0.1490269122133669,0.1490269122133669,0.1490269122133669,0.1490269122133669,0.1490269122133669,0.1490269122133669,0.1490269122133669,0.1490269122133669,0.1490269122133669,0.1490269122133669,0.1490269122133669,0.1490269122133669,0.1490269122133669,0.1490269122133669,0.1490269122133669,0.1490269122133669,0.1490269122133669,0.1490269122133669,0.1490269122133669,0.1490269122133669,0.1490269122133669,0.1490269122133669,0.1490269122133669,0.1490269122133669,0.1490269122133669,0.1490269122133669,0.1490269122133669,0.1490269122133669,0.1490269122133669,0.1490269122133669,0.1490269122133669,0.1490269122133669,0.1490269122133669,0.1490269122133669,0.1490269122133669,0.1490269122133669,0.1490269122133669,0.1490269122133669,0.1490269122133669,0.1490269122133669,0.1490269122133669,0.1490269122133669,0.1490269122133669,0.1490269122133669,0.1490269122133669,0.1490269122133669,0.1490269122133669,0.1490269122133669,0.1490269122133669,0.1490269122133669,0.1490269122133669,0.1490269122133669,0.1490269122133669,0.1490269122133669,0.1490269122133669,0.1490269122133669,0.1490269122133669,0.1490269122133669,0.1490269122133669,0.1490269122133669,0.1490269122133669,0.1490269122133669,0.1490269122133669,0.1490269122133669,0.1490269122133669,0.1490269122133669,0.1490269122133669,0.1490269122133669,0.1490269122133669,0.1490269122133669,0.1490269122133669,0.1490269122133669,0.1490269122133669,0.1490269122133669,0.1490269122133669,0.1490269122133669,0.1490269122133669,0.1490269122133669,0.1490269122133669,0.1490269122133669,0.1490269122133669,0.1490269122133669,0.1490269122133669,0.1490269122133669,0.1490269122133669,0.1490269122133669,0.1490269122133669,0.1490269122133669,0.1490269122133669,0.1490269122133669,0.1490269122133669,0.1490269122133669,0.1490269122133669,0.1490269122133669,0.1490269122133669,0.1490269122133669,0.1490269122133669,0.1490269122133669,0.1490269122133669,0.1490269122133669,0.1490269122133669,0.1490269122133669,0.1490269122133669,0.1490269122133669,0.1490269122133669,0.1490269122133669,0.1490269122133669,0.1490269122133669,0.1490269122133669,0.1490269122133669,0.1490269122133669,0.1490269122133669,0.1490269122133669,0.1490269122133669,0.1490269122133669,0.1490269122133669,0.1490269122133669,0.1490269122133669,0.1490269122133669,0.1490269122133669,0.1490269122133669,0.1490269122133669,0.1490269122133669,0.1490269122133669,0.1490269122133669,0.1490269122133669,0.1490269122133669,0.1490269122133669,0.1490269122133669,0.1490269122133669,0.1490269122133669,0.1490269122133669,0.1490269122133669,0.1490269122133669,0.1490269122133669,0.1490269122133669,0.1490269122133669,0.1490269122133669,0.1490269122133669,0.1490269122133669,0.1490269122133669,0.1490269122133669,0.1490269122133669,0.1490269122133669,0.1490269122133669,0.1490269122133669,0.1490269122133669,0.1490269122133669,0.1490269122133669,0.1490269122133669,0.1490269122133669,0.1490269122133669,0.1490269122133669,0.1490269122133669,0.1490269122133669,0.1490269122133669,0.1490269122133669,0.1490269122133669,0.1490269122133669,0.1490269122133669,0.1490269122133669,0.1490269122133669,0.1490269122133669,0.1490269122133669,0.1490269122133669,0.1490269122133669,0.1490269122133669,0.1490269122133669,0.1490269122133669,0.1490269122133669,0.1490269122133669,0.1490269122133669,0.1490269122133669,0.1490269122133669,0.1490269122133669,0.1490269122133669,0.1490269122133669,0.1490269122133669,0.1490269122133669,0.1490269122133669,0.1490269122133669,0.1490269122133669,0.1490269122133669,0.1490269122133669,0.1490269122133669,0.1490269122133669,0.1490269122133669,0.1490269122133669,0.1490269122133669,0.1490269122133669,0.1490269122133669,0.1490269122133669,0.1490269122133669,0.1490269122133669,0.1490269122133669,0.1490269122133669,0.1490269122133669,0.1490269122133669,0.1490269122133669,0.1490269122133669,0.1490269122133669,0.1490269122133669,0.1490269122133669,0.1490269122133669,0.1490269122133669,0.1490269122133669,0.1490269122133669,0.1490269122133669,0.1490269122133669,0.1490269122133669,0.1490269122133669,0.1490269122133669,0.1490269122133669,0.1490269122133669,0.1490269122133669,0.1490269122133669,0.1490269122133669,0.1490269122133669,0.1490269122133669,0.1490269122133669,0.1490269122133669,0.1490269122133669,0.1490269122133669,0.1490269122133669,0.1490269122133669,0.1490269122133669,0.1490269122133669,0.1490269122133669,0.1490269122133669,0.1490269122133669,0.1490269122133669,0.1490269122133669,0.1490269122133669,0.1490269122133669,0.1490269122133669,0.1490269122133669,0.1490269122133669,0.1490269122133669,0.1490269122133669,0.1490269122133669,0.1490269122133669,0.1490269122133669,0.1490269122133669,0.1490269122133669,0.1490269122133669,0.1490269122133669,0.1490269122133669,0.1490269122133669,0.1490269122133669,0.1490269122133669,0.1490269122133669,0.1490269122133669,0.1490269122133669,0.1490269122133669,0.1490269122133669,0.1490269122133669,0.1490269122133669,0.1490269122133669,0.1490269122133669,0.1490269122133669,0.1490269122133669,0.1490269122133669,0.1490269122133669,0.1490269122133669,0.1490269122133669,0.1490269122133669,0.1490269122133669,0.1490269122133669,0.1490269122133669,0.1490269122133669,0.1490269122133669,0.1490269122133669,0.1490269122133669,0.1490269122133669,0.1490269122133669,0.1490269122133669,0.1490269122133669,0.1490269122133669,0.1490269122133669,0.1490269122133669,0.1490269122133669,0.1490269122133669,0.1490269122133669,0.1490269122133669,0.1490269122133669,0.1490269122133669,0.1490269122133669,0.1490269122133669,0.1490269122133669,0.1490269122133669,0.1490269122133669,0.1490269122133669,0.1490269122133669,0.1490269122133669,0.1490269122133669,0.1490269122133669,0.1490269122133669,0.1490269122133669,0.1490269122133669,0.1490269122133669,0.1490269122133669,0.1490269122133669,0.1490269122133669,0.1490269122133669,0.1490269122133669,0.1490269122133669,0.1490269122133669,0.1490269122133669,0.1490269122133669,0.1490269122133669,0.1490269122133669,0.1490269122133669,0.1490269122133669,0.1490269122133669,0.1490269122133669,0.1490269122133669,0.1490269122133669,0.1490269122133669,0.1490269122133669,0.1490269122133669,0.1490269122133669,0.1490269122133669,0.1490269122133669,0.1490269122133669,0.1490269122133669,0.1490269122133669,0.1490269122133669,0.1490269122133669,0.1490269122133669,0.1490269122133669,0.1490269122133669,0.1490269122133669,0.1490269122133669,0.1490269122133669,0.1490269122133669,0.1490269122133669,0.1490269122133669,0.1490269122133669,0.1490269122133669,0.1490269122133669,0.1490269122133669,0.1490269122133669,0.1490269122133669,0.1490269122133669,0.1490269122133669,0.1490269122133669,0.1490269122133669,0.1490269122133669,0.1490269122133669,0.1490269122133669,0.1490269122133669,0.1490269122133669,0.1490269122133669,0.1490269122133669,0.1490269122133669,0.1490269122133669,0.1490269122133669,0.1490269122133669,0.1490269122133669,0.1490269122133669,0.1490269122133669,0.1490269122133669,0.1490269122133669,0.1490269122133669,0.1490269122133669,0.1490269122133669,0.1490269122133669,0.1490269122133669,0.1490269122133669,0.1490269122133669,0.1490269122133669,0.1490269122133669,0.1490269122133669,0.1490269122133669,0.1490269122133669,0.1490269122133669,0.1490269122133669,0.1490269122133669,0.1490269122133669,0.1490269122133669,0.1490269122133669,0.1490269122133669,0.1490269122133669,0.1490269122133669,0.1490269122133669,0.1490269122133669,0.1490269122133669,0.1490269122133669,0.1490269122133669,0.1490269122133669,0.1490269122133669,0.1490269122133669,0.1490269122133669,0.1490269122133669,0.1490269122133669,0.1490269122133669,0.1490269122133669,0.1490269122133669,0.1490269122133669,0.1490269122133669,0.1490269122133669,0.1490269122133669,0.1490269122133669,0.1490269122133669,0.1490269122133669,0.1490269122133669,0.1490269122133669,0.1490269122133669,0.1490269122133669,0.1490269122133669,0.1490269122133669,0.1490269122133669,0.1490269122133669,0.1490269122133669,0.1490269122133669,0.1490269122133669,0.1490269122133669,0.1490269122133669,0.1490269122133669,0.1490269122133669,0.1490269122133669,0.1490269122133669,0.1490269122133669,0.1490269122133669,0.1490269122133669,0.1490269122133669,0.1490269122133669,0.1490269122133669,0.1490269122133669,0.1490269122133669,0.1490269122133669,0.1490269122133669,0.1490269122133669,0.1490269122133669,0.1490269122133669,0.1490269122133669,0.1490269122133669,0.1490269122133669,0.1490269122133669,0.1490269122133669,0.1490269122133669,0.1490269122133669,0.1490269122133669,0.1490269122133669,0.1490269122133669,0.1490269122133669,0.1490269122133669,0.1490269122133669,0.1490269122133669,0.1490269122133669,0.1490269122133669,0.1490269122133669,0.1490269122133669,0.1490269122133669,0.1490269122133669,0.1490269122133669,0.1490269122133669,0.1490269122133669,0.1490269122133669,0.1490269122133669,0.1490269122133669,0.1490269122133669,0.1490269122133669,0.1490269122133669,0.1490269122133669,0.1490269122133669,0.1490269122133669,0.1490269122133669,0.1490269122133669,0.1490269122133669,0.1490269122133669,0.1490269122133669,0.1490269122133669,0.1490269122133669,0.1490269122133669,0.1490269122133669,0.1490269122133669,0.1490269122133669,0.1490269122133669,0.1490269122133669,0.1490269122133669,0.1490269122133669,0.1490269122133669,0.1490269122133669,0.1490269122133669,0.1490269122133669,0.1490269122133669,0.1490269122133669,0.1490269122133669,0.1490269122133669,0.1490269122133669,0.1490269122133669,0.1490269122133669,0.1490269122133669,0.1490269122133669,0.1490269122133669,0.1490269122133669,0.1490269122133669,0.1490269122133669,0.1490269122133669,0.1490269122133669,0.1490269122133669,0.1490269122133669,0.1490269122133669,0.1490269122133669,0.1490269122133669,0.1490269122133669,0.1490269122133669,0.1490269122133669,0.1490269122133669,0.1490269122133669,0.1490269122133669,0.1490269122133669,0.1490269122133669,0.1490269122133669,0.1490269122133669,0.1490269122133669,0.1490269122133669,0.1490269122133669,0.1490269122133669,0.1490269122133669,0.1490269122133669,0.1490269122133669,0.1490269122133669,0.1490269122133669,0.1490269122133669,0.1490269122133669,0.1490269122133669,0.1490269122133669,0.1490269122133669,0.1490269122133669,0.1490269122133669,0.1490269122133669,0.1490269122133669,0.1490269122133669,0.1490269122133669,0.1490269122133669,0.1490269122133669,0.1490269122133669,0.1490269122133669,0.1490269122133669,0.1490269122133669,0.1490269122133669,0.1490269122133669,0.1490269122133669,0.1490269122133669,0.1490269122133669,0.1490269122133669,0.1490269122133669,0.1490269122133669,0.1490269122133669,0.1490269122133669,0.1490269122133669,0.1490269122133669,0.1490269122133669,0.1490269122133669,0.1490269122133669,0.1490269122133669,0.1490269122133669,0.1490269122133669,0.1490269122133669,0.1490269122133669,0.1490269122133669,0.1490269122133669,0.1490269122133669,0.1490269122133669,0.1490269122133669,0.1490269122133669,0.1490269122133669,0.1490269122133669,0.1490269122133669,0.1490269122133669,0.1490269122133669,0.1490269122133669,0.1490269122133669,0.1490269122133669,0.1490269122133669,0.1490269122133669,0.1490269122133669,0.1490269122133669,0.1490269122133669,0.1490269122133669,0.1490269122133669,0.1490269122133669,0.1490269122133669,0.1490269122133669,0.1490269122133669,0.1490269122133669,0.1490269122133669,0.1490269122133669,0.1490269122133669,0.1490269122133669,0.1490269122133669,0.1490269122133669,0.1490269122133669,0.1490269122133669,0.1490269122133669,0.1490269122133669,0.1490269122133669,0.1490269122133669,0.1490269122133669,0.1490269122133669,0.1490269122133669,0.1490269122133669,0.1490269122133669,0.1490269122133669,0.1490269122133669,0.1490269122133669,0.1490269122133669,0.1490269122133669,0.1490269122133669,0.1490269122133669,0.1490269122133669,0.1490269122133669,0.1490269122133669,0.1490269122133669,0.1490269122133669,0.1490269122133669,0.1490269122133669,0.1490269122133669,0.1490269122133669,0.1490269122133669,0.1490269122133669,0.1490269122133669,0.1490269122133669
0.161023040044854,0.161023040044854,0.161023040044854,0.161023040044854,0.161023040044854,0.161023040044854,0.161023040044854,0.161023040044854,0.161023040044854,0.161023040044854,0.161023040044854,0.161023040044854,0.161023040044854,0.161023040044854,0.161023040044854,0.161023040044854,0.161023040044854,0.161023040044854,0.161023040044854,0.161023040044854,0.161023040044854,0.161023040044854,0.161023040044854,0.161023040044854,0.161023040044854,0.1595865810960503,0.1595865810960503,0.1595865810960503,0.1595865810960503,0.1595865810960503,0.1595865810960503,0.15958658109605006,0.1595865810960503,0.1595865810960503,0.1595865810960503,0.1595865810960503,0.1595865810960503,0.1595865810960503,0.1595865810960503,0.1595865810960503,0.1595865810960503,0.1595865810960503,0.1595865810960503,0.1595865810960503,0.1595865810960503,0.1595865810960503,0.1595865810960503,0.1595865810960503,0.1595865810960503,0.15958658109605006,0.15823311629196413,0.15823311629196413,0.15823311629196413,0.15823311629196413,0.15823311629196413,0.15823311629196413,0.15823311629196413,0.15823311629196413,0.15823311629196413,0.15823311629196413,0.15823311629196413,0.15823311629196413,0.15823311629196413,0.15823311629196413,0.15823311629196413,0.15823311629196413,0.15823311629196413,0.15823311629196413,0.15823311629196413,0.15823311629196413,0.15823311629196413,0.15823311629196413,0.15823311629196413,0.15823311629196413,0.15823311629196413,0.1569616128164833,0.1569616128164833,0.1569616128164833,0.1569616128164833,0.1569616128164833,0.1569616128164833,0.1569616128164833,0.1569616128164833,0.1569616128164833,0.1569616128164833,0.1569616128164833,0.1569616128164833,0.1569616128164833,0.1569616128164833,0.1569616128164833,0.1569616128164833,0.1569616128164833,0.1569616128164833,0.1569616128164833,0.1569616128164833,0.1569616128164833,0.1569616128164833,0.1569616128164833,0.1569616128164833,0.1569616128164833,0.1557698692211225,0.1557698692211225,0.1557698692211225,0.1557698692211225,0.1557698692211225,0.1557698692211225,0.1557698692211225,0.1557698692211225,0.1557698692211225,0.1557698692211225,0.1557698692211225,0.1557698692211225,0.1557698692211225,0.1557698692211225,0.1557698692211225,0.1557698692211225,0.1557698692211225,0.1557698692211225,0.1557698692211225,0.1557698692211225,0.1557698692211225,0.1557698692211225,0.1557698692211225,0.1557698692211225,0.1557698692211225,0.15465451332837962,0.15465451332837962,0.15465451332837962,0.15465451332837962,0.15465451332837962,0.15465451332837962,0.15465451332837962,0.15465451332837962,0.15465451332837962,0.15465451332837962,0.15465451332837962,0.15465451332837962,0.15465451332837962,0.15465451332837962,0.15465451332837962,0.15465451332837962,0.15465451332837962,0.15465451332837962,0.15465451332837962,0.15465451332837962,0.15465451332837962,0.15465451332837962,0.15465451332837962,0.15465451332837962,0.15465451332837962,0.1536110531940263,0.1536110531940263,0.1536110531940263,0.1536110531940263,0.1536110531940263,0.1536110531940263,0.1536110531940263,0.1536110531940263,0.1536110531940263,0.1536110531940263,0.1536110531940263,0.1536110531940263,0.1536110531940263,0.1536110531940263,0.1536110531940263,0.1536110531940263,0.1536110531940263,0.1536110531940263,0.1536110531940263,0.1536110531940263,0.1536110531940263,0.1536110531940263,0.1536110531940263,0.1536110531940263,0.1536110531940263,0.15263397525077352,0.15263397525077352,0.15263397525077352,0.15263397525077352,0.15263397525077352,0.15263397525077352,0.15263397525077352,0.15263397525077352,0.15263397525077352,0.15263397525077352,0.15263397525077352,0.15263397525077352,0.15263397525077352,0.15263397525077352,0.15263397525077352,0.15263397525077352,0.15263397525077352,0.15263397525077352,0.15263397525077352,0.15263397525077352,0.15263397525077352,0.15263397525077352,0.15263397525077352,0.15263397525077352,0.15263397525077352,0.15171687956288882,0.15171687956288882,0.15171687956288882,0.15171687956288882,0.15171687956288882,0.15171687956288882,0.15171687956288882,0.15171687956288882,0.15171687956288882,0.15171687956288882,0.15171687956288882,0.15171687956288882,0.15171687956288882,0.15171687956288882,0.15171687956288882,0.15171687956288882,0.15171687956288882,0.15171687956288882,0.15171687956288882,0.15171687956288882,0.15171687956288882,0.15171687956288882,0.15171687956288882,0.15171687956288882,0.15171687956288882,0.15085263968983847,0.15085263968983847,0.15085263968983847,0.15085263968983847,0.15085263968983847,0.15085263968983847,0.15085263968983847,0.15085263968983847,0.15085263968983847,0.15085263968983847,0.15085263968983847,0.15085263968983847,0.15085263968983847,0.15085263968983847,0.15085263968983847,0.15085263968983847,0.15085263968983847,0.15085263968983847,0.15085263968983847,0.15085263968983847,0.15085263968983847,0.15085263968983847,0.15085263968983847,0.15085263968983847,0.15085263968983847,0.15003357411442508,0.15003357411442508,0.15003357411442508,0.15003357411442508,0.15003357411442508,0.15003357411442508,0.15003357411442508,0.15003357411442508,0.15003357411442508,0.15003357411442508,0.15003357411442508,0.15003357411442508,0.15003357411442508,0.15003357411442508,0.15003357411442508,0.15003357411442508,0.15003357411442508,0.15003357411442508,0.15003357411442508,0.15003357411442508,0.15003357411442508,0.15003357411442508,0.15003357411442508,0.15003357411442508,0.15003357411442508,0.14925161729797842,0.14925161729797842,0.14925161729797842,0.14925161729797842,0.14925161729797842,0.14925161729797842,0.14925161729797842,0.14925161729797842,0.14925161729797842,0.14925161729797842,0.14925161729797842,0.14925161729797842,0.14925161729797842,0.14925161729797842,0.14925161729797842,0.14925161729797842,0.14925161729797842,0.14925161729797842,0.14925161729797842,0.14925161729797842,0.14925161729797842,0.14925161729797842,0.14925161729797842,0.14925161729797842,0.14925161729797842,0.14849848070700178,0.14849848070700178,0.14849848070700178,0.14849848070700178,0.1484984807070016,0.14849848070700178,0.1484984807070016,0.1484984807070016,0.1484984807070016,0.1484984807070016,0.14849848070700178,0.1484984807070016,0.14849848070700178,0.14849848070700178,0.1484984807070016,0.14849848070700178,0.1484984807070016,0.14849848070700178,0.14849848070700178,0.1484984807070016,0.1484984807070016,0.1484984807070016,0.1484984807070016,0.1484984807070016,0.1484984807070016,0.14776579705626083,0.14776579705626083,0.14776579705626083,0.14776579705626083,0.14776579705626083,0.14776579705626083,0.14776579705626083,0.14776579705626083,0.14776579705626083,0.14776579705626083,0.14776579705626083,0.14776579705626083,0.14776579705626083,0.14776579705626083,0.14776579705626083,0.14776579705626083,0.14776579705626083,0.14776579705626083,0.14776579705626083,0.14776579705626083,0.14776579705626083,0.14776579705626083,0.14776579705626083,0.14776579705626083,0.14776579705626083,0.14704524402576202,0.14704524402576202,0.14704524402576202,0.14704524402576202,0.14704524402576202,0.14704524402576202,0.14704524402576202,0.14704524402576202,0.14704524402576202,0.14704524402576202,0.14704524402576202,0.14704524402576202,0.14704524402576202,0.14704524402576202,0.14704524402576202,0.14704524402576202,0.14704524402576202,0.14704524402576202,0.14704524402576202,0.14704524402576202,0.14704524402576202,0.14704524402576202,0.14704524402576202,0.14704524402576202,0.14704524402576202,0.146328646455265,0.146328646455265,0.146328646455265,0.146328646455265,0.146328646455265,0.146328646455265,0.146328646455265,0.146328646455265,0.146328646455265,0.146328646455265,0.146328646455265,0.146328646455265,0.146328646455265,0.146328646455265,0.146328646455265,0.146328646455265,0.146328646455265,0.146328646455265,0.146328646455265,0.146328646455265,0.146328646455265,0.146328646455265,0.146328646455265,0.146328646455265,0.146328646455265,0.14560805827705436,0.14560805827705436,0.14560805827705436,0.14560805827705436,0.14560805827705436,0.14560805827705436,0.14560805827705436,0.14560805827705436,0.14560805827705436,0.14560805827705436,0.14560805827705436,0.14560805827705436,0.14560805827705436,0.14560805827705436,0.14560805827705436,0.14560805827705436,0.14560805827705436,0.14560805827705436,0.14560805827705436,0.14560805827705436,0.14560805827705436,0.14560805827705436,0.14560805827705436,0.14560805827705436,0.14560805827705436,0.14487582713372849,0.14487582713372849,0.14487582713372849,0.14487582713372849,0.14487582713372849,0.14487582713372849,0.14487582713372849,0.14487582713372849,0.14487582713372849,0.14487582713372849,0.14487582713372849,0.14487582713372849,0.14487582713372849,0.14487582713372849,0.14487582713372849,0.14487582713372849,0.14487582713372849,0.14487582713372849,0.14487582713372849,0.14487582713372849,0.14487582713372849,0.14487582713372849,0.14487582713372849,0.14487582713372849,0.14487582713372849,0.14412464576482586,0.14412464576482586,0.14412464576482586,0.14412464576482586,0.14412464576482573,0.14412464576482586,0.14412464576482586,0.14412464576482586,0.14412464576482586,0.14412464576482586,0.14412464576482586,0.14412464576482586,0.14412464576482586,0.14412464576482586,0.14412464576482586,0.14412464576482586,0.14412464576482586,0.14412464576482586,0.14412464576482586,0.14412464576482586,0.14412464576482573,0.14412464576482586,0.14412464576482586,0.14412464576482586,0.14412464576482586,0.14334759491694304,0.14334759491694304,0.14334759491694304,0.14334759491694304,0.14334759491694304,0.14334759491694304,0.14334759491694304,0.14334759491694304,0.14334759491694304,0.14334759491694304,0.14334759491694304,0.14334759491694304,0.14334759491694304,0.14334759491694304,0.14334759491694304,0.14334759491694304,0.14334759491694304,0.14334759491694304,0.14334759491694304,0.14334759491694304,0.14334759491694304,0.14334759491694304,0.14334759491694304,0.14334759491694304,0.14334759491694304,0.14253818284078149,0.14253818284078132,0.14253818284078132,0.14253818284078132,0.14253818284078132,0.14253818284078132,0.14253818284078132,0.14253818284078132,0.14253818284078132,0.14253818284078132,0.14253818284078132,0.14253818284078132,0.14253818284078132,0.14253818284078132,0.14253818284078132,0.14253818284078132,0.14253818284078132,0.14253818284078132,0.14253818284078132,0.14253818284078149,0.14253818284078132,0.14253818284078132,0.14253818284078132,0.14253818284078149,0.14253818284078149,0.1416903864822448,0.1416903864822448,0.1416903864822448,0.1416903864822448,0.1416903864822448,0.1416903864822448,0.1416903864822448,0.1416903864822448,0.1416903864822448,0.14169038648224463,0.1416903864822448,0.1416903864822448,0.1416903864822448,0.1416903864822448,0.1416903864822448,0.1416903864822448,0.1416903864822448,0.1416903864822448,0.1416903864822448,0.1416903864822448,0.1416903864822448,0.14169038648224463,0.1416903864822448,0.1416903864822448,0.1416903864822448,0.14079869932668423,0.14079869932668423,0.14079869932668423,0.14079869932668423,0.14079869932668407,0.14079869932668423,0.14079869932668423,0.14079869932668423,0.14079869932668423,0.14079869932668423,0.14079869932668423,0.14079869932668423,0.1407986993267092,0.14079869932668423,0.14079869932668423,0.14079869932668423,0.14079869932668423,0.14079869932668423,0.14079869932668423,0.14079869932668423,0.14079869932668407,0.14079869932668423,0.14079869932668423,0.14079869932668423,0.14079869932668423,0.13985819056555138,0.13985819056555124,0.13985819056555138,0.13985819056555138,0.13985819056555124,0.13985819056555124,0.13985819056555138,0.13985819056555124,0.13985819056555124,0.13985819056555124,0.13985819056555138,0.13985819056555124,0.13985819056555138,0.13985819056555138,0.13985819056555138,0.13985819056555138,0.13985819056555124,0.13985819056555138,0.13985819056555138,0.13985819056555138,0.13985819056555124,0.13985819056555124,0.13985819056555138,0.13985819056555138,0.13985819056555138,0.13886457987331188,0.13886457987331188,0.13886457987331188,0.13886457987331188,0.13886457987331188,0.13886457987331188,0.13886457987331188,0.13886457987331188,0.13886457987331188,0.13886457987331172,0.13886457987331188,0.13886457987331188,0.13886457987331188,0.13886457987331188,0.13886457987331188,0.13886457987331188,0.13886457987331188,0.13886457987331188,0.13886457987331188,0.13886457987331188,0.13886457987331188,0.13886457987331172,0.13886457987331188,0.13886457987331188,0.13886457987331188
0.1639656060606666,0.1639656060606666,0.1639656060606666,0.1639656060606666,0.1639656060606666,0.1639656060606666,0.1639656060606666,0.1639656060606666,0.1639656060606666,0.1639656060606666,0.1639656060606666,0.1639656060606666,0.1639656060606666,0.1639656060606666,0.1639656060606666,0.1639656060606666,0.1639656060606666,0.1639656060606666,0.1639656060606666,0.1639656060606666,0.1639656060606666,0.1639656060606666,0.1639656060606666,0.1639656060606666,0.1639656060606666,0.16243270630582643,0.16243270630582643,0.16243270630582643,0.16243270630582643,0.16243270630582643,0.16243270630582643,0.16243270630582643,0.16243270630582643,0.16243270630582643,0.16243270630582643,0.16243270630582643,0.16243270630582643,0.16243270630582643,0.16243270630582643,0.16243270630582643,0.16243270630582643,0.16243270630582643,0.16243270630582643,0.16243270630582643,0.16243270630582643,0.16243270630582643,0.16243270630582643,0.16243270630582643,0.16243270630582643,0.16243270630582643,0.16094586418422815,0.16094586418422815,0.16094586418422815,0.16094586418422815,0.16094586418422815,0.16094586418422815,0.16094586418422815,0.16094586418422815,0.16094586418422815,0.16094586418422815,0.16094586418422815,0.16094586418422815,0.16094586418422815,0.16094586418422815,0.16094586418422815,0.16094586418422815,0.16094586418422815,0.16094586418422815,0.16094586418422815,0.16094586418422815,0.16094586418422815,0.16094586418422815,0.16094586418422815,0.16094586418422815,0.16094586418422815,0.15950459602285014,0.15950459602285014,0.15950459602285014,0.15950459602285014,0.15950459602285014,0.15950459602285014,0.15950459602285014,0.15950459602285014,0.15950459602285014,0.15950459602285014,0.15950459602285014,0.15950459602285014,0.15950459602285014,0.15950459602285014,0.15950459602285014,0.15950459602285014,0.15950459602285014,0.15950459602285014,0.15950459602285014,0.15950459602285014,0.15950459602285014,0.15950459602285014,0.15950459602285014,0.15950459602285014,0.15950459602285014,0.15810817498732213,0.15810817498732213,0.15810817498732213,0.15810817498732213,0.15810817498732213,0.15810817498732213,0.15810817498732213,0.15810817498732213,0.15810817498732213,0.15810817498732213,0.15810817498732213,0.15810817498732213,0.15810817498732213,0.15810817498732213,0.15810817498732213,0.15810817498732213,0.15810817498732213,0.15810817498732213,0.15810817498732213,0.15810817498732213,0.15810817498732213,0.15810817498732213,0.15810817498732213,0.15810817498732213,0.15810817498732213,0.15675561138008395,0.15675561138008395,0.15675561138008395,0.15675561138008395,0.15675561138008395,0.15675561138008395,0.15675561138008395,0.15675561138008395,0.15675561138008395,0.15675561138008395,0.15675561138008395,0.15675561138008395,0.15675561138008395,0.15675561138008395,0.15675561138008395,0.15675561138008395,0.15675561138008395,0.15675561138008395,0.15675561138008395,0.15675561138008395,0.15675561138008395,0.15675561138008395,0.15675561138008395,0.15675561138008395,0.15675561138008395,0.15544563808208992,0.15544563808208992,0.15544563808208992,0.15544563808208992,0.15544563808208992,0.15544563808208992,0.15544563808208992,0.15544563808208992,0.15544563808208992,0.15544563808208992,0.15544563808208992,0.15544563808208992,0.15544563808208992,0.15544563808208992,0.15544563808208992,0.15544563808208992,0.15544563808208992,0.15544563808208992,0.15544563808208992,0.15544563808208992,0.15544563808208992,0.15544563808208992,0.15544563808208992,0.15544563808208992,0.15544563808208992,0.15417670215039686,0.15417670215039686,0.15417670215039686,0.15417670215039686,0.15417670215039686,0.15417670215039686,0.15417670215039686,0.15417670215039686,0.15417670215039686,0.15417670215039686,0.15417670215039686,0.15417670215039686,0.15417670215039686,0.15417670215039686,0.15417670215039686,0.15417670215039686,0.15417670215039686,0.15417670215039686,0.15417670215039686,0.15417670215039686,0.15417670215039686,0.15417670215039686,0.15417670215039686,0.15417670215039686,0.15417670215039686,0.15294696334146232,0.15294696334146232,0.15294696334146232,0.15294696334146232,0.15294696334146232,0.15294696334146232,0.15294696334146232,0.15294696334146232,0.15294696334146232,0.15294696334146232,0.15294696334146232,0.15294696334146232,0.15294696334146232,0.15294696334146232,0.15294696334146232,0.15294696334146232,0.15294696334146232,0.15294696334146232,0.15294696334146232,0.15294696334146232,0.15294696334146232,0.15294696334146232,0.15294696334146232,0.15294696334146232,0.15294696334146232,0.1517543000276464,0.1517543000276464,0.1517543000276464,0.1517543000276464,0.1517543000276464,0.1517543000276464,0.1517543000276464,0.1517543000276464,0.1517543000276464,0.1517543000276464,0.1517543000276464,0.1517543000276464,0.1517543000276464,0.1517543000276464,0.1517543000276464,0.1517543000276464,0.1517543000276464,0.1517543000276464,0.1517543000276464,0.1517543000276464,0.1517543000276464,0.1517543000276464,0.1517543000276464,0.1517543000276464,0.1517543000276464,0.1505963226374756,0.1505963226374756,0.1505963226374756,0.1505963226374756,0.1505963226374756,0.1505963226374756,0.1505963226374756,0.1505963226374756,0.1505963226374756,0.1505963226374756,0.1505963226374756,0.1505963226374756,0.1505963226374756,0.1505963226374756,0.1505963226374756,0.1505963226374756,0.1505963226374756,0.1505963226374756,0.1505963226374756,0.1505963226374756,0.1505963226374756,0.1505963226374756,0.1505963226374756,0.1505963226374756,0.1505963226374756,0.14947039440915932,0.14947039440915932,0.14947039440915932,0.14947039440915932,0.14947039440915932,0.14947039440915932,0.14947039440915932,0.14947039440915932,0.14947039440915932,0.14947039440915932,0.14947039440915932,0.14947039440915932,0.14947039440915932,0.14947039440915932,0.14947039440915932,0.14947039440915932,0.14947039440915932,0.14947039440915932,0.14947039440915932,0.14947039440915932,0.14947039440915932,0.14947039440915932,0.14947039440915932,0.14947039440915932,0.14947039440915932,0.1483736589333734,0.1483736589333734,0.1483736589333734,0.1483736589333734,0.1483736589333734,0.1483736589333734,0.1483736589333734,0.1483736589333734,0.1483736589333734,0.1483736589333734,0.1483736589333734,0.1483736589333734,0.1483736589333734,0.1483736589333734,0.1483736589333734,0.1483736589333734,0.1483736589333734,0.1483736589333734,0.1483736589333734,0.1483736589333734,0.1483736589333734,0.1483736589333734,0.1483736589333734,0.1483736589333734,0.1483736589333734,0.14730307370440573,0.14730307370440573,0.14730307370440573,0.14730307370440573,0.14730307370440573,0.14730307370440573,0.14730307370440573,0.14730307370440573,0.14730307370440573,0.14730307370440573,0.14730307370440573,0.14730307370440573,0.14730307370440573,0.14730307370440573,0.14730307370440573,0.14730307370440573,0.14730307370440573,0.14730307370440573,0.14730307370440573,0.14730307370440573,0.14730307370440573,0.14730307370440573,0.14730307370440573,0.14730307370440573,0.14730307370440573,0.14625544872107019,0.14625544872107019,0.14625544872107019,0.14625544872107019,0.14625544872107019,0.14625544872107019,0.14625544872107019,0.14625544872107019,0.14625544872107019,0.14625544872107019,0.14625544872107019,0.14625544872107019,0.14625544872107019,0.14625544872107019,0.14625544872107019,0.14625544872107019,0.14625544872107019,0.14625544872107019,0.14625544872107019,0.14625544872107019,0.14625544872107019,0.14625544872107019,0.14625544872107019,0.14625544872107019,0.14625544872107019,0.14522748909417518,0.14522748909417518,0.14522748909417518,0.14522748909417518,0.14522748909417518,0.14522748909417518,0.14522748909417518,0.14522748909417518,0.14522748909417518,0.14522748909417518,0.14522748909417518,0.14522748909417518,0.14522748909417518,0.14522748909417518,0.14522748909417518,0.14522748909417518,0.14522748909417518,0.14522748909417518,0.14522748909417518,0.14522748909417518,0.14522748909417518,0.14522748909417518,0.14522748909417518,0.14522748909417518,0.14522748909417518,0.14421584062992351,0.14421584062992351,0.14421584062992351,0.14421584062992351,0.14421584062992351,0.14421584062992351,0.14421584062992351,0.14421584062992351,0.14421584062992351,0.14421584062992351,0.14421584062992351,0.14421584062992351,0.14421584062992351,0.14421584062992351,0.14421584062992351,0.14421584062992351,0.14421584062992351,0.14421584062992351,0.14421584062992351,0.14421584062992351,0.14421584062992351,0.14421584062992351,0.14421584062992351,0.14421584062992351,0.14421584062992351,0.14321713746320058,0.14321713746320058,0.14321713746320058,0.14321713746320058,0.14321713746320058,0.14321713746320058,0.14321713746320058,0.14321713746320058,0.14321713746320058,0.14321713746320058,0.14321713746320058,0.14321713746320058,0.14321713746320058,0.14321713746320058,0.14321713746320058,0.14321713746320058,0.14321713746320058,0.14321713746320058,0.14321713746320058,0.14321713746320058,0.14321713746320058,0.14321713746320058,0.14321713746320058,0.14321713746320058,0.14321713746320058,0.1422280509984368,0.1422280509984368,0.1422280509984368,0.1422280509984368,0.1422280509984368,0.1422280509984368,0.1422280509984368,0.1422280509984368,0.1422280509984368,0.1422280509984368,0.1422280509984368,0.1422280509984368,0.1422280509984368,0.1422280509984368,0.1422280509984368,0.1422280509984368,0.1422280509984368,0.1422280509984368,0.1422280509984368,0.1422280509984368,0.1422280509984368,0.1422280509984368,0.1422280509984368,0.1422280509984368,0.1422280509984368,0.14124533966031658,0.14124533966031658,0.14124533966031658,0.14124533966031658,0.14124533966031658,0.14124533966031658,0.14124533966031658,0.14124533966031658,0.14124533966031658,0.14124533966031658,0.14124533966031658,0.14124533966031658,0.14124533966031658,0.14124533966031658,0.14124533966031658,0.14124533966031658,0.14124533966031658,0.14124533966031658,0.14124533966031658,0.14124533966031658,0.14124533966031658,0.14124533966031658,0.14124533966031658,0.14124533966031658,0.14124533966031658,0.14026589924066427,0.14026589924066427,0.14026589924066427,0.14026589924066427,0.14026589924066427,0.14026589924066427,0.14026589924066427,0.14026589924066427,0.14026589924066427,0.14026589924066427,0.14026589924066427,0.14026589924066427,0.14026589924066427,0.14026589924066427,0.14026589924066427,0.14026589924066427,0.14026589924066427,0.14026589924066427,0.14026589924066427,0.14026589924066427,0.14026589924066427,0.14026589924066427,0.14026589924066427,0.14026589924066427,0.14026589924066427,0.13928681392866632,0.13928681392866632,0.13928681392866632,0.13928681392866632,0.13928681392866632,0.13928681392866632,0.13928681392866632,0.13928681392866632,0.13928681392866632,0.13928681392866632,0.13928681392866632,0.13928681392866632,0.13928681392866632,0.13928681392866632,0.13928681392866632,0.13928681392866632,0.13928681392866632,0.13928681392866632,0.13928681392866632,0.13928681392866632,0.13928681392866632,0.13928681392866632,0.13928681392866632,0.13928681392866632,0.13928681392866632,0.13830540840599223,0.13830540840599223,0.13830540840599223,0.13830540840599223,0.13830540840599223,0.13830540840599223,0.13830540840599223,0.13830540840599223,0.13830540840599223,0.13830540840599223,0.13830540840599223,0.13830540840599223,0.138305408405984,0.13830540840599223,0.13830540840599223,0.13830540840599223,0.13830540840599223,0.13830540840599223,0.13830540840599223,0.13830540840599223,0.13830540840599223,0.13830540840599223,0.13830540840599223,0.13830540840599223,0.13830540840599223,0.1373193016522404,0.1373193016522404,0.1373193016522404,0.1373193016522404,0.1373193016522404,0.1373193016522404,0.1373193016522404,0.1373193016522404,0.1373193016522404,0.1373193016522404,0.1373193016522404,0.1373193016522404,0.1373193016522404,0.1373193016522404,0.1373193016522404,0.1373193016522404,0.1373193016522404,0.1373193016522404,0.1373193016522404,0.1373193016522404,0.1373193016522404,0.1373193016522404,0.1373193016522404,0.1373193016522404,0.1373193016522404,0.1363264633125313,0.1363264633125313,0.1363264633125313,0.1363264633125313,0.1363264633125313,0.1363264633125313,0.1363264633125313,0.1363264633125313,0.1363264633125313,0.1363264633125313,0.1363264633125313,0.1363264633125313,0.1363264633125313,0.1363264633125313,0.1363264633125313,0.1363264633125313,0.1363264633125313,0.1363264633125313,0.1363264633125313,0.1363264633125313,0.1363264633125313,0.1363264633125313,0.1363264633125313,0.1363264633125313,0.1363264633125313
0.16488587792366644,0.16488587792366644,0.16488587792366644,0.16488587792366644,0.16488587792366644,0.16488587792366644,0.16488587792366644,0.16488587792366644,0.16488587792366644,0.16488587792366644,0.16488587792366644,0.16488587792366644,0.16488587792366644,0.16488587792366644,0.16488587792366644,0.16488587792366644,0.16488587792366644,0.16488587792366644,0.16488587792366644,0.16488587792366644,0.16488587792366644,0.16488587792366644,0.16488587792366644,0.16488587792366644,0.16488587792366644,0.16332443399092472,0.16332443399092472,0.16332443399092472,0.16332443399092472,0.16332443399092472,0.16332443399092472,0.16332443399092472,0.16332443399092472,0.16332443399092472,0.16332443399092472,0.16332443399092472,0.16332443399092472,0.16332443399092472,0.16332443399092472,0.16332443399092472,0.16332443399092472,0.16332443399092472,0.16332443399092472,0.16332443399092472,0.16332443399092472,0.16332443399092472,0.16332443399092472,0.16332443399092472,0.16332443399092472,0.16332443399092472,0.16179897726404244,0.16179897726404244,0.16179897726404244,0.16179897726404244,0.16179897726404244,0.16179897726404244,0.16179897726404244,0.16179897726404244,0.16179897726404244,0.16179897726404244,0.16179897726404244,0.16179897726404244,0.16179897726404244,0.16179897726404244,0.16179897726404244,0.16179897726404244,0.16179897726404244,0.16179897726404244,0.16179897726404244,0.16179897726404244,0.16179897726404244,0.16179897726404244,0.16179897726404244,0.16179897726404244,0.16179897726404244,0.16030897195654084,0.16030897195654084,0.16030897195654084,0.16030897195654084,0.16030897195654084,0.16030897195654084,0.16030897195654084,0.16030897195654084,0.16030897195654084,0.16030897195654084,0.16030897195654084,0.16030897195654084,0.16030897195654084,0.16030897195654084,0.16030897195654084,0.16030897195654084,0.16030897195654084,0.16030897195654084,0.16030897195654084,0.16030897195654084,0.16030897195654084,0.16030897195654084,0.16030897195654084,0.16030897195654084,0.16030897195654084,0.15885381501302265,0.15885381501302265,0.15885381501302265,0.15885381501302265,0.15885381501302265,0.15885381501302265,0.15885381501302265,0.15885381501302265,0.15885381501302265,0.15885381501302265,0.15885381501302265,0.15885381501302265,0.15885381501302265,0.15885381501302265,0.15885381501302265,0.15885381501302265,0.15885381501302265,0.15885381501302265,0.15885381501302265,0.15885381501302265,0.15885381501302265,0.15885381501302265,0.15885381501302265,0.15885381501302265,0.15885381501302265,0.15743283010052667,0.15743283010052667,0.15743283010052667,0.15743283010052667,0.15743283010052667,0.15743283010052667,0.15743283010052667,0.15743283010052667,0.15743283010052667,0.15743283010052667,0.15743283010052667,0.15743283010052667,0.15743283010052667,0.15743283010052667,0.15743283010052667,0.15743283010052667,0.15743283010052667,0.15743283010052667,0.15743283010052667,0.15743283010052667,0.15743283010052667,0.15743283010052667,0.15743283010052667,0.15743283010052667,0.15743283010052667,0.15604526225374532,0.15604526225374532,0.15604526225374532,0.15604526225374532,0.15604526225374532,0.15604526225374532,0.15604526225374532,0.15604526225374532,0.15604526225374532,0.15604526225374532,0.15604526225374532,0.15604526225374532,0.15604526225374532,0.15604526225374532,0.15604526225374532,0.15604526225374532,0.15604526225374532,0.15604526225374532,0.15604526225374532,0.15604526225374532,0.15604526225374532,0.15604526225374532,0.15604526225374532,0.15604526225374532,0.15604526225374532,0.154690273472608,0.154690273472608,0.154690273472608,0.154690273472608,0.154690273472608,0.154690273472608,0.154690273472608,0.154690273472608,0.154690273472608,0.154690273472608,0.154690273472608,0.154690273472608,0.154690273472608,0.154690273472608,0.154690273472608,0.154690273472608,0.154690273472608,0.154690273472608,0.154690273472608,0.154690273472608,0.154690273472608,0.154690273472608,0.154690273472608,0.154690273472608,0.154690273472608,0.15336693957118452,0.15336693957118452,0.15336693957118452,0.15336693957118452,0.15336693957118452,0.15336693957118452,0.15336693957118452,0.15336693957118452,0.15336693957118452,0.15336693957118452,0.15336693957118452,0.15336693957118452,0.15336693957118452,0.15336693957118452,0.15336693957118452,0.15336693957118452,0.15336693957118452,0.15336693957118452,0.15336693957118452,0.15336693957118452,0.15336693957118452,0.15336693957118452,0.15336693957118452,0.15336693957118452,0.15336693957118452,0.152074248566176,0.152074248566176,0.152074248566176,0.152074248566176,0.152074248566176,0.152074248566176,0.152074248566176,0.152074248566176,0.152074248566176,0.152074248566176,0.152074248566176,0.152074248566176,0.152074248566176,0.152074248566176,0.152074248566176,0.152074248566176,0.152074248566176,0.152074248566176,0.152074248566176,0.152074248566176,0.152074248566176,0.152074248566176,0.152074248566176,0.152074248566176,0.152074248566176,0.15081110087113556,0.15081110087113556,0.15081110087113556,0.15081110087113556,0.15081110087113556,0.15081110087113556,0.15081110087113556,0.15081110087113556,0.15081110087113556,0.15081110087113556,0.15081110087113556,0.15081110087113556,0.15081110087113556,0.15081110087113556,0.15081110087113556,0.15081110087113556,0.15081110087113556,0.15081110087113556,0.15081110087113556,0.15081110087113556,0.15081110087113556,0.15081110087113556,0.15081110087113556,0.15081110087113556,0.15081110087113556,0.14957631152953824,0.14957631152953824,0.14957631152953824,0.14957631152953824,0.14957631152953824,0.14957631152953824,0.14957631152953824,0.14957631152953824,0.14957631152953824,0.14957631152953824,0.14957631152953824,0.14957631152953824,0.14957631152953824,0.14957631152953824,0.14957631152953824,0.14957631152953824,0.14957631152953824,0.14957631152953824,0.14957631152953824,0.14957631152953824,0.14957631152953824,0.14957631152953824,0.14957631152953824,0.14957631152953824,0.14957631152953824,0.14836861467722973,0.14836861467722973,0.14836861467722973,0.14836861467722973,0.14836861467722973,0.14836861467722973,0.14836861467722973,0.14836861467722973,0.14836861467722973,0.14836861467722973,0.14836861467722973,0.14836861467722973,0.14836861467722973,0.14836861467722973,0.14836861467722973,0.14836861467722973,0.14836861467722973,0.14836861467722973,0.14836861467722973,0.14836861467722973,0.14836861467722973,0.14836861467722973,0.14836861467722973,0.14836861467722973,0.14836861467722973,0.14718667037473607,0.14718667037473607,0.14718667037473607,0.14718667037473607,0.14718667037473607,0.14718667037473607,0.14718667037473607,0.14718667037473607,0.14718667037473607,0.14718667037473607,0.14718667037473607,0.14718667037473607,0.14718667037473607,0.14718667037473607,0.14718667037473607,0.14718667037473607,0.14718667037473607,0.14718667037473607,0.14718667037473607,0.14718667037473607,0.14718667037473607,0.14718667037473607,0.14718667037473607,0.14718667037473607,0.14718667037473607,0.1460290738951328,0.1460290738951328,0.1460290738951328,0.1460290738951328,0.1460290738951328,0.1460290738951328,0.1460290738951328,0.1460290738951328,0.1460290738951328,0.1460290738951328,0.1460290738951328,0.1460290738951328,0.1460290738951328,0.1460290738951328,0.1460290738951328,0.1460290738951328,0.1460290738951328,0.1460290738951328,0.1460290738951328,0.1460290738951328,0.1460290738951328,0.1460290738951328,0.1460290738951328,0.1460290738951328,0.1460290738951328,0.14489436749663753,0.14489436749663753,0.14489436749663753,0.14489436749663753,0.14489436749663753,0.14489436749663753,0.14489436749663753,0.14489436749663753,0.14489436749663753,0.14489436749663753,0.14489436749663753,0.14489436749663753,0.14489436749663753,0.14489436749663753,0.14489436749663753,0.14489436749663753,0.14489436749663753,0.14489436749663753,0.14489436749663753,0.14489436749663753,0.14489436749663753,0.14489436749663753,0.14489436749663753,0.14489436749663753,0.14489436749663753,0.14378105465385035,0.14378105465385035,0.14378105465385035,0.14378105465385035,0.14378105465385035,0.14378105465385035,0.14378105465385035,0.14378105465385035,0.14378105465385035,0.14378105465385035,0.14378105465385035,0.14378105465385035,0.14378105465385035,0.14378105465385035,0.14378105465385035,0.14378105465385035,0.14378105465385035,0.14378105465385035,0.14378105465385035,0.14378105465385035,0.14378105465385035,0.14378105465385035,0.14378105465385035,0.14378105465385035,0.14378105465385035,0.14268761667021648,0.14268761667021648,0.14268761667021648,0.14268761667021648,0.14268761667021648,0.14268761667021648,0.14268761667021648,0.14268761667021648,0.14268761667021648,0.14268761667021648,0.14268761667021648,0.14268761667021648,0.14268761667021648,0.14268761667021648,0.14268761667021648,0.14268761667021648,0.14268761667021648,0.14268761667021648,0.14268761667021648,0.14268761667021648,0.14268761667021648,0.14268761667021648,0.14268761667021648,0.14268761667021648,0.14268761667021648,0.14161253154868217,0.14161253154868217,0.14161253154868217,0.14161253154868217,0.14161253154868217,0.14161253154868217,0.14161253154868217,0.14161253154868217,0.14161253154868217,0.14161253154868217,0.14161253154868217,0.14161253154868217,0.14161253154868217,0.14161253154868217,0.14161253154868217,0.14161253154868217,0.14161253154868217,0.14161253154868217,0.14161253154868217,0.14161253154868217,0.14161253154868217,0.14161253154868217,0.14161253154868217,0.14161253154868217,0.14161253154868217,0.14055429495838803,0.14055429495838803,0.14055429495838803,0.14055429495838803,0.14055429495838803,0.14055429495838803,0.14055429495838803,0.14055429495838803,0.14055429495838803,0.14055429495838803,0.14055429495838803,0.14055429495838803,0.14055429495838803,0.14055429495838803,0.14055429495838803,0.14055429495838803,0.14055429495838803,0.14055429495838803,0.14055429495838803,0.14055429495838803,0.14055429495838803,0.14055429495838803,0.14055429495838803,0.14055429495838803,0.14055429495838803,0.13951144310189703,0.13951144310189703,0.13951144310189703,0.13951144310189703,0.13951144310189703,0.13951144310189703,0.13951144310189703,0.13951144310189703,0.13951144310189703,0.13951144310189703,0.13951144310189703,0.13951144310189703,0.13951144310189703,0.13951144310189703,0.13951144310189703,0.13951144310189703,0.13951144310189703,0.13951144310189703,0.13951144310189703,0.13951144310189703,0.13951144310189703,0.13951144310189703,0.13951144310189703,0.13951144310189703,0.13951144310189703,0.1384825772575627,0.1384825772575627,0.1384825772575627,0.1384825772575627,0.1384825772575627,0.1384825772575627,0.1384825772575627,0.1384825772575627,0.1384825772575627,0.1384825772575627,0.1384825772575627,0.1384825772575627,0.1384825772575627,0.1384825772575627,0.1384825772575627,0.1384825772575627,0.1384825772575627,0.1384825772575627,0.1384825772575627,0.1384825772575627,0.1384825772575627,0.1384825772575627,0.1384825772575627,0.1384825772575627,0.1384825772575627,0.13746638974112607,0.13746638974112607,0.13746638974112607,0.13746638974112607,0.13746638974112607,0.13746638974112607,0.13746638974112607,0.13746638974112607,0.13746638974112607,0.13746638974112607,0.13746638974112607,0.13746638974112607,0.1374663897411296,0.13746638974112607,0.13746638974112607,0.13746638974112607,0.13746638974112607,0.13746638974112607,0.13746638974112607,0.13746638974112607,0.13746638974112607,0.13746638974112607,0.13746638974112607,0.13746638974112607,0.13746638974112607,0.13646169099365402,0.13646169099365402,0.13646169099365402,0.13646169099365402,0.13646169099365402,0.13646169099365402,0.13646169099365402,0.13646169099365402,0.13646169099365402,0.13646169099365402,0.13646169099365402,0.13646169099365402,0.13646169099365402,0.13646169099365402,0.13646169099365402,0.13646169099365402,0.13646169099365402,0.13646169099365402,0.13646169099365402,0.13646169099365402,0.13646169099365402,0.13646169099365402,0.13646169099365402,0.13646169099365402,0.13646169099365402,0.13546743745198003,0.13546743745198003,0.13546743745198003,0.13546743745198003,0.13546743745198003,0.13546743745198003,0.13546743745198003,0.13546743745198003,0.13546743745198003,0.13546743745198003,0.13546743745198003,0.13546743745198003,0.13546743745198003,0.13546743745198003,0.13546743745198003,0.13546743745198003,0.13546743745198003,0.13546743745198003,0.13546743745198003,0.13546743745198003,0.13546743745198003,0.13546743745198003,0.13546743745198003,0.13546743745198003,0.13546743745198003
0.16518484652673054,0.16518484652673054,0.16518484652673054,0.16518484652673054,0.16518484652673054,0.16518484652673054,0.16518484652673054,0.16518484652673054,0.16518484652673054,0.16518484652673054,0.16518484652673054,0.16518484652673054,0.16518484652673054,0.16518484652673054,0.16518484652673054,0.16518484652673054,0.16518484652673054,0.16518484652673054,0.16518484652673054,0.16518484652673054,0.16518484652673054,0.16518484652673054,0.16518484652673054,0.16518484652673054,0.16518484652673054,0.16361430951666017,0.16361430951666017,0.16361430951666017,0.16361430951666017,0.16361430951666017,0.16361430951666017,0.16361430951666017,0.16361430951666017,0.16361430951666017,0.16361430951666017,0.16361430951666017,0.16361430951666017,0.16361430951666017,0.16361430951666017,0.16361430951666017,0.16361430951666017,0.16361430951666017,0.16361430951666017,0.16361430951666017,0.16361430951666017,0.16361430951666017,0.16361430951666017,0.16361430951666017,0.16361430951666017,0.16361430951666017,0.1620766568796546,0.1620766568796546,0.1620766568796546,0.1620766568796546,0.1620766568796546,0.1620766568796546,0.1620766568796546,0.1620766568796546,0.1620766568796546,0.1620766568796546,0.1620766568796546,0.1620766568796546,0.1620766568796546,0.1620766568796546,0.1620766568796546,0.1620766568796546,0.1620766568796546,0.1620766568796546,0.1620766568796546,0.1620766568796546,0.1620766568796546,0.1620766568796546,0.1620766568796546,0.1620766568796546,0.1620766568796546,0.16057131787473786,0.16057131787473786,0.16057131787473786,0.16057131787473786,0.16057131787473786,0.16057131787473786,0.16057131787473786,0.16057131787473786,0.16057131787473786,0.16057131787473786,0.16057131787473786,0.16057131787473786,0.16057131787473786,0.16057131787473786,0.16057131787473786,0.16057131787473786,0.16057131787473786,0.16057131787473786,0.16057131787473786,0.16057131787473786,0.16057131787473786,0.16057131787473786,0.16057131787473786,0.16057131787473786,0.16057131787473786,0.15909770047655636,0.15909770047655636,0.15909770047655636,0.15909770047655636,0.15909770047655636,0.15909770047655636,0.15909770047655636,0.15909770047655636,0.15909770047655636,0.15909770047655636,0.15909770047655636,0.15909770047655636,0.15909770047655636,0.15909770047655636,0.15909770047655636,0.15909770047655636,0.15909770047655636,0.15909770047655636,0.15909770047655636,0.15909770047655636,0.15909770047655636,0.15909770047655636,0.15909770047655636,0.15909770047655636,0.15909770047655636,0.1576551902790587,0.1576551902790587,0.1576551902790587,0.1576551902790587,0.1576551902790587,0.1576551902790587,0.1576551902790587,0.1576551902790587,0.1576551902790587,0.1576551902790587,0.1576551902790587,0.1576551902790587,0.1576551902790587,0.1576551902790587,0.1576551902790587,0.1576551902790587,0.1576551902790587,0.1576551902790587,0.1576551902790587,0.1576551902790587,0.1576551902790587,0.1576551902790587,0.1576551902790587,0.1576551902790587,0.1576551902790587,0.15624314943301157,0.15624314943301157,0.15624314943301157,0.15624314943301157,0.15624314943301157,0.15624314943301157,0.15624314943301157,0.15624314943301157,0.15624314943301157,0.15624314943301157,0.15624314943301157,0.15624314943301157,0.15624314943301157,0.15624314943301157,0.15624314943301157,0.15624314943301157,0.15624314943301157,0.15624314943301157,0.15624314943301157,0.15624314943301157,0.15624314943301157,0.15624314943301157,0.15624314943301157,0.15624314943301157,0.15624314943301157,0.15486091571309887,0.15486091571309887,0.15486091571309887,0.15486091571309887,0.15486091571309887,0.15486091571309887,0.15486091571309887,0.15486091571309887,0.15486091571309887,0.15486091571309887,0.15486091571309887,0.15486091571309887,0.15486091571309887,0.15486091571309887,0.15486091571309887,0.15486091571309887,0.15486091571309887,0.15486091571309887,0.15486091571309887,0.15486091571309887,0.15486091571309887,0.15486091571309887,0.15486091571309887,0.15486091571309887,0.15486091571309887,0.15350780181614324,0.15350780181614324,0.15350780181614324,0.15350780181614324,0.15350780181614324,0.15350780181614324,0.15350780181614324,0.15350780181614324,0.15350780181614324,0.15350780181614324,0.15350780181614324,0.15350780181614324,0.15350780181614324,0.15350780181614324,0.15350780181614324,0.15350780181614324,0.15350780181614324,0.15350780181614324,0.15350780181614324,0.15350780181614324,0.15350780181614324,0.15350780181614324,0.15350780181614324,0.15350780181614324,0.15350780181614324,0.15218309499583182,0.15218309499583182,0.15218309499583182,0.15218309499583182,0.15218309499583182,0.15218309499583182,0.15218309499583182,0.15218309499583182,0.15218309499583182,0.15218309499583182,0.15218309499583182,0.15218309499583182,0.15218309499583182,0.15218309499583182,0.15218309499583182,0.15218309499583182,0.15218309499583182,0.15218309499583182,0.15218309499583182,0.15218309499583182,0.15218309499583182,0.15218309499583182,0.15218309499583182,0.15218309499583182,0.15218309499583182,0.15088605714072903,0.15088605714072903,0.15088605714072903,0.15088605714072903,0.15088605714072903,0.15088605714072903,0.15088605714072903,0.15088605714072903,0.15088605714072903,0.15088605714072903,0.15088605714072903,0.15088605714072903,0.15088605714072903,0.15088605714072903,0.15088605714072903,0.15088605714072903,0.15088605714072903,0.15088605714072903,0.15088605714072903,0.15088605714072903,0.15088605714072903,0.15088605714072903,0.15088605714072903,0.15088605714072903,0.15088605714072903,0.14961592540094876,0.14961592540094876,0.14961592540094876,0.14961592540094876,0.14961592540094876,0.14961592540094876,0.14961592540094876,0.14961592540094876,0.14961592540094876,0.14961592540094876,0.14961592540094876,0.14961592540094876,0.14961592540094876,0.14961592540094876,0.14961592540094876,0.14961592540094876,0.14961592540094876,0.14961592540094876,0.14961592540094876,0.14961592540094876,0.14961592540094876,0.14961592540094876,0.14961592540094876,0.14961592540094876,0.14961592540094876,0.14837191346429154,0.14837191346429154,0.14837191346429154,0.14837191346429154,0.14837191346429154,0.14837191346429154,0.14837191346429154,0.14837191346429154,0.14837191346429154,0.14837191346429154,0.14837191346429154,0.14837191346429154,0.14837191346429154,0.14837191346429154,0.14837191346429154,0.14837191346429154,0.14837191346429154,0.14837191346429154,0.14837191346429154,0.14837191346429154,0.14837191346429154,0.14837191346429154,0.14837191346429154,0.14837191346429154,0.14837191346429154,0.14715321357466907,0.14715321357466907,0.14715321357466907,0.14715321357466907,0.14715321357466907,0.14715321357466907,0.14715321357466907,0.14715321357466907,0.14715321357466907,0.14715321357466907,0.14715321357466907,0.14715321357466907,0.14715321357466907,0.14715321357466907,0.14715321357466907,0.14715321357466907,0.14715321357466907,0.14715321357466907,0.14715321357466907,0.14715321357466907,0.14715321357466907,0.14715321357466907,0.14715321357466907,0.14715321357466907,0.14715321357466907,0.1459589993741146,0.1459589993741146,0.1459589993741146,0.1459589993741146,0.1459589993741146,0.1459589993741146,0.1459589993741146,0.1459589993741146,0.1459589993741146,0.1459589993741146,0.1459589993741146,0.1459589993741146,0.1459589993741146,0.1459589993741146,0.1459589993741146,0.1459589993741146,0.1459589993741146,0.1459589993741146,0.1459589993741146,0.1459589993741146,0.1459589993741146,0.1459589993741146,0.1459589993741146,0.1459589993741146,0.1459589993741146,0.14478842963455296,0.14478842963455296,0.14478842963455296,0.14478842963455296,0.14478842963455296,0.14478842963455296,0.14478842963455296,0.14478842963455296,0.14478842963455296,0.14478842963455296,0.14478842963455296,0.14478842963455296,0.14478842963455296,0.14478842963455296,0.14478842963455296,0.14478842963455296,0.14478842963455296,0.14478842963455296,0.14478842963455296,0.14478842963455296,0.14478842963455296,0.14478842963455296,0.14478842963455296,0.14478842963455296,0.14478842963455296,0.14364065292681502,0.14364065292681502,0.14364065292681502,0.14364065292681502,0.14364065292681502,0.14364065292681502,0.14364065292681502,0.14364065292681502,0.14364065292681502,0.14364065292681502,0.14364065292681502,0.14364065292681502,0.14364065292681502,0.14364065292681502,0.14364065292681502,0.14364065292681502,0.14364065292681502,0.14364065292681502,0.14364065292681502,0.14364065292681502,0.14364065292681502,0.14364065292681502,0.14364065292681502,0.14364065292681502,0.14364065292681502,0.14251481325226792,0.14251481325226792,0.14251481325226792,0.14251481325226792,0.14251481325226792,0.14251481325226792,0.14251481325226792,0.14251481325226792,0.14251481325226792,0.14251481325226792,0.14251481325226792,0.14251481325226792,0.14251481325226792,0.14251481325226792,0.14251481325226792,0.14251481325226792,0.14251481325226792,0.14251481325226792,0.14251481325226792,0.14251481325226792,0.14251481325226792,0.14251481325226792,0.14251481325226792,0.14251481325226792,0.14251481325226792,0.14141005663701822,0.14141005663701822,0.14141005663701822,0.14141005663701822,0.14141005663701822,0.14141005663701822,0.14141005663701822,0.14141005663701822,0.14141005663701822,0.14141005663701822,0.14141005663701822,0.14141005663701822,0.14141005663701822,0.14141005663701822,0.14141005663701822,0.14141005663701822,0.14141005663701822,0.14141005663701822,0.14141005663701822,0.14141005663701822,0.14141005663701822,0.14141005663701822,0.14141005663701822,0.14141005663701822,0.14141005663701822,0.1403255386601069,0.1403255386601069,0.1403255386601069,0.1403255386601069,0.1403255386601069,0.1403255386601069,0.1403255386601069,0.1403255386601069,0.1403255386601069,0.1403255386601069,0.1403255386601069,0.1403255386601069,0.1403255386601069,0.1403255386601069,0.1403255386601069,0.1403255386601069,0.1403255386601069,0.1403255386601069,0.1403255386601069,0.1403255386601069,0.1403255386601069,0.1403255386601069,0.1403255386601069,0.1403255386601069,0.1403255386601069,0.13926043285555045,0.13926043285555045,0.13926043285555045,0.13926043285555045,0.13926043285555045,0.13926043285555045,0.13926043285555045,0.13926043285555045,0.13926043285555045,0.13926043285555045,0.13926043285555045,0.13926043285555045,0.13926043285555045,0.13926043285555045,0.13926043285555045,0.13926043285555045,0.13926043285555045,0.13926043285555045,0.13926043285555045,0.13926043285555045,0.13926043285555045,0.13926043285555045,0.13926043285555045,0.13926043285555045,0.13926043285555045,0.13821393989354655,0.13821393989354655,0.13821393989354655,0.13821393989354655,0.13821393989354655,0.13821393989354655,0.13821393989354655,0.13821393989354655,0.13821393989354655,0.13821393989354655,0.13821393989354655,0.13821393989354655,0.13821393989354655,0.13821393989354655,0.13821393989354655,0.13821393989354655,0.13821393989354655,0.13821393989354655,0.13821393989354655,0.13821393989354655,0.13821393989354655,0.13821393989354655,0.13821393989354655,0.13821393989354655,0.13821393989354655,0.13718529740858118,0.13718529740858118,0.13718529740858118,0.13718529740858118,0.13718529740858118,0.13718529740858118,0.13718529740858118,0.13718529740858118,0.13718529740858118,0.13718529740858118,0.13718529740858118,0.13718529740858118,0.13718529740858543,0.13718529740858118,0.13718529740858118,0.13718529740858118,0.13718529740858118,0.13718529740858118,0.13718529740858118,0.13718529740858118,0.13718529740858118,0.13718529740858118,0.13718529740858118,0.13718529740858118,0.13718529740858118,0.13617379030144358,0.13617379030144358,0.13617379030144358,0.13617379030144358,0.13617379030144358,0.13617379030144358,0.13617379030144358,0.13617379030144358,0.13617379030144358,0.13617379030144358,0.13617379030144358,0.13617379030144358,0.13617379030144358,0.13617379030144358,0.13617379030144358,0.13617379030144358,0.13617379030144358,0.13617379030144358,0.13617379030144358,0.13617379030144358,0.13617379030144358,0.13617379030144358,0.13617379030144358,0.13617379030144358,0.13617379030144358,0.13517876129808554,0.13517876129808554,0.13517876129808554,0.13517876129808554,0.13517876129808554,0.13517876129808554,0.13517876129808554,0.13517876129808554,0.13517876129808554,0.13517876129808554,0.13517876129808554,0.13517876129808554,0.13517876129808554,0.13517876129808554,0.13517876129808554,0.13517876129808554,0.13517876129808554,0.13517876129808554,0.13517876129808554,0.13517876129808554,0.13517876129808554,0.13517876129808554,0.13517876129808554,0.13517876129808554,0.13517876129808554
0.1652834802797146,0.1652834802797146,0.1652834802797146,0.1652834802797146,0.1652834802797146,0.1652834802797146,0.1652834802797146,0.1652834802797146,0.1652834802797146,0.1652834802797146,0.1652834802797146,0.1652834802797146,0.1652834802797146,0.1652834802797146,0.1652834802797146,0.1652834802797146,0.1652834802797146,0.1652834802797146,0.1652834802797146,0.1652834802797146,0.1652834802797146,0.1652834802797146,0.1652834802797146,0.1652834802797146,0.1652834802797146,0.1637099634053932,0.1637099634053932,0.1637099634053932,0.1637099634053932,0.1637099634053932,0.1637099634053932,0.1637099634053932,0.1637099634053932,0.1637099634053932,0.1637099634053932,0.1637099634053932,0.1637099634053932,0.1637099634053932,0.1637099634053932,0.1637099634053932,0.1637099634053932,0.1637099634053932,0.1637099634053932,0.1637099634053932,0.1637099634053932,0.1637099634053932,0.1637099634053932,0.1637099634053932,0.1637099634053932,0.1637099634053932,0.16216832615326365,0.16216832615326365,0.16216832615326365,0.16216832615326365,0.16216832615326365,0.16216832615326365,0.16216832615326365,0.16216832615326365,0.16216832615326365,0.16216832615326365,0.16216832615326365,0.16216832615326365,0.16216832615326365,0.16216832615326365,0.16216832615326365,0.16216832615326365,0.16216832615326365,0.16216832615326365,0.16216832615326365,0.16216832615326365,0.16216832615326365,0.16216832615326365,0.16216832615326365,0.16216832615326365,0.16216832615326365,0.1606579844372116,0.1606579844372116,0.1606579844372116,0.1606579844372116,0.1606579844372116,0.1606579844372116,0.1606579844372116,0.1606579844372116,0.1606579844372116,0.1606579844372116,0.1606579844372116,0.1606579844372116,0.1606579844372116,0.1606579844372116,0.1606579844372116,0.1606579844372116,0.1606579844372116,0.1606579844372116,0.1606579844372116,0.1606579844372116,0.1606579844372116,0.1606579844372116,0.1606579844372116,0.1606579844372116,0.1606579844372116,0.15917834686377522,0.15917834686377522,0.15917834686377522,0.15917834686377522,0.15917834686377522,0.15917834686377522,0.15917834686377522,0.15917834686377522,0.15917834686377522,0.15917834686377522,0.15917834686377522,0.15917834686377522,0.15917834686377522,0.15917834686377522,0.15917834686377522,0.15917834686377522,0.15917834686377522,0.15917834686377522,0.15917834686377522,0.15917834686377522,0.15917834686377522,0.15917834686377522,0.15917834686377522,0.15917834686377522,0.15917834686377522,0.15772881527098434,0.15772881527098434,0.15772881527098434,0.15772881527098434,0.15772881527098434,0.15772881527098434,0.15772881527098434,0.15772881527098434,0.15772881527098434,0.15772881527098434,0.15772881527098434,0.15772881527098434,0.15772881527098434,0.15772881527098434,0.15772881527098434,0.15772881527098434,0.15772881527098434,0.15772881527098434,0.15772881527098434,0.15772881527098434,0.15772881527098434,0.15772881527098434,0.15772881527098434,0.15772881527098434,0.15772881527098434,0.15630878517709068,0.15630878517709068,0.15630878517709068,0.15630878517709068,0.15630878517709068,0.15630878517709068,0.15630878517709068,0.15630878517709068,0.15630878517709068,0.15630878517709068,0.15630878517709068,0.15630878517709068,0.15630878517709068,0.15630878517709068,0.15630878517709068,0.15630878517709068,0.15630878517709068,0.15630878517709068,0.15630878517709068,0.15630878517709068,0.15630878517709068,0.15630878517709068,0.15630878517709068,0.15630878517709068,0.15630878517709068,0.15491764617656642,0.15491764617656642,0.15491764617656642,0.15491764617656642,0.15491764617656642,0.15491764617656642,0.15491764617656642,0.15491764617656642,0.15491764617656642,0.15491764617656642,0.15491764617656642,0.15491764617656642,0.15491764617656642,0.15491764617656642,0.15491764617656642,0.15491764617656642,0.15491764617656642,0.15491764617656642,0.15491764617656642,0.15491764617656642,0.15491764617656642,0.15491764617656642,0.15491764617656642,0.15491764617656642,0.15491764617656642,0.15355478232290523,0.15355478232290523,0.15355478232290523,0.15355478232290523,0.15355478232290523,0.15355478232290523,0.15355478232290523,0.15355478232290523,0.15355478232290523,0.15355478232290523,0.15355478232290523,0.15355478232290523,0.15355478232290523,0.15355478232290523,0.15355478232290523,0.15355478232290523,0.15355478232290523,0.15355478232290523,0.15355478232290523,0.15355478232290523,0.15355478232290523,0.15355478232290523,0.15355478232290523,0.15355478232290523,0.15355478232290523,0.15221957253939114,0.15221957253939114,0.15221957253939114,0.15221957253939114,0.15221957253939114,0.15221957253939114,0.15221957253939114,0.15221957253939114,0.15221957253939114,0.15221957253939114,0.15221957253939114,0.15221957253939114,0.15221957253939114,0.15221957253939114,0.15221957253939114,0.15221957253939114,0.15221957253939114,0.15221957253939114,0.15221957253939114,0.15221957253939114,0.15221957253939114,0.15221957253939114,0.15221957253939114,0.15221957253939114,0.15221957253939114,0.1509113911000706,0.1509113911000706,0.1509113911000706,0.1509113911000706,0.1509113911000706,0.1509113911000706,0.1509113911000706,0.1509113911000706,0.1509113911000706,0.1509113911000706,0.1509113911000706,0.1509113911000706,0.1509113911000706,0.1509113911000706,0.1509113911000706,0.1509113911000706,0.1509113911000706,0.1509113911000706,0.1509113911000706,0.1509113911000706,0.1509113911000706,0.1509113911000706,0.1509113911000706,0.1509113911000706,0.1509113911000706,0.14962960822341762,0.14962960822341762,0.14962960822341762,0.14962960822341762,0.14962960822341762,0.14962960822341762,0.14962960822341762,0.14962960822341762,0.14962960822341762,0.14962960822341762,0.14962960822341762,0.14962960822341762,0.14962960822341762,0.14962960822341762,0.14962960822341762,0.14962960822341762,0.14962960822341762,0.14962960822341762,0.14962960822341762,0.14962960822341762,0.14962960822341762,0.14962960822341762,0.14962960822341762,0.14962960822341762,0.14962960822341762,0.14837359082048088,0.14837359082048104,0.14837359082048104,0.14837359082048104,0.14837359082048104,0.14837359082048104,0.14837359082048104,0.14837359082048088,0.14837359082048104,0.14837359082048088,0.14837359082048104,0.14837359082048088,0.14837359082048088,0.14837359082048104,0.14837359082048104,0.14837359082048104,0.14837359082048104,0.14837359082048104,0.14837359082048104,0.14837359082048104,0.14837359082048104,0.14837359082048088,0.14837359082048104,0.14837359082048104,0.14837359082048104,0.14714270343746144,0.14714270343746144,0.14714270343746144,0.14714270343746144,0.14714270343746144,0.14714270343746144,0.14714270343746144,0.14714270343746144,0.14714270343746144,0.14714270343746144,0.14714270343746144,0.14714270343746144,0.14714270343746144,0.14714270343746144,0.14714270343746144,0.14714270343746144,0.14714270343746144,0.14714270343746144,0.14714270343746144,0.14714270343746144,0.14714270343746144,0.14714270343746144,0.14714270343746144,0.14714270343746144,0.14714270343746144,0.14593630942951863,0.14593630942951863,0.14593630942951863,0.14593630942951863,0.14593630942951863,0.14593630942951863,0.14593630942951863,0.14593630942951863,0.14593630942951863,0.14593630942951863,0.14593630942951863,0.14593630942951863,0.14593630942951863,0.14593630942951863,0.14593630942951863,0.14593630942951863,0.14593630942951863,0.14593630942951863,0.14593630942951863,0.14593630942951863,0.14593630942951863,0.14593630942951863,0.14593630942951863,0.14593630942951863,0.14593630942951863,0.14475377239800505,0.14475377239800505,0.14475377239800505,0.14475377239800505,0.14475377239800505,0.14475377239800505,0.14475377239800505,0.14475377239800505,0.14475377239800505,0.14475377239800505,0.14475377239800505,0.14475377239800505,0.14475377239800505,0.14475377239800505,0.14475377239800505,0.14475377239800505,0.14475377239800505,0.14475377239800505,0.14475377239800505,0.14475377239800505,0.14475377239800505,0.14475377239800505,0.14475377239800505,0.14475377239800505,0.14475377239800505,0.14359445791711345,0.14359445791711345,0.14359445791711345,0.14359445791711345,0.14359445791711345,0.14359445791711345,0.14359445791711345,0.14359445791711345,0.14359445791711345,0.14359445791711328,0.14359445791711345,0.14359445791711345,0.14359445791711328,0.14359445791711345,0.14359445791711328,0.14359445791711345,0.14359445791711345,0.14359445791711345,0.14359445791711345,0.14359445791711328,0.14359445791711345,0.14359445791711328,0.14359445791711328,0.14359445791711328,0.14359445791711345,0.1424577355680679,0.1424577355680679,0.1424577355680679,0.1424577355680679,0.1424577355680679,0.1424577355680679,0.1424577355680679,0.1424577355680679,0.1424577355680679,0.1424577355680679,0.1424577355680679,0.1424577355680679,0.1424577355680679,0.1424577355680679,0.1424577355680679,0.1424577355680679,0.1424577355680679,0.1424577355680679,0.1424577355680679,0.1424577355680679,0.1424577355680679,0.1424577355680679,0.1424577355680679,0.1424577355680679,0.1424577355680679,0.14134298128932277,0.14134298128932277,0.14134298128932277,0.14134298128932277,0.14134298128932277,0.14134298128932277,0.14134298128932277,0.14134298128932277,0.14134298128932277,0.14134298128932277,0.14134298128932277,0.14134298128932277,0.14134298128932277,0.14134298128932277,0.14134298128932277,0.14134298128932277,0.14134298128932277,0.14134298128932277,0.14134298128932277,0.14134298128932277,0.14134298128932277,0.14134298128932277,0.14134298128932277,0.14134298128932277,0.14134298128932277,0.14024958003984844,0.14024958003984844,0.14024958003984844,0.14024958003984844,0.14024958003984844,0.14024958003984844,0.14024958003984844,0.14024958003984844,0.14024958003984844,0.14024958003984844,0.14024958003984844,0.14024958003984844,0.14024958003984844,0.14024958003984844,0.14024958003984844,0.14024958003984844,0.14024958003984844,0.14024958003984844,0.14024958003984844,0.14024958003984844,0.14024958003984844,0.14024958003984844,0.14024958003984844,0.14024958003984844,0.14024958003984844,0.13917692875941595,0.13917692875941579,0.13917692875941595,0.13917692875941579,0.13917692875941579,0.13917692875941579,0.13917692875941579,0.13917692875941595,0.13917692875941595,0.13917692875941595,0.13917692875941595,0.13917692875941595,0.13917692875941579,0.13917692875941579,0.13917692875941579,0.13917692875941579,0.13917692875941595,0.13917692875941579,0.13917692875941579,0.13917692875941595,0.13917692875941579,0.13917692875941595,0.13917692875941579,0.13917692875941595,0.13917692875941579,0.13812443959497916,0.13812443959497916,0.13812443959497916,0.13812443959497916,0.13812443959497916,0.13812443959497916,0.13812443959497916,0.13812443959497916,0.13812443959497916,0.1381244395949793,0.13812443959497916,0.13812443959497916,0.13812443959497916,0.13812443959497916,0.13812443959497916,0.13812443959497916,0.13812443959497916,0.13812443959497916,0.13812443959497916,0.13812443959497916,0.13812443959497916,0.1381244395949793,0.13812443959497916,0.13812443959497916,0.13812443959497916,0.13709154334594673,0.1370915433459466,0.1370915433459466,0.1370915433459466,0.13709154334594673,0.1370915433459466,0.1370915433459466,0.1370915433459466,0.1370915433459466,0.13709154334594673,0.1370915433459466,0.1370915433459466,0.13709154334613574,0.1370915433459466,0.13709154334594673,0.1370915433459466,0.1370915433459466,0.1370915433459466,0.1370915433459466,0.13709154334594673,0.13709154334594673,0.13709154334594673,0.13709154334594673,0.13709154334594673,0.1370915433459466,0.13607769306349668,0.1360776930634965,0.1360776930634965,0.1360776930634965,0.1360776930634965,0.1360776930634965,0.1360776930634965,0.1360776930634965,0.1360776930634965,0.1360776930634965,0.1360776930634965,0.1360776930634965,0.1360776930634965,0.1360776930634965,0.13607769306349668,0.1360776930634965,0.1360776930634965,0.1360776930634965,0.1360776930634965,0.13607769306349668,0.1360776930634965,0.1360776930634965,0.13607769306349668,0.13607769306349668,0.1360776930634965,0.1350823677206024,0.1350823677206024,0.1350823677206024,0.1350823677206024,0.1350823677206024,0.1350823677206024,0.13508236772060256,0.1350823677206024,0.13508236772060228,0.13508236772060228,0.1350823677206024,0.1350823677206024,0.13508236772060256,0.1350823677206024,0.1350823677206024,0.1350823677206024,0.13508236772060228,0.1350823677206024,0.1350823677206024,0.1350823677206024,0.1350823677206024,0.13508236772060228,0.1350823677206024,0.1350823677206024,0.1350823677206024
0.16531619803312586,0.16531619803312586,0.16531619803312586,0.16531619803312586,0.16531619803312586,0.16531619803312586,0.16531619803312586,0.16531619803312586,0.16531619803312586,0.16531619803312586,0.16531619803312586,0.16531619803312586,0.16531619803312586,0.16531619803312586,0.16531619803312586,0.16531619803312586,0.16531619803312586,0.16531619803312586,0.16531619803312586,0.16531619803312586,0.16531619803312586,0.16531619803312586,0.16531619803312586,0.16531619803312586,0.16531619803312586,0.16374169493215007,0.16374169493215007,0.16374169493215007,0.16374169493215007,0.16374169493215007,0.16374169493215007,0.16374169493215007,0.16374169493215007,0.16374169493215007,0.16374169493215007,0.16374169493215007,0.16374169493215007,0.16374169493215007,0.16374169493215007,0.16374169493215007,0.16374169493215007,0.16374169493215007,0.16374169493215007,0.16374169493215007,0.16374169493215007,0.16374169493215007,0.16374169493215007,0.16374169493215007,0.16374169493215007,0.16374169493215007,0.16219874026732087,0.16219874026732087,0.16219874026732087,0.16219874026732087,0.16219874026732087,0.16219874026732087,0.16219874026732087,0.16219874026732087,0.16219874026732087,0.16219874026732087,0.16219874026732087,0.16219874026732087,0.16219874026732087,0.16219874026732087,0.16219874026732087,0.16219874026732087,0.16219874026732087,0.16219874026732087,0.16219874026732087,0.16219874026732087,0.16219874026732087,0.16219874026732087,0.16219874026732087,0.16219874026732087,0.16219874026732087,0.16068674533194177,0.16068674533194177,0.16068674533194177,0.16068674533194177,0.16068674533194177,0.16068674533194177,0.16068674533194177,0.16068674533194177,0.16068674533194177,0.16068674533194177,0.16068674533194177,0.16068674533194177,0.16068674533194177,0.16068674533194177,0.16068674533194177,0.16068674533194177,0.16068674533194177,0.16068674533194177,0.16068674533194177,0.16068674533194177,0.16068674533194177,0.16068674533194177,0.16068674533194177,0.16068674533194177,0.16068674533194177,0.15920511861793377,0.15920511861793377,0.15920511861793377,0.15920511861793377,0.15920511861793377,0.15920511861793377,0.15920511861793377,0.15920511861793377,0.15920511861793377,0.15920511861793377,0.15920511861793377,0.15920511861793377,0.15920511861793377,0.15920511861793377,0.15920511861793377,0.15920511861793377,0.15920511861793377,0.15920511861793377,0.15920511861793377,0.15920511861793377,0.15920511861793377,0.15920511861793377,0.15920511861793377,0.15920511861793377,0.15920511861793377,0.1577532668974508,0.1577532668974508,0.1577532668974508,0.1577532668974508,0.1577532668974508,0.1577532668974508,0.1577532668974508,0.1577532668974508,0.1577532668974508,0.1577532668974508,0.1577532668974508,0.1577532668974508,0.1577532668974508,0.1577532668974508,0.1577532668974508,0.1577532668974508,0.1577532668974508,0.1577532668974508,0.1577532668974508,0.1577532668974508,0.1577532668974508,0.1577532668974508,0.1577532668974508,0.1577532668974508,0.1577532668974508,0.15633059618169604,0.15633059618169604,0.15633059618169604,0.15633059618169604,0.15633059618169604,0.15633059618169604,0.15633059618169604,0.15633059618169604,0.15633059618169604,0.15633059618169604,0.15633059618169604,0.15633059618169604,0.15633059618169604,0.15633059618169604,0.15633059618169604,0.15633059618169604,0.15633059618169604,0.15633059618169604,0.15633059618169604,0.15633059618169604,0.15633059618169604,0.15633059618169604,0.15633059618169604,0.15633059618169604,0.15633059618169604,0.1549365125760834,0.1549365125760834,0.1549365125760834,0.1549365125760834,0.1549365125760834,0.1549365125760834,0.1549365125760834,0.1549365125760834,0.1549365125760834,0.1549365125760834,0.1549365125760834,0.1549365125760834,0.1549365125760834,0.1549365125760834,0.1549365125760834,0.1549365125760834,0.1549365125760834,0.1549365125760834,0.1549365125760834,0.1549365125760834,0.1549365125760834,0.1549365125760834,0.1549365125760834,0.1549365125760834,0.1549365125760834,0.15357042305127047,0.15357042305127047,0.15357042305127047,0.15357042305127047,0.15357042305127047,0.15357042305127047,0.15357042305127047,0.15357042305127047,0.15357042305127047,0.15357042305127047,0.15357042305127047,0.15357042305127047,0.15357042305127047,0.15357042305127047,0.15357042305127047,0.15357042305127047,0.15357042305127047,0.15357042305127047,0.15357042305127047,0.15357042305127047,0.15357042305127047,0.15357042305127047,0.15357042305127047,0.15357042305127047,0.15357042305127047,0.15223173614986513,0.15223173614986513,0.15223173614986513,0.15223173614986513,0.15223173614986513,0.15223173614986513,0.15223173614986513,0.15223173614986513,0.15223173614986513,0.15223173614986513,0.15223173614986513,0.15223173614986513,0.15223173614986513,0.15223173614986513,0.15223173614986513,0.15223173614986513,0.15223173614986513,0.15223173614986513,0.15223173614986513,0.15223173614986513,0.15223173614986513,0.15223173614986513,0.15223173614986513,0.15223173614986513,0.15223173614986513,0.15091986264868157,0.15091986264868157,0.15091986264868157,0.15091986264868157,0.15091986264868157,0.15091986264868157,0.15091986264868157,0.15091986264868157,0.15091986264868157,0.15091986264868157,0.15091986264868157,0.15091986264868157,0.15091986264868157,0.15091986264868157,0.15091986264868157,0.15091986264868157,0.15091986264868157,0.15091986264868157,0.15091986264868157,0.15091986264868157,0.15091986264868157,0.15091986264868157,0.15091986264868157,0.15091986264868157,0.15091986264868157,0.14963421619628345,0.14963421619628345,0.14963421619628345,0.14963421619628345,0.14963421619628345,0.14963421619628345,0.14963421619628345,0.14963421619628345,0.14963421619628345,0.14963421619628345,0.14963421619628345,0.14963421619628345,0.14963421619628345,0.14963421619628345,0.14963421619628345,0.14963421619628345,0.14963421619628345,0.14963421619628345,0.14963421619628345,0.14963421619628345,0.14963421619628345,0.14963421619628345,0.14963421619628345,0.14963421619628345,0.14963421619628345,0.14837421394510078,0.14837421394510078,0.14837421394510078,0.14837421394510078,0.14837421394510078,0.14837421394510078,0.14837421394510078,0.14837421394510078,0.14837421394510078,0.14837421394510078,0.14837421394510078,0.14837421394510078,0.14837421394510078,0.14837421394510078,0.14837421394510078,0.14837421394510078,0.14837421394510078,0.14837421394510078,0.14837421394510078,0.14837421394510078,0.14837421394510078,0.14837421394510078,0.14837421394510078,0.14837421394510078,0.14837421394510078,0.14713927719659362,0.14713927719659362,0.14713927719659362,0.14713927719659362,0.14713927719659362,0.14713927719659362,0.14713927719659362,0.14713927719659362,0.14713927719659362,0.14713927719659362,0.14713927719659362,0.14713927719659362,0.14713927719659362,0.14713927719659362,0.14713927719659362,0.14713927719659362,0.14713927719659362,0.14713927719659362,0.14713927719659362,0.14713927719659362,0.14713927719659362,0.14713927719659362,0.14713927719659362,0.14713927719659362,0.14713927719659362,0.14592883207669177,0.14592883207669177,0.14592883207669177,0.14592883207669177,0.14592883207669177,0.14592883207669177,0.14592883207669177,0.14592883207669177,0.14592883207669177,0.14592883207669177,0.14592883207669177,0.14592883207669177,0.14592883207669177,0.14592883207669177,0.14592883207669177,0.14592883207669177,0.14592883207669177,0.14592883207669177,0.14592883207669177,0.14592883207669177,0.14592883207669177,0.14592883207669177,0.14592883207669177,0.14592883207669177,0.14592883207669177,0.14474231025699272,0.14474231025699272,0.14474231025699272,0.14474231025699272,0.14474231025699272,0.14474231025699272,0.14474231025699272,0.14474231025699272,0.14474231025699272,0.14474231025699272,0.14474231025699272,0.14474231025699272,0.14474231025699272,0.14474231025699272,0.14474231025699272,0.14474231025699272,0.14474231025699272,0.14474231025699272,0.14474231025699272,0.14474231025699272,0.14474231025699272,0.14474231025699272,0.14474231025699272,0.14474231025699272,0.14474231025699272,0.1435791497348972,0.1435791497348972,0.1435791497348972,0.1435791497348972,0.1435791497348972,0.1435791497348972,0.1435791497348972,0.1435791497348972,0.1435791497348972,0.1435791497348972,0.1435791497348972,0.1435791497348972,0.1435791497348972,0.1435791497348972,0.1435791497348972,0.1435791497348972,0.1435791497348972,0.1435791497348972,0.1435791497348972,0.1435791497348972,0.1435791497348972,0.1435791497348972,0.1435791497348972,0.1435791497348972,0.1435791497348972,0.14243879568294723,0.14243879568294723,0.14243879568294723,0.14243879568294723,0.14243879568294723,0.14243879568294723,0.14243879568294723,0.14243879568294723,0.14243879568294723,0.14243879568294723,0.14243879568294723,0.14243879568294723,0.14243879568294723,0.14243879568294723,0.14243879568294723,0.14243879568294723,0.14243879568294723,0.14243879568294723,0.14243879568294723,0.14243879568294723,0.14243879568294723,0.14243879568294723,0.14243879568294723,0.14243879568294723,0.14243879568294723,0.14132070137407654,0.14132070137407654,0.14132070137407654,0.14132070137407654,0.14132070137407654,0.14132070137407654,0.14132070137407654,0.14132070137407654,0.14132070137407654,0.14132070137407654,0.14132070137407654,0.14132070137407654,0.14132070137407654,0.14132070137407654,0.14132070137407654,0.14132070137407654,0.14132070137407654,0.14132070137407654,0.14132070137407654,0.14132070137407654,0.14132070137407654,0.14132070137407654,0.14132070137407654,0.14132070137407654,0.14132070137407654,0.14022432918525618,0.14022432918525618,0.14022432918525618,0.14022432918525618,0.14022432918525618,0.14022432918525618,0.14022432918525618,0.14022432918525618,0.14022432918525618,0.14022432918525618,0.14022432918525618,0.14022432918525618,0.14022432918525618,0.14022432918525618,0.14022432918525618,0.14022432918525618,0.14022432918525618,0.14022432918525618,0.14022432918525618,0.14022432918525618,0.14022432918525618,0.14022432918525618,0.14022432918525618,0.14022432918525618,0.14022432918525618,0.13914915167714312,0.13914915167714312,0.13914915167714312,0.13914915167714312,0.13914915167714312,0.13914915167714312,0.13914915167714312,0.13914915167714312,0.13914915167714312,0.13914915167714312,0.13914915167714312,0.13914915167714312,0.13914915167714312,0.13914915167714312,0.13914915167714312,0.13914915167714312,0.13914915167714312,0.13914915167714312,0.13914915167714312,0.13914915167714312,0.13914915167714312,0.13914915167714312,0.13914915167714312,0.13914915167714312,0.13914915167714312,0.13809465274183033,0.13809465274183033,0.13809465274183033,0.13809465274183033,0.13809465274183033,0.13809465274183033,0.13809465274183033,0.13809465274183033,0.13809465274183033,0.13809465274183033,0.13809465274183033,0.13809465274183033,0.13809465274183033,0.13809465274183033,0.13809465274183033,0.13809465274183033,0.13809465274183033,0.13809465274183033,0.13809465274183033,0.13809465274183033,0.13809465274183033,0.13809465274183033,0.13809465274183033,0.13809465274183033,0.13809465274183033,0.13706032880474828,0.13706032880474828,0.13706032880474828,0.13706032880474828,0.13706032880474828,0.13706032880474828,0.13706032880474828,0.13706032880474828,0.13706032880474828,0.13706032880474828,0.13706032880474828,0.13706032880474828,0.1370603288047676,0.13706032880474828,0.13706032880474828,0.13706032880474828,0.13706032880474828,0.13706032880474828,0.13706032880474828,0.13706032880474828,0.13706032880474828,0.13706032880474828,0.13706032880474828,0.13706032880474828,0.13706032880474828,0.13604569006025793,0.13604569006025793,0.13604569006025793,0.13604569006025793,0.13604569006025793,0.13604569006025793,0.13604569006025793,0.13604569006025793,0.13604569006025793,0.13604569006025793,0.13604569006025793,0.13604569006025793,0.13604569006025793,0.13604569006025793,0.13604569006025793,0.13604569006025793,0.13604569006025793,0.13604569006025793,0.13604569006025793,0.13604569006025793,0.13604569006025793,0.13604569006025793,0.13604569006025793,0.13604569006025793,0.13604569006025793,0.13505026171369888,0.13505026171369888,0.13505026171369888,0.13505026171369888,0.13505026171369888,0.13505026171369888,0.13505026171369888,0.13505026171369888,0.13505026171369888,0.13505026171369888,0.13505026171369888,0.13505026171369888,0.13505026171369888,0.13505026171369888,0.13505026171369888,0.13505026171369888,0.13505026171369888,0.13505026171369888,0.13505026171369888,0.13505026171369888,0.13505026171369888,0.13505026171369888,0.13505026171369888,0.13505026171369888,0.13505026171369888
0.1653270707954192,0.1653270707954192,0.1653270707954192,0.1653270707954192,0.1653270707954192,0.1653270707954192,0.1653270707954192,0.1653270707954192,0.1653270707954192,0.1653270707954192,0.1653270707954192,0.1653270707954192,0.1653270707954192,0.1653270707954192,0.1653270707954192,0.1653270707954192,0.1653270707954192,0.1653270707954192,0.1653270707954192,0.1653270707954192,0.1653270707954192,0.1653270707954192,0.1653270707954192,0.1653270707954192,0.1653270707954192,0.16375224019763215,0.16375224019763215,0.16375224019763215,0.16375224019763215,0.16375224019763215,0.16375224019763215,0.16375224019763215,0.16375224019763215,0.16375224019763215,0.16375224019763215,0.16375224019763215,0.16375224019763215,0.16375224019763215,0.16375224019763215,0.16375224019763215,0.16375224019763215,0.16375224019763215,0.16375224019763215,0.16375224019763215,0.16375224019763215,0.16375224019763215,0.16375224019763215,0.16375224019763215,0.16375224019763215,0.16375224019763215,0.16220884820874676,0.16220884820874676,0.16220884820874676,0.16220884820874676,0.16220884820874676,0.16220884820874676,0.16220884820874676,0.16220884820874676,0.16220884820874676,0.16220884820874676,0.16220884820874676,0.16220884820874676,0.16220884820874676,0.16220884820874676,0.16220884820874676,0.16220884820874676,0.16220884820874676,0.16220884820874676,0.16220884820874676,0.16220884820874676,0.16220884820874676,0.16220884820874676,0.16220884820874676,0.16220884820874676,0.16220884820874676,0.160696304565354,0.160696304565354,0.160696304565354,0.160696304565354,0.160696304565354,0.160696304565354,0.160696304565354,0.160696304565354,0.160696304565354,0.160696304565354,0.160696304565354,0.160696304565354,0.160696304565354,0.160696304565354,0.160696304565354,0.160696304565354,0.160696304565354,0.160696304565354,0.160696304565354,0.160696304565354,0.160696304565354,0.160696304565354,0.160696304565354,0.160696304565354,0.160696304565354,0.15921401768573148,0.15921401768573148,0.15921401768573148,0.15921401768573148,0.15921401768573148,0.15921401768573148,0.15921401768573148,0.15921401768573148,0.15921401768573148,0.15921401768573148,0.15921401768573148,0.15921401768573148,0.15921401768573148,0.15921401768573148,0.15921401768573148,0.15921401768573148,0.15921401768573148,0.15921401768573148,0.15921401768573148,0.15921401768573148,0.15921401768573148,0.15921401768573148,0.15921401768573148,0.15921401768573148,0.15921401768573148,0.15776139593182842,0.15776139593182842,0.15776139593182842,0.15776139593182842,0.15776139593182842,0.15776139593182842,0.15776139593182842,0.15776139593182842,0.15776139593182842,0.15776139593182842,0.15776139593182842,0.15776139593182842,0.15776139593182842,0.15776139593182842,0.15776139593182842,0.15776139593182842,0.15776139593182842,0.15776139593182842,0.15776139593182842,0.15776139593182842,0.15776139593182842,0.15776139593182842,0.15776139593182842,0.15776139593182842,0.15776139593182842,0.15633784873850984,0.15633784873850984,0.15633784873850984,0.15633784873850984,0.15633784873850984,0.15633784873850984,0.15633784873850984,0.15633784873850984,0.15633784873850984,0.15633784873850984,0.15633784873850984,0.15633784873850984,0.15633784873850984,0.15633784873850984,0.15633784873850984,0.15633784873850984,0.15633784873850984,0.15633784873850984,0.15633784873850984,0.15633784873850984,0.15633784873850984,0.15633784873850984,0.15633784873850984,0.15633784873850984,0.15633784873850984,0.15494278762325847,0.15494278762325847,0.15494278762325847,0.15494278762325847,0.15494278762325847,0.15494278762325847,0.15494278762325847,0.15494278762325847,0.15494278762325847,0.15494278762325847,0.15494278762325847,0.15494278762325847,0.15494278762325847,0.15494278762325847,0.15494278762325847,0.15494278762325847,0.15494278762325847,0.15494278762325847,0.15494278762325847,0.15494278762325847,0.15494278762325847,0.15494278762325847,0.15494278762325847,0.15494278762325847,0.15494278762325847,0.15357562708929962,0.15357562708929962,0.15357562708929962,0.15357562708929962,0.15357562708929962,0.15357562708929962,0.15357562708929962,0.15357562708929962,0.15357562708929962,0.15357562708929962,0.15357562708929962,0.15357562708929962,0.15357562708929962,0.15357562708929962,0.15357562708929962,0.15357562708929962,0.15357562708929962,0.15357562708929962,0.15357562708929962,0.15357562708929962,0.15357562708929962,0.15357562708929962,0.15357562708929962,0.15357562708929962,0.15357562708929962,0.15223578543484084,0.15223578543484084,0.15223578543484084,0.15223578543484084,0.15223578543484084,0.15223578543484084,0.15223578543484084,0.15223578543484084,0.15223578543484084,0.15223578543484084,0.15223578543484084,0.15223578543484084,0.15223578543484084,0.15223578543484084,0.15223578543484084,0.15223578543484084,0.15223578543484084,0.15223578543484084,0.15223578543484084,0.15223578543484084,0.15223578543484084,0.15223578543484084,0.15223578543484084,0.15223578543484084,0.15223578543484084,0.1509226854807912,0.1509226854807912,0.1509226854807912,0.1509226854807912,0.1509226854807912,0.1509226854807912,0.1509226854807912,0.1509226854807912,0.1509226854807912,0.1509226854807912,0.1509226854807912,0.1509226854807912,0.1509226854807912,0.1509226854807912,0.1509226854807912,0.1509226854807912,0.1509226854807912,0.1509226854807912,0.1509226854807912,0.1509226854807912,0.1509226854807912,0.1509226854807912,0.1509226854807912,0.1509226854807912,0.1509226854807912,0.1496357552289417,0.1496357552289417,0.1496357552289417,0.1496357552289417,0.1496357552289417,0.1496357552289417,0.1496357552289417,0.1496357552289417,0.1496357552289417,0.1496357552289417,0.1496357552289417,0.1496357552289417,0.1496357552289417,0.1496357552289417,0.1496357552289417,0.1496357552289417,0.1496357552289417,0.1496357552289417,0.1496357552289417,0.1496357552289417,0.1496357552289417,0.1496357552289417,0.1496357552289417,0.1496357552289417,0.1496357552289417,0.14837442846210017,0.14837442846210017,0.14837442846210017,0.14837442846210017,0.14837442846210017,0.14837442846210017,0.14837442846210017,0.14837442846210017,0.14837442846210017,0.14837442846210017,0.14837442846210017,0.14837442846210017,0.14837442846210017,0.14837442846210017,0.14837442846210017,0.14837442846210017,0.14837442846210017,0.14837442846210017,0.14837442846210017,0.14837442846210017,0.14837442846210017,0.14837442846210017,0.14837442846210017,0.14837442846210017,0.14837442846210017,0.14713814529709393,0.14713814529709393,0.14713814529709393,0.14713814529709393,0.14713814529709393,0.14713814529709393,0.14713814529709393,0.14713814529709393,0.14713814529709393,0.14713814529709393,0.14713814529709393,0.14713814529709393,0.14713814529709393,0.14713814529709393,0.14713814529709393,0.14713814529709393,0.14713814529709393,0.14713814529709393,0.14713814529709393,0.14713814529709393,0.14713814529709393,0.14713814529709393,0.14713814529709393,0.14713814529709393,0.14713814529709393,0.14592635270083248,0.14592635270083248,0.14592635270083248,0.14592635270083248,0.14592635270083248,0.14592635270083248,0.14592635270083248,0.14592635270083248,0.14592635270083248,0.14592635270083248,0.14592635270083248,0.14592635270083248,0.14592635270083248,0.14592635270083248,0.14592635270083248,0.14592635270083248,0.14592635270083248,0.14592635270083248,0.14592635270083248,0.14592635270083248,0.14592635270083248,0.14592635270083248,0.14592635270083248,0.14592635270083248,0.14592635270083248,0.14473850497874524,0.14473850497874524,0.14473850497874524,0.14473850497874524,0.14473850497874524,0.14473850497874524,0.14473850497874524,0.14473850497874524,0.14473850497874524,0.14473850497874524,0.14473850497874524,0.14473850497874524,0.14473850497874524,0.14473850497874524,0.14473850497874524,0.14473850497874524,0.14473850497874524,0.14473850497874524,0.14473850497874524,0.14473850497874524,0.14473850497874524,0.14473850497874524,0.14473850497874524,0.14473850497874524,0.14473850497874524,0.14357406424386493,0.14357406424386493,0.14357406424386493,0.14357406424386493,0.14357406424386493,0.14357406424386493,0.14357406424386493,0.14357406424386493,0.14357406424386493,0.14357406424386493,0.14357406424386493,0.14357406424386493,0.14357406424386493,0.14357406424386493,0.14357406424386493,0.14357406424386493,0.14357406424386493,0.14357406424386493,0.14357406424386493,0.14357406424386493,0.14357406424386493,0.14357406424386493,0.14357406424386493,0.14357406424386493,0.14357406424386493,0.14243250087357506,0.14243250087357506,0.14243250087357506,0.14243250087357506,0.14243250087357506,0.14243250087357506,0.14243250087357506,0.14243250087357506,0.14243250087357506,0.14243250087357506,0.14243250087357506,0.14243250087357506,0.14243250087357506,0.14243250087357506,0.14243250087357506,0.14243250087357506,0.14243250087357506,0.14243250087357506,0.14243250087357506,0.14243250087357506,0.14243250087357506,0.14243250087357506,0.14243250087357506,0.14243250087357506,0.14243250087357506,0.1413132939595949,0.1413132939595949,0.1413132939595949,0.1413132939595949,0.1413132939595949,0.1413132939595949,0.1413132939595949,0.1413132939595949,0.1413132939595949,0.1413132939595949,0.1413132939595949,0.1413132939595949,0.1413132939595949,0.1413132939595949,0.1413132939595949,0.1413132939595949,0.1413132939595949,0.1413132939595949,0.1413132939595949,0.1413132939595949,0.1413132939595949,0.1413132939595949,0.1413132939595949,0.1413132939595949,0.1413132939595949,0.1402159317550989,0.1402159317550989,0.1402159317550989,0.1402159317550989,0.1402159317550989,0.1402159317550989,0.1402159317550989,0.1402159317550989,0.1402159317550989,0.1402159317550989,0.1402159317550989,0.1402159317550989,0.1402159317550989,0.1402159317550989,0.1402159317550989,0.1402159317550989,0.1402159317550989,0.1402159317550989,0.1402159317550989,0.1402159317550989,0.1402159317550989,0.1402159317550989,0.1402159317550989,0.1402159317550989,0.1402159317550989,0.13913991212098728,0.13913991212098728,0.13913991212098728,0.13913991212098728,0.13913991212098728,0.13913991212098728,0.13913991212098728,0.13913991212098728,0.13913991212098728,0.13913991212098728,0.13913991212098728,0.13913991212098728,0.13913991212098728,0.13913991212098728,0.13913991212098728,0.13913991212098728,0.13913991212098728,0.13913991212098728,0.13913991212098728,0.13913991212098728,0.13913991212098728,0.13913991212098728,0.13913991212098728,0.13913991212098728,0.13913991212098728,0.13808474297123677,0.13808474297123677,0.13808474297123677,0.13808474297123677,0.13808474297123677,0.13808474297123677,0.13808474297123677,0.13808474297123677,0.13808474297123677,0.13808474297123677,0.13808474297123677,0.13808474297123677,0.13808474297123677,0.13808474297123677,0.13808474297123677,0.13808474297123677,0.13808474297123677,0.13808474297123677,0.13808474297123677,0.13808474297123677,0.13808474297123677,0.13808474297123677,0.13808474297123677,0.13808474297123677,0.13808474297123677,0.13704994271499624,0.13704994271499624,0.13704994271499624,0.13704994271499624,0.13704994271499624,0.13704994271499624,0.13704994271499624,0.13704994271499624,0.13704994271499624,0.13704994271499624,0.13704994271499624,0.13704994271499624,0.13704994271499016,0.13704994271499624,0.13704994271499624,0.13704994271499624,0.13704994271499624,0.13704994271499624,0.13704994271499624,0.13704994271499624,0.13704994271499624,0.13704994271499624,0.13704994271499624,0.13704994271499624,0.13704994271499624,0.13603504069068556,0.13603504069068556,0.13603504069068556,0.13603504069068556,0.13603504069068556,0.13603504069068556,0.13603504069068556,0.13603504069068556,0.13603504069068556,0.13603504069068556,0.13603504069068556,0.13603504069068556,0.13603504069068556,0.13603504069068556,0.13603504069068556,0.13603504069068556,0.13603504069068556,0.13603504069068556,0.13603504069068556,0.13603504069068556,0.13603504069068556,0.13603504069068556,0.13603504069068556,0.13603504069068556,0.13603504069068556,0.13503957758487725,0.13503957758487725,0.13503957758487725,0.13503957758487725,0.13503957758487725,0.13503957758487725,0.13503957758487725,0.13503957758487725,0.13503957758487725,0.13503957758487725,0.13503957758487725,0.13503957758487725,0.13503957758487725,0.13503957758487725,0.13503957758487725,0.13503957758487725,0.13503957758487725,0.13503957758487725,0.13503957758487725,0.13503957758487725,0.13503957758487725,0.13503957758487725,0.13503957758487725,0.13503957758487725,0.13503957758487725
0.16533068625466477,0.16533068625466477,0.16533068625466477,0.16533068625466477,0.16533068625466477,0.16533068625466477,0.16533068625466477,0.16533068625466477,0.16533068625466477,0.16533068625466477,0.16533068625466477,0.16533068625466477,0.16533068625466477,0.16533068625466477,0.16533068625466477,0.16533068625466477,0.16533068625466477,0.16533068625466477,0.16533068625466477,0.16533068625466477,0.16533068625466477,0.16533068625466477,0.16533068625466477,0.16533068625466477,0.16533068625466477,0.16375574678340074,0.16375574678340074,0.16375574678340074,0.16375574678340074,0.16375574678340074,0.16375574678340074,0.16375574678340074,0.16375574678340074,0.16375574678340074,0.16375574678340074,0.16375574678340074,0.16375574678340074,0.16375574678340074,0.16375574678340074,0.16375574678340074,0.16375574678340074,0.16375574678340074,0.16375574678340074,0.16375574678340074,0.16375574678340074,0.16375574678340074,0.16375574678340074,0.16375574678340074,0.16375574678340074,0.16375574678340074,0.16221220942652442,0.16221220942652442,0.16221220942652442,0.16221220942652442,0.16221220942652442,0.16221220942652442,0.16221220942652442,0.16221220942652442,0.16221220942652442,0.16221220942652442,0.16221220942652442,0.16221220942652442,0.16221220942652442,0.16221220942652442,0.16221220942652442,0.16221220942652442,0.16221220942652442,0.16221220942652442,0.16221220942652442,0.16221220942652442,0.16221220942652442,0.16221220942652442,0.16221220942652442,0.16221220942652442,0.16221220942652442,0.160699483400646,0.160699483400646,0.160699483400646,0.160699483400646,0.160699483400646,0.160699483400646,0.160699483400646,0.160699483400646,0.160699483400646,0.160699483400646,0.160699483400646,0.160699483400646,0.160699483400646,0.160699483400646,0.160699483400646,0.160699483400646,0.160699483400646,0.160699483400646,0.160699483400646,0.160699483400646,0.160699483400646,0.160699483400646,0.160699483400646,0.160699483400646,0.160699483400646,0.15921697709563223,0.15921697709563223,0.15921697709563223,0.15921697709563223,0.15921697709563223,0.15921697709563223,0.15921697709563223,0.15921697709563223,0.15921697709563223,0.15921697709563223,0.15921697709563223,0.15921697709563223,0.15921697709563223,0.15921697709563223,0.15921697709563223,0.15921697709563223,0.15921697709563223,0.15921697709563223,0.15921697709563223,0.15921697709563223,0.15921697709563223,0.15921697709563223,0.15921697709563223,0.15921697709563223,0.15921697709563223,0.15776409939656846,0.15776409939656846,0.15776409939656846,0.15776409939656846,0.15776409939656846,0.15776409939656846,0.15776409939656846,0.15776409939656846,0.15776409939656846,0.15776409939656846,0.15776409939656846,0.15776409939656846,0.15776409939656846,0.15776409939656846,0.15776409939656846,0.15776409939656846,0.15776409939656846,0.15776409939656846,0.15776409939656846,0.15776409939656846,0.15776409939656846,0.15776409939656846,0.15776409939656846,0.15776409939656846,0.15776409939656846,0.15634026086977285,0.15634026086977285,0.15634026086977285,0.15634026086977285,0.15634026086977285,0.15634026086977285,0.15634026086977285,0.15634026086977285,0.15634026086977285,0.15634026086977285,0.15634026086977285,0.15634026086977285,0.15634026086977285,0.15634026086977285,0.15634026086977285,0.15634026086977285,0.15634026086977285,0.15634026086977285,0.15634026086977285,0.15634026086977285,0.15634026086977285,0.15634026086977285,0.15634026086977285,0.15634026086977285,0.15634026086977285,0.15494487482409908,0.15494487482409908,0.15494487482409908,0.15494487482409908,0.15494487482409908,0.15494487482409908,0.15494487482409908,0.15494487482409908,0.15494487482409908,0.15494487482409908,0.15494487482409908,0.15494487482409908,0.15494487482409908,0.15494487482409908,0.15494487482409908,0.15494487482409908,0.15494487482409908,0.15494487482409908,0.15494487482409908,0.15494487482409908,0.15494487482409908,0.15494487482409908,0.15494487482409908,0.15494487482409908,0.15494487482409908,0.15357735825832375,0.15357735825832375,0.15357735825832375,0.15357735825832375,0.15357735825832375,0.15357735825832375,0.15357735825832375,0.15357735825832375,0.15357735825832375,0.15357735825832375,0.15357735825832375,0.15357735825832375,0.15357735825832375,0.15357735825832375,0.15357735825832375,0.15357735825832375,0.15357735825832375,0.15357735825832375,0.15357735825832375,0.15357735825832375,0.15357735825832375,0.15357735825832375,0.15357735825832375,0.15357735825832375,0.15357735825832375,0.15223713270493877,0.15223713270493877,0.15223713270493877,0.15223713270493877,0.15223713270493877,0.15223713270493877,0.15223713270493877,0.15223713270493877,0.15223713270493877,0.15223713270493877,0.15223713270493877,0.15223713270493877,0.15223713270493877,0.15223713270493877,0.15223713270493877,0.15223713270493877,0.15223713270493877,0.15223713270493877,0.15223713270493877,0.15223713270493877,0.15223713270493877,0.15223713270493877,0.15223713270493877,0.15223713270493877,0.15223713270493877,0.15092362498021838,0.15092362498021838,0.15092362498021838,0.15092362498021838,0.15092362498021838,0.15092362498021838,0.15092362498021838,0.15092362498021838,0.15092362498021838,0.15092362498021838,0.15092362498021838,0.15092362498021838,0.15092362498021838,0.15092362498021838,0.15092362498021838,0.15092362498021838,0.15092362498021838,0.15092362498021838,0.15092362498021838,0.15092362498021838,0.15092362498021838,0.15092362498021838,0.15092362498021838,0.15092362498021838,0.15092362498021838,0.14963626784992745,0.14963626784992745,0.14963626784992745,0.14963626784992745,0.14963626784992745,0.14963626784992745,0.14963626784992745,0.14963626784992745,0.14963626784992745,0.14963626784992745,0.14963626784992745,0.14963626784992745,0.14963626784992745,0.14963626784992745,0.14963626784992745,0.14963626784992745,0.14963626784992745,0.14963626784992745,0.14963626784992745,0.14963626784992745,0.14963626784992745,0.14963626784992745,0.14963626784992745,0.14963626784992745,0.14963626784992745,0.1483745006195524,0.1483745006195524,0.1483745006195524,0.1483745006195524,0.1483745006195524,0.1483745006195524,0.1483745006195524,0.1483745006195524,0.1483745006195524,0.1483745006195524,0.1483745006195524,0.1483745006195524,0.1483745006195524,0.1483745006195524,0.1483745006195524,0.1483745006195524,0.1483745006195524,0.1483745006195524,0.1483745006195524,0.1483745006195524,0.1483745006195524,0.1483745006195524,0.1483745006195524,0.1483745006195524,0.1483745006195524,0.14713776965740094,0.14713776965740094,0.14713776965740094,0.14713776965740094,0.14713776965740094,0.14713776965740094,0.14713776965740094,0.14713776965740094,0.14713776965740094,0.14713776965740094,0.14713776965740094,0.14713776965740094,0.14713776965740094,0.14713776965740094,0.14713776965740094,0.14713776965740094,0.14713776965740094,0.14713776965740094,0.14713776965740094,0.14713776965740094,0.14713776965740094,0.14713776965740094,0.14713776965740094,0.14713776965740094,0.14713776965740094,0.14592552885836202,0.14592552885836202,0.14592552885836202,0.14592552885836202,0.14592552885836202,0.14592552885836202,0.14592552885836202,0.14592552885836202,0.14592552885836202,0.14592552885836202,0.14592552885836202,0.14592552885836202,0.14592552885836202,0.14592552885836202,0.14592552885836202,0.14592552885836202,0.14592552885836202,0.14592552885836202,0.14592552885836202,0.14592552885836202,0.14592552885836202,0.14592552885836202,0.14592552885836202,0.14592552885836202,0.14592552885836202,0.1447372400555299,0.1447372400555299,0.1447372400555299,0.1447372400555299,0.1447372400555299,0.1447372400555299,0.1447372400555299,0.1447372400555299,0.1447372400555299,0.1447372400555299,0.1447372400555299,0.1447372400555299,0.1447372400555299,0.1447372400555299,0.1447372400555299,0.1447372400555299,0.1447372400555299,0.1447372400555299,0.1447372400555299,0.1447372400555299,0.1447372400555299,0.1447372400555299,0.1447372400555299,0.1447372400555299,0.1447372400555299,0.14357237338624737,0.14357237338624737,0.14357237338624737,0.14357237338624737,0.14357237338624737,0.14357237338624737,0.14357237338624737,0.14357237338624737,0.14357237338624737,0.14357237338624737,0.14357237338624737,0.14357237338624737,0.14357237338624737,0.14357237338624737,0.14357237338624737,0.14357237338624737,0.14357237338624737,0.14357237338624737,0.14357237338624737,0.14357237338624737,0.14357237338624737,0.14357237338624737,0.14357237338624737,0.14357237338624737,0.14357237338624737,0.14243040761844628,0.14243040761844628,0.14243040761844628,0.14243040761844628,0.14243040761844628,0.14243040761844628,0.14243040761844628,0.14243040761844628,0.14243040761844628,0.14243040761844628,0.14243040761844628,0.14243040761844628,0.14243040761844628,0.14243040761844628,0.14243040761844628,0.14243040761844628,0.14243040761844628,0.14243040761844628,0.14243040761844628,0.14243040761844628,0.14243040761844628,0.14243040761844628,0.14243040761844628,0.14243040761844628,0.14243040761844628,0.14131083044240905,0.14131083044240905,0.14131083044240905,0.14131083044240905,0.14131083044240905,0.14131083044240905,0.14131083044240905,0.14131083044240905,0.14131083044240905,0.14131083044240905,0.14131083044240905,0.14131083044240905,0.14131083044240905,0.14131083044240905,0.14131083044240905,0.14131083044240905,0.14131083044240905,0.14131083044240905,0.14131083044240905,0.14131083044240905,0.14131083044240905,0.14131083044240905,0.14131083044240905,0.14131083044240905,0.14131083044240905,0.14021313873228092,0.14021313873228092,0.14021313873228092,0.14021313873228092,0.14021313873228092,0.14021313873228092,0.14021313873228092,0.14021313873228092,0.14021313873228092,0.14021313873228092,0.14021313873228092,0.14021313873228092,0.14021313873228092,0.14021313873228092,0.14021313873228092,0.14021313873228092,0.14021313873228092,0.14021313873228092,0.14021313873228092,0.14021313873228092,0.14021313873228092,0.14021313873228092,0.14021313873228092,0.14021313873228092,0.14021313873228092,0.13913683878079577,0.13913683878079577,0.13913683878079577,0.13913683878079577,0.13913683878079577,0.13913683878079577,0.13913683878079577,0.13913683878079577,0.13913683878079577,0.13913683878079577,0.13913683878079577,0.13913683878079577,0.13913683878079577,0.13913683878079577,0.13913683878079577,0.13913683878079577,0.13913683878079577,0.13913683878079577,0.13913683878079577,0.13913683878079577,0.13913683878079577,0.13913683878079577,0.13913683878079577,0.13913683878079577,0.13913683878079577,0.13808144650976797,0.13808144650976797,0.13808144650976797,0.13808144650976797,0.13808144650976797,0.13808144650976797,0.13808144650976797,0.13808144650976797,0.13808144650976797,0.13808144650976797,0.13808144650976797,0.13808144650976797,0.13808144650976797,0.13808144650976797,0.13808144650976797,0.13808144650976797,0.13808144650976797,0.13808144650976797,0.13808144650976797,0.13808144650976797,0.13808144650976797,0.13808144650976797,0.13808144650976797,0.13808144650976797,0.13808144650976797,0.13704648765793942,0.13704648765793942,0.13704648765793942,0.13704648765793942,0.13704648765793942,0.13704648765793942,0.13704648765793942,0.13704648765793942,0.13704648765793942,0.13704648765793942,0.13704648765793942,0.13704648765793942,0.13704648765793803,0.13704648765793942,0.13704648765793942,0.13704648765793942,0.13704648765793942,0.13704648765793942,0.13704648765793942,0.13704648765793942,0.13704648765793942,0.13704648765793942,0.13704648765793942,0.13704648765793942,0.13704648765793942,0.13603149794677835,0.13603149794677835,0.13603149794677835,0.13603149794677835,0.13603149794677835,0.13603149794677835,0.13603149794677835,0.13603149794677835,0.13603149794677835,0.13603149794677835,0.13603149794677835,0.13603149794677835,0.13603149794677835,0.13603149794677835,0.13603149794677835,0.13603149794677835,0.13603149794677835,0.13603149794677835,0.13603149794677835,0.13603149794677835,0.13603149794677835,0.13603149794677835,0.13603149794677835,0.13603149794677835,0.13603149794677835,0.13503602322381525,0.13503602322381525,0.13503602322381525,0.13503602322381525,0.13503602322381525,0.13503602322381525,0.13503602322381525,0.13503602322381525,0.13503602322381525,0.13503602322381525,0.13503602322381525,0.13503602322381525,0.13503602322381525,0.13503602322381525,0.13503602322381525,0.13503602322381525,0.13503602322381525,0.13503602322381525,0.13503602322381525,0.13503602322381525,0.13503602322381525,0.13503602322381525,0.13503602322381525,0.13503602322381525,0.13503602322381525
0.1653318887297423,0.1653318887297423,0.1653318887297423,0.1653318887297423,0.1653318887297423,0.1653318887297423,0.1653318887297423,0.1653318887297423,0.1653318887297423,0.1653318887297423,0.1653318887297423,0.1653318887297423,0.1653318887297423,0.1653318887297423,0.1653318887297423,0.1653318887297423,0.1653318887297423,0.1653318887297423,0.1653318887297423,0.1653318887297423,0.1653318887297423,0.1653318887297423,0.1653318887297423,0.1653318887297423,0.1653318887297423,0.16375691305097442,0.16375691305097442,0.16375691305097442,0.16375691305097442,0.16375691305097442,0.16375691305097442,0.16375691305097442,0.16375691305097442,0.16375691305097442,0.16375691305097442,0.16375691305097442,0.16375691305097442,0.16375691305097442,0.16375691305097442,0.16375691305097442,0.16375691305097442,0.16375691305097442,0.16375691305097442,0.16375691305097442,0.16375691305097442,0.16375691305097442,0.16375691305097442,0.16375691305097442,0.16375691305097442,0.16375691305097442,0.16221332735163507,0.16221332735163507,0.16221332735163507,0.16221332735163507,0.16221332735163507,0.16221332735163507,0.16221332735163507,0.16221332735163507,0.16221332735163507,0.16221332735163507,0.16221332735163507,0.16221332735163507,0.16221332735163507,0.16221332735163507,0.16221332735163507,0.16221332735163507,0.16221332735163507,0.16221332735163507,0.16221332735163507,0.16221332735163507,0.16221332735163507,0.16221332735163507,0.16221332735163507,0.16221332735163507,0.16221332735163507,0.16070054067513456,0.16070054067513456,0.16070054067513456,0.16070054067513456,0.16070054067513456,0.16070054067513456,0.16070054067513456,0.16070054067513456,0.16070054067513456,0.16070054067513456,0.16070054067513456,0.16070054067513456,0.16070054067513456,0.16070054067513456,0.16070054067513456,0.16070054067513456,0.16070054067513456,0.16070054067513456,0.16070054067513456,0.16070054067513456,0.16070054067513456,0.16070054067513456,0.16070054067513456,0.16070054067513456,0.16070054067513456,0.15921796140145705,0.15921796140145705,0.15921796140145705,0.15921796140145705,0.15921796140145705,0.15921796140145705,0.15921796140145705,0.15921796140145705,0.15921796140145705,0.15921796140145705,0.15921796140145705,0.15921796140145705,0.15921796140145705,0.15921796140145705,0.15921796140145705,0.15921796140145705,0.15921796140145705,0.15921796140145705,0.15921796140145705,0.15921796140145705,0.15921796140145705,0.15921796140145705,0.15921796140145705,0.15921796140145705,0.15921796140145705,0.15776499858906998,0.15776499858906998,0.15776499858906998,0.15776499858906998,0.15776499858906998,0.15776499858906998,0.15776499858906998,0.15776499858906998,0.15776499858906998,0.15776499858906998,0.15776499858906998,0.15776499858906998,0.15776499858906998,0.15776499858906998,0.15776499858906998,0.15776499858906998,0.15776499858906998,0.15776499858906998,0.15776499858906998,0.15776499858906998,0.15776499858906998,0.15776499858906998,0.15776499858906998,0.15776499858906998,0.15776499858906998,0.15634106317982982,0.15634106317982982,0.15634106317982982,0.15634106317982982,0.15634106317982982,0.15634106317982982,0.15634106317982982,0.15634106317982982,0.15634106317982982,0.15634106317982982,0.15634106317982982,0.15634106317982982,0.15634106317982982,0.15634106317982982,0.15634106317982982,0.15634106317982982,0.15634106317982982,0.15634106317982982,0.15634106317982982,0.15634106317982982,0.15634106317982982,0.15634106317982982,0.15634106317982982,0.15634106317982982,0.15634106317982982,0.15494556907747317,0.15494556907747317,0.15494556907747317,0.15494556907747317,0.15494556907747317,0.15494556907747317,0.15494556907747317,0.15494556907747317,0.15494556907747317,0.15494556907747317,0.15494556907747317,0.15494556907747317,0.15494556907747317,0.15494556907747317,0.15494556907747317,0.15494556907747317,0.15494556907747317,0.15494556907747317,0.15494556907747317,0.15494556907747317,0.15494556907747317,0.15494556907747317,0.15494556907747317,0.15494556907747317,0.15494556907747317,0.15357793410975817,0.15357793410975817,0.15357793410975817,0.15357793410975817,0.15357793410975817,0.15357793410975817,0.15357793410975817,0.15357793410975817,0.15357793410975817,0.15357793410975817,0.15357793410975817,0.15357793410975817,0.15357793410975817,0.15357793410975817,0.15357793410975817,0.15357793410975817,0.15357793410975817,0.15357793410975817,0.15357793410975817,0.15357793410975817,0.15357793410975817,0.15357793410975817,0.15357793410975817,0.15357793410975817,0.15357793410975817,0.15223758088380443,0.15223758088380443,0.15223758088380443,0.15223758088380443,0.15223758088380443,0.15223758088380443,0.15223758088380443,0.15223758088380443,0.15223758088380443,0.15223758088380443,0.15223758088380443,0.15223758088380443,0.15223758088380443,0.15223758088380443,0.15223758088380443,0.15223758088380443,0.15223758088380443,0.15223758088380443,0.15223758088380443,0.15223758088380443,0.15223758088380443,0.15223758088380443,0.15223758088380443,0.15223758088380443,0.15223758088380443,0.15092393754365224,0.15092393754365224,0.15092393754365224,0.15092393754365224,0.15092393754365224,0.15092393754365224,0.15092393754365224,0.15092393754365224,0.15092393754365224,0.15092393754365224,0.15092393754365224,0.15092393754365224,0.15092393754365224,0.15092393754365224,0.15092393754365224,0.15092393754365224,0.15092393754365224,0.15092393754365224,0.15092393754365224,0.15092393754365224,0.15092393754365224,0.15092393754365224,0.15092393754365224,0.15092393754365224,0.15092393754365224,0.14963643843855173,0.14963643843855173,0.14963643843855173,0.14963643843855173,0.14963643843855173,0.14963643843855173,0.14963643843855173,0.14963643843855173,0.14963643843855173,0.14963643843855173,0.14963643843855173,0.14963643843855173,0.14963643843855173,0.14963643843855173,0.14963643843855173,0.14963643843855173,0.14963643843855173,0.14963643843855173,0.14963643843855173,0.14963643843855173,0.14963643843855173,0.14963643843855173,0.14963643843855173,0.14963643843855173,0.14963643843855173,0.14837452470997917,0.14837452470997917,0.14837452470997917,0.14837452470997917,0.14837452470997917,0.14837452470997917,0.14837452470997917,0.14837452470997917,0.14837452470997917,0.14837452470997917,0.14837452470997917,0.14837452470997917,0.14837452470997917,0.14837452470997917,0.14837452470997917,0.14837452470997917,0.14837452470997917,0.14837452470997917,0.14837452470997917,0.14837452470997917,0.14837452470997917,0.14837452470997917,0.14837452470997917,0.14837452470997917,0.14837452470997917,0.1471376448048733,0.1471376448048733,0.1471376448048733,0.1471376448048733,0.1471376448048733,0.1471376448048733,0.1471376448048733,0.1471376448048733,0.1471376448048733,0.1471376448048733,0.1471376448048733,0.1471376448048733,0.1471376448048733,0.1471376448048733,0.1471376448048733,0.1471376448048733,0.1471376448048733,0.1471376448048733,0.1471376448048733,0.1471376448048733,0.1471376448048733,0.1471376448048733,0.1471376448048733,0.1471376448048733,0.1471376448048733,0.14592525492207792,0.14592525492207792,0.14592525492207792,0.14592525492207792,0.14592525492207792,0.14592525492207792,0.14592525492207792,0.14592525492207792,0.14592525492207792,0.14592525492207792,0.14592525492207792,0.14592525492207792,0.14592525492207792,0.14592525492207792,0.14592525492207792,0.14592525492207792,0.14592525492207792,0.14592525492207792,0.14592525492207792,0.14592525492207792,0.14592525492207792,0.14592525492207792,0.14592525492207792,0.14592525492207792,0.14592525492207792,0.1447368193984816,0.1447368193984816,0.1447368193984816,0.1447368193984816,0.1447368193984816,0.1447368193984816,0.1447368193984816,0.1447368193984816,0.1447368193984816,0.1447368193984816,0.1447368193984816,0.1447368193984816,0.1447368193984816,0.1447368193984816,0.1447368193984816,0.1447368193984816,0.1447368193984816,0.1447368193984816,0.1447368193984816,0.1447368193984816,0.1447368193984816,0.1447368193984816,0.1447368193984816,0.1447368193984816,0.1447368193984816,0.1435718110408361,0.1435718110408361,0.1435718110408361,0.1435718110408361,0.1435718110408361,0.1435718110408361,0.1435718110408361,0.1435718110408361,0.1435718110408361,0.1435718110408361,0.1435718110408361,0.1435718110408361,0.1435718110408361,0.1435718110408361,0.1435718110408361,0.1435718110408361,0.1435718110408361,0.1435718110408361,0.1435718110408361,0.1435718110408361,0.1435718110408361,0.1435718110408361,0.1435718110408361,0.1435718110408361,0.1435718110408361,0.1424297114087386,0.1424297114087386,0.1424297114087386,0.1424297114087386,0.1424297114087386,0.1424297114087386,0.1424297114087386,0.1424297114087386,0.1424297114087386,0.1424297114087386,0.1424297114087386,0.1424297114087386,0.1424297114087386,0.1424297114087386,0.1424297114087386,0.1424297114087386,0.1424297114087386,0.1424297114087386,0.1424297114087386,0.1424297114087386,0.1424297114087386,0.1424297114087386,0.1424297114087386,0.1424297114087386,0.1424297114087386,0.14131001105374985,0.14131001105374985,0.14131001105374985,0.14131001105374985,0.14131001105374985,0.14131001105374985,0.14131001105374985,0.14131001105374985,0.14131001105374985,0.14131001105374985,0.14131001105374985,0.14131001105374985,0.14131001105374985,0.14131001105374985,0.14131001105374985,0.14131001105374985,0.14131001105374985,0.14131001105374985,0.14131001105374985,0.14131001105374985,0.14131001105374985,0.14131001105374985,0.14131001105374985,0.14131001105374985,0.14131001105374985,0.14021220971911416,0.14021220971911416,0.14021220971911416,0.14021220971911416,0.14021220971911416,0.14021220971911416,0.14021220971911416,0.14021220971911416,0.14021220971911416,0.14021220971911416,0.14021220971911416,0.14021220971911416,0.14021220971911416,0.14021220971911416,0.14021220971911416,0.14021220971911416,0.14021220971911416,0.14021220971911416,0.14021220971911416,0.14021220971911416,0.14021220971911416,0.14021220971911416,0.14021220971911416,0.14021220971911416,0.14021220971911416,0.13913581650402337,0.13913581650402337,0.13913581650402337,0.13913581650402337,0.13913581650402337,0.13913581650402337,0.13913581650402337,0.13913581650402337,0.13913581650402337,0.13913581650402337,0.13913581650402337,0.13913581650402337,0.13913581650402337,0.13913581650402337,0.13913581650402337,0.13913581650402337,0.13913581650402337,0.13913581650402337,0.13913581650402337,0.13913581650402337,0.13913581650402337,0.13913581650402337,0.13913581650402337,0.13913581650402337,0.13913581650402337,0.13808034999585342,0.13808034999585342,0.13808034999585342,0.13808034999585342,0.13808034999585342,0.13808034999585342,0.13808034999585342,0.13808034999585342,0.13808034999585342,0.13808034999585342,0.13808034999585342,0.13808034999585342,0.13808034999585342,0.13808034999585342,0.13808034999585342,0.13808034999585342,0.13808034999585342,0.13808034999585342,0.13808034999585342,0.13808034999585342,0.13808034999585342,0.13808034999585342,0.13808034999585342,0.13808034999585342,0.13808034999585342,0.1370453383732737,0.1370453383732737,0.1370453383732737,0.1370453383732737,0.1370453383732737,0.1370453383732737,0.1370453383732737,0.1370453383732737,0.1370453383732737,0.1370453383732737,0.1370453383732737,0.1370453383732737,0.13704533837327418,0.1370453383732737,0.1370453383732737,0.1370453383732737,0.1370453383732737,0.1370453383732737,0.1370453383732737,0.1370453383732737,0.1370453383732737,0.1370453383732737,0.1370453383732737,0.1370453383732737,0.1370453383732737,0.13603031948261235,0.13603031948261235,0.13603031948261235,0.13603031948261235,0.13603031948261235,0.13603031948261235,0.13603031948261235,0.13603031948261235,0.13603031948261235,0.13603031948261235,0.13603031948261235,0.13603031948261235,0.13603031948261235,0.13603031948261235,0.13603031948261235,0.13603031948261235,0.13603031948261235,0.13603031948261235,0.13603031948261235,0.13603031948261235,0.13603031948261235,0.13603031948261235,0.13603031948261235,0.13603031948261235,0.13603031948261235,0.1350348408893459,0.1350348408893459,0.1350348408893459,0.1350348408893459,0.1350348408893459,0.1350348408893459,0.1350348408893459,0.1350348408893459,0.1350348408893459,0.1350348408893459,0.1350348408893459,0.1350348408893459,0.1350348408893459,0.1350348408893459,0.1350348408893459,0.1350348408893459,0.1350348408893459,0.1350348408893459,0.1350348408893459,0.1350348408893459,0.1350348408893459,0.1350348408893459,0.1350348408893459,0.1350348408893459,0.1350348408893459
0.1653322886913749,0.1653322886913749,0.1653322886913749,0.1653322886913749,0.1653322886913749,0.1653322886913749,0.1653322886913749,0.1653322886913749,0.1653322886913749,0.1653322886913749,0.1653322886913749,0.1653322886913749,0.1653322886913749,0.1653322886913749,0.1653322886913749,0.1653322886913749,0.1653322886913749,0.1653322886913749,0.1653322886913749,0.1653322886913749,0.1653322886913749,0.1653322886913749,0.1653322886913749,0.1653322886913749,0.1653322886913749,0.16375730096976973,0.16375730096976973,0.16375730096976973,0.16375730096976973,0.16375730096976973,0.16375730096976973,0.16375730096976973,0.16375730096976973,0.16375730096976973,0.16375730096976973,0.16375730096976973,0.16375730096976973,0.16375730096976973,0.16375730096976973,0.16375730096976973,0.16375730096976973,0.16375730096976973,0.16375730096976973,0.16375730096976973,0.16375730096976973,0.16375730096976973,0.16375730096976973,0.16375730096976973,0.16375730096976973,0.16375730096976973,0.16221369919163486,0.16221369919163486,0.16221369919163486,0.16221369919163486,0.16221369919163486,0.16221369919163486,0.16221369919163486,0.16221369919163486,0.16221369919163486,0.16221369919163486,0.16221369919163486,0.16221369919163486,0.16221369919163486,0.16221369919163486,0.16221369919163486,0.16221369919163486,0.16221369919163486,0.16221369919163486,0.16221369919163486,0.16221369919163486,0.16221369919163486,0.16221369919163486,0.16221369919163486,0.16221369919163486,0.16221369919163486,0.16070089234274307,0.16070089234274307,0.16070089234274307,0.16070089234274307,0.16070089234274307,0.16070089234274307,0.16070089234274307,0.16070089234274307,0.16070089234274307,0.16070089234274307,0.16070089234274307,0.16070089234274307,0.16070089234274307,0.16070089234274307,0.16070089234274307,0.16070089234274307,0.16070089234274307,0.16070089234274307,0.16070089234274307,0.16070089234274307,0.16070089234274307,0.16070089234274307,0.16070089234274307,0.16070089234274307,0.16070089234274307,0.1592182887997432,0.1592182887997432,0.1592182887997432,0.1592182887997432,0.1592182887997432,0.1592182887997432,0.1592182887997432,0.1592182887997432,0.1592182887997432,0.1592182887997432,0.1592182887997432,0.1592182887997432,0.1592182887997432,0.1592182887997432,0.1592182887997432,0.1592182887997432,0.1592182887997432,0.1592182887997432,0.1592182887997432,0.1592182887997432,0.1592182887997432,0.1592182887997432,0.1592182887997432,0.1592182887997432,0.1592182887997432,0.1577652976787051,0.1577652976787051,0.1577652976787051,0.1577652976787051,0.1577652976787051,0.1577652976787051,0.1577652976787051,0.1577652976787051,0.1577652976787051,0.1577652976787051,0.1577652976787051,0.1577652976787051,0.1577652976787051,0.1577652976787051,0.1577652976787051,0.1577652976787051,0.1577652976787051,0.1577652976787051,0.1577652976787051,0.1577652976787051,0.1577652976787051,0.1577652976787051,0.1577652976787051,0.1577652976787051,0.1577652976787051,0.15634133004630976,0.15634133004630976,0.15634133004630976,0.15634133004630976,0.15634133004630976,0.15634133004630976,0.15634133004630976,0.15634133004630976,0.15634133004630976,0.15634133004630976,0.15634133004630976,0.15634133004630976,0.15634133004630976,0.15634133004630976,0.15634133004630976,0.15634133004630976,0.15634133004630976,0.15634133004630976,0.15634133004630976,0.15634133004630976,0.15634133004630976,0.15634133004630976,0.15634133004630976,0.15634133004630976,0.15634133004630976,0.15494580000405897,0.15494580000405897,0.15494580000405897,0.15494580000405897,0.15494580000405897,0.15494580000405897,0.15494580000405897,0.15494580000405897,0.15494580000405897,0.15494580000405897,0.15494580000405897,0.15494580000405897,0.15494580000405897,0.15494580000405897,0.15494580000405897,0.15494580000405897,0.15494580000405897,0.15494580000405897,0.15494580000405897,0.15494580000405897,0.15494580000405897,0.15494580000405897,0.15494580000405897,0.15494580000405897,0.15494580000405897,0.15357812565533066,0.15357812565533066,0.15357812565533066,0.15357812565533066,0.15357812565533066,0.15357812565533066,0.15357812565533066,0.15357812565533066,0.15357812565533066,0.15357812565533066,0.15357812565533066,0.15357812565533066,0.15357812565533066,0.15357812565533066,0.15357812565533066,0.15357812565533066,0.15357812565533066,0.15357812565533066,0.15357812565533066,0.15357812565533066,0.15357812565533066,0.15357812565533066,0.15357812565533066,0.15357812565533066,0.15357812565533066,0.15223772996456283,0.15223772996456283,0.15223772996456283,0.15223772996456283,0.15223772996456283,0.15223772996456283,0.15223772996456283,0.15223772996456283,0.15223772996456283,0.15223772996456283,0.15223772996456283,0.15223772996456283,0.15223772996456283,0.15223772996456283,0.15223772996456283,0.15223772996456283,0.15223772996456283,0.15223772996456283,0.15223772996456283,0.15223772996456283,0.15223772996456283,0.15223772996456283,0.15223772996456283,0.15223772996456283,0.15223772996456283,0.15092404151731412,0.15092404151731412,0.15092404151731412,0.15092404151731412,0.15092404151731412,0.15092404151731412,0.15092404151731412,0.15092404151731412,0.15092404151731412,0.15092404151731412,0.15092404151731412,0.15092404151731412,0.15092404151731412,0.15092404151731412,0.15092404151731412,0.15092404151731412,0.15092404151731412,0.15092404151731412,0.15092404151731412,0.15092404151731412,0.15092404151731412,0.15092404151731412,0.15092404151731412,0.15092404151731412,0.15092404151731412,0.14963649518941774,0.14963649518941774,0.14963649518941774,0.14963649518941774,0.14963649518941774,0.14963649518941774,0.14963649518941774,0.14963649518941774,0.14963649518941774,0.14963649518941774,0.14963649518941774,0.14963649518941774,0.14963649518941774,0.14963649518941774,0.14963649518941774,0.14963649518941774,0.14963649518941774,0.14963649518941774,0.14963649518941774,0.14963649518941774,0.14963649518941774,0.14963649518941774,0.14963649518941774,0.14963649518941774,0.14963649518941774,0.1483745327329385,0.1483745327329385,0.1483745327329385,0.1483745327329385,0.1483745327329385,0.1483745327329385,0.1483745327329385,0.1483745327329385,0.1483745327329385,0.1483745327329385,0.1483745327329385,0.1483745327329385,0.1483745327329385,0.1483745327329385,0.1483745327329385,0.1483745327329385,0.1483745327329385,0.1483745327329385,0.1483745327329385,0.1483745327329385,0.1483745327329385,0.1483745327329385,0.1483745327329385,0.1483745327329385,0.1483745327329385,0.14713760328613668,0.14713760328613668,0.14713760328613668,0.14713760328613668,0.14713760328613668,0.14713760328613668,0.14713760328613668,0.14713760328613668,0.14713760328613668,0.14713760328613668,0.14713760328613668,0.14713760328613668,0.14713760328613668,0.14713760328613668,0.14713760328613668,0.14713760328613668,0.14713760328613668,0.14713760328613668,0.14713760328613668,0.14713760328613668,0.14713760328613668,0.14713760328613668,0.14713760328613668,0.14713760328613668,0.14713760328613668,0.14592516381416054,0.14592516381416054,0.14592516381416054,0.14592516381416054,0.14592516381416054,0.14592516381416054,0.14592516381416054,0.14592516381416054,0.14592516381416054,0.14592516381416054,0.14592516381416054,0.14592516381416054,0.14592516381416054,0.14592516381416054,0.14592516381416054,0.14592516381416054,0.14592516381416054,0.14592516381416054,0.14592516381416054,0.14592516381416054,0.14592516381416054,0.14592516381416054,0.14592516381416054,0.14592516381416054,0.14592516381416054,0.14473667948671526,0.14473667948671526,0.14473667948671526,0.14473667948671526,0.14473667948671526,0.14473667948671526,0.14473667948671526,0.14473667948671526,0.14473667948671526,0.14473667948671526,0.14473667948671526,0.14473667948671526,0.14473667948671526,0.14473667948671526,0.14473667948671526,0.14473667948671526,0.14473667948671526,0.14473667948671526,0.14473667948671526,0.14473667948671526,0.14473667948671526,0.14473667948671526,0.14473667948671526,0.14473667948671526,0.14473667948671526,0.14357162399850298,0.14357162399850298,0.14357162399850298,0.14357162399850298,0.14357162399850298,0.14357162399850298,0.14357162399850298,0.14357162399850298,0.14357162399850298,0.14357162399850298,0.14357162399850298,0.14357162399850298,0.14357162399850298,0.14357162399850298,0.14357162399850298,0.14357162399850298,0.14357162399850298,0.14357162399850298,0.14357162399850298,0.14357162399850298,0.14357162399850298,0.14357162399850298,0.14357162399850298,0.14357162399850298,0.14357162399850298,0.1424294798377859,0.1424294798377859,0.1424294798377859,0.1424294798377859,0.1424294798377859,0.1424294798377859,0.1424294798377859,0.1424294798377859,0.1424294798377859,0.1424294798377859,0.1424294798377859,0.1424294798377859,0.1424294798377859,0.1424294798377859,0.1424294798377859,0.1424294798377859,0.1424294798377859,0.1424294798377859,0.1424294798377859,0.1424294798377859,0.1424294798377859,0.1424294798377859,0.1424294798377859,0.1424294798377859,0.1424294798377859,0.1413097385079915,0.1413097385079915,0.1413097385079915,0.1413097385079915,0.1413097385079915,0.1413097385079915,0.1413097385079915,0.1413097385079915,0.1413097385079915,0.1413097385079915,0.1413097385079915,0.1413097385079915,0.1413097385079915,0.1413097385079915,0.1413097385079915,0.1413097385079915,0.1413097385079915,0.1413097385079915,0.1413097385079915,0.1413097385079915,0.1413097385079915,0.1413097385079915,0.1413097385079915,0.1413097385079915,0.1413097385079915,0.1402119007068721,0.1402119007068721,0.1402119007068721,0.1402119007068721,0.1402119007068721,0.1402119007068721,0.1402119007068721,0.1402119007068721,0.1402119007068721,0.1402119007068721,0.1402119007068721,0.1402119007068721,0.1402119007068721,0.1402119007068721,0.1402119007068721,0.1402119007068721,0.1402119007068721,0.1402119007068721,0.1402119007068721,0.1402119007068721,0.1402119007068721,0.1402119007068721,0.1402119007068721,0.1402119007068721,0.1402119007068721,0.13913547646732258,0.13913547646732258,0.13913547646732258,0.13913547646732258,0.13913547646732258,0.13913547646732258,0.13913547646732258,0.13913547646732258,0.13913547646732258,0.13913547646732258,0.13913547646732258,0.13913547646732258,0.13913547646732258,0.13913547646732258,0.13913547646732258,0.13913547646732258,0.13913547646732258,0.13913547646732258,0.13913547646732258,0.13913547646732258,0.13913547646732258,0.13913547646732258,0.13913547646732258,0.13913547646732258,0.13913547646732258,0.13807998526357054,0.13807998526357054,0.13807998526357054,0.13807998526357054,0.13807998526357054,0.13807998526357054,0.13807998526357054,0.13807998526357054,0.13807998526357054,0.13807998526357054,0.13807998526357054,0.13807998526357054,0.13807998526357054,0.13807998526357054,0.13807998526357054,0.13807998526357054,0.13807998526357054,0.13807998526357054,0.13807998526357054,0.13807998526357054,0.13807998526357054,0.13807998526357054,0.13807998526357054,0.13807998526357054,0.13807998526357054,0.13704495608608147,0.13704495608608147,0.13704495608608147,0.13704495608608147,0.13704495608608147,0.13704495608608147,0.13704495608608147,0.13704495608608147,0.13704495608608147,0.13704495608608147,0.13704495608608147,0.13704495608608147,0.1370449560860778,0.13704495608608147,0.13704495608608147,0.13704495608608147,0.13704495608608147,0.13704495608608147,0.13704495608608147,0.13704495608608147,0.13704495608608147,0.13704495608608147,0.13704495608608147,0.13704495608608147,0.13704495608608147,0.13602992748815537,0.13602992748815537,0.13602992748815537,0.13602992748815537,0.13602992748815537,0.13602992748815537,0.13602992748815537,0.13602992748815537,0.13602992748815537,0.13602992748815537,0.13602992748815537,0.13602992748815537,0.13602992748815537,0.13602992748815537,0.13602992748815537,0.13602992748815537,0.13602992748815537,0.13602992748815537,0.13602992748815537,0.13602992748815537,0.13602992748815537,0.13602992748815537,0.13602992748815537,0.13602992748815537,0.13602992748815537,0.13503444760684438,0.13503444760684438,0.13503444760684438,0.13503444760684438,0.13503444760684438,0.13503444760684438,0.13503444760684438,0.13503444760684438,0.13503444760684438,0.13503444760684438,0.13503444760684438,0.13503444760684438,0.13503444760684438,0.13503444760684438,0.13503444760684438,0.13503444760684438,0.13503444760684438,0.13503444760684438,0.13503444760684438,0.13503444760684438,0.13503444760684438,0.13503444760684438,0.13503444760684438,0.13503444760684438,0.13503444760684438
0.1653324217277615,0.1653324217277615,0.1653324217277615,0.1653324217277615,0.1653324217277615,0.1653324217277615,0.1653324217277615,0.1653324217277615,0.1653324217277615,0.1653324217277615,0.1653324217277615,0.1653324217277615,0.1653324217277615,0.1653324217277615,0.1653324217277615,0.1653324217277615,0.1653324217277615,0.1653324217277615,0.1653324217277615,0.1653324217277615,0.1653324217277615,0.1653324217277615,0.1653324217277615,0.1653324217277615,0.1653324217277615,0.16375743000047002,0.16375743000047002,0.16375743000047002,0.16375743000047002,0.16375743000047002,0.16375743000047002,0.16375743000047002,0.16375743000047002,0.16375743000047002,0.16375743000047002,0.16375743000047002,0.16375743000047002,0.16375743000047002,0.16375743000047002,0.16375743000047002,0.16375743000047002,0.16375743000047002,0.16375743000047002,0.16375743000047002,0.16375743000047002,0.16375743000047002,0.16375743000047002,0.16375743000047002,0.16375743000047002,0.16375743000047002,0.1622138228742318,0.1622138228742318,0.1622138228742318,0.1622138228742318,0.1622138228742318,0.1622138228742318,0.1622138228742318,0.1622138228742318,0.1622138228742318,0.1622138228742318,0.1622138228742318,0.1622138228742318,0.1622138228742318,0.1622138228742318,0.1622138228742318,0.1622138228742318,0.1622138228742318,0.1622138228742318,0.1622138228742318,0.1622138228742318,0.1622138228742318,0.1622138228742318,0.1622138228742318,0.1622138228742318,0.1622138228742318,0.16070100931564454,0.16070100931564454,0.16070100931564454,0.16070100931564454,0.16070100931564454,0.16070100931564454,0.16070100931564454,0.16070100931564454,0.16070100931564454,0.16070100931564454,0.16070100931564454,0.16070100931564454,0.16070100931564454,0.16070100931564454,0.16070100931564454,0.16070100931564454,0.16070100931564454,0.16070100931564454,0.16070100931564454,0.16070100931564454,0.16070100931564454,0.16070100931564454,0.16070100931564454,0.16070100931564454,0.16070100931564454,0.15921839770024282,0.15921839770024282,0.15921839770024282,0.15921839770024282,0.15921839770024282,0.15921839770024282,0.15921839770024282,0.15921839770024282,0.15921839770024282,0.15921839770024282,0.15921839770024282,0.15921839770024282,0.15921839770024282,0.15921839770024282,0.15921839770024282,0.15921839770024282,0.15921839770024282,0.15921839770024282,0.15921839770024282,0.15921839770024282,0.15921839770024282,0.15921839770024282,0.15921839770024282,0.15921839770024282,0.15921839770024282,0.15776539716324864,0.15776539716324864,0.15776539716324864,0.15776539716324864,0.15776539716324864,0.15776539716324864,0.15776539716324864,0.15776539716324864,0.15776539716324864,0.15776539716324864,0.15776539716324864,0.15776539716324864,0.15776539716324864,0.15776539716324864,0.15776539716324864,0.15776539716324864,0.15776539716324864,0.15776539716324864,0.15776539716324864,0.15776539716324864,0.15776539716324864,0.15776539716324864,0.15776539716324864,0.15776539716324864,0.15776539716324864,0.1563414188128533,0.1563414188128533,0.1563414188128533,0.1563414188128533,0.1563414188128533,0.1563414188128533,0.1563414188128533,0.1563414188128533,0.1563414188128533,0.1563414188128533,0.1563414188128533,0.1563414188128533,0.1563414188128533,0.1563414188128533,0.1563414188128533,0.1563414188128533,0.1563414188128533,0.1563414188128533,0.1563414188128533,0.1563414188128533,0.1563414188128533,0.1563414188128533,0.1563414188128533,0.1563414188128533,0.1563414188128533,0.15494587681632804,0.15494587681632804,0.15494587681632804,0.15494587681632804,0.15494587681632804,0.15494587681632804,0.15494587681632804,0.15494587681632804,0.15494587681632804,0.15494587681632804,0.15494587681632804,0.15494587681632804,0.15494587681632804,0.15494587681632804,0.15494587681632804,0.15494587681632804,0.15494587681632804,0.15494587681632804,0.15494587681632804,0.15494587681632804,0.15494587681632804,0.15494587681632804,0.15494587681632804,0.15494587681632804,0.15494587681632804,0.15357818936871623,0.15357818936871623,0.15357818936871623,0.15357818936871623,0.15357818936871623,0.15357818936871623,0.15357818936871623,0.15357818936871623,0.15357818936871623,0.15357818936871623,0.15357818936871623,0.15357818936871623,0.15357818936871623,0.15357818936871623,0.15357818936871623,0.15357818936871623,0.15357818936871623,0.15357818936871623,0.15357818936871623,0.15357818936871623,0.15357818936871623,0.15357818936871623,0.15357818936871623,0.15357818936871623,0.15357818936871623,0.1522377795532952,0.1522377795532952,0.1522377795532952,0.1522377795532952,0.1522377795532952,0.1522377795532952,0.1522377795532952,0.1522377795532952,0.1522377795532952,0.1522377795532952,0.1522377795532952,0.1522377795532952,0.1522377795532952,0.1522377795532952,0.1522377795532952,0.1522377795532952,0.1522377795532952,0.1522377795532952,0.1522377795532952,0.1522377795532952,0.1522377795532952,0.1522377795532952,0.1522377795532952,0.1522377795532952,0.1522377795532952,0.15092407610246902,0.15092407610246902,0.15092407610246902,0.15092407610246902,0.15092407610246902,0.15092407610246902,0.15092407610246902,0.15092407610246902,0.15092407610246902,0.15092407610246902,0.15092407610246902,0.15092407610246902,0.15092407610246902,0.15092407610246902,0.15092407610246902,0.15092407610246902,0.15092407610246902,0.15092407610246902,0.15092407610246902,0.15092407610246902,0.15092407610246902,0.15092407610246902,0.15092407610246902,0.15092407610246902,0.15092407610246902,0.14963651406721298,0.14963651406721298,0.14963651406721298,0.14963651406721298,0.14963651406721298,0.14963651406721298,0.14963651406721298,0.14963651406721298,0.14963651406721298,0.14963651406721298,0.14963651406721298,0.14963651406721298,0.14963651406721298,0.14963651406721298,0.14963651406721298,0.14963651406721298,0.14963651406721298,0.14963651406721298,0.14963651406721298,0.14963651406721298,0.14963651406721298,0.14963651406721298,0.14963651406721298,0.14963651406721298,0.14963651406721298,0.14837453540267753,0.14837453540267753,0.14837453540267753,0.14837453540267753,0.14837453540267753,0.14837453540267753,0.14837453540267753,0.14837453540267753,0.14837453540267753,0.14837453540267753,0.14837453540267753,0.14837453540267753,0.14837453540267753,0.14837453540267753,0.14837453540267753,0.14837453540267753,0.14837453540267753,0.14837453540267753,0.14837453540267753,0.14837453540267753,0.14837453540267753,0.14837453540267753,0.14837453540267753,0.14837453540267753,0.14837453540267753,0.14713758947706537,0.14713758947706537,0.14713758947706537,0.14713758947706537,0.14713758947706537,0.14713758947706537,0.14713758947706537,0.14713758947706537,0.14713758947706537,0.14713758947706537,0.14713758947706537,0.14713758947706537,0.14713758947706537,0.14713758947706537,0.14713758947706537,0.14713758947706537,0.14713758947706537,0.14713758947706537,0.14713758947706537,0.14713758947706537,0.14713758947706537,0.14713758947706537,0.14713758947706537,0.14713758947706537,0.14713758947706537,0.14592513351041211,0.14592513351041211,0.14592513351041211,0.14592513351041211,0.14592513351041211,0.14592513351041211,0.14592513351041211,0.14592513351041211,0.14592513351041211,0.14592513351041211,0.14592513351041211,0.14592513351041211,0.14592513351041211,0.14592513351041211,0.14592513351041211,0.14592513351041211,0.14592513351041211,0.14592513351041211,0.14592513351041211,0.14592513351041211,0.14592513351041211,0.14592513351041211,0.14592513351041211,0.14592513351041211,0.14592513351041211,0.14473663294943845,0.14473663294943845,0.14473663294943845,0.14473663294943845,0.14473663294943845,0.14473663294943845,0.14473663294943845,0.14473663294943845,0.14473663294943845,0.14473663294943845,0.14473663294943845,0.14473663294943845,0.14473663294943845,0.14473663294943845,0.14473663294943845,0.14473663294943845,0.14473663294943845,0.14473663294943845,0.14473663294943845,0.14473663294943845,0.14473663294943845,0.14473663294943845,0.14473663294943845,0.14473663294943845,0.14473663294943845,0.14357156178420707,0.14357156178420707,0.14357156178420707,0.14357156178420707,0.14357156178420707,0.14357156178420707,0.14357156178420707,0.14357156178420707,0.14357156178420707,0.14357156178420707,0.14357156178420707,0.14357156178420707,0.14357156178420707,0.14357156178420707,0.14357156178420707,0.14357156178420707,0.14357156178420707,0.14357156178420707,0.14357156178420707,0.14357156178420707,0.14357156178420707,0.14357156178420707,0.14357156178420707,0.14357156178420707,0.14357156178420707,0.14242940281188698,0.14242940281188698,0.14242940281188698,0.14242940281188698,0.14242940281188698,0.14242940281188698,0.14242940281188698,0.14242940281188698,0.14242940281188698,0.14242940281188698,0.14242940281188698,0.14242940281188698,0.14242940281188698,0.14242940281188698,0.14242940281188698,0.14242940281188698,0.14242940281188698,0.14242940281188698,0.14242940281188698,0.14242940281188698,0.14242940281188698,0.14242940281188698,0.14242940281188698,0.14242940281188698,0.14242940281188698,0.1413096478525367,0.1413096478525367,0.1413096478525367,0.1413096478525367,0.1413096478525367,0.1413096478525367,0.1413096478525367,0.1413096478525367,0.1413096478525367,0.1413096478525367,0.1413096478525367,0.1413096478525367,0.1413096478525367,0.1413096478525367,0.1413096478525367,0.1413096478525367,0.1413096478525367,0.1413096478525367,0.1413096478525367,0.1413096478525367,0.1413096478525367,0.1413096478525367,0.1413096478525367,0.1413096478525367,0.1413096478525367,0.14021179792142224,0.14021179792142224,0.14021179792142224,0.14021179792142224,0.14021179792142224,0.14021179792142224,0.14021179792142224,0.14021179792142224,0.14021179792142224,0.14021179792142224,0.14021179792142224,0.14021179792142224,0.14021179792142224,0.14021179792142224,0.14021179792142224,0.14021179792142224,0.14021179792142224,0.14021179792142224,0.14021179792142224,0.14021179792142224,0.14021179792142224,0.14021179792142224,0.14021179792142224,0.14021179792142224,0.14021179792142224,0.13913536336203491,0.13913536336203491,0.13913536336203491,0.13913536336203491,0.13913536336203491,0.13913536336203491,0.13913536336203491,0.13913536336203491,0.13913536336203491,0.13913536336203491,0.13913536336203491,0.13913536336203491,0.13913536336203491,0.13913536336203491,0.13913536336203491,0.13913536336203491,0.13913536336203491,0.13913536336203491,0.13913536336203491,0.13913536336203491,0.13913536336203491,0.13913536336203491,0.13913536336203491,0.13913536336203491,0.13913536336203491,0.13807986394361635,0.13807986394361635,0.13807986394361635,0.13807986394361635,0.13807986394361635,0.13807986394361635,0.13807986394361635,0.13807986394361635,0.13807986394361635,0.13807986394361635,0.13807986394361635,0.13807986394361635,0.13807986394361635,0.13807986394361635,0.13807986394361635,0.13807986394361635,0.13807986394361635,0.13807986394361635,0.13807986394361635,0.13807986394361635,0.13807986394361635,0.13807986394361635,0.13807986394361635,0.13807986394361635,0.13807986394361635,0.1370448289266808,0.1370448289266808,0.1370448289266808,0.1370448289266808,0.1370448289266808,0.1370448289266808,0.1370448289266808,0.1370448289266808,0.1370448289266808,0.1370448289266808,0.1370448289266808,0.1370448289266808,0.13704482892668154,0.1370448289266808,0.1370448289266808,0.1370448289266808,0.1370448289266808,0.1370448289266808,0.1370448289266808,0.1370448289266808,0.1370448289266808,0.1370448289266808,0.1370448289266808,0.1370448289266808,0.1370448289266808,0.13602979709970667,0.13602979709970667,0.13602979709970667,0.13602979709970667,0.13602979709970667,0.13602979709970667,0.13602979709970667,0.13602979709970667,0.13602979709970667,0.13602979709970667,0.13602979709970667,0.13602979709970667,0.13602979709970667,0.13602979709970667,0.13602979709970667,0.13602979709970667,0.13602979709970667,0.13602979709970667,0.13602979709970667,0.13602979709970667,0.13602979709970667,0.13602979709970667,0.13602979709970667,0.13602979709970667,0.13602979709970667,0.1350343167898827,0.1350343167898827,0.1350343167898827,0.1350343167898827,0.1350343167898827,0.1350343167898827,0.1350343167898827,0.1350343167898827,0.1350343167898827,0.1350343167898827,0.1350343167898827,0.1350343167898827,0.1350343167898827,0.1350343167898827,0.1350343167898827,0.1350343167898827,0.1350343167898827,0.1350343167898827,0.1350343167898827,0.1350343167898827,0.1350343167898827,0.1350343167898827,0.1350343167898827,0.1350343167898827,0.1350343167898827
0.16533246597904036,0.16533246597904036,0.16533246597904036,0.16533246597904036,0.16533246597904036,0.16533246597904036,0.16533246597904036,0.16533246597904036,0.16533246597904036,0.16533246597904036,0.16533246597904036,0.16533246597904036,0.16533246597904036,0.16533246597904036,0.16533246597904036,0.16533246597904036,0.16533246597904036,0.16533246597904036,0.16533246597904036,0.16533246597904036,0.16533246597904036,0.16533246597904036,0.16533246597904036,0.16533246597904036,0.16533246597904036,0.1637574729193602,0.1637574729193602,0.1637574729193602,0.1637574729193602,0.1637574729193602,0.1637574729193602,0.1637574729193602,0.1637574729193602,0.1637574729193602,0.1637574729193602,0.1637574729193602,0.1637574729193602,0.1637574729193602,0.1637574729193602,0.1637574729193602,0.1637574729193602,0.1637574729193602,0.1637574729193602,0.1637574729193602,0.1637574729193602,0.1637574729193602,0.1637574729193602,0.1637574729193602,0.1637574729193602,0.1637574729193602,0.162213864014215,0.162213864014215,0.162213864014215,0.162213864014215,0.162213864014215,0.162213864014215,0.162213864014215,0.162213864014215,0.162213864014215,0.162213864014215,0.162213864014215,0.162213864014215,0.162213864014215,0.162213864014215,0.162213864014215,0.162213864014215,0.162213864014215,0.162213864014215,0.162213864014215,0.162213864014215,0.162213864014215,0.162213864014215,0.162213864014215,0.162213864014215,0.162213864014215,0.16070104822382422,0.16070104822382422,0.16070104822382422,0.16070104822382422,0.16070104822382422,0.16070104822382422,0.16070104822382422,0.16070104822382422,0.16070104822382422,0.16070104822382422,0.16070104822382422,0.16070104822382422,0.16070104822382422,0.16070104822382422,0.16070104822382422,0.16070104822382422,0.16070104822382422,0.16070104822382422,0.16070104822382422,0.16070104822382422,0.16070104822382422,0.16070104822382422,0.16070104822382422,0.16070104822382422,0.16070104822382422,0.15921843392335103,0.15921843392335103,0.15921843392335103,0.15921843392335103,0.15921843392335103,0.15921843392335103,0.15921843392335103,0.15921843392335103,0.15921843392335103,0.15921843392335103,0.15921843392335103,0.15921843392335103,0.15921843392335103,0.15921843392335103,0.15921843392335103,0.15921843392335103,0.15921843392335103,0.15921843392335103,0.15921843392335103,0.15921843392335103,0.15921843392335103,0.15921843392335103,0.15921843392335103,0.15921843392335103,0.15921843392335103,0.15776543025438755,0.15776543025438755,0.15776543025438755,0.15776543025438755,0.15776543025438755,0.15776543025438755,0.15776543025438755,0.15776543025438755,0.15776543025438755,0.15776543025438755,0.15776543025438755,0.15776543025438755,0.15776543025438755,0.15776543025438755,0.15776543025438755,0.15776543025438755,0.15776543025438755,0.15776543025438755,0.15776543025438755,0.15776543025438755,0.15776543025438755,0.15776543025438755,0.15776543025438755,0.15776543025438755,0.15776543025438755,0.1563414483389305,0.1563414483389305,0.1563414483389305,0.1563414483389305,0.1563414483389305,0.1563414483389305,0.1563414483389305,0.1563414483389305,0.1563414483389305,0.1563414483389305,0.1563414483389305,0.1563414483389305,0.1563414483389305,0.1563414483389305,0.1563414483389305,0.1563414483389305,0.1563414483389305,0.1563414483389305,0.1563414483389305,0.1563414483389305,0.1563414483389305,0.1563414483389305,0.1563414483389305,0.1563414483389305,0.1563414483389305,0.15494590236612768,0.15494590236612768,0.15494590236612768,0.15494590236612768,0.15494590236612768,0.15494590236612768,0.15494590236612768,0.15494590236612768,0.15494590236612768,0.15494590236612768,0.15494590236612768,0.15494590236612768,0.15494590236612768,0.15494590236612768,0.15494590236612768,0.15494590236612768,0.15494590236612768,0.15494590236612768,0.15494590236612768,0.15494590236612768,0.15494590236612768,0.15494590236612768,0.15494590236612768,0.15494590236612768,0.15494590236612768,0.15357821056151047,0.15357821056151047,0.15357821056151047,0.15357821056151047,0.15357821056151047,0.15357821056151047,0.15357821056151047,0.15357821056151047,0.15357821056151047,0.15357821056151047,0.15357821056151047,0.15357821056151047,0.15357821056151047,0.15357821056151047,0.15357821056151047,0.15357821056151047,0.15357821056151047,0.15357821056151047,0.15357821056151047,0.15357821056151047,0.15357821056151047,0.15357821056151047,0.15357821056151047,0.15357821056151047,0.15357821056151047,0.15223779604788382,0.15223779604788382,0.15223779604788382,0.15223779604788382,0.15223779604788382,0.15223779604788382,0.15223779604788382,0.15223779604788382,0.15223779604788382,0.15223779604788382,0.15223779604788382,0.15223779604788382,0.15223779604788382,0.15223779604788382,0.15223779604788382,0.15223779604788382,0.15223779604788382,0.15223779604788382,0.15223779604788382,0.15223779604788382,0.15223779604788382,0.15223779604788382,0.15223779604788382,0.15223779604788382,0.15223779604788382,0.15092408760649534,0.15092408760649534,0.15092408760649534,0.15092408760649534,0.15092408760649534,0.15092408760649534,0.15092408760649534,0.15092408760649534,0.15092408760649534,0.15092408760649534,0.15092408760649534,0.15092408760649534,0.15092408760649534,0.15092408760649534,0.15092408760649534,0.15092408760649534,0.15092408760649534,0.15092408760649534,0.15092408760649534,0.15092408760649534,0.15092408760649534,0.15092408760649534,0.15092408760649534,0.15092408760649534,0.15092408760649534,0.14963652034657515,0.14963652034657515,0.14963652034657515,0.14963652034657515,0.14963652034657515,0.14963652034657515,0.14963652034657515,0.14963652034657515,0.14963652034657515,0.14963652034657515,0.14963652034657515,0.14963652034657515,0.14963652034657515,0.14963652034657515,0.14963652034657515,0.14963652034657515,0.14963652034657515,0.14963652034657515,0.14963652034657515,0.14963652034657515,0.14963652034657515,0.14963652034657515,0.14963652034657515,0.14963652034657515,0.14963652034657515,0.1483745362908243,0.1483745362908243,0.1483745362908243,0.1483745362908243,0.1483745362908243,0.1483745362908243,0.1483745362908243,0.1483745362908243,0.1483745362908243,0.1483745362908243,0.1483745362908243,0.1483745362908243,0.1483745362908243,0.1483745362908243,0.1483745362908243,0.1483745362908243,0.1483745362908243,0.1483745362908243,0.1483745362908243,0.1483745362908243,0.1483745362908243,0.1483745362908243,0.1483745362908243,0.1483745362908243,0.1483745362908243,0.14713758488392947,0.14713758488392947,0.14713758488392947,0.14713758488392947,0.14713758488392947,0.14713758488392947,0.14713758488392947,0.14713758488392947,0.14713758488392947,0.14713758488392947,0.14713758488392947,0.14713758488392947,0.14713758488392947,0.14713758488392947,0.14713758488392947,0.14713758488392947,0.14713758488392947,0.14713758488392947,0.14713758488392947,0.14713758488392947,0.14713758488392947,0.14713758488392947,0.14713758488392947,0.14713758488392947,0.14713758488392947,0.14592512343070776,0.14592512343070776,0.14592512343070776,0.14592512343070776,0.14592512343070776,0.14592512343070776,0.14592512343070776,0.14592512343070776,0.14592512343070776,0.14592512343070776,0.14592512343070776,0.14592512343070776,0.14592512343070776,0.14592512343070776,0.14592512343070776,0.14592512343070776,0.14592512343070776,0.14592512343070776,0.14592512343070776,0.14592512343070776,0.14592512343070776,0.14592512343070776,0.14592512343070776,0.14592512343070776,0.14592512343070776,0.14473661747002284,0.14473661747002284,0.14473661747002284,0.14473661747002284,0.14473661747002284,0.14473661747002284,0.14473661747002284,0.14473661747002284,0.14473661747002284,0.14473661747002284,0.14473661747002284,0.14473661747002284,0.14473661747002284,0.14473661747002284,0.14473661747002284,0.14473661747002284,0.14473661747002284,0.14473661747002284,0.14473661747002284,0.14473661747002284,0.14473661747002284,0.14473661747002284,0.14473661747002284,0.14473661747002284,0.14473661747002284,0.14357154109018197,0.14357154109018197,0.14357154109018197,0.14357154109018197,0.14357154109018197,0.14357154109018197,0.14357154109018197,0.14357154109018197,0.14357154109018197,0.14357154109018197,0.14357154109018197,0.14357154109018197,0.14357154109018197,0.14357154109018197,0.14357154109018197,0.14357154109018197,0.14357154109018197,0.14357154109018197,0.14357154109018197,0.14357154109018197,0.14357154109018197,0.14357154109018197,0.14357154109018197,0.14357154109018197,0.14357154109018197,0.14242937719110643,0.14242937719110643,0.14242937719110643,0.14242937719110643,0.14242937719110643,0.14242937719110643,0.14242937719110643,0.14242937719110643,0.14242937719110643,0.14242937719110643,0.14242937719110643,0.14242937719110643,0.14242937719110643,0.14242937719110643,0.14242937719110643,0.14242937719110643,0.14242937719110643,0.14242937719110643,0.14242937719110643,0.14242937719110643,0.14242937719110643,0.14242937719110643,0.14242937719110643,0.14242937719110643,0.14242937719110643,0.14130961769817585,0.14130961769817585,0.14130961769817585,0.14130961769817585,0.14130961769817585,0.14130961769817585,0.14130961769817585,0.14130961769817585,0.14130961769817585,0.14130961769817585,0.14130961769817585,0.14130961769817585,0.14130961769817585,0.14130961769817585,0.14130961769817585,0.14130961769817585,0.14130961769817585,0.14130961769817585,0.14130961769817585,0.14130961769817585,0.14130961769817585,0.14130961769817585,0.14130961769817585,0.14130961769817585,0.14130961769817585,0.14021176373227193,0.14021176373227193,0.14021176373227193,0.14021176373227193,0.14021176373227193,0.14021176373227193,0.14021176373227193,0.14021176373227193,0.14021176373227193,0.14021176373227193,0.14021176373227193,0.14021176373227193,0.14021176373227193,0.14021176373227193,0.14021176373227193,0.14021176373227193,0.14021176373227193,0.14021176373227193,0.14021176373227193,0.14021176373227193,0.14021176373227193,0.14021176373227193,0.14021176373227193,0.14021176373227193,0.14021176373227193,0.139135325740201,0.139135325740201,0.139135325740201,0.139135325740201,0.139135325740201,0.139135325740201,0.139135325740201,0.139135325740201,0.139135325740201,0.139135325740201,0.139135325740201,0.139135325740201,0.139135325740201,0.139135325740201,0.139135325740201,0.139135325740201,0.139135325740201,0.139135325740201,0.139135325740201,0.139135325740201,0.139135325740201,0.139135325740201,0.139135325740201,0.139135325740201,0.139135325740201,0.13807982358933704,0.13807982358933704,0.13807982358933704,0.13807982358933704,0.13807982358933704,0.13807982358933704,0.13807982358933704,0.13807982358933704,0.13807982358933704,0.13807982358933704,0.13807982358933704,0.13807982358933704,0.13807982358933704,0.13807982358933704,0.13807982358933704,0.13807982358933704,0.13807982358933704,0.13807982358933704,0.13807982358933704,0.13807982358933704,0.13807982358933704,0.13807982358933704,0.13807982358933704,0.13807982358933704,0.13807982358933704,0.13704478663002223,0.13704478663002223,0.13704478663002223,0.13704478663002223,0.13704478663002223,0.13704478663002223,0.13704478663002223,0.13704478663002223,0.13704478663002223,0.13704478663002223,0.13704478663002223,0.13704478663002223,0.1370447866300206,0.13704478663002223,0.13704478663002223,0.13704478663002223,0.13704478663002223,0.13704478663002223,0.13704478663002223,0.13704478663002223,0.13704478663002223,0.13704478663002223,0.13704478663002223,0.13704478663002223,0.13704478663002223,0.13602975372896364,0.13602975372896364,0.13602975372896364,0.13602975372896364,0.13602975372896364,0.13602975372896364,0.13602975372896364,0.13602975372896364,0.13602975372896364,0.13602975372896364,0.13602975372896364,0.13602975372896364,0.13602975372896364,0.13602975372896364,0.13602975372896364,0.13602975372896364,0.13602975372896364,0.13602975372896364,0.13602975372896364,0.13602975372896364,0.13602975372896364,0.13602975372896364,0.13602975372896364,0.13602975372896364,0.13602975372896364,0.13503427327659664,0.13503427327659664,0.13503427327659664,0.13503427327659664,0.13503427327659664,0.13503427327659664,0.13503427327659664,0.13503427327659664,0.13503427327659664,0.13503427327659664,0.13503427327659664,0.13503427327659664,0.13503427327659664,0.13503427327659664,0.13503427327659664,0.13503427327659664,0.13503427327659664,0.13503427327659664,0.13503427327659664,0.13503427327659664,0.13503427327659664,0.13503427327659664,0.13503427327659664,0.13503427327659664,0.13503427327659664
0.16533248069781548,0.16533248069781548,0.16533248069781548,0.16533248069781548,0.16533248069781548,0.16533248069781548,0.16533248069781548,0.16533248069781548,0.16533248069781548,0.16533248069781548,0.16533248069781548,0.16533248069781548,0.16533248069781548,0.16533248069781548,0.16533248069781548,0.16533248069781548,0.16533248069781548,0.16533248069781548,0.16533248069781548,0.16533248069781548,0.16533248069781548,0.16533248069781548,0.16533248069781548,0.16533248069781548,0.16533248069781548,0.16375748719536642,0.16375748719536642,0.16375748719536642,0.16375748719536642,0.16375748719536642,0.16375748719536642,0.16375748719536642,0.16375748719536642,0.16375748719536642,0.16375748719536642,0.16375748719536642,0.16375748719536642,0.16375748719536642,0.16375748719536642,0.16375748719536642,0.16375748719536642,0.16375748719536642,0.16375748719536642,0.16375748719536642,0.16375748719536642,0.16375748719536642,0.16375748719536642,0.16375748719536642,0.16375748719536642,0.16375748719536642,0.16221387769850298,0.16221387769850298,0.16221387769850298,0.16221387769850298,0.16221387769850298,0.16221387769850298,0.16221387769850298,0.16221387769850298,0.16221387769850298,0.16221387769850298,0.16221387769850298,0.16221387769850298,0.16221387769850298,0.16221387769850298,0.16221387769850298,0.16221387769850298,0.16221387769850298,0.16221387769850298,0.16221387769850298,0.16221387769850298,0.16221387769850298,0.16221387769850298,0.16221387769850298,0.16221387769850298,0.16221387769850298,0.16070106116575025,0.16070106116575025,0.16070106116575025,0.16070106116575025,0.16070106116575025,0.16070106116575025,0.16070106116575025,0.16070106116575025,0.16070106116575025,0.16070106116575025,0.16070106116575025,0.16070106116575025,0.16070106116575025,0.16070106116575025,0.16070106116575025,0.16070106116575025,0.16070106116575025,0.16070106116575025,0.16070106116575025,0.16070106116575025,0.16070106116575025,0.16070106116575025,0.16070106116575025,0.16070106116575025,0.16070106116575025,0.15921844597214724,0.15921844597214724,0.15921844597214724,0.15921844597214724,0.15921844597214724,0.15921844597214724,0.15921844597214724,0.15921844597214724,0.15921844597214724,0.15921844597214724,0.15921844597214724,0.15921844597214724,0.15921844597214724,0.15921844597214724,0.15921844597214724,0.15921844597214724,0.15921844597214724,0.15921844597214724,0.15921844597214724,0.15921844597214724,0.15921844597214724,0.15921844597214724,0.15921844597214724,0.15921844597214724,0.15921844597214724,0.1577654412614048,0.1577654412614048,0.1577654412614048,0.1577654412614048,0.1577654412614048,0.1577654412614048,0.1577654412614048,0.1577654412614048,0.1577654412614048,0.1577654412614048,0.1577654412614048,0.1577654412614048,0.1577654412614048,0.1577654412614048,0.1577654412614048,0.1577654412614048,0.1577654412614048,0.1577654412614048,0.1577654412614048,0.1577654412614048,0.1577654412614048,0.1577654412614048,0.1577654412614048,0.1577654412614048,0.1577654412614048,0.15634145816011188,0.15634145816011188,0.15634145816011188,0.15634145816011188,0.15634145816011188,0.15634145816011188,0.15634145816011188,0.15634145816011188,0.15634145816011188,0.15634145816011188,0.15634145816011188,0.15634145816011188,0.15634145816011188,0.15634145816011188,0.15634145816011188,0.15634145816011188,0.15634145816011188,0.15634145816011188,0.15634145816011188,0.15634145816011188,0.15634145816011188,0.15634145816011188,0.15634145816011188,0.15634145816011188,0.15634145816011188,0.1549459108646925,0.1549459108646925,0.1549459108646925,0.1549459108646925,0.1549459108646925,0.1549459108646925,0.1549459108646925,0.1549459108646925,0.1549459108646925,0.1549459108646925,0.1549459108646925,0.1549459108646925,0.1549459108646925,0.1549459108646925,0.1549459108646925,0.1549459108646925,0.1549459108646925,0.1549459108646925,0.1549459108646925,0.1549459108646925,0.1549459108646925,0.1549459108646925,0.1549459108646925,0.1549459108646925,0.1549459108646925,0.15357821761081922,0.15357821761081922,0.15357821761081922,0.15357821761081922,0.15357821761081922,0.15357821761081922,0.15357821761081922,0.15357821761081922,0.15357821761081922,0.15357821761081922,0.15357821761081922,0.15357821761081922,0.15357821761081922,0.15357821761081922,0.15357821761081922,0.15357821761081922,0.15357821761081922,0.15357821761081922,0.15357821761081922,0.15357821761081922,0.15357821761081922,0.15357821761081922,0.15357821761081922,0.15357821761081922,0.15357821761081922,0.15223780153444433,0.15223780153444433,0.15223780153444433,0.15223780153444433,0.15223780153444433,0.15223780153444433,0.15223780153444433,0.15223780153444433,0.15223780153444433,0.15223780153444433,0.15223780153444433,0.15223780153444433,0.15223780153444433,0.15223780153444433,0.15223780153444433,0.15223780153444433,0.15223780153444433,0.15223780153444433,0.15223780153444433,0.15223780153444433,0.15223780153444433,0.15223780153444433,0.15223780153444433,0.15223780153444433,0.15223780153444433,0.1509240914330623,0.1509240914330623,0.1509240914330623,0.1509240914330623,0.1509240914330623,0.1509240914330623,0.1509240914330623,0.1509240914330623,0.1509240914330623,0.1509240914330623,0.1509240914330623,0.1509240914330623,0.1509240914330623,0.1509240914330623,0.1509240914330623,0.1509240914330623,0.1509240914330623,0.1509240914330623,0.1509240914330623,0.1509240914330623,0.1509240914330623,0.1509240914330623,0.1509240914330623,0.1509240914330623,0.1509240914330623,0.1496365224352799,0.1496365224352799,0.1496365224352799,0.1496365224352799,0.1496365224352799,0.1496365224352799,0.1496365224352799,0.1496365224352799,0.1496365224352799,0.1496365224352799,0.1496365224352799,0.1496365224352799,0.1496365224352799,0.1496365224352799,0.1496365224352799,0.1496365224352799,0.1496365224352799,0.1496365224352799,0.1496365224352799,0.1496365224352799,0.1496365224352799,0.1496365224352799,0.1496365224352799,0.1496365224352799,0.1496365224352799,0.148374536586267,0.148374536586267,0.148374536586267,0.148374536586267,0.148374536586267,0.148374536586267,0.148374536586267,0.148374536586267,0.148374536586267,0.148374536586267,0.148374536586267,0.148374536586267,0.148374536586267,0.148374536586267,0.148374536586267,0.148374536586267,0.148374536586267,0.148374536586267,0.148374536586267,0.148374536586267,0.148374536586267,0.148374536586267,0.148374536586267,0.148374536586267,0.148374536586267,0.14713758335615088,0.14713758335615088,0.14713758335615088,0.14713758335615088,0.14713758335615088,0.14713758335615088,0.14713758335615088,0.14713758335615088,0.14713758335615088,0.14713758335615088,0.14713758335615088,0.14713758335615088,0.14713758335615088,0.14713758335615088,0.14713758335615088,0.14713758335615088,0.14713758335615088,0.14713758335615088,0.14713758335615088,0.14713758335615088,0.14713758335615088,0.14713758335615088,0.14713758335615088,0.14713758335615088,0.14713758335615088,0.1459251200779494,0.1459251200779492,0.1459251200779492,0.1459251200779492,0.1459251200779492,0.1459251200779492,0.1459251200779492,0.1459251200779492,0.1459251200779492,0.1459251200779492,0.1459251200779492,0.1459251200779492,0.1459251200779492,0.1459251200779492,0.1459251200779492,0.1459251200779492,0.1459251200779492,0.1459251200779492,0.1459251200779492,0.1459251200779492,0.1459251200779492,0.1459251200779492,0.1459251200779492,0.1459251200779492,0.1459251200779492,0.14473661232117468,0.14473661232117468,0.14473661232117468,0.14473661232117468,0.14473661232117468,0.14473661232117468,0.14473661232117468,0.14473661232117468,0.14473661232117468,0.14473661232117468,0.14473661232117468,0.14473661232117468,0.14473661232117468,0.14473661232117468,0.14473661232117468,0.14473661232117468,0.14473661232117468,0.14473661232117468,0.14473661232117468,0.14473661232117468,0.14473661232117468,0.14473661232117468,0.14473661232117468,0.14473661232117468,0.14473661232117468,0.1435715342068132,0.1435715342068132,0.1435715342068132,0.1435715342068132,0.1435715342068132,0.1435715342068132,0.1435715342068132,0.1435715342068132,0.1435715342068132,0.1435715342068132,0.1435715342068132,0.1435715342068132,0.1435715342068132,0.1435715342068132,0.1435715342068132,0.1435715342068132,0.1435715342068132,0.1435715342068132,0.1435715342068132,0.1435715342068132,0.1435715342068132,0.1435715342068132,0.1435715342068132,0.1435715342068132,0.1435715342068132,0.14242936866896447,0.14242936866896447,0.14242936866896447,0.14242936866896447,0.14242936866896447,0.14242936866896447,0.14242936866896447,0.14242936866896447,0.14242936866896447,0.14242936866896447,0.14242936866896447,0.14242936866896447,0.14242936866896447,0.14242936866896447,0.14242936866896447,0.14242936866896447,0.14242936866896447,0.14242936866896447,0.14242936866896447,0.14242936866896447,0.14242936866896447,0.14242936866896447,0.14242936866896447,0.14242936866896447,0.14242936866896447,0.14130960766804068,0.14130960766804068,0.14130960766804068,0.14130960766804068,0.14130960766804068,0.14130960766804068,0.14130960766804068,0.14130960766804068,0.14130960766804068,0.14130960766804068,0.14130960766804068,0.14130960766804068,0.14130960766804068,0.14130960766804068,0.14130960766804068,0.14130960766804068,0.14130960766804068,0.14130960766804068,0.14130960766804068,0.14130960766804068,0.14130960766804068,0.14130960766804068,0.14130960766804068,0.14130960766804068,0.14130960766804068,0.14021175236005465,0.14021175236005465,0.14021175236005465,0.14021175236005465,0.14021175236005465,0.14021175236005465,0.14021175236005465,0.14021175236005465,0.14021175236005465,0.14021175236005465,0.14021175236005465,0.14021175236005465,0.14021175236005465,0.14021175236005465,0.14021175236005465,0.14021175236005465,0.14021175236005465,0.14021175236005465,0.14021175236005465,0.14021175236005465,0.14021175236005465,0.14021175236005465,0.14021175236005465,0.14021175236005465,0.14021175236005465,0.1391353132261779,0.1391353132261779,0.1391353132261779,0.1391353132261779,0.1391353132261779,0.1391353132261779,0.1391353132261779,0.1391353132261779,0.1391353132261779,0.1391353132261779,0.1391353132261779,0.1391353132261779,0.1391353132261779,0.1391353132261779,0.1391353132261779,0.1391353132261779,0.1391353132261779,0.1391353132261779,0.1391353132261779,0.1391353132261779,0.1391353132261779,0.1391353132261779,0.1391353132261779,0.1391353132261779,0.1391353132261779,0.13807981016642643,0.13807981016642643,0.13807981016642643,0.13807981016642643,0.13807981016642643,0.13807981016642643,0.13807981016642643,0.13807981016642643,0.13807981016642643,0.13807981016642643,0.13807981016642643,0.13807981016642643,0.13807981016642643,0.13807981016642643,0.13807981016642643,0.13807981016642643,0.13807981016642643,0.13807981016642643,0.13807981016642643,0.13807981016642643,0.13807981016642643,0.13807981016642643,0.13807981016642643,0.13807981016642643,0.13807981016642643,0.1370447725610217,0.1370447725610217,0.1370447725610217,0.1370447725610217,0.1370447725610217,0.1370447725610217,0.1370447725610217,0.1370447725610217,0.1370447725610217,0.1370447725610217,0.1370447725610217,0.1370447725610217,0.13704477256102082,0.1370447725610217,0.1370447725610217,0.1370447725610217,0.1370447725610217,0.1370447725610217,0.1370447725610217,0.1370447725610217,0.1370447725610217,0.1370447725610217,0.1370447725610217,0.1370447725610217,0.1370447725610217,0.13602973930269197,0.13602973930269197,0.13602973930269197,0.13602973930269197,0.13602973930269197,0.13602973930269197,0.13602973930269197,0.13602973930269197,0.13602973930269197,0.13602973930269197,0.13602973930269197,0.13602973930269197,0.13602973930269197,0.13602973930269197,0.13602973930269197,0.13602973930269197,0.13602973930269197,0.13602973930269197,0.13602973930269197,0.13602973930269197,0.13602973930269197,0.13602973930269197,0.13602973930269197,0.13602973930269197,0.13602973930269197,0.1350342588029103,0.1350342588029103,0.1350342588029103,0.1350342588029103,0.1350342588029103,0.1350342588029103,0.1350342588029103,0.1350342588029103,0.1350342588029103,0.1350342588029103,0.1350342588029103,0.1350342588029103,0.1350342588029103,0.13503425880291045,0.1350342588029103,0.1350342588029103,0.1350342588029103,0.13503425880291045,0.13503425880291045,0.13503425880291045,0.1350342588029103,0.1350342588029103,0.1350342588029103,0.13503425880291045,0.13503425880291045
0.1653324855925978,0.1653324855925978,0.1653324855925978,0.1653324855925978,0.1653324855925978,0.1653324855925978,0.1653324855925978,0.1653324855925978,0.1653324855925978,0.1653324855925978,0.1653324855925978,0.1653324855925978,0.1653324855925978,0.1653324855925978,0.1653324855925978,0.1653324855925978,0.1653324855925978,0.1653324855925978,0.1653324855925978,0.1653324855925978,0.1653324855925978,0.1653324855925978,0.1653324855925978,0.1653324855925978,0.1653324855925978,0.16375749194376366,0.16375749194376366,0.16375749194376366,0.16375749194376366,0.16375749194376366,0.16375749194376366,0.16375749194376366,0.16375749194376366,0.16375749194376366,0.16375749194376366,0.16375749194376366,0.16375749194376366,0.16375749194376366,0.16375749194376366,0.16375749194376366,0.16375749194376366,0.16375749194376366,0.16375749194376366,0.16375749194376366,0.16375749194376366,0.16375749194376366,0.16375749194376366,0.16375749194376366,0.16375749194376366,0.16375749194376366,0.16221388225050695,0.16221388225050695,0.16221388225050695,0.16221388225050695,0.16221388225050695,0.16221388225050695,0.16221388225050695,0.16221388225050695,0.16221388225050695,0.16221388225050695,0.16221388225050695,0.16221388225050695,0.16221388225050695,0.16221388225050695,0.16221388225050695,0.16221388225050695,0.16221388225050695,0.16221388225050695,0.16221388225050695,0.16221388225050695,0.16221388225050695,0.16221388225050695,0.16221388225050695,0.16221388225050695,0.16221388225050695,0.1607010654707805,0.1607010654707805,0.1607010654707805,0.1607010654707805,0.1607010654707805,0.1607010654707805,0.1607010654707805,0.1607010654707805,0.1607010654707805,0.1607010654707805,0.1607010654707805,0.1607010654707805,0.1607010654707805,0.1607010654707805,0.1607010654707805,0.1607010654707805,0.1607010654707805,0.1607010654707805,0.1607010654707805,0.1607010654707805,0.1607010654707805,0.1607010654707805,0.1607010654707805,0.1607010654707805,0.1607010654707805,0.15921844997997436,0.15921844997997436,0.15921844997997436,0.15921844997997436,0.15921844997997436,0.15921844997997436,0.15921844997997436,0.15921844997997436,0.15921844997997436,0.15921844997997436,0.15921844997997436,0.15921844997997436,0.15921844997997436,0.15921844997997436,0.15921844997997436,0.15921844997997436,0.15921844997997436,0.15921844997997436,0.15921844997997436,0.15921844997997436,0.15921844997997436,0.15921844997997436,0.15921844997997436,0.15921844997997436,0.15921844997997436,0.15776544492269948,0.15776544492269948,0.15776544492269948,0.15776544492269948,0.15776544492269948,0.15776544492269948,0.15776544492269948,0.15776544492269948,0.15776544492269948,0.15776544492269948,0.15776544492269948,0.15776544492269948,0.15776544492269948,0.15776544492269948,0.15776544492269948,0.15776544492269948,0.15776544492269948,0.15776544492269948,0.15776544492269948,0.15776544492269948,0.15776544492269948,0.15776544492269948,0.15776544492269948,0.15776544492269948,0.15776544492269948,0.15634146142696373,0.15634146142696373,0.15634146142696373,0.15634146142696373,0.15634146142696373,0.15634146142696373,0.15634146142696373,0.15634146142696373,0.15634146142696373,0.15634146142696373,0.15634146142696373,0.15634146142696373,0.15634146142696373,0.15634146142696373,0.15634146142696373,0.15634146142696373,0.15634146142696373,0.15634146142696373,0.15634146142696373,0.15634146142696373,0.15634146142696373,0.15634146142696373,0.15634146142696373,0.15634146142696373,0.15634146142696373,0.15494591369160407,0.15494591369160407,0.15494591369160407,0.15494591369160407,0.15494591369160407,0.15494591369160407,0.15494591369160407,0.15494591369160407,0.15494591369160407,0.15494591369160407,0.15494591369160407,0.15494591369160407,0.15494591369160407,0.15494591369160407,0.15494591369160407,0.15494591369160407,0.15494591369160407,0.15494591369160407,0.15494591369160407,0.15494591369160407,0.15494591369160407,0.15494591369160407,0.15494591369160407,0.15494591369160407,0.15494591369160407,0.1535782199556662,0.1535782199556662,0.1535782199556662,0.1535782199556662,0.1535782199556662,0.1535782199556662,0.1535782199556662,0.1535782199556662,0.1535782199556662,0.1535782199556662,0.1535782199556662,0.1535782199556662,0.1535782199556662,0.1535782199556662,0.1535782199556662,0.1535782199556662,0.1535782199556662,0.1535782199556662,0.1535782199556662,0.1535782199556662,0.1535782199556662,0.1535782199556662,0.1535782199556662,0.1535782199556662,0.1535782199556662,0.15223780335947623,0.15223780335947623,0.15223780335947623,0.15223780335947623,0.15223780335947623,0.15223780335947623,0.15223780335947623,0.15223780335947623,0.15223780335947623,0.15223780335947623,0.15223780335947623,0.15223780335947623,0.15223780335947623,0.15223780335947623,0.15223780335947623,0.15223780335947623,0.15223780335947623,0.15223780335947623,0.15223780335947623,0.15223780335947623,0.15223780335947623,0.15223780335947623,0.15223780335947623,0.15223780335947623,0.15223780335947623,0.15092409270593227,0.15092409270593227,0.15092409270593227,0.15092409270593227,0.15092409270593227,0.15092409270593227,0.15092409270593227,0.15092409270593227,0.15092409270593227,0.15092409270593227,0.15092409270593227,0.15092409270593227,0.15092409270593227,0.15092409270593227,0.15092409270593227,0.15092409270593227,0.15092409270593227,0.15092409270593227,0.15092409270593227,0.15092409270593227,0.15092409270593227,0.15092409270593227,0.15092409270593227,0.15092409270593227,0.15092409270593227,0.14963652313008688,0.14963652313008688,0.14963652313008688,0.14963652313008688,0.14963652313008688,0.14963652313008688,0.14963652313008688,0.14963652313008688,0.14963652313008688,0.14963652313008688,0.14963652313008688,0.14963652313008688,0.14963652313008688,0.14963652313008688,0.14963652313008688,0.14963652313008688,0.14963652313008688,0.14963652313008688,0.14963652313008688,0.14963652313008688,0.14963652313008688,0.14963652313008688,0.14963652313008688,0.14963652313008688,0.14963652313008688,0.1483745366845834,0.1483745366845834,0.1483745366845834,0.1483745366845834,0.1483745366845834,0.1483745366845834,0.1483745366845834,0.1483745366845834,0.1483745366845834,0.1483745366845834,0.1483745366845834,0.1483745366845834,0.1483745366845834,0.1483745366845834,0.1483745366845834,0.1483745366845834,0.1483745366845834,0.1483745366845834,0.1483745366845834,0.1483745366845834,0.1483745366845834,0.1483745366845834,0.1483745366845834,0.1483745366845834,0.1483745366845834,0.14713758284801176,0.14713758284801176,0.14713758284801176,0.14713758284801176,0.14713758284801176,0.14713758284801176,0.14713758284801176,0.14713758284801176,0.14713758284801176,0.14713758284801176,0.14713758284801176,0.14713758284801176,0.14713758284801176,0.14713758284801176,0.14713758284801176,0.14713758284801176,0.14713758284801176,0.14713758284801176,0.14713758284801176,0.14713758284801176,0.14713758284801176,0.14713758284801176,0.14713758284801176,0.14713758284801176,0.14713758284801176,0.14592511896276952,0.14592511896276952,0.14592511896276952,0.14592511896276952,0.14592511896276952,0.14592511896276952,0.14592511896276952,0.14592511896276952,0.14592511896276952,0.14592511896276952,0.14592511896276952,0.14592511896276952,0.14592511896276952,0.14592511896276952,0.14592511896276952,0.14592511896276952,0.14592511896276952,0.14592511896276952,0.14592511896276952,0.14592511896276952,0.14592511896276952,0.14592511896276952,0.14592511896276952,0.14592511896276952,0.14592511896276952,0.14473661060856424,0.14473661060856424,0.14473661060856424,0.14473661060856424,0.14473661060856424,0.14473661060856424,0.14473661060856424,0.14473661060856424,0.14473661060856424,0.14473661060856424,0.14473661060856424,0.14473661060856424,0.14473661060856424,0.14473661060856424,0.14473661060856424,0.14473661060856424,0.14473661060856424,0.14473661060856424,0.14473661060856424,0.14473661060856424,0.14473661060856424,0.14473661060856424,0.14473661060856424,0.14473661060856424,0.14473661060856424,0.14357153191725175,0.14357153191725175,0.14357153191725175,0.14357153191725175,0.14357153191725175,0.14357153191725175,0.14357153191725175,0.14357153191725175,0.14357153191725175,0.14357153191725175,0.14357153191725175,0.14357153191725175,0.14357153191725175,0.14357153191725175,0.14357153191725175,0.14357153191725175,0.14357153191725175,0.14357153191725175,0.14357153191725175,0.14357153191725175,0.14357153191725175,0.14357153191725175,0.14357153191725175,0.14357153191725175,0.14357153191725175,0.14242936583430046,0.14242936583430046,0.14242936583430046,0.14242936583430046,0.14242936583430046,0.14242936583430046,0.14242936583430046,0.14242936583430046,0.14242936583430046,0.14242936583430046,0.14242936583430046,0.14242936583430046,0.14242936583430046,0.14242936583430046,0.14242936583430046,0.14242936583430046,0.14242936583430046,0.14242936583430046,0.14242936583430046,0.14242936583430046,0.14242936583430046,0.14242936583430046,0.14242936583430046,0.14242936583430046,0.14242936583430046,0.14130960433177547,0.14130960433177547,0.14130960433177547,0.14130960433177547,0.14130960433177547,0.14130960433177547,0.14130960433177547,0.14130960433177547,0.14130960433177547,0.14130960433177547,0.14130960433177547,0.14130960433177547,0.14130960433177547,0.14130960433177547,0.14130960433177547,0.14130960433177547,0.14130960433177547,0.14130960433177547,0.14130960433177547,0.14130960433177547,0.14130960433177547,0.14130960433177547,0.14130960433177547,0.14130960433177547,0.14130960433177547,0.14021174857737487,0.14021174857737487,0.14021174857737487,0.14021174857737487,0.14021174857737487,0.14021174857737487,0.14021174857737487,0.14021174857737487,0.14021174857737487,0.14021174857737487,0.14021174857737487,0.14021174857737487,0.14021174857737487,0.14021174857737487,0.14021174857737487,0.14021174857737487,0.14021174857737487,0.14021174857737487,0.14021174857737487,0.14021174857737487,0.14021174857737487,0.14021174857737487,0.14021174857737487,0.14021174857737487,0.14021174857737487,0.13913530906370158,0.13913530906370158,0.13913530906370158,0.13913530906370158,0.13913530906370158,0.13913530906370158,0.13913530906370158,0.13913530906370158,0.13913530906370158,0.13913530906370158,0.13913530906370158,0.13913530906370158,0.13913530906370158,0.13913530906370158,0.13913530906370158,0.13913530906370158,0.13913530906370158,0.13913530906370158,0.13913530906370158,0.13913530906370158,0.13913530906370158,0.13913530906370158,0.13913530906370158,0.13913530906370158,0.13913530906370158,0.1380798057016287,0.1380798057016287,0.1380798057016287,0.1380798057016287,0.1380798057016287,0.1380798057016287,0.1380798057016287,0.1380798057016287,0.1380798057016287,0.1380798057016287,0.1380798057016287,0.1380798057016287,0.1380798057016287,0.1380798057016287,0.1380798057016287,0.1380798057016287,0.1380798057016287,0.1380798057016287,0.1380798057016287,0.1380798057016287,0.1380798057016287,0.1380798057016287,0.1380798057016287,0.1380798057016287,0.1380798057016287,0.13704476788131661,0.13704476788131661,0.13704476788131661,0.13704476788131661,0.13704476788131661,0.13704476788131661,0.13704476788131661,0.13704476788131661,0.13704476788131661,0.13704476788131661,0.13704476788131661,0.13704476788131661,0.1370447678813131,0.13704476788131661,0.13704476788131661,0.13704476788131661,0.13704476788131661,0.13704476788131661,0.13704476788131661,0.13704476788131661,0.13704476788131661,0.13704476788131661,0.13704476788131661,0.13704476788131661,0.13704476788131661,0.13602973450414932,0.13602973450414932,0.13602973450414932,0.13602973450414932,0.13602973450414932,0.13602973450414932,0.13602973450414932,0.13602973450414932,0.13602973450414932,0.13602973450414932,0.13602973450414932,0.13602973450414932,0.13602973450414932,0.13602973450414932,0.13602973450414932,0.13602973450414932,0.13602973450414932,0.13602973450414932,0.13602973450414932,0.13602973450414932,0.13602973450414932,0.13602973450414932,0.13602973450414932,0.13602973450414932,0.13602973450414932,0.1350342539885628,0.1350342539885628,0.1350342539885628,0.1350342539885628,0.1350342539885628,0.1350342539885628,0.1350342539885628,0.1350342539885628,0.1350342539885628,0.1350342539885628,0.1350342539885628,0.1350342539885628,0.1350342539885628,0.1350342539885628,0.1350342539885628,0.1350342539885628,0.1350342539885628,0.1350342539885628,0.1350342539885628,0.1350342539885628,0.1350342539885628,0.1350342539885628,0.1350342539885628,0.1350342539885628,0.1350342539885628
0.16533248722080607,0.16533248722080607,0.16533248722080607,0.16533248722080607,0.16533248722080607,0.16533248722080607,0.16533248722080607,0.16533248722080607,0.16533248722080607,0.16533248722080607,0.16533248722080607,0.16533248722080607,0.16533248722080607,0.16533248722080607,0.16533248722080607,0.16533248722080607,0.16533248722080607,0.16533248722080607,0.16533248722080607,0.16533248722080607,0.16533248722080607,0.16533248722080607,0.16533248722080607,0.16533248722080607,0.16533248722080607,0.16375749352270894,0.16375749352270894,0.16375749352270894,0.16375749352270894,0.16375749352270894,0.16375749352270894,0.16375749352270894,0.16375749352270894,0.16375749352270894,0.16375749352270894,0.16375749352270894,0.16375749352270894,0.16375749352270894,0.16375749352270894,0.16375749352270894,0.16375749352270894,0.16375749352270894,0.16375749352270894,0.16375749352270894,0.16375749352270894,0.16375749352270894,0.16375749352270894,0.16375749352270894,0.16375749352270894,0.16375749352270894,0.16221388376432228,0.16221388376432228,0.16221388376432228,0.16221388376432228,0.16221388376432228,0.16221388376432228,0.16221388376432228,0.16221388376432228,0.16221388376432228,0.16221388376432228,0.16221388376432228,0.16221388376432228,0.16221388376432228,0.16221388376432228,0.16221388376432228,0.16221388376432228,0.16221388376432228,0.16221388376432228,0.16221388376432228,0.16221388376432228,0.16221388376432228,0.16221388376432228,0.16221388376432228,0.16221388376432228,0.16221388376432228,0.16070106690290908,0.16070106690290908,0.16070106690290908,0.16070106690290908,0.16070106690290908,0.16070106690290908,0.16070106690290908,0.16070106690290908,0.16070106690290908,0.16070106690290908,0.16070106690290908,0.16070106690290908,0.16070106690290908,0.16070106690290908,0.16070106690290908,0.16070106690290908,0.16070106690290908,0.16070106690290908,0.16070106690290908,0.16070106690290908,0.16070106690290908,0.16070106690290908,0.16070106690290908,0.16070106690290908,0.16070106690290908,0.1592184513135553,0.1592184513135553,0.1592184513135553,0.1592184513135553,0.1592184513135553,0.1592184513135553,0.1592184513135553,0.1592184513135553,0.1592184513135553,0.1592184513135553,0.1592184513135553,0.1592184513135553,0.1592184513135553,0.1592184513135553,0.1592184513135553,0.1592184513135553,0.1592184513135553,0.1592184513135553,0.1592184513135553,0.1592184513135553,0.1592184513135553,0.1592184513135553,0.1592184513135553,0.1592184513135553,0.1592184513135553,0.15776544614100224,0.15776544614100224,0.15776544614100224,0.15776544614100224,0.15776544614100224,0.15776544614100224,0.15776544614100224,0.15776544614100224,0.15776544614100224,0.15776544614100224,0.15776544614100224,0.15776544614100224,0.15776544614100224,0.15776544614100224,0.15776544614100224,0.15776544614100224,0.15776544614100224,0.15776544614100224,0.15776544614100224,0.15776544614100224,0.15776544614100224,0.15776544614100224,0.15776544614100224,0.15776544614100224,0.15776544614100224,0.15634146251395226,0.15634146251395226,0.15634146251395226,0.15634146251395226,0.15634146251395226,0.15634146251395226,0.15634146251395226,0.15634146251395226,0.15634146251395226,0.15634146251395226,0.15634146251395226,0.15634146251395226,0.15634146251395226,0.15634146251395226,0.15634146251395226,0.15634146251395226,0.15634146251395226,0.15634146251395226,0.15634146251395226,0.15634146251395226,0.15634146251395226,0.15634146251395226,0.15634146251395226,0.15634146251395226,0.15634146251395226,0.15494591463211368,0.15494591463211368,0.15494591463211368,0.15494591463211368,0.15494591463211368,0.15494591463211368,0.15494591463211368,0.15494591463211368,0.15494591463211368,0.15494591463211368,0.15494591463211368,0.15494591463211368,0.15494591463211368,0.15494591463211368,0.15494591463211368,0.15494591463211368,0.15494591463211368,0.15494591463211368,0.15494591463211368,0.15494591463211368,0.15494591463211368,0.15494591463211368,0.15494591463211368,0.15494591463211368,0.15494591463211368,0.15357822073569535,0.15357822073569535,0.15357822073569535,0.15357822073569535,0.15357822073569535,0.15357822073569535,0.15357822073569535,0.15357822073569535,0.15357822073569535,0.15357822073569535,0.15357822073569535,0.15357822073569535,0.15357822073569535,0.15357822073569535,0.15357822073569535,0.15357822073569535,0.15357822073569535,0.15357822073569535,0.15357822073569535,0.15357822073569535,0.15357822073569535,0.15357822073569535,0.15357822073569535,0.15357822073569535,0.15357822073569535,0.15223780396649994,0.15223780396649994,0.15223780396649994,0.15223780396649994,0.15223780396649994,0.15223780396649994,0.15223780396649994,0.15223780396649994,0.15223780396649994,0.15223780396649994,0.15223780396649994,0.15223780396649994,0.15223780396649994,0.15223780396649994,0.15223780396649994,0.15223780396649994,0.15223780396649994,0.15223780396649994,0.15223780396649994,0.15223780396649994,0.15223780396649994,0.15223780396649994,0.15223780396649994,0.15223780396649994,0.15223780396649994,0.15092409312923027,0.15092409312923027,0.15092409312923027,0.15092409312923027,0.15092409312923027,0.15092409312923027,0.15092409312923027,0.15092409312923027,0.15092409312923027,0.15092409312923027,0.15092409312923027,0.15092409312923027,0.15092409312923027,0.15092409312923027,0.15092409312923027,0.15092409312923027,0.15092409312923027,0.15092409312923027,0.15092409312923027,0.15092409312923027,0.15092409312923027,0.15092409312923027,0.15092409312923027,0.15092409312923027,0.15092409312923027,0.14963652336107902,0.14963652336107902,0.14963652336107902,0.14963652336107902,0.14963652336107902,0.14963652336107902,0.14963652336107902,0.14963652336107902,0.14963652336107902,0.14963652336107902,0.14963652336107902,0.14963652336107902,0.14963652336107902,0.14963652336107902,0.14963652336107902,0.14963652336107902,0.14963652336107902,0.14963652336107902,0.14963652336107902,0.14963652336107902,0.14963652336107902,0.14963652336107902,0.14963652336107902,0.14963652336107902,0.14963652336107902,0.14837453671716624,0.14837453671716624,0.14837453671716624,0.14837453671716624,0.14837453671716624,0.14837453671716624,0.14837453671716624,0.14837453671716624,0.14837453671716624,0.14837453671716624,0.14837453671716624,0.14837453671716624,0.14837453671716624,0.14837453671716624,0.14837453671716624,0.14837453671716624,0.14837453671716624,0.14837453671716624,0.14837453671716624,0.14837453671716624,0.14837453671716624,0.14837453671716624,0.14837453671716624,0.14837453671716624,0.14837453671716624,0.14713758267888502,0.14713758267888502,0.14713758267888502,0.14713758267888502,0.14713758267888502,0.14713758267888502,0.14713758267888502,0.14713758267888502,0.14713758267888502,0.14713758267888502,0.14713758267888502,0.14713758267888502,0.14713758267888502,0.14713758267888502,0.14713758267888502,0.14713758267888502,0.14713758267888502,0.14713758267888502,0.14713758267888502,0.14713758267888502,0.14713758267888502,0.14713758267888502,0.14713758267888502,0.14713758267888502,0.14713758267888502,0.14592511859174534,0.14592511859174534,0.14592511859174534,0.14592511859174534,0.14592511859174534,0.14592511859174534,0.14592511859174534,0.14592511859174534,0.14592511859174534,0.14592511859174534,0.14592511859174534,0.14592511859174534,0.14592511859174534,0.14592511859174534,0.14592511859174534,0.14592511859174534,0.14592511859174534,0.14592511859174534,0.14592511859174534,0.14592511859174534,0.14592511859174534,0.14592511859174534,0.14592511859174534,0.14592511859174534,0.14592511859174534,0.14473661003884056,0.14473661003884056,0.14473661003884056,0.14473661003884056,0.14473661003884056,0.14473661003884056,0.14473661003884056,0.14473661003884056,0.14473661003884056,0.14473661003884056,0.14473661003884056,0.14473661003884056,0.14473661003884056,0.14473661003884056,0.14473661003884056,0.14473661003884056,0.14473661003884056,0.14473661003884056,0.14473661003884056,0.14473661003884056,0.14473661003884056,0.14473661003884056,0.14473661003884056,0.14473661003884056,0.14473661003884056,0.14357153115563934,0.14357153115563934,0.14357153115563934,0.14357153115563934,0.14357153115563934,0.14357153115563934,0.14357153115563934,0.14357153115563934,0.14357153115563934,0.14357153115563934,0.14357153115563934,0.14357153115563934,0.14357153115563934,0.14357153115563934,0.14357153115563934,0.14357153115563934,0.14357153115563934,0.14357153115563934,0.14357153115563934,0.14357153115563934,0.14357153115563934,0.14357153115563934,0.14357153115563934,0.14357153115563934,0.14357153115563934,0.14242936489138938,0.14242936489138938,0.14242936489138938,0.14242936489138938,0.14242936489138938,0.14242936489138938,0.14242936489138938,0.14242936489138938,0.14242936489138938,0.14242936489138938,0.14242936489138938,0.14242936489138938,0.14242936489138938,0.14242936489138938,0.14242936489138938,0.14242936489138938,0.14242936489138938,0.14242936489138938,0.14242936489138938,0.14242936489138938,0.14242936489138938,0.14242936489138938,0.14242936489138938,0.14242936489138938,0.14242936489138938,0.14130960322202968,0.14130960322202968,0.14130960322202968,0.14130960322202968,0.14130960322202968,0.14130960322202968,0.14130960322202968,0.14130960322202968,0.14130960322202968,0.14130960322202968,0.14130960322202968,0.14130960322202968,0.14130960322202968,0.14130960322202968,0.14130960322202968,0.14130960322202968,0.14130960322202968,0.14130960322202968,0.14130960322202968,0.14130960322202968,0.14130960322202968,0.14130960322202968,0.14130960322202968,0.14130960322202968,0.14130960322202968,0.14021174731914202,0.14021174731914202,0.14021174731914202,0.14021174731914202,0.14021174731914202,0.14021174731914202,0.14021174731914202,0.14021174731914202,0.14021174731914202,0.14021174731914202,0.14021174731914202,0.14021174731914202,0.14021174731914202,0.14021174731914202,0.14021174731914202,0.14021174731914202,0.14021174731914202,0.14021174731914202,0.14021174731914202,0.14021174731914202,0.14021174731914202,0.14021174731914202,0.14021174731914202,0.14021174731914202,0.14021174731914202,0.13913530767912433,0.13913530767912433,0.13913530767912433,0.13913530767912433,0.13913530767912433,0.13913530767912433,0.13913530767912433,0.13913530767912433,0.13913530767912433,0.13913530767912433,0.13913530767912433,0.13913530767912433,0.13913530767912433,0.13913530767912433,0.13913530767912433,0.13913530767912433,0.13913530767912433,0.13913530767912433,0.13913530767912433,0.13913530767912433,0.13913530767912433,0.13913530767912433,0.13913530767912433,0.13913530767912433,0.13913530767912433,0.13807980421645397,0.13807980421645397,0.13807980421645397,0.13807980421645397,0.13807980421645397,0.13807980421645397,0.13807980421645397,0.13807980421645397,0.13807980421645397,0.13807980421645397,0.13807980421645397,0.13807980421645397,0.13807980421645397,0.13807980421645397,0.13807980421645397,0.13807980421645397,0.13807980421645397,0.13807980421645397,0.13807980421645397,0.13807980421645397,0.13807980421645397,0.13807980421645397,0.13807980421645397,0.13807980421645397,0.13807980421645397,0.13704476632460802,0.13704476632460802,0.13704476632460802,0.13704476632460802,0.13704476632460802,0.13704476632460802,0.13704476632460802,0.13704476632460802,0.13704476632460802,0.13704476632460802,0.13704476632460802,0.13704476632460802,0.13704476632424478,0.13704476632460802,0.13704476632460802,0.13704476632460802,0.13704476632460802,0.13704476632460802,0.13704476632460802,0.13704476632460802,0.13704476632460802,0.13704476632460802,0.13704476632460802,0.13704476632460802,0.13704476632460802,0.13602973290789883,0.13602973290789883,0.13602973290789883,0.13602973290789883,0.13602973290789883,0.13602973290789883,0.13602973290789883,0.13602973290789883,0.13602973290789883,0.13602973290789883,0.13602973290789883,0.13602973290789883,0.13602973290789883,0.13602973290789883,0.13602973290789883,0.13602973290789883,0.13602973290789883,0.13602973290789883,0.13602973290789883,0.13602973290789883,0.13602973290789883,0.13602973290789883,0.13602973290789883,0.13602973290789883,0.13602973290789883,0.1350342523872466,0.1350342523872466,0.1350342523872466,0.1350342523872466,0.1350342523872466,0.1350342523872466,0.1350342523872466,0.1350342523872466,0.1350342523872466,0.1350342523872466,0.1350342523872466,0.1350342523872466,0.1350342523872466,0.1350342523872466,0.1350342523872466,0.1350342523872466,0.1350342523872466,0.1350342523872466,0.1350342523872466,0.1350342523872466,0.1350342523872466,0.1350342523872466,0.1350342523872466,0.1350342523872466,0.1350342523872466
0.16533248776363038,0.16533248776363038,0.16533248776363038,0.16533248776363038,0.16533248776363038,0.16533248776363038,0.16533248776363038,0.16533248776363038,0.16533248776363038,0.16533248776363038,0.16533248776363038,0.16533248776363038,0.16533248776363038,0.16533248776363038,0.16533248776363038,0.16533248776363038,0.16533248776363038,0.16533248776363038,0.16533248776363038,0.16533248776363038,0.16533248776363038,0.16533248776363038,0.16533248776363038,0.16533248776363038,0.16533248776363038,0.16375749404854525,0.16375749404854525,0.16375749404854525,0.16375749404854525,0.16375749404854525,0.16375749404854525,0.16375749404854525,0.16375749404854525,0.16375749404854525,0.16375749404854525,0.16375749404854525,0.16375749404854525,0.16375749404854525,0.16375749404854525,0.16375749404854525,0.16375749404854525,0.16375749404854525,0.16375749404854525,0.16375749404854525,0.16375749404854525,0.16375749404854525,0.16375749404854525,0.16375749404854525,0.16375749404854525,0.16375749404854525,0.1622138842680213,0.1622138842680213,0.1622138842680213,0.1622138842680213,0.1622138842680213,0.1622138842680213,0.1622138842680213,0.1622138842680213,0.1622138842680213,0.1622138842680213,0.1622138842680213,0.1622138842680213,0.1622138842680213,0.1622138842680213,0.1622138842680213,0.1622138842680213,0.1622138842680213,0.1622138842680213,0.1622138842680213,0.1622138842680213,0.1622138842680213,0.1622138842680213,0.1622138842680213,0.1622138842680213,0.1622138842680213,0.16070106737915774,0.16070106737915774,0.16070106737915774,0.16070106737915774,0.16070106737915774,0.16070106737915774,0.16070106737915774,0.16070106737915774,0.16070106737915774,0.16070106737915774,0.16070106737915774,0.16070106737915774,0.16070106737915774,0.16070106737915774,0.16070106737915774,0.16070106737915774,0.16070106737915774,0.16070106737915774,0.16070106737915774,0.16070106737915774,0.16070106737915774,0.16070106737915774,0.16070106737915774,0.16070106737915774,0.16070106737915774,0.1592184517569559,0.1592184517569559,0.1592184517569559,0.1592184517569559,0.1592184517569559,0.1592184517569559,0.1592184517569559,0.1592184517569559,0.1592184517569559,0.1592184517569559,0.1592184517569559,0.1592184517569559,0.1592184517569559,0.1592184517569559,0.1592184517569559,0.1592184517569559,0.1592184517569559,0.1592184517569559,0.1592184517569559,0.1592184517569559,0.1592184517569559,0.1592184517569559,0.1592184517569559,0.1592184517569559,0.1592184517569559,0.15776544654616292,0.15776544654616292,0.15776544654616292,0.15776544654616292,0.15776544654616292,0.15776544654616292,0.15776544654616292,0.15776544654616292,0.15776544654616292,0.15776544654616292,0.15776544654616292,0.15776544654616292,0.15776544654616292,0.15776544654616292,0.15776544654616292,0.15776544654616292,0.15776544654616292,0.15776544654616292,0.15776544654616292,0.15776544654616292,0.15776544654616292,0.15776544654616292,0.15776544654616292,0.15776544654616292,0.15776544654616292,0.15634146287559283,0.15634146287559283,0.15634146287559283,0.15634146287559283,0.15634146287559283,0.15634146287559283,0.15634146287559283,0.15634146287559283,0.15634146287559283,0.15634146287559283,0.15634146287559283,0.15634146287559283,0.15634146287559283,0.15634146287559283,0.15634146287559283,0.15634146287559283,0.15634146287559283,0.15634146287559283,0.15634146287559283,0.15634146287559283,0.15634146287559283,0.15634146287559283,0.15634146287559283,0.15634146287559283,0.15634146287559283,0.1549459149451798,0.1549459149451798,0.1549459149451798,0.1549459149451798,0.1549459149451798,0.1549459149451798,0.1549459149451798,0.1549459149451798,0.1549459149451798,0.1549459149451798,0.1549459149451798,0.1549459149451798,0.1549459149451798,0.1549459149451798,0.1549459149451798,0.1549459149451798,0.1549459149451798,0.1549459149451798,0.1549459149451798,0.1549459149451798,0.1549459149451798,0.1549459149451798,0.1549459149451798,0.1549459149451798,0.1549459149451798,0.15357822099548088,0.15357822099548088,0.15357822099548088,0.15357822099548088,0.15357822099548088,0.15357822099548088,0.15357822099548088,0.15357822099548088,0.15357822099548088,0.15357822099548088,0.15357822099548088,0.15357822099548088,0.15357822099548088,0.15357822099548088,0.15357822099548088,0.15357822099548088,0.15357822099548088,0.15357822099548088,0.15357822099548088,0.15357822099548088,0.15357822099548088,0.15357822099548088,0.15357822099548088,0.15357822099548088,0.15357822099548088,0.15223780416877425,0.15223780416877425,0.15223780416877425,0.15223780416877425,0.15223780416877425,0.15223780416877425,0.15223780416877425,0.15223780416877425,0.15223780416877425,0.15223780416877425,0.15223780416877425,0.15223780416877425,0.15223780416877425,0.15223780416877425,0.15223780416877425,0.15223780416877425,0.15223780416877425,0.15223780416877425,0.15223780416877425,0.15223780416877425,0.15223780416877425,0.15223780416877425,0.15223780416877425,0.15223780416877425,0.15223780416877425,0.1509240932703647,0.1509240932703647,0.1509240932703647,0.1509240932703647,0.1509240932703647,0.1509240932703647,0.1509240932703647,0.1509240932703647,0.1509240932703647,0.1509240932703647,0.1509240932703647,0.1509240932703647,0.1509240932703647,0.1509240932703647,0.1509240932703647,0.1509240932703647,0.1509240932703647,0.1509240932703647,0.1509240932703647,0.1509240932703647,0.1509240932703647,0.1509240932703647,0.1509240932703647,0.1509240932703647,0.1509240932703647,0.1496365234381702,0.1496365234381702,0.1496365234381702,0.1496365234381702,0.1496365234381702,0.1496365234381702,0.1496365234381702,0.1496365234381702,0.1496365234381702,0.1496365234381702,0.1496365234381702,0.1496365234381702,0.1496365234381702,0.1496365234381702,0.1496365234381702,0.1496365234381702,0.1496365234381702,0.1496365234381702,0.1496365234381702,0.1496365234381702,0.1496365234381702,0.1496365234381702,0.1496365234381702,0.1496365234381702,0.1496365234381702,0.14837453672815354,0.14837453672815354,0.14837453672815354,0.14837453672815354,0.14837453672815354,0.14837453672815354,0.14837453672815354,0.14837453672815354,0.14837453672815354,0.14837453672815354,0.14837453672815354,0.14837453672815354,0.14837453672815354,0.14837453672815354,0.14837453672815354,0.14837453672815354,0.14837453672815354,0.14837453672815354,0.14837453672815354,0.14837453672815354,0.14837453672815354,0.14837453672815354,0.14837453672815354,0.14837453672815354,0.14837453672815354,0.14713758262265927,0.14713758262265927,0.14713758262265927,0.14713758262265927,0.14713758262265927,0.14713758262265927,0.14713758262265927,0.14713758262265927,0.14713758262265927,0.14713758262265927,0.14713758262265927,0.14713758262265927,0.14713758262265927,0.14713758262265927,0.14713758262265927,0.14713758262265927,0.14713758262265927,0.14713758262265927,0.14713758262265927,0.14713758262265927,0.14713758262265927,0.14713758262265927,0.14713758262265927,0.14713758262265927,0.14713758262265927,0.14592511846824502,0.14592511846824502,0.14592511846824502,0.14592511846824502,0.14592511846824502,0.14592511846824502,0.14592511846824502,0.14592511846824502,0.14592511846824502,0.14592511846824502,0.14592511846824502,0.14592511846824502,0.14592511846824502,0.14592511846824502,0.14592511846824502,0.14592511846824502,0.14592511846824502,0.14592511846824502,0.14592511846824502,0.14592511846824502,0.14592511846824502,0.14592511846824502,0.14592511846824502,0.14592511846824502,0.14592511846824502,0.1447366098491384,0.1447366098491384,0.1447366098491384,0.1447366098491384,0.1447366098491384,0.1447366098491384,0.1447366098491384,0.1447366098491384,0.1447366098491384,0.1447366098491384,0.1447366098491384,0.1447366098491384,0.1447366098491384,0.1447366098491384,0.1447366098491384,0.1447366098491384,0.1447366098491384,0.1447366098491384,0.1447366098491384,0.1447366098491384,0.1447366098491384,0.1447366098491384,0.1447366098491384,0.1447366098491384,0.1447366098491384,0.14357153090201374,0.14357153090201374,0.14357153090201374,0.14357153090201374,0.14357153090201374,0.14357153090201374,0.14357153090201374,0.14357153090201374,0.14357153090201374,0.14357153090201374,0.14357153090201374,0.14357153090201374,0.14357153090201374,0.14357153090201374,0.14357153090201374,0.14357153090201374,0.14357153090201374,0.14357153090201374,0.14357153090201374,0.14357153090201374,0.14357153090201374,0.14357153090201374,0.14357153090201374,0.14357153090201374,0.14357153090201374,0.1424293645773781,0.1424293645773781,0.1424293645773781,0.1424293645773781,0.1424293645773781,0.1424293645773781,0.1424293645773781,0.1424293645773781,0.1424293645773781,0.1424293645773781,0.1424293645773781,0.1424293645773781,0.1424293645773781,0.1424293645773781,0.1424293645773781,0.1424293645773781,0.1424293645773781,0.1424293645773781,0.1424293645773781,0.1424293645773781,0.1424293645773781,0.1424293645773781,0.1424293645773781,0.1424293645773781,0.1424293645773781,0.14130960285246238,0.14130960285246238,0.14130960285246238,0.14130960285246238,0.14130960285246238,0.14130960285246238,0.14130960285246238,0.14130960285246238,0.14130960285246238,0.14130960285246238,0.14130960285246238,0.14130960285246238,0.14130960285246238,0.14130960285246238,0.14130960285246238,0.14130960285246238,0.14130960285246238,0.14130960285246238,0.14130960285246238,0.14130960285246238,0.14130960285246238,0.14130960285246238,0.14130960285246238,0.14130960285246238,0.14130960285246238,0.14021174690014654,0.14021174690014654,0.14021174690014654,0.14021174690014654,0.14021174690014654,0.14021174690014654,0.14021174690014654,0.14021174690014654,0.14021174690014654,0.14021174690014654,0.14021174690014654,0.14021174690014654,0.14021174690014654,0.14021174690014654,0.14021174690014654,0.14021174690014654,0.14021174690014654,0.14021174690014654,0.14021174690014654,0.14021174690014654,0.14021174690014654,0.14021174690014654,0.14021174690014654,0.14021174690014654,0.14021174690014654,0.13913530721810421,0.13913530721810421,0.13913530721810421,0.13913530721810421,0.13913530721810421,0.13913530721810421,0.13913530721810421,0.13913530721810421,0.13913530721810421,0.13913530721810421,0.13913530721810421,0.13913530721810421,0.13913530721810421,0.13913530721810421,0.13913530721810421,0.13913530721810421,0.13913530721810421,0.13913530721810421,0.13913530721810421,0.13913530721810421,0.13913530721810421,0.13913530721810421,0.13913530721810421,0.13913530721810421,0.13913530721810421,0.1380798037220291,0.1380798037220291,0.1380798037220291,0.1380798037220291,0.1380798037220291,0.1380798037220291,0.1380798037220291,0.1380798037220291,0.1380798037220291,0.1380798037220291,0.1380798037220291,0.1380798037220291,0.1380798037220291,0.1380798037220291,0.1380798037220291,0.1380798037220291,0.1380798037220291,0.1380798037220291,0.1380798037220291,0.1380798037220291,0.1380798037220291,0.1380798037220291,0.1380798037220291,0.1380798037220291,0.1380798037220291,0.1370447658064997,0.1370447658064997,0.1370447658064997,0.1370447658064997,0.1370447658064997,0.1370447658064997,0.1370447658064997,0.1370447658064997,0.1370447658064997,0.1370447658064997,0.1370447658064997,0.1370447658064997,0.13704476581075198,0.1370447658064997,0.1370447658064997,0.1370447658064997,0.1370447658064997,0.1370447658064997,0.1370447658064997,0.1370447658064997,0.1370447658064997,0.1370447658064997,0.1370447658064997,0.1370447658064997,0.1370447658064997,0.13602973237675733,0.13602973237675733,0.13602973237675733,0.13602973237675733,0.13602973237675733,0.13602973237675733,0.13602973237675733,0.13602973237675733,0.13602973237675733,0.13602973237675733,0.13602973237675733,0.13602973237675733,0.13602973237675733,0.13602973237675733,0.13602973237675733,0.13602973237675733,0.13602973237675733,0.13602973237675733,0.13602973237675733,0.13602973237675733,0.13602973237675733,0.13602973237675733,0.13602973237675733,0.13602973237675733,0.13602973237675733,0.13503425185440562,0.13503425185440562,0.13503425185440562,0.13503425185440562,0.13503425185440562,0.13503425185440562,0.13503425185440562,0.13503425185440562,0.13503425185440562,0.13503425185440562,0.13503425185440562,0.13503425185440562,0.13503425185440562,0.13503425185440562,0.13503425185440562,0.13503425185440562,0.13503425185440562,0.13503425185440562,0.13503425185440562,0.13503425185440562,0.13503425185440562,0.13503425185440562,0.13503425185440562,0.13503425185440562,0.13503425185440562
0.1653324879445057,0.1653324879445057,0.1653324879445057,0.1653324879445057,0.1653324879445057,0.1653324879445057,0.1653324879445057,0.1653324879445057,0.1653324879445057,0.1653324879445057,0.1653324879445057,0.1653324879445057,0.1653324879445057,0.1653324879445057,0.1653324879445057,0.1653324879445057,0.1653324879445057,0.1653324879445057,0.1653324879445057,0.1653324879445057,0.1653324879445057,0.1653324879445057,0.1653324879445057,0.1653324879445057,0.1653324879445057,0.16375749422364425,0.16375749422364425,0.16375749422364425,0.16375749422364425,0.16375749422364425,0.16375749422364425,0.16375749422364425,0.16375749422364425,0.16375749422364425,0.16375749422364425,0.16375749422364425,0.16375749422364425,0.16375749422364425,0.16375749422364425,0.16375749422364425,0.16375749422364425,0.16375749422364425,0.16375749422364425,0.16375749422364425,0.16375749422364425,0.16375749422364425,0.16375749422364425,0.16375749422364425,0.16375749422364425,0.16375749422364425,0.1622138844356257,0.1622138844356257,0.1622138844356257,0.1622138844356257,0.1622138844356257,0.1622138844356257,0.1622138844356257,0.1622138844356257,0.1622138844356257,0.1622138844356257,0.1622138844356257,0.1622138844356257,0.1622138844356257,0.1622138844356257,0.1622138844356257,0.1622138844356257,0.1622138844356257,0.1622138844356257,0.1622138844356257,0.1622138844356257,0.1622138844356257,0.1622138844356257,0.1622138844356257,0.1622138844356257,0.1622138844356257,0.16070106753750857,0.16070106753750857,0.16070106753750857,0.16070106753750857,0.16070106753750857,0.16070106753750857,0.16070106753750857,0.16070106753750857,0.16070106753750857,0.16070106753750857,0.16070106753750857,0.16070106753750857,0.16070106753750857,0.16070106753750857,0.16070106753750857,0.16070106753750857,0.16070106753750857,0.16070106753750857,0.16070106753750857,0.16070106753750857,0.16070106753750857,0.16070106753750857,0.16070106753750857,0.16070106753750857,0.16070106753750857,0.15921845190427658,0.15921845190427658,0.15921845190427658,0.15921845190427658,0.15921845190427658,0.15921845190427658,0.15921845190427658,0.15921845190427658,0.15921845190427658,0.15921845190427658,0.15921845190427658,0.15921845190427658,0.15921845190427658,0.15921845190427658,0.15921845190427658,0.15921845190427658,0.15921845190427658,0.15921845190427658,0.15921845190427658,0.15921845190427658,0.15921845190427658,0.15921845190427658,0.15921845190427658,0.15921845190427658,0.15921845190427658,0.1577654466806882,0.1577654466806882,0.1577654466806882,0.1577654466806882,0.1577654466806882,0.1577654466806882,0.1577654466806882,0.1577654466806882,0.1577654466806882,0.1577654466806882,0.1577654466806882,0.1577654466806882,0.1577654466806882,0.1577654466806882,0.1577654466806882,0.1577654466806882,0.1577654466806882,0.1577654466806882,0.1577654466806882,0.1577654466806882,0.1577654466806882,0.1577654466806882,0.1577654466806882,0.1577654466806882,0.1577654466806882,0.15634146299559862,0.15634146299559862,0.15634146299559862,0.15634146299559862,0.15634146299559862,0.15634146299559862,0.15634146299559862,0.15634146299559862,0.15634146299559862,0.15634146299559862,0.15634146299559862,0.15634146299559862,0.15634146299559862,0.15634146299559862,0.15634146299559862,0.15634146299559862,0.15634146299559862,0.15634146299559862,0.15634146299559862,0.15634146299559862,0.15634146299559862,0.15634146299559862,0.15634146299559862,0.15634146299559862,0.15634146299559862,0.15494591504901864,0.15494591504901864,0.15494591504901864,0.15494591504901864,0.15494591504901864,0.15494591504901864,0.15494591504901864,0.15494591504901864,0.15494591504901864,0.15494591504901864,0.15494591504901864,0.15494591504901864,0.15494591504901864,0.15494591504901864,0.15494591504901864,0.15494591504901864,0.15494591504901864,0.15494591504901864,0.15494591504901864,0.15494591504901864,0.15494591504901864,0.15494591504901864,0.15494591504901864,0.15494591504901864,0.15494591504901864,0.15357822108161806,0.15357822108161806,0.15357822108161806,0.15357822108161806,0.15357822108161806,0.15357822108161806,0.15357822108161806,0.15357822108161806,0.15357822108161806,0.15357822108161806,0.15357822108161806,0.15357822108161806,0.15357822108161806,0.15357822108161806,0.15357822108161806,0.15357822108161806,0.15357822108161806,0.15357822108161806,0.15357822108161806,0.15357822108161806,0.15357822108161806,0.15357822108161806,0.15357822108161806,0.15357822108161806,0.15357822108161806,0.1522378042358272,0.1522378042358272,0.1522378042358272,0.1522378042358272,0.1522378042358272,0.1522378042358272,0.1522378042358272,0.1522378042358272,0.1522378042358272,0.1522378042358272,0.1522378042358272,0.1522378042358272,0.1522378042358272,0.1522378042358272,0.1522378042358272,0.1522378042358272,0.1522378042358272,0.1522378042358272,0.1522378042358272,0.1522378042358272,0.1522378042358272,0.1522378042358272,0.1522378042358272,0.1522378042358272,0.1522378042358272,0.1509240933171422,0.1509240933171422,0.1509240933171422,0.1509240933171422,0.1509240933171422,0.1509240933171422,0.1509240933171422,0.1509240933171422,0.1509240933171422,0.1509240933171422,0.1509240933171422,0.1509240933171422,0.1509240933171422,0.1509240933171422,0.1509240933171422,0.1509240933171422,0.1509240933171422,0.1509240933171422,0.1509240933171422,0.1509240933171422,0.1509240933171422,0.1509240933171422,0.1509240933171422,0.1509240933171422,0.1509240933171422,0.1496365234637137,0.1496365234637137,0.1496365234637137,0.1496365234637137,0.1496365234637137,0.1496365234637137,0.1496365234637137,0.1496365234637137,0.1496365234637137,0.1496365234637137,0.1496365234637137,0.1496365234637137,0.1496365234637137,0.1496365234637137,0.1496365234637137,0.1496365234637137,0.1496365234637137,0.1496365234637137,0.1496365234637137,0.1496365234637137,0.1496365234637137,0.1496365234637137,0.1496365234637137,0.1496365234637137,0.1496365234637137,0.14837453673177656,0.14837453673177656,0.14837453673177656,0.14837453673177656,0.14837453673177656,0.14837453673177656,0.14837453673177656,0.14837453673177656,0.14837453673177656,0.14837453673177656,0.14837453673177656,0.14837453673177656,0.14837453673177656,0.14837453673177656,0.14837453673177656,0.14837453673177656,0.14837453673177656,0.14837453673177656,0.14837453673177656,0.14837453673177656,0.14837453673177656,0.14837453673177656,0.14837453673177656,0.14837453673177656,0.14837453673177656,0.14713758260398602,0.14713758260398602,0.14713758260398602,0.14713758260398602,0.14713758260398602,0.14713758260398602,0.14713758260398602,0.14713758260398602,0.14713758260398602,0.14713758260398602,0.14713758260398602,0.14713758260398602,0.14713758260398602,0.14713758260398602,0.14713758260398602,0.14713758260398602,0.14713758260398602,0.14713758260398602,0.14713758260398602,0.14713758260398602,0.14713758260398602,0.14713758260398602,0.14713758260398602,0.14713758260398602,0.14713758260398602,0.14592511842724576,0.14592511842724576,0.14592511842724576,0.14592511842724576,0.14592511842724576,0.14592511842724576,0.14592511842724576,0.14592511842724576,0.14592511842724576,0.14592511842724576,0.14592511842724576,0.14592511842724576,0.14592511842724576,0.14592511842724576,0.14592511842724576,0.14592511842724576,0.14592511842724576,0.14592511842724576,0.14592511842724576,0.14592511842724576,0.14592511842724576,0.14592511842724576,0.14592511842724576,0.14592511842724576,0.14592511842724576,0.14473660978615996,0.14473660978615996,0.14473660978615996,0.14473660978615996,0.14473660978615996,0.14473660978615996,0.14473660978615996,0.14473660978615996,0.14473660978615996,0.14473660978615996,0.14473660978615996,0.14473660978615996,0.14473660978615996,0.14473660978615996,0.14473660978615996,0.14473660978615996,0.14473660978615996,0.14473660978615996,0.14473660978615996,0.14473660978615996,0.14473660978615996,0.14473660978615996,0.14473660978615996,0.14473660978615996,0.14473660978615996,0.14357153081780497,0.14357153081780497,0.14357153081780497,0.14357153081780497,0.14357153081780497,0.14357153081780497,0.14357153081780497,0.14357153081780497,0.14357153081780497,0.14357153081780497,0.14357153081780497,0.14357153081780497,0.14357153081780497,0.14357153081780497,0.14357153081780497,0.14357153081780497,0.14357153081780497,0.14357153081780497,0.14357153081780497,0.14357153081780497,0.14357153081780497,0.14357153081780497,0.14357153081780497,0.14357153081780497,0.14357153081780497,0.14242936447310897,0.14242936447310897,0.14242936447310897,0.14242936447310897,0.14242936447310897,0.14242936447310897,0.14242936447310897,0.14242936447310897,0.14242936447310897,0.14242936447310897,0.14242936447310897,0.14242936447310897,0.14242936447310897,0.14242936447310897,0.14242936447310897,0.14242936447310897,0.14242936447310897,0.14242936447310897,0.14242936447310897,0.14242936447310897,0.14242936447310897,0.14242936447310897,0.14242936447310897,0.14242936447310897,0.14242936447310897,0.1413096027297334,0.1413096027297334,0.1413096027297334,0.1413096027297334,0.1413096027297334,0.1413096027297334,0.1413096027297334,0.1413096027297334,0.1413096027297334,0.1413096027297334,0.1413096027297334,0.1413096027297334,0.1413096027297334,0.1413096027297334,0.1413096027297334,0.1413096027297334,0.1413096027297334,0.1413096027297334,0.1413096027297334,0.1413096027297334,0.1413096027297334,0.1413096027297334,0.1413096027297334,0.1413096027297334,0.1413096027297334,0.14021174676098822,0.14021174676098822,0.14021174676098822,0.14021174676098822,0.14021174676098822,0.14021174676098822,0.14021174676098822,0.14021174676098822,0.14021174676098822,0.14021174676098822,0.14021174676098822,0.14021174676098822,0.14021174676098822,0.14021174676098822,0.14021174676098822,0.14021174676098822,0.14021174676098822,0.14021174676098822,0.14021174676098822,0.14021174676098822,0.14021174676098822,0.14021174676098822,0.14021174676098822,0.14021174676098822,0.14021174676098822,0.13913530706496655,0.13913530706496655,0.13913530706496655,0.13913530706496655,0.13913530706496655,0.13913530706496655,0.13913530706496655,0.13913530706496655,0.13913530706496655,0.13913530706496655,0.13913530706496655,0.13913530706496655,0.13913530706496655,0.13913530706496655,0.13913530706496655,0.13913530706496655,0.13913530706496655,0.13913530706496655,0.13913530706496655,0.13913530706496655,0.13913530706496655,0.13913530706496655,0.13913530706496655,0.13913530706496655,0.13913530706496655,0.13807980355775717,0.13807980355775717,0.13807980355775717,0.13807980355775717,0.13807980355775717,0.13807980355775717,0.13807980355775717,0.13807980355775717,0.13807980355775717,0.13807980355775717,0.13807980355775717,0.13807980355775717,0.13807980355775717,0.13807980355775717,0.13807980355775717,0.13807980355775717,0.13807980355775717,0.13807980355775717,0.13807980355775717,0.13807980355775717,0.13807980355775717,0.13807980355775717,0.13807980355775717,0.13807980355775717,0.13807980355775717,0.13704476563429524,0.13704476563429524,0.13704476563429524,0.13704476563429524,0.13704476563429524,0.13704476563429524,0.13704476563429524,0.13704476563429524,0.13704476563429524,0.13704476563429524,0.13704476563429524,0.13704476563429524,0.1370447656365702,0.13704476563429524,0.13704476563429524,0.13704476563429524,0.13704476563429524,0.13704476563429524,0.13704476563429524,0.13704476563429524,0.13704476563429524,0.13704476563429524,0.13704476563429524,0.13704476563429524,0.13704476563429524,0.1360297322001252,0.1360297322001252,0.1360297322001252,0.1360297322001252,0.1360297322001252,0.1360297322001252,0.1360297322001252,0.1360297322001252,0.1360297322001252,0.1360297322001252,0.1360297322001252,0.1360297322001252,0.1360297322001252,0.1360297322001252,0.1360297322001252,0.1360297322001252,0.1360297322001252,0.1360297322001252,0.1360297322001252,0.1360297322001252,0.1360297322001252,0.1360297322001252,0.1360297322001252,0.1360297322001252,0.1360297322001252,0.13503425167708422,0.13503425167708422,0.13503425167708422,0.13503425167708422,0.13503425167708422,0.13503425167708422,0.13503425167708422,0.13503425167708422,0.13503425167708422,0.13503425167708422,0.13503425167708422,0.13503425167708422,0.13503425167708422,0.13503425167708422,0.13503425167708422,0.13503425167708422,0.13503425167708422,0.13503425167708422,0.13503425167708422,0.13503425167708422,0.13503425167708422,0.13503425167708422,0.13503425167708422,0.13503425167708422,0.13503425167708422
0.16533248800458505,0.16533248800458505,0.16533248800458505,0.16533248800458505,0.16533248800458505,0.16533248800458505,0.16533248800458505,0.16533248800458505,0.16533248800458505,0.16533248800458505,0.16533248800458505,0.16533248800458505,0.16533248800458505,0.16533248800458505,0.16533248800458505,0.16533248800458505,0.16533248800458505,0.16533248800458505,0.16533248800458505,0.16533248800458505,0.16533248800458505,0.16533248800458505,0.16533248800458505,0.16533248800458505,0.16533248800458505,0.16375749428178993,0.16375749428178993,0.16375749428178993,0.16375749428178993,0.16375749428178993,0.16375749428178993,0.16375749428178993,0.16375749428178993,0.16375749428178993,0.16375749428178993,0.16375749428178993,0.16375749428178993,0.16375749428178993,0.16375749428178993,0.16375749428178993,0.16375749428178993,0.16375749428178993,0.16375749428178993,0.16375749428178993,0.16375749428178993,0.16375749428178993,0.16375749428178993,0.16375749428178993,0.16375749428178993,0.16375749428178993,0.16221388449126534,0.16221388449126534,0.16221388449126534,0.16221388449126534,0.16221388449126534,0.16221388449126534,0.16221388449126534,0.16221388449126534,0.16221388449126534,0.16221388449126534,0.16221388449126534,0.16221388449126534,0.16221388449126534,0.16221388449126534,0.16221388449126534,0.16221388449126534,0.16221388449126534,0.16221388449126534,0.16221388449126534,0.16221388449126534,0.16221388449126534,0.16221388449126534,0.16221388449126534,0.16221388449126534,0.16221388449126534,0.16070106759005753,0.16070106759005753,0.16070106759005753,0.16070106759005753,0.16070106759005753,0.16070106759005753,0.16070106759005753,0.16070106759005753,0.16070106759005753,0.16070106759005753,0.16070106759005753,0.16070106759005753,0.16070106759005753,0.16070106759005753,0.16070106759005753,0.16070106759005753,0.16070106759005753,0.16070106759005753,0.16070106759005753,0.16070106759005753,0.16070106759005753,0.16070106759005753,0.16070106759005753,0.16070106759005753,0.16070106759005753,0.15921845195314596,0.15921845195314596,0.15921845195314596,0.15921845195314596,0.15921845195314596,0.15921845195314596,0.15921845195314596,0.15921845195314596,0.15921845195314596,0.15921845195314596,0.15921845195314596,0.15921845195314596,0.15921845195314596,0.15921845195314596,0.15921845195314596,0.15921845195314596,0.15921845195314596,0.15921845195314596,0.15921845195314596,0.15921845195314596,0.15921845195314596,0.15921845195314596,0.15921845195314596,0.15921845195314596,0.15921845195314596,0.15776544672529433,0.15776544672529433,0.15776544672529433,0.15776544672529433,0.15776544672529433,0.15776544672529433,0.15776544672529433,0.15776544672529433,0.15776544672529433,0.15776544672529433,0.15776544672529433,0.15776544672529433,0.15776544672529433,0.15776544672529433,0.15776544672529433,0.15776544672529433,0.15776544672529433,0.15776544672529433,0.15776544672529433,0.15776544672529433,0.15776544672529433,0.15776544672529433,0.15776544672529433,0.15776544672529433,0.15776544672529433,0.15634146303537302,0.15634146303537302,0.15634146303537302,0.15634146303537302,0.15634146303537302,0.15634146303537302,0.15634146303537302,0.15634146303537302,0.15634146303537302,0.15634146303537302,0.15634146303537302,0.15634146303537302,0.15634146303537302,0.15634146303537302,0.15634146303537302,0.15634146303537302,0.15634146303537302,0.15634146303537302,0.15634146303537302,0.15634146303537302,0.15634146303537302,0.15634146303537302,0.15634146303537302,0.15634146303537302,0.15634146303537302,0.15494591508341896,0.15494591508341896,0.15494591508341896,0.15494591508341896,0.15494591508341896,0.15494591508341896,0.15494591508341896,0.15494591508341896,0.15494591508341896,0.15494591508341896,0.15494591508341896,0.15494591508341896,0.15494591508341896,0.15494591508341896,0.15494591508341896,0.15494591508341896,0.15494591508341896,0.15494591508341896,0.15494591508341896,0.15494591508341896,0.15494591508341896,0.15494591508341896,0.15494591508341896,0.15494591508341896,0.15494591508341896,0.1535782211101402,0.1535782211101402,0.1535782211101402,0.1535782211101402,0.1535782211101402,0.1535782211101402,0.1535782211101402,0.1535782211101402,0.1535782211101402,0.1535782211101402,0.1535782211101402,0.1535782211101402,0.1535782211101402,0.1535782211101402,0.1535782211101402,0.1535782211101402,0.1535782211101402,0.1535782211101402,0.1535782211101402,0.1535782211101402,0.1535782211101402,0.1535782211101402,0.1535782211101402,0.1535782211101402,0.1535782211101402,0.1522378042580175,0.1522378042580175,0.1522378042580175,0.1522378042580175,0.1522378042580175,0.1522378042580175,0.1522378042580175,0.1522378042580175,0.1522378042580175,0.1522378042580175,0.1522378042580175,0.1522378042580175,0.1522378042580175,0.1522378042580175,0.1522378042580175,0.1522378042580175,0.1522378042580175,0.1522378042580175,0.1522378042580175,0.1522378042580175,0.1522378042580175,0.1522378042580175,0.1522378042580175,0.1522378042580175,0.1522378042580175,0.15092409333261037,0.15092409333261037,0.15092409333261037,0.15092409333261037,0.15092409333261037,0.15092409333261037,0.15092409333261037,0.15092409333261037,0.15092409333261037,0.15092409333261037,0.15092409333261037,0.15092409333261037,0.15092409333261037,0.15092409333261037,0.15092409333261037,0.15092409333261037,0.15092409333261037,0.15092409333261037,0.15092409333261037,0.15092409333261037,0.15092409333261037,0.15092409333261037,0.15092409333261037,0.15092409333261037,0.15092409333261037,0.1496365234721461,0.1496365234721461,0.1496365234721461,0.1496365234721461,0.1496365234721461,0.1496365234721461,0.1496365234721461,0.1496365234721461,0.1496365234721461,0.1496365234721461,0.1496365234721461,0.1496365234721461,0.1496365234721461,0.1496365234721461,0.1496365234721461,0.1496365234721461,0.1496365234721461,0.1496365234721461,0.1496365234721461,0.1496365234721461,0.1496365234721461,0.1496365234721461,0.1496365234721461,0.1496365234721461,0.1496365234721461,0.14837453673294893,0.14837453673294893,0.14837453673294893,0.14837453673294893,0.14837453673294893,0.14837453673294893,0.14837453673294893,0.14837453673294893,0.14837453673294893,0.14837453673294893,0.14837453673294893,0.14837453673294893,0.14837453673294893,0.14837453673294893,0.14837453673294893,0.14837453673294893,0.14837453673294893,0.14837453673294893,0.14837453673294893,0.14837453673294893,0.14837453673294893,0.14837453673294893,0.14837453673294893,0.14837453673294893,0.14837453673294893,0.1471375825977759,0.1471375825977759,0.1471375825977759,0.1471375825977759,0.1471375825977759,0.1471375825977759,0.1471375825977759,0.1471375825977759,0.1471375825977759,0.1471375825977759,0.1471375825977759,0.1471375825977759,0.1471375825977759,0.1471375825977759,0.1471375825977759,0.1471375825977759,0.1471375825977759,0.1471375825977759,0.1471375825977759,0.1471375825977759,0.1471375825977759,0.1471375825977759,0.1471375825977759,0.1471375825977759,0.1471375825977759,0.14592511841364433,0.14592511841364433,0.14592511841364433,0.14592511841364433,0.14592511841364433,0.14592511841364433,0.14592511841364433,0.14592511841364433,0.14592511841364433,0.14592511841364433,0.14592511841364433,0.14592511841364433,0.14592511841364433,0.14592511841364433,0.14592511841364433,0.14592511841364433,0.14592511841364433,0.14592511841364433,0.14592511841364433,0.14592511841364433,0.14592511841364433,0.14592511841364433,0.14592511841364433,0.14592511841364433,0.14592511841364433,0.14473660976528152,0.14473660976528152,0.14473660976528152,0.14473660976528152,0.14473660976528152,0.14473660976528152,0.14473660976528152,0.14473660976528152,0.14473660976528152,0.14473660976528152,0.14473660976528152,0.14473660976528152,0.14473660976528152,0.14473660976528152,0.14473660976528152,0.14473660976528152,0.14473660976528152,0.14473660976528152,0.14473660976528152,0.14473660976528152,0.14473660976528152,0.14473660976528152,0.14473660976528152,0.14473660976528152,0.14473660976528152,0.14357153078989626,0.14357153078989626,0.14357153078989626,0.14357153078989626,0.14357153078989626,0.14357153078989626,0.14357153078989626,0.14357153078989626,0.14357153078989626,0.14357153078989626,0.14357153078989626,0.14357153078989626,0.14357153078989626,0.14357153078989626,0.14357153078989626,0.14357153078989626,0.14357153078989626,0.14357153078989626,0.14357153078989626,0.14357153078989626,0.14357153078989626,0.14357153078989626,0.14357153078989626,0.14357153078989626,0.14357153078989626,0.1424293644385549,0.1424293644385549,0.1424293644385549,0.1424293644385549,0.1424293644385549,0.1424293644385549,0.1424293644385549,0.1424293644385549,0.1424293644385549,0.1424293644385549,0.1424293644385549,0.1424293644385549,0.1424293644385549,0.1424293644385549,0.1424293644385549,0.1424293644385549,0.1424293644385549,0.1424293644385549,0.1424293644385549,0.1424293644385549,0.1424293644385549,0.1424293644385549,0.1424293644385549,0.1424293644385549,0.1424293644385549,0.1413096026890605,0.1413096026890605,0.1413096026890605,0.1413096026890605,0.1413096026890605,0.1413096026890605,0.1413096026890605,0.1413096026890605,0.1413096026890605,0.1413096026890605,0.1413096026890605,0.1413096026890605,0.1413096026890605,0.1413096026890605,0.1413096026890605,0.1413096026890605,0.1413096026890605,0.1413096026890605,0.1413096026890605,0.1413096026890605,0.1413096026890605,0.1413096026890605,0.1413096026890605,0.1413096026890605,0.1413096026890605,0.1402117467148654,0.1402117467148654,0.1402117467148654,0.1402117467148654,0.1402117467148654,0.1402117467148654,0.1402117467148654,0.1402117467148654,0.1402117467148654,0.1402117467148654,0.1402117467148654,0.1402117467148654,0.1402117467148654,0.1402117467148654,0.1402117467148654,0.1402117467148654,0.1402117467148654,0.1402117467148654,0.1402117467148654,0.1402117467148654,0.1402117467148654,0.1402117467148654,0.1402117467148654,0.1402117467148654,0.1402117467148654,0.13913530701420077,0.13913530701420077,0.13913530701420077,0.13913530701420077,0.13913530701420077,0.13913530701420077,0.13913530701420077,0.13913530701420077,0.13913530701420077,0.13913530701420077,0.13913530701420077,0.13913530701420077,0.13913530701420077,0.13913530701420077,0.13913530701420077,0.13913530701420077,0.13913530701420077,0.13913530701420077,0.13913530701420077,0.13913530701420077,0.13913530701420077,0.13913530701420077,0.13913530701420077,0.13913530701420077,0.13913530701420077,0.1380798035032866,0.1380798035032866,0.1380798035032866,0.1380798035032866,0.1380798035032866,0.1380798035032866,0.1380798035032866,0.1380798035032866,0.1380798035032866,0.1380798035032866,0.1380798035032866,0.1380798035032866,0.1380798035032866,0.1380798035032866,0.1380798035032866,0.1380798035032866,0.1380798035032866,0.1380798035032866,0.1380798035032866,0.1380798035032866,0.1380798035032866,0.1380798035032866,0.1380798035032866,0.1380798035032866,0.1380798035032866,0.13704476557717762,0.13704476557717762,0.13704476557717762,0.13704476557717762,0.13704476557717762,0.13704476557717762,0.13704476557717762,0.13704476557717762,0.13704476557717762,0.13704476557717762,0.13704476557717762,0.13704476557717762,0.1370447655780254,0.13704476557717762,0.13704476557717762,0.13704476557717762,0.13704476557717762,0.13704476557717762,0.13704476557717762,0.13704476557717762,0.13704476557717762,0.13704476557717762,0.13704476557717762,0.13704476557717762,0.13704476557717762,0.1360297321415203,0.1360297321415203,0.1360297321415203,0.1360297321415203,0.1360297321415203,0.1360297321415203,0.1360297321415203,0.1360297321415203,0.1360297321415203,0.1360297321415203,0.1360297321415203,0.1360297321415203,0.1360297321415203,0.1360297321415203,0.1360297321415203,0.1360297321415203,0.1360297321415203,0.1360297321415203,0.1360297321415203,0.1360297321415203,0.1360297321415203,0.1360297321415203,0.1360297321415203,0.1360297321415203,0.1360297321415203,0.13503425161823226,0.13503425161823226,0.13503425161823226,0.13503425161823226,0.13503425161823226,0.13503425161823226,0.13503425161823226,0.13503425161823226,0.13503425161823226,0.13503425161823226,0.13503425161823226,0.13503425161823226,0.13503425161823226,0.13503425161823226,0.13503425161823226,0.13503425161823226,0.13503425161823226,0.13503425161823226,0.13503425161823226,0.13503425161823226,0.13503425161823226,0.13503425161823226,0.13503425161823226,0.13503425161823226,0.13503425161823226
0.16533248802450598,0.16533248802450598,0.16533248802450598,0.16533248802450598,0.16533248802450598,0.16533248802450598,0.16533248802450598,0.16533248802450598,0.16533248802450598,0.16533248802450598,0.16533248802450598,0.16533248802450598,0.16533248802450598,0.16533248802450598,0.16533248802450598,0.16533248802450598,0.16533248802450598,0.16533248802450598,0.16533248802450598,0.16533248802450598,0.16533248802450598,0.16533248802450598,0.16533248802450598,0.16533248802450598,0.16533248802450598,0.1637574943010678,0.1637574943010678,0.1637574943010678,0.1637574943010678,0.1637574943010678,0.1637574943010678,0.1637574943010678,0.1637574943010678,0.1637574943010678,0.1637574943010678,0.1637574943010678,0.1637574943010678,0.1637574943010678,0.1637574943010678,0.1637574943010678,0.1637574943010678,0.1637574943010678,0.1637574943010678,0.1637574943010678,0.1637574943010678,0.1637574943010678,0.1637574943010678,0.1637574943010678,0.1637574943010678,0.1637574943010678,0.16221388450971025,0.16221388450971025,0.16221388450971025,0.16221388450971025,0.16221388450971025,0.16221388450971025,0.16221388450971025,0.16221388450971025,0.16221388450971025,0.16221388450971025,0.16221388450971025,0.16221388450971025,0.16221388450971025,0.16221388450971025,0.16221388450971025,0.16221388450971025,0.16221388450971025,0.16221388450971025,0.16221388450971025,0.16221388450971025,0.16221388450971025,0.16221388450971025,0.16221388450971025,0.16221388450971025,0.16221388450971025,0.16070106760747543,0.16070106760747543,0.16070106760747543,0.16070106760747543,0.16070106760747543,0.16070106760747543,0.16070106760747543,0.16070106760747543,0.16070106760747543,0.16070106760747543,0.16070106760747543,0.16070106760747543,0.16070106760747543,0.16070106760747543,0.16070106760747543,0.16070106760747543,0.16070106760747543,0.16070106760747543,0.16070106760747543,0.16070106760747543,0.16070106760747543,0.16070106760747543,0.16070106760747543,0.16070106760747543,0.16070106760747543,0.1592184519693417,0.1592184519693417,0.1592184519693417,0.1592184519693417,0.1592184519693417,0.1592184519693417,0.1592184519693417,0.1592184519693417,0.1592184519693417,0.1592184519693417,0.1592184519693417,0.1592184519693417,0.1592184519693417,0.1592184519693417,0.1592184519693417,0.1592184519693417,0.1592184519693417,0.1592184519693417,0.1592184519693417,0.1592184519693417,0.1592184519693417,0.1592184519693417,0.1592184519693417,0.1592184519693417,0.1592184519693417,0.15776544674007478,0.15776544674007478,0.15776544674007478,0.15776544674007478,0.15776544674007478,0.15776544674007478,0.15776544674007478,0.15776544674007478,0.15776544674007478,0.15776544674007478,0.15776544674007478,0.15776544674007478,0.15776544674007478,0.15776544674007478,0.15776544674007478,0.15776544674007478,0.15776544674007478,0.15776544674007478,0.15776544674007478,0.15776544674007478,0.15776544674007478,0.15776544674007478,0.15776544674007478,0.15776544674007478,0.15776544674007478,0.15634146304854987,0.15634146304854987,0.15634146304854987,0.15634146304854987,0.15634146304854987,0.15634146304854987,0.15634146304854987,0.15634146304854987,0.15634146304854987,0.15634146304854987,0.15634146304854987,0.15634146304854987,0.15634146304854987,0.15634146304854987,0.15634146304854987,0.15634146304854987,0.15634146304854987,0.15634146304854987,0.15634146304854987,0.15634146304854987,0.15634146304854987,0.15634146304854987,0.15634146304854987,0.15634146304854987,0.15634146304854987,0.15494591509481337,0.15494591509481337,0.15494591509481337,0.15494591509481337,0.15494591509481337,0.15494591509481337,0.15494591509481337,0.15494591509481337,0.15494591509481337,0.15494591509481337,0.15494591509481337,0.15494591509481337,0.15494591509481337,0.15494591509481337,0.15494591509481337,0.15494591509481337,0.15494591509481337,0.15494591509481337,0.15494591509481337,0.15494591509481337,0.15494591509481337,0.15494591509481337,0.15494591509481337,0.15494591509481337,0.15494591509481337,0.1535782211195854,0.1535782211195854,0.1535782211195854,0.1535782211195854,0.1535782211195854,0.1535782211195854,0.1535782211195854,0.1535782211195854,0.1535782211195854,0.1535782211195854,0.1535782211195854,0.1535782211195854,0.1535782211195854,0.1535782211195854,0.1535782211195854,0.1535782211195854,0.1535782211195854,0.1535782211195854,0.1535782211195854,0.1535782211195854,0.1535782211195854,0.1535782211195854,0.1535782211195854,0.1535782211195854,0.1535782211195854,0.15223780426536374,0.15223780426536374,0.15223780426536374,0.15223780426536374,0.15223780426536374,0.15223780426536374,0.15223780426536374,0.15223780426536374,0.15223780426536374,0.15223780426536374,0.15223780426536374,0.15223780426536374,0.15223780426536374,0.15223780426536374,0.15223780426536374,0.15223780426536374,0.15223780426536374,0.15223780426536374,0.15223780426536374,0.15223780426536374,0.15223780426536374,0.15223780426536374,0.15223780426536374,0.15223780426536374,0.15223780426536374,0.15092409333772908,0.15092409333772908,0.15092409333772908,0.15092409333772908,0.15092409333772908,0.15092409333772908,0.15092409333772908,0.15092409333772908,0.15092409333772908,0.15092409333772908,0.15092409333772908,0.15092409333772908,0.15092409333772908,0.15092409333772908,0.15092409333772908,0.15092409333772908,0.15092409333772908,0.15092409333772908,0.15092409333772908,0.15092409333772908,0.15092409333772908,0.15092409333772908,0.15092409333772908,0.15092409333772908,0.15092409333772908,0.1496365234749341,0.1496365234749341,0.1496365234749341,0.1496365234749341,0.1496365234749341,0.1496365234749341,0.1496365234749341,0.1496365234749341,0.1496365234749341,0.1496365234749341,0.1496365234749341,0.1496365234749341,0.1496365234749341,0.1496365234749341,0.1496365234749341,0.1496365234749341,0.1496365234749341,0.1496365234749341,0.1496365234749341,0.1496365234749341,0.1496365234749341,0.1496365234749341,0.1496365234749341,0.1496365234749341,0.1496365234749341,0.14837453673333237,0.14837453673333237,0.14837453673333237,0.14837453673333237,0.14837453673333237,0.14837453673333237,0.14837453673333237,0.14837453673333237,0.14837453673333237,0.14837453673333237,0.14837453673333237,0.14837453673333237,0.14837453673333237,0.14837453673333237,0.14837453673333237,0.14837453673333237,0.14837453673333237,0.14837453673333237,0.14837453673333237,0.14837453673333237,0.14837453673333237,0.14837453673333237,0.14837453673333237,0.14837453673333237,0.14837453673333237,0.1471375825957146,0.1471375825957146,0.1471375825957146,0.1471375825957146,0.1471375825957146,0.1471375825957146,0.1471375825957146,0.1471375825957146,0.1471375825957146,0.1471375825957146,0.1471375825957146,0.1471375825957146,0.1471375825957146,0.1471375825957146,0.1471375825957146,0.1471375825957146,0.1471375825957146,0.1471375825957146,0.1471375825957146,0.1471375825957146,0.1471375825957146,0.1471375825957146,0.1471375825957146,0.1471375825957146,0.1471375825957146,0.1459251184091354,0.1459251184091354,0.1459251184091354,0.1459251184091354,0.1459251184091354,0.1459251184091354,0.1459251184091354,0.1459251184091354,0.1459251184091354,0.1459251184091354,0.1459251184091354,0.1459251184091354,0.1459251184091354,0.1459251184091354,0.1459251184091354,0.1459251184091354,0.1459251184091354,0.1459251184091354,0.1459251184091354,0.1459251184091354,0.1459251184091354,0.1459251184091354,0.1459251184091354,0.1459251184091354,0.1459251184091354,0.14473660975836322,0.14473660975836322,0.14473660975836322,0.14473660975836322,0.14473660975836322,0.14473660975836322,0.14473660975836322,0.14473660975836322,0.14473660975836322,0.14473660975836322,0.14473660975836322,0.14473660975836322,0.14473660975836322,0.14473660975836322,0.14473660975836322,0.14473660975836322,0.14473660975836322,0.14473660975836322,0.14473660975836322,0.14473660975836322,0.14473660975836322,0.14473660975836322,0.14473660975836322,0.14473660975836322,0.14473660975836322,0.14357153078065002,0.14357153078065002,0.14357153078065002,0.14357153078065002,0.14357153078065002,0.14357153078065002,0.14357153078065002,0.14357153078065002,0.14357153078065002,0.14357153078065002,0.14357153078065002,0.14357153078065002,0.14357153078065002,0.14357153078065002,0.14357153078065002,0.14357153078065002,0.14357153078065002,0.14357153078065002,0.14357153078065002,0.14357153078065002,0.14357153078065002,0.14357153078065002,0.14357153078065002,0.14357153078065002,0.14357153078065002,0.14242936442710802,0.14242936442710802,0.14242936442710802,0.14242936442710802,0.14242936442710802,0.14242936442710802,0.14242936442710802,0.14242936442710802,0.14242936442710802,0.14242936442710802,0.14242936442710802,0.14242936442710802,0.14242936442710802,0.14242936442710802,0.14242936442710802,0.14242936442710802,0.14242936442710802,0.14242936442710802,0.14242936442710802,0.14242936442710802,0.14242936442710802,0.14242936442710802,0.14242936442710802,0.14242936442710802,0.14242936442710802,0.14130960267558682,0.14130960267558682,0.14130960267558682,0.14130960267558682,0.14130960267558682,0.14130960267558682,0.14130960267558682,0.14130960267558682,0.14130960267558682,0.14130960267558682,0.14130960267558682,0.14130960267558682,0.14130960267558682,0.14130960267558682,0.14130960267558682,0.14130960267558682,0.14130960267558682,0.14130960267558682,0.14130960267558682,0.14130960267558682,0.14130960267558682,0.14130960267558682,0.14130960267558682,0.14130960267558682,0.14130960267558682,0.1402117466995857,0.1402117466995857,0.1402117466995857,0.1402117466995857,0.1402117466995857,0.1402117466995857,0.1402117466995857,0.1402117466995857,0.1402117466995857,0.1402117466995857,0.1402117466995857,0.1402117466995857,0.1402117466995857,0.1402117466995857,0.1402117466995857,0.1402117466995857,0.1402117466995857,0.1402117466995857,0.1402117466995857,0.1402117466995857,0.1402117466995857,0.1402117466995857,0.1402117466995857,0.1402117466995857,0.1402117466995857,0.13913530699738194,0.13913530699738194,0.13913530699738194,0.13913530699738194,0.13913530699738194,0.13913530699738194,0.13913530699738194,0.13913530699738194,0.13913530699738194,0.13913530699738194,0.13913530699738194,0.13913530699738194,0.13913530699738194,0.13913530699738194,0.13913530699738194,0.13913530699738194,0.13913530699738194,0.13913530699738194,0.13913530699738194,0.13913530699738194,0.13913530699738194,0.13913530699738194,0.13913530699738194,0.13913530699738194,0.13913530699738194,0.13807980348523888,0.13807980348523888,0.13807980348523888,0.13807980348523888,0.13807980348523888,0.13807980348523888,0.13807980348523888,0.13807980348523888,0.13807980348523888,0.13807980348523888,0.13807980348523888,0.13807980348523888,0.13807980348523888,0.13807980348523888,0.13807980348523888,0.13807980348523888,0.13807980348523888,0.13807980348523888,0.13807980348523888,0.13807980348523888,0.13807980348523888,0.13807980348523888,0.13807980348523888,0.13807980348523888,0.13807980348523888,0.13704476555825074,0.13704476555825074,0.13704476555825074,0.13704476555825074,0.13704476555825074,0.13704476555825074,0.13704476555825074,0.13704476555825074,0.13704476555825074,0.13704476555825074,0.13704476555825074,0.13704476555825074,0.13704476555855422,0.13704476555825074,0.13704476555825074,0.13704476555825074,0.13704476555825074,0.13704476555825074,0.13704476555825074,0.13704476555825074,0.13704476555825074,0.13704476555825074,0.13704476555825074,0.13704476555825074,0.13704476555825074,0.13602973212209832,0.13602973212209832,0.13602973212209832,0.13602973212209832,0.13602973212209832,0.13602973212209832,0.13602973212209832,0.13602973212209832,0.13602973212209832,0.13602973212209832,0.13602973212209832,0.13602973212209832,0.13602973212209832,0.13602973212209832,0.13602973212209832,0.13602973212209832,0.13602973212209832,0.13602973212209832,0.13602973212209832,0.13602973212209832,0.13602973212209832,0.13602973212209832,0.13602973212209832,0.13602973212209832,0.13602973212209832,0.13503425159872645,0.13503425159872645,0.13503425159872645,0.13503425159872645,0.13503425159872645,0.13503425159872645,0.13503425159872645,0.13503425159872645,0.13503425159872645,0.13503425159872645,0.13503425159872645,0.13503425159872645,0.13503425159872645,0.13503425159872645,0.13503425159872645,0.13503425159872645,0.13503425159872645,0.13503425159872645,0.13503425159872645,0.13503425159872645,0.13503425159872645,0.13503425159872645,0.13503425159872645,0.13503425159872645,0.13503425159872645
0.16533248803110653,0.16533248803110653,0.16533248803110653,0.16533248803110653,0.16533248803110653,0.16533248803110653,0.16533248803110653,0.16533248803110653,0.16533248803110653,0.16533248803110653,0.16533248803110653,0.16533248803110653,0.16533248803110653,0.16533248803110653,0.16533248803110653,0.16533248803110653,0.16533248803110653,0.16533248803110653,0.16533248803110653,0.16533248803110653,0.16533248803110653,0.16533248803110653,0.16533248803110653,0.16533248803110653,0.16533248803110653,0.16375749430745531,0.16375749430745531,0.16375749430745531,0.16375749430745531,0.16375749430745531,0.16375749430745531,0.16375749430745531,0.16375749430745531,0.16375749430745531,0.16375749430745531,0.16375749430745531,0.16375749430745531,0.16375749430745531,0.16375749430745531,0.16375749430745531,0.16375749430745531,0.16375749430745531,0.16375749430745531,0.16375749430745531,0.16375749430745531,0.16375749430745531,0.16375749430745531,0.16375749430745531,0.16375749430745531,0.16375749430745531,0.16221388451582144,0.16221388451582144,0.16221388451582144,0.16221388451582144,0.16221388451582144,0.16221388451582144,0.16221388451582144,0.16221388451582144,0.16221388451582144,0.16221388451582144,0.16221388451582144,0.16221388451582144,0.16221388451582144,0.16221388451582144,0.16221388451582144,0.16221388451582144,0.16221388451582144,0.16221388451582144,0.16221388451582144,0.16221388451582144,0.16221388451582144,0.16221388451582144,0.16221388451582144,0.16221388451582144,0.16221388451582144,0.16070106761324607,0.16070106761324607,0.16070106761324607,0.16070106761324607,0.16070106761324607,0.16070106761324607,0.16070106761324607,0.16070106761324607,0.16070106761324607,0.16070106761324607,0.16070106761324607,0.16070106761324607,0.16070106761324607,0.16070106761324607,0.16070106761324607,0.16070106761324607,0.16070106761324607,0.16070106761324607,0.16070106761324607,0.16070106761324607,0.16070106761324607,0.16070106761324607,0.16070106761324607,0.16070106761324607,0.16070106761324607,0.15921845197470713,0.15921845197470713,0.15921845197470713,0.15921845197470713,0.15921845197470713,0.15921845197470713,0.15921845197470713,0.15921845197470713,0.15921845197470713,0.15921845197470713,0.15921845197470713,0.15921845197470713,0.15921845197470713,0.15921845197470713,0.15921845197470713,0.15921845197470713,0.15921845197470713,0.15921845197470713,0.15921845197470713,0.15921845197470713,0.15921845197470713,0.15921845197470713,0.15921845197470713,0.15921845197470713,0.15921845197470713,0.15776544674497092,0.15776544674497092,0.15776544674497092,0.15776544674497092,0.15776544674497092,0.15776544674497092,0.15776544674497092,0.15776544674497092,0.15776544674497092,0.15776544674497092,0.15776544674497092,0.15776544674497092,0.15776544674497092,0.15776544674497092,0.15776544674497092,0.15776544674497092,0.15776544674497092,0.15776544674497092,0.15776544674497092,0.15776544674497092,0.15776544674497092,0.15776544674497092,0.15776544674497092,0.15776544674497092,0.15776544674497092,0.15634146305291477,0.15634146305291477,0.15634146305291477,0.15634146305291477,0.15634146305291477,0.15634146305291477,0.15634146305291477,0.15634146305291477,0.15634146305291477,0.15634146305291477,0.15634146305291477,0.15634146305291477,0.15634146305291477,0.15634146305291477,0.15634146305291477,0.15634146305291477,0.15634146305291477,0.15634146305291477,0.15634146305291477,0.15634146305291477,0.15634146305291477,0.15634146305291477,0.15634146305291477,0.15634146305291477,0.15634146305291477,0.15494591509858718,0.15494591509858718,0.15494591509858718,0.15494591509858718,0.15494591509858718,0.15494591509858718,0.15494591509858718,0.15494591509858718,0.15494591509858718,0.15494591509858718,0.15494591509858718,0.15494591509858718,0.15494591509858718,0.15494591509858718,0.15494591509858718,0.15494591509858718,0.15494591509858718,0.15494591509858718,0.15494591509858718,0.15494591509858718,0.15494591509858718,0.15494591509858718,0.15494591509858718,0.15494591509858718,0.15494591509858718,0.15357822112271358,0.15357822112271358,0.15357822112271358,0.15357822112271358,0.15357822112271358,0.15357822112271358,0.15357822112271358,0.15357822112271358,0.15357822112271358,0.15357822112271358,0.15357822112271358,0.15357822112271358,0.15357822112271358,0.15357822112271358,0.15357822112271358,0.15357822112271358,0.15357822112271358,0.15357822112271358,0.15357822112271358,0.15357822112271358,0.15357822112271358,0.15357822112271358,0.15357822112271358,0.15357822112271358,0.15357822112271358,0.15223780426779646,0.15223780426779646,0.15223780426779646,0.15223780426779646,0.15223780426779646,0.15223780426779646,0.15223780426779646,0.15223780426779646,0.15223780426779646,0.15223780426779646,0.15223780426779646,0.15223780426779646,0.15223780426779646,0.15223780426779646,0.15223780426779646,0.15223780426779646,0.15223780426779646,0.15223780426779646,0.15223780426779646,0.15223780426779646,0.15223780426779646,0.15223780426779646,0.15223780426779646,0.15223780426779646,0.15223780426779646,0.15092409333942405,0.15092409333942405,0.15092409333942405,0.15092409333942405,0.15092409333942405,0.15092409333942405,0.15092409333942405,0.15092409333942405,0.15092409333942405,0.15092409333942405,0.15092409333942405,0.15092409333942405,0.15092409333942405,0.15092409333942405,0.15092409333942405,0.15092409333942405,0.15092409333942405,0.15092409333942405,0.15092409333942405,0.15092409333942405,0.15092409333942405,0.15092409333942405,0.15092409333942405,0.15092409333942405,0.15092409333942405,0.14963652347585685,0.14963652347585685,0.14963652347585685,0.14963652347585685,0.14963652347585685,0.14963652347585685,0.14963652347585685,0.14963652347585685,0.14963652347585685,0.14963652347585685,0.14963652347585685,0.14963652347585685,0.14963652347585685,0.14963652347585685,0.14963652347585685,0.14963652347585685,0.14963652347585685,0.14963652347585685,0.14963652347585685,0.14963652347585685,0.14963652347585685,0.14963652347585685,0.14963652347585685,0.14963652347585685,0.14963652347585685,0.1483745367334588,0.1483745367334588,0.1483745367334588,0.1483745367334588,0.1483745367334588,0.1483745367334588,0.1483745367334588,0.1483745367334588,0.1483745367334588,0.1483745367334588,0.1483745367334588,0.1483745367334588,0.1483745367334588,0.1483745367334588,0.1483745367334588,0.1483745367334588,0.1483745367334588,0.1483745367334588,0.1483745367334588,0.1483745367334588,0.1483745367334588,0.1483745367334588,0.1483745367334588,0.1483745367334588,0.1483745367334588,0.1471375825950314,0.1471375825950314,0.1471375825950314,0.1471375825950314,0.1471375825950314,0.1471375825950314,0.1471375825950314,0.1471375825950314,0.1471375825950314,0.1471375825950314,0.1471375825950314,0.1471375825950314,0.1471375825950314,0.1471375825950314,0.1471375825950314,0.1471375825950314,0.1471375825950314,0.1471375825950314,0.1471375825950314,0.1471375825950314,0.1471375825950314,0.1471375825950314,0.1471375825950314,0.1471375825950314,0.1471375825950314,0.1459251184076416,0.1459251184076416,0.1459251184076416,0.1459251184076416,0.1459251184076416,0.1459251184076416,0.1459251184076416,0.1459251184076416,0.1459251184076416,0.1459251184076416,0.1459251184076416,0.1459251184076416,0.1459251184076416,0.1459251184076416,0.1459251184076416,0.1459251184076416,0.1459251184076416,0.1459251184076416,0.1459251184076416,0.1459251184076416,0.1459251184076416,0.1459251184076416,0.1459251184076416,0.1459251184076416,0.1459251184076416,0.1447366097560714,0.1447366097560714,0.1447366097560714,0.1447366097560714,0.1447366097560714,0.1447366097560714,0.1447366097560714,0.1447366097560714,0.1447366097560714,0.1447366097560714,0.1447366097560714,0.1447366097560714,0.1447366097560714,0.1447366097560714,0.1447366097560714,0.1447366097560714,0.1447366097560714,0.1447366097560714,0.1447366097560714,0.1447366097560714,0.1447366097560714,0.1447366097560714,0.1447366097560714,0.1447366097560714,0.1447366097560714,0.14357153077758728,0.14357153077758728,0.14357153077758728,0.14357153077758728,0.14357153077758728,0.14357153077758728,0.14357153077758728,0.14357153077758728,0.14357153077758728,0.14357153077758728,0.14357153077758728,0.14357153077758728,0.14357153077758728,0.14357153077758728,0.14357153077758728,0.14357153077758728,0.14357153077758728,0.14357153077758728,0.14357153077758728,0.14357153077758728,0.14357153077758728,0.14357153077758728,0.14357153077758728,0.14357153077758728,0.14357153077758728,0.14242936442331633,0.14242936442331633,0.14242936442331633,0.14242936442331633,0.14242936442331633,0.14242936442331633,0.14242936442331633,0.14242936442331633,0.14242936442331633,0.14242936442331633,0.14242936442331633,0.14242936442331633,0.14242936442331633,0.14242936442331633,0.14242936442331633,0.14242936442331633,0.14242936442331633,0.14242936442331633,0.14242936442331633,0.14242936442331633,0.14242936442331633,0.14242936442331633,0.14242936442331633,0.14242936442331633,0.14242936442331633,0.14130960267112389,0.14130960267112389,0.14130960267112389,0.14130960267112389,0.14130960267112389,0.14130960267112389,0.14130960267112389,0.14130960267112389,0.14130960267112389,0.14130960267112389,0.14130960267112389,0.14130960267112389,0.14130960267112389,0.14130960267112389,0.14130960267112389,0.14130960267112389,0.14130960267112389,0.14130960267112389,0.14130960267112389,0.14130960267112389,0.14130960267112389,0.14130960267112389,0.14130960267112389,0.14130960267112389,0.14130960267112389,0.14021174669452444,0.14021174669452444,0.14021174669452444,0.14021174669452444,0.14021174669452444,0.14021174669452444,0.14021174669452444,0.14021174669452444,0.14021174669452444,0.14021174669452444,0.14021174669452444,0.14021174669452444,0.14021174669452444,0.14021174669452444,0.14021174669452444,0.14021174669452444,0.14021174669452444,0.14021174669452444,0.14021174669452444,0.14021174669452444,0.14021174669452444,0.14021174669452444,0.14021174669452444,0.14021174669452444,0.14021174669452444,0.13913530699181084,0.13913530699181084,0.13913530699181084,0.13913530699181084,0.13913530699181084,0.13913530699181084,0.13913530699181084,0.13913530699181084,0.13913530699181084,0.13913530699181084,0.13913530699181084,0.13913530699181084,0.13913530699181084,0.13913530699181084,0.13913530699181084,0.13913530699181084,0.13913530699181084,0.13913530699181084,0.13913530699181084,0.13913530699181084,0.13913530699181084,0.13913530699181084,0.13913530699181084,0.13913530699181084,0.13913530699181084,0.13807980347926063,0.13807980347926063,0.13807980347926063,0.13807980347926063,0.13807980347926063,0.13807980347926063,0.13807980347926063,0.13807980347926063,0.13807980347926063,0.13807980347926063,0.13807980347926063,0.13807980347926063,0.13807980347926063,0.13807980347926063,0.13807980347926063,0.13807980347926063,0.13807980347926063,0.13807980347926063,0.13807980347926063,0.13807980347926063,0.13807980347926063,0.13807980347926063,0.13807980347926063,0.13807980347926063,0.13807980347926063,0.13704476555198108,0.13704476555198108,0.13704476555198108,0.13704476555198108,0.13704476555198108,0.13704476555198108,0.13704476555198108,0.13704476555198108,0.13704476555198108,0.13704476555198108,0.13704476555198108,0.13704476555198108,0.1370447655520822,0.13704476555198108,0.13704476555198108,0.13704476555198108,0.13704476555198108,0.13704476555198108,0.13704476555198108,0.13704476555198108,0.13704476555198108,0.13704476555198108,0.13704476555198108,0.13704476555198108,0.13704476555198108,0.13602973211566438,0.13602973211566438,0.13602973211566438,0.13602973211566438,0.13602973211566438,0.13602973211566438,0.13602973211566438,0.13602973211566438,0.13602973211566438,0.13602973211566438,0.13602973211566438,0.13602973211566438,0.13602973211566438,0.13602973211566438,0.13602973211566438,0.13602973211566438,0.13602973211566438,0.13602973211566438,0.13602973211566438,0.13602973211566438,0.13602973211566438,0.13602973211566438,0.13602973211566438,0.13602973211566438,0.13602973211566438,0.13503425159226431,0.13503425159226431,0.13503425159226431,0.13503425159226431,0.13503425159226431,0.13503425159226431,0.13503425159226431,0.13503425159226431,0.13503425159226431,0.13503425159226431,0.13503425159226431,0.13503425159226431,0.13503425159226431,0.13503425159226431,0.13503425159226431,0.13503425159226431,0.13503425159226431,0.13503425159226431,0.13503425159226431,0.13503425159226431,0.13503425159226431,0.13503425159226431,0.13503425159226431,0.13503425159226431,0.13503425159226431
0.16533248803329295,0.16533248803329295,0.16533248803329295,0.16533248803329295,0.16533248803329295,0.16533248803329295,0.16533248803329295,0.16533248803329295,0.16533248803329295,0.16533248803329295,0.16533248803329295,0.16533248803329295,0.16533248803329295,0.16533248803329295,0.16533248803329295,0.16533248803329295,0.16533248803329295,0.16533248803329295,0.16533248803329295,0.16533248803329295,0.16533248803329295,0.16533248803329295,0.16533248803329295,0.16533248803329295,0.16533248803329295,0.16375749430957115,0.16375749430957115,0.16375749430957115,0.16375749430957115,0.16375749430957115,0.16375749430957115,0.16375749430957115,0.16375749430957115,0.16375749430957115,0.16375749430957115,0.16375749430957115,0.16375749430957115,0.16375749430957115,0.16375749430957115,0.16375749430957115,0.16375749430957115,0.16375749430957115,0.16375749430957115,0.16375749430957115,0.16375749430957115,0.16375749430957115,0.16375749430957115,0.16375749430957115,0.16375749430957115,0.16375749430957115,0.16221388451784569,0.16221388451784569,0.16221388451784569,0.16221388451784569,0.16221388451784569,0.16221388451784569,0.16221388451784569,0.16221388451784569,0.16221388451784569,0.16221388451784569,0.16221388451784569,0.16221388451784569,0.16221388451784569,0.16221388451784569,0.16221388451784569,0.16221388451784569,0.16221388451784569,0.16221388451784569,0.16221388451784569,0.16221388451784569,0.16221388451784569,0.16221388451784569,0.16221388451784569,0.16221388451784569,0.16221388451784569,0.16070106761515748,0.16070106761515748,0.16070106761515748,0.16070106761515748,0.16070106761515748,0.16070106761515748,0.16070106761515748,0.16070106761515748,0.16070106761515748,0.16070106761515748,0.16070106761515748,0.16070106761515748,0.16070106761515748,0.16070106761515748,0.16070106761515748,0.16070106761515748,0.16070106761515748,0.16070106761515748,0.16070106761515748,0.16070106761515748,0.16070106761515748,0.16070106761515748,0.16070106761515748,0.16070106761515748,0.16070106761515748,0.15921845197648435,0.15921845197648435,0.15921845197648435,0.15921845197648435,0.15921845197648435,0.15921845197648435,0.15921845197648435,0.15921845197648435,0.15921845197648435,0.15921845197648435,0.15921845197648435,0.15921845197648435,0.15921845197648435,0.15921845197648435,0.15921845197648435,0.15921845197648435,0.15921845197648435,0.15921845197648435,0.15921845197648435,0.15921845197648435,0.15921845197648435,0.15921845197648435,0.15921845197648435,0.15921845197648435,0.15921845197648435,0.15776544674659274,0.15776544674659274,0.15776544674659274,0.15776544674659274,0.15776544674659274,0.15776544674659274,0.15776544674659274,0.15776544674659274,0.15776544674659274,0.15776544674659274,0.15776544674659274,0.15776544674659274,0.15776544674659274,0.15776544674659274,0.15776544674659274,0.15776544674659274,0.15776544674659274,0.15776544674659274,0.15776544674659274,0.15776544674659274,0.15776544674659274,0.15776544674659274,0.15776544674659274,0.15776544674659274,0.15776544674659274,0.15634146305436034,0.15634146305436034,0.15634146305436034,0.15634146305436034,0.15634146305436034,0.15634146305436034,0.15634146305436034,0.15634146305436034,0.15634146305436034,0.15634146305436034,0.15634146305436034,0.15634146305436034,0.15634146305436034,0.15634146305436034,0.15634146305436034,0.15634146305436034,0.15634146305436034,0.15634146305436034,0.15634146305436034,0.15634146305436034,0.15634146305436034,0.15634146305436034,0.15634146305436034,0.15634146305436034,0.15634146305436034,0.1549459150998373,0.1549459150998373,0.1549459150998373,0.1549459150998373,0.1549459150998373,0.1549459150998373,0.1549459150998373,0.1549459150998373,0.1549459150998373,0.1549459150998373,0.1549459150998373,0.1549459150998373,0.1549459150998373,0.1549459150998373,0.1549459150998373,0.1549459150998373,0.1549459150998373,0.1549459150998373,0.1549459150998373,0.1549459150998373,0.1549459150998373,0.1549459150998373,0.1549459150998373,0.1549459150998373,0.1549459150998373,0.15357822112374972,0.15357822112374972,0.15357822112374972,0.15357822112374972,0.15357822112374972,0.15357822112374972,0.15357822112374972,0.15357822112374972,0.15357822112374972,0.15357822112374972,0.15357822112374972,0.15357822112374972,0.15357822112374972,0.15357822112374972,0.15357822112374972,0.15357822112374972,0.15357822112374972,0.15357822112374972,0.15357822112374972,0.15357822112374972,0.15357822112374972,0.15357822112374972,0.15357822112374972,0.15357822112374972,0.15357822112374972,0.15223780426860234,0.15223780426860234,0.15223780426860234,0.15223780426860234,0.15223780426860234,0.15223780426860234,0.15223780426860234,0.15223780426860234,0.15223780426860234,0.15223780426860234,0.15223780426860234,0.15223780426860234,0.15223780426860234,0.15223780426860234,0.15223780426860234,0.15223780426860234,0.15223780426860234,0.15223780426860234,0.15223780426860234,0.15223780426860234,0.15223780426860234,0.15223780426860234,0.15223780426860234,0.15223780426860234,0.15223780426860234,0.1509240933399853,0.1509240933399853,0.1509240933399853,0.1509240933399853,0.1509240933399853,0.1509240933399853,0.1509240933399853,0.1509240933399853,0.1509240933399853,0.1509240933399853,0.1509240933399853,0.1509240933399853,0.1509240933399853,0.1509240933399853,0.1509240933399853,0.1509240933399853,0.1509240933399853,0.1509240933399853,0.1509240933399853,0.1509240933399853,0.1509240933399853,0.1509240933399853,0.1509240933399853,0.1509240933399853,0.1509240933399853,0.1496365234761624,0.1496365234761624,0.1496365234761624,0.1496365234761624,0.1496365234761624,0.1496365234761624,0.1496365234761624,0.1496365234761624,0.1496365234761624,0.1496365234761624,0.1496365234761624,0.1496365234761624,0.1496365234761624,0.1496365234761624,0.1496365234761624,0.1496365234761624,0.1496365234761624,0.1496365234761624,0.1496365234761624,0.1496365234761624,0.1496365234761624,0.1496365234761624,0.1496365234761624,0.1496365234761624,0.1496365234761624,0.14837453673350048,0.14837453673350048,0.14837453673350048,0.14837453673350048,0.14837453673350048,0.14837453673350048,0.14837453673350048,0.14837453673350048,0.14837453673350048,0.14837453673350048,0.14837453673350048,0.14837453673350048,0.14837453673350048,0.14837453673350048,0.14837453673350048,0.14837453673350048,0.14837453673350048,0.14837453673350048,0.14837453673350048,0.14837453673350048,0.14837453673350048,0.14837453673350048,0.14837453673350048,0.14837453673350048,0.14837453673350048,0.14713758259480486,0.14713758259480486,0.14713758259480486,0.14713758259480486,0.14713758259480486,0.14713758259480486,0.14713758259480486,0.14713758259480486,0.14713758259480486,0.14713758259480486,0.14713758259480486,0.14713758259480486,0.14713758259480486,0.14713758259480486,0.14713758259480486,0.14713758259480486,0.14713758259480486,0.14713758259480486,0.14713758259480486,0.14713758259480486,0.14713758259480486,0.14713758259480486,0.14713758259480486,0.14713758259480486,0.14713758259480486,0.14592511840714675,0.14592511840714675,0.14592511840714675,0.14592511840714675,0.14592511840714675,0.14592511840714675,0.14592511840714675,0.14592511840714675,0.14592511840714675,0.14592511840714675,0.14592511840714675,0.14592511840714675,0.14592511840714675,0.14592511840714675,0.14592511840714675,0.14592511840714675,0.14592511840714675,0.14592511840714675,0.14592511840714675,0.14592511840714675,0.14592511840714675,0.14592511840714675,0.14592511840714675,0.14592511840714675,0.14592511840714675,0.14473660975531225,0.14473660975531225,0.14473660975531225,0.14473660975531225,0.14473660975531225,0.14473660975531225,0.14473660975531225,0.14473660975531225,0.14473660975531225,0.14473660975531225,0.14473660975531225,0.14473660975531225,0.14473660975531225,0.14473660975531225,0.14473660975531225,0.14473660975531225,0.14473660975531225,0.14473660975531225,0.14473660975531225,0.14473660975531225,0.14473660975531225,0.14473660975531225,0.14473660975531225,0.14473660975531225,0.14473660975531225,0.14357153077657292,0.14357153077657292,0.14357153077657292,0.14357153077657292,0.14357153077657292,0.14357153077657292,0.14357153077657292,0.14357153077657292,0.14357153077657292,0.14357153077657292,0.14357153077657292,0.14357153077657292,0.14357153077657292,0.14357153077657292,0.14357153077657292,0.14357153077657292,0.14357153077657292,0.14357153077657292,0.14357153077657292,0.14357153077657292,0.14357153077657292,0.14357153077657292,0.14357153077657292,0.14357153077657292,0.14357153077657292,0.14242936442206036,0.14242936442206036,0.14242936442206036,0.14242936442206036,0.14242936442206036,0.14242936442206036,0.14242936442206036,0.14242936442206036,0.14242936442206036,0.14242936442206036,0.14242936442206036,0.14242936442206036,0.14242936442206036,0.14242936442206036,0.14242936442206036,0.14242936442206036,0.14242936442206036,0.14242936442206036,0.14242936442206036,0.14242936442206036,0.14242936442206036,0.14242936442206036,0.14242936442206036,0.14242936442206036,0.14242936442206036,0.14130960266964565,0.14130960266964565,0.14130960266964565,0.14130960266964565,0.14130960266964565,0.14130960266964565,0.14130960266964565,0.14130960266964565,0.14130960266964565,0.14130960266964565,0.14130960266964565,0.14130960266964565,0.14130960266964565,0.14130960266964565,0.14130960266964565,0.14130960266964565,0.14130960266964565,0.14130960266964565,0.14130960266964565,0.14130960266964565,0.14130960266964565,0.14130960266964565,0.14130960266964565,0.14130960266964565,0.14130960266964565,0.14021174669284808,0.14021174669284808,0.14021174669284808,0.14021174669284808,0.14021174669284808,0.14021174669284808,0.14021174669284808,0.14021174669284808,0.14021174669284808,0.14021174669284808,0.14021174669284808,0.14021174669284808,0.14021174669284808,0.14021174669284808,0.14021174669284808,0.14021174669284808,0.14021174669284808,0.14021174669284808,0.14021174669284808,0.14021174669284808,0.14021174669284808,0.14021174669284808,0.14021174669284808,0.14021174669284808,0.14021174669284808,0.13913530698996554,0.13913530698996554,0.13913530698996554,0.13913530698996554,0.13913530698996554,0.13913530698996554,0.13913530698996554,0.13913530698996554,0.13913530698996554,0.13913530698996554,0.13913530698996554,0.13913530698996554,0.13913530698996554,0.13913530698996554,0.13913530698996554,0.13913530698996554,0.13913530698996554,0.13913530698996554,0.13913530698996554,0.13913530698996554,0.13913530698996554,0.13913530698996554,0.13913530698996554,0.13913530698996554,0.13913530698996554,0.13807980347728044,0.13807980347728044,0.13807980347728044,0.13807980347728044,0.13807980347728044,0.13807980347728044,0.13807980347728044,0.13807980347728044,0.13807980347728044,0.13807980347728044,0.13807980347728044,0.13807980347728044,0.13807980347728044,0.13807980347728044,0.13807980347728044,0.13807980347728044,0.13807980347728044,0.13807980347728044,0.13807980347728044,0.13807980347728044,0.13807980347728044,0.13807980347728044,0.13807980347728044,0.13807980347728044,0.13807980347728044,0.13704476554990436,0.13704476554990436,0.13704476554990436,0.13704476554990436,0.13704476554990436,0.13704476554990436,0.13704476554990436,0.13704476554990436,0.13704476554990436,0.13704476554990436,0.13704476554990436,0.13704476554990436,0.1370447655499302,0.13704476554990436,0.13704476554990436,0.13704476554990436,0.13704476554990436,0.13704476554990436,0.13704476554990436,0.13704476554990436,0.13704476554990436,0.13704476554990436,0.13704476554990436,0.13704476554990436,0.13704476554990436,0.1360297321135332,0.1360297321135332,0.1360297321135332,0.1360297321135332,0.1360297321135332,0.1360297321135332,0.1360297321135332,0.1360297321135332,0.1360297321135332,0.1360297321135332,0.1360297321135332,0.1360297321135332,0.1360297321135332,0.1360297321135332,0.1360297321135332,0.1360297321135332,0.1360297321135332,0.1360297321135332,0.1360297321135332,0.1360297321135332,0.1360297321135332,0.1360297321135332,0.1360297321135332,0.1360297321135332,0.1360297321135332,0.13503425159012394,0.13503425159012394,0.13503425159012394,0.13503425159012394,0.13503425159012394,0.13503425159012394,0.13503425159012394,0.13503425159012394,0.13503425159012394,0.13503425159012394,0.13503425159012394,0.13503425159012394,0.13503425159012394,0.13503425159012394,0.13503425159012394,0.13503425159012394,0.13503425159012394,0.13503425159012394,0.13503425159012394,0.13503425159012394,0.13503425159012394,0.13503425159012394,0.13503425159012394,0.13503425159012394,0.13503425159012394
0.1653324880340172,0.1653324880340172,0.1653324880340172,0.1653324880340172,0.1653324880340172,0.1653324880340172,0.1653324880340172,0.1653324880340172,0.1653324880340172,0.1653324880340172,0.1653324880340172,0.1653324880340172,0.1653324880340172,0.1653324880340172,0.1653324880340172,0.1653324880340172,0.1653324880340172,0.1653324880340172,0.1653324880340172,0.1653324880340172,0.1653324880340172,0.1653324880340172,0.1653324880340172,0.1653324880340172,0.1653324880340172,0.16375749431027195,0.16375749431027195,0.16375749431027195,0.16375749431027195,0.16375749431027195,0.16375749431027195,0.16375749431027195,0.16375749431027195,0.16375749431027195,0.16375749431027195,0.16375749431027195,0.16375749431027195,0.16375749431027195,0.16375749431027195,0.16375749431027195,0.16375749431027195,0.16375749431027195,0.16375749431027195,0.16375749431027195,0.16375749431027195,0.16375749431027195,0.16375749431027195,0.16375749431027195,0.16375749431027195,0.16375749431027195,0.1622138845185162,0.1622138845185162,0.1622138845185162,0.1622138845185162,0.1622138845185162,0.1622138845185162,0.1622138845185162,0.1622138845185162,0.1622138845185162,0.1622138845185162,0.1622138845185162,0.1622138845185162,0.1622138845185162,0.1622138845185162,0.1622138845185162,0.1622138845185162,0.1622138845185162,0.1622138845185162,0.1622138845185162,0.1622138845185162,0.1622138845185162,0.1622138845185162,0.1622138845185162,0.1622138845185162,0.1622138845185162,0.16070106761579062,0.16070106761579062,0.16070106761579062,0.16070106761579062,0.16070106761579062,0.16070106761579062,0.16070106761579062,0.16070106761579062,0.16070106761579062,0.16070106761579062,0.16070106761579062,0.16070106761579062,0.16070106761579062,0.16070106761579062,0.16070106761579062,0.16070106761579062,0.16070106761579062,0.16070106761579062,0.16070106761579062,0.16070106761579062,0.16070106761579062,0.16070106761579062,0.16070106761579062,0.16070106761579062,0.16070106761579062,0.15921845197707307,0.15921845197707307,0.15921845197707307,0.15921845197707307,0.15921845197707307,0.15921845197707307,0.15921845197707307,0.15921845197707307,0.15921845197707307,0.15921845197707307,0.15921845197707307,0.15921845197707307,0.15921845197707307,0.15921845197707307,0.15921845197707307,0.15921845197707307,0.15921845197707307,0.15921845197707307,0.15921845197707307,0.15921845197707307,0.15921845197707307,0.15921845197707307,0.15921845197707307,0.15921845197707307,0.15921845197707307,0.15776544674712978,0.15776544674712978,0.15776544674712978,0.15776544674712978,0.15776544674712978,0.15776544674712978,0.15776544674712978,0.15776544674712978,0.15776544674712978,0.15776544674712978,0.15776544674712978,0.15776544674712978,0.15776544674712978,0.15776544674712978,0.15776544674712978,0.15776544674712978,0.15776544674712978,0.15776544674712978,0.15776544674712978,0.15776544674712978,0.15776544674712978,0.15776544674712978,0.15776544674712978,0.15776544674712978,0.15776544674712978,0.1563414630548394,0.1563414630548394,0.1563414630548394,0.1563414630548394,0.1563414630548394,0.1563414630548394,0.1563414630548394,0.1563414630548394,0.1563414630548394,0.1563414630548394,0.1563414630548394,0.1563414630548394,0.1563414630548394,0.1563414630548394,0.1563414630548394,0.1563414630548394,0.1563414630548394,0.1563414630548394,0.1563414630548394,0.1563414630548394,0.1563414630548394,0.1563414630548394,0.1563414630548394,0.1563414630548394,0.1563414630548394,0.15494591510025144,0.15494591510025144,0.15494591510025144,0.15494591510025144,0.15494591510025144,0.15494591510025144,0.15494591510025144,0.15494591510025144,0.15494591510025144,0.15494591510025144,0.15494591510025144,0.15494591510025144,0.15494591510025144,0.15494591510025144,0.15494591510025144,0.15494591510025144,0.15494591510025144,0.15494591510025144,0.15494591510025144,0.15494591510025144,0.15494591510025144,0.15494591510025144,0.15494591510025144,0.15494591510025144,0.15494591510025144,0.15357822112409275,0.15357822112409275,0.15357822112409275,0.15357822112409275,0.15357822112409275,0.15357822112409275,0.15357822112409275,0.15357822112409275,0.15357822112409275,0.15357822112409275,0.15357822112409275,0.15357822112409275,0.15357822112409275,0.15357822112409275,0.15357822112409275,0.15357822112409275,0.15357822112409275,0.15357822112409275,0.15357822112409275,0.15357822112409275,0.15357822112409275,0.15357822112409275,0.15357822112409275,0.15357822112409275,0.15357822112409275,0.15223780426886904,0.15223780426886904,0.15223780426886904,0.15223780426886904,0.15223780426886904,0.15223780426886904,0.15223780426886904,0.15223780426886904,0.15223780426886904,0.15223780426886904,0.15223780426886904,0.15223780426886904,0.15223780426886904,0.15223780426886904,0.15223780426886904,0.15223780426886904,0.15223780426886904,0.15223780426886904,0.15223780426886904,0.15223780426886904,0.15223780426886904,0.15223780426886904,0.15223780426886904,0.15223780426886904,0.15223780426886904,0.15092409334017126,0.15092409334017126,0.15092409334017126,0.15092409334017126,0.15092409334017126,0.15092409334017126,0.15092409334017126,0.15092409334017126,0.15092409334017126,0.15092409334017126,0.15092409334017126,0.15092409334017126,0.15092409334017126,0.15092409334017126,0.15092409334017126,0.15092409334017126,0.15092409334017126,0.15092409334017126,0.15092409334017126,0.15092409334017126,0.15092409334017126,0.15092409334017126,0.15092409334017126,0.15092409334017126,0.15092409334017126,0.14963652347626377,0.14963652347626377,0.14963652347626377,0.14963652347626377,0.14963652347626377,0.14963652347626377,0.14963652347626377,0.14963652347626377,0.14963652347626377,0.14963652347626377,0.14963652347626377,0.14963652347626377,0.14963652347626377,0.14963652347626377,0.14963652347626377,0.14963652347626377,0.14963652347626377,0.14963652347626377,0.14963652347626377,0.14963652347626377,0.14963652347626377,0.14963652347626377,0.14963652347626377,0.14963652347626377,0.14963652347626377,0.1483745367335144,0.1483745367335144,0.1483745367335144,0.1483745367335144,0.1483745367335144,0.1483745367335144,0.1483745367335144,0.1483745367335144,0.1483745367335144,0.1483745367335144,0.1483745367335144,0.1483745367335144,0.1483745367335144,0.1483745367335144,0.1483745367335144,0.1483745367335144,0.1483745367335144,0.1483745367335144,0.1483745367335144,0.1483745367335144,0.1483745367335144,0.1483745367335144,0.1483745367335144,0.1483745367335144,0.1483745367335144,0.14713758259473003,0.14713758259473003,0.14713758259473003,0.14713758259473003,0.14713758259473003,0.14713758259473003,0.14713758259473003,0.14713758259473003,0.14713758259473003,0.14713758259473003,0.14713758259473003,0.14713758259473003,0.14713758259473003,0.14713758259473003,0.14713758259473003,0.14713758259473003,0.14713758259473003,0.14713758259473003,0.14713758259473003,0.14713758259473003,0.14713758259473003,0.14713758259473003,0.14713758259473003,0.14713758259473003,0.14713758259473003,0.14592511840698294,0.14592511840698294,0.14592511840698294,0.14592511840698294,0.14592511840698294,0.14592511840698294,0.14592511840698294,0.14592511840698294,0.14592511840698294,0.14592511840698294,0.14592511840698294,0.14592511840698294,0.14592511840698294,0.14592511840698294,0.14592511840698294,0.14592511840698294,0.14592511840698294,0.14592511840698294,0.14592511840698294,0.14592511840698294,0.14592511840698294,0.14592511840698294,0.14592511840698294,0.14592511840698294,0.14592511840698294,0.14473660975506092,0.14473660975506092,0.14473660975506092,0.14473660975506092,0.14473660975506092,0.14473660975506092,0.14473660975506092,0.14473660975506092,0.14473660975506092,0.14473660975506092,0.14473660975506092,0.14473660975506092,0.14473660975506092,0.14473660975506092,0.14473660975506092,0.14473660975506092,0.14473660975506092,0.14473660975506092,0.14473660975506092,0.14473660975506092,0.14473660975506092,0.14473660975506092,0.14473660975506092,0.14473660975506092,0.14473660975506092,0.14357153077623686,0.14357153077623686,0.14357153077623686,0.14357153077623686,0.14357153077623686,0.14357153077623686,0.14357153077623686,0.14357153077623686,0.14357153077623686,0.14357153077623686,0.14357153077623686,0.14357153077623686,0.14357153077623686,0.14357153077623686,0.14357153077623686,0.14357153077623686,0.14357153077623686,0.14357153077623686,0.14357153077623686,0.14357153077623686,0.14357153077623686,0.14357153077623686,0.14357153077623686,0.14357153077623686,0.14357153077623686,0.1424293644216445,0.1424293644216445,0.1424293644216445,0.1424293644216445,0.1424293644216445,0.1424293644216445,0.1424293644216445,0.1424293644216445,0.1424293644216445,0.1424293644216445,0.1424293644216445,0.1424293644216445,0.1424293644216445,0.1424293644216445,0.1424293644216445,0.1424293644216445,0.1424293644216445,0.1424293644216445,0.1424293644216445,0.1424293644216445,0.1424293644216445,0.1424293644216445,0.1424293644216445,0.1424293644216445,0.1424293644216445,0.14130960266915604,0.14130960266915604,0.14130960266915604,0.14130960266915604,0.14130960266915604,0.14130960266915604,0.14130960266915604,0.14130960266915604,0.14130960266915604,0.14130960266915604,0.14130960266915604,0.14130960266915604,0.14130960266915604,0.14130960266915604,0.14130960266915604,0.14130960266915604,0.14130960266915604,0.14130960266915604,0.14130960266915604,0.14130960266915604,0.14130960266915604,0.14130960266915604,0.14130960266915604,0.14130960266915604,0.14130960266915604,0.1402117466922929,0.1402117466922929,0.1402117466922929,0.1402117466922929,0.1402117466922929,0.1402117466922929,0.1402117466922929,0.1402117466922929,0.1402117466922929,0.1402117466922929,0.1402117466922929,0.1402117466922929,0.1402117466922929,0.1402117466922929,0.1402117466922929,0.1402117466922929,0.1402117466922929,0.1402117466922929,0.1402117466922929,0.1402117466922929,0.1402117466922929,0.1402117466922929,0.1402117466922929,0.1402117466922929,0.1402117466922929,0.13913530698935442,0.13913530698935442,0.13913530698935442,0.13913530698935442,0.13913530698935442,0.13913530698935442,0.13913530698935442,0.13913530698935442,0.13913530698935442,0.13913530698935442,0.13913530698935442,0.13913530698935442,0.13913530698935442,0.13913530698935442,0.13913530698935442,0.13913530698935442,0.13913530698935442,0.13913530698935442,0.13913530698935442,0.13913530698935442,0.13913530698935442,0.13913530698935442,0.13913530698935442,0.13913530698935442,0.13913530698935442,0.1380798034766246,0.1380798034766246,0.1380798034766246,0.1380798034766246,0.1380798034766246,0.1380798034766246,0.1380798034766246,0.1380798034766246,0.1380798034766246,0.1380798034766246,0.1380798034766246,0.1380798034766246,0.1380798034766246,0.1380798034766246,0.1380798034766246,0.1380798034766246,0.1380798034766246,0.1380798034766246,0.1380798034766246,0.1380798034766246,0.1380798034766246,0.1380798034766246,0.1380798034766246,0.1380798034766246,0.1380798034766246,0.13704476554921652,0.13704476554921652,0.13704476554921652,0.13704476554921652,0.13704476554921652,0.13704476554921652,0.13704476554921652,0.13704476554921652,0.13704476554921652,0.13704476554921652,0.13704476554921652,0.13704476554921652,0.13704476554922426,0.13704476554921652,0.13704476554921652,0.13704476554921652,0.13704476554921652,0.13704476554921652,0.13704476554921652,0.13704476554921652,0.13704476554921652,0.13704476554921652,0.13704476554921652,0.13704476554921652,0.13704476554921652,0.13602973211282735,0.13602973211282735,0.13602973211282735,0.13602973211282735,0.13602973211282735,0.13602973211282735,0.13602973211282735,0.13602973211282735,0.13602973211282735,0.13602973211282735,0.13602973211282735,0.13602973211282735,0.13602973211282735,0.13602973211282735,0.13602973211282735,0.13602973211282735,0.13602973211282735,0.13602973211282735,0.13602973211282735,0.13602973211282735,0.13602973211282735,0.13602973211282735,0.13602973211282735,0.13602973211282735,0.13602973211282735,0.135034251589415,0.135034251589415,0.135034251589415,0.135034251589415,0.135034251589415,0.135034251589415,0.135034251589415,0.135034251589415,0.135034251589415,0.135034251589415,0.135034251589415,0.135034251589415,0.135034251589415,0.135034251589415,0.135034251589415,0.135034251589415,0.135034251589415,0.135034251589415,0.135034251589415,0.135034251589415,0.135034251589415,0.135034251589415,0.135034251589415,0.135034251589415,0.135034251589415
0.1653324880342572,0.1653324880342572,0.1653324880342572,0.1653324880342572,0.1653324880342572,0.1653324880342572,0.1653324880342572,0.1653324880342572,0.1653324880342572,0.1653324880342572,0.1653324880342572,0.1653324880342572,0.1653324880342572,0.1653324880342572,0.1653324880342572,0.1653324880342572,0.1653324880342572,0.1653324880342572,0.1653324880342572,0.1653324880342572,0.1653324880342572,0.1653324880342572,0.1653324880342572,0.1653324880342572,0.1653324880342572,0.16375749431050418,0.16375749431050418,0.16375749431050418,0.16375749431050418,0.16375749431050418,0.16375749431050418,0.16375749431050418,0.16375749431050418,0.16375749431050418,0.16375749431050418,0.16375749431050418,0.16375749431050418,0.16375749431050418,0.16375749431050418,0.16375749431050418,0.16375749431050418,0.16375749431050418,0.16375749431050418,0.16375749431050418,0.16375749431050418,0.16375749431050418,0.16375749431050418,0.16375749431050418,0.16375749431050418,0.16375749431050418,0.16221388451873836,0.16221388451873836,0.16221388451873836,0.16221388451873836,0.16221388451873836,0.16221388451873836,0.16221388451873836,0.16221388451873836,0.16221388451873836,0.16221388451873836,0.16221388451873836,0.16221388451873836,0.16221388451873836,0.16221388451873836,0.16221388451873836,0.16221388451873836,0.16221388451873836,0.16221388451873836,0.16221388451873836,0.16221388451873836,0.16221388451873836,0.16221388451873836,0.16221388451873836,0.16221388451873836,0.16221388451873836,0.1607010676160003,0.1607010676160003,0.1607010676160003,0.1607010676160003,0.1607010676160003,0.1607010676160003,0.1607010676160003,0.1607010676160003,0.1607010676160003,0.1607010676160003,0.1607010676160003,0.1607010676160003,0.1607010676160003,0.1607010676160003,0.1607010676160003,0.1607010676160003,0.1607010676160003,0.1607010676160003,0.1607010676160003,0.1607010676160003,0.1607010676160003,0.1607010676160003,0.1607010676160003,0.1607010676160003,0.1607010676160003,0.15921845197726792,0.15921845197726792,0.15921845197726792,0.15921845197726792,0.15921845197726792,0.15921845197726792,0.15921845197726792,0.15921845197726792,0.15921845197726792,0.15921845197726792,0.15921845197726792,0.15921845197726792,0.15921845197726792,0.15921845197726792,0.15921845197726792,0.15921845197726792,0.15921845197726792,0.15921845197726792,0.15921845197726792,0.15921845197726792,0.15921845197726792,0.15921845197726792,0.15921845197726792,0.15921845197726792,0.15921845197726792,0.15776544674730775,0.15776544674730775,0.15776544674730775,0.15776544674730775,0.15776544674730775,0.15776544674730775,0.15776544674730775,0.15776544674730775,0.15776544674730775,0.15776544674730775,0.15776544674730775,0.15776544674730775,0.15776544674730775,0.15776544674730775,0.15776544674730775,0.15776544674730775,0.15776544674730775,0.15776544674730775,0.15776544674730775,0.15776544674730775,0.15776544674730775,0.15776544674730775,0.15776544674730775,0.15776544674730775,0.15776544674730775,0.1563414630549979,0.1563414630549979,0.1563414630549979,0.1563414630549979,0.1563414630549979,0.1563414630549979,0.1563414630549979,0.1563414630549979,0.1563414630549979,0.1563414630549979,0.1563414630549979,0.1563414630549979,0.1563414630549979,0.1563414630549979,0.1563414630549979,0.1563414630549979,0.1563414630549979,0.1563414630549979,0.1563414630549979,0.1563414630549979,0.1563414630549979,0.1563414630549979,0.1563414630549979,0.1563414630549979,0.1563414630549979,0.15494591510038852,0.15494591510038852,0.15494591510038852,0.15494591510038852,0.15494591510038852,0.15494591510038852,0.15494591510038852,0.15494591510038852,0.15494591510038852,0.15494591510038852,0.15494591510038852,0.15494591510038852,0.15494591510038852,0.15494591510038852,0.15494591510038852,0.15494591510038852,0.15494591510038852,0.15494591510038852,0.15494591510038852,0.15494591510038852,0.15494591510038852,0.15494591510038852,0.15494591510038852,0.15494591510038852,0.15494591510038852,0.1535782211242064,0.1535782211242064,0.1535782211242064,0.1535782211242064,0.1535782211242064,0.1535782211242064,0.1535782211242064,0.1535782211242064,0.1535782211242064,0.1535782211242064,0.1535782211242064,0.1535782211242064,0.1535782211242064,0.1535782211242064,0.1535782211242064,0.1535782211242064,0.1535782211242064,0.1535782211242064,0.1535782211242064,0.1535782211242064,0.1535782211242064,0.1535782211242064,0.1535782211242064,0.1535782211242064,0.1535782211242064,0.15223780426895744,0.15223780426895744,0.15223780426895744,0.15223780426895744,0.15223780426895744,0.15223780426895744,0.15223780426895744,0.15223780426895744,0.15223780426895744,0.15223780426895744,0.15223780426895744,0.15223780426895744,0.15223780426895744,0.15223780426895744,0.15223780426895744,0.15223780426895744,0.15223780426895744,0.15223780426895744,0.15223780426895744,0.15223780426895744,0.15223780426895744,0.15223780426895744,0.15223780426895744,0.15223780426895744,0.15223780426895744,0.1509240933402328,0.1509240933402328,0.1509240933402328,0.1509240933402328,0.1509240933402328,0.1509240933402328,0.1509240933402328,0.1509240933402328,0.1509240933402328,0.1509240933402328,0.1509240933402328,0.1509240933402328,0.1509240933402328,0.1509240933402328,0.1509240933402328,0.1509240933402328,0.1509240933402328,0.1509240933402328,0.1509240933402328,0.1509240933402328,0.1509240933402328,0.1509240933402328,0.1509240933402328,0.1509240933402328,0.1509240933402328,0.14963652347629722,0.14963652347629722,0.14963652347629722,0.14963652347629722,0.14963652347629722,0.14963652347629722,0.14963652347629722,0.14963652347629722,0.14963652347629722,0.14963652347629722,0.14963652347629722,0.14963652347629722,0.14963652347629722,0.14963652347629722,0.14963652347629722,0.14963652347629722,0.14963652347629722,0.14963652347629722,0.14963652347629722,0.14963652347629722,0.14963652347629722,0.14963652347629722,0.14963652347629722,0.14963652347629722,0.14963652347629722,0.14837453673351902,0.14837453673351902,0.14837453673351902,0.14837453673351902,0.14837453673351902,0.14837453673351902,0.14837453673351902,0.14837453673351902,0.14837453673351902,0.14837453673351902,0.14837453673351902,0.14837453673351902,0.14837453673351902,0.14837453673351902,0.14837453673351902,0.14837453673351902,0.14837453673351902,0.14837453673351902,0.14837453673351902,0.14837453673351902,0.14837453673351902,0.14837453673351902,0.14837453673351902,0.14837453673351902,0.14837453673351902,0.14713758259470516,0.14713758259470516,0.14713758259470516,0.14713758259470516,0.14713758259470516,0.14713758259470516,0.14713758259470516,0.14713758259470516,0.14713758259470516,0.14713758259470516,0.14713758259470516,0.14713758259470516,0.14713758259470516,0.14713758259470516,0.14713758259470516,0.14713758259470516,0.14713758259470516,0.14713758259470516,0.14713758259470516,0.14713758259470516,0.14713758259470516,0.14713758259470516,0.14713758259470516,0.14713758259470516,0.14713758259470516,0.14592511840692865,0.14592511840692865,0.14592511840692865,0.14592511840692865,0.14592511840692865,0.14592511840692865,0.14592511840692865,0.14592511840692865,0.14592511840692865,0.14592511840692865,0.14592511840692865,0.14592511840692865,0.14592511840692865,0.14592511840692865,0.14592511840692865,0.14592511840692865,0.14592511840692865,0.14592511840692865,0.14592511840692865,0.14592511840692865,0.14592511840692865,0.14592511840692865,0.14592511840692865,0.14592511840692865,0.14592511840692865,0.14473660975497765,0.14473660975497765,0.14473660975497765,0.14473660975497765,0.14473660975497765,0.14473660975497765,0.14473660975497765,0.14473660975497765,0.14473660975497765,0.14473660975497765,0.14473660975497765,0.14473660975497765,0.14473660975497765,0.14473660975497765,0.14473660975497765,0.14473660975497765,0.14473660975497765,0.14473660975497765,0.14473660975497765,0.14473660975497765,0.14473660975497765,0.14473660975497765,0.14473660975497765,0.14473660975497765,0.14473660975497765,0.1435715307761256,0.1435715307761256,0.1435715307761256,0.1435715307761256,0.1435715307761256,0.1435715307761256,0.1435715307761256,0.1435715307761256,0.1435715307761256,0.1435715307761256,0.1435715307761256,0.1435715307761256,0.1435715307761256,0.1435715307761256,0.1435715307761256,0.1435715307761256,0.1435715307761256,0.1435715307761256,0.1435715307761256,0.1435715307761256,0.1435715307761256,0.1435715307761256,0.1435715307761256,0.1435715307761256,0.1435715307761256,0.14242936442150678,0.14242936442150678,0.14242936442150678,0.14242936442150678,0.14242936442150678,0.14242936442150678,0.14242936442150678,0.14242936442150678,0.14242936442150678,0.14242936442150678,0.14242936442150678,0.14242936442150678,0.14242936442150678,0.14242936442150678,0.14242936442150678,0.14242936442150678,0.14242936442150678,0.14242936442150678,0.14242936442150678,0.14242936442150678,0.14242936442150678,0.14242936442150678,0.14242936442150678,0.14242936442150678,0.14242936442150678,0.1413096026689939,0.1413096026689939,0.1413096026689939,0.1413096026689939,0.1413096026689939,0.1413096026689939,0.1413096026689939,0.1413096026689939,0.1413096026689939,0.1413096026689939,0.1413096026689939,0.1413096026689939,0.1413096026689939,0.1413096026689939,0.1413096026689939,0.1413096026689939,0.1413096026689939,0.1413096026689939,0.1413096026689939,0.1413096026689939,0.1413096026689939,0.1413096026689939,0.1413096026689939,0.1413096026689939,0.1413096026689939,0.14021174669210906,0.14021174669210906,0.14021174669210906,0.14021174669210906,0.14021174669210906,0.14021174669210906,0.14021174669210906,0.14021174669210906,0.14021174669210906,0.14021174669210906,0.14021174669210906,0.14021174669210906,0.14021174669210906,0.14021174669210906,0.14021174669210906,0.14021174669210906,0.14021174669210906,0.14021174669210906,0.14021174669210906,0.14021174669210906,0.14021174669210906,0.14021174669210906,0.14021174669210906,0.14021174669210906,0.14021174669210906,0.13913530698915189,0.13913530698915189,0.13913530698915189,0.13913530698915189,0.13913530698915189,0.13913530698915189,0.13913530698915189,0.13913530698915189,0.13913530698915189,0.13913530698915189,0.13913530698915189,0.13913530698915189,0.13913530698915189,0.13913530698915189,0.13913530698915189,0.13913530698915189,0.13913530698915189,0.13913530698915189,0.13913530698915189,0.13913530698915189,0.13913530698915189,0.13913530698915189,0.13913530698915189,0.13913530698915189,0.13913530698915189,0.13807980347640725,0.13807980347640725,0.13807980347640725,0.13807980347640725,0.13807980347640725,0.13807980347640725,0.13807980347640725,0.13807980347640725,0.13807980347640725,0.13807980347640725,0.13807980347640725,0.13807980347640725,0.13807980347640725,0.13807980347640725,0.13807980347640725,0.13807980347640725,0.13807980347640725,0.13807980347640725,0.13807980347640725,0.13807980347640725,0.13807980347640725,0.13807980347640725,0.13807980347640725,0.13807980347640725,0.13807980347640725,0.13704476554898862,0.13704476554898862,0.13704476554898862,0.13704476554898862,0.13704476554898862,0.13704476554898862,0.13704476554898862,0.13704476554898862,0.13704476554898862,0.13704476554898862,0.13704476554898862,0.13704476554898862,0.13704476554899045,0.13704476554898862,0.13704476554898862,0.13704476554898862,0.13704476554898862,0.13704476554898862,0.13704476554898862,0.13704476554898862,0.13704476554898862,0.13704476554898862,0.13704476554898862,0.13704476554898862,0.13704476554898862,0.13602973211259353,0.13602973211259353,0.13602973211259353,0.13602973211259353,0.13602973211259353,0.13602973211259353,0.13602973211259353,0.13602973211259353,0.13602973211259353,0.13602973211259353,0.13602973211259353,0.13602973211259353,0.13602973211259353,0.13602973211259353,0.13602973211259353,0.13602973211259353,0.13602973211259353,0.13602973211259353,0.13602973211259353,0.13602973211259353,0.13602973211259353,0.13602973211259353,0.13602973211259353,0.13602973211259353,0.13602973211259353,0.13503425158918014,0.13503425158918014,0.13503425158918014,0.13503425158918014,0.13503425158918014,0.13503425158918014,0.13503425158918014,0.13503425158918014,0.13503425158918014,0.13503425158918014,0.13503425158918014,0.13503425158918014,0.13503425158918014,0.13503425158918014,0.13503425158918014,0.13503425158918014,0.13503425158918014,0.13503425158918014,0.13503425158918014,0.13503425158918014,0.13503425158918014,0.13503425158918014,0.13503425158918014,0.13503425158918014,0.13503425158918014
0.1653324880343365,0.1653324880343365,0.1653324880343365,0.1653324880343365,0.1653324880343365,0.1653324880343365,0.1653324880343365,0.1653324880343365,0.1653324880343365,0.1653324880343365,0.1653324880343365,0.1653324880343365,0.1653324880343365,0.1653324880343365,0.1653324880343365,0.1653324880343365,0.1653324880343365,0.1653324880343365,0.1653324880343365,0.1653324880343365,0.1653324880343365,0.1653324880343365,0.1653324880343365,0.1653324880343365,0.1653324880343365,0.16375749431058095,0.16375749431058095,0.16375749431058095,0.16375749431058095,0.16375749431058095,0.16375749431058095,0.16375749431058095,0.16375749431058095,0.16375749431058095,0.16375749431058095,0.16375749431058095,0.16375749431058095,0.16375749431058095,0.16375749431058095,0.16375749431058095,0.16375749431058095,0.16375749431058095,0.16375749431058095,0.16375749431058095,0.16375749431058095,0.16375749431058095,0.16375749431058095,0.16375749431058095,0.16375749431058095,0.16375749431058095,0.1622138845188118,0.1622138845188118,0.1622138845188118,0.1622138845188118,0.1622138845188118,0.1622138845188118,0.1622138845188118,0.1622138845188118,0.1622138845188118,0.1622138845188118,0.1622138845188118,0.1622138845188118,0.1622138845188118,0.1622138845188118,0.1622138845188118,0.1622138845188118,0.1622138845188118,0.1622138845188118,0.1622138845188118,0.1622138845188118,0.1622138845188118,0.1622138845188118,0.1622138845188118,0.1622138845188118,0.1622138845188118,0.16070106761606984,0.16070106761606984,0.16070106761606984,0.16070106761606984,0.16070106761606984,0.16070106761606984,0.16070106761606984,0.16070106761606984,0.16070106761606984,0.16070106761606984,0.16070106761606984,0.16070106761606984,0.16070106761606984,0.16070106761606984,0.16070106761606984,0.16070106761606984,0.16070106761606984,0.16070106761606984,0.16070106761606984,0.16070106761606984,0.16070106761606984,0.16070106761606984,0.16070106761606984,0.16070106761606984,0.16070106761606984,0.15921845197733256,0.15921845197733256,0.15921845197733256,0.15921845197733256,0.15921845197733256,0.15921845197733256,0.15921845197733256,0.15921845197733256,0.15921845197733256,0.15921845197733256,0.15921845197733256,0.15921845197733256,0.15921845197733256,0.15921845197733256,0.15921845197733256,0.15921845197733256,0.15921845197733256,0.15921845197733256,0.15921845197733256,0.15921845197733256,0.15921845197733256,0.15921845197733256,0.15921845197733256,0.15921845197733256,0.15921845197733256,0.15776544674736664,0.15776544674736664,0.15776544674736664,0.15776544674736664,0.15776544674736664,0.15776544674736664,0.15776544674736664,0.15776544674736664,0.15776544674736664,0.15776544674736664,0.15776544674736664,0.15776544674736664,0.15776544674736664,0.15776544674736664,0.15776544674736664,0.15776544674736664,0.15776544674736664,0.15776544674736664,0.15776544674736664,0.15776544674736664,0.15776544674736664,0.15776544674736664,0.15776544674736664,0.15776544674736664,0.15776544674736664,0.1563414630550504,0.1563414630550504,0.1563414630550504,0.1563414630550504,0.1563414630550504,0.1563414630550504,0.1563414630550504,0.1563414630550504,0.1563414630550504,0.1563414630550504,0.1563414630550504,0.1563414630550504,0.1563414630550504,0.1563414630550504,0.1563414630550504,0.1563414630550504,0.1563414630550504,0.1563414630550504,0.1563414630550504,0.1563414630550504,0.1563414630550504,0.1563414630550504,0.1563414630550504,0.1563414630550504,0.1563414630550504,0.15494591510043382,0.15494591510043382,0.15494591510043382,0.15494591510043382,0.15494591510043382,0.15494591510043382,0.15494591510043382,0.15494591510043382,0.15494591510043382,0.15494591510043382,0.15494591510043382,0.15494591510043382,0.15494591510043382,0.15494591510043382,0.15494591510043382,0.15494591510043382,0.15494591510043382,0.15494591510043382,0.15494591510043382,0.15494591510043382,0.15494591510043382,0.15494591510043382,0.15494591510043382,0.15494591510043382,0.15494591510043382,0.15357822112424419,0.15357822112424419,0.15357822112424419,0.15357822112424419,0.15357822112424419,0.15357822112424419,0.15357822112424419,0.15357822112424419,0.15357822112424419,0.15357822112424419,0.15357822112424419,0.15357822112424419,0.15357822112424419,0.15357822112424419,0.15357822112424419,0.15357822112424419,0.15357822112424419,0.15357822112424419,0.15357822112424419,0.15357822112424419,0.15357822112424419,0.15357822112424419,0.15357822112424419,0.15357822112424419,0.15357822112424419,0.15223780426898675,0.15223780426898675,0.15223780426898675,0.15223780426898675,0.15223780426898675,0.15223780426898675,0.15223780426898675,0.15223780426898675,0.15223780426898675,0.15223780426898675,0.15223780426898675,0.15223780426898675,0.15223780426898675,0.15223780426898675,0.15223780426898675,0.15223780426898675,0.15223780426898675,0.15223780426898675,0.15223780426898675,0.15223780426898675,0.15223780426898675,0.15223780426898675,0.15223780426898675,0.15223780426898675,0.15223780426898675,0.15092409334025325,0.15092409334025325,0.15092409334025325,0.15092409334025325,0.15092409334025325,0.15092409334025325,0.15092409334025325,0.15092409334025325,0.15092409334025325,0.15092409334025325,0.15092409334025325,0.15092409334025325,0.15092409334025325,0.15092409334025325,0.15092409334025325,0.15092409334025325,0.15092409334025325,0.15092409334025325,0.15092409334025325,0.15092409334025325,0.15092409334025325,0.15092409334025325,0.15092409334025325,0.15092409334025325,0.15092409334025325,0.1496365234763084,0.1496365234763084,0.1496365234763084,0.1496365234763084,0.1496365234763084,0.1496365234763084,0.1496365234763084,0.1496365234763084,0.1496365234763084,0.1496365234763084,0.1496365234763084,0.1496365234763084,0.1496365234763084,0.1496365234763084,0.1496365234763084,0.1496365234763084,0.1496365234763084,0.1496365234763084,0.1496365234763084,0.1496365234763084,0.1496365234763084,0.1496365234763084,0.1496365234763084,0.1496365234763084,0.1496365234763084,0.1483745367335205,0.1483745367335205,0.1483745367335205,0.1483745367335205,0.1483745367335205,0.1483745367335205,0.1483745367335205,0.1483745367335205,0.1483745367335205,0.1483745367335205,0.1483745367335205,0.1483745367335205,0.1483745367335205,0.1483745367335205,0.1483745367335205,0.1483745367335205,0.1483745367335205,0.1483745367335205,0.1483745367335205,0.1483745367335205,0.1483745367335205,0.1483745367335205,0.1483745367335205,0.1483745367335205,0.1483745367335205,0.14713758259469698,0.14713758259469698,0.14713758259469698,0.14713758259469698,0.14713758259469698,0.14713758259469698,0.14713758259469698,0.14713758259469698,0.14713758259469698,0.14713758259469698,0.14713758259469698,0.14713758259469698,0.14713758259469698,0.14713758259469698,0.14713758259469698,0.14713758259469698,0.14713758259469698,0.14713758259469698,0.14713758259469698,0.14713758259469698,0.14713758259469698,0.14713758259469698,0.14713758259469698,0.14713758259469698,0.14713758259469698,0.14592511840691066,0.14592511840691066,0.14592511840691066,0.14592511840691066,0.14592511840691066,0.14592511840691066,0.14592511840691066,0.14592511840691066,0.14592511840691066,0.14592511840691066,0.14592511840691066,0.14592511840691066,0.14592511840691066,0.14592511840691066,0.14592511840691066,0.14592511840691066,0.14592511840691066,0.14592511840691066,0.14592511840691066,0.14592511840691066,0.14592511840691066,0.14592511840691066,0.14592511840691066,0.14592511840691066,0.14592511840691066,0.14473660975495006,0.14473660975495006,0.14473660975495006,0.14473660975495006,0.14473660975495006,0.14473660975495006,0.14473660975495006,0.14473660975495006,0.14473660975495006,0.14473660975495006,0.14473660975495006,0.14473660975495006,0.14473660975495006,0.14473660975495006,0.14473660975495006,0.14473660975495006,0.14473660975495006,0.14473660975495006,0.14473660975495006,0.14473660975495006,0.14473660975495006,0.14473660975495006,0.14473660975495006,0.14473660975495006,0.14473660975495006,0.14357153077608867,0.14357153077608867,0.14357153077608867,0.14357153077608867,0.14357153077608867,0.14357153077608867,0.14357153077608867,0.14357153077608867,0.14357153077608867,0.14357153077608867,0.14357153077608867,0.14357153077608867,0.14357153077608867,0.14357153077608867,0.14357153077608867,0.14357153077608867,0.14357153077608867,0.14357153077608867,0.14357153077608867,0.14357153077608867,0.14357153077608867,0.14357153077608867,0.14357153077608867,0.14357153077608867,0.14357153077608867,0.14242936442146117,0.14242936442146117,0.14242936442146117,0.14242936442146117,0.14242936442146117,0.14242936442146117,0.14242936442146117,0.14242936442146117,0.14242936442146117,0.14242936442146117,0.14242936442146117,0.14242936442146117,0.14242936442146117,0.14242936442146117,0.14242936442146117,0.14242936442146117,0.14242936442146117,0.14242936442146117,0.14242936442146117,0.14242936442146117,0.14242936442146117,0.14242936442146117,0.14242936442146117,0.14242936442146117,0.14242936442146117,0.1413096026689401,0.1413096026689401,0.1413096026689401,0.1413096026689401,0.1413096026689401,0.1413096026689401,0.1413096026689401,0.1413096026689401,0.1413096026689401,0.1413096026689401,0.1413096026689401,0.1413096026689401,0.1413096026689401,0.1413096026689401,0.1413096026689401,0.1413096026689401,0.1413096026689401,0.1413096026689401,0.1413096026689401,0.1413096026689401,0.1413096026689401,0.1413096026689401,0.1413096026689401,0.1413096026689401,0.1413096026689401,0.14021174669204808,0.14021174669204808,0.14021174669204808,0.14021174669204808,0.14021174669204808,0.14021174669204808,0.14021174669204808,0.14021174669204808,0.14021174669204808,0.14021174669204808,0.14021174669204808,0.14021174669204808,0.14021174669204808,0.14021174669204808,0.14021174669204808,0.14021174669204808,0.14021174669204808,0.14021174669204808,0.14021174669204808,0.14021174669204808,0.14021174669204808,0.14021174669204808,0.14021174669204808,0.14021174669204808,0.14021174669204808,0.13913530698908486,0.13913530698908486,0.13913530698908486,0.13913530698908486,0.13913530698908486,0.13913530698908486,0.13913530698908486,0.13913530698908486,0.13913530698908486,0.13913530698908486,0.13913530698908486,0.13913530698908486,0.13913530698908486,0.13913530698908486,0.13913530698908486,0.13913530698908486,0.13913530698908486,0.13913530698908486,0.13913530698908486,0.13913530698908486,0.13913530698908486,0.13913530698908486,0.13913530698908486,0.13913530698908486,0.13913530698908486,0.13807980347633547,0.13807980347633547,0.13807980347633547,0.13807980347633547,0.13807980347633547,0.13807980347633547,0.13807980347633547,0.13807980347633547,0.13807980347633547,0.13807980347633547,0.13807980347633547,0.13807980347633547,0.13807980347633547,0.13807980347633547,0.13807980347633547,0.13807980347633547,0.13807980347633547,0.13807980347633547,0.13807980347633547,0.13807980347633547,0.13807980347633547,0.13807980347633547,0.13807980347633547,0.13807980347633547,0.13807980347633547,0.1370447655489132,0.1370447655489132,0.1370447655489132,0.1370447655489132,0.1370447655489132,0.1370447655489132,0.1370447655489132,0.1370447655489132,0.1370447655489132,0.1370447655489132,0.1370447655489132,0.1370447655489132,0.13704476554892037,0.1370447655489132,0.1370447655489132,0.1370447655489132,0.1370447655489132,0.1370447655489132,0.1370447655489132,0.1370447655489132,0.1370447655489132,0.1370447655489132,0.1370447655489132,0.1370447655489132,0.1370447655489132,0.13602973211251615,0.13602973211251615,0.13602973211251615,0.13602973211251615,0.13602973211251615,0.13602973211251615,0.13602973211251615,0.13602973211251615,0.13602973211251615,0.13602973211251615,0.13602973211251615,0.13602973211251615,0.13602973211251615,0.13602973211251615,0.13602973211251615,0.13602973211251615,0.13602973211251615,0.13602973211251615,0.13602973211251615,0.13602973211251615,0.13602973211251615,0.13602973211251615,0.13602973211251615,0.13602973211251615,0.13602973211251615,0.13503425158910234,0.13503425158910234,0.13503425158910234,0.13503425158910234,0.13503425158910234,0.13503425158910234,0.13503425158910234,0.13503425158910234,0.13503425158910234,0.13503425158910234,0.13503425158910234,0.13503425158910234,0.13503425158910234,0.13503425158910234,0.13503425158910234,0.13503425158910234,0.13503425158910234,0.13503425158910234,0.13503425158910234,0.13503425158910234,0.13503425158910234,0.13503425158910234,0.13503425158910234,0.13503425158910234,0.13503425158910234
0.16533248803436293,0.16533248803436293,0.16533248803436293,0.16533248803436293,0.16533248803436293,0.16533248803436293,0.16533248803436293,0.16533248803436293,0.16533248803436293,0.16533248803436293,0.16533248803436293,0.16533248803436293,0.16533248803436293,0.16533248803436293,0.16533248803436293,0.16533248803436293,0.16533248803436293,0.16533248803436293,0.16533248803436293,0.16533248803436293,0.16533248803436293,0.16533248803436293,0.16533248803436293,0.16533248803436293,0.16533248803436293,0.1637574943106064,0.1637574943106064,0.1637574943106064,0.1637574943106064,0.1637574943106064,0.1637574943106064,0.1637574943106064,0.1637574943106064,0.1637574943106064,0.1637574943106064,0.1637574943106064,0.1637574943106064,0.1637574943106064,0.1637574943106064,0.1637574943106064,0.1637574943106064,0.1637574943106064,0.1637574943106064,0.1637574943106064,0.1637574943106064,0.1637574943106064,0.1637574943106064,0.1637574943106064,0.1637574943106064,0.1637574943106064,0.16221388451883625,0.16221388451883625,0.16221388451883625,0.16221388451883625,0.16221388451883625,0.16221388451883625,0.16221388451883625,0.16221388451883625,0.16221388451883625,0.16221388451883625,0.16221388451883625,0.16221388451883625,0.16221388451883625,0.16221388451883625,0.16221388451883625,0.16221388451883625,0.16221388451883625,0.16221388451883625,0.16221388451883625,0.16221388451883625,0.16221388451883625,0.16221388451883625,0.16221388451883625,0.16221388451883625,0.16221388451883625,0.16070106761609274,0.16070106761609274,0.16070106761609274,0.16070106761609274,0.16070106761609274,0.16070106761609274,0.16070106761609274,0.16070106761609274,0.16070106761609274,0.16070106761609274,0.16070106761609274,0.16070106761609274,0.16070106761609274,0.16070106761609274,0.16070106761609274,0.16070106761609274,0.16070106761609274,0.16070106761609274,0.16070106761609274,0.16070106761609274,0.16070106761609274,0.16070106761609274,0.16070106761609274,0.16070106761609274,0.16070106761609274,0.1592184519773539,0.1592184519773539,0.1592184519773539,0.1592184519773539,0.1592184519773539,0.1592184519773539,0.1592184519773539,0.1592184519773539,0.1592184519773539,0.1592184519773539,0.1592184519773539,0.1592184519773539,0.1592184519773539,0.1592184519773539,0.1592184519773539,0.1592184519773539,0.1592184519773539,0.1592184519773539,0.1592184519773539,0.1592184519773539,0.1592184519773539,0.1592184519773539,0.1592184519773539,0.1592184519773539,0.1592184519773539,0.15776544674738627,0.15776544674738627,0.15776544674738627,0.15776544674738627,0.15776544674738627,0.15776544674738627,0.15776544674738627,0.15776544674738627,0.15776544674738627,0.15776544674738627,0.15776544674738627,0.15776544674738627,0.15776544674738627,0.15776544674738627,0.15776544674738627,0.15776544674738627,0.15776544674738627,0.15776544674738627,0.15776544674738627,0.15776544674738627,0.15776544674738627,0.15776544674738627,0.15776544674738627,0.15776544674738627,0.15776544674738627,0.15634146305506796,0.15634146305506796,0.15634146305506796,0.15634146305506796,0.15634146305506796,0.15634146305506796,0.15634146305506796,0.15634146305506796,0.15634146305506796,0.15634146305506796,0.15634146305506796,0.15634146305506796,0.15634146305506796,0.15634146305506796,0.15634146305506796,0.15634146305506796,0.15634146305506796,0.15634146305506796,0.15634146305506796,0.15634146305506796,0.15634146305506796,0.15634146305506796,0.15634146305506796,0.15634146305506796,0.15634146305506796,0.15494591510044903,0.15494591510044903,0.15494591510044903,0.15494591510044903,0.15494591510044903,0.15494591510044903,0.15494591510044903,0.15494591510044903,0.15494591510044903,0.15494591510044903,0.15494591510044903,0.15494591510044903,0.15494591510044903,0.15494591510044903,0.15494591510044903,0.15494591510044903,0.15494591510044903,0.15494591510044903,0.15494591510044903,0.15494591510044903,0.15494591510044903,0.15494591510044903,0.15494591510044903,0.15494591510044903,0.15494591510044903,0.15357822112425662,0.15357822112425662,0.15357822112425662,0.15357822112425662,0.15357822112425662,0.15357822112425662,0.15357822112425662,0.15357822112425662,0.15357822112425662,0.15357822112425662,0.15357822112425662,0.15357822112425662,0.15357822112425662,0.15357822112425662,0.15357822112425662,0.15357822112425662,0.15357822112425662,0.15357822112425662,0.15357822112425662,0.15357822112425662,0.15357822112425662,0.15357822112425662,0.15357822112425662,0.15357822112425662,0.15357822112425662,0.1522378042689966,0.1522378042689966,0.1522378042689966,0.1522378042689966,0.1522378042689966,0.1522378042689966,0.1522378042689966,0.1522378042689966,0.1522378042689966,0.1522378042689966,0.1522378042689966,0.1522378042689966,0.1522378042689966,0.1522378042689966,0.1522378042689966,0.1522378042689966,0.1522378042689966,0.1522378042689966,0.1522378042689966,0.1522378042689966,0.1522378042689966,0.1522378042689966,0.1522378042689966,0.1522378042689966,0.1522378042689966,0.15092409334026,0.15092409334026,0.15092409334026,0.15092409334026,0.15092409334026,0.15092409334026,0.15092409334026,0.15092409334026,0.15092409334026,0.15092409334026,0.15092409334026,0.15092409334026,0.15092409334026,0.15092409334026,0.15092409334026,0.15092409334026,0.15092409334026,0.15092409334026,0.15092409334026,0.15092409334026,0.15092409334026,0.15092409334026,0.15092409334026,0.15092409334026,0.15092409334026,0.14963652347631198,0.14963652347631198,0.14963652347631198,0.14963652347631198,0.14963652347631198,0.14963652347631198,0.14963652347631198,0.14963652347631198,0.14963652347631198,0.14963652347631198,0.14963652347631198,0.14963652347631198,0.14963652347631198,0.14963652347631198,0.14963652347631198,0.14963652347631198,0.14963652347631198,0.14963652347631198,0.14963652347631198,0.14963652347631198,0.14963652347631198,0.14963652347631198,0.14963652347631198,0.14963652347631198,0.14963652347631198,0.14837453673352105,0.14837453673352105,0.14837453673352105,0.14837453673352105,0.14837453673352105,0.14837453673352105,0.14837453673352105,0.14837453673352105,0.14837453673352105,0.14837453673352105,0.14837453673352105,0.14837453673352105,0.14837453673352105,0.14837453673352105,0.14837453673352105,0.14837453673352105,0.14837453673352105,0.14837453673352105,0.14837453673352105,0.14837453673352105,0.14837453673352105,0.14837453673352105,0.14837453673352105,0.14837453673352105,0.14837453673352105,0.14713758259469426,0.14713758259469426,0.14713758259469426,0.14713758259469426,0.14713758259469426,0.14713758259469426,0.14713758259469426,0.14713758259469426,0.14713758259469426,0.14713758259469426,0.14713758259469426,0.14713758259469426,0.14713758259469426,0.14713758259469426,0.14713758259469426,0.14713758259469426,0.14713758259469426,0.14713758259469426,0.14713758259469426,0.14713758259469426,0.14713758259469426,0.14713758259469426,0.14713758259469426,0.14713758259469426,0.14713758259469426,0.14592511840690478,0.14592511840690478,0.14592511840690478,0.14592511840690478,0.14592511840690478,0.14592511840690478,0.14592511840690478,0.14592511840690478,0.14592511840690478,0.14592511840690478,0.14592511840690478,0.14592511840690478,0.14592511840690478,0.14592511840690478,0.14592511840690478,0.14592511840690478,0.14592511840690478,0.14592511840690478,0.14592511840690478,0.14592511840690478,0.14592511840690478,0.14592511840690478,0.14592511840690478,0.14592511840690478,0.14592511840690478,0.14473660975494101,0.14473660975494101,0.14473660975494101,0.14473660975494101,0.14473660975494101,0.14473660975494101,0.14473660975494101,0.14473660975494101,0.14473660975494101,0.14473660975494101,0.14473660975494101,0.14473660975494101,0.14473660975494101,0.14473660975494101,0.14473660975494101,0.14473660975494101,0.14473660975494101,0.14473660975494101,0.14473660975494101,0.14473660975494101,0.14473660975494101,0.14473660975494101,0.14473660975494101,0.14473660975494101,0.14473660975494101,0.1435715307760765,0.1435715307760765,0.1435715307760765,0.1435715307760765,0.1435715307760765,0.1435715307760765,0.1435715307760765,0.1435715307760765,0.1435715307760765,0.1435715307760765,0.1435715307760765,0.1435715307760765,0.1435715307760765,0.1435715307760765,0.1435715307760765,0.1435715307760765,0.1435715307760765,0.1435715307760765,0.1435715307760765,0.1435715307760765,0.1435715307760765,0.1435715307760765,0.1435715307760765,0.1435715307760765,0.1435715307760765,0.14242936442144605,0.14242936442144605,0.14242936442144605,0.14242936442144605,0.14242936442144605,0.14242936442144605,0.14242936442144605,0.14242936442144605,0.14242936442144605,0.14242936442144605,0.14242936442144605,0.14242936442144605,0.14242936442144605,0.14242936442144605,0.14242936442144605,0.14242936442144605,0.14242936442144605,0.14242936442144605,0.14242936442144605,0.14242936442144605,0.14242936442144605,0.14242936442144605,0.14242936442144605,0.14242936442144605,0.14242936442144605,0.14130960266892234,0.14130960266892234,0.14130960266892234,0.14130960266892234,0.14130960266892234,0.14130960266892234,0.14130960266892234,0.14130960266892234,0.14130960266892234,0.14130960266892234,0.14130960266892234,0.14130960266892234,0.14130960266892234,0.14130960266892234,0.14130960266892234,0.14130960266892234,0.14130960266892234,0.14130960266892234,0.14130960266892234,0.14130960266892234,0.14130960266892234,0.14130960266892234,0.14130960266892234,0.14130960266892234,0.14130960266892234,0.14021174669202796,0.14021174669202796,0.14021174669202796,0.14021174669202796,0.14021174669202796,0.14021174669202796,0.14021174669202796,0.14021174669202796,0.14021174669202796,0.14021174669202796,0.14021174669202796,0.14021174669202796,0.14021174669202796,0.14021174669202796,0.14021174669202796,0.14021174669202796,0.14021174669202796,0.14021174669202796,0.14021174669202796,0.14021174669202796,0.14021174669202796,0.14021174669202796,0.14021174669202796,0.14021174669202796,0.14021174669202796,0.1391353069890627,0.1391353069890627,0.1391353069890627,0.1391353069890627,0.1391353069890627,0.1391353069890627,0.1391353069890627,0.1391353069890627,0.1391353069890627,0.1391353069890627,0.1391353069890627,0.1391353069890627,0.1391353069890627,0.1391353069890627,0.1391353069890627,0.1391353069890627,0.1391353069890627,0.1391353069890627,0.1391353069890627,0.1391353069890627,0.1391353069890627,0.1391353069890627,0.1391353069890627,0.1391353069890627,0.1391353069890627,0.13807980347631157,0.13807980347631157,0.13807980347631157,0.13807980347631157,0.13807980347631157,0.13807980347631157,0.13807980347631157,0.13807980347631157,0.13807980347631157,0.13807980347631157,0.13807980347631157,0.13807980347631157,0.13807980347631157,0.13807980347631157,0.13807980347631157,0.13807980347631157,0.13807980347631157,0.13807980347631157,0.13807980347631157,0.13807980347631157,0.13807980347631157,0.13807980347631157,0.13807980347631157,0.13807980347631157,0.13807980347631157,0.13704476554888828,0.13704476554888828,0.13704476554888828,0.13704476554888828,0.13704476554888828,0.13704476554888828,0.13704476554888828,0.13704476554888828,0.13704476554888828,0.13704476554888828,0.13704476554888828,0.13704476554888828,0.13704476554888828,0.13704476554888828,0.13704476554888828,0.13704476554888828,0.13704476554888828,0.13704476554888828,0.13704476554888828,0.13704476554888828,0.13704476554888828,0.13704476554888828,0.13704476554888828,0.13704476554888828,0.13704476554888828,0.13602973211249048,0.13602973211249048,0.13602973211249048,0.13602973211249048,0.13602973211249048,0.13602973211249048,0.13602973211249048,0.13602973211249048,0.13602973211249048,0.13602973211249048,0.13602973211249048,0.13602973211249048,0.13602973211249048,0.13602973211249048,0.13602973211249048,0.13602973211249048,0.13602973211249048,0.13602973211249048,0.13602973211249048,0.13602973211249048,0.13602973211249048,0.13602973211249048,0.13602973211249048,0.13602973211249048,0.13602973211249048,0.13503425158907661,0.13503425158907661,0.13503425158907661,0.13503425158907661,0.13503425158907661,0.13503425158907661,0.13503425158907661,0.13503425158907661,0.13503425158907661,0.13503425158907661,0.13503425158907661,0.13503425158907661,0.13503425158907661,0.13503425158907661,0.13503425158907661,0.13503425158907661,0.13503425158907661,0.13503425158907661,0.13503425158907661,0.13503425158907661,0.13503425158907661,0.13503425158907661,0.13503425158907661,0.13503425158907661,0.13503425158907661
0.16533248803437164,0.16533248803437164,0.16533248803437164,0.16533248803437164,0.16533248803437164,0.16533248803437164,0.16533248803437164,0.16533248803437164,0.16533248803437164,0.16533248803437164,0.16533248803437164,0.16533248803437164,0.16533248803437164,0.16533248803437164,0.16533248803437164,0.16533248803437164,0.16533248803437164,0.16533248803437164,0.16533248803437164,0.16533248803437164,0.16533248803437164,0.16533248803437164,0.16533248803437164,0.16533248803437164,0.16533248803437164,0.16375749431061495,0.16375749431061495,0.16375749431061495,0.16375749431061495,0.16375749431061495,0.16375749431061495,0.16375749431061495,0.16375749431061495,0.16375749431061495,0.16375749431061495,0.16375749431061495,0.16375749431061495,0.16375749431061495,0.16375749431061495,0.16375749431061495,0.16375749431061495,0.16375749431061495,0.16375749431061495,0.16375749431061495,0.16375749431061495,0.16375749431061495,0.16375749431061495,0.16375749431061495,0.16375749431061495,0.16375749431061495,0.16221388451884444,0.16221388451884444,0.16221388451884444,0.16221388451884444,0.16221388451884444,0.16221388451884444,0.16221388451884444,0.16221388451884444,0.16221388451884444,0.16221388451884444,0.16221388451884444,0.16221388451884444,0.16221388451884444,0.16221388451884444,0.16221388451884444,0.16221388451884444,0.16221388451884444,0.16221388451884444,0.16221388451884444,0.16221388451884444,0.16221388451884444,0.16221388451884444,0.16221388451884444,0.16221388451884444,0.16221388451884444,0.1607010676161005,0.1607010676161005,0.1607010676161005,0.1607010676161005,0.1607010676161005,0.1607010676161005,0.1607010676161005,0.1607010676161005,0.1607010676161005,0.1607010676161005,0.1607010676161005,0.1607010676161005,0.1607010676161005,0.1607010676161005,0.1607010676161005,0.1607010676161005,0.1607010676161005,0.1607010676161005,0.1607010676161005,0.1607010676161005,0.1607010676161005,0.1607010676161005,0.1607010676161005,0.1607010676161005,0.1607010676161005,0.1592184519773611,0.1592184519773611,0.1592184519773611,0.1592184519773611,0.1592184519773611,0.1592184519773611,0.1592184519773611,0.1592184519773611,0.1592184519773611,0.1592184519773611,0.1592184519773611,0.1592184519773611,0.1592184519773611,0.1592184519773611,0.1592184519773611,0.1592184519773611,0.1592184519773611,0.1592184519773611,0.1592184519773611,0.1592184519773611,0.1592184519773611,0.1592184519773611,0.1592184519773611,0.1592184519773611,0.1592184519773611,0.15776544674739287,0.15776544674739287,0.15776544674739287,0.15776544674739287,0.15776544674739287,0.15776544674739287,0.15776544674739287,0.15776544674739287,0.15776544674739287,0.15776544674739287,0.15776544674739287,0.15776544674739287,0.15776544674739287,0.15776544674739287,0.15776544674739287,0.15776544674739287,0.15776544674739287,0.15776544674739287,0.15776544674739287,0.15776544674739287,0.15776544674739287,0.15776544674739287,0.15776544674739287,0.15776544674739287,0.15776544674739287,0.1563414630550736,0.1563414630550736,0.1563414630550736,0.1563414630550736,0.1563414630550736,0.1563414630550736,0.1563414630550736,0.1563414630550736,0.1563414630550736,0.1563414630550736,0.1563414630550736,0.1563414630550736,0.1563414630550736,0.1563414630550736,0.1563414630550736,0.1563414630550736,0.1563414630550736,0.1563414630550736,0.1563414630550736,0.1563414630550736,0.1563414630550736,0.1563414630550736,0.1563414630550736,0.1563414630550736,0.1563414630550736,0.1549459151004539,0.1549459151004539,0.1549459151004539,0.1549459151004539,0.1549459151004539,0.1549459151004539,0.1549459151004539,0.1549459151004539,0.1549459151004539,0.1549459151004539,0.1549459151004539,0.1549459151004539,0.1549459151004539,0.1549459151004539,0.1549459151004539,0.1549459151004539,0.1549459151004539,0.1549459151004539,0.1549459151004539,0.1549459151004539,0.1549459151004539,0.1549459151004539,0.1549459151004539,0.1549459151004539,0.1549459151004539,0.15357822112426084,0.15357822112426084,0.15357822112426084,0.15357822112426084,0.15357822112426084,0.15357822112426084,0.15357822112426084,0.15357822112426084,0.15357822112426084,0.15357822112426084,0.15357822112426084,0.15357822112426084,0.15357822112426084,0.15357822112426084,0.15357822112426084,0.15357822112426084,0.15357822112426084,0.15357822112426084,0.15357822112426084,0.15357822112426084,0.15357822112426084,0.15357822112426084,0.15357822112426084,0.15357822112426084,0.15357822112426084,0.15223780426899974,0.15223780426899974,0.15223780426899974,0.15223780426899974,0.15223780426899974,0.15223780426899974,0.15223780426899974,0.15223780426899974,0.15223780426899974,0.15223780426899974,0.15223780426899974,0.15223780426899974,0.15223780426899974,0.15223780426899974,0.15223780426899974,0.15223780426899974,0.15223780426899974,0.15223780426899974,0.15223780426899974,0.15223780426899974,0.15223780426899974,0.15223780426899974,0.15223780426899974,0.15223780426899974,0.15223780426899974,0.1509240933402623,0.1509240933402623,0.1509240933402623,0.1509240933402623,0.1509240933402623,0.1509240933402623,0.1509240933402623,0.1509240933402623,0.1509240933402623,0.1509240933402623,0.1509240933402623,0.1509240933402623,0.1509240933402623,0.1509240933402623,0.1509240933402623,0.1509240933402623,0.1509240933402623,0.1509240933402623,0.1509240933402623,0.1509240933402623,0.1509240933402623,0.1509240933402623,0.1509240933402623,0.1509240933402623,0.1509240933402623,0.1496365234763133,0.1496365234763133,0.1496365234763133,0.1496365234763133,0.1496365234763133,0.1496365234763133,0.1496365234763133,0.1496365234763133,0.1496365234763133,0.1496365234763133,0.1496365234763133,0.1496365234763133,0.1496365234763133,0.1496365234763133,0.1496365234763133,0.1496365234763133,0.1496365234763133,0.1496365234763133,0.1496365234763133,0.1496365234763133,0.1496365234763133,0.1496365234763133,0.1496365234763133,0.1496365234763133,0.1496365234763133,0.14837453673352122,0.14837453673352122,0.14837453673352122,0.14837453673352122,0.14837453673352122,0.14837453673352122,0.14837453673352122,0.14837453673352122,0.14837453673352122,0.14837453673352122,0.14837453673352122,0.14837453673352122,0.14837453673352122,0.14837453673352122,0.14837453673352122,0.14837453673352122,0.14837453673352122,0.14837453673352122,0.14837453673352122,0.14837453673352122,0.14837453673352122,0.14837453673352122,0.14837453673352122,0.14837453673352122,0.14837453673352122,0.14713758259469334,0.14713758259469334,0.14713758259469334,0.14713758259469334,0.14713758259469334,0.14713758259469334,0.14713758259469334,0.14713758259469334,0.14713758259469334,0.14713758259469334,0.14713758259469334,0.14713758259469334,0.14713758259469334,0.14713758259469334,0.14713758259469334,0.14713758259469334,0.14713758259469334,0.14713758259469334,0.14713758259469334,0.14713758259469334,0.14713758259469334,0.14713758259469334,0.14713758259469334,0.14713758259469334,0.14713758259469334,0.14592511840690284,0.14592511840690284,0.14592511840690284,0.14592511840690284,0.14592511840690284,0.14592511840690284,0.14592511840690284,0.14592511840690284,0.14592511840690284,0.14592511840690284,0.14592511840690284,0.14592511840690284,0.14592511840690284,0.14592511840690284,0.14592511840690284,0.14592511840690284,0.14592511840690284,0.14592511840690284,0.14592511840690284,0.14592511840690284,0.14592511840690284,0.14592511840690284,0.14592511840690284,0.14592511840690284,0.14592511840690284,0.14473660975493788,0.14473660975493788,0.14473660975493788,0.14473660975493788,0.14473660975493788,0.14473660975493788,0.14473660975493788,0.14473660975493788,0.14473660975493788,0.14473660975493788,0.14473660975493788,0.14473660975493788,0.14473660975493788,0.14473660975493788,0.14473660975493788,0.14473660975493788,0.14473660975493788,0.14473660975493788,0.14473660975493788,0.14473660975493788,0.14473660975493788,0.14473660975493788,0.14473660975493788,0.14473660975493788,0.14473660975493788,0.14357153077607257,0.14357153077607257,0.14357153077607257,0.14357153077607257,0.14357153077607257,0.14357153077607257,0.14357153077607257,0.14357153077607257,0.14357153077607257,0.14357153077607257,0.14357153077607257,0.14357153077607257,0.14357153077607257,0.14357153077607257,0.14357153077607257,0.14357153077607257,0.14357153077607257,0.14357153077607257,0.14357153077607257,0.14357153077607257,0.14357153077607257,0.14357153077607257,0.14357153077607257,0.14357153077607257,0.14357153077607257,0.14242936442144102,0.14242936442144102,0.14242936442144102,0.14242936442144102,0.14242936442144102,0.14242936442144102,0.14242936442144102,0.14242936442144102,0.14242936442144102,0.14242936442144102,0.14242936442144102,0.14242936442144102,0.14242936442144102,0.14242936442144102,0.14242936442144102,0.14242936442144102,0.14242936442144102,0.14242936442144102,0.14242936442144102,0.14242936442144102,0.14242936442144102,0.14242936442144102,0.14242936442144102,0.14242936442144102,0.14242936442144102,0.1413096026689166,0.1413096026689166,0.1413096026689166,0.1413096026689166,0.1413096026689166,0.1413096026689166,0.1413096026689166,0.1413096026689166,0.1413096026689166,0.1413096026689166,0.1413096026689166,0.1413096026689166,0.1413096026689166,0.1413096026689166,0.1413096026689166,0.1413096026689166,0.1413096026689166,0.1413096026689166,0.1413096026689166,0.1413096026689166,0.1413096026689166,0.1413096026689166,0.1413096026689166,0.1413096026689166,0.1413096026689166,0.14021174669202133,0.14021174669202133,0.14021174669202133,0.14021174669202133,0.14021174669202133,0.14021174669202133,0.14021174669202133,0.14021174669202133,0.14021174669202133,0.14021174669202133,0.14021174669202133,0.14021174669202133,0.14021174669202133,0.14021174669202133,0.14021174669202133,0.14021174669202133,0.14021174669202133,0.14021174669202133,0.14021174669202133,0.14021174669202133,0.14021174669202133,0.14021174669202133,0.14021174669202133,0.14021174669202133,0.14021174669202133,0.13913530698905544,0.13913530698905544,0.13913530698905544,0.13913530698905544,0.13913530698905544,0.13913530698905544,0.13913530698905544,0.13913530698905544,0.13913530698905544,0.13913530698905544,0.13913530698905544,0.13913530698905544,0.13913530698905544,0.13913530698905544,0.13913530698905544,0.13913530698905544,0.13913530698905544,0.13913530698905544,0.13913530698905544,0.13913530698905544,0.13913530698905544,0.13913530698905544,0.13913530698905544,0.13913530698905544,0.13913530698905544,0.13807980347630366,0.13807980347630366,0.13807980347630366,0.13807980347630366,0.13807980347630366,0.13807980347630366,0.13807980347630366,0.13807980347630366,0.13807980347630366,0.13807980347630366,0.13807980347630366,0.13807980347630366,0.13807980347630366,0.13807980347630366,0.13807980347630366,0.13807980347630366,0.13807980347630366,0.13807980347630366,0.13807980347630366,0.13807980347630366,0.13807980347630366,0.13807980347630366,0.13807980347630366,0.13807980347630366,0.13807980347630366,0.13704476554887993,0.13704476554887993,0.13704476554887993,0.13704476554887993,0.13704476554887993,0.13704476554887993,0.13704476554887993,0.13704476554887993,0.13704476554887993,0.13704476554887993,0.13704476554887993,0.13704476554887993,0.13704476554888023,0.13704476554887993,0.13704476554887993,0.13704476554887993,0.13704476554887993,0.13704476554887993,0.13704476554887993,0.13704476554887993,0.13704476554887993,0.13704476554887993,0.13704476554887993,0.13704476554887993,0.13704476554887993,0.136029732112482,0.136029732112482,0.136029732112482,0.136029732112482,0.136029732112482,0.136029732112482,0.136029732112482,0.136029732112482,0.136029732112482,0.136029732112482,0.136029732112482,0.136029732112482,0.136029732112482,0.136029732112482,0.136029732112482,0.136029732112482,0.136029732112482,0.136029732112482,0.136029732112482,0.136029732112482,0.136029732112482,0.136029732112482,0.136029732112482,0.136029732112482,0.136029732112482,0.13503425158906812,0.13503425158906812,0.13503425158906812,0.13503425158906812,0.13503425158906812,0.13503425158906812,0.13503425158906812,0.13503425158906812,0.13503425158906812,0.13503425158906812,0.13503425158906812,0.13503425158906812,0.13503425158906812,0.13503425158906812,0.13503425158906812,0.13503425158906812,0.13503425158906812,0.13503425158906812,0.13503425158906812,0.13503425158906812,0.13503425158906812,0.13503425158906812,0.13503425158906812,0.13503425158906812,0.13503425158906812
0.16533248803437472,0.16533248803437472,0.16533248803437472,0.16533248803437472,0.16533248803437472,0.16533248803437472,0.16533248803437472,0.16533248803437472,0.16533248803437472,0.16533248803437472,0.16533248803437472,0.16533248803437472,0.16533248803437472,0.16533248803437472,0.16533248803437472,0.16533248803437472,0.16533248803437472,0.16533248803437472,0.16533248803437472,0.16533248803437472,0.16533248803437472,0.16533248803437472,0.16533248803437472,0.16533248803437472,0.16533248803437472,0.1637574943106177,0.1637574943106177,0.1637574943106177,0.1637574943106177,0.1637574943106177,0.1637574943106177,0.1637574943106177,0.1637574943106177,0.1637574943106177,0.1637574943106177,0.1637574943106177,0.1637574943106177,0.1637574943106177,0.1637574943106177,0.1637574943106177,0.1637574943106177,0.1637574943106177,0.1637574943106177,0.1637574943106177,0.1637574943106177,0.1637574943106177,0.1637574943106177,0.1637574943106177,0.1637574943106177,0.1637574943106177,0.16221388451884716,0.16221388451884716,0.16221388451884716,0.16221388451884716,0.16221388451884716,0.16221388451884716,0.16221388451884716,0.16221388451884716,0.16221388451884716,0.16221388451884716,0.16221388451884716,0.16221388451884716,0.16221388451884716,0.16221388451884716,0.16221388451884716,0.16221388451884716,0.16221388451884716,0.16221388451884716,0.16221388451884716,0.16221388451884716,0.16221388451884716,0.16221388451884716,0.16221388451884716,0.16221388451884716,0.16221388451884716,0.16070106761610295,0.16070106761610295,0.16070106761610295,0.16070106761610295,0.16070106761610295,0.16070106761610295,0.16070106761610295,0.16070106761610295,0.16070106761610295,0.16070106761610295,0.16070106761610295,0.16070106761610295,0.16070106761610295,0.16070106761610295,0.16070106761610295,0.16070106761610295,0.16070106761610295,0.16070106761610295,0.16070106761610295,0.16070106761610295,0.16070106761610295,0.16070106761610295,0.16070106761610295,0.16070106761610295,0.16070106761610295,0.15921845197736348,0.15921845197736348,0.15921845197736348,0.15921845197736348,0.15921845197736348,0.15921845197736348,0.15921845197736348,0.15921845197736348,0.15921845197736348,0.15921845197736348,0.15921845197736348,0.15921845197736348,0.15921845197736348,0.15921845197736348,0.15921845197736348,0.15921845197736348,0.15921845197736348,0.15921845197736348,0.15921845197736348,0.15921845197736348,0.15921845197736348,0.15921845197736348,0.15921845197736348,0.15921845197736348,0.15921845197736348,0.157765446747395,0.157765446747395,0.157765446747395,0.157765446747395,0.157765446747395,0.157765446747395,0.157765446747395,0.157765446747395,0.157765446747395,0.157765446747395,0.157765446747395,0.157765446747395,0.157765446747395,0.157765446747395,0.157765446747395,0.157765446747395,0.157765446747395,0.157765446747395,0.157765446747395,0.157765446747395,0.157765446747395,0.157765446747395,0.157765446747395,0.157765446747395,0.157765446747395,0.15634146305507568,0.15634146305507568,0.15634146305507568,0.15634146305507568,0.15634146305507568,0.15634146305507568,0.15634146305507568,0.15634146305507568,0.15634146305507568,0.15634146305507568,0.15634146305507568,0.15634146305507568,0.15634146305507568,0.15634146305507568,0.15634146305507568,0.15634146305507568,0.15634146305507568,0.15634146305507568,0.15634146305507568,0.15634146305507568,0.15634146305507568,0.15634146305507568,0.15634146305507568,0.15634146305507568,0.15634146305507568,0.15494591510045555,0.15494591510045555,0.15494591510045555,0.15494591510045555,0.15494591510045555,0.15494591510045555,0.15494591510045555,0.15494591510045555,0.15494591510045555,0.15494591510045555,0.15494591510045555,0.15494591510045555,0.15494591510045555,0.15494591510045555,0.15494591510045555,0.15494591510045555,0.15494591510045555,0.15494591510045555,0.15494591510045555,0.15494591510045555,0.15494591510045555,0.15494591510045555,0.15494591510045555,0.15494591510045555,0.15494591510045555,0.15357822112426206,0.15357822112426206,0.15357822112426206,0.15357822112426206,0.15357822112426206,0.15357822112426206,0.15357822112426206,0.15357822112426206,0.15357822112426206,0.15357822112426206,0.15357822112426206,0.15357822112426206,0.15357822112426206,0.15357822112426206,0.15357822112426206,0.15357822112426206,0.15357822112426206,0.15357822112426206,0.15357822112426206,0.15357822112426206,0.15357822112426206,0.15357822112426206,0.15357822112426206,0.15357822112426206,0.15357822112426206,0.15223780426900096,0.15223780426900096,0.15223780426900096,0.15223780426900096,0.15223780426900096,0.15223780426900096,0.15223780426900096,0.15223780426900096,0.15223780426900096,0.15223780426900096,0.15223780426900096,0.15223780426900096,0.15223780426900096,0.15223780426900096,0.15223780426900096,0.15223780426900096,0.15223780426900096,0.15223780426900096,0.15223780426900096,0.15223780426900096,0.15223780426900096,0.15223780426900096,0.15223780426900096,0.15223780426900096,0.15223780426900096,0.15092409334026308,0.15092409334026308,0.15092409334026308,0.15092409334026308,0.15092409334026308,0.15092409334026308,0.15092409334026308,0.15092409334026308,0.15092409334026308,0.15092409334026308,0.15092409334026308,0.15092409334026308,0.15092409334026308,0.15092409334026308,0.15092409334026308,0.15092409334026308,0.15092409334026308,0.15092409334026308,0.15092409334026308,0.15092409334026308,0.15092409334026308,0.15092409334026308,0.15092409334026308,0.15092409334026308,0.15092409334026308,0.1496365234763137,0.1496365234763137,0.1496365234763137,0.1496365234763137,0.1496365234763137,0.1496365234763137,0.1496365234763137,0.1496365234763137,0.1496365234763137,0.1496365234763137,0.1496365234763137,0.1496365234763137,0.1496365234763137,0.1496365234763137,0.1496365234763137,0.1496365234763137,0.1496365234763137,0.1496365234763137,0.1496365234763137,0.1496365234763137,0.1496365234763137,0.1496365234763137,0.1496365234763137,0.1496365234763137,0.1496365234763137,0.14837453673352122,0.14837453673352122,0.14837453673352122,0.14837453673352122,0.14837453673352122,0.14837453673352122,0.14837453673352122,0.14837453673352122,0.14837453673352122,0.14837453673352122,0.14837453673352122,0.14837453673352122,0.14837453673352122,0.14837453673352122,0.14837453673352122,0.14837453673352122,0.14837453673352122,0.14837453673352122,0.14837453673352122,0.14837453673352122,0.14837453673352122,0.14837453673352122,0.14837453673352122,0.14837453673352122,0.14837453673352122,0.14713758259469317,0.14713758259469317,0.14713758259469317,0.14713758259469317,0.14713758259469317,0.14713758259469317,0.14713758259469317,0.14713758259469317,0.14713758259469317,0.14713758259469317,0.14713758259469317,0.14713758259469317,0.14713758259469317,0.14713758259469317,0.14713758259469317,0.14713758259469317,0.14713758259469317,0.14713758259469317,0.14713758259469317,0.14713758259469317,0.14713758259469317,0.14713758259469317,0.14713758259469317,0.14713758259469317,0.14713758259469317,0.14592511840690212,0.14592511840690212,0.14592511840690212,0.14592511840690212,0.14592511840690212,0.14592511840690212,0.14592511840690212,0.14592511840690212,0.14592511840690212,0.14592511840690212,0.14592511840690212,0.14592511840690212,0.14592511840690212,0.14592511840690212,0.14592511840690212,0.14592511840690212,0.14592511840690212,0.14592511840690212,0.14592511840690212,0.14592511840690212,0.14592511840690212,0.14592511840690212,0.14592511840690212,0.14592511840690212,0.14592511840690212,0.1447366097549368,0.1447366097549368,0.1447366097549368,0.1447366097549368,0.1447366097549368,0.1447366097549368,0.1447366097549368,0.1447366097549368,0.1447366097549368,0.1447366097549368,0.1447366097549368,0.1447366097549368,0.1447366097549368,0.1447366097549368,0.1447366097549368,0.1447366097549368,0.1447366097549368,0.1447366097549368,0.1447366097549368,0.1447366097549368,0.1447366097549368,0.1447366097549368,0.1447366097549368,0.1447366097549368,0.1447366097549368,0.1435715307760712,0.1435715307760712,0.1435715307760712,0.1435715307760712,0.1435715307760712,0.1435715307760712,0.1435715307760712,0.1435715307760712,0.1435715307760712,0.1435715307760712,0.1435715307760712,0.1435715307760712,0.1435715307760712,0.1435715307760712,0.1435715307760712,0.1435715307760712,0.1435715307760712,0.1435715307760712,0.1435715307760712,0.1435715307760712,0.1435715307760712,0.1435715307760712,0.1435715307760712,0.1435715307760712,0.1435715307760712,0.14242936442143933,0.14242936442143933,0.14242936442143933,0.14242936442143933,0.14242936442143933,0.14242936442143933,0.14242936442143933,0.14242936442143933,0.14242936442143933,0.14242936442143933,0.14242936442143933,0.14242936442143933,0.14242936442143933,0.14242936442143933,0.14242936442143933,0.14242936442143933,0.14242936442143933,0.14242936442143933,0.14242936442143933,0.14242936442143933,0.14242936442143933,0.14242936442143933,0.14242936442143933,0.14242936442143933,0.14242936442143933,0.14130960266891462,0.14130960266891462,0.14130960266891462,0.14130960266891462,0.14130960266891462,0.14130960266891462,0.14130960266891462,0.14130960266891462,0.14130960266891462,0.14130960266891462,0.14130960266891462,0.14130960266891462,0.14130960266891462,0.14130960266891462,0.14130960266891462,0.14130960266891462,0.14130960266891462,0.14130960266891462,0.14130960266891462,0.14130960266891462,0.14130960266891462,0.14130960266891462,0.14130960266891462,0.14130960266891462,0.14130960266891462,0.14021174669201908,0.14021174669201908,0.14021174669201908,0.14021174669201908,0.14021174669201908,0.14021174669201908,0.14021174669201908,0.14021174669201908,0.14021174669201908,0.14021174669201908,0.14021174669201908,0.14021174669201908,0.14021174669201908,0.14021174669201908,0.14021174669201908,0.14021174669201908,0.14021174669201908,0.14021174669201908,0.14021174669201908,0.14021174669201908,0.14021174669201908,0.14021174669201908,0.14021174669201908,0.14021174669201908,0.14021174669201908,0.1391353069890529,0.1391353069890529,0.1391353069890529,0.1391353069890529,0.1391353069890529,0.1391353069890529,0.1391353069890529,0.1391353069890529,0.1391353069890529,0.1391353069890529,0.1391353069890529,0.1391353069890529,0.1391353069890529,0.1391353069890529,0.1391353069890529,0.1391353069890529,0.1391353069890529,0.1391353069890529,0.1391353069890529,0.1391353069890529,0.1391353069890529,0.1391353069890529,0.1391353069890529,0.1391353069890529,0.1391353069890529,0.13807980347630106,0.13807980347630106,0.13807980347630106,0.13807980347630106,0.13807980347630106,0.13807980347630106,0.13807980347630106,0.13807980347630106,0.13807980347630106,0.13807980347630106,0.13807980347630106,0.13807980347630106,0.13807980347630106,0.13807980347630106,0.13807980347630106,0.13807980347630106,0.13807980347630106,0.13807980347630106,0.13807980347630106,0.13807980347630106,0.13807980347630106,0.13807980347630106,0.13807980347630106,0.13807980347630106,0.13807980347630106,0.13704476554887718,0.13704476554887718,0.13704476554887718,0.13704476554887718,0.13704476554887718,0.13704476554887718,0.13704476554887718,0.13704476554887718,0.13704476554887718,0.13704476554887718,0.13704476554887718,0.13704476554887718,0.13704476554887962,0.13704476554887718,0.13704476554887718,0.13704476554887718,0.13704476554887718,0.13704476554887718,0.13704476554887718,0.13704476554887718,0.13704476554887718,0.13704476554887718,0.13704476554887718,0.13704476554887718,0.13704476554887718,0.13602973211247915,0.13602973211247915,0.13602973211247915,0.13602973211247915,0.13602973211247915,0.13602973211247915,0.13602973211247915,0.13602973211247915,0.13602973211247915,0.13602973211247915,0.13602973211247915,0.13602973211247915,0.13602973211247915,0.13602973211247915,0.13602973211247915,0.13602973211247915,0.13602973211247915,0.13602973211247915,0.13602973211247915,0.13602973211247915,0.13602973211247915,0.13602973211247915,0.13602973211247915,0.13602973211247915,0.13602973211247915,0.13503425158906535,0.13503425158906535,0.13503425158906535,0.13503425158906535,0.13503425158906535,0.13503425158906535,0.13503425158906535,0.13503425158906535,0.13503425158906535,0.13503425158906535,0.13503425158906535,0.13503425158906535,0.13503425158906535,0.13503425158906535,0.13503425158906535,0.13503425158906535,0.13503425158906535,0.13503425158906535,0.13503425158906535,0.13503425158906535,0.13503425158906535,0.13503425158906535,0.13503425158906535,0.13503425158906535,0.13503425158906535
0.16533248803437542,0.16533248803437542,0.16533248803437542,0.16533248803437542,0.16533248803437542,0.16533248803437542,0.16533248803437542,0.16533248803437542,0.16533248803437542,0.16533248803437542,0.16533248803437542,0.16533248803437542,0.16533248803437542,0.16533248803437542,0.16533248803437542,0.16533248803437542,0.16533248803437542,0.16533248803437542,0.16533248803437542,0.16533248803437542,0.16533248803437542,0.16533248803437542,0.16533248803437542,0.16533248803437542,0.16533248803437542,0.16375749431061862,0.16375749431061862,0.16375749431061862,0.16375749431061862,0.16375749431061862,0.16375749431061862,0.16375749431061862,0.16375749431061862,0.16375749431061862,0.16375749431061862,0.16375749431061862,0.16375749431061862,0.16375749431061862,0.16375749431061862,0.16375749431061862,0.16375749431061862,0.16375749431061862,0.16375749431061862,0.16375749431061862,0.16375749431061862,0.16375749431061862,0.16375749431061862,0.16375749431061862,0.16375749431061862,0.16375749431061862,0.16221388451884783,0.16221388451884783,0.16221388451884783,0.16221388451884783,0.16221388451884783,0.16221388451884783,0.16221388451884783,0.16221388451884783,0.16221388451884783,0.16221388451884783,0.16221388451884783,0.16221388451884783,0.16221388451884783,0.16221388451884783,0.16221388451884783,0.16221388451884783,0.16221388451884783,0.16221388451884783,0.16221388451884783,0.16221388451884783,0.16221388451884783,0.16221388451884783,0.16221388451884783,0.16221388451884783,0.16221388451884783,0.16070106761610387,0.16070106761610387,0.16070106761610387,0.16070106761610387,0.16070106761610387,0.16070106761610387,0.16070106761610387,0.16070106761610387,0.16070106761610387,0.16070106761610387,0.16070106761610387,0.16070106761610387,0.16070106761610387,0.16070106761610387,0.16070106761610387,0.16070106761610387,0.16070106761610387,0.16070106761610387,0.16070106761610387,0.16070106761610387,0.16070106761610387,0.16070106761610387,0.16070106761610387,0.16070106761610387,0.16070106761610387,0.15921845197736414,0.15921845197736414,0.15921845197736414,0.15921845197736414,0.15921845197736414,0.15921845197736414,0.15921845197736414,0.15921845197736414,0.15921845197736414,0.15921845197736414,0.15921845197736414,0.15921845197736414,0.15921845197736414,0.15921845197736414,0.15921845197736414,0.15921845197736414,0.15921845197736414,0.15921845197736414,0.15921845197736414,0.15921845197736414,0.15921845197736414,0.15921845197736414,0.15921845197736414,0.15921845197736414,0.15921845197736414,0.15776544674739565,0.15776544674739565,0.15776544674739565,0.15776544674739565,0.15776544674739565,0.15776544674739565,0.15776544674739565,0.15776544674739565,0.15776544674739565,0.15776544674739565,0.15776544674739565,0.15776544674739565,0.15776544674739565,0.15776544674739565,0.15776544674739565,0.15776544674739565,0.15776544674739565,0.15776544674739565,0.15776544674739565,0.15776544674739565,0.15776544674739565,0.15776544674739565,0.15776544674739565,0.15776544674739565,0.15776544674739565,0.15634146305507612,0.15634146305507612,0.15634146305507612,0.15634146305507612,0.15634146305507612,0.15634146305507612,0.15634146305507612,0.15634146305507612,0.15634146305507612,0.15634146305507612,0.15634146305507612,0.15634146305507612,0.15634146305507612,0.15634146305507612,0.15634146305507612,0.15634146305507612,0.15634146305507612,0.15634146305507612,0.15634146305507612,0.15634146305507612,0.15634146305507612,0.15634146305507612,0.15634146305507612,0.15634146305507612,0.15634146305507612,0.15494591510045616,0.15494591510045616,0.15494591510045616,0.15494591510045616,0.15494591510045616,0.15494591510045616,0.15494591510045616,0.15494591510045616,0.15494591510045616,0.15494591510045616,0.15494591510045616,0.15494591510045616,0.15494591510045616,0.15494591510045616,0.15494591510045616,0.15494591510045616,0.15494591510045616,0.15494591510045616,0.15494591510045616,0.15494591510045616,0.15494591510045616,0.15494591510045616,0.15494591510045616,0.15494591510045616,0.15494591510045616,0.15357822112426267,0.15357822112426267,0.15357822112426267,0.15357822112426267,0.15357822112426267,0.15357822112426267,0.15357822112426267,0.15357822112426267,0.15357822112426267,0.15357822112426267,0.15357822112426267,0.15357822112426267,0.15357822112426267,0.15357822112426267,0.15357822112426267,0.15357822112426267,0.15357822112426267,0.15357822112426267,0.15357822112426267,0.15357822112426267,0.15357822112426267,0.15357822112426267,0.15357822112426267,0.15357822112426267,0.15357822112426267,0.15223780426900113,0.15223780426900113,0.15223780426900113,0.15223780426900113,0.15223780426900113,0.15223780426900113,0.15223780426900113,0.15223780426900113,0.15223780426900113,0.15223780426900113,0.15223780426900113,0.15223780426900113,0.15223780426900113,0.15223780426900113,0.15223780426900113,0.15223780426900113,0.15223780426900113,0.15223780426900113,0.15223780426900113,0.15223780426900113,0.15223780426900113,0.15223780426900113,0.15223780426900113,0.15223780426900113,0.15223780426900113,0.1509240933402633,0.1509240933402633,0.1509240933402633,0.1509240933402633,0.1509240933402633,0.1509240933402633,0.1509240933402633,0.1509240933402633,0.1509240933402633,0.1509240933402633,0.1509240933402633,0.1509240933402633,0.1509240933402633,0.1509240933402633,0.1509240933402633,0.1509240933402633,0.1509240933402633,0.1509240933402633,0.1509240933402633,0.1509240933402633,0.1509240933402633,0.1509240933402633,0.1509240933402633,0.1509240933402633,0.1509240933402633,0.14963652347631387,0.14963652347631387,0.14963652347631387,0.14963652347631387,0.14963652347631387,0.14963652347631387,0.14963652347631387,0.14963652347631387,0.14963652347631387,0.14963652347631387,0.14963652347631387,0.14963652347631387,0.14963652347631387,0.14963652347631387,0.14963652347631387,0.14963652347631387,0.14963652347631387,0.14963652347631387,0.14963652347631387,0.14963652347631387,0.14963652347631387,0.14963652347631387,0.14963652347631387,0.14963652347631387,0.14963652347631387,0.14837453673352122,0.14837453673352122,0.14837453673352122,0.14837453673352122,0.14837453673352122,0.14837453673352122,0.14837453673352122,0.14837453673352122,0.14837453673352122,0.14837453673352122,0.14837453673352122,0.14837453673352122,0.14837453673352122,0.14837453673352122,0.14837453673352122,0.14837453673352122,0.14837453673352122,0.14837453673352122,0.14837453673352122,0.14837453673352122,0.14837453673352122,0.14837453673352122,0.14837453673352122,0.14837453673352122,0.14837453673352122,0.147137582594693,0.147137582594693,0.147137582594693,0.147137582594693,0.147137582594693,0.147137582594693,0.147137582594693,0.147137582594693,0.147137582594693,0.147137582594693,0.147137582594693,0.147137582594693,0.147137582594693,0.147137582594693,0.147137582594693,0.147137582594693,0.147137582594693,0.147137582594693,0.147137582594693,0.147137582594693,0.147137582594693,0.147137582594693,0.147137582594693,0.147137582594693,0.147137582594693,0.14592511840690195,0.14592511840690195,0.14592511840690195,0.14592511840690195,0.14592511840690195,0.14592511840690195,0.14592511840690195,0.14592511840690195,0.14592511840690195,0.14592511840690195,0.14592511840690195,0.14592511840690195,0.14592511840690195,0.14592511840690195,0.14592511840690195,0.14592511840690195,0.14592511840690195,0.14592511840690195,0.14592511840690195,0.14592511840690195,0.14592511840690195,0.14592511840690195,0.14592511840690195,0.14592511840690195,0.14592511840690195,0.14473660975493663,0.14473660975493663,0.14473660975493663,0.14473660975493663,0.14473660975493663,0.14473660975493663,0.14473660975493663,0.14473660975493663,0.14473660975493663,0.14473660975493663,0.14473660975493663,0.14473660975493663,0.14473660975493663,0.14473660975493663,0.14473660975493663,0.14473660975493663,0.14473660975493663,0.14473660975493663,0.14473660975493663,0.14473660975493663,0.14473660975493663,0.14473660975493663,0.14473660975493663,0.14473660975493663,0.14473660975493663,0.14357153077607068,0.14357153077607068,0.14357153077607068,0.14357153077607068,0.14357153077607068,0.14357153077607068,0.14357153077607068,0.14357153077607068,0.14357153077607068,0.14357153077607068,0.14357153077607068,0.14357153077607068,0.14357153077607068,0.14357153077607068,0.14357153077607068,0.14357153077607068,0.14357153077607068,0.14357153077607068,0.14357153077607068,0.14357153077607068,0.14357153077607068,0.14357153077607068,0.14357153077607068,0.14357153077607068,0.14357153077607068,0.14242936442143886,0.14242936442143886,0.14242936442143886,0.14242936442143886,0.14242936442143886,0.14242936442143886,0.14242936442143886,0.14242936442143886,0.14242936442143886,0.14242936442143886,0.14242936442143886,0.14242936442143886,0.14242936442143886,0.14242936442143886,0.14242936442143886,0.14242936442143886,0.14242936442143886,0.14242936442143886,0.14242936442143886,0.14242936442143886,0.14242936442143886,0.14242936442143886,0.14242936442143886,0.14242936442143886,0.14242936442143886,0.14130960266891396,0.14130960266891396,0.14130960266891396,0.14130960266891396,0.14130960266891396,0.14130960266891396,0.14130960266891396,0.14130960266891396,0.14130960266891396,0.14130960266891396,0.14130960266891396,0.14130960266891396,0.14130960266891396,0.14130960266891396,0.14130960266891396,0.14130960266891396,0.14130960266891396,0.14130960266891396,0.14130960266891396,0.14130960266891396,0.14130960266891396,0.14130960266891396,0.14130960266891396,0.14130960266891396,0.14130960266891396,0.1402117466920184,0.1402117466920184,0.1402117466920184,0.1402117466920184,0.1402117466920184,0.1402117466920184,0.1402117466920184,0.1402117466920184,0.1402117466920184,0.1402117466920184,0.1402117466920184,0.1402117466920184,0.1402117466920184,0.1402117466920184,0.1402117466920184,0.1402117466920184,0.1402117466920184,0.1402117466920184,0.1402117466920184,0.1402117466920184,0.1402117466920184,0.1402117466920184,0.1402117466920184,0.1402117466920184,0.1402117466920184,0.1391353069890521,0.1391353069890521,0.1391353069890521,0.1391353069890521,0.1391353069890521,0.1391353069890521,0.1391353069890521,0.1391353069890521,0.1391353069890521,0.1391353069890521,0.1391353069890521,0.1391353069890521,0.1391353069890521,0.1391353069890521,0.1391353069890521,0.1391353069890521,0.1391353069890521,0.1391353069890521,0.1391353069890521,0.1391353069890521,0.1391353069890521,0.1391353069890521,0.1391353069890521,0.1391353069890521,0.1391353069890521,0.13807980347630025,0.13807980347630025,0.13807980347630025,0.13807980347630025,0.13807980347630025,0.13807980347630025,0.13807980347630025,0.13807980347630025,0.13807980347630025,0.13807980347630025,0.13807980347630025,0.13807980347630025,0.13807980347630025,0.13807980347630025,0.13807980347630025,0.13807980347630025,0.13807980347630025,0.13807980347630025,0.13807980347630025,0.13807980347630025,0.13807980347630025,0.13807980347630025,0.13807980347630025,0.13807980347630025,0.13807980347630025,0.13704476554887643,0.13704476554887643,0.13704476554887643,0.13704476554887643,0.13704476554887643,0.13704476554887643,0.13704476554887643,0.13704476554887643,0.13704476554887643,0.13704476554887643,0.13704476554887643,0.13704476554887643,0.13704476554887962,0.13704476554887643,0.13704476554887643,0.13704476554887643,0.13704476554887643,0.13704476554887643,0.13704476554887643,0.13704476554887643,0.13704476554887643,0.13704476554887643,0.13704476554887643,0.13704476554887643,0.13704476554887643,0.1360297321124783,0.1360297321124783,0.1360297321124783,0.1360297321124783,0.1360297321124783,0.1360297321124783,0.1360297321124783,0.1360297321124783,0.1360297321124783,0.1360297321124783,0.1360297321124783,0.1360297321124783,0.1360297321124783,0.1360297321124783,0.1360297321124783,0.1360297321124783,0.1360297321124783,0.1360297321124783,0.1360297321124783,0.1360297321124783,0.1360297321124783,0.1360297321124783,0.1360297321124783,0.1360297321124783,0.1360297321124783,0.13503425158906446,0.13503425158906446,0.13503425158906446,0.13503425158906446,0.13503425158906446,0.13503425158906446,0.13503425158906446,0.13503425158906446,0.13503425158906446,0.13503425158906446,0.13503425158906446,0.13503425158906446,0.13503425158906446,0.13503425158906446,0.13503425158906446,0.13503425158906446,0.13503425158906446,0.13503425158906446,0.13503425158906446,0.13503425158906446,0.13503425158906446,0.13503425158906446,0.13503425158906446,0.13503425158906446,0.13503425158906446
0.1653324880343759,0.1653324880343759,0.1653324880343759,0.1653324880343759,0.1653324880343759,0.1653324880343759,0.1653324880343759,0.1653324880343759,0.1653324880343759,0.1653324880343759,0.1653324880343759,0.1653324880343759,0.1653324880343759,0.1653324880343759,0.1653324880343759,0.1653324880343759,0.1653324880343759,0.1653324880343759,0.1653324880343759,0.1653324880343759,0.1653324880343759,0.1653324880343759,0.1653324880343759,0.1653324880343759,0.1653324880343759,0.16375749431061887,0.16375749431061887,0.16375749431061887,0.16375749431061887,0.16375749431061887,0.16375749431061887,0.16375749431061887,0.16375749431061887,0.16375749431061887,0.16375749431061887,0.16375749431061887,0.16375749431061887,0.16375749431061887,0.16375749431061887,0.16375749431061887,0.16375749431061887,0.16375749431061887,0.16375749431061887,0.16375749431061887,0.16375749431061887,0.16375749431061887,0.16375749431061887,0.16375749431061887,0.16375749431061887,0.16375749431061887,0.1622138845188483,0.1622138845188483,0.1622138845188483,0.1622138845188483,0.1622138845188483,0.1622138845188483,0.1622138845188483,0.1622138845188483,0.1622138845188483,0.1622138845188483,0.1622138845188483,0.1622138845188483,0.1622138845188483,0.1622138845188483,0.1622138845188483,0.1622138845188483,0.1622138845188483,0.1622138845188483,0.1622138845188483,0.1622138845188483,0.1622138845188483,0.1622138845188483,0.1622138845188483,0.1622138845188483,0.1622138845188483,0.1607010676161041,0.1607010676161041,0.1607010676161041,0.1607010676161041,0.1607010676161041,0.1607010676161041,0.1607010676161041,0.1607010676161041,0.1607010676161041,0.1607010676161041,0.1607010676161041,0.1607010676161041,0.1607010676161041,0.1607010676161041,0.1607010676161041,0.1607010676161041,0.1607010676161041,0.1607010676161041,0.1607010676161041,0.1607010676161041,0.1607010676161041,0.1607010676161041,0.1607010676161041,0.1607010676161041,0.1607010676161041,0.15921845197736434,0.15921845197736434,0.15921845197736434,0.15921845197736434,0.15921845197736434,0.15921845197736434,0.15921845197736434,0.15921845197736434,0.15921845197736434,0.15921845197736434,0.15921845197736434,0.15921845197736434,0.15921845197736434,0.15921845197736434,0.15921845197736434,0.15921845197736434,0.15921845197736434,0.15921845197736434,0.15921845197736434,0.15921845197736434,0.15921845197736434,0.15921845197736434,0.15921845197736434,0.15921845197736434,0.15921845197736434,0.15776544674739587,0.15776544674739587,0.15776544674739587,0.15776544674739587,0.15776544674739587,0.15776544674739587,0.15776544674739587,0.15776544674739587,0.15776544674739587,0.15776544674739587,0.15776544674739587,0.15776544674739587,0.15776544674739587,0.15776544674739587,0.15776544674739587,0.15776544674739587,0.15776544674739587,0.15776544674739587,0.15776544674739587,0.15776544674739587,0.15776544674739587,0.15776544674739587,0.15776544674739587,0.15776544674739587,0.15776544674739587,0.15634146305507632,0.15634146305507632,0.15634146305507632,0.15634146305507632,0.15634146305507632,0.15634146305507632,0.15634146305507632,0.15634146305507632,0.15634146305507632,0.15634146305507632,0.15634146305507632,0.15634146305507632,0.15634146305507632,0.15634146305507632,0.15634146305507632,0.15634146305507632,0.15634146305507632,0.15634146305507632,0.15634146305507632,0.15634146305507632,0.15634146305507632,0.15634146305507632,0.15634146305507632,0.15634146305507632,0.15634146305507632,0.15494591510045638,0.15494591510045638,0.15494591510045638,0.15494591510045638,0.15494591510045638,0.15494591510045638,0.15494591510045638,0.15494591510045638,0.15494591510045638,0.15494591510045638,0.15494591510045638,0.15494591510045638,0.15494591510045638,0.15494591510045638,0.15494591510045638,0.15494591510045638,0.15494591510045638,0.15494591510045638,0.15494591510045638,0.15494591510045638,0.15494591510045638,0.15494591510045638,0.15494591510045638,0.15494591510045638,0.15494591510045638,0.15357822112426267,0.15357822112426267,0.15357822112426267,0.15357822112426267,0.15357822112426267,0.15357822112426267,0.15357822112426267,0.15357822112426267,0.15357822112426267,0.15357822112426267,0.15357822112426267,0.15357822112426267,0.15357822112426267,0.15357822112426267,0.15357822112426267,0.15357822112426267,0.15357822112426267,0.15357822112426267,0.15357822112426267,0.15357822112426267,0.15357822112426267,0.15357822112426267,0.15357822112426267,0.15357822112426267,0.15357822112426267,0.15223780426900133,0.15223780426900133,0.15223780426900133,0.15223780426900133,0.15223780426900133,0.15223780426900133,0.15223780426900133,0.15223780426900133,0.15223780426900133,0.15223780426900133,0.15223780426900133,0.15223780426900133,0.15223780426900133,0.15223780426900133,0.15223780426900133,0.15223780426900133,0.15223780426900133,0.15223780426900133,0.15223780426900133,0.15223780426900133,0.15223780426900133,0.15223780426900133,0.15223780426900133,0.15223780426900133,0.15223780426900133,0.1509240933402633,0.1509240933402633,0.1509240933402633,0.1509240933402633,0.1509240933402633,0.1509240933402633,0.1509240933402633,0.1509240933402633,0.1509240933402633,0.1509240933402633,0.1509240933402633,0.1509240933402633,0.1509240933402633,0.1509240933402633,0.1509240933402633,0.1509240933402633,0.1509240933402633,0.1509240933402633,0.1509240933402633,0.1509240933402633,0.1509240933402633,0.1509240933402633,0.1509240933402633,0.1509240933402633,0.1509240933402633,0.14963652347631387,0.14963652347631387,0.14963652347631387,0.14963652347631387,0.14963652347631387,0.14963652347631387,0.14963652347631387,0.14963652347631387,0.14963652347631387,0.14963652347631387,0.14963652347631387,0.14963652347631387,0.14963652347631387,0.14963652347631387,0.14963652347631387,0.14963652347631387,0.14963652347631387,0.14963652347631387,0.14963652347631387,0.14963652347631387,0.14963652347631387,0.14963652347631387,0.14963652347631387,0.14963652347631387,0.14963652347631387,0.14837453673352122,0.14837453673352122,0.14837453673352122,0.14837453673352122,0.14837453673352122,0.14837453673352122,0.14837453673352122,0.14837453673352122,0.14837453673352122,0.14837453673352122,0.14837453673352122,0.14837453673352122,0.14837453673352122,0.14837453673352122,0.14837453673352122,0.14837453673352122,0.14837453673352122,0.14837453673352122,0.14837453673352122,0.14837453673352122,0.14837453673352122,0.14837453673352122,0.14837453673352122,0.14837453673352122,0.14837453673352122,0.147137582594693,0.147137582594693,0.147137582594693,0.147137582594693,0.147137582594693,0.147137582594693,0.147137582594693,0.147137582594693,0.147137582594693,0.147137582594693,0.147137582594693,0.147137582594693,0.147137582594693,0.147137582594693,0.147137582594693,0.147137582594693,0.147137582594693,0.147137582594693,0.147137582594693,0.147137582594693,0.147137582594693,0.147137582594693,0.147137582594693,0.147137582594693,0.147137582594693,0.14592511840690195,0.14592511840690195,0.14592511840690195,0.14592511840690195,0.14592511840690195,0.14592511840690195,0.14592511840690195,0.14592511840690195,0.14592511840690195,0.14592511840690195,0.14592511840690195,0.14592511840690195,0.14592511840690195,0.14592511840690195,0.14592511840690195,0.14592511840690195,0.14592511840690195,0.14592511840690195,0.14592511840690195,0.14592511840690195,0.14592511840690195,0.14592511840690195,0.14592511840690195,0.14592511840690195,0.14592511840690195,0.14473660975493646,0.14473660975493646,0.14473660975493646,0.14473660975493646,0.14473660975493646,0.14473660975493646,0.14473660975493646,0.14473660975493646,0.14473660975493646,0.14473660975493646,0.14473660975493646,0.14473660975493646,0.14473660975493646,0.14473660975493646,0.14473660975493646,0.14473660975493646,0.14473660975493646,0.14473660975493646,0.14473660975493646,0.14473660975493646,0.14473660975493646,0.14473660975493646,0.14473660975493646,0.14473660975493646,0.14473660975493646,0.14357153077607068,0.14357153077607068,0.14357153077607068,0.14357153077607068,0.14357153077607068,0.14357153077607068,0.14357153077607068,0.14357153077607068,0.14357153077607068,0.14357153077607068,0.14357153077607068,0.14357153077607068,0.14357153077607068,0.14357153077607068,0.14357153077607068,0.14357153077607068,0.14357153077607068,0.14357153077607068,0.14357153077607068,0.14357153077607068,0.14357153077607068,0.14357153077607068,0.14357153077607068,0.14357153077607068,0.14357153077607068,0.14242936442143866,0.14242936442143866,0.14242936442143866,0.14242936442143866,0.14242936442143866,0.14242936442143866,0.14242936442143866,0.14242936442143866,0.14242936442143866,0.14242936442143866,0.14242936442143866,0.14242936442143866,0.14242936442143866,0.14242936442143866,0.14242936442143866,0.14242936442143866,0.14242936442143866,0.14242936442143866,0.14242936442143866,0.14242936442143866,0.14242936442143866,0.14242936442143866,0.14242936442143866,0.14242936442143866,0.14242936442143866,0.1413096026689138,0.1413096026689138,0.1413096026689138,0.1413096026689138,0.1413096026689138,0.1413096026689138,0.1413096026689138,0.1413096026689138,0.1413096026689138,0.1413096026689138,0.1413096026689138,0.1413096026689138,0.1413096026689138,0.1413096026689138,0.1413096026689138,0.1413096026689138,0.1413096026689138,0.1413096026689138,0.1413096026689138,0.1413096026689138,0.1413096026689138,0.1413096026689138,0.1413096026689138,0.1413096026689138,0.1413096026689138,0.1402117466920181,0.1402117466920181,0.1402117466920181,0.1402117466920181,0.1402117466920181,0.1402117466920181,0.1402117466920181,0.1402117466920181,0.1402117466920181,0.1402117466920181,0.1402117466920181,0.1402117466920181,0.1402117466920181,0.1402117466920181,0.1402117466920181,0.1402117466920181,0.1402117466920181,0.1402117466920181,0.1402117466920181,0.1402117466920181,0.1402117466920181,0.1402117466920181,0.1402117466920181,0.1402117466920181,0.1402117466920181,0.13913530698905194,0.13913530698905194,0.13913530698905194,0.13913530698905194,0.13913530698905194,0.13913530698905194,0.13913530698905194,0.13913530698905194,0.13913530698905194,0.13913530698905194,0.13913530698905194,0.13913530698905194,0.13913530698905194,0.13913530698905194,0.13913530698905194,0.13913530698905194,0.13913530698905194,0.13913530698905194,0.13913530698905194,0.13913530698905194,0.13913530698905194,0.13913530698905194,0.13913530698905194,0.13913530698905194,0.13913530698905194,0.13807980347629997,0.13807980347629997,0.13807980347629997,0.13807980347629997,0.13807980347629997,0.13807980347629997,0.13807980347629997,0.13807980347629997,0.13807980347629997,0.13807980347629997,0.13807980347629997,0.13807980347629997,0.13807980347629997,0.13807980347629997,0.13807980347629997,0.13807980347629997,0.13807980347629997,0.13807980347629997,0.13807980347629997,0.13807980347629997,0.13807980347629997,0.13807980347629997,0.13807980347629997,0.13807980347629997,0.13807980347629997,0.13704476554887612,0.13704476554887612,0.13704476554887612,0.13704476554887612,0.13704476554887612,0.13704476554887612,0.13704476554887612,0.13704476554887612,0.13704476554887612,0.13704476554887612,0.13704476554887612,0.13704476554887612,0.13704476554886807,0.13704476554887612,0.13704476554887612,0.13704476554887612,0.13704476554887612,0.13704476554887612,0.13704476554887612,0.13704476554887612,0.13704476554887612,0.13704476554887612,0.13704476554887612,0.13704476554887612,0.13704476554887612,0.13602973211247799,0.13602973211247799,0.13602973211247799,0.13602973211247799,0.13602973211247799,0.13602973211247799,0.13602973211247799,0.13602973211247799,0.13602973211247799,0.13602973211247799,0.13602973211247799,0.13602973211247799,0.13602973211247799,0.13602973211247799,0.13602973211247799,0.13602973211247799,0.13602973211247799,0.13602973211247799,0.13602973211247799,0.13602973211247799,0.13602973211247799,0.13602973211247799,0.13602973211247799,0.13602973211247799,0.13602973211247799,0.13503425158906404,0.13503425158906404,0.13503425158906404,0.13503425158906404,0.13503425158906404,0.13503425158906404,0.13503425158906404,0.13503425158906404,0.13503425158906404,0.13503425158906404,0.13503425158906404,0.13503425158906404,0.13503425158906404,0.13503425158906404,0.13503425158906404,0.13503425158906404,0.13503425158906404,0.13503425158906404,0.13503425158906404,0.13503425158906404,0.13503425158906404,0.13503425158906404,0.13503425158906404,0.13503425158906404,0.13503425158906404
0.1653324880343759,0.1653324880343759,0.1653324880343759,0.1653324880343759,0.1653324880343759,0.1653324880343759,0.1653324880343759,0.1653324880343759,0.1653324880343759,0.1653324880343759,0.1653324880343759,0.1653324880343759,0.1653324880343759,0.1653324880343759,0.1653324880343759,0.1653324880343759,0.1653324880343759,0.1653324880343759,0.1653324880343759,0.1653324880343759,0.1653324880343759,0.1653324880343759,0.1653324880343759,0.1653324880343759,0.1653324880343759,0.16375749431061887,0.16375749431061887,0.16375749431061887,0.16375749431061887,0.16375749431061887,0.16375749431061887,0.16375749431061887,0.16375749431061887,0.16375749431061887,0.16375749431061887,0.16375749431061887,0.16375749431061887,0.16375749431061887,0.16375749431061887,0.16375749431061887,0.16375749431061887,0.16375749431061887,0.16375749431061887,0.16375749431061887,0.16375749431061887,0.16375749431061887,0.16375749431061887,0.16375749431061887,0.16375749431061887,0.16375749431061887,0.1622138845188483,0.1622138845188483,0.1622138845188483,0.1622138845188483,0.1622138845188483,0.1622138845188483,0.1622138845188483,0.1622138845188483,0.1622138845188483,0.1622138845188483,0.1622138845188483,0.1622138845188483,0.1622138845188483,0.1622138845188483,0.1622138845188483,0.1622138845188483,0.1622138845188483,0.1622138845188483,0.1622138845188483,0.1622138845188483,0.1622138845188483,0.1622138845188483,0.1622138845188483,0.1622138845188483,0.1622138845188483,0.1607010676161041,0.1607010676161041,0.1607010676161041,0.1607010676161041,0.1607010676161041,0.1607010676161041,0.1607010676161041,0.1607010676161041,0.1607010676161041,0.1607010676161041,0.1607010676161041,0.1607010676161041,0.1607010676161041,0.1607010676161041,0.1607010676161041,0.1607010676161041,0.1607010676161041,0.1607010676161041,0.1607010676161041,0.1607010676161041,0.1607010676161041,0.1607010676161041,0.1607010676161041,0.1607010676161041,0.1607010676161041,0.1592184519773646,0.1592184519773646,0.1592184519773646,0.1592184519773646,0.1592184519773646,0.1592184519773646,0.1592184519773646,0.1592184519773646,0.1592184519773646,0.1592184519773646,0.1592184519773646,0.1592184519773646,0.1592184519773646,0.1592184519773646,0.1592184519773646,0.1592184519773646,0.1592184519773646,0.1592184519773646,0.1592184519773646,0.1592184519773646,0.1592184519773646,0.1592184519773646,0.1592184519773646,0.1592184519773646,0.1592184519773646,0.15776544674739587,0.15776544674739587,0.15776544674739587,0.15776544674739587,0.15776544674739587,0.15776544674739587,0.15776544674739587,0.15776544674739587,0.15776544674739587,0.15776544674739587,0.15776544674739587,0.15776544674739587,0.15776544674739587,0.15776544674739587,0.15776544674739587,0.15776544674739587,0.15776544674739587,0.15776544674739587,0.15776544674739587,0.15776544674739587,0.15776544674739587,0.15776544674739587,0.15776544674739587,0.15776544674739587,0.15776544674739587,0.15634146305507632,0.15634146305507632,0.15634146305507632,0.15634146305507632,0.15634146305507632,0.15634146305507632,0.15634146305507632,0.15634146305507632,0.15634146305507632,0.15634146305507632,0.15634146305507632,0.15634146305507632,0.15634146305507632,0.15634146305507632,0.15634146305507632,0.15634146305507632,0.15634146305507632,0.15634146305507632,0.15634146305507632,0.15634146305507632,0.15634146305507632,0.15634146305507632,0.15634146305507632,0.15634146305507632,0.15634146305507632,0.15494591510045638,0.15494591510045638,0.15494591510045638,0.15494591510045638,0.15494591510045638,0.15494591510045638,0.15494591510045638,0.15494591510045638,0.15494591510045638,0.15494591510045638,0.15494591510045638,0.15494591510045638,0.15494591510045638,0.15494591510045638,0.15494591510045638,0.15494591510045638,0.15494591510045638,0.15494591510045638,0.15494591510045638,0.15494591510045638,0.15494591510045638,0.15494591510045638,0.15494591510045638,0.15494591510045638,0.15494591510045638,0.15357822112426267,0.15357822112426267,0.15357822112426267,0.15357822112426267,0.15357822112426267,0.15357822112426267,0.15357822112426267,0.15357822112426267,0.15357822112426267,0.15357822112426267,0.15357822112426267,0.15357822112426267,0.15357822112426267,0.15357822112426267,0.15357822112426267,0.15357822112426267,0.15357822112426267,0.15357822112426267,0.15357822112426267,0.15357822112426267,0.15357822112426267,0.15357822112426267,0.15357822112426267,0.15357822112426267,0.15357822112426267,0.15223780426900133,0.15223780426900133,0.15223780426900133,0.15223780426900133,0.15223780426900133,0.15223780426900133,0.15223780426900133,0.15223780426900133,0.15223780426900133,0.15223780426900133,0.15223780426900133,0.15223780426900133,0.15223780426900133,0.15223780426900133,0.15223780426900133,0.15223780426900133,0.15223780426900133,0.15223780426900133,0.15223780426900133,0.15223780426900133,0.15223780426900133,0.15223780426900133,0.15223780426900133,0.15223780426900133,0.15223780426900133,0.1509240933402633,0.1509240933402633,0.1509240933402633,0.1509240933402633,0.1509240933402633,0.1509240933402633,0.1509240933402633,0.1509240933402633,0.1509240933402633,0.1509240933402633,0.1509240933402633,0.1509240933402633,0.1509240933402633,0.1509240933402633,0.1509240933402633,0.1509240933402633,0.1509240933402633,0.1509240933402633,0.1509240933402633,0.1509240933402633,0.1509240933402633,0.1509240933402633,0.1509240933402633,0.1509240933402633,0.1509240933402633,0.14963652347631387,0.14963652347631387,0.14963652347631387,0.14963652347631387,0.14963652347631387,0.14963652347631387,0.14963652347631387,0.14963652347631387,0.14963652347631387,0.14963652347631387,0.14963652347631387,0.14963652347631387,0.14963652347631387,0.14963652347631387,0.14963652347631387,0.14963652347631387,0.14963652347631387,0.14963652347631387,0.14963652347631387,0.14963652347631387,0.14963652347631387,0.14963652347631387,0.14963652347631387,0.14963652347631387,0.14963652347631387,0.14837453673352122,0.14837453673352122,0.14837453673352122,0.14837453673352122,0.14837453673352122,0.14837453673352122,0.14837453673352122,0.14837453673352122,0.14837453673352122,0.14837453673352122,0.14837453673352122,0.14837453673352122,0.14837453673352122,0.14837453673352122,0.14837453673352122,0.14837453673352122,0.14837453673352122,0.14837453673352122,0.14837453673352122,0.14837453673352122,0.14837453673352122,0.14837453673352122,0.14837453673352122,0.14837453673352122,0.14837453673352122,0.147137582594693,0.147137582594693,0.147137582594693,0.147137582594693,0.147137582594693,0.147137582594693,0.147137582594693,0.147137582594693,0.147137582594693,0.147137582594693,0.147137582594693,0.147137582594693,0.147137582594693,0.147137582594693,0.147137582594693,0.147137582594693,0.147137582594693,0.147137582594693,0.147137582594693,0.147137582594693,0.147137582594693,0.147137582594693,0.147137582594693,0.147137582594693,0.147137582594693,0.14592511840690175,0.14592511840690175,0.14592511840690175,0.14592511840690175,0.14592511840690175,0.14592511840690175,0.14592511840690175,0.14592511840690175,0.14592511840690175,0.14592511840690175,0.14592511840690175,0.14592511840690175,0.14592511840690175,0.14592511840690175,0.14592511840690175,0.14592511840690175,0.14592511840690175,0.14592511840690175,0.14592511840690175,0.14592511840690175,0.14592511840690175,0.14592511840690175,0.14592511840690175,0.14592511840690175,0.14592511840690175,0.14473660975493646,0.14473660975493646,0.14473660975493646,0.14473660975493646,0.14473660975493646,0.14473660975493646,0.14473660975493646,0.14473660975493646,0.14473660975493646,0.14473660975493646,0.14473660975493646,0.14473660975493646,0.14473660975493646,0.14473660975493646,0.14473660975493646,0.14473660975493646,0.14473660975493646,0.14473660975493646,0.14473660975493646,0.14473660975493646,0.14473660975493646,0.14473660975493646,0.14473660975493646,0.14473660975493646,0.14473660975493646,0.14357153077607052,0.14357153077607052,0.14357153077607052,0.14357153077607052,0.14357153077607052,0.14357153077607052,0.14357153077607052,0.14357153077607052,0.14357153077607052,0.14357153077607052,0.14357153077607052,0.14357153077607052,0.14357153077607052,0.14357153077607052,0.14357153077607052,0.14357153077607052,0.14357153077607052,0.14357153077607052,0.14357153077607052,0.14357153077607052,0.14357153077607052,0.14357153077607052,0.14357153077607052,0.14357153077607052,0.14357153077607052,0.14242936442143866,0.14242936442143866,0.14242936442143866,0.14242936442143866,0.14242936442143866,0.14242936442143866,0.14242936442143866,0.14242936442143866,0.14242936442143866,0.14242936442143866,0.14242936442143866,0.14242936442143866,0.14242936442143866,0.14242936442143866,0.14242936442143866,0.14242936442143866,0.14242936442143866,0.14242936442143866,0.14242936442143866,0.14242936442143866,0.14242936442143866,0.14242936442143866,0.14242936442143866,0.14242936442143866,0.14242936442143866,0.14130960266891365,0.14130960266891365,0.14130960266891365,0.14130960266891365,0.14130960266891365,0.14130960266891365,0.14130960266891365,0.14130960266891365,0.14130960266891365,0.14130960266891365,0.14130960266891365,0.14130960266891365,0.14130960266891365,0.14130960266891365,0.14130960266891365,0.14130960266891365,0.14130960266891365,0.14130960266891365,0.14130960266891365,0.14130960266891365,0.14130960266891365,0.14130960266891365,0.14130960266891365,0.14130960266891365,0.14130960266891365,0.1402117466920181,0.1402117466920181,0.1402117466920181,0.1402117466920181,0.1402117466920181,0.1402117466920181,0.1402117466920181,0.1402117466920181,0.1402117466920181,0.1402117466920181,0.1402117466920181,0.1402117466920181,0.1402117466920181,0.1402117466920181,0.1402117466920181,0.1402117466920181,0.1402117466920181,0.1402117466920181,0.1402117466920181,0.1402117466920181,0.1402117466920181,0.1402117466920181,0.1402117466920181,0.1402117466920181,0.1402117466920181,0.1391353069890518,0.1391353069890518,0.1391353069890518,0.1391353069890518,0.1391353069890518,0.1391353069890518,0.1391353069890518,0.1391353069890518,0.1391353069890518,0.1391353069890518,0.1391353069890518,0.1391353069890518,0.1391353069890518,0.1391353069890518,0.1391353069890518,0.1391353069890518,0.1391353069890518,0.1391353069890518,0.1391353069890518,0.1391353069890518,0.1391353069890518,0.1391353069890518,0.1391353069890518,0.1391353069890518,0.1391353069890518,0.13807980347629997,0.13807980347629997,0.13807980347629997,0.13807980347629997,0.13807980347629997,0.13807980347629997,0.13807980347629997,0.13807980347629997,0.13807980347629997,0.13807980347629997,0.13807980347629997,0.13807980347629997,0.13807980347629997,0.13807980347629997,0.13807980347629997,0.13807980347629997,0.13807980347629997,0.13807980347629997,0.13807980347629997,0.13807980347629997,0.13807980347629997,0.13807980347629997,0.13807980347629997,0.13807980347629997,0.13807980347629997,0.13704476554887599,0.13704476554887599,0.13704476554887599,0.13704476554887599,0.13704476554887599,0.13704476554887599,0.13704476554887599,0.13704476554887599,0.13704476554887599,0.13704476554887599,0.13704476554887599,0.13704476554887599,0.1370447655488781,0.13704476554887599,0.13704476554887599,0.13704476554887599,0.13704476554887599,0.13704476554887599,0.13704476554887599,0.13704476554887599,0.13704476554887599,0.13704476554887599,0.13704476554887599,0.13704476554887599,0.13704476554887599,0.13602973211247782,0.13602973211247782,0.13602973211247782,0.13602973211247782,0.13602973211247782,0.13602973211247782,0.13602973211247782,0.13602973211247782,0.13602973211247782,0.13602973211247782,0.13602973211247782,0.13602973211247782,0.13602973211247782,0.13602973211247782,0.13602973211247782,0.13602973211247782,0.13602973211247782,0.13602973211247782,0.13602973211247782,0.13602973211247782,0.13602973211247782,0.13602973211247782,0.13602973211247782,0.13602973211247782,0.13602973211247782,0.13503425158906404,0.13503425158906404,0.13503425158906404,0.13503425158906404,0.13503425158906404,0.13503425158906404,0.13503425158906404,0.13503425158906404,0.13503425158906404,0.13503425158906404,0.13503425158906404,0.13503425158906404,0.13503425158906404,0.13503425158906404,0.13503425158906404,0.13503425158906404,0.13503425158906404,0.13503425158906404,0.13503425158906404,0.13503425158906404,0.13503425158906404,0.13503425158906404,0.13503425158906404,0.13503425158906404,0.13503425158906404
0.1653324880343759,0.1653324880343759,0.1653324880343759,0.1653324880343759,0.1653324880343759,0.1653324880343759,0.1653324880343759,0.1653324880343759,0.1653324880343759,0.1653324880343759,0.1653324880343759,0.1653324880343759,0.1653324880343759,0.1653324880343759,0.1653324880343759,0.1653324880343759,0.1653324880343759,0.1653324880343759,0.1653324880343759,0.1653324880343759,0.1653324880343759,0.1653324880343759,0.1653324880343759,0.1653324880343759,0.1653324880343759,0.16375749431061887,0.16375749431061887,0.16375749431061887,0.16375749431061887,0.16375749431061887,0.16375749431061887,0.16375749431061887,0.16375749431061887,0.16375749431061887,0.16375749431061887,0.16375749431061887,0.16375749431061887,0.16375749431061887,0.16375749431061887,0.16375749431061887,0.16375749431061887,0.16375749431061887,0.16375749431061887,0.16375749431061887,0.16375749431061887,0.16375749431061887,0.16375749431061887,0.16375749431061887,0.16375749431061887,0.16375749431061887,0.1622138845188483,0.1622138845188483,0.1622138845188483,0.1622138845188483,0.1622138845188483,0.1622138845188483,0.1622138845188483,0.1622138845188483,0.1622138845188483,0.1622138845188483,0.1622138845188483,0.1622138845188483,0.1622138845188483,0.1622138845188483,0.1622138845188483,0.1622138845188483,0.1622138845188483,0.1622138845188483,0.1622138845188483,0.1622138845188483,0.1622138845188483,0.1622138845188483,0.1622138845188483,0.1622138845188483,0.1622138845188483,0.1607010676161041,0.1607010676161041,0.1607010676161041,0.1607010676161041,0.1607010676161041,0.1607010676161041,0.1607010676161041,0.1607010676161041,0.1607010676161041,0.1607010676161041,0.1607010676161041,0.1607010676161041,0.1607010676161041,0.1607010676161041,0.1607010676161041,0.1607010676161041,0.1607010676161041,0.1607010676161041,0.1607010676161041,0.1607010676161041,0.1607010676161041,0.1607010676161041,0.1607010676161041,0.1607010676161041,0.1607010676161041,0.1592184519773646,0.1592184519773646,0.1592184519773646,0.1592184519773646,0.1592184519773646,0.1592184519773646,0.1592184519773646,0.1592184519773646,0.1592184519773646,0.1592184519773646,0.1592184519773646,0.1592184519773646,0.1592184519773646,0.1592184519773646,0.1592184519773646,0.1592184519773646,0.1592184519773646,0.1592184519773646,0.1592184519773646,0.1592184519773646,0.1592184519773646,0.1592184519773646,0.1592184519773646,0.1592184519773646,0.1592184519773646,0.15776544674739587,0.15776544674739587,0.15776544674739587,0.15776544674739587,0.15776544674739587,0.15776544674739587,0.15776544674739587,0.15776544674739587,0.15776544674739587,0.15776544674739587,0.15776544674739587,0.15776544674739587,0.15776544674739587,0.15776544674739587,0.15776544674739587,0.15776544674739587,0.15776544674739587,0.15776544674739587,0.15776544674739587,0.15776544674739587,0.15776544674739587,0.15776544674739587,0.15776544674739587,0.15776544674739587,0.15776544674739587,0.15634146305507632,0.15634146305507632,0.15634146305507632,0.15634146305507632,0.15634146305507632,0.15634146305507632,0.15634146305507632,0.15634146305507632,0.15634146305507632,0.15634146305507632,0.15634146305507632,0.15634146305507632,0.15634146305507632,0.15634146305507632,0.15634146305507632,0.15634146305507632,0.15634146305507632,0.15634146305507632,0.15634146305507632,0.15634146305507632,0.15634146305507632,0.15634146305507632,0.15634146305507632,0.15634146305507632,0.15634146305507632,0.15494591510045638,0.15494591510045638,0.15494591510045638,0.15494591510045638,0.15494591510045638,0.15494591510045638,0.15494591510045638,0.15494591510045638,0.15494591510045638,0.15494591510045638,0.15494591510045638,0.15494591510045638,0.15494591510045638,0.15494591510045638,0.15494591510045638,0.15494591510045638,0.15494591510045638,0.15494591510045638,0.15494591510045638,0.15494591510045638,0.15494591510045638,0.15494591510045638,0.15494591510045638,0.15494591510045638,0.15494591510045638,0.15357822112426267,0.15357822112426267,0.15357822112426267,0.15357822112426267,0.15357822112426267,0.15357822112426267,0.15357822112426267,0.15357822112426267,0.15357822112426267,0.15357822112426267,0.15357822112426267,0.15357822112426267,0.15357822112426267,0.15357822112426267,0.15357822112426267,0.15357822112426267,0.15357822112426267,0.15357822112426267,0.15357822112426267,0.15357822112426267,0.15357822112426267,0.15357822112426267,0.15357822112426267,0.15357822112426267,0.15357822112426267,0.15223780426900133,0.15223780426900133,0.15223780426900133,0.15223780426900133,0.15223780426900133,0.15223780426900133,0.15223780426900133,0.15223780426900133,0.15223780426900133,0.15223780426900133,0.15223780426900133,0.15223780426900133,0.15223780426900133,0.15223780426900133,0.15223780426900133,0.15223780426900133,0.15223780426900133,0.15223780426900133,0.15223780426900133,0.15223780426900133,0.15223780426900133,0.15223780426900133,0.15223780426900133,0.15223780426900133,0.15223780426900133,0.1509240933402633,0.1509240933402633,0.1509240933402633,0.1509240933402633,0.1509240933402633,0.1509240933402633,0.1509240933402633,0.1509240933402633,0.1509240933402633,0.1509240933402633,0.1509240933402633,0.1509240933402633,0.1509240933402633,0.1509240933402633,0.1509240933402633,0.1509240933402633,0.1509240933402633,0.1509240933402633,0.1509240933402633,0.1509240933402633,0.1509240933402633,0.1509240933402633,0.1509240933402633,0.1509240933402633,0.1509240933402633,0.14963652347631387,0.14963652347631387,0.14963652347631387,0.14963652347631387,0.14963652347631387,0.14963652347631387,0.14963652347631387,0.14963652347631387,0.14963652347631387,0.14963652347631387,0.14963652347631387,0.14963652347631387,0.14963652347631387,0.14963652347631387,0.14963652347631387,0.14963652347631387,0.14963652347631387,0.14963652347631387,0.14963652347631387,0.14963652347631387,0.14963652347631387,0.14963652347631387,0.14963652347631387,0.14963652347631387,0.14963652347631387,0.14837453673352122,0.14837453673352122,0.14837453673352122,0.14837453673352122,0.14837453673352122,0.14837453673352122,0.14837453673352122,0.14837453673352122,0.14837453673352122,0.14837453673352122,0.14837453673352122,0.14837453673352122,0.14837453673352122,0.14837453673352122,0.14837453673352122,0.14837453673352122,0.14837453673352122,0.14837453673352122,0.14837453673352122,0.14837453673352122,0.14837453673352122,0.14837453673352122,0.14837453673352122,0.14837453673352122,0.14837453673352122,0.147137582594693,0.147137582594693,0.147137582594693,0.147137582594693,0.147137582594693,0.147137582594693,0.147137582594693,0.147137582594693,0.147137582594693,0.147137582594693,0.147137582594693,0.147137582594693,0.147137582594693,0.147137582594693,0.147137582594693,0.147137582594693,0.147137582594693,0.147137582594693,0.147137582594693,0.147137582594693,0.147137582594693,0.147137582594693,0.147137582594693,0.147137582594693,0.147137582594693,0.14592511840690175,0.14592511840690175,0.14592511840690175,0.14592511840690175,0.14592511840690175,0.14592511840690175,0.14592511840690175,0.14592511840690175,0.14592511840690175,0.14592511840690175,0.14592511840690175,0.14592511840690175,0.14592511840690175,0.14592511840690175,0.14592511840690175,0.14592511840690175,0.14592511840690175,0.14592511840690175,0.14592511840690175,0.14592511840690175,0.14592511840690175,0.14592511840690175,0.14592511840690175,0.14592511840690175,0.14592511840690175,0.14473660975493646,0.14473660975493646,0.14473660975493646,0.14473660975493646,0.14473660975493646,0.14473660975493646,0.14473660975493646,0.14473660975493646,0.14473660975493646,0.14473660975493646,0.14473660975493646,0.14473660975493646,0.14473660975493646,0.14473660975493646,0.14473660975493646,0.14473660975493646,0.14473660975493646,0.14473660975493646,0.14473660975493646,0.14473660975493646,0.14473660975493646,0.14473660975493646,0.14473660975493646,0.14473660975493646,0.14473660975493646,0.14357153077607052,0.14357153077607052,0.14357153077607052,0.14357153077607052,0.14357153077607052,0.14357153077607052,0.14357153077607052,0.14357153077607052,0.14357153077607052,0.14357153077607052,0.14357153077607052,0.14357153077607052,0.14357153077607052,0.14357153077607052,0.14357153077607052,0.14357153077607052,0.14357153077607052,0.14357153077607052,0.14357153077607052,0.14357153077607052,0.14357153077607052,0.14357153077607052,0.14357153077607052,0.14357153077607052,0.14357153077607052,0.14242936442143866,0.14242936442143866,0.14242936442143866,0.14242936442143866,0.14242936442143866,0.14242936442143866,0.14242936442143866,0.14242936442143866,0.14242936442143866,0.14242936442143866,0.14242936442143866,0.14242936442143866,0.14242936442143866,0.14242936442143866,0.14242936442143866,0.14242936442143866,0.14242936442143866,0.14242936442143866,0.14242936442143866,0.14242936442143866,0.14242936442143866,0.14242936442143866,0.14242936442143866,0.14242936442143866,0.14242936442143866,0.14130960266891365,0.14130960266891365,0.14130960266891365,0.14130960266891365,0.14130960266891365,0.14130960266891365,0.14130960266891365,0.14130960266891365,0.14130960266891365,0.14130960266891365,0.14130960266891365,0.14130960266891365,0.14130960266891365,0.14130960266891365,0.14130960266891365,0.14130960266891365,0.14130960266891365,0.14130960266891365,0.14130960266891365,0.14130960266891365,0.14130960266891365,0.14130960266891365,0.14130960266891365,0.14130960266891365,0.14130960266891365,0.1402117466920181,0.1402117466920181,0.1402117466920181,0.1402117466920181,0.1402117466920181,0.1402117466920181,0.1402117466920181,0.1402117466920181,0.1402117466920181,0.1402117466920181,0.1402117466920181,0.1402117466920181,0.1402117466920181,0.1402117466920181,0.1402117466920181,0.1402117466920181,0.1402117466920181,0.1402117466920181,0.1402117466920181,0.1402117466920181,0.1402117466920181,0.1402117466920181,0.1402117466920181,0.1402117466920181,0.1402117466920181,0.1391353069890518,0.1391353069890518,0.1391353069890518,0.1391353069890518,0.1391353069890518,0.1391353069890518,0.1391353069890518,0.1391353069890518,0.1391353069890518,0.1391353069890518,0.1391353069890518,0.1391353069890518,0.1391353069890518,0.1391353069890518,0.1391353069890518,0.1391353069890518,0.1391353069890518,0.1391353069890518,0.1391353069890518,0.1391353069890518,0.1391353069890518,0.1391353069890518,0.1391353069890518,0.1391353069890518,0.1391353069890518,0.13807980347629997,0.13807980347629997,0.13807980347629997,0.13807980347629997,0.13807980347629997,0.13807980347629997,0.13807980347629997,0.13807980347629997,0.13807980347629997,0.13807980347629997,0.13807980347629997,0.13807980347629997,0.13807980347629997,0.13807980347629997,0.13807980347629997,0.13807980347629997,0.13807980347629997,0.13807980347629997,0.13807980347629997,0.13807980347629997,0.13807980347629997,0.13807980347629997,0.13807980347629997,0.13807980347629997,0.13807980347629997,0.13704476554887599,0.13704476554887599,0.13704476554887599,0.13704476554887599,0.13704476554887599,0.13704476554887599,0.13704476554887599,0.13704476554887599,0.13704476554887599,0.13704476554887599,0.13704476554887599,0.13704476554887599,0.1370447655488781,0.13704476554887599,0.13704476554887599,0.13704476554887599,0.13704476554887599,0.13704476554887599,0.13704476554887599,0.13704476554887599,0.13704476554887599,0.13704476554887599,0.13704476554887599,0.13704476554887599,0.13704476554887599,0.13602973211247782,0.13602973211247782,0.13602973211247782,0.13602973211247782,0.13602973211247782,0.13602973211247782,0.13602973211247782,0.13602973211247782,0.13602973211247782,0.13602973211247782,0.13602973211247782,0.13602973211247782,0.13602973211247782,0.13602973211247782,0.13602973211247782,0.13602973211247782,0.13602973211247782,0.13602973211247782,0.13602973211247782,0.13602973211247782,0.13602973211247782,0.13602973211247782,0.13602973211247782,0.13602973211247782,0.13602973211247782,0.13503425158906404,0.13503425158906404,0.13503425158906404,0.13503425158906404,0.13503425158906404,0.13503425158906404,0.13503425158906404,0.13503425158906404,0.13503425158906404,0.13503425158906404,0.13503425158906404,0.13503425158906404,0.13503425158906404,0.13503425158906404,0.13503425158906404,0.13503425158906404,0.13503425158906404,0.13503425158906404,0.13503425158906404,0.13503425158906404,0.13503425158906404,0.13503425158906404,0.13503425158906404,0.13503425158906404,0.13503425158906404
0.1653324880343759,0.1653324880343759,0.1653324880343759,0.1653324880343759,0.1653324880343759,0.1653324880343759,0.1653324880343759,0.1653324880343759,0.1653324880343759,0.1653324880343759,0.1653324880343759,0.1653324880343759,0.1653324880343759,0.1653324880343759,0.1653324880343759,0.1653324880343759,0.1653324880343759,0.1653324880343759,0.1653324880343759,0.1653324880343759,0.1653324880343759,0.1653324880343759,0.1653324880343759,0.1653324880343759,0.1653324880343759,0.16375749431061887,0.16375749431061887,0.16375749431061887,0.16375749431061887,0.16375749431061887,0.16375749431061887,0.16375749431061887,0.16375749431061887,0.16375749431061887,0.16375749431061887,0.16375749431061887,0.16375749431061887,0.16375749431061887,0.16375749431061887,0.16375749431061887,0.16375749431061887,0.16375749431061887,0.16375749431061887,0.16375749431061887,0.16375749431061887,0.16375749431061887,0.16375749431061887,0.16375749431061887,0.16375749431061887,0.16375749431061887,0.1622138845188483,0.1622138845188483,0.1622138845188483,0.1622138845188483,0.1622138845188483,0.1622138845188483,0.1622138845188483,0.1622138845188483,0.1622138845188483,0.1622138845188483,0.1622138845188483,0.1622138845188483,0.1622138845188483,0.1622138845188483,0.1622138845188483,0.1622138845188483,0.1622138845188483,0.1622138845188483,0.1622138845188483,0.1622138845188483,0.1622138845188483,0.1622138845188483,0.1622138845188483,0.1622138845188483,0.1622138845188483,0.1607010676161041,0.1607010676161041,0.1607010676161041,0.1607010676161041,0.1607010676161041,0.1607010676161041,0.1607010676161041,0.1607010676161041,0.1607010676161041,0.1607010676161041,0.1607010676161041,0.1607010676161041,0.1607010676161041,0.1607010676161041,0.1607010676161041,0.1607010676161041,0.1607010676161041,0.1607010676161041,0.1607010676161041,0.1607010676161041,0.1607010676161041,0.1607010676161041,0.1607010676161041,0.1607010676161041,0.1607010676161041,0.1592184519773646,0.1592184519773646,0.1592184519773646,0.1592184519773646,0.1592184519773646,0.1592184519773646,0.1592184519773646,0.1592184519773646,0.1592184519773646,0.1592184519773646,0.1592184519773646,0.1592184519773646,0.1592184519773646,0.1592184519773646,0.1592184519773646,0.1592184519773646,0.1592184519773646,0.1592184519773646,0.1592184519773646,0.1592184519773646,0.1592184519773646,0.1592184519773646,0.1592184519773646,0.1592184519773646,0.1592184519773646,0.15776544674739587,0.15776544674739587,0.15776544674739587,0.15776544674739587,0.15776544674739587,0.15776544674739587,0.15776544674739587,0.15776544674739587,0.15776544674739587,0.15776544674739587,0.15776544674739587,0.15776544674739587,0.15776544674739587,0.15776544674739587,0.15776544674739587,0.15776544674739587,0.15776544674739587,0.15776544674739587,0.15776544674739587,0.15776544674739587,0.15776544674739587,0.15776544674739587,0.15776544674739587,0.15776544674739587,0.15776544674739587,0.15634146305507632,0.15634146305507632,0.15634146305507632,0.15634146305507632,0.15634146305507632,0.15634146305507632,0.15634146305507632,0.15634146305507632,0.15634146305507632,0.15634146305507632,0.15634146305507632,0.15634146305507632,0.15634146305507632,0.15634146305507632,0.15634146305507632,0.15634146305507632,0.15634146305507632,0.15634146305507632,0.15634146305507632,0.15634146305507632,0.15634146305507632,0.15634146305507632,0.15634146305507632,0.15634146305507632,0.15634146305507632,0.15494591510045638,0.15494591510045638,0.15494591510045638,0.15494591510045638,0.15494591510045638,0.15494591510045638,0.15494591510045638,0.15494591510045638,0.15494591510045638,0.15494591510045638,0.15494591510045638,0.15494591510045638,0.15494591510045638,0.15494591510045638,0.15494591510045638,0.15494591510045638,0.15494591510045638,0.15494591510045638,0.15494591510045638,0.15494591510045638,0.15494591510045638,0.15494591510045638,0.15494591510045638,0.15494591510045638,0.15494591510045638,0.15357822112426267,0.15357822112426267,0.15357822112426267,0.15357822112426267,0.15357822112426267,0.15357822112426267,0.15357822112426267,0.15357822112426267,0.15357822112426267,0.15357822112426267,0.15357822112426267,0.15357822112426267,0.15357822112426267,0.15357822112426267,0.15357822112426267,0.15357822112426267,0.15357822112426267,0.15357822112426267,0.15357822112426267,0.15357822112426267,0.15357822112426267,0.15357822112426267,0.15357822112426267,0.15357822112426267,0.15357822112426267,0.15223780426900133,0.15223780426900133,0.15223780426900133,0.15223780426900133,0.15223780426900133,0.15223780426900133,0.15223780426900133,0.15223780426900133,0.15223780426900133,0.15223780426900133,0.15223780426900133,0.15223780426900133,0.15223780426900133,0.15223780426900133,0.15223780426900133,0.15223780426900133,0.15223780426900133,0.15223780426900133,0.15223780426900133,0.15223780426900133,0.15223780426900133,0.15223780426900133,0.15223780426900133,0.15223780426900133,0.15223780426900133,0.1509240933402633,0.1509240933402633,0.1509240933402633,0.1509240933402633,0.1509240933402633,0.1509240933402633,0.1509240933402633,0.1509240933402633,0.1509240933402633,0.1509240933402633,0.1509240933402633,0.1509240933402633,0.1509240933402633,0.1509240933402633,0.1509240933402633,0.1509240933402633,0.1509240933402633,0.1509240933402633,0.1509240933402633,0.1509240933402633,0.1509240933402633,0.1509240933402633,0.1509240933402633,0.1509240933402633,0.1509240933402633,0.14963652347631387,0.14963652347631387,0.14963652347631387,0.14963652347631387,0.14963652347631387,0.14963652347631387,0.14963652347631387,0.14963652347631387,0.14963652347631387,0.14963652347631387,0.14963652347631387,0.14963652347631387,0.14963652347631387,0.14963652347631387,0.14963652347631387,0.14963652347631387,0.14963652347631387,0.14963652347631387,0.14963652347631387,0.14963652347631387,0.14963652347631387,0.14963652347631387,0.14963652347631387,0.14963652347631387,0.14963652347631387,0.14837453673352122,0.14837453673352122,0.14837453673352122,0.14837453673352122,0.14837453673352122,0.14837453673352122,0.14837453673352122,0.14837453673352122,0.14837453673352122,0.14837453673352122,0.14837453673352122,0.14837453673352122,0.14837453673352122,0.14837453673352122,0.14837453673352122,0.14837453673352122,0.14837453673352122,0.14837453673352122,0.14837453673352122,0.14837453673352122,0.14837453673352122,0.14837453673352122,0.14837453673352122,0.14837453673352122,0.14837453673352122,0.147137582594693,0.147137582594693,0.147137582594693,0.147137582594693,0.147137582594693,0.147137582594693,0.147137582594693,0.147137582594693,0.147137582594693,0.147137582594693,0.147137582594693,0.147137582594693,0.147137582594693,0.147137582594693,0.147137582594693,0.147137582594693,0.147137582594693,0.147137582594693,0.147137582594693,0.147137582594693,0.147137582594693,0.147137582594693,0.147137582594693,0.147137582594693,0.147137582594693,0.14592511840690175,0.14592511840690175,0.14592511840690175,0.14592511840690175,0.14592511840690175,0.14592511840690175,0.14592511840690175,0.14592511840690175,0.14592511840690175,0.14592511840690175,0.14592511840690175,0.14592511840690175,0.14592511840690175,0.14592511840690175,0.14592511840690175,0.14592511840690175,0.14592511840690175,0.14592511840690175,0.14592511840690175,0.14592511840690175,0.14592511840690175,0.14592511840690175,0.14592511840690175,0.14592511840690175,0.14592511840690175,0.14473660975493646,0.14473660975493646,0.14473660975493646,0.14473660975493646,0.14473660975493646,0.14473660975493646,0.14473660975493646,0.14473660975493646,0.14473660975493646,0.14473660975493646,0.14473660975493646,0.14473660975493646,0.14473660975493646,0.14473660975493646,0.14473660975493646,0.14473660975493646,0.14473660975493646,0.14473660975493646,0.14473660975493646,0.14473660975493646,0.14473660975493646,0.14473660975493646,0.14473660975493646,0.14473660975493646,0.14473660975493646,0.14357153077607052,0.14357153077607052,0.14357153077607052,0.14357153077607052,0.14357153077607052,0.14357153077607052,0.14357153077607052,0.14357153077607052,0.14357153077607052,0.14357153077607052,0.14357153077607052,0.14357153077607052,0.14357153077607052,0.14357153077607052,0.14357153077607052,0.14357153077607052,0.14357153077607052,0.14357153077607052,0.14357153077607052,0.14357153077607052,0.14357153077607052,0.14357153077607052,0.14357153077607052,0.14357153077607052,0.14357153077607052,0.14242936442143866,0.14242936442143866,0.14242936442143866,0.14242936442143866,0.14242936442143866,0.14242936442143866,0.14242936442143866,0.14242936442143866,0.14242936442143866,0.14242936442143866,0.14242936442143866,0.14242936442143866,0.14242936442143866,0.14242936442143866,0.14242936442143866,0.14242936442143866,0.14242936442143866,0.14242936442143866,0.14242936442143866,0.14242936442143866,0.14242936442143866,0.14242936442143866,0.14242936442143866,0.14242936442143866,0.14242936442143866,0.14130960266891365,0.14130960266891365,0.14130960266891365,0.14130960266891365,0.14130960266891365,0.14130960266891365,0.14130960266891365,0.14130960266891365,0.14130960266891365,0.14130960266891365,0.14130960266891365,0.14130960266891365,0.14130960266891365,0.14130960266891365,0.14130960266891365,0.14130960266891365,0.14130960266891365,0.14130960266891365,0.14130960266891365,0.14130960266891365,0.14130960266891365,0.14130960266891365,0.14130960266891365,0.14130960266891365,0.14130960266891365,0.1402117466920181,0.1402117466920181,0.1402117466920181,0.1402117466920181,0.1402117466920181,0.1402117466920181,0.1402117466920181,0.1402117466920181,0.1402117466920181,0.1402117466920181,0.1402117466920181,0.1402117466920181,0.1402117466920181,0.1402117466920181,0.1402117466920181,0.1402117466920181,0.1402117466920181,0.1402117466920181,0.1402117466920181,0.1402117466920181,0.1402117466920181,0.1402117466920181,0.1402117466920181,0.1402117466920181,0.1402117466920181,0.1391353069890518,0.1391353069890518,0.1391353069890518,0.1391353069890518,0.1391353069890518,0.1391353069890518,0.1391353069890518,0.1391353069890518,0.1391353069890518,0.1391353069890518,0.1391353069890518,0.1391353069890518,0.1391353069890518,0.1391353069890518,0.1391353069890518,0.1391353069890518,0.1391353069890518,0.1391353069890518,0.1391353069890518,0.1391353069890518,0.1391353069890518,0.1391353069890518,0.1391353069890518,0.1391353069890518,0.1391353069890518,0.13807980347629997,0.13807980347629997,0.13807980347629997,0.13807980347629997,0.13807980347629997,0.13807980347629997,0.13807980347629997,0.13807980347629997,0.13807980347629997,0.13807980347629997,0.13807980347629997,0.13807980347629997,0.13807980347629997,0.13807980347629997,0.13807980347629997,0.13807980347629997,0.13807980347629997,0.13807980347629997,0.13807980347629997,0.13807980347629997,0.13807980347629997,0.13807980347629997,0.13807980347629997,0.13807980347629997,0.13807980347629997,0.13704476554887599,0.13704476554887599,0.13704476554887599,0.13704476554887599,0.13704476554887599,0.13704476554887599,0.13704476554887599,0.13704476554887599,0.13704476554887599,0.13704476554887599,0.13704476554887599,0.13704476554887599,0.1370447655488781,0.13704476554887599,0.13704476554887599,0.13704476554887599,0.13704476554887599,0.13704476554887599,0.13704476554887599,0.13704476554887599,0.13704476554887599,0.13704476554887599,0.13704476554887599,0.13704476554887599,0.13704476554887599,0.13602973211247782,0.13602973211247782,0.13602973211247782,0.13602973211247782,0.13602973211247782,0.13602973211247782,0.13602973211247782,0.13602973211247782,0.13602973211247782,0.13602973211247782,0.13602973211247782,0.13602973211247782,0.13602973211247782,0.13602973211247782,0.13602973211247782,0.13602973211247782,0.13602973211247782,0.13602973211247782,0.13602973211247782,0.13602973211247782,0.13602973211247782,0.13602973211247782,0.13602973211247782,0.13602973211247782,0.13602973211247782,0.13503425158906404,0.13503425158906404,0.13503425158906404,0.13503425158906404,0.13503425158906404,0.13503425158906404,0.13503425158906404,0.13503425158906404,0.13503425158906404,0.13503425158906404,0.13503425158906404,0.13503425158906404,0.13503425158906404,0.13503425158906404,0.13503425158906404,0.13503425158906404,0.13503425158906404,0.13503425158906404,0.13503425158906404,0.13503425158906404,0.13503425158906404,0.13503425158906404,0.13503425158906404,0.13503425158906404,0.13503425158906404
0.1653324880343759,0.1653324880343759,0.1653324880343759,0.1653324880343759,0.1653324880343759,0.1653324880343759,0.1653324880343759,0.1653324880343759,0.1653324880343759,0.1653324880343759,0.1653324880343759,0.1653324880343759,0.1653324880343759,0.1653324880343759,0.1653324880343759,0.1653324880343759,0.1653324880343759,0.1653324880343759,0.1653324880343759,0.1653324880343759,0.1653324880343759,0.1653324880343759,0.1653324880343759,0.1653324880343759,0.1653324880343759,0.16375749431061887,0.16375749431061887,0.16375749431061887,0.16375749431061887,0.16375749431061887,0.16375749431061887,0.16375749431061887,0.16375749431061887,0.16375749431061887,0.16375749431061887,0.16375749431061887,0.16375749431061887,0.16375749431061887,0.16375749431061887,0.16375749431061887,0.16375749431061887,0.16375749431061887,0.16375749431061887,0.16375749431061887,0.16375749431061887,0.16375749431061887,0.16375749431061887,0.16375749431061887,0.16375749431061887,0.16375749431061887,0.1622138845188483,0.1622138845188483,0.1622138845188483,0.1622138845188483,0.1622138845188483,0.1622138845188483,0.1622138845188483,0.1622138845188483,0.1622138845188483,0.1622138845188483,0.1622138845188483,0.1622138845188483,0.1622138845188483,0.1622138845188483,0.1622138845188483,0.1622138845188483,0.1622138845188483,0.1622138845188483,0.1622138845188483,0.1622138845188483,0.1622138845188483,0.1622138845188483,0.1622138845188483,0.1622138845188483,0.1622138845188483,0.1607010676161041,0.1607010676161041,0.1607010676161041,0.1607010676161041,0.1607010676161041,0.1607010676161041,0.1607010676161041,0.1607010676161041,0.1607010676161041,0.1607010676161041,0.1607010676161041,0.1607010676161041,0.1607010676161041,0.1607010676161041,0.1607010676161041,0.1607010676161041,0.1607010676161041,0.1607010676161041,0.1607010676161041,0.1607010676161041,0.1607010676161041,0.1607010676161041,0.1607010676161041,0.1607010676161041,0.1607010676161041,0.1592184519773646,0.1592184519773646,0.1592184519773646,0.1592184519773646,0.1592184519773646,0.1592184519773646,0.1592184519773646,0.1592184519773646,0.1592184519773646,0.1592184519773646,0.1592184519773646,0.1592184519773646,0.1592184519773646,0.1592184519773646,0.1592184519773646,0.1592184519773646,0.1592184519773646,0.1592184519773646,0.1592184519773646,0.1592184519773646,0.1592184519773646,0.1592184519773646,0.1592184519773646,0.1592184519773646,0.1592184519773646,0.15776544674739587,0.15776544674739587,0.15776544674739587,0.15776544674739587,0.15776544674739587,0.15776544674739587,0.15776544674739587,0.15776544674739587,0.15776544674739587,0.15776544674739587,0.15776544674739587,0.15776544674739587,0.15776544674739587,0.15776544674739587,0.15776544674739587,0.15776544674739587,0.15776544674739587,0.15776544674739587,0.15776544674739587,0.15776544674739587,0.15776544674739587,0.15776544674739587,0.15776544674739587,0.15776544674739587,0.15776544674739587,0.15634146305507632,0.15634146305507632,0.15634146305507632,0.15634146305507632,0.15634146305507632,0.15634146305507632,0.15634146305507632,0.15634146305507632,0.15634146305507632,0.15634146305507632,0.15634146305507632,0.15634146305507632,0.15634146305507632,0.15634146305507632,0.15634146305507632,0.15634146305507632,0.15634146305507632,0.15634146305507632,0.15634146305507632,0.15634146305507632,0.15634146305507632,0.15634146305507632,0.15634146305507632,0.15634146305507632,0.15634146305507632,0.15494591510045638,0.15494591510045638,0.15494591510045638,0.15494591510045638,0.15494591510045638,0.15494591510045638,0.15494591510045638,0.15494591510045638,0.15494591510045638,0.15494591510045638,0.15494591510045638,0.15494591510045638,0.15494591510045638,0.15494591510045638,0.15494591510045638,0.15494591510045638,0.15494591510045638,0.15494591510045638,0.15494591510045638,0.15494591510045638,0.15494591510045638,0.15494591510045638,0.15494591510045638,0.15494591510045638,0.15494591510045638,0.15357822112426267,0.15357822112426267,0.15357822112426267,0.15357822112426267,0.15357822112426267,0.15357822112426267,0.15357822112426267,0.15357822112426267,0.15357822112426267,0.15357822112426267,0.15357822112426267,0.15357822112426267,0.15357822112426267,0.15357822112426267,0.15357822112426267,0.15357822112426267,0.15357822112426267,0.15357822112426267,0.15357822112426267,0.15357822112426267,0.15357822112426267,0.15357822112426267,0.15357822112426267,0.15357822112426267,0.15357822112426267,0.15223780426900133,0.15223780426900133,0.15223780426900133,0.15223780426900133,0.15223780426900133,0.15223780426900133,0.15223780426900133,0.15223780426900133,0.15223780426900133,0.15223780426900133,0.15223780426900133,0.15223780426900133,0.15223780426900133,0.15223780426900133,0.15223780426900133,0.15223780426900133,0.15223780426900133,0.15223780426900133,0.15223780426900133,0.15223780426900133,0.15223780426900133,0.15223780426900133,0.15223780426900133,0.15223780426900133,0.15223780426900133,0.1509240933402633,0.1509240933402633,0.1509240933402633,0.1509240933402633,0.1509240933402633,0.1509240933402633,0.1509240933402633,0.1509240933402633,0.1509240933402633,0.1509240933402633,0.1509240933402633,0.1509240933402633,0.1509240933402633,0.1509240933402633,0.1509240933402633,0.1509240933402633,0.1509240933402633,0.1509240933402633,0.1509240933402633,0.1509240933402633,0.1509240933402633,0.1509240933402633,0.1509240933402633,0.1509240933402633,0.1509240933402633,0.14963652347631387,0.14963652347631387,0.14963652347631387,0.14963652347631387,0.14963652347631387,0.14963652347631387,0.14963652347631387,0.14963652347631387,0.14963652347631387,0.14963652347631387,0.14963652347631387,0.14963652347631387,0.14963652347631387,0.14963652347631387,0.14963652347631387,0.14963652347631387,0.14963652347631387,0.14963652347631387,0.14963652347631387,0.14963652347631387,0.14963652347631387,0.14963652347631387,0.14963652347631387,0.14963652347631387,0.14963652347631387,0.14837453673352122,0.14837453673352122,0.14837453673352122,0.14837453673352122,0.14837453673352122,0.14837453673352122,0.14837453673352122,0.14837453673352122,0.14837453673352122,0.14837453673352122,0.14837453673352122,0.14837453673352122,0.14837453673352122,0.14837453673352122,0.14837453673352122,0.14837453673352122,0.14837453673352122,0.14837453673352122,0.14837453673352122,0.14837453673352122,0.14837453673352122,0.14837453673352122,0.14837453673352122,0.14837453673352122,0.14837453673352122,0.147137582594693,0.147137582594693,0.147137582594693,0.147137582594693,0.147137582594693,0.147137582594693,0.147137582594693,0.147137582594693,0.147137582594693,0.147137582594693,0.147137582594693,0.147137582594693,0.147137582594693,0.147137582594693,0.147137582594693,0.147137582594693,0.147137582594693,0.147137582594693,0.147137582594693,0.147137582594693,0.147137582594693,0.147137582594693,0.147137582594693,0.147137582594693,0.147137582594693,0.14592511840690175,0.14592511840690175,0.14592511840690175,0.14592511840690175,0.14592511840690175,0.14592511840690175,0.14592511840690175,0.14592511840690175,0.14592511840690175,0.14592511840690175,0.14592511840690175,0.14592511840690175,0.14592511840690175,0.14592511840690175,0.14592511840690175,0.14592511840690175,0.14592511840690175,0.14592511840690175,0.14592511840690175,0.14592511840690175,0.14592511840690175,0.14592511840690175,0.14592511840690175,0.14592511840690175,0.14592511840690175,0.14473660975493646,0.14473660975493646,0.14473660975493646,0.14473660975493646,0.14473660975493646,0.14473660975493646,0.14473660975493646,0.14473660975493646,0.14473660975493646,0.14473660975493646,0.14473660975493646,0.14473660975493646,0.14473660975493646,0.14473660975493646,0.14473660975493646,0.14473660975493646,0.14473660975493646,0.14473660975493646,0.14473660975493646,0.14473660975493646,0.14473660975493646,0.14473660975493646,0.14473660975493646,0.14473660975493646,0.14473660975493646,0.14357153077607052,0.14357153077607052,0.14357153077607052,0.14357153077607052,0.14357153077607052,0.14357153077607052,0.14357153077607052,0.14357153077607052,0.14357153077607052,0.14357153077607052,0.14357153077607052,0.14357153077607052,0.14357153077607052,0.14357153077607052,0.14357153077607052,0.14357153077607052,0.14357153077607052,0.14357153077607052,0.14357153077607052,0.14357153077607052,0.14357153077607052,0.14357153077607052,0.14357153077607052,0.14357153077607052,0.14357153077607052,0.14242936442143866,0.14242936442143866,0.14242936442143866,0.14242936442143866,0.14242936442143866,0.14242936442143866,0.14242936442143866,0.14242936442143866,0.14242936442143866,0.14242936442143866,0.14242936442143866,0.14242936442143866,0.14242936442143866,0.14242936442143866,0.14242936442143866,0.14242936442143866,0.14242936442143866,0.14242936442143866,0.14242936442143866,0.14242936442143866,0.14242936442143866,0.14242936442143866,0.14242936442143866,0.14242936442143866,0.14242936442143866,0.14130960266891365,0.14130960266891365,0.14130960266891365,0.14130960266891365,0.14130960266891365,0.14130960266891365,0.14130960266891365,0.14130960266891365,0.14130960266891365,0.14130960266891365,0.14130960266891365,0.14130960266891365,0.14130960266891365,0.14130960266891365,0.14130960266891365,0.14130960266891365,0.14130960266891365,0.14130960266891365,0.14130960266891365,0.14130960266891365,0.14130960266891365,0.14130960266891365,0.14130960266891365,0.14130960266891365,0.14130960266891365,0.1402117466920181,0.1402117466920181,0.1402117466920181,0.1402117466920181,0.1402117466920181,0.1402117466920181,0.1402117466920181,0.1402117466920181,0.1402117466920181,0.1402117466920181,0.1402117466920181,0.1402117466920181,0.1402117466920181,0.1402117466920181,0.1402117466920181,0.1402117466920181,0.1402117466920181,0.1402117466920181,0.1402117466920181,0.1402117466920181,0.1402117466920181,0.1402117466920181,0.1402117466920181,0.1402117466920181,0.1402117466920181,0.1391353069890518,0.1391353069890518,0.1391353069890518,0.1391353069890518,0.1391353069890518,0.1391353069890518,0.1391353069890518,0.1391353069890518,0.1391353069890518,0.1391353069890518,0.1391353069890518,0.1391353069890518,0.1391353069890518,0.1391353069890518,0.1391353069890518,0.1391353069890518,0.1391353069890518,0.1391353069890518,0.1391353069890518,0.1391353069890518,0.1391353069890518,0.1391353069890518,0.1391353069890518,0.1391353069890518,0.1391353069890518,0.13807980347629997,0.13807980347629997,0.13807980347629997,0.13807980347629997,0.13807980347629997,0.13807980347629997,0.13807980347629997,0.13807980347629997,0.13807980347629997,0.13807980347629997,0.13807980347629997,0.13807980347629997,0.13807980347629997,0.13807980347629997,0.13807980347629997,0.13807980347629997,0.13807980347629997,0.13807980347629997,0.13807980347629997,0.13807980347629997,0.13807980347629997,0.13807980347629997,0.13807980347629997,0.13807980347629997,0.13807980347629997,0.13704476554887599,0.13704476554887599,0.13704476554887599,0.13704476554887599,0.13704476554887599,0.13704476554887599,0.13704476554887599,0.13704476554887599,0.13704476554887599,0.13704476554887599,0.13704476554887599,0.13704476554887599,0.1370447655488781,0.13704476554887599,0.13704476554887599,0.13704476554887599,0.13704476554887599,0.13704476554887599,0.13704476554887599,0.13704476554887599,0.13704476554887599,0.13704476554887599,0.13704476554887599,0.13704476554887599,0.13704476554887599,0.13602973211247782,0.13602973211247782,0.13602973211247782,0.13602973211247782,0.13602973211247782,0.13602973211247782,0.13602973211247782,0.13602973211247782,0.13602973211247782,0.13602973211247782,0.13602973211247782,0.13602973211247782,0.13602973211247782,0.13602973211247782,0.13602973211247782,0.13602973211247782,0.13602973211247782,0.13602973211247782,0.13602973211247782,0.13602973211247782,0.13602973211247782,0.13602973211247782,0.13602973211247782,0.13602973211247782,0.13602973211247782,0.13503425158906404,0.13503425158906404,0.13503425158906404,0.13503425158906404,0.13503425158906404,0.13503425158906404,0.13503425158906404,0.13503425158906404,0.13503425158906404,0.13503425158906404,0.13503425158906404,0.13503425158906404,0.13503425158906404,0.13503425158906404,0.13503425158906404,0.13503425158906404,0.13503425158906404,0.13503425158906404,0.13503425158906404,0.13503425158906404,0.13503425158906404,0.13503425158906404,0.13503425158906404,0.13503425158906404,0.13503425158906404
0.1653324880343759,0.1653324880343759,0.1653324880343759,0.1653324880343759,0.1653324880343759,0.1653324880343759,0.1653324880343759,0.1653324880343759,0.1653324880343759,0.1653324880343759,0.1653324880343759,0.1653324880343759,0.1653324880343759,0.1653324880343759,0.1653324880343759,0.1653324880343759,0.1653324880343759,0.1653324880343759,0.1653324880343759,0.1653324880343759,0.1653324880343759,0.1653324880343759,0.1653324880343759,0.1653324880343759,0.1653324880343759,0.16375749431061887,0.16375749431061887,0.16375749431061887,0.16375749431061887,0.16375749431061887,0.16375749431061887,0.16375749431061887,0.16375749431061887,0.16375749431061887,0.16375749431061887,0.16375749431061887,0.16375749431061887,0.16375749431061887,0.16375749431061887,0.16375749431061887,0.16375749431061887,0.16375749431061887,0.16375749431061887,0.16375749431061887,0.16375749431061887,0.16375749431061887,0.16375749431061887,0.16375749431061887,0.16375749431061887,0.16375749431061887,0.1622138845188483,0.1622138845188483,0.1622138845188483,0.1622138845188483,0.1622138845188483,0.1622138845188483,0.1622138845188483,0.1622138845188483,0.1622138845188483,0.1622138845188483,0.1622138845188483,0.1622138845188483,0.1622138845188483,0.1622138845188483,0.1622138845188483,0.1622138845188483,0.1622138845188483,0.1622138845188483,0.1622138845188483,0.1622138845188483,0.1622138845188483,0.1622138845188483,0.1622138845188483,0.1622138845188483,0.1622138845188483,0.1607010676161041,0.1607010676161041,0.1607010676161041,0.1607010676161041,0.1607010676161041,0.1607010676161041,0.1607010676161041,0.1607010676161041,0.1607010676161041,0.1607010676161041,0.1607010676161041,0.1607010676161041,0.1607010676161041,0.1607010676161041,0.1607010676161041,0.1607010676161041,0.1607010676161041,0.1607010676161041,0.1607010676161041,0.1607010676161041,0.1607010676161041,0.1607010676161041,0.1607010676161041,0.1607010676161041,0.1607010676161041,0.1592184519773646,0.1592184519773646,0.1592184519773646,0.1592184519773646,0.1592184519773646,0.1592184519773646,0.1592184519773646,0.1592184519773646,0.1592184519773646,0.1592184519773646,0.1592184519773646,0.1592184519773646,0.1592184519773646,0.1592184519773646,0.1592184519773646,0.1592184519773646,0.1592184519773646,0.1592184519773646,0.1592184519773646,0.1592184519773646,0.1592184519773646,0.1592184519773646,0.1592184519773646,0.1592184519773646,0.1592184519773646,0.15776544674739587,0.15776544674739587,0.15776544674739587,0.15776544674739587,0.15776544674739587,0.15776544674739587,0.15776544674739587,0.15776544674739587,0.15776544674739587,0.15776544674739587,0.15776544674739587,0.15776544674739587,0.15776544674739587,0.15776544674739587,0.15776544674739587,0.15776544674739587,0.15776544674739587,0.15776544674739587,0.15776544674739587,0.15776544674739587,0.15776544674739587,0.15776544674739587,0.15776544674739587,0.15776544674739587,0.15776544674739587,0.15634146305507632,0.15634146305507632,0.15634146305507632,0.15634146305507632,0.15634146305507632,0.15634146305507632,0.15634146305507632,0.15634146305507632,0.15634146305507632,0.15634146305507632,0.15634146305507632,0.15634146305507632,0.15634146305507632,0.15634146305507632,0.15634146305507632,0.15634146305507632,0.15634146305507632,0.15634146305507632,0.15634146305507632,0.15634146305507632,0.15634146305507632,0.15634146305507632,0.15634146305507632,0.15634146305507632,0.15634146305507632,0.15494591510045638,0.15494591510045638,0.15494591510045638,0.15494591510045638,0.15494591510045638,0.15494591510045638,0.15494591510045638,0.15494591510045638,0.15494591510045638,0.15494591510045638,0.15494591510045638,0.15494591510045638,0.15494591510045638,0.15494591510045638,0.15494591510045638,0.15494591510045638,0.15494591510045638,0.15494591510045638,0.15494591510045638,0.15494591510045638,0.15494591510045638,0.15494591510045638,0.15494591510045638,0.15494591510045638,0.15494591510045638,0.15357822112426267,0.15357822112426267,0.15357822112426267,0.15357822112426267,0.15357822112426267,0.15357822112426267,0.15357822112426267,0.15357822112426267,0.15357822112426267,0.15357822112426267,0.15357822112426267,0.15357822112426267,0.15357822112426267,0.15357822112426267,0.15357822112426267,0.15357822112426267,0.15357822112426267,0.15357822112426267,0.15357822112426267,0.15357822112426267,0.15357822112426267,0.15357822112426267,0.15357822112426267,0.15357822112426267,0.15357822112426267,0.15223780426900133,0.15223780426900133,0.15223780426900133,0.15223780426900133,0.15223780426900133,0.15223780426900133,0.15223780426900133,0.15223780426900133,0.15223780426900133,0.15223780426900133,0.15223780426900133,0.15223780426900133,0.15223780426900133,0.15223780426900133,0.15223780426900133,0.15223780426900133,0.15223780426900133,0.15223780426900133,0.15223780426900133,0.15223780426900133,0.15223780426900133,0.15223780426900133,0.15223780426900133,0.15223780426900133,0.15223780426900133,0.1509240933402633,0.1509240933402633,0.1509240933402633,0.1509240933402633,0.1509240933402633,0.1509240933402633,0.1509240933402633,0.1509240933402633,0.1509240933402633,0.1509240933402633,0.1509240933402633,0.1509240933402633,0.1509240933402633,0.1509240933402633,0.1509240933402633,0.1509240933402633,0.1509240933402633,0.1509240933402633,0.1509240933402633,0.1509240933402633,0.1509240933402633,0.1509240933402633,0.1509240933402633,0.1509240933402633,0.1509240933402633,0.14963652347631387,0.14963652347631387,0.14963652347631387,0.14963652347631387,0.14963652347631387,0.14963652347631387,0.14963652347631387,0.14963652347631387,0.14963652347631387,0.14963652347631387,0.14963652347631387,0.14963652347631387,0.14963652347631387,0.14963652347631387,0.14963652347631387,0.14963652347631387,0.14963652347631387,0.14963652347631387,0.14963652347631387,0.14963652347631387,0.14963652347631387,0.14963652347631387,0.14963652347631387,0.14963652347631387,0.14963652347631387,0.14837453673352122,0.14837453673352122,0.14837453673352122,0.14837453673352122,0.14837453673352122,0.14837453673352122,0.14837453673352122,0.14837453673352122,0.14837453673352122,0.14837453673352122,0.14837453673352122,0.14837453673352122,0.14837453673352122,0.14837453673352122,0.14837453673352122,0.14837453673352122,0.14837453673352122,0.14837453673352122,0.14837453673352122,0.14837453673352122,0.14837453673352122,0.14837453673352122,0.14837453673352122,0.14837453673352122,0.14837453673352122,0.147137582594693,0.147137582594693,0.147137582594693,0.147137582594693,0.147137582594693,0.147137582594693,0.147137582594693,0.147137582594693,0.147137582594693,0.147137582594693,0.147137582594693,0.147137582594693,0.147137582594693,0.147137582594693,0.147137582594693,0.147137582594693,0.147137582594693,0.147137582594693,0.147137582594693,0.147137582594693,0.147137582594693,0.147137582594693,0.147137582594693,0.147137582594693,0.147137582594693,0.14592511840690175,0.14592511840690175,0.14592511840690175,0.14592511840690175,0.14592511840690175,0.14592511840690175,0.14592511840690175,0.14592511840690175,0.14592511840690175,0.14592511840690175,0.14592511840690175,0.14592511840690175,0.14592511840690175,0.14592511840690175,0.14592511840690175,0.14592511840690175,0.14592511840690175,0.14592511840690175,0.14592511840690175,0.14592511840690175,0.14592511840690175,0.14592511840690175,0.14592511840690175,0.14592511840690175,0.14592511840690175,0.14473660975493646,0.14473660975493646,0.14473660975493646,0.14473660975493646,0.14473660975493646,0.14473660975493646,0.14473660975493646,0.14473660975493646,0.14473660975493646,0.14473660975493646,0.14473660975493646,0.14473660975493646,0.14473660975493646,0.14473660975493646,0.14473660975493646,0.14473660975493646,0.14473660975493646,0.14473660975493646,0.14473660975493646,0.14473660975493646,0.14473660975493646,0.14473660975493646,0.14473660975493646,0.14473660975493646,0.14473660975493646,0.14357153077607052,0.14357153077607052,0.14357153077607052,0.14357153077607052,0.14357153077607052,0.14357153077607052,0.14357153077607052,0.14357153077607052,0.14357153077607052,0.14357153077607052,0.14357153077607052,0.14357153077607052,0.14357153077607052,0.14357153077607052,0.14357153077607052,0.14357153077607052,0.14357153077607052,0.14357153077607052,0.14357153077607052,0.14357153077607052,0.14357153077607052,0.14357153077607052,0.14357153077607052,0.14357153077607052,0.14357153077607052,0.14242936442143866,0.14242936442143866,0.14242936442143866,0.14242936442143866,0.14242936442143866,0.14242936442143866,0.14242936442143866,0.14242936442143866,0.14242936442143866,0.14242936442143866,0.14242936442143866,0.14242936442143866,0.14242936442143866,0.14242936442143866,0.14242936442143866,0.14242936442143866,0.14242936442143866,0.14242936442143866,0.14242936442143866,0.14242936442143866,0.14242936442143866,0.14242936442143866,0.14242936442143866,0.14242936442143866,0.14242936442143866,0.14130960266891365,0.14130960266891365,0.14130960266891365,0.14130960266891365,0.14130960266891365,0.14130960266891365,0.14130960266891365,0.14130960266891365,0.14130960266891365,0.14130960266891365,0.14130960266891365,0.14130960266891365,0.14130960266891365,0.14130960266891365,0.14130960266891365,0.14130960266891365,0.14130960266891365,0.14130960266891365,0.14130960266891365,0.14130960266891365,0.14130960266891365,0.14130960266891365,0.14130960266891365,0.14130960266891365,0.14130960266891365,0.1402117466920181,0.1402117466920181,0.1402117466920181,0.1402117466920181,0.1402117466920181,0.1402117466920181,0.1402117466920181,0.1402117466920181,0.1402117466920181,0.1402117466920181,0.1402117466920181,0.1402117466920181,0.1402117466920181,0.1402117466920181,0.1402117466920181,0.1402117466920181,0.1402117466920181,0.1402117466920181,0.1402117466920181,0.1402117466920181,0.1402117466920181,0.1402117466920181,0.1402117466920181,0.1402117466920181,0.1402117466920181,0.1391353069890518,0.1391353069890518,0.1391353069890518,0.1391353069890518,0.1391353069890518,0.1391353069890518,0.1391353069890518,0.1391353069890518,0.1391353069890518,0.1391353069890518,0.1391353069890518,0.1391353069890518,0.1391353069890518,0.1391353069890518,0.1391353069890518,0.1391353069890518,0.1391353069890518,0.1391353069890518,0.1391353069890518,0.1391353069890518,0.1391353069890518,0.1391353069890518,0.1391353069890518,0.1391353069890518,0.1391353069890518,0.13807980347629997,0.13807980347629997,0.13807980347629997,0.13807980347629997,0.13807980347629997,0.13807980347629997,0.13807980347629997,0.13807980347629997,0.13807980347629997,0.13807980347629997,0.13807980347629997,0.13807980347629997,0.13807980347629997,0.13807980347629997,0.13807980347629997,0.13807980347629997,0.13807980347629997,0.13807980347629997,0.13807980347629997,0.13807980347629997,0.13807980347629997,0.13807980347629997,0.13807980347629997,0.13807980347629997,0.13807980347629997,0.13704476554887599,0.13704476554887599,0.13704476554887599,0.13704476554887599,0.13704476554887599,0.13704476554887599,0.13704476554887599,0.13704476554887599,0.13704476554887599,0.13704476554887599,0.13704476554887599,0.13704476554887599,0.1370447655488781,0.13704476554887599,0.13704476554887599,0.13704476554887599,0.13704476554887599,0.13704476554887599,0.13704476554887599,0.13704476554887599,0.13704476554887599,0.13704476554887599,0.13704476554887599,0.13704476554887599,0.13704476554887599,0.13602973211247782,0.13602973211247782,0.13602973211247782,0.13602973211247782,0.13602973211247782,0.13602973211247782,0.13602973211247782,0.13602973211247782,0.13602973211247782,0.13602973211247782,0.13602973211247782,0.13602973211247782,0.13602973211247782,0.13602973211247782,0.13602973211247782,0.13602973211247782,0.13602973211247782,0.13602973211247782,0.13602973211247782,0.13602973211247782,0.13602973211247782,0.13602973211247782,0.13602973211247782,0.13602973211247782,0.13602973211247782,0.13503425158906404,0.13503425158906404,0.13503425158906404,0.13503425158906404,0.13503425158906404,0.13503425158906404,0.13503425158906404,0.13503425158906404,0.13503425158906404,0.13503425158906404,0.13503425158906404,0.13503425158906404,0.13503425158906404,0.13503425158906404,0.13503425158906404,0.13503425158906404,0.13503425158906404,0.13503425158906404,0.13503425158906404,0.13503425158906404,0.13503425158906404,0.13503425158906404,0.13503425158906404,0.13503425158906404,0.13503425158906404
0.1653324880343759,0.1653324880343759,0.1653324880343759,0.1653324880343759,0.1653324880343759,0.1653324880343759,0.1653324880343759,0.1653324880343759,0.1653324880343759,0.1653324880343759,0.1653324880343759,0.1653324880343759,0.1653324880343759,0.1653324880343759,0.1653324880343759,0.1653324880343759,0.1653324880343759,0.1653324880343759,0.1653324880343759,0.1653324880343759,0.1653324880343759,0.1653324880343759,0.1653324880343759,0.1653324880343759,0.1653324880343759,0.16375749431061887,0.16375749431061887,0.16375749431061887,0.16375749431061887,0.16375749431061887,0.16375749431061887,0.16375749431061887,0.16375749431061887,0.16375749431061887,0.16375749431061887,0.16375749431061887,0.16375749431061887,0.16375749431061887,0.16375749431061887,0.16375749431061887,0.16375749431061887,0.16375749431061887,0.16375749431061887,0.16375749431061887,0.16375749431061887,0.16375749431061887,0.16375749431061887,0.16375749431061887,0.16375749431061887,0.16375749431061887,0.1622138845188483,0.1622138845188483,0.1622138845188483,0.1622138845188483,0.1622138845188483,0.1622138845188483,0.1622138845188483,0.1622138845188483,0.1622138845188483,0.1622138845188483,0.1622138845188483,0.1622138845188483,0.1622138845188483,0.1622138845188483,0.1622138845188483,0.1622138845188483,0.1622138845188483,0.1622138845188483,0.1622138845188483,0.1622138845188483,0.1622138845188483,0.1622138845188483,0.1622138845188483,0.1622138845188483,0.1622138845188483,0.1607010676161041,0.1607010676161041,0.1607010676161041,0.1607010676161041,0.1607010676161041,0.1607010676161041,0.1607010676161041,0.1607010676161041,0.1607010676161041,0.1607010676161041,0.1607010676161041,0.1607010676161041,0.1607010676161041,0.1607010676161041,0.1607010676161041,0.1607010676161041,0.1607010676161041,0.1607010676161041,0.1607010676161041,0.1607010676161041,0.1607010676161041,0.1607010676161041,0.1607010676161041,0.1607010676161041,0.1607010676161041,0.1592184519773646,0.1592184519773646,0.1592184519773646,0.1592184519773646,0.1592184519773646,0.1592184519773646,0.1592184519773646,0.1592184519773646,0.1592184519773646,0.1592184519773646,0.1592184519773646,0.1592184519773646,0.1592184519773646,0.1592184519773646,0.1592184519773646,0.1592184519773646,0.1592184519773646,0.1592184519773646,0.1592184519773646,0.1592184519773646,0.1592184519773646,0.1592184519773646,0.1592184519773646,0.1592184519773646,0.1592184519773646,0.15776544674739587,0.15776544674739587,0.15776544674739587,0.15776544674739587,0.15776544674739587,0.15776544674739587,0.15776544674739587,0.15776544674739587,0.15776544674739587,0.15776544674739587,0.15776544674739587,0.15776544674739587,0.15776544674739587,0.15776544674739587,0.15776544674739587,0.15776544674739587,0.15776544674739587,0.15776544674739587,0.15776544674739587,0.15776544674739587,0.15776544674739587,0.15776544674739587,0.15776544674739587,0.15776544674739587,0.15776544674739587,0.15634146305507632,0.15634146305507632,0.15634146305507632,0.15634146305507632,0.15634146305507632,0.15634146305507632,0.15634146305507632,0.15634146305507632,0.15634146305507632,0.15634146305507632,0.15634146305507632,0.15634146305507632,0.15634146305507632,0.15634146305507632,0.15634146305507632,0.15634146305507632,0.15634146305507632,0.15634146305507632,0.15634146305507632,0.15634146305507632,0.15634146305507632,0.15634146305507632,0.15634146305507632,0.15634146305507632,0.15634146305507632,0.15494591510045638,0.15494591510045638,0.15494591510045638,0.15494591510045638,0.15494591510045638,0.15494591510045638,0.15494591510045638,0.15494591510045638,0.15494591510045638,0.15494591510045638,0.15494591510045638,0.15494591510045638,0.15494591510045638,0.15494591510045638,0.15494591510045638,0.15494591510045638,0.15494591510045638,0.15494591510045638,0.15494591510045638,0.15494591510045638,0.15494591510045638,0.15494591510045638,0.15494591510045638,0.15494591510045638,0.15494591510045638,0.15357822112426267,0.15357822112426267,0.15357822112426267,0.15357822112426267,0.15357822112426267,0.15357822112426267,0.15357822112426267,0.15357822112426267,0.15357822112426267,0.15357822112426267,0.15357822112426267,0.15357822112426267,0.15357822112426267,0.15357822112426267,0.15357822112426267,0.15357822112426267,0.15357822112426267,0.15357822112426267,0.15357822112426267,0.15357822112426267,0.15357822112426267,0.15357822112426267,0.15357822112426267,0.15357822112426267,0.15357822112426267,0.15223780426900133,0.15223780426900133,0.15223780426900133,0.15223780426900133,0.15223780426900133,0.15223780426900133,0.15223780426900133,0.15223780426900133,0.15223780426900133,0.15223780426900133,0.15223780426900133,0.15223780426900133,0.15223780426900133,0.15223780426900133,0.15223780426900133,0.15223780426900133,0.15223780426900133,0.15223780426900133,0.15223780426900133,0.15223780426900133,0.15223780426900133,0.15223780426900133,0.15223780426900133,0.15223780426900133,0.15223780426900133,0.1509240933402633,0.1509240933402633,0.1509240933402633,0.1509240933402633,0.1509240933402633,0.1509240933402633,0.1509240933402633,0.1509240933402633,0.1509240933402633,0.1509240933402633,0.1509240933402633,0.1509240933402633,0.1509240933402633,0.1509240933402633,0.1509240933402633,0.1509240933402633,0.1509240933402633,0.1509240933402633,0.1509240933402633,0.1509240933402633,0.1509240933402633,0.1509240933402633,0.1509240933402633,0.1509240933402633,0.1509240933402633,0.14963652347631387,0.14963652347631387,0.14963652347631387,0.14963652347631387,0.14963652347631387,0.14963652347631387,0.14963652347631387,0.14963652347631387,0.14963652347631387,0.14963652347631387,0.14963652347631387,0.14963652347631387,0.14963652347631387,0.14963652347631387,0.14963652347631387,0.14963652347631387,0.14963652347631387,0.14963652347631387,0.14963652347631387,0.14963652347631387,0.14963652347631387,0.14963652347631387,0.14963652347631387,0.14963652347631387,0.14963652347631387,0.14837453673352122,0.14837453673352122,0.14837453673352122,0.14837453673352122,0.14837453673352122,0.14837453673352122,0.14837453673352122,0.14837453673352122,0.14837453673352122,0.14837453673352122,0.14837453673352122,0.14837453673352122,0.14837453673352122,0.14837453673352122,0.14837453673352122,0.14837453673352122,0.14837453673352122,0.14837453673352122,0.14837453673352122,0.14837453673352122,0.14837453673352122,0.14837453673352122,0.14837453673352122,0.14837453673352122,0.14837453673352122,0.147137582594693,0.147137582594693,0.147137582594693,0.147137582594693,0.147137582594693,0.147137582594693,0.147137582594693,0.147137582594693,0.147137582594693,0.147137582594693,0.147137582594693,0.147137582594693,0.147137582594693,0.147137582594693,0.147137582594693,0.147137582594693,0.147137582594693,0.147137582594693,0.147137582594693,0.147137582594693,0.147137582594693,0.147137582594693,0.147137582594693,0.147137582594693,0.147137582594693,0.14592511840690175,0.14592511840690175,0.14592511840690175,0.14592511840690175,0.14592511840690175,0.14592511840690175,0.14592511840690175,0.14592511840690175,0.14592511840690175,0.14592511840690175,0.14592511840690175,0.14592511840690175,0.14592511840690175,0.14592511840690175,0.14592511840690175,0.14592511840690175,0.14592511840690175,0.14592511840690175,0.14592511840690175,0.14592511840690175,0.14592511840690175,0.14592511840690175,0.14592511840690175,0.14592511840690175,0.14592511840690175,0.14473660975493646,0.14473660975493646,0.14473660975493646,0.14473660975493646,0.14473660975493646,0.14473660975493646,0.14473660975493646,0.14473660975493646,0.14473660975493646,0.14473660975493646,0.14473660975493646,0.14473660975493646,0.14473660975493646,0.14473660975493646,0.14473660975493646,0.14473660975493646,0.14473660975493646,0.14473660975493646,0.14473660975493646,0.14473660975493646,0.14473660975493646,0.14473660975493646,0.14473660975493646,0.14473660975493646,0.14473660975493646,0.14357153077607052,0.14357153077607052,0.14357153077607052,0.14357153077607052,0.14357153077607052,0.14357153077607052,0.14357153077607052,0.14357153077607052,0.14357153077607052,0.14357153077607052,0.14357153077607052,0.14357153077607052,0.14357153077607052,0.14357153077607052,0.14357153077607052,0.14357153077607052,0.14357153077607052,0.14357153077607052,0.14357153077607052,0.14357153077607052,0.14357153077607052,0.14357153077607052,0.14357153077607052,0.14357153077607052,0.14357153077607052,0.14242936442143866,0.14242936442143866,0.14242936442143866,0.14242936442143866,0.14242936442143866,0.14242936442143866,0.14242936442143866,0.14242936442143866,0.14242936442143866,0.14242936442143866,0.14242936442143866,0.14242936442143866,0.14242936442143866,0.14242936442143866,0.14242936442143866,0.14242936442143866,0.14242936442143866,0.14242936442143866,0.14242936442143866,0.14242936442143866,0.14242936442143866,0.14242936442143866,0.14242936442143866,0.14242936442143866,0.14242936442143866,0.14130960266891365,0.14130960266891365,0.14130960266891365,0.14130960266891365,0.14130960266891365,0.14130960266891365,0.14130960266891365,0.14130960266891365,0.14130960266891365,0.14130960266891365,0.14130960266891365,0.14130960266891365,0.14130960266891365,0.14130960266891365,0.14130960266891365,0.14130960266891365,0.14130960266891365,0.14130960266891365,0.14130960266891365,0.14130960266891365,0.14130960266891365,0.14130960266891365,0.14130960266891365,0.14130960266891365,0.14130960266891365,0.1402117466920181,0.1402117466920181,0.1402117466920181,0.1402117466920181,0.1402117466920181,0.1402117466920181,0.1402117466920181,0.1402117466920181,0.1402117466920181,0.1402117466920181,0.1402117466920181,0.1402117466920181,0.1402117466920181,0.1402117466920181,0.1402117466920181,0.1402117466920181,0.1402117466920181,0.1402117466920181,0.1402117466920181,0.1402117466920181,0.1402117466920181,0.1402117466920181,0.1402117466920181,0.1402117466920181,0.1402117466920181,0.1391353069890518,0.1391353069890518,0.1391353069890518,0.1391353069890518,0.1391353069890518,0.1391353069890518,0.1391353069890518,0.1391353069890518,0.1391353069890518,0.1391353069890518,0.1391353069890518,0.1391353069890518,0.1391353069890518,0.1391353069890518,0.1391353069890518,0.1391353069890518,0.1391353069890518,0.1391353069890518,0.1391353069890518,0.1391353069890518,0.1391353069890518,0.1391353069890518,0.1391353069890518,0.1391353069890518,0.1391353069890518,0.13807980347629997,0.13807980347629997,0.13807980347629997,0.13807980347629997,0.13807980347629997,0.13807980347629997,0.13807980347629997,0.13807980347629997,0.13807980347629997,0.13807980347629997,0.13807980347629997,0.13807980347629997,0.13807980347629997,0.13807980347629997,0.13807980347629997,0.13807980347629997,0.13807980347629997,0.13807980347629997,0.13807980347629997,0.13807980347629997,0.13807980347629997,0.13807980347629997,0.13807980347629997,0.13807980347629997,0.13807980347629997,0.13704476554887599,0.13704476554887599,0.13704476554887599,0.13704476554887599,0.13704476554887599,0.13704476554887599,0.13704476554887599,0.13704476554887599,0.13704476554887599,0.13704476554887599,0.13704476554887599,0.13704476554887599,0.1370447655488781,0.13704476554887599,0.13704476554887599,0.13704476554887599,0.13704476554887599,0.13704476554887599,0.13704476554887599,0.13704476554887599,0.13704476554887599,0.13704476554887599,0.13704476554887599,0.13704476554887599,0.13704476554887599,0.13602973211247782,0.13602973211247782,0.13602973211247782,0.13602973211247782,0.13602973211247782,0.13602973211247782,0.13602973211247782,0.13602973211247782,0.13602973211247782,0.13602973211247782,0.13602973211247782,0.13602973211247782,0.13602973211247782,0.13602973211247782,0.13602973211247782,0.13602973211247782,0.13602973211247782,0.13602973211247782,0.13602973211247782,0.13602973211247782,0.13602973211247782,0.13602973211247782,0.13602973211247782,0.13602973211247782,0.13602973211247782,0.13503425158906404,0.13503425158906404,0.13503425158906404,0.13503425158906404,0.13503425158906404,0.13503425158906404,0.13503425158906404,0.13503425158906404,0.13503425158906404,0.13503425158906404,0.13503425158906404,0.13503425158906404,0.13503425158906404,0.13503425158906404,0.13503425158906404,0.13503425158906404,0.13503425158906404,0.13503425158906404,0.13503425158906404,0.13503425158906404,0.13503425158906404,0.13503425158906404,0.13503425158906404,0.13503425158906404,0.13503425158906404
0.16533248793358113,0.16533248793358113,0.16533248793358113,0.16533248793358113,0.16533248793358113,0.16533248793358113,0.16533248793358113,0.16533248793358113,0.16533248793358113,0.16533248793358113,0.16533248793358113,0.16533248793358113,0.16533248793358113,0.16533248793358113,0.16533248793358113,0.16533248793358113,0.16533248793358113,0.16533248793358113,0.16533248793358113,0.16533248793358113,0.16533248793358113,0.16533248793358113,0.16533248793358113,0.16533248793358113,0.16533248793358113,0.1637574942106477,0.1637574942106477,0.1637574942106477,0.1637574942106477,0.1637574942106477,0.1637574942106477,0.1637574942106477,0.1637574942106477,0.1637574942106477,0.1637574942106477,0.1637574942106477,0.1637574942106477,0.1637574942106477,0.1637574942106477,0.1637574942106477,0.1637574942106477,0.1637574942106477,0.1637574942106477,0.1637574942106477,0.1637574942106477,0.1637574942106477,0.1637574942106477,0.1637574942106477,0.1637574942106477,0.1637574942106477,0.16221388441867005,0.16221388441867005,0.16221388441867005,0.16221388441867005,0.16221388441867005,0.16221388441867005,0.16221388441867005,0.16221388441867005,0.16221388441867005,0.16221388441867005,0.16221388441867005,0.16221388441867005,0.16221388441867005,0.16221388441867005,0.16221388441867005,0.16221388441867005,0.16221388441867005,0.16221388441867005,0.16221388441867005,0.16221388441867005,0.16221388441867005,0.16221388441867005,0.16221388441867005,0.16221388441867005,0.16221388441867005,0.16070106751464813,0.16070106751464813,0.16070106751464813,0.16070106751464813,0.16070106751464813,0.16070106751464813,0.16070106751464813,0.16070106751464813,0.16070106751464813,0.16070106751464813,0.16070106751464813,0.16070106751464813,0.16070106751464813,0.16070106751464813,0.16070106751464813,0.16070106751464813,0.16070106751464813,0.16070106751464813,0.16070106751464813,0.16070106751464813,0.16070106751464813,0.16070106751464813,0.16070106751464813,0.16070106751464813,0.16070106751464813,0.15921845187352238,0.15921845187352238,0.15921845187352238,0.15921845187352238,0.15921845187352238,0.15921845187352238,0.15921845187352238,0.15921845187352238,0.15921845187352238,0.15921845187352238,0.15921845187352238,0.15921845187352238,0.15921845187352238,0.15921845187352238,0.15921845187352238,0.15921845187352238,0.15921845187352238,0.15921845187352238,0.15921845187352238,0.15921845187352238,0.15921845187352238,0.15921845187352238,0.15921845187352238,0.15921845187352238,0.15921845187352238,0.15776544664002642,0.15776544664002617,0.15776544664002617,0.15776544664002617,0.15776544664002642,0.15776544664002617,0.15776544664002617,0.15776544664002617,0.15776544664002617,0.15776544664002617,0.15776544664002617,0.15776544664002617,0.15776544664002617,0.15776544664002617,0.15776544664002617,0.15776544664002617,0.15776544664002617,0.15776544664002617,0.15776544664002617,0.15776544664002617,0.15776544664002642,0.15776544664002617,0.15776544664002617,0.15776544664002617,0.15776544664002642,0.15634146294301118,0.15634146294301118,0.156341462943011,0.15634146294301118,0.15634146294301118,0.15634146294301118,0.156341462943011,0.156341462943011,0.156341462943011,0.15634146294301118,0.156341462943011,0.156341462943011,0.15634146294301074,0.156341462943011,0.156341462943011,0.15634146294301118,0.156341462943011,0.156341462943011,0.156341462943011,0.15634146294301118,0.15634146294301118,0.15634146294301118,0.156341462943011,0.15634146294301118,0.15634146294301118,0.1549459149825088,0.15494591498250837,0.15494591498250798,0.15494591498250837,0.1549459149825088,0.15494591498250837,0.15494591498250798,0.15494591498250757,0.15494591498250798,0.15494591498250837,0.15494591498250798,0.15494591498250757,0.15494591498250737,0.15494591498250757,0.15494591498250798,0.15494591498250837,0.15494591498250798,0.15494591498250757,0.15494591498250798,0.15494591498250837,0.1549459149825088,0.15494591498250837,0.15494591498250798,0.15494591498250837,0.1549459149825088,0.15357822099923885,0.15357822099923765,0.15357822099923663,0.15357822099923765,0.15357822099923885,0.15357822099923765,0.15357822099923624,0.15357822099923524,0.15357822099923624,0.15357822099923765,0.15357822099923663,0.15357822099923524,0.1535782209992344,0.15357822099923524,0.15357822099923663,0.15357822099923765,0.15357822099923624,0.15357822099923524,0.15357822099923624,0.15357822099923765,0.15357822099923885,0.15357822099923765,0.15357822099923663,0.15357822099923765,0.15357822099923885,0.15223780413571644,0.1522378041357123,0.15223780413570975,0.1522378041357123,0.15223780413571644,0.1522378041357123,0.1522378041357082,0.15223780413570542,0.1522378041357082,0.1522378041357123,0.15223780413570975,0.15223780413570542,0.15223780413570287,0.15223780413570542,0.15223780413570975,0.1522378041357123,0.1522378041357082,0.15223780413570542,0.1522378041357082,0.1522378041357123,0.15223780413571644,0.1522378041357123,0.15223780413570975,0.1522378041357123,0.15223780413571644,0.15092409319756558,0.15092409319755326,0.15092409319754554,0.15092409319755326,0.15092409319756558,0.15092409319755326,0.15092409319754033,0.15092409319753222,0.15092409319754033,0.15092409319755326,0.15092409319754554,0.15092409319753222,0.15092409319752392,0.15092409319753222,0.15092409319754554,0.15092409319755326,0.15092409319754033,0.15092409319753222,0.15092409319754033,0.15092409319755326,0.15092409319756558,0.15092409319755326,0.15092409319754554,0.15092409319755326,0.15092409319756558,0.14963652332312008,0.149636523323083,0.14963652332305977,0.149636523323083,0.14963652332312008,0.149636523323083,0.1496365233230435,0.14963652332301872,0.1496365233230435,0.149636523323083,0.14963652332305977,0.14963652332301872,0.1496365233229928,0.14963652332301872,0.14963652332305977,0.149636523323083,0.1496365233230435,0.14963652332301872,0.1496365233230435,0.149636523323083,0.14963652332312008,0.149636523323083,0.14963652332305977,0.149636523323083,0.14963652332312008,0.14837453656888142,0.14837453656877186,0.14837453656870217,0.14837453656877186,0.14837453656888142,0.14837453656877186,0.14837453656865196,0.14837453656857505,0.14837453656865196,0.14837453656877186,0.14837453656870217,0.14837453656857505,0.14837453656849292,0.14837453656857505,0.14837453656870217,0.14837453656877186,0.14837453656865196,0.14837453656857505,0.14837453656865196,0.14837453656877186,0.14837453656888142,0.14837453656877186,0.14837453656870217,0.14837453656877186,0.14837453656888142,0.14713758241792416,0.1471375824176046,0.14713758241739716,0.1471375824176046,0.14713758241792416,0.1471375824176046,0.1471375824172402,0.1471375824169997,0.1471375824172402,0.1471375824176046,0.14713758241739716,0.1471375824169997,0.14713758241673336,0.1471375824169997,0.14713758241739716,0.1471375824176046,0.1471375824172402,0.1471375824169997,0.1471375824172402,0.1471375824176046,0.14713758241792416,0.1471375824176046,0.14713758241739716,0.1471375824176046,0.14713758241792416,0.14592511821790752,0.14592511821699494,0.14592511821638293,0.14592511821699494,0.14592511821790752,0.14592511821699494,0.14592511821589166,0.14592511821512721,0.14592511821589166,0.14592511821699494,0.14592511821638293,0.14592511821512721,0.14592511821422996,0.14592511821512721,0.14592511821638293,0.14592511821699494,0.14592511821589166,0.14592511821512721,0.14592511821589166,0.14592511821699494,0.14592511821790752,0.14592511821699494,0.14592511821638293,0.14592511821699494,0.14592511821790752,0.14473660955501721,0.14473660955249967,0.144736609550721,0.14473660955249967,0.14473660955501721,0.14473660955249967,0.1447366095491946,0.14473660954671072,0.1447366095491946,0.14473660955249967,0.144736609550721,0.14473660954671072,0.14473660954350426,0.14473660954671072,0.144736609550721,0.14473660955249967,0.1447366095491946,0.14473660954671072,0.1447366095491946,0.14473660955249967,0.14473660955501721,0.14473660955249967,0.144736609550721,0.14473660955249967,0.14473660955501721,0.1435715305699847,0.14357153056341876,0.14357153055838445,0.14357153056341876,0.1435715305699847,0.14357153056341876,0.1435715305537514,0.14357153054547314,0.1435715305537514,0.14357153056341876,0.14357153055838445,0.14357153054547314,0.14357153053300276,0.14357153054547314,0.14357153055838445,0.14357153056341876,0.1435715305537514,0.14357153054547314,0.1435715305537514,0.14357153056341876,0.1435715305699847,0.14357153056341876,0.14357153055838445,0.14357153056341876,0.1435715305699847,0.1424293642224801,0.14242936420673222,0.14242936419320787,0.14242936420673222,0.1424293642224801,0.14242936420673222,0.14242936417991134,0.1424293641518107,0.14242936417991134,0.14242936420673222,0.14242936419320787,0.1424293641518107,0.14242936409769913,0.1424293641518107,0.14242936419320787,0.14242936420673222,0.14242936417991134,0.1424293641518107,0.14242936417991134,0.14242936420673222,0.1424293642224801,0.14242936420673222,0.14242936419320787,0.14242936420673222,0.1424293642224801,0.14130960251051186,0.14130960247800275,0.14130960244481122,0.14130960247800275,0.14130960251051186,0.14130960247800275,0.14130960241116547,0.14130960231781667,0.14130960241116547,0.14130960247800275,0.14130960244481122,0.14130960231781667,0.14130960205191168,0.14130960231781667,0.14130960244481122,0.14130960247800275,0.14130960241116547,0.14130960231781667,0.14130960241116547,0.14130960247800275,0.14130960251051186,0.14130960247800275,0.14130960244481122,0.14130960247800275,0.14130960251051186,0.14021174664321104,0.1402117465962802,0.14021174653600077,0.1402117465962802,0.14021174664321104,0.1402117465962802,0.1402117464727503,0.1402117462126936,0.1402117464727503,0.1402117465962802,0.14021174653600077,0.1402117462126936,0.1402117447386751,0.1402117462126936,0.14021174653600077,0.1402117465962802,0.1402117464727503,0.1402117462126936,0.1402117464727503,0.1402117465962802,0.14021174664321104,0.1402117465962802,0.14021174653600077,0.1402117465962802,0.14021174664321104,0.13913530715017083,0.13913530713302658,0.13913530711329708,0.13913530713302658,0.13913530715017083,0.13913530713302658,0.13913530709262553,0.1391353070280694,0.13913530709262553,0.13913530713302658,0.13913530711329708,0.1391353070280694,0.13913530682151742,0.1391353070280694,0.13913530711329708,0.13913530713302658,0.13913530709262553,0.1391353070280694,0.13913530709262553,0.13913530713302658,0.13913530715017083,0.13913530713302658,0.13913530711329708,0.13913530713302658,0.13913530715017083,0.13807980388809393,0.13807980391007074,0.13807980393424898,0.13807980391007074,0.13807980388809393,0.13807980391007074,0.13807980395928923,0.1380798040346789,0.13807980395928923,0.13807980391007074,0.13807980393424898,0.1380798040346789,0.13807980426875746,0.1380798040346789,0.13807980393424898,0.13807980391007074,0.13807980395928923,0.1380798040346789,0.13807980395928923,0.13807980391007074,0.13807980388809393,0.13807980391007074,0.13807980393424898,0.13807980391007074,0.13807980388809393,0.1370447661725224,0.1370447662264025,0.13704476629436269,0.1370447662264025,0.1370447661725224,0.1370447662264025,0.13704476636540777,0.1370447666541958,0.13704476636540777,0.1370447662264025,0.13704476629436269,0.1370447666541958,0.13704476828052214,0.1370447666541958,0.13704476629436269,0.1370447662264025,0.13704476636540777,0.1370447666541958,0.13704476636540777,0.1370447662264025,0.1370447661725224,0.1370447662264025,0.13704476629436269,0.1370447662264025,0.1370447661725224,0.1360297328434664,0.13602973288289605,0.13602973292212325,0.13602973288289605,0.1360297328434664,0.13602973288289605,0.13602973296171172,0.13602973306882643,0.13602973296171172,0.13602973288289605,0.13602973292212325,0.13602973306882643,0.13602973336915655,0.13602973306882643,0.13602973292212325,0.13602973288289605,0.13602973296171172,0.13602973306882643,0.13602973296171172,0.13602973288289605,0.1360297328434664,0.13602973288289605,0.13602973292212325,0.13602973288289605,0.1360297328434664,0.13503425235193411,0.13503425237702665,0.13503425239790212,0.13503425237702665,0.13503425235193411,0.13503425237702665,0.13503425241784736,0.13503425245865708,0.13503425241784736,0.13503425237702665,0.13503425239790212,0.13503425245865708,0.13503425253338047,0.13503425245865708,0.13503425239790212,0.13503425237702665,0.13503425241784736,0.13503425245865708,0.13503425241784736,0.13503425237702665,0.13503425235193411,0.13503425237702665,0.13503425239790212,0.13503425237702665,0.13503425235193411
0.16533248784933333,0.16533248784933333,0.16533248784933333,0.16533248784933333,0.16533248784933333,0.16533248784933333,0.16533248784933333,0.16533248784933333,0.16533248784933333,0.16533248784933333,0.16533248784933333,0.16533248784933333,0.16533248784933333,0.16533248784933333,0.16533248784933333,0.16533248784933333,0.16533248784933333,0.16533248784933333,0.16533248784933333,0.16533248784933333,0.16533248784933333,0.16533248784933333,0.16533248784933333,0.16533248784933333,0.16533248784933333,0.16375749412876095,0.16375749412876095,0.16375749412876095,0.16375749412876095,0.16375749412876095,0.16375749412876095,0.16375749412876095,0.16375749412876095,0.16375749412876095,0.16375749412876095,0.16375749412876095,0.16375749412876095,0.16375749412876095,0.16375749412876095,0.16375749412876095,0.16375749412876095,0.16375749412876095,0.16375749412876095,0.16375749412876095,0.16375749412876095,0.16375749412876095,0.16375749412876095,0.16375749412876095,0.16375749412876095,0.16375749412876095,0.16221388433968453,0.16221388433968453,0.16221388433968453,0.16221388433968453,0.16221388433968453,0.16221388433968453,0.16221388433968453,0.16221388433968453,0.16221388433968453,0.16221388433968453,0.16221388433968453,0.16221388433968453,0.16221388433968453,0.16221388433968453,0.16221388433968453,0.16221388433968453,0.16221388433968453,0.16221388433968453,0.16221388433968453,0.16221388433968453,0.16221388433968453,0.16221388433968453,0.16221388433968453,0.16221388433968453,0.16221388433968453,0.16070106743913412,0.16070106743913412,0.16070106743913412,0.16070106743913412,0.16070106743913412,0.16070106743913412,0.16070106743913412,0.16070106743913412,0.16070106743913412,0.16070106743913412,0.16070106743913412,0.16070106743913412,0.16070106743913412,0.16070106743913412,0.16070106743913412,0.16070106743913412,0.16070106743913412,0.16070106743913412,0.16070106743913412,0.16070106743913412,0.16070106743913412,0.16070106743913412,0.16070106743913412,0.16070106743913412,0.16070106743913412,0.1592184518020829,0.1592184518020829,0.1592184518020829,0.1592184518020829,0.1592184518020829,0.1592184518020829,0.1592184518020829,0.1592184518020829,0.1592184518020829,0.1592184518020829,0.1592184518020829,0.1592184518020829,0.1592184518020829,0.1592184518020829,0.1592184518020829,0.1592184518020829,0.1592184518020829,0.1592184518020829,0.1592184518020829,0.1592184518020829,0.1592184518020829,0.1592184518020829,0.1592184518020829,0.1592184518020829,0.1592184518020829,0.1577654465732987,0.1577654465732987,0.1577654465732987,0.1577654465732987,0.1577654465732987,0.1577654465732987,0.1577654465732987,0.15776544657329847,0.1577654465732987,0.1577654465732987,0.1577654465732987,0.15776544657329847,0.15776544657329847,0.15776544657329847,0.1577654465732987,0.1577654465732987,0.1577654465732987,0.15776544657329847,0.1577654465732987,0.1577654465732987,0.1577654465732987,0.1577654465732987,0.1577654465732987,0.1577654465732987,0.1577654465732987,0.15634146288166742,0.15634146288166717,0.156341462881667,0.15634146288166717,0.15634146288166742,0.15634146288166717,0.156341462881667,0.156341462881667,0.156341462881667,0.15634146288166717,0.156341462881667,0.156341462881667,0.15634146288166678,0.156341462881667,0.156341462881667,0.15634146288166717,0.156341462881667,0.156341462881667,0.156341462881667,0.15634146288166717,0.15634146288166742,0.15634146288166717,0.156341462881667,0.15634146288166717,0.15634146288166742,0.15494591492725465,0.15494591492725424,0.154945914927254,0.15494591492725424,0.15494591492725465,0.15494591492725424,0.15494591492725385,0.1549459149272534,0.15494591492725385,0.15494591492725424,0.154945914927254,0.1549459149272534,0.1549459149272532,0.1549459149272534,0.154945914927254,0.15494591492725424,0.15494591492725385,0.1549459149272534,0.15494591492725385,0.15494591492725424,0.15494591492725465,0.15494591492725424,0.154945914927254,0.15494591492725424,0.15494591492725465,0.15357822095081175,0.15357822095081033,0.15357822095080956,0.15357822095081033,0.15357822095081175,0.15357822095081033,0.15357822095080895,0.15357822095080814,0.15357822095080895,0.15357822095081033,0.15357822095080956,0.15357822095080814,0.15357822095080734,0.15357822095080814,0.15357822095080956,0.15357822095081033,0.15357822095080895,0.15357822095080814,0.15357822095080895,0.15357822095081033,0.15357822095081175,0.15357822095081033,0.15357822095080956,0.15357822095081033,0.15357822095081175,0.1522378040948784,0.15223780409487425,0.1522378040948717,0.15223780409487425,0.1522378040948784,0.15223780409487425,0.15223780409486992,0.15223780409486737,0.15223780409486992,0.15223780409487425,0.1522378040948717,0.15223780409486737,0.1522378040948646,0.15223780409486737,0.1522378040948717,0.15223780409487425,0.15223780409486992,0.15223780409486737,0.15223780409486992,0.15223780409487425,0.1522378040948784,0.15223780409487425,0.1522378040948717,0.15223780409487425,0.1522378040948784,0.15092409316509237,0.15092409316508,0.1509240931650723,0.15092409316508,0.15092409316509237,0.15092409316508,0.15092409316506708,0.15092409316505898,0.15092409316506708,0.15092409316508,0.1509240931650723,0.15092409316505898,0.15092409316505068,0.15092409316505898,0.1509240931650723,0.15092409316508,0.15092409316506708,0.15092409316505898,0.15092409316506708,0.15092409316508,0.15092409316509237,0.15092409316508,0.1509240931650723,0.15092409316508,0.15092409316509237,0.14963652329978616,0.1496365232997491,0.14963652329972585,0.1496365232997491,0.14963652329978616,0.1496365232997491,0.1496365232997096,0.14963652329968483,0.1496365232997096,0.1496365232997491,0.14963652329972585,0.14963652329968483,0.14963652329965874,0.14963652329968483,0.14963652329972585,0.1496365232997491,0.1496365232997096,0.14963652329968483,0.1496365232997096,0.1496365232997491,0.14963652329978616,0.1496365232997491,0.14963652329972585,0.1496365232997491,0.14963652329978616,0.1483745365554372,0.14837453655532784,0.14837453655525817,0.14837453655532784,0.1483745365554372,0.14837453655532784,0.14837453655520794,0.14837453655513083,0.14837453655520794,0.14837453655532784,0.14837453655525817,0.14837453655513083,0.14837453655504837,0.14837453655513083,0.14837453655525817,0.14837453655532784,0.14837453655520794,0.14837453655513083,0.14837453655520794,0.14837453655532784,0.1483745365554372,0.14837453655532784,0.14837453655525817,0.14837453655532784,0.1483745365554372,0.14713758241506647,0.14713758241474784,0.14713758241454056,0.14713758241474784,0.14713758241506647,0.14713758241474784,0.1471375824143831,0.14713758241414185,0.1471375824143831,0.14713758241474784,0.14713758241454056,0.14713758241414185,0.14713758241387445,0.14713758241414185,0.14713758241454056,0.14713758241474784,0.1471375824143831,0.14713758241414185,0.1471375824143831,0.14713758241474784,0.14713758241506647,0.14713758241474784,0.14713758241454056,0.14713758241474784,0.14713758241506647,0.14592511822623985,0.14592511822533277,0.1459251182247222,0.14592511822533277,0.14592511822623985,0.14592511822533277,0.1459251182242288,0.1459251182234617,0.1459251182242288,0.14592511822533277,0.1459251182247222,0.1459251182234617,0.14592511822255927,0.1459251182234617,0.1459251182247222,0.14592511822533277,0.1459251182242288,0.1459251182234617,0.1459251182242288,0.14592511822533277,0.14592511822623985,0.14592511822533277,0.1459251182247222,0.14592511822533277,0.14592511822623985,0.1447366095749976,0.14473660957250728,0.14473660957073403,0.14473660957250728,0.1447366095749976,0.14473660957250728,0.14473660956920062,0.1447366095667049,0.14473660956920062,0.14473660957250728,0.14473660957073403,0.1447366095667049,0.1447366095634743,0.1447366095667049,0.14473660957073403,0.14473660957250728,0.14473660956920062,0.1447366095667049,0.14473660956920062,0.14473660957250728,0.1447366095749976,0.14473660957250728,0.14473660957073403,0.14473660957250728,0.1447366095749976,0.14357153060196742,0.14357153059540045,0.14357153059038255,0.14357153059540045,0.14357153060196742,0.14357153059540045,0.14357153058573088,0.14357153057739358,0.14357153058573088,0.14357153059540045,0.14357153059038255,0.14357153057739358,0.14357153056480837,0.14357153057739358,0.14357153059038255,0.14357153059540045,0.14357153058573088,0.14357153057739358,0.14357153058573088,0.14357153059540045,0.14357153060196742,0.14357153059540045,0.14357153059038255,0.14357153059540045,0.14357153060196742,0.14242936426704694,0.14242936425106756,0.14242936423733654,0.14242936425106756,0.14242936426704694,0.14242936425106756,0.14242936422401484,0.14242936419562033,0.14242936422401484,0.14242936425106756,0.14242936423733654,0.14242936419562033,0.1424293641409367,0.14242936419562033,0.14242936423733654,0.14242936425106756,0.14242936422401484,0.14242936419562033,0.14242936422401484,0.14242936425106756,0.14242936426704694,0.14242936425106756,0.14242936423733654,0.14242936425106756,0.14242936426704694,0.14130960256786831,0.14130960253494984,0.14130960250137495,0.14130960253494984,0.14130960256786831,0.14130960253494984,0.1413096024672442,0.14130960237291665,0.1413096024672442,0.14130960253494984,0.14130960250137495,0.14130960237291665,0.14130960210405044,0.14130960237291665,0.14130960250137495,0.14130960253494984,0.1413096024672442,0.14130960237291665,0.1413096024672442,0.14130960253494984,0.14130960256786831,0.14130960253494984,0.14130960250137495,0.14130960253494984,0.14130960256786831,0.14021174671353115,0.1402117466660414,0.1402117466050583,0.1402117466660414,0.14021174671353115,0.1402117466660414,0.14021174654105187,0.14021174627797459,0.14021174654105187,0.1402117466660414,0.1402117466050583,0.14021174627797459,0.14021174478482115,0.14021174627797459,0.1402117466050583,0.1402117466660414,0.14021174654105187,0.14021174627797459,0.14021174654105187,0.1402117466660414,0.14021174671353115,0.1402117466660414,0.1402117466050583,0.1402117466660414,0.14021174671353115,0.1391353072334719,0.13913530721612086,0.13913530719615924,0.13913530721612086,0.1391353072334719,0.13913530721612086,0.13913530717524167,0.1391353071099399,0.13913530717524167,0.13913530721612086,0.13913530719615924,0.1391353071099399,0.1391353069010597,0.1391353071099399,0.13913530719615924,0.13913530721612086,0.13913530717524167,0.1391353071099399,0.13913530717524167,0.13913530721612086,0.1391353072334719,0.13913530721612086,0.13913530719615924,0.13913530721612086,0.1391353072334719,0.13807980398319275,0.13807980400541253,0.13807980402986006,0.13807980400541253,0.13807980398319275,0.13807980400541253,0.1380798040551799,0.1380798041314142,0.1380798040551799,0.13807980400541253,0.13807980402986006,0.1380798041314142,0.13807980436810802,0.1380798041314142,0.13807980402986006,0.13807980400541253,0.1380798040551799,0.1380798041314142,0.1380798040551799,0.13807980400541253,0.13807980398319275,0.13807980400541253,0.13807980402986006,0.13807980400541253,0.13807980398319275,0.13704476627682532,0.13704476633131146,0.13704476640003793,0.13704476633131146,0.13704476627682532,0.13704476633131146,0.1370447664718884,0.1370447667639459,0.1370447664718884,0.13704476633131146,0.13704476640003793,0.1370447667639459,0.13704476841105642,0.1370447667639459,0.13704476640003793,0.13704476633131146,0.1370447664718884,0.1370447667639459,0.1370447664718884,0.13704476633131146,0.13704476627682532,0.13704476633131146,0.13704476640003793,0.13704476633131146,0.13704476627682532,0.13602973295317747,0.13602973299304463,0.1360297330327023,0.13602973299304463,0.13602973295317747,0.13602973299304463,0.13602973307274135,0.13602973318101344,0.13602973307274135,0.13602973299304463,0.1360297330327023,0.13602973318101344,0.1360297334846834,0.13602973318101344,0.1360297330327023,0.13602973299304463,0.13602973307274135,0.13602973318101344,0.13602973307274135,0.13602973299304463,0.13602973295317747,0.13602973299304463,0.1360297330327023,0.13602973299304463,0.13602973295317747,0.13503425246322587,0.13503425248858458,0.13503425250968348,0.13503425248858458,0.13503425246322587,0.13503425248858458,0.1350342525298196,0.13503425257105997,0.1350342525298196,0.13503425248858458,0.13503425250968348,0.13503425257105997,0.13503425264659602,0.13503425257105997,0.13503425250968348,0.13503425248858458,0.1350342525298196,0.13503425257105997,0.1350342525298196,0.13503425248858458,0.13503425246322587,0.13503425248858458,0.13503425250968348,0.13503425248858458,0.13503425246322587
0.16533248781831508,0.16533248781831508,0.16533248781831508,0.16533248781831508,0.16533248781831508,0.16533248781831508,0.16533248781831508,0.16533248781831508,0.16533248781831508,0.16533248781831508,0.16533248781831508,0.16533248781831508,0.16533248781831508,0.16533248781831508,0.16533248781831508,0.16533248781831508,0.16533248781831508,0.16533248781831508,0.16533248781831508,0.16533248781831508,0.16533248781831508,0.16533248781831508,0.16533248781831508,0.16533248781831508,0.16533248781831508,0.16375749409868373,0.16375749409868373,0.16375749409868373,0.16375749409868373,0.16375749409868373,0.16375749409868373,0.16375749409868373,0.16375749409868373,0.16375749409868373,0.16375749409868373,0.16375749409868373,0.16375749409868373,0.16375749409868373,0.16375749409868373,0.16375749409868373,0.16375749409868373,0.16375749409868373,0.16375749409868373,0.16375749409868373,0.16375749409868373,0.16375749409868373,0.16375749409868373,0.16375749409868373,0.16375749409868373,0.16375749409868373,0.16221388431080974,0.16221388431080974,0.16221388431080974,0.16221388431080974,0.16221388431080974,0.16221388431080974,0.16221388431080974,0.16221388431080974,0.16221388431080974,0.16221388431080974,0.16221388431080974,0.16221388431080974,0.16221388431080974,0.16221388431080974,0.16221388431080974,0.16221388431080974,0.16221388431080974,0.16221388431080974,0.16221388431080974,0.16221388431080974,0.16221388431080974,0.16221388431080974,0.16221388431080974,0.16221388431080974,0.16221388431080974,0.16070106741173001,0.16070106741173001,0.16070106741173001,0.16070106741173001,0.16070106741173001,0.16070106741173001,0.16070106741173001,0.16070106741173001,0.16070106741173001,0.16070106741173001,0.16070106741173001,0.16070106741173001,0.16070106741173001,0.16070106741173001,0.16070106741173001,0.16070106741173001,0.16070106741173001,0.16070106741173001,0.16070106741173001,0.16070106741173001,0.16070106741173001,0.16070106741173001,0.16070106741173001,0.16070106741173001,0.16070106741173001,0.15921845177642086,0.15921845177642086,0.15921845177642086,0.15921845177642086,0.15921845177642086,0.15921845177642086,0.15921845177642086,0.15921845177642086,0.15921845177642086,0.15921845177642086,0.15921845177642086,0.15921845177642086,0.15921845177642086,0.15921845177642086,0.15921845177642086,0.15921845177642086,0.15921845177642086,0.15921845177642086,0.15921845177642086,0.15921845177642086,0.15921845177642086,0.15921845177642086,0.15921845177642086,0.15921845177642086,0.15921845177642086,0.1577654465496498,0.1577654465496496,0.1577654465496496,0.1577654465496496,0.1577654465496498,0.1577654465496496,0.1577654465496496,0.1577654465496496,0.1577654465496496,0.1577654465496496,0.1577654465496496,0.1577654465496496,0.1577654465496496,0.1577654465496496,0.1577654465496496,0.1577654465496496,0.1577654465496496,0.1577654465496496,0.1577654465496496,0.1577654465496496,0.1577654465496498,0.1577654465496496,0.1577654465496496,0.1577654465496496,0.1577654465496498,0.15634146286029793,0.15634146286029776,0.15634146286029776,0.15634146286029776,0.15634146286029793,0.15634146286029776,0.15634146286029751,0.15634146286029751,0.15634146286029751,0.15634146286029776,0.15634146286029776,0.15634146286029751,0.1563414628602973,0.15634146286029751,0.15634146286029776,0.15634146286029776,0.15634146286029751,0.15634146286029751,0.15634146286029751,0.15634146286029776,0.15634146286029793,0.15634146286029776,0.15634146286029776,0.15634146286029776,0.15634146286029793,0.154945914908422,0.1549459149084214,0.1549459149084212,0.1549459149084214,0.154945914908422,0.1549459149084214,0.15494591490842097,0.15494591490842077,0.15494591490842097,0.1549459149084214,0.1549459149084212,0.15494591490842077,0.15494591490842036,0.15494591490842077,0.1549459149084212,0.1549459149084214,0.15494591490842097,0.15494591490842077,0.15494591490842097,0.1549459149084214,0.154945914908422,0.1549459149084214,0.1549459149084212,0.1549459149084214,0.154945914908422,0.15357822093475837,0.15357822093475695,0.15357822093475615,0.15357822093475695,0.15357822093475837,0.15357822093475695,0.15357822093475557,0.15357822093475476,0.15357822093475557,0.15357822093475695,0.15357822093475615,0.15357822093475476,0.15357822093475396,0.15357822093475476,0.15357822093475615,0.15357822093475695,0.15357822093475557,0.15357822093475476,0.15357822093475557,0.15357822093475695,0.15357822093475837,0.15357822093475695,0.15357822093475615,0.15357822093475695,0.15357822093475837,0.15223780408182694,0.15223780408182283,0.15223780408182028,0.15223780408182283,0.15223780408182694,0.15223780408182283,0.1522378040818185,0.15223780408181592,0.1522378040818185,0.15223780408182283,0.15223780408182028,0.15223780408181592,0.15223780408181317,0.15223780408181592,0.15223780408182028,0.15223780408182283,0.1522378040818185,0.15223780408181592,0.1522378040818185,0.15223780408182283,0.15223780408182694,0.15223780408182283,0.15223780408182028,0.15223780408182283,0.15223780408182694,0.15092409315523955,0.15092409315522698,0.1509240931552193,0.15092409315522698,0.15092409315523955,0.15092409315522698,0.15092409315521407,0.15092409315520597,0.15092409315521407,0.15092409315522698,0.1509240931552193,0.15092409315520597,0.15092409315519767,0.15092409315520597,0.1509240931552193,0.15092409315522698,0.15092409315521407,0.15092409315520597,0.15092409315521407,0.15092409315522698,0.15092409315523955,0.15092409315522698,0.1509240931552193,0.15092409315522698,0.15092409315523955,0.14963652329329608,0.149636523293259,0.14963652329323593,0.149636523293259,0.14963652329329608,0.149636523293259,0.14963652329321966,0.1496365232931947,0.14963652329321966,0.149636523293259,0.14963652329323593,0.1496365232931947,0.14963652329316862,0.1496365232931947,0.14963652329323593,0.149636523293259,0.14963652329321966,0.1496365232931947,0.14963652329321966,0.149636523293259,0.14963652329329608,0.149636523293259,0.14963652329323593,0.149636523293259,0.14963652329329608,0.1483745365524354,0.14837453655232644,0.14837453655225694,0.14837453655232644,0.1483745365524354,0.14837453655232644,0.14837453655220653,0.14837453655212923,0.14837453655220653,0.14837453655232644,0.14837453655225694,0.14837453655212923,0.14837453655204658,0.14837453655212923,0.14837453655225694,0.14837453655232644,0.14837453655220653,0.14837453655212923,0.14837453655220653,0.14837453655232644,0.1483745365524354,0.14837453655232644,0.14837453655225694,0.14837453655232644,0.1483745365524354,0.1471375824156327,0.14713758241531608,0.14713758241510935,0.14713758241531608,0.1471375824156327,0.14713758241531608,0.14713758241495115,0.14713758241470953,0.14713758241495115,0.14713758241531608,0.14713758241510935,0.14713758241470953,0.14713758241444086,0.14713758241470953,0.14713758241510935,0.14713758241531608,0.14713758241495115,0.14713758241470953,0.14713758241495115,0.14713758241531608,0.1471375824156327,0.14713758241531608,0.14713758241510935,0.14713758241531608,0.1471375824156327,0.14592511823039944,0.14592511822950144,0.14592511822889265,0.14592511822950127,0.14592511823039944,0.14592511822950144,0.14592511822839674,0.14592511822762663,0.14592511822839674,0.14592511822950144,0.14592511822889265,0.14592511822762663,0.14592511822671847,0.14592511822762663,0.14592511822889265,0.14592511822950127,0.14592511822839674,0.14592511822762663,0.14592511822839674,0.14592511822950144,0.14592511823039944,0.14592511822950144,0.14592511822889265,0.14592511822950144,0.14592511823039944,0.14473660958275109,0.1447366095802557,0.14473660957848752,0.1447366095802557,0.14473660958275109,0.1447366095802557,0.14473660957694537,0.14473660957443396,0.14473660957694537,0.1447366095802557,0.14473660957848752,0.14473660957443396,0.14473660957117687,0.14473660957443396,0.14473660957848752,0.1447366095802557,0.14473660957694537,0.14473660957443396,0.14473660957694537,0.1447366095802557,0.14473660958275109,0.1447366095802557,0.14473660957848752,0.1447366095802557,0.14473660958275109,0.14357153061338115,0.14357153060673378,0.14357153060166267,0.14357153060673378,0.14357153061338115,0.14357153060673378,0.14357153059698616,0.14357153058856825,0.14357153059698616,0.14357153060673378,0.14357153060166267,0.14357153058856825,0.14357153057586006,0.14357153058856825,0.14357153060166267,0.14357153060673378,0.14357153059698616,0.14357153058856825,0.14357153059698616,0.14357153060673378,0.14357153061338115,0.14357153060673378,0.14357153060166267,0.14357153060673378,0.14357153061338115,0.1424293642821193,0.14242936426596461,0.1424293642520714,0.14242936426596461,0.1424293642821193,0.14242936426596461,0.14242936423862773,0.14242936420993965,0.14242936423862773,0.14242936426596461,0.1424293642520714,0.14242936420993965,0.14242936415469384,0.14242936420993965,0.1424293642520714,0.14242936426596461,0.14242936423862773,0.14242936420993965,0.14242936423862773,0.14242936426596461,0.1424293642821193,0.14242936426596461,0.1424293642520714,0.14242936426596461,0.1424293642821193,0.14130960258671804,0.14130960255344616,0.14130960251951932,0.14130960255344616,0.14130960258671804,0.14130960255344616,0.1413096024850009,0.14130960238971108,0.1413096024850009,0.14130960255344616,0.14130960251951932,0.14130960238971108,0.14130960211806226,0.14130960238971108,0.14130960251951932,0.14130960255344616,0.1413096024850009,0.14130960238971108,0.1413096024850009,0.14130960255344616,0.14130960258671804,0.14130960255344616,0.14130960251951932,0.14130960255344616,0.14130960258671804,0.14021174673656436,0.14021174668857375,0.14021174662695177,0.14021174668857375,0.14021174673656436,0.14021174668857375,0.14021174656226953,0.14021174629643918,0.14021174656226953,0.14021174668857375,0.14021174662695177,0.14021174629643918,0.14021174478780968,0.14021174629643918,0.14021174662695177,0.14021174668857375,0.14021174656226953,0.14021174629643918,0.14021174656226953,0.14021174668857375,0.14021174673656436,0.14021174668857375,0.14021174662695177,0.14021174668857375,0.14021174673656436,0.13913530726132806,0.13913530724379328,0.13913530722362172,0.13913530724379328,0.13913530726132806,0.13913530724379328,0.1391353072024837,0.1391353071364995,0.1391353072024837,0.13913530724379328,0.13913530722362172,0.1391353071364995,0.1391353069254526,0.1391353071364995,0.13913530722362172,0.13913530724379328,0.1391353072024837,0.1391353071364995,0.1391353072024837,0.13913530724379328,0.13913530726132806,0.13913530724379328,0.13913530722362172,0.13913530724379328,0.13913530726132806,0.13807980401579315,0.13807980403824177,0.138079804062942,0.13807980403824177,0.13807980401579315,0.13807980403824177,0.13807980408852338,0.13807980416554658,0.13807980408852338,0.13807980403824177,0.138079804062942,0.13807980416554658,0.13807980440468878,0.13807980416554658,0.138079804062942,0.13807980403824177,0.13807980408852338,0.13807980416554658,0.13807980408852338,0.13807980403824177,0.13807980401579315,0.13807980403824177,0.138079804062942,0.13807980403824177,0.13807980401579315,0.13704476631317383,0.13704476636822435,0.13704476643766328,0.13704476636822435,0.13704476631317383,0.13704476636822435,0.1370447665102595,0.13704476680534852,0.1370447665102595,0.13704476636822435,0.13704476643766328,0.13704476680534852,0.13704476846950256,0.13704476680534852,0.13704476643766328,0.13704476636822435,0.1370447665102595,0.13704476680534852,0.1370447665102595,0.13704476636822435,0.13704476631317383,0.13704476636822435,0.13704476643766328,0.13704476636822435,0.13704476631317383,0.13602973299151896,0.13602973303179783,0.13602973307186403,0.13602973303179783,0.13602973299151896,0.13602973303179783,0.1360297331123191,0.13602973322170248,0.1360297331123191,0.13602973303179783,0.13602973307186403,0.13602973322170248,0.13602973352851067,0.13602973322170248,0.13602973307186403,0.13602973303179783,0.1360297331123191,0.13602973322170248,0.1360297331123191,0.13602973303179783,0.13602973299151896,0.13602973303179783,0.13602973307186403,0.13602973303179783,0.13602973299151896,0.13503425250205714,0.13503425252767512,0.13503425254899004,0.13503425252767512,0.13503425250205714,0.13503425252767512,0.13503425256932752,0.13503425261098864,0.13503425256932752,0.13503425252767512,0.13503425254899004,0.13503425261098864,0.13503425268730104,0.13503425261098864,0.13503425254899004,0.13503425252767512,0.13503425256932752,0.13503425261098864,0.13503425256932752,0.13503425252767512,0.13503425250205714,0.13503425252767512,0.13503425254899004,0.13503425252767512,0.13503425250205714
0.16533248780681306,0.16533248780681306,0.16533248780681306,0.16533248780681306,0.16533248780681306,0.16533248780681306,0.16533248780681306,0.16533248780681306,0.16533248780681306,0.16533248780681306,0.16533248780681306,0.16533248780681306,0.16533248780681306,0.16533248780681306,0.16533248780681306,0.16533248780681306,0.16533248780681306,0.16533248780681306,0.16533248780681306,0.16533248780681306,0.16533248780681306,0.16533248780681306,0.16533248780681306,0.16533248780681306,0.16533248780681306,0.16375749408751827,0.16375749408751805,0.16375749408751805,0.16375749408751805,0.16375749408751827,0.16375749408751805,0.16375749408751805,0.16375749408751805,0.16375749408751805,0.16375749408751805,0.16375749408751805,0.16375749408751805,0.16375749408751805,0.16375749408751805,0.16375749408751805,0.16375749408751805,0.16375749408751805,0.16375749408751805,0.16375749408751805,0.16375749408751805,0.16375749408751827,0.16375749408751805,0.16375749408751805,0.16375749408751805,0.16375749408751827,0.16221388430006686,0.16221388430006686,0.16221388430006686,0.16221388430006686,0.16221388430006686,0.16221388430006686,0.16221388430006686,0.16221388430006686,0.16221388430006686,0.16221388430006686,0.16221388430006686,0.16221388430006686,0.16221388430006686,0.16221388430006686,0.16221388430006686,0.16221388430006686,0.16221388430006686,0.16221388430006686,0.16221388430006686,0.16221388430006686,0.16221388430006686,0.16221388430006686,0.16221388430006686,0.16221388430006686,0.16221388430006686,0.16070106740149787,0.16070106740149787,0.16070106740149787,0.16070106740149787,0.16070106740149787,0.16070106740149787,0.16070106740149787,0.16070106740149787,0.16070106740149787,0.16070106740149787,0.16070106740149787,0.16070106740149787,0.16070106740149787,0.16070106740149787,0.16070106740149787,0.16070106740149787,0.16070106740149787,0.16070106740149787,0.16070106740149787,0.16070106740149787,0.16070106740149787,0.16070106740149787,0.16070106740149787,0.16070106740149787,0.16070106740149787,0.15921845176678842,0.15921845176678842,0.1592184517667882,0.15921845176678842,0.15921845176678842,0.15921845176678842,0.1592184517667882,0.1592184517667882,0.1592184517667882,0.15921845176678842,0.1592184517667882,0.1592184517667882,0.1592184517667882,0.1592184517667882,0.1592184517667882,0.15921845176678842,0.1592184517667882,0.1592184517667882,0.1592184517667882,0.15921845176678842,0.15921845176678842,0.15921845176678842,0.1592184517667882,0.15921845176678842,0.15921845176678842,0.15776544654070518,0.157765446540705,0.157765446540705,0.157765446540705,0.15776544654070518,0.157765446540705,0.157765446540705,0.157765446540705,0.157765446540705,0.157765446540705,0.157765446540705,0.157765446540705,0.157765446540705,0.157765446540705,0.157765446540705,0.157765446540705,0.157765446540705,0.157765446540705,0.157765446540705,0.157765446540705,0.15776544654070518,0.157765446540705,0.157765446540705,0.157765446540705,0.15776544654070518,0.1563414628521275,0.1563414628521275,0.1563414628521273,0.1563414628521275,0.1563414628521275,0.1563414628521275,0.1563414628521273,0.1563414628521271,0.1563414628521273,0.1563414628521275,0.1563414628521273,0.1563414628521271,0.1563414628521271,0.1563414628521271,0.1563414628521273,0.1563414628521275,0.1563414628521273,0.1563414628521271,0.1563414628521273,0.1563414628521275,0.1563414628521275,0.1563414628521275,0.1563414628521273,0.1563414628521275,0.1563414628521275,0.1549459149011086,0.15494591490110818,0.1549459149011078,0.15494591490110818,0.1549459149011086,0.15494591490110818,0.15494591490110757,0.15494591490110737,0.15494591490110757,0.15494591490110818,0.1549459149011078,0.15494591490110737,0.15494591490110718,0.15494591490110737,0.1549459149011078,0.15494591490110818,0.15494591490110757,0.15494591490110737,0.15494591490110757,0.15494591490110818,0.1549459149011086,0.15494591490110818,0.1549459149011078,0.15494591490110818,0.1549459149011086,0.1535782209283792,0.15357822092837778,0.15357822092837697,0.15357822092837778,0.1535782209283792,0.15357822092837778,0.15357822092837636,0.1535782209283756,0.15357822092837636,0.15357822092837778,0.15357822092837697,0.1535782209283756,0.15357822092837456,0.1535782209283756,0.15357822092837697,0.15357822092837778,0.15357822092837636,0.1535782209283756,0.15357822092837636,0.15357822092837778,0.1535782209283792,0.15357822092837778,0.15357822092837697,0.15357822092837778,0.1535782209283792,0.15223780407645168,0.15223780407644752,0.15223780407644497,0.15223780407644752,0.15223780407645168,0.15223780407644752,0.1522378040764434,0.15223780407644066,0.1522378040764434,0.15223780407644752,0.15223780407644497,0.15223780407644066,0.15223780407643808,0.15223780407644066,0.15223780407644497,0.15223780407644752,0.1522378040764434,0.15223780407644066,0.1522378040764434,0.15223780407644752,0.15223780407645168,0.15223780407644752,0.15223780407644497,0.15223780407644752,0.15223780407645168,0.15092409315092914,0.1509240931509168,0.15092409315090888,0.1509240931509168,0.15092409315092914,0.1509240931509168,0.15092409315090366,0.15092409315089556,0.15092409315090366,0.1509240931509168,0.15092409315090888,0.15092409315089556,0.15092409315088726,0.15092409315089556,0.15092409315090888,0.1509240931509168,0.15092409315090366,0.15092409315089556,0.15092409315090366,0.1509240931509168,0.15092409315092914,0.1509240931509168,0.15092409315090888,0.1509240931509168,0.15092409315092914,0.1496365232900998,0.1496365232900631,0.14963652329003985,0.1496365232900631,0.1496365232900998,0.1496365232900631,0.14963652329002358,0.14963652328999863,0.14963652329002358,0.1496365232900631,0.14963652329003985,0.14963652328999863,0.14963652328997254,0.14963652328999863,0.14963652329003985,0.1496365232900631,0.14963652329002358,0.14963652328999863,0.14963652329002358,0.1496365232900631,0.1496365232900998,0.1496365232900631,0.14963652329003985,0.1496365232900631,0.1496365232900998,0.14837453655038974,0.14837453655028132,0.14837453655021202,0.14837453655028132,0.14837453655038974,0.14837453655028132,0.14837453655016122,0.14837453655008395,0.14837453655016122,0.14837453655028132,0.14837453655021202,0.14837453655008395,0.1483745365500009,0.14837453655008395,0.14837453655021202,0.14837453655028132,0.14837453655016122,0.14837453655008395,0.14837453655016122,0.14837453655028132,0.14837453655038974,0.14837453655028132,0.14837453655021202,0.14837453655028132,0.14837453655038974,0.14713758241475786,0.14713758241444358,0.1471375824142374,0.14713758241444358,0.14713758241475786,0.14713758241444358,0.14713758241407826,0.14713758241383576,0.14713758241407826,0.14713758241444358,0.1471375824142374,0.14713758241383576,0.14713758241356562,0.14713758241383576,0.1471375824142374,0.14713758241444358,0.14713758241407826,0.14713758241383576,0.14713758241407826,0.14713758241444358,0.14713758241475786,0.14713758241444358,0.1471375824142374,0.14713758241444358,0.14713758241475786,0.1459251182307057,0.14592511822980825,0.14592511822920107,0.14592511822980825,0.1459251182307057,0.14592511822980825,0.14592511822870177,0.14592511822792756,0.14592511822870177,0.14592511822980825,0.14592511822920107,0.14592511822792756,0.14592511822701265,0.14592511822792756,0.14592511822920107,0.14592511822980825,0.14592511822870177,0.14592511822792756,0.14592511822870177,0.14592511822980825,0.1459251182307057,0.14592511822980825,0.14592511822920107,0.14592511822980825,0.1459251182307057,0.14473660958427542,0.14473660958175213,0.14473660957997275,0.14473660958175213,0.14473660958427542,0.14473660958175213,0.14473660957841927,0.14473660957588655,0.14473660957841927,0.14473660958175213,0.14473660957997275,0.14473660957588655,0.14473660957260048,0.14473660957588655,0.14473660957997275,0.14473660958175213,0.14473660957841927,0.14473660957588655,0.14473660957841927,0.14473660958175213,0.14473660958427542,0.14473660958175213,0.14473660957997275,0.14473660958175213,0.14473660958427542,0.14357153061614567,0.14357153060943137,0.14357153060430106,0.14357153060943137,0.14357153061614567,0.14357153060943137,0.14357153059959238,0.1435715305910932,0.14357153059959238,0.14357153060943137,0.14357153060430106,0.1435715305910932,0.14357153057826538,0.1435715305910932,0.14357153060430106,0.14357153060943137,0.14357153059959238,0.1435715305910932,0.14357153059959238,0.14357153060943137,0.14357153061614567,0.14357153060943137,0.14357153060430106,0.14357153060943137,0.14357153061614567,0.1424293642862034,0.1424293642698917,0.14242936425586325,0.1424293642698917,0.1424293642862034,0.1424293642698917,0.14242936424228994,0.14242936421332755,0.14242936424228994,0.1424293642698917,0.14242936425586325,0.14242936421332755,0.14242936415755353,0.14242936421332755,0.14242936425586325,0.1424293642698917,0.14242936424228994,0.14242936421332755,0.14242936424228994,0.1424293642698917,0.1424293642862034,0.1424293642698917,0.14242936425586325,0.1424293642698917,0.1424293642862034,0.1413096025923658,0.14130960255877187,0.1413096025245199,0.14130960255877187,0.1413096025923658,0.14130960255877187,0.1413096024896594,0.1413096023934627,0.1413096024896594,0.14130960255877187,0.1413096025245199,0.1413096023934627,0.14130960211921614,0.1413096023934627,0.1413096025245199,0.14130960255877187,0.1413096024896594,0.1413096023934627,0.1413096024896594,0.14130960255877187,0.1413096025923658,0.14130960255877187,0.1413096025245199,0.14130960255877187,0.1413096025923658,0.14021174674433884,0.14021174669588657,0.14021174663367308,0.14021174669588657,0.14021174674433884,0.14021174669588657,0.14021174656836777,0.14021174629998623,0.14021174656836777,0.14021174669588657,0.14021174663367308,0.14021174629998623,0.14021174477690931,0.14021174629998623,0.14021174663367308,0.14021174669588657,0.14021174656836777,0.14021174629998623,0.14021174656836777,0.14021174669588657,0.14021174674433884,0.14021174669588657,0.14021174663367308,0.14021174669588657,0.14021174674433884,0.13913530727206605,0.13913530725436227,0.139135307233997,0.13913530725436227,0.13913530727206605,0.13913530725436227,0.13913530721265555,0.13913530714603825,0.13913530721265555,0.13913530725436227,0.139135307233997,0.13913530714603825,0.13913530693297188,0.13913530714603825,0.139135307233997,0.13913530725436227,0.13913530721265555,0.13913530714603825,0.13913530721265555,0.13913530725436227,0.13913530727206605,0.13913530725436227,0.139135307233997,0.13913530725436227,0.13913530727206605,0.13807980402971665,0.13807980405237966,0.13807980407731574,0.13807980405237966,0.13807980402971665,0.13807980405237966,0.13807980410314163,0.1380798041809011,0.13807980410314163,0.13807980405237966,0.13807980407731574,0.1380798041809011,0.13807980442232953,0.1380798041809011,0.13807980407731574,0.13807980405237966,0.13807980410314163,0.1380798041809011,0.13807980410314163,0.13807980405237966,0.13807980402971665,0.13807980405237966,0.13807980407731574,0.13807980405237966,0.13807980402971665,0.1370447663296983,0.13704476638527532,0.13704476645537852,0.13704476638527532,0.1370447663296983,0.13704476638527532,0.13704476652866943,0.1370447668265826,0.13704476652866943,0.13704476638527532,0.13704476645537852,0.1370447668265826,0.1370447685066785,0.1370447668265826,0.13704476645537852,0.13704476638527532,0.13704476652866943,0.1370447668265826,0.13704476652866943,0.13704476638527532,0.1370447663296983,0.13704476638527532,0.13704476645537852,0.13704476638527532,0.1370447663296983,0.13602973300939325,0.13602973305005692,0.13602973309050576,0.13602973305005692,0.13602973300939325,0.13602973305005692,0.1360297331313482,0.13602973324177442,0.1360297331313482,0.13602973305005692,0.13602973309050576,0.13602973324177442,0.1360297335515145,0.13602973324177442,0.13602973309050576,0.13602973305005692,0.1360297331313482,0.13602973324177442,0.1360297331313482,0.13602973305005692,0.13602973300939325,0.13602973305005692,0.13602973309050576,0.13602973305005692,0.13602973300939325,0.13503425252029608,0.13503425254615795,0.13503425256767598,0.13503425254615795,0.13503425252029608,0.13503425254615795,0.13503425258820576,0.13503425263026334,0.13503425258820576,0.13503425254615795,0.13503425256767598,0.13503425263026334,0.1350342527073036,0.13503425263026334,0.13503425256767598,0.13503425254615795,0.13503425258820576,0.13503425263026334,0.13503425258820576,0.13503425254615795,0.13503425252029608,0.13503425254615795,0.13503425256767598,0.13503425254615795,0.13503425252029608
0.16533248780170157,0.16533248780170157,0.16533248780170157,0.16533248780170157,0.16533248780170157,0.16533248780170157,0.16533248780170157,0.16533248780170157,0.16533248780170157,0.16533248780170157,0.16533248780170157,0.16533248780170157,0.16533248780170157,0.16533248780170157,0.16533248780170157,0.16533248780170157,0.16533248780170157,0.16533248780170157,0.16533248780170157,0.16533248780170157,0.16533248780170157,0.16533248780170157,0.16533248780170157,0.16533248780170157,0.16533248780170157,0.1637574940825435,0.1637574940825435,0.1637574940825435,0.1637574940825435,0.1637574940825435,0.1637574940825435,0.1637574940825435,0.1637574940825435,0.1637574940825435,0.1637574940825435,0.1637574940825435,0.1637574940825435,0.1637574940825435,0.1637574940825435,0.1637574940825435,0.1637574940825435,0.1637574940825435,0.1637574940825435,0.1637574940825435,0.1637574940825435,0.1637574940825435,0.1637574940825435,0.1637574940825435,0.1637574940825435,0.1637574940825435,0.16221388429525696,0.16221388429525696,0.16221388429525696,0.16221388429525696,0.16221388429525696,0.16221388429525696,0.16221388429525696,0.16221388429525696,0.16221388429525696,0.16221388429525696,0.16221388429525696,0.16221388429525696,0.16221388429525696,0.16221388429525696,0.16221388429525696,0.16221388429525696,0.16221388429525696,0.16221388429525696,0.16221388429525696,0.16221388429525696,0.16221388429525696,0.16221388429525696,0.16221388429525696,0.16221388429525696,0.16221388429525696,0.1607010673968811,0.1607010673968811,0.1607010673968811,0.1607010673968811,0.1607010673968811,0.1607010673968811,0.1607010673968811,0.1607010673968811,0.1607010673968811,0.1607010673968811,0.1607010673968811,0.1607010673968811,0.1607010673968811,0.1607010673968811,0.1607010673968811,0.1607010673968811,0.1607010673968811,0.1607010673968811,0.1607010673968811,0.1607010673968811,0.1607010673968811,0.1607010673968811,0.1607010673968811,0.1607010673968811,0.1607010673968811,0.15921845176239335,0.15921845176239335,0.15921845176239335,0.15921845176239335,0.15921845176239335,0.15921845176239335,0.15921845176239335,0.15921845176239335,0.15921845176239335,0.15921845176239335,0.15921845176239335,0.15921845176239335,0.15921845176239335,0.15921845176239335,0.15921845176239335,0.15921845176239335,0.15921845176239335,0.15921845176239335,0.15921845176239335,0.15921845176239335,0.15921845176239335,0.15921845176239335,0.15921845176239335,0.15921845176239335,0.15921845176239335,0.1577654465365603,0.1577654465365603,0.15776544653656008,0.1577654465365603,0.1577654465365603,0.1577654465365603,0.15776544653656008,0.15776544653656008,0.15776544653656008,0.1577654465365603,0.15776544653656008,0.15776544653656008,0.15776544653656008,0.15776544653656008,0.15776544653656008,0.1577654465365603,0.15776544653656008,0.15776544653656008,0.15776544653656008,0.1577654465365603,0.1577654465365603,0.1577654465365603,0.15776544653656008,0.1577654465365603,0.1577654465365603,0.15634146284826073,0.1563414628482605,0.1563414628482605,0.1563414628482605,0.15634146284826073,0.1563414628482605,0.1563414628482603,0.1563414628482603,0.1563414628482603,0.1563414628482605,0.1563414628482605,0.1563414628482603,0.15634146284826006,0.1563414628482603,0.1563414628482605,0.1563414628482605,0.1563414628482603,0.1563414628482603,0.1563414628482603,0.1563414628482605,0.15634146284826073,0.1563414628482605,0.1563414628482605,0.1563414628482605,0.15634146284826073,0.15494591489754606,0.15494591489754567,0.15494591489754544,0.15494591489754567,0.15494591489754606,0.15494591489754567,0.15494591489754522,0.15494591489754503,0.15494591489754522,0.15494591489754567,0.15494591489754544,0.15494591489754503,0.15494591489754464,0.15494591489754503,0.15494591489754544,0.15494591489754567,0.15494591489754522,0.15494591489754503,0.15494591489754522,0.15494591489754567,0.15494591489754606,0.15494591489754567,0.15494591489754544,0.15494591489754567,0.15494591489754606,0.15357822092514603,0.1535782209251448,0.15357822092514378,0.1535782209251448,0.15357822092514603,0.1535782209251448,0.15357822092514342,0.1535782209251424,0.15357822092514342,0.1535782209251448,0.15357822092514378,0.1535782209251424,0.1535782209251416,0.1535782209251424,0.15357822092514378,0.1535782209251448,0.15357822092514342,0.1535782209251424,0.15357822092514342,0.1535782209251448,0.15357822092514603,0.1535782209251448,0.15357822092514378,0.1535782209251448,0.15357822092514603,0.15223780407357054,0.1522378040735664,0.15223780407356385,0.1522378040735664,0.15223780407357054,0.1522378040735664,0.15223780407356205,0.1522378040735595,0.15223780407356205,0.1522378040735664,0.15223780407356385,0.1522378040735595,0.15223780407355678,0.1522378040735595,0.15223780407356385,0.1522378040735664,0.15223780407356205,0.1522378040735595,0.15223780407356205,0.1522378040735664,0.15223780407357054,0.1522378040735664,0.15223780407356385,0.1522378040735664,0.15223780407357054,0.15092409314841926,0.15092409314840688,0.1509240931483992,0.15092409314840688,0.15092409314841926,0.15092409314840688,0.15092409314839378,0.1509240931483857,0.15092409314839378,0.15092409314840688,0.1509240931483992,0.1509240931483857,0.15092409314837738,0.1509240931483857,0.1509240931483992,0.15092409314840688,0.15092409314839378,0.1509240931483857,0.15092409314839378,0.15092409314840688,0.15092409314841926,0.15092409314840688,0.1509240931483992,0.15092409314840688,0.15092409314841926,0.14963652328797733,0.14963652328794044,0.14963652328791738,0.14963652328794044,0.14963652328797733,0.14963652328794044,0.14963652328790095,0.149636523287876,0.14963652328790095,0.14963652328794044,0.14963652328791738,0.149636523287876,0.14963652328784968,0.149636523287876,0.14963652328791738,0.14963652328794044,0.14963652328790095,0.149636523287876,0.14963652328790095,0.14963652328794044,0.14963652328797733,0.14963652328794044,0.14963652328791738,0.14963652328794044,0.14963652328797733,0.14837453654866598,0.14837453654855792,0.14837453654848862,0.14837453654855792,0.14837453654866598,0.14837453654855792,0.14837453654843746,0.14837453654835983,0.14837453654843746,0.14837453654855792,0.14837453654848862,0.14837453654835983,0.1483745365482764,0.14837453654835983,0.14837453654848862,0.14837453654855792,0.14837453654843746,0.14837453654835983,0.14837453654843746,0.14837453654855792,0.14837453654866598,0.14837453654855792,0.14837453654848862,0.14837453654855792,0.14837453654866598,0.1471375824134392,0.14713758241312674,0.14713758241292038,0.14713758241312674,0.1471375824134392,0.14713758241312674,0.14713758241276034,0.14713758241251637,0.14713758241276034,0.14713758241312674,0.14713758241292038,0.14713758241251637,0.14713758241224445,0.14713758241251637,0.14713758241292038,0.14713758241312674,0.14713758241276034,0.14713758241251637,0.14713758241276034,0.14713758241312674,0.1471375824134392,0.14713758241312674,0.14713758241292038,0.14713758241312674,0.1471375824134392,0.14592511822981005,0.14592511822890297,0.14592511822829365,0.14592511822890297,0.14592511822981005,0.14592511822890297,0.14592511822779078,0.14592511822701104,0.14592511822779078,0.14592511822890297,0.14592511822829365,0.14592511822701104,0.14592511822608903,0.14592511822701104,0.14592511822829365,0.14592511822890297,0.14592511822779078,0.14592511822701104,0.14592511822779078,0.14592511822890297,0.14592511822981005,0.14592511822890297,0.14592511822829365,0.14592511822890297,0.14592511822981005,0.14473660958381812,0.14473660958127177,0.1447366095794753,0.14473660958127177,0.14473660958381812,0.14473660958127177,0.14473660957791046,0.1447366095753554,0.14473660957791046,0.14473660958127177,0.1447366095794753,0.1447366095753554,0.14473660957204088,0.1447366095753554,0.1447366095794753,0.14473660958127177,0.14473660957791046,0.1447366095753554,0.14473660957791046,0.14473660958127177,0.14473660958381812,0.14473660958127177,0.1447366095794753,0.14473660958127177,0.14473660958381812,0.1435715306161619,0.14357153060938757,0.14357153060420935,0.14357153060938757,0.1435715306161619,0.14357153060938757,0.14357153059946165,0.14357153059088734,0.14357153059946165,0.14357153060938757,0.14357153060420935,0.14357153059088734,0.14357153057794678,0.14357153059088734,0.14357153060420935,0.14357153060938757,0.14357153059946165,0.14357153059088734,0.14357153059946165,0.14357153060938757,0.1435715306161619,0.14357153060938757,0.14357153060420935,0.14357153060938757,0.1435715306161619,0.14242936428679856,0.14242936427034208,0.14242936425618954,0.14242936427034208,0.14242936428679856,0.14242936427034208,0.14242936424249594,0.1424293642132784,0.14242936424249594,0.14242936427034208,0.14242936425618954,0.1424293642132784,0.14242936415701304,0.1424293642132784,0.14242936425618954,0.14242936427034208,0.14242936424249594,0.1424293642132784,0.14242936424249594,0.14242936427034208,0.14242936428679856,0.14242936427034208,0.14242936425618954,0.14242936427034208,0.14242936428679856,0.14130960259381345,0.1413096025599223,0.14130960252536823,0.1413096025599223,0.14130960259381345,0.1413096025599223,0.1413096024901967,0.141309602393154,0.1413096024901967,0.1413096025599223,0.14130960252536823,0.141309602393154,0.14130960211649146,0.141309602393154,0.14130960252536823,0.1413096025599223,0.1413096024901967,0.141309602393154,0.1413096024901967,0.1413096025599223,0.14130960259381345,0.1413096025599223,0.14130960252536823,0.1413096025599223,0.14130960259381345,0.1402117467472235,0.14021174669834358,0.1402117466355812,0.14021174669834358,0.1402117467472235,0.14021174669834358,0.1402117465696991,0.14021174629895033,0.1402117465696991,0.14021174669834358,0.1402117466355812,0.14021174629895033,0.14021174476246007,0.14021174629895033,0.1402117466355812,0.14021174669834358,0.1402117465696991,0.14021174629895033,0.1402117465696991,0.14021174669834358,0.1402117467472235,0.14021174669834358,0.1402117466355812,0.14021174669834358,0.1402117467472235,0.13913530727724235,0.1391353072593822,0.13913530723883713,0.1391353072593822,0.13913530727724235,0.1391353072593822,0.13913530721730719,0.1391353071501025,0.13913530721730719,0.1391353072593822,0.13913530723883713,0.1391353071501025,0.13913530693515874,0.1391353071501025,0.13913530723883713,0.1391353072593822,0.13913530721730719,0.1391353071501025,0.13913530721730719,0.1391353072593822,0.13913530727724235,0.1391353072593822,0.13913530723883713,0.1391353072593822,0.13913530727724235,0.13807980403748316,0.1380798040603457,0.13807980408550133,0.1380798040603457,0.13807980403748316,0.1380798040603457,0.13807980411155463,0.13807980418999907,0.13807980411155463,0.1380798040603457,0.13807980408550133,0.13807980418999907,0.13807980443355408,0.13807980418999907,0.13807980408550133,0.1380798040603457,0.13807980411155463,0.13807980418999907,0.13807980411155463,0.1380798040603457,0.13807980403748316,0.1380798040603457,0.13807980408550133,0.1380798040603457,0.13807980403748316,0.13704476633961724,0.13704476639568383,0.1370447664664048,0.13704476639568383,0.13704476633961724,0.13704476639568383,0.13704476654034137,0.13704476684087966,0.13704476654034137,0.13704476639568383,0.1370447664664048,0.13704476684087966,0.13704476853575842,0.13704476684087966,0.1370447664664048,0.13704476639568383,0.13704476654034137,0.13704476684087966,0.13704476654034137,0.13704476639568383,0.13704476633961724,0.13704476639568383,0.1370447664664048,0.13704476639568383,0.13704476633961724,0.13602973302041846,0.13602973306144014,0.13602973310224506,0.13602973306144014,0.13602973302041846,0.13602973306144014,0.13602973314344743,0.13602973325484538,0.13602973314344743,0.13602973306144014,0.13602973310224506,0.13602973325484538,0.13602973356731352,0.13602973325484538,0.13602973310224506,0.13602973306144014,0.13602973314344743,0.13602973325484538,0.13602973314344743,0.13602973306144014,0.13602973302041846,0.13602973306144014,0.13602973310224506,0.13602973306144014,0.13602973302041846,0.13503425253163676,0.1350342525577262,0.1350342525794336,0.1350342525577262,0.13503425253163676,0.1350342525577262,0.13503425260014337,0.13503425264257082,0.13503425260014337,0.1350342525577262,0.1350342525794336,0.13503425264257082,0.13503425272028918,0.13503425264257082,0.1350342525794336,0.1350342525577262,0.13503425260014337,0.13503425264257082,0.13503425260014337,0.1350342525577262,0.13503425253163676,0.1350342525577262,0.1350342525794336,0.1350342525577262,0.13503425253163676
0.1653324877987326,0.1653324877987326,0.1653324877987326,0.1653324877987326,0.1653324877987326,0.1653324877987326,0.1653324877987326,0.1653324877987326,0.1653324877987326,0.1653324877987326,0.1653324877987326,0.1653324877987326,0.1653324877987326,0.1653324877987326,0.1653324877987326,0.1653324877987326,0.1653324877987326,0.1653324877987326,0.1653324877987326,0.1653324877987326,0.1653324877987326,0.1653324877987326,0.1653324877987326,0.1653324877987326,0.1653324877987326,0.16375749407964593,0.16375749407964593,0.16375749407964593,0.16375749407964593,0.16375749407964593,0.16375749407964593,0.16375749407964593,0.16375749407964593,0.16375749407964593,0.16375749407964593,0.16375749407964593,0.16375749407964593,0.16375749407964593,0.16375749407964593,0.16375749407964593,0.16375749407964593,0.16375749407964593,0.16375749407964593,0.16375749407964593,0.16375749407964593,0.16375749407964593,0.16375749407964593,0.16375749407964593,0.16375749407964593,0.16375749407964593,0.16221388429243963,0.16221388429243963,0.16221388429243963,0.16221388429243963,0.16221388429243963,0.16221388429243963,0.16221388429243963,0.16221388429243963,0.16221388429243963,0.16221388429243963,0.16221388429243963,0.16221388429243963,0.16221388429243963,0.16221388429243963,0.16221388429243963,0.16221388429243963,0.16221388429243963,0.16221388429243963,0.16221388429243963,0.16221388429243963,0.16221388429243963,0.16221388429243963,0.16221388429243963,0.16221388429243963,0.16221388429243963,0.1607010673941535,0.1607010673941535,0.1607010673941535,0.1607010673941535,0.1607010673941535,0.1607010673941535,0.1607010673941535,0.1607010673941535,0.1607010673941535,0.1607010673941535,0.1607010673941535,0.1607010673941535,0.1607010673941535,0.1607010673941535,0.1607010673941535,0.1607010673941535,0.1607010673941535,0.1607010673941535,0.1607010673941535,0.1607010673941535,0.1607010673941535,0.1607010673941535,0.1607010673941535,0.1607010673941535,0.1607010673941535,0.15921845175976462,0.15921845175976462,0.15921845175976462,0.15921845175976462,0.15921845175976462,0.15921845175976462,0.15921845175976462,0.15921845175976462,0.15921845175976462,0.15921845175976462,0.15921845175976462,0.15921845175976462,0.15921845175976462,0.15921845175976462,0.15921845175976462,0.15921845175976462,0.15921845175976462,0.15921845175976462,0.15921845175976462,0.15921845175976462,0.15921845175976462,0.15921845175976462,0.15921845175976462,0.15921845175976462,0.15921845175976462,0.15776544653403998,0.15776544653403998,0.15776544653403998,0.15776544653403998,0.15776544653403998,0.15776544653403998,0.15776544653403998,0.15776544653403998,0.15776544653403998,0.15776544653403998,0.15776544653403998,0.15776544653403998,0.15776544653403976,0.15776544653403998,0.15776544653403998,0.15776544653403998,0.15776544653403998,0.15776544653403998,0.15776544653403998,0.15776544653403998,0.15776544653403998,0.15776544653403998,0.15776544653403998,0.15776544653403998,0.15776544653403998,0.15634146284585806,0.15634146284585787,0.15634146284585787,0.15634146284585787,0.15634146284585806,0.15634146284585787,0.15634146284585765,0.15634146284585765,0.15634146284585765,0.15634146284585787,0.15634146284585787,0.15634146284585765,0.15634146284585745,0.15634146284585765,0.15634146284585787,0.15634146284585787,0.15634146284585765,0.15634146284585765,0.15634146284585765,0.15634146284585787,0.15634146284585806,0.15634146284585787,0.15634146284585787,0.15634146284585787,0.15634146284585806,0.15494591489526988,0.1549459148952695,0.15494591489526907,0.1549459148952695,0.15494591489526988,0.1549459148952695,0.15494591489526885,0.15494591489526865,0.15494591489526885,0.1549459148952695,0.15494591489526907,0.15494591489526865,0.15494591489526827,0.15494591489526865,0.15494591489526907,0.1549459148952695,0.15494591489526885,0.15494591489526865,0.15494591489526885,0.1549459148952695,0.15494591489526988,0.1549459148952695,0.15494591489526907,0.1549459148952695,0.15494591489526988,0.15357822092300444,0.15357822092300302,0.15357822092300202,0.15357822092300302,0.15357822092300444,0.15357822092300302,0.1535782209230016,0.1535782209230006,0.1535782209230016,0.15357822092300302,0.15357822092300202,0.1535782209230006,0.15357822092299983,0.1535782209230006,0.15357822092300202,0.15357822092300302,0.1535782209230016,0.1535782209230006,0.1535782209230016,0.15357822092300302,0.15357822092300444,0.15357822092300302,0.15357822092300202,0.15357822092300302,0.15357822092300444,0.15223780407157064,0.1522378040715665,0.15223780407156393,0.1522378040715665,0.15223780407157064,0.1522378040715665,0.15223780407156237,0.15223780407155962,0.15223780407156237,0.1522378040715665,0.15223780407156393,0.15223780407155962,0.15223780407155688,0.15223780407155962,0.15223780407156393,0.1522378040715665,0.15223780407156237,0.15223780407155962,0.15223780407156237,0.1522378040715665,0.15223780407157064,0.1522378040715665,0.15223780407156393,0.1522378040715665,0.15223780407157064,0.1509240931465678,0.15092409314655544,0.1509240931465477,0.15092409314655544,0.1509240931465678,0.15092409314655544,0.1509240931465425,0.1509240931465342,0.1509240931465425,0.15092409314655544,0.1509240931465477,0.1509240931465342,0.15092409314652594,0.1509240931465342,0.1509240931465477,0.15092409314655544,0.1509240931465425,0.1509240931465342,0.1509240931465425,0.15092409314655544,0.1509240931465678,0.15092409314655544,0.1509240931465477,0.15092409314655544,0.1509240931465678,0.14963652328627952,0.14963652328624286,0.1496365232862196,0.14963652328624286,0.14963652328627952,0.14963652328624286,0.14963652328620314,0.149636523286178,0.14963652328620314,0.14963652328624286,0.1496365232862196,0.149636523286178,0.1496365232861517,0.149636523286178,0.1496365232862196,0.14963652328624286,0.14963652328620314,0.149636523286178,0.14963652328620314,0.14963652328624286,0.14963652328627952,0.14963652328624286,0.1496365232862196,0.14963652328624286,0.14963652328627952,0.1483745365471259,0.14837453654701804,0.14837453654694835,0.14837453654701804,0.1483745365471259,0.14837453654701804,0.148374536546897,0.14837453654681898,0.148374536546897,0.14837453654701804,0.14837453654694835,0.14837453654681898,0.14837453654673502,0.14837453654681898,0.14837453654694835,0.14837453654701804,0.148374536546897,0.14837453654681898,0.148374536546897,0.14837453654701804,0.1483745365471259,0.14837453654701804,0.14837453654694835,0.14837453654701804,0.1483745365471259,0.14713758241206207,0.14713758241174726,0.1471375824115405,0.14713758241174726,0.14713758241206207,0.14713758241174726,0.1471375824113794,0.14713758241113398,0.1471375824113794,0.14713758241174726,0.1471375824115405,0.14713758241113398,0.14713758241086006,0.14713758241113398,0.1471375824115405,0.14713758241174726,0.1471375824113794,0.14713758241113398,0.1471375824113794,0.14713758241174726,0.14713758241206207,0.14713758241174726,0.1471375824115405,0.14713758241174726,0.14713758241206207,0.14592511822860474,0.14592511822769,0.14592511822707604,0.14592511822769,0.14592511822860474,0.14592511822769,0.14592511822656962,0.14592511822578366,0.14592511822656962,0.14592511822769,0.14592511822707604,0.14592511822578366,0.14592511822485435,0.14592511822578366,0.14592511822707604,0.14592511822769,0.14592511822656962,0.14592511822578366,0.14592511822656962,0.14592511822769,0.14592511822860474,0.14592511822769,0.14592511822707604,0.14592511822769,0.14592511822860474,0.14473660958279821,0.14473660958023093,0.1447366095784184,0.14473660958023093,0.14473660958279821,0.14473660958023093,0.14473660957684256,0.14473660957426673,0.14473660957684256,0.14473660958023093,0.1447366095784184,0.14473660957426673,0.14473660957092568,0.14473660957426673,0.1447366095784184,0.14473660958023093,0.14473660957684256,0.14473660957426673,0.14473660957684256,0.14473660958023093,0.14473660958279821,0.14473660958023093,0.1447366095784184,0.14473660958023093,0.14473660958279821,0.14357153061536643,0.1435715306085371,0.14357153060331682,0.1435715306085371,0.14357153061536643,0.1435715306085371,0.14357153059853078,0.14357153058988703,0.14357153059853078,0.1435715306085371,0.14357153060331682,0.14357153058988703,0.14357153057684188,0.14357153058988703,0.14357153060331682,0.1435715306085371,0.14357153059853078,0.14357153058988703,0.14357153059853078,0.1435715306085371,0.14357153061536643,0.1435715306085371,0.14357153060331682,0.1435715306085371,0.14357153061536643,0.14242936428633524,0.14242936426974556,0.14242936425547842,0.14242936426974556,0.14242936428633524,0.14242936426974556,0.14242936424167363,0.14242936421221988,0.14242936424167363,0.14242936426974556,0.14242936425547842,0.14242936421221988,0.14242936415549926,0.14242936421221988,0.14242936425547842,0.14242936426974556,0.14242936424167363,0.14242936421221988,0.14242936424167363,0.14242936426974556,0.14242936428633524,0.14242936426974556,0.14242936425547842,0.14242936426974556,0.14242936428633524,0.14130960259395062,0.14130960255978497,0.14130960252495148,0.14130960255978497,0.14130960259395062,0.14130960255978497,0.14130960248949395,0.1413096023916669,0.14130960248949395,0.14130960255978497,0.14130960252495148,0.1413096023916669,0.14130960211276697,0.1413096023916669,0.14130960252495148,0.14130960255978497,0.14130960248949395,0.1413096023916669,0.14130960248949395,0.14130960255978497,0.14130960259395062,0.14130960255978497,0.14130960252495148,0.14130960255978497,0.14130960259395062,0.1402117467485219,0.14021174669924624,0.14021174663597613,0.14021174669924624,0.1402117467485219,0.14021174669924624,0.14021174656956056,0.1402117462966212,0.14021174656956056,0.14021174669924624,0.14021174663597613,0.1402117462966212,0.14021174474773315,0.1402117462966212,0.14021174663597613,0.14021174669924624,0.14021174656956056,0.1402117462966212,0.14021174656956056,0.14021174669924624,0.1402117467485219,0.14021174669924624,0.14021174663597613,0.14021174669924624,0.1402117467485219,0.13913530728051732,0.13913530726251278,0.1391353072418014,0.13913530726251278,0.13913530728051732,0.13913530726251278,0.13913530722009723,0.1391353071523488,0.13913530722009723,0.13913530726251278,0.1391353072418014,0.1391353071523488,0.13913530693566645,0.1391353071523488,0.1391353072418014,0.13913530726251278,0.13913530722009723,0.1391353071523488,0.13913530722009723,0.13913530726251278,0.13913530728051732,0.13913530726251278,0.1391353072418014,0.13913530726251278,0.13913530728051732,0.13807980404304046,0.13807980406608783,0.13807980409144702,0.13807980406608783,0.13807980404304046,0.13807980406608783,0.138079804117711,0.13807980419678986,0.138079804117711,0.13807980406608783,0.13807980409144702,0.13807980419678986,0.13807980444231438,0.13807980419678986,0.13807980409144702,0.13807980406608783,0.138079804117711,0.13807980419678986,0.138079804117711,0.13807980406608783,0.13807980404304046,0.13807980406608783,0.13807980409144702,0.13807980406608783,0.13807980404304046,0.13704476634708454,0.13704476640360466,0.13704476647489758,0.13704476640360466,0.13704476634708454,0.13704476640360466,0.13704476654943232,0.13704476685240138,0.13704476654943232,0.13704476640360466,0.13704476647489758,0.13704476685240138,0.13704476856100287,0.13704476685240138,0.13704476647489758,0.13704476640360466,0.13704476654943232,0.13704476685240138,0.13704476654943232,0.13704476640360466,0.13704476634708454,0.13704476640360466,0.13704476647489758,0.13704476640360466,0.13704476634708454,0.13602973302886384,0.13602973307021732,0.13602973311135216,0.13602973307021732,0.13602973302886384,0.13602973307021732,0.1360297331528878,0.13602973326518633,0.1360297331528878,0.13602973307021732,0.13602973311135216,0.13602973326518633,0.13602973358018122,0.13602973326518633,0.13602973311135216,0.13602973307021732,0.1360297331528878,0.13602973326518633,0.1360297331528878,0.13602973307021732,0.13602973302886384,0.13602973307021732,0.13602973311135216,0.13602973307021732,0.13602973302886384,0.13503425254036736,0.1350342525666677,0.13503425258855045,0.1350342525666677,0.13503425254036736,0.1350342525666677,0.1350342526094275,0.13503425265219784,0.1350342526094275,0.1350342525666677,0.13503425258855045,0.13503425265219784,0.13503425273054448,0.13503425265219784,0.13503425258855045,0.1350342525666677,0.1350342526094275,0.13503425265219784,0.1350342526094275,0.13503425256666754,0.13503425254036736,0.1350342525666677,0.13503425258855045,0.13503425256666754,0.13503425254036736
0.16533248779654994,0.16533248779654994,0.16533248779654994,0.16533248779654994,0.16533248779654994,0.16533248779654994,0.16533248779654994,0.16533248779654994,0.16533248779654994,0.16533248779654994,0.16533248779654994,0.16533248779654994,0.16533248779654994,0.16533248779654994,0.16533248779654994,0.16533248779654994,0.16533248779654994,0.16533248779654994,0.16533248779654994,0.16533248779654994,0.16533248779654994,0.16533248779654994,0.16533248779654994,0.16533248779654994,0.16533248779654994,0.1637574940775116,0.1637574940775116,0.1637574940775116,0.1637574940775116,0.1637574940775116,0.1637574940775116,0.1637574940775116,0.1637574940775116,0.1637574940775116,0.1637574940775116,0.1637574940775116,0.1637574940775116,0.1637574940775116,0.1637574940775116,0.1637574940775116,0.1637574940775116,0.1637574940775116,0.1637574940775116,0.1637574940775116,0.1637574940775116,0.1637574940775116,0.1637574940775116,0.1637574940775116,0.1637574940775116,0.1637574940775116,0.16221388429035646,0.16221388429035646,0.16221388429035646,0.16221388429035646,0.16221388429035646,0.16221388429035646,0.16221388429035646,0.16221388429035646,0.16221388429035646,0.16221388429035646,0.16221388429035646,0.16221388429035646,0.16221388429035646,0.16221388429035646,0.16221388429035646,0.16221388429035646,0.16221388429035646,0.16221388429035646,0.16221388429035646,0.16221388429035646,0.16221388429035646,0.16221388429035646,0.16221388429035646,0.16221388429035646,0.16221388429035646,0.16070106739212478,0.16070106739212478,0.16070106739212478,0.16070106739212478,0.16070106739212478,0.16070106739212478,0.16070106739212478,0.16070106739212478,0.16070106739212478,0.16070106739212478,0.16070106739212478,0.16070106739212478,0.16070106739212478,0.16070106739212478,0.16070106739212478,0.16070106739212478,0.16070106739212478,0.16070106739212478,0.16070106739212478,0.16070106739212478,0.16070106739212478,0.16070106739212478,0.16070106739212478,0.16070106739212478,0.16070106739212478,0.1592184517577941,0.1592184517577941,0.1592184517577941,0.1592184517577941,0.1592184517577941,0.1592184517577941,0.1592184517577941,0.1592184517577941,0.1592184517577941,0.1592184517577941,0.1592184517577941,0.1592184517577941,0.1592184517577941,0.1592184517577941,0.1592184517577941,0.1592184517577941,0.1592184517577941,0.1592184517577941,0.1592184517577941,0.1592184517577941,0.1592184517577941,0.1592184517577941,0.1592184517577941,0.1592184517577941,0.1592184517577941,0.15776544653213057,0.15776544653213057,0.15776544653213057,0.15776544653213057,0.15776544653213057,0.15776544653213057,0.15776544653213057,0.15776544653213057,0.15776544653213057,0.15776544653213057,0.15776544653213057,0.15776544653213057,0.15776544653213057,0.15776544653213057,0.15776544653213057,0.15776544653213057,0.15776544653213057,0.15776544653213057,0.15776544653213057,0.15776544653213057,0.15776544653213057,0.15776544653213057,0.15776544653213057,0.15776544653213057,0.15776544653213057,0.15634146284401312,0.15634146284401293,0.15634146284401293,0.15634146284401293,0.15634146284401312,0.15634146284401293,0.1563414628440127,0.1563414628440127,0.1563414628440127,0.15634146284401293,0.15634146284401293,0.1563414628440127,0.1563414628440125,0.1563414628440127,0.15634146284401293,0.15634146284401293,0.1563414628440127,0.1563414628440127,0.1563414628440127,0.15634146284401293,0.15634146284401312,0.15634146284401293,0.15634146284401293,0.15634146284401293,0.15634146284401312,0.15494591489349252,0.15494591489349208,0.1549459148934917,0.15494591489349208,0.15494591489349252,0.15494591489349208,0.1549459148934915,0.1549459148934913,0.1549459148934915,0.15494591489349208,0.1549459148934917,0.1549459148934913,0.15494591489349108,0.1549459148934913,0.1549459148934917,0.15494591489349208,0.1549459148934915,0.1549459148934913,0.1549459148934915,0.15494591489349208,0.15494591489349252,0.15494591489349208,0.1549459148934917,0.15494591489349208,0.15494591489349252,0.15357822092129747,0.15357822092129628,0.15357822092129525,0.15357822092129628,0.15357822092129747,0.15357822092129628,0.15357822092129486,0.15357822092129386,0.15357822092129464,0.15357822092129628,0.15357822092129525,0.15357822092129386,0.15357822092129306,0.15357822092129386,0.15357822092129525,0.15357822092129628,0.15357822092129464,0.15357822092129386,0.15357822092129464,0.15357822092129628,0.15357822092129747,0.15357822092129628,0.15357822092129525,0.15357822092129628,0.15357822092129747,0.15223780406993706,0.15223780406993295,0.15223780406993037,0.15223780406993295,0.15223780406993706,0.15223780406993295,0.15223780406992882,0.15223780406992607,0.15223780406992882,0.15223780406993295,0.15223780406993037,0.15223780406992607,0.1522378040699233,0.15223780406992607,0.15223780406993037,0.15223780406993295,0.15223780406992882,0.15223780406992607,0.15223780406992882,0.15223780406993295,0.15223780406993706,0.15223780406993295,0.15223780406993037,0.15223780406993295,0.15223780406993706,0.15092409314500996,0.1509240931449974,0.1509240931449897,0.1509240931449974,0.15092409314500996,0.1509240931449974,0.15092409314498428,0.1509240931449762,0.15092409314498428,0.1509240931449974,0.1509240931449897,0.1509240931449762,0.1509240931449677,0.1509240931449762,0.1509240931449897,0.1509240931449974,0.15092409314498428,0.1509240931449762,0.15092409314498428,0.1509240931449974,0.15092409314500996,0.1509240931449974,0.1509240931449897,0.1509240931449974,0.15092409314500996,0.1496365232847992,0.14963652328476232,0.1496365232847391,0.14963652328476232,0.1496365232847992,0.14963652328476232,0.14963652328472243,0.14963652328469731,0.14963652328472243,0.14963652328476232,0.1496365232847391,0.14963652328469731,0.14963652328467064,0.14963652328469731,0.1496365232847391,0.14963652328476232,0.14963652328472243,0.14963652328469731,0.14963652328472243,0.14963652328476232,0.1496365232847992,0.14963652328476232,0.1496365232847391,0.14963652328476232,0.1496365232847992,0.1483745365457246,0.14837453654561658,0.1483745365455467,0.14837453654561658,0.1483745365457246,0.14837453654561658,0.14837453654549518,0.1483745365454166,0.14837453654549518,0.14837453654561658,0.1483745365455467,0.1483745365454166,0.14837453654533206,0.1483745365454166,0.1483745365455467,0.14837453654561658,0.14837453654549518,0.1483745365454166,0.14837453654549518,0.14837453654561658,0.1483745365457246,0.14837453654561658,0.1483745365455467,0.14837453654561658,0.1483745365457246,0.14713758241074396,0.1471375824104266,0.1471375824102188,0.1471375824104266,0.14713758241074396,0.1471375824104266,0.1471375824100564,0.1471375824098095,0.1471375824100564,0.1471375824104266,0.1471375824102188,0.1471375824098095,0.14713758240953376,0.1471375824098095,0.1471375824102188,0.1471375824104266,0.1471375824100564,0.1471375824098095,0.1471375824100564,0.1471375824104266,0.14713758241074396,0.1471375824104266,0.1471375824102188,0.1471375824104266,0.14713758241074396,0.145925118227375,0.14592511822645354,0.14592511822583493,0.14592511822645354,0.145925118227375,0.14592511822645354,0.14592511822532478,0.1459251182245331,0.14592511822532478,0.14592511822645354,0.14592511822583493,0.1459251182245331,0.145925118223597,0.1459251182245331,0.14592511822583493,0.14592511822645354,0.14592511822532478,0.1459251182245331,0.14592511822532478,0.14592511822645354,0.145925118227375,0.14592511822645354,0.14592511822583493,0.14592511822645354,0.145925118227375,0.14473660958167026,0.14473660957908396,0.14473660957725748,0.14473660957908396,0.14473660958167026,0.14473660957908396,0.14473660957567047,0.14473660957307563,0.14473660957567047,0.14473660957908396,0.14473660957725748,0.14473660957307563,0.14473660956970977,0.14473660957307563,0.14473660957725748,0.14473660957908396,0.14473660957567047,0.14473660957307563,0.14473660957567047,0.14473660957908396,0.14473660958167026,0.14473660957908396,0.14473660957725748,0.14473660957908396,0.14473660958167026,0.1435715306143784,0.1435715306074985,0.14357153060223948,0.1435715306074985,0.1435715306143784,0.1435715306074985,0.14357153059741803,0.14357153058871028,0.14357153059741803,0.1435715306074985,0.14357153060223948,0.14357153058871028,0.14357153057556865,0.14357153058871028,0.14357153060223948,0.1435715306074985,0.14357153059741803,0.14357153058871028,0.14357153059741803,0.1435715306074985,0.1435715306143784,0.1435715306074985,0.14357153060223948,0.1435715306074985,0.1435715306143784,0.14242936428558955,0.14242936426887712,0.14242936425450428,0.14242936426887712,0.14242936428558955,0.14242936426887712,0.14242936424059746,0.14242936421092567,0.14242936424059746,0.14242936426887712,0.14242936425450428,0.14242936421092567,0.14242936415378582,0.14242936421092567,0.14242936425450428,0.14242936426887712,0.14242936424059746,0.14242936421092567,0.14242936424059746,0.14242936426887712,0.14242936428558955,0.14242936426887712,0.14242936425450428,0.14242936426887712,0.14242936428558955,0.1413096025936993,0.14130960255928088,0.14130960252418964,0.14130960255928088,0.1413096025936993,0.14130960255928088,0.14130960248846933,0.14130960238991913,0.14130960248846933,0.14130960255928088,0.14130960252418964,0.14130960238991913,0.14130960210895693,0.14130960238991913,0.14130960252418964,0.14130960255928088,0.14130960248846933,0.14130960238991913,0.14130960248846933,0.14130960255928088,0.1413096025936993,0.14130960255928088,0.14130960252418964,0.14130960255928088,0.1413096025936993,0.14021174674928788,0.14021174669964762,0.14021174663590952,0.14021174669964762,0.14021174674928788,0.14021174669964762,0.1402117465690028,0.14021174629404456,0.1402117465690028,0.14021174669964762,0.14021174663590952,0.14021174629404456,0.14021174473368175,0.14021174629404456,0.14021174663590952,0.14021174669964762,0.1402117465690028,0.14021174629404456,0.1402117465690028,0.14021174669964762,0.14021174674928788,0.14021174669964762,0.14021174663590952,0.14021174669964762,0.14021174674928788,0.1391353072830599,0.13913530726492193,0.13913530724405748,0.13913530726492193,0.1391353072830599,0.13913530726492193,0.13913530722219267,0.1391353071539432,0.13913530722219267,0.13913530726492193,0.13913530724405748,0.1391353071539432,0.13913530693565854,0.1391353071539432,0.13913530724405748,0.13913530726492193,0.13913530722219267,0.1391353071539432,0.13913530722219267,0.13913530726492193,0.1391353072830599,0.13913530726492193,0.13913530724405748,0.13913530726492193,0.1391353072830599,0.13807980404765013,0.1380798040708679,0.13807980409641452,0.1380798040708679,0.13807980404765013,0.1380798040708679,0.13807980412287285,0.13807980420253635,0.13807980412287285,0.1380798040708679,0.13807980409641452,0.13807980420253635,0.13807980444987636,0.13807980420253635,0.13807980409641452,0.1380798040708679,0.13807980412287285,0.13807980420253635,0.13807980412287285,0.1380798040708679,0.13807980404765013,0.1380798040708679,0.13807980409641452,0.1380798040708679,0.13807980404765013,0.13704476635342888,0.13704476641036692,0.137044766482187,0.13704476641036692,0.13704476635342888,0.13704476641036692,0.1370447665572729,0.1370447668624824,0.1370447665572729,0.13704476641036692,0.137044766482187,0.1370447668624824,0.13704476858370637,0.1370447668624824,0.137044766482187,0.13704476641036692,0.1370447665572729,0.1370447668624824,0.1370447665572729,0.13704476641036692,0.13704476635342888,0.13704476641036692,0.137044766482187,0.13704476641036692,0.13704476635342888,0.13602973303609506,0.13602973307775432,0.1360297331191932,0.13602973307775432,0.13602973303609506,0.13602973307775432,0.13602973316103617,0.1360297332741648,0.13602973316103617,0.13602973307775432,0.1360297331191932,0.1360297332741648,0.13602973359148884,0.1360297332741648,0.1360297331191932,0.13602973307775432,0.13602973316103617,0.1360297332741648,0.13602973316103617,0.13602973307775432,0.13602973303609506,0.13602973307775432,0.1360297331191932,0.13602973307775432,0.13602973303609506,0.1350342525478592,0.13503425257435386,0.1350342525963985,0.13503425257435386,0.1350342525478592,0.13503425257435386,0.13503425261742985,0.13503425266051622,0.13503425261742985,0.13503425257435386,0.1350342525963985,0.13503425266051622,0.13503425273944225,0.13503425266051622,0.1350342525963985,0.13503425257435386,0.13503425261742985,0.13503425266051622,0.13503425261742985,0.13503425257435386,0.1350342525478592,0.13503425257435386,0.1350342525963985,0.13503425257435386,0.1350342525478592
0.16533248779471893,0.16533248779471893,0.16533248779471893,0.16533248779471893,0.16533248779471893,0.16533248779471893,0.16533248779471893,0.16533248779471893,0.16533248779471893,0.16533248779471893,0.16533248779471893,0.16533248779471893,0.16533248779471893,0.16533248779471893,0.16533248779471893,0.16533248779471893,0.16533248779471893,0.16533248779471893,0.16533248779471893,0.16533248779471893,0.16533248779471893,0.16533248779471893,0.16533248779471893,0.16533248779471893,0.16533248779471893,0.16375749407571932,0.16375749407571932,0.16375749407571932,0.16375749407571932,0.16375749407571932,0.16375749407571932,0.16375749407571932,0.16375749407571932,0.16375749407571932,0.16375749407571932,0.16375749407571932,0.16375749407571932,0.16375749407571932,0.16375749407571932,0.16375749407571932,0.16375749407571932,0.16375749407571932,0.16375749407571932,0.16375749407571932,0.16375749407571932,0.16375749407571932,0.16375749407571932,0.16375749407571932,0.16375749407571932,0.16375749407571932,0.16221388428860448,0.16221388428860448,0.16221388428860448,0.16221388428860448,0.16221388428860448,0.16221388428860448,0.16221388428860448,0.16221388428860448,0.16221388428860448,0.16221388428860448,0.16221388428860448,0.16221388428860448,0.16221388428860448,0.16221388428860448,0.16221388428860448,0.16221388428860448,0.16221388428860448,0.16221388428860448,0.16221388428860448,0.16221388428860448,0.16221388428860448,0.16221388428860448,0.16221388428860448,0.16221388428860448,0.16221388428860448,0.16070106739041423,0.16070106739041423,0.16070106739041423,0.16070106739041423,0.16070106739041423,0.16070106739041423,0.16070106739041423,0.16070106739041423,0.16070106739041423,0.16070106739041423,0.16070106739041423,0.16070106739041423,0.16070106739041423,0.16070106739041423,0.16070106739041423,0.16070106739041423,0.16070106739041423,0.16070106739041423,0.16070106739041423,0.16070106739041423,0.16070106739041423,0.16070106739041423,0.16070106739041423,0.16070106739041423,0.16070106739041423,0.1592184517561264,0.1592184517561264,0.1592184517561264,0.1592184517561264,0.1592184517561264,0.1592184517561264,0.1592184517561264,0.1592184517561264,0.1592184517561264,0.1592184517561264,0.1592184517561264,0.1592184517561264,0.1592184517561264,0.1592184517561264,0.1592184517561264,0.1592184517561264,0.1592184517561264,0.1592184517561264,0.1592184517561264,0.1592184517561264,0.1592184517561264,0.1592184517561264,0.1592184517561264,0.1592184517561264,0.1592184517561264,0.15776544653050706,0.15776544653050706,0.15776544653050706,0.15776544653050706,0.15776544653050706,0.15776544653050706,0.15776544653050706,0.15776544653050706,0.15776544653050706,0.15776544653050706,0.15776544653050706,0.15776544653050706,0.15776544653050706,0.15776544653050706,0.15776544653050706,0.15776544653050706,0.15776544653050706,0.15776544653050706,0.15776544653050706,0.15776544653050706,0.15776544653050706,0.15776544653050706,0.15776544653050706,0.15776544653050706,0.15776544653050706,0.15634146284243522,0.156341462842435,0.156341462842435,0.156341462842435,0.15634146284243522,0.156341462842435,0.156341462842435,0.15634146284243478,0.156341462842435,0.156341462842435,0.156341462842435,0.15634146284243478,0.15634146284243478,0.15634146284243478,0.156341462842435,0.156341462842435,0.156341462842435,0.15634146284243478,0.156341462842435,0.156341462842435,0.15634146284243522,0.156341462842435,0.156341462842435,0.156341462842435,0.15634146284243522,0.1549459148919617,0.15494591489196127,0.15494591489196086,0.15494591489196127,0.1549459148919617,0.15494591489196127,0.15494591489196063,0.1549459148919604,0.15494591489196063,0.15494591489196127,0.15494591489196086,0.1549459148919604,0.15494591489196002,0.1549459148919604,0.15494591489196086,0.15494591489196127,0.15494591489196063,0.1549459148919604,0.15494591489196063,0.15494591489196127,0.1549459148919617,0.15494591489196127,0.15494591489196086,0.15494591489196127,0.1549459148919617,0.15357822091981485,0.15357822091981363,0.15357822091981263,0.15357822091981363,0.15357822091981485,0.15357822091981363,0.15357822091981202,0.15357822091981124,0.15357822091981202,0.15357822091981363,0.15357822091981263,0.15357822091981124,0.15357822091981044,0.15357822091981124,0.15357822091981263,0.15357822091981363,0.15357822091981202,0.15357822091981124,0.15357822091981202,0.15357822091981363,0.15357822091981485,0.15357822091981363,0.15357822091981263,0.15357822091981363,0.15357822091981485,0.1522378040685041,0.15223780406849974,0.1522378040684972,0.15223780406849974,0.1522378040685041,0.15223780406849974,0.1522378040684956,0.15223780406849288,0.1522378040684954,0.15223780406849974,0.1522378040684972,0.15223780406849288,0.15223780406849008,0.15223780406849288,0.1522378040684972,0.15223780406849974,0.1522378040684954,0.15223780406849288,0.1522378040684954,0.15223780406849974,0.1522378040685041,0.15223780406849974,0.1522378040684972,0.15223780406849974,0.1522378040685041,0.15092409314362729,0.15092409314361477,0.15092409314360702,0.15092409314361477,0.15092409314362729,0.15092409314361477,0.15092409314360164,0.15092409314359334,0.15092409314360164,0.15092409314361477,0.15092409314360702,0.15092409314359334,0.15092409314358488,0.15092409314359334,0.15092409314360702,0.15092409314361477,0.15092409314360164,0.15092409314359334,0.15092409314360164,0.15092409314361477,0.15092409314362729,0.15092409314361477,0.15092409314360702,0.15092409314361477,0.15092409314362729,0.14963652328346805,0.1496365232834312,0.14963652328340754,0.1496365232834312,0.14963652328346805,0.1496365232834312,0.14963652328339108,0.14963652328336557,0.14963652328339108,0.1496365232834312,0.14963652328340754,0.14963652328336557,0.1496365232833389,0.14963652328336557,0.14963652328340754,0.1496365232834312,0.14963652328339108,0.14963652328336557,0.14963652328339108,0.1496365232834312,0.14963652328346805,0.1496365232834312,0.14963652328340754,0.1496365232834312,0.14963652328346805,0.14837453654444582,0.1483745365443374,0.14837453654426735,0.1483745365443374,0.14837453654444582,0.1483745365443374,0.14837453654421529,0.14837453654413632,0.14837453654421529,0.1483745365443374,0.14837453654426735,0.14837453654413632,0.14837453654405147,0.14837453654413632,0.14837453654426735,0.1483745365443374,0.14837453654421529,0.14837453654413632,0.14837453654421529,0.1483745365443374,0.14837453654444582,0.1483745365443374,0.14837453654426735,0.1483745365443374,0.14837453654444582,0.14713758240952013,0.1471375824092006,0.1471375824089917,0.1471375824092006,0.14713758240952013,0.1471375824092006,0.14713758240882838,0.14713758240857988,0.14713758240882838,0.1471375824092006,0.1471375824089917,0.14713758240857988,0.1471375824083023,0.14713758240857988,0.1471375824089917,0.1471375824092006,0.14713758240882838,0.14713758240857988,0.14713758240882838,0.1471375824092006,0.14713758240952013,0.1471375824092006,0.1471375824089917,0.1471375824092006,0.14713758240952013,0.145925118226211,0.14592511822528348,0.1459251182246606,0.14592511822528348,0.145925118226211,0.14592511822528348,0.14592511822414722,0.14592511822335025,0.14592511822414722,0.14592511822528348,0.1459251182246606,0.14592511822335025,0.1459251182224079,0.14592511822335025,0.1459251182246606,0.14592511822528348,0.14592511822414722,0.14592511822335025,0.14592511822414722,0.14592511822528348,0.145925118226211,0.14592511822528348,0.1459251182246606,0.14592511822528348,0.145925118226211,0.14473660958057863,0.14473660957797485,0.14473660957613566,0.14473660957797485,0.14473660958057863,0.14473660957797485,0.14473660957453835,0.14473660957192605,0.14473660957453835,0.14473660957797485,0.14473660957613566,0.14473660957192605,0.14473660956853768,0.14473660957192605,0.14473660957613566,0.14473660957797485,0.14473660957453835,0.14473660957192605,0.14473660957453835,0.14473660957797485,0.14473660958057863,0.14473660957797485,0.14473660957613566,0.14473660957797485,0.14473660958057863,0.14357153061339434,0.14357153060646818,0.1435715306011736,0.14357153060646818,0.14357153061339434,0.14357153060646818,0.14357153059631983,0.14357153058755356,0.14357153059631983,0.14357153060646818,0.1435715306011736,0.14357153058755356,0.14357153057432345,0.14357153058755356,0.1435715306011736,0.14357153060646818,0.14357153059631983,0.14357153058755356,0.14357153059631983,0.14357153060646818,0.14357153061339434,0.14357153060646818,0.1435715306011736,0.14357153060646818,0.14357153061339434,0.14242936428480835,0.14242936426798333,0.14242936425351388,0.14242936426798333,0.14242936428480835,0.14242936426798333,0.1424293642395133,0.14242936420964203,0.1424293642395133,0.14242936426798333,0.14242936425351388,0.14242936420964203,0.14242936415211752,0.14242936420964203,0.14242936425351388,0.14242936426798333,0.1424293642395133,0.14242936420964203,0.1424293642395133,0.14242936426798333,0.14242936428480835,0.14242936426798333,0.14242936425351388,0.14242936426798333,0.14242936428480835,0.14130960259335326,0.14130960255870312,0.14130960252337588,0.14130960255870312,0.14130960259335326,0.14130960255870312,0.14130960248741475,0.14130960238820178,0.14130960248741475,0.14130960255870312,0.14130960252337588,0.14130960238820178,0.14130960210534907,0.14130960238820178,0.14130960252337588,0.14130960255870312,0.14130960248741475,0.14130960238820178,0.14130960248741475,0.14130960255870312,0.14130960259335326,0.14130960255870312,0.14130960252337588,0.14130960255870312,0.14130960259335326,0.1402117467498579,0.14021174669988368,0.1402117466357168,0.14021174669988368,0.1402117467498579,0.14021174669988368,0.14021174656835972,0.14021174629155125,0.14021174656835972,0.14021174669988368,0.1402117466357168,0.14021174629155125,0.14021174472067766,0.14021174629155125,0.1402117466357168,0.14021174669988368,0.14021174656835972,0.14021174629155125,0.14021174656835972,0.14021174669988368,0.1402117467498579,0.14021174669988368,0.1402117466357168,0.14021174669988368,0.1402117467498579,0.13913530728524454,0.13913530726698467,0.13913530724597967,0.13913530726698467,0.13913530728524454,0.13913530726698467,0.1391353072239678,0.139135307155259,0.1391353072239678,0.13913530726698467,0.13913530724597967,0.139135307155259,0.1391353069355058,0.139135307155259,0.13913530724597967,0.13913530726698467,0.1391353072239678,0.139135307155259,0.1391353072239678,0.13913530726698467,0.13913530728524454,0.13913530726698467,0.13913530724597967,0.13913530726698467,0.13913530728524454,0.13807980405171857,0.13807980407509263,0.13807980410081103,0.13807980407509263,0.13807980405171857,0.13807980407509263,0.1380798041274473,0.13807980420764682,0.1380798041274473,0.13807980407509263,0.13807980410081103,0.13807980420764682,0.13807980445665105,0.13807980420764682,0.13807980410081103,0.13807980407509263,0.1380798041274473,0.13807980420764682,0.1380798041274473,0.13807980407509263,0.13807980405171857,0.13807980407509263,0.13807980410081103,0.13807980407509263,0.13807980405171857,0.13704476635907928,0.13704476641640034,0.13704476648870373,0.13704476641640034,0.13704476635907928,0.13704476641640034,0.13704476656429482,0.13704476687155784,0.13704476656429482,0.13704476641640034,0.13704476648870373,0.13704476687155784,0.1370447686043686,0.13704476687155784,0.13704476648870373,0.13704476641640034,0.13704476656429482,0.13704476687155784,0.13704476656429482,0.13704476641640034,0.13704476635907928,0.13704476641640034,0.13704476648870373,0.13704476641640034,0.13704476635907928,0.13602973304255403,0.13602973308449362,0.13602973312621133,0.13602973308449362,0.13602973304255403,0.13602973308449362,0.13602973316833566,0.13602973328222545,0.13602973316833566,0.13602973308449362,0.13602973312621133,0.13602973328222545,0.13602973360168444,0.13602973328222545,0.13602973312621133,0.13602973308449362,0.13602973316833566,0.13602973328222545,0.13602973316833566,0.13602973308449362,0.13602973304255403,0.13602973308449362,0.13602973312621133,0.13602973308449362,0.13602973304255403,0.1350342525545565,0.13503425258122928,0.13503425260342236,0.13503425258122928,0.1350342525545565,0.13503425258122928,0.1350342526245951,0.13503425266797134,0.1350342526245951,0.13503425258122928,0.13503425260342236,0.13503425266797134,0.13503425274742822,0.13503425266797134,0.13503425260342236,0.13503425258122928,0.1350342526245951,0.13503425266797134,0.1350342526245951,0.13503425258122928,0.1350342525545565,0.13503425258122928,0.13503425260342236,0.13503425258122928,0.1350342525545565
0.16533248779309936,0.16533248779309936,0.16533248779309936,0.16533248779309936,0.16533248779309936,0.16533248779309936,0.16533248779309936,0.16533248779309936,0.16533248779309936,0.16533248779309936,0.16533248779309936,0.16533248779309936,0.16533248779309936,0.16533248779309936,0.16533248779309936,0.16533248779309936,0.16533248779309936,0.16533248779309936,0.16533248779309936,0.16533248779309936,0.16533248779309936,0.16533248779309936,0.16533248779309936,0.16533248779309936,0.16533248779309936,0.1637574940741334,0.1637574940741334,0.1637574940741334,0.1637574940741334,0.1637574940741334,0.1637574940741334,0.1637574940741334,0.1637574940741334,0.1637574940741334,0.1637574940741334,0.1637574940741334,0.1637574940741334,0.1637574940741334,0.1637574940741334,0.1637574940741334,0.1637574940741334,0.1637574940741334,0.1637574940741334,0.1637574940741334,0.1637574940741334,0.1637574940741334,0.1637574940741334,0.1637574940741334,0.1637574940741334,0.1637574940741334,0.1622138842870531,0.1622138842870531,0.1622138842870531,0.1622138842870531,0.1622138842870531,0.1622138842870531,0.1622138842870531,0.1622138842870531,0.1622138842870531,0.1622138842870531,0.1622138842870531,0.1622138842870531,0.1622138842870531,0.1622138842870531,0.1622138842870531,0.1622138842870531,0.1622138842870531,0.1622138842870531,0.1622138842870531,0.1622138842870531,0.1622138842870531,0.1622138842870531,0.1622138842870531,0.1622138842870531,0.1622138842870531,0.16070106738889825,0.16070106738889825,0.16070106738889825,0.16070106738889825,0.16070106738889825,0.16070106738889825,0.16070106738889825,0.16070106738889825,0.16070106738889825,0.16070106738889825,0.16070106738889825,0.16070106738889825,0.16070106738889825,0.16070106738889825,0.16070106738889825,0.16070106738889825,0.16070106738889825,0.16070106738889825,0.16070106738889825,0.16070106738889825,0.16070106738889825,0.16070106738889825,0.16070106738889825,0.16070106738889825,0.16070106738889825,0.15921845175464636,0.15921845175464636,0.15921845175464636,0.15921845175464636,0.15921845175464636,0.15921845175464636,0.15921845175464636,0.15921845175464636,0.15921845175464636,0.15921845175464636,0.15921845175464636,0.15921845175464636,0.15921845175464613,0.15921845175464636,0.15921845175464636,0.15921845175464636,0.15921845175464636,0.15921845175464636,0.15921845175464636,0.15921845175464636,0.15921845175464636,0.15921845175464636,0.15921845175464636,0.15921845175464636,0.15921845175464636,0.15776544652906405,0.15776544652906405,0.15776544652906382,0.15776544652906405,0.15776544652906405,0.15776544652906405,0.15776544652906382,0.15776544652906382,0.15776544652906382,0.15776544652906405,0.15776544652906382,0.15776544652906382,0.15776544652906382,0.15776544652906382,0.15776544652906382,0.15776544652906405,0.15776544652906382,0.15776544652906382,0.15776544652906382,0.15776544652906405,0.15776544652906405,0.15776544652906405,0.15776544652906382,0.15776544652906405,0.15776544652906405,0.1563414628410298,0.1563414628410296,0.1563414628410296,0.1563414628410296,0.1563414628410298,0.1563414628410296,0.1563414628410296,0.1563414628410294,0.1563414628410296,0.1563414628410296,0.1563414628410296,0.1563414628410294,0.1563414628410294,0.1563414628410294,0.1563414628410296,0.1563414628410296,0.1563414628410296,0.1563414628410294,0.1563414628410296,0.1563414628410296,0.1563414628410298,0.1563414628410296,0.1563414628410296,0.1563414628410296,0.1563414628410298,0.15494591489059478,0.15494591489059437,0.15494591489059395,0.15494591489059437,0.15494591489059478,0.15494591489059437,0.15494591489059376,0.15494591489059356,0.15494591489059376,0.15494591489059437,0.15494591489059395,0.15494591489059356,0.1549459148905933,0.15494591489059356,0.15494591489059395,0.15494591489059437,0.15494591489059376,0.15494591489059356,0.15494591489059376,0.15494591489059437,0.15494591489059478,0.15494591489059437,0.15494591489059395,0.15494591489059437,0.15494591489059478,0.15357822091848747,0.15357822091848605,0.15357822091848525,0.15357822091848605,0.15357822091848747,0.15357822091848605,0.15357822091848466,0.15357822091848367,0.15357822091848466,0.15357822091848605,0.15357822091848525,0.15357822091848367,0.15357822091848286,0.15357822091848367,0.15357822091848525,0.15357822091848605,0.15357822091848466,0.15357822091848367,0.15357822091848466,0.15357822091848605,0.15357822091848747,0.15357822091848605,0.15357822091848525,0.15357822091848605,0.15357822091848747,0.15223780406721654,0.15223780406721243,0.15223780406720985,0.15223780406721243,0.15223780406721654,0.15223780406721243,0.1522378040672081,0.15223780406720533,0.1522378040672081,0.15223780406721243,0.15223780406720985,0.15223780406720533,0.15223780406720258,0.15223780406720533,0.15223780406720985,0.15223780406721243,0.1522378040672081,0.15223780406720533,0.1522378040672081,0.15223780406721243,0.15223780406721654,0.15223780406721243,0.15223780406720985,0.15223780406721243,0.15223780406721654,0.15092409314238067,0.15092409314236813,0.15092409314236022,0.15092409314236813,0.15092409314238067,0.15092409314236813,0.1509240931423548,0.1509240931423465,0.1509240931423548,0.15092409314236813,0.15092409314236022,0.1509240931423465,0.150924093142338,0.1509240931423465,0.15092409314236022,0.15092409314236813,0.1509240931423548,0.1509240931423465,0.1509240931423548,0.15092409314236813,0.15092409314238067,0.15092409314236813,0.15092409314236022,0.15092409314236813,0.15092409314238067,0.14963652328226285,0.14963652328222557,0.14963652328220214,0.14963652328222557,0.14963652328226285,0.14963652328222557,0.14963652328218532,0.1496365232821598,0.14963652328218532,0.14963652328222557,0.14963652328220214,0.1496365232821598,0.14963652328213292,0.1496365232821598,0.14963652328220214,0.14963652328222557,0.14963652328218532,0.1496365232821598,0.14963652328218532,0.14963652328222557,0.14963652328226285,0.14963652328222557,0.14963652328220214,0.14963652328222557,0.14963652328226285,0.1483745365432827,0.1483745365431739,0.14837453654310329,0.1483745365431739,0.1483745365432827,0.1483745365431739,0.14837453654305105,0.14837453654297172,0.14837453654305105,0.1483745365431739,0.14837453654310329,0.14837453654297172,0.1483745365428863,0.14837453654297172,0.14837453654310329,0.1483745365431739,0.14837453654305105,0.14837453654297172,0.14837453654305105,0.1483745365431739,0.1483745365432827,0.1483745365431739,0.14837453654310329,0.1483745365431739,0.1483745365432827,0.1471375824084013,0.1471375824080796,0.1471375824078696,0.1471375824080796,0.1471375824084013,0.1471375824080796,0.1471375824077054,0.14713758240745542,0.1471375824077054,0.1471375824080796,0.1471375824078696,0.14713758240745542,0.14713758240717623,0.14713758240745542,0.1471375824078696,0.1471375824080796,0.1471375824077054,0.14713758240745542,0.1471375824077054,0.1471375824080796,0.1471375824084013,0.1471375824080796,0.1471375824078696,0.1471375824080796,0.1471375824084013,0.14592511822514048,0.14592511822420726,0.14592511822358065,0.14592511822420726,0.14592511822514048,0.14592511822420726,0.1459251182230641,0.14592511822226226,0.1459251182230641,0.14592511822420726,0.14592511822358065,0.14592511822226226,0.14592511822131427,0.14592511822226226,0.14592511822358065,0.14592511822420726,0.1459251182230641,0.14592511822226226,0.1459251182230641,0.14592511822420726,0.14592511822514048,0.14592511822420726,0.14592511822358065,0.14592511822420726,0.14592511822514048,0.144736609579568,0.14473660957694837,0.1447366095750978,0.14473660957694837,0.144736609579568,0.14473660957694837,0.14473660957349102,0.14473660957086265,0.14473660957349102,0.14473660957694837,0.1447366095750978,0.14473660957086265,0.14473660956745388,0.14473660957086265,0.1447366095750978,0.14473660957694837,0.14473660957349102,0.14473660957086265,0.14473660957349102,0.14473660957694837,0.144736609579568,0.14473660957694837,0.1447366095750978,0.14473660957694837,0.144736609579568,0.14357153061247632,0.1435715306055079,0.14357153060018119,0.1435715306055079,0.14357153061247632,0.1435715306055079,0.14357153059529779,0.1435715305864781,0.14357153059529779,0.1435715306055079,0.14357153060018119,0.1435715305864781,0.14357153057316757,0.1435715305864781,0.14357153060018119,0.1435715306055079,0.14357153059529779,0.1435715305864781,0.14357153059529779,0.1435715306055079,0.14357153061247632,0.1435715306055079,0.14357153060018119,0.1435715306055079,0.14357153061247632,0.1424293642840694,0.14242936426714206,0.14242936425258454,0.14242936426714206,0.1424293642840694,0.14242936426714206,0.14242936423849872,0.14242936420844562,0.14242936423849872,0.14242936426714206,0.14242936425258454,0.14242936420844562,0.14242936415057117,0.14242936420844562,0.14242936425258454,0.14242936426714206,0.14242936423849872,0.14242936420844562,0.14242936423849872,0.14242936426714206,0.1424293642840694,0.14242936426714206,0.14242936425258454,0.14242936426714206,0.1424293642840694,0.14130960259300593,0.1413096025581448,0.14130960252260255,0.1413096025581448,0.14130960259300593,0.1413096025581448,0.14130960248642238,0.14130960238660564,0.14130960248642238,0.1413096025581448,0.14130960252260255,0.14130960238660564,0.1413096021020318,0.14130960238660564,0.14130960252260255,0.1413096025581448,0.14130960248642238,0.14130960238660564,0.14130960248642238,0.1413096025581448,0.14130960259300593,0.1413096025581448,0.14130960252260255,0.1413096025581448,0.14130960259300593,0.14021174675034054,0.1402117467000622,0.1402117466355046,0.1402117467000622,0.14021174675034054,0.1402117467000622,0.1402117465677376,0.14021174628924454,0.1402117465677376,0.1402117467000622,0.1402117466355046,0.14021174628924454,0.1402117447088346,0.14021174628924454,0.1402117466355046,0.1402117467000622,0.1402117465677376,0.14021174628924454,0.1402117465677376,0.1402117467000622,0.14021174675034054,0.1402117467000622,0.1402117466355046,0.1402117467000622,0.14021174675034054,0.13913530728719356,0.13913530726882256,0.1391353072476898,0.13913530726882256,0.13913530728719356,0.13913530726882256,0.13913530722554385,0.13913530715641703,0.13913530722554385,0.13913530726882256,0.1391353072476898,0.13913530715641703,0.1391353069353265,0.13913530715641703,0.1391353072476898,0.13913530726882256,0.13913530722554385,0.13913530715641703,0.13913530722554385,0.13913530726882256,0.13913530728719356,0.13913530726882256,0.1391353072476898,0.13913530726882256,0.13913530728719356,0.13807980405538003,0.13807980407889628,0.13807980410477128,0.13807980407889628,0.13807980405538003,0.13807980407889628,0.13807980413156953,0.13807980421225713,0.13807980413156953,0.13807980407889628,0.13807980410477128,0.13807980421225713,0.1380798044627766,0.13807980421225713,0.13807980410477128,0.13807980407889628,0.13807980413156953,0.13807980421225713,0.13807980413156953,0.13807980407889628,0.13807980405538003,0.13807980407889628,0.13807980410477128,0.13807980407889628,0.13807980405538003,0.13704476636417914,0.137044766421849,0.13704476649459224,0.137044766421849,0.13704476636417914,0.137044766421849,0.13704476657064343,0.1370447668797762,0.13704476657064343,0.137044766421849,0.13704476649459224,0.1370447668797762,0.13704476862313553,0.1370447668797762,0.13704476649459224,0.137044766421849,0.13704476657064343,0.1370447668797762,0.13704476657064343,0.137044766421849,0.13704476636417914,0.137044766421849,0.13704476649459224,0.137044766421849,0.13704476636417914,0.13602973304838903,0.13602973309058372,0.13602973313255537,0.13602973309058372,0.13602973304838903,0.13602973309058372,0.1360297331749362,0.13602973328951887,0.1360297331749362,0.13602973309058372,0.13602973313255537,0.13602973328951887,0.13602973361092188,0.13602973328951887,0.13602973313255537,0.13602973309058372,0.1360297331749362,0.13602973328951887,0.1360297331749362,0.13602973309058372,0.13602973304838903,0.13602973309058372,0.13602973313255537,0.13602973309058372,0.13602973304838903,0.13503425256060814,0.13503425258744325,0.1350342526097713,0.13503425258744325,0.13503425256060814,0.13503425258744325,0.1350342526310729,0.1350342526747131,0.1350342526310729,0.13503425258744325,0.1350342526097713,0.1350342526747131,0.13503425275465342,0.1350342526747131,0.1350342526097713,0.13503425258744325,0.1350342526310729,0.1350342526747131,0.1350342526310729,0.13503425258744325,0.13503425256060814,0.13503425258744325,0.1350342526097713,0.13503425258744325,0.13503425256060814
0.16533248779164378,0.16533248779164378,0.16533248779164378,0.16533248779164378,0.16533248779164378,0.16533248779164378,0.16533248779164378,0.16533248779164378,0.16533248779164378,0.16533248779164378,0.16533248779164378,0.16533248779164378,0.16533248779164378,0.16533248779164378,0.16533248779164378,0.16533248779164378,0.16533248779164378,0.16533248779164378,0.16533248779164378,0.16533248779164378,0.16533248779164378,0.16533248779164378,0.16533248779164378,0.16533248779164378,0.16533248779164378,0.1637574940727082,0.1637574940727082,0.1637574940727082,0.1637574940727082,0.1637574940727082,0.1637574940727082,0.1637574940727082,0.1637574940727082,0.1637574940727082,0.1637574940727082,0.1637574940727082,0.1637574940727082,0.1637574940727082,0.1637574940727082,0.1637574940727082,0.1637574940727082,0.1637574940727082,0.1637574940727082,0.1637574940727082,0.1637574940727082,0.1637574940727082,0.1637574940727082,0.1637574940727082,0.1637574940727082,0.1637574940727082,0.1622138842856588,0.1622138842856588,0.1622138842856588,0.1622138842856588,0.1622138842856588,0.1622138842856588,0.1622138842856588,0.1622138842856588,0.1622138842856588,0.1622138842856588,0.1622138842856588,0.1622138842856588,0.1622138842856588,0.1622138842856588,0.1622138842856588,0.1622138842856588,0.1622138842856588,0.1622138842856588,0.1622138842856588,0.1622138842856588,0.1622138842856588,0.1622138842856588,0.1622138842856588,0.1622138842856588,0.1622138842856588,0.1607010673875353,0.1607010673875353,0.1607010673875353,0.1607010673875353,0.1607010673875353,0.1607010673875353,0.1607010673875353,0.1607010673875353,0.1607010673875353,0.1607010673875353,0.1607010673875353,0.1607010673875353,0.1607010673875353,0.1607010673875353,0.1607010673875353,0.1607010673875353,0.1607010673875353,0.1607010673875353,0.1607010673875353,0.1607010673875353,0.1607010673875353,0.1607010673875353,0.1607010673875353,0.1607010673875353,0.1607010673875353,0.15921845175331567,0.15921845175331567,0.15921845175331545,0.15921845175331567,0.15921845175331567,0.15921845175331567,0.15921845175331545,0.15921845175331545,0.15921845175331545,0.15921845175331567,0.15921845175331545,0.15921845175331545,0.15921845175331545,0.15921845175331545,0.15921845175331545,0.15921845175331567,0.15921845175331545,0.15921845175331545,0.15921845175331545,0.15921845175331567,0.15921845175331567,0.15921845175331567,0.15921845175331545,0.15921845175331567,0.15921845175331567,0.1577654465277661,0.1577654465277659,0.1577654465277659,0.1577654465277659,0.1577654465277661,0.1577654465277659,0.1577654465277659,0.1577654465277659,0.1577654465277659,0.1577654465277659,0.1577654465277659,0.1577654465277659,0.1577654465277659,0.1577654465277659,0.1577654465277659,0.1577654465277659,0.1577654465277659,0.1577654465277659,0.1577654465277659,0.1577654465277659,0.1577654465277661,0.1577654465277659,0.1577654465277659,0.1577654465277659,0.1577654465277661,0.15634146283976533,0.1563414628397651,0.1563414628397651,0.1563414628397651,0.15634146283976533,0.1563414628397651,0.15634146283976494,0.15634146283976494,0.15634146283976494,0.1563414628397651,0.1563414628397651,0.15634146283976494,0.1563414628397647,0.15634146283976494,0.1563414628397651,0.1563414628397651,0.15634146283976494,0.15634146283976494,0.15634146283976494,0.1563414628397651,0.15634146283976533,0.1563414628397651,0.1563414628397651,0.1563414628397651,0.15634146283976533,0.15494591488936435,0.15494591488936374,0.15494591488936355,0.15494591488936374,0.15494591488936435,0.15494591488936374,0.15494591488936335,0.15494591488936316,0.15494591488936335,0.15494591488936374,0.15494591488936355,0.15494591488936316,0.1549459148893627,0.15494591488936316,0.15494591488936355,0.15494591488936374,0.15494591488936335,0.15494591488936316,0.15494591488936335,0.15494591488936374,0.15494591488936435,0.15494591488936374,0.15494591488936355,0.15494591488936374,0.15494591488936435,0.15357822091729165,0.15357822091729023,0.15357822091728943,0.15357822091729023,0.15357822091729165,0.15357822091729023,0.15357822091728884,0.15357822091728804,0.15357822091728884,0.15357822091729023,0.15357822091728943,0.15357822091728804,0.153578220917287,0.15357822091728804,0.15357822091728943,0.15357822091729023,0.15357822091728884,0.15357822091728804,0.15357822091728884,0.15357822091729023,0.15357822091729165,0.15357822091729023,0.15357822091728943,0.15357822091729023,0.15357822091729165,0.1522378040660562,0.15223780406605184,0.1522378040660493,0.15223780406605184,0.1522378040660562,0.15223780406605184,0.15223780406604753,0.15223780406604476,0.15223780406604753,0.15223780406605184,0.1522378040660493,0.15223780406604476,0.152237804066042,0.15223780406604476,0.1522378040660493,0.15223780406605184,0.15223780406604753,0.15223780406604476,0.15223780406604753,0.15223780406605184,0.1522378040660562,0.15223780406605184,0.1522378040660493,0.15223780406605184,0.1522378040660562,0.15092409314125613,0.1509240931412434,0.15092409314123548,0.1509240931412434,0.15092409314125613,0.1509240931412434,0.1509240931412303,0.1509240931412218,0.1509240931412303,0.1509240931412434,0.15092409314123548,0.1509240931412218,0.1509240931412133,0.1509240931412218,0.15092409314123548,0.1509240931412434,0.1509240931412303,0.1509240931412218,0.1509240931412303,0.1509240931412434,0.15092409314125613,0.1509240931412434,0.15092409314123548,0.1509240931412434,0.15092409314125613,0.14963652328117466,0.1496365232811374,0.14963652328111376,0.1496365232811374,0.14963652328117466,0.1496365232811374,0.14963652328109694,0.14963652328107122,0.14963652328109694,0.1496365232811374,0.14963652328111376,0.14963652328107122,0.14963652328104438,0.14963652328107122,0.14963652328111376,0.1496365232811374,0.14963652328109694,0.14963652328107122,0.14963652328109694,0.1496365232811374,0.14963652328117466,0.1496365232811374,0.14963652328111376,0.1496365232811374,0.14963652328117466,0.1483745365422317,0.14837453654212251,0.14837453654205174,0.14837453654212251,0.1483745365422317,0.14837453654212251,0.1483745365419991,0.14837453654191943,0.1483745365419991,0.14837453654212251,0.14837453654205174,0.14837453654191943,0.1483745365418334,0.14837453654191943,0.14837453654205174,0.14837453654212251,0.1483745365419991,0.14837453654191943,0.1483745365419991,0.14837453654212251,0.1483745365422317,0.14837453654212251,0.14837453654205174,0.14837453654212251,0.1483745365422317,0.14713758240738928,0.14713758240706576,0.14713758240685487,0.14713758240706576,0.14713758240738928,0.14713758240706576,0.14713758240668956,0.14713758240643832,0.14713758240668956,0.14713758240706576,0.14713758240685487,0.14713758240643832,0.14713758240615765,0.14713758240643832,0.14713758240685487,0.14713758240706576,0.14713758240668956,0.14713758240643832,0.14713758240668956,0.14713758240706576,0.14713758240738928,0.14713758240706576,0.14713758240685487,0.14713758240706576,0.14713758240738928,0.14592511822417145,0.1459251182232329,0.14592511822260287,0.1459251182232329,0.14592511822417145,0.1459251182232329,0.14592511822208368,0.14592511822127738,0.14592511822208368,0.1459251182232329,0.14592511822260287,0.14592511822127738,0.1459251182203242,0.14592511822127738,0.14592511822260287,0.1459251182232329,0.14592511822208368,0.14592511822127738,0.14592511822208368,0.1459251182232329,0.14592511822417145,0.1459251182232329,0.14592511822260287,0.1459251182232329,0.14592511822417145,0.14473660957865214,0.144736609576018,0.1447366095741573,0.144736609576018,0.14473660957865214,0.144736609576018,0.14473660957254184,0.14473660956989914,0.14473660957254184,0.144736609576018,0.1447366095741573,0.14473660956989914,0.1447366095664717,0.14473660956989914,0.1447366095741573,0.144736609576018,0.14473660957254184,0.14473660956989914,0.14473660957254184,0.144736609576018,0.14473660957865214,0.144736609576018,0.1447366095741573,0.144736609576018,0.14473660957865214,0.14357153061164302,0.14357153060463662,0.1435715305992806,0.14357153060463662,0.14357153061164302,0.14357153060463662,0.14357153059437053,0.1435715305855026,0.14357153059437053,0.14357153060463662,0.1435715305992806,0.1435715305855026,0.14357153057211935,0.1435715305855026,0.1435715305992806,0.14357153060463662,0.14357153059437053,0.1435715305855026,0.14357153059437053,0.14357153060463662,0.14357153061164302,0.14357153060463662,0.1435715305992806,0.14357153060463662,0.14357153061164302,0.1424293642833974,0.14242936426637742,0.1424293642517404,0.14242936426637742,0.1424293642833974,0.14242936426637742,0.14242936423757743,0.1424293642073601,0.14242936423757743,0.14242936426637742,0.1424293642517404,0.1424293642073601,0.14242936414916946,0.1424293642073601,0.1424293642517404,0.14242936426637742,0.14242936423757743,0.1424293642073601,0.14242936423757743,0.14242936426637742,0.1424293642833974,0.14242936426637742,0.1424293642517404,0.14242936426637742,0.1424293642833974,0.14130960259268668,0.14130960255763492,0.14130960252189848,0.14130960255763492,0.14130960259268668,0.14130960255763492,0.14130960248552046,0.14130960238515833,0.14130960248552046,0.14130960255763492,0.14130960252189848,0.14130960238515833,0.1413096020990293,0.14130960238515833,0.14130960252189848,0.14130960255763492,0.14130960248552046,0.14130960238515833,0.14130960248552046,0.14130960255763492,0.14130960259268668,0.14130960255763492,0.14130960252189848,0.14130960255763492,0.14130960259268668,0.14021174675077058,0.1402117467002173,0.14021174663530708,0.1402117467002173,0.14021174675077058,0.1402117467002173,0.14021174656716967,0.14021174628715452,0.14021174656716967,0.1402117467002173,0.14021174663530708,0.14021174628715452,0.1402117446981016,0.14021174628715452,0.14021174663530708,0.1402117467002173,0.14021174656716967,0.14021174628715452,0.14021174656716967,0.1402117467002173,0.14021174675077058,0.1402117467002173,0.14021174663530708,0.1402117467002173,0.14021174675077058,0.13913530728894816,0.13913530727047657,0.1391353072492284,0.13913530727047657,0.13913530728894816,0.13913530727047657,0.13913530722696132,0.13913530715745678,0.13913530722696132,0.13913530727047657,0.1391353072492284,0.13913530715745678,0.13913530693515797,0.13913530715745678,0.1391353072492284,0.13913530727047657,0.13913530722696132,0.13913530715745678,0.13913530722696132,0.13913530727047657,0.13913530728894816,0.13913530727047657,0.1391353072492284,0.13913530727047657,0.13913530728894816,0.1380798040586812,0.13807980408232592,0.13807980410834236,0.13807980408232592,0.1380798040586812,0.13807980408232592,0.13807980413528714,0.13807980421641564,0.13807980413528714,0.13807980408232592,0.13807980410834236,0.13807980421641564,0.13807980446830415,0.13807980421641564,0.13807980410834236,0.13807980408232592,0.13807980413528714,0.13807980421641564,0.13807980413528714,0.13807980408232592,0.1380798040586812,0.13807980408232592,0.13807980410834236,0.13807980408232592,0.1380798040586812,0.1370447663687797,0.13704476642676475,0.1370447664999056,0.13704476642676475,0.1370447663687797,0.13704476642676475,0.1370447665763723,0.13704476688719455,0.1370447665763723,0.13704476642676475,0.1370447664999056,0.13704476688719455,0.13704476864007506,0.13704476688719455,0.1370447664999056,0.13704476642676475,0.1370447665763723,0.13704476688719455,0.1370447665763723,0.13704476642676475,0.1370447663687797,0.13704476642676475,0.1370447664999056,0.13704476642676475,0.1370447663687797,0.13602973305365382,0.13602973309607902,0.13602973313827998,0.13602973309607902,0.13602973305365382,0.13602973309607902,0.13602973318089237,0.13602973329610116,0.13602973318089237,0.13602973309607902,0.13602973313827998,0.13602973329610116,0.13602973361926052,0.13602973329610116,0.13602973313827998,0.13602973309607902,0.13602973318089237,0.13602973329610116,0.13602973318089237,0.13602973309607902,0.13602973305365382,0.13602973309607902,0.13602973313827998,0.13602973309607902,0.13602973305365382,0.1350342525660687,0.13503425259305052,0.13503425261550053,0.13503425259305052,0.1350342525660687,0.13503425259305052,0.13503425263691837,0.13503425268079708,0.13503425263691837,0.13503425259305052,0.13503425261550053,0.13503425268079708,0.1350342527611744,0.13503425268079708,0.13503425261550053,0.13503425259305052,0.13503425263691837,0.13503425268079708,0.13503425263691837,0.13503425259305052,0.1350342525660687,0.13503425259305052,0.13503425261550053,0.13503425259305052,0.1350342525660687
0.16533248779033616,0.16533248779033616,0.16533248779033616,0.16533248779033616,0.16533248779033616,0.16533248779033616,0.16533248779033616,0.16533248779033616,0.16533248779033616,0.16533248779033616,0.16533248779033616,0.16533248779033616,0.16533248779033616,0.16533248779033616,0.16533248779033616,0.16533248779033616,0.16533248779033616,0.16533248779033616,0.16533248779033616,0.16533248779033616,0.16533248779033616,0.16533248779033616,0.16533248779033616,0.16533248779033616,0.16533248779033616,0.16375749407142778,0.16375749407142778,0.16375749407142778,0.16375749407142778,0.16375749407142778,0.16375749407142778,0.16375749407142778,0.16375749407142778,0.16375749407142778,0.16375749407142778,0.16375749407142778,0.16375749407142778,0.16375749407142778,0.16375749407142778,0.16375749407142778,0.16375749407142778,0.16375749407142778,0.16375749407142778,0.16375749407142778,0.16375749407142778,0.16375749407142778,0.16375749407142778,0.16375749407142778,0.16375749407142778,0.16375749407142778,0.1622138842844062,0.1622138842844062,0.1622138842844062,0.1622138842844062,0.1622138842844062,0.1622138842844062,0.1622138842844062,0.1622138842844062,0.1622138842844062,0.1622138842844062,0.1622138842844062,0.1622138842844062,0.1622138842844062,0.1622138842844062,0.1622138842844062,0.1622138842844062,0.1622138842844062,0.1622138842844062,0.1622138842844062,0.1622138842844062,0.1622138842844062,0.1622138842844062,0.1622138842844062,0.1622138842844062,0.1622138842844062,0.16070106738631104,0.16070106738631104,0.16070106738631104,0.16070106738631104,0.16070106738631104,0.16070106738631104,0.16070106738631104,0.16070106738631104,0.16070106738631104,0.16070106738631104,0.16070106738631104,0.16070106738631104,0.16070106738631104,0.16070106738631104,0.16070106738631104,0.16070106738631104,0.16070106738631104,0.16070106738631104,0.16070106738631104,0.16070106738631104,0.16070106738631104,0.16070106738631104,0.16070106738631104,0.16070106738631104,0.16070106738631104,0.1592184517521204,0.1592184517521204,0.1592184517521204,0.1592184517521204,0.1592184517521204,0.1592184517521204,0.1592184517521204,0.1592184517521204,0.1592184517521204,0.1592184517521204,0.1592184517521204,0.1592184517521204,0.15921845175212018,0.1592184517521204,0.1592184517521204,0.1592184517521204,0.1592184517521204,0.1592184517521204,0.1592184517521204,0.1592184517521204,0.1592184517521204,0.1592184517521204,0.1592184517521204,0.1592184517521204,0.1592184517521204,0.1577654465266005,0.1577654465266003,0.1577654465266003,0.1577654465266003,0.1577654465266005,0.1577654465266003,0.1577654465266003,0.1577654465266003,0.1577654465266003,0.1577654465266003,0.1577654465266003,0.1577654465266003,0.1577654465266003,0.1577654465266003,0.1577654465266003,0.1577654465266003,0.1577654465266003,0.1577654465266003,0.1577654465266003,0.1577654465266003,0.1577654465266005,0.1577654465266003,0.1577654465266003,0.1577654465266003,0.1577654465266005,0.15634146283862987,0.15634146283862968,0.15634146283862968,0.15634146283862968,0.15634146283862987,0.15634146283862968,0.15634146283862946,0.15634146283862946,0.15634146283862946,0.15634146283862968,0.15634146283862968,0.15634146283862946,0.15634146283862946,0.15634146283862946,0.15634146283862968,0.15634146283862968,0.15634146283862946,0.15634146283862946,0.15634146283862946,0.15634146283862968,0.15634146283862987,0.15634146283862968,0.15634146283862968,0.15634146283862968,0.15634146283862987,0.1549459148882598,0.15494591488825937,0.15494591488825896,0.15494591488825937,0.1549459148882598,0.15494591488825937,0.15494591488825873,0.15494591488825857,0.15494591488825873,0.15494591488825937,0.15494591488825896,0.15494591488825857,0.15494591488825812,0.15494591488825857,0.15494591488825896,0.15494591488825937,0.15494591488825873,0.15494591488825857,0.15494591488825873,0.15494591488825937,0.1549459148882598,0.15494591488825937,0.15494591488825896,0.15494591488825937,0.1549459148882598,0.15357822091621853,0.15357822091621715,0.15357822091621634,0.15357822091621715,0.15357822091621853,0.15357822091621715,0.15357822091621576,0.15357822091621492,0.15357822091621576,0.15357822091621715,0.15357822091621634,0.15357822091621492,0.15357822091621393,0.15357822091621492,0.15357822091621634,0.15357822091621715,0.15357822091621576,0.15357822091621492,0.15357822091621576,0.15357822091621715,0.15357822091621853,0.15357822091621715,0.15357822091621634,0.15357822091621715,0.15357822091621853,0.1522378040650151,0.15223780406501097,0.1522378040650082,0.15223780406501097,0.1522378040650151,0.15223780406501097,0.15223780406500664,0.15223780406500387,0.15223780406500664,0.15223780406501097,0.1522378040650082,0.15223780406500387,0.15223780406500095,0.15223780406500387,0.1522378040650082,0.15223780406501097,0.15223780406500664,0.15223780406500387,0.15223780406500664,0.15223780406501097,0.1522378040650151,0.15223780406501097,0.1522378040650082,0.15223780406501097,0.1522378040650151,0.15092409314024774,0.150924093140235,0.1509240931402271,0.150924093140235,0.15092409314024774,0.150924093140235,0.1509240931402217,0.15092409314021338,0.1509240931402217,0.150924093140235,0.1509240931402271,0.15092409314021338,0.15092409314020472,0.15092409314021338,0.1509240931402271,0.150924093140235,0.1509240931402217,0.15092409314021338,0.1509240931402217,0.150924093140235,0.15092409314024774,0.150924093140235,0.1509240931402271,0.150924093140235,0.15092409314024774,0.14963652328019955,0.1496365232801621,0.1496365232801383,0.1496365232801621,0.14963652328019955,0.1496365232801621,0.14963652328012145,0.14963652328009575,0.14963652328012145,0.1496365232801621,0.1496365232801383,0.14963652328009575,0.14963652328006852,0.14963652328009575,0.1496365232801383,0.1496365232801621,0.14963652328012145,0.14963652328009575,0.14963652328012145,0.1496365232801621,0.14963652328019955,0.1496365232801621,0.1496365232801383,0.1496365232801621,0.14963652328019955,0.1483745365412902,0.1483745365411807,0.14837453654110971,0.1483745365411807,0.1483745365412902,0.1483745365411807,0.1483745365410569,0.14837453654097665,0.1483745365410569,0.1483745365411807,0.14837453654110971,0.14837453654097665,0.14837453654089047,0.14837453654097665,0.14837453654110971,0.1483745365411807,0.1483745365410569,0.14837453654097665,0.1483745365410569,0.1483745365411807,0.1483745365412902,0.1483745365411807,0.14837453654110971,0.1483745365411807,0.1483745365412902,0.14713758240648336,0.1471375824061582,0.1471375824059464,0.1471375824061582,0.14713758240648336,0.1471375824061582,0.14713758240578037,0.14713758240552802,0.14713758240578037,0.1471375824061582,0.1471375824059464,0.14713758240552802,0.14713758240524594,0.14713758240552802,0.1471375824059464,0.1471375824061582,0.14713758240578037,0.14713758240552802,0.14713758240578037,0.1471375824061582,0.14713758240648336,0.1471375824061582,0.1471375824059464,0.1471375824061582,0.14713758240648336,0.14592511822330445,0.14592511822236143,0.1459251182217284,0.14592511822236143,0.14592511822330445,0.14592511822236143,0.1459251182212067,0.1459251182203965,0.1459251182212067,0.14592511822236143,0.1459251182217284,0.1459251182203965,0.14592511821943868,0.1459251182203965,0.1459251182217284,0.14592511822236143,0.1459251182212067,0.1459251182203965,0.1459251182212067,0.14592511822236143,0.14592511822330445,0.14592511822236143,0.1459251182217284,0.14592511822236143,0.14592511822330445,0.14473660957783366,0.14473660957518678,0.14473660957331666,0.14473660957518678,0.14473660957783366,0.14473660957518678,0.1447366095716937,0.1447366095690381,0.1447366095716937,0.14473660957518678,0.14473660957331666,0.1447366095690381,0.14473660956559387,0.1447366095690381,0.14473660957331666,0.14473660957518678,0.1447366095716937,0.1447366095690381,0.1447366095716937,0.14473660957518678,0.14473660957783366,0.14473660957518678,0.14473660957331666,0.14473660957518678,0.14473660957783366,0.14357153061089917,0.14357153060385855,0.14357153059847655,0.14357153060385855,0.14357153061089917,0.14357153060385855,0.1435715305935427,0.14357153058463162,0.1435715305935427,0.14357153060385855,0.14357153059847655,0.14357153058463162,0.1435715305711832,0.14357153058463162,0.14357153059847655,0.14357153060385855,0.1435715305935427,0.14357153058463162,0.1435715305935427,0.14357153060385855,0.14357153061089917,0.14357153060385855,0.14357153059847655,0.14357153060385855,0.14357153061089917,0.1424293642827985,0.14242936426569588,0.14242936425098754,0.14242936426569588,0.1424293642827985,0.14242936426569588,0.14242936423675565,0.14242936420639135,0.14242936423675565,0.14242936426569588,0.14242936425098754,0.14242936420639135,0.14242936414791751,0.14242936420639135,0.14242936425098754,0.14242936426569588,0.14242936423675565,0.14242936420639135,0.14242936423675565,0.14242936426569588,0.1424293642827985,0.14242936426569588,0.14242936425098754,0.14242936426569588,0.1424293642827985,0.14130960259240447,0.14130960255718214,0.14130960252127184,0.14130960255718214,0.14130960259240447,0.14130960255718214,0.14130960248471672,0.1413096023838663,0.14130960248471672,0.14130960255718214,0.14130960252127184,0.1413096023838663,0.14130960209634538,0.1413096023838663,0.14130960252127184,0.14130960255718214,0.14130960248471672,0.1413096023838663,0.14130960248471672,0.14130960255718214,0.14130960259240447,0.14130960255718214,0.14130960252127184,0.14130960255718214,0.14130960259240447,0.1402117467511597,0.14021174670036052,0.14021174663513436,0.14021174670036052,0.1402117467511597,0.14021174670036052,0.14021174656666544,0.14021174628528787,0.14021174656666544,0.14021174670036052,0.14021174663513436,0.14021174628528787,0.14021174468850836,0.14021174628528787,0.14021174663513436,0.14021174670036052,0.14021174656666544,0.14021174628528787,0.14021174656666544,0.14021174670036052,0.1402117467511597,0.14021174670036052,0.14021174663513436,0.14021174670036052,0.1402117467511597,0.13913530729052326,0.13913530727196186,0.1391353072506101,0.13913530727196186,0.13913530729052326,0.13913530727196186,0.13913530722823492,0.13913530715839215,0.13913530722823492,0.13913530727196186,0.1391353072506101,0.13913530715839215,0.13913530693501183,0.13913530715839215,0.1391353072506101,0.13913530727196186,0.13913530722823492,0.13913530715839215,0.13913530722823492,0.13913530727196186,0.13913530729052326,0.13913530727196186,0.1391353072506101,0.13913530727196186,0.13913530729052326,0.13807980406164122,0.138079804085401,0.13807980411154394,0.138079804085401,0.13807980406164122,0.138079804085401,0.13807980413861975,0.138079804220143,0.13807980413861975,0.138079804085401,0.13807980411154394,0.138079804220143,0.13807980447325677,0.138079804220143,0.13807980411154394,0.138079804085401,0.13807980413861975,0.138079804220143,0.13807980413861975,0.138079804085401,0.13807980406164122,0.138079804085401,0.13807980411154394,0.138079804085401,0.13807980406164122,0.13704476637290322,0.13704476643117042,0.13704476650466701,0.13704476643117042,0.13704476637290322,0.13704476643117042,0.13704476658150563,0.13704476689384004,0.13704476658150563,0.13704476643117042,0.13704476650466701,0.13704476689384004,0.1370447686552479,0.13704476689384004,0.13704476650466701,0.13704476643117042,0.13704476658150563,0.13704476689384004,0.13704476658150563,0.13704476643117042,0.13704476637290322,0.13704476643117042,0.13704476650466701,0.13704476643117042,0.13704476637290322,0.13602973305837185,0.1360297331010036,0.13602973314340971,0.1360297331010036,0.13602973305837185,0.1360297331010036,0.1360297331862295,0.1360297333019986,0.1360297331862295,0.1360297331010036,0.13602973314340971,0.1360297333019986,0.13602973362673013,0.1360297333019986,0.13602973314340971,0.1360297331010036,0.1360297331862295,0.1360297333019986,0.1360297331862295,0.1360297331010036,0.13602973305837185,0.1360297331010036,0.13602973314340971,0.1360297331010036,0.13602973305837185,0.13503425257096216,0.13503425259807528,0.1350342526206344,0.13503425259807528,0.13503425257096216,0.13503425259807528,0.13503425264215652,0.13503425268624875,0.13503425264215652,0.13503425259807528,0.1350342526206344,0.13503425268624875,0.13503425276701692,0.13503425268624875,0.1350342526206344,0.13503425259807528,0.13503425264215652,0.13503425268624875,0.13503425264215652,0.13503425259807528,0.13503425257096216,0.13503425259807528,0.1350342526206344,0.13503425259807528,0.13503425257096216
0.16533248778916942,0.16533248778916942,0.16533248778916942,0.16533248778916942,0.16533248778916942,0.16533248778916942,0.16533248778916942,0.16533248778916942,0.16533248778916942,0.16533248778916942,0.16533248778916942,0.16533248778916942,0.16533248778916942,0.16533248778916942,0.16533248778916942,0.16533248778916942,0.16533248778916942,0.16533248778916942,0.16533248778916942,0.16533248778916942,0.16533248778916942,0.16533248778916942,0.16533248778916942,0.16533248778916942,0.16533248778916942,0.16375749407028545,0.16375749407028545,0.16375749407028545,0.16375749407028545,0.16375749407028545,0.16375749407028545,0.16375749407028545,0.16375749407028545,0.16375749407028545,0.16375749407028545,0.16375749407028545,0.16375749407028545,0.16375749407028545,0.16375749407028545,0.16375749407028545,0.16375749407028545,0.16375749407028545,0.16375749407028545,0.16375749407028545,0.16375749407028545,0.16375749407028545,0.16375749407028545,0.16375749407028545,0.16375749407028545,0.16375749407028545,0.1622138842832889,0.1622138842832889,0.1622138842832889,0.1622138842832889,0.1622138842832889,0.1622138842832889,0.1622138842832889,0.1622138842832889,0.1622138842832889,0.1622138842832889,0.1622138842832889,0.1622138842832889,0.1622138842832889,0.1622138842832889,0.1622138842832889,0.1622138842832889,0.1622138842832889,0.1622138842832889,0.1622138842832889,0.1622138842832889,0.1622138842832889,0.1622138842832889,0.1622138842832889,0.1622138842832889,0.1622138842832889,0.1607010673852194,0.1607010673852194,0.1607010673852194,0.1607010673852194,0.1607010673852194,0.1607010673852194,0.1607010673852194,0.1607010673852194,0.1607010673852194,0.1607010673852194,0.1607010673852194,0.1607010673852194,0.1607010673852194,0.1607010673852194,0.1607010673852194,0.1607010673852194,0.1607010673852194,0.1607010673852194,0.1607010673852194,0.1607010673852194,0.1607010673852194,0.1607010673852194,0.1607010673852194,0.1607010673852194,0.1607010673852194,0.15921845175105467,0.15921845175105467,0.15921845175105467,0.15921845175105467,0.15921845175105467,0.15921845175105467,0.15921845175105467,0.15921845175105467,0.15921845175105467,0.15921845175105467,0.15921845175105467,0.15921845175105467,0.15921845175105467,0.15921845175105467,0.15921845175105467,0.15921845175105467,0.15921845175105467,0.15921845175105467,0.15921845175105467,0.15921845175105467,0.15921845175105467,0.15921845175105467,0.15921845175105467,0.15921845175105467,0.15921845175105467,0.1577654465255616,0.1577654465255616,0.15776544652556138,0.1577654465255616,0.1577654465255616,0.1577654465255616,0.15776544652556138,0.15776544652556138,0.15776544652556138,0.1577654465255616,0.15776544652556138,0.15776544652556138,0.15776544652556138,0.15776544652556138,0.15776544652556138,0.1577654465255616,0.15776544652556138,0.15776544652556138,0.15776544652556138,0.1577654465255616,0.1577654465255616,0.1577654465255616,0.15776544652556138,0.1577654465255616,0.1577654465255616,0.1563414628376184,0.15634146283761824,0.15634146283761824,0.15634146283761824,0.1563414628376184,0.15634146283761824,0.15634146283761824,0.15634146283761802,0.15634146283761824,0.15634146283761824,0.15634146283761824,0.15634146283761802,0.15634146283761802,0.15634146283761802,0.15634146283761824,0.15634146283761824,0.15634146283761824,0.15634146283761802,0.15634146283761824,0.15634146283761824,0.1563414628376184,0.15634146283761824,0.15634146283761824,0.15634146283761824,0.1563414628376184,0.15494591488727652,0.1549459148872759,0.1549459148872757,0.1549459148872759,0.15494591488727652,0.1549459148872759,0.1549459148872755,0.15494591488727508,0.1549459148872755,0.1549459148872759,0.1549459148872757,0.15494591488727508,0.15494591488727488,0.15494591488727508,0.1549459148872757,0.1549459148872759,0.1549459148872755,0.15494591488727508,0.1549459148872755,0.1549459148872759,0.15494591488727652,0.1549459148872759,0.1549459148872757,0.1549459148872759,0.15494591488727652,0.15357822091526394,0.15357822091526255,0.15357822091526172,0.15357822091526255,0.15357822091526394,0.15357822091526255,0.15357822091526113,0.15357822091526013,0.15357822091526113,0.15357822091526255,0.15357822091526172,0.15357822091526013,0.1535782209152593,0.15357822091526013,0.15357822091526172,0.15357822091526255,0.15357822091526113,0.15357822091526013,0.15357822091526113,0.15357822091526255,0.15357822091526394,0.15357822091526255,0.15357822091526172,0.15357822091526255,0.15357822091526394,0.15223780406408977,0.1522378040640856,0.15223780406408285,0.1522378040640856,0.15223780406408977,0.1522378040640856,0.15223780406408108,0.15223780406407833,0.15223780406408108,0.1522378040640856,0.15223780406408285,0.15223780406407833,0.15223780406407558,0.15223780406407833,0.15223780406408285,0.1522378040640856,0.15223780406408108,0.15223780406407833,0.15223780406408108,0.1522378040640856,0.15223780406408977,0.1522378040640856,0.15223780406408285,0.1522378040640856,0.15223780406408977,0.1509240931393522,0.1509240931393395,0.15092409313933156,0.1509240931393395,0.1509240931393522,0.1509240931393395,0.15092409313932617,0.15092409313931784,0.15092409313932617,0.1509240931393395,0.15092409313933156,0.15092409313931784,0.15092409313930918,0.15092409313931784,0.15092409313933156,0.1509240931393395,0.15092409313932617,0.15092409313931784,0.15092409313932617,0.1509240931393395,0.1509240931393522,0.1509240931393395,0.15092409313933156,0.1509240931393395,0.1509240931393522,0.1496365232793345,0.14963652327929688,0.14963652327927304,0.14963652327929688,0.1496365232793345,0.14963652327929688,0.1496365232792562,0.14963652327923033,0.1496365232792562,0.14963652327929688,0.14963652327927304,0.14963652327923033,0.14963652327920307,0.14963652327923033,0.14963652327927304,0.14963652327929688,0.1496365232792562,0.14963652327923033,0.1496365232792562,0.14963652327929688,0.1496365232793345,0.14963652327929688,0.14963652327927304,0.14963652327929688,0.1496365232793345,0.1483745365404564,0.14837453654034635,0.1483745365402752,0.14837453654034635,0.1483745365404564,0.14837453654034635,0.14837453654022217,0.14837453654014174,0.14837453654022217,0.14837453654034635,0.1483745365402752,0.14837453654014174,0.148374536540055,0.14837453654014174,0.1483745365402752,0.14837453654034635,0.14837453654022217,0.14837453654014174,0.14837453654022217,0.14837453654034635,0.1483745365404564,0.14837453654034635,0.1483745365402752,0.14837453654034635,0.1483745365404564,0.14713758240568228,0.14713758240535565,0.1471375824051431,0.14713758240535565,0.14713758240568228,0.14713758240535565,0.14713758240497635,0.14713758240472294,0.14713758240497635,0.14713758240535565,0.1471375824051431,0.14713758240472294,0.14713758240443972,0.14713758240472294,0.1471375824051431,0.14713758240535565,0.14713758240497635,0.14713758240472294,0.14713758240497635,0.14713758240535565,0.14713758240568228,0.14713758240535565,0.1471375824051431,0.14713758240535565,0.14713758240568228,0.14592511822253915,0.14592511822159202,0.14592511822095633,0.14592511822159202,0.14592511822253915,0.14592511822159202,0.1459251182204323,0.14592511821961873,0.1459251182204323,0.14592511822159202,0.14592511822095633,0.14592511821961873,0.1459251182186568,0.14592511821961873,0.14592511822095633,0.14592511822159202,0.1459251182204323,0.14592511821961873,0.1459251182204323,0.14592511822159202,0.14592511822253915,0.14592511822159202,0.14592511822095633,0.14592511822159202,0.14592511822253915,0.14473660957711243,0.1447366095744542,0.14473660957257586,0.1447366095744542,0.14473660957711243,0.1447366095744542,0.14473660957094608,0.14473660956827916,0.14473660957094608,0.1447366095744542,0.14473660957257586,0.14473660956827916,0.14473660956482026,0.14473660956827916,0.14473660957257586,0.1447366095744542,0.14473660957094608,0.14473660956827916,0.14473660957094608,0.1447366095744542,0.14473660957711243,0.1447366095744542,0.14473660957257586,0.1447366095744542,0.14473660957711243,0.14357153061024533,0.14357153060317462,0.1435715305977695,0.14357153060317462,0.14357153061024533,0.14357153060317462,0.1435715305928146,0.1435715305838652,0.1435715305928146,0.14357153060317462,0.1435715305977695,0.1435715305838652,0.14357153057035926,0.1435715305838652,0.1435715305977695,0.14357153060317462,0.1435715305928146,0.1435715305838652,0.1435715305928146,0.14357153060317462,0.14357153061024533,0.14357153060317462,0.1435715305977695,0.14357153060317462,0.14357153061024533,0.14242936428227446,0.14242936426509833,0.1424293642503271,0.14242936426509833,0.14242936428227446,0.14242936426509833,0.14242936423603428,0.14242936420553984,0.14242936423603428,0.14242936426509833,0.1424293642503271,0.14242936420553984,0.14242936414681556,0.14242936420553984,0.1424293642503271,0.14242936426509833,0.14242936423603428,0.14242936420553984,0.14242936423603428,0.14242936426509833,0.14242936428227446,0.14242936426509833,0.1424293642503271,0.14242936426509833,0.14242936428227446,0.14130960259216155,0.1413096025567884,0.14130960252072436,0.1413096025567884,0.14130960259216155,0.1413096025567884,0.14130960248401234,0.14130960238273016,0.14130960248401234,0.1413096025567884,0.14130960252072436,0.14130960238273016,0.14130960209397758,0.14130960238273016,0.14130960252072436,0.1413096025567884,0.14130960248401234,0.14130960238273016,0.14130960248401234,0.1413096025567884,0.14130960259216155,0.1413096025567884,0.14130960252072436,0.1413096025567884,0.14130960259216155,0.14021174675151205,0.14021174670049516,0.14021174663498973,0.14021174670049516,0.14021174675151205,0.14021174670049516,0.1402117465662273,0.14021174628364455,0.1402117465662273,0.14021174670049516,0.14021174663498973,0.14021174628364455,0.1402117446800142,0.14021174628364455,0.14021174663498973,0.14021174670049516,0.1402117465662273,0.14021174628364455,0.1402117465662273,0.14021174670049516,0.14021174675151205,0.14021174670049516,0.14021174663498973,0.14021174670049516,0.14021174675151205,0.13913530729192602,0.1391353072732851,0.13913530725184198,0.1391353072732851,0.13913530729192602,0.1391353072732851,0.13913530722937092,0.1391353071592289,0.13913530722937092,0.1391353072732851,0.13913530725184198,0.1391353071592289,0.13913530693489184,0.1391353071592289,0.13913530725184198,0.1391353072732851,0.13913530722937092,0.1391353071592289,0.13913530722937092,0.1391353072732851,0.13913530729192602,0.1391353072732851,0.13913530725184198,0.1391353072732851,0.13913530729192602,0.13807980406427026,0.13807980408813175,0.13807980411438678,0.13807980408813175,0.13807980406427026,0.13807980408813175,0.13807980414157855,0.13807980422345098,0.13807980414157855,0.13807980408813175,0.13807980411438678,0.13807980422345098,0.13807980447764895,0.13807980422345098,0.13807980411438678,0.13807980408813175,0.13807980414157855,0.13807980422345098,0.13807980414157855,0.13807980408813175,0.13807980406427026,0.13807980408813175,0.13807980411438678,0.13807980408813175,0.13807980406427026,0.1370447663765622,0.13704476643507893,0.1370447665088904,0.13704476643507893,0.1370447663765622,0.13704476643507893,0.13704476658605816,0.13704476689973055,0.13704476658605816,0.13704476643507893,0.1370447665088904,0.13704476689973055,0.13704476866868157,0.13704476689973055,0.1370447665088904,0.13704476643507893,0.13704476658605816,0.13704476689973055,0.13704476658605816,0.13704476643507893,0.1370447663765622,0.13704476643507893,0.1370447665088904,0.13704476643507893,0.1370447663765622,0.1360297330625574,0.13602973310537164,0.13602973314795955,0.13602973310537164,0.1360297330625574,0.13602973310537164,0.13602973319096257,0.13602973330722762,0.13602973319096257,0.13602973310537164,0.13602973314795955,0.13602973330722762,0.13602973363335003,0.13602973330722762,0.13602973314795955,0.13602973310537164,0.13602973319096257,0.13602973330722762,0.13602973319096257,0.13602973310537164,0.1360297330625574,0.13602973310537164,0.13602973314795955,0.13602973310537164,0.1360297330625574,0.13503425257530297,0.13503425260253218,0.13503425262518798,0.13503425260253218,0.13503425257530297,0.13503425260253218,0.13503425264680224,0.13503425269108324,0.13503425264680224,0.13503425260253218,0.13503425262518798,0.13503425269108324,0.13503425277219727,0.13503425269108324,0.13503425262518798,0.13503425260253218,0.13503425264680224,0.13503425269108324,0.13503425264680224,0.13503425260253218,0.13503425257530297,0.13503425260253218,0.13503425262518798,0.13503425260253218,0.13503425257530297
0.16533248778813936,0.16533248778813936,0.16533248778813936,0.16533248778813936,0.16533248778813936,0.16533248778813936,0.16533248778813936,0.16533248778813936,0.16533248778813936,0.16533248778813936,0.16533248778813936,0.16533248778813936,0.16533248778813936,0.16533248778813936,0.16533248778813936,0.16533248778813936,0.16533248778813936,0.16533248778813936,0.16533248778813936,0.16533248778813936,0.16533248778813936,0.16533248778813936,0.16533248778813936,0.16533248778813936,0.16533248778813936,0.16375749406927703,0.16375749406927703,0.16375749406927703,0.16375749406927703,0.16375749406927703,0.16375749406927703,0.16375749406927703,0.16375749406927703,0.16375749406927703,0.16375749406927703,0.16375749406927703,0.16375749406927703,0.16375749406927703,0.16375749406927703,0.16375749406927703,0.16375749406927703,0.16375749406927703,0.16375749406927703,0.16375749406927703,0.16375749406927703,0.16375749406927703,0.16375749406927703,0.16375749406927703,0.16375749406927703,0.16375749406927703,0.16221388428230266,0.16221388428230266,0.16221388428230266,0.16221388428230266,0.16221388428230266,0.16221388428230266,0.16221388428230266,0.16221388428230266,0.16221388428230266,0.16221388428230266,0.16221388428230266,0.16221388428230266,0.16221388428230266,0.16221388428230266,0.16221388428230266,0.16221388428230266,0.16221388428230266,0.16221388428230266,0.16221388428230266,0.16221388428230266,0.16221388428230266,0.16221388428230266,0.16221388428230266,0.16221388428230266,0.16221388428230266,0.16070106738425613,0.16070106738425613,0.16070106738425613,0.16070106738425613,0.16070106738425613,0.16070106738425613,0.16070106738425613,0.16070106738425613,0.16070106738425613,0.16070106738425613,0.16070106738425613,0.16070106738425613,0.16070106738425613,0.16070106738425613,0.16070106738425613,0.16070106738425613,0.16070106738425613,0.16070106738425613,0.16070106738425613,0.16070106738425613,0.16070106738425613,0.16070106738425613,0.16070106738425613,0.16070106738425613,0.16070106738425613,0.159218451750115,0.159218451750115,0.159218451750115,0.159218451750115,0.159218451750115,0.159218451750115,0.159218451750115,0.159218451750115,0.159218451750115,0.159218451750115,0.159218451750115,0.159218451750115,0.159218451750115,0.159218451750115,0.159218451750115,0.159218451750115,0.159218451750115,0.159218451750115,0.159218451750115,0.159218451750115,0.159218451750115,0.159218451750115,0.159218451750115,0.159218451750115,0.159218451750115,0.15776544652464605,0.15776544652464605,0.15776544652464605,0.15776544652464605,0.15776544652464605,0.15776544652464605,0.15776544652464605,0.1577654465246458,0.15776544652464605,0.15776544652464605,0.15776544652464605,0.1577654465246458,0.1577654465246458,0.1577654465246458,0.15776544652464605,0.15776544652464605,0.15776544652464605,0.1577654465246458,0.15776544652464605,0.15776544652464605,0.15776544652464605,0.15776544652464605,0.15776544652464605,0.15776544652464605,0.15776544652464605,0.15634146283672784,0.15634146283672762,0.15634146283672742,0.15634146283672762,0.15634146283672784,0.15634146283672762,0.15634146283672742,0.15634146283672742,0.15634146283672742,0.15634146283672762,0.15634146283672742,0.15634146283672742,0.1563414628367272,0.15634146283672742,0.15634146283672742,0.15634146283672762,0.15634146283672742,0.15634146283672742,0.15634146283672742,0.15634146283672762,0.15634146283672784,0.15634146283672762,0.15634146283672742,0.15634146283672762,0.15634146283672784,0.1549459148864113,0.15494591488641066,0.15494591488641046,0.15494591488641066,0.1549459148864113,0.15494591488641066,0.15494591488641027,0.15494591488641007,0.15494591488641027,0.15494591488641066,0.15494591488641046,0.15494591488641007,0.15494591488640963,0.15494591488641007,0.15494591488641046,0.15494591488641066,0.15494591488641027,0.15494591488641007,0.15494591488641027,0.15494591488641066,0.1549459148864113,0.15494591488641066,0.15494591488641046,0.15494591488641066,0.1549459148864113,0.1535782209144248,0.1535782209144234,0.1535782209144226,0.1535782209144234,0.1535782209144248,0.1535782209144234,0.153578220914422,0.1535782209144212,0.153578220914422,0.1535782209144234,0.1535782209144226,0.1535782209144212,0.1535782209144202,0.1535782209144212,0.1535782209144226,0.1535782209144234,0.153578220914422,0.1535782209144212,0.153578220914422,0.1535782209144234,0.1535782209144248,0.1535782209144234,0.1535782209144226,0.1535782209144234,0.1535782209144248,0.15223780406327758,0.15223780406327328,0.1522378040632707,0.15223780406327328,0.15223780406327758,0.15223780406327328,0.15223780406326892,0.15223780406326617,0.15223780406326892,0.15223780406327328,0.1522378040632707,0.15223780406326617,0.15223780406326323,0.15223780406326617,0.1522378040632707,0.15223780406327328,0.15223780406326892,0.15223780406326617,0.15223780406326892,0.15223780406327328,0.15223780406327758,0.15223780406327328,0.1522378040632707,0.15223780406327328,0.15223780406327758,0.1509240931385672,0.15092409313855468,0.15092409313854654,0.15092409313855468,0.1509240931385672,0.15092409313855468,0.15092409313854116,0.15092409313853286,0.15092409313854116,0.15092409313855468,0.15092409313854654,0.15092409313853286,0.1509240931385242,0.15092409313853286,0.15092409313854654,0.15092409313855468,0.15092409313854116,0.15092409313853286,0.15092409313854116,0.15092409313855468,0.1509240931385672,0.15092409313855468,0.15092409313854654,0.15092409313855468,0.1509240931385672,0.1496365232785774,0.14963652327853996,0.14963652327851595,0.14963652327853996,0.1496365232785774,0.14963652327853996,0.14963652327849913,0.14963652327847302,0.14963652327849913,0.14963652327853996,0.14963652327851595,0.14963652327847302,0.1496365232784458,0.14963652327847302,0.14963652327851595,0.14963652327853996,0.14963652327849913,0.14963652327847302,0.14963652327849913,0.14963652327853996,0.1496365232785774,0.14963652327853996,0.14963652327851595,0.14963652327853996,0.1496365232785774,0.14837453653972807,0.1483745365396178,0.14837453653954644,0.1483745365396178,0.14837453653972807,0.1483745365396178,0.14837453653949326,0.1483745365394125,0.14837453653949326,0.1483745365396178,0.14837453653954644,0.1483745365394125,0.14837453653932553,0.1483745365394125,0.14837453653954644,0.1483745365396178,0.14837453653949326,0.1483745365394125,0.14837453653949326,0.1483745365396178,0.14837453653972807,0.1483745365396178,0.14837453653954644,0.1483745365396178,0.14837453653972807,0.14713758240498415,0.14713758240465646,0.147137582404443,0.14713758240465646,0.14713758240498415,0.14713758240465646,0.14713758240427569,0.14713758240402136,0.14713758240427569,0.14713758240465646,0.147137582404443,0.14713758240402136,0.1471375824037371,0.14713758240402136,0.147137582404443,0.14713758240465646,0.14713758240427569,0.14713758240402136,0.14713758240427569,0.14713758240465646,0.14713758240498415,0.14713758240465646,0.147137582404443,0.14713758240465646,0.14713758240498415,0.1459251182218741,0.1459251182209234,0.1459251182202852,0.1459251182209234,0.1459251182218741,0.1459251182209234,0.14592511821975937,0.14592511821894263,0.14592511821975937,0.1459251182209234,0.1459251182202852,0.14592511821894263,0.1459251182179773,0.14592511821894263,0.1459251182202852,0.1459251182209234,0.14592511821975937,0.14592511821894263,0.14592511821975937,0.1459251182209234,0.1459251182218741,0.1459251182209234,0.1459251182202852,0.1459251182209234,0.1459251182218741,0.14473660957648735,0.1447366095738192,0.1447366095719337,0.1447366095738192,0.14473660957648735,0.1447366095738192,0.14473660957029816,0.1447366095676213,0.14473660957029816,0.1447366095738192,0.1447366095719337,0.1447366095676213,0.1447366095641495,0.1447366095676213,0.1447366095719337,0.1447366095738192,0.14473660957029816,0.1447366095676213,0.14473660957029816,0.1447366095738192,0.14473660957648735,0.1447366095738192,0.1447366095719337,0.1447366095738192,0.14473660957648735,0.14357153060968084,0.14357153060258376,0.14357153059715846,0.14357153060258376,0.14357153060968084,0.14357153060258376,0.14357153059218505,0.1435715305832025,0.14357153059218505,0.14357153060258376,0.14357153059715846,0.1435715305832025,0.14357153056964625,0.1435715305832025,0.14357153059715846,0.14357153060258376,0.14357153059218505,0.1435715305832025,0.14357153059218505,0.14357153060258376,0.14357153060968084,0.14357153060258376,0.14357153059715846,0.14357153060258376,0.14357153060968084,0.14242936428182457,0.14242936426458452,0.14242936424975824,0.14242936426458452,0.14242936428182457,0.14242936426458452,0.14242936423541228,0.1424293642048044,0.14242936423541228,0.14242936426458452,0.14242936424975824,0.1424293642048044,0.14242936414586171,0.1424293642048044,0.14242936424975824,0.14242936426458452,0.14242936423541228,0.1424293642048044,0.14242936423541228,0.14242936426458452,0.14242936428182457,0.14242936426458452,0.14242936424975824,0.14242936426458452,0.14242936428182457,0.1413096025919586,0.1413096025564539,0.14130960252025562,0.1413096025564539,0.1413096025919586,0.1413096025564539,0.14130960248340693,0.14130960238174797,0.14130960248340693,0.1413096025564539,0.14130960252025562,0.14130960238174797,0.1413096020919216,0.14130960238174797,0.14130960252025562,0.1413096025564539,0.14130960248340693,0.14130960238174797,0.14130960248340693,0.1413096025564539,0.1413096025919586,0.1413096025564539,0.14130960252025562,0.1413096025564539,0.1413096025919586,0.14021174675182954,0.14021174670062286,0.14021174663487365,0.14021174670062286,0.14021174675182954,0.14021174670062286,0.14021174656585547,0.1402117462822215,0.14021174656585547,0.14021174670062286,0.14021174663487365,0.1402117462822215,0.14021174467262093,0.1402117462822215,0.14021174663487365,0.14021174670062286,0.14021174656585547,0.1402117462822215,0.14021174656585547,0.14021174670062286,0.14021174675182954,0.14021174670062286,0.14021174663487365,0.14021174670062286,0.14021174675182937,0.13913530729316073,0.13913530727445053,0.13913530725292755,0.13913530727445053,0.13913530729316073,0.13913530727445053,0.13913530723037293,0.13913530715996997,0.13913530723037293,0.13913530727445053,0.13913530725292755,0.13913530715996997,0.13913530693479856,0.13913530715996997,0.13913530725292755,0.13913530727445053,0.13913530723037293,0.13913530715996997,0.13913530723037293,0.13913530727445053,0.13913530729316073,0.13913530727445053,0.13913530725292755,0.13913530727445053,0.13913530729316073,0.13807980406657527,0.1380798040905256,0.13807980411687815,0.1380798040905256,0.13807980406657527,0.1380798040905256,0.138079804144171,0.13807980422634808,0.138079804144171,0.1380798040905256,0.13807980411687815,0.13807980422634808,0.13807980448149132,0.13807980422634808,0.13807980411687815,0.1380798040905256,0.138079804144171,0.13807980422634808,0.138079804144171,0.1380798040905256,0.13807980406657527,0.1380798040905256,0.13807980411687815,0.1380798040905256,0.13807980406657527,0.13704476637976615,0.13704476643850058,0.13704476651258649,0.13704476643850058,0.13704476637976615,0.13704476643850058,0.13704476659004144,0.1370447669048803,0.13704476659004144,0.13704476643850058,0.13704476651258649,0.1370447669048803,0.13704476868041812,0.1370447669048803,0.13704476651258649,0.13704476643850058,0.13704476659004144,0.1370447669048803,0.13704476659004144,0.13704476643850058,0.13704476637976615,0.13704476643850058,0.13704476651258649,0.13704476643850058,0.13704476637976615,0.13602973306622096,0.13602973310919445,0.1360297331519407,0.13602973310919445,0.13602973306622096,0.13602973310919445,0.13602973319510367,0.13602973331180115,0.13602973319510367,0.13602973310919445,0.1360297331519407,0.13602973331180115,0.13602973363913637,0.13602973331180115,0.1360297331519407,0.13602973310919445,0.13602973319510367,0.13602973331180115,0.13602973319510367,0.13602973310919445,0.13602973306622096,0.13602973310919445,0.1360297331519407,0.13602973310919445,0.13602973306622096,0.13503425257910212,0.13503425260643256,0.13503425262917254,0.13503425260643256,0.13503425257910212,0.13503425260643256,0.13503425265086724,0.13503425269531275,0.13503425265086724,0.13503425260643256,0.13503425262917254,0.13503425269531275,0.13503425277672865,0.13503425269531275,0.13503425262917254,0.13503425260643256,0.13503425265086724,0.13503425269531275,0.13503425265086724,0.13503425260643256,0.13503425257910212,0.13503425260643256,0.13503425262917254,0.13503425260643256,0.13503425257910212
0.16533248778724355,0.16533248778724355,0.16533248778724355,0.16533248778724355,0.16533248778724355,0.16533248778724355,0.16533248778724355,0.16533248778724355,0.16533248778724355,0.16533248778724355,0.16533248778724355,0.16533248778724355,0.16533248778724355,0.16533248778724355,0.16533248778724355,0.16533248778724355,0.16533248778724355,0.16533248778724355,0.16533248778724355,0.16533248778724355,0.16533248778724355,0.16533248778724355,0.16533248778724355,0.16533248778724355,0.16533248778724355,0.1637574940684002,0.1637574940684002,0.1637574940684002,0.1637574940684002,0.1637574940684002,0.1637574940684002,0.1637574940684002,0.1637574940684002,0.1637574940684002,0.1637574940684002,0.1637574940684002,0.1637574940684002,0.1637574940684002,0.1637574940684002,0.1637574940684002,0.1637574940684002,0.1637574940684002,0.1637574940684002,0.1637574940684002,0.1637574940684002,0.1637574940684002,0.1637574940684002,0.1637574940684002,0.1637574940684002,0.1637574940684002,0.16221388428144556,0.16221388428144556,0.16221388428144556,0.16221388428144556,0.16221388428144556,0.16221388428144556,0.16221388428144556,0.16221388428144556,0.16221388428144556,0.16221388428144556,0.16221388428144556,0.16221388428144556,0.16221388428144556,0.16221388428144556,0.16221388428144556,0.16221388428144556,0.16221388428144556,0.16221388428144556,0.16221388428144556,0.16221388428144556,0.16221388428144556,0.16221388428144556,0.16221388428144556,0.16221388428144556,0.16221388428144556,0.16070106738341908,0.16070106738341908,0.16070106738341908,0.16070106738341908,0.16070106738341908,0.16070106738341908,0.16070106738341908,0.16070106738341908,0.16070106738341908,0.16070106738341908,0.16070106738341908,0.16070106738341908,0.16070106738341908,0.16070106738341908,0.16070106738341908,0.16070106738341908,0.16070106738341908,0.16070106738341908,0.16070106738341908,0.16070106738341908,0.16070106738341908,0.16070106738341908,0.16070106738341908,0.16070106738341908,0.16070106738341908,0.159218451749299,0.159218451749299,0.15921845174929877,0.159218451749299,0.159218451749299,0.159218451749299,0.15921845174929877,0.15921845174929877,0.15921845174929877,0.159218451749299,0.15921845174929877,0.15921845174929877,0.15921845174929877,0.15921845174929877,0.15921845174929877,0.159218451749299,0.15921845174929877,0.15921845174929877,0.15921845174929877,0.159218451749299,0.159218451749299,0.159218451749299,0.15921845174929877,0.159218451749299,0.159218451749299,0.15776544652385147,0.15776544652385147,0.15776544652385147,0.15776544652385147,0.15776544652385147,0.15776544652385147,0.15776544652385147,0.15776544652385147,0.15776544652385147,0.15776544652385147,0.15776544652385147,0.15776544652385147,0.15776544652385147,0.15776544652385147,0.15776544652385147,0.15776544652385147,0.15776544652385147,0.15776544652385147,0.15776544652385147,0.15776544652385147,0.15776544652385147,0.15776544652385147,0.15776544652385147,0.15776544652385147,0.15776544652385147,0.1563414628359556,0.1563414628359554,0.1563414628359554,0.1563414628359554,0.1563414628359556,0.1563414628359554,0.15634146283595518,0.15634146283595518,0.15634146283595518,0.1563414628359554,0.1563414628359554,0.15634146283595518,0.156341462835955,0.15634146283595518,0.1563414628359554,0.1563414628359554,0.15634146283595518,0.15634146283595518,0.15634146283595518,0.1563414628359554,0.1563414628359556,0.1563414628359554,0.1563414628359554,0.1563414628359554,0.1563414628359556,0.15494591488566206,0.15494591488566142,0.15494591488566123,0.15494591488566142,0.15494591488566206,0.15494591488566142,0.15494591488566103,0.15494591488566084,0.15494591488566103,0.15494591488566142,0.15494591488566123,0.15494591488566084,0.15494591488566042,0.15494591488566084,0.15494591488566123,0.15494591488566142,0.15494591488566103,0.15494591488566084,0.15494591488566103,0.15494591488566142,0.15494591488566206,0.15494591488566142,0.15494591488566123,0.15494591488566142,0.15494591488566206,0.15357822091369935,0.15357822091369797,0.15357822091369694,0.15357822091369797,0.15357822091369935,0.15357822091369797,0.15357822091369655,0.15357822091369555,0.15357822091369655,0.15357822091369797,0.15357822091369694,0.15357822091369555,0.15357822091369475,0.15357822091369555,0.15357822091369694,0.15357822091369797,0.15357822091369655,0.15357822091369555,0.15357822091369655,0.15357822091369797,0.15357822091369935,0.15357822091369797,0.15357822091369694,0.15357822091369797,0.15357822091369935,0.15223780406257623,0.15223780406257192,0.15223780406256937,0.15223780406257212,0.15223780406257623,0.15223780406257192,0.1522378040625676,0.15223780406256485,0.1522378040625676,0.15223780406257192,0.15223780406256937,0.15223780406256485,0.15223780406256207,0.15223780406256485,0.15223780406256937,0.15223780406257212,0.1522378040625676,0.15223780406256485,0.1522378040625676,0.15223780406257212,0.15223780406257623,0.15223780406257192,0.15223780406256937,0.15223780406257212,0.15223780406257623,0.150924093137891,0.1509240931378783,0.1509240931378704,0.1509240931378783,0.150924093137891,0.1509240931378783,0.15092409313786478,0.1509240931378565,0.15092409313786498,0.1509240931378783,0.1509240931378704,0.1509240931378565,0.15092409313784783,0.1509240931378565,0.1509240931378704,0.1509240931378783,0.15092409313786498,0.1509240931378565,0.15092409313786498,0.1509240931378783,0.150924093137891,0.1509240931378783,0.1509240931378704,0.1509240931378783,0.150924093137891,0.1496365232779266,0.14963652327788912,0.1496365232778651,0.14963652327788912,0.1496365232779266,0.14963652327788912,0.1496365232778481,0.1496365232778222,0.1496365232778481,0.14963652327788912,0.1496365232778651,0.1496365232778222,0.14963652327779478,0.1496365232778222,0.1496365232778651,0.14963652327788912,0.1496365232778481,0.1496365232778222,0.1496365232778481,0.14963652327788912,0.1496365232779266,0.14963652327788912,0.1496365232778651,0.14963652327788912,0.1496365232779266,0.1483745365391037,0.14837453653899305,0.14837453653892152,0.14837453653899305,0.1483745365391037,0.14837453653899305,0.14837453653886815,0.14837453653878735,0.14837453653886815,0.14837453653899305,0.14837453653892152,0.14837453653878735,0.14837453653870006,0.14837453653878735,0.14837453653892152,0.14837453653899305,0.14837453653886815,0.14837453653878735,0.14837453653886815,0.14837453653899305,0.1483745365391037,0.14837453653899305,0.14837453653892152,0.14837453653899305,0.1483745365391037,0.1471375824043874,0.1471375824040588,0.1471375824038446,0.1471375824040588,0.1471375824043874,0.1471375824040588,0.14713758240367678,0.14713758240342173,0.14713758240367678,0.1471375824040588,0.1471375824038446,0.14713758240342173,0.14713758240313654,0.14713758240342173,0.1471375824038446,0.1471375824040588,0.14713758240367678,0.14713758240342173,0.14713758240367678,0.1471375824040588,0.1471375824043874,0.1471375824040588,0.1471375824038446,0.1471375824040588,0.1471375824043874,0.1459251182213073,0.14592511822035376,0.14592511821971346,0.14592511822035376,0.1459251182213073,0.14592511822035376,0.14592511821918602,0.14592511821836676,0.14592511821918602,0.14592511822035376,0.14592511821971346,0.14592511821836676,0.14592511821739826,0.14592511821836676,0.14592511821971346,0.14592511822035376,0.14592511821918602,0.14592511821836676,0.14592511821918602,0.14592511822035376,0.1459251182213073,0.14592511822035376,0.14592511821971346,0.14592511822035376,0.1459251182213073,0.14473660957595688,0.1447366095732802,0.14473660957138876,0.1447366095732802,0.14473660957595688,0.1447366095732802,0.144736609569748,0.14473660956706272,0.144736609569748,0.1447366095732802,0.14473660957138876,0.14473660956706272,0.14473660956357992,0.14473660956706272,0.14473660957138876,0.1447366095732802,0.144736609569748,0.14473660956706272,0.144736609569748,0.1447366095732802,0.14473660957595688,0.1447366095732802,0.14473660957138876,0.1447366095732802,0.14473660957595688,0.14357153060920397,0.14357153060208447,0.14357153059664188,0.14357153060208447,0.14357153060920397,0.14357153060208447,0.1435715305916529,0.14357153058264177,0.1435715305916529,0.14357153060208447,0.14357153059664188,0.14357153058264177,0.14357153056904257,0.14357153058264177,0.14357153059664188,0.14357153060208447,0.1435715305916529,0.14357153058264177,0.1435715305916529,0.14357153060208447,0.14357153060920397,0.14357153060208447,0.14357153059664188,0.14357153060208447,0.14357153060920397,0.14242936428144778,0.14242936426415304,0.14242936424927982,0.14242936426415304,0.14242936428144778,0.14242936426415304,0.14242936423488822,0.1424293642041834,0.14242936423488822,0.14242936426415304,0.14242936424927982,0.1424293642041834,0.14242936414505364,0.1424293642041834,0.14242936424927982,0.14242936426415304,0.14242936423488822,0.1424293642041834,0.14242936423488822,0.14242936426415304,0.14242936428144778,0.14242936426415304,0.14242936424927982,0.14242936426415304,0.14242936428144778,0.14130960259179495,0.14130960255617758,0.14130960251986452,0.14130960255617758,0.14130960259179495,0.14130960255617758,0.14130960248289873,0.14130960238091758,0.14130960248289873,0.14130960255617758,0.14130960251986452,0.14130960238091758,0.141309602090172,0.14130960238091758,0.14130960251986452,0.14130960255617758,0.14130960248289873,0.14130960238091758,0.14130960248289873,0.14130960255617758,0.14130960259179495,0.14130960255617758,0.14130960251986452,0.14130960255617758,0.14130960259179495,0.14021174675211284,0.14021174670074382,0.14021174663478608,0.14021174670074382,0.14021174675211284,0.14021174670074382,0.1402117465655489,0.1402117462810155,0.1402117465655489,0.14021174670074382,0.14021174663478608,0.1402117462810155,0.14021174466631078,0.1402117462810155,0.14021174663478608,0.14021174670074382,0.1402117465655489,0.1402117462810155,0.1402117465655489,0.14021174670074382,0.14021174675211284,0.14021174670074382,0.14021174663478608,0.14021174670074382,0.14021174675211284,0.13913530729423065,0.13913530727546103,0.1391353072538699,0.13913530727546103,0.13913530729423065,0.13913530727546103,0.13913530723124362,0.13913530716061742,0.13913530723124362,0.13913530727546103,0.1391353072538699,0.13913530716061742,0.13913530693473183,0.13913530716061742,0.1391353072538699,0.13913530727546103,0.13913530723124362,0.13913530716061742,0.13913530723124362,0.13913530727546103,0.13913530729423065,0.13913530727546103,0.1391353072538699,0.13913530727546103,0.13913530729423065,0.13807980406856243,0.13807980409258858,0.13807980411902482,0.13807980409258858,0.13807980406856243,0.13807980409258858,0.13807980414640422,0.13807980422884175,0.13807980414640422,0.13807980409258858,0.13807980411902482,0.13807980422884175,0.13807980448479418,0.13807980422884175,0.13807980411902482,0.13807980409258858,0.13807980414640422,0.13807980422884175,0.13807980414640422,0.13807980409258858,0.13807980406856243,0.13807980409258858,0.13807980411902482,0.13807980409258858,0.13807980406856243,0.1370447663825234,0.13704476644144423,0.13704476651576503,0.13704476644144423,0.1370447663825234,0.13704476644144423,0.13704476659346554,0.13704476690930298,0.13704476659346554,0.13704476644144423,0.13704476651576503,0.13704476690930298,0.13704476869046692,0.13704476690930298,0.13704476651576503,0.13704476644144423,0.13704476659346554,0.13704476690930298,0.13704476659346554,0.13704476644144423,0.1370447663825234,0.13704476644144423,0.13704476651576503,0.13704476644144423,0.1370447663825234,0.13602973306937216,0.13602973311248193,0.13602973315536374,0.13602973311248193,0.13602973306937216,0.13602973311248193,0.13602973319866357,0.136029733315731,0.13602973319866357,0.13602973311248193,0.13602973315536374,0.136029733315731,0.13602973364410428,0.136029733315731,0.13602973315536374,0.13602973311248193,0.13602973319866357,0.136029733315731,0.13602973319866357,0.13602973311248193,0.13602973306937216,0.13602973311248193,0.13602973315536374,0.13602973311248193,0.13602973306937216,0.13503425258236937,0.13503425260978652,0.13503425263259866,0.13503425260978652,0.13503425258236937,0.13503425260978652,0.13503425265436203,0.13503425269894856,0.13503425265436203,0.13503425260978652,0.13503425263259866,0.13503425269894856,0.13503425278062256,0.13503425269894856,0.13503425263259866,0.13503425260978652,0.13503425265436203,0.13503425269894856,0.13503425265436203,0.13503425260978652,0.13503425258236937,0.13503425260978652,0.13503425263259866,0.13503425260978652,0.13503425258236937
0.16533248778648013,0.16533248778648013,0.16533248778648013,0.16533248778648013,0.16533248778648013,0.16533248778648013,0.16533248778648013,0.16533248778648013,0.16533248778648013,0.16533248778648013,0.16533248778648013,0.16533248778648013,0.16533248778648013,0.16533248778648013,0.16533248778648013,0.16533248778648013,0.16533248778648013,0.16533248778648013,0.16533248778648013,0.16533248778648013,0.16533248778648013,0.16533248778648013,0.16533248778648013,0.16533248778648013,0.16533248778648013,0.16375749406765316,0.16375749406765316,0.16375749406765316,0.16375749406765316,0.16375749406765316,0.16375749406765316,0.16375749406765316,0.16375749406765316,0.16375749406765316,0.16375749406765316,0.16375749406765316,0.16375749406765316,0.16375749406765316,0.16375749406765316,0.16375749406765316,0.16375749406765316,0.16375749406765316,0.16375749406765316,0.16375749406765316,0.16375749406765316,0.16375749406765316,0.16375749406765316,0.16375749406765316,0.16375749406765316,0.16375749406765316,0.1622138842807152,0.1622138842807152,0.1622138842807152,0.1622138842807152,0.1622138842807152,0.1622138842807152,0.1622138842807152,0.1622138842807152,0.1622138842807152,0.1622138842807152,0.1622138842807152,0.1622138842807152,0.1622138842807152,0.1622138842807152,0.1622138842807152,0.1622138842807152,0.1622138842807152,0.1622138842807152,0.1622138842807152,0.1622138842807152,0.1622138842807152,0.1622138842807152,0.1622138842807152,0.1622138842807152,0.1622138842807152,0.16070106738270637,0.16070106738270637,0.16070106738270637,0.16070106738270637,0.16070106738270637,0.16070106738270637,0.16070106738270637,0.16070106738270637,0.16070106738270637,0.16070106738270637,0.16070106738270637,0.16070106738270637,0.16070106738270637,0.16070106738270637,0.16070106738270637,0.16070106738270637,0.16070106738270637,0.16070106738270637,0.16070106738270637,0.16070106738270637,0.16070106738270637,0.16070106738270637,0.16070106738270637,0.16070106738270637,0.16070106738270637,0.1592184517486045,0.1592184517486045,0.1592184517486045,0.1592184517486045,0.1592184517486045,0.1592184517486045,0.1592184517486045,0.1592184517486045,0.1592184517486045,0.1592184517486045,0.1592184517486045,0.1592184517486045,0.1592184517486045,0.1592184517486045,0.1592184517486045,0.1592184517486045,0.1592184517486045,0.1592184517486045,0.1592184517486045,0.1592184517486045,0.1592184517486045,0.1592184517486045,0.1592184517486045,0.1592184517486045,0.1592184517486045,0.15776544652317614,0.15776544652317614,0.15776544652317592,0.15776544652317614,0.15776544652317614,0.15776544652317614,0.15776544652317592,0.15776544652317592,0.15776544652317592,0.15776544652317614,0.15776544652317592,0.15776544652317592,0.15776544652317592,0.15776544652317592,0.15776544652317592,0.15776544652317614,0.15776544652317592,0.15776544652317592,0.15776544652317592,0.15776544652317614,0.15776544652317614,0.15776544652317614,0.15776544652317592,0.15776544652317614,0.15776544652317614,0.15634146283529987,0.15634146283529965,0.15634146283529965,0.15634146283529965,0.15634146283529987,0.15634146283529965,0.15634146283529943,0.15634146283529943,0.15634146283529943,0.15634146283529965,0.15634146283529965,0.15634146283529943,0.15634146283529923,0.15634146283529943,0.15634146283529965,0.15634146283529965,0.15634146283529943,0.15634146283529943,0.15634146283529943,0.15634146283529965,0.15634146283529987,0.15634146283529965,0.15634146283529965,0.15634146283529965,0.15634146283529987,0.15494591488502676,0.15494591488502615,0.15494591488502596,0.15494591488502615,0.15494591488502676,0.15494591488502615,0.15494591488502577,0.15494591488502554,0.15494591488502577,0.15494591488502615,0.15494591488502596,0.15494591488502554,0.15494591488502513,0.15494591488502554,0.15494591488502596,0.15494591488502615,0.15494591488502577,0.15494591488502554,0.15494591488502577,0.15494591488502615,0.15494591488502676,0.15494591488502615,0.15494591488502596,0.15494591488502615,0.15494591488502676,0.15357822091308518,0.1535782209130838,0.15357822091308299,0.1535782209130838,0.15357822091308518,0.1535782209130838,0.15357822091308237,0.15357822091308157,0.15357822091308237,0.1535782209130838,0.15357822091308299,0.15357822091308157,0.15357822091308057,0.15357822091308157,0.15357822091308299,0.1535782209130838,0.15357822091308237,0.15357822091308157,0.15357822091308237,0.1535782209130838,0.15357822091308518,0.1535782209130838,0.15357822091308299,0.1535782209130838,0.15357822091308518,0.15223780406198414,0.15223780406197984,0.15223780406197726,0.15223780406197984,0.15223780406198414,0.15223780406197984,0.15223780406197548,0.15223780406197274,0.15223780406197548,0.15223780406197984,0.15223780406197726,0.15223780406197274,0.1522378040619698,0.15223780406197274,0.15223780406197726,0.15223780406197984,0.15223780406197548,0.15223780406197274,0.15223780406197548,0.15223780406197984,0.15223780406198414,0.15223780406197984,0.15223780406197726,0.15223780406197984,0.15223780406198414,0.15092409313732133,0.1509240931373086,0.15092409313730068,0.1509240931373086,0.15092409313732133,0.1509240931373086,0.1509240931372953,0.1509240931372868,0.1509240931372953,0.1509240931373086,0.15092409313730068,0.1509240931372868,0.15092409313727811,0.1509240931372868,0.15092409313730068,0.1509240931373086,0.1509240931372953,0.1509240931372868,0.1509240931372953,0.1509240931373086,0.15092409313732133,0.1509240931373086,0.15092409313730068,0.1509240931373086,0.15092409313732133,0.14963652327737972,0.1496365232773425,0.1496365232773187,0.1496365232773425,0.14963652327737972,0.1496365232773425,0.14963652327730145,0.14963652327727558,0.14963652327730145,0.1496365232773425,0.1496365232773187,0.14963652327727558,0.14963652327724816,0.14963652327727558,0.1496365232773187,0.1496365232773425,0.14963652327730145,0.14963652327727558,0.14963652327730145,0.1496365232773425,0.14963652327737972,0.1496365232773425,0.1496365232773187,0.1496365232773425,0.14963652327737972,0.14837453653858124,0.14837453653847005,0.14837453653839852,0.14837453653847005,0.14837453653858124,0.14837453653847005,0.14837453653834515,0.14837453653826396,0.14837453653834515,0.14837453653847005,0.14837453653839852,0.14837453653826396,0.14837453653817667,0.14837453653826396,0.14837453653839852,0.14837453653847005,0.14837453653834515,0.14837453653826396,0.14837453653834515,0.14837453653847005,0.14837453653858124,0.14837453653847005,0.14837453653839852,0.14837453653847005,0.14837453653858124,0.14713758240389005,0.1471375824035605,0.14713758240334582,0.1471375824035605,0.14713758240389005,0.1471375824035605,0.14713758240317756,0.1471375824029218,0.14713758240317756,0.1471375824035605,0.14713758240334582,0.1471375824029218,0.14713758240263586,0.1471375824029218,0.14713758240334582,0.1471375824035605,0.14713758240317756,0.1471375824029218,0.14713758240317756,0.1471375824035605,0.14713758240389005,0.1471375824035605,0.14713758240334582,0.1471375824035605,0.14713758240389005,0.14592511822083704,0.14592511821988083,0.1459251182192389,0.14592511821988083,0.14592511822083704,0.14592511821988083,0.14592511821871007,0.14592511821788864,0.14592511821871007,0.14592511821988083,0.1459251182192389,0.14592511821788864,0.14592511821691764,0.14592511821788864,0.1459251182192389,0.14592511821988083,0.14592511821871007,0.14592511821788864,0.14592511821871007,0.14592511821988083,0.14592511822083704,0.14592511821988083,0.1459251182192389,0.14592511821988083,0.14592511822083704,0.14473660957551915,0.14473660957283527,0.1447366095709386,0.14473660957283527,0.14473660957551915,0.14473660957283527,0.14473660956929382,0.1447366095666012,0.14473660956929382,0.14473660957283527,0.1447366095709386,0.1447366095666012,0.14473660956310933,0.1447366095666012,0.1447366095709386,0.14473660957283527,0.14473660956929382,0.1447366095666012,0.14473660956929382,0.14473660957283527,0.14473660957551915,0.14473660957283527,0.1447366095709386,0.14473660957283527,0.14473660957551915,0.14357153060881314,0.14357153060167482,0.14357153059621786,0.14357153060167482,0.14357153060881314,0.14357153060167482,0.14357153059121555,0.14357153058218078,0.14357153059121555,0.14357153060167482,0.14357153059621786,0.14357153058218078,0.14357153056854566,0.14357153058218078,0.14357153059621786,0.14357153060167482,0.14357153059121555,0.14357153058218078,0.14357153059121555,0.14357153060167482,0.14357153060881314,0.14357153060167482,0.14357153059621786,0.14357153060167482,0.14357153060881314,0.14242936428114247,0.14242936426380212,0.14242936424888963,0.14242936426380212,0.14242936428114247,0.14242936426380212,0.1424293642344601,0.14242936420367425,0.1424293642344601,0.14242936426380212,0.14242936424888963,0.14242936420367425,0.14242936414438853,0.14242936420367425,0.14242936424888963,0.14242936426380212,0.1424293642344601,0.14242936420367425,0.1424293642344601,0.14242936426380212,0.14242936428114247,0.14242936426380212,0.14242936424888963,0.14242936426380212,0.14242936428114247,0.14130960259166964,0.1413096025559582,0.14130960251954944,0.1413096025559582,0.14130960259166964,0.1413096025559582,0.14130960248248606,0.14130960238023588,0.14130960248248606,0.1413096025559582,0.14130960251954944,0.14130960238023588,0.14130960208872337,0.14130960238023588,0.14130960251954944,0.1413096025559582,0.14130960248248606,0.14130960238023588,0.14130960248248606,0.1413096025559582,0.14130960259166964,0.1413096025559582,0.14130960251954944,0.1413096025559582,0.14130960259166964,0.14021174675236248,0.14021174670085798,0.14021174663472624,0.14021174670085798,0.14021174675236248,0.14021174670085798,0.14021174656530638,0.14021174628002217,0.14021174656530638,0.14021174670085798,0.14021174663472624,0.14021174628002217,0.1402117446610599,0.14021174628002217,0.14021174663472624,0.14021174670085798,0.14021174656530638,0.14021174628002217,0.14021174656530638,0.14021174670085798,0.14021174675236248,0.14021174670085798,0.14021174663472624,0.14021174670085798,0.14021174675236248,0.13913530729513823,0.13913530727631912,0.13913530725467108,0.13913530727631912,0.13913530729513823,0.13913530727631912,0.139135307231985,0.13913530716117256,0.139135307231985,0.13913530727631912,0.13913530725467108,0.13913530716117256,0.13913530693469123,0.13913530716117256,0.13913530725467108,0.13913530727631912,0.139135307231985,0.13913530716117256,0.139135307231985,0.13913530727631912,0.13913530729513823,0.13913530727631912,0.13913530725467108,0.13913530727631912,0.13913530729513823,0.13807980407023687,0.13807980409432644,0.13807980412083232,0.13807980409432644,0.13807980407023687,0.13807980409432644,0.13807980414828394,0.138079804230939,0.13807980414828394,0.13807980409432644,0.13807980412083232,0.138079804230939,0.13807980448756663,0.138079804230939,0.13807980412083232,0.13807980409432644,0.13807980414828394,0.138079804230939,0.13807980414828394,0.13807980409432644,0.13807980407023687,0.13807980409432644,0.13807980412083232,0.13807980409432644,0.13807980407023687,0.1370447663848417,0.13704476644391775,0.1370447665184347,0.13704476644391775,0.1370447663848417,0.13704476644391775,0.13704476659634013,0.1370447669130108,0.13704476659634013,0.13704476644391775,0.1370447665184347,0.1370447669130108,0.13704476869887214,0.1370447669130108,0.1370447665184347,0.13704476644391775,0.13704476659634013,0.1370447669130108,0.13704476659634013,0.13704476644391775,0.1370447663848417,0.13704476644391775,0.1370447665184347,0.13704476644391775,0.1370447663848417,0.13602973307201954,0.1360297331152431,0.13602973315823805,0.1360297331152431,0.13602973307201954,0.1360297331152431,0.136029733201652,0.13602973331902835,0.136029733201652,0.1360297331152431,0.13602973315823805,0.13602973331902835,0.1360297336482678,0.13602973331902835,0.13602973315823805,0.1360297331152431,0.136029733201652,0.13602973331902835,0.136029733201652,0.1360297331152431,0.13602973307201954,0.1360297331152431,0.13602973315823805,0.1360297331152431,0.13602973307201954,0.13503425258511384,0.13503425261260324,0.13503425263547558,0.13503425261260324,0.13503425258511384,0.13503425261260324,0.13503425265729632,0.13503425270200042,0.13503425265729632,0.13503425261260324,0.13503425263547558,0.13503425270200042,0.13503425278388984,0.13503425270200042,0.13503425263547558,0.13503425261260324,0.13503425265729632,0.13503425270200042,0.13503425265729632,0.13503425261260324,0.13503425258511384,0.13503425261260324,0.13503425263547558,0.13503425261260324,0.13503425258511384
0.16533248778584556,0.16533248778584556,0.16533248778584556,0.16533248778584556,0.16533248778584556,0.16533248778584556,0.16533248778584556,0.16533248778584556,0.16533248778584556,0.16533248778584556,0.16533248778584556,0.16533248778584556,0.16533248778584556,0.16533248778584556,0.16533248778584556,0.16533248778584556,0.16533248778584556,0.16533248778584556,0.16533248778584556,0.16533248778584556,0.16533248778584556,0.16533248778584556,0.16533248778584556,0.16533248778584556,0.16533248778584556,0.16375749406703238,0.16375749406703238,0.16375749406703238,0.16375749406703238,0.16375749406703238,0.16375749406703238,0.16375749406703238,0.16375749406703238,0.16375749406703238,0.16375749406703238,0.16375749406703238,0.16375749406703238,0.16375749406703238,0.16375749406703238,0.16375749406703238,0.16375749406703238,0.16375749406703238,0.16375749406703238,0.16375749406703238,0.16375749406703238,0.16375749406703238,0.16375749406703238,0.16375749406703238,0.16375749406703238,0.16375749406703238,0.16221388428010886,0.16221388428010886,0.16221388428010886,0.16221388428010886,0.16221388428010886,0.16221388428010886,0.16221388428010886,0.16221388428010886,0.16221388428010886,0.16221388428010886,0.16221388428010886,0.16221388428010886,0.16221388428010886,0.16221388428010886,0.16221388428010886,0.16221388428010886,0.16221388428010886,0.16221388428010886,0.16221388428010886,0.16221388428010886,0.16221388428010886,0.16221388428010886,0.16221388428010886,0.16221388428010886,0.16221388428010886,0.16070106738211504,0.16070106738211504,0.16070106738211504,0.16070106738211504,0.16070106738211504,0.16070106738211504,0.16070106738211504,0.16070106738211504,0.16070106738211504,0.16070106738211504,0.16070106738211504,0.16070106738211504,0.16070106738211504,0.16070106738211504,0.16070106738211504,0.16070106738211504,0.16070106738211504,0.16070106738211504,0.16070106738211504,0.16070106738211504,0.16070106738211504,0.16070106738211504,0.16070106738211504,0.16070106738211504,0.16070106738211504,0.15921845174802884,0.15921845174802884,0.15921845174802884,0.15921845174802884,0.15921845174802884,0.15921845174802884,0.15921845174802884,0.15921845174802884,0.15921845174802884,0.15921845174802884,0.15921845174802884,0.15921845174802884,0.15921845174802884,0.15921845174802884,0.15921845174802884,0.15921845174802884,0.15921845174802884,0.15921845174802884,0.15921845174802884,0.15921845174802884,0.15921845174802884,0.15921845174802884,0.15921845174802884,0.15921845174802884,0.15921845174802884,0.15776544652261712,0.15776544652261712,0.1577654465226169,0.15776544652261712,0.15776544652261712,0.15776544652261712,0.1577654465226169,0.1577654465226169,0.1577654465226169,0.15776544652261712,0.1577654465226169,0.1577654465226169,0.1577654465226169,0.1577654465226169,0.1577654465226169,0.15776544652261712,0.1577654465226169,0.1577654465226169,0.1577654465226169,0.15776544652261712,0.15776544652261712,0.15776544652261712,0.1577654465226169,0.15776544652261712,0.15776544652261712,0.15634146283475828,0.15634146283475805,0.15634146283475786,0.15634146283475805,0.15634146283475828,0.15634146283475805,0.15634146283475786,0.15634146283475786,0.15634146283475786,0.15634146283475805,0.15634146283475786,0.15634146283475786,0.15634146283475764,0.15634146283475786,0.15634146283475786,0.15634146283475805,0.15634146283475786,0.15634146283475786,0.15634146283475786,0.15634146283475805,0.15634146283475828,0.15634146283475805,0.15634146283475786,0.15634146283475805,0.15634146283475828,0.15494591488450316,0.15494591488450277,0.15494591488450235,0.15494591488450277,0.15494591488450316,0.15494591488450277,0.15494591488450213,0.15494591488450193,0.15494591488450213,0.15494591488450277,0.15494591488450235,0.15494591488450193,0.15494591488450174,0.15494591488450193,0.15494591488450235,0.15494591488450277,0.15494591488450213,0.15494591488450193,0.15494591488450213,0.15494591488450277,0.15494591488450316,0.15494591488450277,0.15494591488450235,0.15494591488450277,0.15494591488450316,0.1535782209125807,0.15357822091257906,0.15357822091257828,0.15357822091257906,0.1535782209125807,0.15357822091257906,0.15357822091257767,0.15357822091257686,0.15357822091257767,0.15357822091257906,0.15357822091257828,0.15357822091257686,0.15357822091257586,0.15357822091257686,0.15357822091257828,0.15357822091257906,0.15357822091257767,0.15357822091257686,0.15357822091257767,0.15357822091257906,0.1535782209125807,0.15357822091257906,0.15357822091257828,0.15357822091257906,0.1535782209125807,0.15223780406149898,0.15223780406149462,0.15223780406149207,0.15223780406149462,0.15223780406149898,0.15223780406149462,0.1522378040614903,0.15223780406148754,0.1522378040614903,0.15223780406149462,0.15223780406149207,0.15223780406148754,0.1522378040614848,0.15223780406148754,0.15223780406149207,0.15223780406149462,0.1522378040614903,0.15223780406148754,0.1522378040614903,0.15223780406149484,0.15223780406149898,0.15223780406149462,0.15223780406149207,0.15223780406149484,0.15223780406149898,0.1509240931368564,0.15092409313684366,0.15092409313683575,0.15092409313684366,0.1509240931368564,0.15092409313684366,0.15092409313683033,0.15092409313682187,0.15092409313683033,0.15092409313684366,0.15092409313683575,0.15092409313682187,0.15092409313681315,0.15092409313682187,0.15092409313683575,0.15092409313684366,0.15092409313683033,0.15092409313682187,0.15092409313683033,0.15092409313684366,0.1509240931368564,0.15092409313684366,0.15092409313683575,0.15092409313684366,0.1509240931368564,0.1496365232769358,0.14963652327689853,0.14963652327687452,0.14963652327689853,0.1496365232769358,0.14963652327689853,0.14963652327685747,0.1496365232768314,0.14963652327685747,0.14963652327689853,0.14963652327687452,0.1496365232768314,0.149636523276804,0.1496365232768314,0.14963652327687452,0.14963652327689853,0.14963652327685747,0.1496365232768314,0.14963652327685747,0.14963652327689853,0.1496365232769358,0.14963652327689853,0.14963652327687452,0.14963652327689853,0.1496365232769358,0.14837453653815888,0.1483745365380475,0.14837453653797597,0.1483745365380475,0.14837453653815888,0.1483745365380475,0.1483745365379224,0.14837453653784122,0.1483745365379224,0.1483745365380475,0.14837453653797597,0.14837453653784122,0.14837453653775373,0.14837453653784122,0.14837453653797597,0.1483745365380475,0.1483745365379224,0.14837453653784122,0.1483745365379224,0.1483745365380475,0.14837453653815888,0.1483745365380475,0.14837453653797597,0.1483745365380475,0.14837453653815888,0.14713758240349056,0.14713758240316033,0.14713758240294522,0.14713758240316033,0.14713758240349056,0.14713758240316033,0.1471375824027767,0.14713758240252034,0.1471375824027767,0.14713758240316033,0.14713758240294522,0.14713758240252034,0.14713758240223387,0.14713758240252034,0.14713758240294522,0.14713758240316033,0.1471375824027767,0.14713758240252034,0.1471375824027767,0.14713758240316033,0.14713758240349056,0.14713758240316033,0.14713758240294522,0.14713758240316033,0.14713758240349056,0.14592511822046222,0.14592511821950385,0.1459251182188605,0.14592511821950385,0.14592511822046222,0.14592511821950385,0.14592511821833062,0.1459251182175076,0.14592511821833062,0.14592511821950385,0.1459251182188605,0.1459251182175076,0.14592511821653445,0.1459251182175076,0.1459251182188605,0.14592511821950385,0.14592511821833062,0.1459251182175076,0.14592511821833062,0.14592511821950385,0.14592511822046222,0.14592511821950385,0.1459251182188605,0.14592511821950385,0.14592511822046222,0.144736609575173,0.14473660957248335,0.14473660957058251,0.14473660957248335,0.144736609575173,0.14473660957248335,0.14473660956893442,0.1447366095662362,0.14473660956893442,0.14473660957248335,0.14473660957058251,0.1447366095662362,0.14473660956273685,0.1447366095662362,0.14473660957058251,0.14473660957248335,0.14473660956893442,0.1447366095662362,0.14473660956893442,0.14473660957248335,0.144736609575173,0.14473660957248335,0.14473660957058251,0.14473660957248335,0.144736609575173,0.14357153060850736,0.14357153060135397,0.1435715305958854,0.14357153060135397,0.14357153060850736,0.14357153060135397,0.14357153059087263,0.14357153058181854,0.14357153059087263,0.14357153060135397,0.1435715305958854,0.14357153058181854,0.14357153056815466,0.14357153058181854,0.1435715305958854,0.14357153060135397,0.14357153059087263,0.14357153058181854,0.14357153059087263,0.14357153060135397,0.14357153060850736,0.14357153060135397,0.1435715305958854,0.14357153060135397,0.14357153060850736,0.14242936428090827,0.1424293642635312,0.142429364248587,0.1424293642635312,0.14242936428090827,0.1424293642635312,0.14242936423412694,0.14242936420327584,0.14242936423412694,0.1424293642635312,0.142429364248587,0.14242936420327584,0.14242936414386462,0.14242936420327584,0.142429364248587,0.1424293642635312,0.14242936423412694,0.14242936420327584,0.14242936423412694,0.1424293642635312,0.14242936428090827,0.1424293642635312,0.142429364248587,0.1424293642635312,0.14242936428090827,0.14130960259158262,0.14130960255579553,0.14130960251930963,0.14130960255579553,0.14130960259158262,0.14130960255579553,0.14130960248216748,0.1413096023797009,0.14130960248216748,0.14130960255579553,0.14130960251930963,0.1413096023797009,0.14130960208757098,0.1413096023797009,0.14130960251930963,0.14130960255579553,0.14130960248216748,0.1413096023797009,0.14130960248216748,0.14130960255579553,0.14130960259158262,0.14130960255579553,0.14130960251930963,0.14130960255579553,0.14130960259158262,0.1402117467525797,0.14021174670096603,0.14021174663469416,0.14021174670096603,0.1402117467525797,0.14021174670096603,0.14021174656512725,0.14021174627923863,0.14021174656512725,0.14021174670096603,0.14021174663469416,0.14021174627923863,0.1402117446568325,0.14021174627923863,0.14021174663469416,0.14021174670096603,0.14021174656512725,0.14021174627923863,0.14021174656512725,0.14021174670096603,0.1402117467525797,0.14021174670096603,0.14021174663469416,0.14021174670096603,0.1402117467525797,0.1391353072958872,0.13913530727702808,0.13913530725533405,0.13913530727702808,0.1391353072958872,0.13913530727702808,0.1391353072326001,0.13913530716163758,0.1391353072326001,0.13913530727702808,0.13913530725533405,0.13913530716163758,0.1391353069346765,0.13913530716163758,0.13913530725533405,0.13913530727702808,0.1391353072326001,0.13913530716163758,0.1391353072326001,0.13913530727702808,0.1391353072958872,0.13913530727702808,0.13913530725533405,0.13913530727702808,0.1391353072958872,0.13807980407160464,0.13807980409574522,0.13807980412230722,0.13807980409574522,0.13807980407160464,0.13807980409574522,0.138079804149817,0.1380798042326471,0.138079804149817,0.13807980409574522,0.13807980412230722,0.1380798042326471,0.13807980448981813,0.1380798042326471,0.13807980412230722,0.13807980409574522,0.138079804149817,0.1380798042326471,0.138079804149817,0.13807980409574522,0.13807980407160464,0.13807980409574522,0.13807980412230722,0.13807980409574522,0.13807980407160464,0.1370447663867288,0.13704476644593017,0.13704476652060493,0.13704476644593017,0.1370447663867288,0.13704476644593017,0.13704476659867532,0.1370447669160166,0.13704476659867532,0.13704476644593017,0.13704476652060493,0.1370447669160166,0.1370447687056767,0.1370447669160166,0.13704476652060493,0.13704476644593017,0.13704476659867532,0.1370447669160166,0.13704476659867532,0.13704476644593017,0.1370447663867288,0.13704476644593017,0.13704476652060493,0.13704476644593017,0.1370447663867288,0.13602973307417263,0.13602973311748756,0.13602973316057348,0.13602973311748756,0.13602973307417263,0.13602973311748756,0.13602973320407957,0.13602973332170434,0.13602973320407957,0.13602973311748756,0.13602973316057348,0.13602973332170434,0.136029733651641,0.13602973332170434,0.13602973316057348,0.13602973311748756,0.13602973320407957,0.13602973332170434,0.13602973320407957,0.13602973311748756,0.13602973307417263,0.13602973311748756,0.13602973316057348,0.13602973311748756,0.13602973307417263,0.13503425258734514,0.13503425261489274,0.13503425263781352,0.13503425261489274,0.13503425258734514,0.13503425261489274,0.13503425265968047,0.13503425270447914,0.13503425265968047,0.13503425261489274,0.13503425263781352,0.13503425270447914,0.13503425278654202,0.13503425270447914,0.13503425263781352,0.13503425261489274,0.13503425265968047,0.13503425270447914,0.13503425265968047,0.13503425261489274,0.13503425258734514,0.13503425261489274,0.13503425263781352,0.13503425261489274,0.13503425258734514
0.16533248778533796,0.16533248778533796,0.16533248778533796,0.16533248778533796,0.16533248778533796,0.16533248778533796,0.16533248778533796,0.16533248778533796,0.16533248778533796,0.16533248778533796,0.16533248778533796,0.16533248778533796,0.16533248778533796,0.16533248778533796,0.16533248778533796,0.16533248778533796,0.16533248778533796,0.16533248778533796,0.16533248778533796,0.16533248778533796,0.16533248778533796,0.16533248778533796,0.16533248778533796,0.16533248778533796,0.16533248778533796,0.1637574940665358,0.1637574940665358,0.1637574940665358,0.1637574940665358,0.1637574940665358,0.1637574940665358,0.1637574940665358,0.1637574940665358,0.1637574940665358,0.1637574940665358,0.1637574940665358,0.1637574940665358,0.1637574940665358,0.1637574940665358,0.1637574940665358,0.1637574940665358,0.1637574940665358,0.1637574940665358,0.1637574940665358,0.1637574940665358,0.1637574940665358,0.1637574940665358,0.1637574940665358,0.1637574940665358,0.1637574940665358,0.16221388427962422,0.16221388427962422,0.16221388427962422,0.16221388427962422,0.16221388427962422,0.16221388427962422,0.16221388427962422,0.16221388427962422,0.16221388427962422,0.16221388427962422,0.16221388427962422,0.16221388427962422,0.16221388427962422,0.16221388427962422,0.16221388427962422,0.16221388427962422,0.16221388427962422,0.16221388427962422,0.16221388427962422,0.16221388427962422,0.16221388427962422,0.16221388427962422,0.16221388427962422,0.16221388427962422,0.16221388427962422,0.16070106738164316,0.16070106738164316,0.16070106738164316,0.16070106738164316,0.16070106738164316,0.16070106738164316,0.16070106738164316,0.16070106738164316,0.16070106738164316,0.16070106738164316,0.16070106738164316,0.16070106738164316,0.16070106738164316,0.16070106738164316,0.16070106738164316,0.16070106738164316,0.16070106738164316,0.16070106738164316,0.16070106738164316,0.16070106738164316,0.16070106738164316,0.16070106738164316,0.16070106738164316,0.16070106738164316,0.16070106738164316,0.15921845174757054,0.15921845174757054,0.15921845174757054,0.15921845174757054,0.15921845174757054,0.15921845174757054,0.15921845174757054,0.15921845174757054,0.15921845174757054,0.15921845174757054,0.15921845174757054,0.15921845174757054,0.15921845174757035,0.15921845174757054,0.15921845174757054,0.15921845174757054,0.15921845174757054,0.15921845174757054,0.15921845174757054,0.15921845174757054,0.15921845174757054,0.15921845174757054,0.15921845174757054,0.15921845174757054,0.15921845174757054,0.1577654465221729,0.1577654465221729,0.15776544652217264,0.1577654465221729,0.1577654465221729,0.1577654465221729,0.15776544652217264,0.15776544652217264,0.15776544652217264,0.1577654465221729,0.15776544652217264,0.15776544652217264,0.15776544652217264,0.15776544652217264,0.15776544652217264,0.1577654465221729,0.15776544652217264,0.15776544652217264,0.15776544652217264,0.1577654465221729,0.1577654465221729,0.1577654465221729,0.15776544652217264,0.1577654465221729,0.1577654465221729,0.15634146283432876,0.15634146283432876,0.15634146283432854,0.15634146283432876,0.15634146283432876,0.15634146283432876,0.15634146283432854,0.15634146283432854,0.15634146283432854,0.15634146283432876,0.15634146283432854,0.15634146283432854,0.15634146283432834,0.15634146283432854,0.15634146283432854,0.15634146283432876,0.15634146283432854,0.15634146283432854,0.15634146283432854,0.15634146283432876,0.15634146283432876,0.15634146283432876,0.15634146283432854,0.15634146283432876,0.15634146283432876,0.1549459148840896,0.1549459148840892,0.1549459148840888,0.1549459148840892,0.1549459148840896,0.1549459148840892,0.1549459148840886,0.15494591488408838,0.1549459148840886,0.1549459148840892,0.1549459148840888,0.15494591488408838,0.154945914884088,0.15494591488408838,0.1549459148840888,0.1549459148840892,0.1549459148840886,0.15494591488408838,0.1549459148840886,0.1549459148840892,0.1549459148840896,0.1549459148840892,0.1549459148840888,0.1549459148840892,0.1549459148840896,0.15357822091218362,0.1535782209121822,0.15357822091218118,0.1535782209121822,0.15357822091218362,0.1535782209121822,0.1535782209121806,0.1535782209121798,0.1535782209121806,0.1535782209121822,0.15357822091218118,0.1535782209121798,0.1535782209121788,0.1535782209121798,0.15357822091218118,0.1535782209121822,0.1535782209121806,0.1535782209121798,0.1535782209121806,0.1535782209121822,0.15357822091218362,0.1535782209121822,0.15357822091218118,0.1535782209121822,0.15357822091218362,0.15223780406111906,0.15223780406111492,0.15223780406111237,0.15223780406111492,0.15223780406111906,0.15223780406111492,0.1522378040611106,0.15223780406110785,0.1522378040611106,0.15223780406111492,0.15223780406111237,0.15223780406110785,0.15223780406110488,0.15223780406110785,0.15223780406111237,0.15223780406111492,0.1522378040611106,0.15223780406110785,0.1522378040611106,0.15223780406111492,0.15223780406111906,0.15223780406111492,0.15223780406111237,0.15223780406111492,0.15223780406111906,0.1509240931364945,0.15092409313648192,0.15092409313647404,0.15092409313648192,0.1509240931364945,0.15092409313648192,0.15092409313646843,0.15092409313645994,0.15092409313646843,0.15092409313648192,0.15092409313647404,0.15092409313645994,0.15092409313645128,0.15092409313645994,0.15092409313647404,0.15092409313648192,0.15092409313646843,0.15092409313645994,0.15092409313646843,0.15092409313648192,0.1509240931364945,0.15092409313648192,0.15092409313647404,0.15092409313648192,0.1509240931364945,0.1496365232765924,0.14963652327655516,0.14963652327653135,0.14963652327655516,0.1496365232765924,0.14963652327655516,0.1496365232765143,0.14963652327648821,0.1496365232765143,0.14963652327655516,0.14963652327653135,0.14963652327648821,0.1496365232764608,0.14963652327648821,0.14963652327653135,0.14963652327655516,0.1496365232765143,0.14963652327648821,0.1496365232765143,0.14963652327655516,0.1496365232765924,0.14963652327655516,0.14963652327653135,0.14963652327655516,0.1496365232765924,0.1483745365378351,0.14837453653772334,0.14837453653765198,0.14837453653772334,0.1483745365378351,0.14837453653772334,0.14837453653759825,0.1483745365375171,0.14837453653759825,0.14837453653772334,0.14837453653765198,0.1483745365375171,0.14837453653742944,0.1483745365375171,0.14837453653765198,0.14837453653772334,0.14837453653759825,0.1483745365375171,0.14837453653759825,0.14837453653772334,0.1483745365378351,0.14837453653772334,0.14837453653765198,0.14837453653772334,0.1483745365378351,0.1471375824031872,0.1471375824028564,0.14713758240264113,0.1471375824028564,0.1471375824031872,0.1471375824028564,0.1471375824024722,0.14713758240221553,0.1471375824024722,0.1471375824028564,0.14713758240264113,0.14713758240221553,0.1471375824019285,0.14713758240221553,0.14713758240264113,0.1471375824028564,0.1471375824024722,0.14713758240221553,0.1471375824024722,0.1471375824028564,0.1471375824031872,0.1471375824028564,0.14713758240264113,0.1471375824028564,0.1471375824031872,0.1459251182201807,0.1459251182192209,0.1459251182185765,0.1459251182192209,0.1459251182201807,0.1459251182192209,0.1459251182180457,0.14592511821722126,0.1459251182180457,0.1459251182192209,0.1459251182185765,0.14592511821722126,0.14592511821624654,0.14592511821722126,0.14592511821857632,0.1459251182192209,0.1459251182180457,0.14592511821722126,0.1459251182180457,0.1459251182192209,0.1459251182201807,0.1459251182192209,0.14592511821857632,0.1459251182192209,0.1459251182201807,0.14473660957491657,0.1447366095722226,0.1447366095703186,0.1447366095722226,0.14473660957491657,0.1447366095722226,0.14473660956866788,0.14473660956596532,0.14473660956866788,0.1447366095722226,0.1447366095703186,0.14473660956596532,0.14473660956246037,0.14473660956596532,0.1447366095703186,0.1447366095722226,0.14473660956866788,0.14473660956596532,0.14473660956866788,0.1447366095722226,0.14473660957491657,0.1447366095722226,0.1447366095703186,0.1447366095722226,0.14473660957491657,0.1435715306082851,0.14357153060112007,0.1435715305956426,0.14357153060112007,0.1435715306082851,0.14357153060112007,0.1435715305906218,0.14357153058155314,0.1435715305906218,0.14357153060112007,0.1435715305956426,0.14357153058155314,0.1435715305678672,0.14357153058155314,0.1435715305956426,0.14357153060112007,0.1435715305906218,0.14357153058155314,0.1435715305906218,0.14357153060112007,0.1435715306082851,0.14357153060112007,0.1435715305956426,0.14357153060112007,0.1435715306082851,0.14242936428074357,0.14242936426333844,0.14242936424837027,0.14242936426333844,0.14242936428074357,0.14242936426333844,0.14242936423388672,0.14242936420298596,0.14242936423388672,0.14242936426333844,0.14242936424837027,0.14242936420298596,0.14242936414347915,0.14242936420298596,0.14242936424837027,0.14242936426333844,0.14242936423388672,0.14242936420298596,0.14242936423388672,0.14242936426333844,0.14242936428074357,0.14242936426333844,0.14242936424837027,0.14242936426333844,0.14242936428074357,0.14130960259153313,0.1413096025556883,0.14130960251914368,0.1413096025556883,0.14130960259153313,0.1413096025556883,0.1413096024819417,0.1413096023793101,0.1413096024819417,0.1413096025556883,0.14130960251914368,0.1413096023793101,0.14130960208670965,0.1413096023793101,0.14130960251914368,0.1413096025556883,0.1413096024819417,0.1413096023793101,0.1413096024819417,0.1413096025556883,0.14130960259153313,0.1413096025556883,0.14130960251914368,0.1413096025556883,0.14130960259153313,0.14021174675276465,0.14021174670106779,0.14021174663468916,0.14021174670106779,0.14021174675276465,0.14021174670106779,0.14021174656501018,0.14021174627866118,0.14021174656501018,0.14021174670106779,0.14021174663468916,0.14021174627866118,0.14021174465364808,0.14021174627866118,0.14021174663468916,0.14021174670106779,0.14021174656501018,0.14021174627866118,0.14021174656501018,0.14021174670106779,0.14021174675276465,0.14021174670106779,0.14021174663468916,0.14021174670106779,0.14021174675276465,0.13913530729647966,0.13913530727759033,0.13913530725586135,0.13913530727759033,0.13913530729647966,0.13913530727759033,0.1391353072330907,0.13913530716201386,0.1391353072330907,0.13913530727759033,0.13913530725586135,0.13913530716201386,0.13913530693468726,0.13913530716201386,0.13913530725586135,0.13913530727759033,0.1391353072330907,0.13913530716201386,0.1391353072330907,0.13913530727759033,0.13913530729647966,0.13913530727759033,0.13913530725586135,0.13913530727759033,0.13913530729647966,0.1380798040726709,0.1380798040968502,0.138079804123455,0.1380798040968502,0.1380798040726709,0.1380798040968502,0.1380798041510091,0.13807980423397254,0.1380798041510091,0.1380798040968502,0.138079804123455,0.13807980423397254,0.13807980449155785,0.13807980423397254,0.138079804123455,0.1380798040968502,0.1380798041510091,0.13807980423397254,0.1380798041510091,0.1380798040968502,0.1380798040726709,0.1380798040968502,0.138079804123455,0.1380798040968502,0.1380798040726709,0.13704476638819235,0.13704476644748903,0.13704476652228403,0.13704476644748903,0.13704476638819235,0.13704476644748903,0.13704476660048018,0.1370447669183325,0.13704476660048018,0.13704476644748903,0.13704476652228403,0.1370447669183325,0.13704476871084956,0.1370447669183325,0.13704476652228403,0.13704476644748903,0.13704476660048018,0.1370447669183325,0.13704476660048018,0.13704476644748903,0.13704476638819235,0.13704476644748903,0.13704476652228403,0.13704476644748903,0.13704476638819235,0.1360297330758395,0.13602973311922437,0.13602973316237962,0.13602973311922437,0.1360297330758395,0.13602973311922437,0.13602973320595563,0.1360297333237699,0.13602973320595563,0.13602973311922437,0.13602973316237962,0.1360297333237699,0.136029733654238,0.1360297333237699,0.13602973316237962,0.13602973311922437,0.13602973320595563,0.1360297333237699,0.13602973320595563,0.13602973311922437,0.1360297330758395,0.13602973311922437,0.13602973316237962,0.13602973311922437,0.1360297330758395,0.13503425258907192,0.135034252616664,0.1350342526396216,0.135034252616664,0.13503425258907192,0.135034252616664,0.13503425266152383,0.13503425270639458,0.13503425266152383,0.135034252616664,0.1350342526396216,0.13503425270639458,0.1350342527885895,0.13503425270639458,0.1350342526396216,0.135034252616664,0.13503425266152383,0.13503425270639458,0.13503425266152383,0.135034252616664,0.13503425258907192,0.135034252616664,0.1350342526396216,0.135034252616664,0.13503425258907192
0.16533248778495516,0.16533248778495516,0.16533248778495516,0.16533248778495516,0.16533248778495516,0.16533248778495516,0.16533248778495516,0.16533248778495516,0.16533248778495516,0.16533248778495516,0.16533248778495516,0.16533248778495516,0.16533248778495516,0.16533248778495516,0.16533248778495516,0.16533248778495516,0.16533248778495516,0.16533248778495516,0.16533248778495516,0.16533248778495516,0.16533248778495516,0.16533248778495516,0.16533248778495516,0.16533248778495516,0.16533248778495516,0.1637574940661618,0.1637574940661618,0.1637574940661618,0.1637574940661618,0.1637574940661618,0.1637574940661618,0.1637574940661618,0.1637574940661618,0.1637574940661618,0.1637574940661618,0.1637574940661618,0.1637574940661618,0.1637574940661618,0.1637574940661618,0.1637574940661618,0.1637574940661618,0.1637574940661618,0.1637574940661618,0.1637574940661618,0.1637574940661618,0.1637574940661618,0.1637574940661618,0.1637574940661618,0.1637574940661618,0.1637574940661618,0.1622138842792595,0.1622138842792595,0.1622138842792595,0.1622138842792595,0.1622138842792595,0.1622138842792595,0.1622138842792595,0.1622138842792595,0.1622138842792595,0.1622138842792595,0.1622138842792595,0.1622138842792595,0.1622138842792595,0.1622138842792595,0.1622138842792595,0.1622138842792595,0.1622138842792595,0.1622138842792595,0.1622138842792595,0.1622138842792595,0.1622138842792595,0.1622138842792595,0.1622138842792595,0.1622138842792595,0.1622138842792595,0.1607010673812886,0.1607010673812886,0.1607010673812886,0.1607010673812886,0.1607010673812886,0.1607010673812886,0.1607010673812886,0.1607010673812886,0.1607010673812886,0.1607010673812886,0.1607010673812886,0.1607010673812886,0.1607010673812886,0.1607010673812886,0.1607010673812886,0.1607010673812886,0.1607010673812886,0.1607010673812886,0.1607010673812886,0.1607010673812886,0.1607010673812886,0.1607010673812886,0.1607010673812886,0.1607010673812886,0.1607010673812886,0.15921845174722676,0.15921845174722676,0.15921845174722676,0.15921845174722676,0.15921845174722676,0.15921845174722676,0.15921845174722676,0.15921845174722676,0.15921845174722676,0.15921845174722676,0.15921845174722676,0.15921845174722676,0.15921845174722676,0.15921845174722676,0.15921845174722676,0.15921845174722676,0.15921845174722676,0.15921845174722676,0.15921845174722676,0.15921845174722676,0.15921845174722676,0.15921845174722676,0.15921845174722676,0.15921845174722676,0.15921845174722676,0.15776544652184107,0.1577654465218409,0.1577654465218409,0.1577654465218409,0.15776544652184107,0.1577654465218409,0.1577654465218409,0.1577654465218409,0.1577654465218409,0.1577654465218409,0.1577654465218409,0.1577654465218409,0.1577654465218409,0.1577654465218409,0.1577654465218409,0.1577654465218409,0.1577654465218409,0.1577654465218409,0.1577654465218409,0.1577654465218409,0.15776544652184107,0.1577654465218409,0.1577654465218409,0.1577654465218409,0.15776544652184107,0.15634146283400965,0.15634146283400946,0.15634146283400946,0.15634146283400946,0.15634146283400965,0.15634146283400946,0.15634146283400924,0.15634146283400924,0.15634146283400924,0.15634146283400946,0.15634146283400946,0.15634146283400924,0.15634146283400904,0.15634146283400924,0.15634146283400946,0.15634146283400946,0.15634146283400924,0.15634146283400924,0.15634146283400924,0.15634146283400946,0.15634146283400965,0.15634146283400946,0.15634146283400946,0.15634146283400946,0.15634146283400965,0.15494591488378384,0.15494591488378345,0.15494591488378304,0.15494591488378345,0.15494591488378384,0.15494591488378345,0.15494591488378284,0.15494591488378262,0.15494591488378284,0.15494591488378345,0.15494591488378304,0.15494591488378262,0.1549459148837822,0.15494591488378262,0.15494591488378304,0.15494591488378345,0.15494591488378284,0.15494591488378262,0.15494591488378284,0.15494591488378345,0.15494591488378384,0.15494591488378345,0.15494591488378304,0.15494591488378345,0.15494591488378384,0.153578220911892,0.15357822091189058,0.15357822091188975,0.15357822091189058,0.153578220911892,0.15357822091189058,0.15357822091188916,0.15357822091188816,0.15357822091188916,0.15357822091189058,0.15357822091188975,0.15357822091188816,0.15357822091188733,0.15357822091188816,0.15357822091188975,0.15357822091189058,0.15357822091188916,0.15357822091188816,0.15357822091188916,0.15357822091189058,0.153578220911892,0.15357822091189058,0.15357822091188975,0.15357822091189058,0.153578220911892,0.1522378040608425,0.15223780406083837,0.1522378040608358,0.15223780406083837,0.1522378040608425,0.15223780406083837,0.15223780406083404,0.1522378040608313,0.15223780406083404,0.15223780406083837,0.1522378040608358,0.1522378040608313,0.15223780406082854,0.1522378040608313,0.1522378040608358,0.15223780406083837,0.15223780406083404,0.1522378040608313,0.15223780406083404,0.15223780406083837,0.1522378040608425,0.15223780406083837,0.1522378040608358,0.15223780406083837,0.1522378040608425,0.15092409313623364,0.1509240931362211,0.1509240931362132,0.1509240931362211,0.15092409313623364,0.1509240931362211,0.1509240931362078,0.1509240931361993,0.1509240931362076,0.1509240931362211,0.1509240931362132,0.1509240931361993,0.15092409313619062,0.1509240931361993,0.1509240931362132,0.1509240931362211,0.1509240931362076,0.1509240931361993,0.1509240931362076,0.1509240931362211,0.15092409313623364,0.1509240931362211,0.1509240931362132,0.1509240931362211,0.15092409313623364,0.1496365232763479,0.14963652327631086,0.14963652327628701,0.14963652327631086,0.1496365232763479,0.14963652327631086,0.14963652327627003,0.14963652327624394,0.14963652327627003,0.14963652327631086,0.14963652327628701,0.14963652327624394,0.1496365232762165,0.14963652327624394,0.14963652327628701,0.14963652327631086,0.14963652327627003,0.14963652327624394,0.14963652327627003,0.14963652327631086,0.1496365232763479,0.14963652327631086,0.14963652327628701,0.14963652327631086,0.1496365232763479,0.1483745365376081,0.14837453653749633,0.1483745365374248,0.14837453653749633,0.1483745365376081,0.14837453653749633,0.14837453653737104,0.14837453653728988,0.14837453653737104,0.14837453653749633,0.1483745365374248,0.14837453653728988,0.148374536537202,0.14837453653728988,0.1483745365374248,0.14837453653749633,0.14837453653737104,0.14837453653728988,0.14837453653737104,0.14837453653749633,0.1483745365376081,0.14837453653749633,0.1483745365374248,0.14837453653749633,0.1483745365376081,0.14713758240297847,0.14713758240264715,0.14713758240243152,0.14713758240264715,0.14713758240297847,0.14713758240264715,0.14713758240226257,0.14713758240200553,0.14713758240226257,0.14713758240264715,0.14713758240243152,0.14713758240200553,0.14713758240171831,0.14713758240200553,0.14713758240243152,0.14713758240264715,0.14713758240226257,0.14713758240200553,0.14713758240226257,0.14713758240264715,0.14713758240297847,0.14713758240264715,0.14713758240243152,0.14713758240264715,0.14713758240297847,0.14592511821999105,0.14592511821903,0.1459251182183849,0.14592511821903,0.14592511821999105,0.14592511821903,0.14592511821785376,0.14592511821702822,0.14592511821785376,0.14592511821903,0.1459251182183849,0.14592511821702822,0.14592511821605264,0.14592511821702822,0.1459251182183849,0.14592511821903,0.14592511821785376,0.14592511821702822,0.14592511821785376,0.14592511821903,0.14592511821999105,0.14592511821903,0.1459251182183849,0.14592511821903,0.14592511821999105,0.1447366095747485,0.14473660957205153,0.14473660957014525,0.14473660957205153,0.1447366095747485,0.14473660957205153,0.14473660956849296,0.1447366095657873,0.14473660956849296,0.14473660957205153,0.14473660957014525,0.1447366095657873,0.14473660956227832,0.1447366095657873,0.14473660957014525,0.14473660957205153,0.14473660956849296,0.1447366095657873,0.14473660956849296,0.14473660957205153,0.1447366095747485,0.14473660957205153,0.14473660957014525,0.14473660957205153,0.1447366095747485,0.14357153060814476,0.14357153060097172,0.14357153059548822,0.14357153060097172,0.14357153060814476,0.14357153060097172,0.1435715305904616,0.1435715305813829,0.1435715305904616,0.14357153060097172,0.14357153059548822,0.1435715305813829,0.1435715305676817,0.1435715305813829,0.14357153059548822,0.14357153060097172,0.1435715305904616,0.1435715305813829,0.1435715305904616,0.14357153060097172,0.14357153060814476,0.14357153060097172,0.14357153059548822,0.14357153060097172,0.14357153060814476,0.14242936428064712,0.14242936426322253,0.14242936424823777,0.14242936426322253,0.14242936428064712,0.14242936426322253,0.14242936423373792,0.1424293642028028,0.14242936423373792,0.14242936426322253,0.14242936424823777,0.1424293642028028,0.14242936414322968,0.1424293642028028,0.14242936424823777,0.14242936426322253,0.14242936423373792,0.1424293642028028,0.14242936423373792,0.14242936426322253,0.14242936428064712,0.14242936426322253,0.14242936424823777,0.14242936426322253,0.14242936428064712,0.14130960259152048,0.14130960255563568,0.14130960251905028,0.14130960255563568,0.14130960259152048,0.14130960255563568,0.1413096024818065,0.1413096023790606,0.1413096024818065,0.14130960255563568,0.14130960251905028,0.1413096023790606,0.1413096020861342,0.1413096023790606,0.14130960251905028,0.14130960255563568,0.1413096024818065,0.1413096023790606,0.1413096024818065,0.14130960255563568,0.14130960259152048,0.14130960255563568,0.14130960251905028,0.14130960255563568,0.14130960259152048,0.140211746752918,0.14021174670116357,0.14021174663471092,0.14021174670116357,0.140211746752918,0.14021174670116357,0.14021174656495422,0.14021174627828595,0.14021174656495422,0.14021174670116357,0.14021174663471092,0.14021174627828595,0.14021174465146505,0.14021174627828595,0.14021174663471092,0.14021174670116357,0.14021174656495422,0.14021174627828595,0.14021174656495422,0.14021174670116357,0.140211746752918,0.14021174670116357,0.14021174663471092,0.14021174670116357,0.140211746752918,0.1391353072969189,0.13913530727800838,0.1391353072562552,0.13913530727800838,0.1391353072969189,0.13913530727800838,0.1391353072334591,0.13913530716230305,0.1391353072334591,0.13913530727800838,0.1391353072562552,0.13913530716230305,0.13913530693472315,0.13913530716230305,0.1391353072562552,0.13913530727800838,0.1391353072334591,0.13913530716230305,0.1391353072334591,0.13913530727800838,0.1391353072969189,0.13913530727800838,0.1391353072562552,0.13913530727800838,0.1391353072969189,0.1380798040734408,0.13807980409764728,0.1380798041242817,0.13807980409764728,0.1380798040734408,0.13807980409764728,0.1380798041518665,0.13807980423492233,0.1380798041518665,0.13807980409764728,0.1380798041242817,0.13807980423492233,0.1380798044927946,0.13807980423492233,0.1380798041242817,0.13807980409764728,0.1380798041518665,0.13807980423492233,0.1380798041518665,0.13807980409764728,0.1380798040734408,0.13807980409764728,0.1380798041242817,0.13807980409764728,0.1380798040734408,0.13704476638923974,0.13704476644860245,0.13704476652348077,0.13704476644860245,0.13704476638923974,0.13704476644860245,0.1370447666017642,0.13704476691997072,0.1370447666017642,0.13704476644860245,0.13704476652348077,0.13704476691997072,0.13704476871451676,0.13704476691997072,0.13704476652348077,0.13704476644860245,0.1370447666017642,0.13704476691997072,0.1370447666017642,0.13704476644860245,0.13704476638923974,0.13704476644860245,0.13704476652348077,0.13704476644860245,0.13704476638923974,0.13602973307702906,0.1360297331204621,0.1360297331636655,0.1360297331204621,0.13602973307702906,0.1360297331204621,0.13602973320729014,0.13602973332523566,0.13602973320729014,0.1360297331204621,0.1360297331636655,0.13602973332523566,0.13602973365607188,0.13602973332523566,0.1360297331636655,0.1360297331204621,0.13602973320729014,0.13602973332523566,0.13602973320729014,0.1360297331204621,0.13602973307702906,0.1360297331204621,0.1360297331636655,0.1360297331204621,0.13602973307702906,0.13503425259030324,0.1350342526179259,0.1350342526409091,0.1350342526179259,0.13503425259030324,0.1350342526179259,0.1350342526628357,0.1350342527077565,0.1350342526628357,0.1350342526179259,0.1350342526409091,0.1350342527077565,0.13503425279004297,0.1350342527077565,0.1350342526409091,0.1350342526179259,0.1350342526628357,0.1350342527077565,0.1350342526628357,0.1350342526179259,0.13503425259030324,0.1350342526179259,0.1350342526409091,0.1350342526179259,0.13503425259030324
0.16533248778469536,0.16533248778469536,0.16533248778469536,0.16533248778469536,0.16533248778469536,0.16533248778469536,0.16533248778469536,0.16533248778469536,0.16533248778469536,0.16533248778469536,0.16533248778469536,0.16533248778469536,0.16533248778469536,0.16533248778469536,0.16533248778469536,0.16533248778469536,0.16533248778469536,0.16533248778469536,0.16533248778469536,0.16533248778469536,0.16533248778469536,0.16533248778469536,0.16533248778469536,0.16533248778469536,0.16533248778469536,0.1637574940659081,0.1637574940659081,0.1637574940659081,0.1637574940659081,0.1637574940659081,0.1637574940659081,0.1637574940659081,0.1637574940659081,0.1637574940659081,0.1637574940659081,0.1637574940659081,0.1637574940659081,0.1637574940659081,0.1637574940659081,0.1637574940659081,0.1637574940659081,0.1637574940659081,0.1637574940659081,0.1637574940659081,0.1637574940659081,0.1637574940659081,0.1637574940659081,0.1637574940659081,0.1637574940659081,0.1637574940659081,0.16221388427901265,0.16221388427901265,0.16221388427901265,0.16221388427901265,0.16221388427901265,0.16221388427901265,0.16221388427901265,0.16221388427901265,0.16221388427901265,0.16221388427901265,0.16221388427901265,0.16221388427901265,0.16221388427901265,0.16221388427901265,0.16221388427901265,0.16221388427901265,0.16221388427901265,0.16221388427901265,0.16221388427901265,0.16221388427901265,0.16221388427901265,0.16221388427901265,0.16221388427901265,0.16221388427901265,0.16221388427901265,0.16070106738104956,0.16070106738104956,0.16070106738104956,0.16070106738104956,0.16070106738104956,0.16070106738104956,0.16070106738104956,0.16070106738104956,0.16070106738104956,0.16070106738104956,0.16070106738104956,0.16070106738104956,0.16070106738104956,0.16070106738104956,0.16070106738104956,0.16070106738104956,0.16070106738104956,0.16070106738104956,0.16070106738104956,0.16070106738104956,0.16070106738104956,0.16070106738104956,0.16070106738104956,0.16070106738104956,0.16070106738104956,0.15921845174699642,0.15921845174699642,0.15921845174699623,0.15921845174699642,0.15921845174699642,0.15921845174699642,0.15921845174699623,0.15921845174699623,0.15921845174699623,0.15921845174699642,0.15921845174699623,0.15921845174699623,0.15921845174699623,0.15921845174699623,0.15921845174699623,0.15921845174699642,0.15921845174699623,0.15921845174699623,0.15921845174699623,0.15921845174699642,0.15921845174699642,0.15921845174699642,0.15921845174699623,0.15921845174699642,0.15921845174699642,0.15776544652161986,0.15776544652161986,0.15776544652161986,0.15776544652161986,0.15776544652161986,0.15776544652161986,0.15776544652161986,0.15776544652161986,0.15776544652161986,0.15776544652161986,0.15776544652161986,0.15776544652161986,0.15776544652161986,0.15776544652161986,0.15776544652161986,0.15776544652161986,0.15776544652161986,0.15776544652161986,0.15776544652161986,0.15776544652161986,0.15776544652161986,0.15776544652161986,0.15776544652161986,0.15776544652161986,0.15776544652161986,0.15634146283379888,0.15634146283379866,0.15634146283379866,0.15634146283379866,0.15634146283379888,0.15634146283379866,0.15634146283379846,0.15634146283379846,0.15634146283379846,0.15634146283379866,0.15634146283379866,0.15634146283379846,0.15634146283379824,0.15634146283379846,0.15634146283379866,0.15634146283379866,0.15634146283379846,0.15634146283379846,0.15634146283379846,0.15634146283379866,0.15634146283379888,0.15634146283379866,0.15634146283379866,0.15634146283379866,0.15634146283379888,0.15494591488358403,0.15494591488358364,0.15494591488358345,0.15494591488358364,0.15494591488358403,0.15494591488358364,0.15494591488358322,0.15494591488358284,0.15494591488358322,0.15494591488358364,0.15494591488358345,0.15494591488358284,0.15494591488358261,0.15494591488358284,0.15494591488358345,0.15494591488358364,0.15494591488358322,0.15494591488358284,0.15494591488358322,0.15494591488358364,0.15494591488358403,0.15494591488358364,0.15494591488358345,0.15494591488358364,0.15494591488358403,0.1535782209117042,0.15357822091170278,0.15357822091170198,0.15357822091170278,0.1535782209117042,0.15357822091170278,0.15357822091170137,0.15357822091170037,0.15357822091170137,0.15357822091170278,0.15357822091170198,0.15357822091170037,0.15357822091169956,0.15357822091170037,0.15357822091170198,0.15357822091170278,0.15357822091170137,0.15357822091170037,0.15357822091170137,0.15357822091170278,0.1535782209117042,0.15357822091170278,0.15357822091170198,0.15357822091170278,0.1535782209117042,0.15223780406066753,0.15223780406066337,0.15223780406066081,0.15223780406066337,0.15223780406066753,0.15223780406066337,0.15223780406065904,0.1522378040606563,0.15223780406065904,0.15223780406066337,0.15223780406066081,0.1522378040606563,0.15223780406065351,0.1522378040606563,0.15223780406066081,0.15223780406066337,0.15223780406065904,0.1522378040606563,0.15223780406065904,0.15223780406066337,0.15223780406066753,0.15223780406066337,0.15223780406066081,0.15223780406066337,0.15223780406066753,0.15092409313607197,0.15092409313605962,0.15092409313605173,0.15092409313605962,0.15092409313607197,0.15092409313605962,0.15092409313604632,0.15092409313603783,0.15092409313604632,0.15092409313605962,0.15092409313605173,0.15092409313603783,0.15092409313602917,0.15092409313603783,0.15092409313605173,0.15092409313605962,0.15092409313604632,0.15092409313603783,0.15092409313604632,0.15092409313605962,0.15092409313607197,0.15092409313605962,0.15092409313605173,0.15092409313605962,0.15092409313607197,0.1496365232762008,0.14963652327616353,0.1496365232761399,0.14963652327616353,0.1496365232762008,0.14963652327616353,0.14963652327612273,0.1496365232760968,0.14963652327612273,0.14963652327616353,0.1496365232761399,0.1496365232760968,0.14963652327606938,0.1496365232760968,0.1496365232761399,0.14963652327616353,0.14963652327612273,0.1496365232760968,0.14963652327612273,0.14963652327616353,0.1496365232762008,0.14963652327616353,0.1496365232761399,0.14963652327616353,0.1496365232762008,0.14837453653747615,0.14837453653736418,0.14837453653729282,0.14837453653736418,0.14837453653747615,0.14837453653736418,0.14837453653723912,0.14837453653715774,0.14837453653723912,0.14837453653736418,0.14837453653729282,0.14837453653715774,0.1483745365370699,0.14837453653715774,0.14837453653729282,0.14837453653736418,0.14837453653723912,0.14837453653715774,0.14837453653723912,0.14837453653736418,0.14837453653747615,0.14837453653736418,0.14837453653729282,0.14837453653736418,0.14837453653747615,0.1471375824028624,0.1471375824025309,0.14713758240231525,0.1471375824025309,0.1471375824028624,0.1471375824025309,0.14713758240214614,0.1471375824018889,0.14713758240214614,0.1471375824025309,0.14713758240231525,0.1471375824018889,0.14713758240160152,0.1471375824018889,0.14713758240231525,0.1471375824025309,0.14713758240214614,0.1471375824018889,0.14713758240214614,0.1471375824025309,0.1471375824028624,0.1471375824025309,0.14713758240231525,0.1471375824025309,0.1471375824028624,0.14592511821989151,0.14592511821893014,0.1459251182182843,0.14592511821893014,0.14592511821989151,0.14592511821893014,0.14592511821775295,0.1459251182169269,0.14592511821775295,0.14592511821893014,0.1459251182182843,0.1459251182169269,0.14592511821595078,0.1459251182169269,0.1459251182182843,0.14592511821893014,0.14592511821775295,0.1459251182169269,0.14592511821775295,0.14592511821893014,0.14592511821989151,0.14592511821893014,0.1459251182182843,0.14592511821893014,0.14592511821989151,0.14473660957466716,0.14473660957196863,0.14473660957006093,0.14473660957196863,0.14473660957466716,0.14473660957196863,0.14473660956840761,0.14473660956570036,0.14473660956840761,0.14473660957196863,0.14473660957006093,0.14473660956570036,0.14473660956218928,0.14473660956570036,0.14473660957006093,0.14473660957196863,0.14473660956840761,0.14473660956570036,0.14473660956840761,0.14473660957196863,0.14473660957466716,0.14473660957196863,0.14473660957006093,0.14473660957196863,0.14473660957466716,0.14357153060808506,0.14357153060090738,0.14357153059542047,0.14357153060090738,0.14357153060808506,0.14357153060090738,0.1435715305903908,0.1435715305813064,0.1435715305903908,0.14357153060090738,0.14357153059542047,0.1435715305813064,0.1435715305675965,0.1435715305813064,0.14357153059542047,0.14357153060090738,0.1435715305903908,0.1435715305813064,0.1435715305903908,0.14357153060090738,0.14357153060808506,0.14357153060090738,0.14357153059542047,0.14357153060090738,0.14357153060808506,0.1424293642806179,0.14242936426318245,0.14242936424818808,0.14242936426318245,0.1424293642806179,0.14242936426318245,0.14242936423367922,0.14242936420272462,0.14242936423367922,0.14242936426318245,0.14242936424818808,0.14242936420272462,0.14242936414311394,0.14242936420272462,0.14242936424818808,0.14242936426318245,0.14242936423367922,0.14242936420272462,0.14242936423367922,0.14242936426318245,0.1424293642806179,0.14242936426318245,0.14242936424818808,0.14242936426318245,0.1424293642806179,0.141309602591544,0.14130960255563668,0.14130960251902808,0.14130960255563668,0.141309602591544,0.14130960255563668,0.14130960248176094,0.1413096023789504,0.14130960248176094,0.14130960255563668,0.14130960251902808,0.1413096023789504,0.1413096020858398,0.1413096023789504,0.14130960251902808,0.14130960255563668,0.14130960248176094,0.1413096023789504,0.14130960248176094,0.14130960255563668,0.141309602591544,0.14130960255563668,0.14130960251902808,0.14130960255563668,0.141309602591544,0.14021174675304054,0.1402117467012534,0.14021174663475897,0.1402117467012534,0.14021174675304054,0.1402117467012534,0.1402117465649584,0.1402117462781097,0.1402117465649584,0.1402117467012534,0.14021174663475897,0.1402117462781097,0.14021174465025676,0.1402117462781097,0.14021174663475897,0.1402117467012534,0.1402117465649584,0.1402117462781097,0.1402117465649584,0.1402117467012534,0.14021174675304054,0.1402117467012534,0.14021174663475897,0.1402117467012534,0.14021174675304054,0.1391353072972071,0.13913530727828477,0.13913530725651796,0.13913530727828477,0.1391353072972071,0.13913530727828477,0.13913530723370748,0.13913530716250672,0.13913530723370748,0.13913530727828477,0.13913530725651796,0.13913530716250672,0.13913530693478354,0.13913530716250672,0.13913530725651796,0.13913530727828477,0.13913530723370748,0.13913530716250672,0.13913530723370748,0.13913530727828477,0.1391353072972071,0.13913530727828477,0.13913530725651796,0.13913530727828477,0.1391353072972071,0.13807980407391973,0.13807980409814138,0.1380798041247927,0.13807980409814138,0.13807980407391973,0.13807980409814138,0.1380798041523947,0.13807980423550292,0.1380798041523947,0.13807980409814138,0.1380798041247927,0.13807980423550292,0.13807980449353743,0.13807980423550292,0.1380798041247927,0.13807980409814138,0.1380798041523947,0.13807980423550292,0.1380798041523947,0.13807980409814138,0.13807980407391973,0.13807980409814138,0.1380798041247927,0.13807980409814138,0.13807980407391973,0.13704476638987817,0.13704476644927807,0.13704476652420355,0.13704476644927807,0.13704476638987817,0.13704476644927807,0.13704476660253626,0.13704476692094303,0.13704476660253626,0.13704476644927807,0.13704476652420355,0.13704476692094303,0.1370447687166146,0.13704476692094303,0.13704476652420355,0.13704476644927807,0.13704476660253626,0.13704476692094303,0.13704476660253626,0.13704476644927807,0.13704476638987817,0.13704476644927807,0.13704476652420355,0.13704476644927807,0.13704476638987817,0.1360297330777494,0.13602973312120972,0.13602973316444025,0.13602973312120972,0.1360297330777494,0.13602973312120972,0.13602973320809236,0.1360297333261121,0.13602973320809236,0.13602973312120972,0.13602973316444025,0.1360297333261121,0.13602973365715632,0.1360297333261121,0.13602973316444025,0.13602973312120972,0.13602973320809236,0.1360297333261121,0.13602973320809236,0.13602973312120972,0.1360297330777494,0.13602973312120972,0.13602973316444025,0.13602973312120972,0.1360297330777494,0.13503425259104762,0.13503425261868782,0.13503425264168534,0.13503425261868765,0.13503425259104762,0.13503425261868782,0.1350342526636257,0.13503425270857472,0.1350342526636257,0.13503425261868765,0.13503425264168534,0.13503425270857472,0.13503425279091277,0.13503425270857472,0.13503425264168534,0.13503425261868765,0.1350342526636257,0.13503425270857472,0.1350342526636257,0.13503425261868765,0.13503425259104762,0.13503425261868765,0.13503425264168534,0.13503425261868765,0.13503425259104762
0.16533248778455517,0.16533248778455517,0.16533248778455517,0.16533248778455517,0.16533248778455517,0.16533248778455517,0.16533248778455517,0.16533248778455517,0.16533248778455517,0.16533248778455517,0.16533248778455517,0.16533248778455517,0.16533248778455517,0.16533248778455517,0.16533248778455517,0.16533248778455517,0.16533248778455517,0.16533248778455517,0.16533248778455517,0.16533248778455517,0.16533248778455517,0.16533248778455517,0.16533248778455517,0.16533248778455517,0.16533248778455517,0.16375749406577184,0.16375749406577184,0.16375749406577184,0.16375749406577184,0.16375749406577184,0.16375749406577184,0.16375749406577184,0.16375749406577164,0.16375749406577164,0.16375749406577164,0.16375749406577184,0.16375749406577164,0.16375749406577164,0.16375749406577164,0.16375749406577164,0.16375749406577184,0.16375749406577164,0.16375749406577164,0.16375749406577164,0.16375749406577164,0.16375749406577184,0.16375749406577164,0.16375749406577164,0.16375749406577164,0.16375749406577164,0.16221388427888117,0.16221388427888117,0.16221388427888117,0.16221388427888117,0.16221388427888117,0.16221388427888117,0.16221388427888117,0.16221388427888117,0.16221388427888117,0.16221388427888117,0.16221388427888117,0.16221388427888117,0.16221388427888117,0.16221388427888117,0.16221388427888117,0.16221388427888117,0.16221388427888117,0.16221388427888117,0.16221388427888117,0.16221388427888117,0.16221388427888117,0.16221388427888117,0.16221388427888117,0.16221388427888117,0.16221388427888117,0.16070106738092338,0.16070106738092338,0.16070106738092338,0.16070106738092338,0.16070106738092338,0.16070106738092338,0.16070106738092338,0.16070106738092338,0.16070106738092338,0.16070106738092338,0.16070106738092338,0.16070106738092338,0.16070106738092338,0.16070106738092338,0.16070106738092338,0.16070106738092338,0.16070106738092338,0.16070106738092338,0.16070106738092338,0.16070106738092338,0.16070106738092338,0.16070106738092338,0.16070106738092338,0.16070106738092338,0.16070106738092338,0.15921845174687668,0.15921845174687668,0.15921845174687668,0.15921845174687668,0.15921845174687668,0.15921845174687668,0.15921845174687668,0.15921845174687668,0.15921845174687668,0.15921845174687668,0.15921845174687668,0.15921845174687668,0.15921845174687668,0.15921845174687668,0.15921845174687668,0.15921845174687668,0.15921845174687668,0.15921845174687668,0.15921845174687668,0.15921845174687668,0.15921845174687668,0.15921845174687668,0.15921845174687668,0.15921845174687668,0.15921845174687668,0.1577654465215074,0.1577654465215074,0.1577654465215074,0.1577654465215074,0.1577654465215074,0.1577654465215074,0.1577654465215074,0.1577654465215074,0.1577654465215074,0.1577654465215074,0.1577654465215074,0.1577654465215074,0.15776544652150717,0.1577654465215074,0.1577654465215074,0.1577654465215074,0.1577654465215074,0.1577654465215074,0.1577654465215074,0.1577654465215074,0.1577654465215074,0.1577654465215074,0.1577654465215074,0.1577654465215074,0.1577654465215074,0.15634146283369432,0.15634146283369432,0.1563414628336941,0.15634146283369432,0.15634146283369432,0.15634146283369432,0.1563414628336941,0.1563414628336939,0.1563414628336941,0.15634146283369432,0.1563414628336941,0.1563414628336939,0.1563414628336939,0.1563414628336939,0.1563414628336941,0.15634146283369432,0.1563414628336941,0.1563414628336939,0.1563414628336941,0.15634146283369432,0.15634146283369432,0.15634146283369432,0.1563414628336941,0.15634146283369432,0.15634146283369432,0.15494591488348855,0.15494591488348813,0.15494591488348794,0.15494591488348813,0.15494591488348855,0.15494591488348813,0.15494591488348775,0.15494591488348733,0.15494591488348775,0.15494591488348813,0.15494591488348794,0.15494591488348733,0.1549459148834871,0.15494591488348733,0.15494591488348794,0.15494591488348813,0.15494591488348775,0.15494591488348733,0.15494591488348775,0.15494591488348813,0.15494591488348855,0.15494591488348813,0.15494591488348794,0.15494591488348813,0.15494591488348855,0.15357822091161843,0.15357822091161702,0.15357822091161621,0.15357822091161702,0.15357822091161843,0.15357822091161702,0.15357822091161563,0.15357822091161483,0.15357822091161563,0.15357822091161702,0.15357822091161621,0.15357822091161483,0.1535782209116138,0.15357822091161483,0.15357822091161621,0.15357822091161702,0.15357822091161563,0.15357822091161483,0.15357822091161563,0.15357822091161702,0.15357822091161843,0.15357822091161702,0.15357822091161621,0.15357822091161702,0.15357822091161843,0.15223780406059229,0.15223780406058818,0.15223780406058562,0.15223780406058818,0.15223780406059229,0.15223780406058818,0.15223780406058385,0.1522378040605811,0.15223780406058385,0.15223780406058818,0.15223780406058562,0.1522378040605811,0.15223780406057835,0.1522378040605811,0.15223780406058562,0.15223780406058818,0.15223780406058385,0.1522378040605811,0.15223780406058385,0.15223780406058818,0.15223780406059229,0.15223780406058818,0.15223780406058562,0.15223780406058818,0.15223780406059229,0.15092409313600813,0.15092409313599578,0.15092409313598806,0.15092409313599578,0.15092409313600813,0.15092409313599578,0.15092409313598265,0.15092409313597419,0.15092409313598265,0.15092409313599578,0.15092409313598806,0.15092409313597419,0.1509240931359655,0.15092409313597419,0.15092409313598806,0.15092409313599578,0.15092409313598265,0.15092409313597419,0.15092409313598265,0.15092409313599578,0.15092409313600813,0.15092409313599578,0.15092409313598806,0.15092409313599578,0.15092409313600813,0.14963652327614937,0.14963652327611213,0.14963652327608848,0.14963652327611213,0.14963652327614937,0.14963652327611213,0.14963652327607127,0.14963652327604537,0.14963652327607127,0.14963652327611213,0.14963652327608848,0.14963652327604537,0.14963652327601795,0.14963652327604537,0.14963652327608848,0.14963652327611213,0.14963652327607127,0.14963652327604537,0.14963652327607127,0.14963652327611213,0.14963652327614937,0.14963652327611213,0.14963652327608848,0.14963652327611213,0.14963652327614937,0.14837453653743776,0.14837453653732582,0.1483745365372543,0.14837453653732582,0.14837453653743776,0.14837453653732582,0.14837453653720073,0.14837453653711938,0.14837453653720073,0.14837453653732582,0.1483745365372543,0.14837453653711938,0.14837453653703153,0.14837453653711938,0.1483745365372543,0.14837453653732582,0.14837453653720073,0.14837453653711938,0.14837453653720073,0.14837453653732582,0.14837453653743776,0.14837453653732582,0.1483745365372543,0.14837453653732582,0.14837453653743776,0.1471375824028375,0.14713758240250618,0.14713758240229036,0.14713758240250618,0.1471375824028375,0.14713758240250618,0.14713758240212124,0.147137582401864,0.14713758240212124,0.14713758240250618,0.14713758240229036,0.147137582401864,0.14713758240157662,0.147137582401864,0.14713758240229036,0.14713758240250618,0.14713758240212124,0.147137582401864,0.14713758240212124,0.14713758240250618,0.1471375824028375,0.14713758240250618,0.14713758240229036,0.14713758240250618,0.14713758240283767,0.145925118219881,0.14592511821891926,0.14592511821827328,0.14592511821891926,0.145925118219881,0.14592511821891926,0.14592511821774193,0.1459251182169159,0.14592511821774193,0.14592511821891926,0.14592511821827328,0.1459251182169159,0.14592511821593954,0.1459251182169159,0.14592511821827328,0.14592511821891926,0.14592511821774193,0.1459251182169159,0.14592511821774193,0.14592511821891926,0.145925118219881,0.14592511821891926,0.14592511821827328,0.14592511821891926,0.145925118219881,0.14473660957467133,0.1447366095719723,0.14473660957006443,0.1447366095719723,0.14473660957467133,0.1447366095719723,0.14473660956841075,0.14473660956570297,0.14473660956841075,0.1447366095719723,0.14473660957006443,0.14473660956570297,0.1447366095621914,0.14473660956570297,0.14473660957006443,0.1447366095719723,0.14473660956841075,0.14473660956570297,0.14473660956841075,0.1447366095719723,0.14473660957467133,0.1447366095719723,0.14473660957006443,0.1447366095719723,0.14473660957467133,0.14357153060810454,0.14357153060092587,0.14357153059543812,0.14357153060092587,0.14357153060810454,0.14357153060092587,0.14357153059040773,0.1435715305813218,0.14357153059040773,0.14357153060092587,0.14357153059543812,0.1435715305813218,0.14357153056760982,0.1435715305813218,0.14357153059543812,0.14357153060092587,0.14357153059040773,0.1435715305813218,0.14357153059040773,0.14357153060092587,0.14357153060810454,0.14357153060092587,0.14357153059543812,0.14357153060092587,0.14357153060810454,0.14242936428065497,0.1424293642632168,0.14242936424822014,0.1424293642632168,0.14242936428065497,0.1424293642632168,0.14242936423370908,0.14242936420274976,0.14242936423370908,0.1424293642632168,0.14242936424822014,0.14242936420274976,0.14242936414312987,0.14242936420274976,0.14242936424822014,0.1424293642632168,0.14242936423370908,0.14242936420274976,0.14242936423370908,0.1424293642632168,0.14242936428065497,0.1424293642632168,0.14242936424822014,0.1424293642632168,0.14242936428065497,0.1413096025916035,0.14130960255569044,0.14130960251907643,0.14130960255569044,0.1413096025916035,0.14130960255569044,0.14130960248180338,0.14130960237897722,0.14130960248180338,0.14130960255569044,0.14130960251907643,0.14130960237897722,0.14130960208582172,0.14130960237897722,0.14130960251907643,0.14130960255569044,0.14130960248180338,0.14130960237897722,0.14130960248180338,0.14130960255569044,0.1413096025916035,0.14130960255569044,0.14130960251907643,0.14130960255569044,0.1413096025916035,0.1402117467531328,0.1402117467013377,0.14021174663483316,0.1402117467013377,0.1402117467531328,0.1402117467013377,0.1402117465650218,0.14021174627812924,0.1402117465650218,0.1402117467013377,0.14021174663483316,0.14021174627812924,0.14021174465001585,0.14021174627812924,0.14021174663483316,0.1402117467013377,0.1402117465650218,0.14021174627812924,0.1402117465650218,0.1402117467013377,0.1402117467531328,0.1402117467013377,0.14021174663483316,0.1402117467013377,0.1402117467531328,0.13913530729734755,0.13913530727842233,0.13913530725665205,0.13913530727842233,0.13913530729734755,0.13913530727842233,0.1391353072338381,0.13913530716262643,0.1391353072338381,0.13913530727842233,0.13913530725665205,0.13913530716262643,0.13913530693486845,0.13913530716262643,0.13913530725665205,0.13913530727842233,0.1391353072338381,0.13913530716262643,0.1391353072338381,0.13913530727842233,0.13913530729734755,0.13913530727842233,0.13913530725665205,0.13913530727842233,0.13913530729734755,0.13807980407411308,0.13807980409833828,0.13807980412499363,0.13807980409833828,0.13807980407411308,0.13807980409833828,0.1380798041526,0.13807980423572078,0.1380798041526,0.13807980409833828,0.13807980412499363,0.13807980423572078,0.13807980449379464,0.13807980423572078,0.13807980412499363,0.13807980409833828,0.1380798041526,0.13807980423572078,0.1380798041526,0.13807980409833828,0.13807980407411308,0.13807980409833828,0.13807980412499363,0.13807980409833828,0.13807980407411308,0.1370447663901149,0.13704476644952393,0.13704476652446096,0.13704476644952393,0.1370447663901149,0.13704476644952393,0.1370447666028055,0.13704476692126094,0.1370447666028055,0.13704476644952393,0.13704476652446096,0.13704476692126094,0.13704476871720694,0.13704476692126094,0.13704476652446096,0.13704476644952393,0.1370447666028055,0.13704476692126094,0.1370447666028055,0.13704476644952393,0.1370447663901149,0.13704476644952393,0.13704476652446096,0.13704476644952393,0.1370447663901149,0.13602973307800884,0.13602973312147587,0.13602973316471298,0.13602973312147587,0.13602973307800884,0.13602973312147587,0.13602973320837175,0.1360297333264094,0.13602973320837175,0.13602973312147587,0.13602973316471298,0.1360297333264094,0.13602973365750434,0.1360297333264094,0.13602973316471298,0.13602973312147587,0.13602973320837175,0.1360297333264094,0.13602973320837175,0.13602973312147587,0.13602973307800884,0.13602973312147587,0.13602973316471298,0.13602973312147587,0.13602973307800884,0.13503425259131363,0.13503425261895788,0.13503425264195906,0.13503425261895788,0.13503425259131363,0.13503425261895788,0.13503425266390284,0.13503425270885858,0.13503425266390284,0.13503425261895788,0.13503425264195906,0.13503425270885858,0.1350342527912092,0.13503425270885858,0.13503425264195906,0.13503425261895788,0.13503425266390284,0.13503425270885858,0.13503425266390284,0.13503425261895788,0.13503425259131363,0.13503425261895788,0.13503425264195906,0.13503425261895788,0.13503425259131363
0.16533248778453136,0.16533248778453136,0.16533248778453136,0.16533248778453136,0.16533248778453136,0.16533248778453136,0.16533248778453136,0.16533248778453136,0.16533248778453136,0.16533248778453136,0.16533248778453136,0.16533248778453136,0.16533248778453136,0.16533248778453136,0.16533248778453136,0.16533248778453136,0.16533248778453136,0.16533248778453136,0.16533248778453136,0.16533248778453136,0.16533248778453136,0.16533248778453136,0.16533248778453136,0.16533248778453136,0.16533248778453136,0.16375749406574966,0.16375749406574966,0.16375749406574966,0.16375749406574966,0.16375749406574966,0.16375749406574966,0.16375749406574966,0.16375749406574966,0.16375749406574966,0.16375749406574966,0.16375749406574966,0.16375749406574966,0.16375749406574966,0.16375749406574966,0.16375749406574966,0.16375749406574966,0.16375749406574966,0.16375749406574966,0.16375749406574966,0.16375749406574966,0.16375749406574966,0.16375749406574966,0.16375749406574966,0.16375749406574966,0.16375749406574966,0.1622138842788617,0.1622138842788617,0.1622138842788617,0.1622138842788617,0.1622138842788617,0.1622138842788617,0.1622138842788617,0.1622138842788617,0.1622138842788617,0.1622138842788617,0.1622138842788617,0.1622138842788617,0.1622138842788617,0.1622138842788617,0.1622138842788617,0.1622138842788617,0.1622138842788617,0.1622138842788617,0.1622138842788617,0.1622138842788617,0.1622138842788617,0.1622138842788617,0.1622138842788617,0.1622138842788617,0.1622138842788617,0.1607010673809074,0.1607010673809074,0.1607010673809074,0.1607010673809074,0.1607010673809074,0.1607010673809074,0.1607010673809074,0.1607010673809074,0.1607010673809074,0.1607010673809074,0.1607010673809074,0.1607010673809074,0.1607010673809074,0.1607010673809074,0.1607010673809074,0.1607010673809074,0.1607010673809074,0.1607010673809074,0.1607010673809074,0.1607010673809074,0.1607010673809074,0.1607010673809074,0.1607010673809074,0.1607010673809074,0.1607010673809074,0.15921845174686472,0.15921845174686472,0.15921845174686472,0.15921845174686472,0.15921845174686472,0.15921845174686472,0.15921845174686472,0.15921845174686472,0.15921845174686472,0.15921845174686472,0.15921845174686472,0.15921845174686472,0.15921845174686472,0.15921845174686472,0.15921845174686472,0.15921845174686472,0.15921845174686472,0.15921845174686472,0.15921845174686472,0.15921845174686472,0.15921845174686472,0.15921845174686472,0.15921845174686472,0.15921845174686472,0.15921845174686472,0.15776544652150057,0.15776544652150057,0.15776544652150057,0.15776544652150057,0.15776544652150057,0.15776544652150057,0.15776544652150057,0.15776544652150057,0.15776544652150057,0.15776544652150057,0.15776544652150057,0.15776544652150057,0.15776544652150035,0.15776544652150057,0.15776544652150057,0.15776544652150057,0.15776544652150057,0.15776544652150057,0.15776544652150057,0.15776544652150057,0.15776544652150057,0.15776544652150057,0.15776544652150057,0.15776544652150057,0.15776544652150057,0.15634146283369368,0.15634146283369352,0.15634146283369327,0.15634146283369352,0.15634146283369368,0.15634146283369352,0.15634146283369327,0.15634146283369327,0.15634146283369327,0.15634146283369352,0.15634146283369327,0.15634146283369327,0.15634146283369307,0.15634146283369327,0.15634146283369327,0.15634146283369352,0.15634146283369327,0.15634146283369327,0.15634146283369327,0.15634146283369352,0.15634146283369368,0.15634146283369352,0.15634146283369327,0.15634146283369352,0.15634146283369368,0.15494591488349468,0.1549459148834943,0.15494591488349407,0.1549459148834943,0.15494591488349468,0.1549459148834943,0.15494591488349388,0.15494591488349366,0.15494591488349388,0.1549459148834943,0.15494591488349407,0.15494591488349366,0.15494591488349327,0.15494591488349366,0.15494591488349407,0.1549459148834943,0.15494591488349388,0.15494591488349366,0.15494591488349388,0.1549459148834943,0.15494591488349468,0.1549459148834943,0.15494591488349407,0.1549459148834943,0.15494591488349468,0.1535782209116325,0.1535782209116311,0.1535782209116303,0.1535782209116311,0.1535782209116325,0.1535782209116311,0.15357822091162968,0.15357822091162887,0.15357822091162968,0.1535782209116311,0.1535782209116303,0.15357822091162887,0.15357822091162787,0.15357822091162887,0.1535782209116303,0.1535782209116311,0.15357822091162968,0.15357822091162887,0.15357822091162968,0.1535782209116311,0.1535782209116325,0.1535782209116311,0.1535782209116303,0.1535782209116311,0.1535782209116325,0.15223780406061496,0.152237804060611,0.15223780406060847,0.152237804060611,0.15223780406061496,0.152237804060611,0.1522378040606067,0.15223780406060414,0.1522378040606067,0.152237804060611,0.15223780406060847,0.15223780406060414,0.15223780406060117,0.15223780406060414,0.15223780406060847,0.152237804060611,0.1522378040606067,0.15223780406060414,0.1522378040606067,0.152237804060611,0.15223780406061496,0.152237804060611,0.15223780406060847,0.152237804060611,0.15223780406061496,0.15092409313604052,0.1509240931360282,0.15092409313602048,0.1509240931360282,0.15092409313604052,0.1509240931360282,0.15092409313601507,0.15092409313600677,0.15092409313601507,0.1509240931360282,0.15092409313602048,0.15092409313600677,0.15092409313599808,0.15092409313600677,0.15092409313602048,0.1509240931360282,0.15092409313601507,0.15092409313600677,0.15092409313601507,0.1509240931360282,0.15092409313604052,0.1509240931360282,0.15092409313602048,0.1509240931360282,0.15092409313604052,0.14963652327619228,0.14963652327615504,0.14963652327613142,0.14963652327615504,0.14963652327619228,0.14963652327615504,0.1496365232761144,0.1496365232760883,0.1496365232761144,0.14963652327615504,0.14963652327613142,0.1496365232760883,0.1496365232760609,0.1496365232760883,0.14963652327613142,0.14963652327615504,0.1496365232761144,0.1496365232760883,0.1496365232761144,0.14963652327615504,0.14963652327619228,0.14963652327615504,0.14963652327613142,0.14963652327615504,0.14963652327619228,0.14837453653749189,0.14837453653737995,0.1483745365373084,0.14837453653737995,0.14837453653749189,0.14837453653737995,0.14837453653725485,0.14837453653717347,0.14837453653725485,0.14837453653737995,0.1483745365373084,0.14837453653717347,0.14837453653708585,0.14837453653717347,0.1483745365373084,0.14837453653737995,0.14837453653725485,0.14837453653717347,0.14837453653725485,0.14837453653737995,0.14837453653749189,0.14837453653737995,0.1483745365373084,0.14837453653737995,0.14837453653749189,0.14713758240290328,0.14713758240257194,0.14713758240235614,0.14713758240257194,0.14713758240290328,0.14713758240257194,0.147137582402187,0.14713758240192995,0.147137582402187,0.14713758240257194,0.14713758240235614,0.14713758240192995,0.14713758240164257,0.14713758240192995,0.14713758240235614,0.14713758240257194,0.147137582402187,0.14713758240192995,0.147137582402187,0.14713758240257194,0.14713758240290328,0.14713758240257194,0.14713758240235614,0.14713758240257194,0.14713758240290328,0.14592511821995827,0.14592511821899692,0.14592511821835108,0.14592511821899692,0.14592511821995827,0.14592511821899692,0.1459251182178201,0.14592511821699422,0.1459251182178201,0.14592511821899692,0.14592511821835108,0.14592511821699422,0.14592511821601808,0.14592511821699422,0.14592511821835108,0.14592511821899692,0.1459251182178201,0.14592511821699422,0.1459251182178201,0.14592511821899692,0.14592511821995827,0.14592511821899692,0.14592511821835108,0.14592511821899692,0.14592511821995827,0.14473660957476,0.1447366095720618,0.14473660957015452,0.1447366095720618,0.14473660957476,0.1447366095720618,0.14473660956850154,0.14473660956579443,0.14473660956850154,0.1447366095720618,0.14473660957015452,0.14473660956579443,0.14473660956228407,0.14473660956579443,0.14473660957015452,0.1447366095720618,0.14473660956850154,0.14473660956579443,0.14473660956850154,0.1447366095720618,0.14473660957476,0.1447366095720618,0.14473660957015452,0.1447366095720618,0.14473660957476,0.14357153060820296,0.14357153060102648,0.14357153059554043,0.14357153060102648,0.14357153060820296,0.14357153060102648,0.14357153059051142,0.14357153058142857,0.14357153059051142,0.14357153060102648,0.14357153059554043,0.14357153058142857,0.14357153056772087,0.14357153058142857,0.14357153059554043,0.14357153060102648,0.14357153059051142,0.14357153058142857,0.14357153059051142,0.14357153060102648,0.14357153060820296,0.14357153060102648,0.14357153059554043,0.14357153060102648,0.14357153060820296,0.1424293642807578,0.142429364263325,0.1424293642483332,0.142429364263325,0.1424293642807578,0.142429364263325,0.14242936423382652,0.14242936420287694,0.14242936423382652,0.142429364263325,0.1424293642483332,0.14242936420287694,0.1424293641432758,0.14242936420287694,0.1424293642483332,0.142429364263325,0.14242936423382652,0.14242936420287694,0.14242936423382652,0.142429364263325,0.1424293642807578,0.142429364263325,0.1424293642483332,0.142429364263325,0.1424293642807578,0.14130960259169875,0.14130960255579703,0.14130960251919447,0.14130960255579703,0.14130960259169875,0.14130960255579703,0.14130960248193297,0.1413096023791392,0.14130960248193297,0.14130960255579703,0.14130960251919447,0.1413096023791392,0.14130960208607596,0.1413096023791392,0.14130960251919447,0.14130960255579703,0.14130960248193297,0.1413096023791392,0.14130960248193297,0.14130960255579703,0.14130960259169875,0.14130960255579703,0.14130960251919447,0.14130960255579703,0.14130960259169875,0.14021174675319598,0.1402117467014172,0.14021174663493347,0.1402117467014172,0.14021174675319598,0.1402117467014172,0.140211746565144,0.1402117462783414,0.140211746565144,0.1402117467014172,0.14021174663493347,0.1402117462783414,0.14021174465074132,0.1402117462783414,0.14021174663493347,0.1402117467014172,0.140211746565144,0.1402117462783414,0.140211746565144,0.1402117467014172,0.14021174675319598,0.1402117467014172,0.14021174663493347,0.1402117467014172,0.14021174675319598,0.13913530729734325,0.13913530727842388,0.13913530725666043,0.13913530727842388,0.13913530729734325,0.13913530727842388,0.13913530723385373,0.13913530716266434,0.13913530723385373,0.13913530727842388,0.13913530725666043,0.13913530716266434,0.13913530693497803,0.13913530716266434,0.13913530725666043,0.13913530727842388,0.13913530723385373,0.13913530716266434,0.13913530723385373,0.13913530727842388,0.13913530729734325,0.13913530727842388,0.13913530725666043,0.13913530727842388,0.13913530729734325,0.13807980407402595,0.13807980409824372,0.13807980412489054,0.13807980409824372,0.13807980407402595,0.13807980409824372,0.13807980415248822,0.13807980423558294,0.13807980415248822,0.13807980409824372,0.13807980412489054,0.13807980423558294,0.13807980449357574,0.13807980423558294,0.13807980412489054,0.13807980409824372,0.13807980415248822,0.13807980423558294,0.13807980415248822,0.13807980409824372,0.13807980407402595,0.13807980409824372,0.13807980412489054,0.13807980409824372,0.13807980407402595,0.13704476638995755,0.13704476644934785,0.13704476652426134,0.13704476644934785,0.13704476638995755,0.13704476644934785,0.13704476660258125,0.13704476692093664,0.13704476660258125,0.13704476644934785,0.13704476652426134,0.13704476692093664,0.13704476871631371,0.13704476692093664,0.13704476652426134,0.13704476644934785,0.13704476660258125,0.13704476692093664,0.13704476660258125,0.13704476644934785,0.13704476638995755,0.13704476644934785,0.13704476652426134,0.13704476644934785,0.13704476638995755,0.1360297330778159,0.13602973312126937,0.1360297331644929,0.13602973312126937,0.1360297330778159,0.13602973312126937,0.13602973320813797,0.1360297333261385,0.13602973320813797,0.13602973312126937,0.1360297331644929,0.1360297333261385,0.13602973365712917,0.1360297333261385,0.1360297331644929,0.13602973312126937,0.13602973320813797,0.1360297333261385,0.13602973320813797,0.13602973312126937,0.1360297330778159,0.13602973312126937,0.1360297331644929,0.13602973312126937,0.1360297330778159,0.13503425259110977,0.13503425261874544,0.1350342526417393,0.13503425261874544,0.13503425259110977,0.13503425261874544,0.13503425266367614,0.1350342527086177,0.13503425266367614,0.13503425261874544,0.1350342526417393,0.1350342527086177,0.13503425279094264,0.1350342527086177,0.1350342526417393,0.13503425261874544,0.13503425266367614,0.1350342527086177,0.13503425266367614,0.13503425261874544,0.13503425259110977,0.13503425261874544,0.1350342526417393,0.13503425261874544,0.13503425259110977
0.16533248778462267,0.16533248778462267,0.16533248778462267,0.16533248778462267,0.16533248778462267,0.16533248778462267,0.16533248778462267,0.16533248778462267,0.16533248778462267,0.16533248778462267,0.16533248778462267,0.16533248778462267,0.16533248778462267,0.16533248778462267,0.16533248778462267,0.16533248778462267,0.16533248778462267,0.16533248778462267,0.16533248778462267,0.16533248778462267,0.16533248778462267,0.16533248778462267,0.16533248778462267,0.16533248778462267,0.16533248778462267,0.1637574940658403,0.1637574940658403,0.1637574940658403,0.1637574940658403,0.1637574940658403,0.1637574940658403,0.1637574940658403,0.1637574940658403,0.1637574940658403,0.1637574940658403,0.1637574940658403,0.1637574940658403,0.1637574940658403,0.1637574940658403,0.1637574940658403,0.1637574940658403,0.1637574940658403,0.1637574940658403,0.1637574940658403,0.1637574940658403,0.1637574940658403,0.1637574940658403,0.1637574940658403,0.1637574940658403,0.1637574940658403,0.16221388427895256,0.16221388427895256,0.16221388427895256,0.16221388427895256,0.16221388427895256,0.16221388427895256,0.16221388427895256,0.16221388427895256,0.16221388427895256,0.16221388427895256,0.16221388427895256,0.16221388427895256,0.16221388427895256,0.16221388427895256,0.16221388427895256,0.16221388427895256,0.16221388427895256,0.16221388427895256,0.16221388427895256,0.16221388427895256,0.16221388427895256,0.16221388427895256,0.16221388427895256,0.16221388427895256,0.16221388427895256,0.1607010673809996,0.1607010673809996,0.1607010673809996,0.1607010673809996,0.1607010673809996,0.1607010673809996,0.1607010673809996,0.1607010673809996,0.1607010673809996,0.1607010673809996,0.1607010673809996,0.1607010673809996,0.1607010673809996,0.1607010673809996,0.1607010673809996,0.1607010673809996,0.1607010673809996,0.1607010673809996,0.1607010673809996,0.1607010673809996,0.1607010673809996,0.1607010673809996,0.1607010673809996,0.1607010673809996,0.1607010673809996,0.1592184517469592,0.1592184517469592,0.1592184517469592,0.1592184517469592,0.1592184517469592,0.1592184517469592,0.1592184517469592,0.1592184517469592,0.1592184517469592,0.1592184517469592,0.1592184517469592,0.1592184517469592,0.1592184517469592,0.1592184517469592,0.1592184517469592,0.1592184517469592,0.1592184517469592,0.1592184517469592,0.1592184517469592,0.1592184517469592,0.1592184517469592,0.1592184517469592,0.1592184517469592,0.1592184517469592,0.1592184517469592,0.1577654465215983,0.1577654465215983,0.1577654465215983,0.1577654465215983,0.1577654465215983,0.1577654465215983,0.1577654465215983,0.1577654465215983,0.1577654465215983,0.1577654465215983,0.1577654465215983,0.1577654465215983,0.1577654465215983,0.1577654465215983,0.1577654465215983,0.1577654465215983,0.1577654465215983,0.1577654465215983,0.1577654465215983,0.1577654465215983,0.1577654465215983,0.1577654465215983,0.1577654465215983,0.1577654465215983,0.1577654465215983,0.15634146283379555,0.15634146283379532,0.15634146283379532,0.15634146283379532,0.15634146283379555,0.15634146283379532,0.15634146283379532,0.15634146283379513,0.15634146283379532,0.15634146283379532,0.15634146283379532,0.15634146283379513,0.15634146283379513,0.15634146283379513,0.15634146283379532,0.15634146283379532,0.15634146283379532,0.15634146283379513,0.15634146283379532,0.15634146283379532,0.15634146283379555,0.15634146283379532,0.15634146283379532,0.15634146283379532,0.15634146283379555,0.15494591488360168,0.15494591488360127,0.15494591488360104,0.15494591488360127,0.15494591488360168,0.15494591488360127,0.15494591488360085,0.15494591488360066,0.15494591488360085,0.15494591488360127,0.15494591488360104,0.15494591488360066,0.15494591488360046,0.15494591488360066,0.15494591488360104,0.15494591488360127,0.15494591488360085,0.15494591488360066,0.15494591488360085,0.15494591488360127,0.15494591488360168,0.15494591488360127,0.15494591488360104,0.15494591488360127,0.15494591488360168,0.15357822091174536,0.15357822091174417,0.15357822091174336,0.15357822091174417,0.15357822091174536,0.15357822091174417,0.15357822091174275,0.15357822091174197,0.15357822091174275,0.15357822091174417,0.15357822091174336,0.15357822091174197,0.15357822091174114,0.15357822091174197,0.15357822091174336,0.15357822091174417,0.15357822091174275,0.15357822091174197,0.15357822091174275,0.15357822091174417,0.15357822091174536,0.15357822091174417,0.15357822091174336,0.15357822091174417,0.15357822091174536,0.152237804060735,0.1522378040607309,0.15223780406072854,0.1522378040607309,0.152237804060735,0.1522378040607309,0.15223780406072676,0.15223780406072418,0.15223780406072676,0.1522378040607309,0.15223780406072854,0.15223780406072418,0.15223780406072143,0.15223780406072418,0.15223780406072854,0.1522378040607309,0.15223780406072676,0.15223780406072418,0.15223780406072676,0.1522378040607309,0.152237804060735,0.1522378040607309,0.15223780406072854,0.1522378040607309,0.152237804060735,0.15092409313616806,0.1509240931361559,0.15092409313614819,0.1509240931361559,0.15092409313616806,0.1509240931361559,0.15092409313614277,0.1509240931361345,0.15092409313614277,0.1509240931361559,0.15092409313614819,0.1509240931361345,0.1509240931361258,0.1509240931361345,0.15092409313614819,0.1509240931361559,0.15092409313614277,0.1509240931361345,0.15092409313614277,0.1509240931361559,0.15092409313616806,0.1509240931361559,0.15092409313614819,0.1509240931361559,0.15092409313616806,0.14963652327632823,0.14963652327629098,0.14963652327626756,0.14963652327629098,0.14963652327632823,0.14963652327629098,0.14963652327625035,0.14963652327622445,0.14963652327625035,0.14963652327629098,0.14963652327626756,0.14963652327622445,0.14963652327619703,0.14963652327622445,0.14963652327626756,0.14963652327629098,0.14963652327625035,0.14963652327622445,0.14963652327625035,0.14963652327629098,0.14963652327632823,0.14963652327629098,0.14963652327626756,0.14963652327629098,0.14963652327632823,0.14837453653763663,0.1483745365375249,0.1483745365374535,0.1483745365375249,0.14837453653763663,0.1483745365375249,0.1483745365373998,0.14837453653731858,0.1483745365373998,0.1483745365375249,0.1483745365374535,0.14837453653731858,0.14837453653723093,0.14837453653731858,0.1483745365374535,0.1483745365375249,0.1483745365373998,0.14837453653731858,0.1483745365373998,0.1483745365375249,0.14837453653763663,0.1483745365375249,0.1483745365374535,0.1483745365375249,0.14837453653763663,0.14713758240305733,0.14713758240272617,0.14713758240251054,0.14713758240272617,0.14713758240305733,0.14713758240272617,0.1471375824023416,0.14713758240208474,0.1471375824023416,0.14713758240272617,0.14713758240251054,0.14713758240208474,0.1471375824017977,0.14713758240208474,0.14713758240251054,0.14713758240272617,0.1471375824023416,0.14713758240208474,0.1471375824023416,0.14713758240272617,0.14713758240305733,0.14713758240272617,0.14713758240251054,0.14713758240272617,0.14713758240305733,0.14592511822012158,0.1459251182191609,0.14592511821851525,0.1459251182191609,0.14592511822012158,0.1459251182191609,0.14592511821798482,0.14592511821715964,0.14592511821798482,0.1459251182191609,0.14592511821851525,0.14592511821715964,0.1459251182161842,0.14592511821715964,0.14592511821851525,0.1459251182191609,0.14592511821798482,0.14592511821715964,0.14592511821798482,0.1459251182191609,0.14592511822012158,0.1459251182191609,0.14592511821851525,0.1459251182191609,0.14592511822012158,0.1447366095749311,0.144736609572235,0.14473660957032908,0.144736609572235,0.1447366095749311,0.144736609572235,0.1447366095686773,0.14473660956597248,0.1447366095686773,0.144736609572235,0.14473660957032908,0.14473660956597248,0.14473660956246473,0.14473660956597248,0.14473660957032908,0.144736609572235,0.1447366095686773,0.14473660956597248,0.1447366095686773,0.144736609572235,0.1447366095749311,0.144736609572235,0.14473660957032908,0.144736609572235,0.1447366095749311,0.1435715306083775,0.14357153060120667,0.1435715305957249,0.14357153060120667,0.1435715306083775,0.14357153060120667,0.1435715305906998,0.1435715305816238,0.1435715305906998,0.14357153060120667,0.1435715305957249,0.1435715305816238,0.1435715305679269,0.1435715305816238,0.1435715305957249,0.14357153060120667,0.1435715305906998,0.1435715305816238,0.1435715305906998,0.14357153060120667,0.1435715306083775,0.14357153060120667,0.1435715305957249,0.14357153060120667,0.1435715306083775,0.14242936428092423,0.14242936426350503,0.1424293642485248,0.14242936426350503,0.14242936428092423,0.14242936426350503,0.14242936423402933,0.14242936420310373,0.14242936423402933,0.14242936426350503,0.1424293642485248,0.14242936420310373,0.14242936414354876,0.14242936420310373,0.1424293642485248,0.14242936426350503,0.14242936423402933,0.14242936420310373,0.14242936423402933,0.14242936426350503,0.14242936428092423,0.14242936426350503,0.1424293642485248,0.14242936426350503,0.14242936428092423,0.14130960259182834,0.1413096025559544,0.14130960251938018,0.1413096025559544,0.14130960259182834,0.1413096025559544,0.14130960248214744,0.1413096023794333,0.14130960248214744,0.1413096025559544,0.14130960251938018,0.1413096023794333,0.14130960208659668,0.1413096023794333,0.14130960251938018,0.1413096025559544,0.14130960248214744,0.1413096023794333,0.14130960248214744,0.1413096025559544,0.14130960259182834,0.1413096025559544,0.14130960251938018,0.1413096025559544,0.14130960259182834,0.14021174675322984,0.14021174670149122,0.1402117466350589,0.14021174670149122,0.14021174675322984,0.14021174670149122,0.14021174656532334,0.1402117462787426,0.14021174656532334,0.14021174670149122,0.1402117466350589,0.1402117462787426,0.14021174465242725,0.1402117462787426,0.1402117466350589,0.14021174670149122,0.14021174656532334,0.1402117462787426,0.14021174656532334,0.14021174670149122,0.14021174675322984,0.14021174670149122,0.1402117466350589,0.14021174670149122,0.14021174675322984,0.1391353072971959,0.1391353072782911,0.13913530725654455,0.1391353072782911,0.1391353072971959,0.1391353072782911,0.1391353072337554,0.13913530716262118,0.1391353072337554,0.1391353072782911,0.13913530725654455,0.13913530716262118,0.139135306935111,0.13913530716262118,0.13913530725654455,0.1391353072782911,0.1391353072337554,0.13913530716262118,0.1391353072337554,0.1391353072782911,0.1391353072971959,0.1391353072782911,0.13913530725654455,0.1391353072782911,0.1391353072971959,0.138079804073663,0.13807980409786186,0.1380798041244882,0.13807980409786186,0.138079804073663,0.13807980409786186,0.1380798041520645,0.13807980423509486,0.1380798041520645,0.13807980409786186,0.1380798041244882,0.13807980423509486,0.13807980449288795,0.13807980423509486,0.1380798041244882,0.13807980409786186,0.1380798041520645,0.13807980423509486,0.1380798041520645,0.13807980409786186,0.138079804073663,0.13807980409786186,0.1380798041244882,0.13807980409786186,0.138079804073663,0.13704476638941232,0.13704476644875674,0.13704476652361214,0.13704476644875674,0.13704476638941232,0.13704476644875674,0.13704476660187154,0.1370447669199806,0.13704476660187154,0.13704476644875674,0.13704476652361214,0.1370447669199806,0.13704476871398674,0.1370447669199806,0.13704476652361214,0.13704476644875674,0.13704476660187154,0.1370447669199806,0.13704476660187154,0.13704476644875674,0.13704476638941232,0.13704476644875674,0.13704476652361214,0.13704476644875674,0.13704476638941232,0.13602973307717817,0.13602973312059793,0.13602973316378808,0.13602973312059793,0.13602973307717817,0.13602973312059793,0.1360297332073993,0.13602973332530838,0.1360297332073993,0.13602973312059793,0.13602973316378808,0.13602973332530838,0.13602973365604312,0.13602973332530838,0.13602973316378808,0.13602973312059793,0.1360297332073993,0.13602973332530838,0.1360297332073993,0.13602973312059793,0.13602973307717817,0.13602973312059793,0.13602973316378808,0.13602973312059793,0.13602973307717817,0.1350342525904447,0.13503425261805882,0.135034252641035,0.13503425261805882,0.1350342525904447,0.13503425261805882,0.13503425266295477,0.1350342527078615,0.13503425266295477,0.13503425261805882,0.135034252641035,0.1350342527078615,0.13503425279012266,0.1350342527078615,0.135034252641035,0.13503425261805882,0.13503425266295477,0.1350342527078615,0.13503425266295477,0.13503425261805882,0.1350342525904447,0.13503425261805882,0.135034252641035,0.13503425261805882,0.1350342525904447
0.16533248778482915,0.16533248778482915,0.16533248778482915,0.16533248778482915,0.16533248778482915,0.16533248778482915,0.16533248778482915,0.16533248778482915,0.16533248778482915,0.16533248778482915,0.16533248778482915,0.16533248778482915,0.16533248778482915,0.16533248778482915,0.16533248778482915,0.16533248778482915,0.16533248778482915,0.16533248778482915,0.16533248778482915,0.16533248778482915,0.16533248778482915,0.16533248778482915,0.16533248778482915,0.16533248778482915,0.16533248778482915,0.16375749406604387,0.16375749406604387,0.16375749406604387,0.16375749406604387,0.16375749406604387,0.16375749406604387,0.16375749406604387,0.16375749406604387,0.16375749406604387,0.16375749406604387,0.16375749406604387,0.16375749406604387,0.16375749406604387,0.16375749406604387,0.16375749406604387,0.16375749406604387,0.16375749406604387,0.16375749406604387,0.16375749406604387,0.16375749406604387,0.16375749406604387,0.16375749406604387,0.16375749406604387,0.16375749406604387,0.16375749406604387,0.16221388427915387,0.16221388427915387,0.16221388427915387,0.16221388427915387,0.16221388427915387,0.16221388427915387,0.16221388427915387,0.16221388427915387,0.16221388427915387,0.16221388427915387,0.16221388427915387,0.16221388427915387,0.16221388427915387,0.16221388427915387,0.16221388427915387,0.16221388427915387,0.16221388427915387,0.16221388427915387,0.16221388427915387,0.16221388427915387,0.16221388427915387,0.16221388427915387,0.16221388427915387,0.16221388427915387,0.16221388427915387,0.16070106738119974,0.16070106738119974,0.16070106738119974,0.16070106738119974,0.16070106738119974,0.16070106738119974,0.16070106738119974,0.16070106738119974,0.16070106738119974,0.16070106738119974,0.16070106738119974,0.16070106738119974,0.16070106738119974,0.16070106738119974,0.16070106738119974,0.16070106738119974,0.16070106738119974,0.16070106738119974,0.16070106738119974,0.16070106738119974,0.16070106738119974,0.16070106738119974,0.16070106738119974,0.16070106738119974,0.16070106738119974,0.15921845174715926,0.15921845174715926,0.15921845174715926,0.15921845174715926,0.15921845174715926,0.15921845174715926,0.15921845174715926,0.15921845174715926,0.15921845174715926,0.15921845174715926,0.15921845174715926,0.15921845174715926,0.15921845174715926,0.15921845174715926,0.15921845174715926,0.15921845174715926,0.15921845174715926,0.15921845174715926,0.15921845174715926,0.15921845174715926,0.15921845174715926,0.15921845174715926,0.15921845174715926,0.15921845174715926,0.15921845174715926,0.15776544652179927,0.15776544652179908,0.15776544652179908,0.15776544652179908,0.15776544652179927,0.15776544652179908,0.15776544652179908,0.15776544652179908,0.15776544652179908,0.15776544652179908,0.15776544652179908,0.15776544652179908,0.15776544652179908,0.15776544652179908,0.15776544652179908,0.15776544652179908,0.15776544652179908,0.15776544652179908,0.15776544652179908,0.15776544652179908,0.15776544652179927,0.15776544652179908,0.15776544652179908,0.15776544652179908,0.15776544652179927,0.15634146283399816,0.15634146283399816,0.15634146283399794,0.15634146283399816,0.15634146283399816,0.15634146283399816,0.15634146283399794,0.15634146283399794,0.15634146283399794,0.15634146283399816,0.15634146283399794,0.15634146283399794,0.15634146283399775,0.15634146283399794,0.15634146283399794,0.15634146283399816,0.15634146283399794,0.15634146283399794,0.15634146283399794,0.15634146283399816,0.15634146283399816,0.15634146283399816,0.15634146283399794,0.15634146283399816,0.15634146283399816,0.15494591488380743,0.15494591488380702,0.1549459148838066,0.15494591488380702,0.15494591488380743,0.15494591488380702,0.1549459148838066,0.15494591488380619,0.1549459148838066,0.15494591488380702,0.1549459148838066,0.15494591488380619,0.154945914883806,0.15494591488380619,0.1549459148838066,0.15494591488380702,0.1549459148838066,0.15494591488380619,0.1549459148838066,0.15494591488380702,0.15494591488380743,0.15494591488380702,0.1549459148838066,0.15494591488380702,0.15494591488380743,0.15357822091195486,0.15357822091195364,0.15357822091195283,0.15357822091195364,0.15357822091195486,0.15357822091195364,0.15357822091195225,0.15357822091195145,0.15357822091195225,0.15357822091195364,0.15357822091195283,0.15357822091195145,0.15357822091195064,0.15357822091195145,0.15357822091195283,0.15357822091195364,0.15357822091195225,0.15357822091195145,0.15357822091195225,0.15357822091195364,0.15357822091195486,0.15357822091195364,0.15357822091195283,0.15357822091195364,0.15357822091195486,0.15223780406094917,0.15223780406094525,0.15223780406094267,0.15223780406094525,0.15223780406094917,0.15223780406094525,0.15223780406094092,0.15223780406093837,0.15223780406094092,0.15223780406094525,0.15223780406094267,0.15223780406093837,0.1522378040609358,0.15223780406093837,0.15223780406094267,0.15223780406094525,0.15223780406094092,0.15223780406093837,0.15223780406094092,0.15223780406094525,0.15223780406094917,0.15223780406094525,0.15223780406094267,0.15223780406094525,0.15223780406094917,0.150924093136388,0.15092409313637584,0.15092409313636812,0.15092409313637584,0.150924093136388,0.15092409313637584,0.1509240931363627,0.1509240931363544,0.1509240931363627,0.15092409313637584,0.15092409313636812,0.1509240931363544,0.15092409313634592,0.1509240931363544,0.15092409313636812,0.15092409313637584,0.1509240931363627,0.1509240931363544,0.1509240931363627,0.15092409313637584,0.150924093136388,0.15092409313637584,0.15092409313636812,0.15092409313637584,0.150924093136388,0.14963652327655438,0.14963652327651714,0.1496365232764937,0.14963652327651714,0.14963652327655438,0.14963652327651714,0.14963652327647686,0.14963652327645097,0.14963652327647686,0.14963652327651714,0.1496365232764937,0.14963652327645097,0.14963652327642354,0.14963652327645097,0.1496365232764937,0.14963652327651714,0.14963652327647686,0.14963652327645097,0.14963652327647686,0.14963652327651714,0.14963652327655438,0.14963652327651714,0.1496365232764937,0.14963652327651714,0.14963652327655438,0.14837453653786978,0.1483745365377582,0.14837453653768684,0.1483745365377582,0.14837453653786978,0.1483745365377582,0.14837453653763327,0.14837453653755212,0.14837453653763327,0.1483745365377582,0.14837453653768684,0.14837453653755212,0.14837453653746463,0.14837453653755212,0.14837453653768684,0.1483745365377582,0.14837453653763327,0.14837453653755212,0.14837453653763327,0.1483745365377582,0.14837453653786978,0.1483745365377582,0.14837453653768684,0.1483745365377582,0.14837453653786978,0.14713758240329786,0.14713758240296704,0.14713758240275177,0.14713758240296704,0.14713758240329786,0.14713758240296704,0.147137582402583,0.14713758240232633,0.147137582402583,0.14713758240296704,0.14713758240275177,0.14713758240232633,0.1471375824020397,0.14713758240232633,0.14713758240275177,0.14713758240296704,0.147137582402583,0.14713758240232633,0.147137582402583,0.14713758240296704,0.14713758240329786,0.14713758240296704,0.14713758240275177,0.14713758240296704,0.14713758240329786,0.1459251182203689,0.14592511821940932,0.14592511821876455,0.14592511821940932,0.1459251182203689,0.14592511821940932,0.14592511821823478,0.14592511821741053,0.14592511821823478,0.14592511821940932,0.14592511821876455,0.14592511821741053,0.14592511821643656,0.14592511821741053,0.14592511821876455,0.14592511821940932,0.14592511821823478,0.14592511821741053,0.14592511821823478,0.14592511821940932,0.1459251182203689,0.14592511821940932,0.14592511821876455,0.14592511821940932,0.1459251182203689,0.1447366095751831,0.14473660957249035,0.14473660957058687,0.14473660957249035,0.1447366095751831,0.14473660957249035,0.14473660956893702,0.14473660956623552,0.14473660956893702,0.14473660957249035,0.14473660957058687,0.14473660956623552,0.14473660956273215,0.14473660956623552,0.14473660957058687,0.14473660957249035,0.14473660956893702,0.14473660956623552,0.14473660956893702,0.14473660957249035,0.1447366095751831,0.14473660957249035,0.14473660957058687,0.14473660957249035,0.1447366095751831,0.14357153060862748,0.14357153060146538,0.14357153059599026,0.14357153060146538,0.14357153060862748,0.14357153060146538,0.14357153059097139,0.1435715305819065,0.14357153059097139,0.14357153060146538,0.14357153059599026,0.1435715305819065,0.14357153056822633,0.1435715305819065,0.14357153059599026,0.14357153060146538,0.14357153059097139,0.1435715305819065,0.14357153059097139,0.14357153060146538,0.14357153060862748,0.14357153060146538,0.14357153059599026,0.14357153060146538,0.14357153060862748,0.14242936428115352,0.14242936426375566,0.14242936424879368,0.14242936426375566,0.14242936428115352,0.14242936426375566,0.142429364234316,0.14242936420342817,0.142429364234316,0.14242936426375566,0.14242936424879368,0.14242936420342817,0.14242936414394633,0.14242936420342817,0.14242936424879368,0.14242936426375566,0.142429364234316,0.14242936420342817,0.142429364234316,0.14242936426375566,0.14242936428115352,0.14242936426375566,0.14242936424879368,0.14242936426375566,0.14242936428115352,0.14130960259199182,0.14130960255616182,0.14130960251963248,0.14130960255616182,0.14130960259199182,0.14130960255616182,0.14130960248244512,0.14130960237985696,0.14130960248244512,0.14130960255616182,0.14130960251963248,0.14130960237985696,0.1413096020873794,0.14130960237985696,0.14130960251963248,0.14130960255616182,0.14130960248244512,0.14130960237985696,0.14130960248244512,0.14130960255616182,0.14130960259199182,0.14130960255616182,0.14130960251963248,0.14130960255616182,0.14130960259199182,0.140211746753235,0.1402117467015596,0.14021174663520872,0.1402117467015596,0.140211746753235,0.1402117467015596,0.1402117465655586,0.14021174627932909,0.1402117465655586,0.1402117467015596,0.14021174663520872,0.14021174627932909,0.14021174465499406,0.14021174627932909,0.14021174663520872,0.1402117467015596,0.1402117465655586,0.14021174627932909,0.1402117465655586,0.1402117467015596,0.140211746753235,0.1402117467015596,0.14021174663520872,0.1402117467015596,0.140211746753235,0.13913530729690798,0.13913530727802642,0.13913530725630657,0.13913530727802642,0.13913530729690798,0.13913530727802642,0.13913530723354528,0.13913530716249817,0.13913530723354528,0.13913530727802642,0.13913530725630657,0.13913530716249817,0.1391353069352669,0.13913530716249817,0.13913530725630657,0.13913530727802642,0.13913530723354528,0.13913530716249817,0.13913530723354528,0.13913530727802642,0.13913530729690798,0.13913530727802642,0.13913530725630657,0.13913530727802642,0.13913530729690798,0.13807980407302856,0.13807980409719797,0.1380798041237916,0.13807980409719797,0.13807980407302856,0.13807980409719797,0.13807980415133408,0.13807980423426264,0.13807980415133408,0.13807980409719797,0.1380798041237916,0.13807980423426264,0.13807980449173973,0.13807980423426264,0.1380798041237916,0.13807980409719797,0.13807980415133408,0.13807980423426264,0.13807980415133408,0.13807980409719797,0.13807980407302856,0.13807980409719797,0.1380798041237916,0.13807980409719797,0.13807980407302856,0.1370447663884858,0.13704476644775754,0.13704476652252107,0.13704476644775754,0.1370447663884858,0.13704476644775754,0.13704476660068457,0.13704476691840364,0.13704476660068457,0.13704476644775754,0.13704476652252107,0.13704476691840364,0.13704476871020552,0.13704476691840364,0.13704476652252107,0.13704476644775754,0.13704476660068457,0.13704476691840364,0.13704476660068457,0.13704476644775754,0.1370447663884858,0.13704476644775754,0.13704476652252107,0.13704476644775754,0.1370447663884858,0.1360297330761031,0.1360297331194695,0.13602973316260672,0.1360297331194695,0.1360297330761031,0.1360297331194695,0.13602973320616452,0.13602973332392915,0.13602973320616452,0.1360297331194695,0.13602973316260672,0.13602973332392915,0.1360297336542583,0.13602973332392915,0.13602973316260672,0.1360297331194695,0.13602973320616452,0.13602973332392915,0.13602973320616452,0.1360297331194695,0.1360297330761031,0.1360297331194695,0.13602973316260672,0.1360297331194695,0.1360297330761031,0.1350342525893255,0.13503425261690574,0.1350342526398537,0.13503425261690574,0.1350342525893255,0.13503425261690574,0.13503425266174668,0.13503425270659833,0.13503425266174668,0.13503425261690574,0.1350342526398537,0.13503425270659833,0.13503425278875855,0.13503425270659833,0.1350342526398537,0.13503425261690574,0.13503425266174668,0.13503425270659833,0.13503425266174668,0.13503425261690574,0.1350342525893255,0.13503425261690574,0.1350342526398537,0.13503425261690574,0.1350342525893255
0.1653324877851482,0.1653324877851482,0.1653324877851482,0.1653324877851482,0.1653324877851482,0.1653324877851482,0.1653324877851482,0.1653324877851482,0.1653324877851482,0.1653324877851482,0.1653324877851482,0.1653324877851482,0.1653324877851482,0.1653324877851482,0.1653324877851482,0.1653324877851482,0.1653324877851482,0.1653324877851482,0.1653324877851482,0.1653324877851482,0.1653324877851482,0.1653324877851482,0.1653324877851482,0.1653324877851482,0.1653324877851482,0.16375749406635773,0.16375749406635773,0.16375749406635773,0.16375749406635773,0.16375749406635773,0.16375749406635773,0.16375749406635773,0.16375749406635773,0.16375749406635773,0.16375749406635773,0.16375749406635773,0.16375749406635773,0.16375749406635773,0.16375749406635773,0.16375749406635773,0.16375749406635773,0.16375749406635773,0.16375749406635773,0.16375749406635773,0.16375749406635773,0.16375749406635773,0.16375749406635773,0.16375749406635773,0.16375749406635773,0.16375749406635773,0.1622138842794635,0.1622138842794635,0.1622138842794633,0.1622138842794633,0.1622138842794635,0.1622138842794635,0.1622138842794633,0.1622138842794633,0.1622138842794633,0.1622138842794633,0.1622138842794633,0.1622138842794633,0.1622138842794633,0.1622138842794633,0.1622138842794633,0.1622138842794633,0.1622138842794633,0.1622138842794633,0.1622138842794633,0.1622138842794633,0.1622138842794635,0.1622138842794633,0.1622138842794633,0.1622138842794633,0.1622138842794635,0.16070106738150589,0.16070106738150589,0.16070106738150589,0.16070106738150589,0.16070106738150589,0.16070106738150589,0.16070106738150589,0.16070106738150589,0.16070106738150589,0.16070106738150589,0.16070106738150589,0.16070106738150589,0.16070106738150589,0.16070106738150589,0.16070106738150589,0.16070106738150589,0.16070106738150589,0.16070106738150589,0.16070106738150589,0.16070106738150589,0.16070106738150589,0.16070106738150589,0.16070106738150589,0.16070106738150589,0.16070106738150589,0.159218451747463,0.159218451747463,0.159218451747463,0.159218451747463,0.159218451747463,0.159218451747463,0.159218451747463,0.159218451747463,0.159218451747463,0.159218451747463,0.159218451747463,0.159218451747463,0.159218451747463,0.159218451747463,0.159218451747463,0.159218451747463,0.159218451747463,0.159218451747463,0.159218451747463,0.159218451747463,0.159218451747463,0.159218451747463,0.159218451747463,0.159218451747463,0.159218451747463,0.15776544652210162,0.15776544652210162,0.15776544652210162,0.15776544652210162,0.15776544652210162,0.15776544652210162,0.15776544652210162,0.15776544652210162,0.15776544652210162,0.15776544652210162,0.15776544652210162,0.15776544652210162,0.1577654465221014,0.15776544652210162,0.15776544652210162,0.15776544652210162,0.15776544652210162,0.15776544652210162,0.15776544652210162,0.15776544652210162,0.15776544652210162,0.15776544652210162,0.15776544652210162,0.15776544652210162,0.15776544652210162,0.1563414628343003,0.1563414628343003,0.15634146283430012,0.1563414628343003,0.1563414628343003,0.1563414628343003,0.15634146283430012,0.15634146283430012,0.15634146283430012,0.1563414628343003,0.15634146283430012,0.15634146283430012,0.1563414628342999,0.15634146283430012,0.15634146283430012,0.1563414628343003,0.15634146283430012,0.15634146283430012,0.15634146283430012,0.1563414628343003,0.1563414628343003,0.1563414628343003,0.15634146283430012,0.1563414628343003,0.1563414628343003,0.1549459148841103,0.15494591488410991,0.1549459148841095,0.15494591488410991,0.1549459148841103,0.15494591488410991,0.1549459148841095,0.15494591488410908,0.1549459148841095,0.15494591488410991,0.1549459148841095,0.15494591488410908,0.1549459148841089,0.15494591488410908,0.1549459148841095,0.15494591488410991,0.1549459148841095,0.15494591488410908,0.1549459148841095,0.15494591488410991,0.1549459148841103,0.15494591488410991,0.1549459148841095,0.15494591488410991,0.1549459148841103,0.15357822091225953,0.15357822091225834,0.15357822091225753,0.15357822091225834,0.15357822091225953,0.15357822091225834,0.1535782209122569,0.1535782209122561,0.1535782209122569,0.15357822091225834,0.15357822091225753,0.1535782209122561,0.15357822091225531,0.1535782209122561,0.15357822091225753,0.15357822091225834,0.1535782209122569,0.1535782209122561,0.1535782209122569,0.15357822091225834,0.15357822091225953,0.15357822091225834,0.15357822091225753,0.15357822091225834,0.15357822091225953,0.15223780406125645,0.1522378040612525,0.15223780406124995,0.1522378040612525,0.15223780406125645,0.1522378040612525,0.15223780406124837,0.15223780406124582,0.15223780406124837,0.1522378040612525,0.15223780406124995,0.15223780406124582,0.15223780406124307,0.15223780406124582,0.15223780406124995,0.1522378040612525,0.15223780406124837,0.15223780406124582,0.15223780406124837,0.1522378040612525,0.15223780406125645,0.1522378040612525,0.15223780406124995,0.1522378040612525,0.15223780406125645,0.150924093136699,0.15092409313668684,0.1509240931366791,0.15092409313668684,0.150924093136699,0.15092409313668684,0.1509240931366739,0.1509240931366656,0.1509240931366739,0.15092409313668684,0.1509240931366791,0.1509240931366656,0.1509240931366571,0.1509240931366656,0.1509240931366791,0.15092409313668684,0.1509240931366739,0.1509240931366656,0.1509240931366739,0.15092409313668684,0.150924093136699,0.15092409313668684,0.1509240931366791,0.15092409313668684,0.150924093136699,0.14963652327686958,0.14963652327683274,0.1496365232768093,0.14963652327683274,0.14963652327686958,0.14963652327683274,0.14963652327679247,0.14963652327676655,0.14963652327679247,0.14963652327683274,0.1496365232768093,0.14963652327676655,0.14963652327673915,0.14963652327676655,0.1496365232768093,0.14963652327683274,0.14963652327679247,0.14963652327676655,0.14963652327679247,0.14963652327683274,0.14963652327686958,0.14963652327683274,0.1496365232768093,0.14963652327683274,0.14963652327686958,0.14837453653819002,0.14837453653807864,0.14837453653800747,0.14837453653807864,0.14837453653819002,0.14837453653807864,0.14837453653795393,0.14837453653787291,0.14837453653795393,0.14837453653807864,0.14837453653800747,0.14837453653787291,0.14837453653778565,0.14837453653787291,0.14837453653800747,0.14837453653807864,0.14837453653795393,0.14837453653787291,0.14837453653795393,0.14837453653807864,0.14837453653819002,0.14837453653807864,0.14837453653800747,0.14837453653807864,0.14837453653819002,0.14713758240362318,0.14713758240329294,0.14713758240307803,0.14713758240329294,0.14713758240362318,0.14713758240329294,0.14713758240290964,0.14713758240265348,0.14713758240290964,0.14713758240329294,0.14713758240307803,0.14713758240265348,0.14713758240236718,0.14713758240265348,0.14713758240307803,0.14713758240329294,0.14713758240290964,0.14713758240265348,0.14713758240290964,0.14713758240329294,0.14713758240362318,0.14713758240329294,0.14713758240307803,0.14713758240329294,0.14713758240362318,0.14592511822069887,0.14592511821974086,0.14592511821909715,0.14592511821974086,0.14592511822069887,0.14592511821974086,0.14592511821856832,0.14592511821774548,0.14592511821856832,0.14592511821974086,0.14592511821909715,0.14592511821774548,0.14592511821677293,0.14592511821774548,0.14592511821909715,0.14592511821974086,0.14592511821856832,0.14592511821774548,0.14592511821856832,0.14592511821974086,0.14592511822069887,0.14592511821974086,0.14592511821909715,0.14592511821974086,0.14592511822069887,0.1447366095755146,0.14473660957282616,0.14473660957092585,0.14473660957282616,0.1447366095755146,0.14473660957282616,0.1447366095692788,0.14473660956658185,0.1447366095692788,0.14473660957282616,0.14473660957092585,0.14473660956658185,0.14473660956308418,0.14473660956658185,0.14473660957092585,0.14473660957282616,0.1447366095692788,0.14473660956658185,0.1447366095692788,0.14473660957282616,0.1447366095755146,0.14473660957282616,0.14473660957092585,0.14473660957282616,0.1447366095755146,0.14357153060895106,0.14357153060180075,0.1435715305963349,0.14357153060180075,0.14357153060895106,0.14357153060180075,0.14357153059132435,0.14357153058227473,0.14357153059132435,0.14357153060180075,0.1435715305963349,0.14357153058227473,0.14357153056861735,0.14357153058227473,0.1435715305963349,0.14357153060180075,0.14357153059132435,0.14357153058227473,0.14357153059132435,0.14357153060180075,0.14357153060895106,0.14357153060180075,0.1435715305963349,0.14357153060180075,0.14357153060895106,0.14242936428144407,0.1424293642640752,0.14242936424913824,0.1424293642640752,0.14242936428144407,0.1424293642640752,0.14242936423468472,0.14242936420384855,0.14242936423468472,0.1424293642640752,0.14242936424913824,0.14242936420384855,0.14242936414446603,0.14242936420384855,0.14242936424913824,0.1424293642640752,0.14242936423468472,0.14242936420384855,0.14242936423468472,0.1424293642640752,0.14242936428144407,0.1424293642640752,0.14242936424913824,0.1424293642640752,0.14242936428144407,0.14130960259218836,0.1413096025564182,0.14130960251994973,0.1413096025564182,0.14130960259218836,0.1413096025564182,0.14130960248282454,0.1413096023804079,0.14130960248282454,0.1413096025564182,0.14130960251994973,0.1413096023804079,0.14130960208841928,0.1413096023804079,0.14130960251994973,0.1413096025564182,0.14130960248282454,0.1413096023804079,0.14130960248282454,0.1413096025564182,0.14130960259218836,0.1413096025564182,0.14130960251994973,0.1413096025564182,0.14130960259218836,0.14021174675321146,0.14021174670162248,0.14021174663538238,0.14021174670162248,0.14021174675321146,0.14021174670162248,0.1402117465658487,0.14021174628009764,0.1402117465658487,0.14021174670162248,0.14021174663538238,0.14021174628009764,0.14021174465846356,0.14021174628009764,0.14021174663538238,0.14021174670162248,0.1402117465658487,0.14021174628009764,0.1402117465658487,0.14021174670162248,0.14021174675321146,0.14021174670162248,0.14021174663538238,0.14021174670162248,0.14021174675321146,0.13913530729648188,0.13913530727763176,0.13913530725594814,0.13913530727763176,0.13913530729648188,0.13913530727763176,0.1391353072332251,0.13913530716229658,0.1391353072332251,0.13913530727763176,0.13913530725594814,0.13913530716229658,0.13913530693544524,0.13913530716229658,0.13913530725594814,0.13913530727763176,0.1391353072332251,0.13913530716229658,0.1391353072332251,0.13913530727763176,0.13913530729648188,0.13913530727763176,0.13913530725594814,0.13913530727763176,0.13913530729648188,0.13807980407212747,0.13807980409625636,0.13807980412280554,0.13807980409625636,0.13807980407212747,0.13807980409625636,0.13807980415030197,0.1380798042330919,0.13807980415030197,0.13807980409625636,0.13807980412280554,0.1380798042330919,0.1380798044901386,0.1380798042330919,0.13807980412280554,0.13807980409625636,0.13807980415030197,0.1380798042330919,0.13807980415030197,0.13807980409625636,0.13807980407212747,0.13807980409625636,0.13807980412280554,0.13807980409625636,0.13807980407212747,0.1370447663871845,0.1370447664463571,0.13704476652099581,0.1370447664463571,0.1370447663871845,0.1370447664463571,0.13704476659902853,0.13704476691621653,0.13704476659902853,0.1370447664463571,0.13704476652099581,0.13704476691621653,0.13704476870501273,0.13704476691621653,0.13704476652099581,0.1370447664463571,0.13704476659902853,0.13704476691621653,0.13704476659902853,0.1370447664463571,0.1370447663871845,0.1370447664463571,0.13704476652099581,0.1370447664463571,0.1370447663871845,0.1360297330745979,0.13602973311789196,0.136029733160957,0.13602973311789196,0.1360297330745979,0.13602973311789196,0.13602973320444195,0.13602973332200957,0.13602973320444195,0.13602973311789196,0.136029733160957,0.13602973332200957,0.13602973365178656,0.13602973332200957,0.136029733160957,0.13602973311789196,0.13602973320444195,0.13602973332200957,0.13602973320444195,0.13602973311789196,0.1360297330745979,0.13602973311789196,0.136029733160957,0.13602973311789196,0.1360297330745979,0.1350342525877599,0.13503425261529417,0.13503425263820368,0.13503425261529417,0.1350342525877599,0.13503425261529417,0.13503425266005994,0.13503425270483668,0.13503425266005994,0.13503425261529417,0.13503425263820368,0.13503425270483668,0.1350342527868595,0.13503425270483668,0.13503425263820368,0.13503425261529417,0.13503425266005994,0.13503425270483668,0.13503425266005994,0.13503425261529417,0.1350342525877599,0.13503425261529417,0.13503425263820368,0.13503425261529417,0.1350342525877599
0.16533248778557774,0.16533248778557774,0.16533248778557774,0.16533248778557774,0.16533248778557774,0.16533248778557774,0.16533248778557774,0.16533248778557774,0.16533248778557774,0.16533248778557774,0.16533248778557774,0.16533248778557774,0.16533248778557774,0.16533248778557774,0.16533248778557774,0.16533248778557774,0.16533248778557774,0.16533248778557774,0.16533248778557774,0.16533248778557774,0.16533248778557774,0.16533248778557774,0.16533248778557774,0.16533248778557774,0.16533248778557774,0.16375749406677934,0.16375749406677934,0.16375749406677934,0.16375749406677934,0.16375749406677934,0.16375749406677934,0.16375749406677934,0.16375749406677934,0.16375749406677934,0.16375749406677934,0.16375749406677934,0.16375749406677934,0.16375749406677934,0.16375749406677934,0.16375749406677934,0.16375749406677934,0.16375749406677934,0.16375749406677934,0.16375749406677934,0.16375749406677934,0.16375749406677934,0.16375749406677934,0.16375749406677934,0.16375749406677934,0.16375749406677934,0.1622138842798788,0.1622138842798788,0.1622138842798788,0.1622138842798788,0.1622138842798788,0.1622138842798788,0.1622138842798788,0.1622138842798788,0.1622138842798788,0.1622138842798788,0.1622138842798788,0.1622138842798788,0.1622138842798788,0.1622138842798788,0.1622138842798788,0.1622138842798788,0.1622138842798788,0.1622138842798788,0.1622138842798788,0.1622138842798788,0.1622138842798788,0.1622138842798788,0.1622138842798788,0.1622138842798788,0.1622138842798788,0.16070106738191556,0.16070106738191556,0.16070106738191556,0.16070106738191556,0.16070106738191556,0.16070106738191556,0.16070106738191556,0.16070106738191556,0.16070106738191556,0.16070106738191556,0.16070106738191556,0.16070106738191556,0.16070106738191556,0.16070106738191556,0.16070106738191556,0.16070106738191556,0.16070106738191556,0.16070106738191556,0.16070106738191556,0.16070106738191556,0.16070106738191556,0.16070106738191556,0.16070106738191556,0.16070106738191556,0.16070106738191556,0.1592184517478684,0.1592184517478684,0.15921845174786817,0.1592184517478684,0.1592184517478684,0.1592184517478684,0.15921845174786817,0.15921845174786817,0.15921845174786817,0.1592184517478684,0.15921845174786817,0.15921845174786817,0.15921845174786817,0.15921845174786817,0.15921845174786817,0.1592184517478684,0.15921845174786817,0.15921845174786817,0.15921845174786817,0.1592184517478684,0.1592184517478684,0.1592184517478684,0.15921845174786817,0.1592184517478684,0.1592184517478684,0.1577654465225036,0.15776544652250338,0.15776544652250338,0.15776544652250338,0.1577654465225036,0.15776544652250338,0.15776544652250338,0.15776544652250338,0.15776544652250338,0.15776544652250338,0.15776544652250338,0.15776544652250338,0.15776544652250338,0.15776544652250338,0.15776544652250338,0.15776544652250338,0.15776544652250338,0.15776544652250338,0.15776544652250338,0.15776544652250338,0.1577654465225036,0.15776544652250338,0.15776544652250338,0.15776544652250338,0.1577654465225036,0.1563414628346999,0.15634146283469974,0.15634146283469974,0.15634146283469974,0.1563414628346999,0.15634146283469974,0.15634146283469974,0.15634146283469952,0.15634146283469974,0.15634146283469974,0.15634146283469974,0.15634146283469952,0.15634146283469952,0.15634146283469952,0.15634146283469974,0.15634146283469974,0.15634146283469974,0.15634146283469952,0.15634146283469974,0.15634146283469974,0.1563414628346999,0.15634146283469974,0.15634146283469974,0.15634146283469974,0.1563414628346999,0.15494591488450848,0.1549459148845081,0.15494591488450787,0.1549459148845081,0.15494591488450848,0.1549459148845081,0.1549459148845077,0.15494591488450726,0.1549459148845077,0.1549459148845081,0.15494591488450787,0.15494591488450726,0.15494591488450707,0.15494591488450746,0.15494591488450787,0.1549459148845081,0.1549459148845077,0.15494591488450746,0.1549459148845077,0.1549459148845081,0.15494591488450848,0.1549459148845081,0.15494591488450787,0.1549459148845081,0.15494591488450848,0.15357822091265738,0.1535782209126562,0.15357822091265538,0.1535782209126562,0.15357822091265738,0.1535782209126562,0.1535782209126548,0.153578220912654,0.1535782209126548,0.1535782209126562,0.15357822091265538,0.153578220912654,0.1535782209126532,0.153578220912654,0.15357822091265538,0.1535782209126562,0.1535782209126548,0.153578220912654,0.1535782209126548,0.1535782209126562,0.15357822091265738,0.1535782209126562,0.15357822091265538,0.1535782209126562,0.15357822091265738,0.15223780406165527,0.15223780406165133,0.15223780406164875,0.15223780406165133,0.15223780406165527,0.15223780406165133,0.1522378040616472,0.1522378040616446,0.1522378040616472,0.15223780406165133,0.15223780406164875,0.1522378040616446,0.15223780406164186,0.1522378040616446,0.15223780406164875,0.15223780406165133,0.1522378040616472,0.1522378040616446,0.1522378040616472,0.15223780406165133,0.15223780406165527,0.15223780406165133,0.15223780406164875,0.15223780406165133,0.15223780406165527,0.15092409313709929,0.15092409313708716,0.15092409313707958,0.15092409313708716,0.15092409313709929,0.15092409313708716,0.1509240931370744,0.15092409313706628,0.1509240931370744,0.15092409313708716,0.15092409313707958,0.15092409313706628,0.1509240931370578,0.15092409313706628,0.15092409313707958,0.15092409313708716,0.1509240931370744,0.15092409313706628,0.1509240931370744,0.15092409313708716,0.15092409313709929,0.15092409313708716,0.15092409313707958,0.15092409313708716,0.15092409313709929,0.14963652327727253,0.14963652327723567,0.14963652327721222,0.14963652327723567,0.14963652327727253,0.14963652327723567,0.1496365232771956,0.14963652327716986,0.1496365232771956,0.14963652327723567,0.14963652327721222,0.14963652327716986,0.14963652327714244,0.14963652327716986,0.14963652327721222,0.14963652327723567,0.1496365232771956,0.14963652327716986,0.1496365232771956,0.14963652327723567,0.14963652327727253,0.14963652327723567,0.14963652327721222,0.14963652327723567,0.14963652327727253,0.1483745365385959,0.1483745365384847,0.1483745365384137,0.1483745365384847,0.1483745365385959,0.1483745365384847,0.14837453653836052,0.1483745365382797,0.14837453653836052,0.1483745365384847,0.1483745365384137,0.1483745365382797,0.14837453653819244,0.1483745365382797,0.1483745365384137,0.1483745365384847,0.14837453653836052,0.1483745365382797,0.14837453653836052,0.1483745365384847,0.1483745365385959,0.1483745365384847,0.1483745365384137,0.1483745365384847,0.1483745365385959,0.1471375824040321,0.14713758240370275,0.1471375824034882,0.14713758240370275,0.1471375824040321,0.14713758240370275,0.14713758240332017,0.1471375824030646,0.14713758240332017,0.14713758240370275,0.1471375824034882,0.1471375824030646,0.14713758240277885,0.1471375824030646,0.1471375824034882,0.14713758240370275,0.14713758240332017,0.1471375824030646,0.14713758240332017,0.14713758240370275,0.1471375824040321,0.14713758240370275,0.1471375824034882,0.14713758240370275,0.1471375824040321,0.14592511822111,0.14592511822015417,0.1459251182195117,0.14592511822015417,0.14592511822111,0.14592511822015417,0.1459251182189839,0.14592511821816284,0.1459251182189839,0.14592511822015417,0.1459251182195117,0.14592511821816284,0.14592511821719242,0.14592511821816284,0.1459251182195117,0.14592511822015417,0.1459251182189839,0.14592511821816284,0.1459251182189839,0.14592511822015417,0.14592511822111,0.14592511822015417,0.1459251182195117,0.14592511822015417,0.14592511822111,0.1447366095759239,0.14473660957324125,0.14473660957134496,0.14473660957324125,0.1447366095759239,0.14473660957324125,0.14473660956970139,0.14473660956701,0.14473660956970139,0.14473660957324125,0.14473660957134496,0.14473660956701,0.14473660956351989,0.14473660956701,0.14473660957134496,0.14473660957324125,0.14473660956970139,0.14473660956701,0.14473660956970139,0.14473660957324125,0.1447366095759239,0.14473660957324125,0.14473660957134496,0.14473660957324125,0.1447366095759239,0.14357153060934702,0.14357153060221195,0.14357153059675737,0.14357153060221195,0.14357153060934702,0.14357153060221195,0.14357153059175745,0.14357153058272698,0.14357153059175745,0.14357153060221195,0.14357153059675737,0.14357153058272698,0.14357153056909835,0.14357153058272698,0.14357153059675737,0.14357153060221195,0.14357153059175745,0.14357153058272698,0.14357153059175745,0.14357153060221195,0.14357153060934702,0.14357153060221195,0.14357153059675737,0.14357153060221195,0.14357153060934702,0.14242936428179487,0.14242936426446273,0.14242936424955727,0.14242936426446273,0.14242936428179487,0.14242936426446273,0.1424293642351343,0.14242936420436322,0.1424293642351343,0.14242936426446273,0.14242936424955727,0.14242936420436322,0.14242936414510615,0.14242936420436322,0.14242936424955727,0.14242936426446273,0.1424293642351343,0.14242936420436322,0.1424293642351343,0.14242936426446273,0.14242936428179487,0.14242936426446273,0.14242936424955727,0.14242936426446273,0.14242936428179487,0.14130960259241732,0.14130960255672262,0.14130960252033128,0.14130960255672262,0.14130960259241732,0.14130960255672262,0.14130960248328422,0.14130960238108384,0.14130960248328422,0.14130960255672262,0.14130960252033128,0.14130960238108384,0.141309602089712,0.14130960238108384,0.14130960252033128,0.14130960255672262,0.14130960248328422,0.14130960238108384,0.14130960248328422,0.14130960255672262,0.14130960259241732,0.14130960255672262,0.14130960252033128,0.14130960255672262,0.14130960259241732,0.14021174675315987,0.1402117467016799,0.1402117466355796,0.1402117467016799,0.14021174675315987,0.1402117467016799,0.14021174656619279,0.140211746281045,0.14021174656619279,0.1402117467016799,0.1402117466355796,0.140211746281045,0.1402117446628448,0.140211746281045,0.1402117466355796,0.1402117467016799,0.14021174656619279,0.140211746281045,0.14021174656619279,0.1402117467016799,0.14021174675315987,0.1402117467016799,0.1402117466355796,0.1402117467016799,0.14021174675315987,0.13913530729591994,0.13913530727710968,0.13913530725547174,0.13913530727710968,0.13913530729591994,0.13913530727710968,0.1391353072327966,0.13913530716201797,0.1391353072327966,0.13913530727710968,0.13913530725547174,0.13913530716201797,0.13913530693564558,0.13913530716201797,0.13913530725547174,0.13913530727710968,0.1391353072327966,0.13913530716201797,0.1391353072327966,0.13913530727710968,0.13913530729591994,0.13913530727710968,0.13913530725547174,0.13913530727710968,0.13913530729591994,0.13807980407096435,0.13807980409504228,0.13807980412153545,0.13807980409504228,0.13807980407096435,0.13807980409504228,0.13807980414897372,0.13807980423158892,0.13807980414897372,0.13807980409504228,0.13807980412153545,0.13807980423158892,0.13807980448809268,0.13807980423158892,0.13807980412153545,0.13807980409504228,0.13807980414897372,0.13807980423158892,0.13807980414897372,0.13807980409504228,0.13807980407096435,0.13807980409504228,0.13807980412153545,0.13807980409504228,0.13807980407096435,0.13704476638551508,0.13704476644456287,0.13704476651904393,0.13704476644456287,0.13704476638551508,0.13704476644456287,0.13704476659691184,0.13704476691343012,0.13704476659691184,0.13704476644456287,0.13704476651904393,0.13704476691343012,0.1370447686984747,0.13704476691343012,0.13704476651904393,0.13704476644456287,0.13704476659691184,0.13704476691343012,0.13704476659691184,0.13704476644456287,0.13704476638551508,0.13704476644456287,0.13704476651904393,0.13704476644456287,0.13704476638551508,0.13602973307267055,0.13602973311587305,0.13602973315884714,0.13602973311587305,0.13602973307267055,0.13602973311587305,0.1360297332022402,0.13602973331955975,0.1360297332022402,0.13602973311587305,0.13602973315884714,0.13602973331955975,0.13602973364864027,0.13602973331955975,0.13602973315884714,0.13602973311587305,0.1360297332022402,0.13602973331955975,0.1360297332022402,0.13602973311587305,0.13602973307267055,0.13602973311587305,0.13602973315884714,0.13602973311587305,0.13602973307267055,0.1350342525857561,0.13503425261323207,0.1350342526360933,0.13503425261323207,0.1350342525857561,0.13503425261323207,0.13503425265790353,0.1350342527025855,0.13503425265790353,0.13503425261323207,0.1350342526360933,0.1350342527025855,0.13503425278443515,0.1350342527025855,0.1350342526360933,0.13503425261323207,0.13503425265790353,0.1350342527025855,0.13503425265790353,0.13503425261323207,0.1350342525857561,0.13503425261323207,0.1350342526360933,0.13503425261323207,0.1350342525857561
0.16533248778611553,0.16533248778611553,0.16533248778611553,0.16533248778611553,0.16533248778611553,0.16533248778611553,0.16533248778611553,0.16533248778611553,0.16533248778611553,0.16533248778611553,0.16533248778611553,0.16533248778611553,0.16533248778611553,0.16533248778611553,0.16533248778611553,0.16533248778611553,0.16533248778611553,0.16533248778611553,0.16533248778611553,0.16533248778611553,0.16533248778611553,0.16533248778611553,0.16533248778611553,0.16533248778611553,0.16533248778611553,0.1637574940673076,0.1637574940673076,0.1637574940673076,0.1637574940673076,0.1637574940673076,0.1637574940673076,0.1637574940673076,0.1637574940673076,0.1637574940673076,0.1637574940673076,0.1637574940673076,0.1637574940673076,0.1637574940673076,0.1637574940673076,0.1637574940673076,0.1637574940673076,0.1637574940673076,0.1637574940673076,0.1637574940673076,0.1637574940673076,0.1637574940673076,0.1637574940673076,0.1637574940673076,0.1637574940673076,0.1637574940673076,0.16221388428039832,0.16221388428039832,0.16221388428039832,0.16221388428039832,0.16221388428039832,0.16221388428039832,0.16221388428039832,0.16221388428039832,0.16221388428039832,0.16221388428039832,0.16221388428039832,0.16221388428039832,0.16221388428039832,0.16221388428039832,0.16221388428039832,0.16221388428039832,0.16221388428039832,0.16221388428039832,0.16221388428039832,0.16221388428039832,0.16221388428039832,0.16221388428039832,0.16221388428039832,0.16221388428039832,0.16221388428039832,0.1607010673824276,0.1607010673824276,0.1607010673824276,0.1607010673824276,0.1607010673824276,0.1607010673824276,0.1607010673824276,0.1607010673824276,0.1607010673824276,0.1607010673824276,0.1607010673824276,0.1607010673824276,0.1607010673824276,0.1607010673824276,0.1607010673824276,0.1607010673824276,0.1607010673824276,0.1607010673824276,0.1607010673824276,0.1607010673824276,0.1607010673824276,0.1607010673824276,0.1607010673824276,0.1607010673824276,0.1607010673824276,0.1592184517483737,0.1592184517483737,0.1592184517483737,0.1592184517483737,0.1592184517483737,0.1592184517483737,0.1592184517483737,0.1592184517483737,0.1592184517483737,0.1592184517483737,0.1592184517483737,0.1592184517483737,0.1592184517483737,0.1592184517483737,0.1592184517483737,0.1592184517483737,0.1592184517483737,0.1592184517483737,0.1592184517483737,0.1592184517483737,0.1592184517483737,0.1592184517483737,0.1592184517483737,0.1592184517483737,0.1592184517483737,0.15776544652300353,0.1577654465230033,0.1577654465230033,0.1577654465230033,0.15776544652300353,0.1577654465230033,0.1577654465230033,0.1577654465230033,0.1577654465230033,0.1577654465230033,0.1577654465230033,0.1577654465230033,0.1577654465230033,0.1577654465230033,0.1577654465230033,0.1577654465230033,0.1577654465230033,0.1577654465230033,0.1577654465230033,0.1577654465230033,0.15776544652300353,0.1577654465230033,0.1577654465230033,0.1577654465230033,0.15776544652300353,0.15634146283519554,0.15634146283519532,0.15634146283519532,0.15634146283519532,0.15634146283519554,0.15634146283519532,0.1563414628351951,0.1563414628351951,0.1563414628351951,0.15634146283519532,0.15634146283519532,0.1563414628351951,0.1563414628351951,0.1563414628351951,0.15634146283519532,0.15634146283519532,0.1563414628351951,0.1563414628351951,0.1563414628351951,0.15634146283519532,0.15634146283519554,0.15634146283519532,0.15634146283519532,0.15634146283519532,0.15634146283519554,0.15494591488500073,0.15494591488500034,0.15494591488499992,0.15494591488500034,0.15494591488500073,0.15494591488500034,0.15494591488499992,0.1549459148849995,0.15494591488499992,0.15494591488500034,0.15494591488499992,0.1549459148849995,0.15494591488499931,0.1549459148849995,0.15494591488499992,0.15494591488500034,0.15494591488499992,0.1549459148849995,0.15494591488499992,0.15494591488500034,0.15494591488500073,0.15494591488500034,0.15494591488499992,0.15494591488500034,0.15494591488500073,0.15357822091314743,0.15357822091314605,0.15357822091314524,0.15357822091314605,0.15357822091314743,0.15357822091314605,0.15357822091314483,0.15357822091314402,0.15357822091314483,0.15357822091314605,0.15357822091314524,0.15357822091314402,0.15357822091314324,0.15357822091314402,0.15357822091314524,0.15357822091314605,0.15357822091314483,0.15357822091314402,0.15357822091314483,0.15357822091314605,0.15357822091314743,0.15357822091314605,0.15357822091314524,0.15357822091314605,0.15357822091314743,0.1522378040621438,0.15223780406213988,0.1522378040621375,0.15223780406213988,0.1522378040621438,0.15223780406213988,0.15223780406213594,0.15223780406213339,0.15223780406213594,0.15223780406213988,0.1522378040621375,0.15223780406213339,0.1522378040621306,0.15223780406213339,0.1522378040621375,0.15223780406213988,0.15223780406213594,0.15223780406213339,0.15223780406213594,0.15223780406213988,0.1522378040621438,0.15223780406213988,0.1522378040621375,0.15223780406213988,0.1522378040621438,0.15092409313758756,0.1509240931375756,0.15092409313756808,0.1509240931375756,0.15092409313758756,0.1509240931375756,0.15092409313756286,0.15092409313755478,0.15092409313756286,0.1509240931375756,0.15092409313756808,0.15092409313755478,0.1509240931375463,0.15092409313755478,0.15092409313756808,0.1509240931375756,0.15092409313756286,0.15092409313755478,0.15092409313756286,0.1509240931375756,0.15092409313758756,0.1509240931375756,0.15092409313756808,0.1509240931375756,0.15092409313758756,0.14963652327776134,0.14963652327772464,0.14963652327770138,0.14963652327772464,0.14963652327776134,0.14963652327772464,0.14963652327768473,0.14963652327765903,0.14963652327768473,0.14963652327772464,0.14963652327770138,0.14963652327765903,0.1496365232776318,0.14963652327765903,0.14963652327770138,0.14963652327772464,0.14963652327768473,0.14963652327765903,0.14963652327768473,0.14963652327772464,0.14963652327776134,0.14963652327772464,0.14963652327770138,0.14963652327772464,0.14963652327776134,0.14837453653908592,0.14837453653897506,0.14837453653890428,0.14837453653897506,0.14837453653908592,0.14837453653897506,0.1483745365388511,0.14837453653877047,0.1483745365388511,0.14837453653897506,0.14837453653890428,0.14837453653877047,0.14837453653868354,0.14837453653877047,0.14837453653890428,0.14837453653897506,0.1483745365388511,0.14837453653877047,0.1483745365388511,0.14837453653897506,0.14837453653908592,0.14837453653897506,0.14837453653890428,0.14837453653897506,0.14837453653908592,0.1471375824045231,0.1471375824041947,0.14713758240398067,0.1471375824041947,0.1471375824045231,0.1471375824041947,0.147137582403813,0.14713758240355815,0.147137582403813,0.1471375824041947,0.14713758240398067,0.14713758240355815,0.1471375824032731,0.14713758240355815,0.14713758240398067,0.1471375824041947,0.147137582403813,0.14713758240355815,0.147137582403813,0.1471375824041947,0.1471375824045231,0.1471375824041947,0.14713758240398067,0.1471375824041947,0.1471375824045231,0.14592511822160095,0.1459251182206474,0.1459251182200067,0.1459251182206474,0.14592511822160095,0.1459251182206474,0.14592511821948034,0.14592511821866128,0.14592511821948034,0.1459251182206474,0.1459251182200067,0.14592511821866128,0.14592511821769333,0.14592511821866128,0.1459251182200067,0.1459251182206474,0.14592511821948034,0.14592511821866128,0.14592511821948034,0.1459251182206474,0.14592511822160095,0.1459251182206474,0.1459251182200067,0.1459251182206474,0.14592511822160095,0.14473660957641005,0.1447366095737342,0.14473660957184278,0.1447366095737342,0.14473660957641005,0.1447366095737342,0.1447366095702034,0.14473660956751883,0.1447366095702034,0.1447366095737342,0.14473660957184278,0.14473660956751883,0.1447366095640376,0.14473660956751883,0.14473660957184278,0.1447366095737342,0.1447366095702034,0.14473660956751883,0.1447366095702034,0.1447366095737342,0.14473660957641005,0.1447366095737342,0.14473660957184278,0.1447366095737342,0.14473660957641005,0.14357153060981415,0.14357153060269723,0.14357153059725666,0.14357153060269723,0.14357153060981415,0.14357153060269723,0.14357153059226943,0.14357153058326186,0.14357153059226943,0.14357153060269723,0.14357153059725666,0.14357153058326186,0.14357153056966798,0.14357153058326186,0.14357153059725666,0.14357153060269723,0.14357153059226943,0.14357153058326186,0.14357153059226943,0.14357153060269723,0.14357153060981415,0.14357153060269723,0.14357153059725666,0.14357153060269723,0.14357153060981415,0.14242936428220537,0.14242936426491717,0.1424293642500498,0.14242936426491717,0.14242936428220537,0.14242936426491717,0.14242936423566338,0.14242936420497082,0.14242936423566338,0.14242936426491717,0.1424293642500498,0.14242936420497082,0.14242936414586457,0.14242936420497082,0.1424293642500498,0.14242936426491717,0.14242936423566338,0.14242936420497082,0.14242936423566338,0.14242936426491717,0.14242936428220537,0.14242936426491717,0.1424293642500498,0.14242936426491717,0.14242936428220537,0.1413096025926783,0.14130960255707442,0.14130960252077582,0.14130960255707442,0.1413096025926783,0.14130960255707442,0.141309602483823,0.141309602381883,0.141309602483823,0.14130960255707442,0.14130960252077582,0.141309602381883,0.14130960209125304,0.141309602381883,0.14130960252077582,0.14130960255707442,0.141309602483823,0.141309602381883,0.141309602483823,0.14130960255707442,0.1413096025926783,0.14130960255707442,0.14130960252077582,0.14130960255707442,0.1413096025926783,0.14021174675308104,0.14021174670173198,0.1402117466358002,0.14021174670173198,0.14021174675308104,0.14021174670173198,0.14021174656659,0.14021174628216826,0.14021174656659,0.14021174670173198,0.1402117466358002,0.14021174628216826,0.140211744668076,0.14021174628216826,0.1402117466358002,0.14021174670173198,0.14021174656659,0.14021174628216826,0.14021174656659,0.14021174670173198,0.14021174675308104,0.14021174670173198,0.1402117466358002,0.14021174670173198,0.14021174675308104,0.13913530729522455,0.1391353072764622,0.13913530725487946,0.1391353072764622,0.13913530729522455,0.1391353072764622,0.13913530723226203,0.13913530716166364,0.13913530723226203,0.1391353072764622,0.13913530725487946,0.13913530716166364,0.13913530693586773,0.13913530716166364,0.13913530725487946,0.1391353072764622,0.13913530723226203,0.13913530716166364,0.13913530723226203,0.1391353072764622,0.13913530729522455,0.1391353072764622,0.13913530725487946,0.1391353072764622,0.13913530729522455,0.13807980406954384,0.13807980409356052,0.1380798041199861,0.13807980409356052,0.13807980406954384,0.13807980409356052,0.13807980414735463,0.1380798042297593,0.13807980414735463,0.13807980409356052,0.1380798041199861,0.1380798042297593,0.13807980448560986,0.1380798042297593,0.1380798041199861,0.13807980409356052,0.13807980414735463,0.1380798042297593,0.13807980414735463,0.13807980409356052,0.13807980406954384,0.13807980409356052,0.1380798041199861,0.13807980409356052,0.13807980406954384,0.13704476638348415,0.13704476644238142,0.13704476651667286,0.13704476644238142,0.13704476638348415,0.13704476644238142,0.1370447665943425,0.13704476691005466,0.1370447665943425,0.13704476644238142,0.13704476651667286,0.13704476691005466,0.13704476869055904,0.13704476691005466,0.13704476651667286,0.13704476644238142,0.1370447665943425,0.13704476691005466,0.1370447665943425,0.13704476644238142,0.13704476638348415,0.13704476644238142,0.13704476651667286,0.13704476644238142,0.13704476638348415,0.13602973307032823,0.13602973311342087,0.1360297331562855,0.13602973311342087,0.13602973307032823,0.13602973311342087,0.13602973319956807,0.13602973331658869,0.13602973319956807,0.13602973311342087,0.1360297331562855,0.13602973331658869,0.13602973364483106,0.13602973331658869,0.1360297331562855,0.13602973311342087,0.13602973319956807,0.13602973331658869,0.13602973319956807,0.13602973311342087,0.13602973307032823,0.13602973311342087,0.1360297331562855,0.13602973311342087,0.13602973307032823,0.13503425258332166,0.1350342526107277,0.13503425263353078,0.1350342526107277,0.13503425258332166,0.1350342526107277,0.13503425265528526,0.13503425269985347,0.13503425265528526,0.1350342526107277,0.13503425263353078,0.13503425269985347,0.13503425278149472,0.13503425269985347,0.13503425263353078,0.1350342526107277,0.13503425265528526,0.13503425269985347,0.13503425265528526,0.1350342526107277,0.13503425258332166,0.1350342526107277,0.13503425263353078,0.1350342526107277,0.13503425258332166
0.16533248778676024,0.16533248778676024,0.16533248778676024,0.16533248778676024,0.16533248778676024,0.16533248778676024,0.16533248778676024,0.16533248778676024,0.16533248778676024,0.16533248778676024,0.16533248778676024,0.16533248778676024,0.16533248778676024,0.16533248778676024,0.16533248778676024,0.16533248778676024,0.16533248778676024,0.16533248778676024,0.16533248778676024,0.16533248778676024,0.16533248778676024,0.16533248778676024,0.16533248778676024,0.16533248778676024,0.16533248778676024,0.16375749406794066,0.16375749406794066,0.16375749406794066,0.16375749406794066,0.16375749406794066,0.16375749406794066,0.16375749406794066,0.16375749406794066,0.16375749406794066,0.16375749406794066,0.16375749406794066,0.16375749406794066,0.16375749406794066,0.16375749406794066,0.16375749406794066,0.16375749406794066,0.16375749406794066,0.16375749406794066,0.16375749406794066,0.16375749406794066,0.16375749406794066,0.16375749406794066,0.16375749406794066,0.16375749406794066,0.16375749406794066,0.16221388428102035,0.16221388428102035,0.16221388428102035,0.16221388428102035,0.16221388428102035,0.16221388428102035,0.16221388428102035,0.16221388428102035,0.16221388428102035,0.16221388428102035,0.16221388428102035,0.16221388428102035,0.16221388428102035,0.16221388428102035,0.16221388428102035,0.16221388428102035,0.16221388428102035,0.16221388428102035,0.16221388428102035,0.16221388428102035,0.16221388428102035,0.16221388428102035,0.16221388428102035,0.16221388428102035,0.16221388428102035,0.16070106738304007,0.16070106738304007,0.16070106738304007,0.16070106738304007,0.16070106738304007,0.16070106738304007,0.16070106738304007,0.16070106738304007,0.16070106738304007,0.16070106738304007,0.16070106738304007,0.16070106738304007,0.16070106738304007,0.16070106738304007,0.16070106738304007,0.16070106738304007,0.16070106738304007,0.16070106738304007,0.16070106738304007,0.16070106738304007,0.16070106738304007,0.16070106738304007,0.16070106738304007,0.16070106738304007,0.16070106738304007,0.15921845174897745,0.15921845174897745,0.15921845174897745,0.15921845174897745,0.15921845174897745,0.15921845174897745,0.15921845174897745,0.15921845174897745,0.15921845174897745,0.15921845174897745,0.15921845174897745,0.15921845174897745,0.15921845174897745,0.15921845174897745,0.15921845174897745,0.15921845174897745,0.15921845174897745,0.15921845174897745,0.15921845174897745,0.15921845174897745,0.15921845174897745,0.15921845174897745,0.15921845174897745,0.15921845174897745,0.15921845174897745,0.1577654465235997,0.1577654465235997,0.1577654465235997,0.1577654465235997,0.1577654465235997,0.1577654465235997,0.15776544652359947,0.15776544652359947,0.15776544652359947,0.1577654465235997,0.1577654465235997,0.15776544652359947,0.15776544652359947,0.15776544652359947,0.1577654465235997,0.1577654465235997,0.15776544652359947,0.15776544652359947,0.15776544652359947,0.1577654465235997,0.1577654465235997,0.1577654465235997,0.1577654465235997,0.1577654465235997,0.1577654465235997,0.15634146283578518,0.15634146283578498,0.15634146283578498,0.15634146283578498,0.15634146283578518,0.15634146283578498,0.15634146283578498,0.1563414628357848,0.15634146283578498,0.15634146283578498,0.15634146283578498,0.1563414628357848,0.1563414628357848,0.1563414628357848,0.15634146283578498,0.15634146283578498,0.15634146283578498,0.1563414628357848,0.15634146283578498,0.15634146283578498,0.15634146283578518,0.15634146283578498,0.15634146283578498,0.15634146283578498,0.15634146283578518,0.1549459148855852,0.1549459148855848,0.1549459148855844,0.1549459148855848,0.1549459148855852,0.1549459148855848,0.15494591488558418,0.15494591488558399,0.15494591488558418,0.1549459148855848,0.1549459148855844,0.15494591488558399,0.15494591488558376,0.15494591488558399,0.1549459148855844,0.1549459148855848,0.15494591488558418,0.15494591488558399,0.15494591488558418,0.1549459148855848,0.1549459148855852,0.1549459148855848,0.1549459148855844,0.1549459148855848,0.1549459148855852,0.15357822091372747,0.15357822091372628,0.15357822091372547,0.15357822091372628,0.15357822091372747,0.15357822091372628,0.15357822091372508,0.15357822091372428,0.15357822091372508,0.15357822091372628,0.15357822091372547,0.15357822091372428,0.15357822091372347,0.15357822091372428,0.15357822091372547,0.15357822091372628,0.15357822091372508,0.15357822091372428,0.15357822091372508,0.15357822091372628,0.15357822091372747,0.15357822091372628,0.15357822091372547,0.15357822091372628,0.15357822091372747,0.15223780406272075,0.152237804062717,0.15223780406271445,0.152237804062717,0.15223780406272075,0.152237804062717,0.15223780406271287,0.1522378040627103,0.15223780406271287,0.152237804062717,0.15223780406271445,0.1522378040627103,0.15223780406270776,0.1522378040627103,0.15223780406271445,0.152237804062717,0.15223780406271287,0.1522378040627103,0.15223780406271287,0.152237804062717,0.15223780406272075,0.152237804062717,0.15223780406271445,0.152237804062717,0.15223780406272075,0.15092409313816224,0.1509240931381503,0.15092409313814278,0.1509240931381503,0.15092409313816224,0.1509240931381503,0.15092409313813757,0.15092409313812966,0.15092409313813757,0.1509240931381503,0.15092409313814278,0.15092409313812966,0.15092409313812138,0.15092409313812966,0.15092409313814278,0.1509240931381503,0.15092409313813757,0.15092409313812966,0.15092409313813757,0.1509240931381503,0.15092409313816224,0.1509240931381503,0.15092409313814278,0.1509240931381503,0.15092409313816224,0.1496365232783346,0.1496365232782981,0.14963652327827487,0.1496365232782981,0.1496365232783346,0.1496365232782981,0.14963652327825844,0.1496365232782329,0.14963652327825844,0.1496365232782981,0.14963652327827487,0.1496365232782329,0.14963652327820584,0.1496365232782329,0.14963652327827487,0.1496365232782981,0.14963652327825844,0.1496365232782329,0.14963652327825844,0.1496365232782981,0.1496365232783346,0.1496365232782981,0.14963652327827487,0.1496365232782981,0.1496365232783346,0.1483745365396582,0.14837453653954774,0.14837453653947733,0.14837453653954774,0.1483745365396582,0.14837453653954774,0.1483745365394245,0.14837453653934388,0.1483745365394245,0.14837453653954774,0.14837453653947733,0.14837453653934388,0.14837453653925714,0.14837453653934388,0.14837453653947733,0.14837453653954774,0.1483745365394245,0.14837453653934388,0.1483745365394245,0.14837453653954774,0.1483745365396582,0.14837453653954774,0.14837453653947733,0.14837453653954774,0.1483745365396582,0.14713758240509478,0.14713758240476707,0.14713758240455382,0.14713758240476707,0.14713758240509478,0.14713758240476707,0.14713758240438687,0.14713758240413255,0.14713758240438687,0.14713758240476707,0.14713758240455382,0.14713758240413255,0.14713758240384844,0.14713758240413255,0.14713758240455382,0.14713758240476707,0.14713758240438687,0.14713758240413255,0.14713758240438687,0.14713758240476707,0.14713758240509478,0.14713758240476707,0.14713758240455382,0.14713758240476707,0.14713758240509478,0.14592511822217002,0.1459251182212195,0.1459251182205806,0.1459251182212195,0.14592511822217002,0.1459251182212195,0.1459251182200557,0.14592511821923929,0.1459251182200557,0.1459251182212195,0.1459251182205806,0.14592511821923929,0.14592511821827417,0.14592511821923929,0.1459251182205806,0.1459251182212195,0.1459251182200557,0.14592511821923929,0.1459251182200557,0.1459251182212195,0.14592511822217002,0.1459251182212195,0.1459251182205806,0.1459251182212195,0.14592511822217002,0.1447366095769712,0.1447366095743034,0.14473660957241755,0.1447366095743034,0.1447366095769712,0.1447366095743034,0.14473660957078308,0.14473660956810655,0.14473660957078308,0.1447366095743034,0.14473660957241755,0.14473660956810655,0.1447366095646356,0.14473660956810655,0.14473660957241755,0.1447366095743034,0.14473660957078308,0.14473660956810655,0.14473660957078308,0.1447366095743034,0.1447366095769712,0.1447366095743034,0.14473660957241755,0.1447366095743034,0.1447366095769712,0.1435715306103511,0.1435715306032554,0.14357153059783093,0.1435715306032554,0.1435715306103511,0.1435715306032554,0.14357153059285857,0.1435715305838779,0.14357153059285857,0.1435715306032554,0.14357153059783093,0.1435715305838779,0.14357153057032437,0.1435715305838779,0.14357153059783093,0.1435715306032554,0.14357153059285857,0.1435715305838779,0.14357153059285857,0.1435715306032554,0.1435715306103511,0.1435715306032554,0.14357153059783093,0.1435715306032554,0.1435715306103511,0.1424293642826737,0.14242936426543704,0.14242936425061378,0.14242936426543704,0.1424293642826737,0.14242936426543704,0.14242936423627034,0.14242936420566898,0.14242936423627034,0.14242936426543704,0.14242936425061378,0.14242936420566898,0.1424293641467387,0.14242936420566898,0.14242936425061378,0.14242936426543704,0.14242936423627034,0.14242936420566898,0.14242936423627034,0.14242936426543704,0.1424293642826737,0.14242936426543704,0.14242936425061378,0.14242936426543704,0.1424293642826737,0.1413096025929704,0.1413096025574726,0.14130960252128205,0.1413096025574726,0.1413096025929704,0.1413096025574726,0.1413096024844391,0.14130960238280268,0.1413096024844391,0.1413096025574726,0.14130960252128205,0.14130960238280268,0.14130960209303797,0.14130960238280268,0.14130960252128205,0.1413096025574726,0.1413096024844391,0.14130960238280268,0.1413096024844391,0.1413096025574726,0.1413096025929704,0.1413096025574726,0.14130960252128205,0.1413096025574726,0.1413096025929704,0.1402117467529749,0.14021174670177874,0.1402117466360432,0.14021174670177874,0.1402117467529749,0.14021174670177874,0.14021174656703908,0.14021174628346394,0.14021174656703908,0.14021174670177874,0.1402117466360432,0.14021174628346394,0.1402117446741725,0.14021174628346394,0.1402117466360432,0.14021174670177874,0.14021174656703908,0.14021174628346394,0.14021174656703908,0.14021174670177874,0.1402117467529749,0.14021174670177874,0.1402117466360432,0.14021174670177874,0.1402117467529749,0.13913530729439794,0.13913530727569157,0.13913530725417303,0.13913530727569157,0.13913530729439794,0.13913530727569157,0.13913530723162296,0.1391353071612347,0.13913530723162296,0.13913530727569157,0.13913530725417303,0.1391353071612347,0.13913530693611106,0.1391353071612347,0.13913530725417303,0.13913530727569157,0.13913530723162296,0.1391353071612347,0.13913530723162296,0.13913530727569157,0.13913530729439794,0.13913530727569157,0.13913530725417303,0.13913530727569157,0.13913530729439794,0.13807980406787032,0.1380798040918154,0.13807980411816234,0.1380798040918154,0.13807980406787032,0.1380798040918154,0.13807980414544932,0.1380798042276087,0.13807980414544932,0.1380798040918154,0.13807980411816234,0.1380798042276087,0.13807980448269755,0.1380798042276087,0.13807980411816234,0.1380798040918154,0.13807980414544932,0.1380798042276087,0.13807980414544932,0.1380798040918154,0.13807980406787032,0.1380798040918154,0.13807980411816234,0.1380798040918154,0.13807980406787032,0.13704476638109755,0.13704476643981953,0.13704476651388978,0.13704476643981953,0.13704476638109755,0.13704476643981953,0.13704476659132817,0.13704476690610026,0.13704476659132817,0.13704476643981953,0.13704476651388978,0.13704476690610026,0.13704476868129084,0.13704476690610026,0.13704476651388978,0.13704476643981953,0.13704476659132817,0.13704476690610026,0.13704476659132817,0.13704476643981953,0.13704476638109755,0.13704476643981953,0.13704476651388978,0.13704476643981953,0.13704476638109755,0.13602973306757812,0.13602973311054234,0.13602973315327938,0.13602973311054234,0.13602973306757812,0.13602973311054234,0.1360297331964331,0.13602973331310525,0.1360297331964331,0.13602973311054234,0.13602973315327938,0.13602973331310525,0.13602973364037038,0.13602973331310525,0.13602973315327938,0.13602973311054234,0.1360297331964331,0.13602973331310525,0.1360297331964331,0.13602973311054234,0.13602973306757812,0.13602973311054234,0.13602973315327938,0.13602973311054234,0.13602973306757812,0.13503425258046386,0.1350342526077883,0.13503425263052335,0.1350342526077883,0.13503425258046386,0.1350342526077883,0.13503425265221322,0.1350342526966488,0.13503425265221322,0.1350342526077883,0.13503425263052335,0.1350342526966488,0.13503425277804668,0.1350342526966488,0.13503425263052335,0.1350342526077883,0.13503425265221322,0.1350342526966488,0.13503425265221322,0.1350342526077883,0.13503425258046386,0.1350342526077883,0.13503425263052335,0.1350342526077883,0.13503425258046386
0.16533248778750997,0.16533248778750997,0.16533248778750997,0.16533248778750997,0.16533248778750997,0.16533248778750997,0.16533248778750997,0.16533248778750997,0.16533248778750997,0.16533248778750997,0.16533248778750997,0.16533248778750997,0.16533248778750997,0.16533248778750997,0.16533248778750997,0.16533248778750997,0.16533248778750997,0.16533248778750997,0.16533248778750997,0.16533248778750997,0.16533248778750997,0.16533248778750997,0.16533248778750997,0.16533248778750997,0.16533248778750997,0.1637574940686764,0.1637574940686764,0.1637574940686764,0.1637574940686764,0.1637574940686764,0.1637574940686764,0.1637574940686764,0.1637574940686764,0.1637574940686764,0.1637574940686764,0.1637574940686764,0.1637574940686764,0.1637574940686764,0.1637574940686764,0.1637574940686764,0.1637574940686764,0.1637574940686764,0.1637574940686764,0.1637574940686764,0.1637574940686764,0.1637574940686764,0.1637574940686764,0.1637574940686764,0.1637574940686764,0.1637574940686764,0.16221388428174321,0.16221388428174321,0.16221388428174321,0.16221388428174321,0.16221388428174321,0.16221388428174321,0.16221388428174321,0.16221388428174321,0.16221388428174321,0.16221388428174321,0.16221388428174321,0.16221388428174321,0.16221388428174321,0.16221388428174321,0.16221388428174321,0.16221388428174321,0.16221388428174321,0.16221388428174321,0.16221388428174321,0.16221388428174321,0.16221388428174321,0.16221388428174321,0.16221388428174321,0.16221388428174321,0.16221388428174321,0.16070106738375098,0.16070106738375098,0.16070106738375098,0.16070106738375098,0.16070106738375098,0.16070106738375098,0.16070106738375098,0.16070106738375098,0.16070106738375098,0.16070106738375098,0.16070106738375098,0.16070106738375098,0.16070106738375098,0.16070106738375098,0.16070106738375098,0.16070106738375098,0.16070106738375098,0.16070106738375098,0.16070106738375098,0.16070106738375098,0.16070106738375098,0.16070106738375098,0.16070106738375098,0.16070106738375098,0.16070106738375098,0.15921845174967783,0.15921845174967783,0.15921845174967783,0.15921845174967783,0.15921845174967783,0.15921845174967783,0.15921845174967783,0.15921845174967783,0.15921845174967783,0.15921845174967783,0.15921845174967783,0.15921845174967783,0.15921845174967783,0.15921845174967783,0.15921845174967783,0.15921845174967783,0.15921845174967783,0.15921845174967783,0.15921845174967783,0.15921845174967783,0.15921845174967783,0.15921845174967783,0.15921845174967783,0.15921845174967783,0.15921845174967783,0.15776544652429036,0.15776544652429036,0.15776544652429036,0.15776544652429036,0.15776544652429036,0.15776544652429036,0.15776544652429036,0.15776544652429036,0.15776544652429036,0.15776544652429036,0.15776544652429036,0.15776544652429036,0.15776544652429036,0.15776544652429036,0.15776544652429036,0.15776544652429036,0.15776544652429036,0.15776544652429036,0.15776544652429036,0.15776544652429036,0.15776544652429036,0.15776544652429036,0.15776544652429036,0.15776544652429036,0.15776544652429036,0.1563414628364675,0.1563414628364675,0.1563414628364673,0.1563414628364675,0.1563414628364675,0.1563414628364675,0.1563414628364673,0.1563414628364673,0.1563414628364673,0.1563414628364675,0.1563414628364673,0.1563414628364673,0.15634146283646708,0.1563414628364673,0.1563414628364673,0.1563414628364675,0.1563414628364673,0.1563414628364673,0.1563414628364673,0.1563414628364675,0.1563414628364675,0.1563414628364675,0.1563414628364673,0.1563414628364675,0.1563414628364675,0.15494591488626006,0.15494591488625964,0.15494591488625942,0.15494591488625964,0.15494591488626006,0.15494591488625964,0.15494591488625922,0.154945914886259,0.15494591488625922,0.15494591488625964,0.15494591488625942,0.154945914886259,0.15494591488625883,0.154945914886259,0.15494591488625942,0.15494591488625964,0.15494591488625922,0.154945914886259,0.15494591488625922,0.15494591488625964,0.15494591488626006,0.15494591488625964,0.15494591488625942,0.15494591488625964,0.15494591488626006,0.1535782209143965,0.15357822091439507,0.15357822091439427,0.15357822091439507,0.1535782209143965,0.15357822091439507,0.15357822091439388,0.15357822091439308,0.15357822091439388,0.15357822091439507,0.15357822091439427,0.15357822091439308,0.15357822091439227,0.15357822091439308,0.15357822091439427,0.15357822091439507,0.15357822091439388,0.15357822091439308,0.15357822091439388,0.15357822091439507,0.1535782209143965,0.15357822091439507,0.15357822091439427,0.15357822091439507,0.1535782209143965,0.1522378040633845,0.15223780406338053,0.1522378040633782,0.15223780406338053,0.1522378040633845,0.15223780406338053,0.1522378040633766,0.15223780406337406,0.1522378040633766,0.15223780406338053,0.1522378040633782,0.15223780406337406,0.15223780406337148,0.15223780406337406,0.1522378040633782,0.15223780406338053,0.1522378040633766,0.15223780406337406,0.1522378040633766,0.15223780406338053,0.1522378040633845,0.15223780406338053,0.1522378040633782,0.15223780406338053,0.1522378040633845,0.15092409313882185,0.1509240931388099,0.15092409313880237,0.1509240931388099,0.15092409313882185,0.1509240931388099,0.15092409313879737,0.15092409313878946,0.15092409313879737,0.1509240931388099,0.15092409313880237,0.15092409313878946,0.15092409313878116,0.15092409313878946,0.15092409313880237,0.1509240931388099,0.15092409313879737,0.15092409313878946,0.15092409313879737,0.1509240931388099,0.15092409313882185,0.1509240931388099,0.15092409313880237,0.1509240931388099,0.15092409313882185,0.14963652327899093,0.14963652327895444,0.14963652327893134,0.14963652327895444,0.14963652327899093,0.14963652327895444,0.1496365232789151,0.14963652327888977,0.1496365232789151,0.14963652327895444,0.14963652327893134,0.14963652327888977,0.14963652327886273,0.14963652327888977,0.14963652327893134,0.14963652327895444,0.1496365232789151,0.14963652327888977,0.1496365232789151,0.14963652327895444,0.14963652327899093,0.14963652327895444,0.14963652327893134,0.14963652327895444,0.14963652327899093,0.14837453654031185,0.14837453654020177,0.14837453654013136,0.14837453654020177,0.14837453654031185,0.14837453654020177,0.1483745365400789,0.14837453653999866,0.1483745365400789,0.14837453654020177,0.14837453654013136,0.14837453653999866,0.1483745365399123,0.14837453653999866,0.14837453654013136,0.14837453654020177,0.1483745365400789,0.14837453653999866,0.1483745365400789,0.14837453654020177,0.14837453654031185,0.14837453654020177,0.14837453654013136,0.14837453654020177,0.14837453654031185,0.1471375824057453,0.14713758240541888,0.14713758240520633,0.14713758240541888,0.1471375824057453,0.14713758240541888,0.1471375824050399,0.1471375824047865,0.1471375824050399,0.14713758240541888,0.14713758240520633,0.1471375824047865,0.1471375824045033,0.1471375824047865,0.14713758240520633,0.14713758240541888,0.1471375824050399,0.1471375824047865,0.1471375824050399,0.14713758240541888,0.1471375824057453,0.14713758240541888,0.14713758240520633,0.14713758240541888,0.1471375824057453,0.14592511822281604,0.14592511822186874,0.14592511822123214,0.14592511822186874,0.14592511822281604,0.14592511822186874,0.14592511822070903,0.14592511821989526,0.14592511822070903,0.14592511822186874,0.14592511822123214,0.14592511821989526,0.14592511821893334,0.14592511821989526,0.14592511822123214,0.14592511822186874,0.14592511822070903,0.14592511821989526,0.14592511822070903,0.14592511822186874,0.14592511822281604,0.14592511822186874,0.14592511822123214,0.14592511822186874,0.14592511822281604,0.1447366095776064,0.14473660957494766,0.1447366095730681,0.14473660957494766,0.1447366095776064,0.14473660957494766,0.1447366095714392,0.1447366095687719,0.1447366095714392,0.14473660957494766,0.1447366095730681,0.1447366095687719,0.14473660956531267,0.1447366095687719,0.1447366095730681,0.14473660957494766,0.1447366095714392,0.1447366095687719,0.1447366095714392,0.14473660957494766,0.1447366095776064,0.14473660957494766,0.1447366095730681,0.14473660957494766,0.1447366095776064,0.14357153061095648,0.14357153060388508,0.14357153059847913,0.14357153060388508,0.14357153061095648,0.14357153060388508,0.14357153059352368,0.14357153058457345,0.14357153059352368,0.14357153060388508,0.14357153059847913,0.14357153058457345,0.14357153057106614,0.14357153058457345,0.14357153059847913,0.14357153060388508,0.14357153059352368,0.14357153058457345,0.14357153059352368,0.14357153060388508,0.14357153061095648,0.14357153060388508,0.14357153059847913,0.14357153060388508,0.14357153061095648,0.14242936428319927,0.1424293642660213,0.14242936425124855,0.1424293642660213,0.14242936428319927,0.1424293642660213,0.1424293642369537,0.14242936420645658,0.1424293642369537,0.1424293642660213,0.14242936425124855,0.14242936420645658,0.14242936414772694,0.14242936420645658,0.14242936425124855,0.1424293642660213,0.1424293642369537,0.14242936420645658,0.1424293642369537,0.1424293642660213,0.14242936428319927,0.1424293642660213,0.14242936425124855,0.1424293642660213,0.1424293642831991,0.14130960259329342,0.14130960255791633,0.14130960252184896,0.14130960255791633,0.14130960259329342,0.14130960255791633,0.14130960248513133,0.14130960238384097,0.14130960248513133,0.14130960255791633,0.14130960252184896,0.14130960238384097,0.14130960209506271,0.14130960238384097,0.14130960252184896,0.14130960255791633,0.14130960248513133,0.14130960238384097,0.14130960248513133,0.14130960255791633,0.14130960259329342,0.14130960255791633,0.14130960252184896,0.14130960255791633,0.14130960259329342,0.1402117467528422,0.14021174670182035,0.14021174663630862,0.14021174670182035,0.1402117467528422,0.14021174670182035,0.14021174656753926,0.1402117462849294,0.14021174656753926,0.14021174670182035,0.14021174663630862,0.1402117462849294,0.14021174468111394,0.1402117462849294,0.14021174663630862,0.14021174670182035,0.14021174656753926,0.1402117462849294,0.14021174656753926,0.14021174670182035,0.1402117467528422,0.14021174670182035,0.14021174663630862,0.14021174670182035,0.1402117467528422,0.13913530729344264,0.13913530727479984,0.1391353072533545,0.13913530727479984,0.13913530729344264,0.13913530727479984,0.1391353072308811,0.13913530716073252,0.1391353072308811,0.13913530727479984,0.1391353072533545,0.13913530716073252,0.13913530693637527,0.13913530716073252,0.1391353072533545,0.13913530727479984,0.1391353072308811,0.13913530716073252,0.1391353072308811,0.13913530727479984,0.13913530729344264,0.13913530727479984,0.1391353072533545,0.13913530727479984,0.13913530729344264,0.1380798040659481,0.13807980408981163,0.138079804116069,0.13807980408981163,0.1380798040659481,0.13807980408981163,0.13807980414326307,0.1380798042251428,0.13807980414326307,0.13807980408981163,0.138079804116069,0.1380798042251428,0.13807980447936324,0.1380798042251428,0.138079804116069,0.13807980408981163,0.13807980414326307,0.1380798042251428,0.13807980414326307,0.13807980408981163,0.1380798040659481,0.13807980408981163,0.138079804116069,0.13807980408981163,0.1380798040659481,0.1370447663783619,0.13704476643688393,0.13704476651070194,0.13704476643688393,0.1370447663783619,0.13704476643688393,0.1370447665878767,0.1370447669015774,0.1370447665878767,0.13704476643688393,0.13704476651070194,0.1370447669015774,0.13704476867073698,0.1370447669015774,0.13704476651070194,0.13704476643688393,0.1370447665878767,0.1370447669015774,0.1370447665878767,0.13704476643688393,0.1370447663783619,0.13704476643688393,0.13704476651070194,0.13704476643688393,0.1370447663783619,0.13602973306442734,0.1360297331072453,0.13602973314983693,0.1360297331072453,0.13602973306442734,0.1360297331072453,0.13602973319284367,0.13602973330911874,0.13602973319284367,0.1360297331072453,0.13602973314983693,0.13602973330911874,0.1360297336352696,0.13602973330911874,0.13602973314983693,0.1360297331072453,0.13602973319284367,0.13602973330911874,0.13602973319284367,0.1360297331072453,0.13602973306442734,0.1360297331072453,0.13602973314983693,0.1360297331072453,0.13602973306442734,0.1350342525771903,0.13503425260442176,0.1350342526270794,0.13503425260442176,0.1350342525771903,0.13503425260442176,0.13503425264869545,0.13503425269297967,0.13503425264869545,0.13503425260442176,0.1350342526270794,0.13503425269297967,0.13503425277410058,0.13503425269297967,0.1350342526270794,0.13503425260442176,0.13503425264869545,0.13503425269297967,0.13503425264869545,0.13503425260442176,0.1350342525771903,0.13503425260442176,0.1350342526270794,0.13503425260442176,0.1350342525771903
0.16533248778836235,0.16533248778836235,0.16533248778836235,0.16533248778836235,0.16533248778836235,0.16533248778836235,0.16533248778836235,0.16533248778836235,0.16533248778836235,0.16533248778836235,0.16533248778836235,0.16533248778836235,0.16533248778836235,0.16533248778836235,0.16533248778836235,0.16533248778836235,0.16533248778836235,0.16533248778836235,0.16533248778836235,0.16533248778836235,0.16533248778836235,0.16533248778836235,0.16533248778836235,0.16533248778836235,0.16533248778836235,0.1637574940695127,0.1637574940695127,0.1637574940695127,0.1637574940695127,0.1637574940695127,0.1637574940695127,0.1637574940695127,0.1637574940695127,0.1637574940695127,0.1637574940695127,0.1637574940695127,0.1637574940695127,0.1637574940695127,0.1637574940695127,0.1637574940695127,0.1637574940695127,0.1637574940695127,0.1637574940695127,0.1637574940695127,0.1637574940695127,0.1637574940695127,0.1637574940695127,0.1637574940695127,0.1637574940695127,0.1637574940695127,0.16221388428256467,0.16221388428256467,0.16221388428256467,0.16221388428256467,0.16221388428256467,0.16221388428256467,0.16221388428256467,0.16221388428256467,0.16221388428256467,0.16221388428256467,0.16221388428256467,0.16221388428256467,0.16221388428256467,0.16221388428256467,0.16221388428256467,0.16221388428256467,0.16221388428256467,0.16221388428256467,0.16221388428256467,0.16221388428256467,0.16221388428256467,0.16221388428256467,0.16221388428256467,0.16221388428256467,0.16221388428256467,0.1607010673845587,0.1607010673845587,0.1607010673845587,0.1607010673845587,0.1607010673845587,0.1607010673845587,0.1607010673845587,0.1607010673845587,0.1607010673845587,0.1607010673845587,0.1607010673845587,0.1607010673845587,0.1607010673845587,0.1607010673845587,0.1607010673845587,0.1607010673845587,0.1607010673845587,0.1607010673845587,0.1607010673845587,0.1607010673845587,0.1607010673845587,0.1607010673845587,0.1607010673845587,0.1607010673845587,0.1607010673845587,0.15921845175047292,0.15921845175047272,0.15921845175047272,0.15921845175047272,0.15921845175047292,0.15921845175047272,0.15921845175047272,0.15921845175047272,0.15921845175047272,0.15921845175047272,0.15921845175047272,0.15921845175047272,0.15921845175047272,0.15921845175047272,0.15921845175047272,0.15921845175047272,0.15921845175047272,0.15921845175047272,0.15921845175047272,0.15921845175047272,0.15921845175047292,0.15921845175047272,0.15921845175047272,0.15921845175047272,0.15921845175047292,0.15776544652507404,0.15776544652507382,0.15776544652507382,0.15776544652507382,0.15776544652507404,0.15776544652507382,0.15776544652507382,0.15776544652507382,0.15776544652507382,0.15776544652507382,0.15776544652507382,0.15776544652507382,0.15776544652507382,0.15776544652507382,0.15776544652507382,0.15776544652507382,0.15776544652507382,0.15776544652507382,0.15776544652507382,0.15776544652507382,0.15776544652507404,0.15776544652507382,0.15776544652507382,0.15776544652507382,0.15776544652507404,0.1563414628372408,0.15634146283724057,0.15634146283724057,0.15634146283724057,0.1563414628372408,0.15634146283724057,0.15634146283724057,0.15634146283724037,0.15634146283724057,0.15634146283724057,0.15634146283724057,0.15634146283724037,0.15634146283724037,0.15634146283724037,0.15634146283724057,0.15634146283724057,0.15634146283724057,0.15634146283724037,0.15634146283724057,0.15634146283724057,0.1563414628372408,0.15634146283724057,0.15634146283724057,0.15634146283724057,0.1563414628372408,0.15494591488702403,0.1549459148870236,0.15494591488702342,0.1549459148870236,0.15494591488702403,0.1549459148870236,0.1549459148870232,0.15494591488702303,0.1549459148870232,0.1549459148870236,0.15494591488702342,0.15494591488702303,0.15494591488702278,0.15494591488702303,0.15494591488702342,0.1549459148870236,0.1549459148870232,0.15494591488702303,0.1549459148870232,0.1549459148870236,0.15494591488702403,0.1549459148870236,0.15494591488702342,0.1549459148870236,0.15494591488702403,0.15357822091515227,0.15357822091515105,0.15357822091515028,0.15357822091515105,0.15357822091515227,0.15357822091515105,0.15357822091514986,0.15357822091514906,0.15357822091514986,0.15357822091515105,0.15357822091515028,0.15357822091514906,0.15357822091514825,0.15357822091514906,0.15357822091515028,0.15357822091515105,0.15357822091514986,0.15357822091514906,0.15357822091514986,0.15357822091515105,0.15357822091515227,0.15357822091515105,0.15357822091515028,0.15357822091515105,0.15357822091515227,0.15223780406413345,0.1522378040641295,0.15223780406412715,0.1522378040641295,0.15223780406413345,0.1522378040641295,0.15223780406412557,0.15223780406412302,0.15223780406412557,0.1522378040641295,0.15223780406412715,0.15223780406412302,0.15223780406412044,0.15223780406412302,0.15223780406412715,0.1522378040641295,0.15223780406412557,0.15223780406412302,0.15223780406412557,0.1522378040641295,0.15223780406413345,0.1522378040641295,0.15223780406412715,0.1522378040641295,0.15223780406413345,0.15092409313956479,0.15092409313955302,0.1509240931395455,0.15092409313955302,0.15092409313956479,0.15092409313955302,0.1509240931395405,0.1509240931395326,0.1509240931395405,0.15092409313955302,0.1509240931395455,0.1509240931395326,0.1509240931395243,0.1509240931395326,0.1509240931395455,0.15092409313955302,0.1509240931395405,0.1509240931395326,0.1509240931395405,0.15092409313955302,0.15092409313956479,0.15092409313955302,0.1509240931395455,0.15092409313955302,0.15092409313956479,0.14963652327972876,0.14963652327969243,0.14963652327966953,0.14963652327969243,0.14963652327972876,0.14963652327969243,0.1496365232796533,0.14963652327962815,0.1496365232796533,0.14963652327969243,0.14963652327966953,0.14963652327962815,0.14963652327960147,0.14963652327962815,0.14963652327966953,0.14963652327969243,0.1496365232796533,0.14963652327962815,0.1496365232796533,0.14963652327969243,0.14963652327972876,0.14963652327969243,0.14963652327966953,0.14963652327969243,0.14963652327972876,0.14837453654104502,0.14837453654093552,0.14837453654086546,0.14837453654093552,0.14837453654104502,0.14837453654093552,0.14837453654081337,0.1483745365407333,0.14837453654081337,0.14837453654093552,0.14837453654086546,0.1483745365407333,0.1483745365406471,0.1483745365407333,0.14837453654086546,0.14837453654093552,0.14837453654081337,0.1483745365407333,0.14837453654081337,0.14837453654093552,0.14837453654104502,0.14837453654093552,0.14837453654086546,0.14837453654093552,0.14837453654104502,0.14713758240647393,0.14713758240614874,0.14713758240593694,0.14713758240614874,0.14713758240647393,0.14713758240614874,0.14713758240577127,0.14713758240551877,0.14713758240577127,0.14713758240614874,0.14713758240593694,0.14713758240551877,0.14713758240523683,0.14713758240551877,0.14713758240593694,0.14713758240614874,0.14713758240577127,0.14713758240551877,0.14713758240577127,0.14713758240614874,0.14713758240647393,0.14713758240614874,0.14713758240593694,0.14713758240614874,0.14713758240647393,0.1459251182235379,0.14592511822259416,0.14592511822196008,0.14592511822259416,0.1459251182235379,0.14592511822259416,0.1459251182214389,0.14592511822062834,0.1459251182214389,0.14592511822259416,0.14592511822196008,0.14592511822062834,0.1459251182196702,0.14592511822062834,0.14592511822196008,0.14592511822259416,0.1459251182214389,0.14592511822062834,0.1459251182214389,0.14592511822259416,0.1459251182235379,0.14592511822259416,0.14592511822196008,0.14592511822259416,0.1459251182235379,0.14473660957831438,0.14473660957566578,0.14473660957379353,0.14473660957566578,0.14473660957831438,0.14473660957566578,0.1447366095721709,0.14473660956951373,0.1447366095721709,0.14473660957566578,0.14473660957379353,0.14473660956951373,0.1447366095660678,0.14473660956951373,0.14473660957379353,0.14473660957566578,0.1447366095721709,0.14473660956951373,0.1447366095721709,0.14473660957566578,0.14473660957831438,0.14473660957566578,0.14473660957379353,0.14473660957566578,0.14473660957831438,0.1435715306116298,0.14357153060458527,0.1435715305992,0.14357153060458527,0.1435715306116298,0.14357153060458527,0.14357153059426359,0.14357153058534755,0.14357153059426359,0.14357153060458527,0.1435715305992,0.14357153058534755,0.1435715305718921,0.14357153058534755,0.1435715305992,0.14357153060458527,0.14357153059426359,0.14357153058534755,0.14357153059426359,0.14357153060458527,0.1435715306116298,0.14357153060458527,0.1435715305992,0.14357153060458527,0.1435715306116298,0.1424293642837812,0.142429364266669,0.1424293642519528,0.142429364266669,0.1424293642837812,0.142429364266669,0.14242936423771266,0.14242936420733227,0.14242936423771266,0.142429364266669,0.1424293642519528,0.14242936420733227,0.1424293641488274,0.14242936420733227,0.1424293642519528,0.142429364266669,0.14242936423771266,0.14242936420733227,0.14242936423771266,0.142429364266669,0.1424293642837812,0.142429364266669,0.1424293642519528,0.142429364266669,0.1424293642837812,0.14130960259364683,0.14130960255840513,0.14130960252247576,0.14130960255840513,0.14130960259364683,0.14130960255840513,0.14130960248589855,0.141309602384996,0.14130960248589855,0.14130960255840513,0.14130960252247576,0.141309602384996,0.141309602097323,0.141309602384996,0.14130960252247576,0.14130960255840513,0.14130960248589855,0.141309602384996,0.14130960248589855,0.14130960255840513,0.14130960259364683,0.14130960255840513,0.14130960252247576,0.14130960255840513,0.14130960259364683,0.1402117467526837,0.14021174670185713,0.14021174663659597,0.14021174670185713,0.1402117467526837,0.14021174670185713,0.1402117465680898,0.1402117462865616,0.1402117465680898,0.14021174670185713,0.14021174663659597,0.1402117462865616,0.14021174468889777,0.1402117462865616,0.14021174663659597,0.14021174670185713,0.1402117465680898,0.1402117462865616,0.1402117465680898,0.14021174670185713,0.1402117467526837,0.14021174670185713,0.14021174663659597,0.14021174670185713,0.1402117467526837,0.13913530729236084,0.13913530727378934,0.13913530725242618,0.13913530727378934,0.13913530729236084,0.13913530727378934,0.1391353072300388,0.1391353071601586,0.1391353072300388,0.13913530727378934,0.13913530725242618,0.1391353071601586,0.13913530693666015,0.1391353071601586,0.13913530725242618,0.13913530727378934,0.1391353072300388,0.1391353071601586,0.1391353072300388,0.13913530727378934,0.13913530729236084,0.13913530727378934,0.13913530725242618,0.13913530727378934,0.13913530729236084,0.13807980406378206,0.13807980408755424,0.13807980411371093,0.13807980408755424,0.13807980406378206,0.13807980408755424,0.138079804140801,0.13807980422236724,0.138079804140801,0.13807980408755424,0.13807980411371093,0.13807980422236724,0.13807980447561463,0.13807980422236724,0.13807980411371093,0.13807980408755424,0.138079804140801,0.13807980422236724,0.138079804140801,0.13807980408755424,0.13807980406378206,0.13807980408755424,0.13807980411371093,0.13807980408755424,0.13807980406378206,0.13704476637528326,0.13704476643358118,0.1370447665071167,0.13704476643358118,0.13704476637528326,0.13704476643358118,0.1370447665839962,0.1370447668964962,0.1370447665839962,0.13704476643358118,0.1370447665071167,0.1370447668964962,0.1370447686588929,0.1370447668964962,0.1370447665071167,0.13704476643358118,0.1370447665839962,0.1370447668964962,0.1370447665839962,0.13704476643358118,0.13704476637528326,0.13704476643358118,0.1370447665071167,0.13704476643358118,0.13704476637528326,0.13602973306088326,0.13602973310353733,0.13602973314596586,0.13602973310353733,0.13602973306088326,0.13602973310353733,0.13602973318880798,0.13602973330463794,0.13602973318880798,0.13602973310353733,0.13602973314596586,0.13602973330463794,0.13602973362954052,0.13602973330463794,0.13602973314596586,0.13602973310353733,0.13602973318880798,0.13602973330463794,0.13602973318880798,0.13602973310353733,0.13602973306088326,0.13602973310353733,0.13602973314596586,0.13602973310353733,0.13602973306088326,0.13503425257350846,0.13503425260063578,0.1350342526232066,0.13503425260063578,0.13503425257350846,0.13503425260063578,0.13503425264473984,0.13503425268885455,0.13503425264473984,0.13503425260063578,0.1350342526232066,0.13503425268885455,0.13503425276966485,0.13503425268885455,0.1350342526232066,0.13503425260063578,0.13503425264473984,0.13503425268885455,0.13503425264473984,0.13503425260063578,0.13503425257350846,0.13503425260063578,0.1350342526232066,0.13503425260063578,0.13503425257350846
0.16533248778931578,0.16533248778931578,0.16533248778931578,0.16533248778931578,0.16533248778931578,0.16533248778931578,0.16533248778931578,0.16533248778931578,0.16533248778931578,0.16533248778931578,0.16533248778931578,0.16533248778931578,0.16533248778931578,0.16533248778931578,0.16533248778931578,0.16533248778931578,0.16533248778931578,0.16533248778931578,0.16533248778931578,0.16533248778931578,0.16533248778931578,0.16533248778931578,0.16533248778931578,0.16533248778931578,0.16533248778931578,0.16375749407044804,0.16375749407044804,0.16375749407044804,0.16375749407044804,0.16375749407044804,0.16375749407044804,0.16375749407044804,0.16375749407044804,0.16375749407044804,0.16375749407044804,0.16375749407044804,0.16375749407044804,0.16375749407044804,0.16375749407044804,0.16375749407044804,0.16375749407044804,0.16375749407044804,0.16375749407044804,0.16375749407044804,0.16375749407044804,0.16375749407044804,0.16375749407044804,0.16375749407044804,0.16375749407044804,0.16375749407044804,0.16221388428348316,0.16221388428348316,0.16221388428348316,0.16221388428348316,0.16221388428348316,0.16221388428348316,0.16221388428348316,0.16221388428348316,0.16221388428348316,0.16221388428348316,0.16221388428348316,0.16221388428348316,0.16221388428348316,0.16221388428348316,0.16221388428348316,0.16221388428348316,0.16221388428348316,0.16221388428348316,0.16221388428348316,0.16221388428348316,0.16221388428348316,0.16221388428348316,0.16221388428348316,0.16221388428348316,0.16221388428348316,0.16070106738546153,0.16070106738546153,0.16070106738546153,0.16070106738546153,0.16070106738546153,0.16070106738546153,0.16070106738546153,0.16070106738546153,0.16070106738546153,0.16070106738546153,0.16070106738546153,0.16070106738546153,0.16070106738546153,0.16070106738546153,0.16070106738546153,0.16070106738546153,0.16070106738546153,0.16070106738546153,0.16070106738546153,0.16070106738546153,0.16070106738546153,0.16070106738546153,0.16070106738546153,0.16070106738546153,0.16070106738546153,0.15921845175136098,0.15921845175136098,0.15921845175136098,0.15921845175136098,0.15921845175136098,0.15921845175136098,0.15921845175136098,0.15921845175136098,0.15921845175136098,0.15921845175136098,0.15921845175136098,0.15921845175136098,0.15921845175136098,0.15921845175136098,0.15921845175136098,0.15921845175136098,0.15921845175136098,0.15921845175136098,0.15921845175136098,0.15921845175136098,0.15921845175136098,0.15921845175136098,0.15921845175136098,0.15921845175136098,0.15921845175136098,0.15776544652594865,0.15776544652594865,0.15776544652594865,0.15776544652594865,0.15776544652594865,0.15776544652594865,0.15776544652594865,0.15776544652594865,0.15776544652594865,0.15776544652594865,0.15776544652594865,0.15776544652594865,0.15776544652594865,0.15776544652594865,0.15776544652594865,0.15776544652594865,0.15776544652594865,0.15776544652594865,0.15776544652594865,0.15776544652594865,0.15776544652594865,0.15776544652594865,0.15776544652594865,0.15776544652594865,0.15776544652594865,0.15634146283810313,0.15634146283810313,0.15634146283810313,0.15634146283810313,0.15634146283810313,0.15634146283810313,0.1563414628381029,0.1563414628381029,0.1563414628381029,0.15634146283810313,0.15634146283810313,0.1563414628381029,0.1563414628381027,0.1563414628381029,0.15634146283810313,0.15634146283810313,0.1563414628381029,0.1563414628381029,0.1563414628381029,0.15634146283810313,0.15634146283810313,0.15634146283810313,0.15634146283810313,0.15634146283810313,0.15634146283810313,0.1549459148878755,0.15494591488787512,0.1549459148878749,0.15494591488787512,0.1549459148878755,0.15494591488787512,0.1549459148878747,0.15494591488787451,0.1549459148878747,0.15494591488787512,0.1549459148878749,0.15494591488787451,0.1549459148878743,0.15494591488787451,0.1549459148878749,0.15494591488787512,0.1549459148878747,0.15494591488787451,0.1549459148878747,0.15494591488787512,0.1549459148878755,0.15494591488787512,0.1549459148878749,0.15494591488787512,0.1549459148878755,0.15357822091599382,0.15357822091599257,0.1535782209159918,0.15357822091599257,0.15357822091599382,0.15357822091599257,0.1535782209159914,0.1535782209159906,0.1535782209159914,0.15357822091599257,0.1535782209159918,0.1535782209159906,0.1535782209159898,0.1535782209159906,0.1535782209159918,0.15357822091599257,0.1535782209159914,0.1535782209159906,0.1535782209159912,0.15357822091599257,0.15357822091599382,0.15357822091599257,0.1535782209159918,0.15357822091599257,0.15357822091599382,0.15223780406496612,0.15223780406496235,0.1522378040649598,0.15223780406496235,0.15223780406496612,0.15223780406496235,0.1522378040649582,0.15223780406495585,0.1522378040649582,0.15223780406496235,0.1522378040649598,0.15223780406495585,0.1522378040649533,0.15223780406495585,0.1522378040649598,0.15223780406496235,0.1522378040649582,0.15223780406495585,0.1522378040649582,0.15223780406496235,0.15223780406496612,0.15223780406496235,0.1522378040649598,0.15223780406496235,0.15223780406496612,0.15092409314038974,0.15092409314037797,0.15092409314037042,0.15092409314037797,0.15092409314038974,0.15092409314037797,0.15092409314036542,0.1509240931403575,0.15092409314036542,0.15092409314037797,0.15092409314037042,0.1509240931403575,0.1509240931403494,0.1509240931403575,0.15092409314037042,0.15092409314037797,0.15092409314036542,0.1509240931403575,0.15092409314036542,0.15092409314037797,0.15092409314038974,0.15092409314037797,0.15092409314037042,0.15092409314037797,0.15092409314038974,0.14963652328054672,0.1496365232805106,0.1496365232804877,0.1496365232805106,0.14963652328054672,0.1496365232805106,0.14963652328047164,0.1496365232804467,0.14963652328047164,0.1496365232805106,0.1496365232804877,0.1496365232804467,0.1496365232804202,0.1496365232804467,0.1496365232804877,0.1496365232805106,0.14963652328047164,0.1496365232804467,0.14963652328047164,0.1496365232805106,0.14963652328054672,0.1496365232805106,0.1496365232804877,0.1496365232805106,0.14963652328054672,0.1483745365418566,0.14837453654174762,0.14837453654167773,0.14837453654174762,0.1483745365418566,0.14837453654174762,0.14837453654162605,0.14837453654154634,0.14837453654162605,0.14837453654174762,0.14837453654167773,0.14837453654154634,0.14837453654146054,0.14837453654154634,0.14837453654167773,0.14837453654174762,0.14837453654162605,0.14837453654154634,0.14837453654162605,0.14837453654174762,0.1483745365418566,0.14837453654174762,0.14837453654167773,0.14837453654174762,0.1483745365418566,0.14713758240727887,0.14713758240695513,0.14713758240674424,0.14713758240695513,0.14713758240727887,0.14713758240695513,0.1471375824065793,0.14713758240632788,0.1471375824065793,0.14713758240695513,0.14713758240674424,0.14713758240632788,0.14713758240604705,0.14713758240632788,0.14713758240674424,0.14713758240695513,0.1471375824065793,0.14713758240632788,0.1471375824065793,0.14713758240695513,0.14713758240727887,0.14713758240695513,0.14713758240674424,0.14713758240695513,0.14713758240727887,0.14592511822433404,0.14592511822339438,0.14592511822276277,0.14592511822339438,0.14592511822433404,0.14592511822339438,0.1459251182222439,0.14592511822143675,0.1459251182222439,0.14592511822339438,0.14592511822276277,0.14592511822143675,0.14592511822048268,0.14592511822143675,0.14592511822276277,0.14592511822339438,0.1459251182222439,0.14592511822143675,0.1459251182222439,0.14592511822339438,0.14592511822433404,0.14592511822339438,0.14592511822276277,0.14592511822339438,0.14592511822433404,0.14473660957909373,0.14473660957645645,0.14473660957459208,0.14473660957645645,0.14473660957909373,0.14473660957645645,0.1447366095729763,0.14473660957033047,0.1447366095729763,0.14473660957645645,0.14473660957459208,0.14473660957033047,0.14473660956689915,0.14473660957033047,0.14473660957459208,0.14473660957645645,0.1447366095729763,0.14473660957033047,0.1447366095729763,0.14473660957645645,0.14473660957909373,0.14473660957645645,0.14473660957459208,0.14473660957645645,0.14473660957909373,0.1435715306123692,0.1435715306053546,0.14357153059999225,0.1435715306053546,0.1435715306123692,0.1435715306053546,0.1435715305950767,0.14357153058619868,0.1435715305950767,0.1435715306053546,0.14357153059999225,0.14357153058619868,0.1435715305728002,0.14357153058619868,0.14357153059999225,0.1435715306053546,0.1435715305950767,0.14357153058619868,0.1435715305950767,0.1435715306053546,0.1435715306123692,0.1435715306053546,0.14357153059999225,0.1435715306053546,0.1435715306123692,0.1424293642844185,0.14242936426737893,0.14242936425272526,0.14242936426737893,0.1424293642844185,0.14242936426737893,0.14242936423854555,0.14242936420829433,0.14242936423854555,0.14242936426737893,0.14242936425272526,0.14242936420829433,0.14242936415003807,0.14242936420829433,0.14242936425272526,0.14242936426737893,0.14242936423854555,0.14242936420829433,0.14242936423854555,0.14242936426737893,0.1424293642844185,0.14242936426737893,0.14242936425272526,0.14242936426737893,0.1424293642844185,0.14130960259403005,0.14130960255893799,0.14130960252316124,0.14130960255893799,0.14130960259403005,0.14130960255893799,0.14130960248673932,0.14130960238626553,0.14130960248673932,0.14130960255893799,0.14130960252316124,0.14130960238626553,0.1413096020998148,0.14130960238626553,0.14130960252316124,0.14130960255893799,0.14130960248673932,0.14130960238626553,0.14130960248673932,0.14130960255893799,0.14130960259403005,0.14130960255893799,0.14130960252316124,0.14130960255893799,0.14130960259403005,0.14021174675249956,0.14021174670188888,0.14021174663690492,0.14021174670188888,0.14021174675249956,0.14021174670188888,0.1402117465686898,0.14021174628835764,0.1402117465686898,0.14021174670188888,0.14021174663690492,0.14021174628835764,0.14021174469745917,0.14021174628835764,0.14021174663690492,0.14021174670188888,0.1402117465686898,0.14021174628835764,0.1402117465686898,0.14021174670188888,0.14021174675249956,0.14021174670188888,0.14021174663690492,0.14021174670188888,0.14021174675249956,0.13913530729115475,0.13913530727266216,0.13913530725138978,0.13913530727266216,0.13913530729115475,0.13913530727266216,0.1391353072290976,0.1391353071595143,0.1391353072290976,0.13913530727266216,0.13913530725138978,0.1391353071595143,0.1391353069369652,0.1391353071595143,0.13913530725138978,0.13913530727266216,0.1391353072290976,0.1391353071595143,0.1391353072290976,0.13913530727266216,0.13913530729115475,0.13913530727266216,0.13913530725138978,0.13913530727266216,0.13913530729115475,0.13807980406137596,0.1380798040850472,0.13807980411109277,0.1380798040850472,0.13807980406137596,0.1380798040850472,0.1380798041380678,0.13807980421928748,0.1380798041380678,0.1380798040850472,0.13807980411109277,0.13807980421928748,0.1380798044714589,0.13807980421928748,0.13807980411109277,0.1380798040850472,0.1380798041380678,0.13807980421928748,0.1380798041380678,0.1380798040850472,0.13807980406137596,0.1380798040850472,0.13807980411109277,0.1380798040850472,0.13807980406137596,0.13704476637186766,0.13704476642991792,0.13704476650314099,0.13704476642991792,0.13704476637186766,0.13704476642991792,0.13704476657969378,0.13704476689086617,0.13704476657969378,0.13704476642991792,0.13704476650314099,0.13704476689086617,0.13704476864575404,0.13704476689086617,0.13704476650314099,0.13704476642991792,0.13704476657969378,0.13704476689086617,0.13704476657969378,0.13704476642991792,0.13704476637186766,0.13704476642991792,0.13704476650314099,0.13704476642991792,0.13704476637186766,0.13602973305695248,0.13602973309942543,0.1360297331416737,0.13602973309942543,0.13602973305695248,0.13602973309942543,0.13602973318433376,0.13602973329967152,0.13602973318433376,0.13602973309942543,0.1360297331416737,0.13602973329967152,0.1360297336231938,0.13602973329967152,0.1360297331416737,0.13602973309942543,0.13602973318433376,0.13602973329967152,0.13602973318433376,0.13602973309942543,0.13602973305695248,0.13602973309942543,0.1360297331416737,0.13602973309942543,0.13602973305695248,0.13503425256942547,0.1350342525964374,0.13503425261891241,0.1350342525964374,0.13503425256942547,0.1350342525964374,0.13503425264035412,0.13503425268428138,0.13503425264035412,0.1350342525964374,0.13503425261891241,0.13503425268428138,0.1350342527647483,0.13503425268428138,0.13503425261891241,0.1350342525964374,0.13503425264035412,0.13503425268428138,0.13503425264035412,0.1350342525964374,0.13503425256942547,0.1350342525964374,0.13503425261891241,0.1350342525964374,0.13503425256942547
0.1653324877903699,0.1653324877903699,0.1653324877903699,0.1653324877903699,0.1653324877903699,0.1653324877903699,0.1653324877903699,0.1653324877903699,0.1653324877903699,0.1653324877903699,0.1653324877903699,0.1653324877903699,0.1653324877903699,0.1653324877903699,0.1653324877903699,0.1653324877903699,0.1653324877903699,0.1653324877903699,0.1653324877903699,0.1653324877903699,0.1653324877903699,0.1653324877903699,0.1653324877903699,0.1653324877903699,0.1653324877903699,0.16375749407148238,0.16375749407148238,0.16375749407148238,0.16375749407148238,0.16375749407148238,0.16375749407148238,0.16375749407148238,0.16375749407148238,0.16375749407148238,0.16375749407148238,0.16375749407148238,0.16375749407148238,0.16375749407148238,0.16375749407148238,0.16375749407148238,0.16375749407148238,0.16375749407148238,0.16375749407148238,0.16375749407148238,0.16375749407148238,0.16375749407148238,0.16375749407148238,0.16375749407148238,0.16375749407148238,0.16375749407148238,0.16221388428449846,0.16221388428449846,0.16221388428449846,0.16221388428449846,0.16221388428449846,0.16221388428449846,0.16221388428449846,0.16221388428449846,0.16221388428449846,0.16221388428449846,0.16221388428449846,0.16221388428449846,0.16221388428449846,0.16221388428449823,0.16221388428449846,0.16221388428449846,0.16221388428449846,0.16221388428449823,0.16221388428449823,0.16221388428449846,0.16221388428449846,0.16221388428449846,0.16221388428449846,0.16221388428449846,0.16221388428449846,0.16070106738645878,0.16070106738645878,0.16070106738645878,0.16070106738645878,0.16070106738645878,0.16070106738645878,0.16070106738645878,0.16070106738645878,0.16070106738645878,0.16070106738645878,0.16070106738645878,0.16070106738645878,0.16070106738645878,0.16070106738645878,0.16070106738645878,0.16070106738645878,0.16070106738645878,0.16070106738645878,0.16070106738645878,0.16070106738645878,0.16070106738645878,0.16070106738645878,0.16070106738645878,0.16070106738645878,0.16070106738645878,0.1592184517523416,0.1592184517523416,0.1592184517523416,0.1592184517523416,0.1592184517523416,0.1592184517523416,0.1592184517523416,0.15921845175234137,0.1592184517523416,0.1592184517523416,0.1592184517523416,0.15921845175234137,0.15921845175234137,0.15921845175234137,0.1592184517523416,0.1592184517523416,0.1592184517523416,0.15921845175234137,0.1592184517523416,0.1592184517523416,0.1592184517523416,0.1592184517523416,0.1592184517523416,0.1592184517523416,0.1592184517523416,0.1577654465269137,0.1577654465269137,0.15776544652691352,0.1577654465269137,0.1577654465269137,0.1577654465269137,0.15776544652691352,0.15776544652691352,0.15776544652691352,0.1577654465269137,0.15776544652691352,0.15776544652691352,0.15776544652691352,0.15776544652691352,0.15776544652691352,0.1577654465269137,0.15776544652691352,0.15776544652691352,0.15776544652691352,0.1577654465269137,0.1577654465269137,0.1577654465269137,0.15776544652691352,0.1577654465269137,0.1577654465269137,0.15634146283905395,0.15634146283905373,0.15634146283905373,0.15634146283905373,0.15634146283905395,0.15634146283905373,0.15634146283905354,0.15634146283905354,0.15634146283905354,0.15634146283905373,0.15634146283905373,0.15634146283905354,0.15634146283905354,0.15634146283905354,0.15634146283905373,0.15634146283905373,0.15634146283905354,0.15634146283905354,0.15634146283905354,0.15634146283905373,0.15634146283905395,0.15634146283905373,0.15634146283905373,0.15634146283905373,0.15634146283905395,0.1549459148888131,0.15494591488881268,0.15494591488881249,0.15494591488881268,0.1549459148888131,0.15494591488881268,0.15494591488881226,0.15494591488881207,0.15494591488881226,0.15494591488881268,0.15494591488881249,0.15494591488881207,0.15494591488881185,0.15494591488881207,0.15494591488881249,0.15494591488881268,0.15494591488881226,0.15494591488881207,0.15494591488881226,0.15494591488881268,0.1549459148888131,0.15494591488881268,0.15494591488881249,0.15494591488881268,0.1549459148888131,0.15357822091691947,0.15357822091691828,0.1535782209169175,0.15357822091691828,0.15357822091691947,0.15357822091691828,0.1535782209169169,0.1535782209169161,0.1535782209169169,0.15357822091691828,0.1535782209169175,0.1535782209169161,0.15357822091691528,0.1535782209169161,0.1535782209169175,0.15357822091691828,0.1535782209169169,0.1535782209169161,0.1535782209169169,0.15357822091691828,0.15357822091691947,0.15357822091691828,0.1535782209169175,0.15357822091691828,0.15357822091691947,0.152237804065881,0.15223780406587725,0.15223780406587492,0.15223780406587725,0.152237804065881,0.15223780406587725,0.1522378040658733,0.15223780406587076,0.1522378040658733,0.15223780406587725,0.15223780406587492,0.15223780406587076,0.1522378040658682,0.15223780406587076,0.15223780406587492,0.15223780406587725,0.1522378040658733,0.15223780406587076,0.1522378040658733,0.15223780406587725,0.152237804065881,0.15223780406587725,0.15223780406587492,0.15223780406587725,0.152237804065881,0.1509240931412949,0.15092409314128313,0.1509240931412758,0.15092409314128313,0.1509240931412949,0.15092409314128313,0.15092409314127078,0.15092409314126307,0.15092409314127078,0.15092409314128313,0.1509240931412758,0.15092409314126307,0.15092409314125477,0.15092409314126307,0.1509240931412758,0.15092409314128313,0.15092409314127078,0.15092409314126307,0.15092409314127078,0.15092409314128313,0.1509240931412949,0.15092409314128313,0.1509240931412758,0.15092409314128313,0.1509240931412949,0.14963652328144317,0.14963652328140725,0.14963652328138455,0.14963652328140725,0.14963652328144317,0.14963652328140725,0.14963652328136845,0.1496365232813437,0.14963652328136845,0.14963652328140725,0.14963652328138455,0.1496365232813437,0.1496365232813174,0.1496365232813437,0.14963652328138455,0.14963652328140725,0.14963652328136845,0.1496365232813437,0.14963652328136845,0.14963652328140725,0.14963652328144317,0.14963652328140725,0.14963652328138455,0.14963652328140725,0.14963652328144317,0.14837453654274488,0.14837453654263627,0.14837453654256696,0.14837453654263627,0.14837453654274488,0.14837453654263627,0.14837453654251542,0.14837453654243613,0.14837453654251542,0.14837453654263627,0.14837453654256696,0.14837453654243613,0.14837453654235086,0.14837453654243613,0.14837453654256696,0.14837453654263627,0.14837453654251542,0.14837453654243613,0.14837453654251542,0.14837453654263627,0.14837453654274488,0.14837453654263627,0.14837453654256696,0.14837453654263627,0.14837453654274488,0.14713758240815863,0.14713758240783617,0.14713758240762637,0.14713758240783617,0.14713758240815863,0.14713758240783617,0.14713758240746216,0.14713758240721198,0.14713758240746216,0.14713758240783617,0.14713758240762637,0.14713758240721198,0.14713758240693245,0.14713758240721198,0.14713758240762637,0.14713758240783617,0.14713758240746216,0.14713758240721198,0.14713758240746216,0.14713758240783617,0.14713758240815863,0.14713758240783617,0.14713758240762637,0.14713758240783617,0.14713758240815863,0.14592511822520263,0.14592511822426726,0.14592511822363868,0.14592511822426726,0.14592511822520263,0.14592511822426726,0.14592511822312232,0.1459251182223187,0.14592511822312232,0.14592511822426726,0.14592511822363868,0.1459251182223187,0.14592511822136908,0.1459251182223187,0.14592511822363868,0.14592511822426726,0.14592511822312232,0.1459251182223187,0.14592511822312232,0.14592511822426726,0.14592511822520263,0.14592511822426726,0.14592511822363868,0.14592511822426726,0.14592511822520263,0.14473660957994258,0.14473660957731752,0.1447366095754619,0.14473660957731752,0.14473660957994258,0.14473660957731752,0.1447366095738536,0.14473660957122014,0.1447366095738536,0.14473660957731752,0.1447366095754619,0.14473660957122014,0.14473660956780474,0.14473660957122014,0.1447366095754619,0.14473660957731752,0.1447366095738536,0.14473660957122014,0.1447366095738536,0.14473660957731752,0.14473660957994258,0.14473660957731752,0.1447366095754619,0.14473660957731752,0.14473660957994258,0.14357153061317293,0.14357153060619118,0.14357153060085381,0.14357153060619118,0.14357153061317293,0.14357153060619118,0.1435715305959612,0.14357153058712457,0.1435715305959612,0.14357153060619118,0.14357153060085381,0.14357153058712457,0.1435715305737887,0.14357153058712457,0.14357153060085381,0.14357153060619118,0.1435715305959612,0.14357153058712457,0.1435715305959612,0.14357153060619118,0.14357153061317293,0.14357153060619118,0.14357153060085381,0.14357153060619118,0.14357153061317293,0.14242936428510913,0.14242936426814906,0.14242936425356387,0.14242936426814906,0.14242936428510913,0.14242936426814906,0.1424293642394502,0.14242936420934024,0.1424293642394502,0.14242936426814906,0.14242936425356387,0.14242936420934024,0.14242936415135593,0.14242936420934024,0.14242936425356387,0.14242936426814906,0.1424293642394502,0.14242936420934024,0.1424293642394502,0.14242936426814906,0.14242936428510913,0.14242936426814906,0.14242936425356387,0.14242936426814906,0.14242936428510913,0.14130960259444156,0.14130960255951347,0.14130960252390365,0.14130960255951347,0.14130960259444156,0.14130960255951347,0.1413096024876516,0.1413096023876467,0.1413096024876516,0.14130960255951347,0.14130960252390365,0.1413096023876467,0.14130960210253307,0.1413096023876467,0.14130960252390365,0.14130960255951347,0.1413096024876516,0.1413096023876467,0.1413096024876516,0.14130960255951347,0.14130960259444156,0.14130960255951347,0.14130960252390365,0.14130960255951347,0.14130960259444156,0.14021174675228942,0.140211746701915,0.14021174663723437,0.140211746701915,0.14021174675228942,0.140211746701915,0.14021174656933755,0.1402117462903138,0.14021174656933755,0.140211746701915,0.14021174663723437,0.1402117462903138,0.1402117447068346,0.1402117462903138,0.14021174663723437,0.140211746701915,0.14021174656933755,0.1402117462903138,0.14021174656933755,0.140211746701915,0.14021174675228942,0.140211746701915,0.14021174663723437,0.140211746701915,0.14021174675228942,0.13913530728982582,0.13913530727141954,0.13913530725024648,0.13913530727141954,0.13913530728982582,0.13913530727141954,0.13913530722805814,0.13913530715879963,0.13913530722805814,0.13913530727141954,0.13913530725024648,0.13913530715879963,0.13913530693728945,0.13913530715879963,0.13913530725024648,0.13913530727141954,0.13913530722805814,0.13913530715879963,0.13913530722805814,0.13913530727141954,0.13913530728982582,0.13913530727141954,0.13913530725024648,0.13913530727141954,0.13913530728982582,0.13807980405873357,0.13807980408229445,0.13807980410821846,0.13807980408229445,0.13807980405873357,0.13807980408229445,0.13807980413506746,0.13807980421590807,0.13807980413506746,0.13807980408229445,0.13807980410821846,0.13807980421590807,0.13807980446690238,0.13807980421590807,0.13807980410821846,0.13807980408229445,0.13807980413506746,0.13807980421590807,0.13807980413506746,0.13807980408229445,0.13807980405873357,0.13807980408229445,0.13807980410821846,0.13807980408229445,0.13807980405873357,0.13704476636812016,0.13704476642589963,0.13704476649878092,0.13704476642589963,0.13704476636812016,0.13704476642589963,0.1370447665749764,0.13704476688469638,0.1370447665749764,0.13704476642589963,0.13704476649878092,0.13704476688469638,0.137044768631403,0.13704476688469638,0.13704476649878092,0.13704476642589963,0.1370447665749764,0.13704476688469638,0.1370447665749764,0.13704476642589963,0.13704476636812016,0.13704476642589963,0.13704476649878092,0.13704476642589963,0.13704476636812016,0.13602973305264138,0.13602973309491603,0.13602973313696698,0.13602973309491603,0.13602973305264138,0.13602973309491603,0.136029733179428,0.13602973329422732,0.136029733179428,0.13602973309491603,0.13602973313696698,0.13602973329422732,0.13602973361623946,0.13602973329422732,0.13602973313696698,0.13602973309491603,0.136029733179428,0.13602973329422732,0.136029733179428,0.13602973309491603,0.13602973305264138,0.13602973309491603,0.13602973313696698,0.13602973309491603,0.13602973305264138,0.1350342525649475,0.13503425259183335,0.1350342526142034,0.13503425259183335,0.1350342525649475,0.13503425259183335,0.13503425263554505,0.13503425267926714,0.13503425263554505,0.13503425259183335,0.1350342526142034,0.13503425267926714,0.13503425275935851,0.13503425267926714,0.1350342526142034,0.13503425259183335,0.13503425263554505,0.13503425267926714,0.13503425263554505,0.13503425259183335,0.1350342525649475,0.13503425259183335,0.1350342526142034,0.13503425259183335,0.1350342525649475
0.16533248779152104,0.16533248779152104,0.16533248779152104,0.16533248779152104,0.16533248779152104,0.16533248779152104,0.16533248779152104,0.16533248779152104,0.16533248779152104,0.16533248779152104,0.16533248779152104,0.16533248779152104,0.16533248779152104,0.16533248779152104,0.16533248779152104,0.16533248779152104,0.16533248779152104,0.16533248779152104,0.16533248779152104,0.16533248779152104,0.16533248779152104,0.16533248779152104,0.16533248779152104,0.16533248779152104,0.16533248779152104,0.16375749407261128,0.16375749407261128,0.16375749407261128,0.16375749407261128,0.16375749407261128,0.16375749407261128,0.16375749407261128,0.16375749407261128,0.16375749407261128,0.16375749407261128,0.16375749407261128,0.16375749407261128,0.16375749407261128,0.16375749407261128,0.16375749407261128,0.16375749407261128,0.16375749407261128,0.16375749407261128,0.16375749407261128,0.16375749407261128,0.16375749407261128,0.16375749407261128,0.16375749407261128,0.16375749407261128,0.16375749407261128,0.16221388428560646,0.16221388428560646,0.16221388428560646,0.16221388428560646,0.16221388428560646,0.16221388428560646,0.16221388428560646,0.16221388428560646,0.16221388428560646,0.16221388428560646,0.16221388428560646,0.16221388428560646,0.16221388428560646,0.16221388428560646,0.16221388428560646,0.16221388428560646,0.16221388428560646,0.16221388428560646,0.16221388428560646,0.16221388428560646,0.16221388428560646,0.16221388428560646,0.16221388428560646,0.16221388428560646,0.16221388428560646,0.1607010673875471,0.1607010673875471,0.1607010673875471,0.1607010673875471,0.1607010673875471,0.1607010673875471,0.1607010673875471,0.1607010673875471,0.1607010673875471,0.1607010673875471,0.1607010673875471,0.1607010673875471,0.1607010673875471,0.1607010673875471,0.1607010673875471,0.1607010673875471,0.1607010673875471,0.1607010673875471,0.1607010673875471,0.1607010673875471,0.1607010673875471,0.1607010673875471,0.1607010673875471,0.1607010673875471,0.1607010673875471,0.15921845175341146,0.15921845175341146,0.15921845175341146,0.15921845175341146,0.15921845175341146,0.15921845175341146,0.15921845175341146,0.15921845175341146,0.15921845175341146,0.15921845175341146,0.15921845175341146,0.15921845175341146,0.15921845175341146,0.15921845175341146,0.15921845175341146,0.15921845175341146,0.15921845175341146,0.15921845175341146,0.15921845175341146,0.15921845175341146,0.15921845175341146,0.15921845175341146,0.15921845175341146,0.15921845175341146,0.15921845175341146,0.15776544652796648,0.15776544652796648,0.15776544652796648,0.15776544652796648,0.15776544652796648,0.15776544652796648,0.15776544652796648,0.15776544652796626,0.15776544652796648,0.15776544652796648,0.15776544652796648,0.15776544652796626,0.15776544652796626,0.15776544652796626,0.15776544652796648,0.15776544652796648,0.15776544652796648,0.15776544652796626,0.15776544652796648,0.15776544652796648,0.15776544652796648,0.15776544652796648,0.15776544652796648,0.15776544652796648,0.15776544652796648,0.1563414628400907,0.1563414628400905,0.1563414628400905,0.1563414628400905,0.1563414628400907,0.1563414628400905,0.15634146284009026,0.15634146284009026,0.15634146284009026,0.1563414628400905,0.1563414628400905,0.15634146284009026,0.15634146284009026,0.15634146284009026,0.1563414628400905,0.1563414628400905,0.15634146284009026,0.15634146284009026,0.15634146284009026,0.1563414628400905,0.1563414628400907,0.1563414628400905,0.1563414628400905,0.1563414628400905,0.1563414628400907,0.15494591488983508,0.15494591488983467,0.15494591488983428,0.15494591488983467,0.15494591488983508,0.15494591488983467,0.15494591488983428,0.15494591488983386,0.15494591488983428,0.15494591488983467,0.15494591488983428,0.15494591488983386,0.15494591488983367,0.15494591488983386,0.15494591488983428,0.15494591488983467,0.15494591488983428,0.15494591488983386,0.15494591488983428,0.15494591488983467,0.15494591488983508,0.15494591488983467,0.15494591488983428,0.15494591488983467,0.15494591488983508,0.15357822091792772,0.1535782209179265,0.15357822091792572,0.1535782209179265,0.15357822091792772,0.1535782209179265,0.1535782209179253,0.1535782209179245,0.1535782209179253,0.1535782209179265,0.15357822091792572,0.1535782209179245,0.1535782209179237,0.1535782209179245,0.15357822091792572,0.1535782209179265,0.1535782209179253,0.1535782209179245,0.1535782209179253,0.1535782209179265,0.15357822091792772,0.1535782209179265,0.15357822091792572,0.1535782209179265,0.15357822091792772,0.15223780406687681,0.15223780406687307,0.1522378040668707,0.15223780406687307,0.15223780406687681,0.15223780406687307,0.15223780406686915,0.15223780406686657,0.15223780406686915,0.15223780406687307,0.1522378040668707,0.15223780406686657,0.1522378040668642,0.15223780406686657,0.1522378040668707,0.15223780406687307,0.15223780406686915,0.15223780406686657,0.15223780406686915,0.15223780406687307,0.15223780406687681,0.15223780406687307,0.1522378040668707,0.15223780406687307,0.15223780406687681,0.15092409314227936,0.1509240931422676,0.15092409314226027,0.1509240931422676,0.15092409314227936,0.1509240931422676,0.15092409314225524,0.15092409314224753,0.15092409314225524,0.1509240931422676,0.15092409314226027,0.15092409314224753,0.15092409314223962,0.15092409314224753,0.15092409314226027,0.1509240931422676,0.15092409314225524,0.15092409314224753,0.15092409314225524,0.1509240931422676,0.15092409314227936,0.1509240931422676,0.15092409314226027,0.1509240931422676,0.15092409314227936,0.1496365232824171,0.1496365232823814,0.1496365232823589,0.1496365232823814,0.1496365232824171,0.1496365232823814,0.14963652328234284,0.14963652328231825,0.14963652328234284,0.1496365232823814,0.1496365232823589,0.14963652328231825,0.14963652328229216,0.14963652328231825,0.1496365232823589,0.1496365232823814,0.14963652328234284,0.14963652328231825,0.14963652328234284,0.1496365232823814,0.1496365232824171,0.1496365232823814,0.1496365232823589,0.1496365232823814,0.1496365232824171,0.14837453654370877,0.1483745365436009,0.1483745365435318,0.1483745365436009,0.14837453654370877,0.1483745365436009,0.1483745365434808,0.14837453654340205,0.1483745365434808,0.1483745365436009,0.1483745365435318,0.14837453654340205,0.148374536543317,0.14837453654340205,0.1483745365435318,0.1483745365436009,0.1483745365434808,0.14837453654340205,0.1483745365434808,0.1483745365436009,0.14837453654370877,0.1483745365436009,0.1483745365435318,0.1483745365436009,0.14837453654370877,0.14713758240911212,0.14713758240879152,0.1471375824085828,0.14713758240879152,0.14713758240911212,0.14713758240879152,0.14713758240841945,0.14713758240817043,0.14713758240841945,0.14713758240879152,0.1471375824085828,0.14713758240817043,0.1471375824078925,0.14713758240817043,0.1471375824085828,0.14713758240879152,0.14713758240841945,0.14713758240817043,0.14713758240841945,0.14713758240879152,0.14713758240911212,0.14713758240879152,0.1471375824085828,0.14713758240879152,0.14713758240911212,0.14592511822614318,0.1459251182252126,0.14592511822458723,0.1459251182252126,0.14592511822614318,0.1459251182252126,0.14592511822407353,0.14592511822327403,0.14592511822407353,0.1459251182252126,0.14592511822458723,0.14592511822327403,0.1459251182223292,0.14592511822327403,0.14592511822458723,0.1459251182252126,0.14592511822407353,0.14592511822327403,0.14592511822407353,0.1459251182252126,0.14592511822614318,0.1459251182252126,0.14592511822458723,0.1459251182252126,0.14592511822614318,0.1447366095808607,0.1447366095782491,0.14473660957640286,0.1447366095782491,0.1447366095808607,0.1447366095782491,0.14473660957480278,0.14473660957218262,0.14473660957480278,0.1447366095782491,0.14473660957640286,0.14473660957218262,0.14473660956878465,0.14473660957218262,0.14473660957640286,0.1447366095782491,0.14473660957480278,0.14473660957218262,0.14473660957480278,0.1447366095782489,0.1447366095808607,0.1447366095782491,0.14473660957640286,0.1447366095782489,0.1447366095808607,0.14357153061404132,0.143571530607095,0.14357153060178468,0.143571530607095,0.14357153061404132,0.143571530607095,0.14357153059691702,0.14357153058812525,0.14357153059691702,0.143571530607095,0.14357153060178468,0.14357153058812525,0.14357153057485714,0.14357153058812525,0.14357153060178468,0.143571530607095,0.14357153059691702,0.14357153058812525,0.14357153059691702,0.143571530607095,0.14357153061404132,0.143571530607095,0.14357153060178468,0.143571530607095,0.14357153061404132,0.14242936428585362,0.14242936426897979,0.14242936425446873,0.14242936426897979,0.14242936428585362,0.14242936426897979,0.14242936424042688,0.14242936421047006,0.14242936424042688,0.14242936426897979,0.14242936425446873,0.14242936421047006,0.14242936415278049,0.14242936421047006,0.14242936425446873,0.14242936426897979,0.14242936424042688,0.14242936421047006,0.14242936424042688,0.14242936426897979,0.14242936428585362,0.14242936426897979,0.14242936425446873,0.14242936426897979,0.14242936428585362,0.14130960259488232,0.1413096025601317,0.14130960252470312,0.1413096025601317,0.14130960259488232,0.1413096025601317,0.14130960248863528,0.1413096023891389,0.14130960248863528,0.1413096025601317,0.14130960252470312,0.1413096023891389,0.14130960210547522,0.1413096023891389,0.14130960252470312,0.1413096025601317,0.14130960248863528,0.1413096023891389,0.14130960248863528,0.1413096025601317,0.14130960259488232,0.1413096025601317,0.14130960252470312,0.1413096025601317,0.14130960259488232,0.1402117467520551,0.1402117467019366,0.1402117466375851,0.1402117467019366,0.1402117467520551,0.1402117467019366,0.14021174657003338,0.14021174629242847,0.14021174657003338,0.1402117467019366,0.1402117466375851,0.14021174629242847,0.14021174471699385,0.14021174629242847,0.1402117466375851,0.1402117467019366,0.14021174657003338,0.14021174629242847,0.14021174657003338,0.1402117467019366,0.1402117467520551,0.1402117467019366,0.1402117466375851,0.1402117467019366,0.1402117467520551,0.13913530728837736,0.13913530727006468,0.13913530724899914,0.13913530727006468,0.13913530728837736,0.13913530727006468,0.13913530722692372,0.13913530715801728,0.13913530722692372,0.13913530727006468,0.13913530724899914,0.13913530715801728,0.13913530693763349,0.13913530715801728,0.13913530724899914,0.13913530727006468,0.13913530722692372,0.13913530715801728,0.13913530722692372,0.13913530727006468,0.13913530728837736,0.13913530727006468,0.13913530724899914,0.13913530727006468,0.13913530728837736,0.13807980405586007,0.13807980407930107,0.1380798041050933,0.13807980407930107,0.13807980405586007,0.13807980407930107,0.13807980413180568,0.13807980421223529,0.13807980413180568,0.13807980407930107,0.1380798041050933,0.13807980421223529,0.1380798044619533,0.13807980421223529,0.1380798041050933,0.13807980407930107,0.13807980413180568,0.13807980421223529,0.13807980413180568,0.13807980407930107,0.13807980405586007,0.13807980407930107,0.1380798041050933,0.13807980407930107,0.13807980405586007,0.13704476636404797,0.13704476642153351,0.13704476649404415,0.13704476642153351,0.13704476636404797,0.13704476642153351,0.1370447665698522,0.1370447668779972,0.1370447665698522,0.13704476642153351,0.13704476649404415,0.1370447668779972,0.13704476861583562,0.1370447668779972,0.13704476649404415,0.13704476642153351,0.1370447665698522,0.1370447668779972,0.1370447665698522,0.13704476642153351,0.13704476636404797,0.13704476642153351,0.13704476649404415,0.13704476642153351,0.13704476636404797,0.13602973304795735,0.13602973309001698,0.1360297331318541,0.13602973309001698,0.13602973304795735,0.13602973309001698,0.13602973317409922,0.1360297332883148,0.13602973317409922,0.13602973309001698,0.1360297331318541,0.1360297332883148,0.1360297336086893,0.1360297332883148,0.1360297331318541,0.13602973309001698,0.13602973317409922,0.1360297332883148,0.13602973317409922,0.13602973309001698,0.13602973304795735,0.13602973309001698,0.1360297331318541,0.13602973309001698,0.13602973304795735,0.13503425256008253,0.13503425258683155,0.13503425260908794,0.13503425258683155,0.13503425256008253,0.13503425258683155,0.1350342526303211,0.13503425267382077,0.1350342526303211,0.13503425258683155,0.13503425260908794,0.13503425267382077,0.1350342527535049,0.13503425267382077,0.13503425260908794,0.13503425258683155,0.1350342526303211,0.13503425267382077,0.1350342526303211,0.13503425258683155,0.13503425256008253,0.13503425258683155,0.13503425260908794,0.13503425258683155,0.13503425256008253
0.16533248779276757,0.16533248779276757,0.16533248779276757,0.16533248779276757,0.16533248779276757,0.16533248779276757,0.16533248779276757,0.16533248779276757,0.16533248779276757,0.16533248779276757,0.16533248779276757,0.16533248779276757,0.16533248779276757,0.16533248779276757,0.16533248779276757,0.16533248779276757,0.16533248779276757,0.16533248779276757,0.16533248779276757,0.16533248779276757,0.16533248779276757,0.16533248779276757,0.16533248779276757,0.16533248779276757,0.16533248779276757,0.16375749407383386,0.16375749407383386,0.16375749407383386,0.16375749407383386,0.16375749407383386,0.16375749407383386,0.16375749407383386,0.16375749407383386,0.16375749407383386,0.16375749407383386,0.16375749407383386,0.16375749407383386,0.16375749407383386,0.16375749407383386,0.16375749407383386,0.16375749407383386,0.16375749407383386,0.16375749407383386,0.16375749407383386,0.16375749407383386,0.16375749407383386,0.16375749407383386,0.16375749407383386,0.16375749407383386,0.16375749407383386,0.16221388428680647,0.16221388428680647,0.16221388428680647,0.16221388428680647,0.16221388428680647,0.16221388428680647,0.16221388428680647,0.16221388428680647,0.16221388428680647,0.16221388428680647,0.16221388428680647,0.16221388428680647,0.16221388428680647,0.16221388428680647,0.16221388428680647,0.16221388428680647,0.16221388428680647,0.16221388428680647,0.16221388428680647,0.16221388428680647,0.16221388428680647,0.16221388428680647,0.16221388428680647,0.16221388428680647,0.16221388428680647,0.1607010673887256,0.1607010673887256,0.1607010673887256,0.1607010673887256,0.1607010673887256,0.1607010673887256,0.1607010673887256,0.1607010673887256,0.1607010673887256,0.1607010673887256,0.1607010673887256,0.1607010673887256,0.1607010673887256,0.1607010673887256,0.1607010673887256,0.1607010673887256,0.1607010673887256,0.1607010673887256,0.1607010673887256,0.1607010673887256,0.1607010673887256,0.1607010673887256,0.1607010673887256,0.1607010673887256,0.1607010673887256,0.1592184517545697,0.1592184517545697,0.1592184517545697,0.1592184517545697,0.1592184517545697,0.1592184517545697,0.1592184517545697,0.1592184517545697,0.1592184517545697,0.1592184517545697,0.1592184517545697,0.1592184517545697,0.1592184517545697,0.1592184517545697,0.1592184517545697,0.1592184517545697,0.1592184517545697,0.1592184517545697,0.1592184517545697,0.1592184517545697,0.1592184517545697,0.1592184517545697,0.1592184517545697,0.1592184517545697,0.1592184517545697,0.15776544652910543,0.15776544652910543,0.15776544652910543,0.15776544652910543,0.15776544652910543,0.15776544652910543,0.15776544652910543,0.15776544652910543,0.15776544652910543,0.15776544652910543,0.15776544652910543,0.15776544652910543,0.15776544652910543,0.15776544652910543,0.15776544652910543,0.15776544652910543,0.15776544652910543,0.15776544652910543,0.15776544652910543,0.15776544652910543,0.15776544652910543,0.15776544652910543,0.15776544652910543,0.15776544652910543,0.15776544652910543,0.15634146284121192,0.15634146284121173,0.15634146284121173,0.15634146284121173,0.15634146284121192,0.15634146284121173,0.15634146284121153,0.15634146284121153,0.15634146284121153,0.15634146284121173,0.15634146284121173,0.15634146284121153,0.15634146284121153,0.15634146284121153,0.15634146284121173,0.15634146284121173,0.15634146284121153,0.15634146284121153,0.15634146284121153,0.15634146284121173,0.15634146284121192,0.15634146284121173,0.15634146284121173,0.15634146284121173,0.15634146284121192,0.15494591489093967,0.15494591489093926,0.15494591489093906,0.15494591489093926,0.15494591489093967,0.15494591489093926,0.15494591489093884,0.15494591489093865,0.15494591489093884,0.15494591489093926,0.15494591489093906,0.15494591489093865,0.15494591489093842,0.15494591489093865,0.15494591489093906,0.15494591489093926,0.15494591489093884,0.15494591489093865,0.15494591489093884,0.15494591489093926,0.15494591489093967,0.15494591489093926,0.15494591489093906,0.15494591489093926,0.15494591489093967,0.1535782209190171,0.15357822091901588,0.1535782209190151,0.15357822091901588,0.1535782209190171,0.15357822091901588,0.15357822091901446,0.15357822091901388,0.15357822091901446,0.15357822091901588,0.1535782209190151,0.15357822091901388,0.15357822091901308,0.15357822091901388,0.1535782209190151,0.15357822091901588,0.15357822091901446,0.15357822091901388,0.15357822091901446,0.15357822091901588,0.1535782209190171,0.15357822091901588,0.1535782209190151,0.15357822091901588,0.1535782209190171,0.15223780406795193,0.1522378040679482,0.15223780406794585,0.1522378040679482,0.15223780406795193,0.1522378040679482,0.15223780406794427,0.1522378040679417,0.15223780406794427,0.1522378040679482,0.15223780406794585,0.1522378040679417,0.15223780406793935,0.1522378040679417,0.15223780406794585,0.1522378040679482,0.15223780406794427,0.1522378040679417,0.15223780406794427,0.1522378040679482,0.15223780406795193,0.1522378040679482,0.15223780406794585,0.1522378040679482,0.15223780406795193,0.1509240931433414,0.1509240931433298,0.1509240931433225,0.1509240931433298,0.1509240931433414,0.1509240931433298,0.15092409314331748,0.15092409314330976,0.15092409314331748,0.1509240931433298,0.1509240931433225,0.15092409314330976,0.15092409314330185,0.15092409314330976,0.1509240931433225,0.1509240931433298,0.15092409314331748,0.15092409314330976,0.15092409314331748,0.1509240931433298,0.1509240931433414,0.1509240931433298,0.1509240931433225,0.1509240931433298,0.1509240931433414,0.14963652328346694,0.14963652328343138,0.14963652328340887,0.14963652328343138,0.14963652328346694,0.14963652328343138,0.1496365232833932,0.1496365232833688,0.1496365232833932,0.14963652328343138,0.14963652328340887,0.1496365232833688,0.14963652328334287,0.1496365232833688,0.14963652328340887,0.14963652328343138,0.1496365232833932,0.1496365232833688,0.1496365232833932,0.14963652328343138,0.14963652328346694,0.14963652328343138,0.14963652328340887,0.14963652328343138,0.14963652328346694,0.148374536544747,0.1483745365446397,0.1483745365445711,0.1483745365446397,0.148374536544747,0.1483745365446397,0.14837453654452032,0.14837453654444194,0.14837453654452032,0.1483745365446397,0.1483745365445711,0.14837453654444194,0.14837453654435742,0.14837453654444194,0.1483745365445711,0.1483745365446397,0.14837453654452032,0.14837453654444194,0.14837453654452032,0.1483745365446397,0.148374536544747,0.1483745365446397,0.1483745365445711,0.1483745365446397,0.148374536544747,0.14713758241013833,0.1471375824098195,0.1471375824096119,0.1471375824098195,0.14713758241013833,0.1471375824098195,0.14713758240944946,0.14713758240920188,0.14713758240944946,0.1471375824098195,0.1471375824096119,0.14713758240920188,0.1471375824089254,0.14713758240920188,0.1471375824096119,0.1471375824098195,0.14713758240944946,0.14713758240920188,0.14713758240944946,0.1471375824098195,0.14713758241013833,0.1471375824098195,0.1471375824096119,0.1471375824098195,0.14713758241013833,0.1459251182271542,0.1459251182262288,0.14592511822560683,0.1459251182262288,0.1459251182271542,0.1459251182262288,0.14592511822509596,0.1459251182243009,0.14592511822509596,0.1459251182262288,0.14592511822560683,0.1459251182243009,0.14592511822336143,0.1459251182243009,0.14592511822560683,0.1459251182262288,0.14592511822509596,0.1459251182243009,0.14592511822509596,0.1459251182262288,0.1459251182271542,0.1459251182262288,0.14592511822560683,0.1459251182262288,0.1459251182271542,0.14473660958184673,0.14473660957924928,0.14473660957741336,0.14473660957924928,0.14473660958184673,0.14473660957924928,0.14473660957582196,0.1447366095732163,0.14473660957582196,0.14473660957924928,0.14473660957741336,0.1447366095732163,0.14473660956983703,0.1447366095732163,0.14473660957741336,0.14473660957924928,0.14473660957582196,0.1447366095732163,0.14473660957582196,0.14473660957924928,0.14473660958184673,0.14473660957924928,0.14473660957741336,0.14473660957924928,0.14473660958184673,0.14357153061497252,0.14357153060806435,0.1435715306027833,0.14357153060806435,0.14357153061497252,0.14357153060806435,0.14357153059794234,0.14357153058919894,0.14357153059794234,0.14357153060806435,0.1435715306027833,0.14357153058919894,0.14357153057600397,0.14357153058919894,0.1435715306027833,0.14357153060806435,0.14357153059794234,0.14357153058919894,0.14357153059794234,0.14357153060806435,0.14357153061497252,0.14357153060806435,0.1435715306027833,0.14357153060806435,0.14357153061497252,0.1424293642866506,0.1424293642698697,0.14242936425543834,0.1424293642698697,0.1424293642866506,0.1424293642698697,0.14242936424147382,0.14242936421168156,0.14242936424147382,0.1424293642698697,0.14242936425543834,0.14242936421168156,0.14242936415430954,0.14242936421168156,0.14242936425543834,0.1424293642698697,0.14242936424147382,0.14242936421168156,0.14242936424147382,0.1424293642698697,0.1424293642866506,0.1424293642698697,0.14242936425543834,0.1424293642698697,0.1424293642866506,0.14130960259535152,0.141309602560792,0.14130960252555816,0.141309602560792,0.14130960259535152,0.141309602560792,0.14130960248968866,0.1413096023907398,0.14130960248968866,0.141309602560792,0.14130960252555816,0.1413096023907398,0.14130960210863674,0.1413096023907398,0.14130960252555816,0.141309602560792,0.14130960248968866,0.1413096023907398,0.14130960248968866,0.141309602560792,0.14130960259535152,0.141309602560792,0.14130960252555816,0.141309602560792,0.14130960259535152,0.14021174675179648,0.14021174670195388,0.14021174663795613,0.14021174670195388,0.14021174675179648,0.14021174670195388,0.14021174657077612,0.14021174629469843,0.14021174657077612,0.14021174670195388,0.14021174663795613,0.14021174629469843,0.14021174472794984,0.14021174629469843,0.14021174663795613,0.14021174670195388,0.14021174657077612,0.14021174629469843,0.14021174657077612,0.14021174670195388,0.14021174675179648,0.14021174670195388,0.14021174663795613,0.14021174670195388,0.14021174675179648,0.13913530728681095,0.139135307268599,0.13913530724764947,0.139135307268599,0.13913530728681095,0.139135307268599,0.13913530722569548,0.1391353071571682,0.13913530722569548,0.139135307268599,0.13913530724764947,0.1391353071571682,0.13913530693799683,0.1391353071571682,0.13913530724764947,0.139135307268599,0.13913530722569548,0.1391353071571682,0.13913530722569548,0.139135307268599,0.13913530728681095,0.139135307268599,0.13913530724764947,0.139135307268599,0.13913530728681095,0.13807980405275938,0.13807980407607123,0.1380798041017216,0.13807980407607123,0.13807980405275938,0.13807980407607123,0.13807980412828716,0.13807980420827412,0.13807980412828716,0.13807980407607123,0.1380798041017216,0.13807980420827412,0.13807980445661835,0.13807980420827412,0.1380798041017216,0.13807980407607123,0.13807980412828716,0.13807980420827412,0.13807980412828716,0.13807980407607123,0.13807980405275938,0.13807980407607123,0.1380798041017216,0.13807980407607123,0.13807980405275938,0.13704476635965626,0.13704476641682545,0.13704476648893724,0.13704476641682545,0.13704476635965626,0.13704476641682545,0.13704476656432815,0.13704476687077788,0.13704476656432815,0.13704476641682545,0.13704476648893724,0.13704476687077788,0.13704476859906195,0.13704476687077788,0.13704476648893724,0.13704476641682545,0.13704476656432815,0.13704476687077788,0.13704476656432815,0.13704476641682545,0.13704476635965626,0.13704476641682545,0.13704476648893724,0.13704476641682545,0.13704476635965626,0.13602973304290683,0.136029733084735,0.13602973312634212,0.136029733084735,0.13602973304290683,0.136029733084735,0.13602973316835473,0.13602973328194187,0.13602973316835473,0.136029733084735,0.13602973312634212,0.13602973328194187,0.13602973360055393,0.13602973328194187,0.13602973312634212,0.136029733084735,0.13602973316835473,0.13602973328194187,0.13602973316835473,0.136029733084735,0.13602973304290683,0.136029733084735,0.13602973312634212,0.136029733084735,0.13602973304290683,0.13503425255483725,0.13503425258143914,0.135034252603573,0.13503425258143914,0.13503425255483725,0.13503425258143914,0.13503425262468932,0.13503425266794972,0.13503425262468932,0.13503425258143914,0.135034252603573,0.13503425266794972,0.13503425274719538,0.13503425266794972,0.135034252603573,0.13503425258143914,0.13503425262468932,0.13503425266794972,0.13503425262468932,0.13503425258143914,0.13503425255483725,0.13503425258143914,0.135034252603573,0.13503425258143914,0.13503425255483725
0.16533248779410845,0.16533248779410845,0.16533248779410845,0.16533248779410845,0.16533248779410845,0.16533248779410845,0.16533248779410845,0.16533248779410845,0.16533248779410845,0.16533248779410845,0.16533248779410845,0.16533248779410845,0.16533248779410845,0.16533248779410845,0.16533248779410845,0.16533248779410845,0.16533248779410845,0.16533248779410845,0.16533248779410845,0.16533248779410845,0.16533248779410845,0.16533248779410845,0.16533248779410845,0.16533248779410845,0.16533248779410845,0.163757494075149,0.163757494075149,0.163757494075149,0.163757494075149,0.163757494075149,0.163757494075149,0.163757494075149,0.163757494075149,0.163757494075149,0.163757494075149,0.163757494075149,0.163757494075149,0.163757494075149,0.163757494075149,0.163757494075149,0.163757494075149,0.163757494075149,0.163757494075149,0.163757494075149,0.163757494075149,0.163757494075149,0.163757494075149,0.163757494075149,0.163757494075149,0.163757494075149,0.16221388428809694,0.16221388428809694,0.16221388428809694,0.16221388428809694,0.16221388428809694,0.16221388428809694,0.16221388428809694,0.16221388428809694,0.16221388428809694,0.16221388428809694,0.16221388428809694,0.16221388428809694,0.16221388428809694,0.16221388428809694,0.16221388428809694,0.16221388428809694,0.16221388428809694,0.16221388428809694,0.16221388428809694,0.16221388428809694,0.16221388428809694,0.16221388428809694,0.16221388428809694,0.16221388428809694,0.16221388428809694,0.1607010673899928,0.1607010673899928,0.1607010673899928,0.1607010673899928,0.1607010673899928,0.1607010673899928,0.1607010673899928,0.1607010673899928,0.1607010673899928,0.1607010673899928,0.1607010673899928,0.1607010673899928,0.1607010673899928,0.1607010673899928,0.1607010673899928,0.1607010673899928,0.1607010673899928,0.1607010673899928,0.1607010673899928,0.1607010673899928,0.1607010673899928,0.1607010673899928,0.1607010673899928,0.1607010673899928,0.1607010673899928,0.15921845175581462,0.15921845175581462,0.15921845175581462,0.15921845175581462,0.15921845175581462,0.15921845175581462,0.15921845175581462,0.15921845175581462,0.15921845175581462,0.15921845175581462,0.15921845175581462,0.15921845175581462,0.15921845175581462,0.15921845175581462,0.15921845175581462,0.15921845175581462,0.15921845175581462,0.15921845175581462,0.15921845175581462,0.15921845175581462,0.15921845175581462,0.15921845175581462,0.15921845175581462,0.15921845175581462,0.15921845175581462,0.15776544653032953,0.15776544653032953,0.15776544653032953,0.15776544653032953,0.15776544653032953,0.15776544653032953,0.15776544653032953,0.15776544653032953,0.15776544653032953,0.15776544653032953,0.15776544653032953,0.15776544653032953,0.15776544653032953,0.15776544653032953,0.15776544653032953,0.15776544653032953,0.15776544653032953,0.15776544653032953,0.15776544653032953,0.15776544653032953,0.15776544653032953,0.15776544653032953,0.15776544653032953,0.15776544653032953,0.15776544653032953,0.15634146284241637,0.15634146284241615,0.15634146284241615,0.15634146284241615,0.15634146284241637,0.15634146284241615,0.15634146284241615,0.15634146284241596,0.15634146284241615,0.15634146284241615,0.15634146284241615,0.15634146284241596,0.15634146284241596,0.15634146284241596,0.15634146284241615,0.15634146284241615,0.15634146284241615,0.15634146284241596,0.15634146284241615,0.15634146284241615,0.15634146284241637,0.15634146284241615,0.15634146284241615,0.15634146284241615,0.15634146284241637,0.1549459148921258,0.1549459148921254,0.15494591489212522,0.1549459148921254,0.1549459148921258,0.1549459148921254,0.154945914892125,0.1549459148921248,0.154945914892125,0.1549459148921254,0.15494591489212522,0.1549459148921248,0.1549459148921246,0.1549459148921248,0.15494591489212522,0.1549459148921254,0.154945914892125,0.1549459148921248,0.154945914892125,0.1549459148921254,0.1549459148921258,0.1549459148921254,0.15494591489212522,0.1549459148921254,0.1549459148921258,0.153578220920186,0.1535782209201848,0.1535782209201842,0.1535782209201848,0.153578220920186,0.1535782209201848,0.15357822092018358,0.1535782209201828,0.15357822092018358,0.1535782209201848,0.1535782209201842,0.1535782209201828,0.153578220920182,0.1535782209201828,0.1535782209201842,0.1535782209201848,0.15357822092018358,0.1535782209201828,0.15357822092018358,0.1535782209201848,0.153578220920186,0.1535782209201848,0.1535782209201842,0.1535782209201848,0.153578220920186,0.15223780406910503,0.15223780406910128,0.15223780406909893,0.15223780406910128,0.15223780406910503,0.15223780406910128,0.15223780406909737,0.15223780406909498,0.15223780406909737,0.15223780406910128,0.15223780406909893,0.15223780406909498,0.15223780406909243,0.15223780406909498,0.15223780406909893,0.15223780406910128,0.15223780406909737,0.15223780406909498,0.15223780406909737,0.15223780406910128,0.15223780406910503,0.15223780406910128,0.15223780406909893,0.15223780406910128,0.15223780406910503,0.15092409314447963,0.15092409314446806,0.1509240931444609,0.15092409314446806,0.15092409314447963,0.15092409314446806,0.1509240931444559,0.15092409314444838,0.1509240931444559,0.15092409314446806,0.1509240931444609,0.15092409314444838,0.15092409314444044,0.15092409314444838,0.1509240931444609,0.15092409314446806,0.1509240931444559,0.15092409314444838,0.1509240931444559,0.15092409314446806,0.15092409314447963,0.15092409314446806,0.1509240931444609,0.15092409314446806,0.15092409314447963,0.1496365232845914,0.14963652328455604,0.14963652328453372,0.14963652328455604,0.1496365232845914,0.14963652328455604,0.14963652328451804,0.14963652328449384,0.14963652328451804,0.14963652328455604,0.14963652328453372,0.14963652328449384,0.1496365232844681,0.14963652328449384,0.14963652328453372,0.14963652328455604,0.14963652328451804,0.14963652328449384,0.14963652328451804,0.14963652328455604,0.1496365232845914,0.14963652328455604,0.14963652328453372,0.14963652328455604,0.1496365232845914,0.14837453654585822,0.1483745365457515,0.1483745365456833,0.1483745365457515,0.14837453654585822,0.1483745365457515,0.14837453654563287,0.1483745365455552,0.14837453654563287,0.1483745365457515,0.1483745365456833,0.1483745365455552,0.14837453654547106,0.1483745365455552,0.1483745365456833,0.1483745365457515,0.14837453654563287,0.1483745365455552,0.14837453654563287,0.1483745365457515,0.14837453654585822,0.1483745365457515,0.1483745365456833,0.1483745365457515,0.14837453654585822,0.14713758241123573,0.1471375824109187,0.14713758241071234,0.1471375824109187,0.14713758241123573,0.1471375824109187,0.14713758241055103,0.1471375824103049,0.14713758241055103,0.1471375824109187,0.14713758241071234,0.1471375824103049,0.14713758241003005,0.1471375824103049,0.14713758241071234,0.1471375824109187,0.14713758241055103,0.1471375824103049,0.14713758241055103,0.1471375824109187,0.14713758241123573,0.1471375824109187,0.14713758241071234,0.1471375824109187,0.14713758241123573,0.1459251182282345,0.14592511822731466,0.1459251182266964,0.14592511822731466,0.1459251182282345,0.14592511822731466,0.1459251182261884,0.14592511822539814,0.1459251182261884,0.14592511822731466,0.1459251182266964,0.14592511822539814,0.1459251182244642,0.14592511822539814,0.1459251182266964,0.14592511822731466,0.1459251182261884,0.14592511822539814,0.1459251182261884,0.14592511822731466,0.1459251182282345,0.14592511822731466,0.1459251182266964,0.14592511822731466,0.1459251182282345,0.1447366095828991,0.14473660958031717,0.14473660957849205,0.14473660958031717,0.1447366095828991,0.14473660958031717,0.14473660957691012,0.1447366095743198,0.14473660957691012,0.14473660958031717,0.14473660957849205,0.1447366095743198,0.1447366095709606,0.1447366095743198,0.14473660957849205,0.14473660958031717,0.14473660957691012,0.1447366095743198,0.14473660957691012,0.14473660958031717,0.1447366095828991,0.14473660958031717,0.14473660957849205,0.14473660958031717,0.1447366095828991,0.14357153061596548,0.1435715306090982,0.14357153060384847,0.1435715306090982,0.14357153061596548,0.1435715306090982,0.1435715305990361,0.14357153059034442,0.1435715305990361,0.1435715306090982,0.14357153060384847,0.14357153059034442,0.1435715305772274,0.14357153059034442,0.14357153060384847,0.1435715306090982,0.1435715305990361,0.14357153059034442,0.1435715305990361,0.1435715306090982,0.14357153061596548,0.1435715306090982,0.14357153060384847,0.1435715306090982,0.14357153061596548,0.14242936428749908,0.14242936427081734,0.14242936425647154,0.14242936427081734,0.14242936428749908,0.14242936427081734,0.14242936424258953,0.14242936421297378,0.14242936424258953,0.14242936427081734,0.14242936425647154,0.14242936421297378,0.1424293641559411,0.14242936421297378,0.14242936425647154,0.14242936427081734,0.14242936424258953,0.14242936421297378,0.14242936424258953,0.14242936427081734,0.14242936428749908,0.14242936427081734,0.14242936425647154,0.14242936427081734,0.14242936428749908,0.1413096025958482,0.14130960256149327,0.141309602526468,0.14130960256149327,0.1413096025958482,0.14130960256149327,0.14130960249081068,0.14130960239244747,0.14130960249081068,0.14130960256149327,0.141309602526468,0.14130960239244747,0.1413096021120137,0.14130960239244747,0.141309602526468,0.14130960256149327,0.14130960249081068,0.14130960239244747,0.14130960249081068,0.14130960256149327,0.1413096025958482,0.14130960256149327,0.141309602526468,0.14130960256149327,0.1413096025958482,0.14021174675151413,0.14021174670196626,0.1402117466383475,0.14021174670196626,0.14021174675151413,0.14021174670196626,0.14021174657156496,0.14021174629712094,0.14021174657156496,0.14021174670196626,0.1402117466383475,0.14021174629712094,0.14021174473962844,0.14021174629712094,0.1402117466383475,0.14021174670196626,0.14021174657156496,0.14021174629712094,0.14021174657156496,0.14021174670196626,0.14021174675151413,0.14021174670196626,0.1402117466383475,0.14021174670196626,0.14021174675151413,0.13913530728512893,0.13913530726702483,0.13913530724619913,0.13913530726702483,0.13913530728512893,0.13913530726702483,0.1391353072243751,0.13913530715625338,0.1391353072243751,0.13913530726702483,0.13913530724619913,0.13913530715625338,0.139135306938379,0.13913530715625338,0.13913530724619913,0.13913530726702483,0.1391353072243751,0.13913530715625338,0.1391353072243751,0.13913530726702483,0.13913530728512893,0.13913530726702483,0.13913530724619913,0.13913530726702483,0.13913530728512893,0.13807980404943515,0.1380798040726092,0.13807980409810758,0.1380798040726092,0.13807980404943515,0.1380798040726092,0.13807980412451593,0.13807980420402968,0.13807980412451593,0.1380798040726092,0.13807980409810758,0.13807980420402968,0.13807980445090415,0.13807980420402968,0.13807980409810758,0.1380798040726092,0.13807980412451593,0.13807980420402968,0.13807980412451593,0.1380798040726092,0.13807980404943515,0.1380798040726092,0.13807980409810758,0.1380798040726092,0.13807980404943515,0.13704476635495064,0.13704476641178168,0.13704476648346672,0.13704476641178168,0.13704476635495064,0.13704476641178168,0.1370447665584115,0.1370447668630477,0.1370447665584115,0.13704476641178168,0.13704476648346672,0.1370447668630477,0.1370447685811024,0.1370447668630477,0.13704476648346672,0.13704476641178168,0.1370447665584115,0.1370447668630477,0.1370447665584115,0.13704476641178168,0.13704476635495064,0.13704476641178168,0.13704476648346672,0.13704476641178168,0.13704476635495064,0.13602973303749635,0.13602973307907704,0.13602973312043778,0.13602973307907704,0.13602973303749635,0.13602973307907704,0.13602973316220188,0.13602973327511683,0.13602973316220188,0.13602973307907704,0.13602973312043778,0.13602973327511683,0.13602973359184325,0.13602973327511683,0.13602973312043778,0.13602973307907704,0.13602973316220188,0.13602973327511683,0.13602973316220188,0.13602973307907704,0.13602973303749635,0.13602973307907704,0.13602973312043778,0.13602973307907704,0.13602973303749635,0.13503425254921833,0.13503425257566284,0.13503425259766566,0.13503425257566284,0.13503425254921833,0.13503425257566284,0.13503425261865706,0.13503425266166144,0.13503425261865706,0.13503425257566284,0.13503425259766566,0.13503425266166144,0.13503425274043815,0.13503425266166144,0.13503425259766566,0.13503425257566284,0.13503425261865706,0.13503425266166144,0.13503425261865706,0.13503425257566284,0.13503425254921833,0.13503425257566284,0.13503425259766566,0.13503425257566284,0.13503425254921833
0.16533248779554183,0.16533248779554183,0.16533248779554183,0.16533248779554183,0.16533248779554183,0.16533248779554183,0.16533248779554183,0.16533248779554183,0.16533248779554183,0.16533248779554183,0.16533248779554183,0.16533248779554183,0.16533248779554183,0.16533248779554183,0.16533248779554183,0.16533248779554183,0.16533248779554183,0.16533248779554183,0.16533248779554183,0.16533248779554183,0.16533248779554183,0.16533248779554183,0.16533248779554183,0.16533248779554183,0.16533248779554183,0.16375749407655477,0.16375749407655477,0.16375749407655477,0.16375749407655477,0.16375749407655477,0.16375749407655477,0.16375749407655477,0.16375749407655477,0.16375749407655477,0.16375749407655477,0.16375749407655477,0.16375749407655477,0.16375749407655477,0.16375749407655477,0.16375749407655477,0.16375749407655477,0.16375749407655477,0.16375749407655477,0.16375749407655477,0.16375749407655477,0.16375749407655477,0.16375749407655477,0.16375749407655477,0.16375749407655477,0.16375749407655477,0.16221388428947628,0.16221388428947628,0.16221388428947628,0.16221388428947628,0.16221388428947628,0.16221388428947628,0.16221388428947628,0.16221388428947628,0.16221388428947628,0.16221388428947628,0.16221388428947628,0.16221388428947628,0.16221388428947628,0.16221388428947628,0.16221388428947628,0.16221388428947628,0.16221388428947628,0.16221388428947628,0.16221388428947628,0.16221388428947628,0.16221388428947628,0.16221388428947628,0.16221388428947628,0.16221388428947628,0.16221388428947628,0.16070106739134682,0.16070106739134682,0.16070106739134682,0.16070106739134682,0.16070106739134682,0.16070106739134682,0.16070106739134682,0.16070106739134682,0.16070106739134682,0.16070106739134682,0.16070106739134682,0.16070106739134682,0.16070106739134682,0.16070106739134682,0.16070106739134682,0.16070106739134682,0.16070106739134682,0.16070106739134682,0.16070106739134682,0.16070106739134682,0.16070106739134682,0.16070106739134682,0.16070106739134682,0.16070106739134682,0.16070106739134682,0.15921845175714486,0.15921845175714486,0.15921845175714486,0.15921845175714486,0.15921845175714486,0.15921845175714486,0.15921845175714486,0.15921845175714486,0.15921845175714486,0.15921845175714486,0.15921845175714486,0.15921845175714486,0.15921845175714486,0.15921845175714486,0.15921845175714486,0.15921845175714486,0.15921845175714486,0.15921845175714486,0.15921845175714486,0.15921845175714486,0.15921845175714486,0.15921845175714486,0.15921845175714486,0.15921845175714486,0.15921845175714486,0.15776544653163727,0.15776544653163704,0.15776544653163704,0.15776544653163704,0.15776544653163727,0.15776544653163704,0.15776544653163704,0.15776544653163704,0.15776544653163704,0.15776544653163704,0.15776544653163704,0.15776544653163704,0.15776544653163704,0.15776544653163704,0.15776544653163704,0.15776544653163704,0.15776544653163704,0.15776544653163704,0.15776544653163704,0.15776544653163704,0.15776544653163727,0.15776544653163704,0.15776544653163704,0.15776544653163704,0.15776544653163727,0.15634146284370262,0.15634146284370237,0.15634146284370237,0.15634146284370237,0.15634146284370262,0.15634146284370237,0.15634146284370237,0.15634146284370218,0.15634146284370237,0.15634146284370237,0.15634146284370237,0.15634146284370218,0.15634146284370218,0.15634146284370218,0.15634146284370237,0.15634146284370237,0.15634146284370237,0.15634146284370218,0.15634146284370237,0.15634146284370237,0.15634146284370262,0.15634146284370237,0.15634146284370237,0.15634146284370237,0.15634146284370262,0.15494591489339188,0.15494591489339146,0.15494591489339127,0.15494591489339146,0.15494591489339188,0.15494591489339146,0.15494591489339107,0.15494591489339085,0.15494591489339107,0.15494591489339146,0.15494591489339127,0.15494591489339085,0.15494591489339066,0.15494591489339085,0.15494591489339127,0.15494591489339146,0.15494591489339107,0.15494591489339085,0.15494591489339107,0.15494591489339146,0.15494591489339188,0.15494591489339146,0.15494591489339127,0.15494591489339146,0.15494591489339188,0.15357822092143344,0.15357822092143222,0.15357822092143142,0.15357822092143222,0.15357822092143344,0.15357822092143222,0.15357822092143103,0.15357822092143023,0.15357822092143103,0.15357822092143222,0.15357822092143142,0.15357822092143023,0.15357822092142942,0.15357822092143023,0.15357822092143142,0.15357822092143222,0.15357822092143103,0.15357822092143023,0.15357822092143103,0.15357822092143222,0.15357822092143344,0.15357822092143222,0.15357822092143142,0.15357822092143222,0.15357822092143344,0.1522378040703347,0.15223780407033094,0.15223780407032877,0.15223780407033094,0.1522378040703347,0.15223780407033094,0.1522378040703272,0.15223780407032483,0.1522378040703272,0.15223780407033094,0.15223780407032877,0.15223780407032483,0.15223780407032228,0.15223780407032483,0.15223780407032877,0.15223780407033094,0.1522378040703272,0.15223780407032483,0.1522378040703272,0.15223780407033094,0.1522378040703347,0.15223780407033094,0.15223780407032877,0.15223780407033094,0.1522378040703347,0.15092409314569288,0.15092409314568153,0.15092409314567418,0.15092409314568153,0.15092409314569288,0.15092409314568153,0.15092409314566935,0.15092409314566185,0.15092409314566935,0.15092409314568153,0.15092409314567418,0.15092409314566185,0.15092409314565394,0.15092409314566185,0.15092409314567418,0.15092409314568153,0.15092409314566935,0.15092409314566185,0.15092409314566935,0.15092409314568153,0.15092409314569288,0.15092409314568153,0.15092409314567418,0.15092409314568153,0.15092409314569288,0.14963652328578905,0.14963652328575408,0.14963652328573196,0.14963652328575408,0.14963652328578905,0.14963652328575408,0.14963652328571628,0.14963652328569224,0.14963652328571628,0.14963652328575408,0.14963652328573196,0.14963652328569224,0.14963652328566693,0.14963652328569224,0.14963652328573196,0.14963652328575408,0.14963652328571628,0.14963652328569224,0.14963652328571628,0.14963652328575408,0.14963652328578905,0.14963652328575408,0.14963652328573196,0.14963652328575408,0.14963652328578905,0.1483745365470408,0.148374536546935,0.14837453654686716,0.148374536546935,0.1483745365470408,0.148374536546935,0.14837453654681712,0.14837453654674004,0.14837453654681712,0.148374536546935,0.14837453654686716,0.14837453654674004,0.14837453654665644,0.14837453654674004,0.14837453654686716,0.148374536546935,0.14837453654681712,0.14837453654674004,0.14837453654681712,0.148374536546935,0.1483745365470408,0.148374536546935,0.14837453654686716,0.148374536546935,0.1483745365470408,0.14713758241240285,0.14713758241208805,0.14713758241188296,0.14713758241208805,0.14713758241240285,0.14713758241208805,0.14713758241172273,0.14713758241147804,0.14713758241172273,0.14713758241208805,0.14713758241188296,0.14713758241147804,0.1471375824112048,0.14713758241147804,0.14713758241188296,0.14713758241208805,0.14713758241172273,0.14713758241147804,0.14713758241172273,0.14713758241208805,0.14713758241240285,0.14713758241208805,0.14713758241188296,0.14713758241208805,0.14713758241240285,0.14592511822938267,0.1459251182284687,0.14592511822785434,0.1459251182284687,0.14592511822938267,0.1459251182284687,0.14592511822734971,0.14592511822656445,0.14592511822734971,0.1459251182284687,0.14592511822785434,0.14592511822656445,0.14592511822563622,0.14592511822656445,0.14592511822785434,0.1459251182284687,0.14592511822734971,0.14592511822656445,0.14592511822734971,0.1459251182284687,0.14592511822938267,0.1459251182284687,0.14592511822785434,0.1459251182284687,0.14592511822938267,0.14473660958401674,0.14473660958145118,0.14473660957963763,0.14473660958145118,0.14473660958401674,0.14473660958145118,0.1447366095780658,0.14473660957549173,0.1447366095780658,0.14473660958145118,0.14473660957963763,0.14473660957549173,0.14473660957215378,0.14473660957549173,0.14473660957963763,0.14473660958145118,0.1447366095780658,0.14473660957549173,0.1447366095780658,0.14473660958145118,0.14473660958401674,0.14473660958145118,0.14473660957963763,0.14473660958145118,0.14473660958401674,0.14357153061701902,0.1435715306101952,0.14357153060497868,0.1435715306101952,0.14357153061701902,0.1435715306101952,0.14357153060019676,0.14357153059156033,0.14357153060019676,0.1435715306101952,0.14357153060497868,0.14357153059156033,0.1435715305785263,0.14357153059156033,0.14357153060497868,0.1435715306101952,0.14357153060019676,0.14357153059156033,0.14357153060019676,0.1435715306101952,0.14357153061701902,0.1435715306101952,0.14357153060497868,0.1435715306101952,0.14357153061701902,0.14242936428839809,0.142429364271822,0.14242936425756694,0.142429364271822,0.14242936428839809,0.142429364271822,0.14242936424377287,0.14242936421434463,0.14242936424377287,0.142429364271822,0.14242936425756694,0.14242936421434463,0.14242936415767332,0.14242936421434463,0.14242936425756694,0.142429364271822,0.14242936424377287,0.14242936421434463,0.14242936424377287,0.142429364271822,0.14242936428839809,0.142429364271822,0.14242936425756694,0.142429364271822,0.14242936428839809,0.14130960259637237,0.14130960256223485,0.14130960252743144,0.14130960256223485,0.1413096025963722,0.14130960256223485,0.14130960249199975,0.14130960239425971,0.14130960249199975,0.14130960256223485,0.14130960252743144,0.14130960239425971,0.14130960211560237,0.14130960239425971,0.14130960252743144,0.14130960256223485,0.14130960249199975,0.14130960239425971,0.14130960249199975,0.14130960256223485,0.1413096025963722,0.14130960256223485,0.14130960252743144,0.14130960256223485,0.14130960259637237,0.14021174675120823,0.14021174670197434,0.14021174663875838,0.14021174670197434,0.14021174675120823,0.14021174670197434,0.1402117465723988,0.14021174629969307,0.1402117465723988,0.14021174670197434,0.14021174663875838,0.14021174629969307,0.14021174475206602,0.14021174629969307,0.14021174663875838,0.14021174670197434,0.1402117465723988,0.14021174629969307,0.1402117465723988,0.14021174670197434,0.14021174675120823,0.14021174670197434,0.14021174663875838,0.14021174670197434,0.14021174675120823,0.1391353072833333,0.13913530726534362,0.13913530724464993,0.13913530726534362,0.1391353072833333,0.13913530726534362,0.1391353072229641,0.13913530715527386,0.1391353072229641,0.13913530726534362,0.13913530724464993,0.13913530715527386,0.13913530693877968,0.13913530715527386,0.13913530724464993,0.13913530726534362,0.1391353072229641,0.13913530715527386,0.1391353072229641,0.13913530726534362,0.1391353072833333,0.13913530726534362,0.13913530724464993,0.13913530726534362,0.1391353072833333,0.1380798040458915,0.1380798040689187,0.13807980409425574,0.1380798040689187,0.1380798040458915,0.1380798040689187,0.1380798041204968,0.13807980419950683,0.1380798041204968,0.1380798040689187,0.13807980409425574,0.13807980419950683,0.13807980444481735,0.13807980419950683,0.13807980409425574,0.1380798040689187,0.1380798041204968,0.13807980419950683,0.1380798041204968,0.1380798040689187,0.1380798040458915,0.1380798040689187,0.13807980409425574,0.1380798040689187,0.1380798040458915,0.13704476634993681,0.1370447664064078,0.13704476647763875,0.1370447664064078,0.13704476634993681,0.1370447664064078,0.13704476655210884,0.13704476685481534,0.13704476655210884,0.1370447664064078,0.13704476647763875,0.13704476685481534,0.13704476856199443,0.13704476685481534,0.13704476647763875,0.1370447664064078,0.13704476655210884,0.13704476685481534,0.13704476655210884,0.1370447664064078,0.13704476634993681,0.1370447664064078,0.13704476647763875,0.1370447664064078,0.13704476634993681,0.13602973303173221,0.13602973307304955,0.13602973311414834,0.13602973307304955,0.13602973303173221,0.13602973307304955,0.1360297331556478,0.13602973326784742,0.1360297331556478,0.13602973307304955,0.13602973311414834,0.13602973326784742,0.1360297335825675,0.13602973326784742,0.13602973311414834,0.13602973307304955,0.1360297331556478,0.13602973326784742,0.1360297331556478,0.13602973307304955,0.13602973303173221,0.13602973307304955,0.13602973311414834,0.13602973307304955,0.13602973303173221,0.1350342525432323,0.13503425256950938,0.13503425259137286,0.13503425256950938,0.1350342525432323,0.13503425256950938,0.13503425261223118,0.13503425265496308,0.13503425261223118,0.13503425256950938,0.13503425259137286,0.13503425265496308,0.13503425273324068,0.13503425265496308,0.13503425259137286,0.13503425256950938,0.13503425261223118,0.13503425265496308,0.13503425261223118,0.13503425256950938,0.1350342525432323,0.13503425256950938,0.13503425259137286,0.13503425256950938,0.1350342525432323
0.1653324877970663,0.1653324877970663,0.1653324877970663,0.1653324877970663,0.1653324877970663,0.1653324877970663,0.1653324877970663,0.1653324877970663,0.1653324877970663,0.1653324877970663,0.1653324877970663,0.1653324877970663,0.1653324877970663,0.1653324877970663,0.1653324877970663,0.1653324877970663,0.1653324877970663,0.1653324877970663,0.1653324877970663,0.1653324877970663,0.1653324877970663,0.1653324877970663,0.1653324877970663,0.1653324877970663,0.1653324877970663,0.1637574940780496,0.1637574940780496,0.1637574940780496,0.1637574940780496,0.1637574940780496,0.1637574940780496,0.1637574940780496,0.1637574940780496,0.1637574940780496,0.1637574940780496,0.1637574940780496,0.1637574940780496,0.1637574940780496,0.1637574940780496,0.1637574940780496,0.1637574940780496,0.1637574940780496,0.1637574940780496,0.1637574940780496,0.1637574940780496,0.1637574940780496,0.1637574940780496,0.1637574940780496,0.1637574940780496,0.1637574940780496,0.16221388429094288,0.16221388429094288,0.16221388429094288,0.16221388429094288,0.16221388429094288,0.16221388429094288,0.16221388429094288,0.16221388429094288,0.16221388429094288,0.16221388429094288,0.16221388429094288,0.16221388429094288,0.16221388429094288,0.16221388429094288,0.16221388429094288,0.16221388429094288,0.16221388429094288,0.16221388429094288,0.16221388429094288,0.16221388429094288,0.16221388429094288,0.16221388429094288,0.16221388429094288,0.16221388429094288,0.16221388429094288,0.1607010673927866,0.1607010673927866,0.1607010673927866,0.1607010673927866,0.1607010673927866,0.1607010673927866,0.1607010673927866,0.1607010673927866,0.1607010673927866,0.1607010673927866,0.1607010673927866,0.1607010673927866,0.1607010673927866,0.1607010673927866,0.1607010673927866,0.1607010673927866,0.1607010673927866,0.1607010673927866,0.1607010673927866,0.1607010673927866,0.1607010673927866,0.1607010673927866,0.1607010673927866,0.1607010673927866,0.1607010673927866,0.15921845175855873,0.15921845175855873,0.15921845175855873,0.15921845175855873,0.15921845175855873,0.15921845175855873,0.15921845175855873,0.15921845175855873,0.15921845175855873,0.15921845175855873,0.15921845175855873,0.15921845175855873,0.15921845175855873,0.15921845175855873,0.15921845175855873,0.15921845175855873,0.15921845175855873,0.15921845175855873,0.15921845175855873,0.15921845175855873,0.15921845175855873,0.15921845175855873,0.15921845175855873,0.15921845175855873,0.15921845175855873,0.1577654465330267,0.1577654465330267,0.1577654465330267,0.1577654465330267,0.1577654465330267,0.1577654465330267,0.1577654465330267,0.1577654465330267,0.1577654465330267,0.1577654465330267,0.1577654465330267,0.1577654465330267,0.1577654465330267,0.1577654465330267,0.1577654465330267,0.1577654465330267,0.1577654465330267,0.1577654465330267,0.1577654465330267,0.1577654465330267,0.1577654465330267,0.1577654465330267,0.1577654465330267,0.1577654465330267,0.1577654465330267,0.15634146284506914,0.1563414628450689,0.1563414628450689,0.1563414628450689,0.15634146284506914,0.1563414628450689,0.1563414628450689,0.1563414628450687,0.1563414628450689,0.1563414628450689,0.1563414628450689,0.1563414628450687,0.1563414628450687,0.1563414628450687,0.1563414628450689,0.1563414628450689,0.1563414628450689,0.1563414628450687,0.1563414628450689,0.1563414628450689,0.15634146284506914,0.1563414628450689,0.1563414628450689,0.1563414628450689,0.15634146284506914,0.15494591489473664,0.15494591489473625,0.15494591489473603,0.15494591489473625,0.15494591489473664,0.15494591489473625,0.15494591489473583,0.15494591489473564,0.15494591489473583,0.15494591489473625,0.15494591489473603,0.15494591489473564,0.1549459148947354,0.15494591489473564,0.15494591489473603,0.15494591489473625,0.15494591489473583,0.15494591489473564,0.15494591489473583,0.15494591489473625,0.15494591489473664,0.15494591489473625,0.15494591489473603,0.15494591489473625,0.15494591489473664,0.15357822092275758,0.1535782209227564,0.15357822092275558,0.1535782209227564,0.15357822092275758,0.1535782209227564,0.15357822092275517,0.1535782209227544,0.15357822092275517,0.1535782209227564,0.15357822092275558,0.1535782209227544,0.15357822092275356,0.1535782209227544,0.15357822092275558,0.1535782209227564,0.15357822092275517,0.1535782209227544,0.15357822092275517,0.1535782209227564,0.15357822092275758,0.1535782209227564,0.15357822092275558,0.1535782209227564,0.15357822092275758,0.15223780407163973,0.152237804071636,0.15223780407163362,0.152237804071636,0.15223780407163973,0.152237804071636,0.15223780407163226,0.1522378040716299,0.15223780407163226,0.152237804071636,0.15223780407163362,0.1522378040716299,0.15223780407162735,0.1522378040716299,0.15223780407163362,0.152237804071636,0.15223780407163226,0.1522378040716299,0.15223780407163226,0.152237804071636,0.15223780407163973,0.152237804071636,0.15223780407163362,0.152237804071636,0.15223780407163973,0.1509240931469797,0.1509240931469683,0.15092409314696115,0.1509240931469683,0.1509240931469797,0.1509240931469683,0.15092409314695632,0.1509240931469488,0.15092409314695632,0.1509240931469683,0.15092409314696115,0.1509240931469488,0.15092409314694108,0.1509240931469488,0.15092409314696115,0.1509240931469683,0.15092409314695632,0.1509240931469488,0.15092409314695632,0.1509240931469683,0.1509240931469797,0.1509240931469683,0.15092409314696115,0.1509240931469683,0.1509240931469797,0.14963652328705876,0.14963652328702398,0.14963652328700203,0.14963652328702398,0.14963652328705876,0.14963652328702398,0.14963652328698654,0.1496365232869625,0.14963652328698654,0.14963652328702398,0.14963652328700203,0.1496365232869625,0.14963652328693736,0.1496365232869625,0.14963652328700203,0.14963652328702398,0.14963652328698654,0.1496365232869625,0.14963652328698654,0.14963652328702398,0.14963652328705876,0.14963652328702398,0.14963652328700203,0.14963652328702398,0.14963652328705876,0.14837453654829383,0.14837453654818875,0.14837453654812147,0.14837453654818875,0.14837453654829383,0.14837453654818875,0.1483745365480718,0.14837453654799526,0.1483745365480718,0.14837453654818875,0.14837453654812147,0.14837453654799526,0.14837453654791224,0.14837453654799526,0.14837453654812147,0.14837453654818875,0.1483745365480718,0.14837453654799526,0.1483745365480718,0.14837453654818875,0.14837453654829383,0.14837453654818875,0.14837453654812147,0.14837453654818875,0.14837453654829383,0.14713758241363867,0.14713758241332603,0.1471375824131222,0.14713758241332603,0.14713758241363867,0.14713758241332603,0.14713758241296343,0.1471375824127202,0.14713758241296343,0.14713758241332603,0.1471375824131222,0.1471375824127202,0.14713758241244898,0.1471375824127202,0.1471375824131222,0.14713758241332603,0.14713758241296343,0.1471375824127202,0.14713758241296343,0.14713758241332603,0.14713758241363867,0.14713758241332603,0.1471375824131222,0.14713758241332603,0.14713758241363867,0.14592511823059778,0.14592511822968984,0.14592511822907964,0.14592511822968984,0.14592511823059778,0.14592511822968984,0.14592511822857837,0.14592511822779844,0.14592511822857837,0.14592511822968984,0.14592511822907964,0.14592511822779844,0.14592511822687662,0.14592511822779844,0.14592511822907964,0.14592511822968984,0.14592511822857837,0.14592511822779844,0.14592511822857837,0.14592511822968984,0.14592511823059778,0.14592511822968984,0.14592511822907964,0.14592511822968984,0.14592511823059778,0.14473660958519863,0.14473660958265036,0.144736609580849,0.14473660958265036,0.14473660958519863,0.14473660958265036,0.1447366095792877,0.1447366095767312,0.1447366095792877,0.14473660958265036,0.144736609580849,0.1447366095767312,0.1447366095734158,0.1447366095767312,0.144736609580849,0.14473660958265036,0.1447366095792877,0.1447366095767312,0.1447366095792877,0.14473660958265036,0.14473660958519863,0.14473660958265036,0.144736609580849,0.14473660958265036,0.14473660958519863,0.14357153061813213,0.14357153061135433,0.14357153060617303,0.14357153061135433,0.14357153061813213,0.14357153061135433,0.14357153060142344,0.14357153059284522,0.14357153060142344,0.14357153061135433,0.14357153060617303,0.14357153059284522,0.14357153057989933,0.14357153059284522,0.14357153060617303,0.14357153061135433,0.14357153060142344,0.14357153059284522,0.14357153060142344,0.14357153061135433,0.14357153061813213,0.14357153061135433,0.14357153060617303,0.14357153061135433,0.14357153061813213,0.14242936428934655,0.14242936427288252,0.14242936425872357,0.14242936427288252,0.14242936428934655,0.14242936427288252,0.14242936424502262,0.14242936421579316,0.14242936424502262,0.14242936427288252,0.14242936425872357,0.14242936421579316,0.1424293641595045,0.14242936421579316,0.14242936425872357,0.14242936427288252,0.14242936424502262,0.14242936421579316,0.14242936424502262,0.14242936427288252,0.14242936428934655,0.14242936427288252,0.14242936425872357,0.14242936427288252,0.14242936428934655,0.141309602596923,0.14130960256301592,0.14130960252844751,0.14130960256301592,0.141309602596923,0.14130960256301592,0.14130960249325497,0.14130960239617493,0.14130960249325497,0.14130960256301592,0.14130960252844751,0.14130960239617493,0.14130960211939886,0.14130960239617493,0.14130960252844751,0.14130960256301592,0.14130960249325497,0.14130960239617493,0.14130960249325497,0.14130960256301592,0.141309602596923,0.14130960256301592,0.14130960252844751,0.14130960256301592,0.141309602596923,0.14021174675087927,0.14021174670197772,0.14021174663918862,0.14021174670197772,0.14021174675087927,0.14021174670197772,0.14021174657327712,0.14021174630241245,0.14021174657327712,0.14021174670197772,0.14021174663918862,0.14021174630241245,0.14021174476522652,0.14021174630241245,0.14021174663918862,0.14021174670197772,0.14021174657327712,0.14021174630241245,0.14021174657327712,0.14021174670197772,0.14021174675087927,0.14021174670197772,0.14021174663918862,0.14021174670197772,0.14021174675087927,0.13913530728142565,0.13913530726355758,0.1391353072430037,0.13913530726355758,0.13913530728142565,0.13913530726355758,0.13913530722146408,0.1391353071542308,0.13913530722146408,0.13913530726355758,0.1391353072430037,0.1391353071542308,0.13913530693919834,0.1391353071542308,0.1391353072430037,0.13913530726355758,0.13913530722146408,0.1391353071542308,0.13913530722146408,0.13913530726355758,0.13913530728142565,0.13913530726355758,0.1391353072430037,0.13913530726355758,0.13913530728142565,0.13807980404213238,0.13807980406500409,0.13807980409016993,0.13807980406500409,0.13807980404213238,0.13807980406500409,0.13807980411623377,0.1380798041947105,0.13807980411623377,0.13807980406500409,0.13807980409016993,0.1380798041947105,0.13807980443836484,0.1380798041947105,0.13807980409016993,0.13807980406500409,0.13807980411623377,0.1380798041947105,0.13807980411623377,0.13807980406500409,0.13807980404213238,0.13807980406500409,0.13807980409016993,0.13807980406500409,0.13807980404213238,0.1370447663446201,0.13704476640070984,0.13704476647145983,0.13704476640070984,0.1370447663446201,0.13704476640070984,0.13704476654542713,0.1370447668460899,0.13704476654542713,0.13704476640070984,0.13704476647145983,0.1370447668460899,0.13704476854173192,0.1370447668460899,0.13704476647145983,0.13704476640070984,0.13704476654542713,0.1370447668460899,0.13704476654542713,0.13704476640070984,0.1370447663446201,0.13704476640070984,0.13704476647145983,0.13704476640070984,0.1370447663446201,0.13602973302562063,0.13602973306665903,0.1360297331074803,0.13602973306665903,0.13602973302562063,0.13602973306665903,0.13602973314869954,0.13602973326014164,0.13602973314869954,0.13602973306665903,0.1360297331074803,0.13602973326014164,0.1360297335727368,0.13602973326014164,0.1360297331074803,0.13602973306665903,0.13602973314869954,0.13602973326014164,0.13602973314869954,0.13602973306665903,0.13602973302562063,0.13602973306665903,0.1360297331074803,0.13602973306665903,0.13602973302562063,0.1350342525368857,0.1350342525629854,0.13503425258470114,0.1350342525629854,0.1350342525368857,0.1350342525629854,0.13503425260541865,0.135034252647862,0.13503425260541865,0.1350342525629854,0.13503425258470114,0.135034252647862,0.13503425272561115,0.135034252647862,0.13503425258470114,0.1350342525629854,0.13503425260541865,0.135034252647862,0.13503425260541865,0.1350342525629854,0.1350342525368857,0.1350342525629854,0.13503425258470114,0.1350342525629854,0.1350342525368857
0.16533248779867998,0.16533248779867998,0.16533248779867998,0.16533248779867998,0.16533248779867998,0.16533248779867998,0.16533248779867998,0.16533248779867998,0.16533248779867998,0.16533248779867998,0.16533248779867998,0.16533248779867998,0.16533248779867998,0.16533248779867998,0.16533248779867998,0.16533248779867998,0.16533248779867998,0.16533248779867998,0.16533248779867998,0.16533248779867998,0.16533248779867998,0.16533248779867998,0.16533248779867998,0.16533248779867998,0.16533248779867998,0.16375749407963205,0.16375749407963205,0.16375749407963205,0.16375749407963205,0.16375749407963205,0.16375749407963205,0.16375749407963205,0.16375749407963205,0.16375749407963205,0.16375749407963205,0.16375749407963205,0.16375749407963205,0.16375749407963205,0.16375749407963205,0.16375749407963205,0.16375749407963205,0.16375749407963205,0.16375749407963205,0.16375749407963205,0.16375749407963205,0.16375749407963205,0.16375749407963205,0.16375749407963205,0.16375749407963205,0.16375749407963205,0.16221388429249517,0.16221388429249517,0.16221388429249517,0.16221388429249517,0.16221388429249517,0.16221388429249517,0.16221388429249517,0.16221388429249517,0.16221388429249517,0.16221388429249517,0.16221388429249517,0.16221388429249517,0.16221388429249517,0.16221388429249517,0.16221388429249517,0.16221388429249517,0.16221388429249517,0.16221388429249517,0.16221388429249517,0.16221388429249517,0.16221388429249517,0.16221388429249517,0.16221388429249517,0.16221388429249517,0.16221388429249517,0.1607010673943101,0.1607010673943101,0.1607010673943101,0.1607010673943101,0.1607010673943101,0.1607010673943101,0.1607010673943101,0.1607010673943101,0.1607010673943101,0.1607010673943101,0.1607010673943101,0.1607010673943101,0.1607010673943101,0.1607010673943101,0.1607010673943101,0.1607010673943101,0.1607010673943101,0.1607010673943101,0.1607010673943101,0.1607010673943101,0.1607010673943101,0.1607010673943101,0.1607010673943101,0.1607010673943101,0.1607010673943101,0.15921845176005509,0.15921845176005509,0.15921845176005509,0.15921845176005509,0.15921845176005509,0.15921845176005509,0.15921845176005509,0.15921845176005509,0.15921845176005509,0.15921845176005509,0.15921845176005509,0.15921845176005509,0.15921845176005509,0.15921845176005509,0.15921845176005509,0.15921845176005509,0.15921845176005509,0.15921845176005509,0.15921845176005509,0.15921845176005509,0.15921845176005509,0.15921845176005509,0.15921845176005509,0.15921845176005509,0.15921845176005509,0.15776544653449684,0.15776544653449684,0.15776544653449684,0.15776544653449684,0.15776544653449684,0.15776544653449684,0.15776544653449684,0.15776544653449684,0.15776544653449684,0.15776544653449684,0.15776544653449684,0.15776544653449684,0.15776544653449684,0.15776544653449684,0.15776544653449684,0.15776544653449684,0.15776544653449684,0.15776544653449684,0.15776544653449684,0.15776544653449684,0.15776544653449684,0.15776544653449684,0.15776544653449684,0.15776544653449684,0.15776544653449684,0.15634146284651446,0.15634146284651423,0.15634146284651423,0.15634146284651423,0.15634146284651446,0.15634146284651423,0.15634146284651423,0.15634146284651404,0.15634146284651423,0.15634146284651423,0.15634146284651423,0.15634146284651404,0.15634146284651404,0.15634146284651404,0.15634146284651423,0.15634146284651423,0.15634146284651423,0.15634146284651404,0.15634146284651423,0.15634146284651423,0.15634146284651446,0.15634146284651423,0.15634146284651423,0.15634146284651423,0.15634146284651446,0.1549459148961587,0.15494591489615825,0.15494591489615808,0.15494591489615825,0.1549459148961587,0.15494591489615825,0.15494591489615783,0.15494591489615767,0.15494591489615783,0.15494591489615825,0.15494591489615808,0.15494591489615767,0.15494591489615744,0.15494591489615767,0.15494591489615808,0.15494591489615825,0.15494591489615783,0.15494591489615767,0.15494591489615783,0.15494591489615825,0.1549459148961587,0.15494591489615825,0.15494591489615808,0.15494591489615825,0.1549459148961587,0.15357822092415746,0.15357822092415627,0.15357822092415546,0.15357822092415627,0.15357822092415746,0.15357822092415627,0.15357822092415505,0.15357822092415424,0.15357822092415505,0.15357822092415627,0.15357822092415546,0.15357822092415424,0.15357822092415344,0.15357822092415424,0.15357822092415546,0.15357822092415627,0.15357822092415505,0.15357822092415424,0.15357822092415505,0.15357822092415627,0.15357822092415746,0.15357822092415627,0.15357822092415546,0.15357822092415627,0.15357822092415746,0.15223780407301857,0.15223780407301482,0.15223780407301268,0.15223780407301482,0.15223780407301857,0.15223780407301482,0.1522378040730111,0.15223780407300874,0.1522378040730111,0.15223780407301482,0.15223780407301268,0.15223780407300874,0.15223780407300638,0.15223780407300874,0.15223780407301268,0.15223780407301482,0.1522378040730111,0.15223780407300874,0.1522378040730111,0.15223780407301482,0.15223780407301857,0.15223780407301482,0.15223780407301268,0.15223780407301482,0.15223780407301857,0.15092409314833882,0.1509240931483276,0.15092409314832048,0.1509240931483276,0.15092409314833882,0.1509240931483276,0.15092409314831565,0.15092409314830812,0.15092409314831565,0.1509240931483276,0.15092409314832048,0.15092409314830812,0.1509240931483004,0.15092409314830812,0.15092409314832048,0.1509240931483276,0.15092409314831565,0.15092409314830812,0.15092409314831565,0.1509240931483276,0.15092409314833882,0.1509240931483276,0.15092409314832048,0.1509240931483276,0.15092409314833882,0.14963652328839916,0.14963652328836458,0.14963652328834282,0.14963652328836458,0.14963652328839916,0.14963652328836458,0.14963652328832733,0.14963652328830368,0.14963652328832733,0.14963652328836458,0.14963652328834282,0.14963652328830368,0.14963652328827873,0.14963652328830368,0.14963652328834282,0.14963652328836458,0.14963652328832733,0.14963652328830368,0.14963652328832733,0.14963652328836458,0.14963652328839916,0.14963652328836458,0.14963652328834282,0.14963652328836458,0.14963652328839916,0.148374536549616,0.14837453654951163,0.1483745365494449,0.14837453654951163,0.148374536549616,0.14837453654951163,0.1483745365493956,0.1483745365493198,0.1483745365493956,0.14837453654951163,0.1483745365494449,0.1483745365493198,0.14837453654923735,0.1483745365493198,0.1483745365494449,0.14837453654951163,0.1483745365493956,0.1483745365493198,0.1483745365493956,0.14837453654951163,0.148374536549616,0.14837453654951163,0.1483745365494449,0.14837453654951163,0.148374536549616,0.14713758241494188,0.1471375824146314,0.14713758241442923,0.1471375824146316,0.14713758241494188,0.1471375824146314,0.14713758241427155,0.14713758241403013,0.14713758241427155,0.1471375824146314,0.14713758241442923,0.14713758241403013,0.14713758241376076,0.14713758241403013,0.14713758241442923,0.1471375824146316,0.14713758241427155,0.14713758241403013,0.14713758241427155,0.1471375824146316,0.14713758241494188,0.1471375824146314,0.14713758241442923,0.1471375824146316,0.14713758241494188,0.14592511823187806,0.1459251182309767,0.14592511823037094,0.1459251182309767,0.14592511823187806,0.1459251182309767,0.14592511822987325,0.14592511822909884,0.14592511822987325,0.1459251182309767,0.14592511823037094,0.14592511822909884,0.1459251182281836,0.14592511822909904,0.14592511823037094,0.1459251182309767,0.14592511822987325,0.14592511822909904,0.14592511822987325,0.1459251182309767,0.14592511823187806,0.1459251182309767,0.14592511823037094,0.1459251182309767,0.14592511823187806,0.14473660958644333,0.1447366095839134,0.14473660958212495,0.1447366095839134,0.14473660958644333,0.1447366095839134,0.1447366095805748,0.14473660957803666,0.1447366095805748,0.1447366095839134,0.14473660958212495,0.14473660957803666,0.144736609574745,0.14473660957803666,0.14473660958212495,0.1447366095839134,0.1447366095805748,0.14473660957803666,0.1447366095805748,0.1447366095839134,0.14473660958644333,0.1447366095839134,0.14473660958212495,0.1447366095839134,0.14473660958644333,0.14357153061930353,0.14357153061257436,0.1435715306074304,0.14357153061257436,0.14357153061930353,0.14357153061257436,0.1435715306027147,0.14357153059419803,0.1435715306027147,0.14357153061257436,0.1435715306074304,0.14357153059419803,0.1435715305813449,0.14357153059419803,0.1435715306074304,0.14357153061257436,0.1435715306027147,0.14357153059419803,0.1435715306027147,0.14357153061257436,0.14357153061930353,0.14357153061257436,0.1435715306074304,0.14357153061257436,0.14357153061930353,0.14242936429034384,0.14242936427399774,0.14242936425994046,0.14242936427399774,0.14242936429034384,0.14242936427399774,0.14242936424633762,0.1424293642173177,0.14242936424633762,0.14242936427399774,0.14242936425994046,0.1424293642173177,0.14242936416143262,0.1424293642173177,0.14242936425994046,0.14242936427399774,0.14242936424633762,0.1424293642173177,0.14242936424633762,0.14242936427399774,0.14242936429034384,0.14242936427399774,0.14242936425994046,0.14242936427399774,0.14242936429034384,0.1413096025974998,0.14130960256383593,0.14130960252951538,0.14130960256383593,0.1413096025974998,0.14130960256383593,0.14130960249457494,0.14130960239819093,0.14130960249457494,0.14130960256383593,0.14130960252951538,0.14130960239819093,0.14130960212339952,0.14130960239819093,0.14130960252951538,0.14130960256383593,0.14130960249457494,0.14130960239819093,0.14130960249457494,0.14130960256383593,0.1413096025974998,0.14130960256383593,0.14130960252951538,0.14130960256383593,0.1413096025974998,0.14021174675052772,0.14021174670197675,0.1402117466396377,0.14021174670197675,0.14021174675052772,0.14021174670197675,0.14021174657419885,0.14021174630527614,0.14021174657419885,0.14021174670197675,0.1402117466396377,0.14021174630527614,0.14021174477911974,0.14021174630527614,0.1402117466396377,0.14021174670197675,0.14021174657419885,0.14021174630527614,0.14021174657419885,0.14021174670197675,0.14021174675052772,0.14021174670197675,0.1402117466396377,0.14021174670197675,0.14021174675052772,0.13913530727940832,0.1391353072616683,0.13913530724126175,0.1391353072616683,0.13913530727940832,0.1391353072616683,0.13913530721987666,0.13913530715312544,0.13913530721987666,0.1391353072616683,0.13913530724126175,0.13913530715312544,0.13913530693963472,0.13913530715312544,0.13913530724126175,0.1391353072616683,0.13913530721987666,0.13913530715312544,0.13913530721987666,0.1391353072616683,0.13913530727940832,0.1391353072616683,0.13913530724126175,0.1391353072616683,0.13913530727940832,0.1380798040381613,0.13807980406086914,0.13807980408585452,0.13807980406086914,0.1380798040381613,0.13807980406086914,0.1380798041117315,0.1380798041896454,0.1380798041117315,0.13807980406086914,0.13807980408585452,0.1380798041896454,0.13807980443155266,0.1380798041896454,0.13807980408585452,0.13807980406086914,0.1380798041117315,0.1380798041896454,0.1380798041117315,0.13807980406086914,0.1380798040381613,0.13807980406086914,0.13807980408585452,0.13807980406086914,0.1380798040381613,0.13704476633900592,0.13704476639469343,0.13704476646493607,0.13704476639469343,0.13704476633900592,0.13704476639469343,0.13704476653837308,0.1370447668368801,0.13704476653837308,0.13704476639469343,0.13704476646493607,0.1370447668368801,0.13704476852037303,0.1370447668368801,0.13704476646493607,0.13704476639469343,0.13704476653837308,0.1370447668368801,0.13704476653837308,0.13704476639469343,0.13704476633900592,0.13704476639469343,0.13704476646493607,0.13704476639469343,0.13704476633900592,0.13602973301916776,0.13602973305991178,0.1360297331004404,0.13602973305991178,0.13602973301916776,0.13602973305991178,0.1360297331413641,0.13602973325200715,0.1360297331413641,0.13602973305991178,0.1360297331004404,0.13602973325200715,0.13602973356236092,0.13602973325200715,0.1360297331004404,0.13602973305991178,0.1360297331413641,0.13602973325200715,0.1360297331413641,0.13602973305991178,0.13602973301916776,0.13602973305991178,0.1360297331004404,0.13602973305991178,0.13602973301916776,0.1350342525301849,0.13503425255609727,0.13503425257765742,0.13503425255609727,0.1350342525301849,0.13503425255609727,0.13503425259822632,0.13503425264036537,0.13503425259822632,0.13503425255609727,0.13503425257765742,0.13503425264036537,0.135034252717557,0.13503425264036537,0.13503425257765742,0.13503425255609727,0.13503425259822632,0.13503425264036537,0.13503425259822632,0.13503425255609727,0.1350342525301849,0.13503425255609727,0.13503425257765742,0.13503425255609727,0.1350342525301849
0.1653324877997721,0.1653324877997721,0.1653324877997721,0.1653324877997721,0.1653324877997721,0.1653324877997721,0.1653324877997721,0.1653324877997721,0.1653324877997721,0.1653324877997721,0.1653324877997721,0.1653324877997721,0.1653324877997721,0.1653324877997721,0.1653324877997721,0.1653324877997721,0.1653324877997721,0.1653324877997721,0.1653324877997721,0.1653324877997721,0.1653324877997721,0.1653324877997721,0.1653324877997721,0.1653324877997721,0.1653324877997721,0.16375749408069504,0.16375749408069504,0.16375749408069504,0.16375749408069504,0.16375749408069504,0.16375749408069504,0.16375749408069504,0.16375749408069504,0.16375749408069504,0.16375749408069504,0.16375749408069504,0.16375749408069504,0.16375749408069504,0.16375749408069504,0.16375749408069504,0.16375749408069504,0.16375749408069504,0.16375749408069504,0.16375749408069504,0.16375749408069504,0.16375749408069504,0.16375749408069504,0.16375749408069504,0.16375749408069504,0.16375749408069504,0.1622138842935238,0.1622138842935238,0.1622138842935238,0.1622138842935238,0.1622138842935238,0.1622138842935238,0.1622138842935238,0.1622138842935238,0.1622138842935238,0.1622138842935238,0.1622138842935238,0.1622138842935238,0.1622138842935238,0.1622138842935238,0.1622138842935238,0.1622138842935238,0.1622138842935238,0.1622138842935238,0.1622138842935238,0.1622138842935238,0.1622138842935238,0.1622138842935238,0.1622138842935238,0.1622138842935238,0.1622138842935238,0.16070106739529846,0.16070106739529846,0.16070106739529846,0.16070106739529846,0.16070106739529846,0.16070106739529846,0.16070106739529846,0.16070106739529846,0.16070106739529846,0.16070106739529846,0.16070106739529846,0.16070106739529846,0.16070106739529846,0.16070106739529846,0.16070106739529846,0.16070106739529846,0.16070106739529846,0.16070106739529846,0.16070106739529846,0.16070106739529846,0.16070106739529846,0.16070106739529846,0.16070106739529846,0.16070106739529846,0.16070106739529846,0.15921845176099714,0.15921845176099714,0.15921845176099714,0.15921845176099714,0.15921845176099714,0.15921845176099714,0.15921845176099714,0.15921845176099714,0.15921845176099714,0.15921845176099714,0.15921845176099714,0.15921845176099714,0.15921845176099714,0.15921845176099714,0.15921845176099714,0.15921845176099714,0.15921845176099714,0.15921845176099714,0.15921845176099714,0.15921845176099714,0.15921845176099714,0.15921845176099714,0.15921845176099714,0.15921845176099714,0.15921845176099714,0.15776544653538657,0.15776544653538657,0.15776544653538657,0.15776544653538657,0.15776544653538657,0.15776544653538657,0.15776544653538657,0.15776544653538657,0.15776544653538657,0.15776544653538657,0.15776544653538657,0.15776544653538657,0.15776544653538657,0.15776544653538657,0.15776544653538657,0.15776544653538657,0.15776544653538657,0.15776544653538657,0.15776544653538657,0.15776544653538657,0.15776544653538657,0.15776544653538657,0.15776544653538657,0.15776544653538657,0.15776544653538657,0.15634146284734546,0.15634146284734526,0.15634146284734526,0.15634146284734526,0.15634146284734546,0.15634146284734526,0.15634146284734526,0.15634146284734504,0.15634146284734526,0.15634146284734526,0.15634146284734526,0.15634146284734504,0.15634146284734504,0.15634146284734504,0.15634146284734526,0.15634146284734526,0.15634146284734526,0.15634146284734504,0.15634146284734526,0.15634146284734526,0.15634146284734546,0.15634146284734526,0.15634146284734526,0.15634146284734526,0.15634146284734546,0.1549459148969243,0.1549459148969239,0.1549459148969237,0.1549459148969239,0.1549459148969243,0.1549459148969239,0.1549459148969237,0.15494591489692328,0.1549459148969237,0.1549459148969239,0.1549459148969237,0.15494591489692328,0.15494591489692305,0.15494591489692328,0.1549459148969237,0.1549459148969239,0.1549459148969237,0.15494591489692328,0.1549459148969237,0.1549459148969239,0.1549459148969243,0.1549459148969239,0.1549459148969237,0.1549459148969239,0.1549459148969243,0.15357822092485138,0.15357822092485016,0.15357822092484938,0.15357822092485016,0.15357822092485138,0.15357822092485016,0.153578220924849,0.15357822092484819,0.15357822092484877,0.15357822092485016,0.15357822092484938,0.15357822092484819,0.15357822092484738,0.15357822092484819,0.15357822092484938,0.15357822092485016,0.15357822092484877,0.15357822092484819,0.15357822092484877,0.15357822092485016,0.15357822092485138,0.15357822092485016,0.15357822092484938,0.15357822092485016,0.15357822092485138,0.1522378040736341,0.15223780407363036,0.152237804073628,0.15223780407363036,0.1522378040736341,0.15223780407363036,0.15223780407362644,0.15223780407362406,0.15223780407362644,0.15223780407363036,0.152237804073628,0.15223780407362406,0.15223780407362172,0.15223780407362406,0.152237804073628,0.15223780407363036,0.15223780407362644,0.15223780407362406,0.15223780407362644,0.15223780407363036,0.1522378040736341,0.15223780407363036,0.152237804073628,0.15223780407363036,0.1522378040736341,0.15092409314886954,0.15092409314885813,0.150924093148851,0.15092409314885813,0.15092409314886954,0.15092409314885813,0.1509240931488462,0.15092409314883865,0.1509240931488462,0.15092409314885813,0.150924093148851,0.15092409314883865,0.15092409314883073,0.15092409314883865,0.150924093148851,0.15092409314885813,0.1509240931488462,0.15092409314883865,0.1509240931488462,0.15092409314885813,0.15092409314886954,0.15092409314885813,0.150924093148851,0.15092409314885813,0.15092409314886954,0.1496365232888388,0.1496365232888042,0.14963652328878224,0.1496365232888042,0.1496365232888388,0.1496365232888042,0.14963652328876675,0.14963652328874275,0.14963652328876675,0.1496365232888042,0.14963652328878224,0.14963652328874275,0.1496365232887172,0.14963652328874275,0.14963652328878224,0.1496365232888042,0.14963652328876675,0.14963652328874275,0.14963652328876675,0.1496365232888042,0.1496365232888388,0.1496365232888042,0.14963652328878224,0.1496365232888042,0.1496365232888388,0.14837453654995958,0.14837453654985486,0.14837453654978816,0.14837453654985486,0.14837453654995958,0.14837453654985486,0.1483745365497383,0.14837453654966193,0.1483745365497383,0.14837453654985486,0.14837453654978816,0.14837453654966193,0.14837453654957983,0.14837453654966193,0.14837453654978816,0.14837453654985486,0.1483745365497383,0.14837453654966193,0.1483745365497383,0.14837453654985486,0.14837453654995958,0.14837453654985486,0.14837453654978816,0.14837453654985486,0.14837453654995958,0.14713758241518435,0.1471375824148743,0.14713758241467229,0.1471375824148743,0.14713758241518435,0.1471375824148743,0.14713758241451405,0.14713758241427322,0.14713758241451405,0.1471375824148743,0.14713758241467229,0.14713758241427322,0.14713758241400432,0.14713758241427338,0.14713758241467229,0.1471375824148743,0.14713758241451405,0.14713758241427338,0.14713758241451405,0.1471375824148743,0.14713758241518435,0.1471375824148743,0.14713758241467229,0.1471375824148743,0.14713758241518435,0.14592511823201537,0.14592511823111526,0.1459251182305102,0.14592511823111526,0.14592511823201537,0.14592511823111526,0.1459251182300132,0.14592511822924006,0.1459251182300132,0.14592511823111526,0.1459251182305102,0.14592511822924006,0.14592511822832605,0.14592511822924006,0.1459251182305102,0.14592511823111526,0.1459251182300132,0.14592511822924006,0.1459251182300132,0.14592511823111526,0.14592511823201537,0.14592511823111526,0.1459251182305102,0.14592511823111526,0.14592511823201537,0.14473660958647006,0.1447366095839438,0.14473660958215798,0.1447366095839438,0.14473660958647006,0.1447366095839438,0.14473660958061021,0.14473660957807577,0.14473660958061021,0.1447366095839438,0.14473660958215798,0.14473660957807577,0.14473660957478898,0.14473660957807577,0.14473660958215798,0.1447366095839438,0.14473660958061021,0.14473660957807577,0.14473660958061021,0.1447366095839438,0.14473660958647006,0.1447366095839438,0.14473660958215798,0.1447366095839438,0.14473660958647006,0.14357153061921116,0.14357153061249206,0.1435715306073556,0.14357153061249206,0.14357153061921116,0.14357153061249206,0.14357153060264707,0.14357153059414296,0.14357153060264707,0.14357153061249206,0.1435715306073556,0.14357153059414296,0.14357153058130878,0.14357153059414296,0.1435715306073556,0.14357153061249206,0.14357153060264707,0.14357153059414296,0.14357153060264707,0.14357153061249206,0.14357153061921116,0.14357153061249206,0.1435715306073556,0.14357153061249206,0.14357153061921116,0.14242936429011285,0.1424293642737909,0.14242936425975442,0.1424293642737909,0.14242936429011285,0.1424293642737909,0.14242936424617203,0.1424293642171949,0.14242936424617203,0.1424293642737909,0.14242936425975442,0.1424293642171949,0.1424293641613922,0.1424293642171949,0.14242936425975442,0.1424293642737909,0.14242936424617203,0.1424293642171949,0.14242936424617203,0.1424293642737909,0.14242936429011285,0.1424293642737909,0.14242936425975442,0.1424293642737909,0.14242936429011285,0.14130960259708336,0.14130960256346933,0.14130960252919944,0.14130960256346933,0.14130960259708336,0.14130960256346933,0.1413096024943118,0.1413096023980694,0.1413096024943118,0.14130960256346933,0.14130960252919944,0.1413096023980694,0.14130960212368324,0.1413096023980694,0.14130960252919944,0.14130960256346933,0.1413096024943118,0.1413096023980694,0.1413096024943118,0.14130960256346933,0.14130960259708336,0.14130960256346933,0.14130960252919944,0.14130960256346933,0.14130960259708336,0.1402117467498284,0.14021174670134934,0.14021174663910232,0.14021174670134934,0.1402117467498284,0.14021174670134934,0.14021174657376023,0.14021174630523503,0.14021174657376023,0.14021174670134934,0.14021174663910232,0.14021174630523503,0.14021174478136617,0.14021174630523503,0.14021174663910232,0.14021174670134934,0.14021174657376023,0.14021174630523503,0.14021174657376023,0.14021174670134934,0.1402117467498284,0.14021174670134934,0.14021174663910232,0.14021174670134934,0.1402117467498284,0.13913530727828555,0.13913530726057183,0.1391353072401953,0.13913530726057183,0.13913530727828555,0.13913530726057183,0.13913530721884196,0.13913530715218944,0.13913530721884196,0.13913530726057183,0.1391353072401953,0.13913530715218944,0.13913530693901352,0.13913530715218944,0.1391353072401953,0.13913530726057183,0.13913530721884196,0.13913530715218944,0.13913530721884196,0.13913530726057183,0.13913530727828555,0.13913530726057183,0.1391353072401953,0.13913530726057183,0.13913530727828555,0.1380798040365701,0.1380798040592443,0.13807980408419296,0.1380798040592443,0.1380798040365701,0.1380798040592443,0.13807980411003182,0.1380798041878308,0.13807980411003182,0.1380798040592443,0.13807980408419296,0.1380798041878308,0.13807980442938161,0.1380798041878308,0.13807980408419296,0.1380798040592443,0.13807980411003182,0.1380798041878308,0.13807980411003182,0.1380798040592443,0.1380798040365701,0.1380798040592443,0.13807980408419296,0.1380798040592443,0.1380798040365701,0.13704476633702695,0.13704476639263238,0.1370447664627715,0.13704476639263238,0.13704476633702695,0.13704476639263238,0.13704476653610007,0.13704476683416678,0.13704476653610007,0.13704476639263238,0.1370447664627715,0.13704476683416678,0.13704476851512798,0.13704476683416678,0.1370447664627715,0.13704476639263238,0.13704476653610007,0.13704476683416678,0.13704476653610007,0.13704476639263238,0.13704476633702695,0.13704476639263238,0.1370447664627715,0.13704476639263238,0.13704476633702695,0.13602973301698618,0.13602973305767016,0.1360297330981391,0.13602973305767016,0.13602973301698618,0.13602973305767016,0.13602973313900243,0.1360297332494826,0.13602973313900243,0.13602973305767016,0.1360297330981391,0.1360297332494826,0.1360297335593791,0.1360297332494826,0.1360297330981391,0.13602973305767016,0.13602973313900243,0.1360297332494826,0.13602973313900243,0.13602973305767016,0.13602973301698618,0.13602973305767016,0.1360297330981391,0.13602973305767016,0.13602973301698618,0.13503425252794451,0.13503425255381885,0.13503425257534726,0.13503425255381885,0.13503425252794451,0.13503425255381885,0.13503425259588608,0.13503425263796326,0.13503425259588608,0.13503425255381885,0.13503425257534726,0.13503425263796326,0.13503425271504127,0.13503425263796326,0.13503425257534726,0.13503425255381885,0.13503425259588608,0.13503425263796326,0.13503425259588608,0.13503425255381885,0.13503425252794451,0.13503425255381885,0.13503425257534726,0.13503425255381885,0.13503425252794451
0.16533248780038073,0.16533248780038073,0.16533248780038073,0.16533248780038073,0.16533248780038073,0.16533248780038073,0.16533248780038073,0.16533248780038073,0.16533248780038073,0.16533248780038073,0.16533248780038073,0.16533248780038073,0.16533248780038073,0.16533248780038073,0.16533248780038073,0.16533248780038073,0.16533248780038073,0.16533248780038073,0.16533248780038073,0.16533248780038073,0.16533248780038073,0.16533248780038073,0.16533248780038073,0.16533248780038073,0.16533248780038073,0.16375749408128829,0.16375749408128829,0.16375749408128829,0.16375749408128829,0.16375749408128829,0.16375749408128829,0.16375749408128829,0.16375749408128829,0.16375749408128829,0.16375749408128829,0.16375749408128829,0.16375749408128829,0.16375749408128829,0.16375749408128829,0.16375749408128829,0.16375749408128829,0.16375749408128829,0.16375749408128829,0.16375749408128829,0.16375749408128829,0.16375749408128829,0.16375749408128829,0.16375749408128829,0.16375749408128829,0.16375749408128829,0.16221388429409936,0.16221388429409936,0.16221388429409936,0.16221388429409936,0.16221388429409936,0.16221388429409936,0.16221388429409936,0.16221388429409936,0.16221388429409936,0.16221388429409936,0.16221388429409936,0.16221388429409936,0.16221388429409936,0.16221388429409936,0.16221388429409936,0.16221388429409936,0.16221388429409936,0.16221388429409936,0.16221388429409936,0.16221388429409936,0.16221388429409936,0.16221388429409936,0.16221388429409936,0.16221388429409936,0.16221388429409936,0.16070106739585385,0.16070106739585385,0.16070106739585385,0.16070106739585385,0.16070106739585385,0.16070106739585385,0.16070106739585385,0.16070106739585385,0.16070106739585385,0.16070106739585385,0.16070106739585385,0.16070106739585385,0.16070106739585385,0.16070106739585385,0.16070106739585385,0.16070106739585385,0.16070106739585385,0.16070106739585385,0.16070106739585385,0.16070106739585385,0.16070106739585385,0.16070106739585385,0.16070106739585385,0.16070106739585385,0.16070106739585385,0.1592184517615299,0.1592184517615299,0.1592184517615299,0.1592184517615299,0.1592184517615299,0.1592184517615299,0.1592184517615299,0.1592184517615299,0.1592184517615299,0.1592184517615299,0.1592184517615299,0.1592184517615299,0.1592184517615299,0.1592184517615299,0.1592184517615299,0.1592184517615299,0.1592184517615299,0.1592184517615299,0.1592184517615299,0.1592184517615299,0.1592184517615299,0.1592184517615299,0.1592184517615299,0.1592184517615299,0.1592184517615299,0.15776544653589458,0.1577654465358944,0.1577654465358944,0.1577654465358944,0.15776544653589458,0.1577654465358944,0.1577654465358944,0.1577654465358944,0.1577654465358944,0.1577654465358944,0.1577654465358944,0.1577654465358944,0.1577654465358944,0.1577654465358944,0.1577654465358944,0.1577654465358944,0.1577654465358944,0.1577654465358944,0.1577654465358944,0.1577654465358944,0.15776544653589458,0.1577654465358944,0.1577654465358944,0.1577654465358944,0.15776544653589458,0.156341462847826,0.15634146284782577,0.15634146284782577,0.15634146284782577,0.156341462847826,0.15634146284782577,0.15634146284782577,0.15634146284782557,0.15634146284782577,0.15634146284782577,0.15634146284782577,0.15634146284782557,0.15634146284782557,0.15634146284782557,0.15634146284782577,0.15634146284782577,0.15634146284782577,0.15634146284782557,0.15634146284782577,0.15634146284782577,0.156341462847826,0.15634146284782577,0.15634146284782577,0.15634146284782577,0.156341462847826,0.15494591489737536,0.15494591489737494,0.15494591489737453,0.15494591489737494,0.15494591489737536,0.15494591489737494,0.15494591489737453,0.15494591489737433,0.15494591489737453,0.15494591489737494,0.15494591489737453,0.15494591489737433,0.15494591489737392,0.15494591489737433,0.15494591489737453,0.15494591489737494,0.15494591489737453,0.15494591489737433,0.15494591489737453,0.15494591489737494,0.15494591489737536,0.15494591489737494,0.15494591489737453,0.15494591489737494,0.15494591489737536,0.15357822092527054,0.15357822092526935,0.15357822092526854,0.15357822092526935,0.15357822092527054,0.15357822092526935,0.1535782209252679,0.15357822092526732,0.1535782209252679,0.15357822092526935,0.15357822092526854,0.15357822092526732,0.15357822092526652,0.15357822092526732,0.15357822092526854,0.15357822092526935,0.1535782209252679,0.15357822092526732,0.1535782209252679,0.15357822092526935,0.15357822092527054,0.15357822092526935,0.15357822092526854,0.15357822092526935,0.15357822092527054,0.15223780407401952,0.15223780407401577,0.1522378040740136,0.15223780407401577,0.15223780407401952,0.15223780407401577,0.15223780407401205,0.1522378040740097,0.15223780407401205,0.15223780407401577,0.1522378040740136,0.1522378040740097,0.1522378040740071,0.1522378040740097,0.1522378040740136,0.15223780407401577,0.15223780407401205,0.1522378040740097,0.15223780407401205,0.15223780407401577,0.15223780407401952,0.15223780407401577,0.1522378040740136,0.15223780407401577,0.15223780407401952,0.15092409314921967,0.1509240931492083,0.15092409314920113,0.1509240931492083,0.15092409314921967,0.1509240931492083,0.1509240931491963,0.15092409314918862,0.1509240931491963,0.1509240931492083,0.15092409314920113,0.15092409314918862,0.1509240931491807,0.15092409314918862,0.15092409314920113,0.1509240931492083,0.1509240931491963,0.15092409314918862,0.1509240931491963,0.1509240931492083,0.15092409314921967,0.1509240931492083,0.15092409314920113,0.1509240931492083,0.15092409314921967,0.14963652328915247,0.1496365232891179,0.14963652328909594,0.1496365232891179,0.14963652328915247,0.1496365232891179,0.14963652328908025,0.14963652328905605,0.14963652328908025,0.1496365232891179,0.14963652328909594,0.14963652328905605,0.14963652328903035,0.14963652328905605,0.14963652328909594,0.1496365232891179,0.14963652328908025,0.14963652328905605,0.14963652328908025,0.1496365232891179,0.14963652328915247,0.1496365232891179,0.14963652328909594,0.1496365232891179,0.14963652328915247,0.14837453655023572,0.1483745365501312,0.1483745365500645,0.1483745365501312,0.14837453655023572,0.1483745365501312,0.14837453655001423,0.14837453654993826,0.14837453655001423,0.1483745365501312,0.1483745365500645,0.14837453654993826,0.14837453654985616,0.14837453654993826,0.1483745365500645,0.1483745365501312,0.14837453655001423,0.14837453654993826,0.14837453655001423,0.1483745365501312,0.14837453655023572,0.1483745365501312,0.1483745365500645,0.1483745365501312,0.14837453655023572,0.14713758241542252,0.14713758241511263,0.14713758241491098,0.14713758241511263,0.14713758241542252,0.14713758241511263,0.14713758241475294,0.1471375824145126,0.14713758241475294,0.14713758241511263,0.14713758241491098,0.1471375824145126,0.14713758241424393,0.1471375824145126,0.14713758241491098,0.14713758241511263,0.14713758241475294,0.1471375824145126,0.14713758241475294,0.14713758241511263,0.14713758241542252,0.14713758241511263,0.14713758241491098,0.14713758241511263,0.14713758241542252,0.14592511823221427,0.14592511823131557,0.14592511823071141,0.14592511823131557,0.14592511823221427,0.14592511823131557,0.14592511823021515,0.14592511822944304,0.14592511823021515,0.14592511823131557,0.14592511823071141,0.14592511822944304,0.1459251182285305,0.14592511822944304,0.14592511823071141,0.14592511823131557,0.14592511823021515,0.14592511822944304,0.14592511823021515,0.14592511823131557,0.14592511823221427,0.14592511823131557,0.14592511823071141,0.14592511823131557,0.14592511823221427,0.14473660958662782,0.14473660958410525,0.14473660958232204,0.14473660958410525,0.14473660958662782,0.14473660958410525,0.14473660958077658,0.14473660957824594,0.14473660958077658,0.14473660958410525,0.14473660958232204,0.14473660957824594,0.14473660957496406,0.14473660957824594,0.14473660958232204,0.14473660958410525,0.14473660958077658,0.14473660957824594,0.14473660958077658,0.14473660958410525,0.14473660958662782,0.14473660958410525,0.14473660958232204,0.14473660958410525,0.14473660958662782,0.14357153061932082,0.14357153061261166,0.14357153060748273,0.14357153061261166,0.14357153061932082,0.14357153061261166,0.14357153060278124,0.1435715305942896,0.14357153060278124,0.14357153061261166,0.14357153060748273,0.1435715305942896,0.1435715305814744,0.1435715305942896,0.14357153060748273,0.14357153061261166,0.14357153060278124,0.1435715305942896,0.14357153060278124,0.14357153061261166,0.14357153061932082,0.14357153061261166,0.14357153060748273,0.14357153061261166,0.14357153061932082,0.14242936429015543,0.1424293642738577,0.14242936425984182,0.1424293642738577,0.14242936429015543,0.1424293642738577,0.14242936424627958,0.14242936421734503,0.14242936424627958,0.1424293642738577,0.14242936425984182,0.14242936421734503,0.14242936416162452,0.14242936421734503,0.14242936425984182,0.1424293642738577,0.14242936424627958,0.14242936421734503,0.14242936424627958,0.1424293642738577,0.14242936429015543,0.1424293642738577,0.14242936425984182,0.1424293642738577,0.14242936429015543,0.14130960259701117,0.14130960256344682,0.14130960252922742,0.14130960256344682,0.14130960259701117,0.14130960256344682,0.14130960249439123,0.1413096023982906,0.14130960249439123,0.14130960256344682,0.14130960252922742,0.1413096023982906,0.1413096021243082,0.1413096023982906,0.14130960252922742,0.14130960256344682,0.14130960249439123,0.1413096023982906,0.14130960249439123,0.14130960256344682,0.14130960259701117,0.14130960256344682,0.14130960252922742,0.14130960256344682,0.14130960259701117,0.1402117467495407,0.1402117467011331,0.14021174663897784,0.1402117467011331,0.1402117467495407,0.1402117467011331,0.1402117465737322,0.14021174630560235,0.1402117465737322,0.1402117467011331,0.14021174663897784,0.14021174630560235,0.14021174478397763,0.14021174630560235,0.14021174663897784,0.1402117467011331,0.1402117465737322,0.14021174630560235,0.1402117465737322,0.1402117467011331,0.1402117467495407,0.1402117467011331,0.14021174663897784,0.1402117467011331,0.1402117467495407,0.13913530727763604,0.13913530725994852,0.13913530723960207,0.13913530725994852,0.13913530727763604,0.13913530725994852,0.1391353072182802,0.1391353071517257,0.1391353072182802,0.13913530725994852,0.13913530723960207,0.1391353071517257,0.1391353069388636,0.1391353071517257,0.13913530723960207,0.13913530725994852,0.1391353072182802,0.1391353071517257,0.1391353072182802,0.13913530725994852,0.13913530727763604,0.13913530725994852,0.13913530723960207,0.13913530725994852,0.13913530727763604,0.13807980403550468,0.13807980405814568,0.13807980408305756,0.13807980405814568,0.13807980403550468,0.13807980405814568,0.1380798041088583,0.1380798041865429,0.1380798041088583,0.13807980405814568,0.13807980408305756,0.1380798041865429,0.138079804427738,0.1380798041865429,0.13807980408305756,0.13807980405814568,0.1380798041088583,0.1380798041865429,0.1380798041088583,0.13807980405814568,0.13807980403550468,0.13807980405814568,0.13807980408305756,0.13807980405814568,0.13807980403550468,0.13704476633561405,0.13704476639113752,0.1370447664611734,0.13704476639113752,0.13704476633561405,0.13704476639113752,0.13704476653439404,0.13704476683202194,0.13704476653439404,0.13704476639113752,0.1370447664611734,0.13704476683202194,0.13704476851050654,0.13704476683202194,0.1370447664611734,0.13704476639113752,0.13704476653439404,0.13704476683202194,0.13704476653439404,0.13704476639113752,0.13704476633561405,0.13704476639113752,0.1370447664611734,0.13704476639113752,0.13704476633561405,0.13602973301539506,0.13602973305601926,0.13602973309642855,0.13602973305601926,0.13602973301539506,0.13602973305601926,0.13602973313723193,0.13602973324754947,0.13602973313723193,0.13602973305601926,0.13602973309642855,0.13602973324754947,0.1360297335569898,0.13602973324754947,0.13602973309642855,0.13602973305601926,0.13602973313723193,0.13602973324754947,0.13602973313723193,0.13602973305601926,0.13602973301539506,0.13602973305601926,0.13602973309642855,0.13602973305601926,0.13602973301539506,0.13503425252630177,0.1350342525521381,0.13503425257363494,0.1350342525521381,0.13503425252630177,0.1350342525521381,0.13503425259414334,0.1350342526361588,0.13503425259414334,0.1350342525521381,0.13503425257363494,0.1350342526361588,0.13503425271312333,0.1350342526361588,0.13503425257363494,0.1350342525521381,0.13503425259414334,0.1350342526361588,0.13503425259414334,0.1350342525521381,0.13503425252630177,0.1350342525521381,0.13503425257363494,0.1350342525521381,0.13503425252630177
0.16533248780081214,0.16533248780081214,0.16533248780081214,0.16533248780081214,0.16533248780081214,0.16533248780081214,0.16533248780081214,0.16533248780081214,0.16533248780081214,0.16533248780081214,0.16533248780081214,0.16533248780081214,0.16533248780081214,0.16533248780081214,0.16533248780081214,0.16533248780081214,0.16533248780081214,0.16533248780081214,0.16533248780081214,0.16533248780081214,0.16533248780081214,0.16533248780081214,0.16533248780081214,0.16533248780081214,0.16533248780081214,0.16375749408170995,0.16375749408170995,0.16375749408170995,0.16375749408170995,0.16375749408170995,0.16375749408170995,0.16375749408170995,0.16375749408170995,0.16375749408170995,0.16375749408170995,0.16375749408170995,0.16375749408170995,0.16375749408170995,0.16375749408170995,0.16375749408170995,0.16375749408170995,0.16375749408170995,0.16375749408170995,0.16375749408170995,0.16375749408170995,0.16375749408170995,0.16375749408170995,0.16375749408170995,0.16375749408170995,0.16375749408170995,0.16221388429451053,0.16221388429451053,0.16221388429451053,0.16221388429451053,0.16221388429451053,0.16221388429451053,0.16221388429451053,0.16221388429451053,0.16221388429451053,0.16221388429451053,0.16221388429451053,0.16221388429451053,0.16221388429451053,0.16221388429451053,0.16221388429451053,0.16221388429451053,0.16221388429451053,0.16221388429451053,0.16221388429451053,0.16221388429451053,0.16221388429451053,0.16221388429451053,0.16221388429451053,0.16221388429451053,0.16221388429451053,0.16070106739625395,0.16070106739625395,0.16070106739625395,0.16070106739625395,0.16070106739625395,0.16070106739625395,0.16070106739625395,0.16070106739625395,0.16070106739625395,0.16070106739625395,0.16070106739625395,0.16070106739625395,0.16070106739625395,0.16070106739625395,0.16070106739625395,0.16070106739625395,0.16070106739625395,0.16070106739625395,0.16070106739625395,0.16070106739625395,0.16070106739625395,0.16070106739625395,0.16070106739625395,0.16070106739625395,0.16070106739625395,0.15921845176191832,0.15921845176191832,0.1592184517619181,0.15921845176191832,0.15921845176191832,0.15921845176191832,0.1592184517619181,0.1592184517619181,0.1592184517619181,0.15921845176191832,0.1592184517619181,0.1592184517619181,0.1592184517619181,0.1592184517619181,0.15921845176191832,0.15921845176191832,0.1592184517619181,0.1592184517619181,0.1592184517619181,0.15921845176191832,0.15921845176191832,0.15921845176191832,0.15921845176191832,0.15921845176191832,0.15921845176191832,0.15776544653627012,0.15776544653627012,0.15776544653627012,0.15776544653627012,0.15776544653627012,0.15776544653627012,0.15776544653627012,0.15776544653627012,0.15776544653627012,0.15776544653627012,0.15776544653627012,0.15776544653627012,0.15776544653627012,0.15776544653627012,0.15776544653627012,0.15776544653627012,0.15776544653627012,0.15776544653627012,0.15776544653627012,0.15776544653627012,0.15776544653627012,0.15776544653627012,0.15776544653627012,0.15776544653627012,0.15776544653627012,0.15634146284818837,0.15634146284818815,0.15634146284818815,0.15634146284818815,0.15634146284818837,0.15634146284818815,0.15634146284818815,0.15634146284818795,0.15634146284818815,0.15634146284818815,0.15634146284818815,0.15634146284818795,0.15634146284818795,0.15634146284818795,0.15634146284818815,0.15634146284818815,0.15634146284818815,0.15634146284818795,0.15634146284818815,0.15634146284818815,0.15634146284818837,0.15634146284818815,0.15634146284818815,0.15634146284818815,0.15634146284818837,0.15494591489772375,0.15494591489772333,0.15494591489772294,0.15494591489772333,0.15494591489772375,0.15494591489772333,0.15494591489772294,0.15494591489772272,0.15494591489772294,0.15494591489772333,0.15494591489772294,0.15494591489772272,0.1549459148977223,0.15494591489772272,0.15494591489772294,0.15494591489772333,0.15494591489772294,0.15494591489772272,0.15494591489772294,0.15494591489772333,0.15494591489772375,0.15494591489772333,0.15494591489772294,0.15494591489772333,0.15494591489772375,0.15357822092560414,0.15357822092560294,0.15357822092560233,0.15357822092560294,0.15357822092560414,0.15357822092560294,0.15357822092560172,0.15357822092560092,0.15357822092560172,0.15357822092560294,0.15357822092560233,0.15357822092560092,0.1535782209256001,0.15357822092560092,0.15357822092560233,0.15357822092560294,0.15357822092560172,0.15357822092560092,0.15357822092560172,0.15357822092560294,0.15357822092560414,0.15357822092560294,0.15357822092560233,0.15357822092560294,0.15357822092560414,0.1522378040743382,0.15223780407433446,0.15223780407433207,0.15223780407433446,0.1522378040743382,0.15223780407433446,0.15223780407433052,0.15223780407432816,0.15223780407433052,0.15223780407433446,0.15223780407433207,0.15223780407432816,0.1522378040743256,0.15223780407432816,0.15223780407433207,0.15223780407433446,0.15223780407433052,0.15223780407432816,0.15223780407433052,0.15223780407433446,0.1522378040743382,0.15223780407433446,0.15223780407433207,0.15223780407433446,0.1522378040743382,0.15092409314952276,0.15092409314951136,0.15092409314950422,0.15092409314951136,0.15092409314952276,0.15092409314951136,0.1509240931494992,0.15092409314949168,0.1509240931494992,0.15092409314951136,0.15092409314950422,0.15092409314949168,0.15092409314948357,0.15092409314949168,0.15092409314950422,0.15092409314951136,0.1509240931494992,0.15092409314949168,0.1509240931494992,0.15092409314951136,0.15092409314952276,0.15092409314951136,0.15092409314950422,0.15092409314951136,0.15092409314952276,0.1496365232894395,0.14963652328940488,0.14963652328938298,0.14963652328940488,0.1496365232894395,0.14963652328940488,0.1496365232893673,0.14963652328934288,0.1496365232893673,0.14963652328940488,0.14963652328938298,0.14963652328934288,0.14963652328931737,0.14963652328934288,0.14963652328938298,0.14963652328940488,0.1496365232893673,0.14963652328934288,0.1496365232893673,0.14963652328940488,0.1496365232894395,0.14963652328940488,0.14963652328938298,0.14963652328940488,0.1496365232894395,0.14837453655050648,0.14837453655040214,0.14837453655033542,0.14837453655040214,0.14837453655050648,0.14837453655040214,0.14837453655028537,0.14837453655020938,0.14837453655028537,0.14837453655040214,0.14837453655033542,0.14837453655020938,0.1483745365501275,0.14837453655020938,0.14837453655033542,0.14837453655040214,0.14837453655028537,0.14837453655020938,0.14837453655028537,0.14837453655040214,0.14837453655050648,0.14837453655040214,0.14837453655033542,0.14837453655040214,0.14837453655050648,0.14713758241567684,0.1471375824153675,0.14713758241516603,0.1471375824153675,0.14713758241567684,0.1471375824153675,0.14713758241500818,0.1471375824147682,0.14713758241500818,0.1471375824153675,0.14713758241516603,0.1471375824147682,0.14713758241450006,0.1471375824147682,0.14713758241516603,0.1471375824153675,0.14713758241500818,0.1471375824147682,0.14713758241500818,0.1471375824153675,0.14713758241567684,0.1471375824153675,0.14713758241516603,0.1471375824153675,0.14713758241567684,0.14592511823245127,0.14592511823155382,0.14592511823095056,0.14592511823155382,0.14592511823245127,0.14592511823155382,0.14592511823045518,0.14592511822968415,0.14592511823045518,0.14592511823155382,0.14592511823095056,0.14592511822968415,0.145925118228773,0.14592511822968415,0.14592511823095056,0.14592511823155382,0.14592511823045518,0.14592511822968415,0.14592511823045518,0.14592511823155382,0.14592511823245127,0.14592511823155382,0.14592511823095056,0.14592511823155382,0.14592511823245127,0.14473660958684495,0.14473660958432605,0.14473660958254564,0.14473660958432605,0.14473660958684495,0.14473660958432605,0.14473660958100246,0.14473660957847548,0.14473660958100246,0.14473660958432605,0.14473660958254564,0.14473660957847548,0.14473660957519832,0.14473660957847548,0.14473660958254564,0.14473660958432605,0.14473660958100246,0.14473660957847548,0.14473660958100246,0.14473660958432605,0.14473660958684495,0.14473660958432605,0.14473660958254564,0.14473660958432605,0.14473660958684495,0.14357153061951097,0.14357153061281153,0.14357153060769012,0.14357153061281153,0.14357153061951097,0.14357153061281153,0.14357153060299563,0.14357153059451647,0.14357153060299563,0.14357153061281153,0.14357153060769012,0.14357153059451647,0.14357153058172015,0.14357153059451647,0.14357153060769012,0.14357153061281153,0.14357153060299563,0.14357153059451647,0.14357153060299563,0.14357153061281153,0.14357153061951097,0.14357153061281153,0.14357153060769012,0.14357153061281153,0.14357153061951097,0.14242936429029854,0.14242936427402475,0.14242936426002953,0.14242936427402475,0.14242936429029854,0.14242936427402475,0.14242936424648725,0.14242936421759517,0.14242936424648725,0.14242936427402475,0.14242936426002953,0.14242936421759517,0.1424293641619565,0.14242936421759517,0.14242936426002953,0.14242936427402475,0.14242936424648725,0.14242936421759517,0.14242936424648725,0.14242936427402475,0.14242936429029854,0.14242936427402475,0.14242936426002953,0.14242936427402475,0.14242936429029854,0.14130960259705802,0.14130960256354302,0.14130960252937394,0.14130960256354302,0.14130960259705802,0.14130960256354302,0.14130960249458926,0.14130960239862972,0.14130960249458926,0.14130960256354302,0.14130960252937394,0.14130960239862972,0.1413096021250501,0.14130960239862972,0.14130960252937394,0.14130960256354302,0.14130960249458926,0.14130960239862972,0.14130960249458926,0.14130960256354302,0.14130960259705802,0.14130960256354302,0.14130960252937394,0.14130960256354302,0.14130960259705802,0.14021174674938944,0.14021174670105294,0.14021174663898914,0.14021174670105294,0.14021174674938944,0.14021174670105294,0.14021174657383942,0.14021174630610383,0.14021174657383942,0.14021174670105294,0.14021174663898914,0.14021174630610383,0.140211744786707,0.14021174630610383,0.14021174663898914,0.14021174670105294,0.14021174657383942,0.14021174630610383,0.14021174657383942,0.14021174670105294,0.14021174674938944,0.14021174670105294,0.14021174663898914,0.14021174670105294,0.14021174674938944,0.1391353072771383,0.1391353072594767,0.1391353072391603,0.1391353072594767,0.1391353072771383,0.1391353072594767,0.13913530721786976,0.1391353071514131,0.13913530721786976,0.1391353072594767,0.1391353072391603,0.1391353071514131,0.13913530693886392,0.1391353071514131,0.1391353072391603,0.1391353072594767,0.13913530721786976,0.1391353071514131,0.13913530721786976,0.1391353072594767,0.1391353072771383,0.1391353072594767,0.1391353072391603,0.1391353072594767,0.1391353072771383,0.1380798040346037,0.13807980405721124,0.13807980408208653,0.13807980405721124,0.1380798040346037,0.13807980405721124,0.13807980410784948,0.1380798041854198,0.13807980410784948,0.13807980405721124,0.13807980408208653,0.1380798041854198,0.13807980442626047,0.1380798041854198,0.13807980408208653,0.13807980405721124,0.13807980410784948,0.1380798041854198,0.13807980410784948,0.13807980405721124,0.1380798040346037,0.13807980405721124,0.13807980408208653,0.13807980405721124,0.1380798040346037,0.1370447663343746,0.13704476638981644,0.1370447664597494,0.13704476638981644,0.1370447663343746,0.13704476638981644,0.13704476653286238,0.13704476683005273,0.13704476653286238,0.13704476638981644,0.1370447664597494,0.13704476683005273,0.137044768506084,0.13704476683005273,0.1370447664597494,0.13704476638981644,0.13704476653286238,0.13704476683005273,0.13704476653286238,0.13704476638981644,0.1370447663343746,0.13704476638981644,0.1370447664597494,0.13704476638981644,0.1370447663343746,0.13602973301398272,0.13602973305454727,0.13602973309489708,0.13602973305454727,0.13602973301398272,0.13602973305454727,0.13602973313564037,0.13602973324579581,0.13602973313564037,0.13602973305454727,0.13602973309489708,0.13602973324579581,0.1360297335547814,0.13602973324579581,0.13602973309489708,0.13602973305454727,0.13602973313564037,0.13602973324579581,0.13602973313564037,0.13602973305454727,0.13602973301398272,0.13602973305454727,0.13602973309489708,0.13602973305454727,0.13602973301398272,0.13503425252483867,0.13503425255063697,0.13503425257210222,0.13503425255063697,0.13503425252483867,0.13503425255063697,0.13503425259258048,0.1350342526345341,0.13503425259258048,0.13503425255063697,0.13503425257210222,0.1350342526345341,0.13503425271138572,0.1350342526345341,0.13503425257210222,0.13503425255063697,0.13503425259258048,0.1350342526345341,0.13503425259258048,0.13503425255063697,0.13503425252483867,0.13503425255063697,0.13503425257210222,0.13503425255063697,0.13503425252483867
0.16533248780118406,0.16533248780118406,0.16533248780118406,0.16533248780118406,0.16533248780118406,0.16533248780118406,0.16533248780118406,0.16533248780118406,0.16533248780118406,0.16533248780118406,0.16533248780118406,0.16533248780118406,0.16533248780118406,0.16533248780118406,0.16533248780118406,0.16533248780118406,0.16533248780118406,0.16533248780118406,0.16533248780118406,0.16533248780118406,0.16533248780118406,0.16533248780118406,0.16533248780118406,0.16533248780118406,0.16533248780118406,0.16375749408207424,0.16375749408207424,0.16375749408207424,0.16375749408207424,0.16375749408207424,0.16375749408207424,0.16375749408207424,0.16375749408207424,0.16375749408207424,0.16375749408207424,0.16375749408207424,0.16375749408207424,0.16375749408207424,0.16375749408207424,0.16375749408207424,0.16375749408207424,0.16375749408207424,0.16375749408207424,0.16375749408207424,0.16375749408207424,0.16375749408207424,0.16375749408207424,0.16375749408207424,0.16375749408207424,0.16375749408207424,0.16221388429486686,0.16221388429486686,0.16221388429486686,0.16221388429486686,0.16221388429486686,0.16221388429486686,0.16221388429486686,0.16221388429486686,0.16221388429486686,0.16221388429486686,0.16221388429486686,0.16221388429486686,0.16221388429486686,0.16221388429486686,0.16221388429486686,0.16221388429486686,0.16221388429486686,0.16221388429486686,0.16221388429486686,0.16221388429486686,0.16221388429486686,0.16221388429486686,0.16221388429486686,0.16221388429486686,0.16221388429486686,0.16070106739660206,0.16070106739660206,0.16070106739660206,0.16070106739660206,0.16070106739660206,0.16070106739660206,0.16070106739660206,0.16070106739660206,0.16070106739660206,0.16070106739660206,0.16070106739660206,0.16070106739660206,0.16070106739660206,0.16070106739660206,0.16070106739660206,0.16070106739660206,0.16070106739660206,0.16070106739660206,0.16070106739660206,0.16070106739660206,0.16070106739660206,0.16070106739660206,0.16070106739660206,0.16070106739660206,0.16070106739660206,0.15921845176225818,0.15921845176225818,0.15921845176225818,0.15921845176225818,0.15921845176225818,0.15921845176225818,0.15921845176225818,0.15921845176225818,0.15921845176225818,0.15921845176225818,0.15921845176225818,0.15921845176225818,0.15921845176225818,0.15921845176225818,0.15921845176225818,0.15921845176225818,0.15921845176225818,0.15921845176225818,0.15921845176225818,0.15921845176225818,0.15921845176225818,0.15921845176225818,0.15921845176225818,0.15921845176225818,0.15921845176225818,0.1577654465366017,0.1577654465366017,0.1577654465366017,0.1577654465366017,0.1577654465366017,0.1577654465366017,0.1577654465366017,0.15776544653660146,0.1577654465366017,0.1577654465366017,0.1577654465366017,0.15776544653660146,0.15776544653660146,0.15776544653660146,0.1577654465366017,0.1577654465366017,0.1577654465366017,0.15776544653660146,0.1577654465366017,0.1577654465366017,0.1577654465366017,0.1577654465366017,0.1577654465366017,0.1577654465366017,0.1577654465366017,0.15634146284851122,0.15634146284851122,0.15634146284851103,0.15634146284851122,0.15634146284851122,0.15634146284851122,0.15634146284851103,0.15634146284851103,0.15634146284851103,0.15634146284851122,0.15634146284851103,0.15634146284851103,0.1563414628485108,0.15634146284851103,0.15634146284851103,0.15634146284851122,0.15634146284851103,0.15634146284851103,0.15634146284851103,0.15634146284851122,0.15634146284851122,0.15634146284851122,0.15634146284851103,0.15634146284851122,0.15634146284851122,0.1549459148980379,0.1549459148980375,0.1549459148980373,0.1549459148980375,0.1549459148980379,0.1549459148980375,0.15494591489803708,0.15494591489803688,0.15494591489803708,0.1549459148980375,0.1549459148980373,0.15494591489803688,0.1549459148980365,0.15494591489803688,0.1549459148980373,0.1549459148980375,0.15494591489803708,0.15494591489803688,0.15494591489803708,0.1549459148980375,0.1549459148980379,0.1549459148980375,0.1549459148980373,0.1549459148980375,0.1549459148980379,0.15357822092590964,0.15357822092590842,0.15357822092590762,0.15357822092590842,0.15357822092590964,0.15357822092590842,0.153578220925907,0.15357822092590642,0.153578220925907,0.15357822092590842,0.15357822092590762,0.15357822092590642,0.15357822092590562,0.15357822092590642,0.15357822092590762,0.15357822092590842,0.153578220925907,0.15357822092590642,0.153578220925907,0.15357822092590842,0.15357822092590964,0.15357822092590842,0.15357822092590762,0.15357822092590842,0.15357822092590964,0.15223780407463444,0.1522378040746309,0.15223780407462853,0.1522378040746309,0.15223780407463444,0.1522378040746309,0.15223780407462698,0.1522378040746246,0.15223780407462698,0.1522378040746309,0.15223780407462853,0.1522378040746246,0.15223780407462204,0.1522378040746246,0.15223780407462853,0.1522378040746309,0.15223780407462698,0.1522378040746246,0.15223780407462698,0.1522378040746309,0.15223780407463444,0.1522378040746309,0.15223780407462853,0.1522378040746309,0.15223780407463444,0.15092409314981,0.15092409314979863,0.1509240931497915,0.15092409314979863,0.15092409314981,0.15092409314979863,0.15092409314978666,0.15092409314977892,0.15092409314978666,0.15092409314979863,0.1509240931497915,0.15092409314977892,0.15092409314977104,0.15092409314977892,0.1509240931497915,0.15092409314979863,0.15092409314978666,0.15092409314977892,0.15092409314978666,0.15092409314979863,0.15092409314981,0.15092409314979863,0.1509240931497915,0.15092409314979863,0.15092409314981,0.14963652328971785,0.14963652328968324,0.1496365232896613,0.14963652328968324,0.14963652328971785,0.14963652328968324,0.1496365232896456,0.1496365232896214,0.1496365232896456,0.14963652328968324,0.1496365232896613,0.1496365232896214,0.1496365232895957,0.1496365232896214,0.1496365232896613,0.14963652328968324,0.1496365232896456,0.1496365232896214,0.1496365232896456,0.14963652328968324,0.14963652328971785,0.14963652328968324,0.1496365232896613,0.14963652328968324,0.14963652328971785,0.1483745365507756,0.14837453655067143,0.14837453655060492,0.14837453655067143,0.1483745365507756,0.14837453655067143,0.14837453655055485,0.14837453655047905,0.14837453655055485,0.14837453655067143,0.14837453655060492,0.14837453655047905,0.1483745365503973,0.14837453655047905,0.14837453655060492,0.14837453655067143,0.14837453655055485,0.14837453655047905,0.14837453655055485,0.14837453655067143,0.1483745365507756,0.14837453655067143,0.14837453655060492,0.14837453655067143,0.1483745365507756,0.14713758241593644,0.14713758241562763,0.14713758241542654,0.14713758241562763,0.14713758241593644,0.14713758241562763,0.14713758241526903,0.14713758241502925,0.14713758241526903,0.14713758241562763,0.14713758241542654,0.14713758241502925,0.1471375824147615,0.14713758241502925,0.14713758241542654,0.14713758241562763,0.14713758241526903,0.14713758241502925,0.14713758241526903,0.14713758241562763,0.14713758241593644,0.14713758241562763,0.14713758241542654,0.14713758241562763,0.14713758241593644,0.1459251182327007,0.14592511823180454,0.14592511823120233,0.14592511823180454,0.1459251182327007,0.14592511823180454,0.14592511823070747,0.14592511822993773,0.14592511823070747,0.14592511823180454,0.14592511823120233,0.14592511822993773,0.1459251182290278,0.14592511822993773,0.14592511823120233,0.14592511823180454,0.14592511823070747,0.14592511822993773,0.14592511823070747,0.14592511823180454,0.1459251182327007,0.14592511823180454,0.14592511823120233,0.14592511823180454,0.1459251182327007,0.14473660958708168,0.1447366095845664,0.14473660958278858,0.1447366095845664,0.14473660958708168,0.1447366095845664,0.1447366095812477,0.1447366095787244,0.1447366095812477,0.1447366095845664,0.14473660958278858,0.1447366095787244,0.14473660957545212,0.1447366095787244,0.14473660958278858,0.1447366095845664,0.1447366095812477,0.1447366095787244,0.1447366095812477,0.1447366095845664,0.14473660958708168,0.1447366095845664,0.14473660958278858,0.1447366095845664,0.14473660958708168,0.14357153061972722,0.14357153061303773,0.14357153060792385,0.14357153061303773,0.14357153061972722,0.14357153061303773,0.1435715306032362,0.14357153059476957,0.1435715306032362,0.14357153061303773,0.14357153060792385,0.14357153059476957,0.14357153058199204,0.14357153059476957,0.14357153060792385,0.14357153061303773,0.1435715306032362,0.14357153059476957,0.1435715306032362,0.14357153061303773,0.14357153061972722,0.14357153061303773,0.14357153060792385,0.14357153061303773,0.14357153061972722,0.1424293642904745,0.14242936427422453,0.14242936426024996,0.14242936427422453,0.1424293642904745,0.14242936427422453,0.14242936424672747,0.14242936421787783,0.14242936424672747,0.14242936427422453,0.14242936426024996,0.14242936421787783,0.14242936416232088,0.14242936421787783,0.14242936426024996,0.14242936427422453,0.14242936424672747,0.14242936421787783,0.14242936424672747,0.14242936427422453,0.1424293642904745,0.14242936427422453,0.14242936426024996,0.14242936427422453,0.1424293642904745,0.14130960259714404,0.14130960256367822,0.1413096025295593,0.14130960256367822,0.14130960259714404,0.14130960256367822,0.1413096024948256,0.141309602399007,0.1413096024948256,0.14130960256367822,0.1413096025295593,0.141309602399007,0.141309602125829,0.141309602399007,0.1413096025295593,0.14130960256367822,0.1413096024948256,0.141309602399007,0.1413096024948256,0.14130960256367822,0.14130960259714404,0.14130960256367822,0.1413096025295593,0.14130960256367822,0.14130960259714404,0.14021174674928302,0.14021174670101746,0.14021174663904476,0.14021174670101746,0.14021174674928302,0.14021174670101746,0.14021174657399066,0.1402117463066484,0.14021174657399066,0.14021174670101746,0.14021174663904476,0.1402117463066484,0.14021174478948217,0.1402117463066484,0.14021174663904476,0.14021174670101746,0.14021174657399066,0.1402117463066484,0.14021174657399066,0.14021174670101746,0.14021174674928302,0.14021174670101746,0.14021174663904476,0.14021174670101746,0.14021174674928302,0.13913530727669085,0.1391353072590552,0.1391353072387685,0.1391353072590552,0.13913530727669085,0.1391353072590552,0.13913530721750925,0.13913530715115033,0.13913530721750925,0.1391353072590552,0.1391353072387685,0.13913530715115033,0.13913530693891327,0.13913530715115033,0.1391353072387685,0.1391353072590552,0.13913530721750925,0.13913530715115033,0.13913530721750925,0.1391353072590552,0.13913530727669085,0.1391353072590552,0.1391353072387685,0.1391353072590552,0.13913530727669085,0.13807980403375764,0.13807980405633216,0.13807980408117088,0.13807980405633216,0.13807980403375764,0.13807980405633216,0.13807980410689596,0.13807980418435248,0.13807980410689596,0.13807980405633216,0.13807980408117088,0.13807980418435248,0.1380798044248395,0.13807980418435248,0.13807980408117088,0.13807980405633216,0.13807980410689596,0.13807980418435248,0.13807980410689596,0.13807980405633216,0.13807980403375764,0.13807980405633216,0.13807980408117088,0.13807980405633216,0.13807980403375764,0.1370447663331937,0.13704476638855437,0.1370447664583845,0.13704476638855437,0.1370447663331937,0.13704476638855437,0.1370447665313902,0.13704476682814418,0.1370447665313902,0.13704476638855437,0.1370447664583845,0.13704476682814418,0.13704476850171454,0.13704476682814418,0.1370447664583845,0.13704476638855437,0.1370447665313902,0.13704476682814418,0.1370447665313902,0.13704476638855437,0.1370447663331937,0.13704476638855437,0.1370447664583845,0.13704476638855437,0.1370447663331937,0.1360297330126309,0.13602973305313584,0.13602973309342659,0.13602973305313584,0.1360297330126309,0.13602973305313584,0.1360297331341101,0.13602973324410375,0.1360297331341101,0.13602973305313584,0.13602973309342659,0.13602973324410375,0.1360297335526356,0.13602973324410375,0.13602973309342659,0.13602973305313584,0.1360297331341101,0.13602973324410375,0.1360297331341101,0.13602973305313584,0.1360297330126309,0.13602973305313584,0.13602973309342659,0.13602973305313584,0.1360297330126309,0.13503425252343654,0.13503425254919696,0.13503425257063065,0.13503425254919696,0.13503425252343654,0.13503425254919696,0.13503425259107893,0.13503425263297095,0.13503425259107893,0.13503425254919696,0.13503425257063065,0.13503425263297095,0.13503425270970953,0.13503425263297095,0.13503425257063065,0.13503425254919696,0.13503425259107893,0.13503425263297095,0.13503425259107893,0.13503425254919696,0.13503425252343654,0.13503425254919696,0.13503425257063065,0.13503425254919696,0.13503425252343654
0.16533248780153592,0.16533248780153592,0.16533248780153592,0.16533248780153592,0.16533248780153592,0.16533248780153592,0.16533248780153592,0.16533248780153592,0.16533248780153592,0.16533248780153592,0.16533248780153592,0.16533248780153592,0.16533248780153592,0.16533248780153592,0.16533248780153592,0.16533248780153592,0.16533248780153592,0.16533248780153592,0.16533248780153592,0.16533248780153592,0.16533248780153592,0.16533248780153592,0.16533248780153592,0.16533248780153592,0.16533248780153592,0.16375749408241883,0.16375749408241883,0.16375749408241883,0.16375749408241883,0.16375749408241883,0.16375749408241883,0.16375749408241883,0.16375749408241883,0.16375749408241883,0.16375749408241883,0.16375749408241883,0.16375749408241883,0.16375749408241883,0.16375749408241883,0.16375749408241883,0.16375749408241883,0.16375749408241883,0.16375749408241883,0.16375749408241883,0.16375749408241883,0.16375749408241883,0.16375749408241883,0.16375749408241883,0.16375749408241883,0.16375749408241883,0.1622138842952044,0.1622138842952044,0.1622138842952044,0.1622138842952044,0.1622138842952044,0.1622138842952044,0.1622138842952044,0.1622138842952044,0.1622138842952044,0.1622138842952044,0.1622138842952044,0.1622138842952044,0.16221388429520414,0.16221388429520414,0.1622138842952044,0.1622138842952044,0.1622138842952044,0.16221388429520414,0.1622138842952044,0.1622138842952044,0.1622138842952044,0.1622138842952044,0.1622138842952044,0.1622138842952044,0.1622138842952044,0.1607010673969326,0.1607010673969326,0.1607010673969326,0.1607010673969326,0.1607010673969326,0.1607010673969326,0.1607010673969326,0.1607010673969326,0.1607010673969326,0.1607010673969326,0.1607010673969326,0.1607010673969326,0.1607010673969326,0.1607010673969326,0.1607010673969326,0.1607010673969326,0.1607010673969326,0.1607010673969326,0.1607010673969326,0.1607010673969326,0.1607010673969326,0.1607010673969326,0.1607010673969326,0.1607010673969326,0.1607010673969326,0.15921845176258148,0.15921845176258148,0.15921845176258148,0.15921845176258148,0.15921845176258148,0.15921845176258148,0.15921845176258148,0.15921845176258148,0.15921845176258148,0.15921845176258148,0.15921845176258148,0.15921845176258148,0.15921845176258148,0.15921845176258148,0.15921845176258148,0.15921845176258148,0.15921845176258148,0.15921845176258148,0.15921845176258148,0.15921845176258148,0.15921845176258148,0.15921845176258148,0.15921845176258148,0.15921845176258148,0.15921845176258148,0.15776544653691812,0.1577654465369179,0.1577654465369179,0.1577654465369179,0.15776544653691812,0.1577654465369179,0.1577654465369179,0.1577654465369179,0.1577654465369179,0.1577654465369179,0.1577654465369179,0.1577654465369179,0.1577654465369179,0.1577654465369179,0.1577654465369179,0.1577654465369179,0.1577654465369179,0.1577654465369179,0.1577654465369179,0.1577654465369179,0.15776544653691812,0.1577654465369179,0.1577654465369179,0.1577654465369179,0.15776544653691812,0.1563414628488207,0.15634146284882047,0.15634146284882047,0.15634146284882047,0.1563414628488207,0.15634146284882047,0.15634146284882028,0.15634146284882028,0.15634146284882028,0.15634146284882047,0.15634146284882047,0.15634146284882028,0.15634146284882028,0.15634146284882028,0.15634146284882047,0.15634146284882047,0.15634146284882028,0.15634146284882028,0.15634146284882028,0.15634146284882047,0.1563414628488207,0.15634146284882047,0.15634146284882047,0.15634146284882047,0.1563414628488207,0.15494591489834017,0.15494591489833975,0.15494591489833956,0.15494591489833975,0.15494591489834017,0.15494591489833975,0.15494591489833937,0.15494591489833914,0.15494591489833937,0.15494591489833975,0.15494591489833956,0.15494591489833914,0.15494591489833895,0.15494591489833914,0.15494591489833956,0.15494591489833975,0.15494591489833937,0.15494591489833914,0.15494591489833937,0.15494591489833975,0.15494591489834017,0.15494591489833975,0.15494591489833956,0.15494591489833975,0.15494591489834017,0.15357822092620504,0.15357822092620385,0.15357822092620305,0.15357822092620385,0.15357822092620504,0.15357822092620385,0.15357822092620263,0.15357822092620185,0.15357822092620263,0.15357822092620385,0.15357822092620305,0.15357822092620185,0.15357822092620105,0.15357822092620185,0.15357822092620305,0.15357822092620385,0.15357822092620263,0.15357822092620185,0.15357822092620263,0.15357822092620385,0.15357822092620504,0.15357822092620385,0.15357822092620305,0.15357822092620385,0.15357822092620504,0.15223780407492302,0.15223780407491946,0.1522378040749171,0.15223780407491946,0.15223780407492302,0.15223780407491946,0.15223780407491552,0.15223780407491316,0.15223780407491552,0.15223780407491946,0.1522378040749171,0.15223780407491316,0.1522378040749106,0.15223780407491316,0.1522378040749171,0.15223780407491946,0.15223780407491552,0.15223780407491316,0.15223780407491552,0.15223780407491946,0.15223780407492302,0.15223780407491946,0.1522378040749171,0.15223780407491946,0.15223780407492302,0.15092409315009184,0.15092409315008048,0.15092409315007335,0.15092409315008048,0.15092409315009184,0.15092409315008048,0.15092409315006833,0.1509240931500608,0.15092409315006833,0.15092409315008048,0.15092409315007335,0.1509240931500608,0.15092409315005267,0.1509240931500608,0.15092409315007335,0.15092409315008048,0.15092409315006833,0.1509240931500608,0.15092409315006833,0.15092409315008048,0.15092409315009184,0.15092409315008048,0.15092409315007335,0.15092409315008048,0.15092409315009184,0.14963652328999277,0.14963652328995816,0.14963652328993624,0.14963652328995816,0.14963652328999277,0.14963652328995816,0.14963652328992055,0.14963652328989635,0.14963652328992055,0.14963652328995816,0.14963652328993624,0.14963652328989635,0.14963652328987082,0.14963652328989635,0.14963652328993624,0.14963652328995816,0.14963652328992055,0.14963652328989635,0.14963652328992055,0.14963652328995816,0.14963652328999277,0.14963652328995816,0.14963652328993624,0.14963652328995816,0.14963652328999277,0.14837453655104377,0.1483745365509396,0.14837453655087326,0.1483745365509396,0.14837453655104377,0.1483745365509396,0.14837453655082322,0.14837453655074762,0.14837453655082322,0.1483745365509396,0.14837453655087326,0.14837453655074762,0.14837453655066588,0.14837453655074762,0.14837453655087326,0.1483745365509396,0.14837453655082322,0.14837453655074762,0.14837453655082322,0.1483745365509396,0.14837453655104377,0.1483745365509396,0.14837453655087326,0.1483745365509396,0.14837453655104377,0.14713758241619768,0.14713758241588923,0.1471375824156883,0.14713758241588923,0.14713758241619768,0.14713758241588923,0.147137582415531,0.14713758241529173,0.147137582415531,0.14713758241588923,0.1471375824156883,0.14713758241529173,0.14713758241502434,0.14713758241529173,0.1471375824156883,0.14713758241588923,0.147137582415531,0.14713758241529173,0.147137582415531,0.14713758241588923,0.14713758241619768,0.14713758241588923,0.1471375824156883,0.14713758241588923,0.14713758241619768,0.14592511823295395,0.14592511823205917,0.14592511823145768,0.14592511823205917,0.14592511823295395,0.14592511823205917,0.1459251182309637,0.14592511823019502,0.1459251182309637,0.14592511823205917,0.14592511823145768,0.14592511823019502,0.14592511822928636,0.14592511823019502,0.14592511823145768,0.14592511823205917,0.1459251182309637,0.14592511823019502,0.1459251182309637,0.14592511823205917,0.14592511823295395,0.14592511823205917,0.14592511823145768,0.14592511823205917,0.14592511823295395,0.1447366095873243,0.14473660958481288,0.14473660958303752,0.14473660958481288,0.1447366095873243,0.14473660958481288,0.14473660958149906,0.1447366095789794,0.14473660958149906,0.14473660958481288,0.14473660958303752,0.1447366095789794,0.14473660957571186,0.1447366095789794,0.14473660958303752,0.14473660958481288,0.14473660958149906,0.1447366095789794,0.14473660958149906,0.14473660958481288,0.1447366095873243,0.14473660958481288,0.14473660958303752,0.14473660958481288,0.1447366095873243,0.1435715306199521,0.14357153061327232,0.143571530608166,0.14357153061327232,0.1435715306199521,0.14357153061327232,0.1435715306034852,0.14357153059503086,0.1435715306034852,0.14357153061327232,0.143571530608166,0.14357153059503086,0.14357153058227198,0.14357153059503086,0.143571530608166,0.14357153061327232,0.1435715306034852,0.14357153059503086,0.1435715306034852,0.14357153061327232,0.1435715306199521,0.14357153061327232,0.143571530608166,0.14357153061327232,0.1435715306199521,0.1424293642906609,0.14242936427443473,0.1424293642604806,0.14242936427443473,0.1424293642906609,0.14242936427443473,0.1424293642469781,0.1424293642181707,0.1424293642469781,0.14242936427443473,0.1424293642604806,0.1424293642181707,0.1424293641626953,0.1424293642181707,0.1424293642604806,0.14242936427443473,0.1424293642469781,0.1424293642181707,0.1424293642469781,0.14242936427443473,0.1424293642906609,0.14242936427443473,0.1424293642604806,0.14242936427443473,0.1424293642906609,0.14130960259724257,0.1413096025638259,0.14130960252975697,0.1413096025638259,0.14130960259724257,0.1413096025638259,0.1413096024950743,0.14130960239939613,0.1413096024950743,0.1413096025638259,0.14130960252975697,0.14130960239939613,0.14130960212661878,0.14130960239939613,0.14130960252975697,0.1413096025638259,0.1413096024950743,0.14130960239939613,0.1413096024950743,0.1413096025638259,0.14130960259724257,0.1413096025638259,0.14130960252975697,0.1413096025638259,0.14130960259724257,0.14021174674919143,0.14021174670099681,0.14021174663911493,0.14021174670099681,0.14021174674919143,0.14021174670099681,0.14021174657415628,0.14021174630720584,0.14021174657415628,0.14021174670099681,0.14021174663911493,0.14021174630720584,0.14021174479225942,0.14021174630720584,0.14021174663911493,0.14021174670099681,0.14021174657415628,0.14021174630720584,0.14021174657415628,0.14021174670099681,0.14021174674919143,0.14021174670099681,0.14021174663911493,0.14021174670099681,0.14021174674919143,0.13913530727626094,0.13913530725865106,0.1391353072383941,0.13913530725865106,0.13913530727626094,0.13913530725865106,0.13913530721716597,0.1391353071509043,0.13913530721716597,0.13913530725865106,0.1391353072383941,0.1391353071509043,0.1391353069389784,0.1391353071509043,0.1391353072383941,0.13913530725865106,0.13913530721716597,0.1391353071509043,0.13913530721716597,0.13913530725865106,0.13913530727626094,0.13913530725865106,0.1391353072383941,0.13913530725865106,0.13913530727626094,0.13807980403293144,0.13807980405547277,0.1380798040802752,0.13807980405547277,0.13807980403293144,0.13807980405547277,0.13807980410596246,0.13807980418330532,0.13807980410596246,0.13807980405547277,0.1380798040802752,0.13807980418330532,0.13807980442343978,0.13807980418330532,0.1380798040802752,0.13807980405547277,0.13807980410596246,0.13807980418330532,0.13807980410596246,0.13807980405547277,0.13807980403293144,0.13807980405547277,0.1380798040802752,0.13807980405547277,0.13807980403293144,0.1370447663320344,0.13704476638731386,0.1370447664570417,0.13704476638731386,0.1370447663320344,0.13704476638731386,0.13704476652994033,0.13704476682625916,0.13704476652994033,0.13704476638731386,0.1370447664570417,0.13704476682625916,0.137044768497375,0.13704476682625916,0.1370447664570417,0.13704476638731386,0.13704476652994033,0.13704476682625916,0.13704476652994033,0.13704476638731386,0.1370447663320344,0.13704476638731386,0.1370447664570417,0.13704476638731386,0.1370447663320344,0.13602973301130153,0.13602973305174704,0.1360297330919786,0.13602973305174704,0.13602973301130153,0.13602973305174704,0.13602973313260247,0.13602973324243495,0.13602973313260247,0.13602973305174704,0.1360297330919786,0.13602973324243495,0.13602973355051443,0.13602973324243495,0.1360297330919786,0.13602973305174704,0.13602973313260247,0.13602973324243495,0.13602973313260247,0.13602973305174704,0.13602973301130153,0.13602973305174704,0.1360297330919786,0.13602973305174704,0.13602973301130153,0.13503425252205692,0.13503425254777945,0.13503425256918183,0.13503425254777945,0.13503425252205692,0.13503425254777945,0.13503425258960014,0.13503425263143062,0.13503425258960014,0.13503425254777945,0.13503425256918183,0.13503425263143062,0.13503425270805688,0.13503425263143062,0.13503425256918183,0.13503425254777945,0.13503425258960014,0.13503425263143062,0.13503425258960014,0.13503425254777945,0.13503425252205692,0.13503425254777945,0.13503425256918183,0.13503425254777945,0.13503425252205692
0.16533248780188023,0.16533248780188023,0.16533248780188023,0.16533248780188023,0.16533248780188023,0.16533248780188023,0.16533248780188023,0.16533248780188023,0.16533248780188023,0.16533248780188023,0.16533248780188023,0.16533248780188023,0.16533248780188023,0.16533248780188023,0.16533248780188023,0.16533248780188023,0.16533248780188023,0.16533248780188023,0.16533248780188023,0.16533248780188023,0.16533248780188023,0.16533248780188023,0.16533248780188023,0.16533248780188023,0.16533248780188023,0.1637574940827563,0.1637574940827563,0.1637574940827563,0.1637574940827563,0.1637574940827563,0.1637574940827563,0.1637574940827563,0.1637574940827563,0.1637574940827563,0.1637574940827563,0.1637574940827563,0.1637574940827563,0.1637574940827563,0.1637574940827563,0.1637574940827563,0.1637574940827563,0.1637574940827563,0.1637574940827563,0.1637574940827563,0.1637574940827563,0.1637574940827563,0.1637574940827563,0.1637574940827563,0.1637574940827563,0.1637574940827563,0.16221388429553488,0.16221388429553488,0.16221388429553488,0.16221388429553488,0.16221388429553488,0.16221388429553488,0.16221388429553488,0.16221388429553488,0.16221388429553488,0.16221388429553488,0.16221388429553488,0.16221388429553488,0.16221388429553488,0.16221388429553488,0.16221388429553488,0.16221388429553488,0.16221388429553488,0.16221388429553488,0.16221388429553488,0.16221388429553488,0.16221388429553488,0.16221388429553488,0.16221388429553488,0.16221388429553488,0.16221388429553488,0.1607010673972565,0.1607010673972563,0.1607010673972563,0.1607010673972563,0.1607010673972565,0.1607010673972563,0.1607010673972563,0.1607010673972563,0.1607010673972563,0.1607010673972563,0.1607010673972563,0.1607010673972563,0.1607010673972563,0.1607010673972563,0.1607010673972563,0.1607010673972563,0.1607010673972563,0.1607010673972563,0.1607010673972563,0.1607010673972565,0.1607010673972565,0.1607010673972563,0.1607010673972563,0.1607010673972565,0.1607010673972565,0.1592184517628989,0.1592184517628987,0.1592184517628987,0.1592184517628987,0.1592184517628989,0.1592184517628987,0.1592184517628987,0.1592184517628987,0.1592184517628987,0.1592184517628987,0.1592184517628987,0.1592184517628987,0.1592184517628987,0.1592184517628987,0.1592184517628987,0.1592184517628987,0.1592184517628987,0.1592184517628987,0.1592184517628987,0.1592184517628987,0.1592184517628989,0.1592184517628987,0.1592184517628987,0.1592184517628987,0.1592184517628989,0.1577654465372288,0.1577654465372288,0.1577654465372288,0.1577654465372288,0.1577654465372288,0.1577654465372288,0.1577654465372288,0.1577654465372288,0.1577654465372288,0.1577654465372288,0.1577654465372288,0.1577654465372288,0.15776544653722857,0.1577654465372288,0.1577654465372288,0.1577654465372288,0.1577654465372288,0.1577654465372288,0.1577654465372288,0.1577654465372288,0.1577654465372288,0.1577654465372288,0.1577654465372288,0.1577654465372288,0.1577654465372288,0.15634146284912492,0.15634146284912476,0.15634146284912476,0.15634146284912476,0.15634146284912492,0.15634146284912476,0.15634146284912476,0.15634146284912454,0.15634146284912476,0.15634146284912476,0.15634146284912476,0.15634146284912454,0.15634146284912454,0.15634146284912454,0.15634146284912476,0.15634146284912476,0.15634146284912476,0.15634146284912454,0.15634146284912476,0.15634146284912476,0.15634146284912492,0.15634146284912476,0.15634146284912476,0.15634146284912476,0.15634146284912492,0.15494591489863815,0.15494591489863774,0.15494591489863754,0.15494591489863774,0.15494591489863815,0.15494591489863774,0.15494591489863732,0.15494591489863713,0.15494591489863732,0.15494591489863774,0.15494591489863754,0.15494591489863713,0.1549459148986369,0.15494591489863713,0.15494591489863754,0.15494591489863774,0.15494591489863732,0.15494591489863713,0.15494591489863732,0.15494591489863774,0.15494591489863815,0.15494591489863774,0.15494591489863754,0.15494591489863774,0.15494591489863815,0.15357822092649667,0.15357822092649548,0.15357822092649467,0.15357822092649548,0.15357822092649667,0.15357822092649548,0.15357822092649426,0.15357822092649348,0.15357822092649426,0.15357822092649548,0.15357822092649467,0.15357822092649348,0.15357822092649268,0.15357822092649348,0.15357822092649467,0.15357822092649548,0.15357822092649426,0.15357822092649348,0.15357822092649426,0.15357822092649548,0.15357822092649667,0.15357822092649548,0.15357822092649467,0.15357822092649548,0.15357822092649667,0.15223780407520862,0.1522378040752049,0.1522378040752027,0.1522378040752049,0.15223780407520862,0.1522378040752049,0.15223780407520113,0.15223780407519857,0.15223780407520113,0.1522378040752049,0.1522378040752027,0.15223780407519857,0.15223780407519621,0.15223780407519857,0.1522378040752027,0.1522378040752049,0.15223780407520113,0.15223780407519857,0.15223780407520113,0.1522378040752049,0.15223780407520862,0.1522378040752049,0.1522378040752027,0.1522378040752049,0.15223780407520862,0.15092409315037122,0.15092409315035984,0.15092409315035268,0.15092409315035984,0.15092409315037122,0.15092409315035984,0.15092409315034788,0.15092409315034014,0.15092409315034788,0.15092409315035984,0.15092409315035268,0.15092409315034014,0.15092409315033223,0.15092409315034014,0.15092409315035268,0.15092409315035984,0.15092409315034788,0.15092409315034014,0.15092409315034788,0.15092409315035984,0.15092409315037122,0.15092409315035984,0.15092409315035268,0.15092409315035984,0.15092409315037122,0.14963652329026617,0.14963652329023158,0.14963652329020982,0.14963652329023158,0.14963652329026617,0.14963652329023158,0.14963652329019414,0.14963652329016994,0.14963652329019414,0.14963652329023158,0.14963652329020982,0.14963652329016994,0.14963652329014443,0.14963652329016994,0.14963652329020982,0.14963652329023158,0.14963652329019414,0.14963652329016994,0.14963652329019414,0.14963652329023158,0.14963652329026617,0.14963652329023158,0.14963652329020982,0.14963652329023158,0.14963652329026617,0.14837453655131103,0.14837453655120725,0.1483745365511407,0.14837453655120725,0.14837453655131103,0.14837453655120725,0.1483745365510908,0.1483745365510154,0.1483745365510908,0.14837453655120725,0.1483745365511407,0.1483745365510154,0.14837453655093386,0.1483745365510154,0.1483745365511407,0.14837453655120725,0.1483745365510908,0.1483745365510154,0.1483745365510908,0.14837453655120725,0.14837453655131103,0.14837453655120725,0.1483745365511407,0.14837453655120725,0.14837453655131103,0.14713758241645872,0.14713758241615063,0.14713758241595007,0.14713758241615063,0.14713758241645872,0.14713758241615063,0.1471375824157931,0.14713758241555405,0.1471375824157931,0.14713758241615063,0.14713758241595007,0.14713758241555405,0.14713758241528702,0.14713758241555405,0.14713758241595007,0.14713758241615063,0.1471375824157931,0.14713758241555405,0.1471375824157931,0.14713758241615063,0.14713758241645872,0.14713758241615063,0.14713758241595007,0.14713758241615063,0.14713758241645872,0.14592511823320806,0.14592511823231433,0.1459251182317139,0.14592511823231433,0.14592511823320806,0.14592511823231433,0.1459251182312205,0.14592511823045304,0.1459251182312205,0.14592511823231433,0.1459251182317139,0.14592511823045304,0.1459251182295458,0.14592511823045304,0.1459251182317139,0.14592511823231433,0.1459251182312205,0.14592511823045304,0.1459251182312205,0.14592511823231433,0.14592511823320806,0.14592511823231433,0.1459251182317139,0.14592511823231433,0.14592511823320806,0.14473660958756865,0.1447366095850609,0.14473660958328818,0.1447366095850609,0.14473660958756865,0.1447366095850609,0.14473660958175177,0.14473660957923581,0.14473660958175177,0.1447366095850609,0.14473660958328818,0.14473660957923581,0.14473660957597312,0.14473660957923581,0.14473660958328818,0.1447366095850609,0.14473660958175177,0.14473660957923581,0.14473660958175177,0.1447366095850609,0.14473660958756865,0.1447366095850609,0.14473660958328818,0.1447366095850609,0.14473660958756865,0.14357153062017916,0.14357153061350916,0.14357153060841032,0.14357153061350916,0.14357153062017916,0.14357153061350916,0.1435715306037362,0.14357153059529437,0.1435715306037362,0.14357153061350916,0.14357153060841032,0.14357153059529437,0.1435715305825543,0.14357153059529437,0.14357153060841032,0.14357153061350916,0.1435715306037362,0.14357153059529437,0.1435715306037362,0.14357153061350916,0.14357153062017916,0.14357153061350916,0.14357153060841032,0.14357153061350916,0.14357153062017916,0.14242936429085046,0.1424293642746481,0.1424293642607143,0.1424293642746481,0.14242936429085046,0.1424293642746481,0.14242936424723157,0.14242936421846647,0.14242936424723157,0.1424293642746481,0.1424293642607143,0.14242936421846647,0.14242936416307223,0.14242936421846647,0.1424293642607143,0.1424293642746481,0.14242936424723157,0.14242936421846647,0.14242936424723157,0.1424293642746481,0.14242936429085046,0.1424293642746481,0.1424293642607143,0.1424293642746481,0.14242936429085046,0.14130960259734518,0.14130960256397757,0.14130960252995844,0.14130960256397757,0.14130960259734518,0.14130960256397757,0.14130960249532656,0.14130960239978857,0.14130960249532656,0.14130960256397757,0.14130960252995844,0.14130960239978857,0.1413096021274105,0.14130960239978857,0.14130960252995844,0.14130960256397757,0.14130960249532656,0.14130960239978857,0.14130960249532656,0.14130960256397757,0.14130960259734518,0.14130960256397757,0.14130960252995844,0.14130960256397757,0.14130960259734518,0.14021174674910516,0.14021174670098102,0.14021174663918987,0.14021174670098102,0.14021174674910516,0.14021174670098102,0.14021174657432625,0.14021174630776684,0.14021174657432625,0.14021174670098102,0.14021174663918987,0.14021174630776684,0.1402117447950483,0.14021174630776684,0.14021174663918987,0.14021174670098102,0.14021174657432625,0.14021174630776684,0.14021174657432625,0.14021174670098102,0.14021174674910516,0.14021174670098102,0.14021174663918987,0.14021174670098102,0.14021174674910516,0.13913530727583734,0.1391353072582534,0.13913530723802614,0.1391353072582534,0.13913530727583734,0.1391353072582534,0.13913530721682907,0.13913530715066444,0.13913530721682907,0.1391353072582534,0.13913530723802614,0.13913530715066444,0.1391353069390489,0.13913530715066444,0.13913530723802614,0.1391353072582534,0.13913530721682907,0.13913530715066444,0.13913530721682907,0.1391353072582534,0.13913530727583734,0.1391353072582534,0.13913530723802614,0.1391353072582534,0.13913530727583734,0.13807980403211328,0.13807980405462156,0.13807980407938758,0.13807980405462156,0.13807980403211328,0.13807980405462156,0.1380798041050373,0.138079804182267,0.1380798041050373,0.13807980405462156,0.13807980407938758,0.138079804182267,0.1380798044220497,0.138079804182267,0.13807980407938758,0.13807980405462156,0.1380798041050373,0.138079804182267,0.1380798041050373,0.13807980405462156,0.13807980403211328,0.13807980405462156,0.13807980407938758,0.13807980405462156,0.13807980403211328,0.13704476633088436,0.1370447663860828,0.13704476645570846,0.1370447663860828,0.13704476633088436,0.1370447663860828,0.13704476652850037,0.1370447668243853,0.13704476652850037,0.1370447663860828,0.13704476645570846,0.1370447668243853,0.13704476849303987,0.1370447668243853,0.13704476645570846,0.1370447663860828,0.13704476652850037,0.1370447668243853,0.13704476652850037,0.1370447663860828,0.13704476633088436,0.1370447663860828,0.13704476645570846,0.1370447663860828,0.13704476633088436,0.13602973300998192,0.13602973305036828,0.13602973309054092,0.13602973305036828,0.13602973300998192,0.13602973305036828,0.1360297331311053,0.13602973324077688,0.1360297331311053,0.13602973305036828,0.13602973309054092,0.13602973324077688,0.13602973354840533,0.13602973324077688,0.13602973309054092,0.13602973305036828,0.1360297331311053,0.13602973324077688,0.1360297331311053,0.13602973305036828,0.13602973300998192,0.13602973305036828,0.13602973309054092,0.13602973305036828,0.13602973300998192,0.13503425252068726,0.13503425254637222,0.13503425256774312,0.13503425254637222,0.13503425252068726,0.13503425254637222,0.13503425258813162,0.13503425262990096,0.13503425258813162,0.13503425254637222,0.13503425256774312,0.13503425262990096,0.13503425270641492,0.13503425262990096,0.13503425256774312,0.13503425254637222,0.13503425258813162,0.13503425262990096,0.13503425258813162,0.13503425254637222,0.13503425252068726,0.13503425254637222,0.13503425256774312,0.13503425254637222,0.13503425252068726
0.16533248780222168,0.16533248780222168,0.16533248780222168,0.16533248780222168,0.16533248780222168,0.16533248780222168,0.16533248780222168,0.16533248780222168,0.16533248780222168,0.16533248780222168,0.16533248780222168,0.16533248780222168,0.16533248780222168,0.16533248780222168,0.16533248780222168,0.16533248780222168,0.16533248780222168,0.16533248780222168,0.16533248780222168,0.16533248780222168,0.16533248780222168,0.16533248780222168,0.16533248780222168,0.16533248780222168,0.16533248780222168,0.16375749408309095,0.16375749408309095,0.16375749408309095,0.16375749408309095,0.16375749408309095,0.16375749408309095,0.16375749408309095,0.16375749408309095,0.16375749408309095,0.16375749408309095,0.16375749408309095,0.16375749408309095,0.16375749408309095,0.16375749408309095,0.16375749408309095,0.16375749408309095,0.16375749408309095,0.16375749408309095,0.16375749408309095,0.16375749408309095,0.16375749408309095,0.16375749408309095,0.16375749408309095,0.16375749408309095,0.16375749408309095,0.1622138842958629,0.1622138842958629,0.1622138842958629,0.1622138842958629,0.1622138842958629,0.1622138842958629,0.1622138842958629,0.1622138842958629,0.1622138842958629,0.1622138842958629,0.1622138842958629,0.1622138842958629,0.1622138842958629,0.1622138842958629,0.1622138842958629,0.1622138842958629,0.1622138842958629,0.1622138842958629,0.1622138842958629,0.1622138842958629,0.1622138842958629,0.1622138842958629,0.1622138842958629,0.1622138842958629,0.1622138842958629,0.16070106739757778,0.16070106739757778,0.16070106739757778,0.16070106739757778,0.16070106739757778,0.16070106739757778,0.16070106739757778,0.16070106739757778,0.16070106739757778,0.16070106739757778,0.16070106739757778,0.16070106739757778,0.16070106739757778,0.16070106739757778,0.16070106739757778,0.16070106739757778,0.16070106739757778,0.16070106739757778,0.16070106739757778,0.16070106739757778,0.16070106739757778,0.16070106739757778,0.16070106739757778,0.16070106739757778,0.16070106739757778,0.1592184517632137,0.1592184517632137,0.1592184517632137,0.1592184517632137,0.1592184517632137,0.1592184517632137,0.1592184517632137,0.1592184517632137,0.1592184517632137,0.1592184517632137,0.1592184517632137,0.1592184517632137,0.1592184517632137,0.1592184517632137,0.1592184517632137,0.1592184517632137,0.1592184517632137,0.1592184517632137,0.1592184517632137,0.1592184517632137,0.1592184517632137,0.1592184517632137,0.1592184517632137,0.1592184517632137,0.1592184517632137,0.15776544653753732,0.1577654465375371,0.1577654465375371,0.1577654465375371,0.15776544653753732,0.1577654465375371,0.1577654465375371,0.1577654465375371,0.1577654465375371,0.1577654465375371,0.1577654465375371,0.1577654465375371,0.1577654465375371,0.1577654465375371,0.1577654465375371,0.1577654465375371,0.1577654465375371,0.1577654465375371,0.1577654465375371,0.1577654465375371,0.15776544653753732,0.1577654465375371,0.1577654465375371,0.1577654465375371,0.15776544653753732,0.1563414628494271,0.15634146284942688,0.15634146284942688,0.15634146284942688,0.1563414628494271,0.15634146284942688,0.15634146284942688,0.15634146284942668,0.15634146284942688,0.15634146284942688,0.15634146284942688,0.15634146284942668,0.15634146284942668,0.15634146284942668,0.15634146284942688,0.15634146284942688,0.15634146284942688,0.15634146284942668,0.15634146284942688,0.15634146284942688,0.1563414628494271,0.15634146284942688,0.15634146284942688,0.15634146284942688,0.1563414628494271,0.15494591489893406,0.15494591489893367,0.15494591489893345,0.15494591489893367,0.15494591489893406,0.15494591489893367,0.15494591489893345,0.15494591489893306,0.15494591489893345,0.15494591489893367,0.15494591489893345,0.15494591489893306,0.15494591489893283,0.15494591489893306,0.15494591489893345,0.15494591489893367,0.15494591489893345,0.15494591489893306,0.15494591489893345,0.15494591489893367,0.15494591489893406,0.15494591489893367,0.15494591489893345,0.15494591489893367,0.15494591489893406,0.15357822092678652,0.1535782209267853,0.1535782209267847,0.1535782209267853,0.15357822092678652,0.1535782209267853,0.15357822092678408,0.1535782209267833,0.15357822092678408,0.1535782209267853,0.1535782209267847,0.1535782209267833,0.1535782209267827,0.1535782209267833,0.1535782209267847,0.1535782209267853,0.15357822092678408,0.1535782209267833,0.15357822092678408,0.1535782209267853,0.15357822092678652,0.1535782209267853,0.1535782209267847,0.1535782209267853,0.15357822092678652,0.15223780407549245,0.15223780407548893,0.15223780407548654,0.15223780407548893,0.15223780407549245,0.15223780407548893,0.15223780407548498,0.15223780407548262,0.15223780407548498,0.15223780407548893,0.15223780407548654,0.15223780407548262,0.15223780407548004,0.15223780407548262,0.15223780407548654,0.15223780407548893,0.15223780407548498,0.15223780407548262,0.15223780407548498,0.15223780407548893,0.15223780407549245,0.15223780407548893,0.15223780407548654,0.15223780407548893,0.15223780407549245,0.1509240931506492,0.15092409315063782,0.15092409315063085,0.15092409315063782,0.1509240931506492,0.15092409315063782,0.15092409315062585,0.15092409315061833,0.15092409315062585,0.15092409315063782,0.15092409315063085,0.15092409315061833,0.15092409315061023,0.15092409315061833,0.15092409315063085,0.15092409315063782,0.15092409315062585,0.15092409315061833,0.15092409315062585,0.15092409315063782,0.1509240931506492,0.15092409315063782,0.15092409315063085,0.15092409315063782,0.1509240931506492,0.14963652329053828,0.14963652329050386,0.14963652329048213,0.14963652329050386,0.14963652329053828,0.14963652329050386,0.14963652329046645,0.14963652329044222,0.14963652329046645,0.14963652329050386,0.14963652329048213,0.14963652329044222,0.14963652329041688,0.14963652329044222,0.14963652329048213,0.14963652329050386,0.14963652329046645,0.14963652329044222,0.14963652329046645,0.14963652329050386,0.14963652329053828,0.14963652329050386,0.14963652329048213,0.14963652329050386,0.14963652329053828,0.1483745365515775,0.14837453655147373,0.14837453655140756,0.14837453655147373,0.1483745365515775,0.14837453655147373,0.1483745365513577,0.14837453655128227,0.1483745365513577,0.14837453655147373,0.14837453655140756,0.14837453655128227,0.14837453655120073,0.14837453655128227,0.14837453655140756,0.14837453655147373,0.1483745365513577,0.14837453655128227,0.1483745365513577,0.14837453655147373,0.1483745365515775,0.14837453655147373,0.14837453655140756,0.14837453655147373,0.1483745365515775,0.1471375824167192,0.14713758241641167,0.1471375824162113,0.14713758241641167,0.1471375824167192,0.14713758241641167,0.14713758241605454,0.14713758241581582,0.14713758241605454,0.14713758241641167,0.1471375824162113,0.14713758241581582,0.14713758241554914,0.14713758241581582,0.1471375824162113,0.14713758241641167,0.14713758241605454,0.14713758241581582,0.14713758241605454,0.14713758241641167,0.1471375824167192,0.14713758241641167,0.1471375824162113,0.14713758241641167,0.1471375824167192,0.1459251182334616,0.14592511823256932,0.14592511823196977,0.14592511823256932,0.1459251182334616,0.14592511823256932,0.14592511823147705,0.1459251182307107,0.14592511823147705,0.14592511823256932,0.14592511823196977,0.1459251182307107,0.14592511822980486,0.1459251182307107,0.14592511823196977,0.14592511823256932,0.14592511823147705,0.1459251182307107,0.14592511823147705,0.14592511823256932,0.1459251182334616,0.14592511823256932,0.14592511823196977,0.14592511823256932,0.1459251182334616,0.14473660958781287,0.14473660958530876,0.14473660958353865,0.14473660958530876,0.14473660958781287,0.14473660958530876,0.14473660958200454,0.14473660957949225,0.14473660958200454,0.14473660958530876,0.14473660958353865,0.14473660957949225,0.14473660957623444,0.14473660957949225,0.14473660958353865,0.14473660958530876,0.14473660958200454,0.14473660957949225,0.14473660958200454,0.14473660958530876,0.14473660958781287,0.14473660958530876,0.14473660958353865,0.14473660958530876,0.14473660958781287,0.14357153062040637,0.14357153061374614,0.14357153060865468,0.14357153061374614,0.14357153062040637,0.14357153061374614,0.14357153060398758,0.14357153059555805,0.14357153060398758,0.14357153061374614,0.14357153060865468,0.14357153059555805,0.14357153058283667,0.14357153059555805,0.14357153060865468,0.14357153061374614,0.14357153060398758,0.14357153059555805,0.14357153060398758,0.14357153061374614,0.14357153062040637,0.14357153061374614,0.14357153060865468,0.14357153061374614,0.14357153062040637,0.1424293642910405,0.142429364274862,0.1424293642609485,0.142429364274862,0.1424293642910405,0.142429364274862,0.14242936424748537,0.14242936421876237,0.14242936424748537,0.142429364274862,0.1424293642609485,0.14242936421876237,0.14242936416344917,0.14242936421876237,0.1424293642609485,0.142429364274862,0.14242936424748537,0.14242936421876237,0.14242936424748537,0.142429364274862,0.1424293642910405,0.142429364274862,0.1424293642609485,0.142429364274862,0.1424293642910405,0.14130960259744896,0.14130960256413,0.1413096025301606,0.14130960256413,0.14130960259744896,0.14130960256413,0.14130960249557933,0.14130960240018095,0.14130960249557933,0.14130960256413,0.1413096025301606,0.14130960240018095,0.14130960212820143,0.14130960240018095,0.1413096025301606,0.14130960256413,0.14130960249557933,0.14130960240018095,0.14130960249557933,0.14130960256413,0.14130960259744896,0.14130960256413,0.1413096025301606,0.14130960256413,0.14130960259744896,0.1402117467490205,0.1402117467009668,0.140211746639266,0.1402117467009668,0.1402117467490205,0.1402117467009668,0.14021174657449717,0.1402117463083275,0.14021174657449717,0.1402117467009668,0.140211746639266,0.1402117463083275,0.14021174479781312,0.1402117463083275,0.140211746639266,0.1402117467009668,0.14021174657449717,0.1402117463083275,0.14021174657449717,0.1402117467009668,0.1402117467490205,0.1402117467009668,0.140211746639266,0.1402117467009668,0.1402117467490205,0.1391353072754168,0.13913530725785844,0.13913530723766077,0.13913530725785844,0.1391353072754168,0.13913530725785844,0.13913530721649478,0.13913530715042682,0.13913530721649478,0.13913530725785844,0.13913530723766077,0.13913530715042682,0.1391353069391207,0.13913530715042682,0.13913530723766077,0.13913530725785844,0.13913530721649478,0.13913530715042682,0.13913530721649478,0.13913530725785844,0.1391353072754168,0.13913530725785844,0.13913530723766077,0.13913530725785844,0.1391353072754168,0.13807980403129902,0.13807980405377443,0.13807980407850431,0.13807980405377443,0.13807980403129902,0.13807980405377443,0.13807980410411652,0.13807980418123317,0.13807980410411652,0.13807980405377443,0.13807980407850431,0.13807980418123317,0.1380798044206653,0.13807980418123317,0.13807980407850431,0.13807980405377443,0.13807980410411652,0.13807980418123317,0.13807980410411652,0.13807980405377443,0.13807980403129902,0.13807980405377443,0.13807980407850431,0.13807980405377443,0.13807980403129902,0.1370447663297394,0.13704476638485705,0.137044766454381,0.13704476638485705,0.1370447663297394,0.13704476638485705,0.13704476652706632,0.13704476682251854,0.13704476652706632,0.13704476638485705,0.137044766454381,0.13704476682251854,0.1370447684887364,0.13704476682251854,0.137044766454381,0.13704476638485705,0.13704476652706632,0.13704476682251854,0.13704476652706632,0.13704476638485705,0.1370447663297394,0.13704476638485705,0.137044766454381,0.13704476638485705,0.1370447663297394,0.13602973300866797,0.1360297330489953,0.13602973308910923,0.13602973304899513,0.13602973300866797,0.1360297330489953,0.13602973312961422,0.13602973323912537,0.13602973312961422,0.13602973304899513,0.13602973308910923,0.13602973323912537,0.13602973354630382,0.13602973323912537,0.13602973308910923,0.13602973304899513,0.13602973312961422,0.13602973323912537,0.13602973312961422,0.13602973304899513,0.13602973300866797,0.13602973304899513,0.13602973308910923,0.13602973304899513,0.13602973300866797,0.1350342525193234,0.1350342525449708,0.1350342525663104,0.1350342525449708,0.1350342525193234,0.1350342525449708,0.1350342525866691,0.1350342526283773,0.1350342525866691,0.1350342525449708,0.1350342525663104,0.1350342526283773,0.1350342527047794,0.1350342526283773,0.1350342525663104,0.1350342525449708,0.1350342525866691,0.1350342526283773,0.1350342525866691,0.1350342525449708,0.1350342525193234,0.1350342525449708,0.1350342525663104,0.1350342525449708,0.1350342525193234
0.16533248780256127,0.16533248780256127,0.16533248780256127,0.16533248780256127,0.16533248780256127,0.16533248780256127,0.16533248780256127,0.16533248780256127,0.16533248780256127,0.16533248780256127,0.16533248780256127,0.16533248780256127,0.16533248780256127,0.16533248780256127,0.16533248780256127,0.16533248780256127,0.16533248780256127,0.16533248780256127,0.16533248780256127,0.16533248780256127,0.16533248780256127,0.16533248780256127,0.16533248780256127,0.16533248780256127,0.16533248780256127,0.1637574940834238,0.1637574940834238,0.1637574940834238,0.1637574940834238,0.1637574940834238,0.1637574940834238,0.1637574940834238,0.1637574940834238,0.1637574940834238,0.1637574940834238,0.1637574940834238,0.1637574940834238,0.1637574940834238,0.1637574940834238,0.1637574940834238,0.1637574940834238,0.1637574940834238,0.1637574940834238,0.1637574940834238,0.1637574940834238,0.1637574940834238,0.1637574940834238,0.1637574940834238,0.1637574940834238,0.1637574940834238,0.16221388429618908,0.16221388429618908,0.16221388429618908,0.16221388429618908,0.16221388429618908,0.16221388429618908,0.16221388429618908,0.16221388429618908,0.16221388429618908,0.16221388429618908,0.16221388429618908,0.16221388429618908,0.16221388429618908,0.16221388429618908,0.16221388429618908,0.16221388429618908,0.16221388429618908,0.16221388429618908,0.16221388429618908,0.16221388429618908,0.16221388429618908,0.16221388429618908,0.16221388429618908,0.16221388429618908,0.16221388429618908,0.1607010673978974,0.1607010673978974,0.1607010673978974,0.1607010673978974,0.1607010673978974,0.1607010673978974,0.1607010673978974,0.1607010673978974,0.1607010673978974,0.1607010673978974,0.1607010673978974,0.1607010673978974,0.1607010673978974,0.1607010673978974,0.1607010673978974,0.1607010673978974,0.1607010673978974,0.1607010673978974,0.1607010673978974,0.1607010673978974,0.1607010673978974,0.1607010673978974,0.1607010673978974,0.1607010673978974,0.1607010673978974,0.15921845176352703,0.15921845176352703,0.15921845176352703,0.15921845176352703,0.15921845176352703,0.15921845176352703,0.15921845176352703,0.15921845176352703,0.15921845176352703,0.15921845176352703,0.15921845176352703,0.15921845176352703,0.15921845176352678,0.15921845176352703,0.15921845176352703,0.15921845176352703,0.15921845176352703,0.15921845176352703,0.15921845176352703,0.15921845176352703,0.15921845176352703,0.15921845176352703,0.15921845176352703,0.15921845176352703,0.15921845176352703,0.15776544653784413,0.15776544653784413,0.15776544653784413,0.15776544653784413,0.15776544653784413,0.15776544653784413,0.15776544653784413,0.15776544653784413,0.15776544653784413,0.15776544653784413,0.15776544653784413,0.15776544653784413,0.15776544653784413,0.15776544653784413,0.15776544653784413,0.15776544653784413,0.15776544653784413,0.15776544653784413,0.15776544653784413,0.15776544653784413,0.15776544653784413,0.15776544653784413,0.15776544653784413,0.15776544653784413,0.15776544653784413,0.1563414628497278,0.1563414628497278,0.15634146284972758,0.1563414628497278,0.1563414628497278,0.1563414628497278,0.15634146284972758,0.15634146284972758,0.15634146284972758,0.1563414628497278,0.15634146284972758,0.15634146284972758,0.1563414628497274,0.15634146284972758,0.15634146284972758,0.1563414628497278,0.15634146284972758,0.15634146284972758,0.15634146284972758,0.1563414628497278,0.1563414628497278,0.1563414628497278,0.15634146284972758,0.1563414628497278,0.1563414628497278,0.15494591489922896,0.15494591489922857,0.15494591489922815,0.15494591489922857,0.15494591489922876,0.15494591489922857,0.15494591489922815,0.15494591489922796,0.15494591489922815,0.15494591489922857,0.15494591489922815,0.15494591489922796,0.15494591489922752,0.15494591489922796,0.15494591489922815,0.15494591489922857,0.15494591489922815,0.15494591489922796,0.15494591489922815,0.15494591489922857,0.15494591489922876,0.15494591489922857,0.15494591489922815,0.15494591489922857,0.15494591489922876,0.15357822092707532,0.15357822092707413,0.15357822092707332,0.15357822092707413,0.15357822092707532,0.15357822092707413,0.1535782209270729,0.15357822092707213,0.1535782209270729,0.15357822092707413,0.15357822092707332,0.15357822092707213,0.15357822092707132,0.15357822092707213,0.15357822092707332,0.15357822092707413,0.1535782209270729,0.15357822092707213,0.1535782209270729,0.15357822092707413,0.15357822092707532,0.15357822092707413,0.15357822092707332,0.15357822092707413,0.15357822092707532,0.15223780407577553,0.15223780407577178,0.1522378040757694,0.15223780407577178,0.15223780407577553,0.15223780407577178,0.15223780407576784,0.15223780407576548,0.15223780407576784,0.15223780407577178,0.1522378040757694,0.15223780407576548,0.15223780407576312,0.15223780407576548,0.1522378040757694,0.15223780407577178,0.15223780407576784,0.15223780407576548,0.15223780407576784,0.15223780407577178,0.15223780407577553,0.15223780407577178,0.1522378040757694,0.15223780407577178,0.15223780407577553,0.15092409315092642,0.15092409315091504,0.1509240931509079,0.15092409315091504,0.15092409315092642,0.15092409315091504,0.1509240931509031,0.15092409315089556,0.1509240931509031,0.15092409315091504,0.1509240931509079,0.15092409315089556,0.15092409315088745,0.15092409315089556,0.1509240931509079,0.15092409315091504,0.1509240931509031,0.15092409315089556,0.1509240931509031,0.15092409315091504,0.15092409315092642,0.15092409315091504,0.1509240931509079,0.15092409315091504,0.15092409315092642,0.14963652329080981,0.1496365232907754,0.14963652329075364,0.1496365232907754,0.14963652329080981,0.1496365232907754,0.14963652329073793,0.14963652329071395,0.14963652329073793,0.1496365232907754,0.14963652329075364,0.14963652329071395,0.1496365232906884,0.14963652329071395,0.14963652329075364,0.1496365232907754,0.14963652329073793,0.14963652329071395,0.14963652329073793,0.1496365232907754,0.14963652329080981,0.1496365232907754,0.14963652329075364,0.1496365232907754,0.14963652329080981,0.14837453655184327,0.14837453655173968,0.1483745365516735,0.14837453655173968,0.14837453655184327,0.14837453655173968,0.14837453655162386,0.14837453655154842,0.14837453655162386,0.14837453655173968,0.1483745365516735,0.14837453655154842,0.14837453655146704,0.14837453655154842,0.1483745365516735,0.14837453655173968,0.14837453655162386,0.14837453655154842,0.14837453655162386,0.14837453655173968,0.14837453655184327,0.14837453655173968,0.1483745365516735,0.14837453655173968,0.14837453655184327,0.14713758241697897,0.14713758241667196,0.14713758241647196,0.14713758241667196,0.14713758241697897,0.14713758241667196,0.1471375824163154,0.14713758241607702,0.1471375824163154,0.14713758241667196,0.14713758241647196,0.14713758241607702,0.14713758241581093,0.14713758241607702,0.14713758241647196,0.14713758241667196,0.1471375824163154,0.14713758241607702,0.1471375824163154,0.14713758241667196,0.14713758241697897,0.14713758241667196,0.14713758241647196,0.14713758241667196,0.14713758241697897,0.14592511823371482,0.14592511823282395,0.14592511823222512,0.14592511823282395,0.14592511823371482,0.14592511823282395,0.14592511823173313,0.14592511823096782,0.14592511823173313,0.14592511823282395,0.14592511823222512,0.14592511823096782,0.14592511823006324,0.14592511823096782,0.14592511823222512,0.14592511823282395,0.14592511823173313,0.14592511823096782,0.14592511823173313,0.14592511823282395,0.14592511823371482,0.14592511823282395,0.14592511823222512,0.14592511823282395,0.14592511823371482,0.1447366095880567,0.1447366095855563,0.14473660958378878,0.1447366095855563,0.1447366095880567,0.1447366095855563,0.14473660958225693,0.1447366095797483,0.14473660958225693,0.1447366095855563,0.14473660958378878,0.1447366095797483,0.1447366095764952,0.1447366095797483,0.14473660958378878,0.1447366095855563,0.14473660958225693,0.1447366095797483,0.14473660958225693,0.1447366095855563,0.1447366095880567,0.1447366095855563,0.14473660958378878,0.1447366095855563,0.1447366095880567,0.14357153062063346,0.14357153061398298,0.14357153060889905,0.14357153061398298,0.14357153062063346,0.14357153061398298,0.1435715306042386,0.1435715305958214,0.1435715306042386,0.14357153061398298,0.14357153060889905,0.1435715305958214,0.14357153058311847,0.1435715305958214,0.14357153060889905,0.14357153061398298,0.1435715306042386,0.1435715305958214,0.1435715306042386,0.14357153061398298,0.14357153062063346,0.14357153061398298,0.14357153060889905,0.14357153061398298,0.14357153062063346,0.14242936429123057,0.14242936427507571,0.14242936426118266,0.14242936427507571,0.14242936429123057,0.14242936427507571,0.1424293642477392,0.1424293642190581,0.1424293642477392,0.14242936427507571,0.14242936426118266,0.1424293642190581,0.14242936416382562,0.1424293642190581,0.14242936426118266,0.14242936427507571,0.1424293642477392,0.1424293642190581,0.1424293642477392,0.14242936427507571,0.14242936429123057,0.14242936427507571,0.14242936426118266,0.14242936427507571,0.14242936429123057,0.1413096025975529,0.1413096025642825,0.14130960253036287,0.1413096025642825,0.1413096025975529,0.1413096025642825,0.14130960249583213,0.14130960240057305,0.14130960249583213,0.1413096025642825,0.14130960253036287,0.14130960240057305,0.14130960212899069,0.14130960240057305,0.14130960253036287,0.1413096025642825,0.14130960249583213,0.14130960240057305,0.14130960249583213,0.1413096025642825,0.1413096025975529,0.1413096025642825,0.14130960253036287,0.1413096025642825,0.1413096025975529,0.14021174674893683,0.14021174670095313,0.14021174663934244,0.14021174670095313,0.14021174674893683,0.14021174670095313,0.14021174657466826,0.14021174630888739,0.14021174657466826,0.14021174670095313,0.14021174663934244,0.14021174630888739,0.14021174480058668,0.14021174630888739,0.14021174663934244,0.14021174670095313,0.14021174657466826,0.14021174630888739,0.14021174657466826,0.14021174670095313,0.14021174674893683,0.14021174670095313,0.14021174663934244,0.14021174670095313,0.14021174674893683,0.13913530727499793,0.1391353072574652,0.1391353072372971,0.1391353072574652,0.13913530727499793,0.1391353072574652,0.13913530721616196,0.13913530715019057,0.13913530721616196,0.1391353072574652,0.1391353072372971,0.13913530715019057,0.13913530693919313,0.13913530715019057,0.1391353072372971,0.1391353072574652,0.13913530721616196,0.13913530715019057,0.13913530721616196,0.1391353072574652,0.13913530727499793,0.1391353072574652,0.1391353072372971,0.1391353072574652,0.13913530727499793,0.13807980403048783,0.13807980405293038,0.13807980407762416,0.13807980405293038,0.13807980403048783,0.13807980405293038,0.138079804103199,0.13807980418020294,0.138079804103199,0.13807980405293038,0.13807980407762416,0.13807980418020294,0.1380798044192853,0.13807980418020294,0.13807980407762416,0.13807980405293038,0.138079804103199,0.13807980418020294,0.138079804103199,0.13807980405293038,0.13807980403048783,0.13807980405293038,0.13807980407762416,0.13807980405293038,0.13807980403048783,0.13704476632859813,0.13704476638363527,0.1370447664530578,0.13704476638363527,0.13704476632859813,0.13704476638363527,0.137044766525637,0.13704476682065772,0.137044766525637,0.13704476638363527,0.1370447664530578,0.13704476682065772,0.13704476848445252,0.13704476682065772,0.1370447664530578,0.13704476638363527,0.137044766525637,0.13704476682065772,0.137044766525637,0.13704476638363527,0.13704476632859813,0.13704476638363527,0.1370447664530578,0.13704476638363527,0.13704476632859813,0.1360297330073584,0.13602973304762664,0.13602973308768213,0.13602973304762664,0.1360297330073584,0.13602973304762664,0.13602973312812797,0.13602973323747924,0.13602973312812797,0.13602973304762664,0.13602973308768213,0.13602973323747924,0.13602973354420902,0.13602973323747924,0.13602973308768196,0.13602973304762664,0.13602973312812797,0.13602973323747924,0.13602973312812797,0.13602973304762664,0.1360297330073584,0.13602973304762664,0.13602973308768196,0.13602973304762664,0.1360297330073584,0.13503425251796397,0.13503425254357393,0.1350342525648824,0.13503425254357393,0.13503425251796397,0.13503425254357393,0.13503425258521123,0.13503425262685864,0.13503425258521123,0.13503425254357393,0.1350342525648824,0.13503425262685864,0.13503425270314912,0.13503425262685864,0.1350342525648824,0.13503425254357393,0.13503425258521123,0.13503425262685864,0.13503425258521123,0.13503425254357393,0.13503425251796397,0.13503425254357393,0.1350342525648824,0.13503425254357393,0.13503425251796397
0.1653324878028999,0.1653324878028999,0.1653324878028999,0.1653324878028999,0.1653324878028999,0.1653324878028999,0.1653324878028999,0.1653324878028999,0.1653324878028999,0.1653324878028999,0.1653324878028999,0.1653324878028999,0.1653324878028999,0.1653324878028999,0.1653324878028999,0.1653324878028999,0.1653324878028999,0.1653324878028999,0.1653324878028999,0.1653324878028999,0.1653324878028999,0.1653324878028999,0.1653324878028999,0.1653324878028999,0.1653324878028999,0.1637574940837557,0.1637574940837557,0.1637574940837557,0.1637574940837557,0.1637574940837557,0.1637574940837557,0.1637574940837557,0.1637574940837557,0.1637574940837557,0.1637574940837557,0.1637574940837557,0.1637574940837557,0.1637574940837557,0.1637574940837557,0.1637574940837557,0.1637574940837557,0.1637574940837557,0.1637574940837557,0.1637574940837557,0.1637574940837557,0.1637574940837557,0.1637574940837557,0.1637574940837557,0.1637574940837557,0.1637574940837557,0.16221388429651415,0.16221388429651415,0.16221388429651415,0.16221388429651415,0.16221388429651415,0.16221388429651415,0.16221388429651415,0.16221388429651415,0.16221388429651415,0.16221388429651415,0.16221388429651415,0.16221388429651415,0.16221388429651415,0.16221388429651415,0.16221388429651415,0.16221388429651415,0.16221388429651415,0.16221388429651415,0.16221388429651415,0.16221388429651415,0.16221388429651415,0.16221388429651415,0.16221388429651415,0.16221388429651415,0.16221388429651415,0.1607010673982162,0.1607010673982162,0.160701067398216,0.1607010673982162,0.1607010673982162,0.1607010673982162,0.160701067398216,0.160701067398216,0.160701067398216,0.1607010673982162,0.160701067398216,0.160701067398216,0.160701067398216,0.160701067398216,0.160701067398216,0.1607010673982162,0.160701067398216,0.160701067398216,0.160701067398216,0.1607010673982162,0.1607010673982162,0.1607010673982162,0.160701067398216,0.1607010673982162,0.1607010673982162,0.15921845176383922,0.15921845176383922,0.15921845176383922,0.15921845176383922,0.15921845176383922,0.15921845176383922,0.15921845176383922,0.15921845176383922,0.15921845176383922,0.15921845176383922,0.15921845176383922,0.15921845176383922,0.15921845176383922,0.15921845176383922,0.15921845176383922,0.15921845176383922,0.15921845176383922,0.15921845176383922,0.15921845176383922,0.15921845176383922,0.15921845176383922,0.15921845176383922,0.15921845176383922,0.15921845176383922,0.15921845176383922,0.1577654465381501,0.1577654465381501,0.1577654465381501,0.1577654465381501,0.1577654465381501,0.1577654465381501,0.1577654465381501,0.1577654465381501,0.1577654465381501,0.1577654465381501,0.1577654465381501,0.1577654465381501,0.1577654465381501,0.1577654465381501,0.1577654465381501,0.1577654465381501,0.1577654465381501,0.1577654465381501,0.1577654465381501,0.1577654465381501,0.1577654465381501,0.1577654465381501,0.1577654465381501,0.1577654465381501,0.1577654465381501,0.15634146285002767,0.15634146285002767,0.15634146285002748,0.15634146285002767,0.15634146285002767,0.15634146285002767,0.15634146285002748,0.15634146285002748,0.15634146285002748,0.15634146285002767,0.15634146285002748,0.15634146285002748,0.15634146285002726,0.15634146285002748,0.15634146285002748,0.15634146285002767,0.15634146285002748,0.15634146285002748,0.15634146285002748,0.15634146285002767,0.15634146285002767,0.15634146285002767,0.15634146285002748,0.15634146285002767,0.15634146285002767,0.1549459148995226,0.15494591489952222,0.154945914899522,0.15494591489952222,0.1549459148995226,0.15494591489952222,0.1549459148995218,0.1549459148995216,0.1549459148995218,0.15494591489952222,0.154945914899522,0.1549459148995216,0.1549459148995214,0.1549459148995216,0.154945914899522,0.15494591489952222,0.1549459148995218,0.1549459148995216,0.1549459148995218,0.15494591489952222,0.1549459148995226,0.15494591489952222,0.154945914899522,0.15494591489952222,0.1549459148995226,0.15357822092736312,0.15357822092736192,0.15357822092736131,0.15357822092736192,0.15357822092736312,0.15357822092736192,0.1535782209273607,0.1535782209273599,0.1535782209273607,0.15357822092736192,0.15357822092736131,0.1535782209273599,0.15357822092735932,0.1535782209273599,0.15357822092736131,0.15357822092736192,0.1535782209273607,0.1535782209273599,0.1535782209273607,0.15357822092736192,0.15357822092736312,0.15357822092736192,0.15357822092736131,0.15357822092736192,0.15357822092736312,0.1522378040760574,0.15223780407605383,0.1522378040760515,0.15223780407605383,0.1522378040760574,0.15223780407605383,0.15223780407604992,0.15223780407604753,0.15223780407604992,0.15223780407605383,0.1522378040760515,0.15223780407604753,0.152237804076045,0.15223780407604753,0.1522378040760515,0.15223780407605383,0.15223780407604992,0.15223780407604753,0.15223780407604992,0.15223780407605383,0.1522378040760574,0.15223780407605383,0.1522378040760515,0.15223780407605383,0.1522378040760574,0.1509240931512027,0.15092409315119132,0.15092409315118435,0.15092409315119132,0.1509240931512027,0.15092409315119132,0.15092409315117933,0.15092409315117183,0.15092409315117933,0.15092409315119132,0.15092409315118435,0.15092409315117183,0.1509240931511639,0.15092409315117183,0.15092409315118435,0.15092409315119132,0.15092409315117933,0.15092409315117183,0.15092409315117933,0.15092409315119132,0.1509240931512027,0.15092409315119132,0.15092409315118435,0.15092409315119132,0.1509240931512027,0.14963652329108057,0.14963652329104615,0.14963652329102442,0.14963652329104615,0.14963652329108057,0.14963652329104615,0.1496365232910087,0.1496365232909847,0.1496365232910087,0.14963652329104615,0.14963652329102442,0.1496365232909847,0.14963652329095936,0.1496365232909847,0.14963652329102442,0.14963652329104615,0.1496365232910087,0.1496365232909847,0.1496365232910087,0.14963652329104615,0.14963652329108057,0.14963652329104615,0.14963652329102442,0.14963652329104615,0.14963652329108057,0.14837453655210828,0.1483745365520049,0.14837453655193872,0.1483745365520049,0.14837453655210828,0.1483745365520049,0.14837453655188906,0.1483745365518138,0.14837453655188906,0.1483745365520049,0.14837453655193872,0.1483745365518138,0.14837453655173263,0.1483745365518138,0.14837453655193872,0.1483745365520049,0.14837453655188906,0.1483745365518138,0.14837453655188906,0.1483745365520049,0.14837453655210828,0.1483745365520049,0.14837453655193872,0.1483745365520049,0.14837453655210828,0.1471375824172382,0.14713758241693153,0.14713758241673192,0.14713758241693153,0.1471375824172382,0.14713758241693153,0.1471375824165755,0.14713758241633754,0.1471375824165755,0.14713758241693153,0.14713758241673192,0.14713758241633754,0.1471375824160718,0.14713758241633754,0.14713758241673192,0.14713758241693153,0.1471375824165755,0.14713758241633754,0.1471375824165755,0.14713758241693153,0.1471375824172382,0.14713758241693153,0.14713758241673192,0.14713758241693153,0.1471375824172382,0.1459251182339673,0.1459251182330777,0.14592511823247975,0.1459251182330777,0.1459251182339673,0.1459251182330777,0.14592511823198864,0.1459251182312244,0.14592511823198864,0.1459251182330777,0.14592511823247975,0.1459251182312244,0.1459251182303211,0.1459251182312244,0.14592511823247975,0.1459251182330777,0.14592511823198864,0.1459251182312244,0.14592511823198864,0.1459251182330777,0.1459251182339673,0.1459251182330777,0.14592511823247975,0.1459251182330777,0.1459251182339673,0.1447366095883,0.1447366095858031,0.14473660958403822,0.1447366095858031,0.1447366095883,0.1447366095858031,0.14473660958250864,0.14473660958000367,0.14473660958250864,0.1447366095858031,0.14473660958403822,0.14473660958000367,0.1447366095767553,0.14473660958000367,0.14473660958403822,0.1447366095858031,0.14473660958250864,0.14473660958000367,0.14473660958250864,0.1447366095858031,0.1447366095883,0.1447366095858031,0.14473660958403822,0.1447366095858031,0.1447366095883,0.14357153062085984,0.14357153061421912,0.14357153060914252,0.14357153061421912,0.14357153062085984,0.14357153061421912,0.1435715306044891,0.14357153059608405,0.1435715306044891,0.14357153061421912,0.14357153060914252,0.14357153059608405,0.14357153058339978,0.14357153059608405,0.14357153060914252,0.14357153061421912,0.1435715306044891,0.14357153059608405,0.1435715306044891,0.14357153061421912,0.14357153062085984,0.14357153061421912,0.14357153060914252,0.14357153061421912,0.14357153062085984,0.1424293642914203,0.14242936427528893,0.142429364261416,0.14242936427528893,0.1424293642914203,0.14242936427528893,0.14242936424799216,0.142429364219353,0.14242936424799216,0.14242936427528893,0.142429364261416,0.142429364219353,0.14242936416420102,0.142429364219353,0.142429364261416,0.14242936427528893,0.14242936424799216,0.142429364219353,0.14242936424799216,0.14242936427528893,0.1424293642914203,0.14242936427528893,0.142429364261416,0.14242936427528893,0.1424293642914203,0.14130960259765651,0.14130960256443476,0.14130960253056468,0.14130960256443476,0.14130960259765651,0.14130960256443476,0.14130960249608424,0.14130960240096416,0.14130960249608424,0.14130960256443476,0.14130960253056468,0.14130960240096416,0.14130960212977783,0.14130960240096416,0.14130960253056468,0.14130960256443476,0.14130960249608424,0.14130960240096416,0.14130960249608424,0.14130960256443476,0.14130960259765651,0.14130960256443476,0.14130960253056468,0.14130960256443476,0.14130960259765651,0.1402117467488533,0.14021174670093975,0.14021174663941885,0.14021174670093975,0.1402117467488533,0.14021174670093975,0.14021174657483904,0.14021174630944597,0.14021174657483904,0.14021174670093975,0.14021174663941885,0.14021174630944597,0.14021174480335138,0.14021174630944597,0.14021174663941885,0.14021174670093975,0.14021174657483904,0.14021174630944597,0.14021174657483904,0.14021174670093975,0.1402117467488533,0.14021174670093975,0.14021174663941885,0.14021174670093975,0.1402117467488533,0.13913530727458034,0.13913530725707327,0.13913530723693457,0.13913530725707327,0.13913530727458034,0.13913530725707327,0.13913530721583026,0.139135307149955,0.13913530721583026,0.13913530725707327,0.13913530723693457,0.139135307149955,0.13913530693926537,0.139135307149955,0.13913530723693457,0.13913530725707327,0.13913530721583026,0.139135307149955,0.13913530721583026,0.13913530725707327,0.13913530727458034,0.13913530725707327,0.13913530723693457,0.13913530725707327,0.13913530727458034,0.13807980402967898,0.13807980405208883,0.1380798040767466,0.13807980405208883,0.13807980402967898,0.13807980405208883,0.1380798041022841,0.13807980417917579,0.1380798041022841,0.13807980405208883,0.1380798040767466,0.13807980417917579,0.13807980441790946,0.13807980417917579,0.1380798040767466,0.13807980405208883,0.1380798041022841,0.13807980417917579,0.1380798041022841,0.13807980405208883,0.13807980402967898,0.13807980405208883,0.1380798040767466,0.13807980405208883,0.13807980402967898,0.13704476632746027,0.13704476638241728,0.13704476645173838,0.13704476638241728,0.13704476632746027,0.13704476638241728,0.13704476652421177,0.1370447668188021,0.13704476652421177,0.13704476638241728,0.13704476645173838,0.1370447668188021,0.13704476848016392,0.1370447668188021,0.13704476645173838,0.13704476638241728,0.13704476652421177,0.1370447668188021,0.13704476652421177,0.13704476638241728,0.13704476632746027,0.13704476638241728,0.13704476645173838,0.13704476638241728,0.13704476632746027,0.13602973300605253,0.13602973304626217,0.13602973308625907,0.13602973304626217,0.13602973300605253,0.13602973304626217,0.13602973312664599,0.13602973323583772,0.13602973312664599,0.13602973304626217,0.13602973308625907,0.13602973323583772,0.1360297335421202,0.13602973323583772,0.13602973308625907,0.13602973304626217,0.13602973312664599,0.13602973323583772,0.13602973312664599,0.13602973304626217,0.13602973300605253,0.13602973304626217,0.13602973308625907,0.13602973304626217,0.13602973300605253,0.13503425251660847,0.13503425254218115,0.13503425256345863,0.13503425254218115,0.13503425251660847,0.13503425254218115,0.13503425258375776,0.13503425262534444,0.13503425258375776,0.13503425254218115,0.13503425256345863,0.13503425262534444,0.13503425270152367,0.13503425262534444,0.13503425256345863,0.13503425254218115,0.13503425258375776,0.13503425262534444,0.13503425258375776,0.13503425254218115,0.13503425251660847,0.13503425254218115,0.13503425256345863,0.13503425254218115,0.13503425251660847
0.1653324878032374,0.1653324878032374,0.1653324878032374,0.1653324878032374,0.1653324878032374,0.1653324878032374,0.1653324878032374,0.1653324878032374,0.1653324878032374,0.1653324878032374,0.1653324878032374,0.1653324878032374,0.1653324878032374,0.1653324878032374,0.1653324878032374,0.1653324878032374,0.1653324878032374,0.1653324878032374,0.1653324878032374,0.1653324878032374,0.1653324878032374,0.1653324878032374,0.1653324878032374,0.1653324878032374,0.1653324878032374,0.1637574940840864,0.1637574940840864,0.1637574940840864,0.1637574940840864,0.1637574940840864,0.1637574940840864,0.1637574940840864,0.1637574940840864,0.1637574940840864,0.1637574940840864,0.1637574940840864,0.1637574940840864,0.1637574940840864,0.1637574940840864,0.1637574940840864,0.1637574940840864,0.1637574940840864,0.1637574940840864,0.1637574940840864,0.1637574940840864,0.1637574940840864,0.1637574940840864,0.1637574940840864,0.1637574940840864,0.1637574940840864,0.16221388429683853,0.16221388429683853,0.16221388429683853,0.16221388429683853,0.16221388429683853,0.16221388429683853,0.16221388429683853,0.16221388429683853,0.16221388429683853,0.16221388429683853,0.16221388429683853,0.16221388429683853,0.16221388429683853,0.16221388429683853,0.16221388429683853,0.16221388429683853,0.16221388429683853,0.16221388429683853,0.16221388429683853,0.16221388429683853,0.16221388429683853,0.16221388429683853,0.16221388429683853,0.16221388429683853,0.16221388429683853,0.1607010673985339,0.1607010673985339,0.1607010673985339,0.1607010673985339,0.1607010673985339,0.1607010673985339,0.1607010673985339,0.1607010673985339,0.1607010673985339,0.1607010673985339,0.1607010673985339,0.1607010673985339,0.1607010673985339,0.1607010673985339,0.1607010673985339,0.1607010673985339,0.1607010673985339,0.1607010673985339,0.1607010673985339,0.1607010673985339,0.1607010673985339,0.1607010673985339,0.1607010673985339,0.1607010673985339,0.1607010673985339,0.15921845176415056,0.15921845176415056,0.15921845176415056,0.15921845176415056,0.15921845176415056,0.15921845176415056,0.15921845176415056,0.15921845176415056,0.15921845176415056,0.15921845176415056,0.15921845176415056,0.15921845176415056,0.15921845176415056,0.15921845176415056,0.15921845176415056,0.15921845176415056,0.15921845176415056,0.15921845176415056,0.15921845176415056,0.15921845176415056,0.15921845176415056,0.15921845176415056,0.15921845176415056,0.15921845176415056,0.15921845176415056,0.15776544653845523,0.15776544653845523,0.15776544653845523,0.15776544653845523,0.15776544653845523,0.15776544653845523,0.15776544653845523,0.15776544653845523,0.15776544653845523,0.15776544653845523,0.15776544653845523,0.15776544653845523,0.15776544653845523,0.15776544653845523,0.15776544653845523,0.15776544653845523,0.15776544653845523,0.15776544653845523,0.15776544653845523,0.15776544653845523,0.15776544653845523,0.15776544653845523,0.15776544653845523,0.15776544653845523,0.15776544653845523,0.15634146285032668,0.1563414628503265,0.1563414628503265,0.1563414628503265,0.15634146285032668,0.1563414628503265,0.1563414628503265,0.15634146285032627,0.1563414628503265,0.1563414628503265,0.1563414628503265,0.15634146285032627,0.15634146285032627,0.15634146285032627,0.1563414628503265,0.1563414628503265,0.1563414628503265,0.15634146285032627,0.1563414628503265,0.1563414628503265,0.15634146285032668,0.1563414628503265,0.1563414628503265,0.1563414628503265,0.15634146285032668,0.15494591489981568,0.15494591489981527,0.15494591489981488,0.15494591489981527,0.15494591489981568,0.15494591489981527,0.15494591489981488,0.15494591489981466,0.15494591489981488,0.15494591489981527,0.15494591489981488,0.15494591489981466,0.15494591489981424,0.15494591489981466,0.15494591489981488,0.15494591489981527,0.15494591489981488,0.15494591489981466,0.15494591489981488,0.15494591489981527,0.15494591489981568,0.15494591489981527,0.15494591489981488,0.15494591489981527,0.15494591489981568,0.15357822092765014,0.15357822092764892,0.15357822092764833,0.15357822092764892,0.15357822092765014,0.15357822092764892,0.15357822092764772,0.1535782209276471,0.15357822092764772,0.15357822092764892,0.15357822092764833,0.1535782209276471,0.1535782209276463,0.1535782209276471,0.15357822092764833,0.15357822092764892,0.15357822092764772,0.1535782209276471,0.15357822092764772,0.15357822092764892,0.15357822092765014,0.15357822092764892,0.15357822092764833,0.15357822092764892,0.15357822092765014,0.1522378040763387,0.15223780407633494,0.15223780407633278,0.15223780407633494,0.1522378040763387,0.15223780407633494,0.15223780407633122,0.15223780407632884,0.15223780407633122,0.15223780407633494,0.15223780407633278,0.15223780407632884,0.15223780407632628,0.15223780407632884,0.15223780407633278,0.15223780407633494,0.15223780407633122,0.15223780407632884,0.15223780407633122,0.15223780407633494,0.1522378040763387,0.15223780407633494,0.15223780407633278,0.15223780407633494,0.1522378040763387,0.1509240931514782,0.15092409315146701,0.15092409315145985,0.15092409315146701,0.1509240931514782,0.15092409315146701,0.15092409315145505,0.1509240931514475,0.15092409315145505,0.15092409315146701,0.15092409315145985,0.1509240931514475,0.1509240931514394,0.1509240931514475,0.15092409315145985,0.15092409315146701,0.15092409315145505,0.1509240931514475,0.15092409315145505,0.15092409315146701,0.1509240931514782,0.15092409315146701,0.15092409315145985,0.15092409315146701,0.1509240931514782,0.14963652329135038,0.149636523291316,0.14963652329129443,0.149636523291316,0.14963652329135038,0.149636523291316,0.14963652329127872,0.14963652329125474,0.14963652329127872,0.149636523291316,0.14963652329129443,0.14963652329125474,0.14963652329122937,0.14963652329125474,0.14963652329129443,0.149636523291316,0.14963652329127872,0.14963652329125474,0.14963652329127872,0.149636523291316,0.14963652329135038,0.149636523291316,0.14963652329129443,0.149636523291316,0.14963652329135038,0.14837453655237257,0.14837453655226937,0.14837453655220337,0.14837453655226937,0.14837453655237257,0.14837453655226937,0.1483745365521537,0.14837453655207866,0.1483745365521537,0.14837453655226937,0.14837453655220337,0.14837453655207866,0.14837453655199748,0.14837453655207866,0.14837453655220337,0.14837453655226937,0.1483745365521537,0.14837453655207866,0.1483745365521537,0.14837453655226937,0.14837453655237257,0.14837453655226937,0.14837453655220337,0.14837453655226937,0.14837453655237257,0.1471375824174967,0.1471375824171904,0.14713758241699115,0.1471375824171904,0.1471375824174967,0.1471375824171904,0.14713758241683492,0.14713758241659733,0.14713758241683492,0.1471375824171904,0.14713758241699115,0.14713758241659733,0.14713758241633193,0.14713758241659733,0.14713758241699115,0.1471375824171904,0.14713758241683492,0.14713758241659733,0.14713758241683492,0.1471375824171904,0.1471375824174967,0.1471375824171904,0.14713758241699115,0.1471375824171904,0.1471375824174967,0.14592511823421908,0.1459251182333309,0.14592511823273385,0.1459251182333309,0.14592511823421908,0.1459251182333309,0.1459251182322433,0.14592511823148027,0.1459251182322433,0.1459251182333309,0.14592511823273385,0.14592511823148027,0.14592511823057838,0.14592511823148027,0.14592511823273385,0.1459251182333309,0.1459251182322433,0.14592511823148027,0.1459251182322433,0.1459251182333309,0.14592511823421908,0.1459251182333309,0.14592511823273385,0.1459251182333309,0.14592511823421908,0.14473660958854262,0.1447366095860494,0.14473660958428713,0.1447366095860494,0.14473660958854262,0.1447366095860494,0.14473660958275963,0.14473660958025836,0.14473660958275963,0.1447366095860494,0.14473660958428713,0.14473660958025836,0.14473660957701467,0.14473660958025836,0.14473660958428713,0.1447366095860494,0.14473660958275963,0.14473660958025836,0.14473660958275963,0.1447366095860494,0.14473660958854262,0.1447366095860494,0.14473660958428713,0.1447366095860494,0.14473660958854262,0.14357153062108585,0.14357153061445474,0.14357153060938552,0.14357153061445474,0.14357153062108585,0.14357153061445474,0.1435715306047388,0.14357153059634623,0.1435715306047388,0.14357153061445474,0.14357153060938552,0.14357153059634623,0.14357153058368022,0.14357153059634623,0.14357153060938552,0.14357153061445474,0.1435715306047388,0.14357153059634623,0.1435715306047388,0.14357153061445474,0.14357153062108585,0.14357153061445474,0.14357153060938552,0.14357153061445474,0.14357153062108585,0.14242936429160935,0.14242936427550146,0.14242936426164884,0.14242936427550146,0.14242936429160935,0.14242936427550146,0.14242936424824462,0.1424293642196471,0.14242936424824462,0.14242936427550146,0.14242936426164884,0.1424293642196471,0.14242936416457563,0.1424293642196471,0.14242936426164884,0.14242936427550146,0.14242936424824462,0.1424293642196471,0.14242936424824462,0.14242936427550146,0.14242936429160935,0.14242936427550146,0.14242936426164884,0.14242936427550146,0.14242936429160935,0.14130960259776015,0.14130960256458672,0.14130960253076583,0.14130960256458672,0.14130960259776015,0.14130960256458672,0.14130960249633573,0.14130960240135426,0.14130960249633573,0.14130960256458672,0.14130960253076583,0.14130960240135426,0.14130960213056298,0.14130960240135426,0.14130960253076583,0.14130960256458672,0.14130960249633573,0.14130960240135426,0.14130960249633573,0.14130960256458672,0.14130960259776015,0.14130960256458672,0.14130960253076583,0.14130960256458672,0.14130960259776015,0.14021174674877027,0.14021174670092634,0.14021174663949515,0.14021174670092634,0.14021174674877027,0.14021174670092634,0.14021174657500945,0.1402117463100028,0.14021174657500945,0.14021174670092634,0.14021174663949515,0.1402117463100028,0.14021174480610188,0.1402117463100028,0.14021174663949515,0.14021174670092634,0.14021174657500945,0.1402117463100028,0.14021174657500945,0.14021174670092634,0.14021174674877027,0.14021174670092634,0.14021174663949515,0.14021174670092634,0.14021174674877027,0.13913530727416407,0.13913530725668258,0.1391353072365731,0.13913530725668258,0.13913530727416407,0.13913530725668258,0.13913530721549947,0.1391353071497202,0.13913530721549947,0.13913530725668258,0.1391353072365731,0.1391353071497202,0.13913530693933746,0.1391353071497202,0.1391353072365731,0.13913530725668258,0.13913530721549947,0.1391353071497202,0.13913530721549947,0.13913530725668258,0.13913530727416407,0.13913530725668258,0.1391353072365731,0.13913530725668258,0.13913530727416407,0.13807980402887243,0.1380798040512496,0.1380798040758714,0.1380798040512496,0.13807980402887243,0.1380798040512496,0.13807980410137166,0.13807980417815144,0.13807980410137166,0.1380798040512496,0.1380798040758714,0.13807980417815144,0.13807980441653736,0.13807980417815144,0.1380798040758714,0.1380798040512496,0.13807980410137166,0.13807980417815144,0.13807980410137166,0.1380798040512496,0.13807980402887243,0.1380798040512496,0.1380798040758714,0.1380798040512496,0.13807980402887243,0.13704476632632573,0.13704476638120247,0.13704476645042266,0.13704476638120247,0.13704476632632573,0.13704476638120247,0.1370447665227905,0.13704476681695174,0.1370447665227905,0.13704476638120247,0.13704476645042266,0.13704476681695174,0.13704476847588917,0.13704476681695174,0.13704476645042266,0.13704476638120247,0.1370447665227905,0.13704476681695174,0.1370447665227905,0.13704476638120247,0.13704476632632573,0.13704476638120247,0.13704476645042266,0.13704476638120247,0.13704476632632573,0.13602973300475035,0.1360297330449014,0.13602973308484015,0.1360297330449014,0.13602973300475035,0.1360297330449014,0.1360297331251682,0.13602973323420084,0.1360297331251682,0.1360297330449014,0.13602973308484015,0.13602973323420084,0.136029733540037,0.13602973323420084,0.13602973308484015,0.1360297330449014,0.1360297331251682,0.13602973323420084,0.1360297331251682,0.1360297330449014,0.13602973300475035,0.1360297330449014,0.13602973308484015,0.1360297330449014,0.13602973300475035,0.13503425251525697,0.13503425254079232,0.13503425256203866,0.13503425254079232,0.13503425251525697,0.13503425254079232,0.13503425258230822,0.13503425262383437,0.13503425258230822,0.13503425254079232,0.13503425256203866,0.13503425262383437,0.13503425269990263,0.13503425262383437,0.13503425256203866,0.13503425254079232,0.13503425258230822,0.13503425262383437,0.1350342525823084,0.13503425254079232,0.13503425251525697,0.13503425254079232,0.13503425256203866,0.13503425254079232,0.13503425251525697
0.16533248780357412,0.16533248780357412,0.16533248780357412,0.16533248780357412,0.16533248780357412,0.16533248780357412,0.16533248780357412,0.16533248780357412,0.16533248780357412,0.16533248780357412,0.16533248780357412,0.16533248780357412,0.16533248780357412,0.16533248780357412,0.16533248780357412,0.16533248780357412,0.16533248780357412,0.16533248780357412,0.16533248780357412,0.16533248780357412,0.16533248780357412,0.16533248780357412,0.16533248780357412,0.16533248780357412,0.16533248780357412,0.16375749408441648,0.16375749408441648,0.16375749408441648,0.16375749408441648,0.16375749408441648,0.16375749408441648,0.16375749408441648,0.16375749408441648,0.16375749408441648,0.16375749408441648,0.16375749408441648,0.16375749408441648,0.16375749408441648,0.16375749408441648,0.16375749408441648,0.16375749408441648,0.16375749408441648,0.16375749408441648,0.16375749408441648,0.16375749408441648,0.16375749408441648,0.16375749408441648,0.16375749408441648,0.16375749408441648,0.16375749408441648,0.16221388429716177,0.16221388429716177,0.16221388429716177,0.16221388429716177,0.16221388429716177,0.16221388429716177,0.16221388429716177,0.16221388429716177,0.16221388429716177,0.16221388429716177,0.16221388429716177,0.16221388429716177,0.16221388429716177,0.16221388429716177,0.16221388429716177,0.16221388429716177,0.16221388429716177,0.16221388429716177,0.16221388429716177,0.16221388429716177,0.16221388429716177,0.16221388429716177,0.16221388429716177,0.16221388429716177,0.16221388429716177,0.16070106739885068,0.16070106739885068,0.16070106739885068,0.16070106739885068,0.16070106739885068,0.16070106739885068,0.16070106739885068,0.16070106739885068,0.16070106739885068,0.16070106739885068,0.16070106739885068,0.16070106739885068,0.16070106739885068,0.16070106739885068,0.16070106739885068,0.16070106739885068,0.16070106739885068,0.16070106739885068,0.16070106739885068,0.16070106739885068,0.16070106739885068,0.16070106739885068,0.16070106739885068,0.16070106739885068,0.16070106739885068,0.159218451764461,0.159218451764461,0.159218451764461,0.159218451764461,0.159218451764461,0.159218451764461,0.159218451764461,0.159218451764461,0.159218451764461,0.159218451764461,0.159218451764461,0.159218451764461,0.159218451764461,0.159218451764461,0.159218451764461,0.159218451764461,0.159218451764461,0.159218451764461,0.159218451764461,0.159218451764461,0.159218451764461,0.159218451764461,0.159218451764461,0.159218451764461,0.159218451764461,0.15776544653875949,0.15776544653875949,0.15776544653875949,0.15776544653875949,0.15776544653875949,0.15776544653875949,0.15776544653875949,0.15776544653875949,0.15776544653875949,0.15776544653875949,0.15776544653875949,0.15776544653875949,0.15776544653875949,0.15776544653875949,0.15776544653875949,0.15776544653875949,0.15776544653875949,0.15776544653875949,0.15776544653875949,0.15776544653875949,0.15776544653875949,0.15776544653875949,0.15776544653875949,0.15776544653875949,0.15776544653875949,0.15634146285062486,0.15634146285062467,0.15634146285062467,0.15634146285062467,0.15634146285062486,0.15634146285062467,0.15634146285062445,0.15634146285062445,0.15634146285062445,0.15634146285062467,0.15634146285062467,0.15634146285062445,0.15634146285062445,0.15634146285062445,0.15634146285062467,0.15634146285062467,0.15634146285062445,0.15634146285062445,0.15634146285062445,0.15634146285062467,0.15634146285062486,0.15634146285062467,0.15634146285062467,0.15634146285062467,0.15634146285062486,0.1549459149001077,0.1549459149001073,0.1549459149001071,0.1549459149001073,0.1549459149001077,0.1549459149001073,0.1549459149001069,0.15494591490010667,0.1549459149001069,0.1549459149001073,0.1549459149001071,0.15494591490010667,0.15494591490010648,0.15494591490010667,0.1549459149001071,0.1549459149001073,0.1549459149001069,0.15494591490010667,0.1549459149001069,0.1549459149001073,0.1549459149001077,0.1549459149001073,0.1549459149001071,0.1549459149001073,0.1549459149001077,0.15357822092793633,0.15357822092793533,0.15357822092793452,0.15357822092793533,0.15357822092793633,0.15357822092793533,0.1535782209279339,0.15357822092793333,0.1535782209279339,0.15357822092793533,0.15357822092793452,0.15357822092793333,0.15357822092793252,0.15357822092793333,0.15357822092793452,0.15357822092793533,0.1535782209279339,0.15357822092793333,0.1535782209279339,0.15357822092793533,0.15357822092793633,0.15357822092793533,0.15357822092793452,0.15357822092793533,0.15357822092793633,0.1522378040766192,0.15223780407661544,0.15223780407661308,0.15223780407661544,0.1522378040766192,0.15223780407661544,0.1522378040766117,0.15223780407660914,0.1522378040766117,0.15223780407661544,0.15223780407661308,0.15223780407660914,0.15223780407660678,0.15223780407660914,0.15223780407661308,0.15223780407661544,0.1522378040766117,0.15223780407660914,0.1522378040766117,0.15223780407661544,0.1522378040766192,0.15223780407661544,0.15223780407661308,0.15223780407661544,0.1522378040766192,0.1509240931517529,0.1509240931517417,0.15092409315173458,0.1509240931517417,0.1509240931517529,0.1509240931517417,0.15092409315172978,0.15092409315172223,0.15092409315172978,0.1509240931517417,0.15092409315173458,0.15092409315172223,0.15092409315171434,0.15092409315172223,0.15092409315173458,0.1509240931517417,0.15092409315172978,0.15092409315172223,0.15092409315172978,0.1509240931517417,0.1509240931517529,0.1509240931517417,0.15092409315173458,0.1509240931517417,0.1509240931517529,0.14963652329161947,0.14963652329158525,0.14963652329156352,0.14963652329158525,0.14963652329161947,0.14963652329158525,0.14963652329154797,0.14963652329152397,0.14963652329154797,0.14963652329158525,0.14963652329156352,0.14963652329152397,0.14963652329149862,0.14963652329152397,0.14963652329156352,0.14963652329158525,0.14963652329154797,0.14963652329152397,0.14963652329154797,0.14963652329158525,0.14963652329161947,0.14963652329158525,0.14963652329156352,0.14963652329158525,0.14963652329161947,0.14837453655263613,0.14837453655253308,0.1483745365524671,0.14837453655253308,0.14837453655263613,0.14837453655253308,0.1483745365524176,0.14837453655234253,0.1483745365524176,0.14837453655253308,0.1483745365524671,0.14837453655234253,0.14837453655226154,0.14837453655234253,0.1483745365524671,0.14837453655253308,0.1483745365524176,0.14837453655234253,0.1483745365524176,0.14837453655253308,0.14837453655263613,0.14837453655253308,0.1483745365524671,0.14837453655253308,0.14837453655263613,0.1471375824177545,0.14713758241744873,0.14713758241724964,0.14713758241744873,0.1471375824177545,0.14713758241744873,0.1471375824170936,0.14713758241685637,0.1471375824170936,0.14713758241744873,0.14713758241724964,0.14713758241685637,0.1471375824165913,0.14713758241685637,0.14713758241724964,0.14713758241744873,0.1471375824170936,0.14713758241685637,0.1471375824170936,0.14713758241744873,0.1471375824177545,0.14713758241744873,0.14713758241724964,0.14713758241744873,0.1471375824177545,0.14592511823447035,0.14592511823358323,0.14592511823298707,0.14592511823358323,0.14592511823447035,0.14592511823358323,0.14592511823249738,0.1459251182317353,0.14592511823249738,0.14592511823358323,0.14592511823298707,0.1459251182317353,0.14592511823083482,0.1459251182317353,0.14592511823298707,0.14592511823358323,0.14592511823249738,0.1459251182317353,0.14592511823249738,0.14592511823358323,0.14592511823447035,0.14592511823358323,0.14592511823298707,0.14592511823358323,0.14592511823447035,0.14473660958878456,0.14473660958629497,0.14473660958453516,0.14473660958629497,0.14473660958878456,0.14473660958629497,0.14473660958300993,0.14473660958051232,0.14473660958300993,0.14473660958629497,0.14473660958453516,0.14473660958051232,0.14473660957727336,0.14473660958051232,0.14473660958453516,0.14473660958629497,0.14473660958300993,0.14473660958051232,0.14473660958300993,0.14473660958629497,0.14473660958878456,0.14473660958629497,0.14473660958453516,0.14473660958629497,0.14473660958878456,0.14357153062131106,0.14357153061468966,0.1435715306096278,0.14357153061468966,0.14357153062131106,0.14357153061468966,0.1435715306049879,0.1435715305966075,0.1435715306049879,0.14357153061468966,0.1435715306096278,0.1435715305966075,0.14357153058395983,0.1435715305966075,0.1435715306096278,0.14357153061468966,0.1435715306049879,0.1435715305966075,0.1435715306049879,0.14357153061468966,0.14357153062131106,0.14357153061468966,0.1435715306096278,0.14357153061468966,0.14357153062131106,0.1424293642917981,0.1424293642757135,0.1424293642618812,0.1424293642757135,0.1424293642917981,0.1424293642757135,0.14242936424849642,0.1424293642199405,0.14242936424849642,0.1424293642757135,0.1424293642618812,0.1424293642199405,0.14242936416494903,0.1424293642199405,0.1424293642618812,0.1424293642757135,0.14242936424849642,0.1424293642199405,0.14242936424849642,0.1424293642757135,0.1424293642917981,0.1424293642757135,0.1424293642618812,0.1424293642757135,0.1424293642917981,0.14130960259786327,0.1413096025647382,0.14130960253096647,0.1413096025647382,0.14130960259786327,0.1413096025647382,0.14130960249658653,0.14130960240174323,0.14130960249658653,0.1413096025647382,0.14130960253096647,0.14130960240174323,0.14130960213134586,0.14130960240174323,0.14130960253096647,0.1413096025647382,0.14130960249658653,0.14130960240174323,0.14130960249658653,0.1413096025647382,0.14130960259786327,0.1413096025647382,0.14130960253096647,0.1413096025647382,0.14130960259786327,0.14021174674868736,0.14021174670091313,0.14021174663957126,0.14021174670091313,0.14021174674868736,0.14021174670091313,0.14021174657517926,0.1402117463105583,0.14021174657517926,0.14021174670091313,0.14021174663957126,0.1402117463105583,0.14021174480882687,0.1402117463105583,0.14021174663957126,0.14021174670091313,0.14021174657517926,0.1402117463105583,0.14021174657517926,0.14021174670091313,0.14021174674868736,0.14021174670091313,0.14021174663957126,0.14021174670091313,0.14021174674868736,0.13913530727374884,0.13913530725629283,0.13913530723621262,0.13913530725629283,0.13913530727374884,0.13913530725629283,0.13913530721516965,0.1391353071494862,0.13913530721516965,0.13913530725629283,0.13913530723621262,0.1391353071494862,0.1391353069394094,0.1391353071494862,0.13913530723621262,0.13913530725629283,0.13913530721516965,0.1391353071494862,0.13913530721516965,0.13913530725629283,0.13913530727374884,0.13913530725629283,0.13913530723621262,0.13913530725629283,0.13913530727374884,0.13807980402806808,0.1380798040504128,0.13807980407499865,0.1380798040504128,0.13807980402806808,0.1380798040504128,0.1380798041004619,0.13807980417712987,0.1380798041004619,0.1380798040504128,0.13807980407499865,0.13807980417712987,0.1380798044151691,0.13807980417712987,0.13807980407499865,0.1380798040504128,0.1380798041004619,0.13807980417712987,0.1380798041004619,0.1380798040504128,0.13807980402806808,0.1380798040504128,0.13807980407499865,0.1380798040504128,0.13807980402806808,0.1370447663251941,0.13704476637999116,0.1370447664491107,0.13704476637999116,0.1370447663251941,0.13704476637999116,0.13704476652137318,0.13704476681510644,0.13704476652137318,0.13704476637999116,0.1370447664491107,0.13704476681510644,0.13704476847164254,0.13704476681510644,0.1370447664491107,0.13704476637999116,0.13704476652137318,0.13704476681510644,0.13704476652137318,0.13704476637999116,0.1370447663251941,0.13704476637999116,0.1370447664491107,0.13704476637999116,0.1370447663251941,0.1360297330034518,0.13602973304354443,0.13602973308342498,0.13602973304354443,0.1360297330034518,0.13602973304354443,0.13602973312369443,0.13602973323256845,0.13602973312369443,0.13602973304354443,0.13602973308342498,0.13602973323256845,0.13602973353795983,0.13602973323256845,0.13602973308342498,0.13602973304354443,0.13602973312369443,0.13602973323256845,0.13602973312369443,0.13602973304354443,0.1360297330034518,0.13602973304354443,0.13602973308342498,0.13602973304354443,0.1360297330034518,0.13503425251390894,0.13503425253940712,0.1350342525606226,0.13503425253940712,0.13503425251390894,0.13503425253940712,0.1350342525808628,0.13503425262232843,0.1350342525808628,0.13503425253940712,0.1350342525606226,0.13503425262232843,0.1350342526982861,0.13503425262232843,0.13503425256062276,0.13503425253940712,0.1350342525808628,0.13503425262232843,0.1350342525808628,0.13503425253940712,0.13503425251390894,0.13503425253940712,0.13503425256062276,0.13503425253940712,0.13503425251390894
0.16533248780390972,0.16533248780390972,0.16533248780390972,0.16533248780390972,0.16533248780390972,0.16533248780390972,0.16533248780390972,0.16533248780390972,0.16533248780390972,0.16533248780390972,0.16533248780390972,0.16533248780390972,0.16533248780390972,0.16533248780390972,0.16533248780390972,0.16533248780390972,0.16533248780390972,0.16533248780390972,0.16533248780390972,0.16533248780390972,0.16533248780390972,0.16533248780390972,0.16533248780390972,0.16533248780390972,0.16533248780390972,0.16375749408474538,0.16375749408474538,0.16375749408474538,0.16375749408474538,0.16375749408474538,0.16375749408474538,0.16375749408474538,0.16375749408474538,0.16375749408474538,0.16375749408474538,0.16375749408474538,0.16375749408474538,0.16375749408474538,0.16375749408474538,0.16375749408474538,0.16375749408474538,0.16375749408474538,0.16375749408474538,0.16375749408474538,0.16375749408474538,0.16375749408474538,0.16375749408474538,0.16375749408474538,0.16375749408474538,0.16375749408474538,0.16221388429748432,0.16221388429748432,0.16221388429748432,0.16221388429748432,0.16221388429748432,0.16221388429748432,0.16221388429748432,0.16221388429748432,0.16221388429748432,0.16221388429748432,0.16221388429748432,0.16221388429748432,0.16221388429748432,0.16221388429748432,0.16221388429748432,0.16221388429748432,0.16221388429748432,0.16221388429748432,0.16221388429748432,0.16221388429748432,0.16221388429748432,0.16221388429748432,0.16221388429748432,0.16221388429748432,0.16221388429748432,0.1607010673991666,0.1607010673991666,0.1607010673991666,0.1607010673991666,0.1607010673991666,0.1607010673991666,0.1607010673991666,0.1607010673991666,0.1607010673991666,0.1607010673991666,0.1607010673991666,0.1607010673991666,0.1607010673991666,0.1607010673991666,0.1607010673991666,0.1607010673991666,0.1607010673991666,0.1607010673991666,0.1607010673991666,0.1607010673991666,0.1607010673991666,0.1607010673991666,0.1607010673991666,0.1607010673991666,0.1607010673991666,0.1592184517647706,0.1592184517647706,0.1592184517647706,0.1592184517647706,0.1592184517647706,0.1592184517647706,0.1592184517647706,0.1592184517647706,0.1592184517647706,0.1592184517647706,0.1592184517647706,0.1592184517647706,0.1592184517647706,0.1592184517647706,0.1592184517647706,0.1592184517647706,0.1592184517647706,0.1592184517647706,0.1592184517647706,0.1592184517647706,0.1592184517647706,0.1592184517647706,0.1592184517647706,0.1592184517647706,0.1592184517647706,0.15776544653906288,0.15776544653906288,0.15776544653906288,0.15776544653906288,0.15776544653906288,0.15776544653906288,0.15776544653906288,0.15776544653906288,0.15776544653906288,0.15776544653906288,0.15776544653906288,0.15776544653906288,0.15776544653906288,0.15776544653906288,0.15776544653906288,0.15776544653906288,0.15776544653906288,0.15776544653906288,0.15776544653906288,0.15776544653906288,0.15776544653906288,0.15776544653906288,0.15776544653906288,0.15776544653906288,0.15776544653906288,0.15634146285092201,0.15634146285092201,0.1563414628509218,0.15634146285092201,0.15634146285092201,0.15634146285092201,0.1563414628509218,0.1563414628509218,0.1563414628509218,0.15634146285092201,0.1563414628509218,0.1563414628509218,0.1563414628509216,0.1563414628509218,0.1563414628509218,0.15634146285092201,0.1563414628509218,0.1563414628509218,0.1563414628509218,0.15634146285092201,0.15634146285092201,0.15634146285092201,0.1563414628509218,0.15634146285092201,0.15634146285092201,0.1549459149003989,0.1549459149003985,0.1549459149003983,0.1549459149003985,0.1549459149003989,0.1549459149003985,0.1549459149003983,0.1549459149003979,0.1549459149003983,0.1549459149003985,0.1549459149003983,0.1549459149003979,0.1549459149003977,0.1549459149003979,0.1549459149003983,0.1549459149003985,0.1549459149003983,0.1549459149003979,0.1549459149003983,0.1549459149003985,0.1549459149003989,0.1549459149003985,0.1549459149003983,0.1549459149003985,0.1549459149003989,0.15357822092822193,0.15357822092822074,0.15357822092821993,0.15357822092822074,0.15357822092822193,0.15357822092822074,0.15357822092821952,0.1535782209282187,0.15357822092821952,0.15357822092822074,0.15357822092821993,0.1535782209282187,0.1535782209282179,0.1535782209282187,0.15357822092821993,0.15357822092822074,0.15357822092821952,0.1535782209282187,0.15357822092821952,0.15357822092822074,0.15357822092822193,0.15357822092822074,0.15357822092821993,0.15357822092822074,0.15357822092822193,0.1522378040768987,0.15223780407689513,0.1522378040768928,0.15223780407689513,0.1522378040768987,0.15223780407689513,0.15223780407689122,0.15223780407688883,0.15223780407689122,0.15223780407689513,0.1522378040768928,0.15223780407688883,0.15223780407688647,0.15223780407688883,0.1522378040768928,0.15223780407689513,0.15223780407689122,0.15223780407688883,0.15223780407689122,0.15223780407689513,0.1522378040768987,0.15223780407689513,0.1522378040768928,0.15223780407689513,0.1522378040768987,0.15092409315202684,0.15092409315201566,0.15092409315200872,0.15092409315201566,0.15092409315202684,0.15092409315201566,0.1509240931520037,0.15092409315199617,0.1509240931520037,0.15092409315201566,0.15092409315200872,0.15092409315199617,0.15092409315198826,0.15092409315199617,0.15092409315200872,0.15092409315201566,0.1509240931520037,0.15092409315199617,0.1509240931520037,0.15092409315201566,0.15092409315202684,0.15092409315201566,0.15092409315200872,0.15092409315201566,0.15092409315202684,0.14963652329188795,0.14963652329185373,0.149636523291832,0.14963652329185373,0.14963652329188795,0.14963652329185373,0.1496365232918165,0.14963652329179247,0.1496365232918165,0.14963652329185373,0.149636523291832,0.14963652329179247,0.14963652329176733,0.14963652329179247,0.149636523291832,0.14963652329185373,0.1496365232918165,0.14963652329179247,0.1496365232918165,0.14963652329185373,0.14963652329188795,0.14963652329185373,0.149636523291832,0.14963652329185373,0.14963652329188795,0.14837453655289892,0.14837453655279606,0.14837453655273028,0.14837453655279606,0.14837453655289892,0.14837453655279606,0.1483745365526808,0.1483745365526059,0.1483745365526808,0.14837453655279606,0.14837453655273028,0.1483745365526059,0.1483745365525249,0.1483745365526059,0.14837453655273028,0.14837453655279606,0.1483745365526808,0.1483745365526059,0.1483745365526808,0.14837453655279606,0.14837453655289892,0.14837453655279606,0.14837453655273028,0.14837453655279606,0.14837453655289892,0.1471375824180115,0.14713758241770616,0.1471375824175074,0.14713758241770616,0.1471375824180115,0.14713758241770616,0.14713758241735173,0.14713758241711467,0.14713758241735173,0.14713758241770616,0.1471375824175074,0.14713758241711467,0.14713758241685,0.14713758241711467,0.1471375824175074,0.14713758241770616,0.14713758241735173,0.14713758241711467,0.14713758241735173,0.14713758241770616,0.1471375824180115,0.14713758241770616,0.1471375824175074,0.14713758241770616,0.1471375824180115,0.1459251182347207,0.14592511823383497,0.14592511823323973,0.14592511823383497,0.1459251182347207,0.14592511823383497,0.1459251182327506,0.14592511823198973,0.1459251182327506,0.14592511823383497,0.14592511823323973,0.14592511823198973,0.1459251182310905,0.14592511823198973,0.14592511823323973,0.14592511823383497,0.1459251182327506,0.14592511823198973,0.1459251182327506,0.14592511823383497,0.1459251182347207,0.14592511823383497,0.14592511823323973,0.14592511823383497,0.1459251182347207,0.1447366095890258,0.14473660958653986,0.14473660958478268,0.14473660958653986,0.1447366095890258,0.14473660958653986,0.1447366095832597,0.14473660958076556,0.1447366095832597,0.14473660958653986,0.14473660958478268,0.14473660958076556,0.14473660957753134,0.14473660958076556,0.14473660958478268,0.14473660958653986,0.1447366095832597,0.14473660958076556,0.1447366095832597,0.14473660958653986,0.1447366095890258,0.14473660958653986,0.14473660958478268,0.14473660958653986,0.1447366095890258,0.14357153062153571,0.14357153061492392,0.1435715306098696,0.14357153061492392,0.14357153062153571,0.14357153061492392,0.1435715306052362,0.1435715305968679,0.1435715306052362,0.14357153061492392,0.1435715306098696,0.1435715305968679,0.1435715305842389,0.1435715305968679,0.1435715306098696,0.14357153061492392,0.1435715306052362,0.1435715305968679,0.1435715306052362,0.14357153061492392,0.14357153062153571,0.14357153061492392,0.1435715306098696,0.14357153061492392,0.14357153062153571,0.14242936429198613,0.14242936427592504,0.1424293642621127,0.14242936427592504,0.14242936429198613,0.14242936427592504,0.1424293642487474,0.1424293642202329,0.1424293642487474,0.14242936427592504,0.1424293642621127,0.1424293642202329,0.14242936416532145,0.1424293642202329,0.1424293642621127,0.14242936427592504,0.1424293642487474,0.1424293642202329,0.1424293642487474,0.14242936427592504,0.14242936429198613,0.14242936427592504,0.1424293642621127,0.14242936427592504,0.14242936429198613,0.1413096025979662,0.14130960256488936,0.14130960253116662,0.14130960256488936,0.1413096025979662,0.14130960256488936,0.14130960249683652,0.14130960240213106,0.14130960249683652,0.14130960256488936,0.14130960253116662,0.14130960240213106,0.14130960213212673,0.14130960240213106,0.14130960253116662,0.14130960256488936,0.14130960249683652,0.14130960240213106,0.14130960249683652,0.14130960256488936,0.1413096025979662,0.14130960256488936,0.14130960253116662,0.14130960256488936,0.1413096025979662,0.14021174674860465,0.14021174670089992,0.1402117466396472,0.14021174670089992,0.14021174674860465,0.14021174670089992,0.14021174657534874,0.1402117463111122,0.14021174657534874,0.14021174670089992,0.1402117466396472,0.1402117463111122,0.14021174481158075,0.1402117463111122,0.1402117466396472,0.14021174670089992,0.14021174657534874,0.1402117463111122,0.14021174657534874,0.14021174670089992,0.14021174674860465,0.14021174670089992,0.1402117466396472,0.14021174670089992,0.14021174674860465,0.1391353072733349,0.1391353072559042,0.13913530723585307,0.1391353072559042,0.1391353072733349,0.1391353072559042,0.1391353072148408,0.13913530714925268,0.1391353072148408,0.1391353072559042,0.13913530723585307,0.13913530714925268,0.1391353069394812,0.13913530714925268,0.13913530723585307,0.1391353072559042,0.1391353072148408,0.13913530714925268,0.1391353072148408,0.1391353072559042,0.1391353072733349,0.1391353072559042,0.13913530723585307,0.1391353072559042,0.1391353072733349,0.13807980402726608,0.13807980404957823,0.1380798040741284,0.13807980404957823,0.13807980402726608,0.13807980404957823,0.1380798040995546,0.13807980417611124,0.1380798040995546,0.13807980404957823,0.1380798040741284,0.13807980417611124,0.13807980441380444,0.13807980417611124,0.1380798040741284,0.13807980404957823,0.1380798040995546,0.13807980417611124,0.1380798040995546,0.13807980404957823,0.13807980402726608,0.13807980404957823,0.1380798040741284,0.13807980404957823,0.13807980402726608,0.13704476632406584,0.1370447663787832,0.13704476644780222,0.1370447663787832,0.13704476632406584,0.1370447663787832,0.1370447665199598,0.1370447668132663,0.1370447665199598,0.1370447663787832,0.13704476644780222,0.1370447668132663,0.13704476846739483,0.1370447668132663,0.13704476644780222,0.1370447663787832,0.1370447665199598,0.1370447668132663,0.1370447665199598,0.1370447663787832,0.13704476632406584,0.1370447663787832,0.13704476644780222,0.1370447663787832,0.13704476632406584,0.13602973300215682,0.13602973304219126,0.13602973308201383,0.13602973304219126,0.13602973300215682,0.13602973304219126,0.1360297331222247,0.13602973323094064,0.1360297331222247,0.13602973304219126,0.13602973308201383,0.13602973323094064,0.13602973353588813,0.13602973323094064,0.13602973308201383,0.13602973304219126,0.1360297331222247,0.13602973323094064,0.1360297331222247,0.13602973304219126,0.13602973300215682,0.13602973304219126,0.13602973308201383,0.13602973304219126,0.13602973300215682,0.13503425251256485,0.13503425253802592,0.13503425255921067,0.13503425253802592,0.13503425251256485,0.13503425253802592,0.13503425257942134,0.1350342526208267,0.13503425257942134,0.13503425253802592,0.13503425255921067,0.1350342526208267,0.13503425269667393,0.1350342526208267,0.13503425255921067,0.13503425253802592,0.13503425257942134,0.1350342526208267,0.13503425257942134,0.13503425253802592,0.13503425251256485,0.13503425253802592,0.13503425255921067,0.13503425253802592,0.13503425251256485
0.1653324878042446,0.1653324878042446,0.1653324878042446,0.1653324878042446,0.1653324878042446,0.1653324878042446,0.1653324878042446,0.1653324878042446,0.1653324878042446,0.1653324878042446,0.1653324878042446,0.1653324878042446,0.1653324878042446,0.1653324878042446,0.1653324878042446,0.1653324878042446,0.1653324878042446,0.1653324878042446,0.1653324878042446,0.1653324878042446,0.1653324878042446,0.1653324878042446,0.1653324878042446,0.1653324878042446,0.1653324878042446,0.16375749408507356,0.16375749408507356,0.16375749408507356,0.16375749408507356,0.16375749408507356,0.16375749408507356,0.16375749408507356,0.16375749408507356,0.16375749408507356,0.16375749408507356,0.16375749408507356,0.16375749408507356,0.16375749408507356,0.16375749408507356,0.16375749408507356,0.16375749408507356,0.16375749408507356,0.16375749408507356,0.16375749408507356,0.16375749408507356,0.16375749408507356,0.16375749408507356,0.16375749408507356,0.16375749408507356,0.16375749408507356,0.16221388429780575,0.16221388429780575,0.16221388429780575,0.16221388429780575,0.16221388429780575,0.16221388429780575,0.16221388429780575,0.16221388429780575,0.16221388429780575,0.16221388429780575,0.16221388429780575,0.16221388429780575,0.16221388429780575,0.16221388429780575,0.16221388429780575,0.16221388429780575,0.16221388429780575,0.16221388429780575,0.16221388429780575,0.16221388429780575,0.16221388429780575,0.16221388429780575,0.16221388429780575,0.16221388429780575,0.16221388429780575,0.16070106739948184,0.16070106739948184,0.16070106739948184,0.16070106739948184,0.16070106739948184,0.16070106739948184,0.16070106739948184,0.16070106739948184,0.16070106739948184,0.16070106739948184,0.16070106739948184,0.16070106739948184,0.16070106739948184,0.16070106739948184,0.16070106739948184,0.16070106739948184,0.16070106739948184,0.16070106739948184,0.16070106739948184,0.16070106739948184,0.16070106739948184,0.16070106739948184,0.16070106739948184,0.16070106739948184,0.16070106739948184,0.15921845176507954,0.15921845176507954,0.15921845176507954,0.15921845176507954,0.15921845176507954,0.15921845176507954,0.15921845176507954,0.15921845176507954,0.15921845176507954,0.15921845176507954,0.15921845176507954,0.15921845176507954,0.15921845176507932,0.15921845176507954,0.15921845176507954,0.15921845176507954,0.15921845176507954,0.15921845176507954,0.15921845176507954,0.15921845176507954,0.15921845176507954,0.15921845176507954,0.15921845176507954,0.15921845176507954,0.15921845176507954,0.15776544653936547,0.15776544653936547,0.15776544653936547,0.15776544653936547,0.15776544653936547,0.15776544653936547,0.15776544653936547,0.15776544653936547,0.15776544653936547,0.15776544653936547,0.15776544653936547,0.15776544653936547,0.15776544653936547,0.15776544653936547,0.15776544653936547,0.15776544653936547,0.15776544653936547,0.15776544653936547,0.15776544653936547,0.15776544653936547,0.15776544653936547,0.15776544653936547,0.15776544653936547,0.15776544653936547,0.15776544653936547,0.15634146285121853,0.15634146285121853,0.1563414628512183,0.15634146285121853,0.15634146285121853,0.15634146285121853,0.1563414628512183,0.1563414628512183,0.1563414628512183,0.15634146285121853,0.1563414628512183,0.1563414628512183,0.15634146285121814,0.1563414628512183,0.1563414628512183,0.15634146285121853,0.1563414628512183,0.1563414628512183,0.1563414628512183,0.15634146285121853,0.15634146285121853,0.15634146285121853,0.1563414628512183,0.15634146285121853,0.15634146285121853,0.1549459149006895,0.1549459149006891,0.1549459149006889,0.1549459149006891,0.1549459149006895,0.1549459149006891,0.1549459149006887,0.1549459149006885,0.1549459149006887,0.1549459149006891,0.1549459149006889,0.1549459149006885,0.15494591490068826,0.1549459149006885,0.1549459149006889,0.1549459149006891,0.1549459149006887,0.1549459149006885,0.1549459149006887,0.1549459149006891,0.1549459149006895,0.1549459149006891,0.1549459149006889,0.1549459149006891,0.1549459149006895,0.15357822092850654,0.15357822092850532,0.1535782209285045,0.15357822092850532,0.15357822092850654,0.15357822092850532,0.1535782209285041,0.15357822092850332,0.1535782209285041,0.15357822092850532,0.1535782209285045,0.15357822092850332,0.1535782209285025,0.15357822092850332,0.1535782209285045,0.15357822092850532,0.1535782209285041,0.15357822092850332,0.1535782209285041,0.15357822092850532,0.15357822092850654,0.15357822092850532,0.1535782209285045,0.15357822092850532,0.15357822092850654,0.1522378040771776,0.15223780407717408,0.1522378040771717,0.15223780407717408,0.1522378040771776,0.15223780407717408,0.15223780407717014,0.15223780407716778,0.15223780407717014,0.15223780407717408,0.1522378040771717,0.15223780407716778,0.15223780407716542,0.15223780407716778,0.1522378040771717,0.15223780407717408,0.15223780407717014,0.15223780407716778,0.15223780407717014,0.15223780407717408,0.1522378040771776,0.15223780407717408,0.1522378040771717,0.15223780407717408,0.1522378040771776,0.1509240931523002,0.15092409315228902,0.1509240931522819,0.15092409315228902,0.1509240931523002,0.15092409315228902,0.15092409315227703,0.15092409315226954,0.15092409315227703,0.15092409315228902,0.1509240931522819,0.15092409315226954,0.15092409315226163,0.15092409315226954,0.1509240931522819,0.15092409315228902,0.15092409315227703,0.15092409315226954,0.15092409315227703,0.15092409315228902,0.1509240931523002,0.15092409315228902,0.1509240931522819,0.15092409315228902,0.1509240931523002,0.1496365232921557,0.14963652329212146,0.14963652329209992,0.14963652329212146,0.1496365232921557,0.14963652329212146,0.1496365232920842,0.1496365232920604,0.1496365232920842,0.14963652329212146,0.14963652329209992,0.1496365232920604,0.14963652329203506,0.1496365232920604,0.14963652329209992,0.14963652329212146,0.1496365232920842,0.1496365232920604,0.1496365232920842,0.14963652329212146,0.1496365232921557,0.14963652329212146,0.14963652329209992,0.14963652329212146,0.1496365232921557,0.14837453655316116,0.1483745365530583,0.1483745365529925,0.1483745365530583,0.14837453655316116,0.1483745365530583,0.1483745365529432,0.14837453655286834,0.1483745365529432,0.1483745365530583,0.1483745365529925,0.14837453655286834,0.1483745365527877,0.14837453655286834,0.1483745365529925,0.1483745365530583,0.1483745365529432,0.14837453655286834,0.1483745365529432,0.1483745365530583,0.14837453655316116,0.1483745365530583,0.1483745365529925,0.1483745365530583,0.14837453655316116,0.14713758241826783,0.14713758241796301,0.14713758241776445,0.14713758241796301,0.14713758241826783,0.14713758241796301,0.14713758241760896,0.14713758241737243,0.14713758241760896,0.14713758241796301,0.14713758241776445,0.14713758241737243,0.14713758241710814,0.14713758241737243,0.14713758241776445,0.14713758241796301,0.14713758241760896,0.14713758241737243,0.14713758241760896,0.14713758241796301,0.14713758241826783,0.14713758241796301,0.14713758241776445,0.14713758241796301,0.14713758241826783,0.1459251182349705,0.14592511823408608,0.14592511823349172,0.14592511823408608,0.1459251182349705,0.14592511823408608,0.14592511823300328,0.14592511823224347,0.14592511823300328,0.14592511823408608,0.14592511823349172,0.14592511823224347,0.1459251182313455,0.14592511823224347,0.14592511823349172,0.14592511823408608,0.14592511823300328,0.14592511823224347,0.14592511823300328,0.14592511823408608,0.1459251182349705,0.14592511823408608,0.14592511823349172,0.14592511823408608,0.1459251182349705,0.1447366095892665,0.14473660958678405,0.14473660958502949,0.14473660958678405,0.1447366095892665,0.14473660958678405,0.14473660958350865,0.1447366095810183,0.14473660958350865,0.14473660958678405,0.14473660958502949,0.1447366095810183,0.14473660957778864,0.1447366095810183,0.14473660958502949,0.14473660958678405,0.14473660958350865,0.1447366095810183,0.14473660958350865,0.14473660958678405,0.1447366095892665,0.14473660958678405,0.14473660958502949,0.14473660958678405,0.1447366095892665,0.14357153062175987,0.14357153061515765,0.1435715306101105,0.14357153061515765,0.14357153062175987,0.14357153061515765,0.14357153060548397,0.14357153059712785,0.14357153060548397,0.14357153061515765,0.1435715306101105,0.14357153059712785,0.14357153058451697,0.14357153059712785,0.1435715306101105,0.14357153061515765,0.14357153060548397,0.14357153059712785,0.14357153060548397,0.14357153061515765,0.14357153062175987,0.14357153061515765,0.1435715306101105,0.14357153061515765,0.14357153062175987,0.14242936429217384,0.1424293642761361,0.14242936426234368,0.1424293642761361,0.14242936429217384,0.1424293642761361,0.14242936424899783,0.1424293642205248,0.14242936424899783,0.1424293642761361,0.14242936426234368,0.1424293642205248,0.14242936416569285,0.1424293642205248,0.14242936426234368,0.1424293642761361,0.14242936424899783,0.1424293642205248,0.14242936424899783,0.1424293642761361,0.14242936429217384,0.1424293642761361,0.14242936426234368,0.1424293642761361,0.14242936429217384,0.141309602598069,0.14130960256504,0.14130960253136626,0.14130960256504,0.141309602598069,0.14130960256504,0.14130960249708602,0.14130960240251786,0.14130960249708602,0.14130960256504,0.14130960253136626,0.14130960240251786,0.1413096021329053,0.14130960240251786,0.14130960253136626,0.14130960256504,0.14130960249708602,0.14130960240251786,0.14130960249708602,0.14130960256504,0.141309602598069,0.14130960256504,0.14130960253136626,0.14130960256504,0.141309602598069,0.14021174674852224,0.1402117467008867,0.14021174663972283,0.1402117467008867,0.14021174674852224,0.1402117467008867,0.14021174657551774,0.14021174631166464,0.14021174657551774,0.1402117467008867,0.14021174663972283,0.14021174631166464,0.14021174481430076,0.14021174631166464,0.14021174663972283,0.1402117467008867,0.14021174657551774,0.14021174631166464,0.14021174657551774,0.1402117467008867,0.14021174674852224,0.1402117467008867,0.14021174663972283,0.1402117467008867,0.14021174674852224,0.1391353072729221,0.1391353072555165,0.13913530723549464,0.1391353072555165,0.1391353072729221,0.1391353072555165,0.1391353072145129,0.13913530714901992,0.1391353072145129,0.1391353072555165,0.13913530723549464,0.13913530714901992,0.1391353069395528,0.13913530714901992,0.13913530723549464,0.1391353072555165,0.1391353072145129,0.13913530714901992,0.1391353072145129,0.1391353072555165,0.1391353072729221,0.1391353072555165,0.13913530723549464,0.1391353072555165,0.1391353072729221,0.13807980402646622,0.13807980404874598,0.13807980407326065,0.13807980404874598,0.13807980402646622,0.13807980404874598,0.13807980409864992,0.1380798041750954,0.13807980409864992,0.13807980404874598,0.13807980407326065,0.1380798041750954,0.1380798044124438,0.1380798041750954,0.13807980407326065,0.13807980404874598,0.13807980409864992,0.1380798041750954,0.13807980409864992,0.13807980404874598,0.13807980402646622,0.13807980404874598,0.13807980407326065,0.13807980404874598,0.13807980402646622,0.13704476632294058,0.13704476637757862,0.13704476644649743,0.13704476637757862,0.13704476632294058,0.13704476637757862,0.13704476651855024,0.13704476681143116,0.13704476651855024,0.13704476637757862,0.13704476644649743,0.13704476681143116,0.13704476846315458,0.13704476681143116,0.13704476644649743,0.13704476637757862,0.13704476651855024,0.13704476681143116,0.13704476651855024,0.13704476637757862,0.13704476632294058,0.13704476637757862,0.13704476644649743,0.13704476637757862,0.13704476632294058,0.1360297330008654,0.13602973304084173,0.13602973308060656,0.13602973304084173,0.1360297330008654,0.13602973304084173,0.1360297331207591,0.13602973322931716,0.1360297331207591,0.13602973304084173,0.13602973308060656,0.13602973322931716,0.13602973353382228,0.13602973322931716,0.13602973308060656,0.13602973304084173,0.1360297331207591,0.13602973322931716,0.1360297331207591,0.13602973304084173,0.1360297330008654,0.13602973304084173,0.13602973308060656,0.13602973304084173,0.1360297330008654,0.13503425251122425,0.13503425253664852,0.1350342525578024,0.13503425253664852,0.13503425251122425,0.13503425253664852,0.13503425257798396,0.13503425261932922,0.13503425257798396,0.13503425253664852,0.1350342525578024,0.13503425261932922,0.13503425269506633,0.13503425261932922,0.1350342525578024,0.13503425253664852,0.13503425257798396,0.13503425261932922,0.13503425257798396,0.13503425253664852,0.13503425251122425,0.13503425253664852,0.1350342525578024,0.13503425253664852,0.13503425251122425
0.16533248780457852,0.16533248780457852,0.16533248780457852,0.16533248780457852,0.16533248780457852,0.16533248780457852,0.16533248780457852,0.16533248780457852,0.16533248780457852,0.16533248780457852,0.16533248780457852,0.16533248780457852,0.16533248780457852,0.16533248780457852,0.16533248780457852,0.16533248780457852,0.16533248780457852,0.16533248780457852,0.16533248780457852,0.16533248780457852,0.16533248780457852,0.16533248780457852,0.16533248780457852,0.16533248780457852,0.16533248780457852,0.16375749408540083,0.16375749408540083,0.16375749408540083,0.16375749408540083,0.16375749408540083,0.16375749408540083,0.16375749408540083,0.16375749408540083,0.16375749408540083,0.16375749408540083,0.16375749408540083,0.16375749408540083,0.16375749408540083,0.16375749408540083,0.16375749408540083,0.16375749408540083,0.16375749408540083,0.16375749408540083,0.16375749408540083,0.16375749408540083,0.16375749408540083,0.16375749408540083,0.16375749408540083,0.16375749408540083,0.16375749408540083,0.1622138842981265,0.1622138842981265,0.1622138842981265,0.1622138842981265,0.1622138842981265,0.1622138842981265,0.1622138842981265,0.1622138842981265,0.1622138842981265,0.1622138842981265,0.1622138842981265,0.1622138842981265,0.1622138842981265,0.1622138842981265,0.1622138842981265,0.1622138842981265,0.1622138842981265,0.1622138842981265,0.1622138842981265,0.1622138842981265,0.1622138842981265,0.1622138842981265,0.1622138842981265,0.1622138842981265,0.1622138842981265,0.16070106739979617,0.16070106739979617,0.16070106739979617,0.16070106739979617,0.16070106739979617,0.16070106739979617,0.16070106739979617,0.16070106739979617,0.16070106739979617,0.16070106739979617,0.16070106739979617,0.16070106739979617,0.16070106739979617,0.16070106739979617,0.16070106739979617,0.16070106739979617,0.16070106739979617,0.16070106739979617,0.16070106739979617,0.16070106739979617,0.16070106739979617,0.16070106739979617,0.16070106739979617,0.16070106739979617,0.16070106739979617,0.1592184517653874,0.1592184517653874,0.1592184517653874,0.1592184517653874,0.1592184517653874,0.1592184517653874,0.1592184517653874,0.1592184517653874,0.1592184517653874,0.1592184517653874,0.1592184517653874,0.1592184517653874,0.1592184517653874,0.1592184517653874,0.1592184517653874,0.1592184517653874,0.1592184517653874,0.1592184517653874,0.1592184517653874,0.1592184517653874,0.1592184517653874,0.1592184517653874,0.1592184517653874,0.1592184517653874,0.1592184517653874,0.15776544653966737,0.15776544653966737,0.15776544653966715,0.15776544653966737,0.15776544653966737,0.15776544653966737,0.15776544653966715,0.15776544653966715,0.15776544653966715,0.15776544653966737,0.15776544653966715,0.15776544653966715,0.15776544653966715,0.15776544653966715,0.15776544653966715,0.15776544653966737,0.15776544653966715,0.15776544653966715,0.15776544653966715,0.15776544653966737,0.15776544653966737,0.15776544653966737,0.15776544653966715,0.15776544653966737,0.15776544653966737,0.1563414628515142,0.1563414628515142,0.15634146285151398,0.1563414628515142,0.1563414628515142,0.1563414628515142,0.15634146285151398,0.15634146285151398,0.15634146285151398,0.1563414628515142,0.15634146285151398,0.15634146285151398,0.1563414628515138,0.15634146285151398,0.15634146285151398,0.1563414628515142,0.15634146285151398,0.15634146285151398,0.15634146285151398,0.1563414628515142,0.1563414628515142,0.1563414628515142,0.15634146285151398,0.1563414628515142,0.1563414628515142,0.1549459149009793,0.15494591490097886,0.15494591490097867,0.15494591490097886,0.1549459149009793,0.15494591490097886,0.15494591490097848,0.15494591490097828,0.15494591490097848,0.15494591490097886,0.15494591490097867,0.15494591490097828,0.15494591490097806,0.15494591490097828,0.15494591490097867,0.15494591490097886,0.15494591490097848,0.15494591490097828,0.15494591490097848,0.15494591490097886,0.1549459149009793,0.15494591490097886,0.15494591490097867,0.15494591490097886,0.1549459149009793,0.1535782209287903,0.15357822092878912,0.1535782209287885,0.15357822092878912,0.1535782209287903,0.15357822092878912,0.15357822092878792,0.1535782209287873,0.15357822092878792,0.15357822092878912,0.1535782209287885,0.1535782209287873,0.1535782209287865,0.1535782209287873,0.1535782209287885,0.15357822092878912,0.15357822092878792,0.1535782209287873,0.15357822092878792,0.15357822092878912,0.1535782209287903,0.15357822092878912,0.1535782209287885,0.15357822092878912,0.1535782209287903,0.15223780407745574,0.15223780407745222,0.15223780407744983,0.15223780407745222,0.15223780407745574,0.15223780407745222,0.15223780407744827,0.15223780407744592,0.15223780407744827,0.15223780407745222,0.15223780407744983,0.15223780407744592,0.15223780407744353,0.15223780407744592,0.15223780407744983,0.15223780407745222,0.15223780407744827,0.15223780407744592,0.15223780407744827,0.15223780407745222,0.15223780407745574,0.15223780407745222,0.15223780407744983,0.15223780407745222,0.15223780407745574,0.15092409315257263,0.15092409315256144,0.15092409315255448,0.15092409315256144,0.15092409315257263,0.15092409315256144,0.15092409315254968,0.15092409315254213,0.15092409315254968,0.15092409315256144,0.15092409315255448,0.15092409315254213,0.15092409315253424,0.15092409315254213,0.15092409315255448,0.15092409315256144,0.15092409315254968,0.15092409315254213,0.15092409315254968,0.15092409315256144,0.15092409315257263,0.15092409315256144,0.15092409315255448,0.15092409315256144,0.15092409315257263,0.1496365232924225,0.14963652329238847,0.1496365232923669,0.14963652329238847,0.1496365232924225,0.14963652329238847,0.1496365232923514,0.14963652329232738,0.1496365232923514,0.14963652329238847,0.1496365232923669,0.14963652329232738,0.14963652329230223,0.14963652329232738,0.1496365232923669,0.14963652329238847,0.1496365232923514,0.14963652329232738,0.1496365232923514,0.14963652329238847,0.1496365232924225,0.14963652329238847,0.1496365232923669,0.14963652329238847,0.1496365232924225,0.14837453655342245,0.1483745365533198,0.1483745365532542,0.1483745365533198,0.14837453655342245,0.1483745365533198,0.1483745365532049,0.1483745365531302,0.1483745365532049,0.1483745365533198,0.1483745365532542,0.1483745365531302,0.14837453655304958,0.1483745365531302,0.1483745365532542,0.1483745365533198,0.1483745365532049,0.1483745365531302,0.1483745365532049,0.1483745365533198,0.14837453655342245,0.1483745365533198,0.1483745365532542,0.1483745365533198,0.14837453655342245,0.14713758241852343,0.14713758241821895,0.14713758241802077,0.14713758241821895,0.14713758241852343,0.14713758241821895,0.14713758241786565,0.1471375824176293,0.14713758241786565,0.14713758241821895,0.14713758241802077,0.1471375824176293,0.14713758241736535,0.1471375824176293,0.14713758241802077,0.14713758241821895,0.14713758241786565,0.1471375824176293,0.14713758241786565,0.14713758241821895,0.14713758241852343,0.14713758241821895,0.14713758241802077,0.14713758241821895,0.14713758241852343,0.14592511823521961,0.14592511823433643,0.14592511823374277,0.14592511823433643,0.14592511823521961,0.14592511823433643,0.14592511823325524,0.1459251182324965,0.14592511823325524,0.14592511823433643,0.14592511823374277,0.1459251182324965,0.14592511823159976,0.1459251182324965,0.14592511823374277,0.14592511823433643,0.14592511823325524,0.1459251182324965,0.14592511823325524,0.14592511823433643,0.14592511823521961,0.14592511823433643,0.14592511823374277,0.14592511823433643,0.14592511823521961,0.14473660958950632,0.14473660958702772,0.14473660958527562,0.14473660958702772,0.14473660958950632,0.14473660958702772,0.144736609583757,0.1447366095812702,0.144736609583757,0.14473660958702772,0.14473660958527562,0.1447366095812702,0.1447366095780452,0.1447366095812702,0.14473660958527562,0.14473660958702772,0.144736609583757,0.1447366095812702,0.144736609583757,0.14473660958702772,0.14473660958950632,0.14473660958702772,0.14473660958527562,0.14473660958702772,0.14473660958950632,0.14357153062198336,0.1435715306153907,0.14357153061035094,0.1435715306153907,0.14357153062198336,0.1435715306153907,0.14357153060573105,0.1435715305973869,0.14357153060573105,0.1435715306153907,0.14357153061035094,0.1435715305973869,0.14357153058479452,0.1435715305973869,0.14357153061035094,0.1435715306153907,0.14357153060573105,0.1435715305973869,0.14357153060573105,0.1435715306153907,0.14357153062198336,0.1435715306153907,0.14357153061035094,0.1435715306153907,0.14357153062198336,0.1424293642923609,0.14242936427634628,0.142429364262574,0.14242936427634628,0.1424293642923609,0.14242936427634628,0.14242936424924746,0.14242936422081567,0.14242936424924746,0.14242936427634628,0.142429364262574,0.14242936422081567,0.14242936416606325,0.14242936422081567,0.142429364262574,0.14242936427634628,0.14242936424924746,0.14242936422081567,0.14242936424924746,0.14242936427634628,0.1424293642923609,0.14242936427634628,0.142429364262574,0.14242936427634628,0.1424293642923609,0.1413096025981713,0.14130960256519018,0.14130960253156527,0.14130960256519018,0.1413096025981713,0.14130960256519018,0.14130960249733485,0.1413096024029037,0.14130960249733485,0.14130960256519018,0.14130960253156527,0.1413096024029037,0.1413096021336819,0.1413096024029037,0.14130960253156527,0.14130960256519018,0.14130960249733485,0.1413096024029037,0.14130960249733485,0.14130960256519018,0.1413096025981713,0.14130960256519018,0.14130960253156527,0.14130960256519018,0.1413096025981713,0.14021174674844,0.14021174670087347,0.1402117466397983,0.14021174670087347,0.14021174674844,0.14021174670087347,0.14021174657568625,0.1402117463122155,0.14021174657568625,0.14021174670087347,0.1402117466397983,0.1402117463122155,0.14021174481700352,0.1402117463122155,0.1402117466397983,0.14021174670087347,0.14021174657568625,0.1402117463122155,0.14021174657568625,0.14021174670087347,0.14021174674844,0.14021174670087347,0.1402117466397983,0.14021174670087347,0.14021174674844,0.13913530727251036,0.13913530725513007,0.13913530723513712,0.13913530725513007,0.13913530727251036,0.13913530725513007,0.13913530721418574,0.13913530714878763,0.13913530721418574,0.13913530725513007,0.13913530723513712,0.13913530714878763,0.13913530693962414,0.13913530714878763,0.13913530723513712,0.13913530725513007,0.13913530721418574,0.13913530714878763,0.13913530721418574,0.13913530725513007,0.13913530727251036,0.13913530725513007,0.13913530723513712,0.13913530725513007,0.13913530727251036,0.13807980402566852,0.13807980404791603,0.13807980407239506,0.13807980404791603,0.13807980402566852,0.13807980404791603,0.1380798040977476,0.1380798041740824,0.1380798040977476,0.13807980404791603,0.13807980407239506,0.1380798041740824,0.13807980441108672,0.1380798041740824,0.13807980407239506,0.13807980404791603,0.1380798040977476,0.1380798041740824,0.1380798040977476,0.13807980404791603,0.13807980402566852,0.13807980404791603,0.13807980407239506,0.13807980404791603,0.13807980402566852,0.13704476632181836,0.13704476637637716,0.13704476644519625,0.13704476637637716,0.13704476632181836,0.13704476637637716,0.13704476651714464,0.13704476680960107,0.13704476651714464,0.13704476637637716,0.13704476644519625,0.13704476680960107,0.13704476845893973,0.13704476680960107,0.13704476644519625,0.13704476637637716,0.13704476651714464,0.13704476680960107,0.13704476651714464,0.13704476637637716,0.13704476632181836,0.13704476637637716,0.13704476644519625,0.13704476637637716,0.13704476632181836,0.13602973299957757,0.13602973303949586,0.13602973307920319,0.13602973303949586,0.13602973299957757,0.13602973303949586,0.13602973311929745,0.13602973322769832,0.13602973311929745,0.13602973303949586,0.13602973307920319,0.13602973322769832,0.13602973353176206,0.13602973322769832,0.13602973307920319,0.13602973303949586,0.13602973311929745,0.13602973322769832,0.13602973311929745,0.13602973303949586,0.13602973299957757,0.13602973303949586,0.13602973307920319,0.13602973303949586,0.13602973299957757,0.13503425250988751,0.13503425253527485,0.13503425255639823,0.13503425253527485,0.13503425250988751,0.13503425253527485,0.13503425257655036,0.13503425261783567,0.13503425257655036,0.13503425253527485,0.13503425255639823,0.13503425261783567,0.13503425269346314,0.13503425261783567,0.13503425255639823,0.13503425253527485,0.13503425257655036,0.13503425261783567,0.13503425257655036,0.13503425253527485,0.13503425250988751,0.13503425253527485,0.13503425255639823,0.13503425253527485,0.13503425250988751
0.1653324878049115,0.1653324878049115,0.1653324878049115,0.1653324878049115,0.1653324878049115,0.1653324878049115,0.1653324878049115,0.1653324878049115,0.1653324878049115,0.1653324878049115,0.1653324878049115,0.1653324878049115,0.1653324878049115,0.1653324878049115,0.1653324878049115,0.1653324878049115,0.1653324878049115,0.1653324878049115,0.1653324878049115,0.1653324878049115,0.1653324878049115,0.1653324878049115,0.1653324878049115,0.1653324878049115,0.1653324878049115,0.1637574940857272,0.1637574940857272,0.1637574940857272,0.1637574940857272,0.1637574940857272,0.1637574940857272,0.1637574940857272,0.1637574940857272,0.1637574940857272,0.1637574940857272,0.1637574940857272,0.1637574940857272,0.1637574940857272,0.1637574940857272,0.1637574940857272,0.1637574940857272,0.1637574940857272,0.1637574940857272,0.1637574940857272,0.1637574940857272,0.1637574940857272,0.1637574940857272,0.1637574940857272,0.1637574940857272,0.1637574940857272,0.16221388429844633,0.16221388429844633,0.16221388429844633,0.16221388429844633,0.16221388429844633,0.16221388429844633,0.16221388429844633,0.16221388429844633,0.16221388429844633,0.16221388429844633,0.16221388429844633,0.16221388429844633,0.16221388429844633,0.16221388429844633,0.16221388429844633,0.16221388429844633,0.16221388429844633,0.16221388429844633,0.16221388429844633,0.16221388429844633,0.16221388429844633,0.16221388429844633,0.16221388429844633,0.16221388429844633,0.16221388429844633,0.16070106740010964,0.16070106740010964,0.16070106740010964,0.16070106740010964,0.16070106740010964,0.16070106740010964,0.16070106740010964,0.16070106740010964,0.16070106740010964,0.16070106740010964,0.16070106740010964,0.16070106740010964,0.16070106740010964,0.16070106740010964,0.16070106740010964,0.16070106740010964,0.16070106740010964,0.16070106740010964,0.16070106740010964,0.16070106740010964,0.16070106740010964,0.16070106740010964,0.16070106740010964,0.16070106740010964,0.16070106740010964,0.1592184517656946,0.1592184517656946,0.1592184517656946,0.1592184517656946,0.1592184517656946,0.1592184517656946,0.1592184517656946,0.1592184517656946,0.1592184517656946,0.1592184517656946,0.1592184517656946,0.1592184517656946,0.1592184517656946,0.1592184517656946,0.1592184517656946,0.1592184517656946,0.1592184517656946,0.1592184517656946,0.1592184517656946,0.1592184517656946,0.1592184517656946,0.1592184517656946,0.1592184517656946,0.1592184517656946,0.1592184517656946,0.1577654465399682,0.1577654465399682,0.1577654465399682,0.1577654465399682,0.1577654465399682,0.1577654465399682,0.1577654465399682,0.1577654465399682,0.1577654465399682,0.1577654465399682,0.1577654465399682,0.1577654465399682,0.1577654465399682,0.1577654465399682,0.1577654465399682,0.1577654465399682,0.1577654465399682,0.1577654465399682,0.1577654465399682,0.1577654465399682,0.1577654465399682,0.1577654465399682,0.1577654465399682,0.1577654465399682,0.1577654465399682,0.15634146285180925,0.15634146285180905,0.15634146285180905,0.15634146285180905,0.15634146285180925,0.15634146285180905,0.15634146285180905,0.15634146285180883,0.15634146285180905,0.15634146285180905,0.15634146285180905,0.15634146285180883,0.15634146285180883,0.15634146285180883,0.15634146285180905,0.15634146285180905,0.15634146285180905,0.15634146285180883,0.15634146285180905,0.15634146285180905,0.15634146285180925,0.15634146285180905,0.15634146285180905,0.15634146285180905,0.15634146285180925,0.15494591490126824,0.15494591490126786,0.15494591490126763,0.15494591490126786,0.15494591490126824,0.15494591490126786,0.1549459149012674,0.15494591490126722,0.1549459149012674,0.15494591490126786,0.15494591490126763,0.15494591490126722,0.154945914901267,0.15494591490126722,0.15494591490126763,0.15494591490126786,0.1549459149012674,0.15494591490126722,0.1549459149012674,0.15494591490126786,0.15494591490126824,0.15494591490126786,0.15494591490126763,0.15494591490126786,0.15494591490126824,0.1535782209290735,0.1535782209290723,0.1535782209290715,0.1535782209290723,0.1535782209290735,0.1535782209290723,0.1535782209290711,0.15357822092907028,0.1535782209290711,0.1535782209290723,0.1535782209290715,0.15357822092907028,0.1535782209290695,0.15357822092907028,0.1535782209290715,0.1535782209290723,0.1535782209290711,0.15357822092907028,0.1535782209290711,0.1535782209290723,0.1535782209290735,0.1535782209290723,0.1535782209290715,0.1535782209290723,0.1535782209290735,0.15223780407773327,0.15223780407772952,0.15223780407772736,0.15223780407772952,0.15223780407773327,0.15223780407772952,0.1522378040777258,0.15223780407772344,0.1522378040777258,0.15223780407772952,0.15223780407772736,0.15223780407772344,0.1522378040777209,0.15223780407772344,0.1522378040777272,0.15223780407772952,0.1522378040777258,0.15223780407772344,0.1522378040777258,0.15223780407772952,0.15223780407773327,0.15223780407772952,0.1522378040777272,0.15223780407772952,0.15223780407773327,0.15092409315284447,0.15092409315283326,0.15092409315282632,0.15092409315283326,0.15092409315284447,0.15092409315283326,0.15092409315282151,0.15092409315281397,0.15092409315282151,0.15092409315283326,0.15092409315282632,0.15092409315281397,0.15092409315280605,0.15092409315281397,0.15092409315282632,0.15092409315283326,0.15092409315282151,0.15092409315281397,0.15092409315282151,0.15092409315283326,0.15092409315284447,0.15092409315283326,0.15092409315282632,0.15092409315283326,0.15092409315284447,0.14963652329268873,0.1496365232926547,0.14963652329263316,0.1496365232926547,0.14963652329268873,0.1496365232926547,0.14963652329261762,0.1496365232925938,0.14963652329261762,0.1496365232926547,0.14963652329263316,0.1496365232925938,0.14963652329256866,0.1496365232925938,0.14963652329263316,0.1496365232926547,0.14963652329261762,0.1496365232925938,0.14963652329261762,0.1496365232926547,0.14963652329268873,0.1496365232926547,0.14963652329263316,0.1496365232926547,0.14963652329268873,0.1483745365536832,0.14837453655358057,0.14837453655351512,0.14837453655358057,0.1483745365536832,0.14837453655358057,0.14837453655346583,0.14837453655339133,0.14837453655346583,0.14837453655358057,0.14837453655351512,0.14837453655339133,0.1483745365533107,0.14837453655339133,0.14837453655351512,0.14837453655358057,0.14837453655346583,0.14837453655339133,0.14837453655346583,0.14837453655358057,0.1483745365536832,0.14837453655358057,0.14837453655351512,0.14837453655358057,0.1483745365536832,0.14713758241877847,0.14713758241847436,0.14713758241827654,0.14713758241847436,0.14713758241877847,0.14713758241847436,0.14713758241812142,0.14713758241788563,0.14713758241812142,0.14713758241847436,0.14713758241827654,0.14713758241788563,0.14713758241762204,0.14713758241788563,0.14713758241827654,0.14713758241847436,0.14713758241812142,0.14713758241788563,0.14713758241812142,0.14713758241847436,0.14713758241877847,0.14713758241847436,0.14713758241827654,0.14713758241847436,0.14713758241877847,0.14592511823546803,0.14592511823458607,0.1459251182339933,0.14592511823458607,0.14592511823546803,0.14592511823458607,0.14592511823350648,0.1459251182327488,0.14592511823350648,0.14592511823458607,0.1459251182339933,0.1459251182327488,0.1459251182318535,0.1459251182327488,0.1459251182339933,0.14592511823458607,0.14592511823350648,0.1459251182327488,0.14592511823350648,0.14592511823458607,0.14592511823546803,0.14592511823458607,0.1459251182339933,0.14592511823458607,0.14592511823546803,0.14473660958974563,0.14473660958727053,0.14473660958552081,0.14473660958727053,0.14473660958974563,0.14473660958727053,0.14473660958400453,0.14473660958152137,0.14473660958400453,0.14473660958727053,0.14473660958552081,0.14473660958152137,0.1447366095783011,0.14473660958152137,0.14473660958552081,0.14473660958727053,0.14473660958400453,0.14473660958152137,0.14473660958400453,0.14473660958727053,0.14473660958974563,0.14473660958727053,0.14473660958552081,0.14473660958727053,0.14473660958974563,0.14357153062220612,0.14357153061562308,0.14357153061059047,0.14357153061562308,0.14357153062220612,0.14357153061562308,0.14357153060597747,0.14357153059764546,0.14357153060597747,0.14357153061562308,0.14357153061059047,0.14357153059764546,0.14357153058507105,0.14357153059764546,0.14357153061059047,0.14357153061562308,0.14357153060597747,0.14357153059764546,0.14357153060597747,0.14357153061562308,0.14357153062220612,0.14357153061562308,0.14357153061059047,0.14357153061562308,0.14357153062220612,0.14242936429254743,0.14242936427655614,0.14242936426280364,0.14242936427655614,0.14242936429254743,0.14242936427655614,0.14242936424949637,0.14242936422110586,0.14242936424949637,0.14242936427655614,0.14242936426280364,0.14242936422110586,0.14242936416643265,0.14242936422110586,0.14242936426280364,0.14242936427655614,0.14242936424949637,0.14242936422110586,0.14242936424949637,0.14242936427655614,0.14242936429254743,0.14242936427655614,0.14242936426280364,0.14242936427655614,0.14242936429254743,0.14130960259827344,0.14130960256533998,0.1413096025317638,0.14130960256533998,0.14130960259827344,0.14130960256533998,0.14130960249758287,0.14130960240328838,0.14130960249758287,0.14130960256533998,0.1413096025317638,0.14130960240328838,0.14130960213445623,0.14130960240328838,0.1413096025317638,0.14130960256533998,0.14130960249758287,0.14130960240328838,0.14130960249758287,0.14130960256533998,0.14130960259827344,0.14130960256533998,0.1413096025317638,0.14130960256533998,0.14130960259827344,0.1402117467483581,0.14021174670086042,0.1402117466398736,0.14021174670086042,0.1402117467483581,0.14021174670086042,0.14021174657585428,0.14021174631276487,0.14021174657585428,0.14021174670086042,0.1402117466398736,0.14021174631276487,0.1402117448197337,0.14021174631276487,0.1402117466398736,0.14021174670086042,0.14021174657585428,0.14021174631276487,0.14021174657585428,0.14021174670086042,0.1402117467483581,0.14021174670086042,0.1402117466398736,0.14021174670086042,0.1402117467483581,0.13913530727209958,0.13913530725474457,0.1391353072347806,0.13913530725474457,0.13913530727209958,0.13913530725474457,0.13913530721385955,0.13913530714855618,0.13913530721385955,0.13913530725474457,0.1391353072347806,0.13913530714855618,0.13913530693969528,0.13913530714855618,0.1391353072347806,0.13913530725474457,0.13913530721385955,0.13913530714855618,0.13913530721385955,0.13913530725474457,0.13913530727209958,0.13913530725474457,0.1391353072347806,0.13913530725474457,0.13913530727209958,0.13807980402487302,0.13807980404708828,0.13807980407153192,0.13807980404708828,0.13807980402487302,0.13807980404708828,0.13807980409684772,0.13807980417307195,0.13807980409684772,0.13807980404708828,0.13807980407153192,0.13807980417307195,0.13807980440973336,0.13807980417307195,0.13807980407153192,0.13807980404708828,0.13807980409684772,0.13807980417307195,0.13807980409684772,0.13807980404708828,0.13807980402487302,0.13807980404708828,0.13807980407153192,0.13807980404708828,0.13807980402487302,0.1370447663206992,0.1370447663751791,0.13704476644389846,0.1370447663751791,0.1370447663206992,0.1370447663751791,0.13704476651574282,0.137044766807776,0.13704476651574282,0.1370447663751791,0.13704476644389846,0.137044766807776,0.13704476845473113,0.137044766807776,0.13704476644389846,0.1370447663751791,0.13704476651574282,0.137044766807776,0.13704476651574282,0.1370447663751791,0.1370447663206992,0.1370447663751791,0.13704476644389846,0.1370447663751791,0.1370447663206992,0.13602973299829318,0.13602973303815374,0.13602973307780353,0.13602973303815374,0.13602973299829318,0.13602973303815374,0.13602973311783978,0.13602973322608383,0.13602973311783978,0.13602973303815374,0.13602973307780353,0.13602973322608383,0.1360297335297074,0.13602973322608383,0.13602973307780353,0.13602973303815374,0.13602973311783978,0.13602973322608383,0.13602973311783978,0.13602973303815374,0.13602973299829318,0.13602973303815374,0.13602973307780353,0.13602973303815374,0.13602973299829318,0.13503425250855441,0.1350342525339049,0.13503425255499768,0.1350342525339049,0.13503425250855441,0.1350342525339049,0.13503425257512058,0.1350342526163462,0.13503425257512058,0.1350342525339049,0.13503425255499768,0.1350342526163462,0.13503425269186414,0.1350342526163462,0.13503425255499768,0.1350342525339049,0.13503425257512058,0.1350342526163462,0.13503425257512058,0.1350342525339049,0.13503425250855441,0.1350342525339049,0.13503425255499768,0.1350342525339049,0.13503425250855441
0.1653324878052435,0.1653324878052435,0.1653324878052435,0.1653324878052435,0.1653324878052435,0.1653324878052435,0.1653324878052435,0.1653324878052435,0.1653324878052435,0.1653324878052435,0.1653324878052435,0.1653324878052435,0.1653324878052435,0.1653324878052435,0.1653324878052435,0.1653324878052435,0.1653324878052435,0.1653324878052435,0.1653324878052435,0.1653324878052435,0.1653324878052435,0.1653324878052435,0.1653324878052435,0.1653324878052435,0.1653324878052435,0.1637574940860526,0.1637574940860526,0.1637574940860526,0.1637574940860526,0.1637574940860526,0.1637574940860526,0.1637574940860526,0.1637574940860526,0.1637574940860526,0.1637574940860526,0.1637574940860526,0.1637574940860526,0.1637574940860526,0.1637574940860526,0.1637574940860526,0.1637574940860526,0.1637574940860526,0.1637574940860526,0.1637574940860526,0.1637574940860526,0.1637574940860526,0.1637574940860526,0.1637574940860526,0.1637574940860526,0.1637574940860526,0.16221388429876527,0.16221388429876527,0.16221388429876527,0.16221388429876527,0.16221388429876527,0.16221388429876527,0.16221388429876527,0.16221388429876527,0.16221388429876527,0.16221388429876527,0.16221388429876527,0.16221388429876527,0.16221388429876527,0.16221388429876527,0.16221388429876527,0.16221388429876527,0.16221388429876527,0.16221388429876527,0.16221388429876527,0.16221388429876527,0.16221388429876527,0.16221388429876527,0.16221388429876527,0.16221388429876527,0.16221388429876527,0.1607010674004222,0.1607010674004222,0.1607010674004222,0.1607010674004222,0.1607010674004222,0.1607010674004222,0.1607010674004222,0.1607010674004222,0.1607010674004222,0.1607010674004222,0.1607010674004222,0.1607010674004222,0.1607010674004222,0.1607010674004222,0.1607010674004222,0.1607010674004222,0.1607010674004222,0.1607010674004222,0.1607010674004222,0.1607010674004222,0.1607010674004222,0.1607010674004222,0.1607010674004222,0.1607010674004222,0.1607010674004222,0.1592184517660009,0.1592184517660009,0.1592184517660009,0.1592184517660009,0.1592184517660009,0.1592184517660009,0.1592184517660009,0.1592184517660009,0.1592184517660009,0.1592184517660009,0.1592184517660009,0.1592184517660009,0.1592184517660009,0.1592184517660009,0.1592184517660009,0.1592184517660009,0.1592184517660009,0.1592184517660009,0.1592184517660009,0.1592184517660009,0.1592184517660009,0.1592184517660009,0.1592184517660009,0.1592184517660009,0.1592184517660009,0.15776544654026842,0.15776544654026842,0.15776544654026842,0.15776544654026842,0.15776544654026842,0.15776544654026842,0.15776544654026842,0.15776544654026822,0.15776544654026842,0.15776544654026842,0.15776544654026842,0.15776544654026822,0.15776544654026822,0.15776544654026822,0.15776544654026842,0.15776544654026842,0.15776544654026842,0.15776544654026822,0.15776544654026842,0.15776544654026842,0.15776544654026842,0.15776544654026842,0.15776544654026842,0.15776544654026842,0.15776544654026842,0.15634146285210324,0.15634146285210307,0.15634146285210307,0.15634146285210307,0.15634146285210324,0.15634146285210307,0.15634146285210307,0.15634146285210307,0.15634146285210307,0.15634146285210307,0.15634146285210307,0.15634146285210307,0.15634146285210282,0.15634146285210307,0.15634146285210307,0.15634146285210307,0.15634146285210307,0.15634146285210307,0.15634146285210307,0.15634146285210307,0.15634146285210324,0.15634146285210307,0.15634146285210307,0.15634146285210307,0.15634146285210324,0.15494591490155638,0.154945914901556,0.15494591490155576,0.154945914901556,0.15494591490155638,0.154945914901556,0.15494591490155557,0.15494591490155535,0.15494591490155557,0.154945914901556,0.15494591490155576,0.15494591490155535,0.15494591490155515,0.15494591490155535,0.15494591490155576,0.154945914901556,0.15494591490155557,0.15494591490155535,0.15494591490155557,0.154945914901556,0.15494591490155638,0.154945914901556,0.15494591490155576,0.154945914901556,0.15494591490155638,0.1535782209293559,0.1535782209293547,0.1535782209293539,0.1535782209293547,0.1535782209293559,0.1535782209293547,0.1535782209293535,0.15357822092935267,0.1535782209293535,0.1535782209293547,0.1535782209293539,0.15357822092935267,0.15357822092935186,0.15357822092935267,0.1535782209293539,0.1535782209293547,0.1535782209293535,0.15357822092935267,0.1535782209293535,0.1535782209293547,0.1535782209293559,0.1535782209293547,0.1535782209293539,0.1535782209293547,0.1535782209293559,0.15223780407800985,0.1522378040780061,0.15223780407800394,0.1522378040780061,0.15223780407800985,0.1522378040780061,0.15223780407800236,0.152237804078,0.15223780407800236,0.1522378040780061,0.15223780407800394,0.152237804078,0.1522378040779976,0.152237804078,0.15223780407800394,0.1522378040780061,0.15223780407800236,0.152237804078,0.15223780407800236,0.1522378040780061,0.15223780407800985,0.1522378040780061,0.15223780407800394,0.1522378040780061,0.15223780407800985,0.15092409315311547,0.1509240931531043,0.15092409315309738,0.1509240931531043,0.15092409315311547,0.1509240931531043,0.15092409315309255,0.15092409315308503,0.15092409315309255,0.1509240931531043,0.15092409315309738,0.15092409315308503,0.1509240931530771,0.15092409315308503,0.15092409315309738,0.1509240931531043,0.15092409315309255,0.15092409315308503,0.15092409315309255,0.1509240931531043,0.15092409315311547,0.1509240931531043,0.15092409315309738,0.1509240931531043,0.15092409315311547,0.14963652329295438,0.14963652329292035,0.14963652329289878,0.14963652329292035,0.14963652329295438,0.14963652329292035,0.1496365232928833,0.14963652329285948,0.1496365232928833,0.14963652329292035,0.14963652329289878,0.14963652329285948,0.14963652329283433,0.14963652329285948,0.14963652329289878,0.14963652329292035,0.1496365232928833,0.14963652329285948,0.1496365232928833,0.14963652329292035,0.14963652329295438,0.14963652329292035,0.14963652329289878,0.14963652329292035,0.14963652329295438,0.14837453655394325,0.14837453655384075,0.14837453655377536,0.14837453655384075,0.14837453655394325,0.14837453655384075,0.14837453655372623,0.1483745365536517,0.14837453655372623,0.14837453655384075,0.14837453655377536,0.1483745365536517,0.1483745365535713,0.1483745365536517,0.14837453655377536,0.14837453655384075,0.14837453655372623,0.1483745365536517,0.14837453655372623,0.14837453655384075,0.14837453655394325,0.14837453655384075,0.14837453655377536,0.14837453655384075,0.14837453655394325,0.1471375824190326,0.14713758241872904,0.1471375824185316,0.14713758241872904,0.1471375824190326,0.14713758241872904,0.14713758241837663,0.1471375824181412,0.14713758241837663,0.14713758241872904,0.1471375824185316,0.1471375824181412,0.147137582417878,0.1471375824181412,0.1471375824185316,0.14713758241872904,0.14713758241837663,0.1471375824181412,0.14713758241837663,0.14713758241872904,0.1471375824190326,0.14713758241872904,0.1471375824185316,0.14713758241872904,0.1471375824190326,0.1459251182357157,0.145925118234835,0.14592511823424328,0.145925118234835,0.1459251182357157,0.145925118234835,0.145925118233757,0.14592511823300058,0.145925118233757,0.145925118234835,0.14592511823424328,0.14592511823300058,0.14592511823210652,0.14592511823300058,0.14592511823424328,0.145925118234835,0.145925118233757,0.14592511823300058,0.145925118233757,0.145925118234835,0.1459251182357157,0.145925118234835,0.14592511823424328,0.145925118234835,0.1459251182357157,0.1447366095899844,0.1447366095875128,0.14473660958576573,0.1447366095875128,0.1447366095899844,0.1447366095875128,0.1447366095842515,0.14473660958177204,0.1447366095842515,0.1447366095875128,0.14473660958576573,0.14473660958177204,0.1447366095785565,0.14473660958177204,0.14473660958576573,0.1447366095875128,0.1447366095842515,0.14473660958177204,0.1447366095842515,0.1447366095875128,0.1447366095899844,0.1447366095875128,0.14473660958576573,0.1447366095875128,0.1447366095899844,0.14357153062242842,0.14357153061585476,0.14357153061082953,0.14357153061585476,0.14357153062242842,0.14357153061585476,0.14357153060622316,0.14357153059790315,0.14357153060622316,0.14357153061585476,0.14357153061082953,0.14357153059790315,0.14357153058534705,0.14357153059790315,0.14357153061082953,0.14357153061585476,0.14357153060622316,0.14357153059790315,0.14357153060622316,0.14357153061585476,0.14357153062242842,0.14357153061585476,0.14357153061082953,0.14357153061585476,0.14357153062242842,0.14242936429273362,0.1424293642767653,0.1424293642630328,0.1424293642767653,0.14242936429273362,0.1424293642767653,0.14242936424974484,0.14242936422139524,0.14242936424974484,0.1424293642767653,0.1424293642630328,0.14242936422139524,0.14242936416680105,0.14242936422139524,0.1424293642630328,0.1424293642767653,0.14242936424974484,0.14242936422139524,0.14242936424974484,0.1424293642767653,0.14242936429273362,0.1424293642767653,0.1424293642630328,0.1424293642767653,0.14242936429273362,0.1413096025983754,0.14130960256548947,0.14130960253196181,0.14130960256548947,0.1413096025983754,0.14130960256548947,0.14130960249783023,0.14130960240367207,0.14130960249783023,0.14130960256548947,0.14130960253196181,0.14130960240367207,0.14130960213522853,0.14130960240367207,0.14130960253196181,0.14130960256548947,0.14130960249783023,0.14130960240367207,0.14130960249783023,0.14130960256548947,0.1413096025983754,0.14130960256548947,0.14130960253196181,0.14130960256548947,0.1413096025983754,0.14021174674827633,0.14021174670084732,0.14021174663994873,0.14021174670084732,0.14021174674827633,0.14021174670084732,0.14021174657602195,0.14021174631331282,0.14021174657602195,0.14021174670084732,0.14021174663994873,0.14021174631331282,0.14021174482244564,0.14021174631331282,0.14021174663994873,0.14021174670084732,0.14021174657602195,0.14021174631331282,0.14021174657602195,0.14021174670084732,0.14021174674827633,0.14021174670084732,0.14021174663994873,0.14021174670084732,0.14021174674827633,0.13913530727169024,0.1391353072543602,0.13913530723442516,0.1391353072543602,0.13913530727169024,0.1391353072543602,0.13913530721353431,0.13913530714832534,0.13913530721353431,0.1391353072543602,0.13913530723442516,0.13913530714832534,0.13913530693976645,0.13913530714832534,0.13913530723442516,0.1391353072543602,0.13913530721353431,0.13913530714832534,0.13913530721353431,0.1391353072543602,0.13913530727169024,0.1391353072543602,0.13913530723442516,0.1391353072543602,0.13913530727169024,0.13807980402407966,0.138079804046263,0.1380798040706713,0.138079804046263,0.13807980402407966,0.138079804046263,0.1380798040959505,0.1380798041720645,0.1380798040959505,0.138079804046263,0.1380798040706713,0.1380798041720645,0.13807980440838388,0.1380798041720645,0.1380798040706713,0.138079804046263,0.1380798040959505,0.1380798041720645,0.1380798040959505,0.138079804046263,0.13807980402407966,0.138079804046263,0.1380798040706713,0.138079804046263,0.13807980402407966,0.13704476631958323,0.13704476637398436,0.13704476644260444,0.13704476637398436,0.13704476631958323,0.13704476637398436,0.13704476651434483,0.13704476680595593,0.13704476651434483,0.13704476637398436,0.13704476644260444,0.13704476680595593,0.13704476845052907,0.13704476680595593,0.13704476644260444,0.13704476637398436,0.13704476651434483,0.13704476680595593,0.13704476651434483,0.13704476637398436,0.13704476631958323,0.13704476637398436,0.13704476644260444,0.13704476637398436,0.13704476631958323,0.1360297329970125,0.1360297330368154,0.1360297330764079,0.1360297330368154,0.1360297329970125,0.1360297330368154,0.13602973311638628,0.13602973322447376,0.13602973311638628,0.1360297330368154,0.1360297330764079,0.13602973322447376,0.13602973352765851,0.13602973322447376,0.1360297330764079,0.1360297330368154,0.13602973311638628,0.13602973322447376,0.13602973311638628,0.1360297330368154,0.1360297329970125,0.1360297330368154,0.1360297330764079,0.1360297330368154,0.1360297329970125,0.13503425250722492,0.1350342525325389,0.1350342525536011,0.1350342525325389,0.13503425250722492,0.1350342525325389,0.13503425257369503,0.13503425261486102,0.13503425257369503,0.1350342525325389,0.1350342525536011,0.13503425261486102,0.1350342526902699,0.13503425261486102,0.1350342525536011,0.1350342525325389,0.13503425257369503,0.13503425261486102,0.13503425257369503,0.1350342525325389,0.13503425250722492,0.1350342525325389,0.1350342525536011,0.1350342525325389,0.13503425250722492
0.1653324878055746,0.1653324878055746,0.1653324878055746,0.1653324878055746,0.1653324878055746,0.1653324878055746,0.1653324878055746,0.1653324878055746,0.1653324878055746,0.1653324878055746,0.1653324878055746,0.1653324878055746,0.1653324878055746,0.1653324878055746,0.1653324878055746,0.1653324878055746,0.1653324878055746,0.1653324878055746,0.1653324878055746,0.1653324878055746,0.1653324878055746,0.1653324878055746,0.1653324878055746,0.1653324878055746,0.1653324878055746,0.16375749408637713,0.16375749408637713,0.16375749408637713,0.16375749408637713,0.16375749408637713,0.16375749408637713,0.16375749408637713,0.16375749408637713,0.16375749408637713,0.16375749408637713,0.16375749408637713,0.16375749408637713,0.16375749408637713,0.16375749408637713,0.16375749408637713,0.16375749408637713,0.16375749408637713,0.16375749408637713,0.16375749408637713,0.16375749408637713,0.16375749408637713,0.16375749408637713,0.16375749408637713,0.16375749408637713,0.16375749408637713,0.1622138842990833,0.1622138842990833,0.1622138842990833,0.1622138842990833,0.1622138842990833,0.1622138842990833,0.1622138842990833,0.1622138842990833,0.1622138842990833,0.1622138842990833,0.1622138842990833,0.1622138842990833,0.1622138842990833,0.1622138842990833,0.1622138842990833,0.1622138842990833,0.1622138842990833,0.1622138842990833,0.1622138842990833,0.1622138842990833,0.1622138842990833,0.1622138842990833,0.1622138842990833,0.1622138842990833,0.1622138842990833,0.16070106740073364,0.16070106740073364,0.16070106740073364,0.16070106740073364,0.16070106740073364,0.16070106740073364,0.16070106740073364,0.16070106740073364,0.16070106740073364,0.16070106740073364,0.16070106740073364,0.16070106740073364,0.16070106740073364,0.16070106740073364,0.16070106740073364,0.16070106740073364,0.16070106740073364,0.16070106740073364,0.16070106740073364,0.16070106740073364,0.16070106740073364,0.16070106740073364,0.16070106740073364,0.16070106740073364,0.16070106740073364,0.1592184517663062,0.1592184517663062,0.1592184517663062,0.1592184517663062,0.1592184517663064,0.1592184517663062,0.1592184517663062,0.1592184517663062,0.1592184517663062,0.1592184517663062,0.1592184517663062,0.1592184517663062,0.1592184517663062,0.1592184517663062,0.1592184517663062,0.1592184517663062,0.1592184517663062,0.1592184517663062,0.1592184517663062,0.1592184517663062,0.1592184517663064,0.1592184517663062,0.1592184517663062,0.1592184517663062,0.1592184517663064,0.1577654465405678,0.15776544654056757,0.15776544654056757,0.15776544654056757,0.1577654465405678,0.15776544654056757,0.15776544654056757,0.15776544654056757,0.15776544654056757,0.15776544654056757,0.15776544654056757,0.15776544654056757,0.15776544654056757,0.15776544654056757,0.15776544654056757,0.15776544654056757,0.15776544654056757,0.15776544654056757,0.15776544654056757,0.15776544654056757,0.1577654465405678,0.15776544654056757,0.15776544654056757,0.15776544654056757,0.1577654465405678,0.15634146285239664,0.15634146285239642,0.15634146285239642,0.15634146285239642,0.15634146285239664,0.15634146285239642,0.15634146285239622,0.15634146285239622,0.15634146285239622,0.15634146285239642,0.15634146285239642,0.15634146285239622,0.15634146285239622,0.15634146285239622,0.15634146285239642,0.15634146285239642,0.15634146285239622,0.15634146285239622,0.15634146285239622,0.15634146285239642,0.15634146285239664,0.15634146285239642,0.15634146285239642,0.15634146285239642,0.15634146285239664,0.15494591490184367,0.15494591490184328,0.1549459149018431,0.15494591490184328,0.15494591490184367,0.15494591490184328,0.1549459149018429,0.15494591490184267,0.1549459149018429,0.15494591490184328,0.1549459149018431,0.15494591490184267,0.15494591490184245,0.15494591490184267,0.1549459149018431,0.15494591490184328,0.1549459149018429,0.15494591490184267,0.1549459149018429,0.15494591490184328,0.15494591490184367,0.15494591490184328,0.1549459149018431,0.15494591490184328,0.15494591490184367,0.1535782209296375,0.15357822092963627,0.15357822092963547,0.15357822092963627,0.1535782209296375,0.15357822092963627,0.15357822092963508,0.15357822092963425,0.15357822092963508,0.15357822092963627,0.15357822092963547,0.15357822092963425,0.15357822092963347,0.15357822092963425,0.15357822092963547,0.15357822092963627,0.15357822092963508,0.15357822092963425,0.15357822092963508,0.15357822092963627,0.1535782209296375,0.15357822092963627,0.15357822092963547,0.15357822092963627,0.1535782209296375,0.1522378040782858,0.15223780407828208,0.15223780407827991,0.15223780407828208,0.1522378040782858,0.15223780407828208,0.15223780407827833,0.15223780407827597,0.15223780407827833,0.15223780407828208,0.15223780407827991,0.15223780407827597,0.15223780407827342,0.15223780407827597,0.15223780407827991,0.15223780407828208,0.15223780407827833,0.15223780407827597,0.15223780407827833,0.15223780407828208,0.1522378040782858,0.15223780407828208,0.15223780407827991,0.15223780407828208,0.1522378040782858,0.15092409315338579,0.1509240931533746,0.15092409315336763,0.1509240931533746,0.15092409315338579,0.1509240931533746,0.15092409315336283,0.15092409315335528,0.15092409315336283,0.1509240931533746,0.15092409315336763,0.15092409315335528,0.15092409315334737,0.15092409315335528,0.15092409315336763,0.1509240931533746,0.15092409315336283,0.15092409315335528,0.15092409315336283,0.1509240931533746,0.15092409315338579,0.1509240931533746,0.15092409315336763,0.1509240931533746,0.15092409315338579,0.1496365232932191,0.14963652329318508,0.1496365232931637,0.14963652329318508,0.1496365232932191,0.14963652329318508,0.14963652329314822,0.14963652329312438,0.14963652329314822,0.14963652329318508,0.1496365232931637,0.14963652329312438,0.14963652329309923,0.14963652329312438,0.1496365232931637,0.14963652329318508,0.14963652329314822,0.14963652329312438,0.14963652329314822,0.14963652329318508,0.1496365232932191,0.14963652329318508,0.1496365232931637,0.14963652329318508,0.1496365232932191,0.14837453655420252,0.1483745365541002,0.1483745365540348,0.1483745365541002,0.14837453655420252,0.1483745365541002,0.14837453655398566,0.14837453655391136,0.14837453655398566,0.1483745365541002,0.1483745365540348,0.14837453655391136,0.14837453655383112,0.14837453655391136,0.1483745365540348,0.1483745365541002,0.14837453655398566,0.14837453655391136,0.14837453655398566,0.1483745365541002,0.14837453655420252,0.1483745365541002,0.1483745365540348,0.1483745365541002,0.14837453655420252,0.14713758241928618,0.1471375824189832,0.1471375824187859,0.1471375824189832,0.14713758241928618,0.1471375824189832,0.1471375824186313,0.14713758241839608,0.1471375824186313,0.1471375824189832,0.1471375824187859,0.14713758241839608,0.1471375824181332,0.14713758241839608,0.1471375824187859,0.1471375824189832,0.1471375824186313,0.14713758241839608,0.1471375824186313,0.1471375824189832,0.14713758241928618,0.1471375824189832,0.1471375824187859,0.1471375824189832,0.14713758241928618,0.14592511823596288,0.14592511823508342,0.14592511823449242,0.14592511823508342,0.14592511823596288,0.14592511823508342,0.145925118234007,0.1459251182332515,0.145925118234007,0.14592511823508342,0.14592511823449242,0.1459251182332515,0.14592511823235865,0.1459251182332515,0.14592511823449242,0.14592511823508342,0.145925118234007,0.1459251182332515,0.145925118234007,0.14592511823508342,0.14592511823596288,0.14592511823508342,0.14592511823449242,0.14592511823508342,0.14592511823596288,0.14473660959022233,0.14473660958775436,0.14473660958600995,0.14473660958775436,0.14473660959022233,0.14473660958775436,0.14473660958449783,0.1447366095820218,0.14473660958449783,0.14473660958775436,0.14473660958600995,0.1447366095820218,0.144736609578811,0.1447366095820218,0.14473660958600995,0.14473660958775436,0.14473660958449783,0.1447366095820218,0.14473660958449783,0.14473660958775436,0.14473660959022233,0.14473660958775436,0.14473660958600995,0.14473660958775436,0.14473660959022233,0.14357153062265,0.14357153061608596,0.1435715306110679,0.14357153061608596,0.14357153062265,0.14357153061608596,0.14357153060646818,0.14357153059816016,0.14357153060646818,0.14357153061608596,0.1435715306110679,0.14357153059816016,0.1435715305856222,0.14357153059816016,0.1435715306110679,0.14357153061608596,0.14357153060646818,0.14357153059816016,0.14357153060646818,0.14357153061608596,0.14357153062265,0.14357153061608596,0.1435715306110679,0.14357153061608596,0.14357153062265,0.1424293642929192,0.142429364276974,0.14242936426326128,0.142429364276974,0.1424293642929192,0.142429364276974,0.14242936424999245,0.14242936422168379,0.14242936424999245,0.142429364276974,0.14242936426326128,0.14242936422168379,0.1424293641671684,0.14242936422168379,0.14242936426326128,0.142429364276974,0.14242936424999245,0.14242936422168379,0.14242936424999245,0.142429364276974,0.1424293642929192,0.142429364276974,0.14242936426326128,0.142429364276974,0.1424293642929192,0.14130960259847689,0.14130960256563865,0.14130960253215935,0.14130960256563865,0.14130960259847689,0.14130960256563865,0.14130960249807692,0.1413096024040548,0.14130960249807692,0.14130960256563865,0.14130960253215935,0.1413096024040548,0.14130960213599875,0.1413096024040548,0.14130960253215935,0.14130960256563865,0.14130960249807692,0.1413096024040548,0.14130960249807692,0.14130960256563865,0.14130960259847689,0.14130960256563865,0.14130960253215935,0.14130960256563865,0.14130960259847689,0.1402117467481949,0.1402117467008343,0.14021174664002356,0.1402117467008343,0.1402117467481949,0.1402117467008343,0.1402117465761892,0.1402117463138593,0.1402117465761892,0.1402117467008343,0.14021174664002356,0.1402117463138593,0.14021174482513937,0.1402117463138593,0.14021174664002356,0.1402117467008343,0.1402117465761892,0.1402117463138593,0.1402117465761892,0.1402117467008343,0.1402117467481949,0.1402117467008343,0.14021174664002356,0.1402117467008343,0.1402117467481949,0.13913530727128198,0.13913530725397696,0.13913530723407053,0.13913530725397696,0.13913530727128198,0.13913530725397696,0.13913530721320988,0.13913530714809497,0.13913530721320988,0.13913530725397696,0.13913530723407053,0.13913530714809497,0.13913530693983725,0.13913530714809497,0.13913530723407053,0.13913530725397696,0.13913530721320988,0.13913530714809497,0.13913530721320988,0.13913530725397696,0.13913530727128198,0.13913530725397696,0.13913530723407053,0.13913530725397696,0.13913530727128198,0.13807980402328865,0.1380798040454397,0.13807980406981285,0.1380798040454397,0.13807980402328865,0.1380798040454397,0.1380798040950556,0.13807980417105983,0.1380798040950556,0.1380798040454397,0.13807980406981285,0.13807980417105983,0.13807980440703796,0.13807980417105983,0.13807980406981285,0.1380798040454397,0.1380798040950556,0.13807980417105983,0.1380798040950556,0.1380798040454397,0.13807980402328865,0.1380798040454397,0.13807980406981285,0.1380798040454397,0.13807980402328865,0.1370447663184703,0.137044766372793,0.13704476644131394,0.137044766372793,0.1370447663184703,0.137044766372793,0.13704476651295075,0.13704476680414088,0.13704476651295075,0.137044766372793,0.13704476644131394,0.13704476680414088,0.1370447684463344,0.13704476680414088,0.13704476644131394,0.137044766372793,0.13704476651295075,0.13704476680414088,0.13704476651295075,0.137044766372793,0.1370447663184703,0.137044766372793,0.13704476644131394,0.137044766372793,0.1370447663184703,0.1360297329957353,0.13602973303548074,0.136029733075016,0.13602973303548074,0.1360297329957353,0.13602973303548074,0.13602973311493666,0.13602973322286818,0.13602973311493666,0.13602973303548074,0.136029733075016,0.13602973322286818,0.13602973352561532,0.13602973322286818,0.136029733075016,0.13602973303548074,0.13602973311493666,0.13602973322286818,0.13602973311493666,0.13602973303548074,0.1360297329957353,0.13602973303548074,0.136029733075016,0.13602973303548074,0.1360297329957353,0.13503425250589912,0.1350342525311765,0.13503425255220836,0.1350342525311765,0.13503425250589912,0.1350342525311765,0.1350342525722732,0.13503425261337976,0.1350342525722732,0.1350342525311765,0.13503425255220836,0.13503425261337976,0.13503425268867983,0.13503425261337976,0.13503425255220836,0.1350342525311765,0.1350342525722732,0.13503425261337976,0.1350342525722732,0.1350342525311765,0.13503425250589912,0.1350342525311765,0.13503425255220836,0.1350342525311765,0.13503425250589912
0.16533248780590495,0.16533248780590495,0.16533248780590495,0.16533248780590495,0.16533248780590495,0.16533248780590495,0.16533248780590495,0.16533248780590495,0.16533248780590495,0.16533248780590495,0.16533248780590495,0.16533248780590495,0.16533248780590495,0.16533248780590495,0.16533248780590495,0.16533248780590495,0.16533248780590495,0.16533248780590495,0.16533248780590495,0.16533248780590495,0.16533248780590495,0.16533248780590495,0.16533248780590495,0.16533248780590495,0.16533248780590495,0.1637574940867007,0.1637574940867007,0.1637574940867007,0.1637574940867007,0.1637574940867007,0.1637574940867007,0.1637574940867007,0.1637574940867007,0.1637574940867007,0.1637574940867007,0.1637574940867007,0.1637574940867007,0.1637574940867007,0.1637574940867007,0.1637574940867007,0.1637574940867007,0.1637574940867007,0.1637574940867007,0.1637574940867007,0.1637574940867007,0.1637574940867007,0.1637574940867007,0.1637574940867007,0.1637574940867007,0.1637574940867007,0.1622138842994004,0.1622138842994004,0.1622138842994004,0.1622138842994004,0.1622138842994004,0.1622138842994004,0.1622138842994004,0.1622138842994004,0.1622138842994004,0.1622138842994004,0.1622138842994004,0.1622138842994004,0.1622138842994004,0.1622138842994004,0.1622138842994004,0.1622138842994004,0.1622138842994004,0.1622138842994004,0.1622138842994004,0.1622138842994004,0.1622138842994004,0.1622138842994004,0.1622138842994004,0.1622138842994004,0.1622138842994004,0.16070106740104442,0.16070106740104442,0.16070106740104442,0.16070106740104442,0.16070106740104442,0.16070106740104442,0.16070106740104442,0.16070106740104442,0.16070106740104442,0.16070106740104442,0.16070106740104442,0.16070106740104442,0.16070106740104442,0.16070106740104442,0.16070106740104442,0.16070106740104442,0.16070106740104442,0.16070106740104442,0.16070106740104442,0.16070106740104442,0.16070106740104442,0.16070106740104442,0.16070106740104442,0.16070106740104442,0.16070106740104442,0.15921845176661076,0.15921845176661076,0.15921845176661076,0.15921845176661076,0.15921845176661076,0.15921845176661076,0.15921845176661076,0.15921845176661076,0.15921845176661076,0.15921845176661076,0.15921845176661076,0.15921845176661076,0.15921845176661076,0.15921845176661076,0.15921845176661076,0.15921845176661076,0.15921845176661076,0.15921845176661076,0.15921845176661076,0.15921845176661076,0.15921845176661076,0.15921845176661076,0.15921845176661076,0.15921845176661076,0.15921845176661076,0.15776544654086608,0.15776544654086608,0.15776544654086608,0.15776544654086608,0.15776544654086608,0.15776544654086608,0.15776544654086608,0.15776544654086608,0.15776544654086608,0.15776544654086608,0.15776544654086608,0.15776544654086608,0.15776544654086608,0.15776544654086608,0.15776544654086608,0.15776544654086608,0.15776544654086608,0.15776544654086608,0.15776544654086608,0.15776544654086608,0.15776544654086608,0.15776544654086608,0.15776544654086608,0.15776544654086608,0.15776544654086608,0.15634146285268896,0.15634146285268877,0.15634146285268877,0.15634146285268877,0.15634146285268896,0.15634146285268877,0.15634146285268877,0.15634146285268855,0.15634146285268877,0.15634146285268877,0.15634146285268877,0.15634146285268855,0.15634146285268855,0.15634146285268855,0.15634146285268877,0.15634146285268877,0.15634146285268877,0.15634146285268855,0.15634146285268877,0.15634146285268877,0.15634146285268896,0.15634146285268877,0.15634146285268877,0.15634146285268877,0.15634146285268896,0.1549459149021302,0.15494591490212978,0.15494591490212958,0.15494591490212978,0.1549459149021302,0.15494591490212978,0.15494591490212958,0.15494591490212917,0.15494591490212958,0.15494591490212978,0.15494591490212958,0.15494591490212917,0.15494591490212895,0.15494591490212917,0.15494591490212958,0.15494591490212978,0.15494591490212958,0.15494591490212917,0.15494591490212958,0.15494591490212978,0.1549459149021302,0.15494591490212978,0.15494591490212958,0.15494591490212978,0.1549459149021302,0.15357822092991827,0.15357822092991705,0.15357822092991624,0.15357822092991705,0.15357822092991827,0.15357822092991705,0.15357822092991585,0.15357822092991505,0.15357822092991585,0.15357822092991705,0.15357822092991624,0.15357822092991505,0.15357822092991424,0.15357822092991505,0.15357822092991624,0.15357822092991705,0.15357822092991585,0.15357822092991505,0.15357822092991585,0.15357822092991705,0.15357822092991827,0.15357822092991705,0.15357822092991624,0.15357822092991705,0.15357822092991827,0.1522378040785608,0.15223780407855728,0.1522378040785549,0.15223780407855728,0.1522378040785608,0.15223780407855728,0.15223780407855333,0.15223780407855098,0.15223780407855333,0.15223780407855728,0.1522378040785549,0.15223780407855098,0.1522378040785486,0.15223780407855098,0.1522378040785549,0.15223780407855728,0.15223780407855333,0.15223780407855098,0.15223780407855333,0.15223780407855728,0.1522378040785608,0.15223780407855728,0.1522378040785549,0.15223780407855728,0.1522378040785608,0.1509240931536553,0.1509240931536441,0.15092409315363717,0.1509240931536441,0.1509240931536553,0.1509240931536441,0.15092409315363234,0.1509240931536248,0.15092409315363234,0.1509240931536441,0.15092409315363717,0.1509240931536248,0.15092409315361707,0.1509240931536248,0.15092409315363717,0.1509240931536441,0.15092409315363234,0.1509240931536248,0.15092409315363234,0.1509240931536441,0.1509240931536553,0.1509240931536441,0.15092409315363717,0.1509240931536441,0.1509240931536553,0.14963652329348306,0.1496365232934492,0.14963652329342766,0.1496365232934492,0.14963652329348306,0.1496365232934492,0.14963652329341237,0.14963652329338853,0.14963652329341237,0.1496365232934492,0.14963652329342766,0.14963652329338853,0.14963652329336335,0.14963652329338853,0.14963652329342766,0.1496365232934492,0.14963652329341237,0.14963652329338853,0.14963652329341237,0.1496365232934492,0.14963652329348306,0.1496365232934492,0.14963652329342766,0.1496365232934492,0.14963652329348306,0.14837453655446103,0.14837453655435873,0.1483745365542937,0.14837453655435873,0.14837453655446103,0.14837453655435873,0.1483745365542446,0.14837453655417027,0.1483745365542446,0.14837453655435873,0.1483745365542937,0.14837453655417027,0.14837453655409022,0.14837453655417027,0.1483745365542937,0.14837453655435873,0.1483745365542446,0.14837453655417027,0.1483745365542446,0.14837453655435873,0.14837453655446103,0.14837453655435873,0.1483745365542937,0.14837453655435873,0.14837453655446103,0.14713758241953906,0.14713758241923644,0.14713758241903932,0.14713758241923644,0.14713758241953906,0.14713758241923644,0.1471375824188851,0.14713758241865021,0.1471375824188851,0.14713758241923644,0.14713758241903932,0.14713758241865021,0.1471375824183877,0.14713758241865021,0.14713758241903932,0.14713758241923644,0.1471375824188851,0.14713758241865021,0.1471375824188851,0.14713758241923644,0.14713758241953906,0.14713758241923644,0.14713758241903932,0.14713758241923644,0.14713758241953906,0.14592511823620913,0.1459251182353311,0.145925118234741,0.1459251182353311,0.14592511823620913,0.1459251182353311,0.14592511823425613,0.14592511823350185,0.14592511823425613,0.1459251182353311,0.145925118234741,0.14592511823350185,0.14592511823261028,0.14592511823350185,0.145925118234741,0.1459251182353311,0.14592511823425613,0.14592511823350185,0.14592511823425613,0.1459251182353311,0.14592511823620913,0.1459251182353311,0.145925118234741,0.1459251182353311,0.14592511823620913,0.14473660959045972,0.14473660958799525,0.14473660958625326,0.14473660958799525,0.14473660959045972,0.14473660958799525,0.1447366095847434,0.14473660958227108,0.1447366095847434,0.14473660958799525,0.14473660958625326,0.14473660958227108,0.14473660957906476,0.14473660958227108,0.14473660958625326,0.14473660958799525,0.1447366095847434,0.14473660958227108,0.1447366095847434,0.14473660958799525,0.14473660959045972,0.14473660958799525,0.14473660958625326,0.14473660958799525,0.14473660959045972,0.1435715306228711,0.14357153061631642,0.14357153061130573,0.14357153061631642,0.1435715306228711,0.14357153061631642,0.14357153060671257,0.14357153059841649,0.14357153060671257,0.14357153061631642,0.14357153061130573,0.14357153059841649,0.14357153058589667,0.14357153059841649,0.14357153061130573,0.14357153061631642,0.14357153060671257,0.14357153059841649,0.14357153060671257,0.14357153061631642,0.1435715306228711,0.14357153061631642,0.14357153061130573,0.14357153061631642,0.1435715306228711,0.14242936429310418,0.14242936427718203,0.1424293642634891,0.14242936427718203,0.14242936429310418,0.14242936427718203,0.14242936425023936,0.14242936422197147,0.14242936425023936,0.14242936427718203,0.1424293642634891,0.14242936422197147,0.14242936416753477,0.14242936422197147,0.1424293642634891,0.14242936427718203,0.14242936425023936,0.14242936422197147,0.14242936425023936,0.14242936427718203,0.14242936429310418,0.14242936427718203,0.1424293642634891,0.14242936427718203,0.14242936429310418,0.1413096025985782,0.14130960256578715,0.1413096025323562,0.14130960256578715,0.1413096025985782,0.14130960256578715,0.14130960249832297,0.14130960240443635,0.14130960249832297,0.14130960256578715,0.1413096025323562,0.14130960240443635,0.1413096021367668,0.14130960240443635,0.1413096025323562,0.14130960256578715,0.14130960249832297,0.14130960240443635,0.14130960249832297,0.14130960256578715,0.1413096025985782,0.14130960256578715,0.1413096025323562,0.14130960256578715,0.1413096025985782,0.14021174674811346,0.14021174670082123,0.1402117466400982,0.14021174670082123,0.14021174674811346,0.14021174670082123,0.14021174657635577,0.14021174631440417,0.14021174657635577,0.14021174670082123,0.1402117466400982,0.14021174631440417,0.14021174482783794,0.14021174631440417,0.1402117466400982,0.14021174670082123,0.14021174657635577,0.14021174631440417,0.14021174657635577,0.14021174670082123,0.14021174674811346,0.14021174670082123,0.1402117466400982,0.14021174670082123,0.14021174674811346,0.1391353072708747,0.13913530725359463,0.13913530723371698,0.13913530725359463,0.1391353072708747,0.13913530725359463,0.1391353072128864,0.13913530714786537,0.1391353072128864,0.13913530725359463,0.13913530723371698,0.13913530714786537,0.13913530693990778,0.13913530714786537,0.13913530723371698,0.13913530725359463,0.1391353072128864,0.13913530714786537,0.1391353072128864,0.13913530725359463,0.1391353072708747,0.13913530725359463,0.13913530723371698,0.13913530725359463,0.1391353072708747,0.1380798040224996,0.13807980404461878,0.13807980406895687,0.13807980404461878,0.1380798040224996,0.13807980404461878,0.13807980409416318,0.13807980417005783,0.13807980409416318,0.13807980404461878,0.13807980406895687,0.13807980417005783,0.13807980440569562,0.13807980417005783,0.13807980406895687,0.13807980404461878,0.13807980409416318,0.13807980417005783,0.13807980409416318,0.13807980404461878,0.1380798040224996,0.13807980404461878,0.13807980406895687,0.13807980404461878,0.1380798040224996,0.1370447663173604,0.13704476637160462,0.13704476644002692,0.13704476637160462,0.1370447663173604,0.13704476637160462,0.1370447665115605,0.1370447668023307,0.1370447665115605,0.13704476637160462,0.13704476644002692,0.1370447668023307,0.13704476844215652,0.1370447668023307,0.13704476644002692,0.13704476637160462,0.1370447665115605,0.1370447668023307,0.1370447665115605,0.13704476637160462,0.1370447663173604,0.13704476637160462,0.13704476644002692,0.13704476637160462,0.1370447663173604,0.13602973299446128,0.1360297330341495,0.13602973307362778,0.1360297330341495,0.13602973299446128,0.1360297330341495,0.13602973311349092,0.13602973322126677,0.13602973311349092,0.1360297330341495,0.13602973307362778,0.13602973322126677,0.13602973352357747,0.13602973322126677,0.13602973307362778,0.1360297330341495,0.13602973311349092,0.13602973322126677,0.13602973311349092,0.1360297330341495,0.13602973299446128,0.1360297330341495,0.13602973307362778,0.1360297330341495,0.13602973299446128,0.13503425250457682,0.13503425252981785,0.13503425255081933,0.13503425252981785,0.13503425250457682,0.13503425252981785,0.13503425257085525,0.13503425261190258,0.13503425257085525,0.13503425252981785,0.13503425255081933,0.13503425261190258,0.135034252687094,0.13503425261190258,0.13503425255081933,0.13503425252981785,0.13503425257085525,0.13503425261190258,0.13503425257085525,0.13503425252981785,0.13503425250457682,0.13503425252981785,0.13503425255081933,0.13503425252981785,0.13503425250457682
0.16533248780623416,0.16533248780623416,0.16533248780623416,0.16533248780623416,0.16533248780623416,0.16533248780623416,0.16533248780623416,0.16533248780623416,0.16533248780623416,0.16533248780623416,0.16533248780623416,0.16533248780623416,0.16533248780623416,0.16533248780623416,0.16533248780623416,0.16533248780623416,0.16533248780623416,0.16533248780623416,0.16533248780623416,0.16533248780623416,0.16533248780623416,0.16533248780623416,0.16533248780623416,0.16533248780623416,0.16533248780623416,0.16375749408702356,0.16375749408702356,0.16375749408702356,0.16375749408702356,0.16375749408702356,0.16375749408702356,0.16375749408702356,0.16375749408702356,0.16375749408702356,0.16375749408702356,0.16375749408702356,0.16375749408702356,0.16375749408702356,0.16375749408702356,0.16375749408702356,0.16375749408702356,0.16375749408702356,0.16375749408702356,0.16375749408702356,0.16375749408702356,0.16375749408702356,0.16375749408702356,0.16375749408702356,0.16375749408702356,0.16375749408702356,0.16221388429971687,0.16221388429971687,0.16221388429971687,0.16221388429971687,0.16221388429971687,0.16221388429971687,0.16221388429971687,0.16221388429971687,0.16221388429971687,0.16221388429971687,0.16221388429971687,0.16221388429971687,0.16221388429971687,0.16221388429971687,0.16221388429971687,0.16221388429971687,0.16221388429971687,0.16221388429971687,0.16221388429971687,0.16221388429971687,0.16221388429971687,0.16221388429971687,0.16221388429971687,0.16221388429971687,0.16221388429971687,0.1607010674013546,0.1607010674013546,0.1607010674013546,0.1607010674013546,0.1607010674013546,0.1607010674013546,0.1607010674013546,0.1607010674013546,0.1607010674013546,0.1607010674013546,0.1607010674013546,0.1607010674013546,0.1607010674013546,0.1607010674013546,0.1607010674013546,0.1607010674013546,0.1607010674013546,0.1607010674013546,0.1607010674013546,0.1607010674013546,0.1607010674013546,0.1607010674013546,0.1607010674013546,0.1607010674013546,0.1607010674013546,0.1592184517669147,0.1592184517669147,0.15921845176691446,0.1592184517669147,0.1592184517669147,0.1592184517669147,0.15921845176691446,0.15921845176691446,0.15921845176691446,0.1592184517669147,0.15921845176691446,0.15921845176691446,0.15921845176691446,0.15921845176691446,0.15921845176691446,0.1592184517669147,0.15921845176691446,0.15921845176691446,0.15921845176691446,0.1592184517669147,0.1592184517669147,0.1592184517669147,0.15921845176691446,0.1592184517669147,0.1592184517669147,0.15776544654116373,0.15776544654116373,0.15776544654116373,0.15776544654116373,0.15776544654116373,0.15776544654116373,0.15776544654116373,0.15776544654116373,0.15776544654116373,0.15776544654116373,0.15776544654116373,0.15776544654116373,0.15776544654116373,0.15776544654116373,0.15776544654116373,0.15776544654116373,0.15776544654116373,0.15776544654116373,0.15776544654116373,0.15776544654116373,0.15776544654116373,0.15776544654116373,0.15776544654116373,0.15776544654116373,0.15776544654116373,0.15634146285298067,0.15634146285298045,0.15634146285298045,0.15634146285298045,0.15634146285298067,0.15634146285298045,0.15634146285298045,0.15634146285298026,0.15634146285298045,0.15634146285298045,0.15634146285298045,0.15634146285298026,0.15634146285298026,0.15634146285298026,0.15634146285298045,0.15634146285298045,0.15634146285298045,0.15634146285298026,0.15634146285298045,0.15634146285298045,0.15634146285298067,0.15634146285298045,0.15634146285298045,0.15634146285298045,0.15634146285298067,0.15494591490241605,0.15494591490241566,0.15494591490241547,0.15494591490241566,0.15494591490241605,0.15494591490241566,0.15494591490241524,0.15494591490241505,0.15494591490241524,0.15494591490241566,0.15494591490241547,0.15494591490241505,0.15494591490241483,0.15494591490241505,0.15494591490241547,0.15494591490241566,0.15494591490241524,0.15494591490241505,0.15494591490241524,0.15494591490241566,0.15494591490241605,0.15494591490241566,0.15494591490241547,0.15494591490241566,0.15494591490241605,0.15357822093019824,0.15357822093019702,0.1535782209301962,0.15357822093019702,0.15357822093019824,0.15357822093019702,0.15357822093019582,0.15357822093019502,0.15357822093019582,0.15357822093019702,0.1535782209301962,0.15357822093019502,0.1535782209301942,0.15357822093019502,0.1535782209301962,0.15357822093019702,0.15357822093019582,0.15357822093019502,0.15357822093019582,0.15357822093019702,0.15357822093019824,0.15357822093019702,0.1535782209301962,0.15357822093019702,0.15357822093019824,0.1522378040788352,0.15223780407883145,0.15223780407882928,0.15223780407883145,0.1522378040788352,0.15223780407883145,0.1522378040788277,0.15223780407882537,0.1522378040788277,0.15223780407883145,0.15223780407882928,0.15223780407882537,0.15223780407882298,0.15223780407882537,0.15223780407882928,0.15223780407883145,0.1522378040788277,0.15223780407882537,0.1522378040788277,0.15223780407883145,0.1522378040788352,0.15223780407883145,0.15223780407882928,0.15223780407883145,0.1522378040788352,0.15092409315392402,0.15092409315391303,0.1509240931539059,0.15092409315391303,0.15092409315392402,0.15092409315391303,0.15092409315390126,0.15092409315389374,0.15092409315390107,0.15092409315391303,0.1509240931539059,0.15092409315389374,0.15092409315388583,0.15092409315389374,0.1509240931539059,0.15092409315391303,0.15092409315390107,0.15092409315389374,0.15092409315390126,0.15092409315391303,0.15092409315392402,0.15092409315391303,0.1509240931539059,0.15092409315391303,0.15092409315392402,0.14963652329374647,0.14963652329371244,0.14963652329369106,0.14963652329371244,0.14963652329374647,0.14963652329371244,0.14963652329367574,0.14963652329365193,0.14963652329367574,0.14963652329371244,0.14963652329369106,0.14963652329365193,0.14963652329362695,0.14963652329365193,0.14963652329369106,0.14963652329371244,0.14963652329367574,0.14963652329365193,0.14963652329367574,0.14963652329371244,0.14963652329374647,0.14963652329371244,0.14963652329369106,0.14963652329371244,0.14963652329374647,0.14837453655471886,0.14837453655461671,0.14837453655455168,0.14837453655461671,0.14837453655471886,0.14837453655461671,0.14837453655450275,0.14837453655442862,0.14837453655450275,0.14837453655461671,0.14837453655455168,0.14837453655442862,0.14837453655434857,0.14837453655442862,0.14837453655455168,0.14837453655461671,0.14837453655450275,0.14837453655442862,0.14837453655450275,0.14837453655461671,0.14837453655471886,0.14837453655461671,0.14837453655455168,0.14837453655461671,0.14837453655471886,0.14713758241979122,0.14713758241948893,0.1471375824192922,0.1471375824194891,0.14713758241979122,0.14713758241948893,0.14713758241913813,0.14713758241890362,0.14713758241913813,0.1471375824194891,0.1471375824192922,0.14713758241890362,0.1471375824186415,0.14713758241890362,0.1471375824192922,0.1471375824194891,0.14713758241913813,0.14713758241890362,0.14713758241913813,0.1471375824194891,0.14713758241979122,0.1471375824194891,0.1471375824192922,0.1471375824194891,0.14713758241979122,0.14592511823645485,0.14592511823557808,0.1459251182349887,0.14592511823557808,0.14592511823645485,0.14592511823557808,0.14592511823450452,0.14592511823375132,0.14592511823450452,0.14592511823557808,0.1459251182349887,0.14592511823375132,0.14592511823286117,0.14592511823375132,0.1459251182349887,0.14592511823557808,0.14592511823450452,0.14592511823375132,0.14592511823450452,0.14592511823557808,0.14592511823645485,0.14592511823557808,0.1459251182349887,0.14592511823557808,0.14592511823645485,0.14473660959069642,0.14473660958823545,0.14473660958649603,0.14473660958823545,0.14473660959069642,0.14473660958823545,0.1447366095849883,0.14473660958251947,0.1447366095849883,0.14473660958823545,0.14473660958649603,0.14473660958251947,0.14473660957931786,0.14473660958251947,0.14473660958649603,0.14473660958823545,0.1447366095849883,0.14473660958251947,0.1447366095849883,0.14473660958823545,0.14473660959069642,0.14473660958823545,0.14473660958649603,0.14473660958823545,0.14473660959069642,0.1435715306230915,0.14357153061654626,0.14357153061154274,0.14357153061654626,0.1435715306230915,0.14357153061654626,0.1435715306069562,0.14357153059867211,0.1435715306069562,0.14357153061654626,0.14357153061154274,0.14357153059867211,0.14357153058617028,0.14357153059867211,0.14357153061154274,0.14357153061654626,0.1435715306069562,0.14357153059867211,0.1435715306069562,0.14357153061654626,0.1435715306230915,0.14357153061654626,0.14357153061154274,0.14357153061654626,0.1435715306230915,0.14242936429328873,0.14242936427738953,0.1424293642637164,0.14242936427738953,0.14242936429328873,0.14242936427738953,0.1424293642504856,0.1424293642222585,0.1424293642504856,0.14242936427738953,0.1424293642637164,0.1424293642222585,0.1424293641679001,0.1424293642222585,0.1424293642637164,0.14242936427738953,0.1424293642504856,0.1424293642222585,0.1424293642504856,0.14242936427738953,0.14242936429328873,0.14242936427738953,0.1424293642637164,0.14242936427738953,0.14242936429328873,0.14130960259867917,0.14130960256593536,0.14130960253255256,0.14130960256593536,0.14130960259867917,0.14130960256593536,0.14130960249856836,0.14130960240481694,0.14130960249856836,0.14130960256593536,0.14130960253255256,0.14130960240481694,0.14130960213753274,0.14130960240481694,0.14130960253255256,0.14130960256593536,0.14130960249856836,0.14130960240481694,0.14130960249856836,0.14130960256593536,0.14130960259867917,0.14130960256593536,0.14130960253255256,0.14130960256593536,0.14130960259867917,0.14021174674803236,0.1402117467008083,0.14021174664017258,0.1402117467008083,0.14021174674803236,0.1402117467008083,0.14021174657652202,0.14021174631494743,0.14021174657652202,0.1402117467008083,0.14021174664017258,0.14021174631494743,0.14021174483050847,0.14021174631494743,0.14021174664017258,0.1402117467008083,0.14021174657652202,0.14021174631494743,0.14021174657652202,0.1402117467008083,0.14021174674803236,0.1402117467008083,0.14021174664017258,0.1402117467008083,0.14021174674803236,0.1391353072704685,0.13913530725321327,0.1391353072333644,0.13913530725321327,0.1391353072704685,0.13913530725321327,0.13913530721256367,0.13913530714763628,0.13913530721256367,0.13913530725321327,0.1391353072333644,0.13913530714763628,0.1391353069399783,0.13913530714763628,0.1391353072333644,0.13913530725321327,0.13913530721256367,0.13913530714763628,0.13913530721256367,0.13913530725321327,0.1391353072704685,0.13913530725321327,0.1391353072333644,0.13913530725321327,0.1391353072704685,0.1380798040217128,0.13807980404380016,0.13807980406810305,0.13807980404380016,0.1380798040217128,0.13807980404380016,0.13807980409327308,0.1380798041690584,0.13807980409327308,0.13807980404380016,0.13807980406810305,0.1380798041690584,0.13807980440435716,0.1380798041690584,0.13807980406810305,0.13807980404380016,0.13807980409327308,0.1380798041690584,0.13807980409327308,0.13807980404380016,0.1380798040217128,0.13807980404380016,0.13807980406810305,0.13807980404380016,0.1380798040217128,0.1370447663162534,0.13704476637041965,0.1370447664387434,0.13704476637041965,0.1370447663162534,0.13704476637041965,0.1370447665101739,0.1370447668005255,0.1370447665101739,0.13704476637041965,0.1370447664387434,0.1370447668005255,0.1370447684379909,0.1370447668005255,0.1370447664387434,0.13704476637041965,0.1370447665101739,0.1370447668005255,0.1370447665101739,0.13704476637041965,0.1370447663162534,0.13704476637041965,0.1370447664387434,0.13704476637041965,0.1370447663162534,0.13602973299319104,0.136029733032822,0.13602973307224347,0.136029733032822,0.13602973299319104,0.136029733032822,0.13602973311204922,0.13602973321966982,0.13602973311204922,0.136029733032822,0.13602973307224347,0.13602973321966982,0.13602973352154532,0.13602973321966982,0.13602973307224347,0.136029733032822,0.13602973311204922,0.13602973321966982,0.13602973311204922,0.136029733032822,0.13602973299319104,0.136029733032822,0.13602973307224347,0.136029733032822,0.13602973299319104,0.13503425250325823,0.1350342525284629,0.13503425254943419,0.1350342525284629,0.13503425250325823,0.1350342525284629,0.13503425256944127,0.13503425261042953,0.13503425256944127,0.1350342525284629,0.13503425254943419,0.13503425261042953,0.13503425268551256,0.13503425261042953,0.13503425254943419,0.1350342525284629,0.13503425256944127,0.13503425261042953,0.13503425256944127,0.1350342525284629,0.13503425250325823,0.1350342525284629,0.13503425254943419,0.1350342525284629,0.13503425250325823
0.16533248780656268,0.16533248780656268,0.16533248780656268,0.16533248780656268,0.16533248780656268,0.16533248780656268,0.16533248780656268,0.16533248780656268,0.16533248780656268,0.16533248780656268,0.16533248780656268,0.16533248780656268,0.16533248780656268,0.16533248780656268,0.16533248780656268,0.16533248780656268,0.16533248780656268,0.16533248780656268,0.16533248780656268,0.16533248780656268,0.16533248780656268,0.16533248780656268,0.16533248780656268,0.16533248780656268,0.16533248780656268,0.16375749408734525,0.16375749408734525,0.16375749408734525,0.16375749408734525,0.16375749408734525,0.16375749408734525,0.16375749408734525,0.16375749408734525,0.16375749408734525,0.16375749408734525,0.16375749408734525,0.16375749408734525,0.16375749408734525,0.16375749408734525,0.16375749408734525,0.16375749408734525,0.16375749408734525,0.16375749408734525,0.16375749408734525,0.16375749408734525,0.16375749408734525,0.16375749408734525,0.16375749408734525,0.16375749408734525,0.16375749408734525,0.1622138843000324,0.1622138843000324,0.1622138843000324,0.1622138843000324,0.1622138843000324,0.1622138843000324,0.1622138843000324,0.1622138843000324,0.1622138843000324,0.1622138843000324,0.1622138843000324,0.1622138843000324,0.1622138843000324,0.1622138843000324,0.1622138843000324,0.1622138843000324,0.1622138843000324,0.1622138843000324,0.1622138843000324,0.1622138843000324,0.1622138843000324,0.1622138843000324,0.1622138843000324,0.1622138843000324,0.1622138843000324,0.1607010674016636,0.1607010674016636,0.1607010674016636,0.1607010674016636,0.1607010674016636,0.1607010674016636,0.1607010674016636,0.1607010674016636,0.1607010674016636,0.1607010674016636,0.1607010674016636,0.1607010674016636,0.1607010674016636,0.1607010674016636,0.1607010674016636,0.1607010674016636,0.1607010674016636,0.1607010674016636,0.1607010674016636,0.1607010674016636,0.1607010674016636,0.1607010674016636,0.1607010674016636,0.1607010674016636,0.1607010674016636,0.15921845176721752,0.15921845176721752,0.15921845176721752,0.15921845176721752,0.15921845176721752,0.15921845176721752,0.15921845176721752,0.15921845176721752,0.15921845176721752,0.15921845176721752,0.15921845176721752,0.15921845176721752,0.15921845176721752,0.15921845176721752,0.15921845176721752,0.15921845176721752,0.15921845176721752,0.15921845176721752,0.15921845176721752,0.15921845176721752,0.15921845176721752,0.15921845176721752,0.15921845176721752,0.15921845176721752,0.15921845176721752,0.15776544654146074,0.15776544654146052,0.15776544654146052,0.15776544654146052,0.15776544654146074,0.15776544654146052,0.15776544654146052,0.15776544654146052,0.15776544654146052,0.15776544654146052,0.15776544654146052,0.15776544654146052,0.15776544654146052,0.15776544654146052,0.15776544654146052,0.15776544654146052,0.15776544654146052,0.15776544654146052,0.15776544654146052,0.15776544654146052,0.15776544654146074,0.15776544654146052,0.15776544654146052,0.15776544654146052,0.15776544654146074,0.15634146285327155,0.15634146285327133,0.15634146285327133,0.15634146285327133,0.15634146285327155,0.15634146285327133,0.15634146285327133,0.1563414628532711,0.15634146285327133,0.15634146285327133,0.15634146285327133,0.1563414628532711,0.1563414628532711,0.1563414628532711,0.15634146285327133,0.15634146285327133,0.15634146285327133,0.1563414628532711,0.15634146285327133,0.15634146285327133,0.15634146285327155,0.15634146285327133,0.15634146285327133,0.15634146285327133,0.15634146285327155,0.15494591490270113,0.1549459149027007,0.15494591490270052,0.1549459149027007,0.15494591490270113,0.1549459149027007,0.15494591490270032,0.1549459149027001,0.15494591490270032,0.1549459149027007,0.15494591490270052,0.1549459149027001,0.1549459149026997,0.1549459149027001,0.15494591490270052,0.1549459149027007,0.15494591490270032,0.1549459149027001,0.15494591490270032,0.1549459149027007,0.15494591490270113,0.1549459149027007,0.15494591490270052,0.1549459149027007,0.15494591490270113,0.15357822093047738,0.1535782209304762,0.15357822093047557,0.1535782209304762,0.15357822093047738,0.1535782209304762,0.153578220930475,0.1535782209304744,0.153578220930475,0.1535782209304762,0.15357822093047557,0.1535782209304744,0.15357822093047357,0.1535782209304744,0.15357822093047557,0.1535782209304762,0.153578220930475,0.1535782209304744,0.153578220930475,0.1535782209304762,0.15357822093047738,0.1535782209304762,0.15357822093047557,0.1535782209304762,0.15357822093047738,0.1522378040791088,0.15223780407910506,0.1522378040791029,0.15223780407910506,0.1522378040791088,0.15223780407910506,0.1522378040791013,0.15223780407909895,0.1522378040791013,0.15223780407910506,0.1522378040791029,0.15223780407909895,0.1522378040790966,0.15223780407909895,0.1522378040791029,0.15223780407910506,0.1522378040791013,0.15223780407909895,0.1522378040791013,0.15223780407910506,0.1522378040791088,0.15223780407910506,0.1522378040791029,0.15223780407910506,0.1522378040791088,0.1509240931541922,0.15092409315418098,0.15092409315417404,0.15092409315418098,0.1509240931541922,0.15092409315418098,0.15092409315416924,0.1509240931541619,0.15092409315416924,0.15092409315418098,0.15092409315417404,0.1509240931541619,0.15092409315415398,0.1509240931541619,0.15092409315417404,0.15092409315418098,0.15092409315416924,0.1509240931541619,0.15092409315416924,0.15092409315418098,0.1509240931541922,0.15092409315418098,0.15092409315417404,0.15092409315418098,0.1509240931541922,0.1496365232940089,0.1496365232939751,0.1496365232939537,0.1496365232939751,0.1496365232940089,0.1496365232939751,0.14963652329393837,0.14963652329391475,0.14963652329393837,0.1496365232939751,0.1496365232939537,0.14963652329391475,0.1496365232938898,0.14963652329391475,0.1496365232939537,0.1496365232939751,0.14963652329393837,0.14963652329391475,0.14963652329393837,0.1496365232939751,0.1496365232940089,0.1496365232939751,0.1496365232939537,0.1496365232939751,0.1496365232940089,0.1483745365549759,0.14837453655487415,0.14837453655480912,0.14837453655487415,0.1483745365549759,0.14837453655487415,0.14837453655476018,0.14837453655468605,0.14837453655476018,0.14837453655487415,0.14837453655480912,0.14837453655468605,0.14837453655460617,0.14837453655468605,0.14837453655480912,0.14837453655487415,0.14837453655476018,0.14837453655468605,0.14837453655476018,0.14837453655487415,0.1483745365549759,0.14837453655487415,0.14837453655480912,0.14837453655487415,0.1483745365549759,0.1471375824200428,0.1471375824197409,0.1471375824195445,0.1471375824197409,0.1471375824200428,0.1471375824197409,0.14713758241939048,0.1471375824191563,0.14713758241939048,0.1471375824197409,0.1471375824195445,0.1471375824191563,0.1471375824188947,0.1471375824191563,0.1471375824195445,0.1471375824197409,0.14713758241939048,0.1471375824191563,0.14713758241939048,0.1471375824197409,0.1471375824200428,0.1471375824197409,0.1471375824195445,0.1471375824197409,0.1471375824200428,0.14592511823669987,0.14592511823582432,0.14592511823523585,0.14592511823582432,0.14592511823669987,0.14592511823582432,0.14592511823475238,0.14592511823400026,0.14592511823475238,0.14592511823582432,0.14592511823523585,0.14592511823400026,0.14592511823311136,0.14592511823400026,0.14592511823523585,0.14592511823582432,0.14592511823475238,0.14592511823400026,0.14592511823475238,0.14592511823582432,0.14592511823669987,0.14592511823582432,0.14592511823523585,0.14592511823582432,0.14592511823669987,0.1447366095909324,0.1447366095884751,0.14473660958673798,0.1447366095884751,0.1447366095909324,0.1447366095884751,0.14473660958523266,0.1447366095827673,0.14473660958523266,0.1447366095884751,0.14473660958673798,0.1447366095827673,0.14473660957957027,0.1447366095827673,0.14473660958673798,0.1447366095884751,0.14473660958523266,0.1447366095827673,0.14473660958523266,0.1447366095884751,0.1447366095909324,0.1447366095884751,0.14473660958673798,0.1447366095884751,0.1447366095909324,0.14357153062331118,0.14357153061677536,0.14357153061177905,0.14357153061677536,0.14357153062331118,0.14357153061677536,0.14357153060719918,0.14357153059892708,0.14357153060719918,0.14357153061677536,0.14357153061177905,0.14357153059892708,0.1435715305864432,0.14357153059892708,0.14357153061177905,0.14357153061677536,0.14357153060719918,0.14357153059892708,0.14357153060719918,0.14357153061677536,0.14357153062331118,0.14357153061677536,0.14357153061177905,0.14357153061677536,0.14357153062331118,0.14242936429347275,0.14242936427759637,0.14242936426394284,0.14242936427759637,0.14242936429347275,0.14242936427759637,0.14242936425073122,0.14242936422254465,0.14242936425073122,0.14242936427759637,0.14242936426394284,0.14242936422254465,0.14242936416826452,0.14242936422254465,0.14242936426394284,0.14242936427759637,0.14242936425073122,0.14242936422254465,0.14242936425073122,0.14242936427759637,0.14242936429347275,0.14242936427759637,0.14242936426394284,0.14242936427759637,0.14242936429347275,0.1413096025987798,0.14130960256608321,0.1413096025327483,0.14130960256608321,0.1413096025987798,0.14130960256608321,0.14130960249881308,0.14130960240519636,0.14130960249881308,0.14130960256608321,0.1413096025327483,0.14130960240519636,0.1413096021382965,0.14130960240519636,0.1413096025327483,0.14130960256608321,0.14130960249881308,0.14130960240519636,0.14130960249881308,0.14130960256608321,0.1413096025987798,0.14130960256608321,0.1413096025327483,0.14130960256608321,0.1413096025987798,0.1402117467479516,0.14021174670079528,0.14021174664024688,0.14021174670079528,0.1402117467479516,0.14021174670079528,0.14021174657668778,0.1402117463154894,0.14021174657668778,0.14021174670079528,0.14021174664024688,0.1402117463154894,0.1402117448331746,0.1402117463154894,0.14021174664024688,0.14021174670079528,0.14021174657668778,0.1402117463154894,0.14021174657668778,0.14021174670079528,0.1402117467479516,0.14021174670079528,0.14021174664024688,0.14021174670079528,0.1402117467479516,0.1391353072700634,0.13913530725283316,0.1391353072330126,0.13913530725283316,0.1391353072700634,0.13913530725283316,0.1391353072122419,0.139135307147408,0.1391353072122419,0.13913530725283316,0.1391353072330126,0.139135307147408,0.13913530694004836,0.139135307147408,0.1391353072330126,0.13913530725283316,0.1391353072122419,0.139135307147408,0.1391353072122419,0.13913530725283316,0.1391353072700634,0.13913530725283316,0.1391353072330126,0.13913530725283316,0.1391353072700634,0.13807980402092812,0.1380798040429837,0.1380798040672517,0.1380798040429837,0.13807980402092812,0.1380798040429837,0.13807980409238546,0.13807980416806195,0.13807980409238546,0.1380798040429837,0.1380798040672517,0.13807980416806195,0.1380798044030221,0.13807980416806195,0.1380798040672517,0.1380798040429837,0.13807980409238546,0.13807980416806195,0.13807980409238546,0.1380798040429837,0.13807980402092812,0.1380798040429837,0.1380798040672517,0.1380798040429837,0.13807980402092812,0.1370447663151496,0.13704476636923782,0.13704476643746322,0.13704476636923782,0.1370447663151496,0.13704476636923782,0.13704476650879108,0.1370447667987252,0.13704476650879108,0.13704476636923782,0.13704476643746322,0.1370447667987252,0.13704476843382016,0.1370447667987252,0.13704476643746322,0.13704476636923782,0.13704476650879108,0.1370447667987252,0.13704476650879108,0.13704476636923782,0.1370447663151496,0.13704476636923782,0.13704476643746322,0.13704476636923782,0.1370447663151496,0.1360297329919241,0.1360297330314981,0.13602973307086294,0.1360297330314981,0.1360297329919241,0.1360297330314981,0.1360297331106114,0.13602973321807724,0.1360297331106114,0.1360297330314981,0.13602973307086294,0.13602973321807724,0.13602973351951864,0.13602973321807724,0.13602973307086294,0.1360297330314981,0.1360297331106114,0.13602973321807724,0.1360297331106114,0.1360297330314981,0.1360297329919241,0.1360297330314981,0.13602973307086294,0.1360297330314981,0.1360297329919241,0.13503425250194306,0.13503425252711151,0.13503425254805265,0.13503425252711151,0.13503425250194323,0.13503425252711151,0.13503425256803092,0.13503425260896026,0.13503425256803092,0.13503425252711151,0.13503425254805265,0.13503425260896026,0.13503425268393535,0.13503425260896026,0.13503425254805265,0.13503425252711151,0.13503425256803092,0.13503425260896026,0.1350342525680311,0.13503425252711151,0.13503425250194323,0.13503425252711151,0.13503425254805265,0.13503425252711151,0.13503425250194323
0.16533248780689022,0.16533248780689022,0.16533248780689022,0.16533248780689022,0.16533248780689022,0.16533248780689022,0.16533248780689022,0.16533248780689022,0.16533248780689022,0.16533248780689022,0.16533248780689022,0.16533248780689022,0.16533248780689022,0.16533248780689022,0.16533248780689022,0.16533248780689022,0.16533248780689022,0.16533248780689022,0.16533248780689022,0.16533248780689022,0.16533248780689022,0.16533248780689022,0.16533248780689022,0.16533248780689022,0.16533248780689022,0.16375749408766632,0.16375749408766632,0.16375749408766632,0.16375749408766632,0.16375749408766632,0.16375749408766632,0.16375749408766632,0.16375749408766632,0.16375749408766632,0.16375749408766632,0.16375749408766632,0.16375749408766632,0.16375749408766632,0.16375749408766632,0.16375749408766632,0.16375749408766632,0.16375749408766632,0.16375749408766632,0.16375749408766632,0.16375749408766632,0.16375749408766632,0.16375749408766632,0.16375749408766632,0.16375749408766632,0.16375749408766632,0.16221388430034678,0.16221388430034678,0.16221388430034678,0.16221388430034678,0.16221388430034678,0.16221388430034678,0.16221388430034678,0.16221388430034678,0.16221388430034678,0.16221388430034678,0.16221388430034678,0.16221388430034678,0.16221388430034678,0.16221388430034678,0.16221388430034678,0.16221388430034678,0.16221388430034678,0.16221388430034678,0.16221388430034678,0.16221388430034678,0.16221388430034678,0.16221388430034678,0.16221388430034678,0.16221388430034678,0.16221388430034678,0.16070106740197193,0.16070106740197193,0.16070106740197193,0.16070106740197193,0.16070106740197193,0.16070106740197193,0.16070106740197193,0.16070106740197193,0.16070106740197193,0.16070106740197193,0.16070106740197193,0.16070106740197193,0.16070106740197193,0.16070106740197193,0.16070106740197193,0.16070106740197193,0.16070106740197193,0.16070106740197193,0.16070106740197193,0.16070106740197193,0.16070106740197193,0.16070106740197193,0.16070106740197193,0.16070106740197193,0.16070106740197193,0.1592184517675195,0.1592184517675195,0.1592184517675195,0.1592184517675195,0.1592184517675195,0.1592184517675195,0.1592184517675195,0.1592184517675195,0.1592184517675195,0.1592184517675195,0.1592184517675195,0.1592184517675195,0.1592184517675195,0.1592184517675195,0.1592184517675195,0.1592184517675195,0.1592184517675195,0.1592184517675195,0.1592184517675195,0.1592184517675195,0.1592184517675195,0.1592184517675195,0.1592184517675195,0.1592184517675195,0.1592184517675195,0.15776544654175667,0.15776544654175645,0.15776544654175645,0.15776544654175645,0.15776544654175667,0.15776544654175645,0.15776544654175645,0.15776544654175645,0.15776544654175645,0.15776544654175645,0.15776544654175645,0.15776544654175645,0.15776544654175645,0.15776544654175645,0.15776544654175645,0.15776544654175645,0.15776544654175645,0.15776544654175645,0.15776544654175645,0.15776544654175645,0.15776544654175667,0.15776544654175645,0.15776544654175645,0.15776544654175645,0.15776544654175667,0.15634146285356157,0.15634146285356137,0.15634146285356137,0.15634146285356137,0.15634146285356157,0.15634146285356137,0.15634146285356113,0.15634146285356113,0.15634146285356113,0.15634146285356137,0.15634146285356137,0.15634146285356113,0.15634146285356113,0.15634146285356113,0.15634146285356137,0.15634146285356137,0.15634146285356113,0.15634146285356113,0.15634146285356113,0.15634146285356137,0.15634146285356157,0.15634146285356137,0.15634146285356137,0.15634146285356137,0.15634146285356157,0.15494591490298518,0.15494591490298476,0.15494591490298454,0.15494591490298476,0.15494591490298518,0.15494591490298476,0.15494591490298432,0.15494591490298415,0.15494591490298432,0.15494591490298476,0.15494591490298454,0.15494591490298415,0.15494591490298393,0.15494591490298415,0.15494591490298454,0.15494591490298476,0.15494591490298432,0.15494591490298415,0.15494591490298432,0.15494591490298476,0.15494591490298518,0.15494591490298476,0.15494591490298454,0.15494591490298476,0.15494591490298518,0.15357822093075577,0.15357822093075477,0.15357822093075396,0.15357822093075477,0.15357822093075577,0.15357822093075477,0.15357822093075355,0.15357822093075274,0.15357822093075355,0.15357822093075477,0.15357822093075396,0.15357822093075274,0.15357822093075194,0.15357822093075274,0.15357822093075396,0.15357822093075477,0.15357822093075355,0.15357822093075274,0.15357822093075355,0.15357822093075477,0.15357822093075577,0.15357822093075477,0.15357822093075396,0.15357822093075477,0.15357822093075577,0.15223780407938162,0.15223780407937787,0.1522378040793757,0.15223780407937787,0.15223780407938162,0.15223780407937787,0.15223780407937415,0.1522378040793718,0.15223780407937415,0.15223780407937787,0.1522378040793757,0.1522378040793718,0.1522378040793694,0.1522378040793718,0.1522378040793757,0.15223780407937787,0.15223780407937415,0.1522378040793718,0.15223780407937415,0.15223780407937787,0.15223780407938162,0.15223780407937787,0.1522378040793757,0.15223780407937787,0.15223780407938162,0.15092409315445937,0.15092409315444838,0.15092409315444144,0.15092409315444838,0.15092409315445937,0.15092409315444838,0.1509240931544366,0.15092409315442906,0.1509240931544366,0.15092409315444838,0.15092409315444144,0.15092409315442906,0.15092409315442118,0.15092409315442906,0.15092409315444144,0.15092409315444838,0.1509240931544366,0.15092409315442906,0.1509240931544366,0.15092409315444838,0.15092409315445937,0.15092409315444838,0.15092409315444144,0.15092409315444838,0.15092409315445937,0.1496365232942708,0.14963652329423696,0.1496365232942156,0.14963652329423696,0.1496365232942708,0.14963652329423696,0.14963652329420027,0.14963652329417662,0.14963652329420027,0.14963652329423696,0.1496365232942156,0.14963652329417662,0.14963652329415167,0.14963652329417662,0.1496365232942156,0.14963652329423696,0.14963652329420027,0.14963652329417662,0.14963652329420027,0.14963652329423696,0.1496365232942708,0.14963652329423696,0.1496365232942156,0.14963652329423696,0.1496365232942708,0.14837453655523222,0.14837453655513066,0.1483745365550656,0.14837453655513066,0.14837453655523222,0.14837453655513066,0.14837453655501687,0.1483745365549429,0.14837453655501687,0.14837453655513066,0.1483745365550656,0.1483745365549429,0.14837453655486324,0.1483745365549429,0.1483745365550656,0.14837453655513066,0.14837453655501687,0.1483745365549429,0.14837453655501687,0.14837453655513066,0.14837453655523222,0.14837453655513066,0.1483745365550656,0.14837453655513066,0.14837453655523222,0.14713758242029348,0.1471375824199921,0.14713758241979594,0.1471375824199921,0.14713758242029348,0.1471375824199921,0.14713758241964225,0.14713758241940827,0.14713758241964225,0.1471375824199921,0.14713758241979594,0.14713758241940827,0.14713758241914704,0.14713758241940827,0.14713758241979594,0.1471375824199921,0.14713758241964225,0.14713758241940827,0.14713758241964225,0.1471375824199921,0.14713758242029348,0.1471375824199921,0.14713758241979594,0.1471375824199921,0.14713758242029348,0.14592511823694418,0.14592511823606988,0.1459251182354823,0.14592511823606988,0.14592511823694418,0.14592511823606988,0.14592511823499954,0.14592511823424845,0.14592511823499954,0.14592511823606988,0.1459251182354823,0.14592511823424845,0.14592511823336082,0.14592511823424845,0.1459251182354823,0.14592511823606988,0.14592511823499954,0.14592511823424845,0.14592511823499954,0.14592511823606988,0.14592511823694418,0.14592511823606988,0.1459251182354823,0.14592511823606988,0.14592511823694418,0.14473660959116771,0.1447366095887139,0.14473660958697937,0.1447366095887139,0.14473660959116771,0.1447366095887139,0.14473660958547616,0.1447366095830143,0.14473660958547616,0.1447366095887139,0.14473660958697937,0.1447366095830143,0.1447366095798218,0.1447366095830143,0.14473660958697937,0.1447366095887139,0.14473660958547616,0.1447366095830143,0.14473660958547616,0.1447366095887139,0.14473660959116771,0.1447366095887139,0.14473660958697937,0.1447366095887139,0.14473660959116771,0.1435715306235304,0.14357153061700398,0.14357153061201483,0.14357153061700398,0.1435715306235304,0.14357153061700398,0.1435715306074415,0.14357153059918118,0.1435715306074415,0.14357153061700398,0.14357153061201483,0.14357153059918118,0.14357153058671526,0.14357153059918118,0.14357153061201483,0.14357153061700398,0.1435715306074415,0.14357153059918118,0.1435715306074415,0.14357153061700398,0.1435715306235304,0.14357153061700398,0.14357153061201483,0.14357153061700398,0.1435715306235304,0.14242936429365627,0.14242936427780267,0.14242936426416883,0.14242936427780267,0.14242936429365627,0.14242936427780267,0.14242936425097613,0.14242936422283003,0.14242936425097613,0.14242936427780267,0.14242936426416883,0.14242936422283003,0.14242936416862784,0.14242936422283003,0.14242936426416883,0.14242936427780267,0.14242936425097613,0.14242936422283003,0.14242936425097613,0.14242936427780267,0.14242936429365627,0.14242936427780267,0.14242936426416883,0.14242936427780267,0.14242936429365627,0.1413096025988803,0.14130960256623057,0.1413096025329435,0.14130960256623057,0.1413096025988803,0.14130960256623057,0.14130960249905697,0.1413096024055748,0.14130960249905697,0.14130960256623057,0.1413096025329435,0.1413096024055748,0.14130960213905813,0.1413096024055748,0.1413096025329435,0.14130960256623057,0.14130960249905697,0.1413096024055748,0.14130960249905697,0.14130960256623057,0.1413096025988803,0.14130960256623057,0.1413096025329435,0.14130960256623057,0.1413096025988803,0.1402117467478708,0.14021174670078235,0.14021174664032074,0.14021174670078235,0.1402117467478708,0.14021174670078235,0.14021174657685306,0.14021174631602976,0.14021174657685306,0.14021174670078235,0.14021174664032074,0.14021174631602976,0.14021174483587187,0.14021174631602976,0.14021174664032074,0.14021174670078235,0.14021174657685306,0.14021174631602976,0.14021174657685306,0.14021174670078235,0.1402117467478708,0.14021174670078235,0.14021174664032074,0.14021174670078235,0.1402117467478708,0.13913530726965945,0.13913530725245385,0.1391353072326619,0.13913530725245385,0.13913530726965945,0.13913530725245385,0.13913530721192094,0.13913530714718014,0.13913530721192094,0.13913530725245385,0.1391353072326619,0.13913530714718014,0.1391353069401184,0.13913530714718014,0.1391353072326619,0.13913530725245385,0.13913530721192094,0.13913530714718014,0.13913530721192094,0.13913530725245385,0.13913530726965945,0.13913530725245385,0.1391353072326619,0.13913530725245385,0.13913530726965945,0.1380798040201455,0.13807980404216944,0.13807980406640255,0.13807980404216944,0.1380798040201455,0.13807980404216944,0.13807980409150034,0.138079804167068,0.13807980409150034,0.13807980404216944,0.13807980406640255,0.138079804167068,0.13807980440169074,0.138079804167068,0.13807980406640255,0.13807980404216944,0.13807980409150034,0.138079804167068,0.13807980409150034,0.13807980404216944,0.1380798040201455,0.13807980404216944,0.13807980406640255,0.13807980404216944,0.1380798040201455,0.13704476631404852,0.13704476636805923,0.13704476643618665,0.13704476636805923,0.13704476631404852,0.13704476636805923,0.1370447665074121,0.13704476679692973,0.1370447665074121,0.13704476636805923,0.13704476643618665,0.13704476679692973,0.13704476842969088,0.13704476679692973,0.13704476643618665,0.13704476636805923,0.1370447665074121,0.13704476679692973,0.1370447665074121,0.13704476636805923,0.13704476631404852,0.13704476636805923,0.13704476643618665,0.13704476636805923,0.13704476631404852,0.13602973299066057,0.13602973303017776,0.13602973306948607,0.13602973303017776,0.13602973299066057,0.13602973303017776,0.13602973310917743,0.13602973321648895,0.13602973310917743,0.13602973303017776,0.13602973306948607,0.13602973321648895,0.13602973351749736,0.13602973321648895,0.13602973306948607,0.13602973303017776,0.13602973310917743,0.13602973321648895,0.13602973310917743,0.13602973303017776,0.13602973299066057,0.13602973303017776,0.13602973306948607,0.13602973303017776,0.13602973299066057,0.1350342525006316,0.13503425252576393,0.13503425254667495,0.13503425252576393,0.1350342525006316,0.13503425252576393,0.13503425256662455,0.1350342526074951,0.13503425256662455,0.13503425252576393,0.13503425254667495,0.1350342526074951,0.13503425268236258,0.1350342526074951,0.13503425254667495,0.13503425252576393,0.13503425256662455,0.1350342526074951,0.13503425256662455,0.13503425252576393,0.1350342525006316,0.13503425252576393,0.13503425254667495,0.13503425252576393,0.1350342525006316
0.16533248780721682,0.16533248780721682,0.16533248780721682,0.16533248780721682,0.16533248780721682,0.16533248780721682,0.16533248780721682,0.16533248780721682,0.16533248780721682,0.16533248780721682,0.16533248780721682,0.16533248780721682,0.16533248780721682,0.16533248780721682,0.16533248780721682,0.16533248780721682,0.16533248780721682,0.16533248780721682,0.16533248780721682,0.16533248780721682,0.16533248780721682,0.16533248780721682,0.16533248780721682,0.16533248780721682,0.16533248780721682,0.1637574940879864,0.1637574940879864,0.1637574940879864,0.1637574940879864,0.1637574940879864,0.1637574940879864,0.1637574940879864,0.1637574940879864,0.1637574940879864,0.1637574940879864,0.1637574940879864,0.1637574940879864,0.1637574940879864,0.1637574940879864,0.1637574940879864,0.1637574940879864,0.1637574940879864,0.1637574940879864,0.1637574940879864,0.1637574940879864,0.1637574940879864,0.1637574940879864,0.1637574940879864,0.1637574940879864,0.1637574940879864,0.1622138843006605,0.1622138843006605,0.1622138843006605,0.1622138843006605,0.1622138843006605,0.1622138843006605,0.1622138843006605,0.1622138843006605,0.1622138843006605,0.1622138843006605,0.1622138843006605,0.1622138843006605,0.1622138843006605,0.1622138843006605,0.1622138843006605,0.1622138843006605,0.1622138843006605,0.1622138843006605,0.1622138843006605,0.1622138843006605,0.1622138843006605,0.1622138843006605,0.1622138843006605,0.1622138843006605,0.1622138843006605,0.1607010674022794,0.1607010674022794,0.1607010674022794,0.1607010674022794,0.1607010674022794,0.1607010674022794,0.1607010674022794,0.1607010674022794,0.1607010674022794,0.1607010674022794,0.1607010674022794,0.1607010674022794,0.1607010674022794,0.1607010674022794,0.1607010674022794,0.1607010674022794,0.1607010674022794,0.1607010674022794,0.1607010674022794,0.1607010674022794,0.1607010674022794,0.1607010674022794,0.1607010674022794,0.1607010674022794,0.1607010674022794,0.15921845176782082,0.15921845176782082,0.15921845176782082,0.15921845176782082,0.15921845176782082,0.15921845176782082,0.15921845176782082,0.15921845176782082,0.15921845176782082,0.15921845176782082,0.15921845176782082,0.15921845176782082,0.15921845176782082,0.15921845176782082,0.15921845176782082,0.15921845176782082,0.15921845176782082,0.15921845176782082,0.15921845176782082,0.15921845176782082,0.15921845176782082,0.15921845176782082,0.15921845176782082,0.15921845176782082,0.15921845176782082,0.15776544654205177,0.15776544654205177,0.15776544654205177,0.15776544654205177,0.15776544654205177,0.15776544654205177,0.15776544654205177,0.15776544654205177,0.15776544654205177,0.15776544654205177,0.15776544654205177,0.15776544654205177,0.15776544654205177,0.15776544654205177,0.15776544654205177,0.15776544654205177,0.15776544654205177,0.15776544654205177,0.15776544654205177,0.15776544654205177,0.15776544654205177,0.15776544654205177,0.15776544654205177,0.15776544654205177,0.15776544654205177,0.15634146285385075,0.15634146285385075,0.15634146285385056,0.15634146285385075,0.15634146285385075,0.15634146285385075,0.15634146285385056,0.15634146285385056,0.15634146285385056,0.15634146285385075,0.15634146285385056,0.15634146285385056,0.15634146285385034,0.15634146285385056,0.15634146285385056,0.15634146285385075,0.15634146285385056,0.15634146285385056,0.15634146285385056,0.15634146285385075,0.15634146285385075,0.15634146285385075,0.15634146285385056,0.15634146285385075,0.15634146285385075,0.1549459149032686,0.15494591490326837,0.15494591490326795,0.15494591490326837,0.1549459149032686,0.15494591490326837,0.15494591490326795,0.15494591490326776,0.15494591490326795,0.15494591490326837,0.15494591490326795,0.15494591490326776,0.15494591490326737,0.15494591490326776,0.15494591490326795,0.15494591490326837,0.15494591490326795,0.15494591490326776,0.15494591490326795,0.15494591490326837,0.1549459149032686,0.15494591490326837,0.15494591490326795,0.15494591490326837,0.1549459149032686,0.15357822093103352,0.15357822093103252,0.15357822093103174,0.15357822093103252,0.15357822093103352,0.15357822093103252,0.15357822093103132,0.15357822093103052,0.15357822093103132,0.15357822093103252,0.15357822093103174,0.15357822093103052,0.1535782209310297,0.15357822093103052,0.15357822093103174,0.15357822093103252,0.15357822093103132,0.15357822093103052,0.15357822093103132,0.15357822093103252,0.15357822093103352,0.15357822093103252,0.15357822093103174,0.15357822093103252,0.15357822093103352,0.15223780407965365,0.1522378040796501,0.15223780407964776,0.1522378040796501,0.15223780407965365,0.1522378040796501,0.15223780407964638,0.15223780407964402,0.15223780407964638,0.1522378040796501,0.15223780407964776,0.15223780407964402,0.15223780407964144,0.15223780407964402,0.15223780407964776,0.1522378040796501,0.15223780407964638,0.15223780407964402,0.15223780407964638,0.1522378040796501,0.15223780407965365,0.1522378040796501,0.15223780407964776,0.1522378040796501,0.15223780407965365,0.15092409315472596,0.150924093154715,0.15092409315470806,0.150924093154715,0.15092409315472596,0.150924093154715,0.15092409315470323,0.15092409315469568,0.15092409315470323,0.150924093154715,0.15092409315470806,0.15092409315469568,0.150924093154688,0.15092409315469568,0.15092409315470806,0.150924093154715,0.15092409315470323,0.15092409315469568,0.15092409315470323,0.150924093154715,0.15092409315472596,0.150924093154715,0.15092409315470806,0.150924093154715,0.15092409315472596,0.14963652329453192,0.14963652329449825,0.1496365232944769,0.14963652329449825,0.14963652329453192,0.14963652329449825,0.1496365232944616,0.14963652329443794,0.1496365232944616,0.14963652329449825,0.1496365232944769,0.14963652329443794,0.149636523294413,0.14963652329443794,0.1496365232944769,0.14963652329449825,0.1496365232944616,0.14963652329443794,0.1496365232944616,0.14963652329449825,0.14963652329453192,0.14963652329449825,0.1496365232944769,0.14963652329449825,0.14963652329453192,0.14837453655548816,0.1483745365553866,0.14837453655532173,0.1483745365553866,0.14837453655548816,0.1483745365553866,0.148374536555273,0.14837453655519905,0.148374536555273,0.1483745365553866,0.14837453655532173,0.14837453655519905,0.14837453655511953,0.14837453655519905,0.14837453655532173,0.1483745365553866,0.148374536555273,0.14837453655519905,0.148374536555273,0.1483745365553866,0.14837453655548816,0.1483745365553866,0.14837453655532173,0.1483745365553866,0.14837453655548816,0.14713758242054362,0.14713758242024264,0.14713758242004682,0.14713758242024264,0.14713758242054362,0.14713758242024264,0.1471375824198933,0.14713758241965968,0.1471375824198933,0.14713758242024264,0.14713758242004682,0.14713758241965968,0.14713758241939884,0.14713758241965968,0.14713758242004682,0.14713758242024264,0.1471375824198933,0.14713758241965968,0.1471375824198933,0.14713758242024264,0.14713758242054362,0.14713758242024264,0.14713758242004682,0.14713758242024264,0.14713758242054362,0.14592511823718793,0.1459251182363149,0.145925118235728,0.1459251182363149,0.14592511823718793,0.1459251182363149,0.14592511823524598,0.14592511823449617,0.14592511823524598,0.1459251182363149,0.145925118235728,0.14592511823449617,0.14592511823360957,0.14592511823449617,0.145925118235728,0.1459251182363149,0.14592511823524598,0.14592511823449617,0.14592511823524598,0.1459251182363149,0.14592511823718793,0.1459251182363149,0.145925118235728,0.1459251182363149,0.14592511823718793,0.14473660959140264,0.14473660958895232,0.14473660958722026,0.14473660958895232,0.14473660959140264,0.14473660958895232,0.14473660958571913,0.14473660958326076,0.14473660958571913,0.14473660958895232,0.14473660958722026,0.14473660958326076,0.14473660958007298,0.14473660958326076,0.14473660958722026,0.14473660958895232,0.14473660958571913,0.14473660958326076,0.14473660958571913,0.14473660958895232,0.14473660959140264,0.14473660958895232,0.14473660958722026,0.14473660958895232,0.14473660959140264,0.14357153062374906,0.14357153061723207,0.14357153061224992,0.14357153061723207,0.14357153062374906,0.14357153061723207,0.1435715306076831,0.14357153059943478,0.1435715306076831,0.14357153061723207,0.14357153061224992,0.14357153059943478,0.14357153058698666,0.14357153059943478,0.14357153061224992,0.14357153061723207,0.1435715306076831,0.14357153059943478,0.1435715306076831,0.14357153061723207,0.14357153062374906,0.14357153061723207,0.14357153061224992,0.14357153061723207,0.14357153062374906,0.14242936429383946,0.14242936427800854,0.14242936426439412,0.14242936427800854,0.14242936429383946,0.14242936427800854,0.14242936425122038,0.14242936422311472,0.14242936425122038,0.14242936427800854,0.14242936426439412,0.14242936422311472,0.14242936416899019,0.14242936422311472,0.1424293642643943,0.14242936427800854,0.14242936425122038,0.14242936422311472,0.14242936425122038,0.14242936427800854,0.14242936429383946,0.14242936427800854,0.1424293642643943,0.14242936427800854,0.14242936429383946,0.14130960259898048,0.14130960256637762,0.1413096025331384,0.14130960256637762,0.14130960259898048,0.14130960256637762,0.14130960249930039,0.14130960240595222,0.14130960249930039,0.14130960256637762,0.1413096025331384,0.14130960240595222,0.14130960213981797,0.14130960240595222,0.1413096025331384,0.14130960256637762,0.14130960249930039,0.14130960240595222,0.14130960249930039,0.14130960256637762,0.14130960259898048,0.14130960256637762,0.1413096025331384,0.14130960256637762,0.14130960259898048,0.14021174674779047,0.14021174670076947,0.14021174664039476,0.14021174670076947,0.14021174674779047,0.14021174670076947,0.14021174657701801,0.14021174631656882,0.14021174657701801,0.14021174670076947,0.14021174664039476,0.14021174631656882,0.14021174483852386,0.14021174631656882,0.14021174664039476,0.14021174670076947,0.14021174657701801,0.14021174631656882,0.14021174657701801,0.14021174670076947,0.14021174674779047,0.14021174670076947,0.14021174664039476,0.14021174670076947,0.14021174674779047,0.13913530726925671,0.13913530725207582,0.13913530723231216,0.13913530725207582,0.13913530726925671,0.13913530725207582,0.1391353072116011,0.13913530714695307,0.1391353072116011,0.13913530725207582,0.13913530723231216,0.13913530714695307,0.13913530694018827,0.13913530714695307,0.13913530723231216,0.13913530725207582,0.1391353072116011,0.13913530714695307,0.1391353072116011,0.13913530725207582,0.13913530726925671,0.13913530725207582,0.13913530723231216,0.13913530725207582,0.13913530726925671,0.13807980401936518,0.13807980404135747,0.13807980406555587,0.13807980404135747,0.13807980401936518,0.13807980404135747,0.13807980409061751,0.13807980416607696,0.13807980409061751,0.13807980404135747,0.13807980406555587,0.13807980416607696,0.13807980440036327,0.13807980416607696,0.13807980406555587,0.13807980404135747,0.13807980409061751,0.13807980416607696,0.13807980409061751,0.13807980404135747,0.13807980401936518,0.13807980404135747,0.13807980406555587,0.13807980404135747,0.13807980401936518,0.1370447663129508,0.13704476636688395,0.13704476643491365,0.13704476636688395,0.1370447663129508,0.13704476636688395,0.1370447665060369,0.13704476679513933,0.1370447665060369,0.13704476636688395,0.13704476643491365,0.13704476679513933,0.13704476842556224,0.13704476679513933,0.13704476643491365,0.13704476636688395,0.1370447665060369,0.13704476679513933,0.1370447665060369,0.13704476636688395,0.1370447663129508,0.13704476636688395,0.13704476643491365,0.13704476636688395,0.1370447663129508,0.13602973298940077,0.13602973302886115,0.13602973306811308,0.13602973302886115,0.13602973298940077,0.13602973302886115,0.1360297331077475,0.13602973321490516,0.1360297331077475,0.13602973302886115,0.13602973306811308,0.13602973321490516,0.1360297335154819,0.13602973321490516,0.13602973306811308,0.13602973302886115,0.1360297331077475,0.13602973321490516,0.1360297331077475,0.13602973302886115,0.13602973298940077,0.13602973302886115,0.13602973306811308,0.13602973302886115,0.13602973298940077,0.1350342524993238,0.13503425252442,0.13503425254530102,0.13503425252442,0.1350342524993238,0.13503425252442,0.1350342525652221,0.13503425260603405,0.1350342525652221,0.13503425252442,0.13503425254530102,0.13503425260603405,0.13503425268079414,0.13503425260603405,0.13503425254530102,0.13503425252442,0.1350342525652221,0.13503425260603405,0.1350342525652221,0.13503425252442,0.1350342524993238,0.13503425252442,0.13503425254530102,0.13503425252442,0.1350342524993238
0.16533248780754248,0.16533248780754248,0.16533248780754248,0.16533248780754248,0.16533248780754248,0.16533248780754248,0.16533248780754248,0.16533248780754248,0.16533248780754248,0.16533248780754248,0.16533248780754248,0.16533248780754248,0.16533248780754248,0.16533248780754248,0.16533248780754248,0.16533248780754248,0.16533248780754248,0.16533248780754248,0.16533248780754248,0.16533248780754248,0.16533248780754248,0.16533248780754248,0.16533248780754248,0.16533248780754248,0.16533248780754248,0.1637574940883056,0.1637574940883056,0.1637574940883056,0.1637574940883056,0.1637574940883056,0.1637574940883056,0.1637574940883056,0.1637574940883056,0.1637574940883056,0.1637574940883056,0.1637574940883056,0.1637574940883056,0.1637574940883056,0.1637574940883056,0.1637574940883056,0.1637574940883056,0.1637574940883056,0.1637574940883056,0.1637574940883056,0.1637574940883056,0.1637574940883056,0.1637574940883056,0.1637574940883056,0.1637574940883056,0.1637574940883056,0.16221388430097333,0.16221388430097333,0.16221388430097333,0.16221388430097333,0.16221388430097333,0.16221388430097333,0.16221388430097333,0.16221388430097333,0.16221388430097333,0.16221388430097333,0.16221388430097333,0.16221388430097333,0.16221388430097333,0.16221388430097333,0.16221388430097333,0.16221388430097333,0.16221388430097333,0.16221388430097333,0.16221388430097333,0.16221388430097333,0.16221388430097333,0.16221388430097333,0.16221388430097333,0.16221388430097333,0.16221388430097333,0.16070106740258597,0.16070106740258597,0.16070106740258597,0.16070106740258597,0.16070106740258597,0.16070106740258597,0.16070106740258597,0.16070106740258597,0.16070106740258597,0.16070106740258597,0.16070106740258597,0.16070106740258597,0.16070106740258597,0.16070106740258597,0.16070106740258597,0.16070106740258597,0.16070106740258597,0.16070106740258597,0.16070106740258597,0.16070106740258597,0.16070106740258597,0.16070106740258597,0.16070106740258597,0.16070106740258597,0.16070106740258597,0.15921845176812127,0.15921845176812127,0.15921845176812127,0.15921845176812127,0.15921845176812127,0.15921845176812127,0.15921845176812127,0.15921845176812127,0.15921845176812127,0.15921845176812127,0.15921845176812127,0.15921845176812127,0.15921845176812127,0.15921845176812127,0.15921845176812127,0.15921845176812127,0.15921845176812127,0.15921845176812127,0.15921845176812127,0.15921845176812127,0.15921845176812127,0.15921845176812127,0.15921845176812127,0.15921845176812127,0.15921845176812127,0.1577654465423462,0.1577654465423462,0.1577654465423462,0.1577654465423462,0.1577654465423462,0.1577654465423462,0.1577654465423462,0.1577654465423462,0.1577654465423462,0.1577654465423462,0.1577654465423462,0.1577654465423462,0.1577654465423462,0.1577654465423462,0.1577654465423462,0.1577654465423462,0.1577654465423462,0.1577654465423462,0.1577654465423462,0.1577654465423462,0.1577654465423462,0.1577654465423462,0.1577654465423462,0.1577654465423462,0.1577654465423462,0.15634146285413933,0.15634146285413913,0.15634146285413913,0.15634146285413913,0.15634146285413933,0.15634146285413913,0.15634146285413913,0.15634146285413889,0.15634146285413913,0.15634146285413913,0.15634146285413913,0.15634146285413889,0.15634146285413889,0.15634146285413889,0.15634146285413913,0.15634146285413913,0.15634146285413913,0.15634146285413889,0.15634146285413913,0.15634146285413913,0.15634146285413933,0.15634146285413913,0.15634146285413913,0.15634146285413913,0.15634146285413933,0.1549459149035514,0.15494591490355097,0.15494591490355075,0.15494591490355097,0.1549459149035514,0.15494591490355097,0.15494591490355056,0.15494591490355036,0.15494591490355056,0.15494591490355097,0.15494591490355075,0.15494591490355036,0.15494591490355017,0.15494591490355036,0.15494591490355075,0.15494591490355097,0.15494591490355056,0.15494591490355036,0.15494591490355056,0.15494591490355097,0.1549459149035514,0.15494591490355097,0.15494591490355075,0.15494591490355097,0.1549459149035514,0.1535782209313105,0.1535782209313095,0.15357822093130868,0.1535782209313095,0.1535782209313105,0.1535782209313095,0.1535782209313083,0.1535782209313075,0.1535782209313083,0.1535782209313095,0.15357822093130868,0.1535782209313075,0.15357822093130669,0.1535782209313075,0.15357822093130868,0.1535782209313095,0.1535782209313083,0.1535782209313075,0.1535782209313083,0.1535782209313095,0.1535782209313105,0.1535782209313095,0.15357822093130868,0.1535782209313095,0.1535782209313105,0.1522378040799251,0.15223780407992155,0.1522378040799192,0.15223780407992155,0.1522378040799251,0.15223780407992155,0.1522378040799178,0.15223780407991544,0.1522378040799178,0.15223780407992155,0.1522378040799192,0.15223780407991544,0.1522378040799129,0.15223780407991544,0.1522378040799192,0.15223780407992155,0.1522378040799178,0.15223780407991544,0.1522378040799178,0.15223780407992155,0.1522378040799251,0.15223780407992155,0.1522378040799192,0.15223780407992155,0.1522378040799251,0.15092409315499203,0.15092409315498084,0.15092409315497388,0.15092409315498084,0.15092409315499203,0.15092409315498084,0.15092409315496907,0.15092409315496175,0.15092409315496907,0.15092409315498084,0.15092409315497388,0.15092409315496175,0.15092409315495384,0.15092409315496175,0.15092409315497388,0.15092409315498084,0.15092409315496907,0.15092409315496175,0.15092409315496907,0.15092409315498084,0.15092409315499203,0.15092409315498084,0.15092409315497388,0.15092409315498084,0.15092409315499203,0.14963652329479246,0.14963652329475882,0.14963652329473742,0.14963652329475882,0.14963652329479246,0.14963652329475882,0.14963652329472213,0.1496365232946985,0.14963652329472213,0.14963652329475882,0.14963652329473742,0.1496365232946985,0.14963652329467372,0.1496365232946985,0.14963652329473742,0.14963652329475882,0.14963652329472213,0.1496365232946985,0.14963652329472213,0.14963652329475882,0.14963652329479246,0.14963652329475882,0.14963652329473742,0.14963652329475882,0.14963652329479246,0.14837453655574318,0.14837453655564178,0.14837453655557692,0.14837453655564178,0.14837453655574318,0.14837453655564178,0.14837453655552837,0.1483745365554546,0.14837453655552837,0.14837453655564178,0.14837453655557692,0.1483745365554546,0.1483745365553751,0.1483745365554546,0.14837453655557692,0.14837453655564178,0.14837453655552837,0.1483745365554546,0.14837453655552837,0.14837453655564178,0.14837453655574318,0.14837453655564178,0.14837453655557692,0.14837453655564178,0.14837453655574318,0.14713758242079303,0.14713758242049257,0.14713758242029695,0.14713758242049257,0.14713758242079303,0.14713758242049257,0.1471375824201436,0.14713758241991037,0.1471375824201436,0.14713758242049257,0.14713758242029695,0.14713758241991037,0.1471375824196499,0.14713758241991037,0.14713758242029695,0.14713758242049257,0.1471375824201436,0.14713758241991037,0.1471375824201436,0.14713758242049257,0.14713758242079303,0.14713758242049257,0.14713758242029695,0.14713758242049257,0.14713758242079303,0.14592511823743098,0.1459251182365592,0.14592511823597318,0.1459251182365592,0.14592511823743098,0.1459251182365592,0.1459251182354919,0.14592511823474297,0.1459251182354919,0.1459251182365592,0.14592511823597318,0.14592511823474297,0.1459251182338578,0.14592511823474297,0.14592511823597318,0.1459251182365592,0.1459251182354919,0.14592511823474297,0.1459251182354919,0.1459251182365592,0.14592511823743098,0.1459251182365592,0.14592511823597318,0.1459251182365592,0.14592511823743098,0.14473660959163673,0.14473660958918988,0.14473660958746043,0.14473660958918988,0.14473660959163673,0.14473660958918988,0.1447366095859614,0.1447366095835067,0.1447366095859614,0.14473660958918988,0.14473660958746043,0.1447366095835067,0.14473660958032328,0.1447366095835067,0.14473660958746043,0.14473660958918988,0.1447366095859614,0.1447366095835067,0.1447366095859614,0.14473660958918988,0.14473660959163673,0.14473660958918988,0.14473660958746043,0.14473660958918988,0.14473660959163673,0.14357153062396708,0.1435715306174593,0.1435715306124845,0.1435715306174593,0.14357153062396708,0.1435715306174593,0.14357153060792419,0.1435715305996877,0.14357153060792419,0.1435715306174593,0.1435715306124845,0.1435715305996877,0.14357153058725736,0.1435715305996877,0.1435715306124845,0.1435715306174593,0.14357153060792419,0.1435715305996877,0.14357153060792419,0.1435715306174593,0.14357153062396708,0.1435715306174593,0.1435715306124845,0.1435715306174593,0.14357153062396708,0.14242936429402195,0.14242936427821384,0.14242936426461889,0.14242936427821384,0.14242936429402195,0.14242936427821384,0.14242936425146413,0.14242936422339852,0.14242936425146413,0.14242936427821384,0.14242936426461889,0.14242936422339852,0.1424293641693517,0.14242936422339852,0.14242936426461889,0.14242936427821384,0.14242936425146413,0.14242936422339852,0.14242936425146413,0.14242936427821384,0.14242936429402195,0.14242936427821384,0.14242936426461889,0.14242936427821384,0.14242936429402195,0.14130960259908046,0.1413096025665243,0.14130960253333263,0.1413096025665243,0.14130960259908046,0.1413096025665243,0.14130960249954314,0.1413096024063287,0.14130960249954314,0.1413096025665243,0.14130960253333263,0.1413096024063287,0.14130960214057567,0.1413096024063287,0.14130960253333263,0.1413096025665243,0.14130960249954314,0.1413096024063287,0.14130960249954314,0.1413096025665243,0.14130960259908046,0.1413096025665243,0.14130960253333263,0.1413096025665243,0.14130960259908046,0.14021174674771034,0.14021174670075673,0.14021174664046845,0.14021174670075673,0.14021174674771034,0.14021174670075673,0.14021174657718236,0.14021174631710628,0.14021174657718236,0.14021174670075673,0.14021174664046845,0.14021174631710628,0.14021174484117338,0.14021174631710628,0.14021174664046845,0.14021174670075673,0.14021174657718236,0.14021174631710628,0.14021174657718236,0.14021174670075673,0.14021174674771034,0.14021174670075673,0.14021174664046845,0.14021174670075673,0.14021174674771034,0.13913530726885495,0.13913530725169873,0.13913530723196335,0.13913530725169873,0.13913530726885495,0.13913530725169873,0.139135307211282,0.1391353071467265,0.139135307211282,0.13913530725169873,0.13913530723196335,0.1391353071467265,0.139135306940258,0.1391353071467265,0.13913530723196335,0.13913530725169873,0.139135307211282,0.1391353071467265,0.139135307211282,0.13913530725169873,0.13913530726885495,0.13913530725169873,0.13913530723196335,0.13913530725169873,0.13913530726885495,0.13807980401858685,0.1380798040405477,0.13807980406471135,0.1380798040405477,0.13807980401858685,0.1380798040405477,0.13807980408973738,0.13807980416508858,0.13807980408973738,0.1380798040405477,0.13807980406471135,0.13807980416508858,0.13807980439903922,0.13807980416508858,0.13807980406471135,0.1380798040405477,0.13807980408973738,0.13807980416508858,0.13807980408973738,0.1380798040405477,0.13807980401858685,0.1380798040405477,0.13807980406471135,0.1380798040405477,0.13807980401858685,0.13704476631185594,0.1370447663657119,0.1370447664336441,0.1370447663657119,0.13704476631185594,0.1370447663657119,0.13704476650466552,0.13704476679335378,0.13704476650466552,0.1370447663657119,0.1370447664336441,0.13704476679335378,0.13704476842143434,0.13704476679335378,0.1370447664336441,0.1370447663657119,0.13704476650466552,0.13704476679335378,0.13704476650466552,0.1370447663657119,0.13704476631185594,0.1370447663657119,0.1370447664336441,0.1370447663657119,0.13704476631185594,0.13602973298814425,0.13602973302754812,0.13602973306674385,0.13602973302754812,0.13602973298814425,0.13602973302754812,0.1360297331063216,0.13602973321332565,0.1360297331063216,0.13602973302754812,0.13602973306674385,0.13602973321332565,0.1360297335134718,0.13602973321332565,0.13602973306674385,0.13602973302754812,0.1360297331063216,0.13602973321332565,0.1360297331063216,0.13602973302754812,0.13602973298814425,0.13602973302754812,0.13602973306674385,0.13602973302754812,0.13602973298814425,0.13503425249801965,0.13503425252307988,0.1350342525439309,0.13503425252307988,0.13503425249801965,0.13503425252307988,0.1350342525638235,0.1350342526045769,0.1350342525638235,0.13503425252307988,0.1350342525439309,0.1350342526045769,0.13503425267922983,0.1350342526045769,0.1350342525439309,0.13503425252307988,0.1350342525638235,0.1350342526045769,0.1350342525638235,0.13503425252307988,0.13503425249801965,0.13503425252307988,0.1350342525439309,0.13503425252307988,0.13503425249801965
0.16533248780786722,0.16533248780786722,0.16533248780786722,0.16533248780786722,0.16533248780786722,0.16533248780786722,0.16533248780786722,0.16533248780786722,0.16533248780786722,0.16533248780786722,0.16533248780786722,0.16533248780786722,0.16533248780786722,0.16533248780786722,0.16533248780786722,0.16533248780786722,0.16533248780786722,0.16533248780786722,0.16533248780786722,0.16533248780786722,0.16533248780786722,0.16533248780786722,0.16533248780786722,0.16533248780786722,0.16533248780786722,0.16375749408862383,0.16375749408862383,0.16375749408862383,0.16375749408862383,0.16375749408862383,0.16375749408862383,0.16375749408862383,0.16375749408862383,0.16375749408862383,0.16375749408862383,0.16375749408862383,0.16375749408862383,0.16375749408862383,0.16375749408862383,0.16375749408862383,0.16375749408862383,0.16375749408862383,0.16375749408862383,0.16375749408862383,0.16375749408862383,0.16375749408862383,0.16375749408862383,0.16375749408862383,0.16375749408862383,0.16375749408862383,0.16221388430128525,0.16221388430128525,0.16221388430128525,0.16221388430128525,0.16221388430128525,0.16221388430128525,0.16221388430128525,0.16221388430128525,0.16221388430128525,0.16221388430128525,0.16221388430128525,0.16221388430128525,0.16221388430128525,0.16221388430128525,0.16221388430128525,0.16221388430128525,0.16221388430128525,0.16221388430128525,0.16221388430128525,0.16221388430128525,0.16221388430128525,0.16221388430128525,0.16221388430128525,0.16221388430128525,0.16221388430128525,0.16070106740289164,0.16070106740289164,0.16070106740289164,0.16070106740289164,0.16070106740289164,0.16070106740289164,0.16070106740289164,0.16070106740289164,0.16070106740289164,0.16070106740289164,0.16070106740289164,0.16070106740289164,0.16070106740289164,0.16070106740289164,0.16070106740289164,0.16070106740289164,0.16070106740289164,0.16070106740289164,0.16070106740289164,0.16070106740289164,0.16070106740289164,0.16070106740289164,0.16070106740289164,0.16070106740289164,0.16070106740289164,0.15921845176842087,0.15921845176842087,0.15921845176842087,0.15921845176842087,0.15921845176842087,0.15921845176842087,0.15921845176842087,0.15921845176842087,0.15921845176842087,0.15921845176842087,0.15921845176842087,0.15921845176842087,0.15921845176842087,0.15921845176842087,0.15921845176842087,0.15921845176842087,0.15921845176842087,0.15921845176842087,0.15921845176842087,0.15921845176842087,0.15921845176842087,0.15921845176842087,0.15921845176842087,0.15921845176842087,0.15921845176842087,0.15776544654263983,0.1577654465426396,0.1577654465426396,0.1577654465426396,0.15776544654263983,0.1577654465426396,0.1577654465426396,0.1577654465426396,0.1577654465426396,0.1577654465426396,0.1577654465426396,0.1577654465426396,0.1577654465426396,0.1577654465426396,0.1577654465426396,0.1577654465426396,0.1577654465426396,0.1577654465426396,0.1577654465426396,0.1577654465426396,0.15776544654263983,0.1577654465426396,0.1577654465426396,0.1577654465426396,0.15776544654263983,0.15634146285442685,0.15634146285442685,0.15634146285442665,0.15634146285442685,0.15634146285442685,0.15634146285442685,0.15634146285442665,0.15634146285442665,0.15634146285442665,0.15634146285442685,0.15634146285442665,0.15634146285442665,0.15634146285442643,0.15634146285442665,0.15634146285442665,0.15634146285442685,0.15634146285442665,0.15634146285442665,0.15634146285442665,0.15634146285442685,0.15634146285442685,0.15634146285442685,0.15634146285442665,0.15634146285442685,0.15634146285442685,0.15494591490383317,0.15494591490383275,0.15494591490383255,0.15494591490383275,0.15494591490383317,0.15494591490383275,0.15494591490383236,0.15494591490383214,0.15494591490383236,0.15494591490383275,0.15494591490383255,0.15494591490383214,0.15494591490383194,0.15494591490383214,0.15494591490383255,0.15494591490383275,0.15494591490383236,0.15494591490383214,0.15494591490383236,0.15494591490383275,0.15494591490383317,0.15494591490383275,0.15494591490383255,0.15494591490383275,0.15494591490383317,0.15357822093158685,0.15357822093158566,0.15357822093158485,0.15357822093158566,0.15357822093158685,0.15357822093158566,0.15357822093158446,0.15357822093158363,0.15357822093158446,0.15357822093158566,0.15357822093158485,0.15357822093158363,0.15357822093158285,0.15357822093158363,0.15357822093158485,0.15357822093158566,0.15357822093158446,0.15357822093158363,0.15357822093158446,0.15357822093158566,0.15357822093158685,0.15357822093158566,0.15357822093158485,0.15357822093158566,0.15357822093158685,0.15223780408019574,0.152237804080192,0.15223780408018983,0.152237804080192,0.15223780408019574,0.152237804080192,0.15223780408018825,0.1522378040801861,0.15223780408018825,0.152237804080192,0.15223780408018983,0.1522378040801861,0.15223780408018353,0.1522378040801861,0.15223780408018983,0.152237804080192,0.15223780408018825,0.1522378040801861,0.15223780408018825,0.152237804080192,0.15223780408019574,0.152237804080192,0.15223780408018983,0.152237804080192,0.15223780408019574,0.1509240931552571,0.1509240931552461,0.15092409315523916,0.1509240931552461,0.1509240931552571,0.1509240931552461,0.15092409315523433,0.15092409315522698,0.15092409315523433,0.1509240931552461,0.15092409315523916,0.15092409315522698,0.1509240931552191,0.15092409315522698,0.15092409315523916,0.1509240931552461,0.15092409315523433,0.15092409315522698,0.15092409315523433,0.1509240931552461,0.1509240931552571,0.1509240931552461,0.15092409315523916,0.1509240931552461,0.1509240931552571,0.14963652329505228,0.14963652329501861,0.14963652329499727,0.14963652329501861,0.14963652329505228,0.14963652329501861,0.14963652329498212,0.1496365232949585,0.14963652329498212,0.14963652329501861,0.14963652329499727,0.1496365232949585,0.14963652329493374,0.1496365232949585,0.14963652329499727,0.14963652329501861,0.14963652329498212,0.1496365232949585,0.14963652329498212,0.14963652329501861,0.14963652329505228,0.14963652329501861,0.14963652329499727,0.14963652329501861,0.14963652329505228,0.14837453655599744,0.14837453655589625,0.14837453655583158,0.14837453655589625,0.14837453655599744,0.14837453655589625,0.148374536555783,0.14837453655570942,0.148374536555783,0.14837453655589625,0.14837453655583158,0.14837453655570942,0.14837453655562993,0.14837453655570942,0.14837453655583158,0.14837453655589625,0.148374536555783,0.14837453655570942,0.148374536555783,0.14837453655589625,0.14837453655599744,0.14837453655589625,0.14837453655583158,0.14837453655589625,0.14837453655599744,0.1471375824210419,0.14713758242074182,0.14713758242054653,0.14713758242074182,0.1471375824210419,0.14713758242074182,0.1471375824203934,0.1471375824201605,0.1471375824203934,0.14713758242074182,0.14713758242054653,0.1471375824201605,0.14713758241990038,0.1471375824201605,0.14713758242054653,0.14713758242074182,0.1471375824203934,0.1471375824201605,0.1471375824203934,0.14713758242074182,0.1471375824210419,0.14713758242074182,0.14713758242054653,0.14713758242074182,0.1471375824210419,0.14592511823767335,0.1459251182368028,0.14592511823621768,0.1459251182368028,0.14592511823767335,0.1459251182368028,0.1459251182357371,0.14592511823498922,0.1459251182357371,0.1459251182368028,0.14592511823621768,0.14592511823498922,0.1459251182341053,0.14592511823498922,0.14592511823621768,0.1459251182368028,0.1459251182357371,0.14592511823498922,0.1459251182357371,0.1459251182368028,0.14592511823767335,0.1459251182368028,0.14592511823621768,0.1459251182368028,0.14592511823767335,0.14473660959187026,0.14473660958942708,0.14473660958769993,0.14473660958942708,0.14473660959187026,0.14473660958942708,0.14473660958620296,0.14473660958375179,0.14473660958620296,0.14473660958942708,0.14473660958769993,0.14473660958375179,0.14473660958057305,0.14473660958375179,0.14473660958769993,0.14473660958942708,0.14473660958620296,0.14473660958375179,0.14473660958620296,0.14473660958942708,0.14473660959187026,0.14473660958942708,0.14473660958769993,0.14473660958942708,0.14473660959187026,0.14357153062418454,0.1435715306176862,0.14357153061271843,0.1435715306176862,0.14357153062418454,0.1435715306176862,0.1435715306081646,0.1435715305999399,0.1435715306081646,0.1435715306176862,0.14357153061271843,0.1435715305999399,0.14357153058752736,0.1435715305999399,0.14357153061271843,0.1435715306176862,0.1435715306081646,0.1435715305999399,0.1435715306081646,0.1435715306176862,0.14357153062418454,0.1435715306176862,0.14357153061271843,0.1435715306176862,0.14357153062418454,0.14242936429420414,0.1424293642784185,0.14242936426484318,0.1424293642784185,0.14242936429420414,0.1424293642784185,0.14242936425170702,0.14242936422368185,0.14242936425170702,0.1424293642784185,0.14242936426484318,0.14242936422368185,0.1424293641697122,0.14242936422368185,0.14242936426484318,0.1424293642784185,0.14242936425170702,0.14242936422368185,0.14242936425170702,0.1424293642784185,0.14242936429420414,0.1424293642784185,0.14242936426484318,0.1424293642784185,0.14242936429420414,0.14130960259918013,0.14130960256667052,0.14130960253352637,0.14130960256667052,0.14130960259918013,0.14130960256667052,0.14130960249978525,0.14130960240670418,0.14130960249978525,0.14130960256667052,0.14130960253352637,0.14130960240670418,0.14130960214133123,0.14130960240670418,0.14130960253352637,0.14130960256667052,0.14130960249978525,0.14130960240670418,0.14130960249978525,0.14130960256667052,0.14130960259918013,0.14130960256667052,0.14130960253352637,0.14130960256667052,0.14130960259918013,0.1402117467476305,0.140211746700744,0.140211746640542,0.140211746700744,0.1402117467476305,0.140211746700744,0.1402117465773465,0.14021174631764247,0.1402117465773465,0.140211746700744,0.140211746640542,0.14021174631764247,0.14021174484381924,0.14021174631764247,0.140211746640542,0.140211746700744,0.1402117465773465,0.14021174631764247,0.1402117465773465,0.140211746700744,0.1402117467476305,0.140211746700744,0.140211746640542,0.140211746700744,0.1402117467476305,0.13913530726845447,0.13913530725132275,0.13913530723161568,0.13913530725132275,0.13913530726845447,0.13913530725132275,0.13913530721096373,0.13913530714650074,0.13913530721096373,0.13913530725132275,0.13913530723161568,0.13913530714650074,0.13913530694032755,0.13913530714650074,0.13913530723161568,0.13913530725132275,0.13913530721096373,0.13913530714650074,0.13913530721096373,0.13913530725132275,0.13913530726845447,0.13913530725132275,0.13913530723161568,0.13913530725132275,0.13913530726845447,0.1380798040178107,0.13807980403974027,0.13807980406386933,0.13807980403974027,0.1380798040178107,0.13807980403974027,0.13807980408885936,0.13807980416410282,0.13807980408885936,0.13807980403974027,0.13807980406386933,0.13807980416410282,0.13807980439771889,0.13807980416410282,0.13807980406386933,0.13807980403974027,0.13807980408885936,0.13807980416410282,0.13807980408885936,0.13807980403974027,0.1380798040178107,0.13807980403974027,0.13807980406386933,0.13807980403974027,0.1380798040178107,0.13704476631076418,0.137044766364543,0.13704476643237806,0.137044766364543,0.13704476631076418,0.137044766364543,0.13704476650329792,0.13704476679157324,0.13704476650329792,0.137044766364543,0.13704476643237806,0.13704476679157324,0.13704476841734373,0.13704476679157324,0.13704476643237806,0.137044766364543,0.13704476650329792,0.13704476679157324,0.13704476650329792,0.137044766364543,0.13704476631076418,0.137044766364543,0.13704476643237806,0.137044766364543,0.13704476631076418,0.13602973298689117,0.13602973302623883,0.13602973306537833,0.13602973302623883,0.13602973298689117,0.13602973302623883,0.1360297331048994,0.13602973321175052,0.1360297331048994,0.13602973302623883,0.13602973306537833,0.13602973321175052,0.1360297335114672,0.13602973321175052,0.13602973306537833,0.13602973302623883,0.1360297331048994,0.13602973321175052,0.1360297331048994,0.13602973302623883,0.13602973298689117,0.13602973302623883,0.13602973306537833,0.13602973302623883,0.13602973298689117,0.13503425249671885,0.13503425252174325,0.1350342525425646,0.13503425252174325,0.13503425249671885,0.13503425252174325,0.13503425256242865,0.13503425260312374,0.13503425256242865,0.13503425252174325,0.1350342525425646,0.13503425260312374,0.1350342526776699,0.13503425260312374,0.1350342525425646,0.13503425252174325,0.13503425256242865,0.13503425260312374,0.13503425256242865,0.13503425252174325,0.13503425249671885,0.13503425252174325,0.1350342525425646,0.13503425252174325,0.13503425249671885
0.165332487808191,0.165332487808191,0.165332487808191,0.165332487808191,0.165332487808191,0.165332487808191,0.165332487808191,0.165332487808191,0.165332487808191,0.165332487808191,0.165332487808191,0.165332487808191,0.165332487808191,0.165332487808191,0.165332487808191,0.165332487808191,0.165332487808191,0.165332487808191,0.165332487808191,0.165332487808191,0.165332487808191,0.165332487808191,0.165332487808191,0.165332487808191,0.165332487808191,0.1637574940889414,0.1637574940889414,0.1637574940889414,0.1637574940889414,0.1637574940889414,0.1637574940889414,0.1637574940889414,0.1637574940889414,0.1637574940889414,0.1637574940889414,0.1637574940889414,0.1637574940889414,0.1637574940889414,0.1637574940889414,0.1637574940889414,0.1637574940889414,0.1637574940889414,0.1637574940889414,0.1637574940889414,0.1637574940889414,0.1637574940889414,0.1637574940889414,0.1637574940889414,0.1637574940889414,0.1637574940889414,0.16221388430159644,0.16221388430159644,0.16221388430159644,0.16221388430159644,0.16221388430159644,0.16221388430159644,0.16221388430159644,0.16221388430159644,0.16221388430159644,0.16221388430159644,0.16221388430159644,0.16221388430159644,0.16221388430159644,0.16221388430159644,0.16221388430159644,0.16221388430159644,0.16221388430159644,0.16221388430159644,0.16221388430159644,0.16221388430159644,0.16221388430159644,0.16221388430159644,0.16221388430159644,0.16221388430159644,0.16221388430159644,0.16070106740319645,0.16070106740319645,0.16070106740319645,0.16070106740319645,0.16070106740319645,0.16070106740319645,0.16070106740319645,0.16070106740319645,0.16070106740319645,0.16070106740319645,0.16070106740319645,0.16070106740319645,0.16070106740319645,0.16070106740319645,0.16070106740319645,0.16070106740319645,0.16070106740319645,0.16070106740319645,0.16070106740319645,0.16070106740319645,0.16070106740319645,0.16070106740319645,0.16070106740319645,0.16070106740319645,0.16070106740319645,0.15921845176871954,0.15921845176871954,0.15921845176871954,0.15921845176871954,0.15921845176871954,0.15921845176871954,0.15921845176871954,0.15921845176871954,0.15921845176871954,0.15921845176871954,0.15921845176871954,0.15921845176871954,0.15921845176871954,0.15921845176871954,0.15921845176871954,0.15921845176871954,0.15921845176871954,0.15921845176871954,0.15921845176871954,0.15921845176871954,0.15921845176871954,0.15921845176871954,0.15921845176871954,0.15921845176871954,0.15921845176871954,0.15776544654293254,0.15776544654293254,0.15776544654293254,0.15776544654293254,0.15776544654293254,0.15776544654293254,0.15776544654293254,0.15776544654293234,0.15776544654293254,0.15776544654293254,0.15776544654293254,0.15776544654293234,0.15776544654293234,0.15776544654293234,0.15776544654293254,0.15776544654293254,0.15776544654293254,0.15776544654293234,0.15776544654293254,0.15776544654293254,0.15776544654293254,0.15776544654293254,0.15776544654293254,0.15776544654293254,0.15776544654293254,0.15634146285471376,0.15634146285471376,0.15634146285471354,0.15634146285471376,0.15634146285471376,0.15634146285471376,0.15634146285471354,0.15634146285471354,0.15634146285471354,0.15634146285471376,0.15634146285471354,0.15634146285471354,0.15634146285471334,0.15634146285471354,0.15634146285471354,0.15634146285471376,0.15634146285471354,0.15634146285471354,0.15634146285471354,0.15634146285471376,0.15634146285471376,0.15634146285471376,0.15634146285471354,0.15634146285471376,0.15634146285471376,0.15494591490411433,0.15494591490411394,0.15494591490411372,0.15494591490411394,0.15494591490411433,0.15494591490411394,0.15494591490411352,0.1549459149041133,0.15494591490411352,0.15494591490411394,0.15494591490411372,0.1549459149041133,0.1549459149041131,0.1549459149041133,0.15494591490411372,0.15494591490411394,0.15494591490411352,0.1549459149041133,0.15494591490411352,0.15494591490411394,0.15494591490411433,0.15494591490411394,0.15494591490411372,0.15494591490411394,0.15494591490411433,0.1535782209318622,0.15357822093186102,0.1535782209318604,0.15357822093186102,0.1535782209318622,0.15357822093186102,0.1535782209318598,0.1535782209318592,0.1535782209318598,0.15357822093186102,0.1535782209318604,0.1535782209318592,0.15357822093185838,0.1535782209318592,0.1535782209318604,0.15357822093186102,0.1535782209318598,0.1535782209318592,0.1535782209318598,0.15357822093186102,0.1535782209318622,0.15357822093186102,0.1535782209318604,0.15357822093186102,0.1535782209318622,0.1522378040804656,0.15223780408046209,0.15223780408045973,0.15223780408046209,0.1522378040804656,0.15223780408046209,0.1522378040804583,0.15223780408045595,0.1522378040804583,0.15223780408046209,0.15223780408045973,0.15223780408045595,0.1522378040804534,0.15223780408045595,0.15223780408045973,0.15223780408046209,0.1522378040804583,0.15223780408045595,0.1522378040804583,0.15223780408046209,0.1522378040804656,0.15223780408046209,0.15223780408045973,0.15223780408046209,0.1522378040804656,0.1509240931555216,0.15092409315551059,0.15092409315550365,0.15092409315551059,0.1509240931555216,0.15092409315551059,0.15092409315549882,0.1509240931554915,0.15092409315549882,0.15092409315551059,0.15092409315550365,0.1509240931554915,0.1509240931554836,0.1509240931554915,0.15092409315550365,0.15092409315551059,0.15092409315549882,0.1509240931554915,0.15092409315549882,0.15092409315551059,0.1509240931555216,0.15092409315551059,0.15092409315550365,0.15092409315551059,0.1509240931555216,0.14963652329531132,0.14963652329527766,0.1496365232952565,0.14963652329527766,0.14963652329531132,0.14963652329527766,0.14963652329524116,0.14963652329521773,0.14963652329524116,0.14963652329527766,0.1496365232952565,0.14963652329521773,0.14963652329519295,0.14963652329521773,0.1496365232952565,0.14963652329527766,0.14963652329524116,0.14963652329521773,0.14963652329524116,0.14963652329527766,0.14963652329531132,0.14963652329527766,0.1496365232952565,0.14963652329527766,0.14963652329531132,0.14837453655625116,0.14837453655615016,0.14837453655608546,0.14837453655615016,0.14837453655625116,0.14837453655615016,0.1483745365560369,0.14837453655596353,0.1483745365560369,0.14837453655615016,0.14837453655608546,0.14837453655596353,0.14837453655588423,0.14837453655596353,0.14837453655608546,0.14837453655615016,0.1483745365560369,0.14837453655596353,0.1483745365560369,0.14837453655615016,0.14837453655625116,0.14837453655615016,0.14837453655608546,0.14837453655615016,0.14837453655625116,0.14713758242129005,0.14713758242099031,0.14713758242079522,0.14713758242099031,0.14713758242128988,0.14713758242099031,0.14713758242064245,0.14713758242040995,0.14713758242064245,0.14713758242099031,0.14713758242079522,0.14713758242040995,0.14713758242015015,0.14713758242040995,0.14713758242079522,0.14713758242099031,0.14713758242064245,0.14713758242040995,0.14713758242064245,0.14713758242099031,0.14713758242128988,0.14713758242099031,0.14713758242079522,0.14713758242099031,0.14713758242129005,0.14592511823791518,0.14592511823704585,0.14592511823646162,0.14592511823704585,0.14592511823791518,0.14592511823704585,0.14592511823598156,0.14592511823523477,0.14592511823598156,0.14592511823704585,0.14592511823646162,0.14592511823523477,0.14592511823435228,0.14592511823523477,0.14592511823646162,0.14592511823704585,0.14592511823598156,0.14592511823523477,0.14592511823598156,0.14592511823704585,0.14592511823791518,0.14592511823704585,0.14592511823646162,0.14592511823704585,0.14592511823791518,0.1447366095921033,0.14473660958966345,0.1447366095879387,0.14473660958966345,0.1447366095921033,0.14473660958966345,0.14473660958644402,0.1447366095839963,0.14473660958644402,0.14473660958966345,0.1447366095879387,0.1447366095839963,0.14473660958082216,0.1447366095839963,0.1447366095879387,0.14473660958966345,0.14473660958644402,0.1447366095839963,0.14473660958644402,0.14473660958966345,0.1447366095921033,0.14473660958966345,0.1447366095879387,0.14473660958966345,0.1447366095921033,0.1435715306244015,0.14357153061791242,0.14357153061295166,0.14357153061791242,0.1435715306244015,0.14357153061791242,0.14357153060840452,0.14357153060019145,0.14357153060840452,0.14357153061791242,0.14357153061295166,0.14357153060019145,0.1435715305877967,0.14357153060019145,0.14357153061295166,0.14357153061791242,0.14357153060840452,0.14357153060019145,0.14357153060840452,0.14357153061791242,0.1435715306244015,0.14357153061791242,0.14357153061295166,0.14357153061791242,0.1435715306244015,0.1424293642943858,0.14242936427862266,0.1424293642650668,0.14242936427862266,0.1424293642943858,0.14242936427862266,0.14242936425194944,0.1424293642239642,0.14242936425194944,0.14242936427862266,0.1424293642650668,0.1424293642239642,0.14242936417007168,0.1424293642239642,0.1424293642650668,0.14242936427862266,0.14242936425194944,0.1424293642239642,0.14242936425194944,0.14242936427862266,0.1424293642943858,0.14242936427862266,0.1424293642650668,0.14242936427862266,0.1424293642943858,0.14130960259927963,0.14130960256681638,0.14130960253371963,0.14130960256681638,0.14130960259927963,0.14130960256681638,0.14130960250002667,0.14130960240707865,0.14130960250002667,0.14130960256681638,0.14130960253371963,0.14130960240707865,0.14130960214208496,0.14130960240707865,0.14130960253371963,0.14130960256681638,0.14130960250002667,0.14130960240707865,0.14130960250002667,0.14130960256681638,0.14130960259927963,0.14130960256681638,0.14130960253371963,0.14130960256681638,0.14130960259927963,0.1402117467475507,0.14021174670073125,0.1402117466406152,0.14021174670073125,0.1402117467475507,0.14021174670073125,0.14021174657751004,0.14021174631817718,0.14021174657751004,0.14021174670073125,0.1402117466406152,0.14021174631817718,0.1402117448464786,0.14021174631817718,0.1402117466406152,0.14021174670073125,0.14021174657751004,0.14021174631817718,0.14021174657751004,0.14021174670073125,0.1402117467475507,0.14021174670073125,0.1402117466406152,0.14021174670073125,0.1402117467475507,0.13913530726805506,0.1391353072509477,0.13913530723126877,0.1391353072509477,0.13913530726805506,0.1391353072509477,0.1391353072106464,0.13913530714627542,0.1391353072106464,0.1391353072509477,0.13913530723126877,0.13913530714627542,0.13913530694039683,0.13913530714627542,0.13913530723126877,0.1391353072509477,0.1391353072106464,0.13913530714627542,0.1391353072106464,0.1391353072509477,0.13913530726805506,0.1391353072509477,0.13913530723126877,0.1391353072509477,0.13913530726805506,0.13807980401703676,0.13807980403893494,0.13807980406302964,0.13807980403893494,0.13807980401703676,0.13807980403893494,0.13807980408798387,0.13807980416311985,0.13807980408798387,0.13807980403893494,0.13807980406302964,0.13807980416311985,0.1380798043964021,0.13807980416311985,0.13807980406302964,0.13807980403893494,0.13807980408798387,0.13807980416311985,0.13807980408798387,0.13807980403893494,0.13807980401703676,0.13807980403893494,0.13807980406302964,0.13807980403893494,0.13807980401703676,0.13704476630967524,0.13704476636337715,0.1370447664311154,0.13704476636337715,0.13704476630967524,0.13704476636337715,0.13704476650193395,0.1370447667897974,0.13704476650193395,0.13704476636337715,0.1370447664311154,0.1370447667897974,0.1370447684132207,0.1370447667897974,0.1370447664311154,0.13704476636337715,0.13704476650193395,0.1370447667897974,0.13704476650193395,0.13704476636337715,0.13704476630967524,0.13704476636337715,0.1370447664311154,0.13704476636337715,0.13704476630967524,0.1360297329856415,0.13602973302493296,0.13602973306401656,0.13602973302493296,0.1360297329856415,0.13602973302493296,0.1360297331034811,0.13602973321017953,0.1360297331034811,0.13602973302493296,0.13602973306401656,0.13602973321017953,0.13602973350946798,0.13602973321017953,0.13602973306401656,0.13602973302493296,0.1360297331034811,0.13602973321017953,0.1360297331034811,0.13602973302493296,0.1360297329856415,0.13602973302493296,0.13602973306401656,0.13602973302493296,0.1360297329856415,0.1350342524954217,0.13503425252041043,0.1350342525412019,0.13503425252041043,0.1350342524954217,0.13503425252041043,0.13503425256103763,0.1350342526016745,0.13503425256103763,0.13503425252041043,0.1350342525412019,0.1350342526016745,0.1350342526761142,0.1350342526016745,0.1350342525412019,0.13503425252041043,0.13503425256103763,0.1350342526016745,0.13503425256103763,0.13503425252041043,0.1350342524954217,0.13503425252041043,0.1350342525412019,0.13503425252041043,0.1350342524954217
0.16533248780851428,0.16533248780851428,0.16533248780851428,0.16533248780851428,0.16533248780851428,0.16533248780851428,0.16533248780851428,0.16533248780851428,0.16533248780851428,0.16533248780851428,0.16533248780851428,0.16533248780851428,0.16533248780851428,0.16533248780851428,0.16533248780851428,0.16533248780851428,0.16533248780851428,0.16533248780851428,0.16533248780851428,0.16533248780851428,0.16533248780851428,0.16533248780851428,0.16533248780851428,0.16533248780851428,0.16533248780851428,0.16375749408925805,0.16375749408925805,0.16375749408925805,0.16375749408925805,0.16375749408925805,0.16375749408925805,0.16375749408925805,0.16375749408925805,0.16375749408925805,0.16375749408925805,0.16375749408925805,0.16375749408925805,0.16375749408925805,0.16375749408925805,0.16375749408925805,0.16375749408925805,0.16375749408925805,0.16375749408925805,0.16375749408925805,0.16375749408925805,0.16375749408925805,0.16375749408925805,0.16375749408925805,0.16375749408925805,0.16375749408925805,0.16221388430190678,0.16221388430190678,0.16221388430190678,0.16221388430190678,0.16221388430190678,0.16221388430190678,0.16221388430190678,0.16221388430190678,0.16221388430190678,0.16221388430190678,0.16221388430190678,0.16221388430190678,0.16221388430190678,0.16221388430190678,0.16221388430190678,0.16221388430190678,0.16221388430190678,0.16221388430190678,0.16221388430190678,0.16221388430190678,0.16221388430190678,0.16221388430190678,0.16221388430190678,0.16221388430190678,0.16221388430190678,0.16070106740350057,0.16070106740350057,0.16070106740350057,0.16070106740350057,0.16070106740350057,0.16070106740350057,0.16070106740350057,0.16070106740350057,0.16070106740350057,0.16070106740350057,0.16070106740350057,0.16070106740350057,0.16070106740350057,0.16070106740350057,0.16070106740350057,0.16070106740350057,0.16070106740350057,0.16070106740350057,0.16070106740350057,0.16070106740350057,0.16070106740350057,0.16070106740350057,0.16070106740350057,0.16070106740350057,0.16070106740350057,0.1592184517690176,0.1592184517690176,0.1592184517690176,0.1592184517690176,0.1592184517690176,0.1592184517690176,0.1592184517690176,0.1592184517690176,0.1592184517690176,0.1592184517690176,0.1592184517690176,0.1592184517690176,0.1592184517690176,0.1592184517690176,0.1592184517690176,0.1592184517690176,0.1592184517690176,0.1592184517690176,0.1592184517690176,0.1592184517690176,0.1592184517690176,0.1592184517690176,0.1592184517690176,0.1592184517690176,0.1592184517690176,0.15776544654322444,0.15776544654322444,0.15776544654322444,0.15776544654322444,0.15776544654322444,0.15776544654322444,0.15776544654322444,0.15776544654322444,0.15776544654322444,0.15776544654322444,0.15776544654322444,0.15776544654322444,0.15776544654322444,0.15776544654322444,0.15776544654322444,0.15776544654322444,0.15776544654322444,0.15776544654322444,0.15776544654322444,0.15776544654322444,0.15776544654322444,0.15776544654322444,0.15776544654322444,0.15776544654322444,0.15776544654322444,0.156341462855,0.1563414628549998,0.1563414628549998,0.1563414628549998,0.156341462855,0.1563414628549998,0.15634146285499959,0.15634146285499959,0.15634146285499959,0.1563414628549998,0.1563414628549998,0.15634146285499959,0.15634146285499959,0.15634146285499959,0.1563414628549998,0.1563414628549998,0.15634146285499959,0.15634146285499959,0.15634146285499959,0.1563414628549998,0.156341462855,0.1563414628549998,0.1563414628549998,0.1563414628549998,0.156341462855,0.15494591490439466,0.15494591490439427,0.15494591490439408,0.15494591490439427,0.15494591490439466,0.15494591490439427,0.15494591490439386,0.15494591490439366,0.15494591490439386,0.15494591490439427,0.15494591490439408,0.15494591490439366,0.15494591490439344,0.15494591490439366,0.15494591490439408,0.15494591490439427,0.15494591490439386,0.15494591490439366,0.15494591490439386,0.15494591490439427,0.15494591490439466,0.15494591490439427,0.15494591490439408,0.15494591490439427,0.15494591490439466,0.15357822093213697,0.15357822093213574,0.15357822093213497,0.15357822093213574,0.15357822093213697,0.15357822093213574,0.15357822093213455,0.15357822093213375,0.15357822093213455,0.15357822093213574,0.15357822093213497,0.15357822093213375,0.15357822093213314,0.15357822093213375,0.15357822093213497,0.15357822093213574,0.15357822093213455,0.15357822093213375,0.15357822093213455,0.15357822093213574,0.15357822093213697,0.15357822093213574,0.15357822093213497,0.15357822093213574,0.15357822093213697,0.1522378040807347,0.15223780408073118,0.15223780408072898,0.15223780408073118,0.1522378040807347,0.15223780408073118,0.1522378040807274,0.15223780408072504,0.1522378040807274,0.15223780408073118,0.15223780408072898,0.15223780408072504,0.15223780408072268,0.15223780408072504,0.15223780408072898,0.15223780408073118,0.1522378040807274,0.15223780408072504,0.1522378040807274,0.15223780408073118,0.1522378040807347,0.15223780408073118,0.15223780408072898,0.15223780408073118,0.1522378040807347,0.1509240931557853,0.15092409315577432,0.15092409315576738,0.15092409315577432,0.1509240931557853,0.15092409315577432,0.15092409315576255,0.15092409315575522,0.15092409315576255,0.15092409315577432,0.15092409315576738,0.15092409315575522,0.1509240931557473,0.15092409315575522,0.15092409315576738,0.15092409315577432,0.15092409315576255,0.15092409315575522,0.15092409315576255,0.15092409315577432,0.1509240931557853,0.15092409315577432,0.15092409315576738,0.15092409315577432,0.1509240931557853,0.14963652329556962,0.14963652329553614,0.14963652329551497,0.14963652329553614,0.14963652329556962,0.14963652329553614,0.14963652329549965,0.1496365232954762,0.14963652329549965,0.14963652329553614,0.14963652329551497,0.1496365232954762,0.1496365232954514,0.1496365232954762,0.14963652329551497,0.14963652329553614,0.14963652329549965,0.1496365232954762,0.14963652329549965,0.14963652329553614,0.14963652329556962,0.14963652329553614,0.14963652329551497,0.14963652329553614,0.14963652329556962,0.14837453655650415,0.14837453655640315,0.1483745365563388,0.14837453655640315,0.14837453655650415,0.14837453655640315,0.14837453655629027,0.14837453655621688,0.14837453655629027,0.14837453655640315,0.1483745365563388,0.14837453655621688,0.14837453655613755,0.14837453655621688,0.1483745365563388,0.14837453655640315,0.14837453655629027,0.14837453655621688,0.14837453655629027,0.14837453655640315,0.14837453655650415,0.14837453655640315,0.1483745365563388,0.14837453655640315,0.14837453655650415,0.1471375824215373,0.14713758242123812,0.14713758242104336,0.14713758242123812,0.1471375824215373,0.14713758242123812,0.14713758242089078,0.1471375824206586,0.14713758242089078,0.14713758242123812,0.14713758242104336,0.1471375824206586,0.1471375824203992,0.1471375824206586,0.14713758242104336,0.14713758242123812,0.14713758242089078,0.1471375824206586,0.14713758242089078,0.14713758242123812,0.1471375824215373,0.14713758242123812,0.14713758242104336,0.14713758242123812,0.1471375824215373,0.14592511823815627,0.14592511823728802,0.1459251182367047,0.14592511823728802,0.14592511823815627,0.14592511823728802,0.14592511823622534,0.1459251182354798,0.14592511823622534,0.14592511823728802,0.1459251182367047,0.1459251182354798,0.14592511823459836,0.1459251182354798,0.1459251182367047,0.14592511823728802,0.14592511823622534,0.1459251182354798,0.14592511823622534,0.14592511823728802,0.14592511823815627,0.14592511823728802,0.1459251182367047,0.14592511823728802,0.14592511823815627,0.14473660959233545,0.14473660958989906,0.14473660958817697,0.14473660958989906,0.14473660959233545,0.14473660958989906,0.14473660958668438,0.14473660958424017,0.14473660958668438,0.14473660958989906,0.14473660958817697,0.14473660958424017,0.1447366095810705,0.14473660958424017,0.14473660958817697,0.14473660958989906,0.14473660958668438,0.14473660958424017,0.14473660958668438,0.14473660958989906,0.14473660959233545,0.14473660958989906,0.14473660958817697,0.14473660958989906,0.14473660959233545,0.14357153062461764,0.14357153061813793,0.14357153061318423,0.14357153061813793,0.14357153062461764,0.14357153061813793,0.14357153060864355,0.14357153060044228,0.14357153060864355,0.14357153061813793,0.14357153061318423,0.14357153060044228,0.14357153058806518,0.14357153060044228,0.14357153061318423,0.14357153061813793,0.14357153060864355,0.14357153060044228,0.14357153060864355,0.14357153061813793,0.14357153062461764,0.14357153061813793,0.14357153061318423,0.14357153061813793,0.14357153062461764,0.14242936429456682,0.14242936427882633,0.14242936426528974,0.14242936427882633,0.14242936429456682,0.14242936427882633,0.14242936425219113,0.14242936422424568,0.14242936425219113,0.14242936427882633,0.14242936426528974,0.14242936422424568,0.14242936417043017,0.14242936422424568,0.14242936426528974,0.14242936427882633,0.14242936425219113,0.14242936422424568,0.14242936425219113,0.14242936427882633,0.14242936429456682,0.14242936427882633,0.14242936426528974,0.14242936427882633,0.14242936429456682,0.14130960259937866,0.14130960256696196,0.1413096025339124,0.14130960256696196,0.14130960259937883,0.14130960256696196,0.14130960250026744,0.141309602407452,0.14130960250026744,0.14130960256696196,0.1413096025339124,0.141309602407452,0.14130960214283642,0.141309602407452,0.1413096025339124,0.14130960256696196,0.14130960250026744,0.141309602407452,0.14130960250026744,0.14130960256696196,0.14130960259937883,0.14130960256696196,0.1413096025339124,0.14130960256696196,0.14130960259937866,0.1402117467474712,0.1402117467007185,0.14021174664068825,0.1402117467007185,0.1402117467474712,0.1402117467007185,0.1402117465776732,0.14021174631871028,0.1402117465776732,0.1402117467007185,0.14021174664068825,0.14021174631871028,0.14021174484910187,0.14021174631871028,0.14021174664068825,0.1402117467007185,0.1402117465776732,0.14021174631871028,0.1402117465776732,0.1402117467007185,0.1402117467474712,0.1402117467007185,0.14021174664068825,0.1402117467007185,0.1402117467474712,0.13913530726765666,0.13913530725057377,0.13913530723092282,0.13913530725057377,0.13913530726765666,0.13913530725057377,0.13913530721032988,0.13913530714605074,0.13913530721032988,0.13913530725057377,0.13913530723092282,0.13913530714605074,0.1391353069404659,0.13913530714605074,0.13913530723092282,0.13913530725057377,0.13913530721032988,0.13913530714605074,0.13913530721032988,0.13913530725057377,0.13913530726765666,0.13913530725057377,0.13913530723092282,0.13913530725057377,0.13913530726765666,0.1380798040162648,0.1380798040381317,0.13807980406219195,0.1380798040381317,0.1380798040162648,0.1380798040381317,0.13807980408711082,0.13807980416213936,0.13807980408711082,0.1380798040381317,0.13807980406219195,0.13807980416213936,0.13807980439508877,0.13807980416213936,0.13807980406219195,0.1380798040381317,0.13807980408711082,0.13807980416213936,0.13807980408711082,0.1380798040381317,0.1380798040162648,0.1380798040381317,0.13807980406219195,0.1380798040381317,0.1380798040162648,0.13704476630858922,0.13704476636221466,0.1370447664298562,0.13704476636221466,0.13704476630858922,0.13704476636221466,0.13704476650057365,0.1370447667880263,0.13704476650057365,0.13704476636221466,0.1370447664298562,0.1370447667880263,0.13704476840915286,0.1370447667880263,0.1370447664298562,0.13704476636221466,0.13704476650057365,0.1370447667880263,0.13704476650057365,0.13704476636221466,0.13704476630858922,0.13704476636221466,0.1370447664298562,0.13704476636221466,0.13704476630858922,0.13602973298439514,0.1360297330236305,0.13602973306265836,0.1360297330236305,0.13602973298439514,0.1360297330236305,0.1360297331020667,0.13602973320861286,0.1360297331020667,0.1360297330236305,0.13602973306265836,0.13602973320861286,0.1360297335074743,0.13602973320861286,0.13602973306265836,0.1360297330236305,0.1360297331020667,0.13602973320861286,0.1360297331020667,0.1360297330236305,0.13602973298439514,0.1360297330236305,0.13602973306265836,0.1360297330236305,0.13602973298439514,0.13503425249412807,0.1350342525190811,0.13503425253984294,0.1350342525190811,0.13503425249412807,0.1350342525190811,0.1350342525596503,0.13503425260022925,0.1350342525596503,0.1350342525190811,0.13503425253984294,0.13503425260022925,0.13503425267456276,0.13503425260022925,0.13503425253984294,0.1350342525190811,0.1350342525596503,0.13503425260022925,0.1350342525596503,0.1350342525190811,0.13503425249412807,0.1350342525190811,0.13503425253984294,0.1350342525190811,0.13503425249412807
0.16533248780883641,0.16533248780883641,0.16533248780883641,0.16533248780883641,0.16533248780883641,0.16533248780883641,0.16533248780883641,0.16533248780883641,0.16533248780883641,0.16533248780883641,0.16533248780883641,0.16533248780883641,0.16533248780883641,0.16533248780883641,0.16533248780883641,0.16533248780883641,0.16533248780883641,0.16533248780883641,0.16533248780883641,0.16533248780883641,0.16533248780883641,0.16533248780883641,0.16533248780883641,0.16533248780883641,0.16533248780883641,0.16375749408957374,0.16375749408957374,0.16375749408957374,0.16375749408957374,0.16375749408957374,0.16375749408957374,0.16375749408957374,0.16375749408957374,0.16375749408957374,0.16375749408957374,0.16375749408957374,0.16375749408957374,0.16375749408957374,0.16375749408957374,0.16375749408957374,0.16375749408957374,0.16375749408957374,0.16375749408957374,0.16375749408957374,0.16375749408957374,0.16375749408957374,0.16375749408957374,0.16375749408957374,0.16375749408957374,0.16375749408957374,0.16221388430221617,0.16221388430221617,0.16221388430221617,0.16221388430221617,0.16221388430221617,0.16221388430221617,0.16221388430221617,0.16221388430221617,0.16221388430221617,0.16221388430221617,0.16221388430221617,0.16221388430221617,0.16221388430221617,0.16221388430221617,0.16221388430221617,0.16221388430221617,0.16221388430221617,0.16221388430221617,0.16221388430221617,0.16221388430221617,0.16221388430221617,0.16221388430221617,0.16221388430221617,0.16221388430221617,0.16221388430221617,0.16070106740380383,0.16070106740380383,0.16070106740380383,0.16070106740380383,0.16070106740380383,0.16070106740380383,0.16070106740380383,0.16070106740380383,0.16070106740380383,0.16070106740380383,0.16070106740380383,0.16070106740380383,0.16070106740380383,0.16070106740380383,0.16070106740380383,0.16070106740380383,0.16070106740380383,0.16070106740380383,0.16070106740380383,0.16070106740380383,0.16070106740380383,0.16070106740380383,0.16070106740380383,0.16070106740380383,0.16070106740380383,0.1592184517693148,0.1592184517693148,0.1592184517693148,0.1592184517693148,0.1592184517693148,0.1592184517693148,0.1592184517693148,0.1592184517693148,0.1592184517693148,0.1592184517693148,0.1592184517693148,0.1592184517693148,0.1592184517693148,0.1592184517693148,0.1592184517693148,0.1592184517693148,0.1592184517693148,0.1592184517693148,0.1592184517693148,0.1592184517693148,0.1592184517693148,0.1592184517693148,0.1592184517693148,0.1592184517693148,0.1592184517693148,0.15776544654351568,0.15776544654351568,0.15776544654351568,0.15776544654351568,0.15776544654351568,0.15776544654351568,0.15776544654351568,0.15776544654351568,0.15776544654351568,0.15776544654351568,0.15776544654351568,0.15776544654351568,0.15776544654351568,0.15776544654351568,0.15776544654351568,0.15776544654351568,0.15776544654351568,0.15776544654351568,0.15776544654351568,0.15776544654351568,0.15776544654351568,0.15776544654351568,0.15776544654351568,0.15776544654351568,0.15776544654351568,0.15634146285528525,0.15634146285528525,0.15634146285528502,0.15634146285528525,0.15634146285528525,0.15634146285528525,0.15634146285528502,0.15634146285528502,0.15634146285528502,0.15634146285528525,0.15634146285528502,0.15634146285528502,0.15634146285528502,0.15634146285528502,0.15634146285528502,0.15634146285528525,0.15634146285528502,0.15634146285528502,0.15634146285528502,0.15634146285528525,0.15634146285528525,0.15634146285528525,0.15634146285528502,0.15634146285528525,0.15634146285528525,0.15494591490467421,0.154945914904674,0.1549459149046736,0.154945914904674,0.15494591490467421,0.154945914904674,0.1549459149046736,0.15494591490467338,0.1549459149046736,0.154945914904674,0.1549459149046736,0.15494591490467338,0.15494591490467297,0.15494591490467338,0.1549459149046736,0.154945914904674,0.1549459149046736,0.15494591490467338,0.1549459149046736,0.154945914904674,0.15494591490467421,0.154945914904674,0.1549459149046736,0.154945914904674,0.15494591490467421,0.1535782209324109,0.15357822093240972,0.1535782209324091,0.15357822093240972,0.1535782209324109,0.15357822093240972,0.1535782209324085,0.1535782209324079,0.1535782209324085,0.15357822093240972,0.1535782209324091,0.1535782209324079,0.1535782209324071,0.1535782209324079,0.1535782209324091,0.15357822093240972,0.1535782209324085,0.1535782209324079,0.1535782209324085,0.15357822093240972,0.1535782209324109,0.15357822093240972,0.1535782209324091,0.15357822093240972,0.1535782209324109,0.15223780408100318,0.15223780408099963,0.1522378040809975,0.15223780408099963,0.15223780408100318,0.15223780408099963,0.15223780408099588,0.15223780408099352,0.15223780408099588,0.15223780408099963,0.1522378040809975,0.15223780408099352,0.1522378040809912,0.15223780408099352,0.1522378040809975,0.15223780408099963,0.15223780408099588,0.15223780408099352,0.15223780408099588,0.15223780408099963,0.15223780408100318,0.15223780408099963,0.1522378040809975,0.15223780408099963,0.15223780408100318,0.15092409315604827,0.15092409315603725,0.1509240931560303,0.15092409315603725,0.15092409315604827,0.15092409315603725,0.1509240931560257,0.15092409315601815,0.1509240931560257,0.15092409315603725,0.1509240931560303,0.15092409315601815,0.15092409315601046,0.15092409315601815,0.1509240931560303,0.15092409315603725,0.1509240931560257,0.15092409315601815,0.1509240931560257,0.15092409315603725,0.15092409315604827,0.15092409315603725,0.1509240931560303,0.15092409315603725,0.15092409315604827,0.14963652329582733,0.14963652329579386,0.14963652329577268,0.14963652329579386,0.14963652329582733,0.14963652329579386,0.14963652329575738,0.14963652329573393,0.14963652329575738,0.14963652329579386,0.14963652329577268,0.14963652329573393,0.14963652329570915,0.14963652329573393,0.14963652329577268,0.14963652329579386,0.14963652329575738,0.14963652329573393,0.14963652329575738,0.14963652329579386,0.14963652329582733,0.14963652329579386,0.14963652329577268,0.14963652329579386,0.14963652329582733,0.14837453655675656,0.14837453655665575,0.14837453655659122,0.14837453655665575,0.14837453655675656,0.14837453655665575,0.14837453655654287,0.14837453655646948,0.14837453655654287,0.14837453655665575,0.14837453655659122,0.14837453655646948,0.14837453655639052,0.14837453655646948,0.14837453655659122,0.14837453655665575,0.14837453655654287,0.14837453655646948,0.14837453655654287,0.14837453655665575,0.14837453655675656,0.14837453655665575,0.14837453655659122,0.14837453655665575,0.14837453655675656,0.14713758242178418,0.14713758242148534,0.1471375824212908,0.14713758242148534,0.14713758242178418,0.14713758242148534,0.14713758242113836,0.14713758242090658,0.14713758242113836,0.14713758242148534,0.1471375824212908,0.14713758242090658,0.14713758242064753,0.14713758242090658,0.1471375824212908,0.14713758242148534,0.14713758242113836,0.14713758242090658,0.14713758242113836,0.14713758242148534,0.14713758242178418,0.14713758242148534,0.1471375824212908,0.14713758242148534,0.14713758242178418,0.14592511823839666,0.14592511823752982,0.1459251182369472,0.14592511823752982,0.14592511823839666,0.14592511823752982,0.14592511823646856,0.1459251182357239,0.14592511823646856,0.14592511823752982,0.1459251182369472,0.1459251182357239,0.14592511823484391,0.1459251182357239,0.1459251182369472,0.14592511823752982,0.14592511823646856,0.1459251182357239,0.14592511823646856,0.14592511823752982,0.14592511823839666,0.14592511823752982,0.1459251182369472,0.14592511823752982,0.14592511823839666,0.14473660959256707,0.14473660959013418,0.14473660958841453,0.14473660959013418,0.14473660959256707,0.14473660959013418,0.14473660958692403,0.1447366095844833,0.14473660958692403,0.14473660959013418,0.14473660958841453,0.1447366095844833,0.1447366095813182,0.1447366095844833,0.14473660958841453,0.14473660959013418,0.14473660958692403,0.1447366095844833,0.14473660958692403,0.14473660959013418,0.14473660959256707,0.14473660959013418,0.14473660958841453,0.14473660959013418,0.14473660959256707,0.1435715306248334,0.14357153061836278,0.14357153061341624,0.14357153061836278,0.1435715306248334,0.14357153061836278,0.14357153060888192,0.14357153060069244,0.14357153060888192,0.14357153061836278,0.14357153061341624,0.14357153060069244,0.14357153058833297,0.14357153060069244,0.14357153061341624,0.14357153061836278,0.14357153060888192,0.14357153060069244,0.14357153060888192,0.14357153061836278,0.1435715306248334,0.14357153061836278,0.14357153061341624,0.14357153061836278,0.1435715306248334,0.1424293642947475,0.14242936427902927,0.142429364265512,0.14242936427902927,0.1424293642947475,0.14242936427902927,0.14242936425243205,0.1424293642245265,0.14242936425243205,0.14242936427902927,0.142429364265512,0.1424293642245265,0.14242936417078764,0.1424293642245265,0.142429364265512,0.14242936427902927,0.14242936425243205,0.1424293642245265,0.14242936425243205,0.14242936427902927,0.1424293642947475,0.14242936427902927,0.142429364265512,0.14242936427902927,0.1424293642947475,0.14130960259947767,0.14130960256710698,0.14130960253410446,0.14130960256710698,0.14130960259947767,0.14130960256710698,0.14130960250050756,0.14130960240782436,0.14130960250050756,0.14130960256710698,0.14130960253410446,0.14130960240782436,0.14130960214358587,0.14130960240782436,0.14130960253410446,0.14130960256710698,0.14130960250050756,0.14130960240782436,0.14130960250050756,0.14130960256710698,0.14130960259947767,0.14130960256710698,0.14130960253410446,0.14130960256710698,0.14130960259947767,0.14021174674739184,0.14021174670070594,0.14021174664076114,0.14021174670070594,0.14021174674739184,0.14021174670070594,0.14021174657783592,0.14021174631924194,0.14021174657783592,0.14021174670070594,0.14021174664076114,0.14021174631924194,0.1402117448517237,0.14021174631924194,0.14021174664076114,0.14021174670070594,0.14021174657783592,0.14021174631924194,0.14021174657783592,0.14021174670070594,0.14021174674739184,0.14021174670070594,0.14021174664076114,0.14021174670070594,0.14021174674739184,0.1391353072672593,0.13913530725020076,0.13913530723057782,0.13913530725020076,0.1391353072672593,0.13913530725020076,0.13913530721001427,0.1391353071458267,0.13913530721001427,0.13913530725020076,0.13913530723057782,0.1391353071458267,0.13913530694053486,0.1391353071458267,0.13913530723057782,0.13913530725020076,0.13913530721001427,0.1391353071458267,0.13913530721001427,0.13913530725020076,0.1391353072672593,0.13913530725020076,0.13913530723057782,0.13913530725020076,0.1391353072672593,0.13807980401549502,0.13807980403733075,0.13807980406135673,0.13807980403733075,0.13807980401549502,0.13807980403733075,0.13807980408623996,0.13807980416116167,0.13807980408623996,0.13807980403733075,0.13807980406135673,0.13807980416116167,0.13807980439377912,0.13807980416116167,0.13807980406135673,0.13807980403733075,0.13807980408623996,0.13807980416116167,0.13807980408623996,0.13807980403733075,0.13807980401549502,0.13807980403733075,0.13807980406135673,0.13807980403733075,0.13807980401549502,0.13704476630750623,0.1370447663610552,0.13704476642860033,0.1370447663610552,0.13704476630750623,0.1370447663610552,0.137044766499217,0.13704476678626007,0.137044766499217,0.1370447663610552,0.13704476642860033,0.13704476678626007,0.13704476840507332,0.13704476678626007,0.13704476642860033,0.1370447663610552,0.137044766499217,0.13704476678626007,0.137044766499217,0.1370447663610552,0.13704476630750623,0.1370447663610552,0.13704476642860033,0.1370447663610552,0.13704476630750623,0.13602973298315219,0.13602973302233165,0.13602973306130386,0.13602973302233165,0.13602973298315219,0.13602973302233165,0.13602973310065603,0.1360297332070504,0.13602973310065603,0.13602973302233165,0.13602973306130386,0.1360297332070504,0.13602973350548597,0.1360297332070504,0.13602973306130386,0.13602973302233165,0.13602973310065603,0.1360297332070504,0.13602973310065603,0.13602973302233165,0.13602973298315219,0.13602973302233165,0.13602973306130386,0.13602973302233165,0.13602973298315219,0.13503425249283796,0.1350342525177553,0.13503425253848758,0.1350342525177553,0.13503425249283796,0.1350342525177553,0.1350342525582667,0.13503425259878787,0.1350342525582667,0.1350342525177553,0.13503425253848758,0.13503425259878787,0.13503425267301541,0.13503425259878787,0.13503425253848758,0.1350342525177553,0.1350342525582667,0.13503425259878787,0.1350342525582667,0.1350342525177553,0.13503425249283796,0.1350342525177553,0.13503425253848758,0.1350342525177553,0.13503425249283796
0.16533248780915782,0.16533248780915782,0.16533248780915782,0.16533248780915782,0.16533248780915782,0.16533248780915782,0.16533248780915782,0.16533248780915782,0.16533248780915782,0.16533248780915782,0.16533248780915782,0.16533248780915782,0.16533248780915782,0.16533248780915782,0.16533248780915782,0.16533248780915782,0.16533248780915782,0.16533248780915782,0.16533248780915782,0.16533248780915782,0.16533248780915782,0.16533248780915782,0.16533248780915782,0.16533248780915782,0.16533248780915782,0.16375749408988877,0.16375749408988877,0.16375749408988877,0.16375749408988877,0.16375749408988877,0.16375749408988877,0.16375749408988877,0.16375749408988877,0.16375749408988877,0.16375749408988877,0.16375749408988877,0.16375749408988877,0.16375749408988877,0.16375749408988877,0.16375749408988877,0.16375749408988877,0.16375749408988877,0.16375749408988877,0.16375749408988877,0.16375749408988877,0.16375749408988877,0.16375749408988877,0.16375749408988877,0.16375749408988877,0.16375749408988877,0.16221388430252492,0.16221388430252492,0.16221388430252492,0.16221388430252492,0.16221388430252492,0.16221388430252492,0.16221388430252492,0.16221388430252492,0.16221388430252492,0.16221388430252492,0.16221388430252492,0.16221388430252492,0.16221388430252492,0.16221388430252492,0.16221388430252492,0.16221388430252492,0.16221388430252492,0.16221388430252492,0.16221388430252492,0.16221388430252492,0.16221388430252492,0.16221388430252492,0.16221388430252492,0.16221388430252492,0.16221388430252492,0.1607010674041064,0.1607010674041064,0.1607010674041064,0.1607010674041064,0.1607010674041064,0.1607010674041064,0.1607010674041064,0.1607010674041064,0.1607010674041064,0.1607010674041064,0.1607010674041064,0.1607010674041064,0.1607010674041064,0.1607010674041064,0.1607010674041064,0.1607010674041064,0.1607010674041064,0.1607010674041064,0.1607010674041064,0.1607010674041064,0.1607010674041064,0.1607010674041064,0.1607010674041064,0.1607010674041064,0.1607010674041064,0.15921845176961136,0.15921845176961136,0.1592184517696111,0.15921845176961136,0.15921845176961136,0.15921845176961136,0.1592184517696111,0.1592184517696111,0.1592184517696111,0.15921845176961136,0.1592184517696111,0.1592184517696111,0.1592184517696111,0.1592184517696111,0.1592184517696111,0.15921845176961136,0.1592184517696111,0.1592184517696111,0.1592184517696111,0.15921845176961136,0.15921845176961136,0.15921845176961136,0.1592184517696111,0.15921845176961136,0.15921845176961136,0.15776544654380628,0.15776544654380628,0.15776544654380606,0.15776544654380628,0.15776544654380628,0.15776544654380628,0.15776544654380606,0.15776544654380606,0.15776544654380606,0.15776544654380628,0.15776544654380606,0.15776544654380606,0.15776544654380606,0.15776544654380606,0.15776544654380606,0.15776544654380628,0.15776544654380606,0.15776544654380606,0.15776544654380606,0.15776544654380628,0.15776544654380628,0.15776544654380628,0.15776544654380606,0.15776544654380628,0.15776544654380628,0.15634146285556982,0.15634146285556982,0.15634146285556982,0.15634146285556982,0.15634146285556982,0.15634146285556982,0.15634146285556963,0.15634146285556963,0.15634146285556963,0.15634146285556982,0.15634146285556982,0.15634146285556963,0.15634146285556963,0.15634146285556963,0.15634146285556982,0.15634146285556982,0.15634146285556963,0.15634146285556963,0.15634146285556963,0.15634146285556982,0.15634146285556982,0.15634146285556982,0.15634146285556982,0.15634146285556982,0.15634146285556982,0.15494591490495313,0.15494591490495271,0.15494591490495252,0.15494591490495271,0.15494591490495313,0.15494591490495271,0.15494591490495252,0.15494591490495208,0.15494591490495252,0.15494591490495271,0.15494591490495252,0.15494591490495208,0.15494591490495188,0.15494591490495208,0.15494591490495252,0.15494591490495271,0.15494591490495252,0.15494591490495208,0.15494591490495252,0.15494591490495271,0.15494591490495313,0.15494591490495271,0.15494591490495252,0.15494591490495271,0.15494591490495313,0.15357822093268425,0.15357822093268303,0.15357822093268225,0.15357822093268303,0.15357822093268425,0.15357822093268303,0.15357822093268184,0.15357822093268106,0.15357822093268184,0.15357822093268303,0.15357822093268225,0.15357822093268106,0.15357822093268023,0.15357822093268106,0.15357822093268225,0.15357822093268303,0.15357822093268184,0.15357822093268106,0.15357822093268184,0.15357822093268303,0.15357822093268425,0.15357822093268303,0.15357822093268225,0.15357822093268303,0.15357822093268425,0.15223780408127088,0.15223780408126736,0.15223780408126517,0.15223780408126736,0.15223780408127088,0.15223780408126736,0.15223780408126358,0.15223780408126122,0.15223780408126358,0.15223780408126736,0.15223780408126517,0.15223780408126122,0.15223780408125887,0.15223780408126122,0.15223780408126517,0.15223780408126736,0.15223780408126358,0.15223780408126122,0.15223780408126358,0.15223780408126736,0.15223780408127088,0.15223780408126736,0.15223780408126517,0.15223780408126736,0.15223780408127088,0.15092409315631064,0.15092409315629965,0.1509240931562927,0.15092409315629965,0.15092409315631064,0.15092409315629965,0.15092409315628788,0.15092409315628053,0.15092409315628788,0.15092409315629965,0.1509240931562927,0.15092409315628053,0.1509240931562728,0.15092409315628053,0.1509240931562927,0.15092409315629965,0.15092409315628788,0.15092409315628053,0.15092409315628788,0.15092409315629965,0.15092409315631064,0.15092409315629965,0.1509240931562927,0.15092409315629965,0.15092409315631064,0.1496365232960843,0.14963652329605084,0.14963652329602967,0.14963652329605084,0.1496365232960843,0.14963652329605084,0.1496365232960145,0.1496365232959911,0.1496365232960145,0.14963652329605084,0.14963652329602967,0.1496365232959911,0.1496365232959663,0.1496365232959911,0.14963652329602967,0.14963652329605084,0.1496365232960145,0.1496365232959911,0.1496365232960145,0.14963652329605084,0.1496365232960843,0.14963652329605084,0.14963652329602967,0.14963652329605084,0.1496365232960843,0.14837453655700805,0.1483745365569074,0.1483745365568431,0.1483745365569074,0.14837453655700805,0.1483745365569074,0.14837453655679475,0.14837453655672153,0.14837453655679475,0.1483745365569074,0.1483745365568431,0.14837453655672153,0.14837453655664257,0.14837453655672153,0.1483745365568431,0.1483745365569074,0.14837453655679475,0.14837453655672153,0.14837453655679475,0.1483745365569074,0.14837453655700805,0.1483745365569074,0.1483745365568431,0.1483745365569074,0.14837453655700805,0.14713758242203012,0.14713758242173183,0.14713758242153765,0.14713758242173183,0.14713758242203012,0.14713758242173183,0.14713758242138542,0.1471375824211538,0.14713758242138542,0.14713758242173183,0.14713758242153765,0.1471375824211538,0.14713758242089514,0.1471375824211538,0.14713758242153765,0.14713758242173183,0.14713758242138542,0.1471375824211538,0.14713758242138542,0.14713758242173183,0.14713758242203012,0.14713758242173183,0.14713758242153765,0.14713758242173183,0.14713758242203012,0.14592511823863633,0.14592511823777077,0.14592511823718904,0.14592511823777077,0.14592511823863633,0.14592511823777077,0.1459251182367111,0.1459251182359675,0.1459251182367111,0.14592511823777077,0.14592511823718904,0.1459251182359675,0.14592511823508877,0.1459251182359675,0.14592511823718904,0.14592511823777077,0.1459251182367111,0.1459251182359675,0.1459251182367111,0.14592511823777077,0.14592511823863633,0.14592511823777077,0.14592511823718904,0.14592511823777077,0.14592511823863633,0.144736609592798,0.1447366095903686,0.1447366095886514,0.1447366095903686,0.144736609592798,0.1447366095903686,0.144736609587163,0.14473660958472576,0.144736609587163,0.1447366095903686,0.1447366095886514,0.14473660958472576,0.1447366095815652,0.14473660958472576,0.1447366095886514,0.1447366095903686,0.144736609587163,0.14473660958472576,0.144736609587163,0.1447366095903686,0.144736609592798,0.1447366095903686,0.1447366095886514,0.1447366095903686,0.144736609592798,0.1435715306250485,0.1435715306185871,0.14357153061364758,0.1435715306185871,0.1435715306250485,0.1435715306185871,0.14357153060911976,0.14357153060094177,0.14357153060911976,0.1435715306185871,0.14357153061364758,0.14357153060094177,0.1435715305886001,0.14357153060094177,0.14357153061364758,0.1435715306185871,0.14357153060911976,0.14357153060094177,0.14357153060911976,0.1435715306185871,0.1435715306250485,0.1435715306185871,0.14357153061364758,0.1435715306185871,0.1435715306250485,0.14242936429492764,0.14242936427923178,0.1424293642657338,0.14242936427923178,0.14242936429492764,0.14242936427923178,0.14242936425267244,0.14242936422480665,0.14242936425267244,0.14242936427923178,0.1424293642657338,0.14242936422480665,0.1424293641711441,0.14242936422480665,0.1424293642657338,0.14242936427923178,0.14242936425267244,0.14242936422480665,0.14242936425267244,0.14242936427923178,0.14242936429492764,0.14242936427923178,0.1424293642657338,0.14242936427923178,0.14242936429492764,0.14130960259957617,0.14130960256725156,0.14130960253429606,0.14130960256725156,0.14130960259957617,0.14130960256725156,0.14130960250074703,0.1413096024081957,0.14130960250074703,0.14130960256725156,0.14130960253429606,0.1413096024081957,0.14130960214433322,0.1413096024081957,0.14130960253429606,0.14130960256725156,0.14130960250074703,0.1413096024081957,0.14130960250074703,0.14130960256725156,0.14130960259957617,0.14130960256725156,0.14130960253429606,0.14130960256725156,0.14130960259957617,0.14021174674731282,0.14021174670069317,0.14021174664083388,0.14021174670069317,0.14021174674731282,0.14021174670069317,0.14021174657799815,0.14021174631977226,0.14021174657799815,0.14021174670069317,0.14021174664083388,0.14021174631977226,0.14021174485433308,0.14021174631977226,0.14021174664083388,0.14021174670069317,0.14021174657799815,0.14021174631977226,0.14021174657799815,0.14021174670069317,0.14021174674731282,0.14021174670069317,0.14021174664083388,0.14021174670069317,0.14021174674731282,0.1391353072668629,0.13913530724982875,0.1391353072302338,0.13913530724982875,0.1391353072668629,0.13913530724982875,0.13913530720969947,0.13913530714560327,0.13913530720969947,0.13913530724982875,0.1391353072302338,0.13913530714560327,0.13913530694060364,0.13913530714560327,0.1391353072302338,0.13913530724982875,0.13913530720969947,0.13913530714560327,0.13913530720969947,0.13913530724982875,0.1391353072668629,0.13913530724982875,0.1391353072302338,0.13913530724982875,0.1391353072668629,0.13807980401472725,0.1380798040365318,0.13807980406052367,0.1380798040365318,0.13807980401472725,0.1380798040365318,0.13807980408537154,0.13807980416018661,0.13807980408537154,0.1380798040365318,0.13807980406052367,0.13807980416018661,0.1380798043924729,0.13807980416018661,0.13807980406052367,0.1380798040365318,0.13807980408537154,0.13807980416018661,0.13807980408537154,0.1380798040365318,0.13807980401472725,0.1380798040365318,0.13807980406052367,0.1380798040365318,0.13807980401472725,0.13704476630642615,0.13704476635989893,0.13704476642734784,0.13704476635989893,0.13704476630642615,0.13704476635989893,0.13704476649786398,0.1370447667844985,0.13704476649786398,0.13704476635989893,0.13704476642734784,0.1370447667844985,0.1370447684010122,0.1370447667844985,0.13704476642734784,0.13704476635989893,0.13704476649786398,0.1370447667844985,0.13704476649786398,0.13704476635989893,0.13704476630642615,0.13704476635989893,0.13704476642734784,0.13704476635989893,0.13704476630642615,0.13602973298191265,0.13602973302103638,0.1360297330599531,0.13602973302103638,0.13602973298191265,0.13602973302103638,0.1360297330992492,0.13602973320549208,0.1360297330992492,0.13602973302103638,0.1360297330599531,0.13602973320549208,0.13602973350350284,0.13602973320549208,0.1360297330599531,0.13602973302103638,0.1360297330992492,0.13602973320549208,0.1360297330992492,0.13602973302103638,0.13602973298191265,0.13602973302103638,0.1360297330599531,0.13602973302103638,0.13602973298191265,0.13503425249155118,0.13503425251643314,0.1350342525371359,0.13503425251643314,0.13503425249155118,0.13503425251643314,0.13503425255688695,0.13503425259735038,0.13503425255688695,0.13503425251643314,0.1350342525371359,0.13503425259735038,0.13503425267147232,0.13503425259735038,0.1350342525371359,0.13503425251643314,0.13503425255688695,0.13503425259735038,0.13503425255688695,0.13503425251643314,0.13503425249155118,0.13503425251643314,0.1350342525371359,0.13503425251643314,0.13503425249155118
0.16533248780947832,0.16533248780947832,0.16533248780947832,0.16533248780947832,0.16533248780947832,0.16533248780947832,0.16533248780947832,0.16533248780947832,0.16533248780947832,0.16533248780947832,0.16533248780947832,0.16533248780947832,0.16533248780947832,0.16533248780947832,0.16533248780947832,0.16533248780947832,0.16533248780947832,0.16533248780947832,0.16533248780947832,0.16533248780947832,0.16533248780947832,0.16533248780947832,0.16533248780947832,0.16533248780947832,0.16533248780947832,0.16375749409020288,0.16375749409020288,0.16375749409020288,0.16375749409020288,0.16375749409020288,0.16375749409020288,0.16375749409020288,0.16375749409020288,0.16375749409020288,0.16375749409020288,0.16375749409020288,0.16375749409020288,0.16375749409020288,0.16375749409020288,0.16375749409020288,0.16375749409020288,0.16375749409020288,0.16375749409020288,0.16375749409020288,0.16375749409020288,0.16375749409020288,0.16375749409020288,0.16375749409020288,0.16375749409020288,0.16375749409020288,0.1622138843028328,0.1622138843028328,0.1622138843028328,0.1622138843028328,0.1622138843028328,0.1622138843028328,0.1622138843028328,0.1622138843028328,0.1622138843028328,0.1622138843028328,0.1622138843028328,0.1622138843028328,0.1622138843028328,0.1622138843028328,0.1622138843028328,0.1622138843028328,0.1622138843028328,0.1622138843028328,0.1622138843028328,0.1622138843028328,0.1622138843028328,0.1622138843028328,0.1622138843028328,0.1622138843028328,0.1622138843028328,0.16070106740440807,0.16070106740440807,0.16070106740440807,0.16070106740440807,0.16070106740440807,0.16070106740440807,0.16070106740440807,0.16070106740440807,0.16070106740440807,0.16070106740440807,0.16070106740440807,0.16070106740440807,0.16070106740440807,0.16070106740440807,0.16070106740440807,0.16070106740440807,0.16070106740440807,0.16070106740440807,0.16070106740440807,0.16070106740440807,0.16070106740440807,0.16070106740440807,0.16070106740440807,0.16070106740440807,0.16070106740440807,0.15921845176990676,0.15921845176990676,0.15921845176990676,0.15921845176990676,0.15921845176990676,0.15921845176990676,0.15921845176990676,0.15921845176990676,0.15921845176990676,0.15921845176990676,0.15921845176990676,0.15921845176990676,0.15921845176990676,0.15921845176990676,0.15921845176990676,0.15921845176990676,0.15921845176990676,0.15921845176990676,0.15921845176990676,0.15921845176990676,0.15921845176990676,0.15921845176990676,0.15921845176990676,0.15921845176990676,0.15921845176990676,0.15776544654409583,0.15776544654409583,0.15776544654409583,0.15776544654409583,0.15776544654409583,0.15776544654409583,0.15776544654409583,0.15776544654409583,0.15776544654409583,0.15776544654409583,0.15776544654409583,0.15776544654409583,0.15776544654409583,0.15776544654409583,0.15776544654409583,0.15776544654409583,0.15776544654409583,0.15776544654409583,0.15776544654409583,0.15776544654409583,0.15776544654409583,0.15776544654409583,0.15776544654409583,0.15776544654409583,0.15776544654409583,0.1563414628558538,0.15634146285585357,0.15634146285585357,0.15634146285585357,0.1563414628558538,0.15634146285585357,0.15634146285585357,0.15634146285585335,0.15634146285585357,0.15634146285585357,0.15634146285585357,0.15634146285585335,0.15634146285585335,0.15634146285585335,0.15634146285585357,0.15634146285585357,0.15634146285585357,0.15634146285585335,0.15634146285585357,0.15634146285585357,0.1563414628558538,0.15634146285585357,0.15634146285585357,0.15634146285585357,0.1563414628558538,0.1549459149052312,0.15494591490523102,0.1549459149052306,0.15494591490523102,0.1549459149052312,0.15494591490523102,0.1549459149052306,0.1549459149052304,0.1549459149052306,0.15494591490523102,0.1549459149052306,0.1549459149052304,0.15494591490523,0.1549459149052304,0.1549459149052306,0.15494591490523102,0.1549459149052306,0.1549459149052304,0.1549459149052306,0.15494591490523102,0.1549459149052312,0.15494591490523102,0.1549459149052306,0.15494591490523102,0.1549459149052312,0.1535782209329566,0.15357822093295562,0.1535782209329548,0.15357822093295562,0.1535782209329566,0.15357822093295562,0.1535782209329544,0.15357822093295362,0.1535782209329544,0.15357822093295562,0.1535782209329548,0.15357822093295362,0.15357822093295279,0.15357822093295362,0.1535782209329548,0.15357822093295562,0.1535782209329544,0.15357822093295362,0.1535782209329544,0.15357822093295562,0.1535782209329566,0.15357822093295562,0.1535782209329548,0.15357822093295562,0.1535782209329566,0.152237804081538,0.15223780408153445,0.1522378040815321,0.15223780408153445,0.152237804081538,0.15223780408153445,0.1522378040815307,0.15223780408152834,0.1522378040815307,0.15223780408153445,0.1522378040815321,0.15223780408152834,0.15223780408152598,0.15223780408152834,0.1522378040815321,0.15223780408153445,0.1522378040815307,0.15223780408152834,0.1522378040815307,0.15223780408153445,0.152237804081538,0.15223780408153445,0.1522378040815321,0.15223780408153445,0.152237804081538,0.15092409315657226,0.15092409315656125,0.15092409315655428,0.15092409315656125,0.15092409315657226,0.15092409315656125,0.15092409315654948,0.15092409315654212,0.15092409315654948,0.15092409315656125,0.15092409315655428,0.15092409315654212,0.15092409315653443,0.15092409315654212,0.15092409315655428,0.15092409315656125,0.15092409315654948,0.15092409315654212,0.15092409315654948,0.15092409315656125,0.15092409315657226,0.15092409315656125,0.15092409315655428,0.15092409315656125,0.15092409315657226,0.1496365232963405,0.14963652329630703,0.14963652329628607,0.14963652329630703,0.1496365232963405,0.14963652329630703,0.14963652329627072,0.1496365232962475,0.14963652329627072,0.14963652329630703,0.14963652329628607,0.1496365232962475,0.1496365232962227,0.1496365232962475,0.14963652329628607,0.14963652329630703,0.14963652329627072,0.1496365232962475,0.14963652329627072,0.14963652329630703,0.1496365232963405,0.14963652329630703,0.14963652329628607,0.14963652329630703,0.1496365232963405,0.148374536557259,0.14837453655715854,0.14837453655709423,0.14837453655715854,0.148374536557259,0.14837453655715854,0.14837453655704605,0.14837453655697283,0.14837453655704605,0.14837453655715854,0.14837453655709423,0.14837453655697283,0.14837453655689406,0.14837453655697283,0.14837453655709423,0.14837453655715854,0.14837453655704605,0.14837453655697283,0.14837453655704605,0.14837453655715854,0.148374536557259,0.14837453655715854,0.14837453655709423,0.14837453655715854,0.148374536557259,0.14713758242227556,0.1471375824219776,0.14713758242178382,0.1471375824219776,0.14713758242227556,0.1471375824219776,0.14713758242163175,0.14713758242140051,0.14713758242163175,0.1471375824219776,0.14713758242178382,0.14713758242140051,0.1471375824211422,0.14713758242140051,0.14713758242178362,0.1471375824219776,0.14713758242163175,0.14713758242140051,0.14713758242163175,0.1471375824219776,0.14713758242227556,0.1471375824219776,0.14713758242178362,0.1471375824219776,0.14713758242227556,0.14592511823887547,0.14592511823801113,0.14592511823743012,0.14592511823801113,0.14592511823887547,0.14592511823801113,0.1459251182369529,0.14592511823621038,0.1459251182369529,0.14592511823801113,0.14592511823743012,0.14592511823621038,0.14592511823533288,0.14592511823621038,0.14592511823743012,0.14592511823801113,0.1459251182369529,0.14592511823621038,0.1459251182369529,0.14592511823801113,0.14592511823887547,0.14592511823801113,0.14592511823743012,0.14592511823801113,0.14592511823887547,0.1447366095930284,0.1447366095906025,0.14473660958888757,0.1447366095906025,0.1447366095930284,0.1447366095906025,0.14473660958740145,0.1447366095849677,0.14473660958740145,0.1447366095906025,0.14473660958888757,0.1447366095849677,0.14473660958181148,0.1447366095849677,0.14473660958888757,0.1447366095906025,0.14473660958740145,0.1447366095849677,0.14473660958740145,0.1447366095906025,0.1447366095930284,0.1447366095906025,0.14473660958888757,0.1447366095906025,0.1447366095930284,0.14357153062526293,0.14357153061881076,0.14357153061387826,0.14357153061881076,0.14357153062526293,0.14357153061881076,0.14357153060935693,0.14357153060119057,0.14357153060935693,0.14357153061881076,0.14357153061387826,0.14357153060119057,0.14357153058886632,0.14357153060119057,0.14357153061387826,0.14357153061881076,0.14357153060935693,0.14357153060119057,0.14357153060935693,0.14357153061881076,0.14357153062526293,0.14357153061881076,0.14357153061387826,0.14357153061881076,0.14357153062526293,0.14242936429510716,0.14242936427943376,0.14242936426595487,0.14242936427943376,0.14242936429510716,0.14242936427943376,0.14242936425291217,0.14242936422508595,0.14242936425291217,0.14242936427943376,0.14242936426595487,0.14242936422508595,0.14242936417149976,0.14242936422508595,0.14242936426595487,0.14242936427943376,0.14242936425291217,0.14242936422508595,0.14242936425291217,0.14242936427943376,0.14242936429510716,0.14242936427943376,0.14242936426595487,0.14242936427943376,0.14242936429510716,0.14130960259967454,0.1413096025673958,0.14130960253448718,0.1413096025673958,0.14130960259967454,0.1413096025673958,0.14130960250098568,0.14130960240856608,0.14130960250098568,0.1413096025673958,0.14130960253448718,0.14130960240856608,0.14130960214507876,0.14130960240856608,0.14130960253448718,0.1413096025673958,0.14130960250098568,0.14130960240856608,0.14130960250098568,0.1413096025673958,0.14130960259967454,0.1413096025673958,0.14130960253448718,0.1413096025673958,0.14130960259967454,0.14021174674723383,0.14021174670068062,0.14021174664090624,0.14021174670068062,0.14021174674723383,0.14021174670068062,0.14021174657815988,0.140211746320301,0.14021174657815988,0.14021174670068062,0.14021174664090624,0.140211746320301,0.140211744856967,0.140211746320301,0.14021174664090624,0.14021174670068062,0.14021174657815988,0.140211746320301,0.14021174657815988,0.14021174670068062,0.14021174674723383,0.14021174670068062,0.14021174664090624,0.14021174670068062,0.14021174674723383,0.13913530726646764,0.13913530724945763,0.13913530722989068,0.13913530724945763,0.13913530726646764,0.13913530724945763,0.13913530720938547,0.13913530714538033,0.13913530720938547,0.13913530724945763,0.13913530722989068,0.13913530714538033,0.1391353069406721,0.13913530714538033,0.13913530722989068,0.13913530724945763,0.13913530720938547,0.13913530714538033,0.13913530720938547,0.13913530724945763,0.13913530726646764,0.13913530724945763,0.13913530722989068,0.13913530724945763,0.13913530726646764,0.1380798040139615,0.1380798040357352,0.13807980405969283,0.1380798040357352,0.1380798040139615,0.1380798040357352,0.13807980408450535,0.13807980415921423,0.13807980408450535,0.1380798040357352,0.13807980405969283,0.13807980415921423,0.13807980439117024,0.13807980415921423,0.13807980405969283,0.1380798040357352,0.13807980408450535,0.13807980415921423,0.13807980408450535,0.1380798040357352,0.1380798040139615,0.1380798040357352,0.13807980405969283,0.1380798040357352,0.1380798040139615,0.13704476630534895,0.1370447663587457,0.1370447664260988,0.1370447663587457,0.13704476630534895,0.1370447663587457,0.13704476649651465,0.13704476678274183,0.13704476649651465,0.1370447663587457,0.1370447664260988,0.13704476678274183,0.1370447683969547,0.13704476678274183,0.1370447664260988,0.1370447663587457,0.13704476649651465,0.13704476678274183,0.13704476649651465,0.1370447663587457,0.13704476630534895,0.1370447663587457,0.1370447664260988,0.1370447663587457,0.13704476630534895,0.13602973298067642,0.1360297330197445,0.13602973305860594,0.1360297330197445,0.13602973298067642,0.1360297330197445,0.13602973309784624,0.1360297332039381,0.13602973309784624,0.1360297330197445,0.13602973305860594,0.1360297332039381,0.13602973350152525,0.1360297332039381,0.13602973305860594,0.1360297330197445,0.13602973309784624,0.1360297332039381,0.13602973309784624,0.1360297330197445,0.13602973298067642,0.1360297330197445,0.13602973305860594,0.1360297330197445,0.13602973298067642,0.13503425249026793,0.1350342525151145,0.13503425253578788,0.1350342525151145,0.13503425249026793,0.1350342525151145,0.13503425255551083,0.1350342525959168,0.13503425255551083,0.1350342525151145,0.13503425253578788,0.1350342525959168,0.13503425266993327,0.1350342525959168,0.13503425253578788,0.1350342525151145,0.13503425255551083,0.1350342525959168,0.13503425255551083,0.1350342525151145,0.13503425249026793,0.1350342525151145,0.13503425253578788,0.1350342525151145,0.13503425249026793
0.16533248780979784,0.16533248780979784,0.16533248780979784,0.16533248780979784,0.16533248780979784,0.16533248780979784,0.16533248780979784,0.16533248780979784,0.16533248780979784,0.16533248780979784,0.16533248780979784,0.16533248780979784,0.16533248780979784,0.16533248780979784,0.16533248780979784,0.16533248780979784,0.16533248780979784,0.16533248780979784,0.16533248780979784,0.16533248780979784,0.16533248780979784,0.16533248780979784,0.16533248780979784,0.16533248780979784,0.16533248780979784,0.16375749409051601,0.16375749409051601,0.16375749409051601,0.16375749409051601,0.16375749409051601,0.16375749409051601,0.16375749409051601,0.16375749409051601,0.16375749409051601,0.16375749409051601,0.16375749409051601,0.16375749409051601,0.16375749409051601,0.16375749409051601,0.16375749409051601,0.16375749409051601,0.16375749409051601,0.16375749409051601,0.16375749409051601,0.16375749409051601,0.16375749409051601,0.16375749409051601,0.16375749409051601,0.16375749409051601,0.16375749409051601,0.16221388430313965,0.16221388430313965,0.16221388430313965,0.16221388430313965,0.16221388430313965,0.16221388430313965,0.16221388430313965,0.16221388430313965,0.16221388430313965,0.16221388430313965,0.16221388430313965,0.16221388430313965,0.16221388430313965,0.16221388430313965,0.16221388430313965,0.16221388430313965,0.16221388430313965,0.16221388430313965,0.16221388430313965,0.16221388430313965,0.16221388430313965,0.16221388430313965,0.16221388430313965,0.16221388430313965,0.16221388430313965,0.16070106740470888,0.16070106740470888,0.16070106740470888,0.16070106740470888,0.16070106740470888,0.16070106740470888,0.16070106740470888,0.16070106740470888,0.16070106740470888,0.16070106740470888,0.16070106740470888,0.16070106740470888,0.16070106740470888,0.16070106740470888,0.16070106740470888,0.16070106740470888,0.16070106740470888,0.16070106740470888,0.16070106740470888,0.16070106740470888,0.16070106740470888,0.16070106740470888,0.16070106740470888,0.16070106740470888,0.16070106740470888,0.15921845177020155,0.15921845177020155,0.15921845177020155,0.15921845177020155,0.15921845177020155,0.15921845177020155,0.15921845177020155,0.15921845177020155,0.15921845177020155,0.15921845177020155,0.15921845177020155,0.15921845177020155,0.15921845177020155,0.15921845177020155,0.15921845177020155,0.15921845177020155,0.15921845177020155,0.15921845177020155,0.15921845177020155,0.15921845177020155,0.15921845177020155,0.15921845177020155,0.15921845177020155,0.15921845177020155,0.15921845177020155,0.15776544654438474,0.15776544654438474,0.15776544654438474,0.15776544654438474,0.15776544654438474,0.15776544654438474,0.15776544654438474,0.15776544654438474,0.15776544654438474,0.15776544654438474,0.15776544654438474,0.15776544654438474,0.15776544654438474,0.15776544654438474,0.15776544654438474,0.15776544654438474,0.15776544654438474,0.15776544654438474,0.15776544654438474,0.15776544654438474,0.15776544654438474,0.15776544654438474,0.15776544654438474,0.15776544654438474,0.15776544654438474,0.15634146285613693,0.1563414628561367,0.1563414628561367,0.1563414628561367,0.15634146285613693,0.1563414628561367,0.1563414628561365,0.1563414628561365,0.1563414628561365,0.1563414628561367,0.1563414628561367,0.1563414628561365,0.1563414628561365,0.1563414628561365,0.1563414628561367,0.1563414628561367,0.1563414628561365,0.1563414628561365,0.1563414628561365,0.1563414628561367,0.15634146285613693,0.1563414628561367,0.1563414628561367,0.1563414628561367,0.15634146285613693,0.1549459149055087,0.1549459149055083,0.15494591490550808,0.1549459149055083,0.1549459149055087,0.1549459149055083,0.15494591490550785,0.15494591490550766,0.15494591490550785,0.1549459149055083,0.15494591490550808,0.15494591490550766,0.15494591490550746,0.15494591490550766,0.15494591490550808,0.1549459149055083,0.15494591490550785,0.15494591490550766,0.15494591490550785,0.1549459149055083,0.1549459149055087,0.1549459149055083,0.15494591490550808,0.1549459149055083,0.1549459149055087,0.15357822093322837,0.15357822093322734,0.15357822093322654,0.15357822093322734,0.15357822093322837,0.15357822093322734,0.15357822093322612,0.15357822093322535,0.15357822093322612,0.15357822093322734,0.15357822093322654,0.15357822093322535,0.15357822093322454,0.15357822093322535,0.15357822093322654,0.15357822093322734,0.15357822093322612,0.15357822093322535,0.15357822093322612,0.15357822093322734,0.15357822093322837,0.15357822093322734,0.15357822093322654,0.15357822093322734,0.15357822093322837,0.15223780408180412,0.1522378040818006,0.1522378040817984,0.1522378040818006,0.15223780408180412,0.1522378040818006,0.15223780408179685,0.1522378040817947,0.15223780408179685,0.1522378040818006,0.1522378040817984,0.1522378040817947,0.1522378040817921,0.1522378040817947,0.1522378040817984,0.1522378040818006,0.15223780408179685,0.1522378040817947,0.15223780408179685,0.1522378040818006,0.15223780408180412,0.1522378040818006,0.1522378040817984,0.1522378040818006,0.15223780408180412,0.15092409315683306,0.15092409315682206,0.15092409315681532,0.15092409315682206,0.15092409315683306,0.15092409315682206,0.1509240931568105,0.15092409315680316,0.1509240931568105,0.15092409315682206,0.15092409315681532,0.15092409315680316,0.15092409315679545,0.15092409315680316,0.15092409315681532,0.15092409315682206,0.1509240931568105,0.15092409315680316,0.1509240931568105,0.15092409315682206,0.15092409315683306,0.15092409315682206,0.15092409315681532,0.15092409315682206,0.15092409315683306,0.14963652329659616,0.14963652329656268,0.1496365232965417,0.14963652329656268,0.14963652329659616,0.14963652329656268,0.14963652329652655,0.14963652329650312,0.14963652329652655,0.14963652329656268,0.1496365232965417,0.14963652329650312,0.14963652329647853,0.14963652329650312,0.1496365232965417,0.14963652329656268,0.14963652329652655,0.14963652329650312,0.14963652329652655,0.14963652329656268,0.14963652329659616,0.14963652329656268,0.1496365232965417,0.14963652329656268,0.14963652329659616,0.14837453655750937,0.14837453655740893,0.14837453655734478,0.14837453655740893,0.14837453655750937,0.14837453655740893,0.1483745365572966,0.1483745365572236,0.1483745365572966,0.14837453655740893,0.14837453655734478,0.1483745365572236,0.14837453655714483,0.1483745365572236,0.14837453655734478,0.14837453655740893,0.1483745365572966,0.1483745365572236,0.1483745365572966,0.14837453655740893,0.14837453655750937,0.14837453655740893,0.14837453655734478,0.14837453655740893,0.14837453655750937,0.14713758242252042,0.14713758242222288,0.1471375824220292,0.14713758242222288,0.14713758242252042,0.14713758242222288,0.14713758242187736,0.14713758242164646,0.14713758242187736,0.14713758242222288,0.1471375824220292,0.14713758242164646,0.1471375824213887,0.14713758242164646,0.1471375824220292,0.14713758242222288,0.14713758242187736,0.14713758242164646,0.14713758242187736,0.14713758242222288,0.14713758242252042,0.14713758242222288,0.1471375824220292,0.14713758242222288,0.14713758242252042,0.1459251182391139,0.1459251182382508,0.1459251182376707,0.1459251182382508,0.1459251182391139,0.1459251182382508,0.1459251182371942,0.1459251182364527,0.1459251182371942,0.1459251182382508,0.1459251182376707,0.1459251182364527,0.1459251182355763,0.1459251182364527,0.1459251182376707,0.1459251182382508,0.1459251182371942,0.1459251182364527,0.1459251182371942,0.1459251182382508,0.1459251182391139,0.1459251182382508,0.1459251182376707,0.1459251182382508,0.1459251182391139,0.1447366095932581,0.1447366095908357,0.1447366095891232,0.1447366095908357,0.1447366095932581,0.1447366095908357,0.1447366095876392,0.14473660958520876,0.1447366095876392,0.1447366095908357,0.1447366095891232,0.14473660958520876,0.14473660958205709,0.14473660958520876,0.1447366095891232,0.1447366095908357,0.1447366095876392,0.14473660958520876,0.1447366095876392,0.1447366095908357,0.1447366095932581,0.1447366095908357,0.1447366095891232,0.1447366095908357,0.1447366095932581,0.14357153062547698,0.14357153061903388,0.1435715306141084,0.14357153061903388,0.14357153062547698,0.14357153061903388,0.1435715306095934,0.14357153060143868,0.1435715306095934,0.14357153061903388,0.1435715306141084,0.14357153060143868,0.14357153058913188,0.14357153060143868,0.1435715306141084,0.14357153061903388,0.1435715306095934,0.14357153060143868,0.1435715306095934,0.14357153061903388,0.14357153062547698,0.14357153061903388,0.1435715306141084,0.14357153061903388,0.14357153062547698,0.14242936429528633,0.1424293642796352,0.1424293642661753,0.1424293642796352,0.14242936429528633,0.1424293642796352,0.14242936425315122,0.14242936422536442,0.14242936425315122,0.1424293642796352,0.1424293642661753,0.14242936422536442,0.14242936417185437,0.14242936422536442,0.1424293642661753,0.1424293642796352,0.14242936425315122,0.14242936422536442,0.14242936425315122,0.1424293642796352,0.14242936429528633,0.1424293642796352,0.1424293642661753,0.1424293642796352,0.14242936429528633,0.14130960259977254,0.14130960256753972,0.1413096025346778,0.14130960256753972,0.14130960259977254,0.14130960256753972,0.14130960250122399,0.14130960240893548,0.14130960250122399,0.14130960256753972,0.1413096025346778,0.14130960240893548,0.14130960214582214,0.14130960240893548,0.1413096025346778,0.14130960256753972,0.14130960250122399,0.14130960240893548,0.14130960250122399,0.14130960256753972,0.14130960259977254,0.14130960256753972,0.1413096025346778,0.14130960256753972,0.14130960259977254,0.1402117467471553,0.14021174670066802,0.1402117466409785,0.14021174670066802,0.1402117467471553,0.14021174670066802,0.14021174657832128,0.1402117463208285,0.14021174657832128,0.14021174670066802,0.1402117466409785,0.1402117463208285,0.14021174485956833,0.1402117463208285,0.1402117466409785,0.14021174670066802,0.14021174657832128,0.1402117463208285,0.14021174657832128,0.14021174670066802,0.1402117467471553,0.14021174670066802,0.1402117466409785,0.14021174670066802,0.1402117467471553,0.13913530726607362,0.13913530724908768,0.13913530722954837,0.13913530724908768,0.13913530726607362,0.13913530724908768,0.1391353072090724,0.1391353071451582,0.1391353072090724,0.13913530724908768,0.13913530722954837,0.1391353071451582,0.13913530694074056,0.1391353071451582,0.13913530722954837,0.13913530724908768,0.1391353072090724,0.1391353071451582,0.1391353072090724,0.13913530724908768,0.13913530726607362,0.13913530724908768,0.13913530722954837,0.13913530724908768,0.13913530726607362,0.13807980401319792,0.13807980403494063,0.13807980405886427,0.13807980403494063,0.13807980401319792,0.13807980403494063,0.1380798040836416,0.13807980415824442,0.1380798040836416,0.13807980403494063,0.13807980405886427,0.13807980415824442,0.13807980438987116,0.13807980415824442,0.13807980405886427,0.13807980403494063,0.1380798040836416,0.13807980415824442,0.1380798040836416,0.13807980403494063,0.13807980401319792,0.13807980403494063,0.13807980405886427,0.13807980403494063,0.13807980401319792,0.13704476630427465,0.13704476635759566,0.13704476642485316,0.13704476635759566,0.13704476630427465,0.13704476635759566,0.13704476649516908,0.13704476678098987,0.13704476649516908,0.13704476635759566,0.13704476642485316,0.13704476678098987,0.13704476839289992,0.13704476678098987,0.13704476642485316,0.13704476635759566,0.13704476649516908,0.13704476678098987,0.13704476649516908,0.13704476635759566,0.13704476630427465,0.13704476635759566,0.13704476642485316,0.13704476635759566,0.13704476630427465,0.1360297329794436,0.13602973301845608,0.13602973305726235,0.13602973301845608,0.1360297329794436,0.13602973301845608,0.13602973309644703,0.1360297332023883,0.13602973309644703,0.13602973301845608,0.13602973305726235,0.1360297332023883,0.136029733499553,0.1360297332023883,0.13602973305726235,0.13602973301845608,0.13602973309644703,0.1360297332023883,0.13602973309644703,0.13602973301845608,0.1360297329794436,0.13602973301845608,0.13602973305726235,0.13602973301845608,0.1360297329794436,0.1350342524889882,0.13503425251379952,0.1350342525344435,0.13503425251379952,0.1350342524889882,0.13503425251379952,0.13503425255413853,0.13503425259448718,0.13503425255413853,0.13503425251379952,0.1350342525344435,0.13503425259448718,0.1350342526683985,0.13503425259448718,0.1350342525344435,0.13503425251379952,0.13503425255413853,0.13503425259448718,0.13503425255413853,0.13503425251379952,0.1350342524889882,0.13503425251379952,0.1350342525344435,0.13503425251379952,0.1350342524889882
0.16533248781011664,0.16533248781011664,0.16533248781011664,0.16533248781011664,0.16533248781011664,0.16533248781011664,0.16533248781011664,0.16533248781011664,0.16533248781011664,0.16533248781011664,0.16533248781011664,0.16533248781011664,0.16533248781011664,0.16533248781011664,0.16533248781011664,0.16533248781011664,0.16533248781011664,0.16533248781011664,0.16533248781011664,0.16533248781011664,0.16533248781011664,0.16533248781011664,0.16533248781011664,0.16533248781011664,0.16533248781011664,0.1637574940908285,0.1637574940908285,0.1637574940908285,0.1637574940908285,0.1637574940908285,0.1637574940908285,0.1637574940908285,0.1637574940908285,0.1637574940908285,0.1637574940908285,0.1637574940908285,0.1637574940908285,0.16375749409082874,0.16375749409082874,0.1637574940908285,0.1637574940908285,0.1637574940908285,0.16375749409082874,0.16375749409082874,0.16375749409082874,0.1637574940908285,0.1637574940908285,0.1637574940908285,0.16375749409082874,0.16375749409082874,0.16221388430344594,0.16221388430344594,0.16221388430344594,0.16221388430344594,0.16221388430344594,0.16221388430344594,0.16221388430344594,0.16221388430344594,0.16221388430344594,0.16221388430344594,0.16221388430344594,0.16221388430344594,0.16221388430344594,0.16221388430344594,0.16221388430344594,0.16221388430344594,0.16221388430344594,0.16221388430344594,0.16221388430344594,0.16221388430344594,0.16221388430344594,0.16221388430344594,0.16221388430344594,0.16221388430344594,0.16221388430344594,0.160701067405009,0.160701067405009,0.160701067405009,0.160701067405009,0.160701067405009,0.160701067405009,0.160701067405009,0.160701067405009,0.160701067405009,0.160701067405009,0.160701067405009,0.160701067405009,0.160701067405009,0.160701067405009,0.160701067405009,0.160701067405009,0.160701067405009,0.160701067405009,0.160701067405009,0.160701067405009,0.160701067405009,0.160701067405009,0.160701067405009,0.160701067405009,0.160701067405009,0.1592184517704957,0.1592184517704957,0.1592184517704957,0.1592184517704957,0.1592184517704957,0.1592184517704957,0.1592184517704957,0.1592184517704957,0.1592184517704957,0.1592184517704957,0.1592184517704957,0.1592184517704957,0.1592184517704957,0.1592184517704957,0.1592184517704957,0.1592184517704957,0.1592184517704957,0.1592184517704957,0.1592184517704957,0.1592184517704957,0.1592184517704957,0.1592184517704957,0.1592184517704957,0.1592184517704957,0.1592184517704957,0.157765446544673,0.15776544654467278,0.15776544654467278,0.15776544654467278,0.157765446544673,0.15776544654467278,0.15776544654467278,0.15776544654467278,0.15776544654467278,0.15776544654467278,0.15776544654467278,0.15776544654467278,0.15776544654467278,0.15776544654467278,0.15776544654467278,0.15776544654467278,0.15776544654467278,0.15776544654467278,0.15776544654467278,0.15776544654467278,0.157765446544673,0.15776544654467278,0.15776544654467278,0.15776544654467278,0.157765446544673,0.15634146285641923,0.156341462856419,0.156341462856419,0.156341462856419,0.15634146285641923,0.156341462856419,0.156341462856419,0.1563414628564188,0.156341462856419,0.156341462856419,0.156341462856419,0.1563414628564188,0.1563414628564188,0.1563414628564188,0.156341462856419,0.156341462856419,0.156341462856419,0.1563414628564188,0.156341462856419,0.156341462856419,0.15634146285641923,0.156341462856419,0.156341462856419,0.156341462856419,0.15634146285641923,0.15494591490578535,0.15494591490578494,0.15494591490578474,0.15494591490578494,0.15494591490578535,0.15494591490578494,0.15494591490578452,0.15494591490578433,0.15494591490578452,0.15494591490578494,0.15494591490578474,0.15494591490578433,0.1549459149057841,0.15494591490578433,0.15494591490578474,0.15494591490578494,0.15494591490578452,0.15494591490578433,0.15494591490578452,0.15494591490578494,0.15494591490578535,0.15494591490578494,0.15494591490578474,0.15494591490578494,0.15494591490578535,0.1535782209334995,0.1535782209334983,0.15357822093349768,0.1535782209334983,0.1535782209334995,0.1535782209334983,0.15357822093349707,0.15357822093349646,0.15357822093349707,0.1535782209334983,0.15357822093349768,0.15357822093349646,0.15357822093349566,0.15357822093349646,0.15357822093349768,0.1535782209334983,0.15357822093349707,0.15357822093349646,0.15357822093349707,0.1535782209334983,0.1535782209334995,0.1535782209334983,0.15357822093349768,0.1535782209334983,0.1535782209334995,0.15223780408206988,0.15223780408206633,0.15223780408206394,0.15223780408206633,0.15223780408206988,0.15223780408206633,0.15223780408206258,0.1522378040820602,0.15223780408206258,0.15223780408206633,0.15223780408206394,0.1522378040820602,0.15223780408205784,0.1522378040820602,0.15223780408206394,0.15223780408206633,0.15223780408206258,0.1522378040820602,0.15223780408206258,0.15223780408206633,0.15223780408206988,0.15223780408206633,0.15223780408206394,0.15223780408206633,0.15223780408206988,0.1509240931570933,0.1509240931570823,0.15092409315707536,0.1509240931570823,0.1509240931570933,0.1509240931570823,0.15092409315707073,0.1509240931570634,0.15092409315707073,0.1509240931570823,0.15092409315707536,0.1509240931570634,0.15092409315705568,0.1509240931570634,0.15092409315707536,0.1509240931570823,0.15092409315707073,0.1509240931570634,0.15092409315707073,0.1509240931570823,0.1509240931570933,0.1509240931570823,0.15092409315707536,0.1509240931570823,0.1509240931570933,0.14963652329685104,0.14963652329681756,0.14963652329679658,0.14963652329681756,0.14963652329685104,0.14963652329681756,0.14963652329678143,0.1496365232967582,0.14963652329678143,0.14963652329681756,0.14963652329679658,0.1496365232967582,0.1496365232967336,0.1496365232967582,0.14963652329679658,0.14963652329681756,0.14963652329678143,0.1496365232967582,0.14963652329678143,0.14963652329681756,0.14963652329685104,0.14963652329681756,0.14963652329679658,0.14963652329681756,0.14963652329685104,0.1483745365577588,0.14837453655765856,0.1483745365575946,0.14837453655765856,0.1483745365577588,0.14837453655765856,0.14837453655754643,0.1483745365574736,0.14837453655754643,0.14837453655765856,0.1483745365575946,0.1483745365574736,0.14837453655739483,0.1483745365574736,0.1483745365575946,0.14837453655765856,0.14837453655754643,0.1483745365574736,0.14837453655754643,0.14837453655765856,0.1483745365577588,0.14837453655765856,0.1483745365575946,0.14837453655765856,0.1483745365577588,0.14713758242276437,0.14713758242246738,0.1471375824222739,0.14713758242246738,0.14713758242276437,0.14713758242246738,0.14713758242212238,0.14713758242189187,0.14713758242212238,0.14713758242246738,0.1471375824222739,0.14713758242189187,0.14713758242163427,0.14713758242189187,0.1471375824222739,0.14713758242246738,0.14713758242212238,0.14713758242189187,0.14713758242212238,0.14713758242246738,0.14713758242276437,0.14713758242246738,0.1471375824222739,0.14713758242246738,0.14713758242276437,0.14592511823935178,0.14592511823848975,0.14592511823791052,0.14592511823848975,0.14592511823935178,0.14592511823848975,0.14592511823743476,0.14592511823669435,0.14592511823743476,0.14592511823848975,0.14592511823791052,0.14592511823669435,0.14592511823581916,0.14592511823669435,0.14592511823791052,0.14592511823848975,0.14592511823743476,0.14592511823669435,0.14592511823743476,0.14592511823848975,0.14592511823935178,0.14592511823848975,0.14592511823791052,0.14592511823848975,0.14592511823935178,0.1447366095934873,0.1447366095910682,0.1447366095893583,0.1447366095910682,0.1447366095934873,0.1447366095910682,0.1447366095878762,0.14473660958544926,0.1447366095878762,0.1447366095910682,0.1447366095893583,0.14473660958544926,0.14473660958230214,0.14473660958544926,0.1447366095893583,0.1447366095910682,0.1447366095878762,0.14473660958544926,0.1447366095878762,0.1447366095910682,0.1447366095934873,0.1447366095910682,0.1447366095893583,0.1447366095910682,0.1447366095934873,0.14357153062569034,0.14357153061925632,0.14357153061433786,0.14357153061925632,0.14357153062569034,0.14357153061925632,0.14357153060982938,0.14357153060168612,0.14357153060982938,0.14357153061925632,0.14357153061433786,0.14357153060168612,0.14357153058939678,0.14357153060168612,0.14357153061433786,0.14357153061925632,0.14357153060982938,0.14357153060168612,0.14357153060982938,0.14357153061925632,0.14357153062569034,0.14357153061925632,0.14357153061433786,0.14357153061925632,0.14357153062569034,0.142429364295465,0.14242936427983602,0.14242936426639521,0.14242936427983602,0.142429364295465,0.14242936427983602,0.14242936425338956,0.14242936422564223,0.14242936425338956,0.14242936427983602,0.14242936426639521,0.14242936422564223,0.14242936417220803,0.14242936422564223,0.14242936426639521,0.14242936427983602,0.14242936425338956,0.14242936422564223,0.14242936425338956,0.14242936427983602,0.142429364295465,0.14242936427983602,0.14242936426639521,0.14242936427983602,0.142429364295465,0.14130960259987022,0.14130960256768313,0.14130960253486793,0.14130960256768313,0.14130960259987022,0.14130960256768313,0.14130960250146132,0.1413096024093037,0.14130960250146132,0.14130960256768313,0.14130960253486793,0.1413096024093037,0.14130960214656352,0.1413096024093037,0.14130960253486793,0.14130960256768313,0.14130960250146132,0.1413096024093037,0.14130960250146132,0.14130960256768313,0.14130960259987022,0.14130960256768313,0.14130960253486793,0.14130960256768313,0.14130960259987022,0.14021174674707676,0.14021174670065545,0.1402117466410506,0.14021174670065545,0.14021174674707676,0.14021174670065545,0.14021174657848204,0.14021174632135447,0.14021174657848204,0.14021174670065545,0.1402117466410506,0.14021174632135447,0.14021174486215998,0.14021174632135447,0.1402117466410506,0.14021174670065545,0.14021174657848204,0.14021174632135447,0.14021174657848204,0.14021174670065545,0.14021174674707676,0.14021174670065545,0.1402117466410506,0.14021174670065545,0.14021174674707676,0.13913530726568055,0.13913530724871864,0.13913530722920717,0.13913530724871864,0.13913530726568055,0.13913530724871864,0.13913530720876013,0.13913530714493652,0.13913530720876013,0.13913530724871864,0.13913530722920717,0.13913530714493652,0.13913530694080872,0.13913530714493652,0.13913530722920717,0.13913530724871864,0.13913530720876013,0.13913530714493652,0.13913530720876013,0.13913530724871864,0.13913530726568055,0.13913530724871864,0.13913530722920717,0.13913530724871864,0.13913530726568055,0.13807980401243636,0.1380798040341482,0.13807980405803807,0.1380798040341482,0.13807980401243636,0.1380798040341482,0.1380798040827802,0.13807980415727714,0.1380798040827802,0.1380798040341482,0.13807980405803807,0.13807980415727714,0.13807980438857564,0.13807980415727714,0.13807980405803807,0.1380798040341482,0.1380798040827802,0.13807980415727714,0.1380798040827802,0.1380798040341482,0.13807980401243636,0.1380798040341482,0.13807980405803807,0.1380798040341482,0.13807980401243636,0.13704476630320336,0.1370447663564487,0.13704476642361083,0.1370447663564487,0.13704476630320336,0.1370447663564487,0.13704476649382702,0.13704476677924263,0.13704476649382702,0.1370447663564487,0.13704476642361083,0.13704476677924263,0.13704476838887011,0.13704476677924263,0.13704476642361083,0.1370447663564487,0.13704476649382702,0.13704476677924263,0.13704476649382702,0.1370447663564487,0.13704476630320336,0.1370447663564487,0.13704476642361083,0.1370447663564487,0.13704476630320336,0.1360297329782139,0.13602973301717125,0.13602973305592247,0.13602973301717125,0.1360297329782139,0.13602973301717125,0.13602973309505154,0.13602973320084263,0.13602973309505154,0.13602973301717125,0.13602973305592247,0.13602973320084263,0.136029733497586,0.13602973320084263,0.13602973305592247,0.13602973301717125,0.13602973309505154,0.13602973320084263,0.13602973309505154,0.13602973301717125,0.1360297329782139,0.13602973301717125,0.13602973305592247,0.13602973301717125,0.1360297329782139,0.13503425248771198,0.13503425251248805,0.13503425253310278,0.13503425251248805,0.13503425248771198,0.13503425251248805,0.13503425255276988,0.1350342525930612,0.13503425255276988,0.13503425251248805,0.13503425253310278,0.1350342525930612,0.1350342526668678,0.1350342525930612,0.13503425253310278,0.13503425251248805,0.13503425255276988,0.1350342525930612,0.13503425255276988,0.13503425251248805,0.13503425248771198,0.13503425251248805,0.13503425253310278,0.13503425251248805,0.13503425248771198
0.16533248781043478,0.16533248781043478,0.16533248781043478,0.16533248781043478,0.16533248781043478,0.16533248781043478,0.16533248781043478,0.16533248781043478,0.16533248781043478,0.16533248781043478,0.16533248781043478,0.16533248781043478,0.16533248781043478,0.16533248781043478,0.16533248781043478,0.16533248781043478,0.16533248781043478,0.16533248781043478,0.16533248781043478,0.16533248781043478,0.16533248781043478,0.16533248781043478,0.16533248781043478,0.16533248781043478,0.16533248781043478,0.16375749409114024,0.16375749409114024,0.16375749409114024,0.16375749409114024,0.16375749409114024,0.16375749409114024,0.16375749409114024,0.16375749409114024,0.16375749409114024,0.16375749409114024,0.16375749409114024,0.16375749409114024,0.16375749409114024,0.16375749409114024,0.16375749409114024,0.16375749409114024,0.16375749409114024,0.16375749409114024,0.16375749409114024,0.16375749409114024,0.16375749409114024,0.16375749409114024,0.16375749409114024,0.16375749409114024,0.16375749409114024,0.16221388430375125,0.16221388430375125,0.16221388430375125,0.16221388430375125,0.16221388430375125,0.16221388430375125,0.16221388430375125,0.16221388430375125,0.16221388430375125,0.16221388430375125,0.16221388430375125,0.16221388430375125,0.16221388430375125,0.16221388430375125,0.16221388430375125,0.16221388430375125,0.16221388430375125,0.16221388430375125,0.16221388430375125,0.16221388430375125,0.16221388430375125,0.16221388430375125,0.16221388430375125,0.16221388430375125,0.16221388430375125,0.16070106740530823,0.16070106740530823,0.16070106740530823,0.16070106740530823,0.16070106740530823,0.16070106740530823,0.16070106740530823,0.16070106740530823,0.16070106740530823,0.16070106740530823,0.16070106740530823,0.16070106740530823,0.16070106740530823,0.16070106740530823,0.16070106740530823,0.16070106740530823,0.16070106740530823,0.16070106740530823,0.16070106740530823,0.16070106740530823,0.16070106740530823,0.16070106740530823,0.16070106740530823,0.16070106740530823,0.16070106740530823,0.15921845177078897,0.15921845177078897,0.15921845177078897,0.15921845177078897,0.15921845177078897,0.15921845177078897,0.15921845177078897,0.15921845177078897,0.15921845177078897,0.15921845177078897,0.15921845177078897,0.15921845177078897,0.15921845177078897,0.15921845177078897,0.15921845177078897,0.15921845177078897,0.15921845177078897,0.15921845177078897,0.15921845177078897,0.15921845177078897,0.15921845177078897,0.15921845177078897,0.15921845177078897,0.15921845177078897,0.15921845177078897,0.1577654465449602,0.1577654465449602,0.1577654465449602,0.1577654465449602,0.1577654465449602,0.1577654465449602,0.1577654465449602,0.1577654465449602,0.1577654465449602,0.1577654465449602,0.1577654465449602,0.1577654465449602,0.1577654465449602,0.1577654465449602,0.1577654465449602,0.1577654465449602,0.1577654465449602,0.1577654465449602,0.1577654465449602,0.1577654465449602,0.1577654465449602,0.1577654465449602,0.1577654465449602,0.1577654465449602,0.1577654465449602,0.15634146285670067,0.15634146285670067,0.15634146285670047,0.15634146285670067,0.15634146285670067,0.15634146285670067,0.15634146285670047,0.15634146285670047,0.15634146285670047,0.15634146285670067,0.15634146285670047,0.15634146285670047,0.15634146285670028,0.15634146285670047,0.15634146285670047,0.15634146285670067,0.15634146285670047,0.15634146285670047,0.15634146285670047,0.15634146285670067,0.15634146285670067,0.15634146285670067,0.15634146285670047,0.15634146285670067,0.15634146285670067,0.15494591490606122,0.15494591490606077,0.15494591490606058,0.15494591490606077,0.15494591490606122,0.15494591490606077,0.15494591490606036,0.15494591490606016,0.15494591490606036,0.15494591490606077,0.15494591490606058,0.15494591490606016,0.15494591490605997,0.15494591490606016,0.15494591490606058,0.15494591490606077,0.15494591490606036,0.15494591490606016,0.15494591490606036,0.15494591490606077,0.15494591490606122,0.15494591490606077,0.15494591490606058,0.15494591490606077,0.15494591490606122,0.15357822093376983,0.1535782209337686,0.153578220933768,0.1535782209337686,0.15357822093376983,0.1535782209337686,0.15357822093376744,0.1535782209337668,0.15357822093376744,0.1535782209337686,0.153578220933768,0.1535782209337668,0.153578220933766,0.1535782209337668,0.153578220933768,0.1535782209337686,0.15357822093376744,0.1535782209337668,0.15357822093376744,0.1535782209337686,0.15357822093376983,0.1535782209337686,0.153578220933768,0.1535782209337686,0.15357822093376983,0.15223780408233462,0.15223780408233106,0.1522378040823289,0.15223780408233106,0.15223780408233462,0.15223780408233106,0.15223780408232732,0.15223780408232496,0.15223780408232732,0.15223780408233106,0.1522378040823289,0.15223780408232496,0.1522378040823226,0.15223780408232496,0.1522378040823289,0.15223780408233106,0.15223780408232732,0.15223780408232496,0.15223780408232732,0.15223780408233106,0.15223780408233462,0.15223780408233106,0.1522378040823289,0.15223780408233106,0.15223780408233462,0.15092409315735278,0.15092409315734176,0.15092409315733485,0.15092409315734176,0.15092409315735278,0.15092409315734176,0.15092409315733024,0.15092409315732289,0.15092409315733024,0.15092409315734176,0.15092409315733485,0.15092409315732289,0.15092409315731514,0.15092409315732289,0.15092409315733485,0.15092409315734176,0.15092409315733024,0.15092409315732289,0.15092409315733024,0.15092409315734176,0.15092409315735278,0.15092409315734176,0.15092409315733485,0.15092409315734176,0.15092409315735278,0.14963652329710517,0.1496365232970719,0.14963652329705088,0.1496365232970719,0.14963652329710517,0.1496365232970719,0.14963652329703578,0.14963652329701252,0.14963652329703578,0.1496365232970719,0.14963652329705088,0.14963652329701252,0.14963652329698793,0.14963652329701252,0.14963652329705088,0.1496365232970719,0.14963652329703578,0.14963652329701252,0.14963652329703578,0.1496365232970719,0.14963652329710517,0.1496365232970719,0.14963652329705088,0.1496365232970719,0.14963652329710517,0.14837453655800772,0.14837453655790764,0.14837453655784372,0.14837453655790764,0.14837453655800772,0.14837453655790764,0.1483745365577957,0.14837453655772287,0.1483745365577957,0.14837453655790764,0.14837453655784372,0.14837453655772287,0.14837453655764427,0.14837453655772287,0.14837453655784372,0.14837453655790764,0.1483745365577957,0.14837453655772287,0.1483745365577957,0.14837453655790764,0.14837453655800772,0.14837453655790764,0.14837453655784372,0.14837453655790764,0.14837453655800772,0.1471375824230078,0.14713758242271116,0.14713758242251807,0.14713758242271116,0.1471375824230078,0.14713758242271116,0.14713758242236674,0.14713758242213656,0.14713758242236674,0.14713758242271116,0.14713758242251807,0.14713758242213656,0.14713758242187935,0.14713758242213656,0.14713758242251807,0.14713758242271116,0.14713758242236674,0.14713758242213656,0.14713758242236674,0.14713758242271116,0.1471375824230078,0.14713758242271116,0.14713758242251807,0.14713758242271116,0.1471375824230078,0.14592511823958895,0.14592511823872822,0.14592511823814985,0.14592511823872822,0.14592511823958895,0.14592511823872822,0.1459251182376746,0.14592511823693527,0.1459251182376746,0.14592511823872822,0.14592511823814985,0.14592511823693527,0.14592511823606133,0.14592511823693527,0.14592511823814985,0.14592511823872822,0.1459251182376746,0.14592511823693527,0.1459251182376746,0.14592511823872822,0.14592511823958895,0.14592511823872822,0.14592511823814985,0.14592511823872822,0.14592511823958895,0.1447366095937158,0.14473660959130016,0.14473660958959256,0.14473660959130016,0.1447366095937158,0.14473660959130016,0.14473660958811274,0.14473660958568926,0.14473660958811274,0.14473660959130016,0.14473660958959256,0.14473660958568926,0.1447366095825465,0.14473660958568926,0.14473660958959256,0.14473660959130016,0.14473660958811274,0.14473660958568926,0.14473660958811274,0.14473660959130016,0.1447366095937158,0.14473660959130016,0.14473660958959256,0.14473660959130016,0.1447366095937158,0.14357153062590305,0.14357153061947825,0.1435715306145668,0.14357153061947825,0.14357153062590305,0.14357153061947825,0.1435715306100645,0.14357153060193287,0.1435715306100645,0.14357153061947825,0.1435715306145668,0.14357153060193287,0.143571530589661,0.14357153060193287,0.1435715306145668,0.14357153061947825,0.1435715306100645,0.14357153060193287,0.1435715306100645,0.14357153061947825,0.14357153062590305,0.14357153061947825,0.1435715306145668,0.14357153061947825,0.14357153062590305,0.14242936429564312,0.1424293642800363,0.14242936426661465,0.1424293642800363,0.14242936429564312,0.1424293642800363,0.1424293642536273,0.14242936422591937,0.1424293642536273,0.1424293642800363,0.14242936426661465,0.14242936422591937,0.1424293641725608,0.14242936422591937,0.14242936426661465,0.1424293642800363,0.1424293642536273,0.14242936422591937,0.1424293642536273,0.1424293642800363,0.14242936429564312,0.1424293642800363,0.14242936426661465,0.1424293642800363,0.14242936429564312,0.14130960259996775,0.1413096025678262,0.14130960253505737,0.1413096025678262,0.14130960259996775,0.1413096025678262,0.1413096025016983,0.14130960240967114,0.1413096025016983,0.1413096025678262,0.14130960253505737,0.14130960240967114,0.14130960214730282,0.14130960240967114,0.14130960253505737,0.1413096025678262,0.1413096025016983,0.14130960240967114,0.1413096025016983,0.1413096025678262,0.14130960259996775,0.1413096025678262,0.14130960253505737,0.1413096025678262,0.14130960259996775,0.14021174674699857,0.14021174670064288,0.14021174664112251,0.14021174670064288,0.14021174674699857,0.14021174670064288,0.14021174657864263,0.14021174632187905,0.14021174657864263,0.14021174670064288,0.14021174664112251,0.14021174632187905,0.14021174486476645,0.14021174632187905,0.14021174664112251,0.14021174670064288,0.14021174657864263,0.14021174632187905,0.14021174657864263,0.14021174670064288,0.14021174674699857,0.14021174670064288,0.14021174664112251,0.14021174670064288,0.14021174674699857,0.13913530726528844,0.13913530724835071,0.13913530722886674,0.13913530724835071,0.13913530726528844,0.13913530724835071,0.13913530720844863,0.13913530714471548,0.13913530720844863,0.13913530724835071,0.13913530722886674,0.13913530714471548,0.1391353069408767,0.13913530714471548,0.13913530722886674,0.13913530724835071,0.13913530720844863,0.13913530714471548,0.13913530720844863,0.13913530724835071,0.13913530726528844,0.13913530724835071,0.13913530722886674,0.13913530724835071,0.13913530726528844,0.1380798040116768,0.13807980403335796,0.13807980405721387,0.13807980403335796,0.1380798040116768,0.13807980403335796,0.1380798040819211,0.1380798041563126,0.1380798040819211,0.13807980403335796,0.13807980405721387,0.1380798041563126,0.1380798043872835,0.1380798041563126,0.13807980405721387,0.13807980403335796,0.1380798040819211,0.1380798041563126,0.1380798040819211,0.13807980403335796,0.1380798040116768,0.13807980403335796,0.13807980405721387,0.13807980403335796,0.1380798040116768,0.13704476630213483,0.13704476635530474,0.13704476642237184,0.13704476635530474,0.13704476630213483,0.13704476635530474,0.13704476649248862,0.13704476677749997,0.13704476649248862,0.13704476635530474,0.13704476642237184,0.13704476677749997,0.1370447683848286,0.13704476677749997,0.13704476642237184,0.13704476635530474,0.13704476649248862,0.13704476677749997,0.13704476649248862,0.13704476635530474,0.13704476630213483,0.13704476635530474,0.13704476642237184,0.13704476635530474,0.13704476630213483,0.13602973297698767,0.1360297330158898,0.13602973305458618,0.1360297330158898,0.13602973297698767,0.1360297330158898,0.13602973309365995,0.13602973319930117,0.13602973309365995,0.1360297330158898,0.13602973305458618,0.13602973319930117,0.13602973349562436,0.13602973319930117,0.13602973305458618,0.1360297330158898,0.13602973309365995,0.13602973319930117,0.13602973309365995,0.1360297330158898,0.13602973297698767,0.1360297330158898,0.13602973305458618,0.1360297330158898,0.13602973297698767,0.1350342524864391,0.1350342525111801,0.13503425253176574,0.1350342525111801,0.1350342524864391,0.1350342525111801,0.13503425255140486,0.13503425259163918,0.13503425255140486,0.1350342525111801,0.13503425253176574,0.13503425259163918,0.1350342526653414,0.13503425259163918,0.13503425253176574,0.1350342525111801,0.13503425255140486,0.13503425259163918,0.13503425255140486,0.1350342525111801,0.1350342524864391,0.1350342525111801,0.13503425253176574,0.1350342525111801,0.1350342524864391
0.16533248781075194,0.16533248781075194,0.16533248781075194,0.16533248781075194,0.16533248781075194,0.16533248781075194,0.16533248781075194,0.16533248781075194,0.16533248781075194,0.16533248781075194,0.16533248781075194,0.16533248781075194,0.16533248781075194,0.16533248781075194,0.16533248781075194,0.16533248781075194,0.16533248781075194,0.16533248781075194,0.16533248781075194,0.16533248781075194,0.16533248781075194,0.16533248781075194,0.16533248781075194,0.16533248781075194,0.16533248781075194,0.1637574940914511,0.1637574940914511,0.1637574940914511,0.1637574940914511,0.1637574940914511,0.1637574940914511,0.1637574940914511,0.1637574940914511,0.1637574940914511,0.1637574940914511,0.1637574940914511,0.1637574940914511,0.1637574940914511,0.1637574940914511,0.1637574940914511,0.1637574940914511,0.1637574940914511,0.1637574940914511,0.1637574940914511,0.1637574940914511,0.1637574940914511,0.1637574940914511,0.1637574940914511,0.1637574940914511,0.1637574940914511,0.16221388430405592,0.16221388430405592,0.16221388430405592,0.16221388430405592,0.16221388430405592,0.16221388430405592,0.16221388430405592,0.16221388430405592,0.16221388430405592,0.16221388430405592,0.16221388430405592,0.16221388430405592,0.16221388430405592,0.16221388430405592,0.16221388430405592,0.16221388430405592,0.16221388430405592,0.16221388430405592,0.16221388430405592,0.16221388430405592,0.16221388430405592,0.16221388430405592,0.16221388430405592,0.16221388430405592,0.16221388430405592,0.1607010674056068,0.1607010674056068,0.16070106740560658,0.1607010674056068,0.1607010674056068,0.1607010674056068,0.16070106740560658,0.16070106740560658,0.16070106740560658,0.1607010674056068,0.16070106740560658,0.16070106740560658,0.16070106740560658,0.16070106740560658,0.16070106740560658,0.1607010674056068,0.16070106740560658,0.16070106740560658,0.16070106740560658,0.1607010674056068,0.1607010674056068,0.1607010674056068,0.16070106740560658,0.1607010674056068,0.1607010674056068,0.15921845177108135,0.15921845177108135,0.15921845177108135,0.15921845177108135,0.15921845177108135,0.15921845177108135,0.15921845177108135,0.15921845177108135,0.15921845177108135,0.15921845177108135,0.15921845177108135,0.15921845177108135,0.15921845177108135,0.15921845177108135,0.15921845177108135,0.15921845177108135,0.15921845177108135,0.15921845177108135,0.15921845177108135,0.15921845177108135,0.15921845177108135,0.15921845177108135,0.15921845177108135,0.15921845177108135,0.15921845177108135,0.15776544654524696,0.15776544654524696,0.15776544654524674,0.15776544654524696,0.15776544654524696,0.15776544654524696,0.15776544654524674,0.15776544654524674,0.15776544654524674,0.15776544654524696,0.15776544654524674,0.15776544654524674,0.15776544654524674,0.15776544654524674,0.15776544654524674,0.15776544654524696,0.15776544654524674,0.15776544654524674,0.15776544654524674,0.15776544654524696,0.15776544654524696,0.15776544654524696,0.15776544654524674,0.15776544654524696,0.15776544654524696,0.15634146285698153,0.15634146285698153,0.1563414628569813,0.15634146285698153,0.15634146285698153,0.15634146285698153,0.1563414628569813,0.1563414628569813,0.1563414628569813,0.15634146285698153,0.1563414628569813,0.1563414628569813,0.1563414628569811,0.1563414628569813,0.1563414628569813,0.15634146285698153,0.1563414628569813,0.1563414628569813,0.1563414628569813,0.15634146285698153,0.15634146285698153,0.15634146285698153,0.1563414628569813,0.15634146285698153,0.15634146285698153,0.1549459149063364,0.154945914906336,0.1549459149063358,0.154945914906336,0.1549459149063364,0.154945914906336,0.15494591490633558,0.15494591490633539,0.15494591490633558,0.154945914906336,0.1549459149063358,0.15494591490633539,0.1549459149063352,0.15494591490633539,0.1549459149063358,0.154945914906336,0.15494591490633558,0.15494591490633539,0.15494591490633558,0.154945914906336,0.1549459149063364,0.154945914906336,0.1549459149063358,0.154945914906336,0.1549459149063364,0.15357822093403936,0.15357822093403833,0.15357822093403753,0.15357822093403833,0.15357822093403936,0.15357822093403833,0.15357822093403714,0.15357822093403634,0.15357822093403714,0.15357822093403833,0.15357822093403753,0.15357822093403634,0.15357822093403553,0.15357822093403634,0.15357822093403753,0.15357822093403833,0.15357822093403714,0.15357822093403634,0.15357822093403714,0.15357822093403833,0.15357822093403936,0.15357822093403833,0.15357822093403753,0.15357822093403833,0.15357822093403936,0.15223780408259877,0.1522378040825952,0.15223780408259305,0.1522378040825952,0.15223780408259877,0.1522378040825952,0.1522378040825915,0.15223780408258933,0.1522378040825915,0.1522378040825952,0.15223780408259305,0.15223780408258933,0.15223780408258694,0.15223780408258933,0.15223780408259305,0.1522378040825952,0.1522378040825915,0.15223780408258933,0.1522378040825915,0.1522378040825952,0.15223780408259877,0.1522378040825952,0.15223780408259305,0.1522378040825952,0.15223780408259877,0.1509240931576115,0.1509240931576007,0.15092409315759375,0.1509240931576007,0.1509240931576115,0.1509240931576007,0.15092409315758912,0.1509240931575818,0.15092409315758912,0.1509240931576007,0.15092409315759375,0.1509240931575818,0.15092409315757407,0.1509240931575818,0.15092409315759375,0.1509240931576007,0.15092409315758912,0.1509240931575818,0.15092409315758912,0.1509240931576007,0.1509240931576115,0.1509240931576007,0.15092409315759375,0.1509240931576007,0.1509240931576115,0.14963652329735871,0.14963652329732544,0.14963652329730445,0.14963652329732544,0.14963652329735871,0.14963652329732544,0.14963652329728933,0.14963652329726607,0.14963652329728933,0.14963652329732544,0.14963652329730445,0.14963652329726607,0.14963652329724147,0.14963652329726607,0.14963652329730445,0.14963652329732544,0.14963652329728933,0.14963652329726607,0.14963652329728933,0.14963652329732544,0.14963652329735871,0.14963652329732544,0.14963652329730445,0.14963652329732544,0.14963652329735871,0.14837453655825605,0.14837453655815597,0.14837453655809224,0.14837453655815597,0.14837453655825605,0.14837453655815597,0.14837453655804422,0.1483745365579716,0.14837453655804422,0.14837453655815597,0.14837453655809224,0.1483745365579716,0.14837453655789318,0.1483745365579716,0.14837453655809224,0.14837453655815597,0.14837453655804422,0.1483745365579716,0.14837453655804422,0.14837453655815597,0.14837453655825605,0.14837453655815597,0.14837453655809224,0.14837453655815597,0.14837453655825605,0.14713758242325067,0.1471375824229544,0.14713758242276165,0.1471375824229544,0.14713758242325067,0.1471375824229544,0.14713758242261052,0.14713758242238054,0.14713758242261052,0.1471375824229544,0.14713758242276165,0.14713758242238054,0.14713758242212366,0.14713758242238054,0.14713758242276165,0.1471375824229544,0.14713758242261052,0.14713758242238054,0.14713758242261052,0.1471375824229544,0.14713758242325067,0.1471375824229544,0.14713758242276165,0.1471375824229544,0.14713758242325067,0.1459251182398256,0.14592511823896612,0.14592511823838847,0.14592511823896612,0.1459251182398256,0.14592511823896612,0.1459251182379139,0.1459251182371755,0.1459251182379139,0.14592511823896612,0.14592511823838847,0.1459251182371755,0.14592511823630297,0.1459251182371755,0.14592511823838847,0.14592511823896612,0.1459251182379139,0.1459251182371755,0.1459251182379139,0.14592511823896612,0.1459251182398256,0.14592511823896612,0.14592511823838847,0.14592511823896612,0.1459251182398256,0.14473660959394358,0.14473660959153148,0.1447366095898263,0.14473660959153148,0.14473660959394358,0.14473660959153148,0.14473660958834855,0.14473660958592843,0.14473660958834855,0.14473660959153148,0.1447366095898263,0.14473660958592843,0.1447366095827902,0.14473660958592843,0.1447366095898263,0.14473660959153148,0.14473660958834855,0.14473660958592843,0.14473660958834855,0.14473660959153148,0.14473660959394358,0.14473660959153148,0.1447366095898263,0.14473660959153148,0.14473660959394358,0.14357153062611522,0.1435715306196995,0.14357153061479508,0.1435715306196995,0.14357153062611522,0.1435715306196995,0.14357153061029906,0.1435715306021791,0.14357153061029906,0.1435715306196995,0.14357153061479508,0.1435715306021791,0.1435715305899245,0.1435715306021791,0.14357153061479508,0.1435715306196995,0.14357153061029906,0.1435715306021791,0.14357153061029906,0.1435715306196995,0.14357153062611522,0.1435715306196995,0.14357153061479508,0.1435715306196995,0.14357153062611522,0.14242936429582093,0.14242936428023611,0.1424293642668334,0.14242936428023611,0.14242936429582093,0.14242936428023611,0.14242936425386432,0.14242936422619562,0.14242936425386432,0.14242936428023611,0.1424293642668334,0.14242936422619562,0.1424293641729124,0.14242936422619562,0.1424293642668334,0.14242936428023611,0.14242936425386432,0.14242936422619562,0.14242936425386432,0.14242936428023611,0.14242936429582093,0.14242936428023611,0.1424293642668334,0.14242936428023611,0.14242936429582093,0.14130960260006512,0.14130960256796896,0.14130960253524652,0.14130960256796896,0.14130960260006512,0.14130960256796896,0.14130960250193447,0.1413096024100374,0.14130960250193447,0.14130960256796896,0.14130960253524652,0.1413096024100374,0.14130960214804025,0.1413096024100374,0.14130960253524652,0.14130960256796896,0.14130960250193447,0.1413096024100374,0.14130960250193447,0.14130960256796896,0.14130960260006512,0.14130960256796896,0.14130960253524652,0.14130960256796896,0.14130960260006512,0.1402117467469205,0.14021174670063047,0.14021174664119423,0.14021174670063047,0.1402117467469205,0.14021174670063047,0.14021174657880262,0.14021174632240216,0.14021174657880262,0.14021174670063047,0.14021174664119423,0.14021174632240216,0.14021174486733892,0.14021174632240216,0.14021174664119423,0.14021174670063047,0.14021174657880262,0.14021174632240216,0.14021174657880262,0.14021174670063047,0.1402117467469205,0.14021174670063047,0.14021174664119423,0.14021174670063047,0.1402117467469205,0.13913530726489742,0.13913530724798373,0.13913530722852727,0.13913530724798373,0.13913530726489742,0.13913530724798373,0.1391353072081381,0.13913530714449507,0.1391353072081381,0.13913530724798373,0.13913530722852727,0.13913530714449507,0.13913530694094453,0.13913530714449507,0.13913530722852727,0.13913530724798373,0.1391353072081381,0.13913530714449507,0.1391353072081381,0.13913530724798373,0.13913530726489742,0.13913530724798373,0.13913530722852727,0.13913530724798373,0.13913530726489742,0.13807980401091943,0.13807980403256986,0.138079804056392,0.13807980403256986,0.13807980401091943,0.13807980403256986,0.13807980408106418,0.13807980415535057,0.13807980408106418,0.13807980403256986,0.138079804056392,0.13807980415535057,0.13807980438599482,0.13807980415535057,0.138079804056392,0.13807980403256986,0.13807980408106418,0.13807980415535057,0.13807980408106418,0.13807980403256986,0.13807980401091943,0.13807980403256986,0.138079804056392,0.13807980403256986,0.13807980401091943,0.13704476630106918,0.13704476635416396,0.13704476642113622,0.13704476635416396,0.13704476630106918,0.13704476635416396,0.13704476649115385,0.13704476677576213,0.13704476649115385,0.13704476635416396,0.13704476642113622,0.13704476677576213,0.13704476838084773,0.13704476677576213,0.13704476642113622,0.13704476635416396,0.13704476649115385,0.13704476677576213,0.13704476649115385,0.13704476635416396,0.13704476630106918,0.13704476635416396,0.13704476642113622,0.13704476635416396,0.13704476630106918,0.1360297329757647,0.13602973301461183,0.13602973305325347,0.13602973301461183,0.1360297329757647,0.13602973301461183,0.13602973309227193,0.13602973319776374,0.13602973309227193,0.13602973301461183,0.13602973305325347,0.13602973319776374,0.13602973349366795,0.13602973319776374,0.13602973305325347,0.13602973301461183,0.13602973309227193,0.13602973319776374,0.13602973309227193,0.13602973301461183,0.1360297329757647,0.13602973301461183,0.13602973305325347,0.13602973301461183,0.1360297329757647,0.13503425248516962,0.13503425250987564,0.1350342525304322,0.13503425250987564,0.13503425248516962,0.13503425250987564,0.13503425255004353,0.13503425259022095,0.13503425255004353,0.13503425250987564,0.1350342525304322,0.13503425259022095,0.13503425266381885,0.13503425259022095,0.1350342525304322,0.13503425250987564,0.13503425255004353,0.13503425259022095,0.13503425255004353,0.13503425250987564,0.13503425248516962,0.13503425250987564,0.1350342525304322,0.13503425250987564,0.13503425248516962
0.16533248781106816,0.16533248781106816,0.16533248781106816,0.16533248781106816,0.16533248781106816,0.16533248781106816,0.16533248781106816,0.16533248781106816,0.16533248781106816,0.16533248781106816,0.16533248781106816,0.16533248781106816,0.16533248781106816,0.16533248781106816,0.16533248781106816,0.16533248781106816,0.16533248781106816,0.16533248781106816,0.16533248781106816,0.16533248781106816,0.16533248781106816,0.16533248781106816,0.16533248781106816,0.16533248781106816,0.16533248781106816,0.16375749409176105,0.16375749409176105,0.16375749409176105,0.16375749409176105,0.16375749409176105,0.16375749409176105,0.16375749409176105,0.16375749409176105,0.16375749409176105,0.16375749409176105,0.16375749409176105,0.16375749409176105,0.16375749409176105,0.16375749409176105,0.16375749409176105,0.16375749409176105,0.16375749409176105,0.16375749409176105,0.16375749409176105,0.16375749409176105,0.16375749409176105,0.16375749409176105,0.16375749409176105,0.16375749409176105,0.16375749409176105,0.16221388430435965,0.16221388430435965,0.16221388430435965,0.16221388430435965,0.16221388430435965,0.16221388430435965,0.16221388430435965,0.16221388430435965,0.16221388430435965,0.16221388430435965,0.16221388430435965,0.16221388430435965,0.16221388430435965,0.16221388430435965,0.16221388430435965,0.16221388430435965,0.16221388430435965,0.16221388430435965,0.16221388430435965,0.16221388430435965,0.16221388430435965,0.16221388430435965,0.16221388430435965,0.16221388430435965,0.16221388430435965,0.16070106740590429,0.16070106740590429,0.16070106740590429,0.16070106740590429,0.16070106740590429,0.16070106740590429,0.16070106740590429,0.16070106740590429,0.16070106740590429,0.16070106740590429,0.16070106740590429,0.16070106740590429,0.16070106740590429,0.16070106740590429,0.16070106740590429,0.16070106740590429,0.16070106740590429,0.16070106740590429,0.16070106740590429,0.16070106740590429,0.16070106740590429,0.16070106740590429,0.16070106740590429,0.16070106740590429,0.16070106740590429,0.15921845177137312,0.15921845177137312,0.15921845177137312,0.15921845177137312,0.15921845177137312,0.15921845177137312,0.15921845177137312,0.15921845177137312,0.15921845177137312,0.15921845177137312,0.15921845177137312,0.15921845177137312,0.15921845177137312,0.15921845177137312,0.15921845177137312,0.15921845177137312,0.15921845177137312,0.15921845177137312,0.15921845177137312,0.15921845177137312,0.15921845177137312,0.15921845177137312,0.15921845177137312,0.15921845177137312,0.15921845177137312,0.15776544654553262,0.15776544654553262,0.15776544654553262,0.15776544654553262,0.15776544654553262,0.15776544654553262,0.15776544654553262,0.15776544654553262,0.15776544654553262,0.15776544654553262,0.15776544654553262,0.15776544654553262,0.15776544654553262,0.15776544654553262,0.15776544654553262,0.15776544654553262,0.15776544654553262,0.15776544654553262,0.15776544654553262,0.15776544654553262,0.15776544654553262,0.15776544654553262,0.15776544654553262,0.15776544654553262,0.15776544654553262,0.1563414628572617,0.1563414628572615,0.1563414628572615,0.1563414628572615,0.1563414628572617,0.1563414628572615,0.1563414628572615,0.15634146285726128,0.1563414628572615,0.1563414628572615,0.1563414628572615,0.15634146285726128,0.15634146285726128,0.15634146285726128,0.1563414628572615,0.1563414628572615,0.1563414628572615,0.15634146285726128,0.1563414628572615,0.1563414628572615,0.1563414628572617,0.1563414628572615,0.1563414628572615,0.1563414628572615,0.1563414628572617,0.15494591490661083,0.15494591490661042,0.1549459149066102,0.15494591490661042,0.15494591490661083,0.15494591490661042,0.15494591490661,0.1549459149066098,0.15494591490661,0.15494591490661042,0.1549459149066102,0.1549459149066098,0.15494591490660958,0.1549459149066098,0.1549459149066102,0.15494591490661042,0.15494591490661,0.1549459149066098,0.15494591490661,0.15494591490661042,0.15494591490661083,0.15494591490661042,0.1549459149066102,0.15494591490661042,0.15494591490661083,0.15357822093430828,0.15357822093430729,0.15357822093430648,0.15357822093430729,0.15357822093430828,0.15357822093430729,0.15357822093430606,0.15357822093430526,0.15357822093430606,0.15357822093430729,0.15357822093430648,0.15357822093430526,0.15357822093430448,0.15357822093430526,0.15357822093430648,0.15357822093430729,0.15357822093430606,0.15357822093430526,0.15357822093430606,0.15357822093430729,0.15357822093430828,0.15357822093430729,0.15357822093430648,0.15357822093430729,0.15357822093430828,0.15223780408286233,0.1522378040828588,0.15223780408285661,0.1522378040828588,0.15223780408286233,0.1522378040828588,0.15223780408285503,0.15223780408285267,0.15223780408285503,0.1522378040828588,0.15223780408285661,0.15223780408285267,0.15223780408285031,0.15223780408285267,0.15223780408285661,0.1522378040828588,0.15223780408285503,0.15223780408285267,0.15223780408285503,0.1522378040828588,0.15223780408286233,0.1522378040828588,0.15223780408285661,0.1522378040828588,0.15223780408286233,0.15092409315786962,0.15092409315785882,0.15092409315785185,0.15092409315785882,0.15092409315786962,0.15092409315785882,0.15092409315784724,0.15092409315783992,0.15092409315784724,0.15092409315785882,0.15092409315785185,0.15092409315783992,0.15092409315783217,0.15092409315783992,0.15092409315785185,0.15092409315785882,0.15092409315784724,0.15092409315783992,0.15092409315784724,0.15092409315785882,0.15092409315786962,0.15092409315785882,0.15092409315785185,0.15092409315785882,0.15092409315786962,0.1496365232976115,0.14963652329757843,0.14963652329755744,0.14963652329757843,0.1496365232976115,0.14963652329757843,0.14963652329754232,0.1496365232975191,0.14963652329754232,0.14963652329757843,0.14963652329755744,0.1496365232975191,0.14963652329749466,0.1496365232975191,0.14963652329755744,0.14963652329757843,0.14963652329754232,0.1496365232975191,0.14963652329754232,0.14963652329757843,0.1496365232976115,0.14963652329757843,0.14963652329755744,0.14963652329757843,0.1496365232976115,0.14837453655850366,0.14837453655840377,0.14837453655834001,0.14837453655840377,0.14837453655850366,0.14837453655840377,0.1483745365582922,0.14837453655821956,0.1483745365582922,0.14837453655840377,0.14837453655834001,0.14837453655821956,0.14837453655814134,0.14837453655821956,0.14837453655834001,0.14837453655840377,0.1483745365582922,0.14837453655821956,0.1483745365582922,0.14837453655840377,0.14837453655850366,0.14837453655840377,0.14837453655834001,0.14837453655840377,0.14837453655850366,0.14713758242349284,0.14713758242319708,0.14713758242300454,0.14713758242319708,0.14713758242349284,0.14713758242319708,0.14713758242285357,0.14713758242262398,0.14713758242285357,0.14713758242319708,0.14713758242300454,0.14713758242262398,0.14713758242236746,0.14713758242262398,0.14713758242300454,0.14713758242319708,0.14713758242285357,0.14713758242262398,0.14713758242285357,0.14713758242319708,0.14713758242349284,0.14713758242319708,0.14713758242300454,0.14713758242319708,0.14713758242349284,0.14592511824006157,0.1459251182392033,0.14592511823862636,0.1459251182392033,0.14592511824006157,0.1459251182392033,0.14592511823815252,0.14592511823741533,0.14592511823815252,0.1459251182392033,0.14592511823862636,0.14592511823741533,0.1459251182365439,0.14592511823741533,0.14592511823862636,0.1459251182392033,0.14592511823815252,0.14592511823741533,0.14592511823815252,0.1459251182392033,0.14592511824006157,0.1459251182392033,0.14592511823862636,0.1459251182392033,0.14592511824006157,0.144736609594171,0.1447366095917622,0.1447366095900595,0.1447366095917622,0.144736609594171,0.1447366095917622,0.14473660958858367,0.1447366095861672,0.14473660958858367,0.1447366095917622,0.1447366095900595,0.1447366095861672,0.14473660958303317,0.1447366095861672,0.1447366095900595,0.1447366095917622,0.14473660958858367,0.1447366095861672,0.14473660958858367,0.1447366095917622,0.144736609594171,0.1447366095917622,0.1447366095900595,0.1447366095917622,0.144736609594171,0.14357153062632708,0.14357153061992026,0.14357153061502265,0.14357153061992026,0.14357153062632708,0.14357153061992026,0.14357153061053315,0.14357153060242447,0.14357153061053315,0.14357153061992026,0.14357153061502265,0.14357153060242447,0.14357153059018732,0.14357153060242447,0.14357153061502265,0.14357153061992026,0.14357153061053315,0.14357153060242447,0.14357153061053315,0.14357153061992026,0.14357153062632708,0.14357153061992026,0.14357153061502265,0.14357153061992026,0.14357153062632708,0.1424293642959981,0.1424293642804354,0.14242936426705163,0.1424293642804354,0.1424293642959981,0.1424293642804354,0.142429364254101,0.14242936422647123,0.142429364254101,0.1424293642804354,0.14242936426705163,0.14242936422647123,0.14242936417326332,0.14242936422647123,0.14242936426705163,0.1424293642804354,0.142429364254101,0.14242936422647123,0.142429364254101,0.1424293642804354,0.1424293642959981,0.1424293642804354,0.14242936426705163,0.1424293642804354,0.1424293642959981,0.14130960260016215,0.1413096025681114,0.141309602535435,0.1413096025681114,0.14130960260016215,0.1413096025681114,0.14130960250217017,0.141309602410403,0.14130960250217017,0.1413096025681114,0.141309602535435,0.141309602410403,0.14130960214877575,0.141309602410403,0.141309602535435,0.1413096025681114,0.14130960250217017,0.141309602410403,0.14130960250217017,0.1413096025681114,0.14130960260016215,0.1413096025681114,0.141309602535435,0.1413096025681114,0.14130960260016215,0.1402117467468428,0.14021174670061803,0.14021174664126568,0.14021174670061803,0.1402117467468428,0.14021174670061803,0.14021174657896227,0.140211746322924,0.14021174657896227,0.14021174670061803,0.14021174664126568,0.140211746322924,0.14021174486990495,0.140211746322924,0.14021174664126568,0.14021174670061803,0.14021174657896227,0.140211746322924,0.14021174657896227,0.14021174670061803,0.1402117467468428,0.14021174670061803,0.14021174664126568,0.14021174670061803,0.1402117467468428,0.13913530726450768,0.1391353072476177,0.13913530722818876,0.1391353072476177,0.13913530726450768,0.1391353072476177,0.13913530720782838,0.1391353071442753,0.13913530720782838,0.1391353072476177,0.13913530722818876,0.1391353071442753,0.1391353069410122,0.1391353071442753,0.13913530722818876,0.1391353072476177,0.13913530720782838,0.1391353071442753,0.13913530720782838,0.1391353072476177,0.13913530726450768,0.1391353072476177,0.13913530722818876,0.1391353072476177,0.13913530726450768,0.13807980401016406,0.138079804031784,0.13807980405557246,0.138079804031784,0.13807980401016406,0.138079804031784,0.13807980408020992,0.1380798041543912,0.13807980408020992,0.138079804031784,0.13807980405557246,0.1380798041543912,0.13807980438470985,0.1380798041543912,0.13807980405557246,0.138079804031784,0.13807980408020992,0.1380798041543912,0.13807980408020992,0.138079804031784,0.13807980401016406,0.138079804031784,0.13807980405557246,0.138079804031784,0.13807980401016406,0.13704476630000656,0.1370447663530263,0.13704476641990393,0.1370447663530263,0.13704476630000656,0.1370447663530263,0.13704476648982275,0.13704476677402902,0.13704476648982275,0.1370447663530263,0.13704476641990393,0.13704476677402902,0.13704476837683374,0.13704476677402902,0.13704476641990393,0.1370447663530263,0.13704476648982275,0.13704476677402902,0.13704476648982275,0.1370447663530263,0.13704476630000656,0.1370447663530263,0.13704476641990393,0.1370447663530263,0.13704476630000656,0.13602973297454518,0.1360297330133374,0.13602973305192448,0.1360297330133374,0.13602973297454518,0.1360297330133374,0.13602973309088776,0.13602973319623063,0.13602973309088776,0.1360297330133374,0.13602973305192448,0.13602973319623063,0.1360297334917169,0.13602973319623063,0.13602973305192448,0.1360297330133374,0.13602973309088776,0.13602973319623063,0.13602973309088776,0.1360297330133374,0.13602973297454518,0.1360297330133374,0.13602973305192448,0.1360297330133374,0.13602973297454518,0.1350342524839038,0.13503425250857487,0.13503425252910226,0.13503425250857487,0.1350342524839038,0.13503425250857487,0.135034252548686,0.13503425258880664,0.135034252548686,0.13503425250857487,0.13503425252910226,0.13503425258880664,0.13503425266230062,0.13503425258880664,0.13503425252910226,0.13503425250857487,0.135034252548686,0.13503425258880664,0.135034252548686,0.13503425250857487,0.1350342524839038,0.13503425250857487,0.13503425252910226,0.13503425250857487,0.1350342524839038
0.16533248781138343,0.16533248781138343,0.16533248781138343,0.16533248781138343,0.16533248781138343,0.16533248781138343,0.16533248781138343,0.16533248781138343,0.16533248781138343,0.16533248781138343,0.16533248781138343,0.16533248781138343,0.16533248781138343,0.16533248781138343,0.16533248781138343,0.16533248781138343,0.16533248781138343,0.16533248781138343,0.16533248781138343,0.16533248781138343,0.16533248781138343,0.16533248781138343,0.16533248781138343,0.16533248781138343,0.16533248781138343,0.16375749409207005,0.16375749409207005,0.16375749409207005,0.16375749409207005,0.16375749409207005,0.16375749409207005,0.16375749409207005,0.16375749409207005,0.16375749409207005,0.16375749409207005,0.16375749409207005,0.16375749409207005,0.16375749409207005,0.16375749409207005,0.16375749409207005,0.16375749409207005,0.16375749409207005,0.16375749409207005,0.16375749409207005,0.16375749409207005,0.16375749409207005,0.16375749409207005,0.16375749409207005,0.16375749409207005,0.16375749409207005,0.16221388430466246,0.16221388430466246,0.16221388430466246,0.16221388430466246,0.16221388430466246,0.16221388430466246,0.16221388430466246,0.16221388430466246,0.16221388430466246,0.16221388430466246,0.16221388430466246,0.16221388430466246,0.16221388430466246,0.16221388430466246,0.16221388430466246,0.16221388430466246,0.16221388430466246,0.16221388430466246,0.16221388430466246,0.16221388430466246,0.16221388430466246,0.16221388430466246,0.16221388430466246,0.16221388430466246,0.16221388430466246,0.16070106740620108,0.16070106740620108,0.16070106740620108,0.16070106740620108,0.16070106740620108,0.16070106740620108,0.16070106740620108,0.16070106740620108,0.16070106740620108,0.16070106740620108,0.16070106740620108,0.16070106740620108,0.16070106740620108,0.16070106740620108,0.16070106740620108,0.16070106740620108,0.16070106740620108,0.16070106740620108,0.16070106740620108,0.16070106740620108,0.16070106740620108,0.16070106740620108,0.16070106740620108,0.16070106740620108,0.16070106740620108,0.15921845177166397,0.15921845177166397,0.15921845177166397,0.15921845177166397,0.15921845177166397,0.15921845177166397,0.15921845177166397,0.15921845177166397,0.15921845177166397,0.15921845177166397,0.15921845177166397,0.15921845177166397,0.15921845177166397,0.15921845177166397,0.15921845177166397,0.15921845177166397,0.15921845177166397,0.15921845177166397,0.15921845177166397,0.15921845177166397,0.15921845177166397,0.15921845177166397,0.15921845177166397,0.15921845177166397,0.15921845177166397,0.1577654465458177,0.1577654465458177,0.1577654465458177,0.1577654465458177,0.1577654465458177,0.1577654465458177,0.15776544654581748,0.15776544654581748,0.15776544654581748,0.1577654465458177,0.1577654465458177,0.15776544654581748,0.15776544654581748,0.15776544654581748,0.1577654465458177,0.1577654465458177,0.15776544654581748,0.15776544654581748,0.15776544654581748,0.1577654465458177,0.1577654465458177,0.1577654465458177,0.1577654465458177,0.1577654465458177,0.1577654465458177,0.15634146285754089,0.15634146285754066,0.15634146285754066,0.15634146285754066,0.15634146285754089,0.15634146285754066,0.15634146285754066,0.15634146285754047,0.15634146285754066,0.15634146285754066,0.15634146285754066,0.15634146285754047,0.15634146285754047,0.15634146285754047,0.15634146285754066,0.15634146285754066,0.15634146285754066,0.15634146285754047,0.15634146285754066,0.15634146285754066,0.15634146285754089,0.15634146285754066,0.15634146285754066,0.15634146285754066,0.15634146285754089,0.15494591490688442,0.15494591490688397,0.15494591490688378,0.15494591490688397,0.15494591490688442,0.15494591490688397,0.1549459149068836,0.1549459149068834,0.1549459149068836,0.15494591490688397,0.15494591490688378,0.1549459149068834,0.15494591490688317,0.1549459149068834,0.15494591490688378,0.15494591490688397,0.1549459149068836,0.1549459149068834,0.1549459149068836,0.15494591490688397,0.15494591490688442,0.15494591490688397,0.15494591490688378,0.15494591490688397,0.15494591490688442,0.15357822093457638,0.1535782209345752,0.1535782209345746,0.1535782209345752,0.15357822093457638,0.1535782209345752,0.153578220934574,0.1535782209345734,0.153578220934574,0.1535782209345752,0.1535782209345746,0.1535782209345734,0.15357822093457257,0.1535782209345734,0.1535782209345746,0.1535782209345752,0.153578220934574,0.1535782209345734,0.153578220934574,0.1535782209345752,0.15357822093457638,0.1535782209345752,0.1535782209345746,0.1535782209345752,0.15357822093457638,0.1522378040831249,0.15223780408312138,0.1522378040831192,0.15223780408312138,0.1522378040831249,0.15223780408312138,0.15223780408311763,0.1522378040831155,0.15223780408311763,0.15223780408312138,0.1522378040831192,0.1522378040831155,0.1522378040831131,0.1522378040831155,0.1522378040831192,0.15223780408312138,0.15223780408311763,0.1522378040831155,0.15223780408311763,0.15223780408312138,0.1522378040831249,0.15223780408312138,0.1522378040831192,0.15223780408312138,0.1522378040831249,0.15092409315812697,0.15092409315811617,0.15092409315810923,0.15092409315811617,0.15092409315812697,0.15092409315811617,0.1509240931581046,0.15092409315809727,0.1509240931581046,0.15092409315811617,0.15092409315810923,0.15092409315809727,0.15092409315808955,0.15092409315809727,0.15092409315810923,0.15092409315811617,0.1509240931581046,0.15092409315809727,0.1509240931581046,0.15092409315811617,0.15092409315812697,0.15092409315811617,0.15092409315810923,0.15092409315811617,0.15092409315812697,0.1496365232978636,0.1496365232978305,0.1496365232978095,0.1496365232978305,0.1496365232978636,0.1496365232978305,0.14963652329779456,0.1496365232977713,0.14963652329779456,0.1496365232978305,0.1496365232978095,0.1496365232977713,0.1496365232977469,0.1496365232977713,0.1496365232978095,0.1496365232978305,0.14963652329779456,0.1496365232977713,0.14963652329779456,0.1496365232978305,0.1496365232978636,0.1496365232978305,0.1496365232978095,0.1496365232978305,0.1496365232978636,0.14837453655875052,0.14837453655865082,0.14837453655858726,0.14837453655865082,0.14837453655875052,0.14837453655865082,0.14837453655853922,0.1483745365584668,0.14837453655853922,0.14837453655865082,0.14837453655858726,0.1483745365584668,0.14837453655838856,0.1483745365584668,0.14837453655858726,0.14837453655865082,0.14837453655853922,0.1483745365584668,0.14837453655853922,0.14837453655865082,0.14837453655875052,0.14837453655865082,0.14837453655858726,0.14837453655865082,0.14837453655875052,0.14713758242373426,0.14713758242343888,0.1471375824232465,0.14713758242343888,0.14713758242373426,0.14713758242343888,0.1471375824230959,0.14713758242286668,0.1471375824230959,0.14713758242343888,0.1471375824232465,0.14713758242286668,0.14713758242261052,0.14713758242286668,0.1471375824232465,0.14713758242343888,0.1471375824230959,0.14713758242286668,0.1471375824230959,0.14713758242343888,0.14713758242373426,0.14713758242343888,0.1471375824232465,0.14713758242343888,0.14713758242373426,0.14592511824029678,0.14592511823943957,0.14592511823886373,0.14592511823943957,0.14592511824029678,0.14592511823943957,0.14592511823839044,0.1459251182376543,0.14592511823839044,0.14592511823943957,0.14592511823886373,0.1459251182376543,0.14592511823678408,0.1459251182376543,0.14592511823886373,0.14592511823943957,0.14592511823839044,0.1459251182376543,0.14592511823839044,0.14592511823943957,0.14592511824029678,0.14592511823943957,0.14592511823886373,0.14592511823943957,0.14592511824029678,0.14473660959439758,0.1447366095919921,0.1447366095902918,0.1447366095919921,0.14473660959439758,0.1447366095919921,0.1447366095888183,0.1447366095864051,0.1447366095888183,0.1447366095919921,0.1447366095902918,0.1447366095864051,0.1447366095832756,0.1447366095864051,0.1447366095902918,0.1447366095919921,0.1447366095888183,0.1447366095864051,0.1447366095888183,0.1447366095919921,0.14473660959439758,0.1447366095919921,0.1447366095902918,0.1447366095919921,0.14473660959439758,0.14357153062653802,0.1435715306201403,0.14357153061524974,0.1435715306201403,0.14357153062653802,0.1435715306201403,0.14357153061076655,0.14357153060266933,0.14357153061076655,0.1435715306201403,0.14357153061524974,0.14357153060266933,0.1435715305904493,0.14357153060266933,0.14357153061524974,0.1435715306201403,0.14357153061076655,0.14357153060266933,0.14357153061076655,0.1435715306201403,0.14357153062653802,0.1435715306201403,0.14357153061524974,0.1435715306201403,0.14357153062653802,0.1424293642961749,0.14242936428063402,0.14242936426726904,0.14242936428063402,0.1424293642961749,0.14242936428063402,0.14242936425433672,0.14242936422674604,0.14242936425433672,0.14242936428063402,0.14242936426726904,0.14242936422674604,0.1424293641736131,0.14242936422674604,0.14242936426726904,0.14242936428063402,0.14242936425433672,0.14242936422674604,0.14242936425433672,0.14242936428063402,0.1424293642961749,0.14242936428063402,0.14242936426726904,0.14242936428063402,0.1424293642961749,0.14130960260025888,0.14130960256825334,0.14130960253562297,0.14130960256825334,0.14130960260025888,0.14130960256825334,0.141309602502405,0.14130960241076732,0.141309602502405,0.14130960256825334,0.14130960253562297,0.14130960241076732,0.1413096021495091,0.14130960241076732,0.14130960253562297,0.14130960256825334,0.141309602502405,0.14130960241076732,0.141309602502405,0.14130960256825334,0.14130960260025888,0.14130960256825334,0.14130960253562297,0.14130960256825334,0.14130960260025888,0.14021174674676506,0.14021174670060563,0.14021174664133695,0.14021174670060563,0.14021174674676506,0.14021174670060563,0.14021174657912142,0.14021174632344433,0.14021174657912142,0.14021174670060563,0.14021174664133695,0.14021174632344433,0.14021174487248098,0.14021174632344433,0.14021174664133695,0.14021174670060563,0.14021174657912142,0.14021174632344433,0.14021174657912142,0.14021174670060563,0.14021174674676506,0.14021174670060563,0.14021174664133695,0.14021174670060563,0.14021174674676506,0.13913530726411874,0.13913530724725262,0.13913530722785117,0.13913530724725262,0.13913530726411874,0.13913530724725262,0.1391353072075194,0.139135307144056,0.1391353072075194,0.13913530724725262,0.13913530722785117,0.139135307144056,0.13913530694107956,0.139135307144056,0.13913530722785117,0.13913530724725262,0.1391353072075194,0.139135307144056,0.1391353072075194,0.13913530724725262,0.13913530726411874,0.13913530724725262,0.13913530722785117,0.13913530724725262,0.13913530726411874,0.13807980400941058,0.1380798040310001,0.13807980405475506,0.1380798040310001,0.13807980400941058,0.1380798040310001,0.13807980407935763,0.13807980415343443,0.13807980407935763,0.1380798040310001,0.13807980405475506,0.13807980415343443,0.1380798043834281,0.13807980415343443,0.13807980405475506,0.1380798040310001,0.13807980407935763,0.13807980415343443,0.13807980407935763,0.1380798040310001,0.13807980400941058,0.1380798040310001,0.13807980405475506,0.1380798040310001,0.13807980400941058,0.13704476629894669,0.13704476635189158,0.13704476641867486,0.13704476635189158,0.13704476629894669,0.13704476635189158,0.13704476648849515,0.13704476677230049,0.13704476648849515,0.13704476635189158,0.13704476641867486,0.13704476677230049,0.1370447683728457,0.13704476677230049,0.13704476641867486,0.13704476635189158,0.13704476648849515,0.13704476677230049,0.13704476648849515,0.13704476635189158,0.13704476629894669,0.13704476635189158,0.13704476641867486,0.13704476635189158,0.13704476629894669,0.13602973297332874,0.13602973301206625,0.13602973305059893,0.13602973301206625,0.13602973297332874,0.13602973301206625,0.13602973308950733,0.13602973319470155,0.13602973308950733,0.13602973301206625,0.13602973305059893,0.13602973319470155,0.13602973348977104,0.13602973319470155,0.13602973305059893,0.13602973301206625,0.13602973308950733,0.13602973319470155,0.13602973308950733,0.13602973301206625,0.13602973297332874,0.13602973301206625,0.13602973305059893,0.13602973301206625,0.13602973297332874,0.13503425248264114,0.13503425250727744,0.1350342525277759,0.13503425250727744,0.13503425248264114,0.13503425250727744,0.13503425254733198,0.13503425258739618,0.13503425254733198,0.13503425250727744,0.1350342525277759,0.13503425258739618,0.13503425266078647,0.13503425258739618,0.1350342525277759,0.13503425250727744,0.13503425254733198,0.13503425258739618,0.13503425254733198,0.13503425250727744,0.13503425248264114,0.13503425250727744,0.1350342525277759,0.13503425250727744,0.13503425248264114
0.1653324877253374,0.1653324877253374,0.1653324877253374,0.1653324877253374,0.1653324877253374,0.1653324877253374,0.1653324877253374,0.1653324877253374,0.1653324877253374,0.1653324877253374,0.1653324877253374,0.1653324877253374,0.1653324877253374,0.1653324877253374,0.1653324877253374,0.1653324877253374,0.1653324877253374,0.1653324877253374,0.1653324877253374,0.1653324877253374,0.1653324877253374,0.1653324877253374,0.1653324877253374,0.1653324877253374,0.1653324877253374,0.16375749400675074,0.16375749400675074,0.16375749400675074,0.16375749400675074,0.16375749400675074,0.16375749400675074,0.16375749400675074,0.16375749400675074,0.16375749400675074,0.16375749400675074,0.16375749400675074,0.16375749400675074,0.16375749400675074,0.16375749400675074,0.16375749400675074,0.16375749400675074,0.16375749400675074,0.16375749400675074,0.16375749400675074,0.16375749400675074,0.16375749400675074,0.16375749400675074,0.16375749400675074,0.16375749400675074,0.16375749400675074,0.16221388421921124,0.16221388421921124,0.16221388421921124,0.16221388421921124,0.16221388421921124,0.16221388421921124,0.16221388421921124,0.16221388421921124,0.16221388421921124,0.16221388421921124,0.16221388421921124,0.16221388421921124,0.16221388421921124,0.16221388421921124,0.16221388421921124,0.16221388421921124,0.16221388421921124,0.16221388421921124,0.16221388421921124,0.16221388421921124,0.16221388421921124,0.16221388421921124,0.16221388421921124,0.16221388421921124,0.16221388421921124,0.16070106731972647,0.16070106731972647,0.16070106731972647,0.16070106731972647,0.16070106731972647,0.16070106731972647,0.16070106731972647,0.16070106731972647,0.16070106731972647,0.16070106731972647,0.16070106731972647,0.16070106731972647,0.16070106731972647,0.16070106731972647,0.16070106731972647,0.16070106731972647,0.16070106731972647,0.16070106731972647,0.16070106731972647,0.16070106731972647,0.16070106731972647,0.16070106731972647,0.16070106731972647,0.16070106731972647,0.16070106731972647,0.1592184516832448,0.1592184516832448,0.1592184516832448,0.1592184516832448,0.1592184516832448,0.1592184516832448,0.1592184516832448,0.15921845168324458,0.1592184516832448,0.1592184516832448,0.1592184516832448,0.15921845168324458,0.15921845168324458,0.15921845168324458,0.1592184516832448,0.1592184516832448,0.1592184516832448,0.15921845168324458,0.1592184516832448,0.1592184516832448,0.1592184516832448,0.1592184516832448,0.1592184516832448,0.1592184516832448,0.1592184516832448,0.15776544645450782,0.15776544645450763,0.15776544645450763,0.15776544645450763,0.15776544645450782,0.15776544645450763,0.1577654464545074,0.1577654464545074,0.1577654464545074,0.15776544645450763,0.15776544645450763,0.1577654464545074,0.15776544645450719,0.1577654464545074,0.15776544645450763,0.15776544645450763,0.1577654464545074,0.1577654464545074,0.1577654464545074,0.15776544645450763,0.15776544645450782,0.15776544645450763,0.15776544645450763,0.15776544645450763,0.15776544645450782,0.15634146276237426,0.15634146276237387,0.15634146276237346,0.15634146276237387,0.15634146276237426,0.15634146276237387,0.15634146276237346,0.15634146276237304,0.15634146276237346,0.15634146276237387,0.15634146276237346,0.15634146276237304,0.15634146276237282,0.15634146276237304,0.15634146276237346,0.15634146276237387,0.15634146276237346,0.15634146276237304,0.15634146276237346,0.15634146276237387,0.15634146276237426,0.15634146276237387,0.15634146276237346,0.15634146276237387,0.15634146276237426,0.15494591480688333,0.1549459148068819,0.15494591480688108,0.1549459148068819,0.15494591480688333,0.1549459148068819,0.15494591480688066,0.15494591480687986,0.15494591480688066,0.1549459148068819,0.15494591480688108,0.15494591480687986,0.15494591480687883,0.15494591480687986,0.15494591480688108,0.1549459148068819,0.15494591480688066,0.15494591480687986,0.15494591480688066,0.1549459148068819,0.15494591480688333,0.1549459148068819,0.15494591480688108,0.1549459148068819,0.15494591480688333,0.15357822082876202,0.15357822082875802,0.1535782208287556,0.15357822082875802,0.15357822082876202,0.15357822082875802,0.15357822082875378,0.15357822082875136,0.15357822082875378,0.15357822082875802,0.1535782208287556,0.15357822082875136,0.15357822082874878,0.15357822082875136,0.1535782208287556,0.15357822082875802,0.15357822082875378,0.15357822082875136,0.15357822082875378,0.15357822082875802,0.15357822082876202,0.15357822082875802,0.1535782208287556,0.15357822082875802,0.15357822082876202,0.152237803970533,0.15223780397052097,0.15223780397051329,0.15223780397052097,0.152237803970533,0.15223780397052097,0.15223780397050837,0.15223780397050032,0.15223780397050837,0.15223780397052097,0.15223780397051329,0.15223780397050032,0.15223780397049225,0.15223780397050032,0.15223780397051329,0.15223780397052097,0.15223780397050837,0.15223780397050032,0.15223780397050837,0.15223780397052097,0.152237803970533,0.15223780397052097,0.15223780397051329,0.15223780397052097,0.152237803970533,0.15092409303783214,0.15092409303779566,0.1509240930377729,0.15092409303779566,0.15092409303783214,0.15092409303779566,0.15092409303775728,0.15092409303773316,0.15092409303775728,0.15092409303779566,0.1509240930377729,0.15092409303773316,0.15092409303770787,0.15092409303773316,0.1509240930377729,0.15092409303779566,0.15092409303775728,0.15092409303773316,0.15092409303775728,0.15092409303779566,0.15092409303783214,0.15092409303779566,0.1509240930377729,0.15092409303779566,0.15092409303783214,0.14963652316902168,0.14963652316891407,0.14963652316884563,0.14963652316891407,0.14963652316902168,0.14963652316891407,0.14963652316879705,0.14963652316872236,0.14963652316879705,0.14963652316891407,0.14963652316884563,0.14963652316872236,0.14963652316864293,0.14963652316872236,0.14963652316884563,0.14963652316891407,0.14963652316879705,0.14963652316872236,0.14963652316879705,0.14963652316891407,0.14963652316902168,0.14963652316891407,0.14963652316884563,0.14963652316891407,0.14963652316902168,0.14837453642068774,0.14837453642037265,0.14837453642016898,0.14837453642037265,0.14837453642068774,0.14837453642037265,0.14837453642001702,0.14837453641978388,0.14837453642001702,0.14837453642037265,0.14837453642016898,0.14837453641978388,0.1483745364195283,0.14837453641978388,0.14837453642016898,0.14837453642037265,0.14837453642001702,0.14837453641978388,0.14837453642001702,0.14837453642037265,0.14837453642068774,0.14837453642037265,0.14837453642016898,0.14837453642037265,0.14837453642068774,0.14713758227615623,0.14713758227525142,0.14713758227464976,0.14713758227525142,0.14713758227615623,0.14713758227525142,0.14713758227417364,0.1471375822734359,0.14713758227417364,0.14713758227525142,0.14713758227464976,0.1471375822734359,0.1471375822725825,0.1471375822734359,0.14713758227464976,0.14713758227525142,0.14713758227417364,0.1471375822734359,0.14713758227417364,0.14713758227525142,0.14713758227615623,0.14713758227525142,0.14713758227464976,0.14713758227525142,0.14713758227615623,0.14592511808381134,0.14592511808129388,0.14592511807953798,0.14592511808129388,0.14592511808381134,0.14592511808129388,0.14592511807805578,0.14592511807567204,0.14592511807805578,0.14592511808129388,0.14592511807953798,0.14592511807567204,0.14592511807266453,0.14592511807567204,0.14592511807953798,0.14592511808129388,0.14592511807805578,0.14592511807567204,0.14592511807805578,0.14592511808129388,0.14592511808381134,0.14592511808129388,0.14592511807953798,0.14592511808129388,0.14592511808381134,0.14473660943181837,0.1447366094251572,0.14473660942014865,0.1447366094251572,0.14473660943181837,0.1447366094251572,0.1447366094156224,0.14473660940772543,0.1447366094156224,0.1447366094251572,0.14473660942014865,0.14473660940772543,0.14473660939625088,0.14473660940772543,0.14473660942014865,0.1447366094251572,0.1447366094156224,0.14473660940772543,0.1447366094156224,0.1447366094251572,0.14473660943181837,0.1447366094251572,0.14473660942014865,0.1447366094251572,0.14473660943181837,0.1435715304662535,0.1435715304496865,0.14357153043601031,0.1435715304496865,0.1435715304662535,0.1435715304496865,0.14357153042282297,0.14357153039612544,0.14357153042282297,0.1435715304496865,0.14357153043601031,0.14357153039612544,0.14357153034747033,0.14357153039612544,0.14357153043601031,0.1435715304496865,0.14357153042282297,0.14357153039612544,0.14357153042282297,0.1435715304496865,0.1435715304662535,0.1435715304496865,0.14357153043601031,0.1435715304496865,0.1435715304662535,0.1424293641595689,0.14242936412332524,0.14242936408855159,0.14242936412332524,0.1424293641595689,0.14242936412332524,0.14242936405392473,0.14242936396472478,0.14242936405392473,0.14242936412332524,0.14242936408855159,0.14242936396472478,0.1424293637313121,0.14242936396472478,0.14242936408855159,0.14242936412332524,0.14242936405392473,0.14242936396472478,0.14242936405392473,0.14242936412332524,0.1424293641595689,0.14242936412332524,0.14242936408855159,0.14242936412332524,0.1424293641595689,0.14130960253114688,0.14130960247023075,0.14130960239995005,0.14130960247023075,0.14130960253114688,0.14130960247023075,0.14130960232725256,0.14130960206740978,0.14130960232725256,0.14130960247023075,0.14130960239995005,0.14130960206740978,0.14130960079997015,0.14130960206740978,0.14130960239995005,0.14130960247023075,0.14130960232725256,0.14130960206740978,0.14130960232725256,0.14130960247023075,0.14130960253114688,0.14130960247023075,0.14130960239995005,0.14130960247023075,0.14130960253114688,0.14021174680694917,0.14021174675251713,0.1402117466871631,0.14021174675251713,0.14021174680694917,0.14021174675251713,0.1402117466189762,0.1402117463663434,0.1402117466189762,0.14021174675251713,0.1402117466871631,0.1402117463663434,0.14021174510880463,0.1402117463663434,0.1402117466871631,0.14021174675251713,0.1402117466189762,0.1402117463663434,0.1402117466189762,0.14021174675251713,0.14021174680694917,0.14021174675251713,0.1402117466871631,0.14021174675251713,0.14021174680694917,0.13913530747405686,0.13913530746291422,0.13913530744964436,0.13913530746291422,0.13913530747405686,0.13913530746291422,0.13913530743562144,0.13913530739068097,0.13913530743562144,0.13913530746291422,0.13913530744964436,0.13913530739068097,0.1391353072441756,0.13913530739068097,0.13913530744964436,0.13913530746291422,0.13913530743562144,0.13913530739068097,0.13913530743562144,0.13913530746291422,0.13913530747405686,0.13913530746291422,0.13913530744964436,0.13913530746291422,0.13913530747405686,0.1380798043614406,0.1380798044014788,0.13807980444402682,0.1380798044014788,0.1380798043614406,0.1380798044014788,0.1380798044877896,0.13807980461421313,0.1380798044877896,0.1380798044014788,0.13807980444402682,0.13807980461421313,0.1380798049906724,0.13807980461421313,0.13807980444402682,0.1380798044014788,0.1380798044877896,0.13807980461421313,0.1380798044877896,0.1380798044014788,0.1380798043614406,0.1380798044014788,0.13807980444402682,0.1380798044014788,0.1380798043614406,0.13704476675955102,0.13704476684239184,0.13704476694531353,0.13704476684239184,0.13704476675955102,0.13704476684239184,0.13704476705261304,0.1370447674834382,0.13704476705261304,0.13704476684239184,0.13704476694531353,0.1370447674834382,0.13704476989341566,0.1370447674834382,0.13704476694531353,0.13704476684239184,0.13704476705261304,0.1370447674834382,0.13704476705261304,0.13704476684239184,0.13704476675955102,0.13704476684239184,0.13704476694531353,0.13704476684239184,0.13704476675955102,0.13602973348540642,0.13602973354493578,0.13602973360378906,0.13602973354493578,0.13602973348540642,0.13602973354493578,0.13602973366305857,0.13602973382254668,0.13602973366305857,0.13602973354493578,0.13602973360378906,0.13602973382254668,0.13602973426779089,0.13602973382254668,0.13602973360378906,0.13602973354493578,0.13602973366305857,0.13602973382254668,0.13602973366305857,0.13602973354493578,0.13602973348540642,0.13602973354493578,0.13602973360378906,0.13602973354493578,0.13602973348540642,0.1350342530075336,0.13503425304518443,0.13503425307641212,0.13503425304518443,0.1350342530075336,0.13503425304518443,0.13503425310617145,0.1350342531669327,0.13503425310617145,0.13503425304518443,0.13503425307641212,0.1350342531669327,0.13503425327786836,0.1350342531669327,0.13503425307641212,0.13503425304518443,0.13503425310617145,0.1350342531669327,0.13503425310617145,0.13503425304518443,0.1350342530075336,0.13503425304518443,0.13503425307641212,0.13503425304518443,0.1350342530075336
0.16533248765650266,0.16533248765650266,0.16533248765650266,0.16533248765650266,0.16533248765650266,0.16533248765650266,0.16533248765650266,0.16533248765650266,0.16533248765650266,0.16533248765650266,0.16533248765650266,0.16533248765650266,0.16533248765650266,0.16533248765650266,0.16533248765650266,0.16533248765650266,0.16533248765650266,0.16533248765650266,0.16533248765650266,0.16533248765650266,0.16533248765650266,0.16533248765650266,0.16533248765650266,0.16533248765650266,0.16533248765650266,0.16375749393986422,0.16375749393986422,0.16375749393986422,0.16375749393986422,0.16375749393986422,0.16375749393986422,0.16375749393986422,0.16375749393986422,0.16375749393986422,0.16375749393986422,0.16375749393986422,0.16375749393986422,0.16375749393986422,0.16375749393986422,0.16375749393986422,0.16375749393986422,0.16375749393986422,0.16375749393986422,0.16375749393986422,0.16375749393986422,0.16375749393986422,0.16375749393986422,0.16375749393986422,0.16375749393986422,0.16375749393986422,0.1622138841547305,0.1622138841547305,0.1622138841547305,0.1622138841547305,0.1622138841547305,0.1622138841547305,0.1622138841547305,0.1622138841547305,0.1622138841547305,0.1622138841547305,0.1622138841547305,0.1622138841547305,0.1622138841547305,0.1622138841547305,0.1622138841547305,0.1622138841547305,0.1622138841547305,0.1622138841547305,0.1622138841547305,0.1622138841547305,0.1622138841547305,0.1622138841547305,0.1622138841547305,0.1622138841547305,0.1622138841547305,0.160701067258133,0.160701067258133,0.160701067258133,0.160701067258133,0.160701067258133,0.160701067258133,0.160701067258133,0.160701067258133,0.160701067258133,0.160701067258133,0.160701067258133,0.160701067258133,0.160701067258133,0.160701067258133,0.160701067258133,0.160701067258133,0.160701067258133,0.160701067258133,0.160701067258133,0.160701067258133,0.160701067258133,0.160701067258133,0.160701067258133,0.160701067258133,0.160701067258133,0.15921845162504625,0.15921845162504625,0.15921845162504603,0.15921845162504625,0.15921845162504625,0.15921845162504625,0.15921845162504603,0.15921845162504603,0.15921845162504603,0.15921845162504625,0.15921845162504603,0.15921845162504603,0.15921845162504603,0.15921845162504603,0.15921845162504603,0.15921845162504625,0.15921845162504603,0.15921845162504603,0.15921845162504603,0.15921845162504625,0.15921845162504625,0.15921845162504625,0.15921845162504603,0.15921845162504625,0.15921845162504625,0.15776544640023785,0.15776544640023762,0.15776544640023762,0.15776544640023762,0.15776544640023785,0.15776544640023762,0.15776544640023762,0.15776544640023743,0.15776544640023762,0.15776544640023762,0.15776544640023762,0.15776544640023743,0.15776544640023743,0.15776544640023743,0.15776544640023762,0.15776544640023762,0.15776544640023762,0.15776544640023743,0.15776544640023762,0.15776544640023762,0.15776544640023785,0.15776544640023762,0.15776544640023762,0.15776544640023762,0.15776544640023785,0.15634146271259328,0.15634146271259286,0.15634146271259264,0.15634146271259286,0.15634146271259328,0.15634146271259286,0.15634146271259242,0.15634146271259222,0.15634146271259242,0.15634146271259286,0.15634146271259264,0.15634146271259222,0.1563414627125918,0.15634146271259222,0.15634146271259264,0.15634146271259286,0.15634146271259242,0.15634146271259222,0.15634146271259242,0.15634146271259286,0.15634146271259328,0.15634146271259286,0.15634146271259264,0.15634146271259286,0.15634146271259328,0.1549459147621764,0.15494591476217517,0.15494591476217434,0.15494591476217517,0.1549459147621764,0.15494591476217517,0.15494591476217376,0.15494591476217293,0.15494591476217376,0.15494591476217517,0.15494591476217434,0.15494591476217293,0.1549459147621721,0.15494591476217293,0.15494591476217434,0.15494591476217517,0.15494591476217376,0.15494591476217293,0.15494591476217376,0.15494591476217517,0.1549459147621764,0.15494591476217517,0.15494591476217434,0.15494591476217517,0.1549459147621764,0.15357822078973601,0.153578220789732,0.15357822078972938,0.153578220789732,0.15357822078973601,0.153578220789732,0.15357822078972777,0.15357822078972516,0.15357822078972777,0.153578220789732,0.15357822078972938,0.15357822078972516,0.15357822078972255,0.15357822078972516,0.15357822078972938,0.153578220789732,0.15357822078972777,0.15357822078972516,0.15357822078972777,0.153578220789732,0.15357822078973601,0.153578220789732,0.15357822078972938,0.153578220789732,0.15357822078973601,0.1522378039378098,0.1522378039377976,0.1522378039377901,0.1522378039377976,0.1522378039378098,0.1522378039377976,0.15223780393778522,0.15223780393777733,0.15223780393778522,0.1522378039377976,0.1522378039377901,0.15223780393777733,0.15223780393776928,0.15223780393777733,0.1522378039377901,0.1522378039377976,0.15223780393778522,0.15223780393777733,0.15223780393778522,0.1522378039377976,0.1522378039378098,0.1522378039377976,0.1522378039377901,0.1522378039377976,0.1522378039378098,0.1509240930120395,0.15092409301200344,0.15092409301198087,0.15092409301200344,0.1509240930120395,0.15092409301200344,0.15092409301196522,0.15092409301194112,0.15092409301196522,0.15092409301200344,0.15092409301198087,0.15092409301194112,0.15092409301191603,0.15092409301194112,0.15092409301198087,0.15092409301200344,0.15092409301196522,0.15092409301194112,0.15092409301196522,0.15092409301200344,0.1509240930120395,0.15092409301200344,0.15092409301198087,0.15092409301200344,0.1509240930120395,0.14963652315078002,0.1496365231506732,0.1496365231506053,0.1496365231506732,0.14963652315078002,0.1496365231506732,0.1496365231505567,0.1496365231504822,0.1496365231505567,0.1496365231506732,0.1496365231506053,0.1496365231504822,0.14963652315040318,0.1496365231504822,0.1496365231506053,0.1496365231506732,0.1496365231505567,0.1496365231504822,0.1496365231505567,0.1496365231506732,0.14963652315078002,0.1496365231506732,0.1496365231506053,0.1496365231506732,0.14963652315078002,0.14837453641058929,0.1483745364102772,0.14837453641007498,0.1483745364102772,0.14837453641058929,0.1483745364102772,0.1483745364099232,0.14837453640969078,0.1483745364099232,0.1483745364102772,0.14837453641007498,0.14837453640969078,0.1483745364094356,0.14837453640969078,0.14837453641007498,0.1483745364102772,0.1483745364099232,0.14837453640969078,0.1483745364099232,0.1483745364102772,0.14837453641058929,0.1483745364102772,0.14837453641007498,0.1483745364102772,0.14837453641058929,0.14713758227473842,0.147137582273845,0.14713758227324808,0.147137582273845,0.14713758227473842,0.147137582273845,0.14713758227277252,0.14713758227203624,0.14713758227277252,0.147137582273845,0.14713758227324808,0.14713758227203624,0.14713758227118265,0.14713758227203624,0.14713758227324808,0.147137582273845,0.14713758227277252,0.14713758227203624,0.14713758227277252,0.147137582273845,0.14713758227473842,0.147137582273845,0.14713758227324808,0.147137582273845,0.14713758227473842,0.1459251180915146,0.1459251180890409,0.1459251180873,0.1459251180890409,0.1459251180915146,0.1459251180890409,0.14592511808581848,0.1459251180834358,0.14592511808581848,0.1459251180890409,0.1459251180873,0.1459251180834358,0.14592511808042138,0.1459251180834358,0.1459251180873,0.1459251180890409,0.14592511808581848,0.1459251180834358,0.14592511808581848,0.1459251180890409,0.1459251180915146,0.1459251180890409,0.1459251180873,0.1459251180890409,0.1459251180915146,0.14473660944908132,0.14473660944241704,0.1447366094374502,0.14473660944241704,0.14473660944908132,0.14473660944241704,0.14473660943292607,0.14473660942501318,0.14473660943292607,0.14473660944241704,0.1447366094374502,0.14473660942501318,0.14473660941348923,0.14473660942501318,0.1447366094374502,0.14473660944241704,0.14473660943292607,0.14473660942501318,0.14473660943292607,0.14473660944241704,0.14473660944908132,0.14473660944241704,0.1447366094374502,0.14473660944241704,0.14473660944908132,0.14357153049363003,0.14357153047694463,0.14357153046313736,0.14357153047694463,0.14357153049363003,0.14357153047694463,0.1435715304499781,0.14357153042313733,0.1435715304499781,0.14357153047694463,0.14357153046313736,0.14357153042313733,0.14357153037419904,0.14357153042313733,0.14357153046313736,0.14357153047694463,0.1435715304499781,0.14357153042313733,0.1435715304499781,0.14357153047694463,0.14357153049363003,0.14357153047694463,0.14357153046313736,0.14357153047694463,0.14357153049363003,0.14242936419729665,0.14242936416085153,0.1424293641258922,0.14242936416085153,0.14242936419729665,0.14242936416085153,0.1424293640909996,0.142429364001339,0.1424293640909996,0.14242936416085153,0.1424293641258922,0.142429364001339,0.1424293637664023,0.142429364001339,0.1424293641258922,0.14242936416085153,0.1424293640909996,0.142429364001339,0.1424293640909996,0.14242936416085153,0.14242936419729665,0.14242936416085153,0.1424293641258922,0.14242936416085153,0.14242936419729665,0.14130960257936825,0.14130960251820573,0.14130960244760468,0.14130960251820573,0.14130960257936825,0.14130960251820573,0.14130960237455623,0.14130960211323357,0.14130960237455623,0.14130960251820573,0.14130960244760468,0.14130960211323357,0.14130960083593058,0.14130960211323357,0.14130960244760468,0.14130960251820573,0.14130960237455623,0.14130960211323357,0.14130960237455623,0.14130960251820573,0.14130960257936825,0.14130960251820573,0.14130960244760468,0.14130960251820573,0.14130960257936825,0.14021174686556553,0.14021174681110496,0.14021174674576176,0.14021174681110496,0.14021174686556553,0.14021174681110496,0.14021174667758823,0.14021174642528875,0.14021174667758823,0.14021174681110496,0.14021174674576176,0.14021174642528875,0.1402117451703076,0.14021174642528875,0.14021174674576176,0.14021174681110496,0.14021174667758823,0.14021174642528875,0.14021174667758823,0.14021174681110496,0.14021174686556553,0.14021174681110496,0.14021174674576176,0.14021174681110496,0.14021174686556553,0.13913530754216955,0.13913530753109524,0.13913530751790174,0.13913530753109524,0.13913530754216955,0.13913530753109524,0.1391353075039577,0.1391353074592582,0.1391353075039577,0.13913530753109524,0.13913530751790174,0.1391353074592582,0.1391353073135034,0.1391353074592582,0.13913530751790174,0.13913530753109524,0.1391353075039577,0.1391353074592582,0.1391353075039577,0.13913530753109524,0.13913530754216955,0.13913530753109524,0.13913530751790174,0.13913530753109524,0.13913530754216955,0.13807980443757742,0.1380798044777536,0.13807980452044052,0.1380798044777536,0.13807980443757742,0.1380798044777536,0.138079804564345,0.13807980469114592,0.138079804564345,0.1380798044777536,0.13807980452044052,0.13807980469114592,0.13807980506861964,0.13807980469114592,0.13807980452044052,0.1380798044777536,0.138079804564345,0.13807980469114592,0.138079804564345,0.1380798044777536,0.13807980443757742,0.1380798044777536,0.13807980452044052,0.1380798044777536,0.13807980443757742,0.13704476684172454,0.13704476692476866,0.13704476702793328,0.13704476692476866,0.13704476684172454,0.13704476692476866,0.13704476713548744,0.13704476756729586,0.13704476713548744,0.13704476692476866,0.13704476702793328,0.13704476756729586,0.13704476998465168,0.13704476756729586,0.13704476702793328,0.13704476692476866,0.13704476713548744,0.13704476756729586,0.13704476713548744,0.13704476692476866,0.13704476684172454,0.13704476692476866,0.13704476702793328,0.13704476692476866,0.13704476684172454,0.13602973357115597,0.13602973363081983,0.1360297336897999,0.13602973363081983,0.13602973357115597,0.13602973363081983,0.1360297337492095,0.13602973390901568,0.1360297337492095,0.13602973363081983,0.1360297336897999,0.13602973390901568,0.13602973435520865,0.13602973390901568,0.1360297336897999,0.13602973363081983,0.1360297337492095,0.13602973390901568,0.1360297337492095,0.13602973363081983,0.13602973357115597,0.13602973363081983,0.1360297336897999,0.13602973363081983,0.13602973357115597,0.13503425309426498,0.13503425313198847,0.13503425316327758,0.13503425313198847,0.13503425309426498,0.13503425313198847,0.13503425319307624,0.1350342532539514,0.13503425319307624,0.13503425313198847,0.13503425316327758,0.1350342532539514,0.13503425336511157,0.1350342532539514,0.13503425316327758,0.13503425313198847,0.13503425319307624,0.1350342532539514,0.13503425319307624,0.13503425313198847,0.13503425309426498,0.13503425313198847,0.13503425316327758,0.13503425313198847,0.13503425309426498
0.16533248763167605,0.16533248763167605,0.16533248763167605,0.16533248763167605,0.16533248763167605,0.16533248763167605,0.16533248763167605,0.16533248763167605,0.16533248763167605,0.16533248763167605,0.16533248763167605,0.16533248763167605,0.16533248763167605,0.16533248763167605,0.16533248763167605,0.16533248763167605,0.16533248763167605,0.16533248763167605,0.16533248763167605,0.16533248763167605,0.16533248763167605,0.16533248763167605,0.16533248763167605,0.16533248763167605,0.16533248763167605,0.16375749391579822,0.16375749391579822,0.16375749391579822,0.16375749391579822,0.16375749391579822,0.16375749391579822,0.16375749391579822,0.16375749391579822,0.16375749391579822,0.16375749391579822,0.16375749391579822,0.16375749391579822,0.16375749391579822,0.16375749391579822,0.16375749391579822,0.16375749391579822,0.16375749391579822,0.16375749391579822,0.16375749391579822,0.16375749391579822,0.16375749391579822,0.16375749391579822,0.16375749391579822,0.16375749391579822,0.16375749391579822,0.16221388413163962,0.16221388413163962,0.16221388413163962,0.16221388413163962,0.16221388413163962,0.16221388413163962,0.16221388413163962,0.16221388413163962,0.16221388413163962,0.16221388413163962,0.16221388413163962,0.16221388413163962,0.16221388413163962,0.16221388413163962,0.16221388413163962,0.16221388413163962,0.16221388413163962,0.16221388413163962,0.16221388413163962,0.16221388413163962,0.16221388413163962,0.16221388413163962,0.16221388413163962,0.16221388413163962,0.16221388413163962,0.16070106723623784,0.16070106723623762,0.16070106723623762,0.16070106723623762,0.16070106723623784,0.16070106723623762,0.16070106723623762,0.16070106723623762,0.16070106723623762,0.16070106723623762,0.16070106723623762,0.16070106723623762,0.16070106723623762,0.16070106723623762,0.16070106723623762,0.16070106723623762,0.16070106723623762,0.16070106723623762,0.16070106723623762,0.16070106723623762,0.16070106723623784,0.16070106723623762,0.16070106723623762,0.16070106723623762,0.16070106723623784,0.15921845160456954,0.15921845160456954,0.15921845160456954,0.15921845160456954,0.15921845160456954,0.15921845160456954,0.15921845160456954,0.15921845160456935,0.15921845160456954,0.15921845160456954,0.15921845160456954,0.15921845160456935,0.15921845160456935,0.15921845160456935,0.15921845160456954,0.15921845160456954,0.15921845160456954,0.15921845160456935,0.15921845160456954,0.15921845160456954,0.15921845160456954,0.15921845160456954,0.15921845160456954,0.15921845160456954,0.15921845160456954,0.15776544638140255,0.15776544638140233,0.15776544638140233,0.15776544638140233,0.15776544638140255,0.15776544638140233,0.15776544638140214,0.15776544638140214,0.15776544638140214,0.15776544638140233,0.15776544638140233,0.15776544638140214,0.15776544638140214,0.15776544638140214,0.15776544638140233,0.15776544638140233,0.15776544638140214,0.15776544638140214,0.15776544638140214,0.15776544638140233,0.15776544638140255,0.15776544638140233,0.15776544638140233,0.15776544638140233,0.15776544638140255,0.156341462695618,0.15634146269561755,0.15634146269561736,0.15634146269561755,0.156341462695618,0.15634146269561755,0.15634146269561713,0.15634146269561694,0.15634146269561713,0.15634146269561755,0.15634146269561736,0.15634146269561694,0.15634146269561652,0.15634146269561694,0.15634146269561736,0.15634146269561755,0.15634146269561713,0.15634146269561694,0.15634146269561713,0.15634146269561755,0.156341462695618,0.15634146269561755,0.15634146269561736,0.15634146269561755,0.156341462695618,0.15494591474727232,0.1549459147472709,0.15494591474727007,0.1549459147472709,0.15494591474727232,0.1549459147472709,0.15494591474726965,0.15494591474726885,0.15494591474726965,0.1549459147472709,0.15494591474727007,0.15494591474726885,0.154945914747268,0.15494591474726885,0.15494591474727007,0.1549459147472709,0.15494591474726965,0.15494591474726885,0.15494591474726965,0.1549459147472709,0.15494591474727232,0.1549459147472709,0.15494591474727007,0.1549459147472709,0.15494591474727232,0.15357822077710218,0.15357822077709815,0.15357822077709554,0.15357822077709815,0.15357822077710218,0.15357822077709815,0.1535782207770939,0.15357822077709152,0.1535782207770939,0.15357822077709815,0.15357822077709554,0.15357822077709152,0.1535782207770889,0.15357822077709152,0.15357822077709554,0.15357822077709815,0.1535782207770939,0.15357822077709152,0.1535782207770939,0.15357822077709815,0.15357822077710218,0.15357822077709815,0.15357822077709554,0.15357822077709815,0.15357822077710218,0.1522378039276289,0.15223780392761685,0.1522378039276094,0.15223780392761685,0.1522378039276289,0.15223780392761685,0.15223780392760447,0.15223780392759662,0.15223780392760447,0.15223780392761685,0.1522378039276094,0.15223780392759662,0.15223780392758857,0.15223780392759662,0.1522378039276094,0.15223780392761685,0.15223780392760447,0.15223780392759662,0.15223780392760447,0.15223780392761685,0.1522378039276289,0.15223780392761685,0.1522378039276094,0.15223780392761685,0.1522378039276289,0.1509240930044728,0.15092409300443713,0.15092409300441453,0.15092409300443713,0.1509240930044728,0.15092409300443713,0.1509240930043991,0.15092409300437518,0.1509240930043991,0.15092409300443713,0.15092409300441453,0.15092409300437518,0.15092409300435009,0.15092409300437518,0.15092409300441453,0.15092409300443713,0.1509240930043991,0.15092409300437518,0.1509240930043991,0.15092409300443713,0.1509240930044728,0.15092409300443713,0.15092409300441453,0.15092409300443713,0.1509240930044728,0.14963652314596176,0.14963652314585607,0.14963652314578876,0.14963652314585607,0.14963652314596176,0.14963652314585607,0.14963652314574036,0.14963652314566622,0.14963652314574036,0.14963652314585607,0.14963652314578876,0.14963652314566622,0.1496365231455872,0.14963652314566622,0.14963652314578876,0.14963652314585607,0.14963652314574036,0.14963652314566622,0.14963652314574036,0.14963652314585607,0.14963652314596176,0.14963652314585607,0.14963652314578876,0.14963652314585607,0.14963652314596176,0.14837453640862072,0.1483745364083127,0.14837453640811232,0.1483745364083127,0.14837453640862072,0.1483745364083127,0.14837453640796075,0.14837453640772907,0.14837453640796075,0.1483745364083127,0.14837453640811232,0.14837453640772907,0.14837453640747408,0.14837453640772907,0.14837453640811232,0.1483745364083127,0.14837453640796075,0.14837453640772907,0.14837453640796075,0.1483745364083127,0.14837453640862072,0.1483745364083127,0.14837453640811232,0.1483745364083127,0.14837453640862072,0.14713758227567775,0.14713758227479998,0.1471375822742085,0.14713758227479998,0.14713758227567775,0.14713758227479998,0.14713758227373291,0.14713758227299795,0.14713758227373291,0.14713758227479998,0.1471375822742085,0.14713758227299795,0.14713758227214327,0.14713758227299795,0.1471375822742085,0.14713758227479998,0.14713758227373291,0.14713758227299795,0.14713758227373291,0.14713758227479998,0.14713758227567775,0.14713758227479998,0.1471375822742085,0.14713758227479998,0.14713758227567775,0.145925118095422,0.1459251180929448,0.14592511809121808,0.1459251180929448,0.145925118095422,0.1459251180929448,0.14592511808973538,0.14592511808734984,0.14592511808973538,0.1459251180929448,0.14592511809121808,0.14592511808734984,0.14592511808432543,0.14592511808734984,0.14592511809121808,0.1459251180929448,0.14592511808973538,0.14592511808734984,0.14592511808973538,0.1459251180929448,0.145925118095422,0.1459251180929448,0.14592511809121808,0.1459251180929448,0.145925118095422,0.1447366094560349,0.14473660944933217,0.14473660944433586,0.14473660944933217,0.1447366094560349,0.14473660944933217,0.1447366094398089,0.1447366094318585,0.1447366094398089,0.14473660944933217,0.14473660944433586,0.1447366094318585,0.14473660942027713,0.1447366094318585,0.14473660944433586,0.14473660944933217,0.1447366094398089,0.1447366094318585,0.1447366094398089,0.14473660944933217,0.1447366094560349,0.14473660944933217,0.14473660944433586,0.14473660944933217,0.1447366094560349,0.1435715305036307,0.1435715304868632,0.14357153047297327,0.1435715304868632,0.1435715305036307,0.1435715304868632,0.1435715304597642,0.1435715304327838,0.1435715304597642,0.1435715304868632,0.14357153047297327,0.1435715304327838,0.1435715303835714,0.1435715304327838,0.14357153047297327,0.1435715304868632,0.1435715304597642,0.1435715304327838,0.1435715304597642,0.1435715304868632,0.1435715305036307,0.1435715304868632,0.14357153047297327,0.1435715304868632,0.1435715305036307,0.14242936421037627,0.1424293641737726,0.14242936413865356,0.1424293641737726,0.14242936421037627,0.1424293641737726,0.14242936410357177,0.1424293640134631,0.14242936410357177,0.1424293641737726,0.14242936413865356,0.1424293640134631,0.142429363777146,0.1424293640134631,0.14242936413865356,0.1424293641737726,0.14242936410357177,0.1424293640134631,0.14242936410357177,0.1424293641737726,0.14242936421037627,0.1424293641737726,0.14242936413865356,0.1424293641737726,0.14242936421037627,0.14130960259565184,0.141309602534288,0.14130960246341706,0.141309602534288,0.14130960259565184,0.141309602534288,0.14130960239007964,0.14130960212748633,0.14130960239007964,0.141309602534288,0.14130960246341706,0.14130960212748633,0.14130960084239472,0.14130960212748633,0.14130960246341706,0.141309602534288,0.14130960239007964,0.14130960212748633,0.14130960239007964,0.141309602534288,0.14130960259565184,0.141309602534288,0.14130960246341706,0.141309602534288,0.14130960259565184,0.14021174688520374,0.1402117468307309,0.14021174676541073,0.1402117468307309,0.14021174688520374,0.1402117468307309,0.14021174669726413,0.14021174644530832,0.14021174669726413,0.1402117468307309,0.14021174676541073,0.14021174644530832,0.14021174519366605,0.14021174644530832,0.14021174676541073,0.1402117468307309,0.14021174669726413,0.14021174644530832,0.14021174669726413,0.1402117468307309,0.14021174688520374,0.1402117468307309,0.14021174676541073,0.1402117468307309,0.14021174688520374,0.13913530756486225,0.139135307553854,0.13913530754073342,0.139135307553854,0.13913530756486225,0.139135307553854,0.13913530752686512,0.13913530748239314,0.13913530752686512,0.139135307553854,0.13913530754073342,0.13913530748239314,0.1391353073373427,0.13913530748239314,0.13913530754073342,0.139135307553854,0.13913530752686512,0.13913530748239314,0.13913530752686512,0.139135307553854,0.13913530756486225,0.139135307553854,0.13913530754073342,0.139135307553854,0.13913530756486225,0.13807980446280094,0.13807980450309867,0.1380798045459073,0.13807980450309867,0.13807980446280094,0.13807980450309867,0.1380798045899355,0.13807980471706574,0.1380798045899355,0.13807980450309867,0.1380798045459073,0.13807980471706574,0.13807980509542894,0.13807980471706574,0.1380798045459073,0.13807980450309867,0.1380798045899355,0.13807980471706574,0.1380798045899355,0.13807980450309867,0.13807980446280094,0.13807980450309867,0.1380798045459073,0.13807980450309867,0.13807980446280094,0.13704476686878128,0.13704476695200038,0.13704476705537333,0.13704476695200038,0.13704476686878128,0.13704476695200038,0.13704476716314354,0.1370447675957865,0.13704476716314354,0.13704476695200038,0.13704476705537333,0.1370447675957865,0.13704477001770338,0.1370447675957865,0.13704476705537333,0.13704476695200038,0.13704476716314354,0.1370447675957865,0.13704476716314354,0.13704476695200038,0.13704476686878128,0.13704476695200038,0.13704476705537333,0.13704476695200038,0.13704476686878128,0.13602973359918452,0.13602973365896648,0.1360297337180603,0.13602973365896648,0.13602973359918452,0.13602973365896648,0.13602973377758681,0.1360297339376902,0.13602973377758681,0.13602973365896648,0.1360297337180603,0.1360297339376902,0.1360297343847171,0.1360297339376902,0.1360297337180603,0.13602973365896648,0.13602973377758681,0.1360297339376902,0.13602973377758681,0.13602973365896648,0.13602973359918452,0.13602973365896648,0.1360297337180603,0.13602973365896648,0.13602973359918452,0.13503425312247608,0.1350342531602705,0.13503425319161824,0.1350342531602705,0.13503425312247608,0.1350342531602705,0.13503425322146825,0.13503425328245455,0.13503425322146825,0.1350342531602705,0.13503425319161824,0.13503425328245455,0.13503425339382047,0.13503425328245455,0.13503425319161824,0.1350342531602705,0.13503425322146825,0.13503425328245455,0.13503425322146825,0.1350342531602705,0.13503425312247608,0.1350342531602705,0.13503425319161824,0.1350342531602705,0.13503425312247608
0.16533248762289657,0.16533248762289657,0.16533248762289657,0.16533248762289657,0.16533248762289657,0.16533248762289657,0.16533248762289657,0.16533248762289657,0.16533248762289657,0.16533248762289657,0.16533248762289657,0.16533248762289657,0.16533248762289657,0.16533248762289657,0.16533248762289657,0.16533248762289657,0.16533248762289657,0.16533248762289657,0.16533248762289657,0.16533248762289657,0.16533248762289657,0.16533248762289657,0.16533248762289657,0.16533248762289657,0.16533248762289657,0.16375749390728214,0.16375749390728214,0.16375749390728214,0.16375749390728214,0.16375749390728214,0.16375749390728214,0.16375749390728214,0.16375749390728214,0.16375749390728214,0.16375749390728214,0.16375749390728214,0.16375749390728214,0.16375749390728214,0.16375749390728214,0.16375749390728214,0.16375749390728214,0.16375749390728214,0.16375749390728214,0.16375749390728214,0.16375749390728214,0.16375749390728214,0.16375749390728214,0.16375749390728214,0.16375749390728214,0.16375749390728214,0.1622138841234582,0.1622138841234582,0.1622138841234582,0.1622138841234582,0.1622138841234582,0.1622138841234582,0.1622138841234582,0.1622138841234582,0.1622138841234582,0.1622138841234582,0.1622138841234582,0.1622138841234582,0.1622138841234582,0.1622138841234582,0.1622138841234582,0.1622138841234582,0.1622138841234582,0.1622138841234582,0.1622138841234582,0.1622138841234582,0.1622138841234582,0.1622138841234582,0.1622138841234582,0.1622138841234582,0.1622138841234582,0.1607010672284638,0.1607010672284638,0.1607010672284638,0.1607010672284638,0.1607010672284638,0.1607010672284638,0.1607010672284638,0.1607010672284638,0.1607010672284638,0.1607010672284638,0.1607010672284638,0.1607010672284638,0.1607010672284638,0.1607010672284638,0.1607010672284638,0.1607010672284638,0.1607010672284638,0.1607010672284638,0.1607010672284638,0.1607010672284638,0.1607010672284638,0.1607010672284638,0.1607010672284638,0.1607010672284638,0.1607010672284638,0.15921845159727668,0.15921845159727668,0.15921845159727646,0.15921845159727668,0.15921845159727668,0.15921845159727668,0.15921845159727646,0.15921845159727646,0.15921845159727646,0.15921845159727668,0.15921845159727646,0.15921845159727646,0.15921845159727646,0.15921845159727646,0.15921845159727646,0.15921845159727668,0.15921845159727646,0.15921845159727646,0.15921845159727646,0.15921845159727668,0.15921845159727668,0.15921845159727668,0.15921845159727646,0.15921845159727668,0.15921845159727668,0.15776544637466375,0.1577654463746635,0.1577654463746633,0.1577654463746635,0.15776544637466375,0.1577654463746635,0.1577654463746633,0.1577654463746633,0.1577654463746633,0.1577654463746635,0.1577654463746633,0.1577654463746633,0.1577654463746631,0.1577654463746633,0.1577654463746633,0.1577654463746635,0.1577654463746633,0.1577654463746633,0.1577654463746633,0.1577654463746635,0.15776544637466375,0.1577654463746635,0.1577654463746633,0.1577654463746635,0.15776544637466375,0.15634146268950455,0.15634146268950413,0.1563414626895039,0.15634146268950413,0.15634146268950455,0.15634146268950413,0.1563414626895037,0.15634146268950347,0.1563414626895037,0.15634146268950413,0.1563414626895039,0.15634146268950347,0.15634146268950308,0.15634146268950347,0.1563414626895039,0.15634146268950413,0.1563414626895037,0.15634146268950347,0.1563414626895037,0.15634146268950413,0.15634146268950455,0.15634146268950413,0.1563414626895039,0.15634146268950413,0.15634146268950455,0.15494591474185268,0.15494591474185127,0.15494591474185046,0.15494591474185127,0.15494591474185268,0.15494591474185127,0.15494591474185002,0.1549459147418492,0.15494591474185002,0.15494591474185127,0.15494591474185046,0.1549459147418492,0.15494591474184838,0.1549459147418492,0.15494591474185046,0.15494591474185127,0.15494591474185002,0.1549459147418492,0.15494591474185002,0.15494591474185127,0.15494591474185268,0.15494591474185127,0.15494591474185046,0.15494591474185127,0.15494591474185268,0.1535782207724402,0.15357822077243619,0.15357822077243374,0.15357822077243619,0.1535782207724402,0.15357822077243619,0.15357822077243216,0.15357822077242955,0.15357822077243216,0.15357822077243619,0.15357822077243374,0.15357822077242955,0.15357822077242694,0.15357822077242955,0.15357822077243374,0.15357822077243619,0.15357822077243216,0.15357822077242955,0.15357822077243216,0.15357822077243619,0.1535782207724402,0.15357822077243619,0.15357822077243374,0.15357822077243619,0.1535782207724402,0.15223780392378247,0.15223780392377065,0.15223780392376335,0.15223780392377065,0.15223780392378247,0.15223780392377065,0.15223780392375824,0.15223780392375055,0.15223780392375824,0.15223780392377065,0.15223780392376335,0.15223780392375055,0.15223780392374248,0.15223780392375055,0.15223780392376335,0.15223780392377065,0.15223780392375824,0.15223780392375055,0.15223780392375824,0.15223780392377065,0.15223780392378247,0.15223780392377065,0.15223780392376335,0.15223780392377065,0.15223780392378247,0.1509240930014924,0.15092409300145707,0.1509240930014349,0.15092409300145707,0.1509240930014924,0.15092409300145707,0.15092409300141924,0.15092409300139553,0.15092409300141924,0.15092409300145707,0.1509240930014349,0.15092409300139553,0.15092409300137063,0.15092409300139553,0.1509240930014349,0.15092409300145707,0.15092409300141924,0.15092409300139553,0.15092409300141924,0.15092409300145707,0.1509240930014924,0.15092409300145707,0.1509240930014349,0.15092409300145707,0.1509240930014924,0.14963652314388792,0.1496365231437837,0.14963652314371698,0.1496365231437837,0.14963652314388792,0.1496365231437837,0.14963652314366857,0.14963652314359482,0.14963652314366857,0.1496365231437837,0.14963652314371698,0.14963652314359482,0.14963652314351597,0.14963652314359482,0.14963652314371698,0.1496365231437837,0.14963652314366857,0.14963652314359482,0.14963652314366857,0.1496365231437837,0.14963652314388792,0.1496365231437837,0.14963652314371698,0.1496365231437837,0.14963652314388792,0.1483745364074815,0.14837453640717865,0.14837453640698034,0.14837453640717865,0.1483745364074815,0.14837453640717865,0.14837453640682854,0.14837453640659745,0.14837453640682854,0.14837453640717865,0.14837453640698034,0.14837453640659745,0.14837453640634224,0.14837453640659745,0.14837453640698034,0.14837453640717865,0.14837453640682854,0.14837453640659745,0.14837453640682854,0.14837453640717865,0.1483745364074815,0.14837453640717865,0.14837453640698034,0.14837453640717865,0.1483745364074815,0.14713758227550244,0.1471375822746247,0.14713758227403792,0.1471375822746247,0.14713758227550244,0.1471375822746247,0.14713758227356147,0.1471375822728261,0.14713758227356147,0.1471375822746247,0.14713758227403792,0.1471375822728261,0.14713758227196921,0.1471375822728261,0.14713758227403792,0.1471375822746247,0.14713758227356147,0.1471375822728261,0.14713758227356147,0.1471375822746247,0.14713758227550244,0.1471375822746247,0.14713758227403792,0.1471375822746247,0.14713758227550244,0.1459251180962454,0.14592511809375533,0.14592511809202405,0.14592511809375533,0.1459251180962454,0.14592511809375533,0.14592511809053754,0.14592511808814276,0.14592511809053754,0.14592511809375533,0.14592511809202405,0.14592511808814276,0.14592511808510586,0.14592511808814276,0.14592511809202405,0.14592511809375533,0.14592511809053754,0.14592511808814276,0.14592511809053754,0.14592511809375533,0.1459251180962454,0.14592511809375533,0.14592511809202405,0.14592511809375533,0.1459251180962454,0.14473660945787134,0.14473660945113861,0.14473660944611155,0.14473660945113861,0.14473660945787134,0.14473660945113861,0.14473660944157535,0.14473660943358793,0.14473660944157535,0.14473660945113861,0.14473660944611155,0.14473660943358793,0.14473660942195177,0.14473660943358793,0.14473660944611155,0.14473660945113861,0.14473660944157535,0.14473660943358793,0.14473660944157535,0.14473660945113861,0.14473660945787134,0.14473660945113861,0.14473660944611155,0.14473660945113861,0.14473660945787134,0.1435715305065131,0.14357153048967766,0.14357153047572785,0.14357153048967766,0.1435715305065131,0.14357153048967766,0.14357153046246163,0.14357153043535717,0.14357153046246163,0.14357153048967766,0.14357153047572785,0.14357153043535717,0.14357153038589768,0.14357153043535717,0.14357153047572785,0.14357153048967766,0.14357153046246163,0.14357153043535717,0.14357153046246163,0.14357153048967766,0.1435715305065131,0.14357153048967766,0.14357153047572785,0.14357153048967766,0.1435715305065131,0.14242936421439764,0.14242936417765995,0.14242936414240218,0.14242936417765995,0.14242936421439764,0.14242936417765995,0.14242936410716822,0.14242936401665357,0.14242936410716822,0.14242936417765995,0.14242936414240218,0.14242936401665357,0.14242936377910448,0.14242936401665357,0.14242936414240218,0.14242936417765995,0.14242936410716822,0.14242936401665357,0.14242936410716822,0.14242936417765995,0.14242936421439764,0.14242936417765995,0.14242936414240218,0.14242936417765995,0.14242936421439764,0.1413096026010225,0.1413096025394866,0.14130960246838165,0.1413096025394866,0.1413096026010225,0.1413096025394866,0.1413096023947957,0.14130960213108912,0.1413096023947957,0.1413096025394866,0.14130960246838165,0.14130960213108912,0.14130960083906433,0.14130960213108912,0.14130960246838165,0.1413096025394866,0.1413096023947957,0.14130960213108912,0.1413096023947957,0.1413096025394866,0.1413096026010225,0.1413096025394866,0.14130960246838165,0.1413096025394866,0.1413096026010225,0.14021174689219548,0.1402117468377196,0.14021174677242892,0.1402117468377196,0.14021174689219548,0.1402117468377196,0.14021174670431621,0.14021174645270287,0.14021174670431621,0.1402117468377196,0.14021174677242892,0.14021174645270287,0.1402117452042276,0.14021174645270287,0.14021174677242892,0.1402117468377196,0.14021174670431621,0.14021174645270287,0.14021174670431621,0.1402117468377196,0.14021174689219548,0.1402117468377196,0.14021174677242892,0.1402117468377196,0.14021174689219548,0.13913530757338385,0.13913530756243744,0.1391353075493853,0.13913530756243744,0.13913530757338385,0.13913530756243744,0.13913530753558767,0.13913530749132821,0.13913530753558767,0.13913530756243744,0.1391353075493853,0.13913530749132821,0.13913530734693458,0.13913530749132821,0.1391353075493853,0.13913530756243744,0.13913530753558767,0.13913530749132821,0.13913530753558767,0.13913530756243744,0.13913530757338385,0.13913530756243744,0.1391353075493853,0.13913530756243744,0.13913530757338385,0.13807980447260745,0.13807980451301155,0.13807980455592625,0.13807980451301155,0.13807980447260745,0.13807980451301155,0.13807980460006233,0.1380798047274783,0.13807980460006233,0.13807980451301155,0.13807980455592625,0.1380798047274783,0.13807980510661158,0.1380798047274783,0.13807980455592625,0.13807980451301155,0.13807980460006233,0.1380798047274783,0.13807980460006233,0.13807980451301155,0.13807980447260745,0.13807980451301155,0.13807980455592625,0.13807980451301155,0.13807980447260745,0.1370447668795185,0.13704476696288767,0.13704476706643864,0.13704476696288767,0.1370447668795185,0.13704476696288767,0.13704476717439296,0.1370447676077461,0.13704476717439296,0.13704476696288767,0.13704476706643864,0.1370447676077461,0.13704477003352694,0.1370447676077461,0.13704476706643864,0.13704476696288767,0.13704476717439296,0.1370447676077461,0.13704476717439296,0.13704476696288767,0.1370447668795185,0.13704476696288767,0.13704476706643864,0.13704476696288767,0.1370447668795185,0.1360297336103903,0.13602973367027396,0.1360297337294659,0.13602973367027396,0.1360297336103903,0.13602973367027396,0.13602973378909158,0.1360297339494529,0.13602973378909158,0.13602973367027396,0.1360297337294659,0.1360297339494529,0.1360297343971946,0.1360297339494529,0.1360297337294659,0.13602973367027396,0.13602973378909158,0.1360297339494529,0.13602973378909158,0.13602973367027396,0.1360297336103903,0.13602973367027396,0.1360297337294659,0.13602973367027396,0.1360297336103903,0.13503425313377257,0.13503425317162931,0.13503425320302825,0.13503425317162931,0.13503425313377257,0.13503425317162931,0.13503425323292534,0.1350342532940095,0.13503425323292534,0.13503425317162931,0.13503425320302825,0.1350342532940095,0.13503425340555353,0.1350342532940095,0.13503425320302825,0.13503425317162931,0.13503425323292534,0.1350342532940095,0.13503425323292534,0.13503425317162931,0.13503425313377257,0.13503425317162931,0.13503425320302825,0.13503425317162931,0.13503425313377257
0.1653324876194061,0.1653324876194061,0.1653324876194061,0.1653324876194061,0.1653324876194061,0.1653324876194061,0.1653324876194061,0.1653324876194061,0.1653324876194061,0.1653324876194061,0.1653324876194061,0.1653324876194061,0.1653324876194061,0.1653324876194061,0.1653324876194061,0.1653324876194061,0.1653324876194061,0.1653324876194061,0.1653324876194061,0.1653324876194061,0.1653324876194061,0.1653324876194061,0.1653324876194061,0.1653324876194061,0.1653324876194061,0.1637574939038903,0.1637574939038903,0.1637574939038903,0.1637574939038903,0.1637574939038903,0.1637574939038903,0.1637574939038903,0.1637574939038903,0.1637574939038903,0.1637574939038903,0.1637574939038903,0.1637574939038903,0.1637574939038903,0.1637574939038903,0.1637574939038903,0.1637574939038903,0.1637574939038903,0.1637574939038903,0.1637574939038903,0.1637574939038903,0.1637574939038903,0.1637574939038903,0.1637574939038903,0.1637574939038903,0.1637574939038903,0.16221388412018858,0.16221388412018858,0.16221388412018858,0.16221388412018858,0.16221388412018858,0.16221388412018858,0.16221388412018858,0.16221388412018858,0.16221388412018858,0.16221388412018858,0.16221388412018858,0.16221388412018858,0.16221388412018858,0.16221388412018858,0.16221388412018858,0.16221388412018858,0.16221388412018858,0.16221388412018858,0.16221388412018858,0.16221388412018858,0.16221388412018858,0.16221388412018858,0.16221388412018858,0.16221388412018858,0.16221388412018858,0.16070106722534033,0.16070106722534033,0.16070106722534033,0.16070106722534033,0.16070106722534033,0.16070106722534033,0.16070106722534033,0.16070106722534033,0.16070106722534033,0.16070106722534033,0.16070106722534033,0.16070106722534033,0.16070106722534033,0.16070106722534033,0.16070106722534033,0.16070106722534033,0.16070106722534033,0.16070106722534033,0.16070106722534033,0.16070106722534033,0.16070106722534033,0.16070106722534033,0.16070106722534033,0.16070106722534033,0.16070106722534033,0.15921845159432335,0.15921845159432313,0.15921845159432313,0.15921845159432313,0.15921845159432335,0.15921845159432313,0.15921845159432313,0.15921845159432313,0.15921845159432313,0.15921845159432313,0.15921845159432313,0.15921845159432313,0.15921845159432313,0.15921845159432313,0.15921845159432313,0.15921845159432313,0.15921845159432313,0.15921845159432313,0.15921845159432313,0.15921845159432313,0.15921845159432335,0.15921845159432313,0.15921845159432313,0.15921845159432313,0.15921845159432335,0.15776544637190423,0.15776544637190423,0.157765446371904,0.15776544637190423,0.15776544637190423,0.15776544637190423,0.157765446371904,0.157765446371904,0.157765446371904,0.15776544637190423,0.157765446371904,0.157765446371904,0.15776544637190382,0.157765446371904,0.157765446371904,0.15776544637190423,0.157765446371904,0.157765446371904,0.157765446371904,0.15776544637190423,0.15776544637190423,0.15776544637190423,0.157765446371904,0.15776544637190423,0.15776544637190423,0.1563414626869626,0.15634146268696222,0.156341462686962,0.15634146268696222,0.1563414626869626,0.15634146268696222,0.1563414626869618,0.15634146268696159,0.1563414626869618,0.15634146268696222,0.156341462686962,0.15634146268696159,0.15634146268696136,0.15634146268696159,0.156341462686962,0.15634146268696222,0.1563414626869618,0.15634146268696159,0.1563414626869618,0.15634146268696222,0.1563414626869626,0.15634146268696222,0.156341462686962,0.15634146268696222,0.1563414626869626,0.1549459147395507,0.15494591473954947,0.15494591473954866,0.15494591473954947,0.1549459147395507,0.15494591473954947,0.15494591473954802,0.15494591473954722,0.15494591473954802,0.15494591473954947,0.15494591473954866,0.15494591473954722,0.1549459147395464,0.15494591473954722,0.15494591473954866,0.15494591473954947,0.15494591473954802,0.15494591473954722,0.15494591473954802,0.15494591473954947,0.1549459147395507,0.15494591473954947,0.15494591473954866,0.15494591473954947,0.1549459147395507,0.15357822077039904,0.15357822077039524,0.1535782207703926,0.15357822077039524,0.15357822077039904,0.15357822077039524,0.153578220770391,0.15357822077038857,0.153578220770391,0.15357822077039524,0.1535782207703926,0.15357822077038857,0.153578220770386,0.15357822077038857,0.1535782207703926,0.15357822077039524,0.153578220770391,0.15357822077038857,0.153578220770391,0.15357822077039524,0.15357822077039904,0.15357822077039524,0.1535782207703926,0.15357822077039524,0.15357822077039904,0.15223780392202133,0.15223780392200953,0.15223780392200223,0.15223780392200953,0.15223780392202133,0.15223780392200953,0.15223780392199734,0.15223780392198946,0.15223780392199734,0.15223780392200953,0.15223780392200223,0.15223780392198946,0.15223780392198155,0.15223780392198946,0.15223780392200223,0.15223780392200953,0.15223780392199734,0.15223780392198946,0.15223780392199734,0.15223780392200953,0.15223780392202133,0.15223780392200953,0.15223780392200223,0.15223780392200953,0.15223780392202133,0.15092409300002754,0.15092409299999263,0.15092409299997042,0.15092409299999263,0.15092409300002754,0.15092409299999263,0.15092409299995502,0.15092409299993106,0.15092409299995502,0.15092409299999263,0.15092409299997042,0.15092409299993106,0.1509240929999064,0.15092409299993106,0.15092409299997042,0.15092409299999263,0.15092409299995502,0.15092409299993106,0.15092409299995502,0.15092409299999263,0.15092409300002754,0.15092409299999263,0.15092409299997042,0.15092409299999263,0.15092409300002754,0.14963652314273204,0.14963652314262918,0.149636523142563,0.14963652314262918,0.14963652314273204,0.14963652314262918,0.14963652314251458,0.14963652314244102,0.14963652314251458,0.14963652314262918,0.149636523142563,0.14963652314244102,0.14963652314236217,0.14963652314244102,0.149636523142563,0.14963652314262918,0.14963652314251458,0.14963652314244102,0.14963652314251458,0.14963652314262918,0.14963652314273204,0.14963652314262918,0.149636523142563,0.14963652314262918,0.14963652314273204,0.14837453640664658,0.14837453640634488,0.14837453640614767,0.14837453640634488,0.14837453640664658,0.14837453640634488,0.1483745364059957,0.1483745364057646,0.1483745364059957,0.14837453640634488,0.14837453640614767,0.1483745364057646,0.14837453640550902,0.1483745364057646,0.14837453640614767,0.14837453640634488,0.1483745364059957,0.1483745364057646,0.1483745364059957,0.14837453640634488,0.14837453640664658,0.14837453640634488,0.14837453640614767,0.14837453640634488,0.14837453640664658,0.14713758227500454,0.14713758227412238,0.1471375822735353,0.14713758227412238,0.14713758227500454,0.14713758227412238,0.1471375822730577,0.14713758227232018,0.1471375822730577,0.14713758227412238,0.1471375822735353,0.14713758227232018,0.1471375822714606,0.14713758227232018,0.1471375822735353,0.14713758227412238,0.1471375822730577,0.14713758227232018,0.1471375822730577,0.14713758227412238,0.14713758227500454,0.14713758227412238,0.1471375822735353,0.14713758227412238,0.14713758227500454,0.14592511809609476,0.1459251180935951,0.14592511809185538,0.1459251180935951,0.14592511809609476,0.1459251180935951,0.1459251180903655,0.1459251180879613,0.1459251180903655,0.1459251180935951,0.14592511809185538,0.1459251180879613,0.14592511808491232,0.1459251180879613,0.14592511809185538,0.1459251180935951,0.1459251180903655,0.1459251180879613,0.1459251180903655,0.1459251180935951,0.14592511809609476,0.1459251180935951,0.14592511809185538,0.1459251180935951,0.14592511809609476,0.14473660945808428,0.14473660945132655,0.14473660944627895,0.14473660945132655,0.14473660945808428,0.14473660945132655,0.1447366094417272,0.14473660943370753,0.1447366094417272,0.14473660945132655,0.14473660944627895,0.14473660943370753,0.14473660942202227,0.14473660943370753,0.14473660944627895,0.14473660945132655,0.1447366094417272,0.14473660943370753,0.1447366094417272,0.14473660945132655,0.14473660945808428,0.14473660945132655,0.14473660944627895,0.14473660945132655,0.14473660945808428,0.14357153050713134,0.14357153049023755,0.14357153047623655,0.14357153049023755,0.14357153050713134,0.14357153049023755,0.1435715304629202,0.14357153043570675,0.1435715304629202,0.14357153049023755,0.14357153047623655,0.14357153043570675,0.1435715303860296,0.14357153043570675,0.14357153047623655,0.14357153049023755,0.1435715304629202,0.14357153043570675,0.1435715304629202,0.14357153049023755,0.14357153050713134,0.14357153049023755,0.14357153047623655,0.14357153049023755,0.14357153050713134,0.14242936421552627,0.14242936417867366,0.14242936414329493,0.14242936417867366,0.14242936421552627,0.14242936417867366,0.1424293641079335,0.14242936401706022,0.1424293641079335,0.14242936417867366,0.14242936414329493,0.14242936401706022,0.14242936377842527,0.14242936401706022,0.14242936414329493,0.14242936417867366,0.1424293641079335,0.14242936401706022,0.1424293641079335,0.14242936417867366,0.14242936421552627,0.14242936417867366,0.14242936414329493,0.14242936417867366,0.14242936421552627,0.14130960260287898,0.14130960254119623,0.14130960246988897,0.14130960254119623,0.14130960260287898,0.14130960254119623,0.14130960239608922,0.14130960213141178,0.14130960239608922,0.14130960254119623,0.14130960246988897,0.14130960213141178,0.1413096008332975,0.14130960213141178,0.14130960246988897,0.14130960254119623,0.14130960239608922,0.14130960213141178,0.14130960239608922,0.14130960254119623,0.14130960260287898,0.14130960254119623,0.14130960246988897,0.14130960254119623,0.14130960260287898,0.1402117468950592,0.14021174684058715,0.14021174677533116,0.14021174684058715,0.1402117468950592,0.14021174684058715,0.1402117467072573,0.14021174645598275,0.1402117467072573,0.14021174684058715,0.14021174677533116,0.14021174645598275,0.14021174521052424,0.14021174645598275,0.14021174677533116,0.14021174684058715,0.1402117467072573,0.14021174645598275,0.1402117467072573,0.14021174684058715,0.1402117468950592,0.14021174684058715,0.14021174677533116,0.14021174684058715,0.1402117468950592,0.13913530757722026,0.13913530756633158,0.13913530755334266,0.13913530756633158,0.13913530757722026,0.13913530756633158,0.13913530753961048,0.1391353074955482,0.13913530753961048,0.13913530756633158,0.13913530755334266,0.1391353074955482,0.1391353073517644,0.1391353074955482,0.13913530755334266,0.13913530756633158,0.13913530753961048,0.1391353074955482,0.13913530753961048,0.13913530756633158,0.13913530757722026,0.13913530756633158,0.13913530755334266,0.13913530756633158,0.13913530757722026,0.13807980447726584,0.1380798045177614,0.1380798045607671,0.1380798045177614,0.13807980447726584,0.1380798045177614,0.1380798046049956,0.13807980473265513,0.1380798046049956,0.1380798045177614,0.1380798045607671,0.13807980473265513,0.13807980511244114,0.13807980473265513,0.1380798045607671,0.1380798045177614,0.1380798046049956,0.13807980473265513,0.1380798046049956,0.1380798045177614,0.13807980447726584,0.1380798045177614,0.1380798045607671,0.1380798045177614,0.13807980447726584,0.13704476688477074,0.1370447669682661,0.13704476707196575,0.1370447669682661,0.13704476688477074,0.1370447669682661,0.13704476718007413,0.13704476761401835,0.13704476718007413,0.1370447669682661,0.13704476707196575,0.13704476761401835,0.1370447700430139,0.13704476761401835,0.13704476707196575,0.1370447669682661,0.13704476718007413,0.13704476761401835,0.13704476718007413,0.1370447669682661,0.13704476688477074,0.1370447669682661,0.13704476707196575,0.1370447669682661,0.13704476688477074,0.1360297336159302,0.136029733675899,0.1360297337351732,0.136029733675899,0.1360297336159302,0.136029733675899,0.13602973379488137,0.13602973395545903,0.13602973379488137,0.136029733675899,0.1360297337351732,0.13602973395545903,0.13602973440379673,0.13602973395545903,0.1360297337351732,0.136029733675899,0.13602973379488137,0.13602973395545903,0.13602973379488137,0.136029733675899,0.1360297336159302,0.136029733675899,0.1360297337351732,0.136029733675899,0.1360297336159302,0.13503425313937148,0.1350342531772807,0.13503425320872264,0.1350342531772807,0.13503425313937148,0.1350342531772807,0.13503425323865995,0.13503425329982643,0.13503425323865995,0.1350342531772807,0.13503425320872264,0.13503425329982643,0.13503425341151948,0.13503425329982643,0.13503425320872264,0.1350342531772807,0.13503425323865995,0.13503425329982643,0.13503425323865995,0.1350342531772807,0.13503425313937148,0.1350342531772807,0.13503425320872264,0.1350342531772807,0.13503425313937148
0.1653324876177131,0.1653324876177131,0.1653324876177131,0.1653324876177131,0.1653324876177131,0.1653324876177131,0.1653324876177131,0.1653324876177131,0.1653324876177131,0.1653324876177131,0.1653324876177131,0.1653324876177131,0.1653324876177131,0.1653324876177131,0.1653324876177131,0.1653324876177131,0.1653324876177131,0.1653324876177131,0.1653324876177131,0.1653324876177131,0.1653324876177131,0.1653324876177131,0.1653324876177131,0.1653324876177131,0.1653324876177131,0.16375749390224148,0.16375749390224148,0.16375749390224148,0.16375749390224148,0.16375749390224148,0.16375749390224148,0.16375749390224148,0.16375749390224148,0.16375749390224148,0.16375749390224148,0.16375749390224148,0.16375749390224148,0.16375749390224148,0.16375749390224148,0.16375749390224148,0.16375749390224148,0.16375749390224148,0.16375749390224148,0.16375749390224148,0.16375749390224148,0.16375749390224148,0.16375749390224148,0.16375749390224148,0.16375749390224148,0.16375749390224148,0.16221388411859164,0.16221388411859164,0.16221388411859164,0.16221388411859164,0.16221388411859164,0.16221388411859164,0.16221388411859164,0.16221388411859164,0.16221388411859164,0.16221388411859164,0.16221388411859164,0.16221388411859164,0.16221388411859164,0.16221388411859164,0.16221388411859164,0.16221388411859164,0.16221388411859164,0.16221388411859164,0.16221388411859164,0.16221388411859164,0.16221388411859164,0.16221388411859164,0.16221388411859164,0.16221388411859164,0.16221388411859164,0.16070106722380348,0.16070106722380348,0.16070106722380348,0.16070106722380348,0.1607010672238037,0.16070106722380348,0.16070106722380348,0.16070106722380348,0.16070106722380348,0.16070106722380348,0.16070106722380348,0.16070106722380348,0.16070106722380348,0.16070106722380348,0.16070106722380348,0.16070106722380348,0.16070106722380348,0.16070106722380348,0.16070106722380348,0.16070106722380348,0.1607010672238037,0.16070106722380348,0.16070106722380348,0.16070106722380348,0.1607010672238037,0.15921845159285508,0.15921845159285486,0.15921845159285486,0.15921845159285486,0.15921845159285508,0.15921845159285486,0.15921845159285486,0.15921845159285486,0.15921845159285486,0.15921845159285486,0.15921845159285486,0.15921845159285486,0.15921845159285486,0.15921845159285486,0.15921845159285486,0.15921845159285486,0.15921845159285486,0.15921845159285486,0.15921845159285486,0.15921845159285486,0.15921845159285508,0.15921845159285486,0.15921845159285486,0.15921845159285486,0.15921845159285508,0.15776544637051265,0.15776544637051265,0.15776544637051246,0.15776544637051265,0.15776544637051265,0.15776544637051265,0.15776544637051246,0.15776544637051246,0.15776544637051246,0.15776544637051265,0.15776544637051246,0.15776544637051246,0.15776544637051224,0.15776544637051246,0.15776544637051246,0.15776544637051265,0.15776544637051246,0.15776544637051246,0.15776544637051246,0.15776544637051265,0.15776544637051265,0.15776544637051265,0.15776544637051246,0.15776544637051265,0.15776544637051265,0.1563414626856559,0.15634146268565552,0.15634146268565507,0.15634146268565552,0.1563414626856559,0.15634146268565552,0.15634146268565507,0.15634146268565466,0.15634146268565507,0.15634146268565552,0.15634146268565507,0.15634146268565466,0.15634146268565446,0.15634146268565466,0.15634146268565507,0.15634146268565552,0.15634146268565507,0.15634146268565466,0.15634146268565507,0.15634146268565552,0.1563414626856559,0.15634146268565552,0.15634146268565507,0.15634146268565552,0.1563414626856559,0.15494591473833627,0.15494591473833505,0.15494591473833422,0.15494591473833505,0.15494591473833627,0.15494591473833505,0.15494591473833383,0.15494591473833297,0.15494591473833383,0.15494591473833505,0.15494591473833422,0.15494591473833297,0.15494591473833194,0.15494591473833297,0.15494591473833422,0.15494591473833505,0.15494591473833383,0.15494591473833297,0.15494591473833383,0.15494591473833505,0.15494591473833627,0.15494591473833505,0.15494591473833422,0.15494591473833505,0.15494591473833627,0.15357822076928454,0.15357822076928054,0.15357822076927813,0.15357822076928054,0.15357822076928454,0.15357822076928054,0.15357822076927652,0.1535782207692741,0.15357822076927652,0.15357822076928054,0.15357822076927813,0.1535782207692741,0.1535782207692715,0.1535782207692741,0.15357822076927813,0.15357822076928054,0.15357822076927652,0.1535782207692741,0.15357822076927652,0.15357822076928054,0.15357822076928454,0.15357822076928054,0.15357822076927813,0.15357822076928054,0.15357822076928454,0.15223780392101313,0.1522378039210015,0.1522378039209942,0.1522378039210015,0.15223780392101313,0.1522378039210015,0.1522378039209891,0.15223780392098143,0.1522378039209891,0.1522378039210015,0.1522378039209942,0.15223780392098143,0.15223780392097355,0.15223780392098143,0.1522378039209942,0.1522378039210015,0.1522378039209891,0.15223780392098143,0.1522378039209891,0.1522378039210015,0.15223780392101313,0.1522378039210015,0.1522378039209942,0.1522378039210015,0.15223780392101313,0.15092409299913143,0.15092409299909668,0.1509240929990747,0.15092409299909668,0.15092409299913143,0.15092409299909668,0.1509240929990591,0.15092409299903534,0.1509240929990591,0.15092409299909668,0.1509240929990747,0.15092409299903534,0.15092409299901047,0.15092409299903534,0.1509240929990747,0.15092409299909668,0.1509240929990591,0.15092409299903534,0.1509240929990591,0.15092409299909668,0.15092409299913143,0.15092409299909668,0.1509240929990747,0.15092409299909668,0.15092409299913143,0.14963652314195225,0.14963652314185033,0.14963652314178455,0.14963652314185033,0.14963652314195225,0.14963652314185033,0.14963652314173595,0.14963652314166237,0.14963652314173595,0.14963652314185033,0.14963652314178455,0.14963652314166237,0.14963652314158335,0.14963652314166237,0.14963652314178455,0.14963652314185033,0.14963652314173595,0.14963652314166237,0.14963652314173595,0.14963652314185033,0.14963652314195225,0.14963652314185033,0.14963652314178455,0.14963652314185033,0.14963652314195225,0.1483745364059905,0.14837453640568732,0.1483745364054905,0.14837453640568732,0.1483745364059905,0.14837453640568732,0.14837453640533813,0.14837453640510687,0.14837453640533813,0.14837453640568732,0.1483745364054905,0.14837453640510687,0.14837453640485054,0.14837453640510687,0.1483745364054905,0.14837453640568732,0.14837453640533813,0.14837453640510687,0.14837453640533813,0.14837453640568732,0.1483745364059905,0.14837453640568732,0.1483745364054905,0.14837453640568732,0.1483745364059905,0.14713758227447754,0.1471375822735925,0.1471375822730034,0.1471375822735925,0.14713758227447754,0.1471375822735925,0.14713758227252455,0.14713758227178467,0.14713758227252455,0.1471375822735925,0.1471375822730034,0.14713758227178467,0.14713758227092216,0.14713758227178467,0.1471375822730034,0.1471375822735925,0.14713758227252455,0.14713758227178467,0.14713758227252455,0.1471375822735925,0.14713758227447754,0.1471375822735925,0.1471375822730034,0.1471375822735925,0.14713758227447754,0.14592511809570335,0.1459251180931955,0.14592511809144904,0.1459251180931955,0.14592511809570335,0.1459251180931955,0.14592511808995545,0.14592511808754285,0.14592511808995545,0.1459251180931955,0.14592511809144904,0.14592511808754285,0.1459251180844832,0.14592511808754285,0.14592511809144904,0.1459251180931955,0.14592511808995545,0.14592511808754285,0.14592511808995545,0.1459251180931955,0.14592511809570335,0.1459251180931955,0.14592511809144904,0.1459251180931955,0.14592511809570335,0.14473660945784408,0.14473660945106545,0.1447366094460014,0.14473660945106545,0.14473660945784408,0.14473660945106545,0.14473660944143485,0.14473660943338756,0.14473660944143485,0.14473660945106545,0.1447366094460014,0.14473660943338756,0.14473660942165956,0.14473660943338756,0.1447366094460014,0.14473660945106545,0.14473660944143485,0.14473660943338756,0.14473660944143485,0.14473660945106545,0.14473660945784408,0.14473660945106545,0.1447366094460014,0.14473660945106545,0.14473660945784408,0.14357153050708257,0.14357153049013932,0.14357153047609453,0.14357153049013932,0.14357153050708257,0.14357153049013932,0.14357153046273508,0.1435715304354275,0.14357153046273508,0.14357153049013932,0.14357153047609453,0.1435715304354275,0.14357153038556178,0.1435715304354275,0.14357153047609453,0.14357153049013932,0.14357153046273508,0.1435715304354275,0.14357153046273508,0.14357153049013932,0.14357153050708257,0.14357153049013932,0.14357153047609453,0.14357153049013932,0.14357153050708257,0.14242936421576702,0.14242936417881677,0.14242936414333418,0.14242936417881677,0.14242936421576702,0.14242936417881677,0.14242936410786472,0.1424293640166811,0.14242936410786472,0.14242936417881677,0.14242936414333418,0.1424293640166811,0.14242936377710422,0.1424293640166811,0.14242936414333418,0.14242936417881677,0.14242936410786472,0.1424293640166811,0.14242936410786472,0.14242936417881677,0.14242936421576702,0.14242936417881677,0.14242936414333418,0.14242936417881677,0.14242936421576702,0.1413096026036051,0.141309602541799,0.14130960247032004,0.141309602541799,0.1413096026036051,0.141309602541799,0.14130960239633872,0.14130960213082663,0.14130960239633872,0.141309602541799,0.14130960247032004,0.14130960213082663,0.14130960082741026,0.14130960213082663,0.14130960247032004,0.141309602541799,0.14130960239633872,0.14130960213082663,0.14130960239633872,0.141309602541799,0.1413096026036051,0.141309602541799,0.14130960247032004,0.141309602541799,0.1413096026036051,0.1402117468965206,0.1402117468420591,0.14021174677684212,0.1402117468420591,0.1402117468965206,0.1402117468420591,0.14021174670881162,0.14021174645787104,0.14021174670881162,0.1402117468420591,0.14021174677684212,0.14021174645787104,0.1402117452152428,0.14021174645787104,0.14021174677684212,0.1402117468420591,0.14021174670881162,0.14021174645787104,0.14021174670881162,0.1402117468420591,0.1402117468965206,0.1402117468420591,0.14021174677684212,0.1402117468420591,0.1402117468965206,0.139135307579391,0.1391353075685551,0.1391353075556244,0.1391353075685551,0.139135307579391,0.1391353075685551,0.13913530754195277,0.1391353074980723,0.13913530754195277,0.1391353075685551,0.1391353075556244,0.1391353074980723,0.13913530735485138,0.1391353074980723,0.1391353075556244,0.1391353075685551,0.13913530754195277,0.1391353074980723,0.13913530754195277,0.1391353075685551,0.139135307579391,0.1391353075685551,0.1391353075556244,0.1391353075685551,0.139135307579391,0.13807980448003004,0.13807980452060253,0.13807980456368435,0.13807980452060253,0.13807980448003004,0.13807980452060253,0.13807980460799008,0.1380798047358518,0.13807980460799008,0.13807980452060253,0.13807980456368435,0.1380798047358518,0.13807980511617515,0.1380798047358518,0.13807980456368435,0.13807980452060253,0.13807980460799008,0.1380798047358518,0.13807980460799008,0.13807980452060253,0.13807980448003004,0.13807980452060253,0.13807980456368435,0.13807980452060253,0.13807980448003004,0.13704476688796036,0.1370447669715582,0.1370447670753784,0.1370447669715582,0.13704476688796036,0.1370447669715582,0.137044767183611,0.13704476761803056,0.137044767183611,0.1370447669715582,0.1370447670753784,0.13704476761803056,0.1370447700496152,0.13704476761803056,0.1370447670753784,0.1370447669715582,0.137044767183611,0.13704476761803056,0.137044767183611,0.1370447669715582,0.13704476688796036,0.1370447669715582,0.1370447670753784,0.1370447669715582,0.13704476688796036,0.1360297336193206,0.1360297336793581,0.13602973373869884,0.1360297336793581,0.1360297336193206,0.1360297336793581,0.13602973379847333,0.13602973395922535,0.13602973379847333,0.1360297336793581,0.13602973373869884,0.13602973395922535,0.13602973440804134,0.13602973395922535,0.1360297337386987,0.1360297336793581,0.13602973379847333,0.13602973395922535,0.13602973379847333,0.1360297336793581,0.1360297336193206,0.1360297336793581,0.1360297337386987,0.1360297336793581,0.1360297336193206,0.1350342531428034,0.13503425318075507,0.1350342532122318,0.13503425318075507,0.1350342531428034,0.13503425318075507,0.1350342532422017,0.13503425330343458,0.1350342532422017,0.13503425318075507,0.1350342532122318,0.13503425330343458,0.1350342534152474,0.13503425330343458,0.1350342532122318,0.13503425318075507,0.1350342532422017,0.13503425330343458,0.1350342532422017,0.13503425318075507,0.1350342531428034,0.13503425318075507,0.1350342532122318,0.13503425318075507,0.1350342531428034
0.16533248761669933,0.16533248761669933,0.16533248761669933,0.16533248761669933,0.16533248761669933,0.16533248761669933,0.16533248761669933,0.16533248761669933,0.16533248761669933,0.16533248761669933,0.16533248761669933,0.16533248761669933,0.16533248761669933,0.16533248761669933,0.16533248761669933,0.16533248761669933,0.16533248761669933,0.16533248761669933,0.16533248761669933,0.16533248761669933,0.16533248761669933,0.16533248761669933,0.16533248761669933,0.16533248761669933,0.16533248761669933,0.16375749390125177,0.16375749390125177,0.16375749390125177,0.16375749390125177,0.16375749390125177,0.16375749390125177,0.16375749390125177,0.16375749390125177,0.16375749390125177,0.16375749390125177,0.16375749390125177,0.16375749390125177,0.16375749390125177,0.16375749390125177,0.16375749390125177,0.16375749390125177,0.16375749390125177,0.16375749390125177,0.16375749390125177,0.16375749390125177,0.16375749390125177,0.16375749390125177,0.16375749390125177,0.16375749390125177,0.16375749390125177,0.16221388411762938,0.16221388411762938,0.16221388411762938,0.16221388411762938,0.16221388411762938,0.16221388411762938,0.16221388411762938,0.16221388411762938,0.16221388411762938,0.16221388411762938,0.16221388411762938,0.16221388411762938,0.16221388411762938,0.16221388411762938,0.16221388411762938,0.16221388411762938,0.16221388411762938,0.16221388411762938,0.16221388411762938,0.16221388411762938,0.16221388411762938,0.16221388411762938,0.16221388411762938,0.16221388411762938,0.16221388411762938,0.16070106722287178,0.16070106722287178,0.16070106722287178,0.16070106722287178,0.16070106722287178,0.16070106722287178,0.16070106722287178,0.16070106722287178,0.16070106722287178,0.16070106722287178,0.16070106722287178,0.16070106722287178,0.16070106722287178,0.16070106722287178,0.16070106722287178,0.16070106722287178,0.16070106722287178,0.16070106722287178,0.16070106722287178,0.16070106722287178,0.16070106722287178,0.16070106722287178,0.16070106722287178,0.16070106722287178,0.16070106722287178,0.15921845159195702,0.15921845159195702,0.1592184515919568,0.15921845159195702,0.15921845159195702,0.15921845159195702,0.1592184515919568,0.1592184515919568,0.1592184515919568,0.15921845159195702,0.1592184515919568,0.1592184515919568,0.1592184515919568,0.1592184515919568,0.1592184515919568,0.15921845159195702,0.1592184515919568,0.1592184515919568,0.1592184515919568,0.15921845159195702,0.15921845159195702,0.15921845159195702,0.1592184515919568,0.15921845159195702,0.15921845159195702,0.1577654463696517,0.1577654463696515,0.1577654463696515,0.1577654463696515,0.1577654463696517,0.1577654463696515,0.15776544636965129,0.15776544636965129,0.15776544636965129,0.1577654463696515,0.1577654463696515,0.15776544636965129,0.1577654463696511,0.15776544636965129,0.1577654463696515,0.1577654463696515,0.15776544636965129,0.15776544636965129,0.15776544636965129,0.1577654463696515,0.1577654463696517,0.1577654463696515,0.1577654463696515,0.1577654463696515,0.1577654463696517,0.15634146268483498,0.15634146268483456,0.15634146268483434,0.15634146268483456,0.15634146268483498,0.15634146268483456,0.15634146268483412,0.1563414626848337,0.15634146268483412,0.15634146268483456,0.15634146268483434,0.1563414626848337,0.1563414626848335,0.15634146268483393,0.15634146268483434,0.15634146268483456,0.15634146268483412,0.15634146268483393,0.15634146268483412,0.15634146268483456,0.15634146268483498,0.15634146268483456,0.15634146268483434,0.15634146268483456,0.15634146268483498,0.15494591473755875,0.15494591473755753,0.1549459147375567,0.15494591473755753,0.15494591473755875,0.15494591473755753,0.1549459147375561,0.15494591473755526,0.1549459147375561,0.15494591473755753,0.1549459147375567,0.15494591473755526,0.15494591473755445,0.15494591473755526,0.1549459147375567,0.15494591473755753,0.1549459147375561,0.15494591473755526,0.1549459147375561,0.15494591473755753,0.15494591473755875,0.15494591473755753,0.1549459147375567,0.15494591473755753,0.15494591473755875,0.1535782207685531,0.1535782207685493,0.15357822076854688,0.1535782207685493,0.1535782207685531,0.1535782207685493,0.15357822076854524,0.15357822076854263,0.15357822076854524,0.1535782207685493,0.15357822076854688,0.15357822076854263,0.15357822076854002,0.15357822076854263,0.15357822076854688,0.1535782207685493,0.15357822076854524,0.15357822076854263,0.15357822076854524,0.1535782207685493,0.1535782207685531,0.1535782207685493,0.15357822076854688,0.1535782207685493,0.1535782207685531,0.15223780392033048,0.15223780392031908,0.1522378039203116,0.15223780392031908,0.15223780392033048,0.15223780392031908,0.15223780392030667,0.15223780392029898,0.15223780392030667,0.15223780392031908,0.1522378039203116,0.15223780392029898,0.1522378039202911,0.15223780392029898,0.1522378039203116,0.15223780392031908,0.15223780392030667,0.15223780392029898,0.15223780392030667,0.15223780392031908,0.15223780392033048,0.15223780392031908,0.1522378039203116,0.15223780392031908,0.15223780392033048,0.15092409299849982,0.15092409299846546,0.15092409299844348,0.15092409299846546,0.15092409299849982,0.15092409299846546,0.15092409299842804,0.1509240929984043,0.15092409299842804,0.15092409299846546,0.15092409299844348,0.1509240929984043,0.15092409299837942,0.1509240929984043,0.15092409299844348,0.15092409299846546,0.15092409299842804,0.1509240929984043,0.15092409299842804,0.15092409299846546,0.15092409299849982,0.15092409299846546,0.15092409299844348,0.15092409299846546,0.15092409299849982,0.1496365231413746,0.1496365231412725,0.1496365231412069,0.1496365231412725,0.1496365231413746,0.1496365231412725,0.1496365231411583,0.14963652314108455,0.1496365231411583,0.1496365231412725,0.1496365231412069,0.14963652314108455,0.1496365231410055,0.14963652314108455,0.1496365231412069,0.1496365231412725,0.1496365231411583,0.14963652314108455,0.1496365231411583,0.1496365231412725,0.1496365231413746,0.1496365231412725,0.1496365231412069,0.1496365231412725,0.1496365231413746,0.14837453640546955,0.1483745364051654,0.14837453640496842,0.1483745364051654,0.14837453640546955,0.1483745364051654,0.1483745364048157,0.14837453640458367,0.1483745364048157,0.1483745364051654,0.14837453640496842,0.14837453640458367,0.1483745364043268,0.14837453640458367,0.14837453640496842,0.1483745364051654,0.1483745364048157,0.14837453640458367,0.1483745364048157,0.1483745364051654,0.14837453640546955,0.1483745364051654,0.14837453640496842,0.1483745364051654,0.14837453640546955,0.14713758227401613,0.14713758227312873,0.147137582272538,0.14713758227312873,0.14713758227401613,0.14713758227312873,0.14713758227205787,0.1471375822713158,0.14713758227205787,0.14713758227312873,0.147137582272538,0.1471375822713158,0.14713758227045096,0.1471375822713158,0.147137582272538,0.14713758227312873,0.14713758227205787,0.1471375822713158,0.14713758227205787,0.14713758227312873,0.14713758227401613,0.14713758227312873,0.147137582272538,0.14713758227312873,0.14713758227401613,0.1459251180953068,0.14592511809279218,0.14592511809104058,0.14592511809279218,0.1459251180953068,0.14592511809279218,0.14592511808954323,0.14592511808712388,0.14592511808954323,0.14592511809279218,0.14592511809104058,0.14592511808712388,0.14592511808405512,0.14592511808712388,0.14592511809104058,0.14592511809279218,0.14592511808954323,0.14592511808712388,0.14592511808954323,0.14592511809279218,0.1459251180953068,0.14592511809279218,0.14592511809104058,0.14592511809279218,0.1459251180953068,0.14473660945752623,0.14473660945073014,0.1447366094456523,0.14473660945073014,0.14473660945752623,0.14473660945073014,0.14473660944107317,0.1447366094330025,0.14473660944107317,0.14473660945073014,0.1447366094456523,0.1447366094330025,0.14473660942123856,0.1447366094330025,0.1447366094456523,0.14473660945073014,0.14473660944107317,0.1447366094330025,0.14473660944107317,0.14473660945073014,0.14473660945752623,0.14473660945073014,0.1447366094456523,0.14473660945073014,0.14473660945752623,0.14357153050687863,0.14357153048989377,0.14357153047581236,0.14357153048989377,0.14357153050687863,0.14357153048989377,0.14357153046241683,0.14357153043502968,0.14357153046241683,0.14357153048989377,0.14357153047581236,0.14357153043502968,0.14357153038500395,0.14357153043502968,0.14357153047581236,0.14357153048989377,0.14357153046241683,0.14357153043502968,0.14357153046241683,0.14357153048989377,0.14357153050687863,0.14357153048989377,0.14357153047581236,0.14357153048989377,0.14357153050687863,0.1424293642157613,0.14242936417872987,0.14242936414316024,0.14242936417872987,0.1424293642157613,0.14242936417872987,0.14242936410760085,0.14242936401615489,0.14242936410760085,0.14242936417872987,0.14242936414316024,0.14242936401615489,0.14242936377577728,0.14242936401615489,0.14242936414316024,0.14242936417872987,0.14242936410760085,0.14242936401615489,0.14242936410760085,0.14242936417872987,0.1424293642157613,0.14242936417872987,0.14242936414316024,0.14242936417872987,0.1424293642157613,0.14130960260396444,0.14130960254205768,0.14130960247043647,0.14130960254205768,0.14130960260396444,0.14130960254205768,0.141309602396305,0.14130960213009114,0.141309602396305,0.14130960254205768,0.14130960247043647,0.14130960213009114,0.14130960082213914,0.14130960213009114,0.14130960247043647,0.14130960254205768,0.141309602396305,0.14130960213009114,0.141309602396305,0.14130960254205768,0.14130960260396444,0.14130960254205768,0.14130960247043647,0.14130960254205768,0.14130960260396444,0.1402117468974528,0.14021174684300788,0.14021174677783446,0.14021174684300788,0.1402117468974528,0.14021174684300788,0.14021174670985137,0.14021174645924023,0.14021174670985137,0.14021174684300788,0.14021174677783446,0.14021174645924023,0.14021174521929555,0.14021174645924023,0.14021174677783446,0.14021174684300788,0.14021174670985137,0.14021174645924023,0.14021174670985137,0.14021174684300788,0.1402117468974528,0.14021174684300788,0.14021174677783446,0.14021174684300788,0.1402117468974528,0.13913530758086348,0.1391353075700758,0.13913530755719855,0.1391353075700758,0.13913530758086348,0.1391353075700758,0.1391353075435821,0.1391353074998683,0.1391353075435821,0.1391353075700758,0.13913530755719855,0.1391353074998683,0.13913530735716473,0.1391353074998683,0.13913530755719855,0.1391353075700758,0.1391353075435821,0.1391353074998683,0.1391353075435821,0.1391353075700758,0.13913530758086348,0.1391353075700758,0.13913530755719855,0.1391353075700758,0.13913530758086348,0.13807980448194404,0.138079804522579,0.13807980456572236,0.138079804522579,0.13807980448194404,0.138079804522579,0.13807980461009012,0.13807980473811354,0.13807980461009012,0.138079804522579,0.13807980456572236,0.13807980473811354,0.13807980511886095,0.13807980473811354,0.13807980456572236,0.138079804522579,0.13807980461009012,0.13807980473811354,0.13807980461009012,0.138079804522579,0.13807980448194404,0.138079804522579,0.13807980456572236,0.138079804522579,0.13807980448194404,0.13704476689018533,0.13704476697386253,0.1370447670777752,0.13704476697386253,0.13704476689018533,0.13704476697386253,0.1370447671861031,0.1370447676208842,0.1370447671861031,0.13704476697386253,0.1370447670777752,0.1370447676208842,0.13704477005439777,0.1370447676208842,0.1370447670777752,0.13704476697386253,0.1370447671861031,0.1370447676208842,0.1370447671861031,0.13704476697386253,0.13704476689018533,0.13704476697386253,0.1370447670777752,0.13704476697386253,0.13704476689018533,0.1360297336216893,0.13602973368177973,0.13602973374117103,0.13602973368177973,0.1360297336216893,0.13602973368177973,0.13602973380099623,0.13602973396188076,0.13602973380099623,0.13602973368177973,0.13602973374117103,0.13602973396188076,0.13602973441105926,0.13602973396188076,0.13602973374117103,0.13602973368177973,0.13602973380099623,0.13602973396188076,0.13602973380099623,0.13602973368177973,0.1360297336216893,0.13602973368177973,0.13602973374117103,0.13602973368177973,0.1360297336216893,0.135034253145201,0.1350342531831851,0.13503425321468832,0.1350342531831851,0.135034253145201,0.1350342531831851,0.13503425324468324,0.13503425330596658,0.13503425324468324,0.1350342531831851,0.13503425321468832,0.13503425330596658,0.13503425341787048,0.13503425330596658,0.13503425321468832,0.1350342531831851,0.13503425324468324,0.13503425330596658,0.13503425324468324,0.1350342531831851,0.135034253145201,0.1350342531831851,0.13503425321468832,0.1350342531831851,0.135034253145201
0.16533248761600128,0.16533248761600128,0.16533248761600128,0.16533248761600128,0.16533248761600128,0.16533248761600128,0.16533248761600128,0.16533248761600128,0.16533248761600128,0.16533248761600128,0.16533248761600128,0.16533248761600128,0.16533248761600128,0.16533248761600128,0.16533248761600128,0.16533248761600128,0.16533248761600128,0.16533248761600128,0.16533248761600128,0.16533248761600128,0.16533248761600128,0.16533248761600128,0.16533248761600128,0.16533248761600128,0.16533248761600128,0.16375749390056993,0.16375749390056993,0.16375749390056993,0.16375749390056993,0.16375749390056993,0.16375749390056993,0.16375749390056993,0.16375749390056993,0.16375749390056993,0.16375749390056993,0.16375749390056993,0.16375749390056993,0.16375749390056993,0.16375749390056993,0.16375749390056993,0.16375749390056993,0.16375749390056993,0.16375749390056993,0.16375749390056993,0.16375749390056993,0.16375749390056993,0.16375749390056993,0.16375749390056993,0.16375749390056993,0.16375749390056993,0.16221388411696502,0.16221388411696502,0.16221388411696502,0.16221388411696502,0.16221388411696502,0.16221388411696502,0.16221388411696502,0.16221388411696502,0.16221388411696502,0.16221388411696502,0.16221388411696502,0.16221388411696502,0.16221388411696502,0.16221388411696502,0.16221388411696502,0.16221388411696502,0.16221388411696502,0.16221388411696502,0.16221388411696502,0.16221388411696502,0.16221388411696502,0.16221388411696502,0.16221388411696502,0.16221388411696502,0.16221388411696502,0.16070106722222688,0.16070106722222688,0.16070106722222688,0.16070106722222688,0.16070106722222688,0.16070106722222688,0.16070106722222688,0.16070106722222663,0.16070106722222688,0.16070106722222688,0.16070106722222688,0.16070106722222663,0.16070106722222663,0.16070106722222663,0.16070106722222688,0.16070106722222688,0.16070106722222688,0.16070106722222663,0.16070106722222688,0.16070106722222688,0.16070106722222688,0.16070106722222688,0.16070106722222688,0.16070106722222688,0.16070106722222688,0.1592184515913328,0.1592184515913328,0.1592184515913328,0.1592184515913328,0.1592184515913328,0.1592184515913328,0.15921845159133258,0.15921845159133258,0.15921845159133258,0.1592184515913328,0.1592184515913328,0.15921845159133258,0.15921845159133258,0.15921845159133258,0.1592184515913328,0.1592184515913328,0.15921845159133258,0.15921845159133258,0.15921845159133258,0.1592184515913328,0.1592184515913328,0.1592184515913328,0.1592184515913328,0.1592184515913328,0.1592184515913328,0.15776544636905002,0.1577654463690498,0.1577654463690498,0.1577654463690498,0.15776544636905002,0.1577654463690498,0.1577654463690498,0.1577654463690496,0.1577654463690498,0.1577654463690498,0.1577654463690498,0.1577654463690496,0.1577654463690496,0.1577654463690496,0.1577654463690498,0.1577654463690498,0.1577654463690498,0.1577654463690496,0.1577654463690498,0.1577654463690498,0.15776544636905002,0.1577654463690498,0.1577654463690498,0.1577654463690498,0.15776544636905002,0.15634146268425742,0.156341462684257,0.15634146268425678,0.156341462684257,0.15634146268425742,0.156341462684257,0.15634146268425658,0.15634146268425636,0.15634146268425658,0.156341462684257,0.15634146268425678,0.15634146268425636,0.15634146268425594,0.15634146268425636,0.15634146268425678,0.156341462684257,0.15634146268425658,0.15634146268425636,0.15634146268425658,0.156341462684257,0.15634146268425742,0.156341462684257,0.15634146268425678,0.156341462684257,0.15634146268425742,0.15494591473700686,0.15494591473700564,0.1549459147370048,0.15494591473700564,0.15494591473700686,0.15494591473700564,0.15494591473700442,0.1549459147370036,0.15494591473700442,0.15494591473700564,0.1549459147370048,0.1549459147370036,0.15494591473700278,0.1549459147370036,0.1549459147370048,0.15494591473700564,0.15494591473700442,0.1549459147370036,0.15494591473700442,0.15494591473700564,0.15494591473700686,0.15494591473700564,0.1549459147370048,0.15494591473700564,0.15494591473700686,0.15357822076802868,0.15357822076802466,0.15357822076802224,0.15357822076802466,0.15357822076802868,0.15357822076802466,0.15357822076802063,0.15357822076801822,0.15357822076802063,0.15357822076802466,0.15357822076802224,0.15357822076801822,0.1535782207680156,0.15357822076801822,0.15357822076802224,0.15357822076802466,0.15357822076802063,0.15357822076801822,0.15357822076802063,0.15357822076802466,0.15357822076802868,0.15357822076802466,0.15357822076802224,0.15357822076802466,0.15357822076802868,0.15223780391983485,0.15223780391982322,0.15223780391981592,0.15223780391982322,0.15223780391983485,0.15223780391982322,0.152237803919811,0.15223780391980335,0.152237803919811,0.15223780391982322,0.15223780391981592,0.15223780391980335,0.15223780391979527,0.15223780391980335,0.15223780391981592,0.15223780391982322,0.152237803919811,0.15223780391980335,0.152237803919811,0.15223780391982322,0.15223780391983485,0.15223780391982322,0.15223780391981592,0.15223780391982322,0.15223780391983485,0.15092409299803392,0.15092409299799978,0.15092409299797777,0.15092409299799978,0.15092409299803392,0.15092409299799978,0.15092409299796233,0.1509240929979386,0.15092409299796233,0.15092409299799978,0.15092409299797777,0.1509240929979386,0.1509240929979137,0.1509240929979386,0.15092409299797777,0.15092409299799978,0.15092409299796233,0.1509240929979386,0.15092409299796233,0.15092409299799978,0.15092409299803392,0.15092409299799978,0.15092409299797777,0.15092409299799978,0.15092409299803392,0.14963652314094048,0.14963652314083797,0.14963652314077236,0.14963652314083797,0.14963652314094048,0.14963652314083797,0.1496365231407238,0.14963652314065004,0.1496365231407238,0.14963652314083797,0.14963652314077236,0.14963652314065004,0.1496365231405708,0.14963652314065004,0.14963652314077236,0.14963652314083797,0.1496365231407238,0.14963652314065004,0.1496365231407238,0.14963652314083797,0.14963652314094048,0.14963652314083797,0.14963652314077236,0.14963652314083797,0.14963652314094048,0.14837453640506887,0.148374536404764,0.1483745364045666,0.148374536404764,0.14837453640506887,0.148374536404764,0.14837453640441353,0.1483745364041811,0.14837453640441353,0.148374536404764,0.1483745364045666,0.1483745364041811,0.14837453640392353,0.1483745364041811,0.1483745364045666,0.148374536404764,0.14837453640441353,0.1483745364041811,0.14837453640441353,0.148374536404764,0.14837453640506887,0.148374536404764,0.1483745364045666,0.148374536404764,0.14837453640506887,0.1471375822736508,0.1471375822727614,0.14713758227216941,0.1471375822727614,0.1471375822736508,0.1471375822727614,0.14713758227168822,0.14713758227094448,0.14713758227168822,0.1471375822727614,0.14713758227216941,0.14713758227094448,0.14713758227007742,0.14713758227094448,0.14713758227216941,0.1471375822727614,0.14713758227168822,0.14713758227094448,0.14713758227168822,0.1471375822727614,0.1471375822736508,0.1471375822727614,0.14713758227216941,0.1471375822727614,0.1471375822736508,0.1459251180949815,0.14592511809246134,0.14592511809070546,0.14592511809246134,0.1459251180949815,0.14592511809246134,0.1459251180892051,0.14592511808677985,0.1459251180892051,0.14592511809246134,0.14592511809070546,0.14592511808677985,0.14592511808370362,0.14592511808677985,0.14592511809070546,0.14592511809246134,0.1459251180892051,0.14592511808677985,0.1459251180892051,0.14592511809246134,0.1459251180949815,0.14592511809246134,0.14592511809070546,0.14592511809246134,0.1459251180949815,0.14473660945725186,0.14473660945044145,0.14473660944535244,0.14473660945044145,0.14473660945725186,0.14473660945044145,0.14473660944076316,0.1447366094326733,0.14473660944076316,0.14473660945044145,0.14473660944535244,0.1447366094326733,0.14473660942087968,0.1447366094326733,0.14473660944535244,0.14473660945044145,0.14473660944076316,0.1447366094326733,0.14473660944076316,0.14473660945044145,0.14473660945725186,0.14473660945044145,0.14473660944535244,0.14473660945044145,0.14473660945725186,0.1435715305066844,0.14357153048966603,0.14357153047555468,0.14357153048966603,0.1435715305066844,0.14357153048966603,0.14357153046212984,0.14357153043467752,0.14357153046212984,0.14357153048966603,0.14357153047555468,0.14357153043467752,0.14357153038451986,0.14357153043467752,0.14357153047555468,0.14357153048966603,0.14357153046212984,0.14357153043467752,0.14357153046212984,0.14357153048966603,0.1435715305066844,0.14357153048966603,0.14357153047555468,0.14357153048966603,0.1435715305066844,0.14242936421571634,0.14242936417861965,0.14242936414297971,0.14242936417861965,0.14242936421571634,0.14242936417861965,0.1424293641073472,0.14242936401568632,0.1424293641073472,0.14242936417861965,0.14242936414297971,0.14242936401568632,0.14242936377464735,0.14242936401568632,0.14242936414297971,0.14242936417861965,0.1424293641073472,0.14242936401568632,0.1424293641073472,0.14242936417861965,0.14242936421571634,0.14242936417861965,0.14242936414297971,0.14242936417861965,0.14242936421571634,0.14130960260420325,0.14130960254221825,0.14130960247048382,0.14130960254221825,0.14130960260420325,0.14130960254221825,0.14130960239623247,0.1413096021294474,0.14130960239623247,0.14130960254221825,0.14130960247048382,0.1413096021294474,0.14130960081776106,0.1413096021294474,0.14130960247048382,0.14130960254221825,0.14130960239623247,0.1413096021294474,0.14130960239623247,0.14130960254221825,0.14130960260420325,0.14130960254221825,0.14130960247048382,0.14130960254221825,0.14130960260420325,0.14021174689813848,0.14021174684371626,0.1402117467785904,0.14021174684371626,0.14021174689813848,0.14021174684371626,0.1402117467106591,0.14021174646037252,0.1402117467106591,0.14021174684371626,0.1402117467785904,0.14021174646037252,0.14021174522294763,0.14021174646037252,0.1402117467785904,0.14021174684371626,0.1402117467106591,0.14021174646037252,0.1402117467106591,0.14021174684371626,0.14021174689813848,0.14021174684371626,0.1402117467785904,0.14021174684371626,0.14021174689813848,0.13913530758195192,0.1391353075712079,0.13913530755837902,0.1391353075712079,0.13913530758195192,0.1391353075712079,0.13913530754481285,0.13913530750125083,0.1391353075448127,0.1391353075712079,0.13913530755837902,0.13913530750125083,0.13913530735901938,0.13913530750125083,0.13913530755837902,0.1391353075712079,0.1391353075448127,0.13913530750125083,0.13913530754481285,0.1391353075712079,0.13913530758195192,0.1391353075712079,0.13913530755837902,0.1391353075712079,0.13913530758195192,0.13807980448334684,0.13807980452403018,0.1380798045672207,0.13807980452403018,0.13807980448334684,0.13807980452403018,0.13807980461163602,0.13807980473978101,0.13807980461163602,0.13807980452403018,0.1380798045672207,0.13807980473978101,0.1380798051208405,0.13807980473978101,0.1380798045672207,0.13807980452403018,0.13807980461163602,0.13807980473978101,0.13807980461163602,0.13807980452403018,0.13807980448334684,0.13807980452403018,0.1380798045672207,0.13807980452403018,0.13807980448334684,0.1370447668918032,0.13704476697553677,0.13704476707951452,0.13704476697553677,0.1370447668918032,0.13704476697553677,0.13704476718790903,0.13704476762293993,0.13704476718790903,0.13704476697553677,0.13704476707951452,0.13704476762293993,0.13704477005778948,0.13704476762293993,0.13704476707951452,0.13704476697553677,0.13704476718790903,0.13704476762293993,0.13704476718790903,0.13704476697553677,0.1370447668918032,0.13704476697553677,0.13704476707951452,0.13704476697553677,0.1370447668918032,0.13602973362340404,0.13602973368353144,0.13602973374295807,0.13602973368353144,0.13602973362340404,0.13602973368353144,0.13602973380281816,0.13602973396379422,0.13602973380281816,0.13602973368353144,0.13602973374295807,0.13602973396379422,0.13602973441322116,0.13602973396379422,0.13602973374295807,0.13602973368353144,0.13602973380281816,0.13602973396379422,0.13602973380281816,0.13602973368353144,0.13602973362340404,0.13602973368353144,0.13602973374295807,0.13602973368353144,0.13602973362340404,0.13503425314693332,0.13503425318493997,0.13503425321646162,0.13503425318493997,0.13503425314693332,0.13503425318493997,0.13503425324647395,0.1350342533077921,0.13503425324647395,0.13503425318493997,0.13503425321646162,0.1350342533077921,0.13503425341975828,0.1350342533077921,0.13503425321646162,0.13503425318493997,0.13503425324647395,0.1350342533077921,0.13503425324647395,0.13503425318493997,0.13503425314693332,0.13503425318493997,0.13503425321646162,0.13503425318493997,0.13503425314693332
0.16533248761550284,0.16533248761550284,0.16533248761550284,0.16533248761550284,0.16533248761550284,0.16533248761550284,0.16533248761550284,0.16533248761550284,0.16533248761550284,0.16533248761550284,0.16533248761550284,0.16533248761550284,0.16533248761550284,0.16533248761550284,0.16533248761550284,0.16533248761550284,0.16533248761550284,0.16533248761550284,0.16533248761550284,0.16533248761550284,0.16533248761550284,0.16533248761550284,0.16533248761550284,0.16533248761550284,0.16533248761550284,0.16375749390008307,0.16375749390008307,0.16375749390008307,0.16375749390008307,0.16375749390008307,0.16375749390008307,0.16375749390008307,0.16375749390008307,0.16375749390008307,0.16375749390008307,0.16375749390008307,0.16375749390008307,0.16375749390008307,0.16375749390008307,0.16375749390008307,0.16375749390008307,0.16375749390008307,0.16375749390008307,0.16375749390008307,0.16375749390008307,0.16375749390008307,0.16375749390008307,0.16375749390008307,0.16375749390008307,0.16375749390008307,0.16221388411649082,0.1622138841164906,0.1622138841164906,0.1622138841164906,0.16221388411649082,0.1622138841164906,0.1622138841164906,0.1622138841164906,0.1622138841164906,0.1622138841164906,0.1622138841164906,0.1622138841164906,0.1622138841164906,0.1622138841164906,0.1622138841164906,0.1622138841164906,0.1622138841164906,0.1622138841164906,0.1622138841164906,0.1622138841164906,0.16221388411649082,0.1622138841164906,0.1622138841164906,0.1622138841164906,0.16221388411649082,0.16070106722176591,0.16070106722176591,0.16070106722176591,0.16070106722176591,0.16070106722176591,0.16070106722176591,0.16070106722176591,0.16070106722176591,0.16070106722176591,0.16070106722176591,0.16070106722176591,0.16070106722176591,0.16070106722176591,0.16070106722176591,0.16070106722176591,0.16070106722176591,0.16070106722176591,0.16070106722176591,0.16070106722176591,0.16070106722176591,0.16070106722176591,0.16070106722176591,0.16070106722176591,0.16070106722176591,0.16070106722176591,0.15921845159088668,0.15921845159088668,0.15921845159088668,0.15921845159088668,0.15921845159088668,0.15921845159088668,0.15921845159088668,0.15921845159088668,0.15921845159088668,0.15921845159088668,0.15921845159088668,0.15921845159088668,0.1592184515908865,0.15921845159088668,0.15921845159088668,0.15921845159088668,0.15921845159088668,0.15921845159088668,0.15921845159088668,0.15921845159088668,0.15921845159088668,0.15921845159088668,0.15921845159088668,0.15921845159088668,0.15921845159088668,0.15776544636861986,0.15776544636861964,0.15776544636861964,0.15776544636861964,0.15776544636861986,0.15776544636861964,0.15776544636861964,0.15776544636861944,0.15776544636861964,0.15776544636861964,0.15776544636861964,0.15776544636861944,0.15776544636861944,0.15776544636861944,0.15776544636861964,0.15776544636861964,0.15776544636861964,0.15776544636861944,0.15776544636861964,0.15776544636861964,0.15776544636861986,0.15776544636861964,0.15776544636861964,0.15776544636861964,0.15776544636861986,0.15634146268384444,0.15634146268384402,0.15634146268384377,0.15634146268384402,0.15634146268384444,0.15634146268384402,0.1563414626838436,0.15634146268384339,0.1563414626838436,0.15634146268384402,0.15634146268384377,0.15634146268384339,0.1563414626838432,0.15634146268384339,0.15634146268384377,0.15634146268384402,0.1563414626838436,0.15634146268384339,0.1563414626838436,0.15634146268384402,0.15634146268384444,0.15634146268384402,0.15634146268384377,0.15634146268384402,0.15634146268384444,0.15494591473661237,0.15494591473661096,0.15494591473661035,0.15494591473661096,0.15494591473661237,0.15494591473661096,0.1549459147366097,0.1549459147366089,0.1549459147366097,0.15494591473661096,0.15494591473661035,0.1549459147366089,0.15494591473660807,0.1549459147366089,0.15494591473661035,0.15494591473661096,0.1549459147366097,0.1549459147366089,0.1549459147366097,0.15494591473661096,0.15494591473661237,0.15494591473661096,0.15494591473661035,0.15494591473661096,0.15494591473661237,0.1535782207676533,0.1535782207676495,0.15357822076764707,0.1535782207676495,0.1535782207676533,0.1535782207676495,0.15357822076764546,0.15357822076764305,0.15357822076764546,0.1535782207676495,0.15357822076764707,0.15357822076764305,0.15357822076764044,0.15357822076764305,0.15357822076764707,0.1535782207676495,0.15357822076764546,0.15357822076764305,0.15357822076764546,0.1535782207676495,0.1535782207676533,0.1535782207676495,0.15357822076764707,0.1535782207676495,0.1535782207676533,0.15223780391947994,0.15223780391946853,0.15223780391946123,0.15223780391946853,0.15223780391947994,0.15223780391946853,0.15223780391945632,0.15223780391944844,0.15223780391945632,0.15223780391946853,0.15223780391946123,0.15223780391944844,0.15223780391944058,0.15223780391944844,0.15223780391946123,0.15223780391946853,0.15223780391945632,0.15223780391944844,0.15223780391945632,0.15223780391946853,0.15223780391947994,0.15223780391946853,0.15223780391946123,0.15223780391946853,0.15223780391947994,0.15092409299770035,0.1509240929976664,0.1509240929976446,0.1509240929976664,0.15092409299770035,0.1509240929976664,0.15092409299762896,0.15092409299760526,0.15092409299762896,0.1509240929976664,0.1509240929976446,0.15092409299760526,0.15092409299758036,0.15092409299760526,0.1509240929976446,0.1509240929976664,0.15092409299762896,0.15092409299760526,0.15092409299762896,0.1509240929976664,0.15092409299770035,0.1509240929976664,0.1509240929976446,0.1509240929976664,0.15092409299770035,0.1496365231406298,0.14963652314052714,0.1496365231404617,0.14963652314052714,0.1496365231406298,0.14963652314052714,0.1496365231404129,0.14963652314033898,0.1496365231404129,0.14963652314052714,0.1496365231404617,0.14963652314033898,0.14963652314025977,0.14963652314033898,0.1496365231404617,0.14963652314052714,0.1496365231404129,0.14963652314033898,0.1496365231404129,0.14963652314052714,0.1496365231406298,0.14963652314052714,0.1496365231404617,0.14963652314052714,0.1496365231406298,0.14837453640478215,0.14837453640447693,0.14837453640427917,0.14837453640447693,0.14837453640478215,0.14837453640447693,0.1483745364041259,0.14837453640389295,0.1483745364041259,0.14837453640447693,0.14837453640427917,0.14837453640389295,0.148374536403635,0.14837453640389295,0.14837453640427917,0.14837453640447693,0.1483745364041259,0.14837453640389295,0.1483745364041259,0.14837453640447693,0.14837453640478215,0.14837453640447693,0.14837453640427917,0.14837453640447693,0.14837453640478215,0.14713758227338997,0.1471375822724991,0.14713758227190582,0.1471375822724991,0.14713758227338997,0.1471375822724991,0.1471375822714239,0.1471375822706789,0.1471375822714239,0.1471375822724991,0.14713758227190582,0.1471375822706789,0.14713758226981022,0.1471375822706789,0.14713758227190582,0.1471375822724991,0.1471375822714239,0.1471375822706789,0.1471375822714239,0.1471375822724991,0.14713758227338997,0.1471375822724991,0.14713758227190582,0.1471375822724991,0.14713758227338997,0.14592511809474965,0.14592511809222522,0.14592511809046613,0.14592511809222522,0.14592511809474965,0.14592511809222522,0.14592511808896344,0.1459251180865338,0.14592511808896344,0.14592511809222522,0.14592511809046613,0.1459251180865338,0.14592511808345165,0.1459251180865338,0.14592511809046613,0.14592511809222522,0.14592511808896344,0.1459251180865338,0.14592511808896344,0.14592511809222522,0.14592511809474965,0.14592511809222522,0.14592511809046613,0.14592511809222522,0.14592511809474965,0.1447366094570581,0.14473660945023686,0.14473660944513914,0.14473660945023686,0.1447366094570581,0.14473660945023686,0.14473660944054165,0.14473660943243696,0.14473660944054165,0.14473660945023686,0.14473660944513914,0.14473660943243696,0.14473660942061978,0.14473660943243696,0.14473660944513914,0.14473660945023686,0.14473660944054165,0.14473660943243696,0.14473660944054165,0.14473660945023686,0.1447366094570581,0.14473660945023686,0.14473660944513914,0.14473660945023686,0.1447366094570581,0.14357153050655144,0.14357153048950724,0.1435715304753726,0.14357153048950724,0.14357153050655144,0.14357153048950724,0.14357153046192503,0.14357153043442153,0.14357153046192503,0.14357153048950724,0.1435715304753726,0.14357153043442153,0.1435715303841595,0.14357153043442153,0.1435715304753726,0.14357153048950724,0.14357153046192503,0.14357153043442153,0.14357153046192503,0.14357153048950724,0.14357153050655144,0.14357153048950724,0.1435715304753726,0.14357153048950724,0.14357153050655144,0.14242936421569705,0.14242936417855104,0.14242936414285695,0.14242936417855104,0.14242936421569705,0.14242936417855104,0.14242936410716803,0.14242936401533893,0.14242936410716803,0.14242936417855104,0.14242936414285695,0.14242936401533893,0.14242936377377519,0.14242936401533893,0.14242936414285695,0.14242936417855104,0.14242936410716803,0.14242936401533893,0.14242936410716803,0.14242936417855104,0.14242936421569705,0.14242936417855104,0.14242936414285695,0.14242936417855104,0.14242936421569705,0.14130960260440012,0.14130960254235853,0.14130960247053975,0.14130960254235853,0.14130960260440012,0.14130960254235853,0.1413096023961986,0.14130960212897048,0.1413096023961986,0.14130960254235853,0.14130960247053975,0.14130960212897048,0.14130960081430743,0.14130960212897048,0.14130960247053975,0.14130960254235853,0.1413096023961986,0.14130960212897048,0.1413096023961986,0.14130960254235853,0.14130960260440012,0.14130960254235853,0.14130960247053975,0.14130960254235853,0.14130960260440012,0.140211746898669,0.14021174684427548,0.14021174677920142,0.14021174684427548,0.140211746898669,0.14021174684427548,0.14021174671132589,0.14021174646135956,0.14021174671132589,0.14021174684427548,0.14021174677920142,0.14021174646135956,0.1402117452263117,0.14021174646135956,0.14021174677920142,0.14021174684427548,0.14021174671132589,0.14021174646135956,0.14021174671132589,0.14021174684427548,0.140211746898669,0.14021174684427548,0.14021174677920142,0.14021174684427548,0.140211746898669,0.13913530758275908,0.13913530757205428,0.13913530755926887,0.13913530757205428,0.13913530758275908,0.13913530757205428,0.13913530754574793,0.13913530750232314,0.13913530754574793,0.13913530757205428,0.13913530755926887,0.13913530750232314,0.13913530736051985,0.13913530750232314,0.13913530755926887,0.13913530757205428,0.13913530754574793,0.13913530750232314,0.13913530754574793,0.13913530757205428,0.13913530758275908,0.13913530757205428,0.13913530755926887,0.13913530757205428,0.13913530758275908,0.13807980448435106,0.1380798045250688,0.1380798045682922,0.1380798045250688,0.13807980448435106,0.1380798045250688,0.1380798046127407,0.13807980474096768,0.1380798046127407,0.1380798045250688,0.1380798045682922,0.13807980474096768,0.13807980512222937,0.13807980474096768,0.1380798045682922,0.1380798045250688,0.1380798046127407,0.13807980474096768,0.1380798046127407,0.1380798045250688,0.13807980448435106,0.1380798045250688,0.1380798045682922,0.1380798045250688,0.13807980448435106,0.13704476689293285,0.13704476697670065,0.13704476708071625,0.13704476697670065,0.13704476689293285,0.13704476697670065,0.13704476718914937,0.1370447676243197,0.13704476718914937,0.13704476697670065,0.13704476708071625,0.1370447676243197,0.13704477005991972,0.1370447676243197,0.13704476708071625,0.13704476697670065,0.13704476718914937,0.1370447676243197,0.13704476718914937,0.13704476697670065,0.13704476689293285,0.13704476697670065,0.13704476708071625,0.13704476697670065,0.13704476689293285,0.13602973362458748,0.13602973368473623,0.13602973374418298,0.13602973368473623,0.13602973362458748,0.13602973368473623,0.13602973380406289,0.13602973396508983,0.13602973380406289,0.13602973368473623,0.13602973374418298,0.13602973396508983,0.13602973441465258,0.13602973396508983,0.13602973374418298,0.13602973368473623,0.13602973380406289,0.13602973396508983,0.13602973380406289,0.13602973368473623,0.13602973362458748,0.13602973368473623,0.13602973374418298,0.13602973368473623,0.13602973362458748,0.13503425314812387,0.13503425318614337,0.13503425321767556,0.13503425318614337,0.13503425314812387,0.13503425318614337,0.13503425324769738,0.1350342533090348,0.13503425324769738,0.13503425318614337,0.13503425321767556,0.1350342533090348,0.13503425342103556,0.1350342533090348,0.13503425321767556,0.13503425318614337,0.13503425324769738,0.1350342533090348,0.13503425324769738,0.13503425318614337,0.13503425314812387,0.13503425318614337,0.13503425321767556,0.13503425318614337,0.13503425314812387
0.16533248761516517,0.16533248761516517,0.16533248761516517,0.16533248761516517,0.16533248761516517,0.16533248761516517,0.16533248761516517,0.16533248761516517,0.16533248761516517,0.16533248761516517,0.16533248761516517,0.16533248761516517,0.16533248761516517,0.16533248761516517,0.16533248761516517,0.16533248761516517,0.16533248761516517,0.16533248761516517,0.16533248761516517,0.16533248761516517,0.16533248761516517,0.16533248761516517,0.16533248761516517,0.16533248761516517,0.16533248761516517,0.16375749389975325,0.16375749389975325,0.16375749389975325,0.16375749389975325,0.16375749389975325,0.16375749389975325,0.16375749389975325,0.16375749389975325,0.16375749389975325,0.16375749389975325,0.16375749389975325,0.16375749389975325,0.16375749389975325,0.16375749389975325,0.16375749389975325,0.16375749389975325,0.16375749389975325,0.16375749389975325,0.16375749389975325,0.16375749389975325,0.16375749389975325,0.16375749389975325,0.16375749389975325,0.16375749389975325,0.16375749389975325,0.1622138841161698,0.1622138841161698,0.1622138841161698,0.1622138841161698,0.1622138841161698,0.1622138841161698,0.1622138841161698,0.1622138841161698,0.1622138841161698,0.1622138841161698,0.1622138841161698,0.1622138841161698,0.1622138841161698,0.1622138841161698,0.1622138841161698,0.1622138841161698,0.1622138841161698,0.1622138841161698,0.1622138841161698,0.1622138841161698,0.1622138841161698,0.1622138841161698,0.1622138841161698,0.1622138841161698,0.1622138841161698,0.1607010672214549,0.1607010672214549,0.1607010672214549,0.1607010672214549,0.1607010672214549,0.1607010672214549,0.1607010672214549,0.1607010672214549,0.1607010672214549,0.1607010672214549,0.1607010672214549,0.1607010672214549,0.1607010672214549,0.1607010672214549,0.1607010672214549,0.1607010672214549,0.1607010672214549,0.1607010672214549,0.1607010672214549,0.1607010672214549,0.1607010672214549,0.1607010672214549,0.1607010672214549,0.1607010672214549,0.1607010672214549,0.1592184515905867,0.1592184515905867,0.1592184515905867,0.1592184515905867,0.1592184515905867,0.1592184515905867,0.1592184515905867,0.1592184515905867,0.1592184515905867,0.1592184515905867,0.1592184515905867,0.1592184515905867,0.15921845159058648,0.1592184515905867,0.1592184515905867,0.1592184515905867,0.1592184515905867,0.1592184515905867,0.1592184515905867,0.1592184515905867,0.1592184515905867,0.1592184515905867,0.1592184515905867,0.1592184515905867,0.1592184515905867,0.15776544636833184,0.15776544636833184,0.15776544636833162,0.15776544636833184,0.15776544636833184,0.15776544636833184,0.15776544636833162,0.15776544636833162,0.15776544636833162,0.15776544636833184,0.15776544636833162,0.15776544636833162,0.1577654463683314,0.15776544636833162,0.15776544636833162,0.15776544636833184,0.15776544636833162,0.15776544636833162,0.15776544636833162,0.15776544636833184,0.15776544636833184,0.15776544636833184,0.15776544636833162,0.15776544636833184,0.15776544636833184,0.15634146268356944,0.15634146268356902,0.15634146268356883,0.15634146268356902,0.15634146268356944,0.15634146268356902,0.15634146268356863,0.1563414626835684,0.15634146268356863,0.15634146268356902,0.15634146268356883,0.1563414626835684,0.1563414626835682,0.1563414626835684,0.15634146268356883,0.15634146268356902,0.15634146268356863,0.1563414626835684,0.15634146268356863,0.15634146268356902,0.15634146268356944,0.15634146268356902,0.15634146268356883,0.15634146268356902,0.15634146268356944,0.1549459147363513,0.15494591473635005,0.15494591473634925,0.15494591473635005,0.1549459147363513,0.15494591473635005,0.15494591473634886,0.154945914736348,0.15494591473634886,0.15494591473635005,0.15494591473634925,0.154945914736348,0.1549459147363472,0.154945914736348,0.15494591473634925,0.15494591473635005,0.15494591473634886,0.154945914736348,0.15494591473634886,0.15494591473635005,0.1549459147363513,0.15494591473635005,0.15494591473634925,0.15494591473635005,0.1549459147363513,0.15357822076740746,0.15357822076740366,0.15357822076740124,0.15357822076740366,0.15357822076740746,0.15357822076740366,0.15357822076739963,0.15357822076739702,0.15357822076739963,0.15357822076740366,0.15357822076740124,0.15357822076739702,0.15357822076739464,0.15357822076739702,0.15357822076740124,0.15357822076740366,0.15357822076739963,0.15357822076739702,0.15357822076739963,0.15357822076740366,0.15357822076740746,0.15357822076740366,0.15357822076740124,0.15357822076740366,0.15357822076740746,0.15223780391925001,0.1522378039192386,0.15223780391923133,0.1522378039192386,0.15223780391925001,0.1522378039192386,0.15223780391922642,0.15223780391921873,0.15223780391922642,0.1522378039192386,0.15223780391923133,0.15223780391921873,0.15223780391921068,0.15223780391921873,0.15223780391923133,0.1522378039192386,0.15223780391922642,0.15223780391921873,0.15223780391922642,0.1522378039192386,0.15223780391925001,0.1522378039192386,0.15223780391923133,0.1522378039192386,0.15223780391925001,0.15092409299748755,0.1509240929974534,0.15092409299743162,0.1509240929974534,0.15092409299748755,0.1509240929974534,0.15092409299741616,0.15092409299739243,0.15092409299741616,0.1509240929974534,0.15092409299743162,0.15092409299739243,0.15092409299736753,0.15092409299739243,0.15092409299743162,0.1509240929974534,0.15092409299741616,0.15092409299739243,0.15092409299741616,0.1509240929974534,0.15092409299748755,0.1509240929974534,0.15092409299743162,0.1509240929974534,0.15092409299748755,0.1496365231404352,0.14963652314033238,0.14963652314026676,0.14963652314033238,0.1496365231404352,0.14963652314033238,0.149636523140218,0.14963652314014406,0.149636523140218,0.14963652314033238,0.14963652314026676,0.14963652314014406,0.14963652314006481,0.14963652314014406,0.14963652314026676,0.14963652314033238,0.149636523140218,0.14963652314014406,0.149636523140218,0.14963652314033238,0.1496365231404352,0.14963652314033238,0.14963652314026676,0.14963652314033238,0.1496365231404352,0.14837453640460682,0.14837453640430104,0.1483745364041031,0.14837453640430104,0.14837453640460682,0.14837453640430104,0.14837453640394965,0.1483745364037165,0.14837453640394965,0.14837453640430104,0.1483745364041031,0.1483745364037165,0.14837453640345816,0.1483745364037165,0.1483745364041031,0.14837453640430104,0.14837453640394965,0.1483745364037165,0.14837453640394965,0.14837453640430104,0.14837453640460682,0.14837453640430104,0.1483745364041031,0.14837453640430104,0.14837453640460682,0.14713758227323503,0.14713758227234308,0.14713758227174906,0.14713758227234308,0.14713758227323503,0.14713758227234308,0.14713758227126658,0.1471375822705205,0.14713758227126658,0.14713758227234308,0.14713758227174906,0.1471375822705205,0.1471375822696509,0.1471375822705205,0.14713758227174906,0.14713758227234308,0.14713758227126658,0.1471375822705205,0.14713758227126658,0.14713758227234308,0.14713758227323503,0.14713758227234308,0.14713758227174906,0.14713758227234308,0.14713758227323503,0.14592511809461806,0.1459251180920906,0.1459251180903292,0.1459251180920906,0.14592511809461806,0.1459251180920906,0.14592511808882458,0.14592511808639183,0.14592511808882458,0.1459251180920906,0.1459251180903292,0.14592511808639183,0.14592511808330547,0.14592511808639183,0.1459251180903292,0.1459251180920906,0.14592511808882458,0.14592511808639183,0.14592511808882458,0.1459251180920906,0.14592511809461806,0.1459251180920906,0.1459251180903292,0.1459251180920906,0.14592511809461806,0.14473660945695616,0.1447366094501269,0.14473660944502306,0.1447366094501269,0.14473660945695616,0.1447366094501269,0.14473660944041983,0.1447366094323043,0.14473660944041983,0.1447366094501269,0.14473660944502306,0.1447366094323043,0.14473660942046984,0.1447366094323043,0.14473660944502306,0.1447366094501269,0.14473660944041983,0.1447366094323043,0.14473660944041983,0.1447366094501269,0.14473660945695616,0.1447366094501269,0.14473660944502306,0.1447366094501269,0.14473660945695616,0.14357153050649515,0.1435715304894328,0.1435715304752816,0.1435715304894328,0.14357153050649515,0.1435715304894328,0.14357153046181756,0.14357153043427692,0.14357153046181756,0.1435715304894328,0.1435715304752816,0.14357153043427692,0.14357153038393794,0.14357153043427692,0.1435715304752816,0.1435715304894328,0.14357153046181756,0.14357153043427692,0.14357153046181756,0.1435715304894328,0.14357153050649515,0.1435715304894328,0.1435715304752816,0.1435715304894328,0.14357153050649515,0.14242936421572405,0.142429364178544,0.1424293641428118,0.142429364178544,0.14242936421572405,0.142429364178544,0.14242936410708298,0.14242936401513173,0.14242936410708298,0.142429364178544,0.1424293641428118,0.14242936401513173,0.142429363773178,0.14242936401513173,0.1424293641428118,0.142429364178544,0.14242936410708298,0.14242936401513173,0.14242936410708298,0.142429364178544,0.14242936421572405,0.142429364178544,0.1424293641428118,0.142429364178544,0.14242936421572405,0.1413096026045802,0.14130960254250374,0.14130960247062874,0.14130960254250374,0.1413096026045802,0.14130960254250374,0.1413096023962272,0.14130960212868218,0.1413096023962272,0.14130960254250374,0.14130960247062874,0.14130960212868218,0.14130960081181726,0.14130960212868218,0.14130960247062874,0.14130960254250374,0.1413096023962272,0.14130960212868218,0.1413096023962272,0.14130960254250374,0.1413096026045802,0.14130960254250374,0.14130960247062874,0.14130960254250374,0.1413096026045802,0.14021174689907487,0.14021174684471602,0.14021174677969792,0.14021174684471602,0.14021174689907487,0.14021174684471602,0.1402117467118822,0.14021174646223178,0.1402117467118822,0.14021174684471602,0.14021174677969792,0.14021174646223178,0.14021174522940372,0.14021174646223178,0.14021174677969792,0.14021174684471602,0.1402117467118822,0.14021174646223178,0.1402117467118822,0.14021174684471602,0.14021174689907487,0.14021174684471602,0.14021174677969792,0.14021174684471602,0.14021174689907487,0.13913530758332054,0.13913530757265036,0.13913530755990386,0.13913530757265036,0.13913530758332054,0.13913530757265036,0.13913530754642323,0.13913530750312145,0.13913530754642323,0.13913530757265036,0.13913530755990386,0.13913530750312145,0.13913530736170254,0.13913530750312145,0.13913530755990386,0.13913530757265036,0.13913530754642323,0.13913530750312145,0.13913530754642323,0.13913530757265036,0.13913530758332054,0.13913530757265036,0.13913530755990386,0.13913530757265036,0.13913530758332054,0.13807980448499604,0.13807980452573457,0.13807980456897684,0.13807980452573457,0.13807980448499604,0.13807980452573457,0.13807980461344427,0.1380798047417147,0.13807980461344427,0.13807980452573457,0.13807980456897684,0.1380798047417147,0.13807980512307,0.1380798047417147,0.13807980456897684,0.13807980452573457,0.13807980461344427,0.1380798047417147,0.13807980461344427,0.13807980452573457,0.13807980448499604,0.13807980452573457,0.13807980456897684,0.13807980452573457,0.13807980448499604,0.13704476689361716,0.13704476697739698,0.13704476708142369,0.13704476697739698,0.13704476689361716,0.13704476697739698,0.1370447671898679,0.13704476762506912,0.1370447671898679,0.13704476697739698,0.13704476708142369,0.13704476762506912,0.13704477006079196,0.13704476762506912,0.13704476708142369,0.13704476697739698,0.1370447671898679,0.13704476762506912,0.1370447671898679,0.13704476697739698,0.13704476689361716,0.13704476697739698,0.13704476708142369,0.13704476697739698,0.13704476689361716,0.1360297336252841,0.13602973368543883,0.1360297337448905,0.13602973368543883,0.1360297336252841,0.13602973368543883,0.13602973380477532,0.13602973396581297,0.13602973380477532,0.13602973368543883,0.1360297337448905,0.13602973396581297,0.1360297344154011,0.13602973396581297,0.1360297337448905,0.13602973368543883,0.13602973380477532,0.13602973396581297,0.13602973380477532,0.13602973368543883,0.1360297336252841,0.13602973368543883,0.1360297337448905,0.13602973368543883,0.1360297336252841,0.13503425314881737,0.13503425318684004,0.1350342532183746,0.13503425318684004,0.13503425314881737,0.13503425318684004,0.13503425324839874,0.13503425330974028,0.13503425324839874,0.13503425318684004,0.1350342532183746,0.13503425330974028,0.13503425342174757,0.13503425330974028,0.1350342532183746,0.13503425318684004,0.13503425324839874,0.13503425330974028,0.13503425324839874,0.13503425318684004,0.13503425314881737,0.13503425318684004,0.1350342532183746,0.13503425318684004,0.13503425314881737
0.1653324876149745,0.1653324876149745,0.1653324876149745,0.1653324876149745,0.1653324876149745,0.1653324876149745,0.1653324876149745,0.1653324876149745,0.1653324876149745,0.1653324876149745,0.1653324876149745,0.1653324876149745,0.1653324876149745,0.1653324876149745,0.1653324876149745,0.1653324876149745,0.1653324876149745,0.1653324876149745,0.1653324876149745,0.1653324876149745,0.1653324876149745,0.1653324876149745,0.1653324876149745,0.1653324876149745,0.1653324876149745,0.16375749389956729,0.16375749389956729,0.16375749389956729,0.16375749389956729,0.16375749389956729,0.16375749389956729,0.16375749389956729,0.16375749389956729,0.16375749389956729,0.16375749389956729,0.16375749389956729,0.16375749389956729,0.16375749389956729,0.16375749389956729,0.16375749389956729,0.16375749389956729,0.16375749389956729,0.16375749389956729,0.16375749389956729,0.16375749389956729,0.16375749389956729,0.16375749389956729,0.16375749389956729,0.16375749389956729,0.16375749389956729,0.1622138841159896,0.1622138841159896,0.1622138841159896,0.1622138841159896,0.1622138841159896,0.1622138841159896,0.1622138841159896,0.1622138841159896,0.1622138841159896,0.1622138841159896,0.1622138841159896,0.1622138841159896,0.1622138841159896,0.1622138841159896,0.1622138841159896,0.1622138841159896,0.1622138841159896,0.1622138841159896,0.1622138841159896,0.1622138841159896,0.1622138841159896,0.1622138841159896,0.1622138841159896,0.1622138841159896,0.1622138841159896,0.16070106722128139,0.16070106722128139,0.16070106722128139,0.16070106722128139,0.16070106722128139,0.16070106722128139,0.16070106722128139,0.16070106722128139,0.16070106722128139,0.16070106722128139,0.16070106722128139,0.16070106722128139,0.16070106722128139,0.16070106722128139,0.16070106722128139,0.16070106722128139,0.16070106722128139,0.16070106722128139,0.16070106722128139,0.16070106722128139,0.16070106722128139,0.16070106722128139,0.16070106722128139,0.16070106722128139,0.16070106722128139,0.15921845159042078,0.15921845159042078,0.15921845159042078,0.15921845159042078,0.15921845159042078,0.15921845159042078,0.15921845159042078,0.15921845159042078,0.15921845159042078,0.15921845159042078,0.15921845159042078,0.15921845159042078,0.15921845159042058,0.15921845159042078,0.15921845159042078,0.15921845159042078,0.15921845159042078,0.15921845159042078,0.15921845159042078,0.15921845159042078,0.15921845159042078,0.15921845159042078,0.15921845159042078,0.15921845159042078,0.15921845159042078,0.1577654463681748,0.15776544636817458,0.15776544636817458,0.15776544636817458,0.1577654463681748,0.15776544636817458,0.15776544636817436,0.15776544636817436,0.15776544636817436,0.15776544636817458,0.15776544636817458,0.15776544636817436,0.15776544636817436,0.15776544636817436,0.15776544636817458,0.15776544636817458,0.15776544636817436,0.15776544636817436,0.15776544636817436,0.15776544636817458,0.1577654463681748,0.15776544636817458,0.15776544636817458,0.15776544636817458,0.1577654463681748,0.15634146268342203,0.1563414626834216,0.1563414626834214,0.1563414626834216,0.15634146268342203,0.1563414626834216,0.1563414626834212,0.15634146268342097,0.1563414626834212,0.1563414626834216,0.1563414626834214,0.15634146268342097,0.15634146268342078,0.15634146268342097,0.1563414626834214,0.1563414626834216,0.1563414626834212,0.15634146268342097,0.1563414626834212,0.1563414626834216,0.15634146268342203,0.1563414626834216,0.1563414626834214,0.1563414626834216,0.15634146268342203,0.1549459147362148,0.15494591473621358,0.15494591473621278,0.15494591473621358,0.1549459147362148,0.15494591473621358,0.15494591473621214,0.1549459147362113,0.15494591473621214,0.15494591473621358,0.15494591473621278,0.1549459147362113,0.1549459147362105,0.1549459147362113,0.15494591473621278,0.15494591473621358,0.15494591473621214,0.1549459147362113,0.15494591473621214,0.15494591473621358,0.1549459147362148,0.15494591473621358,0.15494591473621278,0.15494591473621358,0.1549459147362148,0.15357822076728275,0.15357822076727895,0.15357822076727654,0.15357822076727895,0.15357822076728275,0.15357822076727895,0.1535782207672749,0.15357822076727232,0.1535782207672749,0.15357822076727895,0.15357822076727654,0.15357822076727232,0.1535782207672699,0.15357822076727232,0.15357822076727654,0.15357822076727895,0.1535782207672749,0.15357822076727232,0.1535782207672749,0.15357822076727895,0.15357822076728275,0.15357822076727895,0.15357822076727654,0.15357822076727895,0.15357822076728275,0.15223780391913802,0.1522378039191266,0.1522378039191195,0.1522378039191268,0.15223780391913802,0.1522378039191266,0.1522378039191146,0.15223780391910693,0.1522378039191146,0.1522378039191266,0.1522378039191195,0.15223780391910693,0.15223780391909905,0.15223780391910693,0.1522378039191195,0.1522378039191268,0.1522378039191146,0.15223780391910693,0.1522378039191146,0.1522378039191266,0.15223780391913802,0.1522378039191266,0.1522378039191195,0.1522378039191266,0.15223780391913802,0.15092409299738954,0.1509240929973554,0.1509240929973338,0.1509240929973554,0.15092409299738954,0.1509240929973554,0.15092409299731815,0.15092409299729465,0.15092409299731815,0.1509240929973554,0.1509240929973338,0.15092409299729465,0.15092409299726975,0.15092409299729465,0.1509240929973338,0.1509240929973554,0.15092409299731815,0.15092409299729465,0.15092409299731815,0.1509240929973554,0.15092409299738954,0.1509240929973554,0.1509240929973338,0.1509240929973554,0.15092409299738954,0.14963652314035222,0.14963652314024936,0.14963652314018375,0.14963652314024936,0.14963652314035222,0.14963652314024936,0.14963652314013498,0.149636523140061,0.14963652314013498,0.14963652314024936,0.14963652314018375,0.149636523140061,0.14963652313998163,0.149636523140061,0.14963652314018375,0.14963652314024936,0.14963652314013498,0.149636523140061,0.14963652314013498,0.14963652314024936,0.14963652314035222,0.14963652314024936,0.14963652314018375,0.14963652314024936,0.14963652314035222,0.14837453640453993,0.14837453640423395,0.1483745364040358,0.14837453640423395,0.14837453640453993,0.14837453640423395,0.1483745364038822,0.14837453640364887,0.1483745364038822,0.14837453640423395,0.1483745364040358,0.14837453640364887,0.14837453640339052,0.14837453640364887,0.1483745364040358,0.14837453640423395,0.1483745364038822,0.14837453640364887,0.1483745364038822,0.14837453640423395,0.14837453640453993,0.14837453640423395,0.1483745364040358,0.14837453640423395,0.14837453640453993,0.1471375822731854,0.14713758227229276,0.1471375822716982,0.14713758227229276,0.1471375822731854,0.14713758227229276,0.14713758227121537,0.14713758227046875,0.14713758227121537,0.14713758227229276,0.1471375822716982,0.14713758227046875,0.14713758226959822,0.14713758227046875,0.1471375822716982,0.14713758227229276,0.14713758227121537,0.14713758227046875,0.14713758227121537,0.14713758227229276,0.1471375822731854,0.14713758227229276,0.1471375822716982,0.14713758227229276,0.1471375822731854,0.14592511809458725,0.14592511809205802,0.14592511809029501,0.14592511809205802,0.14592511809458725,0.14592511809205802,0.14592511808878947,0.14592511808635464,0.14592511808878947,0.14592511809205802,0.14592511809029501,0.14592511808635464,0.14592511808326558,0.14592511808635464,0.14592511809029501,0.14592511809205802,0.14592511808878947,0.14592511808635464,0.14592511808878947,0.14592511809205802,0.14592511809458725,0.14592511809205802,0.14592511809029501,0.14592511809205802,0.14592511809458725,0.1447366094569483,0.1447366094501145,0.14473660944500683,0.1447366094501145,0.1447366094569483,0.1447366094501145,0.14473660944040012,0.14473660943227762,0.14473660944040012,0.1447366094501145,0.14473660944500683,0.14473660943227762,0.14473660942043212,0.14473660943227762,0.14473660944500683,0.1447366094501145,0.14473660944040012,0.14473660943227762,0.14473660944040012,0.1447366094501145,0.1447366094569483,0.1447366094501145,0.14473660944500683,0.1447366094501145,0.1447366094569483,0.14357153050652013,0.14357153048944715,0.14357153047528604,0.14357153048944715,0.1435715305065203,0.14357153048944715,0.14357153046181192,0.14357153043424767,0.14357153046181192,0.14357153048944715,0.14357153047528604,0.14357153043424767,0.14357153038385853,0.14357153043424767,0.14357153047528604,0.14357153048944715,0.14357153046181192,0.14357153043424767,0.14357153046181192,0.14357153048944715,0.1435715305065203,0.14357153048944715,0.14357153047528604,0.14357153048944715,0.1435715305065203,0.14242936421580357,0.14242936417860488,0.14242936414285043,0.14242936417860488,0.14242936421580357,0.14242936417860488,0.14242936410709775,0.1424293640150695,0.14242936410709775,0.14242936417860488,0.14242936414285043,0.1424293640150695,0.14242936377285825,0.1424293640150695,0.14242936414285043,0.14242936417860488,0.14242936410709775,0.1424293640150695,0.14242936410709775,0.14242936417860488,0.14242936421580357,0.14242936417860488,0.14242936414285043,0.14242936417860488,0.14242936421580357,0.1413096026047524,0.14130960254266228,0.1413096024707585,0.14130960254266228,0.1413096026047524,0.14130960254266228,0.1413096023963259,0.14130960212858792,0.1413096023963259,0.14130960254266228,0.1413096024707585,0.14130960212858792,0.14130960081022506,0.14130960212858792,0.14130960247075866,0.14130960254266228,0.1413096023963259,0.14130960212858792,0.1413096023963259,0.14130960254266228,0.1413096026047524,0.14130960254266228,0.14130960247075866,0.14130960254266228,0.1413096026047524,0.1402117468993677,0.1402117468450492,0.1402117467800912,0.1402117468450492,0.1402117468993677,0.1402117468450492,0.14021174671233919,0.14021174646300047,0.14021174671233919,0.1402117468450492,0.1402117467800912,0.14021174646300047,0.1402117452322134,0.14021174646300047,0.1402117467800912,0.1402117468450492,0.14021174671233919,0.14021174646300047,0.14021174671233919,0.1402117468450492,0.1402117468993677,0.1402117468450492,0.1402117467800912,0.1402117468450492,0.1402117468993677,0.13913530758365053,0.13913530757301068,0.13913530756029835,0.13913530757301068,0.13913530758365053,0.13913530757301068,0.1391353075468533,0.13913530750366027,0.1391353075468533,0.13913530757301068,0.13913530756029835,0.13913530750366027,0.13913530736258323,0.13913530750366027,0.13913530756029835,0.13913530757301068,0.1391353075468533,0.13913530750366027,0.1391353075468533,0.13913530757301068,0.13913530758365053,0.13913530757301068,0.13913530756029835,0.13913530757301068,0.13913530758365053,0.13807980448529866,0.13807980452604432,0.1380798045692919,0.13807980452604432,0.13807980448529866,0.13807980452604432,0.13807980461376412,0.1380798047420398,0.13807980461376412,0.13807980452604432,0.1380798045692919,0.1380798047420398,0.13807980512338228,0.1380798047420398,0.1380798045692919,0.13807980452604432,0.13807980461376412,0.1380798047420398,0.13807980461376412,0.13807980452604432,0.13807980448529866,0.13807980452604432,0.1380798045692919,0.13807980452604432,0.13807980448529866,0.1370447668938747,0.13704476697764467,0.1370447670816563,0.13704476697764467,0.1370447668938747,0.13704476697764467,0.1370447671900841,0.1370447676252096,0.1370447671900841,0.13704476697764467,0.1370447670816563,0.1370447676252096,0.13704477006047297,0.1370447676252096,0.1370447670816563,0.13704476697764467,0.1370447671900841,0.1370447676252096,0.1370447671900841,0.13704476697764467,0.1370447668938747,0.13704476697764467,0.1370447670816563,0.13704476697764467,0.1370447668938747,0.13602973362551296,0.13602973368565874,0.13602973374510074,0.13602973368565874,0.13602973362551296,0.13602973368565874,0.1360297338049754,0.13602973396598447,0.1360297338049754,0.13602973368565874,0.13602973374510074,0.13602973396598447,0.13602973441548877,0.13602973396598447,0.13602973374510074,0.13602973368565874,0.1360297338049754,0.13602973396598447,0.1360297338049754,0.13602973368565874,0.13602973362551296,0.13602973368565874,0.13602973374510074,0.13602973368565874,0.13602973362551296,0.1350342531490329,0.13503425318704962,0.13503425321857873,0.13503425318704962,0.1350342531490329,0.13503425318704962,0.13503425324859764,0.13503425330992833,0.13503425324859764,0.13503425318704962,0.13503425321857873,0.13503425330992833,0.1350342534219152,0.13503425330992833,0.13503425321857873,0.13503425318704962,0.13503425324859764,0.13503425330992833,0.13503425324859764,0.13503425318704962,0.1350342531490329,0.13503425318704962,0.13503425321857873,0.13503425318704962,0.1350342531490329
0.16533248761491928,0.16533248761491928,0.16533248761491928,0.16533248761491928,0.16533248761491928,0.16533248761491928,0.16533248761491928,0.16533248761491928,0.16533248761491928,0.16533248761491928,0.16533248761491928,0.16533248761491928,0.16533248761491928,0.16533248761491928,0.16533248761491928,0.16533248761491928,0.16533248761491928,0.16533248761491928,0.16533248761491928,0.16533248761491928,0.16533248761491928,0.16533248761491928,0.16533248761491928,0.16533248761491928,0.16533248761491928,0.1637574938995148,0.1637574938995148,0.1637574938995148,0.1637574938995148,0.1637574938995148,0.1637574938995148,0.1637574938995148,0.16375749389951458,0.1637574938995148,0.1637574938995148,0.1637574938995148,0.16375749389951458,0.16375749389951458,0.16375749389951458,0.1637574938995148,0.1637574938995148,0.1637574938995148,0.16375749389951458,0.1637574938995148,0.1637574938995148,0.1637574938995148,0.1637574938995148,0.1637574938995148,0.1637574938995148,0.1637574938995148,0.16221388411594045,0.16221388411594045,0.16221388411594045,0.16221388411594045,0.16221388411594045,0.16221388411594045,0.16221388411594045,0.16221388411594045,0.16221388411594045,0.16221388411594045,0.16221388411594045,0.16221388411594045,0.16221388411594045,0.16221388411594045,0.16221388411594045,0.16221388411594045,0.16221388411594045,0.16221388411594045,0.16221388411594045,0.16221388411594045,0.16221388411594045,0.16221388411594045,0.16221388411594045,0.16221388411594045,0.16221388411594045,0.16070106722123695,0.16070106722123695,0.16070106722123695,0.16070106722123695,0.16070106722123695,0.16070106722123695,0.16070106722123695,0.16070106722123695,0.16070106722123695,0.16070106722123695,0.16070106722123695,0.16070106722123695,0.16070106722123695,0.16070106722123695,0.16070106722123695,0.16070106722123695,0.16070106722123695,0.16070106722123695,0.16070106722123695,0.16070106722123695,0.16070106722123695,0.16070106722123695,0.16070106722123695,0.16070106722123695,0.16070106722123695,0.15921845159038184,0.15921845159038184,0.15921845159038184,0.15921845159038184,0.15921845159038184,0.15921845159038184,0.15921845159038184,0.15921845159038184,0.15921845159038184,0.15921845159038184,0.15921845159038184,0.15921845159038184,0.15921845159038184,0.15921845159038184,0.15921845159038184,0.15921845159038184,0.15921845159038184,0.15921845159038184,0.15921845159038184,0.15921845159038184,0.15921845159038184,0.15921845159038184,0.15921845159038184,0.15921845159038184,0.15921845159038184,0.15776544636814238,0.15776544636814213,0.15776544636814213,0.15776544636814213,0.15776544636814238,0.15776544636814213,0.1577654463681419,0.1577654463681419,0.1577654463681419,0.15776544636814213,0.15776544636814213,0.1577654463681419,0.1577654463681419,0.1577654463681419,0.15776544636814213,0.15776544636814213,0.1577654463681419,0.1577654463681419,0.1577654463681419,0.15776544636814213,0.15776544636814238,0.15776544636814213,0.15776544636814213,0.15776544636814213,0.15776544636814238,0.15634146268339716,0.15634146268339671,0.15634146268339652,0.15634146268339671,0.15634146268339716,0.15634146268339671,0.1563414626833963,0.1563414626833961,0.1563414626833963,0.15634146268339671,0.15634146268339652,0.1563414626833961,0.1563414626833959,0.1563414626833961,0.15634146268339652,0.15634146268339671,0.1563414626833963,0.1563414626833961,0.1563414626833963,0.15634146268339671,0.15634146268339716,0.15634146268339671,0.15634146268339652,0.15634146268339671,0.15634146268339716,0.1549459147361984,0.15494591473619718,0.15494591473619637,0.15494591473619718,0.1549459147361984,0.15494591473619718,0.15494591473619596,0.15494591473619512,0.15494591473619596,0.15494591473619718,0.15494591473619637,0.15494591473619512,0.15494591473619432,0.15494591473619512,0.15494591473619637,0.15494591473619718,0.15494591473619596,0.15494591473619512,0.15494591473619596,0.15494591473619718,0.1549459147361984,0.15494591473619718,0.15494591473619637,0.15494591473619718,0.1549459147361984,0.15357822076727573,0.1535782207672721,0.15357822076726968,0.1535782207672721,0.15357822076727573,0.1535782207672721,0.1535782207672683,0.15357822076726568,0.1535782207672683,0.1535782207672721,0.15357822076726968,0.15357822076726568,0.15357822076726327,0.15357822076726568,0.15357822076726968,0.1535782207672721,0.1535782207672683,0.15357822076726568,0.1535782207672683,0.1535782207672721,0.15357822076727573,0.1535782207672721,0.15357822076726968,0.1535782207672721,0.15357822076727573,0.15223780391914177,0.15223780391913053,0.15223780391912348,0.15223780391913053,0.15223780391914177,0.15223780391913053,0.15223780391911854,0.15223780391911085,0.15223780391911854,0.15223780391913053,0.15223780391912348,0.15223780391911085,0.152237803919103,0.15223780391911085,0.15223780391912348,0.15223780391913053,0.15223780391911854,0.15223780391911085,0.15223780391911854,0.15223780391913053,0.15223780391914177,0.15223780391913053,0.15223780391912348,0.15223780391913053,0.15223780391914177,0.15092409299740517,0.15092409299737103,0.15092409299734943,0.15092409299737103,0.15092409299740517,0.15092409299737103,0.150924092997334,0.15092409299731024,0.150924092997334,0.15092409299737103,0.15092409299734943,0.15092409299731024,0.15092409299728538,0.15092409299731024,0.15092409299734943,0.15092409299737103,0.150924092997334,0.15092409299731024,0.150924092997334,0.15092409299737103,0.15092409299740517,0.15092409299737103,0.15092409299734943,0.15092409299737103,0.15092409299740517,0.1496365231403806,0.14963652314027776,0.1496365231402121,0.14963652314027776,0.1496365231403806,0.14963652314027776,0.14963652314016332,0.1496365231400892,0.14963652314016332,0.14963652314027776,0.1496365231402121,0.1496365231400892,0.1496365231400098,0.1496365231400892,0.1496365231402121,0.14963652314027776,0.14963652314016332,0.1496365231400892,0.14963652314016332,0.14963652314027776,0.1496365231403806,0.14963652314027776,0.1496365231402121,0.14963652314027776,0.1496365231403806,0.14837453640458165,0.14837453640427564,0.14837453640407736,0.14837453640427564,0.14837453640458165,0.14837453640427564,0.1483745364039237,0.14837453640369036,0.1483745364039237,0.14837453640427564,0.14837453640407736,0.14837453640369036,0.14837453640343184,0.14837453640369036,0.14837453640407736,0.14837453640427564,0.1483745364039237,0.14837453640369036,0.1483745364039237,0.14837453640427564,0.14837453640458165,0.14837453640427564,0.14837453640407736,0.14837453640427564,0.14837453640458165,0.1471375822732412,0.14713758227234836,0.14713758227175341,0.14713758227234836,0.1471375822732412,0.14713758227234836,0.14713758227127058,0.1471375822705238,0.14713758227127058,0.14713758227234836,0.14713758227175341,0.1471375822705238,0.1471375822696529,0.1471375822705238,0.14713758227175341,0.14713758227234836,0.14713758227127058,0.1471375822705238,0.14713758227127058,0.14713758227234836,0.1471375822732412,0.14713758227234836,0.14713758227175341,0.14713758227234836,0.1471375822732412,0.1459251180946583,0.14592511809212835,0.14592511809036482,0.14592511809212835,0.1459251180946583,0.14592511809212835,0.14592511808885875,0.145925118086423,0.14592511808885875,0.14592511809212835,0.14592511809036482,0.145925118086423,0.1459251180833329,0.145925118086423,0.14592511809036482,0.14592511809212835,0.14592511808885875,0.145925118086423,0.14592511808885875,0.14592511809212835,0.1459251180946583,0.14592511809212835,0.14592511809036482,0.14592511809212835,0.1459251180946583,0.1447366094570361,0.14473660945020073,0.14473660944509148,0.14473660945020073,0.1447366094570361,0.14473660945020073,0.14473660944048336,0.1447366094323579,0.14473660944048336,0.14473660945020073,0.14473660944509148,0.1447366094323579,0.14473660942050737,0.1447366094323579,0.14473660944509148,0.14473660945020073,0.14473660944048336,0.1447366094323579,0.14473660944048336,0.14473660945020073,0.1447366094570361,0.14473660945020073,0.14473660944509148,0.14473660945020073,0.1447366094570361,0.1435715305066281,0.1435715304895517,0.143571530475387,0.1435715304895517,0.1435715305066281,0.1435715304895517,0.14357153046190893,0.14357153043433477,0.14357153046190893,0.1435715304895517,0.143571530475387,0.14357153043433477,0.14357153038392167,0.14357153043433477,0.143571530475387,0.1435715304895517,0.14357153046190893,0.14357153043433477,0.14357153046190893,0.1435715304895517,0.1435715305066281,0.1435715304895517,0.143571530475387,0.1435715304895517,0.1435715305066281,0.14242936421593777,0.14242936417873556,0.14242936414297402,0.14242936417873556,0.14242936421593777,0.14242936417873556,0.14242936410721332,0.14242936401515272,0.14242936410721332,0.14242936417873556,0.14242936414297402,0.14242936401515272,0.14242936377281465,0.14242936401515272,0.14242936414297402,0.14242936417873556,0.14242936410721332,0.14242936401515272,0.14242936410721332,0.14242936417873556,0.14242936421593777,0.14242936417873556,0.14242936414297402,0.14242936417873556,0.14242936421593777,0.14130960260491998,0.14130960254283714,0.14130960247093202,0.14130960254283714,0.14130960260491998,0.14130960254283714,0.14130960239649676,0.1413096021286879,0.14130960239649676,0.14130960254283714,0.14130960247093202,0.1413096021286879,0.14130960080956903,0.1413096021286879,0.14130960247093202,0.14130960254283714,0.14130960239649676,0.1413096021286879,0.14130960239649676,0.14130960254283714,0.14130960260491998,0.14130960254283714,0.14130960247093202,0.14130960254283714,0.14130960260491998,0.14021174689955296,0.1402117468452804,0.14021174678038645,0.1402117468452804,0.14021174689955296,0.1402117468452804,0.14021174671270217,0.14021174646367113,0.14021174671270217,0.1402117468452804,0.14021174678038645,0.14021174646367113,0.1402117452348149,0.14021174646367113,0.14021174678038645,0.1402117468452804,0.14021174671270217,0.14021174646367113,0.14021174671270217,0.1402117468452804,0.14021174689955296,0.1402117468452804,0.14021174678038645,0.1402117468452804,0.14021174689955296,0.13913530758375645,0.13913530757314285,0.13913530756045991,0.13913530757314285,0.13913530758375645,0.13913530757314285,0.13913530754704587,0.1391353075039479,0.13913530754704587,0.13913530757314285,0.13913530756045991,0.1391353075039479,0.13913530736317062,0.1391353075039479,0.13913530756045991,0.13913530757314285,0.13913530754704587,0.1391353075039479,0.13913530754704587,0.13913530757314285,0.13913530758375645,0.13913530757314285,0.13913530756045991,0.13913530757314285,0.13913530758375645,0.1380798044852683,0.1380798045260079,0.13807980456924723,0.1380798045260079,0.1380798044852683,0.1380798045260079,0.13807980461371064,0.13807980474195375,0.13807980461371064,0.1380798045260079,0.13807980456924723,0.13807980474195375,0.13807980512317822,0.13807980474195375,0.13807980456924723,0.1380798045260079,0.13807980461371064,0.13807980474195375,0.13807980461371064,0.1380798045260079,0.1380798044852683,0.1380798045260079,0.13807980456924723,0.1380798045260079,0.1380798044852683,0.1370447668937163,0.13704476697745507,0.13704476708142582,0.13704476697745507,0.1370447668937163,0.13704476697745507,0.13704476718981046,0.13704476762475482,0.13704476718981046,0.13704476697745507,0.13704476708142582,0.13704476762475482,0.13704477005897703,0.13704476762475482,0.13704476708142582,0.13704476697745507,0.13704476718981046,0.13704476762475482,0.13704476718981046,0.13704476697745507,0.1370447668937163,0.13704476697745507,0.13704476708142582,0.13704476697745507,0.1370447668937163,0.1360297336252862,0.13602973368540794,0.13602973374482563,0.13602973368540794,0.1360297336252862,0.13602973368540794,0.13602973380467584,0.13602973396561735,0.13602973380467584,0.13602973368540794,0.13602973374482563,0.13602973396561735,0.13602973441493035,0.13602973396561735,0.13602973374482563,0.13602973368540794,0.13602973380467584,0.13602973396561735,0.13602973380467584,0.13602973368540794,0.1360297336252862,0.13602973368540794,0.13602973374482563,0.13602973368540794,0.1360297336252862,0.1350342531487827,0.13503425318678375,0.13503425321829998,0.13503425318678375,0.1350342531487827,0.13503425318678375,0.1350342532483063,0.1350342533096114,0.1350342532483063,0.13503425318678375,0.13503425321829998,0.1350342533096114,0.13503425342155073,0.1350342533096114,0.13503425321829998,0.13503425318678375,0.1350342532483063,0.1350342533096114,0.1350342532483063,0.13503425318678375,0.1350342531487827,0.13503425318678375,0.13503425321829998,0.13503425318678375,0.1350342531487827
0.16533248761499786,0.16533248761499786,0.16533248761499786,0.16533248761499786,0.16533248761499786,0.16533248761499786,0.16533248761499786,0.16533248761499786,0.16533248761499786,0.16533248761499786,0.16533248761499786,0.16533248761499786,0.16533248761499786,0.16533248761499786,0.16533248761499786,0.16533248761499786,0.16533248761499786,0.16533248761499786,0.16533248761499786,0.16533248761499786,0.16533248761499786,0.16533248761499786,0.16533248761499786,0.16533248761499786,0.16533248761499786,0.16375749389959343,0.16375749389959343,0.16375749389959343,0.16375749389959343,0.16375749389959343,0.16375749389959343,0.16375749389959343,0.16375749389959343,0.16375749389959343,0.16375749389959343,0.16375749389959343,0.16375749389959343,0.16375749389959343,0.16375749389959343,0.16375749389959343,0.16375749389959343,0.16375749389959343,0.16375749389959343,0.16375749389959343,0.16375749389959343,0.16375749389959343,0.16375749389959343,0.16375749389959343,0.16375749389959343,0.16375749389959343,0.16221388411602067,0.16221388411602067,0.16221388411602067,0.16221388411602067,0.16221388411602067,0.16221388411602067,0.16221388411602067,0.16221388411602067,0.16221388411602067,0.16221388411602067,0.16221388411602067,0.16221388411602067,0.16221388411602067,0.16221388411602067,0.16221388411602067,0.16221388411602067,0.16221388411602067,0.16221388411602067,0.16221388411602067,0.16221388411602067,0.16221388411602067,0.16221388411602067,0.16221388411602067,0.16221388411602067,0.16221388411602067,0.1607010672213196,0.1607010672213196,0.16070106722131938,0.1607010672213196,0.1607010672213196,0.1607010672213196,0.16070106722131938,0.16070106722131938,0.16070106722131938,0.1607010672213196,0.16070106722131938,0.16070106722131938,0.16070106722131938,0.16070106722131938,0.16070106722131938,0.1607010672213196,0.16070106722131938,0.16070106722131938,0.16070106722131938,0.1607010672213196,0.1607010672213196,0.1607010672213196,0.16070106722131938,0.1607010672213196,0.1607010672213196,0.1592184515904678,0.1592184515904678,0.1592184515904678,0.1592184515904678,0.1592184515904678,0.1592184515904678,0.1592184515904678,0.1592184515904678,0.1592184515904678,0.1592184515904678,0.1592184515904678,0.1592184515904678,0.1592184515904678,0.1592184515904678,0.1592184515904678,0.1592184515904678,0.1592184515904678,0.1592184515904678,0.1592184515904678,0.1592184515904678,0.1592184515904678,0.1592184515904678,0.1592184515904678,0.1592184515904678,0.1592184515904678,0.1577654463682328,0.1577654463682328,0.15776544636823261,0.1577654463682328,0.1577654463682328,0.1577654463682328,0.15776544636823261,0.15776544636823261,0.15776544636823261,0.1577654463682328,0.15776544636823261,0.15776544636823261,0.1577654463682324,0.15776544636823261,0.15776544636823261,0.1577654463682328,0.15776544636823261,0.15776544636823261,0.15776544636823261,0.1577654463682328,0.1577654463682328,0.1577654463682328,0.15776544636823261,0.1577654463682328,0.1577654463682328,0.15634146268349333,0.15634146268349292,0.15634146268349272,0.15634146268349292,0.15634146268349333,0.15634146268349292,0.1563414626834925,0.1563414626834923,0.1563414626834925,0.15634146268349292,0.15634146268349272,0.1563414626834923,0.15634146268349208,0.1563414626834923,0.15634146268349272,0.15634146268349292,0.1563414626834925,0.1563414626834923,0.1563414626834925,0.15634146268349292,0.15634146268349333,0.15634146268349292,0.15634146268349272,0.15634146268349292,0.15634146268349333,0.1549459147363011,0.15494591473629984,0.15494591473629923,0.15494591473629984,0.1549459147363011,0.15494591473629984,0.15494591473629862,0.154945914736298,0.15494591473629862,0.15494591473629984,0.15494591473629923,0.154945914736298,0.1549459147362972,0.154945914736298,0.15494591473629923,0.15494591473629984,0.15494591473629862,0.154945914736298,0.15494591473629862,0.15494591473629984,0.1549459147363011,0.15494591473629984,0.15494591473629923,0.15494591473629984,0.1549459147363011,0.15357822076738617,0.15357822076738237,0.15357822076738017,0.15357822076738237,0.15357822076738617,0.15357822076738237,0.15357822076737854,0.15357822076737612,0.15357822076737854,0.15357822076738237,0.15357822076738017,0.15357822076737612,0.1535782207673737,0.15357822076737612,0.15357822076738017,0.15357822076738237,0.15357822076737854,0.15357822076737612,0.15357822076737854,0.15357822076738237,0.15357822076738617,0.15357822076738237,0.15357822076738017,0.15357822076738237,0.15357822076738617,0.15223780391926064,0.15223780391924943,0.15223780391924235,0.15223780391924943,0.15223780391926064,0.15223780391924943,0.15223780391923744,0.15223780391922975,0.15223780391923744,0.15223780391924943,0.15223780391924235,0.15223780391922975,0.1522378039192219,0.15223780391922975,0.15223780391924235,0.15223780391924943,0.15223780391923744,0.15223780391922975,0.15223780391923744,0.15223780391924943,0.15223780391926064,0.15223780391924943,0.15223780391924235,0.15223780391924943,0.15223780391926064,0.15092409299753326,0.15092409299749912,0.15092409299747753,0.15092409299749912,0.15092409299753326,0.15092409299749912,0.1509240929974621,0.15092409299743834,0.1509240929974621,0.15092409299749912,0.15092409299747753,0.15092409299743834,0.1509240929974135,0.15092409299743834,0.15092409299747753,0.15092409299749912,0.1509240929974621,0.15092409299743834,0.1509240929974619,0.15092409299749912,0.15092409299753326,0.15092409299749912,0.15092409299747753,0.15092409299749912,0.15092409299753326,0.14963652314051862,0.14963652314041576,0.14963652314035017,0.14963652314041576,0.14963652314051862,0.14963652314041576,0.14963652314030138,0.14963652314022743,0.14963652314030138,0.14963652314041576,0.14963652314035017,0.14963652314022743,0.149636523140148,0.14963652314022743,0.14963652314035017,0.14963652314041576,0.14963652314030138,0.14963652314022743,0.14963652314030138,0.14963652314041576,0.14963652314051862,0.14963652314041576,0.14963652314035017,0.14963652314041576,0.14963652314051862,0.14837453640473025,0.1483745364044243,0.14837453640422615,0.1483745364044243,0.14837453640473025,0.1483745364044243,0.14837453640407253,0.14837453640383902,0.14837453640407253,0.1483745364044243,0.14837453640422615,0.14837453640383902,0.14837453640358045,0.14837453640383902,0.14837453640422615,0.1483745364044243,0.14837453640407253,0.14837453640383902,0.14837453640407253,0.1483745364044243,0.14837453640473025,0.1483745364044243,0.14837453640422615,0.1483745364044243,0.14837453640473025,0.14713758227340085,0.147137582272508,0.14713758227191326,0.147137582272508,0.14713758227340085,0.147137582272508,0.14713758227143062,0.14713758227068383,0.14713758227143062,0.147137582272508,0.14713758227191326,0.14713758227068383,0.14713758226981313,0.14713758227068383,0.14713758227191326,0.147137582272508,0.14713758227143062,0.14713758227068383,0.14713758227143062,0.147137582272508,0.14713758227340085,0.147137582272508,0.14713758227191326,0.147137582272508,0.14713758227340085,0.14592511809482925,0.14592511809229966,0.14592511809053646,0.14592511809229966,0.14592511809482925,0.14592511809229966,0.14592511808903058,0.1459251180865952,0.14592511808903058,0.14592511809229966,0.14592511809053646,0.1459251180865952,0.14592511808350525,0.1459251180865952,0.14592511809053646,0.14592511809229966,0.14592511808903058,0.1459251180865952,0.14592511808903058,0.14592511809229966,0.14592511809482925,0.14592511809229966,0.14592511809053646,0.14592511809229966,0.14592511809482925,0.14473660945721745,0.14473660945038333,0.14473660944527494,0.14473660945038333,0.14473660945721745,0.14473660945038333,0.14473660944066752,0.14473660943254307,0.14473660944066752,0.14473660945038333,0.14473660944527494,0.14473660943254307,0.1447366094206934,0.14473660943254307,0.14473660944527494,0.14473660945038333,0.14473660944066752,0.14473660943254307,0.14473660944066752,0.14473660945038333,0.14473660945721745,0.14473660945038333,0.14473660944527494,0.14473660945038333,0.14473660945721745,0.14357153050681684,0.1435715304897444,0.1435715304755824,0.1435715304897444,0.14357153050681684,0.1435715304897444,0.14357153046210674,0.14357153043453566,0.14357153046210674,0.1435715304897444,0.1435715304755824,0.14357153043453566,0.14357153038412443,0.14357153043453566,0.1435715304755824,0.1435715304897444,0.14357153046210674,0.14357153043453566,0.14357153046210674,0.1435715304897444,0.14357153050681684,0.1435715304897444,0.1435715304755824,0.1435715304897444,0.14357153050681684,0.14242936421612531,0.1424293641789342,0.1424293641431812,0.1424293641789342,0.14242936421612531,0.1424293641789342,0.14242936410742804,0.1424293640153788,0.14242936410742804,0.1424293641789342,0.1424293641431812,0.1424293640153788,0.1424293637730419,0.1424293640153788,0.1424293641431812,0.1424293641789342,0.14242936410742804,0.1424293640153788,0.14242936410742804,0.1424293641789342,0.14242936421612531,0.1424293641789342,0.1424293641431812,0.1424293641789342,0.14242936421612531,0.14130960260508266,0.14130960254302757,0.1413096024711478,0.14130960254302757,0.14130960260508266,0.14130960254302757,0.14130960239673804,0.14130960212897886,0.14130960239673804,0.14130960254302757,0.1413096024711478,0.14130960212897886,0.141309600809832,0.14130960212897886,0.1413096024711478,0.14130960254302757,0.14130960239673804,0.14130960212897886,0.14130960239673804,0.14130960254302757,0.14130960260508266,0.14130960254302757,0.1413096024711478,0.14130960254302757,0.14130960260508266,0.14021174689963184,0.14021174684541104,0.1402117467805851,0.14021174684541104,0.14021174689963184,0.14021174684541104,0.14021174671297226,0.14021174646424517,0.14021174671297226,0.14021174684541104,0.1402117467805851,0.14021174646424517,0.14021174523715998,0.14021174646424517,0.1402117467805851,0.14021174684541104,0.14021174671297226,0.14021174646424517,0.14021174671297226,0.14021174684541104,0.14021174689963184,0.14021174684541104,0.1402117467805851,0.14021174684541104,0.14021174689963184,0.13913530758364182,0.13913530757305023,0.1391353075603924,0.13913530757305023,0.13913530758364182,0.13913530757305023,0.13913530754700446,0.1391353075039879,0.13913530754700446,0.13913530757305023,0.1391353075603924,0.1391353075039879,0.13913530736346927,0.1391353075039879,0.1391353075603924,0.13913530757305023,0.13913530754700446,0.1391353075039879,0.13913530754700446,0.13913530757305023,0.13913530758364182,0.13913530757305023,0.1391353075603924,0.13913530757305023,0.13913530758364182,0.13807980448491028,0.13807980452563084,0.13807980456884847,0.13807980452563084,0.13807980448491028,0.13807980452563084,0.1380798046132894,0.13807980474146306,0.1380798046132894,0.13807980452563084,0.13807980456884847,0.13807980474146306,0.13807980512246595,0.13807980474146306,0.13807980456884847,0.13807980452563084,0.1380798046132894,0.13807980474146306,0.1380798046132894,0.13807980452563084,0.13807980448491028,0.13807980452563084,0.13807980456884847,0.13807980452563084,0.13807980448491028,0.13704476689314857,0.13704476697683504,0.13704476708073937,0.13704476697683504,0.13704476689314857,0.13704476697683504,0.1370447671890545,0.13704476762371412,0.1370447671890545,0.13704476697683504,0.13704476708073937,0.13704476762371412,0.13704477005633478,0.13704476762371412,0.13704476708073937,0.13704476697683504,0.1370447671890545,0.13704476762371412,0.1370447671890545,0.13704476697683504,0.13704476689314857,0.13704476697683504,0.13704476708073937,0.13704476697683504,0.13704476689314857,0.13602973362461074,0.1360297336846939,0.1360297337440731,0.1360297336846939,0.13602973362461074,0.1360297336846939,0.13602973380388425,0.13602973396472018,0.13602973380388425,0.1360297336846939,0.1360297337440731,0.13602973396472018,0.13602973441373603,0.13602973396472018,0.1360297337440731,0.1360297336846939,0.13602973380388425,0.13602973396472018,0.13602973380388425,0.1360297336846939,0.13602973362461074,0.1360297336846939,0.1360297337440731,0.1360297336846939,0.13602973362461074,0.13503425314807418,0.13503425318605067,0.13503425321754628,0.13503425318605067,0.13503425314807418,0.13503425318605067,0.13503425324753315,0.1350342533087979,0.13503425324753315,0.13503425318605067,0.13503425321754628,0.1350342533087979,0.13503425342066336,0.1350342533087979,0.13503425321754628,0.13503425318605067,0.13503425324753315,0.1350342533087979,0.13503425324753315,0.13503425318605067,0.13503425314807418,0.13503425318605067,0.13503425321754628,0.13503425318605067,0.13503425314807418
0.1653324876152145,0.1653324876152145,0.1653324876152145,0.1653324876152145,0.1653324876152145,0.1653324876152145,0.1653324876152145,0.1653324876152145,0.1653324876152145,0.1653324876152145,0.1653324876152145,0.1653324876152145,0.1653324876152145,0.1653324876152145,0.1653324876152145,0.1653324876152145,0.1653324876152145,0.1653324876152145,0.1653324876152145,0.1653324876152145,0.1653324876152145,0.1653324876152145,0.1653324876152145,0.1653324876152145,0.1653324876152145,0.1637574938998069,0.1637574938998069,0.1637574938998069,0.1637574938998069,0.1637574938998069,0.1637574938998069,0.1637574938998069,0.1637574938998069,0.1637574938998069,0.1637574938998069,0.1637574938998069,0.1637574938998069,0.1637574938998069,0.1637574938998069,0.1637574938998069,0.1637574938998069,0.1637574938998069,0.1637574938998069,0.1637574938998069,0.1637574938998069,0.1637574938998069,0.1637574938998069,0.1637574938998069,0.1637574938998069,0.1637574938998069,0.16221388411623194,0.16221388411623194,0.16221388411623194,0.16221388411623194,0.16221388411623194,0.16221388411623194,0.16221388411623194,0.16221388411623194,0.16221388411623194,0.16221388411623194,0.16221388411623194,0.16221388411623194,0.16221388411623194,0.16221388411623194,0.16221388411623194,0.16221388411623194,0.16221388411623194,0.16221388411623194,0.16221388411623194,0.16221388411623194,0.16221388411623194,0.16221388411623194,0.16221388411623194,0.16221388411623194,0.16221388411623194,0.16070106722152974,0.16070106722152974,0.16070106722152974,0.16070106722152974,0.16070106722152974,0.16070106722152974,0.16070106722152974,0.16070106722152974,0.16070106722152974,0.16070106722152974,0.16070106722152974,0.16070106722152974,0.16070106722152974,0.16070106722152974,0.16070106722152974,0.16070106722152974,0.16070106722152974,0.16070106722152974,0.16070106722152974,0.16070106722152974,0.16070106722152974,0.16070106722152974,0.16070106722152974,0.16070106722152974,0.16070106722152974,0.15921845159067835,0.15921845159067835,0.15921845159067835,0.15921845159067835,0.15921845159067835,0.15921845159067835,0.15921845159067816,0.15921845159067816,0.15921845159067816,0.15921845159067835,0.15921845159067835,0.15921845159067816,0.15921845159067816,0.15921845159067816,0.15921845159067835,0.15921845159067835,0.15921845159067816,0.15921845159067816,0.15921845159067816,0.15921845159067835,0.15921845159067835,0.15921845159067835,0.15921845159067835,0.15921845159067835,0.15921845159067835,0.15776544636844447,0.15776544636844447,0.15776544636844428,0.15776544636844447,0.15776544636844447,0.15776544636844447,0.15776544636844428,0.15776544636844428,0.15776544636844428,0.15776544636844447,0.15776544636844428,0.15776544636844428,0.15776544636844406,0.15776544636844428,0.15776544636844428,0.15776544636844447,0.15776544636844428,0.15776544636844428,0.15776544636844428,0.15776544636844447,0.15776544636844447,0.15776544636844447,0.15776544636844428,0.15776544636844447,0.15776544636844447,0.15634146268370747,0.15634146268370705,0.15634146268370686,0.15634146268370705,0.15634146268370747,0.15634146268370705,0.15634146268370663,0.1563414626837064,0.15634146268370663,0.15634146268370705,0.15634146268370686,0.1563414626837064,0.15634146268370622,0.1563414626837064,0.15634146268370686,0.15634146268370705,0.15634146268370663,0.1563414626837064,0.15634146268370663,0.15634146268370705,0.15634146268370747,0.15634146268370705,0.15634146268370686,0.15634146268370705,0.15634146268370747,0.15494591473651873,0.1549459147365177,0.15494591473651687,0.1549459147365177,0.15494591473651873,0.1549459147365177,0.15494591473651648,0.15494591473651567,0.15494591473651648,0.1549459147365177,0.15494591473651687,0.15494591473651567,0.15494591473651484,0.15494591473651567,0.15494591473651687,0.1549459147365177,0.15494591473651648,0.15494591473651567,0.15494591473651648,0.1549459147365177,0.15494591473651873,0.1549459147365177,0.15494591473651687,0.1549459147365177,0.15494591473651873,0.15357822076760852,0.15357822076760488,0.1535782207676025,0.15357822076760488,0.15357822076760852,0.15357822076760488,0.15357822076760108,0.15357822076759867,0.15357822076760108,0.15357822076760488,0.1535782207676025,0.15357822076759867,0.15357822076759625,0.15357822076759867,0.1535782207676025,0.15357822076760488,0.15357822076760108,0.15357822076759867,0.15357822076760108,0.15357822076760488,0.15357822076760852,0.15357822076760488,0.1535782207676025,0.15357822076760488,0.15357822076760852,0.1522378039194888,0.15223780391947758,0.15223780391947048,0.15223780391947758,0.1522378039194888,0.15223780391947758,0.15223780391946576,0.15223780391945826,0.15223780391946576,0.15223780391947758,0.15223780391947048,0.15223780391945826,0.1522378039194504,0.15223780391945826,0.15223780391947048,0.15223780391947758,0.15223780391946576,0.15223780391945826,0.15223780391946576,0.15223780391947758,0.1522378039194888,0.15223780391947758,0.15223780391947048,0.15223780391947758,0.1522378039194888,0.15092409299776827,0.1509240929977341,0.1509240929977125,0.1509240929977341,0.15092409299776827,0.1509240929977341,0.15092409299769707,0.15092409299767354,0.15092409299769707,0.1509240929977341,0.1509240929977125,0.15092409299767354,0.15092409299764864,0.15092409299767354,0.1509240929977125,0.1509240929977341,0.15092409299769707,0.15092409299767354,0.15092409299769707,0.1509240929977341,0.15092409299776827,0.1509240929977341,0.1509240929977125,0.1509240929977341,0.15092409299776827,0.14963652314076104,0.14963652314065834,0.14963652314059292,0.14963652314065834,0.14963652314076104,0.14963652314065834,0.14963652314054396,0.14963652314047024,0.14963652314054396,0.14963652314065834,0.14963652314059292,0.14963652314047024,0.1496365231403908,0.14963652314047024,0.14963652314059292,0.14963652314065834,0.14963652314054396,0.14963652314047024,0.14963652314054396,0.14963652314065834,0.14963652314076104,0.14963652314065834,0.14963652314059292,0.14963652314065834,0.14963652314076104,0.14837453640498102,0.14837453640467524,0.1483745364044773,0.14837453640467524,0.14837453640498102,0.14837453640467524,0.14837453640432363,0.14837453640409048,0.14837453640432363,0.14837453640467524,0.1483745364044773,0.14837453640409048,0.14837453640383214,0.14837453640409048,0.1483745364044773,0.14837453640467524,0.14837453640432363,0.14837453640409048,0.14837453640432363,0.14837453640467524,0.14837453640498102,0.14837453640467524,0.1483745364044773,0.14837453640467524,0.14837453640498102,0.14713758227366028,0.14713758227276796,0.1471375822721734,0.14713758227276796,0.14713758227366028,0.14713758227276796,0.1471375822716911,0.14713758227094487,0.1471375822716911,0.14713758227276796,0.1471375822721734,0.14713758227094487,0.14713758227007473,0.14713758227094487,0.1471375822721734,0.14713758227276796,0.1471375822716911,0.14713758227094487,0.1471375822716911,0.14713758227276796,0.14713758227366028,0.14713758227276796,0.1471375822721734,0.14713758227276796,0.14713758227366028,0.14592511809509653,0.14592511809256853,0.1459251180908064,0.14592511809256853,0.14592511809509653,0.14592511809256853,0.14592511808930161,0.14592511808686764,0.14592511808930161,0.14592511809256853,0.1459251180908064,0.14592511808686764,0.1459251180837793,0.14592511808686764,0.1459251180908064,0.14592511809256853,0.14592511808930161,0.14592511808686764,0.14592511808930161,0.14592511809256853,0.14592511809509653,0.14592511809256853,0.1459251180908064,0.14592511809256853,0.14592511809509653,0.14473660945748976,0.14473660945065997,0.1447366094455549,0.14473660945065997,0.14473660945748976,0.14473660945065997,0.1447366094409501,0.14473660943283057,0.1447366094409501,0.14473660945065997,0.1447366094455549,0.14473660943283057,0.14473660942098757,0.14473660943283057,0.1447366094455549,0.14473660945065997,0.1447366094409501,0.14473660943283057,0.1447366094409501,0.14473660945065997,0.14473660945748976,0.14473660945065997,0.1447366094455549,0.14473660945065997,0.14473660945748976,0.14357153050708515,0.14357153049002416,0.14357153047587107,0.14357153049002416,0.14357153050708515,0.14357153049002416,0.14357153046240362,0.1435715304348488,0.14357153046240362,0.14357153049002416,0.14357153047587107,0.1435715304348488,0.14357153038446513,0.1435715304348488,0.14357153047587107,0.14357153049002416,0.14357153046240362,0.1435715304348488,0.14357153046240362,0.14357153049002416,0.14357153050708515,0.14357153049002416,0.14357153047587107,0.14357153049002416,0.14357153050708515,0.1424293642163662,0.14242936417920074,0.1424293641434711,0.14242936417920074,0.1424293642163662,0.14242936417920074,0.1424293641077409,0.14242936401574638,0.1424293641077409,0.14242936417920074,0.1424293641434711,0.14242936401574638,0.14242936377353696,0.14242936401574638,0.1424293641434711,0.14242936417920074,0.1424293641077409,0.14242936401574638,0.1424293641077409,0.14242936417920074,0.1424293642163662,0.14242936417920074,0.1424293641434711,0.14242936417920074,0.1424293642163662,0.14130960260524153,0.1413096025432343,0.14130960247140667,0.1413096025432343,0.14130960260524153,0.1413096025432343,0.14130960239705004,0.14130960212945842,0.14130960239705004,0.1413096025432343,0.14130960247140667,0.14130960212945842,0.14130960081098473,0.14130960212945842,0.14130960247140667,0.1413096025432343,0.14130960239705004,0.14130960212945842,0.14130960239705004,0.1413096025432343,0.14130960260524153,0.1413096025432343,0.14130960247140667,0.1413096025432343,0.14130960260524153,0.14021174689960716,0.14021174684544377,0.14021174678068976,0.14021174684544377,0.14021174689960716,0.14021174684544377,0.1402117467131524,0.14021174646472542,0.1402117467131524,0.14021174684544377,0.14021174678068976,0.14021174646472542,0.14021174523930108,0.14021174646472542,0.14021174678068976,0.14021174684544377,0.1402117467131524,0.14021174646472542,0.1402117467131524,0.14021174684544377,0.14021174689960716,0.14021174684544377,0.14021174678068976,0.14021174684544377,0.14021174689960716,0.1391353075833112,0.13913530757273732,0.1391353075601002,0.13913530757273732,0.1391353075833112,0.13913530757273732,0.13913530754673392,0.13913530750378536,0.13913530754673392,0.13913530757273732,0.1391353075601002,0.13913530750378536,0.13913530736348492,0.13913530750378536,0.1391353075601002,0.13913530757273732,0.13913530754673392,0.13913530750378536,0.13913530754673392,0.13913530757273732,0.1391353075833112,0.13913530757273732,0.1391353075601002,0.13913530757273732,0.1391353075833112,0.1380798044842306,0.13807980452491903,0.1380798045681021,0.13807980452491903,0.1380798044842306,0.13807980452491903,0.1380798046125072,0.1380798047405748,0.1380798046125072,0.13807980452491903,0.1380798045681021,0.1380798047405748,0.13807980512125448,0.1380798047405748,0.1380798045681021,0.13807980452491903,0.1380798046125072,0.1380798047405748,0.1380798046125072,0.13807980452491903,0.1380798044842306,0.13807980452491903,0.1380798045681021,0.13807980452491903,0.1380798044842306,0.13704476689217873,0.1370447669757922,0.13704476707960483,0.1370447669757922,0.13704476689217873,0.1370447669757922,0.13704476718782432,0.13704476762209733,0.13704476718782432,0.1370447669757922,0.13704476707960483,0.13704476762209733,0.13704477005254184,0.13704476762209733,0.13704476707960483,0.1370447669757922,0.13704476718782432,0.13704476762209733,0.13704476718782432,0.1370447669757922,0.13704476689217873,0.1370447669757922,0.13704476707960483,0.1370447669757922,0.13704476689217873,0.13602973362349438,0.13602973368352445,0.13602973374285102,0.13602973368352445,0.13602973362349438,0.13602973368352445,0.13602973380260924,0.13602973396330173,0.13602973380260924,0.13602973368352445,0.13602973374285102,0.13602973396330173,0.1360297344119166,0.13602973396330173,0.13602973374285102,0.13602973368352445,0.13602973380260924,0.13602973396330173,0.13602973380260924,0.13602973368352445,0.13602973362349438,0.13602973368352445,0.13602973374285102,0.13602973368352445,0.13602973362349438,0.13503425314691536,0.13503425318485807,0.13503425321632592,0.13503425318485807,0.13503425314691536,0.13503425318485807,0.1350342532462859,0.13503425330749608,0.1350342532462859,0.13503425318485807,0.13503425321632592,0.13503425330749608,0.1350342534192618,0.13503425330749608,0.13503425321632592,0.13503425318485807,0.1350342532462859,0.13503425330749608,0.1350342532462859,0.13503425318485807,0.13503425314691536,0.13503425318485807,0.13503425321632592,0.13503425318485807,0.13503425314691536
0.16533248761556257,0.16533248761556257,0.16533248761556257,0.16533248761556257,0.16533248761556257,0.16533248761556257,0.16533248761556257,0.16533248761556257,0.16533248761556257,0.16533248761556257,0.16533248761556257,0.16533248761556257,0.16533248761556257,0.16533248761556257,0.16533248761556257,0.16533248761556257,0.16533248761556257,0.16533248761556257,0.16533248761556257,0.16533248761556257,0.16533248761556257,0.16533248761556257,0.16533248761556257,0.16533248761556257,0.16533248761556257,0.1637574939001492,0.1637574939001492,0.1637574939001492,0.1637574939001492,0.1637574939001492,0.1637574939001492,0.1637574939001492,0.1637574939001492,0.1637574939001492,0.1637574939001492,0.1637574939001492,0.1637574939001492,0.1637574939001492,0.1637574939001492,0.1637574939001492,0.1637574939001492,0.1637574939001492,0.1637574939001492,0.1637574939001492,0.1637574939001492,0.1637574939001492,0.1637574939001492,0.1637574939001492,0.1637574939001492,0.1637574939001492,0.16221388411656967,0.16221388411656967,0.16221388411656967,0.16221388411656967,0.16221388411656967,0.16221388411656967,0.16221388411656967,0.16221388411656967,0.16221388411656967,0.16221388411656967,0.16221388411656967,0.16221388411656967,0.16221388411656967,0.16221388411656967,0.16221388411656967,0.16221388411656967,0.16221388411656967,0.16221388411656967,0.16221388411656967,0.16221388411656967,0.16221388411656967,0.16221388411656967,0.16221388411656967,0.16221388411656967,0.16221388411656967,0.16070106722186386,0.16070106722186386,0.16070106722186386,0.16070106722186386,0.16070106722186386,0.16070106722186386,0.16070106722186386,0.16070106722186386,0.16070106722186386,0.16070106722186386,0.16070106722186386,0.16070106722186386,0.16070106722186386,0.16070106722186386,0.16070106722186386,0.16070106722186386,0.16070106722186386,0.16070106722186386,0.16070106722186386,0.16070106722186386,0.16070106722186386,0.16070106722186386,0.16070106722186386,0.16070106722186386,0.16070106722186386,0.15921845159101014,0.15921845159101014,0.15921845159100995,0.15921845159101014,0.15921845159101014,0.15921845159101014,0.15921845159100995,0.15921845159100995,0.15921845159100995,0.15921845159101014,0.15921845159100995,0.15921845159100995,0.15921845159100995,0.15921845159100995,0.15921845159100995,0.15921845159101014,0.15921845159100995,0.15921845159100995,0.15921845159100995,0.15921845159101014,0.15921845159101014,0.15921845159101014,0.15921845159100995,0.15921845159101014,0.15921845159101014,0.1577654463687752,0.1577654463687752,0.157765446368775,0.1577654463687752,0.1577654463687752,0.1577654463687752,0.157765446368775,0.157765446368775,0.157765446368775,0.1577654463687752,0.157765446368775,0.157765446368775,0.1577654463687748,0.157765446368775,0.157765446368775,0.1577654463687752,0.157765446368775,0.157765446368775,0.157765446368775,0.1577654463687752,0.1577654463687752,0.1577654463687752,0.157765446368775,0.1577654463687752,0.1577654463687752,0.15634146268403828,0.15634146268403787,0.15634146268403762,0.15634146268403787,0.15634146268403828,0.15634146268403787,0.15634146268403742,0.15634146268403723,0.15634146268403742,0.15634146268403787,0.15634146268403762,0.15634146268403723,0.156341462684037,0.15634146268403723,0.15634146268403762,0.15634146268403787,0.15634146268403742,0.15634146268403723,0.15634146268403742,0.15634146268403787,0.15634146268403828,0.15634146268403787,0.15634146268403762,0.15634146268403787,0.15634146268403828,0.1549459147368509,0.15494591473684968,0.15494591473684907,0.15494591473684968,0.1549459147368509,0.15494591473684968,0.15494591473684843,0.15494591473684785,0.15494591473684843,0.15494591473684968,0.15494591473684907,0.15494591473684785,0.15494591473684702,0.15494591473684785,0.15494591473684907,0.15494591473684968,0.15494591473684843,0.15494591473684785,0.15494591473684843,0.15494591473684968,0.1549459147368509,0.15494591473684968,0.15494591473684907,0.15494591473684968,0.1549459147368509,0.15357822076794292,0.15357822076793928,0.1535782207679371,0.15357822076793928,0.15357822076794292,0.15357822076793928,0.15357822076793567,0.15357822076793326,0.15357822076793567,0.15357822076793928,0.1535782207679371,0.15357822076793326,0.15357822076793087,0.15357822076793326,0.1535782207679371,0.15357822076793928,0.15357822076793567,0.15357822076793326,0.15357822076793567,0.15357822076793928,0.15357822076794292,0.15357822076793928,0.1535782207679371,0.15357822076793928,0.15357822076794292,0.15223780391982678,0.15223780391981556,0.15223780391980865,0.15223780391981556,0.15223780391982678,0.15223780391981556,0.1522378039198037,0.15223780391979647,0.1522378039198037,0.15223780391981556,0.15223780391980865,0.15223780391979647,0.15223780391978858,0.15223780391979647,0.15223780391980865,0.15223780391981556,0.1522378039198037,0.15223780391979647,0.1522378039198037,0.15223780391981556,0.15223780391982678,0.15223780391981556,0.15223780391980865,0.15223780391981556,0.15223780391982678,0.1509240929981107,0.15092409299807655,0.15092409299805512,0.15092409299807655,0.1509240929981107,0.15092409299807655,0.15092409299803988,0.15092409299801615,0.15092409299803988,0.15092409299807655,0.15092409299805512,0.15092409299801615,0.15092409299799125,0.15092409299801615,0.15092409299805512,0.15092409299807655,0.15092409299803988,0.15092409299801615,0.15092409299803988,0.15092409299807655,0.1509240929981107,0.15092409299807655,0.15092409299805512,0.15092409299807655,0.1509240929981107,0.14963652314110873,0.1496365231410061,0.14963652314094084,0.1496365231410061,0.14963652314110873,0.1496365231410061,0.14963652314089204,0.14963652314081813,0.14963652314089204,0.1496365231410061,0.14963652314094084,0.14963652314081813,0.14963652314073891,0.14963652314081813,0.14963652314094084,0.1496365231410061,0.14963652314089204,0.14963652314081813,0.14963652314089204,0.1496365231410061,0.14963652314110873,0.1496365231410061,0.14963652314094084,0.1496365231410061,0.14963652314110873,0.14837453640533463,0.1483745364050292,0.14837453640483145,0.1483745364050292,0.14837453640533463,0.1483745364050292,0.148374536404678,0.14837453640444503,0.148374536404678,0.1483745364050292,0.14837453640483145,0.14837453640444503,0.14837453640418688,0.14837453640444503,0.14837453640483145,0.1483745364050292,0.148374536404678,0.14837453640444503,0.148374536404678,0.1483745364050292,0.14837453640533463,0.1483745364050292,0.14837453640483145,0.1483745364050292,0.14837453640533463,0.1471375822740198,0.1471375822731284,0.14713758227253435,0.1471375822731284,0.1471375822740198,0.1471375822731284,0.14713758227205262,0.14713758227130708,0.14713758227205262,0.1471375822731284,0.14713758227253435,0.14713758227130708,0.14713758227043805,0.14713758227130708,0.14713758227253435,0.1471375822731284,0.14713758227205262,0.14713758227130708,0.14713758227205262,0.1471375822731284,0.1471375822740198,0.1471375822731284,0.14713758227253435,0.1471375822731284,0.1471375822740198,0.1459251180954605,0.14592511809293518,0.14592511809117484,0.14592511809293518,0.1459251180954605,0.14592511809293518,0.14592511808967162,0.14592511808724015,0.14592511808967162,0.14592511809293518,0.14592511809117484,0.14592511808724015,0.14592511808415518,0.14592511808724015,0.14592511809117484,0.14592511809293518,0.14592511808967162,0.14592511808724015,0.14592511808967162,0.14592511809293518,0.1459251180954605,0.14592511809293518,0.14592511809117484,0.14592511809293518,0.1459251180954605,0.14473660945785283,0.14473660945103034,0.14473660944593056,0.14473660945103034,0.14473660945785283,0.14473660945103034,0.1447366094413308,0.14473660943321984,0.1447366094413308,0.14473660945103034,0.14473660944593056,0.14473660943321984,0.1447366094213892,0.14473660943321984,0.14473660944593056,0.14473660945103034,0.1447366094413308,0.14473660943321984,0.1447366094413308,0.14473660945103034,0.14473660945785283,0.14473660945103034,0.14473660944593056,0.14473660945103034,0.14473660945785283,0.14357153050743232,0.14357153049038932,0.1435715304762513,0.14357153049038932,0.14357153050743232,0.14357153049038932,0.14357153046279822,0.1435715304352725,0.14357153046279822,0.14357153049038932,0.1435715304762513,0.1435715304352725,0.14357153038494133,0.1435715304352725,0.1435715304762513,0.14357153049038932,0.14357153046279822,0.1435715304352725,0.14357153046279822,0.14357153049038932,0.14357153050743232,0.14357153049038932,0.1435715304762513,0.14357153049038932,0.14357153050743232,0.1424293642166591,0.14242936417953359,0.14242936414384216,0.14242936417953359,0.1424293642166591,0.14242936417953359,0.14242936410814971,0.14242936401625234,0.14242936410814971,0.14242936417953359,0.14242936414384216,0.14242936401625234,0.14242936377429505,0.14242936401625234,0.14242936414384216,0.14242936417953359,0.14242936410814971,0.14242936401625234,0.14242936410814971,0.14242936417953359,0.1424293642166591,0.14242936417953359,0.14242936414384216,0.14242936417953359,0.1424293642166591,0.14130960260539613,0.1413096025434568,0.14130960247170682,0.1413096025434568,0.14130960260539613,0.1413096025434568,0.1413096023974306,0.1413096021301234,0.1413096023974306,0.1413096025434568,0.14130960247170682,0.1413096021301234,0.14130960081300506,0.1413096021301234,0.14130960247170682,0.1413096025434568,0.1413096023974306,0.1413096021301234,0.1413096023974306,0.1413096025434568,0.14130960260539613,0.1413096025434568,0.14130960247170682,0.1413096025434568,0.14130960260539613,0.14021174689948007,0.14021174684537943,0.14021174678070122,0.14021174684537943,0.14021174689948007,0.14021174684537943,0.14021174671324318,0.14021174646511259,0.14021174671324318,0.14021174684537943,0.14021174678070122,0.14021174646511259,0.14021174524116,0.14021174646511259,0.14021174678070122,0.14021174684537943,0.14021174671324318,0.14021174646511259,0.14021174671324318,0.14021174684537943,0.14021174689948007,0.14021174684537943,0.14021174678070122,0.14021174684537943,0.14021174689948007,0.1391353075827673,0.13913530757220718,0.13913530755958636,0.13913530757220718,0.1391353075827673,0.13913530757220718,0.1391353075462373,0.1391353075033436,0.1391353075462373,0.13913530757220718,0.13913530755958636,0.1391353075033436,0.1391353073632217,0.1391353075033436,0.13913530755958636,0.13913530757220718,0.1391353075462373,0.1391353075033436,0.1391353075462373,0.13913530757220718,0.1391353075827673,0.13913530757220718,0.13913530755958636,0.13913530757220718,0.1391353075827673,0.13807980448323384,0.13807980452387764,0.1380798045670131,0.13807980452387764,0.13807980448323384,0.13807980452387764,0.1380798046113692,0.13807980473929496,0.1380798046113692,0.13807980452387764,0.1380798045670131,0.13807980473929496,0.13807980511955104,0.13807980473929496,0.1380798045670131,0.13807980452387764,0.1380798046113692,0.13807980473929496,0.1380798046113692,0.13807980452387764,0.13807980448323384,0.13807980452387764,0.1380798045670131,0.13807980452387764,0.13807980448323384,0.13704476689081263,0.1370447669743328,0.1370447670780291,0.1370447669743328,0.13704476689081263,0.1370447669743328,0.13704476718612726,0.13704476761991297,0.13704476718612726,0.1370447669743328,0.1370447670780291,0.13704476761991297,0.1370447700476291,0.13704476761991297,0.1370447670780291,0.1370447669743328,0.13704476718612726,0.13704476761991297,0.13704476718612726,0.1370447669743328,0.13704476689081263,0.1370447669743328,0.1370447670780291,0.1370447669743328,0.13704476689081263,0.13602973362194382,0.13602973368190666,0.1360297337411667,0.13602973368190666,0.13602973362194382,0.13602973368190666,0.1360297338008577,0.13602973396136991,0.1360297338008577,0.13602973368190666,0.1360297337411667,0.13602973396136991,0.13602973440948096,0.13602973396136991,0.1360297337411667,0.13602973368190666,0.1360297338008577,0.13602973396136991,0.1360297338008577,0.13602973368190666,0.13602973362194382,0.13602973368190666,0.1360297337411667,0.13602973368190666,0.13602973362194382,0.13503425314531273,0.13503425318321288,0.13503425321464532,0.13503425318321288,0.13503425314531273,0.13503425318321288,0.1350342532445718,0.13503425330571314,0.1350342532445718,0.13503425318321288,0.13503425321464532,0.13503425330571314,0.1350342534173534,0.13503425330571314,0.13503425321464532,0.13503425318321288,0.1350342532445718,0.13503425330571314,0.1350342532445718,0.13503425318321288,0.13503425314531273,0.13503425318321288,0.13503425321464532,0.13503425318321288,0.13503425314531273
0.16533248761604044,0.16533248761604044,0.16533248761604044,0.16533248761604044,0.16533248761604044,0.16533248761604044,0.16533248761604044,0.16533248761604044,0.16533248761604044,0.16533248761604044,0.16533248761604044,0.16533248761604044,0.16533248761604044,0.16533248761604044,0.16533248761604044,0.16533248761604044,0.16533248761604044,0.16533248761604044,0.16533248761604044,0.16533248761604044,0.16533248761604044,0.16533248761604044,0.16533248761604044,0.16533248761604044,0.16533248761604044,0.16375749390061872,0.16375749390061872,0.16375749390061872,0.16375749390061872,0.16375749390061872,0.16375749390061872,0.16375749390061872,0.16375749390061872,0.16375749390061872,0.16375749390061872,0.16375749390061872,0.16375749390061872,0.16375749390061872,0.16375749390061872,0.16375749390061872,0.16375749390061872,0.16375749390061872,0.16375749390061872,0.16375749390061872,0.16375749390061872,0.16375749390061872,0.16375749390061872,0.16375749390061872,0.16375749390061872,0.16375749390061872,0.1622138841170319,0.1622138841170319,0.1622138841170319,0.1622138841170319,0.1622138841170319,0.1622138841170319,0.1622138841170319,0.1622138841170319,0.1622138841170319,0.1622138841170319,0.1622138841170319,0.1622138841170319,0.1622138841170319,0.1622138841170319,0.1622138841170319,0.1622138841170319,0.1622138841170319,0.1622138841170319,0.1622138841170319,0.1622138841170319,0.1622138841170319,0.1622138841170319,0.1622138841170319,0.1622138841170319,0.1622138841170319,0.16070106722232017,0.16070106722232017,0.16070106722232017,0.16070106722232017,0.16070106722232017,0.16070106722232017,0.16070106722232017,0.16070106722232017,0.16070106722232017,0.16070106722232017,0.16070106722232017,0.16070106722232017,0.16070106722232017,0.16070106722232017,0.16070106722232017,0.16070106722232017,0.16070106722232017,0.16070106722232017,0.16070106722232017,0.16070106722232017,0.16070106722232017,0.16070106722232017,0.16070106722232017,0.16070106722232017,0.16070106722232017,0.1592184515914617,0.1592184515914617,0.1592184515914617,0.1592184515914617,0.1592184515914617,0.1592184515914617,0.1592184515914617,0.1592184515914617,0.1592184515914617,0.1592184515914617,0.1592184515914617,0.1592184515914617,0.15921845159146147,0.1592184515914617,0.1592184515914617,0.1592184515914617,0.1592184515914617,0.1592184515914617,0.1592184515914617,0.1592184515914617,0.1592184515914617,0.1592184515914617,0.1592184515914617,0.1592184515914617,0.1592184515914617,0.1577654463692233,0.15776544636922307,0.15776544636922307,0.15776544636922307,0.1577654463692233,0.15776544636922307,0.15776544636922307,0.15776544636922285,0.15776544636922307,0.15776544636922307,0.15776544636922307,0.15776544636922285,0.15776544636922285,0.15776544636922285,0.15776544636922307,0.15776544636922307,0.15776544636922307,0.15776544636922285,0.15776544636922307,0.15776544636922307,0.1577654463692233,0.15776544636922307,0.15776544636922307,0.15776544636922307,0.1577654463692233,0.15634146268448387,0.15634146268448346,0.15634146268448323,0.15634146268448346,0.15634146268448387,0.15634146268448346,0.15634146268448304,0.15634146268448282,0.15634146268448304,0.15634146268448346,0.15634146268448323,0.15634146268448282,0.15634146268448262,0.15634146268448282,0.15634146268448323,0.15634146268448346,0.15634146268448304,0.15634146268448282,0.15634146268448304,0.15634146268448346,0.15634146268448387,0.15634146268448346,0.15634146268448323,0.15634146268448346,0.15634146268448387,0.1549459147372954,0.1549459147372942,0.15494591473729338,0.1549459147372942,0.1549459147372954,0.1549459147372942,0.15494591473729294,0.15494591473729213,0.15494591473729294,0.1549459147372942,0.15494591473729338,0.15494591473729213,0.1549459147372915,0.15494591473729213,0.15494591473729338,0.1549459147372942,0.15494591473729294,0.15494591473729213,0.15494591473729294,0.1549459147372942,0.1549459147372954,0.1549459147372942,0.15494591473729338,0.1549459147372942,0.1549459147372954,0.1535782207683874,0.1535782207683838,0.15357822076838154,0.1535782207683838,0.1535782207683874,0.1535782207683838,0.15357822076838015,0.15357822076837774,0.15357822076838015,0.1535782207683838,0.15357822076838154,0.15357822076837774,0.15357822076837532,0.15357822076837774,0.15357822076838154,0.1535782207683838,0.15357822076838015,0.15357822076837774,0.15357822076838015,0.1535782207683838,0.1535782207683874,0.1535782207683838,0.15357822076838154,0.1535782207683838,0.1535782207683874,0.15223780392027222,0.15223780392026118,0.1522378039202543,0.15223780392026118,0.15223780392027222,0.15223780392026118,0.15223780392024935,0.1522378039202421,0.15223780392024935,0.15223780392026118,0.1522378039202543,0.1522378039202421,0.15223780392023442,0.1522378039202421,0.1522378039202541,0.15223780392026118,0.15223780392024935,0.1522378039202421,0.15223780392024935,0.15223780392026118,0.15223780392027222,0.15223780392026118,0.1522378039202541,0.15223780392026118,0.15223780392027222,0.15092409299855825,0.1509240929985243,0.15092409299850287,0.1509240929985243,0.15092409299855825,0.1509240929985243,0.15092409299848766,0.15092409299846413,0.15092409299848766,0.1509240929985243,0.15092409299850287,0.15092409299846413,0.15092409299843923,0.15092409299846413,0.15092409299850287,0.1509240929985243,0.15092409299848766,0.15092409299846413,0.15092409299848766,0.1509240929985243,0.15092409299855825,0.1509240929985243,0.15092409299850287,0.1509240929985243,0.15092409299855825,0.14963652314155954,0.14963652314145703,0.1496365231413918,0.14963652314145703,0.14963652314155954,0.14963652314145703,0.14963652314134324,0.14963652314126946,0.14963652314134324,0.14963652314145703,0.1496365231413918,0.14963652314126946,0.14963652314119025,0.14963652314126946,0.1496365231413918,0.14963652314145703,0.14963652314134324,0.14963652314126946,0.14963652314134324,0.14963652314145703,0.14963652314155954,0.14963652314145703,0.1496365231413918,0.14963652314145703,0.14963652314155954,0.14837453640578868,0.14837453640548384,0.14837453640528625,0.14837453640548384,0.14837453640578868,0.14837453640548384,0.14837453640513318,0.1483745364049006,0.14837453640513318,0.14837453640548384,0.14837453640528625,0.1483745364049006,0.1483745364046428,0.1483745364049006,0.14837453640528625,0.14837453640548384,0.14837453640513318,0.1483745364049006,0.14837453640513318,0.14837453640548384,0.14837453640578868,0.14837453640548384,0.14837453640528625,0.14837453640548384,0.14837453640578868,0.14713758227447718,0.14713758227358706,0.14713758227299414,0.14713758227358706,0.14713758227447718,0.14713758227358706,0.1471375822725131,0.14713758227176868,0.1471375822725131,0.14713758227358706,0.14713758227299414,0.14713758227176868,0.14713758227090074,0.14713758227176868,0.14713758227299414,0.14713758227358706,0.1471375822725131,0.14713758227176868,0.1471375822725131,0.14713758227358706,0.14713758227447718,0.14713758227358706,0.14713758227299414,0.14713758227358706,0.14713758227447718,0.14592511809591882,0.14592511809339725,0.14592511809163958,0.14592511809339725,0.14592511809591882,0.14592511809339725,0.14592511809013867,0.14592511808771097,0.14592511809013867,0.14592511809339725,0.14592511809163958,0.14592511808771097,0.14592511808463063,0.14592511808771097,0.14592511809163958,0.14592511809339725,0.14592511809013867,0.14592511808771097,0.14592511809013867,0.14592511809339725,0.14592511809591882,0.14592511809339725,0.14592511809163958,0.14592511809339725,0.14592511809591882,0.14473660945830474,0.1447366094514924,0.14473660944640024,0.1447366094514924,0.14473660945830474,0.1447366094514924,0.14473660944180733,0.14473660943370856,0.14473660944180733,0.1447366094514924,0.14473660944640024,0.14473660943370856,0.1447366094218959,0.14473660943370856,0.14473660944640024,0.1447366094514924,0.14473660944180733,0.14473660943370856,0.14473660944180733,0.1447366094514924,0.14473660945830474,0.1447366094514924,0.14473660944640024,0.1447366094514924,0.14473660945830474,0.1435715305078567,0.14357153049083884,0.14357153047672203,0.14357153049083884,0.1435715305078567,0.14357153049083884,0.1435715304632888,0.14357153043580465,0.1435715304632888,0.14357153049083884,0.14357153047672203,0.14357153043580465,0.143571530385551,0.14357153043580465,0.14357153047672203,0.14357153049083884,0.1435715304632888,0.14357153043580465,0.1435715304632888,0.14357153049083884,0.1435715305078567,0.14357153049083884,0.14357153047672203,0.14357153049083884,0.1435715305078567,0.1424293642170033,0.14242936417993182,0.14242936414429305,0.14242936417993182,0.1424293642170033,0.14242936417993182,0.1424293641086535,0.14242936401689496,0.1424293641086535,0.14242936417993182,0.14242936414429305,0.14242936401689496,0.14242936377531162,0.14242936401689496,0.14242936414429305,0.14242936417993182,0.1424293641086535,0.14242936401689496,0.1424293641086535,0.14242936417993182,0.1424293642170033,0.14242936417993182,0.14242936414429305,0.14242936417993182,0.1424293642170033,0.14130960260554645,0.14130960254369462,0.14130960247204807,0.14130960254369462,0.14130960260554645,0.14130960254369462,0.1413096023978793,0.14130960213097069,0.1413096023978793,0.14130960254369462,0.14130960247204807,0.14130960213097069,0.141309600815899,0.14130960213097069,0.14130960247204807,0.14130960254369462,0.1413096023978793,0.14130960213097069,0.1413096023978793,0.14130960254369462,0.14130960260554645,0.14130960254369462,0.14130960247204807,0.14130960254369462,0.14130960260554645,0.14021174689925225,0.14021174684521978,0.1402117467806214,0.14021174684521978,0.14021174689925225,0.14021174684521978,0.14021174671324624,0.1402117464654088,0.14021174671324624,0.14021174684521978,0.1402117467806214,0.1402117464654088,0.14021174524281915,0.1402117464654088,0.1402117467806214,0.14021174684521978,0.14021174671324624,0.1402117464654088,0.14021174671324624,0.14021174684521978,0.14021174689925225,0.14021174684521978,0.1402117467806214,0.14021174684521978,0.14021174689925225,0.1391353075820136,0.13913530757146325,0.13913530755885445,0.13913530757146325,0.1391353075820136,0.13913530757146325,0.1391353075455182,0.13913530750266656,0.1391353075455182,0.13913530757146325,0.13913530755885445,0.13913530750266656,0.1391353073626841,0.13913530750266656,0.13913530755885445,0.13913530757146325,0.1391353075455182,0.13913530750266656,0.1391353075455182,0.13913530757146325,0.1391353075820136,0.13913530757146325,0.13913530755885445,0.13913530757146325,0.1391353075820136,0.13807980448192514,0.13807980452251156,0.13807980456558672,0.13807980452251156,0.13807980448192514,0.13807980452251156,0.13807980460988095,0.13807980473762949,0.13807980460988095,0.13807980452251156,0.13807980456558672,0.13807980473762949,0.13807980511736326,0.13807980473762949,0.13807980456558672,0.13807980452251156,0.13807980460988095,0.13807980473762949,0.13807980460988095,0.13807980452251156,0.13807980448192514,0.13807980452251156,0.13807980456558672,0.13807980452251156,0.13807980448192514,0.1370447668890566,0.13704476697246298,0.13704476707601881,0.13704476697246298,0.1370447668890566,0.13704476697246298,0.13704476718397057,0.13704476761717002,0.13704476718397057,0.13704476697246298,0.13704476707601881,0.13704476761717002,0.13704477004163096,0.13704476761717002,0.13704476707601881,0.13704476697246298,0.13704476718397057,0.13704476761717002,0.13704476718397057,0.13704476697246298,0.1370447668890566,0.13704476697246298,0.13704476707601881,0.13704476697246298,0.1370447668890566,0.13602973361996562,0.1360297336798472,0.13602973373902705,0.1360297336798472,0.13602973361996562,0.1360297336798472,0.13602973379863736,0.13602973395893278,0.13602973379863736,0.1360297336798472,0.13602973373902705,0.13602973395893278,0.13602973440643903,0.13602973395893278,0.13602973373902705,0.1360297336798472,0.13602973379863736,0.13602973395893278,0.13602973379863736,0.1360297336798472,0.13602973361996562,0.1360297336798472,0.13602973373902705,0.1360297336798472,0.13602973361996562,0.13503425314327314,0.1350342531811221,0.135034253212512,0.1350342531811221,0.13503425314327314,0.1350342531811221,0.13503425324239796,0.13503425330345667,0.13503425324239796,0.1350342531811221,0.135034253212512,0.13503425330345667,0.13503425341494615,0.13503425330345667,0.135034253212512,0.1350342531811221,0.13503425324239796,0.13503425330345667,0.13503425324239796,0.1350342531811221,0.13503425314327314,0.1350342531811221,0.135034253212512,0.1350342531811221,0.13503425314327314
0.16533248761664648,0.16533248761664648,0.16533248761664648,0.16533248761664648,0.16533248761664648,0.16533248761664648,0.16533248761664648,0.16533248761664648,0.16533248761664648,0.16533248761664648,0.16533248761664648,0.16533248761664648,0.16533248761664648,0.16533248761664648,0.16533248761664648,0.16533248761664648,0.16533248761664648,0.16533248761664648,0.16533248761664648,0.16533248761664648,0.16533248761664648,0.16533248761664648,0.16533248761664648,0.16533248761664648,0.16533248761664648,0.16375749390121383,0.16375749390121383,0.16375749390121383,0.16375749390121383,0.16375749390121383,0.16375749390121383,0.16375749390121383,0.16375749390121383,0.16375749390121383,0.16375749390121383,0.16375749390121383,0.16375749390121383,0.16375749390121383,0.16375749390121383,0.16375749390121383,0.16375749390121383,0.16375749390121383,0.16375749390121383,0.16375749390121383,0.16375749390121383,0.16375749390121383,0.16375749390121383,0.16375749390121383,0.16375749390121383,0.16375749390121383,0.1622138841176174,0.1622138841176174,0.1622138841176174,0.1622138841176174,0.1622138841176174,0.1622138841176174,0.1622138841176174,0.1622138841176174,0.1622138841176174,0.1622138841176174,0.1622138841176174,0.1622138841176174,0.1622138841176174,0.1622138841176174,0.1622138841176174,0.1622138841176174,0.1622138841176174,0.1622138841176174,0.1622138841176174,0.1622138841176174,0.1622138841176174,0.1622138841176174,0.1622138841176174,0.1622138841176174,0.1622138841176174,0.1607010672228971,0.1607010672228971,0.1607010672228971,0.1607010672228971,0.1607010672228971,0.1607010672228971,0.1607010672228971,0.1607010672228971,0.1607010672228971,0.1607010672228971,0.1607010672228971,0.1607010672228971,0.1607010672228971,0.1607010672228971,0.1607010672228971,0.1607010672228971,0.1607010672228971,0.1607010672228971,0.1607010672228971,0.1607010672228971,0.1607010672228971,0.1607010672228971,0.1607010672228971,0.1607010672228971,0.1607010672228971,0.15921845159203124,0.15921845159203124,0.15921845159203124,0.15921845159203124,0.15921845159203124,0.15921845159203124,0.15921845159203105,0.15921845159203105,0.15921845159203105,0.15921845159203124,0.15921845159203124,0.15921845159203105,0.15921845159203105,0.15921845159203105,0.15921845159203124,0.15921845159203124,0.15921845159203105,0.15921845159203105,0.15921845159203105,0.15921845159203124,0.15921845159203124,0.15921845159203124,0.15921845159203124,0.15921845159203124,0.15921845159203124,0.15776544636978657,0.15776544636978657,0.15776544636978634,0.15776544636978657,0.15776544636978657,0.15776544636978657,0.15776544636978634,0.15776544636978634,0.15776544636978634,0.15776544636978657,0.15776544636978634,0.15776544636978634,0.15776544636978634,0.15776544636978634,0.15776544636978634,0.15776544636978657,0.15776544636978634,0.15776544636978634,0.15776544636978634,0.15776544636978657,0.15776544636978657,0.15776544636978657,0.15776544636978634,0.15776544636978657,0.15776544636978657,0.1563414626850424,0.1563414626850422,0.1563414626850418,0.1563414626850422,0.1563414626850424,0.1563414626850422,0.1563414626850418,0.15634146268504157,0.1563414626850418,0.1563414626850422,0.1563414626850418,0.15634146268504157,0.15634146268504112,0.15634146268504157,0.1563414626850418,0.1563414626850422,0.1563414626850418,0.15634146268504157,0.1563414626850418,0.1563414626850422,0.1563414626850424,0.1563414626850422,0.1563414626850418,0.1563414626850422,0.1563414626850424,0.15494591473785035,0.15494591473784916,0.15494591473784852,0.15494591473784916,0.15494591473785035,0.15494591473784916,0.1549459147378481,0.15494591473784727,0.1549459147378481,0.15494591473784916,0.15494591473784852,0.15494591473784727,0.1549459147378465,0.15494591473784727,0.15494591473784852,0.15494591473784916,0.1549459147378481,0.15494591473784727,0.1549459147378481,0.15494591473784916,0.15494591473785035,0.15494591473784916,0.15494591473784852,0.15494591473784916,0.15494591473785035,0.1535782207689401,0.15357822076893649,0.15357822076893426,0.15357822076893649,0.1535782207689401,0.15357822076893649,0.15357822076893288,0.15357822076893046,0.15357822076893288,0.15357822076893649,0.15357822076893426,0.15357822076893046,0.15357822076892808,0.15357822076893046,0.15357822076893426,0.15357822076893649,0.15357822076893288,0.15357822076893046,0.15357822076893288,0.15357822076893649,0.1535782207689401,0.15357822076893649,0.15357822076893426,0.15357822076893649,0.1535782207689401,0.15223780392082376,0.15223780392081274,0.15223780392080585,0.15223780392081274,0.15223780392082376,0.15223780392081274,0.15223780392080113,0.15223780392079386,0.15223780392080113,0.15223780392081274,0.15223780392080585,0.15223780392079386,0.15223780392078615,0.15223780392079386,0.15223780392080585,0.15223780392081274,0.15223780392080113,0.15223780392079386,0.15223780392080113,0.15223780392081274,0.15223780392082376,0.15223780392081274,0.15223780392080585,0.15223780392081274,0.15223780392082376,0.1509240929991096,0.15092409299907586,0.15092409299905443,0.15092409299907586,0.1509240929991096,0.15092409299907586,0.15092409299903942,0.15092409299901605,0.15092409299903942,0.15092409299907586,0.15092409299905443,0.15092409299901605,0.15092409299899118,0.15092409299901605,0.15092409299905443,0.15092409299907586,0.15092409299903942,0.15092409299901605,0.15092409299903942,0.15092409299907586,0.1509240929991096,0.15092409299907586,0.15092409299905443,0.15092409299907586,0.1509240929991096,0.14963652314211165,0.14963652314200937,0.14963652314194412,0.14963652314200937,0.14963652314211165,0.14963652314200937,0.14963652314189593,0.14963652314182216,0.14963652314189593,0.14963652314200937,0.14963652314194412,0.14963652314182216,0.1496365231417431,0.14963652314182216,0.14963652314194412,0.14963652314200937,0.14963652314189593,0.14963652314182216,0.14963652314189593,0.14963652314200937,0.14963652314211165,0.14963652314200937,0.14963652314194412,0.14963652314200937,0.14963652314211165,0.14837453640634207,0.1483745364060376,0.14837453640584058,0.1483745364060376,0.14837453640634188,0.1483745364060376,0.14837453640568768,0.14837453640545545,0.14837453640568768,0.1483745364060376,0.14837453640584058,0.14837453640545545,0.14837453640519824,0.14837453640545545,0.14837453640584058,0.1483745364060376,0.14837453640568768,0.14837453640545545,0.14837453640568768,0.1483745364060376,0.14837453640634188,0.1483745364060376,0.14837453640584058,0.1483745364060376,0.14837453640634207,0.14713758227503104,0.14713758227414275,0.14713758227355073,0.14713758227414275,0.14713758227503104,0.14713758227414275,0.1471375822730706,0.14713758227232765,0.1471375822730706,0.14713758227414275,0.14713758227355073,0.14713758227232765,0.1471375822714615,0.14713758227232765,0.14713758227355073,0.14713758227414275,0.1471375822730706,0.14713758227232765,0.1471375822730706,0.14713758227414275,0.14713758227503104,0.14713758227414275,0.14713758227355073,0.14713758227414275,0.14713758227503104,0.1459251180964703,0.1459251180939537,0.1459251180921994,0.1459251180939537,0.1459251180964703,0.1459251180939537,0.1459251180907012,0.14592511808827827,0.1459251180907012,0.1459251180939537,0.1459251180921994,0.14592511808827827,0.14592511808520417,0.14592511808827827,0.1459251180921994,0.1459251180939537,0.1459251180907012,0.14592511808827827,0.1459251180907012,0.1459251180939537,0.1459251180964703,0.1459251180939537,0.1459251180921994,0.1459251180939537,0.1459251180964703,0.14473660945884426,0.14473660945204467,0.14473660944696248,0.14473660945204467,0.14473660945884426,0.14473660945204467,0.14473660944237846,0.1447366094342956,0.14473660944237846,0.14473660945204467,0.14473660944696248,0.1447366094342956,0.1447366094225065,0.1447366094342956,0.14473660944696248,0.14473660945204467,0.14473660944237846,0.1447366094342956,0.14473660944237846,0.14473660945204467,0.14473660945884426,0.14473660945204467,0.14473660944696248,0.14473660945204467,0.14473660945884426,0.14357153050835703,0.14357153049137134,0.14357153047728138,0.14357153049137134,0.14357153050835703,0.14357153049137134,0.143571530463874,0.1435715304364439,0.143571530463874,0.14357153049137134,0.14357153047728138,0.1435715304364439,0.14357153038629175,0.1435715304364439,0.14357153047728138,0.14357153049137134,0.143571530463874,0.1435715304364439,0.143571530463874,0.14357153049137134,0.14357153050835703,0.14357153049137134,0.14357153047728138,0.14357153049137134,0.14357153050835703,0.14242936421739788,0.1424293641803943,0.14242936414482266,0.1424293641803943,0.14242936421739788,0.1424293641803943,0.14242936410925036,0.14242936401767184,0.14242936410925036,0.1424293641803943,0.14242936414482266,0.14242936401767184,0.14242936377658302,0.14242936401767184,0.14242936414482266,0.1424293641803943,0.14242936410925036,0.14242936401767184,0.14242936410925036,0.1424293641803943,0.14242936421739788,0.1424293641803943,0.14242936414482266,0.1424293641803943,0.14242936421739788,0.1413096026056928,0.14130960254394792,0.14130960247242982,0.14130960254394775,0.1413096026056928,0.14130960254394792,0.14130960239839455,0.1413096021319976,0.14130960239839455,0.14130960254394775,0.14130960247242982,0.1413096021319976,0.1413096008196238,0.1413096021319976,0.14130960247242982,0.14130960254394775,0.14130960239839455,0.1413096021319976,0.14130960239839455,0.14130960254394775,0.1413096026056928,0.14130960254394775,0.14130960247242982,0.14130960254394775,0.1413096026056928,0.14021174689892524,0.1402117468449663,0.14021174678045142,0.1402117468449663,0.14021174689892524,0.1402117468449663,0.14021174671316303,0.1402117464656155,0.14021174671316303,0.1402117468449663,0.14021174678045142,0.1402117464656155,0.14021174524428107,0.1402117464656155,0.14021174678045142,0.1402117468449663,0.14021174671316303,0.1402117464656155,0.14021174671316303,0.1402117468449663,0.14021174689892524,0.1402117468449663,0.14021174678045142,0.1402117468449663,0.14021174689892524,0.13913530758105352,0.13913530757050904,0.13913530755790798,0.13913530757050904,0.13913530758105352,0.13913530757050904,0.13913530754458026,0.1391353075017579,0.13913530754458026,0.13913530757050904,0.13913530755790798,0.1391353075017579,0.13913530736187663,0.1391353075017579,0.13913530755790798,0.13913530757050904,0.13913530754458026,0.1391353075017579,0.13913530754458026,0.13913530757050904,0.13913530758105352,0.13913530757050904,0.13913530755790798,0.13913530757050904,0.13913530758105352,0.13807980448030915,0.1380798045208261,0.13807980456382854,0.1380798045208261,0.13807980448030915,0.1380798045208261,0.13807980460804806,0.13807980473558448,0.13807980460804806,0.1380798045208261,0.13807980456382854,0.13807980473558448,0.13807980511469886,0.13807980473558448,0.13807980456382854,0.1380798045208261,0.13807980460804806,0.13807980473558448,0.13807980460804806,0.1380798045208261,0.13807980448030915,0.1380798045208261,0.13807980456382854,0.1380798045208261,0.13807980448030915,0.1370447668869166,0.13704476697018955,0.1370447670735807,0.13704476697018955,0.1370447668869166,0.13704476697018955,0.13704476718136127,0.1370447676138771,0.13704476718136127,0.13704476697018955,0.1370447670735807,0.1370447676138771,0.1370447700345041,0.1370447676138771,0.1370447670735807,0.13704476697018955,0.13704476718136127,0.1370447676138771,0.13704476718136127,0.13704476697018955,0.1370447668869166,0.13704476697018955,0.1370447670735807,0.13704476697018955,0.1370447668869166,0.13602973361756665,0.13602973367735322,0.13602973373643945,0.13602973367735322,0.13602973361756665,0.13602973367735322,0.1360297337959555,0.13602973395599807,0.1360297337959555,0.13602973367735322,0.13602973373643945,0.13602973395599807,0.1360297344028001,0.13602973395599807,0.13602973373643945,0.13602973367735322,0.1360297337959555,0.13602973395599807,0.1360297337959555,0.13602973367735322,0.13602973361756665,0.13602973367735322,0.13602973373643945,0.13602973367735322,0.13602973361756665,0.1350342531408036,0.1350342531785926,0.13503425320993293,0.1350342531785926,0.1350342531408036,0.1350342531785926,0.13503425323977164,0.135034253300734,0.13503425323977164,0.1350342531785926,0.13503425320993293,0.135034253300734,0.13503425341204783,0.135034253300734,0.13503425320993293,0.1350342531785926,0.13503425323977164,0.135034253300734,0.13503425323977164,0.1350342531785926,0.1350342531408036,0.1350342531785926,0.13503425320993293,0.1350342531785926,0.1350342531408036
0.1653324876173778,0.1653324876173778,0.1653324876173778,0.1653324876173778,0.1653324876173778,0.1653324876173778,0.1653324876173778,0.1653324876173778,0.1653324876173778,0.1653324876173778,0.1653324876173778,0.1653324876173778,0.1653324876173778,0.1653324876173778,0.1653324876173778,0.1653324876173778,0.1653324876173778,0.1653324876173778,0.1653324876173778,0.1653324876173778,0.1653324876173778,0.1653324876173778,0.1653324876173778,0.1653324876173778,0.1653324876173778,0.163757493901932,0.163757493901932,0.163757493901932,0.163757493901932,0.163757493901932,0.163757493901932,0.163757493901932,0.163757493901932,0.163757493901932,0.163757493901932,0.163757493901932,0.163757493901932,0.163757493901932,0.163757493901932,0.163757493901932,0.163757493901932,0.163757493901932,0.163757493901932,0.163757493901932,0.163757493901932,0.163757493901932,0.163757493901932,0.163757493901932,0.163757493901932,0.163757493901932,0.16221388411832327,0.16221388411832327,0.16221388411832327,0.16221388411832327,0.16221388411832327,0.16221388411832327,0.16221388411832327,0.16221388411832327,0.16221388411832327,0.16221388411832327,0.16221388411832327,0.16221388411832327,0.16221388411832327,0.16221388411832327,0.16221388411832327,0.16221388411832327,0.16221388411832327,0.16221388411832327,0.16221388411832327,0.16221388411832327,0.16221388411832327,0.16221388411832327,0.16221388411832327,0.16221388411832327,0.16221388411832327,0.160701067223592,0.160701067223592,0.160701067223592,0.160701067223592,0.160701067223592,0.160701067223592,0.160701067223592,0.160701067223592,0.160701067223592,0.160701067223592,0.160701067223592,0.160701067223592,0.160701067223592,0.160701067223592,0.160701067223592,0.160701067223592,0.160701067223592,0.160701067223592,0.160701067223592,0.160701067223592,0.160701067223592,0.160701067223592,0.160701067223592,0.160701067223592,0.160701067223592,0.1592184515927164,0.1592184515927164,0.1592184515927164,0.1592184515927164,0.1592184515927164,0.1592184515927164,0.1592184515927164,0.1592184515927164,0.1592184515927164,0.1592184515927164,0.1592184515927164,0.1592184515927164,0.1592184515927164,0.1592184515927164,0.1592184515927164,0.1592184515927164,0.1592184515927164,0.1592184515927164,0.1592184515927164,0.1592184515927164,0.1592184515927164,0.1592184515927164,0.1592184515927164,0.1592184515927164,0.1592184515927164,0.1577654463704636,0.15776544637046339,0.15776544637046339,0.15776544637046339,0.1577654463704636,0.15776544637046339,0.15776544637046316,0.15776544637046316,0.15776544637046316,0.15776544637046339,0.15776544637046339,0.15776544637046316,0.15776544637046316,0.15776544637046316,0.15776544637046339,0.15776544637046339,0.15776544637046316,0.15776544637046316,0.15776544637046316,0.15776544637046339,0.1577654463704636,0.15776544637046339,0.15776544637046339,0.15776544637046339,0.1577654463704636,0.15634146268571217,0.15634146268571197,0.15634146268571156,0.15634146268571197,0.15634146268571217,0.15634146268571197,0.15634146268571156,0.15634146268571134,0.15634146268571156,0.15634146268571197,0.15634146268571156,0.15634146268571134,0.15634146268571092,0.15634146268571134,0.15634146268571156,0.15634146268571197,0.15634146268571156,0.15634146268571134,0.15634146268571156,0.15634146268571197,0.15634146268571217,0.15634146268571197,0.15634146268571156,0.15634146268571197,0.15634146268571217,0.15494591473851435,0.1549459147385131,0.15494591473851252,0.1549459147385131,0.15494591473851435,0.1549459147385131,0.15494591473851188,0.15494591473851127,0.15494591473851188,0.1549459147385131,0.15494591473851252,0.15494591473851127,0.15494591473851047,0.15494591473851127,0.15494591473851252,0.1549459147385131,0.15494591473851188,0.15494591473851127,0.15494591473851188,0.1549459147385131,0.15494591473851435,0.1549459147385131,0.15494591473851252,0.1549459147385131,0.15494591473851435,0.15357822076959948,0.15357822076959585,0.15357822076959365,0.15357822076959585,0.15357822076959948,0.15357822076959585,0.15357822076959224,0.15357822076958982,0.15357822076959224,0.15357822076959585,0.15357822076959365,0.15357822076958982,0.15357822076958744,0.15357822076958982,0.15357822076959365,0.15357822076959585,0.15357822076959224,0.15357822076958982,0.15357822076959224,0.15357822076959585,0.15357822076959948,0.15357822076959585,0.15357822076959365,0.15357822076959585,0.15357822076959948,0.15223780392147984,0.1522378039214686,0.15223780392146172,0.1522378039214686,0.15223780392147984,0.1522378039214686,0.152237803921457,0.1522378039214497,0.152237803921457,0.1522378039214686,0.15223780392146172,0.1522378039214497,0.15223780392144223,0.1522378039214497,0.15223780392146172,0.1522378039214686,0.152237803921457,0.1522378039214497,0.152237803921457,0.1522378039214686,0.15223780392147984,0.1522378039214686,0.15223780392146172,0.1522378039214686,0.15223780392147984,0.15092409299976323,0.15092409299972948,0.15092409299970827,0.15092409299972948,0.15092409299976323,0.15092409299972948,0.1509240929996932,0.15092409299967005,0.1509240929996932,0.15092409299972948,0.15092409299970827,0.15092409299967005,0.15092409299964535,0.15092409299967005,0.15092409299970827,0.15092409299972948,0.1509240929996932,0.15092409299967005,0.1509240929996932,0.15092409299972948,0.15092409299976323,0.15092409299972948,0.15092409299970827,0.15092409299972948,0.15092409299976323,0.14963652314276343,0.1496365231426615,0.14963652314259665,0.1496365231426615,0.14963652314276343,0.1496365231426615,0.1496365231425486,0.14963652314247486,0.1496365231425486,0.1496365231426615,0.14963652314259665,0.14963652314247486,0.14963652314239623,0.14963652314247486,0.14963652314259665,0.1496365231426615,0.1496365231425486,0.14963652314247486,0.1496365231425486,0.1496365231426615,0.14963652314276343,0.1496365231426615,0.14963652314259665,0.1496365231426615,0.14963652314276343,0.14837453640699277,0.14837453640668918,0.14837453640649237,0.14837453640668918,0.14837453640699277,0.14837453640668918,0.14837453640634002,0.14837453640610837,0.14837453640634002,0.14837453640668918,0.14837453640649237,0.14837453640610837,0.14837453640585188,0.14837453640610837,0.14837453640649237,0.14837453640668918,0.14837453640634002,0.14837453640610837,0.14837453640634002,0.14837453640668918,0.14837453640699277,0.14837453640668918,0.14837453640649237,0.14837453640668918,0.14837453640699277,0.14713758227567994,0.14713758227479362,0.14713758227420307,0.14713758227479362,0.14713758227567994,0.14713758227479362,0.14713758227372423,0.14713758227298304,0.14713758227372423,0.14713758227479362,0.14713758227420307,0.14713758227298304,0.14713758227211893,0.14713758227298304,0.14713758227420307,0.14713758227479362,0.14713758227372423,0.14713758227298304,0.14713758227372423,0.14713758227479362,0.14713758227567994,0.14713758227479362,0.14713758227420307,0.14713758227479362,0.14713758227567994,0.14592511809711345,0.14592511809460276,0.14592511809285255,0.14592511809460276,0.14592511809711345,0.14592511809460276,0.14592511809135808,0.145925118088941,0.14592511809135808,0.14592511809460276,0.14592511809285255,0.145925118088941,0.14592511808587422,0.145925118088941,0.14592511809285255,0.14592511809460276,0.14592511809135808,0.145925118088941,0.14592511809135808,0.14592511809460276,0.14592511809711345,0.14592511809460276,0.14592511809285255,0.14592511809460276,0.14592511809711345,0.14473660945946984,0.14473660945268615,0.14473660944761582,0.14473660945268615,0.14473660945946984,0.14473660945268615,0.14473660944304279,0.14473660943497926,0.14473660944304279,0.14473660945268615,0.14473660944761582,0.14473660943497926,0.14473660942321934,0.14473660943497926,0.14473660944761582,0.14473660945268615,0.14473660944304279,0.14473660943497926,0.14473660944304279,0.14473660945268615,0.14473660945946984,0.14473660945268615,0.14473660944761582,0.14473660945268615,0.14473660945946984,0.14357153050893265,0.14357153049198562,0.14357153047792837,0.14357153049198562,0.14357153050893265,0.14357153049198562,0.14357153046455262,0.1435715304371888,0.14357153046455262,0.14357153049198562,0.14357153047792837,0.1435715304371888,0.14357153038716222,0.1435715304371888,0.14357153047792837,0.14357153049198562,0.14357153046455262,0.1435715304371888,0.14357153046455262,0.14357153049198562,0.14357153050893265,0.14357153049198562,0.14357153047792837,0.14357153049198562,0.14357153050893265,0.1424293642178424,0.14242936418092056,0.14242936414542992,0.14242936418092056,0.1424293642178424,0.14242936418092056,0.14242936410993948,0.1424293640185814,0.14242936410993948,0.14242936418092056,0.14242936414542992,0.1424293640185814,0.14242936377810536,0.1424293640185814,0.14242936414542992,0.14242936418092056,0.14242936410993948,0.1424293640185814,0.14242936410993948,0.14242936418092056,0.1424293642178424,0.14242936418092056,0.14242936414542992,0.14242936418092056,0.1424293642178424,0.14130960260583558,0.1413096025442163,0.14130960247285165,0.1413096025442163,0.14130960260583558,0.1413096025442163,0.14130960239897608,0.1413096021332015,0.14130960239897608,0.1413096025442163,0.14130960247285165,0.1413096021332015,0.1413096008242282,0.1413096021332015,0.14130960247285165,0.1413096025442163,0.14130960239897608,0.1413096021332015,0.14130960239897608,0.1413096025442163,0.14130960260583558,0.1413096025442163,0.14130960247285165,0.1413096025442163,0.14130960260583558,0.14021174689850097,0.14021174684462104,0.14021174678019344,0.14021174684462104,0.14021174689850097,0.14021174684462104,0.14021174671299533,0.14021174646573434,0.14021174671299533,0.14021174684462104,0.14021174678019344,0.14021174646573434,0.14021174524549046,0.14021174646573434,0.14021174678019344,0.14021174684462104,0.14021174671299533,0.14021174646573434,0.14021174671299533,0.14021174684462104,0.14021174689850097,0.14021174684462104,0.14021174678019344,0.14021174684462104,0.14021174689850097,0.13913530757989032,0.13913530756934786,0.13913530755675063,0.13913530756934786,0.13913530757989032,0.13913530756934786,0.13913530754342718,0.13913530750062186,0.13913530754342718,0.13913530756934786,0.13913530755675063,0.13913530750062186,0.13913530736080398,0.13913530750062186,0.13913530755675063,0.13913530756934786,0.13913530754342718,0.13913530750062186,0.13913530754342718,0.13913530756934786,0.13913530757989032,0.13913530756934786,0.13913530755675063,0.13913530756934786,0.13913530757989032,0.13807980447839097,0.13807980451882654,0.1380798045617437,0.13807980451882654,0.13807980447839097,0.13807980451882654,0.13807980460587593,0.1380798047331663,0.13807980460587593,0.13807980451882654,0.1380798045617437,0.1380798047331663,0.1380798051115653,0.1380798047331663,0.1380798045617437,0.13807980451882654,0.13807980460587593,0.1380798047331663,0.13807980460587593,0.13807980451882654,0.13807980447839097,0.13807980451882654,0.1380798045617437,0.13807980451882654,0.13807980447839097,0.13704476688439898,0.13704476696751894,0.13704476707072188,0.13704476696751894,0.13704476688439898,0.13704476696751894,0.1370447671783065,0.13704476761004283,0.1370447671783065,0.13704476696751894,0.13704476707072188,0.13704476761004283,0.137044770026333,0.13704476761004283,0.13704476707072188,0.13704476696751894,0.1370447671783065,0.13704476761004283,0.1370447671783065,0.13704476696751894,0.13704476688439898,0.13704476696751894,0.13704476707072188,0.13704476696751894,0.13704476688439898,0.13602973361475362,0.1360297336744315,0.1360297337334108,0.1360297336744315,0.13602973361475362,0.1360297336744315,0.13602973379281938,0.1360297339525737,0.13602973379281938,0.1360297336744315,0.1360297337334108,0.1360297339525737,0.13602973439857355,0.1360297339525737,0.1360297337334108,0.1360297336744315,0.13602973379281938,0.1360297339525737,0.13602973379281938,0.1360297336744315,0.13602973361475362,0.1360297336744315,0.1360297337334108,0.1360297336744315,0.13602973361475362,0.13503425313791087,0.13503425317563142,0.13503425320691517,0.13503425317563142,0.13503425313791087,0.13503425317563142,0.13503425323670007,0.13503425329755256,0.13503425323669993,0.13503425317563142,0.13503425320691517,0.13503425329755256,0.13503425340866637,0.13503425329755256,0.13503425320691517,0.13503425317563142,0.13503425323669993,0.13503425329755256,0.13503425323670007,0.13503425317563142,0.13503425313791087,0.13503425317563142,0.13503425320691517,0.13503425317563142,0.13503425313791087
0.16533248761823324,0.16533248761823324,0.16533248761823324,0.16533248761823324,0.16533248761823324,0.16533248761823324,0.16533248761823324,0.16533248761823324,0.16533248761823324,0.16533248761823324,0.16533248761823324,0.16533248761823324,0.16533248761823324,0.16533248761823324,0.16533248761823324,0.16533248761823324,0.16533248761823324,0.16533248761823324,0.16533248761823324,0.16533248761823324,0.16533248761823324,0.16533248761823324,0.16533248761823324,0.16533248761823324,0.16533248761823324,0.16375749390277136,0.16375749390277136,0.16375749390277136,0.16375749390277136,0.16375749390277136,0.16375749390277136,0.16375749390277136,0.16375749390277136,0.16375749390277136,0.16375749390277136,0.16375749390277136,0.16375749390277136,0.16375749390277136,0.16375749390277136,0.16375749390277136,0.16375749390277136,0.16375749390277136,0.16375749390277136,0.16375749390277136,0.16375749390277136,0.16375749390277136,0.16375749390277136,0.16375749390277136,0.16375749390277136,0.16375749390277136,0.16221388411914814,0.16221388411914814,0.16221388411914814,0.16221388411914814,0.16221388411914814,0.16221388411914814,0.16221388411914814,0.16221388411914814,0.16221388411914814,0.16221388411914814,0.16221388411914814,0.16221388411914814,0.16221388411914814,0.16221388411914814,0.16221388411914814,0.16221388411914814,0.16221388411914814,0.16221388411914814,0.16221388411914814,0.16221388411914814,0.16221388411914814,0.16221388411914814,0.16221388411914814,0.16221388411914814,0.16221388411914814,0.16070106722440353,0.16070106722440353,0.16070106722440353,0.16070106722440353,0.16070106722440353,0.16070106722440353,0.16070106722440353,0.16070106722440353,0.16070106722440353,0.16070106722440353,0.16070106722440353,0.16070106722440353,0.16070106722440353,0.16070106722440353,0.16070106722440353,0.16070106722440353,0.16070106722440353,0.16070106722440353,0.16070106722440353,0.16070106722440353,0.16070106722440353,0.16070106722440353,0.16070106722440353,0.16070106722440353,0.16070106722440353,0.15921845159351586,0.15921845159351586,0.15921845159351586,0.15921845159351586,0.15921845159351586,0.15921845159351586,0.15921845159351586,0.15921845159351586,0.15921845159351586,0.15921845159351586,0.15921845159351586,0.15921845159351586,0.15921845159351586,0.15921845159351586,0.15921845159351586,0.15921845159351586,0.15921845159351586,0.15921845159351586,0.15921845159351586,0.15921845159351586,0.15921845159351586,0.15921845159351586,0.15921845159351586,0.15921845159351586,0.15921845159351586,0.1577654463712522,0.1577654463712522,0.15776544637125198,0.1577654463712522,0.1577654463712522,0.1577654463712522,0.15776544637125198,0.15776544637125198,0.15776544637125198,0.1577654463712522,0.15776544637125198,0.15776544637125198,0.15776544637125176,0.15776544637125198,0.15776544637125198,0.1577654463712522,0.15776544637125198,0.15776544637125198,0.15776544637125198,0.1577654463712522,0.1577654463712522,0.1577654463712522,0.15776544637125198,0.1577654463712522,0.1577654463712522,0.1563414626864915,0.1563414626864911,0.15634146268649088,0.1563414626864911,0.1563414626864915,0.1563414626864911,0.15634146268649068,0.15634146268649046,0.15634146268649068,0.1563414626864911,0.15634146268649088,0.15634146268649046,0.15634146268649027,0.15634146268649046,0.15634146268649088,0.1563414626864911,0.15634146268649068,0.15634146268649046,0.15634146268649068,0.1563414626864911,0.1563414626864915,0.1563414626864911,0.15634146268649088,0.1563414626864911,0.1563414626864915,0.1549459147392855,0.1549459147392843,0.15494591473928346,0.1549459147392843,0.1549459147392855,0.1549459147392843,0.15494591473928304,0.15494591473928243,0.15494591473928304,0.1549459147392843,0.15494591473928346,0.15494591473928243,0.1549459147392816,0.15494591473928243,0.15494591473928346,0.1549459147392843,0.15494591473928304,0.15494591473928243,0.15494591473928304,0.1549459147392843,0.1549459147392855,0.1549459147392843,0.15494591473928346,0.1549459147392843,0.1549459147392855,0.15357822077036368,0.15357822077036007,0.15357822077035788,0.15357822077036007,0.15357822077036368,0.15357822077036007,0.15357822077035643,0.15357822077035405,0.15357822077035643,0.15357822077036007,0.15357822077035788,0.15357822077035405,0.15357822077035185,0.15357822077035405,0.15357822077035788,0.15357822077036007,0.15357822077035643,0.15357822077035405,0.15357822077035643,0.15357822077036007,0.15357822077036368,0.15357822077036007,0.15357822077035788,0.15357822077036007,0.15357822077036368,0.15223780392223826,0.15223780392222722,0.15223780392222033,0.15223780392222722,0.15223780392223826,0.15223780392222722,0.1522378039222158,0.1522378039222085,0.1522378039222158,0.15223780392222722,0.15223780392222033,0.1522378039222085,0.15223780392220085,0.1522378039222085,0.15223780392222033,0.15223780392222722,0.1522378039222158,0.1522378039222085,0.1522378039222158,0.15223780392222722,0.15223780392223826,0.15223780392222722,0.15223780392222033,0.15223780392222722,0.15223780392223826,0.15092409300051718,0.1509240930004836,0.15092409300046236,0.1509240930004836,0.15092409300051718,0.1509240930004836,0.1509240930004475,0.15092409300042436,0.1509240930004475,0.1509240930004836,0.15092409300046236,0.15092409300042436,0.15092409300039988,0.15092409300042436,0.15092409300046236,0.1509240930004836,0.1509240930004475,0.15092409300042436,0.1509240930004475,0.1509240930004836,0.15092409300051718,0.1509240930004836,0.15092409300046236,0.1509240930004836,0.15092409300051718,0.1496365231435137,0.1496365231434122,0.14963652314334733,0.1496365231434122,0.1496365231435137,0.1496365231434122,0.14963652314329948,0.14963652314322612,0.14963652314329948,0.1496365231434122,0.14963652314334733,0.14963652314322612,0.14963652314314746,0.14963652314322612,0.14963652314334733,0.1496365231434122,0.14963652314329948,0.14963652314322612,0.14963652314329948,0.1496365231434122,0.1496365231435137,0.1496365231434122,0.14963652314334733,0.1496365231434122,0.1496365231435137,0.14837453640773945,0.14837453640743684,0.14837453640724055,0.14837453640743684,0.14837453640773945,0.14837453640743684,0.14837453640708875,0.14837453640685766,0.14837453640708875,0.14837453640743684,0.14837453640724055,0.14837453640685766,0.14837453640660192,0.14837453640685766,0.14837453640724055,0.14837453640743684,0.14837453640708875,0.14837453640685766,0.14837453640708875,0.14837453640743684,0.14837453640773945,0.14837453640743684,0.14837453640724055,0.14837453640743684,0.14837453640773945,0.14713758227642218,0.14713758227553841,0.14713758227494947,0.14713758227553841,0.14713758227642218,0.14713758227553841,0.1471375822744719,0.14713758227373291,0.1471375822744719,0.14713758227553841,0.14713758227494947,0.14713758227373291,0.14713758227287135,0.14713758227373291,0.14713758227494947,0.14713758227553841,0.1471375822744719,0.14713758227373291,0.1471375822744719,0.14713758227553841,0.14713758227642218,0.14713758227553841,0.14713758227494947,0.14713758227553841,0.14713758227642218,0.1459251180978469,0.14592511809534314,0.14592511809359776,0.14592511809534314,0.1459251180978469,0.14592511809534314,0.14592511809210754,0.14592511808969727,0.14592511809210754,0.14592511809534314,0.14592511809359776,0.14592511808969727,0.14592511808663935,0.14592511808969727,0.14592511809359776,0.14592511809534314,0.14592511809210754,0.14592511808969727,0.14592511809210754,0.14592511809534314,0.1459251180978469,0.14592511809534314,0.14592511809359776,0.14592511809534314,0.1459251180978469,0.14473660946018047,0.14473660945341524,0.14473660944835906,0.14473660945341524,0.14473660946018047,0.14473660945341524,0.1447366094437986,0.1447366094357583,0.1447366094437986,0.14473660945341524,0.14473660944835906,0.1447366094357583,0.14473660942403274,0.1447366094357583,0.14473660944835906,0.14473660945341524,0.1447366094437986,0.1447366094357583,0.1447366094437986,0.14473660945341524,0.14473660946018047,0.14473660945341524,0.14473660944835906,0.14473660945341524,0.14473660946018047,0.14357153050958202,0.14357153049268018,0.14357153047866159,0.14357153049268018,0.14357153050958202,0.14357153049268018,0.1435715304653228,0.1435715304380373,0.1435715304653228,0.14357153049268018,0.14357153047866159,0.1435715304380373,0.1435715303881598,0.1435715304380373,0.14357153047866159,0.14357153049268018,0.1435715304653228,0.1435715304380373,0.1435715304653228,0.14357153049268018,0.14357153050958202,0.14357153049268018,0.14357153047866159,0.14357153049268018,0.14357153050958202,0.14242936421833596,0.142429364181509,0.1424293641461135,0.142429364181509,0.14242936421833596,0.142429364181509,0.14242936411071885,0.1424293640196211,0.14242936411071885,0.142429364181509,0.1424293641461135,0.1424293640196211,0.1424293637798743,0.1424293640196211,0.1424293641461135,0.142429364181509,0.14242936411071885,0.1424293640196211,0.14242936411071885,0.142429364181509,0.14242936421833596,0.142429364181509,0.1424293641461135,0.142429364181509,0.14242936421833596,0.1413096026059744,0.1413096025444997,0.1413096024733128,0.1413096025444997,0.1413096026059744,0.1413096025444997,0.14130960239962229,0.1413096021345794,0.14130960239962229,0.1413096025444997,0.1413096024733128,0.1413096021345794,0.14130960082963237,0.1413096021345794,0.1413096024733128,0.1413096025444997,0.14130960239962229,0.1413096021345794,0.14130960239962229,0.1413096025444997,0.1413096026059744,0.1413096025444997,0.1413096024733128,0.1413096025444997,0.1413096026059744,0.1402117468979809,0.14021174684418503,0.14021174677984852,0.14021174684418503,0.1402117468979809,0.14021174684418503,0.14021174671274442,0.1402117464657671,0.14021174671274442,0.14021174684418503,0.14021174677984852,0.1402117464657671,0.1402117452464849,0.1402117464657671,0.14021174677984852,0.14021174684418503,0.14021174671274442,0.1402117464657671,0.14021174671274442,0.14021174684418503,0.1402117468979809,0.14021174684418503,0.14021174677984852,0.14021174684418503,0.1402117468979809,0.13913530757852738,0.1391353075679832,0.13913530755538564,0.1391353075679832,0.13913530757852738,0.1391353075679832,0.1391353075420622,0.13913530749926162,0.1391353075420622,0.1391353075679832,0.13913530755538564,0.13913530749926162,0.1391353073594703,0.13913530749926162,0.13913530755538564,0.1391353075679832,0.1391353075420622,0.13913530749926162,0.1391353075420622,0.1391353075679832,0.13913530757852738,0.1391353075679832,0.13913530755538564,0.1391353075679832,0.13913530757852738,0.13807980447617527,0.13807980451651736,0.13807980455933744,0.13807980451651736,0.13807980447617527,0.13807980451651736,0.13807980460337013,0.13807980473038037,0.13807980460337013,0.13807980451651736,0.13807980455933744,0.13807980473038037,0.13807980510797005,0.13807980473038037,0.13807980455933744,0.13807980451651736,0.13807980460337013,0.13807980473038037,0.13807980460337013,0.13807980451651736,0.13807980447617527,0.13807980451651736,0.13807980455933744,0.13807980451651736,0.13807980447617527,0.13704476688150932,0.1370447669644572,0.13704476706744875,0.1370447669644572,0.13704476688150932,0.1370447669644572,0.13704476717481354,0.13704476760567563,0.13704476717481354,0.1370447669644572,0.13704476706744875,0.13704476760567563,0.13704477001710372,0.13704476760567563,0.13704476706744875,0.1370447669644572,0.13704476717481354,0.13704476760567563,0.13704476717481354,0.1370447669644572,0.13704476688150932,0.1370447669644572,0.13704476706744875,0.1370447669644572,0.13704476688150932,0.13602973361153278,0.1360297336710887,0.13602973372994795,0.1360297336710887,0.13602973361153278,0.1360297336710887,0.13602973378923605,0.13602973394866727,0.13602973378923605,0.1360297336710887,0.13602973372994795,0.13602973394866727,0.13602973439376845,0.13602973394866727,0.13602973372994795,0.1360297336710887,0.13602973378923605,0.13602973394866727,0.13602973378923605,0.1360297336710887,0.13602973361153278,0.1360297336710887,0.13602973372994795,0.1360297336710887,0.13602973361153278,0.13503425313460146,0.13503425317224527,0.13503425320346552,0.13503425317224527,0.13503425313460146,0.13503425317224527,0.1350342532331899,0.1350342532939194,0.1350342532331899,0.13503425317224527,0.13503425320346552,0.1350342532939194,0.135034253404809,0.1350342532939194,0.13503425320346552,0.13503425317224527,0.1350342532331899,0.1350342532939194,0.1350342532331899,0.13503425317224527,0.13503425313460146,0.13503425317224527,0.13503425320346552,0.13503425317224527,0.13503425313460146
0.16533248761921096,0.16533248761921096,0.16533248761921096,0.16533248761921096,0.16533248761921096,0.16533248761921096,0.16533248761921096,0.16533248761921096,0.16533248761921096,0.16533248761921096,0.16533248761921096,0.16533248761921096,0.16533248761921096,0.16533248761921096,0.16533248761921096,0.16533248761921096,0.16533248761921096,0.16533248761921096,0.16533248761921096,0.16533248761921096,0.16533248761921096,0.16533248761921096,0.16533248761921096,0.16533248761921096,0.16533248761921096,0.16375749390373073,0.16375749390373073,0.16375749390373073,0.16375749390373073,0.16375749390373073,0.16375749390373073,0.16375749390373073,0.16375749390373073,0.16375749390373073,0.16375749390373073,0.16375749390373073,0.16375749390373073,0.16375749390373073,0.16375749390373073,0.16375749390373073,0.16375749390373073,0.16375749390373073,0.16375749390373073,0.16375749390373073,0.16375749390373073,0.16375749390373073,0.16375749390373073,0.16375749390373073,0.16375749390373073,0.16375749390373073,0.1622138841200904,0.1622138841200904,0.1622138841200904,0.1622138841200904,0.1622138841200904,0.1622138841200904,0.1622138841200904,0.1622138841200904,0.1622138841200904,0.1622138841200904,0.1622138841200904,0.1622138841200904,0.1622138841200904,0.1622138841200904,0.1622138841200904,0.1622138841200904,0.1622138841200904,0.1622138841200904,0.1622138841200904,0.1622138841200904,0.1622138841200904,0.1622138841200904,0.1622138841200904,0.1622138841200904,0.1622138841200904,0.16070106722533012,0.16070106722533012,0.16070106722533012,0.16070106722533012,0.16070106722533012,0.16070106722533012,0.16070106722533012,0.16070106722533012,0.16070106722533012,0.16070106722533012,0.16070106722533012,0.16070106722533012,0.16070106722533012,0.16070106722533012,0.16070106722533012,0.16070106722533012,0.16070106722533012,0.16070106722533012,0.16070106722533012,0.16070106722533012,0.16070106722533012,0.16070106722533012,0.16070106722533012,0.16070106722533012,0.16070106722533012,0.1592184515944281,0.15921845159442788,0.15921845159442788,0.15921845159442788,0.1592184515944281,0.15921845159442788,0.15921845159442788,0.15921845159442788,0.15921845159442788,0.15921845159442788,0.15921845159442788,0.15921845159442788,0.15921845159442788,0.15921845159442788,0.15921845159442788,0.15921845159442788,0.15921845159442788,0.15921845159442788,0.15921845159442788,0.1592184515944281,0.1592184515944281,0.15921845159442788,0.15921845159442788,0.1592184515944281,0.1592184515944281,0.15776544637215112,0.15776544637215112,0.15776544637215092,0.15776544637215112,0.15776544637215112,0.15776544637215112,0.15776544637215092,0.15776544637215092,0.15776544637215092,0.15776544637215112,0.15776544637215092,0.15776544637215092,0.15776544637215092,0.15776544637215092,0.15776544637215092,0.15776544637215112,0.15776544637215092,0.15776544637215092,0.15776544637215092,0.15776544637215112,0.15776544637215112,0.15776544637215112,0.15776544637215092,0.15776544637215112,0.15776544637215112,0.15634146268737875,0.15634146268737834,0.15634146268737814,0.15634146268737834,0.15634146268737875,0.15634146268737834,0.1563414626873779,0.15634146268737772,0.1563414626873779,0.15634146268737834,0.15634146268737814,0.15634146268737772,0.1563414626873775,0.15634146268737772,0.15634146268737814,0.15634146268737834,0.1563414626873779,0.15634146268737772,0.1563414626873779,0.15634146268737834,0.15634146268737875,0.15634146268737834,0.15634146268737814,0.15634146268737834,0.15634146268737875,0.1549459147401622,0.15494591474016098,0.15494591474016037,0.15494591474016098,0.1549459147401622,0.15494591474016098,0.15494591474015973,0.15494591474015912,0.15494591474015973,0.15494591474016098,0.15494591474016037,0.15494591474015912,0.1549459147401583,0.15494591474015912,0.15494591474016037,0.15494591474016098,0.15494591474015973,0.15494591474015912,0.15494591474015973,0.15494591474016098,0.1549459147401622,0.15494591474016098,0.15494591474016037,0.15494591474016098,0.1549459147401622,0.15357822077123132,0.1535782207712277,0.1535782207712255,0.1535782207712277,0.15357822077123132,0.1535782207712277,0.15357822077122407,0.15357822077122166,0.15357822077122407,0.1535782207712277,0.1535782207712255,0.15357822077122166,0.15357822077121927,0.15357822077122166,0.1535782207712255,0.1535782207712277,0.15357822077122407,0.15357822077122166,0.15357822077122407,0.1535782207712277,0.15357822077123132,0.1535782207712277,0.1535782207712255,0.1535782207712277,0.15357822077123132,0.15223780392309785,0.152237803923087,0.15223780392308014,0.152237803923087,0.15223780392309785,0.152237803923087,0.1522378039230754,0.15223780392306813,0.1522378039230754,0.152237803923087,0.15223780392308014,0.15223780392306813,0.15223780392306063,0.15223780392306813,0.15223780392308014,0.152237803923087,0.1522378039230754,0.15223780392306813,0.1522378039230754,0.152237803923087,0.15223780392309785,0.152237803923087,0.15223780392308014,0.152237803923087,0.15223780392309785,0.15092409300136986,0.1509240930013365,0.15092409300131546,0.1509240930013365,0.15092409300136986,0.1509240930013365,0.15092409300130064,0.15092409300127765,0.15092409300130064,0.1509240930013365,0.15092409300131546,0.15092409300127765,0.15092409300125334,0.15092409300127765,0.15092409300131546,0.1509240930013365,0.15092409300130064,0.15092409300127765,0.15092409300130064,0.1509240930013365,0.15092409300136986,0.1509240930013365,0.15092409300131546,0.1509240930013365,0.15092409300136986,0.14963652314436043,0.14963652314425926,0.14963652314419462,0.14963652314425926,0.14963652314436043,0.14963652314425926,0.14963652314414716,0.14963652314407397,0.14963652314414716,0.14963652314425926,0.14963652314419462,0.14963652314407397,0.14963652314399567,0.14963652314407397,0.14963652314419462,0.14963652314425926,0.14963652314414716,0.14963652314407397,0.14963652314414716,0.14963652314425926,0.14963652314436043,0.14963652314425926,0.14963652314419462,0.14963652314425926,0.14963652314436043,0.14837453640858048,0.14837453640827877,0.14837453640808324,0.14837453640827877,0.14837453640858048,0.14837453640827877,0.14837453640793183,0.14837453640770165,0.14837453640793183,0.14837453640827877,0.14837453640808324,0.14837453640770165,0.14837453640744663,0.14837453640770165,0.14837453640808324,0.14837453640827877,0.14837453640793183,0.14837453640770165,0.14837453640793183,0.14837453640827877,0.14837453640858048,0.14837453640827877,0.14837453640808324,0.14837453640827877,0.14837453640858048,0.14713758227725637,0.14713758227637533,0.14713758227578838,0.14713758227637533,0.14713758227725637,0.14713758227637533,0.14713758227531243,0.14713758227457566,0.14713758227531243,0.14713758227637533,0.14713758227578838,0.14713758227457566,0.14713758227371695,0.14713758227457566,0.14713758227578838,0.14713758227637533,0.14713758227531243,0.14713758227457566,0.14713758227531243,0.14713758227637533,0.14713758227725637,0.14713758227637533,0.14713758227578838,0.14713758227637533,0.14713758227725637,0.145925118098669,0.1459251180961731,0.1459251180944334,0.1459251180961731,0.145925118098669,0.1459251180961731,0.14592511809294798,0.14592511809054556,0.14592511809294798,0.1459251180961731,0.1459251180944334,0.14592511809054556,0.1459251180874978,0.14592511809054556,0.1459251180944334,0.1459251180961731,0.14592511809294798,0.14592511809054556,0.14592511809294798,0.1459251180961731,0.145925118098669,0.1459251180961731,0.1459251180944334,0.1459251180961731,0.145925118098669,0.1447366094609743,0.14473660945423036,0.1447366094491901,0.14473660945423036,0.1447366094609743,0.14473660945423036,0.14473660944464445,0.1447366094366307,0.14473660944464445,0.14473660945423036,0.1447366094491901,0.1447366094366307,0.14473660942494493,0.1447366094366307,0.14473660944919026,0.14473660945423036,0.14473660944464445,0.1447366094366307,0.14473660944464445,0.14473660945423036,0.1447366094609743,0.14473660945423036,0.14473660944919026,0.14473660945423036,0.1447366094609743,0.1435715305103038,0.14357153049345378,0.14357153047947935,0.14357153049345378,0.1435715305103038,0.14357153049345378,0.14357153046618318,0.14357153043898788,0.14357153046618318,0.14357153049345378,0.14357153047947935,0.14357153043898788,0.14357153038928247,0.14357153043898788,0.14357153047947935,0.14357153049345378,0.14357153046618318,0.14357153043898788,0.14357153046618318,0.14357153049345378,0.1435715305103038,0.14357153049345378,0.14357153047947935,0.14357153049345378,0.1435715305103038,0.14242936421887764,0.14242936418215887,0.1424293641468719,0.14242936418215887,0.14242936421887764,0.14242936418215887,0.14242936411158713,0.14242936402078885,0.14242936411158713,0.14242936418215887,0.1424293641468719,0.14242936402078885,0.1424293637818858,0.14242936402078885,0.1424293641468719,0.14242936418215887,0.14242936411158713,0.14242936402078885,0.14242936411158713,0.14242936418215887,0.14242936421887764,0.14242936418215887,0.1424293641468719,0.14242936418215887,0.14242936421887764,0.1413096026061094,0.14130960254479755,0.14130960247381247,0.14130960254479755,0.1413096026061094,0.14130960254479755,0.14130960240033227,0.14130960213612834,0.14130960240033227,0.14130960254479755,0.14130960247381247,0.14130960213612834,0.14130960083585806,0.14130960213612834,0.14130960247381247,0.14130960254479755,0.14130960240033227,0.14130960213612834,0.14130960240033227,0.14130960254479755,0.1413096026061094,0.14130960254479755,0.14130960247381247,0.14130960254479755,0.1413096026061094,0.14021174689736624,0.14021174684365967,0.1402117467794178,0.14021174684365967,0.14021174689736624,0.14021174684365967,0.14021174671241143,0.14021174646571483,0.14021174671241143,0.14021174684365967,0.1402117467794178,0.14021174646571483,0.1402117452472978,0.14021174646571483,0.1402117467794178,0.14021174684365967,0.14021174671241143,0.14021174646571483,0.14021174671241143,0.14021174684365967,0.14021174689736624,0.14021174684365967,0.1402117467794178,0.14021174684365967,0.14021174689736624,0.1391353075769676,0.1391353075664179,0.1391353075538159,0.1391353075664179,0.1391353075769676,0.1391353075664179,0.13913530754048864,0.1391353074976808,0.13913530754048864,0.1391353075664179,0.1391353075538159,0.1391353074976808,0.13913530735787985,0.1391353074976808,0.1391353075538159,0.1391353075664179,0.13913530754048864,0.1391353074976808,0.13913530754048864,0.1391353075664179,0.1391353075769676,0.1391353075664179,0.1391353075538159,0.1391353075664179,0.1391353075769676,0.1380798044736667,0.13807980451390367,0.13807980455661448,0.13807980451390367,0.1380798044736667,0.13807980451390367,0.13807980460053537,0.13807980472723275,0.13807980460053537,0.13807980451390367,0.13807980455661448,0.13807980472723275,0.13807980510392007,0.13807980472723275,0.13807980455661448,0.13807980451390367,0.13807980460053537,0.13807980472723275,0.13807980460053537,0.13807980451390367,0.1380798044736667,0.13807980451390367,0.13807980455661448,0.13807980451390367,0.1380798044736667,0.1370447668782535,0.13704476696101012,0.13704476706376745,0.13704476696101012,0.1370447668782535,0.13704476696101012,0.13704476717088862,0.13704476760078374,0.13704476717088862,0.13704476696101012,0.13704476706376745,0.13704476760078374,0.13704477000684936,0.13704476760078374,0.13704476706376745,0.13704476696101012,0.13704476717088862,0.13704476760078374,0.13704476717088862,0.13704476696101012,0.1370447668782535,0.13704476696101012,0.13704476706376745,0.13704476696101012,0.1370447668782535,0.13602973360791054,0.1360297336673312,0.13602973372605778,0.1360297336673312,0.13602973360791054,0.1360297336673312,0.13602973378521227,0.13602973394428605,0.13602973378521227,0.1360297336673312,0.13602973372605778,0.13602973394428605,0.13602973438839377,0.13602973394428605,0.13602973372605778,0.1360297336673312,0.13602973378521227,0.13602973394428605,0.13602973378521227,0.1360297336673312,0.13602973360791054,0.1360297336673312,0.13602973372605778,0.1360297336673312,0.13602973360791054,0.13503425313088172,0.1350342531684407,0.13503425319959048,0.1350342531684407,0.13503425313088172,0.1350342531684407,0.1350342532292482,0.13503425328984153,0.1350342532292482,0.1350342531684407,0.13503425319959048,0.13503425328984153,0.1350342534004833,0.13503425328984153,0.13503425319959048,0.1350342531684407,0.1350342532292482,0.13503425328984153,0.1350342532292482,0.1350342531684407,0.13503425313088172,0.1350342531684407,0.13503425319959048,0.1350342531684407,0.13503425313088172
0.16533248762030875,0.16533248762030875,0.16533248762030875,0.16533248762030875,0.16533248762030875,0.16533248762030875,0.16533248762030875,0.16533248762030875,0.16533248762030875,0.16533248762030875,0.16533248762030875,0.16533248762030875,0.16533248762030875,0.16533248762030875,0.16533248762030875,0.16533248762030875,0.16533248762030875,0.16533248762030875,0.16533248762030875,0.16533248762030875,0.16533248762030875,0.16533248762030875,0.16533248762030875,0.16533248762030875,0.16533248762030875,0.16375749390480784,0.16375749390480784,0.16375749390480784,0.16375749390480784,0.16375749390480784,0.16375749390480784,0.16375749390480784,0.16375749390480784,0.16375749390480784,0.16375749390480784,0.16375749390480784,0.16375749390480784,0.16375749390480784,0.16375749390480784,0.16375749390480784,0.16375749390480784,0.16375749390480784,0.16375749390480784,0.16375749390480784,0.16375749390480784,0.16375749390480784,0.16375749390480784,0.16375749390480784,0.16375749390480784,0.16375749390480784,0.1622138841211479,0.1622138841211479,0.1622138841211479,0.1622138841211479,0.1622138841211479,0.1622138841211479,0.1622138841211479,0.1622138841211479,0.1622138841211479,0.1622138841211479,0.1622138841211479,0.1622138841211479,0.1622138841211479,0.1622138841211479,0.1622138841211479,0.1622138841211479,0.1622138841211479,0.1622138841211479,0.1622138841211479,0.1622138841211479,0.1622138841211479,0.1622138841211479,0.1622138841211479,0.1622138841211479,0.1622138841211479,0.16070106722636956,0.16070106722636956,0.16070106722636956,0.16070106722636956,0.16070106722636956,0.16070106722636956,0.16070106722636956,0.16070106722636956,0.16070106722636956,0.16070106722636956,0.16070106722636956,0.16070106722636956,0.16070106722636956,0.16070106722636956,0.16070106722636956,0.16070106722636956,0.16070106722636956,0.16070106722636956,0.16070106722636956,0.16070106722636956,0.16070106722636956,0.16070106722636956,0.16070106722636956,0.16070106722636956,0.16070106722636956,0.1592184515954507,0.1592184515954507,0.1592184515954507,0.1592184515954507,0.1592184515954507,0.1592184515954507,0.1592184515954505,0.1592184515954505,0.1592184515954505,0.1592184515954507,0.1592184515954507,0.1592184515954505,0.1592184515954505,0.1592184515954505,0.1592184515954507,0.1592184515954507,0.1592184515954505,0.1592184515954505,0.1592184515954505,0.1592184515954507,0.1592184515954507,0.1592184515954507,0.1592184515954507,0.1592184515954507,0.1592184515954507,0.15776544637315842,0.15776544637315842,0.1577654463731582,0.15776544637315842,0.15776544637315842,0.15776544637315842,0.1577654463731582,0.1577654463731582,0.1577654463731582,0.15776544637315842,0.1577654463731582,0.1577654463731582,0.15776544637315798,0.1577654463731582,0.1577654463731582,0.15776544637315842,0.1577654463731582,0.1577654463731582,0.1577654463731582,0.15776544637315842,0.15776544637315842,0.15776544637315842,0.1577654463731582,0.15776544637315842,0.15776544637315842,0.1563414626883718,0.1563414626883716,0.1563414626883714,0.1563414626883716,0.1563414626883718,0.1563414626883716,0.15634146268837118,0.15634146268837096,0.15634146268837118,0.1563414626883716,0.1563414626883714,0.15634146268837096,0.15634146268837076,0.15634146268837096,0.1563414626883714,0.1563414626883716,0.15634146268837118,0.15634146268837096,0.15634146268837118,0.1563414626883716,0.1563414626883718,0.1563414626883716,0.1563414626883714,0.1563414626883716,0.1563414626883718,0.1549459147411426,0.15494591474114158,0.15494591474114078,0.15494591474114158,0.1549459147411426,0.15494591474114158,0.15494591474114033,0.15494591474113953,0.15494591474114033,0.15494591474114158,0.15494591474114078,0.15494591474113953,0.15494591474113892,0.15494591474113953,0.15494591474114078,0.15494591474114158,0.15494591474114033,0.15494591474113953,0.15494591474114033,0.15494591474114158,0.1549459147411426,0.15494591474114158,0.15494591474114078,0.15494591474114158,0.1549459147411426,0.1535782207722004,0.15357822077219677,0.15357822077219457,0.15357822077219677,0.1535782207722004,0.15357822077219677,0.15357822077219316,0.15357822077219094,0.15357822077219316,0.15357822077219677,0.15357822077219457,0.15357822077219094,0.15357822077218855,0.15357822077219094,0.15357822077219457,0.15357822077219677,0.15357822077219316,0.15357822077219094,0.15357822077219316,0.15357822077219677,0.1535782207722004,0.15357822077219677,0.15357822077219457,0.15357822077219677,0.1535782207722004,0.15223780392405686,0.152237803924046,0.15223780392403932,0.152237803924046,0.15223780392405686,0.152237803924046,0.1522378039240346,0.15223780392402753,0.1522378039240346,0.152237803924046,0.15223780392403932,0.15223780392402753,0.15223780392402003,0.15223780392402753,0.15223780392403932,0.152237803924046,0.1522378039240346,0.15223780392402753,0.1522378039240346,0.152237803924046,0.15223780392405686,0.152237803924046,0.15223780392403932,0.152237803924046,0.15223780392405686,0.15092409300232001,0.15092409300228662,0.15092409300226578,0.15092409300228662,0.15092409300232001,0.15092409300228662,0.15092409300225093,0.15092409300222817,0.15092409300225093,0.15092409300228662,0.15092409300226578,0.15092409300222817,0.15092409300220402,0.15092409300222817,0.15092409300226578,0.15092409300228662,0.15092409300225093,0.15092409300222817,0.15092409300225093,0.15092409300228662,0.15092409300232001,0.15092409300228662,0.15092409300226578,0.15092409300228662,0.15092409300232001,0.14963652314530243,0.14963652314520165,0.1496365231451374,0.14963652314520165,0.14963652314530243,0.14963652314520165,0.1496365231450901,0.1496365231450173,0.1496365231450901,0.14963652314520165,0.1496365231451374,0.1496365231450173,0.14963652314493922,0.1496365231450173,0.1496365231451374,0.14963652314520165,0.1496365231450901,0.1496365231450173,0.1496365231450901,0.14963652314520165,0.14963652314530243,0.14963652314520165,0.1496365231451374,0.14963652314520165,0.14963652314530243,0.14837453640951456,0.14837453640921394,0.14837453640901915,0.14837453640921394,0.14837453640951456,0.14837453640921394,0.1483745364088685,0.14837453640863904,0.1483745364088685,0.14837453640921394,0.14837453640901915,0.14837453640863904,0.14837453640838497,0.14837453640863904,0.14837453640901915,0.14837453640921394,0.1483745364088685,0.14837453640863904,0.1483745364088685,0.14837453640921394,0.14837453640951456,0.14837453640921394,0.14837453640901915,0.14837453640921394,0.14837453640951456,0.147137582278181,0.14713758227730322,0.14713758227671844,0.14713758227730322,0.147137582278181,0.14713758227730322,0.14713758227624416,0.1471375822755103,0.14713758227624416,0.14713758227730322,0.14713758227671844,0.1471375822755103,0.14713758227465465,0.1471375822755103,0.14713758227671844,0.14713758227730322,0.14713758227624416,0.1471375822755103,0.14713758227624416,0.14713758227730322,0.147137582278181,0.14713758227730322,0.14713758227671844,0.14713758227730322,0.147137582278181,0.1459251180995784,0.14592511809709152,0.1459251180953581,0.14592511809709152,0.1459251180995784,0.14592511809709152,0.14592511809387804,0.14592511809148467,0.14592511809387804,0.14592511809709152,0.1459251180953581,0.14592511809148467,0.1459251180884485,0.14592511809148467,0.1459251180953581,0.14592511809709152,0.14592511809387804,0.14592511809148467,0.14592511809387804,0.14592511809709152,0.1459251180995784,0.14592511809709152,0.1459251180953581,0.14592511809709152,0.1459251180995784,0.14473660946185055,0.14473660945513037,0.14473660945010838,0.14473660945513037,0.14473660946185055,0.14473660945513037,0.14473660944557917,0.14473660943759528,0.14473660944557917,0.14473660945513037,0.14473660945010838,0.14473660943759528,0.14473660942595437,0.14473660943759528,0.14473660945010838,0.14473660945513037,0.14473660944557917,0.14473660943759528,0.14473660944557917,0.14473660945513037,0.14473660946185055,0.14473660945513037,0.14473660945010838,0.14473660945513037,0.14473660946185055,0.14357153051109722,0.1435715304943054,0.14357153048038074,0.1435715304943054,0.14357153051109722,0.1435715304943054,0.1435715304671325,0.14357153044003884,0.1435715304671325,0.1435715304943054,0.14357153048038074,0.14357153044003884,0.14357153039052833,0.14357153044003884,0.14357153048038074,0.1435715304943054,0.1435715304671325,0.14357153044003884,0.1435715304671325,0.1435715304943054,0.14357153051109722,0.1435715304943054,0.14357153048038074,0.1435715304943054,0.14357153051109722,0.14242936421946675,0.1424293641828693,0.1424293641477045,0.1424293641828693,0.14242936421946675,0.1424293641828693,0.14242936411254314,0.14242936402208273,0.14242936411254314,0.1424293641828693,0.1424293641477045,0.14242936402208273,0.14242936378413623,0.14242936402208273,0.1424293641477045,0.1424293641828693,0.14242936411254314,0.14242936402208273,0.14242936411254314,0.1424293641828693,0.14242936421946675,0.1424293641828693,0.1424293641477045,0.1424293641828693,0.14242936421946675,0.14130960260624081,0.14130960254511005,0.14130960247435026,0.14130960254511005,0.14130960260624081,0.14130960254511005,0.14130960240110527,0.14130960213784588,0.14130960240110527,0.14130960254511005,0.14130960247435026,0.14130960213784588,0.14130960084289834,0.14130960213784588,0.14130960247435026,0.14130960254511005,0.14130960240110527,0.14130960213784588,0.14130960240110527,0.14130960254511005,0.14130960260624081,0.14130960254511005,0.14130960247435026,0.14130960254511005,0.14130960260624081,0.14021174689665897,0.14021174684304658,0.14021174677890308,0.14021174684304658,0.14021174689665897,0.14021174684304658,0.14021174671199782,0.14021174646557924,0.14021174671199782,0.14021174684304658,0.14021174677890308,0.14021174646557924,0.14021174524786154,0.14021174646557924,0.14021174677890308,0.14021174684304658,0.14021174671199782,0.14021174646557924,0.14021174671199782,0.14021174684304658,0.14021174689665897,0.14021174684304658,0.14021174677890308,0.14021174684304658,0.14021174689665897,0.13913530757521414,0.13913530756465542,0.13913530755204537,0.13913530756465542,0.13913530757521414,0.13913530756465542,0.1391353075387099,0.13913530749588307,0.1391353075387099,0.13913530756465542,0.13913530755204537,0.13913530749588307,0.13913530735603674,0.13913530749588307,0.13913530755204537,0.13913530756465542,0.1391353075387099,0.13913530749588307,0.1391353075387099,0.13913530756465542,0.13913530757521414,0.13913530756465542,0.13913530755204537,0.13913530756465542,0.13913530757521414,0.1380798044708699,0.1380798045109901,0.13807980455358015,0.1380798045109901,0.1380798044708699,0.1380798045109901,0.13807980459737734,0.1380798047237288,0.13807980459737734,0.1380798045109901,0.13807980455358015,0.1380798047237288,0.1380798050994228,0.1380798047237288,0.13807980455358015,0.1380798045109901,0.13807980459737734,0.1380798047237288,0.13807980459737734,0.1380798045109901,0.1380798044708699,0.1380798045109901,0.13807980455358015,0.1380798045109901,0.1380798044708699,0.13704476687463743,0.1370447669571842,0.13704476705968488,0.1370447669571842,0.13704476687463743,0.1370447669571842,0.1370447671665389,0.13704476759537537,0.1370447671665389,0.1370447669571842,0.13704476705968488,0.13704476759537537,0.13704476999554308,0.13704476759537537,0.13704476705968488,0.1370447669571842,0.1370447671665389,0.13704476759537537,0.1370447671665389,0.1370447669571842,0.13704476687463743,0.1370447669571842,0.13704476705968488,0.1370447669571842,0.13704476687463743,0.13602973360389317,0.13602973366316576,0.13602973372174681,0.13602973366316576,0.13602973360389317,0.13602973366316576,0.13602973378075517,0.13602973393943787,0.13602973378075517,0.13602973366316576,0.13602973372174681,0.13602973393943787,0.13602973438245844,0.13602973393943787,0.13602973372174681,0.13602973366316576,0.13602973378075517,0.13602973393943787,0.13602973378075517,0.13602973366316576,0.13602973360389317,0.13602973366316576,0.13602973372174681,0.13602973366316576,0.13602973360389317,0.1350342531267584,0.13503425316422418,0.1350342531952972,0.13503425316422418,0.1350342531267584,0.13503425316422418,0.1350342532248816,0.13503425328532598,0.1350342532248816,0.13503425316422418,0.1350342531952972,0.13503425328532598,0.13503425339569644,0.13503425328532598,0.1350342531952972,0.13503425316422418,0.1350342532248816,0.13503425328532598,0.1350342532248816,0.13503425316422418,0.1350342531267584,0.13503425316422418,0.1350342531952972,0.13503425316422418,0.1350342531267584
0.1653324876215248,0.1653324876215248,0.1653324876215248,0.1653324876215248,0.1653324876215248,0.1653324876215248,0.1653324876215248,0.1653324876215248,0.1653324876215248,0.1653324876215248,0.1653324876215248,0.1653324876215248,0.1653324876215248,0.1653324876215248,0.1653324876215248,0.1653324876215248,0.1653324876215248,0.1653324876215248,0.1653324876215248,0.1653324876215248,0.1653324876215248,0.1653324876215248,0.1653324876215248,0.1653324876215248,0.1653324876215248,0.16375749390600083,0.16375749390600083,0.16375749390600083,0.16375749390600083,0.16375749390600083,0.16375749390600083,0.16375749390600083,0.16375749390600083,0.16375749390600083,0.16375749390600083,0.16375749390600083,0.16375749390600083,0.16375749390600083,0.16375749390600083,0.16375749390600083,0.16375749390600083,0.16375749390600083,0.16375749390600083,0.16375749390600083,0.16375749390600083,0.16375749390600083,0.16375749390600083,0.16375749390600083,0.16375749390600083,0.16375749390600083,0.16221388412231913,0.16221388412231913,0.16221388412231913,0.16221388412231913,0.16221388412231913,0.16221388412231913,0.16221388412231913,0.16221388412231913,0.16221388412231913,0.16221388412231913,0.16221388412231913,0.16221388412231913,0.16221388412231913,0.16221388412231913,0.16221388412231913,0.16221388412231913,0.16221388412231913,0.16221388412231913,0.16221388412231913,0.16221388412231913,0.16221388412231913,0.16221388412231913,0.16221388412231913,0.16221388412231913,0.16221388412231913,0.16070106722752034,0.16070106722752034,0.16070106722752034,0.16070106722752034,0.16070106722752034,0.16070106722752034,0.16070106722752034,0.16070106722752034,0.16070106722752034,0.16070106722752034,0.16070106722752034,0.16070106722752034,0.16070106722752034,0.16070106722752034,0.16070106722752034,0.16070106722752034,0.16070106722752034,0.16070106722752034,0.16070106722752034,0.16070106722752034,0.16070106722752034,0.16070106722752034,0.16070106722752034,0.16070106722752034,0.16070106722752034,0.1592184515965824,0.15921845159658218,0.15921845159658218,0.15921845159658218,0.1592184515965824,0.15921845159658218,0.15921845159658218,0.15921845159658218,0.15921845159658218,0.15921845159658218,0.15921845159658218,0.15921845159658218,0.15921845159658218,0.15921845159658218,0.15921845159658218,0.15921845159658218,0.15921845159658218,0.15921845159658218,0.15921845159658218,0.15921845159658218,0.1592184515965824,0.15921845159658218,0.15921845159658218,0.15921845159658218,0.1592184515965824,0.15776544637427242,0.1577654463742722,0.1577654463742722,0.1577654463742722,0.15776544637427242,0.1577654463742722,0.1577654463742722,0.15776544637427198,0.1577654463742722,0.1577654463742722,0.1577654463742722,0.15776544637427198,0.15776544637427198,0.15776544637427198,0.1577654463742722,0.1577654463742722,0.1577654463742722,0.15776544637427198,0.1577654463742722,0.1577654463742722,0.15776544637427242,0.1577654463742722,0.1577654463742722,0.1577654463742722,0.15776544637427242,0.1563414626894696,0.1563414626894692,0.156341462689469,0.1563414626894692,0.1563414626894696,0.1563414626894692,0.15634146268946877,0.15634146268946858,0.15634146268946877,0.1563414626894692,0.156341462689469,0.15634146268946858,0.15634146268946836,0.15634146268946858,0.156341462689469,0.1563414626894692,0.15634146268946877,0.15634146268946858,0.15634146268946877,0.1563414626894692,0.1563414626894696,0.1563414626894692,0.156341462689469,0.1563414626894692,0.1563414626894696,0.15494591474222527,0.15494591474222424,0.1549459147422236,0.15494591474222424,0.15494591474222527,0.15494591474222424,0.154945914742223,0.15494591474222238,0.154945914742223,0.15494591474222424,0.1549459147422236,0.15494591474222238,0.15494591474222158,0.15494591474222238,0.1549459147422236,0.15494591474222424,0.154945914742223,0.15494591474222238,0.154945914742223,0.15494591474222424,0.15494591474222527,0.15494591474222424,0.1549459147422236,0.15494591474222424,0.15494591474222527,0.1535782207732695,0.15357822077326605,0.15357822077326386,0.15357822077326605,0.1535782207732695,0.15357822077326605,0.15357822077326247,0.15357822077326005,0.15357822077326247,0.15357822077326605,0.15357822077326386,0.15357822077326005,0.15357822077325783,0.15357822077326005,0.15357822077326386,0.15357822077326605,0.15357822077326247,0.15357822077326005,0.15357822077326247,0.15357822077326605,0.1535782207732695,0.15357822077326605,0.15357822077326386,0.15357822077326605,0.1535782207732695,0.15223780392511388,0.15223780392510303,0.15223780392509614,0.15223780392510303,0.15223780392511388,0.15223780392510303,0.15223780392509162,0.15223780392508454,0.15223780392509162,0.15223780392510303,0.15223780392509614,0.15223780392508454,0.15223780392507705,0.15223780392508454,0.15223780392509614,0.15223780392510303,0.15223780392509162,0.15223780392508454,0.15223780392509162,0.15223780392510303,0.15223780392511388,0.15223780392510303,0.15223780392509614,0.15223780392510303,0.15223780392511388,0.15092409300336582,0.15092409300333265,0.1509240930033118,0.15092409300333265,0.15092409300336582,0.15092409300333265,0.15092409300329715,0.15092409300327436,0.15092409300329715,0.15092409300333265,0.1509240930033118,0.15092409300327436,0.15092409300325046,0.15092409300327436,0.1509240930033118,0.15092409300333265,0.15092409300329715,0.15092409300327436,0.15092409300329715,0.15092409300333265,0.15092409300336582,0.15092409300333265,0.1509240930033118,0.15092409300333265,0.15092409300336582,0.14963652314633805,0.14963652314623763,0.14963652314617354,0.14963652314623763,0.14963652314633805,0.14963652314623763,0.14963652314612685,0.14963652314605425,0.14963652314612685,0.14963652314623763,0.14963652314617354,0.14963652314605425,0.1496365231459765,0.14963652314605425,0.14963652314617354,0.14963652314623763,0.14963652314612685,0.14963652314605425,0.14963652314612685,0.14963652314623763,0.14963652314633805,0.14963652314623763,0.14963652314617354,0.14963652314623763,0.14963652314633805,0.1483745364105402,0.14837453641024068,0.14837453641004683,0.14837453641024068,0.1483745364105402,0.14837453641024068,0.1483745364098967,0.1483745364096682,0.1483745364098967,0.14837453641024068,0.14837453641004683,0.1483745364096682,0.14837453640941523,0.1483745364096682,0.14837453641004683,0.14837453641024068,0.1483745364098967,0.1483745364096682,0.1483745364098967,0.14837453641024068,0.1483745364105402,0.14837453641024068,0.14837453641004683,0.14837453641024068,0.1483745364105402,0.14713758227919482,0.1471375822783205,0.14713758227773813,0.1471375822783205,0.14713758227919482,0.1471375822783205,0.1471375822772658,0.147137582276535,0.1471375822772658,0.1471375822783205,0.14713758227773813,0.147137582276535,0.14713758227568302,0.147137582276535,0.14713758227773813,0.1471375822783205,0.1471375822772658,0.147137582276535,0.1471375822772658,0.1471375822783205,0.14713758227919482,0.1471375822783205,0.14713758227773813,0.1471375822783205,0.14713758227919482,0.14592511810057376,0.14592511809809672,0.14592511809637038,0.14592511809809672,0.14592511810057376,0.14592511809809672,0.14592511809489636,0.14592511809251282,0.14592511809489636,0.14592511809809672,0.14592511809637038,0.14592511809251282,0.14592511808948963,0.14592511809251282,0.14592511809637038,0.14592511809809672,0.14592511809489636,0.14592511809251282,0.14592511809489636,0.14592511809809672,0.14592511810057376,0.14592511809809672,0.14592511809637038,0.14592511809809672,0.14592511810057376,0.14473660946280742,0.1447366094561136,0.14473660945111186,0.1447366094561136,0.14473660946280742,0.1447366094561136,0.1447366094466012,0.14473660943865044,0.1447366094466012,0.1447366094561136,0.14473660945111186,0.14473660943865044,0.14473660942705963,0.14473660943865044,0.14473660945111186,0.1447366094561136,0.1447366094466012,0.14473660943865044,0.1447366094466012,0.1447366094561136,0.14473660946280742,0.1447366094561136,0.14473660945111186,0.1447366094561136,0.14473660946280742,0.1435715305119608,0.14357153049523352,0.14357153048136395,0.14357153049523352,0.1435715305119608,0.14357153049523352,0.14357153046816895,0.14357153044118853,0.14357153046816895,0.14357153049523352,0.14357153048136395,0.14357153044118853,0.14357153039189552,0.14357153044118853,0.14357153048136395,0.14357153049523352,0.14357153046816895,0.14357153044118853,0.14357153046816895,0.14357153049523352,0.1435715305119608,0.14357153049523352,0.14357153048136395,0.14357153049523352,0.1435715305119608,0.14242936422010255,0.14242936418363913,0.1424293641486095,0.14242936418363913,0.14242936422010255,0.14242936418363913,0.14242936411358506,0.1424293640235007,0.14242936411358506,0.14242936418363913,0.1424293641486095,0.1424293640235007,0.14242936378662147,0.1424293640235007,0.1424293641486095,0.14242936418363913,0.14242936411358506,0.1424293640235007,0.14242936411358506,0.14242936418363913,0.14242936422010255,0.14242936418363913,0.1424293641486095,0.14242936418363913,0.14242936422010255,0.14130960260636846,0.14130960254543665,0.1413096024749254,0.14130960254543665,0.14130960260636846,0.14130960254543665,0.14130960240193993,0.14130960213972915,0.14130960240193993,0.14130960254543665,0.1413096024749254,0.14130960213972915,0.14130960085066965,0.14130960213972915,0.1413096024749254,0.14130960254543665,0.14130960240193993,0.14130960213972915,0.14130960240193993,0.14130960254543665,0.14130960260636846,0.14130960254543665,0.1413096024749254,0.14130960254543665,0.14130960260636846,0.14021174689586027,0.14021174684234708,0.14021174677830564,0.14021174684234708,0.14021174689586027,0.14021174684234708,0.14021174671150502,0.14021174646536186,0.14021174671150502,0.14021174684234708,0.14021174677830564,0.14021174646536186,0.14021174524825095,0.14021174646536186,0.14021174677830564,0.14021174684234708,0.14021174671150502,0.14021174646536186,0.14021174671150502,0.14021174684234708,0.14021174689586027,0.14021174684234708,0.14021174677830564,0.14021174684234708,0.14021174689586027,0.13913530757327017,0.1391353075626988,0.13913530755007658,0.1391353075626988,0.13913530757327017,0.1391353075626988,0.13913530753672923,0.13913530749387187,0.13913530753672923,0.1391353075626988,0.13913530755007658,0.13913530749387187,0.13913530735394525,0.13913530749387187,0.13913530755007658,0.1391353075626988,0.13913530753672923,0.13913530749387187,0.13913530753672923,0.1391353075626988,0.13913530757327017,0.1391353075626988,0.13913530755007658,0.1391353075626988,0.13913530757327017,0.1380798044677894,0.1380798045077817,0.13807980455023916,0.1380798045077817,0.1380798044677894,0.1380798045077817,0.13807980459390098,0.1380798047198743,0.13807980459390098,0.1380798045077817,0.13807980455023916,0.1380798047198743,0.13807980509448486,0.1380798047198743,0.13807980455023916,0.1380798045077817,0.13807980459390098,0.1380798047198743,0.13807980459390098,0.1380798045077817,0.1380798044677894,0.1380798045077817,0.13807980455023916,0.1380798045077817,0.1380798044677894,0.13704476687066658,0.13704476695298531,0.13704476705520685,0.13704476695298531,0.13704476687066658,0.13704476695298531,0.13704476716177091,0.1370447675894586,0.13704476716177091,0.13704476695298531,0.13704476705520685,0.1370447675894586,0.13704476998326282,0.1370447675894586,0.13704476705520685,0.13704476695298531,0.13704476716177091,0.1370447675894586,0.13704476716177091,0.13704476695298531,0.13704476687066658,0.13704476695298531,0.13704476705520685,0.13704476695298531,0.13704476687066658,0.13602973359948678,0.1360297336585986,0.13602973371702162,0.1360297336585986,0.13602973359948678,0.1360297336585986,0.13602973377587135,0.13602973393412954,0.13602973377587135,0.1360297336585986,0.13602973371702162,0.13602973393412954,0.13602973437597093,0.13602973393412954,0.13602973371702162,0.1360297336585986,0.13602973377587135,0.13602973393412954,0.13602973377587135,0.1360297336585986,0.13602973359948678,0.1360297336585986,0.13602973371702162,0.1360297336585986,0.13602973359948678,0.13503425312223755,0.13503425315960232,0.13503425319059179,0.13503425315960232,0.13503425312223755,0.13503425315960232,0.13503425322009685,0.13503425328037943,0.13503425322009685,0.13503425315960232,0.13503425319059179,0.13503425328037943,0.1350342533904557,0.13503425328037943,0.13503425319059179,0.13503425315960232,0.13503425322009685,0.13503425328037943,0.13503425322009685,0.13503425315960232,0.13503425312223755,0.13503425315960232,0.13503425319059179,0.13503425315960232,0.13503425312223755
0.16533248762285696,0.16533248762285696,0.16533248762285696,0.16533248762285696,0.16533248762285696,0.16533248762285696,0.16533248762285696,0.16533248762285696,0.16533248762285696,0.16533248762285696,0.16533248762285696,0.16533248762285696,0.16533248762285696,0.16533248762285696,0.16533248762285696,0.16533248762285696,0.16533248762285696,0.16533248762285696,0.16533248762285696,0.16533248762285696,0.16533248762285696,0.16533248762285696,0.16533248762285696,0.16533248762285696,0.16533248762285696,0.16375749390730737,0.16375749390730737,0.16375749390730737,0.16375749390730737,0.16375749390730737,0.16375749390730737,0.16375749390730737,0.16375749390730737,0.16375749390730737,0.16375749390730737,0.16375749390730737,0.16375749390730737,0.16375749390730737,0.16375749390730737,0.16375749390730737,0.16375749390730737,0.16375749390730737,0.16375749390730737,0.16375749390730737,0.16375749390730737,0.16375749390730737,0.16375749390730737,0.16375749390730737,0.16375749390730737,0.16375749390730737,0.16221388412360163,0.16221388412360163,0.16221388412360163,0.16221388412360163,0.16221388412360163,0.16221388412360163,0.16221388412360163,0.16221388412360163,0.16221388412360163,0.16221388412360163,0.16221388412360163,0.16221388412360163,0.16221388412360163,0.16221388412360163,0.16221388412360163,0.16221388412360163,0.16221388412360163,0.16221388412360163,0.16221388412360163,0.16221388412360163,0.16221388412360163,0.16221388412360163,0.16221388412360163,0.16221388412360163,0.16221388412360163,0.16070106722878016,0.16070106722878016,0.16070106722878016,0.16070106722878016,0.16070106722878016,0.16070106722878016,0.16070106722878016,0.16070106722878016,0.16070106722878016,0.16070106722878016,0.16070106722878016,0.16070106722878016,0.16070106722878016,0.16070106722878016,0.16070106722878016,0.16070106722878016,0.16070106722878016,0.16070106722878016,0.16070106722878016,0.16070106722878016,0.16070106722878016,0.16070106722878016,0.16070106722878016,0.16070106722878016,0.16070106722878016,0.159218451597821,0.15921845159782078,0.15921845159782078,0.15921845159782078,0.159218451597821,0.15921845159782078,0.15921845159782078,0.15921845159782078,0.15921845159782078,0.15921845159782078,0.15921845159782078,0.15921845159782078,0.15921845159782078,0.15921845159782078,0.15921845159782078,0.15921845159782078,0.15921845159782078,0.15921845159782078,0.15921845159782078,0.15921845159782078,0.159218451597821,0.15921845159782078,0.15921845159782078,0.15921845159782078,0.159218451597821,0.1577654463754912,0.15776544637549098,0.15776544637549098,0.15776544637549098,0.1577654463754912,0.15776544637549098,0.15776544637549098,0.15776544637549075,0.15776544637549098,0.15776544637549098,0.15776544637549098,0.15776544637549075,0.15776544637549075,0.15776544637549075,0.15776544637549098,0.15776544637549098,0.15776544637549098,0.15776544637549075,0.15776544637549098,0.15776544637549098,0.1577654463754912,0.15776544637549098,0.15776544637549098,0.15776544637549098,0.1577654463754912,0.15634146269066987,0.15634146269066945,0.15634146269066926,0.15634146269066945,0.15634146269066987,0.15634146269066945,0.15634146269066906,0.15634146269066884,0.15634146269066906,0.15634146269066945,0.15634146269066926,0.15634146269066884,0.15634146269066862,0.15634146269066884,0.15634146269066926,0.15634146269066945,0.15634146269066906,0.15634146269066884,0.15634146269066906,0.15634146269066945,0.15634146269066987,0.15634146269066945,0.15634146269066926,0.15634146269066945,0.15634146269066987,0.15494591474340855,0.1549459147434075,0.15494591474340672,0.1549459147434075,0.15494591474340855,0.1549459147434075,0.15494591474340627,0.15494591474340566,0.15494591474340627,0.1549459147434075,0.15494591474340672,0.15494591474340566,0.15494591474340483,0.15494591474340566,0.15494591474340672,0.1549459147434075,0.15494591474340627,0.15494591474340566,0.15494591474340627,0.1549459147434075,0.15494591474340855,0.1549459147434075,0.15494591474340672,0.1549459147434075,0.15494591474340855,0.1535782207744372,0.15357822077443356,0.15357822077443134,0.15357822077443356,0.1535782207744372,0.15357822077443356,0.15357822077442995,0.15357822077442773,0.15357822077442995,0.15357822077443356,0.15357822077443134,0.15357822077442773,0.15357822077442554,0.15357822077442773,0.15357822077443134,0.15357822077443356,0.15357822077442995,0.15357822077442773,0.15357822077442995,0.15357822077443356,0.1535782207744372,0.15357822077443356,0.15357822077443134,0.15357822077443356,0.1535782207744372,0.15223780392626696,0.15223780392625633,0.15223780392624944,0.15223780392625633,0.15223780392626696,0.15223780392625633,0.15223780392624492,0.1522378039262378,0.15223780392624492,0.15223780392625633,0.15223780392624944,0.1522378039262378,0.15223780392623054,0.1522378039262378,0.15223780392624944,0.15223780392625633,0.15223780392624492,0.1522378039262378,0.15223780392624492,0.15223780392625633,0.15223780392626696,0.15223780392625633,0.15223780392624944,0.15223780392625633,0.15223780392626696,0.15092409300450577,0.1509240930044728,0.15092409300445217,0.1509240930044728,0.15092409300450577,0.1509240930044728,0.1509240930044375,0.15092409300441492,0.1509240930044375,0.1509240930044728,0.15092409300445217,0.15092409300441492,0.15092409300439116,0.15092409300441492,0.15092409300445217,0.1509240930044728,0.1509240930044375,0.15092409300441492,0.1509240930044375,0.1509240930044728,0.15092409300450577,0.1509240930044728,0.15092409300445217,0.1509240930044728,0.15092409300450577,0.14963652314746576,0.1496365231473659,0.1496365231473022,0.1496365231473659,0.14963652314746576,0.1496365231473659,0.14963652314725548,0.14963652314718345,0.14963652314725548,0.1496365231473659,0.1496365231473022,0.14963652314718345,0.1496365231471059,0.14963652314718345,0.1496365231473022,0.1496365231473659,0.14963652314725548,0.14963652314718345,0.14963652314725548,0.1496365231473659,0.14963652314746576,0.1496365231473659,0.1496365231473022,0.1496365231473659,0.14963652314746576,0.14837453641165566,0.14837453641135764,0.14837453641116452,0.14837453641135764,0.14837453641165566,0.14837453641135764,0.14837453641101536,0.14837453641078777,0.14837453641101536,0.14837453641135764,0.14837453641116452,0.14837453641078777,0.14837453641053588,0.14837453641078777,0.14837453641116452,0.14837453641135764,0.14837453641101536,0.14837453641078777,0.14837453641101536,0.14837453641135764,0.14837453641165566,0.14837453641135764,0.14837453641116452,0.14837453641135764,0.14837453641165566,0.1471375822802962,0.1471375822794259,0.14713758227884602,0.1471375822794259,0.1471375822802962,0.1471375822794259,0.1471375822783759,0.14713758227764837,0.1471375822783759,0.1471375822794259,0.14713758227884602,0.14713758227764837,0.1471375822768004,0.14713758227764837,0.14713758227884602,0.1471375822794259,0.1471375822783759,0.14713758227764837,0.1471375822783759,0.1471375822794259,0.1471375822802962,0.1471375822794259,0.14713758227884602,0.1471375822794259,0.1471375822802962,0.14592511810165393,0.1459251180991877,0.14592511809746905,0.1459251180991877,0.14592511810165393,0.1459251180991877,0.1459251180960018,0.1459251180936291,0.1459251180960018,0.1459251180991877,0.14592511809746905,0.1459251180936291,0.14592511809061998,0.1459251180936291,0.14592511809746905,0.1459251180991877,0.1459251180960018,0.1459251180936291,0.1459251180960018,0.1459251180991877,0.14592511810165393,0.1459251180991877,0.14592511809746905,0.1459251180991877,0.14592511810165393,0.14473660946384387,0.14473660945717923,0.1447366094521995,0.14473660945717923,0.14473660946384387,0.14473660945717923,0.14473660944770922,0.14473660943979494,0.14473660944770922,0.14473660945717923,0.1447366094521995,0.14473660943979494,0.1447366094282593,0.14473660943979494,0.1447366094521995,0.14473660945717923,0.14473660944770922,0.14473660943979494,0.14473660944770922,0.14473660945717923,0.14473660946384387,0.14473660945717923,0.1447366094521995,0.14473660945717923,0.14473660946384387,0.14357153051289373,0.1435715304962371,0.1435715304824283,0.1435715304962371,0.14357153051289373,0.1435715304962371,0.1435715304692916,0.14357153044243576,0.1435715304692916,0.1435715304962371,0.1435715304824283,0.14357153044243576,0.143571530393382,0.14357153044243576,0.1435715304824283,0.1435715304962371,0.1435715304692916,0.14357153044243576,0.1435715304692916,0.1435715304962371,0.14357153051289373,0.1435715304962371,0.1435715304824283,0.1435715304962371,0.14357153051289373,0.14242936422078462,0.14242936418446767,0.14242936414958615,0.14242936418446767,0.14242936422078462,0.14242936418446767,0.142429364114712,0.14242936402504083,0.142429364114712,0.14242936418446767,0.14242936414958615,0.14242936402504083,0.14242936378933804,0.14242936402504083,0.14242936414958615,0.14242936418446767,0.142429364114712,0.14242936402504083,0.142429364114712,0.14242936418446767,0.14242936422078462,0.14242936418446767,0.14242936414958615,0.14242936418446767,0.14242936422078462,0.14130960260649295,0.14130960254577743,0.14130960247553753,0.14130960254577743,0.14130960260649295,0.14130960254577743,0.1413096024028356,0.14130960214177576,0.1413096024028356,0.14130960254577743,0.14130960247553753,0.14130960214177576,0.14130960085924704,0.14130960214177576,0.14130960247553753,0.14130960254577743,0.1413096024028356,0.14130960214177576,0.1413096024028356,0.14130960254577743,0.14130960260649295,0.14130960254577743,0.14130960247553753,0.14130960254577743,0.14130960260649295,0.1402117468949718,0.14021174684156287,0.14021174677762693,0.14021174684156287,0.1402117468949718,0.14021174684156287,0.1402117467109345,0.1402117464650642,0.1402117467109345,0.14021174684156287,0.14021174677762693,0.1402117464650642,0.1402117452484456,0.1402117464650642,0.14021174677762693,0.14021174684156287,0.1402117467109345,0.1402117464650642,0.1402117467109345,0.14021174684156287,0.1402117468949718,0.14021174684156287,0.14021174677762693,0.14021174684156287,0.1402117468949718,0.13913530757113882,0.13913530756055115,0.13913530754791328,0.13913530756055115,0.13913530757113882,0.13913530756055115,0.13913530753455014,0.13913530749165073,0.13913530753455014,0.13913530756055115,0.13913530754791328,0.13913530749165073,0.13913530735160948,0.13913530749165073,0.13913530754791328,0.13913530756055115,0.13913530753455014,0.13913530749165073,0.13913530753455014,0.13913530756055115,0.13913530757113882,0.13913530756055115,0.13913530754791328,0.13913530756055115,0.13913530757113882,0.1380798044644298,0.13807980450428287,0.13807980454659646,0.13807980450428287,0.1380798044644298,0.13807980450428287,0.13807980459011115,0.13807980471567502,0.13807980459011115,0.13807980450428287,0.13807980454659646,0.13807980471567502,0.13807980508911377,0.13807980471567502,0.13807980454659646,0.13807980450428287,0.13807980459011115,0.13807980471567502,0.13807980459011115,0.13807980450428287,0.1380798044644298,0.13807980450428287,0.13807980454659646,0.13807980450428287,0.1380798044644298,0.13704476686634667,0.1370447669484191,0.13704476705034002,0.1370447669484191,0.13704476686634667,0.1370447669484191,0.13704476715659153,0.13704476758304143,0.13704476715659153,0.1370447669484191,0.13704476705034002,0.13704476758304143,0.13704476996997314,0.13704476758304143,0.13704476705034002,0.1370447669484191,0.13704476715659153,0.13704476758304143,0.13704476715659153,0.1370447669484191,0.13704476686634667,0.1370447669484191,0.13704476705034002,0.1370447669484191,0.13704476686634667,0.13602973359469775,0.13602973365363624,0.1360297337118891,0.13602973365363624,0.13602973359469775,0.13602973365363624,0.1360297337705678,0.1360297339283688,0.1360297337705678,0.13602973365363624,0.1360297337118891,0.1360297339283688,0.13602973436894045,0.1360297339283688,0.1360297337118891,0.13602973365363624,0.1360297337705678,0.1360297339283688,0.1360297337705678,0.13602973365363624,0.13602973359469775,0.13602973365363624,0.1360297337118891,0.13602973365363624,0.13602973359469775,0.1350342531173257,0.1350342531545815,0.13503425318548093,0.1350342531545815,0.1350342531173257,0.1350342531545815,0.1350342532149005,0.13503425327500895,0.1350342532149005,0.1350342531545815,0.13503425318548093,0.13503425327500895,0.13503425338476815,0.13503425327500895,0.13503425318548093,0.1350342531545815,0.1350342532149005,0.13503425327500895,0.1350342532149005,0.1350342531545815,0.1350342531173257,0.1350342531545815,0.13503425318548093,0.1350342531545815,0.1350342531173257
0.1653324876243038,0.1653324876243038,0.1653324876243038,0.1653324876243038,0.1653324876243038,0.1653324876243038,0.1653324876243038,0.1653324876243038,0.1653324876243038,0.1653324876243038,0.1653324876243038,0.1653324876243038,0.1653324876243038,0.1653324876243038,0.1653324876243038,0.1653324876243038,0.1653324876243038,0.1653324876243038,0.1653324876243038,0.1653324876243038,0.1653324876243038,0.1653324876243038,0.1653324876243038,0.1653324876243038,0.1653324876243038,0.16375749390872654,0.16375749390872654,0.16375749390872654,0.16375749390872654,0.16375749390872654,0.16375749390872654,0.16375749390872654,0.16375749390872654,0.16375749390872654,0.16375749390872654,0.16375749390872654,0.16375749390872654,0.16375749390872654,0.16375749390872654,0.16375749390872654,0.16375749390872654,0.16375749390872654,0.16375749390872654,0.16375749390872654,0.16375749390872654,0.16375749390872654,0.16375749390872654,0.16375749390872654,0.16375749390872654,0.16375749390872654,0.16221388412499435,0.16221388412499435,0.16221388412499435,0.16221388412499435,0.16221388412499435,0.16221388412499435,0.16221388412499435,0.16221388412499435,0.16221388412499435,0.16221388412499435,0.16221388412499435,0.16221388412499435,0.16221388412499435,0.16221388412499435,0.16221388412499435,0.16221388412499435,0.16221388412499435,0.16221388412499435,0.16221388412499435,0.16221388412499435,0.16221388412499435,0.16221388412499435,0.16221388412499435,0.16221388412499435,0.16221388412499435,0.16070106723014793,0.1607010672301477,0.1607010672301477,0.1607010672301477,0.16070106723014793,0.1607010672301477,0.1607010672301477,0.1607010672301477,0.1607010672301477,0.1607010672301477,0.1607010672301477,0.1607010672301477,0.1607010672301477,0.1607010672301477,0.1607010672301477,0.1607010672301477,0.1607010672301477,0.1607010672301477,0.1607010672301477,0.1607010672301477,0.16070106723014793,0.1607010672301477,0.1607010672301477,0.1607010672301477,0.1607010672301477,0.15921845159916498,0.15921845159916498,0.15921845159916498,0.15921845159916498,0.15921845159916498,0.15921845159916498,0.15921845159916498,0.15921845159916498,0.15921845159916498,0.15921845159916498,0.15921845159916498,0.15921845159916498,0.15921845159916498,0.15921845159916498,0.15921845159916498,0.15921845159916498,0.15921845159916498,0.15921845159916498,0.15921845159916498,0.15921845159916498,0.15921845159916498,0.15921845159916498,0.15921845159916498,0.15921845159916498,0.15921845159916498,0.157765446376813,0.157765446376813,0.15776544637681278,0.157765446376813,0.157765446376813,0.157765446376813,0.15776544637681278,0.15776544637681278,0.15776544637681278,0.157765446376813,0.15776544637681278,0.15776544637681278,0.15776544637681258,0.15776544637681278,0.15776544637681278,0.157765446376813,0.15776544637681278,0.15776544637681278,0.15776544637681278,0.157765446376813,0.157765446376813,0.157765446376813,0.15776544637681278,0.157765446376813,0.157765446376813,0.15634146269197094,0.15634146269197075,0.15634146269197052,0.15634146269197075,0.15634146269197094,0.15634146269197075,0.15634146269197033,0.1563414626919701,0.15634146269197033,0.15634146269197075,0.15634146269197052,0.1563414626919701,0.15634146269196988,0.1563414626919701,0.15634146269197052,0.15634146269197075,0.15634146269197033,0.1563414626919701,0.15634146269197033,0.15634146269197075,0.15634146269197094,0.15634146269197075,0.15634146269197052,0.15634146269197075,0.15634146269197094,0.15494591474469058,0.15494591474468955,0.15494591474468875,0.15494591474468955,0.15494591474469058,0.15494591474468955,0.15494591474468833,0.15494591474468772,0.15494591474468833,0.15494591474468955,0.15494591474468875,0.15494591474468772,0.15494591474468689,0.15494591474468772,0.15494591474468875,0.15494591474468955,0.15494591474468833,0.15494591474468772,0.15494591474468833,0.15494591474468955,0.15494591474469058,0.15494591474468955,0.15494591474468875,0.15494591474468955,0.15494591474469058,0.1535782207757015,0.15357822077569788,0.15357822077569586,0.15357822077569788,0.1535782207757015,0.15357822077569788,0.15357822077569425,0.15357822077569205,0.15357822077569425,0.15357822077569788,0.15357822077569586,0.15357822077569205,0.15357822077568983,0.15357822077569205,0.15357822077569586,0.15357822077569788,0.15357822077569425,0.15357822077569205,0.15357822077569425,0.15357822077569788,0.1535782207757015,0.15357822077569788,0.15357822077569586,0.15357822077569788,0.1535782207757015,0.1522378039275149,0.1522378039275043,0.15223780392749758,0.1522378039275043,0.1522378039275149,0.1522378039275043,0.1522378039274931,0.15223780392748598,0.1522378039274931,0.1522378039275043,0.15223780392749758,0.15223780392748598,0.1522378039274787,0.15223780392748598,0.15223780392749758,0.1522378039275043,0.1522378039274931,0.15223780392748598,0.1522378039274931,0.1522378039275043,0.1522378039275149,0.1522378039275043,0.15223780392749758,0.1522378039275043,0.1522378039275149,0.15092409300573856,0.15092409300570575,0.1509240930056851,0.15092409300570575,0.15092409300573856,0.15092409300570575,0.15092409300567067,0.15092409300564824,0.15092409300567067,0.15092409300570575,0.1509240930056851,0.15092409300564824,0.1509240930056247,0.15092409300564824,0.1509240930056851,0.15092409300570575,0.15092409300567067,0.15092409300564824,0.15092409300567067,0.15092409300570575,0.15092409300573856,0.15092409300570575,0.1509240930056851,0.15092409300570575,0.15092409300573856,0.1496365231486842,0.14963652314858475,0.14963652314852138,0.14963652314858475,0.1496365231486842,0.14963652314858475,0.1496365231484751,0.1496365231484034,0.1496365231484751,0.14963652314858475,0.14963652314852138,0.1496365231484034,0.14963652314832646,0.1496365231484034,0.14963652314852138,0.14963652314858475,0.1496365231484751,0.1496365231484034,0.1496365231484751,0.14963652314858475,0.1496365231486842,0.14963652314858475,0.14963652314852138,0.14963652314858475,0.1496365231486842,0.14837453641285978,0.14837453641256323,0.14837453641237103,0.14837453641256323,0.14837453641285978,0.14837453641256323,0.1483745364122226,0.14837453641199633,0.1483745364122226,0.14837453641256323,0.14837453641237103,0.14837453641199633,0.14837453641174556,0.14837453641199633,0.14837453641237103,0.14837453641256323,0.1483745364122226,0.14837453641199633,0.1483745364122226,0.14837453641256323,0.14837453641285978,0.14837453641256323,0.14837453641237103,0.14837453641256323,0.14837453641285978,0.14713758228148388,0.14713758228061774,0.14713758228004079,0.14713758228061774,0.14713758228148388,0.14713758228061774,0.14713758227957302,0.14713758227884893,0.14713758227957302,0.14713758228061774,0.14713758228004079,0.14713758227884893,0.14713758227800533,0.14713758227884893,0.14713758228004079,0.14713758228061774,0.14713758227957302,0.14713758227884893,0.14713758227957302,0.14713758228061774,0.14713758228148388,0.14713758228061774,0.14713758228004079,0.14713758228061774,0.14713758228148388,0.14592511810281703,0.14592511810036277,0.14592511809865247,0.14592511810036277,0.14592511810281703,0.14592511810036277,0.14592511809719236,0.14592511809483155,0.14592511809719236,0.14592511810036277,0.14592511809865247,0.14592511809483155,0.14592511809183778,0.14592511809483155,0.14592511809865247,0.14592511810036277,0.14592511809719236,0.14592511809483155,0.14592511809719236,0.14592511810036277,0.14592511810281703,0.14592511810036277,0.14592511809865247,0.14592511810036277,0.14592511810281703,0.14473660946495856,0.14473660945832548,0.14473660945336986,0.14473660945832548,0.14473660946495856,0.14473660945832548,0.14473660944890138,0.1447366094410271,0.14473660944890138,0.14473660945832548,0.14473660945336986,0.1447366094410271,0.1447366094295515,0.1447366094410271,0.14473660945336986,0.14473660945832548,0.14473660944890138,0.1447366094410271,0.14473660944890138,0.14473660945832548,0.14473660946495856,0.14473660945832548,0.14473660945336986,0.14473660945832548,0.14473660946495856,0.14357153051389457,0.14357153049731475,0.14357153048357166,0.14357153049731475,0.14357153051389457,0.14357153049731475,0.14357153047049864,0.14357153044377832,0.14357153047049864,0.14357153049731475,0.14357153048357166,0.14357153044377832,0.14357153039498566,0.14357153044377832,0.14357153048357166,0.14357153049731475,0.14357153047049864,0.14357153044377832,0.14357153047049864,0.14357153049731475,0.14357153051389457,0.14357153049731475,0.14357153048357166,0.14357153049731475,0.14357153051389457,0.1424293642215115,0.14242936418535354,0.14242936415063323,0.14242936418535354,0.1424293642215115,0.14242936418535354,0.14242936411592233,0.14242936402670092,0.14242936411592233,0.14242936418535354,0.14242936415063323,0.14242936402670092,0.1424293637922819,0.14242936402670092,0.14242936415063323,0.14242936418535354,0.14242936411592233,0.14242936402670092,0.14242936411592233,0.14242936418535354,0.1424293642215115,0.14242936418535354,0.14242936415063323,0.14242936418535354,0.1424293642215115,0.14130960260661365,0.14130960254613184,0.14130960247618587,0.14130960254613184,0.14130960260661365,0.14130960254613184,0.141309602403791,0.14130960214398272,0.141309602403791,0.14130960254613184,0.14130960247618587,0.14130960214398272,0.14130960086861932,0.14130960214398272,0.14130960247618587,0.14130960254613184,0.141309602403791,0.14130960214398272,0.141309602403791,0.14130960254613184,0.14130960260661365,0.14130960254613184,0.14130960247618587,0.14130960254613184,0.14130960260661365,0.14021174689399493,0.14021174684069504,0.14021174677686807,0.14021174684069504,0.14021174689399493,0.14021174684069504,0.1402117467102874,0.14021174646468734,0.1402117467102874,0.14021174684069504,0.14021174677686807,0.14021174646468734,0.14021174524843252,0.14021174646468734,0.14021174677686807,0.14021174684069504,0.1402117467102874,0.14021174646468734,0.1402117467102874,0.14021174684069504,0.14021174689399493,0.14021174684069504,0.14021174677686807,0.14021174684069504,0.14021174689399493,0.13913530756882278,0.13913530755821568,0.13913530754555836,0.13913530755821568,0.13913530756882278,0.13913530755821568,0.13913530753217562,0.1391353074892231,0.13913530753217562,0.13913530755821568,0.13913530754555836,0.1391353074892231,0.13913530734903334,0.1391353074892231,0.13913530754555836,0.13913530755821568,0.13913530753217562,0.1391353074892231,0.13913530753217562,0.13913530755821568,0.13913530756882278,0.13913530755821568,0.13913530754555836,0.13913530755821568,0.13913530756882278,0.13807980446079546,0.1380798045004983,0.13807980454265686,0.1380798045004983,0.13807980446079546,0.1380798045004983,0.13807980458601327,0.13807980471113632,0.13807980458601327,0.1380798045004983,0.13807980454265686,0.13807980471113632,0.138079805083316,0.13807980471113632,0.13807980454265686,0.1380798045004983,0.13807980458601327,0.13807980471113632,0.13807980458601327,0.1380798045004983,0.13807980446079546,0.1380798045004983,0.13807980454265686,0.1380798045004983,0.13807980446079546,0.13704476686168313,0.13704476694349177,0.13704476704509022,0.13704476694349177,0.13704476686168313,0.13704476694349177,0.13704476715100694,0.13704476757613168,0.13704476715100694,0.13704476694349177,0.13704476704509022,0.13704476757613168,0.13704476995571646,0.13704476757613168,0.13704476704509022,0.13704476694349177,0.13704476715100694,0.13704476757613168,0.13704476715100694,0.13704476694349177,0.13704476686168313,0.13704476694349177,0.13704476704509022,0.13704476694349177,0.13704476686168313,0.13602973358953196,0.13602973364828477,0.1360297337063553,0.13602973364828477,0.13602973358953196,0.13602973364828477,0.13602973376485092,0.13602973392216255,0.13602973376485092,0.13602973364828477,0.1360297337063553,0.13602973392216255,0.13602973436137508,0.13602973392216255,0.1360297337063553,0.13602973364828477,0.13602973376485092,0.13602973392216255,0.13602973376485092,0.13602973364828477,0.13602973358953196,0.13602973364828477,0.1360297337063553,0.13602973364828477,0.13602973358953196,0.13503425311202874,0.13503425314916787,0.13503425317997092,0.13503425314916787,0.13503425311202874,0.13503425314916787,0.135034253209299,0.13503425326922097,0.135034253209299,0.13503425314916787,0.13503425317997092,0.13503425326922097,0.1350342533786409,0.13503425326922097,0.13503425317997092,0.13503425314916787,0.135034253209299,0.13503425326922097,0.135034253209299,0.13503425314916787,0.13503425311202874,0.13503425314916787,0.13503425317997092,0.13503425314916787,0.13503425311202874
0.16533248762586297,0.16533248762586297,0.16533248762586297,0.16533248762586297,0.16533248762586297,0.16533248762586297,0.16533248762586297,0.16533248762586297,0.16533248762586297,0.16533248762586297,0.16533248762586297,0.16533248762586297,0.16533248762586297,0.16533248762586297,0.16533248762586297,0.16533248762586297,0.16533248762586297,0.16533248762586297,0.16533248762586297,0.16533248762586297,0.16533248762586297,0.16533248762586297,0.16533248762586297,0.16533248762586297,0.16533248762586297,0.16375749391025582,0.16375749391025582,0.16375749391025582,0.16375749391025582,0.16375749391025582,0.16375749391025582,0.16375749391025582,0.16375749391025582,0.16375749391025582,0.16375749391025582,0.16375749391025582,0.16375749391025582,0.16375749391025582,0.16375749391025582,0.16375749391025582,0.16375749391025582,0.16375749391025582,0.16375749391025582,0.16375749391025582,0.16375749391025582,0.16375749391025582,0.16375749391025582,0.16375749391025582,0.16375749391025582,0.16375749391025582,0.16221388412649496,0.16221388412649496,0.16221388412649496,0.16221388412649496,0.16221388412649496,0.16221388412649496,0.16221388412649496,0.16221388412649496,0.16221388412649496,0.16221388412649496,0.16221388412649496,0.16221388412649496,0.16221388412649496,0.16221388412649496,0.16221388412649496,0.16221388412649496,0.16221388412649496,0.16221388412649496,0.16221388412649496,0.16221388412649496,0.16221388412649496,0.16221388412649496,0.16221388412649496,0.16221388412649496,0.16221388412649496,0.16070106723162128,0.16070106723162128,0.16070106723162128,0.16070106723162128,0.16070106723162128,0.16070106723162128,0.16070106723162128,0.16070106723162128,0.16070106723162128,0.16070106723162128,0.16070106723162128,0.16070106723162128,0.16070106723162128,0.16070106723162128,0.16070106723162128,0.16070106723162128,0.16070106723162128,0.16070106723162128,0.16070106723162128,0.16070106723162128,0.16070106723162128,0.16070106723162128,0.16070106723162128,0.16070106723162128,0.16070106723162128,0.15921845160061276,0.15921845160061276,0.15921845160061276,0.15921845160061276,0.15921845160061276,0.15921845160061276,0.15921845160061276,0.15921845160061257,0.15921845160061276,0.15921845160061276,0.15921845160061276,0.15921845160061257,0.15921845160061257,0.15921845160061257,0.15921845160061276,0.15921845160061276,0.15921845160061276,0.15921845160061257,0.15921845160061276,0.15921845160061276,0.15921845160061276,0.15921845160061276,0.15921845160061276,0.15921845160061276,0.15921845160061276,0.15776544637823658,0.15776544637823636,0.15776544637823636,0.15776544637823636,0.15776544637823658,0.15776544637823636,0.15776544637823636,0.15776544637823636,0.15776544637823636,0.15776544637823636,0.15776544637823636,0.15776544637823636,0.15776544637823617,0.15776544637823636,0.15776544637823636,0.15776544637823636,0.15776544637823636,0.15776544637823636,0.15776544637823636,0.15776544637823636,0.15776544637823658,0.15776544637823636,0.15776544637823636,0.15776544637823636,0.15776544637823658,0.15634146269337199,0.15634146269337154,0.15634146269337135,0.15634146269337154,0.15634146269337199,0.15634146269337154,0.15634146269337112,0.15634146269337093,0.15634146269337112,0.15634146269337154,0.15634146269337135,0.15634146269337093,0.1563414626933707,0.15634146269337093,0.15634146269337135,0.15634146269337154,0.15634146269337112,0.15634146269337093,0.15634146269337112,0.15634146269337154,0.15634146269337199,0.15634146269337154,0.15634146269337135,0.15634146269337154,0.15634146269337199,0.1549459147460702,0.15494591474606917,0.15494591474606834,0.15494591474606917,0.1549459147460702,0.15494591474606917,0.15494591474606795,0.15494591474606734,0.15494591474606795,0.15494591474606917,0.15494591474606834,0.15494591474606734,0.1549459147460665,0.15494591474606734,0.15494591474606834,0.15494591474606917,0.15494591474606795,0.15494591474606734,0.15494591474606795,0.15494591474606917,0.1549459147460702,0.15494591474606917,0.15494591474606834,0.15494591474606917,0.1549459147460702,0.1535782207770612,0.1535782207770578,0.15357822077705557,0.1535782207770578,0.1535782207770612,0.1535782207770578,0.15357822077705416,0.15357822077705194,0.15357822077705416,0.1535782207770578,0.15357822077705557,0.15357822077705194,0.15357822077704977,0.15357822077705194,0.15357822077705557,0.1535782207770578,0.15357822077705416,0.15357822077705194,0.15357822077705416,0.1535782207770578,0.1535782207770612,0.1535782207770578,0.15357822077705557,0.1535782207770578,0.1535782207770612,0.15223780392885639,0.15223780392884573,0.15223780392883907,0.15223780392884573,0.15223780392885639,0.15223780392884573,0.15223780392883454,0.15223780392882744,0.15223780392883454,0.15223780392884573,0.15223780392883907,0.15223780392882744,0.15223780392882016,0.15223780392882744,0.15223780392883907,0.15223780392884573,0.15223780392883454,0.15223780392882744,0.15223780392883454,0.15223780392884573,0.15223780392885639,0.15223780392884573,0.15223780392883907,0.15223780392884573,0.15223780392885639,0.15092409300706275,0.15092409300703014,0.1509240930070095,0.15092409300703014,0.15092409300706275,0.15092409300703014,0.15092409300699522,0.15092409300697304,0.15092409300699522,0.15092409300703014,0.1509240930070095,0.15092409300697304,0.1509240930069497,0.15092409300697304,0.1509240930070095,0.15092409300703014,0.15092409300699522,0.15092409300697304,0.15092409300699522,0.15092409300703014,0.15092409300706275,0.15092409300703014,0.1509240930070095,0.15092409300703014,0.15092409300706275,0.1496365231499919,0.1496365231498932,0.14963652314983006,0.1496365231498932,0.1496365231499919,0.1496365231498932,0.1496365231497841,0.14963652314971299,0.1496365231497841,0.1496365231498932,0.14963652314983006,0.14963652314971299,0.14963652314963624,0.14963652314971299,0.14963652314983006,0.1496365231498932,0.1496365231497841,0.14963652314971299,0.1496365231497841,0.1496365231498932,0.1496365231499919,0.1496365231498932,0.14963652314983006,0.1496365231498932,0.1496365231499919,0.14837453641415113,0.1483745364138561,0.14837453641366502,0.1483745364138561,0.14837453641415113,0.1483745364138561,0.1483745364135177,0.14837453641329232,0.1483745364135177,0.1483745364138561,0.14837453641366502,0.14837453641329232,0.14837453641304305,0.14837453641329232,0.14837453641366502,0.1483745364138561,0.1483745364135177,0.14837453641329232,0.1483745364135177,0.1483745364138561,0.14837453641415113,0.1483745364138561,0.14837453641366502,0.1483745364138561,0.14837453641415113,0.14713758228275658,0.14713758228189514,0.14713758228132112,0.14713758228189514,0.14713758228275658,0.14713758228189514,0.1471375822808559,0.1471375822801358,0.1471375822808559,0.14713758228189514,0.14713758228132112,0.1471375822801358,0.1471375822792967,0.1471375822801358,0.14713758228132112,0.14713758228189514,0.1471375822808559,0.1471375822801358,0.1471375822808559,0.14713758228189514,0.14713758228275658,0.14713758228189514,0.14713758228132112,0.14713758228189514,0.14713758228275658,0.14592511810406242,0.14592511810162098,0.14592511809991976,0.14592511810162098,0.14592511810406242,0.14592511810162098,0.14592511809846742,0.1459251180961195,0.14592511809846742,0.14592511810162098,0.14592511809991976,0.1459251180961195,0.14592511809314226,0.1459251180961195,0.14592511809991976,0.14592511810162098,0.14592511809846742,0.1459251180961195,0.14592511809846742,0.14592511810162098,0.14592511810406242,0.14592511810162098,0.14592511809991976,0.14592511810162098,0.14592511810406242,0.14473660946615075,0.14473660945955155,0.1447366094546219,0.14473660945955155,0.14473660946615075,0.14473660945955155,0.14473660945017733,0.14473660944234598,0.14473660945017733,0.14473660945955155,0.1447366094546219,0.14473660944234598,0.1447366094309351,0.14473660944234598,0.1447366094546219,0.14473660945955155,0.14473660945017733,0.14473660944234598,0.14473660945017733,0.14473660945955155,0.14473660946615075,0.14473660945955155,0.1447366094546219,0.14473660945955155,0.14473660946615075,0.14357153051496283,0.14357153049846583,0.14357153048479376,0.14357153049846583,0.14357153051496283,0.14357153049846583,0.14357153047178917,0.1435715304452155,0.14357153047178917,0.14357153049846583,0.14357153048479376,0.1435715304452155,0.14357153039670517,0.1435715304452155,0.14357153048479376,0.14357153049846583,0.14357153047178917,0.1435715304452155,0.14357153047178917,0.14357153049846583,0.14357153051496283,0.14357153049846583,0.14357153048479376,0.14357153049846583,0.14357153051496283,0.14242936422228347,0.14242936418629665,0.1424293641517498,0.14242936418629665,0.14242936422228347,0.14242936418629665,0.14242936411721505,0.14242936402847975,0.14242936411721505,0.14242936418629665,0.1424293641517498,0.14242936402847975,0.14242936379544993,0.14242936402847975,0.1424293641517498,0.14242936418629665,0.14242936411721505,0.14242936402847975,0.14242936411721505,0.14242936418629665,0.14242936422228347,0.14242936418629665,0.1424293641517498,0.14242936418629665,0.14242936422228347,0.1413096026067314,0.14130960254650024,0.14130960247687038,0.14130960254650024,0.1413096026067314,0.14130960254650024,0.14130960240480575,0.14130960214634794,0.14130960240480575,0.14130960254650024,0.14130960247687038,0.14130960214634794,0.1413096008786736,0.14130960214634794,0.14130960247687038,0.14130960254650024,0.14130960240480575,0.14130960214634794,0.14130960240480575,0.14130960254650024,0.1413096026067314,0.14130960254650024,0.14130960247687038,0.14130960254650024,0.1413096026067314,0.14021174689293114,0.14021174683974524,0.14021174677603085,0.14021174683974524,0.14021174689293114,0.14021174683974524,0.14021174670956515,0.1402117464642334,0.14021174670956515,0.14021174683974524,0.14021174677603085,0.1402117464642334,0.1402117452482613,0.1402117464642334,0.14021174677603085,0.14021174683974524,0.14021174670956515,0.1402117464642334,0.14021174670956515,0.14021174683974524,0.14021174689293114,0.14021174683974524,0.14021174677603085,0.14021174683974524,0.14021174689293114,0.13913530756632556,0.13913530755569536,0.13913530754301498,0.13913530755569536,0.13913530756632556,0.13913530755569536,0.13913530752960881,0.13913530748659242,0.13913530752960881,0.13913530755569536,0.13913530754301498,0.13913530748659242,0.139135307346221,0.13913530748659242,0.13913530754301498,0.13913530755569536,0.13913530752960881,0.13913530748659242,0.13913530752960881,0.13913530755569536,0.13913530756632556,0.13913530755569536,0.13913530754301498,0.13913530755569536,0.13913530756632556,0.13807980445689091,0.13807980449643267,0.1380798045384253,0.13807980449643267,0.13807980445689091,0.13807980449643267,0.13807980458161193,0.13807980470626352,0.13807980458161193,0.13807980449643267,0.1380798045384253,0.13807980470626352,0.1380798050770987,0.13807980470626352,0.1380798045384253,0.13807980449643267,0.13807980458161193,0.13807980470626352,0.13807980458161193,0.13807980449643267,0.13807980445689091,0.13807980449643267,0.1380798045384253,0.13807980449643267,0.13807980445689091,0.13704476685668163,0.13704476693820883,0.13704476703946383,0.13704476693820883,0.13704476685668163,0.13704476693820883,0.13704476714502367,0.13704476756873735,0.13704476714502367,0.13704476693820883,0.13704476703946383,0.13704476756873735,0.1370447699405058,0.13704476756873735,0.13704476703946383,0.13704476693820883,0.13704476714502367,0.13704476756873735,0.13704476714502367,0.13704476693820883,0.13704476685668163,0.13704476693820883,0.13704476703946383,0.13704476693820883,0.13704476685668163,0.13602973358399553,0.13602973364255044,0.13602973370042684,0.13602973364255044,0.13602973358399553,0.13602973364255044,0.13602973375872743,0.13602973391551795,0.13602973375872743,0.13602973364255044,0.13602973370042684,0.13602973391551795,0.13602973435328353,0.13602973391551795,0.13602973370042684,0.13602973364255044,0.13602973375872743,0.13602973391551795,0.13602973375872743,0.13602973364255044,0.13602973358399553,0.13602973364255044,0.13602973370042684,0.13602973364255044,0.13602973358399553,0.13503425310635306,0.13503425314336803,0.13503425317406842,0.13503425314336803,0.13503425310635306,0.13503425314336803,0.13503425320329895,0.13503425326302235,0.13503425320329895,0.13503425314336803,0.13503425317406842,0.13503425326302235,0.1350342533720812,0.13503425326302235,0.13503425317406842,0.13503425314336803,0.13503425320329895,0.13503425326302235,0.13503425320329895,0.13503425314336803,0.13503425310635306,0.13503425314336803,0.13503425317406842,0.13503425314336803,0.13503425310635306
0.1653324876275333,0.1653324876275333,0.1653324876275333,0.1653324876275333,0.1653324876275333,0.1653324876275333,0.1653324876275333,0.1653324876275333,0.1653324876275333,0.1653324876275333,0.1653324876275333,0.1653324876275333,0.1653324876275333,0.1653324876275333,0.1653324876275333,0.1653324876275333,0.1653324876275333,0.1653324876275333,0.1653324876275333,0.1653324876275333,0.1653324876275333,0.1653324876275333,0.1653324876275333,0.1653324876275333,0.1653324876275333,0.16375749391189381,0.16375749391189381,0.16375749391189381,0.16375749391189381,0.16375749391189381,0.16375749391189381,0.16375749391189381,0.16375749391189381,0.16375749391189381,0.16375749391189381,0.16375749391189381,0.16375749391189381,0.16375749391189381,0.16375749391189381,0.16375749391189381,0.16375749391189381,0.16375749391189381,0.16375749391189381,0.16375749391189381,0.16375749391189381,0.16375749391189381,0.16375749391189381,0.16375749391189381,0.16375749391189381,0.16375749391189381,0.16221388412810234,0.16221388412810234,0.16221388412810234,0.16221388412810234,0.16221388412810234,0.16221388412810234,0.16221388412810234,0.16221388412810234,0.16221388412810234,0.16221388412810234,0.16221388412810234,0.16221388412810234,0.16221388412810234,0.16221388412810234,0.16221388412810234,0.16221388412810234,0.16221388412810234,0.16221388412810234,0.16221388412810234,0.16221388412810234,0.16221388412810234,0.16221388412810234,0.16221388412810234,0.16221388412810234,0.16221388412810234,0.1607010672331992,0.1607010672331992,0.1607010672331992,0.1607010672331992,0.1607010672331992,0.1607010672331992,0.1607010672331992,0.1607010672331992,0.1607010672331992,0.1607010672331992,0.1607010672331992,0.1607010672331992,0.1607010672331992,0.1607010672331992,0.1607010672331992,0.1607010672331992,0.1607010672331992,0.1607010672331992,0.1607010672331992,0.1607010672331992,0.1607010672331992,0.1607010672331992,0.1607010672331992,0.1607010672331992,0.1607010672331992,0.1592184516021629,0.1592184516021629,0.1592184516021627,0.1592184516021629,0.1592184516021629,0.1592184516021629,0.1592184516021627,0.1592184516021627,0.1592184516021627,0.1592184516021629,0.1592184516021627,0.1592184516021627,0.1592184516021627,0.1592184516021627,0.1592184516021627,0.1592184516021629,0.1592184516021627,0.1592184516021627,0.1592184516021627,0.1592184516021629,0.1592184516021629,0.1592184516021629,0.1592184516021627,0.1592184516021629,0.1592184516021629,0.15776544637976045,0.15776544637976025,0.15776544637976025,0.15776544637976025,0.15776544637976045,0.15776544637976025,0.15776544637976003,0.15776544637976003,0.15776544637976003,0.15776544637976025,0.15776544637976025,0.15776544637976003,0.15776544637976003,0.15776544637976003,0.15776544637976025,0.15776544637976025,0.15776544637976003,0.15776544637976003,0.15776544637976003,0.15776544637976025,0.15776544637976045,0.15776544637976025,0.15776544637976025,0.15776544637976025,0.15776544637976045,0.15634146269487084,0.15634146269487045,0.15634146269487023,0.15634146269487045,0.15634146269487084,0.15634146269487045,0.15634146269487023,0.1563414626948698,0.15634146269487023,0.15634146269487045,0.15634146269487023,0.1563414626948698,0.1563414626948696,0.1563414626948698,0.15634146269487023,0.15634146269487045,0.15634146269487023,0.1563414626948698,0.15634146269487023,0.15634146269487045,0.15634146269487084,0.15634146269487045,0.15634146269487023,0.15634146269487045,0.15634146269487084,0.1549459147475459,0.15494591474754468,0.15494591474754404,0.15494591474754468,0.1549459147475459,0.15494591474754468,0.15494591474754366,0.15494591474754282,0.15494591474754366,0.15494591474754468,0.15494591474754404,0.15494591474754282,0.1549459147475422,0.15494591474754282,0.15494591474754404,0.15494591474754468,0.15494591474754366,0.15494591474754282,0.15494591474754366,0.15494591474754468,0.1549459147475459,0.15494591474754468,0.15494591474754404,0.15494591474754468,0.1549459147475459,0.15357822077851488,0.1535782207785115,0.1535782207785093,0.1535782207785115,0.15357822077851488,0.1535782207785115,0.15357822077850788,0.15357822077850566,0.15357822077850788,0.1535782207785115,0.1535782207785093,0.15357822077850566,0.15357822077850344,0.15357822077850566,0.1535782207785093,0.1535782207785115,0.15357822077850788,0.15357822077850566,0.15357822077850788,0.1535782207785115,0.15357822077851488,0.1535782207785115,0.1535782207785093,0.1535782207785115,0.15357822077851488,0.15223780393028957,0.15223780393027894,0.15223780393027245,0.15223780393027894,0.15223780393028957,0.15223780393027894,0.15223780393026792,0.15223780393026085,0.15223780393026792,0.15223780393027894,0.15223780393027245,0.15223780393026085,0.15223780393025374,0.15223780393026085,0.15223780393027245,0.15223780393027894,0.15223780393026792,0.15223780393026085,0.15223780393026792,0.15223780393027894,0.15223780393028957,0.15223780393027894,0.15223780393027245,0.15223780393027894,0.15223780393028957,0.15092409300847665,0.15092409300844423,0.1509240930084238,0.15092409300844423,0.15092409300847665,0.15092409300844423,0.1509240930084095,0.15092409300838752,0.1509240930084095,0.15092409300844423,0.1509240930084238,0.15092409300838752,0.1509240930083644,0.15092409300838752,0.1509240930084238,0.15092409300844423,0.1509240930084095,0.15092409300838752,0.1509240930084095,0.15092409300844423,0.15092409300847665,0.15092409300844423,0.1509240930084238,0.15092409300844423,0.15092409300847665,0.14963652315138753,0.1496365231512894,0.14963652315122664,0.1496365231512894,0.14963652315138753,0.1496365231512894,0.14963652315118106,0.14963652315111034,0.14963652315118106,0.1496365231512894,0.14963652315122664,0.14963652315111034,0.14963652315103435,0.14963652315111034,0.14963652315122664,0.1496365231512894,0.14963652315118106,0.14963652315111034,0.14963652315118106,0.1496365231512894,0.14963652315138753,0.1496365231512894,0.14963652315122664,0.1496365231512894,0.14963652315138753,0.1483745364155283,0.14837453641523513,0.14837453641504497,0.14837453641523513,0.1483745364155283,0.14837453641523513,0.1483745364148986,0.1483745364146745,0.1483745364148986,0.14837453641523513,0.14837453641504497,0.1483745364146745,0.14837453641442672,0.1483745364146745,0.14837453641504497,0.14837453641523513,0.1483745364148986,0.1483745364146745,0.1483745364148986,0.14837453641523513,0.1483745364155283,0.14837453641523513,0.14837453641504497,0.14837453641523513,0.1483745364155283,0.1471375822841128,0.14713758228325613,0.14713758228268556,0.14713758228325613,0.1471375822841128,0.14713758228325613,0.14713758228222304,0.1471375822815071,0.14713758228222304,0.14713758228325613,0.14713758228268556,0.1471375822815071,0.14713758228067297,0.1471375822815071,0.14713758228268556,0.14713758228325613,0.14713758228222304,0.1471375822815071,0.14713758228222304,0.14713758228325613,0.1471375822841128,0.14713758228325613,0.14713758228268556,0.14713758228325613,0.1471375822841128,0.14592511810538844,0.14592511810296055,0.1459251181012691,0.14592511810296055,0.14592511810538844,0.14592511810296055,0.14592511809982517,0.14592511809749095,0.14592511809982517,0.14592511810296055,0.1459251181012691,0.14592511809749095,0.1459251180945317,0.14592511809749095,0.1459251181012691,0.14592511810296055,0.14592511809982517,0.14592511809749095,0.14592511809982517,0.14592511810296055,0.14592511810538844,0.14592511810296055,0.1459251181012691,0.14592511810296055,0.14592511810538844,0.1447366094674185,0.14473660946085595,0.14473660945595407,0.14473660946085595,0.1447366094674185,0.14473660946085595,0.144736609451535,0.14473660944374972,0.144736609451535,0.14473660946085595,0.14473660945595407,0.14473660944374972,0.14473660943240868,0.14473660944374972,0.14473660945595407,0.14473660946085595,0.144736609451535,0.14473660944374972,0.144736609451535,0.14473660946085595,0.1447366094674185,0.14473660946085595,0.14473660945595407,0.14473660946085595,0.1447366094674185,0.14357153051609697,0.14357153049968863,0.14357153048609284,0.14357153049968863,0.14357153051609697,0.14357153049968863,0.14357153047316185,0.1435715304467451,0.14357153047316185,0.14357153049968863,0.14357153048609284,0.1435715304467451,0.14357153039853832,0.1435715304467451,0.14357153048609284,0.14357153049968863,0.14357153047316185,0.1435715304467451,0.14357153047316185,0.14357153049968863,0.14357153051609697,0.14357153049968863,0.14357153048609284,0.14357153049968863,0.14357153051609697,0.1424293642230991,0.14242936418729546,0.14242936415293467,0.14242936418729546,0.1424293642230991,0.14242936418729546,0.1424293641185886,0.1424293640303747,0.1424293641185886,0.14242936418729546,0.14242936415293467,0.1424293640303747,0.142429363798838,0.1424293640303747,0.14242936415293467,0.14242936418729546,0.1424293641185886,0.1424293640303747,0.1424293641185886,0.14242936418729546,0.1424293642230991,0.14242936418729546,0.14242936415293467,0.14242936418729546,0.1424293642230991,0.1413096026068459,0.141309602546882,0.14130960247758995,0.141309602546882,0.1413096026068459,0.141309602546882,0.1413096024058784,0.14130960214886853,0.1413096024058784,0.141309602546882,0.14130960247758995,0.14130960214886853,0.14130960088950006,0.14130960214886853,0.14130960247758995,0.141309602546882,0.1413096024058784,0.14130960214886853,0.1413096024058784,0.141309602546882,0.1413096026068459,0.141309602546882,0.14130960247758995,0.141309602546882,0.1413096026068459,0.14021174689178187,0.1402117468387145,0.14021174677511625,0.1402117468387145,0.14021174689178187,0.1402117468387145,0.14021174670876888,0.14021174646370305,0.14021174670876888,0.1402117468387145,0.14021174677511625,0.14021174646370305,0.14021174524786653,0.14021174646370305,0.14021174677511625,0.1402117468387145,0.14021174670876888,0.14021174646370305,0.14021174670876888,0.1402117468387145,0.14021174689178187,0.1402117468387145,0.14021174677511625,0.1402117468387145,0.14021174689178187,0.1391353075636495,0.13913530755299308,0.13913530754028597,0.13913530755299308,0.1391353075636495,0.13913530755299308,0.13913530752685277,0.13913530748376174,0.13913530752685277,0.13913530755299308,0.13913530754028597,0.13913530748376174,0.13913530734317625,0.13913530748376174,0.13913530754028597,0.13913530755299308,0.13913530752685277,0.13913530748376174,0.13913530752685277,0.13913530755299308,0.1391353075636495,0.13913530755299308,0.13913530754028597,0.13913530755299308,0.1391353075636495,0.13807980445271997,0.13807980449209026,0.13807980453390603,0.13807980449209026,0.13807980445271997,0.13807980449209026,0.13807980457691188,0.1380798047010619,0.13807980457691188,0.13807980449209026,0.13807980453390603,0.1380798047010619,0.13807980507046802,0.1380798047010619,0.13807980453390603,0.13807980449209026,0.13807980457691188,0.1380798047010619,0.13807980457691188,0.13807980449209026,0.13807980445271997,0.13807980449209026,0.13807980453390603,0.13807980449209026,0.13807980445271997,0.1370447668513473,0.1370447669325756,0.13704476703346646,0.1370447669325756,0.1370447668513473,0.1370447669325756,0.1370447671386479,0.13704476756086578,0.1370447671386479,0.1370447669325756,0.13704476703346646,0.13704476756086578,0.13704476992433545,0.13704476756086578,0.13704476703346646,0.1370447669325756,0.1370447671386479,0.13704476756086578,0.1370447671386479,0.1370447669325756,0.1370447668513473,0.1370447669325756,0.13704476703346646,0.1370447669325756,0.1370447668513473,0.13602973357809417,0.13602973363643903,0.13602973369410964,0.13602973363643903,0.13602973357809417,0.13602973363643903,0.13602973375220356,0.1360297339084415,0.13602973375220356,0.13602973363643903,0.13602973369410964,0.1360297339084415,0.13602973434467383,0.1360297339084415,0.13602973369410964,0.13602973363643903,0.13602973375220356,0.1360297339084415,0.13602973375220356,0.13602973363643903,0.13602973357809417,0.13602973363643903,0.13602973369410964,0.13602973363643903,0.13602973357809417,0.13503425310030434,0.1350342531371877,0.13503425316777928,0.1350342531371877,0.13503425310030434,0.1350342531371877,0.13503425319690626,0.1350342532564192,0.13503425319690626,0.1350342531371877,0.13503425316777928,0.1350342532564192,0.1350342533650952,0.1350342532564192,0.13503425316777928,0.1350342531371877,0.13503425319690626,0.1350342532564192,0.13503425319690626,0.1350342531371877,0.13503425310030434,0.1350342531371877,0.13503425316777928,0.1350342531371877,0.13503425310030434
0.16533248762931238,0.16533248762931238,0.16533248762931238,0.16533248762931238,0.16533248762931238,0.16533248762931238,0.16533248762931238,0.16533248762931238,0.16533248762931238,0.16533248762931238,0.16533248762931238,0.16533248762931238,0.16533248762931238,0.16533248762931238,0.16533248762931238,0.16533248762931238,0.16533248762931238,0.16533248762931238,0.16533248762931238,0.16533248762931238,0.16533248762931238,0.16533248762931238,0.16533248762931238,0.16533248762931238,0.16533248762931238,0.16375749391363842,0.16375749391363842,0.16375749391363842,0.16375749391363842,0.16375749391363842,0.16375749391363842,0.16375749391363842,0.16375749391363842,0.16375749391363842,0.16375749391363842,0.16375749391363842,0.16375749391363842,0.16375749391363842,0.16375749391363842,0.16375749391363842,0.16375749391363842,0.16375749391363842,0.16375749391363842,0.16375749391363842,0.16375749391363842,0.16375749391363842,0.16375749391363842,0.16375749391363842,0.16375749391363842,0.16375749391363842,0.16221388412981397,0.16221388412981397,0.16221388412981397,0.16221388412981397,0.16221388412981397,0.16221388412981397,0.16221388412981397,0.16221388412981397,0.16221388412981397,0.16221388412981397,0.16221388412981397,0.16221388412981397,0.16221388412981397,0.16221388412981397,0.16221388412981397,0.16221388412981397,0.16221388412981397,0.16221388412981397,0.16221388412981397,0.16221388412981397,0.16221388412981397,0.16221388412981397,0.16221388412981397,0.16221388412981397,0.16221388412981397,0.16070106723487962,0.16070106723487962,0.16070106723487962,0.16070106723487962,0.16070106723487962,0.16070106723487962,0.16070106723487962,0.16070106723487962,0.16070106723487962,0.16070106723487962,0.16070106723487962,0.16070106723487962,0.16070106723487962,0.16070106723487962,0.16070106723487962,0.16070106723487962,0.16070106723487962,0.16070106723487962,0.16070106723487962,0.16070106723487962,0.16070106723487962,0.16070106723487962,0.16070106723487962,0.16070106723487962,0.16070106723487962,0.1592184516038132,0.1592184516038132,0.1592184516038132,0.1592184516038132,0.1592184516038132,0.1592184516038132,0.1592184516038132,0.1592184516038132,0.1592184516038132,0.1592184516038132,0.1592184516038132,0.1592184516038132,0.1592184516038132,0.1592184516038132,0.1592184516038132,0.1592184516038132,0.1592184516038132,0.1592184516038132,0.1592184516038132,0.1592184516038132,0.1592184516038132,0.1592184516038132,0.1592184516038132,0.1592184516038132,0.1592184516038132,0.1577654463813823,0.1577654463813823,0.1577654463813823,0.1577654463813823,0.1577654463813823,0.1577654463813823,0.15776544638138207,0.15776544638138207,0.15776544638138207,0.1577654463813823,0.1577654463813823,0.15776544638138207,0.15776544638138207,0.15776544638138207,0.1577654463813823,0.1577654463813823,0.15776544638138207,0.15776544638138207,0.15776544638138207,0.1577654463813823,0.1577654463813823,0.1577654463813823,0.1577654463813823,0.1577654463813823,0.1577654463813823,0.1563414626964659,0.15634146269646568,0.15634146269646548,0.15634146269646568,0.1563414626964659,0.15634146269646568,0.15634146269646526,0.15634146269646507,0.15634146269646526,0.15634146269646568,0.15634146269646548,0.15634146269646507,0.15634146269646487,0.15634146269646507,0.15634146269646548,0.15634146269646568,0.15634146269646526,0.15634146269646507,0.15634146269646526,0.15634146269646568,0.1563414626964659,0.15634146269646568,0.15634146269646548,0.15634146269646568,0.1563414626964659,0.1549459147491157,0.15494591474911465,0.15494591474911384,0.15494591474911465,0.1549459147491157,0.15494591474911465,0.15494591474911343,0.15494591474911282,0.15494591474911343,0.15494591474911465,0.15494591474911384,0.15494591474911282,0.15494591474911198,0.15494591474911282,0.15494591474911384,0.15494591474911465,0.15494591474911343,0.15494591474911282,0.15494591474911343,0.15494591474911465,0.1549459147491157,0.15494591474911465,0.15494591474911384,0.15494591474911465,0.1549459147491157,0.15357822078006098,0.15357822078005756,0.15357822078005537,0.15357822078005756,0.15357822078006098,0.15357822078005756,0.15357822078005395,0.15357822078005173,0.15357822078005395,0.15357822078005756,0.15357822078005537,0.15357822078005173,0.15357822078004954,0.15357822078005173,0.15357822078005537,0.15357822078005756,0.15357822078005395,0.15357822078005173,0.15357822078005395,0.15357822078005756,0.15357822078006098,0.15357822078005756,0.15357822078005537,0.15357822078005756,0.15357822078006098,0.1522378039318131,0.15223780393180247,0.15223780393179598,0.15223780393180247,0.1522378039318131,0.15223780393180247,0.15223780393179145,0.15223780393178457,0.15223780393179145,0.15223780393180247,0.15223780393179598,0.15223780393178457,0.1522378039317775,0.15223780393178457,0.15223780393179598,0.15223780393180247,0.15223780393179145,0.15223780393178457,0.15223780393179145,0.15223780393180247,0.1522378039318131,0.15223780393180247,0.15223780393179598,0.15223780393180247,0.1522378039318131,0.15092409300997914,0.15092409300994689,0.15092409300992665,0.15092409300994689,0.15092409300997914,0.15092409300994689,0.15092409300991236,0.15092409300989057,0.15092409300991236,0.15092409300994689,0.15092409300992665,0.15092409300989057,0.15092409300986742,0.15092409300989057,0.15092409300992665,0.15092409300994689,0.15092409300991236,0.15092409300989057,0.15092409300991236,0.15092409300994689,0.15092409300997914,0.15092409300994689,0.15092409300992665,0.15092409300994689,0.15092409300997914,0.14963652315286957,0.149636523152772,0.1496365231527098,0.149636523152772,0.14963652315286957,0.149636523152772,0.14963652315266443,0.1496365231525943,0.14963652315266443,0.149636523152772,0.1496365231527098,0.1496365231525943,0.14963652315251882,0.1496365231525943,0.1496365231527098,0.149636523152772,0.14963652315266443,0.1496365231525943,0.14963652315266443,0.149636523152772,0.14963652315286957,0.149636523152772,0.1496365231527098,0.149636523152772,0.14963652315286957,0.14837453641698983,0.14837453641669848,0.14837453641650963,0.14837453641669848,0.14837453641698983,0.14837453641669848,0.14837453641636433,0.14837453641614157,0.14837453641636433,0.14837453641669848,0.14837453641650963,0.14837453641614157,0.1483745364158953,0.14837453641614157,0.14837453641650963,0.14837453641669848,0.14837453641636433,0.14837453641614157,0.14837453641636433,0.14837453641669848,0.14837453641698983,0.14837453641669848,0.14837453641650963,0.14837453641669848,0.14837453641698983,0.14713758228555118,0.14713758228469995,0.14713758228413262,0.14713758228469995,0.14713758228555118,0.14713758228469995,0.14713758228367302,0.14713758228296167,0.14713758228367302,0.14713758228469995,0.14713758228413262,0.14713758228296167,0.14713758228213278,0.14713758228296167,0.14713758228413262,0.14713758228469995,0.14713758228367302,0.14713758228296167,0.14713758228367302,0.14713758228469995,0.14713758228555118,0.14713758228469995,0.14713758228413262,0.14713758228469995,0.14713758228555118,0.1459251181067937,0.1459251181043806,0.1459251181026993,0.1459251181043806,0.1459251181067937,0.1459251181043806,0.14592511810126446,0.14592511809894484,0.14592511810126446,0.1459251181043806,0.1459251181026993,0.14592511809894484,0.14592511809600464,0.14592511809894484,0.1459251181026993,0.1459251181043806,0.14592511810126446,0.14592511809894484,0.14592511810126446,0.1459251181043806,0.1459251181067937,0.1459251181043806,0.1459251181026993,0.1459251181043806,0.1459251181067937,0.14473660946876113,0.14473660946223735,0.1447366094573653,0.14473660946223735,0.14473660946876113,0.14473660946223735,0.14473660945297329,0.1447366094452374,0.14473660945297329,0.14473660946223735,0.1447366094573653,0.1447366094452374,0.14473660943397074,0.1447366094452374,0.1447366094573653,0.14473660946223735,0.14473660945297329,0.1447366094452374,0.14473660945297329,0.14473660946223735,0.14473660946876113,0.14473660946223735,0.1447366094573653,0.14473660946223735,0.14473660946876113,0.14357153051729613,0.14357153050098223,0.14357153048746774,0.14357153050098223,0.14357153051729613,0.14357153050098223,0.1435715304746151,0.1435715304483662,0.1435715304746151,0.14357153050098223,0.14357153048746774,0.1435715304483662,0.14357153040048334,0.1435715304483662,0.14357153048746774,0.14357153050098223,0.1435715304746151,0.1435715304483662,0.1435715304746151,0.14357153050098223,0.14357153051729613,0.14357153050098223,0.14357153048746774,0.14357153050098223,0.14357153051729613,0.14242936422395813,0.14242936418834928,0.14242936415418658,0.14242936418834928,0.14242936422395813,0.14242936418834928,0.14242936412004167,0.14242936403238418,0.14242936412004167,0.14242936418834928,0.14242936415418658,0.14242936403238418,0.14242936380244264,0.14242936403238418,0.14242936415418658,0.14242936418834928,0.14242936412004167,0.14242936403238418,0.14242936412004167,0.14242936418834928,0.14242936422395813,0.14242936418834928,0.14242936415418658,0.14242936418834928,0.14242936422395813,0.14130960260695705,0.14130960254727704,0.14130960247834431,0.14130960254727704,0.14130960260695705,0.14130960254727704,0.14130960240700827,0.14130960215154223,0.14130960240700827,0.14130960254727704,0.14130960247834431,0.14130960215154223,0.14130960090104686,0.14130960215154223,0.14130960247834431,0.14130960254727704,0.14130960240700827,0.14130960215154223,0.14130960240700827,0.14130960254727704,0.14130960260695705,0.14130960254727704,0.14130960247834431,0.14130960254727704,0.14130960260695705,0.14021174689054863,0.14021174683760446,0.14021174677412548,0.14021174683760446,0.14021174689054863,0.14021174683760446,0.1402117467078999,0.14021174646309803,0.1402117467078999,0.14021174683760446,0.14021174677412548,0.14021174646309803,0.1402117452473086,0.14021174646309803,0.14021174677412548,0.14021174683760446,0.1402117467078999,0.14021174646309803,0.1402117467078999,0.14021174683760446,0.14021174689054863,0.14021174683760446,0.14021174677412548,0.14021174683760446,0.14021174689054863,0.13913530756079798,0.13913530755011183,0.13913530753737463,0.13913530755011183,0.13913530756079798,0.13913530755011183,0.1391353075239108,0.13913530748073438,0.1391353075239108,0.13913530755011183,0.13913530753737463,0.13913530748073438,0.139135307339903,0.13913530748073438,0.13913530753737463,0.13913530755011183,0.1391353075239108,0.13913530748073438,0.1391353075239108,0.13913530755011183,0.13913530756079798,0.13913530755011183,0.13913530753737463,0.13913530755011183,0.13913530756079798,0.13807980444828752,0.13807980448747564,0.13807980452910393,0.13807980448747564,0.13807980444828752,0.13807980448747564,0.13807980457191796,0.13807980469553682,0.13807980457191796,0.13807980448747564,0.13807980452910393,0.13807980469553682,0.13807980506343084,0.13807980469553682,0.13807980452910393,0.13807980448747564,0.13807980457191796,0.13807980469553682,0.13807980457191796,0.13807980448747564,0.13807980444828752,0.13807980448747564,0.13807980452910393,0.13807980448747564,0.13807980444828752,0.13704476684568548,0.13704476692659828,0.13704476702710436,0.13704476692659828,0.13704476684568548,0.13704476692659828,0.1370447671318861,0.13704476755252473,0.1370447671318861,0.13704476692659828,0.13704476702710436,0.13704476755252473,0.13704476990723882,0.13704476755252473,0.13704476702710436,0.13704476692659828,0.1370447671318861,0.13704476755252473,0.1370447671318861,0.13704476692659828,0.13704476684568548,0.13704476692659828,0.13704476702710436,0.13704476692659828,0.13704476684568548,0.13602973357183368,0.13602973362995693,0.13602973368741014,0.13602973362995693,0.13602973357183368,0.13602973362995693,0.13602973374528576,0.13602973390094056,0.13602973374528576,0.13602973362995693,0.13602973368741014,0.13602973390094056,0.13602973433555435,0.13602973390094056,0.13602973368741014,0.13602973362995693,0.13602973374528576,0.13602973390094056,0.13602973374528576,0.13602973362995693,0.13602973357183368,0.13602973362995693,0.13602973368741014,0.13602973362995693,0.13602973357183368,0.1350342530938887,0.135034253130633,0.13503425316110962,0.135034253130633,0.1350342530938887,0.135034253130633,0.13503425319012766,0.13503425324941834,0.13503425319012766,0.135034253130633,0.13503425316110962,0.13503425324941834,0.13503425335769026,0.13503425324941834,0.13503425316110962,0.135034253130633,0.13503425319012766,0.13503425324941834,0.13503425319012766,0.135034253130633,0.1350342530938887,0.135034253130633,0.13503425316110962,0.135034253130633,0.1350342530938887
0.16533248763119862,0.16533248763119862,0.16533248763119862,0.16533248763119862,0.16533248763119862,0.16533248763119862,0.16533248763119862,0.16533248763119862,0.16533248763119862,0.16533248763119862,0.16533248763119862,0.16533248763119862,0.16533248763119862,0.16533248763119862,0.16533248763119862,0.16533248763119862,0.16533248763119862,0.16533248763119862,0.16533248763119862,0.16533248763119862,0.16533248763119862,0.16533248763119862,0.16533248763119862,0.16533248763119862,0.16533248763119862,0.16375749391548827,0.16375749391548827,0.16375749391548827,0.16375749391548827,0.16375749391548827,0.16375749391548827,0.16375749391548827,0.16375749391548827,0.16375749391548827,0.16375749391548827,0.16375749391548827,0.16375749391548827,0.16375749391548827,0.16375749391548827,0.16375749391548827,0.16375749391548827,0.16375749391548827,0.16375749391548827,0.16375749391548827,0.16375749391548827,0.16375749391548827,0.16375749391548827,0.16375749391548827,0.16375749391548827,0.16375749391548827,0.16221388413162874,0.16221388413162874,0.16221388413162874,0.16221388413162874,0.16221388413162874,0.16221388413162874,0.16221388413162874,0.16221388413162874,0.16221388413162874,0.16221388413162874,0.16221388413162874,0.16221388413162874,0.16221388413162874,0.16221388413162874,0.16221388413162874,0.16221388413162874,0.16221388413162874,0.16221388413162874,0.16221388413162874,0.16221388413162874,0.16221388413162874,0.16221388413162874,0.16221388413162874,0.16221388413162874,0.16221388413162874,0.1607010672366608,0.1607010672366608,0.1607010672366608,0.1607010672366608,0.1607010672366608,0.1607010672366608,0.1607010672366608,0.1607010672366608,0.1607010672366608,0.1607010672366608,0.1607010672366608,0.1607010672366608,0.1607010672366608,0.1607010672366608,0.1607010672366608,0.1607010672366608,0.1607010672366608,0.1607010672366608,0.1607010672366608,0.1607010672366608,0.1607010672366608,0.1607010672366608,0.1607010672366608,0.1607010672366608,0.1607010672366608,0.15921845160556258,0.15921845160556258,0.15921845160556258,0.15921845160556258,0.15921845160556258,0.15921845160556258,0.15921845160556258,0.15921845160556236,0.15921845160556258,0.15921845160556258,0.15921845160556258,0.15921845160556236,0.15921845160556236,0.15921845160556236,0.15921845160556258,0.15921845160556258,0.15921845160556258,0.15921845160556236,0.15921845160556258,0.15921845160556258,0.15921845160556258,0.15921845160556258,0.15921845160556258,0.15921845160556258,0.15921845160556258,0.15776544638310117,0.15776544638310117,0.15776544638310094,0.15776544638310117,0.15776544638310117,0.15776544638310117,0.15776544638310094,0.15776544638310094,0.15776544638310094,0.15776544638310117,0.15776544638310094,0.15776544638310094,0.15776544638310094,0.15776544638310094,0.15776544638310094,0.15776544638310117,0.15776544638310094,0.15776544638310094,0.15776544638310094,0.15776544638310117,0.15776544638310117,0.15776544638310117,0.15776544638310094,0.15776544638310117,0.15776544638310117,0.1563414626981559,0.1563414626981557,0.1563414626981555,0.1563414626981557,0.1563414626981559,0.1563414626981557,0.1563414626981553,0.15634146269815508,0.1563414626981553,0.1563414626981557,0.1563414626981555,0.15634146269815508,0.15634146269815485,0.15634146269815508,0.1563414626981555,0.1563414626981557,0.1563414626981553,0.15634146269815508,0.1563414626981553,0.1563414626981557,0.1563414626981559,0.1563414626981557,0.1563414626981555,0.1563414626981557,0.1563414626981559,0.1549459147507783,0.1549459147507773,0.15494591475077646,0.1549459147507773,0.1549459147507783,0.1549459147507773,0.15494591475077604,0.1549459147507754,0.15494591475077604,0.1549459147507773,0.15494591475077646,0.1549459147507754,0.15494591475077463,0.1549459147507754,0.15494591475077646,0.1549459147507773,0.15494591475077604,0.1549459147507754,0.15494591475077604,0.1549459147507773,0.1549459147507783,0.1549459147507773,0.15494591475077646,0.1549459147507773,0.1549459147507783,0.15357822078169767,0.15357822078169425,0.15357822078169223,0.15357822078169425,0.15357822078169767,0.15357822078169425,0.15357822078169084,0.15357822078168862,0.15357822078169084,0.15357822078169425,0.15357822078169223,0.15357822078168862,0.1535782207816864,0.15357822078168862,0.15357822078169223,0.15357822078169425,0.15357822078169084,0.15357822078168862,0.15357822078169084,0.15357822078169425,0.15357822078169767,0.15357822078169425,0.15357822078169223,0.15357822078169425,0.15357822078169767,0.1522378039334254,0.152237803933415,0.1522378039334085,0.152237803933415,0.1522378039334254,0.152237803933415,0.15223780393340416,0.15223780393339728,0.15223780393340416,0.152237803933415,0.1522378039334085,0.15223780393339728,0.15223780393339018,0.15223780393339728,0.1522378039334085,0.152237803933415,0.15223780393340416,0.15223780393339728,0.15223780393340416,0.152237803933415,0.1522378039334254,0.152237803933415,0.1522378039334085,0.152237803933415,0.1522378039334254,0.1509240930115684,0.15092409301153636,0.1509240930115163,0.15092409301153636,0.1509240930115684,0.15092409301153636,0.15092409301150223,0.1509240930114804,0.15092409301150223,0.15092409301153636,0.1509240930115163,0.1509240930114804,0.15092409301145765,0.1509240930114804,0.1509240930115163,0.15092409301153636,0.15092409301150223,0.1509240930114804,0.15092409301150223,0.15092409301153636,0.1509240930115684,0.15092409301153636,0.1509240930115163,0.15092409301153636,0.1509240930115684,0.14963652315443673,0.1496365231543397,0.1496365231542779,0.1496365231543397,0.14963652315443673,0.1496365231543397,0.14963652315423287,0.14963652315416348,0.14963652315423287,0.1496365231543397,0.1496365231542779,0.14963652315416348,0.1496365231540884,0.14963652315416348,0.1496365231542779,0.1496365231543397,0.14963652315423287,0.14963652315416348,0.14963652315423287,0.1496365231543397,0.14963652315443673,0.1496365231543397,0.1496365231542779,0.1496365231543397,0.14963652315443673,0.14837453641853457,0.14837453641824508,0.14837453641805753,0.14837453641824508,0.14837453641853457,0.14837453641824508,0.14837453641791315,0.14837453641769188,0.14837453641791315,0.14837453641824508,0.14837453641805753,0.14837453641769188,0.1483745364174474,0.14837453641769188,0.14837453641805753,0.14837453641824508,0.14837453641791315,0.14837453641769188,0.14837453641791315,0.14837453641824508,0.14837453641853457,0.14837453641824508,0.14837453641805753,0.14837453641824508,0.14837453641853457,0.14713758228707058,0.14713758228622476,0.14713758228566126,0.14713758228622476,0.14713758228707058,0.14713758228622476,0.14713758228520477,0.1471375822844981,0.14713758228520477,0.14713758228622476,0.14713758228566126,0.1471375822844981,0.14713758228367485,0.1471375822844981,0.14713758228566126,0.14713758228622476,0.14713758228520477,0.1471375822844981,0.14713758228520477,0.14713758228622476,0.14713758228707058,0.14713758228622476,0.14713758228566126,0.14713758228622476,0.14713758228707058,0.14592511810827719,0.14592511810587955,0.1459251181042093,0.14592511810587955,0.14592511810827719,0.14592511810587955,0.1459251181027839,0.14592511810047995,0.1459251181027839,0.14592511810587955,0.1459251181042093,0.14592511810047995,0.14592511809755984,0.14592511810047995,0.1459251181042093,0.14592511810587955,0.1459251181027839,0.14592511810047995,0.1459251181027839,0.14592511810587955,0.14592511810827719,0.14592511810587955,0.1459251181042093,0.14592511810587955,0.14592511810827719,0.14473660947017708,0.1447366094636945,0.14473660945885403,0.1447366094636945,0.14473660947017708,0.1447366094636945,0.144736609454491,0.1447366094468073,0.144736609454491,0.1447366094636945,0.14473660945885403,0.1447366094468073,0.1447366094356199,0.1447366094468073,0.14473660945885403,0.1447366094636945,0.144736609454491,0.1447366094468073,0.144736609454491,0.1447366094636945,0.14473660947017708,0.1447366094636945,0.14473660945885403,0.1447366094636945,0.14473660947017708,0.14357153051855928,0.14357153050234567,0.14357153048891705,0.14357153050234567,0.14357153051855928,0.14357153050234567,0.14357153047614776,0.143571530450077,0.14357153047614776,0.14357153050234567,0.14357153048891705,0.143571530450077,0.1435715304025384,0.143571530450077,0.14357153048891705,0.14357153050234567,0.14357153047614776,0.143571530450077,0.14357153047614776,0.14357153050234567,0.14357153051855928,0.14357153050234567,0.14357153048891705,0.14357153050234567,0.14357153051855928,0.14242936422485966,0.14242936418945726,0.14242936415550478,0.14242936418945726,0.14242936422485966,0.14242936418945726,0.14242936412157306,0.14242936403450643,0.14242936412157306,0.14242936418945726,0.14242936415550478,0.14242936403450643,0.14242936380626053,0.14242936403450643,0.14242936415550478,0.14242936418945726,0.14242936412157306,0.14242936403450643,0.14242936412157306,0.14242936418945726,0.14242936422485966,0.14242936418945726,0.14242936415550478,0.14242936418945726,0.14242936422485966,0.1413096026070653,0.14130960254768507,0.14130960247913277,0.14130960254768507,0.1413096026070653,0.14130960254768507,0.1413096024081944,0.14130960215436628,0.1413096024081944,0.14130960254768507,0.14130960247913277,0.14130960215436628,0.1413096009133124,0.14130960215436628,0.14130960247913277,0.14130960254768507,0.1413096024081944,0.14130960215436628,0.1413096024081944,0.14130960254768507,0.1413096026070653,0.14130960254768507,0.14130960247913277,0.14130960254768507,0.1413096026070653,0.14021174688923263,0.14021174683641635,0.14021174677306011,0.14021174683641635,0.14021174688923263,0.14021174683641635,0.1402117467069595,0.1402117464624195,0.1402117467069595,0.14021174683641635,0.14021174677306011,0.1402117464624195,0.1402117452465749,0.1402117464624195,0.14021174677306011,0.14021174683641635,0.1402117467069595,0.1402117464624195,0.1402117467069595,0.14021174683641635,0.14021174688923263,0.14021174683641635,0.14021174677306011,0.14021174683641635,0.14021174688923263,0.13913530755777362,0.13913530754705458,0.13913530753428371,0.13913530754705458,0.13913530755777362,0.13913530754705458,0.13913530752078587,0.1391353074775138,0.13913530752078587,0.13913530754705458,0.13913530753428371,0.1391353074775138,0.13913530733640525,0.1391353074775138,0.13913530753428371,0.13913530754705458,0.13913530752078587,0.1391353074775138,0.13913530752078587,0.13913530754705458,0.13913530755777362,0.13913530754705458,0.13913530753428371,0.13913530754705458,0.13913530755777362,0.13807980444359752,0.13807980448259305,0.13807980452402335,0.13807980448259305,0.13807980444359752,0.13807980448259305,0.13807980456663524,0.13807980468969364,0.13807980456663524,0.13807980448259305,0.13807980452402335,0.13807980468969364,0.13807980505599382,0.13807980468969364,0.13807980452402335,0.13807980448259305,0.13807980456663524,0.13807980468969364,0.13807980456663524,0.13807980448259305,0.13807980444359752,0.13807980448259305,0.13807980452402335,0.13807980448259305,0.13807980444359752,0.13704476683970165,0.13704476692028195,0.13704476702038312,0.13704476692028195,0.13704476683970165,0.13704476692028195,0.13704476712474414,0.13704476754372158,0.13704476712474414,0.13704476692028195,0.13704476702038312,0.13704476754372158,0.13704476988922193,0.13704476754372158,0.13704476702038312,0.13704476692028195,0.13704476712474414,0.13704476754372158,0.13704476712474414,0.13704476692028195,0.13704476683970165,0.13704476692028195,0.13704476702038312,0.13704476692028195,0.13704476683970165,0.13602973356521988,0.13602973362310997,0.13602973368033444,0.13602973362310997,0.13602973356521988,0.13602973362310997,0.13602973373798047,0.1360297338930218,0.13602973373798047,0.13602973362310997,0.13602973368033444,0.1360297338930218,0.1360297343259331,0.1360297338930218,0.13602973368033444,0.13602973362310997,0.13602973373798047,0.1360297338930218,0.13602973373798047,0.13602973362310997,0.13602973356521988,0.13602973362310997,0.13602973368033444,0.13602973362310997,0.13602973356521988,0.13503425308711214,0.13503425312371004,0.13503425315406584,0.13503425312371004,0.13503425308711214,0.13503425312371004,0.13503425318296897,0.13503425324202592,0.13503425318296897,0.13503425312371004,0.13503425315406584,0.13503425324202592,0.13503425334987293,0.13503425324202592,0.13503425315406584,0.13503425312371004,0.13503425318296897,0.13503425324202592,0.13503425318296897,0.13503425312371004,0.13503425308711214,0.13503425312371004,0.13503425315406584,0.13503425312371004,0.13503425308711214
0.16533248763319108,0.16533248763319108,0.16533248763319108,0.16533248763319108,0.16533248763319108,0.16533248763319108,0.16533248763319108,0.16533248763319108,0.16533248763319108,0.16533248763319108,0.16533248763319108,0.16533248763319108,0.16533248763319108,0.16533248763319108,0.16533248763319108,0.16533248763319108,0.16533248763319108,0.16533248763319108,0.16533248763319108,0.16533248763319108,0.16533248763319108,0.16533248763319108,0.16533248763319108,0.16533248763319108,0.16533248763319108,0.163757493917442,0.163757493917442,0.163757493917442,0.163757493917442,0.163757493917442,0.163757493917442,0.163757493917442,0.163757493917442,0.163757493917442,0.163757493917442,0.163757493917442,0.163757493917442,0.163757493917442,0.163757493917442,0.163757493917442,0.163757493917442,0.163757493917442,0.163757493917442,0.163757493917442,0.163757493917442,0.163757493917442,0.163757493917442,0.163757493917442,0.163757493917442,0.163757493917442,0.1622138841335453,0.1622138841335453,0.1622138841335453,0.1622138841335453,0.1622138841335453,0.1622138841335453,0.1622138841335453,0.1622138841335453,0.1622138841335453,0.1622138841335453,0.1622138841335453,0.1622138841335453,0.1622138841335453,0.1622138841335453,0.1622138841335453,0.1622138841335453,0.1622138841335453,0.1622138841335453,0.1622138841335453,0.1622138841335453,0.1622138841335453,0.1622138841335453,0.1622138841335453,0.1622138841335453,0.1622138841335453,0.16070106723854155,0.16070106723854155,0.16070106723854155,0.16070106723854155,0.16070106723854155,0.16070106723854155,0.16070106723854155,0.16070106723854155,0.16070106723854155,0.16070106723854155,0.16070106723854155,0.16070106723854155,0.16070106723854155,0.16070106723854155,0.16070106723854155,0.16070106723854155,0.16070106723854155,0.16070106723854155,0.16070106723854155,0.16070106723854155,0.16070106723854155,0.16070106723854155,0.16070106723854155,0.16070106723854155,0.16070106723854155,0.15921845160740922,0.15921845160740922,0.15921845160740922,0.15921845160740922,0.15921845160740922,0.15921845160740922,0.15921845160740922,0.15921845160740922,0.15921845160740922,0.15921845160740922,0.15921845160740922,0.15921845160740922,0.15921845160740922,0.15921845160740922,0.15921845160740922,0.15921845160740922,0.15921845160740922,0.15921845160740922,0.15921845160740922,0.15921845160740922,0.15921845160740922,0.15921845160740922,0.15921845160740922,0.15921845160740922,0.15921845160740922,0.15776544638491544,0.15776544638491544,0.15776544638491521,0.15776544638491544,0.15776544638491544,0.15776544638491544,0.15776544638491521,0.15776544638491521,0.15776544638491521,0.15776544638491544,0.15776544638491521,0.15776544638491521,0.15776544638491521,0.15776544638491521,0.15776544638491521,0.15776544638491544,0.15776544638491521,0.15776544638491521,0.15776544638491521,0.15776544638491544,0.15776544638491544,0.15776544638491544,0.15776544638491521,0.15776544638491544,0.15776544638491544,0.15634146269993937,0.15634146269993895,0.15634146269993876,0.15634146269993895,0.15634146269993937,0.15634146269993895,0.15634146269993854,0.15634146269993834,0.15634146269993854,0.15634146269993895,0.15634146269993876,0.15634146269993834,0.15634146269993812,0.15634146269993834,0.15634146269993876,0.15634146269993895,0.15634146269993854,0.15634146269993834,0.15634146269993854,0.15634146269993895,0.15634146269993937,0.15634146269993895,0.15634146269993876,0.15634146269993895,0.15634146269993937,0.1549459147525323,0.15494591475253128,0.15494591475253067,0.15494591475253128,0.1549459147525323,0.15494591475253128,0.15494591475253006,0.15494591475252942,0.15494591475253006,0.15494591475253128,0.15494591475253067,0.15494591475252942,0.15494591475252883,0.15494591475252942,0.15494591475253067,0.15494591475253128,0.15494591475253006,0.15494591475252942,0.15494591475253006,0.15494591475253128,0.1549459147525323,0.15494591475253128,0.15494591475253067,0.15494591475253128,0.1549459147525323,0.1535782207834239,0.15357822078342048,0.15357822078341848,0.15357822078342048,0.1535782207834239,0.15357822078342048,0.15357822078341707,0.15357822078341485,0.15357822078341707,0.15357822078342048,0.15357822078341848,0.15357822078341485,0.15357822078341266,0.15357822078341485,0.15357822078341848,0.15357822078342048,0.15357822078341707,0.15357822078341485,0.15357822078341707,0.1535782207834207,0.1535782207834239,0.15357822078342048,0.15357822078341848,0.1535782207834207,0.1535782207834239,0.15223780393512534,0.15223780393511507,0.15223780393510858,0.15223780393511507,0.15223780393512534,0.15223780393511507,0.15223780393510428,0.15223780393509737,0.15223780393510428,0.15223780393511507,0.15223780393510858,0.15223780393509737,0.1522378039350903,0.15223780393509737,0.15223780393510858,0.15223780393511507,0.15223780393510428,0.15223780393509737,0.15223780393510428,0.15223780393511507,0.15223780393512534,0.15223780393511507,0.15223780393510858,0.15223780393511507,0.15223780393512534,0.15092409301324314,0.1509240930132115,0.15092409301319143,0.1509240930132115,0.15092409301324314,0.1509240930132115,0.15092409301317755,0.15092409301315593,0.15092409301317755,0.1509240930132115,0.15092409301319143,0.15092409301315593,0.15092409301313336,0.15092409301315593,0.15092409301319143,0.1509240930132115,0.15092409301317755,0.15092409301315593,0.15092409301317755,0.1509240930132115,0.15092409301324314,0.1509240930132115,0.15092409301319143,0.1509240930132115,0.15092409301324314,0.14963652315608722,0.14963652315599116,0.14963652315592968,0.14963652315599116,0.14963652315608722,0.14963652315599116,0.14963652315588508,0.14963652315581627,0.14963652315588508,0.14963652315599116,0.14963652315592968,0.14963652315581627,0.14963652315574175,0.14963652315581627,0.14963652315592968,0.14963652315599116,0.14963652315588508,0.14963652315581627,0.14963652315588508,0.14963652315599116,0.14963652315608722,0.14963652315599116,0.14963652315592968,0.14963652315599116,0.14963652315608722,0.14837453642016082,0.1483745364198734,0.14837453641968712,0.1483745364198734,0.14837453642016082,0.1483745364198734,0.14837453641954407,0.14837453641932424,0.14837453641954407,0.1483745364198734,0.14837453641968712,0.14837453641932424,0.1483745364190815,0.14837453641932424,0.14837453641968712,0.1483745364198734,0.14837453641954407,0.14837453641932424,0.14837453641954407,0.1483745364198734,0.14837453642016082,0.1483745364198734,0.14837453641968712,0.1483745364198734,0.14837453642016082,0.14713758228866952,0.14713758228782953,0.14713758228727,0.14713758228782953,0.14713758228866952,0.14713758228782953,0.1471375822868166,0.14713758228611504,0.1471375822868166,0.14713758228782953,0.14713758228727,0.14713758228611504,0.14713758228529777,0.14713758228611504,0.14713758228727,0.14713758228782953,0.1471375822868166,0.14713758228611504,0.1471375822868166,0.14713758228782953,0.14713758228866952,0.14713758228782953,0.14713758228727,0.14713758228782953,0.14713758228866952,0.14592511810983735,0.14592511810745612,0.14592511810579745,0.14592511810745612,0.14592511810983735,0.14592511810745612,0.14592511810438202,0.1459251181020946,0.14592511810438202,0.14592511810745612,0.14592511810579745,0.1459251181020946,0.14592511809919592,0.1459251181020946,0.14592511810579745,0.14592511810745612,0.14592511810438202,0.1459251181020946,0.14592511810438202,0.14592511810745612,0.14592511810983735,0.14592511810745612,0.14592511810579745,0.14592511810745612,0.14592511810983735,0.1447366094716651,0.14473660946522615,0.14473660946041905,0.14473660946522615,0.1447366094716651,0.14473660946522615,0.14473660945608655,0.144736609448458,0.14473660945608655,0.14473660946522615,0.14473660946041905,0.144736609448458,0.14473660943735422,0.144736609448458,0.14473660946041905,0.14473660946522615,0.14473660945608655,0.144736609448458,0.14473660945608655,0.14473660946522615,0.1447366094716651,0.14473660946522615,0.14473660946041905,0.14473660946522615,0.1447366094716651,0.14357153051988505,0.1435715305037772,0.1435715304904398,0.1435715305037772,0.14357153051988505,0.1435715305037772,0.14357153047775845,0.14357153045187593,0.14357153047775845,0.1435715305037772,0.1435715304904398,0.14357153045187593,0.14357153040470164,0.14357153045187593,0.1435715304904398,0.1435715305037772,0.14357153047775845,0.14357153045187593,0.14357153047775845,0.1435715305037772,0.14357153051988505,0.1435715305037772,0.1435715304904398,0.1435715305037772,0.14357153051988505,0.14242936422580277,0.14242936419061827,0.14242936415688756,0.14242936419061827,0.14242936422580277,0.14242936419061827,0.1424293641231813,0.1424293640367392,0.1424293641231813,0.14242936419061827,0.14242936415688756,0.1424293640367392,0.14242936381028776,0.1424293640367392,0.14242936415688756,0.14242936419061827,0.1424293641231813,0.1424293640367392,0.1424293641231813,0.14242936419061827,0.14242936422580277,0.14242936419061827,0.14242936415688756,0.14242936419061827,0.14242936422580277,0.1413096026071702,0.14130960254810593,0.14130960247995478,0.14130960254810593,0.1413096026071702,0.14130960254810593,0.1413096024094358,0.14130960215733834,0.1413096024094358,0.14130960254810593,0.14130960247995478,0.14130960215733834,0.1413096009262437,0.14130960215733834,0.14130960247995478,0.14130960254810593,0.1413096024094358,0.14130960215733834,0.1413096024094358,0.14130960254810593,0.1413096026071702,0.14130960254810593,0.14130960247995478,0.14130960254810593,0.1413096026071702,0.14021174688783505,0.14021174683515114,0.14021174677192103,0.14021174683515114,0.14021174688783505,0.14021174683515114,0.14021174670594874,0.14021174646166884,0.14021174670594874,0.14021174683515114,0.14021174677192103,0.14021174646166884,0.14021174524563992,0.14021174646166884,0.14021174677192103,0.14021174683515114,0.14021174670594874,0.14021174646166884,0.14021174670594874,0.14021174683515114,0.14021174688783505,0.14021174683515114,0.14021174677192103,0.14021174683515114,0.14021174688783505,0.1391353075545788,0.13913530754382403,0.13913530753101616,0.13913530754382403,0.1391353075545788,0.13913530754382403,0.13913530751748068,0.13913530747410283,0.13913530751748068,0.13913530754382403,0.13913530753101616,0.13913530747410283,0.13913530733268617,0.13913530747410283,0.13913530753101616,0.13913530754382403,0.13913530751748068,0.13913530747410283,0.13913530751748068,0.13913530754382403,0.1391353075545788,0.13913530754382403,0.13913530753101616,0.13913530754382403,0.1391353075545788,0.1380798044386537,0.13807980447744678,0.13807980451866886,0.13807980447744678,0.1380798044386537,0.13807980447744678,0.1380798045610679,0.13807980468353695,0.1380798045610679,0.13807980447744678,0.13807980451866886,0.13807980468353695,0.13807980504816283,0.13807980468353695,0.13807980451866886,0.13807980447744678,0.1380798045610679,0.13807980468353695,0.1380798045610679,0.13807980447744678,0.1380798044386537,0.13807980447744678,0.13807980451866886,0.13807980447744678,0.1380798044386537,0.13704476683340033,0.13704476691363204,0.1370447670133084,0.13704476691363204,0.13704476683340033,0.13704476691363204,0.1370447671172282,0.1370447675344636,0.1370447671172282,0.13704476691363204,0.1370447670133084,0.1370447675344636,0.13704476987032563,0.1370447675344636,0.1370447670133084,0.13704476691363204,0.1370447671172282,0.1370447675344636,0.1370447671172282,0.13704476691363204,0.13704476683340033,0.13704476691363204,0.1370447670133084,0.13704476691363204,0.13704476683340033,0.1360297335582583,0.13602973361590368,0.1360297336728882,0.13602973361590368,0.1360297335582583,0.13602973361590368,0.13602973373029328,0.1360297338846914,0.13602973373029328,0.13602973361590368,0.1360297336728882,0.1360297338846914,0.13602973431581802,0.1360297338846914,0.1360297336728882,0.13602973361590368,0.13602973373029328,0.1360297338846914,0.13602973373029328,0.13602973361590368,0.1360297335582583,0.13602973361590368,0.1360297336728882,0.13602973361590368,0.1360297335582583,0.1350342530799799,0.1350342531164244,0.13503425314665346,0.1350342531164244,0.1350342530799799,0.1350342531164244,0.1350342531754362,0.13503425323424806,0.1350342531754362,0.1350342531164244,0.13503425314665346,0.13503425323424806,0.13503425334164929,0.13503425323424806,0.13503425314665346,0.1350342531164244,0.1350342531754362,0.13503425323424806,0.1350342531754362,0.1350342531164244,0.1350342530799799,0.1350342531164244,0.13503425314665346,0.1350342531164244,0.1350342530799799
0.16533248763528785,0.16533248763528785,0.16533248763528785,0.16533248763528785,0.16533248763528785,0.16533248763528785,0.16533248763528785,0.16533248763528785,0.16533248763528785,0.16533248763528785,0.16533248763528785,0.16533248763528785,0.16533248763528785,0.16533248763528785,0.16533248763528785,0.16533248763528785,0.16533248763528785,0.16533248763528785,0.16533248763528785,0.16533248763528785,0.16533248763528785,0.16533248763528785,0.16533248763528785,0.16533248763528785,0.16533248763528785,0.1637574939194979,0.1637574939194979,0.1637574939194979,0.1637574939194979,0.16375749391949812,0.1637574939194979,0.1637574939194979,0.1637574939194979,0.16375749391949812,0.16375749391949812,0.1637574939194979,0.1637574939194979,0.1637574939194979,0.1637574939194979,0.1637574939194979,0.1637574939194979,0.16375749391949812,0.1637574939194979,0.1637574939194979,0.1637574939194979,0.16375749391949812,0.16375749391949812,0.1637574939194979,0.1637574939194979,0.1637574939194979,0.16221388413556204,0.16221388413556204,0.16221388413556204,0.16221388413556204,0.16221388413556204,0.16221388413556204,0.16221388413556204,0.16221388413556204,0.16221388413556204,0.16221388413556204,0.16221388413556204,0.16221388413556204,0.16221388413556204,0.16221388413556204,0.16221388413556204,0.16221388413556204,0.16221388413556204,0.16221388413556204,0.16221388413556204,0.16221388413556204,0.16221388413556204,0.16221388413556204,0.16221388413556204,0.16221388413556204,0.16221388413556204,0.16070106724052072,0.16070106724052072,0.16070106724052072,0.16070106724052072,0.16070106724052072,0.16070106724052072,0.16070106724052072,0.16070106724052072,0.16070106724052072,0.16070106724052072,0.16070106724052072,0.16070106724052072,0.16070106724052072,0.16070106724052072,0.16070106724052072,0.16070106724052072,0.16070106724052072,0.16070106724052072,0.16070106724052072,0.16070106724052072,0.16070106724052072,0.16070106724052072,0.16070106724052072,0.16070106724052072,0.16070106724052072,0.15921845160935216,0.15921845160935216,0.15921845160935216,0.15921845160935216,0.15921845160935216,0.15921845160935216,0.15921845160935216,0.15921845160935216,0.15921845160935216,0.15921845160935216,0.15921845160935216,0.15921845160935216,0.15921845160935216,0.15921845160935216,0.15921845160935216,0.15921845160935216,0.15921845160935216,0.15921845160935216,0.15921845160935216,0.15921845160935216,0.15921845160935216,0.15921845160935216,0.15921845160935216,0.15921845160935216,0.15921845160935216,0.1577654463868238,0.1577654463868238,0.1577654463868238,0.1577654463868238,0.1577654463868238,0.1577654463868238,0.1577654463868236,0.1577654463868236,0.1577654463868236,0.1577654463868238,0.1577654463868238,0.1577654463868236,0.1577654463868236,0.1577654463868236,0.1577654463868238,0.1577654463868238,0.1577654463868236,0.1577654463868236,0.1577654463868236,0.1577654463868238,0.1577654463868238,0.1577654463868238,0.1577654463868238,0.1577654463868238,0.1577654463868238,0.15634146270181487,0.15634146270181443,0.15634146270181423,0.15634146270181443,0.15634146270181487,0.15634146270181443,0.156341462701814,0.15634146270181382,0.156341462701814,0.15634146270181443,0.15634146270181423,0.15634146270181382,0.1563414627018136,0.15634146270181382,0.15634146270181423,0.15634146270181443,0.156341462701814,0.15634146270181382,0.156341462701814,0.15634146270181443,0.15634146270181487,0.15634146270181443,0.15634146270181423,0.15634146270181443,0.15634146270181487,0.1549459147543765,0.15494591475437547,0.15494591475437464,0.15494591475437547,0.1549459147543765,0.15494591475437547,0.15494591475437425,0.15494591475437364,0.15494591475437425,0.15494591475437547,0.15494591475437464,0.15494591475437364,0.154945914754373,0.15494591475437364,0.15494591475437464,0.15494591475437547,0.15494591475437425,0.15494591475437364,0.15494591475437425,0.15494591475437547,0.1549459147543765,0.15494591475437547,0.15494591475437464,0.15494591475437547,0.1549459147543765,0.1535782207852383,0.1535782207852349,0.1535782207852329,0.1535782207852349,0.1535782207852383,0.1535782207852349,0.1535782207852315,0.15357822078522929,0.1535782207852315,0.1535782207852349,0.1535782207852329,0.15357822078522929,0.15357822078522726,0.15357822078522929,0.1535782207852329,0.1535782207852349,0.1535782207852315,0.15357822078522929,0.1535782207852315,0.1535782207852349,0.1535782207852383,0.1535782207852349,0.1535782207852329,0.1535782207852349,0.1535782207852383,0.15223780393691144,0.1522378039369012,0.1522378039368947,0.1522378039369012,0.15223780393691144,0.1522378039369012,0.15223780393689038,0.15223780393688366,0.15223780393689038,0.1522378039369012,0.1522378039368947,0.15223780393688366,0.1522378039368766,0.15223780393688366,0.1522378039368947,0.1522378039369012,0.15223780393689038,0.15223780393688366,0.15223780393689038,0.1522378039369012,0.15223780393691144,0.1522378039369012,0.1522378039368947,0.1522378039369012,0.15223780393691144,0.15092409301500218,0.15092409301497076,0.15092409301495086,0.15092409301497076,0.15092409301500218,0.15092409301497076,0.15092409301493714,0.15092409301491572,0.15092409301493714,0.15092409301497076,0.15092409301495086,0.15092409301491572,0.15092409301489318,0.15092409301491572,0.15092409301495086,0.15092409301497076,0.15092409301493714,0.15092409301491572,0.15092409301493714,0.15092409301497076,0.15092409301500218,0.15092409301497076,0.15092409301495086,0.15092409301497076,0.15092409301500218,0.14963652315782017,0.14963652315772466,0.14963652315766396,0.14963652315772466,0.14963652315782017,0.14963652315772466,0.14963652315761974,0.1496365231575515,0.14963652315761974,0.14963652315772466,0.14963652315766396,0.1496365231575515,0.14963652315747755,0.1496365231575515,0.14963652315766396,0.14963652315772466,0.14963652315761974,0.1496365231575515,0.14963652315761974,0.14963652315772466,0.14963652315782017,0.14963652315772466,0.14963652315766396,0.14963652315772466,0.14963652315782017,0.14837453642186732,0.14837453642158213,0.14837453642139734,0.14837453642158213,0.14837453642186732,0.14837453642158213,0.14837453642125537,0.14837453642103726,0.14837453642125537,0.14837453642158213,0.14837453642139734,0.14837453642103726,0.14837453642079615,0.14837453642103726,0.14837453642139734,0.14837453642158213,0.14837453642125537,0.14837453642103726,0.14837453642125537,0.14837453642158213,0.14837453642186732,0.14837453642158213,0.14837453642139734,0.14837453642158213,0.14837453642186732,0.14713758229034637,0.14713758228951257,0.14713758228895707,0.14713758228951257,0.14713758229034637,0.14713758228951257,0.1471375822885073,0.147137582287811,0.1471375822885073,0.14713758228951257,0.14713758228895707,0.147137582287811,0.14713758228699989,0.147137582287811,0.14713758228895707,0.14713758228951257,0.1471375822885073,0.147137582287811,0.1471375822885073,0.14713758228951257,0.14713758229034637,0.14713758228951257,0.14713758228895707,0.14713758228951257,0.14713758229034637,0.14592511811147288,0.14592511810910874,0.14592511810746234,0.14592511810910874,0.14592511811147288,0.14592511810910874,0.1459251181060576,0.14592511810378728,0.1459251181060576,0.14592511810910874,0.14592511810746234,0.14592511810378728,0.1459251181009112,0.14592511810378728,0.14592511810746234,0.14592511810910874,0.1459251181060576,0.14592511810378728,0.1459251181060576,0.14592511810910874,0.14592511811147288,0.14592511810910874,0.14592511810746234,0.14592511810910874,0.14592511811147288,0.14473660947322403,0.14473660946683095,0.14473660946205893,0.14473660946683095,0.14473660947322403,0.14473660946683095,0.14473660945775857,0.14473660945018832,0.14473660945775857,0.14473660946683095,0.14473660946205893,0.14473660945018832,0.1447366094391725,0.14473660945018832,0.14473660946205893,0.14473660946683095,0.14473660945775857,0.14473660945018832,0.14473660945775857,0.14473660946683095,0.14473660947322403,0.14473660946683095,0.14473660946205893,0.14473660946683095,0.14473660947322403,0.14357153052127244,0.14357153050527596,0.14357153049203422,0.14357153050527596,0.14357153052127244,0.14357153050527596,0.14357153047944543,0.1435715304537614,0.14357153047944543,0.14357153050527596,0.14357153049203422,0.1435715304537614,0.14357153040697093,0.1435715304537614,0.14357153049203422,0.14357153050527596,0.14357153047944543,0.1435715304537614,0.14357153047944543,0.14357153050527596,0.14357153052127244,0.14357153050527596,0.14357153049203422,0.14357153050527596,0.14357153052127244,0.14242936422678662,0.14242936419183147,0.14242936415833407,0.14242936419183147,0.14242936422678662,0.14242936419183147,0.14242936412486487,0.14242936403908069,0.14242936412486487,0.14242936419183147,0.14242936415833407,0.14242936403908069,0.14242936381452065,0.14242936403908069,0.14242936415833407,0.14242936419183147,0.14242936412486487,0.14242936403908069,0.14242936412486487,0.14242936419183147,0.14242936422678662,0.14242936419183147,0.14242936415833407,0.14242936419183147,0.14242936422678662,0.14130960260727185,0.14130960254853914,0.14130960248080932,0.14130960254853914,0.14130960260727185,0.14130960254853914,0.14130960241073112,0.14130960216045563,0.14130960241073112,0.14130960254853914,0.14130960248080932,0.14130960216045563,0.14130960093989614,0.14130960216045563,0.14130960248080932,0.14130960254853914,0.14130960241073112,0.14130960216045563,0.14130960241073112,0.14130960254853914,0.14130960260727185,0.14130960254853914,0.14130960248080932,0.14130960254853914,0.14130960260727185,0.14021174688635718,0.14021174683381019,0.14021174677070933,0.14021174683381019,0.14021174688635718,0.14021174683381019,0.1402117467048685,0.14021174646084694,0.1402117467048685,0.14021174683381019,0.14021174677070933,0.14021174646084694,0.14021174524456456,0.14021174646084694,0.14021174677070933,0.14021174683381019,0.1402117467048685,0.14021174646084694,0.1402117467048685,0.14021174683381019,0.14021174688635718,0.14021174683381019,0.14021174677070933,0.14021174683381019,0.14021174688635718,0.13913530755121656,0.13913530754042258,0.1391353075275744,0.13913530754042258,0.13913530755121656,0.13913530754042258,0.13913530751399797,0.1391353074705044,0.13913530751399797,0.13913530754042258,0.1391353075275744,0.1391353074705044,0.13913530732874949,0.1391353074705044,0.1391353075275744,0.13913530754042258,0.13913530751399797,0.1391353074705044,0.13913530751399797,0.13913530754042258,0.13913530755121656,0.13913530754042258,0.1391353075275744,0.13913530754042258,0.13913530755121656,0.13807980443346027,0.13807980447204077,0.13807980451304427,0.13807980447204077,0.13807980443346027,0.13807980447204077,0.13807980455522018,0.1380798046770717,0.13807980455522018,0.13807980447204077,0.13807980451304427,0.1380798046770717,0.13807980503994424,0.1380798046770717,0.13807980451304427,0.13807980447204077,0.13807980455522018,0.1380798046770717,0.13807980455522018,0.13807980447204077,0.13807980443346027,0.13807980447204077,0.13807980451304427,0.13807980447204077,0.13807980443346027,0.13704476682678693,0.13704476690665354,0.13704476700588564,0.13704476690665354,0.13704476682678693,0.13704476690665354,0.13704476710934388,0.13704476752475764,0.13704476710934388,0.13704476690665354,0.13704476700588564,0.13704476752475764,0.13704476985051925,0.13704476752475764,0.13704476700588564,0.13704476690665354,0.13704476710934388,0.13704476752475764,0.13704476710934388,0.13704476690665354,0.13704476682678693,0.13704476690665354,0.13704476700588564,0.13704476690665354,0.13704476682678693,0.13602973355095413,0.13602973360834353,0.13602973366507728,0.13602973360834353,0.13602973355095413,0.13602973360834353,0.1360297337222305,0.136029733875956,0.1360297337222305,0.13602973360834353,0.13602973366507728,0.136029733875956,0.1360297343052166,0.136029733875956,0.13602973366507728,0.13602973360834353,0.1360297337222305,0.136029733875956,0.1360297337222305,0.13602973360834353,0.13602973355095413,0.13602973360834353,0.13602973366507728,0.13602973360834353,0.13602973355095413,0.13503425307249775,0.13503425310878167,0.13503425313887807,0.13503425310878167,0.13503425307249775,0.13503425310878167,0.13503425316753506,0.13503425322609072,0.13503425316753506,0.13503425310878167,0.13503425313887807,0.13503425322609072,0.13503425333302602,0.13503425322609072,0.13503425313887807,0.13503425310878167,0.13503425316753506,0.13503425322609072,0.13503425316753506,0.13503425310878167,0.13503425307249775,0.13503425310878167,0.13503425313887807,0.13503425310878167,0.13503425307249775
0.1653324876374863,0.1653324876374863,0.1653324876374863,0.1653324876374863,0.1653324876374863,0.1653324876374863,0.1653324876374863,0.1653324876374863,0.1653324876374863,0.1653324876374863,0.1653324876374863,0.1653324876374863,0.1653324876374863,0.1653324876374863,0.1653324876374863,0.1653324876374863,0.1653324876374863,0.1653324876374863,0.1653324876374863,0.1653324876374863,0.1653324876374863,0.1653324876374863,0.1653324876374863,0.1653324876374863,0.1653324876374863,0.1637574939216537,0.1637574939216537,0.1637574939216537,0.1637574939216537,0.1637574939216537,0.1637574939216537,0.1637574939216537,0.1637574939216537,0.1637574939216537,0.1637574939216537,0.1637574939216537,0.1637574939216537,0.1637574939216537,0.1637574939216537,0.1637574939216537,0.1637574939216537,0.1637574939216537,0.1637574939216537,0.1637574939216537,0.1637574939216537,0.1637574939216537,0.1637574939216537,0.1637574939216537,0.1637574939216537,0.1637574939216537,0.16221388413767648,0.16221388413767648,0.16221388413767648,0.16221388413767648,0.16221388413767648,0.16221388413767648,0.16221388413767648,0.16221388413767648,0.16221388413767648,0.16221388413767648,0.16221388413767648,0.16221388413767648,0.16221388413767648,0.16221388413767648,0.16221388413767648,0.16221388413767648,0.16221388413767648,0.16221388413767648,0.16221388413767648,0.16221388413767648,0.16221388413767648,0.16221388413767648,0.16221388413767648,0.16221388413767648,0.16221388413767648,0.16070106724259542,0.16070106724259542,0.16070106724259542,0.16070106724259542,0.16070106724259542,0.16070106724259542,0.16070106724259542,0.16070106724259542,0.16070106724259542,0.16070106724259542,0.16070106724259542,0.16070106724259542,0.16070106724259542,0.16070106724259542,0.16070106724259542,0.16070106724259542,0.16070106724259542,0.16070106724259542,0.16070106724259542,0.16070106724259542,0.16070106724259542,0.16070106724259542,0.16070106724259542,0.16070106724259542,0.16070106724259542,0.15921845161138887,0.15921845161138887,0.15921845161138887,0.15921845161138887,0.15921845161138887,0.15921845161138887,0.15921845161138887,0.15921845161138887,0.15921845161138887,0.15921845161138887,0.15921845161138887,0.15921845161138887,0.15921845161138887,0.15921845161138887,0.15921845161138887,0.15921845161138887,0.15921845161138887,0.15921845161138887,0.15921845161138887,0.15921845161138887,0.15921845161138887,0.15921845161138887,0.15921845161138887,0.15921845161138887,0.15921845161138887,0.15776544638882412,0.15776544638882412,0.15776544638882392,0.15776544638882412,0.15776544638882412,0.15776544638882412,0.15776544638882392,0.15776544638882392,0.15776544638882392,0.15776544638882412,0.15776544638882392,0.15776544638882392,0.15776544638882392,0.15776544638882392,0.15776544638882392,0.15776544638882412,0.15776544638882392,0.15776544638882392,0.15776544638882392,0.15776544638882412,0.15776544638882412,0.15776544638882412,0.15776544638882392,0.15776544638882412,0.15776544638882412,0.15634146270378024,0.15634146270378005,0.15634146270377983,0.15634146270378005,0.15634146270378024,0.15634146270378005,0.15634146270377963,0.1563414627037794,0.15634146270377963,0.15634146270378005,0.15634146270377983,0.1563414627037794,0.15634146270377922,0.1563414627037794,0.15634146270377983,0.15634146270378005,0.15634146270377963,0.1563414627037794,0.15634146270377963,0.15634146270378005,0.15634146270378024,0.15634146270378005,0.15634146270377983,0.15634146270378005,0.15634146270378024,0.1549459147563088,0.15494591475630778,0.15494591475630715,0.15494591475630778,0.1549459147563088,0.15494591475630778,0.15494591475630654,0.15494591475630592,0.15494591475630654,0.15494591475630778,0.15494591475630715,0.15494591475630592,0.15494591475630531,0.15494591475630592,0.15494591475630715,0.15494591475630778,0.15494591475630654,0.15494591475630592,0.15494591475630654,0.15494591475630778,0.1549459147563088,0.15494591475630778,0.15494591475630715,0.15494591475630778,0.1549459147563088,0.1535782207871391,0.1535782207871357,0.15357822078713368,0.1535782207871357,0.1535782207871391,0.1535782207871357,0.1535782207871323,0.15357822078713027,0.1535782207871323,0.1535782207871357,0.15357822078713368,0.15357822078713027,0.15357822078712807,0.15357822078713027,0.15357822078713368,0.1535782207871357,0.1535782207871323,0.15357822078713027,0.1535782207871323,0.1535782207871357,0.1535782207871391,0.1535782207871357,0.15357822078713368,0.1535782207871357,0.1535782207871391,0.152237803938782,0.15223780393877195,0.15223780393876546,0.15223780393877195,0.152237803938782,0.15223780393877195,0.15223780393876116,0.15223780393875444,0.15223780393876116,0.15223780393877195,0.15223780393876546,0.15223780393875444,0.15223780393874756,0.15223780393875444,0.15223780393876546,0.15223780393877195,0.15223780393876116,0.15223780393875444,0.15223780393876116,0.15223780393877195,0.152237803938782,0.15223780393877195,0.15223780393876546,0.15223780393877195,0.152237803938782,0.15092409301684417,0.15092409301681292,0.15092409301679324,0.15092409301681292,0.15092409301684417,0.15092409301681292,0.15092409301677953,0.15092409301675833,0.15092409301677953,0.15092409301681292,0.15092409301679324,0.15092409301675833,0.15092409301673612,0.15092409301675833,0.15092409301679324,0.15092409301681292,0.15092409301677953,0.15092409301675833,0.15092409301677953,0.15092409301681292,0.15092409301684417,0.15092409301681292,0.15092409301679324,0.15092409301681292,0.15092409301684417,0.14963652315963424,0.14963652315953951,0.1496365231594792,0.14963652315953951,0.14963652315963424,0.14963652315953951,0.14963652315943535,0.14963652315936782,0.14963652315943535,0.14963652315953951,0.1496365231594792,0.14963652315936782,0.14963652315929465,0.14963652315936782,0.1496365231594792,0.14963652315953951,0.14963652315943535,0.14963652315936782,0.14963652315943535,0.14963652315953951,0.14963652315963424,0.14963652315953951,0.1496365231594792,0.14963652315953951,0.14963652315963424,0.14837453642365336,0.14837453642337037,0.14837453642318688,0.14837453642337037,0.14837453642365336,0.14837453642337037,0.1483745364230462,0.14837453642282977,0.1483745364230462,0.14837453642337037,0.14837453642318688,0.14837453642282977,0.14837453642259069,0.14837453642282977,0.14837453642318688,0.14837453642337037,0.1483745364230462,0.14837453642282977,0.1483745364230462,0.14837453642337037,0.14837453642365336,0.14837453642337037,0.14837453642318688,0.14837453642337037,0.14837453642365336,0.14713758229210064,0.14713758229127322,0.14713758229072224,0.14713758229127322,0.14713758229210064,0.14713758229127322,0.1471375822902759,0.14713758228958504,0.1471375822902759,0.14713758229127322,0.14713758229072224,0.14713758228958504,0.14713758228878068,0.14713758228958504,0.14713758229072224,0.14713758229127322,0.1471375822902759,0.14713758228958504,0.1471375822902759,0.14713758229127322,0.14713758229210064,0.14713758229127322,0.14713758229072224,0.14713758229127322,0.14713758229210064,0.14592511811318304,0.14592511811083703,0.14592511810920347,0.14592511811083703,0.14592511811318304,0.14592511811083703,0.14592511810780975,0.14592511810555778,0.14592511810780975,0.14592511811083703,0.14592511810920347,0.14592511810555778,0.1459251181027052,0.14592511810555778,0.14592511810920347,0.14592511811083703,0.14592511810780975,0.14592511810555778,0.14592511810780975,0.14592511811083703,0.14592511811318304,0.14592511811083703,0.14592511810920347,0.14592511811083703,0.14592511811318304,0.14473660947485328,0.14473660946850822,0.144736609463773,0.14473660946850822,0.14473660947485328,0.14473660946850822,0.1447366094595063,0.1447366094519972,0.1447366094595063,0.14473660946850822,0.144736609463773,0.1447366094519972,0.14473660944107405,0.1447366094519972,0.144736609463773,0.14473660946850822,0.1447366094595063,0.1447366094519972,0.1447366094595063,0.14473660946850822,0.14473660947485328,0.14473660946850822,0.144736609463773,0.14473660946850822,0.14473660947485328,0.14357153052272112,0.14357153050684113,0.1435715304937002,0.14357153050684113,0.14357153052272112,0.14357153050684113,0.14357153048120844,0.14357153045573262,0.14357153048120844,0.14357153050684113,0.1435715304937002,0.14357153045573262,0.14357153040934528,0.14357153045573262,0.1435715304937002,0.14357153050684113,0.14357153048120844,0.14357153045573262,0.14357153048120844,0.14357153050684113,0.14357153052272112,0.14357153050684113,0.1435715304937002,0.14357153050684113,0.14357153052272092,0.14242936422781144,0.14242936419309632,0.142429364159844,0.14242936419309632,0.14242936422781144,0.14242936419309632,0.14242936412662358,0.14242936404152967,0.14242936412662358,0.14242936419309632,0.142429364159844,0.14242936404152967,0.14242936381895668,0.14242936404152967,0.142429364159844,0.14242936419309632,0.14242936412662358,0.14242936404152967,0.14242936412662358,0.14242936419309632,0.14242936422781144,0.14242936419309632,0.142429364159844,0.14242936419309632,0.14242936422781144,0.14130960260737085,0.14130960254898517,0.14130960248169694,0.14130960254898517,0.14130960260737085,0.14130960254898517,0.14130960241208057,0.1413096021637165,0.14130960241208057,0.14130960254898517,0.14130960248169694,0.1413096021637165,0.1413096009542101,0.1413096021637165,0.14130960248169694,0.14130960254898517,0.14130960241208057,0.1413096021637165,0.14130960241208057,0.14130960254898517,0.14130960260737085,0.14130960254898517,0.14130960248169694,0.14130960254898517,0.14130960260737085,0.14021174688480093,0.14021174683239518,0.1402117467694269,0.14021174683239518,0.14021174688480093,0.14021174683239518,0.1402117467037207,0.14021174645995585,0.1402117467037207,0.14021174683239518,0.1402117467694269,0.14021174645995585,0.14021174524327548,0.14021174645995585,0.1402117467694269,0.14021174683239518,0.1402117467037207,0.14021174645995585,0.1402117467037207,0.14021174683239518,0.14021174688480093,0.14021174683239518,0.1402117467694269,0.14021174683239518,0.14021174688480093,0.13913530754768985,0.1391353075368538,0.13913530752396233,0.1391353075368538,0.13913530754768985,0.1391353075368538,0.13913530751034148,0.1391353074667222,0.13913530751034148,0.1391353075368538,0.13913530752396233,0.1391353074667222,0.13913530732459953,0.1391353074667222,0.13913530752396233,0.1391353075368538,0.13913530751034148,0.1391353074667222,0.13913530751034148,0.1391353075368538,0.13913530754768985,0.1391353075368538,0.13913530752396233,0.1391353075368538,0.13913530754768985,0.1380798044280219,0.13807980446638005,0.138079804507155,0.13807980446638005,0.1380798044280219,0.13807980446638005,0.13807980454909743,0.1380798046703037,0.13807980454909743,0.13807980446638005,0.138079804507155,0.1380798046703037,0.13807980503134504,0.1380798046703037,0.138079804507155,0.13807980446638005,0.13807980454909743,0.1380798046703037,0.13807980454909743,0.13807980446638005,0.1380798044280219,0.13807980446638005,0.138079804507155,0.13807980446638005,0.1380798044280219,0.13704476681986666,0.13704476689935255,0.13704476699812096,0.13704476689935255,0.13704476681986666,0.13704476689935255,0.1370447671010978,0.13704476751461173,0.1370447671010978,0.13704476689935255,0.13704476699812096,0.13704476751461173,0.13704476982984393,0.13704476751461173,0.13704476699812096,0.13704476689935255,0.1370447671010978,0.13704476751461173,0.1370447671010978,0.13704476689935255,0.13704476681986666,0.13704476689935255,0.13704476699812096,0.13704476689935255,0.13704476681986666,0.13602973354331363,0.13602973360043596,0.13602973365690807,0.13602973360043596,0.13602973354331363,0.13602973360043596,0.13602973371379853,0.13602973386682266,0.13602973371379853,0.13602973360043596,0.13602973365690807,0.13602973386682266,0.13602973429413723,0.13602973386682266,0.13602973365690807,0.13602973360043596,0.13602973371379853,0.13602973386682266,0.13602973371379853,0.13602973360043596,0.13602973354331363,0.13602973360043596,0.13602973365690807,0.13602973360043596,0.13602973354331363,0.13503425306467176,0.13503425310078823,0.13503425313074646,0.13503425310078823,0.13503425306467176,0.13503425310078823,0.13503425315927198,0.13503425321756046,0.13503425315927198,0.13503425310078823,0.13503425313074646,0.13503425321756046,0.1350342533240098,0.13503425321756046,0.13503425313074646,0.13503425310078823,0.13503425315927198,0.13503425321756046,0.13503425315927198,0.13503425310078823,0.13503425306467176,0.13503425310078823,0.13503425313074646,0.13503425310078823,0.13503425306467176
0.16533248763978503,0.16533248763978503,0.16533248763978503,0.16533248763978503,0.16533248763978503,0.16533248763978503,0.16533248763978503,0.16533248763978503,0.16533248763978503,0.16533248763978503,0.16533248763978503,0.16533248763978503,0.16533248763978503,0.16533248763978503,0.16533248763978503,0.16533248763978503,0.16533248763978503,0.16533248763978503,0.16533248763978503,0.16533248763978503,0.16533248763978503,0.16533248763978503,0.16533248763978503,0.16533248763978503,0.16533248763978503,0.16375749392390762,0.16375749392390762,0.16375749392390762,0.16375749392390762,0.16375749392390762,0.16375749392390762,0.16375749392390762,0.16375749392390762,0.16375749392390762,0.16375749392390762,0.16375749392390762,0.16375749392390762,0.16375749392390762,0.16375749392390762,0.16375749392390762,0.16375749392390762,0.16375749392390762,0.16375749392390762,0.16375749392390762,0.16375749392390762,0.16375749392390762,0.16375749392390762,0.16375749392390762,0.16375749392390762,0.16375749392390762,0.16221388413988724,0.16221388413988724,0.16221388413988724,0.16221388413988724,0.16221388413988724,0.16221388413988724,0.16221388413988724,0.16221388413988724,0.16221388413988724,0.16221388413988724,0.16221388413988724,0.16221388413988724,0.16221388413988724,0.16221388413988724,0.16221388413988724,0.16221388413988724,0.16221388413988724,0.16221388413988724,0.16221388413988724,0.16221388413988724,0.16221388413988724,0.16221388413988724,0.16221388413988724,0.16221388413988724,0.16221388413988724,0.16070106724476452,0.16070106724476452,0.16070106724476452,0.16070106724476452,0.16070106724476452,0.16070106724476452,0.16070106724476452,0.16070106724476452,0.16070106724476452,0.16070106724476452,0.16070106724476452,0.16070106724476452,0.16070106724476452,0.16070106724476452,0.16070106724476452,0.16070106724476452,0.16070106724476452,0.16070106724476452,0.16070106724476452,0.16070106724476452,0.16070106724476452,0.16070106724476452,0.16070106724476452,0.16070106724476452,0.16070106724476452,0.15921845161351816,0.15921845161351816,0.15921845161351816,0.15921845161351816,0.15921845161351816,0.15921845161351816,0.15921845161351794,0.15921845161351794,0.15921845161351794,0.15921845161351816,0.15921845161351816,0.15921845161351794,0.15921845161351794,0.15921845161351794,0.15921845161351816,0.15921845161351816,0.15921845161351794,0.15921845161351794,0.15921845161351794,0.15921845161351816,0.15921845161351816,0.15921845161351816,0.15921845161351816,0.15921845161351816,0.15921845161351816,0.15776544639091514,0.15776544639091494,0.15776544639091494,0.15776544639091494,0.15776544639091514,0.15776544639091494,0.15776544639091494,0.15776544639091472,0.15776544639091494,0.15776544639091494,0.15776544639091494,0.15776544639091472,0.15776544639091472,0.15776544639091472,0.15776544639091494,0.15776544639091494,0.15776544639091494,0.15776544639091472,0.15776544639091494,0.15776544639091494,0.15776544639091514,0.15776544639091494,0.15776544639091494,0.15776544639091494,0.15776544639091514,0.15634146270583452,0.1563414627058341,0.15634146270583388,0.1563414627058341,0.15634146270583452,0.1563414627058341,0.15634146270583388,0.15634146270583368,0.15634146270583388,0.1563414627058341,0.15634146270583388,0.15634146270583368,0.15634146270583346,0.15634146270583368,0.15634146270583388,0.1563414627058341,0.15634146270583388,0.15634146270583368,0.15634146270583388,0.1563414627058341,0.15634146270583452,0.1563414627058341,0.15634146270583388,0.1563414627058341,0.15634146270583452,0.154945914758328,0.15494591475832695,0.15494591475832636,0.15494591475832695,0.154945914758328,0.15494591475832695,0.15494591475832592,0.15494591475832512,0.15494591475832592,0.15494591475832695,0.15494591475832636,0.15494591475832512,0.1549459147583245,0.15494591475832512,0.15494591475832636,0.15494591475832695,0.15494591475832592,0.15494591475832512,0.15494591475832592,0.15494591475832695,0.154945914758328,0.15494591475832695,0.15494591475832636,0.15494591475832695,0.154945914758328,0.15357822078912484,0.15357822078912162,0.1535782207891194,0.15357822078912162,0.15357822078912484,0.15357822078912162,0.1535782207891182,0.153578220789116,0.1535782207891182,0.15357822078912162,0.1535782207891194,0.153578220789116,0.15357822078911398,0.153578220789116,0.1535782207891194,0.15357822078912162,0.1535782207891182,0.153578220789116,0.1535782207891182,0.15357822078912162,0.15357822078912484,0.15357822078912162,0.1535782207891194,0.15357822078912162,0.15357822078912484,0.15223780394073605,0.15223780394072578,0.15223780394071948,0.15223780394072578,0.15223780394073605,0.15223780394072578,0.15223780394071537,0.15223780394070868,0.15223780394071537,0.15223780394072578,0.15223780394071948,0.15223780394070868,0.15223780394070177,0.15223780394070868,0.15223780394071948,0.15223780394072578,0.15223780394071537,0.15223780394070868,0.15223780394071537,0.15223780394072578,0.15223780394073605,0.15223780394072578,0.15223780394071948,0.15223780394072578,0.15223780394073605,0.15092409301876739,0.15092409301873652,0.15092409301871704,0.15092409301873652,0.15092409301876739,0.15092409301873652,0.15092409301870355,0.15092409301868248,0.15092409301870355,0.15092409301873652,0.15092409301871704,0.15092409301868248,0.1509240930186605,0.15092409301868248,0.15092409301871704,0.15092409301873652,0.15092409301870355,0.15092409301868248,0.15092409301870355,0.15092409301873652,0.15092409301876739,0.15092409301873652,0.15092409301871704,0.15092409301873652,0.15092409301876739,0.14963652316152792,0.14963652316143414,0.14963652316137419,0.14963652316143414,0.14963652316152792,0.14963652316143414,0.1496365231613309,0.14963652316126397,0.1496365231613309,0.14963652316143414,0.14963652316137419,0.14963652316126397,0.14963652316119136,0.14963652316126397,0.14963652316137419,0.14963652316143414,0.1496365231613309,0.14963652316126397,0.1496365231613309,0.14963652316143414,0.14963652316152792,0.14963652316143414,0.14963652316137419,0.14963652316143414,0.14963652316152792,0.14837453642551707,0.1483745364252363,0.14837453642505447,0.1483745364252363,0.14837453642551707,0.1483745364252363,0.1483745364249151,0.14837453642470028,0.1483745364249151,0.1483745364252363,0.14837453642505447,0.14837453642470028,0.14837453642446327,0.14837453642470028,0.14837453642505447,0.1483745364252363,0.1483745364249151,0.14837453642470028,0.1483745364249151,0.1483745364252363,0.14837453642551707,0.1483745364252363,0.14837453642505447,0.1483745364252363,0.14837453642551707,0.14713758229393045,0.14713758229310994,0.1471375822925635,0.14713758229310994,0.14713758229393045,0.14713758229310994,0.14713758229212098,0.14713758229143595,0.14713758229212098,0.14713758229310994,0.1471375822925635,0.14713758229143595,0.1471375822906383,0.14713758229143595,0.1471375822925635,0.14713758229310994,0.14713758229212098,0.14713758229143595,0.14713758229212098,0.14713758229310994,0.14713758229393045,0.14713758229310994,0.1471375822925635,0.14713758229310994,0.14713758229393045,0.14592511811496633,0.1459251181126392,0.14592511811101902,0.1459251181126392,0.14592511811496633,0.1459251181126392,0.14592511810963688,0.14592511810740394,0.14592511810963688,0.1459251181126392,0.14592511811101902,0.14592511810740394,0.14592511810457628,0.14592511810740394,0.14592511811101902,0.1459251181126392,0.14592511810963688,0.14592511810740394,0.14592511810963688,0.1459251181126392,0.14592511811496633,0.1459251181126392,0.14592511811101902,0.1459251181126392,0.14592511811496633,0.1447366094765513,0.14473660947025652,0.14473660946555972,0.14473660947025652,0.1447366094765513,0.14473660947025652,0.14473660946132844,0.14473660945388336,0.14473660946132844,0.14473660947025652,0.14473660946555972,0.14473660945388336,0.1447366094430569,0.14473660945388336,0.14473660946555972,0.14473660947025652,0.14473660946132844,0.14473660945388336,0.14473660946132844,0.14473660947025652,0.1447366094765513,0.14473660947025652,0.14473660946555972,0.14473660947025652,0.1447366094765513,0.14357153052422944,0.14357153050847185,0.14357153049543578,0.14357153050847185,0.14357153052422944,0.14357153050847185,0.14357153048304583,0.14357153045778787,0.14357153048304583,0.14357153050847185,0.14357153049543578,0.14357153045778787,0.14357153041182283,0.14357153045778787,0.14357153049543578,0.14357153050847185,0.14357153048304583,0.14357153045778787,0.14357153048304583,0.14357153050847185,0.14357153052422944,0.14357153050847185,0.14357153049543578,0.14357153050847185,0.14357153052422944,0.14242936422887598,0.142429364194412,0.1424293641614157,0.142429364194412,0.14242936422887598,0.142429364194412,0.14242936412845542,0.14242936404408424,0.14242936412845542,0.142429364194412,0.1424293641614157,0.14242936404408424,0.14242936382359214,0.14242936404408424,0.1424293641614157,0.142429364194412,0.14242936412845542,0.14242936404408424,0.14242936412845542,0.142429364194412,0.14242936422887598,0.142429364194412,0.1424293641614157,0.142429364194412,0.14242936422887598,0.14130960260746708,0.14130960254944352,0.14130960248261648,0.14130960254944352,0.14130960260746708,0.14130960254944352,0.1413096024134828,0.14130960216711833,0.1413096024134828,0.14130960254944352,0.14130960248261648,0.14130960216711833,0.14130960096918058,0.14130960216711833,0.14130960248261648,0.14130960254944352,0.1413096024134828,0.14130960216711833,0.1413096024134828,0.14130960254944352,0.14130960260746708,0.14130960254944352,0.14130960248261648,0.14130960254944352,0.14130960260746708,0.14021174688316726,0.14021174683090715,0.14021174676807463,0.14021174683090715,0.14021174688316726,0.14021174683090715,0.1402117467025063,0.14021174645899656,0.1402117467025063,0.14021174683090715,0.14021174676807463,0.14021174645899656,0.1402117452418608,0.14021174645899656,0.14021174676807463,0.14021174683090715,0.1402117467025063,0.14021174645899656,0.1402117467025063,0.14021174683090715,0.14021174688316726,0.14021174683090715,0.14021174676807463,0.14021174683090715,0.14021174688316726,0.1391353075440014,0.13913530753312034,0.13913530752018202,0.13913530753312034,0.1391353075440014,0.13913530753312034,0.13913530750651357,0.13913530746275912,0.13913530750651357,0.13913530753312034,0.13913530752018202,0.13913530746275912,0.13913530732023974,0.13913530746275912,0.13913530752018202,0.13913530753312034,0.13913530750651357,0.13913530746275912,0.13913530750651357,0.13913530753312034,0.1391353075440014,0.13913530753312034,0.13913530752018202,0.13913530753312034,0.1391353075440014,0.13807980442234194,0.1380798044604682,0.13807980450100482,0.1380798044604682,0.13807980442234194,0.1380798044604682,0.138079804542704,0.13807980466323738,0.138079804542704,0.1380798044604682,0.13807980450100482,0.13807980466323738,0.13807980502237077,0.13807980466323738,0.13807980450100482,0.1380798044604682,0.138079804542704,0.13807980466323738,0.138079804542704,0.1380798044604682,0.13807980442234194,0.1380798044604682,0.13807980450100482,0.1380798044604682,0.13807980442234194,0.13704476681264446,0.13704476689173387,0.13704476699001983,0.13704476689173387,0.13704476681264446,0.13704476689173387,0.1370447670924957,0.1370447675040326,0.1370447670924957,0.13704476689173387,0.13704476699001983,0.1370447675040326,0.1370447698083216,0.1370447675040326,0.13704476699001983,0.13704476689173387,0.1370447670924957,0.1370447675040326,0.1370447670924957,0.13704476689173387,0.13704476681264446,0.13704476689173387,0.13704476699001983,0.13704476689173387,0.13704476681264446,0.13602973353534195,0.13602973359218637,0.13602973364838616,0.13602973359218637,0.13602973353534195,0.13602973359218637,0.13602973370500335,0.1360297338572974,0.13602973370500335,0.13602973359218637,0.13602973364838616,0.1360297338572974,0.1360297342825876,0.1360297338572974,0.13602973364838616,0.13602973359218637,0.13602973370500335,0.1360297338572974,0.13602973370500335,0.13602973359218637,0.13602973353534195,0.13602973359218637,0.13602973364838616,0.13602973359218637,0.13602973353534195,0.13503425305650738,0.13503425309244954,0.13503425312226386,0.13503425309244954,0.13503425305650738,0.13503425309244954,0.1350342531506528,0.13503425320866314,0.1350342531506528,0.13503425309244954,0.13503425312226386,0.13503425320866314,0.13503425331460708,0.13503425320866314,0.13503425312226386,0.13503425309244954,0.1350342531506528,0.13503425320866314,0.1350342531506528,0.13503425309244954,0.13503425305650738,0.13503425309244954,0.13503425312226386,0.13503425309244954,0.13503425305650738
0.16533248764218292,0.16533248764218292,0.16533248764218292,0.16533248764218292,0.16533248764218292,0.16533248764218292,0.16533248764218292,0.16533248764218292,0.16533248764218292,0.16533248764218292,0.16533248764218292,0.16533248764218292,0.16533248764218292,0.16533248764218292,0.16533248764218292,0.16533248764218292,0.16533248764218292,0.16533248764218292,0.16533248764218292,0.16533248764218292,0.16533248764218292,0.16533248764218292,0.16533248764218292,0.16533248764218292,0.16533248764218292,0.16375749392625866,0.16375749392625866,0.16375749392625866,0.16375749392625866,0.16375749392625866,0.16375749392625866,0.16375749392625866,0.16375749392625866,0.16375749392625866,0.16375749392625866,0.16375749392625866,0.16375749392625866,0.16375749392625866,0.16375749392625866,0.16375749392625866,0.16375749392625866,0.16375749392625866,0.16375749392625866,0.16375749392625866,0.16375749392625866,0.16375749392625866,0.16375749392625866,0.16375749392625866,0.16375749392625866,0.16375749392625866,0.162213884142193,0.162213884142193,0.162213884142193,0.162213884142193,0.162213884142193,0.162213884142193,0.162213884142193,0.162213884142193,0.162213884142193,0.162213884142193,0.162213884142193,0.162213884142193,0.162213884142193,0.162213884142193,0.162213884142193,0.162213884142193,0.162213884142193,0.162213884142193,0.162213884142193,0.162213884142193,0.162213884142193,0.162213884142193,0.162213884142193,0.162213884142193,0.162213884142193,0.16070106724702693,0.16070106724702693,0.16070106724702693,0.16070106724702693,0.16070106724702693,0.16070106724702693,0.1607010672470267,0.1607010672470267,0.1607010672470267,0.16070106724702693,0.16070106724702693,0.1607010672470267,0.1607010672470267,0.1607010672470267,0.1607010672470267,0.16070106724702693,0.1607010672470267,0.1607010672470267,0.1607010672470267,0.16070106724702693,0.16070106724702693,0.16070106724702693,0.1607010672470267,0.16070106724702693,0.16070106724702693,0.15921845161573842,0.15921845161573842,0.15921845161573842,0.15921845161573842,0.15921845161573842,0.15921845161573842,0.15921845161573842,0.15921845161573842,0.15921845161573842,0.15921845161573842,0.15921845161573842,0.15921845161573842,0.15921845161573842,0.15921845161573842,0.15921845161573842,0.15921845161573842,0.15921845161573842,0.15921845161573842,0.15921845161573842,0.15921845161573842,0.15921845161573842,0.15921845161573842,0.15921845161573842,0.15921845161573842,0.15921845161573842,0.15776544639309534,0.15776544639309512,0.15776544639309512,0.15776544639309512,0.15776544639309534,0.15776544639309512,0.15776544639309512,0.15776544639309492,0.15776544639309512,0.15776544639309512,0.15776544639309512,0.15776544639309492,0.15776544639309492,0.15776544639309492,0.15776544639309512,0.15776544639309512,0.15776544639309512,0.15776544639309492,0.15776544639309512,0.15776544639309512,0.15776544639309534,0.15776544639309512,0.15776544639309512,0.15776544639309512,0.15776544639309534,0.1563414627079762,0.1563414627079758,0.15634146270797555,0.1563414627079758,0.1563414627079762,0.1563414627079758,0.15634146270797555,0.15634146270797533,0.15634146270797555,0.1563414627079758,0.15634146270797555,0.15634146270797533,0.15634146270797514,0.15634146270797533,0.15634146270797555,0.1563414627079758,0.15634146270797555,0.15634146270797533,0.15634146270797555,0.1563414627079758,0.1563414627079762,0.1563414627079758,0.15634146270797555,0.1563414627079758,0.1563414627079762,0.15494591476043285,0.15494591476043185,0.154945914760431,0.15494591476043185,0.15494591476043285,0.15494591476043185,0.1549459147604306,0.15494591476042996,0.1549459147604306,0.15494591476043185,0.154945914760431,0.15494591476042996,0.15494591476042935,0.15494591476042996,0.154945914760431,0.15494591476043185,0.1549459147604306,0.15494591476042996,0.1549459147604306,0.15494591476043185,0.15494591476043285,0.15494591476043185,0.154945914760431,0.15494591476043185,0.15494591476043285,0.15357822079119432,0.1535782207911911,0.1535782207911891,0.1535782207911911,0.15357822079119432,0.1535782207911911,0.1535782207911877,0.1535782207911857,0.1535782207911877,0.1535782207911911,0.1535782207911891,0.1535782207911857,0.15357822079118347,0.1535782207911857,0.1535782207911891,0.1535782207911911,0.1535782207911877,0.1535782207911857,0.1535782207911877,0.1535782207911911,0.15357822079119432,0.1535782207911911,0.1535782207911891,0.1535782207911911,0.15357822079119432,0.15223780394277175,0.1522378039427617,0.1522378039427556,0.1522378039427617,0.15223780394277175,0.1522378039427617,0.15223780394275127,0.15223780394274478,0.15223780394275127,0.1522378039427617,0.1522378039427556,0.15223780394274478,0.1522378039427379,0.15223780394274478,0.1522378039427556,0.1522378039427617,0.15223780394275127,0.15223780394274478,0.15223780394275127,0.1522378039427617,0.15223780394277175,0.1522378039427617,0.1522378039427556,0.1522378039427617,0.15223780394277175,0.15092409302077087,0.1509240930207402,0.15092409302072088,0.1509240930207402,0.15092409302077087,0.1509240930207402,0.15092409302070758,0.15092409302068674,0.15092409302070758,0.1509240930207402,0.15092409302072088,0.15092409302068674,0.15092409302066495,0.15092409302068674,0.15092409302072088,0.1509240930207402,0.15092409302070758,0.15092409302068674,0.15092409302070758,0.1509240930207402,0.15092409302077087,0.1509240930207402,0.15092409302072088,0.1509240930207402,0.15092409302077087,0.14963652316349987,0.14963652316340684,0.14963652316334763,0.14963652316340684,0.14963652316349987,0.14963652316340684,0.14963652316330472,0.1496365231632384,0.14963652316330472,0.14963652316340684,0.14963652316334763,0.1496365231632384,0.1496365231631667,0.1496365231632384,0.14963652316334763,0.14963652316340684,0.14963652316330472,0.1496365231632384,0.14963652316330472,0.14963652316340684,0.14963652316349987,0.14963652316340684,0.14963652316334763,0.14963652316340684,0.14963652316349987,0.14837453642745707,0.14837453642717893,0.14837453642699855,0.14837453642717893,0.14837453642745707,0.14837453642717893,0.1483745364268607,0.14837453642664775,0.1483745364268607,0.14837453642717893,0.14837453642699855,0.14837453642664775,0.14837453642641274,0.14837453642664775,0.14837453642699855,0.14837453642717893,0.1483745364268607,0.14837453642664775,0.1483745364268607,0.14837453642717893,0.14837453642745707,0.14837453642717893,0.14837453642699855,0.14837453642717893,0.14837453642745707,0.14713758229583498,0.1471375822950215,0.14713758229447962,0.1471375822950215,0.14713758229583498,0.1471375822950215,0.1471375822940411,0.14713758229336207,0.1471375822940411,0.1471375822950215,0.14713758229447962,0.14713758229336207,0.14713758229257168,0.14713758229336207,0.14713758229447962,0.1471375822950215,0.1471375822940411,0.14713758229336207,0.1471375822940411,0.1471375822950215,0.14713758229583498,0.1471375822950215,0.14713758229447962,0.1471375822950215,0.14713758229583498,0.1459251181168214,0.14592511811451422,0.14592511811290793,0.14592511811451422,0.1459251181168214,0.14592511811451422,0.14592511811153788,0.1459251181093249,0.14592511811153788,0.14592511811451422,0.14592511811290793,0.1459251181093249,0.14592511810652306,0.1459251181093249,0.14592511811290793,0.14592511811451422,0.14592511811153788,0.1459251181093249,0.14592511811153788,0.14592511811451422,0.1459251181168214,0.14592511811451422,0.14592511811290793,0.14592511811451422,0.1459251181168214,0.14473660947831687,0.14473660947207462,0.14473660946741815,0.14473660947207462,0.14473660947831687,0.14473660947207462,0.14473660946322353,0.14473660945584516,0.14473660946322353,0.14473660947207462,0.14473660946741815,0.14473660945584516,0.14473660944511993,0.14473660945584516,0.14473660946741815,0.14473660947207462,0.14473660946322353,0.14473660945584516,0.14473660946322353,0.14473660947207462,0.14473660947831687,0.14473660947207462,0.14473660946741815,0.14473660947207462,0.14473660947831687,0.14357153052579685,0.14357153051016655,0.14357153049724017,0.14357153051016655,0.14357153052579685,0.14357153051016655,0.14357153048495633,0.14357153045992574,0.14357153048495633,0.14357153051016655,0.14357153049724017,0.14357153045992574,0.14357153041440165,0.14357153045992574,0.14357153049724017,0.14357153051016655,0.14357153048495633,0.14357153045992574,0.14357153048495633,0.14357153051016655,0.14357153052579685,0.14357153051016655,0.14357153049724017,0.14357153051016655,0.14357153052579685,0.1424293642299798,0.14242936419577767,0.1424293641630484,0.14242936419577767,0.1424293642299798,0.14242936419577767,0.1424293641303596,0.14242936404674242,0.1424293641303596,0.14242936419577767,0.1424293641630484,0.14242936404674242,0.14242936382842375,0.14242936404674242,0.1424293641630484,0.14242936419577767,0.1424293641303596,0.14242936404674242,0.1424293641303596,0.14242936419577767,0.1424293642299798,0.14242936419577767,0.1424293641630484,0.14242936419577767,0.1424293642299798,0.14130960260756065,0.1413096025499141,0.14130960248356778,0.1413096025499141,0.14130960260756065,0.1413096025499141,0.14130960241493684,0.14130960217065874,0.14130960241493684,0.1413096025499141,0.14130960248356778,0.14130960217065874,0.1413096009848274,0.14130960217065874,0.14130960248356778,0.1413096025499141,0.14130960241493684,0.14130960217065874,0.14130960241493684,0.1413096025499141,0.14130960260756065,0.1413096025499141,0.14130960248356778,0.1413096025499141,0.14130960260756065,0.1402117468814575,0.14021174682934737,0.14021174676665382,0.14021174682934737,0.1402117468814575,0.14021174682934737,0.14021174670122646,0.14021174645797035,0.14021174670122646,0.14021174682934737,0.14021174676665382,0.14021174645797035,0.1402117452402812,0.14021174645797035,0.14021174676665382,0.14021174682934737,0.14021174670122646,0.14021174645797035,0.14021174670122646,0.14021174682934737,0.1402117468814575,0.14021174682934737,0.14021174676665382,0.14021174682934737,0.1402117468814575,0.13913530754015377,0.13913530752922476,0.1391353075162365,0.13913530752922476,0.13913530754015377,0.13913530752922476,0.13913530750251715,0.13913530745861832,0.13913530750251715,0.13913530752922476,0.1391353075162365,0.13913530745861832,0.13913530731567347,0.13913530745861832,0.1391353075162365,0.13913530752922476,0.13913530750251715,0.13913530745861832,0.13913530750251715,0.13913530752922476,0.13913530754015377,0.13913530752922476,0.1391353075162365,0.13913530752922476,0.13913530754015377,0.13807980441642478,0.13807980445430962,0.1380798044945982,0.13807980445430962,0.13807980441642478,0.13807980445430962,0.13807980453604404,0.1380798046558777,0.13807980453604404,0.13807980445430962,0.1380798044945982,0.1380798046558777,0.138079805013028,0.1380798046558777,0.1380798044945982,0.13807980445430962,0.13807980453604404,0.1380798046558777,0.13807980453604404,0.13807980445430962,0.13807980441642478,0.13807980445430962,0.1380798044945982,0.13807980445430962,0.13807980441642478,0.1370447668051253,0.13704476688380268,0.13704476698158768,0.13704476688380268,0.1370447668051253,0.13704476688380268,0.13704476708354296,0.1370447674930272,0.13704476708354296,0.13704476688380268,0.13704476698158768,0.1370447674930272,0.13704476978594174,0.1370447674930272,0.13704476698158768,0.13704476688380268,0.13704476708354296,0.1370447674930272,0.13704476708354296,0.13704476688380268,0.1370447668051253,0.13704476688380268,0.13704476698158768,0.13704476688380268,0.1370447668051253,0.1360297335270445,0.1360297335836004,0.13602973363951734,0.1360297335836004,0.1360297335270445,0.1360297335836004,0.1360297336958506,0.13602973384738692,0.1360297336958506,0.1360297335836004,0.13602973363951734,0.13602973384738692,0.136029734270575,0.13602973384738692,0.13602973363951734,0.1360297335836004,0.1360297336958506,0.13602973384738692,0.1360297336958506,0.1360297335836004,0.1360297335270445,0.1360297335836004,0.13602973363951734,0.1360297335836004,0.1360297335270445,0.13503425304801003,0.13503425308377132,0.13503425311343614,0.13503425308377132,0.13503425304801003,0.13503425308377132,0.13503425314168324,0.13503425319940487,0.13503425314168324,0.13503425308377132,0.13503425311343614,0.13503425319940487,0.13503425330482388,0.13503425319940487,0.13503425311343614,0.13503425308377132,0.13503425314168324,0.13503425319940487,0.13503425314168324,0.13503425308377132,0.13503425304801003,0.13503425308377132,0.13503425311343614,0.13503425308377132,0.13503425304801003
0.16533248764467803,0.16533248764467803,0.16533248764467803,0.16533248764467803,0.16533248764467803,0.16533248764467803,0.16533248764467803,0.16533248764467803,0.16533248764467803,0.16533248764467803,0.16533248764467803,0.16533248764467803,0.16533248764467803,0.16533248764467803,0.16533248764467803,0.16533248764467803,0.16533248764467803,0.16533248764467803,0.16533248764467803,0.16533248764467803,0.16533248764467803,0.16533248764467803,0.16533248764467803,0.16533248764467803,0.16533248764467803,0.163757493928705,0.163757493928705,0.163757493928705,0.163757493928705,0.163757493928705,0.163757493928705,0.163757493928705,0.163757493928705,0.163757493928705,0.163757493928705,0.163757493928705,0.163757493928705,0.163757493928705,0.163757493928705,0.163757493928705,0.163757493928705,0.163757493928705,0.163757493928705,0.163757493928705,0.163757493928705,0.163757493928705,0.163757493928705,0.163757493928705,0.163757493928705,0.163757493928705,0.16221388414459215,0.16221388414459215,0.16221388414459215,0.16221388414459215,0.16221388414459215,0.16221388414459215,0.16221388414459215,0.16221388414459215,0.16221388414459215,0.16221388414459215,0.16221388414459215,0.16221388414459215,0.16221388414459215,0.16221388414459215,0.16221388414459215,0.16221388414459215,0.16221388414459215,0.16221388414459215,0.16221388414459215,0.16221388414459215,0.16221388414459215,0.16221388414459215,0.16221388414459215,0.16221388414459215,0.16221388414459215,0.16070106724938063,0.16070106724938063,0.16070106724938063,0.16070106724938063,0.16070106724938063,0.16070106724938063,0.16070106724938063,0.16070106724938063,0.16070106724938063,0.16070106724938063,0.16070106724938063,0.16070106724938063,0.16070106724938063,0.16070106724938063,0.16070106724938063,0.16070106724938063,0.16070106724938063,0.16070106724938063,0.16070106724938063,0.16070106724938063,0.16070106724938063,0.16070106724938063,0.16070106724938063,0.16070106724938063,0.16070106724938063,0.15921845161804862,0.15921845161804843,0.15921845161804843,0.15921845161804843,0.15921845161804862,0.15921845161804843,0.15921845161804843,0.15921845161804843,0.15921845161804843,0.15921845161804843,0.15921845161804843,0.15921845161804843,0.15921845161804843,0.15921845161804843,0.15921845161804843,0.15921845161804843,0.15921845161804843,0.15921845161804843,0.15921845161804843,0.15921845161804843,0.15921845161804862,0.15921845161804843,0.15921845161804843,0.15921845161804843,0.15921845161804843,0.15776544639536322,0.15776544639536302,0.15776544639536302,0.15776544639536302,0.15776544639536322,0.15776544639536302,0.15776544639536302,0.15776544639536302,0.15776544639536302,0.15776544639536302,0.15776544639536302,0.15776544639536302,0.1577654463953628,0.15776544639536302,0.15776544639536302,0.15776544639536302,0.15776544639536302,0.15776544639536302,0.15776544639536302,0.15776544639536302,0.15776544639536322,0.15776544639536302,0.15776544639536302,0.15776544639536302,0.15776544639536322,0.1563414627102038,0.1563414627102034,0.1563414627102032,0.1563414627102034,0.1563414627102038,0.1563414627102034,0.1563414627102032,0.15634146271020294,0.1563414627102032,0.1563414627102034,0.1563414627102032,0.15634146271020294,0.15634146271020277,0.15634146271020294,0.1563414627102032,0.1563414627102034,0.1563414627102032,0.15634146271020294,0.1563414627102032,0.1563414627102034,0.1563414627102038,0.1563414627102034,0.1563414627102032,0.1563414627102034,0.1563414627102038,0.15494591476262173,0.15494591476262068,0.1549459147626201,0.15494591476262068,0.15494591476262173,0.15494591476262068,0.15494591476261968,0.15494591476261907,0.15494591476261968,0.15494591476262068,0.1549459147626201,0.15494591476261907,0.15494591476261826,0.15494591476261907,0.1549459147626201,0.15494591476262068,0.15494591476261968,0.15494591476261907,0.15494591476261968,0.15494591476262068,0.15494591476262173,0.15494591476262068,0.1549459147626201,0.15494591476262068,0.15494591476262173,0.15357822079334615,0.15357822079334313,0.15357822079334113,0.15357822079334313,0.15357822079334615,0.15357822079334313,0.15357822079333974,0.15357822079333772,0.15357822079333974,0.15357822079334313,0.15357822079334113,0.15357822079333772,0.1535782207933355,0.15357822079333772,0.15357822079334113,0.15357822079334313,0.15357822079333974,0.15357822079333772,0.15357822079333974,0.15357822079334313,0.15357822079334615,0.15357822079334313,0.15357822079334113,0.15357822079334313,0.15357822079334615,0.15223780394488814,0.15223780394487832,0.1522378039448722,0.15223780394487832,0.15223780394488814,0.15223780394487832,0.15223780394486788,0.1522378039448614,0.15223780394486788,0.15223780394487832,0.1522378039448722,0.1522378039448614,0.15223780394485467,0.1522378039448614,0.1522378039448722,0.15223780394487832,0.15223780394486788,0.1522378039448614,0.15223780394486788,0.15223780394487832,0.15223780394488814,0.15223780394487832,0.1522378039448722,0.15223780394487832,0.15223780394488814,0.15092409302285323,0.15092409302282297,0.15092409302280388,0.15092409302282297,0.15092409302285323,0.15092409302282297,0.15092409302279056,0.1509240930227699,0.15092409302279056,0.15092409302282297,0.15092409302280388,0.1509240930227699,0.15092409302274828,0.1509240930227699,0.15092409302280388,0.15092409302282297,0.15092409302279056,0.1509240930227699,0.15092409302279056,0.15092409302282297,0.15092409302285323,0.15092409302282297,0.15092409302280388,0.15092409302282297,0.15092409302285323,0.14963652316554915,0.1496365231654569,0.14963652316539827,0.1496365231654569,0.14963652316554915,0.1496365231654569,0.14963652316535572,0.14963652316529033,0.14963652316535572,0.1496365231654569,0.14963652316539827,0.14963652316529033,0.1496365231652192,0.14963652316529033,0.14963652316539827,0.1496365231654569,0.14963652316535572,0.14963652316529033,0.14963652316535572,0.1496365231654569,0.14963652316554915,0.1496365231654569,0.14963652316539827,0.1496365231654569,0.14963652316554915,0.1483745364294727,0.14837453642919712,0.1483745364290185,0.14837453642919712,0.1483745364294727,0.14837453642919712,0.1483745364288819,0.1483745364286708,0.1483745364288819,0.14837453642919712,0.1483745364290185,0.1483745364286708,0.1483745364284382,0.1483745364286708,0.1483745364290185,0.14837453642919712,0.1483745364288819,0.1483745364286708,0.1483745364288819,0.14837453642919712,0.1483745364294727,0.14837453642919712,0.1483745364290185,0.14837453642919712,0.1483745364294727,0.14713758229781285,0.14713758229700666,0.14713758229646987,0.14713758229700666,0.14713758229781285,0.14713758229700666,0.14713758229603535,0.14713758229536264,0.14713758229603535,0.14713758229700666,0.14713758229646987,0.14713758229536264,0.1471375822945797,0.14713758229536264,0.14713758229646987,0.14713758229700666,0.14713758229603535,0.14713758229536264,0.14713758229603535,0.14713758229700666,0.14713758229781285,0.14713758229700666,0.14713758229646987,0.14713758229700666,0.14713758229781285,0.14592511811874753,0.14592511811646083,0.1459251181148691,0.14592511811646083,0.14592511811874753,0.14592511811646083,0.14592511811351172,0.1459251181113194,0.14592511811351172,0.14592511811646083,0.1459251181148691,0.1459251181113194,0.14592511810854444,0.1459251181113194,0.1459251181148691,0.14592511811646083,0.14592511811351172,0.1459251181113194,0.14592511811351172,0.14592511811646083,0.14592511811874753,0.14592511811646083,0.1459251181148691,0.14592511811646083,0.14592511811874753,0.1447366094801491,0.14473660947396152,0.1447366094693469,0.14473660947396152,0.1447366094801491,0.14473660947396152,0.14473660946519074,0.1447366094578818,0.14473660946519074,0.14473660947396152,0.1447366094693469,0.1447366094578818,0.144736609447262,0.1447366094578818,0.1447366094693469,0.14473660947396152,0.14473660946519074,0.1447366094578818,0.14473660946519074,0.14473660947396152,0.1447366094801491,0.14473660947396152,0.1447366094693469,0.14473660947396152,0.1447366094801491,0.14357153052742225,0.14357153051192437,0.1435715304991123,0.14357153051192437,0.14357153052742225,0.14357153051192437,0.14357153048693883,0.14357153046214507,0.14357153048693883,0.14357153051192437,0.1435715304991123,0.14357153046214507,0.14357153041708012,0.14357153046214507,0.1435715304991123,0.14357153051192437,0.14357153048693883,0.14357153046214507,0.14357153048693883,0.14357153051192437,0.14357153052742225,0.14357153051192437,0.1435715304991123,0.14357153051192437,0.14357153052742225,0.14242936423112235,0.14242936419719232,0.142429364164741,0.14242936419719232,0.14242936423112235,0.14242936419719232,0.14242936413233453,0.14242936404950277,0.14242936413233453,0.14242936419719232,0.142429364164741,0.14242936404950277,0.14242936383344826,0.14242936404950277,0.142429364164741,0.14242936419719232,0.14242936413233453,0.14242936404950277,0.14242936413233453,0.14242936419719232,0.14242936423112235,0.14242936419719232,0.142429364164741,0.14242936419719232,0.14242936423112235,0.1413096026076514,0.14130960255039662,0.14130960248454996,0.14130960255039662,0.1413096026076514,0.14130960255039662,0.14130960241644205,0.14130960217433555,0.14130960241644205,0.14130960255039662,0.14130960248454996,0.14130960217433555,0.14130960100110634,0.14130960217433555,0.14130960248454996,0.14130960255039662,0.14130960241644205,0.14130960217433555,0.14130960241644205,0.14130960255039662,0.1413096026076514,0.14130960255039662,0.14130960248454996,0.14130960255039662,0.1413096026076514,0.14021174687967308,0.14021174682771692,0.14021174676516546,0.14021174682771692,0.14021174687967308,0.14021174682771692,0.14021174669988207,0.14021174645687834,0.14021174669988207,0.14021174682771692,0.14021174676516546,0.14021174645687834,0.14021174523853225,0.14021174645687834,0.14021174676516546,0.14021174682771692,0.14021174669988207,0.14021174645687834,0.14021174669988207,0.14021174682771692,0.14021174687967308,0.14021174682771692,0.14021174676516546,0.14021174682771692,0.14021174687967308,0.13913530753614942,0.13913530752516967,0.1391353075121286,0.13913530752516967,0.13913530753614942,0.13913530752516967,0.13913530749835515,0.13913530745430233,0.13913530749835515,0.13913530752516967,0.1391353075121286,0.13913530745430233,0.1391353073109042,0.13913530745430233,0.1391353075121286,0.13913530752516967,0.13913530749835515,0.13913530745430233,0.13913530749835515,0.13913530752516967,0.13913530753614942,0.13913530752516967,0.1391353075121286,0.13913530752516967,0.13913530753614942,0.13807980441027415,0.13807980444790796,0.1380798044879392,0.13807980444790796,0.13807980441027415,0.13807980444790796,0.13807980452912189,0.13807980464822953,0.13807980452912189,0.13807980444790796,0.1380798044879392,0.13807980464822953,0.13807980500332223,0.13807980464822953,0.1380798044879392,0.13807980444790796,0.13807980452912189,0.13807980464822953,0.13807980452912189,0.13807980444790796,0.13807980441027415,0.13807980444790796,0.1380798044879392,0.13807980444790796,0.13807980441027415,0.1370447667973138,0.13704476687556424,0.13704476697282972,0.13704476687556424,0.1370447667973138,0.13704476687556424,0.1370447670742456,0.1370447674816026,0.1370447670742456,0.13704476687556424,0.13704476697282972,0.1370447674816026,0.1370447697627564,0.1370447674816026,0.13704476697282972,0.13704476687556424,0.1370447670742456,0.1370447674816026,0.1370447670742456,0.13704476687556424,0.1370447667973138,0.13704476687556424,0.13704476697282972,0.13704476687556424,0.1370447667973138,0.1360297335184263,0.1360297335746831,0.13602973363030704,0.1360297335746831,0.1360297335184263,0.1360297335746831,0.13602973368634613,0.1360297338370971,0.13602973368634613,0.1360297335746831,0.13602973363030704,0.1360297338370971,0.13602973425810702,0.1360297338370971,0.13602973363030704,0.1360297335746831,0.13602973368634613,0.1360297338370971,0.13602973368634613,0.1360297335746831,0.1360297335184263,0.1360297335746831,0.13602973363030704,0.1360297335746831,0.1360297335184263,0.13503425303918493,0.13503425307475872,0.13503425310426873,0.13503425307475872,0.13503425303918493,0.13503425307475872,0.1350342531323688,0.13503425318979115,0.1350342531323688,0.13503425307475872,0.13503425310426873,0.13503425318979115,0.13503425329466626,0.13503425318979115,0.13503425310426873,0.13503425307475872,0.1350342531323688,0.13503425318979115,0.1350342531323688,0.13503425307475872,0.13503425303918493,0.13503425307475872,0.13503425310426873,0.13503425307475872,0.13503425303918493
0.1653324876472694,0.1653324876472694,0.1653324876472694,0.1653324876472694,0.1653324876472694,0.1653324876472694,0.1653324876472694,0.1653324876472694,0.1653324876472694,0.1653324876472694,0.1653324876472694,0.1653324876472694,0.1653324876472694,0.1653324876472694,0.1653324876472694,0.1653324876472694,0.1653324876472694,0.1653324876472694,0.1653324876472694,0.1653324876472694,0.1653324876472694,0.1653324876472694,0.1653324876472694,0.1653324876472694,0.1653324876472694,0.1637574939312457,0.1637574939312457,0.1637574939312457,0.1637574939312457,0.1637574939312457,0.1637574939312457,0.1637574939312457,0.1637574939312457,0.1637574939312457,0.1637574939312457,0.1637574939312457,0.1637574939312457,0.1637574939312457,0.1637574939312457,0.1637574939312457,0.1637574939312457,0.1637574939312457,0.1637574939312457,0.1637574939312457,0.1637574939312457,0.1637574939312457,0.1637574939312457,0.1637574939312457,0.1637574939312457,0.1637574939312457,0.1622138841470838,0.1622138841470838,0.1622138841470838,0.1622138841470838,0.1622138841470838,0.1622138841470838,0.1622138841470838,0.1622138841470838,0.1622138841470838,0.1622138841470838,0.1622138841470838,0.1622138841470838,0.1622138841470838,0.1622138841470838,0.1622138841470838,0.1622138841470838,0.1622138841470838,0.1622138841470838,0.1622138841470838,0.1622138841470838,0.1622138841470838,0.1622138841470838,0.1622138841470838,0.1622138841470838,0.1622138841470838,0.16070106725182476,0.16070106725182476,0.16070106725182476,0.16070106725182476,0.16070106725182476,0.16070106725182476,0.16070106725182476,0.16070106725182476,0.16070106725182476,0.16070106725182476,0.16070106725182476,0.16070106725182476,0.16070106725182476,0.16070106725182476,0.16070106725182476,0.16070106725182476,0.16070106725182476,0.16070106725182476,0.16070106725182476,0.16070106725182476,0.16070106725182476,0.16070106725182476,0.16070106725182476,0.16070106725182476,0.16070106725182476,0.15921845162044698,0.15921845162044698,0.15921845162044698,0.15921845162044698,0.15921845162044698,0.15921845162044698,0.15921845162044698,0.15921845162044698,0.15921845162044698,0.15921845162044698,0.15921845162044698,0.15921845162044698,0.15921845162044698,0.15921845162044698,0.15921845162044698,0.15921845162044698,0.15921845162044698,0.15921845162044698,0.15921845162044698,0.15921845162044698,0.15921845162044698,0.15921845162044698,0.15921845162044698,0.15921845162044698,0.15921845162044698,0.15776544639771775,0.15776544639771775,0.15776544639771756,0.15776544639771775,0.15776544639771775,0.15776544639771775,0.15776544639771756,0.15776544639771756,0.15776544639771756,0.15776544639771775,0.15776544639771756,0.15776544639771756,0.15776544639771756,0.15776544639771756,0.15776544639771756,0.15776544639771775,0.15776544639771756,0.15776544639771756,0.15776544639771756,0.15776544639771775,0.15776544639771775,0.15776544639771775,0.15776544639771756,0.15776544639771775,0.15776544639771775,0.1563414627125161,0.1563414627125159,0.1563414627125157,0.1563414627125159,0.1563414627125161,0.1563414627125159,0.15634146271251548,0.15634146271251528,0.15634146271251548,0.1563414627125159,0.1563414627125157,0.15634146271251528,0.15634146271251506,0.15634146271251528,0.1563414627125157,0.1563414627125159,0.15634146271251548,0.15634146271251528,0.15634146271251548,0.1563414627125159,0.1563414627125161,0.1563414627125159,0.1563414627125157,0.1563414627125159,0.1563414627125161,0.1549459147648936,0.15494591476489256,0.15494591476489195,0.15494591476489256,0.1549459147648936,0.15494591476489256,0.15494591476489156,0.15494591476489072,0.15494591476489156,0.15494591476489256,0.15494591476489195,0.15494591476489072,0.1549459147648901,0.15494591476489072,0.15494591476489195,0.15494591476489256,0.15494591476489156,0.15494591476489072,0.15494591476489156,0.15494591476489256,0.1549459147648936,0.15494591476489256,0.15494591476489195,0.15494591476489256,0.1549459147648936,0.1535782207955793,0.15357822079557612,0.1535782207955741,0.15357822079557612,0.1535782207955793,0.15357822079557612,0.15357822079557268,0.1535782207955707,0.15357822079557268,0.15357822079557612,0.1535782207955741,0.1535782207955707,0.15357822079556868,0.1535782207955707,0.1535782207955741,0.15357822079557612,0.15357822079557268,0.1535782207955707,0.15357822079557268,0.15357822079557612,0.1535782207955793,0.15357822079557612,0.1535782207955741,0.15357822079557612,0.1535782207955793,0.1522378039470839,0.15223780394707406,0.15223780394706796,0.15223780394707406,0.1522378039470839,0.15223780394707406,0.15223780394706382,0.15223780394705755,0.15223780394706382,0.15223780394707406,0.15223780394706796,0.15223780394705755,0.15223780394705083,0.15223780394705755,0.15223780394706796,0.15223780394707406,0.15223780394706382,0.15223780394705755,0.15223780394706382,0.15223780394707406,0.1522378039470839,0.15223780394707406,0.15223780394706796,0.15223780394707406,0.1522378039470839,0.15092409302501317,0.15092409302498308,0.15092409302496418,0.15092409302498308,0.15092409302501317,0.15092409302498308,0.15092409302495108,0.1509240930249306,0.15092409302495108,0.15092409302498308,0.15092409302496418,0.1509240930249306,0.1509240930249094,0.1509240930249306,0.15092409302496418,0.15092409302498308,0.15092409302495108,0.1509240930249306,0.15092409302495108,0.15092409302498308,0.15092409302501317,0.15092409302498308,0.15092409302496418,0.15092409302498308,0.15092409302501317,0.1496365231676741,0.14963652316758275,0.14963652316752468,0.14963652316758275,0.1496365231676741,0.14963652316758275,0.14963652316748255,0.14963652316741768,0.14963652316748255,0.14963652316758275,0.14963652316752468,0.14963652316741768,0.14963652316734755,0.14963652316741768,0.14963652316752468,0.14963652316758275,0.14963652316748255,0.14963652316741768,0.14963652316748255,0.14963652316758275,0.1496365231676741,0.14963652316758275,0.14963652316752468,0.14963652316758275,0.1496365231676741,0.14837453643156215,0.14837453643128934,0.14837453643111234,0.14837453643128934,0.14837453643156231,0.14837453643128934,0.14837453643097723,0.14837453643076837,0.14837453643097723,0.14837453643128934,0.14837453643111234,0.14837453643076837,0.14837453643053783,0.14837453643076837,0.14837453643111234,0.14837453643128934,0.14837453643097723,0.14837453643076837,0.14837453643097723,0.14837453643128934,0.14837453643156231,0.14837453643128934,0.14837453643111234,0.14837453643128934,0.14837453643156215,0.14713758229986285,0.1471375822990643,0.14713758229853258,0.1471375822990643,0.14713758229986285,0.1471375822990643,0.14713758229810223,0.1471375822974361,0.14713758229810223,0.1471375822990643,0.14713758229853258,0.1471375822974361,0.14713758229666096,0.1471375822974361,0.14713758229853258,0.1471375822990643,0.14713758229810223,0.1471375822974361,0.14713758229810223,0.1471375822990643,0.14713758229986285,0.1471375822990643,0.14713758229853258,0.1471375822990643,0.14713758229986285,0.14592511812074294,0.14592511811847778,0.145925118116901,0.14592511811847778,0.14592511812074294,0.14592511811847778,0.1459251181155568,0.14592511811338602,0.1459251181155568,0.14592511811847778,0.145925118116901,0.14592511811338602,0.14592511811063902,0.14592511811338602,0.145925118116901,0.14592511811847778,0.1459251181155568,0.14592511811338602,0.1459251181155568,0.14592511811847778,0.14592511812074294,0.14592511811847778,0.145925118116901,0.14592511811847778,0.14592511812074294,0.14473660948204684,0.14473660947591593,0.14473660947134462,0.14473660947591593,0.14473660948204684,0.14473660947591593,0.1447366094672284,0.14473660945999176,0.1447366094672284,0.14473660947591593,0.14473660947134462,0.14473660945999176,0.14473660944948125,0.14473660945999176,0.14473660947134462,0.14473660947591593,0.1447366094672284,0.14473660945999176,0.1447366094672284,0.14473660947591593,0.14473660948204684,0.14473660947591593,0.14473660947134462,0.14473660947591593,0.14473660948204684,0.1435715305291043,0.1435715305137442,0.14357153050105065,0.1435715305137442,0.1435715305291043,0.1435715305137442,0.14357153048899185,0.14357153046444432,0.14357153048899185,0.1435715305137442,0.14357153050105065,0.14357153046444432,0.1435715304198564,0.14357153046444432,0.14357153050105065,0.1435715305137442,0.14357153048899185,0.14357153046444432,0.14357153048899185,0.1435715305137442,0.1435715305291043,0.1435715305137442,0.14357153050105065,0.1435715305137442,0.1435715305291043,0.14242936423230249,0.14242936419865512,0.14242936416649238,0.14242936419865512,0.14242936423230249,0.14242936419865512,0.14242936413437923,0.14242936405236345,0.14242936413437923,0.14242936419865512,0.14242936416649238,0.14242936405236345,0.14242936383866217,0.14242936405236345,0.14242936416649238,0.14242936419865512,0.14242936413437923,0.14242936405236345,0.14242936413437923,0.14242936419865512,0.14242936423230249,0.14242936419865512,0.14242936416649238,0.14242936419865512,0.14242936423230249,0.14130960260773942,0.14130960255089067,0.14130960248556274,0.14130960255089067,0.14130960260773942,0.14130960255089067,0.14130960241799723,0.14130960217814625,0.14130960241799723,0.14130960255089067,0.14130960248556274,0.14130960217814625,0.14130960101801232,0.14130960217814625,0.14130960248556274,0.14130960255089067,0.14130960241799723,0.14130960217814625,0.14130960241799723,0.14130960255089067,0.14130960260773942,0.14130960255089067,0.14130960248556274,0.14130960255089067,0.14130960260773942,0.1402117468778148,0.14021174682601698,0.14021174676361067,0.14021174682601698,0.1402117468778148,0.14021174682601698,0.14021174669847433,0.1402117464557217,0.14021174669847433,0.14021174682601698,0.14021174676361067,0.1402117464557217,0.14021174523663782,0.1402117464557217,0.14021174676361067,0.14021174682601698,0.14021174669847433,0.1402117464557217,0.14021174669847433,0.14021174682601698,0.1402117468778148,0.14021174682601698,0.14021174676361067,0.14021174682601698,0.1402117468778148,0.1391353075319911,0.13913530752095757,0.13913530750786055,0.13913530752095757,0.1391353075319911,0.13913530752095757,0.13913530749403002,0.13913530744981434,0.13913530749403002,0.13913530752095757,0.13913530750786055,0.13913530744981434,0.13913530730593537,0.13913530744981434,0.13913530750786055,0.13913530752095757,0.13913530749403002,0.13913530744981434,0.13913530749403002,0.13913530752095757,0.1391353075319911,0.13913530752095757,0.13913530750786055,0.13913530752095757,0.1391353075319911,0.13807980440389356,0.13807980444126738,0.1380798044810318,0.13807980444126738,0.13807980440389356,0.13807980444126738,0.13807980452194193,0.13807980464029712,0.13807980452194193,0.13807980444126738,0.1380798044810318,0.13807980464029712,0.13807980499325942,0.13807980464029712,0.1380798044810318,0.13807980444126738,0.13807980452194193,0.13807980464029712,0.13807980452194193,0.13807980444126738,0.13807980440389356,0.13807980444126738,0.1380798044810318,0.13807980444126738,0.13807980440389356,0.13704476678921462,0.13704476686702308,0.13704476696375112,0.13704476686702308,0.13704476678921462,0.13704476686702308,0.13704476706460897,0.1370447674697652,0.13704476706460897,0.13704476686702308,0.13704476696375112,0.1370447674697652,0.13704476973872529,0.1370447674697652,0.13704476696375112,0.13704476686702308,0.13704476706460897,0.1370447674697652,0.13704476706460897,0.13704476686702308,0.13704476678921462,0.13704476686702308,0.13704476696375112,0.13704476686702308,0.13704476678921462,0.13602973350949288,0.13602973356543996,0.1360297336207608,0.13602973356543996,0.13602973350949288,0.13602973356543996,0.1360297336764954,0.13602973382643388,0.1360297336764954,0.13602973356543996,0.1360297336207608,0.13602973382643388,0.13602973424519083,0.13602973382643388,0.1360297336207608,0.13602973356543996,0.1360297336764954,0.13602973382643388,0.1360297336764954,0.13602973356543996,0.13602973350949288,0.13602973356543996,0.1360297336207608,0.13602973356543996,0.13602973350949288,0.1350342530300374,0.13503425306541728,0.13503425309476716,0.13503425306541728,0.1350342530300374,0.13503425306541728,0.13503425312271503,0.13503425317982792,0.13503425312271503,0.13503425306541728,0.13503425309476716,0.13503425317982792,0.13503425328414026,0.13503425317982792,0.13503425309476716,0.13503425306541728,0.13503425312271503,0.13503425317982792,0.13503425312271503,0.13503425306541728,0.1350342530300374,0.13503425306541728,0.13503425309476716,0.13503425306541728,0.1350342530300374
0.1653324876499547,0.1653324876499547,0.1653324876499547,0.1653324876499547,0.1653324876499547,0.1653324876499547,0.1653324876499547,0.1653324876499547,0.1653324876499547,0.1653324876499547,0.1653324876499547,0.1653324876499547,0.1653324876499547,0.1653324876499547,0.1653324876499547,0.1653324876499547,0.1653324876499547,0.1653324876499547,0.1653324876499547,0.1653324876499547,0.1653324876499547,0.1653324876499547,0.1653324876499547,0.1653324876499547,0.1653324876499547,0.16375749393387823,0.16375749393387823,0.16375749393387823,0.16375749393387823,0.16375749393387823,0.16375749393387823,0.16375749393387823,0.16375749393387823,0.16375749393387823,0.16375749393387823,0.16375749393387823,0.16375749393387823,0.16375749393387823,0.16375749393387823,0.16375749393387823,0.16375749393387823,0.16375749393387823,0.16375749393387823,0.16375749393387823,0.16375749393387823,0.16375749393387823,0.16375749393387823,0.16375749393387823,0.16375749393387823,0.16375749393387823,0.16221388414966542,0.16221388414966542,0.16221388414966542,0.16221388414966542,0.16221388414966542,0.16221388414966542,0.16221388414966542,0.16221388414966542,0.16221388414966542,0.16221388414966542,0.16221388414966542,0.16221388414966542,0.16221388414966542,0.16221388414966542,0.16221388414966542,0.16221388414966542,0.16221388414966542,0.16221388414966542,0.16221388414966542,0.16221388414966542,0.16221388414966542,0.16221388414966542,0.16221388414966542,0.16221388414966542,0.16221388414966542,0.1607010672543573,0.1607010672543573,0.1607010672543573,0.1607010672543573,0.1607010672543573,0.1607010672543573,0.1607010672543573,0.1607010672543573,0.1607010672543573,0.1607010672543573,0.1607010672543573,0.1607010672543573,0.1607010672543573,0.1607010672543573,0.1607010672543573,0.1607010672543573,0.1607010672543573,0.1607010672543573,0.1607010672543573,0.1607010672543573,0.1607010672543573,0.1607010672543573,0.1607010672543573,0.1607010672543573,0.1607010672543573,0.159218451622932,0.159218451622932,0.159218451622932,0.159218451622932,0.159218451622932,0.159218451622932,0.159218451622932,0.159218451622932,0.159218451622932,0.159218451622932,0.159218451622932,0.159218451622932,0.159218451622932,0.159218451622932,0.159218451622932,0.159218451622932,0.159218451622932,0.159218451622932,0.159218451622932,0.159218451622932,0.159218451622932,0.159218451622932,0.159218451622932,0.159218451622932,0.159218451622932,0.1577654464001572,0.15776544640015697,0.15776544640015697,0.15776544640015697,0.1577654464001572,0.15776544640015697,0.15776544640015697,0.15776544640015697,0.15776544640015697,0.15776544640015697,0.15776544640015697,0.15776544640015697,0.15776544640015674,0.15776544640015697,0.15776544640015697,0.15776544640015697,0.15776544640015697,0.15776544640015697,0.15776544640015697,0.15776544640015697,0.1577654464001572,0.15776544640015697,0.15776544640015697,0.15776544640015697,0.1577654464001572,0.15634146271491164,0.15634146271491123,0.15634146271491098,0.15634146271491123,0.15634146271491164,0.15634146271491123,0.1563414627149108,0.15634146271491056,0.1563414627149108,0.15634146271491123,0.15634146271491098,0.15634146271491056,0.15634146271491056,0.1563414627149108,0.15634146271491098,0.15634146271491123,0.1563414627149108,0.1563414627149108,0.1563414627149108,0.15634146271491123,0.15634146271491164,0.15634146271491123,0.15634146271491098,0.15634146271491123,0.15634146271491164,0.1549459147672468,0.1549459147672458,0.1549459147672452,0.1549459147672458,0.1549459147672468,0.1549459147672458,0.15494591476724479,0.15494591476724398,0.15494591476724479,0.1549459147672458,0.1549459147672452,0.15494591476724398,0.15494591476724334,0.15494591476724398,0.1549459147672452,0.1549459147672458,0.15494591476724479,0.15494591476724398,0.15494591476724479,0.1549459147672458,0.1549459147672468,0.1549459147672458,0.1549459147672452,0.1549459147672458,0.1549459147672468,0.15357822079789185,0.1535782207978888,0.1535782207978868,0.1535782207978888,0.15357822079789185,0.1535782207978888,0.1535782207978854,0.1535782207978834,0.1535782207978854,0.1535782207978888,0.1535782207978868,0.1535782207978834,0.15357822079788142,0.1535782207978834,0.1535782207978868,0.1535782207978888,0.1535782207978854,0.1535782207978834,0.1535782207978854,0.1535782207978888,0.15357822079789185,0.1535782207978888,0.1535782207978868,0.1535782207978888,0.15357822079789185,0.1522378039493576,0.15223780394934797,0.15223780394934183,0.15223780394934797,0.1522378039493576,0.15223780394934797,0.15223780394933792,0.15223780394933142,0.15223780394933792,0.15223780394934797,0.15223780394934183,0.15223780394933142,0.1522378039493249,0.15223780394933142,0.15223780394934183,0.15223780394934797,0.15223780394933792,0.15223780394933142,0.15223780394933792,0.15223780394934797,0.1522378039493576,0.15223780394934797,0.15223780394934183,0.15223780394934797,0.1522378039493576,0.15092409302724932,0.1509240930272196,0.1509240930272009,0.1509240930272196,0.15092409302724932,0.1509240930272196,0.15092409302718796,0.15092409302716772,0.15092409302718796,0.1509240930272196,0.1509240930272009,0.15092409302716772,0.15092409302714668,0.15092409302716772,0.1509240930272009,0.1509240930272196,0.15092409302718796,0.15092409302716772,0.15092409302718796,0.1509240930272196,0.15092409302724932,0.1509240930272196,0.1509240930272009,0.1509240930272196,0.15092409302724932,0.1496365231698737,0.14963652316978332,0.14963652316972584,0.14963652316978332,0.1496365231698737,0.14963652316978332,0.14963652316968423,0.14963652316962012,0.14963652316968423,0.14963652316978332,0.14963652316972584,0.14963652316962012,0.14963652316955053,0.14963652316962012,0.14963652316972584,0.14963652316978332,0.14963652316968423,0.14963652316962012,0.14963652316968423,0.14963652316978332,0.1496365231698737,0.14963652316978332,0.14963652316972584,0.14963652316978332,0.1496365231698737,0.14837453643372475,0.14837453643345455,0.14837453643327939,0.14837453643345455,0.14837453643372475,0.14837453643345455,0.1483745364331458,0.14837453643293916,0.1483745364331458,0.14837453643345455,0.14837453643327939,0.14837453643293916,0.1483745364327108,0.14837453643293916,0.14837453643327939,0.14837453643345455,0.1483745364331458,0.14837453643293916,0.1483745364331458,0.14837453643345455,0.14837453643372475,0.14837453643345455,0.14837453643327939,0.14837453643345455,0.14837453643372475,0.1471375823019837,0.14713758230119311,0.14713758230066667,0.14713758230119311,0.1471375823019837,0.14713758230119311,0.14713758230024088,0.14713758229958165,0.14713758230024088,0.14713758230119311,0.14713758230066667,0.14713758229958165,0.1471375822988145,0.14713758229958165,0.14713758230066667,0.14713758230119311,0.14713758230024088,0.14713758229958165,0.14713758230024088,0.14713758230119311,0.1471375823019837,0.14713758230119311,0.14713758230066667,0.14713758230119311,0.1471375823019837,0.1459251181228072,0.14592511812056397,0.14592511811900305,0.14592511812056397,0.1459251181228072,0.14592511812056397,0.14592511811767236,0.14592511811552386,0.14592511811767236,0.14592511812056397,0.14592511811900305,0.14592511811552386,0.1459251181128059,0.14592511811552386,0.14592511811900305,0.14592511812056397,0.14592511811767236,0.14592511811552386,0.14592511811767236,0.14592511812056397,0.1459251181228072,0.14592511812056397,0.14592511811900305,0.14592511812056397,0.1459251181228072,0.14473660948400893,0.14473660947793687,0.1447366094734108,0.14473660947793687,0.14473660948400893,0.14473660947793687,0.14473660946933575,0.14473660946217398,0.14473660946933575,0.14473660947793687,0.1447366094734108,0.14473660946217398,0.1447366094517771,0.14473660946217398,0.1447366094734108,0.14473660947793687,0.14473660946933575,0.14473660946217398,0.14473660946933575,0.14473660947793687,0.14473660948400893,0.14473660947793687,0.1447366094734108,0.14473660947793687,0.14473660948400893,0.14357153053084282,0.14357153051562505,0.14357153050305457,0.14357153051562505,0.14357153053084282,0.14357153051562505,0.14357153049111468,0.14357153046682228,0.14357153049111468,0.14357153051562505,0.14357153050305457,0.14357153046682228,0.1435715304227294,0.14357153046682228,0.14357153050305457,0.14357153051562505,0.14357153049111468,0.14357153046682228,0.14357153049111468,0.14357153051562505,0.14357153053084282,0.14357153051562505,0.14357153050305457,0.14357153051562505,0.14357153053084282,0.1424293642335202,0.14242936420016555,0.14242936416830174,0.14242936420016555,0.1424293642335202,0.14242936420016555,0.14242936413649276,0.14242936405532278,0.14242936413649276,0.14242936420016555,0.14242936416830174,0.14242936405532278,0.1424293638440626,0.14242936405532278,0.14242936416830174,0.14242936420016555,0.14242936413649276,0.14242936405532278,0.14242936413649276,0.14242936420016555,0.1424293642335202,0.14242936420016555,0.14242936416830174,0.14242936420016555,0.1424293642335202,0.1413096026078248,0.1413096025513964,0.14130960248660546,0.1413096025513964,0.1413096026078248,0.1413096025513964,0.14130960241960208,0.1413096021820888,0.14130960241960208,0.1413096025513964,0.14130960248660546,0.1413096021820888,0.14130960103555193,0.1413096021820888,0.14130960248660546,0.1413096025513964,0.14130960241960208,0.1413096021820888,0.14130960241960208,0.1413096025513964,0.1413096026078248,0.1413096025513964,0.14130960248660546,0.1413096025513964,0.1413096026078248,0.1402117468758841,0.14021174682424883,0.14021174676199089,0.14021174682424883,0.1402117468758841,0.14021174682424883,0.14021174669700454,0.14021174645450163,0.14021174669700454,0.14021174682424883,0.14021174676199089,0.14021174645450163,0.14021174523458946,0.14021174645450163,0.14021174676199089,0.14021174682424883,0.14021174669700454,0.14021174645450163,0.14021174669700454,0.14021174682424883,0.1402117468758841,0.14021174682424883,0.14021174676199089,0.14021174682424883,0.1402117468758841,0.1391353075276811,0.1391353075165913,0.1391353075034353,0.1391353075165913,0.1391353075276811,0.1391353075165913,0.1391353074895447,0.13913530744515715,0.1391353074895447,0.1391353075165913,0.1391353075034353,0.13913530744515715,0.13913530730077048,0.13913530744515715,0.1391353075034353,0.1391353075165913,0.1391353074895447,0.13913530744515715,0.1391353074895447,0.1391353075165913,0.1391353075276811,0.1391353075165913,0.1391353075034353,0.1391353075165913,0.1391353075276811,0.13807980439728695,0.1380798044343919,0.13807980447388002,0.1380798044343919,0.13807980439728695,0.1380798044343919,0.13807980451450833,0.13807980463208566,0.13807980451450833,0.1380798044343919,0.13807980447388002,0.13807980463208566,0.13807980498284575,0.13807980463208566,0.13807980447388002,0.1380798044343919,0.13807980451450833,0.13807980463208566,0.13807980451450833,0.1380798044343919,0.13807980439728695,0.1380798044343919,0.13807980447388002,0.1380798044343919,0.13807980439728695,0.1370447667808328,0.1370447668581844,0.13704476695435716,0.1370447668581844,0.1370447667808328,0.1370447668581844,0.1370447670546385,0.13704476745752192,0.1370447670546385,0.1370447668581844,0.13704476695435716,0.13704476745752192,0.13704476971389606,0.13704476745752192,0.13704476695435716,0.1370447668581844,0.1370447670546385,0.13704476745752192,0.1370447670546385,0.1370447668581844,0.1370447667808328,0.1370447668581844,0.13704476695435716,0.1370447668581844,0.1370447667808328,0.13602973350024902,0.13602973355587658,0.136029733610884,0.13602973355587658,0.13602973350024902,0.13602973355587658,0.1360297336663043,0.13602973381540376,0.1360297336663043,0.13602973355587658,0.136029733610884,0.13602973381540376,0.13602973423183373,0.13602973381540376,0.136029733610884,0.13602973355587658,0.1360297336663043,0.13602973381540376,0.1360297336663043,0.13602973355587658,0.13602973350024902,0.13602973355587658,0.136029733610884,0.13602973355587658,0.13602973350024902,0.13503425302057298,0.13503425305575237,0.13503425308493666,0.13503425305575237,0.13503425302057298,0.13503425305575237,0.1350342531127275,0.13503425316952067,0.13503425311272763,0.13503425305575237,0.13503425308493666,0.13503425316952067,0.13503425327325203,0.13503425316952067,0.13503425308493666,0.13503425305575237,0.13503425311272763,0.13503425316952067,0.1350342531127275,0.13503425305575237,0.13503425302057298,0.13503425305575237,0.13503425308493666,0.13503425305575237,0.13503425302057298
0.1653324876527325,0.1653324876527325,0.1653324876527325,0.1653324876527325,0.1653324876527325,0.1653324876527325,0.1653324876527325,0.1653324876527325,0.1653324876527325,0.1653324876527325,0.1653324876527325,0.1653324876527325,0.1653324876527325,0.1653324876527325,0.1653324876527325,0.1653324876527325,0.1653324876527325,0.1653324876527325,0.1653324876527325,0.1653324876527325,0.1653324876527325,0.1653324876527325,0.1653324876527325,0.1653324876527325,0.1653324876527325,0.16375749393660144,0.16375749393660144,0.16375749393660144,0.16375749393660144,0.16375749393660144,0.16375749393660144,0.16375749393660144,0.16375749393660144,0.16375749393660144,0.16375749393660144,0.16375749393660144,0.16375749393660144,0.16375749393660144,0.16375749393660144,0.16375749393660144,0.16375749393660144,0.16375749393660144,0.16375749393660144,0.16375749393660144,0.16375749393660144,0.16375749393660144,0.16375749393660144,0.16375749393660144,0.16375749393660144,0.16375749393660144,0.1622138841523361,0.1622138841523361,0.1622138841523361,0.1622138841523361,0.1622138841523361,0.1622138841523361,0.1622138841523361,0.1622138841523361,0.1622138841523361,0.1622138841523361,0.1622138841523361,0.1622138841523361,0.1622138841523361,0.1622138841523361,0.1622138841523361,0.1622138841523361,0.1622138841523361,0.1622138841523361,0.1622138841523361,0.1622138841523361,0.1622138841523361,0.1622138841523361,0.1622138841523361,0.1622138841523361,0.1622138841523361,0.16070106725697691,0.16070106725697691,0.16070106725697691,0.16070106725697691,0.16070106725697691,0.16070106725697691,0.16070106725697691,0.16070106725697691,0.16070106725697691,0.16070106725697691,0.16070106725697691,0.16070106725697691,0.16070106725697691,0.16070106725697691,0.16070106725697691,0.16070106725697691,0.16070106725697691,0.16070106725697691,0.16070106725697691,0.16070106725697691,0.16070106725697691,0.16070106725697691,0.16070106725697691,0.16070106725697691,0.16070106725697691,0.15921845162550258,0.15921845162550238,0.15921845162550238,0.15921845162550238,0.15921845162550258,0.15921845162550238,0.15921845162550238,0.15921845162550238,0.15921845162550238,0.15921845162550238,0.15921845162550238,0.15921845162550238,0.15921845162550238,0.15921845162550238,0.15921845162550238,0.15921845162550238,0.15921845162550238,0.15921845162550238,0.15921845162550238,0.15921845162550238,0.15921845162550258,0.15921845162550238,0.15921845162550238,0.15921845162550238,0.15921845162550238,0.15776544640268003,0.15776544640268003,0.15776544640267984,0.15776544640268003,0.15776544640268003,0.15776544640268003,0.15776544640267984,0.15776544640267984,0.15776544640267984,0.15776544640268003,0.15776544640267984,0.15776544640267984,0.15776544640267984,0.15776544640267984,0.15776544640267984,0.15776544640268003,0.15776544640267984,0.15776544640267984,0.15776544640267984,0.15776544640268003,0.15776544640268003,0.15776544640268003,0.15776544640267984,0.15776544640268003,0.15776544640268003,0.15634146271738872,0.1563414627173885,0.1563414627173883,0.1563414627173885,0.15634146271738872,0.1563414627173885,0.15634146271738808,0.15634146271738789,0.15634146271738808,0.1563414627173885,0.1563414627173883,0.15634146271738789,0.15634146271738766,0.15634146271738789,0.1563414627173883,0.1563414627173885,0.15634146271738808,0.15634146271738789,0.15634146271738808,0.1563414627173885,0.15634146271738872,0.1563414627173885,0.1563414627173883,0.1563414627173885,0.15634146271738872,0.15494591476968,0.15494591476967898,0.15494591476967834,0.15494591476967898,0.15494591476968,0.15494591476967898,0.15494591476967795,0.15494591476967734,0.15494591476967795,0.15494591476967898,0.15494591476967834,0.15494591476967734,0.1549459147696767,0.15494591476967734,0.15494591476967834,0.15494591476967898,0.15494591476967795,0.15494591476967734,0.15494591476967795,0.15494591476967898,0.15494591476968,0.15494591476967898,0.15494591476967834,0.15494591476967898,0.15494591476968,0.15357822080028288,0.15357822080027986,0.15357822080027783,0.15357822080027986,0.15357822080028288,0.15357822080027986,0.15357822080027667,0.15357822080027464,0.15357822080027667,0.15357822080027986,0.15357822080027783,0.15357822080027464,0.15357822080027264,0.15357822080027464,0.15357822080027783,0.15357822080027986,0.15357822080027667,0.15357822080027464,0.15357822080027667,0.15357822080027986,0.15357822080028288,0.15357822080027986,0.15357822080027783,0.15357822080027986,0.15357822080028288,0.15223780395170805,0.1522378039516986,0.15223780395169254,0.1522378039516986,0.15223780395170805,0.1522378039516986,0.15223780395168857,0.15223780395168227,0.15223780395168857,0.1522378039516986,0.15223780395169254,0.15223780395168227,0.15223780395167577,0.15223780395168227,0.15223780395169254,0.1522378039516986,0.15223780395168857,0.15223780395168227,0.15223780395168857,0.1522378039516986,0.15223780395170805,0.1522378039516986,0.15223780395169254,0.1522378039516986,0.15223780395170805,0.1509240930295607,0.15092409302953116,0.15092409302951265,0.15092409302953116,0.1509240930295607,0.15092409302953116,0.1509240930294999,0.15092409302947984,0.1509240930294999,0.15092409302953116,0.15092409302951265,0.15092409302947984,0.15092409302945903,0.15092409302947984,0.15092409302951265,0.15092409302953116,0.1509240930294999,0.15092409302947984,0.1509240930294999,0.15092409302953116,0.1509240930295607,0.15092409302953116,0.15092409302951265,0.15092409302953116,0.1509240930295607,0.14963652317214665,0.14963652317205722,0.14963652317200032,0.14963652317205722,0.14963652317214665,0.14963652317205722,0.14963652317195927,0.14963652317189577,0.14963652317195927,0.14963652317205722,0.14963652317200032,0.14963652317189577,0.1496365231718271,0.14963652317189577,0.14963652317200032,0.14963652317205722,0.14963652317195927,0.14963652317189577,0.14963652317195927,0.14963652317205722,0.14963652317214665,0.14963652317205722,0.14963652317200032,0.14963652317205722,0.14963652317214665,0.1483745364359589,0.14837453643569165,0.1483745364355182,0.14837453643569165,0.1483745364359589,0.14837453643569165,0.14837453643538623,0.14837453643518184,0.14837453643538623,0.14837453643569165,0.1483745364355182,0.14837453643518184,0.1483745364349559,0.14837453643518184,0.1483745364355182,0.14837453643569165,0.14837453643538623,0.14837453643518184,0.14837453643538623,0.14837453643569165,0.1483745364359589,0.14837453643569165,0.1483745364355182,0.14837453643569165,0.1483745364359589,0.14713758230417448,0.14713758230339208,0.14713758230287124,0.14713758230339208,0.14713758230417448,0.14713758230339208,0.14713758230244983,0.1471375823017977,0.14713758230244983,0.14713758230339208,0.14713758230287124,0.1471375823017977,0.14713758230103888,0.1471375823017977,0.14713758230287124,0.14713758230339208,0.14713758230244983,0.1471375823017977,0.14713758230244983,0.14713758230339208,0.14713758230417448,0.14713758230339208,0.14713758230287124,0.14713758230339208,0.14713758230417448,0.14592511812493864,0.14592511812271836,0.14592511812117367,0.14592511812271836,0.14592511812493864,0.14592511812271836,0.14592511811985706,0.14592511811773165,0.14592511811985723,0.14592511812271836,0.14592511812117367,0.14592511811773165,0.1459251181150438,0.14592511811773165,0.14592511812117367,0.14592511812271836,0.14592511811985723,0.14592511811773165,0.14592511811985706,0.14592511812271836,0.14592511812493864,0.14592511812271836,0.14592511812117367,0.14592511812271836,0.14592511812493864,0.14473660948603442,0.14473660948002326,0.1447366094755438,0.14473660948002326,0.14473660948603442,0.14473660948002326,0.1447366094715115,0.14473660946442723,0.1447366094715115,0.14473660948002326,0.1447366094755438,0.14473660946442723,0.14473660945414782,0.14473660946442723,0.1447366094755438,0.14473660948002326,0.1447366094715115,0.14473660946442723,0.1447366094715115,0.14473660948002326,0.14473660948603442,0.14473660948002326,0.1447366094755438,0.14473660948002326,0.14473660948603442,0.1435715305326364,0.14357153051756616,0.14357153050512284,0.14357153051756616,0.1435715305326364,0.14357153051756616,0.14357153049330593,0.14357153046927756,0.14357153049330593,0.14357153051756616,0.14357153050512284,0.14357153046927756,0.14357153042569717,0.14357153046927756,0.14357153050512284,0.14357153051756616,0.14357153049330593,0.14357153046927756,0.14357153049330593,0.14357153051756616,0.1435715305326364,0.14357153051756616,0.14357153050512284,0.14357153051756616,0.1435715305326364,0.14242936423477462,0.1424293642017228,0.14242936417016813,0.1424293642017228,0.14242936423477462,0.1424293642017228,0.14242936413867371,0.14242936405837922,0.14242936413867371,0.1424293642017228,0.14242936417016813,0.14242936405837922,0.1424293638496464,0.14242936405837922,0.14242936417016813,0.1424293642017228,0.14242936413867371,0.14242936405837922,0.14242936413867371,0.1424293642017228,0.14242936423477462,0.1424293642017228,0.14242936417016813,0.1424293642017228,0.14242936423477462,0.14130960260790768,0.14130960255191366,0.1413096024876779,0.14130960255191366,0.14130960260790768,0.14130960255191366,0.14130960242125545,0.1413096021861613,0.14130960242125545,0.14130960255191366,0.1413096024876779,0.1413096021861613,0.14130960105369494,0.1413096021861613,0.1413096024876779,0.14130960255191366,0.14130960242125545,0.1413096021861613,0.14130960242125545,0.14130960255191366,0.14130960260790768,0.14130960255191366,0.1413096024876779,0.14130960255191366,0.14130960260790768,0.14021174687388266,0.1402117468224138,0.14021174676030693,0.1402117468224138,0.14021174687388266,0.1402117468224138,0.1402117466954736,0.14021174645321935,0.1402117466954736,0.1402117468224138,0.14021174676030693,0.14021174645321935,0.14021174523237576,0.14021174645321935,0.14021174676030693,0.1402117468224138,0.1402117466954736,0.14021174645321935,0.1402117466954736,0.1402117468224138,0.14021174687388266,0.1402117468224138,0.14021174676030693,0.1402117468224138,0.14021174687388266,0.13913530752322237,0.13913530751207343,0.13913530749885575,0.13913530751207343,0.13913530752322237,0.13913530751207343,0.13913530748490188,0.13913530744033376,0.13913530748490188,0.13913530751207343,0.13913530749885575,0.13913530744033376,0.13913530729541304,0.13913530744033376,0.13913530749885575,0.13913530751207343,0.13913530748490188,0.13913530744033376,0.13913530748490188,0.13913530751207343,0.13913530752322237,0.13913530751207343,0.13913530749885575,0.13913530751207343,0.13913530752322237,0.1380798043904583,0.13807980442728515,0.13807980446648827,0.13807980442728515,0.1380798043904583,0.13807980442728515,0.1380798045068254,0.13807980462359948,0.1380798045068254,0.13807980442728515,0.13807980446648827,0.13807980462359948,0.13807980497208666,0.13807980462359948,0.13807980446648827,0.13807980442728515,0.1380798045068254,0.13807980462359948,0.1380798045068254,0.13807980442728515,0.1380798043904583,0.13807980442728515,0.13807980446648827,0.13807980442728515,0.1380798043904583,0.13704476677217278,0.13704476684905334,0.13704476694465337,0.13704476684905334,0.13704476677217278,0.13704476684905334,0.13704476704434004,0.13704476744487945,0.13704476704434004,0.13704476684905334,0.13704476694465337,0.13704476744487945,0.137044769688303,0.13704476744487945,0.13704476694465337,0.13704476684905334,0.13704476704434004,0.13704476744487945,0.13704476704434004,0.13704476684905334,0.13704476677217278,0.13704476684905334,0.13704476694465337,0.13704476684905334,0.13704476677217278,0.1360297334907001,0.13602973354599784,0.13602973360068243,0.13602973354599784,0.1360297334907001,0.13602973354599784,0.13602973365577845,0.13602973380401262,0.13602973365577845,0.13602973354599784,0.13602973360068243,0.13602973380401262,0.1360297342180432,0.13602973380401262,0.13602973360068243,0.13602973354599784,0.13602973365577845,0.13602973380401262,0.13602973365577845,0.13602973354599784,0.1360297334907001,0.13602973354599784,0.13602973360068243,0.13602973354599784,0.1360297334907001,0.1350342530107966,0.13503425304576924,0.13503425307478317,0.13503425304576924,0.1350342530107966,0.13503425304576924,0.13503425310241193,0.13503425315887538,0.13503425310241193,0.13503425304576924,0.13503425307478317,0.13503425315887538,0.13503425326200758,0.13503425315887538,0.13503425307478317,0.13503425304576924,0.13503425310241193,0.13503425315887538,0.13503425310241193,0.13503425304576924,0.1350342530107966,0.13503425304576924,0.13503425307478317,0.13503425304576924,0.1350342530107966
0.16533248765449676,0.16533248765449676,0.16533248765449676,0.16533248765449676,0.16533248765449676,0.16533248765449676,0.16533248765449676,0.16533248765449676,0.16533248765449676,0.16533248765449676,0.16533248765449676,0.16533248765449676,0.16533248765449676,0.16533248765449676,0.16533248765449676,0.16533248765449676,0.16533248765449676,0.16533248765449676,0.16533248765449676,0.16533248765449676,0.16533248765449676,0.16533248765449676,0.16533248765449676,0.16533248765449676,0.16533248765449676,0.16375749393831712,0.16375749393831712,0.16375749393831712,0.16375749393831712,0.16375749393831712,0.16375749393831712,0.16375749393831712,0.16375749393831712,0.16375749393831712,0.16375749393831712,0.16375749393831712,0.16375749393831712,0.16375749393831712,0.16375749393831712,0.16375749393831712,0.16375749393831712,0.16375749393831712,0.16375749393831712,0.16375749393831712,0.16375749393831712,0.16375749393831712,0.16375749393831712,0.16375749393831712,0.16375749393831712,0.16375749393831712,0.16221388415399288,0.16221388415399288,0.16221388415399288,0.16221388415399288,0.16221388415399288,0.16221388415399288,0.16221388415399288,0.16221388415399288,0.16221388415399288,0.16221388415399288,0.16221388415399288,0.16221388415399288,0.16221388415399288,0.16221388415399288,0.16221388415399288,0.16221388415399288,0.16221388415399288,0.16221388415399288,0.16221388415399288,0.16221388415399288,0.16221388415399288,0.16221388415399288,0.16221388415399288,0.16221388415399288,0.16221388415399288,0.16070106725856442,0.16070106725856442,0.16070106725856442,0.16070106725856442,0.16070106725856442,0.16070106725856442,0.16070106725856442,0.16070106725856442,0.16070106725856442,0.16070106725856442,0.16070106725856442,0.16070106725856442,0.16070106725856442,0.16070106725856442,0.16070106725856442,0.16070106725856442,0.16070106725856442,0.16070106725856442,0.16070106725856442,0.16070106725856442,0.16070106725856442,0.16070106725856442,0.16070106725856442,0.16070106725856442,0.16070106725856442,0.15921845162700965,0.15921845162700965,0.15921845162700965,0.15921845162700965,0.15921845162700965,0.15921845162700965,0.15921845162700965,0.15921845162700965,0.15921845162700965,0.15921845162700965,0.15921845162700965,0.15921845162700965,0.15921845162700965,0.15921845162700965,0.15921845162700965,0.15921845162700965,0.15921845162700965,0.15921845162700965,0.15921845162700965,0.15921845162700965,0.15921845162700965,0.15921845162700965,0.15921845162700965,0.15921845162700965,0.15921845162700965,0.15776544640409576,0.15776544640409554,0.15776544640409554,0.15776544640409554,0.15776544640409576,0.15776544640409554,0.15776544640409554,0.15776544640409532,0.15776544640409554,0.15776544640409554,0.15776544640409554,0.15776544640409532,0.15776544640409532,0.15776544640409532,0.15776544640409554,0.15776544640409554,0.15776544640409554,0.15776544640409532,0.15776544640409554,0.15776544640409554,0.15776544640409576,0.15776544640409554,0.15776544640409554,0.15776544640409554,0.15776544640409576,0.15634146271870109,0.15634146271870086,0.15634146271870067,0.15634146271870086,0.15634146271870109,0.15634146271870086,0.15634146271870045,0.15634146271870022,0.15634146271870045,0.15634146271870086,0.15634146271870067,0.15634146271870022,0.15634146271870003,0.15634146271870022,0.15634146271870067,0.15634146271870086,0.15634146271870045,0.15634146271870022,0.15634146271870045,0.15634146271870086,0.15634146271870109,0.15634146271870086,0.15634146271870067,0.15634146271870086,0.15634146271870109,0.1549459147708772,0.15494591477087638,0.15494591477087558,0.15494591477087638,0.1549459147708772,0.15494591477087638,0.15494591477087516,0.15494591477087452,0.15494591477087516,0.15494591477087638,0.15494591477087558,0.15494591477087452,0.1549459147708739,0.15494591477087452,0.15494591477087558,0.15494591477087638,0.15494591477087516,0.15494591477087452,0.15494591477087516,0.15494591477087638,0.1549459147708772,0.15494591477087638,0.15494591477087558,0.15494591477087638,0.1549459147708772,0.15357822080135317,0.15357822080134995,0.15357822080134814,0.15357822080134995,0.15357822080135317,0.15357822080134995,0.15357822080134673,0.15357822080134473,0.15357822080134673,0.15357822080134995,0.15357822080134814,0.15357822080134473,0.15357822080134273,0.15357822080134473,0.15357822080134814,0.15357822080134995,0.15357822080134673,0.15357822080134473,0.15357822080134673,0.15357822080134995,0.15357822080135317,0.15357822080134995,0.15357822080134814,0.15357822080134995,0.15357822080135317,0.1522378039526395,0.15223780395262984,0.15223780395262376,0.15223780395262984,0.1522378039526395,0.15223780395262984,0.15223780395261982,0.1522378039526133,0.15223780395261963,0.15223780395262984,0.15223780395262376,0.1522378039526133,0.15223780395260683,0.1522378039526133,0.15223780395262376,0.15223780395262984,0.15223780395261963,0.1522378039526133,0.15223780395261963,0.15223780395262984,0.1522378039526395,0.15223780395262984,0.15223780395262376,0.15223780395262984,0.1522378039526395,0.15092409303034182,0.1509240930303123,0.1509240930302936,0.1509240930303123,0.15092409303034182,0.1509240930303123,0.15092409303028048,0.15092409303026041,0.15092409303028048,0.1509240930303123,0.1509240930302936,0.15092409303026041,0.1509240930302392,0.15092409303026041,0.1509240930302936,0.1509240930303123,0.15092409303028048,0.15092409303026041,0.15092409303028048,0.1509240930303123,0.15092409303034182,0.1509240930303123,0.1509240930302936,0.1509240930303123,0.15092409303034182,0.14963652317276704,0.14963652317267742,0.1496365231726203,0.14963652317267742,0.14963652317276704,0.14963652317267742,0.14963652317257853,0.14963652317251386,0.14963652317257853,0.14963652317267742,0.1496365231726203,0.14963652317251386,0.14963652317244447,0.14963652317251386,0.1496365231726203,0.14963652317267742,0.14963652317257853,0.14963652317251386,0.14963652317257853,0.14963652317267742,0.14963652317276704,0.14963652317267742,0.1496365231726203,0.14963652317267742,0.14963652317276704,0.14837453643640944,0.148374536436142,0.1483745364359687,0.148374536436142,0.14837453643640944,0.148374536436142,0.14837453643583493,0.14837453643563106,0.14837453643583493,0.148374536436142,0.1483745364359687,0.14837453643563106,0.14837453643540569,0.14837453643563106,0.1483745364359687,0.148374536436142,0.14837453643583493,0.14837453643563106,0.14837453643583493,0.148374536436142,0.14837453643640944,0.148374536436142,0.1483745364359687,0.148374536436142,0.14837453643640944,0.14713758230444732,0.14713758230366547,0.14713758230314522,0.14713758230366547,0.14713758230444732,0.14713758230366547,0.14713758230272395,0.14713758230207233,0.14713758230272395,0.14713758230366547,0.14713758230314522,0.14713758230207233,0.14713758230131427,0.14713758230207233,0.14713758230314522,0.14713758230366547,0.14713758230272395,0.14713758230207233,0.14713758230272395,0.14713758230366547,0.14713758230444732,0.14713758230366547,0.14713758230314522,0.14713758230366547,0.14713758230444732,0.14592511812502607,0.14592511812280812,0.145925118121265,0.14592511812280812,0.14592511812502607,0.14592511812280812,0.14592511811994982,0.14592511811782674,0.14592511811994982,0.14592511812280812,0.145925118121265,0.14592511811782674,0.14592511811514172,0.14592511811782674,0.145925118121265,0.14592511812280812,0.14592511811994982,0.14592511811782674,0.14592511811994982,0.14592511812280812,0.14592511812502607,0.14592511812280812,0.145925118121265,0.14592511812280812,0.14592511812502607,0.1447366094859276,0.1447366094799229,0.14473660947544814,0.1447366094799229,0.1447366094859276,0.1447366094799229,0.1447366094714204,0.14473660946434364,0.1447366094714204,0.1447366094799229,0.14473660947544814,0.14473660946434364,0.1447366094540752,0.14473660946434364,0.14473660947544814,0.1447366094799229,0.1447366094714204,0.14473660946434364,0.1447366094714204,0.1447366094799229,0.1447366094859276,0.1447366094799229,0.14473660947544814,0.1447366094799229,0.1447366094859276,0.14357153053232052,0.14357153051726704,0.1435715305048369,0.14357153051726704,0.14357153053232052,0.14357153051726704,0.14357153049303337,0.14357153046903032,0.14357153049303337,0.14357153051726704,0.1435715305048369,0.14357153046903032,0.14357153042549575,0.14357153046903032,0.1435715305048369,0.14357153051726704,0.14357153049303337,0.14357153046903032,0.14357153049303337,0.14357153051726704,0.14357153053232052,0.14357153051726704,0.1435715305048369,0.14357153051726704,0.14357153053232052,0.14242936423421854,0.1424293642012031,0.14242936416968266,0.1424293642012031,0.14242936423421854,0.1424293642012031,0.14242936413822413,0.142429364058014,0.14242936413822413,0.1424293642012031,0.14242936416968266,0.142429364058014,0.14242936384949978,0.142429364058014,0.14242936416968266,0.1424293642012031,0.14242936413822413,0.142429364058014,0.14242936413822413,0.1424293642012031,0.14242936423421854,0.1424293642012031,0.14242936416968266,0.1424293642012031,0.14242936423421854,0.14130960260704256,0.14130960255111072,0.1413096024869457,0.14130960255111072,0.14130960260704256,0.14130960255111072,0.1413096024205966,0.14130960218575572,0.1413096024205966,0.14130960255111072,0.1413096024869457,0.14130960218575572,0.14130960105451976,0.14130960218575572,0.1413096024869457,0.14130960255111072,0.1413096024205966,0.14130960218575572,0.1413096024205966,0.14130960255111072,0.14130960260704256,0.14130960255111072,0.1413096024869457,0.14130960255111072,0.14130960260704256,0.14021174687259103,0.14021174682118231,0.14021174675914866,0.14021174682118231,0.14021174687259103,0.14021174682118231,0.1402117466943916,0.14021174645242696,0.1402117466943916,0.14021174682118231,0.14021174675914866,0.14021174645242696,0.14021174523308527,0.14021174645242696,0.14021174675914866,0.14021174682118231,0.1402117466943916,0.14021174645242696,0.1402117466943916,0.14021174682118231,0.14021174687259103,0.14021174682118231,0.14021174675914866,0.14021174682118231,0.14021174687259103,0.13913530752139522,0.13913530751026051,0.1391353074970596,0.13913530751026051,0.13913530752139522,0.13913530751026051,0.13913530748312344,0.1391353074386116,0.13913530748312344,0.13913530751026051,0.1391353074970596,0.1391353074386116,0.13913530729387302,0.1391353074386116,0.1391353074970596,0.13913530751026051,0.13913530748312344,0.1391353074386116,0.1391353074831236,0.13913530751026051,0.13913530752139522,0.13913530751026051,0.1391353074970596,0.13913530751026051,0.13913530752139522,0.1380798043880854,0.13807980442487144,0.13807980446403104,0.13807980442487144,0.1380798043880854,0.13807980442487144,0.13807980450432336,0.1380798046209669,0.13807980450432336,0.13807980442487144,0.13807980446403104,0.1380798046209669,0.13807980496906366,0.1380798046209669,0.13807980446403104,0.13807980442487144,0.13807980450432336,0.1380798046209669,0.13807980450432336,0.13807980442487144,0.1380798043880854,0.13807980442487144,0.13807980446403104,0.13807980442487144,0.1380798043880854,0.1370447667693626,0.13704476684615668,0.13704476694164888,0.13704476684615668,0.1370447667693626,0.13704476684615668,0.13704476704122295,0.13704476744130942,0.13704476704122295,0.13704476684615668,0.13704476694164888,0.13704476744130942,0.137044769682132,0.13704476744130942,0.13704476694164888,0.13704476684615668,0.13704476704122295,0.13704476744130942,0.13704476704122295,0.13704476684615668,0.1370447667693626,0.13704476684615668,0.13704476694164888,0.13704476684615668,0.1370447667693626,0.13602973348766226,0.13602973354289763,0.13602973359752066,0.13602973354289763,0.13602973348766226,0.13602973354289763,0.13602973365255433,0.1360297338006215,0.13602973365255433,0.13602973354289763,0.13602973359752066,0.1360297338006215,0.1360297342141845,0.1360297338006215,0.13602973359752052,0.13602973354289763,0.13602973365255433,0.1360297338006215,0.13602973365255433,0.13602973354289763,0.13602973348766226,0.13602973354289763,0.13602973359752052,0.13602973354289763,0.13602973348766226,0.1350342530076962,0.13503425304262962,0.1350342530716108,0.13503425304262962,0.1350342530076962,0.13503425304262962,0.135034253099209,0.13503425315560896,0.135034253099209,0.13503425304262962,0.1350342530716108,0.13503425315560896,0.13503425325862492,0.13503425315560896,0.1350342530716108,0.13503425304262962,0.135034253099209,0.13503425315560896,0.13503425309920888,0.13503425304262962,0.1350342530076962,0.13503425304262962,0.1350342530716108,0.13503425304262962,0.1350342530076962
0.16533248765538855,0.16533248765538855,0.16533248765538855,0.16533248765538855,0.16533248765538855,0.16533248765538855,0.16533248765538855,0.16533248765538855,0.16533248765538855,0.16533248765538855,0.16533248765538855,0.16533248765538855,0.16533248765538855,0.16533248765538855,0.16533248765538855,0.16533248765538855,0.16533248765538855,0.16533248765538855,0.16533248765538855,0.16533248765538855,0.16533248765538855,0.16533248765538855,0.16533248765538855,0.16533248765538855,0.16533248765538855,0.16375749393918537,0.16375749393918537,0.16375749393918537,0.16375749393918537,0.16375749393918537,0.16375749393918537,0.16375749393918537,0.16375749393918537,0.16375749393918537,0.16375749393918537,0.16375749393918537,0.16375749393918537,0.16375749393918537,0.16375749393918537,0.16375749393918537,0.16375749393918537,0.16375749393918537,0.16375749393918537,0.16375749393918537,0.16375749393918537,0.16375749393918537,0.16375749393918537,0.16375749393918537,0.16375749393918537,0.16375749393918537,0.16221388415483318,0.16221388415483318,0.16221388415483318,0.16221388415483318,0.16221388415483318,0.16221388415483318,0.16221388415483318,0.16221388415483318,0.16221388415483318,0.16221388415483318,0.16221388415483318,0.16221388415483318,0.16221388415483318,0.16221388415483318,0.16221388415483318,0.16221388415483318,0.16221388415483318,0.16221388415483318,0.16221388415483318,0.16221388415483318,0.16221388415483318,0.16221388415483318,0.16221388415483318,0.16221388415483318,0.16221388415483318,0.16070106725937242,0.16070106725937242,0.16070106725937242,0.16070106725937242,0.16070106725937242,0.16070106725937242,0.16070106725937242,0.16070106725937242,0.16070106725937242,0.16070106725937242,0.16070106725937242,0.16070106725937242,0.16070106725937242,0.16070106725937242,0.16070106725937242,0.16070106725937242,0.16070106725937242,0.16070106725937242,0.16070106725937242,0.16070106725937242,0.16070106725937242,0.16070106725937242,0.16070106725937242,0.16070106725937242,0.16070106725937242,0.159218451627781,0.159218451627781,0.159218451627781,0.159218451627781,0.159218451627781,0.159218451627781,0.159218451627781,0.159218451627781,0.159218451627781,0.159218451627781,0.159218451627781,0.159218451627781,0.159218451627781,0.159218451627781,0.159218451627781,0.159218451627781,0.159218451627781,0.159218451627781,0.159218451627781,0.159218451627781,0.159218451627781,0.159218451627781,0.159218451627781,0.159218451627781,0.159218451627781,0.1577654464048259,0.1577654464048259,0.1577654464048257,0.1577654464048259,0.1577654464048259,0.1577654464048259,0.1577654464048257,0.1577654464048257,0.1577654464048257,0.1577654464048259,0.1577654464048257,0.1577654464048257,0.1577654464048257,0.1577654464048257,0.1577654464048257,0.1577654464048259,0.1577654464048257,0.1577654464048257,0.1577654464048257,0.1577654464048259,0.1577654464048259,0.1577654464048259,0.1577654464048257,0.1577654464048259,0.1577654464048259,0.1563414627193859,0.15634146271938568,0.15634146271938545,0.15634146271938568,0.1563414627193859,0.15634146271938568,0.1563414627193853,0.15634146271938504,0.1563414627193853,0.15634146271938568,0.15634146271938545,0.15634146271938504,0.15634146271938487,0.15634146271938504,0.15634146271938545,0.15634146271938568,0.1563414627193853,0.15634146271938504,0.1563414627193853,0.15634146271938568,0.1563414627193859,0.15634146271938568,0.15634146271938545,0.15634146271938568,0.1563414627193859,0.15494591477151248,0.15494591477151148,0.15494591477151085,0.15494591477151148,0.15494591477151248,0.15494591477151148,0.15494591477151043,0.15494591477150982,0.15494591477151043,0.15494591477151148,0.15494591477151085,0.15494591477150982,0.1549459147715092,0.15494591477150982,0.15494591477151085,0.15494591477151148,0.15494591477151043,0.15494591477150982,0.15494591477151043,0.15494591477151148,0.15494591477151248,0.15494591477151148,0.15494591477151085,0.15494591477151148,0.15494591477151248,0.153578220801935,0.1535782208019318,0.15357822080192998,0.1535782208019318,0.153578220801935,0.1535782208019318,0.15357822080192857,0.1535782208019266,0.15357822080192857,0.1535782208019318,0.15357822080192998,0.1535782208019266,0.15357822080192457,0.1535782208019266,0.15357822080192998,0.1535782208019318,0.15357822080192857,0.1535782208019266,0.15357822080192857,0.1535782208019318,0.153578220801935,0.1535782208019318,0.15357822080192998,0.1535782208019318,0.153578220801935,0.15223780395316447,0.15223780395315484,0.15223780395314873,0.15223780395315484,0.15223780395316447,0.15223780395315484,0.1522378039531446,0.1522378039531381,0.1522378039531446,0.15223780395315484,0.15223780395314873,0.1522378039531381,0.1522378039531316,0.1522378039531381,0.15223780395314873,0.15223780395315484,0.1522378039531446,0.1522378039531381,0.1522378039531446,0.15223780395315484,0.15223780395316447,0.15223780395315484,0.15223780395314873,0.15223780395315484,0.15223780395316447,0.15092409303080695,0.15092409303077742,0.1509240930307587,0.15092409303077742,0.15092409303080695,0.15092409303077742,0.1509240930307454,0.15092409303072493,0.1509240930307454,0.15092409303077742,0.1509240930307587,0.15092409303072493,0.15092409303070337,0.15092409303072493,0.1509240930307587,0.15092409303077742,0.1509240930307454,0.15092409303072493,0.1509240930307454,0.15092409303077742,0.15092409303080695,0.15092409303077742,0.1509240930307587,0.15092409303077742,0.15092409303080695,0.14963652317317017,0.14963652317308054,0.14963652317302326,0.14963652317308054,0.14963652317317017,0.14963652317308054,0.1496365231729811,0.14963652317291642,0.1496365231729811,0.14963652317308054,0.14963652317302326,0.14963652317291642,0.14963652317284723,0.14963652317291642,0.14963652317302326,0.14963652317308054,0.1496365231729811,0.14963652317291642,0.1496365231729811,0.14963652317308054,0.14963652317317017,0.14963652317308054,0.14963652317302326,0.14963652317308054,0.14963652317317017,0.14837453643674897,0.14837453643648155,0.14837453643630844,0.14837453643648155,0.14837453643674897,0.14837453643648155,0.14837453643617463,0.14837453643597093,0.14837453643617463,0.14837453643648155,0.14837453643630844,0.14837453643597093,0.14837453643574597,0.14837453643597093,0.14837453643630844,0.14837453643648155,0.14837453643617463,0.14837453643597093,0.14837453643617463,0.14837453643648155,0.14837453643674897,0.14837453643648155,0.14837453643630844,0.14837453643648155,0.14837453643674897,0.14713758230472182,0.1471375823039407,0.14713758230342094,0.1471375823039407,0.14713758230472182,0.1471375823039407,0.1471375823030001,0.1471375823023492,0.1471375823030001,0.1471375823039407,0.14713758230342094,0.1471375823023492,0.14713758230159205,0.1471375823023492,0.14713758230342094,0.1471375823039407,0.1471375823030001,0.1471375823023492,0.1471375823030001,0.1471375823039407,0.14713758230472182,0.1471375823039407,0.14713758230342094,0.1471375823039407,0.14713758230472182,0.1459251181252337,0.14592511812301806,0.1459251181214767,0.14592511812301806,0.1459251181252337,0.14592511812301806,0.14592511812016296,0.14592511811804204,0.14592511812016296,0.14592511812301806,0.1459251181214767,0.14592511811804204,0.14592511811535985,0.14592511811804204,0.1459251181214767,0.14592511812301806,0.14592511812016296,0.14592511811804204,0.14592511812016296,0.14592511812301806,0.1459251181252337,0.14592511812301806,0.1459251181214767,0.14592511812301806,0.1459251181252337,0.1447366094860641,0.14473660948006603,0.14473660947559597,0.14473660948006603,0.1447366094860641,0.14473660948006603,0.1447366094715726,0.14473660946450334,0.1447366094715726,0.14473660948006603,0.14473660947559597,0.14473660946450334,0.14473660945424574,0.14473660946450334,0.14473660947559597,0.14473660948006603,0.1447366094715726,0.14473660946450334,0.1447366094715726,0.14473660948006603,0.1447366094860641,0.14473660948006603,0.14473660947559597,0.14473660948006603,0.1447366094860641,0.1435715305323746,0.1435715305173372,0.14357153050492058,0.1435715305173372,0.1435715305323746,0.1435715305173372,0.14357153049312968,0.14357153046915214,0.14357153049312968,0.1435715305173372,0.14357153050492058,0.14357153046915214,0.14357153042566329,0.14357153046915214,0.14357153050492058,0.1435715305173372,0.14357153049312968,0.14357153046915214,0.14357153049312968,0.1435715305173372,0.1435715305323746,0.1435715305173372,0.14357153050492058,0.1435715305173372,0.1435715305323746,0.14242936423415883,0.14242936420117944,0.1424293641696929,0.14242936420117944,0.14242936423415883,0.14242936420117944,0.14242936413826876,0.14242936405814352,0.14242936413826876,0.14242936420117944,0.1424293641696929,0.14242936405814352,0.14242936384984736,0.14242936405814352,0.1424293641696929,0.14242936420117944,0.14242936413826876,0.14242936405814352,0.14242936413826876,0.14242936420117944,0.14242936423415883,0.14242936420117944,0.1424293641696929,0.14242936420117944,0.14242936423415883,0.14130960260679817,0.14130960255092836,0.14130960248683322,0.14130960255092836,0.14130960260679817,0.14130960255092836,0.14130960242055682,0.14130960218596772,0.14130960242055682,0.14130960255092836,0.14130960248683322,0.14130960218596772,0.14130960105591261,0.14130960218596772,0.14130960248683322,0.14130960255092836,0.14130960242055682,0.14130960218596772,0.14130960242055682,0.14130960255092836,0.14130960260679817,0.14130960255092836,0.14130960248683322,0.14130960255092836,0.14130960260679817,0.14021174687203775,0.14021174682068888,0.1402117467587281,0.14021174682068888,0.14021174687203775,0.14021174682068888,0.1402117466940473,0.14021174645237117,0.1402117466940473,0.14021174682068888,0.1402117467587281,0.14021174645237117,0.1402117452345001,0.14021174645237117,0.1402117467587281,0.14021174682068888,0.1402117466940473,0.14021174645237117,0.1402117466940473,0.14021174682068888,0.14021174687203775,0.14021174682068888,0.1402117467587281,0.14021174682068888,0.14021174687203775,0.13913530752041256,0.13913530750929207,0.13913530749610792,0.13913530750929207,0.13913530752041256,0.13913530750929207,0.13913530748218947,0.1391353074377338,0.13913530748218947,0.13913530750929207,0.13913530749610792,0.1391353074377338,0.13913530729317655,0.1391353074377338,0.13913530749610792,0.13913530750929207,0.13913530748218947,0.1391353074377338,0.13913530748218947,0.13913530750929207,0.13913530752041256,0.13913530750929207,0.13913530749610792,0.13913530750929207,0.13913530752041256,0.1380798043866463,0.13807980442339174,0.13807980446250775,0.13807980442339174,0.1380798043866463,0.13807980442339174,0.1380798045027554,0.13807980461926903,0.1380798045027554,0.13807980442339174,0.13807980446250775,0.13807980461926903,0.13807980496697603,0.13807980461926903,0.13807980446250775,0.13807980442339174,0.1380798045027554,0.13807980461926903,0.1380798045027554,0.13807980442339174,0.1380798043866463,0.13807980442339174,0.13807980446250775,0.13807980442339174,0.1380798043866463,0.1370447667675541,0.13704476684426162,0.13704476693964623,0.13704476684426162,0.1370447667675541,0.13704476684426162,0.13704476703910806,0.13704476743874297,0.13704476703910806,0.13704476684426162,0.13704476693964623,0.13704476743874297,0.13704476967703455,0.13704476743874297,0.13704476693964623,0.13704476684426162,0.13704476703910806,0.13704476743874297,0.13704476703910806,0.13704476684426162,0.1370447667675541,0.13704476684426162,0.13704476693964623,0.13704476684426162,0.1370447667675541,0.13602973348566688,0.13602973354083997,0.13602973359540138,0.13602973354083997,0.13602973348566688,0.13602973354083997,0.13602973365037288,0.13602973379827327,0.13602973365037305,0.13602973354083997,0.13602973359540138,0.13602973379827327,0.13602973421136935,0.13602973379827327,0.13602973359540138,0.13602973354083997,0.13602973365037305,0.13602973379827327,0.13602973365037305,0.13602973354083997,0.13602973348566688,0.13602973354083997,0.13602973359540138,0.13602973354083997,0.13602973348566688,0.13503425300564956,0.13503425304054364,0.13503425306949224,0.13503425304054364,0.13503425300564956,0.13503425304054364,0.13503425309705927,0.13503425315339582,0.13503425309705927,0.13503425304054364,0.13503425306949224,0.13503425315339582,0.1350342532562955,0.13503425315339582,0.13503425306949224,0.13503425304054364,0.13503425309705927,0.13503425315339582,0.13503425309705927,0.13503425304054364,0.13503425300564956,0.13503425304054364,0.13503425306949224,0.13503425304054364,0.13503425300564956
0.1653324876559634,0.1653324876559634,0.1653324876559634,0.1653324876559634,0.1653324876559634,0.1653324876559634,0.1653324876559634,0.1653324876559634,0.1653324876559634,0.1653324876559634,0.1653324876559634,0.1653324876559634,0.1653324876559634,0.1653324876559634,0.1653324876559634,0.1653324876559634,0.1653324876559634,0.1653324876559634,0.1653324876559634,0.1653324876559634,0.1653324876559634,0.1653324876559634,0.1653324876559634,0.1653324876559634,0.1653324876559634,0.16375749393974695,0.16375749393974695,0.16375749393974695,0.16375749393974695,0.16375749393974695,0.16375749393974695,0.16375749393974695,0.16375749393974695,0.16375749393974695,0.16375749393974695,0.16375749393974695,0.16375749393974695,0.16375749393974695,0.16375749393974695,0.16375749393974695,0.16375749393974695,0.16375749393974695,0.16375749393974695,0.16375749393974695,0.16375749393974695,0.16375749393974695,0.16375749393974695,0.16375749393974695,0.16375749393974695,0.16375749393974695,0.16221388415537993,0.16221388415537993,0.16221388415537993,0.16221388415537993,0.16221388415537993,0.16221388415537993,0.16221388415537993,0.16221388415537993,0.16221388415537993,0.16221388415537993,0.16221388415537993,0.16221388415537993,0.16221388415537993,0.16221388415537993,0.16221388415537993,0.16221388415537993,0.16221388415537993,0.16221388415537993,0.16221388415537993,0.16221388415537993,0.16221388415537993,0.16221388415537993,0.16221388415537993,0.16221388415537993,0.16221388415537993,0.1607010672599031,0.1607010672599031,0.1607010672599031,0.1607010672599031,0.1607010672599031,0.1607010672599031,0.1607010672599031,0.1607010672599031,0.1607010672599031,0.1607010672599031,0.1607010672599031,0.1607010672599031,0.1607010672599031,0.1607010672599031,0.1607010672599031,0.1607010672599031,0.1607010672599031,0.1607010672599031,0.1607010672599031,0.1607010672599031,0.1607010672599031,0.1607010672599031,0.1607010672599031,0.1607010672599031,0.1607010672599031,0.15921845162829418,0.15921845162829418,0.15921845162829418,0.15921845162829418,0.15921845162829418,0.15921845162829418,0.15921845162829418,0.15921845162829418,0.15921845162829418,0.15921845162829418,0.15921845162829418,0.15921845162829418,0.15921845162829418,0.15921845162829418,0.15921845162829418,0.15921845162829418,0.15921845162829418,0.15921845162829418,0.15921845162829418,0.15921845162829418,0.15921845162829418,0.15921845162829418,0.15921845162829418,0.15921845162829418,0.15921845162829418,0.15776544640532028,0.15776544640532006,0.15776544640532006,0.15776544640532006,0.15776544640532028,0.15776544640532006,0.15776544640532006,0.15776544640532006,0.15776544640532006,0.15776544640532028,0.15776544640532006,0.15776544640532006,0.15776544640531984,0.15776544640532006,0.15776544640532006,0.15776544640532006,0.15776544640532006,0.15776544640532006,0.15776544640532006,0.15776544640532006,0.15776544640532028,0.15776544640532028,0.15776544640532006,0.15776544640532006,0.15776544640532028,0.15634146271986013,0.15634146271985974,0.15634146271985952,0.15634146271985974,0.15634146271986013,0.15634146271985974,0.15634146271985933,0.1563414627198591,0.15634146271985933,0.15634146271985974,0.15634146271985952,0.1563414627198591,0.15634146271985888,0.1563414627198591,0.15634146271985952,0.15634146271985974,0.15634146271985933,0.1563414627198591,0.15634146271985933,0.15634146271985974,0.15634146271986013,0.15634146271985974,0.15634146271985952,0.15634146271985974,0.15634146271986013,0.1549459147719652,0.15494591477196415,0.15494591477196354,0.15494591477196415,0.1549459147719652,0.15494591477196415,0.15494591477196315,0.15494591477196232,0.15494591477196315,0.15494591477196415,0.15494591477196354,0.15494591477196232,0.1549459147719617,0.15494591477196232,0.15494591477196354,0.15494591477196415,0.15494591477196315,0.15494591477196232,0.15494591477196315,0.15494591477196415,0.1549459147719652,0.15494591477196415,0.15494591477196354,0.15494591477196415,0.1549459147719652,0.15357822080236483,0.1535782208023616,0.15357822080235978,0.1535782208023616,0.15357822080236483,0.1535782208023616,0.1535782208023584,0.15357822080235636,0.1535782208023584,0.1535782208023616,0.15357822080235978,0.15357822080235636,0.1535782208023544,0.15357822080235636,0.15357822080235978,0.1535782208023616,0.1535782208023584,0.15357822080235636,0.1535782208023584,0.1535782208023616,0.15357822080236483,0.1535782208023616,0.15357822080235978,0.1535782208023616,0.15357822080236483,0.15223780395357053,0.1522378039535609,0.15223780395355482,0.1522378039535609,0.15223780395357053,0.1522378039535609,0.15223780395355066,0.15223780395354417,0.15223780395355066,0.1522378039535609,0.15223780395355482,0.15223780395354417,0.15223780395353748,0.15223780395354417,0.15223780395355482,0.1522378039535609,0.15223780395355066,0.15223780395354417,0.15223780395355066,0.1522378039535609,0.15223780395357053,0.1522378039535609,0.15223780395355482,0.1522378039535609,0.15223780395357053,0.15092409303118853,0.15092409303115883,0.15092409303114016,0.15092409303115883,0.15092409303118853,0.15092409303115883,0.1509240930311268,0.15092409303110638,0.1509240930311268,0.15092409303115883,0.15092409303114016,0.15092409303110638,0.15092409303108456,0.15092409303110638,0.15092409303114016,0.15092409303115883,0.1509240930311268,0.15092409303110638,0.1509240930311268,0.15092409303115883,0.15092409303118853,0.15092409303115883,0.15092409303114016,0.15092409303115883,0.15092409303118853,0.1496365231735266,0.1496365231734368,0.14963652317337967,0.1496365231734368,0.1496365231735266,0.1496365231734368,0.14963652317333734,0.14963652317327286,0.14963652317333734,0.1496365231734368,0.14963652317337967,0.14963652317327286,0.14963652317320367,0.14963652317327286,0.14963652317337967,0.1496365231734368,0.14963652317333734,0.14963652317327286,0.14963652317333734,0.1496365231734368,0.1496365231735266,0.1496365231734368,0.14963652317337967,0.1496365231734368,0.1496365231735266,0.1483745364370796,0.14837453643681237,0.14837453643663961,0.14837453643681237,0.1483745364370796,0.14837453643681237,0.1483745364365058,0.14837453643630252,0.1483745364365058,0.14837453643681237,0.14837453643663961,0.14837453643630252,0.1483745364360775,0.14837453643630252,0.14837453643663961,0.14837453643681237,0.1483745364365058,0.14837453643630252,0.1483745364365058,0.14837453643681237,0.1483745364370796,0.14837453643681237,0.14837453643663961,0.14837453643681237,0.1483745364370796,0.1471375823050259,0.14713758230424567,0.1471375823037265,0.14713758230424567,0.1471375823050259,0.14713758230424567,0.14713758230330598,0.14713758230265583,0.14713758230330598,0.14713758230424567,0.1471375823037265,0.14713758230265583,0.14713758230189958,0.14713758230265583,0.1471375823037265,0.14713758230424567,0.14713758230330598,0.14713758230265583,0.14713758230330598,0.14713758230424567,0.1471375823050259,0.14713758230424567,0.1471375823037265,0.14713758230424567,0.1471375823050259,0.14592511812550968,0.14592511812329653,0.14592511812175682,0.14592511812329653,0.14592511812550968,0.14592511812329653,0.14592511812044448,0.14592511811832587,0.14592511812044448,0.14592511812329653,0.14592511812175682,0.14592511811832587,0.14592511811564637,0.14592511811832587,0.14592511812175682,0.14592511812329653,0.14592511812044448,0.14592511811832587,0.14592511812044448,0.14592511812329653,0.14592511812550968,0.14592511812329653,0.14592511812175682,0.14592511812329653,0.14592511812550968,0.14473660948630776,0.14473660948031597,0.14473660947585085,0.14473660948031597,0.14473660948630776,0.14473660948031597,0.14473660947183165,0.14473660946477007,0.14473660947183165,0.14473660948031597,0.14473660947585085,0.14473660946477007,0.1447366094545231,0.14473660946477007,0.14473660947585085,0.14473660948031597,0.14473660947183165,0.14473660946477007,0.14473660947183165,0.14473660948031597,0.14473660948630776,0.14473660948031597,0.14473660947585085,0.14473660948031597,0.14473660948630776,0.14357153053257293,0.14357153051755178,0.14357153050514831,0.14357153051755178,0.14357153053257293,0.14357153051755178,0.1435715304933701,0.14357153046941806,0.1435715304933701,0.14357153051755178,0.14357153050514831,0.14357153046941806,0.14357153042597487,0.14357153046941806,0.14357153050514831,0.14357153051755178,0.1435715304933701,0.14357153046941806,0.1435715304933701,0.14357153051755178,0.14357153053257293,0.14357153051755178,0.14357153050514831,0.14357153051755178,0.14357153053257293,0.14242936423427927,0.14242936420133565,0.14242936416988297,0.14242936420133565,0.14242936423427927,0.14242936420133565,0.1424293641384929,0.14242936405845252,0.1424293641384929,0.14242936420133565,0.14242936416988297,0.14242936405845252,0.14242936385037408,0.14242936405845252,0.14242936416988297,0.14242936420133565,0.1424293641384929,0.14242936405845252,0.1424293641384929,0.14242936420133565,0.14242936423427927,0.14242936420133565,0.14242936416988297,0.14242936420133565,0.14242936423427927,0.14130960260676742,0.14130960255095923,0.14130960248693422,0.14130960255095923,0.14130960260676742,0.14130960255095923,0.14130960242072982,0.14130960218639174,0.14130960242072982,0.14130960255095923,0.14130960248693422,0.14130960218639174,0.14130960105751056,0.14130960218639174,0.14130960248693422,0.14130960255095923,0.14130960242072982,0.14130960218639174,0.14130960242072982,0.14130960255095923,0.14130960260676742,0.14130960255095923,0.14130960248693422,0.14130960255095923,0.14130960260676742,0.14021174687172863,0.1402117468204394,0.1402117467585512,0.1402117468204394,0.14021174687172863,0.1402117468204394,0.14021174669394637,0.14021174645255807,0.14021174669394637,0.1402117468204394,0.1402117467585512,0.14021174645255807,0.14021174523616892,0.14021174645255807,0.1402117467585512,0.1402117468204394,0.14021174669394637,0.14021174645255807,0.14021174669394637,0.1402117468204394,0.14021174687172863,0.1402117468204394,0.1402117467585512,0.1402117468204394,0.14021174687172863,0.1391353075197004,0.13913530750859418,0.13913530749542677,0.13913530750859418,0.1391353075197004,0.13913530750859418,0.1391353074815259,0.13913530743712602,0.1391353074815259,0.13913530750859418,0.13913530749542677,0.13913530743712602,0.13913530729274995,0.13913530743712602,0.13913530749542677,0.13913530750859418,0.1391353074815259,0.13913530743712602,0.1391353074815259,0.13913530750859418,0.1391353075197004,0.13913530750859418,0.13913530749542677,0.13913530750859418,0.1391353075197004,0.1380798043854993,0.13807980442220413,0.13807980446127688,0.13807980442220413,0.1380798043854993,0.13807980442220413,0.13807980450147972,0.13807980461786357,0.13807980450147972,0.13807980442220413,0.13807980446127688,0.13807980461786357,0.13807980496518174,0.13807980461786357,0.13807980446127688,0.13807980442220413,0.13807980450147972,0.13807980461786357,0.13807980450147972,0.13807980442220413,0.1380798043854993,0.13807980442220413,0.13807980446127688,0.13807980442220413,0.1380798043854993,0.13704476676605284,0.1370447668426742,0.13704476693795142,0.1370447668426742,0.13704476676605284,0.1370447668426742,0.13704476703730137,0.13704476743648578,0.13704476703730137,0.1370447668426742,0.13704476693795142,0.13704476743648578,0.1370447696722505,0.13704476743648578,0.13704476693795142,0.1370447668426742,0.13704476703730137,0.13704476743648578,0.13704476703730137,0.1370447668426742,0.13704476676605284,0.1370447668426742,0.13704476693795142,0.1370447668426742,0.13704476676605284,0.13602973348398753,0.13602973353909856,0.1360297335935984,0.13602973353909856,0.13602973348398753,0.13602973353909856,0.136029733648508,0.1360297337962417,0.136029733648508,0.13602973353909856,0.1360297335935984,0.1360297337962417,0.13602973420887182,0.1360297337962417,0.1360297335935984,0.13602973353909856,0.136029733648508,0.1360297337962417,0.136029733648508,0.13602973353909856,0.13602973348398753,0.13602973353909856,0.1360297335935984,0.13602973353909856,0.13602973348398753,0.13503425300392047,0.1350342530387752,0.13503425306769115,0.1350342530387752,0.13503425300392047,0.1350342530387752,0.13503425309522707,0.13503425315150008,0.1350342530952272,0.1350342530387752,0.13503425306769115,0.13503425315150008,0.13503425325428386,0.13503425315150008,0.13503425306769115,0.1350342530387752,0.1350342530952272,0.13503425315150008,0.13503425309522707,0.1350342530387752,0.13503425300392047,0.1350342530387752,0.13503425306769115,0.1350342530387752,0.13503425300392047
0.16533248765643258,0.16533248765643258,0.16533248765643258,0.16533248765643258,0.16533248765643258,0.16533248765643258,0.16533248765643258,0.16533248765643258,0.16533248765643258,0.16533248765643258,0.16533248765643258,0.16533248765643258,0.16533248765643233,0.16533248765643233,0.16533248765643258,0.16533248765643258,0.16533248765643258,0.16533248765643233,0.16533248765643233,0.16533248765643233,0.16533248765643258,0.16533248765643258,0.16533248765643258,0.16533248765643233,0.16533248765643233,0.16375749394020583,0.16375749394020583,0.16375749394020583,0.16375749394020583,0.16375749394020583,0.16375749394020583,0.16375749394020583,0.16375749394020583,0.16375749394020583,0.16375749394020583,0.16375749394020583,0.16375749394020583,0.16375749394020583,0.16375749394020583,0.16375749394020583,0.16375749394020583,0.16375749394020583,0.16375749394020583,0.16375749394020583,0.16375749394020583,0.16375749394020583,0.16375749394020583,0.16375749394020583,0.16375749394020583,0.16375749394020583,0.16221388415582877,0.16221388415582877,0.16221388415582877,0.16221388415582877,0.16221388415582877,0.16221388415582877,0.16221388415582877,0.16221388415582877,0.16221388415582877,0.16221388415582877,0.16221388415582877,0.16221388415582877,0.16221388415582877,0.16221388415582877,0.16221388415582877,0.16221388415582877,0.16221388415582877,0.16221388415582877,0.16221388415582877,0.16221388415582877,0.16221388415582877,0.16221388415582877,0.16221388415582877,0.16221388415582877,0.16221388415582877,0.1607010672603412,0.1607010672603412,0.1607010672603412,0.1607010672603412,0.1607010672603412,0.1607010672603412,0.1607010672603412,0.1607010672603412,0.1607010672603412,0.1607010672603412,0.1607010672603412,0.1607010672603412,0.1607010672603412,0.1607010672603412,0.1607010672603412,0.1607010672603412,0.1607010672603412,0.1607010672603412,0.1607010672603412,0.1607010672603412,0.1607010672603412,0.1607010672603412,0.1607010672603412,0.1607010672603412,0.1607010672603412,0.1592184516287213,0.1592184516287213,0.1592184516287211,0.1592184516287213,0.1592184516287213,0.1592184516287213,0.1592184516287211,0.1592184516287211,0.1592184516287211,0.1592184516287213,0.1592184516287211,0.1592184516287211,0.1592184516287211,0.1592184516287211,0.1592184516287211,0.1592184516287213,0.1592184516287211,0.1592184516287211,0.1592184516287211,0.1592184516287213,0.1592184516287213,0.1592184516287213,0.1592184516287211,0.1592184516287213,0.1592184516287213,0.15776544640573592,0.15776544640573592,0.1577654464057357,0.15776544640573592,0.15776544640573592,0.15776544640573592,0.1577654464057357,0.1577654464057357,0.1577654464057357,0.15776544640573592,0.1577654464057357,0.1577654464057357,0.15776544640573548,0.1577654464057357,0.1577654464057357,0.15776544640573592,0.1577654464057357,0.1577654464057357,0.1577654464057357,0.15776544640573592,0.15776544640573592,0.15776544640573592,0.1577654464057357,0.15776544640573592,0.15776544640573592,0.15634146272026417,0.15634146272026372,0.1563414627202635,0.15634146272026372,0.15634146272026417,0.15634146272026372,0.1563414627202633,0.15634146272026309,0.1563414627202633,0.15634146272026372,0.1563414627202635,0.15634146272026309,0.1563414627202629,0.15634146272026309,0.1563414627202635,0.15634146272026372,0.1563414627202633,0.15634146272026309,0.1563414627202633,0.15634146272026372,0.15634146272026417,0.15634146272026372,0.1563414627202635,0.15634146272026372,0.15634146272026417,0.15494591477235703,0.15494591477235597,0.1549459147723554,0.15494591477235597,0.15494591477235703,0.15494591477235597,0.15494591477235498,0.15494591477235437,0.15494591477235498,0.15494591477235597,0.1549459147723554,0.15494591477235437,0.15494591477235373,0.15494591477235437,0.1549459147723554,0.15494591477235597,0.15494591477235498,0.15494591477235437,0.15494591477235498,0.15494591477235597,0.15494591477235703,0.15494591477235597,0.1549459147723554,0.15494591477235597,0.15494591477235703,0.1535782208027446,0.1535782208027414,0.1535782208027394,0.1535782208027414,0.1535782208027446,0.1535782208027414,0.15357822080273817,0.15357822080273617,0.15357822080273817,0.1535782208027414,0.1535782208027394,0.15357822080273617,0.15357822080273395,0.15357822080273617,0.1535782208027394,0.1535782208027414,0.15357822080273817,0.15357822080273617,0.15357822080273817,0.1535782208027414,0.1535782208027446,0.1535782208027414,0.1535782208027394,0.1535782208027414,0.1535782208027446,0.15223780395393785,0.152237803953928,0.1522378039539219,0.152237803953928,0.15223780395393785,0.152237803953928,0.15223780395391778,0.15223780395391145,0.15223780395391778,0.152237803953928,0.1522378039539219,0.15223780395391145,0.15223780395390457,0.15223780395391145,0.1522378039539219,0.152237803953928,0.15223780395391778,0.15223780395391145,0.15223780395391778,0.152237803953928,0.15223780395393785,0.152237803953928,0.1522378039539219,0.152237803953928,0.15223780395393785,0.15092409303154292,0.15092409303151344,0.1509240930314947,0.15092409303151344,0.15092409303154292,0.15092409303151344,0.1509240930314814,0.15092409303146076,0.1509240930314814,0.15092409303151344,0.1509240930314947,0.15092409303146076,0.15092409303143914,0.15092409303146076,0.1509240930314947,0.15092409303151344,0.1509240930314814,0.15092409303146076,0.1509240930314814,0.15092409303151344,0.15092409303154292,0.15092409303151344,0.1509240930314947,0.15092409303151344,0.15092409303154292,0.14963652317386808,0.14963652317377846,0.14963652317372136,0.14963652317377846,0.14963652317386808,0.14963652317377846,0.149636523173679,0.1496365231736147,0.149636523173679,0.14963652317377846,0.14963652317372136,0.1496365231736147,0.1496365231735455,0.1496365231736147,0.14963652317372136,0.14963652317377846,0.149636523173679,0.1496365231736147,0.149636523173679,0.14963652317377846,0.14963652317386808,0.14963652317377846,0.14963652317372136,0.14963652317377846,0.14963652317386808,0.148374536437408,0.14837453643714113,0.14837453643696838,0.14837453643714113,0.148374536437408,0.14837453643714113,0.14837453643683476,0.14837453643663165,0.14837453643683476,0.14837453643714113,0.14837453643696838,0.14837453643663165,0.14837453643640705,0.14837453643663165,0.14837453643696838,0.14837453643714113,0.14837453643683476,0.14837453643663165,0.14837453643683476,0.14837453643714113,0.148374536437408,0.14837453643714113,0.14837453643696838,0.14837453643714113,0.148374536437408,0.14713758230534074,0.14713758230456123,0.14713758230404259,0.14713758230456123,0.14713758230534074,0.14713758230456123,0.1471375823036226,0.14713758230297316,0.1471375823036226,0.14713758230456123,0.14713758230404259,0.14713758230297316,0.1471375823022175,0.14713758230297316,0.14713758230404259,0.14713758230456123,0.1471375823036226,0.14713758230297316,0.1471375823036226,0.14713758230456123,0.14713758230534074,0.14713758230456123,0.14713758230404259,0.14713758230456123,0.14713758230534074,0.1459251181258092,0.14592511812359835,0.14592511812206024,0.14592511812359835,0.1459251181258092,0.14592511812359835,0.14592511812074932,0.14592511811863287,0.14592511812074932,0.14592511812359835,0.14592511812206024,0.14592511811863287,0.14592511811595638,0.14592511811863287,0.14592511812206024,0.14592511812359835,0.14592511812074932,0.14592511811863287,0.14592511812074932,0.14592511812359835,0.1459251181258092,0.14592511812359835,0.14592511812206024,0.14592511812359835,0.1459251181258092,0.1447366094865872,0.1447366094806019,0.14473660947614145,0.1447366094806019,0.1447366094865872,0.1447366094806019,0.14473660947212663,0.14473660946507236,0.14473660947212663,0.1447366094806019,0.14473660947614145,0.14473660946507236,0.14473660945483643,0.14473660946507236,0.14473660947614145,0.1447366094806019,0.14473660947212663,0.14473660946507236,0.14473660947212663,0.1447366094806019,0.1447366094865872,0.1447366094806019,0.14473660947614145,0.1447366094806019,0.1447366094865872,0.14357153053281935,0.14357153051781427,0.14357153050542415,0.14357153051781427,0.14357153053281935,0.14357153051781427,0.1435715304936586,0.14357153046973187,0.1435715304936586,0.14357153051781427,0.14357153050542415,0.14357153046973187,0.14357153042633425,0.14357153046973187,0.14357153050542415,0.14357153051781427,0.1435715304936586,0.14357153046973187,0.1435715304936586,0.14357153051781427,0.14357153053281935,0.14357153051781427,0.14357153050542415,0.14357153051781427,0.14357153053281935,0.14242936423445945,0.14242936420155153,0.14242936417013258,0.14242936420155153,0.14242936423445945,0.14242936420155153,0.14242936413877622,0.14242936405882076,0.14242936413877622,0.14242936420155153,0.14242936417013258,0.14242936405882076,0.14242936385095956,0.14242936405882076,0.14242936417013258,0.14242936420155153,0.14242936413877622,0.14242936405882076,0.14242936413877622,0.14242936420155153,0.14242936423445945,0.14242936420155153,0.14242936417013258,0.14242936420155153,0.14242936423445945,0.1413096026068074,0.14130960255106056,0.14130960248710542,0.14130960255106056,0.1413096026068074,0.14130960255106056,0.14130960242097323,0.14130960218688546,0.14130960242097323,0.14130960255106056,0.14130960248710542,0.14130960218688546,0.1413096010591919,0.14130960218688546,0.14130960248710542,0.14130960255106056,0.14130960242097323,0.14130960218688546,0.14130960242097323,0.14130960255106056,0.1413096026068074,0.14130960255106056,0.14130960248710542,0.14130960255106056,0.1413096026068074,0.14021174687150012,0.14021174682027057,0.14021174675845477,0.14021174682027057,0.14021174687150012,0.14021174682027057,0.14021174669392572,0.14021174645282444,0.14021174669392572,0.14021174682027057,0.14021174675845477,0.14021174645282444,0.14021174523789384,0.14021174645282444,0.14021174675845477,0.14021174682027057,0.14021174669392572,0.14021174645282444,0.14021174669392572,0.14021174682027057,0.14021174687150012,0.14021174682027057,0.14021174675845477,0.14021174682027057,0.14021174687150012,0.13913530751907793,0.13913530750798592,0.13913530749483513,0.13913530750798592,0.13913530751907793,0.13913530750798592,0.1391353074809518,0.13913530743660774,0.1391353074809518,0.13913530750798592,0.13913530749483513,0.13913530743660774,0.13913530729241222,0.13913530743660774,0.13913530749483513,0.13913530750798592,0.1391353074809518,0.13913530743660774,0.1391353074809518,0.13913530750798592,0.13913530751907793,0.13913530750798592,0.13913530749483513,0.13913530750798592,0.13913530751907793,0.1380798043844492,0.13807980442111353,0.13807980446014306,0.13807980442111353,0.1380798043844492,0.13807980442111353,0.13807980450030125,0.13807980461655564,0.13807980450030125,0.13807980442111353,0.13807980446014306,0.13807980461655564,0.13807980496348557,0.13807980461655564,0.13807980446014306,0.13807980442111353,0.13807980450030125,0.13807980461655564,0.13807980450030125,0.13807980442111353,0.1380798043844492,0.13807980442111353,0.13807980446014306,0.13807980442111353,0.1380798043844492,0.1370447667646541,0.13704476684118935,0.13704476693635959,0.13704476684118935,0.1370447667646541,0.13704476684118935,0.1370447670355976,0.13704476743433244,0.1370447670355976,0.13704476684118935,0.13704476693635959,0.13704476743433244,0.13704476966757326,0.13704476743433244,0.13704476693635959,0.13704476684118935,0.1370447670355976,0.13704476743433244,0.1370447670355976,0.13704476684118935,0.1370447667646541,0.13704476684118935,0.13704476693635959,0.13704476684118935,0.1370447667646541,0.1360297334824134,0.1360297335374624,0.136029733591901,0.1360297335374624,0.1360297334824134,0.1360297335374624,0.13602973364674883,0.136029733794316,0.13602973364674883,0.1360297335374624,0.136029733591901,0.136029733794316,0.13602973420648107,0.136029733794316,0.136029733591901,0.1360297335374624,0.13602973364674883,0.136029733794316,0.13602973364674883,0.1360297335374624,0.1360297334824134,0.1360297335374624,0.136029733591901,0.1360297335374624,0.1360297334824134,0.1350342530022969,0.13503425303711244,0.1350342530659958,0.13503425303711244,0.1350342530022969,0.13503425303711244,0.13503425309350087,0.13503425314971057,0.13503425309350087,0.13503425303711244,0.1350342530659958,0.13503425314971057,0.13503425325237836,0.13503425314971057,0.1350342530659958,0.13503425303711244,0.13503425309350087,0.13503425314971057,0.13503425309350087,0.13503425303711244,0.1350342530022969,0.13503425303711244,0.1350342530659958,0.13503425303711244,0.1350342530022969
0.16533248765686653,0.16533248765686653,0.16533248765686653,0.16533248765686653,0.16533248765686653,0.16533248765686653,0.16533248765686653,0.16533248765686653,0.16533248765686653,0.16533248765686653,0.16533248765686653,0.16533248765686653,0.16533248765686653,0.16533248765686653,0.16533248765686653,0.16533248765686653,0.16533248765686653,0.16533248765686653,0.16533248765686653,0.16533248765686653,0.16533248765686653,0.16533248765686653,0.16533248765686653,0.16533248765686653,0.16533248765686653,0.16375749394063094,0.16375749394063094,0.16375749394063094,0.16375749394063094,0.16375749394063094,0.16375749394063094,0.16375749394063094,0.16375749394063094,0.16375749394063094,0.16375749394063094,0.16375749394063094,0.16375749394063094,0.16375749394063094,0.16375749394063094,0.16375749394063094,0.16375749394063094,0.16375749394063094,0.16375749394063094,0.16375749394063094,0.16375749394063094,0.16375749394063094,0.16375749394063094,0.16375749394063094,0.16375749394063094,0.16375749394063094,0.16221388415624494,0.16221388415624494,0.16221388415624494,0.16221388415624494,0.16221388415624494,0.16221388415624494,0.16221388415624494,0.16221388415624494,0.16221388415624494,0.16221388415624494,0.16221388415624494,0.16221388415624494,0.16221388415624494,0.16221388415624494,0.16221388415624494,0.16221388415624494,0.16221388415624494,0.16221388415624494,0.16221388415624494,0.16221388415624494,0.16221388415624494,0.16221388415624494,0.16221388415624494,0.16221388415624494,0.16221388415624494,0.16070106726074865,0.16070106726074865,0.16070106726074865,0.16070106726074865,0.16070106726074865,0.16070106726074865,0.16070106726074865,0.16070106726074865,0.16070106726074865,0.16070106726074865,0.16070106726074865,0.16070106726074865,0.16070106726074843,0.16070106726074865,0.16070106726074865,0.16070106726074865,0.16070106726074865,0.16070106726074865,0.16070106726074865,0.16070106726074865,0.16070106726074865,0.16070106726074865,0.16070106726074865,0.16070106726074865,0.16070106726074865,0.15921845162911974,0.15921845162911974,0.15921845162911974,0.15921845162911974,0.15921845162911974,0.15921845162911974,0.15921845162911974,0.15921845162911974,0.15921845162911974,0.15921845162911974,0.15921845162911974,0.15921845162911974,0.15921845162911974,0.15921845162911974,0.15921845162911974,0.15921845162911974,0.15921845162911974,0.15921845162911974,0.15921845162911974,0.15921845162911974,0.15921845162911974,0.15921845162911974,0.15921845162911974,0.15921845162911974,0.15921845162911974,0.15776544640612553,0.15776544640612553,0.15776544640612533,0.15776544640612553,0.15776544640612553,0.15776544640612553,0.15776544640612533,0.15776544640612533,0.15776544640612533,0.15776544640612553,0.15776544640612533,0.15776544640612533,0.1577654464061251,0.15776544640612533,0.15776544640612533,0.15776544640612553,0.15776544640612533,0.15776544640612533,0.15776544640612533,0.15776544640612553,0.15776544640612553,0.15776544640612553,0.15776544640612533,0.15776544640612553,0.15776544640612553,0.1563414627206447,0.15634146272064428,0.15634146272064411,0.15634146272064428,0.1563414627206447,0.15634146272064428,0.15634146272064411,0.1563414627206439,0.15634146272064411,0.15634146272064428,0.15634146272064411,0.1563414627206439,0.15634146272064367,0.1563414627206439,0.15634146272064411,0.15634146272064428,0.15634146272064411,0.1563414627206439,0.15634146272064411,0.15634146272064428,0.1563414627206447,0.15634146272064428,0.15634146272064411,0.15634146272064428,0.1563414627206447,0.15494591477272876,0.15494591477272776,0.15494591477272712,0.15494591477272776,0.15494591477272876,0.15494591477272776,0.15494591477272673,0.1549459147727261,0.15494591477272673,0.15494591477272776,0.15494591477272712,0.1549459147727261,0.15494591477272548,0.1549459147727261,0.15494591477272712,0.15494591477272776,0.15494591477272673,0.1549459147727261,0.15494591477272673,0.15494591477272776,0.15494591477272876,0.15494591477272776,0.15494591477272712,0.15494591477272776,0.15494591477272876,0.15357822080310732,0.15357822080310413,0.15357822080310232,0.15357822080310413,0.15357822080310732,0.15357822080310413,0.1535782208031009,0.1535782208030989,0.1535782208031009,0.15357822080310413,0.15357822080310232,0.1535782208030989,0.15357822080309688,0.1535782208030989,0.15357822080310232,0.15357822080310413,0.1535782208031009,0.1535782208030989,0.1535782208031009,0.15357822080310413,0.15357822080310732,0.15357822080310413,0.15357822080310232,0.15357822080310413,0.15357822080310732,0.15223780395429173,0.15223780395428194,0.15223780395427583,0.15223780395428194,0.15223780395429173,0.15223780395428194,0.1522378039542717,0.15223780395426517,0.1522378039542717,0.15223780395428194,0.15223780395427583,0.15223780395426517,0.1522378039542585,0.15223780395426517,0.15223780395427583,0.15223780395428194,0.1522378039542717,0.15223780395426517,0.1522378039542717,0.15223780395428194,0.15223780395429173,0.15223780395428194,0.15223780395427583,0.15223780395428194,0.15223780395429173,0.15092409303188808,0.15092409303185836,0.15092409303183965,0.15092409303185836,0.15092409303188808,0.15092409303185836,0.15092409303182636,0.1509240930318059,0.15092409303182636,0.15092409303185836,0.15092409303183965,0.1509240930318059,0.15092409303178408,0.1509240930318059,0.15092409303183965,0.15092409303185836,0.15092409303182636,0.1509240930318059,0.15092409303182636,0.15092409303185836,0.15092409303188808,0.15092409303185836,0.15092409303183965,0.15092409303185836,0.15092409303188808,0.14963652317420428,0.14963652317411466,0.14963652317405773,0.14963652317411466,0.14963652317420428,0.14963652317411466,0.14963652317401518,0.1496365231739509,0.14963652317401518,0.14963652317411466,0.14963652317405773,0.1496365231739509,0.14963652317388187,0.1496365231739509,0.14963652317405773,0.14963652317411466,0.14963652317401518,0.1496365231739509,0.14963652317401518,0.14963652317411466,0.14963652317420428,0.14963652317411466,0.14963652317405773,0.14963652317411466,0.14963652317420428,0.1483745364377351,0.14837453643746842,0.14837453643729587,0.14837453643746842,0.1483745364377351,0.14837453643746842,0.14837453643716245,0.1483745364369595,0.14837453643716245,0.14837453643746842,0.14837453643729587,0.1483745364369595,0.14837453643673507,0.1483745364369595,0.14837453643729587,0.14837453643746842,0.14837453643716245,0.1483745364369595,0.14837453643716245,0.14837453643746842,0.1483745364377351,0.14837453643746842,0.14837453643729587,0.14837453643746842,0.1483745364377351,0.14713758230565824,0.14713758230487967,0.14713758230436158,0.14713758230487967,0.14713758230565824,0.14713758230487967,0.14713758230394194,0.14713758230329327,0.14713758230394194,0.14713758230487967,0.14713758230436158,0.14713758230329327,0.14713758230253848,0.14713758230329327,0.14713758230436158,0.14713758230487967,0.14713758230394194,0.14713758230329327,0.14713758230394194,0.14713758230487967,0.14713758230565824,0.14713758230487967,0.14713758230436158,0.14713758230487967,0.14713758230565824,0.14592511812611564,0.1459251181239073,0.14592511812237077,0.1459251181239073,0.14592511812611564,0.1459251181239073,0.14592511812106113,0.14592511811894693,0.14592511812106113,0.1459251181239073,0.14592511812237077,0.14592511811894693,0.14592511811627332,0.14592511811894693,0.14592511812237077,0.1459251181239073,0.14592511812106113,0.14592511811894693,0.14592511812106113,0.1459251181239073,0.14592511812611564,0.1459251181239073,0.14592511812237077,0.1459251181239073,0.14592511812611564,0.14473660948687786,0.144736609480899,0.14473660947644326,0.144736609480899,0.14473660948687786,0.144736609480899,0.1447366094724328,0.14473660946538586,0.1447366094724328,0.144736609480899,0.14473660947644326,0.14473660946538586,0.14473660945516073,0.14473660946538586,0.14473660947644326,0.144736609480899,0.1447366094724328,0.14473660946538586,0.1447366094724328,0.144736609480899,0.14473660948687786,0.144736609480899,0.14473660947644326,0.144736609480899,0.14473660948687786,0.14357153053308097,0.14357153051809216,0.14357153050571522,0.14357153051809216,0.14357153053308097,0.14357153051809216,0.14357153049396215,0.14357153047006077,0.14357153049396215,0.14357153051809216,0.14357153050571522,0.14357153047006077,0.1435715304267088,0.14357153047006077,0.14357153050571522,0.14357153051809216,0.14357153049396215,0.14357153047006077,0.14357153049396215,0.14357153051809216,0.14357153053308097,0.14357153051809216,0.14357153050571522,0.14357153051809216,0.14357153053308097,0.1424293642346587,0.14242936420178637,0.14242936417040133,0.14242936420178637,0.1424293642346587,0.14242936420178637,0.1424293641390785,0.14242936405920775,0.1424293641390785,0.14242936420178637,0.14242936417040133,0.14242936405920775,0.14242936385156363,0.14242936405920775,0.14242936417040133,0.14242936420178637,0.1424293641390785,0.14242936405920775,0.1424293641390785,0.14242936420178637,0.1424293642346587,0.14242936420178637,0.14242936417040133,0.14242936420178637,0.1424293642346587,0.14130960260687023,0.1413096025511849,0.14130960248729915,0.1413096025511849,0.14130960260687023,0.1413096025511849,0.14130960242123902,0.1413096021874012,0.14130960242123902,0.1413096025511849,0.14130960248729915,0.1413096021874012,0.14130960106087176,0.1413096021874012,0.14130960248729915,0.1413096025511849,0.14130960242123902,0.1413096021874012,0.14130960242123902,0.1413096025511849,0.14130960260687023,0.1413096025511849,0.14130960248729915,0.1413096025511849,0.14130960260687023,0.1402117468712984,0.14021174682012819,0.1402117467583846,0.14021174682012819,0.1402117468712984,0.14021174682012819,0.14021174669393105,0.14021174645311632,0.14021174669393105,0.14021174682012819,0.1402117467583846,0.14021174645311632,0.1402117452396633,0.14021174645311632,0.1402117467583846,0.14021174682012819,0.14021174669393105,0.14021174645311632,0.14021174669393105,0.14021174682012819,0.1402117468712984,0.14021174682012819,0.1402117467583846,0.14021174682012819,0.1402117468712984,0.13913530751848563,0.13913530750740755,0.13913530749427333,0.13913530750740755,0.13913530751848563,0.13913530750740755,0.1391353074804076,0.13913530743611902,0.1391353074804076,0.13913530750740755,0.13913530749427333,0.13913530743611902,0.13913530729210374,0.13913530743611902,0.13913530749427333,0.13913530750740755,0.1391353074804076,0.13913530743611902,0.1391353074804076,0.13913530750740755,0.13913530751848563,0.13913530750740755,0.13913530749427333,0.13913530750740755,0.13913530751848563,0.1380798043834323,0.138079804420056,0.13807980445904225,0.138079804420056,0.1380798043834323,0.138079804420056,0.13807980449915613,0.13807980461528122,0.13807980449915613,0.138079804420056,0.13807980445904225,0.13807980461528122,0.13807980496182387,0.13807980461528122,0.13807980445904225,0.138079804420056,0.13807980449915613,0.13807980461528122,0.13807980449915613,0.138079804420056,0.1380798043834323,0.138079804420056,0.13807980445904225,0.138079804420056,0.1380798043834323,0.13704476676329044,0.13704476683973998,0.13704476693480314,0.13704476683973998,0.13704476676329044,0.13704476683973998,0.13704476703392976,0.13704476743221575,0.13704476703392976,0.13704476683973998,0.13704476693480314,0.13704476743221575,0.1370447696629654,0.13704476743221575,0.13704476693480314,0.13704476683973998,0.13704476703392976,0.13704476743221575,0.13704476703392976,0.13704476683973998,0.13704476676329044,0.13704476683973998,0.13704476693480314,0.13704476683973998,0.13704476676329044,0.13602973348087566,0.1360297335358628,0.13602973359024023,0.1360297335358628,0.13602973348087566,0.1360297335358628,0.13602973364502624,0.13602973379242736,0.13602973364502624,0.1360297335358628,0.13602973359024023,0.13602973379242736,0.1360297342041283,0.13602973379242736,0.13602973359024023,0.1360297335358628,0.13602973364502624,0.13602973379242736,0.13602973364502624,0.1360297335358628,0.13602973348087566,0.1360297335358628,0.13602973359024023,0.1360297335358628,0.13602973348087566,0.13503425300071006,0.13503425303548655,0.13503425306433745,0.13503425303548655,0.13503425300071006,0.13503425303548655,0.1350342530918115,0.13503425314795775,0.1350342530918115,0.13503425303548655,0.13503425306433745,0.13503425314795775,0.13503425325051013,0.13503425314795792,0.13503425306433745,0.13503425303548655,0.1350342530918115,0.13503425314795792,0.1350342530918115,0.13503425303548655,0.13503425300071006,0.13503425303548655,0.13503425306433745,0.13503425303548655,0.13503425300071006
0.1653324876572885,0.1653324876572885,0.1653324876572885,0.1653324876572885,0.1653324876572885,0.1653324876572885,0.1653324876572885,0.1653324876572885,0.1653324876572885,0.1653324876572885,0.1653324876572885,0.1653324876572885,0.1653324876572885,0.1653324876572885,0.1653324876572885,0.1653324876572885,0.1653324876572885,0.1653324876572885,0.1653324876572885,0.1653324876572885,0.1653324876572885,0.1653324876572885,0.1653324876572885,0.1653324876572885,0.1653324876572885,0.16375749394104472,0.16375749394104472,0.16375749394104472,0.16375749394104472,0.16375749394104472,0.16375749394104472,0.16375749394104472,0.16375749394104472,0.16375749394104472,0.16375749394104472,0.16375749394104472,0.16375749394104472,0.16375749394104472,0.16375749394104472,0.16375749394104472,0.16375749394104472,0.16375749394104472,0.16375749394104472,0.16375749394104472,0.16375749394104472,0.16375749394104472,0.16375749394104472,0.16375749394104472,0.16375749394104472,0.16375749394104472,0.16221388415665022,0.16221388415665022,0.16221388415665022,0.16221388415665022,0.16221388415665022,0.16221388415665022,0.16221388415665022,0.16221388415665022,0.16221388415665022,0.16221388415665022,0.16221388415665022,0.16221388415665022,0.16221388415665022,0.16221388415665022,0.16221388415665022,0.16221388415665022,0.16221388415665022,0.16221388415665022,0.16221388415665022,0.16221388415665022,0.16221388415665022,0.16221388415665022,0.16221388415665022,0.16221388415665022,0.16221388415665022,0.1607010672611454,0.1607010672611454,0.1607010672611454,0.1607010672611454,0.1607010672611454,0.1607010672611454,0.1607010672611454,0.1607010672611454,0.1607010672611454,0.1607010672611454,0.1607010672611454,0.1607010672611454,0.1607010672611454,0.1607010672611454,0.1607010672611454,0.1607010672611454,0.1607010672611454,0.1607010672611454,0.1607010672611454,0.1607010672611454,0.1607010672611454,0.1607010672611454,0.1607010672611454,0.1607010672611454,0.1607010672611454,0.15921845162950857,0.15921845162950837,0.15921845162950837,0.15921845162950837,0.15921845162950857,0.15921845162950837,0.15921845162950837,0.15921845162950837,0.15921845162950837,0.15921845162950837,0.15921845162950837,0.15921845162950837,0.15921845162950837,0.15921845162950837,0.15921845162950837,0.15921845162950837,0.15921845162950837,0.15921845162950837,0.15921845162950837,0.15921845162950837,0.15921845162950857,0.15921845162950837,0.15921845162950837,0.15921845162950837,0.15921845162950857,0.1577654464065062,0.15776544640650597,0.15776544640650597,0.15776544640650597,0.1577654464065062,0.15776544640650597,0.15776544640650597,0.15776544640650597,0.15776544640650597,0.15776544640650597,0.15776544640650597,0.15776544640650597,0.15776544640650575,0.15776544640650597,0.15776544640650597,0.15776544640650597,0.15776544640650597,0.15776544640650597,0.15776544640650597,0.15776544640650597,0.1577654464065062,0.15776544640650597,0.15776544640650597,0.15776544640650597,0.1577654464065062,0.15634146272101734,0.15634146272101693,0.1563414627210167,0.15634146272101693,0.15634146272101734,0.15634146272101693,0.1563414627210167,0.1563414627210165,0.1563414627210167,0.15634146272101693,0.1563414627210167,0.1563414627210165,0.15634146272101632,0.1563414627210165,0.1563414627210167,0.15634146272101693,0.1563414627210167,0.1563414627210165,0.1563414627210167,0.15634146272101693,0.15634146272101734,0.15634146272101693,0.1563414627210167,0.15634146272101693,0.15634146272101734,0.15494591477309352,0.15494591477309252,0.15494591477309191,0.15494591477309252,0.15494591477309352,0.15494591477309252,0.1549459147730915,0.1549459147730909,0.1549459147730915,0.15494591477309252,0.15494591477309191,0.1549459147730909,0.15494591477309005,0.1549459147730909,0.15494591477309191,0.15494591477309252,0.1549459147730915,0.1549459147730909,0.1549459147730915,0.15494591477309252,0.15494591477309352,0.15494591477309252,0.15494591477309191,0.15494591477309252,0.15494591477309352,0.15357822080346423,0.153578220803461,0.1535782208034592,0.153578220803461,0.15357822080346423,0.153578220803461,0.15357822080345782,0.1535782208034558,0.15357822080345782,0.153578220803461,0.1535782208034592,0.1535782208034558,0.1535782208034538,0.1535782208034558,0.1535782208034592,0.153578220803461,0.15357822080345782,0.1535782208034558,0.15357822080345782,0.153578220803461,0.15357822080346423,0.153578220803461,0.1535782208034592,0.153578220803461,0.15357822080346423,0.15223780395464076,0.1522378039546311,0.15223780395462502,0.1522378039546311,0.15223780395464076,0.1522378039546311,0.1522378039546209,0.1522378039546144,0.1522378039546209,0.1522378039546311,0.15223780395462502,0.1522378039546144,0.1522378039546077,0.1522378039546144,0.15223780395462502,0.1522378039546311,0.1522378039546209,0.1522378039546144,0.1522378039546209,0.1522378039546311,0.15223780395464076,0.1522378039546311,0.15223780395462502,0.1522378039546311,0.15223780395464076,0.15092409303222953,0.15092409303219984,0.15092409303218132,0.15092409303219984,0.15092409303222953,0.15092409303219984,0.150924093032168,0.15092409303214735,0.150924093032168,0.15092409303219984,0.15092409303218132,0.15092409303214735,0.15092409303212576,0.15092409303214735,0.15092409303218132,0.15092409303219984,0.150924093032168,0.15092409303214735,0.150924093032168,0.15092409303219984,0.15092409303222953,0.15092409303219984,0.15092409303218132,0.15092409303219984,0.15092409303222953,0.14963652317453818,0.14963652317444878,0.14963652317439186,0.14963652317444878,0.14963652317453818,0.14963652317444878,0.1496365231743495,0.14963652317428522,0.1496365231743495,0.14963652317444878,0.14963652317439186,0.14963652317428522,0.14963652317421622,0.14963652317428522,0.14963652317439186,0.14963652317444878,0.1496365231743495,0.14963652317428522,0.1496365231743495,0.14963652317444878,0.14963652317453818,0.14963652317444878,0.14963652317439186,0.14963652317444878,0.14963652317453818,0.14837453643806128,0.14837453643779516,0.1483745364376228,0.14837453643779516,0.14837453643806128,0.14837453643779516,0.14837453643748935,0.14837453643728662,0.14837453643748935,0.14837453643779516,0.1483745364376228,0.14837453643728662,0.14837453643706255,0.14837453643728662,0.1483745364376228,0.14837453643779516,0.14837453643748935,0.14837453643728662,0.14837453643748935,0.14837453643779516,0.14837453643806128,0.14837453643779516,0.1483745364376228,0.14837453643779516,0.14837453643806128,0.1471375823059765,0.14713758230519866,0.1471375823046811,0.14713758230519866,0.1471375823059765,0.14713758230519866,0.14713758230426202,0.14713758230361407,0.14713758230426202,0.14713758230519866,0.1471375823046811,0.14713758230361407,0.14713758230286,0.14713758230361407,0.1471375823046811,0.14713758230519866,0.14713758230426202,0.14713758230361407,0.14713758230426202,0.14713758230519866,0.1471375823059765,0.14713758230519866,0.1471375823046811,0.14713758230519866,0.1471375823059765,0.14592511812642422,0.14592511812421802,0.14592511812268327,0.14592511812421802,0.14592511812642422,0.14592511812421802,0.14592511812137504,0.1459251181192632,0.14592511812137504,0.14592511812421802,0.14592511812268327,0.1459251181192632,0.14592511811659223,0.1459251181192632,0.14592511812268327,0.14592511812421802,0.14592511812137504,0.1459251181192632,0.14592511812137504,0.14592511812421802,0.14592511812642422,0.14592511812421802,0.14592511812268327,0.14592511812421802,0.14592511812642422,0.14473660948717176,0.1447366094811994,0.14473660947674835,0.1447366094811994,0.14473660948717176,0.1447366094811994,0.1447366094727421,0.14473660946570285,0.1447366094727421,0.1447366094811994,0.14473660947674835,0.14473660946570285,0.14473660945548839,0.14473660946570285,0.14473660947674835,0.1447366094811994,0.1447366094727421,0.14473660946570285,0.1447366094727421,0.1447366094811994,0.14473660948717176,0.1447366094811994,0.14473660947674835,0.1447366094811994,0.14473660948717176,0.1435715305333474,0.14357153051837465,0.1435715305060109,0.14357153051837465,0.1435715305333474,0.14357153051837465,0.14357153049427032,0.14357153047039425,0.14357153049427032,0.14357153051837465,0.1435715305060109,0.14357153047039425,0.14357153042708765,0.14357153047039425,0.1435715305060109,0.14357153051837465,0.14357153049427032,0.14357153047039425,0.14357153049427032,0.14357153051837465,0.1435715305333474,0.14357153051837465,0.1435715305060109,0.14357153051837465,0.1435715305333474,0.14242936423486408,0.14242936420202726,0.14242936417067592,0.14242936420202726,0.14242936423486408,0.14242936420202726,0.14242936413938664,0.1424293640596006,0.14242936413938664,0.14242936420202726,0.14242936417067592,0.1424293640596006,0.14242936385217309,0.1424293640596006,0.14242936417067592,0.14242936420202726,0.14242936413938664,0.1424293640596006,0.14242936413938664,0.14242936420202726,0.14242936423486408,0.14242936420202726,0.14242936417067592,0.14242936420202726,0.14242936423486408,0.14130960260694062,0.14130960255131633,0.1413096024875003,0.14130960255131633,0.14130960260694062,0.14130960255131633,0.14130960242151186,0.14130960218792338,0.14130960242151186,0.14130960255131633,0.1413096024875003,0.14130960218792338,0.1413096010625442,0.14130960218792338,0.1413096024875003,0.14130960255131633,0.14130960242151186,0.14130960218792338,0.14130960242151186,0.14130960255131633,0.14130960260694062,0.14130960255131633,0.1413096024875003,0.14130960255131633,0.14130960260694062,0.1402117468711054,0.14021174681999451,0.1402117467583232,0.14021174681999451,0.1402117468711054,0.14021174681999451,0.14021174669394507,0.14021174645341608,0.14021174669394507,0.14021174681999451,0.1402117467583232,0.14021174645341608,0.14021174524145122,0.14021174645341608,0.1402117467583232,0.14021174681999451,0.14021174669394507,0.14021174645341608,0.14021174669394507,0.14021174681999451,0.1402117468711054,0.14021174681999451,0.1402117467583232,0.14021174681999451,0.1402117468711054,0.13913530751790365,0.13913530750683975,0.13913530749372216,0.13913530750683975,0.13913530751790365,0.13913530750683975,0.1391353074798738,0.1391353074356407,0.1391353074798738,0.13913530750683975,0.13913530749372216,0.1391353074356407,0.1391353072918052,0.1391353074356407,0.13913530749372216,0.13913530750683975,0.1391353074798738,0.1391353074356407,0.1391353074798738,0.13913530750683975,0.13913530751790365,0.13913530750683975,0.13913530749372216,0.13913530750683975,0.13913530751790365,0.1380798043824273,0.13807980441901074,0.13807980445795387,0.13807980441901074,0.1380798043824273,0.13807980441901074,0.13807980449802337,0.1380798046140193,0.13807980449802337,0.13807980441901074,0.13807980445795387,0.1380798046140193,0.1380798049601753,0.1380798046140193,0.13807980445795387,0.13807980441901074,0.13807980449802337,0.1380798046140193,0.13807980449802337,0.13807980441901074,0.1380798043824273,0.13807980441901074,0.13807980445795387,0.13807980441901074,0.1380798043824273,0.13704476676194005,0.13704476683830394,0.13704476693326037,0.13704476683830394,0.13704476676194005,0.13704476683830394,0.1370447670322757,0.1370447674301138,0.1370447670322757,0.13704476683830394,0.13704476693326037,0.1370447674301138,0.13704476965833884,0.1370447674301138,0.13704476693326037,0.13704476683830394,0.1370447670322757,0.1370447674301138,0.1370447670322757,0.13704476683830394,0.13704476676194005,0.13704476683830394,0.13704476693326037,0.13704476683830394,0.13704476676194005,0.1360297334793518,0.13602973353427736,0.13602973358859347,0.13602973353427736,0.1360297334793518,0.13602973353427736,0.13602973364331805,0.13602973379055341,0.13602973364331805,0.13602973353427736,0.13602973358859347,0.13602973379055341,0.13602973420179104,0.13602973379055341,0.13602973358859347,0.13602973353427736,0.13602973364331805,0.13602973379055341,0.13602973364331805,0.13602973353427736,0.1360297334793518,0.13602973353427736,0.13602973358859347,0.13602973353427736,0.1360297334793518,0.13503425299913727,0.13503425303387456,0.13503425306269312,0.13503425303387456,0.13503425299913727,0.13503425303387456,0.1350342530901362,0.13503425314621953,0.13503425309013634,0.13503425303387456,0.13503425306269312,0.13503425314621953,0.13503425324865642,0.13503425314621953,0.13503425306269312,0.13503425303387456,0.13503425309013634,0.13503425314621953,0.1350342530901362,0.13503425303387456,0.13503425299913727,0.13503425303387456,0.13503425306269312,0.13503425303387456,0.13503425299913727
0.16533248765770617,0.16533248765770617,0.16533248765770617,0.16533248765770617,0.16533248765770617,0.16533248765770617,0.16533248765770617,0.16533248765770617,0.16533248765770617,0.16533248765770617,0.16533248765770617,0.16533248765770617,0.16533248765770617,0.16533248765770617,0.16533248765770617,0.16533248765770617,0.16533248765770617,0.16533248765770617,0.16533248765770617,0.16533248765770617,0.16533248765770617,0.16533248765770617,0.16533248765770617,0.16533248765770617,0.16533248765770617,0.16375749394145386,0.16375749394145386,0.16375749394145386,0.16375749394145386,0.16375749394145386,0.16375749394145386,0.16375749394145386,0.16375749394145386,0.16375749394145386,0.16375749394145386,0.16375749394145386,0.16375749394145386,0.16375749394145386,0.16375749394145386,0.16375749394145386,0.16375749394145386,0.16375749394145386,0.16375749394145386,0.16375749394145386,0.16375749394145386,0.16375749394145386,0.16375749394145386,0.16375749394145386,0.16375749394145386,0.16375749394145386,0.1622138841570512,0.1622138841570512,0.1622138841570512,0.1622138841570512,0.1622138841570512,0.1622138841570512,0.1622138841570512,0.1622138841570512,0.1622138841570512,0.1622138841570512,0.1622138841570512,0.1622138841570512,0.1622138841570512,0.1622138841570512,0.1622138841570512,0.1622138841570512,0.1622138841570512,0.1622138841570512,0.1622138841570512,0.1622138841570512,0.1622138841570512,0.1622138841570512,0.1622138841570512,0.1622138841570512,0.1622138841570512,0.1607010672615384,0.1607010672615384,0.1607010672615384,0.1607010672615384,0.1607010672615384,0.1607010672615384,0.1607010672615384,0.1607010672615384,0.1607010672615384,0.1607010672615384,0.1607010672615384,0.1607010672615384,0.1607010672615384,0.1607010672615384,0.1607010672615384,0.1607010672615384,0.1607010672615384,0.1607010672615384,0.1607010672615384,0.1607010672615384,0.1607010672615384,0.1607010672615384,0.1607010672615384,0.1607010672615384,0.1607010672615384,0.1592184516298935,0.1592184516298935,0.1592184516298935,0.1592184516298935,0.1592184516298935,0.1592184516298935,0.1592184516298933,0.1592184516298933,0.1592184516298933,0.1592184516298935,0.1592184516298935,0.1592184516298933,0.1592184516298933,0.1592184516298933,0.1592184516298935,0.1592184516298935,0.1592184516298933,0.1592184516298933,0.1592184516298933,0.1592184516298935,0.1592184516298935,0.1592184516298935,0.1592184516298935,0.1592184516298935,0.1592184516298935,0.1577654464068832,0.1577654464068832,0.1577654464068832,0.1577654464068832,0.1577654464068832,0.1577654464068832,0.15776544640688298,0.15776544640688298,0.15776544640688298,0.1577654464068832,0.1577654464068832,0.15776544640688298,0.15776544640688298,0.15776544640688298,0.1577654464068832,0.1577654464068832,0.15776544640688298,0.15776544640688298,0.15776544640688298,0.1577654464068832,0.1577654464068832,0.1577654464068832,0.1577654464068832,0.1577654464068832,0.1577654464068832,0.15634146272138683,0.1563414627213864,0.15634146272138622,0.1563414627213864,0.15634146272138683,0.1563414627213864,0.156341462721386,0.156341462721386,0.15634146272138622,0.1563414627213864,0.15634146272138622,0.156341462721386,0.1563414627213858,0.156341462721386,0.15634146272138622,0.1563414627213864,0.15634146272138622,0.156341462721386,0.156341462721386,0.1563414627213864,0.15634146272138683,0.1563414627213864,0.15634146272138622,0.1563414627213864,0.15634146272138683,0.15494591477345546,0.15494591477345443,0.15494591477345382,0.15494591477345443,0.15494591477345546,0.15494591477345443,0.1549459147734534,0.1549459147734528,0.1549459147734534,0.15494591477345443,0.15494591477345382,0.1549459147734528,0.154945914773452,0.1549459147734526,0.15494591477345382,0.15494591477345443,0.1549459147734534,0.1549459147734526,0.1549459147734534,0.15494591477345443,0.15494591477345546,0.15494591477345443,0.15494591477345382,0.15494591477345443,0.15494591477345546,0.15357822080381872,0.1535782208038155,0.1535782208038135,0.1535782208038155,0.15357822080381872,0.1535782208038155,0.15357822080381228,0.15357822080381028,0.15357822080381228,0.1535782208038155,0.1535782208038135,0.15357822080381028,0.15357822080380806,0.15357822080381028,0.1535782208038135,0.1535782208038155,0.15357822080381228,0.15357822080381028,0.15357822080381228,0.1535782208038155,0.15357822080381872,0.1535782208038155,0.1535782208038135,0.1535782208038155,0.15357822080381872,0.15223780395498798,0.15223780395497835,0.15223780395497225,0.15223780395497835,0.15223780395498798,0.15223780395497835,0.1522378039549681,0.1522378039549616,0.1522378039549681,0.15223780395497835,0.15223780395497225,0.1522378039549616,0.15223780395495493,0.1522378039549616,0.15223780395497225,0.15223780395497835,0.1522378039549681,0.1522378039549616,0.1522378039549681,0.15223780395497835,0.15223780395498798,0.15223780395497835,0.15223780395497225,0.15223780395497835,0.15223780395498798,0.15092409303256948,0.15092409303253995,0.15092409303252124,0.15092409303253995,0.15092409303256948,0.15092409303253995,0.15092409303250792,0.15092409303248747,0.15092409303250792,0.15092409303253995,0.15092409303252124,0.15092409303248747,0.15092409303246584,0.15092409303248747,0.15092409303252124,0.15092409303253995,0.15092409303250792,0.15092409303248747,0.15092409303250792,0.15092409303253995,0.15092409303256948,0.15092409303253995,0.15092409303252124,0.15092409303253995,0.15092409303256948,0.14963652317487097,0.14963652317478154,0.14963652317472464,0.14963652317478154,0.14963652317487097,0.14963652317478154,0.14963652317468246,0.14963652317461817,0.14963652317468246,0.14963652317478154,0.14963652317472464,0.14963652317461817,0.14963652317454937,0.14963652317461817,0.14963652317472464,0.14963652317478154,0.14963652317468246,0.14963652317461817,0.14963652317468246,0.14963652317478154,0.14963652317487097,0.14963652317478154,0.14963652317472464,0.14963652317478154,0.14963652317487097,0.1483745364383869,0.14837453643812096,0.1483745364379488,0.14837453643812096,0.1483745364383869,0.14837453643812096,0.14837453643781554,0.14837453643761314,0.14837453643781554,0.14837453643812096,0.1483745364379488,0.14837453643761314,0.14837453643738907,0.14837453643761314,0.1483745364379488,0.14837453643812096,0.14837453643781554,0.14837453643761314,0.14837453643781554,0.14837453643812096,0.1483745364383869,0.14837453643812096,0.1483745364379488,0.14837453643812096,0.1483745364383869,0.1471375823062944,0.14713758230551746,0.14713758230500046,0.14713758230551746,0.1471375823062944,0.14713758230551746,0.14713758230458177,0.1471375823039343,0.14713758230458177,0.14713758230551746,0.14713758230500046,0.1471375823039343,0.1471375823031812,0.1471375823039343,0.14713758230500046,0.14713758230551746,0.14713758230458177,0.1471375823039343,0.14713758230458177,0.14713758230551746,0.1471375823062944,0.14713758230551746,0.14713758230500046,0.14713758230551746,0.1471375823062944,0.14592511812673284,0.1459251181245291,0.1459251181229958,0.1459251181245291,0.14592511812673284,0.1459251181245291,0.14592511812168915,0.14592511811957945,0.14592511812168915,0.1459251181245291,0.1459251181229958,0.14592511811957945,0.14592511811691133,0.14592511811957945,0.1459251181229958,0.1459251181245291,0.14592511812168915,0.14592511811957945,0.14592511812168915,0.1459251181245291,0.14592511812673284,0.1459251181245291,0.1459251181229958,0.1459251181245291,0.14592511812673284,0.1447366094874666,0.1447366094815005,0.1447366094770542,0.1447366094815005,0.1447366094874666,0.1447366094815005,0.14473660947305228,0.14473660946602035,0.14473660947305228,0.1447366094815005,0.1447366094770542,0.14473660946602035,0.1447366094558165,0.14473660946602035,0.1447366094770542,0.1447366094815005,0.14473660947305228,0.14473660946602035,0.14473660947305228,0.1447366094815005,0.1447366094874666,0.1447366094815005,0.1447366094770542,0.1447366094815005,0.1447366094874666,0.14357153053361482,0.1435715305186582,0.14357153050630778,0.1435715305186582,0.14357153053361482,0.1435715305186582,0.1435715304945797,0.1435715304707288,0.1435715304945797,0.1435715305186582,0.14357153050630778,0.1435715304707288,0.1435715304274675,0.1435715304707288,0.14357153050630778,0.1435715305186582,0.1435715304945797,0.1435715304707288,0.1435715304945797,0.1435715305186582,0.14357153053361482,0.1435715305186582,0.14357153050630778,0.1435715305186582,0.14357153053361482,0.14242936423507105,0.14242936420226984,0.14242936417095206,0.14242936420226984,0.14242936423507105,0.14242936420226984,0.14242936413969615,0.14242936405999448,0.14242936413969615,0.14242936420226984,0.14242936417095206,0.14242936405999448,0.14242936385278337,0.14242936405999448,0.14242936417095206,0.14242936420226984,0.14242936413969615,0.14242936405999448,0.14242936413969615,0.14242936420226984,0.14242936423507105,0.14242936420226984,0.14242936417095206,0.14242936420226984,0.14242936423507105,0.14130960260701314,0.14130960255145003,0.14130960248770325,0.14130960255145003,0.14130960260701314,0.14130960255145003,0.14130960242178653,0.1413096021884472,0.14130960242178653,0.14130960255145003,0.14130960248770325,0.1413096021884472,0.1413096010642522,0.1413096021884472,0.14130960248770325,0.14130960255145003,0.14130960242178653,0.1413096021884472,0.14130960242178653,0.14130960255145003,0.14130960260701314,0.14130960255145003,0.14130960248770325,0.14130960255145003,0.14130960260701314,0.1402117468709156,0.14021174681986373,0.1402117467582645,0.14021174681986373,0.1402117468709156,0.14021174681986373,0.1402117466939615,0.14021174645371778,0.1402117466939615,0.14021174681986373,0.1402117467582645,0.14021174645371778,0.1402117452431973,0.14021174645371778,0.1402117467582645,0.14021174681986373,0.1402117466939615,0.14021174645371778,0.1402117466939615,0.14021174681986373,0.1402117468709156,0.14021174681986373,0.1402117467582645,0.14021174681986373,0.1402117468709156,0.1391353075173259,0.13913530750627592,0.1391353074931748,0.13913530750627592,0.1391353075173259,0.13913530750627592,0.13913530747934394,0.1391353074351662,0.13913530747934394,0.13913530750627592,0.1391353074931748,0.1391353074351662,0.13913530729151002,0.1391353074351662,0.1391353074931748,0.13913530750627592,0.13913530747934394,0.1391353074351662,0.13913530747934394,0.13913530750627592,0.1391353075173259,0.13913530750627592,0.1391353074931748,0.13913530750627592,0.1391353075173259,0.13807980438142747,0.13807980441797071,0.13807980445687076,0.13807980441797071,0.13807980438142747,0.13807980441797071,0.13807980449689594,0.1380798046127632,0.13807980449689594,0.13807980441797071,0.13807980445687076,0.1380798046127632,0.13807980495853323,0.1380798046127632,0.13807980445687076,0.13807980441797071,0.13807980449689594,0.1380798046127632,0.13807980449689594,0.13807980441797071,0.13807980438142747,0.13807980441797071,0.13807980445687076,0.13807980441797071,0.13807980438142747,0.13704476676059568,0.13704476683687403,0.13704476693172402,0.13704476683687403,0.13704476676059568,0.13704476683687403,0.13704476703062818,0.13704476742801944,0.13704476703062818,0.13704476683687403,0.13704476693172402,0.13704476742801944,0.1370447696537358,0.13704476742801944,0.13704476693172402,0.13704476683687403,0.13704476703062818,0.13704476742801944,0.13704476703062818,0.13704476683687403,0.13704476676059568,0.13704476683687403,0.13704476693172402,0.13704476683687403,0.13704476676059568,0.13602973347783448,0.13602973353269832,0.13602973358695347,0.13602973353269832,0.13602973347783448,0.13602973353269832,0.1360297336416166,0.13602973378868644,0.1360297336416166,0.13602973353269832,0.13602973358695347,0.13602973378868644,0.13602973419946188,0.13602973378868644,0.13602973358695347,0.13602973353269832,0.1360297336416166,0.13602973378868644,0.1360297336416166,0.13602973353269832,0.13602973347783448,0.13602973353269832,0.13602973358695347,0.13602973353269832,0.13602973347783448,0.13503425299757107,0.13503425303226932,0.13503425306105543,0.13503425303226932,0.13503425299757107,0.13503425303226932,0.13503425308846775,0.13503425314448794,0.13503425308846775,0.13503425303226932,0.13503425306105543,0.13503425314448794,0.13503425324680987,0.13503425314448794,0.13503425306105543,0.13503425303226932,0.13503425308846775,0.13503425314448794,0.13503425308846775,0.13503425303226932,0.13503425299757107,0.13503425303226932,0.13503425306105543,0.13503425303226932,0.13503425299757107
0.16533248765812175,0.16533248765812175,0.16533248765812175,0.16533248765812175,0.16533248765812175,0.16533248765812175,0.16533248765812175,0.16533248765812175,0.16533248765812175,0.16533248765812175,0.16533248765812175,0.16533248765812175,0.16533248765812175,0.16533248765812175,0.16533248765812175,0.16533248765812175,0.16533248765812175,0.16533248765812175,0.16533248765812175,0.16533248765812175,0.16533248765812175,0.16533248765812175,0.16533248765812175,0.16533248765812175,0.16533248765812175,0.16375749394186115,0.16375749394186115,0.16375749394186115,0.16375749394186115,0.16375749394186115,0.16375749394186115,0.16375749394186115,0.16375749394186115,0.16375749394186115,0.16375749394186115,0.16375749394186115,0.16375749394186115,0.16375749394186115,0.16375749394186115,0.16375749394186115,0.16375749394186115,0.16375749394186115,0.16375749394186115,0.16375749394186115,0.16375749394186115,0.16375749394186115,0.16375749394186115,0.16375749394186115,0.16375749394186115,0.16375749394186115,0.16221388415745042,0.16221388415745042,0.16221388415745042,0.16221388415745042,0.16221388415745042,0.16221388415745042,0.16221388415745042,0.16221388415745042,0.16221388415745042,0.16221388415745042,0.16221388415745042,0.16221388415745042,0.16221388415745042,0.16221388415745042,0.16221388415745042,0.16221388415745042,0.16221388415745042,0.16221388415745042,0.16221388415745042,0.16221388415745042,0.16221388415745042,0.16221388415745042,0.16221388415745042,0.16221388415745042,0.16221388415745042,0.16070106726192962,0.16070106726192962,0.16070106726192962,0.16070106726192962,0.16070106726192962,0.16070106726192962,0.16070106726192962,0.16070106726192962,0.16070106726192962,0.16070106726192962,0.16070106726192962,0.16070106726192962,0.1607010672619294,0.16070106726192962,0.16070106726192962,0.16070106726192962,0.16070106726192962,0.16070106726192962,0.16070106726192962,0.16070106726192962,0.16070106726192962,0.16070106726192962,0.16070106726192962,0.16070106726192962,0.16070106726192962,0.15921845163027668,0.15921845163027668,0.15921845163027668,0.15921845163027668,0.15921845163027668,0.15921845163027668,0.15921845163027668,0.15921845163027668,0.15921845163027668,0.15921845163027668,0.15921845163027668,0.15921845163027668,0.15921845163027668,0.15921845163027668,0.15921845163027668,0.15921845163027668,0.15921845163027668,0.15921845163027668,0.15921845163027668,0.15921845163027668,0.15921845163027668,0.15921845163027668,0.15921845163027668,0.15921845163027668,0.15921845163027668,0.15776544640725873,0.15776544640725873,0.15776544640725873,0.15776544640725873,0.15776544640725873,0.15776544640725873,0.1577654464072585,0.1577654464072585,0.1577654464072585,0.15776544640725873,0.15776544640725873,0.1577654464072585,0.1577654464072585,0.1577654464072585,0.15776544640725873,0.15776544640725873,0.1577654464072585,0.1577654464072585,0.1577654464072585,0.15776544640725873,0.15776544640725873,0.15776544640725873,0.15776544640725873,0.15776544640725873,0.15776544640725873,0.15634146272175467,0.15634146272175445,0.15634146272175425,0.15634146272175445,0.15634146272175467,0.15634146272175445,0.15634146272175403,0.1563414627217538,0.15634146272175403,0.15634146272175445,0.15634146272175425,0.1563414627217538,0.1563414627217536,0.1563414627217538,0.15634146272175425,0.15634146272175445,0.15634146272175403,0.1563414627217538,0.15634146272175403,0.15634146272175445,0.15634146272175467,0.15634146272175445,0.15634146272175425,0.15634146272175445,0.15634146272175467,0.15494591477381592,0.1549459147738149,0.15494591477381428,0.1549459147738149,0.15494591477381592,0.1549459147738149,0.15494591477381386,0.15494591477381328,0.15494591477381386,0.1549459147738149,0.15494591477381428,0.15494591477381328,0.15494591477381242,0.15494591477381328,0.15494591477381428,0.1549459147738149,0.15494591477381386,0.15494591477381328,0.15494591477381386,0.1549459147738149,0.15494591477381592,0.1549459147738149,0.15494591477381428,0.1549459147738149,0.15494591477381592,0.1535782208041718,0.1535782208041688,0.15357822080416678,0.1535782208041688,0.1535782208041718,0.1535782208041688,0.15357822080416555,0.15357822080416336,0.15357822080416555,0.1535782208041688,0.15357822080416678,0.15357822080416336,0.15357822080416136,0.15357822080416336,0.15357822080416678,0.1535782208041688,0.15357822080416555,0.15357822080416336,0.15357822080416555,0.1535782208041688,0.1535782208041718,0.1535782208041688,0.15357822080416678,0.1535782208041688,0.1535782208041718,0.152237803955334,0.15223780395532438,0.15223780395531827,0.15223780395532438,0.152237803955334,0.15223780395532438,0.15223780395531417,0.15223780395530767,0.15223780395531417,0.15223780395532438,0.15223780395531827,0.15223780395530767,0.15223780395530095,0.15223780395530767,0.15223780395531827,0.15223780395532438,0.15223780395531417,0.15223780395530767,0.15223780395531417,0.15223780395532438,0.152237803955334,0.15223780395532438,0.15223780395531827,0.15223780395532438,0.152237803955334,0.15092409303290844,0.1509240930328789,0.15092409303286017,0.1509240930328789,0.15092409303290844,0.1509240930328789,0.1509240930328471,0.15092409303282645,0.1509240930328471,0.1509240930328789,0.15092409303286017,0.15092409303282645,0.15092409303280482,0.15092409303282645,0.15092409303286017,0.1509240930328789,0.1509240930328471,0.15092409303282645,0.1509240930328471,0.1509240930328789,0.15092409303290844,0.1509240930328789,0.15092409303286017,0.1509240930328789,0.15092409303290844,0.14963652317520282,0.14963652317511358,0.14963652317505685,0.14963652317511358,0.14963652317520282,0.14963652317511358,0.1496365231750147,0.14963652317495038,0.1496365231750147,0.14963652317511358,0.14963652317505685,0.14963652317495038,0.14963652317488177,0.14963652317495038,0.14963652317505685,0.14963652317511358,0.1496365231750147,0.14963652317495038,0.1496365231750147,0.14963652317511358,0.14963652317520282,0.14963652317511358,0.14963652317505685,0.14963652317511358,0.14963652317520282,0.1483745364387118,0.14837453643844623,0.14837453643827422,0.14837453643844623,0.1483745364387118,0.14837453643844623,0.14837453643814097,0.1483745364379388,0.14837453643814097,0.14837453643844623,0.14837453643827422,0.1483745364379388,0.1483745364377151,0.1483745364379388,0.14837453643827422,0.14837453643844623,0.14837453643814097,0.1483745364379388,0.1483745364381412,0.14837453643844623,0.1483745364387118,0.14837453643844623,0.14837453643827422,0.14837453643844623,0.1483745364387118,0.14713758230661178,0.14713758230583573,0.14713758230531926,0.14713758230583573,0.14713758230661178,0.14713758230583573,0.14713758230490112,0.14713758230425442,0.14713758230490112,0.14713758230583573,0.14713758230531926,0.14713758230425442,0.147137582303502,0.14713758230425442,0.14713758230531926,0.14713758230583573,0.14713758230490112,0.14713758230425442,0.14713758230490112,0.14713758230583573,0.14713758230661178,0.14713758230583573,0.14713758230531926,0.14713758230583573,0.14713758230661178,0.1459251181270412,0.14592511812483983,0.1459251181233083,0.14592511812483983,0.1459251181270412,0.14592511812483983,0.14592511812200293,0.14592511811989534,0.14592511812200293,0.14592511812483983,0.1459251181233083,0.14592511811989534,0.14592511811723025,0.14592511811989534,0.1459251181233083,0.14592511812483983,0.14592511812200293,0.14592511811989534,0.14592511812200293,0.14592511812483983,0.1459251181270412,0.14592511812483983,0.1459251181233083,0.14592511812483983,0.1459251181270412,0.14473660948776104,0.1447366094818014,0.1447366094773598,0.1447366094818014,0.14473660948776104,0.1447366094818014,0.1447366094733621,0.14473660946633768,0.1447366094733621,0.1447366094818014,0.1447366094773598,0.14473660946633768,0.14473660945614467,0.14473660946633768,0.1447366094773598,0.1447366094818014,0.1447366094733621,0.14473660946633768,0.1447366094733621,0.1447366094818014,0.14473660948776104,0.1447366094818014,0.1447366094773598,0.1447366094818014,0.14473660948776104,0.14357153053388244,0.14357153051894173,0.14357153050660448,0.14357153051894173,0.14357153053388244,0.14357153051894173,0.14357153049488888,0.1435715304710633,0.14357153049488888,0.14357153051894173,0.14357153050660448,0.1435715304710633,0.1435715304278472,0.1435715304710633,0.14357153050660448,0.14357153051894173,0.14357153049488888,0.1435715304710633,0.14357153049488888,0.14357153051894173,0.14357153053388244,0.14357153051894173,0.14357153050660448,0.14357153051894173,0.14357153053388244,0.14242936423527838,0.14242936420251257,0.1424293641712283,0.14242936420251257,0.14242936423527838,0.14242936420251257,0.142429364140006,0.14242936406038853,0.142429364140006,0.14242936420251257,0.1424293641712283,0.14242936406038853,0.1424293638533933,0.14242936406038853,0.1424293641712283,0.14242936420251257,0.142429364140006,0.14242936406038853,0.142429364140006,0.14242936420251257,0.14242936423527838,0.14242936420251257,0.1424293641712283,0.14242936420251257,0.14242936423527838,0.14130960260708633,0.1413096025515842,0.14130960248790686,0.1413096025515842,0.14130960260708633,0.1413096025515842,0.1413096024220615,0.14130960218897087,0.1413096024220615,0.1413096025515842,0.14130960248790686,0.14130960218897087,0.14130960106595752,0.14130960218897087,0.14130960248790686,0.1413096025515842,0.1413096024220615,0.14130960218897087,0.1413096024220615,0.1413096025515842,0.14130960260708633,0.1413096025515842,0.14130960248790686,0.1413096025515842,0.14130960260708633,0.14021174687072693,0.14021174681973425,0.14021174675820677,0.14021174681973425,0.14021174687072693,0.14021174681973425,0.1402117466939788,0.14021174645401965,0.1402117466939788,0.14021174681973425,0.14021174675820677,0.14021174645401965,0.14021174524498042,0.14021174645401965,0.14021174675820677,0.14021174681973425,0.1402117466939788,0.14021174645401965,0.1402117466939788,0.14021174681973425,0.14021174687072693,0.14021174681973425,0.14021174675820677,0.14021174681973425,0.14021174687072693,0.1391353075167502,0.13913530750571432,0.13913530749262962,0.13913530750571432,0.1391353075167502,0.13913530750571432,0.13913530747881603,0.13913530743469363,0.13913530747881603,0.13913530750571432,0.13913530749262962,0.13913530743469363,0.13913530729121626,0.13913530743469363,0.13913530749262962,0.13913530750571432,0.13913530747881603,0.13913530743469363,0.13913530747881603,0.13913530750571432,0.1391353075167502,0.13913530750571432,0.13913530749262962,0.13913530750571432,0.1391353075167502,0.1380798043804307,0.13807980441693363,0.13807980445579074,0.13807980441693363,0.1380798043804307,0.13807980441693363,0.13807980449577173,0.13807980461151043,0.13807980449577173,0.13807980441693363,0.13807980445579074,0.13807980461151043,0.13807980495689537,0.13807980461151043,0.13807980445579074,0.13807980441693363,0.13807980449577173,0.13807980461151043,0.13807980449577173,0.13807980441693363,0.1380798043804307,0.13807980441693363,0.13807980445579074,0.13807980441693363,0.1380798043804307,0.137044766759255,0.13704476683544803,0.1370447669301916,0.13704476683544803,0.137044766759255,0.13704476683544803,0.13704476702898494,0.1370447674259301,0.13704476702898494,0.13704476683544803,0.1370447669301916,0.1370447674259301,0.13704476964914297,0.1370447674259301,0.1370447669301916,0.13704476683544803,0.13704476702898494,0.1370447674259301,0.13704476702898494,0.13704476683544803,0.137044766759255,0.13704476683544803,0.1370447669301916,0.13704476683544803,0.137044766759255,0.13602973347632105,0.13602973353112346,0.1360297335853178,0.13602973353112346,0.13602973347632105,0.13602973353112346,0.1360297336399196,0.13602973378682426,0.13602973363991946,0.13602973353112346,0.1360297335853178,0.13602973378682426,0.13602973419713835,0.13602973378682426,0.1360297335853178,0.13602973353112346,0.13602973363991946,0.13602973378682426,0.1360297336399196,0.13602973353112346,0.13602973347632105,0.13602973353112346,0.1360297335853178,0.13602973353112346,0.13602973347632105,0.13503425299600894,0.1350342530306683,0.1350342530594221,0.1350342530306683,0.13503425299600894,0.1350342530306683,0.13503425308680372,0.135034253142761,0.13503425308680372,0.1350342530306683,0.1350342530594221,0.135034253142761,0.13503425324496796,0.135034253142761,0.1350342530594221,0.1350342530306683,0.13503425308680372,0.135034253142761,0.13503425308680372,0.1350342530306683,0.13503425299600894,0.1350342530306683,0.1350342530594221,0.1350342530306683,0.13503425299600894
0.16533248765853614,0.16533248765853614,0.16533248765853614,0.16533248765853614,0.16533248765853614,0.16533248765853614,0.16533248765853614,0.16533248765853614,0.16533248765853614,0.16533248765853614,0.16533248765853614,0.16533248765853614,0.16533248765853614,0.16533248765853614,0.16533248765853614,0.16533248765853614,0.16533248765853614,0.16533248765853614,0.16533248765853614,0.16533248765853614,0.16533248765853614,0.16533248765853614,0.16533248765853614,0.16533248765853614,0.16533248765853614,0.1637574939422673,0.1637574939422673,0.1637574939422673,0.1637574939422673,0.1637574939422673,0.1637574939422673,0.1637574939422673,0.1637574939422673,0.1637574939422673,0.1637574939422673,0.1637574939422673,0.1637574939422673,0.1637574939422673,0.1637574939422673,0.1637574939422673,0.1637574939422673,0.1637574939422673,0.1637574939422673,0.1637574939422673,0.1637574939422673,0.1637574939422673,0.1637574939422673,0.1637574939422673,0.1637574939422673,0.1637574939422673,0.16221388415784843,0.16221388415784843,0.16221388415784843,0.16221388415784843,0.16221388415784843,0.16221388415784843,0.16221388415784843,0.16221388415784843,0.16221388415784843,0.16221388415784843,0.16221388415784843,0.16221388415784843,0.16221388415784843,0.16221388415784843,0.16221388415784843,0.16221388415784843,0.16221388415784843,0.16221388415784843,0.16221388415784843,0.16221388415784843,0.16221388415784843,0.16221388415784843,0.16221388415784843,0.16221388415784843,0.16221388415784843,0.1607010672623197,0.16070106726231947,0.16070106726231947,0.16070106726231947,0.1607010672623197,0.16070106726231947,0.16070106726231947,0.16070106726231947,0.16070106726231947,0.16070106726231947,0.16070106726231947,0.16070106726231947,0.16070106726231947,0.16070106726231947,0.16070106726231947,0.16070106726231947,0.16070106726231947,0.16070106726231947,0.16070106726231947,0.16070106726231947,0.1607010672623197,0.16070106726231947,0.16070106726231947,0.16070106726231947,0.1607010672623197,0.159218451630659,0.159218451630659,0.159218451630659,0.159218451630659,0.159218451630659,0.159218451630659,0.159218451630659,0.15921845163065879,0.159218451630659,0.159218451630659,0.159218451630659,0.15921845163065879,0.15921845163065879,0.15921845163065879,0.159218451630659,0.159218451630659,0.159218451630659,0.15921845163065879,0.159218451630659,0.159218451630659,0.159218451630659,0.159218451630659,0.159218451630659,0.159218451630659,0.159218451630659,0.1577654464076334,0.15776544640763318,0.15776544640763318,0.1577654464076334,0.1577654464076334,0.15776544640763318,0.15776544640763318,0.15776544640763318,0.15776544640763318,0.1577654464076334,0.15776544640763318,0.15776544640763318,0.15776544640763296,0.15776544640763318,0.15776544640763318,0.1577654464076334,0.15776544640763318,0.15776544640763318,0.15776544640763318,0.1577654464076334,0.1577654464076334,0.1577654464076334,0.15776544640763318,0.1577654464076334,0.1577654464076334,0.15634146272212182,0.1563414627221214,0.15634146272212124,0.1563414627221214,0.15634146272212182,0.1563414627221214,0.15634146272212102,0.15634146272212082,0.15634146272212102,0.1563414627221214,0.15634146272212124,0.15634146272212082,0.1563414627221206,0.15634146272212082,0.15634146272212124,0.1563414627221214,0.15634146272212102,0.15634146272212082,0.15634146272212102,0.1563414627221214,0.15634146272212182,0.1563414627221214,0.15634146272212124,0.1563414627221214,0.15634146272212182,0.15494591477417557,0.15494591477417455,0.15494591477417394,0.15494591477417455,0.15494591477417557,0.15494591477417455,0.15494591477417355,0.1549459147741729,0.15494591477417355,0.15494591477417455,0.15494591477417394,0.1549459147741729,0.1549459147741721,0.1549459147741729,0.15494591477417394,0.15494591477417455,0.15494591477417355,0.1549459147741729,0.15494591477417355,0.15494591477417455,0.15494591477417557,0.15494591477417455,0.15494591477417394,0.15494591477417455,0.15494591477417557,0.15357822080452427,0.15357822080452105,0.15357822080451927,0.15357822080452105,0.15357822080452427,0.15357822080452105,0.15357822080451786,0.15357822080451583,0.15357822080451786,0.15357822080452105,0.15357822080451927,0.15357822080451583,0.1535782208045138,0.15357822080451583,0.15357822080451927,0.15357822080452105,0.15357822080451786,0.15357822080451583,0.15357822080451786,0.15357822080452105,0.15357822080452427,0.15357822080452105,0.15357822080451927,0.15357822080452105,0.15357822080452427,0.1522378039556793,0.15223780395566963,0.15223780395566353,0.15223780395566963,0.1522378039556793,0.15223780395566963,0.1522378039556594,0.1522378039556529,0.1522378039556594,0.15223780395566963,0.15223780395566353,0.1522378039556529,0.15223780395564623,0.1522378039556529,0.15223780395566353,0.15223780395566963,0.1522378039556594,0.1522378039556529,0.1522378039556594,0.15223780395566963,0.1522378039556793,0.15223780395566963,0.15223780395566353,0.15223780395566963,0.1522378039556793,0.1509240930332466,0.1509240930332171,0.15092409303319856,0.1509240930332171,0.1509240930332466,0.1509240930332171,0.15092409303318527,0.15092409303316484,0.15092409303318527,0.1509240930332171,0.15092409303319856,0.15092409303316484,0.1509240930331432,0.15092409303316484,0.15092409303319856,0.1509240930332171,0.15092409303318527,0.15092409303316484,0.15092409303318527,0.1509240930332171,0.1509240930332466,0.1509240930332171,0.15092409303319856,0.1509240930332171,0.1509240930332468,0.1496365231755343,0.14963652317544504,0.14963652317538834,0.14963652317544504,0.1496365231755343,0.14963652317544504,0.14963652317534615,0.14963652317528206,0.14963652317534615,0.14963652317544504,0.14963652317538834,0.14963652317528206,0.14963652317521342,0.14963652317528206,0.14963652317538834,0.14963652317544504,0.14963652317534615,0.14963652317528206,0.14963652317534615,0.14963652317544504,0.1496365231755343,0.14963652317544504,0.14963652317538834,0.14963652317544504,0.1496365231755343,0.14837453643903634,0.14837453643877094,0.14837453643859913,0.14837453643877094,0.14837453643903634,0.14837453643877094,0.14837453643846604,0.14837453643826404,0.14837453643846604,0.14837453643877094,0.14837453643859913,0.14837453643826404,0.14837453643804052,0.14837453643826404,0.14837453643859913,0.14837453643877094,0.14837453643846604,0.14837453643826404,0.14837453643846604,0.14837453643877094,0.14837453643903634,0.14837453643877094,0.14837453643859913,0.14837453643877094,0.14837453643903634,0.14713758230692875,0.14713758230615365,0.14713758230563753,0.14713758230615365,0.14713758230692875,0.14713758230615365,0.14713758230521995,0.14713758230457377,0.14713758230521995,0.14713758230615365,0.14713758230563753,0.14713758230457377,0.14713758230382226,0.14713758230457377,0.14713758230563753,0.14713758230615365,0.14713758230521995,0.14713758230457377,0.14713758230521995,0.14713758230615365,0.14713758230692875,0.14713758230615365,0.14713758230563753,0.14713758230615365,0.14713758230692875,0.14592511812734907,0.14592511812515016,0.14592511812362008,0.14592511812515016,0.14592511812734907,0.14592511812515016,0.1459251181223161,0.14592511812021086,0.1459251181223161,0.14592511812515016,0.14592511812362008,0.14592511812021086,0.14592511811754844,0.14592511812021086,0.14592511812362008,0.14592511812515016,0.1459251181223161,0.14592511812021086,0.1459251181223161,0.14592511812515016,0.14592511812734907,0.14592511812515016,0.14592511812362008,0.14592511812515016,0.14592511812734907,0.1447366094880552,0.14473660948210182,0.1447366094776651,0.14473660948210182,0.1447366094880552,0.14473660948210182,0.14473660947367156,0.14473660946665468,0.14473660947367156,0.14473660948210182,0.1447366094776651,0.14473660946665468,0.1447366094564723,0.14473660946665468,0.1447366094776651,0.14473660948210182,0.14473660947367156,0.14473660946665468,0.14473660947367156,0.14473660948210182,0.1447366094880552,0.14473660948210182,0.1447366094776651,0.14473660948210182,0.1447366094880552,0.14357153053414973,0.14357153051922508,0.14357153050690086,0.14357153051922508,0.14357153053414973,0.14357153051922508,0.14357153049519777,0.1435715304713973,0.14357153049519777,0.14357153051922508,0.14357153050690086,0.1435715304713973,0.14357153042822657,0.1435715304713973,0.14357153050690086,0.14357153051922508,0.14357153049519777,0.1435715304713973,0.14357153049519777,0.14357153051922508,0.14357153053414973,0.14357153051922508,0.14357153050690086,0.14357153051922508,0.14357153053414973,0.14242936423548555,0.14242936420275515,0.14242936417150429,0.14242936420275515,0.14242936423548555,0.14242936420275515,0.14242936414031532,0.14242936406078208,0.14242936414031532,0.14242936420275515,0.14242936417150429,0.14242936406078208,0.1424293638540026,0.14242936406078208,0.14242936417150429,0.14242936420275515,0.14242936414031532,0.14242936406078208,0.14242936414031532,0.14242936420275515,0.14242936423548555,0.14242936420275515,0.14242936417150429,0.14242936420275515,0.14242936423548555,0.1413096026071597,0.14130960255171843,0.14130960248811014,0.14130960255171843,0.1413096026071597,0.14130960255171843,0.1413096024223363,0.14130960218949387,0.1413096024223363,0.14130960255171843,0.14130960248811014,0.14130960218949387,0.14130960106763477,0.14130960218949387,0.14130960248811014,0.14130960255171843,0.1413096024223363,0.14130960218949387,0.1413096024223363,0.14130960255171843,0.1413096026071597,0.14130960255171843,0.14130960248811014,0.14130960255171843,0.1413096026071597,0.14021174687053908,0.14021174681960524,0.14021174675814937,0.14021174681960524,0.14021174687053908,0.14021174681960524,0.14021174669399633,0.1402117464543212,0.14021174669399633,0.14021174681960524,0.14021174675814937,0.1402117464543212,0.14021174524671565,0.1402117464543212,0.14021174675814937,0.14021174681960524,0.14021174669399633,0.1402117464543212,0.14021174669399633,0.14021174681960524,0.14021174687053908,0.14021174681960524,0.14021174675814937,0.14021174681960524,0.14021174687053908,0.13913530751617595,0.13913530750515396,0.13913530749208572,0.13913530750515396,0.13913530751617595,0.13913530750515396,0.1391353074782895,0.13913530743422212,0.1391353074782895,0.13913530750515396,0.13913530749208572,0.13913530743422212,0.13913530729092327,0.13913530743422212,0.13913530749208572,0.13913530750515396,0.1391353074782895,0.13913530743422212,0.1391353074782895,0.13913530750515396,0.13913530751617595,0.13913530750515396,0.13913530749208572,0.13913530750515396,0.13913530751617595,0.1380798043794361,0.13807980441589904,0.1380798044547132,0.13807980441589904,0.1380798043794361,0.13807980441589904,0.13807980449465,0.13807980461026034,0.13807980449465,0.13807980441589904,0.1380798044547132,0.13807980461026034,0.13807980495526095,0.13807980461026034,0.1380798044547132,0.13807980441589904,0.13807980449465,0.13807980461026034,0.13807980449465,0.13807980441589904,0.1380798043794361,0.13807980441589904,0.1380798044547132,0.13807980441589904,0.1380798043794361,0.13704476675791735,0.13704476683402522,0.1370447669286627,0.13704476683402522,0.13704476675791735,0.13704476683402522,0.13704476702734533,0.13704476742384533,0.13704476702734533,0.13704476683402522,0.1370447669286627,0.13704476742384533,0.1370447696445576,0.13704476742384533,0.1370447669286627,0.13704476683402522,0.13704476702734533,0.13704476742384533,0.13704476702734533,0.13704476683402522,0.13704476675791735,0.13704476683402522,0.1370447669286627,0.13704476683402522,0.13704476675791735,0.1360297334748112,0.136029733529552,0.13602973358368567,0.136029733529552,0.1360297334748112,0.136029733529552,0.13602973363822624,0.13602973378496624,0.13602973363822624,0.136029733529552,0.13602973358368567,0.13602973378496624,0.13602973419481973,0.13602973378496624,0.13602973358368567,0.136029733529552,0.13602973363822624,0.13602973378496624,0.13602973363822624,0.136029733529552,0.1360297334748112,0.136029733529552,0.13602973358368567,0.136029733529552,0.1360297334748112,0.1350342529944503,0.13503425302907093,0.13503425305779237,0.13503425302907093,0.1350342529944503,0.13503425302907093,0.1350342530851433,0.13503425314103787,0.1350342530851433,0.13503425302907093,0.13503425305779237,0.13503425314103787,0.13503425324313004,0.13503425314103787,0.13503425305779237,0.13503425302907093,0.1350342530851433,0.13503425314103787,0.1350342530851433,0.13503425302907093,0.1350342529944503,0.13503425302907093,0.13503425305779237,0.13503425302907093,0.1350342529944503
0.16533248765894962,0.16533248765894962,0.16533248765894962,0.16533248765894962,0.16533248765894962,0.16533248765894962,0.16533248765894962,0.16533248765894962,0.16533248765894962,0.16533248765894962,0.16533248765894962,0.16533248765894962,0.16533248765894962,0.16533248765894962,0.16533248765894962,0.16533248765894962,0.16533248765894962,0.16533248765894962,0.16533248765894962,0.16533248765894962,0.16533248765894962,0.16533248765894962,0.16533248765894962,0.16533248765894962,0.16533248765894962,0.1637574939426725,0.1637574939426725,0.1637574939426725,0.1637574939426725,0.1637574939426725,0.1637574939426725,0.1637574939426725,0.1637574939426725,0.1637574939426725,0.1637574939426725,0.1637574939426725,0.1637574939426725,0.1637574939426725,0.1637574939426725,0.1637574939426725,0.1637574939426725,0.1637574939426725,0.1637574939426725,0.1637574939426725,0.1637574939426725,0.1637574939426725,0.1637574939426725,0.1637574939426725,0.1637574939426725,0.1637574939426725,0.16221388415824559,0.16221388415824559,0.16221388415824559,0.16221388415824559,0.16221388415824559,0.16221388415824559,0.16221388415824559,0.16221388415824559,0.16221388415824559,0.16221388415824559,0.16221388415824559,0.16221388415824559,0.16221388415824536,0.16221388415824536,0.16221388415824559,0.16221388415824559,0.16221388415824559,0.16221388415824536,0.16221388415824559,0.16221388415824559,0.16221388415824559,0.16221388415824559,0.16221388415824559,0.16221388415824559,0.16221388415824559,0.1607010672627087,0.1607010672627087,0.1607010672627087,0.1607010672627087,0.1607010672627087,0.1607010672627087,0.1607010672627087,0.1607010672627087,0.1607010672627087,0.1607010672627087,0.1607010672627087,0.1607010672627087,0.1607010672627087,0.1607010672627087,0.1607010672627087,0.1607010672627087,0.1607010672627087,0.1607010672627087,0.1607010672627087,0.1607010672627087,0.1607010672627087,0.1607010672627087,0.1607010672627087,0.1607010672627087,0.1607010672627087,0.15921845163104023,0.15921845163104023,0.15921845163104023,0.15921845163104023,0.15921845163104023,0.15921845163104023,0.15921845163104023,0.15921845163104023,0.15921845163104023,0.15921845163104023,0.15921845163104023,0.15921845163104023,0.15921845163104023,0.15921845163104023,0.15921845163104023,0.15921845163104023,0.15921845163104023,0.15921845163104023,0.15921845163104023,0.15921845163104023,0.15921845163104023,0.15921845163104023,0.15921845163104023,0.15921845163104023,0.15921845163104045,0.15776544640800702,0.15776544640800702,0.15776544640800702,0.15776544640800702,0.15776544640800702,0.15776544640800702,0.1577654464080068,0.1577654464080068,0.1577654464080068,0.15776544640800702,0.15776544640800702,0.1577654464080068,0.1577654464080068,0.1577654464080068,0.15776544640800702,0.15776544640800702,0.1577654464080068,0.1577654464080068,0.1577654464080068,0.15776544640800702,0.15776544640800702,0.15776544640800702,0.15776544640800702,0.15776544640800702,0.15776544640800702,0.156341462722488,0.15634146272248758,0.15634146272248736,0.15634146272248758,0.156341462722488,0.15634146272248758,0.15634146272248736,0.15634146272248714,0.15634146272248736,0.15634146272248758,0.15634146272248736,0.15634146272248714,0.15634146272248695,0.15634146272248714,0.15634146272248736,0.15634146272248758,0.15634146272248736,0.15634146272248714,0.15634146272248736,0.15634146272248758,0.156341462722488,0.15634146272248758,0.15634146272248736,0.15634146272248758,0.156341462722488,0.15494591477453443,0.1549459147745334,0.15494591477453276,0.1549459147745334,0.15494591477453443,0.1549459147745334,0.15494591477453237,0.15494591477453176,0.15494591477453237,0.1549459147745334,0.15494591477453276,0.15494591477453176,0.15494591477453093,0.15494591477453176,0.15494591477453276,0.1549459147745334,0.15494591477453237,0.15494591477453176,0.15494591477453237,0.1549459147745334,0.15494591477453443,0.1549459147745334,0.15494591477453276,0.1549459147745334,0.15494591477453443,0.15357822080487593,0.15357822080487274,0.15357822080487074,0.15357822080487274,0.15357822080487593,0.15357822080487274,0.15357822080486955,0.15357822080486752,0.15357822080486955,0.15357822080487274,0.15357822080487074,0.15357822080486752,0.1535782208048653,0.15357822080486752,0.15357822080487074,0.15357822080487274,0.15357822080486955,0.15357822080486752,0.15357822080486955,0.15357822080487274,0.15357822080487593,0.15357822080487274,0.15357822080487074,0.15357822080487274,0.15357822080487593,0.15223780395602377,0.15223780395601413,0.152237803956008,0.15223780395601413,0.15223780395602377,0.15223780395601413,0.15223780395600386,0.1522378039559976,0.15223780395600386,0.15223780395601413,0.152237803956008,0.1522378039559976,0.1522378039559909,0.1522378039559976,0.152237803956008,0.15223780395601413,0.15223780395600386,0.1522378039559976,0.15223780395600386,0.15223780395601413,0.15223780395602377,0.15223780395601413,0.152237803956008,0.15223780395601413,0.15223780395602377,0.1509240930335842,0.1509240930335547,0.15092409303353618,0.1509240930335547,0.1509240930335842,0.1509240930335547,0.1509240930335229,0.15092409303350243,0.1509240930335229,0.1509240930335547,0.15092409303353618,0.15092409303350243,0.1509240930334808,0.15092409303350243,0.15092409303353618,0.1509240930335547,0.1509240930335229,0.15092409303350243,0.1509240930335229,0.1509240930335547,0.1509240930335842,0.1509240930335547,0.15092409303353618,0.1509240930335547,0.1509240930335842,0.14963652317586498,0.14963652317577594,0.1496365231757192,0.14963652317577594,0.14963652317586498,0.14963652317577594,0.14963652317567705,0.14963652317561293,0.14963652317567705,0.14963652317577594,0.1496365231757192,0.14963652317561293,0.14963652317554432,0.14963652317561293,0.1496365231757192,0.14963652317577594,0.14963652317567705,0.14963652317561293,0.14963652317567705,0.14963652317577594,0.14963652317586498,0.14963652317577594,0.1496365231757192,0.14963652317577594,0.14963652317586498,0.1483745364393599,0.14837453643909487,0.14837453643892326,0.14837453643909487,0.1483745364393599,0.14837453643909487,0.1483745364387904,0.14837453643858856,0.1483745364387904,0.14837453643909487,0.14837453643892326,0.14837453643858856,0.14837453643836523,0.14837453643858856,0.14837453643892326,0.14837453643909487,0.1483745364387904,0.14837453643858856,0.1483745364387904,0.14837453643909487,0.1483745364393599,0.14837453643909487,0.14837453643892326,0.14837453643909487,0.1483745364393599,0.14713758230724502,0.14713758230647062,0.14713758230595525,0.14713758230647062,0.14713758230724502,0.14713758230647062,0.147137582305538,0.14713758230489257,0.147137582305538,0.14713758230647062,0.14713758230595525,0.14713758230489257,0.14713758230414176,0.14713758230489257,0.14713758230595525,0.14713758230647062,0.147137582305538,0.14713758230489257,0.147137582305538,0.14713758230647062,0.14713758230724502,0.14713758230647062,0.14713758230595525,0.14713758230647062,0.14713758230724502,0.14592511812765643,0.14592511812545983,0.14592511812393133,0.14592511812545983,0.14592511812765643,0.14592511812545983,0.1459251181226288,0.14592511812052586,0.1459251181226288,0.14592511812545983,0.14592511812393133,0.14592511812052586,0.1459251181178661,0.14592511812052586,0.14592511812393133,0.14592511812545983,0.1459251181226288,0.14592511812052586,0.1459251181226288,0.14592511812545983,0.14592511812765643,0.14592511812545983,0.14592511812393133,0.14592511812545983,0.14592511812765643,0.14473660948834877,0.14473660948240186,0.14473660947796987,0.14473660948240186,0.14473660948834877,0.14473660948240186,0.1447366094739805,0.14473660946697095,0.1447366094739805,0.14473660948240186,0.14473660947796987,0.14473660946697095,0.14473660945679923,0.14473660946697095,0.14473660947796987,0.14473660948240186,0.1447366094739805,0.14473660946697095,0.1447366094739805,0.14473660948240186,0.14473660948834877,0.14473660948240186,0.14473660947796987,0.14473660948240186,0.14473660948834877,0.14357153053441649,0.14357153051950777,0.1435715305071969,0.14357153051950777,0.14357153053441649,0.14357153051950777,0.1435715304955061,0.14357153047173082,0.1435715304955061,0.14357153051950777,0.1435715305071969,0.14357153047173082,0.14357153042860507,0.14357153047173082,0.1435715305071969,0.14357153051950777,0.1435715304955061,0.14357153047173082,0.1435715304955061,0.14357153051950777,0.14357153053441649,0.14357153051950777,0.1435715305071969,0.14357153051950777,0.14357153053441649,0.1424293642356924,0.1424293642029972,0.1424293641717799,0.1424293642029972,0.1424293642356924,0.1424293642029972,0.14242936414062415,0.14242936406117496,0.14242936414062415,0.1424293642029972,0.1424293641717799,0.14242936406117496,0.14242936385461052,0.14242936406117496,0.1424293641717799,0.1424293642029972,0.14242936414062415,0.14242936406117496,0.14242936414062415,0.1424293642029972,0.1424293642356924,0.1424293642029972,0.1424293641717799,0.1424293642029972,0.1424293642356924,0.14130960260723288,0.1413096025518525,0.1413096024883131,0.1413096025518525,0.14130960260723288,0.1413096025518525,0.14130960242261062,0.1413096021900159,0.14130960242261062,0.1413096025518525,0.1413096024883131,0.1413096021900159,0.14130960106931723,0.1413096021900159,0.1413096024883131,0.1413096025518525,0.14130960242261062,0.1413096021900159,0.14130960242261062,0.1413096025518525,0.14130960260723288,0.1413096025518525,0.1413096024883131,0.1413096025518525,0.14130960260723288,0.14021174687035137,0.14021174681947626,0.14021174675809212,0.14021174681947626,0.14021174687035137,0.14021174681947626,0.14021174669401376,0.14021174645462195,0.14021174669401376,0.14021174681947626,0.14021174675809212,0.14021174645462195,0.14021174524847058,0.14021174645462195,0.14021174675809212,0.14021174681947626,0.14021174669401376,0.14021174645462195,0.14021174669401376,0.14021174681947626,0.14021174687035137,0.14021174681947626,0.14021174675809212,0.14021174681947626,0.14021174687035137,0.1391353075156028,0.13913530750459474,0.1391353074915429,0.13913530750459474,0.1391353075156028,0.13913530750459474,0.13913530747776395,0.13913530743375144,0.13913530747776395,0.13913530750459474,0.1391353074915429,0.13913530743375144,0.13913530729063045,0.13913530743375144,0.1391353074915429,0.13913530750459474,0.13913530747776395,0.13913530743375144,0.13913530747776395,0.13913530750459474,0.1391353075156028,0.13913530750459474,0.1391353074915429,0.13913530750459474,0.1391353075156028,0.13807980437844353,0.1380798044148663,0.13807980445363768,0.1380798044148663,0.13807980437844353,0.1380798044148663,0.13807980449353044,0.13807980460901287,0.13807980449353044,0.1380798044148663,0.13807980445363768,0.13807980460901287,0.13807980495362976,0.13807980460901287,0.13807980445363768,0.1380798044148663,0.13807980449353044,0.13807980460901287,0.13807980449353044,0.1380798044148663,0.13807980437844353,0.1380798044148663,0.13807980445363768,0.1380798044148663,0.13807980437844353,0.13704476675658228,0.137044766832605,0.13704476692713685,0.137044766832605,0.13704476675658228,0.137044766832605,0.13704476702570895,0.13704476742176466,0.13704476702570895,0.137044766832605,0.13704476692713685,0.13704476742176466,0.13704476963999654,0.13704476742176466,0.13704476692713685,0.137044766832605,0.13704476702570895,0.13704476742176466,0.13704476702570895,0.137044766832605,0.13704476675658228,0.137044766832605,0.13704476692713685,0.137044766832605,0.13704476675658228,0.13602973347330402,0.1360297335279837,0.13602973358205683,0.1360297335279837,0.13602973347330402,0.1360297335279837,0.13602973363653625,0.13602973378311164,0.13602973363653625,0.1360297335279837,0.13602973358205683,0.13602973378311164,0.13602973419250577,0.13602973378311164,0.13602973358205683,0.1360297335279837,0.13602973363653625,0.13602973378311164,0.13602973363653625,0.1360297335279837,0.13602973347330402,0.1360297335279837,0.13602973358205683,0.1360297335279837,0.13602973347330402,0.1350342529928946,0.1350342530274765,0.13503425305616576,0.1350342530274765,0.1350342529928946,0.1350342530274765,0.135034253083486,0.13503425313931797,0.135034253083486,0.1350342530274765,0.13503425305616576,0.13503425313931797,0.13503425324129562,0.13503425313931797,0.13503425305616576,0.1350342530274765,0.135034253083486,0.13503425313931797,0.135034253083486,0.1350342530274765,0.1350342529928946,0.1350342530274765,0.13503425305616576,0.1350342530274765,0.1350342529928946
0.1653324876593621,0.1653324876593621,0.1653324876593621,0.1653324876593621,0.1653324876593621,0.1653324876593621,0.1653324876593621,0.1653324876593621,0.1653324876593621,0.1653324876593621,0.1653324876593621,0.1653324876593621,0.1653324876593621,0.1653324876593621,0.1653324876593621,0.1653324876593621,0.1653324876593621,0.1653324876593621,0.1653324876593621,0.1653324876593621,0.1653324876593621,0.1653324876593621,0.1653324876593621,0.1653324876593621,0.1653324876593621,0.16375749394307682,0.16375749394307682,0.16375749394307682,0.16375749394307682,0.16375749394307682,0.16375749394307682,0.16375749394307682,0.16375749394307682,0.16375749394307682,0.16375749394307682,0.16375749394307682,0.16375749394307682,0.16375749394307682,0.16375749394307682,0.16375749394307682,0.16375749394307682,0.16375749394307682,0.16375749394307682,0.16375749394307682,0.16375749394307682,0.16375749394307682,0.16375749394307682,0.16375749394307682,0.16375749394307682,0.16375749394307682,0.1622138841586418,0.1622138841586418,0.1622138841586418,0.1622138841586418,0.1622138841586418,0.1622138841586418,0.1622138841586418,0.1622138841586418,0.1622138841586418,0.1622138841586418,0.1622138841586418,0.1622138841586418,0.1622138841586418,0.1622138841586418,0.1622138841586418,0.1622138841586418,0.1622138841586418,0.1622138841586418,0.1622138841586418,0.1622138841586418,0.1622138841586418,0.1622138841586418,0.1622138841586418,0.1622138841586418,0.1622138841586418,0.1607010672630972,0.1607010672630972,0.1607010672630972,0.1607010672630972,0.1607010672630972,0.1607010672630972,0.1607010672630972,0.16070106726309702,0.16070106726309702,0.1607010672630972,0.1607010672630972,0.16070106726309702,0.16070106726309702,0.16070106726309702,0.1607010672630972,0.1607010672630972,0.16070106726309702,0.16070106726309702,0.16070106726309702,0.1607010672630972,0.1607010672630972,0.1607010672630972,0.1607010672630972,0.1607010672630972,0.1607010672630972,0.159218451631421,0.1592184516314208,0.1592184516314208,0.1592184516314208,0.159218451631421,0.1592184516314208,0.1592184516314208,0.1592184516314208,0.1592184516314208,0.1592184516314208,0.1592184516314208,0.1592184516314208,0.1592184516314208,0.1592184516314208,0.1592184516314208,0.1592184516314208,0.1592184516314208,0.1592184516314208,0.1592184516314208,0.159218451631421,0.159218451631421,0.1592184516314208,0.1592184516314208,0.159218451631421,0.159218451631421,0.15776544640837994,0.15776544640837994,0.15776544640837994,0.15776544640837994,0.15776544640837994,0.15776544640837994,0.15776544640837978,0.15776544640837978,0.15776544640837978,0.15776544640837994,0.15776544640837994,0.15776544640837978,0.15776544640837978,0.15776544640837978,0.15776544640837994,0.15776544640837994,0.15776544640837978,0.15776544640837978,0.15776544640837978,0.15776544640837994,0.15776544640837994,0.15776544640837994,0.15776544640837994,0.15776544640837994,0.15776544640837994,0.1563414627228535,0.1563414627228531,0.1563414627228529,0.1563414627228531,0.1563414627228535,0.1563414627228531,0.15634146272285268,0.15634146272285246,0.15634146272285268,0.1563414627228531,0.1563414627228529,0.15634146272285246,0.15634146272285226,0.15634146272285246,0.1563414627228529,0.1563414627228531,0.15634146272285268,0.15634146272285246,0.15634146272285268,0.1563414627228531,0.1563414627228535,0.1563414627228531,0.1563414627228529,0.1563414627228531,0.1563414627228535,0.15494591477489245,0.15494591477489142,0.15494591477489078,0.15494591477489142,0.15494591477489245,0.15494591477489142,0.1549459147748904,0.15494591477488978,0.1549459147748904,0.15494591477489142,0.15494591477489078,0.15494591477488978,0.15494591477488914,0.15494591477488978,0.15494591477489078,0.15494591477489142,0.1549459147748904,0.15494591477488978,0.1549459147748904,0.15494591477489142,0.15494591477489245,0.15494591477489142,0.15494591477489078,0.15494591477489142,0.15494591477489245,0.15357822080522682,0.1535782208052236,0.1535782208052218,0.1535782208052236,0.15357822080522682,0.1535782208052236,0.15357822080522038,0.15357822080521838,0.15357822080522038,0.1535782208052236,0.1535782208052218,0.15357822080521838,0.15357822080521638,0.15357822080521838,0.1535782208052218,0.1535782208052236,0.15357822080522038,0.15357822080521838,0.15357822080522038,0.1535782208052236,0.15357822080522682,0.1535782208052236,0.1535782208052218,0.1535782208052236,0.15357822080522682,0.15223780395636763,0.152237803956358,0.1522378039563519,0.152237803956358,0.15223780395636763,0.152237803956358,0.15223780395634776,0.15223780395634146,0.15223780395634776,0.152237803956358,0.1522378039563519,0.15223780395634146,0.15223780395633477,0.15223780395634146,0.1522378039563519,0.152237803956358,0.15223780395634776,0.15223780395634146,0.15223780395634776,0.152237803956358,0.15223780395636763,0.152237803956358,0.1522378039563519,0.152237803956358,0.15223780395636763,0.15092409303392107,0.15092409303389173,0.15092409303387302,0.15092409303389173,0.15092409303392107,0.15092409303389173,0.15092409303385992,0.15092409303383944,0.15092409303385992,0.15092409303389173,0.15092409303387302,0.15092409303383944,0.15092409303381785,0.15092409303383944,0.15092409303387302,0.15092409303389173,0.15092409303385992,0.15092409303383944,0.15092409303385992,0.15092409303389173,0.15092409303392107,0.15092409303389173,0.15092409303387302,0.15092409303389173,0.15092409303392107,0.14963652317619494,0.1496365231761059,0.14963652317604934,0.1496365231761059,0.14963652317619494,0.1496365231761059,0.14963652317600717,0.14963652317594328,0.14963652317600717,0.1496365231761059,0.14963652317604934,0.14963652317594328,0.14963652317587484,0.14963652317594328,0.14963652317604934,0.1496365231761059,0.14963652317600717,0.14963652317594328,0.14963652317600717,0.1496365231761059,0.14963652317619494,0.1496365231761059,0.14963652317604934,0.1496365231761059,0.14963652317619494,0.14837453643968312,0.14837453643941828,0.14837453643924683,0.14837453643941828,0.14837453643968312,0.14837453643941828,0.14837453643911416,0.14837453643891252,0.14837453643911416,0.14837453643941828,0.14837453643924683,0.14837453643891252,0.1483745364386894,0.14837453643891252,0.14837453643924683,0.14837453643941828,0.14837453643911416,0.14837453643891252,0.14837453643911416,0.14837453643941828,0.14837453643968312,0.14837453643941828,0.14837453643924683,0.14837453643941828,0.14837453643968312,0.14713758230756074,0.14713758230678728,0.1471375823062724,0.14713758230678728,0.14713758230756074,0.14713758230678728,0.14713758230585552,0.14713758230521085,0.14713758230585552,0.14713758230678728,0.1471375823062724,0.14713758230521085,0.14713758230446078,0.14713758230521085,0.1471375823062724,0.14713758230678728,0.14713758230585552,0.14713758230521085,0.14713758230585552,0.14713758230678728,0.14713758230756074,0.14713758230678728,0.1471375823062724,0.14713758230678728,0.14713758230756074,0.14592511812796324,0.14592511812576894,0.14592511812424205,0.14592511812576894,0.14592511812796324,0.14592511812576894,0.14592511812294093,0.14592511812084014,0.14592511812294093,0.14592511812576894,0.14592511812424205,0.14592511812084014,0.14592511811818323,0.14592511812084014,0.14592511812424205,0.14592511812576894,0.14592511812294093,0.14592511812084014,0.14592511812294093,0.14592511812576894,0.14592511812796324,0.14592511812576894,0.14592511812424205,0.14592511812576894,0.14592511812796324,0.14473660948864184,0.1447366094827012,0.14473660947827394,0.1447366094827012,0.14473660948864184,0.1447366094827012,0.1447366094742888,0.14473660946728653,0.1447366094742888,0.1447366094827012,0.14473660947827394,0.14473660946728653,0.14473660945712563,0.14473660946728653,0.14473660947827394,0.1447366094827012,0.1447366094742888,0.14473660946728653,0.1447366094742888,0.1447366094827012,0.14473660948864184,0.1447366094827012,0.14473660947827394,0.1447366094827012,0.14473660948864184,0.14357153053468275,0.1435715305197901,0.14357153050749222,0.1435715305197901,0.14357153053468275,0.1435715305197901,0.14357153049581395,0.14357153047206364,0.14357153049581395,0.1435715305197901,0.14357153050749222,0.14357153047206364,0.14357153042898307,0.14357153047206364,0.14357153050749222,0.1435715305197901,0.14357153049581395,0.14357153047206364,0.14357153049581395,0.1435715305197901,0.14357153053468275,0.1435715305197901,0.14357153050749222,0.1435715305197901,0.14357153053468275,0.14242936423589875,0.14242936420323876,0.14242936417205485,0.14242936420323876,0.14242936423589875,0.14242936420323876,0.1424293641409325,0.14242936406156717,0.1424293641409325,0.14242936420323876,0.14242936417205485,0.14242936406156717,0.1424293638552176,0.14242936406156717,0.14242936417205485,0.14242936420323876,0.1424293641409325,0.14242936406156717,0.1424293641409325,0.14242936420323876,0.14242936423589875,0.14242936420323876,0.14242936417205485,0.14242936420323876,0.14242936423589875,0.1413096026073059,0.14130960255198619,0.14130960248851587,0.14130960255198619,0.1413096026073059,0.14130960255198619,0.14130960242288448,0.1413096021905371,0.14130960242288448,0.14130960255198619,0.14130960248851587,0.1413096021905371,0.14130960107100415,0.1413096021905371,0.14130960248851587,0.14130960255198619,0.14130960242288448,0.1413096021905371,0.14130960242288448,0.14130960255198619,0.1413096026073059,0.14130960255198619,0.14130960248851587,0.14130960255198619,0.1413096026073059,0.14021174687016413,0.14021174681934773,0.14021174675803486,0.14021174681934773,0.14021174687016413,0.14021174681934773,0.1402117466940312,0.14021174645492201,0.1402117466940312,0.14021174681934773,0.14021174675803486,0.14021174645492201,0.14021174525023372,0.14021174645492201,0.14021174675803486,0.14021174681934773,0.1402117466940312,0.14021174645492201,0.1402117466940312,0.14021174681934773,0.14021174687016413,0.14021174681934773,0.14021174675803486,0.14021174681934773,0.14021174687016413,0.13913530751503075,0.13913530750403647,0.13913530749100106,0.13913530750403647,0.13913530751503075,0.13913530750403647,0.13913530747723932,0.13913530743328167,0.13913530747723932,0.13913530750403647,0.13913530749100106,0.13913530743328167,0.13913530729033827,0.13913530743328167,0.13913530749100106,0.13913530750403647,0.13913530747723932,0.13913530743328167,0.13913530747723932,0.13913530750403647,0.13913530751503075,0.13913530750403647,0.13913530749100106,0.13913530750403647,0.13913530751503075,0.1380798043774528,0.1380798044138356,0.13807980445256432,0.1380798044138356,0.1380798043774528,0.1380798044138356,0.13807980449241308,0.1380798046077676,0.13807980449241308,0.1380798044138356,0.13807980445256432,0.1380798046077676,0.13807980495200164,0.1380798046077676,0.13807980445256432,0.1380798044138356,0.13807980449241308,0.1380798046077676,0.13807980449241308,0.1380798044138356,0.1380798043774528,0.1380798044138356,0.13807980445256432,0.1380798044138356,0.1380798043774528,0.1370447667552498,0.13704476683118771,0.13704476692561385,0.13704476683118771,0.1370447667552498,0.13704476683118771,0.13704476702407573,0.13704476741968796,0.13704476702407573,0.13704476683118771,0.13704476692561385,0.13704476741968796,0.13704476963542486,0.13704476741968796,0.13704476692561385,0.13704476683118771,0.13704476702407573,0.13704476741968796,0.13704476702407573,0.13704476683118771,0.1370447667552498,0.13704476683118771,0.13704476692561385,0.13704476683118771,0.1370447667552498,0.1360297334718,0.13602973352641856,0.13602973358043097,0.13602973352641856,0.1360297334718,0.13602973352641856,0.13602973363484944,0.13602973378126096,0.13602973363484944,0.13602973352641856,0.13602973358043097,0.13602973378126096,0.13602973419019626,0.13602973378126096,0.13602973358043097,0.13602973352641856,0.13602973363484944,0.13602973378126096,0.13602973363484958,0.13602973352641856,0.1360297334718,0.13602973352641856,0.13602973358043097,0.13602973352641856,0.1360297334718,0.13503425299134217,0.13503425302588526,0.1350342530545425,0.13503425302588526,0.13503425299134217,0.13503425302588526,0.135034253081832,0.13503425313760156,0.13503425308183215,0.13503425302588526,0.1350342530545425,0.13503425313760156,0.135034253239465,0.13503425313760156,0.1350342530545425,0.13503425302588526,0.13503425308183215,0.13503425313760156,0.135034253081832,0.13503425302588526,0.13503425299134217,0.13503425302588526,0.1350342530545425,0.13503425302588526,0.13503425299134217
0.1653324876597739,0.1653324876597739,0.1653324876597739,0.1653324876597739,0.1653324876597739,0.1653324876597739,0.1653324876597739,0.1653324876597739,0.1653324876597739,0.1653324876597739,0.1653324876597739,0.1653324876597739,0.1653324876597739,0.1653324876597739,0.1653324876597739,0.1653324876597739,0.1653324876597739,0.1653324876597739,0.1653324876597739,0.1653324876597739,0.1653324876597739,0.1653324876597739,0.1653324876597739,0.1653324876597739,0.1653324876597739,0.1637574939434804,0.1637574939434804,0.1637574939434804,0.1637574939434804,0.1637574939434804,0.1637574939434804,0.1637574939434804,0.1637574939434804,0.1637574939434804,0.1637574939434804,0.1637574939434804,0.1637574939434804,0.1637574939434804,0.1637574939434804,0.1637574939434804,0.1637574939434804,0.1637574939434804,0.1637574939434804,0.1637574939434804,0.1637574939434804,0.1637574939434804,0.1637574939434804,0.1637574939434804,0.1637574939434804,0.1637574939434804,0.16221388415903737,0.16221388415903737,0.16221388415903737,0.16221388415903737,0.16221388415903737,0.16221388415903737,0.16221388415903737,0.16221388415903737,0.16221388415903737,0.16221388415903737,0.16221388415903737,0.16221388415903737,0.16221388415903737,0.16221388415903737,0.16221388415903737,0.16221388415903737,0.16221388415903737,0.16221388415903737,0.16221388415903737,0.16221388415903737,0.16221388415903737,0.16221388415903737,0.16221388415903737,0.16221388415903737,0.16221388415903737,0.16070106726348468,0.16070106726348468,0.16070106726348468,0.16070106726348468,0.16070106726348468,0.16070106726348468,0.16070106726348468,0.16070106726348468,0.16070106726348468,0.16070106726348468,0.16070106726348468,0.16070106726348468,0.16070106726348468,0.16070106726348468,0.16070106726348468,0.16070106726348468,0.16070106726348468,0.16070106726348468,0.16070106726348468,0.16070106726348468,0.16070106726348468,0.16070106726348468,0.16070106726348468,0.16070106726348468,0.16070106726348468,0.1592184516318007,0.1592184516318007,0.1592184516318007,0.1592184516318007,0.1592184516318007,0.1592184516318007,0.1592184516318007,0.1592184516318007,0.1592184516318007,0.1592184516318007,0.1592184516318007,0.1592184516318007,0.1592184516318007,0.1592184516318007,0.1592184516318007,0.1592184516318007,0.1592184516318007,0.1592184516318007,0.1592184516318007,0.1592184516318007,0.1592184516318007,0.1592184516318007,0.1592184516318007,0.1592184516318007,0.1592184516318007,0.1577654464087523,0.1577654464087523,0.1577654464087521,0.1577654464087523,0.1577654464087523,0.1577654464087523,0.1577654464087521,0.1577654464087521,0.1577654464087521,0.1577654464087523,0.1577654464087521,0.1577654464087521,0.15776544640875187,0.1577654464087521,0.1577654464087521,0.1577654464087523,0.1577654464087521,0.1577654464087521,0.1577654464087521,0.1577654464087523,0.1577654464087523,0.1577654464087523,0.1577654464087521,0.1577654464087523,0.1577654464087523,0.1563414627232182,0.15634146272321778,0.15634146272321756,0.15634146272321778,0.1563414627232182,0.15634146272321778,0.15634146272321756,0.15634146272321736,0.15634146272321756,0.15634146272321778,0.15634146272321756,0.15634146272321736,0.15634146272321717,0.15634146272321736,0.15634146272321756,0.15634146272321778,0.15634146272321756,0.15634146272321736,0.15634146272321756,0.15634146272321778,0.1563414627232182,0.15634146272321778,0.15634146272321756,0.15634146272321778,0.1563414627232182,0.15494591477525005,0.15494591477524902,0.1549459147752484,0.15494591477524902,0.15494591477525005,0.15494591477524902,0.154945914775248,0.15494591477524716,0.154945914775248,0.15494591477524902,0.1549459147752484,0.15494591477524716,0.15494591477524658,0.15494591477524716,0.1549459147752484,0.15494591477524902,0.154945914775248,0.15494591477524716,0.154945914775248,0.15494591477524902,0.15494591477525005,0.15494591477524902,0.1549459147752484,0.15494591477524902,0.15494591477525005,0.1535782208055771,0.15357822080557387,0.15357822080557187,0.15357822080557387,0.1535782208055771,0.15357822080557387,0.15357822080557068,0.15357822080556865,0.15357822080557068,0.15357822080557387,0.15357822080557187,0.15357822080556865,0.15357822080556666,0.15357822080556865,0.15357822080557187,0.15357822080557387,0.15357822080557068,0.15357822080556865,0.15357822080557068,0.15357822080557387,0.1535782208055771,0.15357822080557387,0.15357822080557187,0.15357822080557387,0.1535782208055771,0.1522378039567109,0.15223780395670128,0.1522378039566952,0.15223780395670128,0.1522378039567109,0.15223780395670128,0.15223780395669104,0.15223780395668454,0.15223780395669104,0.15223780395670128,0.1522378039566952,0.15223780395668454,0.15223780395667788,0.15223780395668454,0.1522378039566952,0.15223780395670128,0.15223780395669104,0.15223780395668454,0.15223780395669104,0.15223780395670128,0.1522378039567109,0.15223780395670128,0.1522378039566952,0.15223780395670128,0.1522378039567109,0.1509240930342573,0.150924093034228,0.15092409303420945,0.150924093034228,0.1509240930342573,0.150924093034228,0.15092409303419616,0.1509240930341759,0.15092409303419616,0.150924093034228,0.15092409303420945,0.1509240930341759,0.1509240930341543,0.1509240930341759,0.15092409303420945,0.150924093034228,0.15092409303419616,0.1509240930341759,0.15092409303419616,0.150924093034228,0.1509240930342573,0.150924093034228,0.15092409303420945,0.150924093034228,0.1509240930342573,0.14963652317652432,0.1496365231764355,0.1496365231763789,0.1496365231764355,0.14963652317652432,0.1496365231764355,0.14963652317633674,0.14963652317627305,0.14963652317633674,0.1496365231764355,0.1496365231763789,0.14963652317627305,0.14963652317620457,0.14963652317627305,0.1496365231763789,0.1496365231764355,0.14963652317633674,0.14963652317627305,0.14963652317633674,0.1496365231764355,0.14963652317652432,0.1496365231764355,0.1496365231763789,0.1496365231764355,0.14963652317652432,0.1483745364400056,0.14837453643974094,0.1483745364395697,0.14837453643974094,0.1483745364400056,0.14837453643974094,0.14837453643943718,0.1483745364392357,0.14837453643943718,0.14837453643974094,0.1483745364395697,0.1483745364392357,0.14837453643901297,0.1483745364392357,0.1483745364395697,0.14837453643974094,0.14837453643943718,0.1483745364392357,0.14837453643943718,0.14837453643974094,0.1483745364400056,0.14837453643974094,0.1483745364395697,0.14837453643974094,0.1483745364400056,0.1471375823078759,0.14713758230710317,0.14713758230658888,0.14713758230710317,0.1471375823078759,0.14713758230710317,0.14713758230617235,0.14713758230552837,0.14713758230617235,0.14713758230710317,0.14713758230658888,0.14713758230552837,0.14713758230477922,0.14713758230552837,0.14713758230658888,0.14713758230710317,0.14713758230617235,0.14713758230552837,0.14713758230617235,0.14713758230710317,0.1471375823078759,0.14713758230710317,0.14713758230658888,0.14713758230710317,0.1471375823078759,0.1459251181282695,0.14592511812607736,0.14592511812455225,0.14592511812607736,0.1459251181282695,0.14592511812607736,0.14592511812325237,0.14592511812115389,0.14592511812325237,0.14592511812607736,0.14592511812455225,0.14592511812115389,0.14592511811849984,0.14592511812115389,0.14592511812455225,0.14592511812607736,0.14592511812325237,0.14592511812115389,0.14592511812325237,0.14592511812607736,0.1459251181282695,0.14592511812607736,0.14592511812455225,0.14592511812607736,0.1459251181282695,0.14473660948893438,0.14473660948300004,0.14473660947857747,0.14473660948300004,0.14473660948893438,0.14473660948300004,0.1447366094745967,0.14473660946760175,0.1447366094745967,0.14473660948300004,0.14473660947857747,0.14473660946760175,0.14473660945745154,0.14473660946760175,0.14473660947857747,0.14473660948300004,0.1447366094745967,0.14473660946760175,0.1447366094745967,0.14473660948300004,0.14473660948893438,0.14473660948300004,0.14473660947857747,0.14473660948300004,0.14473660948893438,0.14357153053494864,0.14357153052007177,0.14357153050778704,0.14357153052007177,0.14357153053494864,0.14357153052007177,0.14357153049612106,0.14357153047239576,0.14357153049612106,0.14357153052007177,0.14357153050778704,0.14357153047239576,0.1435715304293602,0.14357153047239576,0.14357153050778704,0.14357153052007177,0.14357153049612106,0.14357153047239576,0.14357153049612106,0.14357153052007177,0.14357153053494864,0.14357153052007177,0.14357153050778704,0.14357153052007177,0.14357153053494864,0.14242936423610475,0.14242936420348,0.14242936417232946,0.14242936420348,0.14242936423610475,0.14242936420348,0.14242936414124016,0.14242936406195852,0.14242936414124016,0.14242936420348,0.14242936417232946,0.14242936406195852,0.1424293638558237,0.14242936406195852,0.14242936417232946,0.14242936420348,0.14242936414124016,0.14242936406195852,0.14242936414124016,0.14242936420348,0.14242936423610475,0.14242936420348,0.14242936417232946,0.14242936420348,0.14242936423610475,0.14130960260737876,0.14130960255211972,0.141309602488718,0.14130960255211972,0.14130960260737876,0.14130960255211972,0.14130960242315765,0.1413096021910573,0.14130960242315765,0.14130960255211972,0.141309602488718,0.1413096021910573,0.14130960107270457,0.1413096021910573,0.141309602488718,0.14130960255211972,0.14130960242315765,0.1413096021910573,0.14130960242315765,0.14130960255211972,0.14130960260737876,0.14130960255211972,0.141309602488718,0.14130960255211972,0.14130960260737876,0.14021174686997726,0.14021174681921938,0.1402117467579778,0.14021174681921938,0.14021174686997726,0.14021174681921938,0.14021174669404846,0.14021174645522133,0.14021174669404846,0.14021174681921938,0.1402117467579778,0.14021174645522133,0.14021174525196106,0.14021174645522133,0.1402117467579778,0.14021174681921938,0.14021174669404846,0.14021174645522133,0.14021174669404846,0.14021174681921938,0.14021174686997726,0.14021174681921938,0.1402117467579778,0.14021174681921938,0.14021174686997726,0.13913530751445982,0.1391353075034794,0.13913530749046016,0.1391353075034794,0.13913530751445982,0.1391353075034794,0.13913530747671565,0.13913530743281272,0.13913530747671565,0.1391353075034794,0.13913530749046016,0.13913530743281272,0.13913530729004656,0.13913530743281272,0.13913530749046016,0.1391353075034794,0.13913530747671565,0.13913530743281272,0.13913530747671565,0.1391353075034794,0.13913530751445982,0.1391353075034794,0.13913530749046016,0.1391353075034794,0.13913530751445982,0.13807980437646414,0.1380798044128069,0.13807980445149298,0.1380798044128069,0.13807980437646414,0.1380798044128069,0.13807980449129784,0.13807980460652494,0.13807980449129784,0.1380798044128069,0.13807980445149298,0.13807980460652494,0.13807980495037667,0.13807980460652494,0.13807980445149298,0.1380798044128069,0.13807980449129784,0.13807980460652494,0.13807980449129784,0.1380798044128069,0.13807980437646414,0.1380798044128069,0.13807980445149298,0.1380798044128069,0.13807980437646414,0.1370447667539199,0.13704476682977315,0.13704476692409376,0.13704476682977315,0.1370447667539199,0.13704476682977315,0.1370447670224457,0.13704476741761532,0.1370447670224457,0.13704476682977315,0.13704476692409376,0.13704476741761532,0.1370447696308842,0.13704476741761532,0.13704476692409376,0.13704476682977315,0.1370447670224457,0.13704476741761532,0.1370447670224457,0.13704476682977315,0.1370447667539199,0.13704476682977315,0.13704476692409376,0.13704476682977315,0.1370447667539199,0.13602973347029879,0.13602973352485637,0.1360297335788084,0.13602973352485637,0.13602973347029879,0.13602973352485637,0.13602973363316598,0.1360297337794137,0.13602973363316598,0.13602973352485637,0.1360297335788084,0.1360297337794137,0.13602973418789122,0.1360297337794137,0.1360297335788084,0.13602973352485637,0.13602973363316598,0.1360297337794137,0.13602973363316598,0.13602973352485637,0.13602973347029879,0.13602973352485637,0.1360297335788084,0.13602973352485637,0.13602973347029879,0.13503425298979246,0.13503425302429695,0.1350342530529222,0.13503425302429695,0.13503425298979246,0.13503425302429695,0.13503425308018127,0.13503425313588835,0.13503425308018127,0.13503425302429695,0.1350342530529222,0.13503425313588835,0.13503425323763776,0.13503425313588835,0.1350342530529222,0.13503425302429695,0.13503425308018127,0.13503425313588835,0.13503425308018127,0.13503425302429695,0.13503425298979246,0.13503425302429695,0.1350342530529222,0.13503425302429695,0.13503425298979246
0.165332487660185,0.165332487660185,0.165332487660185,0.165332487660185,0.165332487660185,0.165332487660185,0.165332487660185,0.165332487660185,0.165332487660185,0.165332487660185,0.165332487660185,0.165332487660185,0.165332487660185,0.165332487660185,0.165332487660185,0.165332487660185,0.165332487660185,0.165332487660185,0.165332487660185,0.165332487660185,0.165332487660185,0.165332487660185,0.165332487660185,0.165332487660185,0.165332487660185,0.1637574939438833,0.1637574939438833,0.1637574939438833,0.1637574939438833,0.1637574939438833,0.1637574939438833,0.1637574939438833,0.1637574939438833,0.1637574939438833,0.1637574939438833,0.1637574939438833,0.1637574939438833,0.1637574939438833,0.1637574939438833,0.1637574939438833,0.1637574939438833,0.1637574939438833,0.1637574939438833,0.1637574939438833,0.1637574939438833,0.1637574939438833,0.1637574939438833,0.1637574939438833,0.1637574939438833,0.1637574939438833,0.16221388415943222,0.16221388415943222,0.16221388415943222,0.16221388415943222,0.16221388415943222,0.16221388415943222,0.16221388415943222,0.16221388415943222,0.16221388415943222,0.16221388415943222,0.16221388415943222,0.16221388415943222,0.16221388415943222,0.16221388415943222,0.16221388415943222,0.16221388415943222,0.16221388415943222,0.16221388415943222,0.16221388415943222,0.16221388415943222,0.16221388415943222,0.16221388415943222,0.16221388415943222,0.16221388415943222,0.16221388415943222,0.16070106726387168,0.16070106726387168,0.16070106726387168,0.16070106726387168,0.16070106726387168,0.16070106726387168,0.16070106726387168,0.16070106726387168,0.16070106726387168,0.16070106726387168,0.16070106726387168,0.16070106726387168,0.16070106726387168,0.16070106726387168,0.16070106726387168,0.16070106726387168,0.16070106726387168,0.16070106726387168,0.16070106726387168,0.16070106726387168,0.16070106726387168,0.16070106726387168,0.16070106726387168,0.16070106726387168,0.16070106726387168,0.15921845163217999,0.15921845163217999,0.15921845163217999,0.15921845163217999,0.15921845163217999,0.15921845163217999,0.15921845163217999,0.15921845163217999,0.15921845163217999,0.15921845163217999,0.15921845163217999,0.15921845163217999,0.15921845163217999,0.15921845163217999,0.15921845163217999,0.15921845163217999,0.15921845163217999,0.15921845163217999,0.15921845163217999,0.15921845163217999,0.15921845163217999,0.15921845163217999,0.15921845163217999,0.15921845163217999,0.15921845163217999,0.15776544640912377,0.15776544640912377,0.15776544640912377,0.15776544640912377,0.15776544640912377,0.15776544640912377,0.15776544640912357,0.15776544640912357,0.15776544640912357,0.15776544640912377,0.15776544640912377,0.15776544640912357,0.15776544640912357,0.15776544640912357,0.15776544640912377,0.15776544640912377,0.15776544640912357,0.15776544640912357,0.15776544640912357,0.15776544640912377,0.15776544640912377,0.15776544640912377,0.15776544640912377,0.15776544640912377,0.15776544640912377,0.15634146272358224,0.15634146272358204,0.15634146272358185,0.15634146272358204,0.15634146272358224,0.15634146272358204,0.15634146272358163,0.1563414627235814,0.15634146272358163,0.15634146272358204,0.15634146272358185,0.1563414627235814,0.1563414627235812,0.1563414627235814,0.15634146272358185,0.15634146272358204,0.15634146272358163,0.1563414627235814,0.15634146272358163,0.15634146272358204,0.15634146272358224,0.15634146272358204,0.15634146272358185,0.15634146272358204,0.15634146272358224,0.15494591477560682,0.1549459147756058,0.1549459147756052,0.1549459147756058,0.15494591477560682,0.1549459147756058,0.1549459147756048,0.15494591477560396,0.1549459147756048,0.1549459147756058,0.1549459147756052,0.15494591477560396,0.15494591477560335,0.15494591477560396,0.1549459147756052,0.1549459147756058,0.1549459147756048,0.15494591477560396,0.1549459147756048,0.1549459147756058,0.15494591477560682,0.1549459147756058,0.1549459147756052,0.1549459147756058,0.15494591477560682,0.15357822080592679,0.15357822080592354,0.15357822080592157,0.15357822080592354,0.15357822080592679,0.15357822080592354,0.15357822080592035,0.15357822080591835,0.15357822080592035,0.15357822080592354,0.15357822080592157,0.15357822080591835,0.15357822080591613,0.15357822080591835,0.15357822080592157,0.15357822080592354,0.15357822080592035,0.15357822080591835,0.15357822080592035,0.15357822080592354,0.15357822080592679,0.15357822080592354,0.15357822080592157,0.15357822080592354,0.15357822080592679,0.1522378039570534,0.15223780395704378,0.15223780395703768,0.15223780395704378,0.1522378039570534,0.15223780395704378,0.15223780395703354,0.15223780395702724,0.15223780395703354,0.15223780395704378,0.15223780395703768,0.15223780395702724,0.15223780395702055,0.15223780395702724,0.15223780395703768,0.15223780395704378,0.15223780395703354,0.15223780395702724,0.15223780395703354,0.15223780395704378,0.1522378039570534,0.15223780395704378,0.15223780395703768,0.15223780395704378,0.1522378039570534,0.150924093034593,0.15092409303456367,0.15092409303454515,0.15092409303456367,0.150924093034593,0.15092409303456367,0.15092409303453203,0.1509240930345116,0.15092409303453203,0.15092409303456367,0.15092409303454515,0.1509240930345116,0.15092409303448998,0.1509240930345116,0.15092409303454515,0.15092409303456367,0.15092409303453203,0.1509240930345116,0.15092409303453203,0.15092409303456367,0.150924093034593,0.15092409303456367,0.15092409303454515,0.15092409303456367,0.150924093034593,0.14963652317685314,0.14963652317676449,0.14963652317670795,0.14963652317676449,0.14963652317685314,0.14963652317676449,0.14963652317666576,0.14963652317660203,0.14963652317666576,0.14963652317676449,0.14963652317670795,0.14963652317660203,0.14963652317653361,0.14963652317660203,0.14963652317670795,0.14963652317676449,0.14963652317666576,0.14963652317660203,0.14963652317666576,0.14963652317676449,0.14963652317685314,0.14963652317676449,0.14963652317670795,0.14963652317676449,0.14963652317685314,0.1483745364403275,0.14837453644006324,0.14837453643989218,0.14837453644006324,0.1483745364403275,0.14837453644006324,0.14837453643975967,0.14837453643955856,0.14837453643975967,0.14837453644006324,0.14837453643989218,0.14837453643955856,0.14837453643933599,0.14837453643955856,0.14837453643989218,0.14837453644006324,0.14837453643975967,0.14837453643955856,0.14837453643975967,0.14837453644006324,0.1483745364403275,0.14837453644006324,0.14837453643989218,0.14837453644006324,0.1483745364403275,0.14713758230819055,0.14713758230741852,0.1471375823069048,0.14713758230741852,0.14713758230819055,0.14713758230741852,0.1471375823064888,0.14713758230584553,0.1471375823064888,0.14713758230741852,0.1471375823069048,0.14713758230584553,0.1471375823050971,0.14713758230584553,0.1471375823069048,0.14713758230741852,0.1471375823064888,0.14713758230584553,0.1471375823064888,0.14713758230741852,0.14713758230819055,0.14713758230741852,0.1471375823069048,0.14713758230741852,0.14713758230819055,0.14592511812857506,0.14592511812638542,0.14592511812486186,0.14592511812638542,0.14592511812857506,0.14592511812638542,0.14592511812356343,0.14592511812146708,0.14592511812356343,0.14592511812638542,0.14592511812486186,0.14592511812146708,0.14592511811881573,0.14592511812146708,0.14592511812486186,0.14592511812638542,0.14592511812356343,0.14592511812146708,0.14592511812356343,0.14592511812638542,0.14592511812857506,0.14592511812638542,0.14592511812486186,0.14592511812638542,0.14592511812857506,0.1447366094892264,0.14473660948329833,0.14473660947888048,0.14473660948329833,0.1447366094892264,0.14473660948329833,0.1447366094749039,0.14473660946791633,0.1447366094749039,0.14473660948329833,0.14473660947888048,0.14473660946791633,0.14473660945777672,0.14473660946791633,0.14473660947888048,0.14473660948329833,0.1447366094749039,0.14473660946791633,0.1447366094749039,0.14473660948329833,0.1447366094892264,0.14473660948329833,0.14473660947888048,0.14473660948329833,0.1447366094892264,0.14357153053521404,0.14357153052035307,0.1435715305080812,0.14357153052035307,0.14357153053521404,0.14357153052035307,0.1435715304964277,0.14357153047272755,0.1435715304964277,0.14357153052035307,0.1435715305080812,0.14357153047272755,0.1435715304297368,0.14357153047272755,0.1435715305080812,0.14357153052035307,0.1435715304964277,0.14357153047272755,0.1435715304964277,0.14357153052035307,0.14357153053521404,0.14357153052035307,0.1435715305080812,0.14357153052035307,0.14357153053521404,0.14242936423631042,0.1424293642037207,0.14242936417260357,0.1424293642037207,0.14242936423631042,0.1424293642037207,0.14242936414154747,0.14242936406234938,0.14242936414154747,0.1424293642037207,0.14242936417260357,0.14242936406234938,0.1424293638564286,0.14242936406234938,0.14242936417260357,0.1424293642037207,0.14242936414154747,0.14242936406234938,0.14242936414154747,0.1424293642037207,0.14242936423631042,0.1424293642037207,0.14242936417260357,0.1424293642037207,0.14242936423631042,0.14130960260745162,0.14130960255225294,0.14130960248891997,0.14130960255225294,0.14130960260745162,0.14130960255225294,0.14130960242343052,0.1413096021915765,0.14130960242343052,0.14130960255225294,0.14130960248891997,0.1413096021915765,0.1413096010743443,0.1413096021915765,0.14130960248891997,0.14130960255225294,0.14130960242343052,0.1413096021915765,0.14130960242343052,0.14130960255225294,0.14130960260745162,0.14130960255225294,0.14130960248891997,0.14130960255225294,0.14130960260745162,0.14021174686979068,0.14021174681909118,0.1402117467579207,0.14021174681909118,0.14021174686979068,0.14021174681909118,0.1402117466940657,0.1402117464555198,0.1402117466940657,0.14021174681909118,0.1402117467579207,0.1402117464555198,0.14021174525371083,0.1402117464555198,0.1402117467579207,0.14021174681909118,0.1402117466940657,0.1402117464555198,0.1402117466940657,0.14021174681909118,0.14021174686979068,0.14021174681909118,0.1402117467579207,0.14021174681909118,0.14021174686979068,0.1391353075138898,0.13913530750292316,0.13913530748992037,0.13913530750292316,0.1391353075138898,0.13913530750292316,0.13913530747619307,0.13913530743234456,0.13913530747619307,0.13913530750292316,0.13913530748992037,0.13913530743234456,0.13913530728975498,0.13913530743234456,0.13913530748992037,0.13913530750292316,0.13913530747619307,0.13913530743234456,0.13913530747619307,0.13913530750292316,0.1391353075138898,0.13913530750292316,0.13913530748992037,0.13913530750292316,0.1391353075138898,0.13807980437547712,0.13807980441178005,0.13807980445042367,0.13807980441178005,0.13807980437547712,0.13807980441178005,0.13807980449018464,0.13807980460528443,0.13807980449018464,0.13807980441178005,0.13807980445042367,0.13807980460528443,0.1380798049487548,0.13807980460528443,0.13807980445042367,0.13807980441178005,0.13807980449018464,0.13807980460528443,0.13807980449018464,0.13807980441178005,0.13807980437547712,0.13807980441178005,0.13807980445042367,0.13807980441178005,0.13807980437547712,0.13704476675259258,0.1370447668283613,0.13704476692257653,0.1370447668283613,0.13704476675259258,0.1370447668283613,0.13704476702081886,0.13704476741554686,0.13704476702081886,0.1370447668283613,0.13704476692257653,0.13704476741554686,0.13704476962634626,0.13704476741554686,0.13704476692257653,0.1370447668283613,0.13704476702081886,0.13704476741554686,0.13704476702081886,0.1370447668283613,0.13704476675259258,0.1370447668283613,0.13704476692257653,0.1370447668283613,0.13704476675259258,0.13602973346880043,0.13602973352329714,0.13602973357718895,0.13602973352329714,0.13602973346880043,0.13602973352329714,0.13602973363148588,0.13602973377756997,0.13602973363148588,0.13602973352329714,0.13602973357718895,0.13602973377756997,0.13602973418559067,0.13602973377756997,0.13602973357718895,0.13602973352329714,0.13602973363148588,0.13602973377756997,0.13602973363148588,0.13602973352329714,0.13602973346880043,0.13602973352329714,0.13602973357718895,0.13602973352329714,0.13602973346880043,0.13503425298824584,0.13503425302271188,0.1350342530513051,0.13503425302271188,0.13503425298824584,0.13503425302271188,0.13503425307853376,0.13503425313417838,0.13503425307853376,0.13503425302271188,0.1350342530513051,0.13503425313417838,0.13503425323581414,0.13503425313417838,0.1350342530513051,0.13503425302271188,0.13503425307853376,0.13503425313417838,0.13503425307853376,0.13503425302271188,0.13503425298824584,0.13503425302271188,0.1350342530513051,0.13503425302271188,0.13503425298824584
0.16533248766059538,0.16533248766059538,0.16533248766059538,0.16533248766059538,0.16533248766059538,0.16533248766059538,0.16533248766059538,0.16533248766059538,0.16533248766059538,0.16533248766059538,0.16533248766059538,0.16533248766059538,0.16533248766059538,0.16533248766059538,0.16533248766059538,0.16533248766059538,0.16533248766059538,0.16533248766059538,0.16533248766059538,0.16533248766059538,0.16533248766059538,0.16533248766059538,0.16533248766059538,0.16533248766059538,0.16533248766059538,0.16375749394428551,0.16375749394428551,0.16375749394428551,0.16375749394428551,0.16375749394428551,0.16375749394428551,0.16375749394428551,0.16375749394428551,0.16375749394428551,0.16375749394428551,0.16375749394428551,0.16375749394428551,0.16375749394428551,0.16375749394428551,0.16375749394428551,0.16375749394428551,0.16375749394428551,0.16375749394428551,0.16375749394428551,0.16375749394428551,0.16375749394428551,0.16375749394428551,0.16375749394428551,0.16375749394428551,0.16375749394428551,0.1622138841598262,0.1622138841598262,0.1622138841598262,0.1622138841598262,0.1622138841598262,0.1622138841598262,0.1622138841598262,0.1622138841598262,0.1622138841598262,0.1622138841598262,0.1622138841598262,0.1622138841598262,0.1622138841598262,0.1622138841598262,0.1622138841598262,0.1622138841598262,0.1622138841598262,0.1622138841598262,0.1622138841598262,0.1622138841598262,0.1622138841598262,0.1622138841598262,0.1622138841598262,0.1622138841598262,0.1622138841598262,0.16070106726425798,0.16070106726425798,0.16070106726425798,0.16070106726425798,0.16070106726425798,0.16070106726425798,0.16070106726425776,0.16070106726425776,0.16070106726425776,0.16070106726425798,0.16070106726425798,0.16070106726425776,0.16070106726425776,0.16070106726425776,0.16070106726425798,0.16070106726425798,0.16070106726425776,0.16070106726425776,0.16070106726425776,0.16070106726425798,0.16070106726425798,0.16070106726425798,0.16070106726425798,0.16070106726425798,0.16070106726425798,0.15921845163255838,0.15921845163255838,0.15921845163255838,0.15921845163255838,0.15921845163255838,0.15921845163255838,0.15921845163255838,0.15921845163255838,0.15921845163255838,0.15921845163255838,0.15921845163255838,0.15921845163255838,0.15921845163255838,0.15921845163255838,0.15921845163255838,0.15921845163255838,0.15921845163255838,0.15921845163255838,0.15921845163255838,0.15921845163255838,0.15921845163255838,0.15921845163255838,0.15921845163255838,0.15921845163255838,0.15921845163255838,0.15776544640949483,0.15776544640949464,0.15776544640949464,0.15776544640949464,0.15776544640949483,0.15776544640949464,0.15776544640949464,0.15776544640949441,0.15776544640949464,0.15776544640949464,0.15776544640949464,0.15776544640949441,0.15776544640949441,0.15776544640949441,0.15776544640949464,0.15776544640949464,0.15776544640949464,0.15776544640949441,0.15776544640949464,0.15776544640949464,0.15776544640949483,0.15776544640949464,0.15776544640949464,0.15776544640949464,0.15776544640949483,0.15634146272394567,0.15634146272394547,0.15634146272394525,0.15634146272394547,0.15634146272394567,0.15634146272394547,0.15634146272394506,0.15634146272394486,0.15634146272394506,0.15634146272394547,0.15634146272394525,0.15634146272394486,0.15634146272394464,0.15634146272394486,0.15634146272394525,0.15634146272394547,0.15634146272394506,0.15634146272394486,0.15634146272394506,0.15634146272394547,0.15634146272394567,0.15634146272394547,0.15634146272394525,0.15634146272394547,0.15634146272394567,0.15494591477596278,0.15494591477596176,0.15494591477596117,0.15494591477596176,0.15494591477596278,0.15494591477596176,0.15494591477596076,0.15494591477596015,0.15494591477596076,0.15494591477596176,0.15494591477596117,0.15494591477596015,0.1549459147759595,0.15494591477596015,0.15494591477596117,0.15494591477596176,0.15494591477596076,0.15494591477596015,0.15494591477596076,0.15494591477596176,0.15494591477596278,0.15494591477596176,0.15494591477596117,0.15494591477596176,0.15494591477596278,0.15357822080627562,0.15357822080627243,0.1535782208062706,0.15357822080627243,0.15357822080627562,0.15357822080627243,0.1535782208062692,0.15357822080626718,0.1535782208062692,0.15357822080627243,0.1535782208062706,0.15357822080626718,0.15357822080626518,0.15357822080626718,0.1535782208062706,0.15357822080627243,0.1535782208062692,0.15357822080626718,0.1535782208062692,0.15357822080627243,0.15357822080627562,0.15357822080627243,0.1535782208062706,0.15357822080627243,0.15357822080627562,0.15223780395739533,0.1522378039573857,0.1522378039573798,0.1522378039573857,0.15223780395739533,0.1522378039573857,0.15223780395737566,0.15223780395736913,0.15223780395737566,0.1522378039573857,0.1522378039573798,0.15223780395736913,0.15223780395736247,0.15223780395736913,0.1522378039573798,0.1522378039573857,0.15223780395737566,0.15223780395736913,0.15223780395737566,0.1522378039573857,0.15223780395739533,0.1522378039573857,0.1522378039573798,0.1522378039573857,0.15223780395739533,0.1509240930349281,0.1509240930348988,0.15092409303488027,0.1509240930348988,0.1509240930349281,0.1509240930348988,0.15092409303486695,0.1509240930348467,0.15092409303486695,0.1509240930348988,0.15092409303488027,0.1509240930348467,0.15092409303482507,0.1509240930348467,0.15092409303488027,0.1509240930348988,0.15092409303486695,0.1509240930348467,0.15092409303486695,0.1509240930348988,0.1509240930349281,0.1509240930348988,0.15092409303488027,0.1509240930348988,0.1509240930349281,0.1496365231771814,0.14963652317709272,0.14963652317703618,0.14963652317709272,0.1496365231771814,0.14963652317709272,0.1496365231769942,0.1496365231769305,0.1496365231769942,0.14963652317709272,0.14963652317703618,0.1496365231769305,0.14963652317686224,0.1496365231769305,0.14963652317703618,0.14963652317709272,0.1496365231769942,0.1496365231769305,0.1496365231769942,0.14963652317709272,0.1496365231771814,0.14963652317709272,0.14963652317703618,0.14963652317709272,0.1496365231771814,0.14837453644064869,0.14837453644038476,0.1483745364402139,0.14837453644038476,0.14837453644064869,0.14837453644038476,0.14837453644008156,0.1483745364398807,0.14837453644008156,0.14837453644038476,0.1483745364402139,0.1483745364398807,0.14837453643965828,0.1483745364398807,0.1483745364402139,0.14837453644038476,0.14837453644008156,0.1483745364398807,0.14837453644008156,0.14837453644038476,0.14837453644064869,0.14837453644038476,0.1483745364402139,0.14837453644038476,0.14837453644064869,0.14713758230850446,0.1471375823077333,0.14713758230722015,0.1471375823077333,0.14713758230850446,0.1471375823077333,0.14713758230680452,0.14713758230616197,0.14713758230680452,0.1471375823077333,0.14713758230722015,0.14713758230616197,0.14713758230541427,0.14713758230616197,0.14713758230722015,0.1471375823077333,0.14713758230680452,0.14713758230616197,0.14713758230680452,0.1471375823077333,0.14713758230850446,0.1471375823077333,0.14713758230722015,0.1471375823077333,0.14713758230850446,0.1459251181288801,0.14592511812669276,0.14592511812517084,0.14592511812669276,0.1459251181288801,0.14592511812669276,0.14592511812387363,0.1459251181217796,0.14592511812387363,0.14592511812669276,0.14592511812517084,0.1459251181217796,0.1459251181191311,0.1459251181217796,0.14592511812517084,0.14592511812669276,0.14592511812387363,0.1459251181217796,0.14592511812387363,0.14592511812669276,0.1459251181288801,0.14592511812669276,0.14592511812517084,0.14592511812669276,0.1459251181288801,0.1447366094895179,0.14473660948359612,0.14473660947918282,0.14473660948359612,0.1447366094895179,0.14473660948359612,0.1447366094752104,0.14473660946823033,0.1447366094752104,0.14473660948359612,0.14473660947918282,0.14473660946823033,0.14473660945810138,0.14473660946823033,0.14473660947918282,0.14473660948359612,0.1447366094752104,0.14473660946823033,0.1447366094752104,0.14473660948359612,0.1447366094895179,0.14473660948359612,0.14473660947918282,0.14473660948359612,0.1447366094895179,0.14357153053547878,0.14357153052063368,0.14357153050837498,0.14357153052063368,0.14357153053547878,0.14357153052063368,0.14357153049673385,0.14357153047305848,0.14357153049673385,0.14357153052063368,0.14357153050837498,0.14357153047305848,0.14357153043011256,0.14357153047305848,0.14357153050837498,0.14357153052063368,0.14357153049673385,0.14357153047305848,0.14357153049673385,0.14357153052063368,0.14357153053547878,0.14357153052063368,0.14357153050837498,0.14357153052063368,0.14357153053547878,0.14242936423651573,0.1424293642039611,0.142429364172877,0.1424293642039611,0.14242936423651573,0.1424293642039611,0.14242936414185395,0.14242936406273943,0.14242936414185395,0.1424293642039611,0.142429364172877,0.14242936406273943,0.1424293638570325,0.14242936406273943,0.142429364172877,0.1424293642039611,0.14242936414185395,0.14242936406273943,0.14242936414185395,0.1424293642039611,0.14242936423651573,0.1424293642039611,0.142429364172877,0.1424293642039611,0.14242936423651573,0.14130960260752432,0.14130960255238584,0.14130960248912142,0.14130960255238584,0.14130960260752432,0.14130960255238584,0.14130960242370272,0.1413096021920949,0.14130960242370272,0.14130960255238584,0.14130960248912142,0.1413096021920949,0.14130960107603519,0.1413096021920949,0.14130960248912142,0.14130960255238584,0.14130960242370272,0.1413096021920949,0.14130960242370272,0.14130960255238584,0.14130960260752432,0.14130960255238584,0.14130960248912142,0.14130960255238584,0.14130960260752432,0.14021174686960447,0.14021174681896315,0.1402117467578636,0.14021174681896315,0.14021174686960447,0.14021174681896315,0.14021174669408262,0.14021174645581763,0.14021174669408262,0.14021174681896315,0.1402117467578636,0.14021174645581763,0.1402117452554475,0.14021174645581763,0.1402117467578636,0.14021174681896315,0.14021174669408262,0.14021174645581763,0.14021174669408262,0.14021174681896315,0.14021174686960447,0.14021174681896315,0.1402117467578636,0.14021174681896315,0.14021174686960447,0.13913530751332093,0.13913530750236802,0.13913530748938152,0.13913530750236802,0.13913530751332093,0.13913530750236802,0.13913530747567132,0.1391353074318772,0.13913530747567132,0.13913530750236802,0.13913530748938152,0.1391353074318772,0.13913530728946388,0.1391353074318772,0.13913530748938152,0.13913530750236802,0.13913530747567132,0.1391353074318772,0.13913530747567132,0.13913530750236802,0.13913530751332093,0.13913530750236802,0.13913530748938152,0.13913530750236802,0.13913530751332093,0.138079804374492,0.13807980441075524,0.13807980444935636,0.13807980441075524,0.138079804374492,0.13807980441075524,0.13807980448907362,0.13807980460404629,0.13807980448907362,0.13807980441075524,0.13807980444935636,0.13807980460404629,0.138079804947136,0.13807980460404629,0.13807980444935636,0.13807980441075524,0.13807980448907362,0.13807980460404629,0.13807980448907362,0.13807980441075524,0.138079804374492,0.13807980441075524,0.13807980444935636,0.13807980441075524,0.138079804374492,0.13704476675126773,0.13704476682695202,0.13704476692106238,0.13704476682695202,0.13704476675126773,0.13704476682695202,0.1370447670191949,0.13704476741348215,0.1370447670191949,0.13704476682695202,0.13704476692106238,0.13704476741348215,0.1370447696217989,0.13704476741348215,0.13704476692106238,0.13704476682695202,0.1370447670191949,0.13704476741348215,0.1370447670191949,0.13704476682695202,0.13704476675126773,0.13704476682695202,0.13704476692106238,0.13704476682695202,0.13704476675126773,0.13602973346730501,0.1360297335217408,0.1360297335755725,0.1360297335217408,0.13602973346730501,0.1360297335217408,0.13602973362980886,0.1360297337757297,0.13602973362980886,0.1360297335217408,0.1360297335755725,0.1360297337757297,0.13602973418329456,0.1360297337757297,0.1360297335755725,0.1360297335217408,0.13602973362980886,0.1360297337757297,0.13602973362980886,0.1360297335217408,0.13602973346730501,0.1360297335217408,0.1360297335755725,0.1360297335217408,0.13602973346730501,0.13503425298670227,0.1350342530211297,0.13503425304969105,0.1350342530211297,0.13503425298670227,0.1350342530211297,0.13503425307688927,0.13503425313247192,0.13503425307688927,0.1350342530211297,0.13503425304969105,0.13503425313247192,0.13503425323399407,0.13503425313247192,0.13503425304969105,0.1350342530211297,0.13503425307688927,0.13503425313247192,0.13503425307688927,0.1350342530211297,0.13503425298670227,0.1350342530211297,0.13503425304969105,0.1350342530211297,0.13503425298670227
0.16533248766100483,0.16533248766100483,0.16533248766100483,0.16533248766100483,0.16533248766100483,0.16533248766100483,0.16533248766100483,0.16533248766100483,0.16533248766100483,0.16533248766100483,0.16533248766100483,0.16533248766100483,0.16533248766100483,0.16533248766100483,0.16533248766100483,0.16533248766100483,0.16533248766100483,0.16533248766100483,0.16533248766100483,0.16533248766100483,0.16533248766100483,0.16533248766100483,0.16533248766100483,0.16533248766100483,0.16533248766100483,0.1637574939446868,0.1637574939446868,0.1637574939446868,0.1637574939446868,0.1637574939446868,0.1637574939446868,0.1637574939446868,0.1637574939446868,0.1637574939446868,0.1637574939446868,0.1637574939446868,0.1637574939446868,0.1637574939446868,0.1637574939446868,0.1637574939446868,0.1637574939446868,0.1637574939446868,0.1637574939446868,0.1637574939446868,0.1637574939446868,0.1637574939446868,0.1637574939446868,0.1637574939446868,0.1637574939446868,0.1637574939446868,0.16221388416021948,0.16221388416021948,0.16221388416021948,0.16221388416021948,0.16221388416021948,0.16221388416021948,0.16221388416021948,0.16221388416021948,0.16221388416021948,0.16221388416021948,0.16221388416021948,0.16221388416021948,0.16221388416021948,0.16221388416021948,0.16221388416021948,0.16221388416021948,0.16221388416021948,0.16221388416021948,0.16221388416021948,0.16221388416021948,0.16221388416021948,0.16221388416021948,0.16221388416021948,0.16221388416021948,0.16221388416021948,0.16070106726464342,0.16070106726464342,0.16070106726464342,0.16070106726464342,0.16070106726464342,0.16070106726464342,0.16070106726464342,0.16070106726464342,0.16070106726464342,0.16070106726464342,0.16070106726464342,0.16070106726464342,0.16070106726464342,0.16070106726464342,0.16070106726464342,0.16070106726464342,0.16070106726464342,0.16070106726464342,0.16070106726464342,0.16070106726464342,0.16070106726464342,0.16070106726464342,0.16070106726464342,0.16070106726464342,0.16070106726464342,0.1592184516329361,0.1592184516329361,0.1592184516329361,0.1592184516329361,0.1592184516329361,0.1592184516329361,0.1592184516329361,0.1592184516329361,0.1592184516329361,0.1592184516329361,0.1592184516329361,0.1592184516329361,0.1592184516329361,0.1592184516329361,0.1592184516329361,0.1592184516329361,0.1592184516329361,0.1592184516329361,0.1592184516329361,0.1592184516329361,0.1592184516329361,0.1592184516329361,0.1592184516329361,0.1592184516329361,0.1592184516329361,0.15776544640986503,0.1577654464098648,0.1577654464098648,0.1577654464098648,0.15776544640986503,0.1577654464098648,0.1577654464098648,0.1577654464098646,0.1577654464098648,0.1577654464098648,0.1577654464098648,0.1577654464098646,0.1577654464098646,0.1577654464098646,0.1577654464098648,0.1577654464098648,0.1577654464098648,0.1577654464098646,0.1577654464098648,0.1577654464098648,0.15776544640986503,0.1577654464098648,0.1577654464098648,0.1577654464098648,0.15776544640986503,0.1563414627243085,0.15634146272430804,0.15634146272430785,0.15634146272430804,0.1563414627243085,0.15634146272430804,0.15634146272430785,0.15634146272430763,0.15634146272430785,0.15634146272430804,0.15634146272430785,0.15634146272430763,0.15634146272430743,0.15634146272430763,0.15634146272430785,0.15634146272430804,0.15634146272430785,0.15634146272430763,0.15634146272430785,0.15634146272430804,0.1563414627243085,0.15634146272430804,0.15634146272430785,0.15634146272430804,0.1563414627243085,0.15494591477631836,0.1549459147763173,0.15494591477631672,0.1549459147763173,0.15494591477631836,0.1549459147763173,0.1549459147763163,0.1549459147763157,0.1549459147763163,0.1549459147763173,0.15494591477631672,0.1549459147763157,0.15494591477631486,0.1549459147763157,0.15494591477631672,0.1549459147763173,0.1549459147763163,0.1549459147763157,0.1549459147763163,0.1549459147763173,0.15494591477631836,0.1549459147763173,0.15494591477631672,0.1549459147763173,0.15494591477631836,0.1535782208066239,0.1535782208066209,0.15357822080661887,0.1535782208066209,0.1535782208066239,0.1535782208066209,0.15357822080661745,0.15357822080661546,0.15357822080661745,0.1535782208066209,0.15357822080661887,0.15357822080661546,0.15357822080661346,0.15357822080661546,0.15357822080661887,0.1535782208066209,0.15357822080661745,0.15357822080661546,0.15357822080661745,0.1535782208066209,0.1535782208066239,0.1535782208066209,0.15357822080661887,0.1535782208066209,0.1535782208066239,0.15223780395773664,0.152237803957727,0.1522378039577209,0.152237803957727,0.15223780395773664,0.152237803957727,0.15223780395771697,0.15223780395771047,0.15223780395771697,0.152237803957727,0.1522378039577209,0.15223780395771047,0.15223780395770378,0.15223780395771047,0.1522378039577209,0.152237803957727,0.15223780395771697,0.15223780395771047,0.15223780395771697,0.152237803957727,0.15223780395773664,0.152237803957727,0.1522378039577209,0.152237803957727,0.15223780395773664,0.15092409303526244,0.15092409303523313,0.1509240930352146,0.15092409303523313,0.15092409303526244,0.15092409303523313,0.15092409303520146,0.15092409303518123,0.15092409303520146,0.15092409303523313,0.1509240930352146,0.15092409303518123,0.1509240930351596,0.15092409303518123,0.1509240930352146,0.15092409303523313,0.15092409303520146,0.15092409303518123,0.15092409303520146,0.15092409303523313,0.15092409303526244,0.15092409303523313,0.1509240930352146,0.15092409303523313,0.15092409303526244,0.1496365231775089,0.14963652317742043,0.14963652317736387,0.14963652317742043,0.1496365231775089,0.14963652317742043,0.1496365231773219,0.14963652317725837,0.1496365231773219,0.14963652317742043,0.14963652317736387,0.14963652317725837,0.1496365231771901,0.14963652317725837,0.14963652317736387,0.14963652317742043,0.1496365231773219,0.14963652317725837,0.1496365231773219,0.14963652317742043,0.1496365231775089,0.14963652317742043,0.14963652317736387,0.14963652317742043,0.1496365231775089,0.14837453644096948,0.14837453644070575,0.1483745364405349,0.14837453644070575,0.14837453644096948,0.14837453644070575,0.14837453644040274,0.14837453644020204,0.14837453644040274,0.14837453644070575,0.1483745364405349,0.14837453644020204,0.14837453643998,0.14837453644020204,0.1483745364405349,0.14837453644070575,0.14837453644040274,0.14837453644020204,0.14837453644040274,0.14837453644070575,0.14837453644096948,0.14837453644070575,0.1483745364405349,0.14837453644070575,0.14837453644096948,0.14713758230881782,0.14713758230804744,0.14713758230753476,0.14713758230804744,0.14713758230881782,0.14713758230804744,0.14713758230711968,0.1471375823064777,0.14713758230711968,0.14713758230804744,0.14713758230753476,0.1471375823064777,0.14713758230573093,0.1471375823064777,0.14713758230753476,0.14713758230804744,0.14713758230711968,0.1471375823064777,0.14713758230711968,0.14713758230804744,0.14713758230881782,0.14713758230804744,0.14713758230753476,0.14713758230804744,0.14713758230881782,0.14592511812918457,0.14592511812699954,0.14592511812547923,0.14592511812699954,0.14592511812918457,0.14592511812699954,0.14592511812418346,0.14592511812209158,0.14592511812418346,0.14592511812699954,0.14592511812547923,0.14592511812209158,0.1459251181194459,0.14592511812209158,0.14592511812547923,0.14592511812699954,0.14592511812418346,0.14592511812209158,0.14592511812418346,0.14592511812699954,0.14592511812918457,0.14592511812699954,0.14592511812547923,0.14592511812699954,0.14592511812918457,0.1447366094898087,0.14473660948389322,0.14473660947948477,0.14473660948389322,0.1447366094898087,0.14473660948389322,0.14473660947551656,0.14473660946854364,0.14473660947551656,0.14473660948389322,0.14473660947948477,0.14473660946854364,0.14473660945842534,0.14473660946854364,0.14473660947948477,0.14473660948389322,0.14473660947551656,0.14473660946854364,0.14473660947551656,0.14473660948389322,0.1447366094898087,0.14473660948389322,0.14473660947948477,0.14473660948389322,0.1447366094898087,0.14357153053574315,0.1435715305209138,0.1435715305086681,0.1435715305209138,0.14357153053574315,0.1435715305209138,0.14357153049703927,0.14357153047338891,0.14357153049703927,0.1435715305209138,0.1435715305086681,0.14357153047338891,0.14357153043048784,0.14357153047338891,0.1435715305086681,0.1435715305209138,0.14357153049703927,0.14357153047338891,0.14357153049703927,0.1435715305209138,0.14357153053574315,0.1435715305209138,0.1435715305086681,0.1435715305209138,0.14357153053574315,0.14242936423672056,0.14242936420420083,0.14242936417314994,0.14242936420420083,0.14242936423672056,0.14242936420420083,0.14242936414215993,0.1424293640631286,0.14242936414215993,0.14242936420420083,0.14242936417314994,0.1424293640631286,0.14242936385763544,0.1424293640631286,0.14242936417314994,0.14242936420420083,0.14242936414215993,0.1424293640631286,0.14242936414215993,0.14242936420420083,0.14242936423672056,0.14242936420420083,0.14242936417314994,0.14242936420420083,0.14242936423672056,0.14130960260759667,0.1413096025525184,0.14130960248932242,0.1413096025525184,0.14130960260759667,0.1413096025525184,0.14130960242397442,0.14130960219261215,0.14130960242397442,0.1413096025525184,0.14130960248932242,0.14130960219261215,0.1413096010776917,0.14130960219261215,0.14130960248932242,0.1413096025525184,0.14130960242397442,0.14130960219261215,0.14130960242397442,0.1413096025525184,0.14130960260759667,0.1413096025525184,0.14130960248932242,0.1413096025525184,0.14130960260759667,0.14021174686941837,0.14021174681883528,0.14021174675780654,0.14021174681883528,0.14021174686941837,0.14021174681883528,0.14021174669409958,0.14021174645611467,0.14021174669409958,0.14021174681883528,0.14021174675780654,0.14021174645611467,0.1402117452571913,0.14021174645611467,0.14021174675780654,0.14021174681883528,0.14021174669409958,0.14021174645611467,0.14021174669409958,0.14021174681883528,0.14021174686941837,0.14021174681883528,0.14021174675780654,0.14021174681883528,0.14021174686941837,0.139135307512753,0.13913530750181385,0.13913530748884348,0.13913530750181385,0.139135307512753,0.13913530750181385,0.13913530747515035,0.1391353074314106,0.13913530747515035,0.13913530750181385,0.13913530748884348,0.1391353074314106,0.13913530728917314,0.1391353074314106,0.13913530748884348,0.13913530750181385,0.13913530747515035,0.1391353074314106,0.13913530747515035,0.13913530750181385,0.139135307512753,0.13913530750181385,0.13913530748884348,0.13913530750181385,0.139135307512753,0.13807980437350886,0.13807980440973228,0.13807980444829107,0.13807980440973228,0.13807980437350886,0.13807980440973228,0.13807980448796478,0.13807980460281058,0.13807980448796478,0.13807980440973228,0.13807980444829107,0.13807980460281058,0.13807980494552033,0.13807980460281058,0.13807980444829107,0.13807980440973228,0.13807980448796478,0.13807980460281058,0.13807980448796478,0.13807980440973228,0.13807980437350886,0.13807980440973228,0.13807980444829107,0.13807980440973228,0.13807980437350886,0.13704476674994542,0.1370447668255455,0.13704476691955095,0.1370447668255455,0.13704476674994542,0.1370447668255455,0.13704476701757418,0.13704476741142152,0.13704476701757418,0.1370447668255455,0.13704476691955095,0.13704476741142152,0.1370447696172868,0.13704476741142152,0.13704476691955095,0.1370447668255455,0.13704476701757418,0.13704476741142152,0.13704476701757418,0.1370447668255455,0.13704476674994542,0.1370447668255455,0.13704476691955095,0.1370447668255455,0.13704476674994542,0.1360297334658125,0.13602973352018755,0.13602973357395928,0.13602973352018755,0.1360297334658125,0.13602973352018755,0.136029733628135,0.13602973377389316,0.136029733628135,0.13602973352018755,0.13602973357395928,0.13602973377389316,0.1360297341810028,0.13602973377389316,0.13602973357395928,0.13602973352018755,0.136029733628135,0.13602973377389316,0.136029733628135,0.13602973352018755,0.1360297334658125,0.13602973352018755,0.13602973357395928,0.13602973352018755,0.1360297334658125,0.1350342529851615,0.13503425301955063,0.1350342530480801,0.13503425301955063,0.1350342529851615,0.13503425301955063,0.13503425307524808,0.13503425313076856,0.13503425307524808,0.13503425301955063,0.1350342530480801,0.13503425313076856,0.13503425323217735,0.13503425313076856,0.1350342530480801,0.13503425301955063,0.13503425307524808,0.13503425313076856,0.13503425307524808,0.13503425301955063,0.1350342529851615,0.13503425301955063,0.1350342530480801,0.13503425301955063,0.1350342529851615
0.16533248766141356,0.16533248766141356,0.16533248766141356,0.16533248766141356,0.16533248766141356,0.16533248766141356,0.16533248766141356,0.16533248766141356,0.16533248766141356,0.16533248766141356,0.16533248766141356,0.16533248766141356,0.16533248766141356,0.16533248766141356,0.16533248766141356,0.16533248766141356,0.16533248766141356,0.16533248766141356,0.16533248766141356,0.16533248766141356,0.16533248766141356,0.16533248766141356,0.16533248766141356,0.16533248766141356,0.16533248766141356,0.16375749394508743,0.16375749394508743,0.16375749394508743,0.16375749394508743,0.16375749394508743,0.16375749394508743,0.16375749394508743,0.16375749394508743,0.16375749394508743,0.16375749394508743,0.16375749394508743,0.16375749394508743,0.16375749394508743,0.16375749394508743,0.16375749394508743,0.16375749394508743,0.16375749394508743,0.16375749394508743,0.16375749394508743,0.16375749394508743,0.16375749394508743,0.16375749394508743,0.16375749394508743,0.16375749394508743,0.16375749394508743,0.1622138841606121,0.1622138841606121,0.1622138841606121,0.1622138841606121,0.1622138841606121,0.1622138841606121,0.1622138841606121,0.1622138841606121,0.1622138841606121,0.1622138841606121,0.1622138841606121,0.1622138841606121,0.1622138841606121,0.1622138841606121,0.1622138841606121,0.1622138841606121,0.1622138841606121,0.1622138841606121,0.1622138841606121,0.1622138841606121,0.1622138841606121,0.1622138841606121,0.1622138841606121,0.1622138841606121,0.1622138841606121,0.16070106726502795,0.16070106726502795,0.16070106726502795,0.16070106726502795,0.16070106726502795,0.16070106726502795,0.16070106726502795,0.16070106726502795,0.16070106726502795,0.16070106726502795,0.16070106726502795,0.16070106726502795,0.16070106726502795,0.16070106726502795,0.16070106726502795,0.16070106726502795,0.16070106726502795,0.16070106726502795,0.16070106726502795,0.16070106726502795,0.16070106726502795,0.16070106726502795,0.16070106726502795,0.16070106726502795,0.16070106726502795,0.1592184516333132,0.1592184516333132,0.1592184516333132,0.1592184516333132,0.1592184516333132,0.1592184516333132,0.1592184516333132,0.15921845163331297,0.1592184516333132,0.1592184516333132,0.1592184516333132,0.15921845163331297,0.15921845163331297,0.15921845163331297,0.1592184516333132,0.1592184516333132,0.1592184516333132,0.15921845163331297,0.1592184516333132,0.1592184516333132,0.1592184516333132,0.1592184516333132,0.1592184516333132,0.1592184516333132,0.1592184516333132,0.15776544641023435,0.15776544641023413,0.15776544641023413,0.15776544641023413,0.15776544641023435,0.15776544641023413,0.15776544641023413,0.15776544641023413,0.15776544641023413,0.15776544641023413,0.15776544641023413,0.15776544641023413,0.15776544641023393,0.15776544641023413,0.15776544641023413,0.15776544641023413,0.15776544641023413,0.15776544641023413,0.15776544641023413,0.15776544641023413,0.15776544641023435,0.15776544641023413,0.15776544641023413,0.15776544641023413,0.15776544641023435,0.15634146272467042,0.15634146272467023,0.15634146272467003,0.15634146272467023,0.15634146272467042,0.15634146272467023,0.1563414627246698,0.15634146272466962,0.1563414627246698,0.15634146272467023,0.15634146272467003,0.15634146272466962,0.1563414627246694,0.15634146272466962,0.15634146272467003,0.15634146272467023,0.1563414627246698,0.15634146272466962,0.1563414627246698,0.15634146272467023,0.15634146272467042,0.15634146272467023,0.15634146272467003,0.15634146272467023,0.15634146272467042,0.1549459147766731,0.15494591477667208,0.15494591477667144,0.15494591477667208,0.1549459147766731,0.15494591477667208,0.15494591477667102,0.1549459147766704,0.15494591477667102,0.15494591477667208,0.15494591477667144,0.1549459147766704,0.1549459147766696,0.1549459147766704,0.15494591477667144,0.15494591477667208,0.15494591477667102,0.1549459147766704,0.15494591477667102,0.15494591477667208,0.1549459147766731,0.15494591477667208,0.15494591477667144,0.15494591477667208,0.1549459147766731,0.15357822080697156,0.1535782208069683,0.15357822080696654,0.1535782208069683,0.15357822080697156,0.1535782208069683,0.15357822080696515,0.1535782208069631,0.15357822080696515,0.1535782208069683,0.15357822080696654,0.1535782208069631,0.15357822080696112,0.1535782208069631,0.15357822080696654,0.1535782208069683,0.15357822080696515,0.1535782208069631,0.15357822080696515,0.1535782208069683,0.15357822080697156,0.1535782208069683,0.15357822080696654,0.1535782208069683,0.15357822080697156,0.15223780395807718,0.15223780395806755,0.15223780395806163,0.15223780395806755,0.15223780395807718,0.15223780395806755,0.15223780395805753,0.15223780395805103,0.15223780395805753,0.15223780395806755,0.15223780395806163,0.15223780395805103,0.1522378039580445,0.15223780395805103,0.15223780395806163,0.15223780395806755,0.15223780395805753,0.15223780395805103,0.15223780395805753,0.15223780395806755,0.15223780395807718,0.15223780395806755,0.15223780395806163,0.15223780395806755,0.15223780395807718,0.1509240930355962,0.15092409303556686,0.15092409303554835,0.15092409303556686,0.1509240930355962,0.15092409303556686,0.1509240930355352,0.15092409303551496,0.1509240930355352,0.15092409303556686,0.15092409303554835,0.15092409303551496,0.15092409303549353,0.15092409303551496,0.15092409303554835,0.15092409303556686,0.1509240930355352,0.15092409303551496,0.1509240930355352,0.15092409303556686,0.1509240930355962,0.15092409303556686,0.15092409303554835,0.15092409303556686,0.1509240930355962,0.14963652317783582,0.14963652317774734,0.149636523177691,0.14963652317774734,0.14963652317783582,0.14963652317774734,0.149636523177649,0.14963652317758547,0.149636523177649,0.14963652317774734,0.149636523177691,0.14963652317758547,0.1496365231775174,0.14963652317758547,0.149636523177691,0.14963652317774734,0.149636523177649,0.14963652317758547,0.149636523177649,0.14963652317774734,0.14963652317783582,0.14963652317774734,0.149636523177691,0.14963652317774734,0.14963652317783582,0.14837453644128956,0.148374536441026,0.1483745364408555,0.148374536441026,0.14837453644128956,0.148374536441026,0.14837453644072354,0.14837453644052304,0.14837453644072354,0.148374536441026,0.1483745364408555,0.14837453644052304,0.1483745364403012,0.14837453644052304,0.1483745364408555,0.148374536441026,0.14837453644072354,0.14837453644052304,0.14837453644072354,0.148374536441026,0.14837453644128956,0.148374536441026,0.1483745364408555,0.148374536441026,0.14837453644128956,0.14713758230913063,0.14713758230836113,0.14713758230784887,0.14713758230836113,0.14713758230913063,0.14713758230836113,0.14713758230743412,0.14713758230679289,0.14713758230743412,0.14713758230836113,0.14713758230784887,0.14713758230679289,0.14713758230604682,0.14713758230679289,0.14713758230784887,0.14713758230836113,0.14713758230743412,0.14713758230679289,0.14713758230743412,0.14713758230836113,0.14713758230913063,0.14713758230836113,0.14713758230784887,0.14713758230836113,0.14713758230913063,0.14592511812948852,0.14592511812730566,0.14592511812578712,0.14592511812730566,0.14592511812948852,0.14592511812730566,0.1459251181244926,0.14592511812240302,0.1459251181244926,0.14592511812730566,0.14592511812578712,0.14592511812240302,0.14592511811976,0.14592511812240302,0.14592511812578712,0.14592511812730566,0.1459251181244926,0.14592511812240302,0.1459251181244926,0.14592511812730566,0.14592511812948852,0.14592511812730566,0.14592511812578712,0.14592511812730566,0.14592511812948852,0.14473660949009898,0.14473660948418993,0.14473660947978606,0.14473660948418993,0.14473660949009898,0.14473660948418993,0.14473660947582204,0.1447366094688566,0.14473660947582204,0.14473660948418993,0.14473660947978606,0.1447366094688566,0.1447366094587486,0.1447366094688566,0.14473660947978606,0.14473660948418993,0.14473660947582204,0.1447366094688566,0.14473660947582204,0.14473660948418993,0.14473660949009898,0.14473660948418993,0.14473660947978606,0.14473660948418993,0.14473660949009898,0.14357153053600683,0.1435715305211934,0.1435715305089607,0.1435715305211934,0.14357153053600683,0.1435715305211934,0.14357153049734422,0.14357153047371865,0.14357153049734422,0.1435715305211934,0.1435715305089607,0.14357153047371865,0.1435715304308622,0.14357153047371865,0.1435715305089607,0.1435715305211934,0.14357153049734422,0.14357153047371865,0.14357153049734422,0.1435715305211934,0.14357153053600683,0.1435715305211934,0.1435715305089607,0.1435715305211934,0.14357153053600683,0.14242936423692487,0.14242936420444022,0.14242936417342236,0.14242936420444022,0.14242936423692487,0.14242936420444022,0.14242936414246543,0.14242936406351728,0.14242936414246543,0.14242936420444022,0.14242936417342236,0.14242936406351728,0.14242936385823715,0.14242936406351728,0.14242936417342236,0.14242936420444022,0.14242936414246543,0.14242936406351728,0.14242936414246543,0.14242936420444022,0.14242936423692487,0.14242936420444022,0.14242936417342236,0.14242936420444022,0.14242936423692487,0.14130960260766887,0.1413096025526508,0.14130960248952307,0.1413096025526508,0.14130960260766887,0.1413096025526508,0.14130960242424545,0.14130960219312858,0.14130960242424545,0.1413096025526508,0.14130960248952307,0.14130960219312858,0.14130960107936527,0.14130960219312858,0.14130960248952307,0.1413096025526508,0.14130960242424545,0.14130960219312858,0.14130960242424545,0.1413096025526508,0.14130960260766887,0.1413096025526508,0.14130960248952307,0.1413096025526508,0.14130960260766887,0.14021174686923274,0.1402117468187077,0.14021174675774944,0.1402117468187077,0.14021174686923274,0.1402117468187077,0.14021174669411635,0.14021174645641102,0.14021174669411635,0.1402117468187077,0.14021174675774944,0.14021174645641102,0.14021174525891494,0.14021174645641102,0.14021174675774944,0.1402117468187077,0.14021174669411635,0.14021174645641102,0.14021174669411635,0.1402117468187077,0.14021174686923274,0.1402117468187077,0.14021174675774944,0.1402117468187077,0.14021174686923274,0.13913530751218617,0.13913530750126077,0.13913530748830652,0.13913530750126077,0.13913530751218617,0.13913530750126077,0.1391353074746305,0.1391353074309448,0.1391353074746305,0.13913530750126077,0.13913530748830652,0.1391353074309448,0.13913530728888268,0.1391353074309448,0.13913530748830652,0.13913530750126077,0.1391353074746305,0.1391353074309448,0.1391353074746305,0.13913530750126077,0.13913530751218617,0.13913530750126077,0.13913530748830652,0.13913530750126077,0.13913530751218617,0.13807980437252745,0.13807980440871132,0.13807980444722764,0.13807980440871132,0.13807980437252745,0.13807980440871132,0.13807980448685778,0.13807980460157707,0.13807980448685778,0.13807980440871132,0.13807980444722764,0.13807980460157707,0.1380798049439076,0.13807980460157707,0.13807980444722764,0.13807980440871132,0.13807980448685778,0.13807980460157707,0.13807980448685778,0.13807980440871132,0.13807980437252745,0.13807980440871132,0.13807980444722764,0.13807980440871132,0.13807980437252745,0.1370447667486256,0.1370447668241417,0.13704476691804238,0.1370447668241417,0.1370447667486256,0.1370447668241417,0.1370447670159566,0.13704476740936475,0.1370447670159566,0.1370447668241417,0.13704476691804238,0.13704476740936475,0.13704476961277212,0.13704476740936475,0.13704476691804238,0.1370447668241417,0.1370447670159566,0.13704476740936475,0.1370447670159566,0.1370447668241417,0.1370447667486256,0.1370447668241417,0.13704476691804238,0.1370447668241417,0.1370447667486256,0.13602973346432262,0.13602973351863729,0.136029733572349,0.13602973351863729,0.13602973346432262,0.13602973351863729,0.13602973362646442,0.13602973377206007,0.13602973362646442,0.13602973351863729,0.136029733572349,0.13602973377206007,0.13602973417871564,0.13602973377206007,0.136029733572349,0.13602973351863729,0.13602973362646442,0.13602973377206007,0.13602973362646442,0.13602973351863729,0.13602973346432262,0.13602973351863729,0.136029733572349,0.13602973351863729,0.13602973346432262,0.1350342529836238,0.13503425301797461,0.13503425304647218,0.13503425301797461,0.1350342529836238,0.13503425301797461,0.1350342530736099,0.1350342531290685,0.1350342530736099,0.13503425301797461,0.13503425304647218,0.1350342531290685,0.13503425323036428,0.1350342531290685,0.13503425304647218,0.13503425301797461,0.1350342530736099,0.1350342531290685,0.1350342530736099,0.13503425301797461,0.1350342529836238,0.13503425301797461,0.13503425304647218,0.13503425301797461,0.1350342529836238
0.16533248766182157,0.16533248766182157,0.16533248766182157,0.16533248766182157,0.16533248766182157,0.16533248766182157,0.16533248766182157,0.16533248766182157,0.16533248766182157,0.16533248766182157,0.16533248766182157,0.16533248766182157,0.16533248766182157,0.16533248766182157,0.16533248766182157,0.16533248766182157,0.16533248766182157,0.16533248766182157,0.16533248766182157,0.16533248766182157,0.16533248766182157,0.16533248766182157,0.16533248766182157,0.16533248766182157,0.16533248766182157,0.1637574939454873,0.1637574939454873,0.1637574939454873,0.1637574939454873,0.1637574939454873,0.1637574939454873,0.1637574939454873,0.1637574939454873,0.1637574939454873,0.1637574939454873,0.1637574939454873,0.1637574939454873,0.1637574939454873,0.1637574939454873,0.1637574939454873,0.1637574939454873,0.1637574939454873,0.1637574939454873,0.1637574939454873,0.1637574939454873,0.1637574939454873,0.1637574939454873,0.1637574939454873,0.1637574939454873,0.1637574939454873,0.16221388416100402,0.16221388416100402,0.16221388416100402,0.16221388416100402,0.16221388416100402,0.16221388416100402,0.16221388416100402,0.16221388416100402,0.16221388416100402,0.16221388416100402,0.16221388416100402,0.16221388416100402,0.16221388416100402,0.16221388416100402,0.16221388416100402,0.16221388416100402,0.16221388416100402,0.16221388416100402,0.16221388416100402,0.16221388416100402,0.16221388416100402,0.16221388416100402,0.16221388416100402,0.16221388416100402,0.16221388416100402,0.16070106726541208,0.16070106726541208,0.16070106726541208,0.16070106726541208,0.16070106726541208,0.16070106726541208,0.16070106726541208,0.16070106726541208,0.16070106726541208,0.16070106726541208,0.16070106726541208,0.16070106726541208,0.16070106726541208,0.16070106726541208,0.16070106726541208,0.16070106726541208,0.16070106726541208,0.16070106726541208,0.16070106726541208,0.16070106726541208,0.16070106726541208,0.16070106726541208,0.16070106726541208,0.16070106726541208,0.16070106726541208,0.15921845163368964,0.1592184516336894,0.1592184516336894,0.1592184516336894,0.15921845163368964,0.1592184516336894,0.1592184516336894,0.1592184516336894,0.1592184516336894,0.1592184516336894,0.1592184516336894,0.1592184516336894,0.1592184516336894,0.1592184516336894,0.1592184516336894,0.1592184516336894,0.1592184516336894,0.1592184516336894,0.1592184516336894,0.1592184516336894,0.15921845163368964,0.1592184516336894,0.1592184516336894,0.1592184516336894,0.15921845163368964,0.15776544641060303,0.15776544641060303,0.15776544641060303,0.15776544641060303,0.15776544641060303,0.15776544641060303,0.15776544641060283,0.15776544641060283,0.15776544641060283,0.15776544641060303,0.15776544641060303,0.15776544641060283,0.15776544641060283,0.15776544641060283,0.15776544641060303,0.15776544641060303,0.15776544641060283,0.15776544641060283,0.15776544641060283,0.15776544641060303,0.15776544641060303,0.15776544641060303,0.15776544641060303,0.15776544641060303,0.15776544641060303,0.15634146272503177,0.15634146272503158,0.15634146272503135,0.15634146272503158,0.15634146272503177,0.15634146272503158,0.15634146272503116,0.15634146272503094,0.15634146272503116,0.15634146272503158,0.15634146272503135,0.15634146272503094,0.15634146272503072,0.15634146272503094,0.15634146272503135,0.15634146272503158,0.15634146272503116,0.15634146272503094,0.15634146272503116,0.15634146272503158,0.15634146272503177,0.15634146272503158,0.15634146272503135,0.15634146272503158,0.15634146272503177,0.1549459147770272,0.15494591477702618,0.15494591477702557,0.15494591477702618,0.1549459147770272,0.15494591477702618,0.15494591477702516,0.15494591477702455,0.15494591477702516,0.15494591477702618,0.15494591477702557,0.15494591477702455,0.15494591477702374,0.15494591477702455,0.15494591477702557,0.15494591477702618,0.15494591477702516,0.15494591477702455,0.15494591477702516,0.15494591477702618,0.1549459147770272,0.15494591477702618,0.15494591477702557,0.15494591477702618,0.1549459147770272,0.15357822080731862,0.1535782208073154,0.1535782208073134,0.1535782208073154,0.15357822080731862,0.1535782208073154,0.15357822080731218,0.15357822080731018,0.15357822080731218,0.1535782208073154,0.1535782208073134,0.15357822080731018,0.15357822080730796,0.15357822080731018,0.1535782208073134,0.1535782208073154,0.15357822080731218,0.15357822080731018,0.15357822080731218,0.1535782208073154,0.15357822080731862,0.1535782208073154,0.1535782208073134,0.1535782208073154,0.15357822080731862,0.15223780395841713,0.1522378039584077,0.15223780395840159,0.1522378039584077,0.15223780395841713,0.1522378039584077,0.15223780395839748,0.15223780395839115,0.15223780395839748,0.1522378039584077,0.15223780395840159,0.15223780395839115,0.15223780395838443,0.15223780395839115,0.15223780395840159,0.1522378039584077,0.15223780395839748,0.15223780395839115,0.15223780395839748,0.1522378039584077,0.15223780395841713,0.1522378039584077,0.15223780395840159,0.1522378039584077,0.15223780395841713,0.15092409303592935,0.15092409303590004,0.15092409303588153,0.15092409303590004,0.15092409303592935,0.15092409303590004,0.1509240930358684,0.1509240930358481,0.1509240930358684,0.15092409303590004,0.15092409303588153,0.1509240930358481,0.15092409303582674,0.1509240930358481,0.15092409303588153,0.15092409303590004,0.1509240930358684,0.1509240930358481,0.1509240930358684,0.15092409303590004,0.15092409303592935,0.15092409303590004,0.15092409303588153,0.15092409303590004,0.15092409303592935,0.14963652317816217,0.1496365231780737,0.14963652317801754,0.1496365231780737,0.14963652317816217,0.1496365231780737,0.14963652317797554,0.14963652317791204,0.14963652317797554,0.1496365231780737,0.14963652317801754,0.14963652317791204,0.14963652317784396,0.14963652317791204,0.14963652317801754,0.1496365231780737,0.14963652317797554,0.14963652317791204,0.14963652317797554,0.1496365231780737,0.14963652317816217,0.1496365231780737,0.14963652317801754,0.1496365231780737,0.14963652317816217,0.14837453644160886,0.1483745364413457,0.1483745364411754,0.1483745364413457,0.14837453644160886,0.1483745364413457,0.14837453644104362,0.14837453644084328,0.14837453644104362,0.1483745364413457,0.1483745364411754,0.14837453644084328,0.14837453644062162,0.14837453644084328,0.1483745364411754,0.1483745364413457,0.14837453644104362,0.14837453644084328,0.14837453644104362,0.1483745364413457,0.14837453644160886,0.1483745364413457,0.1483745364411754,0.1483745364413457,0.14837453644160886,0.14713758230944274,0.14713758230867413,0.1471375823081624,0.14713758230867413,0.14713758230944274,0.14713758230867413,0.1471375823077482,0.1471375823071077,0.1471375823077482,0.14713758230867413,0.1471375823081624,0.1471375823071077,0.14713758230636234,0.1471375823071077,0.1471375823081624,0.14713758230867413,0.1471375823077482,0.1471375823071077,0.1471375823077482,0.14713758230867413,0.14713758230944274,0.14713758230867413,0.1471375823081624,0.14713758230867413,0.14713758230944274,0.14592511812979178,0.1459251181276114,0.14592511812609427,0.1459251181276114,0.14592511812979178,0.1459251181276114,0.14592511812480136,0.14592511812271375,0.14592511812480136,0.1459251181276114,0.14592511812609427,0.14592511812271375,0.14592511812007355,0.14592511812271375,0.14592511812609427,0.1459251181276114,0.14592511812480136,0.14592511812271375,0.14592511812480136,0.1459251181276114,0.14592511812979178,0.1459251181276114,0.14592511812609427,0.1459251181276114,0.14592511812979178,0.1447366094903889,0.144736609484486,0.14473660948008663,0.144736609484486,0.1447366094903889,0.144736609484486,0.1447366094761268,0.14473660946916872,0.1447366094761268,0.144736609484486,0.14473660948008663,0.14473660946916872,0.14473660945907152,0.14473660946916872,0.14473660948008663,0.144736609484486,0.1447366094761268,0.14473660946916872,0.1447366094761268,0.144736609484486,0.1447366094903889,0.144736609484486,0.14473660948008663,0.144736609484486,0.1447366094903889,0.14357153053627014,0.14357153052147248,0.1435715305092528,0.14357153052147248,0.14357153053627014,0.14357153052147248,0.14357153049764862,0.14357153047404786,0.14357153049764862,0.14357153052147248,0.1435715305092528,0.14357153047404786,0.14357153043123594,0.14357153047404786,0.1435715305092528,0.14357153052147248,0.14357153049764862,0.14357153047404786,0.14357153049764862,0.14357153052147248,0.14357153053627014,0.14357153052147248,0.1435715305092528,0.14357153052147248,0.14357153053627014,0.14242936423712904,0.14242936420467908,0.14242936417369428,0.14242936420467908,0.14242936423712904,0.14242936420467908,0.14242936414277022,0.14242936406390513,0.14242936414277022,0.14242936420467908,0.14242936417369428,0.14242936406390513,0.14242936385883787,0.14242936406390513,0.14242936417369428,0.14242936420467908,0.14242936414277022,0.14242936406390513,0.14242936414277022,0.14242936420467908,0.14242936423712904,0.14242936420467908,0.14242936417369428,0.14242936420467908,0.14242936423712904,0.14130960260774109,0.14130960255278302,0.14130960248972338,0.14130960255278302,0.14130960260774109,0.14130960255278302,0.14130960242451615,0.141309602193644,0.14130960242451615,0.14130960255278302,0.14130960248972338,0.141309602193644,0.1413096010810369,0.141309602193644,0.14130960248972338,0.14130960255278302,0.14130960242451615,0.141309602193644,0.14130960242451615,0.14130960255278302,0.14130960260774109,0.14130960255278302,0.14130960248972338,0.14130960255278302,0.14130960260774109,0.14021174686904733,0.14021174681858017,0.14021174675769252,0.14021174681858017,0.14021174686904733,0.14021174681858017,0.14021174669413292,0.14021174645670662,0.14021174669413292,0.14021174681858017,0.14021174675769252,0.14021174645670662,0.14021174526063873,0.14021174645670662,0.14021174675769252,0.14021174681858017,0.14021174669413292,0.14021174645670662,0.14021174669413292,0.14021174681858017,0.14021174686904733,0.14021174681858017,0.14021174675769252,0.14021174681858017,0.14021174686904733,0.13913530751162043,0.13913530750070865,0.1391353074877705,0.13913530750070865,0.13913530751162043,0.13913530750070865,0.13913530747411137,0.13913530743047978,0.13913530747411137,0.13913530750070865,0.1391353074877705,0.13913530743047978,0.13913530728859272,0.13913530743047978,0.1391353074877705,0.13913530750070865,0.13913530747411137,0.13913530743047978,0.13913530747411137,0.13913530750070865,0.13913530751162043,0.13913530750070865,0.1391353074877705,0.13913530750070865,0.13913530751162043,0.1380798043715479,0.1380798044076922,0.1380798044461664,0.1380798044076922,0.1380798043715479,0.1380798044076922,0.1380798044857531,0.13807980460034605,0.1380798044857531,0.1380798044076922,0.1380798044461664,0.13807980460034605,0.13807980494229807,0.13807980460034605,0.1380798044461664,0.1380798044076922,0.1380798044857531,0.13807980460034605,0.1380798044857531,0.1380798044076922,0.1380798043715479,0.1380798044076922,0.1380798044461664,0.1380798044076922,0.1380798043715479,0.13704476674730828,0.13704476682274053,0.1370447669165369,0.13704476682274053,0.13704476674730828,0.13704476682274053,0.13704476701434212,0.13704476740731206,0.13704476701434212,0.13704476682274053,0.1370447669165369,0.13704476740731206,0.137044769608243,0.13704476740731206,0.1370447669165369,0.13704476682274053,0.13704476701434212,0.13704476740731206,0.13704476701434212,0.13704476682274053,0.13704476674730828,0.13704476682274053,0.1370447669165369,0.13704476682274053,0.13704476674730828,0.13602973346283573,0.13602973351709002,0.13602973357074188,0.13602973351709002,0.13602973346283573,0.13602973351709002,0.13602973362479712,0.13602973377023037,0.13602973362479712,0.13602973351709002,0.13602973357074188,0.13602973377023037,0.13602973417643285,0.13602973377023037,0.13602973357074188,0.13602973351709002,0.13602973362479712,0.13602973377023037,0.13602973362479712,0.13602973351709002,0.13602973346283573,0.13602973351709002,0.13602973357074188,0.13602973351709002,0.13602973346283573,0.13503425298208904,0.13503425301640148,0.1350342530448675,0.13503425301640148,0.13503425298208904,0.13503425301640148,0.13503425307197495,0.1350342531273717,0.13503425307197495,0.13503425301640148,0.1350342530448675,0.1350342531273717,0.13503425322855458,0.1350342531273717,0.1350342530448675,0.13503425301640148,0.13503425307197495,0.1350342531273717,0.13503425307197495,0.13503425301640148,0.13503425298208904,0.13503425301640148,0.1350342530448675,0.13503425301640148,0.13503425298208904
0.1653324876622289,0.1653324876622289,0.1653324876622289,0.1653324876622289,0.1653324876622289,0.1653324876622289,0.1653324876622289,0.1653324876622289,0.1653324876622289,0.1653324876622289,0.1653324876622289,0.1653324876622289,0.1653324876622289,0.1653324876622289,0.1653324876622289,0.1653324876622289,0.1653324876622289,0.1653324876622289,0.1653324876622289,0.1653324876622289,0.1653324876622289,0.1653324876622289,0.1653324876622289,0.1653324876622289,0.1653324876622289,0.16375749394588648,0.16375749394588648,0.16375749394588648,0.16375749394588648,0.16375749394588626,0.16375749394588648,0.16375749394588648,0.16375749394588626,0.16375749394588626,0.16375749394588626,0.16375749394588648,0.16375749394588626,0.16375749394588648,0.16375749394588626,0.16375749394588626,0.16375749394588648,0.16375749394588626,0.16375749394588626,0.16375749394588648,0.16375749394588648,0.16375749394588626,0.16375749394588626,0.16375749394588626,0.16375749394588648,0.16375749394588648,0.16221388416139526,0.16221388416139526,0.16221388416139526,0.16221388416139526,0.16221388416139526,0.16221388416139526,0.16221388416139526,0.16221388416139526,0.16221388416139526,0.16221388416139526,0.16221388416139526,0.16221388416139526,0.16221388416139526,0.16221388416139526,0.16221388416139526,0.16221388416139526,0.16221388416139526,0.16221388416139526,0.16221388416139526,0.16221388416139526,0.16221388416139526,0.16221388416139526,0.16221388416139526,0.16221388416139526,0.16221388416139526,0.1607010672657955,0.1607010672657955,0.1607010672657955,0.1607010672657955,0.1607010672657955,0.1607010672657955,0.1607010672657955,0.1607010672657955,0.1607010672657955,0.1607010672657955,0.1607010672657955,0.1607010672657955,0.1607010672657955,0.1607010672657955,0.1607010672657955,0.1607010672657955,0.1607010672657955,0.1607010672657955,0.1607010672657955,0.1607010672657955,0.1607010672657955,0.1607010672657955,0.1607010672657955,0.1607010672657955,0.1607010672657955,0.15921845163406517,0.15921845163406517,0.15921845163406517,0.15921845163406517,0.15921845163406517,0.15921845163406517,0.15921845163406517,0.15921845163406498,0.15921845163406517,0.15921845163406517,0.15921845163406517,0.15921845163406498,0.15921845163406498,0.15921845163406498,0.15921845163406517,0.15921845163406517,0.15921845163406517,0.15921845163406498,0.15921845163406517,0.15921845163406517,0.15921845163406517,0.15921845163406517,0.15921845163406517,0.15921845163406517,0.15921845163406517,0.15776544641097132,0.15776544641097112,0.15776544641097112,0.15776544641097112,0.15776544641097132,0.15776544641097112,0.15776544641097112,0.1577654464109709,0.15776544641097112,0.15776544641097112,0.15776544641097112,0.1577654464109709,0.1577654464109709,0.1577654464109709,0.15776544641097112,0.15776544641097112,0.15776544641097112,0.1577654464109709,0.15776544641097112,0.15776544641097112,0.15776544641097132,0.15776544641097112,0.15776544641097112,0.15776544641097112,0.15776544641097132,0.15634146272539248,0.15634146272539226,0.15634146272539207,0.15634146272539226,0.15634146272539248,0.15634146272539226,0.15634146272539184,0.15634146272539165,0.15634146272539184,0.15634146272539226,0.15634146272539207,0.15634146272539165,0.15634146272539146,0.15634146272539165,0.15634146272539207,0.15634146272539226,0.15634146272539184,0.15634146272539165,0.15634146272539184,0.15634146272539226,0.15634146272539248,0.15634146272539226,0.15634146272539207,0.15634146272539226,0.15634146272539248,0.1549459147773805,0.15494591477737948,0.1549459147773789,0.15494591477737948,0.1549459147773805,0.15494591477737948,0.15494591477737846,0.15494591477737785,0.15494591477737846,0.15494591477737948,0.1549459147773789,0.15494591477737785,0.15494591477737724,0.15494591477737785,0.1549459147773789,0.15494591477737948,0.15494591477737846,0.15494591477737785,0.15494591477737846,0.15494591477737948,0.1549459147773805,0.15494591477737948,0.1549459147773789,0.15494591477737948,0.1549459147773805,0.15357822080766487,0.15357822080766168,0.15357822080765984,0.15357822080766168,0.15357822080766487,0.15357822080766168,0.15357822080765843,0.15357822080765643,0.15357822080765843,0.15357822080766168,0.15357822080765984,0.15357822080765643,0.1535782208076544,0.15357822080765643,0.15357822080765984,0.15357822080766168,0.15357822080765843,0.15357822080765643,0.15357822080765843,0.15357822080766168,0.15357822080766487,0.15357822080766168,0.15357822080765984,0.15357822080766168,0.15357822080766487,0.15223780395875647,0.15223780395874703,0.15223780395874092,0.15223780395874703,0.15223780395875647,0.15223780395874703,0.1522378039587368,0.1522378039587305,0.1522378039587368,0.15223780395874703,0.15223780395874092,0.1522378039587305,0.15223780395872383,0.1522378039587305,0.15223780395874092,0.15223780395874703,0.1522378039587368,0.1522378039587305,0.1522378039587368,0.15223780395874703,0.15223780395875647,0.15223780395874703,0.15223780395874092,0.15223780395874703,0.15223780395875647,0.15092409303626175,0.1509240930362326,0.15092409303621412,0.1509240930362326,0.15092409303626175,0.1509240930362326,0.150924093036201,0.15092409303618076,0.150924093036201,0.1509240930362326,0.15092409303621412,0.15092409303618076,0.1509240930361593,0.15092409303618076,0.15092409303621412,0.1509240930362326,0.150924093036201,0.15092409303618076,0.150924093036201,0.1509240930362326,0.15092409303626175,0.1509240930362326,0.15092409303621412,0.1509240930362326,0.15092409303626175,0.14963652317848777,0.14963652317839948,0.14963652317834333,0.14963652317839948,0.14963652317848777,0.14963652317839948,0.14963652317830153,0.14963652317823797,0.14963652317830153,0.14963652317839948,0.14963652317834333,0.14963652317823797,0.14963652317816992,0.14963652317823797,0.14963652317834333,0.14963652317839948,0.14963652317830153,0.14963652317823797,0.14963652317830153,0.14963652317839948,0.14963652317848777,0.14963652317839948,0.14963652317834333,0.14963652317839948,0.14963652317848777,0.14837453644192783,0.14837453644166484,0.14837453644149473,0.14837453644166484,0.14837453644192783,0.14837453644166484,0.14837453644136292,0.14837453644116297,0.14837453644136292,0.14837453644166484,0.14837453644149473,0.14837453644116297,0.1483745364409415,0.14837453644116297,0.14837453644149473,0.14837453644166484,0.14837453644136292,0.14837453644116297,0.14837453644136292,0.14837453644166484,0.14837453644192783,0.14837453644166484,0.14837453644149473,0.14837453644166484,0.14837453644192783,0.14713758230975427,0.14713758230898638,0.1471375823084754,0.14713758230898638,0.14713758230975427,0.14713758230898638,0.1471375823080616,0.1471375823074216,0.1471375823080616,0.14713758230898638,0.1471375823084754,0.1471375823074216,0.14713758230667717,0.1471375823074216,0.1471375823084754,0.14713758230898638,0.1471375823080616,0.1471375823074216,0.1471375823080616,0.14713758230898638,0.14713758230975427,0.14713758230898638,0.1471375823084754,0.14713758230898638,0.14713758230975427,0.14592511813009448,0.14592511812791642,0.1459251181264009,0.14592511812791642,0.14592511813009448,0.14592511812791642,0.14592511812510922,0.14592511812302392,0.14592511812510922,0.14592511812791642,0.1459251181264009,0.14592511812302392,0.14592511812038658,0.14592511812302392,0.1459251181264009,0.14592511812791642,0.14592511812510922,0.14592511812302392,0.14592511812510922,0.14592511812791642,0.14592511813009448,0.14592511812791642,0.1459251181264009,0.14592511812791642,0.14592511813009448,0.14473660949067813,0.14473660948478148,0.14473660948038683,0.14473660948478148,0.14473660949067813,0.14473660948478148,0.14473660947643122,0.14473660946948028,0.14473660947643122,0.14473660948478148,0.14473660948038683,0.14473660946948028,0.14473660945939357,0.14473660946948028,0.14473660948038683,0.14473660948478148,0.14473660947643122,0.14473660946948028,0.14473660947643122,0.14473660948478148,0.14473660949067813,0.14473660948478148,0.14473660948038683,0.14473660948478148,0.14473660949067813,0.143571530536533,0.14357153052175106,0.14357153050954422,0.14357153052175106,0.143571530536533,0.14357153052175106,0.14357153049795235,0.1435715304743762,0.14357153049795235,0.14357153052175106,0.14357153050954422,0.1435715304743762,0.1435715304316091,0.1435715304743762,0.14357153050954422,0.14357153052175106,0.14357153049795235,0.1435715304743762,0.14357153049795235,0.14357153052175106,0.143571530536533,0.14357153052175106,0.14357153050954422,0.14357153052175106,0.143571530536533,0.14242936423733252,0.14242936420491747,0.1424293641739657,0.14242936420491747,0.14242936423733252,0.14242936420491747,0.14242936414307433,0.1424293640642923,0.14242936414307433,0.14242936420491747,0.1424293641739657,0.1424293640642923,0.1424293638594374,0.1424293640642923,0.1424293641739657,0.14242936420491747,0.14242936414307433,0.1424293640642923,0.14242936414307433,0.14242936420491747,0.14242936423733252,0.14242936420491747,0.1424293641739657,0.14242936420491747,0.14242936423733252,0.14130960260781295,0.14130960255291475,0.1413096024899232,0.14130960255291475,0.14130960260781295,0.14130960255291475,0.14130960242478618,0.14130960219415845,0.14130960242478618,0.14130960255291475,0.1413096024899232,0.14130960219415845,0.14130960108270213,0.14130960219415845,0.1413096024899232,0.14130960255291475,0.14130960242478618,0.14130960219415845,0.14130960242478618,0.14130960255291475,0.14130960260781295,0.14130960255291475,0.1413096024899232,0.14130960255291475,0.14130960260781295,0.1402117468688622,0.14021174681845294,0.14021174675763545,0.14021174681845294,0.1402117468688622,0.14021174681845294,0.14021174669414938,0.14021174645700138,0.14021174669414938,0.14021174681845294,0.14021174675763545,0.14021174645700138,0.14021174526237332,0.14021174645700138,0.14021174675763545,0.14021174681845294,0.14021174669414938,0.14021174645700138,0.14021174669414938,0.14021174681845294,0.1402117468688622,0.14021174681845294,0.14021174675763545,0.14021174681845294,0.1402117468688622,0.1391353075110555,0.13913530750015746,0.13913530748723546,0.13913530750015746,0.1391353075110555,0.13913530750015746,0.13913530747359326,0.13913530743001556,0.13913530747359326,0.13913530750015746,0.13913530748723546,0.13913530743001556,0.13913530728830303,0.13913530743001556,0.13913530748723546,0.13913530750015746,0.13913530747359326,0.13913530743001556,0.13913530747359326,0.13913530750015746,0.1391353075110555,0.13913530750015746,0.13913530748723546,0.13913530750015746,0.1391353075110555,0.13807980437057008,0.13807980440667503,0.13807980444510698,0.13807980440667503,0.13807980437057008,0.13807980440667503,0.1380798044846503,0.13807980459911723,0.1380798044846503,0.13807980440667503,0.13807980444510698,0.13807980459911723,0.1380798049406914,0.13807980459911723,0.13807980444510698,0.13807980440667503,0.1380798044846503,0.13807980459911723,0.1380798044846503,0.13807980440667503,0.13807980437057008,0.13807980440667503,0.13807980444510698,0.13807980440667503,0.13807980437057008,0.13704476674599345,0.13704476682134203,0.13704476691503414,0.13704476682134203,0.13704476674599345,0.13704476682134203,0.13704476701273063,0.1370447674052633,0.13704476701273063,0.13704476682134203,0.13704476691503414,0.1370447674052633,0.13704476960374337,0.1370447674052633,0.13704476691503414,0.13704476682134203,0.13704476701273063,0.1370447674052633,0.13704476701273063,0.13704476682134203,0.13704476674599345,0.13704476682134203,0.13704476691503414,0.13704476682134203,0.13704476674599345,0.1360297334613517,0.1360297335155456,0.1360297335691378,0.1360297335155456,0.1360297334613517,0.1360297335155456,0.1360297336231328,0.13602973376840424,0.1360297336231328,0.1360297335155456,0.1360297335691378,0.13602973376840424,0.13602973417415434,0.13602973376840424,0.1360297335691378,0.1360297335155456,0.1360297336231328,0.13602973376840424,0.1360297336231328,0.1360297335155456,0.1360297334613517,0.1360297335155456,0.1360297335691378,0.1360297335155456,0.1360297334613517,0.13503425298055705,0.13503425301483146,0.13503425304326577,0.13503425301483146,0.13503425298055705,0.13503425301483146,0.1350342530703429,0.1350342531256781,0.1350342530703429,0.13503425301483146,0.13503425304326577,0.1350342531256781,0.13503425322674836,0.1350342531256781,0.13503425304326577,0.13503425301483146,0.1350342530703429,0.1350342531256781,0.1350342530703429,0.13503425301483146,0.13503425298055705,0.13503425301483146,0.13503425304326577,0.13503425301483146,0.13503425298055705
0.16533248766263525,0.16533248766263525,0.16533248766263525,0.16533248766263525,0.16533248766263525,0.16533248766263525,0.16533248766263525,0.16533248766263525,0.16533248766263525,0.16533248766263525,0.16533248766263525,0.16533248766263525,0.16533248766263525,0.16533248766263525,0.16533248766263525,0.16533248766263525,0.16533248766263525,0.16533248766263525,0.16533248766263525,0.16533248766263525,0.16533248766263525,0.16533248766263525,0.16533248766263525,0.16533248766263525,0.16533248766263525,0.16375749394628455,0.16375749394628455,0.16375749394628455,0.16375749394628455,0.16375749394628455,0.16375749394628455,0.16375749394628455,0.16375749394628455,0.16375749394628455,0.16375749394628455,0.16375749394628455,0.16375749394628455,0.16375749394628455,0.16375749394628455,0.16375749394628455,0.16375749394628455,0.16375749394628455,0.16375749394628455,0.16375749394628455,0.16375749394628455,0.16375749394628455,0.16375749394628455,0.16375749394628455,0.16375749394628455,0.16375749394628455,0.16221388416178562,0.16221388416178562,0.16221388416178562,0.16221388416178562,0.16221388416178562,0.16221388416178562,0.16221388416178562,0.16221388416178562,0.16221388416178562,0.16221388416178562,0.16221388416178562,0.16221388416178562,0.16221388416178562,0.16221388416178562,0.16221388416178562,0.16221388416178562,0.16221388416178562,0.16221388416178562,0.16221388416178562,0.16221388416178562,0.16221388416178562,0.16221388416178562,0.16221388416178562,0.16221388416178562,0.16221388416178562,0.16070106726617805,0.16070106726617805,0.16070106726617805,0.16070106726617805,0.16070106726617805,0.16070106726617805,0.16070106726617783,0.16070106726617783,0.16070106726617783,0.16070106726617805,0.16070106726617805,0.16070106726617783,0.16070106726617783,0.16070106726617783,0.16070106726617805,0.16070106726617805,0.16070106726617783,0.16070106726617783,0.16070106726617783,0.16070106726617805,0.16070106726617805,0.16070106726617805,0.16070106726617805,0.16070106726617805,0.16070106726617805,0.15921845163444012,0.15921845163443987,0.15921845163443987,0.15921845163443987,0.15921845163444012,0.15921845163443987,0.15921845163443987,0.15921845163443987,0.15921845163443987,0.15921845163443987,0.15921845163443987,0.15921845163443987,0.15921845163443987,0.15921845163443987,0.15921845163443987,0.15921845163443987,0.15921845163443987,0.15921845163443987,0.15921845163443987,0.15921845163443987,0.15921845163444012,0.15921845163443987,0.15921845163443987,0.15921845163443987,0.15921845163444012,0.15776544641133852,0.15776544641133852,0.15776544641133833,0.15776544641133852,0.15776544641133852,0.15776544641133852,0.15776544641133833,0.15776544641133833,0.15776544641133833,0.15776544641133852,0.15776544641133833,0.15776544641133833,0.15776544641133833,0.15776544641133833,0.15776544641133833,0.15776544641133852,0.15776544641133833,0.15776544641133833,0.15776544641133833,0.15776544641133852,0.15776544641133852,0.15776544641133852,0.15776544641133833,0.15776544641133852,0.15776544641133852,0.15634146272575258,0.15634146272575214,0.15634146272575195,0.15634146272575214,0.15634146272575258,0.15634146272575214,0.15634146272575195,0.15634146272575172,0.15634146272575195,0.15634146272575214,0.15634146272575195,0.15634146272575172,0.15634146272575153,0.15634146272575172,0.15634146272575195,0.15634146272575214,0.15634146272575195,0.15634146272575172,0.15634146272575195,0.15634146272575214,0.15634146272575258,0.15634146272575214,0.15634146272575195,0.15634146272575214,0.15634146272575258,0.1549459147777334,0.15494591477773237,0.15494591477773179,0.15494591477773237,0.1549459147777334,0.15494591477773237,0.15494591477773137,0.15494591477773073,0.15494591477773137,0.15494591477773237,0.15494591477773179,0.15494591477773073,0.15494591477772993,0.15494591477773073,0.15494591477773179,0.15494591477773237,0.15494591477773137,0.15494591477773073,0.15494591477773137,0.15494591477773237,0.1549459147777334,0.15494591477773237,0.15494591477773179,0.15494591477773237,0.1549459147777334,0.1535782208080105,0.1535782208080073,0.15357822080800548,0.1535782208080073,0.1535782208080105,0.1535782208080073,0.1535782208080041,0.15357822080800207,0.1535782208080041,0.1535782208080073,0.15357822080800548,0.15357822080800207,0.15357822080800007,0.15357822080800207,0.15357822080800548,0.1535782208080073,0.1535782208080041,0.15357822080800207,0.1535782208080041,0.1535782208080073,0.1535782208080105,0.1535782208080073,0.15357822080800548,0.1535782208080073,0.1535782208080105,0.15223780395909525,0.1522378039590858,0.15223780395907968,0.1522378039590858,0.15223780395909525,0.1522378039590858,0.15223780395907555,0.15223780395906927,0.15223780395907555,0.1522378039590858,0.15223780395907968,0.15223780395906927,0.15223780395906256,0.15223780395906927,0.15223780395907968,0.1522378039590858,0.15223780395907555,0.15223780395906927,0.15223780395907555,0.1522378039590858,0.15223780395909525,0.1522378039590858,0.15223780395907968,0.1522378039590858,0.15223780395909525,0.15092409303659357,0.15092409303656446,0.15092409303654594,0.15092409303656446,0.15092409303659357,0.15092409303656446,0.150924093036533,0.15092409303651275,0.150924093036533,0.15092409303656446,0.15092409303654594,0.15092409303651275,0.15092409303649135,0.15092409303651275,0.15092409303654594,0.15092409303656446,0.150924093036533,0.15092409303651275,0.150924093036533,0.15092409303656446,0.15092409303659357,0.15092409303656446,0.15092409303654594,0.15092409303656446,0.15092409303659357,0.149636523178813,0.14963652317872472,0.14963652317866855,0.14963652317872472,0.149636523178813,0.14963652317872472,0.14963652317862675,0.1496365231785634,0.14963652317862675,0.14963652317872472,0.14963652317866855,0.1496365231785634,0.14963652317849552,0.1496365231785634,0.14963652317866855,0.14963652317872472,0.14963652317862675,0.1496365231785634,0.14963652317862675,0.14963652317872472,0.149636523178813,0.14963652317872472,0.14963652317866855,0.14963652317872472,0.149636523178813,0.14837453644224605,0.14837453644198342,0.14837453644181348,0.14837453644198342,0.14837453644224605,0.14837453644198342,0.1483745364416819,0.14837453644148194,0.1483745364416819,0.14837453644198342,0.14837453644181348,0.14837453644148194,0.1483745364412608,0.14837453644148194,0.14837453644181348,0.14837453644198342,0.1483745364416819,0.14837453644148194,0.1483745364416819,0.14837453644198342,0.14837453644224605,0.14837453644198342,0.14837453644181348,0.14837453644198342,0.14837453644224605,0.14713758231006524,0.1471375823092983,0.14713758230878765,0.1471375823092983,0.14713758231006524,0.1471375823092983,0.1471375823083744,0.14713758230773513,0.1471375823083744,0.1471375823092983,0.14713758230878765,0.14713758230773513,0.14713758230699145,0.14713758230773513,0.14713758230878765,0.1471375823092983,0.1471375823083744,0.14713758230773513,0.1471375823083744,0.1471375823092983,0.14713758231006524,0.1471375823092983,0.14713758230878765,0.1471375823092983,0.14713758231006524,0.14592511813039666,0.1459251181282209,0.145925118126707,0.1459251181282209,0.14592511813039666,0.1459251181282209,0.14592511812541675,0.14592511812333359,0.14592511812541675,0.1459251181282209,0.145925118126707,0.14592511812333359,0.14592511812069894,0.14592511812333359,0.145925118126707,0.1459251181282209,0.14592511812541675,0.14592511812333359,0.14592511812541675,0.1459251181282209,0.14592511813039666,0.1459251181282209,0.145925118126707,0.1459251181282209,0.14592511813039666,0.14473660949096664,0.1447366094850763,0.14473660948068637,0.1447366094850763,0.14473660949096664,0.1447366094850763,0.14473660947673492,0.1447366094697913,0.14473660947673492,0.1447366094850763,0.14473660948068637,0.1447366094697913,0.14473660945971525,0.1447366094697913,0.14473660948068637,0.1447366094850763,0.14473660947673492,0.1447366094697913,0.14473660947673492,0.1447366094850763,0.14473660949096664,0.1447366094850763,0.14473660948068637,0.1447366094850763,0.14473660949096664,0.1435715305367953,0.14357153052202912,0.1435715305098353,0.14357153052202912,0.1435715305367953,0.14357153052202912,0.14357153049825538,0.14357153047470425,0.14357153049825538,0.14357153052202912,0.1435715305098353,0.14357153047470425,0.14357153043198148,0.14357153047470425,0.1435715305098353,0.14357153052202912,0.14357153049825538,0.14357153047470425,0.14357153049825538,0.14357153052202912,0.1435715305367953,0.14357153052202912,0.1435715305098353,0.14357153052202912,0.1435715305367953,0.14242936423753583,0.1424293642051555,0.14242936417423663,0.1424293642051555,0.14242936423753583,0.1424293642051555,0.14242936414337815,0.14242936406467865,0.14242936414337815,0.1424293642051555,0.14242936417423663,0.14242936406467865,0.14242936386003593,0.14242936406467865,0.14242936417423663,0.1424293642051555,0.14242936414337815,0.14242936406467865,0.14242936414337815,0.1424293642051555,0.14242936423753583,0.1424293642051555,0.14242936417423663,0.1424293642051555,0.14242936423753583,0.1413096026078848,0.14130960255304634,0.1413096024901227,0.14130960255304634,0.1413096026078848,0.14130960255304634,0.14130960242505577,0.14130960219467192,0.14130960242505577,0.14130960255304634,0.1413096024901227,0.14130960219467192,0.14130960108434942,0.14130960219467192,0.1413096024901227,0.14130960255304634,0.14130960242505577,0.14130960219467192,0.14130960242505577,0.14130960255304634,0.1413096026078848,0.14130960255304634,0.1413096024901227,0.14130960255304634,0.1413096026078848,0.14021174686867754,0.14021174681832588,0.14021174675757866,0.14021174681832588,0.14021174686867754,0.14021174681832588,0.14021174669416583,0.1402117464572955,0.14021174669416583,0.14021174681832588,0.14021174675757866,0.1402117464572955,0.1402117452641134,0.1402117464572955,0.14021174675757866,0.14021174681832588,0.14021174669416583,0.1402117464572955,0.14021174669416583,0.14021174681832588,0.14021174686867754,0.14021174681832588,0.14021174675757866,0.14021174681832588,0.14021174686867754,0.13913530751049183,0.13913530749960742,0.13913530748670136,0.13913530749960742,0.13913530751049183,0.13913530749960742,0.13913530747307606,0.13913530742955213,0.13913530747307606,0.13913530749960742,0.13913530748670136,0.13913530742955213,0.1391353072880137,0.13913530742955213,0.13913530748670136,0.13913530749960742,0.13913530747307606,0.13913530742955213,0.13913530747307606,0.13913530749960742,0.13913530751049183,0.13913530749960742,0.13913530748670136,0.13913530749960742,0.13913530751049183,0.13807980436959422,0.13807980440565978,0.13807980444404977,0.13807980440565978,0.13807980436959422,0.13807980440565978,0.13807980448354965,0.13807980459789068,0.13807980448354965,0.13807980440565978,0.13807980444404977,0.13807980459789068,0.13807980493908795,0.13807980459789068,0.13807980444404977,0.13807980440565978,0.13807980448354965,0.13807980459789068,0.13807980448354965,0.13807980440565978,0.13807980436959422,0.13807980440565978,0.13807980444404977,0.13807980440565978,0.13807980436959422,0.1370447667446812,0.13704476681994615,0.13704476691353426,0.13704476681994615,0.1370447667446812,0.13704476681994615,0.13704476701112223,0.13704476740321836,0.13704476701112223,0.13704476681994615,0.13704476691353426,0.13704476740321836,0.13704476959925427,0.13704476740321836,0.13704476691353426,0.13704476681994615,0.13704476701112223,0.13704476740321836,0.13704476701112223,0.13704476681994615,0.1370447667446812,0.13704476681994615,0.13704476691353426,0.13704476681994615,0.1370447667446812,0.13602973345987043,0.13602973351400408,0.13602973356753684,0.13602973351400408,0.13602973345987043,0.13602973351400408,0.1360297336214719,0.13602973376658173,0.1360297336214719,0.13602973351400408,0.13602973356753684,0.13602973376658173,0.13602973417188033,0.13602973376658173,0.13602973356753684,0.13602973351400408,0.1360297336214719,0.13602973376658173,0.1360297336214719,0.13602973351400408,0.13602973345987043,0.13602973351400408,0.13602973356753684,0.13602973351400408,0.13602973345987043,0.1350342529790281,0.1350342530132644,0.13503425304166708,0.1350342530132644,0.1350342529790281,0.1350342530132644,0.13503425306871425,0.1350342531239879,0.13503425306871425,0.1350342530132644,0.13503425304166708,0.1350342531239879,0.13503425322494567,0.1350342531239879,0.13503425304166708,0.1350342530132644,0.13503425306871425,0.1350342531239879,0.13503425306871425,0.1350342530132644,0.1350342529790281,0.1350342530132644,0.13503425304166708,0.1350342530132644,0.1350342529790281
0.16533248766304093,0.16533248766304093,0.16533248766304093,0.16533248766304093,0.16533248766304093,0.16533248766304093,0.16533248766304093,0.16533248766304093,0.16533248766304093,0.16533248766304093,0.16533248766304093,0.16533248766304093,0.16533248766304093,0.16533248766304093,0.16533248766304093,0.16533248766304093,0.16533248766304093,0.16533248766304093,0.16533248766304093,0.16533248766304093,0.16533248766304093,0.16533248766304093,0.16533248766304093,0.16533248766304093,0.16533248766304093,0.16375749394668238,0.16375749394668238,0.16375749394668238,0.16375749394668238,0.16375749394668238,0.16375749394668238,0.16375749394668238,0.16375749394668238,0.16375749394668238,0.16375749394668238,0.16375749394668238,0.16375749394668238,0.16375749394668238,0.16375749394668238,0.16375749394668238,0.16375749394668238,0.16375749394668238,0.16375749394668238,0.16375749394668238,0.16375749394668238,0.16375749394668238,0.16375749394668238,0.16375749394668238,0.16375749394668238,0.16375749394668238,0.16221388416217525,0.16221388416217525,0.16221388416217525,0.16221388416217525,0.16221388416217525,0.16221388416217525,0.16221388416217525,0.16221388416217525,0.16221388416217525,0.16221388416217525,0.16221388416217525,0.16221388416217525,0.16221388416217525,0.16221388416217525,0.16221388416217525,0.16221388416217525,0.16221388416217525,0.16221388416217525,0.16221388416217525,0.16221388416217525,0.16221388416217525,0.16221388416217525,0.16221388416217525,0.16221388416217525,0.16221388416217525,0.16070106726655972,0.16070106726655972,0.16070106726655972,0.16070106726655972,0.16070106726655972,0.16070106726655972,0.16070106726655972,0.16070106726655972,0.16070106726655972,0.16070106726655972,0.16070106726655972,0.16070106726655972,0.16070106726655972,0.16070106726655972,0.16070106726655972,0.16070106726655972,0.16070106726655972,0.16070106726655972,0.16070106726655972,0.16070106726655972,0.16070106726655972,0.16070106726655972,0.16070106726655972,0.16070106726655972,0.16070106726655972,0.15921845163481413,0.15921845163481413,0.15921845163481413,0.15921845163481413,0.15921845163481413,0.15921845163481413,0.15921845163481413,0.15921845163481413,0.15921845163481413,0.15921845163481413,0.15921845163481413,0.15921845163481413,0.15921845163481413,0.15921845163481413,0.15921845163481413,0.15921845163481413,0.15921845163481413,0.15921845163481413,0.15921845163481413,0.15921845163481413,0.15921845163481413,0.15921845163481413,0.15921845163481413,0.15921845163481413,0.15921845163481413,0.1577654464117053,0.1577654464117051,0.1577654464117051,0.1577654464117051,0.1577654464117053,0.1577654464117051,0.1577654464117051,0.1577654464117049,0.1577654464117051,0.1577654464117051,0.1577654464117051,0.1577654464117049,0.1577654464117049,0.1577654464117049,0.1577654464117051,0.1577654464117051,0.1577654464117051,0.1577654464117049,0.1577654464117051,0.1577654464117051,0.1577654464117053,0.1577654464117051,0.1577654464117051,0.1577654464117051,0.1577654464117053,0.1563414627261118,0.1563414627261116,0.1563414627261114,0.1563414627261116,0.1563414627261118,0.1563414627261116,0.15634146272611119,0.15634146272611096,0.15634146272611119,0.1563414627261116,0.1563414627261114,0.15634146272611096,0.15634146272611077,0.15634146272611096,0.1563414627261114,0.1563414627261116,0.15634146272611119,0.15634146272611096,0.15634146272611119,0.1563414627261116,0.1563414627261118,0.1563414627261116,0.1563414627261114,0.1563414627261116,0.1563414627261118,0.15494591477808548,0.15494591477808445,0.15494591477808384,0.15494591477808445,0.15494591477808548,0.15494591477808445,0.15494591477808345,0.1549459147780828,0.15494591477808345,0.15494591477808445,0.15494591477808384,0.1549459147780828,0.1549459147780822,0.1549459147780828,0.15494591477808384,0.15494591477808445,0.15494591477808345,0.1549459147780828,0.15494591477808345,0.15494591477808445,0.15494591477808548,0.15494591477808445,0.15494591477808384,0.15494591477808445,0.15494591477808548,0.15357822080835556,0.15357822080835237,0.15357822080835054,0.15357822080835237,0.15357822080835556,0.15357822080835237,0.15357822080834913,0.15357822080834715,0.15357822080834913,0.15357822080835237,0.15357822080835054,0.15357822080834715,0.15357822080834513,0.15357822080834715,0.15357822080835054,0.15357822080835237,0.15357822080834913,0.15357822080834715,0.15357822080834913,0.15357822080835237,0.15357822080835556,0.15357822080835237,0.15357822080835054,0.15357822080835237,0.15357822080835556,0.15223780395943343,0.1522378039594238,0.15223780395941786,0.1522378039594238,0.15223780395943343,0.1522378039594238,0.15223780395941372,0.15223780395940723,0.15223780395941372,0.1522378039594238,0.15223780395941786,0.15223780395940723,0.15223780395940073,0.15223780395940723,0.15223780395941786,0.1522378039594238,0.15223780395941372,0.15223780395940723,0.15223780395941372,0.1522378039594238,0.15223780395943343,0.1522378039594238,0.15223780395941786,0.1522378039594238,0.15223780395943343,0.1509240930369248,0.1509240930368957,0.15092409303687737,0.1509240930368957,0.1509240930369248,0.1509240930368957,0.15092409303686424,0.15092409303684398,0.15092409303686424,0.1509240930368957,0.15092409303687737,0.15092409303684398,0.15092409303682255,0.15092409303684398,0.15092409303687737,0.1509240930368957,0.15092409303686424,0.15092409303684398,0.15092409303686424,0.1509240930368957,0.1509240930369248,0.1509240930368957,0.15092409303687737,0.1509240930368957,0.1509240930369248,0.14963652317913748,0.14963652317904935,0.1496365231789932,0.14963652317904935,0.14963652317913748,0.14963652317904935,0.14963652317895143,0.14963652317888826,0.14963652317895143,0.14963652317904935,0.1496365231789932,0.14963652317888826,0.1496365231788202,0.14963652317888826,0.1496365231789932,0.14963652317904935,0.14963652317895143,0.14963652317888826,0.14963652317895143,0.14963652317904935,0.14963652317913748,0.14963652317904935,0.1496365231789932,0.14963652317904935,0.14963652317913748,0.14837453644256368,0.14837453644230145,0.1483745364421317,0.14837453644230145,0.14837453644256368,0.14837453644230145,0.1483745364420001,0.14837453644180051,0.1483745364420001,0.14837453644230145,0.1483745364421317,0.14837453644180051,0.1483745364415796,0.14837453644180051,0.1483745364421317,0.14837453644230145,0.1483745364420001,0.14837453644180051,0.1483745364420001,0.14837453644230145,0.14837453644256368,0.14837453644230145,0.1483745364421317,0.14837453644230145,0.14837453644256368,0.14713758231037571,0.1471375823096095,0.14713758230909957,0.1471375823096095,0.14713758231037571,0.1471375823096095,0.14713758230868645,0.14713758230804794,0.14713758230868645,0.1471375823096095,0.14713758230909957,0.14713758230804794,0.14713758230730498,0.14713758230804794,0.14713758230909957,0.1471375823096095,0.14713758230868645,0.14713758230804794,0.14713758230868645,0.1471375823096095,0.14713758231037571,0.1471375823096095,0.14713758230909957,0.1471375823096095,0.14713758231037571,0.1459251181306983,0.14592511812852485,0.14592511812701256,0.14592511812852485,0.1459251181306983,0.14592511812852485,0.14592511812572356,0.1459251181236427,0.14592511812572356,0.14592511812852485,0.14592511812701256,0.1459251181236427,0.1459251181210107,0.1459251181236427,0.14592511812701256,0.14592511812852485,0.14592511812572356,0.1459251181236427,0.14592511812572356,0.14592511812852485,0.1459251181306983,0.14592511812852485,0.14592511812701256,0.14592511812852485,0.1459251181306983,0.14473660949125483,0.14473660948537076,0.14473660948098538,0.14473660948537076,0.14473660949125483,0.14473660948537076,0.14473660947703812,0.14473660947010186,0.14473660947703812,0.14473660948537076,0.14473660948098538,0.14473660947010186,0.14473660946003628,0.14473660947010186,0.14473660948098538,0.14473660948537076,0.14473660947703812,0.14473660947010186,0.14473660947703812,0.14473660948537076,0.14473660949125483,0.14473660948537076,0.14473660948098538,0.14473660948537076,0.14473660949125483,0.1435715305370571,0.14357153052230667,0.14357153051012567,0.14357153052230667,0.1435715305370571,0.14357153052230667,0.14357153049855806,0.1435715304750316,0.14357153049855806,0.14357153052230667,0.14357153051012567,0.1435715304750316,0.14357153043235313,0.1435715304750316,0.14357153051012567,0.14357153052230667,0.14357153049855806,0.1435715304750316,0.14357153049855806,0.14357153052230667,0.1435715305370571,0.14357153052230667,0.14357153051012567,0.14357153052230667,0.1435715305370571,0.14242936423773864,0.14242936420539304,0.14242936417450705,0.14242936420539304,0.14242936423773864,0.14242936420539304,0.1424293641436813,0.14242936406506446,0.1424293641436813,0.14242936420539304,0.14242936417450705,0.14242936406506446,0.14242936386063348,0.14242936406506446,0.14242936417450705,0.14242936420539304,0.1424293641436813,0.14242936406506446,0.1424293641436813,0.14242936420539304,0.14242936423773864,0.14242936420539304,0.14242936417450705,0.14242936420539304,0.14242936423773864,0.14130960260795652,0.14130960255317757,0.14130960249032173,0.14130960255317757,0.14130960260795652,0.14130960255317757,0.141309602425325,0.14130960219518457,0.141309602425325,0.14130960255317757,0.14130960249032173,0.14130960219518457,0.141309601086024,0.14130960219518457,0.14130960249032173,0.14130960255317757,0.141309602425325,0.14130960219518457,0.141309602425325,0.14130960255317757,0.14130960260795652,0.14130960255317757,0.14130960249032173,0.14130960255317757,0.14130960260795652,0.14021174686849308,0.14021174681819895,0.14021174675752177,0.14021174681819895,0.14021174686849308,0.14021174681819895,0.14021174669418213,0.14021174645758883,0.14021174669418213,0.14021174681819895,0.14021174675752177,0.14021174645758883,0.14021174526580688,0.14021174645758883,0.14021174675752177,0.14021174681819895,0.14021174669418213,0.14021174645758883,0.14021174669418213,0.14021174681819895,0.14021174686849308,0.14021174681819895,0.14021174675752177,0.14021174681819895,0.14021174686849308,0.13913530750992908,0.13913530749905828,0.1391353074861682,0.13913530749905828,0.13913530750992908,0.13913530749905828,0.13913530747255984,0.1391353074290895,0.13913530747255984,0.13913530749905828,0.1391353074861682,0.1391353074290895,0.13913530728772483,0.1391353074290895,0.1391353074861682,0.13913530749905828,0.13913530747255984,0.1391353074290895,0.13913530747255984,0.13913530749905828,0.13913530750992908,0.13913530749905828,0.1391353074861682,0.13913530749905828,0.13913530750992908,0.13807980436862027,0.13807980440464646,0.1380798044429944,0.13807980440464646,0.13807980436862027,0.13807980440464646,0.1380798044824512,0.13807980459666647,0.1380798044824512,0.13807980440464646,0.1380798044429944,0.13807980459666647,0.13807980493748745,0.13807980459666647,0.1380798044429944,0.13807980440464646,0.1380798044824512,0.13807980459666647,0.1380798044824512,0.13807980440464646,0.13807980436862027,0.13807980440464646,0.1380798044429944,0.13807980440464646,0.13807980436862027,0.13704476674337138,0.13704476681855304,0.1370447669120373,0.13704476681855304,0.13704476674337138,0.13704476681855304,0.13704476700951695,0.13704476740117755,0.13704476700951695,0.13704476681855304,0.1370447669120373,0.13704476740117755,0.13704476959476738,0.13704476740117755,0.1370447669120373,0.13704476681855304,0.13704476700951695,0.13704476740117755,0.13704476700951695,0.13704476681855304,0.13704476674337138,0.13704476681855304,0.1370447669120373,0.13704476681855304,0.13704476674337138,0.13602973345839206,0.13602973351246564,0.13602973356593903,0.13602973351246564,0.13602973345839206,0.13602973351246564,0.13602973361981413,0.1360297337647628,0.13602973361981413,0.13602973351246564,0.13602973356593903,0.1360297337647628,0.13602973416961078,0.1360297337647628,0.13602973356593903,0.13602973351246564,0.13602973361981413,0.1360297337647628,0.13602973361981413,0.13602973351246564,0.13602973345839206,0.13602973351246564,0.13602973356593903,0.13602973351246564,0.13602973345839206,0.1350342529775021,0.13503425301170052,0.1350342530400716,0.13503425301170052,0.1350342529775021,0.13503425301170052,0.13503425306708866,0.13503425312230086,0.13503425306708866,0.13503425301170052,0.1350342530400716,0.13503425312230086,0.13503425322314636,0.13503425312230086,0.1350342530400716,0.13503425301170052,0.13503425306708866,0.13503425312230086,0.13503425306708866,0.13503425301170052,0.1350342529775021,0.13503425301170052,0.1350342530400716,0.13503425301170052,0.1350342529775021
0.16533248766344563,0.16533248766344563,0.16533248766344563,0.16533248766344563,0.16533248766344563,0.16533248766344563,0.16533248766344563,0.16533248766344563,0.16533248766344563,0.16533248766344588,0.16533248766344563,0.16533248766344563,0.16533248766344563,0.16533248766344563,0.16533248766344563,0.16533248766344563,0.16533248766344563,0.16533248766344563,0.16533248766344563,0.16533248766344563,0.16533248766344563,0.16533248766344588,0.16533248766344563,0.16533248766344563,0.16533248766344563,0.16375749394707903,0.16375749394707903,0.16375749394707903,0.16375749394707903,0.16375749394707903,0.16375749394707903,0.16375749394707903,0.16375749394707903,0.16375749394707903,0.16375749394707903,0.16375749394707903,0.16375749394707903,0.16375749394707903,0.16375749394707903,0.16375749394707903,0.16375749394707903,0.16375749394707903,0.16375749394707903,0.16375749394707903,0.16375749394707903,0.16375749394707903,0.16375749394707903,0.16375749394707903,0.16375749394707903,0.16375749394707903,0.162213884162564,0.162213884162564,0.162213884162564,0.162213884162564,0.162213884162564,0.162213884162564,0.162213884162564,0.162213884162564,0.162213884162564,0.162213884162564,0.162213884162564,0.162213884162564,0.162213884162564,0.162213884162564,0.162213884162564,0.162213884162564,0.162213884162564,0.162213884162564,0.162213884162564,0.162213884162564,0.162213884162564,0.162213884162564,0.162213884162564,0.162213884162564,0.162213884162564,0.16070106726694092,0.16070106726694092,0.16070106726694092,0.16070106726694092,0.16070106726694092,0.16070106726694092,0.16070106726694092,0.16070106726694092,0.16070106726694092,0.16070106726694092,0.16070106726694092,0.16070106726694092,0.16070106726694092,0.16070106726694092,0.16070106726694092,0.16070106726694092,0.16070106726694092,0.16070106726694092,0.16070106726694092,0.16070106726694092,0.16070106726694092,0.16070106726694092,0.16070106726694092,0.16070106726694092,0.16070106726694092,0.15921845163518772,0.15921845163518772,0.1592184516351875,0.15921845163518772,0.15921845163518772,0.15921845163518772,0.1592184516351875,0.1592184516351875,0.1592184516351875,0.15921845163518772,0.1592184516351875,0.1592184516351875,0.1592184516351875,0.1592184516351875,0.15921845163518772,0.15921845163518772,0.1592184516351875,0.1592184516351875,0.1592184516351875,0.15921845163518772,0.15921845163518772,0.15921845163518772,0.15921845163518772,0.15921845163518772,0.15921845163518772,0.15776544641207124,0.15776544641207102,0.15776544641207102,0.15776544641207102,0.15776544641207124,0.15776544641207102,0.15776544641207102,0.15776544641207102,0.15776544641207102,0.15776544641207102,0.15776544641207102,0.15776544641207102,0.1577654464120708,0.15776544641207102,0.15776544641207102,0.15776544641207102,0.15776544641207102,0.15776544641207102,0.15776544641207102,0.15776544641207102,0.15776544641207124,0.15776544641207102,0.15776544641207102,0.15776544641207102,0.15776544641207124,0.15634146272647043,0.15634146272647023,0.15634146272647,0.15634146272647023,0.15634146272647043,0.15634146272647023,0.1563414627264698,0.1563414627264696,0.1563414627264698,0.15634146272647023,0.15634146272647,0.1563414627264696,0.15634146272646937,0.1563414627264696,0.15634146272647,0.15634146272647023,0.1563414627264698,0.1563414627264696,0.1563414627264698,0.15634146272647023,0.15634146272647043,0.15634146272647023,0.15634146272647,0.15634146272647023,0.15634146272647043,0.15494591477843694,0.15494591477843592,0.1549459147784353,0.15494591477843592,0.15494591477843694,0.15494591477843592,0.1549459147784349,0.15494591477843428,0.1549459147784349,0.15494591477843592,0.1549459147784353,0.15494591477843428,0.15494591477843345,0.15494591477843428,0.1549459147784353,0.15494591477843592,0.1549459147784349,0.15494591477843428,0.1549459147784349,0.15494591477843592,0.15494591477843694,0.15494591477843592,0.1549459147784353,0.15494591477843592,0.15494591477843694,0.1535782208086998,0.1535782208086968,0.15357822080869477,0.1535782208086968,0.1535782208086998,0.1535782208086968,0.15357822080869357,0.15357822080869157,0.15357822080869357,0.1535782208086968,0.15357822080869477,0.15357822080869157,0.15357822080868935,0.15357822080869157,0.15357822080869477,0.1535782208086968,0.15357822080869357,0.15357822080869157,0.15357822080869357,0.1535782208086968,0.1535782208086998,0.1535782208086968,0.15357822080869477,0.1535782208086968,0.1535782208086998,0.1522378039597708,0.15223780395976114,0.15223780395975525,0.15223780395976114,0.1522378039597708,0.15223780395976114,0.15223780395975112,0.15223780395974482,0.15223780395975112,0.15223780395976114,0.15223780395975525,0.15223780395974482,0.15223780395973813,0.15223780395974482,0.15223780395975525,0.15223780395976114,0.15223780395975112,0.15223780395974482,0.15223780395975112,0.15223780395976114,0.1522378039597708,0.15223780395976114,0.15223780395975525,0.15223780395976114,0.1522378039597708,0.15092409303725549,0.15092409303722637,0.15092409303720802,0.15092409303722637,0.15092409303725549,0.15092409303722637,0.15092409303719492,0.15092409303717466,0.15092409303719492,0.15092409303722637,0.15092409303720802,0.15092409303717466,0.15092409303715343,0.15092409303717466,0.15092409303720802,0.15092409303722637,0.15092409303719492,0.15092409303717466,0.15092409303719492,0.15092409303722637,0.15092409303725549,0.15092409303722637,0.15092409303720802,0.15092409303722637,0.15092409303725549,0.14963652317946136,0.14963652317937326,0.14963652317931728,0.14963652317937326,0.14963652317946136,0.14963652317937326,0.1496365231792755,0.14963652317921236,0.1496365231792755,0.14963652317937326,0.14963652317931728,0.14963652317921236,0.14963652317914447,0.14963652317921236,0.14963652317931728,0.14963652317937326,0.1496365231792755,0.14963652317921236,0.1496365231792755,0.14963652317937326,0.14963652317946136,0.14963652317937326,0.14963652317931728,0.14963652317937326,0.14963652317946136,0.1483745364428808,0.14837453644261872,0.14837453644244916,0.14837453644261872,0.1483745364428808,0.14837453644261872,0.14837453644231777,0.14837453644211837,0.14837453644231777,0.14837453644261872,0.14837453644244916,0.14837453644211837,0.14837453644189763,0.14837453644211837,0.14837453644244916,0.14837453644261872,0.14837453644231777,0.14837453644211837,0.14837453644231777,0.14837453644261872,0.1483745364428808,0.14837453644261872,0.14837453644244916,0.14837453644261872,0.1483745364428808,0.1471375823106856,0.1471375823099201,0.14713758230941076,0.1471375823099201,0.1471375823106856,0.1471375823099201,0.1471375823089982,0.14713758230836024,0.1471375823089982,0.1471375823099201,0.14713758230941076,0.14713758230836024,0.14713758230761814,0.14713758230836024,0.14713758230941076,0.1471375823099201,0.1471375823089982,0.14713758230836024,0.1471375823089982,0.1471375823099201,0.1471375823106856,0.1471375823099201,0.14713758230941076,0.1471375823099201,0.1471375823106856,0.1459251181309994,0.1459251181288281,0.1459251181273174,0.1459251181288281,0.1459251181309994,0.1459251181288281,0.14592511812602982,0.1459251181239511,0.14592511812602982,0.1459251181288281,0.1459251181273174,0.1459251181239511,0.14592511812132197,0.1459251181239511,0.1459251181273174,0.1459251181288281,0.14592511812602982,0.1459251181239511,0.14592511812602982,0.1459251181288281,0.1459251181309994,0.1459251181288281,0.1459251181273174,0.1459251181288281,0.1459251181309994,0.1447366094915425,0.14473660948566455,0.14473660948128386,0.14473660948566455,0.1447366094915425,0.14473660948566455,0.14473660947734063,0.14473660947041167,0.14473660947734063,0.14473660948566455,0.14473660948128386,0.14473660947041167,0.14473660946035657,0.14473660947041167,0.14473660948128386,0.14473660948566455,0.14473660947734063,0.14473660947041167,0.14473660947734063,0.14473660948566455,0.1447366094915425,0.14473660948566455,0.14473660948128386,0.14473660948566455,0.1447366094915425,0.1435715305373184,0.14357153052258353,0.14357153051041552,0.14357153052258353,0.1435715305373184,0.14357153052258353,0.1435715304988601,0.14357153047535823,0.1435715304988601,0.14357153052258353,0.14357153051041552,0.14357153047535823,0.14357153043272428,0.14357153047535823,0.14357153051041552,0.14357153052258353,0.1435715304988601,0.14357153047535823,0.1435715304988601,0.14357153052258353,0.1435715305373184,0.14357153052258353,0.14357153051041552,0.14357153052258353,0.1435715305373184,0.14242936423794114,0.14242936420563007,0.14242936417477697,0.14242936420563007,0.14242936423794114,0.14242936420563007,0.14242936414398372,0.14242936406544945,0.14242936414398372,0.14242936420563007,0.14242936417477697,0.14242936406544945,0.14242936386123,0.14242936406544945,0.14242936417477697,0.14242936420563007,0.14242936414398372,0.14242936406544945,0.14242936414398372,0.14242936420563007,0.14242936423794114,0.14242936420563007,0.14242936417477697,0.14242936420563007,0.14242936423794114,0.14130960260802788,0.14130960255330866,0.14130960249052038,0.14130960255330866,0.14130960260802788,0.14130960255330866,0.1413096024255934,0.14130960219569622,0.1413096024255934,0.14130960255330866,0.14130960249052038,0.14130960219569622,0.1413096010876731,0.14130960219569622,0.14130960249052038,0.14130960255330866,0.1413096024255934,0.14130960219569622,0.1413096024255934,0.14130960255330866,0.14130960260802788,0.14130960255330866,0.14130960249052038,0.14130960255330866,0.14130960260802788,0.14021174686830895,0.14021174681807222,0.140211746757465,0.14021174681807222,0.14021174686830895,0.14021174681807222,0.14021174669419822,0.14021174645788148,0.14021174669419822,0.14021174681807222,0.140211746757465,0.14021174645788148,0.14021174526752214,0.14021174645788148,0.140211746757465,0.14021174681807222,0.14021174669419822,0.14021174645788148,0.14021174669419822,0.14021174681807222,0.14021174686830895,0.14021174681807222,0.140211746757465,0.14021174681807222,0.14021174686830895,0.1391353075093675,0.1391353074985101,0.13913530748563618,0.1391353074985101,0.1391353075093675,0.1391353074985101,0.13913530747204456,0.13913530742862767,0.13913530747204456,0.1391353074985101,0.13913530748563618,0.13913530742862767,0.13913530728743628,0.13913530742862767,0.13913530748563618,0.1391353074985101,0.13913530747204456,0.13913530742862767,0.13913530747204456,0.1391353074985101,0.1391353075093675,0.1391353074985101,0.13913530748563618,0.1391353074985101,0.1391353075093675,0.13807980436764813,0.13807980440363496,0.13807980444194104,0.13807980440363496,0.13807980436764813,0.13807980440363496,0.13807980448135457,0.13807980459544475,0.13807980448135457,0.13807980440363496,0.13807980444194104,0.13807980459544475,0.1380798049358901,0.13807980459544475,0.13807980444194104,0.13807980440363496,0.13807980448135457,0.13807980459544475,0.13807980448135457,0.13807980440363496,0.13807980436764813,0.13807980440363496,0.13807980444194104,0.13807980440363496,0.13807980436764813,0.13704476674206412,0.13704476681716263,0.13704476691054318,0.13704476681716263,0.13704476674206412,0.13704476681716263,0.1370447670079148,0.13704476739914068,0.1370447670079148,0.13704476681716263,0.13704476691054318,0.13704476739914068,0.1370447695903094,0.13704476739914068,0.13704476691054318,0.13704476681716263,0.1370447670079148,0.13704476739914068,0.1370447670079148,0.13704476681716263,0.13704476674206412,0.13704476681716263,0.13704476691054318,0.13704476681716263,0.13704476674206412,0.13602973345691652,0.13602973351093015,0.1360297335643442,0.13602973351093015,0.13602973345691652,0.13602973351093015,0.13602973361815948,0.13602973376294725,0.13602973361815948,0.13602973351093015,0.1360297335643442,0.13602973376294725,0.13602973416734557,0.13602973376294725,0.1360297335643442,0.13602973351093015,0.13602973361815948,0.13602973376294725,0.13602973361815948,0.13602973351093015,0.13602973345691652,0.13602973351093015,0.1360297335643442,0.13602973351093015,0.13602973345691652,0.13503425297597904,0.13503425301013944,0.13503425303847907,0.13503425301013944,0.13503425297597904,0.13503425301013944,0.13503425306546613,0.1350342531206171,0.13503425306546613,0.13503425301013944,0.13503425303847907,0.1350342531206171,0.13503425322135068,0.1350342531206171,0.13503425303847907,0.13503425301013944,0.13503425306546613,0.1350342531206171,0.13503425306546613,0.13503425301013944,0.13503425297597904,0.13503425301013944,0.13503425303847907,0.13503425301013944,0.13503425297597904
0.1653324876638499,0.1653324876638499,0.1653324876638499,0.1653324876638499,0.1653324876638499,0.1653324876638499,0.1653324876638499,0.1653324876638499,0.1653324876638499,0.1653324876638499,0.1653324876638499,0.1653324876638499,0.1653324876638499,0.1653324876638499,0.1653324876638499,0.1653324876638499,0.1653324876638499,0.1653324876638499,0.1653324876638499,0.1653324876638499,0.1653324876638499,0.1653324876638499,0.1653324876638499,0.1653324876638499,0.1653324876638499,0.1637574939474752,0.1637574939474752,0.1637574939474752,0.1637574939474752,0.1637574939474752,0.1637574939474752,0.1637574939474752,0.1637574939474752,0.1637574939474752,0.1637574939474752,0.1637574939474752,0.1637574939474752,0.1637574939474752,0.1637574939474752,0.1637574939474752,0.1637574939474752,0.1637574939474752,0.1637574939474752,0.1637574939474752,0.1637574939474752,0.1637574939474752,0.1637574939474752,0.1637574939474752,0.1637574939474752,0.1637574939474752,0.1622138841629523,0.1622138841629523,0.1622138841629523,0.1622138841629523,0.1622138841629523,0.1622138841629523,0.1622138841629523,0.1622138841629523,0.1622138841629523,0.1622138841629523,0.1622138841629523,0.1622138841629523,0.1622138841629523,0.1622138841629523,0.1622138841629523,0.1622138841629523,0.1622138841629523,0.1622138841629523,0.1622138841629523,0.1622138841629523,0.1622138841629523,0.1622138841629523,0.1622138841629523,0.1622138841629523,0.1622138841629523,0.16070106726732125,0.16070106726732125,0.16070106726732125,0.16070106726732125,0.16070106726732125,0.16070106726732125,0.16070106726732125,0.16070106726732125,0.16070106726732125,0.16070106726732125,0.16070106726732125,0.16070106726732125,0.16070106726732125,0.16070106726732125,0.16070106726732125,0.16070106726732125,0.16070106726732125,0.16070106726732125,0.16070106726732125,0.16070106726732125,0.16070106726732125,0.16070106726732125,0.16070106726732125,0.16070106726732125,0.16070106726732125,0.15921845163556048,0.15921845163556048,0.15921845163556048,0.15921845163556048,0.15921845163556048,0.15921845163556048,0.15921845163556048,0.15921845163556048,0.15921845163556048,0.15921845163556048,0.15921845163556048,0.15921845163556048,0.15921845163556048,0.15921845163556048,0.15921845163556048,0.15921845163556048,0.15921845163556048,0.15921845163556048,0.15921845163556048,0.15921845163556048,0.15921845163556048,0.15921845163556048,0.15921845163556048,0.15921845163556048,0.15921845163556048,0.15776544641243653,0.15776544641243653,0.1577654464124363,0.15776544641243653,0.15776544641243653,0.15776544641243653,0.1577654464124363,0.1577654464124363,0.1577654464124363,0.15776544641243653,0.1577654464124363,0.1577654464124363,0.1577654464124363,0.1577654464124363,0.1577654464124363,0.15776544641243653,0.1577654464124363,0.1577654464124363,0.1577654464124363,0.15776544641243653,0.15776544641243653,0.15776544641243653,0.1577654464124363,0.15776544641243653,0.15776544641243653,0.15634146272682842,0.15634146272682822,0.156341462726828,0.15634146272682822,0.15634146272682842,0.15634146272682822,0.1563414627268278,0.15634146272682758,0.1563414627268278,0.15634146272682822,0.156341462726828,0.15634146272682758,0.1563414627268274,0.15634146272682758,0.156341462726828,0.15634146272682822,0.1563414627268278,0.15634146272682758,0.1563414627268278,0.15634146272682822,0.15634146272682842,0.15634146272682822,0.156341462726828,0.15634146272682822,0.15634146272682842,0.15494591477878758,0.15494591477878655,0.15494591477878591,0.15494591477878655,0.15494591477878758,0.15494591477878655,0.15494591477878553,0.15494591477878492,0.15494591477878553,0.15494591477878655,0.15494591477878591,0.15494591477878492,0.1549459147787843,0.15494591477878492,0.15494591477878591,0.15494591477878655,0.15494591477878553,0.15494591477878492,0.15494591477878553,0.15494591477878655,0.15494591477878758,0.15494591477878655,0.15494591477878591,0.15494591477878655,0.15494591477878758,0.15357822080904365,0.15357822080904043,0.15357822080903863,0.15357822080904043,0.15357822080904365,0.15357822080904043,0.15357822080903724,0.15357822080903522,0.15357822080903724,0.15357822080904043,0.15357822080903863,0.15357822080903522,0.1535782208090332,0.15357822080903522,0.15357822080903863,0.15357822080904043,0.15357822080903724,0.15357822080903522,0.15357822080903724,0.15357822080904043,0.15357822080904365,0.15357822080904043,0.15357822080903863,0.15357822080904043,0.15357822080904365,0.15223780396010758,0.15223780396009795,0.15223780396009204,0.15223780396009795,0.15223780396010758,0.15223780396009795,0.1522378039600879,0.15223780396008157,0.1522378039600879,0.15223780396009795,0.15223780396009204,0.15223780396008157,0.1522378039600749,0.15223780396008157,0.15223780396009204,0.15223780396009795,0.1522378039600879,0.15223780396008157,0.1522378039600879,0.15223780396009795,0.15223780396010758,0.15223780396009795,0.15223780396009204,0.15223780396009795,0.15223780396010758,0.15092409303758558,0.15092409303755644,0.15092409303753812,0.15092409303755644,0.15092409303758558,0.15092409303755644,0.150924093037525,0.15092409303750473,0.150924093037525,0.15092409303755644,0.15092409303753812,0.15092409303750473,0.1509240930374835,0.15092409303750473,0.15092409303753812,0.15092409303755644,0.150924093037525,0.15092409303750473,0.150924093037525,0.15092409303755644,0.15092409303758558,0.15092409303755644,0.15092409303753812,0.15092409303755644,0.15092409303758558,0.14963652317978451,0.1496365231796966,0.14963652317964063,0.1496365231796966,0.14963652317978451,0.1496365231796966,0.14963652317959902,0.14963652317953588,0.14963652317959902,0.1496365231796966,0.14963652317964063,0.14963652317953588,0.14963652317946818,0.14963652317953588,0.14963652317964063,0.1496365231796966,0.14963652317959902,0.14963652317953588,0.14963652317959902,0.1496365231796966,0.14963652317978451,0.1496365231796966,0.14963652317964063,0.1496365231796966,0.14963652317978451,0.14837453644319734,0.14837453644293547,0.14837453644276608,0.14837453644293547,0.14837453644319734,0.14837453644293547,0.14837453644263487,0.14837453644243562,0.14837453644263487,0.14837453644293547,0.14837453644276608,0.14837453644243562,0.1483745364422153,0.14837453644243562,0.14837453644276608,0.14837453644293547,0.14837453644263487,0.14837453644243562,0.14837453644263487,0.14837453644293547,0.14837453644319734,0.14837453644293547,0.14837453644276608,0.14837453644293547,0.14837453644319734,0.1471375823109948,0.1471375823102302,0.1471375823097212,0.1471375823102302,0.1471375823109948,0.1471375823102302,0.1471375823093092,0.14713758230867194,0.1471375823093092,0.1471375823102302,0.1471375823097212,0.14713758230867194,0.1471375823079306,0.14713758230867194,0.1471375823097212,0.1471375823102302,0.1471375823093092,0.14713758230867194,0.1471375823093092,0.1471375823102302,0.1471375823109948,0.1471375823102302,0.1471375823097212,0.1471375823102302,0.1471375823109948,0.1459251181312998,0.1459251181291308,0.1459251181276217,0.1459251181291308,0.1459251181312998,0.1459251181291308,0.14592511812633555,0.14592511812425896,0.14592511812633555,0.1459251181291308,0.1459251181276217,0.14592511812425896,0.1459251181216327,0.14592511812425896,0.1459251181276217,0.1459251181291308,0.14592511812633555,0.14592511812425896,0.14592511812633555,0.1459251181291308,0.1459251181312998,0.1459251181291308,0.1459251181276217,0.1459251181291308,0.1459251181312998,0.14473660949182948,0.1447366094859578,0.14473660948158185,0.1447366094859578,0.14473660949182948,0.1447366094859578,0.14473660947764277,0.14473660947072098,0.14473660947764277,0.1447366094859578,0.14473660948158185,0.14473660947072098,0.14473660946067635,0.14473660947072098,0.14473660948158185,0.1447366094859578,0.14473660947764277,0.14473660947072098,0.14473660947764277,0.1447366094859578,0.14473660949182948,0.1447366094859578,0.14473660948158185,0.1447366094859578,0.14473660949182948,0.14357153053757918,0.14357153052286004,0.14357153051070468,0.14357153052286004,0.14357153053757918,0.14357153052286004,0.1435715304991616,0.14357153047568438,0.1435715304991616,0.14357153052286004,0.14357153051070468,0.14357153047568438,0.14357153043309456,0.14357153047568438,0.14357153051070468,0.14357153052286004,0.1435715304991616,0.14357153047568438,0.1435715304991616,0.14357153052286004,0.14357153053757918,0.14357153052286004,0.14357153051070468,0.14357153052286004,0.14357153053757918,0.14242936423814329,0.1424293642058668,0.14242936417504617,0.1424293642058668,0.14242936423814329,0.1424293642058668,0.14242936414428584,0.14242936406583379,0.14242936414428584,0.1424293642058668,0.14242936417504617,0.14242936406583379,0.14242936386182534,0.14242936406583379,0.14242936417504617,0.1424293642058668,0.14242936414428584,0.14242936406583379,0.14242936414428584,0.1424293642058668,0.14242936423814329,0.1424293642058668,0.14242936417504617,0.1424293642058668,0.14242936423814329,0.14130960260809927,0.1413096025534394,0.14130960249071872,0.1413096025534394,0.14130960260809927,0.1413096025534394,0.14130960242586146,0.1413096021962069,0.14130960242586146,0.1413096025534394,0.14130960249071872,0.1413096021962069,0.14130960108930954,0.1413096021962069,0.14130960249071872,0.1413096025534394,0.14130960242586146,0.1413096021962069,0.14130960242586146,0.1413096025534394,0.14130960260809927,0.1413096025534394,0.14130960249071872,0.1413096025534394,0.14130960260809927,0.1402117468681251,0.1402117468179458,0.14021174675740808,0.1402117468179458,0.1402117468681251,0.1402117468179458,0.14021174669421435,0.1402117464581734,0.14021174669421435,0.1402117468179458,0.14021174675740808,0.1402117464581734,0.14021174526924995,0.1402117464581734,0.14021174675740808,0.1402117468179458,0.14021174669421435,0.1402117464581734,0.14021174669421435,0.1402117468179458,0.1402117468681251,0.1402117468179458,0.14021174675740808,0.1402117468179458,0.1402117468681251,0.13913530750880684,0.13913530749796305,0.13913530748510491,0.13913530749796305,0.13913530750880684,0.13913530749796305,0.13913530747153008,0.1391353074281666,0.13913530747153008,0.13913530749796305,0.13913530748510491,0.1391353074281666,0.13913530728714804,0.1391353074281666,0.13913530748510491,0.13913530749796305,0.13913530747153008,0.1391353074281666,0.13913530747153008,0.13913530749796305,0.13913530750880684,0.13913530749796305,0.13913530748510491,0.13913530749796305,0.13913530750880684,0.13807980436667774,0.1380798044026255,0.1380798044408897,0.1380798044026255,0.13807980436667774,0.1380798044026255,0.1380798044802603,0.13807980459422517,0.1380798044802603,0.1380798044026255,0.1380798044408897,0.13807980459422517,0.13807980493429578,0.13807980459422517,0.1380798044408897,0.1380798044026255,0.1380798044802603,0.13807980459422517,0.1380798044802603,0.1380798044026255,0.13807980436667774,0.1380798044026255,0.1380798044408897,0.1380798044026255,0.13807980436667774,0.13704476674075933,0.1370447668157748,0.13704476690905196,0.1370447668157748,0.13704476674075933,0.1370447668157748,0.13704476700631577,0.13704476739710758,0.13704476700631577,0.1370447668157748,0.13704476690905196,0.13704476739710758,0.1370447695858493,0.13704476739710758,0.13704476690905196,0.1370447668157748,0.13704476700631577,0.13704476739710758,0.13704476700631577,0.1370447668157748,0.13704476674075933,0.1370447668157748,0.13704476690905196,0.1370447668157748,0.13704476674075933,0.1360297334554438,0.13602973350939762,0.13602973356275233,0.13602973350939762,0.1360297334554438,0.13602973350939762,0.136029733616508,0.13602973376113517,0.136029733616508,0.13602973350939762,0.13602973356275233,0.13602973376113517,0.13602973416508465,0.13602973376113517,0.13602973356275233,0.13602973350939762,0.136029733616508,0.13602973376113517,0.136029733616508,0.13602973350939762,0.1360297334554438,0.13602973350939762,0.13602973356275233,0.13602973350939762,0.1360297334554438,0.1350342529744589,0.13503425300858138,0.1350342530368896,0.13503425300858138,0.1350342529744589,0.13503425300858138,0.13503425306384684,0.1350342531189365,0.13503425306384684,0.13503425300858138,0.1350342530368896,0.1350342531189365,0.13503425321955836,0.1350342531189365,0.1350342530368896,0.13503425300858138,0.13503425306384684,0.1350342531189365,0.13503425306384684,0.13503425300858138,0.1350342529744589,0.13503425300858138,0.1350342530368896,0.13503425300858138,0.1350342529744589
0.1653324876642534,0.1653324876642534,0.1653324876642534,0.1653324876642534,0.1653324876642534,0.1653324876642534,0.1653324876642534,0.1653324876642534,0.1653324876642534,0.1653324876642534,0.1653324876642534,0.1653324876642534,0.1653324876642534,0.1653324876642534,0.1653324876642534,0.1653324876642534,0.1653324876642534,0.1653324876642534,0.16533248766425318,0.1653324876642534,0.1653324876642534,0.1653324876642534,0.1653324876642534,0.1653324876642534,0.16533248766425318,0.1637574939478705,0.1637574939478705,0.1637574939478705,0.1637574939478705,0.1637574939478705,0.1637574939478705,0.1637574939478705,0.1637574939478705,0.1637574939478705,0.1637574939478705,0.1637574939478705,0.1637574939478705,0.1637574939478705,0.1637574939478705,0.1637574939478705,0.1637574939478705,0.1637574939478705,0.1637574939478705,0.1637574939478705,0.1637574939478705,0.1637574939478705,0.1637574939478705,0.1637574939478705,0.1637574939478705,0.1637574939478705,0.1622138841633397,0.1622138841633397,0.1622138841633397,0.1622138841633397,0.1622138841633397,0.1622138841633397,0.1622138841633397,0.1622138841633397,0.1622138841633397,0.1622138841633397,0.1622138841633397,0.1622138841633397,0.1622138841633397,0.1622138841633397,0.1622138841633397,0.1622138841633397,0.1622138841633397,0.1622138841633397,0.1622138841633397,0.1622138841633397,0.1622138841633397,0.1622138841633397,0.1622138841633397,0.1622138841633397,0.1622138841633397,0.16070106726770111,0.16070106726770111,0.16070106726770111,0.16070106726770111,0.16070106726770111,0.16070106726770111,0.16070106726770111,0.16070106726770111,0.16070106726770111,0.16070106726770111,0.16070106726770111,0.16070106726770111,0.16070106726770111,0.16070106726770111,0.16070106726770111,0.16070106726770111,0.16070106726770111,0.16070106726770111,0.16070106726770111,0.16070106726770111,0.16070106726770111,0.16070106726770111,0.16070106726770111,0.16070106726770111,0.16070106726770111,0.15921845163593254,0.15921845163593254,0.15921845163593254,0.15921845163593254,0.15921845163593254,0.15921845163593254,0.15921845163593254,0.15921845163593254,0.15921845163593254,0.15921845163593254,0.15921845163593254,0.15921845163593254,0.15921845163593254,0.15921845163593254,0.15921845163593254,0.15921845163593254,0.15921845163593254,0.15921845163593254,0.15921845163593254,0.15921845163593254,0.15921845163593254,0.15921845163593254,0.15921845163593254,0.15921845163593254,0.15921845163593254,0.15776544641280119,0.15776544641280119,0.15776544641280096,0.15776544641280119,0.15776544641280119,0.15776544641280119,0.15776544641280096,0.15776544641280096,0.15776544641280096,0.15776544641280119,0.15776544641280096,0.15776544641280096,0.15776544641280096,0.15776544641280096,0.15776544641280096,0.15776544641280119,0.15776544641280096,0.15776544641280096,0.15776544641280096,0.15776544641280119,0.15776544641280119,0.15776544641280119,0.15776544641280096,0.15776544641280119,0.15776544641280119,0.15634146272718577,0.15634146272718535,0.15634146272718535,0.15634146272718535,0.15634146272718577,0.15634146272718535,0.15634146272718516,0.15634146272718494,0.15634146272718516,0.15634146272718535,0.15634146272718535,0.15634146272718494,0.15634146272718474,0.15634146272718494,0.15634146272718535,0.15634146272718535,0.15634146272718516,0.15634146272718494,0.15634146272718516,0.15634146272718535,0.15634146272718577,0.15634146272718535,0.15634146272718535,0.15634146272718535,0.15634146272718577,0.1549459147791378,0.1549459147791368,0.15494591477913616,0.1549459147791368,0.1549459147791378,0.1549459147791368,0.15494591477913575,0.15494591477913514,0.15494591477913575,0.1549459147791368,0.15494591477913616,0.15494591477913514,0.15494591477913452,0.15494591477913514,0.15494591477913616,0.1549459147791368,0.15494591477913575,0.15494591477913514,0.15494591477913575,0.1549459147791368,0.1549459147791378,0.1549459147791368,0.15494591477913616,0.1549459147791368,0.1549459147791378,0.15357822080938668,0.1535782208093837,0.15357822080938166,0.1535782208093837,0.15357822080938668,0.1535782208093837,0.15357822080938047,0.15357822080937844,0.15357822080938047,0.1535782208093837,0.15357822080938166,0.15357822080937844,0.15357822080937625,0.15357822080937844,0.15357822080938166,0.1535782208093837,0.15357822080938047,0.15357822080937844,0.15357822080938047,0.1535782208093837,0.15357822080938668,0.1535782208093837,0.15357822080938166,0.1535782208093837,0.15357822080938668,0.15223780396044378,0.15223780396043435,0.15223780396042824,0.15223780396043435,0.15223780396044378,0.15223780396043435,0.1522378039604241,0.1522378039604178,0.1522378039604241,0.15223780396043435,0.15223780396042824,0.1522378039604178,0.1522378039604113,0.1522378039604178,0.15223780396042824,0.15223780396043435,0.1522378039604241,0.1522378039604178,0.1522378039604241,0.15223780396043435,0.15223780396044378,0.15223780396043435,0.15223780396042824,0.15223780396043435,0.15223780396044378,0.15092409303791487,0.15092409303788576,0.1509240930378674,0.15092409303788576,0.15092409303791487,0.15092409303788576,0.1509240930378545,0.15092409303783424,0.1509240930378545,0.15092409303788576,0.1509240930378674,0.15092409303783424,0.150924093037813,0.15092409303783424,0.1509240930378674,0.15092409303788576,0.1509240930378545,0.15092409303783424,0.1509240930378545,0.15092409303788576,0.15092409303791487,0.15092409303788576,0.1509240930378674,0.15092409303788576,0.15092409303791487,0.14963652318010728,0.14963652318001935,0.1496365231799636,0.14963652318001935,0.14963652318010728,0.14963652318001935,0.149636523179922,0.14963652317985884,0.149636523179922,0.14963652318001935,0.1496365231799636,0.14963652317985884,0.14963652317979115,0.14963652317985884,0.1496365231799636,0.14963652318001935,0.149636523179922,0.14963652317985884,0.149636523179922,0.14963652318001935,0.14963652318010728,0.14963652318001935,0.1496365231799636,0.14963652318001935,0.14963652318010728,0.14837453644351314,0.14837453644325163,0.14837453644308243,0.14837453644325163,0.14837453644351314,0.14837453644325163,0.1483745364429514,0.14837453644275236,0.1483745364429514,0.14837453644325163,0.14837453644308243,0.14837453644275236,0.14837453644253218,0.14837453644275236,0.14837453644308243,0.14837453644325163,0.1483745364429514,0.14837453644275236,0.1483745364429514,0.14837453644325163,0.14837453644351314,0.14837453644325163,0.14837453644308243,0.14837453644325163,0.14837453644351314,0.1471375823113036,0.14713758231053975,0.1471375823100313,0.14713758231053975,0.1471375823113036,0.14713758231053975,0.14713758230961965,0.14713758230898313,0.14713758230961965,0.14713758231053975,0.1471375823100313,0.14713758230898313,0.1471375823082425,0.14713758230898313,0.1471375823100313,0.14713758231053975,0.14713758230961965,0.14713758230898313,0.14713758230961965,0.14713758231053975,0.1471375823113036,0.14713758231053975,0.1471375823100313,0.14713758231053975,0.1471375823113036,0.14592511813159983,0.14592511812943315,0.14592511812792566,0.14592511812943315,0.14592511813159983,0.14592511812943315,0.14592511812664077,0.1459251181245663,0.14592511812664077,0.14592511812943315,0.14592511812792566,0.1459251181245663,0.1459251181219427,0.1459251181245663,0.14592511812792566,0.14592511812943315,0.14592511812664077,0.1459251181245663,0.14592511812664077,0.14592511812943315,0.14592511813159983,0.14592511812943315,0.14592511812792566,0.14592511812943315,0.14592511813159983,0.1447366094921161,0.14473660948625067,0.14473660948187908,0.14473660948625067,0.1447366094921161,0.14473660948625067,0.1447366094779442,0.14473660947102976,0.1447366094779442,0.14473660948625067,0.14473660948187908,0.14473660947102976,0.1447366094609956,0.14473660947102976,0.14473660948187908,0.14473660948625067,0.1447366094779442,0.14473660947102976,0.1447366094779442,0.14473660948625067,0.1447366094921161,0.14473660948625067,0.14473660948187908,0.14473660948625067,0.1447366094921161,0.1435715305378396,0.14357153052313607,0.14357153051099353,0.14357153052313607,0.1435715305378396,0.14357153052313607,0.14357153049946259,0.14357153047600985,0.14357153049946259,0.14357153052313607,0.14357153051099353,0.14357153047600985,0.14357153043346432,0.14357153047600985,0.14357153051099353,0.14357153052313607,0.14357153049946259,0.14357153047600985,0.14357153049946259,0.14357153052313607,0.1435715305378396,0.14357153052313607,0.14357153051099353,0.14357153052313607,0.1435715305378396,0.1424293642383449,0.14242936420610297,0.1424293641753151,0.14242936420610297,0.1424293642383449,0.14242936420610297,0.1424293641445873,0.14242936406621742,0.1424293641445873,0.14242936420610297,0.1424293641753151,0.14242936406621742,0.14242936386241986,0.14242936406621742,0.1424293641753151,0.14242936420610297,0.1424293641445873,0.14242936406621742,0.1424293641445873,0.14242936420610297,0.1424293642383449,0.14242936420610297,0.1424293641753151,0.14242936420610297,0.1424293642383449,0.1413096026081705,0.14130960255357,0.1413096024909166,0.14130960255357,0.1413096026081705,0.14130960255357,0.14130960242612906,0.14130960219671673,0.14130960242612906,0.14130960255357,0.1413096024909166,0.14130960219671673,0.14130960109097968,0.14130960219671673,0.1413096024909166,0.14130960255357,0.14130960242612906,0.14130960219671673,0.14130960242612906,0.14130960255357,0.1413096026081705,0.14130960255357,0.1413096024909166,0.14130960255357,0.1413096026081705,0.14021174686794177,0.14021174681781953,0.14021174675735146,0.14021174681781953,0.14021174686794177,0.14021174681781953,0.14021174669423034,0.1402117464584646,0.14021174669423034,0.14021174681781953,0.14021174675735146,0.1402117464584646,0.14021174527094407,0.1402117464584646,0.14021174675735146,0.14021174681781953,0.14021174669423034,0.1402117464584646,0.14021174669423034,0.14021174681781953,0.14021174686794177,0.14021174681781953,0.14021174675735146,0.14021174681781953,0.14021174686794177,0.13913530750824726,0.13913530749741693,0.13913530748457476,0.13913530749741693,0.13913530750824726,0.13913530749741693,0.13913530747101666,0.13913530742770636,0.13913530747101666,0.13913530749741693,0.13913530748457476,0.13913530742770636,0.13913530728686027,0.13913530742770636,0.13913530748457476,0.13913530749741693,0.13913530747101666,0.13913530742770636,0.13913530747101666,0.13913530749741693,0.13913530750824726,0.13913530749741693,0.13913530748457476,0.13913530749741693,0.13913530750824726,0.13807980436570935,0.13807980440161788,0.1380798044398404,0.13807980440161788,0.13807980436570935,0.13807980440161788,0.13807980447916787,0.13807980459300798,0.13807980447916787,0.13807980440161788,0.1380798044398404,0.13807980459300798,0.13807980493270444,0.13807980459300798,0.1380798044398404,0.13807980440161788,0.13807980447916787,0.13807980459300798,0.13807980447916787,0.13807980440161788,0.13807980436570935,0.13807980440161788,0.1380798044398404,0.13807980440161788,0.13807980436570935,0.13704476673945695,0.13704476681438957,0.13704476690756365,0.13704476681438957,0.13704476673945695,0.13704476681438957,0.13704476700471968,0.1370447673950786,0.13704476700471968,0.13704476681438957,0.13704476690756365,0.1370447673950786,0.13704476958138648,0.1370447673950786,0.13704476690756365,0.13704476681438957,0.13704476700471968,0.1370447673950786,0.13704476700471968,0.13704476681438957,0.13704476673945695,0.13704476681438957,0.13704476690756365,0.13704476681438957,0.13704476673945695,0.1360297334539739,0.13602973350786807,0.13602973356116377,0.13602973350786807,0.1360297334539739,0.13602973350786807,0.1360297336148598,0.13602973375932667,0.1360297336148598,0.13602973350786807,0.13602973356116377,0.13602973375932667,0.13602973416282824,0.13602973375932667,0.13602973356116377,0.13602973350786807,0.1360297336148598,0.13602973375932667,0.1360297336148598,0.13602973350786807,0.1360297334539739,0.13602973350786807,0.13602973356116377,0.13602973350786807,0.1360297334539739,0.13503425297294167,0.13503425300702643,0.13503425303530317,0.13503425300702643,0.13503425297294178,0.13503425300702643,0.1350342530622306,0.1350342531172593,0.1350342530622306,0.13503425300702643,0.13503425303530317,0.1350342531172593,0.13503425321776943,0.1350342531172593,0.13503425303530317,0.13503425300702643,0.1350342530622306,0.1350342531172593,0.1350342530622306,0.13503425300702643,0.13503425297294178,0.13503425300702643,0.13503425303530317,0.13503425300702643,0.13503425297294167
0.16533248766465602,0.16533248766465602,0.16533248766465602,0.16533248766465602,0.16533248766465602,0.16533248766465602,0.16533248766465602,0.16533248766465602,0.16533248766465602,0.16533248766465602,0.16533248766465602,0.16533248766465602,0.16533248766465602,0.16533248766465602,0.16533248766465602,0.16533248766465602,0.16533248766465602,0.16533248766465602,0.16533248766465602,0.16533248766465602,0.16533248766465602,0.16533248766465602,0.16533248766465602,0.16533248766465602,0.16533248766465602,0.16375749394826505,0.16375749394826505,0.16375749394826505,0.16375749394826505,0.16375749394826505,0.16375749394826505,0.16375749394826505,0.16375749394826505,0.16375749394826505,0.16375749394826505,0.16375749394826505,0.16375749394826505,0.16375749394826505,0.16375749394826505,0.16375749394826505,0.16375749394826505,0.16375749394826505,0.16375749394826505,0.16375749394826505,0.16375749394826505,0.16375749394826505,0.16375749394826505,0.16375749394826505,0.16375749394826505,0.16375749394826505,0.1622138841637264,0.1622138841637264,0.1622138841637264,0.1622138841637264,0.1622138841637264,0.1622138841637264,0.1622138841637264,0.1622138841637264,0.1622138841637264,0.1622138841637264,0.1622138841637264,0.1622138841637264,0.1622138841637264,0.1622138841637264,0.1622138841637264,0.1622138841637264,0.1622138841637264,0.1622138841637264,0.1622138841637264,0.1622138841637264,0.1622138841637264,0.1622138841637264,0.1622138841637264,0.1622138841637264,0.1622138841637264,0.16070106726808012,0.16070106726808012,0.16070106726808012,0.16070106726808012,0.16070106726808012,0.16070106726808012,0.16070106726808012,0.16070106726808012,0.16070106726808012,0.16070106726808012,0.16070106726808012,0.16070106726808012,0.16070106726808012,0.16070106726808012,0.16070106726808012,0.16070106726808012,0.16070106726808012,0.16070106726808012,0.16070106726808012,0.16070106726808012,0.16070106726808012,0.16070106726808012,0.16070106726808012,0.16070106726808012,0.16070106726808012,0.15921845163630396,0.15921845163630396,0.15921845163630396,0.15921845163630396,0.15921845163630396,0.15921845163630396,0.15921845163630396,0.15921845163630396,0.15921845163630396,0.15921845163630396,0.15921845163630396,0.15921845163630396,0.15921845163630396,0.15921845163630396,0.15921845163630396,0.15921845163630396,0.15921845163630396,0.15921845163630396,0.15921845163630396,0.15921845163630396,0.15921845163630396,0.15921845163630396,0.15921845163630396,0.15921845163630396,0.15921845163630396,0.15776544641316517,0.15776544641316517,0.15776544641316495,0.15776544641316517,0.15776544641316517,0.15776544641316517,0.15776544641316495,0.15776544641316495,0.15776544641316495,0.15776544641316517,0.15776544641316495,0.15776544641316495,0.15776544641316476,0.15776544641316495,0.15776544641316495,0.15776544641316517,0.15776544641316495,0.15776544641316495,0.15776544641316495,0.15776544641316517,0.15776544641316517,0.15776544641316517,0.15776544641316495,0.15776544641316517,0.15776544641316517,0.1563414627275425,0.1563414627275421,0.15634146272754187,0.1563414627275421,0.1563414627275425,0.1563414627275421,0.15634146272754187,0.15634146272754168,0.15634146272754187,0.1563414627275421,0.15634146272754187,0.15634146272754168,0.15634146272754146,0.15634146272754168,0.15634146272754187,0.1563414627275421,0.15634146272754187,0.15634146272754168,0.15634146272754187,0.1563414627275421,0.1563414627275425,0.1563414627275421,0.15634146272754187,0.1563414627275421,0.1563414627275425,0.15494591477948721,0.1549459147794864,0.15494591477948577,0.1549459147794864,0.15494591477948721,0.1549459147794864,0.15494591477948536,0.15494591477948458,0.15494591477948536,0.1549459147794864,0.15494591477948577,0.15494591477948458,0.15494591477948394,0.15494591477948458,0.15494591477948577,0.1549459147794864,0.15494591477948536,0.15494591477948458,0.15494591477948536,0.1549459147794864,0.15494591477948721,0.1549459147794864,0.15494591477948577,0.1549459147794864,0.15494591477948721,0.15357822080972913,0.1535782208097261,0.1535782208097241,0.1535782208097261,0.15357822080972913,0.1535782208097261,0.15357822080972292,0.1535782208097209,0.15357822080972292,0.1535782208097261,0.1535782208097241,0.1535782208097209,0.1535782208097189,0.1535782208097209,0.1535782208097241,0.1535782208097261,0.15357822080972292,0.1535782208097209,0.15357822080972292,0.1535782208097261,0.15357822080972913,0.1535782208097261,0.1535782208097241,0.1535782208097261,0.15357822080972913,0.1522378039607794,0.15223780396076975,0.15223780396076383,0.15223780396076975,0.1522378039607794,0.15223780396076975,0.15223780396075973,0.15223780396075343,0.15223780396075973,0.15223780396076975,0.15223780396076383,0.15223780396075343,0.1522378039607469,0.15223780396075343,0.15223780396076383,0.15223780396076975,0.15223780396075973,0.15223780396075343,0.15223780396075973,0.15223780396076975,0.1522378039607794,0.15223780396076975,0.15223780396076383,0.15223780396076975,0.1522378039607794,0.1509240930382436,0.1509240930382147,0.15092409303819634,0.1509240930382147,0.1509240930382436,0.1509240930382147,0.15092409303818324,0.15092409303816318,0.15092409303818324,0.1509240930382147,0.15092409303819634,0.15092409303816318,0.15092409303814197,0.15092409303816318,0.15092409303819634,0.1509240930382147,0.15092409303818324,0.15092409303816318,0.15092409303818324,0.1509240930382147,0.1509240930382436,0.1509240930382147,0.15092409303819634,0.1509240930382147,0.1509240930382436,0.14963652318042928,0.14963652318034157,0.14963652318028578,0.14963652318034157,0.14963652318042928,0.14963652318034157,0.1496365231802442,0.14963652318018122,0.1496365231802442,0.14963652318034157,0.14963652318028578,0.14963652318018122,0.14963652318011353,0.14963652318018122,0.14963652318028578,0.14963652318034157,0.1496365231802442,0.14963652318018122,0.1496365231802442,0.14963652318034157,0.14963652318042928,0.14963652318034157,0.14963652318028578,0.14963652318034157,0.14963652318042928,0.1483745364438286,0.14837453644356724,0.14837453644339824,0.14837453644356724,0.1483745364438286,0.14837453644356724,0.1483745364432674,0.14837453644306853,0.1483745364432674,0.14837453644356724,0.14837453644339824,0.14837453644306853,0.14837453644284854,0.14837453644306853,0.14837453644339824,0.14837453644356724,0.1483745364432674,0.14837453644306853,0.1483745364432674,0.14837453644356724,0.1483745364438286,0.14837453644356724,0.14837453644339824,0.14837453644356724,0.1483745364438286,0.1471375823116117,0.14713758231084859,0.14713758231034085,0.14713758231084859,0.1471375823116117,0.14713758231084859,0.14713758230992957,0.14713758230929375,0.14713758230992957,0.14713758231084859,0.14713758231034085,0.14713758230929375,0.14713758230855387,0.14713758230929375,0.14713758231034085,0.14713758231084859,0.14713758230992957,0.14713758230929375,0.14713758230992957,0.14713758231084859,0.1471375823116117,0.14713758231084859,0.14713758231034085,0.14713758231084859,0.1471375823116117,0.14592511813189918,0.1459251181297348,0.14592511812822892,0.1459251181297348,0.14592511813189918,0.1459251181297348,0.14592511812694545,0.1459251181248731,0.14592511812694545,0.1459251181297348,0.14592511812822892,0.1459251181248731,0.14592511812225217,0.1459251181248731,0.14592511812822892,0.1459251181297348,0.14592511812694545,0.1459251181248731,0.14592511812694545,0.1459251181297348,0.14592511813189918,0.1459251181297348,0.14592511812822892,0.1459251181297348,0.14592511813189918,0.14473660949240216,0.14473660948654288,0.144736609482176,0.14473660948654288,0.14473660949240216,0.14473660948654288,0.14473660947824515,0.144736609471338,0.14473660947824515,0.14473660948654288,0.144736609482176,0.144736609471338,0.14473660946131414,0.144736609471338,0.144736609482176,0.14473660948654288,0.14473660947824515,0.144736609471338,0.14473660947824515,0.14473660948654288,0.14473660949240216,0.14473660948654288,0.144736609482176,0.14473660948654288,0.14473660949240216,0.14357153053809935,0.14357153052341154,0.14357153051128185,0.14357153052341154,0.14357153053809935,0.14357153052341154,0.14357153049976307,0.1435715304763348,0.14357153049976307,0.14357153052341154,0.14357153051128185,0.1435715304763348,0.14357153043383325,0.1435715304763348,0.14357153051128185,0.14357153052341154,0.14357153049976307,0.1435715304763348,0.14357153049976307,0.14357153052341154,0.14357153053809935,0.14357153052341154,0.14357153051128185,0.14357153052341154,0.14357153053809935,0.14242936423854635,0.14242936420633867,0.14242936417558352,0.14242936420633867,0.14242936423854635,0.14242936420633867,0.14242936414488808,0.1424293640666002,0.14242936414488808,0.14242936420633867,0.14242936417558352,0.1424293640666002,0.1424293638630132,0.1424293640666002,0.14242936417558352,0.14242936420633867,0.14242936414488808,0.1424293640666002,0.14242936414488808,0.14242936420633867,0.14242936423854635,0.14242936420633867,0.14242936417558352,0.14242936420633867,0.14242936423854635,0.14130960260824155,0.14130960255370026,0.1413096024911141,0.14130960255370026,0.14130960260824155,0.14130960255370026,0.14130960242639598,0.14130960219722558,0.14130960242639598,0.14130960255370026,0.1413096024911141,0.14130960219722558,0.14130960109261445,0.14130960219722558,0.1413096024911141,0.14130960255370026,0.14130960242639598,0.14130960219722558,0.14130960242639598,0.14130960255370026,0.14130960260824155,0.14130960255370026,0.1413096024911141,0.14130960255370026,0.14130960260824155,0.14021174686775859,0.14021174681769344,0.14021174675729473,0.14021174681769344,0.14021174686775859,0.14021174681769344,0.14021174669424613,0.14021174645875514,0.14021174669424613,0.14021174681769344,0.14021174675729473,0.14021174645875514,0.1402117452726361,0.14021174645875514,0.14021174675729473,0.14021174681769344,0.14021174669424613,0.14021174645875514,0.14021174669424613,0.14021174681769344,0.14021174686775859,0.14021174681769344,0.14021174675729473,0.14021174681769344,0.14021174686775859,0.13913530750768882,0.13913530749687192,0.1391353074840454,0.13913530749687192,0.13913530750768882,0.13913530749687192,0.13913530747050407,0.13913530742724686,0.13913530747050407,0.13913530749687192,0.1391353074840454,0.13913530742724686,0.13913530728657283,0.13913530742724686,0.1391353074840454,0.13913530749687192,0.13913530747050407,0.13913530742724686,0.13913530747050407,0.13913530749687192,0.13913530750768882,0.13913530749687192,0.1391353074840454,0.13913530749687192,0.13913530750768882,0.13807980436474268,0.13807980440061227,0.13807980443879309,0.13807980440061227,0.13807980436474268,0.13807980440061227,0.13807980447807763,0.13807980459179306,0.13807980447807763,0.13807980440061227,0.13807980443879309,0.13807980459179306,0.13807980493111618,0.13807980459179306,0.13807980443879309,0.13807980440061227,0.13807980447807763,0.13807980459179306,0.13807980447807763,0.13807980440061227,0.13807980436474268,0.13807980440061227,0.13807980443879309,0.13807980440061227,0.13807980436474268,0.13704476673815716,0.1370447668130071,0.13704476690607803,0.1370447668130071,0.13704476673815716,0.1370447668130071,0.1370447670031267,0.13704476739305343,0.1370447670031267,0.1370447668130071,0.13704476690607803,0.13704476739305343,0.13704476957693432,0.13704476739305343,0.13704476690607803,0.1370447668130071,0.1370447670031267,0.13704476739305343,0.1370447670031267,0.1370447668130071,0.13704476673815716,0.1370447668130071,0.13704476690607803,0.1370447668130071,0.13704476673815716,0.13602973345250685,0.1360297335063414,0.13602973355957818,0.1360297335063414,0.13602973345250685,0.1360297335063414,0.1360297336132147,0.13602973375752156,0.1360297336132147,0.1360297335063414,0.13602973355957818,0.13602973375752156,0.13602973416057626,0.13602973375752156,0.13602973355957818,0.1360297335063414,0.1360297336132147,0.13602973375752156,0.1360297336132147,0.1360297335063414,0.13602973345250685,0.1360297335063414,0.13602973355957818,0.1360297335063414,0.13602973345250685,0.1350342529714275,0.13503425300547436,0.13503425303372002,0.13503425300547436,0.1350342529714275,0.13503425300547436,0.13503425306061745,0.13503425311558512,0.13503425306061745,0.13503425300547436,0.13503425303372002,0.13503425311558512,0.13503425321598417,0.13503425311558512,0.13503425303372002,0.13503425300547436,0.13503425306061745,0.13503425311558512,0.13503425306061745,0.13503425300547436,0.1350342529714275,0.13503425300547436,0.13503425303372002,0.13503425300547436,0.1350342529714275
0.1653324876650579,0.1653324876650579,0.1653324876650579,0.1653324876650579,0.1653324876650579,0.1653324876650579,0.1653324876650579,0.1653324876650579,0.1653324876650579,0.1653324876650579,0.1653324876650579,0.1653324876650579,0.1653324876650579,0.1653324876650579,0.1653324876650579,0.1653324876650579,0.1653324876650579,0.1653324876650579,0.1653324876650579,0.1653324876650579,0.1653324876650579,0.1653324876650579,0.1653324876650579,0.1653324876650579,0.1653324876650579,0.16375749394865893,0.16375749394865893,0.16375749394865893,0.16375749394865893,0.16375749394865893,0.16375749394865893,0.16375749394865893,0.16375749394865893,0.16375749394865893,0.16375749394865893,0.16375749394865893,0.16375749394865893,0.16375749394865893,0.16375749394865893,0.16375749394865893,0.16375749394865893,0.16375749394865893,0.16375749394865893,0.16375749394865893,0.16375749394865893,0.16375749394865893,0.16375749394865893,0.16375749394865893,0.16375749394865893,0.16375749394865893,0.16221388416411242,0.16221388416411242,0.16221388416411242,0.16221388416411242,0.16221388416411242,0.16221388416411242,0.16221388416411242,0.16221388416411242,0.16221388416411242,0.16221388416411242,0.16221388416411242,0.16221388416411242,0.16221388416411242,0.16221388416411242,0.16221388416411242,0.16221388416411242,0.16221388416411242,0.16221388416411242,0.16221388416411242,0.16221388416411242,0.16221388416411242,0.16221388416411242,0.16221388416411242,0.16221388416411242,0.16221388416411242,0.16070106726845845,0.16070106726845845,0.16070106726845845,0.16070106726845845,0.16070106726845845,0.16070106726845845,0.16070106726845823,0.16070106726845823,0.16070106726845823,0.16070106726845845,0.16070106726845845,0.16070106726845823,0.16070106726845823,0.16070106726845823,0.16070106726845845,0.16070106726845845,0.16070106726845823,0.16070106726845823,0.16070106726845845,0.16070106726845845,0.16070106726845845,0.16070106726845845,0.16070106726845845,0.16070106726845845,0.16070106726845845,0.15921845163667472,0.15921845163667472,0.15921845163667472,0.15921845163667472,0.15921845163667472,0.15921845163667472,0.15921845163667472,0.15921845163667472,0.15921845163667472,0.15921845163667472,0.15921845163667472,0.15921845163667472,0.1592184516366745,0.15921845163667472,0.15921845163667472,0.15921845163667472,0.15921845163667472,0.15921845163667472,0.15921845163667472,0.15921845163667472,0.15921845163667472,0.15921845163667472,0.15921845163667472,0.15921845163667472,0.15921845163667472,0.15776544641352833,0.15776544641352833,0.15776544641352833,0.15776544641352833,0.15776544641352833,0.15776544641352833,0.15776544641352833,0.15776544641352813,0.15776544641352833,0.15776544641352833,0.15776544641352833,0.15776544641352813,0.15776544641352813,0.15776544641352813,0.15776544641352833,0.15776544641352833,0.15776544641352833,0.15776544641352813,0.15776544641352833,0.15776544641352833,0.15776544641352833,0.15776544641352833,0.15776544641352833,0.15776544641352833,0.15776544641352858,0.15634146272789845,0.156341462727898,0.15634146272789778,0.156341462727898,0.15634146272789845,0.156341462727898,0.15634146272789778,0.1563414627278976,0.15634146272789778,0.156341462727898,0.15634146272789778,0.1563414627278976,0.15634146272789737,0.1563414627278976,0.15634146272789778,0.156341462727898,0.15634146272789778,0.1563414627278976,0.15634146272789778,0.156341462727898,0.15634146272789845,0.156341462727898,0.15634146272789778,0.156341462727898,0.15634146272789845,0.154945914779836,0.1549459147798352,0.15494591477983458,0.1549459147798352,0.154945914779836,0.1549459147798352,0.15494591477983416,0.15494591477983335,0.15494591477983416,0.1549459147798352,0.15494591477983458,0.15494591477983335,0.15494591477983272,0.15494591477983335,0.15494591477983438,0.1549459147798352,0.15494591477983416,0.15494591477983335,0.15494591477983416,0.1549459147798352,0.154945914779836,0.1549459147798352,0.15494591477983438,0.1549459147798352,0.154945914779836,0.15357822081007097,0.15357822081006794,0.15357822081006595,0.15357822081006794,0.15357822081007097,0.15357822081006794,0.15357822081006473,0.15357822081006273,0.15357822081006473,0.15357822081006794,0.15357822081006595,0.15357822081006273,0.1535782208100605,0.15357822081006273,0.15357822081006595,0.15357822081006794,0.15357822081006473,0.15357822081006273,0.15357822081006473,0.15357822081006794,0.15357822081007097,0.15357822081006794,0.15357822081006595,0.15357822081006794,0.15357822081007097,0.15223780396111422,0.15223780396110478,0.15223780396109868,0.15223780396110478,0.15223780396111422,0.15223780396110478,0.15223780396109476,0.15223780396108844,0.15223780396109476,0.15223780396110478,0.15223780396109868,0.15223780396108844,0.15223780396108172,0.15223780396108844,0.15223780396109868,0.15223780396110478,0.15223780396109476,0.15223780396108844,0.15223780396109476,0.15223780396110478,0.15223780396111422,0.15223780396110478,0.15223780396109868,0.15223780396110478,0.15223780396111422,0.1509240930385718,0.15092409303854282,0.15092409303852453,0.15092409303854282,0.1509240930385718,0.15092409303854282,0.1509240930385116,0.15092409303849133,0.1509240930385116,0.15092409303854282,0.15092409303852453,0.15092409303849133,0.15092409303847013,0.15092409303849133,0.15092409303852453,0.15092409303854282,0.1509240930385116,0.15092409303849133,0.1509240930385116,0.15092409303854282,0.1509240930385718,0.15092409303854282,0.15092409303852453,0.15092409303854282,0.1509240930385718,0.14963652318075074,0.1496365231806632,0.1496365231806074,0.1496365231806632,0.14963652318075074,0.1496365231806632,0.1496365231805658,0.14963652318050286,0.1496365231805658,0.1496365231806632,0.1496365231806074,0.14963652318050286,0.14963652318043533,0.14963652318050286,0.1496365231806074,0.1496365231806632,0.1496365231805658,0.14963652318050286,0.1496365231805658,0.1496365231806632,0.14963652318075074,0.1496365231806632,0.1496365231806074,0.1496365231806632,0.14963652318075074,0.14837453644414325,0.14837453644388232,0.1483745364437133,0.14837453644388232,0.14837453644414325,0.14837453644388232,0.14837453644358264,0.14837453644338394,0.14837453644358264,0.14837453644388232,0.1483745364437133,0.14837453644338394,0.14837453644316415,0.14837453644338394,0.1483745364437133,0.14837453644388232,0.14837453644358264,0.14837453644338394,0.14837453644358264,0.14837453644388232,0.14837453644414325,0.14837453644388232,0.1483745364437133,0.14837453644388232,0.14837453644414325,0.14713758231191906,0.14713758231115684,0.14713758231064963,0.14713758231115684,0.14713758231191906,0.14713758231115684,0.1471375823102387,0.14713758230960367,0.1471375823102387,0.14713758231115684,0.14713758231064963,0.14713758230960367,0.1471375823088645,0.14713758230960367,0.14713758231064963,0.14713758231115684,0.1471375823102387,0.14713758230960367,0.1471375823102387,0.14713758231115684,0.14713758231191906,0.14713758231115684,0.14713758231064963,0.14713758231115684,0.14713758231191906,0.14592511813219797,0.14592511813003572,0.14592511812853143,0.14592511813003572,0.14592511813219797,0.14592511813003572,0.1459251181272494,0.14592511812517922,0.1459251181272494,0.14592511813003572,0.14592511812853143,0.14592511812517922,0.14592511812256112,0.14592511812517922,0.14592511812853143,0.14592511813003572,0.1459251181272494,0.14592511812517922,0.1459251181272494,0.14592511813003572,0.14592511813219797,0.14592511813003572,0.14592511812853143,0.14592511813003572,0.14592511813219797,0.14473660949268755,0.14473660948683437,0.14473660948247222,0.14473660948683437,0.14473660949268755,0.14473660948683437,0.14473660947854552,0.14473660947164557,0.14473660947854552,0.14473660948683437,0.14473660948247222,0.14473660947164557,0.14473660946163217,0.14473660947164557,0.14473660948247222,0.14473660948683437,0.14473660947854552,0.14473660947164557,0.14473660947854552,0.14473660948683437,0.14473660949268755,0.14473660948683437,0.14473660948247222,0.14473660948683437,0.14473660949268755,0.14357153053835878,0.14357153052368635,0.14357153051156948,0.14357153052368635,0.14357153053835878,0.14357153052368635,0.14357153050006266,0.14357153047665902,0.14357153050006266,0.14357153052368635,0.14357153051156948,0.14357153047665902,0.14357153043420148,0.14357153047665902,0.14357153051156948,0.14357153052368635,0.14357153050006266,0.14357153047665902,0.14357153050006266,0.14357153052368635,0.14357153053835878,0.14357153052368635,0.14357153051156948,0.14357153052368635,0.14357153053835878,0.14242936423874716,0.14242936420657384,0.1424293641758514,0.14242936420657384,0.14242936423874716,0.14242936420657384,0.14242936414518836,0.1424293640669824,0.14242936414518836,0.14242936420657384,0.1424293641758514,0.1424293640669824,0.14242936386360538,0.1424293640669824,0.1424293641758514,0.14242936420657384,0.14242936414518836,0.1424293640669824,0.14242936414518836,0.14242936420657384,0.14242936423874716,0.14242936420657384,0.1424293641758514,0.14242936420657384,0.14242936423874716,0.14130960260831227,0.14130960255383015,0.14130960249131114,0.14130960255383015,0.14130960260831227,0.14130960255383015,0.1413096024266624,0.14130960219773345,0.1413096024266624,0.14130960255383015,0.14130960249131114,0.14130960219773345,0.14130960109425617,0.14130960219773345,0.14130960249131114,0.14130960255383015,0.1413096024266624,0.14130960219773345,0.1413096024266624,0.14130960255383015,0.14130960260831227,0.14130960255383015,0.14130960249131114,0.14130960255383015,0.14130960260831227,0.14021174686757557,0.14021174681756735,0.14021174675723813,0.14021174681756735,0.14021174686757557,0.14021174681756735,0.14021174669426179,0.14021174645904494,0.14021174669426179,0.14021174681756735,0.14021174675723813,0.14021174645904494,0.14021174527434183,0.14021174645904494,0.14021174675723813,0.14021174681756735,0.14021174669426179,0.14021174645904494,0.14021174669426179,0.14021174681756735,0.14021174686757557,0.14021174681756735,0.14021174675723813,0.14021174681756735,0.14021174686757557,0.13913530750713116,0.1391353074963277,0.13913530748351702,0.1391353074963277,0.13913530750713116,0.1391353074963277,0.13913530746999242,0.13913530742678817,0.13913530746999242,0.1391353074963277,0.13913530748351702,0.13913530742678817,0.13913530728628584,0.13913530742678817,0.13913530748351702,0.1391353074963277,0.13913530746999242,0.13913530742678817,0.13913530746999242,0.1391353074963277,0.13913530750713116,0.1391353074963277,0.13913530748351702,0.1391353074963277,0.13913530750713116,0.1380798043637777,0.1380798043996084,0.13807980443774762,0.1380798043996084,0.1380798043637777,0.1380798043996084,0.1380798044769894,0.1380798045905803,0.1380798044769894,0.1380798043996084,0.13807980443774762,0.1380798045905803,0.13807980492953073,0.1380798045905803,0.13807980443774762,0.1380798043996084,0.1380798044769894,0.1380798045905803,0.1380798044769894,0.1380798043996084,0.1380798043637777,0.1380798043996084,0.13807980443774762,0.1380798043996084,0.1380798043637777,0.13704476673685978,0.13704476681162717,0.13704476690459536,0.13704476681162717,0.13704476673685978,0.13704476681162717,0.13704476700153684,0.13704476739103208,0.13704476700153684,0.13704476681162717,0.13704476690459536,0.13704476739103208,0.13704476957249367,0.13704476739103208,0.13704476690459536,0.13704476681162717,0.13704476700153684,0.13704476739103208,0.13704476700153684,0.13704476681162717,0.13704476673685978,0.13704476681162717,0.13704476690459536,0.13704476681162717,0.13704476673685978,0.13602973345104244,0.1360297335048175,0.1360297335579954,0.1360297335048175,0.13602973345104244,0.1360297335048175,0.13602973361157272,0.13602973375571992,0.13602973361157272,0.1360297335048175,0.1360297335579954,0.13602973375571992,0.13602973415832847,0.13602973375571992,0.1360297335579954,0.1360297335048175,0.13602973361157272,0.13602973375571992,0.13602973361157272,0.1360297335048175,0.13602973345104244,0.1360297335048175,0.1360297335579954,0.1360297335048175,0.13602973345104244,0.13503425296991595,0.1350342530039253,0.13503425303213962,0.1350342530039253,0.13503425296991595,0.1350342530039253,0.13503425305900735,0.13503425311391434,0.13503425305900735,0.1350342530039253,0.13503425303213962,0.13503425311391434,0.1350342532142021,0.13503425311391434,0.13503425303213962,0.1350342530039253,0.13503425305900735,0.13503425311391434,0.13503425305900735,0.1350342530039253,0.13503425296991595,0.1350342530039253,0.13503425303213962,0.1350342530039253,0.13503425296991595
0.16533248766545885,0.16533248766545885,0.16533248766545885,0.16533248766545885,0.16533248766545885,0.16533248766545885,0.16533248766545885,0.16533248766545885,0.16533248766545885,0.16533248766545885,0.16533248766545885,0.16533248766545885,0.16533248766545885,0.16533248766545885,0.16533248766545885,0.16533248766545885,0.16533248766545885,0.16533248766545885,0.16533248766545885,0.16533248766545885,0.16533248766545885,0.16533248766545885,0.16533248766545885,0.16533248766545885,0.16533248766545885,0.16375749394905217,0.16375749394905217,0.16375749394905217,0.16375749394905217,0.16375749394905217,0.16375749394905217,0.16375749394905217,0.16375749394905217,0.16375749394905217,0.16375749394905217,0.16375749394905217,0.16375749394905217,0.16375749394905217,0.16375749394905217,0.16375749394905217,0.16375749394905217,0.16375749394905217,0.16375749394905217,0.16375749394905217,0.16375749394905217,0.16375749394905217,0.16375749394905217,0.16375749394905217,0.16375749394905217,0.16375749394905217,0.16221388416449756,0.16221388416449756,0.16221388416449756,0.16221388416449756,0.16221388416449756,0.16221388416449756,0.16221388416449756,0.16221388416449756,0.16221388416449756,0.16221388416449756,0.16221388416449756,0.16221388416449756,0.16221388416449756,0.16221388416449756,0.16221388416449756,0.16221388416449756,0.16221388416449756,0.16221388416449756,0.16221388416449756,0.16221388416449756,0.16221388416449756,0.16221388416449756,0.16221388416449756,0.16221388416449756,0.16221388416449756,0.16070106726883587,0.16070106726883587,0.16070106726883587,0.16070106726883587,0.16070106726883587,0.16070106726883587,0.16070106726883587,0.16070106726883587,0.16070106726883587,0.16070106726883587,0.16070106726883587,0.16070106726883587,0.16070106726883587,0.16070106726883587,0.16070106726883587,0.16070106726883587,0.16070106726883587,0.16070106726883587,0.16070106726883587,0.16070106726883587,0.16070106726883587,0.16070106726883587,0.16070106726883587,0.16070106726883587,0.16070106726883587,0.15921845163704465,0.15921845163704465,0.15921845163704465,0.15921845163704465,0.15921845163704465,0.15921845163704465,0.15921845163704465,0.15921845163704465,0.15921845163704465,0.15921845163704465,0.15921845163704465,0.15921845163704465,0.15921845163704465,0.15921845163704465,0.15921845163704465,0.15921845163704465,0.15921845163704465,0.15921845163704465,0.15921845163704465,0.15921845163704465,0.15921845163704465,0.15921845163704465,0.15921845163704465,0.15921845163704465,0.15921845163704465,0.15776544641389084,0.15776544641389084,0.15776544641389084,0.15776544641389084,0.15776544641389084,0.15776544641389084,0.15776544641389084,0.15776544641389065,0.15776544641389084,0.15776544641389084,0.15776544641389084,0.15776544641389065,0.15776544641389065,0.15776544641389065,0.15776544641389084,0.15776544641389084,0.15776544641389084,0.15776544641389065,0.15776544641389084,0.15776544641389084,0.15776544641389084,0.15776544641389084,0.15776544641389084,0.15776544641389084,0.15776544641389106,0.1563414627282537,0.15634146272825328,0.15634146272825308,0.15634146272825328,0.1563414627282537,0.15634146272825328,0.15634146272825308,0.15634146272825286,0.15634146272825308,0.15634146272825328,0.15634146272825308,0.15634146272825286,0.15634146272825264,0.15634146272825286,0.15634146272825308,0.15634146272825328,0.15634146272825308,0.15634146272825286,0.15634146272825308,0.15634146272825328,0.1563414627282537,0.15634146272825328,0.15634146272825308,0.15634146272825328,0.1563414627282537,0.1549459147801842,0.15494591478018316,0.15494591478018255,0.15494591478018316,0.1549459147801842,0.15494591478018316,0.15494591478018213,0.15494591478018152,0.15494591478018213,0.15494591478018316,0.15494591478018255,0.15494591478018152,0.1549459147801809,0.15494591478018152,0.15494591478018255,0.15494591478018316,0.15494591478018213,0.15494591478018152,0.15494591478018213,0.15494591478018316,0.1549459147801842,0.15494591478018316,0.15494591478018255,0.15494591478018316,0.1549459147801842,0.153578220810412,0.153578220810409,0.15357822081040717,0.153578220810409,0.153578220810412,0.153578220810409,0.15357822081040576,0.15357822081040376,0.15357822081040576,0.153578220810409,0.15357822081040717,0.15357822081040376,0.15357822081040176,0.15357822081040376,0.15357822081040717,0.153578220810409,0.15357822081040576,0.15357822081040376,0.15357822081040576,0.153578220810409,0.153578220810412,0.153578220810409,0.15357822081040717,0.153578220810409,0.153578220810412,0.15223780396144848,0.15223780396143902,0.1522378039614331,0.15223780396143902,0.15223780396144848,0.15223780396143902,0.15223780396142897,0.15223780396142267,0.15223780396142897,0.15223780396143902,0.1522378039614331,0.15223780396142267,0.15223780396141595,0.15223780396142267,0.1522378039614331,0.15223780396143902,0.15223780396142897,0.15223780396142267,0.15223780396142897,0.15223780396143902,0.15223780396144848,0.15223780396143902,0.1522378039614331,0.15223780396143902,0.15223780396144848,0.15092409303889937,0.15092409303887042,0.15092409303885207,0.15092409303887042,0.15092409303889937,0.15092409303887042,0.15092409303883916,0.1509240930388189,0.15092409303883916,0.15092409303887042,0.15092409303885207,0.1509240930388189,0.1509240930387977,0.1509240930388189,0.15092409303885207,0.15092409303887042,0.15092409303883916,0.1509240930388189,0.15092409303883916,0.15092409303887042,0.15092409303889937,0.15092409303887042,0.15092409303885207,0.15092409303887042,0.15092409303889937,0.14963652318107162,0.14963652318098405,0.1496365231809283,0.14963652318098405,0.14963652318107162,0.14963652318098405,0.14963652318088688,0.1496365231808239,0.14963652318088688,0.14963652318098405,0.1496365231809283,0.1496365231808239,0.1496365231807564,0.1496365231808239,0.1496365231809283,0.14963652318098405,0.14963652318088688,0.1496365231808239,0.14963652318088688,0.14963652318098405,0.14963652318107162,0.14963652318098405,0.1496365231809283,0.14963652318098405,0.14963652318107162,0.1483745364444574,0.14837453644419663,0.14837453644402798,0.14837453644419663,0.1483745364444574,0.14837453644419663,0.14837453644389734,0.14837453644369883,0.14837453644389734,0.14837453644419663,0.14837453644402798,0.14837453644369883,0.14837453644347942,0.14837453644369883,0.14837453644402798,0.14837453644419663,0.14837453644389734,0.14837453644369883,0.14837453644389734,0.14837453644419663,0.1483745364444574,0.14837453644419663,0.14837453644402798,0.14837453644419663,0.1483745364444574,0.14713758231222607,0.14713758231146476,0.1471375823109579,0.14713758231146476,0.14713758231222607,0.14713758231146476,0.14713758231054755,0.14713758230991303,0.14713758231054755,0.14713758231146476,0.1471375823109579,0.14713758230991303,0.14713758230917479,0.14713758230991303,0.1471375823109579,0.14713758231146476,0.14713758231054755,0.14713758230991303,0.14713758231054755,0.14713758231146476,0.14713758231222607,0.14713758231146476,0.1471375823109579,0.14713758231146476,0.14713758231222607,0.14592511813249623,0.1459251181303363,0.1459251181288336,0.1459251181303363,0.14592511813249623,0.1459251181303363,0.1459251181275528,0.14592511812548492,0.1459251181275528,0.1459251181303363,0.1459251181288336,0.14592511812548492,0.14592511812286954,0.14592511812548492,0.1459251181288336,0.1459251181303363,0.1459251181275528,0.14592511812548492,0.1459251181275528,0.1459251181303363,0.14592511813249623,0.1459251181303363,0.1459251181288336,0.1459251181303363,0.14592511813249623,0.1447366094929724,0.14473660948712552,0.14473660948276787,0.14473660948712552,0.1447366094929724,0.14473660948712552,0.14473660947884523,0.1447366094719526,0.14473660947884523,0.14473660948712552,0.14473660948276787,0.1447366094719526,0.14473660946194952,0.1447366094719526,0.14473660948276787,0.14473660948712552,0.14473660947884523,0.1447366094719526,0.14473660947884523,0.14473660948712552,0.1447366094929724,0.14473660948712552,0.14473660948276787,0.14473660948712552,0.1447366094929724,0.14357153053861765,0.14357153052396082,0.14357153051185662,0.14357153052396082,0.14357153053861765,0.14357153052396082,0.14357153050036212,0.1435715304769828,0.14357153050036212,0.14357153052396082,0.14357153051185662,0.1435715304769828,0.1435715304345692,0.1435715304769828,0.14357153051185662,0.14357153052396082,0.14357153050036212,0.1435715304769828,0.14357153050036212,0.14357153052396082,0.14357153053861765,0.14357153052396082,0.14357153051185662,0.14357153052396082,0.14357153053861765,0.1424293642389478,0.14242936420680888,0.14242936417611882,0.14242936420680888,0.1424293642389478,0.14242936420680888,0.14242936414548815,0.142429364067364,0.14242936414548815,0.14242936420680888,0.14242936417611882,0.142429364067364,0.1424293638641967,0.142429364067364,0.14242936417611882,0.14242936420680888,0.14242936414548815,0.142429364067364,0.14242936414548815,0.14242936420680888,0.1424293642389478,0.14242936420680888,0.14242936417611882,0.14242936420680888,0.1424293642389478,0.14130960260838316,0.1413096025539599,0.14130960249150798,0.1413096025539599,0.14130960260838316,0.1413096025539599,0.14130960242692853,0.14130960219824032,0.14130960242692853,0.1413096025539599,0.14130960249150798,0.14130960219824032,0.14130960109589524,0.14130960219824032,0.14130960249150798,0.1413096025539599,0.14130960242692853,0.14130960219824032,0.14130960242692853,0.1413096025539599,0.14130960260838316,0.1413096025539599,0.14130960249150798,0.1413096025539599,0.14130960260838316,0.14021174686739302,0.14021174681744172,0.14021174675718154,0.14021174681744172,0.14021174686739302,0.14021174681744172,0.1402117466942774,0.14021174645933407,0.1402117466942774,0.14021174681744172,0.14021174675718154,0.14021174645933407,0.1402117452760403,0.14021174645933407,0.14021174675718154,0.14021174681744172,0.1402117466942774,0.14021174645933407,0.1402117466942774,0.14021174681744172,0.14021174686739302,0.14021174681744172,0.14021174675718154,0.14021174681744172,0.14021174686739302,0.13913530750657477,0.13913530749578457,0.1391353074829897,0.13913530749578457,0.13913530750657477,0.13913530749578457,0.13913530746948172,0.1391353074263303,0.13913530746948172,0.13913530749578457,0.1391353074829897,0.1391353074263303,0.1391353072859992,0.1391353074263303,0.1391353074829897,0.13913530749578457,0.13913530746948172,0.1391353074263303,0.13913530746948172,0.13913530749578457,0.13913530750657477,0.13913530749578457,0.1391353074829897,0.13913530749578457,0.13913530750657477,0.13807980436281472,0.1380798043986065,0.1380798044367042,0.1380798043986065,0.13807980436281472,0.1380798043986065,0.13807980447590332,0.13807980458937005,0.13807980447590332,0.1380798043986065,0.1380798044367042,0.13807980458937005,0.13807980492794852,0.13807980458937005,0.1380798044367042,0.1380798043986065,0.13807980447590332,0.13807980458937005,0.13807980447590332,0.1380798043986065,0.13807980436281472,0.1380798043986065,0.1380798044367042,0.1380798043986065,0.13807980436281472,0.13704476673556504,0.13704476681024982,0.13704476690311543,0.13704476681024982,0.13704476673556504,0.13704476681024982,0.13704476699995002,0.1370447673890148,0.13704476699995002,0.13704476681024982,0.13704476690311543,0.1370447673890148,0.1370447695680626,0.1370447673890148,0.13704476690311543,0.13704476681024982,0.13704476699995002,0.1370447673890148,0.13704476699995002,0.13704476681024982,0.13704476673556504,0.13704476681024982,0.13704476690311543,0.13704476681024982,0.13704476673556504,0.13602973344958105,0.13602973350329678,0.1360297335564159,0.13602973350329678,0.13602973344958105,0.13602973350329678,0.13602973360993406,0.13602973375392186,0.13602973360993406,0.13602973350329678,0.1360297335564159,0.13602973375392186,0.13602973415608502,0.13602973375392186,0.1360297335564159,0.13602973350329678,0.13602973360993406,0.13602973375392186,0.13602973360993406,0.13602973350329678,0.13602973344958105,0.13602973350329678,0.1360297335564159,0.13602973350329678,0.13602973344958105,0.13503425296840751,0.13503425300237923,0.1350342530305624,0.13503425300237923,0.13503425296840751,0.13503425300237923,0.1350342530574005,0.13503425311224662,0.1350342530574005,0.13503425300237923,0.1350342530305624,0.13503425311224662,0.13503425321242352,0.13503425311224662,0.1350342530305624,0.13503425300237923,0.1350342530574005,0.13503425311224662,0.1350342530574005,0.13503425300237923,0.13503425296840751,0.13503425300237923,0.1350342530305624,0.13503425300237923,0.13503425296840751
0.1653324876658591,0.1653324876658591,0.1653324876658591,0.1653324876658591,0.1653324876658591,0.1653324876658591,0.1653324876658591,0.1653324876658591,0.1653324876658591,0.1653324876658591,0.1653324876658591,0.1653324876658591,0.1653324876658591,0.1653324876658591,0.1653324876658591,0.1653324876658591,0.1653324876658591,0.1653324876658591,0.1653324876658591,0.1653324876658591,0.1653324876658591,0.1653324876658591,0.1653324876658591,0.1653324876658591,0.1653324876658591,0.16375749394944442,0.16375749394944442,0.16375749394944442,0.16375749394944442,0.16375749394944442,0.16375749394944442,0.16375749394944442,0.16375749394944442,0.16375749394944442,0.16375749394944442,0.16375749394944442,0.16375749394944442,0.16375749394944442,0.16375749394944442,0.16375749394944442,0.16375749394944442,0.16375749394944442,0.16375749394944442,0.16375749394944442,0.16375749394944442,0.16375749394944442,0.16375749394944442,0.16375749394944442,0.16375749394944442,0.16375749394944442,0.16221388416488222,0.16221388416488222,0.16221388416488222,0.16221388416488222,0.16221388416488222,0.16221388416488222,0.16221388416488222,0.16221388416488222,0.16221388416488222,0.16221388416488222,0.16221388416488222,0.16221388416488222,0.16221388416488222,0.16221388416488222,0.16221388416488222,0.16221388416488222,0.16221388416488222,0.16221388416488222,0.16221388416488222,0.16221388416488222,0.16221388416488222,0.16221388416488222,0.16221388416488222,0.16221388416488222,0.16221388416488222,0.16070106726921266,0.16070106726921266,0.16070106726921266,0.16070106726921266,0.16070106726921266,0.16070106726921266,0.16070106726921266,0.16070106726921266,0.16070106726921266,0.16070106726921266,0.16070106726921266,0.16070106726921266,0.16070106726921266,0.16070106726921266,0.16070106726921266,0.16070106726921266,0.16070106726921266,0.16070106726921266,0.16070106726921266,0.16070106726921266,0.16070106726921266,0.16070106726921266,0.16070106726921266,0.16070106726921266,0.16070106726921266,0.1592184516374139,0.1592184516374139,0.1592184516374139,0.1592184516374139,0.1592184516374139,0.1592184516374139,0.1592184516374139,0.1592184516374139,0.1592184516374139,0.1592184516374139,0.1592184516374139,0.1592184516374139,0.1592184516374139,0.1592184516374139,0.1592184516374139,0.1592184516374139,0.1592184516374139,0.1592184516374139,0.1592184516374139,0.1592184516374139,0.1592184516374139,0.1592184516374139,0.1592184516374139,0.1592184516374139,0.1592184516374139,0.15776544641425272,0.15776544641425272,0.15776544641425272,0.15776544641425272,0.15776544641425272,0.15776544641425272,0.15776544641425252,0.15776544641425252,0.15776544641425252,0.15776544641425272,0.15776544641425272,0.15776544641425252,0.15776544641425252,0.15776544641425252,0.15776544641425272,0.15776544641425272,0.15776544641425252,0.15776544641425252,0.15776544641425252,0.15776544641425272,0.15776544641425272,0.15776544641425272,0.15776544641425272,0.15776544641425272,0.15776544641425272,0.15634146272860835,0.15634146272860794,0.15634146272860772,0.15634146272860794,0.15634146272860835,0.15634146272860794,0.1563414627286075,0.1563414627286073,0.1563414627286075,0.15634146272860794,0.15634146272860772,0.1563414627286073,0.15634146272860708,0.1563414627286073,0.15634146272860772,0.15634146272860794,0.1563414627286075,0.1563414627286073,0.1563414627286075,0.15634146272860794,0.15634146272860835,0.15634146272860794,0.15634146272860772,0.15634146272860794,0.15634146272860835,0.15494591478053177,0.15494591478053074,0.1549459147805301,0.15494591478053074,0.15494591478053177,0.15494591478053074,0.15494591478052971,0.15494591478052908,0.15494591478052971,0.15494591478053074,0.1549459147805301,0.15494591478052908,0.1549459147805285,0.15494591478052908,0.1549459147805301,0.15494591478053074,0.15494591478052971,0.15494591478052908,0.15494591478052971,0.15494591478053074,0.15494591478053177,0.15494591478053074,0.1549459147805301,0.15494591478053074,0.15494591478053177,0.15357822081075262,0.15357822081074943,0.1535782208107476,0.15357822081074943,0.15357822081075262,0.15357822081074943,0.1535782208107462,0.1535782208107442,0.1535782208107462,0.15357822081074943,0.1535782208107476,0.1535782208107442,0.15357822081074218,0.1535782208107442,0.1535782208107476,0.15357822081074943,0.1535782208107462,0.1535782208107442,0.1535782208107462,0.15357822081074943,0.15357822081075262,0.15357822081074943,0.1535782208107476,0.15357822081074943,0.15357822081075262,0.1522378039617821,0.15223780396177267,0.15223780396176673,0.15223780396177267,0.1522378039617821,0.15223780396177267,0.15223780396176262,0.15223780396175632,0.15223780396176262,0.15223780396177267,0.15223780396176673,0.15223780396175632,0.1522378039617498,0.15223780396175632,0.15223780396176673,0.15223780396177267,0.15223780396176262,0.15223780396175632,0.15223780396176262,0.15223780396177267,0.1522378039617821,0.15223780396177267,0.15223780396176673,0.15223780396177267,0.1522378039617821,0.15092409303922616,0.15092409303919724,0.15092409303917909,0.15092409303919724,0.15092409303922616,0.15092409303919724,0.15092409303916596,0.15092409303914592,0.15092409303916596,0.15092409303919724,0.15092409303917909,0.15092409303914592,0.15092409303912468,0.15092409303914592,0.15092409303917909,0.15092409303919724,0.15092409303916596,0.15092409303914592,0.15092409303916596,0.15092409303919724,0.15092409303922616,0.15092409303919724,0.15092409303917909,0.15092409303919724,0.15092409303922616,0.14963652318139192,0.14963652318130438,0.14963652318124876,0.14963652318130438,0.14963652318139192,0.14963652318130438,0.14963652318120738,0.14963652318114443,0.14963652318120738,0.14963652318130438,0.14963652318124876,0.14963652318114443,0.1496365231810771,0.14963652318114443,0.14963652318124876,0.14963652318130438,0.14963652318120738,0.14963652318114443,0.14963652318120738,0.14963652318130438,0.14963652318139192,0.14963652318130438,0.14963652318124876,0.14963652318130438,0.14963652318139192,0.14837453644477078,0.1483745364445104,0.14837453644434193,0.1483745364445104,0.14837453644477078,0.1483745364445104,0.14837453644421145,0.14837453644401316,0.14837453644421145,0.1483745364445104,0.14837453644434193,0.14837453644401316,0.1483745364437939,0.14837453644401316,0.14837453644434193,0.1483745364445104,0.14837453644421145,0.14837453644401316,0.14837453644421145,0.1483745364445104,0.14837453644477078,0.1483745364445104,0.14837453644434193,0.1483745364445104,0.14837453644477078,0.14713758231253252,0.14713758231177174,0.14713758231126564,0.14713758231177174,0.14713758231253252,0.14713758231177174,0.14713758231085564,0.14713758231022184,0.14713758231085564,0.14713758231177174,0.14713758231126564,0.14713758231022184,0.14713758230948432,0.14713758231022184,0.14713758231126564,0.14713758231177174,0.14713758231085564,0.14713758231022184,0.14713758231085564,0.14713758231177174,0.14713758231253252,0.14713758231177174,0.14713758231126564,0.14713758231177174,0.14713758231253252,0.14592511813279374,0.14592511813063633,0.14592511812913508,0.14592511813063633,0.14592511813279374,0.14592511813063633,0.1459251181278557,0.14592511812578995,0.1459251181278557,0.14592511813063633,0.14592511812913508,0.14592511812578995,0.14592511812317724,0.14592511812578995,0.14592511812913508,0.14592511813063633,0.1459251181278557,0.14592511812578995,0.1459251181278557,0.14592511813063633,0.14592511813279374,0.14592511813063633,0.14592511812913508,0.14592511813063633,0.14592511813279374,0.14473660949325678,0.14473660948741598,0.14473660948306288,0.14473660948741598,0.14473660949325678,0.14473660948741598,0.14473660947914457,0.14473660947225894,0.14473660947914457,0.14473660948741598,0.14473660948306288,0.14473660947225894,0.14473660946226632,0.14473660947225894,0.14473660948306288,0.14473660948741598,0.14473660947914457,0.14473660947225894,0.14473660947914457,0.14473660948741598,0.14473660949325678,0.14473660948741598,0.14473660948306288,0.14473660948741598,0.14473660949325678,0.14357153053887586,0.14357153052423458,0.14357153051214325,0.14357153052423458,0.14357153053887586,0.14357153052423458,0.1435715305006607,0.14357153047730586,0.1435715305006607,0.14357153052423458,0.14357153051214325,0.14357153047730586,0.14357153043493626,0.14357153047730586,0.14357153051214325,0.14357153052423458,0.1435715305006607,0.14357153047730586,0.1435715305006607,0.14357153052423458,0.14357153053887586,0.14357153052423458,0.14357153051214325,0.14357153052423458,0.14357153053887586,0.14242936423914793,0.14242936420704322,0.14242936417638552,0.14242936420704322,0.14242936423914793,0.14242936420704322,0.1424293641457874,0.14242936406774478,0.1424293641457874,0.14242936420704322,0.14242936417638552,0.14242936406774478,0.14242936386478686,0.14242936406774478,0.14242936417638552,0.14242936420704322,0.1424293641457874,0.14242936406774478,0.1424293641457874,0.14242936420704322,0.14242936423914793,0.14242936420704322,0.14242936417638552,0.14242936420704322,0.14242936423914793,0.1413096026084537,0.14130960255408936,0.14130960249170438,0.14130960255408936,0.1413096026084537,0.14130960255408936,0.14130960242719398,0.1413096021987464,0.14130960242719398,0.14130960255408936,0.14130960249170438,0.1413096021987464,0.14130960109752805,0.1413096021987464,0.14130960249170438,0.14130960255408936,0.14130960242719398,0.1413096021987464,0.14130960242719398,0.14130960255408936,0.1413096026084537,0.14130960255408936,0.14130960249170438,0.14130960255408936,0.1413096026084537,0.1402117468672108,0.1402117468173161,0.14021174675712492,0.1402117468173161,0.1402117468672108,0.1402117468173161,0.1402117466942929,0.1402117464596224,0.1402117466942929,0.1402117468173161,0.14021174675712492,0.1402117464596224,0.14021174527773153,0.1402117464596224,0.14021174675712492,0.1402117468173161,0.1402117466942929,0.1402117464596224,0.1402117466942929,0.1402117468173161,0.1402117468672108,0.1402117468173161,0.14021174675712492,0.1402117468173161,0.1402117468672108,0.13913530750601932,0.13913530749524256,0.13913530748246333,0.13913530749524256,0.13913530750601932,0.13913530749524256,0.1391353074689718,0.13913530742587318,0.1391353074689718,0.13913530749524256,0.13913530748246333,0.13913530742587318,0.13913530728571288,0.13913530742587318,0.13913530748246333,0.13913530749524256,0.1391353074689718,0.13913530742587318,0.1391353074689718,0.13913530749524256,0.13913530750601932,0.13913530749524256,0.13913530748246333,0.13913530749524256,0.13913530750601932,0.13807980436185346,0.1380798043976065,0.13807980443566278,0.1380798043976065,0.13807980436185346,0.1380798043976065,0.13807980447481913,0.13807980458816196,0.13807980447481913,0.1380798043976065,0.13807980443566278,0.13807980458816196,0.1380798049263693,0.13807980458816196,0.13807980443566278,0.1380798043976065,0.13807980447481913,0.13807980458816196,0.13807980447481913,0.1380798043976065,0.13807980436185346,0.1380798043976065,0.13807980443566278,0.1380798043976065,0.13807980436185346,0.13704476673427254,0.13704476680887523,0.1370447669016385,0.13704476680887523,0.13704476673427254,0.13704476680887523,0.13704476699836604,0.1370447673870013,0.13704476699836604,0.13704476680887523,0.1370447669016385,0.1370447673870013,0.13704476956365103,0.1370447673870013,0.1370447669016385,0.13704476680887523,0.13704476699836604,0.1370447673870013,0.13704476699836604,0.13704476680887523,0.13704476673427254,0.13704476680887523,0.1370447669016385,0.13704476680887523,0.13704476673427254,0.1360297334481224,0.13602973350177888,0.13602973355483927,0.13602973350177888,0.1360297334481224,0.13602973350177888,0.13602973360829837,0.1360297337521272,0.13602973360829837,0.13602973350177888,0.13602973355483927,0.1360297337521272,0.13602973415384606,0.1360297337521272,0.13602973355483927,0.13602973350177888,0.13602973360829837,0.1360297337521272,0.13602973360829837,0.13602973350177888,0.1360297334481224,0.13602973350177888,0.13602973355483927,0.13602973350177888,0.1360297334481224,0.13503425296690183,0.13503425300083613,0.13503425302898814,0.13503425300083613,0.13503425296690183,0.13503425300083613,0.1350342530557965,0.13503425311058231,0.1350342530557965,0.13503425300083613,0.13503425302898814,0.13503425311058231,0.1350342532106485,0.13503425311058231,0.13503425302898814,0.13503425300083613,0.1350342530557965,0.13503425311058231,0.1350342530557965,0.13503425300083613,0.13503425296690183,0.13503425300083613,0.13503425302898814,0.13503425300083613,0.13503425296690183
0.16533248766625883,0.16533248766625883,0.16533248766625883,0.16533248766625883,0.16533248766625883,0.16533248766625883,0.16533248766625883,0.16533248766625883,0.16533248766625883,0.16533248766625883,0.16533248766625883,0.16533248766625883,0.16533248766625883,0.16533248766625883,0.16533248766625883,0.16533248766625883,0.16533248766625883,0.16533248766625883,0.16533248766625883,0.16533248766625883,0.16533248766625883,0.16533248766625883,0.16533248766625883,0.16533248766625883,0.16533248766625883,0.163757493949836,0.163757493949836,0.163757493949836,0.163757493949836,0.163757493949836,0.163757493949836,0.163757493949836,0.163757493949836,0.163757493949836,0.163757493949836,0.163757493949836,0.163757493949836,0.163757493949836,0.163757493949836,0.163757493949836,0.163757493949836,0.163757493949836,0.163757493949836,0.163757493949836,0.163757493949836,0.163757493949836,0.163757493949836,0.163757493949836,0.163757493949836,0.163757493949836,0.16221388416526597,0.16221388416526597,0.16221388416526597,0.16221388416526597,0.16221388416526597,0.16221388416526597,0.16221388416526597,0.16221388416526597,0.16221388416526597,0.16221388416526597,0.16221388416526597,0.16221388416526597,0.16221388416526597,0.16221388416526597,0.16221388416526597,0.16221388416526597,0.16221388416526597,0.16221388416526597,0.16221388416526597,0.16221388416526597,0.16221388416526597,0.16221388416526597,0.16221388416526597,0.16221388416526597,0.16221388416526597,0.16070106726958877,0.16070106726958877,0.16070106726958877,0.16070106726958877,0.16070106726958877,0.16070106726958877,0.16070106726958877,0.16070106726958877,0.16070106726958877,0.16070106726958877,0.16070106726958877,0.16070106726958877,0.16070106726958877,0.16070106726958877,0.16070106726958877,0.16070106726958877,0.16070106726958877,0.16070106726958877,0.16070106726958877,0.16070106726958877,0.16070106726958877,0.16070106726958877,0.16070106726958877,0.16070106726958877,0.16070106726958877,0.15921845163778248,0.15921845163778248,0.15921845163778248,0.15921845163778248,0.15921845163778248,0.15921845163778248,0.15921845163778248,0.15921845163778248,0.15921845163778248,0.15921845163778248,0.15921845163778248,0.15921845163778248,0.15921845163778248,0.15921845163778248,0.15921845163778248,0.15921845163778248,0.15921845163778248,0.15921845163778248,0.15921845163778248,0.15921845163778248,0.15921845163778248,0.15921845163778248,0.15921845163778248,0.15921845163778248,0.15921845163778248,0.15776544641461396,0.15776544641461396,0.15776544641461396,0.15776544641461396,0.15776544641461396,0.15776544641461396,0.15776544641461376,0.15776544641461376,0.15776544641461376,0.15776544641461396,0.15776544641461396,0.15776544641461376,0.15776544641461376,0.15776544641461376,0.15776544641461396,0.15776544641461396,0.15776544641461376,0.15776544641461376,0.15776544641461376,0.15776544641461396,0.15776544641461396,0.15776544641461396,0.15776544641461396,0.15776544641461396,0.15776544641461396,0.15634146272896213,0.15634146272896193,0.15634146272896174,0.15634146272896193,0.15634146272896213,0.15634146272896193,0.15634146272896152,0.15634146272896132,0.15634146272896152,0.15634146272896193,0.15634146272896174,0.15634146272896132,0.1563414627289611,0.15634146272896132,0.15634146272896174,0.15634146272896193,0.15634146272896152,0.15634146272896132,0.15634146272896152,0.15634146272896193,0.15634146272896213,0.15634146272896193,0.15634146272896174,0.15634146272896193,0.15634146272896213,0.1549459147808785,0.1549459147808775,0.15494591478087685,0.1549459147808775,0.1549459147808785,0.1549459147808775,0.15494591478087646,0.15494591478087583,0.15494591478087646,0.1549459147808775,0.15494591478087685,0.15494591478087583,0.15494591478087522,0.15494591478087583,0.15494591478087685,0.1549459147808775,0.15494591478087646,0.15494591478087583,0.15494591478087646,0.1549459147808775,0.1549459147808785,0.1549459147808775,0.15494591478087685,0.1549459147808775,0.1549459147808785,0.15357822081109246,0.15357822081108943,0.1535782208110874,0.15357822081108943,0.15357822081109246,0.15357822081108943,0.1535782208110862,0.15357822081108422,0.1535782208110862,0.15357822081108943,0.1535782208110874,0.15357822081108422,0.1535782208110822,0.15357822081108422,0.1535782208110874,0.15357822081108943,0.1535782208110862,0.15357822081108422,0.1535782208110862,0.15357822081108943,0.15357822081109246,0.15357822081108943,0.1535782208110874,0.15357822081108943,0.15357822081109246,0.15223780396211517,0.1522378039621057,0.1522378039620998,0.1522378039621057,0.15223780396211517,0.1522378039621057,0.15223780396209566,0.15223780396208939,0.15223780396209566,0.1522378039621057,0.1522378039620998,0.15223780396208939,0.15223780396208286,0.15223780396208939,0.1522378039620998,0.1522378039621057,0.15223780396209566,0.15223780396208939,0.15223780396209566,0.1522378039621057,0.15223780396211517,0.1522378039621057,0.1522378039620998,0.1522378039621057,0.15223780396211517,0.1509240930395526,0.15092409303952364,0.15092409303950532,0.15092409303952364,0.1509240930395526,0.15092409303952364,0.15092409303949242,0.15092409303947232,0.15092409303949242,0.15092409303952364,0.15092409303950532,0.15092409303947232,0.15092409303945112,0.15092409303947232,0.15092409303950532,0.15092409303952364,0.15092409303949242,0.15092409303947232,0.15092409303949242,0.15092409303952364,0.1509240930395526,0.15092409303952364,0.15092409303950532,0.15092409303952364,0.1509240930395526,0.14963652318171147,0.14963652318162413,0.14963652318156853,0.14963652318162413,0.14963652318171147,0.14963652318162413,0.14963652318152712,0.14963652318146434,0.14963652318152712,0.14963652318162413,0.14963652318156853,0.14963652318146434,0.14963652318139703,0.14963652318146434,0.14963652318156853,0.14963652318162413,0.14963652318152712,0.14963652318146434,0.14963652318152712,0.14963652318162413,0.14963652318171147,0.14963652318162413,0.14963652318156853,0.14963652318162413,0.14963652318171147,0.14837453644508383,0.1483745364448236,0.14837453644465534,0.1483745364448236,0.14837453644508383,0.1483745364448236,0.14837453644452486,0.14837453644432694,0.14837453644452486,0.1483745364448236,0.14837453644465534,0.14837453644432694,0.14837453644410786,0.14837453644432694,0.14837453644465534,0.1483745364448236,0.14837453644452486,0.14837453644432694,0.14837453644452486,0.1483745364448236,0.14837453644508383,0.1483745364448236,0.14837453644465534,0.1483745364448236,0.14837453644508383,0.14713758231283824,0.14713758231207838,0.14713758231157265,0.14713758231207838,0.14713758231283824,0.14713758231207838,0.14713758231116317,0.14713758231052995,0.14713758231116317,0.14713758231207838,0.14713758231157265,0.14713758231052995,0.14713758230979312,0.14713758231052995,0.14713758231157265,0.14713758231207838,0.14713758231116317,0.14713758231052995,0.14713758231116317,0.14713758231207838,0.14713758231283824,0.14713758231207838,0.14713758231157265,0.14713758231207838,0.14713758231283824,0.14592511813309095,0.14592511813093567,0.145925118129436,0.14592511813093567,0.14592511813309095,0.14592511813093567,0.14592511812815787,0.14592511812609427,0.14592511812815787,0.14592511813093567,0.145925118129436,0.14592511812609427,0.14592511812348438,0.14592511812609427,0.145925118129436,0.14592511813093567,0.14592511812815787,0.14592511812609427,0.14592511812815787,0.14592511813093567,0.14592511813309095,0.14592511813093567,0.145925118129436,0.14592511813093567,0.14592511813309095,0.14473660949354075,0.14473660948770609,0.1447366094833575,0.14473660948770609,0.14473660949354075,0.14473660948770609,0.14473660947944322,0.14473660947256475,0.14473660947944322,0.14473660948770609,0.1447366094833575,0.14473660947256475,0.1447366094625826,0.14473660947256475,0.1447366094833575,0.14473660948770609,0.14473660947944322,0.14473660947256475,0.14473660947944322,0.14473660948770609,0.14473660949354075,0.14473660948770609,0.1447366094833575,0.14473660948770609,0.14473660949354075,0.14357153053913374,0.14357153052450786,0.14357153051242935,0.14357153052450786,0.14357153053913374,0.14357153052450786,0.1435715305009588,0.1435715304776284,0.1435715305009588,0.14357153052450786,0.14357153051242935,0.1435715304776284,0.1435715304353026,0.1435715304776284,0.14357153051242935,0.14357153052450786,0.1435715305009588,0.1435715304776284,0.1435715305009588,0.14357153052450786,0.14357153053913374,0.14357153052450786,0.14357153051242935,0.14357153052450786,0.14357153053913374,0.14242936423934757,0.14242936420727706,0.14242936417665192,0.14242936420727706,0.14242936423934757,0.14242936420727706,0.142429364146086,0.14242936406812493,0.142429364146086,0.14242936420727706,0.14242936417665192,0.14242936406812493,0.142429363865376,0.14242936406812493,0.14242936417665192,0.14242936420727706,0.142429364146086,0.14242936406812493,0.142429364146086,0.14242936420727706,0.14242936423934757,0.14242936420727706,0.14242936417665192,0.14242936420727706,0.14242936423934757,0.1413096026085241,0.14130960255421848,0.14130960249190025,0.14130960255421848,0.1413096026085241,0.14130960255421848,0.14130960242745877,0.14130960219925148,0.14130960242745877,0.14130960255421848,0.14130960249190025,0.14130960219925148,0.14130960109917698,0.14130960219925148,0.14130960249190025,0.14130960255421848,0.14130960242745877,0.14130960219925148,0.14130960242745877,0.14130960255421848,0.1413096026085241,0.14130960255421848,0.14130960249190025,0.14130960255421848,0.1413096026085241,0.1402117468670289,0.1402117468171908,0.14021174675706832,0.1402117468171908,0.1402117468670289,0.1402117468171908,0.1402117466943084,0.14021174645990991,0.1402117466943084,0.1402117468171908,0.14021174675706832,0.14021174645990991,0.14021174527939098,0.14021174645990991,0.14021174675706832,0.1402117468171908,0.1402117466943084,0.14021174645990991,0.1402117466943084,0.1402117468171908,0.1402117468670289,0.1402117468171908,0.14021174675706832,0.1402117468171908,0.1402117468670289,0.13913530750546482,0.13913530749470138,0.13913530748193792,0.13913530749470138,0.13913530750546482,0.13913530749470138,0.13913530746846284,0.13913530742541674,0.13913530746846284,0.13913530749470138,0.13913530748193792,0.13913530742541674,0.139135307285427,0.13913530742541674,0.13913530748193792,0.13913530749470138,0.13913530746846284,0.13913530742541674,0.13913530746846284,0.13913530749470138,0.13913530750546482,0.13913530749470138,0.13913530748193792,0.13913530749470138,0.13913530750546482,0.13807980436089407,0.13807980439660833,0.13807980443462323,0.13807980439660833,0.13807980436089407,0.13807980439660833,0.13807980447373708,0.13807980458695623,0.13807980447373708,0.13807980439660833,0.13807980443462323,0.13807980458695623,0.13807980492479313,0.13807980458695623,0.13807980443462323,0.13807980439660833,0.13807980447373708,0.13807980458695623,0.13807980447373708,0.13807980439660833,0.13807980436089407,0.13807980439660833,0.13807980443462323,0.13807980439660833,0.13807980436089407,0.13704476673298266,0.13704476680750324,0.13704476690016432,0.13704476680750324,0.13704476673298266,0.13704476680750324,0.13704476699678528,0.13704476738499166,0.13704476699678528,0.13704476680750324,0.13704476690016432,0.13704476738499166,0.1370447695592391,0.13704476738499166,0.13704476690016432,0.13704476680750324,0.13704476699678528,0.13704476738499166,0.13704476699678528,0.13704476680750324,0.13704476673298266,0.13704476680750324,0.13704476690016432,0.13704476680750324,0.13704476673298266,0.13602973344666647,0.13602973350026382,0.13602973355326572,0.13602973350026382,0.13602973344666647,0.13602973350026382,0.13602973360666593,0.13602973375033603,0.13602973360666593,0.13602973350026382,0.13602973355326572,0.13602973375033603,0.13602973415161126,0.13602973375033603,0.13602973355326572,0.13602973350026382,0.13602973360666593,0.13602973375033603,0.13602973360666593,0.13602973350026382,0.13602973344666647,0.13602973350026382,0.13602973355326572,0.13602973350026382,0.13602973344666647,0.13503425296539906,0.13503425299929595,0.13503425302741695,0.13503425299929595,0.13503425296539906,0.13503425299929595,0.13503425305419578,0.13503425310892103,0.13503425305419578,0.13503425299929595,0.13503425302741695,0.13503425310892103,0.1350342532088768,0.13503425310892103,0.13503425302741695,0.13503425299929595,0.13503425305419578,0.13503425310892103,0.13503425305419578,0.13503425299929595,0.13503425296539906,0.13503425299929595,0.13503425302741695,0.13503425299929595,0.13503425296539906
0.16533248766665765,0.16533248766665765,0.16533248766665765,0.16533248766665765,0.16533248766665765,0.16533248766665765,0.16533248766665765,0.16533248766665765,0.16533248766665765,0.16533248766665765,0.16533248766665765,0.16533248766665765,0.16533248766665765,0.16533248766665765,0.16533248766665765,0.16533248766665765,0.16533248766665765,0.16533248766665765,0.16533248766665765,0.16533248766665765,0.16533248766665765,0.16533248766665765,0.16533248766665765,0.16533248766665765,0.16533248766665765,0.16375749395022685,0.16375749395022685,0.16375749395022685,0.16375749395022685,0.16375749395022685,0.16375749395022685,0.16375749395022685,0.16375749395022685,0.16375749395022685,0.16375749395022685,0.16375749395022685,0.16375749395022685,0.16375749395022685,0.16375749395022685,0.16375749395022685,0.16375749395022685,0.16375749395022685,0.16375749395022685,0.16375749395022685,0.16375749395022685,0.16375749395022685,0.16375749395022685,0.16375749395022685,0.16375749395022685,0.16375749395022685,0.16221388416564908,0.16221388416564908,0.16221388416564908,0.16221388416564908,0.16221388416564908,0.16221388416564908,0.16221388416564908,0.16221388416564908,0.16221388416564908,0.16221388416564908,0.16221388416564908,0.16221388416564908,0.16221388416564908,0.16221388416564908,0.16221388416564908,0.16221388416564908,0.16221388416564908,0.16221388416564908,0.16221388416564908,0.16221388416564908,0.16221388416564908,0.16221388416564908,0.16221388416564908,0.16221388416564908,0.16221388416564908,0.16070106726996422,0.16070106726996422,0.16070106726996422,0.16070106726996422,0.16070106726996422,0.16070106726996422,0.16070106726996422,0.16070106726996422,0.16070106726996422,0.16070106726996422,0.16070106726996422,0.16070106726996422,0.16070106726996422,0.16070106726996422,0.16070106726996422,0.16070106726996422,0.16070106726996422,0.16070106726996422,0.16070106726996422,0.16070106726996422,0.16070106726996422,0.16070106726996422,0.16070106726996422,0.16070106726996422,0.16070106726996422,0.1592184516381504,0.1592184516381504,0.1592184516381504,0.1592184516381504,0.1592184516381504,0.1592184516381504,0.1592184516381504,0.1592184516381504,0.1592184516381504,0.1592184516381504,0.1592184516381504,0.1592184516381504,0.1592184516381504,0.1592184516381504,0.1592184516381504,0.1592184516381504,0.1592184516381504,0.1592184516381504,0.1592184516381504,0.1592184516381504,0.1592184516381504,0.1592184516381504,0.1592184516381504,0.1592184516381504,0.1592184516381504,0.15776544641497453,0.15776544641497453,0.15776544641497434,0.15776544641497453,0.15776544641497453,0.15776544641497453,0.15776544641497434,0.15776544641497434,0.15776544641497434,0.15776544641497453,0.15776544641497434,0.15776544641497434,0.15776544641497411,0.15776544641497434,0.15776544641497434,0.15776544641497453,0.15776544641497434,0.15776544641497434,0.15776544641497434,0.15776544641497453,0.15776544641497453,0.15776544641497453,0.15776544641497434,0.15776544641497453,0.15776544641497453,0.15634146272931554,0.15634146272931512,0.15634146272931493,0.15634146272931512,0.15634146272931554,0.15634146272931512,0.15634146272931493,0.1563414627293147,0.15634146272931493,0.15634146272931512,0.15634146272931493,0.1563414627293147,0.1563414627293145,0.1563414627293147,0.15634146272931493,0.15634146272931512,0.15634146272931493,0.1563414627293147,0.15634146272931493,0.15634146272931512,0.15634146272931554,0.15634146272931512,0.15634146272931493,0.15634146272931512,0.15634146272931554,0.15494591478122463,0.15494591478122383,0.15494591478122322,0.15494591478122383,0.15494591478122463,0.15494591478122383,0.1549459147812228,0.15494591478122216,0.1549459147812228,0.15494591478122383,0.15494591478122322,0.15494591478122216,0.15494591478122136,0.15494591478122216,0.15494591478122322,0.15494591478122383,0.1549459147812228,0.15494591478122216,0.1549459147812228,0.15494591478122383,0.15494591478122463,0.15494591478122383,0.15494591478122322,0.15494591478122383,0.15494591478122463,0.1535782208114317,0.15357822081142866,0.15357822081142666,0.15357822081142866,0.1535782208114317,0.15357822081142866,0.15357822081142547,0.15357822081142344,0.15357822081142547,0.15357822081142866,0.15357822081142666,0.15357822081142344,0.15357822081142145,0.15357822081142344,0.15357822081142666,0.15357822081142866,0.15357822081142547,0.15357822081142344,0.15357822081142547,0.15357822081142866,0.1535782208114317,0.15357822081142866,0.15357822081142666,0.15357822081142866,0.1535782208114317,0.1522378039624476,0.15223780396243816,0.15223780396243206,0.15223780396243816,0.1522378039624476,0.15223780396243816,0.15223780396242814,0.1522378039624218,0.15223780396242814,0.15223780396243816,0.15223780396243206,0.1522378039624218,0.15223780396241512,0.1522378039624218,0.15223780396243206,0.15223780396243816,0.15223780396242814,0.1522378039624218,0.15223780396242814,0.15223780396243816,0.1522378039624476,0.15223780396243816,0.15223780396243206,0.15223780396243816,0.1522378039624476,0.15092409303987825,0.1509240930398493,0.15092409303983118,0.1509240930398493,0.15092409303987825,0.1509240930398493,0.15092409303981824,0.15092409303979817,0.15092409303981824,0.1509240930398493,0.15092409303983118,0.15092409303979817,0.15092409303977694,0.15092409303979817,0.15092409303983118,0.1509240930398493,0.15092409303981824,0.15092409303979817,0.15092409303981824,0.1509240930398493,0.15092409303987825,0.1509240930398493,0.15092409303983118,0.1509240930398493,0.15092409303987825,0.14963652318203063,0.1496365231819433,0.1496365231818877,0.1496365231819433,0.14963652318203063,0.1496365231819433,0.14963652318184628,0.1496365231817837,0.14963652318184628,0.1496365231819433,0.1496365231818877,0.1496365231817837,0.14963652318171639,0.1496365231817837,0.1496365231818877,0.1496365231819433,0.14963652318184628,0.1496365231817837,0.14963652318184628,0.1496365231819433,0.14963652318203063,0.1496365231819433,0.1496365231818877,0.1496365231819433,0.14963652318203063,0.14837453644539608,0.14837453644513626,0.14837453644496798,0.14837453644513626,0.14837453644539608,0.14837453644513626,0.1483745364448379,0.14837453644464013,0.1483745364448379,0.14837453644513626,0.14837453644496798,0.14837453644464013,0.14837453644442125,0.14837453644464013,0.14837453644496798,0.14837453644513626,0.1483745364448379,0.14837453644464013,0.1483745364448379,0.14837453644513626,0.14837453644539608,0.14837453644513626,0.14837453644496798,0.14837453644513626,0.14837453644539608,0.14713758231314344,0.14713758231238447,0.14713758231187926,0.14713758231238447,0.14713758231314344,0.14713758231238447,0.14713758231147017,0.14713758231083765,0.14713758231147017,0.14713758231238447,0.14713758231187926,0.14713758231083765,0.14713758231010157,0.14713758231083765,0.14713758231187926,0.14713758231238447,0.14713758231147017,0.14713758231083765,0.14713758231147017,0.14713758231238447,0.14713758231314344,0.14713758231238447,0.14713758231187926,0.14713758231238447,0.14713758231314344,0.14592511813338743,0.14592511813123446,0.1459251181297364,0.14592511813123446,0.14592511813338743,0.14592511813123446,0.14592511812845968,0.14592511812639822,0.14592511812845968,0.14592511813123446,0.1459251181297364,0.14592511812639822,0.14592511812379103,0.14592511812639822,0.1459251181297364,0.14592511813123446,0.14592511812845968,0.14592511812639822,0.14592511812845968,0.14592511813123446,0.14592511813338743,0.14592511813123446,0.1459251181297364,0.14592511813123446,0.14592511813338743,0.14473660949382405,0.14473660948799547,0.14473660948365147,0.14473660948799547,0.14473660949382405,0.14473660948799547,0.1447366094797412,0.14473660947287004,0.1447366094797412,0.14473660948799547,0.14473660948365147,0.14473660947287004,0.14473660946289818,0.14473660947287004,0.14473660948365147,0.14473660948799547,0.1447366094797412,0.14473660947287004,0.1447366094797412,0.14473660948799547,0.14473660949382405,0.14473660948799547,0.14473660948365147,0.14473660948799547,0.14473660949382405,0.14357153053939126,0.14357153052478078,0.14357153051271476,0.14357153052478078,0.14357153053939126,0.14357153052478078,0.14357153050125637,0.14357153047795027,0.14357153050125637,0.14357153052478078,0.14357153051271476,0.14357153047795027,0.1435715304356681,0.14357153047795027,0.14357153051271476,0.14357153052478078,0.14357153050125637,0.14357153047795027,0.14357153050125637,0.14357153052478078,0.14357153053939126,0.14357153052478078,0.14357153051271476,0.14357153052478078,0.14357153053939126,0.14242936423954702,0.1424293642075106,0.14242936417691762,0.1424293642075106,0.14242936423954702,0.1424293642075106,0.14242936414638394,0.1424293640685042,0.14242936414638394,0.1424293642075106,0.14242936417691762,0.1424293640685042,0.14242936386596397,0.1424293640685042,0.14242936417691762,0.1424293642075106,0.14242936414638394,0.1424293640685042,0.14242936414638394,0.1424293642075106,0.14242936423954702,0.1424293642075106,0.14242936417691762,0.1424293642075106,0.14242936423954702,0.14130960260859415,0.14130960255434727,0.14130960249209581,0.14130960255434727,0.14130960260859415,0.14130960255434727,0.14130960242772322,0.14130960219975572,0.14130960242772322,0.14130960255434727,0.14130960249209581,0.14130960219975572,0.1413096011008218,0.14130960219975572,0.14130960249209581,0.14130960255434727,0.14130960242772322,0.14130960219975572,0.14130960242772322,0.14130960255434727,0.14130960260859415,0.14130960255434727,0.14130960249209581,0.14130960255434727,0.14130960260859415,0.14021174686684718,0.14021174681706552,0.14021174675701187,0.14021174681706552,0.14021174686684718,0.14021174681706552,0.14021174669432354,0.14021174646019693,0.14021174669432354,0.14021174681706552,0.14021174675701187,0.14021174646019693,0.1402117452810796,0.14021174646019693,0.14021174675701187,0.14021174681706552,0.14021174669432354,0.14021174646019693,0.14021174669432354,0.14021174681706552,0.14021174686684718,0.14021174681706552,0.14021174675701187,0.14021174681706552,0.14021174686684718,0.1391353075049113,0.1391353074941611,0.1391353074814133,0.1391353074941611,0.1391353075049113,0.1391353074941611,0.13913530746795483,0.13913530742496122,0.13913530746795483,0.1391353074941611,0.1391353074814133,0.13913530742496122,0.13913530728514129,0.13913530742496122,0.1391353074814133,0.1391353074941611,0.13913530746795483,0.13913530742496122,0.13913530746795483,0.1391353074941611,0.1391353075049113,0.1391353074941611,0.1391353074814133,0.1391353074941611,0.1391353075049113,0.13807980435993655,0.13807980439561204,0.13807980443358572,0.13807980439561204,0.13807980435993655,0.13807980439561204,0.13807980447265708,0.13807980458575278,0.13807980447265708,0.13807980439561204,0.13807980443358572,0.13807980458575278,0.13807980492321978,0.13807980458575278,0.13807980443358572,0.13807980439561204,0.13807980447265708,0.13807980458575278,0.13807980447265708,0.13807980439561204,0.13807980435993655,0.13807980439561204,0.13807980443358572,0.13807980439561204,0.13807980435993655,0.13704476673169513,0.1370447668061338,0.13704476689869285,0.1370447668061338,0.13704476673169513,0.1370447668061338,0.13704476699520743,0.13704476738298596,0.13704476699520743,0.1370447668061338,0.13704476689869285,0.13704476738298596,0.13704476955482905,0.13704476738298596,0.13704476689869285,0.1370447668061338,0.13704476699520743,0.13704476738298596,0.13704476699520743,0.1370447668061338,0.13704476673169513,0.1370447668061338,0.13704476689869285,0.1370447668061338,0.13704476673169513,0.1360297334452133,0.13602973349875158,0.1360297335516952,0.13602973349875158,0.1360297334452133,0.13602973349875158,0.13602973360503648,0.1360297337485482,0.13602973360503648,0.13602973349875158,0.1360297335516952,0.1360297337485482,0.13602973414938094,0.1360297337485482,0.1360297335516952,0.13602973349875158,0.13602973360503648,0.1360297337485482,0.13602973360503648,0.13602973349875158,0.1360297334452133,0.13602973349875158,0.1360297335516952,0.13602973349875158,0.1360297334452133,0.13503425296389912,0.13503425299775867,0.13503425302584868,0.13503425299775867,0.13503425296389912,0.13503425299775867,0.13503425305259797,0.1350342531072628,0.13503425305259797,0.13503425299775867,0.13503425302584868,0.1350342531072628,0.13503425320710832,0.1350342531072628,0.13503425302584868,0.13503425299775867,0.13503425305259797,0.1350342531072628,0.13503425305259797,0.13503425299775867,0.13503425296389912,0.13503425299775867,0.13503425302584868,0.13503425299775867,0.13503425296389912
0.16533248766705577,0.16533248766705577,0.16533248766705577,0.16533248766705577,0.16533248766705577,0.16533248766705577,0.16533248766705577,0.16533248766705577,0.16533248766705577,0.16533248766705577,0.16533248766705577,0.16533248766705577,0.16533248766705577,0.16533248766705577,0.16533248766705577,0.16533248766705577,0.16533248766705577,0.16533248766705577,0.16533248766705577,0.16533248766705577,0.16533248766705577,0.16533248766705577,0.16533248766705577,0.16533248766705577,0.16533248766705577,0.16375749395061728,0.16375749395061728,0.16375749395061728,0.16375749395061728,0.16375749395061728,0.16375749395061728,0.16375749395061728,0.16375749395061728,0.16375749395061728,0.16375749395061728,0.16375749395061728,0.16375749395061728,0.16375749395061728,0.16375749395061728,0.16375749395061728,0.16375749395061728,0.16375749395061728,0.16375749395061728,0.16375749395061728,0.16375749395061728,0.16375749395061728,0.16375749395061728,0.16375749395061728,0.16375749395061728,0.16375749395061728,0.1622138841660315,0.1622138841660315,0.1622138841660315,0.1622138841660315,0.1622138841660315,0.1622138841660315,0.1622138841660315,0.1622138841660315,0.1622138841660315,0.1622138841660315,0.1622138841660315,0.1622138841660315,0.1622138841660315,0.1622138841660315,0.1622138841660315,0.1622138841660315,0.1622138841660315,0.1622138841660315,0.1622138841660315,0.1622138841660315,0.1622138841660315,0.1622138841660315,0.1622138841660315,0.1622138841660315,0.1622138841660315,0.16070106727033898,0.16070106727033898,0.16070106727033898,0.16070106727033898,0.16070106727033898,0.16070106727033898,0.16070106727033898,0.16070106727033898,0.16070106727033898,0.16070106727033898,0.16070106727033898,0.16070106727033898,0.16070106727033898,0.16070106727033898,0.16070106727033898,0.16070106727033898,0.16070106727033898,0.16070106727033898,0.16070106727033898,0.16070106727033898,0.16070106727033898,0.16070106727033898,0.16070106727033898,0.16070106727033898,0.16070106727033898,0.15921845163851772,0.15921845163851772,0.15921845163851772,0.15921845163851772,0.15921845163851772,0.15921845163851772,0.15921845163851772,0.15921845163851772,0.15921845163851772,0.15921845163851772,0.15921845163851772,0.15921845163851772,0.15921845163851772,0.15921845163851772,0.15921845163851772,0.15921845163851772,0.15921845163851772,0.15921845163851772,0.15921845163851772,0.15921845163851772,0.15921845163851772,0.15921845163851772,0.15921845163851772,0.15921845163851772,0.15921845163851772,0.1577654464153345,0.1577654464153343,0.1577654464153343,0.1577654464153343,0.1577654464153345,0.1577654464153343,0.1577654464153343,0.1577654464153343,0.1577654464153343,0.1577654464153343,0.1577654464153343,0.1577654464153343,0.15776544641533408,0.1577654464153343,0.1577654464153343,0.1577654464153343,0.1577654464153343,0.1577654464153343,0.1577654464153343,0.1577654464153343,0.1577654464153345,0.1577654464153343,0.1577654464153343,0.1577654464153343,0.1577654464153345,0.1563414627296681,0.1563414627296679,0.15634146272966767,0.1563414627296679,0.1563414627296681,0.1563414627296679,0.15634146272966745,0.15634146272966726,0.15634146272966745,0.1563414627296679,0.15634146272966767,0.15634146272966726,0.15634146272966704,0.15634146272966726,0.15634146272966767,0.1563414627296679,0.15634146272966745,0.15634146272966726,0.15634146272966745,0.1563414627296679,0.1563414627296681,0.1563414627296679,0.15634146272966767,0.1563414627296679,0.1563414627296681,0.15494591478157035,0.15494591478156935,0.15494591478156872,0.15494591478156935,0.15494591478157035,0.15494591478156935,0.1549459147815683,0.1549459147815677,0.1549459147815683,0.15494591478156935,0.15494591478156872,0.1549459147815677,0.15494591478156705,0.1549459147815677,0.15494591478156872,0.15494591478156935,0.1549459147815683,0.1549459147815677,0.1549459147815683,0.15494591478156935,0.15494591478157035,0.15494591478156935,0.15494591478156872,0.15494591478156935,0.15494591478157035,0.15357822081177028,0.15357822081176728,0.15357822081176528,0.15357822081176728,0.15357822081177028,0.15357822081176728,0.1535782208117641,0.1535782208117621,0.1535782208117641,0.15357822081176728,0.15357822081176528,0.1535782208117621,0.15357822081176006,0.1535782208117621,0.15357822081176528,0.15357822081176728,0.1535782208117641,0.1535782208117621,0.1535782208117641,0.15357822081176728,0.15357822081177028,0.15357822081176728,0.15357822081176528,0.15357822081176728,0.15357822081177028,0.1522378039627793,0.15223780396276984,0.15223780396276393,0.15223780396276984,0.1522378039627793,0.15223780396276984,0.15223780396276,0.1522378039627537,0.15223780396276,0.15223780396276984,0.15223780396276393,0.1522378039627537,0.15223780396274703,0.1522378039627537,0.15223780396276393,0.15223780396276984,0.15223780396276,0.1522378039627537,0.15223780396276,0.15223780396276984,0.1522378039627793,0.15223780396276984,0.15223780396276393,0.15223780396276984,0.1522378039627793,0.15092409304020332,0.15092409304017437,0.15092409304015625,0.15092409304017437,0.15092409304020332,0.15092409304017437,0.1509240930401433,0.15092409304012325,0.1509240930401433,0.15092409304017437,0.15092409304015625,0.15092409304012325,0.1509240930401022,0.15092409304012325,0.15092409304015625,0.15092409304017437,0.1509240930401433,0.15092409304012325,0.1509240930401433,0.15092409304017437,0.15092409304020332,0.15092409304017437,0.15092409304015625,0.15092409304017437,0.15092409304020332,0.14963652318234905,0.14963652318226187,0.1496365231822063,0.14963652318226187,0.14963652318234905,0.14963652318226187,0.14963652318216508,0.14963652318210233,0.14963652318216508,0.14963652318226187,0.1496365231822063,0.14963652318210233,0.14963652318203519,0.14963652318210233,0.1496365231822063,0.14963652318226187,0.14963652318216508,0.14963652318210233,0.14963652318216508,0.1496365231822617,0.14963652318234905,0.14963652318226187,0.1496365231822063,0.1496365231822617,0.14963652318234905,0.14837453644570783,0.14837453644544835,0.14837453644528026,0.14837453644544835,0.14837453644570783,0.14837453644544835,0.14837453644515017,0.1483745364449526,0.14837453644515017,0.14837453644544835,0.14837453644528026,0.1483745364449526,0.1483745364447339,0.1483745364449526,0.14837453644528026,0.14837453644544835,0.14837453644515017,0.1483745364449526,0.14837453644515017,0.14837453644544835,0.14837453644570783,0.14837453644544835,0.14837453644528026,0.14837453644544835,0.14837453644570783,0.1471375823134481,0.14713758231268984,0.14713758231218518,0.14713758231268984,0.1471375823134481,0.14713758231268984,0.14713758231177648,0.14713758231114465,0.14713758231177648,0.14713758231268984,0.14713758231218518,0.14713758231114465,0.1471375823104095,0.14713758231114465,0.14713758231218518,0.14713758231268984,0.14713758231177648,0.14713758231114465,0.14713758231177648,0.14713758231268984,0.1471375823134481,0.14713758231268984,0.14713758231218518,0.14713758231268984,0.1471375823134481,0.14592511813368356,0.14592511813153272,0.14592511813003628,0.14592511813153272,0.14592511813368356,0.14592511813153272,0.1459251181287608,0.14592511812670148,0.1459251181287608,0.14592511813153272,0.14592511813003628,0.14592511812670148,0.14592511812409692,0.14592511812670148,0.14592511813003628,0.14592511813153272,0.1459251181287608,0.14592511812670148,0.1459251181287608,0.14592511813153272,0.14592511813368356,0.14592511813153272,0.14592511813003628,0.14592511813153272,0.14592511813368356,0.14473660949410683,0.14473660948828437,0.1447366094839449,0.14473660948828437,0.14473660949410683,0.14473660948828437,0.1447366094800388,0.14473660947317482,0.1447366094800388,0.14473660948828437,0.1447366094839449,0.14473660947317482,0.14473660946321323,0.14473660947317482,0.1447366094839449,0.14473660948828437,0.1447366094800388,0.14473660947317482,0.1447366094800388,0.14473660948828437,0.14473660949410683,0.14473660948828437,0.1447366094839449,0.14473660948828437,0.14473660949410683,0.1435715305396481,0.14357153052505303,0.1435715305129998,0.14357153052505303,0.1435715305396481,0.14357153052505303,0.1435715305015534,0.14357153047827145,0.1435715305015534,0.14357153052505303,0.1435715305129998,0.14357153047827145,0.14357153043603307,0.14357153047827145,0.1435715305129998,0.14357153052505303,0.1435715305015534,0.14357153047827145,0.1435715305015534,0.14357153052505303,0.1435715305396481,0.14357153052505303,0.1435715305129998,0.14357153052505303,0.1435715305396481,0.14242936423974598,0.1424293642077436,0.14242936417718302,0.1424293642077436,0.14242936423974598,0.1424293642077436,0.1424293641466815,0.142429364068883,0.1424293641466815,0.1424293642077436,0.14242936417718302,0.142429364068883,0.1424293638665511,0.142429364068883,0.14242936417718302,0.1424293642077436,0.1424293641466815,0.142429364068883,0.1424293641466815,0.1424293642077436,0.14242936423974598,0.1424293642077436,0.14242936417718302,0.1424293642077436,0.14242936423974598,0.1413096026086644,0.14130960255447603,0.14130960249229102,0.14130960255447603,0.1413096026086644,0.14130960255447603,0.1413096024279872,0.14130960220025882,0.1413096024279872,0.14130960255447603,0.14130960249229102,0.14130960220025882,0.14130960110243604,0.14130960220025882,0.14130960249229102,0.14130960255447603,0.1413096024279872,0.14130960220025882,0.1413096024279872,0.14130960255447603,0.1413096026086644,0.14130960255447603,0.14130960249229102,0.14130960255447603,0.1413096026086644,0.14021174686666593,0.14021174681694057,0.14021174675695544,0.14021174681694057,0.14021174686666593,0.14021174681694057,0.1402117466943387,0.14021174646048318,0.1402117466943387,0.14021174681694057,0.14021174675695544,0.14021174646048318,0.14021174528274394,0.14021174646048318,0.14021174675695544,0.14021174681694057,0.1402117466943387,0.14021174646048318,0.1402117466943387,0.14021174681694057,0.14021174686666593,0.14021174681694057,0.14021174675695544,0.14021174681694057,0.14021174686666593,0.13913530750435885,0.1391353074936219,0.1391353074808898,0.1391353074936219,0.13913530750435885,0.1391353074936219,0.13913530746744776,0.13913530742450647,0.13913530746744776,0.1391353074936219,0.1391353074808898,0.13913530742450647,0.13913530728485624,0.13913530742450647,0.1391353074808898,0.1391353074936219,0.13913530746744776,0.13913530742450647,0.13913530746744776,0.1391353074936219,0.13913530750435885,0.1391353074936219,0.1391353074808898,0.1391353074936219,0.13913530750435885,0.1380798043589807,0.1380798043946176,0.13807980443255002,0.1380798043946176,0.1380798043589807,0.1380798043946176,0.13807980447157905,0.13807980458455152,0.13807980447157905,0.1380798043946176,0.13807980443255002,0.13807980458455152,0.1380798049216495,0.13807980458455152,0.13807980443255002,0.1380798043946176,0.13807980447157905,0.13807980458455152,0.13807980447157905,0.1380798043946176,0.1380798043589807,0.1380798043946176,0.13807980443255002,0.1380798043946176,0.1380798043589807,0.1370447667304101,0.1370447668047671,0.13704476689722433,0.1370447668047671,0.1370447667304101,0.1370447668047671,0.13704476699363277,0.13704476738098406,0.13704476699363277,0.1370447668047671,0.13704476689722433,0.13704476738098406,0.13704476955043066,0.13704476738098406,0.13704476689722433,0.1370447668047671,0.13704476699363277,0.13704476738098406,0.13704476699363277,0.1370447668047671,0.1370447667304101,0.1370447668047671,0.13704476689722433,0.1370447668047671,0.1370447667304101,0.1360297334437631,0.13602973349724248,0.13602973355012782,0.13602973349724248,0.1360297334437631,0.13602973349724248,0.13602973360341036,0.13602973374676386,0.13602973360341036,0.13602973349724248,0.13602973355012782,0.13602973374676386,0.13602973414715477,0.13602973374676386,0.13602973355012782,0.13602973349724248,0.13602973360341036,0.13602973374676386,0.13602973360341036,0.13602973349724248,0.1360297334437631,0.13602973349724248,0.13602973355012782,0.13602973349724248,0.1360297334437631,0.13503425296240218,0.13503425299622449,0.13503425302428348,0.13503425299622449,0.13503425296240218,0.13503425299622449,0.13503425305100342,0.13503425310560796,0.13503425305100342,0.13503425299622449,0.13503425302428348,0.13503425310560796,0.1350342532053435,0.13503425310560796,0.13503425302428348,0.13503425299622449,0.13503425305100342,0.13503425310560796,0.13503425305100342,0.13503425299622449,0.13503425296240218,0.13503425299622449,0.13503425302428348,0.13503425299622449,0.13503425296240218
0.16533248766745318,0.16533248766745318,0.16533248766745318,0.16533248766745318,0.16533248766745318,0.16533248766745318,0.16533248766745318,0.16533248766745318,0.16533248766745318,0.16533248766745318,0.16533248766745318,0.16533248766745318,0.16533248766745318,0.16533248766745318,0.16533248766745318,0.16533248766745318,0.16533248766745318,0.16533248766745318,0.16533248766745318,0.16533248766745318,0.16533248766745318,0.16533248766745318,0.16533248766745318,0.16533248766745318,0.16533248766745318,0.16375749395100653,0.16375749395100653,0.16375749395100653,0.16375749395100653,0.16375749395100653,0.16375749395100653,0.16375749395100653,0.16375749395100653,0.16375749395100653,0.16375749395100653,0.16375749395100653,0.16375749395100653,0.16375749395100653,0.16375749395100653,0.16375749395100653,0.16375749395100653,0.16375749395100653,0.16375749395100653,0.16375749395100653,0.16375749395100653,0.16375749395100653,0.16375749395100653,0.16375749395100653,0.16375749395100653,0.16375749395100653,0.1622138841664132,0.1622138841664132,0.1622138841664132,0.1622138841664132,0.1622138841664132,0.1622138841664132,0.1622138841664132,0.1622138841664132,0.1622138841664132,0.1622138841664132,0.1622138841664132,0.1622138841664132,0.1622138841664132,0.1622138841664132,0.1622138841664132,0.1622138841664132,0.1622138841664132,0.1622138841664132,0.1622138841664132,0.1622138841664132,0.1622138841664132,0.1622138841664132,0.1622138841664132,0.1622138841664132,0.1622138841664132,0.16070106727071307,0.16070106727071307,0.16070106727071307,0.16070106727071307,0.16070106727071307,0.16070106727071307,0.16070106727071307,0.16070106727071307,0.16070106727071307,0.16070106727071307,0.16070106727071307,0.16070106727071307,0.16070106727071307,0.16070106727071307,0.16070106727071307,0.16070106727071307,0.16070106727071307,0.16070106727071307,0.16070106727071307,0.16070106727071307,0.16070106727071307,0.16070106727071307,0.16070106727071307,0.16070106727071307,0.16070106727071307,0.15921845163888412,0.15921845163888412,0.15921845163888412,0.15921845163888412,0.15921845163888412,0.15921845163888412,0.15921845163888412,0.15921845163888412,0.15921845163888412,0.15921845163888412,0.15921845163888412,0.15921845163888412,0.15921845163888412,0.15921845163888412,0.15921845163888412,0.15921845163888412,0.15921845163888412,0.15921845163888412,0.15921845163888412,0.15921845163888412,0.15921845163888412,0.15921845163888412,0.15921845163888412,0.15921845163888412,0.15921845163888412,0.1577654464156936,0.1577654464156936,0.15776544641569337,0.1577654464156936,0.1577654464156936,0.1577654464156936,0.15776544641569337,0.15776544641569337,0.15776544641569337,0.1577654464156936,0.15776544641569337,0.15776544641569337,0.15776544641569337,0.15776544641569337,0.15776544641569337,0.1577654464156936,0.15776544641569337,0.15776544641569337,0.15776544641569337,0.1577654464156936,0.1577654464156936,0.1577654464156936,0.15776544641569337,0.1577654464156936,0.1577654464156936,0.15634146273002003,0.15634146273001978,0.15634146273001961,0.15634146273001978,0.15634146273002003,0.15634146273001978,0.15634146273001936,0.1563414627300192,0.15634146273001936,0.15634146273001978,0.15634146273001961,0.1563414627300192,0.15634146273001898,0.1563414627300192,0.15634146273001961,0.15634146273001978,0.15634146273001936,0.1563414627300192,0.15634146273001936,0.15634146273001978,0.15634146273002003,0.15634146273001978,0.15634146273001961,0.15634146273001978,0.15634146273002003,0.15494591478191524,0.15494591478191422,0.1549459147819136,0.15494591478191422,0.15494591478191524,0.15494591478191422,0.1549459147819132,0.15494591478191258,0.1549459147819132,0.15494591478191422,0.1549459147819136,0.15494591478191258,0.15494591478191197,0.15494591478191258,0.1549459147819136,0.15494591478191422,0.1549459147819132,0.15494591478191258,0.1549459147819132,0.15494591478191422,0.15494591478191524,0.15494591478191422,0.1549459147819136,0.15494591478191422,0.15494591478191524,0.1535782208121083,0.15357822081210512,0.1535782208121033,0.15357822081210512,0.1535782208121083,0.15357822081210512,0.15357822081210187,0.1535782208121001,0.15357822081210187,0.15357822081210512,0.1535782208121033,0.1535782208121001,0.15357822081209788,0.1535782208121001,0.1535782208121033,0.15357822081210512,0.15357822081210187,0.1535782208121001,0.15357822081210187,0.15357822081210512,0.1535782208121083,0.15357822081210512,0.1535782208121033,0.15357822081210512,0.1535782208121083,0.15223780396311057,0.15223780396310113,0.15223780396309522,0.15223780396310113,0.15223780396311057,0.15223780396310113,0.15223780396309108,0.15223780396308478,0.15223780396309108,0.15223780396310113,0.15223780396309522,0.15223780396308478,0.1522378039630783,0.15223780396308478,0.15223780396309522,0.15223780396310113,0.15223780396309108,0.15223780396308478,0.15223780396309108,0.15223780396310113,0.15223780396311057,0.15223780396310113,0.15223780396309522,0.15223780396310113,0.15223780396311057,0.1509240930405278,0.15092409304049886,0.15092409304048074,0.15092409304049886,0.1509240930405278,0.15092409304049886,0.15092409304046778,0.15092409304044774,0.15092409304046778,0.15092409304049886,0.15092409304048074,0.15092409304044774,0.1509240930404267,0.15092409304044774,0.15092409304048074,0.15092409304049886,0.15092409304046778,0.15092409304044774,0.15092409304046778,0.15092409304049886,0.1509240930405278,0.15092409304049886,0.15092409304048074,0.15092409304049886,0.1509240930405278,0.1496365231826669,0.14963652318257972,0.14963652318252435,0.14963652318257972,0.1496365231826669,0.14963652318257972,0.1496365231824831,0.14963652318242054,0.1496365231824831,0.14963652318257972,0.14963652318252435,0.14963652318242054,0.1496365231823534,0.14963652318242054,0.14963652318252435,0.14963652318257972,0.1496365231824831,0.14963652318242054,0.1496365231824831,0.14963652318257972,0.1496365231826669,0.14963652318257972,0.14963652318252435,0.14963652318257972,0.1496365231826669,0.14837453644601897,0.1483745364457597,0.1483745364455918,0.1483745364457597,0.14837453644601897,0.1483745364457597,0.1483745364454619,0.1483745364452645,0.1483745364454619,0.1483745364457597,0.1483745364455918,0.1483745364452645,0.1483745364450462,0.1483745364452645,0.1483745364455918,0.1483745364457597,0.1483745364454619,0.1483745364452645,0.1483745364454619,0.1483745364457597,0.14837453644601897,0.1483745364457597,0.1483745364455918,0.1483745364457597,0.14837453644601897,0.14713758231375218,0.14713758231299465,0.14713758231249058,0.14713758231299465,0.14713758231375218,0.14713758231299465,0.14713758231208238,0.14713758231145113,0.14713758231208238,0.14713758231299465,0.14713758231249058,0.14713758231145113,0.14713758231071666,0.14713758231145113,0.14713758231249058,0.14713758231299465,0.14713758231208238,0.14713758231145113,0.14713758231208238,0.14713758231299465,0.14713758231375218,0.14713758231299465,0.14713758231249058,0.14713758231299465,0.14713758231375218,0.14592511813397896,0.14592511813183043,0.1459251181303356,0.14592511813183043,0.14592511813397896,0.14592511813183043,0.14592511812906137,0.14592511812700418,0.14592511812906137,0.14592511813183043,0.1459251181303356,0.14592511812700418,0.14592511812440231,0.14592511812700418,0.1459251181303356,0.14592511813183043,0.14592511812906137,0.14592511812700418,0.14592511812906137,0.14592511813183043,0.14592511813397896,0.14592511813183043,0.1459251181303356,0.14592511813183043,0.14592511813397896,0.14473660949438888,0.14473660948857273,0.14473660948423778,0.14473660948857273,0.14473660949438888,0.14473660948857273,0.1447366094803357,0.14473660947347886,0.1447366094803357,0.14473660948857273,0.14473660948423778,0.14473660947347886,0.1447366094635276,0.14473660947347886,0.14473660948423778,0.14473660948857273,0.1447366094803357,0.14473660947347886,0.1447366094803357,0.14473660948857273,0.14473660949438888,0.14473660948857273,0.14473660948423778,0.14473660948857273,0.14473660949438888,0.14357153053990443,0.14357153052532493,0.14357153051328422,0.14357153052532493,0.14357153053990443,0.14357153052532493,0.1435715305018498,0.1435715304785921,0.1435715305018498,0.14357153052532493,0.14357153051328422,0.1435715304785921,0.1435715304363974,0.1435715304785921,0.14357153051328422,0.14357153052532493,0.1435715305018498,0.1435715304785921,0.1435715305018498,0.14357153052532493,0.14357153053990443,0.14357153052532493,0.14357153051328422,0.14357153052532493,0.14357153053990443,0.1424293642399446,0.1424293642079761,0.14242936417744792,0.1424293642079761,0.1424293642399446,0.1424293642079761,0.14242936414697827,0.14242936406926093,0.14242936414697827,0.1424293642079761,0.14242936417744792,0.14242936406926093,0.14242936386713706,0.14242936406926093,0.14242936417744792,0.1424293642079761,0.14242936414697827,0.14242936406926093,0.14242936414697827,0.1424293642079761,0.1424293642399446,0.1424293642079761,0.14242936417744792,0.1424293642079761,0.1424293642399446,0.14130960260873426,0.1413096025546043,0.14130960249248575,0.1413096025546043,0.14130960260873426,0.1413096025546043,0.1413096024282505,0.14130960220076108,0.1413096024282505,0.1413096025546043,0.14130960249248575,0.14130960220076108,0.14130960110406376,0.14130960220076108,0.14130960249248575,0.1413096025546043,0.1413096024282505,0.14130960220076108,0.1413096024282505,0.1413096025546043,0.14130960260873426,0.1413096025546043,0.14130960249248575,0.1413096025546043,0.14130960260873426,0.14021174686648483,0.14021174681681575,0.14021174675689901,0.14021174681681575,0.14021174686648483,0.14021174681681575,0.14021174669435368,0.14021174646076856,0.14021174669435368,0.14021174681681575,0.14021174675689901,0.14021174646076856,0.14021174528442173,0.14021174646076856,0.14021174675689901,0.14021174681681575,0.14021174669435368,0.14021174646076856,0.14021174669435368,0.14021174681681575,0.14021174686648483,0.14021174681681575,0.14021174675689901,0.14021174681681575,0.14021174686648483,0.13913530750380748,0.1391353074930837,0.13913530748036707,0.1391353074930837,0.13913530750380748,0.1391353074930837,0.1391353074669415,0.13913530742405236,0.1391353074669415,0.1391353074930837,0.13913530748036707,0.13913530742405236,0.1391353072845713,0.13913530742405236,0.13913530748036707,0.1391353074930837,0.1391353074669415,0.13913530742405236,0.1391353074669415,0.1391353074930837,0.13913530750380748,0.1391353074930837,0.13913530748036707,0.1391353074930837,0.13913530750380748,0.13807980435802675,0.13807980439362502,0.13807980443151638,0.13807980439362502,0.13807980435802675,0.13807980439362502,0.13807980447050308,0.1380798045833526,0.13807980447050308,0.13807980439362502,0.13807980443151638,0.1380798045833526,0.1380798049200822,0.1380798045833526,0.13807980443151638,0.13807980439362502,0.13807980447050308,0.1380798045833526,0.13807980447050308,0.13807980439362502,0.13807980435802675,0.13807980439362502,0.13807980443151638,0.13807980439362502,0.13807980435802675,0.1370447667291275,0.13704476680340286,0.1370447668957585,0.13704476680340286,0.1370447667291275,0.13704476680340286,0.13704476699206097,0.13704476737898608,0.13704476699206097,0.13704476680340286,0.1370447668957585,0.13704476737898608,0.13704476954603945,0.13704476737898608,0.1370447668957585,0.13704476680340286,0.13704476699206097,0.13704476737898608,0.13704476699206097,0.13704476680340286,0.1370447667291275,0.13704476680340286,0.1370447668957585,0.13704476680340286,0.1370447667291275,0.13602973344231542,0.13602973349573605,0.13602973354856324,0.13602973349573605,0.13602973344231542,0.13602973349573605,0.1360297336017872,0.13602973374498292,0.1360297336017872,0.13602973349573605,0.13602973354856324,0.13602973374498292,0.13602973414493294,0.13602973374498292,0.13602973354856324,0.13602973349573605,0.1360297336017872,0.13602973374498292,0.1360297336017872,0.13602973349573605,0.13602973344231542,0.13602973349573605,0.13602973354856324,0.13602973349573605,0.13602973344231542,0.1350342529609081,0.13503425299469307,0.13503425302272123,0.13503425299469307,0.1350342529609081,0.13503425299469307,0.13503425304941175,0.1350342531039562,0.13503425304941175,0.13503425299469307,0.13503425302272123,0.1350342531039562,0.13503425320358192,0.1350342531039562,0.13503425302272123,0.13503425299469307,0.13503425304941175,0.1350342531039562,0.13503425304941175,0.13503425299469307,0.1350342529609081,0.13503425299469307,0.13503425302272123,0.13503425299469307,0.1350342529609081
0.16533248766784964,0.16533248766784964,0.16533248766784964,0.16533248766784964,0.16533248766784964,0.16533248766784964,0.16533248766784964,0.16533248766784964,0.16533248766784964,0.16533248766784964,0.16533248766784964,0.16533248766784964,0.16533248766784964,0.16533248766784964,0.16533248766784964,0.16533248766784964,0.16533248766784964,0.16533248766784964,0.16533248766784964,0.16533248766784964,0.16533248766784964,0.16533248766784964,0.16533248766784964,0.16533248766784964,0.16533248766784964,0.16375749395139533,0.16375749395139533,0.16375749395139533,0.16375749395139533,0.16375749395139533,0.16375749395139533,0.16375749395139533,0.16375749395139533,0.16375749395139533,0.16375749395139533,0.16375749395139533,0.16375749395139533,0.16375749395139533,0.16375749395139533,0.16375749395139533,0.16375749395139533,0.16375749395139533,0.16375749395139533,0.16375749395139533,0.16375749395139533,0.16375749395139533,0.16375749395139533,0.16375749395139533,0.16375749395139533,0.16375749395139533,0.16221388416679403,0.16221388416679403,0.16221388416679403,0.16221388416679403,0.16221388416679403,0.16221388416679403,0.16221388416679403,0.16221388416679403,0.16221388416679403,0.16221388416679403,0.16221388416679403,0.16221388416679403,0.16221388416679403,0.16221388416679403,0.16221388416679403,0.16221388416679403,0.16221388416679403,0.16221388416679403,0.16221388416679403,0.16221388416679403,0.16221388416679403,0.16221388416679403,0.16221388416679403,0.16221388416679403,0.16221388416679403,0.1607010672710863,0.1607010672710863,0.1607010672710863,0.1607010672710863,0.1607010672710863,0.1607010672710863,0.1607010672710863,0.1607010672710863,0.1607010672710863,0.1607010672710863,0.1607010672710863,0.1607010672710863,0.1607010672710863,0.1607010672710863,0.1607010672710863,0.1607010672710863,0.1607010672710863,0.1607010672710863,0.1607010672710863,0.1607010672710863,0.1607010672710863,0.1607010672710863,0.1607010672710863,0.1607010672710863,0.1607010672710863,0.1592184516392501,0.1592184516392499,0.1592184516392499,0.1592184516392499,0.1592184516392501,0.1592184516392499,0.1592184516392499,0.1592184516392499,0.1592184516392499,0.1592184516392499,0.1592184516392499,0.1592184516392499,0.1592184516392499,0.1592184516392499,0.1592184516392499,0.1592184516392499,0.1592184516392499,0.1592184516392499,0.1592184516392499,0.1592184516392499,0.1592184516392501,0.1592184516392499,0.1592184516392499,0.1592184516392499,0.1592184516392501,0.15776544641605206,0.15776544641605206,0.15776544641605184,0.15776544641605206,0.15776544641605206,0.15776544641605206,0.15776544641605184,0.15776544641605184,0.15776544641605184,0.15776544641605206,0.15776544641605184,0.15776544641605184,0.15776544641605184,0.15776544641605184,0.15776544641605184,0.15776544641605206,0.15776544641605184,0.15776544641605184,0.15776544641605184,0.15776544641605206,0.15776544641605206,0.15776544641605206,0.15776544641605184,0.15776544641605206,0.15776544641605206,0.1563414627303713,0.1563414627303711,0.15634146273037092,0.1563414627303711,0.1563414627303713,0.1563414627303711,0.1563414627303707,0.15634146273037047,0.1563414627303707,0.1563414627303711,0.15634146273037092,0.15634146273037047,0.15634146273037028,0.15634146273037047,0.15634146273037092,0.1563414627303711,0.1563414627303707,0.15634146273037047,0.1563414627303707,0.1563414627303711,0.1563414627303713,0.1563414627303711,0.15634146273037092,0.1563414627303711,0.1563414627303713,0.15494591478225933,0.1549459147822583,0.1549459147822577,0.1549459147822583,0.15494591478225933,0.1549459147822583,0.15494591478225728,0.15494591478225667,0.15494591478225728,0.1549459147822583,0.1549459147822577,0.15494591478225667,0.15494591478225606,0.15494591478225667,0.1549459147822577,0.1549459147822583,0.15494591478225728,0.15494591478225667,0.15494591478225728,0.1549459147822583,0.15494591478225933,0.1549459147822583,0.1549459147822577,0.1549459147822583,0.15494591478225933,0.15357822081244552,0.15357822081244252,0.1535782208124405,0.15357822081244252,0.15357822081244552,0.15357822081244252,0.15357822081243933,0.1535782208124373,0.15357822081243933,0.15357822081244252,0.1535782208124405,0.1535782208124373,0.15357822081243527,0.1535782208124373,0.1535782208124405,0.15357822081244252,0.15357822081243933,0.1535782208124373,0.15357822081243933,0.15357822081244252,0.15357822081244552,0.15357822081244252,0.1535782208124405,0.15357822081244252,0.15357822081244552,0.15223780396344105,0.15223780396343162,0.1522378039634257,0.15223780396343162,0.15223780396344105,0.15223780396343162,0.15223780396342157,0.15223780396341527,0.15223780396342157,0.15223780396343162,0.1522378039634257,0.15223780396341527,0.15223780396340877,0.15223780396341527,0.1522378039634257,0.15223780396343162,0.15223780396342157,0.15223780396341527,0.15223780396342157,0.15223780396343162,0.15223780396344105,0.15223780396343162,0.1522378039634257,0.15223780396343162,0.15223780396344105,0.15092409304085153,0.15092409304082277,0.15092409304080465,0.15092409304082277,0.15092409304085153,0.15092409304082277,0.1509240930407917,0.15092409304077165,0.1509240930407917,0.15092409304082277,0.15092409304080465,0.15092409304077165,0.15092409304075063,0.15092409304077165,0.15092409304080465,0.15092409304082277,0.1509240930407917,0.15092409304077165,0.1509240930407917,0.15092409304082277,0.15092409304085153,0.15092409304082277,0.15092409304080465,0.15092409304082277,0.15092409304085153,0.149636523182984,0.14963652318289702,0.14963652318284162,0.14963652318289702,0.149636523182984,0.14963652318289702,0.1496365231828004,0.14963652318273798,0.1496365231828004,0.14963652318289702,0.14963652318284162,0.14963652318273798,0.14963652318267087,0.14963652318273798,0.14963652318284162,0.14963652318289702,0.1496365231828004,0.14963652318273798,0.1496365231828004,0.14963652318289702,0.149636523182984,0.14963652318289702,0.14963652318284162,0.14963652318289702,0.149636523182984,0.14837453644632959,0.1483745364460705,0.14837453644590298,0.1483745364460705,0.14837453644632959,0.1483745364460705,0.14837453644577306,0.14837453644557586,0.14837453644577306,0.1483745364460705,0.14837453644590298,0.14837453644557586,0.14837453644535772,0.14837453644557586,0.14837453644590298,0.1483745364460705,0.14837453644577306,0.14837453644557586,0.14837453644577306,0.1483745364460705,0.14837453644632959,0.1483745364460705,0.14837453644590298,0.1483745364460705,0.14837453644632959,0.14713758231405552,0.14713758231329896,0.14713758231279536,0.14713758231329896,0.14713758231405552,0.14713758231329896,0.14713758231238755,0.14713758231175703,0.14713758231238755,0.14713758231329896,0.14713758231279536,0.14713758231175703,0.1471375823110233,0.14713758231175703,0.14713758231279536,0.14713758231329896,0.14713758231238755,0.14713758231175703,0.14713758231238755,0.14713758231329896,0.14713758231405552,0.14713758231329896,0.14713758231279536,0.14713758231329896,0.14713758231405552,0.14592511813427367,0.14592511813212744,0.14592511813063422,0.14592511813212744,0.14592511813427367,0.14592511813212744,0.14592511812936138,0.14592511812730635,0.14592511812936138,0.14592511813212744,0.14592511813063422,0.14592511812730635,0.14592511812470715,0.14592511812730635,0.14592511813063422,0.14592511813212744,0.14592511812936138,0.14592511812730635,0.14592511812936138,0.14592511813212744,0.14592511813427367,0.14592511813212744,0.14592511813063422,0.14592511813212744,0.14592511813427367,0.14473660949467063,0.14473660948886055,0.14473660948453013,0.14473660948886055,0.14473660949467063,0.14473660948886055,0.1447366094806321,0.14473660947378242,0.1447366094806321,0.14473660948886055,0.14473660948453013,0.14473660947378242,0.14473660946384145,0.14473660947378242,0.14473660948453013,0.14473660948886055,0.1447366094806321,0.14473660947378242,0.1447366094806321,0.14473660948886055,0.14473660949467063,0.14473660948886055,0.14473660948453013,0.14473660948886055,0.14473660949467063,0.14357153054016042,0.14357153052559612,0.1435715305135681,0.14357153052559612,0.14357153054016042,0.14357153052559612,0.14357153050214563,0.14357153047891225,0.14357153050214563,0.14357153052559612,0.1435715305135681,0.14357153047891225,0.1435715304367608,0.14357153047891225,0.1435715305135681,0.14357153052559612,0.14357153050214563,0.14357153047891225,0.14357153050214563,0.14357153052559612,0.14357153054016042,0.14357153052559612,0.1435715305135681,0.14357153052559612,0.14357153054016042,0.14242936424014271,0.14242936420820826,0.14242936417771213,0.14242936420820826,0.14242936424014271,0.14242936420820826,0.1424293641472747,0.14242936406963805,0.1424293641472747,0.14242936420820826,0.14242936417771213,0.14242936406963805,0.14242936386772184,0.14242936406963805,0.14242936417771213,0.14242936420820826,0.1424293641472747,0.14242936406963805,0.1424293641472747,0.14242936420820826,0.14242936424014271,0.14242936420820826,0.14242936417771213,0.14242936420820826,0.14242936424014271,0.14130960260880404,0.14130960255473243,0.14130960249268015,0.14130960255473243,0.14130960260880404,0.14130960255473243,0.14130960242851334,0.14130960220126257,0.14130960242851334,0.14130960255473243,0.14130960249268015,0.14130960220126257,0.14130960110569857,0.14130960220126257,0.14130960249268015,0.14130960255473243,0.14130960242851334,0.14130960220126257,0.14130960242851334,0.14130960255473243,0.14130960260880404,0.14130960255473243,0.14130960249268015,0.14130960255473243,0.14130960260880404,0.14021174686630408,0.14021174681669107,0.14021174675684256,0.14021174681669107,0.14021174686630408,0.14021174681669107,0.14021174669436867,0.14021174646105333,0.14021174669436867,0.14021174681669107,0.14021174675684256,0.14021174646105333,0.14021174528608732,0.14021174646105333,0.14021174675684256,0.14021174681669107,0.14021174669436867,0.14021174646105333,0.14021174669436867,0.14021174681669107,0.14021174686630408,0.14021174681669107,0.14021174675684256,0.14021174681669107,0.14021174686630408,0.13913530750325695,0.13913530749254643,0.13913530747984548,0.13913530749254643,0.13913530750325695,0.13913530749254643,0.13913530746643618,0.13913530742359922,0.13913530746643618,0.13913530749254643,0.13913530747984548,0.13913530742359922,0.13913530728428686,0.13913530742359922,0.13913530747984548,0.13913530749254643,0.13913530746643618,0.13913530742359922,0.13913530746643618,0.13913530749254643,0.13913530750325695,0.13913530749254643,0.13913530747984548,0.13913530749254643,0.13913530750325695,0.13807980435707445,0.13807980439263448,0.13807980443048473,0.13807980439263448,0.13807980435707445,0.13807980439263448,0.1380798044694291,0.13807980458215582,0.1380798044694291,0.13807980439263448,0.13807980443048473,0.13807980458215582,0.13807980491851785,0.13807980458215582,0.13807980443048473,0.13807980439263448,0.1380798044694291,0.13807980458215582,0.1380798044694291,0.13807980439263448,0.13807980435707445,0.13807980439263448,0.13807980443048473,0.13807980439263448,0.13807980435707445,0.13704476672784735,0.1370447668020412,0.1370447668942954,0.1370447668020412,0.13704476672784735,0.1370447668020412,0.1370447669904922,0.13704476737699178,0.1370447669904922,0.1370447668020412,0.1370447668942954,0.13704476737699178,0.13704476954167333,0.13704476737699178,0.1370447668942954,0.1370447668020412,0.1370447669904922,0.13704476737699178,0.1370447669904922,0.1370447668020412,0.13704476672784735,0.1370447668020412,0.1370447668942954,0.1370447668020412,0.13704476672784735,0.13602973344087058,0.1360297334942326,0.13602973354700162,0.1360297334942326,0.13602973344087058,0.1360297334942326,0.13602973360016712,0.13602973374320543,0.13602973360016712,0.1360297334942326,0.13602973354700162,0.13602973374320543,0.13602973414271544,0.13602973374320543,0.13602973354700162,0.1360297334942326,0.13602973360016712,0.13602973374320543,0.13602973360016712,0.1360297334942326,0.13602973344087058,0.1360297334942326,0.13602973354700162,0.1360297334942326,0.13602973344087058,0.13503425295941676,0.1350342529931646,0.135034253021162,0.1350342529931646,0.13503425295941676,0.1350342529931646,0.13503425304782313,0.13503425310230766,0.13503425304782313,0.1350342529931646,0.135034253021162,0.13503425310230766,0.13503425320182383,0.13503425310230766,0.135034253021162,0.1350342529931646,0.13503425304782313,0.13503425310230766,0.13503425304782313,0.1350342529931646,0.13503425295941676,0.1350342529931646,0.135034253021162,0.1350342529931646,0.13503425295941676
0.16533248766824563,0.16533248766824563,0.16533248766824563,0.16533248766824563,0.16533248766824563,0.16533248766824563,0.16533248766824563,0.16533248766824563,0.16533248766824563,0.16533248766824563,0.16533248766824563,0.16533248766824563,0.16533248766824563,0.16533248766824563,0.16533248766824563,0.16533248766824563,0.16533248766824563,0.16533248766824563,0.16533248766824563,0.16533248766824563,0.16533248766824563,0.16533248766824563,0.16533248766824563,0.16533248766824563,0.16533248766824563,0.1637574939517832,0.1637574939517832,0.1637574939517832,0.1637574939517832,0.1637574939517832,0.1637574939517832,0.1637574939517832,0.1637574939517832,0.1637574939517832,0.1637574939517832,0.1637574939517832,0.1637574939517832,0.1637574939517832,0.1637574939517832,0.1637574939517832,0.1637574939517832,0.1637574939517832,0.1637574939517832,0.1637574939517832,0.1637574939517832,0.1637574939517832,0.1637574939517832,0.1637574939517832,0.1637574939517832,0.1637574939517832,0.16221388416717417,0.16221388416717417,0.16221388416717417,0.16221388416717417,0.16221388416717417,0.16221388416717417,0.16221388416717417,0.16221388416717417,0.16221388416717417,0.16221388416717417,0.16221388416717417,0.16221388416717417,0.16221388416717417,0.16221388416717417,0.16221388416717417,0.16221388416717417,0.16221388416717417,0.16221388416717417,0.16221388416717417,0.16221388416717417,0.16221388416717417,0.16221388416717417,0.16221388416717417,0.16221388416717417,0.16221388416717417,0.16070106727145886,0.16070106727145886,0.16070106727145886,0.16070106727145886,0.16070106727145886,0.16070106727145886,0.16070106727145886,0.16070106727145886,0.16070106727145886,0.16070106727145886,0.16070106727145886,0.16070106727145886,0.16070106727145886,0.16070106727145886,0.16070106727145886,0.16070106727145886,0.16070106727145886,0.16070106727145886,0.16070106727145886,0.16070106727145886,0.16070106727145886,0.16070106727145886,0.16070106727145886,0.16070106727145886,0.16070106727145886,0.15921845163961523,0.159218451639615,0.159218451639615,0.159218451639615,0.15921845163961523,0.159218451639615,0.159218451639615,0.159218451639615,0.159218451639615,0.159218451639615,0.159218451639615,0.159218451639615,0.159218451639615,0.159218451639615,0.159218451639615,0.159218451639615,0.159218451639615,0.159218451639615,0.159218451639615,0.159218451639615,0.15921845163961523,0.159218451639615,0.159218451639615,0.159218451639615,0.15921845163961523,0.15776544641640988,0.15776544641640988,0.1577654464164097,0.15776544641640988,0.15776544641640988,0.15776544641640988,0.1577654464164097,0.1577654464164097,0.1577654464164097,0.15776544641640988,0.1577654464164097,0.1577654464164097,0.15776544641640944,0.1577654464164097,0.1577654464164097,0.15776544641640988,0.1577654464164097,0.1577654464164097,0.1577654464164097,0.15776544641640988,0.15776544641640988,0.15776544641640988,0.1577654464164097,0.15776544641640988,0.15776544641640988,0.156341462730722,0.15634146273072158,0.15634146273072158,0.15634146273072158,0.156341462730722,0.15634146273072158,0.15634146273072136,0.15634146273072114,0.15634146273072136,0.15634146273072158,0.15634146273072158,0.15634146273072114,0.15634146273072094,0.15634146273072114,0.15634146273072158,0.15634146273072158,0.15634146273072136,0.15634146273072114,0.15634146273072136,0.15634146273072158,0.156341462730722,0.15634146273072158,0.15634146273072158,0.15634146273072158,0.156341462730722,0.154945914782603,0.15494591478260197,0.15494591478260136,0.15494591478260197,0.154945914782603,0.15494591478260197,0.15494591478260095,0.15494591478260036,0.15494591478260095,0.15494591478260197,0.15494591478260136,0.15494591478260036,0.15494591478259973,0.15494591478260036,0.15494591478260136,0.15494591478260197,0.15494591478260095,0.15494591478260036,0.15494591478260095,0.15494591478260197,0.154945914782603,0.15494591478260197,0.15494591478260136,0.15494591478260197,0.154945914782603,0.15357822081278213,0.15357822081277914,0.1535782208127771,0.15357822081277914,0.15357822081278213,0.15357822081277914,0.15357822081277592,0.1535782208127739,0.15357822081277592,0.15357822081277914,0.1535782208127771,0.1535782208127739,0.1535782208127719,0.1535782208127739,0.1535782208127771,0.15357822081277914,0.15357822081277592,0.1535782208127739,0.15357822081277592,0.15357822081277914,0.15357822081278213,0.15357822081277914,0.1535782208127771,0.15357822081277914,0.15357822081278213,0.15223780396377076,0.15223780396376152,0.1522378039637556,0.15223780396376152,0.15223780396377076,0.15223780396376152,0.15223780396375147,0.15223780396374517,0.15223780396375147,0.15223780396376152,0.1522378039637556,0.15223780396374517,0.15223780396373868,0.15223780396374517,0.1522378039637556,0.15223780396376152,0.15223780396375147,0.15223780396374517,0.15223780396375147,0.15223780396376152,0.15223780396377076,0.15223780396376152,0.1522378039637556,0.15223780396376152,0.15223780396377076,0.15092409304117485,0.15092409304114612,0.15092409304112778,0.15092409304114612,0.15092409304117485,0.15092409304114612,0.15092409304111504,0.150924093041095,0.15092409304111504,0.15092409304114612,0.15092409304112778,0.150924093041095,0.15092409304107393,0.150924093041095,0.15092409304112778,0.15092409304114612,0.15092409304111504,0.150924093041095,0.15092409304111504,0.15092409304114612,0.15092409304117485,0.15092409304114612,0.15092409304112778,0.15092409304114612,0.15092409304117485,0.14963652318330073,0.14963652318321374,0.14963652318315834,0.14963652318321374,0.14963652318330073,0.14963652318321374,0.1496365231831173,0.1496365231830547,0.1496365231831173,0.14963652318321374,0.14963652318315834,0.1496365231830547,0.14963652318298779,0.1496365231830547,0.14963652318315834,0.14963652318321374,0.1496365231831173,0.1496365231830547,0.1496365231831173,0.14963652318321374,0.14963652318330073,0.14963652318321374,0.14963652318315834,0.14963652318321374,0.14963652318330073,0.14837453644663964,0.14837453644638074,0.1483745364462132,0.14837453644638074,0.14837453644663964,0.14837453644638074,0.14837453644608364,0.14837453644588666,0.14837453644608364,0.14837453644638074,0.1483745364462132,0.14837453644588666,0.1483745364456687,0.14837453644588666,0.1483745364462132,0.14837453644638074,0.14837453644608364,0.14837453644588666,0.14837453644608364,0.14837453644638074,0.14837453644663964,0.14837453644638074,0.1483745364462132,0.14837453644638074,0.14837453644663964,0.14713758231435853,0.14713758231360266,0.14713758231309965,0.14713758231360266,0.14713758231435853,0.14713758231360266,0.1471375823126922,0.1471375823120622,0.1471375823126922,0.14713758231360266,0.14713758231309965,0.1471375823120622,0.1471375823113294,0.1471375823120622,0.14713758231309965,0.14713758231360266,0.1471375823126922,0.1471375823120622,0.1471375823126922,0.14713758231360266,0.14713758231435853,0.14713758231360266,0.14713758231309965,0.14713758231360266,0.14713758231435853,0.14592511813456802,0.1459251181324241,0.14592511813093226,0.1459251181324241,0.14592511813456802,0.1459251181324241,0.14592511812966072,0.145925118127608,0.14592511812966072,0.1459251181324241,0.14592511813093226,0.145925118127608,0.14592511812501147,0.145925118127608,0.14592511813093226,0.1459251181324241,0.14592511812966072,0.145925118127608,0.14592511812966072,0.1459251181324241,0.14592511813456802,0.1459251181324241,0.14592511813093226,0.1459251181324241,0.14592511813456802,0.14473660949495182,0.14473660948914768,0.14473660948482198,0.14473660948914768,0.14473660949495182,0.14473660948914768,0.14473660948092798,0.14473660947408543,0.14473660948092798,0.14473660948914768,0.14473660948482198,0.14473660947408543,0.1447366094641548,0.14473660947408543,0.14473660948482198,0.14473660948914768,0.14473660948092798,0.14473660947408543,0.14473660948092798,0.14473660948914768,0.14473660949495182,0.14473660948914768,0.14473660948482198,0.14473660948914768,0.14473660949495182,0.14357153054041571,0.14357153052586685,0.14357153051385146,0.14357153052586685,0.14357153054041571,0.14357153052586685,0.14357153050244098,0.1435715304792317,0.14357153050244098,0.14357153052586685,0.14357153051385146,0.1435715304792317,0.14357153043712376,0.1435715304792317,0.14357153051385146,0.14357153052586685,0.14357153050244098,0.1435715304792317,0.14357153050244098,0.14357153052586685,0.14357153054041571,0.14357153052586685,0.14357153051385146,0.14357153052586685,0.14357153054041571,0.14242936424034047,0.14242936420843993,0.142429364177976,0.14242936420843993,0.14242936424034047,0.14242936420843993,0.14242936414757043,0.14242936407001466,0.14242936414757043,0.14242936420843993,0.142429364177976,0.14242936407001466,0.1424293638683058,0.14242936407001466,0.142429364177976,0.14242936420843993,0.14242936414757043,0.14242936407001466,0.14242936414757043,0.14242936420843993,0.14242936424034047,0.14242936420843993,0.142429364177976,0.14242936420843993,0.14242936424034047,0.14130960260887357,0.14130960255486022,0.14130960249287422,0.14130960255486022,0.14130960260887357,0.14130960255486022,0.14130960242877583,0.14130960220176303,0.14130960242877583,0.14130960255486022,0.14130960249287422,0.14130960220176303,0.14130960110730223,0.14130960220176303,0.14130960249287422,0.14130960255486022,0.14130960242877583,0.14130960220176303,0.14130960242877583,0.14130960255486022,0.14130960260887357,0.14130960255486022,0.14130960249287422,0.14130960255486022,0.14130960260887357,0.14021174686612364,0.14021174681656676,0.14021174675678627,0.14021174681656676,0.14021174686612364,0.14021174681656676,0.14021174669438352,0.14021174646133747,0.14021174669438352,0.14021174681656676,0.14021174675678627,0.14021174646133747,0.14021174528775873,0.14021174646133747,0.14021174675678627,0.14021174681656676,0.14021174669438352,0.14021174646133747,0.14021174669438352,0.14021174681656676,0.14021174686612364,0.14021174681656676,0.14021174675678627,0.14021174681656676,0.14021174686612364,0.13913530750270767,0.13913530749201028,0.13913530747932465,0.13913530749201028,0.13913530750270767,0.13913530749201028,0.13913530746593178,0.13913530742314673,0.13913530746593178,0.13913530749201028,0.13913530747932465,0.13913530742314673,0.1391353072840029,0.13913530742314673,0.13913530747932465,0.13913530749201028,0.13913530746593178,0.13913530742314673,0.13913530746593178,0.13913530749201028,0.13913530750270767,0.13913530749201028,0.13913530747932465,0.13913530749201028,0.13913530750270767,0.13807980435612408,0.1380798043916456,0.13807980442945494,0.1380798043916456,0.13807980435612408,0.1380798043916456,0.13807980446835716,0.13807980458096156,0.13807980446835716,0.1380798043916456,0.13807980442945494,0.13807980458096156,0.13807980491695657,0.13807980458096156,0.13807980442945494,0.1380798043916456,0.13807980446835716,0.13807980458096156,0.13807980446835716,0.1380798043916456,0.13807980435612408,0.1380798043916456,0.13807980442945494,0.1380798043916456,0.13807980435612408,0.13704476672656957,0.13704476680068226,0.13704476689283537,0.13704476680068226,0.13704476672656957,0.13704476680068226,0.13704476698892648,0.13704476737500157,0.13704476698892648,0.13704476680068226,0.13704476689283537,0.13704476737500157,0.1370447695372853,0.13704476737500157,0.13704476689283537,0.13704476680068226,0.13704476698892648,0.13704476737500157,0.13704476698892648,0.13704476680068226,0.13704476672656957,0.13704476680068226,0.13704476689283537,0.13704476680068226,0.13704476672656957,0.13602973343942856,0.136029733492732,0.13602973354544318,0.136029733492732,0.13602973343942856,0.136029733492732,0.13602973359855022,0.13602973374143137,0.13602973359855022,0.136029733492732,0.13602973354544318,0.13602973374143137,0.13602973414050223,0.13602973374143137,0.13602973354544318,0.136029733492732,0.13602973359855022,0.13602973374143137,0.13602973359855022,0.136029733492732,0.13602973343942856,0.136029733492732,0.13602973354544318,0.136029733492732,0.13602973343942856,0.13503425295792834,0.13503425299163918,0.13503425301960575,0.13503425299163918,0.13503425295792834,0.13503425299163918,0.13503425304623762,0.13503425310066233,0.13503425304623762,0.13503425299163918,0.13503425301960575,0.13503425310066233,0.13503425320006912,0.13503425310066233,0.13503425301960575,0.13503425299163918,0.13503425304623762,0.13503425310066233,0.13503425304623762,0.13503425299163918,0.13503425295792834,0.13503425299163918,0.13503425301960575,0.13503425299163918,0.13503425295792834
0.16533248766864067,0.16533248766864067,0.16533248766864067,0.16533248766864067,0.16533248766864067,0.16533248766864067,0.16533248766864067,0.16533248766864067,0.16533248766864067,0.16533248766864067,0.16533248766864067,0.16533248766864067,0.16533248766864067,0.16533248766864067,0.16533248766864067,0.16533248766864067,0.16533248766864067,0.16533248766864067,0.16533248766864067,0.16533248766864067,0.16533248766864067,0.16533248766864067,0.16533248766864067,0.16533248766864067,0.16533248766864067,0.16375749395217037,0.16375749395217037,0.16375749395217037,0.16375749395217037,0.16375749395217037,0.16375749395217037,0.16375749395217037,0.16375749395217037,0.16375749395217037,0.16375749395217037,0.16375749395217037,0.16375749395217037,0.16375749395217037,0.16375749395217037,0.16375749395217037,0.16375749395217037,0.16375749395217037,0.16375749395217037,0.16375749395217037,0.16375749395217037,0.16375749395217037,0.16375749395217037,0.16375749395217037,0.16375749395217037,0.16375749395217037,0.16221388416755386,0.16221388416755386,0.16221388416755386,0.16221388416755386,0.16221388416755386,0.16221388416755386,0.16221388416755386,0.16221388416755386,0.16221388416755386,0.16221388416755386,0.16221388416755386,0.16221388416755386,0.16221388416755386,0.16221388416755386,0.16221388416755386,0.16221388416755386,0.16221388416755386,0.16221388416755386,0.16221388416755386,0.16221388416755386,0.16221388416755386,0.16221388416755386,0.16221388416755386,0.16221388416755386,0.16221388416755386,0.16070106727183073,0.16070106727183073,0.16070106727183073,0.16070106727183073,0.16070106727183073,0.16070106727183073,0.16070106727183073,0.16070106727183073,0.16070106727183073,0.16070106727183073,0.16070106727183073,0.16070106727183073,0.16070106727183073,0.16070106727183073,0.16070106727183073,0.16070106727183073,0.16070106727183073,0.16070106727183073,0.16070106727183073,0.16070106727183073,0.16070106727183073,0.16070106727183073,0.16070106727183073,0.16070106727183073,0.16070106727183073,0.1592184516399797,0.15921845163997947,0.15921845163997947,0.15921845163997947,0.1592184516399797,0.15921845163997947,0.15921845163997947,0.15921845163997947,0.15921845163997947,0.15921845163997947,0.15921845163997947,0.15921845163997947,0.15921845163997947,0.15921845163997947,0.15921845163997947,0.15921845163997947,0.15921845163997947,0.15921845163997947,0.15921845163997947,0.15921845163997947,0.1592184516399797,0.15921845163997947,0.15921845163997947,0.15921845163997947,0.1592184516399797,0.15776544641676707,0.15776544641676685,0.15776544641676685,0.15776544641676685,0.15776544641676707,0.15776544641676685,0.15776544641676685,0.15776544641676685,0.15776544641676685,0.15776544641676685,0.15776544641676685,0.15776544641676685,0.15776544641676662,0.15776544641676685,0.15776544641676685,0.15776544641676685,0.15776544641676685,0.15776544641676685,0.15776544641676685,0.15776544641676685,0.15776544641676707,0.15776544641676685,0.15776544641676685,0.15776544641676685,0.15776544641676707,0.15634146273107202,0.1563414627310716,0.1563414627310714,0.1563414627310716,0.15634146273107202,0.1563414627310716,0.1563414627310714,0.1563414627310712,0.1563414627310714,0.1563414627310716,0.1563414627310714,0.1563414627310712,0.156341462731071,0.1563414627310712,0.1563414627310714,0.1563414627310716,0.1563414627310714,0.1563414627310712,0.1563414627310714,0.1563414627310716,0.15634146273107202,0.1563414627310716,0.1563414627310714,0.1563414627310716,0.15634146273107202,0.15494591478294584,0.15494591478294484,0.15494591478294423,0.15494591478294484,0.15494591478294584,0.15494591478294484,0.1549459147829438,0.15494591478294317,0.1549459147829438,0.15494591478294484,0.15494591478294423,0.15494591478294317,0.15494591478294256,0.15494591478294317,0.15494591478294423,0.15494591478294484,0.1549459147829438,0.15494591478294317,0.1549459147829438,0.15494591478294484,0.15494591478294584,0.15494591478294484,0.15494591478294423,0.15494591478294484,0.15494591478294584,0.15357822081311814,0.15357822081311515,0.15357822081311312,0.15357822081311515,0.15357822081311814,0.15357822081311515,0.15357822081311193,0.15357822081310993,0.15357822081311193,0.15357822081311515,0.15357822081311312,0.15357822081310993,0.1535782208131079,0.15357822081310993,0.15357822081311312,0.15357822081311515,0.15357822081311193,0.15357822081310993,0.15357822081311193,0.15357822081311515,0.15357822081311814,0.15357822081311515,0.15357822081311312,0.15357822081311515,0.15357822081311814,0.15223780396410008,0.15223780396409062,0.1522378039640847,0.15223780396409062,0.15223780396410008,0.15223780396409062,0.1522378039640808,0.1522378039640745,0.1522378039640808,0.15223780396409062,0.1522378039640847,0.1522378039640745,0.152237803964068,0.1522378039640745,0.1522378039640847,0.15223780396409062,0.1522378039640808,0.1522378039640745,0.1522378039640808,0.15223780396409062,0.15223780396410008,0.15223780396409062,0.1522378039640847,0.15223780396409062,0.15223780396410008,0.15092409304149743,0.15092409304146867,0.15092409304145055,0.15092409304146867,0.15092409304149743,0.15092409304146867,0.1509240930414376,0.15092409304141774,0.1509240930414376,0.15092409304146867,0.15092409304145055,0.15092409304141774,0.1509240930413967,0.15092409304141774,0.15092409304145055,0.15092409304146867,0.1509240930414376,0.15092409304141774,0.1509240930414376,0.15092409304146867,0.15092409304149743,0.15092409304146867,0.15092409304145055,0.15092409304146867,0.15092409304149743,0.14963652318361667,0.1496365231835299,0.14963652318347448,0.1496365231835299,0.14963652318361667,0.1496365231835299,0.14963652318343343,0.14963652318337106,0.14963652318343343,0.1496365231835299,0.14963652318347448,0.14963652318337106,0.14963652318330414,0.14963652318337106,0.14963652318347448,0.1496365231835299,0.14963652318343343,0.14963652318337106,0.14963652318343343,0.1496365231835299,0.14963652318361667,0.1496365231835299,0.14963652318347448,0.1496365231835299,0.14963652318361667,0.14837453644694898,0.1483745364466904,0.14837453644652307,0.1483745364466904,0.14837453644694898,0.1483745364466904,0.14837453644639353,0.14837453644619672,0.14837453644639353,0.1483745364466904,0.14837453644652307,0.14837453644619672,0.14837453644597914,0.14837453644619672,0.14837453644652307,0.1483745364466904,0.14837453644639353,0.14837453644619672,0.14837453644639353,0.1483745364466904,0.14837453644694898,0.1483745364466904,0.14837453644652307,0.1483745364466904,0.14837453644694898,0.14713758231466081,0.14713758231390567,0.1471375823134032,0.14713758231390567,0.14713758231466081,0.14713758231390567,0.14713758231299628,0.14713758231236704,0.14713758231299628,0.14713758231390567,0.1471375823134032,0.14713758231236704,0.1471375823116348,0.14713758231236704,0.1471375823134032,0.14713758231390567,0.14713758231299628,0.14713758231236704,0.14713758231299628,0.14713758231390567,0.14713758231466081,0.14713758231390567,0.1471375823134032,0.14713758231390567,0.14713758231466081,0.14592511813486178,0.14592511813272005,0.14592511813122983,0.14592511813272005,0.14592511813486178,0.14592511813272005,0.1459251181299597,0.14592511812790893,0.1459251181299597,0.14592511813272005,0.14592511813122983,0.14592511812790893,0.14592511812531506,0.14592511812790893,0.14592511813122983,0.14592511813272005,0.1459251181299597,0.14592511812790893,0.1459251181299597,0.14592511813272005,0.14592511813486178,0.14592511813272005,0.14592511813122983,0.14592511813272005,0.14592511813486178,0.14473660949523232,0.1447366094894343,0.14473660948511313,0.1447366094894343,0.14473660949523232,0.1447366094894343,0.1447366094812233,0.14473660947438777,0.1447366094812233,0.1447366094894343,0.14473660948511313,0.14473660947438777,0.14473660946446737,0.14473660947438777,0.14473660948511313,0.1447366094894343,0.1447366094812233,0.14473660947438777,0.1447366094812233,0.1447366094894343,0.14473660949523232,0.1447366094894343,0.14473660948511313,0.1447366094894343,0.14473660949523232,0.14357153054067065,0.14357153052613703,0.1435715305141343,0.14357153052613703,0.14357153054067065,0.14357153052613703,0.14357153050273563,0.1435715304795505,0.14357153050273563,0.14357153052613703,0.1435715305141343,0.1435715304795505,0.143571530437486,0.1435715304795505,0.1435715305141343,0.14357153052613703,0.14357153050273563,0.1435715304795505,0.14357153050273563,0.14357153052613703,0.14357153054067065,0.14357153052613703,0.1435715305141343,0.14357153052613703,0.14357153054067065,0.14242936424053793,0.1424293642086711,0.14242936417823918,0.1424293642086711,0.14242936424053793,0.1424293642086711,0.14242936414786567,0.14242936407039058,0.14242936414786567,0.1424293642086711,0.14242936417823918,0.14242936407039058,0.14242936386888855,0.14242936407039058,0.14242936417823918,0.1424293642086711,0.14242936414786567,0.14242936407039058,0.14242936414786567,0.1424293642086711,0.14242936424053793,0.1424293642086711,0.14242936417823918,0.1424293642086711,0.14242936424053793,0.141309602608943,0.14130960255498767,0.14130960249306762,0.14130960255498767,0.141309602608943,0.14130960255498767,0.14130960242903765,0.14130960220226232,0.14130960242903765,0.14130960255498767,0.14130960249306762,0.14130960220226232,0.14130960110892568,0.14130960220226232,0.14130960249306762,0.14130960255498767,0.14130960242903765,0.14130960220226232,0.14130960242903765,0.14130960255498767,0.141309602608943,0.14130960255498767,0.14130960249306762,0.14130960255498767,0.141309602608943,0.14021174686594337,0.14021174681644244,0.14021174675672984,0.14021174681644244,0.14021174686594337,0.14021174681644244,0.14021174669439804,0.1402117464616208,0.14021174669439804,0.14021174681644244,0.14021174675672984,0.1402117464616208,0.1402117452894154,0.1402117464616208,0.14021174675672984,0.14021174681644244,0.14021174669439804,0.1402117464616208,0.14021174669439804,0.14021174681644244,0.14021174686594337,0.14021174681644244,0.14021174675672984,0.14021174681644244,0.14021174686594337,0.13913530750215916,0.13913530749147493,0.1391353074788048,0.13913530749147493,0.13913530750215916,0.13913530749147493,0.1391353074654282,0.13913530742269498,0.1391353074654282,0.13913530749147493,0.1391353074788048,0.13913530742269498,0.13913530728371906,0.13913530742269498,0.1391353074788048,0.13913530749147493,0.1391353074654282,0.13913530742269498,0.1391353074654282,0.13913530749147493,0.13913530750215916,0.13913530749147493,0.1391353074788048,0.13913530749147493,0.13913530750215916,0.1380798043551754,0.13807980439065862,0.13807980442842718,0.13807980439065862,0.1380798043551754,0.13807980439065862,0.1380798044672872,0.13807980457976926,0.1380798044672872,0.13807980439065862,0.13807980442842718,0.13807980457976926,0.1380798049153981,0.13807980457976926,0.13807980442842718,0.13807980439065862,0.1380798044672872,0.13807980457976926,0.1380798044672872,0.13807980439065862,0.1380798043551754,0.13807980439065862,0.13807980442842718,0.13807980439065862,0.1380798043551754,0.13704476672529425,0.13704476679932592,0.13704476689137776,0.13704476679932592,0.13704476672529425,0.13704476679932592,0.13704476698736365,0.13704476737301488,0.13704476698736365,0.13704476679932576,0.13704476689137776,0.13704476737301488,0.13704476953293865,0.13704476737301488,0.13704476689137776,0.13704476679932592,0.13704476698736365,0.13704476737301488,0.13704476698736365,0.13704476679932592,0.13704476672529425,0.13704476679932576,0.13704476689137776,0.13704476679932592,0.13704476672529425,0.13602973343798927,0.13602973349123423,0.13602973354388756,0.13602973349123423,0.13602973343798927,0.13602973349123423,0.1360297335969363,0.13602973373966057,0.1360297335969363,0.13602973349123423,0.13602973354388756,0.13602973373966057,0.13602973413829322,0.13602973373966057,0.13602973354388756,0.13602973349123423,0.1360297335969363,0.13602973373966057,0.1360297335969363,0.13602973349123423,0.13602973343798927,0.13602973349123423,0.13602973354388756,0.13602973349123423,0.13602973343798927,0.13503425295644267,0.1350342529901165,0.13503425301805255,0.1350342529901165,0.13503425295644267,0.1350342529901165,0.1350342530446552,0.1350342530990201,0.1350342530446552,0.1350342529901165,0.13503425301805255,0.1350342530990201,0.13503425319831763,0.1350342530990201,0.13503425301805255,0.1350342529901165,0.1350342530446552,0.1350342530990201,0.1350342530446552,0.1350342529901165,0.13503425295644267,0.1350342529901165,0.13503425301805255,0.1350342529901165,0.13503425295644267
0.16533248766903502,0.16533248766903502,0.16533248766903502,0.16533248766903502,0.16533248766903502,0.16533248766903502,0.16533248766903502,0.16533248766903502,0.16533248766903502,0.16533248766903502,0.16533248766903502,0.16533248766903502,0.16533248766903502,0.16533248766903502,0.16533248766903502,0.16533248766903502,0.16533248766903502,0.16533248766903502,0.16533248766903502,0.16533248766903502,0.16533248766903502,0.16533248766903502,0.16533248766903502,0.16533248766903502,0.16533248766903502,0.16375749395255687,0.16375749395255687,0.16375749395255687,0.16375749395255687,0.16375749395255687,0.16375749395255687,0.16375749395255687,0.16375749395255687,0.16375749395255687,0.16375749395255687,0.16375749395255687,0.16375749395255687,0.16375749395255687,0.16375749395255687,0.16375749395255687,0.16375749395255687,0.16375749395255687,0.16375749395255687,0.16375749395255687,0.16375749395255687,0.16375749395255687,0.16375749395255687,0.16375749395255687,0.16375749395255687,0.16375749395255687,0.1622138841679324,0.1622138841679324,0.1622138841679324,0.1622138841679324,0.1622138841679324,0.1622138841679324,0.1622138841679324,0.1622138841679324,0.1622138841679324,0.1622138841679324,0.1622138841679324,0.1622138841679324,0.1622138841679324,0.1622138841679324,0.1622138841679324,0.1622138841679324,0.1622138841679324,0.1622138841679324,0.1622138841679324,0.1622138841679324,0.1622138841679324,0.1622138841679324,0.1622138841679324,0.1622138841679324,0.1622138841679324,0.16070106727220196,0.16070106727220196,0.16070106727220196,0.16070106727220196,0.16070106727220196,0.16070106727220196,0.16070106727220196,0.16070106727220196,0.16070106727220196,0.16070106727220196,0.16070106727220196,0.16070106727220196,0.16070106727220196,0.16070106727220196,0.16070106727220196,0.16070106727220196,0.16070106727220196,0.16070106727220196,0.16070106727220196,0.16070106727220196,0.16070106727220196,0.16070106727220196,0.16070106727220196,0.16070106727220196,0.16070106727220196,0.1592184516403433,0.1592184516403433,0.1592184516403433,0.1592184516403433,0.1592184516403433,0.1592184516403433,0.1592184516403433,0.1592184516403433,0.1592184516403433,0.1592184516403433,0.1592184516403433,0.1592184516403433,0.1592184516403433,0.1592184516403433,0.1592184516403433,0.1592184516403433,0.1592184516403433,0.1592184516403433,0.1592184516403433,0.1592184516403433,0.1592184516403433,0.1592184516403433,0.1592184516403433,0.1592184516403433,0.1592184516403433,0.15776544641712337,0.15776544641712337,0.15776544641712317,0.15776544641712337,0.15776544641712337,0.15776544641712337,0.15776544641712317,0.15776544641712317,0.15776544641712317,0.15776544641712337,0.15776544641712317,0.15776544641712317,0.15776544641712317,0.15776544641712317,0.15776544641712317,0.15776544641712337,0.15776544641712317,0.15776544641712317,0.15776544641712317,0.15776544641712337,0.15776544641712337,0.15776544641712337,0.15776544641712317,0.15776544641712337,0.15776544641712337,0.15634146273142124,0.15634146273142083,0.1563414627314206,0.15634146273142083,0.15634146273142124,0.15634146273142083,0.1563414627314206,0.1563414627314204,0.1563414627314206,0.15634146273142083,0.1563414627314206,0.1563414627314204,0.1563414627314202,0.1563414627314204,0.1563414627314206,0.15634146273142083,0.1563414627314206,0.1563414627314204,0.1563414627314206,0.15634146273142083,0.15634146273142124,0.15634146273142083,0.1563414627314206,0.15634146273142083,0.15634146273142124,0.1549459147832881,0.1549459147832871,0.15494591478328645,0.1549459147832871,0.1549459147832881,0.1549459147832871,0.15494591478328604,0.15494591478328543,0.15494591478328604,0.1549459147832871,0.15494591478328645,0.15494591478328543,0.1549459147832848,0.15494591478328543,0.15494591478328645,0.1549459147832871,0.15494591478328604,0.15494591478328543,0.15494591478328604,0.1549459147832871,0.1549459147832881,0.1549459147832871,0.15494591478328645,0.1549459147832871,0.1549459147832881,0.15357822081345354,0.15357822081345054,0.15357822081344855,0.15357822081345054,0.15357822081345354,0.15357822081345054,0.15357822081344732,0.15357822081344533,0.15357822081344732,0.15357822081345054,0.15357822081344855,0.15357822081344533,0.15357822081344333,0.15357822081344533,0.15357822081344855,0.15357822081345054,0.15357822081344732,0.15357822081344533,0.15357822081344732,0.15357822081345054,0.15357822081345354,0.15357822081345054,0.15357822081344855,0.15357822081345054,0.15357822081345354,0.1522378039644288,0.15223780396441935,0.15223780396441347,0.15223780396441935,0.1522378039644288,0.15223780396441935,0.1522378039644093,0.15223780396440323,0.1522378039644093,0.15223780396441935,0.15223780396441347,0.15223780396440323,0.1522378039643965,0.15223780396440323,0.15223780396441347,0.15223780396441935,0.1522378039644093,0.15223780396440323,0.1522378039644093,0.15223780396441935,0.1522378039644288,0.15223780396441935,0.15223780396441347,0.15223780396441935,0.1522378039644288,0.1509240930418194,0.15092409304179066,0.1509240930417725,0.15092409304179066,0.1509240930418194,0.15092409304179066,0.1509240930417596,0.15092409304173973,0.1509240930417596,0.15092409304179066,0.1509240930417725,0.15092409304173973,0.1509240930417187,0.15092409304173973,0.1509240930417725,0.15092409304179066,0.1509240930417596,0.15092409304173973,0.1509240930417596,0.15092409304179066,0.1509240930418194,0.15092409304179066,0.1509240930417725,0.15092409304179066,0.1509240930418194,0.14963652318393206,0.1496365231838453,0.14963652318379006,0.1496365231838453,0.14963652318393206,0.1496365231838453,0.14963652318374904,0.14963652318368667,0.14963652318374904,0.1496365231838453,0.14963652318379006,0.14963652318368667,0.1496365231836199,0.14963652318368667,0.14963652318379006,0.1496365231838453,0.14963652318374904,0.14963652318368667,0.14963652318374904,0.1496365231838453,0.14963652318393206,0.1496365231838453,0.14963652318379006,0.1496365231838453,0.14963652318393206,0.1483745364472577,0.14837453644699955,0.14837453644683238,0.14837453644699955,0.1483745364472577,0.14837453644699955,0.14837453644670304,0.1483745364465064,0.14837453644670304,0.14837453644699955,0.14837453644683238,0.1483745364465064,0.1483745364462888,0.1483745364465064,0.14837453644683238,0.14837453644699955,0.14837453644670304,0.1483745364465064,0.14837453644670304,0.14837453644699955,0.1483745364472577,0.14837453644699955,0.14837453644683238,0.14837453644699955,0.1483745364472577,0.14713758231496255,0.14713758231420832,0.14713758231370622,0.14713758231420832,0.14713758231496255,0.14713758231420832,0.14713758231329965,0.14713758231267113,0.14713758231329965,0.14713758231420832,0.14713758231370622,0.14713758231267113,0.14713758231193957,0.14713758231267113,0.14713758231370622,0.14713758231420832,0.14713758231329965,0.14713758231267113,0.14713758231329965,0.14713758231420832,0.14713758231496255,0.14713758231420832,0.14713758231370622,0.14713758231420832,0.14713758231496255,0.14592511813515488,0.14592511813301545,0.14592511813152684,0.14592511813301545,0.14592511813515488,0.14592511813301545,0.14592511813025794,0.14592511812820932,0.14592511813025794,0.14592511813301545,0.14592511813152684,0.14592511812820932,0.1459251181256183,0.14592511812820932,0.14592511813152684,0.14592511813301545,0.14592511813025794,0.14592511812820932,0.14592511813025794,0.14592511813301545,0.14592511813515488,0.14592511813301545,0.14592511813152684,0.14592511813301545,0.14592511813515488,0.14473660949551245,0.14473660948972056,0.14473660948540376,0.14473660948972056,0.14473660949551245,0.14473660948972056,0.14473660948151792,0.14473660947468955,0.14473660948151792,0.14473660948972056,0.14473660948540376,0.14473660947468955,0.14473660946477948,0.14473660947468955,0.14473660948540376,0.14473660948972056,0.14473660948151792,0.14473660947468955,0.14473660948151792,0.14473660948972056,0.14473660949551245,0.14473660948972056,0.14473660948540376,0.14473660948972056,0.14473660949551245,0.1435715305409251,0.1435715305264067,0.14357153051441662,0.1435715305264067,0.1435715305409251,0.1435715305264067,0.14357153050302993,0.1435715304798688,0.14357153050302993,0.1435715305264067,0.14357153051441662,0.1435715304798688,0.14357153043784754,0.1435715304798688,0.14357153051441662,0.1435715305264067,0.14357153050302993,0.1435715304798688,0.14357153050302993,0.1435715305264067,0.1435715305409251,0.1435715305264067,0.14357153051441662,0.1435715305264067,0.1435715305409251,0.14242936424073485,0.1424293642089019,0.1424293641785019,0.1424293642089019,0.14242936424073485,0.1424293642089019,0.14242936414816024,0.14242936407076567,0.14242936414816024,0.1424293642089019,0.1424293641785019,0.14242936407076567,0.14242936386947033,0.14242936407076567,0.1424293641785019,0.1424293642089019,0.14242936414816024,0.14242936407076567,0.14242936414816024,0.1424293642089019,0.14242936424073485,0.1424293642089019,0.1424293641785019,0.1424293642089019,0.14242936424073485,0.1413096026090122,0.141309602555115,0.14130960249326088,0.141309602555115,0.1413096026090122,0.141309602555115,0.14130960242929896,0.141309602202761,0.14130960242929896,0.141309602555115,0.14130960249326088,0.141309602202761,0.14130960111054486,0.141309602202761,0.14130960249326088,0.141309602555115,0.14130960242929896,0.141309602202761,0.14130960242929896,0.141309602555115,0.1413096026090122,0.141309602555115,0.14130960249326088,0.141309602555115,0.1413096026090122,0.14021174686576357,0.14021174681631826,0.14021174675667356,0.14021174681631826,0.14021174686576357,0.14021174681631826,0.14021174669441272,0.14021174646190349,0.14021174669441272,0.14021174681631826,0.14021174675667356,0.14021174646190349,0.14021174529107244,0.14021174646190349,0.14021174675667356,0.14021174681631826,0.14021174669441272,0.14021174646190349,0.14021174669441272,0.14021174681631826,0.14021174686576357,0.14021174681631826,0.14021174675667356,0.14021174681631826,0.14021174686576357,0.1391353075016118,0.13913530749094066,0.13913530747828587,0.13913530749094066,0.1391353075016118,0.13913530749094066,0.13913530746492556,0.13913530742224406,0.13913530746492556,0.13913530749094066,0.13913530747828587,0.13913530742224406,0.13913530728343573,0.13913530742224406,0.13913530747828587,0.13913530749094066,0.13913530746492556,0.13913530742224406,0.13913530746492556,0.13913530749094066,0.1391353075016118,0.13913530749094066,0.13913530747828587,0.13913530749094066,0.1391353075016118,0.13807980435422854,0.13807980438967363,0.13807980442740125,0.13807980438967363,0.13807980435422854,0.13807980438967363,0.13807980446621929,0.13807980457857935,0.13807980446621929,0.13807980438967363,0.13807980442740125,0.13807980457857935,0.13807980491384256,0.13807980457857935,0.13807980442740125,0.13807980438967363,0.13807980446621929,0.13807980457857935,0.13807980446621929,0.13807980438967363,0.13807980435422854,0.13807980438967363,0.13807980442740125,0.13807980438967363,0.13807980435422854,0.1370447667240214,0.137044766797972,0.1370447668899232,0.137044766797972,0.1370447667240214,0.137044766797972,0.1370447669858039,0.13704476737103224,0.1370447669858039,0.137044766797972,0.1370447668899232,0.13704476737103224,0.13704476952858646,0.13704476737103224,0.1370447668899232,0.137044766797972,0.1370447669858039,0.13704476737103224,0.1370447669858039,0.137044766797972,0.1370447667240214,0.137044766797972,0.1370447668899232,0.137044766797972,0.1370447667240214,0.13602973343655275,0.1360297334897393,0.1360297335423349,0.1360297334897393,0.13602973343655275,0.1360297334897393,0.1360297335953255,0.1360297337378934,0.1360297335953255,0.1360297334897393,0.1360297335423349,0.1360297337378934,0.13602973413608854,0.1360297337378934,0.1360297335423349,0.1360297334897393,0.1360297335953255,0.1360297337378934,0.13602973359532566,0.1360297334897393,0.13602973343655275,0.1360297334897393,0.1360297335423349,0.1360297334897393,0.13602973343655275,0.13503425295495997,0.13503425298859695,0.13503425301650226,0.13503425298859695,0.13503425295495997,0.13503425298859695,0.13503425304307565,0.135034253097381,0.13503425304307565,0.13503425298859695,0.13503425301650226,0.135034253097381,0.13503425319656961,0.135034253097381,0.13503425301650226,0.13503425298859695,0.13503425304307565,0.135034253097381,0.13503425304307565,0.13503425298859695,0.13503425295495997,0.13503425298859695,0.13503425301650226,0.13503425298859695,0.13503425295495997
0.16533248758510127,0.16533248758510127,0.16533248758510127,0.16533248758510127,0.16533248758510127,0.16533248758510127,0.16533248758510127,0.16533248758510127,0.16533248758510127,0.16533248758510127,0.16533248758510127,0.16533248758510127,0.16533248758510127,0.16533248758510127,0.16533248758510127,0.16533248758510127,0.16533248758510127,0.16533248758510127,0.16533248758510127,0.16533248758510127,0.16533248758510127,0.16533248758510127,0.16533248758510127,0.16533248758510127,0.16533248758510127,0.16375749386936564,0.16375749386936564,0.16375749386936564,0.16375749386936564,0.16375749386936564,0.16375749386936564,0.16375749386936564,0.16375749386936564,0.16375749386936564,0.16375749386936564,0.16375749386936564,0.16375749386936564,0.16375749386936564,0.16375749386936564,0.16375749386936564,0.16375749386936564,0.16375749386936564,0.16375749386936564,0.16375749386936564,0.16375749386936564,0.16375749386936564,0.16375749386936564,0.16375749386936564,0.16375749386936564,0.16375749386936564,0.16221388408467402,0.16221388408467402,0.16221388408467402,0.16221388408467402,0.16221388408467402,0.16221388408467402,0.16221388408467402,0.16221388408467402,0.16221388408467402,0.16221388408467402,0.16221388408467402,0.16221388408467402,0.16221388408467402,0.16221388408467402,0.16221388408467402,0.16221388408467402,0.16221388408467402,0.16221388408467402,0.16221388408467402,0.16221388408467402,0.16221388408467402,0.16221388408467402,0.16221388408467402,0.16221388408467402,0.16221388408467402,0.1607010671880371,0.16070106718803687,0.16070106718803687,0.16070106718803687,0.1607010671880371,0.16070106718803687,0.16070106718803687,0.16070106718803687,0.16070106718803687,0.16070106718803687,0.16070106718803687,0.16070106718803687,0.16070106718803687,0.16070106718803687,0.16070106718803687,0.16070106718803687,0.16070106718803687,0.16070106718803687,0.16070106718803687,0.16070106718803687,0.1607010671880371,0.16070106718803687,0.16070106718803687,0.16070106718803687,0.1607010671880371,0.1592184515544063,0.1592184515544063,0.15921845155440606,0.1592184515544063,0.1592184515544063,0.1592184515544063,0.15921845155440606,0.15921845155440606,0.15921845155440606,0.1592184515544063,0.15921845155440606,0.15921845155440606,0.15921845155440587,0.15921845155440606,0.15921845155440606,0.1592184515544063,0.15921845155440606,0.15921845155440606,0.15921845155440606,0.1592184515544063,0.1592184515544063,0.1592184515544063,0.15921845155440606,0.1592184515544063,0.1592184515544063,0.15776544632852774,0.15776544632852735,0.15776544632852713,0.15776544632852735,0.15776544632852774,0.15776544632852735,0.15776544632852713,0.1577654463285269,0.15776544632852713,0.15776544632852735,0.15776544632852713,0.1577654463285269,0.1577654463285267,0.1577654463285269,0.15776544632852713,0.15776544632852735,0.15776544632852713,0.1577654463285269,0.15776544632852713,0.15776544632852735,0.15776544632852774,0.15776544632852735,0.15776544632852713,0.15776544632852735,0.15776544632852774,0.15634146263926496,0.15634146263926393,0.15634146263926327,0.15634146263926393,0.15634146263926496,0.15634146263926393,0.15634146263926285,0.15634146263926224,0.15634146263926285,0.15634146263926393,0.15634146263926327,0.15634146263926224,0.1563414626392614,0.15634146263926224,0.15634146263926327,0.15634146263926393,0.15634146263926285,0.15634146263926224,0.15634146263926285,0.15634146263926393,0.15634146263926496,0.15634146263926393,0.15634146263926327,0.15634146263926393,0.15634146263926496,0.15494591468666308,0.1549459146866598,0.15494591468665778,0.1549459146866598,0.15494591468666308,0.1549459146866598,0.15494591468665633,0.15494591468665428,0.15494591468665633,0.1549459146866598,0.15494591468665778,0.15494591468665428,0.15494591468665223,0.15494591468665428,0.15494591468665778,0.1549459146866598,0.15494591468665633,0.15494591468665428,0.15494591468665633,0.1549459146866598,0.15494591468666308,0.1549459146866598,0.15494591468665778,0.1549459146866598,0.15494591468666308,0.1535782207114566,0.15357822071144675,0.1535782207114405,0.15357822071144675,0.1535782207114566,0.15357822071144675,0.15357822071143654,0.1535782207114301,0.15357822071143654,0.15357822071144675,0.1535782207114405,0.1535782207114301,0.15357822071142346,0.1535782207114301,0.1535782207114405,0.15357822071144675,0.15357822071143654,0.1535782207114301,0.15357822071143654,0.15357822071144675,0.1535782207114566,0.15357822071144675,0.1535782207114405,0.15357822071144675,0.1535782207114566,0.1522378038561813,0.1522378038561516,0.15223780385613309,0.1522378038561516,0.1522378038561813,0.1522378038561516,0.15223780385612048,0.1522378038561008,0.15223780385612048,0.1522378038561516,0.15223780385613309,0.1522378038561008,0.15223780385608032,0.1522378038561008,0.15223780385613309,0.1522378038561516,0.15223780385612048,0.1522378038561008,0.15223780385612048,0.1522378038561516,0.1522378038561813,0.1522378038561516,0.15223780385613309,0.1522378038561516,0.1522378038561813,0.15092409292650052,0.15092409292641276,0.150924092926357,0.15092409292641276,0.15092409292650052,0.15092409292641276,0.15092409292631748,0.1509240929262569,0.15092409292631748,0.15092409292641276,0.150924092926357,0.1509240929262569,0.15092409292619244,0.1509240929262569,0.150924092926357,0.15092409292641276,0.15092409292631748,0.1509240929262569,0.15092409292631748,0.15092409292641276,0.15092409292650052,0.15092409292641276,0.150924092926357,0.15092409292641276,0.15092409292650052,0.14963652306084796,0.1496365230605906,0.1496365230604248,0.1496365230605906,0.14963652306084796,0.1496365230605906,0.1496365230603013,0.14963652306011224,0.1496365230603013,0.1496365230605906,0.1496365230604248,0.14963652306011224,0.14963652305990519,0.14963652306011224,0.1496365230604248,0.1496365230605906,0.1496365230603013,0.14963652306011224,0.1496365230603013,0.1496365230605906,0.14963652306084796,0.1496365230605906,0.1496365230604248,0.1496365230605906,0.14963652306084796,0.1483745363160058,0.14837453631526595,0.1483745363147752,0.14837453631526595,0.1483745363160058,0.14837453631526595,0.14837453631438935,0.1483745363137911,0.14837453631438935,0.14837453631526595,0.1483745363147752,0.1483745363137911,0.1483745363131015,0.1483745363137911,0.1483745363147752,0.14837453631526595,0.14837453631438935,0.1483745363137911,0.14837453631438935,0.14837453631526595,0.1483745363160058,0.14837453631526595,0.1483745363147752,0.14837453631526595,0.1483745363160058,0.14713758217584302,0.1471375821737785,0.14713758217234504,0.1471375821737785,0.14713758217584302,0.1471375821737785,0.1471375821711432,0.14713758216921347,0.1471375821711432,0.1471375821737785,0.14713758217234504,0.14713758216921347,0.14713758216679196,0.14713758216921347,0.14713758217234504,0.1471375821737785,0.1471375821711432,0.14713758216921347,0.1471375821711432,0.1471375821737785,0.14713758217584302,0.1471375821737785,0.14713758217234504,0.1471375821737785,0.14713758217584302,0.14592511799019361,0.14592511798470176,0.14592511798060592,0.14592511798470176,0.14592511799019361,0.14592511798470176,0.14592511797693264,0.14592511797055313,0.14592511797693264,0.14592511798470176,0.14592511798060592,0.14592511797055313,0.1459251179613554,0.14592511797055313,0.14592511798060592,0.14592511798470176,0.14592511797693264,0.14592511797055313,0.14592511797693264,0.14592511798470176,0.14592511799019361,0.14592511798470176,0.14592511798060592,0.14592511798470176,0.14592511799019361,0.14473660935105362,0.14473660933731813,0.1447366093260965,0.14473660933731813,0.14473660935105362,0.14473660933731813,0.14473660931536395,0.14473660929384316,0.14473660931536395,0.14473660933731813,0.1447366093260965,0.14473660929384316,0.1447366092550411,0.14473660929384316,0.1447366093260965,0.14473660933731813,0.14473660931536395,0.14473660929384316,0.14473660931536395,0.14473660933731813,0.14473660935105362,0.14473660933731813,0.1447366093260965,0.14473660933731813,0.14473660935105362,0.14357153041347423,0.14357153038287154,0.1435715303541345,0.14357153038287154,0.14357153041347423,0.14357153038287154,0.14357153032577066,0.1435715302539544,0.14357153032577066,0.14357153038287154,0.1435715303541345,0.1435715302539544,0.14357153006873596,0.1435715302539544,0.1435715303541345,0.14357153038287154,0.14357153032577066,0.1435715302539544,0.14357153032577066,0.14357153038287154,0.14357153041347423,0.14357153038287154,0.1435715303541345,0.14357153038287154,0.14357153041347423,0.14242936416414015,0.14242936411025367,0.1424293640507257,0.14242936411025367,0.14242936416414015,0.14242936411025367,0.14242936398976327,0.14242936378010934,0.14242936398976327,0.14242936411025367,0.1424293640507257,0.14242936378010934,0.14242936277825863,0.14242936378010934,0.1424293640507257,0.14242936411025367,0.14242936398976327,0.14242936378010934,0.14242936398976327,0.14242936411025367,0.14242936416414015,0.14242936411025367,0.1424293640507257,0.14242936411025367,0.14242936416414015,0.14130960263028358,0.14130960257173522,0.14130960250724048,0.14130960257173522,0.14130960263028358,0.14130960257173522,0.14130960244086027,0.14130960222303324,0.14130960244086027,0.14130960257173522,0.14130960250724048,0.14130960222303324,0.1413096012952697,0.14130960222303324,0.14130960250724048,0.14130960257173522,0.14130960244086027,0.14130960222303324,0.14130960244086027,0.14130960257173522,0.14130960263028358,0.14130960257173522,0.14130960250724048,0.14130960257173522,0.14130960263028358,0.14021174699697503,0.14021174695403935,0.1402117469034719,0.14021174695403935,0.14021174699697503,0.14021174695403935,0.14021174685086138,0.14021174665981864,0.14021174685086138,0.14021174695403935,0.1402117469034719,0.14021174665981864,0.14021174571971937,0.14021174665981864,0.1402117469034719,0.14021174695403935,0.14021174685086138,0.14021174665981864,0.14021174685086138,0.14021174695403935,0.14021174699697503,0.14021174695403935,0.1402117469034719,0.14021174695403935,0.14021174699697503,0.1391353077323813,0.13913530773097726,0.1391353077272221,0.13913530773097726,0.1391353077323813,0.13913530773097726,0.1391353077228141,0.13913530770253058,0.1391353077228141,0.13913530773097726,0.1391353077272221,0.13913530770253058,0.13913530761959061,0.13913530770253058,0.1391353077272221,0.13913530773097726,0.1391353077228141,0.13913530770253058,0.1391353077228141,0.13913530773097726,0.1391353077323813,0.13913530773097726,0.1391353077272221,0.13913530773097726,0.1391353077323813,0.13807980466879155,0.13807980471738635,0.13807980476790055,0.13807980471738635,0.13807980466879155,0.13807980471738635,0.138079804819574,0.1380798049653667,0.138079804819574,0.13807980471738635,0.13807980476790055,0.1380798049653667,0.1380798053899071,0.1380798049653667,0.13807980476790055,0.13807980471738635,0.138079804819574,0.1380798049653667,0.138079804819574,0.13807980471738635,0.13807980466879155,0.13807980471738635,0.13807980476790055,0.13807980471738635,0.13807980466879155,0.13704476709881935,0.13704476719091166,0.13704476730430265,0.13704476719091166,0.13704476709881935,0.13704476719091166,0.13704476742229652,0.13704476789287542,0.13704476742229652,0.13704476719091166,0.13704476730430265,0.13704476789287542,0.13704477051603053,0.13704476789287542,0.13704476730430265,0.13704476719091166,0.13704476742229652,0.13704476789287542,0.13704476742229652,0.13704476719091166,0.13704476709881935,0.13704476719091166,0.13704476730430265,0.13704476719091166,0.13704476709881935,0.13602973383779612,0.13602973390328377,0.13602973396779208,0.13602973390328377,0.13602973383779612,0.13602973390328377,0.13602973403266316,0.13602973420672143,0.13602973403266316,0.13602973390328377,0.13602973396779208,0.13602973420672143,0.1360297346914801,0.13602973420672143,0.13602973396779208,0.13602973390328377,0.13602973403266316,0.13602973420672143,0.13602973403266316,0.13602973390328377,0.13602973383779612,0.13602973390328377,0.13602973396779208,0.13602973390328377,0.13602973383779612,0.13503425336077765,0.13503425340205286,0.1350342534362258,0.13503425340205286,0.13503425336077765,0.13503425340205286,0.13503425346874848,0.13503425353506582,0.13503425346874848,0.13503425340205286,0.1350342534362258,0.13503425353506582,0.1350342536559479,0.13503425353506582,0.1350342534362258,0.13503425340205286,0.13503425346874848,0.13503425353506582,0.13503425346874848,0.13503425340205286,0.13503425336077765,0.13503425340205286,0.1350342534362258,0.13503425340205286,0.13503425336077765
0.1653324875215416,0.1653324875215416,0.1653324875215416,0.1653324875215416,0.1653324875215416,0.1653324875215416,0.1653324875215416,0.1653324875215416,0.1653324875215416,0.1653324875215416,0.1653324875215416,0.1653324875215416,0.1653324875215416,0.1653324875215416,0.1653324875215416,0.1653324875215416,0.1653324875215416,0.1653324875215416,0.1653324875215416,0.1653324875215416,0.1653324875215416,0.1653324875215416,0.1653324875215416,0.1653324875215416,0.1653324875215416,0.16375749380762505,0.16375749380762505,0.16375749380762505,0.16375749380762505,0.16375749380762505,0.16375749380762505,0.16375749380762505,0.16375749380762505,0.16375749380762505,0.16375749380762505,0.16375749380762505,0.16375749380762505,0.16375749380762505,0.16375749380762505,0.16375749380762505,0.16375749380762505,0.16375749380762505,0.16375749380762505,0.16375749380762505,0.16375749380762505,0.16375749380762505,0.16375749380762505,0.16375749380762505,0.16375749380762505,0.16375749380762505,0.16221388402519196,0.16221388402519196,0.16221388402519196,0.16221388402519196,0.16221388402519196,0.16221388402519196,0.16221388402519196,0.16221388402519196,0.16221388402519196,0.16221388402519196,0.16221388402519196,0.16221388402519196,0.16221388402519196,0.16221388402519196,0.16221388402519196,0.16221388402519196,0.16221388402519196,0.16221388402519196,0.16221388402519196,0.16221388402519196,0.16221388402519196,0.16221388402519196,0.16221388402519196,0.16221388402519196,0.16221388402519196,0.1607010671312748,0.1607010671312748,0.1607010671312748,0.1607010671312748,0.1607010671312748,0.1607010671312748,0.1607010671312748,0.16070106713127455,0.1607010671312748,0.1607010671312748,0.1607010671312748,0.16070106713127455,0.16070106713127455,0.16070106713127455,0.1607010671312748,0.1607010671312748,0.1607010671312748,0.16070106713127455,0.1607010671312748,0.1607010671312748,0.1607010671312748,0.1607010671312748,0.1607010671312748,0.1607010671312748,0.1607010671312748,0.15921845150084818,0.15921845150084818,0.15921845150084818,0.15921845150084818,0.15921845150084818,0.15921845150084818,0.15921845150084796,0.15921845150084796,0.15921845150084796,0.15921845150084818,0.15921845150084818,0.15921845150084796,0.15921845150084796,0.15921845150084796,0.15921845150084818,0.15921845150084818,0.15921845150084796,0.15921845150084796,0.15921845150084796,0.15921845150084818,0.15921845150084818,0.15921845150084818,0.15921845150084818,0.15921845150084818,0.15921845150084818,0.15776544627868047,0.15776544627868025,0.15776544627868005,0.15776544627868025,0.15776544627868047,0.15776544627868025,0.15776544627867983,0.1577654462786796,0.15776544627867983,0.15776544627868025,0.15776544627868005,0.1577654462786796,0.1577654462786794,0.1577654462786796,0.15776544627868005,0.15776544627868025,0.15776544627867983,0.1577654462786796,0.15776544627867983,0.15776544627868025,0.15776544627868047,0.15776544627868025,0.15776544627868005,0.15776544627868025,0.15776544627868047,0.15634146259365708,0.15634146259365603,0.15634146259365542,0.15634146259365603,0.15634146259365708,0.15634146259365603,0.15634146259365478,0.15634146259365414,0.15634146259365478,0.15634146259365603,0.15634146259365542,0.15634146259365414,0.15634146259365353,0.15634146259365414,0.15634146259365542,0.15634146259365603,0.15634146259365478,0.15634146259365414,0.15634146259365478,0.15634146259365603,0.15634146259365708,0.15634146259365603,0.15634146259365542,0.15634146259365603,0.15634146259365708,0.15494591464584206,0.1549459146458388,0.15494591464583676,0.1549459146458388,0.15494591464584206,0.1549459146458388,0.15494591464583551,0.15494591464583327,0.15494591464583551,0.1549459146458388,0.15494591464583676,0.15494591464583327,0.1549459146458312,0.15494591464583327,0.15494591464583676,0.1549459146458388,0.15494591464583551,0.15494591464583327,0.15494591464583551,0.1549459146458388,0.15494591464584206,0.1549459146458388,0.15494591464583676,0.1549459146458388,0.15494591464584206,0.1535782206759855,0.15357822067597585,0.15357822067596963,0.15357822067597585,0.1535782206759855,0.15357822067597585,0.15357822067596563,0.1535782206759592,0.15357822067596563,0.15357822067597585,0.15357822067596963,0.1535782206759592,0.15357822067595256,0.1535782206759592,0.15357822067596963,0.15357822067597585,0.15357822067596563,0.1535782206759592,0.15357822067596563,0.15357822067597585,0.1535782206759855,0.15357822067597585,0.15357822067596963,0.15357822067597585,0.1535782206759855,0.15223780382663177,0.15223780382660246,0.15223780382658395,0.15223780382660246,0.15223780382663177,0.15223780382660246,0.15223780382657134,0.15223780382655186,0.15223780382657134,0.15223780382660246,0.15223780382658395,0.15223780382655186,0.1522378038265316,0.15223780382655186,0.15223780382658395,0.15223780382660246,0.15223780382657134,0.15223780382655186,0.15223780382657134,0.15223780382660246,0.15223780382663177,0.15223780382660246,0.15223780382658395,0.15223780382660246,0.15223780382663177,0.15092409290344275,0.15092409290335573,0.15092409290330056,0.15092409290335573,0.15092409290344275,0.15092409290335573,0.1509240929032612,0.15092409290320083,0.1509240929032612,0.15092409290335573,0.15092409290330056,0.15092409290320083,0.15092409290313677,0.15092409290320083,0.15092409290330056,0.15092409290335573,0.1509240929032612,0.15092409290320083,0.1509240929032612,0.15092409290335573,0.15092409290344275,0.15092409290335573,0.15092409290330056,0.15092409290335573,0.15092409290344275,0.14963652304483654,0.14963652304458222,0.1496365230444179,0.14963652304458222,0.14963652304483654,0.14963652304458222,0.1496365230442948,0.14963652304410668,0.1496365230442948,0.14963652304458222,0.1496365230444179,0.14963652304410668,0.14963652304390018,0.14963652304410668,0.1496365230444179,0.14963652304458222,0.1496365230442948,0.14963652304410668,0.1496365230442948,0.14963652304458222,0.14963652304483654,0.14963652304458222,0.1496365230444179,0.14963652304458222,0.14963652304483654,0.1483745363075594,0.14837453630682992,0.1483745363063438,0.14837453630682992,0.1483745363075594,0.14837453630682992,0.14837453630595887,0.14837453630536304,0.14837453630595887,0.14837453630682992,0.1483745363063438,0.14837453630536304,0.14837453630467454,0.14837453630536304,0.1483745363063438,0.14837453630682992,0.14837453630595887,0.14837453630536304,0.14837453630595887,0.14837453630682992,0.1483745363075594,0.14837453630682992,0.1483745363063438,0.14837453630682992,0.1483745363075594,0.1471375821754107,0.14713758217338432,0.14713758217196538,0.14713758217338432,0.1471375821754107,0.14713758217338432,0.14713758217076608,0.1471375821688407,0.14713758217076608,0.14713758217338432,0.14713758217196538,0.1471375821688407,0.14713758216641792,0.1471375821688407,0.14713758217196538,0.14713758217338432,0.14713758217076608,0.1471375821688407,0.14713758217076608,0.14713758217338432,0.1471375821754107,0.14713758217338432,0.14713758217196538,0.14713758217338432,0.1471375821754107,0.14592511799821342,0.14592511799274419,0.14592511798868932,0.14592511799274419,0.14592511799821342,0.14592511799274419,0.1459251179850237,0.14592511797864313,0.1459251179850237,0.14592511799274419,0.14592511798868932,0.14592511797864313,0.1459251179694224,0.14592511797864313,0.14592511798868932,0.14592511799274419,0.1459251179850237,0.14592511797864313,0.1459251179850237,0.14592511799274419,0.14592511799821342,0.14592511799274419,0.14592511798868932,0.14592511799274419,0.14592511799821342,0.14473660936810678,0.1447366093542896,0.14473660934299346,0.1447366093542896,0.14473660936810678,0.1447366093542896,0.14473660933229876,0.14473660931070365,0.14473660933229876,0.1447366093542896,0.14473660934299346,0.14473660931070365,0.14473660927174534,0.14473660931070365,0.14473660934299346,0.1447366093542896,0.14473660933229876,0.14473660931070365,0.14473660933229876,0.1447366093542896,0.14473660936810678,0.1447366093542896,0.14473660934299346,0.1447366093542896,0.14473660936810678,0.14357153043986617,0.1435715304091384,0.14357153038028433,0.1435715304091384,0.14357153043986617,0.1435715304091384,0.14357153035175313,0.1435715302796908,0.14357153035175313,0.1435715304091384,0.14357153038028433,0.1435715302796908,0.14357153009359663,0.1435715302796908,0.14357153038028433,0.1435715304091384,0.14357153035175313,0.1435715302796908,0.14357153035175313,0.1435715304091384,0.14357153043986617,0.1435715304091384,0.14357153038028433,0.1435715304091384,0.14357153043986617,0.14242936420007193,0.14242936414604374,0.14242936408632886,0.14242936414604374,0.14242936420007193,0.14242936414604374,0.14242936402516063,0.14242936381462987,0.14242936402516063,0.14242936414604374,0.14242936408632886,0.14242936381462987,0.14242936280699658,0.14242936381462987,0.14242936408632886,0.14242936414604374,0.14242936402516063,0.14242936381462987,0.14242936402516063,0.14242936414604374,0.14242936420007193,0.14242936414604374,0.14242936408632886,0.14242936414604374,0.14242936420007193,0.14130960267572662,0.14130960261718567,0.14130960255272085,0.14130960261718567,0.14130960267572662,0.14130960261718567,0.14130960248637256,0.1413096022687863,0.14130960248637256,0.14130960261718567,0.14130960255272085,0.1413096022687863,0.1413096013428837,0.1413096022687863,0.14130960255272085,0.14130960261718567,0.14130960248637256,0.1413096022687863,0.14130960248637256,0.14130960261718567,0.14130960267572662,0.14130960261718567,0.14130960255272085,0.14130960261718567,0.14130960267572662,0.1402117470513113,0.14021174700846284,0.1402117469580118,0.14021174700846284,0.1402117470513113,0.14021174700846284,0.14021174690552402,0.1402117467149876,0.14021174690552402,0.14021174700846284,0.1402117469580118,0.1402117467149876,0.14021174577703008,0.1402117467149876,0.1402117469580118,0.14021174700846284,0.14021174690552402,0.1402117467149876,0.14021174690552402,0.14021174700846284,0.1402117470513113,0.14021174700846284,0.1402117469580118,0.14021174700846284,0.1402117470513113,0.1391353077945185,0.13913530779318606,0.1391353077895027,0.13913530779318606,0.1391353077945185,0.13913530779318606,0.13913530778516758,0.13913530776507724,0.13913530778516758,0.13913530779318606,0.1391353077895027,0.13913530776507724,0.13913530768265386,0.13913530776507724,0.1391353077895027,0.13913530779318606,0.13913530778516758,0.13913530776507724,0.13913530778516758,0.13913530779318606,0.1391353077945185,0.13913530779318606,0.1391353077895027,0.13913530779318606,0.1391353077945185,0.13807980473734888,0.13807980478599774,0.13807980483656127,0.13807980478599774,0.13807980473734888,0.13807980478599774,0.13807980488828414,0.1380798050341925,0.13807980488828414,0.13807980478599774,0.13807980483656127,0.1380798050341925,0.13807980545899434,0.1380798050341925,0.13807980483656127,0.13807980478599774,0.13807980488828414,0.1380798050341925,0.13807980488828414,0.13807980478599774,0.13807980473734888,0.13807980478599774,0.13807980483656127,0.13807980478599774,0.13807980473734888,0.13704476717214098,0.13704476726428375,0.13704476737773053,0.13704476726428375,0.13704476717214098,0.13704476726428375,0.13704476749578354,0.13704476796657364,0.13704476749578354,0.13704476726428375,0.13704476737773053,0.13704476796657364,0.1370447705921471,0.13704476796657364,0.13704476737773053,0.13704476726428375,0.13704476749578354,0.13704476796657364,0.13704476749578354,0.13704476726428375,0.13704476717214098,0.13704476726428375,0.13704476737773053,0.13704476726428375,0.13704476717214098,0.13602973391395454,0.1360297339794695,0.1360297340439996,0.1360297339794695,0.13602973391395454,0.1360297339794695,0.13602973410890407,0.13602973428300047,0.13602973410890407,0.1360297339794695,0.1360297340439996,0.13602973428300047,0.13602973476792232,0.13602973428300047,0.1360297340439996,0.1360297339794695,0.13602973410890407,0.13602973428300047,0.13602973410890407,0.1360297339794695,0.13602973391395454,0.1360297339794695,0.1360297340439996,0.1360297339794695,0.13602973391395454,0.13503425343766937,0.13503425347895098,0.1350342535131305,0.13503425347895098,0.13503425343766937,0.13503425347895098,0.13503425354564239,0.135034253611968,0.13503425354564239,0.13503425347895098,0.1350342535131305,0.135034253611968,0.13503425373288025,0.135034253611968,0.1350342535131305,0.13503425347895098,0.13503425354564239,0.135034253611968,0.13503425354564239,0.13503425347895098,0.13503425343766937,0.13503425347895098,0.1350342535131305,0.13503425347895098,0.13503425343766937
0.16533248749905502,0.16533248749905502,0.16533248749905502,0.16533248749905502,0.16533248749905502,0.16533248749905502,0.16533248749905502,0.16533248749905502,0.16533248749905502,0.16533248749905502,0.16533248749905502,0.16533248749905502,0.16533248749905502,0.16533248749905502,0.16533248749905502,0.16533248749905502,0.16533248749905502,0.16533248749905502,0.16533248749905502,0.16533248749905502,0.16533248749905502,0.16533248749905502,0.16533248749905502,0.16533248749905502,0.16533248749905502,0.16375749378583238,0.16375749378583238,0.16375749378583238,0.16375749378583238,0.16375749378583238,0.16375749378583238,0.16375749378583238,0.16375749378583238,0.16375749378583238,0.16375749378583238,0.16375749378583238,0.16375749378583238,0.16375749378583238,0.16375749378583238,0.16375749378583238,0.16375749378583238,0.16375749378583238,0.16375749378583238,0.16375749378583238,0.16375749378583238,0.16375749378583238,0.16375749378583238,0.16375749378583238,0.16375749378583238,0.16375749378583238,0.1622138840042919,0.1622138840042919,0.1622138840042919,0.1622138840042919,0.1622138840042919,0.1622138840042919,0.1622138840042919,0.1622138840042919,0.1622138840042919,0.1622138840042919,0.1622138840042919,0.1622138840042919,0.1622138840042919,0.1622138840042919,0.1622138840042919,0.1622138840042919,0.1622138840042919,0.1622138840042919,0.1622138840042919,0.1622138840042919,0.1622138840042919,0.1622138840042919,0.1622138840042919,0.1622138840042919,0.1622138840042919,0.1607010671114714,0.1607010671114714,0.1607010671114714,0.1607010671114714,0.1607010671114714,0.1607010671114714,0.1607010671114714,0.1607010671114714,0.1607010671114714,0.1607010671114714,0.1607010671114714,0.1607010671114714,0.1607010671114714,0.1607010671114714,0.1607010671114714,0.1607010671114714,0.1607010671114714,0.1607010671114714,0.1607010671114714,0.1607010671114714,0.1607010671114714,0.1607010671114714,0.1607010671114714,0.1607010671114714,0.1607010671114714,0.1592184514823481,0.1592184514823479,0.1592184514823479,0.1592184514823479,0.1592184514823481,0.1592184514823479,0.1592184514823479,0.15921845148234767,0.1592184514823479,0.1592184514823479,0.1592184514823479,0.15921845148234767,0.15921845148234767,0.15921845148234767,0.1592184514823479,0.1592184514823479,0.1592184514823479,0.15921845148234767,0.1592184514823479,0.1592184514823479,0.1592184514823481,0.1592184514823479,0.1592184514823479,0.1592184514823479,0.1592184514823481,0.15776544626168928,0.15776544626168912,0.1577654462616889,0.15776544626168912,0.15776544626168928,0.15776544626168912,0.15776544626168867,0.15776544626168845,0.15776544626168867,0.15776544626168912,0.1577654462616889,0.15776544626168845,0.15776544626168823,0.15776544626168845,0.1577654462616889,0.15776544626168912,0.15776544626168867,0.15776544626168845,0.15776544626168867,0.15776544626168912,0.15776544626168928,0.15776544626168912,0.1577654462616889,0.15776544626168912,0.15776544626168928,0.15634146257837703,0.156341462578376,0.15634146257837536,0.156341462578376,0.15634146257837703,0.156341462578376,0.15634146257837495,0.1563414625783743,0.15634146257837495,0.156341462578376,0.15634146257837536,0.1563414625783743,0.1563414625783737,0.1563414625783743,0.15634146257837536,0.156341462578376,0.15634146257837495,0.1563414625783743,0.15634146257837495,0.156341462578376,0.15634146257837703,0.156341462578376,0.15634146257837536,0.156341462578376,0.15634146257837703,0.1549459146324684,0.15494591463246513,0.1549459146324631,0.15494591463246513,0.1549459146324684,0.15494591463246513,0.15494591463246185,0.1549459146324598,0.15494591463246185,0.15494591463246513,0.1549459146324631,0.1549459146324598,0.15494591463245755,0.1549459146324598,0.1549459146324631,0.15494591463246513,0.15494591463246185,0.1549459146324598,0.15494591463246185,0.15494591463246513,0.1549459146324684,0.15494591463246513,0.1549459146324631,0.15494591463246513,0.1549459146324684,0.15357822066470214,0.15357822066469232,0.15357822066468627,0.15357822066469232,0.15357822066470214,0.15357822066469232,0.15357822066468227,0.15357822066467583,0.15357822066468227,0.15357822066469232,0.15357822066468627,0.15357822066467583,0.15357822066466942,0.15357822066467583,0.15357822066468627,0.15357822066469232,0.15357822066468227,0.15357822066467583,0.15357822066468227,0.15357822066469232,0.15357822066470214,0.15357822066469232,0.15357822066468627,0.15357822066469232,0.15357822066470214,0.15223780381760688,0.15223780381757795,0.15223780381755964,0.15223780381757795,0.15223780381760688,0.15223780381757795,0.15223780381754706,0.15223780381752755,0.15223780381754706,0.15223780381757795,0.15223780381755964,0.15223780381752755,0.15223780381750748,0.15223780381752755,0.15223780381755964,0.15223780381757795,0.15223780381754706,0.15223780381752755,0.15223780381754706,0.15223780381757795,0.15223780381760688,0.15223780381757795,0.15223780381755964,0.15223780381757795,0.15223780381760688,0.15092409289682482,0.15092409289673897,0.15092409289668438,0.15092409289673897,0.15092409289682482,0.15092409289673897,0.1509240928966452,0.1509240928965852,0.1509240928966452,0.15092409289673897,0.15092409289668438,0.1509240928965852,0.15092409289652156,0.1509240928965852,0.15092409289668438,0.15092409289673897,0.1509240928966452,0.1509240928965852,0.1509240928966452,0.15092409289673897,0.15092409289682482,0.15092409289673897,0.15092409289668438,0.15092409289673897,0.15092409289682482,0.14963652304074798,0.14963652304049765,0.14963652304033503,0.14963652304049765,0.14963652304074798,0.14963652304049765,0.1496365230402125,0.14963652304002512,0.1496365230402125,0.14963652304049765,0.14963652304033503,0.14963652304002512,0.1496365230398194,0.14963652304002512,0.14963652304033503,0.14963652304049765,0.1496365230402125,0.14963652304002512,0.1496365230402125,0.14963652304049765,0.14963652304074798,0.14963652304049765,0.14963652304033503,0.14963652304049765,0.14963652304074798,0.14837453630608788,0.1483745363053727,0.14837453630489233,0.1483745363053727,0.14837453630608788,0.1483745363053727,0.14837453630450795,0.14837453630391415,0.14837453630450795,0.1483745363053727,0.14837453630489233,0.14837453630391415,0.14837453630322636,0.14837453630391415,0.14837453630489233,0.1483745363053727,0.14837453630450795,0.14837453630391415,0.14837453630450795,0.1483745363053727,0.14837453630608788,0.1483745363053727,0.14837453630489233,0.1483745363053727,0.14837453630608788,0.14713758217663905,0.14713758217461867,0.14713758217321482,0.14713758217461867,0.14713758217663905,0.14713758217461867,0.14713758217201642,0.14713758217009268,0.14713758217201642,0.14713758217461867,0.14713758217321482,0.14713758217009268,0.14713758216766665,0.14713758217009268,0.14713758217321482,0.14713758217461867,0.14713758217201642,0.14713758217009268,0.14713758217201642,0.14713758217461867,0.14713758217663905,0.14713758217461867,0.14713758217321482,0.14713758217461867,0.14713758217663905,0.14592511800224908,0.14592511799675562,0.14592511799268953,0.14592511799675562,0.14592511800224908,0.14592511799675562,0.14592511798902658,0.14592511798262855,0.14592511798902658,0.14592511799675562,0.14592511799268953,0.14592511798262855,0.14592511797337918,0.14592511798262855,0.14592511799268953,0.14592511799675562,0.14592511798902658,0.14592511798262855,0.14592511798902658,0.14592511799675562,0.14592511800224908,0.14592511799675562,0.14592511799268953,0.14592511799675562,0.14592511800224908,0.1447366093749771,0.14473660936111327,0.14473660934976335,0.14473660936111327,0.1447366093749771,0.14473660936111327,0.14473660933905247,0.14473660931738244,0.14473660933905247,0.14473660936111327,0.14473660934976335,0.14473660931738244,0.14473660927827803,0.14473660931738244,0.14473660934976335,0.14473660936111327,0.14473660933905247,0.14473660931738244,0.14473660933905247,0.14473660936111327,0.1447366093749771,0.14473660936111327,0.14473660934976335,0.14473660936111327,0.1447366093749771,0.14357153044959445,0.14357153041878046,0.14357153038984063,0.14357153041878046,0.14357153044959445,0.14357153041878046,0.1435715303611984,0.1435715302889013,0.1435715303611984,0.14357153041878046,0.14357153038984063,0.1435715302889013,0.1435715301020592,0.1435715302889013,0.14357153038984063,0.14357153041878046,0.1435715303611984,0.1435715302889013,0.1435715303611984,0.14357153041878046,0.14357153044959445,0.14357153041878046,0.14357153038984063,0.14357153041878046,0.14357153044959445,0.14242936421270755,0.14242936415857818,0.1424293640987226,0.14242936415857818,0.14242936421270755,0.14242936415857818,0.14242936403740097,0.14242936382618074,0.14242936403740097,0.14242936415857818,0.1424293640987226,0.14242936382618074,0.14242936281430835,0.14242936382618074,0.1424293640987226,0.14242936415857818,0.14242936403740097,0.14242936382618074,0.14242936403740097,0.14242936415857818,0.14242936421270755,0.14242936415857818,0.1424293640987226,0.14242936415857818,0.14242936421270755,0.14130960269128937,0.14130960263276915,0.14130960256834346,0.14130960263276915,0.14130960269128937,0.14130960263276915,0.14130960250203692,0.14130960228469522,0.14130960250203692,0.14130960263276915,0.14130960256834346,0.14130960228469522,0.14130960136059323,0.14130960228469522,0.14130960256834346,0.14130960263276915,0.14130960250203692,0.14130960228469522,0.14130960250203692,0.14130960263276915,0.14130960269128937,0.14130960263276915,0.14130960256834346,0.14130960263276915,0.14130960269128937,0.14021174706951223,0.14021174702674796,0.14021174697640676,0.14021174702674796,0.14021174706951223,0.14021174702674796,0.1402117469240349,0.14021174673396802,0.1402117469240349,0.14021174702674796,0.14021174697640676,0.14021174673396802,0.1402117457985343,0.14021174673396802,0.14021174697640676,0.14021174702674796,0.1402117469240349,0.14021174673396802,0.1402117469240349,0.14021174702674796,0.14021174706951223,0.14021174702674796,0.14021174697640676,0.14021174702674796,0.14021174706951223,0.1391353078148773,0.13913530781360794,0.1391353078099878,0.13913530781360794,0.1391353078148773,0.13913530781360794,0.13913530780571723,0.1391353077857983,0.13913530780571723,0.13913530781360794,0.1391353078099878,0.1391353077857983,0.13913530770383847,0.1391353077857983,0.1391353078099878,0.13913530781360794,0.13913530780571723,0.1391353077857983,0.13913530780571723,0.13913530781360794,0.1391353078148773,0.13913530781360794,0.1391353078099878,0.13913530781360794,0.1391353078148773,0.1380798047593694,0.13807980480805798,0.13807980485865715,0.13807980480805798,0.1380798047593694,0.13807980480805798,0.13807980491041494,0.13807980505640266,0.13807980491041494,0.13807980480805798,0.13807980485865715,0.13807980505640266,0.13807980548137813,0.13807980505640266,0.13807980485865715,0.13807980480805798,0.13807980491041494,0.13807980505640266,0.13807980491041494,0.13807980480805798,0.1380798047593694,0.13807980480805798,0.13807980485865715,0.13807980480805798,0.1380798047593694,0.13704476719532022,0.1370447672874931,0.13704476740097107,0.1370447672874931,0.13704476719532022,0.1370447672874931,0.13704476751905584,0.1370447679899527,0.13704476751905584,0.1370447672874931,0.13704476740097107,0.1370447679899527,0.1370447706160303,0.1370447679899527,0.13704476740097107,0.1370447672874931,0.13704476751905584,0.1370447679899527,0.13704476751905584,0.1370447672874931,0.13704476719532022,0.1370447672874931,0.13704476740097107,0.1370447672874931,0.13704476719532022,0.13602973393776283,0.13602973400329402,0.13602973406783797,0.13602973400329402,0.13602973393776283,0.13602973400329402,0.13602973413275884,0.13602973430688448,0.13602973413275884,0.13602973400329402,0.13602973406783797,0.13602973430688448,0.13602973479189623,0.13602973430688448,0.13602973406783797,0.13602973400329402,0.13602973413275884,0.13602973430688448,0.13602973413275884,0.13602973400329402,0.13602973393776283,0.13602973400329402,0.13602973406783797,0.13602973400329402,0.13602973393776283,0.1350342534615667,0.13503425350285564,0.13503425353704102,0.13503425350285564,0.1350342534615667,0.13503425350285564,0.1350342535695543,0.13503425363588947,0.1350342535695543,0.13503425350285564,0.13503425353704102,0.13503425363588947,0.1350342537568219,0.13503425363588947,0.13503425353704102,0.13503425350285564,0.1350342535695543,0.13503425363588947,0.1350342535695543,0.13503425350285564,0.1350342534615667,0.13503425350285564,0.13503425353704102,0.13503425350285564,0.1350342534615667
0.1653324874914168,0.1653324874914168,0.1653324874914168,0.1653324874914168,0.1653324874914168,0.1653324874914168,0.1653324874914168,0.1653324874914168,0.1653324874914168,0.1653324874914168,0.1653324874914168,0.1653324874914168,0.1653324874914168,0.1653324874914168,0.1653324874914168,0.1653324874914168,0.1653324874914168,0.1653324874914168,0.1653324874914168,0.1653324874914168,0.1653324874914168,0.1653324874914168,0.1653324874914168,0.1653324874914168,0.1653324874914168,0.16375749377842835,0.16375749377842835,0.16375749377842835,0.16375749377842835,0.16375749377842835,0.16375749377842835,0.16375749377842835,0.16375749377842835,0.16375749377842835,0.16375749377842835,0.16375749377842835,0.16375749377842835,0.16375749377842835,0.16375749377842835,0.16375749377842835,0.16375749377842835,0.16375749377842835,0.16375749377842835,0.16375749377842835,0.16375749377842835,0.16375749377842835,0.16375749377842835,0.16375749377842835,0.16375749377842835,0.16375749377842835,0.16221388399718856,0.16221388399718856,0.16221388399718856,0.16221388399718856,0.16221388399718856,0.16221388399718856,0.16221388399718856,0.16221388399718856,0.16221388399718856,0.16221388399718856,0.16221388399718856,0.16221388399718856,0.16221388399718856,0.16221388399718856,0.16221388399718856,0.16221388399718856,0.16221388399718856,0.16221388399718856,0.16221388399718856,0.16221388399718856,0.16221388399718856,0.16221388399718856,0.16221388399718856,0.16221388399718856,0.16221388399718856,0.1607010671047364,0.1607010671047364,0.1607010671047364,0.1607010671047364,0.1607010671047364,0.1607010671047364,0.16070106710473614,0.16070106710473614,0.1607010671047364,0.1607010671047364,0.1607010671047364,0.16070106710473614,0.16070106710473614,0.16070106710473614,0.1607010671047364,0.1607010671047364,0.1607010671047364,0.16070106710473614,0.1607010671047364,0.1607010671047364,0.1607010671047364,0.1607010671047364,0.1607010671047364,0.1607010671047364,0.1607010671047364,0.15921845147604957,0.15921845147604938,0.15921845147604938,0.15921845147604938,0.15921845147604957,0.15921845147604938,0.15921845147604938,0.15921845147604913,0.15921845147604938,0.15921845147604938,0.15921845147604938,0.15921845147604913,0.15921845147604913,0.15921845147604913,0.15921845147604938,0.15921845147604938,0.15921845147604938,0.15921845147604913,0.15921845147604938,0.15921845147604938,0.15921845147604957,0.15921845147604938,0.15921845147604938,0.15921845147604938,0.15921845147604957,0.15776544625589528,0.1577654462558951,0.15776544625589486,0.1577654462558951,0.15776544625589528,0.1577654462558951,0.15776544625589467,0.15776544625589445,0.15776544625589467,0.1577654462558951,0.15776544625589486,0.15776544625589445,0.15776544625589423,0.15776544625589445,0.15776544625589486,0.1577654462558951,0.15776544625589467,0.15776544625589445,0.15776544625589467,0.1577654462558951,0.15776544625589528,0.1577654462558951,0.15776544625589486,0.1577654462558951,0.15776544625589528,0.15634146257315396,0.1563414625731529,0.15634146257315226,0.1563414625731529,0.15634146257315396,0.1563414625731529,0.15634146257315185,0.15634146257315126,0.15634146257315185,0.1563414625731529,0.15634146257315226,0.15634146257315126,0.1563414625731504,0.15634146257315126,0.15634146257315226,0.1563414625731529,0.15634146257315185,0.15634146257315126,0.15634146257315185,0.1563414625731529,0.15634146257315396,0.1563414625731529,0.15634146257315226,0.1563414625731529,0.15634146257315396,0.15494591462787957,0.1549459146278765,0.15494591462787446,0.1549459146278765,0.15494591462787957,0.1549459146278765,0.15494591462787322,0.15494591462787116,0.15494591462787322,0.1549459146278765,0.15494591462787446,0.15494591462787116,0.1549459146278689,0.15494591462787116,0.15494591462787446,0.1549459146278765,0.15494591462787322,0.15494591462787116,0.15494591462787322,0.1549459146278765,0.15494591462787957,0.1549459146278765,0.15494591462787446,0.1549459146278765,0.15494591462787957,0.1535782206608074,0.15357822066079777,0.15357822066079171,0.15357822066079777,0.1535782206608074,0.15357822066079777,0.15357822066078772,0.15357822066078147,0.15357822066078772,0.15357822066079777,0.15357822066079171,0.15357822066078147,0.15357822066077506,0.15357822066078147,0.15357822066079171,0.15357822066079777,0.15357822066078772,0.15357822066078147,0.15357822066078772,0.15357822066079777,0.1535782206608074,0.15357822066079777,0.15357822066079171,0.15357822066079777,0.1535782206608074,0.15223780381446003,0.15223780381443128,0.15223780381441337,0.15223780381443128,0.15223780381446003,0.15223780381443128,0.15223780381440077,0.15223780381438148,0.15223780381440077,0.15223780381443128,0.15223780381441337,0.15223780381438148,0.1522378038143614,0.15223780381438148,0.15223780381441337,0.15223780381443128,0.15223780381440077,0.15223780381438148,0.15223780381440077,0.15223780381443128,0.15223780381446003,0.15223780381443128,0.15223780381441337,0.15223780381443128,0.15223780381446003,0.15092409289447214,0.15092409289438766,0.15092409289433384,0.15092409289438766,0.15092409289447214,0.15092409289438766,0.15092409289429468,0.15092409289423508,0.15092409289429468,0.15092409289438766,0.15092409289433384,0.15092409289423508,0.15092409289417158,0.15092409289423508,0.15092409289433384,0.15092409289438766,0.15092409289429468,0.15092409289423508,0.15092409289429468,0.15092409289438766,0.15092409289447214,0.15092409289438766,0.15092409289433384,0.15092409289438766,0.15092409289447214,0.14963652303922587,0.14963652303898042,0.14963652303881972,0.14963652303898042,0.14963652303922587,0.14963652303898042,0.14963652303869734,0.14963652303851094,0.14963652303869734,0.14963652303898042,0.14963652303881972,0.14963652303851094,0.1496365230383056,0.14963652303851094,0.14963652303881972,0.14963652303898042,0.14963652303869734,0.14963652303851094,0.14963652303869734,0.14963652303898042,0.14963652303922587,0.14963652303898042,0.14963652303881972,0.14963652303898042,0.14963652303922587,0.14837453630543218,0.14837453630471942,0.14837453630424402,0.14837453630471942,0.14837453630543218,0.14837453630471942,0.14837453630385983,0.14837453630326716,0.14837453630385983,0.14837453630471942,0.14837453630424402,0.14837453630326716,0.148374536302579,0.14837453630326716,0.14837453630424402,0.14837453630471942,0.14837453630385983,0.14837453630326716,0.14837453630385983,0.14837453630471942,0.14837453630543218,0.14837453630471942,0.14837453630424402,0.14837453630471942,0.14837453630543218,0.14713758217689227,0.14713758217486464,0.14713758217346024,0.14713758217486464,0.14713758217689227,0.14713758217486464,0.1471375821722613,0.14713758217033412,0.1471375821722613,0.14713758217486464,0.14713758217346024,0.14713758217033412,0.14713758216790263,0.14713758217033412,0.14713758217346024,0.14713758217486464,0.1471375821722613,0.14713758217033412,0.1471375821722613,0.14713758217486464,0.14713758217689227,0.14713758217486464,0.14713758217346024,0.14713758217486464,0.14713758217689227,0.14592511800343072,0.14592511799792177,0.1459251179938368,0.14592511799792177,0.14592511800343072,0.14592511799792177,0.14592511799017419,0.14592511798375782,0.14592511799017419,0.14592511799792177,0.1459251179938368,0.14592511798375782,0.1459251179744821,0.14592511798375782,0.1459251179938368,0.14592511799792177,0.14592511799017419,0.14592511798375782,0.14592511799017419,0.14592511799792177,0.14592511800343072,0.14592511799792177,0.1459251179938368,0.14592511799792177,0.14592511800343072,0.1447366093771085,0.14473660936321156,0.14473660935183194,0.14473660936321156,0.1447366093771085,0.14473660936321156,0.14473660934109311,0.1447366093193622,0.14473660934109311,0.14473660936321156,0.14473660935183194,0.1447366093193622,0.14473660928013507,0.1447366093193622,0.14473660935183194,0.14473660936321156,0.14473660934109311,0.1447366093193622,0.14473660934109311,0.14473660936321156,0.1447366093771085,0.14473660936321156,0.14473660935183194,0.14473660936321156,0.1447366093771085,0.14357153045271762,0.1435715304218398,0.1435715303928334,0.1435715304218398,0.14357153045271762,0.1435715304218398,0.14357153036411296,0.14357153029161876,0.14357153036411296,0.1435715304218398,0.1435715303928334,0.14357153029161876,0.14357153010416235,0.14357153029161876,0.1435715303928334,0.1435715304218398,0.14357153036411296,0.14357153029161876,0.14357153036411296,0.1435715304218398,0.14357153045271762,0.1435715304218398,0.1435715303928334,0.1435715304218398,0.14357153045271762,0.14242936421691055,0.14242936416270652,0.1424293641027424,0.14242936416270652,0.14242936421691055,0.14242936416270652,0.14242936404130357,0.14242936382953644,0.14242936404130357,0.14242936416270652,0.1424293641027424,0.14242936382953644,0.14242936281419463,0.14242936382953644,0.1424293641027424,0.14242936416270652,0.14242936404130357,0.14242936382953644,0.14242936404130357,0.14242936416270652,0.14242936421691055,0.14242936416270652,0.1424293641027424,0.14242936416270652,0.14242936421691055,0.14130960269666526,0.1413096026381725,0.14130960257379024,0.1413096026381725,0.14130960269666526,0.1413096026381725,0.14130960250752958,0.14130960229042636,0.14130960250752958,0.1413096026381725,0.14130960257379024,0.14130960229042636,0.14130960136797757,0.14130960229042636,0.14130960257379024,0.1413096026381725,0.14130960250752958,0.14130960229042636,0.14130960250752958,0.1413096026381725,0.14130960269666526,0.1413096026381725,0.14130960257379024,0.1413096026381725,0.14130960269666526,0.14021174707592604,0.14021174703324082,0.14021174698300135,0.14021174703324082,0.14021174707592604,0.14021174703324082,0.1402117469307367,0.1402117467411012,0.1402117469307367,0.14021174703324082,0.14021174698300135,0.1402117467411012,0.1402117458079926,0.1402117467411012,0.14021174698300135,0.14021174703324082,0.1402117469307367,0.1402117467411012,0.1402117469307367,0.14021174703324082,0.14021174707592604,0.14021174703324082,0.14021174698300135,0.14021174703324082,0.14021174707592604,0.13913530782206884,0.13913530782085423,0.1391353078172891,0.13913530782085423,0.13913530782206884,0.13913530782085423,0.13913530781307468,0.1391353077933061,0.13913530781307468,0.13913530782085423,0.1391353078172891,0.1391353077933061,0.13913530771175733,0.1391353077933061,0.1391353078172891,0.13913530782085423,0.13913530781307468,0.1391353077933061,0.13913530781307468,0.13913530782085423,0.13913530782206884,0.13913530782085423,0.1391353078172891,0.13913530782085423,0.13913530782206884,0.13807980476710985,0.1380798048158257,0.13807980486644814,0.1380798048158257,0.13807980476710985,0.1380798048158257,0.13807980491822852,0.13807980506426357,0.13807980491822852,0.1380798048158257,0.13807980486644814,0.13807980506426357,0.13807980548932944,0.13807980506426357,0.13807980486644814,0.1380798048158257,0.13807980491822852,0.13807980506426357,0.13807980491822852,0.1380798048158257,0.13807980476710985,0.1380798048158257,0.13807980486644814,0.1380798048158257,0.13807980476710985,0.13704476720341924,0.13704476729560475,0.13704476740909305,0.13704476729560475,0.13704476720341924,0.13704476729560475,0.1370447675271877,0.1370447679981075,0.1370447675271877,0.13704476729560475,0.13704476740909305,0.1370447679981075,0.13704477062422768,0.1370447679981075,0.13704476740909305,0.13704476729560475,0.1370447675271877,0.1370447679981075,0.1370447675271877,0.13704476729560475,0.13704476720341924,0.13704476729560475,0.13704476740909305,0.13704476729560475,0.13704476720341924,0.1360297339460455,0.13602973401158208,0.13602973407612962,0.13602973401158208,0.1360297339460455,0.13602973401158208,0.13602973414105468,0.13602973431518478,0.13602973414105468,0.13602973401158208,0.13602973407612962,0.13602973431518478,0.1360297348002086,0.13602973431518478,0.13602973407612962,0.13602973401158208,0.13602973414105468,0.13602973431518478,0.13602973414105468,0.13602973401158208,0.1360297339460455,0.13602973401158208,0.13602973407612962,0.13602973401158208,0.1360297339460455,0.13503425346986253,0.13503425351115309,0.1350342535453398,0.13503425351115309,0.13503425346986253,0.13503425351115309,0.13503425357785281,0.1350342536441894,0.13503425357785281,0.13503425351115309,0.1350342535453398,0.1350342536441894,0.13503425376512462,0.1350342536441894,0.1350342535453398,0.13503425351115309,0.13503425357785281,0.1350342536441894,0.13503425357785281,0.13503425351115309,0.13503425346986253,0.13503425351115309,0.1350342535453398,0.13503425351115309,0.13503425346986253
0.16533248748870438,0.16533248748870438,0.16533248748870438,0.16533248748870438,0.16533248748870438,0.16533248748870438,0.16533248748870438,0.16533248748870438,0.16533248748870438,0.16533248748870438,0.16533248748870438,0.16533248748870438,0.16533248748870438,0.16533248748870438,0.16533248748870438,0.16533248748870438,0.16533248748870438,0.16533248748870438,0.16533248748870438,0.16533248748870438,0.16533248748870438,0.16533248748870438,0.16533248748870438,0.16533248748870438,0.16533248748870438,0.16375749377579746,0.16375749377579746,0.16375749377579746,0.16375749377579746,0.16375749377579746,0.16375749377579746,0.16375749377579746,0.16375749377579746,0.16375749377579746,0.16375749377579746,0.16375749377579746,0.16375749377579746,0.16375749377579746,0.16375749377579746,0.16375749377579746,0.16375749377579746,0.16375749377579746,0.16375749377579746,0.16375749377579746,0.16375749377579746,0.16375749377579746,0.16375749377579746,0.16375749377579746,0.16375749377579746,0.16375749377579746,0.1622138839946611,0.1622138839946611,0.1622138839946611,0.1622138839946611,0.1622138839946611,0.1622138839946611,0.1622138839946611,0.1622138839946611,0.1622138839946611,0.1622138839946611,0.1622138839946611,0.1622138839946611,0.1622138839946611,0.1622138839946611,0.1622138839946611,0.1622138839946611,0.1622138839946611,0.1622138839946611,0.1622138839946611,0.1622138839946611,0.1622138839946611,0.1622138839946611,0.1622138839946611,0.1622138839946611,0.1622138839946611,0.16070106710233492,0.16070106710233492,0.16070106710233492,0.16070106710233492,0.16070106710233492,0.16070106710233492,0.16070106710233492,0.16070106710233492,0.16070106710233492,0.16070106710233492,0.16070106710233492,0.16070106710233492,0.16070106710233492,0.16070106710233492,0.16070106710233492,0.16070106710233492,0.16070106710233492,0.16070106710233492,0.16070106710233492,0.16070106710233492,0.16070106710233492,0.16070106710233492,0.16070106710233492,0.16070106710233492,0.16070106710233492,0.15921845147379665,0.15921845147379665,0.15921845147379665,0.15921845147379665,0.15921845147379665,0.15921845147379665,0.1592184514737964,0.1592184514737964,0.1592184514737964,0.15921845147379665,0.15921845147379665,0.1592184514737964,0.1592184514737964,0.1592184514737964,0.15921845147379665,0.15921845147379665,0.1592184514737964,0.1592184514737964,0.1592184514737964,0.15921845147379665,0.15921845147379665,0.15921845147379665,0.15921845147379665,0.15921845147379665,0.15921845147379665,0.15776544625381367,0.15776544625381347,0.15776544625381325,0.15776544625381347,0.15776544625381367,0.15776544625381347,0.15776544625381303,0.15776544625381284,0.15776544625381303,0.15776544625381347,0.15776544625381325,0.15776544625381284,0.1577654462538126,0.15776544625381284,0.15776544625381325,0.15776544625381347,0.15776544625381303,0.15776544625381284,0.15776544625381303,0.15776544625381347,0.15776544625381367,0.15776544625381347,0.15776544625381325,0.15776544625381347,0.15776544625381367,0.15634146257126572,0.1563414625712647,0.15634146257126405,0.1563414625712647,0.15634146257126572,0.1563414625712647,0.15634146257126363,0.1563414625712628,0.15634146257126363,0.1563414625712647,0.15634146257126405,0.1563414625712628,0.15634146257126216,0.1563414625712628,0.15634146257126405,0.1563414625712647,0.15634146257126363,0.1563414625712628,0.15634146257126363,0.1563414625712647,0.15634146257126572,0.1563414625712647,0.15634146257126405,0.1563414625712647,0.15634146257126572,0.15494591462620588,0.1549459146262028,0.15494591462620075,0.1549459146262028,0.15494591462620588,0.1549459146262028,0.15494591462619955,0.1549459146261975,0.15494591462619955,0.1549459146262028,0.15494591462620075,0.1549459146261975,0.15494591462619545,0.1549459146261975,0.15494591462620075,0.1549459146262028,0.15494591462619955,0.1549459146261975,0.15494591462619955,0.1549459146262028,0.15494591462620588,0.1549459146262028,0.15494591462620075,0.1549459146262028,0.15494591462620588,0.15357822065936794,0.15357822065935853,0.1535782206593525,0.15357822065935853,0.15357822065936794,0.15357822065935853,0.15357822065934848,0.15357822065934223,0.15357822065934848,0.15357822065935853,0.1535782206593525,0.15357822065934223,0.15357822065933582,0.15357822065934223,0.1535782206593525,0.15357822065935853,0.15357822065934848,0.15357822065934223,0.15357822065934848,0.15357822065935853,0.15357822065936794,0.15357822065935853,0.1535782206593525,0.15357822065935853,0.15357822065936794,0.1522378038132727,0.15223780381324473,0.15223780381322682,0.15223780381324473,0.1522378038132727,0.15223780381324473,0.15223780381321442,0.15223780381319535,0.15223780381321442,0.15223780381324473,0.15223780381322682,0.15223780381319535,0.15223780381317525,0.15223780381319535,0.15223780381322682,0.15223780381324473,0.15223780381321442,0.15223780381319535,0.15223780381321442,0.15223780381324473,0.1522378038132727,0.15223780381324473,0.15223780381322682,0.15223780381324473,0.1522378038132727,0.15092409289355194,0.15092409289346917,0.15092409289341593,0.15092409289346917,0.15092409289355194,0.15092409289346917,0.15092409289337694,0.15092409289331774,0.15092409289337694,0.15092409289346936,0.15092409289341593,0.15092409289331774,0.15092409289325445,0.15092409289331774,0.15092409289341593,0.15092409289346917,0.15092409289337694,0.15092409289331774,0.15092409289337694,0.15092409289346917,0.15092409289355194,0.15092409289346936,0.15092409289341593,0.15092409289346917,0.15092409289355194,0.1496365230385877,0.14963652303834338,0.14963652303818456,0.14963652303834338,0.1496365230385877,0.14963652303834338,0.14963652303806224,0.14963652303787617,0.14963652303806224,0.14963652303834338,0.14963652303818456,0.14963652303787617,0.14963652303767083,0.14963652303787617,0.14963652303818456,0.14963652303834338,0.14963652303806224,0.14963652303787617,0.14963652303806224,0.14963652303834338,0.1496365230385877,0.14963652303834338,0.14963652303818456,0.14963652303834338,0.1496365230385877,0.14837453630509356,0.14837453630437858,0.14837453630390376,0.14837453630437858,0.14837453630509356,0.14837453630437858,0.14837453630351938,0.14837453630292616,0.14837453630351938,0.14837453630437858,0.14837453630390376,0.14837453630292616,0.1483745363022371,0.14837453630292616,0.14837453630390376,0.14837453630437858,0.14837453630351938,0.14837453630292616,0.14837453630351938,0.14837453630437858,0.14837453630509356,0.14837453630437858,0.14837453630390376,0.14837453630437858,0.14837453630509356,0.14713758217686324,0.1471375821748312,0.14713758217342263,0.1471375821748312,0.14713758217686324,0.1471375821748312,0.14713758217222334,0.14713758217029194,0.14713758217222334,0.1471375821748312,0.14713758217342263,0.14713758217029194,0.1471375821678554,0.14713758217029194,0.14713758217342263,0.1471375821748312,0.14713758217222334,0.14713758217029194,0.14713758217222334,0.1471375821748312,0.14713758217686324,0.1471375821748312,0.14713758217342263,0.1471375821748312,0.14713758217686324,0.14592511800372182,0.14592511799820204,0.14592511799410726,0.14592511799820204,0.14592511800372182,0.14592511799820204,0.14592511799043914,0.14592511798400856,0.14592511799043914,0.14592511799820204,0.14592511799410726,0.14592511798400856,0.14592511797471144,0.14592511798400856,0.14592511799410726,0.14592511799820204,0.14592511799043914,0.14592511798400856,0.14592511799043914,0.14592511799820204,0.14592511800372182,0.14592511799820204,0.14592511799410726,0.14592511799820204,0.14592511800372182,0.1447366093777388,0.14473660936381724,0.14473660935241564,0.14473660936381724,0.1447366093777388,0.14473660936381724,0.1447366093416552,0.14473660931987695,0.1447366093416552,0.14473660936381724,0.14473660935241564,0.14473660931987695,0.14473660928055382,0.14473660931987695,0.14473660935241564,0.14473660936381724,0.1447366093416552,0.14473660931987695,0.1447366093416552,0.14473660936381724,0.1447366093777388,0.14473660936381724,0.14473660935241564,0.14473660936381724,0.1447366093777388,0.14357153045372925,0.14357153042280432,0.14357153039374748,0.14357153042280432,0.14357153045372925,0.14357153042280432,0.14357153036497142,0.14357153029232203,0.14357153036497142,0.14357153042280432,0.14357153039374748,0.14357153029232203,0.1435715301043836,0.14357153029232203,0.14357153039374748,0.14357153042280432,0.14357153036497142,0.14357153029232203,0.14357153036497142,0.14357153042280432,0.14357153045372925,0.14357153042280432,0.14357153039374748,0.14357153042280432,0.14357153045372925,0.14242936421838676,0.14242936416412974,0.1424293641040856,0.14242936416412974,0.14242936421838676,0.14242936416412974,0.1424293640425607,0.14242936383037455,0.1424293640425607,0.14242936416412974,0.1424293641040856,0.14242936383037455,0.14242936281230606,0.14242936383037455,0.1424293641040856,0.14242936416412974,0.1424293640425607,0.14242936383037455,0.1424293640425607,0.14242936416412974,0.14242936421838676,0.14242936416412974,0.1424293641040856,0.14242936416412974,0.14242936421838676,0.1413096026986959,0.1413096026402354,0.141309602575899,0.1413096026402354,0.1413096026986959,0.1413096026402354,0.14130960250968705,0.14130960229281342,0.14130960250968705,0.1413096026402354,0.141309602575899,0.14130960229281342,0.14130960137184187,0.14130960229281342,0.141309602575899,0.1413096026402354,0.14130960250968705,0.14130960229281342,0.14130960250968705,0.1413096026402354,0.1413096026986959,0.1413096026402354,0.141309602575899,0.1413096026402354,0.1413096026986959,0.14021174707842063,0.14021174703580827,0.1402117469856625,0.14021174703580827,0.14021174707842063,0.14021174703580827,0.14021174693349606,0.14021174674425338,0.14021174693349606,0.14021174703580827,0.1402117469856625,0.14021174674425338,0.14021174581322765,0.14021174674425338,0.1402117469856625,0.14021174703580827,0.14021174693349606,0.14021174674425338,0.14021174693349606,0.14021174703580827,0.14021174707842063,0.14021174703580827,0.1402117469856625,0.14021174703580827,0.14021174707842063,0.13913530782484576,0.139135307823677,0.13913530782015884,0.139135307823677,0.13913530782484576,0.139135307823677,0.13913530781599215,0.13913530779635355,0.13913530781599215,0.139135307823677,0.13913530782015884,0.13913530779635355,0.1391353077151642,0.13913530779635355,0.13913530782015884,0.139135307823677,0.13913530781599215,0.13913530779635355,0.13913530781599215,0.139135307823677,0.13913530782484576,0.139135307823677,0.13913530782015884,0.139135307823677,0.13913530782484576,0.13807980477003545,0.13807980481876653,0.13807980486940044,0.13807980481876653,0.13807980477003545,0.13807980481876653,0.13807980492119168,0.13807980506724332,0.13807980492119168,0.13807980481876653,0.13807980486940044,0.13807980506724332,0.13807980549231785,0.13807980506724332,0.13807980486940044,0.13807980481876653,0.13807980492119168,0.13807980506724332,0.13807980492119168,0.13807980481876653,0.13807980477003545,0.13807980481876653,0.13807980486940044,0.13807980481876653,0.13807980477003545,0.13704476720641748,0.13704476729859885,0.13704476741207774,0.13704476729859885,0.13704476720641748,0.13704476729859885,0.13704476753016193,0.13704476800102516,0.13704476753016193,0.13704476729859885,0.13704476741207774,0.13704476800102516,0.13704477062678377,0.13704476800102516,0.13704476741207774,0.13704476729859885,0.13704476753016193,0.13704476800102516,0.13704476753016193,0.13704476729859885,0.13704476720641748,0.13704476729859885,0.13704476741207774,0.13704476729859885,0.13704476720641748,0.1360297339490746,0.13602973401460505,0.13602973407914573,0.13602973401460505,0.1360297339490746,0.13602973401460505,0.13602973414406364,0.13602973431817136,0.13602973414406364,0.13602973401460505,0.13602973407914573,0.13602973431817136,0.13602973480312913,0.13602973431817136,0.13602973407914573,0.13602973401460505,0.13602973414406364,0.13602973431817136,0.13602973414406364,0.13602973401460505,0.1360297339490746,0.13602973401460505,0.13602973407914573,0.13602973401460505,0.1360297339490746,0.13503425347288062,0.13503425351416662,0.13503425354834925,0.13503425351416662,0.13503425347288062,0.13503425351416662,0.13503425358085788,0.13503425364718571,0.13503425358085788,0.13503425351416662,0.13503425354834925,0.13503425364718571,0.13503425376810466,0.13503425364718571,0.13503425354834925,0.13503425351416662,0.13503425358085788,0.13503425364718571,0.13503425358085788,0.13503425351416662,0.13503425347288062,0.13503425351416662,0.13503425354834925,0.13503425351416662,0.13503425347288062
0.16533248748768775,0.16533248748768775,0.16533248748768775,0.16533248748768775,0.16533248748768775,0.16533248748768775,0.16533248748768775,0.16533248748768775,0.16533248748768775,0.16533248748768775,0.16533248748768775,0.16533248748768775,0.16533248748768775,0.16533248748768775,0.16533248748768775,0.16533248748768775,0.16533248748768775,0.16533248748768775,0.16533248748768775,0.16533248748768775,0.16533248748768775,0.16533248748768775,0.16533248748768775,0.16533248748768775,0.16533248748768775,0.1637574937748108,0.1637574937748108,0.1637574937748108,0.1637574937748108,0.1637574937748108,0.1637574937748108,0.1637574937748108,0.1637574937748108,0.1637574937748108,0.1637574937748108,0.1637574937748108,0.1637574937748108,0.1637574937748108,0.1637574937748108,0.1637574937748108,0.1637574937748108,0.1637574937748108,0.1637574937748108,0.1637574937748108,0.1637574937748108,0.1637574937748108,0.1637574937748108,0.1637574937748108,0.1637574937748108,0.1637574937748108,0.1622138839937122,0.1622138839937122,0.1622138839937122,0.1622138839937122,0.1622138839937122,0.1622138839937122,0.1622138839937122,0.1622138839937122,0.1622138839937122,0.1622138839937122,0.1622138839937122,0.1622138839937122,0.1622138839937122,0.1622138839937122,0.1622138839937122,0.1622138839937122,0.1622138839937122,0.1622138839937122,0.1622138839937122,0.1622138839937122,0.1622138839937122,0.1622138839937122,0.1622138839937122,0.1622138839937122,0.1622138839937122,0.16070106710143164,0.16070106710143164,0.16070106710143164,0.16070106710143164,0.16070106710143164,0.16070106710143164,0.16070106710143164,0.16070106710143164,0.16070106710143164,0.16070106710143164,0.16070106710143164,0.16070106710143164,0.16070106710143164,0.16070106710143164,0.16070106710143164,0.16070106710143164,0.16070106710143164,0.16070106710143164,0.16070106710143164,0.16070106710143164,0.16070106710143164,0.16070106710143164,0.16070106710143164,0.16070106710143164,0.16070106710143164,0.1592184514729473,0.1592184514729471,0.1592184514729471,0.1592184514729471,0.1592184514729473,0.1592184514729471,0.1592184514729471,0.1592184514729469,0.1592184514729471,0.1592184514729471,0.1592184514729471,0.1592184514729469,0.1592184514729469,0.1592184514729469,0.1592184514729471,0.1592184514729471,0.1592184514729471,0.1592184514729469,0.1592184514729471,0.1592184514729471,0.1592184514729473,0.1592184514729471,0.1592184514729471,0.1592184514729471,0.1592184514729473,0.15776544625302613,0.15776544625302572,0.1577654462530255,0.15776544625302572,0.15776544625302613,0.15776544625302572,0.1577654462530255,0.15776544625302527,0.1577654462530255,0.15776544625302572,0.1577654462530255,0.15776544625302527,0.15776544625302505,0.15776544625302527,0.1577654462530255,0.15776544625302572,0.1577654462530255,0.15776544625302527,0.1577654462530255,0.15776544625302572,0.15776544625302613,0.15776544625302572,0.1577654462530255,0.15776544625302572,0.15776544625302613,0.15634146257054787,0.15634146257054682,0.15634146257054618,0.15634146257054682,0.15634146257054787,0.15634146257054682,0.15634146257054576,0.15634146257054515,0.15634146257054576,0.15634146257054682,0.15634146257054618,0.15634146257054515,0.15634146257054451,0.15634146257054515,0.15634146257054618,0.15634146257054682,0.15634146257054576,0.15634146257054515,0.15634146257054576,0.15634146257054682,0.15634146257054787,0.15634146257054682,0.15634146257054618,0.15634146257054682,0.15634146257054787,0.15494591462556567,0.15494591462556262,0.15494591462556057,0.15494591462556262,0.15494591462556567,0.15494591462556262,0.15494591462555934,0.1549459146255573,0.15494591462555934,0.15494591462556262,0.15494591462556057,0.1549459146255573,0.15494591462555524,0.1549459146255573,0.15494591462556057,0.15494591462556262,0.15494591462555934,0.1549459146255573,0.15494591462555934,0.15494591462556262,0.15494591462556567,0.15494591462556262,0.15494591462556057,0.15494591462556262,0.15494591462556567,0.15357822065881221,0.15357822065880297,0.15357822065879714,0.15357822065880297,0.15357822065881221,0.15357822065880297,0.15357822065879315,0.15357822065878693,0.15357822065879315,0.15357822065880297,0.15357822065879714,0.15357822065878693,0.15357822065878068,0.15357822065878693,0.15357822065879714,0.15357822065880297,0.15357822065879315,0.15357822065878693,0.15357822065879315,0.15357822065880297,0.15357822065881221,0.15357822065880297,0.15357822065879714,0.15357822065880297,0.15357822065881221,0.15223780381280796,0.15223780381278038,0.15223780381276286,0.15223780381278038,0.15223780381280796,0.15223780381278038,0.15223780381275048,0.1522378038127314,0.15223780381275048,0.15223780381278038,0.15223780381276286,0.1522378038127314,0.1522378038127115,0.1522378038127314,0.15223780381276286,0.15223780381278038,0.15223780381275048,0.1522378038127314,0.15223780381275048,0.15223780381278038,0.15223780381280796,0.15223780381278038,0.15223780381276286,0.15223780381278038,0.15223780381280796,0.1509240928931842,0.15092409289310205,0.15092409289304937,0.15092409289310205,0.1509240928931842,0.15092409289310205,0.1509240928930104,0.1509240928929514,0.1509240928930104,0.15092409289310205,0.15092409289304937,0.1509240928929514,0.1509240928928881,0.1509240928929514,0.15092409289304937,0.15092409289310205,0.1509240928930104,0.1509240928929514,0.1509240928930104,0.15092409289310205,0.1509240928931842,0.15092409289310205,0.15092409289304937,0.15092409289310205,0.1509240928931842,0.14963652303832412,0.14963652303807926,0.1496365230379208,0.14963652303807926,0.14963652303832412,0.14963652303807926,0.14963652303779845,0.1496365230376126,0.14963652303779845,0.14963652303807926,0.1496365230379208,0.1496365230376126,0.14963652303740707,0.1496365230376126,0.1496365230379208,0.14963652303807926,0.14963652303779845,0.1496365230376126,0.14963652303779845,0.14963652303807926,0.14963652303832412,0.14963652303807926,0.1496365230379208,0.14963652303807926,0.14963652303832412,0.14837453630493921,0.1483745363042233,0.1483745363037477,0.1483745363042233,0.14837453630493921,0.1483745363042233,0.14837453630336297,0.148374536302769,0.14837453630336297,0.1483745363042233,0.1483745363037477,0.148374536302769,0.1483745363020788,0.148374536302769,0.1483745363037477,0.1483745363042233,0.14837453630336297,0.148374536302769,0.14837453630336297,0.1483745363042233,0.14837453630493921,0.1483745363042233,0.1483745363037477,0.1483745363042233,0.14837453630493921,0.14713758217682268,0.14713758217478778,0.14713758217337594,0.14713758217478778,0.14713758217682268,0.14713758217478778,0.1471375821721761,0.14713758217024164,0.1471375821721761,0.14713758217478778,0.14713758217337594,0.14713758217024164,0.14713758216780146,0.14713758217024164,0.14713758217337594,0.14713758217478778,0.1471375821721761,0.14713758217024164,0.1471375821721761,0.14713758217478778,0.14713758217682268,0.14713758217478778,0.14713758217337594,0.14713758217478778,0.14713758217682268,0.14592511800380198,0.14592511799827487,0.14592511799417407,0.14592511799827487,0.14592511800380198,0.14592511799827487,0.14592511799050095,0.14592511798406035,0.14592511799050095,0.14592511799827487,0.14592511799417407,0.14592511798406035,0.14592511797474744,0.14592511798406035,0.14592511799417407,0.14592511799827487,0.14592511799050095,0.14592511798406035,0.14592511799050095,0.14592511799827487,0.14592511800380198,0.14592511799827487,0.14592511799417407,0.14592511799827487,0.14592511800380198,0.14473660937795368,0.14473660936401536,0.1447366093525984,0.14473660936401536,0.14473660937795368,0.14473660936401536,0.14473660934182256,0.1447366093200103,0.14473660934182256,0.14473660936401536,0.1447366093525984,0.1447366093200103,0.14473660928061735,0.1447366093200103,0.1447366093525984,0.14473660936401536,0.14473660934182256,0.1447366093200103,0.14473660934182256,0.14473660936401536,0.14473660937795368,0.14473660936401536,0.1447366093525984,0.14473660936401536,0.14473660937795368,0.14357153045411114,0.14357153042315476,0.14357153039406267,0.14357153042315476,0.14357153045411114,0.14357153042315476,0.14357153036524828,0.1435715302924875,0.14357153036524828,0.14357153042315476,0.14357153039406267,0.1435715302924875,0.14357153010419707,0.1435715302924875,0.1435715303940625,0.14357153042315476,0.14357153036524828,0.1435715302924875,0.14357153036524828,0.14357153042315476,0.14357153045411114,0.14357153042315476,0.1435715303940625,0.14357153042315476,0.14357153045411114,0.14242936421899655,0.1424293641647073,0.14242936410461,0.1424293641647073,0.14242936421899655,0.1424293641647073,0.14242936404302756,0.1424293638305453,0.14242936404302756,0.1424293641647073,0.14242936410461,0.1424293638305453,0.14242936281048177,0.1424293638305453,0.14242936410461,0.1424293641647073,0.14242936404302756,0.1424293638305453,0.14242936404302756,0.1424293641647073,0.14242936421899655,0.1424293641647073,0.14242936410461,0.1424293641647073,0.14242936421899655,0.14130960269959422,0.14130960264117023,0.1413096025768822,0.14130960264117023,0.14130960269959422,0.14130960264117023,0.14130960251072072,0.1413096022940678,0.14130960251072072,0.14130960264117023,0.1413096025768822,0.1413096022940678,0.14130960137440574,0.1413096022940678,0.1413096025768822,0.14130960264117023,0.14130960251072072,0.1413096022940678,0.14130960251072072,0.14130960264117023,0.14130960269959422,0.14130960264117023,0.1413096025768822,0.14130960264117023,0.14130960269959422,0.14021174707952488,0.14021174703697978,0.140211746986919,0.14021174703697978,0.14021174707952488,0.14021174703697978,0.14021174693484204,0.14021174674595413,0.14021174693484204,0.14021174703697978,0.140211746986919,0.14021174674595413,0.1402117458168038,0.14021174674595413,0.140211746986919,0.14021174703697978,0.14021174693484204,0.14021174674595413,0.14021174693484204,0.14021174703697978,0.14021174707952488,0.14021174703697978,0.140211746986919,0.14021174703697978,0.14021174707952488,0.13913530782600708,0.139135307824876,0.13913530782139655,0.139135307824876,0.13913530782600708,0.139135307824876,0.13913530781726952,0.13913530779774017,0.13913530781726952,0.139135307824876,0.13913530782139655,0.13913530779774017,0.1391353077168596,0.13913530779774017,0.13913530782139655,0.139135307824876,0.13913530781726952,0.13913530779774017,0.13913530781726952,0.139135307824876,0.13913530782600708,0.139135307824876,0.13913530782139655,0.139135307824876,0.13913530782600708,0.13807980477116186,0.13807980481989615,0.13807980487053004,0.13807980481989615,0.13807980477116186,0.13807980481989615,0.1380798049223204,0.1380798050683585,0.1380798049223204,0.13807980481989615,0.13807980487053004,0.1380798050683585,0.13807980549336174,0.1380798050683585,0.13807980487053004,0.13807980481989615,0.1380798049223204,0.1380798050683585,0.1380798049223204,0.13807980481989615,0.13807980477116186,0.13807980481989615,0.13807980487053004,0.13807980481989615,0.13807980477116186,0.13704476720748462,0.13704476729964565,0.1370447674130958,0.13704476729964565,0.13704476720748462,0.13704476729964565,0.13704476753114925,0.1370447680018793,0.13704476753114925,0.13704476729964565,0.1370447674130958,0.1370447680018793,0.13704477062686193,0.1370447680018793,0.1370447674130958,0.13704476729964565,0.13704476753114925,0.1370447680018793,0.13704476753114925,0.13704476729964565,0.13704476720748462,0.13704476729964565,0.1370447674130958,0.13704476729964565,0.13704476720748462,0.13602973395010556,0.13602973401561913,0.13602973408014205,0.13602973401561913,0.13602973395010556,0.13602973401561913,0.13602973414504207,0.13602973431909973,0.13602973414504207,0.13602973401561913,0.13602973408014205,0.13602973431909973,0.13602973480391406,0.13602973431909973,0.13602973408014205,0.13602973401561913,0.13602973414504207,0.13602973431909973,0.13602973414504207,0.13602973401561913,0.13602973395010556,0.13602973401561913,0.13602973408014205,0.13602973401561913,0.13602973395010556,0.13503425347388995,0.1350342535151647,0.13503425354933782,0.1350342535151647,0.13503425347388995,0.1350342535151647,0.13503425358183707,0.13503425364814575,0.13503425358183707,0.1350342535151647,0.13503425354933782,0.13503425364814575,0.1350342537690292,0.13503425364814575,0.13503425354933782,0.1350342535151647,0.13503425358183707,0.13503425364814575,0.13503425358183707,0.1350342535151647,0.13503425347388995,0.1350342535151647,0.13503425354933782,0.1350342535151647,0.13503425347388995
0.1653324874873269,0.1653324874873269,0.1653324874873269,0.1653324874873269,0.1653324874873269,0.1653324874873269,0.1653324874873269,0.1653324874873269,0.1653324874873269,0.1653324874873269,0.1653324874873269,0.1653324874873269,0.1653324874873269,0.1653324874873269,0.1653324874873269,0.1653324874873269,0.1653324874873269,0.1653324874873269,0.1653324874873269,0.1653324874873269,0.1653324874873269,0.1653324874873269,0.1653324874873269,0.1653324874873269,0.1653324874873269,0.16375749377446105,0.16375749377446105,0.16375749377446105,0.16375749377446105,0.16375749377446105,0.16375749377446105,0.16375749377446105,0.16375749377446105,0.16375749377446105,0.16375749377446105,0.16375749377446105,0.16375749377446105,0.16375749377446105,0.16375749377446105,0.16375749377446105,0.16375749377446105,0.16375749377446105,0.16375749377446105,0.16375749377446105,0.16375749377446105,0.16375749377446105,0.16375749377446105,0.16375749377446105,0.16375749377446105,0.16375749377446105,0.16221388399337697,0.16221388399337697,0.16221388399337697,0.16221388399337697,0.16221388399337697,0.16221388399337697,0.16221388399337697,0.16221388399337697,0.16221388399337697,0.16221388399337697,0.16221388399337697,0.16221388399337697,0.16221388399337697,0.16221388399337697,0.16221388399337697,0.16221388399337697,0.16221388399337697,0.16221388399337697,0.16221388399337697,0.16221388399337697,0.16221388399337697,0.16221388399337697,0.16221388399337697,0.16221388399337697,0.16221388399337697,0.1607010671011144,0.1607010671011144,0.1607010671011144,0.1607010671011144,0.1607010671011144,0.1607010671011144,0.1607010671011144,0.1607010671011144,0.1607010671011144,0.1607010671011144,0.1607010671011144,0.1607010671011144,0.16070106710111418,0.1607010671011144,0.1607010671011144,0.1607010671011144,0.1607010671011144,0.1607010671011144,0.1607010671011144,0.1607010671011144,0.1607010671011144,0.1607010671011144,0.1607010671011144,0.1607010671011144,0.1607010671011144,0.15921845147265146,0.15921845147265123,0.15921845147265123,0.15921845147265123,0.15921845147265146,0.15921845147265123,0.15921845147265123,0.159218451472651,0.15921845147265123,0.15921845147265123,0.15921845147265123,0.159218451472651,0.159218451472651,0.159218451472651,0.15921845147265123,0.15921845147265123,0.15921845147265123,0.159218451472651,0.15921845147265123,0.15921845147265123,0.15921845147265146,0.15921845147265123,0.15921845147265123,0.15921845147265123,0.15921845147265146,0.15776544625275496,0.15776544625275474,0.15776544625275452,0.15776544625275474,0.15776544625275496,0.15776544625275474,0.1577654462527543,0.1577654462527541,0.1577654462527543,0.15776544625275474,0.15776544625275452,0.1577654462527541,0.15776544625275388,0.1577654462527541,0.15776544625275452,0.15776544625275474,0.1577654462527543,0.1577654462527541,0.1577654462527543,0.15776544625275474,0.15776544625275496,0.15776544625275474,0.15776544625275452,0.15776544625275474,0.15776544625275496,0.15634146257030487,0.15634146257030385,0.1563414625703032,0.15634146257030385,0.15634146257030487,0.15634146257030385,0.1563414625703028,0.15634146257030215,0.1563414625703028,0.15634146257030385,0.1563414625703032,0.15634146257030215,0.15634146257030151,0.15634146257030215,0.1563414625703032,0.15634146257030385,0.1563414625703028,0.15634146257030215,0.1563414625703028,0.15634146257030385,0.15634146257030487,0.15634146257030385,0.1563414625703032,0.15634146257030385,0.15634146257030487,0.1549459146253538,0.1549459146253507,0.15494591462534865,0.1549459146253507,0.1549459146253538,0.1549459146253507,0.15494591462534743,0.15494591462534538,0.15494591462534743,0.1549459146253507,0.15494591462534865,0.15494591462534538,0.15494591462534335,0.15494591462534538,0.15494591462534865,0.1549459146253507,0.15494591462534743,0.15494591462534538,0.15494591462534743,0.1549459146253507,0.1549459146253538,0.1549459146253507,0.15494591462534865,0.1549459146253507,0.1549459146253538,0.15357822065863447,0.15357822065862523,0.15357822065861962,0.15357822065862523,0.15357822065863447,0.15357822065862523,0.1535782206586156,0.15357822065860938,0.1535782206586156,0.15357822065862523,0.15357822065861962,0.15357822065860938,0.15357822065860313,0.15357822065860938,0.15357822065861962,0.15357822065862523,0.1535782206586156,0.15357822065860938,0.1535782206586156,0.15357822065862523,0.15357822065863447,0.15357822065862523,0.15357822065861962,0.15357822065862523,0.15357822065863447,0.15223780381266722,0.15223780381263985,0.15223780381262253,0.15223780381263985,0.15223780381266722,0.15223780381263985,0.15223780381261015,0.15223780381259125,0.15223780381261015,0.15223780381263985,0.15223780381262253,0.15223780381259125,0.15223780381257135,0.15223780381259125,0.15223780381262253,0.15223780381263985,0.15223780381261015,0.15223780381259125,0.15223780381261015,0.15223780381263985,0.15223780381266722,0.15223780381263985,0.15223780381262253,0.15223780381263985,0.15223780381266722,0.1509240928930839,0.15092409289300154,0.15092409289294906,0.15092409289300154,0.1509240928930839,0.15092409289300154,0.15092409289291028,0.15092409289285125,0.15092409289291028,0.15092409289300154,0.15092409289294906,0.15092409289285125,0.15092409289278796,0.15092409289285125,0.15092409289294906,0.15092409289300154,0.15092409289291028,0.15092409289285125,0.15092409289291028,0.15092409289300154,0.1509240928930839,0.15092409289300154,0.15092409289294906,0.15092409289300154,0.1509240928930839,0.14963652303826722,0.14963652303802197,0.1496365230378635,0.14963652303802197,0.14963652303826722,0.14963652303802197,0.14963652303774097,0.14963652303755492,0.14963652303774097,0.14963652303802197,0.1496365230378635,0.14963652303755492,0.1496365230373494,0.14963652303755492,0.1496365230378635,0.14963652303802197,0.14963652303774097,0.14963652303755492,0.14963652303774097,0.14963652303802197,0.14963652303826722,0.14963652303802197,0.1496365230378635,0.14963652303802197,0.14963652303826722,0.14837453630492753,0.14837453630421085,0.1483745363037349,0.14837453630421085,0.14837453630492753,0.14837453630421085,0.14837453630334999,0.14837453630275546,0.14837453630334999,0.14837453630421085,0.1483745363037349,0.14837453630275546,0.1483745363020647,0.14837453630275546,0.1483745363037349,0.14837453630421085,0.14837453630334999,0.14837453630275546,0.14837453630334999,0.14837453630421085,0.14837453630492753,0.14837453630421085,0.1483745363037349,0.14837453630421085,0.14837453630492753,0.14713758217685888,0.1471375821748223,0.14713758217340883,0.1471375821748223,0.14713758217685888,0.1471375821748223,0.14713758217220843,0.14713758217027215,0.14713758217220843,0.1471375821748223,0.14713758217340883,0.14713758217027215,0.1471375821678296,0.14713758217027215,0.14713758217340883,0.1471375821748223,0.14713758217220843,0.14713758217027215,0.14713758217220843,0.1471375821748223,0.14713758217685888,0.1471375821748223,0.14713758217340883,0.1471375821748223,0.14713758217685888,0.1459251180038903,0.14592511799835892,0.14592511799425473,0.14592511799835892,0.1459251180038903,0.14592511799835892,0.14592511799057822,0.1459251179841316,0.14592511799057822,0.14592511799835892,0.14592511799425473,0.1459251179841316,0.14592511797480903,0.1459251179841316,0.14592511799425473,0.14592511799835892,0.14592511799057822,0.1459251179841316,0.14592511799057822,0.14592511799835892,0.1459251180038903,0.14592511799835892,0.14592511799425473,0.14592511799835892,0.1459251180038903,0.14473660937810273,0.14473660936415467,0.1447366093527288,0.14473660936415467,0.14473660937810273,0.14473660936415467,0.14473660934194388,0.14473660932011082,0.14473660934194388,0.14473660936415467,0.1447366093527288,0.14473660932011082,0.14473660928067392,0.14473660932011082,0.1447366093527288,0.14473660936415467,0.14473660934194388,0.14473660932011082,0.14473660934194388,0.14473660936415467,0.14473660937810273,0.14473660936415467,0.1447366093527288,0.14473660936415467,0.14473660937810273,0.14357153045433976,0.14357153042336646,0.14357153039425416,0.14357153042336646,0.14357153045433976,0.14357153042336646,0.14357153036541787,0.1435715302925888,0.14357153036541787,0.14357153042336646,0.14357153039425416,0.1435715302925888,0.1435715301040744,0.1435715302925888,0.14357153039425416,0.14357153042336646,0.14357153036541787,0.1435715302925888,0.14357153036541787,0.14357153042336646,0.14357153045433976,0.14357153042336646,0.14357153039425416,0.14357153042336646,0.14357153045433976,0.14242936421933824,0.14242936416503676,0.14242936410491244,0.14242936416503676,0.14242936421933824,0.14242936416503676,0.1424293640433003,0.14242936383064161,0.1424293640433003,0.14242936416503676,0.14242936410491244,0.14242936383064161,0.14242936280929747,0.14242936383064161,0.14242936410491244,0.14242936416503676,0.1424293640433003,0.14242936383064161,0.1424293640433003,0.14242936416503676,0.14242936421933824,0.14242936416503676,0.14242936410491244,0.14242936416503676,0.14242936421933824,0.1413096027000725,0.14130960264168896,0.14130960257745123,0.14130960264168896,0.1413096027000725,0.14130960264168896,0.14130960251134242,0.1413096022949005,0.14130960251134242,0.14130960264168896,0.14130960257745123,0.1413096022949005,0.14130960137642848,0.1413096022949005,0.14130960257745123,0.14130960264168896,0.14130960251134242,0.1413096022949005,0.14130960251134242,0.14130960264168896,0.1413096027000725,0.14130960264168896,0.14130960257745123,0.14130960264168896,0.1413096027000725,0.14021174708005316,0.140211747037569,0.1402117469875853,0.140211747037569,0.14021174708005316,0.140211747037569,0.14021174693558897,0.14021174674701822,0.14021174693558897,0.140211747037569,0.1402117469875853,0.14021174674701822,0.14021174581952522,0.14021174674701822,0.1402117469875853,0.140211747037569,0.14021174693558897,0.14021174674701822,0.14021174693558897,0.140211747037569,0.14021174708005316,0.140211747037569,0.1402117469875853,0.140211747037569,0.14021174708005316,0.13913530782645425,0.13913530782535236,0.13913530782190361,0.13913530782535236,0.13913530782645425,0.13913530782535236,0.1391353078178082,0.13913530779836836,0.1391353078178082,0.13913530782535236,0.13913530782190361,0.13913530779836836,0.1391353077177465,0.13913530779836836,0.13913530782190361,0.13913530782535236,0.1391353078178082,0.13913530779836836,0.1391353078178082,0.13913530782535236,0.13913530782645425,0.13913530782535236,0.13913530782190361,0.13913530782535236,0.13913530782645425,0.13807980477145984,0.13807980482018561,0.1380798048708082,0.13807980482018561,0.13807980477145984,0.13807980482018561,0.13807980492258629,0.13807980506858117,0.13807980492258629,0.13807980482018561,0.1380798048708082,0.13807980506858117,0.138079805493434,0.13807980506858117,0.1380798048708082,0.13807980482018561,0.13807980492258629,0.13807980506858117,0.13807980492258629,0.13807980482018561,0.13807980477145984,0.13807980482018561,0.1380798048708082,0.13807980482018561,0.13807980477145984,0.13704476720764155,0.13704476729976595,0.13704476741316848,0.13704476729976595,0.13704476720764155,0.13704476729976595,0.13704476753117176,0.13704476800169277,0.13704476753117176,0.13704476729976595,0.13704476741316848,0.13704476800169277,0.13704477062550238,0.13704476800169277,0.13704476741316848,0.13704476729976595,0.13704476753117176,0.13704476800169277,0.13704476753117176,0.13704476729976595,0.13704476720764155,0.13704476729976595,0.13704476741316848,0.13704476729976595,0.13704476720764155,0.13602973395018664,0.13602973401567237,0.1360297340801674,0.13602973401567237,0.13602973395018664,0.13602973401567237,0.13602973414503897,0.13602973431901877,0.13602973414503897,0.13602973401567237,0.1360297340801674,0.13602973431901877,0.1360297348036133,0.13602973431901877,0.1360297340801674,0.13602973401567237,0.13602973414503897,0.13602973431901877,0.13602973414503897,0.13602973401567237,0.13602973395018664,0.13602973401567237,0.1360297340801674,0.13602973401567237,0.13602973395018664,0.1350342534739429,0.13503425351519965,0.13503425354935789,0.13503425351519965,0.1350342534739429,0.13503425351519965,0.13503425358184265,0.13503425364812163,0.13503425358184265,0.13503425351519965,0.13503425354935789,0.13503425364812163,0.1350342537689505,0.13503425364812163,0.13503425354935789,0.13503425351519965,0.13503425358184265,0.13503425364812163,0.13503425358184265,0.13503425351519965,0.1350342534739429,0.13503425351519965,0.13503425354935789,0.13503425351519965,0.1350342534739429
0.16533248748728085,0.16533248748728085,0.16533248748728085,0.16533248748728085,0.16533248748728085,0.16533248748728085,0.16533248748728085,0.16533248748728085,0.16533248748728085,0.16533248748728085,0.16533248748728085,0.16533248748728085,0.16533248748728085,0.16533248748728085,0.16533248748728085,0.16533248748728085,0.16533248748728085,0.16533248748728085,0.16533248748728085,0.16533248748728085,0.16533248748728085,0.16533248748728085,0.16533248748728085,0.16533248748728085,0.16533248748728085,0.1637574937744185,0.1637574937744185,0.1637574937744185,0.1637574937744185,0.1637574937744185,0.1637574937744185,0.1637574937744185,0.1637574937744185,0.1637574937744185,0.1637574937744185,0.1637574937744185,0.1637574937744185,0.1637574937744185,0.1637574937744185,0.1637574937744185,0.1637574937744185,0.1637574937744185,0.1637574937744185,0.1637574937744185,0.1637574937744185,0.1637574937744185,0.1637574937744185,0.1637574937744185,0.1637574937744185,0.1637574937744185,0.16221388399333977,0.16221388399333977,0.16221388399333955,0.16221388399333977,0.16221388399333977,0.16221388399333977,0.16221388399333955,0.16221388399333955,0.16221388399333955,0.16221388399333977,0.16221388399333955,0.16221388399333955,0.16221388399333955,0.16221388399333955,0.16221388399333955,0.16221388399333977,0.16221388399333955,0.16221388399333955,0.16221388399333955,0.16221388399333977,0.16221388399333977,0.16221388399333977,0.16221388399333955,0.16221388399333977,0.16221388399333977,0.16070106710108417,0.16070106710108417,0.16070106710108417,0.16070106710108417,0.16070106710108417,0.16070106710108417,0.16070106710108417,0.16070106710108417,0.16070106710108417,0.16070106710108417,0.16070106710108417,0.16070106710108417,0.16070106710108417,0.16070106710108417,0.16070106710108417,0.16070106710108417,0.16070106710108417,0.16070106710108417,0.16070106710108417,0.16070106710108417,0.16070106710108417,0.16070106710108417,0.16070106710108417,0.16070106710108417,0.16070106710108417,0.1592184514726301,0.1592184514726301,0.1592184514726301,0.1592184514726301,0.1592184514726301,0.1592184514726301,0.1592184514726299,0.1592184514726299,0.1592184514726299,0.1592184514726301,0.1592184514726301,0.1592184514726299,0.1592184514726299,0.1592184514726299,0.1592184514726301,0.1592184514726301,0.1592184514726299,0.1592184514726299,0.1592184514726299,0.1592184514726301,0.1592184514726301,0.1592184514726301,0.1592184514726301,0.1592184514726301,0.1592184514726301,0.1577654462527447,0.1577654462527445,0.15776544625274427,0.1577654462527445,0.1577654462527447,0.1577654462527445,0.15776544625274405,0.15776544625274383,0.15776544625274405,0.1577654462527445,0.15776544625274427,0.15776544625274383,0.15776544625274364,0.15776544625274383,0.15776544625274427,0.1577654462527445,0.15776544625274405,0.15776544625274383,0.15776544625274405,0.1577654462527445,0.1577654462527447,0.1577654462527445,0.15776544625274427,0.1577654462527445,0.1577654462527447,0.15634146257030737,0.15634146257030657,0.15634146257030593,0.15634146257030657,0.15634146257030737,0.15634146257030657,0.1563414625703055,0.15634146257030487,0.1563414625703055,0.15634146257030657,0.15634146257030593,0.15634146257030487,0.15634146257030426,0.15634146257030487,0.15634146257030593,0.15634146257030657,0.1563414625703055,0.15634146257030487,0.1563414625703055,0.15634146257030657,0.15634146257030737,0.15634146257030657,0.15634146257030593,0.15634146257030657,0.15634146257030737,0.15494591462537122,0.15494591462536833,0.1549459146253665,0.15494591462536833,0.15494591462537122,0.15494591462536833,0.15494591462536506,0.1549459146253632,0.15494591462536506,0.15494591462536833,0.1549459146253665,0.1549459146253632,0.15494591462536117,0.1549459146253632,0.1549459146253665,0.15494591462536833,0.15494591462536506,0.1549459146253632,0.15494591462536506,0.15494591462536833,0.15494591462537122,0.15494591462536833,0.1549459146253665,0.15494591462536833,0.15494591462537122,0.1535782206586686,0.15357822065865956,0.15357822065865395,0.15357822065865956,0.1535782206586686,0.15357822065865956,0.15357822065865015,0.1535782206586439,0.15357822065865015,0.15357822065865956,0.15357822065865395,0.1535782206586439,0.1535782206586377,0.1535782206586439,0.15357822065865395,0.15357822065865956,0.15357822065865015,0.1535782206586439,0.15357822065865015,0.15357822065865956,0.1535782206586686,0.15357822065865956,0.15357822065865395,0.15357822065865956,0.1535782206586686,0.15223780381272017,0.1522378038126928,0.15223780381267568,0.1522378038126928,0.15223780381272017,0.1522378038126928,0.15223780381266327,0.15223780381264437,0.15223780381266327,0.1522378038126928,0.15223780381267568,0.15223780381264437,0.1522378038126245,0.15223780381264437,0.15223780381267568,0.1522378038126928,0.15223780381266327,0.15223780381264437,0.15223780381266327,0.1522378038126928,0.15223780381272017,0.1522378038126928,0.15223780381267568,0.1522378038126928,0.15223780381272017,0.15092409289315742,0.150924092893075,0.15092409289302275,0.150924092893075,0.15092409289315742,0.150924092893075,0.15092409289298378,0.15092409289292474,0.15092409289298378,0.150924092893075,0.15092409289302275,0.15092409289292474,0.1509240928928615,0.15092409289292474,0.15092409289302275,0.150924092893075,0.15092409289298378,0.15092409289292474,0.15092409289298378,0.150924092893075,0.15092409289315742,0.150924092893075,0.15092409289302275,0.150924092893075,0.15092409289315742,0.1496365230383625,0.14963652303811725,0.1496365230379588,0.14963652303811725,0.1496365230383625,0.14963652303811725,0.14963652303783628,0.1496365230376502,0.14963652303783628,0.14963652303811725,0.1496365230379588,0.1496365230376502,0.14963652303744449,0.1496365230376502,0.1496365230379588,0.14963652303811725,0.14963652303783628,0.1496365230376502,0.14963652303783628,0.14963652303811725,0.1496365230383625,0.14963652303811725,0.1496365230379588,0.14963652303811725,0.1496365230383625,0.14837453630504613,0.14837453630432929,0.148374536303853,0.14837453630432929,0.14837453630504613,0.14837453630432929,0.14837453630346806,0.1483745363028733,0.14837453630346806,0.14837453630432929,0.148374536303853,0.1483745363028733,0.14837453630218242,0.1483745363028733,0.148374536303853,0.14837453630432929,0.14837453630346806,0.1483745363028733,0.14837453630346806,0.14837453630432929,0.14837453630504613,0.14837453630432929,0.148374536303853,0.14837453630432929,0.14837453630504613,0.14713758217700199,0.1471375821749647,0.1471375821735507,0.1471375821749647,0.14713758217700199,0.1471375821749647,0.14713758217235015,0.14713758217041312,0.14713758217235015,0.1471375821749647,0.1471375821735507,0.14713758217041312,0.14713758216796965,0.14713758217041312,0.1471375821735507,0.1471375821749647,0.14713758217235015,0.14713758217041312,0.14713758217235015,0.1471375821749647,0.14713758217700199,0.1471375821749647,0.1471375821735507,0.1471375821749647,0.14713758217700199,0.14592511800405947,0.14592511799852684,0.14592511799442137,0.14592511799852684,0.14592511800405947,0.14592511799852684,0.1459251179907438,0.1459251179842949,0.1459251179907438,0.14592511799852684,0.14592511799442137,0.1459251179842949,0.1459251179749684,0.1459251179842949,0.14592511799442137,0.14592511799852684,0.1459251179907438,0.1459251179842949,0.1459251179907438,0.14592511799852684,0.14592511800405947,0.14592511799852684,0.14592511799442137,0.14592511799852684,0.14592511800405947,0.14473660937830052,0.14473660936434996,0.14473660935292132,0.14473660936434996,0.14473660937830052,0.14473660936434996,0.14473660934213325,0.14473660932029236,0.14473660934213325,0.14473660936434996,0.14473660935292132,0.14473660932029236,0.14473660928083695,0.14473660932029236,0.14473660935292132,0.14473660936434996,0.14473660934213325,0.14473660932029236,0.14473660934213325,0.14473660936434996,0.14473660937830052,0.14473660936434996,0.14473660935292132,0.14473660936434996,0.14473660937830052,0.1435715304545711,0.14357153042359522,0.14357153039447745,0.14357153042359522,0.1435715304545711,0.14357153042359522,0.14357153036563466,0.14357153029277975,0.14357153036563466,0.14357153042359522,0.14357153039447745,0.14357153029277975,0.14357153010416782,0.14357153029277975,0.14357153039447745,0.14357153042359522,0.14357153036563466,0.14357153029277975,0.14357153036563466,0.14357153042359522,0.1435715304545711,0.14357153042359522,0.14357153039447745,0.14357153042359522,0.1435715304545711,0.1424293642196075,0.14242936416531324,0.14242936410518772,0.14242936416531324,0.1424293642196075,0.14242936416531324,0.1424293640435729,0.14242936383085497,0.1424293640435729,0.14242936416531324,0.14242936410518772,0.14242936383085497,0.14242936280893492,0.14242936383085497,0.14242936410518772,0.14242936416531324,0.1424293640435729,0.14242936383085497,0.1424293640435729,0.14242936416531324,0.1424293642196075,0.14242936416531324,0.14242936410518772,0.14242936416531324,0.1424293642196075,0.14130960270036327,0.14130960264202413,0.1413096025778389,0.14130960264202413,0.14130960270036327,0.14130960264202413,0.14130960251178448,0.1413096022955444,0.14130960251178448,0.14130960264202413,0.1413096025778389,0.1413096022955444,0.14130960137810913,0.1413096022955444,0.1413096025778389,0.14130960264202413,0.14130960251178448,0.1413096022955444,0.14130960251178448,0.14130960264202413,0.14130960270036327,0.14130960264202413,0.1413096025778389,0.14130960264202413,0.14130960270036327,0.14021174708027165,0.14021174703784298,0.14021174698792793,0.14021174703784298,0.14021174708027165,0.14021174703784298,0.1402117469360037,0.14021174674771322,0.1402117469360037,0.14021174703784298,0.14021174698792793,0.14021174674771322,0.14021174582171536,0.14021174674771322,0.14021174698792793,0.14021174703784298,0.1402117469360037,0.14021174674771322,0.1402117469360037,0.14021174703784298,0.14021174708027165,0.14021174703784298,0.14021174698792793,0.14021174703784298,0.14021174708027165,0.1391353078264822,0.13913530782540154,0.13913530782197572,0.13913530782540154,0.1391353078264822,0.13913530782540154,0.139135307817904,0.13913530779853375,0.139135307817904,0.13913530782540154,0.13913530782197572,0.13913530779853375,0.13913530771812135,0.13913530779853375,0.13913530782197572,0.13913530782540154,0.139135307817904,0.13913530779853375,0.139135307817904,0.13913530782540154,0.1391353078264822,0.13913530782540154,0.13913530782197572,0.13913530782540154,0.1391353078264822,0.1380798047712476,0.13807980481995352,0.13807980487055346,0.13807980481995352,0.1380798047712476,0.13807980481995352,0.13807980492230815,0.13807980506823048,0.13807980492230815,0.13807980481995352,0.13807980487055346,0.13807980506823048,0.1380798054928551,0.13807980506823048,0.13807980487055346,0.13807980481995352,0.13807980492230815,0.13807980506823048,0.13807980492230815,0.13807980481995352,0.1380798047712476,0.13807980481995352,0.13807980487055346,0.13807980481995352,0.1380798047712476,0.1370447672072227,0.13704476729929474,0.13704476741263089,0.13704476729929474,0.1370447672072227,0.13704476729929474,0.13704476753056466,0.13704476800080226,0.13704476753056466,0.13704476729929474,0.13704476741263089,0.13704476800080226,0.13704477062301426,0.13704476800080226,0.13704476741263089,0.13704476729929474,0.13704476753056466,0.13704476800080226,0.13704476753056466,0.13704476729929474,0.1370447672072227,0.13704476729929474,0.13704476741263089,0.13704476729929474,0.1370447672072227,0.1360297339496615,0.13602973401510873,0.13602973407956534,0.13602973401510873,0.1360297339496615,0.13602973401510873,0.1360297341443981,0.13602973431827262,0.1360297341443981,0.13602973401510873,0.13602973407956534,0.13602973431827262,0.13602973480257208,0.13602973431827262,0.13602973407956534,0.13602973401510873,0.1360297341443981,0.13602973431827262,0.1360297341443981,0.13602973401510873,0.1360297339496615,0.13602973401510873,0.13602973407956534,0.13602973401510873,0.1360297339496615,0.1350342534733838,0.135034253514616,0.1350342535487536,0.135034253514616,0.1350342534733838,0.135034253514616,0.1350342535812188,0.13503425364745786,0.1350342535812188,0.135034253514616,0.1350342535487536,0.13503425364745786,0.13503425376821335,0.13503425364745786,0.1350342535487536,0.135034253514616,0.1350342535812188,0.13503425364745786,0.1350342535812188,0.135034253514616,0.1350342534733838,0.135034253514616,0.1350342535487536,0.135034253514616,0.1350342534733838
0.16533248748744325,0.16533248748744325,0.16533248748744325,0.16533248748744325,0.16533248748744325,0.16533248748744325,0.16533248748744325,0.16533248748744325,0.16533248748744325,0.16533248748744325,0.16533248748744325,0.16533248748744325,0.16533248748744325,0.16533248748744325,0.16533248748744325,0.16533248748744325,0.16533248748744325,0.16533248748744325,0.16533248748744325,0.16533248748744325,0.16533248748744325,0.16533248748744325,0.16533248748744325,0.16533248748744325,0.16533248748744325,0.1637574937745797,0.1637574937745797,0.1637574937745797,0.1637574937745797,0.1637574937745797,0.1637574937745797,0.1637574937745797,0.1637574937745797,0.1637574937745797,0.1637574937745797,0.1637574937745797,0.1637574937745797,0.1637574937745797,0.1637574937745797,0.1637574937745797,0.1637574937745797,0.1637574937745797,0.1637574937745797,0.1637574937745797,0.1637574937745797,0.1637574937745797,0.1637574937745797,0.1637574937745797,0.1637574937745797,0.1637574937745797,0.16221388399350095,0.16221388399350095,0.16221388399350095,0.16221388399350095,0.16221388399350095,0.16221388399350095,0.16221388399350095,0.16221388399350095,0.16221388399350095,0.16221388399350095,0.16221388399350095,0.16221388399350095,0.16221388399350095,0.16221388399350095,0.16221388399350095,0.16221388399350095,0.16221388399350095,0.16221388399350095,0.16221388399350095,0.16221388399350095,0.16221388399350095,0.16221388399350095,0.16221388399350095,0.16221388399350095,0.16221388399350095,0.16070106710124726,0.16070106710124726,0.16070106710124726,0.16070106710124726,0.16070106710124726,0.16070106710124726,0.16070106710124726,0.16070106710124726,0.16070106710124726,0.16070106710124726,0.16070106710124726,0.16070106710124726,0.16070106710124726,0.16070106710124726,0.16070106710124726,0.16070106710124726,0.16070106710124726,0.16070106710124726,0.16070106710124726,0.16070106710124726,0.16070106710124726,0.16070106710124726,0.16070106710124726,0.16070106710124726,0.16070106710124726,0.15921845147279667,0.15921845147279642,0.15921845147279642,0.15921845147279642,0.15921845147279667,0.15921845147279642,0.15921845147279642,0.15921845147279623,0.15921845147279642,0.15921845147279642,0.15921845147279642,0.15921845147279623,0.15921845147279623,0.15921845147279623,0.15921845147279642,0.15921845147279642,0.15921845147279642,0.15921845147279623,0.15921845147279642,0.15921845147279642,0.15921845147279667,0.15921845147279642,0.15921845147279642,0.15921845147279642,0.15921845147279667,0.15776544625291603,0.1577654462529156,0.15776544625291541,0.1577654462529156,0.15776544625291603,0.1577654462529156,0.15776544625291541,0.1577654462529152,0.15776544625291541,0.1577654462529156,0.15776544625291541,0.1577654462529152,0.15776544625291494,0.1577654462529152,0.15776544625291541,0.1577654462529156,0.15776544625291541,0.1577654462529152,0.15776544625291541,0.1577654462529156,0.15776544625291603,0.1577654462529156,0.15776544625291541,0.1577654462529156,0.15776544625291603,0.15634146257048492,0.1563414625704841,0.15634146257048345,0.1563414625704841,0.15634146257048492,0.1563414625704841,0.156341462570483,0.15634146257048243,0.156341462570483,0.1563414625704841,0.15634146257048345,0.15634146257048243,0.15634146257048176,0.15634146257048243,0.15634146257048345,0.1563414625704841,0.156341462570483,0.15634146257048243,0.156341462570483,0.1563414625704841,0.15634146257048492,0.1563414625704841,0.15634146257048345,0.1563414625704841,0.15634146257048492,0.15494591462555646,0.15494591462555363,0.15494591462555174,0.15494591462555363,0.15494591462555646,0.15494591462555363,0.15494591462555052,0.15494591462554846,0.15494591462555052,0.15494591462555363,0.15494591462555174,0.15494591462554846,0.15494591462554663,0.15494591462554846,0.15494591462555174,0.15494591462555363,0.15494591462555052,0.15494591462554846,0.15494591462555052,0.15494591462555363,0.15494591462555646,0.15494591462555363,0.15494591462555174,0.15494591462555363,0.15494591462555646,0.15357822065886303,0.153578220658854,0.15357822065884838,0.153578220658854,0.15357822065886303,0.153578220658854,0.15357822065884455,0.15357822065883853,0.15357822065884455,0.153578220658854,0.15357822065884838,0.15357822065883853,0.1535782206588323,0.15357822065883853,0.15357822065884838,0.153578220658854,0.15357822065884455,0.15357822065883853,0.15357822065884455,0.153578220658854,0.15357822065886303,0.153578220658854,0.15357822065884838,0.153578220658854,0.15357822065886303,0.1522378038129249,0.15223780381289753,0.15223780381288038,0.15223780381289753,0.1522378038129249,0.15223780381289753,0.1522378038128682,0.1522378038128493,0.1522378038128682,0.15223780381289753,0.15223780381288038,0.1522378038128493,0.15223780381282942,0.1522378038128493,0.15223780381288038,0.15223780381289753,0.1522378038128682,0.1522378038128493,0.1522378038128682,0.15223780381289753,0.1522378038129249,0.15223780381289753,0.15223780381288038,0.15223780381289753,0.1522378038129249,0.1509240928933737,0.15092409289329128,0.15092409289323902,0.15092409289329128,0.1509240928933737,0.15092409289329128,0.15092409289320005,0.15092409289314102,0.15092409289320005,0.15092409289329128,0.15092409289323902,0.15092409289314102,0.1509240928930777,0.15092409289314102,0.15092409289323902,0.15092409289329128,0.15092409289320005,0.15092409289314102,0.15092409289320005,0.15092409289329128,0.1509240928933737,0.15092409289329128,0.15092409289323902,0.15092409289329128,0.1509240928933737,0.1496365230385911,0.14963652303834604,0.14963652303818759,0.14963652303834604,0.1496365230385911,0.14963652303834604,0.14963652303806507,0.14963652303787903,0.14963652303806507,0.14963652303834604,0.14963652303818759,0.14963652303787903,0.1496365230376735,0.14963652303787903,0.14963652303818759,0.14963652303834604,0.14963652303806507,0.14963652303787903,0.14963652303806507,0.14963652303834604,0.1496365230385911,0.14963652303834604,0.14963652303818759,0.14963652303834604,0.1496365230385911,0.14837453630528816,0.14837453630457131,0.14837453630409503,0.14837453630457131,0.14837453630528816,0.14837453630457131,0.14837453630371045,0.14837453630311576,0.14837453630371045,0.14837453630457131,0.14837453630409503,0.14837453630311576,0.14837453630242503,0.14837453630311576,0.14837453630409503,0.14837453630457131,0.14837453630371045,0.14837453630311576,0.14837453630371045,0.14837453630457131,0.14837453630528816,0.14837453630457131,0.14837453630409503,0.14837453630457131,0.14837453630528816,0.1471375821772576,0.14713758217522085,0.14713758217380718,0.14713758217522085,0.1471375821772576,0.14713758217522085,0.147137582172607,0.14713758217067052,0.147137582172607,0.14713758217522085,0.14713758217380718,0.14713758217067052,0.14713758216822742,0.14713758217067052,0.14713758217380718,0.14713758217522085,0.147137582172607,0.14713758217067052,0.147137582172607,0.14713758217522085,0.1471375821772576,0.14713758217522085,0.14713758217380718,0.14713758217522085,0.1471375821772576,0.14592511800432814,0.14592511799879695,0.14592511799469277,0.14592511799879695,0.14592511800432814,0.14592511799879695,0.1459251179910161,0.14592511798456875,0.1459251179910161,0.14592511799879695,0.14592511799469277,0.14592511798456875,0.14592511797524388,0.14592511798456875,0.14592511799469277,0.14592511799879695,0.1459251179910161,0.14592511798456875,0.1459251179910161,0.14592511799879695,0.14592511800432814,0.14592511799879695,0.14592511799469277,0.14592511799879695,0.14592511800432814,0.14473660937857924,0.1447366093646331,0.14473660935320776,0.1447366093646331,0.14473660937857924,0.1447366093646331,0.1447366093424225,0.1447366093205863,0.1447366093424225,0.1447366093646331,0.14473660935320776,0.1447366093205863,0.1447366092811375,0.1447366093205863,0.14473660935320776,0.1447366093646331,0.1447366093424225,0.1447366093205863,0.1447366093424225,0.1447366093646331,0.14473660937857924,0.1447366093646331,0.14473660935320776,0.1447366093646331,0.14473660937857924,0.14357153045485052,0.14357153042388596,0.1435715303947774,0.14357153042388596,0.14357153045485052,0.14357153042388596,0.143571530365943,0.1435715302931047,0.143571530365943,0.14357153042388596,0.1435715303947774,0.1435715302931047,0.1435715301045191,0.1435715302931047,0.1435715303947774,0.14357153042388596,0.143571530365943,0.1435715302931047,0.143571530365943,0.14357153042388596,0.14357153045485052,0.14357153042388596,0.1435715303947774,0.14357153042388596,0.14357153045485052,0.14242936421986316,0.14242936416559523,0.14242936410549403,0.14242936416559523,0.14242936421986316,0.14242936416559523,0.14242936404390338,0.14242936383124166,0.14242936404390338,0.14242936416559523,0.14242936410549403,0.14242936383124166,0.14242936280944035,0.14242936383124166,0.14242936410549403,0.14242936416559523,0.14242936404390338,0.14242936383124166,0.14242936404390338,0.14242936416559523,0.14242936421986316,0.14242936416559523,0.14242936410549403,0.14242936416559523,0.14242936421986316,0.14130960270053924,0.1413096026422483,0.14130960257811764,0.1413096026422483,0.14130960270053924,0.1413096026422483,0.14130960251211935,0.1413096022960723,0.14130960251211935,0.1413096026422483,0.14130960257811764,0.1413096022960723,0.1413096013795089,0.1413096022960723,0.14130960257811764,0.1413096026422483,0.14130960251211935,0.1413096022960723,0.14130960251211935,0.1413096026422483,0.14130960270053924,0.1413096026422483,0.14130960257811764,0.1413096026422483,0.14130960270053924,0.14021174708026535,0.14021174703788603,0.1402117469880318,0.14021174703788603,0.14021174708026535,0.14021174703788603,0.14021174693617125,0.14021174674812475,0.14021174693617125,0.14021174703788603,0.1402117469880318,0.14021174674812475,0.14021174582341642,0.14021174674812475,0.1402117469880318,0.14021174703788603,0.14021174693617125,0.14021174674812475,0.14021174693617125,0.14021174703788603,0.14021174708026535,0.14021174703788603,0.1402117469880318,0.14021174703788603,0.14021174708026535,0.13913530782618672,0.139135307825119,0.1391353078217082,0.139135307825119,0.13913530782618672,0.139135307825119,0.13913530781765246,0.13913530779833244,0.13913530781765246,0.139135307825119,0.1391353078217082,0.13913530779833244,0.13913530771808102,0.13913530779833244,0.1391353078217082,0.139135307825119,0.13913530781765246,0.13913530779833244,0.13913530781765246,0.139135307825119,0.13913530782618672,0.139135307825119,0.1391353078217082,0.139135307825119,0.13913530782618672,0.13807980477062898,0.1380798048193036,0.13807980486987004,0.1380798048193036,0.13807980477062898,0.1380798048193036,0.13807980492159,0.13807980506741124,0.13807980492159,0.1380798048193036,0.13807980486987004,0.13807980506741124,0.1380798054917307,0.13807980506741124,0.13807980486987004,0.1380798048193036,0.13807980492159,0.13807980506741124,0.13807980492159,0.1380798048193036,0.13807980477062898,0.1380798048193036,0.13807980486987004,0.1380798048193036,0.13807980477062898,0.13704476720633793,0.13704476729834192,0.1370447674115932,0.13704476729834192,0.13704476720633793,0.13704476729834192,0.1370447675294385,0.13704476799931925,0.1370447675294385,0.13704476729834192,0.1370447674115932,0.13704476799931925,0.13704477061950243,0.13704476799931925,0.1370447674115932,0.13704476729834192,0.1370447675294385,0.13704476799931925,0.1370447675294385,0.13704476729834192,0.13704476720633793,0.13704476729834192,0.1370447674115932,0.13704476729834192,0.13704476720633793,0.13602973394864323,0.13602973401404128,0.13602973407844923,0.13602973401404128,0.13602973394864323,0.13602973401404128,0.13602973414323297,0.13602973431697538,0.13602973414323297,0.13602973401404128,0.13602973407844923,0.13602973431697538,0.1360297348009055,0.13602973431697538,0.13602973407844923,0.13602973401404128,0.13602973414323297,0.13602973431697538,0.13602973414323297,0.13602973401404128,0.13602973394864323,0.13602973401404128,0.13602973407844923,0.13602973401404128,0.13602973394864323,0.13503425347232723,0.13503425351352843,0.1350342535476403,0.13503425351352843,0.13503425347232723,0.13503425351352843,0.13503425358008075,0.1350342536462694,0.13503425358008075,0.13503425351352843,0.1350342535476403,0.1350342536462694,0.1350342537669327,0.1350342536462694,0.1350342535476403,0.13503425351352843,0.13503425358008075,0.1350342536462694,0.13503425358008075,0.13503425351352843,0.13503425347232723,0.13503425351352843,0.1350342535476403,0.13503425351352843,0.13503425347232723
0.16533248748777954,0.16533248748777954,0.16533248748777954,0.16533248748777954,0.16533248748777954,0.16533248748777954,0.16533248748777954,0.16533248748777954,0.16533248748777954,0.16533248748777954,0.16533248748777954,0.16533248748777954,0.16533248748777954,0.16533248748777954,0.16533248748777954,0.16533248748777954,0.16533248748777954,0.16533248748777954,0.16533248748777954,0.16533248748777954,0.16533248748777954,0.16533248748777954,0.16533248748777954,0.16533248748777954,0.16533248748777954,0.16375749377491047,0.16375749377491047,0.16375749377491047,0.16375749377491047,0.16375749377491047,0.16375749377491047,0.16375749377491047,0.16375749377491047,0.16375749377491047,0.16375749377491047,0.16375749377491047,0.16375749377491047,0.16375749377491047,0.16375749377491047,0.16375749377491047,0.16375749377491047,0.16375749377491047,0.16375749377491047,0.16375749377491047,0.16375749377491047,0.16375749377491047,0.16375749377491047,0.16375749377491047,0.16375749377491047,0.16375749377491047,0.16221388399382805,0.16221388399382805,0.16221388399382805,0.16221388399382805,0.16221388399382805,0.16221388399382805,0.16221388399382783,0.16221388399382783,0.16221388399382783,0.16221388399382805,0.16221388399382805,0.16221388399382783,0.16221388399382783,0.16221388399382783,0.16221388399382805,0.16221388399382805,0.16221388399382783,0.16221388399382783,0.16221388399382783,0.16221388399382805,0.16221388399382805,0.16221388399382805,0.16221388399382805,0.16221388399382805,0.16221388399382805,0.1607010671015716,0.1607010671015716,0.1607010671015716,0.1607010671015716,0.1607010671015716,0.1607010671015716,0.1607010671015716,0.1607010671015716,0.1607010671015716,0.1607010671015716,0.1607010671015716,0.1607010671015716,0.1607010671015716,0.1607010671015716,0.1607010671015716,0.1607010671015716,0.1607010671015716,0.1607010671015716,0.1607010671015716,0.1607010671015716,0.1607010671015716,0.1607010671015716,0.1607010671015716,0.1607010671015716,0.1607010671015716,0.15921845147311997,0.15921845147311975,0.15921845147311975,0.15921845147311975,0.15921845147311997,0.15921845147311975,0.15921845147311975,0.15921845147311953,0.15921845147311975,0.15921845147311975,0.15921845147311975,0.15921845147311953,0.15921845147311953,0.15921845147311953,0.15921845147311975,0.15921845147311975,0.15921845147311975,0.15921845147311953,0.15921845147311975,0.15921845147311975,0.15921845147311997,0.15921845147311975,0.15921845147311975,0.15921845147311975,0.15921845147311997,0.1577654462532397,0.1577654462532393,0.15776544625323907,0.1577654462532393,0.1577654462532397,0.1577654462532393,0.15776544625323907,0.15776544625323885,0.15776544625323907,0.1577654462532393,0.15776544625323907,0.15776544625323885,0.15776544625323866,0.15776544625323885,0.15776544625323907,0.1577654462532393,0.15776544625323907,0.15776544625323885,0.15776544625323907,0.1577654462532393,0.1577654462532397,0.1577654462532393,0.15776544625323907,0.1577654462532393,0.1577654462532397,0.15634146257081052,0.15634146257080944,0.15634146257080883,0.15634146257080944,0.15634146257081052,0.15634146257080944,0.1563414625708086,0.156341462570808,0.1563414625708086,0.15634146257080944,0.15634146257080883,0.156341462570808,0.15634146257080736,0.156341462570808,0.15634146257080883,0.15634146257080944,0.1563414625708086,0.156341462570808,0.1563414625708086,0.15634146257080944,0.15634146257081052,0.15634146257080944,0.15634146257080883,0.15634146257080944,0.15634146257081052,0.15494591462588497,0.15494591462588211,0.15494591462588025,0.15494591462588211,0.15494591462588497,0.15494591462588211,0.15494591462587923,0.15494591462587717,0.15494591462587923,0.15494591462588211,0.15494591462588025,0.15494591462587717,0.15494591462587534,0.15494591462587717,0.15494591462588025,0.15494591462588211,0.15494591462587923,0.15494591462587717,0.15494591462587923,0.15494591462588211,0.15494591462588497,0.15494591462588211,0.15494591462588025,0.15494591462588211,0.15494591462588497,0.15357822065919624,0.1535782206591872,0.15357822065918175,0.1535782206591872,0.15357822065919624,0.1535782206591872,0.15357822065917792,0.15357822065917195,0.15357822065917792,0.1535782206591872,0.15357822065918175,0.15357822065917195,0.1535782206591657,0.15357822065917195,0.15357822065918175,0.1535782206591872,0.15357822065917792,0.15357822065917195,0.15357822065917792,0.1535782206591872,0.15357822065919624,0.1535782206591872,0.15357822065918175,0.1535782206591872,0.15357822065919624,0.15223780381326385,0.15223780381323668,0.15223780381321936,0.15223780381323668,0.15223780381326385,0.15223780381323668,0.15223780381320734,0.15223780381318844,0.15223780381320734,0.15223780381323668,0.15223780381321936,0.15223780381318844,0.15223780381316857,0.15223780381318844,0.15223780381321936,0.15223780381323668,0.15223780381320734,0.15223780381318844,0.15223780381320734,0.15223780381323668,0.15223780381326385,0.15223780381323668,0.15223780381321936,0.15223780381323668,0.15223780381326385,0.15092409289371939,0.1509240928936372,0.1509240928935849,0.1509240928936372,0.15092409289371939,0.1509240928936372,0.15092409289354597,0.1509240928934871,0.15092409289354597,0.1509240928936372,0.1509240928935849,0.1509240928934871,0.15092409289342384,0.1509240928934871,0.1509240928935849,0.1509240928936372,0.15092409289354597,0.1509240928934871,0.15092409289354597,0.1509240928936372,0.15092409289371939,0.1509240928936372,0.1509240928935849,0.1509240928936372,0.15092409289371939,0.1496365230389447,0.14963652303869981,0.14963652303854136,0.14963652303869981,0.1496365230389447,0.14963652303869981,0.14963652303841904,0.14963652303823316,0.14963652303841904,0.14963652303869981,0.14963652303854136,0.14963652303823316,0.14963652303802782,0.14963652303823316,0.14963652303854136,0.14963652303869981,0.14963652303841904,0.14963652303823316,0.14963652303841904,0.14963652303869981,0.1496365230389447,0.14963652303869981,0.14963652303854136,0.14963652303869981,0.1496365230389447,0.14837453630564992,0.14837453630493383,0.14837453630445788,0.14837453630493383,0.14837453630564992,0.14837453630493383,0.1483745363040737,0.14837453630347935,0.1483745363040737,0.14837453630493383,0.14837453630445788,0.14837453630347935,0.14837453630278918,0.14837453630347935,0.14837453630445788,0.14837453630493383,0.1483745363040737,0.14837453630347935,0.1483745363040737,0.14837453630493383,0.14837453630564992,0.14837453630493383,0.14837453630445788,0.14837453630493383,0.14837453630564992,0.14713758217762746,0.14713758217559234,0.14713758217417977,0.14713758217559234,0.14713758217762746,0.14713758217559234,0.14713758217298048,0.14713758217104567,0.14713758217298048,0.14713758217559234,0.14713758217417977,0.14713758217104567,0.14713758216860454,0.14713758217104567,0.14713758217417977,0.14713758217559234,0.14713758217298048,0.14713758217104567,0.14713758217298048,0.14713758217559234,0.14713758217762746,0.14713758217559234,0.14713758217417977,0.14713758217559234,0.14713758217762746,0.14592511800470298,0.14592511799917643,0.1459251179950754,0.14592511799917643,0.14592511800470298,0.14592511799917643,0.14592511799140176,0.1459251179849594,0.14592511799140176,0.14592511799917643,0.1459251179950754,0.1459251179849594,0.145925117975642,0.1459251179849594,0.1459251179950754,0.14592511799917643,0.14592511799140176,0.1459251179849594,0.14592511799140176,0.14592511799917643,0.14592511800470298,0.14592511799917643,0.1459251179950754,0.14592511799917643,0.14592511800470298,0.14473660937895036,0.14473660936501537,0.14473660935359908,0.14473660936501537,0.14473660937895036,0.14473660936501537,0.14473660934282256,0.14473660932100382,0.14473660934282256,0.14473660936501537,0.14473660935359908,0.14473660932100382,0.1447366092815863,0.14473660932100382,0.14473660935359908,0.14473660936501537,0.14473660934282256,0.14473660932100382,0.14473660934282256,0.14473660936501537,0.14473660937895036,0.14473660936501537,0.14473660935359908,0.14473660936501537,0.14473660937895036,0.14357153045519394,0.14357153042425472,0.1435715303951698,0.14357153042425472,0.14357153045519394,0.14357153042425472,0.1435715303663583,0.14357153029357814,0.1435715303663583,0.14357153042425472,0.1435715303951698,0.14357153029357814,0.14357153010514112,0.14357153029357814,0.1435715303951698,0.14357153042425472,0.1435715303663583,0.14357153029357814,0.1435715303663583,0.14357153042425472,0.14357153045519394,0.14357153042425472,0.1435715303951698,0.14357153042425472,0.14357153045519394,0.14242936422012603,0.14242936416590338,0.14242936410585152,0.14242936416590338,0.14242936422012603,0.14242936416590338,0.14242936404431086,0.14242936383181906,0.14242936404431086,0.14242936416590338,0.14242936410585152,0.14242936383181906,0.14242936281081242,0.14242936383181906,0.14242936410585152,0.14242936416590338,0.14242936404431086,0.14242936383181906,0.14242936404431086,0.14242936416590338,0.14242936422012603,0.14242936416590338,0.14242936410585152,0.14242936416590338,0.14242936422012603,0.1413096027006259,0.14130960264238712,0.1413096025783127,0.14130960264238712,0.1413096027006259,0.14130960264238712,0.14130960251237246,0.14130960229650963,0.14130960251237246,0.14130960264238712,0.1413096025783127,0.14130960229650963,0.14130960138070148,0.14130960229650963,0.1413096025783127,0.14130960264238712,0.14130960251237246,0.14130960229650963,0.14130960251237246,0.14130960264238712,0.1413096027006259,0.14130960264238712,0.1413096025783127,0.14130960264238712,0.1413096027006259,0.14021174708006445,0.14021174703772896,0.14021174698792763,0.14021174703772896,0.14021174708006445,0.14021174703772896,0.14021174693612204,0.14021174674828407,0.14021174693612204,0.14021174703772896,0.14021174698792763,0.14021174674828407,0.140211745824625,0.14021174674828407,0.14021174698792763,0.14021174703772896,0.14021174693612204,0.14021174674828407,0.14021174693612204,0.14021174703772896,0.14021174708006445,0.14021174703772896,0.14021174698792763,0.14021174703772896,0.14021174708006445,0.13913530782560138,0.13913530782453887,0.13913530782113567,0.13913530782453887,0.13913530782560138,0.13913530782453887,0.13913530781708833,0.13913530779779917,0.13913530781708833,0.13913530782453887,0.13913530782113567,0.13913530779779917,0.13913530771766108,0.13913530779779917,0.13913530782113567,0.13913530782453887,0.13913530781708833,0.13913530779779917,0.13913530781708833,0.13913530782453887,0.13913530782560138,0.13913530782453887,0.13913530782113567,0.13913530782453887,0.13913530782560138,0.13807980476964135,0.1380798048182735,0.13807980486879542,0.1380798048182735,0.13807980476964135,0.1380798048182735,0.13807980492046995,0.1380798050661616,0.13807980492046995,0.1380798048182735,0.13807980486879542,0.1380798050661616,0.1380798054901003,0.1380798050661616,0.13807980486879542,0.1380798048182735,0.13807980492046995,0.1380798050661616,0.13807980492046995,0.1380798048182735,0.13807980476964135,0.1380798048182735,0.13807980486879542,0.1380798048182735,0.13807980476964135,0.13704476720502692,0.13704476729694756,0.13704476741009575,0.13704476729694756,0.13704476720502692,0.13704476729694756,0.1370447675278337,0.1370447679972854,0.1370447675278337,0.13704476729694756,0.13704476741009575,0.1370447679972854,0.13704477061509113,0.1370447679972854,0.13704476741009575,0.13704476729694756,0.1370447675278337,0.1370447679972854,0.1370447675278337,0.13704476729694756,0.13704476720502692,0.13704476729694756,0.13704476741009575,0.13704476729694756,0.13704476720502692,0.13602973394717277,0.1360297340125113,0.13602973407686036,0.1360297340125113,0.13602973394717277,0.1360297340125113,0.13602973414158503,0.13602973431516868,0.13602973414158503,0.1360297340125113,0.13602973407686036,0.13602973431516868,0.1360297347986561,0.13602973431516868,0.13602973407686036,0.1360297340125113,0.13602973414158503,0.13602973431516868,0.13602973414158503,0.1360297340125113,0.13602973394717277,0.1360297340125113,0.13602973407686036,0.1360297340125113,0.13602973394717277,0.1350342534708137,0.1350342535119773,0.135034253546058,0.1350342535119773,0.1350342534708137,0.1350342535119773,0.13503425357846877,0.13503425364459684,0.13503425357846877,0.1350342535119773,0.135034253546058,0.13503425364459684,0.1350342537651499,0.13503425364459684,0.135034253546058,0.1350342535119773,0.13503425357846877,0.13503425364459684,0.13503425357846877,0.1350342535119773,0.1350342534708137,0.1350342535119773,0.135034253546058,0.1350342535119773,0.1350342534708137
0.16533248748827395,0.16533248748827395,0.16533248748827395,0.16533248748827395,0.16533248748827395,0.16533248748827395,0.16533248748827395,0.16533248748827395,0.16533248748827395,0.16533248748827395,0.16533248748827395,0.16533248748827395,0.16533248748827395,0.16533248748827395,0.16533248748827395,0.16533248748827395,0.16533248748827395,0.16533248748827395,0.16533248748827395,0.16533248748827395,0.16533248748827395,0.16533248748827395,0.16533248748827395,0.16533248748827395,0.16533248748827395,0.16375749377539664,0.16375749377539664,0.16375749377539664,0.16375749377539664,0.16375749377539664,0.16375749377539664,0.16375749377539664,0.16375749377539664,0.16375749377539664,0.16375749377539664,0.16375749377539664,0.16375749377539664,0.16375749377539664,0.16375749377539664,0.16375749377539664,0.16375749377539664,0.16375749377539664,0.16375749377539664,0.16375749377539664,0.16375749377539664,0.16375749377539664,0.16375749377539664,0.16375749377539664,0.16375749377539664,0.16375749377539664,0.16221388399430678,0.16221388399430678,0.16221388399430678,0.16221388399430678,0.16221388399430678,0.16221388399430678,0.16221388399430678,0.16221388399430678,0.16221388399430678,0.16221388399430678,0.16221388399430678,0.16221388399430678,0.16221388399430678,0.16221388399430678,0.16221388399430678,0.16221388399430678,0.16221388399430678,0.16221388399430678,0.16221388399430678,0.16221388399430678,0.16221388399430678,0.16221388399430678,0.16221388399430678,0.16221388399430678,0.16221388399430678,0.16070106710204476,0.16070106710204476,0.16070106710204476,0.16070106710204476,0.16070106710204476,0.16070106710204476,0.16070106710204476,0.16070106710204476,0.16070106710204476,0.16070106710204476,0.16070106710204476,0.16070106710204476,0.16070106710204476,0.16070106710204476,0.16070106710204476,0.16070106710204476,0.16070106710204476,0.16070106710204476,0.16070106710204476,0.16070106710204476,0.16070106710204476,0.16070106710204476,0.16070106710204476,0.16070106710204476,0.16070106710204476,0.15921845147358873,0.1592184514735885,0.1592184514735885,0.1592184514735885,0.15921845147358873,0.1592184514735885,0.1592184514735885,0.1592184514735885,0.1592184514735885,0.1592184514735885,0.1592184514735885,0.1592184514735885,0.15921845147358826,0.1592184514735885,0.1592184514735885,0.1592184514735885,0.1592184514735885,0.1592184514735885,0.1592184514735885,0.1592184514735885,0.15921845147358873,0.1592184514735885,0.1592184514735885,0.1592184514735885,0.15921845147358873,0.1577654462537055,0.1577654462537053,0.1577654462537051,0.1577654462537053,0.1577654462537055,0.1577654462537053,0.15776544625370484,0.15776544625370462,0.15776544625370484,0.1577654462537053,0.1577654462537051,0.15776544625370462,0.15776544625370442,0.15776544625370462,0.1577654462537051,0.1577654462537053,0.15776544625370484,0.15776544625370462,0.15776544625370484,0.1577654462537053,0.1577654462537055,0.1577654462537053,0.1577654462537051,0.1577654462537053,0.1577654462537055,0.1563414625712747,0.15634146257127388,0.15634146257127327,0.15634146257127388,0.1563414625712747,0.15634146257127388,0.15634146257127285,0.15634146257127243,0.15634146257127285,0.15634146257127388,0.15634146257127327,0.15634146257127243,0.1563414625712718,0.15634146257127243,0.15634146257127327,0.15634146257127388,0.15634146257127285,0.15634146257127243,0.15634146257127285,0.15634146257127388,0.1563414625712747,0.15634146257127388,0.15634146257127327,0.15634146257127388,0.1563414625712747,0.15494591462634935,0.15494591462634646,0.15494591462634463,0.15494591462634646,0.15494591462634935,0.15494591462634646,0.1549459146263434,0.15494591462634155,0.1549459146263434,0.15494591462634646,0.15494591462634463,0.15494591462634155,0.15494591462633972,0.15494591462634155,0.15494591462634463,0.15494591462634646,0.1549459146263434,0.15494591462634155,0.1549459146263434,0.15494591462634646,0.15494591462634935,0.15494591462634646,0.15494591462634463,0.15494591462634646,0.15494591462634935,0.15357822065966156,0.15357822065965274,0.15357822065964713,0.15357822065965274,0.15357822065966156,0.15357822065965274,0.15357822065964333,0.15357822065963747,0.15357822065964333,0.15357822065965274,0.15357822065964713,0.15357822065963747,0.15357822065963125,0.15357822065963747,0.15357822065964713,0.15357822065965274,0.15357822065964333,0.15357822065963747,0.15357822065964333,0.15357822065965274,0.15357822065966156,0.15357822065965274,0.15357822065964713,0.15357822065965274,0.15357822065966156,0.15223780381373153,0.15223780381370455,0.15223780381368743,0.15223780381370455,0.15223780381373153,0.15223780381370455,0.15223780381367524,0.15223780381365654,0.15223780381367524,0.15223780381370455,0.15223780381368743,0.15223780381365654,0.15223780381363664,0.15223780381365654,0.15223780381368743,0.15223780381370455,0.15223780381367524,0.15223780381365654,0.15223780381367524,0.15223780381370455,0.15223780381373153,0.15223780381370455,0.15223780381368743,0.15223780381370455,0.15223780381373153,0.15092409289419068,0.15092409289410869,0.15092409289405642,0.15092409289410869,0.15092409289419068,0.15092409289410869,0.15092409289401784,0.1509240928939588,0.15092409289401784,0.15092409289410869,0.15092409289405642,0.1509240928939588,0.15092409289389572,0.1509240928939588,0.15092409289405642,0.15092409289410869,0.15092409289401784,0.1509240928939588,0.15092409289401784,0.15092409289410869,0.15092409289419068,0.15092409289410869,0.15092409289405642,0.15092409289410869,0.15092409289419068,0.14963652303942043,0.14963652303917593,0.14963652303901767,0.14963652303917593,0.14963652303942043,0.14963652303917593,0.14963652303889552,0.14963652303870983,0.14963652303889552,0.14963652303917593,0.14963652303901767,0.14963652303870983,0.1496365230385047,0.14963652303870983,0.14963652303901767,0.14963652303917593,0.14963652303889552,0.14963652303870983,0.14963652303889552,0.14963652303917593,0.14963652303942043,0.14963652303917593,0.14963652303901767,0.14963652303917593,0.14963652303942043,0.14837453630613032,0.1483745363054151,0.14837453630493974,0.1483745363054151,0.14837453630613032,0.1483745363054151,0.1483745363045561,0.1483745363039627,0.1483745363045561,0.1483745363054151,0.14837453630493974,0.1483745363039627,0.14837453630327346,0.1483745363039627,0.14837453630493974,0.1483745363054151,0.1483745363045561,0.1483745363039627,0.1483745363045561,0.1483745363054151,0.14837453630613032,0.1483745363054151,0.14837453630493974,0.1483745363054151,0.14837453630613032,0.1471375821781112,0.1471375821760788,0.14713758217466807,0.1471375821760788,0.1471375821781112,0.1471375821760788,0.1471375821734704,0.1471375821715381,0.1471375821734704,0.1471375821760788,0.14713758217466807,0.1471375821715381,0.1471375821691003,0.1471375821715381,0.14713758217466807,0.1471375821760788,0.1471375821734704,0.1471375821715381,0.1471375821734704,0.1471375821760788,0.1471375821781112,0.1471375821760788,0.14713758217466807,0.1471375821760788,0.1471375821781112,0.14592511800518518,0.14592511799966573,0.14592511799557006,0.14592511799966573,0.14592511800518518,0.14592511799966573,0.14592511799190142,0.14592511798546795,0.14592511799190142,0.14592511799966573,0.14592511799557006,0.14592511798546795,0.1459251179761634,0.14592511798546795,0.14592511799557006,0.14592511799966573,0.14592511799190142,0.14592511798546795,0.14592511799190142,0.14592511799966573,0.14592511800518518,0.14592511799966573,0.14592511799557006,0.14592511799966573,0.14592511800518518,0.14473660937941588,0.14473660936549904,0.14473660935409796,0.14473660936549904,0.14473660937941588,0.14473660936549904,0.14473660934333554,0.1447366093215465,0.14473660934333554,0.14473660936549904,0.14473660935409796,0.1447366093215465,0.14473660928218446,0.1447366093215465,0.14473660935409796,0.14473660936549904,0.14473660934333554,0.1447366093215465,0.14473660934333554,0.14473660936549904,0.14473660937941588,0.14473660936549904,0.14473660935409796,0.14473660936549904,0.14473660937941588,0.14357153045560583,0.14357153042470525,0.14357153039565795,0.14357153042470525,0.14357153045560583,0.14357153042470525,0.14357153036688394,0.1435715302942029,0.14357153036688394,0.14357153042470525,0.14357153039565795,0.1435715302942029,0.14357153010603482,0.1435715302942029,0.14357153039565795,0.14357153042470525,0.14357153036688394,0.1435715302942029,0.14357153036688394,0.14357153042470525,0.14357153045560583,0.14357153042470525,0.14357153039565795,0.14357153042470525,0.14357153045560583,0.1424293642204023,0.1424293641662434,0.14242936410626536,0.1424293641662434,0.1424293642204023,0.1424293641662434,0.14242936404480086,0.1424293638325909,0.14242936404480086,0.1424293641662434,0.14242936410626536,0.1424293638325909,0.14242936281307741,0.1424293638325909,0.14242936410626536,0.1424293641662434,0.14242936404480086,0.1424293638325909,0.14242936404480086,0.1424293641662434,0.1424293642204023,0.1424293641662434,0.14242936410626536,0.1424293641662434,0.1424293642204023,0.14130960270063217,0.1413096026424493,0.14130960257843325,0.1413096026424493,0.14130960270063217,0.1413096026424493,0.14130960251255273,0.1413096022968657,0.14130960251255273,0.1413096026424493,0.14130960257843325,0.1413096022968657,0.14130960138165405,0.1413096022968657,0.14130960257843325,0.1413096026424493,0.14130960251255273,0.1413096022968657,0.14130960251255273,0.1413096026424493,0.14130960270063217,0.1413096026424493,0.14130960257843325,0.1413096026424493,0.14130960270063217,0.14021174707968034,0.14021174703738307,0.1402117469876269,0.14021174703738307,0.14021174707968034,0.14021174703738307,0.1402117469358684,0.1402117467482036,0.1402117469358684,0.14021174703738307,0.1402117469876269,0.1402117467482036,0.14021174582541854,0.1402117467482036,0.1402117469876269,0.14021174703738307,0.1402117469358684,0.1402117467482036,0.1402117469358684,0.14021174703738307,0.14021174707968034,0.14021174703738307,0.1402117469876269,0.14021174703738307,0.14021174707968034,0.13913530782474062,0.13913530782367542,0.13913530782027222,0.13913530782367542,0.13913530782474062,0.13913530782367542,0.13913530781622566,0.13913530779694866,0.13913530781622566,0.13913530782367542,0.13913530782027222,0.13913530779694866,0.13913530771687702,0.13913530779694866,0.13913530782027222,0.13913530782367542,0.13913530781622566,0.13913530779694866,0.13913530781622566,0.13913530782367542,0.13913530782474062,0.13913530782367542,0.13913530782027222,0.13913530782367542,0.13913530782474062,0.13807980476830056,0.1380798048168792,0.13807980486734597,0.1380798048168792,0.13807980476830056,0.1380798048168792,0.1380798049189642,0.13807980506449832,0.1380798049189642,0.1380798048168792,0.13807980486734597,0.13807980506449832,0.13807980548798168,0.13807980506449832,0.13807980486734597,0.1380798048168792,0.1380798049189642,0.13807980506449832,0.1380798049189642,0.1380798048168792,0.13807980476830056,0.1380798048168792,0.13807980486734597,0.1380798048168792,0.13807980476830056,0.13704476720330674,0.13704476729512904,0.1370447674081562,0.13704476729512904,0.13704476720330674,0.13704476729512904,0.1370447675257684,0.13704476799471957,0.1370447675257684,0.13704476729512904,0.1370447674081562,0.13704476799471957,0.13704477060973827,0.13704476799471957,0.1370447674081562,0.13704476729512904,0.1370447675257684,0.13704476799471957,0.1370447675257684,0.13704476729512904,0.13704476720330674,0.13704476729512904,0.1370447674081562,0.13704476729512904,0.13704476720330674,0.13602973394526777,0.13602973401053642,0.1360297340748169,0.13602973401053642,0.13602973394526777,0.13602973401053642,0.1360297341394725,0.1360297343128711,0.1360297341394725,0.13602973401053642,0.1360297340748169,0.1360297343128711,0.13602973479584338,0.1360297343128711,0.1360297340748169,0.13602973401053642,0.1360297341394725,0.1360297343128711,0.1360297341394725,0.13602973401053642,0.13602973394526777,0.13602973401053642,0.1360297340748169,0.13602973401053642,0.13602973394526777,0.13503425346886094,0.13503425350998055,0.13503425354402496,0.13503425350998055,0.13503425346886094,0.13503425350998055,0.13503425357640125,0.1350342536424587,0.13503425357640125,0.1350342535099807,0.13503425354402496,0.1350342536424587,0.13503425376288336,0.1350342536424587,0.13503425354402496,0.13503425350998055,0.13503425357640125,0.1350342536424587,0.13503425357640125,0.13503425350998055,0.13503425346886094,0.1350342535099807,0.13503425354402496,0.13503425350998055,0.13503425346886094
0.1653324874889208,0.1653324874889208,0.1653324874889208,0.1653324874889208,0.1653324874889208,0.1653324874889208,0.1653324874889208,0.1653324874889208,0.1653324874889208,0.1653324874889208,0.1653324874889208,0.1653324874889208,0.1653324874889208,0.1653324874889208,0.1653324874889208,0.1653324874889208,0.1653324874889208,0.1653324874889208,0.1653324874889208,0.1653324874889208,0.1653324874889208,0.1653324874889208,0.1653324874889208,0.1653324874889208,0.1653324874889208,0.163757493776032,0.163757493776032,0.163757493776032,0.163757493776032,0.163757493776032,0.163757493776032,0.163757493776032,0.163757493776032,0.163757493776032,0.163757493776032,0.163757493776032,0.163757493776032,0.163757493776032,0.163757493776032,0.163757493776032,0.163757493776032,0.163757493776032,0.163757493776032,0.163757493776032,0.163757493776032,0.163757493776032,0.163757493776032,0.163757493776032,0.163757493776032,0.163757493776032,0.1622138839949322,0.16221388399493195,0.16221388399493195,0.16221388399493195,0.1622138839949322,0.16221388399493195,0.16221388399493195,0.16221388399493195,0.16221388399493195,0.16221388399493195,0.16221388399493195,0.16221388399493195,0.16221388399493195,0.16221388399493195,0.16221388399493195,0.16221388399493195,0.16221388399493195,0.16221388399493195,0.16221388399493195,0.16221388399493195,0.1622138839949322,0.16221388399493195,0.16221388399493195,0.16221388399493195,0.1622138839949322,0.16070106710266124,0.16070106710266124,0.16070106710266124,0.16070106710266124,0.16070106710266124,0.16070106710266124,0.16070106710266124,0.16070106710266124,0.16070106710266124,0.16070106710266124,0.16070106710266124,0.16070106710266124,0.16070106710266124,0.16070106710266124,0.16070106710266124,0.16070106710266124,0.16070106710266124,0.16070106710266124,0.16070106710266124,0.16070106710266124,0.16070106710266124,0.16070106710266124,0.16070106710266124,0.16070106710266124,0.16070106710266124,0.15921845147419766,0.15921845147419766,0.15921845147419766,0.15921845147419766,0.15921845147419766,0.15921845147419766,0.15921845147419747,0.15921845147419747,0.15921845147419747,0.15921845147419766,0.15921845147419766,0.15921845147419747,0.15921845147419747,0.15921845147419747,0.15921845147419766,0.15921845147419766,0.15921845147419747,0.15921845147419747,0.15921845147419747,0.15921845147419766,0.15921845147419766,0.15921845147419766,0.15921845147419766,0.15921845147419766,0.15921845147419766,0.1577654462543087,0.15776544625430827,0.15776544625430805,0.15776544625430827,0.1577654462543087,0.15776544625430827,0.15776544625430805,0.15776544625430783,0.15776544625430805,0.15776544625430827,0.15776544625430805,0.15776544625430783,0.1577654462543076,0.15776544625430783,0.15776544625430805,0.15776544625430827,0.15776544625430805,0.15776544625430783,0.15776544625430805,0.15776544625430827,0.1577654462543087,0.15776544625430827,0.15776544625430805,0.15776544625430827,0.1577654462543087,0.1563414625718734,0.15634146257187234,0.15634146257187193,0.15634146257187234,0.1563414625718734,0.15634146257187234,0.1563414625718715,0.15634146257187087,0.1563414625718715,0.15634146257187234,0.15634146257187193,0.15634146257187087,0.15634146257187026,0.15634146257187087,0.15634146257187193,0.15634146257187234,0.1563414625718715,0.15634146257187087,0.1563414625718715,0.15634146257187234,0.1563414625718734,0.15634146257187234,0.15634146257187193,0.15634146257187234,0.1563414625718734,0.15494591462694468,0.1549459146269418,0.15494591462694018,0.1549459146269418,0.15494591462694468,0.1549459146269418,0.15494591462693894,0.1549459146269371,0.15494591462693894,0.1549459146269418,0.15494591462694018,0.1549459146269371,0.15494591462693524,0.1549459146269371,0.15494591462694018,0.1549459146269418,0.15494591462693894,0.1549459146269371,0.15494591462693894,0.1549459146269418,0.15494591462694468,0.1549459146269418,0.15494591462694018,0.1549459146269418,0.15494591462694468,0.15357822066025525,0.15357822066024643,0.15357822066024102,0.15357822066024643,0.15357822066025525,0.15357822066024643,0.15357822066023719,0.15357822066023138,0.15357822066023719,0.15357822066024643,0.15357822066024102,0.15357822066023138,0.15357822066022533,0.15357822066023138,0.15357822066024102,0.15357822066024643,0.15357822066023719,0.15357822066023138,0.15357822066023719,0.15357822066024643,0.15357822066025525,0.15357822066024643,0.15357822066024102,0.15357822066024643,0.15357822066025525,0.152237803814325,0.15223780381429783,0.1522378038142809,0.15223780381429783,0.152237803814325,0.15223780381429783,0.15223780381426888,0.15223780381425017,0.15223780381426888,0.15223780381429783,0.1522378038142809,0.15223780381425017,0.1522378038142305,0.15223780381425017,0.1522378038142809,0.15223780381429783,0.15223780381426888,0.15223780381425017,0.15223780381426888,0.15223780381429783,0.152237803814325,0.15223780381429783,0.1522378038142809,0.15223780381429783,0.152237803814325,0.15092409289478467,0.15092409289470288,0.15092409289465078,0.15092409289470288,0.15092409289478467,0.15092409289470288,0.15092409289461223,0.15092409289455336,0.15092409289461223,0.15092409289470288,0.15092409289465078,0.15092409289455336,0.1509240928944905,0.15092409289455336,0.15092409289465078,0.15092409289470288,0.15092409289461223,0.15092409289455336,0.15092409289461223,0.15092409289470288,0.15092409289478467,0.15092409289470288,0.15092409289465078,0.15092409289470288,0.15092409289478467,0.14963652304001565,0.14963652303977173,0.14963652303961386,0.14963652303977173,0.14963652304001585,0.14963652303977173,0.1496365230394919,0.14963652303930658,0.1496365230394919,0.14963652303977173,0.14963652303961386,0.14963652303930658,0.14963652303910183,0.14963652303930658,0.14963652303961386,0.14963652303977173,0.1496365230394919,0.14963652303930658,0.1496365230394919,0.14963652303977173,0.14963652304001585,0.14963652303977173,0.14963652303961386,0.14963652303977173,0.14963652304001585,0.14837453630672706,0.1483745363060132,0.14837453630553873,0.1483745363060132,0.14837453630672706,0.1483745363060132,0.14837453630515565,0.14837453630456335,0.14837453630515565,0.1483745363060132,0.14837453630553873,0.14837453630456335,0.1483745363038756,0.14837453630456335,0.14837453630553873,0.1483745363060132,0.14837453630515565,0.14837453630456335,0.14837453630515565,0.1483745363060132,0.14837453630672706,0.1483745363060132,0.14837453630553873,0.1483745363060132,0.14837453630672706,0.1471375821787074,0.14713758217667866,0.14713758217527065,0.14713758217667866,0.1471375821787074,0.14713758217667866,0.14713758217407533,0.1471375821721465,0.14713758217407533,0.14713758217667866,0.14713758217527065,0.1471375821721465,0.14713758216971357,0.1471375821721465,0.14713758217527065,0.14713758217667866,0.14713758217407533,0.1471375821721465,0.14713758217407533,0.14713758217667866,0.1471375821787074,0.14713758217667866,0.14713758217527065,0.14713758217667866,0.1471375821787074,0.14592511800577365,0.1459251180002642,0.1459251179961762,0.1459251180002642,0.14592511800577365,0.1459251180002642,0.1459251179925143,0.14592511798609314,0.1459251179925143,0.1459251180002642,0.1459251179961762,0.14592511798609314,0.1459251179768071,0.14592511798609314,0.1459251179961762,0.1459251180002642,0.1459251179925143,0.14592511798609314,0.1459251179925143,0.1459251180002642,0.14592511800577365,0.1459251180002642,0.1459251179961762,0.1459251180002642,0.14592511800577365,0.1447366093799762,0.14473660936608393,0.14473660935470362,0.14473660936608393,0.1447366093799762,0.14473660936608393,0.14473660934396113,0.14473660932221416,0.14473660934396113,0.14473660936608393,0.14473660935470362,0.14473660932221416,0.14473660928293136,0.14473660932221416,0.14473660935470362,0.14473660936608393,0.14473660934396113,0.14473660932221416,0.14473660934396113,0.14473660936608393,0.1447366093799762,0.14473660936608393,0.14473660935470362,0.14473660936608393,0.1447366093799762,0.14357153045608648,0.14357153042523824,0.14357153039624249,0.14357153042523824,0.14357153045608648,0.14357153042523824,0.14357153036752016,0.14357153029497838,0.14357153036752016,0.14357153042523824,0.14357153039624249,0.14357153029497838,0.1435715301071979,0.14357153029497838,0.14357153039624249,0.14357153042523824,0.14357153036752016,0.14357153029497838,0.14357153036752016,0.14357153042523824,0.14357153045608648,0.14357153042523824,0.14357153039624249,0.14357153042523824,0.14357153045608648,0.14242936422069422,0.14242936416661753,0.14242936410673743,0.14242936416661753,0.14242936422069422,0.14242936416661753,0.1424293640453744,0.1424293638335563,0.1424293640453744,0.14242936416661753,0.14242936410673743,0.1424293638335563,0.14242936281616772,0.1424293638335563,0.14242936410673743,0.14242936416661753,0.1424293640453744,0.1424293638335563,0.14242936404537423,0.14242936416661753,0.14242936422069422,0.14242936416661753,0.14242936410673743,0.14242936416661753,0.14242936422069422,0.1413096027005621,0.14130960264243858,0.14130960257848313,0.14130960264243858,0.1413096027005621,0.14130960264243858,0.14130960251266422,0.14130960229714465,0.14130960251266422,0.14130960264243858,0.14130960257848313,0.14130960229714465,0.14130960138240944,0.14130960229714465,0.14130960257848313,0.14130960264243858,0.14130960251266422,0.14130960229714465,0.14130960251266422,0.14130960264243858,0.1413096027005621,0.14130960264243858,0.14130960257848313,0.14130960264243858,0.1413096027005621,0.14021174707911888,0.1402117470368545,0.14021174698713604,0.1402117470368545,0.14021174707911888,0.1402117470368545,0.14021174693541644,0.14021174674789028,0.14021174693541644,0.1402117470368545,0.14021174698713604,0.14021174674789028,0.14021174582580184,0.14021174674789028,0.14021174698713604,0.1402117470368545,0.14021174693541644,0.14021174674789028,0.14021174693541644,0.1402117470368545,0.14021174707911888,0.1402117470368545,0.14021174698713604,0.1402117470368545,0.14021174707911888,0.1391353078236117,0.13913530782253591,0.1391353078191256,0.13913530782253591,0.1391353078236117,0.13913530782253591,0.13913530781507222,0.13913530779578892,0.13913530781507222,0.13913530782253591,0.1391353078191256,0.13913530779578892,0.13913530771573748,0.13913530779578892,0.1391353078191256,0.13913530782253591,0.13913530781507222,0.13913530779578892,0.13913530781507222,0.13913530782253591,0.1391353078236117,0.13913530782253591,0.1391353078191256,0.13913530782253591,0.1391353078236117,0.1380798047666151,0.1380798048151294,0.1380798048655306,0.1380798048151294,0.1380798047666151,0.1380798048151294,0.13807980491708186,0.13807980506243084,0.13807980491708186,0.1380798048151294,0.1380798048655306,0.13807980506243084,0.13807980548538518,0.13807980506243084,0.1380798048655306,0.1380798048151294,0.13807980491708186,0.13807980506243084,0.13807980491708186,0.1380798048151294,0.1380798047666151,0.1380798048151294,0.1380798048655306,0.1380798048151294,0.1380798047666151,0.13704476720118713,0.13704476729289583,0.1370447674057845,0.13704476729289583,0.13704476720118713,0.13704476729289583,0.13704476752325276,0.13704476799163304,0.13704476752325276,0.13704476729289583,0.1370447674057845,0.13704476799163304,0.13704477060347148,0.13704476799163304,0.1370447674057845,0.13704476729289583,0.13704476752325276,0.13704476799163304,0.13704476752325276,0.13704476729289583,0.13704476720118713,0.13704476729289583,0.1370447674057845,0.13704476729289583,0.13704476720118713,0.13602973394293844,0.13602973400812715,0.13602973407232902,0.13602973400812715,0.13602973394293844,0.13602973400812715,0.13602973413690578,0.13602973431009338,0.13602973413690578,0.13602973400812715,0.13602973407232902,0.13602973431009338,0.13602973479247937,0.13602973431009338,0.13602973407232902,0.13602973400812715,0.13602973413690578,0.13602973431009338,0.13602973413690578,0.13602973400812715,0.13602973394293844,0.13602973400812715,0.13602973407232902,0.13602973400812715,0.13602973394293844,0.13503425346647943,0.13503425350754872,0.13503425354155163,0.13503425350754872,0.13503425346647943,0.13503425350754872,0.1350342535738884,0.13503425363986557,0.1350342535738884,0.13503425350754872,0.13503425354155163,0.13503425363986557,0.13503425376014372,0.13503425363986557,0.13503425354155163,0.13503425350754872,0.1350342535738884,0.13503425363986557,0.1350342535738884,0.13503425350754872,0.13503425346647943,0.13503425350754872,0.13503425354155163,0.13503425350754872,0.13503425346647943
0.1653324874897163,0.1653324874897163,0.1653324874897163,0.1653324874897163,0.1653324874897163,0.1653324874897163,0.1653324874897163,0.1653324874897163,0.1653324874897163,0.1653324874897163,0.1653324874897163,0.1653324874897163,0.1653324874897163,0.1653324874897163,0.1653324874897163,0.1653324874897163,0.1653324874897163,0.1653324874897163,0.1653324874897163,0.1653324874897163,0.1653324874897163,0.1653324874897163,0.1653324874897163,0.1653324874897163,0.1653324874897163,0.16375749377681303,0.16375749377681303,0.16375749377681303,0.16375749377681303,0.16375749377681303,0.16375749377681303,0.16375749377681303,0.16375749377681303,0.16375749377681303,0.16375749377681303,0.16375749377681303,0.16375749377681303,0.16375749377681303,0.16375749377681303,0.16375749377681303,0.16375749377681303,0.16375749377681303,0.16375749377681303,0.16375749377681303,0.16375749377681303,0.16375749377681303,0.16375749377681303,0.16375749377681303,0.16375749377681303,0.16375749377681303,0.16221388399569997,0.16221388399569997,0.16221388399569997,0.16221388399569997,0.16221388399569997,0.16221388399569997,0.16221388399569997,0.16221388399569997,0.16221388399569997,0.16221388399569997,0.16221388399569997,0.16221388399569997,0.16221388399569997,0.16221388399569997,0.16221388399569997,0.16221388399569997,0.16221388399569997,0.16221388399569997,0.16221388399569997,0.16221388399569997,0.16221388399569997,0.16221388399569997,0.16221388399569997,0.16221388399569997,0.16221388399569997,0.16070106710341747,0.16070106710341747,0.16070106710341747,0.16070106710341747,0.16070106710341747,0.16070106710341747,0.16070106710341747,0.16070106710341747,0.16070106710341747,0.16070106710341747,0.16070106710341747,0.16070106710341747,0.16070106710341747,0.16070106710341747,0.16070106710341747,0.16070106710341747,0.16070106710341747,0.16070106710341747,0.16070106710341747,0.16070106710341747,0.16070106710341747,0.16070106710341747,0.16070106710341747,0.16070106710341747,0.16070106710341747,0.15921845147494376,0.15921845147494376,0.15921845147494357,0.15921845147494376,0.15921845147494376,0.15921845147494376,0.15921845147494357,0.15921845147494357,0.15921845147494357,0.15921845147494376,0.15921845147494357,0.15921845147494357,0.15921845147494357,0.15921845147494357,0.15921845147494357,0.15921845147494376,0.15921845147494357,0.15921845147494357,0.15921845147494357,0.15921845147494376,0.15921845147494376,0.15921845147494376,0.15921845147494357,0.15921845147494376,0.15921845147494376,0.15776544625504585,0.15776544625504568,0.15776544625504546,0.15776544625504568,0.15776544625504585,0.15776544625504568,0.15776544625504524,0.15776544625504524,0.15776544625504524,0.15776544625504568,0.15776544625504546,0.15776544625504524,0.15776544625504502,0.15776544625504524,0.15776544625504546,0.15776544625504568,0.15776544625504524,0.15776544625504524,0.15776544625504524,0.15776544625504568,0.15776544625504585,0.15776544625504568,0.15776544625504546,0.15776544625504568,0.15776544625504585,0.15634146257260337,0.15634146257260256,0.15634146257260192,0.15634146257260256,0.15634146257260337,0.15634146257260256,0.1563414625726015,0.15634146257260087,0.1563414625726015,0.15634146257260256,0.15634146257260192,0.15634146257260087,0.15634146257260045,0.15634146257260087,0.15634146257260192,0.15634146257260256,0.1563414625726015,0.15634146257260087,0.1563414625726015,0.15634146257260256,0.15634146257260337,0.15634146257260256,0.15634146257260192,0.15634146257260256,0.15634146257260337,0.1549459146276689,0.15494591462766602,0.15494591462766438,0.15494591462766602,0.1549459146276689,0.15494591462766602,0.1549459146276632,0.15494591462766133,0.1549459146276632,0.15494591462766602,0.15494591462766438,0.15494591462766133,0.15494591462765944,0.15494591462766133,0.15494591462766438,0.15494591462766602,0.1549459146276632,0.15494591462766133,0.1549459146276632,0.15494591462766602,0.1549459146276689,0.15494591462766602,0.15494591462766438,0.15494591462766602,0.1549459146276689,0.1535782206609751,0.15357822066096627,0.15357822066096083,0.15357822066096627,0.1535782206609751,0.15357822066096627,0.15357822066095703,0.1535782206609512,0.15357822066095703,0.15357822066096627,0.15357822066096083,0.1535782206609512,0.15357822066094517,0.1535782206609512,0.15357822066096083,0.15357822066096627,0.15357822066095703,0.1535782206609512,0.15357822066095703,0.15357822066096627,0.1535782206609751,0.15357822066096627,0.15357822066096083,0.15357822066096627,0.1535782206609751,0.1522378038150415,0.15223780381501453,0.15223780381499757,0.15223780381501453,0.1522378038150415,0.15223780381501453,0.15223780381498558,0.15223780381496727,0.15223780381498558,0.15223780381501453,0.15223780381499757,0.15223780381496727,0.1522378038149476,0.15223780381496727,0.15223780381499757,0.15223780381501453,0.15223780381498558,0.15223780381496727,0.15223780381498558,0.15223780381501453,0.1522378038150415,0.15223780381501453,0.15223780381499757,0.15223780381501453,0.1522378038150415,0.1509240928954991,0.15092409289541747,0.15092409289536557,0.15092409289541747,0.1509240928954991,0.15092409289541747,0.15092409289532735,0.15092409289526854,0.15092409289532735,0.15092409289541747,0.15092409289536557,0.15092409289526854,0.15092409289520584,0.15092409289526854,0.15092409289536557,0.15092409289541747,0.15092409289532735,0.15092409289526854,0.15092409289532735,0.15092409289541747,0.1509240928954991,0.15092409289541747,0.15092409289536557,0.15092409289541747,0.1509240928954991,0.14963652304072889,0.14963652304048536,0.14963652304032785,0.14963652304048536,0.14963652304072889,0.14963652304048536,0.14963652304020625,0.14963652304002154,0.14963652304020625,0.14963652304048536,0.14963652304032785,0.14963652304002154,0.14963652303981712,0.14963652304002154,0.14963652304032785,0.14963652304048536,0.14963652304020625,0.14963652304002154,0.14963652304020625,0.14963652304048536,0.14963652304072889,0.14963652304048536,0.14963652304032785,0.14963652304048536,0.14963652304072889,0.14837453630743835,0.14837453630672634,0.148374536306253,0.14837453630672634,0.14837453630743835,0.14837453630672634,0.14837453630587086,0.14837453630528002,0.14837453630587086,0.14837453630672634,0.148374536306253,0.14837453630528002,0.14837453630459393,0.14837453630528002,0.148374536306253,0.14837453630672634,0.14837453630587086,0.14837453630528002,0.14837453630587086,0.14837453630672634,0.14837453630743835,0.14837453630672634,0.148374536306253,0.14837453630672634,0.14837453630743835,0.14713758217941442,0.1471375821773906,0.147137582175986,0.1471375821773906,0.14713758217941442,0.1471375821773906,0.14713758217479342,0.14713758217286949,0.14713758217479342,0.1471375821773906,0.147137582175986,0.14713758217286949,0.14713758217044254,0.14713758217286949,0.147137582175986,0.1471375821773906,0.14713758217479342,0.14713758217286949,0.14713758217479342,0.1471375821773906,0.14713758217941442,0.1471375821773906,0.147137582175986,0.1471375821773906,0.14713758217941442,0.14592511800646724,0.14592511800097058,0.14592511799689217,0.14592511800097058,0.14592511800646724,0.14592511800097058,0.1459251179932392,0.1459251179868337,0.1459251179932392,0.14592511800097058,0.14592511799689217,0.1459251179868337,0.14592511797757154,0.1459251179868337,0.14592511799689217,0.14592511800097058,0.1459251179932392,0.1459251179868337,0.1459251179932392,0.14592511800097058,0.14592511800646724,0.14592511800097058,0.14592511799689217,0.14592511800097058,0.14592511800646724,0.14473660938063024,0.14473660936676905,0.1447366093554153,0.14473660936676905,0.14473660938063024,0.14473660936676905,0.14473660934469829,0.14473660932300506,0.14473660934469829,0.14473660936676905,0.1447366093554153,0.14473660932300506,0.14473660928382526,0.14473660932300506,0.1447366093554153,0.14473660936676905,0.14473660934469829,0.14473660932300506,0.14473660934469829,0.14473660936676905,0.14473660938063024,0.14473660936676905,0.1447366093554153,0.14473660936676905,0.14473660938063024,0.14357153045663593,0.14357153042585322,0.14357153039692266,0.14357153042585322,0.14357153045663593,0.14357153042585322,0.14357153036826603,0.14357153029590325,0.14357153036826603,0.14357153042585322,0.14357153039692266,0.14357153029590325,0.1435715301086267,0.14357153029590325,0.14357153039692266,0.14357153042585322,0.14357153036826603,0.14357153029590325,0.14357153036826603,0.14357153042585322,0.14357153045663593,0.14357153042585322,0.14357153039692266,0.14357153042585322,0.14357153045663593,0.1424293642210022,0.14242936416702548,0.14242936410726734,0.14242936416702548,0.1424293642210022,0.14242936416702548,0.14242936404603082,0.14242936383471327,0.14242936404603082,0.14242936416702548,0.14242936410726734,0.14242936383471327,0.14242936282010807,0.14242936383471327,0.14242936410726734,0.14242936416702548,0.14242936404603082,0.14242936383471327,0.14242936404603082,0.14242936416702548,0.1424293642210022,0.14242936416702548,0.14242936410726734,0.14242936416702548,0.1424293642210022,0.14130960270041754,0.14130960264235734,0.14130960257846437,0.14130960264235734,0.14130960270041754,0.14130960264235734,0.14130960251270863,0.14130960229734854,0.14130960251270863,0.14130960264235734,0.14130960257846437,0.14130960229734854,0.1413096013829298,0.14130960229734854,0.14130960257846437,0.14130960264235734,0.14130960251270863,0.14130960229734854,0.14130960251270863,0.14130960264235734,0.14130960270041754,0.14130960264235734,0.14130960257846437,0.14130960264235734,0.14130960270041754,0.1402117470783837,0.14021174703614692,0.14021174698645844,0.14021174703614692,0.1402117470783837,0.14021174703614692,0.14021174693476995,0.14021174674734882,0.14021174693476995,0.14021174703614692,0.14021174698645844,0.14021174674734882,0.1402117458257707,0.14021174674734882,0.14021174698645844,0.14021174703614692,0.14021174693476995,0.14021174674734882,0.14021174693476995,0.14021174703614692,0.1402117470783837,0.14021174703614692,0.14021174698645844,0.14021174703614692,0.1402117470783837,0.13913530782221936,0.1391353078211257,0.13913530781770084,0.1391353078211257,0.13913530782221936,0.1391353078211257,0.1391353078136336,0.1391353077943256,0.1391353078136336,0.1391353078211257,0.13913530781770084,0.1391353077943256,0.13913530771424887,0.1391353077943256,0.13913530781770084,0.1391353078211257,0.1391353078136336,0.1391353077943256,0.1391353078136336,0.1391353078211257,0.13913530782221936,0.1391353078211257,0.13913530781770084,0.1391353078211257,0.13913530782221936,0.1380798047645915,0.13807980481303075,0.1380798048633558,0.13807980481303075,0.1380798047645915,0.13807980481303075,0.13807980491482974,0.1380798050599663,0.13807980491482974,0.13807980481303075,0.1380798048633558,0.1380798050599663,0.13807980548231924,0.1380798050599663,0.1380798048633558,0.13807980481303075,0.13807980491482974,0.1380798050599663,0.13807980491482974,0.13807980481303075,0.1380798047645915,0.13807980481303075,0.1380798048633558,0.13807980481303075,0.1380798047645915,0.13704476719867512,0.13704476729025553,0.1370447674029882,0.13704476729025553,0.13704476719867512,0.13704476729025553,0.13704476752029435,0.13704476798803453,0.13704476752029435,0.13704476729025553,0.1370447674029882,0.13704476798803453,0.13704477059633322,0.13704476798803453,0.1370447674029882,0.13704476729025553,0.13704476752029435,0.13704476798803453,0.13704476752029435,0.13704476729025553,0.13704476719867512,0.13704476729025553,0.1370447674029882,0.13704476729025553,0.13704476719867512,0.13602973394019205,0.1360297340052908,0.1360297340694046,0.1360297340052908,0.13602973394019205,0.1360297340052908,0.1360297341338928,0.13602973430684392,0.1360297341338928,0.1360297340052908,0.1360297340694046,0.13602973430684392,0.13602973478857308,0.13602973430684392,0.1360297340694046,0.1360297340052908,0.1360297341338928,0.13602973430684392,0.1360297341338928,0.1360297340052908,0.13602973394019205,0.1360297340052908,0.1360297340694046,0.1360297340052908,0.13602973394019205,0.13503425346367648,0.1350342535046893,0.13503425353864557,0.1350342535046893,0.13503425346367648,0.1350342535046893,0.13503425357093804,0.13503425363682497,0.13503425357093804,0.1350342535046893,0.13503425353864557,0.13503425363682497,0.13503425375693937,0.13503425363682497,0.13503425353864557,0.1350342535046893,0.13503425357093804,0.13503425363682497,0.13503425357093804,0.1350342535046893,0.13503425346367648,0.1350342535046893,0.13503425353864557,0.1350342535046893,0.13503425346367648
0.16533248749065813,0.16533248749065813,0.16533248749065813,0.16533248749065813,0.16533248749065813,0.16533248749065813,0.16533248749065813,0.16533248749065813,0.16533248749065813,0.16533248749065813,0.16533248749065813,0.16533248749065813,0.16533248749065813,0.16533248749065813,0.16533248749065813,0.16533248749065813,0.16533248749065813,0.16533248749065813,0.16533248749065813,0.16533248749065813,0.16533248749065813,0.16533248749065813,0.16533248749065813,0.16533248749065813,0.16533248749065813,0.1637574937777375,0.1637574937777375,0.1637574937777375,0.1637574937777375,0.1637574937777375,0.1637574937777375,0.1637574937777375,0.1637574937777375,0.1637574937777375,0.1637574937777375,0.1637574937777375,0.1637574937777375,0.1637574937777375,0.1637574937777375,0.1637574937777375,0.1637574937777375,0.1637574937777375,0.1637574937777375,0.1637574937777375,0.1637574937777375,0.1637574937777375,0.1637574937777375,0.1637574937777375,0.1637574937777375,0.1637574937777375,0.16221388399660847,0.16221388399660847,0.16221388399660847,0.16221388399660847,0.16221388399660847,0.16221388399660847,0.16221388399660847,0.16221388399660847,0.16221388399660847,0.16221388399660847,0.16221388399660847,0.16221388399660847,0.16221388399660847,0.16221388399660847,0.16221388399660847,0.16221388399660847,0.16221388399660847,0.16221388399660847,0.16221388399660847,0.16221388399660847,0.16221388399660847,0.16221388399660847,0.16221388399660847,0.16221388399660847,0.16221388399660847,0.16070106710431165,0.16070106710431165,0.1607010671043114,0.16070106710431165,0.16070106710431165,0.16070106710431165,0.1607010671043114,0.1607010671043114,0.1607010671043114,0.16070106710431165,0.1607010671043114,0.1607010671043114,0.1607010671043114,0.1607010671043114,0.1607010671043114,0.16070106710431165,0.1607010671043114,0.1607010671043114,0.1607010671043114,0.16070106710431165,0.16070106710431165,0.16070106710431165,0.1607010671043114,0.16070106710431165,0.16070106710431165,0.15921845147582467,0.15921845147582467,0.15921845147582467,0.15921845147582467,0.15921845147582467,0.15921845147582467,0.15921845147582467,0.15921845147582445,0.15921845147582467,0.15921845147582467,0.15921845147582467,0.15921845147582445,0.15921845147582445,0.15921845147582445,0.15921845147582467,0.15921845147582467,0.15921845147582467,0.15921845147582445,0.15921845147582467,0.15921845147582467,0.15921845147582467,0.15921845147582467,0.15921845147582467,0.15921845147582467,0.15921845147582467,0.15776544625591535,0.15776544625591493,0.15776544625591493,0.15776544625591493,0.15776544625591535,0.15776544625591493,0.1577654462559147,0.15776544625591452,0.1577654462559147,0.15776544625591493,0.15776544625591493,0.15776544625591452,0.15776544625591427,0.15776544625591452,0.15776544625591493,0.15776544625591493,0.1577654462559147,0.15776544625591452,0.1577654462559147,0.15776544625591513,0.15776544625591535,0.15776544625591493,0.15776544625591493,0.15776544625591513,0.15776544625591535,0.15634146257346282,0.15634146257346176,0.15634146257346132,0.15634146257346176,0.15634146257346282,0.15634146257346176,0.1563414625734609,0.1563414625734603,0.1563414625734609,0.15634146257346176,0.15634146257346132,0.1563414625734603,0.15634146257345968,0.1563414625734603,0.15634146257346132,0.15634146257346176,0.1563414625734609,0.1563414625734603,0.1563414625734609,0.15634146257346176,0.15634146257346282,0.15634146257346176,0.15634146257346132,0.15634146257346176,0.15634146257346282,0.15494591462851978,0.15494591462851692,0.15494591462851506,0.15494591462851692,0.15494591462851978,0.15494591462851692,0.15494591462851384,0.154945914628512,0.15494591462851384,0.15494591462851692,0.15494591462851506,0.154945914628512,0.15494591462851012,0.154945914628512,0.15494591462851506,0.15494591462851692,0.15494591462851384,0.154945914628512,0.15494591462851384,0.15494591462851692,0.15494591462851978,0.15494591462851692,0.15494591462851506,0.15494591462851692,0.15494591462851978,0.15357822066181864,0.15357822066180982,0.15357822066180438,0.15357822066180982,0.15357822066181864,0.15357822066180982,0.15357822066180077,0.15357822066179494,0.15357822066180077,0.15357822066180982,0.15357822066180438,0.15357822066179494,0.15357822066178892,0.15357822066179494,0.15357822066180438,0.15357822066180982,0.15357822066180077,0.15357822066179494,0.15357822066180077,0.15357822066180982,0.15357822066181864,0.15357822066180982,0.15357822066180438,0.15357822066180982,0.15357822066181864,0.15223780381587926,0.15223780381585247,0.15223780381583552,0.15223780381585247,0.15223780381587926,0.15223780381585247,0.15223780381582372,0.15223780381580523,0.15223780381582372,0.15223780381585247,0.15223780381583552,0.15223780381580523,0.15223780381578594,0.15223780381580523,0.15223780381583552,0.15223780381585247,0.15223780381582372,0.15223780381580523,0.15223780381582372,0.15223780381585247,0.15223780381587926,0.15223780381585247,0.15223780381583552,0.15223780381585247,0.15223780381587926,0.1509240928963321,0.1509240928962509,0.15092409289619899,0.1509240928962509,0.1509240928963321,0.1509240928962509,0.15092409289616118,0.15092409289610254,0.15092409289616118,0.1509240928962509,0.15092409289619899,0.15092409289610254,0.15092409289603984,0.15092409289610254,0.15092409289619899,0.1509240928962509,0.15092409289616118,0.15092409289610254,0.15092409289616118,0.1509240928962509,0.1509240928963321,0.1509240928962509,0.15092409289619899,0.1509240928962509,0.1509240928963321,0.14963652304155764,0.14963652304131486,0.1496365230411579,0.14963652304131486,0.14963652304155764,0.14963652304131486,0.14963652304103672,0.14963652304085256,0.14963652304103672,0.14963652304131486,0.1496365230411579,0.14963652304085256,0.14963652304064892,0.14963652304085256,0.1496365230411579,0.14963652304131486,0.14963652304103672,0.14963652304085256,0.14963652304103672,0.14963652304131486,0.14963652304155764,0.14963652304131486,0.1496365230411579,0.14963652304131486,0.14963652304155764,0.14837453630826272,0.1483745363075527,0.14837453630708067,0.1483745363075527,0.14837453630826272,0.1483745363075527,0.1483745363066998,0.14837453630611067,0.1483745363066998,0.1483745363075527,0.14837453630708067,0.14837453630611067,0.14837453630542663,0.14837453630611067,0.14837453630708067,0.1483745363075527,0.1483745363066998,0.14837453630611067,0.1483745363066998,0.1483745363075527,0.14837453630826272,0.1483745363075527,0.14837453630708067,0.1483745363075527,0.14837453630826272,0.14713758218023096,0.14713758217821274,0.14713758217681217,0.14713758217821274,0.14713758218023096,0.14713758217821274,0.14713758217562323,0.14713758217370493,0.14713758217562323,0.14713758217821274,0.14713758217681217,0.14713758217370493,0.1471375821712856,0.14713758217370493,0.14713758217681217,0.14713758217821274,0.14713758217562323,0.14713758217370493,0.14713758217562323,0.14713758217821274,0.14713758218023096,0.14713758217821274,0.14713758217681217,0.14713758217821274,0.14713758218023096,0.14592511800726443,0.1459251180017831,0.14592511799771646,0.1459251180017831,0.14592511800726443,0.1459251180017831,0.14592511799407415,0.14592511798768804,0.14592511799407415,0.1459251180017831,0.14592511799771646,0.14592511798768804,0.1459251179784549,0.14592511798768804,0.14592511799771646,0.1459251180017831,0.14592511799407415,0.14592511798768804,0.14592511799407415,0.1459251180017831,0.14592511800726443,0.1459251180017831,0.14592511799771646,0.1459251180017831,0.14592511800726443,0.1447366093813766,0.14473660936755295,0.1447366093562313,0.14473660936755295,0.1447366093813766,0.14473660936755295,0.1447366093455452,0.14473660932391777,0.1447366093455452,0.14473660936755295,0.1447366093562313,0.14473660932391777,0.14473660928486398,0.14473660932391777,0.1447366093562313,0.14473660936755295,0.1447366093455452,0.14473660932391777,0.1447366093455452,0.14473660936755295,0.1447366093813766,0.14473660936755295,0.1447366093562313,0.14473660936755295,0.1447366093813766,0.14357153045725313,0.14357153042654883,0.14357153039769713,0.14357153042654883,0.14357153045725313,0.14357153042654883,0.14357153036911988,0.1435715302969751,0.14357153036911988,0.14357153042654883,0.14357153039769713,0.1435715302969751,0.14357153011031762,0.1435715302969751,0.14357153039769713,0.14357153042654883,0.14357153036911988,0.1435715302969751,0.14357153036911988,0.14357153042654883,0.14357153045725313,0.14357153042654883,0.14357153039769713,0.14357153042654883,0.14357153045725313,0.14242936422132613,0.14242936416746751,0.14242936410785464,0.14242936416746751,0.14242936422132613,0.14242936416746751,0.14242936404676926,0.14242936383605914,0.14242936404676926,0.14242936416746751,0.14242936410785464,0.14242936383605914,0.14242936282490826,0.14242936383605914,0.14242936410785464,0.14242936416746751,0.14242936404676926,0.14242936383605914,0.14242936404676926,0.14242936416746751,0.14242936422132613,0.14242936416746751,0.14242936410785464,0.14242936416746751,0.14242936422132613,0.14130960270019993,0.14130960264220668,0.141309602578378,0.14130960264220668,0.14130960270019993,0.14130960264220668,0.14130960251268757,0.14130960229747916,0.14130960251268757,0.14130960264220668,0.141309602578378,0.14130960229747916,0.14130960138324591,0.14130960229747916,0.141309602578378,0.14130960264220668,0.14130960251268757,0.14130960229747916,0.14130960251268757,0.14130960264220668,0.14130960270019993,0.14130960264220668,0.141309602578378,0.14130960264220668,0.14130960270019993,0.14021174707747794,0.14021174703526323,0.14021174698559766,0.14021174703526323,0.14021174707747794,0.14021174703526323,0.1402117469339324,0.14021174674658268,0.1402117469339324,0.14021174703526323,0.14021174698559766,0.14021174674658268,0.1402117458253234,0.14021174674658268,0.14021174698559766,0.14021174703526323,0.1402117469339324,0.14021174674658268,0.1402117469339324,0.14021174703526323,0.14021174707747794,0.14021174703526323,0.14021174698559766,0.14021174703526323,0.14021174707747794,0.1391353078205682,0.1391353078194491,0.13913530781600256,0.1391353078194491,0.1391353078205682,0.1391353078194491,0.13913530781191397,0.13913530779256345,0.13913530781191397,0.1391353078194491,0.13913530781600256,0.13913530779256345,0.13913530771241683,0.13913530779256345,0.13913530781600256,0.1391353078194491,0.13913530781191397,0.13913530779256345,0.13913530781191397,0.1391353078194491,0.1391353078205682,0.1391353078194491,0.13913530781600256,0.1391353078194491,0.1391353078205682,0.1380798047622347,0.13807980481058837,0.1380798048608271,0.13807980481058837,0.1380798047622347,0.13807980481058837,0.1380798049122134,0.1380798050571109,0.1380798049122134,0.13807980481058837,0.1380798048608271,0.1380798050571109,0.13807980547879065,0.1380798050571109,0.1380798048608271,0.13807980481058837,0.1380798049122134,0.1380798050571109,0.1380798049122134,0.13807980481058837,0.1380798047622347,0.13807980481058837,0.1380798048608271,0.13807980481058837,0.1380798047622347,0.13704476719577663,0.13704476728721443,0.13704476739977378,0.13704476728721443,0.13704476719577663,0.13704476728721443,0.1370447675169002,0.13704476798393173,0.1370447675169002,0.13704476728721443,0.13704476739977378,0.13704476798393173,0.13704477058830186,0.13704476798393173,0.13704476739977378,0.13704476728721443,0.1370447675169002,0.13704476798393173,0.1370447675169002,0.13704476728721443,0.13704476719577663,0.13704476728721443,0.13704476739977378,0.13704476728721443,0.13704476719577663,0.13602973393703516,0.13602973400203405,0.13602973406605,0.13602973400203405,0.13602973393703516,0.13602973400203405,0.13602973413044026,0.13602973430312967,0.13602973413044026,0.13602973400203405,0.13602973406605,0.13602973430312967,0.13602973478413286,0.13602973430312967,0.13602973406605,0.13602973400203405,0.13602973413044026,0.13602973430312967,0.13602973413044026,0.13602973400203405,0.13602973393703516,0.13602973400203405,0.13602973406605,0.13602973400203405,0.13602973393703516,0.1350342534604585,0.1350342535014089,0.13503425353531337,0.1350342535014089,0.1350342534604585,0.1350342535014089,0.13503425356755686,0.13503425363334404,0.13503425356755686,0.1350342535014089,0.13503425353531337,0.13503425363334404,0.13503425375327707,0.13503425363334404,0.13503425353531337,0.1350342535014089,0.13503425356755686,0.13503425363334404,0.13503425356755686,0.1350342535014089,0.1350342534604585,0.1350342535014089,0.13503425353531337,0.1350342535014089,0.1350342534604585
0.16533248749174412,0.16533248749174412,0.16533248749174412,0.16533248749174412,0.16533248749174412,0.16533248749174412,0.16533248749174412,0.16533248749174412,0.16533248749174412,0.16533248749174412,0.16533248749174412,0.16533248749174412,0.16533248749174412,0.16533248749174412,0.16533248749174412,0.16533248749174412,0.16533248749174412,0.16533248749174412,0.16533248749174412,0.16533248749174412,0.16533248749174412,0.16533248749174412,0.16533248749174412,0.16533248749174412,0.16533248749174412,0.16375749377880305,0.16375749377880305,0.16375749377880305,0.16375749377880305,0.16375749377880305,0.16375749377880305,0.16375749377880305,0.16375749377880305,0.16375749377880305,0.16375749377880305,0.16375749377880305,0.16375749377880305,0.16375749377880305,0.16375749377880305,0.16375749377880305,0.16375749377880305,0.16375749377880305,0.16375749377880305,0.16375749377880305,0.16375749377880305,0.16375749377880305,0.16375749377880305,0.16375749377880305,0.16375749377880305,0.16375749377880305,0.16221388399765524,0.16221388399765524,0.16221388399765524,0.16221388399765524,0.16221388399765524,0.16221388399765524,0.16221388399765524,0.16221388399765524,0.16221388399765524,0.16221388399765524,0.16221388399765524,0.16221388399765524,0.16221388399765524,0.16221388399765524,0.16221388399765524,0.16221388399765524,0.16221388399765524,0.16221388399765524,0.16221388399765524,0.16221388399765524,0.16221388399765524,0.16221388399765524,0.16221388399765524,0.16221388399765524,0.16221388399765524,0.1607010671053411,0.1607010671053411,0.1607010671053411,0.1607010671053411,0.1607010671053411,0.1607010671053411,0.16070106710534088,0.16070106710534088,0.16070106710534088,0.1607010671053411,0.1607010671053411,0.16070106710534088,0.16070106710534088,0.16070106710534088,0.1607010671053411,0.1607010671053411,0.16070106710534088,0.16070106710534088,0.16070106710534088,0.1607010671053411,0.1607010671053411,0.1607010671053411,0.1607010671053411,0.1607010671053411,0.1607010671053411,0.15921845147683836,0.15921845147683836,0.15921845147683814,0.15921845147683836,0.15921845147683836,0.15921845147683836,0.15921845147683814,0.15921845147683814,0.15921845147683814,0.15921845147683836,0.15921845147683814,0.15921845147683814,0.15921845147683814,0.15921845147683814,0.15921845147683814,0.15921845147683836,0.15921845147683814,0.15921845147683814,0.15921845147683814,0.15921845147683836,0.15921845147683836,0.15921845147683836,0.15921845147683814,0.15921845147683836,0.15921845147683836,0.15776544625691477,0.15776544625691435,0.15776544625691413,0.15776544625691435,0.15776544625691477,0.15776544625691435,0.15776544625691413,0.1577654462569139,0.15776544625691413,0.15776544625691435,0.15776544625691413,0.1577654462569139,0.15776544625691372,0.1577654462569139,0.15776544625691413,0.15776544625691435,0.15776544625691413,0.1577654462569139,0.15776544625691413,0.15776544625691435,0.15776544625691477,0.15776544625691435,0.15776544625691413,0.15776544625691435,0.15776544625691477,0.15634146257444936,0.15634146257444834,0.15634146257444792,0.15634146257444834,0.15634146257444936,0.15634146257444834,0.1563414625744475,0.15634146257444687,0.1563414625744475,0.15634146257444834,0.15634146257444792,0.15634146257444687,0.15634146257444625,0.15634146257444687,0.15634146257444792,0.15634146257444834,0.1563414625744475,0.15634146257444687,0.1563414625744475,0.15634146257444834,0.15634146257444936,0.15634146257444834,0.15634146257444792,0.15634146257444834,0.15634146257444936,0.15494591462949506,0.1549459146294922,0.15494591462949056,0.1549459146294922,0.15494591462949506,0.1549459146294922,0.1549459146294893,0.15494591462948748,0.1549459146294893,0.1549459146294922,0.15494591462949056,0.15494591462948748,0.15494591462948562,0.15494591462948748,0.15494591462949056,0.1549459146294922,0.1549459146294893,0.15494591462948748,0.1549459146294893,0.1549459146294922,0.15494591462949506,0.1549459146294922,0.15494591462949056,0.1549459146294922,0.15494591462949506,0.15357822066278431,0.15357822066277546,0.15357822066277002,0.15357822066277546,0.15357822066278431,0.15357822066277546,0.1535782206627664,0.1535782206627606,0.1535782206627664,0.15357822066277546,0.15357822066277002,0.1535782206627606,0.1535782206627546,0.1535782206627606,0.15357822066277002,0.15357822066277546,0.1535782206627664,0.1535782206627606,0.1535782206627664,0.15357822066277546,0.15357822066278431,0.15357822066277546,0.15357822066277002,0.15357822066277546,0.15357822066278431,0.15223780381683646,0.15223780381680968,0.15223780381679278,0.15223780381680968,0.15223780381683646,0.15223780381680968,0.15223780381678095,0.15223780381676286,0.15223780381678095,0.15223780381680968,0.15223780381679278,0.15223780381676286,0.15223780381674357,0.15223780381676286,0.15223780381679278,0.15223780381680968,0.15223780381678095,0.15223780381676286,0.15223780381678095,0.15223780381680968,0.15223780381683646,0.15223780381680968,0.15223780381679278,0.15223780381680968,0.15223780381683646,0.15092409289728204,0.150924092897201,0.1509240928971493,0.150924092897201,0.15092409289728204,0.150924092897201,0.15092409289711167,0.1509240928970534,0.15092409289711167,0.150924092897201,0.1509240928971493,0.1509240928970534,0.15092409289699094,0.1509240928970534,0.1509240928971493,0.150924092897201,0.15092409289711167,0.1509240928970534,0.15092409289711167,0.150924092897201,0.15092409289728204,0.150924092897201,0.1509240928971493,0.150924092897201,0.15092409289728204,0.14963652304250077,0.14963652304225894,0.1496365230421024,0.14963652304225894,0.14963652304250077,0.14963652304225894,0.14963652304198177,0.14963652304179814,0.14963652304198177,0.14963652304225894,0.1496365230421024,0.14963652304179814,0.14963652304159528,0.14963652304179814,0.1496365230421024,0.14963652304225894,0.14963652304198177,0.14963652304179814,0.14963652304198177,0.14963652304225894,0.14963652304250077,0.14963652304225894,0.1496365230421024,0.14963652304225894,0.14963652304250077,0.14837453630919845,0.14837453630849087,0.1483745363080205,0.14837453630849087,0.14837453630919845,0.14837453630849087,0.14837453630764091,0.148374536307054,0.14837453630764091,0.14837453630849087,0.1483745363080205,0.148374536307054,0.14837453630637218,0.148374536307054,0.1483745363080205,0.14837453630849087,0.14837453630764091,0.148374536307054,0.14837453630764091,0.14837453630849087,0.14837453630919845,0.14837453630849087,0.1483745363080205,0.14837453630849087,0.14837453630919845,0.14713758218115505,0.14713758217914374,0.1471375821777479,0.14713758217914374,0.14713758218115505,0.14713758217914374,0.14713758217656311,0.1471375821746517,0.14713758217656311,0.14713758217914374,0.1471375821777479,0.1471375821746517,0.14713758217224093,0.1471375821746517,0.1471375821777479,0.14713758217914374,0.14713758217656311,0.1471375821746517,0.14713758217656311,0.14713758217914374,0.14713758218115505,0.14713758217914374,0.1471375821777479,0.14713758217914374,0.14713758218115505,0.14592511800816382,0.14592511800270047,0.14592511799864755,0.14592511800270047,0.14592511800816382,0.14592511800270047,0.1459251179950177,0.14592511798865443,0.1459251179950177,0.14592511800270047,0.14592511799864755,0.14592511798865443,0.14592511797945545,0.14592511798865443,0.14592511799864755,0.14592511800270047,0.1459251179950177,0.14592511798865443,0.1459251179950177,0.14592511800270047,0.14592511800816382,0.14592511800270047,0.14592511799864755,0.14592511800270047,0.14592511800816382,0.14473660938221392,0.14473660936843444,0.1447366093571503,0.14473660936843444,0.14473660938221392,0.14473660936843444,0.14473660934650032,0.14473660932495025,0.14473660934650032,0.14473660936843444,0.1447366093571503,0.14473660932495025,0.14473660928604534,0.14473660932495025,0.1447366093571503,0.14473660936843444,0.14473660934650032,0.14473660932495025,0.14473660934650032,0.14473660936843444,0.14473660938221392,0.14473660936843444,0.1447366093571503,0.14473660936843444,0.14473660938221392,0.14357153045793725,0.14357153042732396,0.14357153039856432,0.14357153042732396,0.14357153045793725,0.14357153042732396,0.14357153037008016,0.1435715302981919,0.14357153037008016,0.14357153042732396,0.14357153039856432,0.1435715302981919,0.14357153011226642,0.1435715302981919,0.14357153039856432,0.14357153042732396,0.14357153037008016,0.1435715302981919,0.14357153037008016,0.14357153042732396,0.14357153045793725,0.14357153042732396,0.14357153039856432,0.14357153042732396,0.14357153045793725,0.14242936422166616,0.1424293641679429,0.1424293641084985,0.1424293641679429,0.14242936422166616,0.1424293641679429,0.14242936404758874,0.14242936383759106,0.14242936404758874,0.1424293641679429,0.1424293641084985,0.14242936383759106,0.14242936283048688,0.1424293638375909,0.1424293641084985,0.1424293641679429,0.14242936404758874,0.1424293638375909,0.14242936404758874,0.1424293641679429,0.14242936422166616,0.1424293641679429,0.1424293641084985,0.1424293641679429,0.14242936422166616,0.14130960269991066,0.14130960264198777,0.14130960257822553,0.14130960264198777,0.14130960269991066,0.14130960264198777,0.14130960251260205,0.14130960229753772,0.14130960251260205,0.14130960264198777,0.14130960257822553,0.14130960229753772,0.1413096013833839,0.14130960229753772,0.14130960257822553,0.14130960264198777,0.14130960251260205,0.14130960229753772,0.14130960251260205,0.14130960264198777,0.14130960269991066,0.14130960264198777,0.14130960257822553,0.14130960264198777,0.14130960269991066,0.14021174707640402,0.14021174703420639,0.14021174698455646,0.14021174703420639,0.14021174707640402,0.14021174703420639,0.14021174693290667,0.1402117467455958,0.14021174693290667,0.14021174703420639,0.14021174698455646,0.1402117467455958,0.14021174582448212,0.1402117467455958,0.14021174698455646,0.14021174703420639,0.14021174693290667,0.1402117467455958,0.14021174693290667,0.14021174703420639,0.14021174707640402,0.14021174703420639,0.14021174698455646,0.14021174703420639,0.14021174707640402,0.13913530781866218,0.13913530781751032,0.13913530781403485,0.13913530781751032,0.13913530781866218,0.13913530781751032,0.1391353078099181,0.13913530779050734,0.1391353078099181,0.13913530781751032,0.13913530781403485,0.13913530779050734,0.13913530771024674,0.13913530779050734,0.13913530781403485,0.13913530781751032,0.1391353078099181,0.13913530779050734,0.1391353078099181,0.13913530781751032,0.13913530781866218,0.13913530781751032,0.13913530781403485,0.13913530781751032,0.13913530781866218,0.13807980475955017,0.13807980480780788,0.13807980485795016,0.13807980480780788,0.13807980475955017,0.13807980480780788,0.13807980490923846,0.13807980505387052,0.13807980490923846,0.13807980480780788,0.13807980485795016,0.13807980505387052,0.13807980547480672,0.13807980505387052,0.13807980485795016,0.13807980480780788,0.13807980490923846,0.13807980505387052,0.13807980490923846,0.13807980480780788,0.13807980475955017,0.13807980480780788,0.13807980485795016,0.13807980480780788,0.13807980475955017,0.13704476719249775,0.13704476728377832,0.13704476739614743,0.13704476728377832,0.13704476719249775,0.13704476728377832,0.13704476751307687,0.13704476797933224,0.13704476751307687,0.13704476728377832,0.13704476739614743,0.13704476797933224,0.13704477057942635,0.13704476797933224,0.13704476739614743,0.13704476728377832,0.13704476751307687,0.13704476797933224,0.13704476751307687,0.13704476728377832,0.13704476719249775,0.13704476728377832,0.13704476739614743,0.13704476728377832,0.13704476719249775,0.13602973393347376,0.1360297339983632,0.1360297340622721,0.1360297339983632,0.13602973393347376,0.1360297339983632,0.136029734126555,0.13602973429895768,0.136029734126555,0.1360297339983632,0.1360297340622721,0.13602973429895768,0.1360297347791664,0.13602973429895768,0.1360297340622721,0.1360297339983632,0.136029734126555,0.13602973429895768,0.136029734126555,0.1360297339983632,0.13602973393347376,0.1360297339983632,0.1360297340622721,0.1360297339983632,0.13602973393347376,0.1350342534568318,0.13503425349771359,0.1350342535315616,0.13503425349771359,0.1350342534568318,0.13503425349771359,0.1350342535637514,0.13503425362942936,0.1350342535637514,0.13503425349771359,0.1350342535315616,0.13503425362942936,0.13503425374916395,0.13503425362942936,0.1350342535315616,0.13503425349771359,0.1350342535637514,0.13503425362942936,0.1350342535637514,0.13503425349771359,0.1350342534568318,0.13503425349771359,0.1350342535315616,0.13503425349771359,0.1350342534568318
0.16533248749297266,0.16533248749297266,0.16533248749297266,0.16533248749297266,0.16533248749297266,0.16533248749297266,0.16533248749297266,0.16533248749297266,0.16533248749297266,0.16533248749297266,0.16533248749297266,0.16533248749297266,0.16533248749297266,0.16533248749297266,0.16533248749297266,0.16533248749297266,0.16533248749297266,0.16533248749297266,0.16533248749297266,0.16533248749297266,0.16533248749297266,0.16533248749297266,0.16533248749297266,0.16533248749297266,0.16533248749297266,0.1637574937800085,0.1637574937800083,0.1637574937800083,0.1637574937800083,0.1637574937800085,0.1637574937800083,0.1637574937800083,0.1637574937800083,0.1637574937800083,0.1637574937800083,0.1637574937800083,0.1637574937800083,0.1637574937800083,0.1637574937800083,0.1637574937800083,0.1637574937800083,0.1637574937800083,0.1637574937800083,0.1637574937800083,0.1637574937800083,0.1637574937800085,0.1637574937800083,0.1637574937800083,0.1637574937800083,0.1637574937800085,0.16221388399883896,0.16221388399883896,0.16221388399883896,0.16221388399883896,0.16221388399883896,0.16221388399883896,0.16221388399883896,0.16221388399883896,0.16221388399883896,0.16221388399883896,0.16221388399883896,0.16221388399883896,0.16221388399883896,0.16221388399883896,0.16221388399883896,0.16221388399883896,0.16221388399883896,0.16221388399883896,0.16221388399883896,0.16221388399883896,0.16221388399883896,0.16221388399883896,0.16221388399883896,0.16221388399883896,0.16221388399883896,0.1607010671065045,0.1607010671065045,0.1607010671065045,0.1607010671065045,0.1607010671065045,0.1607010671065045,0.1607010671065045,0.1607010671065045,0.1607010671065045,0.1607010671065045,0.1607010671065045,0.1607010671065045,0.1607010671065045,0.1607010671065045,0.1607010671065045,0.1607010671065045,0.1607010671065045,0.1607010671065045,0.1607010671065045,0.1607010671065045,0.1607010671065045,0.1607010671065045,0.1607010671065045,0.1607010671065045,0.1607010671065045,0.15921845147798333,0.1592184514779831,0.1592184514779831,0.1592184514779831,0.15921845147798333,0.1592184514779831,0.1592184514779831,0.1592184514779829,0.1592184514779831,0.1592184514779831,0.1592184514779831,0.1592184514779829,0.1592184514779829,0.1592184514779829,0.1592184514779831,0.1592184514779831,0.1592184514779831,0.1592184514779829,0.1592184514779831,0.1592184514779831,0.15921845147798333,0.1592184514779831,0.1592184514779831,0.1592184514779831,0.15921845147798333,0.15776544625804242,0.1577654462580422,0.157765446258042,0.1577654462580422,0.15776544625804242,0.1577654462580422,0.15776544625804179,0.15776544625804156,0.15776544625804179,0.1577654462580422,0.157765446258042,0.15776544625804156,0.15776544625804156,0.15776544625804179,0.157765446258042,0.1577654462580422,0.15776544625804179,0.15776544625804179,0.15776544625804179,0.1577654462580422,0.15776544625804242,0.1577654462580422,0.157765446258042,0.1577654462580422,0.15776544625804242,0.1563414625755616,0.15634146257556078,0.15634146257556014,0.15634146257556078,0.1563414625755616,0.15634146257556078,0.15634146257555973,0.15634146257555911,0.15634146257555973,0.15634146257556078,0.15634146257556014,0.15634146257555911,0.15634146257555867,0.15634146257555911,0.15634146257556014,0.15634146257556078,0.15634146257555973,0.15634146257555911,0.15634146257555973,0.15634146257556078,0.1563414625755616,0.15634146257556078,0.15634146257556014,0.15634146257556078,0.1563414625755616,0.1549459146305933,0.1549459146305904,0.1549459146305888,0.1549459146305904,0.1549459146305933,0.1549459146305904,0.15494591463058754,0.1549459146305857,0.15494591463058754,0.1549459146305904,0.1549459146305888,0.1549459146305857,0.15494591463058385,0.1549459146305857,0.1549459146305888,0.1549459146305904,0.15494591463058754,0.1549459146305857,0.15494591463058754,0.1549459146305904,0.1549459146305933,0.1549459146305904,0.1549459146305888,0.1549459146305904,0.1549459146305933,0.15357822066387006,0.1535782206638614,0.153578220663856,0.1535782206638614,0.15357822066387006,0.1535782206638614,0.15357822066385218,0.15357822066384655,0.15357822066385218,0.1535782206638614,0.153578220663856,0.15357822066384655,0.15357822066384053,0.15357822066384655,0.153578220663856,0.1535782206638614,0.15357822066385218,0.15357822066384655,0.15357822066385218,0.1535782206638614,0.15357822066387006,0.1535782206638614,0.153578220663856,0.1535782206638614,0.15357822066387006,0.15223780381791102,0.15223780381788443,0.1522378038178677,0.15223780381788443,0.15223780381791102,0.15223780381788443,0.1522378038178561,0.152237803817838,0.1522378038178561,0.15223780381788443,0.1522378038178677,0.152237803817838,0.15223780381781887,0.152237803817838,0.1522378038178677,0.15223780381788443,0.1522378038178561,0.152237803817838,0.1522378038178561,0.15223780381788443,0.15223780381791102,0.15223780381788443,0.1522378038178677,0.15223780381788443,0.15223780381791102,0.15092409289834677,0.1509240928982661,0.15092409289821482,0.1509240928982661,0.15092409289834677,0.1509240928982661,0.15092409289817718,0.1509240928981193,0.15092409289817718,0.1509240928982661,0.15092409289821482,0.1509240928981193,0.150924092898057,0.1509240928981193,0.15092409289821482,0.1509240928982661,0.15092409289817718,0.1509240928981193,0.15092409289817718,0.1509240928982661,0.15092409289834677,0.1509240928982661,0.15092409289821482,0.1509240928982661,0.15092409289834677,0.14963652304355624,0.14963652304331534,0.14963652304315936,0.14963652304331534,0.14963652304355624,0.14963652304331534,0.14963652304303948,0.14963652304285646,0.14963652304303948,0.14963652304331534,0.14963652304315936,0.14963652304285646,0.14963652304265432,0.14963652304285646,0.14963652304315936,0.14963652304331534,0.14963652304303948,0.14963652304285646,0.14963652304303948,0.14963652304331534,0.14963652304355624,0.14963652304331534,0.14963652304315936,0.14963652304331534,0.14963652304355624,0.14837453631024353,0.14837453630953873,0.1483745363090702,0.14837453630953873,0.14837453631024353,0.14837453630953873,0.14837453630869232,0.1483745363081076,0.14837453630869232,0.14837453630953873,0.1483745363090702,0.1483745363081076,0.14837453630742875,0.1483745363081076,0.1483745363090702,0.14837453630953873,0.14837453630869232,0.1483745363081076,0.14837453630869232,0.14837453630953873,0.14837453631024353,0.14837453630953873,0.1483745363090702,0.14837453630953873,0.14837453631024353,0.14713758218218523,0.14713758218018155,0.14713758217879133,0.14713758218018155,0.14713758218218523,0.14713758218018155,0.14713758217761108,0.14713758217570752,0.14713758217761108,0.14713758218018155,0.14713758217879133,0.14713758217570752,0.1471375821733069,0.14713758217570752,0.14713758217879133,0.14713758218018155,0.14713758217761108,0.14713758217570752,0.14713758217761108,0.14713758218018155,0.14713758218218523,0.14713758218018155,0.14713758217879133,0.14713758218018155,0.14713758218218523,0.14592511800916347,0.14592511800372077,0.1459251179996837,0.14592511800372077,0.14592511800916347,0.14592511800372077,0.1459251179960683,0.14592511798973098,0.1459251179960683,0.14592511800372077,0.1459251179996837,0.14592511798973098,0.14592511798057137,0.14592511798973098,0.1459251179996837,0.14592511800372077,0.1459251179960683,0.14592511798973098,0.1459251179960683,0.14592511800372077,0.14592511800916347,0.14592511800372077,0.1459251179996837,0.14592511800372077,0.14592511800916347,0.14473660938314095,0.14473660936941138,0.14473660935817037,0.14473660936941138,0.14473660938314095,0.14473660936941138,0.14473660934756194,0.14473660932610052,0.14473660934756194,0.14473660936941138,0.14473660935817037,0.14473660932610052,0.144736609287367,0.14473660932610052,0.14473660935817037,0.14473660936941138,0.14473660934756194,0.14473660932610052,0.14473660934756194,0.14473660936941138,0.14473660938314095,0.14473660936941138,0.14473660935817037,0.14473660936941138,0.14473660938314095,0.1435715304586869,0.14357153042817747,0.14357153039952306,0.14357153042817747,0.1435715304586869,0.14357153042817747,0.14357153037114534,0.1435715302995514,0.14357153037114534,0.14357153042817747,0.14357153039952306,0.1435715302995514,0.14357153011446916,0.1435715302995514,0.14357153039952306,0.14357153042817747,0.14357153037114534,0.1435715302995514,0.14357153037114534,0.14357153042817747,0.1435715304586869,0.14357153042817747,0.14357153039952306,0.14357153042817747,0.1435715304586869,0.14242936422202163,0.14242936416845103,0.14242936410919801,0.14242936416845103,0.14242936422202163,0.14242936416845103,0.14242936404848755,0.14242936383930582,0.14242936404848755,0.14242936416845103,0.14242936410919801,0.14242936383930582,0.14242936283690355,0.14242936383930582,0.14242936410919801,0.14242936416845103,0.14242936404848755,0.14242936383930582,0.14242936404848755,0.14242936416845103,0.14242936422202163,0.14242936416845103,0.14242936410919801,0.14242936416845103,0.14242936422202163,0.14130960269955065,0.14130960264170178,0.14130960257800798,0.14130960264170178,0.14130960269955065,0.14130960264170178,0.14130960251245303,0.14130960229752537,0.14130960251245303,0.14130960264170178,0.14130960257800798,0.14130960229752537,0.14130960138330562,0.14130960229752537,0.14130960257800798,0.14130960264170178,0.14130960251245303,0.14130960229752537,0.14130960251245303,0.14130960264170178,0.14130960269955065,0.14130960264170178,0.14130960257800798,0.14130960264170178,0.14130960269955065,0.14021174707516446,0.14021174703297878,0.1402117469833374,0.14021174703297878,0.14021174707516446,0.14021174703297878,0.1402117469316957,0.1402117467443914,0.1402117469316957,0.14021174703297878,0.1402117469833374,0.1402117467443914,0.1402117458232381,0.1402117467443914,0.1402117469833374,0.14021174703297878,0.1402117469316957,0.1402117467443914,0.1402117469316957,0.14021174703297878,0.14021174707516446,0.14021174703297878,0.1402117469833374,0.14021174703297878,0.14021174707516446,0.1391353078165047,0.1391353078153129,0.13913530781180183,0.1391353078153129,0.1391353078165047,0.1391353078153129,0.13913530780764985,0.13913530778816144,0.13913530780764985,0.1391353078153129,0.13913530781180183,0.13913530778816144,0.13913530770774352,0.13913530778816144,0.13913530781180183,0.1391353078153129,0.13913530780764985,0.13913530778816144,0.13913530780764985,0.1391353078153129,0.1391353078165047,0.1391353078153129,0.13913530781180183,0.1391353078153129,0.1391353078165047,0.13807980475654222,0.13807980480469373,0.13807980485472962,0.13807980480469373,0.13807980475654222,0.13807980480469373,0.13807980490591001,0.1380798050502506,0.13807980490591001,0.13807980480469373,0.13807980485472962,0.1380798050502506,0.1380798054703736,0.1380798050502506,0.13807980485472962,0.13807980480469373,0.13807980490591001,0.1380798050502506,0.13807980490591001,0.13807980480469373,0.13807980475654222,0.13807980480469373,0.13807980485472962,0.13807980480469373,0.13807980475654222,0.13704476718884362,0.137044767279953,0.13704476739211519,0.137044767279953,0.13704476718884362,0.137044767279953,0.13704476750883024,0.137044767974243,0.13704476750883024,0.137044767279953,0.13704476739211519,0.137044767974243,0.13704477056965292,0.137044767974243,0.13704476739211519,0.137044767279953,0.13704476750883024,0.137044767974243,0.13704476750883024,0.137044767279953,0.13704476718884362,0.137044767279953,0.13704476739211519,0.137044767279953,0.13704476718884362,0.1360297339295138,0.1360297339942841,0.13602973405807656,0.1360297339942841,0.1360297339295138,0.1360297339942841,0.13602973412224267,0.13602973429433435,0.13602973412224267,0.1360297339942841,0.13602973405807656,0.13602973429433435,0.13602973477368138,0.13602973429433435,0.13602973405807656,0.1360297339942841,0.13602973412224267,0.13602973429433435,0.13602973412224267,0.1360297339942841,0.1360297339295138,0.1360297339942841,0.13602973405807656,0.1360297339942841,0.1360297339295138,0.13503425345280215,0.1350342534936095,0.13503425352739598,0.1350342534936095,0.13503425345280215,0.1350342534936095,0.13503425355952747,0.13503425362508695,0.13503425355952747,0.1350342534936095,0.13503425352739598,0.13503425362508695,0.13503425374460612,0.13503425362508695,0.13503425352739598,0.1350342534936095,0.13503425355952747,0.13503425362508695,0.13503425355952747,0.1350342534936095,0.13503425345280215,0.1350342534936095,0.13503425352739598,0.1350342534936095,0.13503425345280215
0.16533248749434093,0.16533248749434093,0.16533248749434093,0.16533248749434093,0.16533248749434093,0.16533248749434093,0.16533248749434093,0.16533248749434093,0.16533248749434093,0.16533248749434093,0.16533248749434093,0.16533248749434093,0.16533248749434093,0.16533248749434093,0.16533248749434093,0.16533248749434093,0.16533248749434093,0.16533248749434093,0.16533248749434093,0.16533248749434093,0.16533248749434093,0.16533248749434093,0.16533248749434093,0.16533248749434093,0.16533248749434093,0.16375749378135068,0.16375749378135068,0.16375749378135068,0.16375749378135068,0.16375749378135068,0.16375749378135068,0.16375749378135068,0.16375749378135068,0.16375749378135068,0.16375749378135068,0.16375749378135068,0.16375749378135068,0.16375749378135068,0.16375749378135068,0.16375749378135068,0.16375749378135068,0.16375749378135068,0.16375749378135068,0.16375749378135068,0.16375749378135068,0.16375749378135068,0.16375749378135068,0.16375749378135068,0.16375749378135068,0.16375749378135068,0.16221388400015685,0.16221388400015685,0.16221388400015685,0.16221388400015685,0.16221388400015685,0.16221388400015685,0.16221388400015685,0.16221388400015685,0.16221388400015685,0.16221388400015685,0.16221388400015685,0.16221388400015685,0.16221388400015685,0.16221388400015685,0.16221388400015685,0.16221388400015685,0.16221388400015685,0.16221388400015685,0.16221388400015685,0.16221388400015685,0.16221388400015685,0.16221388400015685,0.16221388400015685,0.16221388400015685,0.16221388400015685,0.16070106710779944,0.16070106710779944,0.16070106710779944,0.16070106710779944,0.16070106710779944,0.16070106710779944,0.16070106710779944,0.16070106710779944,0.16070106710779944,0.16070106710779944,0.16070106710779944,0.16070106710779944,0.16070106710779944,0.16070106710779944,0.16070106710779944,0.16070106710779944,0.16070106710779944,0.16070106710779944,0.16070106710779944,0.16070106710779944,0.16070106710779944,0.16070106710779944,0.16070106710779944,0.16070106710779944,0.16070106710779944,0.15921845147925676,0.15921845147925676,0.15921845147925676,0.15921845147925676,0.15921845147925676,0.15921845147925676,0.15921845147925676,0.15921845147925653,0.15921845147925676,0.15921845147925676,0.15921845147925676,0.15921845147925653,0.15921845147925653,0.15921845147925653,0.15921845147925676,0.15921845147925676,0.15921845147925676,0.15921845147925653,0.15921845147925676,0.15921845147925676,0.15921845147925676,0.15921845147925676,0.15921845147925676,0.15921845147925676,0.15921845147925676,0.15776544625929637,0.15776544625929595,0.15776544625929595,0.15776544625929595,0.15776544625929637,0.15776544625929595,0.15776544625929573,0.15776544625929553,0.15776544625929573,0.15776544625929595,0.15776544625929595,0.15776544625929553,0.1577654462592953,0.15776544625929553,0.15776544625929595,0.15776544625929595,0.15776544625929573,0.15776544625929553,0.15776544625929573,0.15776544625929595,0.15776544625929637,0.15776544625929595,0.15776544625929595,0.15776544625929595,0.15776544625929637,0.15634146257679746,0.15634146257679638,0.15634146257679596,0.15634146257679638,0.15634146257679746,0.15634146257679638,0.15634146257679554,0.15634146257679493,0.15634146257679554,0.15634146257679638,0.15634146257679596,0.15634146257679493,0.15634146257679432,0.15634146257679493,0.15634146257679596,0.15634146257679638,0.15634146257679554,0.15634146257679493,0.15634146257679554,0.15634146257679638,0.15634146257679746,0.15634146257679638,0.15634146257679596,0.15634146257679638,0.15634146257679746,0.1549459146318124,0.15494591463180976,0.15494591463180793,0.15494591463180976,0.15494591463181265,0.15494591463180976,0.1549459146318069,0.15494591463180507,0.1549459146318069,0.15494591463180976,0.15494591463180793,0.15494591463180507,0.15494591463180318,0.15494591463180507,0.15494591463180793,0.15494591463180976,0.1549459146318069,0.15494591463180507,0.1549459146318069,0.15494591463180976,0.15494591463181265,0.15494591463180976,0.15494591463180793,0.15494591463180976,0.15494591463181265,0.1535782206650743,0.15357822066506546,0.15357822066506022,0.15357822066506546,0.1535782206650741,0.15357822066506546,0.15357822066505641,0.1535782206650508,0.15357822066505641,0.15357822066506546,0.15357822066506022,0.1535782206650508,0.15357822066504495,0.1535782206650508,0.15357822066506022,0.15357822066506546,0.15357822066505641,0.1535782206650508,0.15357822066505641,0.15357822066506546,0.1535782206650741,0.15357822066506546,0.15357822066506022,0.15357822066506546,0.1535782206650741,0.15223780381910168,0.15223780381907512,0.15223780381905858,0.15223780381907512,0.15223780381910168,0.15223780381907512,0.15223780381904697,0.15223780381902885,0.15223780381904697,0.15223780381907512,0.15223780381905858,0.15223780381902885,0.15223780381900998,0.15223780381902885,0.15223780381905858,0.15223780381907512,0.15223780381904697,0.15223780381902885,0.15223780381904697,0.15223780381907512,0.15223780381910168,0.15223780381907512,0.15223780381905858,0.15223780381907512,0.15223780381910168,0.15092409289952494,0.15092409289944467,0.15092409289939354,0.15092409289944467,0.15092409289952494,0.15092409289944467,0.15092409289935632,0.15092409289929862,0.15092409289935632,0.15092409289944467,0.15092409289939354,0.15092409289929862,0.1509240928992367,0.15092409289929862,0.15092409289939354,0.15092409289944467,0.15092409289935632,0.15092409289929862,0.15092409289935632,0.15092409289944467,0.15092409289952494,0.15092409289944467,0.15092409289939354,0.15092409289944467,0.15092409289952494,0.14963652304472233,0.14963652304448258,0.14963652304432754,0.14963652304448258,0.14963652304472233,0.14963652304448258,0.14963652304420821,0.14963652304402594,0.14963652304420821,0.14963652304448258,0.14963652304432754,0.14963652304402594,0.14963652304382474,0.14963652304402594,0.14963652304432754,0.14963652304448258,0.14963652304420821,0.14963652304402594,0.14963652304420821,0.14963652304448258,0.14963652304472233,0.14963652304448258,0.14963652304432754,0.14963652304448258,0.14963652304472233,0.14837453631139683,0.148374536310695,0.14837453631022868,0.148374536310695,0.14837453631139683,0.148374536310695,0.14837453630985228,0.14837453630927033,0.14837453630985228,0.148374536310695,0.14837453631022868,0.14837453630927033,0.14837453630859465,0.14837453630927033,0.14837453631022868,0.148374536310695,0.14837453630985228,0.14837453630927033,0.14837453630985228,0.148374536310695,0.14837453631139683,0.148374536310695,0.14837453631022868,0.148374536310695,0.14837453631139683,0.14713758218331988,0.1471375821813249,0.14713758217994066,0.1471375821813249,0.14713758218331988,0.1471375821813249,0.14713758217876588,0.147137582176871,0.14713758217876588,0.1471375821813249,0.14713758217994066,0.147137582176871,0.14713758217448186,0.147137582176871,0.14713758217994066,0.1471375821813249,0.14713758217876588,0.147137582176871,0.14713758217876588,0.1471375821813249,0.14713758218331988,0.1471375821813249,0.14713758217994066,0.1471375821813249,0.14713758218331988,0.1459251180102623,0.14592511800484276,0.1459251180008233,0.14592511800484276,0.1459251180102623,0.14592511800484276,0.1459251179972241,0.14592511799091618,0.1459251179972241,0.14592511800484276,0.1459251180008233,0.14592511799091618,0.14592511798180088,0.14592511799091618,0.1459251180008233,0.14592511800484276,0.1459251179972241,0.14592511799091618,0.1459251179972241,0.14592511800484276,0.1459251180102623,0.14592511800484276,0.1459251180008233,0.14592511800484276,0.1459251180102623,0.14473660938415614,0.14473660937048294,0.14473660935929028,0.14473660937048294,0.14473660938415614,0.14473660937048294,0.14473660934872862,0.1447366093273672,0.14473660934872862,0.14473660937048294,0.14473660935929028,0.1447366093273672,0.14473660928882695,0.1447366093273672,0.14473660935929028,0.14473660937048294,0.14473660934872862,0.1447366093273672,0.14473660934872862,0.14473660937048294,0.14473660938415614,0.14473660937048294,0.14473660935929028,0.14473660937048294,0.14473660938415614,0.14357153045950155,0.14357153042910814,0.14357153040057163,0.14357153042910814,0.14357153045950155,0.14357153042910814,0.14357153037231354,0.14357153030105133,0.14357153037231354,0.14357153042910814,0.14357153040057163,0.14357153030105133,0.1435715301169219,0.14357153030105133,0.14357153040057163,0.14357153042910814,0.14357153037231354,0.14357153030105133,0.14357153037231354,0.14357153042910814,0.14357153045950155,0.14357153042910814,0.14357153040057163,0.14357153042910814,0.14357153045950155,0.14242936422239272,0.14242936416899155,0.14242936410995222,0.14242936416899155,0.14242936422239272,0.14242936416899155,0.14242936404946488,0.14242936384120128,0.14242936404946488,0.14242936416899155,0.14242936410995222,0.14242936384120128,0.1424293628440835,0.14242936384120128,0.14242936410995222,0.14242936416899155,0.14242936404946488,0.14242936384120128,0.14242936404946488,0.14242936416899155,0.14242936422239272,0.14242936416899155,0.14242936410995222,0.14242936416899155,0.14242936422239272,0.14130960269912088,0.14130960264134984,0.14130960257772623,0.14130960264134984,0.14130960269912088,0.14130960264134984,0.1413096025122417,0.14130960229744347,0.1413096025122417,0.14130960264134984,0.14130960257772623,0.14130960229744347,0.14130960138303342,0.14130960229744347,0.14130960257772623,0.14130960264134984,0.1413096025122417,0.14130960229744347,0.1413096025122417,0.14130960264134984,0.14130960269912088,0.14130960264134984,0.14130960257772623,0.14130960264134984,0.14130960269912088,0.14021174707376188,0.14021174703158312,0.14021174698194336,0.14021174703158312,0.14021174707376188,0.14021174703158312,0.1402117469303023,0.14021174674297304,0.1402117469303023,0.14021174703158312,0.14021174698194336,0.14021174674297304,0.1402117458216099,0.14021174674297304,0.14021174698194336,0.14021174703158312,0.1402117469303023,0.14021174674297304,0.1402117469303023,0.14021174703158312,0.14021174707376188,0.14021174703158312,0.14021174698194336,0.14021174703158312,0.14021174707376188,0.1391353078140997,0.13913530781286088,0.13913530780930733,0.13913530781286088,0.1391353078140997,0.13913530781286088,0.1391353078051134,0.13913530778553013,0.1391353078051134,0.13913530781286088,0.13913530780930733,0.13913530778553013,0.13913530770491223,0.13913530778553013,0.13913530780930733,0.13913530781286088,0.1391353078051134,0.13913530778553013,0.1391353078051134,0.13913530781286088,0.1391353078140997,0.13913530781286088,0.13913530780930733,0.13913530781286088,0.1391353078140997,0.1380798047532158,0.1380798048012512,0.13807980485117066,0.1380798048012512,0.1380798047532158,0.1380798048012512,0.1380798049022335,0.13807980504625691,0.1380798049022335,0.1380798048012512,0.13807980485117066,0.13807980504625691,0.1380798054654983,0.13807980504625691,0.13807980485117066,0.1380798048012512,0.1380798049022335,0.13807980504625691,0.1380798049022335,0.1380798048012512,0.1380798047532158,0.1380798048012512,0.13807980485117066,0.1380798048012512,0.1380798047532158,0.13704476718481987,0.13704476727574408,0.1370447673876831,0.13704476727574408,0.13704476718481987,0.13704476727574408,0.13704476750416658,0.13704476796867118,0.13704476750416658,0.13704476727574408,0.1370447673876831,0.13704476796867118,0.13704477055908174,0.13704476796867118,0.1370447673876831,0.13704476727574408,0.13704476750416658,0.13704476796867118,0.13704476750416658,0.13704476727574408,0.13704476718481987,0.13704476727574408,0.1370447673876831,0.13704476727574408,0.13704476718481987,0.13602973392516093,0.1360297339898027,0.13602973405346977,0.1360297339898027,0.13602973392516093,0.1360297339898027,0.13602973411751004,0.13602973428926654,0.13602973411751004,0.1360297339898027,0.13602973405346977,0.13602973428926654,0.13602973476768523,0.13602973428926654,0.13602973405346977,0.1360297339898027,0.13602973411751004,0.13602973428926654,0.13602973411751004,0.1360297339898027,0.13602973392516093,0.1360297339898027,0.13602973405346977,0.1360297339898027,0.13602973392516093,0.13503425344837547,0.1350342534891026,0.1350342535228228,0.1350342534891026,0.13503425344837547,0.1350342534891026,0.13503425355489154,0.13503425362032306,0.13503425355489154,0.1350342534891026,0.1350342535228228,0.13503425362032306,0.13503425373961048,0.13503425362032306,0.1350342535228228,0.1350342534891026,0.13503425355489154,0.13503425362032306,0.13503425355489154,0.1350342534891026,0.13503425344837547,0.1350342534891026,0.1350342535228228,0.1350342534891026,0.13503425344837547
0.16533248749584656,0.16533248749584656,0.16533248749584656,0.16533248749584656,0.16533248749584656,0.16533248749584656,0.16533248749584656,0.16533248749584656,0.16533248749584656,0.16533248749584656,0.16533248749584656,0.16533248749584656,0.16533248749584656,0.16533248749584656,0.16533248749584656,0.16533248749584656,0.16533248749584656,0.16533248749584656,0.16533248749584656,0.16533248749584656,0.16533248749584656,0.16533248749584656,0.16533248749584656,0.16533248749584656,0.16533248749584656,0.1637574937828277,0.1637574937828277,0.1637574937828277,0.1637574937828277,0.1637574937828277,0.1637574937828277,0.1637574937828277,0.1637574937828277,0.1637574937828277,0.1637574937828277,0.1637574937828277,0.1637574937828277,0.1637574937828277,0.1637574937828277,0.1637574937828277,0.1637574937828277,0.1637574937828277,0.1637574937828277,0.1637574937828277,0.1637574937828277,0.1637574937828277,0.1637574937828277,0.1637574937828277,0.1637574937828277,0.1637574937828277,0.1622138840016067,0.1622138840016067,0.1622138840016067,0.1622138840016067,0.1622138840016067,0.1622138840016067,0.1622138840016067,0.1622138840016067,0.1622138840016067,0.1622138840016067,0.1622138840016067,0.1622138840016067,0.1622138840016067,0.1622138840016067,0.1622138840016067,0.1622138840016067,0.1622138840016067,0.1622138840016067,0.1622138840016067,0.1622138840016067,0.1622138840016067,0.1622138840016067,0.1622138840016067,0.1622138840016067,0.1622138840016067,0.16070106710922366,0.16070106710922366,0.16070106710922366,0.16070106710922366,0.16070106710922366,0.16070106710922366,0.16070106710922366,0.16070106710922366,0.16070106710922366,0.16070106710922366,0.16070106710922366,0.16070106710922366,0.16070106710922366,0.16070106710922366,0.16070106710922366,0.16070106710922366,0.16070106710922366,0.16070106710922366,0.16070106710922366,0.16070106710922366,0.16070106710922366,0.16070106710922366,0.16070106710922366,0.16070106710922366,0.16070106710922366,0.1592184514806571,0.1592184514806571,0.1592184514806571,0.1592184514806571,0.1592184514806571,0.1592184514806571,0.1592184514806569,0.1592184514806569,0.1592184514806569,0.1592184514806571,0.1592184514806571,0.1592184514806569,0.1592184514806569,0.1592184514806569,0.1592184514806571,0.1592184514806571,0.1592184514806569,0.1592184514806569,0.1592184514806569,0.1592184514806571,0.1592184514806571,0.1592184514806571,0.1592184514806571,0.1592184514806571,0.1592184514806571,0.15776544626067435,0.1577654462606741,0.15776544626067388,0.1577654462606741,0.15776544626067435,0.1577654462606741,0.15776544626067368,0.15776544626067368,0.15776544626067368,0.1577654462606741,0.15776544626067388,0.15776544626067368,0.1577654462606735,0.15776544626067368,0.15776544626067388,0.1577654462606741,0.15776544626067368,0.15776544626067368,0.15776544626067368,0.1577654462606741,0.15776544626067435,0.1577654462606741,0.15776544626067388,0.1577654462606741,0.15776544626067435,0.15634146257815476,0.15634146257815368,0.1563414625781533,0.15634146257815368,0.15634146257815476,0.15634146257815368,0.15634146257815287,0.15634146257815223,0.15634146257815287,0.15634146257815368,0.1563414625781533,0.15634146257815223,0.15634146257815182,0.15634146257815223,0.1563414625781533,0.15634146257815368,0.15634146257815287,0.15634146257815223,0.15634146257815287,0.15634146257815368,0.15634146257815476,0.15634146257815368,0.1563414625781533,0.15634146257815368,0.15634146257815476,0.15494591463315083,0.15494591463314797,0.15494591463314633,0.15494591463314797,0.15494591463315083,0.15494591463314797,0.1549459146331451,0.15494591463314344,0.1549459146331451,0.15494591463314797,0.15494591463314633,0.15494591463314344,0.1549459146331416,0.15494591463314344,0.15494591463314633,0.15494591463314797,0.1549459146331451,0.15494591463314344,0.1549459146331451,0.15494591463314797,0.15494591463315083,0.15494591463314797,0.15494591463314633,0.15494591463314797,0.15494591463315083,0.15357822066639504,0.1535782206663864,0.15357822066638097,0.1535782206663864,0.15357822066639504,0.1535782206663864,0.15357822066637736,0.15357822066637172,0.15357822066637736,0.1535782206663864,0.15357822066638097,0.15357822066637172,0.15357822066636595,0.15357822066637172,0.15357822066638097,0.1535782206663864,0.15357822066637736,0.15357822066637172,0.15357822066637736,0.1535782206663864,0.15357822066639504,0.1535782206663864,0.15357822066638097,0.1535782206663864,0.15357822066639504,0.15223780382040636,0.15223780382038016,0.15223780382036345,0.15223780382038016,0.15223780382040636,0.15223780382038016,0.152237803820352,0.1522378038203341,0.152237803820352,0.15223780382038016,0.15223780382036345,0.1522378038203341,0.1522378038203154,0.1522378038203341,0.15223780382036345,0.15223780382038016,0.152237803820352,0.1522378038203341,0.152237803820352,0.15223780382038016,0.15223780382040636,0.15223780382038016,0.15223780382036345,0.15223780382038016,0.15223780382040636,0.1509240929008146,0.1509240929007349,0.15092409290068398,0.1509240929007349,0.1509240929008146,0.1509240929007349,0.15092409290064715,0.15092409290058983,0.15092409290064715,0.1509240929007349,0.15092409290068398,0.15092409290058983,0.1509240929005283,0.15092409290058983,0.15092409290068398,0.1509240929007349,0.15092409290064715,0.15092409290058983,0.15092409290064715,0.1509240929007349,0.1509240929008146,0.1509240929007349,0.15092409290068398,0.1509240929007349,0.1509240929008146,0.1496365230459977,0.14963652304575925,0.1496365230456048,0.14963652304575925,0.1496365230459977,0.14963652304575925,0.14963652304548622,0.1496365230453049,0.14963652304548622,0.14963652304575925,0.1496365230456048,0.1496365230453049,0.14963652304510486,0.1496365230453049,0.1496365230456048,0.14963652304575925,0.14963652304548622,0.1496365230453049,0.14963652304548622,0.14963652304575925,0.1496365230459977,0.14963652304575925,0.1496365230456048,0.14963652304575925,0.1496365230459977,0.14837453631265632,0.14837453631195802,0.14837453631149394,0.14837453631195802,0.14837453631265632,0.14837453631195802,0.1483745363111196,0.1483745363105406,0.1483745363111196,0.14837453631195802,0.14837453631149394,0.1483745363105406,0.1483745363098684,0.1483745363105406,0.14837453631149394,0.14837453631195802,0.1483745363111196,0.1483745363105406,0.1483745363111196,0.14837453631195802,0.14837453631265632,0.14837453631195802,0.14837453631149394,0.14837453631195802,0.14837453631265632,0.1471375821845575,0.14713758218257234,0.14713758218119502,0.14713758218257234,0.1471375821845575,0.14713758218257234,0.14713758218002604,0.14713758217814082,0.14713758218002604,0.14713758218257234,0.14713758218119502,0.14713758217814082,0.14713758217576417,0.14713758217814082,0.14713758218119502,0.14713758218257234,0.14713758218002604,0.14713758217814082,0.14713758218002604,0.14713758218257234,0.1471375821845575,0.14713758218257234,0.14713758218119502,0.14713758218257234,0.1471375821845575,0.14592511801145874,0.145925118006065,0.14592511800206515,0.145925118006065,0.14592511801145874,0.145925118006065,0.1459251179984839,0.1459251179922086,0.1459251179984839,0.145925118006065,0.14592511800206515,0.1459251179922086,0.1459251179831428,0.1459251179922086,0.14592511800206515,0.145925118006065,0.1459251179984839,0.1459251179922086,0.1459251179984839,0.145925118006065,0.14592511801145874,0.145925118006065,0.14592511800206515,0.145925118006065,0.14592511801145874,0.1447366093852586,0.14473660937164773,0.14473660936050883,0.14473660937164773,0.1447366093852586,0.14473660937164773,0.14473660934999882,0.14473660932874843,0.14473660934999882,0.14473660937164773,0.14473660936050883,0.14473660932874843,0.1447366092904236,0.14473660932874843,0.14473660936050883,0.14473660937164773,0.14473660934999882,0.14473660932874843,0.14473660934999882,0.14473660937164773,0.1447366093852586,0.14473660937164773,0.14473660936050883,0.14473660937164773,0.1447366093852586,0.1435715304603802,0.1435715304301153,0.14357153040170953,0.1435715304301153,0.1435715304603802,0.1435715304301153,0.1435715303735839,0.14357153030268993,0.1435715303735839,0.1435715304301153,0.14357153040170953,0.14357153030268993,0.14357153011962118,0.14357153030268993,0.14357153040170953,0.1435715304301153,0.1435715303735839,0.14357153030268993,0.1435715303735839,0.1435715304301153,0.1435715304603802,0.1435715304301153,0.14357153040170953,0.1435715304301153,0.1435715304603802,0.1424293642227792,0.1424293641695644,0.14242936411076096,0.1424293641695644,0.1424293642227792,0.1424293641695644,0.1424293640505197,0.14242936384327434,0.1424293640505197,0.1424293641695644,0.14242936411076096,0.14242936384327434,0.1424293628520841,0.14242936384327434,0.14242936411076096,0.1424293641695644,0.1424293640505197,0.14242936384327434,0.1424293640505197,0.1424293641695644,0.1424293642227792,0.1424293641695644,0.14242936411076096,0.1424293641695644,0.1424293642227792,0.14130960269862305,0.14130960264093292,0.14130960257738168,0.14130960264093292,0.14130960269862305,0.14130960264093292,0.14130960251196936,0.1413096022972938,0.14130960251196936,0.14130960264093292,0.14130960257738168,0.1413096022972938,0.14130960138258228,0.1413096022972938,0.14130960257738168,0.14130960264093292,0.14130960251196936,0.1413096022972938,0.14130960251196936,0.14130960264093292,0.14130960269862305,0.14130960264093292,0.14130960257738168,0.14130960264093292,0.14130960269862305,0.14021174707219886,0.1402117470300222,0.14021174698037725,0.1402117470300222,0.14021174707219886,0.1402117470300222,0.14021174692872973,0.14021174674134423,0.14021174692872973,0.1402117470300222,0.14021174698037725,0.14021174674134423,0.1402117458195844,0.14021174674134423,0.14021174698037725,0.1402117470300222,0.14021174692872973,0.14021174674134423,0.14021174692872973,0.1402117470300222,0.14021174707219886,0.1402117470300222,0.14021174698037725,0.1402117470300222,0.14021174707219886,0.13913530781145134,0.13913530781015843,0.1391353078065557,0.13913530781015843,0.13913530781145134,0.13913530781015843,0.13913530780231292,0.13913530778261804,0.13913530780231292,0.13913530781015843,0.1391353078065557,0.13913530778261804,0.1391353077017582,0.13913530778261804,0.1391353078065557,0.13913530781015843,0.13913530780231292,0.13913530778261804,0.13913530780231292,0.13913530781015843,0.13913530781145134,0.13913530781015843,0.1391353078065557,0.13913530781015843,0.13913530781145134,0.13807980474957604,0.13807980479748508,0.1380798048472788,0.13807980479748508,0.13807980474957604,0.13807980479748508,0.13807980489821425,0.138079805041895,0.13807980489821425,0.13807980479748508,0.1380798048472788,0.138079805041895,0.13807980546018722,0.138079805041895,0.1380798048472788,0.13807980479748508,0.13807980489821425,0.138079805041895,0.13807980489821425,0.13807980479748508,0.13807980474957604,0.13807980479748508,0.1380798048472788,0.13807980479748508,0.13807980474957604,0.1370447671804325,0.13704476727115764,0.137044767382857,0.13704476727115764,0.1370447671804325,0.13704476727115764,0.1370447674990924,0.13704476796262408,0.1370447674990924,0.13704476727115764,0.137044767382857,0.13704476796262408,0.1370447705476471,0.13704476796262408,0.137044767382857,0.13704476727115764,0.1370447674990924,0.13704476796262408,0.1370447674990924,0.13704476727115764,0.1370447671804325,0.13704476727115764,0.137044767382857,0.13704476727115764,0.1370447671804325,0.13602973392042145,0.13602973398492543,0.13602973404845786,0.13602973398492543,0.13602973392042145,0.13602973398492543,0.13602973411236335,0.13602973428376064,0.13602973411236335,0.13602973398492543,0.13602973404845786,0.13602973428376064,0.13602973476118554,0.13602973428376064,0.13602973404845786,0.13602973398492543,0.13602973411236335,0.13602973428376064,0.13602973411236335,0.13602973398492543,0.13602973392042145,0.13602973398492543,0.13602973404845786,0.13602973398492543,0.13602973392042145,0.13503425344355807,0.1350342534841989,0.1350342535178482,0.1350342534841989,0.13503425344355807,0.1350342534841989,0.1350342535498495,0.13503425361514432,0.1350342535498495,0.1350342534841989,0.1350342535178482,0.13503425361514432,0.13503425373418323,0.13503425361514432,0.1350342535178482,0.1350342534841989,0.1350342535498495,0.13503425361514432,0.1350342535498495,0.1350342534841989,0.13503425344355807,0.1350342534841989,0.1350342535178482,0.1350342534841989,0.13503425344355807
0.1653324874974883,0.1653324874974883,0.1653324874974883,0.1653324874974883,0.1653324874974883,0.1653324874974883,0.1653324874974883,0.1653324874974883,0.1653324874974883,0.1653324874974883,0.1653324874974883,0.1653324874974883,0.1653324874974883,0.1653324874974883,0.1653324874974883,0.1653324874974883,0.1653324874974883,0.1653324874974883,0.1653324874974883,0.1653324874974883,0.1653324874974883,0.1653324874974883,0.1653324874974883,0.1653324874974883,0.1653324874974883,0.16375749378443794,0.16375749378443794,0.16375749378443794,0.16375749378443794,0.16375749378443794,0.16375749378443794,0.16375749378443794,0.16375749378443794,0.16375749378443794,0.16375749378443794,0.16375749378443794,0.16375749378443794,0.16375749378443794,0.16375749378443794,0.16375749378443794,0.16375749378443794,0.16375749378443794,0.16375749378443794,0.16375749378443794,0.16375749378443794,0.16375749378443794,0.16375749378443794,0.16375749378443794,0.16375749378443794,0.16375749378443794,0.1622138840031871,0.1622138840031871,0.1622138840031871,0.1622138840031871,0.1622138840031871,0.1622138840031871,0.1622138840031871,0.1622138840031871,0.1622138840031871,0.1622138840031871,0.1622138840031871,0.1622138840031871,0.1622138840031871,0.1622138840031871,0.1622138840031871,0.1622138840031871,0.1622138840031871,0.1622138840031871,0.1622138840031871,0.1622138840031871,0.1622138840031871,0.1622138840031871,0.1622138840031871,0.1622138840031871,0.1622138840031871,0.16070106711077584,0.16070106711077584,0.16070106711077584,0.16070106711077584,0.16070106711077584,0.16070106711077584,0.16070106711077584,0.16070106711077584,0.16070106711077584,0.16070106711077584,0.16070106711077584,0.16070106711077584,0.16070106711077584,0.16070106711077584,0.16070106711077584,0.16070106711077584,0.16070106711077584,0.16070106711077584,0.16070106711077584,0.16070106711077584,0.16070106711077584,0.16070106711077584,0.16070106711077584,0.16070106711077584,0.16070106711077584,0.1592184514821829,0.15921845148218267,0.15921845148218267,0.15921845148218267,0.1592184514821829,0.15921845148218267,0.15921845148218267,0.15921845148218267,0.15921845148218267,0.15921845148218267,0.15921845148218267,0.15921845148218267,0.15921845148218242,0.15921845148218267,0.15921845148218267,0.15921845148218267,0.15921845148218267,0.15921845148218267,0.15921845148218267,0.15921845148218267,0.1592184514821829,0.15921845148218267,0.15921845148218267,0.15921845148218267,0.1592184514821829,0.15776544626217515,0.15776544626217473,0.15776544626217454,0.15776544626217473,0.15776544626217515,0.15776544626217473,0.15776544626217454,0.1577654462621743,0.15776544626217454,0.15776544626217473,0.15776544626217454,0.1577654462621743,0.15776544626217406,0.1577654462621743,0.15776544626217454,0.15776544626217473,0.15776544626217454,0.1577654462621743,0.15776544626217454,0.15776544626217473,0.15776544626217515,0.15776544626217473,0.15776544626217454,0.15776544626217473,0.15776544626217515,0.15634146257963208,0.15634146257963125,0.15634146257963064,0.15634146257963125,0.15634146257963208,0.15634146257963125,0.1563414625796304,0.15634146257962978,0.1563414625796304,0.15634146257963125,0.15634146257963064,0.15634146257962978,0.15634146257962916,0.15634146257962978,0.15634146257963064,0.15634146257963125,0.1563414625796304,0.15634146257962978,0.1563414625796304,0.15634146257963125,0.15634146257963208,0.15634146257963125,0.15634146257963064,0.15634146257963125,0.15634146257963208,0.15494591463460666,0.1549459146346038,0.15494591463460217,0.1549459146346038,0.15494591463460666,0.1549459146346038,0.15494591463460095,0.1549459146345993,0.15494591463460095,0.1549459146346038,0.15494591463460217,0.1549459146345993,0.15494591463459745,0.1549459146345993,0.15494591463460217,0.1549459146346038,0.15494591463460095,0.1549459146345993,0.15494591463460095,0.1549459146346038,0.15494591463460666,0.1549459146346038,0.15494591463460217,0.1549459146346038,0.15494591463460666,0.1535782206678307,0.15357822066782223,0.15357822066781684,0.15357822066782223,0.1535782206678307,0.15357822066782223,0.1535782206678132,0.1535782206678078,0.1535782206678132,0.15357822066782223,0.15357822066781684,0.1535782206678078,0.15357822066780194,0.1535782206678078,0.15357822066781684,0.15357822066782223,0.1535782206678132,0.1535782206678078,0.1535782206678132,0.15357822066782223,0.1535782206678307,0.15357822066782223,0.15357822066781684,0.15357822066782223,0.1535782206678307,0.1522378038218236,0.1522378038217974,0.1522378038217809,0.1522378038217974,0.1522378038218236,0.1522378038217974,0.15223780382176946,0.15223780382175173,0.15223780382176946,0.1522378038217974,0.1522378038217809,0.15223780382175173,0.15223780382173302,0.15223780382175173,0.1522378038217809,0.1522378038217974,0.15223780382176946,0.15223780382175173,0.15223780382176946,0.1522378038217974,0.1522378038218236,0.1522378038217974,0.1522378038217809,0.1522378038217974,0.1522378038218236,0.15092409290221442,0.15092409290213513,0.15092409290208456,0.15092409290213513,0.15092409290221442,0.15092409290213513,0.15092409290204772,0.15092409290199102,0.15092409290204772,0.15092409290213513,0.15092409290208456,0.15092409290199102,0.15092409290192985,0.15092409290199102,0.15092409290208456,0.15092409290213513,0.15092409290204772,0.15092409290199102,0.15092409290204772,0.15092409290213513,0.15092409290221442,0.15092409290213513,0.15092409290208456,0.15092409290213513,0.15092409290221442,0.14963652304738048,0.1496365230471432,0.14963652304698982,0.1496365230471432,0.14963652304738048,0.1496365230471432,0.14963652304687203,0.14963652304669164,0.14963652304687203,0.1496365230471432,0.14963652304698982,0.14963652304669164,0.14963652304649253,0.14963652304669164,0.14963652304698982,0.1496365230471432,0.14963652304687203,0.14963652304669164,0.14963652304687203,0.1496365230471432,0.14963652304738048,0.1496365230471432,0.14963652304698982,0.1496365230471432,0.14963652304738048,0.14837453631402056,0.1483745363133261,0.14837453631286446,0.1483745363133261,0.14837453631402056,0.1483745363133261,0.1483745363124923,0.1483745363119165,0.1483745363124923,0.1483745363133261,0.14837453631286446,0.1483745363119165,0.1483745363112482,0.1483745363119165,0.14837453631286446,0.1483745363133261,0.1483745363124923,0.1483745363119165,0.1483745363124923,0.1483745363133261,0.14837453631402056,0.1483745363133261,0.14837453631286446,0.1483745363133261,0.14837453631402056,0.14713758218589648,0.14713758218392187,0.147137582182552,0.14713758218392187,0.14713758218589648,0.14713758218392187,0.1471375821813896,0.14713758217951503,0.1471375821813896,0.14713758218392187,0.147137582182552,0.14713758217951503,0.14713758217715223,0.14713758217951503,0.147137582182552,0.14713758218392187,0.1471375821813896,0.14713758217951503,0.1471375821813896,0.14713758218392187,0.14713758218589648,0.14713758218392187,0.147137582182552,0.14713758218392187,0.14713758218589648,0.1459251180127513,0.1459251180073857,0.14592511800340738,0.1459251180073857,0.1459251180127513,0.1459251180073857,0.14592511799984592,0.14592511799360636,0.14592511799984592,0.1459251180073857,0.14592511800340738,0.14592511799360636,0.14592511798459473,0.14592511799360636,0.14592511800340738,0.1459251180073857,0.14592511799984592,0.14592511799360636,0.14592511799984592,0.1459251180073857,0.1459251180127513,0.1459251180073857,0.14592511800340738,0.1459251180073857,0.1459251180127513,0.14473660938644659,0.1447366093729041,0.14473660936182386,0.1447366093729041,0.14473660938644659,0.1447366093729041,0.1447366093513708,0.1447366093302424,0.1447366093513708,0.1447366093729041,0.14473660936182386,0.1447366093302424,0.14473660929215407,0.1447366093302424,0.14473660936182386,0.1447366093729041,0.1447366093513708,0.1447366093302424,0.1447366093513708,0.1447366093729041,0.14473660938644659,0.1447366093729041,0.14473660936182386,0.1447366093729041,0.14473660938644659,0.1435715304613217,0.14357153043119725,0.14357153040293452,0.14357153043119725,0.1435715304613217,0.14357153043119725,0.14357153037495432,0.1435715303044647,0.14357153037495432,0.14357153043119725,0.14357153040293452,0.1435715303044647,0.14357153012256296,0.1435715303044647,0.14357153040293452,0.14357153043119725,0.14357153037495432,0.1435715303044647,0.14357153037495432,0.14357153043119725,0.1435715304613217,0.14357153043119725,0.14357153040293452,0.14357153043119725,0.1435715304613217,0.14242936422318062,0.14242936417016863,0.14242936411162269,0.14242936417016863,0.14242936422318062,0.14242936417016863,0.1424293640516505,0.14242936384552254,0.1424293640516505,0.14242936417016863,0.14242936411162269,0.14242936384552254,0.14242936286081812,0.14242936384552254,0.14242936411162269,0.14242936417016863,0.1424293640516505,0.14242936384552254,0.1424293640516505,0.14242936417016863,0.14242936422318062,0.14242936417016863,0.14242936411162269,0.14242936417016863,0.14242936422318062,0.14130960269805762,0.14130960264045217,0.14130960257697495,0.14130960264045217,0.14130960269805762,0.14130960264045217,0.1413096025116368,0.14130960229707687,0.1413096025116368,0.14130960264045217,0.14130960257697495,0.14130960229707687,0.1413096013819195,0.14130960229707687,0.14130960257697495,0.14130960264045217,0.1413096025116368,0.14130960229707687,0.1413096025116368,0.14130960264045217,0.14130960269805762,0.14130960264045217,0.14130960257697495,0.14130960264045217,0.14130960269805762,0.1402117470704778,0.1402117470282984,0.14021174697864155,0.1402117470282984,0.1402117470704778,0.1402117470282984,0.14021174692698032,0.14021174673950804,0.14021174692698032,0.1402117470282984,0.14021174697864155,0.14021174673950804,0.140211745817214,0.14021174673950804,0.14021174697864155,0.1402117470282984,0.14021174692698032,0.14021174673950804,0.14021174692698032,0.1402117470282984,0.1402117470704778,0.1402117470282984,0.14021174697864155,0.1402117470282984,0.1402117470704778,0.13913530780856262,0.13913530780720904,0.1391353078035503,0.13913530780720904,0.13913530780856262,0.13913530780720904,0.1391353077992522,0.13913530777942906,0.1391353077992522,0.13913530780720904,0.1391353078035503,0.13913530777942906,0.13913530769828608,0.13913530777942906,0.1391353078035503,0.13913530780720904,0.1391353077992522,0.13913530777942906,0.1391353077992522,0.13913530780720904,0.13913530780856262,0.13913530780720904,0.1391353078035503,0.13913530780720904,0.13913530780856262,0.1380798047456273,0.1380798047934002,0.1380798048430584,0.1380798047934002,0.1380798047456273,0.1380798047934002,0.1380798048938568,0.13807980503717024,0.1380798048938568,0.1380798047934002,0.1380798048430584,0.13807980503717024,0.1380798054544468,0.13807980503717024,0.1380798048430584,0.1380798047934002,0.1380798048938568,0.13807980503717024,0.1380798048938568,0.1380798047934002,0.1380798047456273,0.1380798047934002,0.1380798048430584,0.1380798047934002,0.1380798047456273,0.1370447671756861,0.13704476726619885,0.13704476737764265,0.13704476726619885,0.1370447671756861,0.13704476726619885,0.13704476749361333,0.13704476795610857,0.13704476749361333,0.13704476726619885,0.13704476737764265,0.13704476795610857,0.1370447705354214,0.13704476795610857,0.13704476737764265,0.13704476726619885,0.13704476749361333,0.13704476795610857,0.13704476749361333,0.13704476726619885,0.1370447671756861,0.13704476726619885,0.13704476737764265,0.13704476726619885,0.1370447671756861,0.13602973391530052,0.1360297339796575,0.1360297340430465,0.1360297339796575,0.13602973391530052,0.1360297339796575,0.13602973410680824,0.13602973427782308,0.13602973410680824,0.1360297339796575,0.1360297340430465,0.13602973427782308,0.13602973475418964,0.13602973427782308,0.1360297340430465,0.1360297339796575,0.13602973410680824,0.13602973427782308,0.13602973410680824,0.1360297339796575,0.13602973391530052,0.1360297339796575,0.1360297340430465,0.1360297339796575,0.13602973391530052,0.1350342534383551,0.1350342534789042,0.1350342535124779,0.1350342534789042,0.1350342534383551,0.1350342534789042,0.13503425354440737,0.13503425360955637,0.13503425354440737,0.1350342534789042,0.1350342535124779,0.13503425360955637,0.13503425372833075,0.13503425360955637,0.1350342535124779,0.1350342534789042,0.13503425354440737,0.13503425360955637,0.13503425354440737,0.1350342534789042,0.1350342534383551,0.1350342534789042,0.1350342535124779,0.1350342534789042,0.1350342534383551
0.16533248749926388,0.16533248749926388,0.16533248749926388,0.16533248749926388,0.16533248749926388,0.16533248749926388,0.16533248749926388,0.16533248749926388,0.16533248749926388,0.16533248749926388,0.16533248749926388,0.16533248749926388,0.16533248749926388,0.16533248749926388,0.16533248749926388,0.16533248749926388,0.16533248749926388,0.16533248749926388,0.16533248749926388,0.16533248749926388,0.16533248749926388,0.16533248749926388,0.16533248749926388,0.16533248749926388,0.16533248749926388,0.1637574937861793,0.1637574937861793,0.1637574937861793,0.1637574937861793,0.1637574937861793,0.1637574937861793,0.1637574937861793,0.1637574937861793,0.1637574937861793,0.1637574937861793,0.1637574937861793,0.1637574937861793,0.1637574937861793,0.1637574937861793,0.1637574937861793,0.1637574937861793,0.1637574937861793,0.1637574937861793,0.1637574937861793,0.1637574937861793,0.1637574937861793,0.1637574937861793,0.1637574937861793,0.1637574937861793,0.1637574937861793,0.16221388400489575,0.16221388400489575,0.16221388400489575,0.16221388400489575,0.16221388400489575,0.16221388400489575,0.16221388400489575,0.16221388400489575,0.16221388400489575,0.16221388400489575,0.16221388400489575,0.16221388400489575,0.16221388400489575,0.16221388400489575,0.16221388400489575,0.16221388400489575,0.16221388400489575,0.16221388400489575,0.16221388400489575,0.16221388400489575,0.16221388400489575,0.16221388400489575,0.16221388400489575,0.16221388400489575,0.16221388400489575,0.16070106711245374,0.16070106711245374,0.16070106711245374,0.16070106711245374,0.16070106711245374,0.16070106711245374,0.16070106711245374,0.16070106711245374,0.16070106711245374,0.16070106711245374,0.16070106711245374,0.16070106711245374,0.16070106711245374,0.16070106711245374,0.16070106711245374,0.16070106711245374,0.16070106711245374,0.16070106711245374,0.16070106711245374,0.16070106711245374,0.16070106711245374,0.16070106711245374,0.16070106711245374,0.16070106711245374,0.16070106711245374,0.15921845148383143,0.15921845148383143,0.15921845148383118,0.15921845148383143,0.15921845148383143,0.15921845148383143,0.15921845148383118,0.15921845148383118,0.15921845148383118,0.15921845148383143,0.15921845148383118,0.15921845148383118,0.15921845148383118,0.15921845148383118,0.15921845148383118,0.15921845148383143,0.15921845148383118,0.15921845148383118,0.15921845148383118,0.15921845148383143,0.15921845148383143,0.15921845148383143,0.15921845148383118,0.15921845148383143,0.15921845148383143,0.15776544626379613,0.15776544626379588,0.15776544626379568,0.15776544626379588,0.15776544626379613,0.15776544626379588,0.15776544626379546,0.15776544626379524,0.15776544626379546,0.15776544626379588,0.15776544626379568,0.15776544626379524,0.15776544626379524,0.15776544626379524,0.15776544626379568,0.15776544626379588,0.15776544626379546,0.15776544626379524,0.15776544626379546,0.15776544626379588,0.15776544626379613,0.15776544626379588,0.15776544626379568,0.15776544626379588,0.15776544626379613,0.15634146258122736,0.15634146258122653,0.15634146258122592,0.15634146258122653,0.15634146258122736,0.15634146258122653,0.15634146258122547,0.15634146258122505,0.15634146258122547,0.15634146258122653,0.15634146258122592,0.15634146258122505,0.15634146258122444,0.15634146258122505,0.15634146258122592,0.15634146258122653,0.15634146258122547,0.15634146258122505,0.15634146258122547,0.15634146258122653,0.15634146258122736,0.15634146258122653,0.15634146258122592,0.15634146258122653,0.15634146258122736,0.15494591463617768,0.15494591463617502,0.15494591463617338,0.15494591463617502,0.15494591463617768,0.15494591463617502,0.15494591463617216,0.1549459146361705,0.15494591463617216,0.15494591463617502,0.15494591463617338,0.1549459146361705,0.15494591463616866,0.1549459146361705,0.15494591463617338,0.15494591463617502,0.15494591463617216,0.1549459146361705,0.15494591463617216,0.15494591463617502,0.15494591463617768,0.15494591463617502,0.15494591463617338,0.15494591463617502,0.15494591463617768,0.15357822066937935,0.15357822066937094,0.15357822066936574,0.15357822066937094,0.15357822066937935,0.15357822066937094,0.1535782206693621,0.15357822066935647,0.1535782206693621,0.15357822066937094,0.15357822066936574,0.15357822066935647,0.15357822066935084,0.15357822066935647,0.15357822066936574,0.15357822066937094,0.1535782206693621,0.15357822066935647,0.1535782206693621,0.15357822066937094,0.15357822066937935,0.15357822066937094,0.15357822066936574,0.15357822066937094,0.15357822066937935,0.15223780382335145,0.1522378038233255,0.15223780382330915,0.1522378038233255,0.15223780382335145,0.1522378038233255,0.15223780382329774,0.15223780382328,0.15223780382329774,0.1522378038233255,0.15223780382330915,0.15223780382328,0.15223780382326152,0.15223780382328,0.15223780382330915,0.1522378038233255,0.15223780382329774,0.15223780382328,0.15223780382329774,0.1522378038233255,0.15223780382335145,0.1522378038233255,0.15223780382330915,0.1522378038233255,0.15223780382335145,0.1509240929037225,0.15092409290364375,0.1509240929035934,0.15092409290364375,0.1509240929037225,0.15092409290364375,0.15092409290355716,0.1509240929035008,0.15092409290355716,0.15092409290364375,0.1509240929035934,0.1509240929035008,0.15092409290344003,0.1509240929035008,0.1509240929035934,0.15092409290364375,0.15092409290355716,0.1509240929035008,0.15092409290355716,0.15092409290364375,0.1509240929037225,0.15092409290364375,0.1509240929035934,0.15092409290364375,0.1509240929037225,0.14963652304886912,0.14963652304863334,0.14963652304848077,0.14963652304863334,0.14963652304886912,0.14963652304863334,0.1496365230483641,0.14963652304818464,0.1496365230483641,0.14963652304863334,0.14963652304848077,0.14963652304818464,0.14963652304798686,0.14963652304818464,0.14963652304848077,0.14963652304863334,0.1496365230483641,0.14963652304818464,0.1496365230483641,0.14963652304863334,0.14963652304886912,0.14963652304863334,0.14963652304848077,0.14963652304863334,0.14963652304886912,0.148374536315488,0.14837453631479763,0.14837453631433895,0.14837453631479763,0.148374536315488,0.14837453631479763,0.14837453631396902,0.14837453631339673,0.14837453631396902,0.14837453631479763,0.14837453631433895,0.14837453631339673,0.1483745363127327,0.14837453631339673,0.14837453631433895,0.14837453631479763,0.14837453631396902,0.14837453631339673,0.14837453631396902,0.14837453631479763,0.148374536315488,0.14837453631479763,0.14837453631433895,0.14837453631479763,0.148374536315488,0.1471375821873354,0.1471375821853722,0.14713758218401052,0.1471375821853722,0.1471375821873354,0.1471375821853722,0.1471375821828552,0.1471375821809923,0.1471375821828552,0.1471375821853722,0.14713758218401052,0.1471375821809923,0.14713758217864456,0.1471375821809923,0.14713758218401052,0.1471375821853722,0.1471375821828552,0.1471375821809923,0.1471375821828552,0.1471375821853722,0.1471375821873354,0.1471375821853722,0.14713758218401052,0.1471375821853722,0.1471375821873354,0.14592511801413843,0.14592511800880342,0.14592511800484864,0.14592511800880342,0.14592511801413843,0.14592511800880342,0.14592511800130853,0.145925117995108,0.14592511800130853,0.14592511800880342,0.14592511800484864,0.145925117995108,0.14592511798615546,0.145925117995108,0.14592511800484864,0.14592511800880342,0.14592511800130853,0.145925117995108,0.14592511800130853,0.14592511800880342,0.14592511801413843,0.14592511800880342,0.14592511800484864,0.14592511800880342,0.14592511801413843,0.14473660938771904,0.14473660937425079,0.1447366093632344,0.14473660937425079,0.14473660938771904,0.14473660937425079,0.1447366093528431,0.14473660933184754,0.1447366093528431,0.14473660937425079,0.1447366093632344,0.14473660933184754,0.14473660929401685,0.14473660933184754,0.1447366093632344,0.14473660937425079,0.1447366093528431,0.14473660933184754,0.1447366093528431,0.14473660937425079,0.14473660938771904,0.14473660937425079,0.1447366093632344,0.14473660937425079,0.14473660938771904,0.14357153046232526,0.14357153043235293,0.14357153040424575,0.14357153043235293,0.14357153046232526,0.14357153043235293,0.14357153037642334,0.1435715303063738,0.14357153037642334,0.14357153043235293,0.14357153040424575,0.1435715303063738,0.14357153012574325,0.1435715303063738,0.14357153040424575,0.14357153043235293,0.14357153037642334,0.1435715303063738,0.14357153037642334,0.14357153043235293,0.14357153046232526,0.14357153043235293,0.14357153040424575,0.14357153043235293,0.14357153046232526,0.14242936422359714,0.1424293641708041,0.1424293641125371,0.1424293641708041,0.14242936422359714,0.1424293641708041,0.14242936405285647,0.14242936384794289,0.14242936405285647,0.1424293641708041,0.1424293641125371,0.14242936384794289,0.14242936287031707,0.14242936384794289,0.1424293641125371,0.1424293641708041,0.14242936405285647,0.14242936384794289,0.14242936405285647,0.1424293641708041,0.14242936422359714,0.1424293641708041,0.1424293641125371,0.1424293641708041,0.14242936422359714,0.14130960269742607,0.1413096026399086,0.14130960257650754,0.1413096026399086,0.14130960269742607,0.1413096026399086,0.14130960251124505,0.14130960229679448,0.14130960251124505,0.1413096026399086,0.14130960257650754,0.14130960229679448,0.14130960138110865,0.14130960229679448,0.14130960257650754,0.1413096026399086,0.14130960251124505,0.14130960229679448,0.14130960251124505,0.1413096026399086,0.14130960269742607,0.1413096026399086,0.14130960257650754,0.1413096026399086,0.14130960269742607,0.1402117470686013,0.14021174702641434,0.14021174697673908,0.14021174702641434,0.1402117470686013,0.14021174702641434,0.14021174692505706,0.14021174673746803,0.14021174692505706,0.14021174702641434,0.14021174697673908,0.14021174673746803,0.14021174581444432,0.14021174673746803,0.14021174697673908,0.14021174702641434,0.14021174692505706,0.14021174673746803,0.14021174692505706,0.14021174702641434,0.1402117470686013,0.14021174702641434,0.14021174697673908,0.14021174702641434,0.1402117470686013,0.13913530780543784,0.1391353078040166,0.13913530780029573,0.1391353078040166,0.13913530780543784,0.1391353078040166,0.1391353077959355,0.13913530777596786,0.1391353077959355,0.1391353078040166,0.13913530780029573,0.13913530777596786,0.13913530769450116,0.13913530777596786,0.13913530780029573,0.1391353078040166,0.1391353077959355,0.13913530777596786,0.1391353077959355,0.1391353078040166,0.13913530780543784,0.1391353078040166,0.13913530780029573,0.1391353078040166,0.13913530780543784,0.13807980474137435,0.13807980478900153,0.13807980483851492,0.13807980478900153,0.13807980474137435,0.13807980478900153,0.13807980488916696,0.13807980503208844,0.13807980488916696,0.13807980478900153,0.13807980483851492,0.13807980503208844,0.1380798054482836,0.13807980503208844,0.13807980483851492,0.13807980478900153,0.13807980488916696,0.13807980503208844,0.13807980488916696,0.13807980478900153,0.13807980474137435,0.13807980478900153,0.13807980483851492,0.13807980478900153,0.13807980474137435,0.13704476717058664,0.13704476726087364,0.13704476737204604,0.13704476726087364,0.13704476717058664,0.13704476726087364,0.13704476748773575,0.13704476794913162,0.13704476748773575,0.13704476726087364,0.13704476737204604,0.13704476794913162,0.1370447705223797,0.13704476794913162,0.13704476737204604,0.13704476726087364,0.13704476748773575,0.13704476794913162,0.13704476748773575,0.13704476726087364,0.13704476717058664,0.13704476726087364,0.13704476737204604,0.13704476726087364,0.13704476717058664,0.13602973390980433,0.13602973397400517,0.13602973403724192,0.13602973397400517,0.13602973390980433,0.13602973397400517,0.13602973410085129,0.13602973427146037,0.13602973410085129,0.13602973397400517,0.13602973403724192,0.13602973427146037,0.1360297347467048,0.13602973427146037,0.13602973403724192,0.13602973397400517,0.13602973410085129,0.13602973427146037,0.13602973410085129,0.13602973397400517,0.13602973390980433,0.13602973397400517,0.13602973403724192,0.13602973397400517,0.13602973390980433,0.1350342534327727,0.13503425347322429,0.13503425350671766,0.13503425347322429,0.1350342534327727,0.13503425347322429,0.13503425353857113,0.13503425360356555,0.13503425353857113,0.13503425347322429,0.13503425350671766,0.13503425360356555,0.13503425372205946,0.13503425360356555,0.13503425350671766,0.13503425347322429,0.13503425353857113,0.13503425360356555,0.13503425353857113,0.13503425347322429,0.1350342534327727,0.13503425347322429,0.13503425350671766,0.13503425347322429,0.1350342534327727
0.1653324875011702,0.1653324875011702,0.1653324875011702,0.1653324875011702,0.1653324875011702,0.1653324875011702,0.1653324875011702,0.1653324875011702,0.1653324875011702,0.1653324875011702,0.1653324875011702,0.1653324875011702,0.1653324875011702,0.1653324875011702,0.1653324875011702,0.1653324875011702,0.1653324875011702,0.1653324875011702,0.1653324875011702,0.1653324875011702,0.1653324875011702,0.1653324875011702,0.1653324875011702,0.1653324875011702,0.1653324875011702,0.16375749378804905,0.16375749378804905,0.16375749378804905,0.16375749378804905,0.16375749378804905,0.16375749378804905,0.16375749378804905,0.16375749378804905,0.16375749378804905,0.16375749378804905,0.16375749378804905,0.16375749378804905,0.16375749378804905,0.16375749378804905,0.16375749378804905,0.16375749378804905,0.16375749378804905,0.16375749378804905,0.16375749378804905,0.16375749378804905,0.16375749378804905,0.16375749378804905,0.16375749378804905,0.16375749378804905,0.16375749378804905,0.1622138840067305,0.1622138840067305,0.1622138840067305,0.1622138840067305,0.1622138840067305,0.1622138840067305,0.1622138840067305,0.1622138840067305,0.1622138840067305,0.1622138840067305,0.1622138840067305,0.1622138840067305,0.1622138840067305,0.1622138840067305,0.1622138840067305,0.1622138840067305,0.1622138840067305,0.1622138840067305,0.1622138840067305,0.1622138840067305,0.1622138840067305,0.1622138840067305,0.1622138840067305,0.1622138840067305,0.1622138840067305,0.16070106711425497,0.16070106711425497,0.16070106711425497,0.16070106711425497,0.16070106711425497,0.16070106711425497,0.16070106711425497,0.16070106711425497,0.16070106711425497,0.16070106711425497,0.16070106711425497,0.16070106711425497,0.16070106711425497,0.16070106711425497,0.16070106711425497,0.16070106711425497,0.16070106711425497,0.16070106711425497,0.16070106711425497,0.16070106711425497,0.16070106711425497,0.16070106711425497,0.16070106711425497,0.16070106711425497,0.16070106711425497,0.15921845148560104,0.1592184514856008,0.1592184514856008,0.1592184514856008,0.15921845148560104,0.1592184514856008,0.1592184514856008,0.1592184514856008,0.1592184514856008,0.1592184514856008,0.1592184514856008,0.1592184514856008,0.15921845148560057,0.1592184514856008,0.1592184514856008,0.1592184514856008,0.1592184514856008,0.1592184514856008,0.1592184514856008,0.1592184514856008,0.15921845148560104,0.1592184514856008,0.1592184514856008,0.1592184514856008,0.15921845148560104,0.1577654462655357,0.15776544626553546,0.15776544626553526,0.15776544626553546,0.1577654462655357,0.15776544626553546,0.15776544626553526,0.15776544626553507,0.15776544626553526,0.15776544626553546,0.15776544626553526,0.15776544626553507,0.15776544626553485,0.15776544626553507,0.15776544626553526,0.15776544626553546,0.15776544626553526,0.15776544626553507,0.15776544626553526,0.15776544626553546,0.1577654462655357,0.15776544626553546,0.15776544626553526,0.15776544626553546,0.1577654462655357,0.1563414625829389,0.15634146258293785,0.15634146258293743,0.15634146258293785,0.1563414625829389,0.15634146258293785,0.156341462582937,0.1563414625829364,0.156341462582937,0.15634146258293785,0.15634146258293743,0.1563414625829364,0.15634146258293596,0.1563414625829364,0.15634146258293743,0.15634146258293785,0.156341462582937,0.1563414625829364,0.156341462582937,0.15634146258293785,0.1563414625829389,0.15634146258293785,0.15634146258293743,0.15634146258293785,0.1563414625829389,0.15494591463786284,0.15494591463785995,0.15494591463785834,0.15494591463785995,0.15494591463786284,0.15494591463785995,0.1549459146378573,0.15494591463785545,0.1549459146378573,0.15494591463785995,0.15494591463785834,0.15494591463785545,0.15494591463785362,0.15494591463785545,0.15494591463785834,0.15494591463785995,0.1549459146378573,0.15494591463785545,0.1549459146378573,0.15494591463785995,0.15494591463786284,0.15494591463785995,0.15494591463785834,0.15494591463785995,0.15494591463786284,0.15357822067103954,0.15357822067103133,0.1535782206710259,0.15357822067103133,0.15357822067103954,0.15357822067103133,0.15357822067102248,0.15357822067101684,0.15357822067102248,0.15357822067103133,0.1535782206710259,0.15357822067101684,0.15357822067101123,0.15357822067101684,0.1535782206710259,0.15357822067103133,0.15357822067102248,0.15357822067101684,0.15357822067102248,0.15357822067103133,0.15357822067103954,0.15357822067103133,0.1535782206710259,0.15357822067103133,0.15357822067103954,0.15223780382498814,0.1522378038249624,0.15223780382494626,0.1522378038249624,0.15223780382498814,0.1522378038249624,0.15223780382493482,0.1522378038249175,0.15223780382493482,0.1522378038249624,0.15223780382494626,0.1522378038249175,0.1522378038248992,0.1522378038249175,0.15223780382494626,0.1522378038249624,0.15223780382493482,0.1522378038249175,0.15223780382493482,0.1522378038249624,0.15223780382498814,0.1522378038249624,0.15223780382494626,0.1522378038249624,0.15223780382498814,0.15092409290533723,0.15092409290525888,0.1509240929052091,0.15092409290525888,0.15092409290533723,0.15092409290525888,0.15092409290517306,0.1509240929051173,0.15092409290517306,0.15092409290525888,0.1509240929052091,0.1509240929051173,0.1509240929050569,0.1509240929051173,0.1509240929052091,0.15092409290525888,0.15092409290517306,0.1509240929051173,0.15092409290517306,0.15092409290525888,0.15092409290533723,0.15092409290525888,0.1509240929052091,0.15092409290525888,0.15092409290533723,0.14963652305046216,0.1496365230502279,0.14963652305007624,0.1496365230502279,0.14963652305046216,0.1496365230502279,0.14963652304996053,0.14963652304978223,0.14963652304996053,0.1496365230502279,0.14963652305007624,0.14963652304978223,0.14963652304958575,0.14963652304978223,0.14963652305007624,0.1496365230502279,0.14963652304996053,0.14963652304978223,0.14963652304996053,0.1496365230502279,0.14963652305046216,0.1496365230502279,0.14963652305007624,0.1496365230502279,0.14963652305046216,0.14837453631705735,0.1483745363163713,0.14837453631591555,0.1483745363163713,0.14837453631705735,0.1483745363163713,0.14837453631554823,0.14837453631497963,0.14837453631554823,0.1483745363163713,0.14837453631591555,0.14837453631497963,0.14837453631432004,0.14837453631497963,0.14837453631591555,0.1483745363163713,0.14837453631554823,0.14837453631497963,0.14837453631554823,0.1483745363163713,0.14837453631705735,0.1483745363163713,0.14837453631591555,0.1483745363163713,0.14837453631705735,0.14713758218887277,0.1471375821869221,0.14713758218556913,0.1471375821869221,0.14713758218887277,0.1471375821869221,0.14713758218442144,0.14713758218257109,0.14713758218442144,0.1471375821869221,0.14713758218556913,0.14713758218257109,0.14713758218023967,0.14713758218257109,0.14713758218556913,0.1471375821869221,0.14713758218442144,0.14713758218257109,0.14713758218442144,0.1471375821869221,0.14713758218887277,0.1471375821869221,0.14713758218556913,0.1471375821869221,0.14713758218887277,0.14592511801561922,0.145925118010317,0.14592511800638747,0.145925118010317,0.14592511801561922,0.145925118010317,0.1459251180028707,0.14592511799671198,0.1459251180028707,0.145925118010317,0.14592511800638747,0.14592511799671198,0.1459251179878234,0.14592511799671198,0.14592511800638747,0.145925118010317,0.1459251180028707,0.14592511799671198,0.1459251180028707,0.145925118010317,0.14592511801561922,0.145925118010317,0.14592511800638747,0.145925118010317,0.14592511801561922,0.14473660938907512,0.1447366093756866,0.14473660936473923,0.1447366093756866,0.14473660938907512,0.1447366093756866,0.1447366093544146,0.14473660933356233,0.1447366093544146,0.1447366093756866,0.14473660936473923,0.14473660933356233,0.14473660929601007,0.14473660933356233,0.14473660936473923,0.1447366093756866,0.1447366093544146,0.14473660933356233,0.1447366093544146,0.1447366093756866,0.14473660938907512,0.1447366093756866,0.14473660936473923,0.1447366093756866,0.14473660938907512,0.14357153046339027,0.1435715304335819,0.14357153040564222,0.1435715304335819,0.14357153046339027,0.1435715304335819,0.14357153037799003,0.14357153030841552,0.14357153037799003,0.1435715304335819,0.14357153040564222,0.14357153030841552,0.14357153012915919,0.14357153030841552,0.14357153040564222,0.1435715304335819,0.14357153037799003,0.14357153030841552,0.14357153037799003,0.1435715304335819,0.14357153046339027,0.1435715304335819,0.14357153040564222,0.1435715304335819,0.14357153046339027,0.1424293642240286,0.14242936417147076,0.14242936411350368,0.14242936417147076,0.1424293642240286,0.14242936417147076,0.1424293640541366,0.14242936385053345,0.1424293640541366,0.14242936417147076,0.14242936411350368,0.14242936385053345,0.14242936288056102,0.14242936385053345,0.14242936411350368,0.14242936417147076,0.1424293640541366,0.14242936385053345,0.1424293640541366,0.14242936417147076,0.1424293642240286,0.14242936417147076,0.14242936411350368,0.14242936417147076,0.1424293642240286,0.14130960269672954,0.14130960263930353,0.1413096025759804,0.14130960263930353,0.14130960269672954,0.14130960263930353,0.14130960251079555,0.1413096022964478,0.14130960251079555,0.14130960263930353,0.1413096025759804,0.1413096022964478,0.14130960138009607,0.1413096022964478,0.1413096025759804,0.14130960263930353,0.14130960251079555,0.1413096022964478,0.14130960251079555,0.14130960263930353,0.14130960269672954,0.14130960263930353,0.1413096025759804,0.14130960263930353,0.14130960269672954,0.14021174706657177,0.14021174702437286,0.14021174697467265,0.14021174702437286,0.14021174706657177,0.14021174702437286,0.140211746922963,0.14021174673522757,0.140211746922963,0.14021174702437286,0.14021174697467265,0.14021174673522757,0.14021174581131407,0.14021174673522757,0.14021174697467265,0.14021174702437286,0.140211746922963,0.14021174673522757,0.140211746922963,0.14021174702437286,0.14021174706657177,0.14021174702437286,0.14021174697467265,0.14021174702437286,0.14021174706657177,0.1391353078020805,0.13913530780058475,0.13913530779679528,0.13913530780058475,0.1391353078020805,0.13913530780058475,0.13913530779236674,0.13913530777223845,0.13913530779236674,0.13913530780058475,0.13913530779679528,0.13913530777223845,0.13913530769040813,0.13913530777223845,0.13913530779679528,0.13913530780058475,0.13913530779236674,0.13913530777223845,0.13913530779236674,0.13913530780058475,0.1391353078020805,0.13913530780058475,0.13913530779679528,0.13913530780058475,0.1391353078020805,0.13807980473682172,0.13807980478429385,0.13807980483365315,0.13807980478429385,0.13807980473682172,0.13807980478429385,0.13807980488414934,0.13807980502665457,0.13807980488414934,0.13807980478429385,0.13807980483365315,0.13807980502665457,0.1380798054417038,0.13807980502665457,0.13807980483365315,0.13807980478429385,0.13807980488414934,0.13807980502665457,0.13807980488414934,0.13807980478429385,0.13807980473682172,0.13807980478429385,0.13807980483365315,0.13807980478429385,0.13807980473682172,0.13704476716513936,0.13704476725518733,0.13704476736607288,0.13704476725518733,0.13704476716513936,0.13704476725518733,0.1370447674814656,0.1370447679416999,0.1370447674814656,0.13704476725518733,0.13704476736607288,0.1370447679416999,0.1370447705085462,0.1370447679416999,0.13704476736607288,0.13704476725518733,0.1370447674814656,0.1370447679416999,0.1370447674814656,0.13704476725518733,0.13704476716513936,0.13704476725518733,0.13704476736607288,0.13704476725518733,0.13704476716513936,0.13602973390393833,0.13602973396797416,0.13602973403105,0.13602973396797416,0.13602973390393833,0.13602973396797416,0.1360297340944983,0.1360297342646789,0.1360297340944983,0.13602973396797416,0.13602973403105,0.1360297342646789,0.1360297347387383,0.1360297342646789,0.13602973403105,0.13602973396797416,0.1360297340944983,0.1360297342646789,0.1360297340944983,0.13602973396797416,0.13602973390393833,0.13602973396797416,0.13602973403105,0.13602973396797416,0.13602973390393833,0.13503425342681652,0.13503425346716516,0.13503425350057371,0.13503425346716516,0.13503425342681652,0.13503425346716516,0.13503425353234674,0.13503425359717797,0.13503425353234674,0.13503425346716516,0.13503425350057371,0.13503425359717797,0.13503425371537559,0.13503425359717797,0.13503425350057371,0.13503425346716516,0.13503425353234674,0.13503425359717797,0.13503425353234674,0.13503425346716516,0.13503425342681652,0.13503425346716516,0.13503425350057371,0.13503425346716516,0.13503425342681652
0.16533248750320606,0.16533248750320606,0.16533248750320606,0.16533248750320606,0.16533248750320606,0.16533248750320606,0.16533248750320606,0.16533248750320606,0.16533248750320606,0.16533248750320606,0.16533248750320606,0.16533248750320606,0.16533248750320606,0.16533248750320606,0.16533248750320606,0.16533248750320606,0.16533248750320606,0.16533248750320606,0.16533248750320606,0.16533248750320606,0.16533248750320606,0.16533248750320606,0.16533248750320606,0.16533248750320606,0.16533248750320606,0.1637574937900455,0.1637574937900455,0.1637574937900455,0.1637574937900455,0.1637574937900455,0.1637574937900455,0.1637574937900455,0.1637574937900455,0.1637574937900455,0.1637574937900455,0.1637574937900455,0.1637574937900455,0.1637574937900455,0.1637574937900455,0.1637574937900455,0.1637574937900455,0.1637574937900455,0.1637574937900455,0.1637574937900455,0.1637574937900455,0.1637574937900455,0.1637574937900455,0.1637574937900455,0.1637574937900455,0.1637574937900455,0.16221388400868944,0.16221388400868944,0.16221388400868944,0.16221388400868944,0.16221388400868944,0.16221388400868944,0.16221388400868944,0.16221388400868944,0.16221388400868944,0.16221388400868944,0.16221388400868944,0.16221388400868944,0.16221388400868944,0.16221388400868944,0.16221388400868944,0.16221388400868944,0.16221388400868944,0.16221388400868944,0.16221388400868944,0.16221388400868944,0.16221388400868944,0.16221388400868944,0.16221388400868944,0.16221388400868944,0.16221388400868944,0.16070106711617793,0.16070106711617793,0.16070106711617793,0.16070106711617793,0.16070106711617793,0.16070106711617793,0.16070106711617793,0.16070106711617793,0.16070106711617793,0.16070106711617793,0.16070106711617793,0.16070106711617793,0.16070106711617793,0.16070106711617793,0.16070106711617793,0.16070106711617793,0.16070106711617793,0.16070106711617793,0.16070106711617793,0.16070106711617793,0.16070106711617793,0.16070106711617793,0.16070106711617793,0.16070106711617793,0.16070106711617793,0.15921845148748995,0.15921845148748973,0.15921845148748973,0.15921845148748973,0.15921845148748995,0.15921845148748973,0.15921845148748973,0.15921845148748973,0.15921845148748973,0.15921845148748973,0.15921845148748973,0.15921845148748973,0.1592184514874895,0.15921845148748973,0.15921845148748973,0.15921845148748973,0.15921845148748973,0.15921845148748973,0.15921845148748973,0.15921845148748973,0.15921845148748995,0.15921845148748973,0.15921845148748973,0.15921845148748973,0.15921845148748995,0.15776544626739222,0.157765446267392,0.15776544626739178,0.157765446267392,0.15776544626739222,0.157765446267392,0.15776544626739178,0.15776544626739156,0.15776544626739178,0.157765446267392,0.15776544626739178,0.15776544626739156,0.1577654462673914,0.15776544626739156,0.15776544626739178,0.157765446267392,0.15776544626739178,0.15776544626739156,0.15776544626739178,0.157765446267392,0.15776544626739222,0.157765446267392,0.15776544626739178,0.157765446267392,0.15776544626739222,0.1563414625847646,0.15634146258476378,0.15634146258476336,0.15634146258476378,0.1563414625847646,0.15634146258476378,0.15634146258476297,0.1563414625847623,0.15634146258476297,0.15634146258476378,0.15634146258476336,0.1563414625847623,0.1563414625847619,0.1563414625847623,0.15634146258476336,0.15634146258476378,0.15634146258476297,0.1563414625847623,0.15634146258476297,0.15634146258476378,0.1563414625847646,0.15634146258476378,0.15634146258476336,0.15634146258476378,0.1563414625847646,0.15494591463965965,0.154945914639657,0.15494591463965537,0.154945914639657,0.15494591463965965,0.154945914639657,0.15494591463965435,0.15494591463965252,0.15494591463965435,0.154945914639657,0.15494591463965537,0.15494591463965252,0.15494591463965085,0.15494591463965252,0.15494591463965537,0.154945914639657,0.15494591463965435,0.15494591463965252,0.15494591463965435,0.154945914639657,0.15494591463965965,0.154945914639657,0.15494591463965537,0.154945914639657,0.15494591463965965,0.15357822067280938,0.15357822067280114,0.15357822067279592,0.15357822067280114,0.15357822067280938,0.15357822067280114,0.1535782206727923,0.1535782206727869,0.1535782206727923,0.15357822067280114,0.15357822067279592,0.1535782206727869,0.15357822067278126,0.1535782206727869,0.15357822067279592,0.15357822067280114,0.1535782206727923,0.1535782206727869,0.1535782206727923,0.15357822067280114,0.15357822067280938,0.15357822067280114,0.15357822067279592,0.15357822067280114,0.15357822067280938,0.15223780382673235,0.15223780382670676,0.15223780382669064,0.15223780382670676,0.15223780382673235,0.15223780382670676,0.15223780382667962,0.15223780382666227,0.15223780382667962,0.15223780382670676,0.15223780382669064,0.15223780382666227,0.15223780382664398,0.15223780382666227,0.15223780382669064,0.15223780382670676,0.15223780382667962,0.15223780382666227,0.15223780382667962,0.15223780382670676,0.15223780382673235,0.15223780382670676,0.15223780382669064,0.15223780382670676,0.15223780382673235,0.1509240929070569,0.15092409290697933,0.15092409290692976,0.15092409290697933,0.1509240929070569,0.15092409290697933,0.15092409290689407,0.15092409290683872,0.15092409290689407,0.15092409290697933,0.15092409290692976,0.15092409290683872,0.1509240929067791,0.15092409290683872,0.15092409290692976,0.15092409290697933,0.15092409290689407,0.15092409290683872,0.15092409290689407,0.15092409290697933,0.1509240929070569,0.15092409290697933,0.15092409290692976,0.15092409290697933,0.1509240929070569,0.14963652305215766,0.1496365230519251,0.14963652305177458,0.1496365230519251,0.14963652305215766,0.1496365230519251,0.1496365230516598,0.14963652305148264,0.1496365230516598,0.1496365230519251,0.14963652305177458,0.14963652305148264,0.14963652305128772,0.14963652305148264,0.14963652305177458,0.1496365230519251,0.1496365230516598,0.14963652305148264,0.1496365230516598,0.1496365230519251,0.14963652305215766,0.1496365230519251,0.14963652305177458,0.1496365230519251,0.14963652305215766,0.14837453631872663,0.14837453631804537,0.1483745363175928,0.14837453631804537,0.14837453631872663,0.14837453631804537,0.14837453631722805,0.14837453631666372,0.14837453631722805,0.14837453631804537,0.1483745363175928,0.14837453631666372,0.14837453631600894,0.14837453631666372,0.1483745363175928,0.14837453631804537,0.14837453631722805,0.14837453631666372,0.14837453631722805,0.14837453631804537,0.14837453631872663,0.14837453631804537,0.1483745363175928,0.14837453631804537,0.14837453631872663,0.14713758219050713,0.14713758218856957,0.1471375821872262,0.14713758218856957,0.14713758219050713,0.14713758218856957,0.1471375821860867,0.14713758218424977,0.1471375821860867,0.14713758218856957,0.1471375821872262,0.14713758218424977,0.14713758218193582,0.14713758218424977,0.1471375821872262,0.14713758218856957,0.1471375821860867,0.14713758218424977,0.1471375821860867,0.14713758218856957,0.14713758219050713,0.14713758218856957,0.1471375821872262,0.14713758218856957,0.14713758219050713,0.14592511801719185,0.1459251180119249,0.14592511800802246,0.1459251180119249,0.14592511801719185,0.1459251180119249,0.14592511800453042,0.14592511799841695,0.14592511800453042,0.1459251180119249,0.14592511800802246,0.14592511799841695,0.14592511798959673,0.14592511799841695,0.14592511800802246,0.1459251180119249,0.14592511800453042,0.14592511799841695,0.14592511800453042,0.1459251180119249,0.14592511801719185,0.1459251180119249,0.14592511800802246,0.1459251180119249,0.14592511801719185,0.14473660939051305,0.14473660937721028,0.1447366093663367,0.14473660937721028,0.14473660939051305,0.14473660937721028,0.14473660935608348,0.14473660933538482,0.14473660935608348,0.14473660937721028,0.1447366093663367,0.14473660933538482,0.1447366092981315,0.14473660933538482,0.1447366093663367,0.14473660937721028,0.14473660935608348,0.14473660933538482,0.14473660935608348,0.14473660937721028,0.14473660939051305,0.14473660937721028,0.1447366093663367,0.14473660937721028,0.14473660939051305,0.14357153046451548,0.1435715304348825,0.14357153040712253,0.1435715304348825,0.14357153046451548,0.1435715304348825,0.14357153037965276,0.14357153031058748,0.14357153037965276,0.1435715304348825,0.14357153040712253,0.14357153031058748,0.14357153013280646,0.14357153031058748,0.14357153040712253,0.1435715304348825,0.14357153037965276,0.14357153031058748,0.14357153037965276,0.1435715304348825,0.14357153046451548,0.1435715304348825,0.14357153040712253,0.1435715304348825,0.14357153046451548,0.14242936422447483,0.14242936417216756,0.14242936411452145,0.14242936417216756,0.14242936422447483,0.14242936417216756,0.14242936405548987,0.14242936385329116,0.14242936405548987,0.14242936417216756,0.14242936411452145,0.14242936385329116,0.14242936289152647,0.14242936385329116,0.14242936411452145,0.14242936417216756,0.14242936405548987,0.14242936385329116,0.14242936405548987,0.14242936417216756,0.14242936422447483,0.14242936417216756,0.14242936411452145,0.14242936417216756,0.14242936422447483,0.14130960269596907,0.1413096026386378,0.1413096025753946,0.1413096026386378,0.14130960269596907,0.1413096026386378,0.141309602510289,0.14130960229603778,0.141309602510289,0.1413096026386378,0.1413096025753946,0.14130960229603778,0.14130960137891685,0.14130960229603778,0.1413096025753946,0.1413096026386378,0.141309602510289,0.14130960229603778,0.141309602510289,0.1413096026386378,0.14130960269596907,0.1413096026386378,0.1413096025753946,0.1413096026386378,0.14130960269596907,0.14021174706439166,0.14021174702217595,0.14021174697244443,0.14021174702217595,0.14021174706439166,0.14021174702217595,0.1402117469207005,0.14021174673278977,0.1402117469207005,0.14021174702217595,0.14021174697244443,0.14021174673278977,0.14021174580783988,0.14021174673278977,0.14021174697244443,0.14021174702217595,0.1402117469207005,0.14021174673278977,0.1402117469207005,0.14021174702217595,0.14021174706439166,0.14021174702217595,0.14021174697244443,0.14021174702217595,0.14021174706439166,0.13913530779849403,0.13913530779691735,0.13913530779305294,0.13913530779691735,0.13913530779849403,0.13913530779691735,0.1391353077885496,0.13913530776824504,0.1391353077885496,0.13913530779691735,0.13913530779305294,0.13913530776824504,0.13913530768601165,0.13913530776824504,0.13913530779305294,0.13913530779691735,0.1391353077885496,0.13913530776824504,0.1391353077885496,0.13913530779691735,0.13913530779849403,0.13913530779691735,0.13913530779305294,0.13913530779691735,0.13913530779849403,0.13807980473197404,0.1380798047792815,0.1380798048284777,0.1380798047792815,0.13807980473197404,0.1380798047792815,0.13807980487880894,0.13807980502087414,0.13807980487880894,0.1380798047792815,0.1380798048284777,0.13807980502087414,0.13807980543471363,0.13807980502087414,0.1380798048284777,0.1380798047792815,0.13807980487880894,0.13807980502087414,0.13807980487880894,0.1380798047792815,0.13807980473197404,0.1380798047792815,0.1380798048284777,0.1380798047792815,0.13807980473197404,0.13704476715934924,0.13704476724914527,0.13704476735972854,0.13704476724914527,0.13704476715934924,0.13704476724914527,0.13704476747480854,0.13704476793382042,0.13704476747480854,0.13704476724914527,0.13704476735972854,0.13704476793382042,0.13704477049393607,0.13704476793382042,0.13704476735972854,0.13704476724914527,0.13704476747480854,0.13704476793382042,0.13704476747480854,0.13704476724914527,0.13704476715934924,0.13704476724914527,0.13704476735972854,0.13704476724914527,0.13704476715934924,0.13602973389770778,0.13602973396156973,0.13602973402447635,0.13602973396156973,0.13602973389770778,0.13602973396156973,0.13602973408775512,0.13602973425748466,0.13602973408775512,0.13602973396156973,0.13602973402447635,0.13602973425748466,0.13602973473029742,0.13602973425748466,0.13602973402447635,0.13602973396156973,0.13602973408775512,0.13602973425748466,0.13602973408775512,0.13602973396156973,0.13602973389770778,0.13602973396156973,0.13602973402447635,0.13602973396156973,0.13602973389770778,0.13503425342049197,0.13503425346073225,0.1350342534940515,0.13503425346073225,0.13503425342049197,0.13503425346073225,0.13503425352574,0.13503425359039925,0.13503425352574,0.13503425346073225,0.1350342534940515,0.13503425359039925,0.1350342537082852,0.13503425359039925,0.1350342534940515,0.13503425346073225,0.13503425352574,0.13503425359039925,0.13503425352574,0.13503425346073225,0.13503425342049197,0.13503425346073225,0.1350342534940515,0.13503425346073225,0.13503425342049197
0.1653324875053698,0.1653324875053698,0.1653324875053698,0.1653324875053698,0.1653324875053698,0.1653324875053698,0.1653324875053698,0.1653324875053698,0.1653324875053698,0.1653324875053698,0.1653324875053698,0.1653324875053698,0.1653324875053698,0.1653324875053698,0.1653324875053698,0.1653324875053698,0.1653324875053698,0.1653324875053698,0.1653324875053698,0.1653324875053698,0.1653324875053698,0.1653324875053698,0.1653324875053698,0.1653324875053698,0.1653324875053698,0.16375749379216736,0.16375749379216736,0.16375749379216736,0.16375749379216736,0.16375749379216736,0.16375749379216736,0.16375749379216736,0.16375749379216736,0.16375749379216736,0.16375749379216736,0.16375749379216736,0.16375749379216736,0.16375749379216736,0.16375749379216736,0.16375749379216736,0.16375749379216736,0.16375749379216736,0.16375749379216736,0.16375749379216736,0.16375749379216736,0.16375749379216736,0.16375749379216736,0.16375749379216736,0.16375749379216736,0.16375749379216736,0.16221388401077103,0.16221388401077103,0.16221388401077103,0.16221388401077103,0.16221388401077103,0.16221388401077103,0.16221388401077103,0.16221388401077103,0.16221388401077103,0.16221388401077103,0.16221388401077103,0.16221388401077103,0.16221388401077103,0.16221388401077103,0.16221388401077103,0.16221388401077103,0.16221388401077103,0.16221388401077103,0.16221388401077103,0.16221388401077103,0.16221388401077103,0.16221388401077103,0.16221388401077103,0.16221388401077103,0.16221388401077103,0.1607010671182213,0.16070106711822107,0.16070106711822107,0.16070106711822107,0.1607010671182213,0.16070106711822107,0.16070106711822107,0.16070106711822107,0.16070106711822107,0.16070106711822107,0.16070106711822107,0.16070106711822107,0.16070106711822107,0.16070106711822107,0.16070106711822107,0.16070106711822107,0.16070106711822107,0.16070106711822107,0.16070106711822107,0.16070106711822107,0.1607010671182213,0.16070106711822107,0.16070106711822107,0.16070106711822107,0.1607010671182213,0.1592184514894964,0.1592184514894964,0.1592184514894962,0.1592184514894964,0.1592184514894964,0.1592184514894964,0.1592184514894962,0.1592184514894962,0.1592184514894962,0.1592184514894964,0.1592184514894962,0.1592184514894962,0.1592184514894962,0.1592184514894962,0.1592184514894962,0.1592184514894964,0.1592184514894962,0.1592184514894962,0.1592184514894962,0.1592184514894964,0.1592184514894964,0.1592184514894964,0.1592184514894962,0.1592184514894964,0.1592184514894964,0.15776544626936395,0.15776544626936373,0.1577654462693635,0.15776544626936373,0.15776544626936395,0.15776544626936373,0.1577654462693635,0.1577654462693633,0.1577654462693635,0.15776544626936373,0.1577654462693635,0.1577654462693633,0.15776544626936312,0.1577654462693633,0.1577654462693635,0.15776544626936373,0.1577654462693635,0.1577654462693633,0.1577654462693635,0.15776544626936373,0.15776544626936395,0.15776544626936373,0.1577654462693635,0.15776544626936373,0.15776544626936395,0.15634146258670345,0.15634146258670262,0.15634146258670198,0.15634146258670262,0.15634146258670345,0.15634146258670262,0.15634146258670176,0.15634146258670117,0.15634146258670176,0.15634146258670262,0.15634146258670198,0.15634146258670117,0.15634146258670054,0.15634146258670117,0.15634146258670198,0.15634146258670262,0.15634146258670176,0.15634146258670117,0.15634146258670176,0.15634146258670262,0.15634146258670345,0.15634146258670262,0.15634146258670198,0.15634146258670262,0.15634146258670345,0.1549459146415672,0.15494591464156451,0.15494591464156288,0.15494591464156451,0.1549459146415672,0.15494591464156451,0.15494591464156188,0.15494591464156005,0.15494591464156188,0.15494591464156451,0.15494591464156288,0.15494591464156005,0.15494591464155838,0.15494591464156005,0.15494591464156288,0.15494591464156451,0.15494591464156188,0.15494591464156005,0.15494591464156188,0.15494591464156451,0.1549459146415672,0.15494591464156451,0.15494591464156288,0.15494591464156451,0.1549459146415672,0.15357822067468746,0.15357822067467922,0.15357822067467397,0.15357822067467922,0.15357822067468746,0.15357822067467922,0.15357822067467058,0.15357822067466517,0.15357822067467058,0.15357822067467922,0.15357822067467397,0.15357822067466517,0.15357822067465954,0.15357822067466517,0.15357822067467397,0.15357822067467922,0.15357822067467058,0.15357822067466517,0.15357822067467058,0.15357822067467922,0.15357822067468746,0.15357822067467922,0.15357822067467397,0.15357822067467922,0.15357822067468746,0.15223780382858246,0.15223780382855706,0.15223780382854113,0.15223780382855706,0.15223780382858246,0.15223780382855706,0.1522378038285301,0.15223780382851282,0.1522378038285301,0.15223780382855706,0.15223780382854113,0.15223780382851282,0.15223780382849486,0.15223780382851282,0.15223780382854113,0.15223780382855706,0.1522378038285301,0.15223780382851282,0.1522378038285301,0.15223780382855706,0.15223780382858246,0.15223780382855706,0.15223780382854113,0.15223780382855706,0.15223780382858246,0.1509240929088802,0.1509240929088032,0.150924092908754,0.1509240929088032,0.1509240929088802,0.1509240929088032,0.15092409290871872,0.15092409290866393,0.15092409290871872,0.1509240929088032,0.150924092908754,0.15092409290866393,0.1509240929086047,0.15092409290866393,0.150924092908754,0.1509240929088032,0.15092409290871872,0.15092409290866393,0.15092409290871872,0.1509240929088032,0.1509240929088802,0.1509240929088032,0.150924092908754,0.1509240929088032,0.1509240929088802,0.14963652305395436,0.14963652305372369,0.1496365230535743,0.14963652305372369,0.14963652305395436,0.14963652305372369,0.14963652305346045,0.14963652305328462,0.14963652305346045,0.14963652305372369,0.1496365230535743,0.14963652305328462,0.1496365230530912,0.14963652305328462,0.1496365230535743,0.14963652305372369,0.14963652305346045,0.14963652305328462,0.14963652305346045,0.14963652305372369,0.14963652305395436,0.14963652305372369,0.1496365230535743,0.14963652305372369,0.14963652305395436,0.1483745363204945,0.14837453631981842,0.14837453631936917,0.14837453631981842,0.1483745363204945,0.14837453631981842,0.1483745363190074,0.14837453631844735,0.1483745363190074,0.14837453631981842,0.14837453631936917,0.14837453631844735,0.14837453631779776,0.14837453631844735,0.14837453631936917,0.14837453631981842,0.1483745363190074,0.14837453631844735,0.1483745363190074,0.14837453631981842,0.1483745363204945,0.14837453631981842,0.14837453631936917,0.14837453631981842,0.1483745363204945,0.14713758219223685,0.14713758219031364,0.1471375821889803,0.14713758219031364,0.14713758219223685,0.14713758219031364,0.14713758218784947,0.1471375821860267,0.14713758218784947,0.14713758219031364,0.1471375821889803,0.1471375821860267,0.1471375821837315,0.1471375821860267,0.1471375821889803,0.14713758219031364,0.14713758218784947,0.1471375821860267,0.14713758218784947,0.14713758219031364,0.14713758219223685,0.14713758219031364,0.1471375821889803,0.14713758219031364,0.14713758219223685,0.14592511801885497,0.14592511801362576,0.14592511800975216,0.14592511801362576,0.14592511801885497,0.14592511801362576,0.14592511800628669,0.14592511800022126,0.14592511800628669,0.14592511801362576,0.14592511800975216,0.14592511800022126,0.14592511799147406,0.14592511800022126,0.14592511800975216,0.14592511801362576,0.14592511800628669,0.14592511800022126,0.14592511800628669,0.14592511801362576,0.14592511801885497,0.14592511801362576,0.14592511800975216,0.14592511801362576,0.14592511801885497,0.144736609392032,0.14473660937882013,0.1447366093680255,0.14473660937882013,0.144736609392032,0.14473660937882013,0.14473660935784832,0.14473660933731378,0.14473660935784832,0.14473660937882013,0.1447366093680255,0.14473660933731378,0.14473660930037918,0.14473660933731378,0.1447366093680255,0.14473660937882013,0.14473660935784832,0.14473660933731378,0.14473660935784832,0.14473660937882013,0.144736609392032,0.14473660937882013,0.1447366093680255,0.14473660937882013,0.144736609392032,0.1435715304657003,0.14357153043625398,0.14357153040868514,0.14357153043625398,0.1435715304657003,0.14357153043625398,0.14357153038140974,0.14357153031288772,0.14357153038140974,0.14357153043625398,0.14357153040868514,0.14357153031288772,0.14357153013668184,0.14357153031288772,0.14357153040868514,0.14357153043625398,0.14357153038140974,0.14357153031288772,0.14357153038140974,0.14357153043625398,0.1435715304657003,0.14357153043625398,0.14357153040868514,0.14357153043625398,0.1435715304657003,0.14242936422493546,0.14242936417289445,0.1424293641155895,0.14242936417289445,0.14242936422493546,0.14242936417289445,0.1424293640569149,0.14242936385621338,0.1424293640569149,0.14242936417289445,0.1424293641155895,0.14242936385621338,0.14242936290323202,0.14242936385621338,0.1424293641155895,0.14242936417289445,0.1424293640569149,0.14242936385621338,0.1424293640569149,0.14242936417289445,0.14242936422493546,0.14242936417289445,0.1424293641155895,0.14242936417289445,0.14242936422493546,0.1413096026951456,0.14130960263791215,0.14130960257475106,0.14130960263791215,0.1413096026951456,0.14130960263791215,0.14130960250972638,0.1413096022955659,0.14130960250972638,0.14130960263791215,0.14130960257475106,0.1413096022955659,0.14130960137754883,0.1413096022955659,0.14130960257475106,0.14130960263791215,0.14130960250972638,0.1413096022955659,0.14130960250972638,0.14130960263791215,0.1413096026951456,0.14130960263791215,0.14130960257475106,0.14130960263791215,0.1413096026951456,0.14021174706206296,0.14021174701982633,0.14021174697005725,0.14021174701982633,0.14021174706206296,0.14021174701982633,0.14021174691827232,0.1402117467301578,0.14021174691827232,0.14021174701982633,0.14021174697005725,0.1402117467301578,0.14021174580400642,0.1402117467301578,0.14021174697005725,0.14021174701982633,0.14021174691827232,0.1402117467301578,0.14021174691827232,0.14021174701982633,0.14021174706206296,0.14021174701982633,0.14021174697005725,0.14021174701982633,0.14021174706206296,0.1391353077946818,0.13913530779301786,0.13913530778907218,0.13913530779301786,0.1391353077946818,0.13913530779301786,0.13913530778448802,0.13913530776399152,0.13913530778448802,0.13913530779301786,0.13913530778907218,0.13913530776399152,0.13913530768131654,0.13913530776399152,0.13913530778907218,0.13913530779301786,0.13913530778448802,0.13913530776399152,0.13913530778448802,0.13913530779301786,0.1391353077946818,0.13913530779301786,0.13913530778907218,0.13913530779301786,0.1391353077946818,0.13807980472683565,0.1380798047739693,0.13807980482299326,0.1380798047739693,0.13807980472683565,0.1380798047739693,0.13807980487315055,0.1380798050147522,0.13807980487315055,0.1380798047739693,0.13807980482299326,0.1380798050147522,0.13807980542731907,0.1380798050147522,0.13807980482299326,0.1380798047739693,0.13807980487315055,0.1380798050147522,0.13807980487315055,0.1380798047739693,0.13807980472683565,0.1380798047739693,0.13807980482299326,0.1380798047739693,0.13807980472683565,0.1370447671532214,0.13704476724275275,0.13704476735301854,0.13704476724275275,0.1370447671532214,0.13704476724275275,0.13704476746777017,0.1370447679254994,0.13704476746777017,0.13704476724275275,0.13704476735301854,0.1370447679254994,0.1370447704785463,0.1370447679254994,0.13704476735301854,0.13704476724275275,0.13704476746777017,0.1370447679254994,0.13704476746777017,0.13704476724275275,0.1370447671532214,0.13704476724275275,0.13704476735301854,0.13704476724275275,0.1370447671532214,0.1360297338911183,0.13602973395479792,0.13602973401752663,0.13602973395479792,0.1360297338911183,0.13602973395479792,0.1360297340806274,0.13602973424988382,0.13602973408062755,0.13602973395479792,0.13602973401752663,0.13602973424988382,0.1360297347213886,0.13602973424988382,0.13602973401752663,0.13602973395479792,0.13602973408062755,0.13602973424988382,0.13602973408062755,0.13602973395479792,0.1360297338911183,0.13602973395479792,0.13602973401752663,0.13602973395479792,0.1360297338911183,0.13503425341380465,0.1350342534539311,0.1350342534871566,0.1350342534539311,0.13503425341380465,0.1350342534539311,0.13503425351875634,0.13503425358323512,0.13503425351875634,0.1350342534539311,0.1350342534871566,0.13503425358323512,0.1350342537007941,0.13503425358323512,0.1350342534871566,0.1350342534539311,0.13503425351875634,0.13503425358323512,0.13503425351875634,0.1350342534539311,0.13503425341380465,0.1350342534539311,0.1350342534871566,0.1350342534539311,0.13503425341380465
0.16533248750765914,0.16533248750765914,0.16533248750765914,0.16533248750765914,0.16533248750765914,0.16533248750765914,0.16533248750765914,0.16533248750765914,0.16533248750765914,0.16533248750765914,0.16533248750765914,0.16533248750765914,0.16533248750765914,0.16533248750765914,0.16533248750765914,0.16533248750765914,0.16533248750765914,0.16533248750765914,0.16533248750765914,0.16533248750765914,0.16533248750765914,0.16533248750765914,0.16533248750765914,0.16533248750765914,0.16533248750765914,0.16375749379441223,0.16375749379441223,0.16375749379441223,0.16375749379441223,0.16375749379441223,0.16375749379441223,0.16375749379441223,0.16375749379441223,0.16375749379441223,0.16375749379441223,0.16375749379441223,0.16375749379441223,0.16375749379441223,0.16375749379441223,0.16375749379441223,0.16375749379441223,0.16375749379441223,0.16375749379441223,0.16375749379441223,0.16375749379441223,0.16375749379441223,0.16375749379441223,0.16375749379441223,0.16375749379441223,0.16375749379441223,0.16221388401297318,0.16221388401297318,0.16221388401297318,0.16221388401297318,0.16221388401297318,0.16221388401297318,0.16221388401297318,0.16221388401297318,0.16221388401297318,0.16221388401297318,0.16221388401297318,0.16221388401297318,0.16221388401297318,0.16221388401297318,0.16221388401297318,0.16221388401297318,0.16221388401297318,0.16221388401297318,0.16221388401297318,0.16221388401297318,0.16221388401297318,0.16221388401297318,0.16221388401297318,0.16221388401297318,0.16221388401297318,0.16070106712038262,0.16070106712038262,0.16070106712038262,0.16070106712038262,0.16070106712038262,0.16070106712038262,0.16070106712038262,0.16070106712038262,0.16070106712038262,0.16070106712038262,0.16070106712038262,0.16070106712038262,0.16070106712038262,0.16070106712038262,0.16070106712038262,0.16070106712038262,0.16070106712038262,0.16070106712038262,0.16070106712038262,0.16070106712038262,0.16070106712038262,0.16070106712038262,0.16070106712038262,0.16070106712038262,0.16070106712038262,0.15921845149161873,0.15921845149161873,0.15921845149161873,0.15921845149161873,0.15921845149161873,0.15921845149161873,0.15921845149161873,0.1592184514916185,0.15921845149161873,0.15921845149161873,0.15921845149161873,0.1592184514916185,0.1592184514916185,0.1592184514916185,0.15921845149161873,0.15921845149161873,0.15921845149161873,0.1592184514916185,0.15921845149161873,0.15921845149161873,0.15921845149161873,0.15921845149161873,0.15921845149161873,0.15921845149161873,0.15921845149161873,0.1577654462714492,0.15776544627144898,0.15776544627144878,0.15776544627144898,0.1577654462714492,0.15776544627144898,0.15776544627144856,0.15776544627144834,0.15776544627144856,0.15776544627144898,0.15776544627144878,0.15776544627144834,0.15776544627144834,0.15776544627144834,0.15776544627144878,0.15776544627144898,0.15776544627144856,0.15776544627144834,0.15776544627144856,0.15776544627144898,0.1577654462714492,0.15776544627144898,0.15776544627144878,0.15776544627144898,0.1577654462714492,0.15634146258875334,0.1563414625887525,0.15634146258875187,0.1563414625887525,0.15634146258875334,0.1563414625887525,0.15634146258875145,0.156341462588751,0.15634146258875145,0.1563414625887525,0.15634146258875187,0.156341462588751,0.15634146258875037,0.156341462588751,0.15634146258875187,0.1563414625887525,0.15634146258875145,0.156341462588751,0.15634146258875145,0.1563414625887525,0.15634146258875334,0.1563414625887525,0.15634146258875187,0.1563414625887525,0.15634146258875334,0.1549459146435835,0.15494591464358085,0.1549459146435792,0.15494591464358085,0.1549459146435835,0.15494591464358085,0.15494591464357818,0.15494591464357635,0.15494591464357818,0.15494591464358085,0.1549459146435792,0.15494591464357635,0.1549459146435747,0.15494591464357635,0.1549459146435792,0.15494591464358085,0.15494591464357818,0.15494591464357635,0.15494591464357818,0.15494591464358085,0.1549459146435835,0.15494591464358085,0.1549459146435792,0.15494591464358085,0.1549459146435835,0.1535782206766718,0.15357822067666374,0.15357822067665852,0.15357822067666374,0.1535782206766718,0.15357822067666374,0.1535782206766551,0.1535782206766497,0.1535782206766551,0.15357822067666374,0.15357822067665852,0.1535782206766497,0.15357822067664426,0.1535782206766497,0.15357822067665852,0.15357822067666374,0.1535782206766551,0.1535782206766497,0.1535782206766551,0.15357822067666374,0.1535782206766718,0.15357822067666374,0.15357822067665852,0.15357822067666374,0.1535782206766718,0.15223780383053667,0.1522378038305115,0.15223780383049573,0.1522378038305115,0.15223780383053667,0.1522378038305115,0.1522378038304847,0.1522378038304676,0.1522378038304847,0.1522378038305115,0.15223780383049573,0.1522378038304676,0.15223780383044988,0.1522378038304676,0.15223780383049573,0.1522378038305115,0.1522378038304847,0.1522378038304676,0.1522378038304847,0.1522378038305115,0.15223780383053667,0.1522378038305115,0.15223780383049573,0.1522378038305115,0.15223780383053667,0.15092409291080533,0.15092409291072892,0.15092409291068032,0.15092409291072892,0.15092409291080533,0.15092409291072892,0.1509240929106452,0.150924092910591,0.1509240929106452,0.15092409291072892,0.15092409291068032,0.150924092910591,0.15092409291053235,0.150924092910591,0.15092409291068032,0.15092409291072892,0.1509240929106452,0.150924092910591,0.1509240929106452,0.15092409291072892,0.15092409291080533,0.15092409291072892,0.15092409291068032,0.15092409291072892,0.15092409291080533,0.14963652305585085,0.1496365230556219,0.14963652305547384,0.1496365230556219,0.14963652305585085,0.1496365230556219,0.14963652305536096,0.14963652305518663,0.14963652305536096,0.1496365230556219,0.14963652305547384,0.14963652305518663,0.14963652305499467,0.14963652305518663,0.14963652305547384,0.1496365230556219,0.14963652305536096,0.14963652305518663,0.14963652305536096,0.1496365230556219,0.14963652305585085,0.1496365230556219,0.14963652305547384,0.1496365230556219,0.14963652305585085,0.14837453632235964,0.14837453632168876,0.14837453632124323,0.14837453632168876,0.14837453632235964,0.14837453632168876,0.14837453632088443,0.148374536320329,0.14837453632088443,0.14837453632168876,0.14837453632124323,0.148374536320329,0.14837453631968497,0.148374536320329,0.14837453632124323,0.14837453632168876,0.14837453632088443,0.148374536320329,0.14837453632088443,0.14837453632168876,0.14837453632235964,0.14837453632168876,0.14837453632124323,0.14837453632168876,0.14837453632235964,0.1471375821940607,0.14713758219215256,0.14713758219082976,0.14713758219215256,0.1471375821940607,0.14713758219215256,0.14713758218970818,0.14713758218790068,0.14713758218970818,0.14713758219215256,0.14713758219082976,0.14713758218790068,0.14713758218562525,0.14713758218790068,0.14713758219082976,0.14713758219215256,0.14713758218970818,0.14713758218790068,0.14713758218970818,0.14713758219215256,0.1471375821940607,0.14713758219215256,0.14713758219082976,0.14713758219215256,0.1471375821940607,0.14592511802060712,0.145925118015418,0.14592511801157498,0.145925118015418,0.14592511802060712,0.145925118015418,0.14592511800813765,0.14592511800212338,0.14592511800813765,0.145925118015418,0.14592511801157498,0.14592511800212338,0.1459251179934536,0.14592511800212338,0.14592511801157498,0.145925118015418,0.14592511800813765,0.14592511800212338,0.14592511800813765,0.145925118015418,0.14592511802060712,0.145925118015418,0.14592511801157498,0.145925118015418,0.14592511802060712,0.14473660939363037,0.14473660938051522,0.14473660936980395,0.14473660938051522,0.14473660939363037,0.14473660938051522,0.1447366093597078,0.1447366093393471,0.1447366093597078,0.14473660938051522,0.14473660936980395,0.1447366093393471,0.1447366093027513,0.1447366093393471,0.14473660936980395,0.14473660938051522,0.1447366093597078,0.1447366093393471,0.1447366093597078,0.14473660938051522,0.14473660939363037,0.14473660938051522,0.14473660936980395,0.14473660938051522,0.14473660939363037,0.14357153046694357,0.1435715304376951,0.14357153041032883,0.1435715304376951,0.14357153046694357,0.1435715304376951,0.14357153038325962,0.14357153031531447,0.14357153038325962,0.1435715304376951,0.14357153041032883,0.14357153031531447,0.14357153014078153,0.14357153031531447,0.14357153041032883,0.1435715304376951,0.14357153038325962,0.14357153031531447,0.14357153038325962,0.1435715304376951,0.14357153046694357,0.1435715304376951,0.14357153041032883,0.1435715304376951,0.14357153046694357,0.1424293642254104,0.14242936417365082,0.14242936411670742,0.14242936417365082,0.1424293642254104,0.14242936417365082,0.14242936405841058,0.14242936385929786,0.14242936405841058,0.14242936417365082,0.14242936411670742,0.14242936385929786,0.14242936291565222,0.14242936385929786,0.14242936411670742,0.14242936417365082,0.14242936405841058,0.14242936385929786,0.14242936405841058,0.14242936417365082,0.1424293642254104,0.14242936417365082,0.14242936411670742,0.14242936417365082,0.1424293642254104,0.14130960269425993,0.14130960263712797,0.1413096025740506,0.14130960263712797,0.14130960269425993,0.14130960263712797,0.14130960250910862,0.1413096022950329,0.14130960250910862,0.14130960263712797,0.1413096025740506,0.1413096022950329,0.14130960137603737,0.1413096022950329,0.1413096025740506,0.14130960263712797,0.14130960250910862,0.1413096022950329,0.14130960250910862,0.14130960263712797,0.14130960269425993,0.14130960263712797,0.1413096025740506,0.14130960263712797,0.14130960269425993,0.1402117470595884,0.1402117470173261,0.14021174696751348,0.1402117470173261,0.1402117470595884,0.1402117470173261,0.140211746915681,0.14021174672733458,0.140211746915681,0.1402117470173261,0.14021174696751348,0.14021174672733458,0.14021174579979964,0.14021174672733458,0.14021174696751348,0.1402117470173261,0.140211746915681,0.14021174672733458,0.140211746915681,0.1402117470173261,0.1402117470595884,0.1402117470173261,0.14021174696751348,0.1402117470173261,0.1402117470595884,0.13913530779064742,0.1391353077888897,0.13913530778485692,0.1391353077888897,0.13913530779064742,0.1391353077888897,0.13913530778018565,0.13913530775948185,0.13913530778018565,0.1391353077888897,0.13913530778485692,0.13913530775948185,0.13913530767632715,0.13913530775948185,0.13913530778485692,0.1391353077888897,0.13913530778018565,0.13913530775948185,0.13913530778018565,0.1391353077888897,0.13913530779064742,0.1391353077888897,0.13913530778485692,0.1391353077888897,0.13913530779064742,0.13807980472141076,0.13807980476836162,0.1380798048172045,0.13807980476836162,0.13807980472141076,0.13807980476836162,0.13807980486717897,0.13807980500829395,0.13807980486717897,0.13807980476836162,0.1380798048172045,0.13807980500829395,0.1380798054195262,0.13807980500829395,0.1380798048172045,0.13807980476836162,0.13807980486717897,0.13807980500829395,0.13807980486717897,0.13807980476836162,0.13807980472141076,0.13807980476836162,0.1380798048172045,0.13807980476836162,0.13807980472141076,0.13704476714676092,0.13704476723601494,0.13704476734594853,0.13704476723601494,0.13704476714676092,0.13704476723601494,0.13704476746035638,0.13704476791674372,0.13704476746035638,0.13704476723601494,0.13704476734594853,0.13704476791674372,0.13704477046240282,0.13704476791674372,0.13704476734594853,0.13704476723601494,0.13704476746035638,0.13704476791674372,0.13704476746035638,0.13704476723601494,0.13704476714676092,0.13704476723601494,0.13704476734594853,0.13704476723601494,0.13704476714676092,0.1360297338841752,0.13602973394766377,0.13602973401020657,0.13602973394766377,0.1360297338841752,0.13602973394766377,0.1360297340731211,0.13602973424188247,0.1360297340731211,0.13602973394766377,0.13602973401020657,0.13602973424188247,0.1360297347120192,0.13602973424188247,0.13602973401020657,0.13602973394766377,0.1360297340731211,0.13602973424188247,0.1360297340731211,0.13602973394766377,0.1360297338841752,0.13602973394766377,0.13602973401020657,0.13602973394766377,0.1360297338841752,0.1350342534067597,0.135034253446767,0.13503425347989467,0.135034253446767,0.1350342534067597,0.135034253446767,0.1350342535114014,0.1350342535756917,0.1350342535114014,0.135034253446767,0.13503425347989467,0.1350342535756917,0.1350342536929085,0.1350342535756917,0.13503425347989467,0.135034253446767,0.1350342535114014,0.1350342535756917,0.1350342535114014,0.135034253446767,0.1350342534067597,0.135034253446767,0.13503425347989467,0.135034253446767,0.1350342534067597
0.1653324875100721,0.1653324875100721,0.1653324875100721,0.1653324875100721,0.1653324875100721,0.1653324875100721,0.1653324875100721,0.1653324875100721,0.1653324875100721,0.1653324875100721,0.1653324875100721,0.1653324875100721,0.1653324875100721,0.1653324875100721,0.1653324875100721,0.1653324875100721,0.1653324875100721,0.1653324875100721,0.1653324875100721,0.1653324875100721,0.1653324875100721,0.1653324875100721,0.1653324875100721,0.1653324875100721,0.1653324875100721,0.16375749379677834,0.16375749379677834,0.16375749379677834,0.16375749379677834,0.16375749379677834,0.16375749379677834,0.16375749379677834,0.16375749379677834,0.16375749379677834,0.16375749379677834,0.16375749379677834,0.16375749379677834,0.16375749379677834,0.16375749379677834,0.16375749379677834,0.16375749379677834,0.16375749379677834,0.16375749379677834,0.16375749379677834,0.16375749379677834,0.16375749379677834,0.16375749379677834,0.16375749379677834,0.16375749379677834,0.16375749379677834,0.16221388401529435,0.16221388401529435,0.16221388401529435,0.16221388401529435,0.16221388401529435,0.16221388401529435,0.16221388401529435,0.16221388401529435,0.16221388401529435,0.16221388401529435,0.16221388401529435,0.16221388401529435,0.16221388401529435,0.16221388401529435,0.16221388401529435,0.16221388401529435,0.16221388401529435,0.16221388401529435,0.16221388401529435,0.16221388401529435,0.16221388401529435,0.16221388401529435,0.16221388401529435,0.16221388401529435,0.16221388401529435,0.16070106712266058,0.16070106712266036,0.16070106712266036,0.16070106712266036,0.16070106712266058,0.16070106712266036,0.16070106712266036,0.16070106712266036,0.16070106712266036,0.16070106712266036,0.16070106712266036,0.16070106712266036,0.16070106712266036,0.16070106712266036,0.16070106712266036,0.16070106712266036,0.16070106712266036,0.16070106712266036,0.16070106712266036,0.16070106712266036,0.16070106712266058,0.16070106712266036,0.16070106712266036,0.16070106712266036,0.16070106712266036,0.15921845149385533,0.1592184514938551,0.1592184514938551,0.1592184514938551,0.15921845149385533,0.1592184514938551,0.1592184514938551,0.1592184514938551,0.1592184514938551,0.1592184514938551,0.1592184514938551,0.1592184514938551,0.15921845149385488,0.1592184514938551,0.1592184514938551,0.1592184514938551,0.1592184514938551,0.1592184514938551,0.1592184514938551,0.1592184514938551,0.15921845149385533,0.1592184514938551,0.1592184514938551,0.1592184514938551,0.15921845149385533,0.15776544627364603,0.15776544627364583,0.1577654462736456,0.15776544627364583,0.15776544627364603,0.15776544627364583,0.1577654462736456,0.15776544627364542,0.1577654462736456,0.15776544627364583,0.1577654462736456,0.15776544627364542,0.15776544627364517,0.15776544627364542,0.1577654462736456,0.15776544627364583,0.1577654462736456,0.15776544627364542,0.1577654462736456,0.15776544627364583,0.15776544627364603,0.15776544627364583,0.1577654462736456,0.15776544627364583,0.15776544627364603,0.15634146259091236,0.15634146259091153,0.1563414625909111,0.15634146259091153,0.15634146259091236,0.15634146259091153,0.1563414625909107,0.15634146259091025,0.1563414625909107,0.15634146259091153,0.1563414625909111,0.15634146259091025,0.15634146259090964,0.15634146259091025,0.1563414625909111,0.15634146259091153,0.1563414625909107,0.15634146259091025,0.1563414625909107,0.15634146259091153,0.15634146259091236,0.15634146259091153,0.1563414625909111,0.15634146259091153,0.15634146259091236,0.1549459146457068,0.15494591464570415,0.1549459146457025,0.15494591464570415,0.1549459146457068,0.15494591464570415,0.15494591464570148,0.15494591464569984,0.15494591464570148,0.15494591464570415,0.1549459146457025,0.15494591464569984,0.15494591464569799,0.15494591464569984,0.1549459146457025,0.15494591464570415,0.15494591464570148,0.15494591464569984,0.15494591464570148,0.15494591464570415,0.1549459146457068,0.15494591464570415,0.1549459146457025,0.15494591464570415,0.1549459146457068,0.15357822067876117,0.15357822067875293,0.1535782206787479,0.15357822067875293,0.15357822067876117,0.15357822067875293,0.1535782206787445,0.15357822067873927,0.1535782206787445,0.15357822067875293,0.1535782206787479,0.15357822067873927,0.15357822067873364,0.15357822067873927,0.1535782206787479,0.15357822067875293,0.1535782206787445,0.15357822067873927,0.1535782206787445,0.15357822067875293,0.15357822067876117,0.15357822067875293,0.1535782206787479,0.15357822067875293,0.15357822067876117,0.15223780383259344,0.1522378038325685,0.15223780383255273,0.1522378038325685,0.15223780383259344,0.1522378038325685,0.15223780383254187,0.15223780383252516,0.15223780383254187,0.1522378038325685,0.15223780383255273,0.15223780383252516,0.15223780383250743,0.15223780383252516,0.15223780383255273,0.1522378038325685,0.15223780383254187,0.15223780383252516,0.15223780383254187,0.1522378038325685,0.15223780383259344,0.1522378038325685,0.15223780383255273,0.1522378038325685,0.15223780383259344,0.15092409291283101,0.1509240929127552,0.15092409291270695,0.1509240929127552,0.15092409291283101,0.1509240929127552,0.15092409291267223,0.1509240929126186,0.15092409291267223,0.1509240929127552,0.15092409291270695,0.1509240929126186,0.1509240929125605,0.1509240929126186,0.15092409291270695,0.1509240929127552,0.15092409291267223,0.1509240929126186,0.15092409291267223,0.1509240929127552,0.15092409291283101,0.1509240929127552,0.15092409291270695,0.1509240929127552,0.15092409291283101,0.1496365230578453,0.1496365230576184,0.1496365230574715,0.1496365230576184,0.1496365230578453,0.1496365230576184,0.14963652305735994,0.1496365230571871,0.14963652305735994,0.1496365230576184,0.1496365230574715,0.1496365230571871,0.1496365230569969,0.1496365230571871,0.1496365230574715,0.1496365230576184,0.14963652305735994,0.1496365230571871,0.14963652305735994,0.1496365230576184,0.1496365230578453,0.1496365230576184,0.1496365230574715,0.1496365230576184,0.1496365230578453,0.14837453632432027,0.1483745363236553,0.14837453632321346,0.1483745363236553,0.14837453632432027,0.1483745363236553,0.14837453632285783,0.1483745363223074,0.14837453632285783,0.1483745363236553,0.14837453632321346,0.1483745363223074,0.14837453632166892,0.1483745363223074,0.14837453632321346,0.1483745363236553,0.14837453632285783,0.1483745363223074,0.14837453632285783,0.1483745363236553,0.14837453632432027,0.1483745363236553,0.14837453632321346,0.1483745363236553,0.14837453632432027,0.147137582195977,0.14713758219408485,0.1471375821927733,0.14713758219408485,0.147137582195977,0.14713758219408485,0.14713758219166154,0.14713758218987022,0.14713758219166154,0.14713758219408485,0.1471375821927733,0.14713758218987022,0.14713758218761566,0.14713758218987022,0.1471375821927733,0.14713758219408485,0.14713758219166154,0.14713758218987022,0.14713758219166154,0.14713758219408485,0.147137582195977,0.14713758219408485,0.1471375821927733,0.14713758219408485,0.147137582195977,0.14592511802244723,0.1459251180173003,0.14592511801348973,0.1459251180173003,0.14592511802244723,0.1459251180173003,0.14592511801008196,0.1459251180041216,0.14592511801008196,0.1459251180173003,0.14592511801348973,0.1459251180041216,0.14592511799553393,0.1459251180041216,0.14592511801348973,0.1459251180173003,0.14592511801008196,0.1459251180041216,0.14592511801008196,0.1459251180173003,0.14592511802244723,0.1459251180173003,0.14592511801348973,0.1459251180173003,0.14592511802244723,0.14473660939530691,0.14473660938229405,0.14473660937167093,0.14473660938229405,0.14473660939530691,0.14473660938229405,0.14473660936166016,0.1447366093414834,0.14473660936166016,0.14473660938229405,0.14473660937167093,0.1447366093414834,0.14473660930524582,0.1447366093414834,0.14473660937167093,0.14473660938229405,0.14473660936166016,0.1447366093414834,0.14473660936166016,0.14473660938229405,0.14473660939530691,0.14473660938229405,0.14473660937167093,0.14473660938229405,0.14473660939530691,0.14357153046824456,0.14357153043920468,0.14357153041205264,0.14357153043920468,0.14357153046824456,0.14357153043920468,0.14357153038520107,0.1435715303178654,0.14357153038520107,0.14357153043920468,0.14357153041205264,0.1435715303178654,0.14357153014510196,0.1435715303178654,0.14357153041205264,0.14357153043920468,0.14357153038520107,0.1435715303178654,0.14357153038520107,0.14357153043920468,0.14357153046824456,0.14357153043920468,0.14357153041205264,0.14357153043920468,0.14357153046824456,0.14242936422589939,0.14242936417443625,0.14242936411787396,0.14242936417443625,0.14242936422589939,0.14242936417443625,0.14242936405997603,0.14242936386254182,0.14242936405997603,0.14242936417443625,0.14242936411787396,0.14242936386254182,0.14242936292877761,0.14242936386254182,0.14242936411787396,0.14242936417443625,0.14242936405997603,0.14242936386254182,0.14242936405997603,0.14242936417443625,0.14242936422589939,0.14242936417443625,0.14242936411787396,0.14242936417443625,0.14242936422589939,0.14130960269331344,0.14130960263628592,0.1413096025732942,0.14130960263628592,0.14130960269331344,0.14130960263628592,0.14130960250843663,0.1413096022944403,0.14130960250843663,0.14130960263628592,0.1413096025732942,0.1413096022944403,0.14130960137432366,0.1413096022944403,0.14130960257329403,0.14130960263628592,0.14130960250843663,0.1413096022944403,0.14130960250843663,0.14130960263628592,0.14130960269331344,0.14130960263628592,0.14130960257329403,0.14130960263628592,0.14130960269331344,0.14021174705696982,0.14021174701467787,0.1402117469648154,0.14021174701467787,0.14021174705696982,0.14021174701467787,0.14021174691292923,0.14021174672432335,0.14021174691292923,0.14021174701467787,0.1402117469648154,0.14021174672432335,0.14021174579530085,0.14021174672432335,0.1402117469648154,0.14021174701467787,0.14021174691292923,0.14021174672432335,0.14021174691292923,0.14021174701467787,0.14021174705696982,0.14021174701467787,0.1402117469648154,0.14021174701467787,0.14021174705696982,0.13913530778639405,0.13913530778453656,0.13913530778041047,0.13913530778453656,0.13913530778639405,0.13913530778453656,0.1391353077756461,0.13913530775472013,0.1391353077756461,0.13913530778453656,0.13913530778041047,0.13913530775472013,0.13913530767104829,0.13913530775472013,0.13913530778041047,0.13913530778453656,0.1391353077756461,0.13913530775472013,0.1391353077756461,0.13913530778453656,0.13913530778639405,0.13913530778453656,0.13913530778041047,0.13913530778453656,0.13913530778639405,0.138079804715704,0.1380798047624628,0.138079804811116,0.1380798047624628,0.138079804715704,0.1380798047624628,0.13807980486089902,0.13807980500150438,0.13807980486089902,0.1380798047624628,0.138079804811116,0.13807980500150438,0.13807980541134113,0.13807980500150438,0.138079804811116,0.1380798047624628,0.13807980486089902,0.13807980500150438,0.13807980486089902,0.1380798047624628,0.138079804715704,0.1380798047624628,0.138079804811116,0.1380798047624628,0.138079804715704,0.1370447671399728,0.1370447672289372,0.1370447673385238,0.1370447672289372,0.1370447671399728,0.1370447672289372,0.13704476745257269,0.13704476790755946,0.13704476745257269,0.1370447672289372,0.1370447673385238,0.13704476790755946,0.13704477044550356,0.13704476790755946,0.1370447673385238,0.1370447672289372,0.13704476745257269,0.13704476790755946,0.13704476745257269,0.1370447672289372,0.1370447671399728,0.1370447672289372,0.1370447673385238,0.1370447672289372,0.1370447671399728,0.13602973387688358,0.13602973394017265,0.13602973400252133,0.13602973394017265,0.13602973387688358,0.13602973394017265,0.13602973406524155,0.1360297342334863,0.13602973406524155,0.13602973394017265,0.13602973400252133,0.1360297342334863,0.1360297347021958,0.1360297342334863,0.13602973400252133,0.13602973394017265,0.13602973406524155,0.1360297342334863,0.13602973406524155,0.13602973394017265,0.13602973387688358,0.13602973394017265,0.13602973400252133,0.13602973394017265,0.13602973387688358,0.13503425339936265,0.13503425343924566,0.13503425347227094,0.13503425343924566,0.13503425339936265,0.13503425343924566,0.13503425350368073,0.13503425356777402,0.13503425350368073,0.13503425343924566,0.13503425347227094,0.13503425356777402,0.13503425368463398,0.13503425356777402,0.13503425347227094,0.13503425343924566,0.13503425350368073,0.13503425356777402,0.13503425350368073,0.13503425343924566,0.13503425339936265,0.13503425343924566,0.13503425347227094,0.13503425343924566,0.13503425339936265
0.16533248751260757,0.16533248751260757,0.16533248751260757,0.16533248751260757,0.16533248751260757,0.16533248751260757,0.16533248751260757,0.16533248751260757,0.16533248751260757,0.16533248751260757,0.16533248751260757,0.16533248751260757,0.16533248751260757,0.16533248751260757,0.16533248751260757,0.16533248751260757,0.16533248751260757,0.16533248751260757,0.16533248751260757,0.16533248751260757,0.16533248751260757,0.16533248751260757,0.16533248751260757,0.16533248751260757,0.16533248751260757,0.16375749379926444,0.16375749379926444,0.16375749379926444,0.16375749379926444,0.16375749379926444,0.16375749379926444,0.16375749379926444,0.16375749379926444,0.16375749379926444,0.16375749379926444,0.16375749379926444,0.16375749379926444,0.16375749379926444,0.16375749379926444,0.16375749379926444,0.16375749379926444,0.16375749379926444,0.16375749379926444,0.16375749379926444,0.16375749379926444,0.16375749379926444,0.16375749379926444,0.16375749379926444,0.16375749379926444,0.16375749379926444,0.16221388401773268,0.16221388401773268,0.16221388401773268,0.16221388401773268,0.16221388401773268,0.16221388401773268,0.16221388401773268,0.16221388401773268,0.16221388401773268,0.16221388401773268,0.16221388401773268,0.16221388401773268,0.16221388401773268,0.16221388401773268,0.16221388401773268,0.16221388401773268,0.16221388401773268,0.16221388401773268,0.16221388401773268,0.16221388401773268,0.16221388401773268,0.16221388401773268,0.16221388401773268,0.16221388401773268,0.16221388401773268,0.16070106712505317,0.16070106712505317,0.16070106712505317,0.16070106712505317,0.16070106712505317,0.16070106712505317,0.16070106712505317,0.16070106712505317,0.16070106712505317,0.16070106712505317,0.16070106712505317,0.16070106712505317,0.16070106712505317,0.16070106712505317,0.16070106712505317,0.16070106712505317,0.16070106712505317,0.16070106712505317,0.16070106712505317,0.16070106712505317,0.16070106712505317,0.16070106712505317,0.16070106712505317,0.16070106712505317,0.16070106712505317,0.15921845149620428,0.15921845149620403,0.15921845149620403,0.15921845149620403,0.15921845149620428,0.15921845149620403,0.15921845149620403,0.1592184514962038,0.15921845149620403,0.15921845149620403,0.15921845149620403,0.1592184514962038,0.1592184514962038,0.1592184514962038,0.15921845149620403,0.15921845149620403,0.15921845149620403,0.1592184514962038,0.15921845149620403,0.15921845149620403,0.15921845149620428,0.15921845149620403,0.15921845149620403,0.15921845149620403,0.15921845149620428,0.15776544627595318,0.15776544627595276,0.15776544627595276,0.15776544627595276,0.15776544627595318,0.15776544627595276,0.15776544627595254,0.15776544627595235,0.15776544627595254,0.15776544627595276,0.15776544627595276,0.15776544627595235,0.1577654462759521,0.15776544627595235,0.15776544627595276,0.15776544627595276,0.15776544627595254,0.15776544627595235,0.15776544627595254,0.15776544627595276,0.15776544627595318,0.15776544627595276,0.15776544627595276,0.15776544627595276,0.15776544627595318,0.1563414625931795,0.15634146259317866,0.15634146259317802,0.15634146259317866,0.1563414625931795,0.15634146259317866,0.1563414625931778,0.1563414625931772,0.1563414625931778,0.15634146259317866,0.15634146259317802,0.1563414625931772,0.15634146259317677,0.1563414625931772,0.15634146259317802,0.15634146259317866,0.1563414625931778,0.1563414625931772,0.1563414625931778,0.15634146259317866,0.1563414625931795,0.15634146259317866,0.15634146259317802,0.15634146259317866,0.1563414625931795,0.15494591464793564,0.1549459146479332,0.1549459146479316,0.1549459146479332,0.15494591464793564,0.1549459146479332,0.15494591464793053,0.1549459146479287,0.15494591464793053,0.1549459146479332,0.1549459146479316,0.1549459146479287,0.15494591464792704,0.1549459146479287,0.1549459146479316,0.1549459146479332,0.15494591464793053,0.1549459146479287,0.15494591464793053,0.1549459146479332,0.15494591464793564,0.1549459146479332,0.1549459146479316,0.1549459146479332,0.15494591464793564,0.15357822068095356,0.15357822068094554,0.1535782206809405,0.15357822068094554,0.15357822068095356,0.15357822068094554,0.1535782206809373,0.15357822068093188,0.1535782206809373,0.15357822068094554,0.1535782206809405,0.15357822068093188,0.15357822068092644,0.15357822068093188,0.1535782206809405,0.15357822068094554,0.1535782206809373,0.15357822068093188,0.1535782206809373,0.15357822068094554,0.15357822068095356,0.15357822068094554,0.1535782206809405,0.15357822068094554,0.15357822068095356,0.15223780383475122,0.1522378038347266,0.15223780383471106,0.1522378038347266,0.15223780383475122,0.1522378038347266,0.1522378038347002,0.15223780383468372,0.1522378038347002,0.1522378038347266,0.15223780383471106,0.15223780383468372,0.15223780383466617,0.15223780383468372,0.15223780383471106,0.1522378038347266,0.1522378038347002,0.15223780383468372,0.1522378038347002,0.1522378038347266,0.15223780383475122,0.1522378038347266,0.15223780383471106,0.1522378038347266,0.15223780383475122,0.15092409291495526,0.15092409291488018,0.15092409291483255,0.15092409291488018,0.15092409291495526,0.15092409291488018,0.15092409291479822,0.15092409291474496,0.15092409291479822,0.15092409291488018,0.15092409291483255,0.15092409291474496,0.15092409291468767,0.15092409291474496,0.15092409291483255,0.15092409291488018,0.15092409291479822,0.15092409291474496,0.15092409291479822,0.15092409291488018,0.15092409291495526,0.15092409291488018,0.15092409291483255,0.15092409291488018,0.15092409291495526,0.14963652305993622,0.1496365230597116,0.14963652305956598,0.1496365230597116,0.14963652305993622,0.1496365230597116,0.14963652305945574,0.14963652305928443,0.14963652305945574,0.1496365230597116,0.14963652305956598,0.14963652305928443,0.14963652305909592,0.14963652305928443,0.14963652305956598,0.1496365230597116,0.14963652305945574,0.14963652305928443,0.14963652305945574,0.1496365230597116,0.14963652305993622,0.1496365230597116,0.14963652305956598,0.1496365230597116,0.14963652305993622,0.148374536326375,0.14837453632571598,0.14837453632527842,0.14837453632571598,0.148374536326375,0.14837453632571598,0.14837453632492592,0.1483745363243807,0.14837453632492592,0.14837453632571598,0.14837453632527842,0.1483745363243807,0.1483745363237485,0.1483745363243807,0.14837453632527842,0.14837453632571598,0.14837453632492592,0.1483745363243807,0.14837453632492592,0.14837453632571598,0.148374536326375,0.14837453632571598,0.14837453632527842,0.14837453632571598,0.1483745363263752,0.14713758219798448,0.14713758219610906,0.1471375821948095,0.14713758219610906,0.14713758219798448,0.14713758219610906,0.14713758219370793,0.14713758219193349,0.14713758219370793,0.14713758219610906,0.1471375821948095,0.14713758219193349,0.1471375821897011,0.14713758219193349,0.1471375821948095,0.14713758219610906,0.14713758219370793,0.14713758219193349,0.14713758219370793,0.14713758219610906,0.14713758219798448,0.14713758219610906,0.1471375821948095,0.14713758219610906,0.14713758219798448,0.14592511802437372,0.1459251180192711,0.14592511801549454,0.1459251180192711,0.14592511802437372,0.1459251180192711,0.1459251180121181,0.14592511800621458,0.1459251180121181,0.1459251180192711,0.14592511801549454,0.14592511800621458,0.14592511799771343,0.14592511800621458,0.14592511801549454,0.1459251180192711,0.1459251180121181,0.14592511800621458,0.1459251180121181,0.1459251180192711,0.14592511802437372,0.1459251180192711,0.14592511801549454,0.1459251180192711,0.14592511802437372,0.14473660939706076,0.14473660938415508,0.14473660937362504,0.14473660938415508,0.14473660939706076,0.14473660938415508,0.1447366093637041,0.14473660934372096,0.1447366093637041,0.14473660938415508,0.14473660937362504,0.14473660934372096,0.14473660930786075,0.14473660934372096,0.14473660937362504,0.14473660938415508,0.1447366093637041,0.14473660934372096,0.1447366093637041,0.14473660938415508,0.14473660939706076,0.14473660938415508,0.14473660937362504,0.14473660938415508,0.14473660939706076,0.1435715304696022,0.1435715304407818,0.14357153041385495,0.1435715304407818,0.1435715304696022,0.1435715304407818,0.1435715303872327,0.14357153032053888,0.1435715303872327,0.1435715304407818,0.14357153041385495,0.14357153032053888,0.1435715301496397,0.14357153032053888,0.14357153041385495,0.1435715304407818,0.1435715303872327,0.14357153032053888,0.1435715303872327,0.1435715304407818,0.1435715304696022,0.1435715304407818,0.14357153041385495,0.1435715304407818,0.1435715304696022,0.14242936422640232,0.14242936417525034,0.14242936411908882,0.14242936417525034,0.14242936422640232,0.14242936417525034,0.14242936406161014,0.14242936386594282,0.14242936406161014,0.14242936417525034,0.14242936411908882,0.14242936386594282,0.14242936294256536,0.14242936386594282,0.14242936411908882,0.14242936417525034,0.14242936406161014,0.14242936386594282,0.14242936406161014,0.14242936417525034,0.14242936422640232,0.14242936417525034,0.14242936411908882,0.14242936417525034,0.14242936422640232,0.14130960269230658,0.14130960263538694,0.14130960257248273,0.14130960263538694,0.14130960269230658,0.14130960263538694,0.1413096025077115,0.14130960229378872,0.1413096025077115,0.14130960263538694,0.14130960257248273,0.14130960229378872,0.14130960137247572,0.14130960229378872,0.14130960257248273,0.14130960263538694,0.1413096025077115,0.14130960229378872,0.1413096025077115,0.14130960263538694,0.14130960269230658,0.14130960263538694,0.14130960257248273,0.14130960263538694,0.14130960269230658,0.14021174705420963,0.14021174701188366,0.14021174696196576,0.14021174701188366,0.14021174705420963,0.14021174701188366,0.14021174691001925,0.14021174672112716,0.14021174691001925,0.14021174701188366,0.14021174696196576,0.14021174672112716,0.14021174579044163,0.14021174672112716,0.14021174696196576,0.14021174701188366,0.14021174691001925,0.14021174672112716,0.14021174691001925,0.14021174701188366,0.14021174705420963,0.14021174701188366,0.14021174696196576,0.14021174701188366,0.14021174705420963,0.13913530778192518,0.1391353077799616,0.13913530777573638,0.1391353077799616,0.13913530778192518,0.1391353077799616,0.13913530777087316,0.13913530774971022,0.13913530777087316,0.1391353077799616,0.13913530777573638,0.13913530774971022,0.1391353076654845,0.13913530774971022,0.13913530777573638,0.1391353077799616,0.13913530777087316,0.13913530774971022,0.13913530777087316,0.1391353077799616,0.13913530778192518,0.1391353077799616,0.13913530777573638,0.1391353077799616,0.13913530778192518,0.13807980470971926,0.13807980475627754,0.13807980480473234,0.13807980475627754,0.13807980470971926,0.13807980475627754,0.13807980485431504,0.13807980499438827,0.13807980485431504,0.13807980475627754,0.13807980480473234,0.13807980499438827,0.13807980540276948,0.13807980499438827,0.13807980480473234,0.13807980475627754,0.13807980485431504,0.13807980499438827,0.13807980485431504,0.13807980475627754,0.13807980470971926,0.13807980475627754,0.13807980480473234,0.13807980475627754,0.13807980470971926,0.13704476713286187,0.1370447672215243,0.13704476733074958,0.1370447672215243,0.13704476713286187,0.1370447672215243,0.13704476744442454,0.13704476789795328,0.13704476744442454,0.1370447672215243,0.13704476733074958,0.13704476789795328,0.1370447704278736,0.13704476789795328,0.13704476733074958,0.1370447672215243,0.13704476744442454,0.13704476789795328,0.13704476744442454,0.1370447672215243,0.13704476713286187,0.1370447672215243,0.13704476733074958,0.1370447672215243,0.13704476713286187,0.1360297338692489,0.13602973393233028,0.13602973399447674,0.13602973393233028,0.1360297338692489,0.13602973393233028,0.13602973405699448,0.13602973422470152,0.13602973405699448,0.13602973393233028,0.13602973399447674,0.13602973422470152,0.13602973469192522,0.13602973422470152,0.13602973399447674,0.13602973393233028,0.13602973405699448,0.13602973422470152,0.13602973405699448,0.13602973393233028,0.1360297338692489,0.13602973393233028,0.13602973399447674,0.13602973393233028,0.1360297338692489,0.13503425339161856,0.13503425343137215,0.13503425346429082,0.13503425343137215,0.13503425339161856,0.13503425343137215,0.13503425349559972,0.13503425355948812,0.13503425349559972,0.13503425343137215,0.13503425346429082,0.13503425355948812,0.13503425367597646,0.13503425355948812,0.13503425346429082,0.13503425343137215,0.13503425349559972,0.13503425355948812,0.13503425349559972,0.13503425343137215,0.13503425339161856,0.13503425343137215,0.13503425346429082,0.13503425343137215,0.13503425339161856
0.16533248751526264,0.16533248751526264,0.16533248751526264,0.16533248751526264,0.16533248751526264,0.16533248751526264,0.16533248751526264,0.16533248751526264,0.16533248751526264,0.16533248751526264,0.16533248751526264,0.16533248751526264,0.16533248751526264,0.16533248751526264,0.16533248751526264,0.16533248751526264,0.16533248751526264,0.16533248751526264,0.16533248751526264,0.16533248751526264,0.16533248751526264,0.16533248751526264,0.16533248751526264,0.16533248751526264,0.16533248751526264,0.1637574938018678,0.1637574938018678,0.1637574938018678,0.1637574938018678,0.1637574938018678,0.1637574938018678,0.1637574938018678,0.1637574938018678,0.1637574938018678,0.1637574938018678,0.1637574938018678,0.1637574938018678,0.1637574938018678,0.1637574938018678,0.1637574938018678,0.1637574938018678,0.1637574938018678,0.1637574938018678,0.1637574938018678,0.1637574938018678,0.1637574938018678,0.1637574938018678,0.1637574938018678,0.1637574938018678,0.1637574938018678,0.16221388402028622,0.16221388402028622,0.16221388402028622,0.16221388402028622,0.16221388402028622,0.16221388402028622,0.16221388402028622,0.16221388402028622,0.16221388402028622,0.16221388402028622,0.16221388402028622,0.16221388402028622,0.16221388402028622,0.16221388402028622,0.16221388402028622,0.16221388402028622,0.16221388402028622,0.16221388402028622,0.16221388402028622,0.16221388402028622,0.16221388402028622,0.16221388402028622,0.16221388402028622,0.16221388402028622,0.16221388402028622,0.16070106712755883,0.16070106712755883,0.16070106712755883,0.16070106712755883,0.16070106712755883,0.16070106712755883,0.1607010671275586,0.1607010671275586,0.1607010671275586,0.16070106712755883,0.16070106712755883,0.1607010671275586,0.1607010671275586,0.1607010671275586,0.16070106712755883,0.16070106712755883,0.1607010671275586,0.1607010671275586,0.1607010671275586,0.16070106712755883,0.16070106712755883,0.16070106712755883,0.16070106712755883,0.16070106712755883,0.16070106712755883,0.15921845149866362,0.15921845149866362,0.15921845149866362,0.15921845149866362,0.15921845149866362,0.15921845149866362,0.1592184514986634,0.1592184514986634,0.1592184514986634,0.15921845149866362,0.15921845149866362,0.1592184514986634,0.1592184514986634,0.1592184514986634,0.15921845149866362,0.15921845149866362,0.1592184514986634,0.1592184514986634,0.1592184514986634,0.15921845149866362,0.15921845149866362,0.15921845149866362,0.15921845149866362,0.15921845149866362,0.15921845149866362,0.1577654462783685,0.15776544627836808,0.15776544627836808,0.15776544627836808,0.1577654462783685,0.15776544627836808,0.1577654462783679,0.15776544627836767,0.1577654462783679,0.15776544627836808,0.15776544627836808,0.15776544627836767,0.15776544627836744,0.15776544627836767,0.1577654462783679,0.15776544627836808,0.1577654462783679,0.15776544627836767,0.1577654462783679,0.15776544627836808,0.1577654462783685,0.15776544627836808,0.1577654462783679,0.15776544627836808,0.1577654462783685,0.15634146259555265,0.1563414625955518,0.15634146259555118,0.1563414625955518,0.15634146259555265,0.1563414625955518,0.15634146259555076,0.15634146259555035,0.15634146259555076,0.1563414625955518,0.15634146259555118,0.15634146259555035,0.1563414625955497,0.15634146259555035,0.15634146259555118,0.1563414625955518,0.15634146259555076,0.15634146259555035,0.15634146259555076,0.1563414625955518,0.15634146259555265,0.1563414625955518,0.15634146259555118,0.1563414625955518,0.15634146259555265,0.15494591465026838,0.15494591465026594,0.1549459146502643,0.15494591465026594,0.15494591465026838,0.15494591465026594,0.15494591465026328,0.15494591465026164,0.15494591465026328,0.15494591465026594,0.1549459146502643,0.15494591465026164,0.15494591465025978,0.15494591465026164,0.1549459146502643,0.15494591465026594,0.15494591465026328,0.15494591465026164,0.15494591465026328,0.15494591465026594,0.15494591465026838,0.15494591465026594,0.1549459146502643,0.15494591465026594,0.15494591465026838,0.15357822068324778,0.15357822068323995,0.15357822068323493,0.15357822068323995,0.15357822068324778,0.15357822068323995,0.15357822068323151,0.1535782206832263,0.15357822068323151,0.15357822068323995,0.15357822068323493,0.1535782206832263,0.15357822068322088,0.1535782206832263,0.15357822068323493,0.15357822068323995,0.15357822068323151,0.1535782206832263,0.15357822068323151,0.15357822068323995,0.15357822068324778,0.15357822068323995,0.15357822068323493,0.15357822068323995,0.15357822068324778,0.15223780383700855,0.15223780383698415,0.15223780383696878,0.15223780383698415,0.15223780383700855,0.15223780383698415,0.15223780383695817,0.15223780383694163,0.15223780383695817,0.15223780383698415,0.15223780383696878,0.15223780383694163,0.1522378038369243,0.15223780383694163,0.15223780383696878,0.15223780383698415,0.15223780383695817,0.15223780383694163,0.15223780383695817,0.15223780383698415,0.15223780383700855,0.15223780383698415,0.15223780383696878,0.15223780383698415,0.15223780383700855,0.1509240929171769,0.15092409291710263,0.15092409291705536,0.15092409291710263,0.1509240929171769,0.15092409291710263,0.1509240929170214,0.15092409291696893,0.1509240929170214,0.15092409291710263,0.15092409291705536,0.15092409291696893,0.1509240929169122,0.15092409291696893,0.15092409291705536,0.15092409291710263,0.1509240929170214,0.15092409291696893,0.1509240929170214,0.15092409291710263,0.1509240929171769,0.15092409291710263,0.15092409291705536,0.15092409291710263,0.1509240929171769,0.14963652306212238,0.14963652306189984,0.14963652306175576,0.14963652306189984,0.14963652306212238,0.14963652306189984,0.14963652306164665,0.14963652306147723,0.14963652306164665,0.14963652306189984,0.14963652306175576,0.14963652306147723,0.14963652306129063,0.14963652306147723,0.14963652306175576,0.14963652306189984,0.14963652306164665,0.14963652306147723,0.14963652306164665,0.14963652306189984,0.14963652306212238,0.14963652306189984,0.14963652306175576,0.14963652306189984,0.14963652306212238,0.1483745363285226,0.1483745363278699,0.14837453632743658,0.1483745363278699,0.1483745363285228,0.1483745363278699,0.1483745363270876,0.14837453632654776,0.1483745363270876,0.1483745363278699,0.14837453632743658,0.14837453632654776,0.14837453632592204,0.14837453632654776,0.14837453632743658,0.1483745363278699,0.1483745363270876,0.14837453632654776,0.1483745363270876,0.1483745363278699,0.1483745363285228,0.1483745363278699,0.14837453632743658,0.1483745363278699,0.1483745363285228,0.14713758220008188,0.1471375821982239,0.14713758219693668,0.1471375821982239,0.14713758220008188,0.1471375821982239,0.1471375821958462,0.1471375821940894,0.1471375821958462,0.1471375821982239,0.14713758219693668,0.1471375821940894,0.14713758219188008,0.1471375821940894,0.14713758219693668,0.1471375821982239,0.1471375821958462,0.1471375821940894,0.1471375821958462,0.1471375821982239,0.14713758220008188,0.1471375821982239,0.14713758219693668,0.1471375821982239,0.14713758220008188,0.14592511802638533,0.14592511802132938,0.1459251180175886,0.14592511802132938,0.14592511802638533,0.14592511802132938,0.1459251180142449,0.145925118008401,0.1459251180142449,0.14592511802132938,0.1459251180175886,0.145925118008401,0.1459251179999905,0.145925118008401,0.1459251180175886,0.14592511802132938,0.1459251180142449,0.145925118008401,0.1459251180142449,0.14592511802132938,0.14592511802638533,0.14592511802132938,0.1459251180175886,0.14592511802132938,0.14592511802638533,0.1447366093988906,0.14473660938609748,0.14473660937566482,0.14473660938609748,0.1447366093988906,0.14473660938609748,0.14473660936583835,0.14473660934605856,0.14473660936583835,0.14473660938609748,0.14473660937566482,0.14473660934605856,0.14473660931059437,0.14473660934605856,0.14473660937566482,0.14473660938609748,0.14473660936583835,0.14473660934605856,0.14473660936583835,0.14473660938609748,0.1447366093988906,0.14473660938609748,0.14473660937566482,0.14473660938609748,0.1447366093988906,0.14357153047101573,0.14357153044242532,0.1435715304157348,0.14357153044242532,0.14357153047101573,0.14357153044242532,0.14357153038935297,0.1435715303233328,0.14357153038935297,0.14357153044242532,0.1435715304157348,0.1435715303233328,0.14357153015439134,0.1435715303233328,0.1435715304157348,0.14357153044242532,0.14357153038935297,0.1435715303233328,0.14357153038935297,0.14357153044242532,0.14357153047101573,0.14357153044242532,0.1435715304157348,0.14357153044242532,0.14357153047101573,0.142429364226919,0.1424293641760928,0.14242936412035098,0.1424293641760928,0.142429364226919,0.1424293641760928,0.14242936406331197,0.14242936386949848,0.14242936406331197,0.1424293641760928,0.14242936412035098,0.14242936386949848,0.1424293629570301,0.14242936386949848,0.14242936412035098,0.1424293641760928,0.14242936406331197,0.14242936386949848,0.14242936406331197,0.1424293641760928,0.142429364226919,0.1424293641760928,0.14242936412035098,0.1424293641760928,0.142429364226919,0.14130960269124102,0.14130960263443224,0.14130960257161732,0.14130960263443224,0.14130960269124102,0.14130960263443224,0.1413096025069339,0.14130960229307968,0.1413096025069339,0.14130960263443224,0.14130960257161732,0.14130960229307968,0.14130960137045476,0.14130960229307968,0.14130960257161732,0.14130960263443224,0.1413096025069339,0.14130960229307968,0.1413096025069339,0.14130960263443224,0.14130960269124102,0.14130960263443224,0.14130960257161732,0.14130960263443224,0.14130960269124102,0.14021174705131015,0.14021174700894595,0.14021174695896674,0.14021174700894595,0.14021174705131015,0.14021174700894595,0.140211746906954,0.1402117467177489,0.140211746906954,0.14021174700894595,0.14021174695896674,0.1402117467177489,0.14021174578524287,0.1402117467177489,0.14021174695896674,0.14021174700894595,0.140211746906954,0.1402117467177489,0.140211746906954,0.14021174700894595,0.14021174705131015,0.14021174700894595,0.14021174695896674,0.14021174700894595,0.14021174705131015,0.13913530777724414,0.13913530777516844,0.1391353077708384,0.13913530777516844,0.13913530777724414,0.13913530777516844,0.13913530776587035,0.13913530774445584,0.13913530776587035,0.13913530777516844,0.1391353077708384,0.13913530774445584,0.13913530765964005,0.13913530774445584,0.1391353077708384,0.13913530777516844,0.13913530776587035,0.13913530774445584,0.13913530776587035,0.13913530777516844,0.13913530777724414,0.13913530777516844,0.1391353077708384,0.13913530777516844,0.13913530777724414,0.13807980470346115,0.13807980474981,0.13807980479805812,0.13807980474981,0.13807980470346115,0.13807980474981,0.138079804847432,0.1380798049869511,0.138079804847432,0.13807980474981,0.13807980479805812,0.1380798049869511,0.1380798053938174,0.1380798049869511,0.13807980479805812,0.13807980474981,0.138079804847432,0.1380798049869511,0.138079804847432,0.13807980474981,0.13807980470346115,0.13807980474981,0.13807980479805812,0.13807980474981,0.13807980470346115,0.1370447671254332,0.13704476721378167,0.13704476732263124,0.13704476721378167,0.1370447671254332,0.13704476721378167,0.13704476743591776,0.13704476788793138,0.13704476743591776,0.13704476721378167,0.13704476732263124,0.13704476788793138,0.1370447704095061,0.13704476788793138,0.13704476732263124,0.13704476721378167,0.13704476743591776,0.13704476788793138,0.13704476743591776,0.13704476721378167,0.1370447671254332,0.13704476721378167,0.13704476732263124,0.13704476721378167,0.1370447671254332,0.13602973386127615,0.13602973392414167,0.13602973398607804,0.13602973392414167,0.13602973386127615,0.13602973392414167,0.13602973404838553,0.13602973421553372,0.13602973404838553,0.13602973392414167,0.13602973398607804,0.13602973421553372,0.13602973468121413,0.13602973421553372,0.13602973398607804,0.13602973392414167,0.13602973404838553,0.13602973421553372,0.13602973404838553,0.13602973392414167,0.13602973386127615,0.13602973392414167,0.13602973398607804,0.13602973392414167,0.13602973386127615,0.13503425338353287,0.13503425342315206,0.13503425345596004,0.13503425342315206,0.13503425338353287,0.13503425342315206,0.1350342534871639,0.1350342535508394,0.1350342534871639,0.13503425342315206,0.13503425345596004,0.1350342535508394,0.13503425366694186,0.1350342535508394,0.13503425345596004,0.13503425342315206,0.1350342534871639,0.1350342535508394,0.1350342534871639,0.13503425342315206,0.13503425338353287,0.13503425342315206,0.13503425345596004,0.13503425342315206,0.13503425338353287
0.1653324875180362,0.1653324875180362,0.1653324875180362,0.1653324875180362,0.1653324875180362,0.1653324875180362,0.1653324875180362,0.1653324875180362,0.1653324875180362,0.1653324875180362,0.1653324875180362,0.1653324875180362,0.1653324875180362,0.1653324875180362,0.1653324875180362,0.1653324875180362,0.1653324875180362,0.1653324875180362,0.1653324875180362,0.1653324875180362,0.1653324875180362,0.1653324875180362,0.1653324875180362,0.1653324875180362,0.1653324875180362,0.16375749380458732,0.16375749380458732,0.16375749380458732,0.16375749380458732,0.16375749380458732,0.16375749380458732,0.16375749380458732,0.16375749380458732,0.16375749380458732,0.16375749380458732,0.16375749380458732,0.16375749380458732,0.16375749380458732,0.16375749380458732,0.16375749380458732,0.16375749380458732,0.16375749380458732,0.16375749380458732,0.16375749380458732,0.16375749380458732,0.16375749380458732,0.16375749380458732,0.16375749380458732,0.16375749380458732,0.16375749380458732,0.16221388402295353,0.16221388402295353,0.16221388402295353,0.16221388402295353,0.16221388402295353,0.16221388402295353,0.16221388402295353,0.16221388402295353,0.16221388402295353,0.16221388402295353,0.16221388402295353,0.16221388402295353,0.16221388402295353,0.16221388402295353,0.16221388402295353,0.16221388402295353,0.16221388402295353,0.16221388402295353,0.16221388402295353,0.16221388402295353,0.16221388402295353,0.16221388402295353,0.16221388402295353,0.16221388402295353,0.16221388402295353,0.1607010671301756,0.1607010671301756,0.1607010671301756,0.1607010671301756,0.1607010671301756,0.1607010671301756,0.1607010671301756,0.1607010671301756,0.1607010671301756,0.1607010671301756,0.1607010671301756,0.1607010671301756,0.1607010671301756,0.1607010671301756,0.1607010671301756,0.1607010671301756,0.1607010671301756,0.1607010671301756,0.1607010671301756,0.1607010671301756,0.1607010671301756,0.1607010671301756,0.1607010671301756,0.1607010671301756,0.1607010671301756,0.15921845150123198,0.15921845150123198,0.15921845150123198,0.15921845150123198,0.15921845150123198,0.15921845150123198,0.15921845150123198,0.1592184515012318,0.15921845150123198,0.15921845150123198,0.15921845150123198,0.1592184515012318,0.1592184515012318,0.1592184515012318,0.15921845150123198,0.15921845150123198,0.15921845150123198,0.1592184515012318,0.15921845150123198,0.15921845150123198,0.15921845150123198,0.15921845150123198,0.15921845150123198,0.15921845150123198,0.15921845150123198,0.15776544628089031,0.15776544628089012,0.15776544628088987,0.15776544628089012,0.15776544628089031,0.15776544628089012,0.15776544628088987,0.15776544628088968,0.15776544628088987,0.15776544628089012,0.15776544628088987,0.15776544628088968,0.15776544628088948,0.15776544628088968,0.15776544628088987,0.15776544628089012,0.15776544628088987,0.15776544628088968,0.15776544628088987,0.15776544628089012,0.15776544628089031,0.15776544628089012,0.15776544628088987,0.15776544628089012,0.15776544628089031,0.15634146259803014,0.1563414625980293,0.15634146259802867,0.1563414625980293,0.15634146259803014,0.1563414625980293,0.15634146259802845,0.15634146259802786,0.15634146259802845,0.1563414625980293,0.15634146259802867,0.15634146259802786,0.15634146259802742,0.15634146259802786,0.15634146259802867,0.1563414625980293,0.15634146259802845,0.15634146259802786,0.15634146259802845,0.1563414625980293,0.15634146259803014,0.1563414625980293,0.15634146259802867,0.1563414625980293,0.15634146259803014,0.1549459146527034,0.15494591465270097,0.1549459146526993,0.15494591465270097,0.1549459146527034,0.15494591465270097,0.15494591465269827,0.1549459146526966,0.15494591465269827,0.15494591465270097,0.1549459146526993,0.1549459146526966,0.154945914652695,0.1549459146526966,0.1549459146526993,0.15494591465270097,0.15494591465269827,0.1549459146526966,0.15494591465269827,0.15494591465270097,0.1549459146527034,0.15494591465270097,0.1549459146526993,0.15494591465270097,0.1549459146527034,0.15357822068564206,0.1535782206856342,0.15357822068562918,0.1535782206856342,0.15357822068564206,0.1535782206856342,0.153578220685626,0.15357822068562077,0.153578220685626,0.1535782206856342,0.15357822068562918,0.15357822068562077,0.15357822068561552,0.15357822068562077,0.15357822068562918,0.1535782206856342,0.153578220685626,0.15357822068562077,0.153578220685626,0.1535782206856342,0.15357822068564206,0.1535782206856342,0.15357822068562918,0.1535782206856342,0.15357822068564206,0.15223780383936375,0.15223780383933955,0.1522378038393244,0.15223780383933955,0.15223780383936375,0.15223780383933955,0.15223780383931396,0.1522378038392976,0.15223780383931396,0.15223780383933955,0.1522378038393244,0.1522378038392976,0.15223780383928048,0.1522378038392976,0.1522378038393244,0.15223780383933955,0.15223780383931396,0.1522378038392976,0.15223780383931396,0.15223780383933955,0.15223780383936375,0.15223780383933955,0.1522378038393244,0.15223780383933955,0.15223780383936375,0.15092409291949446,0.15092409291942094,0.15092409291937425,0.15092409291942094,0.15092409291949446,0.15092409291942094,0.1509240929193405,0.1509240929192886,0.1509240929193405,0.15092409291942094,0.15092409291937425,0.1509240929192886,0.15092409291923267,0.1509240929192886,0.15092409291937425,0.15092409291942094,0.1509240929193405,0.1509240929192886,0.1509240929193405,0.15092409291942094,0.15092409291949446,0.15092409291942094,0.15092409291937425,0.15092409291942094,0.15092409291949446,0.14963652306440217,0.1496365230641819,0.14963652306403932,0.1496365230641819,0.14963652306440217,0.1496365230641819,0.14963652306393135,0.14963652306376382,0.14963652306393135,0.1496365230641819,0.14963652306403932,0.14963652306376382,0.1496365230635791,0.14963652306376382,0.14963652306403932,0.1496365230641819,0.14963652306393135,0.14963652306376382,0.14963652306393135,0.1496365230641819,0.14963652306440217,0.1496365230641819,0.14963652306403932,0.1496365230641819,0.14963652306440217,0.14837453633076159,0.14837453633011533,0.1483745363296863,0.14837453633011533,0.14837453633076159,0.14837453633011533,0.1483745363293414,0.1483745363288071,0.1483745363293414,0.14837453633011533,0.1483745363296863,0.1483745363288071,0.14837453632818792,0.1483745363288071,0.1483745363296863,0.14837453633011533,0.1483745363293414,0.1483745363288071,0.1483745363293414,0.14837453633011533,0.14837453633076159,0.14837453633011533,0.1483745363296863,0.14837453633011533,0.14837453633076159,0.1471375822022676,0.14713758220042797,0.1471375821991538,0.14713758220042797,0.1471375822022676,0.14713758220042797,0.14713758219807457,0.1471375821963363,0.14713758219807457,0.14713758220042797,0.1471375821991538,0.1471375821963363,0.14713758219415116,0.1471375821963363,0.1471375821991538,0.14713758220042797,0.14713758219807457,0.1471375821963363,0.14713758219807457,0.14713758220042797,0.1471375822022676,0.14713758220042797,0.1471375821991538,0.14713758220042797,0.1471375822022676,0.14592511802848077,0.1459251180234734,0.14592511801977004,0.1459251180234734,0.14592511802848077,0.1459251180234734,0.14592511801646071,0.14592511801067917,0.14592511801646071,0.1459251180234734,0.14592511801977004,0.14592511801067917,0.14592511800236357,0.14592511801067917,0.14592511801977004,0.1459251180234734,0.14592511801646071,0.14592511801067917,0.14592511801646071,0.1459251180234734,0.14592511802848077,0.1459251180234734,0.14592511801977004,0.1459251180234734,0.14592511802848077,0.1447366094007951,0.1447366093881198,0.14473660937778907,0.1447366093881198,0.1447366094007951,0.1447366093881198,0.14473660936806124,0.1447366093484942,0.14473660936806124,0.1447366093881198,0.14473660937778907,0.1447366093484942,0.14473660931344476,0.1447366093484942,0.14473660937778907,0.1447366093881198,0.14473660936806124,0.1447366093484942,0.14473660936806124,0.1447366093881198,0.1447366094007951,0.1447366093881198,0.14473660937778907,0.1447366093881198,0.1447366094007951,0.14357153047248425,0.14357153044413443,0.143571530417691,0.14357153044413443,0.14357153047248425,0.14357153044413443,0.14357153039156068,0.14357153032624534,0.14357153039156068,0.14357153044413443,0.143571530417691,0.14357153032624534,0.14357153015935362,0.14357153032624534,0.143571530417691,0.14357153044413443,0.14357153039156068,0.14357153032624534,0.14357153039156068,0.14357153044413443,0.14357153047248425,0.14357153044413443,0.143571530417691,0.14357153044413443,0.14357153047248425,0.14242936422744906,0.14242936417696292,0.14242936412165996,0.14242936417696292,0.14242936422744906,0.14242936417696292,0.14242936406508008,0.14242936387320634,0.14242936406508008,0.14242936417696292,0.14242936412165996,0.14242936387320634,0.14242936297218986,0.14242936387320634,0.14242936412165996,0.14242936417696292,0.14242936406508008,0.14242936387320634,0.14242936406508008,0.14242936417696292,0.14242936422744906,0.14242936417696292,0.14242936412165996,0.14242936417696292,0.14242936422744906,0.14130960269011703,0.1413096026334224,0.14130960257069877,0.1413096026334224,0.14130960269011703,0.1413096026334224,0.141309602506105,0.1413096022923141,0.141309602506105,0.1413096026334224,0.14130960257069877,0.1413096022923141,0.14130960136830223,0.1413096022923141,0.14130960257069877,0.1413096026334224,0.141309602506105,0.1413096022923141,0.141309602506105,0.1413096026334224,0.14130960269011703,0.1413096026334224,0.14130960257069877,0.1413096026334224,0.14130960269011703,0.14021174704827344,0.14021174700586717,0.1402117469558209,0.14021174700586717,0.14021174704827344,0.14021174700586717,0.1402117469037357,0.1402117467141915,0.1402117469037357,0.14021174700586717,0.1402117469558209,0.1402117467141915,0.14021174577973042,0.1402117467141915,0.1402117469558209,0.14021174700586717,0.1402117469037357,0.1402117467141915,0.1402117469037357,0.14021174700586717,0.14021174704827344,0.14021174700586717,0.1402117469558209,0.14021174700586717,0.14021174704827344,0.1391353077723542,0.13913530777016056,0.13913530776571983,0.13913530777016056,0.1391353077723542,0.13913530777016056,0.13913530776064112,0.13913530773896082,0.13913530776064112,0.13913530777016056,0.13913530776571983,0.13913530773896082,0.13913530765351936,0.13913530773896082,0.13913530776571983,0.13913530777016056,0.13913530776064112,0.13913530773896082,0.13913530776064112,0.13913530777016056,0.1391353077723542,0.13913530777016056,0.13913530776571983,0.13913530777016056,0.1391353077723542,0.13807980469693346,0.13807980474306447,0.13807980479109738,0.13807980474306447,0.13807980469693346,0.13807980474306447,0.13807980484025417,0.13807980497919733,0.13807980484025417,0.13807980474306447,0.13807980479109738,0.13807980497919733,0.13807980538449027,0.13807980497919733,0.13807980479109738,0.13807980474306447,0.13807980484025417,0.13807980497919733,0.13807980484025417,0.13807980474306447,0.13807980469693346,0.13807980474306447,0.13807980479109738,0.13807980474306447,0.13807980469693346,0.13704476711769134,0.13704476720571396,0.13704476731417373,0.13704476720571396,0.13704476711769134,0.13704476720571396,0.13704476742705718,0.13704476787749992,0.13704476742705718,0.13704476720571396,0.13704476731417373,0.13704476787749992,0.13704477039044471,0.13704476787749992,0.13704476731417373,0.13704476720571396,0.13704476742705718,0.13704476787749992,0.13704476742705718,0.13704476720571396,0.13704476711769134,0.13704476720571396,0.13704476731417373,0.13704476720571396,0.13704476711769134,0.1360297338529705,0.13602973391561202,0.1360297339773304,0.13602973391561202,0.1360297338529705,0.13602973391561202,0.13602973403941993,0.1360297342059887,0.13602973403941993,0.13602973391561202,0.1360297339773304,0.1360297342059887,0.1360297346700689,0.1360297342059887,0.1360297339773304,0.13602973391561202,0.13602973403941993,0.1360297342059887,0.13602973403941993,0.13602973391561202,0.1360297338529705,0.13602973391561202,0.1360297339773304,0.13602973391561202,0.1360297338529705,0.13503425337511066,0.13503425341459022,0.13503425344728337,0.13503425341459022,0.13503425337511066,0.13503425341459022,0.1350342534783786,0.13503425354183327,0.1350342534783786,0.13503425341459022,0.13503425344728337,0.13503425354183327,0.1350342536575355,0.13503425354183327,0.13503425344728337,0.13503425341459022,0.1350342534783786,0.13503425354183327,0.1350342534783786,0.13503425341459022,0.13503425337511066,0.13503425341459022,0.13503425344728337,0.13503425341459022,0.13503425337511066
0.1653324875209261,0.1653324875209261,0.1653324875209261,0.1653324875209261,0.1653324875209261,0.1653324875209261,0.1653324875209261,0.1653324875209261,0.1653324875209261,0.1653324875209261,0.1653324875209261,0.1653324875209261,0.1653324875209261,0.1653324875209261,0.1653324875209261,0.1653324875209261,0.1653324875209261,0.1653324875209261,0.1653324875209261,0.1653324875209261,0.1653324875209261,0.1653324875209261,0.1653324875209261,0.1653324875209261,0.1653324875209261,0.1637574938074206,0.1637574938074206,0.1637574938074206,0.1637574938074206,0.1637574938074206,0.1637574938074206,0.1637574938074206,0.1637574938074206,0.1637574938074206,0.1637574938074206,0.1637574938074206,0.1637574938074206,0.1637574938074206,0.1637574938074206,0.1637574938074206,0.1637574938074206,0.1637574938074206,0.1637574938074206,0.1637574938074206,0.1637574938074206,0.1637574938074206,0.1637574938074206,0.1637574938074206,0.1637574938074206,0.1637574938074206,0.16221388402573236,0.16221388402573236,0.16221388402573236,0.16221388402573236,0.16221388402573236,0.16221388402573236,0.16221388402573236,0.16221388402573236,0.16221388402573236,0.16221388402573236,0.16221388402573236,0.16221388402573236,0.16221388402573236,0.16221388402573236,0.16221388402573236,0.16221388402573236,0.16221388402573236,0.16221388402573236,0.16221388402573236,0.16221388402573236,0.16221388402573236,0.16221388402573236,0.16221388402573236,0.16221388402573236,0.16221388402573236,0.16070106713290186,0.16070106713290186,0.16070106713290186,0.16070106713290186,0.16070106713290186,0.16070106713290186,0.16070106713290186,0.16070106713290186,0.16070106713290186,0.16070106713290186,0.16070106713290186,0.16070106713290186,0.16070106713290186,0.16070106713290186,0.16070106713290186,0.16070106713290186,0.16070106713290186,0.16070106713290186,0.16070106713290186,0.16070106713290186,0.16070106713290186,0.16070106713290186,0.16070106713290186,0.16070106713290186,0.16070106713290186,0.15921845150390776,0.15921845150390776,0.15921845150390776,0.15921845150390776,0.15921845150390776,0.15921845150390776,0.15921845150390776,0.1592184515039075,0.15921845150390776,0.15921845150390776,0.15921845150390776,0.1592184515039075,0.1592184515039075,0.1592184515039075,0.15921845150390776,0.15921845150390776,0.15921845150390776,0.1592184515039075,0.15921845150390776,0.15921845150390776,0.15921845150390776,0.15921845150390776,0.15921845150390776,0.15921845150390776,0.15921845150390776,0.15776544628351752,0.15776544628351732,0.15776544628351707,0.15776544628351732,0.15776544628351752,0.15776544628351732,0.15776544628351688,0.15776544628351688,0.15776544628351688,0.15776544628351732,0.15776544628351707,0.15776544628351688,0.15776544628351666,0.15776544628351688,0.15776544628351707,0.15776544628351732,0.15776544628351688,0.15776544628351688,0.15776544628351688,0.15776544628351732,0.15776544628351752,0.15776544628351732,0.15776544628351707,0.15776544628351732,0.15776544628351752,0.15634146260061052,0.15634146260060966,0.15634146260060924,0.15634146260060966,0.15634146260061052,0.15634146260060966,0.15634146260060883,0.1563414626006084,0.15634146260060883,0.15634146260060966,0.15634146260060924,0.1563414626006084,0.1563414626006078,0.1563414626006084,0.15634146260060924,0.15634146260060966,0.15634146260060883,0.1563414626006084,0.15634146260060883,0.15634146260060966,0.15634146260061052,0.15634146260060966,0.15634146260060924,0.15634146260060966,0.15634146260061052,0.15494591465523924,0.15494591465523655,0.1549459146552351,0.15494591465523655,0.15494591465523924,0.15494591465523655,0.1549459146552341,0.15494591465523247,0.1549459146552341,0.15494591465523655,0.1549459146552351,0.15494591465523247,0.1549459146552308,0.15494591465523247,0.1549459146552351,0.15494591465523655,0.1549459146552341,0.15494591465523247,0.1549459146552341,0.15494591465523655,0.15494591465523924,0.15494591465523655,0.1549459146552351,0.15494591465523655,0.15494591465523924,0.15357822068813493,0.1535782206881273,0.15357822068812224,0.1535782206881273,0.15357822068813493,0.1535782206881273,0.15357822068811902,0.15357822068811403,0.15357822068811902,0.1535782206881273,0.15357822068812224,0.15357822068811403,0.1535782206881088,0.15357822068811403,0.15357822068812224,0.1535782206881273,0.15357822068811902,0.15357822068811403,0.15357822068811902,0.1535782206881273,0.15357822068813493,0.1535782206881273,0.15357822068812224,0.1535782206881273,0.15357822068813493,0.15223780384181557,0.15223780384179159,0.1522378038417766,0.15223780384179159,0.15223780384181557,0.15223780384179159,0.1522378038417662,0.15223780384175004,0.1522378038417662,0.15223780384179159,0.1522378038417766,0.15223780384175004,0.15223780384173333,0.15223780384175004,0.1522378038417766,0.15223780384179159,0.1522378038417662,0.15223780384175004,0.1522378038417662,0.15223780384179159,0.15223780384181557,0.15223780384179159,0.1522378038417766,0.15223780384179159,0.15223780384181557,0.15092409292190634,0.1509240929218336,0.15092409292178732,0.1509240929218336,0.15092409292190634,0.1509240929218336,0.15092409292175413,0.1509240929217028,0.15092409292175413,0.1509240929218336,0.15092409292178732,0.1509240929217028,0.15092409292164766,0.1509240929217028,0.15092409292178732,0.1509240929218336,0.15092409292175413,0.1509240929217028,0.15092409292175413,0.1509240929218336,0.15092409292190634,0.1509240929218336,0.15092409292178732,0.1509240929218336,0.15092409292190634,0.14963652306677422,0.14963652306655642,0.14963652306641534,0.14963652306655642,0.14963652306677422,0.14963652306655642,0.1496365230663087,0.14963652306614306,0.1496365230663087,0.14963652306655642,0.14963652306641534,0.14963652306614306,0.14963652306596043,0.14963652306614306,0.14963652306641534,0.14963652306655642,0.1496365230663087,0.14963652306614306,0.1496365230663087,0.14963652306655642,0.14963652306677422,0.14963652306655642,0.14963652306641534,0.14963652306655642,0.14963652306677422,0.14837453633309042,0.14837453633245123,0.14837453633202663,0.14837453633245123,0.14837453633309042,0.14837453633245123,0.14837453633168565,0.14837453633115708,0.14837453633168565,0.14837453633245123,0.14837453633202663,0.14837453633115708,0.14837453633054495,0.14837453633115708,0.14837453633202663,0.14837453633245123,0.14837453633168565,0.14837453633115708,0.14837453633168565,0.14837453633245123,0.14837453633309042,0.14837453633245123,0.14837453633202663,0.14837453633245123,0.14837453633309042,0.1471375822045403,0.1471375822027199,0.1471375822014594,0.1471375822027199,0.1471375822045403,0.1471375822027199,0.1471375822003918,0.14713758219867315,0.1471375822003918,0.1471375822027199,0.1471375822014594,0.14713758219867315,0.14713758219651327,0.14713758219867315,0.1471375822014594,0.1471375822027199,0.1471375822003918,0.14713758219867315,0.1471375822003918,0.1471375822027199,0.1471375822045403,0.1471375822027199,0.1471375822014594,0.1471375822027199,0.1471375822045403,0.14592511803065866,0.14592511802570227,0.14592511802203786,0.14592511802570227,0.14592511803065866,0.14592511802570227,0.1459251180187645,0.14592511801304797,0.1459251180187645,0.14592511802570227,0.14592511802203786,0.14592511801304797,0.14592511800483154,0.14592511801304797,0.14592511802203786,0.14592511802570227,0.1459251180187645,0.14592511801304797,0.1459251180187645,0.14592511802570227,0.14592511803065866,0.14592511802570227,0.14592511802203786,0.14592511802570227,0.14592511803065866,0.14473660940277328,0.14473660939022104,0.14473660937999663,0.14473660939022104,0.14473660940277328,0.14473660939022104,0.14473660937037175,0.14473660935102675,0.14473660937037175,0.14473660939022104,0.14473660937999663,0.14473660935102675,0.1447366093164104,0.14473660935102675,0.14473660937999663,0.14473660939022104,0.14473660937037175,0.14473660935102675,0.14473660937037175,0.14473660939022104,0.14473660940277328,0.14473660939022104,0.14473660937999663,0.14473660939022104,0.14473660940277328,0.14357153047400711,0.14357153044590817,0.14357153041972243,0.14357153044590817,0.14357153047400711,0.14357153044590817,0.14357153039385445,0.14357153032927486,0.14357153039385445,0.14357153044590817,0.14357153041972243,0.14357153032927486,0.1435715301645231,0.14357153032927486,0.14357153041972243,0.14357153044590817,0.14357153039385445,0.14357153032927486,0.14357153039385445,0.14357153044590817,0.14357153047400711,0.14357153044590817,0.14357153041972243,0.14357153044590817,0.14357153047400711,0.1424293642279926,0.14242936417786056,0.14242936412301507,0.14242936417786056,0.1424293642279926,0.14242936417786056,0.1424293640669141,0.14242936387706429,0.1424293640669141,0.14242936417786056,0.14242936412301507,0.14242936387706429,0.14242936298796927,0.14242936387706429,0.14242936412301507,0.14242936417786056,0.1424293640669141,0.14242936387706429,0.1424293640669141,0.14242936417786056,0.1424293642279926,0.14242936417786056,0.14242936412301507,0.14242936417786056,0.1424293642279926,0.14130960268893605,0.14130960263235864,0.1413096025697281,0.14130960263235864,0.14130960268893605,0.14130960263235864,0.1413096025052256,0.14130960229149325,0.1413096025052256,0.14130960263235864,0.1413096025697281,0.14130960229149325,0.14130960136596385,0.14130960229149325,0.1413096025697281,0.14130960263235864,0.1413096025052256,0.14130960229149325,0.1413096025052256,0.14130960263235864,0.14130960268893605,0.14130960263235864,0.1413096025697281,0.14130960263235864,0.14130960268893605,0.14021174704510192,0.14021174700264935,0.14021174695253036,0.14021174700264935,0.14021174704510192,0.14021174700264935,0.14021174690036697,0.14021174671045816,0.14021174690036697,0.14021174700264935,0.14021174695253036,0.14021174671045816,0.1402117457739229,0.14021174671045816,0.14021174695253036,0.14021174700264935,0.14021174690036697,0.14021174671045816,0.14021174690036697,0.14021174700264935,0.14021174704510192,0.14021174700264935,0.14021174695253036,0.14021174700264935,0.14021174704510192,0.13913530776725874,0.13913530776494112,0.13913530776038419,0.13913530776494112,0.13913530776725874,0.13913530776494112,0.13913530775518942,0.1391353077332291,0.13913530775518942,0.13913530776494112,0.13913530776038419,0.1391353077332291,0.1391353076471269,0.1391353077332291,0.13913530776038419,0.13913530776494112,0.13913530775518942,0.1391353077332291,0.13913530775518942,0.13913530776494112,0.13913530776725874,0.13913530776494112,0.13913530776038419,0.13913530776494112,0.13913530776725874,0.13807980469014078,0.13807980473604528,0.13807980478385493,0.13807980473604528,0.13807980469014078,0.13807980473604528,0.1380798048327863,0.13807980497113193,0.1380798048327863,0.13807980473604528,0.13807980478385493,0.13807980497113193,0.1380798053747943,0.13807980497113193,0.13807980478385493,0.13807980473604528,0.1380798048327863,0.13807980497113193,0.1380798048327863,0.13807980473604528,0.13807980469014078,0.13807980473604528,0.13807980478385493,0.13807980473604528,0.13807980469014078,0.13704476710964142,0.1370447671973264,0.1370447673053826,0.1370447671973264,0.13704476710964142,0.1370447671973264,0.13704476741784888,0.13704476786666542,0.13704476741784888,0.1370447671973264,0.1370447673053826,0.13704476786666542,0.13704477037065563,0.13704476786666542,0.1370447673053826,0.1370447671973264,0.13704476741784888,0.13704476786666542,0.13704476741784888,0.1370447671973264,0.13704476710964142,0.1370447671973264,0.1370447673053826,0.1370447671973264,0.13704476710964142,0.13602973384433725,0.13602973390674675,0.13602973396823953,0.13602973390674675,0.13602973384433725,0.13602973390674675,0.13602973403010318,0.13602973419607237,0.13602973403010318,0.13602973390674675,0.13602973396823953,0.13602973419607237,0.13602973465849644,0.13602973419607237,0.13602973396823953,0.13602973390674675,0.13602973403010318,0.13602973419607237,0.13602973403010318,0.13602973390674675,0.13602973384433725,0.13602973390674675,0.13602973396823953,0.13602973390674675,0.13602973384433725,0.1350342533663571,0.1350342534056923,0.13503425343826658,0.1350342534056923,0.1350342533663571,0.1350342534056923,0.13503425346924922,0.1350342535324753,0.13503425346924922,0.1350342534056923,0.13503425343826658,0.1350342535324753,0.13503425364776322,0.1350342535324753,0.13503425343826658,0.1350342534056923,0.13503425346924922,0.1350342535324753,0.13503425346924922,0.1350342534056923,0.1350342533663571,0.1350342534056923,0.13503425343826658,0.1350342534056923,0.1350342533663571
0.16533248752393095,0.16533248752393095,0.16533248752393095,0.16533248752393095,0.16533248752393095,0.16533248752393095,0.16533248752393095,0.16533248752393095,0.16533248752393095,0.16533248752393095,0.16533248752393095,0.16533248752393095,0.16533248752393095,0.16533248752393095,0.16533248752393095,0.16533248752393095,0.16533248752393095,0.16533248752393095,0.16533248752393095,0.16533248752393095,0.16533248752393095,0.16533248752393095,0.16533248752393095,0.16533248752393095,0.16533248752393095,0.16375749381036653,0.16375749381036653,0.16375749381036653,0.16375749381036653,0.16375749381036653,0.16375749381036653,0.16375749381036653,0.16375749381036653,0.16375749381036653,0.16375749381036653,0.16375749381036653,0.16375749381036653,0.16375749381036653,0.16375749381036653,0.16375749381036653,0.16375749381036653,0.16375749381036653,0.16375749381036653,0.16375749381036653,0.16375749381036653,0.16375749381036653,0.16375749381036653,0.16375749381036653,0.16375749381036653,0.16375749381036653,0.16221388402862133,0.16221388402862133,0.16221388402862133,0.16221388402862133,0.16221388402862133,0.16221388402862133,0.16221388402862133,0.16221388402862133,0.16221388402862133,0.16221388402862133,0.16221388402862133,0.16221388402862133,0.16221388402862133,0.16221388402862133,0.16221388402862133,0.16221388402862133,0.16221388402862133,0.16221388402862133,0.16221388402862133,0.16221388402862133,0.16221388402862133,0.16221388402862133,0.16221388402862133,0.16221388402862133,0.16221388402862133,0.16070106713573606,0.16070106713573606,0.16070106713573606,0.16070106713573606,0.16070106713573606,0.16070106713573606,0.16070106713573606,0.16070106713573606,0.16070106713573606,0.16070106713573606,0.16070106713573606,0.16070106713573606,0.16070106713573606,0.16070106713573606,0.16070106713573606,0.16070106713573606,0.16070106713573606,0.16070106713573606,0.16070106713573606,0.16070106713573606,0.16070106713573606,0.16070106713573606,0.16070106713573606,0.16070106713573606,0.16070106713573606,0.1592184515066891,0.1592184515066891,0.1592184515066891,0.1592184515066891,0.1592184515066891,0.1592184515066891,0.1592184515066891,0.15921845150668887,0.1592184515066891,0.1592184515066891,0.1592184515066891,0.15921845150668887,0.15921845150668887,0.15921845150668887,0.1592184515066891,0.1592184515066891,0.1592184515066891,0.15921845150668887,0.1592184515066891,0.1592184515066891,0.1592184515066891,0.1592184515066891,0.1592184515066891,0.1592184515066891,0.1592184515066891,0.157765446286248,0.15776544628624778,0.15776544628624756,0.15776544628624778,0.157765446286248,0.15776544628624778,0.15776544628624756,0.15776544628624736,0.15776544628624756,0.15776544628624778,0.15776544628624756,0.15776544628624736,0.15776544628624714,0.15776544628624736,0.15776544628624756,0.15776544628624778,0.15776544628624756,0.15776544628624736,0.15776544628624756,0.15776544628624778,0.157765446286248,0.15776544628624778,0.15776544628624756,0.15776544628624778,0.157765446286248,0.15634146260329232,0.1563414626032915,0.15634146260329085,0.1563414626032915,0.15634146260329232,0.1563414626032915,0.15634146260329063,0.15634146260329002,0.15634146260329063,0.1563414626032915,0.15634146260329085,0.15634146260329002,0.15634146260328957,0.15634146260329002,0.15634146260329085,0.1563414626032915,0.15634146260329063,0.15634146260329002,0.15634146260329063,0.1563414626032915,0.15634146260329232,0.1563414626032915,0.15634146260329085,0.1563414626032915,0.15634146260329232,0.15494591465787402,0.15494591465787158,0.15494591465786994,0.15494591465787158,0.15494591465787402,0.15494591465787158,0.15494591465786892,0.15494591465786725,0.15494591465786892,0.15494591465787158,0.15494591465786994,0.15494591465786725,0.15494591465786564,0.15494591465786725,0.15494591465786994,0.15494591465787158,0.15494591465786892,0.15494591465786725,0.15494591465786892,0.15494591465787158,0.15494591465787402,0.15494591465787158,0.15494591465786994,0.15494591465787158,0.15494591465787402,0.153578220690725,0.15357822069071714,0.15357822069071234,0.15357822069071714,0.153578220690725,0.15357822069071714,0.15357822069070912,0.1535782206907041,0.15357822069070912,0.15357822069071714,0.15357822069071234,0.1535782206907041,0.15357822069069907,0.1535782206907041,0.15357822069071234,0.15357822069071714,0.15357822069070912,0.1535782206907041,0.15357822069070912,0.15357822069071714,0.153578220690725,0.15357822069071714,0.15357822069071234,0.15357822069071714,0.153578220690725,0.15223780384436228,0.1522378038443387,0.1522378038443237,0.1522378038443387,0.15223780384436228,0.1522378038443387,0.15223780384431349,0.15223780384429753,0.15223780384431349,0.1522378038443387,0.1522378038443237,0.15223780384429753,0.152237803844281,0.15223780384429753,0.1522378038443237,0.1522378038443387,0.15223780384431349,0.15223780384429753,0.15223780384431349,0.1522378038443387,0.15223780384436228,0.1522378038443387,0.1522378038443237,0.1522378038443387,0.15223780384436228,0.15092409292441103,0.15092409292433925,0.1509240929242935,0.15092409292433925,0.15092409292441103,0.15092409292433925,0.15092409292426073,0.15092409292421,0.15092409292426073,0.15092409292433925,0.1509240929242935,0.15092409292421,0.1509240929241556,0.15092409292421,0.1509240929242935,0.15092409292433925,0.15092409292426073,0.15092409292421,0.15092409292426073,0.15092409292433925,0.15092409292441103,0.15092409292433925,0.1509240929242935,0.15092409292433925,0.15092409292441103,0.14963652306923705,0.14963652306902167,0.14963652306888234,0.14963652306902167,0.14963652306923705,0.14963652306902167,0.149636523068777,0.14963652306861344,0.149636523068777,0.14963652306902167,0.14963652306888234,0.14963652306861344,0.14963652306843286,0.14963652306861344,0.14963652306888234,0.14963652306902167,0.149636523068777,0.14963652306861344,0.149636523068777,0.14963652306902167,0.14963652306923705,0.14963652306902167,0.14963652306888234,0.14963652306902167,0.14963652306923705,0.1483745363355077,0.1483745363348757,0.14837453633445594,0.1483745363348757,0.1483745363355077,0.1483745363348757,0.148374536334119,0.14837453633359657,0.148374536334119,0.1483745363348757,0.14837453633445594,0.14837453633359657,0.14837453633299166,0.14837453633359657,0.14837453633445594,0.1483745363348757,0.148374536334119,0.14837453633359657,0.148374536334119,0.1483745363348757,0.1483745363355077,0.1483745363348757,0.14837453633445594,0.1483745363348757,0.1483745363355077,0.14713758220689876,0.14713758220509834,0.1471375822038518,0.14713758220509834,0.14713758220689876,0.14713758220509834,0.14713758220279677,0.1471375822010981,0.14713758220279677,0.14713758220509834,0.1471375822038518,0.1471375822010981,0.14713758219896453,0.1471375822010981,0.1471375822038518,0.14713758220509834,0.14713758220279677,0.1471375822010981,0.14713758220279677,0.14713758220509834,0.14713758220689876,0.14713758220509834,0.1471375822038518,0.14713758220509834,0.14713758220689876,0.14592511803291794,0.14592511802801442,0.14592511802439065,0.14592511802801442,0.14592511803291794,0.14592511802801442,0.14592511802115452,0.14592511801550578,0.14592511802115452,0.14592511802801442,0.14592511802439065,0.14592511801550578,0.14592511800739247,0.14592511801550578,0.14592511802439065,0.14592511802801442,0.14592511802115452,0.14592511801550578,0.14592511802115452,0.14592511802801442,0.14592511803291794,0.14592511802801442,0.14592511802439065,0.14592511802801442,0.14592511803291794,0.14473660940482405,0.1447366093923996,0.14473660938228583,0.1447366093923996,0.14473660940482405,0.1447366093923996,0.14473660937276814,0.1447366093536544,0.14473660937276814,0.1447366093923996,0.14473660938228583,0.1447366093536544,0.1447366093194889,0.1447366093536544,0.14473660938228583,0.1447366093923996,0.14473660937276814,0.1447366093536544,0.14473660937276814,0.1447366093923996,0.14473660940482405,0.1447366093923996,0.14473660938228583,0.1447366093923996,0.14473660940482405,0.14357153047558324,0.14357153044774523,0.1435715304218278,0.14357153044774523,0.14357153047558324,0.14357153044774523,0.1435715303962329,0.14357153033241923,0.1435715303962329,0.14357153044774523,0.1435715304218278,0.14357153033241923,0.14357153016989654,0.14357153033241923,0.1435715304218278,0.14357153044774523,0.1435715303962329,0.14357153033241923,0.1435715303962329,0.14357153044774523,0.14357153047558324,0.14357153044774523,0.1435715304218278,0.14357153044774523,0.14357153047558324,0.1424293642285492,0.1424293641787854,0.14242936412441562,0.1424293641787854,0.1424293642285492,0.1424293641787854,0.14242936406881254,0.14242936388106955,0.14242936406881254,0.1424293641787854,0.14242936412441562,0.14242936388106955,0.14242936300439116,0.14242936388106955,0.14242936412441562,0.1424293641787854,0.14242936406881254,0.14242936388106955,0.14242936406881254,0.1424293641787854,0.1424293642285492,0.1424293641787854,0.14242936412441562,0.1424293641787854,0.1424293642285492,0.1413096026876989,0.14130960263124176,0.14130960256870595,0.14130960263124176,0.1413096026876989,0.14130960263124176,0.1413096025042967,0.1413096022906178,0.1413096025042967,0.14130960263124176,0.14130960256870595,0.1413096022906178,0.14130960136351658,0.1413096022906178,0.14130960256870595,0.14130960263124176,0.1413096025042967,0.1413096022906178,0.1413096025042967,0.14130960263124176,0.1413096026876989,0.14130960263124176,0.14130960256870595,0.14130960263124176,0.1413096026876989,0.14021174704179737,0.14021174699929467,0.1402117469490976,0.14021174699929467,0.14021174704179737,0.14021174699929467,0.14021174689685004,0.14021174670655148,0.14021174689685004,0.14021174699929467,0.1402117469490976,0.14021174670655148,0.14021174576777481,0.14021174670655148,0.1402117469490976,0.14021174699929467,0.14021174689685004,0.14021174670655148,0.14021174689685004,0.14021174699929467,0.14021174704179737,0.14021174699929467,0.1402117469490976,0.14021174699929467,0.14021174704179737,0.1391353077619607,0.13913530775951344,0.1391353077548349,0.13913530775951344,0.1391353077619607,0.13913530775951344,0.13913530774951843,0.13913530772726418,0.13913530774951843,0.13913530775951344,0.1391353077548349,0.13913530772726418,0.13913530764046705,0.13913530772726418,0.1391353077548349,0.13913530775951344,0.13913530774951843,0.13913530772726418,0.13913530774951843,0.13913530775951344,0.1391353077619607,0.13913530775951344,0.1391353077548349,0.13913530775951344,0.1391353077619607,0.13807980468308684,0.13807980472875664,0.13807980477633494,0.13807980472875664,0.13807980468308684,0.13807980472875664,0.13807980482503268,0.13807980496275968,0.13807980482503268,0.13807980472875664,0.13807980477633494,0.13807980496275968,0.1380798053647346,0.13807980496275968,0.13807980477633494,0.13807980472875664,0.13807980482503268,0.13807980496275968,0.13807980482503268,0.13807980472875664,0.13807980468308684,0.13807980472875664,0.13807980477633494,0.13807980472875664,0.13807980468308684,0.13704476710128788,0.13704476718862363,0.13704476729626278,0.13704476718862363,0.13704476710128788,0.13704476718862363,0.1370447674082974,0.13704476785543346,0.1370447674082974,0.13704476718862363,0.13704476729626278,0.13704476785543346,0.13704477035018936,0.13704476785543346,0.13704476729626278,0.13704476718862363,0.1370447674082974,0.13704476785543346,0.1370447674082974,0.13704476718862363,0.13704476710128788,0.13704476718862363,0.13704476729626278,0.13704476718862363,0.13704476710128788,0.1360297338353809,0.13602973389755077,0.13602973395881035,0.13602973389755077,0.1360297338353809,0.13602973389755077,0.13602973402044063,0.13602973418579015,0.13602973402044063,0.13602973389755077,0.13602973395881035,0.13602973418579015,0.13602973464650295,0.13602973418579015,0.13602973395881035,0.13602973389755077,0.13602973402044063,0.13602973418579015,0.13602973402044063,0.13602973389755077,0.1360297338353809,0.13602973389755077,0.13602973395881035,0.13602973389755077,0.1360297338353809,0.13503425335727715,0.13503425339646302,0.13503425342891445,0.13503425339646302,0.13503425335727715,0.13503425339646302,0.13503425345978068,0.13503425352277063,0.13503425345978068,0.13503425339646302,0.13503425342891445,0.13503425352277063,0.1350342536376306,0.13503425352277063,0.13503425342891445,0.13503425339646302,0.13503425345978068,0.13503425352277063,0.13503425345978068,0.13503425339646302,0.13503425335727715,0.13503425339646302,0.13503425342891445,0.13503425339646302,0.13503425335727715
0.16533248752704904,0.16533248752704904,0.16533248752704904,0.16533248752704904,0.16533248752704904,0.16533248752704904,0.16533248752704904,0.16533248752704904,0.16533248752704904,0.16533248752704904,0.16533248752704904,0.16533248752704904,0.16533248752704904,0.16533248752704904,0.16533248752704904,0.16533248752704904,0.16533248752704904,0.16533248752704904,0.16533248752704904,0.16533248752704904,0.16533248752704904,0.16533248752704904,0.16533248752704904,0.16533248752704904,0.16533248752704904,0.1637574938134237,0.1637574938134237,0.1637574938134237,0.1637574938134237,0.1637574938134237,0.1637574938134237,0.1637574938134237,0.1637574938134237,0.1637574938134237,0.1637574938134237,0.1637574938134237,0.1637574938134237,0.1637574938134237,0.1637574938134237,0.1637574938134237,0.1637574938134237,0.1637574938134237,0.1637574938134237,0.1637574938134237,0.1637574938134237,0.1637574938134237,0.1637574938134237,0.1637574938134237,0.1637574938134237,0.1637574938134237,0.16221388403161938,0.16221388403161938,0.16221388403161938,0.16221388403161938,0.16221388403161938,0.16221388403161938,0.16221388403161938,0.16221388403161938,0.16221388403161938,0.16221388403161938,0.16221388403161938,0.16221388403161938,0.16221388403161938,0.16221388403161938,0.16221388403161938,0.16221388403161938,0.16221388403161938,0.16221388403161938,0.16221388403161938,0.16221388403161938,0.16221388403161938,0.16221388403161938,0.16221388403161938,0.16221388403161938,0.16221388403161938,0.1607010671386769,0.1607010671386769,0.1607010671386769,0.1607010671386769,0.1607010671386769,0.1607010671386769,0.1607010671386769,0.1607010671386769,0.1607010671386769,0.1607010671386769,0.1607010671386769,0.1607010671386769,0.1607010671386769,0.1607010671386769,0.1607010671386769,0.1607010671386769,0.1607010671386769,0.1607010671386769,0.1607010671386769,0.1607010671386769,0.1607010671386769,0.1607010671386769,0.1607010671386769,0.1607010671386769,0.1607010671386769,0.15921845150957492,0.15921845150957492,0.15921845150957492,0.15921845150957492,0.15921845150957492,0.15921845150957492,0.15921845150957492,0.15921845150957467,0.15921845150957492,0.15921845150957492,0.15921845150957492,0.15921845150957467,0.15921845150957467,0.15921845150957467,0.15921845150957492,0.15921845150957492,0.15921845150957492,0.15921845150957467,0.15921845150957467,0.15921845150957492,0.15921845150957492,0.15921845150957492,0.15921845150957492,0.15921845150957492,0.15921845150957492,0.15776544628908068,0.15776544628908046,0.15776544628908046,0.15776544628908046,0.15776544628908068,0.15776544628908046,0.15776544628908026,0.15776544628908004,0.15776544628908026,0.15776544628908046,0.15776544628908046,0.15776544628908004,0.15776544628908004,0.15776544628908004,0.15776544628908046,0.15776544628908046,0.15776544628908026,0.15776544628908004,0.15776544628908026,0.15776544628908046,0.15776544628908068,0.15776544628908046,0.15776544628908046,0.15776544628908046,0.15776544628908068,0.15634146260607387,0.156341462606073,0.1563414626060726,0.156341462606073,0.15634146260607387,0.156341462606073,0.15634146260607237,0.15634146260607173,0.15634146260607237,0.156341462606073,0.1563414626060726,0.15634146260607173,0.15634146260607135,0.15634146260607173,0.1563414626060726,0.156341462606073,0.15634146260607237,0.15634146260607173,0.15634146260607237,0.156341462606073,0.15634146260607387,0.156341462606073,0.1563414626060726,0.156341462606073,0.15634146260607387,0.15494591466060662,0.15494591466060414,0.1549459146606027,0.15494591466060414,0.15494591466060662,0.15494591466060414,0.15494591466060167,0.15494591466060006,0.15494591466060167,0.15494591466060414,0.1549459146606027,0.15494591466060006,0.1549459146605984,0.15494591466060006,0.1549459146606027,0.15494591466060414,0.15494591466060167,0.15494591466060006,0.15494591466060167,0.15494591466060414,0.15494591466060662,0.15494591466060414,0.1549459146606027,0.15494591466060414,0.15494591466060662,0.15357822069341046,0.15357822069340282,0.1535782206933982,0.15357822069340282,0.15357822069341046,0.15357822069340282,0.153578220693395,0.15357822069338997,0.153578220693395,0.15357822069340282,0.1535782206933982,0.15357822069338997,0.15357822069338495,0.15357822069338997,0.1535782206933982,0.15357822069340282,0.153578220693395,0.15357822069338997,0.153578220693395,0.15357822069340282,0.15357822069341046,0.15357822069340282,0.1535782206933982,0.15357822069340282,0.15357822069341046,0.1522378038470025,0.15223780384697905,0.15223780384696453,0.15223780384697905,0.1522378038470025,0.15223780384697905,0.15223780384695426,0.15223780384693872,0.15223780384695426,0.15223780384697905,0.15223780384696453,0.15223780384693872,0.15223780384692218,0.15223780384693872,0.15223780384696453,0.15223780384697905,0.15223780384695426,0.15223780384693872,0.15223780384695426,0.15223780384697905,0.1522378038470025,0.15223780384697905,0.15223780384696453,0.15223780384697905,0.1522378038470025,0.15092409292700734,0.15092409292693632,0.15092409292689118,0.15092409292693632,0.15092409292700734,0.15092409292693632,0.1509240929268588,0.1509240929268086,0.1509240929268588,0.15092409292693632,0.15092409292689118,0.1509240929268086,0.150924092926755,0.1509240929268086,0.15092409292689118,0.15092409292693632,0.1509240929268588,0.1509240929268086,0.1509240929268588,0.15092409292693632,0.15092409292700734,0.15092409292693632,0.15092409292689118,0.15092409292693632,0.15092409292700718,0.14963652307178912,0.1496365230715764,0.14963652307143857,0.1496365230715764,0.14963652307178912,0.1496365230715764,0.14963652307133454,0.14963652307117306,0.14963652307133454,0.1496365230715764,0.14963652307143857,0.14963652307117306,0.1496365230709948,0.14963652307117306,0.14963652307143857,0.1496365230715764,0.14963652307133454,0.14963652307117306,0.14963652307133454,0.1496365230715764,0.14963652307178912,0.1496365230715764,0.14963652307143857,0.1496365230715764,0.14963652307178912,0.14837453633801204,0.1483745363373873,0.14837453633697273,0.1483745363373873,0.14837453633801204,0.1483745363373873,0.14837453633663986,0.14837453633612374,0.14837453633663986,0.1483745363373873,0.14837453633697273,0.14837453633612374,0.1483745363355266,0.14837453633612374,0.14837453633697273,0.1483745363373873,0.14837453633663986,0.14837453633612374,0.14837453633663986,0.1483745363373873,0.14837453633801204,0.1483745363373873,0.14837453633697273,0.1483745363373873,0.14837453633801204,0.14713758220934114,0.14713758220756143,0.1471375822063298,0.14713758220756143,0.14713758220934114,0.14713758220756143,0.14713758220528747,0.14713758220360987,0.14713758220528747,0.14713758220756143,0.1471375822063298,0.14713758220360987,0.14713758220150355,0.14713758220360987,0.1471375822063298,0.14713758220756143,0.14713758220528747,0.14713758220360987,0.14713758220528747,0.14713758220756143,0.14713758220934114,0.14713758220756143,0.1471375822063298,0.14713758220756143,0.14713758220934114,0.14592511803525682,0.1459251180304081,0.14592511802682656,0.1459251180304081,0.14592511803525682,0.1459251180304081,0.14592511802362923,0.145925118018051,0.14592511802362923,0.1459251180304081,0.14592511802682656,0.145925118018051,0.1459251180100449,0.145925118018051,0.14592511802682656,0.1459251180304081,0.14592511802362923,0.145925118018051,0.14592511802362923,0.1459251180304081,0.14592511803525682,0.1459251180304081,0.14592511802682656,0.1459251180304081,0.14592511803525682,0.14473660940694588,0.14473660939465427,0.14473660938465535,0.14473660939465427,0.14473660940694588,0.14473660939465427,0.14473660937524901,0.1447366093563755,0.14473660937524901,0.14473660939465427,0.14473660938465535,0.1447366093563755,0.14473660932267846,0.1447366093563755,0.14473660938465535,0.14473660939465427,0.14473660937524901,0.1447366093563755,0.14473660937524901,0.14473660939465427,0.14473660940694588,0.14473660939465427,0.14473660938465535,0.14473660939465427,0.14473660940694588,0.14357153047721175,0.1435715304496446,0.14357153042400556,0.14357153044964444,0.14357153047721175,0.1435715304496446,0.14357153039869436,0.14357153033567657,0.14357153039869436,0.14357153044964444,0.14357153042400556,0.14357153033567657,0.14357153017547022,0.14357153033567657,0.14357153042400556,0.14357153044964444,0.14357153039869436,0.14357153033567657,0.14357153039869436,0.14357153044964444,0.14357153047721175,0.14357153044964444,0.14357153042400556,0.14357153044964444,0.14357153047721175,0.14242936422911853,0.14242936417973637,0.14242936412586032,0.14242936417973637,0.14242936422911853,0.14242936417973637,0.14242936407077422,0.14242936388521973,0.14242936407077422,0.14242936417973637,0.14242936412586032,0.14242936388521973,0.14242936302148043,0.14242936388521973,0.14242936412586032,0.14242936417973637,0.14242936407077422,0.14242936388521973,0.14242936407077422,0.14242936417973637,0.14242936422911853,0.14242936417973637,0.14242936412586032,0.14242936417973637,0.14242936422911853,0.14130960268640605,0.14130960263007222,0.14130960256763314,0.14130960263007222,0.14130960268640605,0.14130960263007222,0.14130960250331862,0.14130960228968872,0.14130960250331862,0.14130960263007222,0.14130960256763314,0.14130960228968872,0.14130960136089565,0.14130960228968872,0.14130960256763314,0.14130960263007222,0.14130960250331862,0.14130960228968872,0.14130960250331862,0.14130960263007222,0.14130960268640605,0.14130960263007222,0.14130960256763314,0.14130960263007222,0.14130960268640605,0.14021174703836187,0.1402117469958053,0.1402117469455247,0.1402117469958053,0.14021174703836187,0.1402117469958053,0.1402117468931872,0.14021174670247405,0.1402117468931872,0.1402117469958053,0.1402117469455247,0.14021174670247405,0.14021174576129922,0.14021174670247405,0.1402117469455247,0.1402117469958053,0.1402117468931872,0.14021174670247405,0.1402117468931872,0.1402117469958053,0.14021174703836187,0.1402117469958053,0.1402117469455247,0.1402117469958053,0.14021174703836187,0.13913530775646316,0.13913530775388072,0.1391353077490749,0.13913530775388072,0.13913530775646316,0.13913530775388072,0.13913530774363128,0.13913530772106966,0.13913530774363128,0.13913530775388072,0.1391353077490749,0.13913530772106966,0.13913530763354368,0.13913530772106966,0.1391353077490749,0.13913530775388072,0.13913530774363128,0.13913530772106966,0.13913530774363128,0.13913530775388072,0.13913530775646316,0.13913530775388072,0.1391353077490749,0.13913530775388072,0.13913530775646316,0.13807980467577555,0.13807980472120251,0.13807980476854148,0.13807980472120251,0.13807980467577555,0.13807980472120251,0.13807980481699766,0.13807980495408498,0.13807980481699766,0.13807980472120251,0.13807980476854148,0.13807980495408498,0.13807980535431671,0.13807980495408498,0.13807980476854148,0.13807980472120251,0.13807980481699766,0.13807980495408498,0.13807980481699766,0.13807980472120251,0.13807980467577555,0.13807980472120251,0.13807980476854148,0.13807980472120251,0.13807980467577555,0.13704476709263513,0.13704476717961053,0.13704476728681897,0.13704476717961053,0.13704476709263513,0.13704476717961053,0.1370447673984083,0.13704476784381028,0.1370447673984083,0.13704476717961053,0.13704476728681897,0.13704476784381028,0.13704477032903042,0.13704476784381028,0.13704476728681897,0.13704476717961053,0.1370447673984083,0.13704476784381028,0.1370447673984083,0.13704476717961053,0.13704476709263513,0.13704476717961053,0.13704476728681897,0.13704476717961053,0.13704476709263513,0.1360297338261066,0.13602973388802897,0.1360297339490479,0.13602973388802897,0.1360297338261066,0.13602973388802897,0.1360297340104374,0.13602973417514738,0.1360297340104374,0.13602973388802897,0.1360297339490479,0.13602973417514738,0.1360297346340946,0.13602973417514738,0.1360297339490479,0.13602973388802897,0.1360297340104374,0.13602973417514738,0.1360297340104374,0.13602973388802897,0.1360297338261066,0.13602973388802897,0.1360297339490479,0.13602973388802897,0.1360297338261066,0.13503425334787558,0.1350342533869073,0.13503425341923214,0.1350342533869073,0.13503425334787558,0.1350342533869073,0.13503425344997827,0.13503425351272444,0.13503425344997813,0.1350342533869073,0.13503425341923214,0.13503425351272444,0.13503425362714264,0.13503425351272444,0.13503425341923214,0.1350342533869073,0.13503425344997813,0.13503425351272444,0.13503425344997827,0.1350342533869073,0.13503425334787558,0.1350342533869073,0.13503425341923214,0.1350342533869073,0.13503425334787558
0.16533248753027782,0.16533248753027782,0.16533248753027782,0.16533248753027782,0.16533248753027782,0.16533248753027782,0.16533248753027782,0.16533248753027782,0.16533248753027782,0.16533248753027782,0.16533248753027782,0.16533248753027782,0.16533248753027782,0.16533248753027782,0.16533248753027782,0.16533248753027782,0.16533248753027782,0.16533248753027782,0.16533248753027782,0.16533248753027782,0.16533248753027782,0.16533248753027782,0.16533248753027782,0.16533248753027782,0.16533248753027782,0.16375749381658933,0.16375749381658933,0.16375749381658933,0.16375749381658933,0.16375749381658933,0.16375749381658933,0.16375749381658933,0.16375749381658933,0.16375749381658933,0.16375749381658933,0.16375749381658933,0.16375749381658933,0.16375749381658933,0.16375749381658933,0.16375749381658933,0.16375749381658933,0.16375749381658933,0.16375749381658933,0.16375749381658933,0.16375749381658933,0.16375749381658933,0.16375749381658933,0.16375749381658933,0.16375749381658933,0.16375749381658933,0.16221388403472373,0.16221388403472373,0.16221388403472373,0.16221388403472373,0.16221388403472373,0.16221388403472373,0.16221388403472373,0.16221388403472373,0.16221388403472373,0.16221388403472373,0.16221388403472373,0.16221388403472373,0.16221388403472373,0.16221388403472373,0.16221388403472373,0.16221388403472373,0.16221388403472373,0.16221388403472373,0.16221388403472373,0.16221388403472373,0.16221388403472373,0.16221388403472373,0.16221388403472373,0.16221388403472373,0.16221388403472373,0.16070106714172216,0.16070106714172216,0.16070106714172197,0.16070106714172216,0.16070106714172216,0.16070106714172216,0.16070106714172197,0.16070106714172197,0.16070106714172197,0.16070106714172216,0.16070106714172197,0.16070106714172197,0.16070106714172197,0.16070106714172197,0.16070106714172197,0.16070106714172216,0.16070106714172197,0.16070106714172197,0.16070106714172197,0.16070106714172216,0.16070106714172216,0.16070106714172216,0.16070106714172197,0.16070106714172216,0.16070106714172216,0.15921845151256286,0.15921845151256286,0.15921845151256286,0.15921845151256286,0.15921845151256286,0.15921845151256286,0.15921845151256286,0.15921845151256264,0.15921845151256286,0.15921845151256286,0.15921845151256286,0.15921845151256264,0.15921845151256264,0.15921845151256264,0.15921845151256286,0.15921845151256286,0.15921845151256286,0.15921845151256264,0.15921845151256286,0.15921845151256286,0.15921845151256286,0.15921845151256286,0.15921845151256286,0.15921845151256286,0.15921845151256286,0.15776544629201364,0.15776544629201342,0.1577654462920132,0.15776544629201342,0.15776544629201364,0.15776544629201342,0.1577654462920132,0.157765446292013,0.1577654462920132,0.15776544629201342,0.1577654462920132,0.157765446292013,0.15776544629201278,0.157765446292013,0.1577654462920132,0.15776544629201342,0.1577654462920132,0.157765446292013,0.1577654462920132,0.15776544629201342,0.15776544629201364,0.15776544629201342,0.1577654462920132,0.15776544629201342,0.15776544629201364,0.15634146260895368,0.15634146260895304,0.15634146260895243,0.15634146260895304,0.15634146260895368,0.15634146260895304,0.1563414626089522,0.15634146260895157,0.1563414626089522,0.15634146260895304,0.15634146260895243,0.15634146260895157,0.15634146260895118,0.15634146260895157,0.15634146260895243,0.15634146260895304,0.1563414626089522,0.15634146260895157,0.1563414626089522,0.15634146260895304,0.15634146260895368,0.15634146260895304,0.15634146260895243,0.15634146260895304,0.15634146260895368,0.15494591466343546,0.15494591466343302,0.15494591466343158,0.15494591466343302,0.15494591466343546,0.15494591466343302,0.15494591466343055,0.15494591466342894,0.15494591466343055,0.15494591466343302,0.15494591466343158,0.15494591466342894,0.1549459146634275,0.15494591466342894,0.15494591466343158,0.15494591466343302,0.15494591466343055,0.15494591466342894,0.15494591466343055,0.15494591466343302,0.15494591466343546,0.15494591466343302,0.15494591466343158,0.15494591466343302,0.15494591466343546,0.15357822069619012,0.15357822069618268,0.15357822069617788,0.15357822069618268,0.15357822069619012,0.15357822069618268,0.15357822069617486,0.15357822069616983,0.15357822069617486,0.15357822069618268,0.15357822069617788,0.15357822069616983,0.15357822069616484,0.15357822069616983,0.15357822069617788,0.15357822069618268,0.15357822069617486,0.15357822069616983,0.15357822069617486,0.15357822069618268,0.15357822069619012,0.15357822069618268,0.15357822069617788,0.15357822069618268,0.15357822069619012,0.15223780384973482,0.1522378038497118,0.15223780384969723,0.1522378038497118,0.15223780384973482,0.1522378038497118,0.1522378038496872,0.1522378038496718,0.1522378038496872,0.1522378038497118,0.15223780384969723,0.1522378038496718,0.15223780384965568,0.1522378038496718,0.15223780384969723,0.1522378038497118,0.1522378038496872,0.1522378038496718,0.1522378038496872,0.1522378038497118,0.15223780384973482,0.1522378038497118,0.15223780384969723,0.1522378038497118,0.15223780384973482,0.15092409292969355,0.15092409292962353,0.15092409292957895,0.15092409292962353,0.15092409292969355,0.15092409292962353,0.15092409292954695,0.15092409292949754,0.15092409292954695,0.15092409292962353,0.15092409292957895,0.15092409292949754,0.15092409292944467,0.15092409292949754,0.15092409292957895,0.15092409292962353,0.15092409292954695,0.15092409292949754,0.15092409292954695,0.15092409292962353,0.15092409292969355,0.15092409292962353,0.15092409292957895,0.15092409292962353,0.15092409292969355,0.1496365230744293,0.14963652307421924,0.14963652307408326,0.14963652307421924,0.1496365230744293,0.14963652307421924,0.1496365230739806,0.1496365230738212,0.1496365230739806,0.14963652307421924,0.14963652307408326,0.1496365230738212,0.14963652307364514,0.1496365230738212,0.14963652307408326,0.14963652307421924,0.1496365230739806,0.1496365230738212,0.1496365230739806,0.14963652307421924,0.1496365230744293,0.14963652307421924,0.14963652307408326,0.14963652307421924,0.1496365230744293,0.14837453634060221,0.14837453633998526,0.1483745363395757,0.14837453633998526,0.14837453634060221,0.14837453633998526,0.1483745363392473,0.14837453633873782,0.1483745363392473,0.14837453633998526,0.1483745363395757,0.14837453633873782,0.14837453633814826,0.14837453633873782,0.1483745363395757,0.14837453633998526,0.1483745363392473,0.14837453633873782,0.1483745363392473,0.14837453633998526,0.14837453634060221,0.14837453633998526,0.1483745363395757,0.14837453633998526,0.14837453634060221,0.1471375822118669,0.14713758221010864,0.1471375822088921,0.14713758221010864,0.1471375822118669,0.14713758221010864,0.147137582207863,0.14713758220620718,0.147137582207863,0.14713758221010864,0.1471375822088921,0.14713758220620718,0.14713758220412923,0.14713758220620718,0.1471375822088921,0.14713758221010864,0.147137582207863,0.14713758220620718,0.147137582207863,0.14713758221010864,0.1471375822118669,0.14713758221010864,0.1471375822088921,0.14713758221010864,0.1471375822118669,0.14592511803767458,0.14592511803288288,0.14592511802934507,0.14592511803288288,0.14592511803767458,0.14592511803288288,0.14592511802618785,0.1459251180206828,0.14592511802618785,0.14592511803288288,0.14592511802934507,0.1459251180206828,0.1459251180127878,0.1459251180206828,0.14592511802934507,0.14592511803288288,0.14592511802618785,0.1459251180206828,0.14592511802618785,0.14592511803288288,0.14592511803767458,0.14592511803288288,0.14592511802934507,0.14592511803288288,0.14592511803767458,0.14473660940913807,0.14473660939698416,0.14473660938710448,0.14473660939698416,0.14473660940913807,0.14473660939698416,0.14473660937781352,0.14473660935918906,0.14473660937781352,0.14473660939698416,0.14473660938710448,0.14473660935918906,0.14473660932597798,0.14473660935918906,0.14473660938710448,0.14473660939698416,0.14473660937781352,0.14473660935918906,0.14473660937781352,0.14473660939698416,0.14473660940913807,0.14473660939698416,0.14473660938710448,0.14473660939698416,0.14473660940913807,0.14357153047889223,0.14357153045160553,0.14357153042625534,0.14357153045160553,0.14357153047889223,0.14357153045160553,0.14357153040123813,0.14357153033904543,0.14357153040123813,0.14357153045160553,0.14357153042625534,0.14357153033904543,0.14357153018124152,0.14357153033904543,0.14357153042625534,0.14357153045160553,0.14357153040123813,0.14357153033904543,0.14357153040123813,0.14357153045160553,0.14357153047889223,0.14357153045160553,0.14357153042625534,0.14357153045160553,0.14357153047889223,0.14242936422970098,0.14242936418071403,0.14242936412734927,0.14242936418071403,0.14242936422970098,0.14242936418071403,0.1424293640727987,0.142429363889513,0.1424293640727987,0.14242936418071403,0.14242936412734927,0.142429363889513,0.14242936303916365,0.142429363889513,0.14242936412734927,0.14242936418071403,0.1424293640727987,0.142429363889513,0.1424293640727987,0.14242936418071403,0.14242936422970098,0.14242936418071403,0.14242936412734927,0.14242936418071403,0.14242936422970098,0.14130960268505907,0.14130960262885156,0.14130960256651098,0.14130960262885156,0.14130960268505907,0.14130960262885156,0.14130960250229282,0.1413096022887075,0.14130960250229282,0.14130960262885156,0.14130960256651098,0.1413096022887075,0.14130960135815435,0.1413096022887075,0.14130960256651098,0.14130960262885156,0.14130960250229282,0.1413096022887075,0.14130960250229282,0.14130960262885156,0.14130960268505907,0.14130960262885156,0.14130960256651098,0.14130960262885156,0.14130960268505907,0.14021174703479786,0.14021174699218356,0.1402117469418143,0.14021174699218356,0.14021174703479786,0.14021174699218356,0.14021174688938132,0.14021174669822922,0.14021174688938132,0.14021174699218356,0.1402117469418143,0.14021174669822922,0.1402117457545432,0.14021174669822922,0.1402117469418143,0.14021174699218356,0.14021174688938132,0.14021174669822922,0.14021174688938132,0.14021174699218356,0.14021174703479786,0.14021174699218356,0.1402117469418143,0.14021174699218356,0.14021174703479786,0.13913530775076954,0.13913530774804625,0.1391353077431081,0.13913530774804625,0.13913530775076954,0.13913530774804625,0.1391353077375318,0.13913530771464955,0.1391353077375318,0.13913530774804625,0.1391353077431081,0.13913530771464955,0.13913530762636114,0.13913530771464955,0.1391353077431081,0.13913530774804625,0.1391353077375318,0.13913530771464955,0.1391353077375318,0.13913530774804625,0.13913530775076954,0.13913530774804625,0.1391353077431081,0.13913530774804625,0.13913530775076954,0.13807980466821124,0.13807980471338735,0.138079804760479,0.13807980471338735,0.13807980466821124,0.13807980471338735,0.13807980480868573,0.13807980494511302,0.13807980480868573,0.13807980471338735,0.138079804760479,0.13807980494511302,0.13807980534354664,0.13807980494511302,0.138079804760479,0.13807980471338735,0.13807980480868573,0.13807980494511302,0.13807980480868573,0.13807980471338735,0.13807980466821124,0.13807980471338735,0.138079804760479,0.13807980471338735,0.13807980466821124,0.13704476708368835,0.13704476717029185,0.13704476727705647,0.13704476717029185,0.13704476708368835,0.13704476717029185,0.13704476738818694,0.13704476783180186,0.13704476738818694,0.13704476717029185,0.13704476727705647,0.13704476783180186,0.13704477030720444,0.13704476783180186,0.13704476727705647,0.13704476717029185,0.13704476738818694,0.13704476783180186,0.13704476738818694,0.13704476717029185,0.13704476708368835,0.13704476717029185,0.13704476727705647,0.13704476717029185,0.13704476708368835,0.1360297338165192,0.13602973387818662,0.1360297339389576,0.13602973387818662,0.1360297338165192,0.13602973387818662,0.1360297340000988,0.13602973416414993,0.1360297340000988,0.13602973387818662,0.1360297339389576,0.13602973416414993,0.13602973462127801,0.13602973416414993,0.1360297339389576,0.13602973387818662,0.1360297340000988,0.13602973416414993,0.1360297340000988,0.13602973387818662,0.1360297338165192,0.13602973387818662,0.1360297339389576,0.13602973387818662,0.1360297338165192,0.13503425333815758,0.13503425337703065,0.1350342534092247,0.13503425337703065,0.13503425333815758,0.13503425337703065,0.13503425343984699,0.13503425350234205,0.13503425343984699,0.13503425337703065,0.1350342534092247,0.13503425350234205,0.13503425361630544,0.13503425350234205,0.1350342534092247,0.13503425337703065,0.13503425343984699,0.13503425350234205,0.13503425343984699,0.13503425337703065,0.13503425333815758,0.13503425337703065,0.1350342534092247,0.13503425337703065,0.13503425333815758
0.16533248753361657,0.16533248753361657,0.16533248753361657,0.16533248753361657,0.16533248753361657,0.16533248753361657,0.16533248753361657,0.16533248753361657,0.16533248753361657,0.16533248753361657,0.16533248753361657,0.16533248753361657,0.16533248753361657,0.16533248753361657,0.16533248753361657,0.16533248753361657,0.16533248753361657,0.16533248753361657,0.16533248753361657,0.16533248753361657,0.16533248753361657,0.16533248753361657,0.16533248753361657,0.16533248753361657,0.16533248753361657,0.1637574938198623,0.1637574938198623,0.1637574938198623,0.1637574938198623,0.1637574938198623,0.1637574938198623,0.1637574938198623,0.1637574938198623,0.1637574938198623,0.1637574938198623,0.1637574938198623,0.1637574938198623,0.1637574938198623,0.1637574938198623,0.1637574938198623,0.1637574938198623,0.1637574938198623,0.1637574938198623,0.1637574938198623,0.1637574938198623,0.1637574938198623,0.1637574938198623,0.1637574938198623,0.1637574938198623,0.1637574938198623,0.16221388403793346,0.16221388403793346,0.16221388403793346,0.16221388403793346,0.16221388403793346,0.16221388403793346,0.16221388403793346,0.16221388403793346,0.16221388403793346,0.16221388403793346,0.16221388403793346,0.16221388403793346,0.16221388403793324,0.16221388403793324,0.16221388403793346,0.16221388403793346,0.16221388403793346,0.16221388403793324,0.16221388403793346,0.16221388403793346,0.16221388403793346,0.16221388403793346,0.16221388403793346,0.16221388403793346,0.16221388403793346,0.1607010671448703,0.1607010671448703,0.1607010671448703,0.1607010671448703,0.1607010671448703,0.1607010671448703,0.1607010671448703,0.1607010671448703,0.1607010671448703,0.1607010671448703,0.1607010671448703,0.1607010671448703,0.1607010671448703,0.1607010671448703,0.1607010671448703,0.1607010671448703,0.1607010671448703,0.1607010671448703,0.1607010671448703,0.1607010671448703,0.1607010671448703,0.1607010671448703,0.1607010671448703,0.1607010671448703,0.1607010671448703,0.1592184515156518,0.1592184515156518,0.1592184515156518,0.1592184515156518,0.1592184515156518,0.1592184515156518,0.15921845151565162,0.15921845151565162,0.15921845151565162,0.1592184515156518,0.1592184515156518,0.15921845151565162,0.15921845151565162,0.15921845151565162,0.1592184515156518,0.1592184515156518,0.15921845151565162,0.15921845151565162,0.15921845151565162,0.1592184515156518,0.1592184515156518,0.1592184515156518,0.1592184515156518,0.1592184515156518,0.1592184515156518,0.15776544629504538,0.1577654462950452,0.15776544629504496,0.1577654462950452,0.15776544629504538,0.1577654462950452,0.15776544629504474,0.15776544629504474,0.15776544629504496,0.1577654462950452,0.15776544629504496,0.15776544629504474,0.15776544629504452,0.15776544629504474,0.15776544629504496,0.1577654462950452,0.15776544629504496,0.15776544629504474,0.15776544629504496,0.1577654462950452,0.15776544629504538,0.1577654462950452,0.15776544629504496,0.1577654462950452,0.15776544629504538,0.1563414626119303,0.15634146261192947,0.15634146261192905,0.15634146261192947,0.1563414626119303,0.15634146261192947,0.15634146261192863,0.15634146261192822,0.15634146261192863,0.15634146261192947,0.15634146261192905,0.15634146261192822,0.1563414626119278,0.15634146261192822,0.15634146261192905,0.15634146261192947,0.15634146261192863,0.15634146261192822,0.15634146261192863,0.15634146261192947,0.1563414626119303,0.15634146261192947,0.15634146261192905,0.15634146261192947,0.1563414626119303,0.15494591466635885,0.15494591466635657,0.15494591466635493,0.15494591466635657,0.15494591466635885,0.15494591466635657,0.1549459146663541,0.1549459146663525,0.1549459146663541,0.15494591466635657,0.15494591466635493,0.1549459146663525,0.15494591466635105,0.1549459146663525,0.15494591466635493,0.15494591466635657,0.1549459146663541,0.1549459146663525,0.1549459146663541,0.15494591466635657,0.15494591466635885,0.15494591466635657,0.15494591466635493,0.15494591466635657,0.15494591466635885,0.15357822069906257,0.15357822069905516,0.15357822069905053,0.15357822069905516,0.15357822069906257,0.15357822069905516,0.1535782206990473,0.15357822069904248,0.1535782206990473,0.15357822069905516,0.15357822069905053,0.15357822069904248,0.15357822069903765,0.15357822069904248,0.15357822069905053,0.15357822069905516,0.1535782206990473,0.15357822069904248,0.1535782206990473,0.15357822069905516,0.15357822069906257,0.15357822069905516,0.15357822069905053,0.15357822069905516,0.15357822069906257,0.1522378038525579,0.15223780385253505,0.15223780385252092,0.15223780385253505,0.1522378038525579,0.15223780385253505,0.15223780385251107,0.1522378038524957,0.15223780385251107,0.15223780385253505,0.15223780385252092,0.1522378038524957,0.15223780385247973,0.1522378038524957,0.15223780385252092,0.15223780385253505,0.15223780385251107,0.1522378038524957,0.15223780385251107,0.15223780385253505,0.1522378038525579,0.15223780385253505,0.15223780385252092,0.15223780385253505,0.1522378038525579,0.1509240929324685,0.15092409293239945,0.15092409293235545,0.15092409293239945,0.1509240929324685,0.15092409293239945,0.15092409293232384,0.1509240929322752,0.15092409293232384,0.15092409293239945,0.15092409293235545,0.1509240929322752,0.1509240929322233,0.1509240929322752,0.15092409293235545,0.15092409293239945,0.15092409293232384,0.1509240929322752,0.15092409293232384,0.15092409293239945,0.1509240929324685,0.15092409293239945,0.15092409293235545,0.15092409293239945,0.1509240929324685,0.14963652307715608,0.14963652307694883,0.14963652307681458,0.14963652307694883,0.14963652307715608,0.14963652307694883,0.1496365230767134,0.14963652307655628,0.1496365230767134,0.14963652307694883,0.14963652307681458,0.14963652307655628,0.1496365230763827,0.14963652307655628,0.14963652307681458,0.14963652307694883,0.1496365230767134,0.14963652307655628,0.1496365230767134,0.14963652307694883,0.14963652307715608,0.14963652307694883,0.14963652307681458,0.14963652307694883,0.14963652307715608,0.14837453634327694,0.14837453634266773,0.1483745363422637,0.14837453634266773,0.14837453634327694,0.14837453634266773,0.14837453634193992,0.14837453634143713,0.14837453634193992,0.14837453634266773,0.1483745363422637,0.14837453634143713,0.14837453634085576,0.14837453634143713,0.1483745363422637,0.14837453634266773,0.14837453634193992,0.14837453634143713,0.14837453634193992,0.14837453634266773,0.14837453634327694,0.14837453634266773,0.1483745363422637,0.14837453634266773,0.14837453634327694,0.14713758221447443,0.14713758221273832,0.14713758221153755,0.14713758221273832,0.14713758221447443,0.14713758221273832,0.14713758221052228,0.1471375822088888,0.14713758221052228,0.14713758221273832,0.14713758221153755,0.1471375822088888,0.14713758220684026,0.1471375822088888,0.14713758221153755,0.14713758221273832,0.14713758221052228,0.1471375822088888,0.14713758221052228,0.14713758221273832,0.14713758221447443,0.14713758221273832,0.14713758221153755,0.14713758221273832,0.14713758221447443,0.14592511804016997,0.1459251180354372,0.14592511803194463,0.1459251180354372,0.14592511804016997,0.1459251180354372,0.14592511802882888,0.14592511802339936,0.14592511802882888,0.1459251180354372,0.14592511803194463,0.14592511802339936,0.14592511801561955,0.14592511802339936,0.14592511803194463,0.1459251180354372,0.14592511802882888,0.14592511802339936,0.14592511802882888,0.1459251180354372,0.14592511804016997,0.1459251180354372,0.14592511803194463,0.1459251180354372,0.14592511804016997,0.1447366094113995,0.14473660939938804,0.1447366093896316,0.14473660939938804,0.1447366094113995,0.14473660939938804,0.1447366093804602,0.14473660936209337,0.1447366093804602,0.14473660939938804,0.1447366093896316,0.14473660936209337,0.14473660932938537,0.14473660936209337,0.1447366093896316,0.14473660939938804,0.1447366093804602,0.14473660936209337,0.1447366093804602,0.14473660939938804,0.1447366094113995,0.14473660939938804,0.1447366093896316,0.14473660939938804,0.1447366094113995,0.14357153048062357,0.14357153045362725,0.14357153042857562,0.14357153045362725,0.14357153048062357,0.14357153045362725,0.14357153040386264,0.14357153034252398,0.14357153040386264,0.14357153045362725,0.14357153042857562,0.14357153034252398,0.1435715301872072,0.14357153034252398,0.14357153042857562,0.14357153045362725,0.14357153040386264,0.14357153034252398,0.14357153040386264,0.14357153045362725,0.14357153048062357,0.14357153045362725,0.14357153042857562,0.14357153045362725,0.14357153048062357,0.142429364230296,0.14242936418171753,0.14242936412888152,0.14242936418171753,0.142429364230296,0.14242936418171753,0.14242936407488482,0.14242936389394686,0.14242936407488482,0.14242936418171753,0.14242936412888152,0.14242936389394686,0.14242936305748066,0.14242936389394686,0.14242936412888152,0.14242936418171753,0.14242936407488482,0.14242936389394686,0.14242936407488482,0.14242936418171753,0.142429364230296,0.14242936418171753,0.14242936412888152,0.14242936418171753,0.142429364230296,0.14130960268365847,0.14130960262758027,0.14130960256534014,0.14130960262758027,0.14130960268365847,0.14130960262758027,0.14130960250122002,0.14130960228767486,0.14130960250122002,0.14130960262758027,0.14130960256534014,0.14130960228767486,0.1413096013552596,0.14130960228767486,0.14130960256534014,0.14130960262758027,0.14130960250122002,0.14130960228767486,0.14130960250122002,0.14130960262758027,0.14130960268365847,0.14130960262758027,0.14130960256534014,0.14130960262758027,0.14130960268365847,0.14021174703110711,0.14021174698843153,0.14021174693796826,0.14021174698843153,0.14021174703110711,0.14021174698843153,0.1402117468854343,0.1402117466938196,0.1402117468854343,0.14021174698843153,0.14021174693796826,0.1402117466938196,0.14021174574750825,0.1402117466938196,0.14021174693796826,0.14021174698843153,0.1402117468854343,0.1402117466938196,0.1402117468854343,0.14021174698843153,0.14021174703110711,0.14021174698843153,0.14021174693796826,0.14021174698843153,0.14021174703110711,0.13913530774488272,0.13913530774201316,0.13913530773693727,0.13913530774201316,0.13913530774488272,0.13913530774201316,0.1391353077312233,0.13913530770800708,0.1391353077312233,0.13913530774201316,0.13913530773693727,0.13913530770800708,0.13913530761892387,0.13913530770800708,0.13913530773693727,0.13913530774201316,0.1391353077312233,0.13913530770800708,0.1391353077312233,0.13913530774201316,0.13913530774488272,0.13913530774201316,0.13913530773693727,0.13913530774201316,0.13913530774488272,0.1380798046603978,0.138079804705315,0.1380798047521516,0.138079804705315,0.1380798046603978,0.138079804705315,0.13807980480010124,0.13807980493584807,0.13807980480010124,0.138079804705315,0.1380798047521516,0.13807980493584807,0.13807980533242922,0.13807980493584807,0.1380798047521516,0.138079804705315,0.13807980480010124,0.13807980493584807,0.13807980480010124,0.138079804705315,0.1380798046603978,0.138079804705315,0.1380798047521516,0.138079804705315,0.1380798046603978,0.13704476707445146,0.13704476716067243,0.13704476726698,0.13704476716067243,0.13704476707445146,0.13704476716067243,0.1370447673776381,0.13704476781941408,0.1370447673776381,0.13704476716067243,0.13704476726698,0.13704476781941408,0.13704477028470405,0.13704476781941408,0.13704476726698,0.13704476716067243,0.1370447673776381,0.13704476781941408,0.1370447673776381,0.13704476716067243,0.13704476707445146,0.13704476716067243,0.13704476726698,0.13704476716067243,0.13704476707445146,0.13602973380662364,0.13602973386802847,0.13602973392854417,0.13602973386802847,0.13602973380662364,0.13602973386802847,0.1360297339894301,0.13602973415280292,0.1360297339894301,0.13602973386802847,0.13602973392854417,0.13602973415280292,0.1360297346080593,0.13602973415280292,0.13602973392854417,0.13602973386802847,0.1360297339894301,0.13602973415280292,0.1360297339894301,0.13602973386802847,0.13602973380662364,0.13602973386802847,0.13602973392854417,0.13602973386802847,0.13602973380662364,0.1350342533281279,0.1350342533668375,0.13503425339889702,0.1350342533668375,0.1350342533281279,0.1350342533668375,0.13503425342939207,0.13503425349162873,0.13503425342939207,0.1350342533668375,0.13503425339889702,0.13503425349162873,0.1350342536051239,0.13503425349162873,0.13503425339889702,0.1350342533668375,0.13503425342939207,0.13503425349162873,0.13503425342939207,0.1350342533668375,0.1350342533281279,0.1350342533668375,0.13503425339889702,0.1350342533668375,0.1350342533281279
0.16533248753706248,0.16533248753706248,0.16533248753706248,0.16533248753706248,0.16533248753706248,0.16533248753706248,0.16533248753706248,0.16533248753706248,0.16533248753706248,0.16533248753706248,0.16533248753706248,0.16533248753706248,0.16533248753706248,0.16533248753706248,0.16533248753706248,0.16533248753706248,0.16533248753706248,0.16533248753706248,0.16533248753706248,0.16533248753706248,0.16533248753706248,0.16533248753706248,0.16533248753706248,0.16533248753706248,0.16533248753706248,0.16375749382324073,0.16375749382324073,0.16375749382324073,0.16375749382324073,0.16375749382324073,0.16375749382324073,0.16375749382324073,0.16375749382324073,0.16375749382324073,0.16375749382324073,0.16375749382324073,0.16375749382324073,0.16375749382324073,0.16375749382324073,0.16375749382324073,0.16375749382324073,0.16375749382324073,0.16375749382324073,0.16375749382324073,0.16375749382324073,0.16375749382324073,0.16375749382324073,0.16375749382324073,0.16375749382324073,0.16375749382324073,0.16221388404124612,0.16221388404124612,0.16221388404124612,0.16221388404124612,0.16221388404124612,0.16221388404124612,0.16221388404124612,0.16221388404124612,0.16221388404124612,0.16221388404124612,0.16221388404124612,0.16221388404124612,0.16221388404124612,0.16221388404124612,0.16221388404124612,0.16221388404124612,0.16221388404124612,0.16221388404124612,0.16221388404124612,0.16221388404124612,0.16221388404124612,0.16221388404124612,0.16221388404124612,0.16221388404124612,0.16221388404124612,0.16070106714811977,0.16070106714811955,0.16070106714811955,0.16070106714811955,0.16070106714811977,0.16070106714811955,0.16070106714811955,0.16070106714811955,0.16070106714811955,0.16070106714811955,0.16070106714811955,0.16070106714811955,0.16070106714811955,0.16070106714811955,0.16070106714811955,0.16070106714811955,0.16070106714811955,0.16070106714811955,0.16070106714811955,0.16070106714811955,0.16070106714811977,0.16070106714811955,0.16070106714811955,0.16070106714811955,0.16070106714811977,0.15921845151883984,0.15921845151883965,0.15921845151883965,0.15921845151883965,0.15921845151883984,0.15921845151883965,0.15921845151883965,0.15921845151883965,0.15921845151883965,0.15921845151883965,0.15921845151883965,0.15921845151883965,0.15921845151883965,0.15921845151883965,0.15921845151883965,0.15921845151883965,0.15921845151883965,0.15921845151883965,0.15921845151883965,0.15921845151883965,0.15921845151883984,0.15921845151883965,0.15921845151883965,0.15921845151883965,0.15921845151883984,0.15776544629817402,0.1577654462981738,0.15776544629817357,0.1577654462981738,0.15776544629817402,0.1577654462981738,0.15776544629817357,0.15776544629817335,0.15776544629817357,0.1577654462981738,0.15776544629817357,0.15776544629817335,0.15776544629817316,0.15776544629817335,0.15776544629817357,0.1577654462981738,0.15776544629817357,0.15776544629817335,0.15776544629817357,0.1577654462981738,0.15776544629817402,0.1577654462981738,0.15776544629817357,0.1577654462981738,0.15776544629817402,0.15634146261500187,0.15634146261500104,0.15634146261500062,0.15634146261500104,0.15634146261500187,0.15634146261500104,0.1563414626150004,0.15634146261499976,0.1563414626150004,0.15634146261500104,0.15634146261500062,0.15634146261499976,0.15634146261499934,0.15634146261499976,0.15634146261500062,0.15634146261500104,0.1563414626150004,0.15634146261499976,0.1563414626150004,0.15634146261500104,0.15634146261500187,0.15634146261500104,0.15634146261500062,0.15634146261500104,0.15634146261500187,0.15494591466937543,0.15494591466937319,0.15494591466937152,0.15494591466937319,0.15494591466937543,0.15494591466937319,0.15494591466937072,0.15494591466936908,0.15494591466937072,0.15494591466937319,0.15494591466937152,0.15494591466936908,0.15494591466936763,0.15494591466936908,0.15494591466937152,0.15494591466937319,0.15494591466937072,0.15494591466936908,0.15494591466937072,0.15494591466937319,0.15494591466937543,0.15494591466937319,0.15494591466937152,0.15494591466937319,0.15494591466937543,0.153578220702026,0.1535782207020186,0.15357822070201416,0.1535782207020186,0.153578220702026,0.1535782207020186,0.15357822070201116,0.15357822070200636,0.15357822070201116,0.1535782207020186,0.15357822070201416,0.15357822070200636,0.1535782207020015,0.15357822070200636,0.15357822070201416,0.1535782207020186,0.15357822070201116,0.15357822070200636,0.15357822070201116,0.1535782207020186,0.153578220702026,0.1535782207020186,0.15357822070201416,0.1535782207020186,0.153578220702026,0.15223780385547012,0.1522378038554477,0.15223780385543353,0.1522378038554477,0.15223780385547012,0.1522378038554477,0.15223780385542388,0.15223780385540872,0.15223780385542388,0.1522378038554477,0.15223780385543353,0.15223780385540872,0.15223780385539318,0.15223780385540872,0.15223780385543353,0.1522378038554477,0.15223780385542388,0.15223780385540872,0.15223780385542388,0.1522378038554477,0.15223780385547012,0.1522378038554477,0.15223780385543353,0.1522378038554477,0.15223780385547012,0.15092409293533088,0.15092409293526257,0.15092409293521936,0.15092409293526257,0.15092409293533088,0.15092409293526257,0.1509240929351881,0.15092409293514025,0.1509240929351881,0.15092409293526257,0.15092409293521936,0.15092409293514025,0.15092409293508913,0.15092409293514025,0.15092409293521936,0.15092409293526257,0.1509240929351881,0.15092409293514025,0.1509240929351881,0.15092409293526257,0.15092409293533088,0.15092409293526257,0.15092409293521936,0.15092409293526257,0.15092409293533088,0.1496365230799683,0.1496365230797639,0.14963652307963157,0.1496365230797639,0.1496365230799683,0.1496365230797639,0.1496365230795319,0.14963652307937725,0.1496365230795319,0.1496365230797639,0.14963652307963157,0.14963652307937725,0.14963652307920594,0.14963652307937725,0.14963652307963157,0.1496365230797639,0.1496365230795319,0.14963652307937725,0.1496365230795319,0.1496365230797639,0.1496365230799683,0.1496365230797639,0.14963652307963157,0.1496365230797639,0.1496365230799683,0.14837453634603479,0.14837453634543396,0.1483745363450353,0.14837453634543396,0.14837453634603479,0.14837453634543396,0.14837453634471617,0.14837453634422043,0.14837453634471617,0.14837453634543396,0.1483745363450353,0.14837453634422043,0.14837453634364756,0.14837453634422043,0.1483745363450353,0.14837453634543396,0.14837453634471617,0.14837453634422043,0.14837453634471617,0.14837453634543396,0.14837453634603479,0.14837453634543396,0.1483745363450353,0.14837453634543396,0.14837453634603479,0.1471375822171624,0.14713758221544937,0.14713758221426496,0.14713758221544937,0.1471375822171624,0.14713758221544937,0.14713758221326367,0.14713758221165363,0.14713758221326367,0.14713758221544937,0.14713758221426496,0.14713758221165363,0.14713758220963524,0.14713758221165363,0.14713758221426496,0.14713758221544937,0.14713758221326367,0.14713758221165363,0.14713758221326367,0.14713758221544937,0.1471375822171624,0.14713758221544937,0.14713758221426496,0.14713758221544937,0.1471375822171624,0.14592511804274175,0.1459251180380699,0.14592511803462396,0.1459251180380699,0.14592511804274175,0.1459251180380699,0.1459251180315513,0.14592511802619995,0.1459251180315513,0.1459251180380699,0.14592511803462396,0.14592511802619995,0.1459251180185389,0.14592511802619995,0.14592511803462396,0.1459251180380699,0.1459251180315513,0.14592511802619995,0.1459251180315513,0.1459251180380699,0.14592511804274175,0.1459251180380699,0.14592511803462396,0.1459251180380699,0.14592511804274175,0.14473660941372943,0.1447366094018649,0.14473660939223587,0.1447366094018649,0.14473660941372943,0.1447366094018649,0.14473660938318791,0.14473660936508728,0.14473660938318791,0.1447366094018649,0.14473660939223587,0.14473660936508728,0.14473660933289922,0.14473660936508728,0.14473660939223587,0.1447366094018649,0.14473660938318791,0.14473660936508728,0.14473660938318791,0.1447366094018649,0.14473660941372943,0.1447366094018649,0.14473660939223587,0.1447366094018649,0.14473660941372943,0.14357153048240537,0.14357153045570867,0.14357153043096574,0.14357153045570867,0.14357153048240537,0.14357153045570867,0.14357153040656676,0.1435715303461105,0.14357153040656676,0.14357153045570867,0.14357153043096574,0.1435715303461105,0.14357153019336416,0.1435715303461105,0.14357153043096574,0.14357153045570867,0.14357153040656676,0.1435715303461105,0.14357153040656676,0.14357153045570867,0.14357153048240537,0.14357153045570867,0.14357153043096574,0.14357153045570867,0.14357153048240537,0.14242936423090358,0.14242936418274668,0.1424293641304567,0.14242936418274668,0.14242936423090358,0.14242936418274668,0.14242936407703188,0.1424293638985191,0.14242936407703188,0.14242936418274668,0.1424293641304567,0.1424293638985191,0.1424293630763796,0.1424293638985191,0.1424293641304567,0.14242936418274668,0.14242936407703188,0.1424293638985191,0.14242936407703188,0.14242936418274668,0.14242936423090358,0.14242936418274668,0.1424293641304567,0.14242936418274668,0.14242936423090358,0.1413096026822056,0.14130960262625958,0.14130960256412162,0.14130960262625958,0.1413096026822056,0.14130960262625958,0.1413096025001012,0.141309602286592,0.1413096025001012,0.14130960262625958,0.14130960256412162,0.141309602286592,0.1413096013521984,0.141309602286592,0.14130960256412162,0.14130960262625958,0.1413096025001012,0.141309602286592,0.1413096025001012,0.14130960262625958,0.1413096026822056,0.14130960262625958,0.14130960256412162,0.14130960262625958,0.1413096026822056,0.14021174702729203,0.14021174698455147,0.14021174693398916,0.14021174698455147,0.14021174702729203,0.14021174698455147,0.14021174688134866,0.1402117466892481,0.14021174688134866,0.14021174698455147,0.14021174693398916,0.1402117466892481,0.14021174574015574,0.1402117466892481,0.14021174693398916,0.14021174698455147,0.14021174688134866,0.1402117466892481,0.14021174688134866,0.14021174698455147,0.14021174702729203,0.14021174698455147,0.14021174693398916,0.14021174698455147,0.14021174702729203,0.13913530773880617,0.139135307735785,0.13913530773056618,0.139135307735785,0.13913530773880617,0.139135307735785,0.13913530772470922,0.13913530770114613,0.13913530772470922,0.139135307735785,0.13913530773056618,0.13913530770114613,0.13913530761123566,0.13913530770114613,0.13913530773056618,0.139135307735785,0.13913530772470922,0.13913530770114613,0.13913530772470922,0.139135307735785,0.13913530773880617,0.139135307735785,0.13913530773056618,0.139135307735785,0.13913530773880617,0.13807980465233904,0.13807980469698958,0.1380798047435637,0.13807980469698958,0.13807980465233904,0.13807980469698958,0.1380798047912484,0.13807980492629504,0.1380798047912484,0.13807980469698958,0.1380798047435637,0.13807980492629504,0.13807980532097042,0.13807980492629504,0.1380798047435637,0.13807980469698958,0.1380798047912484,0.13807980492629504,0.1380798047912484,0.13807980469698958,0.13807980465233904,0.13807980469698958,0.1380798047435637,0.13807980469698958,0.13807980465233904,0.13704476706492963,0.13704476715075697,0.13704476725659462,0.13704476715075697,0.13704476706492963,0.13704476715075697,0.13704476736676707,0.13704476780665292,0.13704476736676707,0.13704476715075697,0.13704476725659462,0.13704476780665292,0.1370447702615511,0.13704476780665292,0.13704476725659462,0.13704476715075697,0.13704476736676707,0.13704476780665292,0.13704476736676707,0.13704476715075697,0.13704476706492963,0.13704476715075697,0.13704476725659462,0.13704476715075697,0.13704476706492963,0.13602973379642477,0.1360297338575597,0.13602973391781284,0.1360297338575597,0.13602973379642477,0.1360297338575597,0.13602973397843615,0.13602973414111222,0.13602973397843615,0.1360297338575597,0.13602973391781284,0.13602973414111222,0.1360297345944447,0.13602973414111222,0.13602973391781284,0.1360297338575597,0.13602973397843615,0.13602973414111222,0.13602973397843615,0.1360297338575597,0.13602973379642477,0.1360297338575597,0.13602973391781284,0.1360297338575597,0.13602973379642477,0.1350342533177916,0.13503425335633315,0.13503425338825448,0.13503425335633315,0.1350342533177916,0.13503425335633315,0.13503425341861866,0.13503425348058962,0.13503425341861866,0.13503425335633315,0.13503425338825448,0.13503425348058962,0.13503425359360346,0.13503425348058962,0.13503425338825448,0.13503425335633315,0.13503425341861866,0.13503425348058962,0.13503425341861866,0.13503425335633315,0.1350342533177916,0.13503425335633315,0.13503425338825448,0.13503425335633315,0.1350342533177916
0.16533248754060773,0.16533248754060773,0.16533248754060773,0.16533248754060773,0.16533248754060773,0.16533248754060773,0.16533248754060773,0.16533248754060773,0.16533248754060773,0.16533248754060773,0.16533248754060773,0.16533248754060773,0.16533248754060773,0.16533248754060773,0.16533248754060773,0.16533248754060773,0.16533248754060773,0.16533248754060773,0.16533248754060773,0.16533248754060773,0.16533248754060773,0.16533248754060773,0.16533248754060773,0.16533248754060773,0.16533248754060773,0.16375749382671606,0.16375749382671606,0.16375749382671606,0.16375749382671606,0.16375749382671606,0.16375749382671606,0.16375749382671606,0.16375749382671606,0.16375749382671606,0.16375749382671606,0.16375749382671606,0.16375749382671606,0.16375749382671606,0.16375749382671606,0.16375749382671606,0.16375749382671606,0.16375749382671606,0.16375749382671606,0.16375749382671606,0.16375749382671606,0.16375749382671606,0.16375749382671606,0.16375749382671606,0.16375749382671606,0.16375749382671606,0.16221388404465398,0.16221388404465398,0.16221388404465398,0.16221388404465398,0.16221388404465398,0.16221388404465398,0.16221388404465398,0.16221388404465398,0.16221388404465398,0.16221388404465398,0.16221388404465398,0.16221388404465398,0.16221388404465398,0.16221388404465398,0.16221388404465398,0.16221388404465398,0.16221388404465398,0.16221388404465398,0.16221388404465398,0.16221388404465398,0.16221388404465398,0.16221388404465398,0.16221388404465398,0.16221388404465398,0.16221388404465398,0.16070106715146182,0.16070106715146182,0.16070106715146182,0.16070106715146182,0.16070106715146182,0.16070106715146182,0.16070106715146182,0.16070106715146182,0.16070106715146182,0.16070106715146182,0.16070106715146182,0.16070106715146182,0.16070106715146182,0.16070106715146182,0.16070106715146182,0.16070106715146182,0.16070106715146182,0.16070106715146182,0.16070106715146182,0.16070106715146182,0.16070106715146182,0.16070106715146182,0.16070106715146182,0.16070106715146182,0.16070106715146182,0.15921845152211844,0.15921845152211844,0.15921845152211822,0.15921845152211844,0.15921845152211844,0.15921845152211844,0.15921845152211822,0.15921845152211822,0.15921845152211822,0.15921845152211844,0.15921845152211822,0.15921845152211822,0.15921845152211822,0.15921845152211822,0.15921845152211822,0.15921845152211844,0.15921845152211822,0.15921845152211822,0.15921845152211822,0.15921845152211822,0.15921845152211844,0.15921845152211844,0.15921845152211822,0.15921845152211822,0.15921845152211844,0.15776544630139117,0.15776544630139097,0.15776544630139075,0.15776544630139097,0.15776544630139117,0.15776544630139097,0.15776544630139075,0.15776544630139053,0.15776544630139075,0.15776544630139097,0.15776544630139075,0.15776544630139053,0.1577654463013903,0.15776544630139053,0.15776544630139075,0.15776544630139097,0.15776544630139075,0.15776544630139053,0.15776544630139075,0.15776544630139097,0.15776544630139117,0.15776544630139097,0.15776544630139075,0.15776544630139097,0.15776544630139117,0.1563414626181596,0.15634146261815876,0.15634146261815834,0.15634146261815876,0.1563414626181596,0.15634146261815876,0.15634146261815812,0.1563414626181575,0.15634146261815812,0.15634146261815876,0.15634146261815834,0.1563414626181575,0.15634146261815707,0.1563414626181575,0.15634146261815834,0.15634146261815876,0.15634146261815812,0.1563414626181575,0.15634146261815812,0.15634146261815876,0.1563414626181596,0.15634146261815876,0.15634146261815834,0.15634146261815876,0.1563414626181596,0.15494591467247565,0.1549459146724734,0.15494591467247193,0.1549459146724734,0.15494591467247565,0.1549459146724734,0.15494591467247093,0.1549459146724695,0.15494591467247093,0.1549459146724734,0.15494591467247193,0.1549459146724695,0.15494591467246804,0.1549459146724695,0.15494591467247193,0.1549459146724734,0.15494591467247093,0.1549459146724695,0.15494591467247093,0.1549459146724734,0.15494591467247565,0.1549459146724734,0.15494591467247193,0.1549459146724734,0.15494591467247584,0.1535782207050708,0.15357822070506358,0.15357822070505914,0.15357822070506358,0.1535782207050708,0.15357822070506358,0.15357822070505614,0.1535782207050515,0.15357822070505614,0.15357822070506358,0.15357822070505914,0.1535782207050515,0.1535782207050467,0.1535782207050515,0.15357822070505914,0.15357822070506358,0.15357822070505614,0.1535782207050515,0.15357822070505614,0.15357822070506358,0.1535782207050708,0.15357822070506358,0.15357822070505914,0.15357822070506358,0.1535782207050708,0.1522378038584613,0.15223780385843907,0.15223780385842528,0.15223780385843907,0.1522378038584613,0.15223780385843907,0.15223780385841565,0.15223780385840086,0.15223780385841565,0.15223780385843907,0.15223780385842528,0.15223780385840086,0.1522378038583853,0.15223780385840086,0.15223780385842528,0.15223780385843907,0.15223780385841565,0.15223780385840086,0.15223780385841565,0.15223780385843907,0.1522378038584613,0.15223780385843907,0.15223780385842528,0.15223780385843907,0.1522378038584613,0.15092409293826942,0.15092409293820228,0.15092409293815964,0.15092409293820228,0.15092409293826942,0.15092409293820228,0.15092409293812897,0.1509240929380817,0.15092409293812897,0.15092409293820228,0.15092409293815964,0.1509240929380817,0.15092409293803136,0.1509240929380817,0.15092409293815964,0.15092409293820228,0.15092409293812897,0.1509240929380817,0.15092409293812897,0.15092409293820228,0.15092409293826942,0.15092409293820228,0.15092409293815964,0.15092409293820228,0.15092409293826942,0.1496365230828543,0.14963652308265274,0.1496365230825223,0.14963652308265274,0.1496365230828543,0.14963652308265274,0.14963652308242412,0.14963652308227193,0.14963652308242412,0.14963652308265274,0.1496365230825223,0.14963652308227193,0.14963652308210326,0.14963652308227193,0.1496365230825223,0.14963652308265274,0.14963652308242412,0.14963652308227193,0.14963652308242412,0.14963652308265274,0.1496365230828543,0.14963652308265274,0.1496365230825223,0.14963652308265274,0.1496365230828543,0.1483745363488637,0.14837453634827136,0.14837453634787828,0.14837453634827136,0.1483745363488637,0.14837453634827136,0.14837453634756398,0.14837453634707545,0.14837453634756398,0.14837453634827136,0.14837453634787828,0.14837453634707545,0.1483745363465111,0.14837453634707545,0.14837453634787828,0.14837453634827136,0.14837453634756398,0.14837453634707545,0.14837453634756398,0.14837453634827136,0.1483745363488637,0.14837453634827136,0.14837453634787828,0.14837453634827136,0.1483745363488637,0.1471375822199183,0.1471375822182289,0.147137582217061,0.1471375822182289,0.1471375822199183,0.1471375822182289,0.14713758221607426,0.14713758221448783,0.14713758221607426,0.1471375822182289,0.147137582217061,0.14713758221448783,0.14713758221250067,0.14713758221448783,0.147137582217061,0.1471375822182289,0.14713758221607426,0.14713758221448783,0.14713758221607426,0.1471375822182289,0.1471375822199183,0.1471375822182289,0.147137582217061,0.1471375822182289,0.1471375822199183,0.14592511804537708,0.14592511804076755,0.14592511803736954,0.14592511804076755,0.14592511804537708,0.14592511804076755,0.1459251180343407,0.14592511802906927,0.1459251180343407,0.14592511804076755,0.14592511803736954,0.14592511802906927,0.14592511802152985,0.14592511802906927,0.14592511803736954,0.14592511804076755,0.1459251180343407,0.14592511802906927,0.1459251180343407,0.14592511804076755,0.14592511804537708,0.14592511804076755,0.14592511803736954,0.14592511804076755,0.14592511804537708,0.14473660941611552,0.14473660940440145,0.14473660939490282,0.14473660940440145,0.14473660941611552,0.14473660940440145,0.14473660938598104,0.14473660936815289,0.14473660938598104,0.14473660940440145,0.14473660939490282,0.14473660936815289,0.14473660933649618,0.14473660936815289,0.14473660939490282,0.14473660940440145,0.14473660938598104,0.14473660936815289,0.14473660938598104,0.14473660940440145,0.14473660941611552,0.14473660940440145,0.14473660939490282,0.14473660940440145,0.14473660941611552,0.1435715304842289,0.14357153045783938,0.14357153043341214,0.14357153045783938,0.1435715304842289,0.14357153045783938,0.14357153040933482,0.14357153034978087,0.14357153040933482,0.14357153045783938,0.14357153043341214,0.14357153034978087,0.14357153019966215,0.14357153034978087,0.14357153043341214,0.14357153045783938,0.14357153040933482,0.14357153034978087,0.14357153040933482,0.1435715304578392,0.1435715304842289,0.14357153045783938,0.14357153043341214,0.1435715304578392,0.1435715304842289,0.1424293642315238,0.14242936418379884,0.14242936413206847,0.14242936418379884,0.1424293642315238,0.14242936418379884,0.14242936407922943,0.14242936390319855,0.14242936407922943,0.14242936418379884,0.14242936413206847,0.14242936390319855,0.14242936309569323,0.14242936390319855,0.14242936413206847,0.14242936418379884,0.14242936407922943,0.14242936390319855,0.14242936407922943,0.14242936418379884,0.1424293642315238,0.14242936418379884,0.14242936413206847,0.14242936418379884,0.1424293642315238,0.14130960268071324,0.14130960262490458,0.14130960256287448,0.14130960262490458,0.14130960268071324,0.14130960262490458,0.1413096024989596,0.1413096022855041,0.1413096024989596,0.14130960262490458,0.14130960256287448,0.1413096022855041,0.1413096013492505,0.1413096022855041,0.14130960256287448,0.14130960262490458,0.1413096024989596,0.1413096022855041,0.1413096024989596,0.14130960262490458,0.14130960268071324,0.14130960262490458,0.14130960256287448,0.14130960262490458,0.14130960268071324,0.1402117470233739,0.14021174698056707,0.14021174692990335,0.14021174698056707,0.1402117470233739,0.14021174698056707,0.140211746877154,0.1402117466845524,0.140211746877154,0.14021174698056707,0.14021174692990335,0.1402117466845524,0.14021174573257816,0.1402117466845524,0.14021174692990335,0.14021174698056707,0.140211746877154,0.1402117466845524,0.140211746877154,0.14021174698056707,0.1402117470233739,0.14021174698056707,0.14021174692990335,0.14021174698056707,0.1402117470233739,0.13913530773256488,0.13913530772938792,0.1391353077240224,0.13913530772938792,0.13913530773256488,0.13913530772938792,0.1391353077180184,0.13913530769409815,0.1391353077180184,0.13913530772938792,0.1391353077240224,0.13913530769409815,0.13913530760333404,0.13913530769409815,0.1391353077240224,0.13913530772938792,0.1391353077180184,0.13913530769409815,0.1391353077180184,0.13913530772938792,0.13913530773256488,0.13913530772938792,0.1391353077240224,0.13913530772938792,0.13913530773256488,0.13807980464406153,0.13807980468843825,0.13807980473474277,0.13807980468843825,0.13807980464406153,0.13807980468843825,0.1380798047821555,0.13807980491648292,0.1380798047821555,0.13807980468843825,0.13807980473474277,0.13807980491648292,0.13807980530920108,0.13807980491648292,0.13807980473474277,0.13807980468843825,0.1380798047821555,0.13807980491648292,0.1380798047821555,0.13807980468843825,0.13807980464406153,0.13807980468843825,0.13807980473474277,0.13807980468843825,0.13807980464406153,0.1370447670551492,0.13704476714057243,0.13704476724592782,0.13704476714057243,0.1370447670551492,0.13704476714057243,0.13704476735560156,0.13704476779354693,0.13704476735560156,0.13704476714057243,0.13704476724592782,0.13704476779354693,0.1370447702377716,0.13704476779354693,0.13704476724592782,0.13704476714057243,0.13704476735560156,0.13704476779354693,0.13704476735560156,0.13704476714057243,0.1370447670551492,0.13704476714057243,0.13704476724592782,0.13704476714057243,0.1370447670551492,0.13602973378594854,0.13602973384680647,0.13602973390679027,0.13602973384680647,0.13602973378594854,0.13602973384680647,0.13602973396714407,0.13602973412910455,0.13602973396714407,0.13602973384680647,0.13602973390679027,0.13602973412910455,0.1360297345804621,0.13602973412910455,0.13602973390679027,0.13602973384680647,0.13602973396714407,0.13602973412910455,0.13602973396714407,0.13602973384680647,0.13602973378594854,0.13602973384680647,0.13602973390679027,0.13602973384680647,0.13602973378594854,0.1350342533071742,0.13503425334554334,0.13503425337732283,0.13503425334554334,0.1350342533071742,0.13503425334554334,0.1350342534075526,0.13503425346925094,0.1350342534075526,0.13503425334554334,0.13503425337732283,0.13503425346925094,0.13503425358177068,0.13503425346925094,0.13503425337732283,0.13503425334554334,0.1350342534075526,0.13503425346925094,0.1350342534075526,0.13503425334554334,0.1350342533071742,0.13503425334554334,0.13503425337732283,0.13503425334554334,0.1350342533071742
0.16533248754425112,0.16533248754425112,0.16533248754425112,0.16533248754425112,0.16533248754425112,0.16533248754425112,0.16533248754425112,0.16533248754425112,0.16533248754425112,0.16533248754425112,0.16533248754425112,0.16533248754425112,0.16533248754425112,0.16533248754425112,0.16533248754425112,0.16533248754425112,0.16533248754425112,0.16533248754425112,0.16533248754425112,0.16533248754425112,0.16533248754425112,0.16533248754425112,0.16533248754425112,0.16533248754425112,0.16533248754425112,0.16375749383028784,0.16375749383028784,0.16375749383028784,0.16375749383028784,0.16375749383028784,0.16375749383028784,0.16375749383028784,0.16375749383028784,0.16375749383028784,0.16375749383028784,0.16375749383028784,0.16375749383028784,0.16375749383028784,0.16375749383028784,0.16375749383028784,0.16375749383028784,0.16375749383028784,0.16375749383028784,0.16375749383028784,0.16375749383028784,0.16375749383028784,0.16375749383028784,0.16375749383028784,0.16375749383028784,0.1637574938302881,0.16221388404815615,0.16221388404815615,0.16221388404815615,0.16221388404815615,0.16221388404815615,0.16221388404815615,0.16221388404815615,0.16221388404815615,0.16221388404815615,0.16221388404815615,0.16221388404815615,0.16221388404815615,0.16221388404815615,0.16221388404815615,0.16221388404815615,0.16221388404815615,0.16221388404815615,0.16221388404815615,0.16221388404815615,0.16221388404815615,0.16221388404815615,0.16221388404815615,0.16221388404815615,0.16221388404815615,0.16221388404815615,0.16070106715489674,0.16070106715489652,0.16070106715489652,0.16070106715489652,0.16070106715489674,0.16070106715489652,0.16070106715489652,0.16070106715489652,0.16070106715489652,0.16070106715489652,0.16070106715489652,0.16070106715489652,0.16070106715489652,0.16070106715489652,0.16070106715489652,0.16070106715489652,0.16070106715489652,0.16070106715489652,0.16070106715489652,0.16070106715489652,0.16070106715489674,0.16070106715489652,0.16070106715489652,0.16070106715489652,0.16070106715489674,0.15921845152548783,0.15921845152548783,0.15921845152548783,0.15921845152548783,0.15921845152548783,0.15921845152548783,0.15921845152548783,0.1592184515254876,0.15921845152548783,0.15921845152548783,0.15921845152548783,0.1592184515254876,0.1592184515254876,0.1592184515254876,0.15921845152548783,0.15921845152548783,0.15921845152548783,0.1592184515254876,0.15921845152548783,0.15921845152548783,0.15921845152548783,0.15921845152548783,0.15921845152548783,0.15921845152548783,0.15921845152548783,0.15776544630469752,0.15776544630469727,0.1577654463046971,0.15776544630469727,0.15776544630469752,0.15776544630469727,0.1577654463046971,0.15776544630469688,0.1577654463046971,0.15776544630469727,0.1577654463046971,0.15776544630469688,0.15776544630469666,0.15776544630469688,0.1577654463046971,0.15776544630469727,0.1577654463046971,0.15776544630469688,0.1577654463046971,0.15776544630469727,0.15776544630469752,0.15776544630469727,0.1577654463046971,0.15776544630469727,0.15776544630469752,0.15634146262140472,0.1563414626214041,0.15634146262140347,0.1563414626214041,0.15634146262140472,0.1563414626214041,0.15634146262140325,0.15634146262140286,0.15634146262140325,0.1563414626214041,0.15634146262140347,0.15634146262140286,0.15634146262140242,0.15634146262140286,0.15634146262140347,0.1563414626214041,0.15634146262140325,0.15634146262140286,0.15634146262140325,0.1563414626214041,0.15634146262140472,0.1563414626214041,0.15634146262140347,0.1563414626214041,0.15634146262140472,0.15494591467566193,0.15494591467565969,0.15494591467565824,0.15494591467565969,0.15494591467566193,0.15494591467565969,0.15494591467565721,0.15494591467565577,0.15494591467565721,0.15494591467565969,0.15494591467565824,0.15494591467565577,0.15494591467565436,0.15494591467565577,0.15494591467565824,0.15494591467565969,0.15494591467565721,0.15494591467565577,0.1549459146756574,0.15494591467565969,0.15494591467566193,0.15494591467565969,0.15494591467565824,0.15494591467565969,0.15494591467566193,0.15357822070820012,0.1535782207081929,0.1535782207081885,0.1535782207081929,0.15357822070820012,0.1535782207081929,0.1535782207081857,0.15357822070818106,0.1535782207081857,0.1535782207081929,0.1535782207081885,0.15357822070818106,0.15357822070817623,0.15357822070818106,0.1535782207081885,0.1535782207081929,0.1535782207081857,0.15357822070818106,0.1535782207081857,0.1535782207081929,0.15357822070820012,0.1535782207081929,0.1535782207081885,0.1535782207081929,0.15357822070820012,0.15223780386153535,0.1522378038615135,0.1522378038614999,0.1522378038615135,0.15223780386153535,0.1522378038615135,0.15223780386149047,0.15223780386147592,0.15223780386149047,0.1522378038615135,0.1522378038614999,0.15223780386147592,0.15223780386146074,0.15223780386147592,0.1522378038614999,0.1522378038615135,0.15223780386149047,0.15223780386147592,0.15223780386149047,0.1522378038615135,0.15223780386153535,0.1522378038615135,0.1522378038614999,0.1522378038615135,0.15223780386153535,0.15092409294128958,0.15092409294122341,0.15092409294118136,0.15092409294122341,0.15092409294128958,0.15092409294122341,0.15092409294115125,0.15092409294110476,0.15092409294115125,0.15092409294122341,0.15092409294118136,0.15092409294110476,0.1509240929410552,0.15092409294110476,0.15092409294118136,0.15092409294122341,0.15092409294115125,0.15092409294110476,0.15092409294115125,0.15092409294122341,0.15092409294128958,0.15092409294122341,0.15092409294118136,0.15092409294122341,0.15092409294128958,0.14963652308582046,0.14963652308562192,0.14963652308549333,0.14963652308562192,0.14963652308582046,0.14963652308562192,0.14963652308539674,0.14963652308524697,0.14963652308539674,0.14963652308562192,0.14963652308549333,0.14963652308524697,0.14963652308508094,0.14963652308524697,0.14963652308549333,0.14963652308562192,0.14963652308539674,0.14963652308524697,0.14963652308539674,0.14963652308562192,0.14963652308582046,0.14963652308562192,0.14963652308549333,0.14963652308562192,0.14963652308582046,0.14837453635177114,0.14837453635118752,0.1483745363508004,0.14837453635118752,0.14837453635177114,0.14837453635118752,0.14837453635049086,0.14837453635000977,0.14837453635049086,0.14837453635118752,0.1483745363508004,0.14837453635000977,0.14837453634945433,0.14837453635000977,0.1483745363508004,0.14837453635118752,0.14837453635049086,0.14837453635000977,0.14837453635049086,0.14837453635118752,0.14837453635177114,0.14837453635118752,0.1483745363508004,0.14837453635118752,0.14837453635177114,0.1471375822227509,0.1471375822210856,0.1471375822199348,0.1471375822210856,0.1471375822227509,0.1471375822210856,0.14713758221896314,0.14713758221740125,0.14713758221896314,0.1471375822210856,0.1471375822199348,0.14713758221740125,0.14713758221544593,0.14713758221740125,0.1471375822199348,0.1471375822210856,0.14713758221896314,0.14713758221740125,0.14713758221896314,0.1471375822210856,0.1471375822227509,0.1471375822210856,0.1471375822199348,0.1471375822210856,0.1471375822227509,0.14592511804808564,0.1459251180435402,0.1459251180401915,0.1459251180435402,0.14592511804808564,0.1459251180435402,0.14592511803720787,0.14592511803201874,0.14592511803720787,0.1459251180435402,0.1459251180401915,0.14592511803201874,0.1459251180246043,0.14592511803201874,0.1459251180401915,0.1459251180435402,0.14592511803720787,0.14592511803201874,0.14592511803720787,0.1459251180435402,0.14592511804808564,0.1459251180435402,0.1459251180401915,0.1459251180435402,0.14592511804808564,0.14473660941856778,0.14473660940700872,0.14473660939764413,0.14473660940700872,0.14473660941856778,0.14473660940700872,0.14473660938885238,0.14473660937130456,0.14473660938885238,0.14473660940700872,0.14473660939764413,0.14473660937130456,0.14473660934019505,0.14473660937130456,0.14473660939764413,0.14473660940700872,0.14473660938885238,0.14473660937130456,0.14473660938885238,0.14473660940700872,0.14473660941856778,0.14473660940700872,0.14473660939764413,0.14473660940700872,0.14473660941856778,0.14357153048610258,0.14357153046002877,0.1435715304359265,0.14357153046002877,0.14357153048610258,0.14357153046002877,0.1435715304121803,0.14357153035355527,0.1435715304121803,0.14357153046002877,0.1435715304359265,0.14357153035355527,0.14357153020614136,0.14357153035355527,0.1435715304359265,0.14357153046002877,0.1435715304121803,0.14357153035355527,0.1435715304121803,0.14357153046002877,0.14357153048610258,0.14357153046002877,0.1435715304359265,0.14357153046002877,0.14357153048610258,0.14242936423215904,0.14242936418487864,0.14242936413372387,0.14242936418487864,0.14242936423215904,0.14242936418487864,0.14242936408148757,0.14242936390801117,0.14242936408148757,0.14242936418487864,0.14242936413372387,0.14242936390801117,0.1424293631156153,0.14242936390801117,0.14242936413372387,0.14242936418487864,0.14242936408148757,0.14242936390801117,0.14242936408148757,0.14242936418487864,0.14242936423215904,0.14242936418487864,0.14242936413372387,0.14242936418487864,0.14242936423215904,0.14130960267917514,0.14130960262350725,0.1413096025615872,0.14130960262350725,0.14130960267917514,0.14130960262350725,0.14130960249778007,0.14130960228437683,0.14130960249778007,0.14130960262350725,0.1413096025615872,0.14130960228437683,0.14130960134612186,0.14130960228437683,0.1413096025615872,0.14130960262350725,0.14130960249778007,0.14130960228437683,0.14130960249778007,0.14130960262350725,0.14130960267917514,0.14130960262350725,0.1413096025615872,0.14130960262350725,0.14130960267917514,0.14021174701934208,0.14021174697646577,0.1402117469256961,0.14021174697646577,0.14021174701934208,0.14021174697646577,0.14021174687283272,0.14021174667970887,0.14021174687283272,0.14021174697646577,0.1402117469256961,0.14021174667970887,0.14021174572474884,0.14021174667970887,0.1402117469256961,0.14021174697646577,0.14021174687283272,0.14021174667970887,0.14021174687283272,0.14021174697646577,0.14021174701934208,0.14021174697646577,0.1402117469256961,0.14021174697646577,0.14021174701934208,0.13913530772614727,0.13913530772280952,0.13913530771729238,0.13913530772280952,0.13913530772614727,0.13913530772280952,0.13913530771113644,0.13913530768684698,0.13913530771113644,0.13913530772280952,0.13913530771729238,0.13913530768684698,0.1391353075951987,0.13913530768684698,0.13913530771729238,0.13913530772280952,0.13913530771113644,0.13913530768684698,0.13913530771113644,0.13913530772280952,0.13913530772614727,0.13913530772280952,0.13913530771729238,0.13913530772280952,0.13913530772614727,0.13807980463555472,0.13807980467965006,0.13807980472567766,0.13807980467965006,0.13807980463555472,0.13807980467965006,0.138079804772811,0.13807980490639982,0.138079804772811,0.13807980467965006,0.13807980472567766,0.13807980490639982,0.13807980529710942,0.13807980490639982,0.13807980472567766,0.13807980467965006,0.138079804772811,0.13807980490639982,0.138079804772811,0.13807980467965006,0.13807980463555472,0.13807980467965006,0.13807980472567766,0.13807980467965006,0.13807980463555472,0.13704476704510074,0.1370447671301095,0.1370447672349701,0.1370447671301095,0.13704476704510074,0.1370447671301095,0.13704476734413226,0.13704476778008742,0.13704476734413226,0.1370447671301095,0.1370447672349701,0.13704476778008742,0.13704477021336958,0.13704476778008742,0.1370447672349701,0.1370447671301095,0.13704476734413226,0.13704476778008742,0.13704476734413226,0.1370447671301095,0.13704476704510074,0.1370447671301095,0.1370447672349701,0.1370447671301095,0.13704476704510074,0.1360297337751871,0.13602973383576064,0.1360297338954682,0.13602973383576064,0.1360297337751871,0.13602973383576064,0.13602973395554568,0.13602973411677224,0.13602973395554568,0.13602973383576064,0.1360297338954682,0.13602973411677224,0.13602973456610437,0.13602973411677224,0.1360297338954682,0.13602973383576064,0.13602973395554568,0.13602973411677224,0.13602973395554568,0.13602973383576064,0.1360297337751871,0.13602973383576064,0.1360297338954682,0.13602973383576064,0.1360297337751871,0.13503425329626814,0.13503425333446034,0.13503425336609431,0.13503425333446034,0.13503425329626814,0.13503425333446034,0.13503425339618633,0.13503425345760495,0.13503425339618633,0.13503425333446034,0.13503425336609431,0.13503425345760495,0.13503425356961796,0.13503425345760495,0.13503425336609431,0.13503425333446034,0.13503425339618633,0.13503425345760495,0.13503425339618633,0.13503425333446034,0.13503425329626814,0.13503425333446034,0.13503425336609431,0.13503425333446034,0.13503425329626814
0.16533248754799437,0.16533248754799437,0.16533248754799437,0.16533248754799437,0.16533248754799437,0.16533248754799437,0.16533248754799437,0.16533248754799437,0.16533248754799437,0.16533248754799437,0.16533248754799437,0.16533248754799437,0.16533248754799437,0.16533248754799437,0.16533248754799437,0.16533248754799437,0.16533248754799437,0.16533248754799437,0.16533248754799437,0.16533248754799437,0.16533248754799437,0.16533248754799437,0.16533248754799437,0.16533248754799437,0.16533248754799437,0.16375749383395768,0.16375749383395768,0.16375749383395768,0.16375749383395768,0.16375749383395768,0.16375749383395768,0.16375749383395768,0.16375749383395768,0.16375749383395768,0.16375749383395768,0.16375749383395768,0.16375749383395768,0.16375749383395768,0.16375749383395768,0.16375749383395768,0.16375749383395768,0.16375749383395768,0.16375749383395768,0.16375749383395768,0.16375749383395768,0.16375749383395768,0.16375749383395768,0.16375749383395768,0.16375749383395768,0.16375749383395768,0.1622138840517544,0.1622138840517544,0.1622138840517544,0.1622138840517544,0.1622138840517544,0.1622138840517544,0.1622138840517544,0.1622138840517544,0.1622138840517544,0.1622138840517544,0.1622138840517544,0.1622138840517544,0.1622138840517544,0.1622138840517544,0.1622138840517544,0.1622138840517544,0.1622138840517544,0.1622138840517544,0.1622138840517544,0.1622138840517544,0.1622138840517544,0.1622138840517544,0.1622138840517544,0.1622138840517544,0.1622138840517544,0.16070106715842564,0.16070106715842564,0.16070106715842564,0.16070106715842564,0.16070106715842564,0.16070106715842564,0.16070106715842564,0.16070106715842541,0.16070106715842564,0.16070106715842564,0.16070106715842564,0.16070106715842541,0.16070106715842541,0.16070106715842541,0.16070106715842564,0.16070106715842564,0.16070106715842564,0.16070106715842541,0.16070106715842564,0.16070106715842564,0.16070106715842564,0.16070106715842564,0.16070106715842564,0.16070106715842564,0.16070106715842564,0.15921845152894976,0.15921845152894953,0.15921845152894953,0.15921845152894953,0.15921845152894976,0.15921845152894953,0.15921845152894953,0.15921845152894953,0.15921845152894953,0.15921845152894953,0.15921845152894953,0.15921845152894953,0.15921845152894953,0.15921845152894953,0.15921845152894953,0.15921845152894953,0.15921845152894953,0.15921845152894953,0.15921845152894953,0.15921845152894953,0.15921845152894976,0.15921845152894953,0.15921845152894953,0.15921845152894953,0.15921845152894976,0.15776544630809433,0.15776544630809392,0.15776544630809392,0.15776544630809392,0.15776544630809433,0.15776544630809392,0.15776544630809372,0.15776544630809372,0.15776544630809372,0.15776544630809392,0.15776544630809392,0.15776544630809372,0.1577654463080935,0.15776544630809372,0.15776544630809392,0.15776544630809392,0.15776544630809372,0.15776544630809372,0.15776544630809372,0.15776544630809414,0.15776544630809433,0.15776544630809392,0.15776544630809392,0.15776544630809414,0.15776544630809433,0.15634146262473872,0.15634146262473808,0.15634146262473744,0.15634146262473808,0.15634146262473872,0.15634146262473808,0.15634146262473728,0.15634146262473686,0.15634146262473728,0.15634146262473808,0.15634146262473744,0.15634146262473686,0.15634146262473644,0.15634146262473686,0.15634146262473744,0.15634146262473808,0.15634146262473728,0.15634146262473686,0.15634146262473728,0.15634146262473808,0.15634146262473872,0.15634146262473808,0.15634146262473744,0.15634146262473808,0.15634146262473872,0.1549459146789353,0.15494591467893307,0.15494591467893162,0.15494591467893307,0.1549459146789353,0.15494591467893307,0.1549459146789306,0.15494591467892915,0.1549459146789306,0.15494591467893307,0.15494591467893162,0.15494591467892915,0.15494591467892774,0.15494591467892915,0.15494591467893162,0.15494591467893307,0.1549459146789306,0.15494591467892915,0.1549459146789306,0.15494591467893307,0.1549459146789353,0.15494591467893307,0.15494591467893162,0.15494591467893307,0.1549459146789353,0.15357822071141464,0.1535782207114078,0.15357822071140337,0.1535782207114078,0.15357822071141464,0.1535782207114078,0.15357822071140037,0.15357822071139596,0.15357822071140037,0.1535782207114078,0.15357822071140337,0.15357822071139596,0.15357822071139132,0.15357822071139596,0.15357822071140337,0.1535782207114078,0.15357822071140037,0.15357822071139596,0.15357822071140037,0.1535782207114078,0.15357822071141464,0.1535782207114078,0.15357822071140337,0.1535782207114078,0.15357822071141464,0.15223780386469304,0.15223780386467178,0.1522378038646582,0.15223780386467178,0.15223780386469304,0.15223780386467178,0.15223780386464894,0.1522378038646346,0.15223780386464894,0.15223780386467178,0.1522378038646582,0.1522378038646346,0.15223780386461963,0.1522378038646346,0.1522378038646582,0.15223780386467178,0.15223780386464894,0.1522378038646346,0.15223780386464894,0.15223780386467178,0.15223780386469304,0.15223780386467178,0.1522378038646582,0.15223780386467178,0.15223780386469304,0.15092409294439194,0.15092409294432693,0.15092409294428544,0.15092409294432693,0.15092409294439194,0.15092409294432693,0.15092409294425593,0.1509240929442102,0.15092409294425593,0.15092409294432693,0.15092409294428544,0.1509240929442102,0.1509240929441614,0.1509240929442102,0.15092409294428544,0.15092409294432693,0.15092409294425593,0.1509240929442102,0.15092409294425593,0.15092409294432693,0.15092409294439194,0.15092409294432693,0.15092409294428544,0.15092409294432693,0.15092409294439194,0.14963652308886696,0.14963652308867148,0.14963652308854514,0.14963652308867148,0.14963652308886696,0.14963652308867148,0.14963652308845005,0.14963652308830272,0.14963652308845005,0.14963652308867148,0.14963652308854514,0.14963652308830272,0.14963652308813957,0.14963652308830272,0.14963652308854514,0.14963652308867148,0.14963652308845005,0.14963652308830272,0.14963652308845005,0.14963652308867148,0.14963652308886696,0.14963652308867148,0.14963652308854514,0.14963652308867148,0.14963652308886696,0.14837453635475753,0.14837453635418266,0.14837453635380143,0.14837453635418266,0.14837453635475753,0.14837453635418266,0.14837453635349712,0.14837453635302358,0.14837453635349712,0.14837453635418266,0.14837453635380143,0.14837453635302358,0.14837453635247722,0.14837453635302358,0.14837453635380143,0.14837453635418266,0.14837453635349712,0.14837453635302358,0.14837453635349712,0.14837453635418266,0.14837453635475753,0.14837453635418266,0.14837453635380143,0.14837453635418266,0.14837453635475753,0.14713758222565992,0.14713758222401938,0.1471375822228864,0.14713758222401938,0.14713758222565992,0.14713758222401938,0.14713758222192996,0.14713758222039314,0.14713758222192996,0.14713758222401938,0.1471375822228864,0.14713758222039314,0.14713758221847067,0.14713758222039314,0.1471375822228864,0.14713758222401938,0.14713758222192996,0.14713758222039314,0.14713758222192996,0.14713758222401938,0.14713758222565992,0.14713758222401938,0.1471375822228864,0.14713758222401938,0.14713758222565992,0.14592511805086716,0.14592511804638764,0.14592511804308952,0.14592511804638764,0.14592511805086716,0.14592511804638764,0.14592511804015248,0.14592511803504776,0.14592511804015248,0.14592511804638764,0.14592511804308952,0.14592511803504776,0.14592511802776229,0.14592511803504776,0.14592511804308952,0.14592511804638764,0.14592511804015248,0.14592511803504776,0.14592511804015248,0.14592511804638764,0.14592511805086716,0.14592511804638764,0.14592511804308952,0.14592511804638764,0.14592511805086716,0.1447366094210853,0.14473660940968563,0.1447366094004591,0.14473660940968563,0.1447366094210853,0.14473660940968563,0.14473660939180108,0.14473660937454158,0.14473660939180108,0.14473660940968563,0.1447366094004591,0.14473660937454158,0.14473660934399502,0.14473660937454158,0.1447366094004591,0.14473660940968563,0.14473660939180108,0.14473660937454158,0.14473660939180108,0.14473660940968563,0.1447366094210853,0.14473660940968563,0.1447366094004591,0.14473660940968563,0.1447366094210853,0.14357153048802487,0.1435715304622758,0.14357153043850787,0.1435715304622758,0.14357153048802487,0.1435715304622758,0.14357153041510204,0.1435715303574327,0.14357153041510204,0.1435715304622758,0.14357153043850787,0.1435715303574327,0.14357153021280192,0.1435715303574327,0.14357153043850787,0.1435715304622758,0.14357153041510204,0.1435715303574327,0.14357153041510204,0.1435715304622758,0.14357153048802487,0.1435715304622758,0.14357153043850787,0.1435715304622758,0.14357153048802487,0.14242936423280775,0.14242936418598415,0.14242936413542118,0.14242936418598415,0.14242936423280775,0.14242936418598415,0.14242936408380472,0.14242936391295602,0.14242936408380472,0.14242936418598415,0.14242936413542118,0.14242936391295602,0.14242936313613289,0.14242936391295602,0.14242936413542118,0.14242936418598415,0.14242936408380472,0.14242936391295602,0.14242936408380472,0.14242936418598415,0.14242936423280775,0.14242936418598415,0.14242936413542118,0.14242936418598415,0.14242936423280775,0.14130960267758919,0.14130960262206507,0.14130960256025685,0.14130960262206507,0.14130960267758919,0.14130960262206507,0.14130960249655924,0.14130960228320535,0.14130960249655924,0.14130960262206507,0.14130960256025685,0.14130960228320535,0.14130960134290116,0.14130960228320535,0.14130960256025685,0.14130960262206507,0.14130960249655924,0.14130960228320535,0.14130960249655924,0.14130960262206507,0.14130960267758919,0.14130960262206507,0.14130960256025685,0.14130960262206507,0.14130960267758919,0.14021174701519434,0.14021174697224528,0.14021174692136468,0.14021174697224528,0.14021174701519434,0.14021174697224528,0.14021174686838248,0.14021174667471453,0.14021174686838248,0.14021174697224528,0.14021174692136468,0.14021174667471453,0.1402117457166283,0.14021174667471453,0.14021174692136468,0.14021174697224528,0.14021174686838248,0.14021174667471453,0.14021174686838248,0.14021174697224528,0.14021174701519434,0.14021174697224528,0.14021174692136468,0.14021174697224528,0.14021174701519434,0.13913530771955146,0.13913530771604787,0.1391353077103742,0.13913530771604787,0.13913530771955146,0.13913530771604787,0.13913530770406157,0.13913530767939059,0.13913530770406157,0.13913530771604787,0.1391353077103742,0.13913530767939059,0.1391353075868276,0.13913530767939059,0.1391353077103742,0.13913530771604787,0.13913530770406157,0.13913530767939059,0.13913530770406157,0.13913530771604787,0.13913530771955146,0.13913530771604787,0.1391353077103742,0.13913530771604787,0.13913530771955146,0.13807980462681704,0.1380798046706237,0.13807980471636697,0.1380798046706237,0.13807980462681704,0.1380798046706237,0.13807980476321363,0.13807980489604504,0.13807980476321363,0.1380798046706237,0.13807980471636697,0.13807980489604504,0.13807980528469493,0.13807980489604504,0.13807980471636697,0.1380798046706237,0.13807980476321363,0.13807980489604504,0.13807980476321363,0.1380798046706237,0.13807980462681704,0.1380798046706237,0.13807980471636697,0.1380798046706237,0.13807980462681704,0.13704476703478344,0.13704476711936725,0.13704476722372086,0.13704476711936725,0.13704476703478344,0.13704476711936725,0.13704476733235893,0.1370447677662749,0.13704476733235893,0.13704476711936725,0.13704476722372086,0.1370447677662749,0.1370447701883625,0.1370447677662749,0.13704476722372086,0.13704476711936725,0.13704476733235893,0.1370447677662749,0.13704476733235893,0.13704476711936725,0.13704476703478344,0.13704476711936725,0.13704476722372086,0.13704476711936725,0.13704476703478344,0.13602973376413935,0.1360297338244217,0.13602973388384595,0.1360297338244217,0.13602973376413935,0.1360297338244217,0.13602973394364012,0.13602973410411495,0.13602973394364012,0.1360297338244217,0.13602973388384595,0.13602973410411495,0.13602973455137204,0.13602973410411495,0.13602973388384595,0.1360297338244217,0.13602973394364012,0.13602973410411495,0.13602973394364012,0.1360297338244217,0.13602973376413935,0.1360297338244217,0.13602973388384595,0.1360297338244217,0.13602973376413935,0.13503425328507254,0.13503425332308355,0.13503425335456834,0.13503425332308355,0.13503425328507254,0.13503425332308355,0.13503425338451924,0.13503425344565123,0.13503425338451924,0.13503425332308355,0.13503425335456834,0.13503425344565123,0.13503425355714524,0.13503425344565123,0.13503425335456834,0.13503425332308355,0.13503425338451924,0.13503425344565123,0.13503425338451924,0.13503425332308355,0.13503425328507254,0.13503425332308355,0.13503425335456834,0.13503425332308355,0.13503425328507254
0.16533248755025443,0.16533248755025443,0.16533248755025443,0.16533248755025443,0.16533248755025443,0.16533248755025443,0.16533248755025443,0.16533248755025443,0.16533248755025443,0.16533248755025443,0.16533248755025443,0.16533248755025443,0.16533248755025443,0.16533248755025443,0.16533248755025443,0.16533248755025443,0.16533248755025443,0.16533248755025443,0.16533248755025443,0.16533248755025443,0.16533248755025443,0.16533248755025443,0.16533248755025443,0.16533248755025443,0.16533248755025443,0.16375749383615357,0.16375749383615357,0.16375749383615357,0.16375749383615357,0.16375749383615357,0.16375749383615357,0.16375749383615357,0.16375749383615357,0.16375749383615357,0.16375749383615357,0.16375749383615357,0.16375749383615357,0.16375749383615357,0.16375749383615357,0.16375749383615357,0.16375749383615357,0.16375749383615357,0.16375749383615357,0.16375749383615357,0.16375749383615357,0.16375749383615357,0.16375749383615357,0.16375749383615357,0.16375749383615357,0.16375749383615357,0.16221388405387202,0.16221388405387202,0.16221388405387202,0.16221388405387202,0.16221388405387202,0.16221388405387202,0.16221388405387202,0.16221388405387202,0.16221388405387202,0.16221388405387202,0.16221388405387202,0.16221388405387202,0.16221388405387202,0.16221388405387202,0.16221388405387202,0.16221388405387202,0.16221388405387202,0.16221388405387202,0.16221388405387202,0.16221388405387202,0.16221388405387202,0.16221388405387202,0.16221388405387202,0.16221388405387202,0.16221388405387202,0.16070106716045016,0.16070106716044988,0.16070106716044988,0.16070106716044988,0.16070106716045016,0.16070106716044988,0.16070106716044988,0.16070106716044988,0.16070106716044988,0.16070106716044988,0.16070106716044988,0.16070106716044988,0.16070106716044988,0.16070106716044988,0.16070106716044988,0.16070106716044988,0.16070106716044988,0.16070106716044988,0.16070106716044988,0.16070106716044988,0.16070106716045016,0.16070106716044988,0.16070106716044988,0.16070106716044988,0.16070106716045016,0.15921845153086567,0.15921845153086567,0.15921845153086567,0.15921845153086567,0.15921845153086567,0.15921845153086567,0.15921845153086567,0.15921845153086545,0.15921845153086567,0.15921845153086567,0.15921845153086567,0.15921845153086545,0.15921845153086545,0.15921845153086545,0.15921845153086567,0.15921845153086567,0.15921845153086567,0.15921845153086545,0.15921845153086567,0.15921845153086567,0.15921845153086567,0.15921845153086567,0.15921845153086567,0.15921845153086567,0.15921845153086567,0.1577654463098862,0.1577654463098858,0.1577654463098858,0.1577654463098858,0.1577654463098862,0.1577654463098858,0.15776544630988557,0.15776544630988557,0.15776544630988557,0.1577654463098858,0.1577654463098858,0.15776544630988557,0.15776544630988534,0.15776544630988557,0.1577654463098858,0.1577654463098858,0.15776544630988557,0.15776544630988557,0.15776544630988557,0.1577654463098858,0.1577654463098862,0.1577654463098858,0.1577654463098858,0.1577654463098858,0.1577654463098862,0.15634146262639026,0.1563414626263894,0.15634146262638898,0.1563414626263894,0.15634146262639026,0.1563414626263894,0.15634146262638876,0.15634146262638815,0.15634146262638876,0.1563414626263894,0.15634146262638898,0.15634146262638815,0.15634146262638773,0.15634146262638815,0.15634146262638898,0.1563414626263894,0.15634146262638876,0.15634146262638815,0.15634146262638876,0.1563414626263894,0.15634146262639026,0.1563414626263894,0.15634146262638898,0.1563414626263894,0.15634146262639026,0.15494591468042987,0.15494591468042762,0.15494591468042618,0.15494591468042762,0.15494591468042987,0.15494591468042762,0.15494591468042535,0.1549459146804239,0.15494591468042535,0.15494591468042762,0.15494591468042618,0.1549459146804239,0.1549459146804223,0.1549459146804239,0.15494591468042618,0.15494591468042762,0.15494591468042535,0.1549459146804239,0.15494591468042535,0.15494591468042762,0.15494591468042987,0.15494591468042762,0.15494591468042618,0.15494591468042762,0.15494591468042987,0.1535782207127362,0.15357822071272914,0.15357822071272473,0.15357822071272914,0.1535782207127362,0.15357822071272914,0.1535782207127219,0.1535782207127173,0.1535782207127219,0.15357822071272914,0.15357822071272473,0.1535782207127173,0.1535782207127125,0.1535782207127173,0.15357822071272473,0.15357822071272914,0.1535782207127219,0.1535782207127173,0.1535782207127219,0.15357822071272914,0.1535782207127362,0.15357822071272914,0.15357822071272473,0.15357822071272914,0.1535782207127362,0.15223780386582547,0.15223780386580382,0.15223780386579042,0.15223780386580382,0.15223780386582547,0.15223780386580382,0.15223780386578095,0.1522378038657664,0.15223780386578095,0.15223780386580382,0.15223780386579042,0.1522378038657664,0.15223780386575106,0.1522378038657664,0.15223780386579042,0.15223780386580382,0.15223780386578095,0.1522378038657664,0.15223780386578095,0.15223780386580382,0.15223780386582547,0.15223780386580382,0.15223780386579042,0.15223780386580382,0.15223780386582547,0.15092409294531986,0.15092409294525447,0.1509240929452128,0.15092409294525447,0.15092409294531986,0.15092409294525447,0.1509240929451827,0.1509240929451362,0.1509240929451827,0.15092409294525447,0.1509240929452128,0.1509240929451362,0.15092409294508607,0.1509240929451362,0.1509240929452128,0.15092409294525447,0.1509240929451827,0.1509240929451362,0.1509240929451827,0.15092409294525447,0.15092409294531986,0.15092409294525447,0.1509240929452128,0.15092409294525447,0.15092409294531986,0.1496365230895768,0.1496365230893809,0.1496365230892542,0.1496365230893809,0.1496365230895768,0.1496365230893809,0.1496365230891576,0.14963652308900918,0.1496365230891576,0.1496365230893809,0.1496365230892542,0.14963652308900918,0.14963652308884617,0.14963652308900918,0.1496365230892542,0.1496365230893809,0.1496365230891576,0.14963652308900918,0.1496365230891576,0.1496365230893809,0.1496365230895768,0.1496365230893809,0.1496365230892542,0.1496365230893809,0.1496365230895768,0.14837453635523717,0.14837453635466227,0.14837453635428144,0.14837453635466227,0.14837453635523717,0.14837453635466227,0.14837453635397543,0.14837453635350284,0.14837453635397543,0.14837453635466227,0.14837453635428144,0.14837453635350284,0.14837453635295705,0.14837453635350284,0.14837453635428144,0.14837453635466227,0.14837453635397543,0.14837453635350284,0.14837453635397543,0.14837453635466227,0.14837453635523717,0.14837453635466227,0.14837453635428144,0.14837453635466227,0.14837453635523717,0.14713758222589918,0.1471375822242599,0.14713758222312764,0.1471375822242599,0.14713758222589918,0.1471375822242599,0.14713758222217158,0.14713758222063605,0.14713758222217158,0.1471375822242599,0.14713758222312764,0.14713758222063605,0.147137582218715,0.14713758222063605,0.14713758222312764,0.1471375822242599,0.14713758222217158,0.14713758222063605,0.14713758222217158,0.1471375822242599,0.14713758222589918,0.1471375822242599,0.14713758222312764,0.1471375822242599,0.14713758222589918,0.14592511805085578,0.1459251180463796,0.14592511804308417,0.1459251180463796,0.14592511805085578,0.1459251180463796,0.1459251180401495,0.14592511803504868,0.1459251180401495,0.1459251180463796,0.14592511804308417,0.14592511803504868,0.14592511802776853,0.14592511803504868,0.14592511804308417,0.1459251180463796,0.1459251180401495,0.14592511803504868,0.1459251180401495,0.1459251180463796,0.14592511805085578,0.1459251180463796,0.14592511804308417,0.1459251180463796,0.14592511805085578,0.14473660942081143,0.144736609409421,0.14473660940020144,0.144736609409421,0.14473660942081143,0.144736609409421,0.14473660939155075,0.1447366093743042,0.14473660939155075,0.144736609409421,0.14473660940020144,0.1447366093743042,0.14473660934377997,0.1447366093743042,0.14473660940020144,0.144736609409421,0.14473660939155075,0.1447366093743042,0.14473660939155075,0.144736609409421,0.14473660942081143,0.144736609409421,0.14473660940020144,0.144736609409421,0.14473660942081143,0.14357153048746912,0.14357153046174126,0.1435715304379918,0.14357153046174126,0.14357153048746912,0.14357153046174126,0.14357153041460685,0.1435715303569796,0.14357153041460685,0.14357153046174126,0.1435715304379918,0.1435715303569796,0.1435715302124532,0.1435715303569796,0.1435715304379918,0.14357153046174126,0.14357153041460685,0.1435715303569796,0.14357153041460685,0.14357153046174126,0.14357153048746912,0.14357153046174126,0.1435715304379918,0.14357153046174126,0.14357153048746912,0.14242936423193073,0.14242936418514657,0.14242936413462468,0.14242936418514657,0.14242936423193073,0.14242936418514657,0.14242936408305049,0.1424293639123338,0.14242936408305049,0.14242936418514657,0.14242936413462468,0.1424293639123338,0.14242936313612245,0.1424293639123338,0.14242936413462468,0.14242936418514657,0.14242936408305049,0.1424293639123338,0.14242936408305049,0.14242936418514657,0.14242936423193073,0.14242936418514657,0.14242936413462468,0.14242936418514657,0.14242936423193073,0.14130960267632017,0.14130960262084719,0.14130960255909555,0.14130960262084719,0.14130960267632017,0.14130960262084719,0.14130960249545635,0.1413096022822945,0.14130960249545635,0.14130960262084719,0.14130960255909555,0.1413096022822945,0.141309601342787,0.1413096022822945,0.14130960255909555,0.14130960262084719,0.14130960249545635,0.1413096022822945,0.14130960249545635,0.14130960262084719,0.14130960267632017,0.14130960262084719,0.14130960255909555,0.14130960262084719,0.14130960267632017,0.14021174701344377,0.14021174697053954,0.14021174691971344,0.14021174697053954,0.14021174701344377,0.14021174697053954,0.140211746866788,0.14021174667333355,0.140211746866788,0.14021174697053954,0.14021174691971344,0.14021174667333355,0.14021174571636208,0.14021174667333355,0.14021174691971344,0.14021174697053954,0.140211746866788,0.14021174667333355,0.140211746866788,0.14021174697053954,0.14021174701344377,0.14021174697053954,0.14021174691971344,0.14021174697053954,0.14021174701344377,0.13913530771724872,0.1391353077137524,0.13913530770808835,0.1391353077137524,0.13913530771724872,0.1391353077137524,0.139135307701786,0.13913530767715027,0.139135307701786,0.1391353077137524,0.13913530770808835,0.13913530767715027,0.13913530758470985,0.13913530767715027,0.13913530770808835,0.1391353077137524,0.139135307701786,0.13913530767715027,0.139135307701786,0.1391353077137524,0.13913530771724872,0.1391353077137524,0.13913530770808835,0.1391353077137524,0.13913530771724872,0.13807980462397546,0.13807980466774367,0.1380798047134466,0.13807980466774367,0.13807980462397546,0.13807980466774367,0.13807980476025158,0.1380798048929639,0.13807980476025158,0.13807980466774367,0.1380798047134466,0.1380798048929639,0.138079805281262,0.1380798048929639,0.1380798047134466,0.13807980466774367,0.13807980476025158,0.1380798048929639,0.13807980476025158,0.13807980466774367,0.13807980462397546,0.13807980466774367,0.1380798047134466,0.13807980466774367,0.13807980462397546,0.13704476703151808,0.1370447671160245,0.13704476722028214,0.1370447671160245,0.13704476703151808,0.1370447671160245,0.13704476732882032,0.13704476776233568,0.13704476732882032,0.1370447671160245,0.13704476722028214,0.13704476776233568,0.1370447701821424,0.13704476776233568,0.13704476722028214,0.1370447671160245,0.13704476732882032,0.13704476776233568,0.13704476732882032,0.1370447671160245,0.13704476703151808,0.1370447671160245,0.13704476722028214,0.1370447671160245,0.13704476703151808,0.13602973376065222,0.13602973382087927,0.13602973388024908,0.13602973382087927,0.13602973376065222,0.13602973382087927,0.13602973393998807,0.1360297341003157,0.13602973393998807,0.13602973382087927,0.13602973388024908,0.1360297341003157,0.13602973454716025,0.1360297341003157,0.13602973388024908,0.13602973382087927,0.13602973393998807,0.1360297341003157,0.13602973393998807,0.13602973382087927,0.13602973376065222,0.13602973382087927,0.13602973388024908,0.13602973382087927,0.13602973376065222,0.13503425328152757,0.13503425331950375,0.1350342533509599,0.13503425331950375,0.13503425328152757,0.13503425331950375,0.13503425338088376,0.13503425344195988,0.13503425338088376,0.13503425331950375,0.1350342533509599,0.13503425344195988,0.13503425355335136,0.13503425344195988,0.1350342533509599,0.13503425331950375,0.13503425338088376,0.13503425344195988,0.13503425338088376,0.13503425331950375,0.13503425328152757,0.13503425331950375,0.1350342533509599,0.13503425331950375,0.13503425328152757
0.16533248755131494,0.16533248755131494,0.16533248755131494,0.16533248755131494,0.16533248755131494,0.16533248755131494,0.16533248755131494,0.16533248755131494,0.16533248755131494,0.16533248755131494,0.16533248755131494,0.16533248755131494,0.16533248755131494,0.16533248755131494,0.16533248755131494,0.16533248755131494,0.16533248755131494,0.16533248755131494,0.16533248755131494,0.16533248755131494,0.16533248755131494,0.16533248755131494,0.16533248755131494,0.16533248755131494,0.16533248755131494,0.16375749383718488,0.16375749383718488,0.16375749383718488,0.16375749383718488,0.16375749383718488,0.16375749383718488,0.16375749383718488,0.16375749383718488,0.16375749383718488,0.16375749383718488,0.16375749383718488,0.16375749383718488,0.16375749383718488,0.16375749383718488,0.16375749383718488,0.16375749383718488,0.16375749383718488,0.16375749383718488,0.16375749383718488,0.16375749383718488,0.16375749383718488,0.16375749383718488,0.16375749383718488,0.16375749383718488,0.16375749383718488,0.16221388405486847,0.16221388405486847,0.16221388405486847,0.16221388405486847,0.16221388405486847,0.16221388405486847,0.16221388405486847,0.16221388405486847,0.16221388405486847,0.16221388405486847,0.16221388405486847,0.16221388405486847,0.16221388405486847,0.16221388405486847,0.16221388405486847,0.16221388405486847,0.16221388405486847,0.16221388405486847,0.16221388405486847,0.16221388405486847,0.16221388405486847,0.16221388405486847,0.16221388405486847,0.16221388405486847,0.16221388405486847,0.16070106716140536,0.16070106716140536,0.16070106716140536,0.16070106716140536,0.16070106716140536,0.16070106716140536,0.16070106716140536,0.16070106716140536,0.16070106716140536,0.16070106716140536,0.16070106716140536,0.16070106716140536,0.16070106716140536,0.16070106716140536,0.16070106716140536,0.16070106716140536,0.16070106716140536,0.16070106716140536,0.16070106716140536,0.16070106716140536,0.16070106716140536,0.16070106716140536,0.16070106716140536,0.16070106716140536,0.16070106716140536,0.15921845153177397,0.15921845153177377,0.15921845153177377,0.15921845153177377,0.15921845153177397,0.15921845153177377,0.15921845153177377,0.15921845153177377,0.15921845153177377,0.15921845153177377,0.15921845153177377,0.15921845153177377,0.15921845153177377,0.15921845153177377,0.15921845153177377,0.15921845153177377,0.15921845153177377,0.15921845153177377,0.15921845153177377,0.15921845153177377,0.15921845153177397,0.15921845153177377,0.15921845153177377,0.15921845153177377,0.15921845153177397,0.15776544631074116,0.15776544631074074,0.15776544631074074,0.15776544631074074,0.15776544631074116,0.15776544631074074,0.15776544631074055,0.15776544631074055,0.15776544631074055,0.15776544631074096,0.15776544631074074,0.15776544631074055,0.15776544631074033,0.15776544631074055,0.15776544631074074,0.15776544631074074,0.15776544631074055,0.15776544631074055,0.15776544631074055,0.15776544631074096,0.15776544631074116,0.15776544631074096,0.15776544631074074,0.15776544631074096,0.15776544631074116,0.1563414626271861,0.15634146262718526,0.15634146262718485,0.15634146262718526,0.1563414626271861,0.15634146262718526,0.15634146262718443,0.15634146262718404,0.15634146262718443,0.15634146262718526,0.15634146262718485,0.15634146262718404,0.1563414626271836,0.15634146262718404,0.15634146262718485,0.15634146262718526,0.15634146262718443,0.15634146262718404,0.15634146262718443,0.15634146262718526,0.1563414626271861,0.15634146262718526,0.15634146262718485,0.15634146262718526,0.1563414626271861,0.15494591468116084,0.15494591468115862,0.15494591468115718,0.15494591468115862,0.15494591468116084,0.15494591468115862,0.15494591468115634,0.1549459146811547,0.15494591468115634,0.15494591468115862,0.15494591468115718,0.1549459146811547,0.1549459146811533,0.1549459146811547,0.15494591468115718,0.15494591468115862,0.15494591468115634,0.1549459146811547,0.15494591468115634,0.15494591468115862,0.15494591468116084,0.15494591468115862,0.15494591468115718,0.15494591468115862,0.15494591468116084,0.15357822071339716,0.15357822071339014,0.15357822071338573,0.15357822071339014,0.15357822071339716,0.15357822071339014,0.1535782207133827,0.1535782207133781,0.1535782207133827,0.15357822071339014,0.15357822071338573,0.1535782207133781,0.15357822071337326,0.1535782207133781,0.15357822071338573,0.15357822071339014,0.1535782207133827,0.1535782207133781,0.1535782207133827,0.15357822071339014,0.15357822071339716,0.15357822071339014,0.15357822071338573,0.15357822071339014,0.15357822071339716,0.15223780386641164,0.15223780386639,0.15223780386637623,0.15223780386639,0.15223780386641145,0.15223780386639,0.15223780386636676,0.152237803866352,0.15223780386636676,0.15223780386639,0.15223780386637623,0.152237803866352,0.15223780386633648,0.152237803866352,0.15223780386637623,0.15223780386639,0.15223780386636676,0.152237803866352,0.15223780386636676,0.15223780386639,0.15223780386641145,0.15223780386639,0.15223780386637623,0.15223780386639,0.15223780386641145,0.15092409294582723,0.15092409294576165,0.15092409294571998,0.15092409294576165,0.15092409294582723,0.15092409294576165,0.1509240929456895,0.15092409294564244,0.1509240929456895,0.15092409294576165,0.15092409294571998,0.15092409294564244,0.1509240929455921,0.15092409294564244,0.15092409294571998,0.15092409294576165,0.1509240929456895,0.15092409294564244,0.1509240929456895,0.15092409294576165,0.15092409294582723,0.15092409294576165,0.15092409294571998,0.15092409294576165,0.15092409294582723,0.14963652309000222,0.14963652308980632,0.14963652308967965,0.14963652308980632,0.14963652309000222,0.14963652308980632,0.14963652308958245,0.1496365230894346,0.14963652308958245,0.14963652308980632,0.14963652308967965,0.1496365230894346,0.1496365230892716,0.1496365230894346,0.14963652308967965,0.14963652308980632,0.14963652308958245,0.1496365230894346,0.14963652308958245,0.14963652308980632,0.14963652309000222,0.14963652308980632,0.14963652308967965,0.14963652308980632,0.14963652309000222,0.14837453635557873,0.14837453635500422,0.14837453635462355,0.14837453635500422,0.14837453635557873,0.14837453635500422,0.14837453635431758,0.14837453635384554,0.14837453635431758,0.14837453635500422,0.14837453635462355,0.14837453635384554,0.14837453635329992,0.14837453635384554,0.14837453635462355,0.14837453635500422,0.14837453635431758,0.14837453635384554,0.14837453635431758,0.14837453635500422,0.14837453635557873,0.14837453635500422,0.14837453635462355,0.14837453635500422,0.14837453635557873,0.14713758222615442,0.1471375822245164,0.14713758222338505,0.1471375822245164,0.14713758222615442,0.1471375822245164,0.1471375822224297,0.14713758222089526,0.1471375822224297,0.1471375822245164,0.14713758222338505,0.14713758222089526,0.1471375822189757,0.14713758222089526,0.14713758222338505,0.1471375822245164,0.1471375822224297,0.14713758222089526,0.1471375822224297,0.1471375822245164,0.14713758222615442,0.1471375822245164,0.14713758222338505,0.1471375822245164,0.14713758222615442,0.14592511805102193,0.14592511804654928,0.14592511804325634,0.14592511804654928,0.14592511805102193,0.14592511804654928,0.14592511804032401,0.1459251180352271,0.14592511804032401,0.14592511804654928,0.14592511804325634,0.1459251180352271,0.14592511802795244,0.1459251180352271,0.14592511804325634,0.14592511804654928,0.14592511804032401,0.1459251180352271,0.14592511804032401,0.14592511804654928,0.14592511805102193,0.14592511804654928,0.14592511804325634,0.14592511804654928,0.14592511805102193,0.14473660942088246,0.14473660940950095,0.14473660940028854,0.14473660940950095,0.14473660942088246,0.14473660940950095,0.14473660939164468,0.14473660937441102,0.14473660939164468,0.14473660940950095,0.14473660940028854,0.14473660937441102,0.1447366093439091,0.14473660937441102,0.14473660940028854,0.14473660940950095,0.14473660939164468,0.14473660937441102,0.14473660939164468,0.14473660940950095,0.14473660942088246,0.14473660940950095,0.14473660940028854,0.14473660940950095,0.14473660942088246,0.1435715304874287,0.14357153046172139,0.14357153043799042,0.14357153046172139,0.1435715304874287,0.14357153046172139,0.14357153041462445,0.14357153035703998,0.14357153041462445,0.14357153046172139,0.14357153043799042,0.14357153035703998,0.1435715302126183,0.14357153035703998,0.14357153043799042,0.14357153046172139,0.14357153041462445,0.14357153035703998,0.14357153041462445,0.14357153046172139,0.1435715304874287,0.14357153046172139,0.14357153043799042,0.14357153046172139,0.1435715304874287,0.14242936423173969,0.1424293641849944,0.14242936413451313,0.1424293641849944,0.14242936423173969,0.1424293641849944,0.14242936408298038,0.14242936391239405,0.14242936408298038,0.1424293641849944,0.14242936413451313,0.14242936391239405,0.1424293631367532,0.14242936391239405,0.14242936413451313,0.1424293641849944,0.14242936408298038,0.14242936391239405,0.14242936408298038,0.1424293641849944,0.14242936423173969,0.1424293641849944,0.14242936413451313,0.1424293641849944,0.14242936423173969,0.14130960267590295,0.14130960262048092,0.14130960255878552,0.14130960262048092,0.14130960267590295,0.14130960262048092,0.14130960249520402,0.14130960228223383,0.14130960249520402,0.14130960262048092,0.14130960255878552,0.14130960228223383,0.14130960134354847,0.14130960228223383,0.14130960255878552,0.14130960262048092,0.14130960249520402,0.14130960228223383,0.14130960249520402,0.14130960262048092,0.14130960267590295,0.14130960262048092,0.14130960255878552,0.14130960262048092,0.14130960267590295,0.14021174701270026,0.140211746969841,0.1402117469190691,0.140211746969841,0.14021174701270026,0.140211746969841,0.14021174686620008,0.14021174667295866,0.14021174686620008,0.140211746969841,0.1402117469190691,0.14021174667295866,0.14021174571708014,0.14021174667295866,0.1402117469190691,0.140211746969841,0.14021174686620008,0.14021174667295866,0.14021174686620008,0.140211746969841,0.14021174701270026,0.140211746969841,0.1402117469190691,0.140211746969841,0.14021174701270026,0.13913530771609184,0.13913530771260293,0.1391353077069482,0.13913530771260293,0.13913530771609184,0.13913530771260293,0.13913530770065613,0.13913530767605567,0.13913530770065613,0.13913530771260293,0.1391353077069482,0.13913530767605567,0.13913530758373732,0.13913530767605567,0.1391353077069482,0.13913530771260293,0.13913530770065613,0.13913530767605567,0.13913530770065613,0.13913530771260293,0.13913530771609184,0.13913530771260293,0.1391353077069482,0.13913530771260293,0.13913530771609184,0.13807980462239575,0.13807980466612563,0.13807980471178796,0.13807980466612563,0.13807980462239575,0.13807980466612563,0.13807980475855156,0.13807980489114513,0.13807980475855156,0.13807980466612563,0.13807980471178796,0.13807980489114513,0.13807980527909205,0.13807980489114513,0.13807980471178796,0.13807980466612563,0.13807980475855156,0.13807980489114513,0.13807980475855156,0.13807980466612563,0.13807980462239575,0.13807980466612563,0.13807980471178796,0.13807980466612563,0.13807980462239575,0.13704476702960114,0.13704476711403035,0.13704476721819236,0.13704476711403035,0.13704476702960114,0.13704476711403035,0.13704476732663096,0.13704476775974705,0.13704476732663096,0.13704476711403035,0.13704476721819236,0.13704476775974705,0.13704477017731406,0.13704476775974705,0.13704476721819236,0.13704476711403035,0.13704476732663096,0.13704476775974705,0.13704476732663096,0.13704476711403035,0.13704476702960114,0.13704476711403035,0.13704476721819236,0.13704476711403035,0.13704476702960114,0.13602973375856578,0.13602973381873765,0.1360297338780529,0.13602973381873765,0.13602973375856578,0.13602973381873765,0.13602973393773687,0.136029734097917,0.13602973393773687,0.13602973381873765,0.1360297338780529,0.136029734097917,0.13602973454434972,0.136029734097917,0.1360297338780529,0.13602973381873765,0.13602973393773687,0.136029734097917,0.13602973393773687,0.13602973381873765,0.13602973375856578,0.13602973381873765,0.1360297338780529,0.13602973381873765,0.13602973375856578,0.13503425327939683,0.13503425331733826,0.13503425334876543,0.13503425331733826,0.13503425327939683,0.13503425331733826,0.1350342533786618,0.1350342534396819,0.1350342533786618,0.13503425331733826,0.13503425334876543,0.1350342534396819,0.13503425355097085,0.1350342534396819,0.13503425334876543,0.13503425331733826,0.1350342533786618,0.1350342534396819,0.1350342533786618,0.13503425331733826,0.13503425327939683,0.13503425331733826,0.13503425334876543,0.13503425331733826,0.13503425327939683
0.16533248755194335,0.16533248755194335,0.16533248755194335,0.16533248755194335,0.16533248755194335,0.16533248755194335,0.16533248755194335,0.16533248755194335,0.16533248755194335,0.16533248755194335,0.16533248755194335,0.16533248755194335,0.16533248755194335,0.16533248755194335,0.16533248755194335,0.16533248755194335,0.16533248755194335,0.16533248755194335,0.16533248755194335,0.16533248755194335,0.16533248755194335,0.16533248755194335,0.16533248755194335,0.16533248755194335,0.16533248755194335,0.16375749383779847,0.16375749383779847,0.16375749383779847,0.16375749383779847,0.16375749383779847,0.16375749383779847,0.16375749383779847,0.16375749383779847,0.16375749383779847,0.16375749383779847,0.16375749383779847,0.16375749383779847,0.16375749383779847,0.16375749383779847,0.16375749383779847,0.16375749383779847,0.16375749383779847,0.16375749383779847,0.16375749383779847,0.16375749383779847,0.16375749383779847,0.16375749383779847,0.16375749383779847,0.16375749383779847,0.16375749383779847,0.16221388405546486,0.16221388405546486,0.16221388405546486,0.16221388405546486,0.16221388405546486,0.16221388405546486,0.16221388405546486,0.16221388405546486,0.16221388405546486,0.16221388405546486,0.16221388405546486,0.16221388405546486,0.16221388405546486,0.16221388405546486,0.16221388405546486,0.16221388405546486,0.16221388405546486,0.16221388405546486,0.16221388405546486,0.16221388405546486,0.16221388405546486,0.16221388405546486,0.16221388405546486,0.16221388405546486,0.16221388405546486,0.16070106716198299,0.16070106716198299,0.16070106716198299,0.16070106716198299,0.16070106716198299,0.16070106716198299,0.16070106716198299,0.16070106716198276,0.16070106716198299,0.16070106716198299,0.16070106716198299,0.16070106716198276,0.16070106716198276,0.16070106716198276,0.16070106716198299,0.16070106716198299,0.16070106716198299,0.16070106716198276,0.16070106716198299,0.16070106716198299,0.16070106716198299,0.16070106716198299,0.16070106716198299,0.16070106716198299,0.16070106716198299,0.15921845153233066,0.15921845153233044,0.15921845153233044,0.15921845153233044,0.15921845153233066,0.15921845153233044,0.15921845153233044,0.15921845153233044,0.15921845153233044,0.15921845153233044,0.15921845153233044,0.15921845153233044,0.15921845153233044,0.15921845153233044,0.15921845153233044,0.15921845153233044,0.15921845153233044,0.15921845153233044,0.15921845153233044,0.15921845153233044,0.15921845153233066,0.15921845153233044,0.15921845153233044,0.15921845153233044,0.15921845153233066,0.157765446311275,0.15776544631127482,0.1577654463112746,0.15776544631127482,0.157765446311275,0.15776544631127482,0.1577654463112746,0.15776544631127437,0.1577654463112746,0.15776544631127482,0.1577654463112746,0.15776544631127437,0.15776544631127418,0.15776544631127437,0.1577654463112746,0.15776544631127482,0.1577654463112746,0.15776544631127437,0.1577654463112746,0.15776544631127482,0.157765446311275,0.15776544631127482,0.1577654463112746,0.15776544631127482,0.157765446311275,0.15634146262769527,0.15634146262769447,0.15634146262769402,0.15634146262769447,0.15634146262769527,0.15634146262769447,0.15634146262769383,0.1563414626276932,0.15634146262769383,0.15634146262769447,0.15634146262769402,0.1563414626276932,0.15634146262769277,0.1563414626276932,0.15634146262769402,0.15634146262769447,0.15634146262769383,0.1563414626276932,0.15634146262769383,0.15634146262769447,0.15634146262769527,0.15634146262769447,0.15634146262769402,0.15634146262769447,0.15634146262769527,0.15494591468164368,0.15494591468164123,0.1549459146816398,0.15494591468164123,0.15494591468164368,0.15494591468164123,0.15494591468163896,0.15494591468163751,0.15494591468163896,0.15494591468164123,0.1549459146816398,0.15494591468163751,0.1549459146816359,0.15494591468163751,0.1549459146816398,0.15494591468164123,0.15494591468163896,0.15494591468163751,0.15494591468163896,0.15494591468164123,0.15494591468164368,0.15494591468164123,0.1549459146816398,0.15494591468164123,0.15494591468164368,0.15357822071385166,0.1535782207138446,0.1535782207138402,0.1535782207138446,0.15357822071385166,0.1535782207138446,0.1535782207138372,0.15357822071383256,0.1535782207138372,0.1535782207138446,0.1535782207138402,0.15357822071383256,0.15357822071382757,0.15357822071383256,0.1535782207138402,0.1535782207138446,0.1535782207138372,0.15357822071383256,0.1535782207138372,0.1535782207138446,0.15357822071385166,0.1535782207138446,0.1535782207138402,0.1535782207138446,0.15357822071385166,0.15223780386683664,0.15223780386681499,0.1522378038668012,0.15223780386681499,0.15223780386683664,0.15223780386681499,0.15223780386679175,0.15223780386677677,0.15223780386679175,0.15223780386681499,0.1522378038668012,0.15223780386677677,0.15223780386676106,0.15223780386677677,0.1522378038668012,0.15223780386681499,0.15223780386679175,0.15223780386677677,0.15223780386679175,0.15223780386681499,0.15223780386683664,0.15223780386681499,0.1522378038668012,0.15223780386681499,0.15223780386683664,0.15092409294622158,0.150924092946156,0.15092409294611434,0.150924092946156,0.15092409294622158,0.150924092946156,0.15092409294608347,0.1509240929460366,0.15092409294608347,0.150924092946156,0.15092409294611434,0.1509240929460366,0.1509240929459864,0.1509240929460366,0.15092409294611434,0.150924092946156,0.15092409294608347,0.1509240929460366,0.15092409294608347,0.150924092946156,0.15092409294622158,0.150924092946156,0.15092409294611434,0.150924092946156,0.15092409294622158,0.1496365230903651,0.1496365230901692,0.1496365230900427,0.1496365230901692,0.1496365230903651,0.1496365230901692,0.14963652308994532,0.14963652308979764,0.14963652308994532,0.1496365230901692,0.1496365230900427,0.14963652308979764,0.14963652308963485,0.14963652308979764,0.1496365230900427,0.1496365230901692,0.14963652308994532,0.14963652308979764,0.14963652308994532,0.1496365230901692,0.1496365230903651,0.1496365230901692,0.1496365230900427,0.1496365230901692,0.1496365230903651,0.148374536355909,0.14837453635533485,0.14837453635495437,0.14837453635533485,0.148374536355909,0.14837453635533485,0.14837453635464876,0.1483745363541769,0.14837453635464876,0.14837453635533485,0.14837453635495437,0.1483745363541769,0.14837453635363185,0.1483745363541769,0.14837453635495437,0.14837453635533485,0.14837453635464876,0.1483745363541769,0.14837453635464876,0.14837453635533485,0.148374536355909,0.14837453635533485,0.14837453635495437,0.14837453635533485,0.148374536355909,0.14713758222645107,0.14713758222481413,0.1471375822236835,0.14713758222481413,0.14713758222645107,0.14713758222481413,0.1471375822227289,0.14713758222119572,0.1471375822227289,0.14713758222481413,0.1471375822236835,0.14713758222119572,0.14713758221927759,0.14713758222119572,0.1471375822236835,0.14713758222481413,0.1471375822227289,0.14713758222119572,0.1471375822227289,0.14713758222481413,0.14713758222645107,0.14713758222481413,0.1471375822236835,0.14713758222481413,0.14713758222645107,0.14592511805128222,0.14592511804681318,0.14592511804352257,0.14592511804681318,0.14592511805128222,0.14592511804681318,0.1459251180405925,0.14592511803549935,0.1459251180405925,0.14592511804681318,0.14592511804352257,0.14592511803549935,0.14592511802823005,0.14592511803549935,0.14592511804352257,0.14592511804681318,0.1459251180405925,0.14592511803549935,0.1459251180405925,0.14592511804681318,0.14592511805128222,0.14592511804681318,0.14592511804352257,0.14592511804681318,0.14592511805128222,0.14473660942109978,0.14473660940972716,0.14473660940052194,0.14473660940972716,0.14473660942109978,0.14473660940972716,0.14473660939188468,0.14473660937466395,0.14473660939188468,0.14473660940972716,0.14473660940052194,0.14473660937466395,0.1447366093441844,0.14473660937466395,0.14473660940052194,0.14473660940972716,0.14473660939188468,0.14473660937466395,0.14473660939188468,0.14473660940972716,0.14473660942109978,0.14473660940972716,0.14473660940052194,0.14473660940972716,0.14473660942109978,0.14357153048758564,0.14357153046189886,0.14357153043818618,0.14357153046189886,0.14357153048758564,0.14357153046189886,0.14357153041483853,0.1435715303572972,0.14357153041483853,0.14357153046189886,0.14357153043818618,0.1435715303572972,0.14357153021298022,0.1435715303572972,0.14357153043818618,0.14357153046189886,0.14357153041483853,0.1435715303572972,0.14357153041483853,0.14357153046189886,0.14357153048758564,0.14357153046189886,0.14357153043818618,0.14357153046189886,0.14357153048758564,0.14242936423179486,0.14242936418508817,0.14242936413464732,0.14242936418508817,0.14242936423179486,0.14242936418508817,0.14242936408315585,0.1424293639126995,0.14242936408315585,0.14242936418508817,0.14242936413464732,0.1424293639126995,0.14242936313760857,0.1424293639126995,0.14242936413464732,0.14242936418508817,0.14242936408315585,0.1424293639126995,0.14242936408315585,0.14242936418508817,0.14242936423179486,0.14242936418508817,0.14242936413464732,0.14242936418508817,0.14242936423179486,0.14130960267577727,0.1413096026204061,0.14130960255876676,0.1413096026204061,0.14130960267577727,0.1413096026204061,0.14130960249524302,0.14130960228246378,0.14130960249524302,0.1413096026204061,0.14130960255876676,0.14130960228246378,0.14130960134460713,0.14130960228246378,0.14130960255876676,0.1413096026204061,0.14130960249524302,0.14130960228246378,0.14130960249524302,0.1413096026204061,0.14130960267577727,0.1413096026204061,0.14130960255876676,0.1413096026204061,0.14130960267577727,0.14021174701228956,0.14021174696947497,0.1402117469187569,0.14021174696947497,0.14021174701228956,0.14021174696947497,0.14021174686594434,0.14021174667291544,0.14021174686594434,0.14021174696947497,0.1402117469187569,0.14021174667291544,0.14021174571813022,0.14021174667291544,0.1402117469187569,0.14021174696947497,0.14021174686594434,0.14021174667291544,0.14021174686594434,0.14021174696947497,0.14021174701228956,0.14021174696947497,0.1402117469187569,0.14021174696947497,0.14021174701228956,0.13913530771530316,0.1391353077118214,0.13913530770617616,0.1391353077118214,0.13913530771530316,0.1391353077118214,0.1391353076998942,0.13913530767532886,0.1391353076998942,0.1391353077118214,0.13913530770617616,0.13913530767532886,0.13913530758313222,0.13913530767532886,0.13913530770617616,0.1391353077118214,0.1391353076998942,0.13913530767532886,0.1391353076998942,0.1391353077118214,0.13913530771530316,0.1391353077118214,0.13913530770617616,0.1391353077118214,0.13913530771530316,0.1380798046212126,0.13807980466490405,0.13807980471052622,0.13807980466490405,0.1380798046212126,0.13807980466490405,0.13807980475724826,0.13807980488972324,0.13807980475724826,0.13807980466490405,0.13807980471052622,0.13807980488972324,0.13807980527731947,0.13807980488972324,0.13807980471052622,0.13807980466490405,0.13807980475724826,0.13807980488972324,0.13807980475724826,0.13807980466490405,0.1380798046212126,0.13807980466490405,0.13807980471052622,0.13807980466490405,0.1380798046212126,0.13704476702810112,0.13704476711245336,0.13704476721651992,0.13704476711245336,0.13704476702810112,0.13704476711245336,0.13704476732485907,0.1370447677575767,0.13704476732485907,0.13704476711245336,0.13704476721651992,0.1370447677575767,0.13704477017292013,0.1370447677575767,0.13704476721651992,0.13704476711245336,0.13704476732485907,0.1370447677575767,0.13704476732485907,0.13704476711245336,0.13704476702810112,0.13704476711245336,0.13704476721651992,0.13704476711245336,0.13704476702810112,0.13602973375690786,0.1360297338170244,0.13602973387628522,0.1360297338170244,0.13602973375690786,0.1360297338170244,0.13602973393591433,0.13602973409594704,0.13602973393591433,0.1360297338170244,0.13602973387628522,0.13602973409594704,0.13602973454196848,0.13602973409594704,0.13602973387628522,0.1360297338170244,0.13602973393591433,0.13602973409594704,0.13602973393591433,0.1360297338170244,0.13602973375690786,0.1360297338170244,0.13602973387628522,0.1360297338170244,0.13602973375690786,0.13503425327769625,0.13503425331560284,0.13503425334700123,0.13503425331560284,0.13503425327769625,0.13503425331560284,0.13503425337687008,0.13503425343783398,0.13503425337687008,0.13503425331560284,0.13503425334700123,0.13503425343783398,0.1350342535490205,0.13503425343783398,0.13503425334700123,0.13503425331560284,0.13503425337687008,0.13503425343783398,0.13503425337687008,0.13503425331560284,0.13503425327769625,0.13503425331560284,0.13503425334700123,0.13503425331560284,0.13503425327769625
0.16533248755242952,0.16533248755242952,0.16533248755242952,0.16533248755242952,0.16533248755242952,0.16533248755242952,0.16533248755242952,0.16533248755242952,0.16533248755242952,0.16533248755242952,0.16533248755242952,0.16533248755242952,0.16533248755242952,0.16533248755242952,0.16533248755242952,0.16533248755242952,0.16533248755242952,0.16533248755242952,0.16533248755242952,0.16533248755242952,0.16533248755242952,0.16533248755242952,0.16533248755242952,0.16533248755242952,0.16533248755242952,0.163757493838274,0.163757493838274,0.163757493838274,0.163757493838274,0.163757493838274,0.163757493838274,0.163757493838274,0.163757493838274,0.163757493838274,0.163757493838274,0.163757493838274,0.163757493838274,0.163757493838274,0.163757493838274,0.163757493838274,0.163757493838274,0.163757493838274,0.163757493838274,0.163757493838274,0.163757493838274,0.163757493838274,0.163757493838274,0.163757493838274,0.163757493838274,0.163757493838274,0.16221388405592935,0.16221388405592935,0.16221388405592935,0.16221388405592935,0.16221388405592935,0.16221388405592935,0.16221388405592935,0.16221388405592935,0.16221388405592935,0.16221388405592935,0.16221388405592935,0.16221388405592935,0.16221388405592935,0.16221388405592935,0.16221388405592935,0.16221388405592935,0.16221388405592935,0.16221388405592935,0.16221388405592935,0.16221388405592935,0.16221388405592935,0.16221388405592935,0.16221388405592935,0.16221388405592935,0.16221388405592935,0.16070106716243576,0.16070106716243576,0.16070106716243576,0.16070106716243576,0.16070106716243576,0.16070106716243576,0.16070106716243576,0.16070106716243576,0.16070106716243576,0.16070106716243576,0.16070106716243576,0.16070106716243576,0.16070106716243576,0.16070106716243576,0.16070106716243576,0.16070106716243576,0.16070106716243576,0.16070106716243576,0.16070106716243576,0.16070106716243576,0.16070106716243576,0.16070106716243576,0.16070106716243576,0.16070106716243576,0.16070106716243576,0.15921845153277134,0.1592184515327711,0.1592184515327711,0.1592184515327711,0.15921845153277134,0.1592184515327711,0.1592184515327711,0.1592184515327711,0.1592184515327711,0.1592184515327711,0.1592184515327711,0.1592184515327711,0.15921845153277087,0.1592184515327711,0.1592184515327711,0.1592184515327711,0.1592184515327711,0.1592184515327711,0.1592184515327711,0.1592184515327711,0.15921845153277134,0.1592184515327711,0.1592184515327711,0.1592184515327711,0.15921845153277134,0.15776544631170286,0.15776544631170258,0.1577654463117024,0.15776544631170258,0.15776544631170286,0.15776544631170258,0.1577654463117024,0.15776544631170217,0.1577654463117024,0.15776544631170258,0.1577654463117024,0.15776544631170217,0.15776544631170217,0.15776544631170217,0.1577654463117024,0.15776544631170258,0.1577654463117024,0.15776544631170217,0.1577654463117024,0.15776544631170258,0.15776544631170286,0.15776544631170258,0.1577654463117024,0.15776544631170258,0.15776544631170286,0.15634146262810994,0.1563414626281091,0.1563414626281087,0.1563414626281091,0.15634146262810994,0.1563414626281091,0.1563414626281085,0.15634146262810786,0.1563414626281085,0.1563414626281091,0.1563414626281087,0.15634146262810786,0.1563414626281074,0.15634146262810786,0.1563414626281087,0.1563414626281091,0.1563414626281085,0.15634146262810786,0.1563414626281085,0.1563414626281091,0.15634146262810994,0.1563414626281091,0.1563414626281087,0.1563414626281091,0.15634146262810994,0.15494591468204452,0.15494591468204225,0.15494591468204083,0.15494591468204225,0.15494591468204452,0.15494591468204225,0.15494591468203983,0.15494591468203836,0.15494591468203983,0.15494591468204225,0.15494591468204083,0.15494591468203836,0.15494591468203694,0.15494591468203836,0.15494591468204083,0.15494591468204225,0.15494591468203983,0.15494591468203836,0.15494591468203983,0.15494591468204225,0.15494591468204452,0.15494591468204225,0.15494591468204083,0.15494591468204225,0.15494591468204452,0.15357822071423846,0.15357822071423144,0.15357822071422703,0.15357822071423144,0.15357822071423846,0.15357822071423144,0.15357822071422403,0.1535782207142194,0.15357822071422403,0.15357822071423144,0.15357822071422703,0.1535782207142194,0.15357822071421437,0.1535782207142192,0.15357822071422703,0.15357822071423144,0.15357822071422403,0.1535782207142192,0.15357822071422403,0.15357822071423144,0.15357822071423846,0.15357822071423144,0.15357822071422703,0.15357822071423144,0.15357822071423846,0.15223780386720884,0.1522378038671872,0.15223780386717362,0.1522378038671872,0.15223780386720884,0.1522378038671872,0.15223780386716396,0.152237803867149,0.15223780386716396,0.1522378038671872,0.15223780386717362,0.152237803867149,0.15223780386713326,0.152237803867149,0.15223780386717362,0.1522378038671872,0.15223780386716396,0.152237803867149,0.15223780386716396,0.1522378038671872,0.15223780386720884,0.1522378038671872,0.15223780386717362,0.1522378038671872,0.15223780386720884,0.15092409294657907,0.15092409294651346,0.15092409294647177,0.15092409294651346,0.15092409294657907,0.15092409294651346,0.15092409294644113,0.15092409294639406,0.15092409294644113,0.15092409294651346,0.15092409294647177,0.15092409294639406,0.1509240929463441,0.15092409294639406,0.15092409294647177,0.15092409294651346,0.15092409294644113,0.15092409294639406,0.15092409294644113,0.15092409294651346,0.15092409294657907,0.15092409294651346,0.15092409294647177,0.15092409294651346,0.15092409294657907,0.14963652309070752,0.14963652309051162,0.14963652309038533,0.14963652309051162,0.14963652309070752,0.14963652309051162,0.14963652309028813,0.14963652309014044,0.14963652309028813,0.14963652309051162,0.14963652309038533,0.14963652309014044,0.14963652308997782,0.14963652309014044,0.14963652309038533,0.14963652309051162,0.14963652309028813,0.14963652309014044,0.14963652309028813,0.14963652309051162,0.14963652309070752,0.14963652309051162,0.14963652309038533,0.14963652309051162,0.14963652309070752,0.1483745363562359,0.1483745363556621,0.14837453635528203,0.1483745363556621,0.1483745363562359,0.1483745363556621,0.1483745363549766,0.1483745363545053,0.1483745363549766,0.1483745363556621,0.14837453635528203,0.1483745363545053,0.1483745363539606,0.1483745363545053,0.14837453635528203,0.1483745363556621,0.1483745363549766,0.1483745363545053,0.1483745363549766,0.1483745363556621,0.1483745363562359,0.1483745363556621,0.14837453635528203,0.1483745363556621,0.1483745363562359,0.14713758222676152,0.14713758222512585,0.1471375822239963,0.14713758222512585,0.14713758222676152,0.14713758222512585,0.14713758222304246,0.14713758222151035,0.14713758222304246,0.14713758222512585,0.1471375822239963,0.14713758222151035,0.1471375822195935,0.14713758222151035,0.1471375822239963,0.14713758222512585,0.14713758222304246,0.14713758222151035,0.14713758222304246,0.14713758222512585,0.14713758222676152,0.14713758222512585,0.1471375822239963,0.14713758222512585,0.14713758222676152,0.1459251180515739,0.14592511804710823,0.14592511804382027,0.14592511804710823,0.1459251180515739,0.14592511804710823,0.14592511804089237,0.1459251180358031,0.14592511804089237,0.14592511804710823,0.14592511804382027,0.1459251180358031,0.1459251180285392,0.1459251180358031,0.14592511804382027,0.14592511804710823,0.14592511804089237,0.1459251180358031,0.14592511804089237,0.14592511804710823,0.1459251180515739,0.14592511804710823,0.14592511804382027,0.14592511804710823,0.1459251180515739,0.1447366094213658,0.1447366094100019,0.14473660940080363,0.1447366094100019,0.1447366094213658,0.1447366094100019,0.14473660939217303,0.1447366093749652,0.14473660939217303,0.1447366094100019,0.14473660940080363,0.1447366093749652,0.144736609344508,0.1447366093749652,0.14473660940080363,0.1447366094100019,0.14473660939217303,0.1447366093749652,0.14473660939217303,0.1447366094100019,0.1447366094213658,0.1447366094100019,0.14473660940080363,0.1447366094100019,0.1447366094213658,0.14357153048780757,0.14357153046214133,0.14357153043844714,0.14357153046214133,0.14357153048780757,0.14357153046214133,0.14357153041511742,0.14357153035761921,0.14357153041511742,0.14357153046214133,0.14357153043844714,0.14357153035761921,0.1435715302134068,0.14357153035761921,0.14357153043844714,0.14357153046214133,0.14357153041511742,0.14357153035761921,0.14357153041511742,0.14357153046214133,0.14357153048780757,0.14357153046214133,0.14357153043844714,0.14357153046214133,0.14357153048780757,0.1424293642319309,0.1424293641852628,0.14242936413486254,0.1424293641852628,0.1424293642319309,0.1424293641852628,0.142429364083412,0.14242936391308533,0.142429364083412,0.1424293641852628,0.14242936413486254,0.14242936391308533,0.1424293631385515,0.14242936391308533,0.14242936413486254,0.1424293641852628,0.142429364083412,0.14242936391308533,0.142429364083412,0.1424293641852628,0.1424293642319309,0.1424293641852628,0.14242936413486254,0.1424293641852628,0.1424293642319309,0.1413096026757475,0.1413096026204268,0.1413096025588436,0.1413096026204268,0.1413096026757475,0.1413096026204268,0.14130960249537755,0.1413096022827889,0.14130960249537755,0.1413096026204268,0.1413096025588436,0.1413096022827889,0.14130960134577633,0.1413096022827889,0.1413096025588436,0.1413096026204268,0.14130960249537755,0.1413096022827889,0.14130960249537755,0.1413096026204268,0.1413096026757475,0.1413096026204268,0.1413096025588436,0.1413096026204268,0.1413096026757475,0.14021174701198816,0.1402117469692181,0.14021174691855404,0.1402117469692181,0.14021174701198816,0.1402117469692181,0.1402117468657976,0.14021174667298075,0.1402117468657976,0.1402117469692181,0.14021174691855404,0.14021174667298075,0.14021174571926123,0.14021174667298075,0.14021174691855404,0.1402117469692181,0.1402117468657976,0.14021174667298075,0.1402117468657976,0.1402117469692181,0.14021174701198816,0.1402117469692181,0.14021174691855404,0.1402117469692181,0.14021174701198816,0.1391353077146353,0.13913530771116078,0.13913530770552504,0.13913530771116078,0.1391353077146353,0.13913530771116078,0.13913530769925322,0.1391353076747228,0.13913530769925322,0.13913530771116078,0.13913530770552504,0.1391353076747228,0.13913530758264764,0.1391353076747228,0.13913530770552504,0.13913530771116078,0.13913530769925322,0.1391353076747228,0.13913530769925322,0.13913530771116078,0.1391353077146353,0.13913530771116078,0.13913530770552504,0.13913530771116078,0.1391353077146353,0.1380798046201599,0.13807980466381317,0.1380798047093949,0.13807980466381317,0.1380798046201599,0.13807980466381317,0.1380798047560757,0.1380798048884322,0.1380798047560757,0.13807980466381317,0.1380798047093949,0.1380798048884322,0.13807980527567834,0.1380798048884322,0.1380798047093949,0.13807980466381317,0.1380798047560757,0.1380798048884322,0.1380798047560757,0.13807980466381317,0.1380798046201599,0.13807980466381317,0.1380798047093949,0.13807980466381317,0.1380798046201599,0.13704476702673854,0.13704476711101388,0.1370447672149852,0.13704476711101388,0.13704476702673854,0.13704476711101388,0.13704476732322496,0.13704476775554467,0.13704476732322496,0.13704476711101388,0.1370447672149852,0.13704476775554467,0.13704477016866543,0.13704476775554467,0.1370447672149852,0.13704476711101388,0.13704476732322496,0.13704476775554467,0.13704476732322496,0.13704476711101388,0.13704476702673854,0.13704476711101388,0.1370447672149852,0.13704476711101388,0.13704476702673854,0.13602973375539082,0.13602973381545239,0.13602973387465878,0.13602973381545239,0.13602973375539082,0.13602973381545239,0.13602973393423315,0.1360297340941187,0.13602973393423315,0.13602973381545239,0.13602973387465878,0.1360297340941187,0.13602973453972939,0.1360297340941187,0.13602973387465878,0.13602973381545239,0.13602973393423315,0.1360297340941187,0.13602973393423315,0.13602973381545239,0.13602973375539082,0.13602973381545239,0.13602973387465878,0.13602973381545239,0.13602973375539082,0.13503425327613733,0.13503425331400912,0.13503425334537872,0.13503425331400912,0.13503425327613733,0.13503425331400912,0.13503425337522018,0.135034253436128,0.13503425337522018,0.13503425331400912,0.13503425334537872,0.135034253436128,0.13503425354721224,0.135034253436128,0.13503425334537872,0.13503425331400912,0.13503425337522018,0.135034253436128,0.13503425337522018,0.13503425331400912,0.13503425327613733,0.13503425331400912,0.13503425334537872,0.13503425331400912,0.13503425327613733
0.16533248755286822,0.16533248755286822,0.165332487552868,0.16533248755286822,0.16533248755286822,0.16533248755286822,0.165332487552868,0.165332487552868,0.16533248755286822,0.16533248755286822,0.165332487552868,0.165332487552868,0.165332487552868,0.165332487552868,0.16533248755286822,0.16533248755286822,0.16533248755286822,0.165332487552868,0.165332487552868,0.165332487552868,0.16533248755286822,0.16533248755286822,0.16533248755286822,0.165332487552868,0.165332487552868,0.16375749383870353,0.16375749383870353,0.16375749383870353,0.16375749383870353,0.16375749383870353,0.16375749383870353,0.16375749383870353,0.16375749383870353,0.16375749383870353,0.16375749383870353,0.16375749383870353,0.16375749383870353,0.16375749383870353,0.16375749383870353,0.16375749383870353,0.16375749383870353,0.16375749383870353,0.16375749383870353,0.16375749383870353,0.16375749383870353,0.16375749383870353,0.16375749383870353,0.16375749383870353,0.16375749383870353,0.16375749383870353,0.16221388405634982,0.16221388405634982,0.16221388405634982,0.16221388405634982,0.16221388405634982,0.16221388405634982,0.16221388405634982,0.16221388405634982,0.16221388405634982,0.16221388405634982,0.16221388405634982,0.16221388405634982,0.16221388405634982,0.16221388405634982,0.16221388405634982,0.16221388405634982,0.16221388405634982,0.16221388405634982,0.16221388405634982,0.16221388405634982,0.16221388405634982,0.16221388405634982,0.16221388405634982,0.16221388405634982,0.16221388405634982,0.16070106716284693,0.16070106716284693,0.16070106716284693,0.16070106716284693,0.16070106716284693,0.16070106716284693,0.16070106716284693,0.16070106716284693,0.16070106716284693,0.16070106716284693,0.16070106716284693,0.16070106716284693,0.16070106716284693,0.16070106716284693,0.16070106716284693,0.16070106716284693,0.16070106716284693,0.16070106716284693,0.16070106716284693,0.16070106716284693,0.16070106716284693,0.16070106716284693,0.16070106716284693,0.16070106716284693,0.16070106716284693,0.15921845153317324,0.15921845153317324,0.15921845153317324,0.15921845153317324,0.15921845153317324,0.15921845153317324,0.15921845153317302,0.15921845153317302,0.15921845153317302,0.15921845153317324,0.15921845153317324,0.15921845153317302,0.15921845153317302,0.15921845153317302,0.15921845153317324,0.15921845153317324,0.15921845153317302,0.15921845153317302,0.15921845153317324,0.15921845153317324,0.15921845153317324,0.15921845153317324,0.15921845153317324,0.15921845153317324,0.15921845153317324,0.15776544631209566,0.1577654463120954,0.15776544631209521,0.1577654463120954,0.15776544631209566,0.1577654463120954,0.157765446312095,0.157765446312095,0.157765446312095,0.1577654463120954,0.15776544631209521,0.157765446312095,0.1577654463120948,0.157765446312095,0.15776544631209521,0.1577654463120954,0.157765446312095,0.157765446312095,0.157765446312095,0.1577654463120954,0.15776544631209566,0.1577654463120954,0.15776544631209521,0.1577654463120954,0.15776544631209566,0.15634146262849324,0.1563414626284924,0.156341462628492,0.1563414626284924,0.15634146262849324,0.1563414626284924,0.15634146262849177,0.15634146262849116,0.15634146262849177,0.1563414626284924,0.156341462628492,0.15634146262849116,0.15634146262849072,0.15634146262849116,0.156341462628492,0.1563414626284924,0.15634146262849177,0.15634146262849116,0.15634146262849177,0.1563414626284924,0.15634146262849324,0.1563414626284924,0.156341462628492,0.1563414626284924,0.15634146262849324,0.1549459146824183,0.15494591468241606,0.15494591468241464,0.15494591468241606,0.1549459146824183,0.15494591468241606,0.1549459146824138,0.15494591468241217,0.1549459146824138,0.15494591468241606,0.15494591468241464,0.15494591468241217,0.15494591468241076,0.15494591468241217,0.15494591468241464,0.15494591468241606,0.1549459146824138,0.15494591468241217,0.1549459146824138,0.15494591468241606,0.1549459146824183,0.15494591468241606,0.15494591468241464,0.15494591468241606,0.1549459146824183,0.1535782207146028,0.1535782207145958,0.15357822071459135,0.1535782207145958,0.1535782207146028,0.1535782207145958,0.15357822071458838,0.15357822071458355,0.15357822071458838,0.1535782207145958,0.15357822071459135,0.15357822071458355,0.15357822071457872,0.15357822071458355,0.15357822071459135,0.1535782207145958,0.15357822071458838,0.15357822071458355,0.15357822071458838,0.1535782207145958,0.1535782207146028,0.1535782207145958,0.15357822071459135,0.1535782207145958,0.1535782207146028,0.15223780386756375,0.1522378038675421,0.15223780386752833,0.1522378038675421,0.15223780386756375,0.1522378038675421,0.15223780386751867,0.1522378038675039,0.15223780386751867,0.1522378038675421,0.15223780386752833,0.1522378038675039,0.15223780386748795,0.1522378038675039,0.15223780386752833,0.1522378038675421,0.15223780386751867,0.1522378038675039,0.15223780386751867,0.1522378038675421,0.15223780386756375,0.1522378038675421,0.15223780386752833,0.1522378038675421,0.15223780386756375,0.15092409294692438,0.1509240929468588,0.15092409294681713,0.1509240929468588,0.15092409294692438,0.1509240929468588,0.15092409294678624,0.15092409294673936,0.15092409294678624,0.1509240929468588,0.15092409294681713,0.15092409294673936,0.15092409294668943,0.15092409294673936,0.15092409294681713,0.1509240929468588,0.15092409294678624,0.15092409294673936,0.15092409294678624,0.1509240929468588,0.15092409294692438,0.1509240929468588,0.15092409294681713,0.1509240929468588,0.15092409294692438,0.14963652309104294,0.14963652309084743,0.14963652309072112,0.14963652309084743,0.14963652309104294,0.14963652309084743,0.14963652309062395,0.14963652309047645,0.14963652309062395,0.14963652309084743,0.14963652309072112,0.14963652309047645,0.14963652309031386,0.14963652309047645,0.14963652309072112,0.14963652309084743,0.14963652309062395,0.14963652309047645,0.14963652309062395,0.14963652309084743,0.14963652309104294,0.14963652309084743,0.14963652309072112,0.14963652309084743,0.14963652309104294,0.14837453635656156,0.1483745363559883,0.14837453635560838,0.1483745363559883,0.14837453635656156,0.1483745363559883,0.14837453635530334,0.14837453635483222,0.14837453635530334,0.1483745363559883,0.14837453635560838,0.14837453635483222,0.14837453635428793,0.14837453635483222,0.14837453635560838,0.1483745363559883,0.14837453635530334,0.14837453635483222,0.14837453635530334,0.1483745363559883,0.14837453635656156,0.1483745363559883,0.14837453635560838,0.1483745363559883,0.14837453635656156,0.1471375822270765,0.14713758222544213,0.1471375822243133,0.14713758222544213,0.1471375822270765,0.14713758222544213,0.14713758222336015,0.14713758222182935,0.14713758222336015,0.14713758222544213,0.1471375822243133,0.14713758222182935,0.14713758221991394,0.14713758222182935,0.1471375822243133,0.14713758222544213,0.14713758222336015,0.14713758222182935,0.14713758222336015,0.14713758222544213,0.1471375822270765,0.14713758222544213,0.1471375822243133,0.14713758222544213,0.1471375822270765,0.14592511805187575,0.14592511804741343,0.14592511804412797,0.14592511804741343,0.14592511805187575,0.14592511804741343,0.1459251180412024,0.14592511803611688,0.1459251180412024,0.14592511804741343,0.14592511804412797,0.14592511803611688,0.14592511802885844,0.14592511803611688,0.14592511804412797,0.14592511804741343,0.1459251180412024,0.14592511803611688,0.1459251180412024,0.14592511804741343,0.14592511805187575,0.14592511804741343,0.14592511804412797,0.14592511804741343,0.14592511805187575,0.14473660942164734,0.14473660941029234,0.14473660940110125,0.14473660941029234,0.14473660942164734,0.14473660941029234,0.1447366093924771,0.14473660937528235,0.1447366093924771,0.14473660941029234,0.14473660940110125,0.14473660937528235,0.14473660934484736,0.14473660937528235,0.14473660940110125,0.14473660941029234,0.1447366093924771,0.14473660937528235,0.1447366093924771,0.14473660941029234,0.14473660942164734,0.14473660941029234,0.14473660940110125,0.14473660941029234,0.14473660942164734,0.14357153048805088,0.1435715304624048,0.14357153043872914,0.1435715304624048,0.14357153048805088,0.1435715304624048,0.1435715304154174,0.14357153035796247,0.1435715304154174,0.1435715304624048,0.14357153043872914,0.14357153035796247,0.14357153021385444,0.14357153035796247,0.14357153043872914,0.1435715304624048,0.1435715304154174,0.14357153035796247,0.1435715304154174,0.1435715304624048,0.14357153048805088,0.1435715304624048,0.14357153043872914,0.1435715304624048,0.14357153048805088,0.14242936423209346,0.14242936418546395,0.14242936413510396,0.14242936418546395,0.14242936423209346,0.14242936418546395,0.1424293640836945,0.14242936391349736,0.1424293640836945,0.14242936418546395,0.14242936413510396,0.14242936391349736,0.142429363139501,0.14242936391349736,0.14242936413510396,0.14242936418546395,0.1424293640836945,0.14242936391349736,0.1424293640836945,0.14242936418546395,0.14242936423209346,0.14242936418546395,0.14242936413510396,0.14242936418546395,0.14242936423209346,0.14130960267574932,0.14130960262047912,0.1413096025589518,0.14130960262047912,0.14130960267574932,0.14130960262047912,0.14130960249554333,0.14130960228314499,0.14130960249554333,0.14130960262047912,0.1413096025589518,0.14130960228314499,0.14130960134693088,0.14130960228314499,0.1413096025589518,0.14130960262047912,0.14130960249554333,0.14130960228314499,0.14130960249554333,0.14130960262047912,0.14130960267574932,0.14130960262047912,0.1413096025589518,0.14130960262047912,0.14130960267574932,0.14021174701172273,0.1402117469689972,0.1402117469183868,0.1402117469689972,0.14021174701172273,0.1402117469689972,0.1402117468656865,0.1402117466730814,0.1402117468656865,0.1402117469689972,0.1402117469183868,0.1402117466730814,0.14021174572045986,0.1402117466730814,0.1402117469183868,0.1402117469689972,0.1402117468656865,0.1402117466730814,0.1402117468656865,0.1402117469689972,0.14021174701172273,0.1402117469689972,0.1402117469183868,0.1402117469689972,0.14021174701172273,0.13913530771400776,0.13913530771054036,0.13913530770491395,0.13913530771054036,0.13913530771400776,0.13913530771054036,0.13913530769865226,0.13913530767415694,0.13913530769865226,0.13913530771054036,0.13913530770491395,0.13913530767415694,0.1391353075822027,0.13913530767415694,0.13913530770491395,0.13913530771054036,0.13913530769865226,0.13913530767415694,0.13913530769865226,0.13913530771054036,0.13913530771400776,0.13913530771054036,0.13913530770491395,0.13913530771054036,0.13913530771400776,0.13807980461915104,0.1380798046627659,0.1380798047083074,0.1380798046627659,0.13807980461915104,0.1380798046627659,0.138079804754947,0.13807980488718521,0.138079804754947,0.1380798046627659,0.1380798047083074,0.13807980488718521,0.13807980527408173,0.13807980488718521,0.1380798047083074,0.1380798046627659,0.138079804754947,0.13807980488718521,0.138079804754947,0.1380798046627659,0.13807980461915104,0.1380798046627659,0.1380798047083074,0.1380798046627659,0.13807980461915104,0.13704476702542218,0.13704476710962074,0.1370447672134969,0.13704476710962074,0.13704476702542218,0.13704476710962074,0.1370447673216375,0.1370447677535601,0.1370447673216375,0.13704476710962074,0.1370447672134969,0.1370447677535601,0.13704477016446928,0.1370447677535601,0.1370447672134969,0.13704476710962074,0.1370447673216375,0.1370447677535601,0.1370447673216375,0.13704476710962074,0.13704476702542218,0.13704476710962074,0.1370447672134969,0.13704476710962074,0.13704476702542218,0.13602973375392158,0.13602973381392808,0.1360297338730802,0.13602973381392808,0.13602973375392158,0.13602973381392808,0.13602973393259984,0.13602973409233837,0.13602973393259984,0.13602973381392808,0.1360297338730802,0.13602973409233837,0.136029734537539,0.13602973409233837,0.1360297338730802,0.13602973381392808,0.13602973393259984,0.13602973409233837,0.13602973393259984,0.13602973381392808,0.13602973375392158,0.13602973381392808,0.1360297338730802,0.13602973381392808,0.13602973375392158,0.13503425327462626,0.13503425331246338,0.13503425334380398,0.13503425331246338,0.13503425327462626,0.13503425331246338,0.13503425337361818,0.13503425343447006,0.13503425337361818,0.13503425331246338,0.13503425334380398,0.13503425343447006,0.13503425354545195,0.13503425343447006,0.13503425334380398,0.13503425331246338,0.13503425337361818,0.13503425343447006,0.13503425337361818,0.13503425331246338,0.13503425327462626,0.13503425331246338,0.13503425334380398,0.13503425331246338,0.13503425327462626
0.16533248755329064,0.16533248755329064,0.16533248755329064,0.16533248755329064,0.16533248755329064,0.16533248755329064,0.16533248755329064,0.16533248755329064,0.16533248755329064,0.16533248755329064,0.16533248755329064,0.16533248755329064,0.16533248755329064,0.16533248755329064,0.16533248755329064,0.16533248755329064,0.16533248755329064,0.16533248755329064,0.16533248755329064,0.16533248755329064,0.16533248755329064,0.16533248755329064,0.16533248755329064,0.16533248755329064,0.16533248755329064,0.16375749383911753,0.16375749383911753,0.16375749383911753,0.16375749383911753,0.16375749383911753,0.16375749383911753,0.16375749383911753,0.16375749383911753,0.16375749383911753,0.16375749383911753,0.16375749383911753,0.16375749383911753,0.16375749383911753,0.16375749383911753,0.16375749383911753,0.16375749383911753,0.16375749383911753,0.16375749383911753,0.16375749383911753,0.16375749383911753,0.16375749383911753,0.16375749383911753,0.16375749383911753,0.16375749383911753,0.16375749383911753,0.16221388405675535,0.16221388405675535,0.16221388405675535,0.16221388405675535,0.16221388405675535,0.16221388405675535,0.16221388405675535,0.16221388405675535,0.16221388405675535,0.16221388405675535,0.16221388405675535,0.16221388405675535,0.16221388405675535,0.16221388405675535,0.16221388405675535,0.16221388405675535,0.16221388405675535,0.16221388405675535,0.16221388405675535,0.16221388405675535,0.16221388405675535,0.16221388405675535,0.16221388405675535,0.16221388405675535,0.16221388405675535,0.16070106716324414,0.16070106716324414,0.16070106716324414,0.16070106716324414,0.16070106716324414,0.16070106716324414,0.16070106716324414,0.16070106716324414,0.16070106716324414,0.16070106716324414,0.16070106716324414,0.16070106716324414,0.16070106716324414,0.16070106716324414,0.16070106716324414,0.16070106716324414,0.16070106716324414,0.16070106716324414,0.16070106716324414,0.16070106716324414,0.16070106716324414,0.16070106716324414,0.16070106716324414,0.16070106716324414,0.16070106716324414,0.15921845153356232,0.1592184515335621,0.1592184515335621,0.1592184515335621,0.15921845153356232,0.1592184515335621,0.1592184515335621,0.1592184515335621,0.1592184515335621,0.1592184515335621,0.1592184515335621,0.1592184515335621,0.15921845153356184,0.1592184515335621,0.1592184515335621,0.1592184515335621,0.1592184515335621,0.1592184515335621,0.1592184515335621,0.1592184515335621,0.15921845153356232,0.1592184515335621,0.1592184515335621,0.1592184515335621,0.15921845153356232,0.15776544631247627,0.15776544631247608,0.15776544631247585,0.15776544631247608,0.15776544631247627,0.15776544631247608,0.15776544631247585,0.15776544631247566,0.15776544631247585,0.15776544631247608,0.15776544631247585,0.15776544631247566,0.15776544631247544,0.15776544631247566,0.15776544631247585,0.15776544631247608,0.15776544631247585,0.15776544631247566,0.15776544631247585,0.15776544631247608,0.15776544631247627,0.15776544631247608,0.15776544631247585,0.15776544631247608,0.15776544631247627,0.15634146262886586,0.15634146262886503,0.1563414626288646,0.15634146262886503,0.15634146262886586,0.15634146262886503,0.1563414626288642,0.15634146262886378,0.1563414626288642,0.15634146262886503,0.1563414626288646,0.15634146262886378,0.15634146262886336,0.15634146262886378,0.1563414626288646,0.15634146262886503,0.1563414626288642,0.15634146262886378,0.1563414626288642,0.15634146262886503,0.15634146262886586,0.15634146262886503,0.1563414626288646,0.15634146262886503,0.15634146262886586,0.1549459146827829,0.15494591468278066,0.1549459146827792,0.15494591468278066,0.1549459146827829,0.15494591468278066,0.15494591468277819,0.15494591468277677,0.15494591468277819,0.15494591468278066,0.1549459146827792,0.15494591468277677,0.15494591468277533,0.15494591468277677,0.1549459146827792,0.15494591468278066,0.15494591468277819,0.15494591468277677,0.15494591468277819,0.15494591468278066,0.1549459146827829,0.15494591468278066,0.1549459146827792,0.15494591468278066,0.1549459146827829,0.1535782207149593,0.1535782207149523,0.15357822071494784,0.1535782207149523,0.1535782207149593,0.1535782207149523,0.15357822071494484,0.1535782207149402,0.15357822071494484,0.1535782207149523,0.15357822071494784,0.1535782207149402,0.1535782207149352,0.1535782207149402,0.15357822071494784,0.1535782207149523,0.15357822071494484,0.1535782207149402,0.15357822071494484,0.1535782207149523,0.1535782207149593,0.1535782207149523,0.15357822071494784,0.1535782207149523,0.1535782207149593,0.15223780386791236,0.1522378038678907,0.15223780386787714,0.1522378038678907,0.15223780386791236,0.1522378038678907,0.15223780386786748,0.15223780386785252,0.15223780386786748,0.1522378038678907,0.15223780386787714,0.15223780386785252,0.15223780386783675,0.15223780386785252,0.15223780386787714,0.1522378038678907,0.15223780386786748,0.15223780386785252,0.15223780386786748,0.1522378038678907,0.15223780386791236,0.1522378038678907,0.15223780386787714,0.1522378038678907,0.15223780386791236,0.15092409294726508,0.1509240929471997,0.15092409294715803,0.1509240929471997,0.15092409294726508,0.1509240929471997,0.15092409294712736,0.15092409294708045,0.15092409294712736,0.1509240929471997,0.15092409294715803,0.15092409294708045,0.1509240929470303,0.15092409294708045,0.15092409294715803,0.1509240929471997,0.15092409294712736,0.15092409294708045,0.15092409294712736,0.1509240929471997,0.15092409294726508,0.1509240929471997,0.15092409294715803,0.1509240929471997,0.15092409294726508,0.14963652309137612,0.1496365230911806,0.1496365230910543,0.1496365230911806,0.14963652309137612,0.1496365230911806,0.1496365230909573,0.14963652309080983,0.1496365230909573,0.1496365230911806,0.1496365230910543,0.14963652309080983,0.1496365230906474,0.14963652309080983,0.1496365230910543,0.1496365230911806,0.1496365230909573,0.14963652309080983,0.1496365230909573,0.1496365230911806,0.14963652309137612,0.1496365230911806,0.1496365230910543,0.1496365230911806,0.14963652309137612,0.1483745363568866,0.14837453635631376,0.1483745363559342,0.14837453635631376,0.1483745363568866,0.14837453635631376,0.14837453635562914,0.14837453635515863,0.14837453635562914,0.14837453635631376,0.1483745363559342,0.14837453635515863,0.14837453635461464,0.14837453635515863,0.1483745363559342,0.14837453635631376,0.14837453635562914,0.14837453635515863,0.14837453635562914,0.14837453635631376,0.1483745363568866,0.14837453635631376,0.1483745363559342,0.14837453635631376,0.1483745363568866,0.14713758222739276,0.14713758222575965,0.14713758222463158,0.14713758222575965,0.14713758222739276,0.14713758222575965,0.14713758222367912,0.14713758222214943,0.14713758222367912,0.14713758222575965,0.14713758222463158,0.14713758222214943,0.14713758222023546,0.14713758222214943,0.14713758222463158,0.14713758222575965,0.14713758222367912,0.14713758222214943,0.14713758222367912,0.14713758222575965,0.14713758222739276,0.14713758222575965,0.14713758222463158,0.14713758222575965,0.14713758222739276,0.14592511805218056,0.14592511804772185,0.14592511804443886,0.14592511804772185,0.14592511805218056,0.14592511804772185,0.14592511804151542,0.14592511803643382,0.14592511804151542,0.14592511804772185,0.14592511804443886,0.14592511803643382,0.14592511802918073,0.14592511803643382,0.14592511804443886,0.14592511804772185,0.14592511804151542,0.14592511803643382,0.14592511804151542,0.14592511804772185,0.14592511805218056,0.14592511804772185,0.14592511804443886,0.14592511804772185,0.14592511805218056,0.14473660942193398,0.14473660941058789,0.14473660940140376,0.14473660941058789,0.14473660942193398,0.14473660941058789,0.1447366093927862,0.14473660937560423,0.1447366093927862,0.14473660941058789,0.14473660940140376,0.14473660937560423,0.14473660934519172,0.14473660937560423,0.14473660940140376,0.14473660941058789,0.1447366093927862,0.14473660937560423,0.1447366093927862,0.14473660941058789,0.14473660942193398,0.14473660941058789,0.14473660940140376,0.14473660941058789,0.14473660942193398,0.14357153048830087,0.14357153046267518,0.1435715304390178,0.14357153046267518,0.14357153048830087,0.14357153046267518,0.1435715304157242,0.14357153035831222,0.1435715304157242,0.14357153046267518,0.1435715304390178,0.14357153035831222,0.1435715302143089,0.14357153035831222,0.1435715304390178,0.14357153046267518,0.1435715304157242,0.14357153035831222,0.1435715304157242,0.14357153046267518,0.14357153048830087,0.14357153046267518,0.1435715304390178,0.14357153046267518,0.14357153048830087,0.14242936423226474,0.14242936418567365,0.1424293641353541,0.14242936418567365,0.14242936423226474,0.14242936418567365,0.14242936408398538,0.14242936391391772,0.14242936408398538,0.14242936418567365,0.1424293641353541,0.14242936391391772,0.14242936314047128,0.14242936391391772,0.1424293641353541,0.14242936418567365,0.14242936408398538,0.14242936391391772,0.14242936408398538,0.14242936418567365,0.14242936423226474,0.14242936418567365,0.1424293641353541,0.14242936418567365,0.14242936423226474,0.14130960267576115,0.14130960262054162,0.14130960255907005,0.14130960262054162,0.14130960267576115,0.14130960262054162,0.14130960249571897,0.14130960228351075,0.14130960249571897,0.14130960262054162,0.14130960255907005,0.14130960228351075,0.1413096013481152,0.14130960228351075,0.14130960255907005,0.14130960262054162,0.14130960249571897,0.14130960228351075,0.14130960249571897,0.14130960262054162,0.14130960267576115,0.14130960262054162,0.14130960255907005,0.14130960262054162,0.14130960267576115,0.14021174701146924,0.1402117469687882,0.14021174691823154,0.1402117469687882,0.14021174701146924,0.1402117469687882,0.14021174686558716,0.14021174667319294,0.14021174686558716,0.1402117469687882,0.14021174691823154,0.14021174667319294,0.14021174572164535,0.14021174667319294,0.14021174691823154,0.1402117469687882,0.14021174686558716,0.14021174667319294,0.14021174686558716,0.1402117469687882,0.14021174701146924,0.1402117469687882,0.14021174691823154,0.1402117469687882,0.14021174701146924,0.13913530771339397,0.13913530770993368,0.1391353077043166,0.13913530770993368,0.13913530771339397,0.13913530770993368,0.13913530769806504,0.13913530767360446,0.13913530769806504,0.13913530770993368,0.1391353077043166,0.13913530767360446,0.1391353075817709,0.13913530767360446,0.1391353077043166,0.13913530770993368,0.13913530769806504,0.13913530767360446,0.13913530769806504,0.13913530770993368,0.13913530771339397,0.13913530770993368,0.1391353077043166,0.13913530770993368,0.13913530771339397,0.1380798046181572,0.13807980466173408,0.13807980470723533,0.13807980466173408,0.1380798046181572,0.13807980466173408,0.13807980475383366,0.13807980488595373,0.13807980475383366,0.13807980466173408,0.13807980470723533,0.13807980488595373,0.13807980527250122,0.13807980488595373,0.13807980470723533,0.13807980466173408,0.13807980475383366,0.13807980488595373,0.13807980475383366,0.13807980466173408,0.1380798046181572,0.13807980466173408,0.13807980470723533,0.13807980466173408,0.1380798046181572,0.13704476702412222,0.13704476710824398,0.13704476721202516,0.13704476710824398,0.13704476702412222,0.13704476710824398,0.1370447673200668,0.1370447677515927,0.1370447673200668,0.13704476710824398,0.13704476721202516,0.1370447677515927,0.13704477016027267,0.1370447677515927,0.13704476721202516,0.13704476710824398,0.1370447673200668,0.1370447677515927,0.1370447673200668,0.13704476710824398,0.13704476702412222,0.13704476710824398,0.13704476721202516,0.13704476710824398,0.13704476702412222,0.13602973375246927,0.13602973381242073,0.13602973387151876,0.13602973381242073,0.13602973375246927,0.13602973381242073,0.1360297339309837,0.13602973409057564,0.1360297339309837,0.13602973381242073,0.13602973387151876,0.13602973409057564,0.13602973453536668,0.13602973409057564,0.13602973387151876,0.13602973381242073,0.1360297339309837,0.13602973409057564,0.1360297339309837,0.13602973381242073,0.13602973375246927,0.13602973381242073,0.13602973387151876,0.13602973381242073,0.13602973375246927,0.1350342532731323,0.13503425331093458,0.13503425334224656,0.13503425331093458,0.1350342532731323,0.13503425331093458,0.13503425337203337,0.1350342534328293,0.13503425337203337,0.13503425331093458,0.13503425334224656,0.1350342534328293,0.1350342535437092,0.1350342534328293,0.13503425334224656,0.13503425331093458,0.13503425337203337,0.1350342534328293,0.13503425337203337,0.13503425331093458,0.1350342532731323,0.13503425331093458,0.13503425334224656,0.13503425331093458,0.1350342532731323
0.16533248755370764,0.16533248755370764,0.16533248755370764,0.16533248755370764,0.16533248755370764,0.16533248755370764,0.16533248755370764,0.16533248755370764,0.16533248755370764,0.16533248755370764,0.16533248755370764,0.16533248755370764,0.16533248755370764,0.16533248755370764,0.16533248755370764,0.16533248755370764,0.16533248755370764,0.16533248755370764,0.16533248755370764,0.16533248755370764,0.16533248755370764,0.16533248755370764,0.16533248755370764,0.16533248755370764,0.16533248755370764,0.1637574938395262,0.1637574938395262,0.1637574938395262,0.1637574938395262,0.1637574938395262,0.1637574938395262,0.1637574938395262,0.1637574938395262,0.1637574938395262,0.1637574938395262,0.1637574938395262,0.1637574938395262,0.1637574938395262,0.1637574938395262,0.1637574938395262,0.1637574938395262,0.1637574938395262,0.1637574938395262,0.1637574938395262,0.1637574938395262,0.1637574938395262,0.1637574938395262,0.1637574938395262,0.1637574938395262,0.1637574938395262,0.16221388405715564,0.16221388405715564,0.16221388405715564,0.16221388405715564,0.16221388405715564,0.16221388405715564,0.16221388405715564,0.16221388405715564,0.16221388405715564,0.16221388405715564,0.16221388405715564,0.16221388405715564,0.16221388405715564,0.16221388405715564,0.16221388405715564,0.16221388405715564,0.16221388405715564,0.16221388405715564,0.16221388405715564,0.16221388405715564,0.16221388405715564,0.16221388405715564,0.16221388405715564,0.16221388405715564,0.16221388405715564,0.16070106716363647,0.16070106716363647,0.16070106716363647,0.16070106716363647,0.16070106716363647,0.16070106716363647,0.16070106716363647,0.16070106716363647,0.16070106716363647,0.16070106716363647,0.16070106716363647,0.16070106716363647,0.16070106716363647,0.16070106716363647,0.16070106716363647,0.16070106716363647,0.16070106716363647,0.16070106716363647,0.16070106716363647,0.16070106716363647,0.16070106716363647,0.16070106716363647,0.16070106716363647,0.16070106716363647,0.16070106716363647,0.15921845153394656,0.15921845153394634,0.15921845153394634,0.15921845153394634,0.15921845153394656,0.15921845153394634,0.15921845153394634,0.15921845153394634,0.15921845153394634,0.15921845153394634,0.15921845153394634,0.15921845153394634,0.15921845153394634,0.15921845153394634,0.15921845153394634,0.15921845153394634,0.15921845153394634,0.15921845153394634,0.15921845153394634,0.15921845153394634,0.15921845153394656,0.15921845153394634,0.15921845153394634,0.15921845153394634,0.15921845153394656,0.15776544631285266,0.15776544631285247,0.15776544631285247,0.15776544631285247,0.15776544631285266,0.15776544631285247,0.15776544631285225,0.15776544631285203,0.15776544631285225,0.15776544631285247,0.15776544631285247,0.15776544631285203,0.15776544631285203,0.15776544631285203,0.15776544631285247,0.15776544631285247,0.15776544631285225,0.15776544631285203,0.15776544631285225,0.15776544631285247,0.15776544631285266,0.15776544631285247,0.15776544631285247,0.15776544631285247,0.15776544631285266,0.1563414626292345,0.15634146262923368,0.15634146262923326,0.15634146262923368,0.1563414626292345,0.15634146262923368,0.15634146262923304,0.15634146262923243,0.15634146262923304,0.15634146262923368,0.15634146262923326,0.15634146262923243,0.156341462629232,0.15634146262923243,0.15634146262923326,0.15634146262923368,0.15634146262923304,0.15634146262923243,0.15634146262923304,0.15634146262923368,0.1563414626292345,0.15634146262923368,0.15634146262923326,0.15634146262923368,0.1563414626292345,0.15494591468314398,0.15494591468314173,0.1549459146831403,0.15494591468314173,0.15494591468314398,0.15494591468314173,0.15494591468313929,0.15494591468313784,0.15494591468313929,0.15494591468314173,0.1549459146831403,0.15494591468313784,0.1549459146831364,0.15494591468313784,0.1549459146831403,0.15494591468314173,0.15494591468313929,0.15494591468313784,0.15494591468313929,0.15494591468314173,0.15494591468314398,0.15494591468314173,0.1549459146831403,0.15494591468314173,0.15494591468314398,0.153578220715313,0.15357822071530597,0.15357822071530156,0.15357822071530597,0.153578220715313,0.15357822071530597,0.15357822071529853,0.15357822071529392,0.15357822071529853,0.15357822071530597,0.15357822071530156,0.15357822071529392,0.1535782207152889,0.15357822071529392,0.15357822071530156,0.15357822071530597,0.15357822071529853,0.15357822071529392,0.15357822071529853,0.15357822071530597,0.153578220715313,0.15357822071530597,0.15357822071530156,0.15357822071530597,0.153578220715313,0.1522378038682586,0.15223780386823693,0.15223780386822336,0.15223780386823693,0.1522378038682586,0.15223780386823693,0.1522378038682137,0.15223780386819877,0.1522378038682137,0.15223780386823693,0.15223780386822336,0.15223780386819877,0.152237803868183,0.15223780386819877,0.15223780386822336,0.15223780386823693,0.1522378038682137,0.15223780386819877,0.1522378038682137,0.15223780386823693,0.1522378038682586,0.15223780386823693,0.15223780386822336,0.15223780386823693,0.1522378038682586,0.15092409294760425,0.15092409294753867,0.15092409294749717,0.15092409294753867,0.15092409294760425,0.15092409294753867,0.1509240929474663,0.1509240929474196,0.1509240929474663,0.15092409294753867,0.15092409294749717,0.1509240929474196,0.15092409294736947,0.1509240929474196,0.15092409294749717,0.15092409294753867,0.1509240929474663,0.1509240929474196,0.1509240929474663,0.15092409294753867,0.15092409294760425,0.15092409294753867,0.15092409294749717,0.15092409294753867,0.15092409294760425,0.14963652309170777,0.14963652309151246,0.14963652309138634,0.14963652309151246,0.14963652309170777,0.14963652309151246,0.14963652309128953,0.14963652309114203,0.14963652309128953,0.14963652309151246,0.14963652309138634,0.14963652309114203,0.1496365230909798,0.14963652309114203,0.14963652309138634,0.14963652309151246,0.14963652309128953,0.14963652309114203,0.14963652309128953,0.14963652309151246,0.14963652309170777,0.14963652309151246,0.14963652309138634,0.14963652309151246,0.14963652309170777,0.14837453635721093,0.14837453635663866,0.14837453635625925,0.14837453635663866,0.14837453635721093,0.14837453635663866,0.1483745363559546,0.14837453635548423,0.1483745363559546,0.14837453635663866,0.14837453635625925,0.14837453635548423,0.14837453635494083,0.14837453635548423,0.14837453635625925,0.14837453635663866,0.1483745363559546,0.14837453635548423,0.1483745363559546,0.14837453635663866,0.14837453635721093,0.14837453635663866,0.14837453635625925,0.14837453635663866,0.14837453635721093,0.14713758222770884,0.147137582226077,0.14713758222495002,0.147137582226077,0.14713758222770884,0.147137582226077,0.1471375822239983,0.14713758222246967,0.1471375822239983,0.147137582226077,0.14713758222495002,0.14713758222246967,0.1471375822205572,0.14713758222246967,0.14713758222495002,0.147137582226077,0.1471375822239983,0.14713758222246967,0.1471375822239983,0.147137582226077,0.14713758222770884,0.147137582226077,0.14713758222495002,0.147137582226077,0.14713758222770884,0.14592511805248612,0.1459251180480308,0.14592511804475033,0.1459251180480308,0.14592511805248612,0.1459251180480308,0.14592511804182917,0.14592511803675132,0.14592511804182917,0.1459251180480308,0.14592511804475033,0.14592511803675132,0.14592511802950356,0.14592511803675132,0.14592511804475033,0.1459251180480308,0.14592511804182917,0.14592511803675132,0.14592511804182917,0.1459251180480308,0.14592511805248612,0.1459251180480308,0.14592511804475033,0.1459251180480308,0.14592511805248612,0.14473660942222177,0.14473660941088462,0.14473660940170746,0.14473660941088462,0.14473660942222177,0.14473660941088462,0.1447366093930966,0.1447366093759275,0.1447366093930966,0.14473660941088462,0.14473660940170746,0.1447366093759275,0.14473660934553714,0.1447366093759275,0.14473660940170746,0.14473660941088462,0.1447366093930966,0.1447366093759275,0.1447366093930966,0.14473660941088462,0.14473660942222177,0.14473660941088462,0.14473660940170746,0.14473660941088462,0.14473660942222177,0.14357153048855276,0.14357153046294743,0.1435715304393085,0.14357153046294743,0.14357153048855276,0.14357153046294743,0.1435715304160327,0.14357153035866388,0.1435715304160327,0.14357153046294743,0.1435715304393085,0.14357153035866388,0.1435715302147651,0.14357153035866388,0.1435715304393085,0.14357153046294743,0.1435715304160327,0.14357153035866388,0.1435715304160327,0.14357153046294743,0.14357153048855276,0.14357153046294743,0.1435715304393085,0.14357153046294743,0.14357153048855276,0.14242936423243835,0.14242936418588584,0.14242936413560636,0.14242936418588584,0.14242936423243835,0.14242936418588584,0.14242936408427878,0.14242936391434047,0.14242936408427878,0.14242936418588584,0.14242936413560636,0.14242936391434047,0.14242936314146334,0.14242936391434047,0.14242936413560636,0.14242936418588584,0.14242936408427878,0.14242936391434047,0.14242936408427878,0.14242936418588584,0.14242936423243835,0.14242936418588584,0.14242936413560636,0.14242936418588584,0.14242936423243835,0.14130960267577647,0.1413096026206072,0.14130960255919128,0.1413096026206072,0.14130960267577647,0.1413096026206072,0.14130960249589777,0.14130960228387915,0.14130960249589777,0.1413096026206072,0.14130960255919128,0.14130960228387915,0.1413096013493084,0.14130960228387915,0.14130960255919128,0.1413096026206072,0.14130960249589777,0.14130960228387915,0.14130960249589777,0.1413096026206072,0.14130960267577647,0.1413096026206072,0.14130960255919128,0.1413096026206072,0.14130960267577647,0.14021174701121994,0.14021174696858307,0.14021174691807997,0.14021174696858307,0.14021174701121994,0.14021174696858307,0.1402117468654915,0.14021174667330794,0.1402117468654915,0.14021174696858307,0.14021174691807997,0.14021174667330794,0.14021174572283815,0.14021174667330794,0.14021174691807997,0.14021174696858307,0.1402117468654915,0.14021174667330794,0.1402117468654915,0.14021174696858307,0.14021174701121994,0.14021174696858307,0.14021174691807997,0.14021174696858307,0.1402117470112198,0.13913530771278493,0.1391353077093319,0.13913530770372415,0.1391353077093319,0.13913530771278493,0.1391353077093319,0.1391353076974824,0.13913530767305662,0.1391353076974824,0.1391353077093319,0.13913530770372415,0.13913530767305662,0.13913530758134351,0.13913530767305662,0.13913530770372415,0.1391353077093319,0.1391353076974824,0.13913530767305662,0.1391353076974824,0.1391353077093319,0.13913530771278493,0.1391353077093319,0.13913530770372415,0.1391353077093319,0.13913530771278493,0.1380798046171693,0.13807980466070788,0.1380798047061691,0.13807980466070788,0.1380798046171693,0.13807980466070788,0.13807980475272616,0.13807980488472843,0.13807980475272616,0.13807980466070788,0.1380798047061691,0.13807980488472843,0.13807980527092725,0.13807980488472843,0.1380798047061691,0.13807980466070788,0.13807980475272616,0.13807980488472843,0.13807980475272616,0.13807980466070788,0.1380798046171693,0.13807980466070788,0.1380798047061691,0.13807980466070788,0.1380798046171693,0.1370447670228287,0.13704476710687383,0.13704476721056025,0.13704476710687383,0.1370447670228287,0.13704476710687383,0.13704476731850304,0.1370447677496329,0.13704476731850304,0.13704476710687383,0.13704476721056025,0.1370447677496329,0.13704477015610433,0.1370447677496329,0.13704476721056025,0.13704476710687383,0.13704476731850304,0.1370447677496329,0.13704476731850304,0.13704476710687383,0.1370447670228287,0.13704476710687383,0.13704476721056025,0.13704476710687383,0.1370447670228287,0.13602973375102367,0.1360297338109204,0.13602973386996414,0.1360297338109204,0.13602973375102367,0.1360297338109204,0.1360297339293747,0.13602973408882005,0.1360297339293747,0.1360297338109204,0.13602973386996414,0.13602973408882005,0.13602973453320225,0.13602973408882005,0.13602973386996414,0.1360297338109204,0.1360297339293747,0.13602973408882005,0.1360297339293747,0.1360297338109204,0.13602973375102367,0.1360297338109204,0.13602973386996414,0.1360297338109204,0.13602973375102367,0.13503425327164517,0.13503425330941296,0.1350342533406961,0.13503425330941296,0.13503425327164517,0.13503425330941296,0.13503425337045558,0.1350342534311958,0.13503425337045558,0.13503425330941296,0.1350342533406961,0.1350342534311958,0.13503425354197382,0.1350342534311958,0.1350342533406961,0.13503425330941296,0.13503425337045558,0.1350342534311958,0.13503425337045558,0.13503425330941296,0.13503425327164517,0.13503425330941296,0.1350342533406961,0.13503425330941296,0.13503425327164517
0.16533248755412225,0.16533248755412225,0.16533248755412225,0.16533248755412225,0.16533248755412225,0.16533248755412225,0.16533248755412225,0.16533248755412225,0.16533248755412225,0.16533248755412225,0.16533248755412225,0.16533248755412225,0.16533248755412225,0.16533248755412225,0.16533248755412225,0.16533248755412225,0.16533248755412225,0.16533248755412225,0.16533248755412225,0.16533248755412225,0.16533248755412225,0.16533248755412225,0.16533248755412225,0.16533248755412225,0.16533248755412225,0.16375749383993257,0.16375749383993257,0.16375749383993257,0.16375749383993257,0.16375749383993257,0.16375749383993257,0.16375749383993257,0.16375749383993257,0.16375749383993257,0.16375749383993257,0.16375749383993257,0.16375749383993257,0.16375749383993257,0.16375749383993257,0.16375749383993257,0.16375749383993257,0.16375749383993257,0.16375749383993257,0.16375749383993257,0.16375749383993257,0.16375749383993257,0.16375749383993257,0.16375749383993257,0.16375749383993257,0.16375749383993257,0.16221388405755394,0.16221388405755394,0.16221388405755394,0.16221388405755394,0.16221388405755394,0.16221388405755394,0.16221388405755394,0.16221388405755394,0.16221388405755394,0.16221388405755394,0.16221388405755394,0.16221388405755394,0.16221388405755394,0.16221388405755394,0.16221388405755394,0.16221388405755394,0.16221388405755394,0.16221388405755394,0.16221388405755394,0.16221388405755394,0.16221388405755394,0.16221388405755394,0.16221388405755394,0.16221388405755394,0.16221388405755394,0.1607010671640268,0.1607010671640268,0.1607010671640268,0.1607010671640268,0.1607010671640268,0.1607010671640268,0.1607010671640268,0.1607010671640268,0.1607010671640268,0.1607010671640268,0.1607010671640268,0.1607010671640268,0.1607010671640268,0.1607010671640268,0.1607010671640268,0.1607010671640268,0.1607010671640268,0.1607010671640268,0.1607010671640268,0.1607010671640268,0.1607010671640268,0.1607010671640268,0.1607010671640268,0.1607010671640268,0.1607010671640268,0.1592184515343289,0.1592184515343289,0.1592184515343289,0.1592184515343289,0.1592184515343289,0.1592184515343289,0.1592184515343289,0.15921845153432868,0.1592184515343289,0.1592184515343289,0.1592184515343289,0.15921845153432868,0.15921845153432868,0.15921845153432868,0.1592184515343289,0.1592184515343289,0.1592184515343289,0.15921845153432868,0.1592184515343289,0.1592184515343289,0.1592184515343289,0.1592184515343289,0.1592184515343289,0.1592184515343289,0.1592184515343289,0.15776544631322756,0.15776544631322736,0.15776544631322711,0.15776544631322736,0.15776544631322756,0.15776544631322736,0.15776544631322692,0.15776544631322692,0.15776544631322692,0.15776544631322736,0.15776544631322711,0.15776544631322692,0.1577654463132267,0.15776544631322692,0.15776544631322711,0.15776544631322736,0.15776544631322692,0.15776544631322692,0.15776544631322692,0.15776544631322736,0.15776544631322756,0.15776544631322736,0.15776544631322711,0.15776544631322736,0.15776544631322756,0.15634146262960172,0.15634146262960089,0.15634146262960047,0.15634146262960089,0.15634146262960172,0.15634146262960089,0.15634146262960025,0.1563414626295996,0.15634146262960025,0.15634146262960089,0.15634146262960047,0.1563414626295996,0.15634146262959922,0.1563414626295996,0.15634146262960047,0.15634146262960089,0.15634146262960025,0.1563414626295996,0.15634146262960025,0.15634146262960089,0.15634146262960172,0.15634146262960089,0.15634146262960047,0.15634146262960089,0.15634146262960172,0.15494591468350383,0.1549459146835016,0.15494591468350016,0.1549459146835016,0.15494591468350383,0.1549459146835016,0.15494591468349914,0.15494591468349772,0.15494591468349914,0.1549459146835016,0.15494591468350016,0.15494591468349772,0.15494591468349606,0.15494591468349772,0.15494591468350016,0.1549459146835016,0.15494591468349914,0.15494591468349772,0.15494591468349914,0.1549459146835016,0.15494591468350383,0.1549459146835016,0.15494591468350016,0.1549459146835016,0.15494591468350383,0.1535782207156655,0.1535782207156584,0.15357822071565402,0.1535782207156584,0.1535782207156655,0.1535782207156584,0.15357822071565103,0.1535782207156464,0.15357822071565103,0.1535782207156584,0.15357822071565402,0.1535782207156464,0.15357822071564137,0.1535782207156464,0.15357822071565402,0.1535782207156584,0.15357822071565103,0.1535782207156464,0.15357822071565103,0.1535782207156584,0.1535782207156655,0.1535782207156584,0.15357822071565402,0.1535782207156584,0.1535782207156655,0.15223780386860386,0.15223780386858238,0.1522378038685686,0.15223780386858238,0.15223780386860386,0.15223780386858238,0.15223780386855915,0.1522378038685442,0.15223780386855915,0.15223780386858238,0.1522378038685686,0.1522378038685442,0.15223780386852845,0.1522378038685442,0.1522378038685686,0.15223780386858238,0.15223780386855915,0.1522378038685442,0.15223780386855915,0.15223780386858238,0.15223780386860386,0.15223780386858238,0.1522378038685686,0.15223780386858238,0.15223780386860386,0.15092409294794243,0.15092409294787704,0.15092409294783535,0.15092409294787704,0.15092409294794243,0.15092409294787704,0.1509240929478047,0.150924092947758,0.1509240929478047,0.15092409294787704,0.15092409294783535,0.150924092947758,0.15092409294770803,0.150924092947758,0.15092409294783535,0.15092409294787704,0.1509240929478047,0.150924092947758,0.1509240929478047,0.15092409294787704,0.15092409294794243,0.15092409294787704,0.15092409294783535,0.15092409294787704,0.15092409294794243,0.14963652309203904,0.14963652309184391,0.1496365230917178,0.14963652309184391,0.14963652309203904,0.14963652309184391,0.14963652309162098,0.14963652309147368,0.14963652309162098,0.14963652309184391,0.1496365230917178,0.14963652309147368,0.14963652309131142,0.14963652309147368,0.1496365230917178,0.14963652309184391,0.14963652309162098,0.14963652309147368,0.14963652309162098,0.14963652309184391,0.14963652309203904,0.14963652309184391,0.1496365230917178,0.14963652309184391,0.14963652309203904,0.1483745363575349,0.14837453635696296,0.14837453635658399,0.14837453635696296,0.1483745363575349,0.14837453635696296,0.14837453635627948,0.14837453635580947,0.14837453635627948,0.14837453635696296,0.14837453635658399,0.14837453635580947,0.14837453635526646,0.14837453635580947,0.14837453635658399,0.14837453635696296,0.14837453635627948,0.14837453635580947,0.14837453635627948,0.14837453635696296,0.1483745363575349,0.14837453635696296,0.14837453635658399,0.14837453635696296,0.1483745363575349,0.14713758222802495,0.1471375822263944,0.1471375822252681,0.1471375822263944,0.14713758222802495,0.1471375822263944,0.14713758222431714,0.14713758222278978,0.14713758222431714,0.1471375822263944,0.1471375822252681,0.14713758222278978,0.14713758222087872,0.14713758222278978,0.1471375822252681,0.1471375822263944,0.14713758222431714,0.14713758222278978,0.14713758222431714,0.1471375822263944,0.14713758222802495,0.1471375822263944,0.1471375822252681,0.1471375822263944,0.14713758222802495,0.1459251180527917,0.14592511804833988,0.14592511804506195,0.14592511804833988,0.1459251180527917,0.14592511804833988,0.14592511804214292,0.14592511803706879,0.14592511804214292,0.14592511804833988,0.14592511804506195,0.14592511803706879,0.14592511802982658,0.14592511803706879,0.14592511804506195,0.14592511804833988,0.14592511804214292,0.14592511803706879,0.14592511804214292,0.14592511804833988,0.1459251180527917,0.14592511804833988,0.14592511804506195,0.14592511804833988,0.1459251180527917,0.14473660942250996,0.14473660941118152,0.14473660940201152,0.14473660941118152,0.14473660942250996,0.14473660941118152,0.1447366093934071,0.14473660937625094,0.1447366093934071,0.14473660941118152,0.14473660940201152,0.14473660937625094,0.14473660934588292,0.14473660937625094,0.14473660940201152,0.14473660941118152,0.1447366093934071,0.14473660937625094,0.1447366093934071,0.14473660941118152,0.14473660942250996,0.14473660941118152,0.14473660940201152,0.14473660941118152,0.14473660942250996,0.14357153048880517,0.1435715304632202,0.14357153043959958,0.1435715304632202,0.14357153048880517,0.1435715304632202,0.14357153041634174,0.14357153035901601,0.14357153041634174,0.1435715304632202,0.14357153043959958,0.14357153035901601,0.14357153021522165,0.14357153035901601,0.14357153043959958,0.1435715304632202,0.14357153041634174,0.14357153035901601,0.14357153041634174,0.1435715304632202,0.14357153048880517,0.1435715304632202,0.14357153043959958,0.1435715304632202,0.14357153048880517,0.14242936423261282,0.14242936418609856,0.1424293641358595,0.14242936418609856,0.14242936423261282,0.14242936418609856,0.14242936408457285,0.1424293639147637,0.14242936408457285,0.14242936418609856,0.1424293641358595,0.1424293639147637,0.1424293631424269,0.1424293639147637,0.1424293641358595,0.14242936418609856,0.14242936408457285,0.1424293639147637,0.14242936408457285,0.14242936418609856,0.14242936423261282,0.14242936418609856,0.1424293641358595,0.14242936418609856,0.14242936423261282,0.14130960267579273,0.14130960262067366,0.14130960255931346,0.14130960262067366,0.14130960267579273,0.14130960262067366,0.14130960249607719,0.14130960228424821,0.14130960249607719,0.14130960262067366,0.14130960255931346,0.14130960228424821,0.14130960135050438,0.14130960228424821,0.14130960255931346,0.14130960262067366,0.14130960249607719,0.14130960228424821,0.14130960249607719,0.14130960262067366,0.14130960267579273,0.14130960262067366,0.14130960255931346,0.14130960262067366,0.14130960267579273,0.14021174701097194,0.14021174696837943,0.14021174691792967,0.14021174696837943,0.14021174701097194,0.14021174696837943,0.14021174686539703,0.1402117466734237,0.14021174686539703,0.14021174696837943,0.14021174691792967,0.1402117466734237,0.14021174572404627,0.1402117466734237,0.14021174691792967,0.14021174696837943,0.14021174686539703,0.1402117466734237,0.14021174686539703,0.14021174696837943,0.14021174701097194,0.14021174696837943,0.14021174691792967,0.14021174696837943,0.14021174701097194,0.13913530771217822,0.1391353077087322,0.1391353077031338,0.1391353077087322,0.13913530771217822,0.1391353077087322,0.13913530769690194,0.1391353076725108,0.13913530769690194,0.1391353077087322,0.1391353077031338,0.1391353076725108,0.13913530758091772,0.1391353076725108,0.1391353077031338,0.1391353077087322,0.13913530769690194,0.1391353076725108,0.13913530769690194,0.1391353077087322,0.13913530771217822,0.1391353077087322,0.1391353077031338,0.1391353077087322,0.13913530771217822,0.13807980461618416,0.13807980465968475,0.13807980470510584,0.13807980465968475,0.13807980461618416,0.13807980465968475,0.13807980475162182,0.1380798048835062,0.13807980475162182,0.13807980465968475,0.13807980470510584,0.1380798048835062,0.138079805269357,0.1380798048835062,0.13807980470510584,0.13807980465968475,0.13807980475162182,0.1380798048835062,0.13807980475162182,0.13807980465968475,0.13807980461618416,0.13807980465968475,0.13807980470510584,0.13807980465968475,0.13807980461618416,0.13704476702153848,0.13704476710550728,0.13704476720909883,0.13704476710550728,0.13704476702153848,0.13704476710550728,0.13704476731694296,0.13704476774767752,0.13704476731694296,0.13704476710550728,0.13704476720909883,0.13704476774767752,0.13704477015192462,0.13704476774767752,0.13704476720909883,0.13704476710550728,0.13704476731694296,0.13704476774767752,0.13704476731694296,0.13704476710550728,0.13704476702153848,0.13704476710550728,0.13704476720909883,0.13704476710550728,0.13704476702153848,0.13602973374958183,0.13602973380942388,0.13602973386841344,0.13602973380942388,0.13602973374958183,0.13602973380942388,0.13602973392776954,0.13602973408706864,0.13602973392776954,0.13602973380942388,0.13602973386841344,0.13602973408706864,0.13602973453104258,0.13602973408706864,0.13602973386841344,0.13602973380942388,0.13602973392776954,0.13602973408706864,0.13602973392776954,0.13602973380942388,0.13602973374958183,0.13602973380942388,0.13602973386841344,0.13602973380942388,0.13602973374958183,0.13503425327016189,0.13503425330789504,0.13503425333914965,0.13503425330789504,0.13503425327016189,0.13503425330789504,0.13503425336888178,0.13503425342956624,0.13503425336888178,0.13503425330789504,0.13503425333914965,0.13503425342956624,0.13503425354024248,0.13503425342956624,0.13503425333914965,0.13503425330789504,0.13503425336888178,0.13503425342956624,0.13503425336888178,0.13503425330789504,0.13503425327016189,0.13503425330789504,0.13503425333914965,0.13503425330789504,0.13503425327016189
0.16533248755453592,0.16533248755453592,0.16533248755453592,0.16533248755453592,0.16533248755453592,0.16533248755453592,0.16533248755453592,0.16533248755453592,0.16533248755453592,0.16533248755453592,0.16533248755453592,0.16533248755453592,0.16533248755453592,0.16533248755453592,0.16533248755453592,0.16533248755453592,0.16533248755453592,0.16533248755453592,0.16533248755453592,0.16533248755453592,0.16533248755453592,0.16533248755453592,0.16533248755453592,0.16533248755453592,0.16533248755453592,0.163757493840338,0.163757493840338,0.163757493840338,0.163757493840338,0.163757493840338,0.163757493840338,0.163757493840338,0.163757493840338,0.163757493840338,0.163757493840338,0.163757493840338,0.163757493840338,0.163757493840338,0.163757493840338,0.163757493840338,0.163757493840338,0.163757493840338,0.163757493840338,0.163757493840338,0.163757493840338,0.163757493840338,0.163757493840338,0.163757493840338,0.163757493840338,0.163757493840338,0.16221388405795129,0.16221388405795129,0.16221388405795129,0.16221388405795129,0.16221388405795129,0.16221388405795129,0.16221388405795129,0.16221388405795129,0.16221388405795129,0.16221388405795129,0.16221388405795129,0.16221388405795129,0.16221388405795129,0.16221388405795129,0.16221388405795129,0.16221388405795129,0.16221388405795129,0.16221388405795129,0.16221388405795129,0.16221388405795129,0.16221388405795129,0.16221388405795129,0.16221388405795129,0.16221388405795129,0.16221388405795129,0.1607010671644162,0.1607010671644162,0.1607010671644162,0.1607010671644162,0.1607010671644162,0.1607010671644162,0.1607010671644162,0.1607010671644162,0.1607010671644162,0.1607010671644162,0.1607010671644162,0.1607010671644162,0.1607010671644162,0.1607010671644162,0.1607010671644162,0.1607010671644162,0.1607010671644162,0.1607010671644162,0.1607010671644162,0.1607010671644162,0.1607010671644162,0.1607010671644162,0.1607010671644162,0.1607010671644162,0.1607010671644162,0.15921845153471054,0.15921845153471054,0.15921845153471031,0.15921845153471054,0.15921845153471054,0.15921845153471054,0.15921845153471031,0.15921845153471031,0.15921845153471031,0.15921845153471054,0.15921845153471031,0.15921845153471031,0.15921845153471031,0.15921845153471031,0.15921845153471031,0.15921845153471054,0.15921845153471031,0.15921845153471031,0.15921845153471031,0.15921845153471054,0.15921845153471054,0.15921845153471054,0.15921845153471031,0.15921845153471054,0.15921845153471054,0.1577654463136014,0.15776544631360118,0.15776544631360095,0.15776544631360118,0.1577654463136014,0.15776544631360118,0.15776544631360095,0.15776544631360073,0.15776544631360095,0.15776544631360118,0.15776544631360095,0.15776544631360073,0.15776544631360073,0.15776544631360073,0.15776544631360095,0.15776544631360118,0.15776544631360095,0.15776544631360073,0.15776544631360095,0.15776544631360118,0.1577654463136014,0.15776544631360118,0.15776544631360095,0.15776544631360118,0.1577654463136014,0.15634146262996806,0.15634146262996723,0.15634146262996682,0.15634146262996723,0.15634146262996806,0.15634146262996723,0.1563414626299666,0.15634146262996618,0.1563414626299666,0.15634146262996723,0.15634146262996682,0.15634146262996618,0.15634146262996557,0.15634146262996618,0.15634146262996682,0.15634146262996723,0.1563414626299666,0.15634146262996618,0.1563414626299666,0.15634146262996723,0.15634146262996806,0.15634146262996723,0.15634146262996682,0.15634146262996723,0.15634146262996806,0.15494591468386287,0.15494591468386062,0.15494591468385918,0.15494591468386062,0.15494591468386287,0.15494591468386062,0.15494591468385818,0.15494591468385674,0.15494591468385818,0.15494591468386062,0.15494591468385918,0.15494591468385674,0.1549459146838551,0.15494591468385674,0.15494591468385918,0.15494591468386062,0.15494591468385818,0.15494591468385674,0.15494591468385818,0.15494591468386062,0.15494591468386287,0.15494591468386062,0.15494591468385918,0.15494591468386062,0.15494591468386287,0.15357822071601734,0.15357822071601032,0.1535782207160059,0.15357822071601032,0.15357822071601734,0.15357822071601032,0.15357822071600288,0.15357822071599808,0.15357822071600288,0.15357822071601032,0.1535782207160059,0.15357822071599808,0.15357822071599325,0.15357822071599808,0.1535782207160059,0.15357822071601032,0.15357822071600288,0.15357822071599808,0.15357822071600288,0.15357822071601032,0.15357822071601734,0.15357822071601032,0.1535782207160059,0.15357822071601032,0.15357822071601734,0.1522378038689487,0.15223780386892705,0.15223780386891347,0.15223780386892705,0.1522378038689487,0.15223780386892705,0.15223780386890384,0.15223780386888885,0.15223780386890384,0.15223780386892705,0.15223780386891347,0.15223780386888885,0.15223780386887312,0.15223780386888885,0.15223780386891347,0.15223780386892705,0.15223780386890384,0.15223780386888885,0.15223780386890384,0.15223780386892705,0.1522378038689487,0.15223780386892705,0.15223780386891347,0.15223780386892705,0.1522378038689487,0.15092409294828002,0.15092409294821482,0.15092409294817316,0.15092409294821482,0.15092409294828002,0.15092409294821482,0.1509240929481425,0.1509240929480958,0.1509240929481425,0.15092409294821482,0.15092409294817316,0.1509240929480958,0.15092409294804585,0.1509240929480958,0.15092409294817316,0.15092409294821482,0.1509240929481425,0.1509240929480958,0.1509240929481425,0.15092409294821482,0.15092409294828002,0.15092409294821482,0.15092409294817316,0.15092409294821482,0.15092409294828002,0.14963652309236977,0.1496365230921748,0.1496365230920489,0.1496365230921748,0.14963652309236977,0.1496365230921748,0.14963652309195208,0.14963652309180497,0.14963652309195208,0.1496365230921748,0.1496365230920489,0.14963652309180497,0.1496365230916429,0.14963652309180497,0.1496365230920489,0.1496365230921748,0.14963652309195208,0.14963652309180497,0.14963652309195208,0.1496365230921748,0.14963652309236977,0.1496365230921748,0.1496365230920489,0.1496365230921748,0.14963652309236977,0.14837453635785866,0.14837453635728712,0.1483745363569085,0.14837453635728712,0.14837453635785866,0.14837453635728712,0.14837453635660416,0.14837453635613454,0.14837453635660416,0.14837453635728712,0.1483745363569085,0.14837453635613454,0.1483745363555919,0.14837453635613454,0.1483745363569085,0.14837453635728712,0.14837453635660416,0.14837453635613454,0.14837453635660416,0.14837453635728712,0.14837453635785866,0.14837453635728712,0.1483745363569085,0.14837453635728712,0.14837453635785866,0.14713758222834064,0.14713758222671136,0.147137582225586,0.14713758222671136,0.14713758222834064,0.14713758222671136,0.14713758222463574,0.14713758222310946,0.14713758222463574,0.14713758222671136,0.147137582225586,0.14713758222310946,0.14713758222119971,0.14713758222310946,0.147137582225586,0.14713758222671136,0.14713758222463574,0.14713758222310946,0.14713758222463574,0.14713758222671136,0.14713758222834064,0.14713758222671136,0.147137582225586,0.14713758222671136,0.14713758222834064,0.14592511805309705,0.14592511804864866,0.14592511804537317,0.14592511804864866,0.14592511805309705,0.14592511804864866,0.14592511804245648,0.14592511803738628,0.14592511804245648,0.14592511804864866,0.14592511804537317,0.14592511803738628,0.14592511803014924,0.14592511803738628,0.14592511804537317,0.14592511804864866,0.14592511804245648,0.14592511803738628,0.14592511804245648,0.14592511804864866,0.14592511805309705,0.14592511804864866,0.14592511804537317,0.14592511804864866,0.14592511805309705,0.14473660942279798,0.14473660941147823,0.14473660940231542,0.14473660941147823,0.14473660942279798,0.14473660941147823,0.1447366093937176,0.1447366093765742,0.1447366093937176,0.14473660941147823,0.14473660940231542,0.1447366093765742,0.14473660934622853,0.1447366093765742,0.14473660940231542,0.14473660941147823,0.1447366093937176,0.1447366093765742,0.1447366093937176,0.14473660941147823,0.14473660942279798,0.14473660941147823,0.14473660940231542,0.14473660941147823,0.14473660942279798,0.14357153048905755,0.14357153046349277,0.1435715304398905,0.14357153046349277,0.14357153048905755,0.14357153046349277,0.14357153041665077,0.143571530359368,0.14357153041665077,0.14357153046349277,0.1435715304398905,0.143571530359368,0.1435715302156778,0.143571530359368,0.1435715304398905,0.14357153046349277,0.14357153041665077,0.143571530359368,0.14357153041665077,0.14357153046349277,0.14357153048905755,0.14357153046349277,0.1435715304398905,0.14357153046349277,0.14357153048905755,0.1424293642327873,0.1424293641863114,0.14242936413611265,0.1424293641863114,0.1424293642327873,0.1424293641863114,0.14242936408486676,0.14242936391518676,0.14242936408486676,0.1424293641863114,0.14242936413611265,0.14242936391518676,0.14242936314341414,0.14242936391518676,0.14242936413611265,0.1424293641863114,0.14242936408486676,0.14242936391518676,0.14242936408486676,0.1424293641863114,0.1424293642327873,0.1424293641863114,0.14242936413611265,0.1424293641863114,0.1424293642327873,0.1413096026758092,0.14130960262074044,0.14130960255943584,0.14130960262074044,0.1413096026758092,0.14130960262074044,0.1413096024962568,0.14130960228461711,0.1413096024962568,0.14130960262074044,0.14130960255943584,0.14130960228461711,0.14130960135169132,0.14130960228461711,0.14130960255943584,0.14130960262074044,0.1413096024962568,0.14130960228461711,0.1413096024962568,0.14130960262074044,0.1413096026758092,0.14130960262074044,0.14130960255943584,0.14130960262074044,0.1413096026758092,0.14021174701072475,0.14021174696817623,0.14021174691777988,0.14021174696817623,0.14021174701072475,0.14021174696817623,0.14021174686530286,0.14021174667353917,0.14021174686530286,0.14021174696817623,0.14021174691777988,0.14021174667353917,0.14021174572523873,0.14021174667353917,0.14021174691777988,0.14021174696817623,0.14021174686530286,0.14021174667353917,0.14021174686530286,0.14021174696817623,0.14021174701072475,0.14021174696817623,0.14021174691777988,0.14021174696817623,0.14021174701072475,0.1391353077115725,0.13913530770813357,0.13913530770254434,0.13913530770813357,0.1391353077115725,0.13913530770813357,0.13913530769632262,0.13913530767196594,0.13913530769632262,0.13913530770813357,0.13913530770254434,0.13913530767196594,0.13913530758049256,0.13913530767196594,0.13913530770254434,0.13913530770813357,0.13913530769632262,0.13913530767196594,0.13913530769632262,0.13913530770813357,0.1391353077115725,0.13913530770813357,0.13913530770254434,0.13913530770813357,0.1391353077115725,0.13807980461520075,0.13807980465866335,0.1380798047040444,0.13807980465866335,0.13807980461520075,0.13807980465866335,0.1380798047505193,0.13807980488228605,0.1380798047505193,0.13807980465866335,0.1380798047040444,0.13807980488228605,0.1380798052677892,0.13807980488228605,0.1380798047040444,0.13807980465866335,0.1380798047505193,0.13807980488228605,0.1380798047505193,0.13807980465866335,0.13807980461520075,0.13807980465866335,0.1380798047040444,0.13807980465866335,0.13807980461520075,0.13704476702025056,0.13704476710414287,0.13704476720764003,0.13704476710414287,0.13704476702025056,0.13704476710414287,0.13704476731538562,0.1370447677457253,0.13704476731538562,0.13704476710414287,0.13704476720764003,0.1370447677457253,0.1370447701477619,0.1370447677457253,0.13704476720764003,0.13704476710414287,0.13704476731538562,0.1370447677457253,0.13704476731538562,0.13704476710414287,0.13704476702025056,0.13704476710414287,0.13704476720764003,0.13704476710414287,0.13704476702025056,0.13602973374814234,0.13602973380792982,0.13602973386686543,0.13602973380792982,0.13602973374814234,0.13602973380792982,0.1360297339261671,0.13602973408532007,0.1360297339261671,0.13602973380792982,0.13602973386686543,0.13602973408532007,0.13602973452888653,0.13602973408532007,0.13602973386686543,0.13602973380792982,0.1360297339261671,0.13602973408532007,0.1360297339261671,0.13602973380792982,0.13602973374814234,0.13602973380792982,0.13602973386686543,0.13602973380792982,0.13602973374814234,0.13503425326868107,0.1350342533063797,0.13503425333760566,0.1350342533063797,0.13503425326868107,0.1350342533063797,0.13503425336731056,0.13503425342793934,0.13503425336731056,0.1350342533063797,0.13503425333760566,0.13503425342793934,0.13503425353851412,0.13503425342793934,0.13503425333760566,0.1350342533063797,0.13503425336731056,0.13503425342793934,0.13503425336731056,0.1350342533063797,0.13503425326868107,0.1350342533063797,0.13503425333760566,0.1350342533063797,0.13503425326868107
0.16533248755494892,0.16533248755494892,0.16533248755494892,0.16533248755494892,0.16533248755494892,0.16533248755494892,0.16533248755494892,0.16533248755494892,0.16533248755494892,0.16533248755494892,0.16533248755494892,0.16533248755494892,0.16533248755494892,0.16533248755494892,0.16533248755494892,0.16533248755494892,0.16533248755494892,0.16533248755494892,0.16533248755494892,0.16533248755494892,0.16533248755494892,0.16533248755494892,0.16533248755494892,0.16533248755494892,0.1653324875549487,0.16375749384074256,0.16375749384074256,0.16375749384074256,0.16375749384074256,0.16375749384074256,0.16375749384074256,0.16375749384074256,0.16375749384074256,0.16375749384074256,0.16375749384074256,0.16375749384074256,0.16375749384074256,0.16375749384074256,0.16375749384074256,0.16375749384074256,0.16375749384074256,0.16375749384074256,0.16375749384074256,0.16375749384074256,0.16375749384074256,0.16375749384074256,0.16375749384074256,0.16375749384074256,0.16375749384074256,0.16375749384074256,0.16221388405834797,0.16221388405834797,0.16221388405834797,0.16221388405834797,0.16221388405834797,0.16221388405834797,0.16221388405834797,0.16221388405834797,0.16221388405834797,0.16221388405834797,0.16221388405834797,0.16221388405834797,0.16221388405834797,0.16221388405834797,0.16221388405834797,0.16221388405834797,0.16221388405834797,0.16221388405834797,0.16221388405834797,0.16221388405834797,0.16221388405834797,0.16221388405834797,0.16221388405834797,0.16221388405834797,0.16221388405834797,0.16070106716480478,0.16070106716480478,0.16070106716480478,0.16070106716480478,0.16070106716480478,0.16070106716480478,0.16070106716480478,0.16070106716480478,0.16070106716480478,0.16070106716480478,0.16070106716480478,0.16070106716480478,0.16070106716480478,0.16070106716480478,0.16070106716480478,0.16070106716480478,0.16070106716480478,0.16070106716480478,0.16070106716480478,0.16070106716480478,0.16070106716480478,0.16070106716480478,0.16070106716480478,0.16070106716480478,0.16070106716480478,0.15921845153509132,0.15921845153509132,0.15921845153509132,0.15921845153509132,0.15921845153509132,0.15921845153509132,0.15921845153509132,0.15921845153509132,0.15921845153509132,0.15921845153509132,0.15921845153509132,0.15921845153509132,0.15921845153509112,0.15921845153509132,0.15921845153509132,0.15921845153509132,0.15921845153509132,0.15921845153509132,0.15921845153509132,0.15921845153509132,0.15921845153509132,0.15921845153509132,0.15921845153509132,0.15921845153509132,0.15921845153509132,0.15776544631397477,0.15776544631397435,0.15776544631397435,0.15776544631397435,0.15776544631397477,0.15776544631397435,0.15776544631397413,0.15776544631397413,0.15776544631397413,0.15776544631397435,0.15776544631397435,0.15776544631397413,0.1577654463139739,0.15776544631397413,0.15776544631397435,0.15776544631397435,0.15776544631397413,0.15776544631397413,0.15776544631397413,0.15776544631397435,0.15776544631397477,0.15776544631397435,0.15776544631397435,0.15776544631397435,0.15776544631397477,0.1563414626303338,0.15634146263033316,0.15634146263033274,0.15634146263033316,0.1563414626303338,0.15634146263033316,0.15634146263033233,0.1563414626303319,0.15634146263033233,0.15634146263033316,0.15634146263033274,0.1563414626303319,0.1563414626303315,0.1563414626303319,0.15634146263033274,0.15634146263033316,0.15634146263033233,0.1563414626303319,0.15634146263033233,0.15634146263033316,0.1563414626303338,0.15634146263033316,0.15634146263033274,0.15634146263033316,0.1563414626303338,0.1549459146842213,0.15494591468421906,0.15494591468421764,0.15494591468421906,0.1549459146842213,0.15494591468421906,0.1549459146842166,0.15494591468421517,0.1549459146842166,0.15494591468421906,0.15494591468421764,0.15494591468421517,0.1549459146842135,0.15494591468421517,0.15494591468421764,0.15494591468421906,0.1549459146842166,0.15494591468421517,0.1549459146842166,0.15494591468421906,0.1549459146842213,0.15494591468421906,0.15494591468421764,0.15494591468421906,0.1549459146842213,0.15357822071636862,0.1535782207163614,0.153578220716357,0.1535782207163614,0.15357822071636862,0.1535782207163614,0.15357822071635396,0.15357822071634936,0.15357822071635396,0.1535782207163614,0.153578220716357,0.15357822071634936,0.15357822071634453,0.15357822071634936,0.153578220716357,0.1535782207163614,0.15357822071635396,0.15357822071634936,0.15357822071635396,0.1535782207163614,0.15357822071636862,0.1535782207163614,0.153578220716357,0.1535782207163614,0.15357822071636862,0.15223780386929278,0.15223780386927116,0.15223780386925756,0.15223780386927116,0.15223780386929278,0.15223780386927116,0.1522378038692481,0.15223780386923313,0.1522378038692481,0.15223780386927116,0.15223780386925756,0.15223780386923313,0.1522378038692174,0.15223780386923313,0.15223780386925756,0.15223780386927116,0.1522378038692481,0.15223780386923313,0.1522378038692481,0.15223780386927116,0.15223780386929278,0.15223780386927116,0.15223780386925756,0.15223780386927116,0.15223780386929278,0.15092409294861728,0.15092409294855208,0.15092409294851059,0.15092409294855208,0.15092409294861728,0.15092409294855208,0.15092409294847992,0.1509240929484332,0.15092409294847992,0.15092409294855208,0.15092409294851059,0.1509240929484332,0.15092409294838324,0.1509240929484332,0.15092409294851059,0.15092409294855208,0.15092409294847992,0.1509240929484332,0.15092409294847992,0.15092409294855208,0.15092409294861728,0.15092409294855208,0.15092409294851059,0.15092409294855208,0.15092409294861728,0.1496365230927001,0.14963652309250514,0.1496365230923794,0.14963652309250514,0.1496365230927001,0.14963652309250514,0.1496365230922826,0.14963652309213565,0.1496365230922826,0.14963652309250514,0.1496365230923794,0.14963652309213565,0.14963652309197364,0.14963652309213565,0.1496365230923794,0.14963652309250514,0.1496365230922826,0.14963652309213565,0.1496365230922826,0.14963652309250514,0.1496365230927001,0.14963652309250514,0.1496365230923794,0.14963652309250514,0.1496365230927001,0.14837453635818187,0.1483745363576107,0.14837453635723225,0.1483745363576107,0.14837453635818187,0.1483745363576107,0.14837453635692832,0.14837453635645906,0.14837453635692832,0.1483745363576107,0.14837453635723225,0.14837453635645906,0.14837453635591677,0.14837453635645906,0.14837453635723225,0.1483745363576107,0.14837453635692832,0.14837453635645906,0.14837453635692832,0.1483745363576107,0.14837453635818187,0.1483745363576107,0.14837453635723225,0.1483745363576107,0.14837453635818187,0.147137582228656,0.147137582227028,0.14713758222590334,0.147137582227028,0.147137582228656,0.147137582227028,0.14713758222495385,0.14713758222342865,0.14713758222495385,0.147137582227028,0.14713758222590334,0.14713758222342865,0.1471375822215205,0.14713758222342865,0.14713758222590334,0.147137582227028,0.14713758222495385,0.14713758222342865,0.14713758222495385,0.147137582227028,0.147137582228656,0.147137582227028,0.14713758222590334,0.147137582227028,0.147137582228656,0.14592511805340208,0.14592511804895705,0.1459251180456841,0.14592511804895705,0.14592511805340208,0.14592511804895705,0.14592511804276953,0.14592511803770322,0.14592511804276953,0.14592511804895705,0.1459251180456841,0.14592511803770322,0.14592511803047153,0.14592511803770322,0.1459251180456841,0.14592511804895705,0.14592511804276953,0.14592511803770322,0.14592511804276953,0.14592511804895705,0.14592511805340208,0.14592511804895705,0.1459251180456841,0.14592511804895705,0.14592511805340208,0.14473660942308564,0.14473660941177482,0.14473660940261898,0.14473660941177482,0.14473660942308564,0.14473660941177482,0.14473660939402763,0.14473660937689714,0.14473660939402763,0.14473660941177482,0.14473660940261898,0.14473660937689714,0.14473660934657365,0.14473660937689714,0.14473660940261898,0.14473660941177482,0.14473660939402763,0.14473660937689714,0.14473660939402763,0.14473660941177482,0.14473660942308564,0.14473660941177482,0.14473660940261898,0.14473660941177482,0.14473660942308564,0.1435715304893096,0.1435715304637652,0.1435715304401812,0.1435715304637652,0.1435715304893096,0.1435715304637652,0.1435715304169593,0.14357153035971962,0.1435715304169593,0.1435715304637652,0.1435715304401812,0.14357153035971962,0.14357153021613384,0.14357153035971962,0.1435715304401812,0.1435715304637652,0.1435715304169593,0.14357153035971962,0.1435715304169593,0.1435715304637652,0.1435715304893096,0.1435715304637652,0.1435715304401812,0.1435715304637652,0.1435715304893096,0.14242936423296174,0.14242936418652413,0.14242936413636545,0.14242936418652413,0.14242936423296174,0.14242936418652413,0.14242936408516033,0.14242936391560967,0.14242936408516033,0.14242936418652413,0.14242936413636545,0.14242936391560967,0.14242936314439533,0.14242936391560967,0.14242936413636545,0.14242936418652413,0.14242936408516033,0.14242936391560967,0.14242936408516033,0.14242936418652413,0.14242936423296174,0.14242936418652413,0.14242936413636545,0.14242936418652413,0.14242936423296174,0.1413096026758258,0.14130960262080722,0.14130960255955805,0.14130960262080722,0.1413096026758258,0.14130960262080722,0.14130960249643607,0.14130960228498535,0.14130960249643607,0.14130960262080722,0.14130960255955805,0.14130960228498535,0.14130960135285708,0.14130960228498535,0.14130960255955805,0.14130960262080722,0.14130960249643607,0.14130960228498535,0.14130960249643607,0.14130960262080722,0.1413096026758258,0.14130960262080722,0.14130960255955805,0.14130960262080722,0.1413096026758258,0.14021174701047787,0.14021174696797337,0.14021174691763025,0.14021174696797337,0.14021174701047787,0.14021174696797337,0.14021174686520885,0.1402117466736543,0.14021174686520885,0.14021174696797337,0.14021174691763025,0.1402117466736543,0.14021174572644296,0.1402117466736543,0.14021174691763025,0.14021174696797337,0.14021174686520885,0.1402117466736543,0.14021174686520885,0.14021174696797337,0.14021174701047787,0.14021174696797337,0.14021174691763025,0.14021174696797337,0.14021174701047787,0.13913530771096788,0.1391353077075359,0.13913530770195584,0.1391353077075359,0.13913530771096788,0.1391353077075359,0.1391353076957441,0.13913530767142188,0.1391353076957441,0.1391353077075359,0.13913530770195584,0.13913530767142188,0.13913530758006787,0.13913530767142188,0.13913530770195584,0.1391353077075359,0.1391353076957441,0.13913530767142188,0.1391353076957441,0.1391353077075359,0.13913530771096788,0.1391353077075359,0.13913530770195584,0.1391353077075359,0.13913530771096788,0.13807980461421868,0.13807980465764347,0.13807980470298456,0.13807980465764347,0.13807980461421868,0.13807980465764347,0.13807980474941836,0.13807980488106775,0.13807980474941836,0.13807980465764347,0.13807980470298456,0.13807980488106775,0.13807980526622393,0.13807980488106775,0.13807980470298456,0.13807980465764347,0.13807980474941836,0.13807980488106775,0.13807980474941836,0.13807980465764347,0.13807980461421868,0.13807980465764347,0.13807980470298456,0.13807980465764347,0.13807980461421868,0.1370447670189646,0.13704476710278077,0.13704476720618333,0.13704476710278077,0.1370447670189646,0.13704476710278077,0.1370447673138307,0.13704476774377616,0.1370447673138307,0.13704476710278077,0.13704476720618333,0.13704476774377616,0.13704477014363156,0.13704476774377616,0.13704476720618333,0.13704476710278077,0.1370447673138307,0.13704476774377616,0.1370447673138307,0.13704476710278077,0.1370447670189646,0.13704476710278077,0.13704476720618333,0.13704476710278077,0.1370447670189646,0.13602973374670524,0.136029733806438,0.1360297338653198,0.136029733806438,0.13602973374670524,0.136029733806438,0.1360297339245672,0.13602973408357433,0.1360297339245672,0.136029733806438,0.1360297338653198,0.13602973408357433,0.13602973452673373,0.13602973408357433,0.1360297338653198,0.136029733806438,0.1360297339245672,0.13602973408357433,0.1360297339245672,0.136029733806438,0.13602973374670524,0.136029733806438,0.1360297338653198,0.136029733806438,0.13602973374670524,0.1350342532672026,0.1350342533048667,0.13503425333606414,0.1350342533048667,0.1350342532672026,0.1350342533048667,0.13503425336574174,0.13503425342631506,0.13503425336574174,0.1350342533048667,0.13503425333606414,0.13503425342631506,0.13503425353678847,0.13503425342631506,0.13503425333606414,0.1350342533048667,0.13503425336574174,0.13503425342631506,0.13503425336574174,0.1350342533048667,0.1350342532672026,0.1350342533048667,0.13503425333606414,0.1350342533048667,0.1350342532672026
0.1653324875553612,0.1653324875553612,0.1653324875553612,0.1653324875553612,0.1653324875553612,0.1653324875553612,0.1653324875553612,0.1653324875553612,0.1653324875553612,0.1653324875553612,0.1653324875553612,0.1653324875553612,0.1653324875553612,0.1653324875553612,0.1653324875553612,0.1653324875553612,0.1653324875553612,0.1653324875553612,0.1653324875553612,0.1653324875553612,0.1653324875553612,0.1653324875553612,0.1653324875553612,0.1653324875553612,0.1653324875553612,0.16375749384114685,0.16375749384114685,0.16375749384114685,0.16375749384114685,0.16375749384114685,0.16375749384114685,0.16375749384114685,0.16375749384114685,0.16375749384114685,0.16375749384114685,0.16375749384114685,0.16375749384114685,0.16375749384114685,0.16375749384114685,0.16375749384114685,0.16375749384114685,0.16375749384114685,0.16375749384114685,0.16375749384114685,0.16375749384114685,0.16375749384114685,0.16375749384114685,0.16375749384114685,0.16375749384114685,0.16375749384114685,0.16221388405874398,0.16221388405874398,0.16221388405874398,0.16221388405874398,0.16221388405874398,0.16221388405874398,0.16221388405874398,0.16221388405874398,0.16221388405874398,0.16221388405874398,0.16221388405874398,0.16221388405874398,0.16221388405874398,0.16221388405874398,0.16221388405874398,0.16221388405874398,0.16221388405874398,0.16221388405874398,0.16221388405874398,0.16221388405874398,0.16221388405874398,0.16221388405874398,0.16221388405874398,0.16221388405874398,0.16221388405874398,0.1607010671651931,0.1607010671651931,0.1607010671651931,0.1607010671651931,0.1607010671651931,0.1607010671651931,0.1607010671651931,0.16070106716519286,0.1607010671651931,0.1607010671651931,0.1607010671651931,0.16070106716519286,0.16070106716519286,0.16070106716519286,0.1607010671651931,0.1607010671651931,0.1607010671651931,0.16070106716519286,0.1607010671651931,0.1607010671651931,0.1607010671651931,0.1607010671651931,0.1607010671651931,0.1607010671651931,0.1607010671651931,0.1592184515354719,0.15921845153547165,0.15921845153547165,0.15921845153547165,0.1592184515354719,0.15921845153547165,0.15921845153547165,0.15921845153547165,0.15921845153547165,0.15921845153547165,0.15921845153547165,0.15921845153547165,0.15921845153547165,0.15921845153547165,0.15921845153547165,0.15921845153547165,0.15921845153547165,0.15921845153547165,0.15921845153547165,0.15921845153547165,0.1592184515354719,0.15921845153547165,0.15921845153547165,0.15921845153547165,0.1592184515354719,0.15776544631434752,0.1577654463143471,0.1577654463143471,0.1577654463143471,0.15776544631434752,0.1577654463143471,0.15776544631434689,0.15776544631434689,0.15776544631434689,0.1577654463143471,0.1577654463143471,0.15776544631434689,0.15776544631434666,0.15776544631434689,0.1577654463143471,0.1577654463143471,0.15776544631434689,0.15776544631434689,0.15776544631434689,0.1577654463143471,0.15776544631434752,0.1577654463143471,0.1577654463143471,0.1577654463143471,0.15776544631434752,0.1563414626306991,0.15634146263069848,0.15634146263069784,0.15634146263069848,0.1563414626306991,0.15634146263069848,0.15634146263069765,0.15634146263069723,0.15634146263069765,0.15634146263069848,0.15634146263069784,0.15634146263069723,0.15634146263069656,0.15634146263069723,0.15634146263069784,0.15634146263069848,0.15634146263069765,0.15634146263069723,0.15634146263069765,0.15634146263069848,0.1563414626306991,0.15634146263069848,0.15634146263069784,0.15634146263069848,0.1563414626306991,0.15494591468457933,0.15494591468457689,0.15494591468457541,0.15494591468457689,0.15494591468457933,0.15494591468457689,0.1549459146845746,0.1549459146845732,0.1549459146845746,0.15494591468457689,0.15494591468457541,0.1549459146845732,0.15494591468457153,0.1549459146845732,0.15494591468457541,0.15494591468457689,0.1549459146845746,0.1549459146845732,0.1549459146845746,0.15494591468457689,0.15494591468457933,0.15494591468457689,0.15494591468457541,0.15494591468457689,0.15494591468457933,0.15357822071671928,0.15357822071671226,0.15357822071670785,0.15357822071671226,0.15357822071671928,0.15357822071671226,0.15357822071670482,0.15357822071670021,0.15357822071670482,0.15357822071671226,0.15357822071670785,0.15357822071670021,0.15357822071669538,0.15357822071670021,0.15357822071670785,0.15357822071671226,0.15357822071670482,0.15357822071670021,0.15357822071670482,0.15357822071671226,0.15357822071671928,0.15357822071671226,0.15357822071670785,0.15357822071671226,0.15357822071671928,0.15223780386963648,0.152237803869615,0.15223780386960145,0.152237803869615,0.15223780386963648,0.152237803869615,0.15223780386959176,0.15223780386957683,0.15223780386959176,0.152237803869615,0.15223780386960145,0.15223780386957683,0.15223780386956126,0.15223780386957683,0.15223780386960145,0.152237803869615,0.15223780386959176,0.15223780386957683,0.15223780386959176,0.152237803869615,0.15223780386963648,0.152237803869615,0.15223780386960145,0.152237803869615,0.15223780386963648,0.1509240929489541,0.1509240929488889,0.15092409294884743,0.1509240929488889,0.1509240929489541,0.1509240929488889,0.15092409294881673,0.15092409294877004,0.15092409294881673,0.1509240929488889,0.15092409294884743,0.15092409294877004,0.15092409294872028,0.15092409294877004,0.15092409294884743,0.1509240929488889,0.15092409294881673,0.15092409294877004,0.15092409294881673,0.1509240929488889,0.1509240929489541,0.1509240929488889,0.15092409294884743,0.1509240929488889,0.1509240929489541,0.14963652309303002,0.1496365230928353,0.14963652309270956,0.1496365230928353,0.14963652309303002,0.1496365230928353,0.1496365230926129,0.149636523092466,0.1496365230926129,0.1496365230928353,0.14963652309270956,0.149636523092466,0.14963652309230416,0.149636523092466,0.14963652309270956,0.1496365230928353,0.1496365230926129,0.149636523092466,0.1496365230926129,0.1496365230928353,0.14963652309303002,0.1496365230928353,0.14963652309270956,0.1496365230928353,0.14963652309303002,0.14837453635850453,0.1483745363579339,0.14837453635755585,0.1483745363579339,0.14837453635850453,0.1483745363579339,0.1483745363572521,0.14837453635678322,0.1483745363572521,0.1483745363579339,0.14837453635755585,0.14837453635678322,0.1483745363562413,0.14837453635678322,0.14837453635755585,0.1483745363579339,0.1483745363572521,0.14837453635678322,0.1483745363572521,0.1483745363579339,0.14837453635850453,0.1483745363579339,0.14837453635755585,0.1483745363579339,0.14837453635850453,0.147137582228971,0.14713758222734408,0.14713758222622056,0.14713758222734408,0.147137582228971,0.14713758222734408,0.14713758222527173,0.14713758222374765,0.14713758222527173,0.14713758222734408,0.14713758222622056,0.14713758222374765,0.14713758222184095,0.14713758222374765,0.14713758222622056,0.14713758222734408,0.14713758222527173,0.14713758222374765,0.14713758222527173,0.14713758222734408,0.147137582228971,0.14713758222734408,0.14713758222622056,0.14713758222734408,0.147137582228971,0.14592511805370675,0.14592511804926514,0.1459251180459948,0.14592511804926514,0.14592511805370675,0.14592511804926514,0.14592511804308236,0.14592511803801986,0.14592511804308236,0.14592511804926514,0.1459251180459948,0.14592511803801986,0.14592511803079347,0.14592511803801986,0.1459251180459948,0.14592511804926514,0.14592511804308236,0.14592511803801986,0.14592511804308236,0.14592511804926514,0.14592511805370675,0.14592511804926514,0.1459251180459948,0.14592511804926514,0.14592511805370675,0.14473660942337296,0.14473660941207103,0.14473660940292216,0.14473660941207103,0.14473660942337296,0.14473660941207103,0.14473660939433744,0.1447366093772197,0.14473660939433744,0.14473660941207103,0.14473660940292216,0.1447366093772197,0.14473660934691854,0.1447366093772197,0.14473660940292216,0.14473660941207103,0.14473660939433744,0.1447366093772197,0.14473660939433744,0.14473660941207103,0.14473660942337296,0.14473660941207103,0.14473660940292216,0.14473660941207103,0.14473660942337296,0.14357153048956148,0.14357153046403726,0.14357153044047158,0.14357153046403726,0.14357153048956148,0.14357153046403726,0.14357153041726764,0.14357153036007092,0.14357153041726764,0.14357153046403726,0.14357153044047158,0.14357153036007092,0.1435715302165895,0.14357153036007092,0.14357153044047158,0.14357153046403726,0.14357153041726764,0.14357153036007092,0.14357153041726764,0.14357153046403726,0.14357153048956148,0.14357153046403726,0.14357153044047158,0.14357153046403726,0.14357153048956148,0.14242936423313585,0.1424293641867365,0.14242936413661808,0.1424293641867365,0.14242936423313585,0.1424293641867365,0.1424293640854537,0.1424293639160319,0.1424293640854537,0.1424293641867365,0.14242936413661808,0.1424293639160319,0.14242936314538224,0.1424293639160319,0.14242936413661808,0.1424293641867365,0.1424293640854537,0.1424293639160319,0.1424293640854537,0.1424293641867365,0.14242936423313585,0.1424293641867365,0.14242936413661808,0.1424293641867365,0.14242936423313585,0.14130960267584225,0.14130960262087383,0.14130960255968006,0.14130960262087383,0.14130960267584225,0.14130960262087383,0.14130960249661514,0.14130960228535308,0.14130960249661514,0.14130960262087383,0.14130960255968006,0.14130960228535308,0.14130960135405143,0.14130960228535308,0.14130960255968006,0.14130960262087383,0.14130960249661514,0.14130960228535308,0.14130960249661514,0.14130960262087383,0.14130960267584225,0.14130960262087383,0.14130960255968006,0.14130960262087383,0.14130960267584225,0.14021174701023129,0.1402117469677707,0.14021174691748076,0.1402117469677707,0.14021174701023129,0.1402117469677707,0.14021174686511467,0.14021174667376896,0.14021174686511467,0.1402117469677707,0.14021174691748076,0.14021174667376896,0.14021174572759995,0.14021174667376896,0.14021174691748076,0.1402117469677707,0.14021174686511467,0.14021174667376896,0.14021174686511467,0.1402117469677707,0.14021174701023129,0.1402117469677707,0.14021174691748076,0.1402117469677707,0.14021174701023129,0.13913530771036375,0.13913530770693888,0.13913530770136814,0.13913530770693888,0.13913530771036375,0.13913530770693888,0.13913530769516622,0.13913530767087828,0.13913530769516622,0.13913530770693888,0.13913530770136814,0.13913530767087828,0.13913530757964332,0.13913530767087828,0.13913530770136814,0.13913530770693888,0.13913530769516622,0.13913530767087828,0.13913530769516622,0.13913530770693888,0.13913530771036375,0.13913530770693888,0.13913530770136814,0.13913530770693888,0.13913530771036375,0.13807980461323804,0.13807980465662484,0.1380798047019261,0.13807980465662484,0.13807980461323804,0.13807980465662484,0.13807980474831896,0.13807980487985114,0.13807980474831896,0.13807980465662484,0.1380798047019261,0.13807980487985114,0.13807980526466063,0.13807980487985114,0.1380798047019261,0.13807980465662484,0.13807980474831896,0.13807980487985114,0.13807980474831896,0.13807980465662484,0.13807980461323804,0.13807980465662484,0.1380798047019261,0.13807980465662484,0.13807980461323804,0.13704476701768045,0.13704476710142044,0.13704476720472875,0.13704476710142044,0.13704476701768045,0.13704476710142044,0.13704476731227774,0.13704476774182975,0.13704476731227774,0.13704476710142044,0.13704476720472875,0.13704476774182975,0.13704477013945657,0.13704476774182975,0.13704476720472875,0.13704476710142044,0.13704476731227774,0.13704476774182975,0.13704476731227774,0.13704476710142044,0.13704476701768045,0.13704476710142044,0.13704476720472875,0.13704476710142044,0.13704476701768045,0.13602973374526997,0.1360297338049483,0.13602973386377626,0.1360297338049483,0.13602973374526997,0.1360297338049483,0.13602973392296952,0.136029734081831,0.13602973392296952,0.1360297338049483,0.13602973386377626,0.136029734081831,0.13602973452458406,0.136029734081831,0.13602973386377626,0.1360297338049483,0.13602973392296952,0.136029734081831,0.13602973392296952,0.1360297338049483,0.13602973374526997,0.1360297338049483,0.13602973386377626,0.1360297338049483,0.13602973374526997,0.13503425326572613,0.13503425330335578,0.1350342533345247,0.13503425330335592,0.13503425326572613,0.13503425330335578,0.1350342533641752,0.13503425342469297,0.1350342533641752,0.13503425330335592,0.1350342533345247,0.13503425342469297,0.13503425353506504,0.13503425342469297,0.1350342533345247,0.13503425330335592,0.1350342533641752,0.13503425342469297,0.1350342533641752,0.13503425330335592,0.13503425326572613,0.13503425330335592,0.1350342533345247,0.13503425330335592,0.13503425326572613
0.165332487555773,0.165332487555773,0.165332487555773,0.165332487555773,0.165332487555773,0.165332487555773,0.165332487555773,0.165332487555773,0.165332487555773,0.165332487555773,0.165332487555773,0.165332487555773,0.165332487555773,0.165332487555773,0.165332487555773,0.165332487555773,0.165332487555773,0.165332487555773,0.165332487555773,0.165332487555773,0.165332487555773,0.165332487555773,0.165332487555773,0.165332487555773,0.165332487555773,0.16375749384155047,0.16375749384155047,0.16375749384155047,0.16375749384155047,0.16375749384155047,0.16375749384155047,0.16375749384155047,0.16375749384155047,0.16375749384155047,0.16375749384155047,0.16375749384155047,0.16375749384155047,0.16375749384155047,0.16375749384155047,0.16375749384155047,0.16375749384155047,0.16375749384155047,0.16375749384155047,0.16375749384155047,0.16375749384155047,0.16375749384155047,0.16375749384155047,0.16375749384155047,0.16375749384155047,0.16375749384155047,0.16221388405913953,0.16221388405913953,0.16221388405913953,0.16221388405913953,0.16221388405913953,0.16221388405913953,0.16221388405913953,0.16221388405913953,0.16221388405913953,0.16221388405913953,0.16221388405913953,0.16221388405913953,0.16221388405913953,0.16221388405913953,0.16221388405913953,0.16221388405913953,0.16221388405913953,0.16221388405913953,0.16221388405913953,0.16221388405913953,0.16221388405913953,0.16221388405913953,0.16221388405913953,0.16221388405913953,0.16221388405913953,0.16070106716558075,0.16070106716558075,0.16070106716558075,0.16070106716558075,0.16070106716558075,0.16070106716558075,0.16070106716558052,0.16070106716558052,0.16070106716558075,0.16070106716558075,0.16070106716558075,0.16070106716558052,0.16070106716558052,0.16070106716558052,0.16070106716558075,0.16070106716558075,0.16070106716558075,0.16070106716558052,0.16070106716558075,0.16070106716558075,0.16070106716558075,0.16070106716558075,0.16070106716558075,0.16070106716558075,0.16070106716558075,0.15921845153585182,0.1592184515358516,0.1592184515358516,0.1592184515358516,0.15921845153585182,0.1592184515358516,0.1592184515358516,0.1592184515358516,0.1592184515358516,0.1592184515358516,0.1592184515358516,0.1592184515358516,0.15921845153585137,0.1592184515358516,0.1592184515358516,0.1592184515358516,0.1592184515358516,0.1592184515358516,0.1592184515358516,0.1592184515358516,0.15921845153585182,0.1592184515358516,0.1592184515358516,0.1592184515358516,0.15921845153585182,0.15776544631471967,0.15776544631471942,0.15776544631471942,0.15776544631471942,0.15776544631471967,0.15776544631471942,0.1577654463147192,0.157765446314719,0.1577654463147192,0.15776544631471942,0.15776544631471942,0.157765446314719,0.157765446314719,0.157765446314719,0.15776544631471942,0.15776544631471942,0.1577654463147192,0.157765446314719,0.1577654463147192,0.15776544631471942,0.15776544631471967,0.15776544631471942,0.15776544631471942,0.15776544631471942,0.15776544631471967,0.15634146263106402,0.15634146263106316,0.15634146263106274,0.15634146263106316,0.15634146263106402,0.15634146263106316,0.15634146263106252,0.15634146263106188,0.15634146263106252,0.15634146263106316,0.15634146263106274,0.15634146263106188,0.1563414626310615,0.15634146263106188,0.15634146263106274,0.15634146263106316,0.15634146263106252,0.15634146263106188,0.15634146263106252,0.15634146263106316,0.15634146263106402,0.15634146263106316,0.15634146263106274,0.15634146263106316,0.15634146263106402,0.15494591468493674,0.1549459146849345,0.15494591468493304,0.1549459146849345,0.15494591468493674,0.1549459146849345,0.15494591468493202,0.15494591468493057,0.15494591468493202,0.1549459146849345,0.15494591468493304,0.15494591468493057,0.15494591468492913,0.15494591468493057,0.15494591468493304,0.1549459146849345,0.15494591468493202,0.15494591468493057,0.15494591468493202,0.1549459146849345,0.15494591468493674,0.1549459146849345,0.15494591468493304,0.1549459146849345,0.15494591468493674,0.15357822071706959,0.15357822071706254,0.15357822071705812,0.15357822071706254,0.15357822071706959,0.15357822071706254,0.1535782207170551,0.1535782207170505,0.1535782207170551,0.15357822071706254,0.15357822071705812,0.1535782207170505,0.1535782207170457,0.1535782207170505,0.15357822071705812,0.15357822071706254,0.1535782207170551,0.1535782207170505,0.1535782207170551,0.15357822071706254,0.15357822071706959,0.15357822071706254,0.15357822071705812,0.15357822071706254,0.15357822071706959,0.15223780386997976,0.15223780386995828,0.1522378038699447,0.15223780386995828,0.15223780386997976,0.15223780386995828,0.1522378038699351,0.1522378038699203,0.1522378038699351,0.15223780386995828,0.1522378038699447,0.1522378038699203,0.15223780386990457,0.1522378038699203,0.1522378038699447,0.15223780386995828,0.1522378038699351,0.1522378038699203,0.1522378038699351,0.15223780386995828,0.15223780386997976,0.15223780386995828,0.1522378038699447,0.15223780386995828,0.15223780386997976,0.15092409294929054,0.15092409294922515,0.15092409294918388,0.15092409294922515,0.15092409294929054,0.15092409294922515,0.1509240929491532,0.15092409294910653,0.1509240929491532,0.15092409294922515,0.15092409294918388,0.15092409294910653,0.15092409294905673,0.15092409294910653,0.15092409294918388,0.15092409294922515,0.1509240929491532,0.15092409294910653,0.1509240929491532,0.15092409294922515,0.15092409294929054,0.15092409294922515,0.15092409294918388,0.15092409294922515,0.15092409294929054,0.14963652309335942,0.14963652309316483,0.1496365230930393,0.14963652309316483,0.14963652309335942,0.14963652309316483,0.14963652309294267,0.14963652309279576,0.14963652309294267,0.14963652309316483,0.1496365230930393,0.14963652309279576,0.1496365230926341,0.14963652309279576,0.1496365230930393,0.14963652309316483,0.14963652309294267,0.14963652309279576,0.14963652309294267,0.14963652309316483,0.14963652309335942,0.14963652309316483,0.1496365230930393,0.14963652309316483,0.14963652309335942,0.14837453635882702,0.14837453635825676,0.14837453635787906,0.14837453635825676,0.14837453635882702,0.14837453635825676,0.1483745363575753,0.1483745363571068,0.1483745363575753,0.14837453635825676,0.14837453635787906,0.1483745363571068,0.14837453635656542,0.1483745363571068,0.14837453635787906,0.14837453635825676,0.1483745363575753,0.1483745363571068,0.14837453635757547,0.14837453635825676,0.14837453635882702,0.14837453635825676,0.14837453635787906,0.14837453635825676,0.14837453635882702,0.14713758222928564,0.14713758222766,0.14713758222653714,0.14713758222766,0.14713758222928564,0.14713758222766,0.1471375822255891,0.14713758222406625,0.1471375822255891,0.14713758222766,0.14713758222653714,0.14713758222406625,0.14713758222216086,0.14713758222406625,0.14713758222653714,0.14713758222766,0.1471375822255891,0.14713758222406625,0.1471375822255891,0.14713758222766,0.14713758222928564,0.14713758222766,0.14713758222653714,0.14713758222766,0.14713758222928564,0.14592511805401107,0.1459251180495728,0.14592511804630498,0.1459251180495728,0.14592511805401107,0.1459251180495728,0.1459251180433947,0.1459251180383359,0.1459251180433947,0.1459251180495728,0.14592511804630498,0.1459251180383359,0.14592511803111505,0.1459251180383359,0.14592511804630498,0.1459251180495728,0.1459251180433947,0.1459251180383359,0.1459251180433947,0.1459251180495728,0.14592511805401107,0.1459251180495728,0.14592511804630498,0.1459251180495728,0.14592511805401107,0.1447366094236599,0.1447366094123667,0.14473660940322486,0.1447366094123667,0.1447366094236599,0.1447366094123667,0.14473660939464658,0.1447366093775419,0.14473660939464658,0.1447366094123667,0.14473660940322486,0.1447366093775419,0.14473660934726296,0.1447366093775419,0.14473660940322486,0.1447366094123667,0.14473660939464658,0.1447366093775419,0.14473660939464658,0.1447366094123667,0.1447366094236599,0.1447366094123667,0.14473660940322486,0.1447366094123667,0.1447366094236599,0.14357153048981283,0.14357153046430898,0.1435715304407616,0.14357153046430898,0.143571530489813,0.14357153046430898,0.14357153041757548,0.1435715303604217,0.14357153041757548,0.14357153046430898,0.1435715304407616,0.1435715303604217,0.1435715302170445,0.1435715303604217,0.1435715304407616,0.14357153046430898,0.14357153041757548,0.1435715303604217,0.14357153041757548,0.14357153046430898,0.143571530489813,0.14357153046430898,0.1435715304407616,0.14357153046430898,0.14357153048981283,0.14242936423330968,0.14242936418694854,0.1424293641368702,0.14242936418694854,0.14242936423330968,0.14242936418694854,0.1424293640857466,0.14242936391645364,0.1424293640857466,0.14242936418694854,0.1424293641368702,0.14242936391645364,0.14242936314635934,0.14242936391645364,0.1424293641368702,0.14242936418694854,0.1424293640857466,0.14242936391645364,0.1424293640857466,0.14242936418694854,0.14242936423330968,0.14242936418694854,0.1424293641368702,0.14242936418694854,0.14242936423330968,0.14130960267585854,0.1413096026209401,0.14130960255980157,0.1413096026209401,0.14130960267585854,0.1413096026209401,0.14130960249679375,0.14130960228572018,0.14130960249679375,0.1413096026209401,0.14130960255980157,0.14130960228572018,0.14130960135522208,0.14130960228572018,0.14130960255980157,0.1413096026209401,0.14130960249679375,0.14130960228572018,0.14130960249679375,0.1413096026209401,0.14130960267585854,0.1413096026209401,0.14130960255980157,0.1413096026209401,0.14130960267585854,0.14021174700998476,0.140211746967568,0.14021174691733093,0.140211746967568,0.14021174700998476,0.140211746967568,0.14021174686502036,0.14021174667388295,0.14021174686502036,0.140211746967568,0.14021174691733093,0.14021174667388295,0.14021174572880452,0.14021174667388295,0.14021174691733093,0.140211746967568,0.14021174686502036,0.14021174667388295,0.14021174686502036,0.140211746967568,0.14021174700998476,0.140211746967568,0.14021174691733093,0.140211746967568,0.14021174700998476,0.1391353077097604,0.13913530770634247,0.13913530770078092,0.13913530770634247,0.1391353077097604,0.13913530770634247,0.1391353076945888,0.13913530767033502,0.1391353076945888,0.13913530770634247,0.13913530770078092,0.13913530767033502,0.1391353075792188,0.13913530767033502,0.13913530770078092,0.13913530770634247,0.1391353076945888,0.13913530767033502,0.1391353076945888,0.13913530770634247,0.1391353077097604,0.13913530770634247,0.13913530770078092,0.13913530770634247,0.1391353077097604,0.13807980461225866,0.13807980465560762,0.13807980470086886,0.13807980465560762,0.13807980461225866,0.13807980465560762,0.13807980474722098,0.13807980487863591,0.13807980474722098,0.13807980465560762,0.13807980470086886,0.13807980487863591,0.13807980526309951,0.13807980487863591,0.13807980470086886,0.13807980465560762,0.13807980474722098,0.13807980487863591,0.13807980474722098,0.13807980465560762,0.13807980461225866,0.13807980465560762,0.13807980470086886,0.13807980465560762,0.13807980461225866,0.13704476701639787,0.13704476710006183,0.13704476720327619,0.13704476710006183,0.13704476701639787,0.13704476710006183,0.13704476731072698,0.13704476773988591,0.13704476731072698,0.13704476710006183,0.13704476720327619,0.13704476773988591,0.13704477013533126,0.13704476773988591,0.13704476720327619,0.13704476710006183,0.13704476731072698,0.13704476773988591,0.13704476731072698,0.13704476710006183,0.13704476701639787,0.13704476710006183,0.13704476720327619,0.13704476710006183,0.13704476701639787,0.13602973374383676,0.1360297338034605,0.13602973386223477,0.1360297338034605,0.13602973374383676,0.1360297338034605,0.1360297339213739,0.13602973408009,0.1360297339213739,0.1360297338034605,0.13602973386223477,0.13602973408009,0.13602973452243736,0.13602973408009,0.13602973386223477,0.1360297338034605,0.1360297339213739,0.13602973408009,0.1360297339213739,0.1360297338034605,0.13602973374383676,0.1360297338034605,0.13602973386223477,0.1360297338034605,0.13602973374383676,0.13503425326425164,0.13503425330184704,0.13503425333298727,0.13503425330184704,0.13503425326425164,0.13503425330184704,0.13503425336261074,0.1350342534230731,0.13503425336261074,0.13503425330184704,0.13503425333298727,0.1350342534230731,0.1350342535333441,0.1350342534230731,0.13503425333298727,0.13503425330184704,0.13503425336261074,0.1350342534230731,0.13503425336261074,0.13503425330184704,0.13503425326425164,0.13503425330184704,0.13503425333298727,0.13503425330184704,0.13503425326425164
0.16533248755618432,0.16533248755618432,0.16533248755618432,0.16533248755618432,0.16533248755618432,0.16533248755618432,0.16533248755618432,0.16533248755618432,0.16533248755618432,0.16533248755618432,0.16533248755618432,0.16533248755618432,0.16533248755618432,0.16533248755618432,0.16533248755618432,0.16533248755618432,0.16533248755618432,0.16533248755618432,0.16533248755618432,0.16533248755618432,0.16533248755618432,0.16533248755618432,0.16533248755618432,0.16533248755618432,0.16533248755618432,0.16375749384195357,0.16375749384195357,0.16375749384195357,0.16375749384195357,0.16375749384195357,0.16375749384195357,0.16375749384195357,0.16375749384195357,0.16375749384195357,0.16375749384195357,0.16375749384195357,0.16375749384195357,0.16375749384195357,0.16375749384195357,0.16375749384195357,0.16375749384195357,0.16375749384195357,0.16375749384195357,0.16375749384195357,0.16375749384195357,0.16375749384195357,0.16375749384195357,0.16375749384195357,0.16375749384195357,0.16375749384195357,0.1622138840595346,0.1622138840595346,0.1622138840595346,0.1622138840595346,0.1622138840595346,0.1622138840595346,0.1622138840595346,0.1622138840595346,0.1622138840595346,0.1622138840595346,0.1622138840595346,0.1622138840595346,0.1622138840595346,0.1622138840595346,0.1622138840595346,0.1622138840595346,0.1622138840595346,0.1622138840595346,0.1622138840595346,0.1622138840595346,0.1622138840595346,0.1622138840595346,0.1622138840595346,0.1622138840595346,0.1622138840595346,0.16070106716596774,0.16070106716596774,0.16070106716596774,0.16070106716596774,0.16070106716596774,0.16070106716596774,0.16070106716596774,0.16070106716596774,0.16070106716596774,0.16070106716596774,0.16070106716596774,0.16070106716596774,0.16070106716596774,0.16070106716596774,0.16070106716596774,0.16070106716596774,0.16070106716596774,0.16070106716596774,0.16070106716596774,0.16070106716596774,0.16070106716596774,0.16070106716596774,0.16070106716596774,0.16070106716596774,0.16070106716596774,0.15921845153623107,0.15921845153623107,0.15921845153623107,0.15921845153623107,0.15921845153623107,0.15921845153623107,0.15921845153623085,0.15921845153623085,0.15921845153623085,0.15921845153623107,0.15921845153623107,0.15921845153623085,0.15921845153623085,0.15921845153623085,0.15921845153623107,0.15921845153623107,0.15921845153623085,0.15921845153623085,0.15921845153623085,0.15921845153623107,0.15921845153623107,0.15921845153623107,0.15921845153623107,0.15921845153623107,0.15921845153623107,0.15776544631509154,0.15776544631509135,0.1577654463150911,0.15776544631509135,0.15776544631509154,0.15776544631509135,0.1577654463150911,0.1577654463150909,0.1577654463150911,0.15776544631509135,0.1577654463150911,0.1577654463150909,0.15776544631509068,0.1577654463150909,0.1577654463150911,0.15776544631509135,0.1577654463150911,0.1577654463150909,0.1577654463150911,0.15776544631509135,0.15776544631509154,0.15776544631509135,0.1577654463150911,0.15776544631509135,0.15776544631509154,0.15634146263142829,0.15634146263142762,0.156341462631427,0.15634146263142762,0.15634146263142829,0.15634146263142762,0.1563414626314268,0.15634146263142637,0.1563414626314268,0.15634146263142762,0.156341462631427,0.15634146263142637,0.15634146263142576,0.15634146263142637,0.156341462631427,0.15634146263142762,0.1563414626314268,0.15634146263142637,0.1563414626314268,0.15634146263142762,0.15634146263142829,0.15634146263142762,0.156341462631427,0.15634146263142762,0.15634146263142829,0.1549459146852937,0.15494591468529145,0.15494591468529004,0.15494591468529145,0.1549459146852937,0.15494591468529145,0.154945914685289,0.15494591468528757,0.154945914685289,0.15494591468529145,0.15494591468529004,0.15494591468528757,0.15494591468528612,0.15494591468528757,0.15494591468529004,0.15494591468529145,0.154945914685289,0.15494591468528757,0.154945914685289,0.15494591468529145,0.1549459146852937,0.15494591468529145,0.15494591468529004,0.15494591468529145,0.1549459146852937,0.15357822071741942,0.1535782207174124,0.15357822071740798,0.1535782207174124,0.15357822071741942,0.1535782207174124,0.15357822071740496,0.15357822071740038,0.15357822071740496,0.1535782207174124,0.15357822071740798,0.15357822071740038,0.15357822071739552,0.15357822071740038,0.15357822071740798,0.1535782207174124,0.15357822071740496,0.15357822071740038,0.15357822071740496,0.1535782207174124,0.15357822071741942,0.1535782207174124,0.15357822071740798,0.1535782207174124,0.15357822071741942,0.15223780387032265,0.1522378038703012,0.1522378038702876,0.1522378038703012,0.15223780387032265,0.1522378038703012,0.15223780387027797,0.1522378038702632,0.15223780387027797,0.1522378038703012,0.1522378038702876,0.1522378038702632,0.15223780387024743,0.1522378038702632,0.1522378038702876,0.1522378038703012,0.15223780387027797,0.1522378038702632,0.15223780387027797,0.1522378038703012,0.15223780387032265,0.1522378038703012,0.1522378038702876,0.1522378038703012,0.15223780387032265,0.15092409294962644,0.15092409294956122,0.15092409294951975,0.15092409294956122,0.15092409294962644,0.15092409294956122,0.15092409294948927,0.15092409294944256,0.15092409294948927,0.15092409294956122,0.15092409294951975,0.15092409294944256,0.15092409294939282,0.15092409294944256,0.15092409294951975,0.15092409294956122,0.15092409294948927,0.15092409294944256,0.15092409294948927,0.15092409294956122,0.15092409294962644,0.15092409294956122,0.15092409294951975,0.15092409294956122,0.15092409294962644,0.14963652309368844,0.14963652309349404,0.1496365230933685,0.14963652309349404,0.14963652309368844,0.14963652309349404,0.14963652309327186,0.14963652309312533,0.14963652309327186,0.14963652309349404,0.1496365230933685,0.14963652309312533,0.14963652309296366,0.14963652309312533,0.1496365230933685,0.14963652309349404,0.14963652309327186,0.14963652309312533,0.14963652309327186,0.14963652309349404,0.14963652309368844,0.14963652309349404,0.1496365230933685,0.14963652309349404,0.14963652309368844,0.14837453635914893,0.14837453635857922,0.1483745363582017,0.14837453635857922,0.14837453635914893,0.14837453635857922,0.14837453635789832,0.14837453635743017,0.14837453635789832,0.14837453635857922,0.1483745363582017,0.14837453635743017,0.14837453635688902,0.14837453635743017,0.1483745363582017,0.14837453635857922,0.14837453635789832,0.14837453635743017,0.14837453635789832,0.14837453635857922,0.14837453635914893,0.14837453635857922,0.1483745363582017,0.14837453635857922,0.14837453635914893,0.14713758222959972,0.14713758222797532,0.14713758222685341,0.14713758222797532,0.14713758222959972,0.14713758222797532,0.1471375822259061,0.14713758222438433,0.1471375822259061,0.14713758222797532,0.14713758222685341,0.14713758222438433,0.14713758222248038,0.14713758222438433,0.14713758222685341,0.14713758222797532,0.1471375822259061,0.14713758222438433,0.1471375822259061,0.14713758222797532,0.14713758222959972,0.14713758222797532,0.14713758222685341,0.14713758222797532,0.14713758222959972,0.14592511805431502,0.14592511804988015,0.14592511804661465,0.14592511804988015,0.14592511805431502,0.14592511804988015,0.14592511804370667,0.1459251180386518,0.14592511804370667,0.14592511804988015,0.14592511804661465,0.1459251180386518,0.1459251180314363,0.1459251180386518,0.14592511804661465,0.14592511804988015,0.14592511804370667,0.1459251180386518,0.14592511804370667,0.14592511804988015,0.14592511805431502,0.14592511804988015,0.14592511804661465,0.14592511804988015,0.14592511805431502,0.14473660942394653,0.14473660941266203,0.1447366094035273,0.14473660941266203,0.14473660942394653,0.14473660941266203,0.1447366093949557,0.1447366093778636,0.1447366093949557,0.14473660941266203,0.1447366094035273,0.1447366093778636,0.14473660934760696,0.1447366093778636,0.1447366094035273,0.14473660941266203,0.1447366093949557,0.1447366093778636,0.1447366093949557,0.14473660941266203,0.14473660942394653,0.14473660941266203,0.1447366094035273,0.14473660941266203,0.14473660942394653,0.14357153049006402,0.14357153046458018,0.1435715304410513,0.14357153046458018,0.14357153049006402,0.14357153046458018,0.14357153041788295,0.14357153036077214,0.14357153041788295,0.14357153046458018,0.1435715304410513,0.14357153036077214,0.14357153021749913,0.14357153036077214,0.1435715304410513,0.14357153046458018,0.14357153041788295,0.14357153036077214,0.14357153041788295,0.14357153046458018,0.14357153049006402,0.14357153046458018,0.1435715304410513,0.14357153046458018,0.14357153049006402,0.1424293642334833,0.1424293641871604,0.142429364137122,0.1424293641871604,0.1424293642334833,0.1424293641871604,0.14242936408603918,0.14242936391687502,0.14242936408603918,0.1424293641871604,0.142429364137122,0.14242936391687502,0.14242936314734841,0.14242936391687502,0.142429364137122,0.1424293641871604,0.14242936408603918,0.14242936391687502,0.14242936408603918,0.1424293641871604,0.1424293642334833,0.1424293641871604,0.142429364137122,0.1424293641871604,0.1424293642334833,0.14130960267587483,0.1413096026210064,0.14130960255992314,0.1413096026210064,0.14130960267587483,0.1413096026210064,0.14130960249697205,0.1413096022860866,0.14130960249697205,0.1413096026210064,0.14130960255992314,0.1413096022860866,0.1413096013563972,0.1413096022860866,0.14130960255992314,0.1413096026210064,0.14130960249697205,0.1413096022860866,0.14130960249697205,0.1413096026210064,0.14130960267587483,0.1413096026210064,0.14130960255992314,0.1413096026210064,0.14130960267587483,0.14021174700973854,0.14021174696736563,0.14021174691718147,0.14021174696736563,0.14021174700973854,0.14021174696736563,0.14021174686492585,0.1402117466739963,0.14021174686492585,0.14021174696736563,0.14021174691718147,0.1402117466739963,0.14021174572996262,0.1402117466739963,0.14021174691718147,0.14021174696736563,0.14021174686492585,0.1402117466739963,0.14021174686492585,0.14021174696736563,0.14021174700973854,0.14021174696736563,0.14021174691718147,0.14021174696736563,0.14021174700973854,0.13913530770915783,0.1391353077057469,0.1391353077001943,0.1391353077057469,0.13913530770915783,0.1391353077057469,0.1391353076940121,0.13913530766979257,0.1391353076940121,0.1391353077057469,0.1391353077001943,0.13913530766979257,0.13913530757879458,0.13913530766979257,0.1391353077001943,0.1391353077057469,0.1391353076940121,0.13913530766979257,0.1391353076940121,0.1391353077057469,0.13913530770915783,0.1391353077057469,0.1391353077001943,0.1391353077057469,0.13913530770915783,0.1380798046112805,0.13807980465459166,0.13807980469981318,0.13807980465459166,0.1380798046112805,0.13807980465459166,0.13807980474612436,0.1380798048774224,0.13807980474612436,0.13807980465459166,0.13807980469981318,0.1380798048774224,0.13807980526154043,0.1380798048774224,0.13807980469981318,0.13807980465459166,0.13807980474612436,0.1380798048774224,0.13807980474612436,0.13807980465459166,0.1380798046112805,0.13807980465459166,0.13807980469981318,0.13807980465459166,0.1380798046112805,0.13704476701511709,0.13704476709870517,0.13704476720182537,0.13704476709870517,0.13704476701511709,0.13704476709870517,0.13704476730917842,0.13704476773794497,0.13704476730917842,0.13704476709870517,0.13704476720182537,0.13704476773794497,0.13704477013118482,0.13704476773794497,0.13704476720182537,0.13704476709870517,0.13704476730917842,0.13704476773794497,0.13704476730917842,0.13704476709870517,0.13704476701511709,0.13704476709870517,0.13704476720182537,0.13704476709870517,0.13704476701511709,0.13602973374240535,0.13602973380197494,0.13602973386069542,0.13602973380197494,0.13602973374240535,0.13602973380197494,0.13602973391978057,0.1360297340783516,0.13602973391978057,0.13602973380197494,0.13602973386069542,0.1360297340783516,0.1360297345202938,0.1360297340783516,0.13602973386069542,0.13602973380197494,0.13602973391978057,0.1360297340783516,0.13602973391978057,0.13602973380197494,0.13602973374240535,0.13602973380197494,0.13602973386069542,0.13602973380197494,0.13602973374240535,0.13503425326277915,0.1350342533003402,0.13503425333145222,0.1350342533003402,0.13503425326277915,0.1350342533003402,0.1350342533610485,0.13503425342145556,0.1350342533610485,0.1350342533003403,0.13503425333145222,0.13503425342145556,0.13503425353162565,0.13503425342145556,0.13503425333145222,0.1350342533003402,0.1350342533610485,0.13503425342145556,0.1350342533610485,0.1350342533003402,0.13503425326277915,0.1350342533003403,0.13503425333145222,0.1350342533003402,0.13503425326277915
0.16533248755659516,0.16533248755659516,0.16533248755659516,0.16533248755659516,0.16533248755659516,0.16533248755659516,0.16533248755659516,0.16533248755659516,0.16533248755659516,0.16533248755659516,0.16533248755659516,0.16533248755659516,0.16533248755659516,0.16533248755659516,0.16533248755659516,0.16533248755659516,0.16533248755659516,0.16533248755659516,0.16533248755659516,0.16533248755659516,0.16533248755659516,0.16533248755659516,0.16533248755659516,0.16533248755659516,0.16533248755659516,0.16375749384235602,0.16375749384235602,0.16375749384235602,0.16375749384235602,0.16375749384235602,0.16375749384235602,0.16375749384235602,0.16375749384235602,0.16375749384235602,0.16375749384235602,0.16375749384235602,0.16375749384235602,0.16375749384235602,0.16375749384235602,0.16375749384235602,0.16375749384235602,0.16375749384235602,0.16375749384235602,0.16375749384235602,0.16375749384235602,0.16375749384235602,0.16375749384235602,0.16375749384235602,0.16375749384235602,0.16375749384235602,0.16221388405992926,0.16221388405992904,0.16221388405992904,0.16221388405992904,0.16221388405992926,0.16221388405992904,0.16221388405992904,0.16221388405992904,0.16221388405992904,0.16221388405992904,0.16221388405992904,0.16221388405992904,0.16221388405992904,0.16221388405992904,0.16221388405992904,0.16221388405992904,0.16221388405992904,0.16221388405992904,0.16221388405992904,0.16221388405992904,0.16221388405992926,0.16221388405992904,0.16221388405992904,0.16221388405992904,0.16221388405992926,0.16070106716635452,0.16070106716635452,0.16070106716635452,0.16070106716635452,0.16070106716635452,0.16070106716635452,0.16070106716635452,0.16070106716635452,0.16070106716635452,0.16070106716635452,0.16070106716635452,0.16070106716635452,0.1607010671663543,0.16070106716635452,0.16070106716635452,0.16070106716635452,0.16070106716635452,0.16070106716635452,0.16070106716635452,0.16070106716635452,0.16070106716635452,0.16070106716635452,0.16070106716635452,0.16070106716635452,0.16070106716635452,0.1592184515366099,0.1592184515366099,0.1592184515366099,0.1592184515366099,0.1592184515366099,0.1592184515366099,0.1592184515366099,0.1592184515366099,0.1592184515366099,0.1592184515366099,0.1592184515366099,0.1592184515366099,0.15921845153660968,0.1592184515366099,0.1592184515366099,0.1592184515366099,0.1592184515366099,0.1592184515366099,0.1592184515366099,0.1592184515366099,0.1592184515366099,0.1592184515366099,0.1592184515366099,0.1592184515366099,0.1592184515366099,0.1577654463154628,0.1577654463154626,0.15776544631546238,0.1577654463154626,0.1577654463154628,0.1577654463154626,0.15776544631546238,0.15776544631546216,0.15776544631546238,0.1577654463154626,0.15776544631546238,0.15776544631546216,0.15776544631546194,0.15776544631546216,0.15776544631546238,0.1577654463154626,0.15776544631546238,0.15776544631546216,0.15776544631546238,0.1577654463154626,0.1577654463154628,0.1577654463154626,0.15776544631546238,0.1577654463154626,0.1577654463154628,0.1563414626317921,0.15634146263179147,0.15634146263179105,0.15634146263179147,0.1563414626317921,0.15634146263179147,0.15634146263179063,0.15634146263179022,0.15634146263179063,0.15634146263179147,0.15634146263179105,0.15634146263179022,0.1563414626317898,0.15634146263179022,0.15634146263179105,0.15634146263179147,0.15634146263179063,0.15634146263179022,0.15634146263179063,0.15634146263179147,0.1563414626317921,0.15634146263179147,0.15634146263179105,0.15634146263179147,0.1563414626317921,0.1549459146856503,0.15494591468564806,0.1549459146856466,0.15494591468564806,0.1549459146856503,0.15494591468564806,0.1549459146856456,0.15494591468564414,0.1549459146856456,0.15494591468564806,0.1549459146856466,0.15494591468564414,0.15494591468564273,0.15494591468564414,0.1549459146856466,0.15494591468564806,0.1549459146856456,0.15494591468564414,0.1549459146856456,0.15494591468564806,0.1549459146856503,0.15494591468564806,0.1549459146856466,0.15494591468564806,0.1549459146856503,0.15357822071776892,0.15357822071776187,0.15357822071775748,0.15357822071776187,0.15357822071776892,0.15357822071776187,0.15357822071775443,0.15357822071774982,0.15357822071775443,0.15357822071776187,0.15357822071775748,0.15357822071774982,0.15357822071774502,0.15357822071774982,0.15357822071775748,0.15357822071776187,0.15357822071775443,0.15357822071774982,0.15357822071775443,0.15357822071776187,0.15357822071776892,0.15357822071776187,0.15357822071775748,0.15357822071776187,0.15357822071776892,0.15223780387066496,0.15223780387064348,0.1522378038706299,0.15223780387064348,0.15223780387066496,0.15223780387064348,0.15223780387062047,0.1522378038706055,0.15223780387062047,0.15223780387064348,0.1522378038706299,0.1522378038706055,0.15223780387058997,0.1522378038706055,0.1522378038706299,0.15223780387064348,0.15223780387062047,0.1522378038706055,0.15223780387062047,0.15223780387064348,0.15223780387066496,0.15223780387064348,0.1522378038706299,0.15223780387064348,0.15223780387066496,0.15092409294996192,0.1509240929498967,0.15092409294985543,0.1509240929498967,0.15092409294996192,0.1509240929498967,0.15092409294982476,0.15092409294977827,0.15092409294982476,0.1509240929498967,0.15092409294985543,0.15092409294977827,0.1509240929497285,0.15092409294977827,0.15092409294985543,0.1509240929498967,0.15092409294982476,0.15092409294977827,0.15092409294982476,0.1509240929498967,0.15092409294996192,0.1509240929498967,0.15092409294985543,0.1509240929498967,0.15092409294996192,0.14963652309401704,0.14963652309382286,0.1496365230936973,0.14963652309382286,0.14963652309401704,0.14963652309382286,0.1496365230936009,0.14963652309345435,0.1496365230936009,0.14963652309382286,0.1496365230936973,0.14963652309345435,0.14963652309329287,0.14963652309345435,0.1496365230936973,0.14963652309382286,0.1496365230936009,0.14963652309345435,0.1496365230936009,0.14963652309382286,0.14963652309401704,0.14963652309382286,0.1496365230936973,0.14963652309382286,0.14963652309401704,0.14837453635947048,0.14837453635890116,0.14837453635852402,0.14837453635890116,0.14837453635947048,0.14837453635890116,0.14837453635822082,0.14837453635775302,0.14837453635822082,0.14837453635890116,0.14837453635852402,0.14837453635775302,0.14837453635721223,0.14837453635775302,0.14837453635852402,0.14837453635890116,0.14837453635822082,0.14837453635775302,0.14837453635822082,0.14837453635890116,0.14837453635947048,0.14837453635890116,0.14837453635852402,0.14837453635890116,0.14837453635947048,0.14713758222991344,0.14713758222829032,0.14713758222716913,0.14713758222829032,0.14713758222991344,0.14713758222829032,0.14713758222622253,0.14713758222470205,0.14713758222622253,0.14713758222829032,0.14713758222716913,0.14713758222470205,0.14713758222279955,0.14713758222470205,0.14713758222716913,0.14713758222829032,0.14713758222622253,0.14713758222470205,0.14713758222622253,0.14713758222829032,0.14713758222991344,0.14713758222829032,0.14713758222716913,0.14713758222829032,0.14713758222991344,0.14592511805461844,0.14592511805018699,0.14592511804692412,0.14592511805018699,0.14592511805461844,0.14592511805018699,0.14592511804401828,0.14592511803896716,0.14592511804401828,0.14592511805018699,0.14592511804692412,0.14592511803896716,0.14592511803175698,0.14592511803896716,0.14592511804692412,0.14592511805018699,0.14592511804401828,0.14592511803896716,0.14592511804401828,0.14592511805018699,0.14592511805461844,0.14592511805018699,0.14592511804692412,0.14592511805018699,0.14592511805461844,0.14473660942423278,0.14473660941295705,0.1447366094038293,0.14473660941295705,0.14473660942423278,0.14473660941295705,0.14473660939526414,0.14473660937818494,0.14473660939526414,0.14473660941295705,0.1447366094038293,0.14473660937818494,0.1447366093479505,0.14473660937818494,0.1447366094038293,0.14473660941295705,0.14473660939526414,0.14473660937818494,0.14473660939526414,0.14473660941295705,0.14473660942423278,0.14473660941295705,0.1447366094038293,0.14473660941295705,0.14473660942423278,0.14357153049031487,0.14357153046485122,0.1435715304413405,0.14357153046485122,0.14357153049031487,0.14357153046485122,0.1435715304181901,0.14357153036112208,0.1435715304181901,0.14357153046485122,0.1435715304413405,0.14357153036112208,0.14357153021795327,0.14357153036112208,0.1435715304413405,0.14357153046485122,0.1435715304181901,0.14357153036112208,0.1435715304181901,0.14357153046485122,0.14357153049031487,0.14357153046485122,0.1435715304413405,0.14357153046485122,0.14357153049031487,0.1424293642336566,0.1424293641873718,0.14242936413737348,0.1424293641873718,0.1424293642336566,0.1424293641873718,0.14242936408633122,0.1424293639172959,0.14242936408633122,0.1424293641873718,0.14242936413737348,0.1424293639172959,0.14242936314831114,0.1424293639172959,0.14242936413737348,0.1424293641873718,0.14242936408633122,0.1424293639172959,0.14242936408633122,0.1424293641873718,0.1424293642336566,0.1424293641873718,0.14242936413737348,0.1424293641873718,0.1424293642336566,0.14130960267589093,0.14130960262107234,0.14130960256004418,0.14130960262107234,0.14130960267589093,0.14130960262107234,0.14130960249715,0.14130960228645237,0.14130960249715,0.14130960262107234,0.14130960256004418,0.14130960228645237,0.1413096013575838,0.14130960228645237,0.14130960256004418,0.14130960262107234,0.14130960249715,0.14130960228645237,0.14130960249715,0.14130960262107234,0.14130960267589093,0.14130960262107234,0.14130960256004418,0.14130960262107234,0.14130960267589093,0.14021174700949246,0.14021174696716324,0.1402117469170318,0.14021174696716324,0.14021174700949246,0.14021174696716324,0.14021174686483137,0.14021174667410918,0.14021174686483137,0.14021174696716324,0.1402117469170318,0.14021174667410918,0.14021174573114703,0.14021174667410918,0.1402117469170318,0.14021174696716324,0.14021174686483137,0.14021174667410918,0.14021174686483137,0.14021174696716324,0.14021174700949246,0.14021174696716324,0.1402117469170318,0.14021174696716324,0.14021174700949246,0.1391353077085559,0.13913530770515176,0.1391353076996085,0.13913530770515176,0.1391353077085559,0.13913530770515176,0.13913530769343596,0.13913530766925042,0.13913530769343596,0.13913530770515176,0.1391353076996085,0.13913530766925042,0.13913530757837053,0.13913530766925042,0.1391353076996085,0.13913530770515176,0.13913530769343596,0.13913530766925042,0.13913530769343596,0.13913530770515176,0.1391353077085559,0.13913530770515176,0.1391353076996085,0.13913530770515176,0.1391353077085559,0.13807980461030375,0.13807980465357703,0.13807980469875875,0.13807980465357703,0.13807980461030375,0.13807980465357703,0.13807980474502912,0.13807980487621044,0.13807980474502912,0.13807980465357703,0.13807980469875875,0.13807980487621044,0.13807980525998334,0.13807980487621044,0.13807980469875875,0.13807980465357703,0.13807980474502912,0.13807980487621044,0.13807980474502912,0.13807980465357703,0.13807980461030375,0.13807980465357703,0.13807980469875875,0.13807980465357703,0.13807980461030375,0.13704476701383794,0.13704476709735033,0.13704476720037678,0.13704476709735033,0.13704476701383794,0.13704476709735033,0.1370447673076319,0.1370447677360066,0.1370447673076319,0.13704476709735033,0.13704476720037678,0.1370447677360066,0.1370447701270571,0.1370447677360066,0.13704476720037678,0.13704476709735033,0.1370447673076319,0.1370447677360066,0.1370447673076319,0.13704476709735033,0.13704476701383794,0.13704476709735033,0.13704476720037678,0.13704476709735033,0.13704476701383794,0.13602973374097602,0.1360297338004912,0.13602973385915826,0.1360297338004912,0.13602973374097602,0.1360297338004912,0.13602973391818948,0.1360297340766154,0.13602973391818948,0.1360297338004912,0.13602973385915826,0.1360297340766154,0.13602973451815323,0.1360297340766154,0.13602973385915826,0.1360297338004912,0.13602973391818948,0.1360297340766154,0.13602973391818948,0.1360297338004912,0.13602973374097602,0.1360297338004912,0.13602973385915826,0.1360297338004912,0.13602973374097602,0.13503425326130872,0.13503425329883553,0.13503425332991906,0.13503425329883553,0.13503425326130872,0.13503425329883553,0.1350342533594884,0.1350342534198402,0.1350342533594884,0.13503425329883553,0.13503425332991906,0.1350342534198402,0.13503425352990953,0.1350342534198402,0.13503425332991906,0.13503425329883553,0.1350342533594884,0.1350342534198402,0.1350342533594884,0.13503425329883553,0.13503425326130872,0.13503425329883553,0.13503425332991906,0.13503425329883553,0.13503425326130872
0.16533248755700533,0.16533248755700533,0.16533248755700533,0.16533248755700533,0.16533248755700533,0.16533248755700533,0.16533248755700533,0.16533248755700533,0.16533248755700533,0.16533248755700533,0.16533248755700533,0.16533248755700533,0.16533248755700533,0.16533248755700533,0.16533248755700533,0.16533248755700533,0.16533248755700533,0.16533248755700533,0.16533248755700533,0.16533248755700533,0.16533248755700533,0.16533248755700533,0.16533248755700533,0.16533248755700533,0.16533248755700533,0.16375749384275826,0.16375749384275826,0.16375749384275826,0.16375749384275826,0.16375749384275826,0.16375749384275826,0.16375749384275826,0.16375749384275826,0.16375749384275826,0.16375749384275826,0.16375749384275826,0.16375749384275826,0.16375749384275826,0.16375749384275826,0.16375749384275826,0.16375749384275826,0.16375749384275826,0.16375749384275826,0.16375749384275826,0.16375749384275826,0.16375749384275826,0.16375749384275826,0.16375749384275826,0.16375749384275826,0.16375749384275826,0.16221388406032325,0.16221388406032325,0.16221388406032325,0.16221388406032325,0.16221388406032325,0.16221388406032325,0.16221388406032325,0.16221388406032325,0.16221388406032325,0.16221388406032325,0.16221388406032325,0.16221388406032325,0.16221388406032325,0.16221388406032325,0.16221388406032325,0.16221388406032325,0.16221388406032325,0.16221388406032325,0.16221388406032325,0.16221388406032325,0.16221388406032325,0.16221388406032325,0.16221388406032325,0.16221388406032325,0.16221388406032325,0.1607010671667406,0.1607010671667406,0.1607010671667406,0.1607010671667406,0.1607010671667406,0.1607010671667406,0.1607010671667406,0.1607010671667406,0.1607010671667406,0.1607010671667406,0.1607010671667406,0.1607010671667406,0.1607010671667406,0.1607010671667406,0.1607010671667406,0.1607010671667406,0.1607010671667406,0.1607010671667406,0.1607010671667406,0.1607010671667406,0.1607010671667406,0.1607010671667406,0.1607010671667406,0.1607010671667406,0.1607010671667406,0.1592184515369885,0.15921845153698827,0.15921845153698827,0.15921845153698827,0.1592184515369885,0.15921845153698827,0.15921845153698827,0.15921845153698827,0.15921845153698827,0.15921845153698827,0.15921845153698827,0.15921845153698827,0.15921845153698827,0.15921845153698827,0.15921845153698827,0.15921845153698827,0.15921845153698827,0.15921845153698827,0.15921845153698827,0.15921845153698827,0.1592184515369885,0.15921845153698827,0.15921845153698827,0.15921845153698827,0.1592184515369885,0.1577654463158336,0.15776544631583342,0.1577654463158332,0.15776544631583342,0.1577654463158336,0.15776544631583342,0.1577654463158332,0.157765446315833,0.1577654463158332,0.15776544631583342,0.1577654463158332,0.157765446315833,0.157765446315833,0.157765446315833,0.1577654463158332,0.15776544631583342,0.1577654463158332,0.157765446315833,0.1577654463158332,0.15776544631583342,0.1577654463158336,0.15776544631583342,0.1577654463158332,0.15776544631583342,0.1577654463158336,0.15634146263215554,0.1563414626321549,0.15634146263215448,0.1563414626321549,0.15634146263215554,0.1563414626321549,0.15634146263215407,0.15634146263215365,0.15634146263215407,0.1563414626321549,0.15634146263215448,0.15634146263215365,0.1563414626321532,0.15634146263215365,0.15634146263215448,0.1563414626321549,0.15634146263215407,0.15634146263215365,0.15634146263215407,0.1563414626321549,0.15634146263215554,0.1563414626321549,0.15634146263215448,0.1563414626321549,0.15634146263215554,0.1549459146860065,0.15494591468600422,0.1549459146860028,0.15494591468600422,0.1549459146860065,0.15494591468600422,0.15494591468600177,0.15494591468600033,0.15494591468600177,0.15494591468600422,0.1549459146860028,0.15494591468600033,0.1549459146859989,0.15494591468600033,0.1549459146860028,0.15494591468600422,0.15494591468600177,0.15494591468600033,0.15494591468600177,0.15494591468600422,0.1549459146860065,0.15494591468600422,0.1549459146860028,0.15494591468600422,0.1549459146860065,0.15357822071811797,0.15357822071811095,0.15357822071810653,0.15357822071811095,0.15357822071811797,0.15357822071811095,0.1535782207181035,0.1535782207180989,0.1535782207181035,0.15357822071811095,0.15357822071810653,0.1535782207180989,0.15357822071809407,0.1535782207180989,0.15357822071810653,0.15357822071811095,0.1535782207181035,0.1535782207180989,0.1535782207181035,0.15357822071811095,0.15357822071811797,0.15357822071811095,0.15357822071810653,0.15357822071811095,0.15357822071811797,0.15223780387100705,0.15223780387098543,0.15223780387097202,0.15223780387098543,0.15223780387100705,0.15223780387098543,0.15223780387096236,0.1522378038709476,0.15223780387096236,0.15223780387098543,0.15223780387097202,0.1522378038709476,0.15223780387093186,0.1522378038709476,0.15223780387097202,0.15223780387098543,0.15223780387096236,0.1522378038709476,0.15223780387096236,0.15223780387098543,0.15223780387100705,0.15223780387098543,0.15223780387097202,0.15223780387098543,0.15223780387100705,0.15092409295029682,0.1509240929502318,0.15092409295019052,0.1509240929502318,0.15092409295029682,0.1509240929502318,0.15092409295016004,0.15092409295011336,0.15092409295016004,0.1509240929502318,0.15092409295019052,0.15092409295011336,0.1509240929500638,0.15092409295011336,0.15092409295019052,0.1509240929502318,0.15092409295016004,0.15092409295011336,0.15092409295016004,0.1509240929502318,0.15092409295029682,0.1509240929502318,0.15092409295019052,0.1509240929502318,0.15092409295029682,0.14963652309434528,0.1496365230941511,0.14963652309402573,0.1496365230941511,0.14963652309434528,0.1496365230941511,0.1496365230939293,0.14963652309378297,0.1496365230939293,0.1496365230941511,0.14963652309402573,0.14963652309378297,0.14963652309362147,0.14963652309378297,0.14963652309402573,0.1496365230941511,0.1496365230939293,0.14963652309378297,0.1496365230939293,0.1496365230941511,0.14963652309434528,0.1496365230941511,0.14963652309402573,0.1496365230941511,0.14963652309434528,0.14837453635979167,0.1483745363592227,0.14837453635884573,0.1483745363592227,0.14837453635979167,0.1483745363592227,0.14837453635854292,0.1483745363580755,0.14837453635854292,0.1483745363592227,0.14837453635884573,0.1483745363580755,0.14837453635753528,0.1483745363580755,0.14837453635884573,0.1483745363592227,0.14837453635854292,0.1483745363580755,0.14837453635854292,0.1483745363592227,0.14837453635979167,0.1483745363592227,0.14837453635884573,0.1483745363592227,0.14837453635979167,0.1471375822302268,0.14713758222860496,0.1471375822274847,0.14713758222860496,0.1471375822302268,0.14713758222860496,0.14713758222653878,0.14713758222501924,0.14713758222653878,0.14713758222860496,0.1471375822274847,0.14713758222501924,0.1471375822231182,0.14713758222501924,0.1471375822274847,0.14713758222860496,0.14713758222653878,0.14713758222501924,0.14713758222653878,0.14713758222860496,0.1471375822302268,0.14713758222860496,0.1471375822274847,0.14713758222860496,0.1471375822302268,0.14592511805492153,0.1459251180504936,0.14592511804723307,0.1459251180504936,0.14592511805492153,0.1459251180504936,0.14592511804432953,0.14592511803928213,0.14592511804432953,0.1459251180504936,0.14592511804723307,0.14592511803928213,0.1459251180320773,0.14592511803928213,0.14592511804723307,0.1459251180504936,0.14592511804432953,0.14592511803928213,0.14592511804432953,0.1459251180504936,0.14592511805492153,0.1459251180504936,0.14592511804723307,0.1459251180504936,0.14592511805492153,0.14473660942451852,0.14473660941325164,0.1447366094041309,0.14473660941325164,0.14473660942451852,0.14473660941325164,0.1447366093955722,0.14473660937850596,0.1447366093955722,0.14473660941325164,0.1447366094041309,0.14473660937850596,0.14473660934829366,0.14473660937850596,0.1447366094041309,0.14473660941325164,0.1447366093955722,0.14473660937850596,0.1447366093955722,0.14473660941325164,0.14473660942451852,0.14473660941325164,0.1447366094041309,0.14473660941325164,0.14473660942451852,0.14357153049056523,0.14357153046512175,0.14357153044162932,0.14357153046512175,0.14357153049056523,0.14357153046512175,0.14357153041849674,0.14357153036147166,0.14357153041849674,0.14357153046512175,0.14357153044162932,0.14357153036147166,0.1435715302184069,0.14357153036147166,0.14357153044162932,0.14357153046512175,0.14357153041849674,0.14357153036147166,0.14357153041849674,0.14357153046512175,0.14357153049056523,0.14357153046512175,0.14357153044162932,0.14357153046512175,0.14357153049056523,0.14242936423382954,0.14242936418758298,0.14242936413762458,0.14242936418758298,0.14242936423382954,0.14242936418758298,0.14242936408662293,0.1424293639177163,0.14242936408662293,0.14242936418758298,0.14242936413762458,0.1424293639177163,0.14242936314926516,0.1424293639177163,0.14242936413762458,0.14242936418758298,0.14242936408662293,0.1424293639177163,0.14242936408662293,0.14242936418758298,0.14242936423382954,0.14242936418758298,0.14242936413762458,0.14242936418758298,0.14242936423382954,0.14130960267590686,0.14130960262113815,0.14130960256016506,0.14130960262113815,0.14130960267590686,0.14130960262113815,0.14130960249732763,0.14130960228681766,0.14130960249732763,0.14130960262113815,0.14130960256016506,0.14130960228681766,0.1413096013587701,0.14130960228681766,0.14130960256016506,0.14130960262113815,0.14130960249732763,0.14130960228681766,0.14130960249732763,0.14130960262113815,0.14130960267590686,0.14130960262113815,0.14130960256016506,0.14130960262113815,0.14130960267590686,0.14021174700924655,0.14021174696696087,0.14021174691688218,0.14021174696696087,0.14021174700924655,0.14021174696696087,0.1402117468647367,0.14021174667422157,0.1402117468647367,0.14021174696696087,0.14021174691688218,0.14021174667422157,0.14021174573233564,0.14021174667422157,0.14021174691688218,0.14021174696696087,0.1402117468647367,0.14021174667422157,0.1402117468647367,0.14021174696696087,0.14021174700924655,0.14021174696696087,0.14021174691688218,0.14021174696696087,0.14021174700924655,0.13913530770795476,0.1391353077045574,0.1391353076990232,0.1391353077045574,0.13913530770795476,0.1391353077045574,0.13913530769286062,0.13913530766870888,0.13913530769286062,0.1391353077045574,0.1391353076990232,0.13913530766870888,0.1391353075779468,0.13913530766870888,0.1391353076990232,0.1391353077045574,0.13913530769286062,0.13913530766870888,0.13913530769286062,0.1391353077045574,0.13913530770795476,0.1391353077045574,0.1391353076990232,0.1391353077045574,0.13913530770795476,0.13807980460932806,0.1380798046525637,0.13807980469770587,0.1380798046525637,0.13807980460932806,0.1380798046525637,0.1380798047439355,0.13807980487500005,0.1380798047439355,0.1380798046525637,0.13807980469770587,0.13807980487500005,0.13807980525842858,0.13807980487500005,0.13807980469770587,0.1380798046525637,0.1380798047439355,0.13807980487500005,0.1380798047439355,0.1380798046525637,0.13807980460932806,0.1380798046525637,0.13807980469770587,0.1380798046525637,0.13807980460932806,0.13704476701256066,0.13704476709599733,0.13704476719892994,0.13704476709599733,0.13704476701256066,0.13704476709599733,0.13704476730608758,0.13704476773407115,0.13704476730608758,0.13704476709599733,0.13704476719892994,0.13704476773407115,0.13704477012294775,0.13704476773407115,0.13704476719892994,0.13704476709599733,0.13704476730608758,0.13704476773407115,0.13704476730608758,0.13704476709599733,0.13704476701256066,0.13704476709599733,0.13704476719892994,0.13704476709599733,0.13704476701256066,0.1360297337395486,0.13602973379900968,0.13602973385762324,0.13602973379900968,0.1360297337395486,0.13602973379900968,0.13602973391660056,0.13602973407488173,0.13602973391660056,0.13602973379900968,0.13602973385762324,0.13602973407488173,0.13602973451601583,0.13602973407488173,0.13602973385762324,0.13602973379900968,0.13602973391660056,0.13602973407488173,0.13602973391660056,0.13602973379900968,0.1360297337395486,0.13602973379900968,0.13602973385762324,0.13602973379900968,0.1360297337395486,0.13503425325984048,0.1350342532973329,0.1350342533283881,0.1350342532973329,0.13503425325984048,0.1350342532973329,0.13503425335793037,0.13503425341822717,0.13503425335793037,0.1350342532973329,0.1350342533283881,0.13503425341822717,0.13503425352819576,0.13503425341822717,0.1350342533283881,0.1350342532973329,0.13503425335793037,0.13503425341822717,0.13503425335793037,0.1350342532973329,0.13503425325984048,0.1350342532973329,0.1350342533283881,0.1350342532973329,0.13503425325984048
0.165332487557415,0.165332487557415,0.165332487557415,0.165332487557415,0.165332487557415,0.165332487557415,0.165332487557415,0.165332487557415,0.165332487557415,0.165332487557415,0.165332487557415,0.165332487557415,0.165332487557415,0.165332487557415,0.165332487557415,0.165332487557415,0.165332487557415,0.165332487557415,0.165332487557415,0.165332487557415,0.165332487557415,0.165332487557415,0.165332487557415,0.165332487557415,0.165332487557415,0.16375749384315977,0.16375749384315977,0.16375749384315977,0.16375749384315977,0.16375749384315977,0.16375749384315977,0.16375749384315977,0.16375749384315977,0.16375749384315977,0.16375749384315977,0.16375749384315977,0.16375749384315977,0.16375749384315977,0.16375749384315977,0.16375749384315977,0.16375749384315977,0.16375749384315977,0.16375749384315977,0.16375749384315977,0.16375749384315977,0.16375749384315977,0.16375749384315977,0.16375749384315977,0.16375749384315977,0.16375749384315977,0.16221388406071677,0.16221388406071677,0.16221388406071677,0.16221388406071677,0.16221388406071677,0.16221388406071677,0.16221388406071677,0.16221388406071677,0.16221388406071677,0.16221388406071677,0.16221388406071677,0.16221388406071677,0.16221388406071677,0.16221388406071677,0.16221388406071677,0.16221388406071677,0.16221388406071677,0.16221388406071677,0.16221388406071677,0.16221388406071677,0.16221388406071677,0.16221388406071677,0.16221388406071677,0.16221388406071677,0.16221388406071677,0.1607010671671263,0.1607010671671263,0.1607010671671263,0.1607010671671263,0.1607010671671263,0.1607010671671263,0.1607010671671263,0.1607010671671263,0.1607010671671263,0.1607010671671263,0.1607010671671263,0.1607010671671263,0.1607010671671263,0.1607010671671263,0.1607010671671263,0.1607010671671263,0.1607010671671263,0.1607010671671263,0.1607010671671263,0.1607010671671263,0.1607010671671263,0.1607010671671263,0.1607010671671263,0.1607010671671263,0.1607010671671263,0.15921845153736647,0.15921845153736647,0.15921845153736625,0.15921845153736647,0.15921845153736647,0.15921845153736647,0.15921845153736625,0.15921845153736625,0.15921845153736625,0.15921845153736647,0.15921845153736625,0.15921845153736625,0.15921845153736625,0.15921845153736625,0.15921845153736625,0.15921845153736647,0.15921845153736625,0.15921845153736625,0.15921845153736625,0.15921845153736647,0.15921845153736647,0.15921845153736647,0.15921845153736625,0.15921845153736647,0.15921845153736647,0.15776544631620404,0.15776544631620384,0.15776544631620384,0.15776544631620384,0.15776544631620404,0.15776544631620384,0.15776544631620362,0.1577654463162034,0.15776544631620362,0.15776544631620384,0.15776544631620384,0.1577654463162034,0.1577654463162034,0.1577654463162034,0.15776544631620384,0.15776544631620384,0.15776544631620362,0.1577654463162034,0.15776544631620362,0.15776544631620384,0.15776544631620404,0.15776544631620384,0.15776544631620384,0.15776544631620384,0.15776544631620404,0.15634146263251855,0.15634146263251789,0.1563414626325175,0.15634146263251789,0.15634146263251855,0.15634146263251789,0.15634146263251708,0.15634146263251666,0.15634146263251708,0.15634146263251789,0.1563414626325175,0.15634146263251666,0.15634146263251625,0.15634146263251666,0.1563414626325175,0.15634146263251789,0.15634146263251708,0.15634146263251666,0.15634146263251708,0.15634146263251789,0.15634146263251855,0.15634146263251789,0.1563414626325175,0.15634146263251789,0.15634146263251855,0.15494591468636223,0.15494591468636,0.15494591468635854,0.15494591468636,0.15494591468636223,0.15494591468636,0.15494591468635752,0.15494591468635607,0.15494591468635752,0.15494591468636,0.15494591468635854,0.15494591468635607,0.15494591468635466,0.15494591468635607,0.15494591468635854,0.15494591468636,0.15494591468635752,0.15494591468635607,0.15494591468635752,0.15494591468636,0.15494591468636223,0.15494591468636,0.15494591468635854,0.15494591468636,0.15494591468636223,0.1535782207184664,0.1535782207184594,0.15357822071845498,0.1535782207184594,0.1535782207184664,0.1535782207184594,0.15357822071845198,0.15357822071844734,0.15357822071845198,0.1535782207184594,0.15357822071845498,0.15357822071844734,0.15357822071844252,0.15357822071844734,0.15357822071845498,0.1535782207184594,0.15357822071845198,0.15357822071844734,0.15357822071845198,0.1535782207184594,0.1535782207184664,0.1535782207184594,0.15357822071845498,0.1535782207184594,0.1535782207184664,0.15223780387134858,0.15223780387132713,0.15223780387131353,0.15223780387132713,0.15223780387134858,0.15223780387132713,0.1522378038713041,0.15223780387128913,0.1522378038713041,0.15223780387132713,0.15223780387131353,0.15223780387128913,0.15223780387127359,0.15223780387128913,0.15223780387131353,0.15223780387132713,0.1522378038713041,0.15223780387128913,0.1522378038713041,0.15223780387132713,0.15223780387134858,0.15223780387132713,0.15223780387131353,0.15223780387132713,0.15223780387134858,0.15092409295063153,0.15092409295056655,0.15092409295052522,0.15092409295056655,0.15092409295063153,0.15092409295056655,0.15092409295049475,0.15092409295044826,0.15092409295049475,0.15092409295056655,0.15092409295052522,0.15092409295044826,0.15092409295039846,0.15092409295044826,0.15092409295052522,0.15092409295056655,0.15092409295049475,0.15092409295044826,0.15092409295049475,0.15092409295056655,0.15092409295063153,0.15092409295056655,0.15092409295052522,0.15092409295056655,0.15092409295063153,0.14963652309467318,0.14963652309447917,0.14963652309435382,0.14963652309447917,0.14963652309467318,0.14963652309447917,0.14963652309425757,0.1496365230941112,0.14963652309425757,0.14963652309447917,0.14963652309435382,0.1496365230941112,0.14963652309394992,0.1496365230941112,0.14963652309435382,0.14963652309447917,0.14963652309425757,0.1496365230941112,0.14963652309425757,0.14963652309447917,0.14963652309467318,0.14963652309447917,0.14963652309435382,0.14963652309447917,0.14963652309467318,0.14837453636011247,0.14837453635954406,0.14837453635916728,0.14837453635954406,0.14837453636011247,0.14837453635954406,0.14837453635886463,0.14837453635839762,0.14837453635886463,0.14837453635954406,0.14837453635916728,0.14837453635839762,0.14837453635785774,0.14837453635839762,0.14837453635916728,0.14837453635954406,0.14837453635886463,0.14837453635839762,0.14837453635886463,0.14837453635954406,0.14837453636011247,0.14837453635954406,0.14837453635916728,0.14837453635954406,0.14837453636011247,0.1471375822305398,0.14713758222891923,0.14713758222779985,0.14713758222891923,0.1471375822305398,0.14713758222891923,0.1471375822268545,0.1471375822253362,0.1471375822268545,0.14713758222891923,0.14713758222779985,0.1471375822253362,0.14713758222343665,0.1471375822253362,0.14713758222779985,0.14713758222891923,0.1471375822268545,0.1471375822253362,0.1471375822268545,0.14713758222891923,0.1471375822305398,0.14713758222891923,0.14713758222779985,0.14713758222891923,0.1471375822305398,0.14592511805522423,0.1459251180507997,0.14592511804754163,0.1459251180507997,0.14592511805522423,0.1459251180507997,0.14592511804464045,0.1459251180395968,0.14592511804464045,0.1459251180507997,0.14592511804754163,0.1459251180395968,0.1459251180323973,0.1459251180395968,0.14592511804754163,0.1459251180507997,0.14592511804464045,0.1459251180395968,0.14592511804464045,0.1459251180507997,0.14592511805522423,0.1459251180507997,0.14592511804754163,0.1459251180507997,0.14592511805522423,0.14473660942480407,0.14473660941354596,0.1447366094044322,0.14473660941354596,0.14473660942480407,0.14473660941354596,0.14473660939588012,0.1447366093788266,0.14473660939588012,0.14473660941354596,0.1447366094044322,0.1447366093788266,0.14473660934863647,0.1447366093788266,0.1447366094044322,0.14473660941354596,0.14473660939588012,0.1447366093788266,0.14473660939588012,0.14473660941354596,0.14473660942480407,0.14473660941354596,0.1447366094044322,0.14473660941354596,0.14473660942480407,0.1435715304908154,0.14357153046539212,0.14357153044191784,0.14357153046539212,0.1435715304908154,0.14357153046539212,0.14357153041880322,0.1435715303618209,0.14357153041880322,0.14357153046539212,0.14357153044191784,0.1435715303618209,0.14357153021886018,0.1435715303618209,0.14357153044191784,0.14357153046539212,0.14357153041880322,0.1435715303618209,0.14357153041880322,0.14357153046539212,0.1435715304908154,0.14357153046539212,0.14357153044191784,0.14357153046539212,0.1435715304908154,0.1424293642340023,0.14242936418779384,0.14242936413787538,0.14242936418779384,0.1424293642340023,0.14242936418779384,0.14242936408691434,0.14242936391813618,0.14242936408691434,0.14242936418779384,0.14242936413787538,0.14242936391813618,0.14242936315026716,0.14242936391813618,0.14242936413787538,0.14242936418779384,0.14242936408691434,0.14242936391813618,0.14242936408691434,0.14242936418779384,0.1424293642340023,0.14242936418779384,0.14242936413787538,0.14242936418779384,0.1424293642340023,0.14130960267592282,0.14130960262120376,0.14130960256028577,0.14130960262120376,0.14130960267592282,0.14130960262120376,0.14130960249750477,0.14130960228718228,0.14130960249750477,0.14130960262120376,0.14130960256028577,0.14130960228718228,0.14130960135993997,0.14130960228718228,0.14130960256028577,0.14130960262120376,0.14130960249750477,0.14130960228718228,0.14130960249750477,0.14130960262120376,0.14130960267592282,0.14130960262120376,0.14130960256028577,0.14130960262120376,0.14130960267592282,0.14021174700900096,0.14021174696675884,0.1402117469167327,0.14021174696675884,0.14021174700900096,0.14021174696675884,0.14021174686464205,0.14021174667433334,0.14021174686464205,0.14021174696675884,0.1402117469167327,0.14021174667433334,0.14021174573349407,0.14021174667433334,0.1402117469167327,0.14021174696675884,0.14021174686464205,0.14021174667433334,0.14021174686464205,0.14021174696675884,0.14021174700900096,0.14021174696675884,0.1402117469167327,0.14021174696675884,0.14021174700900096,0.13913530770735424,0.13913530770396385,0.13913530769843863,0.13913530770396385,0.13913530770735424,0.13913530770396385,0.13913530769228571,0.13913530766816778,0.13913530769228571,0.13913530770396385,0.13913530769843863,0.13913530766816778,0.13913530757752304,0.13913530766816778,0.13913530769843863,0.13913530770396385,0.13913530769228571,0.13913530766816778,0.13913530769228571,0.13913530770396385,0.13913530770735424,0.13913530770396385,0.13913530769843863,0.13913530770396385,0.13913530770735424,0.13807980460835378,0.13807980465155176,0.13807980469665423,0.13807980465155176,0.13807980460835378,0.13807980465155176,0.13807980474284323,0.13807980487379135,0.13807980474284323,0.13807980465155176,0.13807980469665423,0.13807980487379135,0.13807980525687572,0.13807980487379135,0.13807980469665423,0.13807980465155176,0.13807980474284323,0.13807980487379135,0.13807980474284323,0.13807980465155176,0.13807980460835378,0.13807980465155176,0.13807980469665423,0.13807980465155176,0.13807980460835378,0.13704476701128504,0.13704476709464616,0.13704476719748526,0.13704476709464616,0.13704476701128504,0.13704476709464616,0.13704476730454546,0.13704476773213844,0.13704476730454546,0.13704476709464616,0.13704476719748526,0.13704476773213844,0.13704477011881316,0.13704476773213844,0.13704476719748526,0.13704476709464616,0.13704476730454546,0.13704476773213844,0.13704476730454546,0.13704476709464616,0.13704476701128504,0.13704476709464616,0.13704476719748526,0.13704476709464616,0.13704476701128504,0.13602973373812316,0.13602973379753025,0.13602973385609027,0.13602973379753025,0.13602973373812316,0.13602973379753025,0.13602973391501383,0.13602973407315064,0.13602973391501383,0.13602973379753025,0.13602973385609027,0.13602973407315064,0.13602973451388137,0.13602973407315064,0.13602973385609027,0.13602973379753025,0.13602973391501383,0.13602973407315064,0.13602973391501383,0.13602973379753025,0.13602973373812316,0.13602973379753025,0.13602973385609027,0.13602973379753025,0.13602973373812316,0.13503425325837398,0.1350342532958325,0.13503425332685928,0.1350342532958325,0.13503425325837398,0.1350342532958325,0.13503425335637467,0.13503425341661635,0.13503425335637467,0.1350342532958325,0.13503425332685928,0.13503425341661635,0.1350342535264845,0.13503425341661635,0.13503425332685928,0.1350342532958325,0.13503425335637467,0.13503425341661635,0.13503425335637467,0.1350342532958325,0.13503425325837398,0.1350342532958325,0.13503425332685928,0.1350342532958325,0.13503425325837398
0.1653324875578242,0.1653324875578242,0.1653324875578242,0.1653324875578242,0.1653324875578242,0.1653324875578242,0.1653324875578242,0.1653324875578242,0.1653324875578242,0.1653324875578242,0.1653324875578242,0.1653324875578242,0.1653324875578242,0.1653324875578242,0.1653324875578242,0.1653324875578242,0.1653324875578242,0.1653324875578242,0.1653324875578242,0.1653324875578242,0.1653324875578242,0.1653324875578242,0.1653324875578242,0.1653324875578242,0.1653324875578242,0.1637574938435608,0.1637574938435608,0.1637574938435608,0.1637574938435608,0.1637574938435608,0.1637574938435608,0.1637574938435608,0.1637574938435608,0.1637574938435608,0.1637574938435608,0.1637574938435608,0.1637574938435608,0.1637574938435608,0.1637574938435608,0.1637574938435608,0.1637574938435608,0.1637574938435608,0.1637574938435608,0.1637574938435608,0.1637574938435608,0.1637574938435608,0.1637574938435608,0.1637574938435608,0.1637574938435608,0.1637574938435608,0.16221388406110981,0.16221388406110981,0.16221388406110981,0.16221388406110981,0.16221388406110981,0.16221388406110981,0.16221388406110981,0.16221388406110981,0.16221388406110981,0.16221388406110981,0.16221388406110981,0.16221388406110981,0.16221388406110981,0.16221388406110981,0.16221388406110981,0.16221388406110981,0.16221388406110981,0.16221388406110981,0.16221388406110981,0.16221388406110981,0.16221388406110981,0.16221388406110981,0.16221388406110981,0.16221388406110981,0.16221388406110981,0.1607010671675115,0.1607010671675115,0.1607010671675115,0.1607010671675115,0.1607010671675115,0.1607010671675115,0.1607010671675115,0.1607010671675115,0.1607010671675115,0.1607010671675115,0.1607010671675115,0.1607010671675115,0.1607010671675115,0.1607010671675115,0.1607010671675115,0.1607010671675115,0.1607010671675115,0.1607010671675115,0.1607010671675115,0.1607010671675115,0.1607010671675115,0.1607010671675115,0.1607010671675115,0.1607010671675115,0.1607010671675117,0.159218451537744,0.159218451537744,0.15921845153774378,0.159218451537744,0.159218451537744,0.159218451537744,0.15921845153774378,0.15921845153774378,0.15921845153774378,0.159218451537744,0.15921845153774378,0.15921845153774378,0.15921845153774378,0.15921845153774378,0.15921845153774378,0.159218451537744,0.15921845153774378,0.15921845153774378,0.15921845153774378,0.159218451537744,0.159218451537744,0.159218451537744,0.15921845153774378,0.159218451537744,0.159218451537744,0.15776544631657402,0.1577654463165738,0.1577654463165736,0.1577654463165738,0.15776544631657402,0.1577654463165738,0.1577654463165736,0.15776544631657335,0.1577654463165736,0.1577654463165738,0.1577654463165736,0.15776544631657335,0.15776544631657335,0.15776544631657335,0.1577654463165736,0.1577654463165738,0.1577654463165736,0.15776544631657335,0.1577654463165736,0.1577654463165738,0.15776544631657402,0.1577654463165738,0.1577654463165736,0.1577654463165738,0.15776544631657402,0.15634146263288112,0.1563414626328803,0.15634146263287987,0.1563414626328803,0.15634146263288112,0.1563414626328803,0.15634146263287968,0.15634146263287924,0.15634146263287968,0.1563414626328803,0.15634146263287987,0.15634146263287924,0.15634146263287862,0.15634146263287924,0.15634146263287987,0.1563414626328803,0.15634146263287968,0.15634146263287924,0.15634146263287968,0.1563414626328803,0.15634146263288112,0.1563414626328803,0.15634146263287987,0.1563414626328803,0.15634146263288112,0.1549459146867174,0.15494591468671512,0.1549459146867137,0.15494591468671512,0.1549459146867174,0.15494591468671512,0.15494591468671287,0.15494591468671143,0.15494591468671287,0.15494591468671512,0.1549459146867137,0.15494591468671143,0.15494591468670982,0.15494591468671143,0.1549459146867137,0.15494591468671512,0.15494591468671287,0.15494591468671143,0.15494591468671287,0.15494591468671512,0.1549459146867174,0.15494591468671512,0.1549459146867137,0.15494591468671512,0.1549459146867174,0.1535782207188147,0.15357822071880767,0.15357822071880325,0.15357822071880767,0.1535782207188147,0.15357822071880767,0.15357822071880023,0.15357822071879562,0.15357822071880023,0.15357822071880767,0.15357822071880325,0.15357822071879562,0.1535782207187908,0.15357822071879562,0.15357822071880325,0.15357822071880767,0.15357822071880023,0.15357822071879562,0.15357822071880023,0.15357822071880767,0.1535782207188147,0.15357822071880767,0.15357822071880325,0.15357822071880767,0.1535782207188147,0.1522378038716897,0.15223780387166824,0.15223780387165467,0.15223780387166824,0.1522378038716897,0.15223780387166824,0.1522378038716452,0.15223780387163044,0.1522378038716452,0.15223780387166824,0.15223780387165467,0.15223780387163044,0.15223780387161473,0.15223780387163044,0.15223780387165467,0.15223780387166824,0.1522378038716452,0.15223780387163044,0.1522378038716452,0.15223780387166824,0.1522378038716897,0.15223780387166824,0.15223780387165467,0.15223780387166824,0.1522378038716897,0.1509240929509659,0.15092409295090087,0.15092409295085957,0.15092409295090087,0.1509240929509659,0.15092409295090087,0.1509240929508291,0.1509240929507826,0.1509240929508291,0.15092409295090087,0.15092409295085957,0.1509240929507826,0.150924092950733,0.1509240929507826,0.15092409295085957,0.15092409295090087,0.1509240929508291,0.1509240929507826,0.1509240929508291,0.15092409295090087,0.1509240929509659,0.15092409295090087,0.15092409295085957,0.15092409295090087,0.1509240929509659,0.14963652309500047,0.14963652309480666,0.1496365230946815,0.14963652309480666,0.14963652309500047,0.14963652309480666,0.14963652309458525,0.1496365230944389,0.14963652309458525,0.14963652309480666,0.1496365230946815,0.1496365230944389,0.1496365230942778,0.1496365230944389,0.1496365230946815,0.14963652309480666,0.14963652309458525,0.1496365230944389,0.14963652309458525,0.14963652309480666,0.14963652309500047,0.14963652309480666,0.1496365230946815,0.14963652309480666,0.14963652309500047,0.1483745363604329,0.14837453635986486,0.14837453635948847,0.14837453635986486,0.1483745363604329,0.14837453635986486,0.148374536359186,0.14837453635871914,0.148374536359186,0.14837453635986486,0.14837453635948847,0.14837453635871914,0.14837453635817985,0.14837453635871914,0.14837453635948847,0.14837453635986486,0.148374536359186,0.14837453635871914,0.148374536359186,0.14837453635986486,0.1483745363604329,0.14837453635986486,0.14837453635948847,0.14837453635986486,0.1483745363604329,0.14713758223085244,0.14713758222923295,0.14713758222811446,0.14713758222923295,0.14713758223085244,0.14713758222923295,0.14713758222716988,0.14713758222565285,0.14713758222716988,0.14713758222923295,0.14713758222811446,0.14713758222565285,0.14713758222375453,0.14713758222565285,0.14713758222811446,0.14713758222923295,0.14713758222716988,0.14713758222565285,0.14713758222716988,0.14713758222923295,0.14713758223085244,0.14713758222923295,0.14713758222811446,0.14713758222923295,0.14713758223085244,0.14592511805552658,0.14592511805110542,0.14592511804784988,0.14592511805110542,0.14592511805552658,0.14592511805110542,0.1459251180449508,0.14592511803991104,0.1459251180449508,0.14592511805110542,0.14592511804784988,0.14592511803991104,0.14592511803271693,0.14592511803991104,0.14592511804784988,0.14592511805110542,0.1459251180449508,0.14592511803991104,0.1459251180449508,0.14592511805110542,0.14592511805552658,0.14592511805110542,0.14592511804784988,0.14592511805110542,0.14592511805552658,0.14473660942508929,0.1447366094138399,0.14473660940473312,0.1447366094138399,0.14473660942508929,0.1447366094138399,0.14473660939618752,0.1447366093791467,0.14473660939618752,0.1447366094138399,0.14473660940473312,0.1447366093791467,0.14473660934897895,0.1447366093791467,0.14473660940473312,0.1447366094138399,0.14473660939618752,0.1447366093791467,0.14473660939618752,0.1447366094138399,0.14473660942508929,0.1447366094138399,0.14473660940473312,0.1447366094138399,0.14473660942508929,0.14357153049106522,0.14357153046566196,0.143571530442206,0.14357153046566196,0.14357153049106522,0.14357153046566196,0.14357153041910917,0.14357153036216963,0.14357153041910917,0.14357153046566196,0.143571530442206,0.14357153036216963,0.14357153021931293,0.14357153036216963,0.143571530442206,0.14357153046566196,0.14357153041910917,0.14357153036216963,0.14357153041910917,0.14357153046566196,0.14357153049106522,0.14357153046566196,0.143571530442206,0.14357153046566196,0.14357153049106522,0.14242936423417493,0.14242936418800436,0.14242936413812585,0.14242936418800436,0.14242936423417493,0.14242936418800436,0.14242936408720538,0.14242936391855557,0.14242936408720538,0.14242936418800436,0.14242936413812585,0.14242936391855557,0.14242936315120622,0.14242936391855557,0.14242936413812585,0.14242936418800436,0.14242936408720538,0.14242936391855557,0.14242936408720538,0.14242936418800436,0.14242936423417493,0.14242936418800436,0.14242936413812585,0.14242936418800436,0.14242936423417493,0.14130960267593862,0.1413096026212692,0.141309602560406,0.1413096026212692,0.14130960267593862,0.1413096026212692,0.1413096024976817,0.14130960228754624,0.1413096024976817,0.1413096026212692,0.141309602560406,0.14130960228754624,0.1413096013610993,0.14130960228754624,0.141309602560406,0.1413096026212692,0.1413096024976817,0.14130960228754624,0.1413096024976817,0.1413096026212692,0.14130960267593862,0.1413096026212692,0.141309602560406,0.1413096026212692,0.14130960267593862,0.14021174700875552,0.14021174696655678,0.14021174691658306,0.14021174696655678,0.14021174700875552,0.14021174696655678,0.14021174686454724,0.1402117466744446,0.14021174686454724,0.14021174696655678,0.14021174691658306,0.1402117466744446,0.14021174573466477,0.1402117466744446,0.14021174691658306,0.14021174696655678,0.14021174686454724,0.1402117466744446,0.14021174686454724,0.14021174696655678,0.14021174700875552,0.14021174696655678,0.14021174691658306,0.14021174696655678,0.14021174700875552,0.13913530770675436,0.13913530770337093,0.13913530769785473,0.13913530770337093,0.13913530770675436,0.13913530770337093,0.13913530769171145,0.13913530766762722,0.13913530769171145,0.13913530770337093,0.13913530769785473,0.13913530766762722,0.1391353075770996,0.13913530766762722,0.13913530769785473,0.13913530770337093,0.13913530769171145,0.13913530766762722,0.13913530769171145,0.13913530770337093,0.13913530770675436,0.13913530770337093,0.13913530769785473,0.13913530770337093,0.13913530770675436,0.13807980460738062,0.13807980465054104,0.13807980469560382,0.13807980465054104,0.13807980460738062,0.13807980465054104,0.13807980474175222,0.1380798048725842,0.13807980474175222,0.13807980465054104,0.13807980469560382,0.1380798048725842,0.13807980525532515,0.1380798048725842,0.13807980469560382,0.13807980465054104,0.13807980474175222,0.1380798048725842,0.13807980474175222,0.13807980465054104,0.13807980460738062,0.13807980465054104,0.13807980469560382,0.13807980465054104,0.13807980460738062,0.1370447670100111,0.1370447670932968,0.13704476719604256,0.1370447670932968,0.1370447670100111,0.1370447670932968,0.1370447673030053,0.13704476773020827,0.1370447673030053,0.1370447670932968,0.13704476719604256,0.13704476773020827,0.13704477011470245,0.13704476773020827,0.13704476719604256,0.1370447670932968,0.1370447673030053,0.13704476773020827,0.1370447673030053,0.1370447670932968,0.1370447670100111,0.1370447670932968,0.13704476719604256,0.1370447670932968,0.1370447670100111,0.13602973373669963,0.13602973379605274,0.13602973385455952,0.13602973379605274,0.13602973373669963,0.13602973379605274,0.13602973391342923,0.13602973407142172,0.13602973391342923,0.1360297337960526,0.13602973385455952,0.13602973407142172,0.13602973451174988,0.13602973407142172,0.13602973385455952,0.13602973379605274,0.13602973391342923,0.13602973407142172,0.13602973391342923,0.13602973379605274,0.13602973373669963,0.1360297337960526,0.13602973385455952,0.13602973379605274,0.13602973373669963,0.1350342532569097,0.135034253294334,0.13503425332533256,0.135034253294334,0.1350342532569097,0.135034253294334,0.13503425335482105,0.13503425341500772,0.13503425335482105,0.135034253294334,0.13503425332533256,0.13503425341500772,0.13503425352477552,0.13503425341500772,0.13503425332533256,0.135034253294334,0.13503425335482105,0.13503425341500772,0.13503425335482105,0.135034253294334,0.1350342532569097,0.135034253294334,0.13503425332533256,0.135034253294334,0.1350342532569097
0.1653324875582329,0.1653324875582329,0.1653324875582329,0.1653324875582329,0.1653324875582329,0.1653324875582329,0.1653324875582329,0.1653324875582329,0.1653324875582329,0.1653324875582329,0.1653324875582329,0.1653324875582329,0.1653324875582329,0.1653324875582329,0.1653324875582329,0.1653324875582329,0.1653324875582329,0.1653324875582329,0.1653324875582329,0.1653324875582329,0.1653324875582329,0.1653324875582329,0.1653324875582329,0.1653324875582329,0.1653324875582329,0.1637574938439614,0.1637574938439614,0.1637574938439614,0.1637574938439614,0.1637574938439614,0.1637574938439614,0.1637574938439614,0.1637574938439614,0.1637574938439614,0.1637574938439614,0.1637574938439614,0.1637574938439614,0.1637574938439614,0.1637574938439614,0.1637574938439614,0.1637574938439614,0.1637574938439614,0.1637574938439614,0.1637574938439614,0.1637574938439614,0.1637574938439614,0.1637574938439614,0.1637574938439614,0.1637574938439614,0.1637574938439614,0.16221388406150242,0.16221388406150242,0.16221388406150242,0.16221388406150242,0.16221388406150242,0.16221388406150242,0.16221388406150242,0.16221388406150242,0.16221388406150242,0.16221388406150242,0.16221388406150242,0.16221388406150242,0.16221388406150242,0.16221388406150242,0.16221388406150242,0.16221388406150242,0.16221388406150242,0.16221388406150242,0.16221388406150242,0.16221388406150242,0.16221388406150242,0.16221388406150242,0.16221388406150242,0.16221388406150242,0.16221388406150242,0.16070106716789626,0.16070106716789626,0.16070106716789626,0.16070106716789626,0.16070106716789626,0.16070106716789626,0.16070106716789626,0.16070106716789626,0.16070106716789626,0.16070106716789626,0.16070106716789626,0.16070106716789626,0.16070106716789626,0.16070106716789626,0.16070106716789626,0.16070106716789626,0.16070106716789626,0.16070106716789626,0.16070106716789626,0.16070106716789626,0.16070106716789626,0.16070106716789626,0.16070106716789626,0.16070106716789626,0.16070106716789626,0.15921845153812086,0.15921845153812086,0.15921845153812086,0.15921845153812086,0.15921845153812086,0.15921845153812086,0.15921845153812086,0.15921845153812064,0.15921845153812086,0.15921845153812086,0.15921845153812086,0.15921845153812064,0.15921845153812064,0.15921845153812064,0.15921845153812086,0.15921845153812086,0.15921845153812086,0.15921845153812064,0.15921845153812086,0.15921845153812086,0.15921845153812086,0.15921845153812086,0.15921845153812086,0.15921845153812086,0.15921845153812086,0.15776544631694336,0.15776544631694317,0.15776544631694317,0.15776544631694317,0.15776544631694336,0.15776544631694317,0.15776544631694295,0.15776544631694295,0.15776544631694295,0.15776544631694317,0.15776544631694317,0.15776544631694295,0.15776544631694273,0.15776544631694295,0.15776544631694317,0.15776544631694317,0.15776544631694295,0.15776544631694295,0.15776544631694295,0.15776544631694317,0.15776544631694336,0.15776544631694317,0.15776544631694317,0.15776544631694317,0.15776544631694359,0.1563414626332431,0.15634146263324247,0.15634146263324186,0.15634146263324247,0.1563414626332431,0.15634146263324247,0.1563414626332416,0.15634146263324122,0.1563414626332416,0.15634146263324247,0.15634146263324186,0.15634146263324122,0.15634146263324059,0.15634146263324122,0.15634146263324186,0.15634146263324247,0.1563414626332416,0.15634146263324122,0.1563414626332416,0.15634146263324247,0.1563414626332431,0.15634146263324247,0.15634146263324186,0.15634146263324247,0.1563414626332431,0.1549459146870721,0.15494591468706986,0.15494591468706842,0.15494591468706986,0.1549459146870721,0.15494591468706986,0.15494591468706762,0.15494591468706598,0.15494591468706762,0.15494591468706986,0.15494591468706842,0.15494591468706598,0.15494591468706453,0.15494591468706598,0.15494591468706842,0.15494591468706986,0.15494591468706762,0.15494591468706598,0.15494591468706762,0.15494591468706986,0.1549459146870721,0.15494591468706986,0.15494591468706842,0.15494591468706986,0.1549459146870721,0.15357822071916216,0.1535782207191551,0.15357822071915092,0.1535782207191551,0.15357822071916216,0.1535782207191551,0.1535782207191479,0.15357822071914307,0.1535782207191479,0.1535782207191551,0.15357822071915092,0.15357822071914307,0.15357822071913826,0.15357822071914307,0.15357822071915092,0.1535782207191551,0.1535782207191479,0.15357822071914307,0.1535782207191479,0.1535782207191551,0.15357822071916216,0.1535782207191551,0.15357822071915092,0.1535782207191551,0.15357822071916216,0.15223780387203023,0.15223780387200878,0.1522378038719954,0.15223780387200878,0.15223780387203023,0.15223780387200878,0.15223780387198574,0.152237803871971,0.15223780387198574,0.15223780387200878,0.1522378038719954,0.152237803871971,0.15223780387195543,0.152237803871971,0.1522378038719954,0.15223780387200878,0.15223780387198574,0.152237803871971,0.15223780387198574,0.15223780387200878,0.15223780387203023,0.15223780387200878,0.1522378038719954,0.15223780387200878,0.15223780387203023,0.15092409295129963,0.15092409295123463,0.15092409295119333,0.15092409295123463,0.15092409295129963,0.15092409295123463,0.15092409295116282,0.15092409295111656,0.15092409295116282,0.15092409295123463,0.15092409295119333,0.15092409295111656,0.15092409295106696,0.15092409295111656,0.15092409295119333,0.15092409295123463,0.15092409295116282,0.15092409295111656,0.15092409295116282,0.15092409295123463,0.15092409295129963,0.15092409295123463,0.15092409295119333,0.15092409295123463,0.15092409295129963,0.1496365230953274,0.1496365230951336,0.1496365230950086,0.1496365230951336,0.1496365230953274,0.1496365230951336,0.14963652309491235,0.1496365230947662,0.14963652309491235,0.1496365230951336,0.1496365230950086,0.1496365230947662,0.1496365230946053,0.1496365230947662,0.1496365230950086,0.1496365230951336,0.14963652309491235,0.1496365230947662,0.14963652309491235,0.1496365230951336,0.1496365230953274,0.1496365230951336,0.1496365230950086,0.1496365230951336,0.1496365230953274,0.14837453636075276,0.1483745363601851,0.14837453635980907,0.1483745363601851,0.14837453636075276,0.1483745363601851,0.14837453635950681,0.14837453635904033,0.14837453635950681,0.1483745363601851,0.14837453635980907,0.14837453635904033,0.1483745363585014,0.14837453635904033,0.14837453635980907,0.1483745363601851,0.14837453635950681,0.14837453635904033,0.14837453635950681,0.1483745363601851,0.14837453636075276,0.1483745363601851,0.14837453635980907,0.1483745363601851,0.14837453636075276,0.1471375822311645,0.14713758222954632,0.14713758222842857,0.14713758222954632,0.1471375822311645,0.14713758222954632,0.14713758222748485,0.14713758222596876,0.14713758222748485,0.14713758222954632,0.14713758222842857,0.14713758222596876,0.14713758222407206,0.14713758222596876,0.14713758222842857,0.14713758222954632,0.14713758222748485,0.14713758222596876,0.14713758222748485,0.14713758222954632,0.1471375822311645,0.14713758222954632,0.14713758222842857,0.14713758222954632,0.1471375822311645,0.1459251180558284,0.14592511805141065,0.14592511804815775,0.14592511805141065,0.1459251180558284,0.14592511805141065,0.14592511804526082,0.14592511804022482,0.14592511804526082,0.14592511805141065,0.14592511804815775,0.14592511804022482,0.145925118033036,0.14592511804022482,0.14592511804815775,0.14592511805141065,0.14592511804526082,0.14592511804022482,0.14592511804526082,0.14592511805141065,0.1459251180558284,0.14592511805141065,0.14592511804815775,0.14592511805141065,0.1459251180558284,0.1447366094253738,0.14473660941413333,0.14473660940503352,0.14473660941413333,0.1447366094253738,0.14473660941413333,0.14473660939649435,0.1447366093794665,0.14473660939649435,0.14473660941413333,0.14473660940503352,0.1447366093794665,0.14473660934932087,0.1447366093794665,0.14473660940503352,0.14473660941413333,0.14473660939649435,0.1447366093794665,0.14473660939649435,0.14473660941413333,0.1447366094253738,0.14473660941413333,0.14473660940503352,0.14473660941413333,0.1447366094253738,0.14357153049131455,0.14357153046593146,0.1435715304424936,0.14357153046593146,0.14357153049131455,0.14357153046593146,0.1435715304194146,0.143571530362518,0.1435715304194146,0.14357153046593146,0.1435715304424936,0.143571530362518,0.14357153021976518,0.143571530362518,0.1435715304424936,0.14357153046593146,0.1435715304194146,0.143571530362518,0.1435715304194146,0.14357153046593146,0.14357153049131455,0.14357153046593146,0.1435715304424936,0.14357153046593146,0.14357153049131455,0.14242936423434704,0.1424293641882144,0.14242936413837595,0.1424293641882144,0.14242936423434704,0.1424293641882144,0.14242936408749593,0.14242936391897446,0.14242936408749593,0.1424293641882144,0.14242936413837595,0.14242936391897446,0.14242936315220034,0.14242936391897446,0.14242936413837595,0.1424293641882144,0.14242936408749593,0.14242936391897446,0.14242936408749593,0.1424293641882144,0.14242936423434704,0.1424293641882144,0.14242936413837595,0.1424293641882144,0.14242936423434704,0.14130960267595424,0.14130960262133432,0.14130960256052608,0.14130960262133432,0.14130960267595424,0.14130960262133432,0.14130960249785818,0.14130960228790954,0.14130960249785818,0.14130960262133432,0.14130960256052608,0.14130960228790954,0.14130960136228538,0.14130960228790954,0.14130960256052608,0.14130960262133432,0.14130960249785818,0.14130960228790954,0.14130960249785818,0.14130960262133432,0.14130960267595424,0.14130960262133432,0.14130960256052608,0.14130960262133432,0.14130960267595424,0.1402117470085101,0.14021174696635472,0.1402117469164334,0.14021174696635472,0.1402117470085101,0.14021174696635472,0.1402117468644521,0.14021174667455505,0.1402117468644521,0.14021174696635472,0.1402117469164334,0.14021174667455505,0.14021174573583015,0.14021174667455505,0.1402117469164334,0.14021174696635472,0.1402117468644521,0.14021174667455505,0.1402117468644521,0.14021174696635472,0.1402117470085101,0.14021174696635472,0.1402117469164334,0.14021174696635472,0.1402117470085101,0.13913530770615512,0.1391353077027785,0.1391353076972713,0.1391353077027785,0.13913530770615512,0.1391353077027785,0.13913530769113766,0.1391353076670871,0.13913530769113766,0.1391353077027785,0.1391353076972713,0.1391353076670871,0.13913530757667636,0.1391353076670871,0.1391353076972713,0.1391353077027785,0.13913530769113766,0.1391353076670871,0.13913530769113766,0.1391353077027785,0.13913530770615512,0.1391353077027785,0.1391353076972713,0.1391353077027785,0.13913530770615512,0.13807980460640865,0.13807980464953157,0.1380798046945548,0.13807980464953157,0.13807980460640865,0.13807980464953157,0.13807980474066273,0.13807980487137841,0.13807980474066273,0.13807980464953157,0.1380798046945548,0.13807980487137841,0.13807980525377642,0.13807980487137841,0.1380798046945548,0.13807980464953157,0.13807980474066273,0.13807980487137841,0.13807980474066273,0.13807980464953157,0.13807980460640865,0.13807980464953157,0.1380798046945548,0.13807980464953157,0.13807980460640865,0.13704476700873885,0.13704476709194927,0.13704476719460168,0.13704476709194927,0.13704476700873885,0.13704476709194927,0.13704476730146725,0.13704476772828086,0.13704476730146725,0.13704476709194927,0.13704476719460168,0.13704476772828086,0.13704477011060637,0.13704476772828086,0.13704476719460168,0.13704476709194927,0.13704476730146725,0.13704476772828086,0.13704476730146725,0.13704476709194927,0.13704476700873885,0.13704476709194927,0.13704476719460168,0.13704476709194927,0.13704476700873885,0.13602973373527805,0.13602973379457703,0.1360297338530306,0.13602973379457703,0.13602973373527805,0.13602973379457703,0.13602973391184695,0.13602973406969537,0.13602973391184695,0.13602973379457703,0.1360297338530306,0.13602973406969537,0.13602973450962155,0.13602973406969537,0.1360297338530306,0.13602973379457703,0.13602973391184695,0.13602973406969537,0.13602973391184695,0.13602973379457703,0.13602973373527805,0.13602973379457703,0.1360297338530306,0.13602973379457703,0.13602973373527805,0.1350342532554473,0.13503425329283755,0.13503425332380786,0.13503425329283755,0.1350342532554473,0.13503425329283755,0.13503425335326943,0.13503425341340128,0.13503425335326943,0.13503425329283755,0.13503425332380786,0.13503425341340128,0.13503425352306891,0.13503425341340128,0.13503425332380786,0.13503425329283755,0.13503425335326943,0.13503425341340128,0.13503425335326943,0.13503425329283755,0.1350342532554473,0.13503425329283755,0.13503425332380786,0.13503425329283755,0.1350342532554473
0.1653324875586412,0.1653324875586412,0.1653324875586412,0.1653324875586412,0.1653324875586412,0.1653324875586412,0.1653324875586412,0.1653324875586412,0.1653324875586412,0.1653324875586412,0.1653324875586412,0.1653324875586412,0.1653324875586412,0.1653324875586412,0.1653324875586412,0.1653324875586412,0.1653324875586412,0.1653324875586412,0.1653324875586412,0.1653324875586412,0.1653324875586412,0.1653324875586412,0.1653324875586412,0.1653324875586412,0.1653324875586412,0.1637574938443613,0.1637574938443613,0.1637574938443613,0.1637574938443613,0.1637574938443613,0.1637574938443613,0.1637574938443613,0.1637574938443613,0.1637574938443613,0.1637574938443613,0.1637574938443613,0.1637574938443613,0.1637574938443613,0.1637574938443613,0.1637574938443613,0.1637574938443613,0.1637574938443613,0.1637574938443613,0.1637574938443613,0.1637574938443613,0.1637574938443613,0.1637574938443613,0.1637574938443613,0.1637574938443613,0.1637574938443613,0.16221388406189455,0.16221388406189433,0.16221388406189433,0.16221388406189433,0.16221388406189455,0.16221388406189433,0.16221388406189433,0.16221388406189433,0.16221388406189433,0.16221388406189433,0.16221388406189433,0.16221388406189433,0.16221388406189433,0.16221388406189433,0.16221388406189433,0.16221388406189433,0.16221388406189433,0.16221388406189433,0.16221388406189433,0.16221388406189433,0.16221388406189455,0.16221388406189433,0.16221388406189433,0.16221388406189433,0.16221388406189455,0.1607010671682806,0.16070106716828034,0.16070106716828034,0.16070106716828034,0.1607010671682806,0.16070106716828034,0.16070106716828034,0.16070106716828034,0.16070106716828034,0.16070106716828034,0.16070106716828034,0.16070106716828034,0.16070106716828034,0.16070106716828034,0.16070106716828034,0.16070106716828034,0.16070106716828034,0.16070106716828034,0.16070106716828034,0.16070106716828034,0.1607010671682806,0.16070106716828034,0.16070106716828034,0.16070106716828034,0.1607010671682806,0.1592184515384975,0.15921845153849729,0.15921845153849729,0.15921845153849729,0.1592184515384975,0.15921845153849729,0.15921845153849729,0.15921845153849729,0.15921845153849729,0.15921845153849729,0.15921845153849729,0.15921845153849729,0.15921845153849729,0.15921845153849729,0.15921845153849729,0.15921845153849729,0.15921845153849729,0.15921845153849729,0.15921845153849729,0.15921845153849729,0.1592184515384975,0.15921845153849729,0.15921845153849729,0.15921845153849729,0.1592184515384975,0.15776544631731249,0.15776544631731226,0.15776544631731204,0.15776544631731226,0.15776544631731249,0.15776544631731226,0.15776544631731204,0.15776544631731185,0.15776544631731204,0.15776544631731226,0.15776544631731204,0.15776544631731185,0.15776544631731165,0.15776544631731185,0.15776544631731204,0.15776544631731226,0.15776544631731204,0.15776544631731185,0.15776544631731204,0.15776544631731226,0.15776544631731249,0.15776544631731226,0.15776544631731204,0.15776544631731226,0.15776544631731249,0.15634146263360463,0.15634146263360402,0.15634146263360357,0.15634146263360402,0.15634146263360463,0.15634146263360402,0.15634146263360316,0.15634146263360274,0.15634146263360316,0.15634146263360402,0.15634146263360357,0.15634146263360274,0.15634146263360235,0.15634146263360274,0.15634146263360357,0.15634146263360402,0.15634146263360316,0.15634146263360274,0.15634146263360316,0.15634146263360402,0.15634146263360463,0.15634146263360402,0.15634146263360357,0.15634146263360402,0.15634146263360463,0.15494591468742644,0.15494591468742422,0.15494591468742278,0.15494591468742422,0.15494591468742644,0.15494591468742422,0.15494591468742194,0.1549459146874205,0.15494591468742194,0.15494591468742422,0.15494591468742278,0.1549459146874205,0.15494591468741886,0.1549459146874205,0.15494591468742278,0.15494591468742422,0.15494591468742194,0.1549459146874205,0.15494591468742194,0.15494591468742422,0.15494591468742644,0.15494591468742422,0.15494591468742278,0.15494591468742422,0.15494591468742644,0.1535782207195094,0.15357822071950236,0.15357822071949795,0.15357822071950236,0.1535782207195094,0.15357822071950236,0.15357822071949515,0.15357822071949032,0.15357822071949515,0.15357822071950236,0.15357822071949795,0.15357822071949032,0.15357822071948551,0.15357822071949032,0.15357822071949795,0.15357822071950236,0.15357822071949515,0.15357822071949032,0.15357822071949515,0.15357822071950236,0.1535782207195094,0.15357822071950236,0.15357822071949795,0.15357822071950236,0.1535782207195094,0.15223780387237054,0.15223780387234911,0.15223780387233554,0.15223780387234911,0.15223780387237054,0.15223780387234911,0.15223780387232608,0.1522378038723113,0.15223780387232608,0.15223780387234911,0.15223780387233554,0.1522378038723113,0.15223780387229577,0.1522378038723113,0.15223780387233554,0.15223780387234911,0.15223780387232608,0.1522378038723113,0.15223780387232608,0.15223780387234911,0.15223780387237054,0.15223780387234911,0.15223780387233554,0.15223780387234911,0.15223780387237054,0.15092409295163298,0.15092409295156817,0.15092409295152687,0.15092409295156817,0.15092409295163298,0.15092409295156817,0.1509240929514964,0.1509240929514501,0.1509240929514964,0.15092409295156817,0.15092409295152687,0.1509240929514501,0.15092409295140052,0.1509240929514501,0.15092409295152687,0.15092409295156817,0.1509240929514964,0.1509240929514501,0.1509240929514964,0.15092409295156817,0.15092409295163298,0.15092409295156817,0.15092409295152687,0.15092409295156817,0.15092409295163298,0.14963652309565395,0.14963652309546033,0.14963652309533534,0.14963652309546033,0.14963652309565395,0.14963652309546033,0.14963652309523928,0.14963652309509332,0.14963652309523928,0.14963652309546033,0.14963652309533534,0.14963652309509332,0.14963652309493242,0.14963652309509332,0.14963652309533534,0.14963652309546033,0.14963652309523928,0.14963652309509332,0.14963652309523928,0.14963652309546033,0.14963652309565395,0.14963652309546033,0.14963652309533534,0.14963652309546033,0.14963652309565395,0.14837453636107228,0.14837453636050515,0.14837453636012932,0.14837453636050515,0.14837453636107228,0.14837453636050515,0.14837453635982725,0.14837453635936115,0.14837453635982725,0.14837453636050515,0.14837453636012932,0.14837453635936115,0.14837453635882256,0.14837453635936115,0.14837453636012932,0.14837453636050515,0.14837453635982725,0.14837453635936115,0.14837453635982725,0.14837453636050515,0.14837453636107228,0.14837453636050515,0.14837453636012932,0.14837453636050515,0.14837453636107228,0.14713758223147624,0.1471375822298593,0.1471375822287425,0.1471375822298593,0.14713758223147624,0.1471375822298593,0.14713758222779932,0.14713758222628467,0.14713758222779932,0.1471375822298593,0.1471375822287425,0.14713758222628467,0.14713758222438925,0.14713758222628467,0.1471375822287425,0.1471375822298593,0.14713758222779932,0.14713758222628467,0.14713758222779932,0.1471375822298593,0.14713758223147624,0.1471375822298593,0.1471375822287425,0.1471375822298593,0.14713758223147624,0.14592511805613004,0.14592511805171562,0.1459251180484651,0.14592511805171562,0.14592511805613004,0.14592511805171562,0.14592511804557048,0.1459251180405382,0.14592511804557048,0.14592511805171562,0.1459251180484651,0.1459251180405382,0.14592511803335473,0.1459251180405382,0.1459251180484651,0.14592511805171562,0.14592511804557048,0.1459251180405382,0.14592511804557048,0.14592511805171562,0.14592511805613004,0.14592511805171562,0.1459251180484651,0.14592511805171562,0.14592511805613004,0.14473660942565833,0.1447366094144264,0.14473660940533356,0.1447366094144264,0.14473660942565833,0.1447366094144264,0.14473660939680102,0.1447366093797859,0.14473660939680102,0.1447366094144264,0.14473660940533356,0.1447366093797859,0.14473660934966248,0.1447366093797859,0.14473660940533356,0.1447366094144264,0.14473660939680102,0.1447366093797859,0.14473660939680102,0.1447366094144264,0.14473660942565833,0.1447366094144264,0.14473660940533356,0.1447366094144264,0.14473660942565833,0.14357153049156365,0.14357153046620064,0.1435715304427811,0.14357153046620064,0.14357153049156365,0.14357153046620064,0.14357153041971987,0.14357153036286588,0.14357153041971987,0.14357153046620064,0.1435715304427811,0.14357153036286588,0.14357153022021693,0.14357153036286588,0.1435715304427811,0.14357153046620064,0.14357153041971987,0.14357153036286588,0.14357153041971987,0.14357153046620064,0.14357153049156365,0.14357153046620064,0.1435715304427811,0.14357153046620064,0.14357153049156365,0.142429364234519,0.14242936418842445,0.14242936413862572,0.14242936418842445,0.142429364234519,0.14242936418842445,0.14242936408778614,0.14242936391939298,0.14242936408778614,0.14242936418842445,0.14242936413862572,0.14242936391939298,0.1424293631531644,0.14242936391939298,0.14242936413862572,0.14242936418842445,0.14242936408778614,0.14242936391939298,0.14242936408778614,0.14242936418842445,0.142429364234519,0.14242936418842445,0.14242936413862572,0.14242936418842445,0.142429364234519,0.14130960267596987,0.14130960262139947,0.14130960256064581,0.14130960262139947,0.14130960267596987,0.14130960262139947,0.14130960249803434,0.14130960228827222,0.14130960249803434,0.14130960262139947,0.14130960256064581,0.14130960228827222,0.1413096013634477,0.14130960228827222,0.14130960256064581,0.14130960262139947,0.14130960249803434,0.14130960228827222,0.14130960249803434,0.14130960262139947,0.14130960267596987,0.14130960262139947,0.14130960256064581,0.14130960262139947,0.14130960267596987,0.14021174700826514,0.140211746966153,0.14021174691628394,0.140211746966153,0.14021174700826514,0.140211746966153,0.1402117468643571,0.1402117466746652,0.1402117468643571,0.140211746966153,0.14021174691628394,0.1402117466746652,0.14021174573698506,0.1402117466746652,0.14021174691628394,0.140211746966153,0.1402117468643571,0.1402117466746652,0.1402117468643571,0.140211746966153,0.14021174700826514,0.140211746966153,0.14021174691628394,0.140211746966153,0.14021174700826514,0.13913530770555685,0.13913530770218682,0.13913530769668866,0.13913530770218682,0.13913530770555685,0.13913530770218682,0.13913530769056465,0.13913530766654764,0.13913530769056465,0.13913530770218682,0.13913530769668866,0.13913530766654764,0.13913530757625325,0.13913530766654764,0.13913530769668866,0.13913530770218682,0.13913530769056465,0.13913530766654764,0.13913530769056465,0.13913530770218682,0.13913530770555685,0.13913530770218682,0.13913530769668866,0.13913530770218682,0.13913530770555685,0.13807980460543826,0.13807980464852349,0.13807980469350734,0.13807980464852349,0.13807980460543826,0.13807980464852349,0.13807980473957465,0.13807980487017454,0.13807980473957465,0.13807980464852349,0.13807980469350734,0.13807980487017454,0.13807980525222988,0.13807980487017454,0.13807980469350734,0.13807980464852349,0.13807980473957465,0.13807980487017454,0.13807980473957465,0.13807980464852349,0.13807980460543826,0.13807980464852349,0.13807980469350734,0.13807980464852349,0.13807980460543826,0.1370447670074684,0.13704476709060356,0.13704476719316291,0.13704476709060356,0.1370447670074684,0.13704476709060356,0.13704476729993134,0.13704476772635618,0.13704476729993134,0.13704476709060356,0.13704476719316291,0.13704476772635618,0.13704477010650157,0.13704476772635618,0.13704476719316291,0.13704476709060356,0.13704476729993134,0.13704476772635618,0.13704476729993134,0.13704476709060356,0.1370447670074684,0.13704476709060356,0.13704476719316291,0.13704476709060356,0.1370447670074684,0.13602973373385854,0.1360297337931037,0.13602973385150402,0.1360297337931037,0.13602973373385854,0.1360297337931037,0.13602973391026685,0.1360297340679714,0.13602973391026685,0.1360297337931037,0.13602973385150402,0.1360297340679714,0.13602973450749617,0.1360297340679714,0.13602973385150402,0.1360297337931037,0.13602973391026685,0.1360297340679714,0.13602973391026685,0.1360297337931037,0.13602973373385854,0.1360297337931037,0.13602973385150402,0.1360297337931037,0.13602973373385854,0.135034253253987,0.13503425329134325,0.13503425332228539,0.13503425329134325,0.135034253253987,0.13503425329134325,0.13503425335172006,0.1350342534117972,0.13503425335172006,0.13503425329134325,0.13503425332228539,0.1350342534117972,0.1350342535213648,0.1350342534117972,0.13503425332228539,0.13503425329134325,0.13503425335172006,0.1350342534117972,0.13503425335172006,0.13503425329134325,0.135034253253987,0.13503425329134325,0.13503425332228539,0.13503425329134325,0.135034253253987
0.16533248755904872,0.16533248755904872,0.16533248755904872,0.16533248755904872,0.16533248755904872,0.16533248755904872,0.16533248755904872,0.16533248755904872,0.16533248755904872,0.16533248755904872,0.16533248755904872,0.16533248755904872,0.16533248755904872,0.16533248755904872,0.16533248755904872,0.16533248755904872,0.16533248755904872,0.16533248755904872,0.16533248755904872,0.16533248755904872,0.16533248755904872,0.16533248755904872,0.16533248755904872,0.16533248755904872,0.16533248755904872,0.16375749384476096,0.16375749384476096,0.16375749384476096,0.16375749384476096,0.16375749384476096,0.16375749384476096,0.16375749384476096,0.16375749384476096,0.16375749384476096,0.16375749384476096,0.16375749384476096,0.16375749384476096,0.16375749384476096,0.16375749384476096,0.16375749384476096,0.16375749384476096,0.16375749384476096,0.16375749384476096,0.16375749384476096,0.16375749384476096,0.16375749384476096,0.16375749384476096,0.16375749384476096,0.16375749384476096,0.16375749384476096,0.16221388406228604,0.16221388406228604,0.16221388406228604,0.16221388406228604,0.16221388406228604,0.16221388406228604,0.16221388406228604,0.16221388406228604,0.16221388406228604,0.16221388406228604,0.16221388406228604,0.16221388406228604,0.16221388406228604,0.16221388406228604,0.16221388406228604,0.16221388406228604,0.16221388406228604,0.16221388406228604,0.16221388406228604,0.16221388406228604,0.16221388406228604,0.16221388406228604,0.16221388406228604,0.16221388406228604,0.16221388406228604,0.16070106716866425,0.16070106716866425,0.16070106716866425,0.16070106716866425,0.16070106716866425,0.16070106716866425,0.16070106716866425,0.160701067168664,0.160701067168664,0.16070106716866425,0.16070106716866425,0.160701067168664,0.160701067168664,0.160701067168664,0.16070106716866425,0.16070106716866425,0.160701067168664,0.160701067168664,0.16070106716866425,0.16070106716866425,0.16070106716866425,0.16070106716866425,0.16070106716866425,0.16070106716866425,0.16070106716866425,0.1592184515388735,0.1592184515388735,0.1592184515388733,0.1592184515388735,0.1592184515388735,0.1592184515388735,0.1592184515388733,0.1592184515388733,0.1592184515388733,0.1592184515388735,0.1592184515388733,0.1592184515388733,0.1592184515388733,0.1592184515388733,0.1592184515388733,0.1592184515388735,0.1592184515388733,0.1592184515388733,0.1592184515388733,0.1592184515388735,0.1592184515388735,0.1592184515388735,0.1592184515388733,0.1592184515388735,0.1592184515388735,0.15776544631768097,0.15776544631768075,0.15776544631768055,0.15776544631768075,0.15776544631768097,0.15776544631768075,0.15776544631768055,0.15776544631768033,0.15776544631768055,0.15776544631768075,0.15776544631768055,0.15776544631768033,0.15776544631768014,0.15776544631768033,0.15776544631768055,0.15776544631768075,0.15776544631768055,0.15776544631768033,0.15776544631768055,0.15776544631768075,0.15776544631768097,0.15776544631768075,0.15776544631768055,0.15776544631768075,0.15776544631768097,0.15634146263396576,0.15634146263396514,0.1563414626339645,0.15634146263396514,0.15634146263396576,0.15634146263396514,0.1563414626339643,0.1563414626339639,0.1563414626339643,0.15634146263396514,0.1563414626339645,0.1563414626339639,0.15634146263396345,0.1563414626339639,0.1563414626339645,0.15634146263396514,0.1563414626339643,0.1563414626339639,0.1563414626339643,0.15634146263396514,0.15634146263396576,0.15634146263396514,0.1563414626339645,0.15634146263396514,0.15634146263396576,0.15494591468778035,0.15494591468777813,0.15494591468777666,0.15494591468777813,0.15494591468778035,0.15494591468777813,0.15494591468777566,0.15494591468777422,0.15494591468777566,0.15494591468777813,0.15494591468777666,0.15494591468777422,0.15494591468777277,0.15494591468777422,0.15494591468777666,0.15494591468777813,0.15494591468777566,0.15494591468777422,0.15494591468777566,0.15494591468777813,0.15494591468778035,0.15494591468777813,0.15494591468777666,0.15494591468777813,0.15494591468778035,0.15357822071985625,0.15357822071984925,0.15357822071984484,0.15357822071984925,0.15357822071985625,0.15357822071984925,0.1535782207198418,0.1535782207198372,0.1535782207198418,0.15357822071984925,0.15357822071984484,0.1535782207198372,0.15357822071983238,0.1535782207198372,0.15357822071984484,0.15357822071984925,0.1535782207198418,0.1535782207198372,0.1535782207198418,0.15357822071984925,0.15357822071985625,0.15357822071984925,0.15357822071984484,0.15357822071984925,0.15357822071985625,0.1522378038727103,0.15223780387268884,0.15223780387267546,0.15223780387268884,0.1522378038727103,0.15223780387268884,0.15223780387266583,0.15223780387265107,0.15223780387266583,0.15223780387268884,0.15223780387267546,0.15223780387265107,0.1522378038726355,0.15223780387265107,0.15223780387267546,0.15223780387268884,0.15223780387266583,0.15223780387265107,0.15223780387266583,0.15223780387268884,0.1522378038727103,0.15223780387268884,0.15223780387267546,0.15223780387268884,0.1522378038727103,0.15092409295196577,0.15092409295190096,0.15092409295185988,0.15092409295190096,0.15092409295196577,0.15092409295190096,0.15092409295182938,0.15092409295178308,0.15092409295182938,0.15092409295190096,0.15092409295185988,0.15092409295178308,0.1509240929517335,0.15092409295178308,0.15092409295185988,0.15092409295190096,0.15092409295182938,0.15092409295178308,0.15092409295182938,0.15092409295190096,0.15092409295196577,0.15092409295190096,0.15092409295185988,0.15092409295190096,0.15092409295196577,0.14963652309597994,0.14963652309578648,0.1496365230956617,0.14963652309578648,0.14963652309597994,0.14963652309578648,0.14963652309556566,0.14963652309541967,0.14963652309556566,0.14963652309578648,0.1496365230956617,0.14963652309541967,0.14963652309525896,0.14963652309541967,0.1496365230956617,0.14963652309578648,0.14963652309556566,0.14963652309541967,0.14963652309556566,0.14963652309578648,0.14963652309597994,0.14963652309578648,0.1496365230956617,0.14963652309578648,0.14963652309597994,0.14837453636139142,0.14837453636082468,0.148374536360449,0.14837453636082468,0.14837453636139142,0.14837453636082468,0.1483745363601473,0.14837453635968156,0.1483745363601473,0.14837453636082468,0.148374536360449,0.14837453635968156,0.14837453635914338,0.14837453635968156,0.148374536360449,0.14837453636082468,0.1483745363601473,0.14837453635968156,0.1483745363601473,0.14837453636082468,0.14837453636139142,0.14837453636082468,0.148374536360449,0.14837453636082468,0.14837453636139142,0.14713758223178758,0.14713758223017195,0.14713758222905585,0.14713758223017195,0.14713758223178758,0.14713758223017195,0.14713758222811357,0.14713758222659984,0.14713758222811357,0.14713758223017195,0.14713758222905585,0.14713758222659984,0.14713758222470588,0.14713758222659984,0.14713758222905585,0.14713758223017195,0.14713758222811357,0.14713758222659984,0.14713758222811357,0.14713758223017195,0.14713758223178758,0.14713758223017195,0.14713758222905585,0.14713758223017195,0.14713758223178758,0.14592511805643113,0.14592511805202013,0.14592511804877223,0.14592511805202013,0.14592511805643113,0.14592511805202013,0.1459251180458796,0.14592511804085126,0.1459251180458796,0.14592511805202013,0.14592511804877223,0.14592511804085126,0.14592511803367295,0.14592511804085126,0.14592511804877223,0.14592511805202013,0.1459251180458796,0.14592511804085126,0.1459251180458796,0.14592511805202013,0.14592511805643113,0.14592511805202013,0.14592511804877223,0.14592511805202013,0.14592511805643113,0.14473660942594233,0.1447366094147191,0.14473660940563327,0.1447366094147191,0.14473660942594233,0.1447366094147191,0.1447366093971072,0.14473660938010482,0.1447366093971072,0.1447366094147191,0.14473660940563327,0.14473660938010482,0.14473660935000357,0.14473660938010482,0.14473660940563327,0.1447366094147191,0.1447366093971072,0.14473660938010482,0.1447366093971072,0.1447366094147191,0.14473660942594233,0.1447366094147191,0.14473660940563327,0.1447366094147191,0.14473660942594233,0.1435715304918123,0.14357153046646945,0.14357153044306803,0.14357153046646945,0.1435715304918123,0.14357153046646945,0.1435715304200246,0.1435715303632134,0.1435715304200246,0.14357153046646945,0.14357153044306803,0.1435715303632134,0.14357153022066832,0.1435715303632134,0.14357153044306803,0.14357153046646945,0.1435715304200246,0.1435715303632134,0.1435715304200246,0.14357153046646945,0.1435715304918123,0.14357153046646945,0.14357153044306803,0.14357153046646945,0.1435715304918123,0.1424293642346906,0.14242936418863397,0.14242936413887503,0.14242936418863397,0.1424293642346906,0.14242936418863397,0.14242936408807585,0.14242936391981084,0.14242936408807585,0.14242936418863397,0.14242936413887503,0.14242936391981084,0.14242936315412796,0.14242936391981084,0.14242936413887503,0.14242936418863397,0.14242936408807585,0.14242936391981084,0.14242936408807585,0.14242936418863397,0.1424293642346906,0.14242936418863397,0.14242936413887503,0.14242936418863397,0.1424293642346906,0.14130960267598536,0.14130960262146425,0.14130960256076538,0.14130960262146425,0.14130960267598536,0.14130960262146425,0.14130960249821017,0.14130960228863435,0.14130960249821017,0.14130960262146425,0.14130960256076538,0.14130960228863435,0.14130960136462015,0.14130960228863435,0.14130960256076538,0.14130960262146425,0.14130960249821017,0.14130960228863435,0.14130960249821017,0.14130960262146425,0.14130960267598536,0.14130960262146425,0.14130960256076538,0.14130960262146425,0.14130960267598536,0.14021174700802022,0.14021174696595126,0.14021174691613428,0.14021174696595126,0.14021174700802022,0.14021174696595126,0.14021174686426183,0.14021174667477485,0.14021174686426183,0.14021174696595126,0.14021174691613428,0.14021174667477485,0.14021174573815992,0.14021174667477485,0.14021174691613428,0.14021174696595126,0.14021174686426183,0.14021174667477485,0.14021174686426183,0.14021174696595126,0.14021174700802022,0.14021174696595126,0.14021174691613428,0.14021174696595126,0.14021174700802022,0.139135307704959,0.13913530770159582,0.1391353076961065,0.13913530770159582,0.139135307704959,0.13913530770159582,0.1391353076899923,0.13913530766600862,0.1391353076899923,0.13913530770159582,0.1391353076961065,0.13913530766600862,0.1391353075758303,0.13913530766600862,0.1391353076961065,0.13913530770159582,0.1391353076899923,0.13913530766600862,0.1391353076899923,0.13913530770159582,0.139135307704959,0.13913530770159582,0.1391353076961065,0.13913530770159582,0.139135307704959,0.13807980460446875,0.13807980464751662,0.13807980469246112,0.13807980464751662,0.13807980460446875,0.13807980464751662,0.13807980473848797,0.13807980486897203,0.13807980473848797,0.13807980464751662,0.13807980469246112,0.13807980486897203,0.13807980525068536,0.13807980486897203,0.13807980469246112,0.13807980464751662,0.13807980473848797,0.13807980486897203,0.13807980473848797,0.13807980464751662,0.13807980460446875,0.13807980464751662,0.13807980469246112,0.13807980464751662,0.13807980460446875,0.13704476700619964,0.1370447670892597,0.13704476719172598,0.1370447670892597,0.13704476700619964,0.1370447670892597,0.13704476729839757,0.13704476772443422,0.13704476729839757,0.1370447670892597,0.13704476719172598,0.13704476772443422,0.1370447701024208,0.13704476772443422,0.13704476719172598,0.1370447670892597,0.13704476729839757,0.13704476772443422,0.13704476729839757,0.1370447670892597,0.13704476700619964,0.1370447670892597,0.13704476719172598,0.1370447670892597,0.13704476700619964,0.13602973373244087,0.13602973379163222,0.1360297338499796,0.13602973379163222,0.13602973373244087,0.13602973379163222,0.1360297339086889,0.1360297340662498,0.1360297339086889,0.13602973379163222,0.1360297338499796,0.1360297340662498,0.13602973450537378,0.1360297340662498,0.1360297338499796,0.13602973379163222,0.1360297339086889,0.1360297340662498,0.1360297339086889,0.13602973379163222,0.13602973373244087,0.13602973379163222,0.1360297338499796,0.13602973379163222,0.13602973373244087,0.13503425325252869,0.1350342532898509,0.13503425332076494,0.1350342532898509,0.13503425325252869,0.1350342532898509,0.13503425335017283,0.1350342534101953,0.13503425335017283,0.1350342532898509,0.13503425332076494,0.1350342534101953,0.13503425351966303,0.1350342534101953,0.13503425332076494,0.1350342532898509,0.13503425335017283,0.1350342534101953,0.13503425335017283,0.1350342532898509,0.13503425325252869,0.1350342532898509,0.13503425332076494,0.1350342532898509,0.13503425325252869
0.16533248755945582,0.16533248755945582,0.16533248755945582,0.16533248755945582,0.16533248755945582,0.16533248755945582,0.16533248755945582,0.16533248755945582,0.16533248755945582,0.16533248755945582,0.16533248755945582,0.16533248755945582,0.16533248755945582,0.16533248755945582,0.16533248755945582,0.16533248755945582,0.16533248755945582,0.16533248755945582,0.16533248755945582,0.16533248755945582,0.16533248755945582,0.16533248755945582,0.16533248755945582,0.16533248755945582,0.16533248755945582,0.16375749384515992,0.16375749384515992,0.16375749384515992,0.16375749384515992,0.16375749384515992,0.16375749384515992,0.16375749384515992,0.16375749384515992,0.16375749384515992,0.16375749384515992,0.16375749384515992,0.16375749384515992,0.16375749384515992,0.16375749384515992,0.16375749384515992,0.16375749384515992,0.16375749384515992,0.16375749384515992,0.16375749384515992,0.16375749384515992,0.16375749384515992,0.16375749384515992,0.16375749384515992,0.16375749384515992,0.16375749384515992,0.16221388406267703,0.16221388406267703,0.16221388406267703,0.16221388406267703,0.16221388406267703,0.16221388406267703,0.16221388406267703,0.16221388406267703,0.16221388406267703,0.16221388406267703,0.16221388406267703,0.16221388406267703,0.16221388406267703,0.16221388406267703,0.16221388406267703,0.16221388406267703,0.16221388406267703,0.16221388406267703,0.16221388406267703,0.16221388406267703,0.16221388406267703,0.16221388406267703,0.16221388406267703,0.16221388406267703,0.16221388406267703,0.16070106716904745,0.16070106716904745,0.16070106716904745,0.16070106716904745,0.16070106716904745,0.16070106716904745,0.16070106716904745,0.16070106716904745,0.16070106716904745,0.16070106716904745,0.16070106716904745,0.16070106716904745,0.16070106716904745,0.16070106716904745,0.16070106716904745,0.16070106716904745,0.16070106716904745,0.16070106716904745,0.16070106716904745,0.16070106716904745,0.16070106716904745,0.16070106716904745,0.16070106716904745,0.16070106716904745,0.16070106716904745,0.15921845153924905,0.15921845153924905,0.15921845153924885,0.15921845153924905,0.15921845153924905,0.15921845153924905,0.15921845153924885,0.15921845153924885,0.15921845153924885,0.15921845153924905,0.15921845153924885,0.15921845153924885,0.15921845153924885,0.15921845153924885,0.15921845153924885,0.15921845153924905,0.15921845153924885,0.15921845153924885,0.15921845153924885,0.15921845153924905,0.15921845153924905,0.15921845153924905,0.15921845153924885,0.15921845153924905,0.15921845153924905,0.15776544631804904,0.15776544631804884,0.15776544631804862,0.15776544631804884,0.15776544631804904,0.15776544631804884,0.15776544631804862,0.1577654463180484,0.15776544631804862,0.15776544631804884,0.15776544631804862,0.1577654463180484,0.15776544631804817,0.1577654463180484,0.15776544631804862,0.15776544631804884,0.15776544631804862,0.1577654463180484,0.15776544631804862,0.15776544631804884,0.15776544631804904,0.15776544631804884,0.15776544631804862,0.15776544631804884,0.15776544631804904,0.15634146263432647,0.15634146263432586,0.15634146263432522,0.15634146263432586,0.15634146263432647,0.15634146263432586,0.15634146263432502,0.15634146263432458,0.15634146263432502,0.15634146263432586,0.15634146263432522,0.15634146263432458,0.15634146263432397,0.15634146263432458,0.15634146263432522,0.15634146263432586,0.15634146263432502,0.15634146263432458,0.15634146263432502,0.15634146263432586,0.15634146263432647,0.15634146263432586,0.15634146263432522,0.15634146263432586,0.15634146263432647,0.15494591468813387,0.15494591468813163,0.15494591468813018,0.15494591468813163,0.15494591468813387,0.15494591468813163,0.15494591468812918,0.15494591468812774,0.15494591468812918,0.15494591468813163,0.15494591468813018,0.15494591468812774,0.1549459146881263,0.15494591468812774,0.15494591468813018,0.15494591468813163,0.15494591468812918,0.15494591468812774,0.15494591468812918,0.15494591468813163,0.15494591468813387,0.15494591468813163,0.15494591468813018,0.15494591468813163,0.15494591468813387,0.1535782207202025,0.15357822072019547,0.15357822072019106,0.15357822072019547,0.1535782207202025,0.15357822072019547,0.15357822072018826,0.15357822072018365,0.15357822072018826,0.15357822072019547,0.15357822072019106,0.15357822072018365,0.1535782207201788,0.15357822072018365,0.15357822072019106,0.15357822072019547,0.15357822072018826,0.15357822072018365,0.15357822072018826,0.15357822072019547,0.1535782207202025,0.15357822072019547,0.15357822072019106,0.15357822072019547,0.1535782207202025,0.15223780387304967,0.15223780387302838,0.1522378038730148,0.15223780387302838,0.15223780387304967,0.15223780387302838,0.15223780387300537,0.15223780387299063,0.15223780387300537,0.15223780387302838,0.1522378038730148,0.15223780387299063,0.15223780387297503,0.15223780387299063,0.1522378038730148,0.15223780387302838,0.15223780387300537,0.15223780387299063,0.15223780387300537,0.15223780387302838,0.15223780387304967,0.15223780387302838,0.1522378038730148,0.15223780387302838,0.15223780387304967,0.15092409295229836,0.15092409295223355,0.15092409295219247,0.15092409295223355,0.15092409295229836,0.15092409295223355,0.150924092952162,0.15092409295211567,0.150924092952162,0.15092409295223355,0.15092409295219247,0.15092409295211567,0.1509240929520663,0.15092409295211567,0.15092409295219247,0.15092409295223355,0.150924092952162,0.15092409295211567,0.150924092952162,0.15092409295223355,0.15092409295229836,0.15092409295223355,0.15092409295219247,0.15092409295223355,0.15092409295229836,0.1496365230963057,0.1496365230961125,0.14963652309598768,0.1496365230961125,0.1496365230963057,0.1496365230961125,0.14963652309589182,0.14963652309574585,0.14963652309589182,0.1496365230961125,0.14963652309598768,0.14963652309574585,0.1496365230955853,0.14963652309574585,0.14963652309598768,0.1496365230961125,0.14963652309589182,0.14963652309574585,0.14963652309589182,0.1496365230961125,0.1496365230963057,0.1496365230961125,0.14963652309598768,0.1496365230961125,0.1496365230963057,0.14837453636171,0.1483745363611438,0.14837453636076853,0.1483745363611438,0.14837453636171,0.1483745363611438,0.148374536360467,0.1483745363600016,0.148374536360467,0.1483745363611438,0.14837453636076853,0.1483745363600016,0.14837453635946382,0.1483745363600016,0.14837453636076853,0.1483745363611438,0.148374536360467,0.1483745363600016,0.148374536360467,0.1483745363611438,0.14837453636171,0.1483745363611438,0.14837453636076853,0.1483745363611438,0.14837453636171,0.14713758223209858,0.1471375822304842,0.147137582229369,0.1471375822304842,0.14713758223209858,0.1471375822304842,0.1471375822284273,0.14713758222691484,0.1471375822284273,0.1471375822304842,0.147137582229369,0.14713758222691484,0.14713758222502216,0.14713758222691484,0.147137582229369,0.1471375822304842,0.1471375822284273,0.14713758222691484,0.1471375822284273,0.1471375822304842,0.14713758223209858,0.1471375822304842,0.147137582229369,0.1471375822304842,0.14713758223209858,0.1459251180567319,0.14592511805232444,0.14592511804907887,0.14592511805232444,0.1459251180567319,0.14592511805232444,0.14592511804618852,0.14592511804116393,0.14592511804618852,0.14592511805232444,0.14592511804907887,0.14592511804116393,0.14592511803399097,0.14592511804116393,0.14592511804907887,0.14592511805232444,0.14592511804618852,0.14592511804116393,0.14592511804618852,0.14592511805232444,0.1459251180567319,0.14592511805232444,0.14592511804907887,0.14592511805232444,0.1459251180567319,0.144736609426226,0.14473660941501149,0.14473660940593264,0.14473660941501149,0.144736609426226,0.14473660941501149,0.1447366093974132,0.14473660938042357,0.1447366093974132,0.14473660941501149,0.14473660940593264,0.14473660938042357,0.14473660935034424,0.14473660938042357,0.14473660940593264,0.14473660941501149,0.1447366093974132,0.14473660938042357,0.1447366093974132,0.14473660941501149,0.144736609426226,0.14473660941501149,0.14473660940593264,0.14473660941501149,0.144736609426226,0.14357153049206076,0.14357153046673793,0.14357153044335463,0.14357153046673793,0.14357153049206076,0.14357153046673793,0.14357153042032902,0.14357153036356043,0.14357153042032902,0.14357153046673793,0.14357153044335463,0.14357153036356043,0.1435715302211192,0.14357153036356043,0.14357153044335463,0.14357153046673793,0.14357153042032902,0.14357153036356043,0.14357153042032902,0.14357153046673793,0.14357153049206076,0.14357153046673793,0.14357153044335463,0.14357153046673793,0.14357153049206076,0.14242936423486205,0.1424293641888433,0.1424293641391241,0.1424293641888433,0.14242936423486205,0.1424293641888433,0.1424293640883654,0.14242936392022837,0.1424293640883654,0.1424293641888433,0.1424293641391241,0.14242936392022837,0.14242936315510796,0.14242936392022837,0.1424293641391241,0.1424293641888433,0.1424293640883654,0.14242936392022837,0.1424293640883654,0.1424293641888433,0.14242936423486205,0.1424293641888433,0.1424293641391241,0.1424293641888433,0.14242936423486205,0.14130960267600062,0.1413096026215289,0.1413096025608846,0.1413096026215289,0.14130960267600062,0.1413096026215289,0.14130960249838564,0.14130960228899583,0.14130960249838564,0.1413096026215289,0.1413096025608846,0.14130960228899583,0.14130960136578605,0.14130960228899583,0.1413096025608846,0.1413096026215289,0.14130960249838564,0.14130960228899583,0.14130960249838564,0.1413096026215289,0.14130960267600062,0.1413096026215289,0.1413096025608846,0.1413096026215289,0.14130960267600062,0.14021174700777558,0.1402117469657497,0.14021174691598481,0.1402117469657497,0.14021174700777558,0.1402117469657497,0.14021174686416668,0.14021174667488387,0.14021174686416668,0.1402117469657497,0.14021174691598481,0.14021174667488387,0.1402117457393066,0.14021174667488387,0.14021174691598481,0.1402117469657497,0.14021174686416668,0.14021174667488387,0.14021174686416668,0.1402117469657497,0.14021174700777558,0.1402117469657497,0.14021174691598481,0.1402117469657497,0.14021174700777558,0.13913530770436197,0.13913530770100557,0.1391353076955251,0.13913530770100557,0.13913530770436197,0.13913530770100557,0.1391353076894204,0.1391353076654701,0.1391353076894204,0.13913530770100557,0.1391353076955251,0.1391353076654701,0.13913530757540765,0.1391353076654701,0.1391353076955251,0.13913530770100557,0.1391353076894204,0.1391353076654701,0.1391353076894204,0.13913530770100557,0.13913530770436197,0.13913530770100557,0.1391353076955251,0.13913530770100557,0.13913530770436197,0.1380798046035007,0.1380798046465112,0.1380798046914163,0.1380798046465112,0.1380798046035007,0.1380798046465112,0.13807980473740267,0.13807980486777124,0.13807980473740267,0.1380798046465112,0.1380798046914163,0.13807980486777124,0.138079805249143,0.13807980486777124,0.1380798046914163,0.1380798046465112,0.13807980473740267,0.13807980486777124,0.13807980473740267,0.1380798046465112,0.1380798046035007,0.1380798046465112,0.1380798046914163,0.1380798046465112,0.1380798046035007,0.1370447670049325,0.13704476708791777,0.13704476719029118,0.13704476708791777,0.1370447670049325,0.13704476708791777,0.13704476729686607,0.13704476772251503,0.13704476729686607,0.13704476708791777,0.13704476719029118,0.13704476772251503,0.1370447700983273,0.13704476772251503,0.13704476719029118,0.13704476708791777,0.13704476729686607,0.13704476772251503,0.13704476729686607,0.13704476708791777,0.1370447670049325,0.13704476708791777,0.13704476719029118,0.13704476708791777,0.1370447670049325,0.1360297337310251,0.1360297337901629,0.1360297338484572,0.1360297337901629,0.1360297337310251,0.1360297337901629,0.13602973390711312,0.13602973406453062,0.13602973390711312,0.1360297337901629,0.1360297338484572,0.13602973406453062,0.13602973450325453,0.13602973406453062,0.1360297338484572,0.1360297337901629,0.13602973390711312,0.13602973406453062,0.13602973390711312,0.1360297337901629,0.1360297337310251,0.1360297337901629,0.1360297338484572,0.1360297337901629,0.1360297337310251,0.13503425325107243,0.13503425328836072,0.13503425331924668,0.13503425328836072,0.13503425325107243,0.13503425328836072,0.13503425334862784,0.1350342534085956,0.13503425334862784,0.13503425328836072,0.13503425331924668,0.1350342534085956,0.13503425351796372,0.1350342534085956,0.13503425331924668,0.13503425328836072,0.13503425334862784,0.1350342534085956,0.13503425334862784,0.13503425328836072,0.13503425325107243,0.13503425328836072,0.13503425331924668,0.13503425328836072,0.13503425325107243
0.1653324875598624,0.1653324875598624,0.1653324875598624,0.1653324875598624,0.1653324875598624,0.1653324875598624,0.1653324875598624,0.1653324875598624,0.1653324875598624,0.1653324875598624,0.1653324875598624,0.1653324875598624,0.1653324875598624,0.1653324875598624,0.1653324875598624,0.1653324875598624,0.1653324875598624,0.1653324875598624,0.1653324875598624,0.1653324875598624,0.1653324875598624,0.1653324875598624,0.1653324875598624,0.1653324875598624,0.1653324875598624,0.16375749384555843,0.16375749384555843,0.16375749384555843,0.16375749384555843,0.16375749384555843,0.16375749384555843,0.16375749384555843,0.16375749384555843,0.16375749384555843,0.16375749384555843,0.16375749384555843,0.16375749384555843,0.16375749384555843,0.16375749384555843,0.16375749384555843,0.16375749384555843,0.16375749384555843,0.16375749384555843,0.16375749384555843,0.16375749384555843,0.16375749384555843,0.16375749384555843,0.16375749384555843,0.16375749384555843,0.16375749384555843,0.16221388406306758,0.16221388406306758,0.16221388406306758,0.16221388406306758,0.16221388406306758,0.16221388406306758,0.16221388406306758,0.16221388406306758,0.16221388406306758,0.16221388406306758,0.16221388406306758,0.16221388406306758,0.16221388406306758,0.16221388406306758,0.16221388406306758,0.16221388406306758,0.16221388406306758,0.16221388406306758,0.16221388406306758,0.16221388406306758,0.16221388406306758,0.16221388406306758,0.16221388406306758,0.16221388406306758,0.16221388406306758,0.1607010671694302,0.1607010671694302,0.1607010671694302,0.1607010671694302,0.1607010671694302,0.1607010671694302,0.1607010671694302,0.16070106716943,0.1607010671694302,0.1607010671694302,0.1607010671694302,0.16070106716943,0.16070106716943,0.16070106716943,0.1607010671694302,0.1607010671694302,0.1607010671694302,0.16070106716943,0.1607010671694302,0.1607010671694302,0.1607010671694302,0.1607010671694302,0.1607010671694302,0.1607010671694302,0.1607010671694302,0.1592184515396242,0.15921845153962397,0.15921845153962397,0.15921845153962397,0.1592184515396242,0.15921845153962397,0.15921845153962397,0.15921845153962397,0.15921845153962397,0.15921845153962397,0.15921845153962397,0.15921845153962397,0.15921845153962397,0.15921845153962397,0.15921845153962397,0.15921845153962397,0.15921845153962397,0.15921845153962397,0.15921845153962397,0.15921845153962397,0.1592184515396242,0.15921845153962397,0.15921845153962397,0.15921845153962397,0.1592184515396242,0.15776544631841666,0.15776544631841624,0.15776544631841624,0.15776544631841624,0.15776544631841666,0.15776544631841624,0.15776544631841605,0.15776544631841605,0.15776544631841605,0.15776544631841624,0.15776544631841624,0.15776544631841605,0.15776544631841583,0.15776544631841605,0.15776544631841624,0.15776544631841624,0.15776544631841605,0.15776544631841605,0.15776544631841605,0.15776544631841624,0.15776544631841666,0.15776544631841624,0.15776544631841624,0.15776544631841624,0.15776544631841666,0.1563414626346868,0.15634146263468593,0.1563414626346855,0.15634146263468593,0.1563414626346868,0.15634146263468593,0.15634146263468532,0.15634146263468465,0.15634146263468532,0.15634146263468593,0.1563414626346855,0.15634146263468465,0.15634146263468426,0.15634146263468465,0.1563414626346855,0.15634146263468593,0.15634146263468532,0.15634146263468465,0.15634146263468532,0.15634146263468593,0.1563414626346868,0.15634146263468593,0.1563414626346855,0.15634146263468593,0.1563414626346868,0.15494591468848679,0.1549459146884845,0.1549459146884831,0.1549459146884845,0.15494591468848679,0.1549459146884845,0.15494591468848226,0.1549459146884806,0.15494591468848226,0.1549459146884845,0.1549459146884831,0.1549459146884806,0.15494591468847918,0.1549459146884806,0.1549459146884831,0.1549459146884845,0.15494591468848226,0.1549459146884806,0.15494591468848226,0.1549459146884845,0.15494591468848679,0.1549459146884845,0.1549459146884831,0.1549459146884845,0.15494591468848679,0.15357822072054836,0.15357822072054153,0.15357822072053712,0.15357822072054153,0.15357822072054836,0.15357822072054153,0.15357822072053412,0.15357822072052948,0.15357822072053412,0.15357822072054134,0.15357822072053712,0.15357822072052948,0.15357822072052466,0.15357822072052948,0.15357822072053712,0.15357822072054153,0.15357822072053412,0.15357822072052948,0.15357822072053412,0.15357822072054153,0.15357822072054836,0.15357822072054134,0.15357822072053712,0.15357822072054153,0.15357822072054836,0.15223780387338862,0.15223780387336736,0.15223780387335378,0.15223780387336736,0.15223780387338862,0.15223780387336736,0.15223780387334435,0.15223780387332958,0.15223780387334435,0.15223780387336736,0.15223780387335378,0.15223780387332958,0.152237803873314,0.15223780387332958,0.15223780387335378,0.15223780387336736,0.15223780387334435,0.15223780387332958,0.15223780387334435,0.15223780387336736,0.15223780387338862,0.15223780387336736,0.15223780387335378,0.15223780387336736,0.15223780387338862,0.15092409295263057,0.15092409295256576,0.15092409295252468,0.15092409295256576,0.15092409295263057,0.15092409295256576,0.15092409295249418,0.15092409295244807,0.15092409295249418,0.15092409295256576,0.15092409295252468,0.15092409295244807,0.15092409295239848,0.15092409295244807,0.15092409295252468,0.15092409295256576,0.15092409295249418,0.15092409295244807,0.15092409295249418,0.15092409295256576,0.15092409295263057,0.15092409295256576,0.15092409295252468,0.15092409295256576,0.15092409295263057,0.14963652309663095,0.14963652309643788,0.14963652309631328,0.14963652309643788,0.14963652309663095,0.14963652309643788,0.14963652309621742,0.14963652309607164,0.14963652309621742,0.14963652309643788,0.14963652309631328,0.14963652309607164,0.1496365230959111,0.14963652309607164,0.14963652309631328,0.14963652309643788,0.14963652309621742,0.14963652309607164,0.14963652309621742,0.14963652309643788,0.14963652309663095,0.14963652309643788,0.14963652309631328,0.14963652309643788,0.14963652309663095,0.1483745363620284,0.14837453636146258,0.14837453636108766,0.14837453636146258,0.1483745363620284,0.14837453636146258,0.14837453636078632,0.14837453636032133,0.14837453636078632,0.14837453636146258,0.14837453636108766,0.14837453636032133,0.14837453635978387,0.14837453636032133,0.14837453636108766,0.14837453636146258,0.14837453636078632,0.14837453636032133,0.14837453636078632,0.14837453636146258,0.1483745363620284,0.14837453636146258,0.14837453636108766,0.14837453636146258,0.1483745363620284,0.14713758223240922,0.14713758223079593,0.14713758222968162,0.14713758223079593,0.14713758223240922,0.14713758223079593,0.14713758222874065,0.14713758222722928,0.14713758222874065,0.14713758223079593,0.14713758222968162,0.14713758222722928,0.1471375822253382,0.14713758222722928,0.14713758222968162,0.14713758223079593,0.14713758222874065,0.14713758222722928,0.14713758222874065,0.14713758223079593,0.14713758223240922,0.14713758223079593,0.14713758222968162,0.14713758223079593,0.14713758223240922,0.1459251180570323,0.14592511805262823,0.14592511804938516,0.14592511805262823,0.1459251180570323,0.14592511805262823,0.14592511804649694,0.14592511804147607,0.14592511804649694,0.14592511805262823,0.14592511804938516,0.14592511804147607,0.1459251180343086,0.14592511804147607,0.14592511804938516,0.14592511805262823,0.14592511804649694,0.14592511804147607,0.14592511804649694,0.14592511805262823,0.1459251180570323,0.14592511805262823,0.14592511804938516,0.14592511805262823,0.1459251180570323,0.1447366094265091,0.1447366094153035,0.14473660940623162,0.1447366094153035,0.1447366094265091,0.1447366094153035,0.14473660939771865,0.14473660938074176,0.14473660939771865,0.1447366094153035,0.14473660940623162,0.14473660938074176,0.1447366093506846,0.14473660938074176,0.14473660940623162,0.1447366094153035,0.14473660939771865,0.14473660938074176,0.14473660939771865,0.1447366094153035,0.1447366094265091,0.1447366094153035,0.14473660940623162,0.1447366094153035,0.1447366094265091,0.14357153049230886,0.14357153046700605,0.14357153044364093,0.14357153046700605,0.14357153049230886,0.14357153046700605,0.1435715304206329,0.1435715303639071,0.1435715304206329,0.14357153046700605,0.14357153044364093,0.1435715303639071,0.14357153022156957,0.1435715303639071,0.14357153044364093,0.14357153046700605,0.1435715304206329,0.1435715303639071,0.1435715304206329,0.14357153046700605,0.14357153049230886,0.14357153046700605,0.14357153044364093,0.14357153046700605,0.14357153049230886,0.1424293642350333,0.14242936418905217,0.1424293641393727,0.14242936418905217,0.1424293642350333,0.14242936418905217,0.14242936408865442,0.14242936392064542,0.14242936408865442,0.14242936418905217,0.1424293641393727,0.14242936392064542,0.14242936315605897,0.14242936392064542,0.1424293641393727,0.14242936418905217,0.14242936408865442,0.14242936392064542,0.14242936408865442,0.14242936418905217,0.1424293642350333,0.14242936418905217,0.1424293641393727,0.14242936418905217,0.1424293642350333,0.14130960267601592,0.14130960262159337,0.14130960256100367,0.14130960262159337,0.14130960267601592,0.14130960262159337,0.14130960249856062,0.14130960228935668,0.14130960249856062,0.14130960262159337,0.14130960256100367,0.14130960228935668,0.14130960136693962,0.14130960228935668,0.14130960256100367,0.14130960262159337,0.14130960249856062,0.14130960228935668,0.14130960249856062,0.14130960262159337,0.14130960267601592,0.14130960262159337,0.14130960256100367,0.14130960262159337,0.14130960267601592,0.14021174700753114,0.1402117469655483,0.14021174691583532,0.1402117469655483,0.14021174700753114,0.1402117469655483,0.14021174686407123,0.1402117466749924,0.14021174686407123,0.1402117469655483,0.14021174691583532,0.1402117466749924,0.14021174574045842,0.1402117466749924,0.14021174691583532,0.1402117469655483,0.14021174686407123,0.1402117466749924,0.14021174686407123,0.1402117469655483,0.14021174700753114,0.1402117469655483,0.14021174691583532,0.1402117469655483,0.14021174700753114,0.13913530770376573,0.139135307700416,0.1391353076949445,0.139135307700416,0.13913530770376573,0.139135307700416,0.1391353076888493,0.13913530766493218,0.1391353076888493,0.139135307700416,0.1391353076949445,0.13913530766493218,0.13913530757498535,0.13913530766493218,0.1391353076949445,0.139135307700416,0.1391353076888493,0.13913530766493218,0.1391353076888493,0.139135307700416,0.13913530770376573,0.139135307700416,0.1391353076949445,0.139135307700416,0.13913530770376573,0.13807980460253402,0.13807980464550698,0.13807980469037273,0.13807980464550698,0.13807980460253402,0.13807980464550698,0.13807980473631892,0.13807980486657198,0.13807980473631892,0.13807980464550698,0.13807980469037273,0.13807980486657198,0.13807980524760283,0.13807980486657198,0.13807980469037273,0.13807980464550698,0.13807980473631892,0.13807980486657198,0.13807980473631892,0.13807980464550698,0.13807980460253402,0.13807980464550698,0.13807980469037273,0.13807980464550698,0.13807980460253402,0.13704476700366722,0.13704476708657753,0.13704476718885822,0.13704476708657753,0.13704476700366722,0.13704476708657753,0.13704476729533654,0.1370447677205986,0.13704476729533654,0.13704476708657753,0.13704476718885822,0.1370447677205986,0.13704477009422922,0.1370447677205986,0.13704476718885822,0.13704476708657753,0.13704476729533654,0.1370447677205986,0.13704476729533654,0.13704476708657753,0.13704476700366722,0.13704476708657753,0.13704476718885822,0.13704476708657753,0.13704476700366722,0.1360297337296114,0.13602973378869554,0.13602973384693692,0.13602973378869554,0.1360297337296114,0.13602973378869554,0.13602973390553957,0.13602973406281396,0.13602973390553957,0.13602973378869554,0.13602973384693692,0.13602973406281396,0.13602973450113842,0.13602973406281396,0.13602973384693692,0.13602973378869554,0.13602973390553957,0.13602973406281396,0.13602973390553957,0.13602973378869554,0.1360297337296114,0.13602973378869554,0.13602973384693692,0.13602973378869554,0.1360297337296114,0.1350342532496181,0.13503425328687274,0.13503425331773047,0.13503425328687274,0.1350342532496181,0.13503425328687274,0.13503425334708502,0.13503425340699823,0.13503425334708502,0.13503425328687274,0.13503425331773047,0.13503425340699823,0.13503425351626677,0.13503425340699823,0.13503425331773047,0.13503425328687274,0.13503425334708502,0.13503425340699823,0.13503425334708502,0.13503425328687274,0.1350342532496181,0.13503425328687274,0.13503425331773047,0.13503425328687274,0.1350342532496181
0.16533248756026855,0.16533248756026855,0.16533248756026855,0.16533248756026855,0.16533248756026855,0.16533248756026855,0.16533248756026855,0.16533248756026855,0.16533248756026855,0.16533248756026855,0.16533248756026855,0.16533248756026855,0.16533248756026855,0.16533248756026855,0.16533248756026855,0.16533248756026855,0.16533248756026855,0.16533248756026855,0.16533248756026855,0.16533248756026855,0.16533248756026855,0.16533248756026855,0.16533248756026855,0.16533248756026855,0.16533248756026855,0.16375749384595625,0.16375749384595625,0.16375749384595625,0.16375749384595625,0.16375749384595625,0.16375749384595625,0.16375749384595625,0.16375749384595625,0.16375749384595625,0.16375749384595625,0.16375749384595625,0.16375749384595625,0.16375749384595625,0.16375749384595625,0.16375749384595625,0.16375749384595625,0.16375749384595625,0.16375749384595625,0.16375749384595625,0.16375749384595625,0.16375749384595625,0.16375749384595625,0.16375749384595625,0.16375749384595625,0.16375749384595625,0.1622138840634575,0.1622138840634575,0.1622138840634575,0.1622138840634575,0.1622138840634575,0.1622138840634575,0.1622138840634575,0.1622138840634575,0.1622138840634575,0.1622138840634575,0.1622138840634575,0.1622138840634575,0.1622138840634575,0.1622138840634575,0.1622138840634575,0.1622138840634575,0.1622138840634575,0.1622138840634575,0.1622138840634575,0.1622138840634575,0.1622138840634575,0.1622138840634575,0.1622138840634575,0.1622138840634575,0.1622138840634575,0.16070106716981233,0.16070106716981233,0.16070106716981233,0.16070106716981233,0.16070106716981233,0.16070106716981233,0.16070106716981233,0.16070106716981233,0.16070106716981233,0.16070106716981233,0.16070106716981233,0.16070106716981233,0.16070106716981233,0.16070106716981233,0.16070106716981233,0.16070106716981233,0.16070106716981233,0.16070106716981233,0.16070106716981233,0.16070106716981233,0.16070106716981233,0.16070106716981233,0.16070106716981233,0.16070106716981233,0.16070106716981233,0.15921845153999864,0.15921845153999864,0.15921845153999845,0.15921845153999864,0.15921845153999864,0.15921845153999864,0.15921845153999845,0.15921845153999845,0.15921845153999845,0.15921845153999864,0.15921845153999845,0.15921845153999845,0.15921845153999845,0.15921845153999845,0.15921845153999845,0.15921845153999864,0.15921845153999845,0.15921845153999845,0.15921845153999845,0.15921845153999864,0.15921845153999864,0.15921845153999864,0.15921845153999845,0.15921845153999864,0.15921845153999864,0.15776544631878367,0.15776544631878345,0.15776544631878323,0.15776544631878323,0.15776544631878367,0.15776544631878345,0.15776544631878303,0.15776544631878303,0.15776544631878303,0.15776544631878323,0.15776544631878323,0.15776544631878303,0.1577654463187828,0.15776544631878303,0.15776544631878323,0.15776544631878323,0.15776544631878303,0.15776544631878303,0.15776544631878303,0.15776544631878345,0.15776544631878367,0.15776544631878323,0.15776544631878323,0.15776544631878345,0.15776544631878367,0.15634146263504642,0.15634146263504559,0.15634146263504517,0.15634146263504559,0.15634146263504642,0.15634146263504559,0.15634146263504475,0.15634146263504434,0.15634146263504475,0.15634146263504559,0.15634146263504517,0.15634146263504434,0.15634146263504395,0.15634146263504434,0.15634146263504517,0.15634146263504559,0.15634146263504475,0.15634146263504434,0.15634146263504475,0.15634146263504559,0.15634146263504642,0.15634146263504559,0.15634146263504517,0.15634146263504559,0.15634146263504642,0.15494591468883925,0.154945914688837,0.15494591468883556,0.154945914688837,0.15494591468883925,0.154945914688837,0.15494591468883454,0.1549459146888331,0.15494591468883454,0.154945914688837,0.15494591468883556,0.1549459146888331,0.15494591468883168,0.1549459146888331,0.15494591468883556,0.154945914688837,0.15494591468883454,0.1549459146888331,0.15494591468883454,0.154945914688837,0.15494591468883925,0.154945914688837,0.15494591468883556,0.154945914688837,0.15494591468883925,0.1535782207208938,0.15357822072088678,0.1535782207208824,0.15357822072088678,0.1535782207208938,0.15357822072088678,0.15357822072087934,0.15357822072087476,0.15357822072087934,0.15357822072088678,0.1535782207208824,0.15357822072087476,0.15357822072086993,0.15357822072087476,0.1535782207208824,0.15357822072088678,0.15357822072087934,0.15357822072087476,0.15357822072087934,0.15357822072088678,0.1535782207208938,0.15357822072088678,0.1535782207208824,0.15357822072088678,0.1535782207208938,0.15223780387372718,0.15223780387370572,0.15223780387369235,0.15223780387370572,0.15223780387372718,0.15223780387370572,0.1522378038736827,0.15223780387366795,0.1522378038736827,0.15223780387370572,0.15223780387369235,0.15223780387366795,0.15223780387365238,0.15223780387366795,0.15223780387369235,0.15223780387370572,0.1522378038736827,0.15223780387366795,0.1522378038736827,0.15223780387370572,0.15223780387372718,0.15223780387370572,0.15223780387369235,0.15223780387370572,0.15223780387372718,0.150924092952962,0.15092409295289738,0.1509240929528563,0.15092409295289738,0.150924092952962,0.15092409295289738,0.150924092952826,0.1509240929527797,0.150924092952826,0.15092409295289738,0.1509240929528563,0.1509240929527797,0.15092409295273032,0.1509240929527797,0.1509240929528563,0.15092409295289738,0.150924092952826,0.1509240929527797,0.150924092952826,0.15092409295289738,0.150924092952962,0.15092409295289738,0.1509240929528563,0.15092409295289738,0.150924092952962,0.1496365230969558,0.14963652309676273,0.1496365230966383,0.14963652309676273,0.1496365230969558,0.14963652309676273,0.14963652309654246,0.14963652309639686,0.14963652309654246,0.14963652309676273,0.1496365230966383,0.14963652309639686,0.1496365230962365,0.14963652309639686,0.1496365230966383,0.14963652309676273,0.14963652309654246,0.14963652309639686,0.14963652309654246,0.14963652309676273,0.1496365230969558,0.14963652309676273,0.1496365230966383,0.14963652309676273,0.1496365230969558,0.14837453636234624,0.1483745363617808,0.14837453636140607,0.1483745363617808,0.14837453636234624,0.1483745363617808,0.1483745363611051,0.1483745363606403,0.1483745363611051,0.1483745363617808,0.14837453636140607,0.1483745363606403,0.1483745363601034,0.1483745363606403,0.14837453636140607,0.1483745363617808,0.1483745363611051,0.1483745363606403,0.1483745363611051,0.1483745363617808,0.14837453636234624,0.1483745363617808,0.14837453636140607,0.1483745363617808,0.14837453636234624,0.14713758223271914,0.1471375822311073,0.1471375822299937,0.1471375822311073,0.14713758223271914,0.1471375822311073,0.14713758222905368,0.14713758222754336,0.14713758222905368,0.1471375822311073,0.1471375822299937,0.14713758222754336,0.1471375822256536,0.14713758222754336,0.1471375822299937,0.1471375822311073,0.14713758222905368,0.14713758222754336,0.14713758222905368,0.1471375822311073,0.14713758223271914,0.1471375822311073,0.1471375822299937,0.1471375822311073,0.14713758223271914,0.14592511805733213,0.14592511805293146,0.14592511804969088,0.14592511805293146,0.14592511805733213,0.14592511805293146,0.145925118046805,0.14592511804178787,0.145925118046805,0.14592511805293146,0.14592511804969088,0.14592511804178787,0.14592511803462557,0.14592511804178787,0.14592511804969088,0.14592511805293146,0.145925118046805,0.14592511804178787,0.145925118046805,0.14592511805293146,0.14592511805733213,0.14592511805293146,0.14592511804969088,0.14592511805293146,0.14592511805733213,0.14473660942679187,0.144736609415595,0.1447366094065301,0.144736609415595,0.14473660942679187,0.144736609415595,0.1447366093980236,0.14473660938105945,0.1447366093980236,0.144736609415595,0.1447366094065301,0.14473660938105945,0.1447366093510243,0.14473660938105945,0.1447366094065301,0.144736609415595,0.1447366093980236,0.14473660938105945,0.1447366093980236,0.144736609415595,0.14473660942679187,0.144736609415595,0.1447366094065301,0.144736609415595,0.14473660942679187,0.14357153049255647,0.14357153046727367,0.14357153044392668,0.14357153046727367,0.14357153049255647,0.14357153046727367,0.14357153042093646,0.1435715303642533,0.14357153042093646,0.14357153046727367,0.14357153044392668,0.1435715303642533,0.14357153022201943,0.1435715303642533,0.14357153044392668,0.14357153046727367,0.14357153042093646,0.1435715303642533,0.14357153042093646,0.14357153046727367,0.14357153049255647,0.14357153046727367,0.14357153044392668,0.14357153046727367,0.14357153049255647,0.14242936423520408,0.14242936418926083,0.142429364139621,0.14242936418926083,0.14242936423520408,0.14242936418926083,0.14242936408894297,0.14242936392106179,0.14242936408894297,0.14242936418926083,0.142429364139621,0.14242936392106179,0.14242936315704383,0.14242936392106179,0.142429364139621,0.14242936418926083,0.14242936408894297,0.14242936392106179,0.14242936408894297,0.14242936418926083,0.14242936423520408,0.14242936418926083,0.142429364139621,0.14242936418926083,0.14242936423520408,0.14130960267603088,0.14130960262165768,0.14130960256112227,0.14130960262165768,0.14130960267603088,0.14130960262165768,0.14130960249873528,0.14130960228971684,0.14130960249873528,0.14130960262165768,0.14130960256112227,0.14130960228971684,0.1413096013681126,0.14130960228971684,0.14130960256112227,0.14130960262165768,0.14130960249873528,0.14130960228971684,0.14130960249873528,0.14130960262165768,0.14130960267603088,0.14130960262165768,0.14130960256112227,0.14130960262165768,0.14130960267603088,0.14021174700728684,0.14021174696534688,0.1402117469156857,0.14021174696534688,0.14021174700728684,0.14021174696534688,0.14021174686397575,0.1402117466751001,0.14021174686397575,0.14021174696534688,0.1402117469156857,0.1402117466751001,0.14021174574160364,0.1402117466751001,0.1402117469156857,0.14021174696534688,0.14021174686397575,0.1402117466751001,0.14021174686397575,0.14021174696534688,0.14021174700728684,0.14021174696534688,0.1402117469156857,0.14021174696534688,0.14021174700728684,0.13913530770316998,0.13913530769982702,0.13913530769436425,0.13913530769982702,0.13913530770316998,0.13913530769982702,0.13913530768827867,0.1391353076643946,0.13913530768827867,0.13913530769982702,0.13913530769436425,0.1391353076643946,0.13913530757456288,0.1391353076643946,0.13913530769436425,0.13913530769982702,0.13913530768827867,0.1391353076643946,0.13913530768827867,0.13913530769982702,0.13913530770316998,0.13913530769982702,0.13913530769436425,0.13913530769982702,0.13913530770316998,0.13807980460156827,0.13807980464450403,0.1380798046893305,0.13807980464450403,0.13807980460156827,0.13807980464450403,0.13807980473523643,0.13807980486537413,0.13807980473523643,0.13807980464450403,0.1380798046893305,0.13807980486537413,0.1380798052460645,0.13807980486537413,0.1380798046893305,0.13807980464450403,0.13807980473523643,0.13807980486537413,0.13807980473523643,0.13807980464450403,0.13807980460156827,0.13807980464450403,0.1380798046893305,0.13807980464450403,0.13807980460156827,0.13704476700240348,0.137044767085239,0.1370447671874272,0.137044767085239,0.13704476700240348,0.137044767085239,0.13704476729380902,0.13704476771868454,0.13704476729380902,0.137044767085239,0.1370447671874272,0.13704476771868454,0.13704477009016777,0.13704476771868454,0.1370447671874272,0.137044767085239,0.13704476729380902,0.13704476771868454,0.13704476729380902,0.137044767085239,0.13704476700240348,0.137044767085239,0.1370447671874272,0.137044767085239,0.13704476700240348,0.13602973372819951,0.13602973378723013,0.13602973384541872,0.13602973378723013,0.13602973372819938,0.13602973378723013,0.136029733903968,0.13602973406109956,0.136029733903968,0.13602973378723013,0.13602973384541872,0.13602973406109956,0.13602973449902497,0.13602973406109956,0.13602973384541872,0.13602973378723013,0.136029733903968,0.13602973406109956,0.136029733903968,0.13602973378723013,0.13602973372819938,0.13602973378723013,0.13602973384541872,0.13602973378723013,0.13602973372819938,0.1350342532481658,0.1350342532853865,0.13503425331621632,0.1350342532853865,0.1350342532481658,0.1350342532853865,0.1350342533455441,0.1350342534054029,0.1350342533455441,0.1350342532853865,0.13503425331621632,0.1350342534054029,0.13503425351457202,0.1350342534054029,0.13503425331621632,0.1350342532853865,0.1350342533455441,0.1350342534054029,0.1350342533455441,0.1350342532853865,0.1350342532481658,0.1350342532853865,0.13503425331621632,0.1350342532853865,0.1350342532481658
0.16533248756067398,0.16533248756067398,0.16533248756067398,0.16533248756067398,0.16533248756067398,0.16533248756067398,0.16533248756067398,0.16533248756067398,0.16533248756067398,0.16533248756067398,0.16533248756067398,0.16533248756067398,0.16533248756067398,0.16533248756067398,0.16533248756067398,0.16533248756067398,0.16533248756067398,0.16533248756067398,0.16533248756067398,0.16533248756067398,0.16533248756067398,0.16533248756067398,0.16533248756067398,0.16533248756067398,0.16533248756067398,0.16375749384635382,0.16375749384635382,0.16375749384635382,0.16375749384635382,0.16375749384635382,0.16375749384635382,0.16375749384635382,0.16375749384635382,0.1637574938463536,0.16375749384635382,0.16375749384635382,0.16375749384635382,0.16375749384635382,0.16375749384635382,0.16375749384635382,0.16375749384635382,0.1637574938463536,0.16375749384635382,0.16375749384635382,0.16375749384635382,0.16375749384635382,0.16375749384635382,0.16375749384635382,0.16375749384635382,0.16375749384635382,0.16221388406384693,0.16221388406384693,0.16221388406384693,0.16221388406384693,0.16221388406384693,0.16221388406384693,0.16221388406384693,0.16221388406384693,0.16221388406384693,0.16221388406384693,0.16221388406384693,0.16221388406384693,0.16221388406384693,0.16221388406384693,0.16221388406384693,0.16221388406384693,0.16221388406384693,0.16221388406384693,0.16221388406384693,0.16221388406384693,0.16221388406384693,0.16221388406384693,0.16221388406384693,0.16221388406384693,0.16221388406384693,0.16070106717019397,0.16070106717019397,0.16070106717019397,0.16070106717019397,0.16070106717019397,0.16070106717019397,0.16070106717019397,0.16070106717019397,0.16070106717019397,0.16070106717019397,0.16070106717019397,0.16070106717019397,0.16070106717019397,0.16070106717019397,0.16070106717019397,0.16070106717019397,0.16070106717019397,0.16070106717019397,0.16070106717019397,0.16070106717019397,0.16070106717019397,0.16070106717019397,0.16070106717019397,0.16070106717019397,0.16070106717019397,0.1592184515403727,0.1592184515403727,0.1592184515403725,0.1592184515403727,0.1592184515403727,0.1592184515403727,0.1592184515403725,0.1592184515403725,0.1592184515403725,0.1592184515403727,0.1592184515403725,0.1592184515403725,0.1592184515403725,0.1592184515403725,0.1592184515403725,0.1592184515403727,0.1592184515403725,0.1592184515403725,0.1592184515403725,0.1592184515403727,0.1592184515403727,0.1592184515403727,0.1592184515403725,0.1592184515403727,0.1592184515403727,0.15776544631915024,0.15776544631914982,0.15776544631914982,0.15776544631914982,0.15776544631915024,0.15776544631914982,0.1577654463191496,0.1577654463191496,0.1577654463191496,0.15776544631914982,0.15776544631914982,0.1577654463191496,0.15776544631914938,0.1577654463191496,0.15776544631914982,0.15776544631914982,0.1577654463191496,0.1577654463191496,0.1577654463191496,0.15776544631914982,0.15776544631915024,0.15776544631914982,0.15776544631914982,0.15776544631914982,0.15776544631915024,0.15634146263540546,0.15634146263540483,0.1563414626354044,0.15634146263540483,0.15634146263540546,0.15634146263540483,0.15634146263540402,0.15634146263540358,0.15634146263540402,0.15634146263540483,0.1563414626354044,0.15634146263540358,0.15634146263540316,0.15634146263540358,0.1563414626354044,0.15634146263540483,0.15634146263540402,0.15634146263540358,0.15634146263540402,0.15634146263540483,0.15634146263540546,0.15634146263540483,0.1563414626354044,0.15634146263540483,0.15634146263540546,0.1549459146891913,0.15494591468918906,0.1549459146891876,0.15494591468918906,0.1549459146891913,0.15494591468918906,0.15494591468918661,0.15494591468918517,0.15494591468918661,0.15494591468918906,0.1549459146891876,0.15494591468918517,0.15494591468918373,0.15494591468918517,0.1549459146891876,0.15494591468918906,0.15494591468918661,0.15494591468918517,0.15494591468918661,0.15494591468918906,0.1549459146891913,0.15494591468918906,0.1549459146891876,0.15494591468918906,0.1549459146891913,0.15357822072123867,0.15357822072123184,0.15357822072122743,0.15357822072123184,0.15357822072123867,0.15357822072123184,0.1535782207212244,0.1535782207212198,0.1535782207212244,0.15357822072123184,0.15357822072122743,0.1535782207212198,0.153578220721215,0.1535782207212198,0.15357822072122743,0.15357822072123184,0.1535782207212244,0.1535782207212198,0.1535782207212244,0.15357822072123184,0.15357822072123867,0.15357822072123184,0.15357822072122743,0.15357822072123184,0.15357822072123867,0.15223780387406516,0.15223780387404368,0.15223780387403033,0.15223780387404368,0.15223780387406516,0.15223780387404368,0.15223780387402086,0.1522378038740061,0.15223780387402086,0.15223780387404368,0.15223780387403033,0.1522378038740061,0.15223780387399055,0.1522378038740061,0.15223780387403033,0.15223780387404368,0.15223780387402086,0.1522378038740061,0.15223780387402086,0.15223780387404368,0.15223780387406516,0.15223780387404368,0.15223780387403033,0.15223780387404368,0.15223780387406516,0.15092409295329326,0.15092409295322864,0.15092409295318754,0.15092409295322864,0.15092409295329326,0.15092409295322864,0.15092409295315726,0.15092409295311096,0.15092409295315726,0.15092409295322864,0.15092409295318754,0.15092409295311096,0.15092409295306156,0.15092409295311096,0.15092409295318754,0.15092409295322864,0.15092409295315726,0.15092409295311096,0.15092409295315726,0.15092409295322864,0.15092409295329326,0.15092409295322864,0.15092409295318754,0.15092409295322864,0.15092409295329326,0.14963652309728026,0.1496365230970874,0.149636523096963,0.1496365230970874,0.14963652309728026,0.1496365230970874,0.1496365230968671,0.14963652309672168,0.1496365230968671,0.1496365230970874,0.149636523096963,0.14963652309672168,0.14963652309656136,0.14963652309672168,0.149636523096963,0.1496365230970874,0.1496365230968671,0.14963652309672168,0.1496365230968671,0.1496365230970874,0.14963652309728026,0.1496365230970874,0.149636523096963,0.1496365230970874,0.14963652309728026,0.1483745363626637,0.14837453636209863,0.1483745363617243,0.14837453636209863,0.1483745363626637,0.14837453636209863,0.14837453636142348,0.14837453636095904,0.14837453636142348,0.14837453636209863,0.1483745363617243,0.14837453636095904,0.14837453636042253,0.14837453636095904,0.1483745363617243,0.14837453636209863,0.14837453636142348,0.14837453636095904,0.14837453636142348,0.14837453636209863,0.1483745363626637,0.14837453636209863,0.1483745363617243,0.14837453636209863,0.1483745363626637,0.14713758223302886,0.1471375822314181,0.14713758223030562,0.1471375822314181,0.14713758223302886,0.1471375822314181,0.14713758222936607,0.1471375822278569,0.14713758222936607,0.1471375822314181,0.14713758223030562,0.1471375822278569,0.14713758222596857,0.1471375822278569,0.14713758223030562,0.1471375822314181,0.14713758222936607,0.1471375822278569,0.14713758222936607,0.1471375822314181,0.14713758223302886,0.1471375822314181,0.14713758223030562,0.1471375822314181,0.14713758223302886,0.14592511805763184,0.14592511805323435,0.14592511804999625,0.14592511805323435,0.14592511805763184,0.14592511805323435,0.1459251180471125,0.1459251180420993,0.1459251180471125,0.14592511805323435,0.14592511804999625,0.1459251180420993,0.14592511803494237,0.1459251180420993,0.14592511804999625,0.14592511805323435,0.1459251180471125,0.1459251180420993,0.1459251180471125,0.14592511805323435,0.14592511805763184,0.14592511805323435,0.14592511804999625,0.14592511805323435,0.14592511805763184,0.14473660942707445,0.14473660941588617,0.14473660940682823,0.14473660941588617,0.14473660942707445,0.14473660941588617,0.1447366093983282,0.14473660938137678,0.1447366093983282,0.14473660941588617,0.14473660940682823,0.14473660938137678,0.1447366093513638,0.14473660938137678,0.14473660940682823,0.14473660941588617,0.1447366093983282,0.14473660938137678,0.1447366093983282,0.14473660941588617,0.14473660942707445,0.14473660941588617,0.14473660940682823,0.14473660941588617,0.14473660942707445,0.14357153049280372,0.14357153046754112,0.14357153044421228,0.14357153046754112,0.14357153049280372,0.14357153046754112,0.14357153042123968,0.1435715303645991,0.14357153042123968,0.14357153046754112,0.14357153044421228,0.1435715303645991,0.14357153022246877,0.1435715303645991,0.14357153044421228,0.14357153046754112,0.14357153042123968,0.1435715303645991,0.14357153042123968,0.14357153046754112,0.14357153049280372,0.14357153046754112,0.14357153044421228,0.14357153046754112,0.14357153049280372,0.1424293642353747,0.14242936418946903,0.14242936413986895,0.14242936418946903,0.1424293642353747,0.14242936418946903,0.14242936408923115,0.1424293639214778,0.14242936408923115,0.14242936418946903,0.14242936413986895,0.1424293639214778,0.14242936315801677,0.1424293639214778,0.14242936413986895,0.14242936418946903,0.14242936408923115,0.1424293639214778,0.14242936408923115,0.14242936418946903,0.1424293642353747,0.14242936418946903,0.14242936413986895,0.14242936418946903,0.1424293642353747,0.14130960267604584,0.14130960262172182,0.14130960256124067,0.14130960262172182,0.14130960267604584,0.14130960262172182,0.14130960249890978,0.14130960229007639,0.14130960249890978,0.14130960262172182,0.14130960256124067,0.14130960229007639,0.14130960136926204,0.14130960229007639,0.14130960256124067,0.14130960262172182,0.14130960249890978,0.14130960229007639,0.14130960249890978,0.14130960262172182,0.14130960267604584,0.14130960262172182,0.14130960256124067,0.14130960262172182,0.14130960267604584,0.14021174700704286,0.14021174696514563,0.14021174691553603,0.14021174696514563,0.14021174700704286,0.14021174696514563,0.14021174686388013,0.14021174667520747,0.14021174686388013,0.14021174696514563,0.14021174691553603,0.14021174667520747,0.14021174574275724,0.14021174667520747,0.14021174691553603,0.14021174696514563,0.14021174686388013,0.14021174667520747,0.14021174686388013,0.14021174696514563,0.14021174700704286,0.14021174696514563,0.14021174691553603,0.14021174696514563,0.14021174700704286,0.139135307702575,0.13913530769923868,0.13913530769378474,0.13913530769923868,0.139135307702575,0.13913530769923868,0.13913530768770868,0.13913530766385768,0.13913530768770868,0.13913530769923868,0.13913530769378474,0.13913530766385768,0.13913530757414086,0.13913530766385768,0.13913530769378474,0.13913530769923868,0.13913530768770868,0.13913530766385768,0.13913530768770868,0.13913530769923868,0.139135307702575,0.13913530769923868,0.13913530769378474,0.13913530769923868,0.139135307702575,0.1380798046006039,0.13807980464350247,0.13807980468828973,0.13807980464350247,0.1380798046006039,0.13807980464350247,0.13807980473415532,0.138079804864178,0.13807980473415532,0.13807980464350247,0.13807980468828973,0.138079804864178,0.13807980524452837,0.138079804864178,0.13807980468828973,0.13807980464350247,0.13807980473415532,0.138079804864178,0.13807980473415532,0.13807980464350247,0.1380798046006039,0.13807980464350247,0.13807980468828973,0.13807980464350247,0.1380798046006039,0.13704476700114154,0.1370447670839024,0.13704476718599817,0.1370447670839024,0.13704476700114154,0.1370447670839024,0.13704476729228374,0.13704476771677354,0.13704476729228374,0.1370447670839024,0.13704476718599817,0.13704476771677354,0.13704477008609614,0.13704476771677354,0.13704476718599817,0.1370447670839024,0.13704476729228374,0.13704476771677354,0.13704476729228374,0.1370447670839024,0.13704476700114154,0.1370447670839024,0.13704476718599817,0.1370447670839024,0.13704476700114154,0.13602973372678956,0.1360297337857668,0.1360297338439026,0.1360297337857668,0.13602973372678956,0.1360297337857668,0.13602973390239895,0.1360297340593875,0.1360297339023988,0.1360297337857668,0.1360297338439026,0.1360297340593875,0.13602973449691483,0.1360297340593875,0.1360297338439026,0.1360297337857668,0.1360297339023988,0.1360297340593875,0.13602973390239895,0.1360297337857668,0.13602973372678956,0.1360297337857668,0.1360297338439026,0.1360297337857668,0.13602973372678956,0.13503425324671553,0.13503425328390248,0.13503425331470434,0.13503425328390248,0.13503425324671553,0.13503425328390248,0.1350342533440055,0.13503425340380992,0.1350342533440055,0.13503425328390248,0.13503425331470434,0.13503425340380992,0.1350342535128799,0.13503425340380992,0.13503425331470434,0.13503425328390248,0.1350342533440055,0.13503425340380992,0.1350342533440055,0.13503425328390248,0.13503425324671553,0.13503425328390248,0.13503425331470434,0.13503425328390248,0.13503425324671553
0.16533248756107893,0.16533248756107893,0.16533248756107893,0.16533248756107893,0.16533248756107893,0.16533248756107893,0.16533248756107893,0.16533248756107893,0.16533248756107893,0.16533248756107893,0.16533248756107893,0.16533248756107893,0.16533248756107893,0.16533248756107893,0.16533248756107893,0.16533248756107893,0.16533248756107893,0.16533248756107893,0.16533248756107893,0.16533248756107893,0.16533248756107893,0.16533248756107893,0.16533248756107893,0.16533248756107893,0.16533248756107893,0.16375749384675073,0.16375749384675073,0.16375749384675073,0.16375749384675073,0.16375749384675073,0.16375749384675073,0.16375749384675073,0.16375749384675073,0.16375749384675073,0.16375749384675073,0.16375749384675073,0.16375749384675073,0.16375749384675073,0.16375749384675073,0.16375749384675073,0.16375749384675073,0.16375749384675073,0.16375749384675073,0.16375749384675073,0.16375749384675073,0.16375749384675073,0.16375749384675073,0.16375749384675073,0.16375749384675073,0.16375749384675073,0.16221388406423612,0.16221388406423612,0.16221388406423612,0.16221388406423612,0.16221388406423612,0.16221388406423612,0.16221388406423612,0.16221388406423612,0.16221388406423612,0.16221388406423612,0.16221388406423612,0.16221388406423612,0.16221388406423592,0.16221388406423612,0.16221388406423612,0.16221388406423612,0.16221388406423612,0.16221388406423612,0.16221388406423612,0.16221388406423612,0.16221388406423612,0.16221388406423612,0.16221388406423612,0.16221388406423612,0.16221388406423612,0.16070106717057517,0.16070106717057517,0.16070106717057517,0.16070106717057517,0.16070106717057517,0.16070106717057517,0.16070106717057517,0.16070106717057517,0.16070106717057517,0.16070106717057517,0.16070106717057517,0.16070106717057517,0.16070106717057517,0.16070106717057517,0.16070106717057517,0.16070106717057517,0.16070106717057517,0.16070106717057517,0.16070106717057517,0.16070106717057517,0.16070106717057517,0.16070106717057517,0.16070106717057517,0.16070106717057517,0.16070106717057517,0.1592184515407463,0.1592184515407463,0.15921845154074607,0.1592184515407463,0.1592184515407463,0.1592184515407463,0.15921845154074607,0.15921845154074607,0.15921845154074607,0.1592184515407463,0.15921845154074607,0.15921845154074607,0.15921845154074607,0.15921845154074607,0.15921845154074607,0.1592184515407463,0.15921845154074607,0.15921845154074607,0.15921845154074607,0.1592184515407463,0.1592184515407463,0.1592184515407463,0.15921845154074607,0.1592184515407463,0.1592184515407463,0.15776544631951617,0.15776544631951595,0.15776544631951595,0.15776544631951595,0.15776544631951617,0.15776544631951595,0.15776544631951572,0.1577654463195155,0.15776544631951572,0.15776544631951595,0.15776544631951595,0.1577654463195155,0.1577654463195155,0.1577654463195155,0.15776544631951595,0.15776544631951595,0.15776544631951572,0.1577654463195155,0.15776544631951572,0.15776544631951595,0.15776544631951617,0.15776544631951595,0.15776544631951595,0.15776544631951595,0.15776544631951617,0.1563414626357643,0.15634146263576365,0.15634146263576304,0.15634146263576365,0.1563414626357643,0.15634146263576365,0.15634146263576285,0.1563414626357624,0.15634146263576285,0.15634146263576365,0.15634146263576304,0.1563414626357624,0.15634146263576199,0.1563414626357624,0.15634146263576304,0.15634146263576365,0.15634146263576285,0.1563414626357624,0.15634146263576285,0.15634146263576365,0.1563414626357643,0.15634146263576365,0.15634146263576304,0.15634146263576365,0.1563414626357643,0.15494591468954277,0.15494591468954053,0.1549459146895391,0.15494591468954053,0.15494591468954277,0.15494591468954053,0.15494591468953828,0.15494591468953664,0.15494591468953828,0.15494591468954053,0.1549459146895391,0.15494591468953664,0.1549459146895352,0.15494591468953664,0.1549459146895391,0.15494591468954053,0.15494591468953828,0.15494591468953664,0.15494591468953828,0.15494591468954053,0.15494591468954277,0.15494591468954053,0.1549459146895391,0.15494591468954053,0.15494591468954277,0.1535782207215833,0.1535782207215763,0.15357822072157187,0.1535782207215763,0.1535782207215833,0.1535782207215763,0.15357822072156888,0.15357822072156424,0.15357822072156888,0.1535782207215763,0.15357822072157187,0.15357822072156424,0.1535782207215594,0.15357822072156424,0.15357822072157187,0.1535782207215763,0.15357822072156888,0.15357822072156424,0.15357822072156888,0.1535782207215763,0.1535782207215833,0.1535782207215763,0.15357822072157187,0.1535782207215763,0.1535782207215833,0.15223780387440275,0.15223780387438127,0.1522378038743679,0.15223780387438127,0.15223780387440275,0.15223780387438127,0.15223780387435845,0.15223780387434369,0.15223780387435845,0.15223780387438127,0.1522378038743679,0.15223780387434369,0.15223780387432811,0.15223780387434369,0.1522378038743679,0.15223780387438127,0.15223780387435845,0.15223780387434369,0.15223780387435845,0.15223780387438127,0.15223780387440275,0.15223780387438127,0.1522378038743679,0.15223780387438127,0.15223780387440275,0.15092409295362413,0.1509240929535595,0.15092409295351839,0.1509240929535595,0.15092409295362413,0.1509240929535595,0.1509240929534881,0.150924092953442,0.1509240929534881,0.1509240929535595,0.15092409295351839,0.150924092953442,0.1509240929533926,0.150924092953442,0.15092409295351839,0.1509240929535595,0.1509240929534881,0.150924092953442,0.1509240929534881,0.1509240929535595,0.15092409295362413,0.1509240929535595,0.15092409295351839,0.1509240929535595,0.15092409295362413,0.14963652309760414,0.1496365230974115,0.14963652309728706,0.1496365230974115,0.14963652309760414,0.1496365230974115,0.1496365230971914,0.14963652309704598,0.1496365230971914,0.1496365230974115,0.14963652309728706,0.14963652309704598,0.14963652309688602,0.14963652309704598,0.14963652309728706,0.1496365230974115,0.1496365230971914,0.14963652309704598,0.1496365230971914,0.1496365230974115,0.14963652309760414,0.1496365230974115,0.14963652309728706,0.1496365230974115,0.14963652309760414,0.14837453636298062,0.14837453636241613,0.14837453636204193,0.14837453636241613,0.14837453636298062,0.14837453636241613,0.14837453636174133,0.14837453636127743,0.14837453636174133,0.14837453636241613,0.14837453636204193,0.14837453636127743,0.1483745363607413,0.14837453636127743,0.14837453636204193,0.14837453636241613,0.14837453636174133,0.14837453636127743,0.14837453636174133,0.14837453636241613,0.14837453636298062,0.14837453636241613,0.14837453636204193,0.14837453636241613,0.14837453636298062,0.14713758223333823,0.14713758223172874,0.147137582230617,0.14713758223172874,0.14713758223333823,0.14713758223172874,0.14713758222967818,0.14713758222817025,0.14713758222967818,0.14713758223172874,0.147137582230617,0.14713758222817025,0.14713758222628337,0.14713758222817025,0.147137582230617,0.14713758223172874,0.14713758222967818,0.14713758222817025,0.14713758222967818,0.14713758223172874,0.14713758223333823,0.14713758223172874,0.147137582230617,0.14713758223172874,0.14713758223333823,0.14592511805793099,0.14592511805353706,0.14592511805030128,0.14592511805353706,0.14592511805793099,0.14592511805353706,0.14592511804741987,0.14592511804241018,0.14592511804741987,0.14592511805353706,0.14592511805030128,0.14592511804241018,0.1459251180352586,0.14592511804241018,0.14592511805030128,0.14592511805353706,0.14592511804741987,0.14592511804241018,0.14592511804741987,0.14592511805353706,0.14592511805793099,0.14592511805353706,0.14592511805030128,0.14592511805353706,0.14592511805793099,0.14473660942735653,0.14473660941617697,0.14473660940712585,0.14473660941617697,0.14473660942735653,0.14473660941617697,0.14473660939863242,0.14473660938169378,0.14473660939863242,0.14473660941617697,0.14473660940712585,0.14473660938169378,0.14473660935170296,0.14473660938169378,0.14473660940712585,0.14473660941617697,0.14473660939863242,0.14473660938169378,0.14473660939863242,0.14473660941617697,0.14473660942735653,0.14473660941617697,0.14473660940712585,0.14473660941617697,0.14473660942735653,0.1435715304930508,0.14357153046780805,0.14357153044449733,0.14357153046780805,0.1435715304930508,0.14357153046780805,0.14357153042154255,0.14357153036494455,0.14357153042154255,0.14357153046780805,0.14357153044449733,0.14357153036494455,0.1435715302229176,0.14357153036494455,0.14357153044449733,0.14357153046780805,0.14357153042154255,0.14357153036494455,0.14357153042154255,0.14357153046780805,0.1435715304930508,0.14357153046780805,0.14357153044449733,0.14357153046780805,0.1435715304930508,0.14242936423554498,0.14242936418967703,0.14242936414011653,0.14242936418967703,0.14242936423554498,0.14242936418967703,0.142429364089519,0.14242936392189334,0.142429364089519,0.14242936418967703,0.14242936414011653,0.14242936392189334,0.14242936315898452,0.14242936392189334,0.14242936414011653,0.14242936418967703,0.142429364089519,0.14242936392189334,0.142429364089519,0.14242936418967703,0.14242936423554498,0.14242936418967703,0.14242936414011653,0.14242936418967703,0.14242936423554498,0.1413096026760608,0.14130960262178563,0.1413096025613589,0.14130960262178563,0.1413096026760608,0.14130960262178563,0.14130960249908378,0.14130960229043543,0.14130960249908378,0.14130960262178563,0.1413096025613589,0.14130960229043543,0.14130960137042925,0.14130960229043543,0.1413096025613589,0.14130960262178563,0.14130960249908378,0.14130960229043543,0.14130960249908378,0.14130960262178563,0.1413096026760608,0.14130960262178563,0.1413096025613589,0.14130960262178563,0.1413096026760608,0.14021174700679886,0.14021174696494457,0.14021174691538657,0.14021174696494457,0.14021174700679886,0.14021174696494457,0.14021174686378451,0.1402117466753144,0.14021174686378451,0.14021174696494457,0.14021174691538657,0.1402117466753144,0.14021174574388925,0.1402117466753144,0.14021174691538657,0.14021174696494457,0.14021174686378451,0.1402117466753144,0.14021174686378451,0.14021174696494457,0.14021174700679886,0.14021174696494457,0.14021174691538657,0.14021174696494457,0.14021174700679886,0.13913530770198082,0.13913530769865115,0.13913530769320592,0.13913530769865115,0.13913530770198082,0.13913530769865115,0.1391353076871393,0.1391353076633212,0.1391353076871393,0.13913530769865115,0.13913530769320592,0.1391353076633212,0.13913530757371903,0.1391353076633212,0.13913530769320592,0.13913530769865115,0.1391353076871393,0.1391353076633212,0.1391353076871393,0.13913530769865115,0.13913530770198082,0.13913530769865115,0.13913530769320592,0.13913530769865115,0.13913530770198082,0.13807980459964092,0.1380798046425021,0.13807980468725034,0.1380798046425021,0.13807980459964092,0.1380798046425021,0.13807980473307577,0.13807980486298355,0.13807980473307577,0.1380798046425021,0.13807980468725034,0.13807980486298355,0.13807980524299437,0.13807980486298355,0.13807980468725034,0.1380798046425021,0.13807980473307577,0.13807980486298355,0.13807980473307577,0.1380798046425021,0.13807980459964092,0.1380798046425021,0.13807980468725034,0.1380798046425021,0.13807980459964092,0.13704476699988127,0.13704476708256777,0.13704476718457115,0.13704476708256777,0.13704476699988127,0.13704476708256777,0.13704476729076043,0.13704476771486515,0.13704476729076043,0.13704476708256777,0.13704476718457115,0.13704476771486515,0.13704477008203805,0.13704476771486515,0.13704476718457115,0.13704476708256777,0.13704476729076043,0.13704476771486515,0.13704476729076043,0.13704476708256777,0.13704476699988127,0.13704476708256777,0.13704476718457115,0.13704476708256777,0.13704476699988127,0.13602973372538155,0.13602973378430555,0.1360297338423886,0.13602973378430555,0.13602973372538155,0.13602973378430555,0.13602973390083184,0.13602973405767801,0.13602973390083184,0.13602973378430555,0.1360297338423886,0.13602973405767801,0.13602973449480765,0.13602973405767801,0.1360297338423886,0.13602973378430555,0.13602973390083184,0.13602973405767801,0.13602973390083184,0.13602973378430555,0.13602973372538155,0.13602973378430555,0.1360297338423886,0.13602973378430555,0.13602973372538155,0.13503425324526716,0.1350342532824205,0.13503425331319444,0.1350342532824205,0.13503425324526716,0.1350342532824205,0.13503425334246913,0.13503425340221914,0.13503425334246913,0.1350342532824205,0.13503425331319444,0.13503425340221914,0.13503425351118992,0.13503425340221914,0.13503425331319444,0.1350342532824205,0.13503425334246913,0.13503425340221914,0.13503425334246913,0.1350342532824205,0.13503425324526716,0.1350342532824205,0.13503425331319444,0.1350342532824205,0.13503425324526716
0.16533248756148344,0.16533248756148344,0.16533248756148344,0.16533248756148344,0.16533248756148344,0.16533248756148344,0.16533248756148344,0.16533248756148344,0.16533248756148344,0.16533248756148344,0.16533248756148344,0.16533248756148344,0.16533248756148344,0.16533248756148344,0.16533248756148344,0.16533248756148344,0.16533248756148344,0.16533248756148344,0.16533248756148344,0.16533248756148344,0.16533248756148344,0.16533248756148344,0.16533248756148344,0.16533248756148344,0.16533248756148344,0.16375749384714716,0.16375749384714716,0.16375749384714716,0.16375749384714716,0.16375749384714716,0.16375749384714716,0.16375749384714716,0.16375749384714716,0.16375749384714716,0.16375749384714716,0.16375749384714716,0.16375749384714716,0.16375749384714716,0.16375749384714716,0.16375749384714716,0.16375749384714716,0.16375749384714716,0.16375749384714716,0.16375749384714716,0.16375749384714716,0.16375749384714716,0.16375749384714716,0.16375749384714716,0.16375749384714716,0.16375749384714716,0.16221388406462467,0.16221388406462467,0.16221388406462467,0.16221388406462467,0.16221388406462467,0.16221388406462467,0.16221388406462467,0.16221388406462442,0.16221388406462467,0.16221388406462467,0.16221388406462467,0.16221388406462442,0.16221388406462442,0.16221388406462442,0.16221388406462467,0.16221388406462467,0.16221388406462467,0.16221388406462442,0.16221388406462467,0.16221388406462467,0.16221388406462467,0.16221388406462467,0.16221388406462467,0.16221388406462467,0.16221388406462467,0.16070106717095595,0.16070106717095595,0.16070106717095595,0.16070106717095595,0.16070106717095595,0.16070106717095595,0.16070106717095595,0.16070106717095595,0.16070106717095595,0.16070106717095595,0.16070106717095595,0.16070106717095595,0.16070106717095595,0.16070106717095595,0.16070106717095595,0.16070106717095595,0.16070106717095595,0.16070106717095595,0.16070106717095595,0.16070106717095595,0.16070106717095595,0.16070106717095595,0.16070106717095595,0.16070106717095595,0.16070106717095595,0.15921845154111947,0.15921845154111924,0.15921845154111924,0.15921845154111924,0.15921845154111947,0.15921845154111924,0.15921845154111924,0.15921845154111924,0.15921845154111924,0.15921845154111924,0.15921845154111924,0.15921845154111924,0.15921845154111924,0.15921845154111924,0.15921845154111924,0.15921845154111924,0.15921845154111924,0.15921845154111924,0.15921845154111924,0.15921845154111924,0.15921845154111947,0.15921845154111924,0.15921845154111924,0.15921845154111924,0.15921845154111947,0.15776544631988187,0.15776544631988165,0.15776544631988143,0.15776544631988165,0.15776544631988187,0.15776544631988165,0.15776544631988143,0.15776544631988124,0.15776544631988143,0.15776544631988165,0.15776544631988143,0.15776544631988124,0.15776544631988124,0.15776544631988124,0.15776544631988143,0.15776544631988165,0.15776544631988143,0.15776544631988124,0.15776544631988143,0.15776544631988165,0.15776544631988187,0.15776544631988165,0.15776544631988143,0.15776544631988165,0.15776544631988187,0.15634146263612272,0.15634146263612186,0.15634146263612145,0.15634146263612186,0.15634146263612272,0.15634146263612186,0.15634146263612125,0.15634146263612062,0.15634146263612125,0.15634146263612186,0.15634146263612145,0.15634146263612062,0.1563414626361202,0.15634146263612062,0.15634146263612145,0.15634146263612186,0.15634146263612125,0.15634146263612062,0.15634146263612125,0.15634146263612186,0.15634146263612272,0.15634146263612186,0.15634146263612145,0.15634146263612186,0.15634146263612272,0.15494591468989402,0.15494591468989177,0.15494591468989036,0.15494591468989177,0.15494591468989402,0.15494591468989177,0.15494591468988933,0.1549459146898879,0.15494591468988933,0.15494591468989177,0.15494591468989036,0.1549459146898879,0.15494591468988644,0.1549459146898879,0.15494591468989036,0.15494591468989177,0.15494591468988933,0.1549459146898879,0.15494591468988933,0.15494591468989177,0.15494591468989402,0.15494591468989177,0.15494591468989036,0.15494591468989177,0.15494591468989402,0.15357822072192737,0.15357822072192032,0.15357822072191593,0.15357822072192032,0.15357822072192737,0.15357822072192032,0.1535782207219131,0.15357822072190846,0.1535782207219131,0.15357822072192032,0.15357822072191593,0.15357822072190846,0.15357822072190366,0.15357822072190846,0.15357822072191593,0.15357822072192032,0.1535782207219131,0.15357822072190846,0.1535782207219131,0.15357822072192032,0.15357822072192737,0.15357822072192032,0.15357822072191593,0.15357822072192032,0.15357822072192737,0.15223780387473992,0.15223780387471847,0.15223780387470506,0.15223780387471847,0.15223780387473992,0.15223780387471847,0.15223780387469563,0.1522378038746809,0.15223780387469563,0.15223780387471847,0.15223780387470506,0.1522378038746809,0.1522378038746655,0.1522378038746809,0.15223780387470506,0.15223780387471847,0.15223780387469563,0.1522378038746809,0.15223780387469563,0.15223780387471847,0.15223780387473992,0.15223780387471847,0.15223780387470506,0.15223780387471847,0.15223780387473992,0.1509240929539544,0.15092409295388995,0.15092409295384887,0.15092409295388995,0.1509240929539544,0.15092409295388995,0.15092409295381856,0.1509240929537725,0.15092409295381856,0.15092409295388995,0.15092409295384887,0.1509240929537725,0.15092409295372308,0.1509240929537725,0.15092409295384887,0.15092409295388995,0.15092409295381856,0.1509240929537725,0.15092409295381856,0.15092409295388995,0.1509240929539544,0.15092409295388995,0.15092409295384887,0.15092409295388995,0.1509240929539544,0.14963652309792766,0.1496365230977352,0.14963652309761097,0.1496365230977352,0.14963652309792766,0.1496365230977352,0.1496365230975153,0.14963652309737005,0.1496365230975153,0.1496365230977352,0.14963652309761097,0.14963652309737005,0.1496365230972101,0.14963652309737005,0.14963652309761097,0.1496365230977352,0.1496365230975153,0.14963652309737005,0.1496365230975153,0.1496365230977352,0.14963652309792766,0.1496365230977352,0.14963652309761097,0.1496365230977352,0.14963652309792766,0.14837453636329737,0.1483745363627332,0.1483745363623594,0.1483745363627332,0.14837453636329737,0.1483745363627332,0.14837453636205897,0.14837453636159528,0.14837453636205897,0.1483745363627332,0.1483745363623594,0.14837453636159528,0.1483745363610595,0.14837453636159528,0.1483745363623594,0.1483745363627332,0.14837453636205897,0.14837453636159528,0.14837453636205897,0.1483745363627332,0.14837453636329737,0.1483745363627332,0.1483745363623594,0.1483745363627332,0.14837453636329737,0.14713758223364723,0.147137582232039,0.147137582230928,0.147137582232039,0.14713758223364723,0.147137582232039,0.1471375822299899,0.14713758222848305,0.1471375822299899,0.147137582232039,0.147137582230928,0.14713758222848305,0.14713758222659765,0.14713758222848305,0.147137582230928,0.147137582232039,0.1471375822299899,0.14713758222848305,0.1471375822299899,0.147137582232039,0.14713758223364723,0.147137582232039,0.147137582230928,0.147137582232039,0.14713758223364723,0.14592511805822977,0.14592511805383923,0.14592511805060596,0.14592511805383923,0.14592511805822977,0.14592511805383923,0.14592511804772665,0.14592511804272093,0.14592511804772665,0.14592511805383923,0.14592511805060596,0.14592511804272093,0.14592511803557465,0.14592511804272093,0.14592511805060596,0.14592511805383923,0.14592511804772665,0.14592511804272093,0.14592511804772665,0.14592511805383923,0.14592511805822977,0.14592511805383923,0.14592511805060596,0.14592511805383923,0.14592511805822977,0.14473660942763825,0.1447366094164674,0.14473660940742328,0.1447366094164674,0.14473660942763825,0.1447366094164674,0.14473660939893612,0.14473660938201022,0.14473660939893612,0.1447366094164674,0.14473660940742328,0.14473660938201022,0.14473660935204158,0.14473660938201022,0.14473660940742328,0.1447366094164674,0.14473660939893612,0.14473660938201022,0.14473660939893612,0.1447366094164674,0.14473660942763825,0.1447366094164674,0.14473660940742328,0.1447366094164674,0.14473660942763825,0.1435715304932974,0.14357153046807464,0.14357153044478208,0.14357153046807464,0.1435715304932974,0.14357153046807464,0.14357153042184492,0.14357153036528952,0.14357153042184492,0.14357153046807464,0.14357153044478208,0.14357153036528952,0.14357153022336608,0.14357153036528952,0.14357153044478208,0.14357153046807464,0.14357153042184492,0.14357153036528952,0.14357153042184492,0.14357153046807464,0.1435715304932974,0.14357153046807464,0.14357153044478208,0.14357153046807464,0.1435715304932974,0.14242936423571506,0.14242936418988472,0.1424293641403638,0.14242936418988472,0.14242936423571506,0.14242936418988472,0.14242936408980655,0.14242936392230834,0.14242936408980655,0.14242936418988472,0.1424293641403638,0.14242936392230834,0.1424293631599374,0.14242936392230834,0.1424293641403638,0.14242936418988472,0.14242936408980655,0.14242936392230834,0.14242936408980655,0.14242936418988472,0.14242936423571506,0.14242936418988472,0.1424293641403638,0.14242936418988472,0.14242936423571506,0.14130960267607545,0.14130960262184944,0.14130960256147668,0.14130960262184944,0.14130960267607545,0.14130960262184944,0.14130960249925748,0.14130960229079378,0.14130960249925748,0.14130960262184944,0.14130960256147668,0.14130960229079378,0.1413096013716037,0.14130960229079378,0.14130960256147668,0.14130960262184944,0.14130960249925748,0.14130960229079378,0.14130960249925748,0.14130960262184944,0.14130960267607545,0.14130960262184944,0.14130960256147668,0.14130960262184944,0.14130960267607545,0.1402117470065554,0.14021174696474364,0.14021174691523708,0.14021174696474364,0.1402117470065554,0.14021174696474364,0.14021174686368873,0.14021174667542066,0.14021174686368873,0.14021174696474364,0.14021174691523708,0.14021174667542066,0.14021174574503784,0.14021174667542066,0.14021174691523708,0.14021174696474364,0.14021174686368873,0.14021174667542066,0.14021174686368873,0.14021174696474364,0.1402117470065554,0.14021174696474364,0.14021174691523708,0.14021174696474364,0.1402117470065554,0.13913530770138727,0.13913530769806423,0.13913530769262786,0.13913530769806423,0.13913530770138727,0.13913530769806423,0.1391353076865706,0.13913530766278534,0.1391353076865706,0.13913530769806423,0.13913530769262786,0.13913530766278534,0.13913530757329734,0.13913530766278534,0.13913530769262786,0.13913530769806423,0.1391353076865706,0.13913530766278534,0.1391353076865706,0.13913530769806423,0.13913530770138727,0.13913530769806423,0.13913530769262786,0.13913530769806423,0.13913530770138727,0.13807980459867905,0.13807980464150318,0.13807980468621217,0.13807980464150318,0.13807980459867905,0.13807980464150318,0.1380798047319976,0.13807980486179053,0.1380798047319976,0.13807980464150318,0.13807980468621217,0.13807980486179053,0.1380798052414624,0.13807980486179053,0.13807980468621217,0.13807980464150318,0.1380798047319976,0.13807980486179053,0.1380798047319976,0.13807980464150318,0.13807980459867905,0.13807980464150318,0.13807980468621217,0.13807980464150318,0.13807980459867905,0.13704476699862286,0.13704476708123484,0.13704476718314607,0.13704476708123484,0.13704476699862286,0.13704476708123484,0.13704476728923945,0.13704476771295934,0.13704476728923945,0.13704476708123484,0.13704476718314607,0.13704476771295934,0.13704477007798602,0.13704476771295934,0.13704476718314607,0.13704476708123484,0.13704476728923945,0.13704476771295934,0.13704476728923945,0.13704476708123484,0.13704476699862286,0.13704476708123484,0.13704476718314607,0.13704476708123484,0.13704476699862286,0.13602973372397562,0.13602973378284625,0.1360297338408768,0.13602973378284625,0.13602973372397562,0.13602973378284625,0.13602973389926698,0.13602973405597088,0.13602973389926698,0.13602973378284625,0.1360297338408768,0.13602973405597088,0.13602973449270347,0.13602973405597088,0.1360297338408768,0.13602973378284625,0.13602973389926698,0.13602973405597088,0.13602973389926698,0.13602973378284625,0.13602973372397562,0.13602973378284625,0.1360297338408768,0.13602973378284625,0.13602973372397562,0.13503425324382087,0.13503425328094057,0.13503425331168656,0.13503425328094057,0.13503425324382087,0.13503425328094057,0.13503425334093477,0.13503425340063052,0.13503425334093477,0.13503425328094057,0.13503425331168656,0.13503425340063052,0.1350342535095025,0.13503425340063052,0.13503425331168656,0.13503425328094057,0.13503425334093477,0.13503425340063052,0.13503425334093477,0.13503425328094057,0.13503425324382087,0.13503425328094057,0.13503425331168656,0.13503425328094057,0.13503425324382087
0.16533248756188743,0.16533248756188743,0.16533248756188743,0.16533248756188743,0.16533248756188743,0.16533248756188743,0.16533248756188743,0.16533248756188743,0.16533248756188743,0.16533248756188743,0.16533248756188743,0.16533248756188743,0.16533248756188743,0.16533248756188743,0.16533248756188743,0.16533248756188743,0.16533248756188743,0.16533248756188743,0.16533248756188743,0.16533248756188743,0.16533248756188743,0.16533248756188743,0.16533248756188743,0.16533248756188743,0.16533248756188743,0.16375749384754312,0.16375749384754312,0.16375749384754312,0.16375749384754312,0.16375749384754312,0.16375749384754312,0.16375749384754312,0.16375749384754312,0.16375749384754312,0.16375749384754312,0.16375749384754312,0.16375749384754312,0.16375749384754312,0.16375749384754312,0.16375749384754312,0.16375749384754312,0.16375749384754312,0.16375749384754312,0.16375749384754312,0.16375749384754312,0.16375749384754312,0.16375749384754312,0.16375749384754312,0.16375749384754312,0.16375749384754312,0.16221388406501253,0.16221388406501253,0.16221388406501253,0.16221388406501253,0.16221388406501253,0.16221388406501253,0.16221388406501253,0.16221388406501253,0.16221388406501253,0.16221388406501253,0.16221388406501253,0.16221388406501253,0.16221388406501253,0.16221388406501253,0.16221388406501253,0.16221388406501253,0.16221388406501253,0.16221388406501253,0.16221388406501253,0.16221388406501253,0.16221388406501253,0.16221388406501253,0.16221388406501253,0.16221388406501253,0.16221388406501253,0.16070106717133628,0.16070106717133628,0.16070106717133628,0.16070106717133628,0.16070106717133628,0.16070106717133628,0.16070106717133628,0.16070106717133628,0.16070106717133628,0.16070106717133628,0.16070106717133628,0.16070106717133628,0.16070106717133628,0.16070106717133628,0.16070106717133628,0.16070106717133628,0.16070106717133628,0.16070106717133628,0.16070106717133628,0.16070106717133628,0.16070106717133628,0.16070106717133628,0.16070106717133628,0.16070106717133628,0.16070106717133628,0.15921845154149197,0.15921845154149197,0.15921845154149197,0.15921845154149197,0.15921845154149197,0.15921845154149197,0.15921845154149197,0.15921845154149197,0.15921845154149197,0.15921845154149197,0.15921845154149197,0.15921845154149197,0.15921845154149178,0.15921845154149197,0.15921845154149197,0.15921845154149197,0.15921845154149197,0.15921845154149197,0.15921845154149197,0.15921845154149197,0.15921845154149197,0.15921845154149197,0.15921845154149197,0.15921845154149197,0.15921845154149197,0.15776544632024714,0.15776544632024694,0.15776544632024675,0.15776544632024694,0.15776544632024714,0.15776544632024694,0.15776544632024653,0.15776544632024653,0.15776544632024653,0.15776544632024694,0.15776544632024675,0.15776544632024653,0.1577654463202463,0.15776544632024653,0.15776544632024675,0.15776544632024694,0.15776544632024653,0.15776544632024653,0.15776544632024653,0.15776544632024694,0.15776544632024714,0.15776544632024694,0.15776544632024675,0.15776544632024694,0.15776544632024714,0.1563414626364805,0.15634146263647988,0.15634146263647924,0.15634146263647988,0.1563414626364805,0.15634146263647988,0.15634146263647902,0.1563414626364786,0.15634146263647902,0.15634146263647988,0.15634146263647924,0.1563414626364786,0.1563414626364782,0.1563414626364786,0.15634146263647924,0.15634146263647988,0.15634146263647902,0.1563414626364786,0.15634146263647902,0.15634146263647988,0.1563414626364805,0.15634146263647988,0.15634146263647924,0.15634146263647988,0.1563414626364805,0.15494591469024466,0.1549459146902424,0.15494591469024097,0.1549459146902424,0.15494591469024466,0.1549459146902424,0.15494591469023994,0.15494591469023852,0.15494591469023994,0.1549459146902424,0.15494591469024097,0.15494591469023852,0.1549459146902371,0.15494591469023852,0.15494591469024097,0.1549459146902424,0.15494591469023994,0.15494591469023852,0.15494591469023994,0.1549459146902424,0.15494591469024466,0.1549459146902424,0.15494591469024097,0.1549459146902424,0.15494591469024466,0.153578220722271,0.15357822072226396,0.15357822072225974,0.15357822072226396,0.153578220722271,0.15357822072226396,0.15357822072225674,0.1535782207222521,0.15357822072225674,0.15357822072226396,0.15357822072225974,0.1535782207222521,0.15357822072224728,0.1535782207222521,0.15357822072225974,0.15357822072226396,0.15357822072225674,0.1535782207222521,0.15357822072225674,0.15357822072226396,0.153578220722271,0.15357822072226396,0.15357822072225974,0.15357822072226396,0.153578220722271,0.1522378038750767,0.15223780387505526,0.15223780387504188,0.15223780387505526,0.1522378038750767,0.15223780387505526,0.1522378038750324,0.15223780387501767,0.1522378038750324,0.15223780387505526,0.15223780387504188,0.15223780387501767,0.1522378038750023,0.15223780387501767,0.15223780387504188,0.15223780387505526,0.1522378038750324,0.15223780387501767,0.1522378038750324,0.15223780387505526,0.1522378038750767,0.15223780387505526,0.15223780387504188,0.15223780387505526,0.1522378038750767,0.15092409295428427,0.15092409295421985,0.15092409295417897,0.15092409295421985,0.15092409295428427,0.15092409295421985,0.15092409295414866,0.15092409295410256,0.15092409295414866,0.15092409295421985,0.15092409295417897,0.15092409295410256,0.15092409295405315,0.15092409295410256,0.15092409295417897,0.15092409295421985,0.15092409295414866,0.15092409295410256,0.15092409295414866,0.15092409295421985,0.15092409295428427,0.15092409295421985,0.15092409295417897,0.15092409295421985,0.15092409295428427,0.14963652309825104,0.1496365230980585,0.1496365230979343,0.1496365230980585,0.14963652309825104,0.1496365230980585,0.14963652309783881,0.14963652309769376,0.14963652309783881,0.1496365230980585,0.1496365230979343,0.14963652309769376,0.1496365230975338,0.14963652309769376,0.1496365230979343,0.1496365230980585,0.14963652309783881,0.14963652309769376,0.14963652309783881,0.1496365230980585,0.14963652309825104,0.1496365230980585,0.1496365230979343,0.1496365230980585,0.14963652309825104,0.14837453636361353,0.14837453636304995,0.1483745363626763,0.14837453636304995,0.14837453636361353,0.14837453636304995,0.14837453636237627,0.14837453636191295,0.14837453636237627,0.14837453636304995,0.1483745363626763,0.14837453636191295,0.1483745363613775,0.14837453636191295,0.1483745363626763,0.14837453636304995,0.14837453636237627,0.14837453636191295,0.14837453636237627,0.14837453636304995,0.14837453636361353,0.14837453636304995,0.1483745363626763,0.14837453636304995,0.14837453636361353,0.14713758223395584,0.14713758223234874,0.14713758223123863,0.14713758223234874,0.14713758223395584,0.14713758223234874,0.14713758223030127,0.1471375822287955,0.14713758223030127,0.14713758223234874,0.14713758223123863,0.1471375822287955,0.14713758222691156,0.1471375822287955,0.14713758223123863,0.14713758223234874,0.14713758223030127,0.1471375822287955,0.14713758223030127,0.14713758223234874,0.14713758223395584,0.14713758223234874,0.14713758223123863,0.14713758223234874,0.14713758223395584,0.1459251180585282,0.14592511805414105,0.14592511805091024,0.14592511805414105,0.1459251180585282,0.14592511805414105,0.14592511804803313,0.1459251180430311,0.14592511804803313,0.14592511805414105,0.14592511805091024,0.1459251180430311,0.1459251180358902,0.1459251180430311,0.14592511805091024,0.14592511805414105,0.14592511804803313,0.1459251180430311,0.14592511804803313,0.14592511805414105,0.1459251180585282,0.14592511805414105,0.14592511805091024,0.14592511805414105,0.1459251180585282,0.1447366094279196,0.1447366094167575,0.14473660940772037,0.1447366094167575,0.1447366094279196,0.1447366094167575,0.14473660939923969,0.1447366093823265,0.14473660939923969,0.1447366094167575,0.14473660940772037,0.1447366093823265,0.14473660935237986,0.1447366093823265,0.14473660940772037,0.1447366094167575,0.14473660939923969,0.1447366093823265,0.14473660939923969,0.1447366094167575,0.1447366094279196,0.1447366094167575,0.14473660940772037,0.1447366094167575,0.1447366094279196,0.1435715304935438,0.14357153046834106,0.1435715304450665,0.14357153046834106,0.1435715304935438,0.14357153046834106,0.14357153042214693,0.14357153036563397,0.14357153042214693,0.14357153046834106,0.1435715304450665,0.14357153036563397,0.14357153022381405,0.14357153036563397,0.1435715304450665,0.14357153046834106,0.14357153042214693,0.14357153036563397,0.14357153042214693,0.14357153046834106,0.1435715304935438,0.14357153046834106,0.1435715304450665,0.14357153046834106,0.1435715304935438,0.14242936423588481,0.14242936419009222,0.14242936414061075,0.14242936419009222,0.14242936423588481,0.14242936419009222,0.14242936409009355,0.14242936392272287,0.14242936409009355,0.14242936419009222,0.14242936414061075,0.14242936392272287,0.14242936316089794,0.14242936392272287,0.14242936414061075,0.14242936419009222,0.14242936409009355,0.14242936392272287,0.14242936409009355,0.14242936419009222,0.14242936423588481,0.14242936419009222,0.14242936414061075,0.14242936419009222,0.14242936423588481,0.14130960267609025,0.14130960262191292,0.14130960256159442,0.14130960262191292,0.14130960267609025,0.14130960262191292,0.1413096024994308,0.1413096022911515,0.1413096024994308,0.14130960262191292,0.14130960256159442,0.1413096022911515,0.14130960137273998,0.1413096022911515,0.14130960256159442,0.14130960262191292,0.1413096024994308,0.1413096022911515,0.1413096024994308,0.14130960262191292,0.14130960267609025,0.14130960262191292,0.14130960256159442,0.14130960262191292,0.14130960267609025,0.1402117470063119,0.14021174696454272,0.14021174691508762,0.14021174696454272,0.1402117470063119,0.14021174696454272,0.14021174686359295,0.14021174667552644,0.14021174686359295,0.14021174696454272,0.14021174691508762,0.14021174667552644,0.14021174574618403,0.14021174667552644,0.14021174691508762,0.14021174696454272,0.14021174686359295,0.14021174667552644,0.14021174686359295,0.14021174696454272,0.1402117470063119,0.14021174696454272,0.14021174691508762,0.14021174696454272,0.1402117470063119,0.1391353077007945,0.13913530769747795,0.1391353076920503,0.13913530769747795,0.1391353077007945,0.13913530769747795,0.13913530768600252,0.13913530766225,0.13913530768600252,0.13913530769747795,0.1391353076920503,0.13913530766225,0.13913530757287598,0.13913530766225,0.1391353076920503,0.13913530769747795,0.13913530768600252,0.13913530766225,0.13913530768600252,0.13913530769747795,0.1391353077007945,0.13913530769747795,0.1391353076920503,0.13913530769747795,0.1391353077007945,0.13807980459771857,0.13807980464050548,0.13807980468517558,0.13807980464050548,0.13807980459771857,0.13807980464050548,0.13807980473092082,0.13807980486059918,0.13807980473092082,0.13807980464050548,0.13807980468517558,0.13807980486059918,0.13807980523993246,0.13807980486059918,0.13807980468517558,0.13807980464050548,0.13807980473092082,0.13807980486059918,0.13807980473092082,0.13807980464050548,0.13807980459771857,0.13807980464050548,0.13807980468517558,0.13807980464050548,0.13807980459771857,0.13704476699736606,0.13704476707990373,0.13704476718172298,0.13704476707990373,0.13704476699736606,0.13704476707990373,0.13704476728772041,0.1370447677110564,0.13704476728772041,0.13704476707990373,0.13704476718172298,0.1370447677110564,0.137044770073934,0.1370447677110564,0.13704476718172298,0.13704476707990373,0.13704476728772041,0.1370447677110564,0.13704476728772041,0.13704476707990373,0.13704476699736606,0.13704476707990373,0.13704476718172298,0.13704476707990373,0.13704476699736606,0.13602973372257152,0.13602973378138888,0.13602973383936695,0.13602973378138888,0.13602973372257152,0.13602973378138888,0.13602973389770434,0.13602973405426616,0.13602973389770434,0.13602973378138888,0.13602973383936695,0.13602973405426616,0.13602973449060243,0.13602973405426616,0.13602973383936695,0.13602973378138888,0.13602973389770434,0.13602973405426616,0.13602973389770434,0.13602973378138888,0.13602973372257152,0.13602973378138888,0.13602973383936695,0.13602973378138888,0.13602973372257152,0.13503425324237678,0.1350342532794628,0.13503425331018104,0.1350342532794628,0.13503425324237678,0.1350342532794628,0.1350342533394025,0.13503425339904426,0.1350342533394026,0.1350342532794628,0.13503425331018104,0.13503425339904426,0.1350342535078174,0.13503425339904426,0.13503425331018104,0.1350342532794628,0.1350342533394026,0.13503425339904426,0.1350342533394025,0.1350342532794628,0.13503425324237678,0.1350342532794628,0.13503425331018104,0.1350342532794628,0.13503425324237678
0.16533248756229096,0.16533248756229096,0.16533248756229096,0.16533248756229096,0.16533248756229096,0.16533248756229096,0.16533248756229096,0.16533248756229096,0.16533248756229096,0.16533248756229096,0.16533248756229096,0.16533248756229096,0.16533248756229096,0.16533248756229096,0.16533248756229096,0.16533248756229096,0.16533248756229096,0.16533248756229096,0.16533248756229096,0.16533248756229096,0.16533248756229096,0.16533248756229096,0.16533248756229096,0.16533248756229096,0.16533248756229096,0.1637574938479384,0.1637574938479384,0.1637574938479384,0.1637574938479384,0.1637574938479384,0.1637574938479384,0.1637574938479384,0.1637574938479384,0.1637574938479384,0.1637574938479384,0.1637574938479384,0.1637574938479384,0.1637574938479384,0.1637574938479384,0.1637574938479384,0.1637574938479384,0.1637574938479384,0.1637574938479384,0.1637574938479384,0.1637574938479384,0.1637574938479384,0.1637574938479384,0.1637574938479384,0.1637574938479384,0.1637574938479384,0.1622138840654001,0.1622138840654001,0.1622138840654001,0.1622138840654001,0.1622138840654001,0.1622138840654001,0.1622138840654001,0.1622138840654001,0.1622138840654001,0.1622138840654001,0.1622138840654001,0.1622138840654001,0.1622138840654001,0.1622138840654001,0.1622138840654001,0.1622138840654001,0.1622138840654001,0.1622138840654001,0.1622138840654001,0.1622138840654001,0.1622138840654001,0.1622138840654001,0.1622138840654001,0.1622138840654001,0.1622138840654001,0.16070106717171595,0.16070106717171595,0.16070106717171595,0.16070106717171595,0.16070106717171595,0.16070106717171595,0.16070106717171595,0.16070106717171595,0.16070106717171595,0.16070106717171595,0.16070106717171595,0.16070106717171595,0.16070106717171595,0.16070106717171595,0.16070106717171595,0.16070106717171595,0.16070106717171595,0.16070106717171595,0.16070106717171595,0.16070106717171595,0.16070106717171595,0.16070106717171595,0.16070106717171595,0.16070106717171595,0.16070106717171595,0.15921845154186426,0.15921845154186426,0.15921845154186406,0.15921845154186426,0.15921845154186426,0.15921845154186426,0.15921845154186406,0.15921845154186406,0.15921845154186406,0.15921845154186426,0.15921845154186406,0.15921845154186406,0.15921845154186406,0.15921845154186406,0.15921845154186406,0.15921845154186426,0.15921845154186406,0.15921845154186406,0.15921845154186406,0.15921845154186426,0.15921845154186426,0.15921845154186426,0.15921845154186406,0.15921845154186426,0.15921845154186426,0.1577654463206118,0.1577654463206116,0.15776544632061137,0.1577654463206116,0.1577654463206118,0.1577654463206116,0.15776544632061137,0.15776544632061118,0.15776544632061137,0.1577654463206116,0.15776544632061137,0.15776544632061118,0.15776544632061096,0.15776544632061118,0.15776544632061137,0.1577654463206116,0.15776544632061137,0.15776544632061118,0.15776544632061137,0.1577654463206116,0.1577654463206118,0.1577654463206116,0.15776544632061137,0.1577654463206116,0.1577654463206118,0.15634146263683785,0.1563414626368372,0.1563414626368368,0.1563414626368372,0.15634146263683785,0.1563414626368372,0.1563414626368364,0.15634146263683596,0.1563414626368364,0.1563414626368372,0.1563414626368368,0.15634146263683596,0.15634146263683554,0.15634146263683596,0.1563414626368368,0.1563414626368372,0.1563414626368364,0.15634146263683596,0.1563414626368364,0.1563414626368372,0.15634146263683785,0.1563414626368372,0.1563414626368368,0.1563414626368372,0.15634146263683785,0.1549459146905949,0.15494591469059266,0.1549459146905912,0.15494591469059266,0.1549459146905949,0.15494591469059266,0.1549459146905902,0.15494591469058877,0.1549459146905902,0.15494591469059266,0.1549459146905912,0.15494591469058877,0.15494591469058733,0.15494591469058877,0.1549459146905912,0.15494591469059266,0.1549459146905902,0.15494591469058877,0.1549459146905902,0.15494591469059266,0.1549459146905949,0.15494591469059266,0.1549459146905912,0.15494591469059266,0.1549459146905949,0.15357822072261423,0.1535782207226072,0.1535782207226028,0.1535782207226072,0.15357822072261423,0.1535782207226072,0.1535782207226,0.15357822072259536,0.1535782207226,0.1535782207226072,0.1535782207226028,0.15357822072259536,0.15357822072259056,0.15357822072259536,0.1535782207226028,0.1535782207226072,0.1535782207226,0.15357822072259536,0.1535782207226,0.1535782207226072,0.15357822072261423,0.1535782207226072,0.1535782207226028,0.1535782207226072,0.15357822072261423,0.1522378038754129,0.15223780387539165,0.15223780387537827,0.15223780387539165,0.1522378038754129,0.15223780387539165,0.1522378038753688,0.15223780387535404,0.1522378038753688,0.15223780387539165,0.15223780387537827,0.15223780387535404,0.1522378038753385,0.15223780387535404,0.15223780387537827,0.15223780387539165,0.1522378038753688,0.15223780387535404,0.1522378038753688,0.15223780387539165,0.1522378038754129,0.15223780387539165,0.15223780387537827,0.15223780387539165,0.1522378038754129,0.1509240929546138,0.15092409295454937,0.15092409295450848,0.15092409295454937,0.1509240929546138,0.15092409295454937,0.1509240929544782,0.15092409295443207,0.1509240929544782,0.15092409295454937,0.15092409295450848,0.15092409295443207,0.15092409295438286,0.15092409295443207,0.15092409295450848,0.15092409295454937,0.1509240929544782,0.15092409295443207,0.1509240929544782,0.15092409295454937,0.1509240929546138,0.15092409295454937,0.15092409295450848,0.15092409295454937,0.1509240929546138,0.1496365230985736,0.14963652309838146,0.14963652309825745,0.14963652309838146,0.1496365230985736,0.14963652309838146,0.14963652309816197,0.14963652309801692,0.14963652309816197,0.14963652309838146,0.14963652309825745,0.14963652309801692,0.14963652309785713,0.14963652309801692,0.14963652309825745,0.14963652309838146,0.14963652309816197,0.14963652309801692,0.14963652309816197,0.14963652309838146,0.1496365230985736,0.14963652309838146,0.14963652309825745,0.14963652309838146,0.1496365230985736,0.14837453636392933,0.14837453636336612,0.14837453636299286,0.14837453636336612,0.14837453636392933,0.14837453636336612,0.148374536362693,0.14837453636223005,0.148374536362693,0.14837453636336612,0.14837453636299286,0.14837453636223005,0.14837453636169498,0.14837453636223005,0.14837453636299286,0.14837453636336612,0.148374536362693,0.14837453636223005,0.148374536362693,0.14837453636336612,0.14837453636392933,0.14837453636336612,0.14837453636299286,0.14837453636336612,0.14837453636392933,0.14713758223426393,0.1471375822326581,0.1471375822315489,0.1471375822326581,0.14713758223426393,0.1471375822326581,0.14713758223061227,0.1471375822291076,0.14713758223061227,0.1471375822326581,0.1471375822315489,0.1471375822291076,0.1471375822272249,0.1471375822291076,0.1471375822315489,0.1471375822326581,0.14713758223061227,0.1471375822291076,0.14713758223061227,0.1471375822326581,0.14713758223426393,0.1471375822326581,0.1471375822315489,0.1471375822326581,0.14713758223426393,0.14592511805882627,0.14592511805444233,0.14592511805121422,0.14592511805444233,0.14592511805882627,0.14592511805444233,0.14592511804833921,0.14592511804334093,0.14592511804833921,0.14592511805444233,0.14592511805121422,0.14592511804334093,0.1459251180362052,0.14592511804334093,0.14592511805121422,0.14592511805444233,0.14592511804833921,0.14592511804334093,0.14592511804833921,0.14592511805444233,0.14592511805882627,0.14592511805444233,0.14592511805121422,0.14592511805444233,0.14592511805882627,0.14473660942820066,0.14473660941704708,0.14473660940801691,0.14473660941704708,0.14473660942820066,0.14473660941704708,0.14473660939954272,0.14473660938264227,0.14473660939954272,0.14473660941704708,0.14473660940801691,0.14473660938264227,0.1447366093527176,0.14473660938264227,0.14473660940801691,0.14473660941704708,0.14473660939954272,0.14473660938264227,0.14473660939954272,0.14473660941704708,0.14473660942820066,0.14473660941704708,0.14473660940801691,0.14473660941704708,0.14473660942820066,0.14357153049378985,0.143571530468607,0.14357153044535034,0.143571530468607,0.14357153049378985,0.143571530468607,0.1435715304224486,0.1435715303659781,0.1435715304224486,0.143571530468607,0.14357153044535034,0.1435715303659781,0.1435715302242617,0.1435715303659781,0.14357153044535034,0.143571530468607,0.1435715304224486,0.1435715303659781,0.1435715304224486,0.143571530468607,0.14357153049378985,0.143571530468607,0.14357153044535034,0.143571530468607,0.14357153049378985,0.14242936423605426,0.14242936419029922,0.14242936414085736,0.14242936419029922,0.14242936423605426,0.14242936419029922,0.14242936409038023,0.14242936392313704,0.14242936409038023,0.14242936419029922,0.14242936414085736,0.14242936392313704,0.1424293631618717,0.14242936392313704,0.14242936414085736,0.14242936419029922,0.14242936409038023,0.14242936392313704,0.14242936409038023,0.14242936419029922,0.14242936423605426,0.14242936419029922,0.14242936414085736,0.14242936419029922,0.14242936423605426,0.14130960267610473,0.14130960262197623,0.14130960256171188,0.14130960262197623,0.14130960267610473,0.14130960262197623,0.14130960249960384,0.1413096022915087,0.14130960249960384,0.14130960262197623,0.14130960256171188,0.1413096022915087,0.1413096013739003,0.1413096022915087,0.14130960256171188,0.14130960262197623,0.14130960249960384,0.1413096022915087,0.14130960249960384,0.14130960262197623,0.14130960267610473,0.14130960262197623,0.14130960256171188,0.14130960262197623,0.14130960267610473,0.14021174700606873,0.14021174696434197,0.14021174691493812,0.14021174696434197,0.14021174700606873,0.14021174696434197,0.14021174686349683,0.14021174667563174,0.14021174686349683,0.14021174696434197,0.14021174691493812,0.14021174667563174,0.14021174574730505,0.14021174667563174,0.14021174691493812,0.14021174696434197,0.14021174686349683,0.14021174667563174,0.14021174686349683,0.14021174696434197,0.14021174700606873,0.14021174696434197,0.14021174691493812,0.14021174696434197,0.14021174700606873,0.13913530770020222,0.13913530769689245,0.13913530769147348,0.13913530769689245,0.13913530770020222,0.13913530769689245,0.1391353076854349,0.1391353076617151,0.1391353076854349,0.13913530769689245,0.13913530769147348,0.1391353076617151,0.13913530757245476,0.1391353076617151,0.13913530769147348,0.13913530769689245,0.1391353076854349,0.1391353076617151,0.1391353076854349,0.13913530769689245,0.13913530770020222,0.13913530769689245,0.13913530769147348,0.13913530769689245,0.13913530770020222,0.1380798045967592,0.13807980463950922,0.13807980468414022,0.13807980463950922,0.1380798045967592,0.13807980463950922,0.1380798047298455,0.13807980485940938,0.1380798047298455,0.13807980463950922,0.13807980468414022,0.13807980485940938,0.13807980523840468,0.13807980485940938,0.13807980468414022,0.13807980463950922,0.1380798047298455,0.13807980485940938,0.1380798047298455,0.13807980463950922,0.1380798045967592,0.13807980463950922,0.13807980468414022,0.13807980463950922,0.1380798045967592,0.137044766996111,0.13704476707857446,0.1370447671803017,0.13704476707857446,0.137044766996111,0.13704476707857446,0.13704476728620366,0.13704476770915602,0.13704476728620366,0.13704476707857446,0.1370447671803017,0.13704476770915602,0.13704477006988974,0.13704476770915602,0.1370447671803017,0.13704476707857446,0.13704476728620366,0.13704476770915602,0.13704476728620366,0.13704476707857446,0.137044766996111,0.13704476707857446,0.1370447671803017,0.13704476707857446,0.137044766996111,0.13602973372116947,0.13602973377993374,0.13602973383785932,0.13602973377993374,0.13602973372116947,0.13602973377993374,0.13602973389614395,0.13602973405256377,0.13602973389614395,0.13602973377993374,0.13602973383785932,0.13602973405256377,0.1360297344885042,0.13602973405256377,0.13602973383785932,0.13602973377993374,0.13602973389614395,0.13602973405256377,0.13602973389614395,0.13602973377993374,0.13602973372116947,0.13602973377993374,0.13602973383785932,0.13602973377993374,0.13602973372116947,0.1350342532409344,0.13503425327798696,0.13503425330867744,0.13503425327798696,0.1350342532409344,0.13503425327798696,0.13503425333787256,0.13503425339746022,0.13503425333787256,0.13503425327798696,0.13503425330867744,0.13503425339746022,0.13503425350613477,0.13503425339746022,0.13503425330867744,0.13503425327798696,0.13503425333787256,0.13503425339746022,0.13503425333787256,0.13503425327798696,0.1350342532409344,0.13503425327798696,0.13503425330867744,0.13503425327798696,0.1350342532409344
0.1653324875626938,0.1653324875626938,0.1653324875626938,0.1653324875626938,0.1653324875626938,0.1653324875626938,0.1653324875626938,0.1653324875626938,0.1653324875626938,0.1653324875626938,0.1653324875626938,0.1653324875626938,0.1653324875626938,0.1653324875626938,0.1653324875626938,0.1653324875626938,0.1653324875626938,0.1653324875626938,0.1653324875626938,0.1653324875626938,0.1653324875626938,0.1653324875626938,0.1653324875626938,0.1653324875626938,0.1653324875626938,0.16375749384833324,0.16375749384833324,0.16375749384833324,0.16375749384833324,0.16375749384833324,0.16375749384833324,0.16375749384833324,0.16375749384833324,0.16375749384833324,0.16375749384833324,0.16375749384833324,0.16375749384833324,0.16375749384833324,0.16375749384833324,0.16375749384833324,0.16375749384833324,0.16375749384833324,0.16375749384833324,0.16375749384833324,0.16375749384833324,0.16375749384833324,0.16375749384833324,0.16375749384833324,0.16375749384833324,0.16375749384833324,0.16221388406578707,0.16221388406578707,0.16221388406578707,0.16221388406578707,0.16221388406578707,0.16221388406578707,0.16221388406578707,0.16221388406578707,0.16221388406578707,0.16221388406578707,0.16221388406578707,0.16221388406578707,0.16221388406578707,0.16221388406578707,0.16221388406578707,0.16221388406578707,0.16221388406578707,0.16221388406578707,0.16221388406578707,0.16221388406578707,0.16221388406578707,0.16221388406578707,0.16221388406578707,0.16221388406578707,0.16221388406578707,0.1607010671720954,0.16070106717209515,0.16070106717209515,0.16070106717209515,0.1607010671720954,0.16070106717209515,0.16070106717209515,0.16070106717209515,0.16070106717209515,0.16070106717209515,0.16070106717209515,0.16070106717209515,0.16070106717209515,0.16070106717209515,0.16070106717209515,0.16070106717209515,0.16070106717209515,0.16070106717209515,0.16070106717209515,0.16070106717209515,0.1607010671720954,0.16070106717209515,0.16070106717209515,0.16070106717209515,0.1607010671720954,0.15921845154223593,0.15921845154223593,0.1592184515422357,0.15921845154223593,0.15921845154223593,0.15921845154223593,0.1592184515422357,0.1592184515422357,0.1592184515422357,0.15921845154223593,0.1592184515422357,0.1592184515422357,0.1592184515422357,0.1592184515422357,0.1592184515422357,0.15921845154223593,0.1592184515422357,0.1592184515422357,0.1592184515422357,0.15921845154223593,0.15921845154223593,0.15921845154223593,0.1592184515422357,0.15921845154223593,0.15921845154223593,0.15776544632097603,0.1577654463209758,0.1577654463209756,0.1577654463209758,0.15776544632097603,0.1577654463209758,0.1577654463209756,0.1577654463209754,0.1577654463209756,0.1577654463209758,0.1577654463209756,0.1577654463209754,0.15776544632097517,0.1577654463209754,0.1577654463209756,0.1577654463209758,0.1577654463209756,0.1577654463209754,0.1577654463209756,0.1577654463209758,0.15776544632097603,0.1577654463209758,0.1577654463209756,0.1577654463209758,0.15776544632097603,0.1563414626371948,0.15634146263719417,0.15634146263719376,0.15634146263719417,0.1563414626371948,0.15634146263719417,0.15634146263719334,0.15634146263719292,0.15634146263719334,0.15634146263719417,0.15634146263719376,0.15634146263719292,0.1563414626371925,0.15634146263719292,0.15634146263719376,0.15634146263719417,0.15634146263719334,0.15634146263719292,0.15634146263719334,0.15634146263719417,0.1563414626371948,0.15634146263719417,0.15634146263719376,0.15634146263719417,0.1563414626371948,0.15494591469094474,0.1549459146909425,0.15494591469094104,0.1549459146909425,0.15494591469094474,0.1549459146909425,0.15494591469094002,0.15494591469093857,0.15494591469094002,0.1549459146909425,0.15494591469094104,0.15494591469093857,0.15494591469093716,0.15494591469093857,0.15494591469094104,0.1549459146909425,0.15494591469094002,0.15494591469093857,0.15494591469094002,0.1549459146909425,0.15494591469094474,0.1549459146909425,0.15494591469094104,0.1549459146909425,0.15494591469094474,0.15357822072295688,0.15357822072295005,0.15357822072294564,0.15357822072295005,0.15357822072295688,0.15357822072295005,0.1535782207229426,0.153578220722938,0.1535782207229426,0.15357822072295005,0.15357822072294564,0.153578220722938,0.15357822072293317,0.153578220722938,0.15357822072294564,0.15357822072295005,0.1535782207229426,0.153578220722938,0.1535782207229426,0.15357822072295005,0.15357822072295688,0.15357822072295005,0.15357822072294564,0.15357822072295005,0.15357822072295688,0.15223780387574873,0.15223780387572747,0.1522378038757141,0.15223780387572747,0.15223780387574873,0.15223780387572747,0.15223780387570462,0.15223780387568986,0.15223780387570462,0.15223780387572747,0.1522378038757141,0.15223780387568986,0.1522378038756745,0.15223780387568986,0.1522378038757141,0.15223780387572747,0.15223780387570462,0.15223780387568986,0.15223780387570462,0.15223780387572747,0.15223780387574873,0.15223780387572747,0.1522378038757141,0.15223780387572747,0.15223780387574873,0.1509240929549429,0.15092409295487846,0.15092409295483758,0.15092409295487846,0.1509240929549429,0.15092409295487846,0.15092409295480747,0.1509240929547614,0.15092409295480747,0.15092409295487846,0.15092409295483758,0.1509240929547614,0.15092409295471218,0.1509240929547614,0.15092409295483758,0.15092409295487846,0.15092409295480747,0.1509240929547614,0.15092409295480747,0.15092409295487846,0.1509240929549429,0.15092409295487846,0.15092409295483758,0.15092409295487846,0.1509240929549429,0.149636523098896,0.14963652309870387,0.14963652309857983,0.14963652309870387,0.149636523098896,0.14963652309870387,0.14963652309848452,0.14963652309833952,0.14963652309848452,0.14963652309870387,0.14963652309857983,0.14963652309833952,0.1496365230981799,0.14963652309833952,0.14963652309857983,0.14963652309870387,0.14963652309848452,0.14963652309833952,0.14963652309848452,0.14963652309870387,0.149636523098896,0.14963652309870387,0.14963652309857983,0.14963652309870387,0.149636523098896,0.14837453636424475,0.1483745363636819,0.14837453636330902,0.1483745363636819,0.14837453636424475,0.1483745363636819,0.14837453636300935,0.14837453636254677,0.14837453636300935,0.1483745363636819,0.14837453636330902,0.14837453636254677,0.1483745363620121,0.14837453636254677,0.14837453636330902,0.1483745363636819,0.14837453636300935,0.14837453636254677,0.14837453636300935,0.1483745363636819,0.14837453636424475,0.1483745363636819,0.14837453636330902,0.1483745363636819,0.14837453636424475,0.14713758223457166,0.1471375822329671,0.14713758223185863,0.1471375822329671,0.14713758223457166,0.1471375822329671,0.14713758223092271,0.14713758222941933,0.14713758223092271,0.1471375822329671,0.14713758223185863,0.14713758222941933,0.1471375822275381,0.14713758222941933,0.14713758223185863,0.1471375822329671,0.14713758223092271,0.14713758222941933,0.14713758223092271,0.1471375822329671,0.14713758223457166,0.1471375822329671,0.14713758223185863,0.1471375822329671,0.14713758223457166,0.14592511805912384,0.14592511805474345,0.14592511805151764,0.14592511805474345,0.14592511805912384,0.14592511805474345,0.14592511804864475,0.14592511804365021,0.14592511804864475,0.14592511805474345,0.14592511805151764,0.14592511804365021,0.14592511803652,0.14592511804365021,0.14592511805151764,0.14592511805474345,0.14592511804864475,0.14592511804365021,0.14592511804864475,0.14592511805474345,0.14592511805912384,0.14592511805474345,0.14592511805151764,0.14592511805474345,0.14592511805912384,0.14473660942848113,0.14473660941733632,0.14473660940831312,0.14473660941733632,0.14473660942848113,0.14473660941733632,0.14473660939984537,0.14473660938295768,0.14473660939984537,0.14473660941733632,0.14473660940831312,0.14473660938295768,0.14473660935305502,0.14473660938295768,0.14473660940831312,0.14473660941733632,0.14473660939984537,0.14473660938295768,0.14473660939984537,0.14473660941733632,0.14473660942848113,0.14473660941733632,0.14473660940831312,0.14473660941733632,0.14473660942848113,0.1435715304940354,0.14357153046887255,0.14357153044563406,0.14357153046887255,0.1435715304940354,0.14357153046887255,0.14357153042274992,0.14357153036632184,0.14357153042274992,0.14357153046887255,0.14357153044563406,0.14357153036632184,0.14357153022470864,0.14357153036632184,0.14357153044563406,0.14357153046887255,0.14357153042274992,0.14357153036632184,0.14357153042274992,0.14357153046887255,0.1435715304940354,0.14357153046887255,0.14357153044563406,0.14357153046887255,0.1435715304940354,0.14242936423622352,0.14242936419050606,0.14242936414110358,0.14242936419050606,0.14242936423622352,0.14242936419050606,0.14242936409066645,0.14242936392355054,0.14242936409066645,0.14242936419050606,0.14242936414110358,0.14242936392355054,0.1424293631628482,0.14242936392355054,0.14242936414110358,0.14242936419050606,0.14242936409066645,0.14242936392355054,0.14242936409066645,0.14242936419050606,0.14242936423622352,0.14242936419050606,0.14242936414110358,0.14242936419050606,0.14242936423622352,0.14130960267611922,0.14130960262203957,0.14130960256182898,0.14130960262203957,0.14130960267611922,0.14130960262203957,0.14130960249977653,0.14130960229186526,0.14130960249977653,0.14130960262203957,0.14130960256182898,0.14130960229186526,0.14130960137503726,0.14130960229186526,0.14130960256182898,0.14130960262203957,0.14130960249977653,0.14130960229186526,0.14130960249977653,0.14130960262203957,0.14130960267611922,0.14130960262203957,0.14130960256182898,0.14130960262203957,0.14130960267611922,0.14021174700582573,0.14021174696414138,0.1402117469147888,0.14021174696414138,0.14021174700582573,0.14021174696414138,0.1402117468634009,0.14021174667573638,0.1402117468634009,0.14021174696414138,0.1402117469147888,0.14021174667573638,0.1402117457484482,0.14021174667573638,0.1402117469147888,0.14021174696414138,0.1402117468634009,0.14021174667573638,0.1402117468634009,0.14021174696414138,0.14021174700582573,0.14021174696414138,0.1402117469147888,0.14021174696414138,0.14021174700582573,0.13913530769961088,0.13913530769630758,0.1391353076908972,0.13913530769630758,0.13913530769961088,0.13913530769630758,0.13913530768486804,0.13913530766118068,0.13913530768486804,0.13913530769630758,0.1391353076908972,0.13913530766118068,0.13913530757203388,0.13913530766118068,0.1391353076908972,0.13913530769630758,0.13913530768486804,0.13913530766118068,0.13913530768486804,0.13913530769630758,0.13913530769961088,0.13913530769630758,0.1391353076908972,0.13913530769630758,0.13913530769961088,0.13807980459580116,0.13807980463851416,0.1380798046831062,0.13807980463851416,0.13807980459580116,0.13807980463851416,0.1380798047287715,0.13807980485822116,0.1380798047287715,0.13807980463851416,0.1380798046831062,0.13807980485822116,0.13807980523687893,0.13807980485822116,0.1380798046831062,0.13807980463851416,0.1380798047287715,0.13807980485822116,0.1380798047287715,0.13807980463851416,0.13807980459580116,0.13807980463851416,0.1380798046831062,0.13807980463851416,0.13807980459580116,0.13704476699485757,0.137044767077247,0.13704476717888256,0.137044767077247,0.13704476699485757,0.137044767077247,0.1370447672846889,0.13704476770725843,0.1370447672846889,0.137044767077247,0.13704476717888256,0.13704476770725843,0.13704477006585034,0.13704476770725843,0.13704476717888256,0.137044767077247,0.1370447672846889,0.13704476770725843,0.1370447672846889,0.137044767077247,0.13704476699485757,0.137044767077247,0.13704476717888256,0.137044767077247,0.13704476699485757,0.1360297337197692,0.13602973377848043,0.13602973383635367,0.13602973377848043,0.1360297337197692,0.13602973377848043,0.13602973389458564,0.13602973405086383,0.13602973389458564,0.13602973377848043,0.13602973383635367,0.13602973405086383,0.1360297344864091,0.13602973405086383,0.13602973383635367,0.13602973377848043,0.13602973389458564,0.13602973405086383,0.13602973389458564,0.13602973377848043,0.1360297337197692,0.13602973377848043,0.13602973383635367,0.13602973377848043,0.1360297337197692,0.1350342532394941,0.13503425327651317,0.13503425330717583,0.13503425327651317,0.1350342532394941,0.13503425327651317,0.13503425333634464,0.13503425339587835,0.13503425333634464,0.13503425327651317,0.13503425330717583,0.13503425339587835,0.13503425350445433,0.13503425339587835,0.13503425330717583,0.13503425327651317,0.13503425333634464,0.13503425339587835,0.13503425333634464,0.13503425327651317,0.1350342532394941,0.13503425327651317,0.13503425330717583,0.13503425327651317,0.1350342532394941
0.16533248756309615,0.16533248756309615,0.16533248756309615,0.16533248756309615,0.16533248756309615,0.16533248756309615,0.16533248756309615,0.16533248756309615,0.16533248756309615,0.16533248756309615,0.16533248756309615,0.16533248756309615,0.16533248756309615,0.16533248756309615,0.16533248756309615,0.16533248756309615,0.16533248756309615,0.16533248756309615,0.16533248756309615,0.16533248756309615,0.16533248756309615,0.16533248756309615,0.16533248756309615,0.16533248756309615,0.16533248756309615,0.1637574938487278,0.1637574938487278,0.1637574938487278,0.1637574938487278,0.1637574938487278,0.1637574938487278,0.1637574938487278,0.1637574938487278,0.1637574938487278,0.1637574938487278,0.1637574938487278,0.1637574938487278,0.1637574938487278,0.1637574938487278,0.1637574938487278,0.1637574938487278,0.1637574938487278,0.1637574938487278,0.1637574938487278,0.1637574938487278,0.1637574938487278,0.1637574938487278,0.1637574938487278,0.1637574938487278,0.1637574938487278,0.1622138840661735,0.1622138840661735,0.1622138840661735,0.1622138840661735,0.1622138840661735,0.1622138840661735,0.1622138840661735,0.1622138840661735,0.1622138840661735,0.1622138840661735,0.1622138840661735,0.1622138840661735,0.1622138840661735,0.1622138840661735,0.1622138840661735,0.1622138840661735,0.1622138840661735,0.1622138840661735,0.1622138840661735,0.1622138840661735,0.1622138840661735,0.1622138840661735,0.1622138840661735,0.1622138840661735,0.1622138840661735,0.16070106717247415,0.16070106717247415,0.16070106717247415,0.16070106717247415,0.16070106717247415,0.16070106717247415,0.16070106717247415,0.16070106717247415,0.16070106717247415,0.16070106717247415,0.16070106717247415,0.16070106717247415,0.16070106717247393,0.16070106717247415,0.16070106717247415,0.16070106717247415,0.16070106717247415,0.16070106717247415,0.16070106717247415,0.16070106717247415,0.16070106717247415,0.16070106717247415,0.16070106717247415,0.16070106717247415,0.16070106717247415,0.15921845154260714,0.15921845154260714,0.15921845154260714,0.15921845154260714,0.15921845154260714,0.15921845154260714,0.15921845154260691,0.15921845154260691,0.15921845154260691,0.15921845154260714,0.15921845154260714,0.15921845154260691,0.15921845154260691,0.15921845154260691,0.15921845154260714,0.15921845154260714,0.15921845154260691,0.15921845154260691,0.15921845154260691,0.15921845154260714,0.15921845154260714,0.15921845154260714,0.15921845154260714,0.15921845154260714,0.15921845154260714,0.15776544632133982,0.1577654463213396,0.1577654463213394,0.1577654463213396,0.15776544632133982,0.1577654463213396,0.1577654463213394,0.15776544632133915,0.1577654463213394,0.1577654463213396,0.1577654463213394,0.15776544632133915,0.157765446321339,0.15776544632133915,0.1577654463213394,0.1577654463213396,0.1577654463213394,0.15776544632133915,0.1577654463213394,0.1577654463213396,0.15776544632133982,0.1577654463213396,0.1577654463213394,0.1577654463213396,0.15776544632133982,0.15634146263755133,0.15634146263755072,0.15634146263755005,0.15634146263755072,0.15634146263755133,0.15634146263755072,0.15634146263754986,0.15634146263754944,0.15634146263754986,0.15634146263755072,0.15634146263755005,0.15634146263754944,0.1563414626375488,0.15634146263754944,0.15634146263755005,0.15634146263755072,0.15634146263754986,0.15634146263754944,0.15634146263754986,0.15634146263755072,0.15634146263755133,0.15634146263755072,0.15634146263755005,0.15634146263755072,0.15634146263755133,0.1549459146912939,0.15494591469129168,0.15494591469129024,0.15494591469129168,0.1549459146912939,0.15494591469129168,0.1549459146912894,0.154945914691288,0.1549459146912894,0.15494591469129168,0.15494591469129024,0.154945914691288,0.15494591469128632,0.154945914691288,0.15494591469129024,0.15494591469129168,0.1549459146912894,0.154945914691288,0.1549459146912894,0.15494591469129168,0.1549459146912939,0.15494591469129168,0.15494591469129024,0.15494591469129168,0.1549459146912939,0.15357822072329932,0.15357822072329227,0.1535782207232879,0.15357822072329227,0.15357822072329932,0.15357822072329227,0.15357822072328506,0.15357822072328042,0.15357822072328506,0.15357822072329227,0.1535782207232879,0.15357822072328042,0.1535782207232756,0.15357822072328042,0.1535782207232879,0.15357822072329227,0.15357822072328506,0.15357822072328042,0.15357822072328506,0.15357822072329227,0.15357822072329932,0.15357822072329227,0.1535782207232879,0.15357822072329227,0.15357822072329932,0.15223780387608413,0.15223780387606287,0.1522378038760495,0.15223780387606287,0.15223780387608413,0.15223780387606287,0.15223780387604002,0.15223780387602548,0.15223780387604002,0.15223780387606287,0.1522378038760495,0.15223780387602548,0.15223780387600994,0.15223780387602548,0.1522378038760495,0.15223780387606287,0.15223780387604002,0.15223780387602548,0.15223780387604002,0.15223780387606287,0.15223780387608413,0.15223780387606287,0.1522378038760495,0.15223780387606287,0.15223780387608413,0.15092409295527165,0.1509240929552072,0.15092409295516632,0.1509240929552072,0.15092409295527165,0.1509240929552072,0.1509240929551362,0.15092409295509013,0.1509240929551362,0.1509240929552072,0.15092409295516632,0.15092409295509013,0.15092409295504092,0.15092409295509013,0.15092409295516632,0.1509240929552072,0.1509240929551362,0.15092409295509013,0.1509240929551362,0.1509240929552072,0.15092409295527165,0.1509240929552072,0.15092409295516632,0.1509240929552072,0.15092409295527165,0.14963652309921802,0.1496365230990261,0.14963652309890205,0.1496365230990261,0.14963652309921802,0.1496365230990261,0.14963652309880673,0.1496365230986619,0.14963652309880673,0.1496365230990261,0.14963652309890205,0.1496365230986619,0.1496365230985025,0.1496365230986619,0.14963652309890205,0.1496365230990261,0.14963652309880673,0.1496365230986619,0.14963652309880673,0.1496365230990261,0.14963652309921802,0.1496365230990261,0.14963652309890205,0.1496365230990261,0.14963652309921802,0.14837453636455983,0.14837453636399733,0.14837453636362483,0.14837453636399733,0.14837453636455983,0.14837453636399733,0.14837453636332534,0.14837453636286313,0.14837453636332534,0.14837453636399733,0.14837453636362483,0.14837453636286313,0.1483745363623288,0.14837453636286313,0.14837453636362483,0.14837453636399733,0.14837453636332534,0.14837453636286313,0.14837453636332534,0.14837453636399733,0.14837453636455983,0.14837453636399733,0.14837453636362483,0.14837453636399733,0.14837453636455983,0.14713758223487902,0.14713758223327555,0.14713758223216816,0.14713758223327555,0.14713758223487902,0.14713758223327555,0.1471375822312328,0.1471375822297305,0.1471375822312328,0.14713758223327555,0.14713758223216816,0.1471375822297305,0.14713758222785073,0.1471375822297305,0.14713758223216816,0.14713758223327555,0.1471375822312328,0.1471375822297305,0.1471375822312328,0.14713758223327555,0.14713758223487902,0.14713758223327555,0.14713758223216816,0.14713758223327555,0.14713758223487902,0.14592511805942102,0.14592511805504402,0.1459251180518207,0.14592511805504402,0.14592511805942102,0.14592511805504402,0.14592511804895014,0.14592511804395936,0.14592511804895014,0.14592511805504402,0.1459251180518207,0.14592511804395936,0.1459251180368343,0.14592511804395936,0.1459251180518207,0.14592511805504402,0.14592511804895014,0.14592511804395936,0.14592511804895014,0.14592511805504402,0.14592511805942102,0.14592511805504402,0.1459251180518207,0.14592511805504402,0.14592511805942102,0.14473660942876146,0.14473660941762537,0.14473660940860897,0.14473660941762537,0.14473660942876146,0.14473660941762537,0.1447366094001477,0.14473660938327257,0.1447366094001477,0.14473660941762537,0.14473660940860897,0.14473660938327257,0.14473660935339208,0.14473660938327257,0.14473660940860897,0.14473660941762537,0.1447366094001477,0.14473660938327257,0.1447366094001477,0.14473660941762537,0.14473660942876146,0.14473660941762537,0.14473660940860897,0.14473660941762537,0.14473660942876146,0.14357153049428076,0.1435715304691378,0.14357153044591725,0.1435715304691378,0.14357153049428076,0.1435715304691378,0.14357153042305074,0.1435715303666651,0.14357153042305074,0.1435715304691378,0.14357153044591725,0.1435715303666651,0.14357153022515526,0.1435715303666651,0.14357153044591725,0.1435715304691378,0.14357153042305074,0.1435715303666651,0.14357153042305074,0.1435715304691378,0.14357153049428076,0.1435715304691378,0.14357153044591725,0.1435715304691378,0.14357153049428076,0.14242936423639263,0.1424293641907126,0.14242936414134952,0.1424293641907126,0.14242936423639263,0.1424293641907126,0.14242936409095247,0.14242936392396358,0.14242936409095247,0.1424293641907126,0.14242936414134952,0.14242936392396358,0.14242936316378427,0.14242936392396358,0.14242936414134952,0.1424293641907126,0.14242936409095247,0.14242936392396358,0.14242936409095247,0.1424293641907126,0.14242936423639263,0.1424293641907126,0.14242936414134952,0.1424293641907126,0.14242936423639263,0.14130960267613352,0.14130960262210254,0.14130960256194572,0.14130960262210254,0.14130960267613352,0.14130960262210254,0.14130960249994887,0.14130960229222117,0.14130960249994887,0.14130960262210254,0.14130960256194572,0.14130960229222117,0.14130960137620183,0.14130960229222117,0.14130960256194572,0.14130960262210254,0.14130960249994887,0.14130960229222117,0.14130960249994887,0.14130960262210254,0.14130960267613352,0.14130960262210254,0.14130960256194572,0.14130960262210254,0.14130960267613352,0.14021174700558287,0.14021174696394093,0.1402117469146393,0.14021174696394093,0.14021174700558287,0.14021174696394093,0.1402117468633048,0.14021174667584071,0.1402117468633048,0.14021174696394093,0.1402117469146393,0.14021174667584071,0.14021174574957468,0.14021174667584071,0.1402117469146393,0.14021174696394093,0.1402117468633048,0.14021174667584071,0.1402117468633048,0.14021174696394093,0.14021174700558287,0.14021174696394093,0.1402117469146393,0.14021174696394093,0.14021174700558287,0.1391353076990202,0.13913530769572338,0.13913530769032165,0.13913530769572338,0.1391353076990202,0.13913530769572338,0.13913530768430185,0.1391353076606469,0.13913530768430185,0.13913530769572338,0.13913530769032165,0.1391353076606469,0.13913530757161316,0.1391353076606469,0.13913530769032165,0.13913530769572338,0.13913530768430185,0.1391353076606469,0.13913530768430185,0.13913530769572338,0.1391353076990202,0.13913530769572338,0.13913530769032165,0.13913530769572338,0.1391353076990202,0.13807980459484442,0.13807980463752031,0.13807980468207365,0.13807980463752031,0.13807980459484442,0.13807980463752031,0.1380798047276991,0.13807980485703447,0.1380798047276991,0.13807980463752031,0.13807980468207365,0.13807980485703447,0.13807980523535532,0.13807980485703447,0.13807980468207365,0.13807980463752031,0.1380798047276991,0.13807980485703447,0.1380798047276991,0.13807980463752048,0.13807980459484442,0.13807980463752031,0.13807980468207365,0.13807980463752048,0.13807980459484442,0.13704476699360582,0.1370447670759214,0.1370447671774654,0.1370447670759214,0.13704476699360582,0.1370447670759214,0.13704476728317624,0.13704476770536358,0.13704476728317624,0.1370447670759214,0.1370447671774654,0.13704476770536358,0.1370447700618175,0.13704476770536358,0.1370447671774654,0.1370447670759214,0.13704476728317624,0.13704476770536358,0.13704476728317624,0.1370447670759214,0.13704476699360582,0.1370447670759214,0.1370447671774654,0.1370447670759214,0.13704476699360582,0.13602973371837102,0.13602973377702932,0.1360297338348502,0.13602973377702932,0.13602973371837102,0.13602973377702932,0.13602973389302955,0.13602973404916643,0.13602973389302955,0.13602973377702932,0.1360297338348502,0.13602973404916643,0.13602973448431702,0.13602973404916643,0.1360297338348502,0.13602973377702932,0.13602973389302955,0.13602973404916643,0.13602973389302955,0.13602973377702932,0.13602973371837102,0.13602973377702932,0.1360297338348502,0.13602973377702932,0.13602973371837102,0.13503425323805598,0.13503425327504157,0.13503425330567645,0.13503425327504157,0.13503425323805598,0.13503425327504157,0.13503425333481878,0.1350342533942987,0.13503425333481878,0.13503425327504157,0.13503425330567645,0.1350342533942987,0.13503425350277637,0.1350342533942987,0.13503425330567645,0.13503425327504157,0.13503425333481878,0.1350342533942987,0.13503425333481878,0.13503425327504157,0.13503425323805598,0.13503425327504157,0.13503425330567645,0.13503425327504157,0.13503425323805598
0.16533248756349805,0.16533248756349805,0.16533248756349805,0.16533248756349805,0.16533248756349805,0.16533248756349805,0.16533248756349805,0.16533248756349805,0.16533248756349805,0.16533248756349805,0.16533248756349805,0.16533248756349805,0.16533248756349805,0.16533248756349805,0.16533248756349805,0.16533248756349805,0.16533248756349805,0.16533248756349805,0.16533248756349805,0.16533248756349805,0.16533248756349805,0.16533248756349805,0.16533248756349805,0.16533248756349805,0.16533248756349805,0.16375749384912167,0.16375749384912167,0.16375749384912167,0.16375749384912167,0.16375749384912167,0.16375749384912167,0.16375749384912167,0.16375749384912167,0.16375749384912167,0.16375749384912167,0.16375749384912167,0.16375749384912167,0.16375749384912167,0.16375749384912167,0.16375749384912167,0.16375749384912167,0.16375749384912167,0.16375749384912167,0.16375749384912167,0.16375749384912167,0.16375749384912167,0.16375749384912167,0.16375749384912167,0.16375749384912167,0.16375749384912167,0.16221388406655957,0.16221388406655957,0.16221388406655957,0.16221388406655957,0.16221388406655957,0.16221388406655957,0.16221388406655957,0.16221388406655957,0.16221388406655957,0.16221388406655957,0.16221388406655957,0.16221388406655957,0.16221388406655957,0.16221388406655957,0.16221388406655957,0.16221388406655957,0.16221388406655957,0.16221388406655957,0.16221388406655957,0.16221388406655957,0.16221388406655957,0.16221388406655957,0.16221388406655957,0.16221388406655957,0.16221388406655957,0.16070106717285226,0.16070106717285226,0.16070106717285226,0.16070106717285226,0.16070106717285226,0.16070106717285226,0.16070106717285226,0.16070106717285226,0.16070106717285226,0.16070106717285226,0.16070106717285226,0.16070106717285226,0.16070106717285226,0.16070106717285226,0.16070106717285226,0.16070106717285226,0.16070106717285226,0.16070106717285226,0.16070106717285226,0.16070106717285226,0.16070106717285226,0.16070106717285226,0.16070106717285226,0.16070106717285226,0.16070106717285226,0.1592184515429779,0.15921845154297767,0.15921845154297767,0.15921845154297767,0.1592184515429779,0.15921845154297767,0.15921845154297767,0.15921845154297767,0.15921845154297767,0.15921845154297767,0.15921845154297767,0.15921845154297767,0.15921845154297767,0.15921845154297767,0.15921845154297767,0.15921845154297767,0.15921845154297767,0.15921845154297767,0.15921845154297767,0.15921845154297767,0.1592184515429779,0.15921845154297767,0.15921845154297767,0.15921845154297767,0.1592184515429779,0.15776544632170297,0.15776544632170275,0.15776544632170275,0.15776544632170275,0.15776544632170297,0.15776544632170275,0.15776544632170256,0.15776544632170256,0.15776544632170256,0.15776544632170275,0.15776544632170275,0.15776544632170256,0.15776544632170234,0.15776544632170256,0.15776544632170275,0.15776544632170275,0.15776544632170256,0.15776544632170256,0.15776544632170256,0.15776544632170275,0.15776544632170297,0.15776544632170275,0.15776544632170275,0.15776544632170275,0.15776544632170297,0.15634146263790724,0.1563414626379066,0.1563414626379062,0.1563414626379066,0.15634146263790724,0.1563414626379066,0.15634146263790577,0.15634146263790535,0.15634146263790577,0.1563414626379066,0.1563414626379062,0.15634146263790535,0.1563414626379049,0.15634146263790535,0.1563414626379062,0.1563414626379066,0.15634146263790577,0.15634146263790535,0.15634146263790577,0.1563414626379066,0.15634146263790724,0.1563414626379066,0.1563414626379062,0.1563414626379066,0.15634146263790724,0.15494591469164273,0.15494591469164046,0.15494591469163924,0.15494591469164046,0.15494591469164273,0.15494591469164046,0.1549459146916382,0.1549459146916368,0.1549459146916382,0.15494591469164046,0.15494591469163924,0.1549459146916368,0.15494591469163535,0.1549459146916368,0.15494591469163924,0.15494591469164046,0.1549459146916382,0.1549459146916368,0.1549459146916382,0.15494591469164046,0.15494591469164273,0.15494591469164046,0.15494591469163924,0.15494591469164046,0.15494591469164273,0.15357822072364116,0.15357822072363414,0.15357822072362973,0.15357822072363414,0.15357822072364116,0.15357822072363414,0.1535782207236269,0.15357822072362226,0.1535782207236269,0.15357822072363414,0.15357822072362973,0.15357822072362226,0.15357822072361746,0.15357822072362226,0.15357822072362973,0.15357822072363414,0.1535782207236269,0.15357822072362226,0.1535782207236269,0.15357822072363414,0.15357822072364116,0.15357822072363414,0.15357822072362973,0.15357822072363414,0.15357822072364116,0.15223780387641916,0.1522378038763979,0.1522378038763845,0.1522378038763979,0.15223780387641916,0.1522378038763979,0.15223780387637506,0.15223780387636052,0.15223780387637506,0.1522378038763979,0.1522378038763845,0.15223780387636052,0.15223780387634495,0.15223780387636052,0.1522378038763845,0.1522378038763979,0.15223780387637506,0.15223780387636052,0.15223780387637506,0.1522378038763979,0.15223780387641916,0.1522378038763979,0.1522378038763845,0.1522378038763979,0.15223780387641916,0.1509240929555998,0.15092409295553558,0.15092409295549464,0.15092409295553558,0.1509240929555998,0.15092409295553558,0.15092409295546436,0.15092409295541845,0.15092409295546436,0.15092409295553558,0.15092409295549464,0.15092409295541845,0.15092409295536946,0.15092409295541845,0.15092409295549464,0.15092409295553558,0.15092409295546436,0.15092409295541845,0.15092409295546436,0.15092409295553558,0.1509240929555998,0.15092409295553558,0.15092409295549464,0.15092409295553558,0.1509240929555998,0.14963652309953943,0.1496365230993477,0.14963652309922387,0.1496365230993477,0.14963652309953943,0.1496365230993477,0.14963652309912856,0.1496365230989839,0.14963652309912856,0.1496365230993477,0.14963652309922387,0.1496365230989839,0.14963652309882453,0.1496365230989839,0.14963652309922387,0.1496365230993477,0.14963652309912856,0.1496365230989839,0.14963652309912856,0.1496365230993477,0.14963652309953943,0.1496365230993477,0.14963652309922387,0.1496365230993477,0.14963652309953943,0.14837453636487433,0.14837453636431241,0.14837453636394007,0.14837453636431241,0.14837453636487433,0.14837453636431241,0.14837453636364079,0.14837453636317893,0.14837453636364079,0.14837453636431241,0.14837453636394007,0.14837453636317893,0.1483745363626452,0.14837453636317893,0.14837453636394007,0.14837453636431241,0.14837453636364079,0.14837453636317893,0.14837453636364079,0.14837453636431241,0.14837453636487433,0.14837453636431241,0.14837453636394007,0.14837453636431241,0.14837453636487433,0.14713758223518583,0.1471375822335838,0.14713758223247717,0.1471375822335838,0.14713758223518583,0.1471375822335838,0.14713758223154255,0.14713758223004134,0.14713758223154255,0.1471375822335838,0.14713758223247717,0.14713758223004134,0.147137582228163,0.14713758223004134,0.14713758223247717,0.1471375822335838,0.14713758223154255,0.14713758223004134,0.14713758223154255,0.1471375822335838,0.14713758223518583,0.1471375822335838,0.14713758223247717,0.1471375822335838,0.14713758223518583,0.14592511805971786,0.14592511805534425,0.1459251180521234,0.14592511805534425,0.14592511805971786,0.14592511805534425,0.14592511804925498,0.14592511804426794,0.14592511804925498,0.14592511805534425,0.1459251180521234,0.14592511804426794,0.14592511803714822,0.14592511804426794,0.1459251180521234,0.14592511805534425,0.14592511804925498,0.14592511804426794,0.14592511804925498,0.14592511805534425,0.14592511805971786,0.14592511805534425,0.1459251180521234,0.14592511805534425,0.14592511805971786,0.14473660942904126,0.14473660941791372,0.14473660940890434,0.14473660941791372,0.14473660942904126,0.14473660941791372,0.14473660940044966,0.1447366093835871,0.14473660940044966,0.14473660941791372,0.14473660940890434,0.1447366093835871,0.1447366093537286,0.1447366093835871,0.14473660940890434,0.14473660941791372,0.14473660940044966,0.1447366093835871,0.14473660940044966,0.14473660941791372,0.14473660942904126,0.14473660941791372,0.14473660940890434,0.14473660941791372,0.14473660942904126,0.14357153049452578,0.1435715304694025,0.1435715304462001,0.1435715304694025,0.14357153049452578,0.1435715304694025,0.14357153042335122,0.143571530367008,0.14357153042335122,0.1435715304694025,0.1435715304462001,0.143571530367008,0.14357153022560115,0.143571530367008,0.1435715304462001,0.1435715304694025,0.14357153042335122,0.143571530367008,0.14357153042335122,0.1435715304694025,0.14357153049452578,0.1435715304694025,0.1435715304462001,0.1435715304694025,0.14357153049452578,0.14242936423656136,0.14242936419091853,0.14242936414159493,0.14242936419091853,0.14242936423656136,0.14242936419091853,0.14242936409123796,0.14242936392437622,0.14242936409123796,0.14242936419091853,0.14242936414159493,0.14242936392437622,0.14242936316476845,0.14242936392437622,0.14242936414159493,0.14242936419091853,0.14242936409123796,0.14242936392437622,0.14242936409123796,0.14242936419091853,0.14242936423656136,0.14242936419091853,0.14242936414159493,0.14242936419091853,0.14242936423656136,0.1413096026761478,0.14130960262216538,0.14130960256206235,0.14130960262216538,0.1413096026761478,0.14130960262216538,0.14130960250012076,0.14130960229257641,0.14130960250012076,0.14130960262216538,0.14130960256206235,0.14130960229257641,0.14130960137732332,0.14130960229257641,0.14130960256206235,0.14130960262216538,0.14130960250012076,0.14130960229257641,0.14130960250012076,0.14130960262216538,0.1413096026761478,0.14130960262216538,0.14130960256206235,0.14130960262216538,0.1413096026761478,0.14021174700534034,0.14021174696374067,0.14021174691449,0.14021174696374067,0.14021174700534034,0.14021174696374067,0.1402117468632085,0.1402117466759444,0.1402117468632085,0.14021174696374067,0.14021174691449,0.1402117466759444,0.14021174575070813,0.1402117466759444,0.14021174691449,0.14021174696374067,0.1402117468632085,0.1402117466759444,0.1402117468632085,0.14021174696374067,0.14021174700534034,0.14021174696374067,0.14021174691449,0.14021174696374067,0.14021174700534034,0.1391353076984301,0.13913530769513976,0.13913530768974675,0.13913530769513976,0.1391353076984301,0.13913530769513976,0.13913530768373614,0.13913530766011376,0.13913530768373614,0.13913530769513976,0.13913530768974675,0.13913530766011376,0.13913530757119258,0.13913530766011376,0.13913530768974675,0.13913530769513976,0.13913530768373614,0.13913530766011376,0.13913530768373614,0.13913530769513976,0.1391353076984301,0.13913530769513976,0.13913530768974675,0.13913530769513976,0.1391353076984301,0.13807980459388888,0.13807980463652791,0.13807980468104233,0.13807980463652791,0.13807980459388888,0.13807980463652791,0.1380798047266279,0.1380798048558495,0.1380798047266279,0.13807980463652791,0.13807980468104233,0.1380798048558495,0.13807980523383376,0.1380798048558495,0.13807980468104233,0.13807980463652791,0.1380798047266279,0.1380798048558495,0.1380798047266279,0.13807980463652791,0.13807980459388888,0.13807980463652791,0.13807980468104233,0.13807980463652791,0.13807980459388888,0.1370447669923559,0.13704476707459756,0.13704476717605005,0.13704476707459756,0.1370447669923559,0.13704476707459756,0.13704476728166573,0.1370447677034714,0.13704476728166573,0.13704476707459756,0.13704476717605005,0.1370447677034714,0.1370447700577919,0.1370447677034714,0.13704476717605005,0.13704476707459756,0.13704476728166573,0.1370447677034714,0.13704476728166573,0.13704476707459756,0.1370447669923559,0.13704476707459756,0.13704476717605005,0.13704476707459756,0.1370447669923559,0.13602973371697466,0.13602973377558014,0.13602973383334885,0.13602973377558014,0.13602973371697466,0.13602973377558014,0.13602973389147557,0.13602973404747123,0.13602973389147557,0.13602973377558014,0.13602973383334885,0.13602973404747123,0.13602973448222785,0.13602973404747123,0.13602973383334885,0.13602973377558014,0.13602973389147557,0.13602973404747123,0.13602973389147557,0.13602973377558014,0.13602973371697466,0.13602973377558014,0.13602973383334885,0.13602973377558014,0.13602973371697466,0.13503425323661963,0.13503425327357185,0.13503425330417926,0.13503425327357185,0.13503425323661963,0.13503425327357185,0.1350342533332951,0.13503425339272118,0.1350342533332951,0.13503425327357185,0.13503425330417926,0.13503425339272118,0.1350342535011008,0.13503425339272118,0.13503425330417926,0.13503425327357185,0.1350342533332951,0.13503425339272118,0.1350342533332951,0.13503425327357185,0.13503425323661963,0.13503425327357185,0.13503425330417926,0.13503425327357185,0.13503425323661963
0.16533248756389948,0.16533248756389948,0.16533248756389948,0.16533248756389948,0.16533248756389948,0.16533248756389948,0.16533248756389948,0.16533248756389948,0.16533248756389948,0.16533248756389948,0.16533248756389948,0.16533248756389948,0.16533248756389948,0.16533248756389948,0.16533248756389948,0.16533248756389948,0.16533248756389948,0.16533248756389948,0.16533248756389948,0.16533248756389948,0.16533248756389948,0.16533248756389948,0.16533248756389948,0.16533248756389948,0.16533248756389948,0.16375749384951485,0.16375749384951485,0.16375749384951485,0.16375749384951485,0.16375749384951485,0.16375749384951485,0.16375749384951485,0.16375749384951485,0.16375749384951485,0.16375749384951485,0.16375749384951485,0.16375749384951485,0.16375749384951485,0.16375749384951485,0.16375749384951485,0.16375749384951485,0.16375749384951485,0.16375749384951485,0.16375749384951485,0.16375749384951485,0.16375749384951485,0.16375749384951485,0.16375749384951485,0.16375749384951485,0.16375749384951485,0.16221388406694515,0.16221388406694515,0.16221388406694515,0.16221388406694515,0.16221388406694515,0.16221388406694515,0.16221388406694515,0.16221388406694515,0.16221388406694515,0.16221388406694515,0.16221388406694515,0.16221388406694515,0.16221388406694515,0.16221388406694515,0.16221388406694515,0.16221388406694515,0.16221388406694515,0.16221388406694515,0.16221388406694515,0.16221388406694515,0.16221388406694515,0.16221388406694515,0.16221388406694515,0.16221388406694515,0.16221388406694515,0.16070106717323013,0.16070106717323013,0.16070106717323013,0.16070106717323013,0.16070106717323013,0.16070106717323013,0.16070106717323013,0.16070106717323013,0.16070106717323013,0.16070106717323013,0.16070106717323013,0.16070106717323013,0.16070106717323013,0.16070106717323013,0.16070106717323013,0.16070106717323013,0.16070106717323013,0.16070106717323013,0.16070106717323013,0.16070106717323013,0.16070106717323013,0.16070106717323013,0.16070106717323013,0.16070106717323013,0.16070106717323013,0.15921845154334802,0.15921845154334802,0.15921845154334802,0.15921845154334802,0.15921845154334802,0.15921845154334802,0.15921845154334802,0.15921845154334782,0.15921845154334802,0.15921845154334802,0.15921845154334802,0.15921845154334782,0.15921845154334782,0.15921845154334782,0.15921845154334802,0.15921845154334802,0.15921845154334802,0.15921845154334782,0.15921845154334802,0.15921845154334802,0.15921845154334802,0.15921845154334802,0.15921845154334802,0.15921845154334802,0.15921845154334802,0.1577654463220659,0.15776544632206568,0.1577654463220655,0.15776544632206568,0.1577654463220659,0.15776544632206568,0.1577654463220655,0.15776544632206527,0.1577654463220655,0.15776544632206568,0.1577654463220655,0.15776544632206527,0.15776544632206504,0.15776544632206527,0.1577654463220655,0.15776544632206568,0.1577654463220655,0.15776544632206527,0.1577654463220655,0.15776544632206568,0.1577654463220659,0.15776544632206568,0.1577654463220655,0.15776544632206568,0.1577654463220659,0.15634146263826293,0.15634146263826207,0.15634146263826165,0.15634146263826207,0.15634146263826293,0.15634146263826207,0.15634146263826143,0.15634146263826082,0.15634146263826143,0.15634146263826207,0.15634146263826165,0.15634146263826082,0.1563414626382604,0.15634146263826082,0.15634146263826165,0.15634146263826207,0.15634146263826143,0.15634146263826082,0.15634146263826143,0.15634146263826207,0.15634146263826293,0.15634146263826207,0.15634146263826165,0.15634146263826207,0.15634146263826293,0.15494591469199132,0.15494591469198907,0.15494591469198762,0.15494591469198907,0.15494591469199132,0.15494591469198907,0.1549459146919866,0.15494591469198515,0.1549459146919866,0.15494591469198907,0.15494591469198762,0.15494591469198515,0.15494591469198374,0.15494591469198515,0.15494591469198762,0.15494591469198907,0.1549459146919866,0.15494591469198515,0.1549459146919866,0.15494591469198907,0.15494591469199132,0.15494591469198907,0.15494591469198762,0.15494591469198907,0.15494591469199132,0.15357822072398258,0.15357822072397556,0.15357822072397115,0.15357822072397556,0.15357822072398258,0.15357822072397556,0.15357822072396832,0.1535782207239637,0.15357822072396832,0.15357822072397556,0.15357822072397115,0.1535782207239637,0.1535782207239589,0.1535782207239637,0.15357822072397115,0.15357822072397556,0.15357822072396832,0.1535782207239637,0.15357822072396832,0.15357822072397556,0.15357822072398258,0.15357822072397556,0.15357822072397115,0.15357822072397556,0.15357822072398258,0.15223780387675379,0.15223780387673252,0.15223780387671912,0.15223780387673252,0.15223780387675379,0.15223780387673252,0.1522378038767097,0.15223780387669514,0.1522378038767097,0.15223780387673252,0.15223780387671912,0.15223780387669514,0.15223780387667957,0.15223780387669514,0.15223780387671912,0.15223780387673252,0.1522378038767097,0.15223780387669514,0.1522378038767097,0.15223780387673252,0.15223780387675379,0.15223780387673252,0.15223780387671912,0.15223780387673252,0.15223780387675379,0.15092409295592757,0.15092409295586334,0.15092409295582243,0.15092409295586334,0.15092409295592757,0.15092409295586334,0.15092409295579237,0.1509240929557464,0.15092409295579237,0.15092409295586334,0.15092409295582243,0.1509240929557464,0.15092409295569745,0.1509240929557464,0.15092409295582243,0.15092409295586334,0.15092409295579237,0.1509240929557464,0.15092409295579237,0.15092409295586334,0.15092409295592757,0.15092409295586334,0.15092409295582243,0.15092409295586334,0.15092409295592757,0.1496365230998605,0.14963652309966877,0.1496365230995451,0.14963652309966877,0.1496365230998605,0.14963652309966877,0.14963652309945,0.14963652309930534,0.14963652309945,0.14963652309966877,0.1496365230995451,0.14963652309930534,0.14963652309914613,0.14963652309930534,0.1496365230995451,0.14963652309966877,0.14963652309945,0.14963652309930534,0.14963652309945,0.14963652309966877,0.1496365230998605,0.14963652309966877,0.1496365230995451,0.14963652309966877,0.1496365230998605,0.14837453636518866,0.1483745363646271,0.14837453636425493,0.1483745363646271,0.14837453636518866,0.1483745363646271,0.14837453636395584,0.14837453636349437,0.14837453636395584,0.1483745363646271,0.14837453636425493,0.14837453636349437,0.14837453636296097,0.14837453636349437,0.14837453636425493,0.1483745363646271,0.14837453636395584,0.14837453636349437,0.14837453636395584,0.1483745363646271,0.14837453636518866,0.1483745363646271,0.14837453636425493,0.1483745363646271,0.14837453636518866,0.14713758223549248,0.14713758223389156,0.14713758223278578,0.14713758223389156,0.14713758223549248,0.14713758223389156,0.1471375822318519,0.14713758223035178,0.1471375822318519,0.14713758223389156,0.14713758223278578,0.14713758223035178,0.1471375822284747,0.14713758223035178,0.14713758223278578,0.14713758223389156,0.1471375822318519,0.14713758223035178,0.1471375822318519,0.14713758223389156,0.14713758223549248,0.14713758223389156,0.14713758223278578,0.14713758223389156,0.14713758223549248,0.14592511806001432,0.1459251180556441,0.14592511805242558,0.1459251180556441,0.14592511806001432,0.1459251180556441,0.1459251180495593,0.14592511804457617,0.1459251180495593,0.1459251180556441,0.14592511805242558,0.14592511804457617,0.1459251180374616,0.14592511804457617,0.14592511805242558,0.1459251180556441,0.1459251180495593,0.14592511804457617,0.1459251180495593,0.1459251180556441,0.14592511806001432,0.1459251180556441,0.14592511805242558,0.1459251180556441,0.14592511806001432,0.1447366094293209,0.1447366094182019,0.1447366094091995,0.1447366094182019,0.1447366094293209,0.1447366094182019,0.14473660940075112,0.1447366093839013,0.14473660940075112,0.1447366094182019,0.1447366094091995,0.1447366093839013,0.14473660935406463,0.1447366093839013,0.1447366094091995,0.1447366094182019,0.14473660940075112,0.1447366093839013,0.14473660940075112,0.1447366094182019,0.1447366094293209,0.1447366094182019,0.1447366094091995,0.1447366094182019,0.1447366094293209,0.1435715304947703,0.14357153046966703,0.1435715304464826,0.14357153046966703,0.1435715304947703,0.14357153046966703,0.1435715304236512,0.14357153036735043,0.1435715304236512,0.14357153046966703,0.1435715304464826,0.14357153036735043,0.1435715302260467,0.14357153036735043,0.1435715304464826,0.14357153046966703,0.1435715304236512,0.14357153036735043,0.1435715304236512,0.14357153046966703,0.1435715304947703,0.14357153046966703,0.1435715304464826,0.14357153046966703,0.1435715304947703,0.1424293642367298,0.1424293641911244,0.14242936414184004,0.1424293641911244,0.1424293642367298,0.1424293641911244,0.142429364091523,0.14242936392478822,0.142429364091523,0.1424293641911244,0.14242936414184004,0.14242936392478822,0.14242936316571828,0.14242936392478822,0.14242936414184004,0.1424293641911244,0.142429364091523,0.14242936392478822,0.142429364091523,0.1424293641911244,0.1424293642367298,0.1424293641911244,0.14242936414184004,0.1424293641911244,0.1424293642367298,0.14130960267616197,0.14130960262222803,0.14130960256217878,0.14130960262222803,0.14130960267616197,0.14130960262222803,0.14130960250029245,0.14130960229293119,0.14130960250029245,0.14130960262222803,0.14130960256217878,0.14130960229293119,0.14130960137848017,0.14130960229293119,0.14130960256217878,0.14130960262222803,0.14130960250029245,0.14130960229293119,0.14130960250029245,0.14130960262222803,0.14130960267616197,0.14130960262222803,0.14130960256217878,0.14130960262222803,0.14130960267616197,0.14021174700509798,0.14021174696354038,0.14021174691434066,0.14021174696354038,0.14021174700509798,0.14021174696354038,0.14021174686311225,0.1402117466760476,0.14021174686311225,0.14021174696354038,0.14021174691434066,0.1402117466760476,0.14021174575183062,0.1402117466760476,0.14021174691434066,0.14021174696354038,0.14021174686311225,0.1402117466760476,0.14021174686311225,0.14021174696354038,0.14021174700509798,0.14021174696354038,0.14021174691434066,0.14021174696354038,0.14021174700509798,0.1391353076978408,0.13913530769455698,0.13913530768917248,0.13913530769455698,0.1391353076978408,0.13913530769455698,0.1391353076831712,0.1391353076595809,0.1391353076831712,0.13913530769455698,0.13913530768917248,0.1391353076595809,0.1391353075707723,0.1391353076595809,0.13913530768917248,0.13913530769455698,0.1391353076831712,0.1391353076595809,0.1391353076831712,0.13913530769455698,0.1391353076978408,0.13913530769455698,0.13913530768917248,0.13913530769455698,0.1391353076978408,0.13807980459293448,0.13807980463553673,0.13807980468001238,0.13807980463553673,0.13807980459293448,0.13807980463553673,0.13807980472555825,0.1380798048546659,0.13807980472555825,0.13807980463553673,0.13807980468001238,0.1380798048546659,0.1380798052323142,0.1380798048546659,0.13807980468001238,0.13807980463553673,0.13807980472555825,0.1380798048546659,0.13807980472555825,0.13807980463553673,0.13807980459293448,0.13807980463553673,0.13807980468001238,0.13807980463553673,0.13807980459293448,0.13704476699110765,0.13704476707327556,0.13704476717463684,0.13704476707327556,0.13704476699110765,0.13704476707327556,0.1370447672801572,0.13704476770158186,0.1370447672801572,0.13704476707327556,0.13704476717463684,0.13704476770158186,0.13704477005376497,0.13704476770158186,0.13704476717463684,0.13704476707327556,0.1370447672801572,0.13704476770158186,0.1370447672801572,0.13704476707327556,0.13704476699110765,0.13704476707327556,0.13704476717463684,0.13704476707327556,0.13704476699110765,0.1360297337155802,0.1360297337741329,0.1360297338318496,0.1360297337741329,0.1360297337155802,0.1360297337741329,0.13602973388992384,0.1360297340457786,0.13602973388992384,0.1360297337741329,0.1360297338318496,0.1360297340457786,0.13602973448014175,0.1360297340457786,0.1360297338318496,0.1360297337741329,0.13602973388992384,0.1360297340457786,0.13602973388992384,0.1360297337741329,0.1360297337155802,0.1360297337741329,0.1360297338318496,0.1360297337741329,0.1360297337155802,0.1350342532351855,0.1350342532721044,0.13503425330268393,0.1350342532721044,0.1350342532351855,0.1350342532721044,0.13503425333177366,0.13503425339114605,0.13503425333177366,0.1350342532721044,0.13503425330268393,0.13503425339114605,0.1350342534994275,0.13503425339114605,0.13503425330268393,0.1350342532721044,0.13503425333177366,0.13503425339114605,0.13503425333177366,0.1350342532721044,0.1350342532351855,0.1350342532721044,0.13503425330268393,0.1350342532721044,0.1350342532351855
0.16533248756430016,0.16533248756430016,0.16533248756430016,0.16533248756430016,0.16533248756430016,0.16533248756430016,0.16533248756430016,0.16533248756430016,0.16533248756430016,0.16533248756430016,0.16533248756430016,0.16533248756430016,0.16533248756430016,0.16533248756430016,0.16533248756430016,0.16533248756430016,0.16533248756430016,0.16533248756430016,0.16533248756430016,0.16533248756430016,0.16533248756430016,0.16533248756430016,0.16533248756430016,0.16533248756430016,0.16533248756430016,0.16375749384990781,0.16375749384990781,0.16375749384990781,0.16375749384990781,0.16375749384990781,0.16375749384990781,0.16375749384990781,0.16375749384990781,0.16375749384990781,0.16375749384990781,0.16375749384990781,0.16375749384990781,0.16375749384990781,0.16375749384990781,0.16375749384990781,0.16375749384990781,0.16375749384990781,0.16375749384990781,0.16375749384990781,0.16375749384990781,0.16375749384990781,0.16375749384990781,0.16375749384990781,0.16375749384990781,0.16375749384990781,0.16221388406733003,0.16221388406733003,0.16221388406733003,0.16221388406733003,0.16221388406733003,0.16221388406733003,0.16221388406733003,0.16221388406733003,0.16221388406733003,0.16221388406733003,0.16221388406733003,0.16221388406733003,0.16221388406733003,0.16221388406733003,0.16221388406733003,0.16221388406733003,0.16221388406733003,0.16221388406733003,0.16221388406733003,0.16221388406733003,0.16221388406733003,0.16221388406733003,0.16221388406733003,0.16221388406733003,0.16221388406733003,0.16070106717360738,0.16070106717360738,0.16070106717360738,0.16070106717360738,0.16070106717360738,0.16070106717360738,0.16070106717360738,0.16070106717360738,0.16070106717360738,0.16070106717360738,0.16070106717360738,0.16070106717360738,0.16070106717360738,0.16070106717360738,0.16070106717360738,0.16070106717360738,0.16070106717360738,0.16070106717360738,0.16070106717360738,0.16070106717360738,0.16070106717360738,0.16070106717360738,0.16070106717360738,0.16070106717360738,0.16070106717360738,0.15921845154371794,0.1592184515437177,0.1592184515437177,0.1592184515437177,0.15921845154371794,0.1592184515437177,0.1592184515437177,0.1592184515437177,0.1592184515437177,0.1592184515437177,0.1592184515437177,0.1592184515437177,0.1592184515437175,0.1592184515437177,0.1592184515437177,0.1592184515437177,0.1592184515437177,0.1592184515437177,0.1592184515437177,0.1592184515437177,0.15921845154371794,0.1592184515437177,0.1592184515437177,0.1592184515437177,0.15921845154371794,0.1577654463224282,0.15776544632242798,0.15776544632242778,0.15776544632242798,0.1577654463224282,0.15776544632242798,0.15776544632242778,0.15776544632242756,0.15776544632242778,0.15776544632242798,0.15776544632242778,0.15776544632242756,0.15776544632242756,0.15776544632242756,0.15776544632242778,0.15776544632242798,0.15776544632242778,0.15776544632242756,0.15776544632242778,0.15776544632242798,0.1577654463224282,0.15776544632242798,0.15776544632242778,0.15776544632242798,0.1577654463224282,0.15634146263861798,0.15634146263861715,0.15634146263861673,0.15634146263861715,0.15634146263861798,0.15634146263861715,0.1563414626386165,0.15634146263861587,0.1563414626386165,0.15634146263861715,0.15634146263861673,0.15634146263861587,0.15634146263861545,0.15634146263861587,0.15634146263861673,0.15634146263861715,0.1563414626386165,0.15634146263861587,0.1563414626386165,0.15634146263861715,0.15634146263861798,0.15634146263861715,0.15634146263861673,0.15634146263861715,0.15634146263861798,0.1549459146923391,0.15494591469233682,0.1549459146923356,0.15494591469233682,0.1549459146923391,0.15494591469233682,0.15494591469233457,0.15494591469233315,0.15494591469233457,0.15494591469233682,0.1549459146923356,0.15494591469233315,0.1549459146923317,0.15494591469233315,0.1549459146923356,0.15494591469233682,0.15494591469233457,0.15494591469233315,0.15494591469233457,0.15494591469233682,0.1549459146923391,0.15494591469233682,0.1549459146923356,0.15494591469233682,0.1549459146923391,0.15357822072432342,0.1535782207243166,0.15357822072431218,0.1535782207243166,0.15357822072432342,0.1535782207243166,0.15357822072430916,0.15357822072430474,0.15357822072430916,0.1535782207243166,0.15357822072431218,0.15357822072430474,0.1535782207242999,0.15357822072430474,0.15357822072431218,0.1535782207243166,0.15357822072430916,0.15357822072430474,0.15357822072430916,0.1535782207243166,0.15357822072432342,0.1535782207243166,0.15357822072431218,0.1535782207243166,0.15357822072432342,0.1522378038770878,0.15223780387706656,0.15223780387705318,0.15223780387706656,0.1522378038770878,0.15223780387706656,0.15223780387704375,0.15223780387702915,0.15223780387704375,0.15223780387706656,0.15223780387705318,0.15223780387702915,0.15223780387701383,0.15223780387702915,0.15223780387705318,0.15223780387706656,0.15223780387704375,0.15223780387702915,0.15223780387704375,0.15223780387706656,0.1522378038770878,0.15223780387706656,0.15223780387705318,0.15223780387706656,0.1522378038770878,0.15092409295625495,0.15092409295619072,0.15092409295615003,0.15092409295619072,0.15092409295625495,0.15092409295619072,0.15092409295611975,0.150924092956074,0.15092409295611975,0.15092409295619072,0.15092409295615003,0.150924092956074,0.15092409295602482,0.150924092956074,0.15092409295615003,0.15092409295619072,0.15092409295611975,0.150924092956074,0.15092409295611975,0.15092409295619072,0.15092409295625495,0.15092409295619072,0.15092409295615003,0.15092409295619072,0.15092409295625495,0.1496365231001812,0.14963652309998965,0.149636523099866,0.14963652309998965,0.1496365231001812,0.14963652309998965,0.14963652309977085,0.1496365230996264,0.14963652309977085,0.14963652309998965,0.149636523099866,0.1496365230996264,0.1496365230994672,0.1496365230996264,0.149636523099866,0.14963652309998965,0.14963652309977085,0.1496365230996264,0.14963652309977085,0.14963652309998965,0.1496365231001812,0.14963652309998965,0.149636523099866,0.14963652309998965,0.1496365231001812,0.1483745363655024,0.14837453636494122,0.14837453636456946,0.14837453636494122,0.1483745363655024,0.14837453636494122,0.14837453636427053,0.14837453636380943,0.14837453636427053,0.14837453636494122,0.14837453636456946,0.14837453636380943,0.1483745363632764,0.14837453636380943,0.14837453636456946,0.14837453636494122,0.14837453636427053,0.14837453636380943,0.14837453636427053,0.14837453636494122,0.1483745363655024,0.14837453636494122,0.14837453636456946,0.14837453636494122,0.1483745363655024,0.14713758223579856,0.14713758223419893,0.14713758223309387,0.14713758223419893,0.14713758223579856,0.14713758223419893,0.14713758223216072,0.14713758223066187,0.14713758223216072,0.14713758223419893,0.14713758223309387,0.14713758223066187,0.14713758222878626,0.14713758223066187,0.14713758223309387,0.14713758223419893,0.14713758223216072,0.14713758223066187,0.14713758223216072,0.14713758223419893,0.14713758223579856,0.14713758223419893,0.14713758223309387,0.14713758223419893,0.14713758223579856,0.14592511806031044,0.1459251180559434,0.14592511805272756,0.1459251180559434,0.14592511806031044,0.1459251180559434,0.1459251180498634,0.14592511804488387,0.1459251180498634,0.1459251180559434,0.14592511805272756,0.14592511804488387,0.14592511803777483,0.14592511804488387,0.14592511805272756,0.1459251180559434,0.1459251180498634,0.14592511804488387,0.1459251180498634,0.1459251180559434,0.14592511806031044,0.1459251180559434,0.14592511805272756,0.1459251180559434,0.14592511806031044,0.1447366094296,0.14473660941848973,0.14473660940949412,0.14473660941848973,0.1447366094296,0.14473660941848973,0.1447366094010522,0.14473660938421512,0.1447366094010522,0.14473660941848973,0.14473660940949412,0.14473660938421512,0.14473660935440044,0.14473660938421512,0.14473660940949412,0.14473660941848973,0.1447366094010522,0.14473660938421512,0.1447366094010522,0.14473660941848973,0.1447366094296,0.14473660941848973,0.14473660940949412,0.14473660941848973,0.1447366094296,0.14357153049501467,0.14357153046993107,0.1435715304467646,0.14357153046993107,0.14357153049501467,0.14357153046993107,0.14357153042395096,0.14357153036769246,0.14357153042395096,0.14357153046993107,0.1435715304467646,0.14357153036769246,0.1435715302264918,0.14357153036769246,0.1435715304467646,0.14357153046993107,0.14357153042395096,0.14357153036769246,0.14357153042395096,0.14357153046993107,0.14357153049501467,0.14357153046993107,0.1435715304467646,0.14357153046993107,0.14357153049501467,0.1424293642368979,0.14242936419132987,0.14242936414208496,0.14242936419132987,0.1424293642368979,0.14242936419132987,0.14242936409180768,0.1424293639251999,0.14242936409180768,0.14242936419132987,0.14242936414208496,0.1424293639251999,0.14242936316670066,0.1424293639251999,0.14242936414208496,0.14242936419132987,0.14242936409180768,0.1424293639251999,0.14242936409180768,0.14242936419132987,0.1424293642368979,0.14242936419132987,0.14242936414208496,0.14242936419132987,0.1424293642368979,0.14130960267617595,0.14130960262229036,0.14130960256229474,0.14130960262229036,0.14130960267617595,0.14130960262229036,0.14130960250046365,0.1413096022932853,0.14130960250046365,0.14130960262229036,0.14130960256229474,0.1413096022932853,0.14130960137963144,0.1413096022932853,0.14130960256229474,0.14130960262229036,0.14130960250046365,0.1413096022932853,0.14130960250046365,0.14130960262229036,0.14130960267617595,0.14130960262229036,0.14130960256229474,0.14130960262229036,0.14130960267617595,0.14021174700485578,0.14021174696334027,0.1402117469141912,0.14021174696334027,0.14021174700485578,0.14021174696334027,0.14021174686301582,0.14021174667615033,0.14021174686301582,0.14021174696334027,0.1402117469141912,0.14021174667615033,0.14021174575294987,0.14021174667615033,0.1402117469141912,0.14021174696334027,0.14021174686301582,0.14021174667615033,0.14021174686301582,0.14021174696334027,0.14021174700485578,0.14021174696334027,0.1402117469141912,0.14021174696334027,0.14021174700485578,0.13913530769725216,0.1391353076939748,0.13913530768859886,0.1391353076939748,0.13913530769725216,0.1391353076939748,0.13913530768260673,0.1391353076590487,0.13913530768260673,0.1391353076939748,0.13913530768859886,0.1391353076590487,0.1391353075703522,0.1391353076590487,0.13913530768859886,0.1391353076939748,0.13913530768260673,0.1391353076590487,0.13913530768260673,0.1391353076939748,0.13913530769725216,0.1391353076939748,0.13913530768859886,0.1391353076939748,0.13913530769725216,0.13807980459198144,0.13807980463454694,0.13807980467898384,0.13807980463454694,0.13807980459198144,0.13807980463454694,0.13807980472448989,0.13807980485348403,0.13807980472448989,0.13807980463454694,0.13807980467898384,0.13807980485348403,0.1380798052307968,0.13807980485348403,0.13807980467898384,0.13807980463454694,0.13807980472448989,0.13807980485348403,0.13807980472448989,0.13807980463454694,0.13807980459198144,0.13807980463454694,0.13807980467898384,0.13807980463454694,0.13807980459198144,0.1370447669898611,0.13704476707195523,0.13704476717322545,0.13704476707195523,0.1370447669898611,0.13704476707195523,0.13704476727865075,0.13704476769969506,0.13704476727865075,0.13704476707195523,0.13704476717322545,0.13704476769969506,0.1370447700497493,0.13704476769969506,0.13704476717322545,0.13704476707195523,0.13704476727865075,0.13704476769969506,0.13704476727865075,0.13704476707195523,0.1370447669898611,0.13704476707195523,0.13704476717322545,0.13704476707195523,0.1370447669898611,0.1360297337141877,0.1360297337726878,0.1360297338303524,0.1360297337726878,0.1360297337141877,0.1360297337726878,0.1360297338883743,0.13602973404408814,0.1360297338883743,0.1360297337726878,0.1360297338303524,0.13602973404408814,0.1360297344780587,0.13602973404408814,0.1360297338303524,0.1360297337726878,0.1360297338883743,0.13602973404408814,0.1360297338883743,0.1360297337726878,0.1360297337141877,0.1360297337726878,0.1360297338303524,0.1360297337726878,0.1360297337141877,0.1350342532337532,0.13503425327063873,0.13503425330119084,0.13503425327063873,0.1350342532337532,0.13503425327063873,0.1350342533302542,0.13503425338957298,0.1350342533302542,0.13503425327063873,0.13503425330119084,0.13503425338957298,0.1350342534977566,0.13503425338957298,0.13503425330119084,0.13503425327063873,0.1350342533302542,0.13503425338957298,0.1350342533302542,0.13503425327063873,0.1350342532337532,0.13503425327063873,0.13503425330119084,0.13503425327063873,0.1350342532337532
0.16533248756470062,0.16533248756470062,0.16533248756470062,0.16533248756470062,0.16533248756470062,0.16533248756470062,0.16533248756470062,0.16533248756470062,0.16533248756470062,0.16533248756470062,0.16533248756470062,0.16533248756470062,0.16533248756470062,0.16533248756470062,0.16533248756470062,0.16533248756470062,0.16533248756470062,0.16533248756470062,0.16533248756470062,0.16533248756470062,0.16533248756470062,0.16533248756470062,0.16533248756470062,0.16533248756470062,0.16533248756470062,0.16375749385030008,0.16375749385030008,0.16375749385030008,0.16375749385030008,0.16375749385030008,0.16375749385030008,0.16375749385030008,0.16375749385030008,0.16375749385030008,0.16375749385030008,0.16375749385030008,0.16375749385030008,0.16375749385030008,0.16375749385030008,0.16375749385030008,0.16375749385030008,0.16375749385030008,0.16375749385030008,0.16375749385030008,0.16375749385030008,0.16375749385030008,0.16375749385030008,0.16375749385030008,0.16375749385030008,0.16375749385030008,0.1622138840677147,0.1622138840677145,0.1622138840677145,0.1622138840677145,0.1622138840677147,0.1622138840677145,0.1622138840677145,0.1622138840677145,0.1622138840677145,0.1622138840677145,0.1622138840677145,0.1622138840677145,0.1622138840677145,0.1622138840677145,0.1622138840677145,0.1622138840677145,0.1622138840677145,0.1622138840677145,0.1622138840677145,0.1622138840677145,0.1622138840677147,0.1622138840677145,0.1622138840677145,0.1622138840677145,0.1622138840677147,0.16070106717398436,0.16070106717398416,0.16070106717398416,0.16070106717398416,0.16070106717398436,0.16070106717398416,0.16070106717398416,0.16070106717398416,0.16070106717398416,0.16070106717398416,0.16070106717398416,0.16070106717398416,0.16070106717398416,0.16070106717398416,0.16070106717398416,0.16070106717398416,0.16070106717398416,0.16070106717398416,0.16070106717398416,0.16070106717398416,0.16070106717398436,0.16070106717398416,0.16070106717398416,0.16070106717398416,0.16070106717398436,0.15921845154408715,0.15921845154408695,0.15921845154408695,0.15921845154408695,0.15921845154408715,0.15921845154408695,0.15921845154408695,0.15921845154408695,0.15921845154408695,0.15921845154408695,0.15921845154408695,0.15921845154408695,0.15921845154408676,0.15921845154408695,0.15921845154408695,0.15921845154408695,0.15921845154408695,0.15921845154408695,0.15921845154408695,0.15921845154408695,0.15921845154408715,0.15921845154408695,0.15921845154408695,0.15921845154408695,0.15921845154408715,0.15776544632279008,0.15776544632278988,0.15776544632278966,0.15776544632278988,0.15776544632279008,0.15776544632278988,0.15776544632278966,0.15776544632278944,0.15776544632278966,0.15776544632278988,0.15776544632278966,0.15776544632278944,0.15776544632278924,0.15776544632278944,0.15776544632278966,0.15776544632278988,0.15776544632278966,0.15776544632278944,0.15776544632278966,0.15776544632278988,0.15776544632279008,0.15776544632278988,0.15776544632278966,0.15776544632278988,0.15776544632279008,0.1563414626389726,0.15634146263897178,0.1563414626389714,0.15634146263897178,0.1563414626389726,0.15634146263897178,0.15634146263897092,0.15634146263897053,0.15634146263897092,0.15634146263897178,0.1563414626389714,0.15634146263897053,0.1563414626389701,0.15634146263897053,0.1563414626389714,0.15634146263897178,0.15634146263897092,0.15634146263897053,0.15634146263897092,0.15634146263897178,0.1563414626389726,0.15634146263897178,0.1563414626389714,0.15634146263897178,0.1563414626389726,0.15494591469268662,0.1549459146926844,0.15494591469268296,0.1549459146926844,0.15494591469268662,0.1549459146926844,0.15494591469268215,0.1549459146926807,0.15494591469268215,0.1549459146926844,0.15494591469268296,0.1549459146926807,0.15494591469267907,0.1549459146926807,0.15494591469268296,0.1549459146926844,0.15494591469268215,0.1549459146926807,0.15494591469268215,0.1549459146926844,0.15494591469268662,0.1549459146926844,0.15494591469268296,0.1549459146926844,0.15494591469268662,0.15357822072466404,0.15357822072465702,0.1535782207246528,0.15357822072465702,0.15357822072466404,0.15357822072465702,0.15357822072464977,0.15357822072464516,0.15357822072464977,0.15357822072465702,0.1535782207246528,0.15357822072464516,0.15357822072464036,0.15357822072464516,0.1535782207246528,0.15357822072465702,0.15357822072464977,0.15357822072464516,0.15357822072464977,0.15357822072465702,0.15357822072466404,0.15357822072465702,0.1535782207246528,0.15357822072465702,0.15357822072466404,0.15223780387742145,0.15223780387740038,0.152237803877387,0.15223780387740038,0.15223780387742145,0.15223780387740038,0.15223780387737756,0.152237803877363,0.15223780387737756,0.1522378038774002,0.152237803877387,0.152237803877363,0.15223780387734748,0.152237803877363,0.152237803877387,0.15223780387740038,0.15223780387737756,0.152237803877363,0.15223780387737756,0.15223780387740038,0.15223780387742145,0.1522378038774002,0.152237803877387,0.15223780387740038,0.15223780387742145,0.1509240929565818,0.15092409295651774,0.15092409295647702,0.15092409295651774,0.1509240929565818,0.15092409295651774,0.15092409295644693,0.150924092956401,0.15092409295644693,0.15092409295651774,0.15092409295647702,0.150924092956401,0.150924092956352,0.150924092956401,0.15092409295647702,0.15092409295651774,0.15092409295644693,0.150924092956401,0.15092409295644693,0.15092409295651774,0.1509240929565818,0.15092409295651774,0.15092409295647702,0.15092409295651774,0.1509240929565818,0.1496365231005013,0.14963652310030995,0.1496365231001865,0.14963652310030995,0.1496365231005013,0.14963652310030995,0.14963652310009137,0.1496365230999471,0.14963652310009137,0.14963652310030995,0.1496365231001865,0.1496365230999471,0.14963652309978806,0.1496365230999471,0.1496365231001865,0.14963652310030995,0.14963652310009137,0.1496365230999471,0.14963652310009137,0.14963652310030995,0.1496365231005013,0.14963652310030995,0.1496365231001865,0.14963652310030995,0.1496365231005013,0.1483745363658156,0.148374536365255,0.1483745363648834,0.148374536365255,0.1483745363658156,0.148374536365255,0.14837453636458484,0.1483745363641241,0.14837453636458484,0.148374536365255,0.1483745363648834,0.1483745363641241,0.1483745363635915,0.1483745363641241,0.1483745363648834,0.148374536365255,0.14837453636458484,0.1483745363641241,0.14837453636458484,0.148374536365255,0.1483745363658156,0.148374536365255,0.1483745363648834,0.148374536365255,0.1483745363658156,0.14713758223610432,0.14713758223450574,0.14713758223340162,0.14713758223450574,0.14713758223610432,0.14713758223450574,0.14713758223246937,0.14713758223097143,0.14713758223246937,0.14713758223450574,0.14713758223340162,0.14713758223097143,0.14713758222909726,0.14713758223097143,0.14713758223340162,0.14713758223450574,0.14713758223246937,0.14713758223097143,0.14713758223246937,0.14713758223450574,0.14713758223610432,0.14713758223450574,0.14713758223340162,0.14713758223450574,0.14713758223610432,0.145925118060606,0.14592511805624256,0.14592511805302905,0.14592511805624256,0.145925118060606,0.14592511805624256,0.145925118050167,0.14592511804519137,0.145925118050167,0.14592511805624256,0.14592511805302905,0.14592511804519137,0.14592511803808753,0.14592511804519137,0.14592511805302905,0.14592511805624256,0.145925118050167,0.14592511804519137,0.145925118050167,0.14592511805624256,0.145925118060606,0.14592511805624256,0.14592511805302905,0.14592511805624256,0.145925118060606,0.14473660942987876,0.14473660941877706,0.1447366094097884,0.14473660941877706,0.14473660942987876,0.14473660941877706,0.14473660940135294,0.14473660938452843,0.14473660940135294,0.14473660941877706,0.1447366094097884,0.14473660938452843,0.14473660935473576,0.14473660938452843,0.1447366094097884,0.14473660941877706,0.14473660940135294,0.14473660938452843,0.14473660940135294,0.14473660941877706,0.14473660942987876,0.14473660941877706,0.1447366094097884,0.14473660941877706,0.14473660942987876,0.14357153049525867,0.1435715304701949,0.1435715304470464,0.1435715304701949,0.14357153049525867,0.1435715304701949,0.14357153042425022,0.143571530368034,0.14357153042425022,0.1435715304701949,0.1435715304470464,0.143571530368034,0.14357153022693636,0.143571530368034,0.1435715304470464,0.1435715304701949,0.14357153042425022,0.143571530368034,0.14357153042425022,0.1435715304701949,0.14357153049525867,0.1435715304701949,0.1435715304470464,0.1435715304701949,0.14357153049525867,0.1424293642370658,0.1424293641915352,0.14242936414232937,0.1424293641915352,0.1424293642370658,0.1424293641915352,0.14242936409209217,0.1424293639256109,0.14242936409209217,0.1424293641915352,0.14242936414232937,0.1424293639256109,0.14242936316764038,0.1424293639256109,0.14242936414232937,0.1424293641915352,0.14242936409209217,0.1424293639256109,0.14242936409209217,0.1424293641915352,0.1424293642370658,0.1424293641915352,0.14242936414232937,0.1424293641915352,0.1424293642370658,0.14130960267618992,0.1413096026223527,0.14130960256241068,0.1413096026223527,0.14130960267618992,0.1413096026223527,0.14130960250063454,0.14130960229363887,0.14130960250063454,0.1413096026223527,0.14130960256241068,0.14130960229363887,0.1413096013807863,0.14130960229363887,0.14130960256241068,0.1413096026223527,0.14130960250063454,0.14130960229363887,0.14130960250063454,0.1413096026223527,0.14130960267618992,0.1413096026223527,0.14130960256241068,0.1413096026223527,0.14130960267618992,0.1402117470046139,0.14021174696314032,0.14021174691404203,0.14021174696314032,0.1402117470046139,0.14021174696314032,0.14021174686291937,0.14021174667625255,0.14021174686291937,0.14021174696314032,0.14021174691404203,0.14021174667625255,0.1402117457540693,0.14021174667625255,0.14021174691404203,0.14021174696314032,0.14021174686291937,0.14021174667625255,0.14021174686291937,0.14021174696314032,0.1402117470046139,0.14021174696314032,0.14021174691404203,0.14021174696314032,0.1402117470046139,0.1391353076966643,0.13913530769339344,0.139135307688026,0.13913530769339344,0.1391353076966643,0.13913530769339344,0.13913530768204307,0.13913530765851714,0.13913530768204307,0.13913530769339344,0.139135307688026,0.13913530765851714,0.13913530756993242,0.13913530765851714,0.139135307688026,0.13913530769339344,0.13913530768204307,0.13913530765851714,0.13913530768204307,0.13913530769339344,0.1391353076966643,0.13913530769339344,0.139135307688026,0.13913530769339344,0.1391353076966643,0.13807980459102978,0.1380798046335584,0.1380798046779567,0.1380798046335584,0.13807980459102978,0.1380798046335584,0.1380798047234232,0.1380798048523037,0.1380798047234232,0.1380798046335584,0.1380798046779567,0.1380798048523037,0.13807980522928143,0.1380798048523037,0.1380798046779567,0.1380798046335584,0.1380798047234232,0.1380798048523037,0.1380798047234232,0.1380798046335584,0.13807980459102978,0.1380798046335584,0.1380798046779567,0.1380798046335584,0.13807980459102978,0.13704476698861617,0.13704476707063692,0.13704476717181605,0.13704476707063692,0.13704476698861617,0.13704476707063692,0.13704476727714665,0.1370447676978108,0.13704476727714665,0.13704476707063692,0.13704476717181605,0.1370447676978108,0.13704477004575294,0.1370447676978108,0.13704476717181605,0.13704476707063692,0.13704476727714665,0.1370447676978108,0.13704476727714665,0.13704476707063692,0.13704476698861617,0.13704476707063692,0.13704476717181605,0.13704476707063692,0.13704476698861617,0.13602973371279728,0.13602973377124458,0.13602973382885733,0.13602973377124458,0.13602973371279728,0.13602973377124458,0.13602973388682688,0.13602973404240026,0.13602973388682688,0.13602973377124458,0.13602973382885733,0.13602973404240026,0.13602973447597852,0.13602973404240026,0.13602973382885733,0.13602973377124458,0.13602973388682688,0.13602973404240026,0.13602973388682688,0.13602973377124458,0.13602973371279728,0.13602973377124458,0.13602973382885733,0.13602973377124458,0.13602973371279728,0.13503425323232301,0.13503425326917534,0.1350342532996998,0.13503425326917534,0.13503425323232301,0.13503425326917534,0.135034253328737,0.1350342533880022,0.135034253328737,0.13503425326917534,0.1350342532996998,0.1350342533880022,0.1350342534960881,0.1350342533880022,0.1350342532996998,0.13503425326917534,0.135034253328737,0.1350342533880022,0.135034253328737,0.13503425326917534,0.13503425323232301,0.13503425326917534,0.1350342532996998,0.13503425326917534,0.13503425323232301
0.1653324875651004,0.1653324875651004,0.1653324875651004,0.1653324875651004,0.1653324875651004,0.1653324875651004,0.1653324875651004,0.1653324875651004,0.1653324875651004,0.1653324875651004,0.1653324875651004,0.1653324875651004,0.1653324875651004,0.1653324875651004,0.1653324875651004,0.1653324875651004,0.1653324875651004,0.1653324875651004,0.1653324875651004,0.1653324875651004,0.1653324875651004,0.1653324875651004,0.1653324875651004,0.1653324875651004,0.1653324875651004,0.1637574938506919,0.1637574938506919,0.1637574938506919,0.1637574938506919,0.1637574938506919,0.1637574938506919,0.1637574938506919,0.1637574938506919,0.1637574938506919,0.1637574938506919,0.1637574938506919,0.1637574938506919,0.1637574938506919,0.1637574938506919,0.1637574938506919,0.1637574938506919,0.1637574938506919,0.1637574938506919,0.1637574938506919,0.1637574938506919,0.1637574938506919,0.1637574938506919,0.1637574938506919,0.1637574938506919,0.1637574938506919,0.16221388406809872,0.16221388406809872,0.16221388406809872,0.16221388406809872,0.16221388406809872,0.16221388406809872,0.16221388406809872,0.16221388406809872,0.16221388406809872,0.16221388406809872,0.16221388406809872,0.16221388406809872,0.16221388406809872,0.16221388406809872,0.16221388406809872,0.16221388406809872,0.16221388406809872,0.16221388406809872,0.16221388406809872,0.16221388406809872,0.16221388406809872,0.16221388406809872,0.16221388406809872,0.16221388406809872,0.16221388406809872,0.16070106717436067,0.16070106717436067,0.16070106717436067,0.16070106717436067,0.16070106717436067,0.16070106717436067,0.16070106717436067,0.16070106717436045,0.16070106717436067,0.16070106717436067,0.16070106717436067,0.16070106717436045,0.16070106717436045,0.16070106717436045,0.16070106717436067,0.16070106717436067,0.16070106717436067,0.16070106717436045,0.16070106717436067,0.16070106717436067,0.16070106717436067,0.16070106717436067,0.16070106717436067,0.16070106717436067,0.16070106717436067,0.159218451544456,0.15921845154445577,0.15921845154445577,0.15921845154445577,0.159218451544456,0.15921845154445577,0.15921845154445577,0.15921845154445577,0.15921845154445577,0.15921845154445577,0.15921845154445577,0.15921845154445577,0.15921845154445552,0.15921845154445577,0.15921845154445577,0.15921845154445577,0.15921845154445577,0.15921845154445577,0.15921845154445577,0.15921845154445577,0.159218451544456,0.15921845154445577,0.15921845154445577,0.15921845154445577,0.159218451544456,0.15776544632315154,0.15776544632315131,0.1577654463231511,0.15776544632315131,0.15776544632315154,0.15776544632315131,0.1577654463231511,0.15776544632315087,0.1577654463231511,0.15776544632315131,0.1577654463231511,0.15776544632315087,0.15776544632315068,0.15776544632315087,0.1577654463231511,0.15776544632315131,0.1577654463231511,0.15776544632315087,0.1577654463231511,0.15776544632315131,0.15776544632315154,0.15776544632315131,0.1577654463231511,0.15776544632315131,0.15776544632315154,0.15634146263932663,0.15634146263932602,0.15634146263932558,0.15634146263932602,0.15634146263932663,0.15634146263932602,0.15634146263932516,0.15634146263932475,0.15634146263932516,0.15634146263932602,0.15634146263932558,0.15634146263932475,0.15634146263932433,0.15634146263932475,0.15634146263932558,0.15634146263932602,0.15634146263932516,0.15634146263932475,0.15634146263932516,0.15634146263932602,0.15634146263932663,0.15634146263932602,0.15634146263932558,0.15634146263932602,0.15634146263932663,0.15494591469303381,0.15494591469303154,0.1549459146930301,0.15494591469303154,0.15494591469303381,0.15494591469303154,0.15494591469302907,0.15494591469302765,0.15494591469302907,0.15494591469303154,0.1549459146930301,0.15494591469302765,0.1549459146930262,0.15494591469302765,0.1549459146930301,0.15494591469303154,0.15494591469302907,0.15494591469302765,0.15494591469302907,0.15494591469303154,0.15494591469303381,0.15494591469303154,0.1549459146930301,0.15494591469303154,0.15494591469303381,0.15357822072500407,0.15357822072499724,0.15357822072499283,0.15357822072499724,0.15357822072500407,0.15357822072499724,0.15357822072498983,0.1535782207249852,0.15357822072498983,0.15357822072499724,0.15357822072499283,0.1535782207249852,0.15357822072498056,0.1535782207249852,0.15357822072499283,0.15357822072499724,0.15357822072498983,0.1535782207249852,0.15357822072498983,0.15357822072499724,0.15357822072500407,0.15357822072499724,0.15357822072499283,0.15357822072499724,0.15357822072500407,0.15223780387775473,0.15223780387773367,0.15223780387772026,0.15223780387773367,0.15223780387775473,0.15223780387773367,0.1522378038777108,0.15223780387769625,0.1522378038777108,0.15223780387773367,0.15223780387772026,0.15223780387769625,0.1522378038776809,0.15223780387769625,0.15223780387772026,0.15223780387773367,0.1522378038777108,0.15223780387769625,0.1522378038777108,0.15223780387773367,0.15223780387775473,0.15223780387773367,0.15223780387772026,0.15223780387773367,0.15223780387775473,0.1509240929569084,0.15092409295684434,0.15092409295680365,0.15092409295684434,0.1509240929569084,0.15092409295684434,0.15092409295677353,0.1509240929567276,0.15092409295677353,0.15092409295684434,0.15092409295680365,0.1509240929567276,0.1509240929566786,0.1509240929567276,0.15092409295680365,0.15092409295684434,0.15092409295677353,0.1509240929567276,0.15092409295677353,0.15092409295684434,0.1509240929569084,0.15092409295684434,0.15092409295680365,0.15092409295684434,0.1509240929569084,0.1496365231008212,0.1496365231006299,0.1496365231005066,0.1496365231006299,0.1496365231008212,0.1496365231006299,0.14963652310041148,0.14963652310026723,0.14963652310041148,0.1496365231006299,0.1496365231005066,0.14963652310026723,0.1496365231001084,0.14963652310026723,0.1496365231005066,0.1496365231006299,0.14963652310041148,0.14963652310026723,0.14963652310041148,0.1496365231006299,0.1496365231008212,0.1496365231006299,0.1496365231005066,0.1496365231006299,0.1496365231008212,0.14837453636612866,0.14837453636556838,0.14837453636519718,0.14837453636556838,0.14837453636612866,0.14837453636556838,0.14837453636489878,0.14837453636443826,0.14837453636489878,0.14837453636556838,0.14837453636519718,0.14837453636443826,0.14837453636390616,0.14837453636443826,0.14837453636519718,0.14837453636556838,0.14837453636489878,0.14837453636443826,0.14837453636489878,0.14837453636556838,0.14837453636612866,0.14837453636556838,0.14837453636519718,0.14837453636556838,0.14837453636612866,0.1471375822364097,0.14713758223481235,0.14713758223370915,0.14713758223481235,0.1471375822364097,0.14713758223481235,0.14713758223277745,0.14713758223128076,0.14713758223277745,0.14713758223481235,0.14713758223370915,0.14713758223128076,0.1471375822294079,0.14713758223128076,0.14713758223370915,0.14713758223481235,0.14713758223277745,0.14713758223128076,0.14713758223277745,0.14713758223481235,0.1471375822364097,0.14713758223481235,0.14713758223370915,0.14713758223481235,0.1471375822364097,0.14592511806090142,0.14592511805654118,0.14592511805333014,0.14592511805654118,0.14592511806090142,0.14592511805654118,0.14592511805047045,0.14592511804549835,0.14592511805047045,0.14592511805654118,0.14592511805333014,0.14592511804549835,0.14592511803839983,0.14592511804549835,0.14592511805333014,0.14592511805654118,0.14592511805047045,0.14592511804549835,0.14592511805047045,0.14592511805654118,0.14592511806090142,0.14592511805654118,0.14592511805333014,0.14592511805654118,0.14592511806090142,0.144736609430157,0.144736609419064,0.14473660941008237,0.144736609419064,0.144736609430157,0.144736609419064,0.14473660940165337,0.1447366093848414,0.14473660940165337,0.144736609419064,0.14473660941008237,0.1447366093848414,0.1447366093550707,0.1447366093848414,0.14473660941008237,0.144736609419064,0.14473660940165337,0.1447366093848414,0.14473660940165337,0.144736609419064,0.144736609430157,0.144736609419064,0.14473660941008237,0.144736609419064,0.144736609430157,0.14357153049550217,0.14357153047045842,0.14357153044732773,0.14357153047045842,0.14357153049550217,0.14357153047045842,0.14357153042454918,0.1435715303683752,0.14357153042454918,0.14357153047045842,0.14357153044732773,0.1435715303683752,0.14357153022738056,0.1435715303683752,0.14357153044732773,0.14357153047045842,0.14357153042454918,0.1435715303683752,0.14357153042454918,0.14357153047045842,0.14357153049550217,0.14357153047045842,0.14357153044732773,0.14357153047045842,0.14357153049550217,0.14242936423723354,0.1424293641917402,0.14242936414257343,0.1424293641917402,0.14242936423723354,0.1424293641917402,0.142429364092376,0.14242936392602154,0.142429364092376,0.1424293641917402,0.14242936414257343,0.14242936392602154,0.14242936316860194,0.14242936392602154,0.14242936414257343,0.1424293641917402,0.142429364092376,0.14242936392602154,0.142429364092376,0.1424293641917402,0.14242936423723354,0.1424293641917402,0.14242936414257343,0.1424293641917402,0.14242936423723354,0.14130960267620374,0.14130960262241488,0.14130960256252614,0.14130960262241488,0.14130960267620374,0.14130960262241488,0.14130960250080524,0.14130960229399167,0.14130960250080524,0.14130960262241488,0.14130960256252614,0.14130960229399167,0.14130960138191326,0.14130960229399167,0.14130960256252614,0.14130960262241488,0.14130960250080524,0.14130960229399167,0.14130960250080524,0.14130960262241488,0.14130960267620374,0.14130960262241488,0.14130960256252614,0.14130960262241488,0.14130960267620374,0.1402117470043722,0.14021174696294053,0.1402117469138927,0.14021174696294053,0.1402117470043722,0.14021174696294053,0.14021174686282295,0.1402117466763543,0.14021174686282295,0.14021174696294053,0.1402117469138927,0.1402117466763543,0.14021174575517098,0.1402117466763543,0.1402117469138927,0.14021174696294053,0.14021174686282295,0.1402117466763543,0.14021174686282295,0.14021174696294053,0.1402117470043722,0.14021174696294053,0.1402117469138927,0.14021174696294053,0.1402117470043722,0.13913530769607724,0.13913530769281268,0.13913530768745366,0.13913530769281268,0.13913530769607724,0.13913530769281268,0.13913530768147986,0.13913530765798604,0.13913530768147986,0.13913530769281268,0.13913530768745366,0.13913530765798604,0.13913530756951295,0.13913530765798604,0.13913530768745366,0.13913530769281268,0.13913530768147986,0.13913530765798604,0.13913530768147986,0.13913530769281268,0.13913530769607724,0.13913530769281268,0.13913530768745366,0.13913530769281268,0.13913530769607724,0.1380798045900792,0.13807980463257125,0.13807980467693076,0.13807980463257125,0.1380798045900792,0.13807980463257125,0.13807980472235776,0.13807980485112506,0.13807980472235776,0.13807980463257125,0.13807980467693076,0.13807980485112506,0.13807980522776822,0.13807980485112506,0.13807980467693076,0.13807980463257125,0.13807980472235776,0.13807980485112506,0.13807980472235776,0.13807980463257125,0.1380798045900792,0.13807980463257125,0.13807980467693076,0.13807980463257125,0.1380798045900792,0.13704476698737308,0.1370447670693204,0.13704476717040862,0.1370447670693204,0.13704476698737308,0.1370447670693204,0.1370447672756445,0.13704476769592946,0.1370447672756445,0.1370447670693204,0.13704476717040862,0.13704476769592946,0.1370447700417672,0.13704476769592946,0.13704476717040862,0.1370447670693204,0.1370447672756445,0.13704476769592946,0.1370447672756445,0.1370447670693204,0.13704476698737308,0.1370447670693204,0.13704476717040862,0.1370447670693204,0.13704476698737308,0.13602973371140864,0.13602973376980346,0.13602973382736433,0.13602973376980346,0.13602973371140864,0.13602973376980346,0.1360297338852817,0.13602973404071475,0.1360297338852817,0.13602973376980346,0.13602973382736433,0.13602973404071475,0.1360297344739015,0.13602973404071475,0.13602973382736433,0.13602973376980346,0.1360297338852817,0.13602973404071475,0.1360297338852817,0.13602973376980346,0.13602973371140864,0.13602973376980346,0.13602973382736433,0.13602973376980346,0.13602973371140864,0.13503425323089466,0.13503425326771398,0.13503425329821092,0.13503425326771398,0.13503425323089466,0.13503425326771398,0.13503425332722196,0.13503425338643368,0.13503425332722196,0.13503425326771398,0.13503425329821092,0.13503425338643368,0.13503425349442205,0.13503425338643368,0.13503425329821092,0.13503425326771398,0.13503425332722196,0.13503425338643368,0.13503425332722196,0.13503425326771398,0.13503425323089466,0.13503425326771398,0.13503425329821092,0.13503425326771398,0.13503425323089466
0.16533248747807688,0.16533248747807688,0.16533248747807688,0.16533248747807688,0.16533248747807688,0.16533248747807688,0.16533248747807688,0.16533248747807688,0.16533248747807688,0.16533248747807688,0.16533248747807688,0.16533248747807688,0.16533248747807688,0.16533248747807688,0.16533248747807688,0.16533248747807688,0.16533248747807688,0.16533248747807688,0.16533248747807688,0.16533248747807688,0.16533248747807688,0.16533248747807688,0.16533248747807688,0.16533248747807688,0.16533248747807688,0.16375749376447934,0.16375749376447934,0.16375749376447934,0.16375749376447934,0.16375749376447934,0.16375749376447934,0.16375749376447934,0.16375749376447934,0.16375749376447934,0.16375749376447934,0.16375749376447934,0.16375749376447934,0.16375749376447934,0.16375749376447934,0.16375749376447934,0.16375749376447934,0.16375749376447934,0.16375749376447934,0.16375749376447934,0.16375749376447934,0.16375749376447934,0.16375749376447934,0.16375749376447934,0.16375749376447934,0.16375749376447934,0.16221388398189124,0.16221388398189124,0.16221388398189124,0.16221388398189124,0.16221388398189124,0.16221388398189124,0.16221388398189124,0.16221388398189124,0.16221388398189124,0.16221388398189124,0.16221388398189124,0.16221388398189124,0.16221388398189124,0.16221388398189124,0.16221388398189124,0.16221388398189124,0.16221388398189124,0.16221388398189124,0.16221388398189124,0.16221388398189124,0.16221388398189124,0.16221388398189124,0.16221388398189124,0.16221388398189124,0.16221388398189124,0.16070106708732448,0.16070106708732426,0.16070106708732426,0.16070106708732426,0.16070106708732448,0.16070106708732426,0.16070106708732426,0.16070106708732404,0.16070106708732426,0.16070106708732426,0.16070106708732426,0.16070106708732404,0.16070106708732404,0.16070106708732404,0.16070106708732426,0.16070106708732426,0.16070106708732426,0.16070106708732404,0.16070106708732426,0.16070106708732426,0.16070106708732448,0.16070106708732426,0.16070106708732426,0.16070106708732426,0.16070106708732448,0.15921845145573288,0.15921845145573266,0.15921845145573246,0.15921845145573266,0.15921845145573288,0.15921845145573266,0.15921845145573246,0.15921845145573224,0.15921845145573246,0.15921845145573266,0.15921845145573246,0.15921845145573224,0.15921845145573202,0.15921845145573224,0.15921845145573246,0.15921845145573266,0.15921845145573246,0.15921845145573224,0.15921845145573246,0.15921845145573266,0.15921845145573288,0.15921845145573266,0.15921845145573246,0.15921845145573266,0.15921845145573288,0.15776544623186578,0.15776544623186492,0.15776544623186428,0.15776544623186492,0.15776544623186578,0.15776544623186492,0.15776544623186406,0.15776544623186342,0.15776544623186406,0.15776544623186492,0.15776544623186428,0.15776544623186342,0.15776544623186275,0.15776544623186342,0.15776544623186428,0.15776544623186492,0.15776544623186406,0.15776544623186342,0.15776544623186406,0.15776544623186492,0.15776544623186578,0.15776544623186492,0.15776544623186428,0.15776544623186492,0.15776544623186578,0.15634146254459103,0.1563414625445883,0.1563414625445866,0.1563414625445883,0.15634146254459103,0.1563414625445883,0.15634146254458559,0.15634146254458392,0.15634146254458559,0.1563414625445883,0.1563414625445866,0.15634146254458392,0.15634146254458223,0.15634146254458392,0.1563414625445866,0.1563414625445883,0.15634146254458559,0.15634146254458392,0.15634146254458559,0.1563414625445883,0.15634146254459103,0.1563414625445883,0.1563414625445866,0.1563414625445883,0.15634146254459103,0.15494591459396045,0.15494591459395246,0.15494591459394735,0.15494591459395246,0.15494591459396045,0.15494591459395246,0.15494591459394408,0.15494591459393875,0.15494591459394408,0.15494591459395246,0.15494591459394735,0.15494591459393875,0.15494591459393342,0.15494591459393875,0.15494591459394735,0.15494591459395246,0.15494591459394408,0.15494591459393875,0.15494591459394408,0.15494591459395246,0.15494591459396045,0.15494591459395246,0.15494591459394735,0.15494591459395246,0.15494591459396045,0.15357822062072052,0.15357822062069662,0.15357822062068155,0.15357822062069662,0.15357822062072052,0.15357822062069662,0.1535782206206711,0.15357822062065526,0.1535782206206711,0.15357822062069662,0.15357822062068155,0.15357822062065526,0.15357822062063858,0.15357822062065526,0.15357822062068155,0.15357822062069662,0.1535782206206711,0.15357822062065526,0.1535782206206711,0.15357822062069662,0.15357822062072052,0.15357822062069662,0.15357822062068155,0.15357822062069662,0.15357822062072052,0.15223780376743176,0.1522378037673605,0.15223780376731522,0.1522378037673605,0.15223780376743176,0.1522378037673605,0.15223780376728316,0.15223780376723392,0.15223780376728316,0.1522378037673605,0.15223780376731522,0.15223780376723392,0.15223780376718177,0.15223780376723392,0.15223780376731522,0.1522378037673605,0.15223780376728316,0.15223780376723392,0.15223780376728316,0.1522378037673605,0.15223780376743176,0.1522378037673605,0.15223780376731522,0.1522378037673605,0.15223780376743176,0.1509240928398183,0.15092409283960959,0.15092409283947492,0.15092409283960959,0.1509240928398183,0.15092409283960959,0.1509240928393748,0.15092409283922123,0.1509240928393748,0.15092409283960959,0.15092409283947492,0.15092409283922123,0.15092409283905323,0.15092409283922123,0.15092409283947492,0.15092409283960959,0.1509240928393748,0.15092409283922123,0.1509240928393748,0.15092409283960959,0.1509240928398183,0.15092409283960959,0.15092409283947492,0.15092409283960959,0.1509240928398183,0.1496365229764778,0.14963652297587748,0.14963652297547927,0.14963652297587748,0.1496365229764778,0.14963652297587748,0.14963652297516614,0.14963652297468058,0.14963652297516614,0.14963652297587748,0.14963652297547927,0.14963652297468058,0.1496365229741205,0.14963652297468058,0.14963652297547927,0.14963652297587748,0.14963652297516614,0.14963652297468058,0.14963652297516614,0.14963652297587748,0.1496365229764778,0.14963652297587748,0.14963652297547927,0.14963652297587748,0.1496365229764778,0.1483745362346378,0.1483745362329619,0.14837453623179878,0.1483745362329619,0.1483745362346378,0.1483745362329619,0.14837453623082505,0.14837453622925825,0.14837453623082505,0.1483745362329619,0.14837453623179878,0.14837453622925825,0.1483745362272897,0.14837453622925825,0.14837453623179878,0.1483745362329619,0.14837453623082505,0.14837453622925825,0.14837453623082505,0.1483745362329619,0.1483745362346378,0.1483745362329619,0.14837453623179878,0.1483745362329619,0.1483745362346378,0.14713758209934596,0.14713758209488464,0.1471375820915625,0.14713758209488464,0.14713758209934596,0.14713758209488464,0.14713758208858863,0.14713758208340957,0.14713758208858863,0.14713758209488464,0.1471375820915625,0.14713758208340957,0.14713758207592093,0.14713758208340957,0.1471375820915625,0.14713758209488464,0.14713758208858863,0.14713758208340957,0.14713758208858863,0.14713758209488464,0.14713758209934596,0.14713758209488464,0.1471375820915625,0.14713758209488464,0.14713758209934596,0.14592511792344787,0.1459251179123527,0.1459251179032611,0.1459251179123527,0.14592511792344787,0.1459251179123527,0.14592511789458634,0.145925117877122,0.14592511789458634,0.1459251179123527,0.1459251179032611,0.145925117877122,0.14592511784546466,0.145925117877122,0.1459251179032611,0.1459251179123527,0.14592511789458634,0.145925117877122,0.14592511789458634,0.1459251179123527,0.14592511792344787,0.1459251179123527,0.1459251179032611,0.1459251179123527,0.14592511792344787,0.14473660930612853,0.14473660928139986,0.14473660925821022,0.14473660928139986,0.14473660930612853,0.14473660928139986,0.1447366092353559,0.14473660917717496,0.1447366092353559,0.14473660928139986,0.14473660925821022,0.14473660917717496,0.1447366090256826,0.14473660917717496,0.14473660925821022,0.14473660928139986,0.1447366092353559,0.14473660917717496,0.1447366092353559,0.14473660928139986,0.14473660930612853,0.14473660928139986,0.14473660925821022,0.14473660928139986,0.14473660930612853,0.14357153041341264,0.1435715303697294,0.14357153032189238,0.1435715303697294,0.14357153041341264,0.1435715303697294,0.14357153027311528,0.14357153010447052,0.14357153027311528,0.1435715303697294,0.14357153032189238,0.14357153010447052,0.1435715292829378,0.14357153010447052,0.14357153032189238,0.1435715303697294,0.14357153027311528,0.14357153010447052,0.14357153027311528,0.1435715303697294,0.14357153041341264,0.1435715303697294,0.14357153032189238,0.1435715303697294,0.14357153041341264,0.14242936423663805,0.1424293641875622,0.1424293641363938,0.1424293641875622,0.14242936423663805,0.1424293641875622,0.14242936408436987,0.1424293639252502,0.14242936408436987,0.1424293641875622,0.1424293641363938,0.1424293639252502,0.14242936330155814,0.1424293639252502,0.1424293641363938,0.1424293641875622,0.14242936408436987,0.1424293639252502,0.14242936408436987,0.1424293641875622,0.14242936423663805,0.1424293641875622,0.1424293641363938,0.1424293641875622,0.14242936423663805,0.14130960276642243,0.1413096027192196,0.14130960266827927,0.1413096027192196,0.14130960276642243,0.1413096027192196,0.1413096026160785,0.14130960244818197,0.1413096026160785,0.1413096027192196,0.14130960266827927,0.14130960244818197,0.14130960173839135,0.14130960244818197,0.14130960266827927,0.1413096027192196,0.1413096026160785,0.14130960244818197,0.1413096026160785,0.1413096027192196,0.14130960276642243,0.1413096027192196,0.14130960266827927,0.1413096027192196,0.14130960276642243,0.14021174717422322,0.14021174714176818,0.14021174710273515,0.14021174714176818,0.14021174717422322,0.14021174714176818,0.14021174706198558,0.1402117469104174,0.14021174706198558,0.14021174714176818,0.14021174710273515,0.1402117469104174,0.1402117461476458,0.1402117469104174,0.14021174710273515,0.14021174714176818,0.14021174706198558,0.1402117469104174,0.14021174706198558,0.14021174714176818,0.14021174717422322,0.14021174714176818,0.14021174710273515,0.14021174714176818,0.14021174717422322,0.13913530792969464,0.13913530793430157,0.13913530793610152,0.13913530793430157,0.13913530792969464,0.13913530793430157,0.13913530793719628,0.13913530793027398,0.13913530793719628,0.13913530793430157,0.13913530793610152,0.13913530793027398,0.1391353078802338,0.13913530793027398,0.13913530793610152,0.13913530793430157,0.13913530793719628,0.13913530793027398,0.13913530793719628,0.13913530793430157,0.13913530792969464,0.13913530793430157,0.13913530793610152,0.13913530793430157,0.13913530792969464,0.13807980487406482,0.1380798049256155,0.13807980497857578,0.1380798049256155,0.13807980487406482,0.1380798049256155,0.13807980503256892,0.13807980518315072,0.13807980503256892,0.1380798049256155,0.13807980497857578,0.13807980518315072,0.13807980561699826,0.13807980518315072,0.13807980497857578,0.1380798049256155,0.13807980503256892,0.13807980518315072,0.13807980503256892,0.1380798049256155,0.13807980487406482,0.1380798049256155,0.13807980497857578,0.1380798049256155,0.13807980487406482,0.13704476730606602,0.13704476739973298,0.13704476751453099,0.13704476739973298,0.13704476730606602,0.13704476739973298,0.13704476763386353,0.1370447681082249,0.13704476763386353,0.13704476739973298,0.13704476751453099,0.1370447681082249,0.13704477074813332,0.1370447681082249,0.13704476751453099,0.13704476739973298,0.13704476763386353,0.1370447681082249,0.13704476763386353,0.13704476739973298,0.13704476730606602,0.13704476739973298,0.13704476751453099,0.13704476739973298,0.13704476730606602,0.1360297340437682,0.13602973411002386,0.13602973417516767,0.13602973411002386,0.1360297340437682,0.13602973411002386,0.13602973424062687,0.1360297344160196,0.13602973424062687,0.13602973411002386,0.13602973417516767,0.1360297344160196,0.13602973490392667,0.1360297344160196,0.13602973417516767,0.13602973411002386,0.13602973424062687,0.1360297344160196,0.13602973424062687,0.13602973411002386,0.1360297340437682,0.13602973411002386,0.13602973417516767,0.13602973411002386,0.1360297340437682,0.1350342535638193,0.13503425360550525,0.13503425363998767,0.13503425360550525,0.1350342535638193,0.13503425360550525,0.13503425367278235,0.13503425373961178,0.13503425367278235,0.13503425360550525,0.13503425363998767,0.13503425373961178,0.1350342538613295,0.13503425373961195,0.13503425363998767,0.13503425360550525,0.13503425367278235,0.13503425373961195,0.13503425367278235,0.13503425360550525,0.1350342535638193,0.13503425360550525,0.13503425363998767,0.13503425360550525,0.1350342535638193
0.1653324874161797,0.1653324874161797,0.1653324874161797,0.1653324874161797,0.1653324874161797,0.1653324874161797,0.1653324874161797,0.1653324874161797,0.1653324874161797,0.1653324874161797,0.1653324874161797,0.1653324874161797,0.1653324874161797,0.1653324874161797,0.1653324874161797,0.1653324874161797,0.1653324874161797,0.1653324874161797,0.1653324874161797,0.1653324874161797,0.1653324874161797,0.1653324874161797,0.1653324874161797,0.1653324874161797,0.1653324874161797,0.16375749370437398,0.16375749370437398,0.16375749370437398,0.16375749370437398,0.16375749370437398,0.16375749370437398,0.16375749370437398,0.16375749370437398,0.16375749370437398,0.16375749370437398,0.16375749370437398,0.16375749370437398,0.16375749370437398,0.16375749370437398,0.16375749370437398,0.16375749370437398,0.16375749370437398,0.16375749370437398,0.16375749370437398,0.16375749370437398,0.16375749370437398,0.16375749370437398,0.16375749370437398,0.16375749370437398,0.16375749370437398,0.16221388392402336,0.16221388392402336,0.16221388392402336,0.16221388392402336,0.16221388392402336,0.16221388392402336,0.16221388392402336,0.16221388392402336,0.16221388392402336,0.16221388392402336,0.16221388392402336,0.16221388392402336,0.16221388392402336,0.16221388392402336,0.16221388392402336,0.16221388392402336,0.16221388392402336,0.16221388392402336,0.16221388392402336,0.16221388392402336,0.16221388392402336,0.16221388392402336,0.16221388392402336,0.16221388392402336,0.16221388392402336,0.160701067032161,0.160701067032161,0.16070106703216078,0.160701067032161,0.160701067032161,0.160701067032161,0.16070106703216078,0.16070106703216078,0.16070106703216078,0.160701067032161,0.16070106703216078,0.16070106703216078,0.16070106703216078,0.16070106703216078,0.16070106703216078,0.160701067032161,0.16070106703216078,0.16070106703216078,0.16070106703216078,0.160701067032161,0.160701067032161,0.160701067032161,0.16070106703216078,0.160701067032161,0.160701067032161,0.15921845140376148,0.15921845140376126,0.15921845140376104,0.15921845140376126,0.15921845140376148,0.15921845140376126,0.1592184514037608,0.1592184514037608,0.1592184514037608,0.15921845140376126,0.15921845140376104,0.1592184514037608,0.15921845140376062,0.1592184514037608,0.15921845140376104,0.15921845140376126,0.1592184514037608,0.1592184514037608,0.1592184514037608,0.15921845140376126,0.15921845140376148,0.15921845140376126,0.15921845140376104,0.15921845140376126,0.15921845140376148,0.15776544618359353,0.1577654461835927,0.15776544618359206,0.1577654461835927,0.15776544618359353,0.1577654461835927,0.15776544618359162,0.1577654461835912,0.15776544618359162,0.1577654461835927,0.15776544618359206,0.1577654461835912,0.15776544618359056,0.1577654461835912,0.15776544618359206,0.1577654461835927,0.15776544618359162,0.1577654461835912,0.15776544618359162,0.1577654461835927,0.15776544618359353,0.1577654461835927,0.15776544618359206,0.1577654461835927,0.15776544618359353,0.1563414625005433,0.15634146250054057,0.1563414625005389,0.15634146250054057,0.1563414625005433,0.15634146250054057,0.15634146250053785,0.15634146250053618,0.15634146250053785,0.15634146250054057,0.1563414625005389,0.15634146250053618,0.15634146250053452,0.15634146250053618,0.1563414625005389,0.15634146250054057,0.15634146250053785,0.15634146250053618,0.15634146250053785,0.15634146250054057,0.1563414625005433,0.15634146250054057,0.1563414625005389,0.15634146250054057,0.1563414625005433,0.15494591455467685,0.15494591455466886,0.15494591455466394,0.15494591455466886,0.15494591455467685,0.15494591455466886,0.15494591455466067,0.15494591455465553,0.15494591455466067,0.15494591455466886,0.15494591455466394,0.15494591455465553,0.1549459145546502,0.15494591455465553,0.15494591455466394,0.15494591455466886,0.15494591455466067,0.15494591455465553,0.15494591455466067,0.15494591455466886,0.15494591455467685,0.15494591455466886,0.15494591455466394,0.15494591455466886,0.15494591455467685,0.15357822058675072,0.15357822058672702,0.15357822058671197,0.15357822058672702,0.15357822058675072,0.15357822058672702,0.1535782205867017,0.15357822058668585,0.1535782205867017,0.15357822058672702,0.15357822058671197,0.15357822058668585,0.1535782205866694,0.15357822058668585,0.15357822058671197,0.15357822058672702,0.1535782205867017,0.15357822058668585,0.1535782205867017,0.15357822058672702,0.15357822058675072,0.15357822058672702,0.15357822058671197,0.15357822058672702,0.15357822058675072,0.15223780373932663,0.15223780373925616,0.15223780373921147,0.15223780373925616,0.15223780373932663,0.15223780373925616,0.1522378037391796,0.1522378037391308,0.1522378037391796,0.15223780373925616,0.15223780373921147,0.1522378037391308,0.1522378037390788,0.1522378037391308,0.15223780373921147,0.15223780373925616,0.1522378037391796,0.1522378037391308,0.1522378037391796,0.15223780373925616,0.15223780373932663,0.15223780373925616,0.15223780373921147,0.15223780373925616,0.15223780373932663,0.15092409281812022,0.150924092817914,0.1509240928177807,0.150924092817914,0.15092409281812022,0.150924092817914,0.15092409281768093,0.15092409281752836,0.15092409281768093,0.150924092817914,0.1509240928177807,0.15092409281752836,0.15092409281736088,0.15092409281752836,0.1509240928177807,0.150924092817914,0.15092409281768093,0.15092409281752836,0.15092409281768093,0.150924092817914,0.15092409281812022,0.150924092817914,0.1509240928177807,0.150924092817914,0.15092409281812022,0.14963652296170302,0.14963652296111118,0.14963652296071733,0.14963652296111118,0.14963652296170302,0.14963652296111118,0.14963652296040533,0.14963652295992222,0.14963652296040533,0.14963652296111118,0.14963652296071733,0.14963652295992222,0.14963652295936386,0.14963652295992222,0.14963652296071733,0.14963652296111118,0.14963652296040533,0.14963652295992222,0.14963652296040533,0.14963652296111118,0.14963652296170302,0.14963652296111118,0.14963652296071733,0.14963652296111118,0.14963652296170302,0.14837453622725058,0.14837453622560595,0.148374536224456,0.14837453622560595,0.14837453622725058,0.14837453622560595,0.14837453622348504,0.14837453622192404,0.14837453622348504,0.14837453622560595,0.148374536224456,0.14837453622192404,0.14837453621995692,0.14837453622192404,0.148374536224456,0.14837453622560595,0.14837453622348504,0.14837453622192404,0.14837453622348504,0.14837453622560595,0.14837453622725058,0.14837453622560595,0.148374536224456,0.14837453622560595,0.14837453622725058,0.14713758209977776,0.14713758209536112,0.14713758209207733,0.14713758209536112,0.14713758209977776,0.14713758209536112,0.14713758208911232,0.14713758208393982,0.14713758208911232,0.14713758209536112,0.14713758209207733,0.14713758208393982,0.14713758207644265,0.14713758208393982,0.14713758209207733,0.14713758209536112,0.14713758208911232,0.14713758208393982,0.14713758208911232,0.14713758209536112,0.14713758209977776,0.14713758209536112,0.14713758209207733,0.14713758209536112,0.14713758209977776,0.14592511793231172,0.14592511792115298,0.14592511791202933,0.14592511792115298,0.14592511793231172,0.14592511792115298,0.14592511790339038,0.1459251178858918,0.14592511790339038,0.14592511792115298,0.14592511791202933,0.1459251178858918,0.14592511785415102,0.1459251178858918,0.14592511791202933,0.14592511792115298,0.14592511790339038,0.1459251178858918,0.14592511790339038,0.14592511792115298,0.14592511793231172,0.14592511792115298,0.14592511791202933,0.14592511792115298,0.14592511793231172,0.1447366093237879,0.14473660929897214,0.14473660927569557,0.14473660929897214,0.1447366093237879,0.14473660929897214,0.1447366092527353,0.14473660919442832,0.1447366092527353,0.14473660929897214,0.14473660927569557,0.14473660919442832,0.1447366090424345,0.14473660919442832,0.14473660927569557,0.14473660929897214,0.1447366092527353,0.14473660919442832,0.1447366092527353,0.14473660929897214,0.1447366093237879,0.14473660929897214,0.14473660927569557,0.14473660929897214,0.1447366093237879,0.14357153044012713,0.14357153039635095,0.1435715303483935,0.14357153039635095,0.14357153044012713,0.14357153039635095,0.14357153029948688,0.14357153013029897,0.14357153029948688,0.14357153039635095,0.1435715303483935,0.14357153013029897,0.1435715293052562,0.14357153013029897,0.1435715303483935,0.14357153039635095,0.14357153029948688,0.14357153013029897,0.14357153029948688,0.14357153039635095,0.14357153044012713,0.14357153039635095,0.1435715303483935,0.14357153039635095,0.14357153044012713,0.14242936427247185,0.1424293642233979,0.1424293641722414,0.1424293642233979,0.14242936427247185,0.1424293642233979,0.1424293641202302,0.14242936396121725,0.1424293641202302,0.1424293642233979,0.1424293641722414,0.14242936396121725,0.14242936333862533,0.14242936396121725,0.1424293641722414,0.1424293642233979,0.1424293641202302,0.14242936396121725,0.1424293641202302,0.1424293642233979,0.14242936427247185,0.1424293642233979,0.1424293641722414,0.1424293642233979,0.14242936427247185,0.1413096028110037,0.14130960276386745,0.14130960271300988,0.14130960276386745,0.1413096028110037,0.14130960276386745,0.1413096026608961,0.14130960249332566,0.1413096026608961,0.14130960276386745,0.14130960271300988,0.14130960249332566,0.1413096017849725,0.14130960249332566,0.14130960271300988,0.14130960276386745,0.1413096026608961,0.14130960249332566,0.1413096026608961,0.14130960276386745,0.1413096028110037,0.14130960276386745,0.14130960271300988,0.14130960276386745,0.1413096028110037,0.14021174722678553,0.14021174719440807,0.1402117471554663,0.14021174719440807,0.14021174722678553,0.14021174719440807,0.14021174711481169,0.14021174696358746,0.14021174711481169,0.14021174719440807,0.1402117471554663,0.14021174696358746,0.14021174620208832,0.14021174696358746,0.1402117471554663,0.14021174719440807,0.14021174711481169,0.14021174696358746,0.14021174711481169,0.14021174719440807,0.14021174722678553,0.14021174719440807,0.1402117471554663,0.14021174719440807,0.14021174722678553,0.13913530798916923,0.13913530799381899,0.13913530799566037,0.13913530799381899,0.13913530798916923,0.13913530799381899,0.1391353079967972,0.13913530798998303,0.1391353079967972,0.13913530799381899,0.13913530799566037,0.13913530798998303,0.13913530794022885,0.13913530798998303,0.13913530799566037,0.13913530799381899,0.1391353079967972,0.13913530798998303,0.1391353079967972,0.13913530799381899,0.13913530798916923,0.13913530799381899,0.13913530799566037,0.13913530799381899,0.13913530798916923,0.13807980493917138,0.13807980499073289,0.13807980504370027,0.13807980499073289,0.13807980493917138,0.13807980499073289,0.1380798050976998,0.13807980524828548,0.1380798050976998,0.13807980499073289,0.13807980504370027,0.13807980524828548,0.1380798056820972,0.13807980524828548,0.13807980504370027,0.13807980499073289,0.1380798050976998,0.13807980524828548,0.1380798050976998,0.13807980499073289,0.13807980493917138,0.13807980499073289,0.13807980504370027,0.13807980499073289,0.1380798049391712,0.1370447673753198,0.13704476746897812,0.1370447675837618,0.13704476746897812,0.1370447673753198,0.13704476746897812,0.1370447677030813,0.13704476817737515,0.1370447677030813,0.13704476746897812,0.1370447675837618,0.13704476817737515,0.1370447708176631,0.13704476817737515,0.1370447675837618,0.13704476746897812,0.1370447677030813,0.13704476817737515,0.1370447677030813,0.13704476746897812,0.1370447673753198,0.13704476746897812,0.1370447675837618,0.13704476746897812,0.1370447673753198,0.13602973411548563,0.1360297341817288,0.13602973424685622,0.1360297341817288,0.13602973411548563,0.1360297341817288,0.13602973431230989,0.13602973448764116,0.13602973431230989,0.1360297341817288,0.13602973424685622,0.13602973448764116,0.13602973497543333,0.13602973448764116,0.13602973424685622,0.1360297341817288,0.13602973431230989,0.13602973448764116,0.13602973431230989,0.1360297341817288,0.13602973411548563,0.1360297341817288,0.13602973424685622,0.1360297341817288,0.13602973411548563,0.13503425363613328,0.135034253677802,0.1350342537122711,0.135034253677802,0.13503425363613328,0.135034253677802,0.13503425374503783,0.13503425381183828,0.13503425374503783,0.135034253677802,0.1350342537122711,0.13503425381183828,0.13503425393351728,0.13503425381183828,0.1350342537122711,0.135034253677802,0.13503425374503783,0.13503425381183828,0.13503425374503783,0.135034253677802,0.13503425363613328,0.135034253677802,0.1350342537122711,0.135034253677802,0.13503425363613328
0.16533248739464915,0.16533248739464915,0.16533248739464915,0.16533248739464915,0.16533248739464915,0.16533248739464915,0.16533248739464915,0.16533248739464915,0.16533248739464915,0.16533248739464915,0.16533248739464915,0.16533248739464915,0.16533248739464915,0.16533248739464915,0.16533248739464915,0.16533248739464915,0.16533248739464915,0.16533248739464915,0.16533248739464915,0.16533248739464915,0.16533248739464915,0.16533248739464915,0.16533248739464915,0.16533248739464915,0.16533248739464915,0.16375749368351153,0.16375749368351153,0.16375749368351153,0.16375749368351153,0.16375749368351153,0.16375749368351153,0.16375749368351153,0.16375749368351153,0.16375749368351153,0.16375749368351153,0.16375749368351153,0.16375749368351153,0.16375749368351153,0.16375749368351153,0.16375749368351153,0.16375749368351153,0.16375749368351153,0.16375749368351153,0.16375749368351153,0.16375749368351153,0.16375749368351153,0.16375749368351153,0.16375749368351153,0.16375749368351153,0.16375749368351153,0.16221388390402278,0.16221388390402278,0.16221388390402278,0.16221388390402278,0.16221388390402278,0.16221388390402278,0.16221388390402278,0.16221388390402278,0.16221388390402278,0.16221388390402278,0.16221388390402278,0.16221388390402278,0.16221388390402278,0.16221388390402278,0.16221388390402278,0.16221388390402278,0.16221388390402278,0.16221388390402278,0.16221388390402278,0.16221388390402278,0.16221388390402278,0.16221388390402278,0.16221388390402278,0.16221388390402278,0.16221388390402278,0.1607010670132207,0.16070106701322046,0.16070106701322046,0.16070106701322046,0.1607010670132207,0.16070106701322046,0.16070106701322046,0.16070106701322046,0.16070106701322046,0.16070106701322046,0.16070106701322046,0.16070106701322046,0.16070106701322023,0.16070106701322046,0.16070106701322046,0.16070106701322046,0.16070106701322046,0.16070106701322046,0.16070106701322046,0.16070106701322046,0.1607010670132207,0.16070106701322046,0.16070106701322046,0.16070106701322046,0.1607010670132207,0.1592184513860822,0.159218451386082,0.15921845138608182,0.159218451386082,0.1592184513860822,0.159218451386082,0.15921845138608154,0.15921845138608154,0.15921845138608154,0.159218451386082,0.15921845138608182,0.15921845138608154,0.15921845138608134,0.15921845138608154,0.15921845138608182,0.159218451386082,0.15921845138608154,0.15921845138608154,0.15921845138608154,0.159218451386082,0.1592184513860822,0.159218451386082,0.15921845138608182,0.159218451386082,0.1592184513860822,0.15776544616737564,0.15776544616737478,0.15776544616737415,0.15776544616737478,0.15776544616737564,0.15776544616737478,0.15776544616737392,0.15776544616737329,0.15776544616737392,0.15776544616737478,0.15776544616737415,0.15776544616737329,0.15776544616737267,0.15776544616737329,0.15776544616737415,0.15776544616737478,0.15776544616737392,0.15776544616737329,0.15776544616737392,0.15776544616737478,0.15776544616737564,0.15776544616737478,0.15776544616737415,0.15776544616737478,0.15776544616737564,0.15634146248598318,0.15634146248598066,0.15634146248597902,0.15634146248598066,0.15634146248598318,0.15634146248598066,0.15634146248597797,0.15634146248597627,0.15634146248597797,0.15634146248598066,0.15634146248597902,0.15634146248597627,0.1563414624859746,0.15634146248597627,0.15634146248597902,0.15634146248598066,0.15634146248597797,0.15634146248597627,0.15634146248597797,0.15634146248598066,0.15634146248598318,0.15634146248598066,0.15634146248597902,0.15634146248598066,0.15634146248598318,0.15494591454196432,0.15494591454195653,0.15494591454195158,0.15494591454195653,0.15494591454196432,0.15494591454195653,0.15494591454194834,0.1549459145419432,0.15494591454194834,0.15494591454195653,0.15494591454195158,0.1549459145419432,0.15494591454193787,0.1549459145419432,0.15494591454195158,0.15494591454195653,0.15494591454194834,0.1549459145419432,0.15494591454194834,0.15494591454195653,0.15494591454196432,0.15494591454195653,0.15494591454195158,0.15494591454195653,0.15494591454196432,0.15357822057606405,0.15357822057604056,0.1535782205760257,0.15357822057604056,0.15357822057606405,0.15357822057604056,0.15357822057601564,0.1535782205759998,0.15357822057601564,0.15357822057604056,0.1535782205760257,0.1535782205759998,0.15357822057598355,0.1535782205759998,0.1535782205760257,0.15357822057604056,0.15357822057601564,0.1535782205759998,0.15357822057601564,0.15357822057604056,0.15357822057606405,0.15357822057604056,0.1535782205760257,0.15357822057604056,0.15357822057606405,0.15223780373082887,0.1522378037307594,0.1522378037307153,0.1522378037307594,0.15223780373082887,0.1522378037307594,0.1522378037306836,0.152237803730635,0.1522378037306836,0.1522378037307594,0.1522378037307153,0.152237803730635,0.1522378037305834,0.152237803730635,0.1522378037307153,0.1522378037307594,0.1522378037306836,0.152237803730635,0.1522378037306836,0.1522378037307594,0.15223780373082887,0.1522378037307594,0.1522378037307153,0.1522378037307594,0.15223780373082887,0.15092409281195374,0.15092409281175095,0.15092409281161942,0.15092409281175095,0.15092409281195374,0.15092409281175095,0.15092409281152025,0.1509240928113686,0.15092409281152025,0.15092409281175095,0.15092409281161942,0.1509240928113686,0.15092409281120192,0.1509240928113686,0.15092409281161942,0.15092409281175095,0.15092409281152025,0.1509240928113686,0.15092409281152025,0.15092409281175095,0.15092409281195374,0.15092409281175095,0.15092409281161942,0.15092409281175095,0.15092409281195374,0.14963652295798185,0.14963652295740248,0.14963652295701355,0.14963652295740248,0.14963652295798185,0.14963652295740248,0.14963652295670268,0.14963652295622223,0.14963652295670268,0.14963652295740248,0.14963652295701355,0.14963652295622223,0.14963652295566499,0.14963652295622223,0.14963652295701355,0.14963652295740248,0.14963652295670268,0.14963652295622223,0.14963652295670268,0.14963652295740248,0.14963652295798185,0.14963652295740248,0.14963652295701355,0.14963652295740248,0.14963652295798185,0.1483745362260754,0.14837453622444485,0.14837453622330918,0.14837453622444485,0.1483745362260754,0.14837453622444485,0.14837453622234045,0.1483745362207833,0.14837453622234045,0.14837453622444485,0.14837453622330918,0.1483745362207833,0.14837453621881658,0.1483745362207833,0.14837453622330918,0.14837453622444485,0.14837453622234045,0.1483745362207833,0.14837453622234045,0.14837453622444485,0.1483745362260754,0.14837453622444485,0.14837453622330918,0.14837453622444485,0.1483745362260754,0.1471375821012866,0.14713758209685254,0.14713758209356964,0.14713758209685254,0.1471375821012866,0.14713758209685254,0.14713758209061029,0.14713758208543196,0.14713758209061029,0.14713758209685254,0.14713758209356964,0.14713758208543196,0.1471375820779224,0.14713758208543196,0.14713758209356964,0.14713758209685254,0.14713758209061029,0.14713758208543196,0.14713758209061029,0.14713758209685254,0.1471375821012866,0.14713758209685254,0.14713758209356964,0.14713758209685254,0.1471375821012866,0.1459251179365616,0.14592511792537524,0.1459251179162133,0.14592511792537524,0.1459251179365616,0.14592511792537524,0.14592511790757737,0.14592511789004053,0.14592511790757737,0.14592511792537524,0.1459251179162133,0.14592511789004053,0.14592511785822618,0.14592511789004053,0.1459251179162133,0.14592511792537524,0.14592511790757737,0.14592511789004053,0.14592511790757737,0.14592511792537524,0.1459251179365616,0.14592511792537524,0.1459251179162133,0.14592511792537524,0.1459251179365616,0.1447366093308137,0.1447366093059491,0.14473660928262644,0.1447366093059491,0.1447366093308137,0.1447366093059491,0.14473660925959736,0.14473660920117537,0.14473660925959736,0.1447366093059491,0.14473660928262644,0.14473660920117537,0.14473660904879737,0.14473660920117537,0.14473660928262644,0.1447366093059491,0.14473660925959736,0.14473660920117537,0.14473660925959736,0.1447366093059491,0.1447366093308137,0.1447366093059491,0.14473660928262644,0.1447366093059491,0.1447366093308137,0.14357153044995774,0.14357153040612683,0.14357153035809372,0.14357153040612683,0.14357153044995774,0.14357153040612683,0.1435715303091027,0.1435715301395461,0.1435715303091027,0.14357153040612683,0.14357153035809372,0.1435715301395461,0.14357152931233447,0.1435715301395461,0.14357153035809372,0.14357153040612683,0.1435715303091027,0.1435715301395461,0.1435715303091027,0.14357153040612683,0.14357153044995774,0.14357153040612683,0.14357153035809372,0.14357153040612683,0.14357153044995774,0.14242936428509168,0.14242936423603178,0.1424293641848961,0.14242936423603178,0.14242936428509168,0.14242936423603178,0.14242936413290605,0.14242936397400346,0.14242936413290605,0.14242936423603178,0.1424293641848961,0.14242936397400346,0.1424293633521978,0.14242936397400346,0.1424293641848961,0.14242936423603178,0.14242936413290605,0.14242936397400346,0.14242936413290605,0.14242936423603178,0.14242936428509168,0.14242936423603178,0.1424293641848961,0.14242936423603178,0.14242936428509168,0.14130960282619834,0.14130960277912494,0.14130960272834317,0.14130960277912494,0.14130960282619834,0.14130960277912494,0.14130960267630835,0.1413096025090264,0.14130960267630835,0.14130960277912494,0.14130960272834317,0.1413096025090264,0.1413096018020342,0.1413096025090264,0.14130960272834317,0.14130960277912494,0.14130960267630835,0.1413096025090264,0.14130960267630835,0.14130960277912494,0.14130960282619834,0.14130960277912494,0.14130960272834317,0.14130960277912494,0.14130960282619834,0.14021174724418198,0.14021174721187352,0.14021174717301318,0.14021174721187352,0.14021174724418198,0.14021174721187352,0.1402117471324431,0.1402117469815272,0.1402117471324431,0.14021174721187352,0.14021174717301318,0.1402117469815272,0.1402117462215488,0.1402117469815272,0.14021174717301318,0.14021174721187352,0.1402117471324431,0.1402117469815272,0.1402117471324431,0.14021174721187352,0.14021174724418198,0.14021174721187352,0.14021174717301318,0.14021174721187352,0.14021174724418198,0.13913530800832227,0.1391353080130062,0.13913530801488122,0.1391353080130062,0.13913530800832227,0.1391353080130062,0.13913530801605206,0.13913530800932788,0.13913530801605206,0.1391353080130062,0.13913530801488122,0.13913530800932788,0.1391353079598189,0.13913530800932788,0.13913530801488122,0.1391353080130062,0.13913530801605206,0.13913530800932788,0.13913530801605206,0.1391353080130062,0.13913530800832227,0.1391353080130062,0.13913530801488122,0.1391353080130062,0.13913530800832227,0.13807980495965158,0.13807980501121261,0.13807980506417628,0.13807980501121261,0.13807980495965158,0.13807980501121261,0.13807980511817117,0.13807980526873326,0.13807980511817117,0.13807980501121261,0.13807980506417628,0.13807980526873326,0.13807980570244624,0.13807980526873326,0.13807980506417628,0.13807980501121261,0.13807980511817117,0.13807980526873326,0.13807980511817117,0.13807980501121261,0.13807980495965158,0.13807980501121261,0.13807980506417628,0.13807980501121261,0.13807980495965158,0.137044767396717,0.13704476749035127,0.13704476760510245,0.13704476749035127,0.137044767396717,0.13704476749035127,0.13704476772438787,0.13704476819853653,0.13704476772438787,0.13704476749035127,0.13704476760510245,0.13704476819853653,0.1370447708379852,0.13704476819853653,0.13704476760510245,0.13704476749035127,0.13704476772438787,0.13704476819853653,0.13704476772438787,0.13704476749035127,0.137044767396717,0.13704476749035127,0.13704476760510245,0.13704476749035127,0.137044767396717,0.13602973413739397,0.13602973420361716,0.13602973426872325,0.13602973420361716,0.13602973413739397,0.13602973420361716,0.13602973433415813,0.13602973450942604,0.13602973433415813,0.13602973420361716,0.13602973426872325,0.13602973450942604,0.13602973499705356,0.13602973450942604,0.13602973426872325,0.13602973420361716,0.13602973433415813,0.13602973450942604,0.13602973433415813,0.13602973420361716,0.13602973413739397,0.13602973420361716,0.13602973426872325,0.13602973420361716,0.13602973413739397,0.13503425365810376,0.13503425369975713,0.13503425373421382,0.13503425369975713,0.13503425365810376,0.13503425369975713,0.1350342537669646,0.1350342538337395,0.1350342537669646,0.13503425369975713,0.13503425373421382,0.1350342538337395,0.13503425395537502,0.1350342538337395,0.13503425373421382,0.13503425369975713,0.1350342537669646,0.1350342538337395,0.1350342537669646,0.13503425369975713,0.13503425365810376,0.13503425369975713,0.13503425373421382,0.13503425369975713,0.13503425365810376
0.16533248738756906,0.16533248738756906,0.16533248738756906,0.16533248738756906,0.16533248738756906,0.16533248738756906,0.16533248738756906,0.16533248738756906,0.16533248738756906,0.16533248738756906,0.16533248738756906,0.16533248738756906,0.16533248738756906,0.16533248738756906,0.16533248738756906,0.16533248738756906,0.16533248738756906,0.16533248738756906,0.16533248738756906,0.16533248738756906,0.16533248738756906,0.16533248738756906,0.16533248738756906,0.16533248738756906,0.16533248738756906,0.16375749367665265,0.16375749367665265,0.16375749367665265,0.16375749367665265,0.16375749367665265,0.16375749367665265,0.16375749367665265,0.16375749367665265,0.16375749367665265,0.16375749367665265,0.16375749367665265,0.16375749367665265,0.16375749367665265,0.16375749367665265,0.16375749367665265,0.16375749367665265,0.16375749367665265,0.16375749367665265,0.16375749367665265,0.16375749367665265,0.16375749367665265,0.16375749367665265,0.16375749367665265,0.16375749367665265,0.16375749367665265,0.1622138838974498,0.1622138838974498,0.1622138838974498,0.1622138838974498,0.1622138838974498,0.1622138838974498,0.1622138838974498,0.1622138838974496,0.1622138838974498,0.1622138838974498,0.1622138838974498,0.1622138838974496,0.1622138838974496,0.1622138838974496,0.1622138838974498,0.1622138838974498,0.1622138838974498,0.1622138838974496,0.1622138838974498,0.1622138838974498,0.1622138838974498,0.1622138838974498,0.1622138838974498,0.1622138838974498,0.1622138838974498,0.16070106700699952,0.1607010670069993,0.1607010670069993,0.1607010670069993,0.16070106700699952,0.1607010670069993,0.1607010670069993,0.1607010670069991,0.1607010670069993,0.1607010670069993,0.1607010670069993,0.1607010670069991,0.1607010670069991,0.1607010670069991,0.1607010670069993,0.1607010670069993,0.1607010670069993,0.1607010670069991,0.1607010670069993,0.1607010670069993,0.16070106700699952,0.1607010670069993,0.1607010670069993,0.1607010670069993,0.16070106700699952,0.1592184513802794,0.1592184513802792,0.15921845138027896,0.1592184513802792,0.1592184513802794,0.1592184513802792,0.15921845138027896,0.15921845138027876,0.15921845138027896,0.1592184513802792,0.15921845138027896,0.15921845138027876,0.15921845138027854,0.15921845138027876,0.15921845138027896,0.1592184513802792,0.15921845138027896,0.15921845138027876,0.15921845138027896,0.1592184513802792,0.1592184513802794,0.1592184513802792,0.15921845138027896,0.1592184513802792,0.1592184513802794,0.15776544616205765,0.1577654461620568,0.15776544616205615,0.1577654461620566,0.15776544616205765,0.1577654461620568,0.15776544616205573,0.1577654461620553,0.15776544616205573,0.1577654461620566,0.15776544616205615,0.1577654461620553,0.15776544616205468,0.1577654461620553,0.15776544616205615,0.1577654461620566,0.15776544616205573,0.1577654461620553,0.15776544616205573,0.1577654461620566,0.15776544616205765,0.1577654461620566,0.15776544616205615,0.1577654461620566,0.15776544616205743,0.15634146248121472,0.15634146248121222,0.15634146248121053,0.15634146248121222,0.15634146248121472,0.15634146248121222,0.1563414624812095,0.1563414624812078,0.1563414624812095,0.15634146248121222,0.15634146248121053,0.1563414624812078,0.15634146248120614,0.1563414624812078,0.15634146248121053,0.15634146248121222,0.1563414624812095,0.1563414624812078,0.1563414624812095,0.15634146248121222,0.15634146248121472,0.15634146248121222,0.15634146248121053,0.15634146248121222,0.15634146248121472,0.15494591453780768,0.15494591453779988,0.15494591453779497,0.15494591453779988,0.15494591453780768,0.15494591453779988,0.1549459145377917,0.15494591453778678,0.1549459145377917,0.15494591453779988,0.15494591453779497,0.15494591453778678,0.15494591453778145,0.15494591453778678,0.15494591453779497,0.15494591453779988,0.1549459145377917,0.15494591453778678,0.1549459145377917,0.15494591453779988,0.15494591453780768,0.15494591453779988,0.15494591453779497,0.15494591453779988,0.15494591453780768,0.15357822057257703,0.1535782205725539,0.15357822057253948,0.1535782205725539,0.15357822057257703,0.1535782205725539,0.15357822057252943,0.15357822057251375,0.15357822057252943,0.1535782205725539,0.15357822057253948,0.15357822057251375,0.15357822057249748,0.15357822057251375,0.15357822057253948,0.1535782205725539,0.15357822057252943,0.15357822057251375,0.15357822057252943,0.1535782205725539,0.15357822057257703,0.1535782205725539,0.15357822057253948,0.1535782205725539,0.15357822057257703,0.15223780372806428,0.15223780372799597,0.15223780372795245,0.15223780372799597,0.15223780372806428,0.15223780372799597,0.15223780372792098,0.15223780372787274,0.15223780372792098,0.15223780372799597,0.15223780372795245,0.15223780372787274,0.15223780372782136,0.15223780372787274,0.15223780372795245,0.15223780372799597,0.15223780372792098,0.15223780372787274,0.15223780372792098,0.15223780372799597,0.15223780372806428,0.15223780372799597,0.15223780372795245,0.15223780372799597,0.15223780372806428,0.15092409280995508,0.15092409280975677,0.15092409280962713,0.15092409280975677,0.15092409280995508,0.15092409280975677,0.15092409280952834,0.15092409280937769,0.15092409280952834,0.15092409280975677,0.15092409280962713,0.15092409280937769,0.15092409280921176,0.15092409280937769,0.15092409280962713,0.15092409280975677,0.15092409280952834,0.15092409280937769,0.15092409280952834,0.15092409280975677,0.15092409280995508,0.15092409280975677,0.15092409280962713,0.15092409280975677,0.15092409280995508,0.14963652295679117,0.14963652295621638,0.14963652295583252,0.14963652295621638,0.14963652295679117,0.14963652295621638,0.1496365229555222,0.14963652295504348,0.1496365229555222,0.14963652295621638,0.14963652295583252,0.14963652295504348,0.149636522954487,0.14963652295504348,0.14963652295583252,0.14963652295621638,0.1496365229555222,0.14963652295504348,0.1496365229555222,0.14963652295621638,0.14963652295679117,0.14963652295621638,0.14963652295583252,0.14963652295621638,0.14963652295679117,0.14837453622574387,0.14837453622410868,0.14837453622297536,0.14837453622410868,0.14837453622574387,0.14837453622410868,0.14837453622200777,0.14837453622045046,0.14837453622200777,0.14837453622410868,0.14837453622297536,0.14837453622045046,0.14837453621848243,0.14837453622045046,0.14837453622297536,0.14837453622410868,0.14837453622200777,0.14837453622045046,0.14837453622200777,0.14837453622410868,0.14837453622574387,0.14837453622410868,0.14837453622297536,0.14837453622410868,0.14837453622574387,0.1471375821018414,0.14713758209739972,0.14713758209410444,0.14713758209739972,0.1471375821018414,0.14713758209739972,0.14713758209115071,0.14713758208596456,0.14713758209115071,0.14713758209739972,0.14713758209410444,0.14713758208596456,0.14713758207844468,0.14713758208596456,0.14713758209410444,0.14713758209739972,0.14713758209115071,0.14713758208596456,0.14713758209115071,0.14713758209739972,0.1471375821018414,0.14713758209739972,0.14713758209410444,0.14713758209739972,0.1471375821018414,0.1459251179380228,0.14592511792682164,0.14592511791764654,0.14592511792682164,0.1459251179380228,0.14592511792682164,0.14592511790899867,0.14592511789143622,0.14592511790899867,0.14592511792682164,0.14592511791764654,0.14592511789143622,0.14592511785957038,0.14592511789143622,0.14592511791764654,0.14592511792682164,0.14592511790899867,0.14592511789143622,0.14592511790899867,0.14592511792682164,0.1459251179380228,0.14592511792682164,0.14592511791764654,0.14592511792682164,0.1459251179380228,0.14473660933320154,0.14473660930830914,0.14473660928495893,0.14473660930830914,0.14473660933320154,0.14473660930830914,0.1447366092618915,0.144736609203389,0.1447366092618915,0.14473660930830914,0.14473660928495893,0.144736609203389,0.1447366090507511,0.144736609203389,0.14473660928495893,0.14473660930830914,0.1447366092618915,0.144736609203389,0.1447366092618915,0.14473660930830914,0.14473660933320154,0.14473660930830914,0.14473660928495893,0.14473660930830914,0.14473660933320154,0.14357153045330368,0.14357153040944282,0.14357153036136472,0.14357153040944282,0.14357153045330368,0.14357153040944282,0.14357153031232342,0.14357153014253202,0.14357153031232342,0.14357153040944282,0.14357153036136472,0.14357153014253202,0.14357152931385808,0.14357153014253202,0.14357153036136472,0.14357153040944282,0.14357153031232342,0.14357153014253202,0.14357153031232342,0.14357153040944282,0.14357153045330368,0.14357153040944282,0.14357153036136472,0.14357153040944282,0.14357153045330368,0.1424293642894138,0.1424293642403742,0.1424293641892632,0.1424293642403742,0.1424293642894138,0.1424293642403742,0.14242936413729831,0.1424293639785016,0.14242936413729831,0.1424293642403742,0.1424293641892632,0.1424293639785016,0.14242936335734843,0.1424293639785016,0.1424293641892632,0.1424293642403742,0.14242936413729831,0.1424293639785016,0.14242936413729831,0.1424293642403742,0.1424293642894138,0.1424293642403742,0.1424293641892632,0.1424293642403742,0.1424293642894138,0.14130960283139382,0.14130960278437732,0.14130960273366264,0.14130960278437732,0.14130960283139382,0.14130960278437732,0.14130960268169773,0.14130960251466493,0.14130960268169773,0.14130960278437732,0.14130960273366264,0.14130960251466493,0.1413096018088365,0.14130960251466493,0.14130960273366264,0.14130960278437732,0.14130960268169773,0.14130960251466493,0.14130960268169773,0.14130960278437732,0.14130960283139382,0.14130960278437732,0.14130960273366264,0.14130960278437732,0.14130960283139382,0.14021174725005273,0.14021174721780438,0.14021174717901536,0.14021174721780438,0.14021174725005273,0.14021174721780438,0.14021174713851928,0.1402117469878757,0.14021174713851928,0.14021174721780438,0.14021174717901536,0.1402117469878757,0.14021174622925958,0.1402117469878757,0.14021174717901536,0.14021174721780438,0.14021174713851928,0.1402117469878757,0.14021174713851928,0.14021174721780438,0.14021174725005273,0.14021174721780438,0.14021174717901536,0.14021174721780438,0.14021174725005273,0.13913530801464516,0.13913530801935484,0.13913530802125615,0.13913530801935484,0.13913530801464516,0.13913530801935484,0.1391353080224537,0.1391353080158024,0.1391353080224537,0.13913530801935484,0.13913530802125615,0.1391353080158024,0.13913530796649867,0.1391353080158024,0.13913530802125615,0.13913530801935484,0.1391353080224537,0.1391353080158024,0.1391353080224537,0.13913530801935484,0.13913530801464516,0.13913530801935484,0.13913530802125615,0.13913530801935484,0.13913530801464516,0.13807980496625494,0.13807980501780603,0.1380798050707567,0.13807980501780603,0.13807980496625494,0.13807980501780603,0.13807980512473764,0.1380798052752529,0.13807980512473764,0.13807980501780603,0.1380798050707567,0.1380798052752529,0.1380798057088079,0.1380798052752529,0.1380798050707567,0.13807980501780603,0.13807980512473764,0.1380798052752529,0.13807980512473764,0.13807980501780603,0.13807980496625494,0.13807980501780603,0.1380798050707567,0.13807980501780603,0.13807980496625494,0.13704476740348748,0.13704476749708513,0.13704476761178885,0.13704476749708513,0.13704476740348748,0.13704476749708513,0.13704476773102472,0.13704476820496753,0.13704476773102472,0.13704476749708513,0.13704476761178885,0.13704476820496753,0.13704477084321945,0.13704476820496753,0.13704476761178885,0.13704476749708513,0.13704476773102472,0.13704476820496753,0.13704476773102472,0.13704476749708513,0.13704476740348748,0.13704476749708513,0.13704476761178885,0.13704476749708513,0.13704476740348748,0.13602973414425973,0.1360297342104549,0.13602973427553278,0.1360297342104549,0.13602973414425973,0.1360297342104549,0.13602973434093976,0.13602973451612835,0.13602973434093993,0.1360297342104549,0.13602973427553278,0.13602973451612835,0.1360297350035373,0.13602973451612835,0.13602973427553278,0.1360297342104549,0.13602973434093993,0.13602973451612835,0.13602973434093976,0.1360297342104549,0.13602973414425973,0.1360297342104549,0.13602973427553278,0.1360297342104549,0.13602973414425973,0.13503425366496427,0.1350342537065989,0.13503425374104008,0.1350342537065989,0.13503425366496427,0.1350342537065989,0.13503425377377465,0.13503425384051912,0.13503425377377465,0.1350342537065989,0.13503425374104008,0.13503425384051912,0.13503425396209967,0.13503425384051912,0.13503425374104008,0.1350342537065989,0.13503425377377465,0.13503425384051912,0.13503425377377465,0.1350342537065989,0.13503425366496427,0.1350342537065989,0.13503425374104008,0.1350342537065989,0.13503425366496427
0.16533248738530829,0.16533248738530829,0.16533248738530829,0.16533248738530829,0.16533248738530829,0.16533248738530829,0.16533248738530829,0.16533248738530829,0.16533248738530829,0.16533248738530829,0.16533248738530829,0.16533248738530829,0.16533248738530829,0.16533248738530829,0.16533248738530829,0.16533248738530829,0.16533248738530829,0.16533248738530829,0.16533248738530829,0.16533248738530829,0.16533248738530829,0.16533248738530829,0.16533248738530829,0.16533248738530829,0.16533248738530829,0.1637574936744642,0.1637574936744642,0.16375749367446396,0.1637574936744642,0.1637574936744642,0.1637574936744642,0.16375749367446396,0.16375749367446396,0.16375749367446396,0.1637574936744642,0.16375749367446396,0.16375749367446396,0.16375749367446396,0.16375749367446396,0.16375749367446396,0.1637574936744642,0.16375749367446396,0.16375749367446396,0.16375749367446396,0.1637574936744642,0.1637574936744642,0.1637574936744642,0.16375749367446396,0.1637574936744642,0.1637574936744642,0.16221388389535488,0.16221388389535488,0.16221388389535488,0.16221388389535488,0.16221388389535488,0.16221388389535488,0.16221388389535488,0.16221388389535488,0.16221388389535488,0.16221388389535488,0.16221388389535488,0.16221388389535488,0.16221388389535488,0.16221388389535488,0.16221388389535488,0.16221388389535488,0.16221388389535488,0.16221388389535488,0.16221388389535488,0.16221388389535488,0.16221388389535488,0.16221388389535488,0.16221388389535488,0.16221388389535488,0.16221388389535488,0.1607010670050206,0.1607010670050206,0.1607010670050206,0.1607010670050206,0.1607010670050206,0.1607010670050206,0.16070106700502038,0.16070106700502038,0.16070106700502038,0.1607010670050206,0.1607010670050206,0.16070106700502038,0.16070106700502038,0.16070106700502038,0.1607010670050206,0.1607010670050206,0.16070106700502038,0.16070106700502038,0.16070106700502038,0.1607010670050206,0.1607010670050206,0.1607010670050206,0.1607010670050206,0.1607010670050206,0.1607010670050206,0.15921845137843926,0.15921845137843882,0.15921845137843862,0.15921845137843882,0.15921845137843926,0.15921845137843882,0.15921845137843862,0.1592184513784384,0.15921845137843862,0.15921845137843882,0.15921845137843862,0.1592184513784384,0.15921845137843818,0.1592184513784384,0.15921845137843862,0.15921845137843882,0.15921845137843862,0.1592184513784384,0.15921845137843862,0.15921845137843882,0.15921845137843926,0.15921845137843882,0.15921845137843862,0.15921845137843882,0.15921845137843926,0.15776544616037824,0.15776544616037738,0.15776544616037674,0.15776544616037738,0.15776544616037824,0.15776544616037738,0.15776544616037652,0.15776544616037588,0.15776544616037652,0.15776544616037738,0.15776544616037674,0.15776544616037588,0.15776544616037547,0.15776544616037588,0.15776544616037674,0.15776544616037738,0.15776544616037652,0.15776544616037588,0.15776544616037652,0.15776544616037738,0.15776544616037824,0.15776544616037738,0.15776544616037674,0.15776544616037738,0.15776544616037824,0.15634146247971814,0.15634146247971564,0.15634146247971398,0.15634146247971564,0.15634146247971814,0.15634146247971564,0.15634146247971295,0.15634146247971145,0.15634146247971295,0.15634146247971564,0.15634146247971398,0.15634146247971145,0.1563414624797098,0.15634146247971145,0.15634146247971398,0.15634146247971564,0.15634146247971295,0.15634146247971145,0.15634146247971295,0.15634146247971564,0.15634146247971814,0.15634146247971564,0.15634146247971398,0.15634146247971564,0.15634146247971814,0.15494591453651477,0.1549459145365072,0.15494591453650247,0.1549459145365072,0.15494591453651477,0.1549459145365072,0.15494591453649917,0.15494591453649428,0.15494591453649917,0.1549459145365072,0.15494591453650247,0.15494591453649428,0.15494591453648895,0.15494591453649428,0.15494591453650247,0.1549459145365072,0.15494591453649917,0.15494591453649428,0.15494591453649917,0.1549459145365072,0.15494591453651477,0.1549459145365072,0.15494591453650247,0.1549459145365072,0.15494591453651477,0.15357822057150755,0.15357822057148504,0.15357822057147058,0.15357822057148504,0.15357822057150755,0.15357822057148504,0.15357822057146053,0.15357822057144527,0.15357822057146053,0.15357822057148504,0.15357822057147058,0.15357822057144527,0.153578220571429,0.15357822057144527,0.15357822057147058,0.15357822057148504,0.15357822057146053,0.15357822057144527,0.15357822057146053,0.15357822057148504,0.15357822057150755,0.15357822057148504,0.15357822057147058,0.15357822057148504,0.15357822057150755,0.15223780372723478,0.15223780372716847,0.15223780372712556,0.15223780372716847,0.15223780372723478,0.15223780372716847,0.15223780372709425,0.15223780372704643,0.15223780372709425,0.15223780372716847,0.15223780372712556,0.15223780372704643,0.15223780372699544,0.15223780372704643,0.15223780372712556,0.15223780372716847,0.15223780372709425,0.15223780372704643,0.15223780372709425,0.15223780372716847,0.15223780372723478,0.15223780372716847,0.15223780372712556,0.15223780372716847,0.15223780372723478,0.15092409280938346,0.15092409280918667,0.15092409280905858,0.15092409280918667,0.15092409280938346,0.15092409280918667,0.15092409280896021,0.1509240928088103,0.15092409280896021,0.15092409280918667,0.15092409280905858,0.1509240928088103,0.15092409280864458,0.1509240928088103,0.15092409280905858,0.15092409280918667,0.15092409280896021,0.1509240928088103,0.15092409280896,0.15092409280918667,0.15092409280938346,0.15092409280918667,0.15092409280905858,0.15092409280918667,0.15092409280938346,0.1496365229564966,0.14963652295592064,0.14963652295553792,0.14963652295592064,0.1496365229564966,0.14963652295592064,0.14963652295522822,0.14963652295474963,0.14963652295522822,0.14963652295592064,0.14963652295553792,0.14963652295474963,0.14963652295419336,0.14963652295474963,0.14963652295553792,0.14963652295592064,0.14963652295522822,0.14963652295474963,0.14963652295522822,0.14963652295592064,0.1496365229564966,0.14963652295592064,0.14963652295553792,0.14963652295592064,0.1496365229564966,0.1483745362257383,0.14837453622410166,0.1483745362229663,0.14837453622410166,0.1483745362257383,0.14837453622410166,0.14837453622200017,0.14837453622044156,0.14837453622200017,0.14837453622410166,0.1483745362229663,0.14837453622044156,0.14837453621847244,0.14837453622044156,0.1483745362229663,0.14837453622410166,0.14837453622200017,0.14837453622044156,0.14837453622200017,0.14837453622410166,0.1483745362257383,0.14837453622410166,0.1483745362229663,0.14837453622410166,0.1483745362257383,0.14713758210213368,0.1471375820976889,0.14713758209438946,0.1471375820976889,0.14713758210213368,0.1471375820976889,0.1471375820914359,0.14713758208624558,0.1471375820914359,0.1471375820976889,0.14713758209438946,0.14713758208624558,0.1471375820787201,0.14713758208624558,0.14713758209438946,0.1471375820976889,0.1471375820914359,0.14713758208624558,0.1471375820914359,0.1471375820976889,0.14713758210213368,0.1471375820976889,0.14713758209438946,0.1471375820976889,0.14713758210213368,0.14592511793862106,0.14592511792741336,0.14592511791823218,0.14592511792741336,0.14592511793862106,0.14592511792741336,0.14592511790957846,0.145925117892003,0.14592511790957846,0.14592511792741336,0.14592511791823218,0.145925117892003,0.14592511786011028,0.145925117892003,0.14592511791823218,0.14592511792741336,0.14592511790957846,0.145925117892003,0.14592511790957846,0.14592511792741336,0.14592511793862106,0.14592511792741336,0.14592511791823218,0.14592511792741336,0.14592511793862106,0.1447366093341162,0.14473660930921212,0.14473660928584897,0.14473660930921212,0.1447366093341162,0.14473660930921212,0.14473660926276458,0.14473660920422074,0.14473660926276458,0.14473660930921212,0.14473660928584897,0.14473660920422074,0.14473660905144686,0.14473660920422074,0.14473660928584897,0.14473660930921212,0.14473660926276458,0.14473660920422074,0.14473660926276458,0.14473660930921212,0.1447366093341162,0.14473660930921212,0.14473660928584897,0.14473660930921212,0.1447366093341162,0.14357153045455073,0.14357153041068046,0.14357153036258388,0.14357153041068046,0.14357153045455073,0.14357153041068046,0.14357153031352154,0.14357153014361582,0.14357153031352154,0.14357153041068046,0.14357153036258388,0.14357153014361582,0.14357152931417752,0.14357153014361582,0.14357153036258388,0.14357153041068046,0.14357153031352154,0.14357153014361582,0.14357153031352154,0.14357153041068046,0.14357153045455073,0.14357153041068046,0.14357153036258388,0.14357153041068046,0.14357153045455073,0.1424293642909979,0.14242936424198277,0.14242936419089894,0.14242936424198277,0.1424293642909979,0.14242936424198277,0.14242936413896143,0.14242936398026346,0.14242936413896143,0.14242936424198277,0.14242936419089894,0.14242936398026346,0.14242936335960038,0.14242936398026346,0.14242936419089894,0.14242936424198277,0.14242936413896143,0.14242936398026346,0.14242936413896143,0.14242936424198277,0.1424293642909979,0.14242936424198277,0.14242936419089894,0.14242936424198277,0.1424293642909979,0.14130960283324373,0.14130960278627772,0.14130960273562126,0.14130960278627772,0.14130960283324373,0.14130960278627772,0.1413096026837167,0.14130960251689378,0.1413096026837167,0.14130960278627772,0.14130960273562126,0.14130960251689378,0.14130960181202237,0.14130960251689378,0.14130960273562126,0.14130960278627772,0.1413096026837167,0.14130960251689378,0.1413096026837167,0.14130960278627772,0.14130960283324373,0.14130960278627772,0.14130960273562126,0.14130960278627772,0.14130960283324373,0.14021174725203694,0.14021174721983973,0.1402117471811118,0.14021174721983973,0.14021174725203694,0.14021174721983973,0.14021174714067924,0.14021174699027256,0.14021174714067924,0.14021174721983973,0.1402117471811118,0.14021174699027256,0.1402117462328636,0.14021174699027256,0.1402117471811118,0.14021174721983973,0.14021174714067924,0.14021174699027256,0.14021174714067924,0.14021174721983973,0.14021174725203694,0.14021174721983973,0.1402117471811118,0.14021174721983973,0.14021174725203694,0.1391353080166236,0.13913530802135132,0.13913530802327162,0.13913530802135132,0.1391353080166236,0.13913530802135132,0.13913530802448842,0.1391353080178931,0.13913530802448842,0.13913530802135132,0.13913530802327162,0.1391353080178931,0.13913530796875573,0.1391353080178931,0.13913530802327162,0.13913530802135132,0.13913530802448842,0.1391353080178931,0.13913530802448842,0.13913530802135132,0.1391353080166236,0.13913530802135132,0.13913530802327162,0.13913530802135132,0.1391353080166236,0.13807980496814892,0.13807980501968065,0.13807980507260945,0.13807980501968065,0.13807980496814892,0.13807980501968065,0.13807980512656773,0.13807980527701386,0.13807980512656773,0.13807980501968065,0.13807980507260945,0.13807980527701386,0.13807980571035303,0.13807980527701386,0.13807980507260945,0.13807980501968065,0.13807980512656773,0.13807980527701386,0.13807980512656773,0.13807980501968065,0.13807980496814892,0.13807980501968065,0.13807980507260945,0.13807980501968065,0.13807980496814892,0.13704476740528945,0.13704476749883834,0.13704476761348047,0.13704476749883834,0.13704476740528945,0.13704476749883834,0.13704476773265184,0.13704476820633316,0.13704476773265184,0.13704476749883834,0.13704476761348047,0.13704476820633316,0.1370447708431179,0.13704476820633316,0.13704476761348047,0.13704476749883834,0.13704476773265184,0.13704476820633316,0.13704476773265184,0.13704476749883834,0.13704476740528945,0.13704476749883834,0.13704476761348047,0.13704476749883834,0.13704476740528945,0.136029734146018,0.13602973421217737,0.13602973427721948,0.13602973421217737,0.136029734146018,0.13602973421217737,0.1360297343425907,0.1360297345176813,0.1360297343425907,0.13602973421217737,0.13602973427721948,0.1360297345176813,0.13602973500481724,0.1360297345176813,0.13602973427721948,0.13602973421217737,0.1360297343425907,0.1360297345176813,0.1360297343425907,0.13602973421217737,0.136029734146018,0.13602973421217737,0.13602973427721948,0.13602973421217737,0.136029734146018,0.13503425366669822,0.13503425370830993,0.13503425374273192,0.13503425370830993,0.13503425366669822,0.13503425370830993,0.13503425377544792,0.1350342538421548,0.13503425377544792,0.13503425370830993,0.13503425374273192,0.1350342538421548,0.13503425396366708,0.1350342538421548,0.13503425374273192,0.13503425370830993,0.13503425377544792,0.1350342538421548,0.13503425377544792,0.13503425370830993,0.13503425366669822,0.13503425370830993,0.13503425374273192,0.13503425370830993,0.13503425366669822
0.16533248738473227,0.16533248738473227,0.16533248738473227,0.16533248738473227,0.16533248738473227,0.16533248738473227,0.16533248738473227,0.16533248738473227,0.16533248738473227,0.16533248738473227,0.16533248738473227,0.16533248738473227,0.16533248738473227,0.16533248738473227,0.16533248738473227,0.16533248738473227,0.16533248738473227,0.16533248738473227,0.16533248738473227,0.16533248738473227,0.16533248738473227,0.16533248738473227,0.16533248738473227,0.16533248738473227,0.16533248738473227,0.16375749367390843,0.16375749367390843,0.16375749367390843,0.16375749367390843,0.16375749367390843,0.16375749367390843,0.16375749367390843,0.16375749367390843,0.16375749367390843,0.16375749367390843,0.16375749367390843,0.16375749367390843,0.16375749367390843,0.16375749367390843,0.16375749367390843,0.16375749367390843,0.16375749367390843,0.16375749367390843,0.16375749367390843,0.16375749367390843,0.16375749367390843,0.16375749367390843,0.16375749367390843,0.16375749367390843,0.16375749367390843,0.16221388389482785,0.16221388389482785,0.1622138838948276,0.16221388389482785,0.16221388389482785,0.16221388389482785,0.1622138838948276,0.1622138838948276,0.1622138838948276,0.16221388389482785,0.1622138838948276,0.1622138838948276,0.1622138838948276,0.1622138838948276,0.1622138838948276,0.16221388389482785,0.1622138838948276,0.1622138838948276,0.1622138838948276,0.16221388389482785,0.16221388389482785,0.16221388389482785,0.1622138838948276,0.16221388389482785,0.16221388389482785,0.16070106700453007,0.16070106700453007,0.16070106700453007,0.16070106700453007,0.16070106700453007,0.16070106700453007,0.16070106700453007,0.16070106700452985,0.16070106700453007,0.16070106700453007,0.16070106700453007,0.16070106700452985,0.16070106700452985,0.16070106700452985,0.16070106700453007,0.16070106700453007,0.16070106700453007,0.16070106700452985,0.16070106700453007,0.16070106700453007,0.16070106700453007,0.16070106700453007,0.16070106700453007,0.16070106700453007,0.16070106700453007,0.1592184513779938,0.15921845137799362,0.1592184513779934,0.15921845137799362,0.1592184513779938,0.15921845137799362,0.15921845137799318,0.15921845137799295,0.15921845137799318,0.15921845137799362,0.1592184513779934,0.15921845137799295,0.15921845137799295,0.15921845137799318,0.1592184513779934,0.15921845137799362,0.15921845137799318,0.15921845137799318,0.15921845137799318,0.15921845137799362,0.1592184513779938,0.15921845137799362,0.1592184513779934,0.15921845137799362,0.1592184513779938,0.15776544615998606,0.15776544615998545,0.15776544615998478,0.15776544615998545,0.15776544615998606,0.15776544615998545,0.15776544615998456,0.15776544615998395,0.15776544615998456,0.15776544615998545,0.15776544615998478,0.15776544615998395,0.1577654461599835,0.15776544615998395,0.15776544615998478,0.15776544615998545,0.15776544615998456,0.15776544615998395,0.15776544615998456,0.15776544615998545,0.15776544615998606,0.15776544615998545,0.15776544615998478,0.15776544615998545,0.15776544615998606,0.15634146247938754,0.15634146247938524,0.15634146247938357,0.15634146247938524,0.15634146247938754,0.15634146247938524,0.15634146247938252,0.15634146247938105,0.15634146247938252,0.15634146247938524,0.15634146247938357,0.15634146247938105,0.15634146247937938,0.15634146247938105,0.15634146247938357,0.15634146247938524,0.15634146247938252,0.15634146247938105,0.15634146247938252,0.15634146247938524,0.15634146247938754,0.15634146247938524,0.15634146247938357,0.15634146247938524,0.15634146247938754,0.15494591453625325,0.15494591453624587,0.15494591453624137,0.15494591453624587,0.15494591453625325,0.15494591453624587,0.1549459145362381,0.1549459145362332,0.1549459145362381,0.15494591453624587,0.15494591453624137,0.1549459145362332,0.15494591453622808,0.1549459145362332,0.15494591453624137,0.15494591453624587,0.1549459145362381,0.1549459145362332,0.1549459145362381,0.15494591453624587,0.15494591453625325,0.15494591453624587,0.15494591453624137,0.15494591453624587,0.15494591453625325,0.15357822057132217,0.15357822057130024,0.1535782205712864,0.15357822057130024,0.15357822057132217,0.15357822057130024,0.15357822057127637,0.15357822057126108,0.15357822057127637,0.15357822057130024,0.1535782205712864,0.15357822057126108,0.15357822057124504,0.15357822057126108,0.1535782205712864,0.15357822057130024,0.15357822057127637,0.15357822057126108,0.15357822057127637,0.15357822057130024,0.15357822057132217,0.15357822057130024,0.1535782205712864,0.15357822057130024,0.15357822057132217,0.15223780372713341,0.15223780372706727,0.15223780372702517,0.15223780372706727,0.15223780372713341,0.15223780372706727,0.15223780372699386,0.1522378037269464,0.15223780372699386,0.15223780372706727,0.15223780372702517,0.1522378037269464,0.15223780372689544,0.1522378037269464,0.15223780372702517,0.15223780372706727,0.15223780372699386,0.1522378037269464,0.15223780372699386,0.15223780372706727,0.15223780372713341,0.15223780372706727,0.15223780372702517,0.15223780372706727,0.15223780372713341,0.15092409280937363,0.15092409280917646,0.15092409280904914,0.15092409280917646,0.15092409280937363,0.15092409280917646,0.15092409280895056,0.15092409280880104,0.15092409280895056,0.15092409280917646,0.15092409280904914,0.15092409280880104,0.15092409280863553,0.15092409280880104,0.15092409280904914,0.15092409280917646,0.15092409280895056,0.15092409280880104,0.15092409280895056,0.15092409280917646,0.15092409280937363,0.15092409280917646,0.15092409280904914,0.15092409280917646,0.15092409280937363,0.14963652295658356,0.14963652295600763,0.1496365229556249,0.14963652295600763,0.14963652295658356,0.14963652295600763,0.1496365229553154,0.149636522954837,0.1496365229553154,0.14963652295600763,0.1496365229556249,0.149636522954837,0.1496365229542807,0.149636522954837,0.1496365229556249,0.14963652295600763,0.1496365229553154,0.149636522954837,0.1496365229553154,0.14963652295600763,0.14963652295658356,0.14963652295600763,0.1496365229556249,0.14963652295600763,0.14963652295658356,0.14837453622592622,0.14837453622428937,0.14837453622315294,0.14837453622428937,0.14837453622592622,0.14837453622428937,0.14837453622218794,0.1483745362206295,0.14837453622218794,0.14837453622428937,0.14837453622315294,0.1483745362206295,0.14837453621866017,0.1483745362206295,0.14837453622315294,0.14837453622428937,0.14837453622218794,0.1483745362206295,0.14837453622218794,0.14837453622428937,0.14837453622592622,0.14837453622428937,0.14837453622315294,0.14837453622428937,0.14837453622592622,0.14713758210242522,0.14713758209798064,0.14713758209468103,0.14713758209798064,0.14713758210242522,0.14713758209798064,0.14713758209172767,0.14713758208653732,0.14713758209172767,0.14713758209798064,0.14713758209468103,0.14713758208653732,0.1471375820790113,0.14713758208653732,0.14713758209468103,0.14713758209798064,0.14713758209172767,0.14713758208653732,0.14713758209172767,0.14713758209798064,0.14713758210242522,0.14713758209798064,0.14713758209468103,0.14713758209798064,0.14713758210242522,0.14592511793901727,0.14592511792781007,0.14592511791862928,0.14592511792781007,0.14592511793901727,0.14592511792781007,0.14592511790997534,0.14592511789239954,0.14592511790997534,0.14592511792781007,0.14592511791862928,0.14592511789239954,0.14592511786050433,0.14592511789239954,0.14592511791862928,0.14592511792781007,0.14592511790997534,0.14592511789239954,0.14592511790997534,0.14592511792781007,0.14592511793901727,0.14592511792781007,0.14592511791862928,0.14592511792781007,0.14592511793901727,0.1447366093346147,0.14473660930971324,0.1447366092863515,0.14473660930971324,0.1447366093346147,0.14473660930971324,0.14473660926326695,0.1447366092047224,0.14473660926326695,0.14473660930971324,0.1447366092863515,0.1447366092047224,0.14473660905193386,0.1447366092047224,0.1447366092863515,0.14473660930971324,0.14473660926326695,0.1447366092047224,0.14473660926326695,0.14473660930971324,0.1447366093346147,0.14473660930971324,0.1447366092863515,0.14473660930971324,0.1447366093346147,0.14357153045514315,0.14357153041128295,0.14357153036319303,0.14357153041128295,0.14357153045514315,0.14357153041128295,0.14357153031413653,0.1435715301442315,0.14357153031413653,0.14357153041128295,0.14357153036319303,0.1435715301442315,0.14357152931468334,0.1435715301442315,0.14357153036319303,0.14357153041128295,0.14357153031413653,0.1435715301442315,0.14357153031413653,0.14357153041128295,0.14357153045514315,0.14357153041128295,0.14357153036319303,0.14357153041128295,0.14357153045514315,0.14242936429165834,0.14242936424267172,0.14242936419161692,0.14242936424267172,0.14242936429165834,0.14242936424267172,0.1424293641397089,0.14242936398110156,0.1424293641397089,0.14242936424267172,0.14242936419161692,0.14242936398110156,0.1424293633608444,0.14242936398110156,0.14242936419161692,0.14242936424267172,0.1424293641397089,0.14242936398110156,0.1424293641397089,0.14242936424267172,0.14242936429165834,0.14242936424267172,0.14242936419161692,0.14242936424267172,0.14242936429165834,0.1413096028339057,0.14130960278698396,0.1413096027363767,0.14130960278698396,0.1413096028339057,0.14130960278698396,0.14130960268452275,0.14130960251787086,0.14130960268452275,0.14130960278698396,0.1413096027363767,0.14130960251787086,0.14130960181374613,0.14130960251787086,0.1413096027363767,0.14130960278698396,0.14130960268452275,0.14130960251787086,0.14130960268452275,0.14130960278698396,0.1413096028339057,0.14130960278698396,0.1413096027363767,0.14130960278698396,0.1413096028339057,0.14021174725259875,0.14021174722044363,0.14021174718176663,0.14021174722044363,0.14021174725259875,0.14021174722044363,0.14021174714138748,0.14021174699118266,0.14021174714138748,0.14021174722044363,0.14021174718176663,0.14021174699118266,0.14021174623480637,0.14021174699118266,0.14021174718176663,0.14021174722044363,0.14021174714138748,0.14021174699118266,0.14021174714138748,0.14021174722044363,0.14021174725259875,0.14021174722044363,0.14021174718176663,0.14021174722044363,0.14021174725259875,0.13913530801698348,0.13913530802172114,0.1391353080236531,0.13913530802172114,0.13913530801698348,0.13913530802172114,0.13913530802488244,0.13913530801832663,0.13913530802488244,0.13913530802172114,0.1391353080236531,0.13913530801832663,0.139135307969317,0.13913530801832663,0.1391353080236531,0.13913530802172114,0.13913530802488244,0.13913530801832663,0.13913530802488244,0.13913530802172114,0.13913530801698348,0.13913530802172114,0.1391353080236531,0.13913530802172114,0.13913530801698348,0.13807980496826816,0.13807980501977135,0.13807980507266976,0.13807980501977135,0.13807980496826816,0.13807980501977135,0.13807980512659687,0.13807980527695185,0.13807980512659687,0.13807980501977135,0.13807980507266976,0.13807980527695185,0.1380798057100183,0.13807980527695185,0.13807980507266993,0.13807980501977135,0.13807980512659687,0.13807980527695185,0.13807980512659687,0.13807980501977135,0.13807980496826816,0.13807980501977135,0.13807980507266993,0.13807980501977135,0.13807980496826816,0.137044767405206,0.1370447674986945,0.13704476761326134,0.1370447674986945,0.137044767405206,0.1370447674986945,0.1370447677323543,0.13704476820571967,0.1370447677323543,0.1370447674986945,0.13704476761326134,0.13704476820571967,0.13704477084072555,0.13704476820571967,0.13704476761326134,0.1370447674986945,0.1370447677323543,0.13704476820571967,0.1370447677323543,0.1370447674986945,0.137044767405206,0.1370447674986945,0.13704476761326134,0.1370447674986945,0.137044767405206,0.13602973414583516,0.13602973421195086,0.1360297342769499,0.13602973421195086,0.13602973414583516,0.13602973421195086,0.1360297343422777,0.13602973451725114,0.1360297343422777,0.13602973421195086,0.1360297342769499,0.13602973451725114,0.13602973500405993,0.13602973451725114,0.1360297342769499,0.13602973421195086,0.1360297343422777,0.13602973451725114,0.1360297343422777,0.13602973421195086,0.13602973414583516,0.13602973421195086,0.1360297342769499,0.13602973421195086,0.13602973414583516,0.13503425366648428,0.13503425370806849,0.13503425374246752,0.13503425370806849,0.13503425366648428,0.13503425370806849,0.1350342537751616,0.13503425384182355,0.1350342537751616,0.13503425370806849,0.13503425374246752,0.13503425384182355,0.13503425396325425,0.13503425384182355,0.13503425374246752,0.13503425370806849,0.1350342537751616,0.13503425384182355,0.1350342537751616,0.13503425370806849,0.13503425366648428,0.13503425370806849,0.13503425374246752,0.13503425370806849,0.13503425366648428
0.1653324873848073,0.1653324873848073,0.1653324873848073,0.1653324873848073,0.1653324873848073,0.1653324873848073,0.1653324873848073,0.1653324873848073,0.1653324873848073,0.1653324873848073,0.1653324873848073,0.1653324873848073,0.1653324873848073,0.1653324873848073,0.1653324873848073,0.1653324873848073,0.1653324873848073,0.1653324873848073,0.1653324873848073,0.1653324873848073,0.1653324873848073,0.1653324873848073,0.1653324873848073,0.1653324873848073,0.1653324873848073,0.1637574936739873,0.1637574936739873,0.1637574936739873,0.1637574936739873,0.1637574936739873,0.1637574936739873,0.1637574936739873,0.1637574936739873,0.1637574936739873,0.1637574936739873,0.1637574936739873,0.1637574936739873,0.1637574936739873,0.1637574936739873,0.1637574936739873,0.1637574936739873,0.1637574936739873,0.1637574936739873,0.1637574936739873,0.1637574936739873,0.1637574936739873,0.1637574936739873,0.1637574936739873,0.1637574936739873,0.1637574936739873,0.162213883894914,0.162213883894914,0.162213883894914,0.162213883894914,0.162213883894914,0.162213883894914,0.162213883894914,0.162213883894914,0.162213883894914,0.162213883894914,0.162213883894914,0.162213883894914,0.162213883894914,0.162213883894914,0.162213883894914,0.162213883894914,0.162213883894914,0.162213883894914,0.162213883894914,0.162213883894914,0.162213883894914,0.162213883894914,0.162213883894914,0.162213883894914,0.162213883894914,0.16070106700462758,0.16070106700462758,0.16070106700462758,0.16070106700462758,0.16070106700462758,0.16070106700462758,0.16070106700462738,0.16070106700462738,0.16070106700462738,0.16070106700462758,0.16070106700462758,0.16070106700462738,0.16070106700462738,0.16070106700462738,0.16070106700462758,0.16070106700462758,0.16070106700462738,0.16070106700462738,0.16070106700462738,0.16070106700462758,0.16070106700462758,0.16070106700462758,0.16070106700462758,0.16070106700462758,0.16070106700462758,0.15921845137810595,0.15921845137810575,0.1592184513781055,0.15921845137810575,0.15921845137810595,0.15921845137810575,0.1592184513781055,0.15921845137810528,0.1592184513781055,0.15921845137810575,0.1592184513781055,0.15921845137810528,0.15921845137810528,0.15921845137810528,0.1592184513781055,0.15921845137810575,0.1592184513781055,0.15921845137810528,0.1592184513781055,0.15921845137810575,0.15921845137810595,0.15921845137810575,0.1592184513781055,0.15921845137810575,0.15921845137810595,0.15776544616011662,0.157765446160116,0.15776544616011537,0.157765446160116,0.15776544616011662,0.157765446160116,0.15776544616011515,0.15776544616011473,0.15776544616011515,0.157765446160116,0.15776544616011537,0.15776544616011473,0.15776544616011406,0.15776544616011473,0.15776544616011537,0.157765446160116,0.15776544616011515,0.15776544616011473,0.15776544616011515,0.157765446160116,0.15776544616011662,0.157765446160116,0.15776544616011537,0.157765446160116,0.15776544616011662,0.15634146247954,0.15634146247953767,0.15634146247953623,0.15634146247953767,0.15634146247954,0.15634146247953767,0.15634146247953518,0.1563414624795337,0.15634146247953518,0.15634146247953767,0.15634146247953623,0.1563414624795337,0.15634146247953204,0.1563414624795337,0.15634146247953623,0.15634146247953767,0.15634146247953518,0.1563414624795337,0.15634146247953518,0.15634146247953767,0.15634146247954,0.15634146247953767,0.15634146247953623,0.15634146247953767,0.15634146247954,0.15494591453643095,0.15494591453642376,0.15494591453641926,0.15494591453642376,0.15494591453643095,0.15494591453642376,0.15494591453641618,0.15494591453641146,0.15494591453641618,0.15494591453642376,0.15494591453641926,0.15494591453641146,0.15494591453640635,0.15494591453641146,0.15494591453641926,0.15494591453642376,0.15494591453641618,0.15494591453641146,0.15494591453641618,0.15494591453642376,0.15494591453643095,0.15494591453642376,0.15494591453641926,0.15494591453642376,0.15494591453643095,0.15357822057152865,0.15357822057150675,0.15357822057149306,0.15357822057150675,0.15357822057152865,0.15357822057150675,0.15357822057148302,0.15357822057146797,0.15357822057148302,0.15357822057150675,0.15357822057149306,0.15357822057146797,0.1535782205714519,0.15357822057146797,0.15357822057149306,0.15357822057150675,0.15357822057148302,0.15357822057146797,0.15357822057148302,0.15357822057150675,0.15357822057152865,0.15357822057150675,0.15357822057149306,0.15357822057150675,0.15357822057152865,0.15223780372737178,0.15223780372730564,0.15223780372726373,0.15223780372730564,0.15223780372737178,0.15223780372730564,0.15223780372723245,0.15223780372718498,0.15223780372723245,0.15223780372730564,0.15223780372726373,0.15223780372718498,0.1522378037271342,0.15223780372718498,0.15223780372726373,0.15223780372730564,0.15223780372723245,0.15223780372718498,0.15223780372723245,0.15223780372730564,0.15223780372737178,0.15223780372730564,0.15223780372726373,0.15223780372730564,0.15223780372737178,0.15092409280964622,0.15092409280944946,0.1509240928093221,0.15092409280944946,0.15092409280964622,0.15092409280944946,0.15092409280922373,0.1509240928090742,0.15092409280922373,0.15092409280944946,0.1509240928093221,0.1509240928090742,0.15092409280890887,0.1509240928090742,0.1509240928093221,0.15092409280944946,0.15092409280922373,0.1509240928090742,0.15092409280922373,0.15092409280944946,0.15092409280964622,0.15092409280944946,0.1509240928093221,0.15092409280944946,0.15092409280964622,0.14963652295689273,0.14963652295631716,0.14963652295593444,0.14963652295631716,0.14963652295689273,0.14963652295631716,0.1496365229556255,0.1496365229551473,0.1496365229556255,0.14963652295631716,0.14963652295593444,0.1496365229551473,0.1496365229545914,0.1496365229551473,0.14963652295593444,0.14963652295631716,0.1496365229556255,0.1496365229551473,0.1496365229556255,0.14963652295631716,0.14963652295689273,0.14963652295631716,0.14963652295593444,0.14963652295631716,0.14963652295689273,0.14837453622627278,0.14837453622463703,0.14837453622350136,0.14837453622463703,0.14837453622627278,0.14837453622463703,0.14837453622253727,0.14837453622097957,0.14837453622253727,0.14837453622463703,0.14837453622350136,0.14837453622097957,0.14837453621901173,0.14837453622097957,0.14837453622350136,0.14837453622463703,0.14837453622253727,0.14837453622097957,0.14837453622253727,0.14837453622463703,0.14837453622627278,0.14837453622463703,0.14837453622350136,0.14837453622463703,0.14837453622627278,0.14713758210280872,0.14713758209836683,0.1471375820950696,0.14713758209836683,0.14713758210280872,0.14713758209836683,0.147137582092118,0.14713758208693117,0.147137582092118,0.14713758209836683,0.1471375820950696,0.14713758208693117,0.14713758207941038,0.14713758208693117,0.1471375820950696,0.14713758209836683,0.147137582092118,0.14713758208693117,0.147137582092118,0.14713758209836683,0.14713758210280872,0.14713758209836683,0.1471375820950696,0.14713758209836683,0.14713758210280872,0.1459251179394316,0.14592511792823193,0.14592511791905716,0.14592511792823193,0.1459251179394316,0.14592511792823193,0.14592511791040894,0.14592511789284487,0.14592511791040894,0.14592511792823193,0.14592511791905716,0.14592511789284487,0.14592511786097156,0.14592511789284487,0.14592511791905716,0.14592511792823193,0.14592511791040894,0.14592511789284487,0.14592511791040894,0.14592511792823193,0.1459251179394316,0.14592511792823193,0.14592511791905716,0.14592511792823193,0.1459251179394316,0.14473660933504462,0.1447366093101594,0.144736609286813,0.1447366093101594,0.14473660933504462,0.1447366093101594,0.1447366092637433,0.14473660920523854,0.1447366092637433,0.1447366093101594,0.144736609286813,0.14473660920523854,0.14473660905255542,0.14473660920523854,0.144736609286813,0.1447366093101594,0.1447366092637433,0.14473660920523854,0.1447366092637433,0.1447366093101594,0.14473660933504462,0.1447366093101594,0.144736609286813,0.1447366093101594,0.14473660933504462,0.14357153045555313,0.14357153041172152,0.14357153036366294,0.14357153041172152,0.14357153045555313,0.14357153041172152,0.1435715303146382,0.1435715301448458,0.1435715303146382,0.14357153041172152,0.14357153036366294,0.1435715301448458,0.14357152931585,0.1435715301448458,0.14357153036366294,0.14357153041172152,0.1435715303146382,0.1435715301448458,0.1435715303146382,0.14357153041172152,0.14357153045555313,0.14357153041172152,0.14357153036366294,0.14357153041172152,0.14357153045555313,0.1424293642919868,0.14242936424303188,0.1424293641920081,0.14242936424303188,0.1424293642919868,0.14242936424303188,0.14242936414013113,0.14242936398160683,0.14242936414013113,0.14242936424303188,0.1424293641920081,0.14242936398160683,0.14242936336159123,0.14242936398160683,0.1424293641920081,0.14242936424303188,0.14242936414013113,0.14242936398160683,0.14242936414013113,0.14242936424303188,0.1424293642919868,0.14242936424303188,0.1424293641920081,0.14242936424303188,0.1424293642919868,0.141309602834082,0.1413096027871976,0.1413096027366308,0.1413096027871976,0.141309602834082,0.1413096027871976,0.1413096026848183,0.14130960251829883,0.1413096026848183,0.1413096027871976,0.1413096027366308,0.14130960251829883,0.14130960181472668,0.14130960251829883,0.1413096027366308,0.1413096027871976,0.1413096026848183,0.14130960251829883,0.1413096026848183,0.1413096027871976,0.141309602834082,0.1413096027871976,0.1413096027366308,0.1413096027871976,0.141309602834082,0.14021174725253843,0.14021174722041654,0.14021174718178067,0.14021174722041654,0.14021174725253843,0.14021174722041654,0.1402117471414447,0.14021174699140762,0.1402117471414447,0.14021174722041654,0.14021174718178067,0.14021174699140762,0.1402117462359148,0.14021174699140762,0.14021174718178067,0.14021174722041654,0.1402117471414447,0.14021174699140762,0.1402117471414447,0.14021174722041654,0.14021174725253843,0.14021174722041654,0.14021174718178067,0.14021174722041654,0.14021174725253843,0.13913530801660925,0.13913530802134913,0.13913530802328597,0.13913530802134913,0.13913530801660925,0.13913530802134913,0.13913530802452068,0.13913530801798782,0.13913530802452068,0.13913530802134913,0.13913530802328597,0.13913530801798782,0.1391353079690683,0.13913530801798782,0.13913530802328597,0.13913530802134913,0.13913530802452068,0.13913530801798782,0.13913530802452068,0.13913530802134913,0.13913530801660925,0.13913530802134913,0.13913530802328597,0.13913530802134913,0.13913530801660925,0.13807980496756408,0.13807980501902994,0.1380798050718896,0.13807980501902994,0.13807980496756408,0.13807980501902994,0.1380798051257769,0.1380798052760196,0.1380798051257769,0.13807980501902994,0.1380798050718896,0.1380798052760196,0.13807980570875722,0.1380798052760196,0.1380798050718896,0.13807980501902994,0.1380798051257769,0.1380798052760196,0.1380798051257769,0.13807980501902994,0.13807980496756408,0.13807980501902994,0.1380798050718896,0.13807980501902994,0.13807980496756408,0.13704476740423704,0.13704476749765365,0.1370447676121317,0.13704476749765365,0.13704476740423704,0.13704476749765365,0.13704476773113222,0.13704476820412856,0.13704476773113222,0.13704476749765365,0.1370447676121317,0.13704476820412856,0.13704477083706607,0.13704476820412856,0.1370447676121317,0.13704476749765365,0.13704476773113222,0.13704476820412856,0.13704476773113222,0.13704476749765365,0.13704476740423704,0.13704476749765365,0.1370447676121317,0.13704476749765365,0.13704476740423704,0.13602973414473712,0.1360297342108017,0.13602973427575002,0.1360297342108017,0.13602973414473712,0.1360297342108017,0.136029734341027,0.13602973451586386,0.136029734341027,0.1360297342108017,0.13602973427575002,0.13602973451586386,0.13602973500229198,0.13602973451586386,0.13602973427575002,0.1360297342108017,0.136029734341027,0.13602973451586386,0.136029734341027,0.1360297342108017,0.13602973414473712,0.1360297342108017,0.13602973427575002,0.1360297342108017,0.13602973414473712,0.13503425366535193,0.13503425370690353,0.13503425374127584,0.13503425370690353,0.13503425366535193,0.13503425370690353,0.1350342537739443,0.1350342538405542,0.1350342537739443,0.13503425370690353,0.13503425374127584,0.1350342538405542,0.13503425396188995,0.1350342538405542,0.13503425374127584,0.13503425370690353,0.1350342537739443,0.1350342538405542,0.1350342537739443,0.13503425370690353,0.13503425366535193,0.13503425370690353,0.13503425374127584,0.13503425370690353,0.13503425366535193
0.16533248738522288,0.1653324873852226,0.1653324873852226,0.1653324873852226,0.16533248738522288,0.1653324873852226,0.1653324873852226,0.1653324873852226,0.1653324873852226,0.16533248738522288,0.1653324873852226,0.1653324873852226,0.1653324873852226,0.1653324873852226,0.1653324873852226,0.1653324873852226,0.1653324873852226,0.1653324873852226,0.1653324873852226,0.1653324873852226,0.16533248738522288,0.16533248738522288,0.1653324873852226,0.1653324873852226,0.1653324873852226,0.1637574936743969,0.1637574936743969,0.1637574936743969,0.1637574936743969,0.1637574936743969,0.1637574936743969,0.1637574936743969,0.1637574936743969,0.1637574936743969,0.1637574936743969,0.1637574936743969,0.1637574936743969,0.1637574936743969,0.1637574936743969,0.1637574936743969,0.1637574936743969,0.1637574936743969,0.1637574936743969,0.1637574936743969,0.1637574936743969,0.1637574936743969,0.1637574936743969,0.1637574936743969,0.1637574936743969,0.1637574936743969,0.16221388389532018,0.16221388389532018,0.16221388389532018,0.16221388389532018,0.16221388389532018,0.16221388389532018,0.16221388389532018,0.16221388389532018,0.16221388389532018,0.16221388389532018,0.16221388389532018,0.16221388389532018,0.16221388389532,0.16221388389532,0.16221388389532018,0.16221388389532018,0.16221388389532018,0.16221388389532,0.16221388389532018,0.16221388389532018,0.16221388389532018,0.16221388389532018,0.16221388389532018,0.16221388389532018,0.16221388389532018,0.16070106700503237,0.16070106700503237,0.16070106700503237,0.16070106700503237,0.16070106700503237,0.16070106700503237,0.16070106700503214,0.16070106700503214,0.16070106700503214,0.16070106700503237,0.16070106700503237,0.16070106700503214,0.16070106700503214,0.16070106700503214,0.16070106700503237,0.16070106700503237,0.16070106700503214,0.16070106700503214,0.16070106700503214,0.16070106700503237,0.16070106700503237,0.16070106700503237,0.16070106700503237,0.16070106700503237,0.16070106700503237,0.15921845137851176,0.15921845137851157,0.15921845137851134,0.15921845137851157,0.15921845137851176,0.15921845137851157,0.15921845137851134,0.15921845137851112,0.15921845137851134,0.15921845137851157,0.15921845137851134,0.15921845137851112,0.15921845137851112,0.15921845137851112,0.15921845137851134,0.15921845137851157,0.15921845137851134,0.15921845137851112,0.15921845137851134,0.15921845137851157,0.15921845137851176,0.15921845137851157,0.15921845137851134,0.15921845137851157,0.15921845137851176,0.15776544616052587,0.15776544616052504,0.1577654461605246,0.15776544616052504,0.15776544616052587,0.15776544616052504,0.15776544616052438,0.15776544616052393,0.15776544616052438,0.15776544616052526,0.1577654461605246,0.15776544616052393,0.15776544616052332,0.15776544616052393,0.1577654461605246,0.15776544616052504,0.15776544616052438,0.15776544616052393,0.15776544616052438,0.15776544616052526,0.15776544616052587,0.15776544616052526,0.1577654461605246,0.15776544616052526,0.15776544616052587,0.15634146247995484,0.15634146247995256,0.1563414624799511,0.15634146247995256,0.15634146247995484,0.15634146247995256,0.15634146247995026,0.1563414624799486,0.15634146247995026,0.15634146247995256,0.1563414624799511,0.1563414624799486,0.1563414624799471,0.1563414624799486,0.1563414624799511,0.15634146247995256,0.15634146247995026,0.1563414624799486,0.15634146247995026,0.15634146247995256,0.15634146247995484,0.15634146247995256,0.1563414624799511,0.15634146247995256,0.15634146247995484,0.15494591453685372,0.15494591453684656,0.15494591453684203,0.15494591453684656,0.15494591453685372,0.15494591453684656,0.15494591453683917,0.15494591453683426,0.15494591453683917,0.15494591453684656,0.15494591453684203,0.15494591453683426,0.15494591453682932,0.15494591453683426,0.15494591453684203,0.15494591453684656,0.15494591453683917,0.15494591453683426,0.15494591453683917,0.15494591453684656,0.15494591453685372,0.15494591453684656,0.15494591453684203,0.15494591453684656,0.15494591453685372,0.15357822057196124,0.15357822057193954,0.1535782205719257,0.15357822057193954,0.15357822057196124,0.15357822057193954,0.15357822057191603,0.15357822057190101,0.15357822057191603,0.15357822057193954,0.1535782205719257,0.15357822057190101,0.1535782205718851,0.15357822057190101,0.1535782205719257,0.15357822057193954,0.15357822057191603,0.15357822057190101,0.15357822057191603,0.15357822057193954,0.15357822057196124,0.15357822057193954,0.1535782205719257,0.15357822057193954,0.15357822057196124,0.15223780372781606,0.15223780372775012,0.15223780372770818,0.15223780372775012,0.15223780372781606,0.15223780372775012,0.1522378037276771,0.15223780372762966,0.1522378037276771,0.15223780372775012,0.15223780372770818,0.15223780372762966,0.15223780372757906,0.15223780372762966,0.15223780372770818,0.15223780372775012,0.1522378037276771,0.15223780372762966,0.1522378037276771,0.15223780372775012,0.15223780372781606,0.15223780372775012,0.15223780372770818,0.15223780372775012,0.15223780372781606,0.15092409281010383,0.15092409280990723,0.1509240928097801,0.15092409280990723,0.15092409281010383,0.15092409280990723,0.15092409280968191,0.1509240928095326,0.15092409280968191,0.15092409280990723,0.1509240928097801,0.1509240928095326,0.15092409280936744,0.1509240928095326,0.1509240928097801,0.15092409280990723,0.15092409280968191,0.1509240928095326,0.15092409280968191,0.15092409280990723,0.15092409281010383,0.15092409280990723,0.1509240928097801,0.15092409280990723,0.15092409281010383,0.14963652295736465,0.14963652295678967,0.14963652295640753,0.14963652295678967,0.14963652295736465,0.14963652295678967,0.14963652295609894,0.1496365229556215,0.14963652295609894,0.14963652295678967,0.14963652295640753,0.1496365229556215,0.14963652295506635,0.1496365229556215,0.14963652295640753,0.14963652295678967,0.14963652295609894,0.1496365229556215,0.14963652295609894,0.14963652295678967,0.14963652295736465,0.14963652295678967,0.14963652295640753,0.14963652295678967,0.14963652295736465,0.14837453622675872,0.14837453622512523,0.14837453622399083,0.14837453622512523,0.14837453622675872,0.14837453622512523,0.14837453622302801,0.14837453622147254,0.14837453622302801,0.14837453622512523,0.14837453622399083,0.14837453622147254,0.14837453621950747,0.14837453622147254,0.14837453622399083,0.14837453622512523,0.14837453622302801,0.14837453622147254,0.14837453622302801,0.14837453622512523,0.14837453622675872,0.14837453622512523,0.14837453622399083,0.14837453622512523,0.14837453622675872,0.1471375821033052,0.14713758209886912,0.14713758209557623,0.14713758209886912,0.1471375821033052,0.14713758209886912,0.14713758209262864,0.1471375820874487,0.14713758209262864,0.14713758209886912,0.14713758209557623,0.1471375820874487,0.14713758207993846,0.1471375820874487,0.14713758209557623,0.14713758209886912,0.14713758209262864,0.1471375820874487,0.14713758209262864,0.14713758209886912,0.1471375821033052,0.14713758209886912,0.14713758209557623,0.14713758209886912,0.1471375821033052,0.1459251179399277,0.14592511792874188,0.14592511791957888,0.14592511792874188,0.1459251179399277,0.14592511792874188,0.1459251179109421,0.1459251178934022,0.1459251179109421,0.14592511792874188,0.14592511791957888,0.1459251178934022,0.1459251178615745,0.1459251178934022,0.14592511791957907,0.14592511792874188,0.1459251179109421,0.1459251178934022,0.1459251179109421,0.14592511792874188,0.1459251179399277,0.14592511792874188,0.14592511791957907,0.14592511792874188,0.1459251179399277,0.14473660933551083,0.1447366093106553,0.1447366092873384,0.1447366093106553,0.14473660933551083,0.1447366093106553,0.14473660926429782,0.1447366092058727,0.14473660926429782,0.1447366093106553,0.1447366092873384,0.1447366092058727,0.14473660905341298,0.1447366092058727,0.1447366092873384,0.1447366093106553,0.14473660926429782,0.1447366092058727,0.14473660926429782,0.1447366093106553,0.14473660933551083,0.1447366093106553,0.1447366092873384,0.1447366093106553,0.14473660933551083,0.1435715304559272,0.14357153041214213,0.14357153036413914,0.14357153041214213,0.1435715304559272,0.14357153041214213,0.14357153031517159,0.14357153014560178,0.14357153031517159,0.14357153041214213,0.14357153036413914,0.14357153014560178,0.14357152931787304,0.14357153014560178,0.14357153036413914,0.14357153041214213,0.14357153031517159,0.14357153014560178,0.14357153031517159,0.14357153041214213,0.1435715304559272,0.14357153041214213,0.14357153036413914,0.14357153041214213,0.1435715304559272,0.14242936429216932,0.14242936424324965,0.14242936419225857,0.14242936424324965,0.14242936429216932,0.14242936424324965,0.14242936414041463,0.14242936398196532,0.14242936414041463,0.14242936424324965,0.14242936419225857,0.14242936398196532,0.1424293633620512,0.14242936398196532,0.14242936419225857,0.14242936424324965,0.14242936414041463,0.14242936398196532,0.14242936414041463,0.14242936424324965,0.14242936429216932,0.14242936424324965,0.14242936419225857,0.14242936424324965,0.14242936429216932,0.14130960283399566,0.14130960278714233,0.14130960273660725,0.14130960278714233,0.14130960283399566,0.14130960278714233,0.14130960268482684,0.14130960251840227,0.14130960268482684,0.14130960278714233,0.14130960273660725,0.14130960251840227,0.14130960181520116,0.14130960251840227,0.14130960273660725,0.14130960278714233,0.14130960268482684,0.14130960251840227,0.14130960268482684,0.14130960278714233,0.14130960283399566,0.14130960278714233,0.14130960273660725,0.14130960278714233,0.14130960283399566,0.14021174725211288,0.1402117472200155,0.14021174718141108,0.1402117472200155,0.14021174725211288,0.1402117472200155,0.14021174714110818,0.1402117469912046,0.14021174714110818,0.1402117472200155,0.14021174718141108,0.1402117469912046,0.14021174623645807,0.1402117469912046,0.14021174718141108,0.1402117472200155,0.14021174714110818,0.1402117469912046,0.14021174714110818,0.1402117472200155,0.14021174725211288,0.1402117472200155,0.14021174718141108,0.1402117472200155,0.14021174725211288,0.1391353080157858,0.13913530802052046,0.13913530802245497,0.13913530802052046,0.1391353080157858,0.13913530802052046,0.13913530802368823,0.1391353080171623,0.13913530802368823,0.13913530802052046,0.13913530802245497,0.1391353080171623,0.13913530796829546,0.1391353080171623,0.13913530802245497,0.13913530802052046,0.13913530802368823,0.1391353080171623,0.13913530802368823,0.13913530802052046,0.1391353080157858,0.13913530802052046,0.13913530802245497,0.13913530802052046,0.1391353080157858,0.13807980496634423,0.138079805017764,0.13807980507057657,0.138079805017764,0.13807980496634423,0.138079805017764,0.13807980512441576,0.13807980527452499,0.13807980512441576,0.138079805017764,0.13807980507057657,0.13807980527452499,0.13807980570687825,0.13807980527452499,0.13807980507057657,0.138079805017764,0.13807980512441576,0.13807980527452499,0.13807980512441576,0.138079805017764,0.13807980496634423,0.138079805017764,0.13807980507057657,0.138079805017764,0.13807980496634423,0.13704476740270585,0.1370447674960391,0.13704476761041517,0.1370447674960391,0.13704476740270585,0.1370447674960391,0.13704476772930954,0.1370447682018846,0.13704476772930954,0.1370447674960391,0.13704476761041517,0.1370447682018846,0.1370447708324953,0.1370447682018846,0.13704476761041517,0.1370447674960391,0.13704476772930954,0.1370447682018846,0.13704476772930954,0.1370447674960391,0.13704476740270585,0.1370447674960391,0.13704476761041517,0.1370447674960391,0.13704476740270585,0.13602973414305658,0.13602973420906223,0.1360297342739527,0.13602973420906223,0.13602973414305658,0.13602973420906223,0.13602973433917154,0.13602973451385242,0.13602973433917154,0.13602973420906223,0.1360297342739527,0.13602973451385242,0.1360297349998469,0.13602973451385242,0.1360297342739527,0.13602973420906223,0.13602973433917154,0.13602973451385242,0.13602973433917154,0.13602973420906223,0.13602973414305658,0.13602973420906223,0.1360297342739527,0.13602973420906223,0.13602973414305658,0.13503425366363508,0.1350342537051497,0.13503425373949127,0.13503425370514985,0.13503425366363508,0.1350342537051497,0.13503425377213063,0.13503425383868117,0.13503425377213063,0.13503425370514985,0.13503425373949127,0.13503425383868117,0.13503425395990873,0.13503425383868117,0.13503425373949127,0.13503425370514985,0.13503425377213063,0.13503425383868117,0.13503425377213063,0.13503425370514985,0.13503425366363508,0.13503425370514985,0.13503425373949127,0.13503425370514985,0.13503425366363508
0.16533248738586573,0.16533248738586573,0.16533248738586545,0.16533248738586545,0.16533248738586573,0.16533248738586573,0.16533248738586545,0.16533248738586545,0.16533248738586545,0.16533248738586573,0.16533248738586545,0.16533248738586545,0.16533248738586545,0.16533248738586545,0.16533248738586545,0.16533248738586545,0.16533248738586545,0.16533248738586545,0.16533248738586545,0.16533248738586545,0.16533248738586573,0.16533248738586573,0.16533248738586545,0.16533248738586545,0.16533248738586545,0.1637574936750288,0.1637574936750288,0.1637574936750288,0.1637574936750288,0.1637574936750288,0.1637574936750288,0.1637574936750288,0.1637574936750288,0.1637574936750288,0.1637574936750288,0.1637574936750288,0.1637574936750288,0.1637574936750288,0.1637574936750288,0.1637574936750288,0.1637574936750288,0.1637574936750288,0.1637574936750288,0.1637574936750288,0.1637574936750288,0.1637574936750288,0.1637574936750288,0.1637574936750288,0.1637574936750288,0.1637574936750288,0.16221388389594288,0.16221388389594288,0.16221388389594288,0.16221388389594288,0.16221388389594288,0.16221388389594288,0.16221388389594288,0.16221388389594288,0.16221388389594288,0.16221388389594288,0.16221388389594288,0.16221388389594288,0.16221388389594288,0.16221388389594288,0.16221388389594288,0.16221388389594288,0.16221388389594288,0.16221388389594288,0.16221388389594288,0.16221388389594288,0.16221388389594288,0.16221388389594288,0.16221388389594288,0.16221388389594288,0.16221388389594288,0.1607010670056477,0.1607010670056477,0.1607010670056477,0.1607010670056477,0.1607010670056477,0.1607010670056477,0.1607010670056477,0.1607010670056475,0.1607010670056477,0.1607010670056477,0.1607010670056477,0.1607010670056475,0.1607010670056475,0.1607010670056475,0.1607010670056477,0.1607010670056477,0.1607010670056477,0.1607010670056475,0.1607010670056477,0.1607010670056477,0.1607010670056477,0.1607010670056477,0.1607010670056477,0.1607010670056477,0.1607010670056477,0.15921845137912183,0.15921845137912138,0.15921845137912138,0.15921845137912138,0.15921845137912183,0.15921845137912138,0.15921845137912116,0.15921845137912116,0.15921845137912116,0.15921845137912138,0.15921845137912138,0.15921845137912116,0.15921845137912094,0.15921845137912116,0.15921845137912138,0.15921845137912138,0.15921845137912116,0.15921845137912116,0.15921845137912116,0.15921845137912138,0.15921845137912183,0.15921845137912138,0.15921845137912138,0.15921845137912138,0.15921845137912183,0.15776544616113208,0.15776544616113142,0.157765446161131,0.15776544616113142,0.15776544616113208,0.15776544616113142,0.15776544616113058,0.15776544616113014,0.15776544616113058,0.15776544616113142,0.157765446161131,0.15776544616113014,0.15776544616112972,0.15776544616113014,0.157765446161131,0.15776544616113142,0.15776544616113058,0.15776544616113014,0.15776544616113058,0.15776544616113142,0.15776544616113208,0.15776544616113142,0.157765446161131,0.15776544616113142,0.15776544616113208,0.1563414624805592,0.1563414624805569,0.1563414624805554,0.1563414624805569,0.1563414624805592,0.1563414624805569,0.15634146248055455,0.1563414624805531,0.15634146248055455,0.1563414624805569,0.1563414624805554,0.1563414624805531,0.15634146248055145,0.1563414624805531,0.1563414624805554,0.1563414624805569,0.15634146248055455,0.1563414624805531,0.15634146248055455,0.1563414624805569,0.1563414624805592,0.1563414624805569,0.1563414624805554,0.1563414624805569,0.1563414624805592,0.15494591453745785,0.15494591453745088,0.15494591453744638,0.15494591453745088,0.15494591453745785,0.15494591453745088,0.1549459145374433,0.15494591453743878,0.1549459145374433,0.15494591453745088,0.15494591453744638,0.15494591453743878,0.1549459145374339,0.15494591453743878,0.15494591453744638,0.15494591453745088,0.1549459145374433,0.15494591453743878,0.1549459145374433,0.15494591453745088,0.15494591453745785,0.15494591453745088,0.15494591453744638,0.15494591453745088,0.15494591453745785,0.15357822057256718,0.15357822057254528,0.15357822057253162,0.15357822057254528,0.15357822057256718,0.15357822057254528,0.153578220572522,0.15357822057250714,0.153578220572522,0.15357822057254528,0.15357822057253162,0.15357822057250714,0.1535782205724915,0.15357822057250714,0.15357822057253162,0.15357822057254528,0.153578220572522,0.15357822057250714,0.153578220572522,0.15357822057254528,0.15357822057256718,0.15357822057254528,0.15357822057253162,0.15357822057254528,0.15357822057256718,0.15223780372842488,0.15223780372835913,0.15223780372831722,0.15223780372835913,0.15223780372842488,0.15223780372835913,0.1522378037282865,0.15223780372823906,0.1522378037282865,0.15223780372835913,0.15223780372831722,0.15223780372823906,0.1522378037281885,0.15223780372823906,0.15223780372831722,0.15223780372835913,0.1522378037282865,0.15223780372823906,0.1522378037282865,0.15223780372835913,0.15223780372842488,0.15223780372835913,0.15223780372831722,0.15223780372835913,0.15223780372842488,0.15092409281071692,0.15092409281052072,0.15092409281039382,0.15092409281052072,0.15092409281071692,0.15092409281052072,0.15092409281029578,0.15092409281014685,0.15092409281029578,0.15092409281052072,0.15092409281039382,0.15092409281014685,0.1509240928099821,0.15092409281014685,0.15092409281039382,0.15092409281052072,0.15092409281029578,0.15092409281014685,0.15092409281029578,0.15092409281052072,0.15092409281071692,0.15092409281052072,0.15092409281039382,0.15092409281052072,0.15092409281071692,0.1496365229579824,0.14963652295740854,0.14963652295702715,0.14963652295740854,0.1496365229579824,0.14963652295740854,0.14963652295671914,0.14963652295624263,0.14963652295671914,0.14963652295740854,0.14963652295702715,0.14963652295624263,0.14963652295568863,0.14963652295624263,0.14963652295702715,0.14963652295740854,0.14963652295671914,0.14963652295624263,0.14963652295671914,0.14963652295740854,0.1496365229579824,0.14963652295740854,0.14963652295702715,0.14963652295740854,0.1496365229579824,0.14837453622738014,0.1483745362257496,0.1483745362246176,0.1483745362257496,0.14837453622738014,0.1483745362257496,0.14837453622365668,0.14837453622210434,0.14837453622365668,0.1483745362257496,0.1483745362246176,0.14837453622210434,0.14837453622014335,0.14837453622210434,0.1483745362246176,0.1483745362257496,0.14837453622365668,0.14837453622210434,0.14837453622365668,0.1483745362257496,0.14837453622738014,0.1483745362257496,0.1483745362246176,0.1483745362257496,0.14837453622738014,0.14713758210392444,0.14713758209949673,0.1471375820962102,0.14713758209949673,0.14713758210392444,0.14713758209949673,0.14713758209326844,0.14713758208809904,0.14713758209326844,0.14713758209949673,0.1471375820962102,0.14713758208809904,0.14713758208060476,0.14713758208809904,0.1471375820962102,0.14713758209949673,0.14713758209326844,0.14713758208809904,0.14713758209326844,0.14713758209949673,0.14713758210392444,0.14713758209949673,0.1471375820962102,0.14713758209949673,0.14713758210392444,0.14592511794052776,0.14592511792936264,0.14592511792021726,0.14592511792936264,0.14592511794052776,0.14592511792936264,0.14592511791159718,0.14592511789409313,0.14592511791159718,0.14592511792936264,0.14592511792021726,0.14592511789409313,0.14592511786233467,0.14592511789409313,0.14592511792021726,0.14592511792936264,0.14592511791159718,0.14592511789409313,0.14592511791159718,0.14592511792936264,0.14592511794052776,0.14592511792936264,0.14592511792021726,0.14592511792936264,0.14592511794052776,0.14473660933604948,0.14473660931123672,0.14473660928796278,0.14473660931123672,0.14473660933604948,0.14473660931123672,0.14473660926496548,0.14473660920665973,0.14473660926496548,0.14473660931123672,0.14473660928796278,0.14473660920665973,0.14473660905453956,0.14473660920665973,0.14473660928796278,0.14473660931123672,0.14473660926496548,0.14473660920665973,0.14473660926496548,0.14473660931123672,0.14473660933604948,0.14473660931123672,0.14473660928796278,0.14473660931123672,0.14473660933604948,0.1435715304563146,0.14357153041259438,0.14357153036467044,0.14357153041259438,0.1435715304563146,0.14357153041259438,0.14357153031578504,0.14357153014654614,0.14357153031578504,0.14357153041259438,0.14357153036467044,0.14357153014654614,0.1435715293206788,0.14357153014654614,0.14357153036467044,0.14357153041259438,0.14357153031578504,0.14357153014654614,0.14357153031578504,0.14357153041259438,0.1435715304563146,0.14357153041259438,0.14357153036467044,0.14357153041259438,0.1435715304563146,0.14242936429226913,0.14242936424338803,0.14242936419243168,0.14242936424338803,0.14242936429226913,0.14242936424338803,0.14242936414062196,0.1424293639822403,0.14242936414062196,0.14242936424338803,0.14242936419243168,0.1424293639822403,0.142429363362304,0.1424293639822403,0.14242936419243168,0.14242936424338803,0.14242936414062196,0.1424293639822403,0.14242936414062196,0.14242936424338803,0.14242936429226913,0.14242936424338803,0.14242936419243168,0.14242936424338803,0.14242936429226913,0.14130960283372282,0.14130960278689414,0.1413096027363821,0.14130960278689414,0.14130960283372282,0.14130960278689414,0.14130960268462486,0.14130960251825803,0.14130960268462486,0.14130960278689414,0.1413096027363821,0.14130960251825803,0.1413096018152273,0.14130960251825803,0.1413096027363821,0.14130960278689414,0.14130960268462486,0.14130960251825803,0.14130960268462486,0.14130960278689414,0.14130960283372282,0.14130960278689414,0.1413096027363821,0.14130960278689414,0.14130960283372282,0.140211747251409,0.14021174721932758,0.1402117471807451,0.14021174721932758,0.140211747251409,0.14021174721932758,0.14021174714046525,0.140211746990662,0.14021174714046525,0.14021174721932758,0.1402117471807451,0.140211746990662,0.14021174623648275,0.140211746990662,0.1402117471807451,0.14021174721932758,0.14021174714046525,0.140211746990662,0.14021174714046525,0.14021174721932758,0.140211747251409,0.14021174721932758,0.1402117471807451,0.14021174721932758,0.140211747251409,0.13913530801460974,0.13913530801933127,0.13913530802125676,0.13913530801933127,0.13913530801460974,0.13913530801933127,0.13913530802248197,0.1391353080159472,0.13913530802248197,0.13913530801933127,0.13913530802125676,0.1391353080159472,0.1391353079670962,0.1391353080159472,0.13913530802125676,0.13913530801933127,0.13913530802248197,0.1391353080159472,0.13913530802248197,0.13913530801933127,0.13913530801460974,0.13913530801933127,0.13913530802125676,0.13913530801933127,0.13913530801460974,0.13807980496471273,0.1380798050160778,0.13807980506883483,0.1380798050160778,0.13807980496471273,0.1380798050160778,0.13807980512261792,0.13807980527257271,0.13807980512261792,0.1380798050160778,0.13807980506883483,0.13807980527257271,0.13807980570448722,0.13807980527257271,0.13807980506883483,0.1380798050160778,0.13807980512261792,0.13807980527257271,0.13807980512261792,0.1380798050160778,0.13807980496471273,0.1380798050160778,0.13807980506883483,0.1380798050160778,0.13807980496471273,0.13704476740072172,0.1370447674939604,0.1370447676082214,0.1370447674939604,0.13704476740072172,0.1370447674939604,0.13704476772699642,0.1370447681990983,0.13704476772699642,0.1370447674939604,0.1370447676082214,0.1370447681990983,0.1370447708270743,0.1370447681990983,0.1370447676082214,0.1370447674939604,0.13704476772699642,0.1370447681990983,0.13704476772699642,0.1370447674939604,0.13704476740072172,0.1370447674939604,0.1370447676082214,0.1370447674939604,0.13704476740072172,0.13602973414090558,0.13602973420684472,0.13602973427167003,0.13602973420684472,0.13602973414090558,0.13602973420684472,0.1360297343368234,0.13602973451132955,0.1360297343368234,0.13602973420684472,0.13602973427167003,0.13602973451132955,0.13602973499683826,0.13602973451132955,0.13602973427167003,0.13602973420684472,0.1360297343368234,0.13602973451132955,0.1360297343368234,0.13602973420684472,0.13602973414090558,0.13602973420684472,0.13602973427167003,0.13602973420684472,0.13602973414090558,0.13503425366144634,0.13503425370291927,0.13503425373722647,0.13503425370291927,0.13503425366144634,0.13503425370291927,0.13503425376983308,0.1350342538363168,0.13503425376983308,0.13503425370291927,0.13503425373722647,0.1350342538363168,0.13503425395742327,0.1350342538363168,0.13503425373722647,0.13503425370291927,0.13503425376983308,0.1350342538363168,0.1350342537698329,0.13503425370291927,0.13503425366144634,0.13503425370291927,0.13503425373722647,0.13503425370291927,0.13503425366144634
0.16533248738669826,0.16533248738669826,0.16533248738669826,0.16533248738669826,0.16533248738669826,0.16533248738669826,0.16533248738669826,0.16533248738669826,0.16533248738669826,0.16533248738669826,0.16533248738669826,0.16533248738669826,0.16533248738669826,0.16533248738669826,0.16533248738669826,0.16533248738669826,0.16533248738669826,0.16533248738669826,0.16533248738669826,0.16533248738669826,0.16533248738669826,0.16533248738669826,0.16533248738669826,0.16533248738669826,0.16533248738669826,0.16375749367584663,0.16375749367584663,0.16375749367584663,0.16375749367584663,0.16375749367584663,0.16375749367584663,0.16375749367584663,0.16375749367584663,0.16375749367584663,0.16375749367584663,0.16375749367584663,0.16375749367584663,0.16375749367584663,0.16375749367584663,0.16375749367584663,0.16375749367584663,0.16375749367584663,0.16375749367584663,0.16375749367584663,0.16375749367584663,0.16375749367584663,0.16375749367584663,0.16375749367584663,0.16375749367584663,0.16375749367584663,0.16221388389674735,0.16221388389674735,0.16221388389674735,0.16221388389674735,0.16221388389674735,0.16221388389674735,0.16221388389674735,0.16221388389674735,0.16221388389674735,0.16221388389674735,0.16221388389674735,0.16221388389674735,0.16221388389674735,0.16221388389674735,0.16221388389674735,0.16221388389674735,0.16221388389674735,0.16221388389674735,0.16221388389674735,0.16221388389674735,0.16221388389674735,0.16221388389674735,0.16221388389674735,0.16221388389674735,0.16221388389674735,0.16070106700644057,0.16070106700644035,0.16070106700644035,0.16070106700644035,0.16070106700644057,0.16070106700644035,0.16070106700644035,0.16070106700644035,0.16070106700644035,0.16070106700644035,0.16070106700644035,0.16070106700644035,0.16070106700644035,0.16070106700644035,0.16070106700644035,0.16070106700644035,0.16070106700644035,0.16070106700644035,0.16070106700644035,0.16070106700644035,0.16070106700644057,0.16070106700644035,0.16070106700644035,0.16070106700644035,0.16070106700644057,0.1592184513799045,0.15921845137990406,0.15921845137990406,0.15921845137990406,0.1592184513799045,0.15921845137990406,0.15921845137990384,0.15921845137990384,0.15921845137990384,0.15921845137990406,0.15921845137990406,0.15921845137990384,0.15921845137990365,0.15921845137990384,0.15921845137990406,0.15921845137990406,0.15921845137990384,0.15921845137990384,0.15921845137990384,0.15921845137990406,0.1592184513799045,0.15921845137990406,0.15921845137990406,0.15921845137990406,0.1592184513799045,0.15776544616190658,0.15776544616190574,0.15776544616190533,0.15776544616190574,0.15776544616190658,0.15776544616190574,0.15776544616190508,0.15776544616190447,0.15776544616190508,0.15776544616190574,0.15776544616190533,0.15776544616190447,0.15776544616190402,0.15776544616190447,0.15776544616190533,0.15776544616190574,0.15776544616190508,0.15776544616190447,0.15776544616190508,0.15776544616190574,0.15776544616190658,0.15776544616190574,0.15776544616190533,0.15776544616190574,0.15776544616190658,0.15634146248132702,0.15634146248132472,0.15634146248132325,0.15634146248132472,0.15634146248132702,0.15634146248132472,0.1563414624813224,0.15634146248132094,0.1563414624813224,0.15634146248132472,0.15634146248132325,0.15634146248132094,0.15634146248131947,0.15634146248132094,0.15634146248132325,0.15634146248132472,0.1563414624813224,0.15634146248132094,0.1563414624813224,0.15634146248132472,0.15634146248132702,0.15634146248132472,0.15634146248132325,0.15634146248132472,0.15634146248132702,0.15494591453822104,0.15494591453821385,0.15494591453820955,0.15494591453821385,0.15494591453822104,0.15494591453821385,0.15494591453820647,0.15494591453820175,0.15494591453820647,0.15494591453821385,0.15494591453820955,0.15494591453820175,0.15494591453819703,0.15494591453820175,0.15494591453820955,0.15494591453821385,0.15494591453820647,0.15494591453820175,0.15494591453820647,0.15494591453821385,0.15494591453822104,0.15494591453821385,0.15494591453820955,0.15494591453821385,0.15494591453822104,0.15357822057332676,0.15357822057330525,0.15357822057329162,0.15357822057330525,0.15357822057332676,0.15357822057330525,0.153578220573282,0.1535782205732673,0.153578220573282,0.15357822057330525,0.15357822057329162,0.1535782205732673,0.15357822057325166,0.1535782205732673,0.15357822057329162,0.15357822057330525,0.153578220573282,0.1535782205732673,0.153578220573282,0.15357822057330525,0.15357822057332676,0.15357822057330525,0.15357822057329162,0.15357822057330525,0.15357822057332676,0.15223780372918272,0.15223780372911716,0.15223780372907544,0.15223780372911716,0.15223780372918272,0.15223780372911716,0.1522378037290449,0.15223780372899767,0.1522378037290449,0.15223780372911716,0.15223780372907544,0.15223780372899767,0.1522378037289471,0.15223780372899767,0.15223780372907544,0.15223780372911716,0.1522378037290449,0.15223780372899767,0.1522378037290449,0.15223780372911716,0.15223780372918272,0.15223780372911716,0.15223780372907544,0.15223780372911716,0.15223780372918272,0.15092409281147373,0.15092409281127814,0.15092409281115157,0.15092409281127814,0.15092409281147373,0.15092409281127814,0.15092409281105396,0.1509240928109054,0.15092409281105396,0.15092409281127814,0.15092409281115157,0.1509240928109054,0.15092409281074104,0.1509240928109054,0.15092409281115157,0.15092409281127814,0.15092409281105396,0.1509240928109054,0.15092409281105396,0.15092409281127814,0.15092409281147373,0.15092409281127814,0.15092409281115157,0.15092409281127814,0.15092409281147373,0.14963652295873855,0.14963652295816637,0.14963652295778596,0.14963652295816637,0.14963652295873855,0.14963652295816637,0.14963652295747887,0.14963652295700353,0.14963652295747887,0.14963652295816637,0.14963652295778596,0.14963652295700353,0.14963652295645102,0.14963652295700353,0.14963652295778596,0.14963652295816637,0.14963652295747887,0.14963652295700353,0.14963652295747887,0.14963652295816637,0.14963652295873855,0.14963652295816637,0.14963652295778596,0.14963652295816637,0.14963652295873855,0.14837453622813365,0.1483745362265074,0.1483745362253782,0.1483745362265074,0.14837453622813365,0.1483745362265074,0.14837453622441985,0.14837453622287178,0.14837453622441985,0.1483745362265074,0.1483745362253782,0.14837453622287178,0.14837453622091618,0.14837453622287178,0.1483745362253782,0.1483745362265074,0.14837453622441985,0.14837453622287178,0.14837453622441985,0.1483745362265074,0.14837453622813365,0.1483745362265074,0.1483745362253782,0.1483745362265074,0.14837453622813365,0.14713758210466762,0.147137582100251,0.1471375820969728,0.147137582100251,0.14713758210466762,0.147137582100251,0.14713758209403888,0.1471375820888836,0.14713758209403888,0.147137582100251,0.1471375820969728,0.1471375820888836,0.14713758208141042,0.1471375820888836,0.1471375820969728,0.147137582100251,0.14713758209403888,0.1471375820888836,0.14713758209403888,0.147137582100251,0.14713758210466762,0.147137582100251,0.1471375820969728,0.147137582100251,0.14713758210466762,0.14592511794123825,0.1459251179301,0.14592511792097776,0.1459251179301,0.14592511794123825,0.1459251179301,0.14592511791237975,0.1459251178949236,0.14592511791237975,0.1459251179301,0.14592511792097776,0.1459251178949236,0.1459251178632572,0.1459251178949236,0.14592511792097776,0.1459251179301,0.14592511791237975,0.1459251178949236,0.14592511791237975,0.1459251179301,0.14592511794123825,0.1459251179301,0.14592511792097776,0.1459251179301,0.14592511794123825,0.14473660933667126,0.14473660931191415,0.14473660928869675,0.14473660931191415,0.14473660933667126,0.14473660931191415,0.14473660926575638,0.14473660920760872,0.14473660926575638,0.14473660931191415,0.14473660928869675,0.14473660920760872,0.14473660905594277,0.14473660920760872,0.14473660928869675,0.14473660931191415,0.14473660926575638,0.14473660920760872,0.14473660926575638,0.14473660931191415,0.14473660933667126,0.14473660931191415,0.14473660928869675,0.14473660931191415,0.14473660933667126,0.14357153045673124,0.14357153041309317,0.1435715303652719,0.14357153041309317,0.14357153045673124,0.14357153041309317,0.1435715303164931,0.14357153014769158,0.1435715303164931,0.14357153041309317,0.1435715303652719,0.14357153014769158,0.14357152932436112,0.14357153014769158,0.1435715303652719,0.14357153041309317,0.1435715303164931,0.14357153014769158,0.1435715303164931,0.14357153041309317,0.14357153045673124,0.14357153041309317,0.1435715303652719,0.14357153041309317,0.14357153045673124,0.14242936429230704,0.1424293642434679,0.1424293641925481,0.1424293642434679,0.14242936429230704,0.1424293642434679,0.14242936414077448,0.14242936398245298,0.14242936414077448,0.1424293642434679,0.1424293641925481,0.14242936398245298,0.1424293633623899,0.14242936398245298,0.1424293641925481,0.1424293642434679,0.14242936414077448,0.14242936398245298,0.14242936414077448,0.1424293642434679,0.14242936429230704,0.1424293642434679,0.1424293641925481,0.1424293642434679,0.14242936429230704,0.1413096028332891,0.1413096027864792,0.14130960273598178,0.1413096027864792,0.1413096028332891,0.1413096027864792,0.14130960268423856,0.14130960251789276,0.14130960268423856,0.1413096027864792,0.14130960273598178,0.14130960251789276,0.1413096018148319,0.14130960251789276,0.14130960273598178,0.1413096027864792,0.14130960268423856,0.14130960251789276,0.14130960268423856,0.1413096027864792,0.1413096028332891,0.1413096027864792,0.14130960273598178,0.1413096027864792,0.1413096028332891,0.1402117472504573,0.14021174721838328,0.14021174717981322,0.14021174721838328,0.1402117472504573,0.14021174721838328,0.14021174713954693,0.14021174698981104,0.14021174713954693,0.14021174721838328,0.14021174717981322,0.14021174698981104,0.1402117462360635,0.14021174698981104,0.14021174717981322,0.14021174721838328,0.14021174713954693,0.14021174698981104,0.14021174713954693,0.14021174721838328,0.1402117472504573,0.14021174721838328,0.14021174717981322,0.14021174721838328,0.1402117472504573,0.1391353080131151,0.13913530801781643,0.1391353080197261,0.13913530801781643,0.1391353080131151,0.13913530801781643,0.1391353080209363,0.139135308014377,0.1391353080209363,0.13913530801781643,0.1391353080197261,0.139135308014377,0.13913530796550574,0.139135308014377,0.1391353080197261,0.13913530801781643,0.1391353080209363,0.139135308014377,0.1391353080209363,0.13913530801781643,0.1391353080131151,0.13913530801781643,0.1391353080197261,0.13913530801781643,0.1391353080131151,0.13807980496270666,0.13807980501400832,0.13807980506670192,0.13807980501400832,0.13807980496270666,0.13807980501400832,0.13807980512042067,0.13807980527020042,0.13807980512042067,0.13807980501400832,0.13807980506670192,0.13807980527020042,0.1380798057016222,0.13807980527020042,0.13807980506670192,0.13807980501400832,0.13807980512042067,0.13807980527020042,0.13807980512042067,0.13807980501400832,0.13807980496270666,0.13807980501400832,0.13807980506670192,0.13807980501400832,0.13807980496270666,0.13704476739832405,0.13704476749145725,0.13704476760559017,0.13704476749145725,0.13704476739832405,0.13704476749145725,0.13704476772423232,0.13704476819581018,0.13704476772423232,0.13704476749145725,0.13704476760559017,0.13704476819581018,0.13704477082087016,0.13704476819581018,0.13704476760559017,0.13704476749145725,0.13704476772423232,0.13704476819581018,0.13704476772423232,0.13704476749145725,0.13704476739832405,0.13704476749145725,0.13704476760559017,0.13704476749145725,0.13704476739832405,0.13602973413832425,0.1360297342041896,0.13602973426894274,0.1360297342041896,0.13602973413832425,0.1360297342041896,0.13602973433402363,0.13602973450833608,0.13602973433402363,0.1360297342041896,0.13602973426894274,0.13602973450833608,0.1360297349933076,0.13602973450833608,0.13602973426894274,0.1360297342041896,0.13602973433402363,0.13602973450833608,0.13602973433402363,0.1360297342041896,0.13602973413832425,0.1360297342041896,0.13602973426894274,0.1360297342041896,0.13602973413832425,0.13503425365882604,0.13503425370025288,0.13503425373452177,0.13503425370025288,0.13503425365882604,0.13503425370025288,0.13503425376709213,0.13503425383350215,0.13503425376709213,0.13503425370025288,0.13503425373452177,0.13503425383350215,0.1350342539544742,0.13503425383350215,0.13503425373452177,0.13503425370025288,0.13503425376709213,0.13503425383350215,0.13503425376709213,0.13503425370025288,0.13503425365882604,0.13503425370025288,0.13503425373452177,0.13503425370025288,0.13503425365882604
0.16533248738770567,0.16533248738770567,0.16533248738770567,0.16533248738770567,0.16533248738770567,0.16533248738770567,0.16533248738770567,0.16533248738770567,0.16533248738770567,0.16533248738770567,0.16533248738770567,0.16533248738770567,0.16533248738770567,0.16533248738770567,0.16533248738770567,0.16533248738770567,0.16533248738770567,0.16533248738770567,0.16533248738770567,0.16533248738770567,0.16533248738770567,0.16533248738770567,0.16533248738770567,0.16533248738770567,0.16533248738770567,0.16375749367683562,0.16375749367683562,0.16375749367683562,0.16375749367683562,0.16375749367683562,0.16375749367683562,0.16375749367683562,0.16375749367683562,0.16375749367683562,0.16375749367683562,0.16375749367683562,0.16375749367683562,0.16375749367683562,0.16375749367683562,0.16375749367683562,0.16375749367683562,0.16375749367683562,0.16375749367683562,0.16375749367683562,0.16375749367683562,0.16375749367683562,0.16375749367683562,0.16375749367683562,0.16375749367683562,0.16375749367683562,0.16221388389771935,0.16221388389771935,0.16221388389771935,0.16221388389771935,0.16221388389771935,0.16221388389771935,0.16221388389771935,0.16221388389771935,0.16221388389771935,0.16221388389771935,0.16221388389771935,0.16221388389771935,0.16221388389771935,0.16221388389771935,0.16221388389771935,0.16221388389771935,0.16221388389771935,0.16221388389771935,0.16221388389771935,0.16221388389771935,0.16221388389771935,0.16221388389771935,0.16221388389771935,0.16221388389771935,0.16221388389771935,0.1607010670073974,0.16070106700739717,0.16070106700739717,0.1607010670073974,0.1607010670073974,0.16070106700739717,0.16070106700739717,0.16070106700739717,0.16070106700739717,0.1607010670073974,0.16070106700739717,0.16070106700739717,0.16070106700739717,0.16070106700739717,0.16070106700739717,0.1607010670073974,0.16070106700739717,0.16070106700739717,0.16070106700739717,0.1607010670073974,0.1607010670073974,0.1607010670073974,0.16070106700739717,0.1607010670073974,0.1607010670073974,0.1592184513808479,0.15921845138084745,0.15921845138084745,0.15921845138084745,0.1592184513808479,0.15921845138084745,0.15921845138084723,0.15921845138084723,0.15921845138084723,0.15921845138084745,0.15921845138084745,0.15921845138084723,0.159218451380847,0.15921845138084723,0.15921845138084745,0.15921845138084745,0.15921845138084723,0.15921845138084723,0.15921845138084723,0.15921845138084745,0.1592184513808479,0.15921845138084745,0.15921845138084745,0.15921845138084745,0.1592184513808479,0.15776544616283814,0.1577654461628373,0.15776544616283686,0.1577654461628373,0.15776544616283814,0.1577654461628373,0.15776544616283666,0.15776544616283625,0.15776544616283666,0.1577654461628373,0.15776544616283686,0.15776544616283625,0.1577654461628356,0.15776544616283625,0.15776544616283686,0.1577654461628373,0.15776544616283666,0.15776544616283625,0.15776544616283666,0.1577654461628373,0.15776544616283814,0.1577654461628373,0.15776544616283686,0.1577654461628373,0.15776544616283814,0.15634146248224856,0.15634146248224626,0.1563414624822448,0.15634146248224626,0.15634146248224856,0.15634146248224626,0.15634146248224393,0.15634146248224248,0.15634146248224393,0.15634146248224626,0.1563414624822448,0.15634146248224248,0.156341462482241,0.15634146248224248,0.1563414624822448,0.15634146248224626,0.15634146248224393,0.15634146248224248,0.15634146248224393,0.15634146248224626,0.15634146248224856,0.15634146248224626,0.1563414624822448,0.15634146248224626,0.15634146248224856,0.15494591453913398,0.154945914539127,0.15494591453912251,0.154945914539127,0.15494591453913398,0.154945914539127,0.15494591453911966,0.1549459145391149,0.15494591453911966,0.154945914539127,0.15494591453912251,0.1549459145391149,0.15494591453911022,0.1549459145391149,0.15494591453912251,0.154945914539127,0.15494591453911966,0.1549459145391149,0.15494591453911966,0.154945914539127,0.15494591453913398,0.154945914539127,0.15494591453912251,0.154945914539127,0.15494591453913398,0.15357822057423298,0.1535782205742115,0.15357822057419782,0.1535782205742115,0.15357822057423298,0.1535782205742115,0.15357822057418838,0.15357822057417372,0.15357822057418838,0.1535782205742115,0.15357822057419782,0.15357822057417372,0.15357822057415826,0.15357822057417372,0.15357822057419782,0.1535782205742115,0.15357822057418838,0.15357822057417372,0.15357822057418838,0.1535782205742115,0.15357822057423298,0.1535782205742115,0.15357822057419782,0.1535782205742115,0.15357822057423298,0.15223780373008344,0.1522378037300181,0.15223780372997656,0.1522378037300181,0.15223780373008344,0.1522378037300181,0.15223780372994605,0.1522378037298992,0.15223780372994605,0.1522378037300181,0.15223780372997656,0.1522378037298992,0.15223780372984883,0.1522378037298992,0.15223780372997656,0.1522378037300181,0.15223780372994605,0.1522378037298992,0.15223780372994605,0.1522378037300181,0.15223780373008344,0.1522378037300181,0.15223780372997656,0.1522378037300181,0.15223780373008344,0.15092409281236988,0.15092409281217484,0.15092409281204866,0.15092409281217484,0.15092409281236988,0.15092409281217484,0.1509240928119516,0.15092409281180325,0.1509240928119516,0.15092409281217484,0.15092409281204866,0.15092409281180325,0.1509240928116395,0.15092409281180325,0.15092409281204866,0.15092409281217484,0.1509240928119516,0.15092409281180325,0.1509240928119516,0.15092409281217484,0.15092409281236988,0.15092409281217484,0.15092409281204866,0.15092409281217484,0.15092409281236988,0.1496365229596299,0.1496365229590596,0.1496365229586803,0.1496365229590596,0.1496365229596299,0.1496365229590596,0.14963652295837437,0.14963652295790053,0.14963652295837437,0.1496365229590596,0.1496365229586803,0.14963652295790053,0.14963652295734992,0.14963652295790053,0.1496365229586803,0.1496365229590596,0.14963652295837437,0.14963652295790053,0.14963652295837437,0.1496365229590596,0.1496365229596299,0.1496365229590596,0.1496365229586803,0.1496365229590596,0.1496365229596299,0.1483745362290177,0.14837453622739663,0.14837453622627111,0.14837453622739663,0.1483745362290177,0.14837453622739663,0.14837453622531593,0.14837453622377283,0.14837453622531593,0.14837453622739663,0.14837453622627111,0.14837453622377283,0.14837453622182412,0.14837453622377283,0.14837453622627111,0.14837453622739663,0.14837453622531593,0.14837453622377283,0.14837453622531593,0.14837453622739663,0.1483745362290177,0.14837453622739663,0.14837453622627111,0.14837453622739663,0.1483745362290177,0.1471375821055345,0.14713758210113168,0.147137582097864,0.14713758210113168,0.1471375821055345,0.14713758210113168,0.14713758209493952,0.1471375820898017,0.14713758209493952,0.14713758210113168,0.147137582097864,0.1471375820898017,0.14713758208235486,0.1471375820898017,0.147137582097864,0.14713758210113168,0.14713758209493952,0.1471375820898017,0.14713758209493952,0.14713758210113168,0.1471375821055345,0.14713758210113168,0.147137582097864,0.14713758210113168,0.1471375821055345,0.1459251179420602,0.14592511793095522,0.1459251179218615,0.14592511793095522,0.1459251179420602,0.14592511793095522,0.14592511791329127,0.1459251178958942,0.14592511791329127,0.14592511793095522,0.1459251179218615,0.1459251178958942,0.14592511786434284,0.1459251178958942,0.1459251179218615,0.14592511793095522,0.14592511791329127,0.1459251178958942,0.14592511791329127,0.14592511793095522,0.1459251179420602,0.14592511793095522,0.1459251179218615,0.14592511793095522,0.1459251179420602,0.14473660933737936,0.1447366093126909,0.14473660928954313,0.1447366093126909,0.14473660933737936,0.1447366093126909,0.14473660926667328,0.144736609208722,0.14473660926667328,0.1447366093126909,0.14473660928954313,0.144736609208722,0.14473660905762278,0.144736609208722,0.14473660928954313,0.1447366093126909,0.14473660926667328,0.144736609208722,0.14473660926667328,0.1447366093126909,0.14473660933737936,0.1447366093126909,0.14473660928954313,0.1447366093126909,0.14473660933737936,0.14357153045718246,0.14357153041364396,0.14357153036594833,0.14357153041364396,0.14357153045718246,0.14357153041364396,0.14357153031730055,0.14357153014904134,0.14357153031730055,0.14357153041364396,0.14357153036594833,0.14357153014904134,0.14357152932886125,0.14357153014904134,0.14357153036594833,0.14357153041364396,0.14357153031730055,0.14357153014904134,0.14357153031730055,0.14357153041364396,0.14357153045718246,0.14357153041364396,0.14357153036594833,0.14357153041364396,0.14357153045718246,0.14242936429229128,0.1424293642434974,0.1424293641926159,0.1424293642434974,0.14242936429229128,0.1424293642434974,0.14242936414087998,0.14242936398261133,0.14242936414087998,0.1424293642434974,0.1424293641926159,0.14242936398261133,0.142429363362276,0.14242936398261133,0.1424293641926159,0.1424293642434974,0.14242936414087998,0.14242936398261133,0.14242936414087998,0.1424293642434974,0.14242936429229128,0.1424293642434974,0.1424293641926159,0.1424293642434974,0.14242936429229128,0.1413096028327056,0.141309602785908,0.141309602735417,0.141309602785908,0.1413096028327056,0.141309602785908,0.14130960268367904,0.14130960251731858,0.14130960268367904,0.141309602785908,0.141309602735417,0.14130960251731858,0.1413096018140527,0.14130960251731858,0.141309602735417,0.141309602785908,0.14130960268367904,0.14130960251731858,0.14130960268367904,0.141309602785908,0.1413096028327056,0.141309602785908,0.141309602735417,0.141309602785908,0.1413096028327056,0.14021174724927066,0.14021174721719581,0.14021174717862883,0.14021174721719581,0.14021174724927066,0.14021174721719581,0.14021174713836654,0.1402117469886655,0.14021174713836654,0.14021174721719581,0.14021174717862883,0.1402117469886655,0.14021174623520932,0.1402117469886655,0.14021174717862883,0.14021174721719581,0.14021174713836654,0.1402117469886655,0.14021174713836654,0.14021174721719581,0.14021174724927066,0.14021174721719581,0.14021174717862883,0.14021174721719581,0.14021174724927066,0.1391353080113166,0.1391353080159904,0.1391353080178776,0.1391353080159904,0.1391353080113166,0.1391353080159904,0.13913530801906646,0.13913530801246735,0.13913530801906646,0.1391353080159904,0.1391353080178776,0.13913530801246735,0.13913530796353993,0.13913530801246735,0.1391353080178776,0.1391353080159904,0.13913530801906646,0.13913530801246735,0.13913530801906646,0.1391353080159904,0.1391353080113166,0.1391353080159904,0.1391353080178776,0.1391353080159904,0.1391353080113166,0.13807980496034195,0.138079805011572,0.13807980506419396,0.138079805011572,0.13807980496034195,0.138079805011572,0.13807980511784063,0.1380798052674252,0.13807980511784063,0.138079805011572,0.13807980506419396,0.1380798052674252,0.13807980569830103,0.1380798052674252,0.13807980506419396,0.138079805011572,0.13807980511784063,0.1380798052674252,0.13807980511784063,0.138079805011572,0.13807980496034195,0.138079805011572,0.13807980506419396,0.138079805011572,0.13807980496034195,0.13704476739552987,0.13704476748854658,0.13704476760253875,0.13704476748854658,0.13704476739552987,0.13704476748854658,0.13704476772103494,0.13704476819203837,0.13704476772103494,0.13704476748854658,0.13704476760253875,0.13704476819203837,0.13704477081392225,0.13704476819203837,0.13704476760253875,0.13704476748854658,0.13704476772103494,0.13704476819203837,0.13704476772103494,0.13704476748854658,0.13704476739552987,0.13704476748854658,0.13704476760253875,0.13704476748854658,0.13704476739552987,0.1360297341353305,0.1360297342011147,0.13602973426578854,0.1360297342011147,0.1360297341353305,0.1360297342011147,0.13602973433078996,0.1360297345048901,0.13602973433078996,0.1360297342011147,0.13602973426578854,0.1360297345048901,0.1360297349892735,0.1360297345048901,0.13602973426578854,0.1360297342011147,0.13602973433078996,0.1360297345048901,0.13602973433078996,0.1360297342011147,0.1360297341353305,0.1360297342011147,0.13602973426578854,0.1360297342011147,0.1360297341353305,0.135034253655792,0.13503425369716796,0.13503425373139505,0.13503425369716796,0.135034253655792,0.13503425369716796,0.1350342537639256,0.13503425383025475,0.1350342537639256,0.13503425369716796,0.13503425373139505,0.13503425383025475,0.13503425395108,0.13503425383025475,0.13503425373139505,0.13503425369716796,0.1350342537639256,0.13503425383025475,0.1350342537639256,0.13503425369716796,0.135034253655792,0.13503425369716796,0.13503425373139505,0.13503425369716796,0.135034253655792
0.16533248738888207,0.16533248738888207,0.16533248738888207,0.16533248738888207,0.16533248738888207,0.16533248738888207,0.16533248738888207,0.16533248738888207,0.16533248738888207,0.16533248738888207,0.16533248738888207,0.16533248738888207,0.16533248738888207,0.16533248738888207,0.16533248738888207,0.16533248738888207,0.16533248738888207,0.16533248738888207,0.16533248738888207,0.16533248738888207,0.16533248738888207,0.16533248738888207,0.16533248738888207,0.16533248738888207,0.16533248738888207,0.16375749367798997,0.16375749367798997,0.16375749367798997,0.16375749367798997,0.16375749367798997,0.16375749367798997,0.16375749367798997,0.16375749367798997,0.16375749367798997,0.16375749367798997,0.16375749367798997,0.16375749367798997,0.16375749367798997,0.16375749367798997,0.16375749367798997,0.16375749367798997,0.16375749367798997,0.16375749367798997,0.16375749367798997,0.16375749367798997,0.16375749367798997,0.16375749367798997,0.16375749367798997,0.16375749367798997,0.16375749367798997,0.16221388389885363,0.16221388389885363,0.16221388389885363,0.16221388389885363,0.16221388389885363,0.16221388389885363,0.16221388389885363,0.16221388389885363,0.16221388389885363,0.16221388389885363,0.16221388389885363,0.16221388389885363,0.16221388389885363,0.16221388389885363,0.16221388389885363,0.16221388389885363,0.16221388389885363,0.16221388389885363,0.16221388389885363,0.16221388389885363,0.16221388389885363,0.16221388389885363,0.16221388389885363,0.16221388389885363,0.16221388389885363,0.16070106700851305,0.16070106700851305,0.16070106700851305,0.16070106700851305,0.16070106700851305,0.16070106700851305,0.16070106700851305,0.16070106700851283,0.16070106700851305,0.16070106700851305,0.16070106700851305,0.16070106700851283,0.16070106700851283,0.16070106700851283,0.16070106700851305,0.16070106700851305,0.16070106700851305,0.16070106700851283,0.16070106700851305,0.16070106700851305,0.16070106700851305,0.16070106700851305,0.16070106700851305,0.16070106700851305,0.16070106700851305,0.1592184513819467,0.15921845138194649,0.15921845138194626,0.15921845138194649,0.1592184513819467,0.15921845138194649,0.15921845138194626,0.15921845138194604,0.15921845138194626,0.15921845138194649,0.15921845138194626,0.15921845138194604,0.15921845138194582,0.15921845138194604,0.15921845138194626,0.15921845138194649,0.15921845138194626,0.15921845138194604,0.15921845138194626,0.15921845138194649,0.1592184513819467,0.15921845138194649,0.15921845138194626,0.15921845138194649,0.1592184513819467,0.15776544616392182,0.1577654461639212,0.1577654461639208,0.1577654461639212,0.15776544616392182,0.1577654461639212,0.15776544616392035,0.15776544616391994,0.15776544616392035,0.1577654461639212,0.1577654461639208,0.15776544616391994,0.15776544616391946,0.15776544616391994,0.1577654461639208,0.1577654461639212,0.15776544616392035,0.15776544616391994,0.15776544616392035,0.1577654461639212,0.15776544616392182,0.1577654461639212,0.1577654461639208,0.1577654461639212,0.15776544616392182,0.15634146248331895,0.15634146248331668,0.15634146248331518,0.15634146248331668,0.15634146248331895,0.15634146248331668,0.15634146248331438,0.1563414624833129,0.15634146248331438,0.15634146248331668,0.15634146248331518,0.1563414624833129,0.15634146248331143,0.1563414624833129,0.15634146248331518,0.15634146248331668,0.15634146248331438,0.1563414624833129,0.15634146248331438,0.15634146248331668,0.15634146248331895,0.15634146248331668,0.15634146248331518,0.15634146248331668,0.15634146248331895,0.15494591454019266,0.1549459145401857,0.1549459145401814,0.1549459145401857,0.15494591454019266,0.1549459145401857,0.1549459145401783,0.1549459145401738,0.1549459145401783,0.1549459145401857,0.1549459145401814,0.1549459145401738,0.1549459145401691,0.1549459145401738,0.1549459145401814,0.1549459145401857,0.1549459145401783,0.1549459145401738,0.1549459145401783,0.1549459145401857,0.15494591454019266,0.1549459145401857,0.1549459145401814,0.1549459145401857,0.15494591454019266,0.1535782205752816,0.1535782205752601,0.15357822057524662,0.1535782205752601,0.1535782205752816,0.1535782205752601,0.15357822057523718,0.15357822057522275,0.15357822057523718,0.1535782205752601,0.15357822057524662,0.15357822057522275,0.15357822057520726,0.15357822057522275,0.15357822057524662,0.1535782205752601,0.15357822057523718,0.15357822057522275,0.15357822057523718,0.1535782205752601,0.1535782205752816,0.1535782205752601,0.15357822057524662,0.1535782205752601,0.1535782205752816,0.15223780373112317,0.15223780373105822,0.15223780373101686,0.15223780373105822,0.15223780373112317,0.15223780373105822,0.15223780373098675,0.15223780373094012,0.15223780373098675,0.15223780373105822,0.15223780373101686,0.15223780373094012,0.1522378037308897,0.15223780373094012,0.15223780373101686,0.15223780373105822,0.15223780373098675,0.15223780373094012,0.15223780373098675,0.15223780373105822,0.15223780373112317,0.15223780373105822,0.15223780373101686,0.15223780373105822,0.15223780373112317,0.15092409281340177,0.15092409281320773,0.1509240928130821,0.15092409281320773,0.15092409281340177,0.15092409281320773,0.15092409281298547,0.1509240928128377,0.15092409281298547,0.15092409281320773,0.1509240928130821,0.1509240928128377,0.1509240928126745,0.1509240928128377,0.1509240928130821,0.15092409281320773,0.15092409281298547,0.1509240928128377,0.15092409281298547,0.15092409281320773,0.15092409281340177,0.15092409281320773,0.1509240928130821,0.15092409281320773,0.15092409281340177,0.14963652296065377,0.1496365229600856,0.149636522959708,0.1496365229600856,0.14963652296065377,0.1496365229600856,0.1496365229594032,0.14963652295893123,0.1496365229594032,0.1496365229600856,0.149636522959708,0.14963652295893123,0.1496365229583829,0.14963652295893123,0.149636522959708,0.1496365229600856,0.1496365229594032,0.14963652295893123,0.1496365229594032,0.1496365229600856,0.14963652296065377,0.1496365229600856,0.149636522959708,0.1496365229600856,0.14963652296065377,0.14837453623003016,0.148374536228415,0.14837453622729393,0.148374536228415,0.14837453623003016,0.148374536228415,0.14837453622634245,0.1483745362248057,0.14837453622634245,0.148374536228415,0.14837453622729393,0.1483745362248057,0.14837453622286492,0.1483745362248057,0.14837453622729393,0.148374536228415,0.14837453622634245,0.1483745362248057,0.14837453622634245,0.148374536228415,0.14837453623003016,0.148374536228415,0.14837453622729393,0.148374536228415,0.14837453623003016,0.1471375821065236,0.14713758210213695,0.14713758209888184,0.14713758210213695,0.1471375821065236,0.14713758210213695,0.1471375820959688,0.14713758209085168,0.1471375820959688,0.14713758210213695,0.14713758209888184,0.14713758209085168,0.14713758208343627,0.14713758209085168,0.14713758209888184,0.14713758210213695,0.1471375820959688,0.14713758209085168,0.1471375820959688,0.14713758210213695,0.1471375821065236,0.14713758210213695,0.14713758209888184,0.14713758210213695,0.1471375821065236,0.1459251179429929,0.14592511793192747,0.14592511792286772,0.14592511793192747,0.1459251179429929,0.14592511793192747,0.14592511791433027,0.1459251178970039,0.14592511791433027,0.14592511793192747,0.14592511792286772,0.1459251178970039,0.14592511786558984,0.1459251178970039,0.14592511792286772,0.14592511793192747,0.14592511791433027,0.1459251178970039,0.14592511791433027,0.14592511793192747,0.1459251179429929,0.14592511793192747,0.14592511792286772,0.14592511793192747,0.1459251179429929,0.14473660933817378,0.14473660931356624,0.14473660929050142,0.14473660931356624,0.14473660933817378,0.14473660931356624,0.14473660926771534,0.14473660920999834,0.14473660926771534,0.14473660931356624,0.14473660929050142,0.14473660920999834,0.1447366090595767,0.14473660920999834,0.14473660929050142,0.14473660931356624,0.14473660926771534,0.14473660920999834,0.14473660926771514,0.14473660931356624,0.14473660933817378,0.14473660931356624,0.14473660929050142,0.14473660931356624,0.14473660933817378,0.14357153045766927,0.1435715304142475,0.14357153036670017,0.1435715304142475,0.14357153045766927,0.1435715304142475,0.14357153031820713,0.14357153015059348,0.14357153031820713,0.1435715304142475,0.14357153036670017,0.14357153015059348,0.14357152933419876,0.14357153015059348,0.14357153036670017,0.1435715304142475,0.14357153031820713,0.14357153015059348,0.14357153031820713,0.1435715304142475,0.14357153045766927,0.1435715304142475,0.14357153036670017,0.1435715304142475,0.14357153045766927,0.14242936429222466,0.1424293642434793,0.14242936419263785,0.1424293642434793,0.14242936429222466,0.1424293642434793,0.1424293641409412,0.1424293639827187,0.1424293641409412,0.1424293642434793,0.14242936419263785,0.1424293639827187,0.14242936336200476,0.1424293639827187,0.14242936419263785,0.1424293642434793,0.1424293641409412,0.1424293639827187,0.1424293641409412,0.1424293642434793,0.14242936429222466,0.1424293642434793,0.14242936419263785,0.1424293642434793,0.14242936429222466,0.14130960283197652,0.14130960278518534,0.14130960273469287,0.14130960278518534,0.14130960283197652,0.14130960278518534,0.14130960268295145,0.14130960251654084,0.14130960268295145,0.14130960278518534,0.14130960273469287,0.14130960251654084,0.1413096018128863,0.14130960251654084,0.14130960273469287,0.14130960278518534,0.14130960268295145,0.14130960251654084,0.14130960268295145,0.14130960278518534,0.14130960283197652,0.14130960278518534,0.14130960273469287,0.14130960278518534,0.14130960283197652,0.14021174724785532,0.14021174721577132,0.14021174717719834,0.14021174721577132,0.14021174724785532,0.14021174721577132,0.1402117471369306,0.1402117469872328,0.1402117471369306,0.14021174721577132,0.14021174717719834,0.1402117469872328,0.14021174623392738,0.1402117469872328,0.14021174717719834,0.14021174721577132,0.1402117471369306,0.1402117469872328,0.1402117471369306,0.14021174721577132,0.14021174724785532,0.14021174721577132,0.14021174717719834,0.14021174721577132,0.14021174724785532,0.13913530800922194,0.13913530801386076,0.13913530801571894,0.13913530801386076,0.13913530800922194,0.13913530801386076,0.13913530801687993,0.13913530801022578,0.13913530801687993,0.13913530801386076,0.13913530801571894,0.13913530801022578,0.13913530796120716,0.13913530801022578,0.13913530801571894,0.13913530801386076,0.13913530801687993,0.13913530801022578,0.13913530801687993,0.13913530801386076,0.13913530800922194,0.13913530801386076,0.13913530801571894,0.13913530801386076,0.13913530800922194,0.1380798049576275,0.13807980500877737,0.13807980506131998,0.13807980500877737,0.1380798049576275,0.13807980500877737,0.13807980511488646,0.13807980526425584,0.13807980511488646,0.13807980500877737,0.13807980506131998,0.13807980526425584,0.13807980569453324,0.13807980526425584,0.13807980506131998,0.13807980500877737,0.13807980511488646,0.13807980526425584,0.13807980511488646,0.13807980500877737,0.1380798049576275,0.13807980500877737,0.13807980506131998,0.13807980500877737,0.1380798049576275,0.13704476739234842,0.13704476748523792,0.13704476759907666,0.13704476748523792,0.13704476739234842,0.13704476748523792,0.13704476771741395,0.13704476818779324,0.13704476771741395,0.13704476748523792,0.13704476759907666,0.13704476818779324,0.1370447708062558,0.13704476818779324,0.13704476759907666,0.13704476748523792,0.13704476771741395,0.13704476818779324,0.13704476771741395,0.13704476748523792,0.13704476739234842,0.13704476748523792,0.13704476759907666,0.13704476748523792,0.13704476739234842,0.13602973413193356,0.13602973419762948,0.13602973426221698,0.13602973419762948,0.13602973413193356,0.13602973419762948,0.13602973432713192,0.1360297345010017,0.13602973432713192,0.13602973419762948,0.13602973426221698,0.1360297345010017,0.13602973498474663,0.1360297345010017,0.13602973426221698,0.13602973419762948,0.13602973432713192,0.1360297345010017,0.13602973432713192,0.13602973419762948,0.13602973413193356,0.13602973419762948,0.13602973426221698,0.13602973419762948,0.13602973413193356,0.13503425365235364,0.13503425369367433,0.1350342537278559,0.13503425369367433,0.13503425365235364,0.13503425369367433,0.1350342537603432,0.13503425382658446,0.1350342537603432,0.13503425369367433,0.1350342537278559,0.13503425382658446,0.1350342539472503,0.13503425382658446,0.1350342537278559,0.13503425369367433,0.1350342537603432,0.13503425382658446,0.1350342537603432,0.13503425369367433,0.13503425365235364,0.13503425369367433,0.1350342537278559,0.13503425369367433,0.13503425365235364
0.16533248739022438,0.16533248739022438,0.16533248739022438,0.16533248739022438,0.16533248739022438,0.16533248739022438,0.16533248739022438,0.16533248739022438,0.16533248739022438,0.16533248739022438,0.16533248739022438,0.16533248739022438,0.16533248739022438,0.16533248739022438,0.16533248739022438,0.16533248739022438,0.16533248739022438,0.16533248739022438,0.16533248739022438,0.16533248739022438,0.16533248739022438,0.16533248739022438,0.16533248739022438,0.16533248739022438,0.16533248739022438,0.16375749367930692,0.16375749367930692,0.16375749367930692,0.16375749367930692,0.16375749367930692,0.16375749367930692,0.16375749367930692,0.16375749367930692,0.16375749367930692,0.16375749367930692,0.16375749367930692,0.16375749367930692,0.16375749367930692,0.16375749367930692,0.16375749367930692,0.16375749367930692,0.16375749367930692,0.16375749367930692,0.16375749367930692,0.16375749367930692,0.16375749367930692,0.16375749367930692,0.16375749367930692,0.16375749367930692,0.16375749367930692,0.16221388390014704,0.16221388390014704,0.16221388390014704,0.16221388390014704,0.16221388390014704,0.16221388390014704,0.16221388390014704,0.16221388390014704,0.16221388390014704,0.16221388390014704,0.16221388390014704,0.16221388390014704,0.16221388390014704,0.16221388390014704,0.16221388390014704,0.16221388390014704,0.16221388390014704,0.16221388390014704,0.16221388390014704,0.16221388390014704,0.16221388390014704,0.16221388390014704,0.16221388390014704,0.16221388390014704,0.16221388390014704,0.16070106700978465,0.16070106700978465,0.16070106700978465,0.16070106700978465,0.16070106700978465,0.16070106700978465,0.16070106700978465,0.16070106700978443,0.16070106700978465,0.16070106700978465,0.16070106700978465,0.16070106700978443,0.16070106700978443,0.16070106700978443,0.16070106700978465,0.16070106700978465,0.16070106700978465,0.16070106700978443,0.16070106700978465,0.16070106700978465,0.16070106700978465,0.16070106700978465,0.16070106700978465,0.16070106700978465,0.16070106700978465,0.15921845138319837,0.1592184513831979,0.1592184513831979,0.1592184513831979,0.15921845138319837,0.1592184513831979,0.15921845138319768,0.15921845138319768,0.15921845138319768,0.1592184513831979,0.1592184513831979,0.15921845138319768,0.15921845138319748,0.15921845138319768,0.1592184513831979,0.1592184513831979,0.15921845138319768,0.15921845138319768,0.15921845138319768,0.1592184513831979,0.15921845138319837,0.1592184513831979,0.1592184513831979,0.1592184513831979,0.15921845138319837,0.15776544616515514,0.15776544616515448,0.15776544616515403,0.15776544616515448,0.15776544616515514,0.15776544616515448,0.15776544616515364,0.15776544616515317,0.15776544616515364,0.15776544616515448,0.15776544616515403,0.15776544616515317,0.15776544616515278,0.15776544616515317,0.15776544616515403,0.15776544616515448,0.15776544616515364,0.15776544616515317,0.15776544616515364,0.15776544616515448,0.15776544616515514,0.15776544616515448,0.15776544616515403,0.15776544616515448,0.15776544616515514,0.15634146248453573,0.15634146248453346,0.156341462484532,0.15634146248453346,0.15634146248453573,0.15634146248453346,0.15634146248453115,0.15634146248452968,0.15634146248453115,0.15634146248453346,0.156341462484532,0.15634146248452968,0.1563414624845282,0.15634146248452968,0.156341462484532,0.15634146248453346,0.15634146248453115,0.15634146248452968,0.15634146248453115,0.15634146248453346,0.15634146248453573,0.15634146248453346,0.156341462484532,0.15634146248453346,0.15634146248453573,0.15494591454139459,0.15494591454138762,0.15494591454138334,0.15494591454138762,0.15494591454139459,0.15494591454138762,0.15494591454138026,0.15494591454137574,0.15494591454138026,0.15494591454138762,0.15494591454138334,0.15494591454137574,0.15494591454137102,0.15494591454137574,0.15494591454138334,0.15494591454138762,0.15494591454138026,0.15494591454137574,0.15494591454138026,0.15494591454138762,0.15494591454139459,0.15494591454138762,0.15494591454138334,0.15494591454138762,0.15494591454139459,0.15357822057647016,0.15357822057644888,0.15357822057643541,0.15357822057644888,0.15357822057647016,0.15357822057644888,0.15357822057642617,0.15357822057641174,0.15357822057642617,0.15357822057644888,0.15357822057643541,0.15357822057641174,0.15357822057639647,0.15357822057641174,0.15357822057643541,0.15357822057644888,0.15357822057642617,0.15357822057641174,0.15357822057642617,0.15357822057644888,0.15357822057647016,0.15357822057644888,0.15357822057643541,0.15357822057644888,0.15357822057647016,0.15223780373230006,0.1522378037322355,0.15223780373219437,0.1522378037322355,0.15223780373230006,0.1522378037322355,0.15223780373216422,0.15223780373211798,0.15223780373216422,0.1522378037322355,0.15223780373219437,0.15223780373211798,0.15223780373206797,0.15223780373211798,0.15223780373219437,0.1522378037322355,0.15223780373216422,0.15223780373211798,0.15223780373216422,0.1522378037322355,0.15223780373230006,0.1522378037322355,0.15223780373219437,0.1522378037322355,0.15223780373230006,0.1509240928145678,0.1509240928143745,0.15092409281424948,0.1509240928143745,0.1509240928145678,0.1509240928143745,0.15092409281415342,0.1509240928140064,0.15092409281415342,0.1509240928143745,0.15092409281424948,0.1509240928140064,0.15092409281384397,0.1509240928140064,0.15092409281424948,0.1509240928143745,0.15092409281415342,0.1509240928140064,0.15092409281415342,0.1509240928143745,0.1509240928145678,0.1509240928143745,0.15092409281424948,0.1509240928143745,0.1509240928145678,0.14963652296180832,0.14963652296124258,0.14963652296086652,0.14963652296124258,0.14963652296180832,0.14963652296124258,0.1496365229605632,0.14963652296009353,0.1496365229605632,0.14963652296124258,0.14963652296086652,0.14963652296009353,0.14963652295954785,0.14963652296009353,0.14963652296086652,0.14963652296124258,0.1496365229605632,0.14963652296009353,0.1496365229605632,0.14963652296124258,0.14963652296180832,0.14963652296124258,0.14963652296086652,0.14963652296124258,0.14963652296180832,0.148374536231169,0.1483745362295611,0.14837453622844504,0.1483745362295611,0.148374536231169,0.1483745362295611,0.1483745362274978,0.1483745362259683,0.1483745362274978,0.1483745362295611,0.14837453622844504,0.1483745362259683,0.14837453622403676,0.1483745362259683,0.14837453622844504,0.1483745362295611,0.1483745362274978,0.1483745362259683,0.1483745362274978,0.1483745362295611,0.148374536231169,0.1483745362295611,0.14837453622844504,0.1483745362295611,0.148374536231169,0.14713758210763336,0.1471375821032656,0.14713758210002484,0.1471375821032656,0.14713758210763336,0.1471375821032656,0.14713758209712505,0.1471375820920319,0.14713758209712505,0.1471375821032656,0.14713758210002484,0.1471375820920319,0.147137582084653,0.1471375820920319,0.14713758210002484,0.1471375821032656,0.14713758209712505,0.1471375820920319,0.14713758209712505,0.1471375821032656,0.14713758210763336,0.1471375821032656,0.14713758210002484,0.1471375821032656,0.14713758210763336,0.14592511794403493,0.14592511793301505,0.1459251179239947,0.14592511793301505,0.14592511794403493,0.14592511793301505,0.14592511791549534,0.14592511789825088,0.14592511791549534,0.14592511793301505,0.1459251179239947,0.14592511789825088,0.14592511786699602,0.14592511789825088,0.1459251179239947,0.14592511793301505,0.14592511791549534,0.14592511789825088,0.14592511791549534,0.14592511793301505,0.14592511794403493,0.14592511793301505,0.1459251179239947,0.14592511793301505,0.14592511794403493,0.14473660933905366,0.14473660931453955,0.14473660929157,0.14473660931453955,0.14473660933905366,0.14473660931453955,0.144736609268881,0.1447366092114354,0.144736609268881,0.14473660931453955,0.14473660929157,0.1447366092114354,0.1447366090618008,0.1447366092114354,0.14473660929157,0.14473660931453955,0.144736609268881,0.1447366092114354,0.144736609268881,0.14473660931453955,0.14473660933905366,0.14473660931453955,0.14473660929157,0.14473660931453955,0.14473660933905366,0.14357153045819168,0.14357153041490373,0.143571530367527,0.14357153041490373,0.14357153045819168,0.14357153041490373,0.14357153031921224,0.14357153015234603,0.14357153031921224,0.14357153041490373,0.143571530367527,0.14357153015234603,0.14357152934034684,0.14357153015234603,0.143571530367527,0.14357153041490373,0.14357153031921224,0.14357153015234603,0.14357153031921224,0.14357153041490373,0.14357153045819168,0.14357153041490373,0.143571530367527,0.14357153041490373,0.14357153045819168,0.1424293642921084,0.14242936424341487,0.14242936419261523,0.14242936424341487,0.1424293642921084,0.14242936424341487,0.1424293641409595,0.14242936398277656,0.1424293641409595,0.14242936424341487,0.14242936419261523,0.14242936398277656,0.1424293633615664,0.14242936398277656,0.14242936419261523,0.14242936424341487,0.1424293641409595,0.14242936398277656,0.1424293641409595,0.14242936424341487,0.1424293642921084,0.14242936424341487,0.14242936419261523,0.14242936424341487,0.1424293642921084,0.14130960283110502,0.14130960278431448,0.14130960273381216,0.14130960278431448,0.14130960283110502,0.14130960278431448,0.1413096026820589,0.1413096025155636,0.1413096026820589,0.14130960278431448,0.14130960273381216,0.1413096025155636,0.14130960181134114,0.1413096025155636,0.14130960273381216,0.14130960278431448,0.1413096026820589,0.1413096025155636,0.1413096026820589,0.14130960278431448,0.14130960283110502,0.14130960278431448,0.14130960273381216,0.14130960278431448,0.14130960283110502,0.14021174724621538,0.14021174721411428,0.1402117471755263,0.14021174721411428,0.14021174724621538,0.14021174721411428,0.14021174713524376,0.14021174698551753,0.14021174713524376,0.14021174721411428,0.1402117471755263,0.14021174698551753,0.1402117462321986,0.14021174698551753,0.1402117471755263,0.14021174721411428,0.14021174713524376,0.14021174698551753,0.14021174713524376,0.14021174721411428,0.14021174724621538,0.14021174721411428,0.1402117471755263,0.14021174721411428,0.14021174724621538,0.13913530800683602,0.13913530801143295,0.1391353080132557,0.13913530801143295,0.13913530800683602,0.13913530801143295,0.1391353080143824,0.13913530800765822,0.1391353080143824,0.13913530801143295,0.1391353080132557,0.13913530800765822,0.1391353079585137,0.13913530800765822,0.1391353080132557,0.13913530801143295,0.1391353080143824,0.13913530800765822,0.1391353080143824,0.13913530801143295,0.13913530800683602,0.13913530801143295,0.1391353080132557,0.13913530801143295,0.13913530800683602,0.13807980495456884,0.1380798050056305,0.13807980505808595,0.1380798050056305,0.13807980495456884,0.1380798050056305,0.13807980511156454,0.13807980526069888,0.13807980511156454,0.1380798050056305,0.13807980505808595,0.13807980526069888,0.13807980569032605,0.13807980526069888,0.13807980505808595,0.1380798050056305,0.13807980511156454,0.13807980526069888,0.13807980511156454,0.1380798050056305,0.13807980495456884,0.1380798050056305,0.13807980505808595,0.1380798050056305,0.13807980495456884,0.137044767388786,0.13704476748153768,0.13704476759521056,0.13704476748153768,0.137044767388786,0.13704476748153768,0.1370447677133764,0.1370447681830826,0.1370447677133764,0.13704476748153768,0.13704476759521056,0.1370447681830826,0.13704477079780555,0.1370447681830826,0.13704476759521056,0.13704476748153768,0.1370447677133764,0.1370447681830826,0.1370447677133764,0.13704476748153768,0.137044767388786,0.13704476748153768,0.13704476759521056,0.13704476748153768,0.137044767388786,0.1360297341281403,0.13602973419374081,0.13602973425823509,0.13602973419374081,0.1360297341281403,0.13602973419374081,0.13602973432305684,0.13602973449667805,0.13602973432305684,0.13602973419374065,0.13602973425823509,0.13602973449667805,0.136029734979735,0.13602973449667805,0.13602973425823509,0.13602973419374081,0.13602973432305684,0.13602973449667805,0.13602973432305684,0.13602973419374081,0.1360297341281403,0.13602973419374065,0.13602973425823509,0.13602973419374081,0.1360297341281403,0.1350342536485175,0.13503425368977867,0.13503425372391098,0.13503425368977867,0.1350342536485175,0.13503425368977867,0.13503425375635175,0.1350342538224984,0.13503425375635175,0.13503425368977867,0.13503425372391098,0.1350342538224984,0.13503425394299212,0.1350342538224984,0.13503425372391098,0.13503425368977867,0.13503425375635175,0.1350342538224984,0.13503425375635175,0.13503425368977867,0.1350342536485175,0.13503425368977867,0.13503425372391098,0.13503425368977867,0.1350342536485175
0.1653324873917302,0.1653324873917302,0.1653324873917302,0.1653324873917302,0.1653324873917302,0.1653324873917302,0.1653324873917302,0.1653324873917302,0.1653324873917302,0.1653324873917302,0.1653324873917302,0.1653324873917302,0.1653324873917302,0.1653324873917302,0.1653324873917302,0.1653324873917302,0.1653324873917302,0.1653324873917302,0.1653324873917302,0.1653324873917302,0.1653324873917302,0.1653324873917302,0.1653324873917302,0.1653324873917302,0.1653324873917302,0.16375749368078438,0.16375749368078438,0.16375749368078438,0.16375749368078438,0.16375749368078438,0.16375749368078438,0.16375749368078438,0.16375749368078438,0.16375749368078438,0.16375749368078438,0.16375749368078438,0.16375749368078438,0.16375749368078438,0.16375749368078438,0.16375749368078438,0.16375749368078438,0.16375749368078438,0.16375749368078438,0.16375749368078438,0.16375749368078438,0.16375749368078438,0.16375749368078438,0.16375749368078438,0.16375749368078438,0.16375749368078438,0.16221388390159777,0.16221388390159777,0.16221388390159755,0.16221388390159777,0.16221388390159777,0.16221388390159777,0.16221388390159755,0.16221388390159755,0.16221388390159755,0.16221388390159777,0.16221388390159755,0.16221388390159755,0.16221388390159755,0.16221388390159755,0.16221388390159755,0.16221388390159777,0.16221388390159755,0.16221388390159755,0.16221388390159755,0.16221388390159777,0.16221388390159777,0.16221388390159777,0.16221388390159755,0.16221388390159777,0.16221388390159777,0.16070106701121023,0.16070106701121023,0.16070106701121023,0.16070106701121023,0.16070106701121023,0.16070106701121023,0.16070106701121023,0.16070106701120998,0.16070106701121023,0.16070106701121023,0.16070106701121023,0.16070106701120998,0.16070106701120998,0.16070106701120998,0.16070106701121023,0.16070106701121023,0.16070106701121023,0.16070106701120998,0.16070106701121023,0.16070106701121023,0.16070106701121023,0.16070106701121023,0.16070106701121023,0.16070106701121023,0.16070106701121023,0.15921845138460045,0.15921845138460022,0.1592184513846,0.15921845138460022,0.15921845138460045,0.15921845138460022,0.1592184513846,0.15921845138459978,0.1592184513846,0.15921845138460022,0.1592184513846,0.15921845138459978,0.15921845138459978,0.15921845138459978,0.1592184513846,0.15921845138460022,0.1592184513846,0.15921845138459978,0.1592184513846,0.15921845138460022,0.15921845138460045,0.15921845138460022,0.1592184513846,0.15921845138460022,0.15921845138460045,0.15776544616653584,0.15776544616653518,0.15776544616653476,0.15776544616653518,0.15776544616653584,0.15776544616653518,0.15776544616653435,0.1577654461665339,0.15776544616653435,0.15776544616653518,0.15776544616653476,0.1577654461665339,0.15776544616653349,0.1577654461665339,0.15776544616653476,0.15776544616653518,0.15776544616653435,0.1577654461665339,0.15776544616653435,0.15776544616653518,0.15776544616653584,0.15776544616653518,0.15776544616653476,0.15776544616653518,0.15776544616653584,0.15634146248589662,0.1563414624858943,0.15634146248589306,0.1563414624858943,0.15634146248589662,0.1563414624858943,0.156341462485892,0.15634146248589056,0.156341462485892,0.1563414624858943,0.15634146248589306,0.15634146248589056,0.1563414624858891,0.15634146248589056,0.15634146248589306,0.1563414624858943,0.156341462485892,0.15634146248589056,0.156341462485892,0.1563414624858943,0.15634146248589662,0.1563414624858943,0.15634146248589306,0.1563414624858943,0.15634146248589662,0.1549459145427375,0.15494591454273057,0.15494591454272624,0.15494591454273057,0.1549459145427375,0.15494591454273057,0.15494591454272336,0.15494591454271886,0.15494591454272336,0.15494591454273057,0.15494591454272624,0.15494591454271886,0.15494591454271417,0.15494591454271886,0.15494591454272624,0.15494591454273057,0.15494591454272336,0.15494591454271886,0.15494591454272336,0.15494591454273057,0.1549459145427375,0.15494591454273057,0.15494591454272624,0.15494591454273057,0.1549459145427375,0.15357822057779671,0.15357822057777565,0.1535782205777622,0.15357822057777565,0.15357822057779671,0.15357822057777565,0.15357822057775294,0.1535782205777387,0.15357822057775294,0.15357822057777565,0.1535782205777622,0.1535782205777387,0.15357822057772344,0.1535782205777387,0.1535782205777622,0.15357822057777565,0.15357822057775294,0.1535782205777387,0.15357822057775294,0.15357822057777565,0.15357822057779671,0.15357822057777565,0.1535782205777622,0.15357822057777565,0.15357822057779671,0.1522378037336118,0.15223780373354742,0.15223780373350648,0.15223780373354742,0.1522378037336118,0.15223780373354742,0.15223780373347678,0.1522378037334309,0.15223780373347678,0.15223780373354742,0.15223780373350648,0.1522378037334309,0.1522378037333813,0.1522378037334309,0.15223780373350648,0.15223780373354742,0.15223780373347678,0.1522378037334309,0.15223780373347678,0.15223780373354742,0.1522378037336118,0.15223780373354742,0.15223780373350648,0.15223780373354742,0.1522378037336118,0.1509240928158652,0.15092409281567304,0.1509240928155486,0.15092409281567304,0.1509240928158652,0.15092409281567304,0.1509240928154533,0.1509240928153069,0.1509240928154533,0.15092409281567304,0.1509240928155486,0.1509240928153069,0.1509240928151454,0.1509240928153069,0.1509240928155486,0.15092409281567304,0.1509240928154533,0.1509240928153069,0.1509240928154533,0.15092409281567304,0.1509240928158652,0.15092409281567304,0.1509240928155486,0.15092409281567304,0.1509240928158652,0.14963652296309107,0.1496365229625282,0.14963652296215418,0.1496365229625282,0.14963652296309107,0.1496365229625282,0.14963652296185237,0.14963652296138516,0.14963652296185237,0.1496365229625282,0.14963652296215418,0.14963652296138516,0.14963652296084248,0.14963652296138516,0.14963652296215418,0.1496365229625282,0.14963652296185237,0.14963652296138516,0.14963652296185237,0.1496365229625282,0.14963652296309107,0.1496365229625282,0.14963652296215418,0.1496365229625282,0.14963652296309107,0.1483745362324322,0.14837453623083244,0.14837453622972196,0.14837453623083244,0.1483745362324322,0.14837453623083244,0.14837453622877972,0.14837453622725838,0.14837453622877972,0.14837453623083244,0.14837453622972196,0.14837453622725838,0.14837453622533742,0.14837453622725838,0.14837453622972196,0.14837453623083244,0.14837453622877972,0.14837453622725838,0.14837453622877972,0.14837453623083244,0.1483745362324322,0.14837453623083244,0.14837453622972196,0.14837453623083244,0.1483745362324322,0.14713758210886152,0.14713758210451502,0.14713758210129063,0.14713758210451502,0.14713758210886152,0.14713758210451502,0.14713758209840572,0.14713758209333985,0.14713758209840572,0.14713758210451502,0.14713758210129063,0.14713758209333985,0.14713758208600253,0.14713758209333985,0.14713758210129063,0.14713758210451502,0.14713758209840572,0.14713758209333985,0.14713758209840572,0.14713758210451502,0.14713758210886152,0.14713758210451502,0.14713758210129063,0.14713758210451502,0.14713758210886152,0.1459251179451845,0.14592511793421595,0.14592511792524027,0.14592511793421595,0.1459251179451845,0.14592511793421595,0.145925117916784,0.1459251178996325,0.145925117916784,0.14592511793421595,0.14592511792524027,0.1459251178996325,0.14592511786855888,0.1459251178996325,0.14592511792524027,0.14592511793421595,0.145925117916784,0.1459251178996325,0.145925117916784,0.14592511793421595,0.1459251179451845,0.14592511793421595,0.14592511792524027,0.14592511793421595,0.1459251179451845,0.1447366093400172,0.14473660931560867,0.14473660929274754,0.14473660931560867,0.1447366093400172,0.14473660931560867,0.14473660927016826,0.1447366092130308,0.14473660927016826,0.14473660931560867,0.14473660929274754,0.1447366092130308,0.14473660906429076,0.1447366092130308,0.14473660929274754,0.14473660931560867,0.14473660927016826,0.1447366092130308,0.14473660927016826,0.14473660931560867,0.1447366093400172,0.14473660931560867,0.14473660929274754,0.14473660931560867,0.1447366093400172,0.14357153045874918,0.14357153041561127,0.1435715303684272,0.14357153041561127,0.14357153045874918,0.14357153041561127,0.14357153032031386,0.14357153015429533,0.14357153032031386,0.14357153041561127,0.1435715303684272,0.14357153015429533,0.14357152934726236,0.14357153015429533,0.1435715303684272,0.14357153041561127,0.14357153032031386,0.14357153015429533,0.14357153032031386,0.14357153041561127,0.14357153045874918,0.14357153041561127,0.1435715303684272,0.14357153041561127,0.14357153045874918,0.1424293642919432,0.14242936424330466,0.14242936419254879,0.14242936424330466,0.1424293642919432,0.14242936424330466,0.14242936414093568,0.14242936398278547,0.14242936414093568,0.14242936424330466,0.14242936419254879,0.14242936398278547,0.1424293633609749,0.14242936398278547,0.14242936419254879,0.14242936424330466,0.14242936414093568,0.14242936398278547,0.14242936414093568,0.14242936424330466,0.1424293642919432,0.14242936424330466,0.14242936419254879,0.14242936424330466,0.1424293642919432,0.1413096028300929,0.14130960278329713,0.14130960273277735,0.14130960278329713,0.1413096028300929,0.14130960278329713,0.14130960268100384,0.14130960251438965,0.14130960268100384,0.14130960278329713,0.14130960273277735,0.14130960251438965,0.14130960180941293,0.14130960251438965,0.14130960273277735,0.14130960278329713,0.14130960268100384,0.14130960251438965,0.14130960268100384,0.14130960278329713,0.1413096028300929,0.14130960278329713,0.14130960273277735,0.14130960278329713,0.1413096028300929,0.1402117472443539,0.1402117472122278,0.14021174717361595,0.1402117472122278,0.1402117472443539,0.1402117472122278,0.14021174713330933,0.1402117469835241,0.14021174713330933,0.1402117472122278,0.14021174717361595,0.1402117469835241,0.1402117462300844,0.1402117469835241,0.14021174717361595,0.1402117472122278,0.14021174713330933,0.1402117469835241,0.14021174713330933,0.1402117472122278,0.1402117472443539,0.1402117472122278,0.14021174717361595,0.1402117472122278,0.1402117472443539,0.139135308004163,0.13913530800871107,0.1391353080104919,0.13913530800871107,0.139135308004163,0.13913530800871107,0.13913530801157795,0.13913530800476917,0.13913530801157795,0.13913530800871107,0.1391353080104919,0.13913530800476917,0.1391353079554647,0.13913530800476917,0.1391353080104919,0.13913530800871107,0.13913530801157795,0.13913530800476917,0.13913530801157795,0.13913530800871107,0.139135308004163,0.13913530800871107,0.1391353080104919,0.13913530800871107,0.139135308004163,0.13807980495117078,0.138079805002136,0.13807980505449674,0.138079805002136,0.13807980495117078,0.138079805002136,0.13807980510787982,0.13807980525675975,0.13807980510787982,0.138079805002136,0.13807980505449674,0.13807980525675975,0.13807980568568531,0.13807980525675975,0.13807980505449674,0.138079805002136,0.13807980510787982,0.13807980525675975,0.13807980510787982,0.138079805002136,0.13807980495117078,0.138079805002136,0.13807980505449674,0.138079805002136,0.13807980495117078,0.137044767384848,0.13704476747745128,0.13704476759094614,0.13704476747745128,0.137044767384848,0.13704476747745128,0.13704476770892768,0.1370447681779123,0.13704476770892768,0.13704476747745128,0.13704476759094614,0.1370447681779123,0.13704477078864893,0.1370447681779123,0.13704476759094614,0.13704476747745128,0.13704476770892768,0.1370447681779123,0.13704476770892768,0.13704476747745128,0.137044767384848,0.13704476747745128,0.13704476759094614,0.13704476747745128,0.137044767384848,0.13602973412395591,0.13602973418945385,0.13602973425384843,0.13602973418945385,0.13602973412395591,0.13602973418945385,0.13602973431857007,0.136029734491925,0.13602973431857007,0.13602973418945385,0.13602973425384843,0.136029734491925,0.13602973497424506,0.136029734491925,0.13602973425384843,0.13602973418945385,0.13602973431857007,0.136029734491925,0.13602973431857007,0.13602973418945385,0.13602973412395591,0.13602973418945385,0.13602973425384843,0.13602973418945385,0.13602973412395591,0.13503425364428914,0.1350342536854864,0.13503425371956607,0.1350342536854864,0.13503425364428914,0.1350342536854864,0.13503425375195682,0.13503425381800183,0.13503425375195682,0.1350342536854864,0.13503425371956607,0.13503425381800183,0.13503425393831142,0.13503425381800183,0.13503425371956607,0.1350342536854864,0.13503425375195682,0.13503425381800183,0.13503425375195682,0.1350342536854864,0.13503425364428914,0.1350342536854864,0.13503425371956607,0.1350342536854864,0.13503425364428914
0.16533248739339604,0.16533248739339604,0.16533248739339604,0.16533248739339604,0.16533248739339604,0.16533248739339604,0.16533248739339604,0.16533248739339604,0.16533248739339604,0.16533248739339604,0.16533248739339604,0.16533248739339604,0.16533248739339604,0.16533248739339604,0.16533248739339604,0.16533248739339604,0.16533248739339604,0.16533248739339604,0.16533248739339604,0.16533248739339604,0.16533248739339604,0.16533248739339604,0.16533248739339604,0.16533248739339604,0.16533248739339604,0.16375749368241868,0.16375749368241846,0.16375749368241846,0.16375749368241846,0.16375749368241846,0.16375749368241846,0.16375749368241846,0.16375749368241846,0.16375749368241846,0.16375749368241846,0.16375749368241846,0.16375749368241846,0.16375749368241846,0.16375749368241846,0.16375749368241846,0.16375749368241846,0.16375749368241846,0.16375749368241846,0.16375749368241846,0.16375749368241846,0.16375749368241846,0.16375749368241846,0.16375749368241846,0.16375749368241846,0.16375749368241868,0.16221388390320174,0.16221388390320174,0.16221388390320174,0.16221388390320174,0.16221388390320174,0.16221388390320174,0.16221388390320174,0.16221388390320174,0.16221388390320174,0.16221388390320174,0.16221388390320174,0.16221388390320174,0.16221388390320174,0.16221388390320174,0.16221388390320174,0.16221388390320174,0.16221388390320174,0.16221388390320174,0.16221388390320174,0.16221388390320174,0.16221388390320174,0.16221388390320174,0.16221388390320174,0.16221388390320174,0.16221388390320174,0.16070106701278616,0.16070106701278616,0.16070106701278594,0.16070106701278616,0.16070106701278616,0.16070106701278616,0.16070106701278594,0.16070106701278594,0.16070106701278594,0.16070106701278616,0.16070106701278594,0.16070106701278594,0.16070106701278594,0.16070106701278594,0.16070106701278594,0.16070106701278616,0.16070106701278594,0.16070106701278594,0.16070106701278594,0.16070106701278616,0.16070106701278616,0.16070106701278616,0.16070106701278594,0.16070106701278616,0.16070106701278616,0.15921845138614993,0.1592184513861497,0.1592184513861497,0.1592184513861497,0.15921845138614993,0.1592184513861497,0.1592184513861495,0.1592184513861493,0.1592184513861495,0.1592184513861497,0.1592184513861497,0.1592184513861493,0.1592184513861493,0.1592184513861493,0.1592184513861497,0.1592184513861497,0.1592184513861495,0.1592184513861493,0.1592184513861495,0.1592184513861497,0.15921845138614993,0.1592184513861497,0.1592184513861497,0.1592184513861497,0.15921845138614993,0.1577654461680608,0.15776544616806012,0.15776544616805968,0.15776544616806012,0.1577654461680608,0.15776544616806012,0.15776544616805946,0.15776544616805885,0.15776544616805946,0.15776544616806012,0.15776544616805968,0.15776544616805885,0.1577654461680584,0.15776544616805885,0.15776544616805968,0.15776544616806012,0.15776544616805946,0.15776544616805885,0.15776544616805946,0.15776544616806012,0.1577654461680608,0.15776544616806012,0.15776544616805968,0.15776544616806012,0.1577654461680608,0.15634146248739886,0.15634146248739675,0.15634146248739528,0.15634146248739675,0.15634146248739886,0.15634146248739675,0.15634146248739444,0.156341462487393,0.15634146248739444,0.15634146248739675,0.15634146248739528,0.156341462487393,0.15634146248739153,0.156341462487393,0.15634146248739528,0.15634146248739675,0.15634146248739444,0.156341462487393,0.15634146248739444,0.15634146248739675,0.15634146248739886,0.15634146248739675,0.15634146248739528,0.15634146248739675,0.15634146248739886,0.15494591454421897,0.154945914544212,0.1549459145442077,0.154945914544212,0.15494591454421897,0.154945914544212,0.15494591454420484,0.15494591454420029,0.15494591454420484,0.154945914544212,0.1549459145442077,0.15494591454420029,0.1549459145441956,0.15494591454420029,0.1549459145442077,0.154945914544212,0.15494591454420484,0.15494591454420029,0.15494591454420484,0.154945914544212,0.15494591454421897,0.154945914544212,0.1549459145442077,0.154945914544212,0.15494591454421897,0.1535782205792591,0.15357822057923798,0.1535782205792247,0.15357822057923798,0.1535782205792591,0.15357822057923798,0.15357822057921547,0.15357822057920126,0.15357822057921547,0.15357822057923798,0.1535782205792247,0.15357822057920126,0.15357822057918616,0.15357822057920126,0.1535782205792247,0.15357822057923798,0.15357822057921547,0.15357822057920126,0.15357822057921547,0.15357822057923798,0.1535782205792591,0.15357822057923798,0.1535782205792247,0.15357822057923798,0.1535782205792591,0.1522378037350562,0.15223780373499224,0.1522378037349515,0.15223780373499224,0.1522378037350562,0.15223780373499224,0.15223780373492213,0.1522378037348765,0.15223780373492213,0.15223780373499224,0.1522378037349515,0.1522378037348765,0.1522378037348273,0.1522378037348765,0.1522378037349515,0.15223780373499224,0.15223780373492213,0.1522378037348765,0.15223780373492213,0.15223780373499224,0.1522378037350562,0.15223780373499224,0.1522378037349515,0.15223780373499224,0.1522378037350562,0.1509240928172926,0.15092409281710162,0.15092409281697794,0.15092409281710162,0.1509240928172926,0.15092409281710162,0.15092409281688324,0.15092409281673758,0.15092409281688324,0.15092409281710162,0.15092409281697794,0.15092409281673758,0.15092409281657707,0.15092409281673758,0.15092409281697794,0.15092409281710162,0.15092409281688324,0.15092409281673758,0.15092409281688324,0.15092409281710162,0.1509240928172926,0.15092409281710162,0.15092409281697794,0.15092409281710162,0.1509240928172926,0.1496365229645005,0.149636522963941,0.14963652296356889,0.149636522963941,0.1496365229645005,0.149636522963941,0.149636522963269,0.14963652296280464,0.149636522963269,0.149636522963941,0.14963652296356889,0.14963652296280464,0.14963652296226515,0.14963652296280464,0.14963652296356889,0.149636522963941,0.149636522963269,0.14963652296280464,0.149636522963269,0.149636522963941,0.1496365229645005,0.149636522963941,0.14963652296356889,0.149636522963941,0.1496365229645005,0.14837453623381847,0.1483745362322276,0.1483745362311234,0.1483745362322276,0.14837453623381847,0.1483745362322276,0.14837453623018695,0.14837453622867447,0.14837453623018695,0.1483745362322276,0.1483745362311234,0.14837453622867447,0.14837453622676539,0.14837453622867447,0.1483745362311234,0.1483745362322276,0.14837453623018695,0.14837453622867447,0.14837453623018695,0.1483745362322276,0.14837453623381847,0.1483745362322276,0.1483745362311234,0.1483745362322276,0.14837453623381847,0.1471375821102069,0.14713758210588418,0.14713758210267794,0.14713758210588418,0.1471375821102069,0.14713758210588418,0.14713758209980993,0.14713758209477457,0.14713758209980993,0.14713758210588418,0.14713758210267794,0.14713758209477457,0.1471375820874834,0.14713758209477457,0.14713758210267794,0.14713758210588418,0.14713758209980993,0.14713758209477457,0.14713758209980993,0.14713758210588418,0.1471375821102069,0.14713758210588418,0.14713758210267794,0.14713758210588418,0.1471375821102069,0.14592511794644042,0.1459251179355295,0.1459251179266035,0.1459251179355295,0.14592511794644042,0.1459251179355295,0.14592511791819535,0.14592511790114765,0.14592511791819535,0.1459251179355295,0.1459251179266035,0.14592511790114765,0.1459251178702765,0.14592511790114765,0.1459251179266035,0.1459251179355295,0.14592511791819535,0.14592511790114765,0.14592511791819535,0.1459251179355295,0.14592511794644042,0.1459251179355295,0.1459251179266035,0.1459251179355295,0.14592511794644042,0.14473660934106433,0.14473660931677326,0.14473660929403256,0.14473660931677326,0.14473660934106433,0.14473660931677326,0.14473660927157603,0.14473660921478274,0.14473660927157603,0.14473660931677326,0.14473660929403256,0.14473660921478274,0.14473660906704341,0.14473660921478274,0.14473660929403256,0.14473660931677326,0.14473660927157603,0.14473660921478274,0.14473660927157603,0.14473660931677326,0.14473660934106433,0.14473660931677326,0.14473660929403256,0.14473660931677326,0.14473660934106433,0.14357153045934173,0.1435715304163705,0.14357153036940085,0.1435715304163705,0.14357153045934173,0.1435715304163705,0.14357153032151165,0.1435715301564392,0.14357153032151165,0.1435715304163705,0.14357153036940085,0.1435715301564392,0.14357152935497905,0.1435715301564392,0.14357153036940085,0.1435715304163705,0.14357153032151165,0.1435715301564392,0.14357153032151165,0.1435715304163705,0.14357153045934173,0.1435715304163705,0.14357153036940085,0.1435715304163705,0.14357153045934173,0.14242936429173064,0.1424293642431503,0.14242936419243973,0.1424293642431503,0.14242936429173064,0.1424293642431503,0.14242936414087093,0.14242936398274722,0.14242936414087093,0.1424293642431503,0.14242936419243973,0.14242936398274722,0.14242936336018816,0.14242936398274722,0.14242936419243973,0.1424293642431503,0.14242936414087093,0.14242936398274722,0.14242936414087093,0.1424293642431503,0.14242936429173064,0.1424293642431503,0.14242936419243973,0.1424293642431503,0.14242936429173064,0.14130960282894311,0.14130960278213647,0.14130960273159138,0.14130960278213647,0.14130960282894311,0.14130960278213647,0.14130960267978943,0.14130960251302274,0.14130960267978943,0.14130960278213647,0.14130960273159138,0.14130960251302274,0.14130960180715302,0.14130960251302274,0.14130960273159138,0.14130960278213647,0.14130960267978943,0.14130960251302274,0.14130960267978943,0.14130960278213647,0.14130960282894311,0.14130960278213647,0.14130960273159138,0.14130960278213647,0.14130960282894311,0.140211747242275,0.14021174721011587,0.14021174717147145,0.14021174721011587,0.140211747242275,0.14021174721011587,0.1402117471311321,0.1402117469812572,0.1402117471311321,0.14021174721011587,0.14021174717147145,0.1402117469812572,0.14021174622752564,0.1402117469812572,0.14021174717147145,0.14021174721011587,0.1402117471311321,0.1402117469812572,0.1402117471311321,0.14021174721011587,0.140211747242275,0.14021174721011587,0.14021174717147145,0.14021174721011587,0.140211747242275,0.13913530800120755,0.13913530800569998,0.13913530800743273,0.13913530800569998,0.13913530800120755,0.13913530800569998,0.13913530800847215,0.13913530800156393,0.13913530800847215,0.13913530800569998,0.13913530800743273,0.13913530800156393,0.13913530795206575,0.13913530800156393,0.13913530800743273,0.13913530800569998,0.13913530800847215,0.13913530800156393,0.13913530800847215,0.13913530800569998,0.13913530800120755,0.13913530800569998,0.13913530800743273,0.13913530800569998,0.13913530800120755,0.1380798049474391,0.1380798049983,0.13807980505055822,0.1380798049983,0.1380798049474391,0.1380798049983,0.13807980510383835,0.13807980525244445,0.13807980510383835,0.1380798049983,0.13807980505055822,0.13807980525244445,0.13807980568061842,0.13807980525244445,0.13807980505055822,0.1380798049983,0.13807980510383835,0.13807980525244445,0.13807980510383835,0.1380798049983,0.1380798049474391,0.1380798049983,0.13807980505055822,0.1380798049983,0.1380798049474391,0.13704476738054036,0.13704476747298497,0.1370447675862896,0.13704476747298497,0.13704476738054036,0.13704476747298497,0.1370447677040746,0.13704476817228986,0.1370447677040746,0.13704476747298497,0.1370447675862896,0.13704476817228986,0.13704477077880253,0.13704476817228986,0.1370447675862896,0.13704476747298497,0.1370447677040746,0.13704476817228986,0.1370447677040746,0.13704476747298497,0.13704476738054036,0.13704476747298497,0.1370447675862896,0.13704476747298497,0.13704476738054036,0.13602973411938685,0.13602973418477549,0.13602973424906345,0.13602973418477549,0.13602973411938685,0.13602973418477549,0.13602973431367835,0.13602973448674935,0.13602973431367835,0.13602973418477549,0.13602973424906345,0.13602973448674935,0.13602973496828422,0.13602973448674935,0.13602973424906345,0.13602973418477549,0.13602973431367835,0.13602973448674935,0.13602973431367835,0.13602973418477549,0.13602973411938685,0.13602973418477549,0.13602973424906345,0.13602973418477549,0.13602973411938699,0.13503425363967503,0.135034253680804,0.13503425371482736,0.135034253680804,0.13503425363967503,0.135034253680804,0.13503425374716488,0.13503425381310166,0.13503425374716488,0.135034253680804,0.13503425371482736,0.13503425381310166,0.135034253933215,0.13503425381310166,0.13503425371482736,0.135034253680804,0.13503425374716488,0.13503425381310166,0.13503425374716488,0.135034253680804,0.13503425363967503,0.135034253680804,0.13503425371482736,0.135034253680804,0.13503425363967503
0.16533248739521952,0.16533248739521952,0.16533248739521952,0.16533248739521952,0.16533248739521952,0.16533248739521952,0.16533248739521952,0.16533248739521952,0.16533248739521952,0.16533248739521952,0.16533248739521952,0.16533248739521952,0.16533248739521952,0.16533248739521952,0.16533248739521952,0.16533248739521952,0.16533248739521952,0.16533248739521952,0.16533248739521952,0.16533248739521952,0.16533248739521952,0.16533248739521952,0.16533248739521952,0.16533248739521952,0.16533248739521952,0.163757493684207,0.163757493684207,0.163757493684207,0.163757493684207,0.163757493684207,0.163757493684207,0.163757493684207,0.163757493684207,0.163757493684207,0.163757493684207,0.163757493684207,0.163757493684207,0.163757493684207,0.163757493684207,0.163757493684207,0.163757493684207,0.163757493684207,0.163757493684207,0.163757493684207,0.163757493684207,0.163757493684207,0.163757493684207,0.163757493684207,0.163757493684207,0.16375749368420722,0.16221388390495733,0.16221388390495733,0.16221388390495733,0.16221388390495733,0.16221388390495733,0.16221388390495733,0.1622138839049571,0.1622138839049571,0.1622138839049571,0.16221388390495733,0.16221388390495733,0.1622138839049571,0.1622138839049571,0.1622138839049571,0.16221388390495733,0.16221388390495733,0.1622138839049571,0.1622138839049571,0.1622138839049571,0.16221388390495733,0.16221388390495733,0.16221388390495733,0.16221388390495733,0.16221388390495733,0.16221388390495733,0.1607010670145105,0.16070106701451028,0.16070106701451028,0.16070106701451028,0.1607010670145105,0.16070106701451028,0.16070106701451028,0.16070106701451028,0.16070106701451028,0.16070106701451028,0.16070106701451028,0.16070106701451028,0.16070106701451028,0.16070106701451028,0.16070106701451028,0.16070106701451028,0.16070106701451028,0.16070106701451028,0.16070106701451028,0.16070106701451028,0.1607010670145105,0.16070106701451028,0.16070106701451028,0.16070106701451028,0.1607010670145105,0.15921845138784488,0.15921845138784463,0.15921845138784443,0.15921845138784463,0.15921845138784488,0.15921845138784463,0.15921845138784443,0.15921845138784418,0.15921845138784443,0.15921845138784463,0.15921845138784443,0.15921845138784418,0.15921845138784418,0.15921845138784418,0.15921845138784443,0.15921845138784463,0.15921845138784443,0.15921845138784418,0.15921845138784443,0.15921845138784463,0.15921845138784488,0.15921845138784463,0.15921845138784443,0.15921845138784463,0.15921845138784488,0.15776544616972824,0.15776544616972762,0.15776544616972715,0.15776544616972762,0.15776544616972824,0.15776544616972762,0.15776544616972676,0.15776544616972632,0.15776544616972676,0.15776544616972762,0.15776544616972715,0.15776544616972632,0.15776544616972588,0.15776544616972632,0.15776544616972715,0.15776544616972762,0.15776544616972676,0.15776544616972632,0.15776544616972676,0.15776544616972762,0.15776544616972824,0.15776544616972762,0.15776544616972715,0.15776544616972762,0.15776544616972824,0.15634146248904074,0.15634146248903844,0.1563414624890372,0.15634146248903844,0.15634146248904074,0.15634146248903844,0.15634146248903616,0.1563414624890349,0.15634146248903616,0.15634146248903844,0.1563414624890372,0.1563414624890349,0.15634146248903344,0.1563414624890349,0.1563414624890372,0.15634146248903844,0.15634146248903616,0.1563414624890349,0.15634146248903616,0.15634146248903844,0.15634146248904074,0.15634146248903844,0.1563414624890372,0.15634146248903844,0.15634146248904074,0.1549459145458369,0.15494591454583015,0.15494591454582585,0.15494591454583015,0.1549459145458369,0.15494591454583015,0.154945914545823,0.15494591454581846,0.154945914545823,0.15494591454583015,0.15494591454582585,0.15494591454581846,0.15494591454581397,0.15494591454581846,0.15494591454582585,0.15494591454583015,0.154945914545823,0.15494591454581846,0.154945914545823,0.15494591454583015,0.1549459145458369,0.15494591454583015,0.15494591454582585,0.15494591454583015,0.1549459145458369,0.15357822058085496,0.1535782205808341,0.15357822058082085,0.1535782205808341,0.15357822058085496,0.1535782205808341,0.1535782205808118,0.15357822058079754,0.1535782205808118,0.1535782205808341,0.15357822058082085,0.15357822058079754,0.1535782205807827,0.15357822058079754,0.15357822058082085,0.1535782205808341,0.1535782205808118,0.15357822058079754,0.1535782205808118,0.1535782205808341,0.15357822058085496,0.1535782205808341,0.15357822058082085,0.1535782205808341,0.15357822058085496,0.1522378037366315,0.15223780373656792,0.1522378037365276,0.15223780373656792,0.15223780373663132,0.15223780373656792,0.15223780373649845,0.15223780373645318,0.15223780373649845,0.15223780373656792,0.1522378037365276,0.15223780373645318,0.15223780373640436,0.15223780373645318,0.1522378037365276,0.15223780373656792,0.15223780373649845,0.15223780373645318,0.15223780373649845,0.15223780373656792,0.15223780373663132,0.15223780373656792,0.1522378037365276,0.15223780373656792,0.15223780373663132,0.15092409281884792,0.1509240928186583,0.1509240928185352,0.1509240928186583,0.15092409281884792,0.1509240928186583,0.15092409281844144,0.15092409281829675,0.15092409281844144,0.1509240928186583,0.1509240928185352,0.15092409281829675,0.15092409281813718,0.15092409281829675,0.1509240928185352,0.1509240928186583,0.15092409281844144,0.15092409281829675,0.15092409281844144,0.1509240928186583,0.15092409281884792,0.1509240928186583,0.1509240928185352,0.1509240928186583,0.15092409281884792,0.1496365229660349,0.14963652296547883,0.14963652296510935,0.14963652296547883,0.1496365229660349,0.14963652296547883,0.14963652296481136,0.14963652296434998,0.14963652296481136,0.14963652296547883,0.14963652296510935,0.14963652296434998,0.14963652296381413,0.14963652296434998,0.14963652296510935,0.14963652296547883,0.14963652296481136,0.14963652296434998,0.14963652296481136,0.14963652296547883,0.1496365229660349,0.14963652296547883,0.14963652296510935,0.14963652296547883,0.1496365229660349,0.1483745362353258,0.14837453623374472,0.14837453623264776,0.14837453623374472,0.1483745362353258,0.14837453623374472,0.1483745362317172,0.14837453623021474,0.1483745362317172,0.14837453623374472,0.14837453623264776,0.14837453623021474,0.1483745362283188,0.14837453623021474,0.14837453623264776,0.14837453623374472,0.1483745362317172,0.14837453623021474,0.1483745362317172,0.14837453623374472,0.1483745362353258,0.14837453623374472,0.14837453623264776,0.14837453623374472,0.1483745362353258,0.14713758211166794,0.1471375821073714,0.14713758210418532,0.1471375821073714,0.14713758211166794,0.1471375821073714,0.14713758210133585,0.1471375820963339,0.14713758210133585,0.1471375821073714,0.14713758210418532,0.1471375820963339,0.14713758208909397,0.1471375820963339,0.14713758210418532,0.1471375821073714,0.14713758210133585,0.1471375820963339,0.14713758210133585,0.1471375821073714,0.14713758211166794,0.1471375821073714,0.14713758210418532,0.1471375821073714,0.14713758211166794,0.14592511794780133,0.14592511793695367,0.14592511792808252,0.14592511793695367,0.14592511794780133,0.14592511793695367,0.14592511791972756,0.1459251179027944,0.14592511791972756,0.14592511793695367,0.14592511792808252,0.1459251179027944,0.1459251178721467,0.1459251179027944,0.14592511792808252,0.14592511793695367,0.14592511791972756,0.1459251179027944,0.14592511791972756,0.14592511793695367,0.14592511794780133,0.14592511793695367,0.14592511792808252,0.14592511793695367,0.14592511794780133,0.14473660934219348,0.14473660931803176,0.14473660929542406,0.14473660931803176,0.14473660934219348,0.14473660931803176,0.14473660927310264,0.144736609216689,0.14473660927310264,0.14473660931803176,0.14473660929542406,0.144736609216689,0.1447366090700546,0.144736609216689,0.14473660929542406,0.14473660931803176,0.14473660927310264,0.144736609216689,0.14473660927310264,0.14473660931803176,0.14473660934219348,0.14473660931803176,0.14473660929542406,0.14473660931803176,0.14473660934219348,0.1435715304599692,0.14357153041718054,0.1435715303704467,0.14357153041718054,0.1435715304599692,0.14357153041718054,0.1435715303228041,0.14357153015877525,0.1435715303228041,0.14357153041718054,0.1435715303704467,0.14357153015877525,0.14357152936349157,0.14357153015877525,0.1435715303704467,0.14357153041718054,0.1435715303228041,0.14357153015877525,0.1435715303228041,0.14357153041718054,0.1435715304599692,0.14357153041718054,0.1435715303704467,0.14357153041718054,0.1435715304599692,0.14242936429147146,0.14242936424295255,0.14242936419228927,0.14242936424295255,0.14242936429147146,0.14242936424295255,0.14242936414076607,0.14242936398266282,0.14242936414076607,0.14242936424295255,0.14242936419228927,0.14242936398266282,0.14242936335925663,0.14242936398266282,0.14242936419228927,0.14242936424295255,0.14242936414076607,0.14242936398266282,0.14242936414076607,0.14242936424295255,0.14242936429147146,0.14242936424295255,0.14242936419228927,0.14242936424295255,0.14242936429147146,0.14130960282765784,0.14130960278083474,0.1413096027302569,0.14130960278083474,0.14130960282765784,0.14130960278083474,0.14130960267841827,0.14130960251146626,0.14130960267841827,0.14130960278083474,0.1413096027302569,0.14130960251146626,0.14130960180448393,0.14130960251146626,0.1413096027302569,0.14130960278083474,0.14130960267841827,0.14130960251146626,0.14130960267841827,0.14130960278083474,0.14130960282765784,0.14130960278083474,0.1413096027302569,0.14130960278083474,0.14130960282765784,0.14021174723998184,0.1402117472077822,0.14021174716909668,0.1402117472077822,0.14021174723998184,0.1402117472077822,0.14021174712871556,0.1402117469787212,0.14021174712871556,0.1402117472077822,0.14021174716909668,0.1402117469787212,0.14021174622458615,0.1402117469787212,0.14021174716909668,0.1402117472077822,0.14021174712871556,0.1402117469787212,0.14021174712871556,0.1402117472077822,0.14021174723998184,0.1402117472077822,0.14021174716909668,0.1402117472077822,0.14021174723998184,0.13913530799797416,0.13913530800240384,0.13913530800408233,0.13913530800240384,0.13913530799797416,0.13913530800240384,0.13913530800506896,0.13913530799804738,0.13913530800506896,0.13913530800240384,0.13913530800408233,0.13913530799804738,0.1391353079483223,0.13913530799804738,0.13913530800408233,0.13913530800240384,0.13913530800506896,0.13913530799804738,0.13913530800506896,0.13913530800240384,0.13913530799797416,0.13913530800240384,0.13913530800408233,0.13913530800240384,0.13913530799797416,0.13807980494337826,0.13807980499412717,0.1380798050462755,0.13807980499412717,0.13807980494337826,0.13807980499412717,0.13807980509944512,0.13807980524775848,0.13807980509944512,0.13807980499412717,0.1380798050462755,0.13807980524775848,0.1380798056751309,0.13807980524775848,0.1380798050462755,0.13807980499412717,0.13807980509944512,0.13807980524775848,0.13807980509944512,0.13807980499412717,0.13807980494337826,0.13807980499412717,0.1380798050462755,0.13807980499412717,0.13807980494337826,0.13704476737586835,0.13704476746814417,0.13704476758124673,0.13704476746814417,0.13704476737586835,0.13704476746814417,0.13704476769882248,0.1370447681662215,0.13704476769882248,0.13704476746814417,0.13704476758124673,0.1370447681662215,0.1370447707682526,0.1370447681662215,0.13704476758124673,0.13704476746814417,0.13704476769882248,0.1370447681662215,0.13704476769882248,0.13704476746814417,0.13704476737586835,0.13704476746814417,0.13704476758124673,0.13704476746814417,0.13704476737586835,0.1360297341144386,0.13602973417971095,0.13602973424388556,0.13602973417971095,0.1360297341144386,0.13602973417971095,0.13602973430838733,0.136029734481157,0.13602973430838733,0.13602973417971095,0.13602973424388556,0.136029734481157,0.13602973496185908,0.136029734481157,0.13602973424388556,0.13602973417971095,0.13602973430838733,0.136029734481157,0.13602973430838733,0.13602973417971095,0.1360297341144386,0.13602973417971095,0.13602973424388556,0.13602973417971095,0.1360297341144386,0.13503425363468025,0.13503425367573665,0.13503425370970049,0.13503425367573665,0.13503425363468025,0.13503425367573665,0.1350342537419814,0.13503425380780343,0.1350342537419814,0.13503425367573665,0.13503425370970049,0.13503425380780343,0.13503425392770851,0.13503425380780343,0.13503425370970049,0.13503425367573665,0.1350342537419814,0.13503425380780343,0.1350342537419814,0.13503425367573665,0.13503425363468025,0.13503425367573665,0.13503425370970049,0.13503425367573665,0.13503425363468025
0.1653324873971983,0.1653324873971983,0.1653324873971983,0.1653324873971983,0.1653324873971983,0.1653324873971983,0.1653324873971983,0.1653324873971983,0.1653324873971983,0.1653324873971983,0.1653324873971983,0.1653324873971983,0.1653324873971983,0.1653324873971983,0.1653324873971983,0.1653324873971983,0.1653324873971983,0.1653324873971983,0.1653324873971983,0.1653324873971983,0.1653324873971983,0.1653324873971983,0.1653324873971983,0.1653324873971983,0.1653324873971983,0.16375749368614775,0.16375749368614775,0.16375749368614775,0.16375749368614775,0.16375749368614775,0.16375749368614775,0.16375749368614775,0.16375749368614775,0.16375749368614775,0.16375749368614775,0.16375749368614775,0.16375749368614775,0.16375749368614775,0.16375749368614775,0.16375749368614775,0.16375749368614775,0.16375749368614775,0.16375749368614775,0.16375749368614775,0.16375749368614775,0.16375749368614775,0.16375749368614775,0.16375749368614775,0.16375749368614775,0.16375749368614775,0.16221388390686192,0.16221388390686192,0.16221388390686192,0.16221388390686192,0.16221388390686192,0.16221388390686192,0.16221388390686192,0.16221388390686192,0.16221388390686192,0.16221388390686192,0.16221388390686192,0.16221388390686192,0.16221388390686192,0.16221388390686192,0.16221388390686192,0.16221388390686192,0.16221388390686192,0.16221388390686192,0.16221388390686192,0.16221388390686192,0.16221388390686192,0.16221388390686192,0.16221388390686192,0.16221388390686192,0.16221388390686192,0.16070106701638084,0.16070106701638062,0.16070106701638062,0.16070106701638062,0.16070106701638084,0.16070106701638062,0.16070106701638062,0.16070106701638062,0.16070106701638062,0.16070106701638062,0.16070106701638062,0.16070106701638062,0.16070106701638062,0.16070106701638062,0.16070106701638062,0.16070106701638062,0.16070106701638062,0.16070106701638062,0.16070106701638062,0.16070106701638062,0.16070106701638084,0.16070106701638062,0.16070106701638062,0.16070106701638062,0.16070106701638084,0.15921845138968282,0.1592184513896826,0.1592184513896826,0.1592184513896826,0.15921845138968282,0.1592184513896826,0.15921845138968238,0.15921845138968238,0.15921845138968238,0.1592184513896826,0.1592184513896826,0.15921845138968238,0.15921845138968216,0.15921845138968238,0.1592184513896826,0.1592184513896826,0.15921845138968238,0.15921845138968238,0.15921845138968238,0.1592184513896826,0.15921845138968282,0.1592184513896826,0.1592184513896826,0.1592184513896826,0.15921845138968282,0.15776544617153593,0.15776544617153523,0.15776544617153462,0.15776544617153523,0.15776544617153593,0.15776544617153523,0.1577654461715344,0.15776544617153396,0.1577654461715344,0.15776544617153523,0.15776544617153462,0.15776544617153396,0.15776544617153357,0.15776544617153396,0.15776544617153462,0.15776544617153523,0.1577654461715344,0.15776544617153396,0.1577654461715344,0.15776544617153523,0.15776544617153593,0.15776544617153523,0.15776544617153462,0.15776544617153523,0.15776544617153593,0.15634146249081982,0.15634146249081754,0.15634146249081626,0.15634146249081754,0.15634146249081982,0.15634146249081754,0.15634146249081543,0.15634146249081396,0.15634146249081543,0.15634146249081773,0.15634146249081626,0.15634146249081396,0.15634146249081252,0.15634146249081396,0.15634146249081626,0.15634146249081754,0.15634146249081543,0.15634146249081396,0.15634146249081543,0.15634146249081773,0.15634146249081982,0.15634146249081773,0.15634146249081626,0.15634146249081773,0.15634146249081982,0.1549459145475893,0.15494591454758272,0.15494591454757842,0.15494591454758272,0.1549459145475893,0.15494591454758272,0.15494591454757556,0.15494591454757103,0.15494591454757556,0.15494591454758272,0.15494591454757842,0.15494591454757103,0.15494591454756654,0.15494591454757103,0.15494591454757842,0.15494591454758272,0.15494591454757556,0.15494591454757103,0.15494591454757556,0.15494591454758272,0.1549459145475893,0.15494591454758272,0.15494591454757842,0.15494591454758272,0.1549459145475893,0.15357822058258244,0.15357822058256174,0.1535782205825487,0.15357822058256174,0.15357822058258244,0.15357822058256174,0.15357822058253964,0.15357822058252557,0.15357822058253964,0.15357822058256174,0.1535782205825487,0.15357822058252557,0.15357822058251092,0.15357822058252557,0.1535782205825487,0.15357822058256174,0.15357822058253964,0.15357822058252557,0.15357822058253964,0.15357822058256174,0.15357822058258244,0.15357822058256174,0.1535782205825487,0.15357822058256174,0.15357822058258244,0.15223780373833554,0.15223780373827256,0.1522378037382326,0.15223780373827256,0.15223780373833554,0.15223780373827256,0.15223780373820367,0.15223780373815898,0.15223780373820367,0.15223780373827256,0.1522378037382326,0.15223780373815898,0.15223780373811055,0.15223780373815898,0.1522378037382326,0.15223780373827256,0.15223780373820367,0.15223780373815898,0.15223780373820367,0.15223780373827256,0.15223780373833554,0.15223780373827256,0.1522378037382326,0.15223780373827256,0.15223780373833554,0.1509240928205294,0.15092409282034094,0.150924092820219,0.15092409282034094,0.1509240928205294,0.15092409282034094,0.15092409282012603,0.15092409281998231,0.15092409282012603,0.15092409282034094,0.150924092820219,0.15092409281998231,0.1509240928198239,0.15092409281998231,0.150924092820219,0.15092409282034094,0.15092409282012603,0.15092409281998231,0.15092409282012603,0.15092409282034094,0.1509240928205294,0.15092409282034094,0.150924092820219,0.15092409282034094,0.1509240928205294,0.14963652296769225,0.1496365229671401,0.1496365229667731,0.1496365229671401,0.14963652296769225,0.1496365229671401,0.1496365229664774,0.1496365229660194,0.1496365229664774,0.1496365229671401,0.1496365229667731,0.1496365229660194,0.14963652296548735,0.1496365229660194,0.1496365229667731,0.1496365229671401,0.1496365229664774,0.1496365229660194,0.1496365229664774,0.1496365229671401,0.14963652296769225,0.1496365229671401,0.1496365229667731,0.1496365229671401,0.14963652296769225,0.14837453623695263,0.1483745362353825,0.14837453623429292,0.1483745362353825,0.14837453623695263,0.1483745362353825,0.14837453623336908,0.1483745362318777,0.14837453623336908,0.1483745362353825,0.14837453623429292,0.1483745362318777,0.14837453622999586,0.1483745362318777,0.14837453623429292,0.1483745362353825,0.14837453623336908,0.1483745362318777,0.14837453623336908,0.1483745362353825,0.14837453623695263,0.1483745362353825,0.14837453623429292,0.1483745362353825,0.14837453623695263,0.14713758211324274,0.1471375821089749,0.1471375821058108,0.1471375821089749,0.14713758211324274,0.1471375821089749,0.14713758210298147,0.14713758209801622,0.14713758210298147,0.1471375821089749,0.1471375821058108,0.14713758209801622,0.14713758209083225,0.14713758209801622,0.1471375821058108,0.1471375821089749,0.14713758210298147,0.14713758209801622,0.14713758210298147,0.1471375821089749,0.14713758211324274,0.1471375821089749,0.1471375821058108,0.1471375821089749,0.14713758211324274,0.14592511794926558,0.14592511793848714,0.14592511792967602,0.14592511793848714,0.14592511794926558,0.14592511793848714,0.14592511792137877,0.14592511790457094,0.14592511792137877,0.14592511793848714,0.14592511792967602,0.14592511790457094,0.14592511787416737,0.14592511790457094,0.14592511792967602,0.14592511793848714,0.14592511792137877,0.14592511790457094,0.14592511792137877,0.14592511793848714,0.14592511794926558,0.14592511793848714,0.14592511792967602,0.14592511793848714,0.14592511794926558,0.1447366093434038,0.14473660931938295,0.14473660929692034,0.14473660931938295,0.1447366093434038,0.14473660931938295,0.14473660927474638,0.1447366092187473,0.14473660927474638,0.14473660931938295,0.14473660929692034,0.1447366092187473,0.1447366090733206,0.1447366092187473,0.14473660929692034,0.14473660931938295,0.14473660927474638,0.1447366092187473,0.14473660927474638,0.14473660931938295,0.1447366093434038,0.14473660931938295,0.14473660929692034,0.14473660931938295,0.1447366093434038,0.14357153046063093,0.1435715304180409,0.14357153037156373,0.1435715304180409,0.14357153046063093,0.1435715304180409,0.14357153032418993,0.14357153016130036,0.14357153032418993,0.1435715304180409,0.14357153037156373,0.14357153016130036,0.1435715293727647,0.14357153016130036,0.14357153037156373,0.1435715304180409,0.14357153032418993,0.14357153016130036,0.14357153032418993,0.1435715304180409,0.14357153046063093,0.1435715304180409,0.14357153037156373,0.1435715304180409,0.14357153046063093,0.14242936429116668,0.142429364242712,0.14242936419209787,0.142429364242712,0.14242936429116668,0.142429364242712,0.14242936414062213,0.14242936398253334,0.14242936414062213,0.142429364242712,0.14242936419209787,0.14242936398253334,0.14242936335818654,0.14242936398253334,0.14242936419209787,0.142429364242712,0.14242936414062213,0.14242936398253334,0.14242936414062213,0.142429364242712,0.14242936429116668,0.142429364242712,0.14242936419209787,0.142429364242712,0.14242936429116668,0.14130960282623914,0.1413096027793942,0.14130960272877588,0.1413096027793942,0.14130960282623914,0.1413096027793942,0.14130960267689285,0.14130960250972308,0.14130960267689285,0.1413096027793942,0.14130960272877588,0.14130960250972308,0.14130960180148405,0.14130960250972308,0.14130960272877588,0.1413096027793942,0.14130960267689285,0.14130960250972308,0.14130960267689285,0.1413096027793942,0.14130960282623914,0.1413096027793942,0.14130960272877588,0.1413096027793942,0.14130960282623914,0.14021174723747773,0.14021174720523005,0.14021174716649484,0.14021174720523005,0.14021174723747773,0.14021174720523005,0.14021174712606327,0.14021174697591993,0.14021174712606327,0.14021174720523005,0.14021174716649484,0.14021174697591993,0.14021174622122726,0.14021174697591993,0.14021174716649484,0.14021174720523005,0.14021174712606327,0.14021174697591993,0.14021174712606327,0.14021174720523005,0.14021174723747773,0.14021174720523005,0.14021174716649484,0.14021174720523005,0.14021174723747773,0.13913530799446677,0.13913530799882734,0.13913530800044543,0.13913530799882734,0.13913530799446677,0.13913530799882734,0.13913530800137325,0.1391353079942239,0.13913530800137325,0.13913530799882734,0.13913530800044543,0.1391353079942239,0.13913530794423937,0.1391353079942239,0.13913530800044543,0.13913530799882734,0.13913530800137325,0.1391353079942239,0.13913530800137325,0.13913530799882734,0.13913530799446677,0.13913530799882734,0.13913530800044543,0.13913530799882734,0.13913530799446677,0.13807980493899355,0.13807980498962247,0.1380798050416536,0.13807980498962247,0.13807980493899355,0.13807980498962247,0.13807980509470535,0.13807980524270738,0.13807980509470535,0.13807980498962247,0.1380798050416536,0.13807980524270738,0.13807980566922892,0.13807980524270738,0.1380798050416536,0.13807980498962247,0.13807980509470535,0.13807980524270738,0.13807980509470535,0.13807980498962247,0.13807980493899355,0.13807980498962247,0.1380798050416536,0.13807980498962247,0.13807980493899355,0.13704476737083734,0.13704476746293434,0.13704476757582287,0.13704476746293434,0.13704476737083734,0.13704476746293434,0.1370447676931777,0.13704476815971373,0.1370447676931777,0.13704476746293434,0.13704476757582287,0.13704476815971373,0.13704477075696594,0.13704476815971373,0.13704476757582287,0.13704476746293434,0.1370447676931777,0.13704476815971373,0.1370447676931777,0.13704476746293434,0.13704476737083734,0.13704476746293434,0.13704476757582287,0.13704476746293434,0.13704476737083734,0.13602973410911656,0.13602973417426586,0.13602973423832077,0.13602973417426586,0.13602973410911656,0.13602973417426586,0.13602973430270277,0.13602973447515412,0.13602973430270277,0.13602973417426586,0.13602973423832077,0.13602973447515412,0.13602973495497633,0.13602973447515412,0.13602973423832077,0.13602973417426586,0.13602973430270277,0.13602973447515412,0.13602973430270277,0.13602973417426586,0.13602973410911656,0.13602973417426586,0.13602973423832077,0.13602973417426586,0.13602973410911656,0.13503425362931065,0.13503425367029046,0.13503425370419112,0.13503425367029046,0.13503425362931065,0.13503425367029046,0.13503425373641234,0.13503425380211298,0.13503425373641234,0.13503425367029046,0.13503425370419112,0.13503425380211298,0.135034253921798,0.13503425380211298,0.13503425370419125,0.13503425367029046,0.13503425373641234,0.13503425380211298,0.13503425373641234,0.13503425367029046,0.13503425362931065,0.13503425367029046,0.13503425370419125,0.13503425367029046,0.13503425362931065
0.1653324873993309,0.1653324873993309,0.1653324873993309,0.1653324873993309,0.1653324873993309,0.1653324873993309,0.1653324873993309,0.1653324873993309,0.1653324873993309,0.1653324873993309,0.1653324873993309,0.1653324873993309,0.1653324873993309,0.1653324873993309,0.1653324873993309,0.1653324873993309,0.1653324873993309,0.1653324873993309,0.1653324873993309,0.1653324873993309,0.1653324873993309,0.1653324873993309,0.1653324873993309,0.1653324873993309,0.1653324873993309,0.1637574936882395,0.1637574936882395,0.1637574936882395,0.1637574936882395,0.1637574936882395,0.1637574936882395,0.16375749368823928,0.16375749368823928,0.1637574936882395,0.1637574936882395,0.1637574936882395,0.16375749368823928,0.16375749368823928,0.16375749368823928,0.1637574936882395,0.1637574936882395,0.1637574936882395,0.16375749368823928,0.16375749368823928,0.1637574936882395,0.1637574936882395,0.1637574936882395,0.1637574936882395,0.1637574936882395,0.1637574936882395,0.16221388390891422,0.16221388390891422,0.16221388390891422,0.16221388390891422,0.16221388390891422,0.16221388390891422,0.16221388390891422,0.16221388390891422,0.16221388390891422,0.16221388390891422,0.16221388390891422,0.16221388390891422,0.16221388390891422,0.16221388390891422,0.16221388390891422,0.16221388390891422,0.16221388390891422,0.16221388390891422,0.16221388390891422,0.16221388390891422,0.16221388390891422,0.16221388390891422,0.16221388390891422,0.16221388390891422,0.16221388390891422,0.16070106701839576,0.16070106701839576,0.16070106701839576,0.16070106701839576,0.16070106701839576,0.16070106701839576,0.16070106701839576,0.16070106701839554,0.16070106701839576,0.16070106701839576,0.16070106701839576,0.16070106701839554,0.16070106701839554,0.16070106701839554,0.16070106701839576,0.16070106701839576,0.16070106701839576,0.16070106701839554,0.16070106701839576,0.16070106701839576,0.16070106701839576,0.16070106701839576,0.16070106701839576,0.16070106701839576,0.16070106701839576,0.15921845139166252,0.1592184513916623,0.15921845139166207,0.1592184513916623,0.15921845139166252,0.1592184513916623,0.15921845139166207,0.15921845139166185,0.15921845139166207,0.1592184513916623,0.15921845139166207,0.15921845139166185,0.15921845139166166,0.15921845139166185,0.15921845139166207,0.1592184513916623,0.15921845139166207,0.15921845139166185,0.15921845139166207,0.1592184513916623,0.15921845139166252,0.1592184513916623,0.15921845139166207,0.1592184513916623,0.15921845139166252,0.15776544617348204,0.15776544617348118,0.15776544617348076,0.15776544617348118,0.15776544617348204,0.15776544617348118,0.15776544617348054,0.1577654461734801,0.15776544617348054,0.15776544617348118,0.15776544617348076,0.1577654461734801,0.15776544617347968,0.1577654461734801,0.15776544617348076,0.15776544617348118,0.15776544617348054,0.1577654461734801,0.15776544617348054,0.15776544617348118,0.15776544617348204,0.15776544617348118,0.15776544617348076,0.15776544617348118,0.15776544617348204,0.1563414624927344,0.1563414624927323,0.15634146249273084,0.1563414624927323,0.1563414624927344,0.1563414624927323,0.15634146249273004,0.15634146249272857,0.15634146249273004,0.1563414624927323,0.15634146249273084,0.15634146249272857,0.1563414624927271,0.15634146249272857,0.15634146249273084,0.1563414624927323,0.15634146249273004,0.15634146249272857,0.15634146249273004,0.1563414624927323,0.1563414624927344,0.1563414624927323,0.15634146249273084,0.1563414624927323,0.1563414624927344,0.15494591454947446,0.15494591454946768,0.1549459145494636,0.15494591454946768,0.15494591454947446,0.15494591454946768,0.15494591454946072,0.1549459145494564,0.15494591454946072,0.15494591454946768,0.1549459145494636,0.1549459145494564,0.15494591454945192,0.1549459145494564,0.1549459145494636,0.15494591454946768,0.15494591454946072,0.1549459145494564,0.15494591454946072,0.15494591454946768,0.15494591454947446,0.15494591454946768,0.1549459145494636,0.15494591454946768,0.15494591454947446,0.15357822058443982,0.15357822058441933,0.15357822058440648,0.15357822058441933,0.15357822058443982,0.15357822058441933,0.15357822058439743,0.15357822058438358,0.15357822058439743,0.15357822058441933,0.15357822058440648,0.15357822058438358,0.15357822058436893,0.15357822058438358,0.15357822058440648,0.15357822058441933,0.15357822058439743,0.15357822058438358,0.15357822058439743,0.15357822058441933,0.15357822058443982,0.15357822058441933,0.15357822058440648,0.15357822058441933,0.15357822058443982,0.15223780374016674,0.15223780374010434,0.15223780374006457,0.15223780374010434,0.15223780374016674,0.15223780374010434,0.15223780374003584,0.15223780373999155,0.15223780374003584,0.15223780374010434,0.15223780374006457,0.15223780373999155,0.15223780373994372,0.15223780373999155,0.15223780374006457,0.15223780374010434,0.15223780374003584,0.15223780373999155,0.15223780374003584,0.15223780374010434,0.15223780374016674,0.15223780374010434,0.15223780374006457,0.15223780374010434,0.15223780374016674,0.15092409282233515,0.15092409282214822,0.15092409282202704,0.15092409282214822,0.15092409282233515,0.15092409282214822,0.15092409282193503,0.15092409282179245,0.15092409282193503,0.15092409282214822,0.15092409282202704,0.15092409282179245,0.15092409282163521,0.15092409282179245,0.15092409282202704,0.15092409282214822,0.15092409282193503,0.15092409282179245,0.15092409282193503,0.15092409282214822,0.15092409282233515,0.15092409282214822,0.15092409282202704,0.15092409282214822,0.15092409282233515,0.14963652296947094,0.149636522968923,0.1496365229685588,0.149636522968923,0.14963652296947094,0.149636522968923,0.14963652296826535,0.149636522967811,0.14963652296826535,0.149636522968923,0.1496365229685588,0.149636522967811,0.14963652296728325,0.149636522967811,0.1496365229685588,0.149636522968923,0.14963652296826535,0.149636522967811,0.14963652296826535,0.149636522968923,0.14963652296947094,0.149636522968923,0.1496365229685588,0.149636522968923,0.14963652296947094,0.14837453623869692,0.1483745362371383,0.14837453623605726,0.1483745362371383,0.14837453623869692,0.1483745362371383,0.1483745362351406,0.14837453623366095,0.1483745362351406,0.1483745362371383,0.14837453623605726,0.14837453623366095,0.14837453623179453,0.14837453623366095,0.14837453623605726,0.1483745362371383,0.1483745362351406,0.14837453623366095,0.1483745362351406,0.1483745362371383,0.14837453623869692,0.1483745362371383,0.14837453623605726,0.1483745362371383,0.14837453623869692,0.14713758211492958,0.14713758211069264,0.14713758210755234,0.14713758211069264,0.14713758211492958,0.14713758211069264,0.1471375821047448,0.14713758209981956,0.1471375821047448,0.14713758211069264,0.14713758210755234,0.14713758209981956,0.14713758209269587,0.14713758209981956,0.14713758210755234,0.14713758211069264,0.1471375821047448,0.14713758209981956,0.1471375821047448,0.14713758211069264,0.14713758211492958,0.14713758211069264,0.14713758210755234,0.14713758211069264,0.14713758211492958,0.14592511795083146,0.14592511794012783,0.14592511793138135,0.14592511794012783,0.14592511795083146,0.14592511794012783,0.1459251179231471,0.1459251179064746,0.1459251179231471,0.14592511794012783,0.14592511793138135,0.1459251179064746,0.14592511787633566,0.1459251179064746,0.14592511793138135,0.14592511794012783,0.1459251179231471,0.1459251179064746,0.1459251179231471,0.14592511794012783,0.14592511795083146,0.14592511794012783,0.14592511793138135,0.14592511794012783,0.14592511795083146,0.1447366093446934,0.1447366093208249,0.14473660929851917,0.1447366093208249,0.1447366093446934,0.1447366093208249,0.14473660927650497,0.14473660922095483,0.14473660927650497,0.1447366093208249,0.14473660929851917,0.14473660922095483,0.1447366090768369,0.14473660922095483,0.14473660929851917,0.1447366093208249,0.14473660927650497,0.14473660922095483,0.14473660927650497,0.1447366093208249,0.1447366093446934,0.1447366093208249,0.14473660929851917,0.1447366093208249,0.1447366093446934,0.14357153046132595,0.14357153041895038,0.14357153037275058,0.14357153041895038,0.14357153046132595,0.14357153041895038,0.14357153032566713,0.14357153016401114,0.14357153032566713,0.14357153041895038,0.14357153037275058,0.14357153016401114,0.14357152938278833,0.14357153016401114,0.14357153037275058,0.14357153041895038,0.14357153032566713,0.14357153016401114,0.14357153032566713,0.14357153041895038,0.14357153046132595,0.14357153041895038,0.14357153037275058,0.14357153041895038,0.14357153046132595,0.14242936429081623,0.14242936424242916,0.14242936419186566,0.14242936424242916,0.14242936429081623,0.14242936424242916,0.1424293641404393,0.14242936398235903,0.14242936414043914,0.14242936424242916,0.14242936419186566,0.14242936398235903,0.14242936335694634,0.14242936398235903,0.14242936419186566,0.14242936424242916,0.14242936414043914,0.14242936398235903,0.14242936414043914,0.14242936424242916,0.14242936429081623,0.14242936424242916,0.14242936419186566,0.14242936424242916,0.14242936429081623,0.14130960282468855,0.1413096027778163,0.14130960272715049,0.1413096027778163,0.14130960282468855,0.1413096027778163,0.14130960267521514,0.1413096025077957,0.14130960267521514,0.1413096027778163,0.14130960272715049,0.1413096025077957,0.14130960179814786,0.1413096025077957,0.14130960272715049,0.1413096027778163,0.14130960267521514,0.1413096025077957,0.14130960267521514,0.1413096027778163,0.14130960282468855,0.1413096027778163,0.14130960272715049,0.1413096027778163,0.14130960282468855,0.14021174723476545,0.14021174720246216,0.14021174716366908,0.14021174720246216,0.14021174723476545,0.14021174720246216,0.14021174712317863,0.14021174697285724,0.14021174712317863,0.14021174720246216,0.14021174716366908,0.14021174697285724,0.1402117462174804,0.14021174697285724,0.14021174716366908,0.14021174720246216,0.14021174712317863,0.14021174697285724,0.14021174712317863,0.14021174720246216,0.14021174723476545,0.14021174720246216,0.14021174716366908,0.14021174720246216,0.14021174723476545,0.13913530799068916,0.13913530799497384,0.13913530799652557,0.13913530799497384,0.13913530799068916,0.13913530799497384,0.13913530799738869,0.139135307990098,0.13913530799738869,0.13913530799497384,0.13913530799652557,0.139135307990098,0.13913530793982157,0.139135307990098,0.13913530799652557,0.13913530799497384,0.13913530799738869,0.139135307990098,0.13913530799738869,0.13913530799497384,0.13913530799068916,0.13913530799497384,0.13913530799652557,0.13913530799497384,0.13913530799068916,0.13807980493428912,0.13807980498479044,0.13807980503669703,0.13807980498479044,0.13807980493428912,0.13807980498479044,0.1380798050896237,0.13807980523729582,0.1380798050896237,0.13807980498479044,0.13807980503669703,0.13807980523729582,0.13807980566291828,0.13807980523729582,0.13807980503669703,0.13807980498479044,0.1380798050896237,0.13807980523729582,0.1380798050896237,0.13807980498479044,0.13807980493428912,0.13807980498479044,0.13807980503669703,0.13807980498479044,0.13807980493428912,0.1370447673654522,0.13704476745736044,0.13704476757002348,0.13704476745736044,0.1370447673654522,0.13704476745736044,0.13704476768714507,0.13704476815277236,0.13704476768714507,0.13704476745736044,0.13704476757002348,0.13704476815277236,0.13704477074502897,0.13704476815277236,0.13704476757002348,0.13704476745736044,0.13704476768714507,0.13704476815277236,0.13704476768714507,0.13704476745736044,0.1370447673654522,0.13704476745736044,0.13704476757002348,0.13704476745736044,0.1370447673654522,0.13602973410342575,0.13602973416844538,0.13602973423237427,0.13602973416844538,0.13602973410342575,0.13602973416844538,0.13602973429663015,0.1360297344687461,0.13602973429663015,0.13602973416844555,0.13602973423237427,0.1360297344687461,0.13602973494764198,0.1360297344687461,0.13602973423237427,0.13602973416844538,0.13602973429663015,0.1360297344687461,0.13602973429663015,0.13602973416844555,0.13602973410342575,0.13602973416844555,0.13602973423237427,0.13602973416844555,0.13602973410342575,0.1350342536235709,0.13503425366446997,0.13503425369830424,0.13503425366446997,0.1350342536235709,0.13503425366446997,0.13503425373046246,0.1350342537960353,0.13503425373046246,0.13503425366446997,0.13503425369830424,0.1350342537960353,0.1350342539154888,0.1350342537960353,0.13503425369830424,0.13503425366446997,0.13503425373046246,0.1350342537960353,0.13503425373046246,0.13503425366446997,0.1350342536235709,0.13503425366446997,0.13503425369830424,0.13503425366446997,0.1350342536235709
0.1653324874016148,0.1653324874016148,0.1653324874016148,0.1653324874016148,0.1653324874016148,0.1653324874016148,0.1653324874016148,0.1653324874016148,0.1653324874016148,0.1653324874016148,0.1653324874016148,0.1653324874016148,0.1653324874016148,0.1653324874016148,0.1653324874016148,0.1653324874016148,0.1653324874016148,0.1653324874016148,0.1653324874016148,0.1653324874016148,0.1653324874016148,0.1653324874016148,0.1653324874016148,0.1653324874016148,0.1653324874016148,0.1637574936904791,0.1637574936904791,0.1637574936904791,0.1637574936904791,0.1637574936904791,0.1637574936904791,0.1637574936904791,0.1637574936904791,0.1637574936904791,0.1637574936904791,0.1637574936904791,0.1637574936904791,0.1637574936904791,0.1637574936904791,0.1637574936904791,0.1637574936904791,0.1637574936904791,0.1637574936904791,0.1637574936904791,0.1637574936904791,0.1637574936904791,0.1637574936904791,0.1637574936904791,0.1637574936904791,0.1637574936904791,0.16221388391111186,0.16221388391111186,0.16221388391111186,0.16221388391111186,0.16221388391111186,0.16221388391111186,0.16221388391111186,0.16221388391111163,0.16221388391111186,0.16221388391111186,0.16221388391111186,0.16221388391111163,0.16221388391111163,0.16221388391111163,0.16221388391111186,0.16221388391111186,0.16221388391111186,0.16221388391111163,0.16221388391111186,0.16221388391111186,0.16221388391111186,0.16221388391111186,0.16221388391111186,0.16221388391111186,0.16221388391111186,0.1607010670205531,0.1607010670205531,0.1607010670205531,0.1607010670205531,0.1607010670205531,0.1607010670205531,0.1607010670205531,0.16070106702055287,0.16070106702055287,0.1607010670205531,0.1607010670205531,0.16070106702055287,0.16070106702055287,0.16070106702055287,0.1607010670205531,0.1607010670205531,0.16070106702055287,0.16070106702055287,0.16070106702055287,0.1607010670205531,0.1607010670205531,0.1607010670205531,0.1607010670205531,0.1607010670205531,0.1607010670205531,0.15921845139378155,0.15921845139378132,0.1592184513937811,0.15921845139378132,0.15921845139378155,0.15921845139378132,0.1592184513937811,0.1592184513937809,0.1592184513937811,0.15921845139378132,0.1592184513937811,0.1592184513937809,0.1592184513937809,0.1592184513937809,0.1592184513937811,0.15921845139378132,0.1592184513937811,0.1592184513937809,0.1592184513937811,0.15921845139378132,0.15921845139378155,0.15921845139378132,0.1592184513937811,0.15921845139378132,0.15921845139378155,0.1577654461755647,0.15776544617556407,0.15776544617556365,0.15776544617556407,0.1577654461755647,0.15776544617556407,0.15776544617556346,0.1577654461755628,0.15776544617556346,0.15776544617556407,0.15776544617556365,0.1577654461755628,0.15776544617556237,0.1577654461755628,0.15776544617556365,0.15776544617556407,0.15776544617556346,0.1577654461755628,0.15776544617556346,0.15776544617556407,0.1577654461755647,0.15776544617556407,0.15776544617556365,0.15776544617556407,0.1577654461755647,0.15634146249478284,0.15634146249478073,0.1563414624947795,0.15634146249478073,0.15634146249478284,0.15634146249478073,0.15634146249477865,0.15634146249477718,0.15634146249477865,0.15634146249478073,0.1563414624947795,0.15634146249477718,0.1563414624947757,0.15634146249477718,0.1563414624947795,0.15634146249478073,0.15634146249477865,0.15634146249477718,0.15634146249477865,0.15634146249478073,0.15634146249478284,0.15634146249478073,0.1563414624947795,0.15634146249478073,0.15634146249478284,0.15494591455149057,0.15494591455148402,0.1549459145514797,0.15494591455148402,0.15494591455149057,0.15494591455148402,0.15494591455147702,0.15494591455147275,0.15494591455147702,0.15494591455148402,0.1549459145514797,0.15494591455147275,0.15494591455146822,0.15494591455147275,0.1549459145514797,0.15494591455148402,0.15494591455147702,0.15494591455147275,0.15494591455147702,0.15494591455148402,0.15494591455149057,0.15494591455148402,0.1549459145514797,0.15494591455148402,0.15494591455149057,0.15357822058642534,0.15357822058640505,0.1535782205863922,0.15357822058640505,0.15357822058642534,0.15357822058640505,0.15357822058638337,0.15357822058636972,0.15357822058638337,0.15357822058640505,0.1535782205863922,0.15357822058636972,0.15357822058635526,0.15357822058636972,0.1535782205863922,0.15357822058640505,0.15357822058638337,0.15357822058636972,0.15357822058638337,0.15357822058640505,0.15357822058642534,0.15357822058640505,0.1535782205863922,0.15357822058640505,0.15357822058642534,0.1522378037421233,0.1522378037420613,0.15223780374202195,0.1522378037420613,0.1522378037421233,0.1522378037420613,0.1522378037419936,0.1522378037419497,0.1522378037419936,0.1522378037420613,0.15223780374202195,0.1522378037419497,0.15223780374190227,0.1522378037419497,0.15223780374202195,0.1522378037420613,0.1522378037419936,0.1522378037419497,0.1522378037419936,0.1522378037420613,0.1522378037421233,0.1522378037420613,0.15223780374202195,0.1522378037420613,0.1522378037421233,0.1509240928242632,0.15092409282407798,0.15092409282395777,0.15092409282407798,0.1509240928242632,0.15092409282407798,0.15092409282386673,0.15092409282372532,0.15092409282386673,0.15092409282407798,0.15092409282395777,0.15092409282372532,0.15092409282356964,0.15092409282372532,0.15092409282395777,0.15092409282407798,0.15092409282386673,0.15092409282372532,0.15092409282386673,0.15092409282407798,0.1509240928242632,0.15092409282407798,0.15092409282395777,0.15092409282407798,0.1509240928242632,0.14963652297136898,0.14963652297082555,0.1496365229704644,0.14963652297082555,0.14963652297136898,0.14963652297082555,0.1496365229701736,0.14963652296972302,0.1496365229701736,0.14963652297082555,0.1496365229704644,0.14963652296972302,0.1496365229692,0.14963652296972302,0.1496365229704644,0.14963652297082555,0.1496365229701736,0.14963652296972302,0.1496365229701736,0.14963652297082555,0.14963652297136898,0.14963652297082555,0.1496365229704644,0.14963652297082555,0.14963652297136898,0.1483745362405571,0.14837453623901106,0.14837453623793895,0.14837453623901106,0.1483745362405571,0.14837453623901106,0.1483745362370299,0.14837453623556301,0.1483745362370299,0.14837453623901106,0.14837453623793895,0.14837453623556301,0.14837453623371322,0.14837453623556301,0.14837453623793895,0.14837453623901106,0.1483745362370299,0.14837453623556301,0.1483745362370299,0.14837453623901106,0.1483745362405571,0.14837453623901106,0.14837453623793895,0.14837453623901106,0.1483745362405571,0.1471375821167271,0.14713758211252337,0.1471375821094087,0.14713758211252337,0.1471375821167271,0.14713758211252337,0.14713758210662461,0.14713758210174202,0.14713758210662461,0.14713758211252337,0.1471375821094087,0.14713758210174202,0.1471375820946834,0.14713758210174202,0.1471375821094087,0.14713758211252337,0.14713758210662461,0.14713758210174202,0.14713758210662461,0.14713758211252337,0.1471375821167271,0.14713758211252337,0.1471375821094087,0.14713758211252337,0.1471375821167271,0.1459251179524978,0.1459251179418745,0.14592511793319776,0.1459251179418745,0.1459251179524978,0.1459251179418745,0.14592511792503085,0.14592511790850402,0.14592511792503085,0.1459251179418745,0.14592511793319776,0.14592511790850402,0.14592511787864998,0.14592511790850402,0.14592511793319776,0.1459251179418745,0.14592511792503085,0.14592511790850402,0.14592511792503085,0.1459251179418745,0.1459251179524978,0.1459251179418745,0.14592511793319776,0.1459251179418745,0.1459251179524978,0.1447366093460617,0.14473660932235693,0.14473660930021984,0.14473660932235693,0.1447366093460617,0.14473660932235693,0.1447366092783772,0.14473660922331003,0.1447366092783772,0.14473660932235693,0.14473660930021984,0.14473660922331003,0.14473660908060051,0.14473660922331003,0.14473660930021984,0.14473660932235693,0.1447366092783772,0.14473660922331003,0.1447366092783772,0.14473660932235693,0.1447366093460617,0.14473660932235693,0.14473660930021984,0.14473660932235693,0.1447366093460617,0.1435715304620544,0.14357153041990842,0.14357153037400672,0.14357153041990842,0.1435715304620544,0.14357153041990842,0.14357153032723505,0.14357153016690533,0.14357153032723505,0.14357153041990842,0.14357153037400672,0.14357153016690533,0.1435715293935349,0.14357153016690533,0.14357153037400672,0.14357153041990842,0.14357153032723505,0.14357153016690533,0.14357153032723505,0.14357153041990842,0.1435715304620544,0.14357153041990842,0.14357153037400672,0.14357153041990842,0.1435715304620544,0.14242936429042136,0.1424293642421049,0.1424293641915941,0.1424293642421049,0.14242936429042136,0.1424293642421049,0.1424293641402182,0.1424293639821413,0.1424293641402182,0.1424293642421049,0.1424293641915941,0.1424293639821413,0.14242936335557263,0.1424293639821413,0.1424293641915941,0.1424293642421049,0.1424293641402182,0.1424293639821413,0.1424293641402182,0.1424293642421049,0.14242936429042136,0.1424293642421049,0.1424293641915941,0.1424293642421049,0.14242936429042136,0.14130960282300836,0.14130960277610355,0.14130960272538295,0.14130960277610355,0.14130960282300836,0.14130960277610355,0.14130960267338774,0.14130960250568728,0.14130960267338774,0.14130960277610355,0.14130960272538295,0.14130960250568728,0.14130960179443242,0.14130960250568728,0.14130960272538295,0.14130960277610355,0.14130960267338774,0.14130960250568728,0.14130960267338774,0.14130960277610355,0.14130960282300836,0.14130960277610355,0.14130960272538295,0.14130960277610355,0.14130960282300836,0.1402117472318481,0.1402117471994819,0.14021174716062285,0.1402117471994819,0.1402117472318481,0.1402117471994819,0.14021174712006482,0.14021174696953687,0.14021174712006482,0.1402117471994819,0.14021174716062285,0.14021174696953687,0.14021174621336135,0.14021174696953687,0.14021174716062285,0.1402117471994819,0.14021174712006482,0.14021174696953687,0.14021174712006482,0.1402117471994819,0.1402117472318481,0.1402117471994819,0.14021174716062285,0.1402117471994819,0.1402117472318481,0.13913530798664514,0.13913530799084728,0.13913530799232687,0.13913530799084728,0.13913530798664514,0.13913530799084728,0.13913530799311935,0.13913530798567353,0.13913530799311935,0.13913530799084728,0.13913530799232687,0.13913530798567353,0.13913530793507378,0.13913530798567353,0.13913530799232687,0.13913530799084728,0.13913530799311935,0.13913530798567353,0.13913530799311935,0.13913530799084728,0.13913530798664514,0.13913530799084728,0.13913530799232687,0.13913530799084728,0.13913530798664514,0.13807980492926933,0.13807980497963562,0.13807980503141046,0.13807980497963562,0.13807980492926933,0.13807980497963562,0.13807980508420487,0.1380798052315289,0.13807980508420487,0.13807980497963562,0.13807980503141046,0.1380798052315289,0.13807980565620437,0.1380798052315289,0.13807980503141046,0.13807980497963562,0.13807980508420487,0.1380798052315289,0.13807980508420487,0.13807980497963562,0.13807980492926933,0.13807980497963562,0.13807980503141046,0.13807980497963562,0.13807980492926933,0.1370447673597179,0.13704476745142738,0.13704476756385336,0.13704476745142738,0.1370447673597179,0.13704476745142738,0.13704476768073015,0.13704476814540312,0.13704476768073015,0.13704476745142738,0.13704476756385336,0.13704476814540312,0.13704477073239277,0.13704476814540312,0.13704476756385336,0.13704476745142738,0.13704476768073015,0.13704476814540312,0.13704476768073015,0.13704476745142738,0.1370447673597179,0.13704476745142738,0.13704476756385336,0.13704476745142738,0.1370447673597179,0.1360297340973713,0.13602973416225478,0.1360297342260511,0.13602973416225478,0.1360297340973713,0.13602973416225478,0.13602973429017443,0.13602973446193836,0.13602973429017443,0.13602973416225478,0.1360297342260511,0.13602973446193836,0.13602973493986234,0.13602973446193836,0.1360297342260511,0.13602973416225478,0.13602973429017443,0.13602973446193836,0.13602973429017443,0.13602973416225478,0.1360297340973713,0.13602973416225478,0.1360297342260511,0.13602973416225478,0.1360297340973713,0.13503425361746643,0.13503425365828073,0.13503425369204522,0.13503425365828073,0.13503425361746643,0.13503425365828073,0.13503425372413735,0.13503425378957606,0.13503425372413722,0.13503425365828073,0.13503425369204522,0.13503425378957606,0.13503425390878623,0.13503425378957606,0.13503425369204522,0.13503425365828073,0.13503425372413722,0.13503425378957606,0.13503425372413722,0.13503425365828073,0.13503425361746643,0.13503425365828073,0.13503425369204522,0.13503425365828073,0.13503425361746643
0.1653324874040471,0.1653324874040471,0.1653324874040471,0.1653324874040471,0.1653324874040471,0.1653324874040471,0.1653324874040471,0.1653324874040471,0.1653324874040471,0.1653324874040471,0.1653324874040471,0.1653324874040471,0.1653324874040471,0.1653324874040471,0.1653324874040471,0.1653324874040471,0.1653324874040471,0.1653324874040471,0.1653324874040471,0.1653324874040471,0.1653324874040471,0.1653324874040471,0.1653324874040471,0.1653324874040471,0.1653324874040471,0.16375749369286438,0.16375749369286438,0.16375749369286438,0.16375749369286438,0.16375749369286438,0.16375749369286438,0.16375749369286438,0.16375749369286438,0.16375749369286438,0.16375749369286438,0.16375749369286438,0.16375749369286438,0.16375749369286438,0.16375749369286438,0.16375749369286438,0.16375749369286438,0.16375749369286438,0.16375749369286438,0.16375749369286438,0.16375749369286438,0.16375749369286438,0.16375749369286438,0.16375749369286438,0.16375749369286438,0.16375749369286438,0.16221388391345185,0.16221388391345185,0.16221388391345185,0.16221388391345185,0.16221388391345185,0.16221388391345185,0.16221388391345185,0.16221388391345185,0.16221388391345185,0.16221388391345185,0.16221388391345185,0.16221388391345185,0.1622138839134516,0.16221388391345185,0.16221388391345185,0.16221388391345185,0.16221388391345185,0.16221388391345185,0.16221388391345185,0.16221388391345185,0.16221388391345185,0.16221388391345185,0.16221388391345185,0.16221388391345185,0.16221388391345185,0.16070106702284995,0.16070106702284995,0.16070106702284995,0.16070106702284995,0.16070106702284995,0.16070106702284995,0.16070106702284995,0.1607010670228497,0.16070106702284995,0.16070106702284995,0.16070106702284995,0.1607010670228497,0.1607010670228497,0.1607010670228497,0.16070106702284995,0.16070106702284995,0.16070106702284995,0.1607010670228497,0.16070106702284995,0.16070106702284995,0.16070106702284995,0.16070106702284995,0.16070106702284995,0.16070106702284995,0.16070106702284995,0.15921845139603732,0.1592184513960371,0.15921845139603688,0.1592184513960371,0.15921845139603732,0.1592184513960371,0.15921845139603688,0.15921845139603666,0.15921845139603688,0.1592184513960371,0.15921845139603688,0.15921845139603666,0.15921845139603666,0.15921845139603666,0.15921845139603688,0.1592184513960371,0.15921845139603688,0.15921845139603666,0.15921845139603688,0.1592184513960371,0.15921845139603732,0.1592184513960371,0.15921845139603688,0.1592184513960371,0.15921845139603732,0.1577654461777814,0.15776544617778077,0.15776544617778032,0.15776544617778077,0.1577654461777814,0.15776544617778077,0.15776544617778013,0.15776544617777968,0.15776544617778013,0.15776544617778077,0.15776544617778032,0.15776544617777968,0.15776544617777927,0.15776544617777968,0.15776544617778032,0.15776544617778077,0.15776544617778013,0.15776544617777968,0.15776544617778013,0.15776544617778077,0.1577654461777814,0.15776544617778077,0.15776544617778032,0.15776544617778077,0.1577654461777814,0.15634146249696257,0.15634146249696046,0.1563414624969592,0.15634146249696046,0.15634146249696257,0.15634146249696046,0.15634146249695835,0.1563414624969569,0.15634146249695835,0.15634146249696046,0.1563414624969592,0.1563414624969569,0.15634146249695566,0.1563414624969569,0.1563414624969592,0.15634146249696046,0.15634146249695835,0.1563414624969569,0.15634146249695835,0.15634146249696046,0.15634146249696257,0.15634146249696046,0.1563414624969592,0.15634146249696046,0.15634146249696257,0.15494591455363518,0.1549459145536286,0.15494591455362453,0.1549459145536286,0.15494591455363518,0.1549459145536286,0.15494591455362186,0.15494591455361756,0.15494591455362186,0.1549459145536286,0.15494591455362453,0.15494591455361756,0.15494591455361303,0.15494591455361756,0.15494591455362453,0.1549459145536286,0.15494591455362186,0.15494591455361756,0.15494591455362186,0.1549459145536286,0.15494591455363518,0.1549459145536286,0.15494591455362453,0.1549459145536286,0.15494591455363518,0.15357822058853704,0.15357822058851675,0.1535782205885041,0.15357822058851675,0.15357822058853704,0.15357822058851675,0.15357822058849527,0.15357822058848178,0.15357822058849527,0.15357822058851675,0.1535782205885041,0.15357822058848178,0.15357822058846732,0.15357822058848178,0.1535782205885041,0.15357822058851675,0.15357822058849527,0.15357822058848178,0.15357822058849527,0.15357822058851675,0.15357822058853704,0.15357822058851675,0.1535782205885041,0.15357822058851675,0.15357822058853704,0.15223780374420315,0.1522378037441417,0.15223780374410273,0.1522378037441417,0.15223780374420315,0.1522378037441417,0.1522378037440746,0.15223780374403129,0.1522378037440746,0.1522378037441417,0.15223780374410273,0.15223780374403129,0.15223780374398446,0.15223780374403129,0.15223780374410273,0.1522378037441417,0.1522378037440746,0.15223780374403129,0.1522378037440746,0.1522378037441417,0.15223780374420315,0.1522378037441417,0.15223780374410273,0.1522378037441417,0.15223780374420315,0.15092409282631197,0.15092409282612834,0.15092409282600933,0.15092409282612834,0.15092409282631197,0.15092409282612834,0.1509240928259192,0.15092409282577915,0.1509240928259192,0.15092409282612834,0.15092409282600933,0.15092409282577915,0.1509240928256248,0.15092409282577915,0.15092409282600933,0.15092409282612834,0.1509240928259192,0.15092409282577915,0.1509240928259192,0.15092409282612834,0.15092409282631197,0.15092409282612834,0.15092409282600933,0.15092409282612834,0.15092409282631197,0.1496365229733848,0.1496365229728463,0.14963652297248833,0.1496365229728463,0.1496365229733848,0.1496365229728463,0.14963652297220018,0.14963652297175375,0.14963652297220018,0.1496365229728463,0.14963652297248833,0.14963652297175375,0.14963652297123567,0.14963652297175375,0.14963652297248833,0.1496365229728463,0.14963652297220018,0.14963652297175375,0.14963652297220018,0.1496365229728463,0.1496365229733848,0.1496365229728463,0.14963652297248833,0.1496365229728463,0.1496365229733848,0.14837453624253158,0.14837453624099892,0.1483745362399362,0.14837453624099892,0.14837453624253158,0.14837453624099892,0.1483745362390357,0.14837453623758234,0.1483745362390357,0.14837453624099892,0.1483745362399362,0.14837453623758234,0.1483745362357502,0.14837453623758234,0.1483745362399362,0.14837453624099892,0.1483745362390357,0.14837453623758234,0.1483745362390357,0.14837453624099892,0.14837453624253158,0.14837453624099892,0.1483745362399362,0.14837453624099892,0.14837453624253158,0.1471375821186336,0.1471375821144653,0.14713758211137803,0.1471375821144653,0.1471375821186336,0.1471375821144653,0.14713758210861905,0.14713758210378206,0.14713758210861905,0.1471375821144653,0.14713758211137803,0.14713758210378206,0.14713758209679315,0.14713758210378206,0.14713758211137803,0.1471375821144653,0.14713758210861905,0.14713758210378206,0.14713758210861905,0.1471375821144653,0.1471375821186336,0.1471375821144653,0.14713758211137803,0.1471375821144653,0.1471375821186336,0.1459251179542633,0.1459251179437258,0.14592511793512333,0.1459251179437258,0.1459251179542633,0.1459251179437258,0.14592511792702856,0.14592511791065768,0.14592511792702856,0.1459251179437258,0.14592511793512333,0.14592511791065768,0.14592511788110793,0.14592511791065768,0.14592511793512333,0.1459251179437258,0.14592511792702856,0.14592511791065768,0.14592511792702856,0.1459251179437258,0.1459251179542633,0.1459251179437258,0.14592511793512333,0.1459251179437258,0.1459251179542633,0.14473660934750765,0.14473660932397764,0.14473660930202067,0.14473660932397764,0.14473660934750765,0.14473660932397764,0.14473660928036147,0.14473660922581044,0.14473660928036147,0.14473660932397764,0.14473660930202067,0.14473660922581044,0.14473660908460748,0.14473660922581044,0.14473660930202067,0.14473660932397764,0.14473660928036147,0.14473660922581044,0.14473660928036147,0.14473660932397764,0.14473660934750765,0.14473660932397764,0.14473660930202067,0.14473660932397764,0.14473660934750765,0.14357153046281584,0.14357153042091475,0.14357153037533094,0.14357153042091475,0.14357153046281584,0.14357153042091475,0.1435715303288926,0.1435715301699804,0.1435715303288926,0.14357153042091475,0.14357153037533094,0.1435715301699804,0.14357152940503676,0.1435715301699804,0.14357153037533094,0.14357153042091475,0.1435715303288926,0.1435715301699804,0.1435715303288926,0.14357153042091475,0.14357153046281584,0.14357153042091475,0.14357153037533094,0.14357153042091475,0.14357153046281584,0.14242936428998282,0.14242936424174021,0.14242936419128358,0.14242936424174021,0.14242936428998282,0.14242936424174021,0.1424293641399602,0.14242936398188094,0.1424293641399602,0.14242936424174021,0.14242936419128358,0.14242936398188094,0.142429363354034,0.14242936398188094,0.14242936419128358,0.14242936424174021,0.1424293641399602,0.14242936398188094,0.1424293641399602,0.14242936424174021,0.14242936428998282,0.14242936424174021,0.14242936419128358,0.14242936424174021,0.14242936428998282,0.14130960282120072,0.14130960277425825,0.1413096027234758,0.14130960277425825,0.14130960282120072,0.14130960277425825,0.14130960267141318,0.14130960250340102,0.14130960267141318,0.14130960277425825,0.1413096027234758,0.14130960250340102,0.1413096017904362,0.14130960250340102,0.1413096027234758,0.14130960277425825,0.14130960267141318,0.14130960250340102,0.14130960267141318,0.14130960277425825,0.14130960282120072,0.14130960277425825,0.1413096027234758,0.14130960277425825,0.14130960282120072,0.14021174722872912,0.14021174719629279,0.14021174715735957,0.14021174719629279,0.14021174722872912,0.14021174719629279,0.14021174711672593,0.1402117469659632,0.14021174711672593,0.14021174719629279,0.14021174715735957,0.1402117469659632,0.14021174620883045,0.1402117469659632,0.14021174715735957,0.14021174719629279,0.14021174711672593,0.1402117469659632,0.14021174711672593,0.14021174719629279,0.14021174722872912,0.14021174719629279,0.14021174715735957,0.14021174719629279,0.14021174722872912,0.1391353079823388,0.1391353079864524,0.1391353079878539,0.1391353079864524,0.1391353079823388,0.1391353079864524,0.13913530798857,0.13913530798095564,0.13913530798857,0.1391353079864524,0.1391353079878539,0.13913530798095564,0.13913530793000123,0.13913530798095564,0.1391353079878539,0.1391353079864524,0.13913530798857,0.13913530798095564,0.13913530798857,0.1391353079864524,0.1391353079823388,0.1391353079864524,0.1391353079878539,0.1391353079864524,0.1391353079823388,0.13807980492393931,0.13807980497416297,0.13807980502579906,0.13807980497416297,0.13807980492393931,0.13807980497416297,0.13807980507845405,0.13807980522541222,0.13807980507845405,0.13807980497416297,0.13807980502579906,0.13807980522541222,0.13807980564909356,0.13807980522541222,0.13807980502579906,0.13807980497416297,0.13807980507845405,0.13807980522541222,0.13807980507845405,0.13807980497416297,0.13807980492393931,0.13807980497416297,0.13807980502579906,0.13807980497416297,0.13807980492393931,0.1370447673536395,0.13704476744514069,0.13704476755731837,0.13704476744514069,0.1370447673536395,0.13704476744514069,0.13704476767393872,0.13704476813761288,0.13704476767393872,0.13704476744514069,0.13704476755731837,0.13704476813761288,0.13704477071911175,0.13704476813761288,0.13704476755731837,0.13704476744514069,0.13704476767393872,0.13704476813761288,0.13704476767393872,0.13704476744514069,0.1370447673536395,0.13704476744514069,0.13704476755731837,0.13704476744514069,0.1370447673536395,0.1360297340909587,0.13602973415569947,0.13602973421935713,0.13602973415569947,0.1360297340909587,0.13602973415569947,0.13602973428334164,0.1360297344547373,0.13602973428334164,0.13602973415569947,0.13602973421935713,0.1360297344547373,0.13602973493164375,0.1360297344547373,0.13602973421935713,0.13602973415569947,0.13602973428334164,0.1360297344547373,0.13602973428334164,0.13602973415569947,0.1360297340909587,0.13602973415569947,0.13602973421935713,0.13602973415569947,0.1360297340909587,0.13503425361100282,0.1350342536517282,0.1350342536854196,0.1350342536517282,0.13503425361100282,0.1350342536517282,0.13503425371744254,0.1350342537827407,0.1350342537174424,0.1350342536517282,0.1350342536854196,0.1350342537827407,0.13503425390169657,0.1350342537827407,0.1350342536854196,0.1350342536517282,0.1350342537174424,0.1350342537827407,0.13503425371744254,0.1350342536517282,0.13503425361100282,0.1350342536517282,0.1350342536854196,0.1350342536517282,0.13503425361100282
0.1653324874066258,0.1653324874066258,0.1653324874066258,0.1653324874066258,0.1653324874066258,0.1653324874066258,0.1653324874066258,0.1653324874066258,0.1653324874066258,0.1653324874066258,0.1653324874066258,0.1653324874066258,0.1653324874066258,0.1653324874066258,0.1653324874066258,0.1653324874066258,0.1653324874066258,0.1653324874066258,0.1653324874066258,0.1653324874066258,0.1653324874066258,0.1653324874066258,0.1653324874066258,0.1653324874066258,0.1653324874066258,0.16375749369539302,0.16375749369539302,0.16375749369539302,0.16375749369539302,0.16375749369539302,0.16375749369539302,0.16375749369539302,0.16375749369539302,0.16375749369539302,0.16375749369539302,0.16375749369539302,0.16375749369539302,0.16375749369539302,0.16375749369539302,0.16375749369539302,0.16375749369539302,0.16375749369539302,0.16375749369539302,0.16375749369539302,0.16375749369539302,0.16375749369539302,0.16375749369539302,0.16375749369539302,0.16375749369539302,0.16375749369539302,0.16221388391593258,0.16221388391593258,0.16221388391593258,0.16221388391593258,0.16221388391593258,0.16221388391593258,0.16221388391593258,0.16221388391593258,0.16221388391593258,0.16221388391593258,0.16221388391593258,0.16221388391593258,0.16221388391593258,0.16221388391593258,0.16221388391593258,0.16221388391593258,0.16221388391593258,0.16221388391593258,0.16221388391593258,0.16221388391593258,0.16221388391593258,0.16221388391593258,0.16221388391593258,0.16221388391593258,0.16221388391593258,0.1607010670252847,0.1607010670252847,0.1607010670252847,0.1607010670252847,0.1607010670252847,0.1607010670252847,0.1607010670252847,0.1607010670252847,0.1607010670252847,0.1607010670252847,0.1607010670252847,0.1607010670252847,0.16070106702528447,0.1607010670252847,0.1607010670252847,0.1607010670252847,0.1607010670252847,0.1607010670252847,0.1607010670252847,0.1607010670252847,0.1607010670252847,0.1607010670252847,0.1607010670252847,0.1607010670252847,0.1607010670252847,0.1592184513984283,0.15921845139842808,0.15921845139842786,0.15921845139842808,0.1592184513984283,0.15921845139842808,0.15921845139842786,0.15921845139842764,0.15921845139842786,0.15921845139842808,0.15921845139842786,0.15921845139842764,0.15921845139842764,0.15921845139842764,0.15921845139842786,0.15921845139842808,0.15921845139842786,0.15921845139842764,0.15921845139842786,0.15921845139842808,0.1592184513984283,0.15921845139842808,0.15921845139842786,0.15921845139842808,0.1592184513984283,0.15776544618013058,0.15776544618012994,0.15776544618012953,0.15776544618012994,0.15776544618013058,0.15776544618012994,0.1577654461801293,0.15776544618012886,0.1577654461801293,0.15776544618012994,0.15776544618012953,0.15776544618012886,0.15776544618012844,0.15776544618012886,0.15776544618012953,0.15776544618012994,0.1577654461801293,0.15776544618012886,0.1577654461801293,0.15776544618012994,0.15776544618013058,0.15776544618012994,0.15776544618012953,0.15776544618012994,0.15776544618013058,0.15634146249927192,0.15634146249926983,0.15634146249926859,0.15634146249926983,0.15634146249927192,0.15634146249926983,0.15634146249926775,0.15634146249926628,0.15634146249926775,0.15634146249926983,0.15634146249926859,0.15634146249926628,0.156341462499265,0.15634146249926628,0.15634146249926859,0.15634146249926983,0.15634146249926775,0.15634146249926628,0.15634146249926775,0.15634146249926983,0.15634146249927192,0.15634146249926983,0.15634146249926859,0.15634146249926983,0.15634146249927192,0.15494591455590684,0.15494591455590032,0.1549459145558962,0.15494591455590032,0.15494591455590684,0.15494591455590032,0.15494591455589354,0.15494591455588924,0.15494591455589354,0.15494591455590032,0.1549459145558962,0.15494591455588924,0.15494591455588494,0.15494591455588924,0.1549459145558962,0.15494591455590032,0.15494591455589354,0.15494591455588924,0.15494591455589354,0.15494591455590032,0.15494591455590684,0.15494591455590032,0.1549459145558962,0.15494591455590032,0.15494591455590684,0.1535782205907726,0.1535782205907527,0.15357822059074008,0.1535782205907527,0.1535782205907726,0.1535782205907527,0.15357822059073142,0.153578220590718,0.15357822059073142,0.1535782205907527,0.15357822059074008,0.153578220590718,0.15357822059070392,0.153578220590718,0.15357822059074008,0.1535782205907527,0.15357822059073142,0.153578220590718,0.15357822059073142,0.1535782205907527,0.1535782205907726,0.1535782205907527,0.15357822059074008,0.1535782205907527,0.1535782205907726,0.1522378037464044,0.15223780374634374,0.1522378037463052,0.15223780374634374,0.1522378037464044,0.15223780374634374,0.15223780374627743,0.1522378037462345,0.15223780374627743,0.15223780374634374,0.1522378037463052,0.1522378037462345,0.15223780374618825,0.1522378037462345,0.1522378037463052,0.15223780374634374,0.15223780374627743,0.1522378037462345,0.15223780374627743,0.15223780374634374,0.1522378037464044,0.15223780374634374,0.1522378037463052,0.15223780374634374,0.1522378037464044,0.15092409282847966,0.15092409282829772,0.15092409282818006,0.15092409282829772,0.15092409282847966,0.15092409282829772,0.15092409282809072,0.1509240928279522,0.15092409282809072,0.15092409282829772,0.15092409282818006,0.1509240928279522,0.15092409282779942,0.1509240928279522,0.15092409282818006,0.15092409282829772,0.15092409282809072,0.1509240928279522,0.15092409282809072,0.15092409282829772,0.15092409282847966,0.15092409282829772,0.15092409282818006,0.15092409282829772,0.15092409282847966,0.14963652297551672,0.1496365229749833,0.1496365229746288,0.1496365229749833,0.14963652297551672,0.1496365229749833,0.14963652297434366,0.14963652297390156,0.14963652297434366,0.1496365229749833,0.1496365229746288,0.14963652297390156,0.14963652297338856,0.14963652297390156,0.1496365229746288,0.1496365229749833,0.14963652297434366,0.14963652297390156,0.14963652297434366,0.1496365229749833,0.14963652297551672,0.1496365229749833,0.1496365229746288,0.1496365229749833,0.14963652297551672,0.1483745362446186,0.14837453624310037,0.1483745362420477,0.14837453624310037,0.1483745362446186,0.14837453624310037,0.14837453624115587,0.14837453623971697,0.14837453624115587,0.14837453624310037,0.1483745362420477,0.14837453623971697,0.1483745362379039,0.14837453623971697,0.1483745362420477,0.14837453624310037,0.14837453624115587,0.14837453623971697,0.14837453624115587,0.14837453624310037,0.1483745362446186,0.14837453624310037,0.1483745362420477,0.14837453624310037,0.1483745362446186,0.14713758212064745,0.14713758211651712,0.14713758211345873,0.14713758211651712,0.14713758212064745,0.14713758211651712,0.14713758211072642,0.14713758210593814,0.14713758211072642,0.14713758211651712,0.14713758211345873,0.14713758210593814,0.14713758209902336,0.14713758210593814,0.14713758211345873,0.14713758211651712,0.14713758211072642,0.14713758210593814,0.14713758211072642,0.14713758211651712,0.14713758212064745,0.14713758211651712,0.14713758211345873,0.14713758211651712,0.14713758212064745,0.1459251179561262,0.14592511794568006,0.14592511793715687,0.14592511794568006,0.1459251179561262,0.14592511794568006,0.1459251179291388,0.14592511791293356,0.1459251179291388,0.14592511794568006,0.14592511793715687,0.14592511791293356,0.14592511788370788,0.14592511791293356,0.14592511793715687,0.14592511794568006,0.1459251179291388,0.14592511791293356,0.1459251179291388,0.14592511794568006,0.1459251179561262,0.14592511794568006,0.14592511793715687,0.14592511794568006,0.1459251179561262,0.1447366093490301,0.14473660932568577,0.1447366093039203,0.14473660932568577,0.1447366093490301,0.14473660932568577,0.14473660928245624,0.14473660922845438,0.14473660928245624,0.14473660932568577,0.1447366093039203,0.14473660922845438,0.1447366090888543,0.14473660922845438,0.1447366093039203,0.14473660932568577,0.14473660928245624,0.14473660922845438,0.14473660928245624,0.14473660932568577,0.1447366093490301,0.14473660932568577,0.1447366093039203,0.14473660932568577,0.1447366093490301,0.14357153046360996,0.14357153042196863,0.14357153037672263,0.14357153042196863,0.14357153046360996,0.14357153042196863,0.14357153033063813,0.1435715301732336,0.14357153033063813,0.14357153042196863,0.14357153037672263,0.1435715301732336,0.14357152941721402,0.1435715301732336,0.14357153037672263,0.14357153042196863,0.14357153033063813,0.1435715301732336,0.14357153033063813,0.14357153042196863,0.14357153046360996,0.14357153042196863,0.14357153037672263,0.14357153042196863,0.14357153046360996,0.14242936428950173,0.1424293642413356,0.14242936419093516,0.1424293642413356,0.14242936428950173,0.1424293642413356,0.14242936413966578,0.14242936398157915,0.14242936413966578,0.1424293642413356,0.14242936419093516,0.14242936398157915,0.14242936335237746,0.14242936398157915,0.14242936419093516,0.1424293642413356,0.14242936413966578,0.14242936398157915,0.14242936413966578,0.1424293642413356,0.14242936428950173,0.1424293642413356,0.14242936419093516,0.1424293642413356,0.14242936428950173,0.14130960281926777,0.14130960277228233,0.14130960272143117,0.14130960277228233,0.14130960281926777,0.14130960277228233,0.1413096026692937,0.14130960250093946,0.1413096026692937,0.14130960277228233,0.14130960272143117,0.14130960250093946,0.14130960178603874,0.14130960250093946,0.14130960272143117,0.14130960277228233,0.1413096026692937,0.14130960250093946,0.1413096026692937,0.14130960277228233,0.14130960281926777,0.14130960277228233,0.14130960272143117,0.14130960277228233,0.14130960281926777,0.14021174722541135,0.14021174719289795,0.14021174715388263,0.14021174719289795,0.14021174722541135,0.14021174719289795,0.14021174711316514,0.1402117469621402,0.14021174711316514,0.14021174719289795,0.14021174715388263,0.1402117469621402,0.14021174620393773,0.1402117469621402,0.14021174715388263,0.14021174719289795,0.14021174711316514,0.1402117469621402,0.14021174711316514,0.14021174719289795,0.14021174722541135,0.14021174719289795,0.14021174715388263,0.14021174719289795,0.14021174722541135,0.13913530797777426,0.13913530798179283,0.13913530798311055,0.13913530798179283,0.13913530797777426,0.13913530798179283,0.1391353079837447,0.1391353079759484,0.1391353079837447,0.13913530798179283,0.13913530798311055,0.1391353079759484,0.1391353079246085,0.1391353079759484,0.13913530798311055,0.13913530798179283,0.1391353079837447,0.1391353079759484,0.1391353079837447,0.13913530798179283,0.13913530797777426,0.13913530798179283,0.13913530798311055,0.13913530798179283,0.13913530797777426,0.13807980491830343,0.13807980496837713,0.13807980501986747,0.13807980496837713,0.13807980491830343,0.13807980496837713,0.13807980507237644,0.13807980521895072,0.13807980507237644,0.13807980496837713,0.13807980501986747,0.13807980521895072,0.1380798056415914,0.13807980521895072,0.13807980501986747,0.13807980496837713,0.13807980507237644,0.13807980521895072,0.13807980507237644,0.13807980496837713,0.13807980491830343,0.13807980496837713,0.13807980501986747,0.13807980496837713,0.13807980491830343,0.13704476734722232,0.13704476743850566,0.13704476755042383,0.13704476743850566,0.13704476734722232,0.13704476743850566,0.1370447676667761,0.13704476812940727,0.1370447676667761,0.13704476743850566,0.13704476755042383,0.13704476812940727,0.13704477070518625,0.13704476812940727,0.13704476755042383,0.13704476743850566,0.1370447676667761,0.13704476812940727,0.1370447676667761,0.13704476743850566,0.13704476734722232,0.13704476743850566,0.13704476755042383,0.13704476743850566,0.13704476734722232,0.13602973408419328,0.1360297341487848,0.13602973421229753,0.1360297341487848,0.13602973408419328,0.1360297341487848,0.13602973427613727,0.13602973444714822,0.13602973427613727,0.1360297341487848,0.13602973421229753,0.13602973444714822,0.1360297349229929,0.13602973444714822,0.13602973421229753,0.1360297341487848,0.13602973427613727,0.13602973444714822,0.13602973427613727,0.1360297341487848,0.13602973408419328,0.1360297341487848,0.13602973421229753,0.1360297341487848,0.13602973408419328,0.13503425360418503,0.13503425364481766,0.13503425367843272,0.13503425364481766,0.13503425360418503,0.13503425364481766,0.1350342537103833,0.1350342537755349,0.1350342537103833,0.13503425364481766,0.13503425367843272,0.1350342537755349,0.13503425389422521,0.1350342537755349,0.13503425367843272,0.13503425364481766,0.1350342537103833,0.1350342537755349,0.1350342537103833,0.13503425364481766,0.13503425360418503,0.13503425364481766,0.13503425367843272,0.13503425364481766,0.13503425360418503
0.1653324874093493,0.1653324874093493,0.1653324874093493,0.1653324874093493,0.1653324874093493,0.1653324874093493,0.1653324874093493,0.1653324874093493,0.1653324874093493,0.1653324874093493,0.1653324874093493,0.1653324874093493,0.1653324874093493,0.1653324874093493,0.1653324874093493,0.1653324874093493,0.1653324874093493,0.1653324874093493,0.1653324874093493,0.1653324874093493,0.1653324874093493,0.1653324874093493,0.1653324874093493,0.1653324874093493,0.1653324874093493,0.16375749369806372,0.1637574936980635,0.1637574936980635,0.1637574936980635,0.16375749369806372,0.1637574936980635,0.1637574936980635,0.1637574936980635,0.1637574936980635,0.16375749369806372,0.1637574936980635,0.1637574936980635,0.1637574936980635,0.1637574936980635,0.1637574936980635,0.1637574936980635,0.1637574936980635,0.1637574936980635,0.1637574936980635,0.1637574936980635,0.16375749369806372,0.16375749369806372,0.1637574936980635,0.1637574936980635,0.1637574936980635,0.1622138839185523,0.1622138839185523,0.1622138839185523,0.1622138839185523,0.1622138839185523,0.1622138839185523,0.1622138839185523,0.16221388391855207,0.1622138839185523,0.1622138839185523,0.1622138839185523,0.16221388391855207,0.16221388391855207,0.16221388391855207,0.1622138839185523,0.1622138839185523,0.1622138839185523,0.16221388391855207,0.1622138839185523,0.1622138839185523,0.1622138839185523,0.1622138839185523,0.1622138839185523,0.1622138839185523,0.1622138839185523,0.1607010670278557,0.1607010670278557,0.16070106702785547,0.1607010670278557,0.1607010670278557,0.1607010670278557,0.16070106702785547,0.16070106702785547,0.16070106702785547,0.1607010670278557,0.16070106702785547,0.16070106702785547,0.16070106702785547,0.16070106702785547,0.16070106702785547,0.1607010670278557,0.16070106702785547,0.16070106702785547,0.16070106702785547,0.1607010670278557,0.1607010670278557,0.1607010670278557,0.16070106702785547,0.1607010670278557,0.1607010670278557,0.1592184514009525,0.1592184514009523,0.15921845140095206,0.1592184514009523,0.1592184514009525,0.1592184514009523,0.15921845140095206,0.15921845140095184,0.15921845140095206,0.1592184514009523,0.15921845140095206,0.15921845140095184,0.15921845140095184,0.15921845140095184,0.15921845140095206,0.1592184514009523,0.15921845140095206,0.15921845140095184,0.15921845140095206,0.1592184514009523,0.1592184514009525,0.1592184514009523,0.15921845140095206,0.1592184514009523,0.1592184514009525,0.15776544618261013,0.1577654461826095,0.15776544618260907,0.1577654461826095,0.15776544618261013,0.1577654461826095,0.15776544618260885,0.15776544618260843,0.15776544618260885,0.1577654461826095,0.15776544618260907,0.15776544618260843,0.15776544618260802,0.15776544618260843,0.15776544618260907,0.1577654461826095,0.15776544618260885,0.15776544618260843,0.15776544618260885,0.1577654461826095,0.15776544618261013,0.1577654461826095,0.15776544618260907,0.1577654461826095,0.15776544618261013,0.15634146250170905,0.156341462501707,0.15634146250170572,0.156341462501707,0.15634146250170905,0.156341462501707,0.15634146250170486,0.15634146250170364,0.15634146250170486,0.156341462501707,0.15634146250170572,0.15634146250170364,0.15634146250170217,0.15634146250170364,0.15634146250170572,0.156341462501707,0.15634146250170486,0.15634146250170364,0.15634146250170486,0.156341462501707,0.15634146250170905,0.156341462501707,0.15634146250170572,0.156341462501707,0.15634146250170905,0.15494591455830353,0.15494591455829718,0.15494591455829307,0.15494591455829718,0.15494591455830353,0.15494591455829718,0.1549459145582904,0.1549459145582861,0.1549459145582904,0.15494591455829718,0.15494591455829307,0.1549459145582861,0.1549459145582818,0.1549459145582861,0.15494591455829307,0.15494591455829718,0.1549459145582904,0.1549459145582861,0.1549459145582904,0.15494591455829718,0.15494591455830353,0.15494591455829718,0.15494591455829307,0.15494591455829718,0.15494591455830353,0.15357822059313092,0.15357822059311102,0.15357822059309856,0.15357822059311102,0.15357822059313092,0.15357822059311102,0.15357822059309012,0.1535782205930767,0.15357822059309012,0.15357822059311102,0.15357822059309856,0.1535782205930767,0.1535782205930628,0.1535782205930767,0.15357822059309856,0.15357822059311102,0.15357822059309012,0.1535782205930767,0.15357822059309012,0.15357822059311102,0.15357822059313092,0.15357822059311102,0.15357822059309856,0.15357822059311102,0.15357822059313092,0.15223780374872553,0.15223780374866547,0.1522378037486273,0.15223780374866547,0.15223780374872573,0.15223780374866547,0.15223780374859994,0.15223780374855742,0.15223780374859994,0.15223780374866547,0.1522378037486273,0.15223780374855742,0.15223780374851176,0.15223780374855742,0.1522378037486273,0.15223780374866547,0.15223780374859994,0.15223780374855742,0.15223780374859994,0.15223780374866547,0.15223780374872573,0.15223780374866547,0.1522378037486273,0.15223780374866547,0.15223780374872573,0.1509240928307644,0.1509240928305844,0.15092409283046787,0.1509240928305844,0.1509240928307644,0.1509240928305844,0.15092409283037972,0.15092409283024275,0.15092409283037972,0.1509240928305844,0.15092409283046787,0.15092409283024275,0.1509240928300913,0.15092409283024275,0.15092409283046787,0.1509240928305844,0.15092409283037972,0.15092409283024275,0.15092409283037972,0.1509240928305844,0.1509240928307644,0.1509240928305844,0.15092409283046787,0.1509240928305844,0.1509240928307644,0.14963652297776286,0.14963652297723473,0.14963652297688398,0.14963652297723473,0.14963652297776286,0.14963652297723473,0.14963652297660204,0.14963652297616453,0.14963652297660204,0.14963652297723473,0.14963652297688398,0.14963652297616453,0.14963652297565702,0.14963652297616453,0.14963652297688398,0.14963652297723473,0.14963652297660204,0.14963652297616453,0.14963652297660204,0.14963652297723473,0.14963652297776286,0.14963652297723473,0.14963652297688398,0.14963652297723473,0.14963652297776286,0.1483745362468164,0.1483745362453132,0.14837453624427127,0.1483745362453132,0.1483745362468164,0.1483745362453132,0.14837453624338892,0.14837453624196542,0.14837453624338892,0.1483745362453132,0.14837453624427127,0.14837453624196542,0.14837453624017216,0.14837453624196542,0.14837453624427127,0.1483745362453132,0.14837453624338892,0.14837453624196542,0.14837453624338892,0.1483745362453132,0.1483745362468164,0.1483745362453132,0.14837453624427127,0.1483745362453132,0.1483745362468164,0.14713758212276684,0.14713758211867645,0.14713758211564898,0.14713758211867645,0.14713758212276684,0.14713758211867645,0.147137582112945,0.14713758210820813,0.147137582112945,0.14713758211867645,0.14713758211564898,0.14713758210820813,0.14713758210137182,0.14713758210820813,0.14713758211564898,0.14713758211867645,0.147137582112945,0.14713758210820813,0.147137582112945,0.14713758211867645,0.14713758212276684,0.14713758211867645,0.14713758211564898,0.14713758211867645,0.14713758212276684,0.14592511795808508,0.14592511794773563,0.1459251179392961,0.14592511794773563,0.14592511795808508,0.14592511794773563,0.1459251179313591,0.14592511791532956,0.1459251179313591,0.14592511794773563,0.1459251179392961,0.14592511791532956,0.14592511788644685,0.14592511791532956,0.1459251179392961,0.14592511794773563,0.1459251179313591,0.14592511791532956,0.1459251179313591,0.14592511794773563,0.14592511795808508,0.14592511794773563,0.1459251179392961,0.14592511794773563,0.14592511795808508,0.14473660935062774,0.14473660932747978,0.14473660930591714,0.14473660932747978,0.14473660935062774,0.14473660932747978,0.1447366092846594,0.14473660923123913,0.1447366092846594,0.14473660932747978,0.14473660930591714,0.14473660923123913,0.1447366090933369,0.14473660923123913,0.14473660930591714,0.14473660932747978,0.1447366092846594,0.14473660923123913,0.1447366092846594,0.14473660932747978,0.14473660935062774,0.14473660932747978,0.14473660930591714,0.14473660932747978,0.14473660935062774,0.14357153046443577,0.14357153042306905,0.14357153037818052,0.14357153042306905,0.14357153046443577,0.14357153042306905,0.14357153033247025,0.14357153017666202,0.14357153033247025,0.14357153042306905,0.14357153037818052,0.14357153017666202,0.14357152943014126,0.14357153017666202,0.14357153037818052,0.14357153042306905,0.14357153033247025,0.14357153017666202,0.14357153033247025,0.14357153042306905,0.14357153046443577,0.14357153042306905,0.14357153037818052,0.14357153042306905,0.14357153046443577,0.14242936428897798,0.14242936424089153,0.14242936419054916,0.14242936424089153,0.14242936428897798,0.14242936424089153,0.14242936413933519,0.1424293639812361,0.14242936413933519,0.14242936424089153,0.14242936419054916,0.1424293639812361,0.1424293633505743,0.1424293639812361,0.14242936419054916,0.14242936424089153,0.14242936413933519,0.1424293639812361,0.14242936413933519,0.14242936424089153,0.14242936428897798,0.14242936424089153,0.14242936419054916,0.14242936424089153,0.14242936428897798,0.1413096028172108,0.14130960277017768,0.14130960271925086,0.14130960277017768,0.1413096028172108,0.14130960277017768,0.14130960266703133,0.14130960249830554,0.14130960266703133,0.14130960277017768,0.14130960271925086,0.14130960249830554,0.1413096017813743,0.14130960249830554,0.14130960271925086,0.14130960277017768,0.14130960266703133,0.14130960249830554,0.14130960266703133,0.14130960277017768,0.1413096028172108,0.14130960277017768,0.14130960271925086,0.14130960277017768,0.1413096028172108,0.14021174722189764,0.14021174718930005,0.14021174715019494,0.14021174718930005,0.14021174722189764,0.14021174718930005,0.14021174710938555,0.140211746958071,0.14021174710938555,0.14021174718930005,0.14021174715019494,0.140211746958071,0.14021174619868862,0.140211746958071,0.14021174715019494,0.14021174718930005,0.14021174710938555,0.140211746958071,0.14021174710938555,0.14021174718930005,0.14021174722189764,0.14021174718930005,0.14021174715019494,0.14021174718930005,0.14021174722189764,0.13913530797295487,0.1391353079768721,0.13913530797810048,0.1391353079768721,0.13913530797295487,0.1391353079768721,0.13913530797864704,0.1391353079706559,0.13913530797864704,0.1391353079768721,0.13913530797810048,0.1391353079706559,0.13913530791890036,0.1391353079706559,0.13913530797810048,0.1391353079768721,0.13913530797864704,0.1391353079706559,0.13913530797864704,0.1391353079768721,0.13913530797295487,0.1391353079768721,0.13913530797810048,0.1391353079768721,0.13913530797295487,0.1380798049123658,0.1380798049622823,0.13807980501362008,0.1380798049622823,0.1380798049123658,0.1380798049622823,0.13807980506597584,0.13807980521214905,0.13807980506597584,0.1380798049622823,0.13807980501362008,0.13807980521214905,0.13807980563370306,0.13807980521214905,0.13807980501362008,0.1380798049622823,0.13807980506597584,0.13807980521214905,0.13807980506597584,0.1380798049622823,0.1380798049123658,0.1380798049622823,0.13807980501362008,0.1380798049622823,0.1380798049123658,0.13704476734047072,0.1370447674315267,0.13704476754317427,0.1370447674315267,0.13704476734047072,0.1370447674315267,0.13704476765924722,0.13704476812079208,0.13704476765924722,0.1370447674315267,0.13704476754317427,0.13704476812079208,0.13704477069059817,0.13704476812079208,0.13704476754317427,0.1370447674315267,0.13704476765924722,0.13704476812079208,0.13704476765924722,0.1370447674315267,0.13704476734047072,0.1370447674315267,0.13704476754317427,0.1370447674315267,0.13704476734047072,0.13602973407707958,0.13602973414151556,0.1360297342048774,0.13602973414151556,0.13602973407707958,0.13602973414151556,0.13602973426856607,0.13602973443917624,0.13602973426856607,0.13602973414151556,0.1360297342048774,0.13602973443917624,0.13602973491391512,0.13602973443917624,0.1360297342048774,0.13602973414151556,0.13602973426856607,0.13602973443917624,0.13602973426856607,0.13602973414151556,0.13602973407707958,0.13602973414151556,0.1360297342048774,0.13602973414151556,0.13602973407707958,0.1350342535970177,0.1350342536375537,0.13503425367108934,0.1350342536375537,0.1350342535970177,0.1350342536375537,0.1350342537029646,0.13503425376796355,0.1350342537029646,0.1350342536375537,0.13503425367108934,0.13503425376796355,0.135034253886377,0.13503425376796355,0.13503425367108934,0.1350342536375537,0.1350342537029646,0.13503425376796355,0.1350342537029646,0.1350342536375537,0.1350342535970177,0.1350342536375537,0.13503425367108934,0.1350342536375537,0.1350342535970177
0.1653324874122156,0.1653324874122156,0.1653324874122156,0.1653324874122156,0.1653324874122156,0.1653324874122156,0.1653324874122156,0.1653324874122156,0.1653324874122156,0.1653324874122156,0.1653324874122156,0.1653324874122156,0.1653324874122156,0.1653324874122156,0.1653324874122156,0.1653324874122156,0.1653324874122156,0.1653324874122156,0.1653324874122156,0.1653324874122156,0.1653324874122156,0.1653324874122156,0.1653324874122156,0.1653324874122156,0.16533248741221584,0.16375749370087433,0.16375749370087433,0.16375749370087433,0.16375749370087433,0.16375749370087433,0.16375749370087433,0.16375749370087433,0.16375749370087433,0.16375749370087433,0.16375749370087433,0.16375749370087433,0.16375749370087433,0.1637574937008741,0.16375749370087433,0.16375749370087433,0.16375749370087433,0.16375749370087433,0.16375749370087433,0.16375749370087433,0.16375749370087433,0.16375749370087433,0.16375749370087433,0.16375749370087433,0.16375749370087433,0.16375749370087433,0.16221388392130914,0.16221388392130914,0.16221388392130914,0.16221388392130914,0.16221388392130914,0.16221388392130914,0.16221388392130914,0.16221388392130914,0.16221388392130914,0.16221388392130914,0.16221388392130914,0.16221388392130914,0.16221388392130914,0.16221388392130914,0.16221388392130914,0.16221388392130914,0.16221388392130914,0.16221388392130914,0.16221388392130914,0.16221388392130914,0.16221388392130914,0.16221388392130914,0.16221388392130914,0.16221388392130914,0.16221388392130914,0.16070106703056106,0.16070106703056083,0.16070106703056083,0.16070106703056083,0.16070106703056106,0.16070106703056083,0.16070106703056083,0.16070106703056083,0.16070106703056083,0.16070106703056083,0.16070106703056083,0.16070106703056083,0.16070106703056083,0.16070106703056083,0.16070106703056083,0.16070106703056083,0.16070106703056083,0.16070106703056083,0.16070106703056083,0.16070106703056083,0.16070106703056106,0.16070106703056083,0.16070106703056083,0.16070106703056083,0.16070106703056106,0.1592184514036082,0.159218451403608,0.159218451403608,0.159218451403608,0.1592184514036082,0.159218451403608,0.15921845140360777,0.15921845140360777,0.15921845140360777,0.159218451403608,0.159218451403608,0.15921845140360777,0.15921845140360757,0.15921845140360777,0.159218451403608,0.159218451403608,0.15921845140360777,0.15921845140360777,0.15921845140360777,0.159218451403608,0.1592184514036082,0.159218451403608,0.159218451403608,0.159218451403608,0.1592184514036082,0.15776544618521857,0.15776544618521793,0.15776544618521748,0.15776544618521793,0.15776544618521857,0.15776544618521793,0.1577654461852173,0.15776544618521687,0.1577654461852173,0.15776544618521793,0.15776544618521748,0.15776544618521687,0.15776544618521643,0.15776544618521687,0.15776544618521748,0.15776544618521793,0.1577654461852173,0.15776544618521687,0.1577654461852173,0.15776544618521793,0.15776544618521857,0.15776544618521793,0.15776544618521748,0.15776544618521793,0.15776544618521857,0.1563414625042723,0.15634146250427022,0.15634146250426897,0.15634146250427022,0.1563414625042723,0.15634146250427022,0.1563414625042681,0.15634146250426686,0.1563414625042681,0.15634146250427022,0.15634146250426897,0.15634146250426686,0.1563414625042654,0.15634146250426686,0.15634146250426897,0.15634146250427022,0.1563414625042681,0.15634146250426686,0.1563414625042681,0.15634146250427022,0.1563414625042723,0.15634146250427022,0.15634146250426897,0.15634146250427022,0.1563414625042723,0.15494591456082357,0.15494591456081722,0.15494591456081333,0.15494591456081722,0.15494591456082357,0.15494591456081722,0.15494591456081067,0.15494591456080656,0.15494591456081067,0.15494591456081722,0.15494591456081333,0.15494591456080656,0.15494591456080226,0.15494591456080656,0.15494591456081333,0.15494591456081722,0.15494591456081067,0.15494591456080656,0.15494591456081067,0.15494591456081722,0.15494591456082357,0.15494591456081722,0.15494591456081333,0.15494591456081722,0.15494591456082357,0.15357822059560972,0.15357822059559023,0.15357822059557796,0.15357822059559023,0.15357822059560972,0.15357822059559023,0.15357822059556936,0.15357822059555626,0.15357822059556936,0.15357822059559023,0.15357822059557796,0.15357822059555626,0.15357822059554263,0.15357822059555626,0.15357822059557796,0.15357822059559023,0.15357822059556936,0.15357822059555626,0.15357822059556936,0.15357822059559023,0.15357822059560972,0.15357822059559023,0.15357822059557796,0.15357822059559023,0.15357822059560972,0.15223780375116494,0.1522378037511055,0.15223780375106769,0.1522378037511055,0.15223780375116494,0.1522378037511055,0.15223780375104054,0.1522378037509986,0.15223780375104054,0.1522378037511055,0.15223780375106769,0.1522378037509986,0.15223780375095375,0.1522378037509986,0.15223780375106769,0.1522378037511055,0.15223780375104054,0.1522378037509986,0.15223780375104054,0.1522378037511055,0.15223780375116494,0.1522378037511055,0.15223780375106769,0.1522378037511055,0.15223780375116494,0.15092409283316452,0.15092409283298644,0.15092409283287128,0.15092409283298644,0.15092409283316452,0.15092409283298644,0.15092409283278407,0.15092409283264885,0.15092409283278407,0.15092409283298644,0.15092409283287128,0.15092409283264885,0.15092409283249933,0.15092409283264885,0.15092409283287128,0.15092409283298644,0.15092409283278407,0.15092409283264885,0.15092409283278407,0.15092409283298644,0.15092409283316452,0.15092409283298644,0.15092409283287128,0.15092409283298644,0.15092409283316452,0.14963652298012167,0.1496365229795992,0.14963652297925226,0.1496365229795992,0.14963652298012167,0.1496365229795992,0.14963652297897356,0.14963652297854094,0.14963652297897356,0.1496365229795992,0.14963652297925226,0.14963652297854094,0.14963652297803928,0.14963652297854094,0.14963652297925226,0.1496365229795992,0.14963652297897356,0.14963652297854094,0.14963652297897356,0.1496365229795992,0.14963652298012167,0.1496365229795992,0.14963652297925226,0.1496365229795992,0.14963652298012167,0.14837453624912358,0.1483745362476363,0.14837453624660568,0.1483745362476363,0.14837453624912358,0.1483745362476363,0.14837453624573316,0.14837453624432556,0.14837453624573316,0.1483745362476363,0.14837453624660568,0.14837453624432556,0.14837453624255345,0.14837453624432556,0.14837453624660568,0.1483745362476363,0.14837453624573316,0.14837453624432556,0.14837453624573316,0.1483745362476363,0.14837453624912358,0.1483745362476363,0.14837453624660568,0.1483745362476363,0.14837453624912358,0.14713758212499048,0.14713758212094225,0.14713758211794728,0.14713758212094225,0.14713758212499048,0.14713758212094225,0.1471375821152731,0.14713758211059055,0.1471375821152731,0.14713758212094225,0.14713758211794728,0.14713758211059055,0.1471375821038369,0.14713758211059055,0.14713758211794728,0.14713758212094225,0.1471375821152731,0.14713758211059055,0.1471375821152731,0.14713758212094225,0.14713758212499048,0.14713758212094225,0.14713758211794728,0.14713758212094225,0.14713758212499048,0.14592511796013852,0.1459251179498909,0.1459251179415397,0.1459251179498909,0.14592511796013852,0.1459251179498909,0.14592511793368834,0.14592511791784382,0.14592511793368834,0.1459251179498909,0.1459251179415397,0.14592511791784382,0.1459251178893233,0.14592511791784382,0.1459251179415397,0.1459251179498909,0.14592511793368834,0.14592511791784382,0.14592511793368834,0.1459251179498909,0.14592511796013852,0.1459251179498909,0.1459251179415397,0.1459251179498909,0.14592511796013852,0.1447366093522992,0.14473660932935847,0.14473660930800944,0.14473660932935847,0.1447366093522992,0.14473660932935847,0.14473660928696958,0.14473660923416248,0.14473660928696958,0.14473660932935847,0.14473660930800944,0.14473660923416248,0.14473660909805186,0.14473660923416248,0.14473660930800944,0.14473660932935847,0.14473660928696958,0.14473660923416248,0.14473660928696958,0.14473660932935847,0.1447366093522992,0.14473660932935847,0.14473660930800944,0.14473660932935847,0.1447366093522992,0.14357153046529322,0.14357153042421553,0.14357153037970338,0.14357153042421553,0.14357153046529322,0.14357153042421553,0.14357153033438758,0.14357153018026292,0.14357153033438758,0.14357153042421553,0.14357153037970338,0.14357153018026292,0.14357152944375262,0.14357153018026292,0.14357153037970338,0.14357153042421553,0.14357153033438758,0.14357153018026292,0.14357153033438758,0.14357153042421553,0.14357153046529322,0.14357153042421553,0.14357153037970338,0.14357153042421553,0.14357153046529322,0.14242936428841269,0.14242936424040892,0.1424293641901261,0.14242936424040892,0.14242936428841269,0.14242936424040892,0.14242936413896928,0.14242936398085296,0.14242936413896928,0.14242936424040892,0.1424293641901261,0.14242936398085296,0.14242936334862064,0.14242936398085296,0.1424293641901261,0.14242936424040892,0.14242936413896928,0.14242936398085296,0.14242936413896928,0.14242936424040892,0.14242936428841269,0.14242936424040892,0.1424293641901261,0.14242936424040892,0.14242936428841269,0.1413096028150321,0.14130960276794638,0.14130960271693715,0.14130960276794638,0.1413096028150321,0.14130960276794638,0.14130960266462847,0.14130960249550173,0.14130960266462847,0.14130960276794638,0.14130960271693715,0.14130960249550173,0.14130960177635812,0.14130960249550173,0.14130960271693715,0.14130960276794638,0.14130960266462847,0.14130960249550173,0.14130960266462847,0.14130960276794638,0.1413096028150321,0.14130960276794638,0.14130960271693715,0.14130960276794638,0.1413096028150321,0.14021174721819094,0.1402117471855024,0.1402117471462997,0.1402117471855024,0.14021174721819094,0.1402117471855024,0.1402117471053905,0.1402117469537596,0.1402117471053905,0.1402117471855024,0.1402117471462997,0.1402117469537596,0.14021174619305896,0.1402117469537596,0.1402117471462997,0.1402117471855024,0.1402117471053905,0.1402117469537596,0.1402117471053905,0.1402117471855024,0.14021174721819094,0.1402117471855024,0.1402117471462997,0.1402117471855024,0.14021174721819094,0.13913530796788454,0.1391353079716944,0.13913530797282772,0.1391353079716944,0.13913530796788454,0.1391353079716944,0.13913530797328133,0.1391353079650823,0.13913530797328133,0.1391353079716944,0.13913530797282772,0.1391353079650823,0.1391353079128812,0.1391353079650823,0.13913530797282772,0.1391353079716944,0.13913530797328133,0.1391353079650823,0.13913530797328133,0.1391353079716944,0.13913530796788454,0.1391353079716944,0.13913530797282772,0.1391353079716944,0.13913530796788454,0.13807980490613098,0.1380798049558833,0.13807980500706152,0.1380798049558833,0.13807980490613098,0.1380798049558833,0.1380798050592576,0.13807980520501217,0.1380798050592576,0.1380798049558833,0.13807980500706152,0.13807980520501217,0.13807980562543454,0.13807980520501217,0.13807980500706152,0.1380798049558833,0.1380798050592576,0.13807980520501217,0.1380798050592576,0.1380798049558833,0.13807980490613098,0.1380798049558833,0.13807980500706152,0.1380798049558833,0.13807980490613098,0.13704476733338958,0.137044767424209,0.1370447675355753,0.137044767424209,0.13704476733338958,0.137044767424209,0.13704476765135773,0.13704476811177307,0.13704476765135773,0.137044767424209,0.1370447675355753,0.13704476811177307,0.13704477067536194,0.13704476811177307,0.1370447675355753,0.137044767424209,0.13704476765135773,0.13704476811177307,0.13704476765135773,0.137044767424209,0.13704476733338958,0.137044767424209,0.1370447675355753,0.137044767424209,0.13704476733338958,0.1360297340696226,0.13602973413389713,0.13602973419710182,0.13602973413389713,0.1360297340696226,0.13602973413389713,0.13602973426063364,0.13602973443082733,0.13602973426063364,0.13602973413389713,0.13602973419710182,0.13602973443082733,0.13602973490441694,0.13602973443082733,0.13602973419710182,0.13602973413389713,0.13602973426063364,0.13602973443082733,0.13602973426063364,0.13602973413389713,0.1360297340696226,0.13602973413389713,0.13602973419710182,0.13602973413389713,0.1360297340696226,0.1350342535895063,0.13503425362994168,0.1350342536633947,0.13503425362994168,0.1350342535895063,0.13503425362994168,0.13503425369519173,0.13503425376003186,0.13503425369519173,0.13503425362994168,0.1350342536633947,0.13503425376003186,0.13503425387815782,0.13503425376003186,0.1350342536633947,0.13503425362994168,0.13503425369519173,0.13503425376003186,0.13503425369519173,0.13503425362994168,0.1350342535895063,0.13503425362994168,0.1350342536633947,0.13503425362994168,0.1350342535895063
0.16533248741522208,0.16533248741522208,0.16533248741522208,0.16533248741522208,0.16533248741522208,0.16533248741522208,0.16533248741522208,0.16533248741522208,0.16533248741522208,0.16533248741522208,0.16533248741522208,0.16533248741522208,0.16533248741522208,0.16533248741522208,0.16533248741522208,0.16533248741522208,0.16533248741522208,0.16533248741522208,0.16533248741522208,0.16533248741522208,0.16533248741522208,0.16533248741522208,0.16533248741522208,0.16533248741522208,0.16533248741522208,0.1637574937038219,0.1637574937038219,0.1637574937038219,0.1637574937038219,0.1637574937038219,0.1637574937038219,0.1637574937038219,0.1637574937038219,0.1637574937038219,0.1637574937038219,0.1637574937038219,0.1637574937038219,0.1637574937038219,0.1637574937038219,0.1637574937038219,0.1637574937038219,0.1637574937038219,0.1637574937038219,0.1637574937038219,0.1637574937038219,0.1637574937038219,0.1637574937038219,0.1637574937038219,0.1637574937038219,0.1637574937038219,0.1622138839242004,0.1622138839242004,0.1622138839242004,0.1622138839242004,0.1622138839242004,0.1622138839242004,0.1622138839242004,0.1622138839242004,0.1622138839242004,0.1622138839242004,0.1622138839242004,0.1622138839242004,0.1622138839242004,0.1622138839242004,0.1622138839242004,0.1622138839242004,0.1622138839242004,0.1622138839242004,0.1622138839242004,0.1622138839242004,0.1622138839242004,0.1622138839242004,0.1622138839242004,0.1622138839242004,0.1622138839242004,0.16070106703339795,0.16070106703339795,0.16070106703339773,0.16070106703339795,0.16070106703339795,0.16070106703339795,0.16070106703339773,0.16070106703339773,0.16070106703339773,0.16070106703339795,0.16070106703339773,0.16070106703339773,0.16070106703339773,0.16070106703339773,0.16070106703339773,0.16070106703339795,0.16070106703339773,0.16070106703339773,0.16070106703339773,0.16070106703339773,0.16070106703339795,0.16070106703339795,0.16070106703339773,0.16070106703339773,0.16070106703339795,0.159218451406393,0.1592184514063928,0.1592184514063928,0.1592184514063928,0.159218451406393,0.1592184514063928,0.1592184514063926,0.1592184514063926,0.1592184514063926,0.1592184514063928,0.1592184514063928,0.1592184514063926,0.15921845140639238,0.1592184514063926,0.1592184514063928,0.1592184514063928,0.1592184514063926,0.1592184514063926,0.1592184514063926,0.1592184514063928,0.159218451406393,0.1592184514063928,0.1592184514063928,0.1592184514063928,0.159218451406393,0.1577654461879535,0.15776544618795288,0.15776544618795244,0.15776544618795288,0.1577654461879535,0.15776544618795288,0.15776544618795224,0.15776544618795182,0.15776544618795224,0.15776544618795288,0.15776544618795244,0.15776544618795182,0.15776544618795138,0.15776544618795182,0.15776544618795244,0.15776544618795288,0.15776544618795224,0.15776544618795182,0.15776544618795224,0.15776544618795288,0.1577654461879535,0.15776544618795288,0.15776544618795244,0.15776544618795288,0.1577654461879535,0.15634146250695932,0.15634146250695743,0.15634146250695619,0.15634146250695743,0.15634146250695932,0.15634146250695743,0.15634146250695535,0.15634146250695388,0.15634146250695535,0.15634146250695743,0.15634146250695619,0.15634146250695388,0.15634146250695263,0.15634146250695388,0.15634146250695619,0.15634146250695743,0.15634146250695535,0.15634146250695388,0.15634146250695535,0.15634146250695743,0.15634146250695932,0.15634146250695743,0.15634146250695619,0.15634146250695743,0.15634146250695932,0.15494591456346493,0.1549459145634588,0.1549459145634549,0.1549459145634588,0.15494591456346493,0.1549459145634588,0.15494591456345225,0.15494591456344814,0.15494591456345225,0.1549459145634588,0.1549459145634549,0.15494591456344814,0.15494591456344387,0.15494591456344814,0.1549459145634549,0.1549459145634588,0.15494591456345225,0.15494591456344814,0.15494591456345225,0.1549459145634588,0.15494591456346493,0.1549459145634588,0.1549459145634549,0.1549459145634588,0.15494591456346493,0.15357822059820742,0.15357822059818813,0.15357822059817608,0.15357822059818813,0.15357822059820742,0.15357822059818813,0.15357822059816764,0.1535782205981546,0.15357822059816764,0.15357822059818813,0.15357822059817608,0.1535782205981546,0.15357822059814114,0.1535782205981546,0.15357822059817608,0.15357822059818813,0.15357822059816764,0.1535782205981546,0.15357822059816764,0.15357822059818813,0.15357822059820742,0.15357822059818813,0.15357822059817608,0.15357822059818813,0.15357822059820742,0.1522378037537205,0.15223780375366186,0.15223780375362445,0.15223780375366186,0.1522378037537205,0.15223780375366186,0.1522378037535977,0.15223780375355633,0.1522378037535977,0.15223780375366186,0.15223780375362445,0.15223780375355633,0.1522378037535121,0.15223780375355633,0.15223780375362445,0.15223780375366186,0.1522378037535977,0.15223780375355633,0.1522378037535977,0.15223780375366186,0.1522378037537205,0.15223780375366186,0.15223780375362445,0.15223780375366186,0.1522378037537205,0.15092409283567845,0.1509240928355025,0.15092409283538868,0.1509240928355025,0.15092409283567845,0.1509240928355025,0.15092409283530264,0.15092409283516914,0.15092409283530264,0.1509240928355025,0.15092409283538868,0.15092409283516914,0.15092409283502117,0.15092409283516914,0.15092409283538868,0.1509240928355025,0.15092409283530264,0.15092409283516914,0.15092409283530264,0.1509240928355025,0.15092409283567845,0.1509240928355025,0.15092409283538868,0.1509240928355025,0.15092409283567845,0.14963652298259128,0.1496365229820751,0.14963652298173208,0.1496365229820751,0.14963652298259128,0.1496365229820751,0.14963652298145697,0.14963652298102928,0.14963652298145697,0.1496365229820751,0.14963652298173208,0.14963652298102928,0.14963652298053387,0.14963652298102928,0.14963652298173208,0.1496365229820751,0.14963652298145697,0.14963652298102928,0.14963652298145697,0.1496365229820751,0.14963652298259128,0.1496365229820751,0.14963652298173208,0.1496365229820751,0.14963652298259128,0.14837453625153826,0.14837453625006766,0.1483745362490491,0.14837453625006766,0.14837453625153826,0.14837453625006766,0.14837453624818672,0.1483745362467964,0.14837453624818672,0.14837453625006766,0.1483745362490491,0.1483745362467964,0.14837453624504632,0.1483745362467964,0.1483745362490491,0.14837453625006766,0.14837453624818672,0.1483745362467964,0.14837453624818672,0.14837453625006783,0.14837453625153826,0.14837453625006766,0.1483745362490491,0.14837453625006783,0.14837453625153826,0.14713758212731678,0.14713758212331307,0.14713758212035205,0.14713758212331307,0.14713758212731678,0.14713758212331307,0.14713758211770914,0.14713758211308378,0.14713758211770914,0.14713758212331307,0.14713758212035205,0.14713758211308378,0.14713758210641698,0.14713758211308378,0.14713758212035205,0.14713758212331307,0.14713758211770914,0.14713758211308378,0.14713758211770914,0.14713758212331307,0.14713758212731678,0.14713758212331307,0.14713758212035205,0.14713758212331307,0.14713758212731678,0.1459251179622854,0.1459251179521447,0.14592511794388624,0.1459251179521447,0.1459251179622854,0.1459251179521447,0.14592511793612514,0.1459251179204751,0.14592511793612514,0.1459251179521447,0.14592511794388624,0.1459251179204751,0.1459251178923351,0.1459251179204751,0.14592511794388624,0.1459251179521447,0.14592511793612514,0.1459251179204751,0.14592511793612514,0.1459251179521447,0.1459251179622854,0.1459251179521447,0.14592511794388624,0.1459251179521447,0.1459251179622854,0.1447366093540442,0.14473660933132076,0.1447366093101964,0.14473660933132076,0.1447366093540442,0.14473660933132076,0.14473660928938534,0.14473660923722287,0.14473660928938534,0.14473660933132076,0.1447366093101964,0.14473660923722287,0.14473660910299563,0.14473660923722287,0.1447366093101964,0.14473660933132076,0.14473660928938534,0.14473660923722287,0.14473660928938534,0.14473660933132076,0.1447366093540442,0.14473660933132076,0.1447366093101964,0.14473660933132076,0.1447366093540442,0.1435715304661818,0.1435715304254075,0.1435715303812908,0.1435715304254075,0.1435715304661818,0.1435715304254075,0.14357153033638942,0.1435715301840339,0.14357153033638942,0.1435715304254075,0.1435715303812908,0.1435715301840339,0.1435715294580128,0.1435715301840339,0.1435715303812908,0.1435715304254075,0.14357153033638942,0.1435715301840339,0.14357153033638942,0.1435715304254075,0.1435715304661818,0.1435715304254075,0.1435715303812908,0.1435715304254075,0.1435715304661818,0.1424293642878066,0.1424293642398884,0.14242936418966679,0.1424293642398884,0.1424293642878066,0.1424293642398884,0.14242936413856905,0.14242936398043057,0.14242936413856905,0.1424293642398884,0.14242936418966679,0.14242936398043057,0.14242936334655712,0.14242936398043057,0.14242936418966679,0.1424293642398884,0.14242936413856905,0.14242936398043057,0.14242936413856905,0.1424293642398884,0.1424293642878066,0.1424293642398884,0.14242936418966679,0.1424293642398884,0.1424293642878066,0.1413096028127337,0.14130960276559024,0.14130960271449236,0.14130960276559024,0.1413096028127337,0.14130960276559024,0.14130960266208747,0.14130960249253097,0.14130960266208747,0.14130960276559024,0.14130960271449236,0.14130960249253097,0.14130960177101415,0.14130960249253097,0.14130960271449236,0.14130960276559024,0.14130960266208747,0.14130960249253097,0.14130960266208747,0.14130960276559024,0.1413096028127337,0.14130960276559024,0.14130960271449236,0.14130960276559024,0.1413096028127337,0.14021174721429425,0.140211747181508,0.14021174714220033,0.140211747181508,0.14021174721429425,0.140211747181508,0.14021174710118356,0.14021174694921,0.14021174710118356,0.140211747181508,0.14021174714220033,0.14021174694921,0.1402117461870918,0.14021174694921,0.14021174714220033,0.140211747181508,0.14021174710118356,0.14021174694921,0.14021174710118356,0.140211747181508,0.14021174721429425,0.140211747181508,0.14021174714220033,0.140211747181508,0.14021174721429425,0.13913530796256707,0.13913530796626356,0.13913530796729634,0.13913530796626356,0.13913530796256707,0.13913530796626356,0.13913530796765164,0.13913530795923218,0.13913530796765164,0.13913530796626356,0.13913530796729634,0.13913530795923218,0.1391353079065561,0.13913530795923218,0.13913530796729634,0.13913530796626356,0.13913530796765164,0.13913530795923218,0.13913530796765164,0.13913530796626356,0.13913530796256707,0.13913530796626356,0.13913530796729634,0.13913530796626356,0.13913530796256707,0.13807980489960325,0.13807980494918443,0.1380798050001966,0.13807980494918443,0.13807980489960325,0.13807980494918443,0.138079805052226,0.13807980519754523,0.138079805052226,0.13807980494918443,0.1380798050001966,0.13807980519754523,0.13807980561679098,0.13807980519754523,0.1380798050001966,0.13807980494918443,0.138079805052226,0.13807980519754523,0.138079805052226,0.13807980494918443,0.13807980489960325,0.13807980494918443,0.1380798050001966,0.13807980494918443,0.13807980489960325,0.13704476732598386,0.13704476741655763,0.13704476752763164,0.13704476741655763,0.13704476732598386,0.13704476741655763,0.13704476764311257,0.13704476810235616,0.13704476764311257,0.13704476741655763,0.13704476752763164,0.13704476810235616,0.13704477065949291,0.13704476810235616,0.13704476752763164,0.13704476741655763,0.13704476764311257,0.13704476810235616,0.13704476764311257,0.13704476741655763,0.13704476732598386,0.13704476741655763,0.13704476752763164,0.13704476741655763,0.13704476732598386,0.13602973406182778,0.13602973412593442,0.13602973418897613,0.13602973412593442,0.13602973406182778,0.13602973412593442,0.1360297342523451,0.1360297344221067,0.1360297342523451,0.13602973412593442,0.13602973418897613,0.1360297344221067,0.13602973489450404,0.1360297344221067,0.13602973418897613,0.13602973412593442,0.1360297342523451,0.1360297344221067,0.1360297342523451,0.13602973412593442,0.13602973406182778,0.13602973412593442,0.13602973418897613,0.13602973412593442,0.13602973406182778,0.1350342535816556,0.1350342536219867,0.1350342536553539,0.1350342536219867,0.1350342535816556,0.1350342536219867,0.13503425368706973,0.13503425375174524,0.13503425368706973,0.1350342536219867,0.1350342536553539,0.13503425375174524,0.13503425386957282,0.13503425375174524,0.1350342536553539,0.1350342536219867,0.13503425368706973,0.13503425375174524,0.13503425368706973,0.1350342536219867,0.1350342535816556,0.1350342536219867,0.1350342536553539,0.1350342536219867,0.1350342535816556
0.1653324874183666,0.1653324874183666,0.1653324874183666,0.1653324874183666,0.1653324874183666,0.1653324874183666,0.1653324874183666,0.1653324874183666,0.1653324874183666,0.1653324874183666,0.1653324874183666,0.1653324874183666,0.1653324874183666,0.1653324874183666,0.1653324874183666,0.1653324874183666,0.1653324874183666,0.1653324874183666,0.1653324874183666,0.1653324874183666,0.1653324874183666,0.1653324874183666,0.1653324874183666,0.1653324874183666,0.1653324874183666,0.1637574937069052,0.1637574937069052,0.1637574937069052,0.1637574937069052,0.1637574937069052,0.1637574937069052,0.1637574937069052,0.1637574937069052,0.1637574937069052,0.1637574937069052,0.1637574937069052,0.1637574937069052,0.1637574937069052,0.1637574937069052,0.1637574937069052,0.1637574937069052,0.1637574937069052,0.1637574937069052,0.1637574937069052,0.1637574937069052,0.1637574937069052,0.1637574937069052,0.1637574937069052,0.1637574937069052,0.1637574937069052,0.1622138839272245,0.16221388392722427,0.16221388392722427,0.16221388392722427,0.1622138839272245,0.16221388392722427,0.16221388392722427,0.16221388392722427,0.16221388392722427,0.16221388392722427,0.16221388392722427,0.16221388392722427,0.16221388392722427,0.16221388392722427,0.16221388392722427,0.16221388392722427,0.16221388392722427,0.16221388392722427,0.16221388392722427,0.16221388392722427,0.1622138839272245,0.16221388392722427,0.16221388392722427,0.16221388392722427,0.1622138839272245,0.1607010670363648,0.1607010670363648,0.1607010670363648,0.1607010670363648,0.1607010670363648,0.1607010670363648,0.1607010670363648,0.1607010670363648,0.1607010670363648,0.1607010670363648,0.1607010670363648,0.1607010670363648,0.1607010670363646,0.1607010670363648,0.1607010670363648,0.1607010670363648,0.1607010670363648,0.1607010670363648,0.1607010670363648,0.1607010670363648,0.1607010670363648,0.1607010670363648,0.1607010670363648,0.1607010670363648,0.1607010670363648,0.1592184514093052,0.15921845140930496,0.15921845140930496,0.15921845140930496,0.1592184514093052,0.15921845140930496,0.15921845140930477,0.15921845140930477,0.15921845140930477,0.15921845140930496,0.15921845140930496,0.15921845140930477,0.15921845140930455,0.15921845140930477,0.15921845140930496,0.15921845140930496,0.15921845140930477,0.15921845140930477,0.15921845140930477,0.15921845140930496,0.1592184514093052,0.15921845140930496,0.15921845140930496,0.15921845140930496,0.1592184514093052,0.15776544619081306,0.15776544619081243,0.157765446190812,0.15776544619081243,0.15776544619081306,0.15776544619081243,0.1577654461908118,0.15776544619081134,0.1577654461908118,0.15776544619081243,0.157765446190812,0.15776544619081134,0.15776544619081093,0.15776544619081134,0.157765446190812,0.15776544619081243,0.1577654461908118,0.15776544619081134,0.1577654461908118,0.15776544619081243,0.15776544619081306,0.15776544619081243,0.157765446190812,0.15776544619081243,0.15776544619081306,0.15634146250976866,0.15634146250976658,0.15634146250976533,0.15634146250976658,0.15634146250976866,0.15634146250976658,0.1563414625097645,0.15634146250976325,0.1563414625097645,0.15634146250976658,0.15634146250976533,0.15634146250976325,0.156341462509762,0.15634146250976325,0.15634146250976533,0.15634146250976658,0.1563414625097645,0.15634146250976325,0.1563414625097645,0.15634146250976658,0.15634146250976866,0.15634146250976658,0.15634146250976533,0.15634146250976658,0.15634146250976866,0.15494591456622597,0.15494591456621987,0.15494591456621595,0.15494591456621987,0.15494591456622597,0.15494591456621987,0.1549459145662133,0.1549459145662094,0.1549459145662133,0.15494591456621987,0.15494591456621595,0.1549459145662094,0.15494591456620507,0.1549459145662094,0.15494591456621595,0.15494591456621987,0.1549459145662133,0.1549459145662094,0.1549459145662133,0.15494591456621987,0.15494591456622597,0.15494591456621987,0.15494591456621595,0.15494591456621987,0.15494591456622597,0.15357822060092222,0.15357822060090315,0.15357822060089107,0.15357822060090315,0.15357822060092222,0.15357822060090315,0.15357822060088286,0.15357822060086998,0.15357822060088286,0.15357822060090315,0.15357822060089107,0.15357822060086998,0.15357822060085674,0.15357822060086998,0.15357822060089107,0.15357822060090315,0.15357822060088286,0.15357822060086998,0.15357822060088286,0.15357822060090315,0.15357822060092222,0.15357822060090315,0.15357822060089107,0.15357822060090315,0.15357822060092222,0.15223780375639043,0.15223780375633258,0.15223780375629578,0.15223780375633258,0.15223780375639043,0.15223780375633258,0.15223780375626939,0.15223780375622845,0.15223780375626939,0.15223780375633258,0.15223780375629578,0.15223780375622845,0.15223780375618493,0.15223780375622845,0.15223780375629578,0.15223780375633258,0.15223780375626939,0.15223780375622845,0.15223780375626939,0.15223780375633258,0.15223780375639043,0.15223780375633258,0.15223780375629578,0.15223780375633258,0.15223780375639043,0.1509240928383043,0.15092409283813066,0.1509240928380182,0.15092409283813066,0.1509240928383043,0.15092409283813066,0.15092409283793332,0.15092409283780153,0.15092409283793332,0.15092409283813066,0.1509240928380182,0.15092409283780153,0.1509240928376555,0.15092409283780153,0.1509240928380182,0.15092409283813066,0.15092409283793332,0.15092409283780153,0.15092409283793332,0.15092409283813066,0.1509240928383043,0.15092409283813066,0.1509240928380182,0.15092409283813066,0.1509240928383043,0.14963652298517038,0.14963652298466043,0.1496365229843216,0.14963652298466043,0.14963652298517038,0.14963652298466043,0.14963652298405006,0.14963652298362784,0.14963652298405006,0.14963652298466043,0.1496365229843216,0.14963652298362784,0.14963652298313868,0.14963652298362784,0.1496365229843216,0.14963652298466043,0.14963652298405006,0.14963652298362784,0.14963652298405006,0.14963652298466043,0.14963652298517038,0.14963652298466043,0.1496365229843216,0.14963652298466043,0.14963652298517038,0.1483745362540591,0.1483745362526061,0.14837453625159977,0.1483745362526061,0.1483745362540591,0.1483745362526061,0.14837453625074837,0.14837453624937563,0.14837453625074837,0.1483745362526061,0.14837453625159977,0.14837453624937563,0.1483745362476489,0.14837453624937563,0.14837453625159977,0.1483745362526061,0.14837453625074837,0.14837453624937563,0.14837453625074837,0.1483745362526061,0.1483745362540591,0.1483745362526061,0.14837453625159977,0.1483745362526061,0.1483745362540591,0.1471375821297443,0.14713758212578706,0.14713758212286165,0.14713758212578706,0.1471375821297443,0.14713758212578706,0.1471375821202518,0.14713758211568603,0.1471375821202518,0.14713758212578706,0.14713758212286165,0.14713758211568603,0.1471375821091106,0.14713758211568603,0.14713758212286165,0.14713758212578706,0.1471375821202518,0.14713758211568603,0.1471375821202518,0.14713758212578706,0.1471375821297443,0.14713758212578706,0.14713758212286165,0.14713758212578706,0.1471375821297443,0.14592511796452406,0.14592511795449548,0.14592511794633425,0.14592511795449548,0.14592511796452406,0.14592511795449548,0.14592511793866736,0.14592511792322135,0.14592511793866736,0.14592511795449548,0.14592511794633425,0.14592511792322135,0.14592511789548024,0.14592511792322135,0.14592511794633425,0.14592511795449548,0.14592511793866736,0.14592511792322135,0.14592511793866736,0.14592511795449548,0.14592511796452406,0.14592511795449548,0.14592511794633425,0.14592511795449548,0.14592511796452406,0.14473660935586108,0.14473660933336546,0.1447366093124762,0.14473660933336546,0.14473660935586108,0.14473660933336546,0.1447366092919048,0.144736609240418,0.1447366092919048,0.14473660933336546,0.1447366093124762,0.144736609240418,0.14473660910816474,0.144736609240418,0.1447366093124762,0.14473660933336546,0.1447366092919048,0.144736609240418,0.1447366092919048,0.14473660933336546,0.14473660935586108,0.14473660933336546,0.1447366093124762,0.14473660933336546,0.14473660935586108,0.1435715304671012,0.14357153042664428,0.1435715303829417,0.14357153042664428,0.1435715304671012,0.14357153042664428,0.14357153033847425,0.1435715301879724,0.14357153033847425,0.14357153042664428,0.1435715303829417,0.1435715301879724,0.14357152947299734,0.1435715301879724,0.1435715303829417,0.14357153042664428,0.14357153033847425,0.1435715301879724,0.14357153033847425,0.14357153042664428,0.1435715304671012,0.14357153042664428,0.1435715303829417,0.14357153042664428,0.1435715304671012,0.14242936428716024,0.14242936423933047,0.14242936418917226,0.14242936423933047,0.14242936428716024,0.14242936423933047,0.1424293641381347,0.14242936397996991,0.1424293641381347,0.14242936423933047,0.14242936418917226,0.14242936397996991,0.14242936334435757,0.14242936397996991,0.14242936418917226,0.14242936423933047,0.1424293641381347,0.14242936397996991,0.1424293641381347,0.14242936423933047,0.14242936428716024,0.14242936423933047,0.14242936418917226,0.14242936423933047,0.14242936428716024,0.1413096028103172,0.14130960276311158,0.1413096027119183,0.14130960276311158,0.1413096028103172,0.14130960276311158,0.1413096026594103,0.14130960248939609,0.1413096026594103,0.14130960276311158,0.1413096027119183,0.14130960248939609,0.1413096017653772,0.14130960248939609,0.1413096027119183,0.14130960276311158,0.1413096026594103,0.14130960248939609,0.1413096026594103,0.14130960276311158,0.1413096028103172,0.14130960276311158,0.1413096027119183,0.14130960276311158,0.1413096028103172,0.14021174721021035,0.14021174717731977,0.14021174713789955,0.14021174717731977,0.14021174721021035,0.14021174717731977,0.1402117470967678,0.14021174694442545,0.1402117470967678,0.14021174717731977,0.14021174713789955,0.14021174694442545,0.14021174618076376,0.14021174694442545,0.14021174713789955,0.14021174717731977,0.1402117470967678,0.14021174694442545,0.1402117470967678,0.14021174717731977,0.14021174721021035,0.14021174717731977,0.14021174713789955,0.14021174717731977,0.14021174721021035,0.13913530795700596,0.13913530796058324,0.13913530796151025,0.13913530796058324,0.13913530795700596,0.13913530796058324,0.13913530796176163,0.1391353079531093,0.13913530796176163,0.13913530796058324,0.13913530796151025,0.1391353079531093,0.1391353078999293,0.1391353079531093,0.13913530796151025,0.13913530796058324,0.13913530796176163,0.1391353079531093,0.13913530796176163,0.13913530796058324,0.13913530795700596,0.13913530796058324,0.13913530796151025,0.13913530796058324,0.13913530795700596,0.13807980489278715,0.13807980494219002,0.1380798049930295,0.13807980494219002,0.13807980489278715,0.13807980494219002,0.13807980504488587,0.13807980518975285,0.13807980504488587,0.13807980494219002,0.1380798049930295,0.13807980518975285,0.1380798056077781,0.13807980518975285,0.1380798049930295,0.13807980494219002,0.13807980504488587,0.13807980518975285,0.13807980504488587,0.13807980494219002,0.13807980489278715,0.13807980494219002,0.1380798049930295,0.13807980494219002,0.13807980489278715,0.13704476731825826,0.13704476740857718,0.13704476751934852,0.13704476740857718,0.13704476731825826,0.13704476740857718,0.137044767634517,0.13704476809254698,0.137044767634517,0.13704476740857718,0.13704476751934852,0.13704476809254698,0.13704477064304413,0.13704476809254698,0.13704476751934852,0.13704476740857718,0.137044767634517,0.13704476809254698,0.137044767634517,0.13704476740857718,0.13704476731825826,0.13704476740857718,0.13704476751934852,0.13704476740857718,0.13704476731825826,0.13602973405369953,0.1360297341176323,0.13602973418050524,0.1360297341176323,0.13602973405369953,0.1360297341176323,0.1360297342437056,0.13602973441301958,0.1360297342437056,0.1360297341176323,0.13602973418050524,0.13602973441301958,0.13602973488418257,0.13602973441301958,0.13602973418050524,0.1360297341176323,0.1360297342437056,0.13602973441301958,0.1360297342437056,0.1360297341176323,0.13602973405369953,0.1360297341176323,0.13602973418050524,0.1360297341176323,0.13602973405369953,0.1350342535734706,0.13503425361369348,0.1350342536469719,0.13503425361369348,0.1350342535734706,0.13503425361369348,0.1350342536786037,0.13503425374310848,0.1350342536786037,0.13503425361369348,0.1350342536469719,0.13503425374310848,0.13503425386062726,0.13503425374310848,0.1350342536469719,0.13503425361369348,0.1350342536786037,0.13503425374310848,0.1350342536786037,0.13503425361369348,0.1350342535734706,0.13503425361369348,0.1350342536469719,0.13503425361369348,0.1350342535734706
0.16533248742164755,0.16533248742164755,0.16533248742164755,0.16533248742164755,0.16533248742164755,0.16533248742164755,0.16533248742164755,0.16533248742164755,0.16533248742164755,0.16533248742164755,0.16533248742164755,0.16533248742164755,0.16533248742164755,0.16533248742164755,0.16533248742164755,0.16533248742164755,0.16533248742164755,0.16533248742164755,0.16533248742164755,0.16533248742164755,0.16533248742164755,0.16533248742164755,0.16533248742164755,0.16533248742164755,0.16533248742164755,0.16375749371012197,0.16375749371012197,0.16375749371012197,0.16375749371012197,0.16375749371012197,0.16375749371012197,0.16375749371012197,0.16375749371012197,0.16375749371012197,0.16375749371012197,0.16375749371012197,0.16375749371012197,0.16375749371012197,0.16375749371012197,0.16375749371012197,0.16375749371012197,0.16375749371012197,0.16375749371012197,0.16375749371012197,0.16375749371012197,0.16375749371012197,0.16375749371012197,0.16375749371012197,0.16375749371012197,0.16375749371012197,0.16221388393037914,0.16221388393037914,0.16221388393037914,0.16221388393037914,0.16221388393037914,0.16221388393037914,0.16221388393037914,0.16221388393037914,0.16221388393037914,0.16221388393037914,0.16221388393037914,0.16221388393037914,0.16221388393037914,0.16221388393037914,0.16221388393037914,0.16221388393037914,0.16221388393037914,0.16221388393037914,0.16221388393037914,0.16221388393037914,0.16221388393037914,0.16221388393037914,0.16221388393037914,0.16221388393037914,0.16221388393037914,0.16070106703946005,0.16070106703946005,0.16070106703946005,0.16070106703946005,0.16070106703946005,0.16070106703946005,0.16070106703945986,0.16070106703945986,0.16070106703945986,0.16070106703946005,0.16070106703946005,0.16070106703945986,0.16070106703945986,0.16070106703945986,0.16070106703946005,0.16070106703946005,0.16070106703945986,0.16070106703945986,0.16070106703945986,0.16070106703946005,0.16070106703946005,0.16070106703946005,0.16070106703946005,0.16070106703946005,0.16070106703946005,0.159218451412343,0.15921845141234278,0.1592184514123426,0.15921845141234278,0.159218451412343,0.15921845141234278,0.1592184514123426,0.15921845141234234,0.1592184514123426,0.15921845141234278,0.1592184514123426,0.15921845141234234,0.15921845141234234,0.15921845141234234,0.1592184514123426,0.15921845141234278,0.1592184514123426,0.15921845141234234,0.1592184514123426,0.15921845141234278,0.159218451412343,0.15921845141234278,0.1592184514123426,0.15921845141234278,0.159218451412343,0.15776544619379576,0.1577654461937951,0.15776544619379468,0.1577654461937951,0.15776544619379576,0.1577654461937951,0.15776544619379446,0.15776544619379404,0.15776544619379446,0.1577654461937951,0.15776544619379468,0.15776544619379404,0.1577654461937936,0.15776544619379404,0.15776544619379468,0.1577654461937951,0.15776544619379446,0.15776544619379404,0.15776544619379446,0.1577654461937951,0.15776544619379576,0.1577654461937951,0.15776544619379468,0.1577654461937951,0.15776544619379576,0.15634146251269826,0.15634146251269637,0.15634146251269512,0.15634146251269637,0.15634146251269826,0.15634146251269637,0.1563414625126943,0.15634146251269304,0.1563414625126943,0.15634146251269637,0.15634146251269512,0.15634146251269304,0.1563414625126918,0.15634146251269304,0.15634146251269512,0.15634146251269637,0.1563414625126943,0.15634146251269304,0.1563414625126943,0.15634146251269637,0.15634146251269826,0.15634146251269637,0.15634146251269512,0.15634146251269637,0.15634146251269826,0.1549459145691049,0.15494591456909873,0.15494591456909504,0.15494591456909873,0.1549459145691049,0.15494591456909873,0.15494591456909237,0.1549459145690885,0.15494591456909237,0.15494591456909873,0.15494591456909504,0.1549459145690885,0.15494591456908438,0.1549459145690885,0.15494591456909504,0.15494591456909873,0.15494591456909237,0.1549459145690885,0.15494591456909237,0.15494591456909873,0.1549459145691049,0.15494591456909873,0.15494591456909504,0.15494591456909873,0.1549459145691049,0.15357822060375229,0.1535782206037336,0.15357822060372175,0.1535782206037336,0.15357822060375229,0.1535782206037336,0.1535782206037135,0.15357822060370088,0.1535782206037135,0.1535782206037336,0.15357822060372175,0.15357822060370088,0.1535782206036878,0.15357822060370088,0.15357822060372175,0.1535782206037336,0.1535782206037135,0.15357822060370088,0.1535782206037135,0.1535782206037336,0.15357822060375229,0.1535782206037336,0.15357822060372175,0.1535782206037336,0.15357822060375229,0.15223780375917353,0.15223780375911644,0.15223780375908005,0.15223780375911644,0.15223780375917353,0.15223780375911644,0.15223780375905407,0.15223780375901372,0.15223780375905407,0.15223780375911644,0.15223780375908005,0.15223780375901372,0.1522378037589708,0.15223780375901372,0.15223780375908005,0.15223780375911644,0.15223780375905407,0.15223780375901372,0.15223780375905407,0.15223780375911644,0.15223780375917353,0.15223780375911644,0.15223780375908005,0.15223780375911644,0.15223780375917353,0.15092409284104066,0.15092409284086916,0.15092409284075822,0.15092409284086916,0.15092409284104066,0.15092409284086916,0.15092409284067448,0.15092409284054487,0.15092409284067448,0.15092409284086916,0.15092409284075822,0.15092409284054487,0.15092409284040095,0.15092409284054487,0.15092409284075822,0.15092409284086916,0.15092409284067448,0.15092409284054487,0.15092409284067448,0.15092409284086916,0.15092409284104066,0.15092409284086916,0.15092409284075822,0.15092409284086916,0.15092409284104066,0.1496365229878571,0.14963652298735375,0.14963652298701924,0.14963652298735375,0.1496365229878571,0.14963652298735375,0.1496365229867517,0.14963652298633495,0.1496365229867517,0.14963652298735375,0.14963652298701924,0.14963652298633495,0.1496365229858526,0.14963652298633495,0.14963652298701924,0.14963652298735375,0.1496365229867517,0.14963652298633495,0.1496365229867517,0.14963652298735375,0.1496365229878571,0.14963652298735375,0.14963652298701924,0.14963652298735375,0.1496365229878571,0.1483745362566843,0.14837453625524966,0.14837453625425648,0.14837453625524966,0.1483745362566843,0.14837453625524966,0.14837453625341637,0.14837453625206234,0.14837453625341637,0.14837453625524966,0.14837453625425648,0.14837453625206234,0.14837453625035973,0.14837453625206234,0.14837453625425648,0.14837453625524966,0.14837453625341637,0.14837453625206234,0.14837453625341637,0.14837453625524966,0.1483745362566843,0.14837453625524966,0.14837453625425648,0.14837453625524966,0.1483745362566843,0.1471375821322715,0.14713758212836278,0.14713758212547481,0.14713758212836278,0.1471375821322715,0.14713758212836278,0.1471375821228991,0.14713758211839584,0.1471375821228991,0.14713758212836278,0.14713758212547481,0.14713758211839584,0.14713758211191555,0.14713758211839584,0.14713758212547481,0.14713758212836278,0.1471375821228991,0.14713758211839584,0.1471375821228991,0.14713758212836278,0.1471375821322715,0.14713758212836278,0.14713758212547481,0.14713758212836278,0.1471375821322715,0.1459251179668533,0.14592511795694174,0.1459251179488822,0.14592511795694174,0.1459251179668533,0.14592511795694174,0.14592511794131394,0.1459251179260809,0.14592511794131394,0.14592511795694174,0.1459251179488822,0.1459251179260809,0.1459251178987566,0.1459251179260809,0.1459251179488822,0.14592511795694174,0.14592511794131394,0.1459251179260809,0.14592511794131394,0.14592511795694174,0.1459251179668533,0.14592511795694174,0.1459251179488822,0.14592511795694174,0.1459251179668533,0.144736609357749,0.1447366093354913,0.1447366093148478,0.1447366093354913,0.144736609357749,0.1447366093354913,0.1447366092945269,0.14473660924374582,0.1447366092945269,0.1447366093354913,0.1447366093148478,0.14473660924374582,0.14473660911355588,0.14473660924374582,0.1447366093148478,0.1447366093354913,0.1447366092945269,0.14473660924374582,0.1447366092945269,0.1447366093354913,0.144736609357749,0.1447366093354913,0.1447366093148478,0.1447366093354913,0.144736609357749,0.14357153046805105,0.1435715304279254,0.14357153038465506,0.1435715304279254,0.14357153046805105,0.1435715304279254,0.14357153034064088,0.14357153019207605,0.14357153034064088,0.1435715304279254,0.14357153038465506,0.14357153019207605,0.1435715294886179,0.14357153019207605,0.14357153038465506,0.1435715304279254,0.14357153034064088,0.14357153019207605,0.14357153034064088,0.1435715304279254,0.14357153046805105,0.1435715304279254,0.14357153038465506,0.1435715304279254,0.14357153046805105,0.14242936428647465,0.14242936423873626,0.14242936418864285,0.14242936423873626,0.14242936428647465,0.14242936423873626,0.14242936413766735,0.14242936397947153,0.14242936413766735,0.14242936423873626,0.14242936418864285,0.14242936397947153,0.14242936334200468,0.14242936397947153,0.14242936418864285,0.14242936423873626,0.14242936413766735,0.14242936397947153,0.14242936413766735,0.14242936423873626,0.14242936428647465,0.14242936423873626,0.14242936418864285,0.14242936423873626,0.14242936428647465,0.1413096028077846,0.1413096027605122,0.1413096027092173,0.1413096027605122,0.1413096028077846,0.1413096027605122,0.1413096026565996,0.14130960248609986,0.1413096026565996,0.1413096027605122,0.1413096027092173,0.14130960248609986,0.14130960175945084,0.14130960248609986,0.1413096027092173,0.1413096027605122,0.1413096026565996,0.14130960248609986,0.1413096026565996,0.1413096027605122,0.1413096028077846,0.1413096027605122,0.1413096027092173,0.1413096027605122,0.1413096028077846,0.14021174720594248,0.14021174717294094,0.1402117471334011,0.14021174717294094,0.14021174720594248,0.14021174717294094,0.14021174709214648,0.14021174693941002,0.14021174709214648,0.14021174717294094,0.1402117471334011,0.14021174693941002,0.1402117461740845,0.14021174693941002,0.1402117471334011,0.14021174717294094,0.14021174709214648,0.14021174693941002,0.14021174709214648,0.14021174717294094,0.14021174720594248,0.14021174717294094,0.1402117471334011,0.14021174717294094,0.14021174720594248,0.13913530795120513,0.13913530795465734,0.13913530795547324,0.13913530795465734,0.13913530795120513,0.13913530795465734,0.13913530795561568,0.13913530794671794,0.13913530795561568,0.13913530795465734,0.13913530795547324,0.13913530794671794,0.1391353078930056,0.13913530794671794,0.13913530795547324,0.13913530795465734,0.13913530795561568,0.13913530794671794,0.13913530795561568,0.13913530795465734,0.13913530795120513,0.13913530795465734,0.13913530795547324,0.13913530795465734,0.13913530795120513,0.13807980488568689,0.13807980493490465,0.13807980498556488,0.13807980493490465,0.13807980488568689,0.13807980493490465,0.13807980503724188,0.13807980518164,0.13807980503724188,0.13807980493490465,0.13807980498556488,0.13807980518164,0.13807980559840122,0.13807980518164,0.13807980498556488,0.13807980493490465,0.13807980503724188,0.13807980518164,0.13807980503724188,0.13807980493490465,0.13807980488568689,0.13807980493490465,0.13807980498556488,0.13807980493490465,0.13807980488568689,0.13704476731021747,0.13704476740027274,0.13704476751073105,0.13704476740027274,0.13704476731021747,0.13704476740027274,0.13704476762557616,0.1370447680823515,0.13704476762557616,0.13704476740027274,0.13704476751073105,0.1370447680823515,0.13704477062594725,0.1370447680823515,0.13704476751073105,0.13704476740027274,0.13704476762557616,0.1370447680823515,0.13704476762557616,0.13704476740027274,0.13704476731021747,0.13704476740027274,0.13704476751073105,0.13704476740027274,0.13704476731021747,0.13602973404524313,0.13602973410899608,0.13602973417169453,0.13602973410899608,0.13602973404524313,0.13602973410899608,0.1360297342347203,0.13602973440357174,0.1360297342347203,0.13602973410899608,0.13602973417169453,0.13602973440357174,0.13602973487345857,0.13602973440357174,0.13602973417169453,0.13602973410899608,0.1360297342347203,0.13602973440357174,0.1360297342347203,0.13602973410899608,0.13602973404524313,0.13602973410899608,0.13602973417169453,0.13602973410899608,0.13602973404524313,0.13503425356495613,0.1350342536050673,0.13503425363825386,0.1350342536050673,0.13503425356495613,0.1350342536050673,0.13503425366979876,0.13503425373412722,0.13503425366979876,0.1350342536050673,0.13503425363825386,0.13503425373412722,0.1350342538513266,0.13503425373412722,0.13503425363825386,0.1350342536050673,0.13503425366979876,0.13503425373412722,0.13503425366979876,0.1350342536050673,0.13503425356495613,0.1350342536050673,0.13503425363825386,0.1350342536050673,0.13503425356495613
0.16533248742506254,0.16533248742506254,0.16533248742506254,0.16533248742506254,0.16533248742506254,0.16533248742506254,0.16533248742506254,0.16533248742506254,0.16533248742506254,0.16533248742506254,0.16533248742506254,0.16533248742506254,0.16533248742506254,0.16533248742506254,0.16533248742506254,0.16533248742506254,0.16533248742506254,0.16533248742506254,0.16533248742506254,0.16533248742506254,0.16533248742506254,0.16533248742506254,0.16533248742506254,0.16533248742506254,0.16533248742506254,0.16375749371347031,0.16375749371347031,0.16375749371347031,0.16375749371347031,0.16375749371347031,0.16375749371347031,0.16375749371347031,0.16375749371347031,0.16375749371347031,0.16375749371347031,0.16375749371347031,0.16375749371347031,0.16375749371347031,0.16375749371347031,0.16375749371347031,0.16375749371347031,0.16375749371347031,0.16375749371347031,0.16375749371347031,0.16375749371347031,0.16375749371347031,0.16375749371347031,0.16375749371347031,0.16375749371347031,0.16375749371347031,0.16221388393366304,0.16221388393366304,0.16221388393366304,0.16221388393366304,0.16221388393366304,0.16221388393366304,0.16221388393366304,0.16221388393366304,0.16221388393366304,0.16221388393366304,0.16221388393366304,0.16221388393366304,0.16221388393366304,0.16221388393366304,0.16221388393366304,0.16221388393366304,0.16221388393366304,0.16221388393366304,0.16221388393366304,0.16221388393366304,0.16221388393366304,0.16221388393366304,0.16221388393366304,0.16221388393366304,0.16221388393366304,0.16070106704268153,0.16070106704268153,0.16070106704268153,0.16070106704268153,0.16070106704268153,0.16070106704268153,0.16070106704268128,0.16070106704268128,0.16070106704268128,0.16070106704268153,0.16070106704268153,0.16070106704268128,0.16070106704268128,0.16070106704268128,0.16070106704268153,0.16070106704268153,0.16070106704268128,0.16070106704268128,0.16070106704268128,0.16070106704268153,0.16070106704268153,0.16070106704268153,0.16070106704268153,0.16070106704268153,0.16070106704268153,0.15921845141550447,0.15921845141550425,0.15921845141550403,0.15921845141550425,0.15921845141550447,0.15921845141550425,0.15921845141550403,0.15921845141550384,0.15921845141550403,0.15921845141550425,0.15921845141550403,0.15921845141550384,0.15921845141550384,0.15921845141550384,0.15921845141550403,0.15921845141550425,0.15921845141550403,0.15921845141550384,0.15921845141550403,0.15921845141550425,0.15921845141550447,0.15921845141550425,0.15921845141550403,0.15921845141550425,0.15921845141550447,0.1577654461968994,0.15776544619689878,0.15776544619689836,0.15776544619689878,0.1577654461968994,0.15776544619689878,0.1577654461968981,0.1577654461968977,0.1577654461968981,0.15776544619689878,0.15776544619689836,0.1577654461968977,0.15776544619689728,0.1577654461968977,0.15776544619689836,0.15776544619689878,0.1577654461968981,0.1577654461968977,0.1577654461968981,0.15776544619689878,0.1577654461968994,0.15776544619689878,0.15776544619689836,0.15776544619689878,0.1577654461968994,0.15634146251574663,0.15634146251574452,0.1563414625157435,0.15634146251574452,0.15634146251574663,0.15634146251574452,0.15634146251574266,0.15634146251574138,0.15634146251574266,0.15634146251574452,0.1563414625157435,0.15634146251574138,0.15634146251574013,0.15634146251574138,0.1563414625157435,0.15634146251574452,0.15634146251574266,0.15634146251574138,0.15634146251574266,0.15634146251574452,0.15634146251574663,0.15634146251574452,0.1563414625157435,0.15634146251574452,0.15634146251574663,0.15494591457209997,0.15494591457209383,0.15494591457209012,0.15494591457209383,0.15494591457209997,0.15494591457209383,0.15494591457208767,0.1549459145720838,0.15494591457208767,0.15494591457209383,0.15494591457209012,0.1549459145720838,0.15494591457207968,0.1549459145720838,0.15494591457209012,0.15494591457209383,0.15494591457208767,0.1549459145720838,0.15494591457208767,0.15494591457209383,0.15494591457209997,0.15494591457209383,0.15494591457209012,0.15494591457209383,0.15494591457209997,0.15357822060669604,0.15357822060667758,0.15357822060666593,0.15357822060667758,0.15357822060669604,0.15357822060667758,0.15357822060665788,0.15357822060664542,0.15357822060665788,0.15357822060667758,0.15357822060666593,0.15357822060664542,0.1535782206066326,0.15357822060664542,0.15357822060666593,0.15357822060667758,0.15357822060665788,0.15357822060664542,0.15357822060665788,0.15357822060667758,0.15357822060669604,0.15357822060667758,0.15357822060666593,0.15357822060667758,0.15357822060669604,0.1522378037620677,0.15223780376201138,0.15223780376197554,0.15223780376201138,0.1522378037620677,0.15223780376201138,0.15223780376194998,0.1522378037619102,0.15223780376194998,0.15223780376201138,0.15223780376197554,0.1522378037619102,0.1522378037618679,0.1522378037619102,0.15223780376197554,0.15223780376201138,0.15223780376194998,0.1522378037619102,0.15223780376194998,0.15223780376201138,0.1522378037620677,0.15223780376201138,0.15223780376197554,0.15223780376201138,0.1522378037620677,0.15092409284388564,0.15092409284371666,0.15092409284360728,0.15092409284371666,0.15092409284388564,0.15092409284371666,0.15092409284352487,0.150924092843397,0.15092409284352487,0.15092409284371666,0.15092409284360728,0.150924092843397,0.15092409284325517,0.150924092843397,0.15092409284360728,0.15092409284371666,0.15092409284352487,0.150924092843397,0.15092409284352487,0.15092409284371666,0.15092409284388564,0.15092409284371666,0.15092409284360728,0.15092409284371666,0.15092409284388564,0.14963652299065003,0.14963652299015331,0.14963652298982355,0.14963652299015331,0.14963652299065003,0.14963652299015331,0.14963652298955996,0.1496365229891491,0.14963652298955996,0.14963652299015331,0.14963652298982355,0.1496365229891491,0.14963652298867375,0.1496365229891491,0.14963652298982355,0.14963652299015331,0.14963652298955996,0.1496365229891491,0.14963652298955996,0.14963652299015331,0.14963652299065003,0.14963652299015331,0.14963652298982355,0.14963652299015331,0.14963652299065003,0.14837453625941252,0.14837453625799701,0.14837453625701716,0.14837453625799701,0.14837453625941252,0.14837453625799701,0.1483745362561891,0.14837453625485436,0.1483745362561891,0.14837453625799701,0.14837453625701716,0.14837453625485436,0.14837453625317712,0.14837453625485436,0.14837453625701716,0.14837453625799701,0.1483745362561891,0.14837453625485436,0.1483745362561891,0.14837453625799701,0.14837453625941252,0.14837453625799701,0.14837453625701716,0.14837453625799701,0.14837453625941252,0.14713758213489697,0.14713758213103875,0.14713758212818964,0.14713758213103875,0.14713758213489697,0.14713758213103875,0.14713758212564973,0.14713758212121167,0.14713758212564973,0.14713758213103875,0.14713758212818964,0.14713758212121167,0.1471375821148306,0.14713758212121167,0.14713758212818964,0.14713758213103875,0.14713758212564973,0.14713758212121167,0.14713758212564973,0.14713758213103875,0.14713758213489697,0.14713758213103875,0.14713758212818964,0.14713758213103875,0.14713758213489697,0.14592511796927177,0.14592511795948215,0.14592511795152857,0.14592511795948215,0.14592511796927177,0.14592511795948215,0.14592511794406288,0.14592511792905208,0.14592511794406288,0.14592511795948215,0.14592511795152857,0.14592511792905208,0.14592511790216225,0.14592511792905208,0.14592511795152857,0.14592511795948215,0.14592511794406288,0.14592511792905208,0.14592511794406288,0.14592511795948215,0.14592511796927177,0.14592511795948215,0.14592511795152857,0.14592511795948215,0.14592511796927177,0.14473660935970695,0.14473660933769708,0.14473660931730964,0.14473660933769708,0.14473660935970695,0.14473660933769708,0.14473660929724969,0.1447366092472045,0.14473660929724969,0.14473660933769708,0.14473660931730964,0.1447366092472045,0.1447366091191654,0.1447366092472045,0.14473660931730964,0.14473660933769708,0.14473660929724969,0.1447366092472045,0.14473660929724969,0.14473660933769708,0.14473660935970695,0.14473660933769708,0.14473660931730964,0.14473660933769708,0.14473660935970695,0.14357153046903065,0.14357153042925,0.1435715303864302,0.14357153042925,0.14357153046903065,0.14357153042925,0.14357153034288794,0.14357153019634222,0.14357153034288794,0.14357153042925,0.1435715303864302,0.14357153019634222,0.14357152950488936,0.14357153019634222,0.1435715303864302,0.14357153042925,0.14357153034288794,0.14357153019634222,0.14357153034288794,0.14357153042925,0.14357153046903065,0.14357153042925,0.1435715303864302,0.14357153042925,0.14357153046903065,0.14242936428575012,0.14242936423810584,0.14242936418807903,0.14242936423810584,0.14242936428575012,0.14242936423810584,0.1424293641371673,0.14242936397893638,0.1424293641371673,0.14242936423810584,0.14242936418807903,0.14242936397893638,0.14242936333956874,0.14242936397893638,0.14242936418807903,0.14242936423810584,0.1424293641371673,0.14242936397893638,0.1424293641371673,0.14242936423810584,0.14242936428575012,0.14242936423810584,0.14242936418807903,0.14242936423810584,0.14242936428575012,0.14130960280513785,0.14130960275779392,0.14130960270639126,0.14130960275779392,0.14130960280513785,0.14130960275779392,0.14130960265365697,0.1413096024826446,0.14130960265365697,0.14130960275779392,0.14130960270639126,0.1413096024826446,0.14130960175316828,0.1413096024826446,0.14130960270639126,0.14130960275779392,0.14130960265365697,0.1413096024826446,0.14130960265365697,0.14130960275779392,0.14130960280513785,0.14130960275779392,0.14130960270639126,0.14130960275779392,0.14130960280513785,0.14021174720149304,0.14021174716837412,0.14021174712870735,0.14021174716837412,0.14021174720149304,0.14021174716837412,0.1402117470873226,0.14021174693416688,0.1402117470873226,0.14021174716837412,0.14021174712870735,0.14021174693416688,0.14021174616706533,0.14021174693416688,0.14021174712870735,0.14021174716837412,0.1402117470873226,0.14021174693416688,0.1402117470873226,0.14021174716837412,0.14021174720149304,0.14021174716837412,0.14021174712870735,0.14021174716837412,0.14021174720149304,0.13913530794516796,0.13913530794848925,0.13913530794918874,0.13913530794848925,0.13913530794516796,0.13913530794848925,0.13913530794921702,0.1391353079400622,0.13913530794921702,0.13913530794848925,0.13913530794918874,0.1391353079400622,0.1391353078857892,0.1391353079400622,0.13913530794918874,0.13913530794848925,0.13913530794921702,0.1391353079400622,0.13913530794921702,0.13913530794848925,0.13913530794516796,0.13913530794848925,0.13913530794918874,0.13913530794848925,0.13913530794516796,0.13807980487830646,0.1380798049273324,0.13807980497780709,0.1380798049273324,0.13807980487830646,0.1380798049273324,0.138079805029298,0.13807980517321103,0.138079805029298,0.1380798049273324,0.13807980497780709,0.13807980517321103,0.13807980558866537,0.13807980517321103,0.13807980497780709,0.1380798049273324,0.138079805029298,0.13807980517321103,0.138079805029298,0.1380798049273324,0.13807980487830646,0.1380798049273324,0.13807980497780709,0.1380798049273324,0.13807980487830646,0.1370447673018659,0.13704476739164873,0.13704476750178363,0.13704476739164873,0.1370447673018659,0.13704476739164873,0.13704476761629503,0.13704476807177485,0.13704476761629503,0.13704476739164873,0.13704476750178363,0.13704476807177485,0.13704477060823916,0.13704476807177485,0.13704476750178363,0.13704476739164873,0.13704476761629503,0.13704476807177485,0.13704476761629503,0.13704476739164873,0.1370447673018659,0.13704476739164873,0.13704476750178363,0.13704476739164873,0.1370447673018659,0.136029734036463,0.13602973410003016,0.13602973416254835,0.13602973410003016,0.136029734036463,0.13602973410003016,0.13602973422539413,0.13602973439376784,0.13602973422539413,0.13602973410003016,0.13602973416254835,0.13602973439376784,0.1360297348623375,0.13602973439376784,0.13602973416254835,0.13602973410003016,0.13602973422539413,0.13602973439376784,0.13602973422539413,0.13602973410003016,0.136029734036463,0.13602973410003016,0.13602973416254835,0.13602973410003016,0.136029734036463,0.135034253556117,0.1350342535961128,0.13503425362920443,0.1350342535961128,0.135034253556117,0.1350342535961128,0.1350342536606594,0.13503425372480582,0.1350342536606594,0.1350342535961128,0.13503425362920443,0.13503425372480582,0.13503425384167572,0.13503425372480582,0.13503425362920443,0.1350342535961128,0.1350342536606594,0.13503425372480582,0.1350342536606594,0.1350342535961128,0.135034253556117,0.1350342535961128,0.13503425362920443,0.1350342535961128,0.135034253556117
0.1653324874286099,0.1653324874286099,0.1653324874286099,0.1653324874286099,0.1653324874286099,0.1653324874286099,0.1653324874286099,0.1653324874286099,0.1653324874286099,0.1653324874286099,0.1653324874286099,0.1653324874286099,0.1653324874286099,0.1653324874286099,0.1653324874286099,0.1653324874286099,0.1653324874286099,0.1653324874286099,0.1653324874286099,0.1653324874286099,0.1653324874286099,0.1653324874286099,0.1653324874286099,0.1653324874286099,0.1653324874286099,0.16375749371694798,0.16375749371694798,0.16375749371694798,0.16375749371694798,0.16375749371694798,0.16375749371694798,0.16375749371694798,0.16375749371694798,0.16375749371694798,0.16375749371694798,0.16375749371694798,0.16375749371694798,0.16375749371694798,0.16375749371694798,0.16375749371694798,0.16375749371694798,0.16375749371694798,0.16375749371694798,0.16375749371694798,0.16375749371694798,0.16375749371694798,0.16375749371694798,0.16375749371694798,0.16375749371694798,0.16375749371694798,0.16221388393707362,0.16221388393707362,0.16221388393707362,0.16221388393707362,0.16221388393707362,0.16221388393707362,0.16221388393707362,0.16221388393707362,0.16221388393707362,0.16221388393707362,0.16221388393707362,0.16221388393707362,0.16221388393707362,0.16221388393707362,0.16221388393707362,0.16221388393707362,0.16221388393707362,0.16221388393707362,0.16221388393707362,0.16221388393707362,0.16221388393707362,0.16221388393707362,0.16221388393707362,0.16221388393707362,0.16221388393707362,0.16070106704602738,0.16070106704602738,0.16070106704602716,0.16070106704602738,0.16070106704602738,0.16070106704602738,0.16070106704602716,0.16070106704602716,0.16070106704602716,0.16070106704602738,0.16070106704602716,0.16070106704602716,0.16070106704602716,0.16070106704602716,0.16070106704602716,0.16070106704602738,0.16070106704602716,0.16070106704602716,0.16070106704602716,0.16070106704602738,0.16070106704602738,0.16070106704602738,0.16070106704602716,0.16070106704602738,0.16070106704602738,0.15921845141878765,0.15921845141878743,0.15921845141878743,0.15921845141878743,0.15921845141878765,0.15921845141878743,0.1592184514187872,0.1592184514187872,0.1592184514187872,0.15921845141878743,0.15921845141878743,0.1592184514187872,0.159218451418787,0.1592184514187872,0.15921845141878743,0.15921845141878743,0.1592184514187872,0.1592184514187872,0.1592184514187872,0.15921845141878743,0.15921845141878765,0.15921845141878743,0.15921845141878743,0.15921845141878743,0.15921845141878765,0.15776544620012234,0.1577654462001217,0.15776544620012148,0.1577654462001217,0.15776544620012234,0.1577654462001217,0.15776544620012106,0.15776544620012084,0.15776544620012106,0.1577654462001217,0.15776544620012148,0.15776544620012084,0.1577654462001204,0.15776544620012084,0.15776544620012148,0.1577654462001217,0.15776544620012106,0.15776544620012084,0.15776544620012106,0.1577654462001217,0.15776544620012234,0.1577654462001217,0.15776544620012148,0.1577654462001217,0.15776544620012234,0.15634146251891165,0.15634146251890957,0.1563414625189085,0.15634146251890957,0.15634146251891165,0.15634146251890957,0.15634146251890768,0.15634146251890643,0.15634146251890768,0.15634146251890957,0.1563414625189085,0.15634146251890643,0.15634146251890518,0.15634146251890643,0.1563414625189085,0.15634146251890957,0.15634146251890768,0.15634146251890643,0.15634146251890768,0.15634146251890957,0.15634146251891165,0.15634146251890957,0.1563414625189085,0.15634146251890957,0.15634146251891165,0.15494591457520918,0.15494591457520324,0.15494591457519957,0.15494591457520324,0.15494591457520918,0.15494591457520324,0.1549459145751971,0.15494591457519322,0.1549459145751971,0.15494591457520324,0.15494591457519957,0.15494591457519322,0.15494591457518933,0.15494591457519322,0.15494591457519957,0.15494591457520324,0.1549459145751971,0.15494591457519322,0.1549459145751971,0.15494591457520324,0.15494591457520918,0.15494591457520324,0.15494591457519957,0.15494591457520324,0.15494591457520918,0.15357822060975188,0.15357822060973358,0.15357822060972215,0.15357822060973358,0.15357822060975188,0.15357822060973358,0.15357822060971432,0.15357822060970205,0.15357822060971432,0.15357822060973358,0.15357822060972215,0.15357822060970205,0.1535782206096892,0.15357822060970205,0.15357822060972215,0.15357822060973358,0.15357822060971432,0.15357822060970205,0.15357822060971432,0.15357822060973358,0.15357822060975188,0.15357822060973358,0.15357822060972215,0.15357822060973358,0.15357822060975188,0.15223780376507146,0.15223780376501594,0.1522378037649807,0.15223780376501594,0.15223780376507146,0.15223780376501594,0.15223780376495552,0.15223780376491652,0.15223780376495552,0.15223780376501594,0.1522378037649807,0.15223780376491652,0.1522378037648748,0.15223780376491652,0.1522378037649807,0.15223780376501594,0.15223780376495552,0.15223780376491652,0.15223780376495552,0.15223780376501594,0.15223780376507146,0.15223780376501594,0.1522378037649807,0.15223780376501594,0.15223780376507146,0.15092409284683772,0.15092409284667122,0.15092409284656338,0.15092409284667122,0.15092409284683772,0.15092409284667122,0.15092409284648237,0.15092409284635655,0.15092409284648237,0.15092409284667122,0.15092409284656338,0.15092409284635655,0.1509240928462171,0.15092409284635655,0.15092409284656338,0.15092409284667122,0.15092409284648237,0.15092409284635655,0.15092409284648237,0.15092409284667122,0.15092409284683772,0.15092409284667122,0.15092409284656338,0.15092409284667122,0.15092409284683772,0.14963652299354738,0.14963652299305782,0.1496365229927328,0.14963652299305782,0.14963652299354738,0.14963652299305782,0.14963652299247318,0.14963652299206853,0.14963652299247318,0.14963652299305782,0.1496365229927328,0.14963652299206853,0.14963652299160038,0.14963652299206853,0.1496365229927328,0.14963652299305782,0.14963652299247318,0.14963652299206853,0.14963652299247318,0.14963652299305782,0.14963652299354738,0.14963652299305782,0.1496365229927328,0.14963652299305782,0.14963652299354738,0.14837453626224215,0.14837453626084643,0.14837453625988067,0.14837453626084643,0.14837453626224215,0.14837453626084643,0.14837453625906488,0.14837453625775032,0.14837453625906488,0.14837453626084643,0.14837453625988067,0.14837453625775032,0.1483745362560994,0.14837453625775032,0.14837453625988067,0.14837453626084643,0.14837453625906488,0.14837453625775032,0.14837453625906488,0.14837453626084643,0.14837453626224215,0.14837453626084643,0.14837453625988067,0.14837453626084643,0.14837453626224215,0.14713758213761893,0.1471375821338134,0.14713758213100464,0.1471375821338134,0.14713758213761893,0.1471375821338134,0.14713758212850195,0.1471375821241316,0.14713758212850195,0.1471375821338134,0.14713758213100464,0.1471375821241316,0.1471375821178539,0.1471375821241316,0.14713758213100464,0.1471375821338134,0.14713758212850195,0.1471375821241316,0.14713758212850195,0.1471375821338134,0.14713758213761893,0.1471375821338134,0.14713758213100464,0.1471375821338134,0.14713758213761893,0.145925117971778,0.14592511796211538,0.14592511795427182,0.14592511796211538,0.145925117971778,0.14592511796211538,0.1459251179469128,0.14592511793213292,0.1459251179469128,0.14592511796211538,0.14592511795427182,0.14592511793213292,0.1459251179056952,0.14592511793213292,0.14592511795427182,0.14592511796211538,0.1459251179469128,0.14592511793213292,0.1459251179469128,0.14592511796211538,0.145925117971778,0.14592511796211538,0.14592511795427182,0.14592511796211538,0.145925117971778,0.14473660936173363,0.1447366093399816,0.1447366093198602,0.1447366093399816,0.14473660936173363,0.1447366093399816,0.14473660930007182,0.14473660925079168,0.14473660930007182,0.1447366093399816,0.1447366093198602,0.14473660925079168,0.14473660912498995,0.14473660925079168,0.1447366093198602,0.1447366093399816,0.14473660930007182,0.14473660925079168,0.14473660930007182,0.1447366093399816,0.14473660936173363,0.1447366093399816,0.1447366093198602,0.1447366093399816,0.14473660936173363,0.14357153047003987,0.14357153043061752,0.1435715303882659,0.14357153043061752,0.14357153047003987,0.14357153043061752,0.14357153034521455,0.14357153020076804,0.14357153034521455,0.14357153043061752,0.1435715303882659,0.14357153020076804,0.14357152952180866,0.14357153020076804,0.1435715303882659,0.14357153043061752,0.14357153034521455,0.14357153020076804,0.14357153034521455,0.14357153043061752,0.14357153047003987,0.14357153043061752,0.1435715303882659,0.14357153043061752,0.14357153047003987,0.1424293642849875,0.14242936423744024,0.14242936418748167,0.14242936423744024,0.1424293642849875,0.14242936423744024,0.14242936413663518,0.1424293639783652,0.14242936413663518,0.14242936423744024,0.14242936418748167,0.1424293639783652,0.1424293633369825,0.1424293639783652,0.14242936418748167,0.14242936423744024,0.14242936413663518,0.1424293639783652,0.14242936413663518,0.14242936423744024,0.1424293642849875,0.14242936423744024,0.14242936418748167,0.14242936423744024,0.1424293642849875,0.14130960280237828,0.14130960275495866,0.14130960270344192,0.14130960275495866,0.14130960280237828,0.14130960275495866,0.14130960265058473,0.14130960247903293,0.14130960265058473,0.14130960275495866,0.14130960270344192,0.14130960247903293,0.14130960174661908,0.14130960247903293,0.14130960270344192,0.14130960275495866,0.14130960265058473,0.14130960247903293,0.14130960265058473,0.14130960275495866,0.14130960280237828,0.14130960275495866,0.14130960270344192,0.14130960275495866,0.14130960280237828,0.14021174719686474,0.14021174716362214,0.14021174712382153,0.14021174716362214,0.14021174719686474,0.14021174716362214,0.14021174708229941,0.14021174692869962,0.14021174708229941,0.14021174716362214,0.14021174712382153,0.14021174692869962,0.14021174615968687,0.14021174692869962,0.14021174712382153,0.14021174716362214,0.14021174708229941,0.14021174692869962,0.14021174708229941,0.14021174716362214,0.14021174719686474,0.14021174716362214,0.14021174712382153,0.14021174716362214,0.14021174719686474,0.13913530793889786,0.13913530794208273,0.1391353079426606,0.13913530794208273,0.13913530793889786,0.13913530794208273,0.1391353079425697,0.1391353079331456,0.1391353079425697,0.13913530794208273,0.1391353079426606,0.1391353079331456,0.1391353078782844,0.1391353079331456,0.1391353079426606,0.13913530794208273,0.1391353079425697,0.1391353079331456,0.1391353079425697,0.13913530794208273,0.13913530793889786,0.13913530794208273,0.1391353079426606,0.13913530794208273,0.13913530793889786,0.13807980487064989,0.13807980491947738,0.1380798049697601,0.13807980491947738,0.13807980487064989,0.13807980491947738,0.13807980502105896,0.13807980516447071,0.13807980502105896,0.13807980491947738,0.1380798049697601,0.13807980516447071,0.13807980557857608,0.13807980516447071,0.1380798049697601,0.13807980491947738,0.13807980502105896,0.13807980516447071,0.13807980502105896,0.13807980491947738,0.13807980487064989,0.13807980491947738,0.1380798049697601,0.13807980491947738,0.13807980487064989,0.1370447672932083,0.13704476738271001,0.13704476749251115,0.13704476738271001,0.1370447672932083,0.13704476738271001,0.1370447676066785,0.1370447680608226,0.1370447676066785,0.13704476738271001,0.13704476749251115,0.1370447680608226,0.13704477058997291,0.1370447680608226,0.13704476749251115,0.13704476738271001,0.1370447676066785,0.1370447680608226,0.1370447676066785,0.13704476738271001,0.1370447672932083,0.13704476738271001,0.13704476749251115,0.13704476738271001,0.1370447672932083,0.13602973402736393,0.13602973409073948,0.1360297341530719,0.13602973409073948,0.13602973402736393,0.13602973409073948,0.13602973421573192,0.1360297343836131,0.13602973421573192,0.13602973409073948,0.1360297341530719,0.1360297343836131,0.13602973485082498,0.1360297343836131,0.1360297341530719,0.13602973409073948,0.13602973421573192,0.1360297343836131,0.13602973421573192,0.13602973409073948,0.13602973402736393,0.13602973409073948,0.1360297341530719,0.13602973409073948,0.13602973402736393,0.13503425354695764,0.13503425358683455,0.13503425361982818,0.13503425358683435,0.13503425354695764,0.13503425358683455,0.13503425365119073,0.13503425371514952,0.13503425365119073,0.13503425358683435,0.13503425361982818,0.13503425371514952,0.13503425383167958,0.13503425371514952,0.13503425361982818,0.13503425358683435,0.13503425365119073,0.13503425371514952,0.13503425365119073,0.13503425358683435,0.13503425354695764,0.13503425358683435,0.13503425361982818,0.13503425358683435,0.13503425354695764
0.16533248743228823,0.16533248743228823,0.16533248743228823,0.16533248743228823,0.16533248743228823,0.16533248743228823,0.16533248743228823,0.16533248743228823,0.16533248743228823,0.16533248743228823,0.16533248743228823,0.16533248743228823,0.16533248743228823,0.16533248743228823,0.16533248743228823,0.16533248743228823,0.16533248743228823,0.16533248743228823,0.16533248743228823,0.16533248743228823,0.16533248743228823,0.16533248743228823,0.16533248743228823,0.16533248743228823,0.16533248743228823,0.16375749372055423,0.16375749372055423,0.16375749372055423,0.16375749372055423,0.16375749372055443,0.16375749372055423,0.16375749372055423,0.16375749372055423,0.16375749372055423,0.16375749372055443,0.16375749372055423,0.16375749372055423,0.16375749372055423,0.16375749372055423,0.16375749372055423,0.16375749372055423,0.16375749372055423,0.16375749372055423,0.16375749372055423,0.16375749372055423,0.16375749372055443,0.16375749372055443,0.16375749372055423,0.16375749372055423,0.16375749372055423,0.16221388394060998,0.16221388394060998,0.16221388394060998,0.16221388394060998,0.16221388394060998,0.16221388394060998,0.16221388394060998,0.16221388394060998,0.16221388394060998,0.16221388394060998,0.16221388394060998,0.16221388394060998,0.16221388394060998,0.16221388394060998,0.16221388394060998,0.16221388394060998,0.16221388394060998,0.16221388394060998,0.16221388394060998,0.16221388394060998,0.16221388394060998,0.16221388394060998,0.16221388394060998,0.16221388394060998,0.16221388394060998,0.1607010670494963,0.1607010670494963,0.16070106704949605,0.1607010670494963,0.1607010670494963,0.1607010670494963,0.16070106704949605,0.16070106704949605,0.16070106704949605,0.1607010670494963,0.16070106704949605,0.16070106704949605,0.16070106704949605,0.16070106704949605,0.16070106704949605,0.1607010670494963,0.16070106704949605,0.16070106704949605,0.16070106704949605,0.1607010670494963,0.1607010670494963,0.1607010670494963,0.16070106704949605,0.1607010670494963,0.1607010670494963,0.15921845142219143,0.1592184514221912,0.15921845142219102,0.1592184514221912,0.15921845142219143,0.1592184514221912,0.15921845142219102,0.15921845142219102,0.15921845142219102,0.1592184514221912,0.15921845142219102,0.15921845142219102,0.15921845142219077,0.15921845142219102,0.15921845142219102,0.1592184514221912,0.15921845142219102,0.15921845142219102,0.15921845142219102,0.1592184514221912,0.15921845142219143,0.1592184514221912,0.15921845142219102,0.1592184514221912,0.15921845142219143,0.15776544620346325,0.1577654462034626,0.1577654462034624,0.1577654462034626,0.15776544620346325,0.1577654462034626,0.1577654462034622,0.15776544620346175,0.1577654462034622,0.1577654462034626,0.1577654462034624,0.15776544620346175,0.15776544620346133,0.15776544620346175,0.1577654462034624,0.1577654462034626,0.1577654462034622,0.15776544620346175,0.1577654462034622,0.1577654462034626,0.15776544620346325,0.1577654462034626,0.1577654462034624,0.1577654462034626,0.15776544620346325,0.15634146252219214,0.15634146252219022,0.15634146252218897,0.15634146252219022,0.15634146252219214,0.15634146252219022,0.15634146252218817,0.15634146252218692,0.15634146252218817,0.15634146252219022,0.15634146252218897,0.15634146252218692,0.15634146252218586,0.15634146252218692,0.15634146252218897,0.15634146252219022,0.15634146252218817,0.15634146252218692,0.15634146252218817,0.15634146252219022,0.15634146252219214,0.15634146252219022,0.15634146252218897,0.15634146252219022,0.15634146252219214,0.15494591457843154,0.1549459145784256,0.15494591457842188,0.1549459145784256,0.15494591457843154,0.1549459145784256,0.15494591457841966,0.15494591457841575,0.15494591457841966,0.1549459145784256,0.15494591457842188,0.15494591457841575,0.15494591457841186,0.15494591457841575,0.15494591457842188,0.1549459145784256,0.15494591457841966,0.15494591457841575,0.15494591457841966,0.1549459145784256,0.15494591457843154,0.1549459145784256,0.15494591457842188,0.1549459145784256,0.15494591457843154,0.15357822061291795,0.15357822061289989,0.15357822061288864,0.15357822061289989,0.15357822061291795,0.15357822061289989,0.153578220612881,0.15357822061286897,0.153578220612881,0.15357822061289989,0.15357822061288864,0.15357822061286897,0.1535782206128563,0.15357822061286897,0.15357822061288864,0.15357822061289989,0.153578220612881,0.15357822061286897,0.153578220612881,0.15357822061289989,0.15357822061291795,0.15357822061289989,0.15357822061288864,0.15357822061289989,0.15357822061291795,0.1522378037681831,0.15223780376812837,0.15223780376809373,0.15223780376812837,0.1522378037681831,0.15223780376812837,0.15223780376806892,0.15223780376803053,0.15223780376806892,0.15223780376812837,0.15223780376809373,0.15223780376803053,0.1522378037679896,0.15223780376803053,0.15223780376809373,0.15223780376812837,0.15223780376806892,0.15223780376803053,0.15223780376806892,0.15223780376812837,0.1522378037681831,0.15223780376812837,0.15223780376809373,0.15223780376812837,0.1522378037681831,0.1509240928498951,0.15092409284973113,0.1509240928496252,0.15092409284973113,0.1509240928498951,0.15092409284973113,0.15092409284954533,0.15092409284942168,0.15092409284954533,0.15092409284973113,0.1509240928496252,0.15092409284942168,0.15092409284928454,0.15092409284942168,0.1509240928496252,0.15092409284973113,0.15092409284954533,0.15092409284942168,0.15092409284954533,0.15092409284973113,0.1509240928498951,0.15092409284973113,0.1509240928496252,0.15092409284973113,0.1509240928498951,0.14963652299654717,0.14963652299606522,0.1496365229957451,0.14963652299606522,0.14963652299654717,0.14963652299606522,0.14963652299548982,0.14963652299509123,0.14963652299548982,0.14963652299606522,0.1496365229957451,0.14963652299509123,0.14963652299463084,0.14963652299509123,0.1496365229957451,0.14963652299606522,0.14963652299548982,0.14963652299509123,0.14963652299548982,0.14963652299606522,0.14963652299654717,0.14963652299606522,0.1496365229957451,0.14963652299606522,0.14963652299654717,0.1483745362651711,0.14837453626379596,0.14837453626284486,0.14837453626379596,0.1483745362651711,0.14837453626379596,0.14837453626204183,0.14837453626074804,0.14837453626204183,0.14837453626379596,0.14837453626284486,0.14837453626074804,0.14837453625912456,0.14837453626074804,0.14837453626284486,0.14837453626379596,0.14837453626204183,0.14837453626074804,0.14837453626204183,0.14837453626379596,0.1483745362651711,0.14837453626379596,0.14837453626284486,0.14837453626379596,0.1483745362651711,0.1471375821404357,0.14713758213668468,0.14713758213391803,0.14713758213668468,0.1471375821404357,0.14713758213668468,0.14713758213145386,0.14713758212715383,0.14713758213145386,0.14713758213668468,0.14713758213391803,0.14713758212715383,0.14713758212098335,0.14713758212715383,0.14713758213391803,0.14713758213668468,0.14713758213145386,0.14713758212715383,0.14713758213145386,0.14713758213668468,0.1471375821404357,0.14713758213668468,0.14713758213391803,0.14713758213668468,0.1471375821404357,0.1459251179743701,0.14592511796483926,0.14592511795711,0.14592511796483926,0.1459251179743701,0.14592511796483926,0.1459251179498619,0.1459251179353217,0.1459251179498619,0.14592511796483926,0.14592511795711,0.1459251179353217,0.145925117909353,0.1459251179353217,0.14592511795711,0.14592511796483926,0.1459251179498619,0.1459251179353217,0.1459251179498619,0.14592511796483926,0.1459251179743701,0.14592511796483926,0.14592511795711,0.14592511796483926,0.1459251179743701,0.1447366093638277,0.1447366093423429,0.144736609322498,0.1447366093423429,0.1447366093638277,0.1447366093423429,0.14473660930299115,0.14473660925450507,0.14473660930299115,0.1447366093423429,0.144736609322498,0.14473660925450507,0.1447366091310255,0.14473660925450507,0.144736609322498,0.1447366093423429,0.14473660930299115,0.14473660925450507,0.14473660930299115,0.1447366093423429,0.1447366093638277,0.1447366093423429,0.144736609322498,0.1447366093423429,0.1447366093638277,0.14357153047107765,0.14357153043202697,0.14357153039016096,0.14357153043202697,0.14357153047107765,0.14357153043202697,0.14357153034761871,0.143571530205351,0.14357153034761871,0.14357153043202697,0.14357153039016096,0.143571530205351,0.1435715295393698,0.143571530205351,0.14357153039016096,0.14357153043202697,0.14357153034761871,0.143571530205351,0.14357153034761871,0.14357153043202697,0.14357153047107765,0.14357153043202697,0.14357153039016096,0.14357153043202697,0.14357153047107765,0.14242936428418684,0.14242936423673916,0.14242936418685076,0.14242936423673916,0.14242936428418684,0.14242936423673916,0.1424293641360712,0.1424293639777581,0.1424293641360712,0.14242936423673916,0.14242936418685076,0.1424293639777581,0.14242936333429312,0.1424293639777581,0.14242936418685076,0.14242936423673916,0.1424293641360712,0.1424293639777581,0.1424293641360712,0.14242936423673916,0.14242936428418684,0.14242936423673916,0.14242936418685076,0.14242936423673916,0.14242936428418684,0.14130960279950752,0.14130960275200766,0.14130960270037102,0.14130960275200766,0.14130960279950752,0.14130960275200766,0.14130960264738457,0.14130960247526717,0.14130960264738457,0.14130960275200766,0.14130960270037102,0.14130960247526717,0.14130960173980822,0.14130960247526717,0.14130960270037102,0.14130960275200766,0.14130960264738457,0.14130960247526717,0.14130960264738457,0.14130960275200766,0.14130960279950752,0.14130960275200766,0.14130960270037102,0.14130960275200766,0.14130960279950752,0.14021174719206003,0.14021174715868764,0.14021174711874612,0.14021174715868764,0.14021174719206003,0.14021174715868764,0.1402117470770795,0.1402117469230114,0.1402117470770795,0.14021174715868764,0.14021174711874612,0.1402117469230114,0.1402117461519924,0.1402117469230114,0.14021174711874612,0.14021174715868764,0.1402117470770795,0.1402117469230114,0.1402117470770795,0.14021174715868764,0.14021174719206003,0.14021174715868764,0.14021174711874612,0.14021174715868764,0.14021174719206003,0.1391353079323982,0.1391353079354409,0.13913530793589232,0.1391353079354409,0.1391353079323982,0.1391353079354409,0.1391353079356771,0.13913530792597206,0.1391353079356771,0.1391353079354409,0.13913530793589232,0.13913530792597206,0.13913530787049552,0.13913530792597206,0.13913530793589232,0.1391353079354409,0.1391353079356771,0.13913530792597206,0.1391353079356771,0.1391353079354409,0.1391353079323982,0.1391353079354409,0.13913530793589232,0.1391353079354409,0.1391353079323982,0.13807980486272123,0.13807980491134378,0.13807980496142833,0.13807980491134378,0.13807980486272123,0.13807980491134378,0.1380798050125286,0.13807980515542345,0.1380798050125286,0.13807980491134378,0.13807980496142833,0.13807980515542345,0.1380798055681379,0.13807980515542345,0.13807980496142833,0.13807980491134378,0.1380798050125286,0.13807980515542345,0.1380798050125286,0.13807980491134378,0.13807980486272123,0.13807980491134378,0.13807980496142833,0.13807980491134378,0.13807980486272123,0.13704476728424872,0.13704476737346066,0.13704476748291836,0.13704476737346066,0.13704476728424872,0.13704476737346066,0.13704476759673095,0.13704476804950008,0.13704476759673095,0.13704476737346066,0.13704476748291836,0.13704476804950008,0.13704477057110231,0.13704476804950008,0.13704476748291836,0.13704476737346066,0.13704476759673095,0.13704476804950008,0.13704476759673095,0.13704476737346066,0.13704476728424872,0.13704476737346066,0.13704476748291836,0.13704476737346066,0.13704476728424872,0.1360297340179504,0.13602973408112856,0.1360297341432695,0.13602973408112856,0.1360297340179504,0.13602973408112856,0.13602973420573833,0.13602973437311258,0.13602973420573833,0.13602973408112856,0.1360297341432695,0.13602973437311258,0.1360297348389266,0.13602973437311258,0.1360297341432695,0.13602973408112856,0.13602973420573833,0.13602973437311258,0.13602973420573833,0.13602973408112856,0.1360297340179504,0.13602973408112856,0.1360297341432695,0.13602973408112856,0.1360297340179504,0.13503425353748283,0.13503425357723697,0.13503425361013005,0.13503425357723697,0.13503425353748283,0.13503425357723697,0.13503425364139726,0.13503425370516273,0.13503425364139726,0.13503425357723697,0.13503425361013005,0.13503425370516273,0.13503425382134296,0.13503425370516273,0.13503425361013005,0.13503425357723697,0.13503425364139726,0.13503425370516273,0.13503425364139726,0.13503425357723697,0.13503425353748283,0.13503425357723697,0.13503425361013005,0.13503425357723697,0.13503425353748283
0.16533248743609424,0.16533248743609424,0.16533248743609424,0.16533248743609424,0.16533248743609424,0.16533248743609424,0.16533248743609424,0.16533248743609424,0.16533248743609424,0.16533248743609424,0.16533248743609424,0.16533248743609424,0.16533248743609424,0.16533248743609424,0.16533248743609424,0.16533248743609424,0.16533248743609424,0.16533248743609424,0.16533248743609424,0.16533248743609424,0.16533248743609424,0.16533248743609424,0.16533248743609424,0.16533248743609424,0.16533248743609424,0.16375749372428558,0.16375749372428558,0.16375749372428558,0.16375749372428558,0.16375749372428558,0.16375749372428558,0.16375749372428558,0.16375749372428558,0.16375749372428558,0.16375749372428558,0.16375749372428558,0.16375749372428558,0.16375749372428558,0.16375749372428558,0.16375749372428558,0.16375749372428558,0.16375749372428558,0.16375749372428558,0.16375749372428558,0.16375749372428558,0.16375749372428558,0.16375749372428558,0.16375749372428558,0.16375749372428558,0.16375749372428558,0.16221388394426925,0.16221388394426925,0.16221388394426925,0.16221388394426925,0.16221388394426925,0.16221388394426925,0.16221388394426903,0.16221388394426903,0.16221388394426903,0.16221388394426925,0.16221388394426925,0.16221388394426903,0.16221388394426903,0.16221388394426903,0.16221388394426925,0.16221388394426925,0.16221388394426903,0.16221388394426903,0.16221388394426903,0.16221388394426925,0.16221388394426925,0.16221388394426925,0.16221388394426925,0.16221388394426925,0.16221388394426925,0.16070106705308537,0.16070106705308537,0.16070106705308515,0.16070106705308537,0.16070106705308537,0.16070106705308537,0.16070106705308515,0.16070106705308515,0.16070106705308515,0.16070106705308537,0.16070106705308515,0.16070106705308515,0.16070106705308515,0.16070106705308515,0.16070106705308515,0.16070106705308537,0.16070106705308515,0.16070106705308515,0.16070106705308515,0.16070106705308537,0.16070106705308537,0.16070106705308537,0.16070106705308515,0.16070106705308537,0.16070106705308537,0.159218451425713,0.15921845142571278,0.15921845142571278,0.15921845142571278,0.159218451425713,0.15921845142571278,0.15921845142571256,0.15921845142571256,0.15921845142571256,0.15921845142571278,0.15921845142571278,0.15921845142571256,0.15921845142571234,0.15921845142571256,0.15921845142571256,0.15921845142571278,0.15921845142571256,0.15921845142571256,0.15921845142571256,0.15921845142571278,0.159218451425713,0.15921845142571278,0.15921845142571256,0.15921845142571278,0.159218451425713,0.15776544620691985,0.15776544620691918,0.15776544620691874,0.15776544620691918,0.15776544620691985,0.15776544620691918,0.1577654462069185,0.1577654462069181,0.1577654462069185,0.15776544620691918,0.15776544620691874,0.1577654462069181,0.15776544620691768,0.1577654462069181,0.15776544620691874,0.15776544620691918,0.1577654462069185,0.1577654462069181,0.1577654462069185,0.15776544620691918,0.15776544620691985,0.15776544620691918,0.15776544620691874,0.15776544620691918,0.15776544620691985,0.15634146252558573,0.15634146252558384,0.1563414625255826,0.15634146252558384,0.15634146252558573,0.15634146252558384,0.15634146252558195,0.15634146252558068,0.15634146252558195,0.15634146252558384,0.1563414625255826,0.15634146252558068,0.15634146252557943,0.15634146252558068,0.1563414625255826,0.15634146252558384,0.15634146252558195,0.15634146252558068,0.15634146252558195,0.15634146252558384,0.15634146252558573,0.15634146252558384,0.1563414625255826,0.15634146252558384,0.15634146252558573,0.15494591458176457,0.15494591458175883,0.15494591458175533,0.15494591458175883,0.15494591458176457,0.15494591458175883,0.15494591458175289,0.15494591458174917,0.15494591458175289,0.15494591458175883,0.15494591458175533,0.15494591458174917,0.15494591458174528,0.15494591458174917,0.15494591458175533,0.15494591458175883,0.15494591458175289,0.15494591458174917,0.15494591458175289,0.15494591458175883,0.15494591458176457,0.15494591458175883,0.15494591458175533,0.15494591458175883,0.15494591458176457,0.15357822061619272,0.15357822061617504,0.15357822061616397,0.15357822061617504,0.15357822061619272,0.15357822061617504,0.15357822061615634,0.15357822061614454,0.15357822061615634,0.15357822061617504,0.15357822061616397,0.15357822061614454,0.15357822061613208,0.15357822061614454,0.15357822061616397,0.15357822061617504,0.15357822061615634,0.15357822061614454,0.15357822061615634,0.15357822061617504,0.15357822061619272,0.15357822061617504,0.15357822061616397,0.15357822061617504,0.15357822061619272,0.152237803771401,0.15223780377134727,0.1522378037713132,0.15223780377134727,0.152237803771401,0.15223780377134727,0.15223780377128882,0.15223780377125104,0.15223780377128882,0.15223780377134727,0.1522378037713132,0.15223780377125104,0.15223780377121068,0.15223780377125104,0.1522378037713132,0.15223780377134727,0.15223780377128882,0.15223780377125104,0.15223780377128882,0.15223780377134727,0.152237803771401,0.15223780377134727,0.1522378037713132,0.15223780377134727,0.152237803771401,0.1509240928530567,0.1509240928528954,0.15092409285279104,0.1509240928528954,0.1509240928530567,0.1509240928528954,0.15092409285271272,0.15092409285259117,0.15092409285271272,0.1509240928528954,0.15092409285279104,0.15092409285259117,0.1509240928524563,0.15092409285259117,0.15092409285279104,0.1509240928528954,0.15092409285271272,0.15092409285259117,0.15092409285271272,0.1509240928528954,0.1509240928530567,0.1509240928528954,0.15092409285279104,0.1509240928528954,0.1509240928530567,0.1496365229996489,0.14963652299917451,0.14963652299885968,0.14963652299917451,0.1496365229996489,0.14963652299917451,0.14963652299860858,0.14963652299821661,0.14963652299860858,0.14963652299917451,0.14963652299885968,0.14963652299821661,0.14963652299776395,0.14963652299821661,0.14963652299885968,0.14963652299917451,0.14963652299860858,0.14963652299821661,0.14963652299860858,0.14963652299917451,0.1496365229996489,0.14963652299917451,0.14963652299885968,0.14963652299917451,0.1496365229996489,0.14837453626819885,0.14837453626684502,0.1483745362659091,0.14837453626684502,0.14837453626819885,0.14837453626684502,0.14837453626511923,0.1483745362638471,0.14837453626511923,0.14837453626684502,0.1483745362659091,0.1483745362638471,0.14837453626225178,0.1483745362638471,0.1483745362659091,0.14837453626684502,0.14837453626511923,0.1483745362638471,0.14837453626511923,0.14837453626684502,0.14837453626819885,0.14837453626684502,0.1483745362659091,0.14837453626684502,0.14837453626819885,0.14713758214334677,0.14713758213965222,0.147137582136929,0.14713758213965222,0.14713758214334677,0.14713758213965222,0.14713758213450495,0.1471375821302776,0.14713758213450495,0.14713758213965222,0.147137582136929,0.1471375821302776,0.1471375821242181,0.1471375821302776,0.147137582136929,0.14713758213965222,0.14713758213450495,0.1471375821302776,0.14713758213450495,0.14713758213965222,0.14713758214334677,0.14713758213965222,0.147137582136929,0.14713758213965222,0.14713758214334677,0.14592511797704819,0.14592511796765337,0.14592511796004254,0.14592511796765337,0.14592511797704819,0.14592511796765337,0.1459251179529093,0.14592511793861734,0.1459251179529093,0.14592511796765337,0.14592511796004254,0.14592511793861734,0.14592511791313473,0.14592511793861734,0.14592511796004254,0.14592511796765337,0.1459251179529093,0.14592511793861734,0.1459251179529093,0.14592511796765337,0.14592511797704819,0.14592511796765337,0.14592511796004254,0.14592511796765337,0.14592511797704819,0.14473660936598934,0.14473660934478116,0.14473660932522237,0.14473660934478116,0.14473660936598934,0.14473660934478116,0.1447366093060072,0.14473660925834392,0.1447366093060072,0.14473660934478116,0.14473660932522237,0.14473660925834392,0.14473660913727007,0.14473660925834392,0.14473660932522237,0.14473660934478116,0.1447366093060072,0.14473660925834392,0.1447366093060072,0.14473660934478116,0.14473660936598934,0.14473660934478116,0.14473660932522237,0.14473660934478116,0.14473660936598934,0.14357153047214458,0.14357153043347853,0.1435715303921154,0.14357153043347853,0.14357153047214458,0.14357153043347853,0.14357153035010034,0.1435715302100896,0.14357153035010034,0.14357153043347853,0.1435715303921154,0.1435715302100896,0.14357152955754424,0.1435715302100896,0.1435715303921154,0.14357153043347853,0.14357153035010034,0.1435715302100896,0.14357153035010034,0.14357153043347853,0.14357153047214458,0.14357153043347853,0.1435715303921154,0.14357153043347853,0.14357153047214458,0.14242936428334957,0.14242936423600458,0.14242936418618796,0.14242936423600458,0.14242936428334957,0.14242936423600458,0.14242936413547685,0.14242936397711695,0.14242936413547685,0.14242936423600458,0.14242936418618796,0.14242936397711695,0.14242936333146347,0.14242936397711695,0.14242936418618796,0.14242936423600458,0.14242936413547685,0.14242936397711695,0.14242936413547685,0.14242936423600458,0.14242936428334957,0.14242936423600458,0.14242936418618796,0.14242936423600458,0.14242936428334957,0.1413096027965282,0.14130960274894383,0.14130960269718118,0.14130960274894383,0.1413096027965282,0.14130960274894383,0.14130960264405923,0.1413096024713504,0.14130960264405923,0.14130960274894383,0.14130960269718118,0.1413096024713504,0.14130960173270807,0.1413096024713504,0.14130960269718118,0.14130960274894383,0.14130960264405923,0.1413096024713504,0.14130960264405923,0.14130960274894383,0.1413096027965282,0.14130960274894383,0.14130960269718118,0.14130960274894383,0.1413096027965282,0.1402117471870825,0.14021174715357415,0.14021174711348475,0.14021174715357415,0.1402117471870825,0.14021174715357415,0.14021174707166656,0.14021174691710633,0.14021174707166656,0.14021174715357415,0.14021174711348475,0.14021174691710633,0.14021174614398357,0.14021174691710633,0.14021174711348475,0.14021174715357415,0.14021174707166656,0.14021174691710633,0.14021174707166656,0.14021174715357415,0.1402117471870825,0.14021174715357415,0.14021174711348475,0.14021174715357415,0.1402117471870825,0.1391353079256729,0.1391353079285681,0.13913530792888798,0.1391353079285681,0.1391353079256729,0.1391353079285681,0.13913530792854362,0.13913530791854586,0.13913530792854362,0.1391353079285681,0.13913530792888798,0.13913530791854586,0.13913530786242723,0.13913530791854586,0.13913530792888798,0.1391353079285681,0.13913530792854362,0.13913530791854586,0.13913530792854362,0.1391353079285681,0.1391353079256729,0.1391353079285681,0.13913530792888798,0.1391353079285681,0.1391353079256729,0.13807980485452478,0.1380798049029359,0.13807980495281627,0.1380798049029359,0.13807980485452478,0.1380798049029359,0.138079805003712,0.13807980514607412,0.138079805003712,0.1380798049029359,0.13807980495281627,0.13807980514607412,0.13807980555735677,0.13807980514607412,0.13807980495281627,0.1380798049029359,0.138079805003712,0.13807980514607412,0.138079805003712,0.1380798049029359,0.13807980485452478,0.1380798049029359,0.13807980495281627,0.1380798049029359,0.13807980485452478,0.13704476727499207,0.137044767363906,0.13704476747301006,0.137044767363906,0.13704476727499207,0.137044767363906,0.1370447675864581,0.13704476803781304,0.1370447675864581,0.137044767363906,0.13704476747301006,0.13704476803781304,0.13704477055166567,0.13704476803781304,0.13704476747301006,0.137044767363906,0.1370447675864581,0.13704476803781304,0.1370447675864581,0.137044767363906,0.13704476727499207,0.137044767363906,0.13704476747301006,0.137044767363906,0.13704476727499207,0.13602973400822735,0.13602973407120253,0.13602973413314667,0.13602973407120253,0.13602973400822735,0.13602973407120253,0.1360297341954187,0.13602973436227167,0.1360297341954187,0.13602973407120253,0.13602973413314667,0.13602973436227167,0.1360297348266483,0.13602973436227167,0.13602973413314667,0.13602973407120253,0.1360297341954187,0.13602973436227167,0.1360297341954187,0.13602973407120253,0.13602973400822735,0.13602973407120253,0.13602973413314667,0.13602973407120253,0.13602973400822735,0.1350342535276974,0.1350342535673255,0.13503425360011503,0.1350342535673255,0.1350342535276974,0.1350342535673255,0.13503425363128427,0.13503425369485098,0.13503425363128427,0.1350342535673255,0.13503425360011503,0.13503425369485098,0.13503425381067147,0.13503425369485098,0.13503425360011503,0.1350342535673255,0.13503425363128427,0.13503425369485098,0.13503425363128427,0.1350342535673255,0.1350342535276974,0.1350342535673255,0.13503425360011503,0.1350342535673255,0.1350342535276974
0.1653324874400265,0.1653324874400265,0.1653324874400265,0.1653324874400265,0.1653324874400265,0.1653324874400265,0.1653324874400265,0.1653324874400265,0.1653324874400265,0.16533248744002627,0.1653324874400265,0.1653324874400265,0.1653324874400265,0.1653324874400265,0.1653324874400265,0.1653324874400265,0.1653324874400265,0.1653324874400265,0.1653324874400265,0.1653324874400265,0.1653324874400265,0.16533248744002627,0.1653324874400265,0.1653324874400265,0.1653324874400265,0.16375749372814072,0.16375749372814072,0.16375749372814072,0.16375749372814072,0.16375749372814072,0.16375749372814072,0.16375749372814072,0.16375749372814072,0.16375749372814072,0.16375749372814072,0.16375749372814072,0.16375749372814072,0.16375749372814072,0.16375749372814072,0.16375749372814072,0.16375749372814072,0.16375749372814072,0.16375749372814072,0.16375749372814072,0.16375749372814072,0.16375749372814072,0.16375749372814072,0.16375749372814072,0.16375749372814072,0.16375749372814072,0.16221388394804953,0.16221388394804953,0.16221388394804953,0.16221388394804953,0.16221388394804953,0.16221388394804953,0.1622138839480493,0.1622138839480493,0.1622138839480493,0.16221388394804953,0.16221388394804953,0.1622138839480493,0.1622138839480493,0.1622138839480493,0.16221388394804953,0.16221388394804953,0.1622138839480493,0.1622138839480493,0.1622138839480493,0.16221388394804953,0.16221388394804953,0.16221388394804953,0.16221388394804953,0.16221388394804953,0.16221388394804953,0.16070106705679335,0.16070106705679313,0.16070106705679313,0.16070106705679313,0.16070106705679335,0.16070106705679313,0.16070106705679313,0.16070106705679313,0.16070106705679313,0.16070106705679313,0.16070106705679313,0.16070106705679313,0.16070106705679313,0.16070106705679313,0.16070106705679313,0.16070106705679313,0.16070106705679313,0.16070106705679313,0.16070106705679313,0.16070106705679313,0.16070106705679335,0.16070106705679313,0.16070106705679313,0.16070106705679313,0.16070106705679335,0.15921845142935084,0.15921845142935062,0.15921845142935062,0.15921845142935062,0.15921845142935084,0.15921845142935062,0.15921845142935062,0.15921845142935037,0.15921845142935062,0.15921845142935062,0.15921845142935062,0.15921845142935037,0.15921845142935015,0.15921845142935037,0.15921845142935062,0.15921845142935062,0.15921845142935062,0.15921845142935037,0.15921845142935062,0.15921845142935062,0.15921845142935084,0.15921845142935062,0.15921845142935062,0.15921845142935062,0.15921845142935084,0.1577654462104901,0.15776544621048946,0.15776544621048905,0.15776544621048946,0.1577654462104901,0.15776544621048946,0.1577654462104888,0.15776544621048838,0.1577654462104888,0.15776544621048946,0.15776544621048905,0.15776544621048838,0.1577654462104882,0.15776544621048838,0.15776544621048905,0.15776544621048946,0.1577654462104888,0.15776544621048838,0.1577654462104888,0.15776544621048946,0.1577654462104901,0.15776544621048946,0.15776544621048905,0.15776544621048946,0.1577654462104901,0.15634146252909076,0.1563414625290889,0.15634146252908784,0.1563414625290889,0.15634146252909076,0.1563414625290889,0.1563414625290872,0.15634146252908596,0.1563414625290872,0.1563414625290889,0.15634146252908784,0.15634146252908596,0.1563414625290847,0.15634146252908596,0.15634146252908784,0.1563414625290889,0.1563414625290872,0.15634146252908596,0.1563414625290872,0.1563414625290889,0.15634146252909076,0.1563414625290889,0.15634146252908784,0.1563414625290889,0.15634146252909076,0.154945914585207,0.15494591458520127,0.15494591458519777,0.15494591458520127,0.154945914585207,0.15494591458520127,0.15494591458519533,0.15494591458519183,0.15494591458519533,0.15494591458520127,0.15494591458519777,0.15494591458519183,0.15494591458518794,0.15494591458519183,0.15494591458519777,0.15494591458520127,0.15494591458519533,0.15494591458519183,0.15494591458519533,0.15494591458520127,0.154945914585207,0.15494591458520127,0.15494591458519777,0.15494591458520127,0.154945914585207,0.1535782206195743,0.15357822061955703,0.15357822061954599,0.15357822061955703,0.1535782206195743,0.15357822061955703,0.15357822061953857,0.15357822061952692,0.15357822061953857,0.15357822061955703,0.15357822061954599,0.15357822061952692,0.15357822061951487,0.15357822061952692,0.15357822061954599,0.15357822061955703,0.15357822061953857,0.15357822061952692,0.15357822061953857,0.15357822061955703,0.1535782206195743,0.15357822061955703,0.15357822061954599,0.15357822061955703,0.1535782206195743,0.15223780377472368,0.15223780377467092,0.15223780377463744,0.15223780377467092,0.15223780377472368,0.15223780377467092,0.15223780377461343,0.1522378037745764,0.15223780377461343,0.15223780377467092,0.15223780377463744,0.1522378037745764,0.15223780377453686,0.1522378037745764,0.15223780377463744,0.15223780377467092,0.15223780377461343,0.1522378037745764,0.15223780377461343,0.15223780377467092,0.15223780377472368,0.15223780377467092,0.15223780377463744,0.15223780377467092,0.15223780377472368,0.1509240928563207,0.15092409285616212,0.15092409285605948,0.15092409285616212,0.1509240928563207,0.15092409285616212,0.1509240928559827,0.15092409285586347,0.1509240928559827,0.15092409285616212,0.15092409285605948,0.15092409285586347,0.1509240928557309,0.15092409285586347,0.15092409285605948,0.15092409285616212,0.1509240928559827,0.15092409285586347,0.1509240928559827,0.15092409285616212,0.1509240928563207,0.15092409285616212,0.15092409285605948,0.15092409285616212,0.1509240928563207,0.1496365230028505,0.149636523002384,0.1496365230020745,0.149636523002384,0.1496365230028505,0.149636523002384,0.14963652300182792,0.14963652300144276,0.14963652300182792,0.149636523002384,0.1496365230020745,0.14963652300144276,0.14963652300099822,0.14963652300144276,0.1496365230020745,0.149636523002384,0.14963652300182792,0.14963652300144276,0.14963652300182792,0.149636523002384,0.1496365230028505,0.149636523002384,0.1496365230020745,0.149636523002384,0.1496365230028505,0.14837453627132352,0.14837453626999172,0.14837453626907154,0.14837453626999172,0.14837453627132352,0.14837453626999172,0.14837453626829522,0.14837453626704553,0.14837453626829522,0.14837453626999172,0.14837453626907154,0.14837453626704553,0.1483745362654795,0.14837453626704553,0.14837453626907154,0.14837453626999172,0.14837453626829522,0.14837453626704553,0.14837453626829522,0.14837453626999172,0.14837453627132352,0.14837453626999172,0.14837453626907154,0.14837453626999172,0.14837453627132352,0.14713758214635028,0.14713758214271425,0.1471375821400359,0.14713758214271425,0.14713758214635028,0.14713758214271425,0.14713758213765307,0.14713758213350114,0.14713758213765307,0.14713758214271425,0.1471375821400359,0.14713758213350114,0.1471375821275566,0.14713758213350114,0.1471375821400359,0.14713758214271425,0.14713758213765307,0.14713758213350114,0.14713758213765307,0.14713758214271425,0.14713758214635028,0.14713758214271425,0.1471375821400359,0.14713758214271425,0.14713758214635028,0.14592511797981014,0.14592511797055635,0.14592511796306784,0.14592511797055635,0.14592511797981014,0.14592511797055635,0.14592511795605337,0.14592511794201818,0.14592511795605337,0.14592511797055635,0.14592511796306784,0.14592511794201818,0.14592511791703808,0.14592511794201818,0.14592511796306784,0.14592511797055635,0.14592511795605337,0.14592511794201818,0.14592511795605337,0.14592511797055635,0.14592511797981014,0.14592511797055635,0.14592511796306784,0.14592511797055635,0.14592511797981014,0.14473660936821675,0.14473660934729488,0.14473660932803173,0.14473660934729488,0.14473660936821675,0.14473660934729488,0.14473660930911839,0.1447366092623057,0.14473660930911839,0.14473660934729488,0.14473660932803173,0.1447366092623057,0.14473660914371983,0.1447366092623057,0.14473660932803173,0.14473660934729488,0.14473660930911839,0.1447366092623057,0.14473660930911839,0.14473660934729488,0.14473660936821675,0.14473660934729488,0.14473660932803173,0.14473660934729488,0.14473660936821675,0.14357153047324003,0.1435715304349715,0.14357153039412804,0.1435715304349715,0.14357153047323987,0.1435715304349715,0.14357153035265813,0.14357153021498087,0.14357153035265813,0.1435715304349715,0.14357153039412804,0.14357153021498087,0.14357152957634062,0.14357153021498087,0.14357153039412804,0.1435715304349715,0.14357153035265813,0.14357153021498087,0.14357153035265813,0.1435715304349715,0.14357153047323987,0.1435715304349715,0.14357153039412804,0.1435715304349715,0.14357153047323987,0.14242936428247646,0.14242936423523664,0.14242936418549346,0.14242936423523664,0.14242936428247646,0.14242936423523664,0.14242936413485233,0.1424293639764421,0.14242936413485233,0.14242936423523664,0.14242936418549346,0.1424293639764421,0.14242936332854408,0.1424293639764421,0.14242936418549346,0.14242936423523664,0.14242936413485233,0.1424293639764421,0.14242936413485233,0.14242936423523664,0.14242936428247646,0.14242936423523664,0.14242936418549346,0.14242936423523664,0.14242936428247646,0.14130960279344185,0.14130960274576865,0.14130960269387444,0.14130960274576865,0.14130960279344185,0.14130960274576865,0.1413096026406107,0.14130960246728516,0.1413096026406107,0.14130960274576865,0.14130960269387444,0.14130960246728516,0.14130960172530763,0.14130960246728516,0.14130960269387444,0.14130960274576865,0.1413096026406107,0.14130960246728516,0.1413096026406107,0.14130960274576865,0.14130960279344185,0.14130960274576865,0.14130960269387444,0.14130960274576865,0.14130960279344185,0.1402117471819345,0.14021174714828424,0.14021174710804038,0.14021174714828424,0.1402117471819345,0.14021174714828424,0.14021174706606368,0.14021174691098773,0.14021174706606368,0.14021174714828424,0.14021174710804038,0.14021174691098773,0.140211746135656,0.14021174691098773,0.14021174710804038,0.14021174714828424,0.14021174706606368,0.14021174691098773,0.14021174706606368,0.14021174714828424,0.1402117471819345,0.14021174714828424,0.14021174710804038,0.14021174714828424,0.1402117471819345,0.13913530791872547,0.13913530792146778,0.13913530792165102,0.13913530792146778,0.13913530791872547,0.13913530792146778,0.13913530792117274,0.13913530791087111,0.13913530792117274,0.13913530792146778,0.13913530792165102,0.13913530791087111,0.13913530785408398,0.13913530791087111,0.13913530792165102,0.13913530792146778,0.13913530792117274,0.13913530791087111,0.13913530792117274,0.13913530792146778,0.13913530791872547,0.13913530792146778,0.13913530792165102,0.13913530792146778,0.13913530791872547,0.13807980484606497,0.1380798048942582,0.13807980494392819,0.1380798048942582,0.13807980484606497,0.1380798048942582,0.13807980499461323,0.13807980513642729,0.13807980499461323,0.1380798048942582,0.13807980494392819,0.13807980513642729,0.13807980554623753,0.13807980513642729,0.13807980494392819,0.1380798048942582,0.13807980499461323,0.13807980513642729,0.13807980499461323,0.1380798048942582,0.13807980484606497,0.1380798048942582,0.13807980494392819,0.1380798048942582,0.13807980484606497,0.13704476726544304,0.13704476735405044,0.13704476746279132,0.13704476735405044,0.13704476726544304,0.13704476735405044,0.13704476757586467,0.13704476802576676,0.13704476757586467,0.13704476735405044,0.13704476746279132,0.13704476802576676,0.13704477053163425,0.13704476802576676,0.13704476746279132,0.13704476735405044,0.13704476757586467,0.13704476802576676,0.13704476757586467,0.13704476735405044,0.13704476726544304,0.13704476735405044,0.13704476746279132,0.13704476735405044,0.13704476726544304,0.13602973399819948,0.13602973406096608,0.13602973412270788,0.13602973406096608,0.13602973399819948,0.13602973406096608,0.136029734184778,0.1360297343510954,0.136029734184778,0.13602973406096608,0.13602973412270788,0.1360297343510954,0.13602973481399572,0.1360297343510954,0.13602973412270788,0.13602973406096608,0.136029734184778,0.1360297343510954,0.136029734184778,0.13602973406096608,0.13602973399819948,0.13602973406096608,0.13602973412270788,0.13602973406096608,0.13602973399819948,0.13503425351760603,0.13503425355710458,0.13503425358978782,0.13503425355710458,0.13503425351760603,0.13503425355710458,0.1350342536208564,0.1350342536842188,0.1350342536208564,0.13503425355710458,0.13503425358978782,0.1350342536842188,0.1350342537996699,0.1350342536842188,0.13503425358978782,0.13503425355710458,0.1350342536208564,0.1350342536842188,0.1350342536208564,0.13503425355710458,0.13503425351760603,0.13503425355710458,0.13503425358978782,0.13503425355710458,0.13503425351760603
0.16533248744408313,0.16533248744408313,0.16533248744408313,0.16533248744408313,0.16533248744408313,0.16533248744408313,0.16533248744408313,0.16533248744408313,0.16533248744408313,0.16533248744408313,0.16533248744408313,0.16533248744408313,0.16533248744408313,0.16533248744408313,0.16533248744408313,0.16533248744408313,0.16533248744408313,0.16533248744408313,0.16533248744408313,0.16533248744408313,0.16533248744408313,0.16533248744408313,0.16533248744408313,0.16533248744408313,0.16533248744408313,0.16375749373211773,0.16375749373211773,0.16375749373211773,0.16375749373211773,0.16375749373211773,0.16375749373211773,0.16375749373211773,0.16375749373211773,0.16375749373211773,0.16375749373211773,0.16375749373211773,0.16375749373211773,0.16375749373211773,0.16375749373211773,0.16375749373211773,0.16375749373211773,0.16375749373211773,0.16375749373211773,0.16375749373211773,0.16375749373211773,0.16375749373211773,0.16375749373211773,0.16375749373211773,0.16375749373211773,0.16375749373211773,0.16221388395194927,0.16221388395194927,0.16221388395194927,0.16221388395194927,0.16221388395194927,0.16221388395194927,0.16221388395194927,0.16221388395194927,0.16221388395194927,0.16221388395194927,0.16221388395194927,0.16221388395194927,0.16221388395194927,0.16221388395194927,0.16221388395194927,0.16221388395194927,0.16221388395194927,0.16221388395194927,0.16221388395194927,0.16221388395194927,0.16221388395194927,0.16221388395194927,0.16221388395194927,0.16221388395194927,0.16221388395194927,0.16070106706061812,0.16070106706061812,0.16070106706061812,0.16070106706061812,0.16070106706061812,0.16070106706061812,0.16070106706061812,0.16070106706061812,0.16070106706061812,0.16070106706061812,0.16070106706061812,0.16070106706061812,0.16070106706061812,0.16070106706061812,0.16070106706061812,0.16070106706061812,0.16070106706061812,0.16070106706061812,0.16070106706061812,0.16070106706061812,0.16070106706061812,0.16070106706061812,0.16070106706061812,0.16070106706061812,0.16070106706061812,0.15921845143310362,0.1592184514331034,0.15921845143310318,0.1592184514331034,0.15921845143310362,0.1592184514331034,0.15921845143310318,0.15921845143310295,0.15921845143310318,0.1592184514331034,0.15921845143310318,0.15921845143310295,0.15921845143310295,0.15921845143310295,0.15921845143310318,0.1592184514331034,0.15921845143310318,0.15921845143310295,0.15921845143310318,0.1592184514331034,0.15921845143310362,0.1592184514331034,0.15921845143310318,0.1592184514331034,0.15921845143310362,0.15776544621417285,0.1577654462141722,0.15776544621417177,0.1577654462141722,0.15776544621417285,0.1577654462141722,0.15776544621417155,0.15776544621417135,0.15776544621417155,0.1577654462141722,0.15776544621417177,0.15776544621417135,0.15776544621417093,0.15776544621417135,0.15776544621417177,0.1577654462141722,0.15776544621417155,0.15776544621417135,0.15776544621417155,0.1577654462141722,0.15776544621417285,0.1577654462141722,0.15776544621417177,0.1577654462141722,0.15776544621417285,0.156341462532706,0.15634146253270434,0.1563414625327031,0.15634146253270434,0.156341462532706,0.15634146253270434,0.15634146253270245,0.15634146253270123,0.15634146253270245,0.15634146253270434,0.1563414625327031,0.15634146253270123,0.15634146253270015,0.15634146253270123,0.1563414625327031,0.15634146253270434,0.15634146253270245,0.15634146253270123,0.15634146253270245,0.15634146253270434,0.156341462532706,0.15634146253270434,0.1563414625327031,0.15634146253270434,0.156341462532706,0.15494591458875703,0.1549459145887515,0.154945914588748,0.1549459145887515,0.15494591458875703,0.1549459145887515,0.15494591458874576,0.15494591458874207,0.15494591458874576,0.1549459145887515,0.154945914588748,0.15494591458874207,0.15494591458873838,0.15494591458874207,0.154945914588748,0.1549459145887515,0.15494591458874576,0.15494591458874207,0.15494591458874576,0.1549459145887515,0.15494591458875703,0.1549459145887515,0.154945914588748,0.1549459145887515,0.15494591458875703,0.15357822062306134,0.15357822062304446,0.15357822062303364,0.15357822062304446,0.15357822062306134,0.15357822062304446,0.1535782206230264,0.15357822062301496,0.1535782206230264,0.15357822062304446,0.15357822062303364,0.15357822062301496,0.15357822062300308,0.15357822062301496,0.15357822062303364,0.15357822062304446,0.1535782206230264,0.15357822062301496,0.1535782206230264,0.15357822062304446,0.15357822062306134,0.15357822062304446,0.15357822062303364,0.15357822062304446,0.15357822062306134,0.15223780377814944,0.1522378037780977,0.15223780377806462,0.1522378037780977,0.15223780377814944,0.1522378037780977,0.1522378037780412,0.15223780377800478,0.1522378037780412,0.1522378037780977,0.15223780377806462,0.15223780377800478,0.15223780377796603,0.15223780377800478,0.15223780377806462,0.1522378037780977,0.1522378037780412,0.15223780377800478,0.1522378037780412,0.1522378037780977,0.15223780377814944,0.1522378037780977,0.15223780377806462,0.1522378037780977,0.15223780377814944,0.15092409285968522,0.1509240928595295,0.15092409285942904,0.1509240928595295,0.15092409285968522,0.1509240928595295,0.1509240928593534,0.1509240928592367,0.1509240928593534,0.1509240928595295,0.15092409285942904,0.1509240928592367,0.15092409285910666,0.1509240928592367,0.15092409285942904,0.1509240928595295,0.1509240928593534,0.1509240928592367,0.1509240928593534,0.1509240928595295,0.15092409285968522,0.1509240928595295,0.15092409285942904,0.1509240928595295,0.15092409285968522,0.14963652300615038,0.14963652300569205,0.14963652300538796,0.14963652300569205,0.14963652300615038,0.14963652300569205,0.14963652300514615,0.14963652300476799,0.14963652300514615,0.14963652300569205,0.14963652300538796,0.14963652300476799,0.14963652300433175,0.14963652300476799,0.14963652300538796,0.14963652300569205,0.14963652300514615,0.14963652300476799,0.14963652300514615,0.14963652300569205,0.14963652300615038,0.14963652300569205,0.14963652300538796,0.14963652300569205,0.14963652300615038,0.14837453627454342,0.14837453627323463,0.14837453627233058,0.14837453627323463,0.14837453627454342,0.14837453627323463,0.14837453627156832,0.14837453627034183,0.14837453627156832,0.14837453627323463,0.14837453627233058,0.14837453627034183,0.1483745362688058,0.14837453627034183,0.14837453627233058,0.14837453627323463,0.14837453627156832,0.14837453627034183,0.14837453627156832,0.14837453627323463,0.14837453627454342,0.14837453627323463,0.14837453627233058,0.14837453627323463,0.14837453627454342,0.14713758214944464,0.14713758214586886,0.14713758214323705,0.14713758214586886,0.14713758214944464,0.14713758214586886,0.14713758214089712,0.14713758213682274,0.14713758214089712,0.14713758214586886,0.14713758214323705,0.14713758213682274,0.14713758213099662,0.14713758213682274,0.14713758214323705,0.14713758214586886,0.14713758214089712,0.14713758213682274,0.14713758214089712,0.14713758214586886,0.14713758214944464,0.14713758214586886,0.14713758214323705,0.14713758214586886,0.14713758214944464,0.1459251179826547,0.14592511797354654,0.14592511796618432,0.14592511797354654,0.1459251179826547,0.14592511797354654,0.14592511795929236,0.1459251179455223,0.14592511795929236,0.14592511797354654,0.14592511796618432,0.1459251179455223,0.14592511792106128,0.1459251179455223,0.14592511796618432,0.14592511797354654,0.14592511795929236,0.1459251179455223,0.14592511795929236,0.14592511797354654,0.1459251179826547,0.14592511797354654,0.14592511796618432,0.14592511797354654,0.1459251179826547,0.1447366093705093,0.14473660934988275,0.1447366093309249,0.14473660934988275,0.1447366093705093,0.14473660934988275,0.14473660931232296,0.1447366092663884,0.14473660931232296,0.14473660934988275,0.1447366093309249,0.1447366092663884,0.14473660915037143,0.1447366092663884,0.1447366093309249,0.14473660934988275,0.14473660931232296,0.1447366092663884,0.14473660931232296,0.14473660934988275,0.1447366093705093,0.14473660934988275,0.1447366093309249,0.14473660934988275,0.1447366093705093,0.14357153047436325,0.143571530436505,0.143571530396198,0.143571530436505,0.14357153047436325,0.143571530436505,0.14357153035529072,0.14357153022002253,0.14357153035529072,0.143571530436505,0.143571530396198,0.14357153022002253,0.1435715295956723,0.14357153022002253,0.143571530396198,0.143571530436505,0.14357153035529072,0.14357153022002253,0.14357153035529072,0.14357153043650484,0.14357153047436325,0.143571530436505,0.143571530396198,0.14357153043650484,0.14357153047436325,0.14242936428156772,0.14242936423443578,0.14242936418476776,0.14242936423443578,0.14242936428156772,0.14242936423443578,0.14242936413419824,0.1424293639757342,0.14242936413419824,0.14242936423443578,0.14242936418476776,0.1424293639757342,0.14242936332554987,0.1424293639757342,0.14242936418476776,0.14242936423443578,0.14242936413419824,0.1424293639757342,0.14242936413419824,0.14242936423443578,0.14242936428156772,0.14242936423443578,0.14242936418476776,0.14242936423443578,0.14242936428156772,0.1413096027902499,0.14130960274248378,0.14130960269045242,0.14130960274248378,0.1413096027902499,0.14130960274248378,0.14130960263704082,0.14130960246307367,0.14130960263704082,0.14130960274248378,0.14130960269045242,0.14130960246307367,0.1413096017176244,0.14130960246307367,0.14130960269045242,0.14130960274248378,0.14130960263704082,0.14130960246307367,0.14130960263704082,0.14130960274248378,0.1413096027902499,0.14130960274248378,0.14130960269045242,0.14130960274248378,0.1413096027902499,0.1402117471766185,0.1402117471428205,0.1402117471024157,0.1402117471428205,0.1402117471766185,0.1402117471428205,0.14021174706027356,0.1402117469046587,0.14021174706027356,0.1402117471428205,0.1402117471024157,0.1402117469046587,0.14021174612702045,0.1402117469046587,0.1402117471024157,0.1402117471428205,0.14021174706027356,0.1402117469046587,0.14021174706027356,0.1402117471428205,0.1402117471766185,0.1402117471428205,0.1402117471024157,0.1402117471428205,0.1402117471766185,0.13913530791155923,0.1391353079141431,0.139135307914185,0.1391353079141431,0.13913530791155923,0.1391353079141431,0.13913530791356804,0.13913530790295128,0.13913530791356804,0.1391353079141431,0.139135307914185,0.13913530790295128,0.13913530784546957,0.13913530790295128,0.139135307914185,0.1391353079141431,0.13913530791356804,0.13913530790295128,0.13913530791356804,0.1391353079141431,0.13913530791155923,0.1391353079141431,0.139135307914185,0.1391353079141431,0.13913530791155923,0.13807980483734514,0.13807980488531435,0.13807980493476804,0.13807980488531435,0.13807980483734514,0.13807980488531435,0.13807980498523648,0.1380798051264874,0.13807980498523648,0.13807980488531435,0.13807980493476804,0.1380798051264874,0.13807980553478508,0.1380798051264874,0.13807980493476804,0.13807980488531435,0.13807980498523648,0.1380798051264874,0.13807980498523648,0.13807980488531435,0.13807980483734514,0.13807980488531435,0.13807980493476804,0.13807980488531435,0.13807980483734514,0.13704476725560544,0.13704476734389828,0.13704476745226649,0.13704476734389828,0.13704476725560544,0.13704476734389828,0.13704476756495507,0.13704476801336654,0.13704476756495507,0.13704476734389828,0.13704476745226649,0.13704476801336654,0.1370447705110623,0.13704476801336654,0.13704476745226649,0.13704476734389828,0.13704476756495507,0.13704476801336654,0.13704476756495507,0.13704476734389828,0.13704476725560544,0.13704476734389828,0.13704476745226649,0.13704476734389828,0.13704476725560544,0.13602973398787102,0.13602973405042368,0.1360297341119579,0.13602973405042368,0.13602973398787102,0.13602973405042368,0.13602973417382067,0.13602973433958856,0.13602973417382067,0.13602973405042368,0.1360297341119579,0.13602973433958856,0.13602973480097424,0.13602973433958856,0.1360297341119579,0.13602973405042368,0.13602973417382067,0.13602973433958856,0.13602973417382067,0.13602973405042368,0.13602973398787102,0.13602973405042368,0.1360297341119579,0.13602973405042368,0.13602973398787102,0.1350342535072131,0.13503425354657872,0.13503425357915272,0.13503425354657872,0.1350342535072131,0.13503425354657872,0.13503425361011792,0.1350342536732711,0.13503425361011792,0.13503425354657872,0.13503425357915272,0.1350342536732711,0.135034253788343,0.1350342536732711,0.13503425357915272,0.13503425354657872,0.13503425361011792,0.1350342536732711,0.13503425361011792,0.13503425354657872,0.1350342535072131,0.13503425354657872,0.13503425357915272,0.13503425354657872,0.1350342535072131
0.16533248744826223,0.16533248744826223,0.16533248744826223,0.16533248744826223,0.16533248744826223,0.16533248744826223,0.16533248744826223,0.16533248744826223,0.16533248744826223,0.16533248744826223,0.16533248744826223,0.16533248744826223,0.16533248744826223,0.16533248744826223,0.16533248744826223,0.16533248744826223,0.16533248744826223,0.16533248744826223,0.16533248744826223,0.16533248744826223,0.16533248744826223,0.16533248744826223,0.16533248744826223,0.16533248744826223,0.16533248744826223,0.16375749373621473,0.16375749373621473,0.16375749373621473,0.16375749373621473,0.16375749373621473,0.16375749373621473,0.16375749373621473,0.16375749373621473,0.16375749373621473,0.16375749373621473,0.16375749373621473,0.16375749373621473,0.16375749373621473,0.16375749373621473,0.16375749373621473,0.16375749373621473,0.16375749373621473,0.16375749373621473,0.16375749373621473,0.16375749373621473,0.16375749373621473,0.16375749373621473,0.16375749373621473,0.16375749373621473,0.16375749373621473,0.16221388395596667,0.16221388395596645,0.16221388395596645,0.16221388395596645,0.16221388395596667,0.16221388395596645,0.16221388395596645,0.16221388395596645,0.16221388395596645,0.16221388395596645,0.16221388395596645,0.16221388395596645,0.16221388395596645,0.16221388395596645,0.16221388395596645,0.16221388395596645,0.16221388395596645,0.16221388395596645,0.16221388395596645,0.16221388395596645,0.16221388395596667,0.16221388395596645,0.16221388395596645,0.16221388395596645,0.16221388395596667,0.16070106706455847,0.16070106706455822,0.16070106706455822,0.16070106706455822,0.16070106706455847,0.16070106706455822,0.16070106706455822,0.16070106706455822,0.16070106706455822,0.16070106706455822,0.16070106706455822,0.16070106706455822,0.16070106706455822,0.16070106706455822,0.16070106706455822,0.16070106706455822,0.16070106706455822,0.16070106706455822,0.16070106706455822,0.16070106706455822,0.16070106706455847,0.16070106706455822,0.16070106706455822,0.16070106706455822,0.16070106706455847,0.15921845143696894,0.15921845143696875,0.15921845143696853,0.15921845143696875,0.15921845143696894,0.15921845143696875,0.15921845143696853,0.15921845143696853,0.15921845143696853,0.15921845143696875,0.15921845143696853,0.15921845143696853,0.1592184514369683,0.15921845143696853,0.15921845143696853,0.15921845143696875,0.15921845143696853,0.15921845143696853,0.15921845143696853,0.15921845143696875,0.15921845143696894,0.15921845143696875,0.15921845143696853,0.15921845143696875,0.15921845143696894,0.1577654462179659,0.15776544621796548,0.15776544621796504,0.15776544621796548,0.1577654462179659,0.15776544621796548,0.15776544621796482,0.1577654462179644,0.15776544621796482,0.15776544621796548,0.15776544621796504,0.1577654462179644,0.15776544621796418,0.1577654462179644,0.15776544621796504,0.15776544621796548,0.15776544621796482,0.1577654462179644,0.15776544621796482,0.15776544621796548,0.1577654462179659,0.15776544621796548,0.15776544621796504,0.15776544621796548,0.1577654462179659,0.1563414625364294,0.15634146253642767,0.15634146253642667,0.15634146253642767,0.1563414625364294,0.15634146253642767,0.15634146253642583,0.15634146253642478,0.15634146253642583,0.15634146253642767,0.15634146253642667,0.15634146253642478,0.1563414625364235,0.15634146253642478,0.15634146253642667,0.15634146253642767,0.15634146253642583,0.15634146253642478,0.15634146253642583,0.15634146253642767,0.1563414625364294,0.15634146253642767,0.15634146253642667,0.15634146253642767,0.1563414625364294,0.15494591459241303,0.1549459145924075,0.15494591459240423,0.1549459145924075,0.15494591459241303,0.1549459145924075,0.15494591459240195,0.15494591459239826,0.15494591459240195,0.1549459145924075,0.15494591459240423,0.15494591459239826,0.1549459145923948,0.15494591459239826,0.15494591459240423,0.1549459145924075,0.15494591459240195,0.15494591459239826,0.15494591459240195,0.1549459145924075,0.15494591459241303,0.1549459145924075,0.15494591459240423,0.1549459145924075,0.15494591459241303,0.15357822062665222,0.15357822062663554,0.1535782206266249,0.15357822062663554,0.15357822062665222,0.15357822062663554,0.15357822062661766,0.15357822062660662,0.15357822062661766,0.15357822062663554,0.1535782206266249,0.15357822062660662,0.15357822062659499,0.15357822062660662,0.1535782206266249,0.15357822062663554,0.15357822062661766,0.15357822062660662,0.15357822062661766,0.15357822062663554,0.15357822062665222,0.15357822062663554,0.1535782206266249,0.15357822062663554,0.15357822062665222,0.15223780378167664,0.15223780378162585,0.15223780378159357,0.15223780378162585,0.15223780378167664,0.15223780378162585,0.1522378037815705,0.1522378037815349,0.1522378037815705,0.15223780378162585,0.15223780378159357,0.1522378037815349,0.15223780378149693,0.1522378037815349,0.15223780378159357,0.15223780378162585,0.1522378037815705,0.1522378037815349,0.1522378037815705,0.15223780378162585,0.15223780378167664,0.15223780378162585,0.15223780378159357,0.15223780378162585,0.15223780378167664,0.15092409286314928,0.1509240928629965,0.15092409286289774,0.1509240928629965,0.15092409286314928,0.1509240928629965,0.15092409286282382,0.15092409286270944,0.15092409286282382,0.1509240928629965,0.15092409286289774,0.15092409286270944,0.1509240928625821,0.15092409286270944,0.15092409286289774,0.1509240928629965,0.15092409286282382,0.15092409286270944,0.15092409286282382,0.1509240928629965,0.15092409286314928,0.1509240928629965,0.15092409286289774,0.1509240928629965,0.15092409286314928,0.14963652300954705,0.14963652300909724,0.14963652300879887,0.14963652300909724,0.14963652300954705,0.14963652300909724,0.14963652300856178,0.14963652300819077,0.14963652300856178,0.14963652300909724,0.14963652300879887,0.14963652300819077,0.14963652300776326,0.14963652300819077,0.14963652300879887,0.14963652300909724,0.14963652300856178,0.14963652300819077,0.14963652300856178,0.14963652300909724,0.14963652300954705,0.14963652300909724,0.14963652300879887,0.14963652300909724,0.14963652300954705,0.1483745362778575,0.14837453627657204,0.1483745362756847,0.14837453627657204,0.1483745362778575,0.14837453627657204,0.14837453627493707,0.1483745362737343,0.14837453627493707,0.14837453627657204,0.1483745362756847,0.1483745362737343,0.14837453627222957,0.1483745362737343,0.1483745362756847,0.14837453627657204,0.14837453627493707,0.1483745362737343,0.14837453627493707,0.14837453627657204,0.1483745362778575,0.14837453627657204,0.1483745362756847,0.14837453627657204,0.1483745362778575,0.1471375821526289,0.14713758214911526,0.1471375821465312,0.14713758214911526,0.1471375821526289,0.14713758214911526,0.14713758214423525,0.14713758214024117,0.14713758214423525,0.14713758214911526,0.1471375821465312,0.14713758214024117,0.14713758213453731,0.14713758214024117,0.1471375821465312,0.14713758214911526,0.14713758214423525,0.14713758214024117,0.14713758214423525,0.14713758214911526,0.1471375821526289,0.14713758214911526,0.1471375821465312,0.14713758214911526,0.1471375821526289,0.14592511798558103,0.1459251179766228,0.14592511796939073,0.1459251179766228,0.14592511798558103,0.1459251179766228,0.14592511796262503,0.14592511794912844,0.14592511796262503,0.1459251179766228,0.14592511796939073,0.14592511794912844,0.14592511792520216,0.14592511794912844,0.14592511796939073,0.1459251179766228,0.14592511796262503,0.14592511794912844,0.14592511796262503,0.1459251179766228,0.14592511798558103,0.1459251179766228,0.14592511796939073,0.1459251179766228,0.14592511798558103,0.14473660937286573,0.1447366093525436,0.14473660933390062,0.1447366093525436,0.14473660937286573,0.1447366093525436,0.1447366093156195,0.14473660927059034,0.1447366093156195,0.1447366093525436,0.14473660933390062,0.14473660927059034,0.14473660915722197,0.14473660927059034,0.14473660933390062,0.1447366093525436,0.1447366093156195,0.14473660927059034,0.1447366093156195,0.1447366093525436,0.14473660937286573,0.1447366093525436,0.14473660933390062,0.1447366093525436,0.14473660937286573,0.1435715304755143,0.14357153043807855,0.14357153039832457,0.14357153043807855,0.1435715304755143,0.14357153043807855,0.14357153035799686,0.1435715302252124,0.14357153035799686,0.14357153043807855,0.14357153039832457,0.1435715302252124,0.14357152961564973,0.1435715302252124,0.14357153039832457,0.14357153043807855,0.14357153035799686,0.1435715302252124,0.14357153035799686,0.14357153043807838,0.1435715304755143,0.14357153043807855,0.14357153039832457,0.14357153043807838,0.1435715304755143,0.14242936428062394,0.14242936423360272,0.14242936418401156,0.14242936423360272,0.14242936428062394,0.14242936423360272,0.14242936413351534,0.14242936397499387,0.14242936413351534,0.14242936423360272,0.14242936418401156,0.14242936397499387,0.14242936332239378,0.14242936397499387,0.14242936418401156,0.14242936423360272,0.14242936413351534,0.14242936397499387,0.14242936413351534,0.14242936423360272,0.14242936428062394,0.14242936423360272,0.14242936418401156,0.14242936423360272,0.14242936428062394,0.14130960278695404,0.14130960273909102,0.14130960268691686,0.14130960273909102,0.14130960278695404,0.14130960273909102,0.14130960263335152,0.1413096024587183,0.14130960263335152,0.14130960273909102,0.14130960268691686,0.1413096024587183,0.1413096017096955,0.1413096024587183,0.14130960268691686,0.14130960273909102,0.14130960263335152,0.1413096024587183,0.14130960263335152,0.14130960273909102,0.14130960278695404,0.14130960273909102,0.14130960268691686,0.14130960273909102,0.14130960278695404,0.14021174717113735,0.1402117471371857,0.14021174709661333,0.1402117471371857,0.14021174717113735,0.1402117471371857,0.1402117470542993,0.14021174689812282,0.1402117470542993,0.1402117471371857,0.14021174709661333,0.14021174689812282,0.1402117461180435,0.14021174689812282,0.14021174709661333,0.1402117471371857,0.1402117470542993,0.14021174689812282,0.1402117470542993,0.1402117471371857,0.14021174717113735,0.1402117471371857,0.14021174709661333,0.1402117471371857,0.14021174717113735,0.13913530790417714,0.13913530790659753,0.13913530790649348,0.13913530790659753,0.13913530790417714,0.13913530790659753,0.13913530790573297,0.13913530789479003,0.13913530790573297,0.13913530790659753,0.13913530790649348,0.13913530789479003,0.1391353078365881,0.13913530789479003,0.13913530790649348,0.13913530790659753,0.13913530790573297,0.13913530789479003,0.13913530790573297,0.13913530790659753,0.13913530790417714,0.13913530790659753,0.13913530790649348,0.13913530790659753,0.13913530790417714,0.13807980482836948,0.13807980487610844,0.13807980492533983,0.13807980487610844,0.13807980482836948,0.13807980487610844,0.13807980497558595,0.13807980511625859,0.13807980497558595,0.13807980487610844,0.13807980492533983,0.13807980511625859,0.13807980552300458,0.13807980511625859,0.13807980492533983,0.13807980487610844,0.13807980497558595,0.13807980511625859,0.13807980497558595,0.13807980487610844,0.13807980482836948,0.13807980487610844,0.13807980492533983,0.13807980487610844,0.13807980482836948,0.137044767245484,0.13704476733345405,0.13704476744143987,0.13704476733345405,0.137044767245484,0.13704476733345405,0.13704476755373418,0.13704476800061752,0.13704476755373418,0.13704476733345405,0.13704476744143987,0.13704476800061752,0.1370447704899403,0.13704476800061752,0.13704476744143987,0.13704476733345405,0.13704476755373418,0.13704476800061752,0.13704476755373418,0.13704476733345405,0.137044767245484,0.13704476733345405,0.13704476744143987,0.13704476733345405,0.137044767245484,0.13602973397724677,0.1360297340395798,0.13602973410090122,0.1360297340395798,0.13602973397724677,0.1360297340395798,0.13602973416255149,0.13602973432775595,0.13602973416255149,0.1360297340395798,0.13602973410090122,0.13602973432775595,0.13602973478758915,0.13602973432775595,0.13602973410090122,0.1360297340395798,0.13602973416255149,0.13602973432775595,0.13602973416255149,0.1360297340395798,0.13602973397724677,0.1360297340395798,0.13602973410090122,0.1360297340395798,0.13602973397724677,0.13503425349652307,0.13503425353575252,0.13503425356821463,0.13503425353575252,0.13503425349652307,0.13503425353575252,0.13503425359907398,0.1350342536620123,0.13503425359907398,0.13503425353575252,0.13503425356821463,0.1350342536620123,0.13503425377669548,0.1350342536620123,0.13503425356821463,0.13503425353575252,0.13503425359907398,0.1350342536620123,0.13503425359907398,0.13503425353575252,0.13503425349652307,0.13503425353575252,0.13503425356821463,0.13503425353575252,0.13503425349652307
0.1653324874525619,0.1653324874525619,0.1653324874525619,0.1653324874525619,0.1653324874525619,0.1653324874525619,0.1653324874525619,0.1653324874525619,0.1653324874525619,0.1653324874525619,0.1653324874525619,0.1653324874525619,0.1653324874525619,0.1653324874525619,0.1653324874525619,0.1653324874525619,0.1653324874525619,0.1653324874525619,0.1653324874525619,0.1653324874525619,0.1653324874525619,0.1653324874525619,0.1653324874525619,0.1653324874525619,0.1653324874525619,0.16375749374042997,0.16375749374042997,0.16375749374042997,0.16375749374042997,0.16375749374042997,0.16375749374042997,0.16375749374042997,0.16375749374042997,0.16375749374042997,0.16375749374042997,0.16375749374042997,0.16375749374042997,0.16375749374042997,0.16375749374042997,0.16375749374042997,0.16375749374042997,0.16375749374042997,0.16375749374042997,0.16375749374042997,0.16375749374042997,0.16375749374042997,0.16375749374042997,0.16375749374042997,0.16375749374042997,0.16375749374042997,0.1622138839600999,0.16221388396009964,0.16221388396009964,0.16221388396009964,0.1622138839600999,0.16221388396009964,0.16221388396009964,0.16221388396009964,0.16221388396009964,0.16221388396009964,0.16221388396009964,0.16221388396009964,0.16221388396009964,0.16221388396009964,0.16221388396009964,0.16221388396009964,0.16221388396009964,0.16221388396009964,0.16221388396009964,0.16221388396009964,0.1622138839600999,0.16221388396009964,0.16221388396009964,0.16221388396009964,0.1622138839600999,0.1607010670686121,0.16070106706861187,0.16070106706861187,0.16070106706861187,0.1607010670686121,0.16070106706861187,0.16070106706861187,0.16070106706861187,0.16070106706861187,0.16070106706861187,0.16070106706861187,0.16070106706861187,0.16070106706861187,0.16070106706861187,0.16070106706861187,0.16070106706861187,0.16070106706861187,0.16070106706861187,0.16070106706861187,0.16070106706861187,0.1607010670686121,0.16070106706861187,0.16070106706861187,0.16070106706861187,0.1607010670686121,0.15921845144094554,0.15921845144094535,0.15921845144094512,0.15921845144094535,0.15921845144094554,0.15921845144094535,0.15921845144094512,0.15921845144094512,0.15921845144094512,0.15921845144094535,0.15921845144094512,0.15921845144094512,0.1592184514409449,0.15921845144094512,0.15921845144094512,0.15921845144094535,0.15921845144094512,0.15921845144094512,0.15921845144094512,0.15921845144094535,0.15921845144094554,0.15921845144094535,0.15921845144094512,0.15921845144094535,0.15921845144094554,0.15776544622186797,0.15776544622186756,0.1577654462218671,0.15776544622186756,0.15776544622186797,0.15776544622186756,0.15776544622186692,0.15776544622186647,0.15776544622186692,0.15776544622186756,0.1577654462218671,0.15776544622186647,0.15776544622186625,0.15776544622186647,0.1577654462218671,0.15776544622186756,0.15776544622186692,0.15776544622186647,0.15776544622186692,0.15776544622186756,0.15776544622186797,0.15776544622186756,0.1577654462218671,0.15776544622186756,0.15776544622186797,0.15634146254025938,0.15634146254025771,0.15634146254025666,0.15634146254025771,0.15634146254025938,0.15634146254025771,0.15634146254025583,0.15634146254025477,0.15634146254025583,0.15634146254025771,0.15634146254025666,0.15634146254025477,0.15634146254025375,0.15634146254025477,0.15634146254025666,0.15634146254025771,0.15634146254025583,0.15634146254025477,0.15634146254025583,0.15634146254025771,0.15634146254025938,0.15634146254025771,0.15634146254025666,0.15634146254025771,0.15634146254025938,0.15494591459617332,0.15494591459616802,0.1549459145961647,0.15494591459616802,0.15494591459617332,0.15494591459616802,0.15494591459616247,0.15494591459615897,0.15494591459616247,0.15494591459616802,0.1549459145961647,0.15494591459615897,0.15494591459615548,0.15494591459615897,0.1549459145961647,0.15494591459616802,0.15494591459616247,0.15494591459615897,0.15494591459616247,0.15494591459616802,0.15494591459617332,0.15494591459616802,0.1549459145961647,0.15494591459616802,0.15494591459617332,0.15357822063034512,0.15357822063032864,0.15357822063031842,0.15357822063032864,0.15357822063034512,0.15357822063032864,0.15357822063031137,0.15357822063030052,0.15357822063031137,0.15357822063032864,0.15357822063031842,0.15357822063030052,0.1535782206302891,0.15357822063030052,0.15357822063031842,0.15357822063032864,0.15357822063031137,0.15357822063030052,0.15357822063031137,0.15357822063032864,0.15357822063034512,0.15357822063032864,0.15357822063031842,0.15357822063032864,0.15357822063034512,0.152237803785304,0.15223780378525417,0.15223780378522248,0.15223780378525417,0.152237803785304,0.15223780378525417,0.15223780378519985,0.15223780378516502,0.15223780378519985,0.15223780378525417,0.15223780378522248,0.15223780378516502,0.1522378037851278,0.15223780378516502,0.15223780378522248,0.15223780378525417,0.15223780378519985,0.15223780378516502,0.15223780378519985,0.15223780378525417,0.152237803785304,0.15223780378525417,0.15223780378522248,0.15223780378525417,0.152237803785304,0.150924092866711,0.15092409286656128,0.1509240928664644,0.15092409286656128,0.150924092866711,0.15092409286656128,0.15092409286639208,0.15092409286628,0.15092409286639208,0.15092409286656128,0.1509240928664644,0.15092409286628,0.15092409286615557,0.15092409286628,0.1509240928664644,0.15092409286656128,0.15092409286639208,0.15092409286628,0.15092409286639208,0.15092409286656128,0.150924092866711,0.15092409286656128,0.1509240928664644,0.15092409286656128,0.150924092866711,0.14963652301303926,0.14963652301259814,0.1496365230123054,0.14963652301259814,0.14963652301303926,0.14963652301259814,0.14963652301207342,0.14963652301170982,0.14963652301207342,0.14963652301259814,0.1496365230123054,0.14963652301170982,0.1496365230112912,0.14963652301170982,0.1496365230123054,0.14963652301259814,0.14963652301207342,0.14963652301170982,0.14963652301207342,0.14963652301259814,0.14963652301303926,0.14963652301259814,0.1496365230123054,0.14963652301259814,0.14963652301303926,0.14837453628126404,0.14837453628000288,0.14837453627913255,0.14837453628000288,0.14837453628126404,0.14837453628000288,0.14837453627839975,0.14837453627722164,0.14837453627839975,0.14837453628000288,0.14837453627913255,0.14837453627722164,0.148374536275749,0.14837453627722164,0.14837453627913255,0.14837453628000288,0.14837453627839975,0.14837453627722164,0.14837453627839975,0.14837453628000288,0.14837453628126404,0.14837453628000288,0.14837453627913255,0.14837453628000288,0.14837453628126404,0.14713758215590125,0.14713758215245176,0.14713758214991693,0.14713758215245176,0.14713758215590125,0.14713758215245176,0.1471375821476662,0.14713758214375458,0.1471375821476662,0.14713758215245176,0.14713758214991693,0.14713758214375458,0.14713758213817663,0.14713758214375458,0.14713758214991693,0.14713758215245176,0.1471375821476662,0.14713758214375458,0.1471375821476662,0.14713758215245176,0.14713758215590125,0.14713758215245176,0.14713758214991693,0.14713758215245176,0.14713758215590125,0.14592511798858748,0.1459251179797836,0.14592511797268562,0.1459251179797836,0.14592511798858748,0.1459251179797836,0.14592511796604987,0.1459251179528347,0.14592511796604987,0.1459251179797836,0.14592511797268562,0.1459251179528347,0.1459251179294593,0.1459251179528347,0.14592511797268562,0.1459251179797836,0.14592511796604987,0.1459251179528347,0.14592511796604987,0.1459251179797836,0.14592511798858748,0.1459251179797836,0.14592511797268562,0.1459251179797836,0.14592511798858748,0.14473660937528515,0.14473660935527632,0.14473660933695734,0.14473660935527632,0.14473660937528515,0.14473660935527632,0.1447366093190068,0.14473660927490975,0.1447366093190068,0.14473660935527632,0.14473660933695734,0.14473660927490975,0.14473660916426803,0.14473660927490975,0.14473660933695734,0.14473660935527632,0.1447366093190068,0.14473660927490975,0.1447366093190068,0.14473660935527632,0.14473660937528515,0.14473660935527632,0.14473660933695734,0.14473660935527632,0.14473660937528515,0.14357153047669258,0.14357153043969148,0.1435715304005066,0.14357153043969148,0.14357153047669258,0.14357153043969148,0.14357153036077575,0.14357153023054803,0.14357153036077575,0.14357153043969148,0.1435715304005066,0.14357153023054803,0.14357152963620912,0.14357153023054803,0.1435715304005066,0.14357153043969148,0.14357153036077575,0.14357153023054803,0.14357153036077575,0.14357153043969148,0.14357153047669258,0.14357153043969148,0.1435715304005066,0.14357153043969148,0.14357153047669258,0.14242936427964595,0.14242936423273797,0.14242936418322527,0.14242936423273797,0.14242936427964595,0.14242936423273797,0.14242936413280388,0.14242936397422207,0.14242936413280388,0.14242936423273797,0.14242936418322527,0.14242936397422207,0.14242936331914477,0.14242936397422207,0.14242936418322527,0.14242936423273797,0.14242936413280388,0.14242936397422207,0.14242936413280388,0.14242936423273797,0.14242936427964595,0.14242936423273797,0.14242936418322527,0.14242936423273797,0.14242936427964595,0.14130960278355614,0.14130960273559218,0.1413096026832697,0.14130960273559218,0.14130960278355614,0.14130960273559218,0.14130960262954495,0.1413096024542218,0.14130960262954495,0.14130960273559218,0.1413096026832697,0.1413096024542218,0.14130960170147355,0.1413096024542218,0.1413096026832697,0.14130960273559218,0.14130960262954495,0.1413096024542218,0.14130960262954495,0.14130960273559218,0.14130960278355614,0.14130960273559218,0.1413096026832697,0.14130960273559218,0.14130960278355614,0.14021174716549348,0.14021174713138237,0.1402117470906362,0.14021174713138237,0.14021174716549348,0.14021174713138237,0.14021174704814363,0.1402117468913831,0.14021174704814363,0.14021174713138237,0.1402117470906362,0.1402117468913831,0.14021174610878562,0.1402117468913831,0.1402117470906362,0.14021174713138237,0.14021174704814363,0.1402117468913831,0.14021174704814363,0.14021174713138237,0.14021174716549348,0.14021174713138237,0.1402117470906362,0.14021174713138237,0.14021174716549348,0.1391353078965827,0.13913530789883455,0.13913530789857967,0.13913530789883455,0.1391353078965827,0.13913530789883455,0.13913530789767098,0.1391353078863911,0.13913530789767098,0.13913530789883455,0.13913530789857967,0.1391353078863911,0.13913530782744402,0.1391353078863911,0.13913530789857967,0.13913530789883455,0.13913530789767098,0.1391353078863911,0.13913530789767098,0.13913530789883455,0.1391353078965827,0.13913530789883455,0.13913530789857967,0.13913530789883455,0.1391353078965827,0.13807980481914187,0.1380798048666444,0.13807980491564786,0.1380798048666444,0.13807980481914187,0.1380798048666444,0.13807980496566577,0.13807980510574538,0.13807980496566577,0.1380798048666444,0.13807980491564786,0.13807980510574538,0.13807980551090066,0.13807980510574538,0.13807980491564786,0.1380798048666444,0.13807980496566577,0.13807980510574538,0.13807980496566577,0.1380798048666444,0.13807980481914187,0.1380798048666444,0.13807980491564786,0.1380798048666444,0.13807980481914187,0.13704476723508263,0.13704476732272217,0.13704476743031616,0.13704476732272217,0.13704476723508263,0.13704476732272217,0.1370447675422065,0.1370447679875249,0.1370447675422065,0.13704476732272217,0.13704476743031616,0.1370447679875249,0.13704477046825925,0.1370447679875249,0.13704476743031616,0.13704476732272217,0.1370447675422065,0.1370447679875249,0.1370447675422065,0.13704476732272217,0.13704476723508263,0.13704476732272217,0.13704476743031616,0.13704476732272217,0.13704476723508263,0.1360297339663307,0.136029734028439,0.1360297340895425,0.136029734028439,0.1360297339663307,0.136029734028439,0.13602973415097502,0.13602973431560259,0.13602973415097502,0.136029734028439,0.1360297340895425,0.13602973431560259,0.13602973477384586,0.13602973431560259,0.1360297340895425,0.136029734028439,0.13602973415097502,0.13602973431560259,0.13602973415097502,0.136029734028439,0.1360297339663307,0.136029734028439,0.1360297340895425,0.136029734028439,0.1360297339663307,0.13503425348554052,0.13503425352463033,0.1350342535569778,0.13503425352463033,0.13503425348554052,0.13503425352463033,0.1350342535877286,0.13503425365044697,0.1350342535877286,0.13503425352463033,0.1350342535569778,0.13503425365044697,0.13503425376473227,0.13503425365044697,0.1350342535569778,0.13503425352463033,0.1350342535877286,0.13503425365044697,0.1350342535877286,0.13503425352463033,0.13503425348554052,0.13503425352463033,0.1350342535569778,0.13503425352463033,0.13503425348554052
0.16533248745697726,0.16533248745697726,0.16533248745697726,0.16533248745697726,0.16533248745697726,0.16533248745697726,0.16533248745697726,0.16533248745697726,0.16533248745697726,0.16533248745697726,0.16533248745697726,0.16533248745697726,0.16533248745697726,0.16533248745697726,0.16533248745697726,0.16533248745697726,0.16533248745697726,0.16533248745697726,0.16533248745697726,0.16533248745697726,0.16533248745697726,0.16533248745697726,0.16533248745697726,0.16533248745697726,0.16533248745697726,0.16375749374475856,0.16375749374475856,0.16375749374475856,0.16375749374475856,0.16375749374475856,0.16375749374475856,0.16375749374475856,0.16375749374475856,0.16375749374475856,0.16375749374475856,0.16375749374475856,0.16375749374475856,0.16375749374475856,0.16375749374475856,0.16375749374475856,0.16375749374475856,0.16375749374475856,0.16375749374475856,0.16375749374475856,0.16375749374475856,0.16375749374475856,0.16375749374475856,0.16375749374475856,0.16375749374475856,0.16375749374475856,0.16221388396434372,0.16221388396434372,0.16221388396434372,0.16221388396434372,0.16221388396434372,0.16221388396434372,0.16221388396434372,0.16221388396434372,0.16221388396434372,0.16221388396434372,0.16221388396434372,0.16221388396434372,0.16221388396434372,0.16221388396434372,0.16221388396434372,0.16221388396434372,0.16221388396434372,0.16221388396434372,0.16221388396434372,0.16221388396434372,0.16221388396434372,0.16221388396434372,0.16221388396434372,0.16221388396434372,0.16221388396434372,0.16070106707277412,0.1607010670727739,0.1607010670727739,0.1607010670727739,0.16070106707277412,0.1607010670727739,0.1607010670727739,0.1607010670727739,0.1607010670727739,0.1607010670727739,0.1607010670727739,0.1607010670727739,0.1607010670727739,0.1607010670727739,0.1607010670727739,0.1607010670727739,0.1607010670727739,0.1607010670727739,0.1607010670727739,0.1607010670727739,0.16070106707277412,0.1607010670727739,0.1607010670727739,0.1607010670727739,0.16070106707277412,0.1592184514450282,0.15921845144502797,0.15921845144502775,0.15921845144502797,0.1592184514450282,0.15921845144502797,0.15921845144502775,0.15921845144502775,0.15921845144502775,0.15921845144502797,0.15921845144502775,0.15921845144502775,0.15921845144502753,0.15921845144502775,0.15921845144502775,0.15921845144502797,0.15921845144502775,0.15921845144502775,0.15921845144502775,0.15921845144502797,0.1592184514450282,0.15921845144502797,0.15921845144502775,0.15921845144502797,0.1592184514450282,0.15776544622587374,0.1577654462258731,0.15776544622587269,0.1577654462258731,0.15776544622587374,0.1577654462258731,0.15776544622587246,0.15776544622587224,0.15776544622587246,0.1577654462258731,0.15776544622587269,0.15776544622587224,0.15776544622587182,0.15776544622587224,0.15776544622587269,0.1577654462258731,0.15776544622587246,0.15776544622587224,0.15776544622587246,0.1577654462258731,0.15776544622587374,0.1577654462258731,0.15776544622587269,0.1577654462258731,0.15776544622587374,0.15634146254419057,0.1563414625441889,0.15634146254418785,0.1563414625441889,0.15634146254419057,0.1563414625441889,0.1563414625441872,0.15634146254418618,0.1563414625441872,0.1563414625441889,0.15634146254418785,0.15634146254418618,0.15634146254418493,0.15634146254418618,0.15634146254418785,0.1563414625441889,0.1563414625441872,0.15634146254418618,0.1563414625441872,0.1563414625441889,0.15634146254419057,0.1563414625441889,0.15634146254418785,0.1563414625441889,0.15634146254419057,0.1549459146000326,0.1549459146000273,0.15494591460002397,0.1549459146000273,0.1549459146000326,0.1549459146000273,0.15494591460002194,0.15494591460001844,0.15494591460002194,0.1549459146000273,0.15494591460002397,0.15494591460001844,0.15494591460001497,0.15494591460001844,0.15494591460002397,0.1549459146000273,0.15494591460002194,0.15494591460001844,0.15494591460002194,0.1549459146000273,0.1549459146000326,0.1549459146000273,0.15494591460002397,0.1549459146000273,0.1549459146000326,0.15357822063413443,0.15357822063411836,0.1535782206341083,0.15357822063411836,0.15357822063413443,0.15357822063411836,0.15357822063410148,0.15357822063409085,0.15357822063410148,0.15357822063411836,0.1535782206341083,0.15357822063409085,0.15357822063407958,0.15357822063409085,0.1535782206341083,0.15357822063411836,0.15357822063410148,0.15357822063409085,0.15357822063410148,0.15357822063411836,0.15357822063413443,0.15357822063411836,0.1535782206341083,0.15357822063411836,0.15357822063413443,0.15223780378902524,0.15223780378897642,0.1522378037889453,0.15223780378897642,0.15223780378902524,0.15223780378897642,0.15223780378892326,0.15223780378888924,0.15223780378892326,0.15223780378897642,0.1522378037889453,0.15223780378888924,0.1522378037888528,0.15223780378888924,0.1522378037889453,0.15223780378897642,0.15223780378892326,0.15223780378888924,0.15223780378892326,0.15223780378897642,0.15223780378902524,0.15223780378897642,0.1522378037889453,0.15223780378897642,0.15223780378902524,0.15092409287036412,0.1509240928702175,0.15092409287012276,0.1509240928702175,0.15092409287036412,0.1509240928702175,0.15092409287005196,0.15092409286994257,0.15092409287005196,0.1509240928702175,0.15092409287012276,0.15092409286994257,0.15092409286982064,0.15092409286994257,0.15092409287012276,0.1509240928702175,0.15092409287005196,0.15092409286994257,0.15092409287005196,0.1509240928702175,0.15092409287036412,0.1509240928702175,0.15092409287012276,0.1509240928702175,0.15092409287036412,0.1496365230166203,0.1496365230161879,0.14963652301590125,0.1496365230161879,0.1496365230166203,0.1496365230161879,0.14963652301567432,0.1496365230153183,0.14963652301567432,0.1496365230161879,0.14963652301590125,0.1496365230153183,0.14963652301490873,0.1496365230153183,0.14963652301590125,0.1496365230161879,0.14963652301567432,0.1496365230153183,0.14963652301567432,0.1496365230161879,0.1496365230166203,0.1496365230161879,0.14963652301590125,0.1496365230161879,0.1496365230166203,0.14837453628475641,0.14837453628351988,0.1483745362826672,0.14837453628351988,0.14837453628475641,0.14837453628351988,0.14837453628194977,0.14837453628079683,0.14837453628194977,0.14837453628351988,0.1483745362826672,0.14837453628079683,0.14837453627935698,0.14837453628079683,0.1483745362826672,0.14837453628351988,0.14837453628194977,0.14837453628079683,0.14837453628194977,0.14837453628351988,0.14837453628475641,0.14837453628351988,0.1483745362826672,0.14837453628351988,0.14837453628475641,0.14713758215925518,0.14713758215587128,0.14713758215338696,0.14713758215587128,0.14713758215925518,0.14713758215587128,0.14713758215118253,0.1471375821473554,0.14713758215118253,0.14713758215587128,0.14713758215338696,0.1471375821473554,0.1471375821419062,0.1471375821473554,0.14713758215338696,0.14713758215587128,0.14713758215118253,0.1471375821473554,0.14713758215118253,0.14713758215587128,0.14713758215925518,0.14713758215587128,0.14713758215338696,0.14713758215587128,0.14713758215925518,0.1459251179916678,0.14592511798302207,0.14592511797606153,0.14592511798302207,0.1459251179916678,0.14592511798302207,0.14592511796955898,0.1459251179566319,0.14592511796955898,0.14592511798302207,0.14592511797606153,0.1459251179566319,0.14592511793382065,0.1459251179566319,0.14592511797606153,0.14592511798302207,0.14592511796955898,0.1459251179566319,0.14592511796955898,0.14592511798302207,0.1459251179916678,0.14592511798302207,0.14592511797606153,0.14592511798302207,0.1459251179916678,0.14473660937776306,0.14473660935807525,0.14473660934008822,0.14473660935807525,0.14473660937776306,0.14473660935807525,0.14473660932247634,0.14473660927933407,0.14473660932247634,0.14473660935807525,0.14473660934008822,0.14473660927933407,0.14473660917148515,0.14473660927933407,0.14473660934008822,0.14473660935807525,0.14473660932247634,0.14473660927933407,0.14473660932247634,0.14473660935807525,0.14473660937776306,0.14473660935807525,0.14473660934008822,0.14473660935807525,0.14473660937776306,0.14357153047789722,0.14357153044134202,0.1435715304027405,0.14357153044134202,0.14357153047789722,0.14357153044134202,0.1435715303636215,0.14357153023601338,0.1435715303636215,0.14357153044134202,0.1435715304027405,0.14357153023601338,0.14357152965716066,0.14357153023601338,0.1435715304027405,0.14357153044134202,0.1435715303636215,0.14357153023601338,0.1435715303636215,0.14357153044134202,0.14357153047789722,0.14357153044134202,0.1435715304027405,0.14357153044134202,0.14357153047789703,0.14242936427863911,0.14242936423184804,0.1424293641824174,0.14242936423184804,0.14242936427863911,0.14242936423184804,0.1424293641320742,0.14242936397343864,0.1424293641320742,0.14242936423184804,0.1424293641824174,0.14242936397343864,0.1424293633159957,0.14242936397343864,0.1424293641824174,0.14242936423184804,0.1424293641320742,0.14242936397343864,0.1424293641320742,0.14242936423184804,0.14242936427863911,0.14242936423184804,0.1424293641824174,0.14242936423184804,0.14242936427863911,0.14130960278006588,0.1413096027319981,0.14130960267952314,0.1413096027319981,0.14130960278006588,0.1413096027319981,0.1413096026256343,0.1413096024496013,0.1413096026256343,0.1413096027319981,0.14130960267952314,0.1413096024496013,0.1413096016930391,0.1413096024496013,0.14130960267952314,0.1413096027319981,0.1413096026256343,0.1413096024496013,0.1413096026256343,0.1413096027319981,0.14130960278006588,0.1413096027319981,0.14130960267952314,0.1413096027319981,0.14130960278006588,0.1402117471596987,0.14021174712542328,0.14021174708449727,0.14021174712542328,0.1402117471596987,0.14021174712542328,0.14021174704182027,0.14021174688445487,0.14021174704182027,0.14021174712542328,0.14021174708449727,0.14021174688445487,0.1402117460992151,0.14021174688445487,0.14021174708449727,0.14021174712542328,0.14021174704182027,0.14021174688445487,0.14021174704182027,0.14021174712542328,0.1402117471596987,0.14021174712542328,0.14021174708449727,0.14021174712542328,0.1402117471596987,0.13913530788878875,0.13913530789086698,0.13913530789045697,0.13913530789086698,0.13913530788878875,0.13913530789086698,0.1391353078893959,0.13913530787776865,0.1391353078893959,0.13913530789086698,0.13913530789045697,0.13913530787776865,0.139135307818052,0.13913530787776865,0.13913530789045697,0.13913530789086698,0.1391353078893959,0.13913530787776865,0.1391353078893959,0.13913530789086698,0.13913530788878875,0.13913530789086698,0.13913530789045697,0.13913530789086698,0.13913530788878875,0.13807980480967505,0.1380798048569354,0.13807980490570507,0.1380798048569354,0.13807980480967505,0.1380798048569354,0.13807980495548916,0.13807980509496132,0.13807980495548916,0.1380798048569354,0.13807980490570507,0.13807980509496132,0.13807980549848772,0.13807980509496132,0.13807980490570507,0.1380798048569354,0.13807980495548916,0.13807980509496132,0.13807980495548916,0.1380798048569354,0.13807980480967505,0.1380798048569354,0.13807980490570507,0.1380798048569354,0.13807980480967505,0.13704476722441444,0.1370447673117154,0.1370447674189086,0.1370447673117154,0.13704476722441444,0.1370447673117154,0.13704476753038555,0.1370447679741025,0.13704476753038555,0.1370447673117154,0.1370447674189086,0.1370447679741025,0.1370447704460564,0.1370447679741025,0.1370447674189086,0.1370447673117154,0.13704476753038555,0.1370447679741025,0.13704476753038555,0.1370447673117154,0.13704476722441444,0.1370447673117154,0.1370447674189086,0.1370447673117154,0.13704476722441444,0.1360297339551359,0.13602973401701401,0.13602973407789443,0.13602973401701401,0.1360297339551359,0.13602973401701401,0.1360297341391042,0.13602973430314147,0.1360297341391042,0.13602973401701401,0.13602973407789443,0.13602973430314147,0.13602973475975796,0.13602973430314147,0.13602973407789443,0.13602973401701401,0.1360297341391042,0.13602973430314147,0.1360297341391042,0.13602973401701401,0.1360297339551359,0.13602973401701401,0.13602973407789443,0.13602973401701401,0.1360297339551359,0.13503425347427778,0.1350342535132247,0.13503425354545473,0.1350342535132247,0.13503425347427778,0.1350342535132247,0.13503425357609472,0.135034253638588,0.13503425357609472,0.1350342535132247,0.13503425354545473,0.135034253638588,0.1350342537524662,0.135034253638588,0.13503425354545473,0.1350342535132247,0.13503425357609472,0.135034253638588,0.13503425357609472,0.1350342535132247,0.13503425347427778,0.1350342535132247,0.13503425354545473,0.1350342535132247,0.13503425347427778
0.16533248746150137,0.16533248746150137,0.16533248746150137,0.16533248746150137,0.16533248746150137,0.16533248746150137,0.16533248746150137,0.16533248746150137,0.16533248746150137,0.16533248746150137,0.16533248746150137,0.16533248746150137,0.16533248746150137,0.16533248746150137,0.16533248746150137,0.16533248746150137,0.16533248746150137,0.16533248746150137,0.16533248746150137,0.16533248746150137,0.16533248746150137,0.16533248746150137,0.16533248746150137,0.16533248746150137,0.16533248746150137,0.16375749374919327,0.16375749374919327,0.16375749374919327,0.16375749374919327,0.16375749374919327,0.16375749374919327,0.16375749374919327,0.16375749374919327,0.16375749374919327,0.16375749374919327,0.16375749374919327,0.16375749374919327,0.16375749374919327,0.16375749374919327,0.16375749374919327,0.16375749374919327,0.16375749374919327,0.16375749374919327,0.16375749374919327,0.16375749374919327,0.16375749374919327,0.16375749374919327,0.16375749374919327,0.16375749374919327,0.16375749374919327,0.16221388396869188,0.16221388396869188,0.16221388396869188,0.16221388396869188,0.16221388396869188,0.16221388396869188,0.16221388396869188,0.16221388396869188,0.16221388396869188,0.16221388396869188,0.16221388396869188,0.16221388396869188,0.16221388396869188,0.16221388396869188,0.16221388396869188,0.16221388396869188,0.16221388396869188,0.16221388396869188,0.16221388396869188,0.16221388396869188,0.16221388396869188,0.16221388396869188,0.16221388396869188,0.16221388396869188,0.16221388396869188,0.1607010670770379,0.1607010670770379,0.1607010670770379,0.1607010670770379,0.1607010670770379,0.1607010670770379,0.1607010670770379,0.1607010670770379,0.1607010670770379,0.1607010670770379,0.1607010670770379,0.1607010670770379,0.1607010670770379,0.1607010670770379,0.1607010670770379,0.1607010670770379,0.1607010670770379,0.1607010670770379,0.1607010670770379,0.1607010670770379,0.1607010670770379,0.1607010670770379,0.1607010670770379,0.1607010670770379,0.1607010670770379,0.15921845144921032,0.15921845144921007,0.15921845144921007,0.15921845144921007,0.15921845144921032,0.15921845144921007,0.15921845144921007,0.15921845144920987,0.15921845144921007,0.15921845144921007,0.15921845144921007,0.15921845144920987,0.15921845144920987,0.15921845144920987,0.15921845144921007,0.15921845144921007,0.15921845144921007,0.15921845144920987,0.15921845144921007,0.15921845144921007,0.15921845144921032,0.15921845144921007,0.15921845144921007,0.15921845144921007,0.15921845144921032,0.15776544622997662,0.15776544622997618,0.15776544622997574,0.15776544622997618,0.15776544622997662,0.15776544622997618,0.15776544622997554,0.15776544622997532,0.15776544622997554,0.15776544622997618,0.15776544622997574,0.15776544622997532,0.15776544622997488,0.15776544622997532,0.15776544622997574,0.15776544622997618,0.15776544622997554,0.15776544622997532,0.15776544622997554,0.15776544622997618,0.15776544622997662,0.15776544622997618,0.15776544622997574,0.15776544622997618,0.15776544622997662,0.15634146254821693,0.15634146254821524,0.1563414625482142,0.15634146254821524,0.15634146254821693,0.15634146254821524,0.15634146254821357,0.15634146254821232,0.15634146254821357,0.15634146254821524,0.1563414625482142,0.15634146254821232,0.1563414625482113,0.15634146254821232,0.1563414625482142,0.15634146254821524,0.15634146254821357,0.15634146254821232,0.15634146254821357,0.15634146254821524,0.15634146254821693,0.15634146254821524,0.1563414625482142,0.15634146254821524,0.1563414625482167,0.15494591460398432,0.15494591460397916,0.1549459146039761,0.15494591460397916,0.15494591460398432,0.15494591460397916,0.15494591460397386,0.15494591460397056,0.15494591460397386,0.15494591460397916,0.1549459146039761,0.15494591460397056,0.15494591460396728,0.15494591460397056,0.1549459146039761,0.15494591460397916,0.15494591460397386,0.15494591460397056,0.15494591460397386,0.15494591460397916,0.15494591460398432,0.15494591460397916,0.1549459146039761,0.15494591460397916,0.15494591460398432,0.1535782206380141,0.15357822063799845,0.1535782206379886,0.15357822063799845,0.1535782206380141,0.15357822063799845,0.15357822063798177,0.15357822063797133,0.15357822063798177,0.15357822063799845,0.1535782206379886,0.15357822063797133,0.15357822063796048,0.15357822063797133,0.1535782206379886,0.15357822063799845,0.15357822063798177,0.15357822063797133,0.15357822063798177,0.15357822063799845,0.1535782206380141,0.15357822063799845,0.1535782206379886,0.15357822063799845,0.1535782206380141,0.15223780379283428,0.15223780379278642,0.15223780379275612,0.15223780379278642,0.15223780379283428,0.15223780379278642,0.15223780379273466,0.15223780379270138,0.15223780379273466,0.15223780379278642,0.15223780379275612,0.15223780379270138,0.1522378037926658,0.15223780379270138,0.15223780379275612,0.15223780379278642,0.15223780379273466,0.15223780379270138,0.15223780379273466,0.15223780379278642,0.15223780379283428,0.15223780379278642,0.15223780379275612,0.15223780379278642,0.15223780379283428,0.1509240928741029,0.15092409287395936,0.15092409287386657,0.15092409287395936,0.1509240928741029,0.15092409287395936,0.15092409287379752,0.15092409287369046,0.15092409287379752,0.15092409287395936,0.15092409287386657,0.15092409287369046,0.1509240928735714,0.15092409287369046,0.15092409287386657,0.15092409287395936,0.15092409287379752,0.15092409287369046,0.15092409287379752,0.15092409287395936,0.1509240928741029,0.15092409287395936,0.15092409287386657,0.15092409287395936,0.1509240928741029,0.14963652302028402,0.14963652301986086,0.14963652301958025,0.14963652301986086,0.14963652302028402,0.14963652301986086,0.14963652301935845,0.14963652301901015,0.14963652301935845,0.14963652301986086,0.14963652301958025,0.14963652301901015,0.14963652301860986,0.14963652301901015,0.14963652301958025,0.14963652301986086,0.14963652301935845,0.14963652301901015,0.14963652301935845,0.14963652301986086,0.14963652302028402,0.14963652301986086,0.14963652301958025,0.14963652301986086,0.14963652302028402,0.14837453628832864,0.1483745362871175,0.1483745362862828,0.1483745362871175,0.14837453628832864,0.1483745362871175,0.14837453628558092,0.14837453628445357,0.14837453628558092,0.1483745362871175,0.1483745362862828,0.14837453628445357,0.1483745362830473,0.14837453628445357,0.1483745362862828,0.1483745362871175,0.14837453628558092,0.14837453628445357,0.14837453628558092,0.1483745362871175,0.14837453628832864,0.1483745362871175,0.1483745362862828,0.1483745362871175,0.14837453628832864,0.14713758216268505,0.147137582159368,0.14713758215693526,0.147137582159368,0.14713758216268505,0.147137582159368,0.14713758215477826,0.14713758215103742,0.14713758215477826,0.147137582159368,0.14713758215693526,0.14713758215103742,0.14713758214571973,0.14713758215103742,0.14713758215693526,0.147137582159368,0.14713758215477826,0.14713758215103742,0.14713758215477826,0.147137582159368,0.14713758216268505,0.147137582159368,0.14713758215693526,0.147137582159368,0.14713758216268505,0.14592511799481706,0.145925117986333,0.14592511797951277,0.145925117986333,0.14592511799481706,0.145925117986333,0.14592511797314628,0.14592511796051352,0.14592511797314628,0.145925117986333,0.14592511797951277,0.14592511796051352,0.14592511793827775,0.14592511796051352,0.14592511797951277,0.145925117986333,0.14592511797314628,0.14592511796051352,0.14592511797314628,0.145925117986333,0.14592511799481706,0.145925117986333,0.14592511797951277,0.145925117986333,0.14592511799481706,0.14473660938029614,0.14473660936093646,0.1447366093432886,0.14473660936093646,0.14473660938029614,0.14473660936093646,0.14473660932602248,0.14473660928385493,0.14473660932602248,0.14473660936093646,0.1447366093432886,0.14473660928385493,0.14473660917885517,0.14473660928385493,0.1447366093432886,0.14473660936093646,0.14473660932602248,0.14473660928385493,0.14473660932602248,0.14473660936093646,0.14473660938029614,0.14473660936093646,0.1447366093432886,0.14473660936093646,0.14473660938029614,0.14357153047912855,0.14357153044302953,0.14357153040502452,0.14357153044302953,0.14357153047912855,0.14357153044302953,0.14357153036653061,0.14357153024159766,0.14357153036653061,0.14357153044302953,0.14357153040502452,0.14357153024159766,0.1435715296787363,0.14357153024159766,0.14357153040502452,0.14357153044302953,0.14357153036653061,0.14357153024159766,0.14357153036653061,0.14357153044302953,0.14357153047912855,0.14357153044302953,0.14357153040502452,0.14357153044302953,0.14357153047912855,0.1424293642776091,0.1424293642309395,0.1424293641815954,0.1424293642309395,0.1424293642776091,0.1424293642309395,0.14242936413133542,0.14242936397265962,0.14242936413133542,0.1424293642309395,0.1424293641815954,0.14242936397265962,0.14242936331266468,0.14242936397265962,0.1424293641815954,0.1424293642309395,0.14242936413133542,0.14242936397265962,0.14242936413133542,0.1424293642309395,0.1424293642776091,0.1424293642309395,0.1424293641815954,0.1424293642309395,0.1424293642776091,0.14130960277649252,0.14130960272831916,0.1413096026756883,0.14130960272831916,0.14130960277649252,0.14130960272831916,0.141309602621632,0.14130960244487242,0.141309602621632,0.14130960272831916,0.1413096026756883,0.14130960244487242,0.14130960168437684,0.14130960244487242,0.1413096026756883,0.14130960272831916,0.141309602621632,0.14130960244487242,0.141309602621632,0.14130960272831916,0.14130960277649252,0.14130960272831916,0.1413096026756883,0.14130960272831916,0.14130960277649252,0.14021174715376458,0.14021174711932033,0.14021174707820938,0.14021174711932033,0.14021174715376458,0.14021174711932033,0.14021174703534228,0.14021174687735233,0.14021174703534228,0.14021174711932033,0.14021174707820938,0.14021174687735233,0.14021174608938725,0.14021174687735233,0.14021174707820938,0.14021174711932033,0.14021174703534228,0.14021174687735233,0.14021174703534228,0.14021174711932033,0.14021174715376458,0.14021174711932033,0.14021174707820938,0.14021174711932033,0.14021174715376458,0.13913530788080775,0.1391353078827081,0.13913530788213854,0.1391353078827081,0.13913530788080775,0.1391353078827081,0.13913530788092077,0.13913530786893621,0.13913530788092077,0.1391353078827081,0.13913530788213854,0.13913530786893621,0.13913530780842648,0.13913530786893621,0.13913530788213854,0.1391353078827081,0.13913530788092077,0.13913530786893621,0.13913530788092077,0.1391353078827081,0.13913530788080775,0.1391353078827081,0.13913530788213854,0.1391353078827081,0.13913530788080775,0.1380798047999825,0.13807980484699475,0.13807980489552535,0.13807980484699475,0.1380798047999825,0.13807980484699475,0.13807980494507008,0.1380798050839205,0.13807980494507008,0.13807980484699475,0.13807980489552535,0.1380798050839205,0.13807980548578053,0.1380798050839205,0.13807980489552535,0.13807980484699475,0.13807980494507008,0.1380798050839205,0.13807980494507008,0.13807980484699475,0.1380798047999825,0.13807980484699475,0.13807980489552535,0.13807980484699475,0.1380798047999825,0.13704476721349293,0.13704476730044782,0.13704476740723118,0.13704476730044782,0.13704476721349293,0.13704476730044782,0.1370447675182853,0.13704476796036494,0.1370447675182853,0.13704476730044782,0.13704476740723118,0.13704476796036494,0.137044770423327,0.13704476796036494,0.13704476740723118,0.13704476730044782,0.1370447675182853,0.13704476796036494,0.1370447675182853,0.13704476730044782,0.13704476721349293,0.13704476730044782,0.13704476740723118,0.13704476730044782,0.13704476721349293,0.13602973394367593,0.13602973400531856,0.13602973406597113,0.13602973400531856,0.13602973394367593,0.13602973400531856,0.13602973412695296,0.13602973429038678,0.13602973412695296,0.13602973400531856,0.13602973406597113,0.13602973429038678,0.1360297347453403,0.13602973429038678,0.13602973406597113,0.13602973400531856,0.13602973412695296,0.13602973429038678,0.13602973412695296,0.13602973400531856,0.13602973394367593,0.13602973400531856,0.13602973406597113,0.13602973400531856,0.13602973394367593,0.1350342534627483,0.1350342535015493,0.1350342535336594,0.1350342535015493,0.1350342534627483,0.1350342535015493,0.1350342535641859,0.13503425362644916,0.1350342535641859,0.1350342535015493,0.1350342535336594,0.13503425362644916,0.135034253739911,0.13503425362644916,0.1350342535336594,0.1350342535015493,0.1350342535641859,0.13503425362644916,0.13503425356418575,0.1350342535015493,0.1350342534627483,0.1350342535015493,0.1350342535336594,0.1350342535015493,0.1350342534627483
0.16533248746613452,0.16533248746613452,0.16533248746613452,0.16533248746613452,0.16533248746613452,0.16533248746613452,0.16533248746613452,0.16533248746613452,0.16533248746613452,0.16533248746613452,0.16533248746613452,0.16533248746613452,0.16533248746613452,0.16533248746613452,0.16533248746613452,0.16533248746613452,0.16533248746613452,0.16533248746613452,0.16533248746613452,0.16533248746613452,0.16533248746613452,0.16533248746613452,0.16533248746613452,0.16533248746613452,0.16533248746613452,0.16375749375373533,0.16375749375373533,0.16375749375373533,0.16375749375373533,0.16375749375373533,0.16375749375373533,0.16375749375373533,0.16375749375373533,0.16375749375373533,0.16375749375373533,0.16375749375373533,0.16375749375373533,0.16375749375373533,0.16375749375373533,0.16375749375373533,0.16375749375373533,0.16375749375373533,0.16375749375373533,0.16375749375373533,0.16375749375373533,0.16375749375373533,0.16375749375373533,0.16375749375373533,0.16375749375373533,0.16375749375373533,0.16221388397314515,0.16221388397314515,0.16221388397314515,0.16221388397314515,0.16221388397314515,0.16221388397314515,0.16221388397314515,0.16221388397314515,0.16221388397314515,0.16221388397314515,0.16221388397314515,0.16221388397314515,0.16221388397314515,0.16221388397314515,0.16221388397314515,0.16221388397314515,0.16221388397314515,0.16221388397314515,0.16221388397314515,0.16221388397314515,0.16221388397314515,0.16221388397314515,0.16221388397314515,0.16221388397314515,0.16221388397314515,0.16070106708140522,0.160701067081405,0.160701067081405,0.160701067081405,0.16070106708140522,0.160701067081405,0.160701067081405,0.160701067081405,0.160701067081405,0.160701067081405,0.160701067081405,0.160701067081405,0.160701067081405,0.160701067081405,0.160701067081405,0.160701067081405,0.160701067081405,0.160701067081405,0.160701067081405,0.160701067081405,0.16070106708140522,0.160701067081405,0.160701067081405,0.160701067081405,0.16070106708140522,0.15921845145349386,0.15921845145349367,0.15921845145349345,0.15921845145349367,0.15921845145349386,0.15921845145349367,0.15921845145349345,0.15921845145349345,0.15921845145349345,0.15921845145349367,0.15921845145349345,0.15921845145349345,0.15921845145349325,0.15921845145349345,0.15921845145349345,0.15921845145349367,0.15921845145349345,0.15921845145349345,0.15921845145349345,0.15921845145349367,0.15921845145349386,0.15921845145349367,0.15921845145349345,0.15921845145349367,0.15921845145349386,0.15776544623417912,0.15776544623417843,0.15776544623417826,0.15776544623417843,0.15776544623417912,0.15776544623417843,0.15776544623417804,0.15776544623417763,0.15776544623417804,0.15776544623417843,0.15776544623417826,0.15776544623417763,0.1577654462341774,0.15776544623417763,0.15776544623417826,0.15776544623417843,0.15776544623417804,0.15776544623417763,0.15776544623417804,0.15776544623417843,0.15776544623417912,0.15776544623417843,0.15776544623417826,0.15776544623417843,0.15776544623417912,0.15634146255234072,0.15634146255233905,0.15634146255233802,0.15634146255233905,0.15634146255234072,0.15634146255233905,0.15634146255233738,0.15634146255233636,0.15634146255233738,0.15634146255233905,0.15634146255233802,0.15634146255233636,0.1563414625523353,0.15634146255233636,0.15634146255233802,0.15634146255233905,0.15634146255233738,0.15634146255233636,0.15634146255233738,0.15634146255233905,0.15634146255234072,0.15634146255233905,0.15634146255233802,0.15634146255233905,0.15634146255234072,0.15494591460803214,0.15494591460802723,0.1549459146080239,0.15494591460802723,0.15494591460803214,0.15494591460802723,0.15494591460802187,0.1549459146080188,0.15494591460802187,0.15494591460802723,0.1549459146080239,0.1549459146080188,0.15494591460801532,0.1549459146080188,0.1549459146080239,0.15494591460802723,0.15494591460802187,0.1549459146080188,0.15494591460802187,0.15494591460802723,0.15494591460803214,0.15494591460802723,0.1549459146080239,0.15494591460802723,0.15494591460803214,0.153578220641988,0.1535782206419727,0.15357822064196308,0.1535782206419727,0.153578220641988,0.1535782206419727,0.15357822064195648,0.15357822064194643,0.15357822064195648,0.1535782206419727,0.15357822064196308,0.15357822064194643,0.15357822064193558,0.15357822064194643,0.15357822064196308,0.1535782206419727,0.15357822064195648,0.15357822064194643,0.15357822064195648,0.1535782206419727,0.153578220641988,0.1535782206419727,0.15357822064196308,0.1535782206419727,0.153578220641988,0.15223780379673602,0.15223780379668936,0.15223780379665983,0.15223780379668936,0.15223780379673602,0.15223780379668936,0.15223780379663876,0.1522378037966063,0.15223780379663876,0.15223780379668936,0.15223780379665983,0.1522378037966063,0.15223780379657165,0.1522378037966063,0.15223780379665983,0.15223780379668936,0.15223780379663876,0.1522378037966063,0.15223780379663876,0.15223780379668936,0.15223780379673602,0.15223780379668936,0.15223780379665983,0.15223780379668936,0.15223780379673602,0.15092409287793276,0.15092409287779252,0.15092409287770184,0.15092409287779252,0.15092409287793276,0.15092409287779252,0.1509240928776343,0.15092409287752992,0.1509240928776343,0.15092409287779252,0.15092409287770184,0.15092409287752992,0.1509240928774138,0.15092409287752992,0.15092409287770184,0.15092409287779252,0.1509240928776343,0.15092409287752992,0.1509240928776343,0.15092409287779252,0.15092409287793276,0.15092409287779252,0.15092409287770184,0.15092409287779252,0.15092409287793276,0.1496365230240377,0.14963652302362382,0.14963652302334945,0.14963652302362382,0.1496365230240377,0.14963652302362382,0.14963652302313293,0.1496365230227928,0.14963652302313293,0.14963652302362382,0.14963652302334945,0.1496365230227928,0.14963652302240174,0.1496365230227928,0.14963652302334945,0.14963652302362382,0.14963652302313293,0.1496365230227928,0.14963652302313293,0.14963652302362382,0.1496365230240377,0.14963652302362382,0.14963652302334945,0.14963652302362382,0.1496365230240377,0.14837453629198855,0.14837453629080335,0.14837453628998698,0.14837453629080335,0.14837453629198855,0.14837453629080335,0.14837453628930125,0.1483745362882002,0.14837453628930125,0.14837453629080335,0.14837453628998698,0.1483745362882002,0.1483745362868282,0.1483745362882002,0.14837453628998698,0.14837453629080335,0.14837453628930125,0.1483745362882002,0.14837453628930125,0.14837453629080335,0.14837453629198855,0.14837453629080335,0.14837453628998698,0.14837453629080335,0.14837453629198855,0.14713758216619904,0.14713758216295084,0.14713758216057093,0.14713758216295084,0.14713758216619904,0.14713758216295084,0.14713758215846265,0.14713758215481024,0.14713758215846265,0.14713758216295084,0.14713758216057093,0.14713758215481024,0.14713758214962755,0.14713758215481024,0.14713758216057093,0.14713758216295084,0.14713758215846265,0.14713758215481024,0.14713758215846265,0.14713758216295084,0.14713758216619904,0.14713758216295084,0.14713758216057093,0.14713758216295084,0.14713758216619904,0.14592511799804372,0.14592511798972546,0.14592511798304894,0.14592511798972546,0.14592511799804372,0.14592511798972546,0.14592511797682223,0.14592511796449112,0.14592511797682223,0.14592511798972546,0.14592511798304894,0.14592511796449112,0.145925117942846,0.14592511796449112,0.14592511798304894,0.14592511798972546,0.14592511797682223,0.14592511796449112,0.14592511797682223,0.14592511798972546,0.14592511799804372,0.14592511798972546,0.14592511798304894,0.14592511798972546,0.14592511799804372,0.14473660938289082,0.1447366093638677,0.14473660934656768,0.1447366093638677,0.14473660938289082,0.1447366093638677,0.14473660932965643,0.14473660928848867,0.14473660932965643,0.1447366093638677,0.14473660934656768,0.14473660928848867,0.14473660918641176,0.14473660928848867,0.14473660934656768,0.1447366093638677,0.14473660932965643,0.14473660928848867,0.14473660932965643,0.1447366093638677,0.14473660938289082,0.1447366093638677,0.14473660934656768,0.1447366093638677,0.14473660938289082,0.14357153048038845,0.14357153044475726,0.14357153040736378,0.14357153044475726,0.14357153048038845,0.14357153044475726,0.1435715303695114,0.14357153024732258,0.1435715303695114,0.14357153044475726,0.14357153040736378,0.14357153024732258,0.14357152970084083,0.14357153024732258,0.14357153040736378,0.14357153044475726,0.1435715303695114,0.14357153024732258,0.1435715303695114,0.14357153044475726,0.14357153048038845,0.14357153044475726,0.14357153040736378,0.14357153044475726,0.14357153048038845,0.14242936427654992,0.14242936423000443,0.14242936418074875,0.14242936423000443,0.14242936427654992,0.14242936423000443,0.14242936413057347,0.1424293639718554,0.14242936413057347,0.14242936423000443,0.14242936418074875,0.1424293639718554,0.14242936330929237,0.1424293639718554,0.14242936418074875,0.14242936423000443,0.14242936413057347,0.1424293639718554,0.14242936413057347,0.14242936423000443,0.14242936427654992,0.14242936423000443,0.14242936418074875,0.14242936423000443,0.14242936427654992,0.14130960277282625,0.14130960272454335,0.14130960267175183,0.14130960272454335,0.14130960277282625,0.14130960272454335,0.1413096026175225,0.14130960244001392,0.1413096026175225,0.14130960272454335,0.14130960267175183,0.14130960244001392,0.14130960167545903,0.14130960244001392,0.14130960267175183,0.14130960272454335,0.1413096026175225,0.14130960244001392,0.1413096026175225,0.14130960272454335,0.14130960277282625,0.14130960272454335,0.14130960267175183,0.14130960272454335,0.14130960277282625,0.14021174714768037,0.1402117471130618,0.14021174707175976,0.1402117471130618,0.14021174714768037,0.1402117471130618,0.14021174702869638,0.1402117468700606,0.14021174702869638,0.1402117471130618,0.14021174707175976,0.1402117468700606,0.1402117460792781,0.1402117468700606,0.14021174707175976,0.1402117471130618,0.14021174702869638,0.1402117468700606,0.14021174702869638,0.1402117471130618,0.14021174714768037,0.1402117471130618,0.14021174707175976,0.1402117471130618,0.14021174714768037,0.1391353078726297,0.13913530787434697,0.13913530787361364,0.13913530787434697,0.1391353078726297,0.13913530787434697,0.13913530787223474,0.13913530785988257,0.13913530787223474,0.13913530787434697,0.13913530787361364,0.13913530785988257,0.1391353077985557,0.13913530785988257,0.13913530787361364,0.13913530787434697,0.13913530787223474,0.13913530785988257,0.13913530787223474,0.13913530787434697,0.1391353078726297,0.13913530787434697,0.13913530787361364,0.13913530787434697,0.1391353078726297,0.13807980479005502,0.1380798048368135,0.13807980488509927,0.1380798048368135,0.13807980479005502,0.1380798048368135,0.1380798049343992,0.1380798050726138,0.1380798049343992,0.1380798048368135,0.13807980488509927,0.1380798050726138,0.13807980547277038,0.1380798050726138,0.13807980488509927,0.1380798048368135,0.1380798049343992,0.1380798050726138,0.1380798049343992,0.1380798048368135,0.13807980479005502,0.1380798048368135,0.13807980488509927,0.1380798048368135,0.13807980479005502,0.13704476720231026,0.13704476728891118,0.1370447673952758,0.13704476728891118,0.13704476720231026,0.13704476728891118,0.137044767505898,0.13704476794630502,0.137044767505898,0.13704476728891118,0.1370447673952758,0.13704476794630502,0.13704477040010865,0.13704476794630502,0.1370447673952758,0.13704476728891118,0.137044767505898,0.13704476794630502,0.137044767505898,0.13704476728891118,0.13704476720231026,0.13704476728891118,0.1370447673952758,0.13704476728891118,0.13704476720231026,0.13602973393194348,0.13602973399334578,0.13602973405376514,0.13602973399334578,0.13602973393194348,0.13602973399334578,0.13602973411451436,0.1360297342773316,0.13602973411451436,0.13602973399334578,0.13602973405376514,0.1360297342773316,0.13602973473058622,0.1360297342773316,0.13602973405376514,0.13602973399334578,0.13602973411451436,0.1360297342773316,0.13602973411451436,0.13602973399334578,0.13602973393194348,0.13602973399334578,0.13602973405376514,0.13602973399334578,0.13602973393194348,0.1350342534509455,0.13503425348959733,0.13503425352158474,0.13503425348959733,0.1350342534509455,0.13503425348959733,0.13503425355199528,0.13503425361402355,0.13503425355199528,0.13503425348959733,0.13503425352158474,0.13503425361402355,0.13503425372706007,0.13503425361402355,0.13503425352158474,0.13503425348959733,0.13503425355199528,0.13503425361402355,0.13503425355199528,0.13503425348959716,0.1350342534509455,0.13503425348959733,0.13503425352158474,0.13503425348959716,0.1350342534509455
0.16533248746880091,0.16533248746880091,0.16533248746880091,0.16533248746880091,0.16533248746880091,0.16533248746880091,0.16533248746880091,0.16533248746880091,0.16533248746880091,0.16533248746880091,0.16533248746880091,0.16533248746880091,0.16533248746880091,0.16533248746880091,0.16533248746880091,0.16533248746880091,0.16533248746880091,0.16533248746880091,0.16533248746880091,0.16533248746880091,0.16533248746880091,0.16533248746880091,0.16533248746880091,0.16533248746880091,0.16533248746880091,0.16375749375632456,0.16375749375632456,0.16375749375632456,0.16375749375632456,0.16375749375632456,0.16375749375632456,0.16375749375632456,0.16375749375632456,0.16375749375632456,0.16375749375632456,0.16375749375632456,0.16375749375632456,0.16375749375632456,0.16375749375632456,0.16375749375632456,0.16375749375632456,0.16375749375632456,0.16375749375632456,0.16375749375632456,0.16375749375632456,0.16375749375632456,0.16375749375632456,0.16375749375632456,0.16375749375632456,0.16375749375632456,0.16221388397563904,0.16221388397563904,0.16221388397563904,0.16221388397563904,0.16221388397563904,0.16221388397563904,0.16221388397563904,0.16221388397563904,0.16221388397563904,0.16221388397563904,0.16221388397563904,0.16221388397563904,0.16221388397563904,0.16221388397563904,0.16221388397563904,0.16221388397563904,0.16221388397563904,0.16221388397563904,0.16221388397563904,0.16221388397563904,0.16221388397563904,0.16221388397563904,0.16221388397563904,0.16221388397563904,0.16221388397563904,0.16070106708378493,0.16070106708378493,0.16070106708378493,0.16070106708378493,0.16070106708378493,0.16070106708378493,0.16070106708378493,0.16070106708378493,0.16070106708378493,0.16070106708378493,0.16070106708378493,0.16070106708378493,0.16070106708378493,0.16070106708378493,0.16070106708378493,0.16070106708378493,0.16070106708378493,0.16070106708378493,0.16070106708378493,0.16070106708378493,0.16070106708378493,0.16070106708378493,0.16070106708378493,0.16070106708378493,0.16070106708378493,0.1592184514557403,0.15921845145574007,0.15921845145574007,0.15921845145574007,0.1592184514557403,0.15921845145574007,0.15921845145574007,0.15921845145573985,0.15921845145574007,0.15921845145574007,0.15921845145574007,0.15921845145573985,0.15921845145573985,0.15921845145573985,0.15921845145574007,0.15921845145574007,0.15921845145574007,0.15921845145573985,0.15921845145574007,0.15921845145574007,0.1592184514557403,0.15921845145574007,0.15921845145574007,0.15921845145574007,0.1592184514557403,0.15776544623627223,0.1577654462362718,0.15776544623627162,0.1577654462362718,0.15776544623627223,0.1577654462362718,0.1577654462362714,0.15776544623627095,0.1577654462362714,0.1577654462362718,0.15776544623627162,0.15776544623627095,0.15776544623627053,0.15776544623627095,0.15776544623627162,0.1577654462362718,0.1577654462362714,0.15776544623627095,0.1577654462362714,0.1577654462362718,0.15776544623627223,0.1577654462362718,0.15776544623627162,0.1577654462362718,0.15776544623627248,0.15634146255426054,0.15634146255425888,0.15634146255425782,0.15634146255425888,0.15634146255426054,0.15634146255425888,0.15634146255425718,0.15634146255425613,0.15634146255425718,0.15634146255425888,0.15634146255425782,0.15634146255425613,0.1563414625542551,0.15634146255425613,0.15634146255425782,0.15634146255425888,0.15634146255425718,0.15634146255425613,0.15634146255425718,0.15634146255425888,0.15634146255426054,0.15634146255425888,0.15634146255425782,0.15634146255425888,0.15634146255426054,0.15494591460975804,0.15494591460975313,0.15494591460974985,0.15494591460975313,0.15494591460975804,0.15494591460975313,0.15494591460974783,0.15494591460974452,0.15494591460974783,0.15494591460975313,0.15494591460974985,0.15494591460974452,0.15494591460974105,0.15494591460974452,0.15494591460974985,0.15494591460975313,0.15494591460974783,0.15494591460974452,0.15494591460974783,0.15494591460975313,0.15494591460975804,0.15494591460975313,0.15494591460974985,0.15494591460975313,0.15494591460975804,0.15357822064349994,0.15357822064348448,0.15357822064347484,0.15357822064348448,0.15357822064349994,0.15357822064348448,0.1535782206434682,0.15357822064345775,0.1535782206434682,0.15357822064348448,0.15357822064347484,0.15357822064345775,0.15357822064344692,0.15357822064345775,0.15357822064347484,0.15357822064348448,0.1535782206434682,0.15357822064345775,0.1535782206434682,0.15357822064348448,0.15357822064349994,0.15357822064348448,0.15357822064347484,0.15357822064348448,0.15357822064349994,0.1522378037980145,0.15223780379796745,0.15223780379793775,0.15223780379796745,0.1522378037980145,0.15223780379796745,0.15223780379791627,0.1522378037978832,0.15223780379791627,0.15223780379796745,0.15223780379793775,0.1522378037978832,0.15223780379784757,0.1522378037978832,0.15223780379793775,0.15223780379796745,0.15223780379791627,0.1522378037978832,0.15223780379791627,0.15223780379796745,0.1522378037980145,0.15223780379796745,0.15223780379793775,0.15223780379796745,0.1522378037980145,0.15092409287895947,0.15092409287881842,0.1509240928787274,0.15092409287881842,0.15092409287895947,0.15092409287881842,0.15092409287865888,0.1509240928785522,0.15092409287865888,0.15092409287881842,0.1509240928787274,0.1509240928785522,0.1509240928784353,0.1509240928785522,0.1509240928787274,0.15092409287881842,0.15092409287865888,0.1509240928785522,0.15092409287865888,0.15092409287881842,0.15092409287895947,0.15092409287881842,0.1509240928787274,0.15092409287881842,0.15092409287895947,0.14963652302479669,0.1496365230243822,0.14963652302410785,0.1496365230243822,0.14963652302479669,0.1496365230243822,0.14963652302388852,0.14963652302354968,0.14963652302388852,0.1496365230243822,0.14963652302410785,0.14963652302354968,0.14963652302315902,0.14963652302354968,0.14963652302410785,0.1496365230243822,0.14963652302388852,0.14963652302354968,0.14963652302388852,0.1496365230243822,0.14963652302479669,0.1496365230243822,0.14963652302410785,0.1496365230243822,0.14963652302479669,0.1483745362924661,0.1483745362912813,0.1483745362904653,0.1483745362912813,0.1483745362924661,0.1483745362912813,0.14837453628977923,0.14837453628867892,0.14837453628977923,0.1483745362912813,0.1483745362904653,0.14837453628867892,0.14837453628730746,0.14837453628867892,0.1483745362904653,0.1483745362912813,0.14837453628977923,0.14837453628867892,0.14837453628977923,0.1483745362912813,0.1483745362924661,0.1483745362912813,0.1483745362904653,0.1483745362912813,0.1483745362924661,0.14713758216638234,0.14713758216313594,0.14713758216075715,0.14713758216313594,0.14713758216638234,0.14713758216313594,0.14713758215864994,0.1471375821549995,0.14713758215864994,0.14713758216313594,0.14713758216075715,0.1471375821549995,0.1471375821498194,0.1471375821549995,0.14713758216075715,0.14713758216313594,0.14713758215864994,0.1471375821549995,0.14713758215864994,0.14713758216313594,0.14713758216638234,0.14713758216313594,0.14713758216075715,0.14713758216313594,0.14713758216638234,0.14592511799792032,0.1459251179896069,0.1459251179829341,0.1459251179896069,0.14592511799792032,0.1459251179896069,0.14592511797671132,0.14592511796438642,0.14592511797671132,0.1459251179896069,0.1459251179829341,0.14592511796438642,0.14592511794275215,0.14592511796438642,0.1459251179829341,0.1459251179896069,0.14592511797671132,0.14592511796438642,0.14592511797671132,0.1459251179896069,0.14592511799792032,0.1459251179896069,0.1459251179829341,0.1459251179896069,0.14592511799792032,0.14473660938244626,0.1447366093634348,0.14473660934614424,0.1447366093634348,0.14473660938244626,0.1447366093634348,0.14473660932924537,0.14473660928809734,0.14473660932924537,0.1447366093634348,0.14473660934614424,0.14473660928809734,0.14473660918607,0.14473660928809734,0.14473660934614424,0.1447366093634348,0.14473660932924537,0.14473660928809734,0.14473660932924537,0.1447366093634348,0.14473660938244626,0.1447366093634348,0.14473660934614424,0.1447366093634348,0.14473660938244626,0.14357153047959945,0.14357153044399035,0.14357153040661894,0.14357153044399035,0.14357153047959945,0.14357153044399035,0.1435715303687891,0.14357153024666652,0.1435715303687891,0.14357153044399035,0.14357153040661894,0.14357153024666652,0.14357152970055098,0.14357153024666652,0.14357153040661894,0.14357153044399035,0.1435715303687891,0.14357153024666652,0.1435715303687891,0.14357153044399035,0.14357153047959945,0.14357153044399035,0.14357153040661894,0.14357153044399035,0.14357153047959945,0.14242936427537767,0.14242936422886524,0.1424293641796431,0.14242936422886524,0.14242936427537767,0.14242936422886524,0.14242936412950188,0.1424293639708858,0.14242936412950188,0.14242936422886524,0.1424293641796431,0.1424293639708858,0.14242936330863493,0.1424293639708858,0.1424293641796431,0.14242936422886524,0.14242936412950188,0.1424293639708858,0.14242936412950188,0.14242936422886524,0.14242936427537767,0.14242936422886524,0.1424293641796431,0.14242936422886524,0.14242936427537767,0.1413096027712173,0.14130960272297552,0.14130960267022902,0.14130960272297552,0.1413096027712173,0.14130960272297552,0.14130960261604608,0.14130960243868965,0.14130960261604608,0.14130960272297552,0.14130960267022902,0.14130960243868965,0.14130960167478254,0.14130960243868965,0.14130960267022902,0.14130960272297552,0.14130960261604608,0.14130960243868965,0.14130960261604608,0.14130960272297552,0.1413096027712173,0.14130960272297552,0.14130960267022902,0.14130960272297552,0.1413096027712173,0.14021174714557116,0.14021174711098824,0.14021174706972991,0.14021174711098824,0.14021174714557116,0.14021174711098824,0.140211747026712,0.1402117468682488,0.140211747026712,0.14021174711098824,0.14021174706972991,0.1402117468682488,0.14021174607837172,0.1402117468682488,0.14021174706972991,0.14021174711098824,0.140211747026712,0.1402117468682488,0.140211747026712,0.14021174711098824,0.14021174714557116,0.14021174711098824,0.14021174706972991,0.14021174711098824,0.14021174714557116,0.13913530786997533,0.139135307871697,0.13913530787097014,0.139135307871697,0.13913530786997533,0.139135307871697,0.13913530786959855,0.13913530785727277,0.13913530786959855,0.139135307871697,0.13913530787097014,0.13913530785727277,0.1391353077960414,0.13913530785727277,0.13913530787097014,0.139135307871697,0.13913530786959855,0.13913530785727277,0.13913530786959855,0.139135307871697,0.13913530786997533,0.139135307871697,0.13913530787097014,0.139135307871697,0.13913530786997533,0.13807980478688273,0.13807980483360693,0.13807980488185692,0.13807980483360693,0.13807980478688273,0.13807980483360693,0.13807980493112007,0.13807980506923,0.13807980493112007,0.13807980483360693,0.13807980488185692,0.13807980506923,0.13807980546907933,0.13807980506923,0.13807980488185692,0.13807980483360693,0.13807980493112007,0.13807980506923,0.13807980493112007,0.13807980483360693,0.13807980478688273,0.13807980483360693,0.13807980488185692,0.13807980483360693,0.13807980478688273,0.13704476719873487,0.1370447672852683,0.13704476739154947,0.1370447672852683,0.13704476719873487,0.1370447672852683,0.13704476750208466,0.13704476794214382,0.13704476750208466,0.1370447672852683,0.13704476739154947,0.13704476794214382,0.1370447703939792,0.13704476794214382,0.13704476739154947,0.1370447672852683,0.13704476750208466,0.13704476794214382,0.13704476750208466,0.1370447672852683,0.13704476719873487,0.1370447672852683,0.13704476739154947,0.1370447672852683,0.13704476719873487,0.13602973392815634,0.13602973398951063,0.13602973404988272,0.13602973398951063,0.13602973392815634,0.13602973398951063,0.13602973411058392,0.13602973427327353,0.13602973411058392,0.13602973398951063,0.13602973404988272,0.13602973427327353,0.13602973472617058,0.13602973427327353,0.13602973404988272,0.13602973398951063,0.13602973411058392,0.13602973427327353,0.13602973411058392,0.13602973398951063,0.13602973392815634,0.13602973398951063,0.13602973404988272,0.13602973398951063,0.13602973392815634,0.13503425344710557,0.13503425348572726,0.13503425351768983,0.13503425348572726,0.13503425344710557,0.13503425348572726,0.13503425354807713,0.13503425361005697,0.13503425354807713,0.13503425348572726,0.13503425351768983,0.13503425361005697,0.13503425372300473,0.13503425361005697,0.13503425351768983,0.13503425348572726,0.13503425354807713,0.13503425361005697,0.13503425354807713,0.13503425348572726,0.13503425344710557,0.13503425348572726,0.13503425351768983,0.13503425348572726,0.13503425344710557
0.16533248746998042,0.16533248746998042,0.16533248746998042,0.16533248746998042,0.16533248746998042,0.16533248746998042,0.16533248746998042,0.16533248746998042,0.16533248746998042,0.16533248746998042,0.16533248746998042,0.16533248746998042,0.16533248746998042,0.16533248746998042,0.16533248746998042,0.16533248746998042,0.16533248746998042,0.16533248746998042,0.16533248746998042,0.16533248746998042,0.16533248746998042,0.16533248746998042,0.16533248746998042,0.16533248746998042,0.16533248746998042,0.16375749375747087,0.16375749375747087,0.16375749375747062,0.16375749375747062,0.16375749375747087,0.16375749375747087,0.16375749375747062,0.16375749375747062,0.16375749375747062,0.16375749375747087,0.16375749375747062,0.16375749375747062,0.16375749375747062,0.16375749375747062,0.16375749375747062,0.16375749375747062,0.16375749375747062,0.16375749375747062,0.16375749375747062,0.16375749375747062,0.16375749375747087,0.16375749375747087,0.16375749375747062,0.16375749375747062,0.16375749375747062,0.16221388397674477,0.16221388397674477,0.16221388397674477,0.16221388397674477,0.16221388397674477,0.16221388397674477,0.16221388397674477,0.16221388397674477,0.16221388397674477,0.16221388397674477,0.16221388397674477,0.16221388397674477,0.16221388397674477,0.16221388397674477,0.16221388397674477,0.16221388397674477,0.16221388397674477,0.16221388397674477,0.16221388397674477,0.16221388397674477,0.16221388397674477,0.16221388397674477,0.16221388397674477,0.16221388397674477,0.16221388397674477,0.16070106708484258,0.16070106708484258,0.16070106708484258,0.16070106708484258,0.16070106708484258,0.16070106708484258,0.16070106708484258,0.16070106708484236,0.16070106708484258,0.16070106708484258,0.16070106708484258,0.16070106708484236,0.16070106708484236,0.16070106708484236,0.16070106708484258,0.16070106708484258,0.16070106708484258,0.16070106708484236,0.16070106708484258,0.16070106708484258,0.16070106708484258,0.16070106708484258,0.16070106708484258,0.16070106708484258,0.16070106708484258,0.15921845145674243,0.1592184514567422,0.15921845145674202,0.1592184514567422,0.15921845145674243,0.1592184514567422,0.15921845145674202,0.15921845145674202,0.15921845145674202,0.1592184514567422,0.15921845145674202,0.15921845145674202,0.1592184514567418,0.15921845145674202,0.15921845145674202,0.1592184514567422,0.15921845145674202,0.15921845145674202,0.15921845145674202,0.1592184514567422,0.15921845145674243,0.1592184514567422,0.15921845145674202,0.1592184514567422,0.15921845145674243,0.15776544623721128,0.15776544623721084,0.15776544623721045,0.15776544623721084,0.15776544623721128,0.15776544623721084,0.1577654462372102,0.15776544623720998,0.1577654462372102,0.15776544623721084,0.15776544623721045,0.15776544623720998,0.1577654462372096,0.15776544623720998,0.15776544623721045,0.15776544623721084,0.1577654462372102,0.15776544623720998,0.1577654462372102,0.15776544623721084,0.15776544623721128,0.15776544623721084,0.15776544623721045,0.15776544623721084,0.15776544623721128,0.15634146255512896,0.1563414625551275,0.15634146255512643,0.1563414625551275,0.15634146255512896,0.1563414625551275,0.1563414625551258,0.15634146255512477,0.1563414625551258,0.1563414625551275,0.15634146255512643,0.15634146255512477,0.15634146255512352,0.15634146255512477,0.15634146255512643,0.1563414625551275,0.1563414625551258,0.15634146255512477,0.1563414625551258,0.1563414625551275,0.15634146255512896,0.1563414625551275,0.15634146255512643,0.1563414625551275,0.15634146255512896,0.1549459146105493,0.15494591461054416,0.1549459146105411,0.15494591461054416,0.1549459146105493,0.15494591461054416,0.15494591461053883,0.15494591461053558,0.15494591461053883,0.15494591461054416,0.1549459146105411,0.15494591461053558,0.1549459146105321,0.15494591461053558,0.1549459146105411,0.15494591461054416,0.15494591461053883,0.15494591461053558,0.15494591461053883,0.15494591461054416,0.1549459146105493,0.15494591461054416,0.1549459146105411,0.15494591461054416,0.1549459146105493,0.15357822064420731,0.15357822064419183,0.153578220644182,0.15357822064419183,0.15357822064420731,0.15357822064419183,0.15357822064417517,0.15357822064416474,0.15357822064417517,0.15357822064419183,0.153578220644182,0.15357822064416474,0.1535782206441537,0.15357822064416474,0.153578220644182,0.15357822064419183,0.15357822064417517,0.15357822064416474,0.15357822064417517,0.15357822064419183,0.15357822064420731,0.15357822064419183,0.153578220644182,0.15357822064419183,0.15357822064420731,0.15223780379863214,0.15223780379858512,0.152237803798555,0.15223780379858512,0.15223780379863214,0.15223780379858512,0.15223780379853336,0.15223780379849972,0.15223780379853336,0.15223780379858512,0.152237803798555,0.15223780379849972,0.1522378037984637,0.15223780379849972,0.152237803798555,0.15223780379858512,0.15223780379853336,0.15223780379849972,0.15223780379853336,0.15223780379858512,0.15223780379863214,0.15223780379858512,0.152237803798555,0.15223780379858512,0.15223780379863214,0.15092409287948305,0.15092409287934183,0.1509240928792508,0.15092409287934183,0.15092409287948305,0.15092409287934183,0.1509240928791811,0.15092409287907482,0.1509240928791811,0.15092409287934183,0.1509240928792508,0.15092409287907482,0.1509240928789581,0.15092409287907482,0.1509240928792508,0.15092409287934183,0.1509240928791811,0.15092409287907482,0.1509240928791811,0.15092409287934183,0.15092409287948305,0.15092409287934183,0.1509240928792508,0.15092409287934183,0.15092409287948305,0.14963652302522232,0.14963652302480784,0.14963652302453367,0.14963652302480784,0.14963652302522232,0.14963652302480784,0.14963652302431416,0.1496365230239755,0.14963652302431416,0.14963652302480784,0.14963652302453367,0.1496365230239755,0.14963652302358502,0.1496365230239755,0.14963652302453367,0.14963652302480784,0.14963652302431416,0.1496365230239755,0.14963652302431416,0.14963652302480784,0.14963652302522232,0.14963652302480784,0.14963652302453367,0.14963652302480784,0.14963652302522232,0.14837453629279065,0.14837453629160638,0.14837453629079075,0.14837453629160638,0.14837453629279065,0.14837453629160638,0.14837453629010502,0.14837453628900527,0.14837453629010502,0.14837453629160638,0.14837453629079075,0.14837453628900527,0.14837453628763456,0.14837453628900527,0.14837453629079075,0.14837453629160638,0.14837453629010502,0.14837453628900527,0.14837453629010502,0.14837453629160638,0.14837453629279065,0.14837453629160638,0.14837453629079075,0.14837453629160638,0.14837453629279065,0.14713758216660267,0.14713758216335793,0.14713758216098058,0.14713758216335793,0.14713758216660267,0.14713758216335793,0.14713758215887446,0.14713758215522585,0.14713758215887446,0.14713758216335793,0.14713758216098058,0.14713758215522585,0.14713758215004846,0.14713758215522585,0.14713758216098058,0.14713758216335793,0.14713758215887446,0.14713758215522585,0.14713758215887446,0.14713758216335793,0.14713758216660267,0.14713758216335793,0.14713758216098058,0.14713758216335793,0.14713758216660267,0.1459251179980327,0.14592511798972385,0.1459251179830545,0.14592511798972385,0.1459251179980327,0.14592511798972385,0.14592511797683522,0.14592511796451674,0.14592511797683522,0.14592511798972385,0.1459251179830545,0.14592511796451674,0.14592511794289337,0.14592511796451674,0.1459251179830545,0.14592511798972385,0.14592511797683522,0.14592511796451674,0.14592511797683522,0.14592511798972385,0.1459251179980327,0.14592511798972385,0.1459251179830545,0.14592511798972385,0.1459251179980327,0.14473660938244187,0.14473660936344143,0.14473660934616028,0.14473660936344143,0.14473660938244187,0.14473660936344143,0.14473660932927157,0.14473660928814414,0.14473660932927157,0.14473660936344143,0.14473660934616028,0.14473660928814414,0.14473660918616688,0.14473660928814414,0.14473660934616028,0.14473660936344143,0.14473660932927157,0.14473660928814414,0.14473660932927157,0.14473660936344143,0.14473660938244187,0.14473660936344143,0.14473660934616028,0.14473660936344143,0.14473660938244187,0.14357153047945845,0.14357153044387108,0.14357153040652107,0.14357153044387108,0.14357153047945845,0.14357153044387108,0.14357153036871298,0.14357153024665506,0.14357153036871298,0.14357153044387108,0.14357153040652107,0.14357153024665506,0.1435715297008039,0.14357153024665506,0.14357153040652107,0.14357153044387108,0.14357153036871298,0.14357153024665506,0.14357153036871298,0.14357153044387108,0.14357153047945845,0.14357153044387108,0.14357153040652107,0.14357153044387108,0.14357153047945845,0.14242936427506012,0.14242936422858007,0.1424293641793913,0.14242936422858007,0.14242936427506012,0.14242936422858007,0.14242936412928378,0.14242936397076905,0.14242936412928378,0.14242936422858007,0.1424293641793913,0.14242936397076905,0.14242936330892128,0.14242936397076889,0.1424293641793913,0.14242936422858007,0.14242936412928378,0.14242936397076889,0.14242936412928378,0.14242936422858007,0.14242936427506012,0.14242936422858007,0.1424293641793913,0.14242936422858007,0.14242936427506012,0.1413096027706612,0.1413096027224604,0.1413096026697588,0.1413096027224604,0.1413096027706612,0.1413096027224604,0.14130960261562212,0.14130960243841728,0.14130960261562212,0.1413096027224604,0.1413096026697588,0.14130960243841728,0.14130960167515919,0.14130960243841728,0.1413096026697588,0.1413096027224604,0.14130960261562212,0.14130960243841728,0.14130960261562212,0.1413096027224604,0.1413096027706612,0.1413096027224604,0.1413096026697588,0.1413096027224604,0.1413096027706612,0.1402117471446991,0.1402117471101518,0.14021174706893685,0.1402117471101518,0.1402117471446991,0.1402117471101518,0.14021174702596426,0.14021174686767326,0.14021174702596426,0.1402117471101518,0.14021174706893685,0.14021174686767326,0.14021174607868747,0.14021174686767326,0.14021174706893685,0.1402117471101518,0.14021174702596426,0.14021174686767326,0.14021174702596426,0.1402117471101518,0.1402117471446991,0.1402117471101518,0.14021174706893685,0.1402117471101518,0.1402117471446991,0.13913530786872103,0.1391353078704473,0.13913530786972692,0.1391353078704473,0.13913530786872103,0.1391353078704473,0.13913530786836242,0.13913530785606304,0.13913530786836242,0.1391353078704473,0.13913530786972692,0.13913530785606304,0.13913530779492686,0.13913530785606304,0.13913530786972692,0.1391353078704473,0.13913530786836242,0.13913530785606304,0.13913530786836242,0.1391353078704473,0.13913530786872103,0.1391353078704473,0.13913530786972692,0.1391353078704473,0.13913530786872103,0.13807980478524548,0.1380798048319356,0.13807980488014976,0.1380798048319356,0.13807980478524548,0.1380798048319356,0.1380798049293763,0.13807980506738193,0.1380798049293763,0.1380798048319356,0.13807980488014976,0.13807980506738193,0.13807980546692442,0.13807980506738193,0.13807980488014976,0.1380798048319356,0.1380798049293763,0.13807980506738193,0.1380798049293763,0.1380798048319356,0.13807980478524548,0.1380798048319356,0.13807980488014976,0.1380798048319356,0.13807980478524548,0.13704476719679484,0.13704476728326107,0.1370447673894589,0.13704476728326107,0.13704476719679484,0.13704476728326107,0.13704476749990746,0.1370447679396198,0.13704476749990746,0.13704476728326107,0.1370447673894589,0.1370447679396198,0.13704477038950344,0.1370447679396198,0.1370447673894589,0.13704476728326107,0.13704476749990746,0.1370447679396198,0.13704476749990746,0.13704476728326107,0.13704476719679484,0.13704476728326107,0.1370447673894589,0.13704476728326107,0.13704476719679484,0.1360297339260642,0.13602973398737048,0.13602973404769517,0.13602973398737048,0.1360297339260642,0.13602973398737048,0.1360297341083485,0.13602973427091036,0.1360297341083485,0.13602973398737048,0.13602973404769517,0.13602973427091036,0.13602973472344987,0.13602973427091036,0.13602973404769517,0.13602973398737048,0.1360297341083485,0.13602973427091036,0.1360297341083485,0.13602973398737048,0.1360297339260642,0.13602973398737048,0.13602973404769517,0.13602973398737048,0.1360297339260642,0.13503425344497513,0.1350342534835666,0.135034253515504,0.1350342534835666,0.13503425344497513,0.1350342534835666,0.1350342535458676,0.13503425360779872,0.1350342535458676,0.1350342534835666,0.135034253515504,0.13503425360779872,0.1350342537206576,0.13503425360779872,0.135034253515504,0.1350342534835666,0.1350342535458676,0.13503425360779872,0.1350342535458676,0.1350342534835666,0.13503425344497513,0.1350342534835666,0.135034253515504,0.1350342534835666,0.13503425344497513
0.16533248747063103,0.16533248747063103,0.16533248747063103,0.16533248747063103,0.16533248747063103,0.16533248747063103,0.16533248747063103,0.16533248747063103,0.16533248747063103,0.16533248747063103,0.16533248747063103,0.16533248747063103,0.16533248747063103,0.16533248747063103,0.16533248747063103,0.16533248747063103,0.16533248747063103,0.16533248747063103,0.16533248747063103,0.16533248747063103,0.16533248747063103,0.16533248747063103,0.16533248747063103,0.16533248747063103,0.16533248747063103,0.16375749375810528,0.16375749375810528,0.16375749375810528,0.16375749375810528,0.16375749375810528,0.16375749375810528,0.16375749375810528,0.16375749375810528,0.16375749375810528,0.16375749375810528,0.16375749375810528,0.16375749375810528,0.16375749375810528,0.16375749375810528,0.16375749375810528,0.16375749375810528,0.16375749375810528,0.16375749375810528,0.16375749375810528,0.16375749375810528,0.16375749375810528,0.16375749375810528,0.16375749375810528,0.16375749375810528,0.16375749375810528,0.16221388397736067,0.16221388397736067,0.16221388397736067,0.16221388397736067,0.16221388397736067,0.16221388397736067,0.16221388397736067,0.16221388397736067,0.16221388397736067,0.16221388397736067,0.16221388397736067,0.16221388397736067,0.16221388397736067,0.16221388397736067,0.16221388397736067,0.16221388397736067,0.16221388397736067,0.16221388397736067,0.16221388397736067,0.16221388397736067,0.16221388397736067,0.16221388397736067,0.16221388397736067,0.16221388397736067,0.16221388397736067,0.16070106708543772,0.1607010670854375,0.1607010670854375,0.1607010670854375,0.16070106708543772,0.1607010670854375,0.1607010670854375,0.1607010670854375,0.1607010670854375,0.1607010670854375,0.1607010670854375,0.1607010670854375,0.1607010670854375,0.1607010670854375,0.1607010670854375,0.1607010670854375,0.1607010670854375,0.1607010670854375,0.1607010670854375,0.1607010670854375,0.16070106708543772,0.1607010670854375,0.1607010670854375,0.1607010670854375,0.16070106708543772,0.15921845145731417,0.15921845145731395,0.15921845145731373,0.15921845145731395,0.15921845145731417,0.15921845145731395,0.15921845145731373,0.1592184514573135,0.15921845145731373,0.15921845145731395,0.15921845145731373,0.1592184514573135,0.1592184514573135,0.1592184514573135,0.15921845145731373,0.15921845145731395,0.15921845145731373,0.1592184514573135,0.15921845145731373,0.15921845145731395,0.15921845145731417,0.15921845145731395,0.15921845145731373,0.15921845145731395,0.15921845145731417,0.1577654462377573,0.15776544623775665,0.15776544623775646,0.15776544623775665,0.1577654462377573,0.15776544623775665,0.15776544623775623,0.1577654462377558,0.15776544623775623,0.15776544623775665,0.15776544623775646,0.1577654462377558,0.15776544623775537,0.1577654462377558,0.15776544623775646,0.15776544623775665,0.15776544623775623,0.1577654462377558,0.15776544623775623,0.15776544623775665,0.1577654462377573,0.15776544623775665,0.15776544623775646,0.15776544623775665,0.1577654462377573,0.1563414625556469,0.15634146255564524,0.1563414625556442,0.15634146255564524,0.1563414625556469,0.15634146255564524,0.15634146255564357,0.15634146255564232,0.15634146255564357,0.15634146255564524,0.1563414625556442,0.15634146255564232,0.15634146255564127,0.15634146255564232,0.1563414625556442,0.15634146255564524,0.15634146255564357,0.15634146255564232,0.15634146255564357,0.15634146255564524,0.1563414625556469,0.15634146255564524,0.1563414625556442,0.15634146255564524,0.1563414625556469,0.15494591461103663,0.1549459146110315,0.15494591461102844,0.1549459146110315,0.15494591461103663,0.1549459146110315,0.15494591461102616,0.15494591461102292,0.15494591461102616,0.1549459146110315,0.15494591461102844,0.15494591461102292,0.15494591461101942,0.15494591461102292,0.15494591461102844,0.1549459146110315,0.15494591461102616,0.15494591461102292,0.15494591461102616,0.1549459146110315,0.15494591461103663,0.1549459146110315,0.15494591461102844,0.1549459146110315,0.15494591461103663,0.15357822064466223,0.15357822064464677,0.15357822064463691,0.15357822064464677,0.15357822064466223,0.15357822064464677,0.1535782206446301,0.15357822064461943,0.1535782206446301,0.15357822064464677,0.15357822064463691,0.15357822064461943,0.1535782206446082,0.15357822064461943,0.15357822064463691,0.15357822064464677,0.1535782206446301,0.15357822064461943,0.1535782206446301,0.15357822064464677,0.15357822064466223,0.15357822064464677,0.15357822064463691,0.15357822064464677,0.15357822064466223,0.152237803799053,0.15223780379900578,0.15223780379897583,0.15223780379900578,0.152237803799053,0.15223780379900578,0.152237803798954,0.15223780379892016,0.152237803798954,0.15223780379900578,0.15223780379897583,0.15223780379892016,0.15223780379888413,0.15223780379892016,0.15223780379897583,0.15223780379900578,0.152237803798954,0.15223780379892016,0.152237803798954,0.15223780379900578,0.152237803799053,0.15223780379900578,0.15223780379897583,0.15223780379900578,0.152237803799053,0.1509240928798681,0.1509240928797271,0.15092409287963604,0.1509240928797271,0.1509240928798681,0.1509240928797271,0.15092409287956618,0.1509240928794601,0.15092409287956618,0.1509240928797271,0.15092409287963604,0.1509240928794601,0.15092409287934339,0.1509240928794601,0.15092409287963604,0.1509240928797271,0.15092409287956618,0.1509240928794601,0.15092409287956618,0.1509240928797271,0.1509240928798681,0.1509240928797271,0.15092409287963604,0.1509240928797271,0.1509240928798681,0.1496365230255708,0.1496365230251565,0.14963652302488253,0.1496365230251565,0.1496365230255708,0.1496365230251565,0.149636523024663,0.14963652302432454,0.149636523024663,0.1496365230251565,0.14963652302488253,0.14963652302432454,0.14963652302393426,0.14963652302432454,0.14963652302488253,0.1496365230251565,0.149636523024663,0.14963652302432454,0.149636523024663,0.1496365230251565,0.1496365230255708,0.1496365230251565,0.14963652302488253,0.1496365230251565,0.1496365230255708,0.14837453629310088,0.14837453629191735,0.14837453629110225,0.14837453629191735,0.14837453629310088,0.14837453629191735,0.14837453629041694,0.14837453628931754,0.14837453629041694,0.14837453629191735,0.14837453629110225,0.14837453628931754,0.1483745362879476,0.14837453628931754,0.14837453629110225,0.14837453629191735,0.14837453629041694,0.14837453628931754,0.14837453629041694,0.14837453629191735,0.14837453629310088,0.14837453629191735,0.14837453629110225,0.14837453629191735,0.14837453629310088,0.14713758216687334,0.1471375821636304,0.14713758216125417,0.1471375821636304,0.14713758216687334,0.1471375821636304,0.1471375821591493,0.14713758215550252,0.1471375821591493,0.1471375821636304,0.14713758216125417,0.14713758215550252,0.14713758215032785,0.14713758215550252,0.14713758216125417,0.1471375821636304,0.1471375821591493,0.14713758215550252,0.1471375821591493,0.1471375821636304,0.14713758216687334,0.1471375821636304,0.14713758216125417,0.1471375821636304,0.14713758216687334,0.14592511799825988,0.14592511798995572,0.1459251179832899,0.14592511798995572,0.14592511799825988,0.14592511798995572,0.14592511797707403,0.14592511796476196,0.14592511797707403,0.14592511798995572,0.1459251179832899,0.14592511796476196,0.14592511794314925,0.14592511796476196,0.1459251179832899,0.14592511798995572,0.14592511797707403,0.14592511796476196,0.14592511797707403,0.14592511798995572,0.14592511799825988,0.14592511798995572,0.1459251179832899,0.14592511798995572,0.14592511799825988,0.1447366093826168,0.14473660936362714,0.14473660934635546,0.14473660936362714,0.1447366093826168,0.14473660936362714,0.14473660932947613,0.14473660928836982,0.14473660932947613,0.14473660936362714,0.14473660934635546,0.14473660928836982,0.1447366091864425,0.14473660928836982,0.14473660934635546,0.14473660936362714,0.14473660932947613,0.14473660928836982,0.14473660932947613,0.14473660936362714,0.1447366093826168,0.14473660936362714,0.14473660934635546,0.14473660936362714,0.1447366093826168,0.14357153047955976,0.1435715304439938,0.14357153040666495,0.1435715304439938,0.14357153047955976,0.1435715304439938,0.14357153036887826,0.14357153024688452,0.14357153036887826,0.1435715304439938,0.14357153040666495,0.14357153024688452,0.14357152970127082,0.14357153024688452,0.14357153040666495,0.1435715304439938,0.14357153036887826,0.14357153024688452,0.14357153036887826,0.1435715304439938,0.14357153047955976,0.1435715304439938,0.14357153040666495,0.1435715304439938,0.14357153047955976,0.14242936427504435,0.14242936422859684,0.1424293641794413,0.14242936422859684,0.14242936427504435,0.14242936422859684,0.1424293641293675,0.14242936397095357,0.1424293641293675,0.14242936422859684,0.1424293641794413,0.14242936397095357,0.14242936330950492,0.14242936397095357,0.1424293641794413,0.14242936422859684,0.1424293641293675,0.14242936397095357,0.1424293641293675,0.14242936422859684,0.14242936427504435,0.14242936422859684,0.1424293641794413,0.14242936422859684,0.14242936427504435,0.14130960277046287,0.14130960272230284,0.14130960266964618,0.14130960272230284,0.14130960277046287,0.14130960272230284,0.1413096026155555,0.141309602438502,0.1413096026155555,0.14130960272230284,0.14130960266964618,0.141309602438502,0.14130960167590736,0.141309602438502,0.14130960266964618,0.14130960272230284,0.1413096026155555,0.141309602438502,0.1413096026155555,0.14130960272230284,0.14130960277046287,0.14130960272230284,0.14130960266964618,0.14130960272230284,0.14130960277046287,0.1402117471442347,0.1402117471097232,0.14021174706855133,0.1402117471097232,0.1402117471442347,0.1402117471097232,0.14021174702562403,0.14021174686750476,0.14021174702562403,0.1402117471097232,0.14021174706855133,0.14021174686750476,0.14021174607940343,0.14021174686750476,0.14021174706855133,0.1402117471097232,0.14021174702562403,0.14021174686750476,0.14021174702562403,0.1402117471097232,0.1402117471442347,0.1402117471097232,0.14021174706855133,0.1402117471097232,0.1402117471442347,0.1391353078679175,0.13913530786964817,0.1391353078689345,0.13913530786964817,0.1391353078679175,0.13913530786964817,0.13913530786757694,0.1391353078553038,0.13913530786757694,0.13913530786964817,0.1391353078689345,0.1391353078553038,0.13913530779426264,0.1391353078553038,0.1391353078689345,0.13913530786964817,0.13913530786757694,0.1391353078553038,0.13913530786757694,0.13913530786964817,0.1391353078679175,0.13913530786964817,0.1391353078689345,0.13913530786964817,0.1391353078679175,0.13807980478409337,0.13807980483074953,0.13807980487892801,0.13807980483074953,0.13807980478409337,0.13807980483074953,0.138079804928118,0.1380798050660194,0.138079804928118,0.13807980483074953,0.13807980487892801,0.1380798050660194,0.13807980546525553,0.1380798050660194,0.13807980487892801,0.13807980483074953,0.138079804928118,0.1380798050660194,0.138079804928118,0.13807980483074953,0.13807980478409337,0.13807980483074953,0.13807980487892801,0.13807980483074953,0.13807980478409337,0.13704476719536476,0.1370447672817638,0.1370447673878786,0.1370447672817638,0.13704476719536476,0.1370447672817638,0.1370447674982408,0.13704476793760698,0.1370447674982408,0.1370447672817638,0.1370447673878786,0.13704476793760698,0.13704477038554946,0.13704476793760698,0.1370447673878786,0.1370447672817638,0.1370447674982408,0.13704476793760698,0.1370447674982408,0.1370447672817638,0.13704476719536476,0.1370447672817638,0.1370447673878786,0.1370447672817638,0.13704476719536476,0.13602973392449577,0.13602973398575402,0.13602973404603144,0.13602973398575402,0.13602973392449577,0.13602973398575402,0.1360297341066372,0.13602973426907097,0.1360297341066372,0.13602973398575402,0.13602973404603144,0.13602973426907097,0.13602973472125351,0.13602973426907097,0.13602973404603144,0.13602973398575402,0.1360297341066372,0.13602973426907097,0.1360297341066372,0.13602973398575402,0.13602973392449577,0.13602973398575402,0.13602973404603144,0.13602973398575402,0.13602973392449577,0.13503425344337047,0.13503425348193163,0.13503425351384402,0.13503425348193163,0.13503425344337047,0.13503425348193163,0.13503425354418377,0.13503425360606625,0.13503425354418377,0.13503425348193163,0.13503425351384402,0.13503425360606625,0.13503425371883618,0.13503425360606625,0.13503425351384402,0.13503425348193163,0.13503425354418377,0.13503425360606625,0.13503425354418377,0.13503425348193163,0.13503425344337047,0.13503425348193163,0.13503425351384402,0.13503425348193163,0.13503425344337047
0.16533248747110676,0.16533248747110676,0.16533248747110676,0.16533248747110676,0.16533248747110676,0.16533248747110676,0.16533248747110676,0.16533248747110676,0.16533248747110676,0.16533248747110676,0.16533248747110676,0.16533248747110676,0.16533248747110676,0.16533248747110676,0.16533248747110676,0.16533248747110676,0.16533248747110676,0.16533248747110676,0.16533248747110676,0.16533248747110676,0.16533248747110676,0.16533248747110676,0.16533248747110676,0.16533248747110676,0.16533248747110676,0.1637574937585704,0.1637574937585704,0.1637574937585704,0.1637574937585704,0.1637574937585704,0.1637574937585704,0.1637574937585704,0.1637574937585704,0.1637574937585704,0.1637574937585704,0.1637574937585704,0.1637574937585704,0.1637574937585704,0.1637574937585704,0.1637574937585704,0.1637574937585704,0.1637574937585704,0.1637574937585704,0.1637574937585704,0.1637574937585704,0.1637574937585704,0.1637574937585704,0.1637574937585704,0.1637574937585704,0.1637574937585704,0.16221388397781467,0.16221388397781467,0.16221388397781467,0.16221388397781467,0.16221388397781467,0.16221388397781467,0.16221388397781467,0.16221388397781467,0.16221388397781467,0.16221388397781467,0.16221388397781467,0.16221388397781467,0.16221388397781467,0.16221388397781467,0.16221388397781467,0.16221388397781467,0.16221388397781467,0.16221388397781467,0.16221388397781467,0.16221388397781467,0.16221388397781467,0.16221388397781467,0.16221388397781467,0.16221388397781467,0.16221388397781467,0.16070106708587958,0.16070106708587958,0.16070106708587958,0.16070106708587958,0.16070106708587958,0.16070106708587958,0.16070106708587958,0.1607010670858794,0.16070106708587958,0.16070106708587958,0.16070106708587958,0.1607010670858794,0.1607010670858794,0.1607010670858794,0.16070106708587958,0.16070106708587958,0.16070106708587958,0.1607010670858794,0.16070106708587958,0.16070106708587958,0.16070106708587958,0.16070106708587958,0.16070106708587958,0.16070106708587958,0.16070106708587958,0.1592184514577433,0.1592184514577433,0.15921845145774305,0.1592184514577433,0.1592184514577433,0.1592184514577433,0.15921845145774305,0.15921845145774285,0.15921845145774305,0.1592184514577433,0.15921845145774305,0.15921845145774285,0.15921845145774285,0.15921845145774285,0.15921845145774305,0.1592184514577433,0.15921845145774305,0.15921845145774285,0.15921845145774305,0.1592184514577433,0.1592184514577433,0.1592184514577433,0.15921845145774305,0.1592184514577433,0.1592184514577433,0.15776544623817315,0.1577654462381727,0.15776544623817226,0.1577654462381727,0.15776544623817315,0.1577654462381727,0.15776544623817207,0.15776544623817165,0.15776544623817207,0.1577654462381727,0.15776544623817226,0.15776544623817165,0.15776544623817146,0.15776544623817165,0.15776544623817226,0.1577654462381727,0.15776544623817207,0.15776544623817165,0.15776544623817207,0.1577654462381727,0.15776544623817315,0.1577654462381727,0.15776544623817226,0.1577654462381727,0.15776544623817315,0.1563414625560488,0.15634146255604714,0.1563414625560461,0.15634146255604714,0.1563414625560488,0.15634146255604714,0.15634146255604547,0.15634146255604423,0.15634146255604525,0.15634146255604714,0.1563414625560461,0.15634146255604423,0.15634146255604317,0.15634146255604423,0.1563414625560461,0.15634146255604714,0.15634146255604525,0.15634146255604423,0.15634146255604525,0.15634146255604714,0.1563414625560488,0.15634146255604714,0.1563414625560461,0.15634146255604714,0.1563414625560488,0.15494591461142396,0.15494591461141882,0.15494591461141555,0.15494591461141882,0.15494591461142396,0.15494591461141882,0.1549459146114135,0.15494591461141002,0.1549459146114135,0.15494591461141882,0.15494591461141555,0.15494591461141002,0.15494591461140653,0.15494591461141002,0.15494591461141555,0.15494591461141882,0.1549459146114135,0.15494591461141002,0.1549459146114135,0.15494591461141882,0.15494591461142396,0.15494591461141882,0.15494591461141555,0.15494591461141882,0.15494591461142396,0.15357822064503437,0.15357822064501872,0.1535782206450089,0.15357822064501872,0.15357822064503437,0.15357822064501872,0.15357822064500207,0.1535782206449914,0.15357822064500207,0.15357822064501872,0.1535782206450089,0.1535782206449914,0.15357822064498017,0.1535782206449914,0.1535782206450089,0.15357822064501872,0.15357822064500207,0.1535782206449914,0.15357822064500207,0.15357822064501872,0.15357822064503437,0.15357822064501872,0.1535782206450089,0.15357822064501872,0.15357822064503437,0.1522378037994095,0.15223780379936225,0.15223780379933213,0.15223780379936225,0.1522378037994095,0.15223780379936225,0.15223780379931026,0.1522378037992764,0.15223780379931026,0.15223780379936225,0.15223780379933213,0.1522378037992764,0.1522378037992404,0.1522378037992764,0.15223780379933213,0.15223780379936225,0.15223780379931026,0.1522378037992764,0.15223780379931026,0.15223780379936225,0.1522378037994095,0.15223780379936225,0.15223780379933213,0.15223780379936225,0.1522378037994095,0.15092409288020844,0.1509240928800674,0.15092409287997635,0.1509240928800674,0.15092409288020844,0.1509240928800674,0.1509240928799065,0.1509240928798006,0.1509240928799065,0.1509240928800674,0.15092409287997635,0.1509240928798006,0.1509240928796839,0.1509240928798006,0.15092409287997635,0.1509240928800674,0.1509240928799065,0.1509240928798006,0.1509240928799065,0.1509240928800674,0.15092409288020844,0.1509240928800674,0.15092409287997635,0.1509240928800674,0.15092409288020844,0.1496365230258945,0.14963652302548042,0.1496365230252066,0.14963652302548042,0.1496365230258945,0.14963652302548042,0.14963652302498726,0.1496365230246488,0.14963652302498726,0.14963652302548042,0.1496365230252066,0.1496365230246488,0.14963652302425873,0.1496365230246488,0.1496365230252066,0.14963652302548042,0.14963652302498726,0.1496365230246488,0.14963652302498726,0.14963652302548042,0.1496365230258945,0.14963652302548042,0.1496365230252066,0.14963652302548042,0.1496365230258945,0.1483745362934074,0.14837453629222444,0.14837453629140973,0.14837453629222444,0.1483745362934074,0.14837453629222444,0.14837453629072475,0.14837453628962613,0.14837453629072475,0.14837453629222444,0.14837453629140973,0.14837453628962613,0.14837453628825692,0.14837453628962613,0.14837453629140973,0.14837453629222444,0.14837453629072475,0.14837453628962613,0.14837453629072475,0.14837453629222444,0.1483745362934074,0.14837453629222444,0.14837453629140973,0.14837453629222444,0.1483745362934074,0.14713758216716127,0.14713758216392014,0.14713758216154516,0.14713758216392014,0.14713758216716127,0.14713758216392014,0.1471375821594414,0.14713758215579664,0.1471375821594414,0.14713758216392014,0.14713758216154516,0.14713758215579664,0.14713758215062447,0.14713758215579664,0.14713758216154516,0.14713758216392014,0.1471375821594414,0.14713758215579664,0.1471375821594414,0.14713758216392014,0.14713758216716127,0.14713758216392014,0.14713758216154516,0.14713758216392014,0.14713758216716127,0.14592511799852576,0.14592511799022617,0.14592511798356392,0.14592511799022617,0.14592511799852576,0.14592511799022617,0.14592511797735144,0.1459251179650456,0.14592511797735144,0.14592511799022617,0.14592511798356392,0.1459251179650456,0.14592511794344376,0.1459251179650456,0.14592511798356392,0.14592511799022617,0.14592511797735144,0.1459251179650456,0.14592511797735144,0.14592511799022617,0.14592511799852576,0.14592511799022617,0.14592511798356392,0.14592511799022617,0.14592511799852576,0.14473660938285138,0.14473660936387256,0.14473660934661012,0.14473660936387256,0.14473660938285138,0.14473660936387256,0.14473660932974003,0.14473660928865487,0.14473660932974003,0.14473660936387256,0.14473660934661012,0.14473660928865487,0.14473660918677744,0.14473660928865487,0.14473660934661012,0.14473660936387256,0.14473660932974003,0.14473660928865487,0.14473660932974003,0.14473660936387256,0.14473660938285138,0.14473660936387256,0.14473660934661012,0.14473660936387256,0.14473660938285138,0.14357153047974094,0.14357153044419635,0.14357153040688897,0.14357153044419635,0.14357153047974094,0.14357153044419635,0.14357153036912365,0.1435715302471939,0.14357153036912365,0.14357153044419635,0.14357153040688897,0.1435715302471939,0.14357152970184714,0.1435715302471939,0.14357153040688897,0.14357153044419635,0.14357153036912365,0.1435715302471939,0.14357153036912365,0.14357153044419635,0.14357153047974094,0.14357153044419635,0.14357153040688897,0.14357153044419635,0.14357153047974094,0.1424293642751284,0.14242936422871325,0.14242936417959096,0.14242936422871325,0.1424293642751284,0.14242936422871325,0.14242936412955068,0.1424293639712376,0.14242936412955068,0.14242936422871325,0.14242936417959096,0.1424293639712376,0.14242936331016415,0.1424293639712376,0.14242936417959096,0.14242936422871325,0.14242936412955068,0.1424293639712376,0.14242936412955068,0.14242936422871325,0.1424293642751284,0.14242936422871325,0.14242936417959096,0.14242936422871325,0.1424293642751284,0.1413096027703823,0.14130960272226303,0.14130960266965112,0.14130960272226303,0.1413096027703823,0.14130960272226303,0.14130960261560646,0.1413096024387041,0.14130960261560646,0.14130960272226303,0.14130960266965112,0.1413096024387041,0.14130960167676404,0.1413096024387041,0.14130960266965112,0.14130960272226303,0.14130960261560646,0.1413096024387041,0.14130960261560646,0.14130960272226303,0.1413096027703823,0.14130960272226303,0.14130960266965112,0.14130960272226303,0.1413096027703823,0.14021174714390447,0.14021174710942844,0.14021174706829992,0.14021174710942844,0.14021174714390447,0.14021174710942844,0.14021174702541764,0.1402117468674698,0.14021174702541764,0.14021174710942844,0.14021174706829992,0.1402117468674698,0.14021174608024708,0.1402117468674698,0.14021174706829992,0.14021174710942844,0.14021174702541764,0.1402117468674698,0.14021174702541764,0.14021174710942844,0.14021174714390447,0.14021174710942844,0.14021174706829992,0.14021174710942844,0.14021174714390447,0.1391353078672623,0.13913530786899725,0.13913530786829,0.13913530786899725,0.1391353078672623,0.13913530786899725,0.1391353078669396,0.1391353078546927,0.1391353078669396,0.13913530786899725,0.13913530786829,0.1391353078546927,0.1391353077937461,0.1391353078546927,0.13913530786829,0.13913530786899725,0.1391353078669396,0.1391353078546927,0.1391353078669396,0.13913530786899725,0.1391353078672623,0.13913530786899725,0.13913530786829,0.13913530786899725,0.1391353078672623,0.13807980478310095,0.138079804829723,0.13807980487786597,0.138079804829723,0.13807980478310095,0.138079804829723,0.13807980492701935,0.13807980506481676,0.13807980492701935,0.138079804829723,0.13807980487786597,0.13807980506481676,0.13807980546374682,0.13807980506481676,0.13807980487786597,0.138079804829723,0.13807980492701935,0.13807980506481676,0.13807980492701935,0.138079804829723,0.13807980478310095,0.138079804829723,0.13807980487786597,0.138079804829723,0.13807980478310095,0.13704476719410238,0.13704476728043435,0.13704476738646615,0.13704476728043435,0.13704476719410238,0.13704476728043435,0.137044767496742,0.1370447679357626,0.137044767496742,0.13704476728043435,0.13704476738646615,0.1370447679357626,0.13704477038178967,0.1370447679357626,0.13704476738646615,0.13704476728043435,0.137044767496742,0.1370447679357626,0.137044767496742,0.13704476728043435,0.13704476719410238,0.13704476728043435,0.13704476738646615,0.13704476728043435,0.13704476719410238,0.13602973392309956,0.13602973398430993,0.13602973404454008,0.13602973398430993,0.13602973392309956,0.13602973398430993,0.13602973410509814,0.1360297342674041,0.13602973410509814,0.13602973398430993,0.13602973404454008,0.1360297342674041,0.13602973471923013,0.1360297342674041,0.13602973404454008,0.13602973398430993,0.13602973410509814,0.1360297342674041,0.13602973410509814,0.13602973398430993,0.13602973392309956,0.13602973398430993,0.13602973404454008,0.13602973398430993,0.13602973392309956,0.13503425344193865,0.13503425348046968,0.13503425351235693,0.13503425348046968,0.13503425344193865,0.13503425348046968,0.13503425354267284,0.1350342536045066,0.13503425354267284,0.13503425348046968,0.13503425351235693,0.1350342536045066,0.1350342537171878,0.1350342536045066,0.13503425351235693,0.13503425348046968,0.13503425354267284,0.1350342536045066,0.13503425354267284,0.13503425348046968,0.13503425344193865,0.13503425348046968,0.13503425351235693,0.13503425348046968,0.13503425344193865
0.16533248747152354,0.16533248747152354,0.16533248747152354,0.16533248747152354,0.16533248747152354,0.16533248747152354,0.16533248747152354,0.16533248747152354,0.16533248747152354,0.16533248747152354,0.16533248747152354,0.16533248747152354,0.16533248747152354,0.16533248747152354,0.16533248747152354,0.16533248747152354,0.16533248747152354,0.16533248747152354,0.16533248747152354,0.16533248747152354,0.16533248747152354,0.16533248747152354,0.16533248747152354,0.16533248747152354,0.16533248747152354,0.16375749375897888,0.16375749375897888,0.16375749375897888,0.16375749375897888,0.16375749375897888,0.16375749375897888,0.16375749375897863,0.16375749375897863,0.16375749375897863,0.16375749375897863,0.16375749375897888,0.16375749375897863,0.16375749375897863,0.16375749375897863,0.16375749375897863,0.16375749375897888,0.16375749375897863,0.16375749375897863,0.16375749375897888,0.16375749375897888,0.16375749375897888,0.16375749375897863,0.16375749375897863,0.16375749375897888,0.16375749375897888,0.16221388397821435,0.16221388397821435,0.16221388397821435,0.16221388397821435,0.16221388397821435,0.16221388397821435,0.16221388397821435,0.16221388397821435,0.16221388397821435,0.16221388397821435,0.16221388397821435,0.16221388397821435,0.16221388397821435,0.16221388397821435,0.16221388397821435,0.16221388397821435,0.16221388397821435,0.16221388397821435,0.16221388397821435,0.16221388397821435,0.16221388397821435,0.16221388397821435,0.16221388397821435,0.16221388397821435,0.16221388397821435,0.16070106708627058,0.16070106708627058,0.16070106708627058,0.16070106708627058,0.16070106708627058,0.16070106708627058,0.16070106708627058,0.16070106708627058,0.16070106708627058,0.16070106708627058,0.16070106708627058,0.16070106708627058,0.16070106708627035,0.16070106708627058,0.16070106708627058,0.16070106708627058,0.16070106708627058,0.16070106708627058,0.16070106708627058,0.16070106708627058,0.16070106708627058,0.16070106708627058,0.16070106708627058,0.16070106708627058,0.16070106708627058,0.15921845145812535,0.15921845145812535,0.15921845145812516,0.15921845145812535,0.15921845145812535,0.15921845145812535,0.15921845145812516,0.15921845145812494,0.15921845145812516,0.15921845145812535,0.15921845145812516,0.15921845145812494,0.15921845145812494,0.15921845145812494,0.15921845145812516,0.15921845145812535,0.15921845145812516,0.15921845145812494,0.15921845145812516,0.15921845145812535,0.15921845145812535,0.15921845145812535,0.15921845145812516,0.15921845145812535,0.15921845145812535,0.1577654462385461,0.1577654462385457,0.15776544623854527,0.1577654462385457,0.1577654462385461,0.1577654462385457,0.15776544623854502,0.15776544623854463,0.15776544623854502,0.1577654462385457,0.15776544623854527,0.15776544623854463,0.1577654462385444,0.15776544623854463,0.15776544623854527,0.1577654462385457,0.15776544623854502,0.15776544623854463,0.15776544623854502,0.15776544623854546,0.1577654462385461,0.1577654462385457,0.15776544623854527,0.15776544623854546,0.1577654462385461,0.15634146255641246,0.15634146255641077,0.15634146255640974,0.15634146255641077,0.15634146255641246,0.15634146255641077,0.1563414625564089,0.15634146255640782,0.1563414625564089,0.15634146255641077,0.15634146255640974,0.15634146255640782,0.1563414625564068,0.15634146255640782,0.15634146255640974,0.15634146255641077,0.1563414625564089,0.15634146255640782,0.1563414625564089,0.15634146255641077,0.15634146255641246,0.15634146255641077,0.15634146255640974,0.15634146255641077,0.15634146255641246,0.15494591461177806,0.15494591461177293,0.15494591461176987,0.15494591461177293,0.15494591461177806,0.15494591461177293,0.15494591461176763,0.15494591461176432,0.15494591461176763,0.15494591461177293,0.15494591461176987,0.15494591461176432,0.15494591461176085,0.15494591461176432,0.15494591461176987,0.15494591461177293,0.15494591461176763,0.15494591461176432,0.15494591461176763,0.15494591461177293,0.15494591461177806,0.15494591461177293,0.15494591461176987,0.15494591461177293,0.15494591461177806,0.15357822064537904,0.15357822064536336,0.1535782206453535,0.15357822064536336,0.15357822064537904,0.15357822064536336,0.15357822064534668,0.15357822064533605,0.15357822064534668,0.15357822064536336,0.1535782206453535,0.15357822064533605,0.15357822064532478,0.15357822064533605,0.1535782206453535,0.15357822064536336,0.15357822064534668,0.15357822064533605,0.15357822064534668,0.15357822064536336,0.15357822064537904,0.15357822064536336,0.1535782206453535,0.15357822064536336,0.15357822064537904,0.1522378037997445,0.15223780379969726,0.15223780379966736,0.15223780379969726,0.1522378037997445,0.15223780379969726,0.1522378037996453,0.15223780379961163,0.1522378037996453,0.15223780379969726,0.15223780379966736,0.15223780379961163,0.1522378037995756,0.15223780379961163,0.15223780379966736,0.15223780379969726,0.1522378037996453,0.15223780379961163,0.1522378037996453,0.15223780379969726,0.1522378037997445,0.15223780379969726,0.15223780379966736,0.15223780379969726,0.1522378037997445,0.15092409288053388,0.15092409288039285,0.150924092880302,0.15092409288039285,0.15092409288053388,0.15092409288039285,0.15092409288023215,0.15092409288012626,0.15092409288023215,0.15092409288039285,0.150924092880302,0.15092409288012626,0.15092409288000955,0.15092409288012626,0.150924092880302,0.15092409288039285,0.15092409288023215,0.15092409288012626,0.15092409288023215,0.15092409288039285,0.15092409288053388,0.15092409288039285,0.150924092880302,0.15092409288039285,0.15092409288053388,0.14963652302621008,0.14963652302579616,0.14963652302552258,0.14963652302579616,0.14963652302621008,0.14963652302579616,0.14963652302530323,0.14963652302496516,0.14963652302530323,0.14963652302579616,0.14963652302552258,0.14963652302496516,0.14963652302457528,0.14963652302496516,0.14963652302552258,0.14963652302579616,0.14963652302530323,0.14963652302496516,0.14963652302530323,0.14963652302579616,0.14963652302621008,0.14963652302579616,0.14963652302552258,0.14963652302579616,0.14963652302621008,0.14837453629371286,0.14837453629253045,0.1483745362917161,0.14837453629253045,0.14837453629371286,0.14837453629253045,0.1483745362910315,0.1483745362899334,0.1483745362910315,0.14837453629253045,0.1483745362917161,0.1483745362899334,0.14837453628856492,0.1483745362899334,0.1483745362917161,0.14837453629253045,0.1483745362910315,0.1483745362899334,0.1483745362910315,0.14837453629253045,0.14837453629371286,0.14837453629253045,0.1483745362917161,0.14837453629253045,0.14837453629371286,0.147137582167455,0.14713758216421552,0.147137582161842,0.14713758216421552,0.147137582167455,0.14713758216421552,0.14713758215973932,0.14713758215609637,0.14713758215973932,0.14713758216421552,0.147137582161842,0.14713758215609637,0.14713758215092695,0.14713758215609637,0.147137582161842,0.14713758216421552,0.14713758215973932,0.14713758215609637,0.14713758215973932,0.14713758216421552,0.147137582167455,0.14713758216421552,0.147137582161842,0.14713758216421552,0.147137582167455,0.14592511799880442,0.1459251179905093,0.14592511798385077,0.1459251179905093,0.14592511799880442,0.1459251179905093,0.1459251179776415,0.14592511796534208,0.1459251179776415,0.1459251179905093,0.14592511798385077,0.14592511796534208,0.14592511794375113,0.14592511796534208,0.14592511798385077,0.1459251179905093,0.1459251179776415,0.14592511796534208,0.1459251179776415,0.1459251179905093,0.14592511799880442,0.1459251179905093,0.14592511798385077,0.1459251179905093,0.14592511799880442,0.1447366093831057,0.14473660936413754,0.14473660934688468,0.14473660936413754,0.1447366093831057,0.14473660936413754,0.1447366093300237,0.14473660928895962,0.1447366093300237,0.14473660936413754,0.14473660934688468,0.14473660928895962,0.1447366091871323,0.14473660928895962,0.14473660934688468,0.14473660936413754,0.1447366093300237,0.14473660928895962,0.1447366093300237,0.14473660936413754,0.1447366093831057,0.14473660936413754,0.14473660934688468,0.14473660936413754,0.1447366093831057,0.14357153047994886,0.14357153044442567,0.14357153040713946,0.14357153044442567,0.14357153047994886,0.14357153044442567,0.14357153036939538,0.14357153024752964,0.14357153036939538,0.14357153044442567,0.14357153040713946,0.14357153024752964,0.143571529702464,0.14357153024752964,0.14357153040713946,0.14357153044442567,0.14357153036939538,0.14357153024752964,0.14357153036939538,0.14357153044442567,0.14357153047994886,0.14357153044442567,0.14357153040713946,0.14357153044442567,0.14357153047994886,0.1424293642752453,0.14242936422886254,0.14242936417977348,0.14242936422886254,0.1424293642752453,0.14242936422886254,0.14242936412976676,0.1424293639715543,0.14242936412976676,0.14242936422886254,0.14242936417977348,0.1424293639715543,0.1424293633108917,0.1424293639715543,0.14242936417977348,0.14242936422886254,0.14242936412976676,0.1424293639715543,0.14242936412976676,0.14242936422886254,0.1424293642752453,0.14242936422886254,0.14242936417977348,0.14242936422886254,0.1424293642752453,0.14130960277034066,0.14130960272226223,0.14130960266969483,0.14130960272226223,0.14130960277034066,0.14130960272226223,0.1413096026156961,0.14130960243894458,0.1413096026156961,0.14130960272226223,0.14130960266969483,0.14130960243894458,0.14130960167764642,0.14130960243894458,0.14130960266969483,0.14130960272226223,0.1413096026156961,0.14130960243894458,0.1413096026156961,0.14130960272226223,0.14130960277034066,0.14130960272226223,0.14130960266969483,0.14130960272226223,0.14130960277034066,0.14021174714361873,0.14021174710917803,0.14021174706809256,0.14021174710917803,0.14021174714361873,0.14021174710917803,0.14021174702525524,0.14021174686747834,0.14021174702525524,0.14021174710917803,0.14021174706809256,0.14021174686747834,0.1402117460811372,0.14021174686747834,0.14021174706809256,0.14021174710917803,0.14021174702525524,0.14021174686747834,0.14021174702525524,0.14021174710917803,0.14021174714361873,0.14021174710917803,0.14021174706809256,0.14021174710917803,0.14021174714361873,0.13913530786665607,0.13913530786839562,0.1391353078676947,0.13913530786839562,0.13913530786665607,0.13913530786839562,0.1391353078663514,0.13913530785413045,0.1391353078663514,0.13913530786839562,0.1391353078676947,0.13913530785413045,0.13913530779327826,0.13913530785413045,0.1391353078676947,0.13913530786839562,0.1391353078663514,0.13913530785413045,0.1391353078663514,0.13913530786839562,0.13913530786665607,0.13913530786839562,0.1391353078676947,0.13913530786839562,0.13913530786665607,0.13807980478216172,0.1380798048287498,0.13807980487685712,0.1380798048287498,0.13807980478216172,0.1380798048287498,0.1380798049259741,0.1380798050636676,0.1380798049259741,0.1380798048287498,0.13807980487685712,0.1380798050636676,0.13807980546229193,0.1380798050636676,0.13807980487685712,0.1380798048287498,0.1380798049259741,0.1380798050636676,0.1380798049259741,0.1380798048287498,0.13807980478216172,0.1380798048287498,0.13807980487685712,0.1380798048287498,0.13807980478216172,0.13704476719289593,0.137044767279161,0.1370447673851101,0.137044767279161,0.13704476719289593,0.137044767279161,0.13704476749529956,0.1370447679339749,0.13704476749529956,0.137044767279161,0.1370447673851101,0.1370447679339749,0.13704477037807553,0.1370447679339749,0.1370447673851101,0.137044767279161,0.13704476749529956,0.1370447679339749,0.13704476749529956,0.137044767279161,0.13704476719289593,0.137044767279161,0.1370447673851101,0.137044767279161,0.13704476719289593,0.13602973392176101,0.13602973398292337,0.13602973404310645,0.13602973398292337,0.13602973392176101,0.13602973398292337,0.1360297341036169,0.13602973426579526,0.1360297341036169,0.13602973398292337,0.13602973404310645,0.13602973426579526,0.13602973471726507,0.13602973426579526,0.13602973404310645,0.13602973398292337,0.1360297341036169,0.13602973426579526,0.1360297341036169,0.13602973398292337,0.13602973392176101,0.13602973398292337,0.13602973404310645,0.13602973398292337,0.13602973392176101,0.13503425344056472,0.13503425347906547,0.13503425351092774,0.13503425347906547,0.13503425344056472,0.13503425347906547,0.1350342535412198,0.13503425360300503,0.1350342535412198,0.13503425347906547,0.13503425351092774,0.13503425360300503,0.1350342537155973,0.13503425360300503,0.13503425351092774,0.13503425347906547,0.1350342535412198,0.13503425360300503,0.1350342535412198,0.13503425347906547,0.13503425344056472,0.13503425347906547,0.13503425351092774,0.13503425347906547,0.13503425344056472
0.16533248747192214,0.16533248747192214,0.16533248747192214,0.16533248747192214,0.16533248747192214,0.16533248747192214,0.16533248747192214,0.16533248747192214,0.16533248747192214,0.16533248747192214,0.16533248747192214,0.16533248747192214,0.16533248747192214,0.16533248747192214,0.16533248747192214,0.16533248747192214,0.16533248747192214,0.16533248747192214,0.16533248747192214,0.16533248747192214,0.16533248747192214,0.16533248747192214,0.16533248747192214,0.16533248747192214,0.16533248747192214,0.16375749375936904,0.16375749375936904,0.16375749375936904,0.16375749375936904,0.16375749375936904,0.16375749375936904,0.16375749375936904,0.16375749375936904,0.16375749375936904,0.16375749375936904,0.16375749375936904,0.16375749375936904,0.16375749375936904,0.16375749375936904,0.16375749375936904,0.16375749375936904,0.16375749375936904,0.16375749375936904,0.16375749375936904,0.16375749375936904,0.16375749375936904,0.16375749375936904,0.16375749375936904,0.16375749375936904,0.16375749375936904,0.1622138839785967,0.1622138839785967,0.1622138839785967,0.1622138839785967,0.1622138839785967,0.1622138839785967,0.1622138839785967,0.1622138839785967,0.1622138839785967,0.1622138839785967,0.1622138839785967,0.1622138839785967,0.1622138839785967,0.1622138839785967,0.1622138839785967,0.1622138839785967,0.1622138839785967,0.1622138839785967,0.1622138839785967,0.1622138839785967,0.1622138839785967,0.1622138839785967,0.1622138839785967,0.1622138839785967,0.1622138839785967,0.16070106708664514,0.16070106708664492,0.16070106708664492,0.16070106708664492,0.16070106708664514,0.16070106708664492,0.16070106708664492,0.16070106708664492,0.16070106708664492,0.16070106708664492,0.16070106708664492,0.16070106708664492,0.16070106708664492,0.16070106708664492,0.16070106708664492,0.16070106708664492,0.16070106708664492,0.16070106708664492,0.16070106708664492,0.16070106708664514,0.16070106708664514,0.16070106708664492,0.16070106708664492,0.16070106708664514,0.16070106708664514,0.159218451458492,0.15921845145849178,0.15921845145849178,0.15921845145849178,0.159218451458492,0.15921845145849178,0.1592184514584916,0.1592184514584916,0.1592184514584916,0.15921845145849178,0.15921845145849178,0.1592184514584916,0.15921845145849134,0.1592184514584916,0.15921845145849178,0.15921845145849178,0.1592184514584916,0.1592184514584916,0.1592184514584916,0.15921845145849178,0.159218451458492,0.15921845145849178,0.15921845145849178,0.15921845145849178,0.159218451458492,0.1577654462389048,0.15776544623890434,0.15776544623890393,0.15776544623890434,0.1577654462389048,0.15776544623890434,0.15776544623890373,0.1577654462389033,0.15776544623890373,0.15776544623890434,0.15776544623890393,0.1577654462389033,0.15776544623890307,0.1577654462389033,0.15776544623890393,0.15776544623890434,0.15776544623890373,0.1577654462389033,0.15776544623890373,0.15776544623890434,0.1577654462389048,0.15776544623890434,0.15776544623890393,0.15776544623890434,0.1577654462389048,0.15634146255676332,0.15634146255676168,0.15634146255676062,0.15634146255676168,0.15634146255676332,0.15634146255676168,0.15634146255675999,0.1563414625567587,0.15634146255675976,0.15634146255676168,0.15634146255676062,0.1563414625567587,0.15634146255675768,0.1563414625567587,0.15634146255676062,0.15634146255676168,0.15634146255675976,0.1563414625567587,0.15634146255675976,0.15634146255676168,0.15634146255676332,0.15634146255676168,0.15634146255676062,0.15634146255676168,0.15634146255676332,0.15494591461212112,0.1549459146121162,0.15494591461211293,0.1549459146121162,0.15494591461212112,0.1549459146121162,0.15494591461211069,0.1549459146121074,0.15494591461211069,0.1549459146121162,0.15494591461211293,0.1549459146121074,0.1549459146121039,0.1549459146121074,0.15494591461211293,0.1549459146121162,0.15494591461211069,0.1549459146121074,0.15494591461211069,0.1549459146121162,0.15494591461212112,0.1549459146121162,0.15494591461211293,0.1549459146121162,0.15494591461212112,0.15357822064571444,0.1535782206456988,0.15357822064568913,0.1535782206456988,0.15357822064571444,0.1535782206456988,0.15357822064568208,0.15357822064567148,0.15357822064568208,0.1535782206456988,0.15357822064568913,0.15357822064567148,0.1535782206456602,0.15357822064567148,0.15357822064568913,0.1535782206456988,0.15357822064568208,0.15357822064567148,0.15357822064568208,0.1535782206456988,0.15357822064571444,0.1535782206456988,0.15357822064568913,0.1535782206456988,0.15357822064571444,0.15223780380007243,0.15223780380002522,0.15223780379999527,0.15223780380002522,0.15223780380007243,0.15223780380002522,0.15223780379997323,0.1522378037999396,0.15223780379997323,0.15223780380002522,0.15223780379999527,0.1522378037999396,0.15223780379990356,0.1522378037999396,0.15223780379999527,0.15223780380002522,0.15223780379997323,0.1522378037999396,0.15223780379997323,0.15223780380002522,0.15223780380007243,0.15223780380002522,0.15223780379999527,0.15223780380002522,0.15223780380007243,0.15092409288085415,0.15092409288071332,0.15092409288062222,0.15092409288071332,0.15092409288085415,0.15092409288071332,0.1509240928805526,0.1509240928804467,0.1509240928805526,0.15092409288071332,0.15092409288062222,0.1509240928804467,0.15092409288032999,0.1509240928804467,0.15092409288062222,0.15092409288071332,0.1509240928805526,0.1509240928804467,0.1509240928805526,0.15092409288071332,0.15092409288085415,0.15092409288071332,0.15092409288062222,0.15092409288071332,0.15092409288085415,0.14963652302652264,0.14963652302610891,0.14963652302583552,0.14963652302610891,0.14963652302652264,0.14963652302610891,0.14963652302561636,0.14963652302527827,0.14963652302561636,0.14963652302610891,0.14963652302583552,0.14963652302527827,0.14963652302488875,0.14963652302527827,0.14963652302583552,0.14963652302610891,0.14963652302561636,0.14963652302527827,0.14963652302561636,0.14963652302610891,0.14963652302652264,0.14963652302610891,0.14963652302583552,0.14963652302610891,0.14963652302652264,0.14837453629401734,0.14837453629283567,0.1483745362920219,0.14837453629283567,0.14837453629401734,0.14837453629283567,0.14837453629133746,0.14837453629023994,0.14837453629133746,0.14837453629283567,0.1483745362920219,0.14837453629023994,0.1483745362888722,0.14837453629023994,0.1483745362920219,0.14837453629283567,0.14837453629133746,0.14837453629023994,0.14837453629133746,0.14837453629283567,0.14837453629401734,0.14837453629283567,0.1483745362920219,0.14837453629283567,0.14837453629401734,0.14713758216775039,0.14713758216451273,0.1471375821621403,0.14713758216451273,0.14713758216775039,0.14713758216451273,0.1471375821600387,0.14713758215639774,0.1471375821600387,0.14713758216451273,0.1471375821621403,0.14713758215639774,0.14713758215123085,0.14713758215639774,0.1471375821621403,0.14713758216451273,0.1471375821600387,0.14713758215639774,0.1471375821600387,0.14713758216451273,0.14713758216775039,0.14713758216451273,0.1471375821621403,0.14713758216451273,0.14713758216775039,0.1459251179990872,0.14592511799079655,0.14592511798414157,0.14592511799079655,0.1459251179990872,0.14592511799079655,0.14592511797793548,0.14592511796564248,0.14592511797793548,0.14592511799079655,0.14592511798414157,0.14592511796564248,0.14592511794406218,0.14592511796564248,0.14592511798414157,0.14592511799079655,0.14592511797793548,0.14592511796564248,0.14592511797793548,0.14592511799079655,0.1459251179990872,0.14592511799079655,0.14592511798414157,0.14592511799079655,0.1459251179990872,0.1447366093833663,0.1447366093644088,0.14473660934716534,0.1447366093644088,0.1447366093833663,0.1447366093644088,0.14473660933031346,0.14473660928927068,0.14473660933031346,0.1447366093644088,0.14473660934716534,0.14473660928927068,0.14473660918749345,0.14473660928927068,0.14473660934716534,0.1447366093644088,0.14473660933031346,0.14473660928927068,0.14473660933031346,0.1447366093644088,0.1447366093833663,0.1447366093644088,0.14473660934716534,0.1447366093644088,0.1447366093833663,0.14357153048016513,0.14357153044466317,0.14357153040739837,0.14357153044466317,0.14357153048016513,0.14357153044466317,0.1435715303696755,0.14357153024787356,0.1435715303696755,0.14357153044466317,0.14357153040739837,0.14357153024787356,0.14357152970307627,0.14357153024787356,0.14357153040739837,0.14357153044466317,0.1435715303696755,0.14357153024787356,0.1435715303696755,0.14357153044466317,0.14357153048016513,0.14357153044466317,0.14357153040739837,0.14357153044466317,0.14357153048016513,0.1424293642753728,0.14242936422902241,0.14242936417996638,0.14242936422902241,0.1424293642753728,0.14242936422902241,0.1424293641299932,0.1424293639718814,0.1424293641299932,0.14242936422902241,0.14242936417996638,0.1424293639718814,0.14242936331160633,0.1424293639718814,0.14242936417996638,0.14242936422902241,0.1424293641299932,0.1424293639718814,0.1424293641299932,0.14242936422902241,0.1424293642753728,0.14242936422902241,0.14242936417996638,0.14242936422902241,0.1424293642753728,0.1413096027703117,0.14130960272227372,0.1413096026697511,0.14130960272227372,0.1413096027703117,0.14130960272227372,0.14130960261579809,0.14130960243919718,0.14130960261579809,0.14130960272227372,0.1413096026697511,0.14130960243919718,0.1413096016785559,0.14130960243919718,0.1413096026697511,0.14130960272227372,0.14130960261579809,0.14130960243919718,0.14130960261579809,0.14130960272227372,0.1413096027703117,0.14130960272227372,0.1413096026697511,0.14130960272227372,0.1413096027703117,0.14021174714334733,0.1402117471089419,0.14021174706789954,0.1402117471089419,0.14021174714334733,0.1402117471089419,0.14021174702510722,0.1402117468675009,0.14021174702510722,0.1402117471089419,0.14021174706789954,0.1402117468675009,0.14021174608204298,0.1402117468675009,0.14021174706789954,0.1402117471089419,0.14021174702510722,0.1402117468675009,0.14021174702510722,0.1402117471089419,0.14021174714334733,0.1402117471089419,0.14021174706789954,0.1402117471089419,0.14021174714334733,0.13913530786606648,0.13913530786781028,0.1391353078671157,0.13913530786781028,0.13913530786606648,0.13913530786781028,0.13913530786577935,0.13913530785358466,0.13913530786577935,0.13913530786781028,0.1391353078671157,0.13913530785358466,0.13913530779282637,0.13913530785358466,0.1391353078671157,0.13913530786781028,0.13913530786577935,0.13913530785358466,0.13913530786577935,0.13913530786781028,0.13913530786606648,0.13913530786781028,0.1391353078671157,0.13913530786781028,0.13913530786606648,0.13807980478124046,0.13807980482779458,0.13807980487586627,0.13807980482779458,0.13807980478124046,0.13807980482779458,0.1380798049249468,0.1380798050625366,0.1380798049249468,0.13807980482779458,0.13807980487586627,0.1380798050625366,0.1380798054608556,0.1380798050625366,0.13807980487586627,0.13807980482779458,0.1380798049249468,0.1380798050625366,0.1380798049249468,0.13807980482779458,0.13807980478124046,0.13807980482779458,0.13807980487586627,0.13807980482779458,0.13807980478124046,0.13704476719170883,0.13704476727790682,0.13704476738377322,0.13704476727790682,0.13704476719170883,0.13704476727790682,0.13704476749387665,0.13704476793220727,0.13704476749387665,0.13704476727790682,0.13704476738377322,0.13704476793220727,0.13704477037437027,0.13704476793220727,0.13704476738377322,0.13704476727790682,0.13704476749387665,0.13704476793220727,0.13704476749387665,0.13704476727790682,0.13704476719170883,0.13704476727790682,0.13704476738377322,0.13704476727790682,0.13704476719170883,0.13602973392044218,0.13602973398155682,0.1360297340416926,0.13602973398155682,0.13602973392044218,0.13602973398155682,0.13602973410215566,0.13602973426420636,0.13602973410215566,0.13602973398155682,0.1360297340416926,0.13602973426420636,0.13602973471532073,0.13602973426420636,0.1360297340416926,0.13602973398155682,0.13602973410215566,0.13602973426420636,0.13602973410215566,0.13602973398155682,0.13602973392044218,0.13602973398155682,0.1360297340416926,0.13602973398155682,0.13602973392044218,0.1350342534392107,0.13503425347768133,0.13503425350951856,0.13503425347768133,0.1350342534392107,0.13503425347768133,0.13503425353978682,0.1350342536015235,0.13503425353978696,0.13503425347768133,0.13503425350951856,0.1350342536015235,0.13503425371402727,0.1350342536015235,0.13503425350951856,0.13503425347768133,0.13503425353978696,0.1350342536015235,0.13503425353978682,0.13503425347768133,0.1350342534392107,0.13503425347768133,0.13503425350951856,0.13503425347768133,0.1350342534392107
0.16533248747231455,0.16533248747231455,0.16533248747231455,0.16533248747231455,0.16533248747231455,0.16533248747231455,0.16533248747231455,0.16533248747231455,0.16533248747231455,0.16533248747231455,0.16533248747231455,0.16533248747231455,0.16533248747231455,0.16533248747231455,0.16533248747231455,0.16533248747231455,0.16533248747231455,0.16533248747231455,0.16533248747231455,0.16533248747231455,0.16533248747231455,0.16533248747231455,0.16533248747231455,0.16533248747231455,0.16533248747231455,0.16375749375975368,0.16375749375975368,0.16375749375975368,0.16375749375975368,0.16375749375975368,0.16375749375975368,0.16375749375975368,0.16375749375975368,0.16375749375975368,0.16375749375975368,0.16375749375975368,0.16375749375975368,0.16375749375975368,0.16375749375975368,0.16375749375975368,0.16375749375975368,0.16375749375975368,0.16375749375975368,0.16375749375975368,0.16375749375975368,0.16375749375975368,0.16375749375975368,0.16375749375975368,0.16375749375975368,0.16375749375975368,0.16221388397897346,0.16221388397897346,0.16221388397897324,0.16221388397897346,0.16221388397897346,0.16221388397897346,0.16221388397897324,0.16221388397897324,0.16221388397897324,0.16221388397897346,0.16221388397897324,0.16221388397897324,0.16221388397897324,0.16221388397897324,0.16221388397897324,0.16221388397897346,0.16221388397897324,0.16221388397897324,0.16221388397897324,0.16221388397897346,0.16221388397897346,0.16221388397897346,0.16221388397897324,0.16221388397897346,0.16221388397897346,0.1607010670870139,0.1607010670870139,0.16070106708701368,0.1607010670870139,0.1607010670870139,0.1607010670870139,0.16070106708701368,0.16070106708701368,0.16070106708701368,0.1607010670870139,0.16070106708701368,0.16070106708701368,0.16070106708701368,0.16070106708701368,0.16070106708701368,0.1607010670870139,0.16070106708701368,0.16070106708701368,0.16070106708701368,0.1607010670870139,0.1607010670870139,0.1607010670870139,0.16070106708701368,0.1607010670870139,0.1607010670870139,0.15921845145885322,0.159218451458853,0.159218451458853,0.159218451458853,0.15921845145885322,0.159218451458853,0.15921845145885274,0.15921845145885274,0.15921845145885274,0.159218451458853,0.159218451458853,0.15921845145885274,0.15921845145885255,0.15921845145885274,0.159218451458853,0.159218451458853,0.15921845145885274,0.15921845145885274,0.15921845145885274,0.159218451458853,0.15921845145885322,0.159218451458853,0.159218451458853,0.159218451458853,0.15921845145885322,0.15776544623925853,0.15776544623925812,0.1577654462392577,0.15776544623925812,0.15776544623925853,0.15776544623925812,0.15776544623925748,0.15776544623925706,0.15776544623925748,0.15776544623925812,0.1577654462392577,0.15776544623925706,0.1577654462392568,0.15776544623925706,0.1577654462392577,0.15776544623925812,0.15776544623925748,0.15776544623925706,0.15776544623925748,0.15776544623925812,0.15776544623925853,0.15776544623925812,0.1577654462392577,0.15776544623925812,0.15776544623925853,0.15634146255710982,0.15634146255710812,0.1563414625571071,0.15634146255710812,0.15634146255710982,0.15634146255710812,0.15634146255710626,0.1563414625571052,0.15634146255710646,0.15634146255710812,0.1563414625571071,0.1563414625571052,0.15634146255710418,0.1563414625571052,0.1563414625571071,0.15634146255710812,0.15634146255710646,0.1563414625571052,0.15634146255710626,0.15634146255710812,0.15634146255710982,0.15634146255710812,0.1563414625571071,0.15634146255710812,0.15634146255710982,0.1549459146124605,0.15494591461245538,0.1549459146124523,0.15494591461245538,0.1549459146124605,0.15494591461245538,0.15494591461245005,0.15494591461244678,0.15494591461245005,0.15494591461245538,0.1549459146124523,0.15494591461244678,0.15494591461244328,0.15494591461244678,0.1549459146124523,0.15494591461245538,0.15494591461245005,0.15494591461244678,0.15494591461245005,0.15494591461245538,0.1549459146124605,0.15494591461245538,0.1549459146124523,0.15494591461245538,0.1549459146124605,0.15357822064604665,0.15357822064603097,0.15357822064602134,0.15357822064603097,0.15357822064604665,0.15357822064603097,0.1535782206460143,0.15357822064600365,0.1535782206460143,0.15357822064603097,0.15357822064602134,0.15357822064600365,0.1535782206459924,0.15357822064600365,0.15357822064602134,0.15357822064603097,0.1535782206460143,0.15357822064600365,0.1535782206460143,0.15357822064603097,0.15357822064604665,0.15357822064603097,0.15357822064602134,0.15357822064603097,0.15357822064604665,0.15223780380039742,0.15223780380035037,0.15223780380032045,0.15223780380035037,0.15223780380039742,0.15223780380035037,0.15223780380029842,0.15223780380026475,0.15223780380029842,0.15223780380035037,0.15223780380032045,0.15223780380026475,0.15223780380022872,0.15223780380026475,0.15223780380032045,0.15223780380035037,0.15223780380029842,0.15223780380026475,0.15223780380029842,0.15223780380035037,0.15223780380039742,0.15223780380035037,0.15223780380032045,0.15223780380035037,0.15223780380039742,0.15092409288117245,0.15092409288103142,0.15092409288094077,0.15092409288103142,0.15092409288117245,0.15092409288103142,0.1509240928808709,0.150924092880765,0.1509240928808709,0.15092409288103142,0.15092409288094077,0.150924092880765,0.15092409288064848,0.150924092880765,0.15092409288094077,0.15092409288103142,0.1509240928808709,0.150924092880765,0.1509240928808709,0.15092409288103142,0.15092409288117245,0.15092409288103142,0.15092409288094077,0.15092409288103142,0.15092409288117245,0.1496365230268339,0.14963652302642053,0.1496365230261471,0.14963652302642053,0.1496365230268339,0.14963652302642053,0.14963652302592817,0.14963652302559027,0.14963652302592817,0.14963652302642053,0.1496365230261471,0.14963652302559027,0.14963652302520075,0.14963652302559027,0.1496365230261471,0.14963652302642053,0.14963652302592817,0.14963652302559027,0.14963652302592817,0.14963652302642053,0.1496365230268339,0.14963652302642053,0.1496365230261471,0.14963652302642053,0.1496365230268339,0.14837453629432146,0.14837453629314037,0.14837453629232694,0.14837453629314037,0.14837453629432146,0.14837453629314037,0.1483745362916431,0.1483745362905461,0.1483745362916431,0.14837453629314037,0.14837453629232694,0.1483745362905461,0.14837453628917893,0.1483745362905461,0.14837453629232694,0.14837453629314037,0.1483745362916431,0.1483745362905461,0.1483745362916431,0.14837453629314037,0.14837453629432146,0.14837453629314037,0.14837453629232694,0.14837453629314037,0.14837453629432146,0.14713758216804612,0.1471375821648101,0.1471375821624389,0.1471375821648101,0.14713758216804612,0.1471375821648101,0.14713758216033843,0.14713758215669928,0.14713758216033843,0.1471375821648101,0.1471375821624389,0.14713758215669928,0.14713758215153513,0.14713758215669928,0.1471375821624389,0.1471375821648101,0.14713758216033843,0.14713758215669928,0.14713758216033843,0.1471375821648101,0.14713758216804612,0.1471375821648101,0.1471375821624389,0.1471375821648101,0.14713758216804612,0.14592511799937066,0.14592511799108462,0.14592511798443322,0.14592511799108462,0.14592511799937066,0.14592511799108462,0.14592511797823055,0.14592511796594393,0.14592511797823055,0.14592511799108462,0.14592511798443322,0.14592511796594393,0.14592511794437432,0.14592511796594393,0.14592511798443322,0.14592511799108462,0.14592511797823055,0.14592511796594393,0.14592511797823055,0.14592511799108462,0.14592511799937066,0.14592511799108462,0.14592511798443322,0.14592511799108462,0.14592511799937066,0.14473660938362864,0.14473660936468197,0.14473660934744778,0.14473660936468197,0.14473660938362864,0.14473660936468197,0.14473660933060495,0.1447366092895833,0.14473660933060495,0.14473660936468197,0.14473660934744778,0.1447366092895833,0.14473660918785633,0.1447366092895833,0.14473660934744778,0.14473660936468197,0.14473660933060495,0.1447366092895833,0.14473660933060495,0.14473660936468197,0.14473660938362864,0.14473660936468197,0.14473660934744778,0.14473660936468197,0.14473660938362864,0.14357153048038382,0.14357153044490323,0.14357153040765966,0.14357153044490323,0.14357153048038382,0.14357153044490323,0.14357153036995818,0.14357153024822025,0.14357153036995818,0.14357153044490323,0.14357153040765966,0.14357153024822025,0.14357152970370288,0.14357153024822025,0.14357153040765966,0.14357153044490323,0.14357153036995818,0.14357153024822025,0.14357153036995818,0.14357153044490323,0.14357153048038382,0.14357153044490323,0.14357153040765966,0.14357153044490323,0.14357153048038382,0.14242936427550348,0.1424293642291853,0.14242936418016247,0.1424293642291853,0.14242936427550348,0.1424293642291853,0.1424293641302227,0.14242936397221154,0.1424293641302227,0.1424293642291853,0.14242936418016247,0.14242936397221154,0.14242936331230166,0.14242936397221154,0.14242936418016247,0.1424293642291853,0.1424293641302227,0.14242936397221154,0.1424293641302227,0.1424293642291853,0.14242936427550348,0.1424293642291853,0.14242936418016247,0.1424293642291853,0.14242936427550348,0.14130960277028656,0.1413096027222892,0.14130960266981096,0.1413096027222892,0.14130960277028656,0.1413096027222892,0.14130960261590383,0.14130960243945326,0.14130960261590383,0.1413096027222892,0.14130960266981096,0.14130960243945326,0.14130960167945028,0.14130960243945326,0.14130960266981096,0.1413096027222892,0.14130960261590383,0.14130960243945326,0.14130960261590383,0.1413096027222892,0.14130960277028656,0.1413096027222892,0.14130960266981096,0.1413096027222892,0.14130960277028656,0.14021174714308063,0.1402117471087107,0.14021174706771103,0.1402117471087107,0.14021174714308063,0.1402117471087107,0.14021174702496353,0.14021174686752733,0.14021174702496353,0.1402117471087107,0.14021174706771103,0.14021174686752733,0.14021174608295275,0.14021174686752733,0.14021174706771103,0.1402117471087107,0.14021174702496353,0.14021174686752733,0.14021174702496353,0.1402117471087107,0.14021174714308063,0.1402117471087107,0.14021174706771103,0.1402117471087107,0.14021174714308063,0.13913530786548226,0.13913530786723036,0.13913530786654224,0.13913530786723036,0.13913530786548226,0.13913530786723036,0.13913530786521283,0.13913530785304393,0.13913530786521283,0.13913530786723036,0.13913530786654224,0.13913530785304393,0.13913530779237954,0.13913530785304393,0.13913530786654224,0.13913530786723036,0.13913530786521283,0.13913530785304393,0.13913530786521283,0.13913530786723036,0.13913530786548226,0.13913530786723036,0.13913530786654224,0.13913530786723036,0.13913530786548226,0.13807980478032555,0.13807980482684556,0.1380798048748819,0.13807980482684556,0.13807980478032555,0.13807980482684556,0.13807980492392602,0.13807980506141207,0.13807980492392602,0.13807980482684556,0.1380798048748819,0.13807980506141207,0.13807980545942627,0.13807980506141207,0.1380798048748819,0.13807980482684556,0.13807980492392602,0.13807980506141207,0.13807980492392602,0.13807980482684556,0.13807980478032555,0.13807980482684556,0.1380798048748819,0.13807980482684556,0.13807980478032555,0.13704476719052852,0.1370447672766598,0.1370447673824435,0.1370447672766598,0.13704476719052852,0.1370447672766598,0.13704476749246086,0.13704476793044726,0.13704476749246086,0.1370447672766598,0.1370447673824435,0.13704476793044726,0.13704477037069926,0.13704476793044726,0.1370447673824435,0.1370447672766598,0.13704476749246086,0.13704476793044726,0.13704476749246086,0.1370447672766598,0.13704476719052852,0.1370447672766598,0.1370447673824435,0.1370447672766598,0.13704476719052852,0.13602973391913065,0.13602973398019755,0.13602973404028623,0.13602973398019755,0.13602973391913065,0.13602973398019755,0.13602973410070188,0.13602973426262527,0.13602973410070188,0.13602973398019755,0.13602973404028623,0.13602973426262527,0.13602973471338428,0.13602973426262527,0.13602973404028623,0.13602973398019755,0.13602973410070188,0.13602973426262527,0.13602973410070188,0.13602973398019755,0.13602973391913065,0.13602973398019755,0.13602973404028623,0.13602973398019755,0.13602973391913065,0.13503425343786413,0.13503425347630466,0.135034253508117,0.13503425347630466,0.13503425343786413,0.13503425347630466,0.13503425353836157,0.13503425360004953,0.13503425353836157,0.13503425347630466,0.135034253508117,0.13503425360004953,0.1350342537124647,0.13503425360004953,0.135034253508117,0.13503425347630466,0.13503425353836157,0.13503425360004953,0.13503425353836157,0.13503425347630466,0.13503425343786413,0.13503425347630466,0.135034253508117,0.13503425347630466,0.13503425343786413
0.1653324874727035,0.1653324874727035,0.1653324874727035,0.1653324874727035,0.1653324874727035,0.1653324874727035,0.1653324874727035,0.1653324874727035,0.1653324874727035,0.1653324874727035,0.1653324874727035,0.1653324874727035,0.1653324874727035,0.1653324874727035,0.1653324874727035,0.1653324874727035,0.1653324874727035,0.1653324874727035,0.1653324874727035,0.1653324874727035,0.1653324874727035,0.1653324874727035,0.1653324874727035,0.1653324874727035,0.1653324874727035,0.16375749376013507,0.16375749376013507,0.16375749376013507,0.16375749376013507,0.16375749376013507,0.16375749376013507,0.16375749376013507,0.16375749376013507,0.16375749376013507,0.16375749376013507,0.16375749376013507,0.16375749376013507,0.16375749376013507,0.16375749376013507,0.16375749376013507,0.16375749376013507,0.16375749376013507,0.16375749376013507,0.16375749376013507,0.16375749376013507,0.16375749376013507,0.16375749376013507,0.16375749376013507,0.16375749376013507,0.16375749376013507,0.16221388397934725,0.16221388397934725,0.16221388397934725,0.16221388397934725,0.16221388397934725,0.16221388397934725,0.16221388397934725,0.16221388397934725,0.16221388397934725,0.16221388397934725,0.16221388397934725,0.16221388397934725,0.16221388397934725,0.16221388397934725,0.16221388397934725,0.16221388397934725,0.16221388397934725,0.16221388397934725,0.16221388397934725,0.16221388397934725,0.16221388397934725,0.16221388397934725,0.16221388397934725,0.16221388397934725,0.16221388397934725,0.16070106708738047,0.16070106708738024,0.16070106708738024,0.16070106708738024,0.16070106708738047,0.16070106708738024,0.16070106708738024,0.16070106708738024,0.16070106708738024,0.16070106708738024,0.16070106708738024,0.16070106708738024,0.16070106708738024,0.16070106708738024,0.16070106708738024,0.16070106708738024,0.16070106708738024,0.16070106708738024,0.16070106708738024,0.16070106708738047,0.16070106708738047,0.16070106708738024,0.16070106708738024,0.16070106708738047,0.16070106708738047,0.15921845145921243,0.1592184514592122,0.1592184514592122,0.1592184514592122,0.15921845145921243,0.1592184514592122,0.159218451459212,0.159218451459212,0.159218451459212,0.1592184514592122,0.1592184514592122,0.159218451459212,0.1592184514592118,0.159218451459212,0.1592184514592122,0.1592184514592122,0.159218451459212,0.159218451459212,0.159218451459212,0.1592184514592122,0.15921845145921243,0.1592184514592122,0.1592184514592122,0.1592184514592122,0.15921845145921243,0.15776544623961058,0.15776544623960997,0.15776544623960975,0.15776544623960997,0.15776544623961058,0.15776544623960997,0.15776544623960953,0.15776544623960911,0.15776544623960953,0.15776544623960997,0.15776544623960975,0.15776544623960911,0.1577654462396089,0.15776544623960911,0.15776544623960975,0.15776544623960997,0.15776544623960953,0.15776544623960911,0.15776544623960953,0.15776544623960997,0.15776544623961058,0.15776544623960997,0.15776544623960975,0.15776544623960997,0.15776544623961058,0.15634146255745465,0.15634146255745296,0.1563414625574519,0.15634146255745296,0.15634146255745465,0.15634146255745296,0.1563414625574513,0.15634146255745027,0.1563414625574513,0.15634146255745296,0.1563414625574519,0.15634146255745027,0.1563414625574492,0.15634146255745027,0.1563414625574519,0.15634146255745296,0.1563414625574513,0.15634146255745027,0.1563414625574513,0.15634146255745296,0.15634146255745465,0.15634146255745296,0.1563414625574519,0.15634146255745296,0.15634146255745465,0.15494591461279844,0.1549459146127933,0.15494591461279023,0.1549459146127933,0.15494591461279844,0.1549459146127933,0.15494591461278798,0.1549459146127847,0.15494591461278798,0.1549459146127933,0.15494591461279023,0.1549459146127847,0.1549459146127812,0.1549459146127847,0.15494591461279023,0.1549459146127933,0.15494591461278798,0.1549459146127847,0.15494591461278798,0.1549459146127933,0.15494591461279844,0.1549459146127933,0.15494591461279023,0.1549459146127933,0.15494591461279844,0.15357822064637783,0.15357822064636215,0.15357822064635232,0.15357822064636215,0.15357822064637783,0.15357822064636215,0.15357822064634546,0.15357822064633483,0.15357822064634546,0.15357822064636215,0.15357822064635232,0.15357822064633483,0.1535782206463236,0.15357822064633483,0.15357822064635232,0.15357822064636215,0.15357822064634546,0.15357822064633483,0.15357822064634546,0.15357822064636215,0.15357822064637783,0.15357822064636215,0.15357822064635232,0.15357822064636215,0.15357822064637783,0.15223780380072202,0.15223780380067478,0.15223780380064486,0.15223780380067478,0.15223780380072202,0.15223780380067478,0.1522378038006228,0.15223780380058916,0.1522378038006228,0.15223780380067478,0.15223780380064486,0.15223780380058916,0.15223780380055332,0.15223780380058916,0.15223780380064486,0.15223780380067478,0.1522378038006228,0.15223780380058916,0.1522378038006228,0.15223780380067478,0.15223780380072202,0.15223780380067478,0.15223780380064486,0.15223780380067478,0.15223780380072202,0.15092409288149017,0.15092409288134936,0.1509240928812585,0.15092409288134936,0.15092409288149017,0.15092409288134936,0.15092409288118885,0.15092409288108313,0.15092409288118885,0.15092409288134936,0.1509240928812585,0.15092409288108313,0.1509240928809666,0.15092409288108313,0.1509240928812585,0.15092409288134936,0.15092409288118885,0.15092409288108313,0.15092409288118885,0.15092409288134936,0.15092409288149017,0.15092409288134936,0.1509240928812585,0.15092409288134936,0.15092409288149017,0.14963652302714492,0.14963652302673175,0.14963652302645855,0.14963652302673175,0.14963652302714492,0.14963652302673175,0.14963652302623978,0.14963652302590208,0.14963652302623978,0.14963652302673175,0.14963652302645855,0.14963652302590208,0.14963652302551272,0.14963652302590208,0.14963652302645855,0.14963652302673175,0.14963652302623978,0.14963652302590208,0.14963652302623978,0.14963652302673175,0.14963652302714492,0.14963652302673175,0.14963652302645855,0.14963652302673175,0.14963652302714492,0.1483745362946254,0.14837453629344505,0.148374536292632,0.14837453629344505,0.1483745362946254,0.14837453629344505,0.1483745362919485,0.1483745362908521,0.1483745362919485,0.14837453629344505,0.148374536292632,0.1483745362908521,0.14837453628948566,0.1483745362908521,0.148374536292632,0.14837453629344505,0.1483745362919485,0.1483745362908521,0.1483745362919485,0.14837453629344505,0.1483745362946254,0.14837453629344505,0.148374536292632,0.14837453629344505,0.1483745362946254,0.14713758216834188,0.14713758216510764,0.14713758216273773,0.14713758216510764,0.14713758216834188,0.14713758216510764,0.14713758216063832,0.1471375821570012,0.14713758216063832,0.14713758216510764,0.14713758216273773,0.1471375821570012,0.14713758215183959,0.1471375821570012,0.14713758216273773,0.14713758216510764,0.14713758216063832,0.1471375821570012,0.14713758216063832,0.14713758216510764,0.14713758216834188,0.14713758216510764,0.14713758216273773,0.14713758216510764,0.14713758216834188,0.14592511799965488,0.14592511799137328,0.14592511798472543,0.14592511799137328,0.14592511799965488,0.14592511799137328,0.14592511797852614,0.14592511796624577,0.14592511797852614,0.14592511799137328,0.14592511798472543,0.14592511796624577,0.145925117944687,0.14592511796624577,0.14592511798472543,0.14592511799137328,0.14592511797852614,0.14592511796624577,0.14592511797852614,0.14592511799137328,0.14592511799965488,0.14592511799137328,0.14592511798472543,0.14592511799137328,0.14592511799965488,0.14473660938389152,0.14473660936495547,0.14473660934773092,0.14473660936495547,0.14473660938389152,0.14473660936495547,0.14473660933089696,0.14473660928989676,0.14473660933089696,0.14473660936495547,0.14473660934773092,0.14473660928989676,0.14473660918821993,0.14473660928989676,0.14473660934773092,0.14473660936495547,0.14473660933089696,0.14473660928989676,0.14473660933089696,0.14473660936495547,0.14473660938389152,0.14473660936495547,0.14473660934773092,0.14473660936495547,0.14473660938389152,0.14357153048060356,0.14357153044514434,0.14357153040792195,0.14357153044514434,0.14357153048060356,0.14357153044514434,0.1435715303702417,0.14357153024856778,0.1435715303702417,0.14357153044514434,0.14357153040792195,0.14357153024856778,0.14357152970431342,0.14357153024856778,0.14357153040792195,0.14357153044514434,0.1435715303702417,0.14357153024856778,0.1435715303702417,0.14357153044514417,0.14357153048060356,0.14357153044514434,0.14357153040792195,0.14357153044514417,0.14357153048060356,0.14242936427563535,0.14242936422934938,0.1424293641803596,0.14242936422934938,0.14242936427563535,0.14242936422934938,0.14242936413045337,0.1424293639725427,0.14242936413045337,0.14242936422934938,0.1424293641803596,0.1424293639725427,0.14242936331305436,0.1424293639725427,0.1424293641803596,0.14242936422934938,0.14242936413045337,0.1424293639725427,0.14242936413045337,0.14242936422934938,0.14242936427563535,0.14242936422934938,0.1424293641803596,0.14242936422934938,0.14242936427563535,0.14130960277026286,0.1413096027223058,0.14130960266987214,0.1413096027223058,0.14130960277026286,0.1413096027223058,0.14130960261601075,0.14130960243971016,0.14130960261601075,0.1413096027223058,0.14130960266987214,0.14130960243971016,0.14130960168035483,0.14130960243971016,0.14130960266987214,0.1413096027223058,0.14130960261601075,0.14130960243971016,0.14130960261601075,0.1413096027223058,0.14130960277026286,0.1413096027223058,0.14130960266987214,0.1413096027223058,0.14130960277026286,0.14021174714281567,0.14021174710848092,0.14021174706752412,0.14021174710848092,0.14021174714281567,0.14021174710848092,0.1402117470248213,0.14021174686755492,0.1402117470248213,0.14021174710848092,0.14021174706752412,0.14021174686755492,0.14021174608384818,0.14021174686755492,0.14021174706752412,0.14021174710848092,0.1402117470248213,0.14021174686755492,0.1402117470248213,0.14021174710848092,0.14021174714281567,0.14021174710848092,0.14021174706752412,0.14021174710848092,0.14021174714281567,0.13913530786490008,0.1391353078666526,0.13913530786597084,0.1391353078666526,0.13913530786490008,0.1391353078666526,0.13913530786464837,0.13913530785250539,0.13913530786464837,0.1391353078666526,0.13913530786597084,0.13913530785250539,0.13913530779193445,0.13913530785250539,0.13913530786597084,0.1391353078666526,0.13913530786464837,0.13913530785250539,0.13913530786464837,0.1391353078666526,0.13913530786490008,0.1391353078666526,0.13913530786597084,0.1391353078666526,0.13913530786490008,0.1380798047794133,0.13807980482589952,0.13807980487390017,0.13807980482589952,0.1380798047794133,0.13807980482589952,0.138079804922908,0.1380798050602905,0.138079804922908,0.13807980482589952,0.13807980487390017,0.1380798050602905,0.13807980545800005,0.1380798050602905,0.13807980487390017,0.13807980482589952,0.138079804922908,0.1380798050602905,0.138079804922908,0.13807980482589952,0.1380798047794133,0.13807980482589952,0.13807980487390017,0.13807980482589952,0.1380798047794133,0.1370447671893514,0.1370447672754158,0.13704476738111707,0.1370447672754158,0.1370447671893514,0.1370447672754158,0.13704476749104855,0.1370447679286912,0.13704476749104855,0.1370447672754158,0.13704476738111707,0.1370447679286912,0.13704477036701504,0.1370447679286912,0.13704476738111707,0.1370447672754158,0.13704476749104855,0.1370447679286912,0.13704476749104855,0.1370447672754158,0.1370447671893514,0.1370447672754158,0.13704476738111707,0.1370447672754158,0.1370447671893514,0.13602973391782253,0.13602973397884174,0.1360297340388833,0.13602973397884174,0.13602973391782253,0.13602973397884174,0.1360297340992515,0.13602973426104786,0.1360297340992515,0.13602973397884174,0.1360297340388833,0.13602973426104786,0.13602973471145216,0.13602973426104786,0.1360297340388833,0.13602973397884174,0.1360297340992515,0.13602973426104786,0.1360297340992515,0.13602973397884174,0.13602973391782253,0.13602973397884174,0.1360297340388833,0.13602973397884174,0.13602973391782253,0.13503425343652078,0.13503425347493117,0.13503425350671855,0.13503425347493117,0.13503425343652078,0.13503425347493117,0.1350342535369394,0.13503425359857898,0.1350342535369394,0.13503425347493117,0.13503425350671855,0.13503425359857898,0.1350342537109058,0.13503425359857898,0.13503425350671855,0.13503425347493117,0.1350342535369394,0.13503425359857898,0.1350342535369394,0.13503425347493117,0.13503425343652078,0.13503425347493117,0.13503425350671855,0.13503425347493117,0.13503425343652078
0.16533248747309215,0.16533248747309215,0.16533248747309215,0.16533248747309215,0.16533248747309215,0.16533248747309215,0.16533248747309215,0.16533248747309215,0.16533248747309215,0.16533248747309215,0.16533248747309215,0.16533248747309215,0.16533248747309215,0.16533248747309215,0.16533248747309215,0.16533248747309215,0.16533248747309215,0.16533248747309215,0.16533248747309215,0.16533248747309215,0.16533248747309215,0.16533248747309215,0.16533248747309215,0.16533248747309215,0.16533248747309215,0.16375749376051577,0.16375749376051577,0.16375749376051577,0.16375749376051577,0.16375749376051577,0.16375749376051577,0.16375749376051577,0.16375749376051577,0.16375749376051577,0.16375749376051577,0.16375749376051577,0.16375749376051577,0.16375749376051577,0.16375749376051577,0.16375749376051577,0.16375749376051577,0.16375749376051577,0.16375749376051577,0.16375749376051577,0.16375749376051577,0.16375749376051577,0.16375749376051577,0.16375749376051577,0.16375749376051577,0.16375749376051577,0.1622138839797204,0.1622138839797204,0.1622138839797204,0.1622138839797204,0.1622138839797204,0.1622138839797204,0.1622138839797204,0.1622138839797204,0.1622138839797204,0.1622138839797204,0.1622138839797204,0.1622138839797204,0.1622138839797204,0.1622138839797204,0.1622138839797204,0.1622138839797204,0.1622138839797204,0.1622138839797204,0.1622138839797204,0.1622138839797204,0.1622138839797204,0.1622138839797204,0.1622138839797204,0.1622138839797204,0.16221388397972059,0.16070106708774612,0.16070106708774612,0.16070106708774612,0.16070106708774612,0.16070106708774612,0.16070106708774612,0.16070106708774612,0.16070106708774612,0.16070106708774612,0.16070106708774612,0.16070106708774612,0.16070106708774612,0.1607010670877459,0.16070106708774612,0.16070106708774612,0.16070106708774612,0.16070106708774612,0.16070106708774612,0.16070106708774612,0.16070106708774612,0.16070106708774612,0.16070106708774612,0.16070106708774612,0.16070106708774612,0.16070106708774612,0.1592184514595708,0.1592184514595708,0.1592184514595706,0.1592184514595708,0.1592184514595708,0.1592184514595708,0.1592184514595706,0.15921845145957034,0.1592184514595706,0.1592184514595708,0.1592184514595706,0.15921845145957034,0.15921845145957034,0.15921845145957034,0.1592184514595706,0.1592184514595708,0.1592184514595706,0.15921845145957034,0.1592184514595706,0.1592184514595708,0.1592184514595708,0.1592184514595708,0.1592184514595706,0.1592184514595708,0.1592184514595708,0.15776544623996178,0.1577654462399614,0.15776544623996097,0.1577654462399614,0.15776544623996178,0.1577654462399614,0.15776544623996075,0.1577654462399603,0.15776544623996075,0.1577654462399614,0.15776544623996097,0.1577654462399603,0.1577654462399601,0.1577654462399603,0.15776544623996097,0.1577654462399614,0.15776544623996075,0.1577654462399603,0.15776544623996075,0.1577654462399614,0.15776544623996178,0.1577654462399614,0.15776544623996097,0.1577654462399614,0.15776544623996178,0.15634146255779882,0.15634146255779716,0.1563414625577961,0.15634146255779716,0.15634146255779882,0.15634146255779716,0.1563414625577955,0.15634146255779444,0.1563414625577955,0.15634146255779716,0.1563414625577961,0.15634146255779444,0.15634146255779338,0.15634146255779444,0.1563414625577961,0.15634146255779716,0.1563414625577955,0.15634146255779444,0.1563414625577955,0.15634146255779716,0.15634146255779882,0.15634146255779716,0.1563414625577961,0.15634146255779716,0.15634146255779882,0.15494591461313575,0.15494591461313062,0.15494591461312754,0.15494591461313062,0.15494591461313575,0.15494591461313062,0.1549459146131253,0.15494591461312202,0.1549459146131253,0.15494591461313062,0.15494591461312754,0.15494591461312202,0.15494591461311852,0.15494591461312202,0.15494591461312754,0.15494591461313062,0.1549459146131253,0.15494591461312202,0.1549459146131253,0.15494591461313062,0.15494591461313575,0.15494591461313062,0.15494591461312754,0.15494591461313062,0.15494591461313575,0.15357822064670823,0.15357822064669274,0.15357822064668292,0.15357822064669274,0.15357822064670823,0.15357822064669274,0.15357822064667606,0.15357822064666543,0.15357822064667606,0.15357822064669274,0.15357822064668292,0.15357822064666543,0.1535782206466542,0.15357822064666543,0.15357822064668292,0.15357822064669274,0.15357822064667606,0.15357822064666543,0.15357822064667606,0.15357822064669274,0.15357822064670823,0.15357822064669274,0.15357822064668292,0.15357822064669274,0.15357822064670823,0.15223780380104582,0.15223780380099858,0.15223780380096866,0.15223780380099858,0.15223780380104582,0.15223780380099858,0.1522378038009468,0.15223780380091317,0.1522378038009468,0.15223780380099858,0.15223780380096866,0.15223780380091317,0.15223780380087715,0.15223780380091317,0.15223780380096866,0.15223780380099858,0.1522378038009468,0.15223780380091317,0.1522378038009468,0.15223780380099858,0.15223780380104582,0.15223780380099858,0.15223780380096866,0.15223780380099858,0.15223780380104582,0.15092409288180733,0.1509240928816667,0.15092409288157585,0.1509240928816667,0.15092409288180733,0.1509240928816667,0.1509240928815064,0.1509240928814005,0.1509240928815064,0.1509240928816667,0.15092409288157585,0.1509240928814005,0.15092409288128417,0.1509240928814005,0.15092409288157585,0.1509240928816667,0.1509240928815064,0.1509240928814005,0.1509240928815064,0.1509240928816667,0.15092409288180733,0.1509240928816667,0.15092409288157585,0.1509240928816667,0.15092409288180733,0.1496365230274556,0.14963652302704264,0.14963652302676958,0.14963652302704264,0.1496365230274556,0.14963652302704264,0.1496365230265508,0.1496365230262133,0.1496365230265508,0.14963652302704264,0.14963652302676958,0.1496365230262133,0.14963652302582434,0.1496365230262133,0.14963652302676958,0.14963652302704264,0.1496365230265508,0.1496365230262133,0.1496365230265508,0.14963652302704264,0.1496365230274556,0.14963652302704264,0.14963652302676958,0.14963652302704264,0.1496365230274556,0.14837453629492917,0.14837453629374933,0.14837453629293687,0.14837453629374933,0.14837453629492917,0.14837453629374933,0.14837453629225356,0.1483745362911577,0.14837453629225356,0.14837453629374933,0.14837453629293687,0.1483745362911577,0.148374536289792,0.1483745362911577,0.14837453629293687,0.14837453629374933,0.14837453629225356,0.1483745362911577,0.14837453629225356,0.14837453629374933,0.14837453629492917,0.14837453629374933,0.14837453629293687,0.14837453629374933,0.14837453629492917,0.14713758216863743,0.147137582165405,0.14713758216303638,0.147137582165405,0.14713758216863743,0.147137582165405,0.14713758216093809,0.14713758215730274,0.14713758216093809,0.147137582165405,0.14713758216303638,0.14713758215730274,0.14713758215214368,0.14713758215730274,0.14713758216303638,0.147137582165405,0.14713758216093809,0.14713758215730274,0.14713758216093809,0.147137582165405,0.14713758216863743,0.147137582165405,0.14713758216303638,0.147137582165405,0.14713758216863743,0.14592511799993868,0.14592511799166172,0.14592511798501745,0.14592511799166172,0.14592511799993868,0.14592511799166172,0.14592511797882138,0.1459251179665474,0.14592511797882138,0.14592511799166172,0.14592511798501745,0.1459251179665474,0.1459251179449995,0.1459251179665474,0.14592511798501745,0.14592511799166172,0.14592511797882138,0.1459251179665474,0.14592511797882138,0.14592511799166172,0.14592511799993868,0.14592511799166172,0.14592511798501745,0.14592511799166172,0.14592511799993868,0.1447366093841544,0.1447366093652292,0.14473660934801386,0.1447366093652292,0.1447366093841544,0.1447366093652292,0.14473660933118918,0.1447366092902101,0.14473660933118918,0.1447366093652292,0.14473660934801386,0.1447366092902101,0.1447366091885835,0.1447366092902101,0.14473660934801386,0.1447366093652292,0.14473660933118918,0.1447366092902101,0.14473660933118918,0.1447366093652292,0.1447366093841544,0.1447366093652292,0.14473660934801386,0.1447366093652292,0.1447366093841544,0.14357153048082308,0.14357153044538523,0.1435715304081843,0.14357153044538523,0.14357153048082308,0.14357153044538523,0.14357153037052525,0.1435715302489153,0.14357153037052525,0.14357153044538523,0.1435715304081843,0.1435715302489153,0.14357152970488798,0.1435715302489153,0.1435715304081843,0.14357153044538523,0.14357153037052525,0.1435715302489153,0.14357153037052525,0.14357153044538523,0.14357153048082308,0.14357153044538523,0.1435715304081843,0.14357153044538523,0.14357153048082308,0.14242936427576722,0.14242936422951363,0.14242936418055668,0.14242936422951363,0.14242936427576722,0.14242936422951363,0.14242936413068402,0.14242936397287398,0.14242936413068402,0.14242936422951363,0.14242936418055668,0.14242936397287398,0.14242936331378056,0.14242936397287398,0.14242936418055668,0.14242936422951363,0.14242936413068402,0.14242936397287398,0.14242936413068402,0.14242936422951363,0.14242936427576722,0.14242936422951363,0.14242936418055668,0.14242936422951363,0.14242936427576722,0.14130960277023935,0.14130960272232274,0.1413096026699333,0.14130960272232274,0.14130960277023935,0.14130960272232274,0.14130960261611764,0.14130960243996707,0.14130960261611764,0.14130960272232274,0.1413096026699333,0.14130960243996707,0.1413096016812676,0.14130960243996707,0.1413096026699333,0.14130960272232274,0.14130960261611764,0.14130960243996707,0.14130960261611764,0.14130960272232274,0.14130960277023935,0.14130960272232274,0.1413096026699333,0.14130960272232274,0.14130960277023935,0.14021174714255122,0.14021174710825163,0.14021174706733755,0.14021174710825163,0.14021174714255122,0.14021174710825163,0.1402117470246794,0.14021174686758248,0.1402117470246794,0.14021174710825163,0.14021174706733755,0.14021174686758248,0.1402117460847464,0.14021174686758248,0.14021174706733755,0.14021174710825163,0.1402117470246794,0.14021174686758248,0.1402117470246794,0.14021174710825163,0.14021174714255122,0.14021174710825163,0.14021174706733755,0.14021174710825163,0.14021174714255122,0.13913530786431902,0.1391353078660758,0.13913530786540035,0.1391353078660758,0.13913530786431902,0.1391353078660758,0.13913530786408487,0.13913530785196748,0.13913530786408487,0.1391353078660758,0.13913530786540035,0.13913530785196748,0.13913530779148983,0.13913530785196748,0.13913530786540035,0.1391353078660758,0.13913530786408487,0.13913530785196748,0.13913530786408487,0.1391353078660758,0.13913530786431902,0.1391353078660758,0.13913530786540035,0.1391353078660758,0.13913530786431902,0.13807980477850243,0.1380798048249547,0.13807980487292001,0.1380798048249547,0.13807980477850243,0.1380798048249547,0.1380798049218914,0.13807980505917064,0.1380798049218914,0.1380798048249547,0.13807980487292001,0.13807980505917064,0.138079805456576,0.13807980505917064,0.13807980487292001,0.1380798048249547,0.1380798049218914,0.13807980505917064,0.1380798049218914,0.1380798048249547,0.13807980477850243,0.1380798048249547,0.13807980487292001,0.1380798048249547,0.13807980477850243,0.137044767188176,0.13704476727417395,0.1370447673797928,0.13704476727417395,0.137044767188176,0.13704476727417395,0.1370447674896382,0.13704476792693757,0.1370447674896382,0.13704476727417395,0.1370447673797928,0.13704476792693757,0.13704477036333063,0.13704476792693757,0.13704476737979265,0.13704476727417395,0.1370447674896382,0.13704476792693757,0.1370447674896382,0.13704476727417395,0.137044767188176,0.13704476727417395,0.13704476737979265,0.13704476727417395,0.137044767188176,0.1360297339165162,0.13602973397748785,0.13602973403748245,0.13602973397748785,0.1360297339165162,0.13602973397748785,0.1360297340978034,0.13602973425947268,0.1360297340978034,0.13602973397748785,0.13602973403748245,0.13602973425947268,0.13602973470952273,0.13602973425947268,0.13602973403748245,0.13602973397748785,0.1360297340978034,0.13602973425947268,0.1360297340978034,0.13602973397748785,0.1360297339165162,0.13602973397748785,0.13602973403748245,0.13602973397748785,0.1360297339165162,0.13503425343517964,0.1350342534735599,0.1350342535053224,0.1350342534735599,0.13503425343517964,0.1350342534735599,0.1350342535355194,0.13503425359711071,0.1350342535355194,0.1350342534735599,0.1350342535053224,0.13503425359711071,0.13503425370934924,0.13503425359711071,0.1350342535053224,0.1350342534735599,0.1350342535355194,0.13503425359711071,0.1350342535355194,0.1350342534735599,0.13503425343517964,0.1350342534735599,0.1350342535053224,0.1350342534735599,0.13503425343517964
0.1653324874734801,0.1653324874734801,0.1653324874734801,0.1653324874734801,0.1653324874734801,0.1653324874734801,0.1653324874734801,0.1653324874734801,0.1653324874734801,0.1653324874734801,0.1653324874734801,0.1653324874734801,0.1653324874734801,0.1653324874734801,0.1653324874734801,0.1653324874734801,0.1653324874734801,0.1653324874734801,0.1653324874734801,0.1653324874734801,0.1653324874734801,0.1653324874734801,0.1653324874734801,0.1653324874734801,0.1653324874734801,0.163757493760896,0.163757493760896,0.163757493760896,0.163757493760896,0.163757493760896,0.163757493760896,0.163757493760896,0.163757493760896,0.163757493760896,0.163757493760896,0.163757493760896,0.163757493760896,0.163757493760896,0.163757493760896,0.163757493760896,0.163757493760896,0.163757493760896,0.163757493760896,0.163757493760896,0.163757493760896,0.163757493760896,0.163757493760896,0.163757493760896,0.163757493760896,0.163757493760896,0.16221388398009323,0.16221388398009323,0.16221388398009323,0.16221388398009323,0.16221388398009323,0.16221388398009323,0.162213883980093,0.162213883980093,0.162213883980093,0.16221388398009323,0.16221388398009323,0.162213883980093,0.162213883980093,0.162213883980093,0.16221388398009323,0.16221388398009323,0.162213883980093,0.162213883980093,0.16221388398009323,0.16221388398009323,0.16221388398009323,0.16221388398009323,0.16221388398009323,0.16221388398009323,0.16221388398009323,0.16070106708811135,0.16070106708811135,0.16070106708811135,0.16070106708811135,0.16070106708811135,0.16070106708811135,0.16070106708811135,0.16070106708811135,0.16070106708811135,0.16070106708811135,0.16070106708811135,0.16070106708811135,0.16070106708811113,0.16070106708811135,0.16070106708811135,0.16070106708811135,0.16070106708811135,0.16070106708811135,0.16070106708811135,0.16070106708811135,0.16070106708811135,0.16070106708811135,0.16070106708811135,0.16070106708811135,0.16070106708811135,0.15921845145992872,0.15921845145992872,0.15921845145992852,0.15921845145992872,0.15921845145992872,0.15921845145992872,0.15921845145992852,0.1592184514599283,0.15921845145992852,0.15921845145992872,0.15921845145992852,0.1592184514599283,0.1592184514599283,0.1592184514599283,0.15921845145992852,0.15921845145992872,0.15921845145992852,0.1592184514599283,0.15921845145992852,0.15921845145992872,0.15921845145992872,0.15921845145992872,0.15921845145992852,0.15921845145992872,0.15921845145992872,0.15776544624031258,0.15776544624031194,0.15776544624031172,0.15776544624031194,0.15776544624031258,0.15776544624031194,0.15776544624031152,0.15776544624031108,0.15776544624031152,0.15776544624031194,0.15776544624031172,0.15776544624031108,0.15776544624031089,0.15776544624031108,0.15776544624031172,0.15776544624031194,0.15776544624031152,0.15776544624031108,0.15776544624031152,0.15776544624031194,0.15776544624031258,0.15776544624031194,0.15776544624031172,0.15776544624031194,0.15776544624031258,0.1563414625581426,0.15634146255814094,0.15634146255813988,0.15634146255814094,0.1563414625581426,0.15634146255814094,0.15634146255813927,0.1563414625581382,0.15634146255813927,0.15634146255814094,0.15634146255813988,0.1563414625581382,0.15634146255813694,0.1563414625581382,0.15634146255813988,0.15634146255814094,0.15634146255813927,0.1563414625581382,0.15634146255813927,0.15634146255814094,0.1563414625581426,0.15634146255814094,0.15634146255813988,0.15634146255814094,0.1563414625581426,0.15494591461347243,0.15494591461346752,0.15494591461346427,0.15494591461346752,0.15494591461347243,0.15494591461346752,0.1549459146134622,0.15494591461345872,0.1549459146134622,0.15494591461346752,0.15494591461346427,0.15494591461345872,0.15494591461345525,0.15494591461345872,0.15494591461346427,0.15494591461346752,0.1549459146134622,0.15494591461345872,0.1549459146134622,0.15494591461346752,0.15494591461347243,0.15494591461346752,0.15494591461346427,0.15494591461346752,0.15494591461347243,0.1535782206470382,0.15357822064702273,0.15357822064701288,0.15357822064702273,0.1535782206470382,0.15357822064702273,0.15357822064700605,0.15357822064699542,0.15357822064700605,0.15357822064702273,0.15357822064701288,0.15357822064699542,0.15357822064698415,0.15357822064699542,0.15357822064701288,0.15357822064702273,0.15357822064700605,0.15357822064699542,0.15357822064700605,0.15357822064702273,0.1535782206470382,0.15357822064702273,0.15357822064701288,0.15357822064702273,0.1535782206470382,0.15223780380136923,0.15223780380132215,0.15223780380129226,0.15223780380132215,0.15223780380136923,0.15223780380132215,0.15223780380127022,0.15223780380123653,0.15223780380127022,0.15223780380132215,0.15223780380129226,0.15223780380123653,0.15223780380120072,0.15223780380123653,0.15223780380129226,0.15223780380132215,0.15223780380127022,0.15223780380123653,0.15223780380127022,0.15223780380132215,0.15223780380136923,0.15223780380132215,0.15223780380129226,0.15223780380132215,0.15223780380136923,0.15092409288212433,0.15092409288198366,0.15092409288189282,0.15092409288198366,0.15092409288212433,0.15092409288198366,0.15092409288182335,0.15092409288171765,0.15092409288182335,0.15092409288198366,0.15092409288189282,0.15092409288171765,0.15092409288160133,0.15092409288171765,0.15092409288189282,0.15092409288198366,0.15092409288182335,0.15092409288171765,0.15092409288182335,0.15092409288198366,0.15092409288212433,0.15092409288198366,0.15092409288189282,0.15092409288198366,0.15092409288212433,0.14963652302776587,0.1496365230273531,0.14963652302708025,0.1496365230273531,0.14963652302776587,0.1496365230273531,0.14963652302686148,0.14963652302652414,0.14963652302686148,0.1496365230273531,0.14963652302708025,0.14963652302652414,0.1496365230261354,0.14963652302652414,0.14963652302708025,0.1496365230273531,0.14963652302686148,0.14963652302652414,0.14963652302686148,0.1496365230273531,0.14963652302776587,0.1496365230273531,0.14963652302708025,0.1496365230273531,0.14963652302776587,0.14837453629523256,0.1483745362940533,0.14837453629324118,0.1483745362940533,0.14837453629523256,0.1483745362940533,0.14837453629255842,0.14837453629146313,0.14837453629255842,0.1483745362940533,0.14837453629324118,0.14837453629146313,0.14837453629009817,0.14837453629146313,0.14837453629324118,0.1483745362940533,0.14837453629255842,0.14837453629146313,0.14837453629255842,0.1483745362940533,0.14837453629523256,0.1483745362940533,0.14837453629324118,0.1483745362940533,0.14837453629523256,0.14713758216893263,0.14713758216570183,0.14713758216333467,0.14713758216570183,0.14713758216893263,0.14713758216570183,0.14713758216123746,0.14713758215760395,0.14713758216123746,0.14713758216570183,0.14713758216333467,0.14713758215760395,0.1471375821524476,0.14713758215760395,0.14713758216333467,0.14713758216570183,0.14713758216123746,0.14713758215760395,0.14713758216123746,0.14713758216570183,0.14713758216893263,0.14713758216570183,0.14713758216333467,0.14713758216570183,0.14713758216893263,0.14592511800022234,0.14592511799195002,0.1459251179853093,0.14592511799195002,0.14592511800022234,0.14592511799195002,0.1459251179791164,0.14592511796684884,0.1459251179791164,0.14592511799195002,0.1459251179853093,0.14592511796684884,0.14592511794531182,0.14592511796684884,0.1459251179853093,0.14592511799195002,0.1459251179791164,0.14592511796684884,0.1459251179791164,0.14592511799195002,0.14592511800022234,0.14592511799195002,0.1459251179853093,0.14592511799195002,0.14592511800022234,0.1447366093844171,0.14473660936550253,0.1447366093482966,0.14473660936550253,0.1447366093844171,0.14473660936550253,0.144736609331481,0.14473660929052323,0.144736609331481,0.14473660936550253,0.1447366093482966,0.14473660929052323,0.14473660918894693,0.14473660929052323,0.1447366093482966,0.14473660936550253,0.144736609331481,0.14473660929052323,0.144736609331481,0.14473660936550253,0.1447366093844171,0.14473660936550253,0.1447366093482966,0.14473660936550253,0.1447366093844171,0.1435715304810426,0.143571530445626,0.14357153040844625,0.143571530445626,0.1435715304810426,0.143571530445626,0.14357153037080844,0.14357153024926267,0.14357153037080844,0.143571530445626,0.14357153040844625,0.14357153024926267,0.14357152970553602,0.14357153024926267,0.14357153040844625,0.143571530445626,0.14357153037080844,0.14357153024926267,0.14357153037080844,0.143571530445626,0.1435715304810426,0.143571530445626,0.14357153040844625,0.143571530445626,0.1435715304810426,0.1424293642758989,0.1424293642296775,0.1424293641807536,0.1424293642296775,0.1424293642758989,0.1424293642296775,0.14242936413091434,0.1424293639732048,0.14242936413091434,0.1424293642296775,0.1424293641807536,0.1424293639732048,0.14242936331449924,0.1424293639732048,0.1424293641807536,0.1424293642296775,0.14242936413091434,0.1424293639732048,0.14242936413091434,0.1424293642296775,0.1424293642758989,0.1424293642296775,0.1424293641807536,0.1424293642296775,0.1424293642758989,0.14130960277021568,0.14130960272233953,0.14130960266999448,0.14130960272233953,0.14130960277021568,0.14130960272233953,0.14130960261622438,0.1413096024402233,0.14130960261622438,0.14130960272233953,0.14130960266999448,0.1413096024402233,0.14130960168215131,0.1413096024402233,0.14130960266999448,0.14130960272233953,0.14130960261622438,0.1413096024402233,0.14130960261622438,0.14130960272233953,0.14130960277021568,0.14130960272233953,0.14130960266999448,0.14130960272233953,0.14130960277021568,0.14021174714228693,0.1402117471080223,0.140211747067151,0.1402117471080223,0.14021174714228693,0.1402117471080223,0.14021174702453734,0.14021174686760943,0.14021174702453734,0.1402117471080223,0.140211747067151,0.14021174686760943,0.14021174608567535,0.14021174686760943,0.140211747067151,0.1402117471080223,0.14021174702453734,0.14021174686760943,0.14021174702453734,0.1402117471080223,0.14021174714228693,0.1402117471080223,0.140211747067151,0.1402117471080223,0.14021174714228693,0.13913530786373846,0.1391353078654995,0.13913530786483036,0.1391353078654995,0.13913530786373846,0.1391353078654995,0.13913530786352166,0.1391353078514299,0.13913530786352166,0.1391353078654995,0.13913530786483036,0.1391353078514299,0.13913530779104524,0.1391353078514299,0.13913530786483036,0.1391353078654995,0.13913530786352166,0.1391353078514299,0.13913530786352166,0.1391353078654995,0.13913530786373846,0.1391353078654995,0.13913530786483036,0.1391353078654995,0.13913530786373846,0.1380798047775925,0.13807980482401094,0.1380798048719409,0.13807980482401094,0.1380798047775925,0.13807980482401094,0.13807980492087601,0.13807980505805184,0.13807980492087601,0.13807980482401094,0.1380798048719409,0.13807980505805184,0.13807980545515333,0.13807980505805184,0.1380798048719409,0.13807980482401094,0.13807980492087601,0.13807980505805184,0.13807980492087601,0.13807980482401094,0.1380798047775925,0.13807980482401094,0.1380798048719409,0.13807980482401094,0.1380798047775925,0.13704476718700195,0.13704476727293316,0.13704476737846977,0.13704476727293316,0.13704476718700195,0.13704476727293316,0.1370447674882296,0.1370447679251859,0.1370447674882296,0.13704476727293316,0.13704476737846977,0.1370447679251859,0.13704477035968746,0.1370447679251859,0.13704476737846977,0.13704476727293316,0.1370447674882296,0.1370447679251859,0.1370447674882296,0.13704476727293316,0.13704476718700195,0.13704476727293316,0.13704476737846977,0.13704476727293316,0.13704476718700195,0.13602973391521153,0.13602973397613546,0.13602973403608323,0.13602973397613546,0.13602973391521153,0.13602973397613546,0.13602973409635694,0.13602973425789935,0.13602973409635694,0.13602973397613546,0.13602973403608323,0.13602973425789935,0.13602973470759552,0.13602973425789935,0.13602973403608323,0.13602973397613546,0.13602973409635694,0.13602973425789935,0.13602973409635694,0.13602973397613546,0.13602973391521153,0.13602973397613546,0.13602973403608323,0.13602973397613546,0.13602973391521153,0.1350342534338398,0.13503425347219009,0.13503425350392773,0.13503425347219009,0.13503425343383993,0.13503425347219009,0.1350342535341012,0.13503425359564408,0.1350342535341012,0.13503425347219009,0.13503425350392773,0.13503425359564408,0.13503425370779443,0.13503425359564408,0.13503425350392773,0.13503425347219009,0.1350342535341012,0.13503425359564408,0.1350342535341012,0.13503425347219009,0.13503425343383993,0.13503425347219009,0.13503425350392773,0.13503425347219009,0.13503425343383993
0.1653324874738678,0.1653324874738678,0.1653324874738678,0.1653324874738678,0.1653324874738678,0.1653324874738678,0.1653324874738678,0.1653324874738678,0.1653324874738678,0.1653324874738678,0.1653324874738678,0.1653324874738678,0.1653324874738678,0.1653324874738678,0.1653324874738678,0.1653324874738678,0.1653324874738678,0.1653324874738678,0.1653324874738678,0.1653324874738678,0.1653324874738678,0.1653324874738678,0.1653324874738678,0.1653324874738678,0.1653324874738678,0.16375749376127602,0.16375749376127602,0.16375749376127602,0.16375749376127602,0.16375749376127602,0.16375749376127602,0.16375749376127602,0.16375749376127602,0.16375749376127602,0.16375749376127602,0.16375749376127602,0.16375749376127602,0.16375749376127602,0.16375749376127602,0.16375749376127602,0.16375749376127602,0.16375749376127602,0.16375749376127602,0.16375749376127602,0.16375749376127602,0.16375749376127602,0.16375749376127602,0.16375749376127602,0.16375749376127602,0.16375749376127602,0.16221388398046546,0.16221388398046546,0.16221388398046546,0.16221388398046546,0.16221388398046546,0.16221388398046546,0.16221388398046546,0.16221388398046546,0.16221388398046546,0.16221388398046546,0.16221388398046546,0.16221388398046546,0.16221388398046546,0.16221388398046546,0.16221388398046546,0.16221388398046546,0.16221388398046546,0.16221388398046546,0.16221388398046546,0.16221388398046546,0.16221388398046546,0.16221388398046546,0.16221388398046546,0.16221388398046546,0.16221388398046546,0.16070106708847634,0.16070106708847634,0.16070106708847612,0.16070106708847634,0.16070106708847634,0.16070106708847634,0.16070106708847612,0.16070106708847612,0.16070106708847612,0.16070106708847634,0.16070106708847612,0.16070106708847612,0.16070106708847612,0.16070106708847612,0.16070106708847634,0.16070106708847634,0.16070106708847612,0.16070106708847612,0.16070106708847612,0.16070106708847634,0.16070106708847634,0.16070106708847634,0.16070106708847634,0.16070106708847634,0.16070106708847634,0.15921845146028643,0.1592184514602862,0.1592184514602862,0.1592184514602862,0.15921845146028643,0.1592184514602862,0.15921845146028601,0.15921845146028601,0.15921845146028601,0.1592184514602862,0.1592184514602862,0.15921845146028601,0.1592184514602858,0.15921845146028601,0.1592184514602862,0.1592184514602862,0.15921845146028601,0.15921845146028601,0.15921845146028601,0.1592184514602862,0.15921845146028643,0.1592184514602862,0.1592184514602862,0.1592184514602862,0.15921845146028643,0.1577654462406629,0.1577654462406625,0.1577654462406621,0.1577654462406625,0.1577654462406629,0.1577654462406625,0.15776544624066188,0.15776544624066163,0.15776544624066188,0.1577654462406625,0.1577654462406621,0.15776544624066163,0.15776544624066124,0.15776544624066163,0.1577654462406621,0.1577654462406625,0.15776544624066188,0.15776544624066163,0.15776544624066188,0.1577654462406625,0.1577654462406629,0.1577654462406625,0.1577654462406621,0.1577654462406625,0.1577654462406629,0.15634146255848594,0.1563414625584843,0.15634146255848322,0.1563414625584843,0.15634146255848594,0.1563414625584843,0.1563414625584826,0.15634146255848155,0.1563414625584826,0.1563414625584843,0.15634146255848322,0.15634146255848155,0.15634146255848053,0.15634146255848155,0.15634146255848322,0.1563414625584843,0.1563414625584826,0.15634146255848155,0.1563414625584826,0.1563414625584843,0.15634146255848594,0.1563414625584843,0.15634146255848322,0.1563414625584843,0.15634146255848594,0.15494591461380913,0.15494591461380403,0.15494591461380075,0.15494591461380403,0.15494591461380913,0.15494591461380403,0.1549459146137987,0.15494591461379542,0.1549459146137987,0.15494591461380403,0.15494591461380075,0.15494591461379542,0.15494591461379192,0.15494591461379542,0.15494591461380075,0.15494591461380403,0.1549459146137987,0.15494591461379542,0.1549459146137987,0.15494591461380403,0.15494591461380913,0.15494591461380403,0.15494591461380075,0.15494591461380403,0.15494591461380913,0.15357822064736817,0.15357822064735252,0.1535782206473429,0.15357822064735252,0.15357822064736817,0.15357822064735252,0.15357822064733584,0.1535782206473252,0.15357822064733584,0.15357822064735252,0.1535782206473429,0.1535782206473252,0.15357822064731397,0.1535782206473252,0.1535782206473429,0.15357822064735252,0.15357822064733584,0.1535782206473252,0.15357822064733584,0.15357822064735252,0.15357822064736817,0.15357822064735252,0.1535782206473429,0.15357822064735252,0.15357822064736817,0.15223780380169244,0.1522378038016454,0.15223780380161547,0.1522378038016454,0.15223780380169244,0.1522378038016454,0.1522378038015934,0.15223780380155977,0.1522378038015934,0.1522378038016454,0.15223780380161547,0.15223780380155977,0.15223780380152394,0.15223780380155977,0.15223780380161547,0.1522378038016454,0.1522378038015934,0.15223780380155977,0.1522378038015934,0.1522378038016454,0.15223780380169244,0.1522378038016454,0.15223780380161547,0.1522378038016454,0.15223780380169244,0.1509240928824409,0.15092409288230027,0.1509240928822096,0.15092409288230027,0.1509240928824409,0.15092409288230027,0.15092409288214015,0.1509240928820344,0.15092409288214015,0.15092409288230027,0.1509240928822096,0.1509240928820344,0.15092409288191827,0.1509240928820344,0.1509240928822096,0.15092409288230027,0.15092409288214015,0.1509240928820344,0.15092409288214015,0.15092409288230027,0.1509240928824409,0.15092409288230027,0.1509240928822096,0.15092409288230027,0.1509240928824409,0.14963652302807595,0.14963652302766356,0.14963652302739053,0.14963652302766356,0.14963652302807595,0.14963652302766356,0.14963652302717215,0.14963652302683503,0.14963652302717215,0.14963652302766356,0.14963652302739053,0.14963652302683503,0.14963652302644626,0.14963652302683503,0.14963652302739053,0.14963652302766356,0.14963652302717215,0.14963652302683503,0.14963652302717215,0.14963652302766356,0.14963652302807595,0.14963652302766356,0.14963652302739053,0.14963652302766356,0.14963652302807595,0.14837453629553576,0.14837453629435723,0.1483745362935455,0.14837453629435723,0.14837453629553576,0.14837453629435723,0.14837453629286293,0.14837453629176836,0.14837453629286293,0.14837453629435704,0.1483745362935455,0.14837453629176836,0.14837453629040395,0.14837453629176836,0.1483745362935455,0.14837453629435723,0.14837453629286293,0.14837453629176836,0.14837453629286293,0.14837453629435723,0.14837453629553576,0.14837453629435704,0.1483745362935455,0.14837453629435723,0.14837453629553576,0.14713758216922782,0.14713758216599884,0.1471375821636328,0.14713758216599884,0.14713758216922782,0.14713758216599884,0.14713758216153663,0.14713758215790515,0.14713758216153663,0.14713758216599884,0.1471375821636328,0.14713758215790515,0.14713758215275133,0.14713758215790515,0.1471375821636328,0.14713758216599884,0.14713758216153663,0.14713758215790515,0.14713758216153663,0.14713758216599884,0.14713758216922782,0.14713758216599884,0.1471375821636328,0.14713758216599884,0.14713758216922782,0.14592511800050584,0.14592511799223795,0.14592511798560098,0.14592511799223795,0.14592511800050584,0.14592511799223795,0.14592511797941146,0.14592511796715013,0.14592511797941146,0.14592511799223795,0.14592511798560098,0.14592511796715013,0.14592511794562396,0.14592511796715013,0.14592511798560098,0.14592511799223795,0.14592511797941146,0.14592511796715013,0.14592511797941146,0.14592511799223795,0.14592511800050584,0.14592511799223795,0.14592511798560098,0.14592511799223795,0.14592511800050584,0.1447366093846796,0.14473660936577584,0.1447366093485794,0.14473660936577584,0.1447366093846796,0.14473660936577584,0.14473660933177285,0.1447366092908362,0.14473660933177285,0.14473660936577584,0.1447366093485794,0.1447366092908362,0.14473660918931033,0.1447366092908362,0.1447366093485794,0.14473660936577584,0.14473660933177285,0.1447366092908362,0.14473660933177285,0.14473660936577584,0.1447366093846796,0.14473660936577584,0.1447366093485794,0.14473660936577584,0.1447366093846796,0.14357153048126198,0.1435715304458666,0.14357153040870824,0.1435715304458666,0.1435715304812618,0.1435715304458666,0.1435715303710916,0.14357153024960984,0.1435715303710916,0.1435715304458666,0.14357153040870824,0.14357153024960984,0.14357152970613593,0.14357153024960984,0.14357153040870824,0.1435715304458666,0.1435715303710916,0.14357153024960984,0.1435715303710916,0.1435715304458666,0.1435715304812618,0.1435715304458666,0.14357153040870824,0.1435715304458666,0.1435715304812618,0.14242936427603056,0.1424293642298414,0.14242936418095056,0.1424293642298414,0.14242936427603056,0.1424293642298414,0.14242936413114465,0.14242936397353562,0.14242936413114465,0.1424293642298414,0.14242936418095056,0.14242936397353562,0.14242936331520847,0.14242936397353562,0.14242936418095056,0.1424293642298414,0.14242936413114465,0.14242936397353562,0.14242936413114465,0.1424293642298414,0.14242936427603056,0.1424293642298414,0.14242936418095056,0.1424293642298414,0.14242936427603056,0.14130960277019217,0.14130960272235613,0.14130960267005535,0.14130960272235613,0.14130960277019217,0.14130960272235613,0.14130960261633077,0.14130960244047922,0.14130960261633077,0.14130960272235613,0.14130960267005535,0.14130960244047922,0.14130960168306525,0.14130960244047922,0.14130960267005535,0.14130960272235613,0.14130960261633077,0.14130960244047922,0.14130960261633077,0.14130960272235613,0.14130960277019217,0.14130960272235613,0.14130960267005535,0.14130960272235613,0.14130960277019217,0.14021174714202295,0.1402117471077932,0.14021174706696443,0.1402117471077932,0.14021174714202295,0.1402117471077932,0.14021174702439512,0.14021174686763602,0.14021174702439512,0.1402117471077932,0.14021174706696443,0.14021174686763602,0.14021174608656628,0.14021174686763602,0.14021174706696443,0.1402117471077932,0.14021174702439512,0.14021174686763602,0.14021174702439512,0.1402117471077932,0.14021174714202295,0.1402117471077932,0.14021174706696443,0.1402117471077932,0.14021174714202295,0.13913530786315847,0.13913530786492362,0.13913530786426084,0.13913530786492362,0.13913530786315847,0.13913530786492362,0.1391353078629591,0.1391353078508928,0.1391353078629591,0.13913530786492362,0.13913530786426084,0.1391353078508928,0.1391353077906008,0.1391353078508928,0.13913530786426084,0.13913530786492362,0.1391353078629591,0.1391353078508928,0.1391353078629591,0.13913530786492362,0.13913530786315847,0.13913530786492362,0.13913530786426084,0.13913530786492362,0.13913530786315847,0.13807980477668347,0.1380798048230683,0.13807980487096277,0.1380798048230683,0.13807980477668347,0.1380798048230683,0.1380798049198616,0.13807980505693415,0.1380798049198616,0.1380798048230683,0.13807980487096277,0.13807980505693415,0.13807980545373225,0.13807980505693415,0.13807980487096277,0.1380798048230683,0.1380798049198616,0.13807980505693415,0.1380798049198616,0.1380798048230683,0.13807980477668347,0.1380798048230683,0.13807980487096277,0.1380798048230683,0.13807980477668347,0.13704476718582914,0.137044767271694,0.13704476737714838,0.137044767271694,0.13704476718582914,0.137044767271694,0.1370447674868226,0.13704476792343637,0.1370447674868226,0.137044767271694,0.13704476737714838,0.13704476792343637,0.13704477035602405,0.13704476792343637,0.13704476737714838,0.137044767271694,0.1370447674868226,0.13704476792343637,0.1370447674868226,0.137044767271694,0.13704476718582914,0.137044767271694,0.13704476737714838,0.137044767271694,0.13704476718582914,0.13602973391390819,0.13602973397478474,0.13602973403468566,0.13602973397478474,0.13602973391390819,0.13602973397478474,0.13602973409491223,0.1360297342563279,0.13602973409491223,0.13602973397478474,0.13602973403468566,0.1360297342563279,0.1360297347056707,0.13602973425632772,0.13602973403468566,0.13602973397478474,0.13602973409491223,0.13602973425632772,0.13602973409491223,0.13602973397478474,0.13602973391390819,0.13602973397478474,0.13602973403468566,0.13602973397478474,0.13602973391390819,0.1350342534325017,0.135034253470822,0.13503425350253478,0.135034253470822,0.1350342534325017,0.135034253470822,0.13503425353268458,0.13503425359417923,0.13503425353268458,0.135034253470822,0.13503425350253478,0.13503425359417923,0.1350342537062415,0.13503425359417923,0.13503425350253478,0.135034253470822,0.13503425353268458,0.13503425359417923,0.13503425353268458,0.135034253470822,0.1350342534325017,0.135034253470822,0.13503425350253478,0.135034253470822,0.1350342534325017
0.16533248747425508,0.16533248747425508,0.16533248747425508,0.16533248747425508,0.16533248747425508,0.16533248747425508,0.16533248747425508,0.16533248747425508,0.16533248747425508,0.16533248747425508,0.16533248747425508,0.16533248747425508,0.16533248747425508,0.16533248747425508,0.16533248747425508,0.16533248747425508,0.16533248747425508,0.16533248747425508,0.16533248747425508,0.16533248747425508,0.16533248747425508,0.16533248747425508,0.16533248747425508,0.16533248747425508,0.16533248747425508,0.16375749376165555,0.16375749376165555,0.16375749376165555,0.16375749376165555,0.16375749376165555,0.16375749376165555,0.16375749376165555,0.16375749376165555,0.16375749376165555,0.16375749376165555,0.16375749376165555,0.16375749376165555,0.16375749376165555,0.16375749376165555,0.16375749376165555,0.16375749376165555,0.16375749376165555,0.16375749376165555,0.16375749376165555,0.16375749376165555,0.16375749376165555,0.16375749376165555,0.16375749376165555,0.16375749376165555,0.16375749376165555,0.16221388398083766,0.16221388398083741,0.16221388398083741,0.16221388398083766,0.16221388398083766,0.16221388398083741,0.16221388398083741,0.16221388398083741,0.16221388398083741,0.16221388398083766,0.16221388398083741,0.16221388398083741,0.16221388398083741,0.16221388398083741,0.16221388398083741,0.16221388398083766,0.16221388398083741,0.16221388398083741,0.16221388398083741,0.16221388398083766,0.16221388398083766,0.16221388398083766,0.16221388398083741,0.16221388398083766,0.16221388398083766,0.16070106708884088,0.16070106708884088,0.16070106708884088,0.16070106708884088,0.16070106708884088,0.16070106708884088,0.16070106708884088,0.16070106708884066,0.16070106708884088,0.16070106708884088,0.16070106708884088,0.16070106708884066,0.16070106708884066,0.16070106708884088,0.16070106708884088,0.16070106708884088,0.16070106708884088,0.16070106708884088,0.16070106708884088,0.16070106708884088,0.16070106708884088,0.16070106708884088,0.16070106708884088,0.16070106708884088,0.16070106708884088,0.15921845146064373,0.15921845146064348,0.15921845146064348,0.15921845146064348,0.15921845146064373,0.15921845146064348,0.15921845146064348,0.15921845146064326,0.15921845146064348,0.15921845146064348,0.15921845146064348,0.15921845146064326,0.15921845146064326,0.15921845146064326,0.15921845146064348,0.15921845146064348,0.15921845146064348,0.15921845146064326,0.15921845146064348,0.15921845146064348,0.15921845146064373,0.15921845146064348,0.15921845146064348,0.15921845146064348,0.15921845146064373,0.1577654462410133,0.15776544624101266,0.15776544624101244,0.15776544624101266,0.1577654462410133,0.15776544624101266,0.1577654462410122,0.1577654462410118,0.1577654462410122,0.15776544624101266,0.15776544624101244,0.1577654462410118,0.15776544624101135,0.1577654462410118,0.15776544624101244,0.15776544624101266,0.1577654462410122,0.1577654462410118,0.1577654462410122,0.15776544624101266,0.1577654462410133,0.15776544624101266,0.15776544624101244,0.15776544624101266,0.1577654462410133,0.15634146255882908,0.15634146255882742,0.1563414625588264,0.15634146255882742,0.15634146255882908,0.15634146255882742,0.15634146255882575,0.1563414625588247,0.15634146255882575,0.15634146255882742,0.1563414625588264,0.1563414625588247,0.15634146255882367,0.1563414625588247,0.1563414625588264,0.15634146255882742,0.15634146255882575,0.1563414625588247,0.15634146255882575,0.15634146255882742,0.15634146255882908,0.15634146255882742,0.1563414625588264,0.15634146255882742,0.15634146255882908,0.15494591461414545,0.1549459146141403,0.15494591461413704,0.1549459146141403,0.15494591461414545,0.1549459146141403,0.15494591461413498,0.1549459146141317,0.15494591461413498,0.1549459146141403,0.15494591461413704,0.1549459146141317,0.1549459146141282,0.1549459146141317,0.15494591461413704,0.1549459146141403,0.15494591461413498,0.1549459146141317,0.15494591461413498,0.1549459146141403,0.15494591461414545,0.1549459146141403,0.15494591461413704,0.1549459146141403,0.15494591461414545,0.15357822064769755,0.1535782206476821,0.15357822064767246,0.1535782206476821,0.15357822064769755,0.1535782206476821,0.1535782206476654,0.15357822064765478,0.1535782206476654,0.1535782206476821,0.15357822064767246,0.15357822064765478,0.15357822064764354,0.15357822064765478,0.15357822064767246,0.1535782206476821,0.1535782206476654,0.15357822064765478,0.1535782206476654,0.1535782206476821,0.15357822064769755,0.1535782206476821,0.15357822064767246,0.1535782206476821,0.15357822064769755,0.15223780380201524,0.15223780380196822,0.1522378038019385,0.15223780380196822,0.15223780380201524,0.15223780380196822,0.15223780380191643,0.1522378038018828,0.15223780380191643,0.15223780380196822,0.1522378038019385,0.1522378038018828,0.15223780380184695,0.1522378038018828,0.1522378038019385,0.15223780380196822,0.15223780380191643,0.1522378038018828,0.15223780380191643,0.15223780380196822,0.15223780380201524,0.15223780380196822,0.1522378038019385,0.15223780380196822,0.15223780380201524,0.15092409288275727,0.15092409288261682,0.15092409288252617,0.15092409288261682,0.15092409288275727,0.15092409288261682,0.15092409288245673,0.150924092882351,0.15092409288245673,0.15092409288261682,0.15092409288252617,0.150924092882351,0.15092409288223485,0.150924092882351,0.15092409288252617,0.15092409288261682,0.15092409288245673,0.150924092882351,0.15092409288245673,0.15092409288261682,0.15092409288275727,0.15092409288261682,0.15092409288252617,0.15092409288261682,0.15092409288275727,0.14963652302838587,0.14963652302797348,0.1496365230277008,0.14963652302797348,0.14963652302838587,0.14963652302797348,0.14963652302748245,0.14963652302714547,0.14963652302748245,0.14963652302797348,0.1496365230277008,0.14963652302714547,0.14963652302675712,0.14963652302714547,0.1496365230277008,0.14963652302797348,0.14963652302748245,0.14963652302714547,0.14963652302748245,0.14963652302797348,0.14963652302838587,0.14963652302797348,0.1496365230277008,0.14963652302797348,0.14963652302838587,0.14837453629583858,0.1483745362946608,0.14837453629384942,0.1483745362946608,0.14837453629583858,0.1483745362946608,0.1483745362931674,0.14837453629207323,0.1483745362931674,0.1483745362946608,0.14837453629384942,0.14837453629207323,0.14837453629070957,0.14837453629207323,0.14837453629384942,0.1483745362946608,0.1483745362931674,0.14837453629207323,0.1483745362931674,0.1483745362946608,0.14837453629583858,0.1483745362946608,0.14837453629384942,0.1483745362946608,0.14837453629583858,0.14713758216952266,0.14713758216629547,0.14713758216393066,0.14713758216629547,0.14713758216952266,0.14713758216629547,0.14713758216183564,0.14713758215820594,0.14713758216183564,0.14713758216629547,0.14713758216393066,0.14713758215820594,0.14713758215305486,0.14713758215820594,0.14713758216393066,0.14713758216629547,0.14713758216183564,0.14713758215820594,0.14713758216183564,0.14713758216629547,0.14713758216952266,0.14713758216629547,0.14713758216393066,0.14713758216629547,0.14713758216952266,0.14592511800078914,0.14592511799252586,0.14592511798589228,0.14592511799252586,0.14592511800078914,0.14592511799252586,0.14592511797970614,0.14592511796745125,0.14592511797970614,0.14592511799252586,0.14592511798589228,0.14592511796745125,0.14592511794593593,0.14592511796745125,0.14592511798589228,0.14592511799252586,0.14592511797970614,0.14592511796745125,0.14592511797970614,0.14592511799252586,0.14592511800078914,0.14592511799252586,0.14592511798589228,0.14592511799252586,0.14592511800078914,0.14473660938494196,0.14473660936604885,0.14473660934886182,0.14473660936604885,0.14473660938494196,0.14473660936604885,0.14473660933206436,0.144736609291149,0.14473660933206436,0.14473660936604885,0.14473660934886182,0.144736609291149,0.1447366091896734,0.144736609291149,0.14473660934886182,0.14473660936604885,0.14473660933206436,0.144736609291149,0.14473660933206436,0.14473660936604885,0.14473660938494196,0.14473660936604885,0.14473660934886182,0.14473660936604885,0.14473660938494196,0.14357153048148102,0.14357153044610702,0.14357153040896986,0.14357153044610702,0.14357153048148102,0.14357153044610702,0.14357153037137466,0.14357153024995703,0.14357153037137466,0.14357153044610702,0.14357153040896986,0.14357153024995703,0.14357152970675402,0.14357153024995703,0.14357153040896986,0.14357153044610702,0.14357153037137466,0.14357153024995703,0.14357153037137466,0.14357153044610702,0.14357153048148102,0.14357153044610702,0.14357153040896986,0.14357153044610702,0.14357153048148102,0.1424293642761619,0.14242936423000496,0.14242936418114716,0.14242936423000496,0.1424293642761619,0.14242936423000496,0.14242936413137466,0.14242936397386594,0.14242936413137466,0.14242936423000496,0.14242936418114716,0.14242936397386594,0.1424293633159172,0.14242936397386594,0.14242936418114716,0.14242936423000496,0.14242936413137466,0.14242936397386594,0.14242936413137466,0.14242936423000496,0.1424293642761619,0.14242936423000496,0.14242936418114716,0.14242936423000496,0.1424293642761619,0.1413096027701683,0.14130960272237258,0.14130960267011602,0.14130960272237258,0.1413096027701683,0.14130960272237258,0.14130960261643688,0.14130960244073443,0.14130960261643688,0.14130960272237258,0.14130960267011602,0.14130960244073443,0.14130960168395582,0.14130960244073443,0.14130960267011602,0.14130960272237258,0.14130960261643688,0.14130960244073443,0.14130960261643688,0.14130960272237258,0.1413096027701683,0.14130960272237258,0.14130960267011602,0.14130960272237258,0.1413096027701683,0.14021174714175882,0.14021174710756404,0.1402117470667777,0.14021174710756404,0.14021174714175882,0.14021174710756404,0.14021174702425274,0.14021174686766183,0.14021174702425274,0.14021174710756404,0.1402117470667777,0.14021174686766183,0.14021174608744366,0.14021174686766183,0.1402117470667777,0.14021174710756404,0.14021174702425274,0.14021174686766183,0.14021174702425274,0.14021174710756404,0.14021174714175882,0.14021174710756404,0.1402117470667777,0.14021174710756404,0.14021174714175882,0.13913530786257886,0.13913530786434827,0.1391353078636915,0.13913530786434827,0.13913530786257886,0.13913530786434827,0.1391353078623967,0.13913530785035585,0.1391353078623967,0.13913530786434827,0.1391353078636915,0.13913530785035585,0.13913530779015618,0.13913530785035585,0.1391353078636915,0.13913530786434827,0.1391353078623967,0.13913530785035585,0.1391353078623967,0.13913530786434827,0.13913530786257886,0.13913530786434827,0.1391353078636915,0.13913530786434827,0.13913530786257886,0.13807980477577525,0.13807980482212628,0.1380798048699854,0.13807980482212628,0.13807980477577525,0.13807980482212628,0.13807980491884808,0.1380798050558177,0.13807980491884808,0.13807980482212628,0.1380798048699854,0.1380798050558177,0.1380798054523127,0.1380798050558177,0.1380798048699854,0.13807980482212628,0.13807980491884808,0.1380798050558177,0.13807980491884808,0.13807980482212628,0.13807980477577525,0.13807980482212628,0.1380798048699854,0.13807980482212628,0.13807980477577525,0.13704476718465752,0.13704476727045595,0.1370447673758282,0.13704476727045595,0.13704476718465752,0.13704476727045595,0.13704476748541697,0.13704476792168868,0.13704476748541697,0.13704476727045595,0.1370447673758282,0.13704476792168868,0.1370447703523593,0.13704476792168868,0.1370447673758282,0.13704476727045595,0.13704476748541697,0.13704476792168868,0.13704476748541697,0.13704476727045595,0.13704476718465752,0.13704476727045595,0.1370447673758282,0.13704476727045595,0.13704476718465752,0.13602973391260617,0.1360297339734353,0.13602973403328944,0.1360297339734353,0.13602973391260617,0.1360297339734353,0.13602973409346888,0.13602973425475795,0.13602973409346888,0.1360297339734353,0.13602973403328944,0.13602973425475795,0.136029734703748,0.13602973425475795,0.13602973403328944,0.1360297339734353,0.13602973409346888,0.13602973425475795,0.13602973409346888,0.1360297339734353,0.13602973391260617,0.1360297339734353,0.13602973403328944,0.1360297339734353,0.13602973391260617,0.13503425343116493,0.13503425346945525,0.1350342535011432,0.13503425346945525,0.13503425343116493,0.13503425346945525,0.1350342535312694,0.13503425359271592,0.1350342535312694,0.13503425346945525,0.1350342535011432,0.13503425359271592,0.13503425370469022,0.13503425359271592,0.1350342535011432,0.13503425346945525,0.1350342535312694,0.13503425359271592,0.1350342535312694,0.13503425346945525,0.13503425343116493,0.13503425346945525,0.1350342535011432,0.13503425346945525,0.13503425343116493
0.1653324874746421,0.1653324874746421,0.1653324874746421,0.1653324874746421,0.1653324874746421,0.1653324874746421,0.1653324874746421,0.1653324874746421,0.1653324874746421,0.1653324874746421,0.1653324874746421,0.1653324874746421,0.1653324874746421,0.1653324874746421,0.1653324874746421,0.1653324874746421,0.1653324874746421,0.1653324874746421,0.1653324874746421,0.1653324874746421,0.1653324874746421,0.1653324874746421,0.1653324874746421,0.1653324874746421,0.1653324874746421,0.16375749376203488,0.16375749376203488,0.16375749376203488,0.16375749376203488,0.16375749376203488,0.16375749376203488,0.16375749376203488,0.16375749376203488,0.16375749376203488,0.16375749376203488,0.16375749376203488,0.16375749376203488,0.16375749376203488,0.16375749376203488,0.16375749376203488,0.16375749376203488,0.16375749376203488,0.16375749376203488,0.16375749376203488,0.16375749376203488,0.16375749376203488,0.16375749376203488,0.16375749376203488,0.16375749376203488,0.16375749376203488,0.16221388398120917,0.16221388398120917,0.16221388398120917,0.16221388398120917,0.16221388398120917,0.16221388398120917,0.16221388398120917,0.16221388398120917,0.16221388398120917,0.16221388398120917,0.16221388398120917,0.16221388398120917,0.16221388398120917,0.16221388398120917,0.16221388398120917,0.16221388398120917,0.16221388398120917,0.16221388398120917,0.16221388398120917,0.16221388398120917,0.16221388398120917,0.16221388398120917,0.16221388398120917,0.16221388398120917,0.16221388398120917,0.16070106708920523,0.16070106708920523,0.160701067089205,0.16070106708920523,0.16070106708920523,0.16070106708920523,0.160701067089205,0.160701067089205,0.160701067089205,0.16070106708920523,0.160701067089205,0.160701067089205,0.160701067089205,0.160701067089205,0.160701067089205,0.16070106708920523,0.160701067089205,0.160701067089205,0.160701067089205,0.16070106708920523,0.16070106708920523,0.16070106708920523,0.160701067089205,0.16070106708920523,0.16070106708920523,0.15921845146100075,0.15921845146100053,0.15921845146100033,0.15921845146100053,0.15921845146100075,0.15921845146100053,0.15921845146100033,0.15921845146100033,0.15921845146100033,0.15921845146100053,0.15921845146100033,0.15921845146100033,0.15921845146100008,0.15921845146100033,0.15921845146100033,0.15921845146100053,0.15921845146100033,0.15921845146100033,0.15921845146100033,0.15921845146100053,0.15921845146100075,0.15921845146100053,0.15921845146100033,0.15921845146100053,0.15921845146100075,0.157765446241363,0.15776544624136257,0.15776544624136216,0.15776544624136257,0.157765446241363,0.15776544624136257,0.15776544624136193,0.1577654462413615,0.15776544624136193,0.15776544624136257,0.15776544624136216,0.1577654462413615,0.1577654462413613,0.1577654462413615,0.15776544624136216,0.15776544624136257,0.15776544624136193,0.1577654462413615,0.15776544624136193,0.15776544624136257,0.157765446241363,0.15776544624136257,0.15776544624136216,0.15776544624136257,0.157765446241363,0.15634146255917203,0.15634146255917036,0.1563414625591693,0.15634146255917036,0.15634146255917203,0.15634146255917036,0.1563414625591687,0.15634146255916764,0.1563414625591687,0.15634146255917036,0.1563414625591693,0.15634146255916764,0.1563414625591664,0.15634146255916764,0.1563414625591693,0.15634146255917036,0.1563414625591687,0.15634146255916764,0.1563414625591687,0.15634146255917036,0.15634146255917203,0.15634146255917036,0.1563414625591693,0.15634146255917036,0.15634146255917203,0.15494591461448134,0.1549459146144762,0.15494591461447313,0.1549459146144762,0.15494591461448134,0.1549459146144762,0.15494591461447088,0.1549459146144676,0.15494591461447088,0.1549459146144762,0.15494591461447313,0.1549459146144676,0.1549459146144641,0.1549459146144676,0.15494591461447313,0.1549459146144762,0.15494591461447088,0.1549459146144676,0.15494591461447088,0.1549459146144762,0.15494591461448134,0.1549459146144762,0.15494591461447313,0.1549459146144762,0.15494591461448134,0.15357822064802695,0.1535782206480113,0.15357822064800164,0.1535782206480113,0.15357822064802695,0.1535782206480113,0.15357822064799478,0.15357822064798415,0.15357822064799478,0.1535782206480113,0.15357822064800164,0.15357822064798415,0.1535782206479729,0.15357822064798415,0.15357822064800164,0.1535782206480113,0.15357822064799478,0.15357822064798415,0.15357822064799478,0.1535782206480113,0.15357822064802695,0.1535782206480113,0.15357822064800164,0.1535782206480113,0.15357822064802695,0.15223780380233784,0.1522378038022908,0.1522378038022611,0.1522378038022908,0.15223780380233784,0.1522378038022908,0.15223780380223906,0.15223780380220542,0.15223780380223906,0.1522378038022908,0.1522378038022611,0.15223780380220542,0.15223780380216959,0.15223780380220542,0.1522378038022611,0.1522378038022908,0.15223780380223906,0.15223780380220542,0.15223780380223906,0.1522378038022908,0.15223780380233784,0.1522378038022908,0.1522378038022611,0.1522378038022908,0.15223780380233784,0.1509240928830733,0.15092409288293285,0.15092409288284236,0.15092409288293285,0.1509240928830733,0.15092409288293285,0.15092409288277292,0.1509240928826674,0.15092409288277292,0.15092409288293285,0.15092409288284236,0.1509240928826674,0.15092409288255126,0.1509240928826674,0.15092409288284236,0.15092409288293285,0.15092409288277292,0.1509240928826674,0.15092409288277292,0.15092409288293285,0.1509240928830733,0.15092409288293285,0.15092409288284236,0.15092409288293285,0.1509240928830733,0.1496365230286954,0.1496365230282832,0.14963652302801073,0.1496365230282832,0.1496365230286954,0.1496365230282832,0.14963652302779232,0.1496365230274556,0.14963652302779232,0.1496365230282832,0.14963652302801073,0.1496365230274556,0.1496365230270674,0.1496365230274556,0.14963652302801073,0.1496365230282832,0.14963652302779232,0.1496365230274556,0.14963652302779232,0.1496365230282832,0.1496365230286954,0.1496365230282832,0.14963652302801073,0.1496365230282832,0.1496365230286954,0.14837453629614122,0.148374536294964,0.14837453629415318,0.148374536294964,0.14837453629614122,0.148374536294964,0.14837453629347136,0.14837453629237793,0.14837453629347136,0.148374536294964,0.14837453629415318,0.14837453629237793,0.148374536291015,0.14837453629237793,0.14837453629415318,0.148374536294964,0.14837453629347136,0.14837453629237793,0.14837453629347136,0.148374536294964,0.14837453629614122,0.148374536294964,0.14837453629415318,0.148374536294964,0.14837453629614122,0.14713758216981726,0.14713758216659178,0.14713758216422826,0.14713758216659178,0.14713758216981726,0.14713758216659178,0.14713758216213427,0.1471375821585066,0.14713758216213427,0.14713758216659178,0.14713758216422826,0.1471375821585066,0.14713758215335807,0.1471375821585066,0.14713758216422826,0.14713758216659178,0.14713758216213427,0.1471375821585066,0.14713758216213427,0.14713758216659178,0.14713758216981726,0.14713758216659178,0.14713758216422826,0.14713758216659178,0.14713758216981726,0.14592511800107208,0.14592511799281344,0.14592511798618343,0.14592511799281344,0.14592511800107208,0.14592511799281344,0.1459251179800005,0.145925117967752,0.1459251179800005,0.14592511799281344,0.14592511798618343,0.145925117967752,0.14592511794624738,0.145925117967752,0.14592511798618343,0.14592511799281344,0.1459251179800005,0.145925117967752,0.1459251179800005,0.14592511799281344,0.14592511800107208,0.14592511799281344,0.14592511798618343,0.14592511799281344,0.14592511800107208,0.14473660938520397,0.14473660936632152,0.1447366093491439,0.14473660936632152,0.14473660938520397,0.14473660936632152,0.1447366093323555,0.1447366092914616,0.1447366093323555,0.14473660936632152,0.1447366093491439,0.1447366092914616,0.14473660919003628,0.1447366092914616,0.1447366093491439,0.14473660936632152,0.1447366093323555,0.1447366092914616,0.1447366093323555,0.14473660936632152,0.14473660938520397,0.14473660936632152,0.1447366093491439,0.14473660936632152,0.14473660938520397,0.14357153048169968,0.14357153044634707,0.14357153040923115,0.14357153044634707,0.14357153048169968,0.14357153044634707,0.14357153037165732,0.1435715302503037,0.14357153037165732,0.14357153044634707,0.14357153040923115,0.1435715302503037,0.14357152970735443,0.1435715302503037,0.14357153040923115,0.14357153044634707,0.14357153037165732,0.1435715302503037,0.14357153037165732,0.14357153044634707,0.14357153048169968,0.14357153044634707,0.14357153040923115,0.14357153044634707,0.14357153048169968,0.1424293642762931,0.14242936423016817,0.14242936418134328,0.14242936423016817,0.1424293642762931,0.14242936423016817,0.14242936413160415,0.1424293639741959,0.14242936413160415,0.14242936423016817,0.14242936418134328,0.1424293639741959,0.1424293633166617,0.1424293639741959,0.14242936418134328,0.14242936423016817,0.14242936413160415,0.1424293639741959,0.14242936413160415,0.14242936423016817,0.1424293642762931,0.14242936423016817,0.14242936418134328,0.14242936423016817,0.1424293642762931,0.14130960277014432,0.14130960272238888,0.14130960267017623,0.14130960272238888,0.14130960277014432,0.14130960272238888,0.14130960261654243,0.14130960244098903,0.14130960261654243,0.14130960272238888,0.14130960267017623,0.14130960244098903,0.1413096016848477,0.14130960244098903,0.14130960267017623,0.14130960272238888,0.14130960261654243,0.14130960244098903,0.14130960261654243,0.14130960272238888,0.14130960277014432,0.14130960272238888,0.14130960267017623,0.14130960272238888,0.14130960277014432,0.1402117471414947,0.14021174710733472,0.14021174706659065,0.14021174710733472,0.1402117471414947,0.14021174710733472,0.14021174702411018,0.14021174686768714,0.14021174702411018,0.14021174710733472,0.14021174706659065,0.14021174686768714,0.14021174608836023,0.14021174686768714,0.14021174706659065,0.14021174710733472,0.14021174702411018,0.14021174686768714,0.14021174702411018,0.14021174710733472,0.1402117471414947,0.14021174710733472,0.14021174706659065,0.14021174710733472,0.1402117471414947,0.13913530786199954,0.13913530786377307,0.1391353078631226,0.13913530786377307,0.13913530786199954,0.13913530786377307,0.13913530786183462,0.13913530784981906,0.13913530786183462,0.13913530786377307,0.1391353078631226,0.13913530784981906,0.13913530778971156,0.13913530784981906,0.1391353078631226,0.13913530786377307,0.13913530786183462,0.13913530784981906,0.13913530786183462,0.13913530786377307,0.13913530786199954,0.13913530786377307,0.1391353078631226,0.13913530786377307,0.13913530786199954,0.13807980477486778,0.138079804821185,0.13807980486900895,0.138079804821185,0.13807980477486778,0.138079804821185,0.1380798049178355,0.13807980505470202,0.1380798049178355,0.138079804821185,0.13807980486900895,0.13807980505470202,0.1380798054508942,0.13807980505470202,0.13807980486900895,0.138079804821185,0.1380798049178355,0.13807980505470202,0.1380798049178355,0.138079804821185,0.13807980477486778,0.138079804821185,0.13807980486900895,0.138079804821185,0.13807980477486778,0.13704476718348693,0.13704476726921896,0.13704476737450927,0.13704476726921896,0.13704476718348693,0.13704476726921896,0.13704476748401262,0.13704476791994283,0.13704476748401262,0.13704476726921896,0.13704476737450927,0.13704476791994283,0.1370447703486933,0.13704476791994283,0.13704476737450927,0.13704476726921896,0.13704476748401262,0.13704476791994283,0.13704476748401262,0.13704476726921896,0.13704476718348693,0.13704476726921896,0.13704476737450927,0.13704476726921896,0.13704476718348693,0.13602973391130554,0.13602973397208726,0.13602973403189453,0.13602973397208726,0.13602973391130554,0.13602973397208726,0.13602973409202687,0.13602973425318965,0.13602973409202687,0.13602973397208726,0.13602973403189453,0.13602973425318965,0.13602973470182722,0.13602973425318965,0.13602973403189453,0.13602973397208726,0.13602973409202687,0.13602973425318965,0.13602973409202687,0.13602973397208726,0.13602973391130554,0.13602973397208726,0.13602973403189453,0.13602973397208726,0.13602973391130554,0.13503425342982933,0.13503425346808984,0.13503425349975304,0.13503425346808984,0.13503425342982933,0.13503425346808984,0.1350342535298556,0.135034253591254,0.1350342535298556,0.13503425346808984,0.13503425349975304,0.135034253591254,0.13503425370314037,0.135034253591254,0.13503425349975304,0.13503425346808984,0.1350342535298556,0.135034253591254,0.1350342535298556,0.13503425346808984,0.13503425342982933,0.13503425346808984,0.13503425349975304,0.13503425346808984,0.13503425342982933
0.16533248747502866,0.16533248747502866,0.16533248747502866,0.16533248747502866,0.16533248747502866,0.16533248747502866,0.16533248747502866,0.16533248747502866,0.16533248747502866,0.16533248747502866,0.16533248747502866,0.16533248747502866,0.16533248747502866,0.16533248747502866,0.16533248747502866,0.16533248747502866,0.16533248747502866,0.16533248747502866,0.16533248747502866,0.16533248747502866,0.16533248747502866,0.16533248747502866,0.16533248747502866,0.16533248747502866,0.16533248747502866,0.16375749376241397,0.16375749376241372,0.16375749376241372,0.16375749376241372,0.16375749376241372,0.16375749376241372,0.16375749376241372,0.16375749376241372,0.16375749376241372,0.16375749376241372,0.16375749376241372,0.16375749376241372,0.16375749376241372,0.16375749376241372,0.16375749376241372,0.16375749376241372,0.16375749376241372,0.16375749376241372,0.16375749376241372,0.16375749376241372,0.16375749376241372,0.16375749376241372,0.16375749376241372,0.16375749376241372,0.16375749376241397,0.1622138839815807,0.1622138839815807,0.1622138839815805,0.1622138839815807,0.1622138839815807,0.1622138839815807,0.1622138839815805,0.1622138839815805,0.1622138839815805,0.1622138839815807,0.1622138839815805,0.1622138839815805,0.1622138839815805,0.1622138839815805,0.1622138839815807,0.1622138839815807,0.1622138839815805,0.1622138839815805,0.1622138839815807,0.1622138839815807,0.1622138839815807,0.1622138839815807,0.1622138839815807,0.1622138839815807,0.1622138839815807,0.1607010670895691,0.1607010670895691,0.1607010670895691,0.1607010670895691,0.1607010670895691,0.1607010670895691,0.1607010670895691,0.16070106708956888,0.1607010670895691,0.1607010670895691,0.1607010670895691,0.16070106708956888,0.16070106708956888,0.16070106708956888,0.1607010670895691,0.1607010670895691,0.1607010670895691,0.16070106708956888,0.1607010670895691,0.1607010670895691,0.1607010670895691,0.1607010670895691,0.1607010670895691,0.1607010670895691,0.1607010670895691,0.15921845146135738,0.15921845146135716,0.15921845146135716,0.15921845146135716,0.15921845146135738,0.15921845146135716,0.15921845146135694,0.15921845146135694,0.15921845146135694,0.15921845146135716,0.15921845146135716,0.15921845146135694,0.1592184514613567,0.15921845146135694,0.15921845146135716,0.15921845146135716,0.15921845146135694,0.15921845146135694,0.15921845146135694,0.15921845146135716,0.15921845146135738,0.15921845146135716,0.15921845146135716,0.15921845146135716,0.15921845146135738,0.1577654462417125,0.15776544624171207,0.15776544624171165,0.15776544624171207,0.1577654462417125,0.15776544624171207,0.15776544624171143,0.1577654462417112,0.15776544624171143,0.15776544624171207,0.15776544624171165,0.1577654462417112,0.1577654462417108,0.1577654462417112,0.15776544624171165,0.15776544624171207,0.15776544624171143,0.1577654462417112,0.15776544624171143,0.15776544624171207,0.1577654462417125,0.15776544624171207,0.15776544624171165,0.15776544624171207,0.1577654462417125,0.15634146255951453,0.15634146255951287,0.15634146255951184,0.15634146255951287,0.15634146255951453,0.15634146255951287,0.1563414625595112,0.15634146255951017,0.1563414625595112,0.15634146255951287,0.15634146255951184,0.15634146255951017,0.1563414625595089,0.15634146255951017,0.15634146255951184,0.15634146255951287,0.1563414625595112,0.15634146255951017,0.1563414625595112,0.15634146255951287,0.15634146255951453,0.15634146255951287,0.15634146255951184,0.15634146255951287,0.15634146255951453,0.154945914614817,0.15494591461481189,0.1549459146148088,0.15494591461481189,0.154945914614817,0.15494591461481189,0.15494591461480656,0.15494591461480328,0.15494591461480656,0.15494591461481189,0.1549459146148088,0.15494591461480328,0.1549459146147998,0.15494591461480328,0.1549459146148088,0.15494591461481189,0.15494591461480656,0.15494591461480328,0.15494591461480656,0.15494591461481189,0.154945914614817,0.15494591461481189,0.1549459146148088,0.15494591461481189,0.154945914614817,0.15357822064835572,0.15357822064834026,0.1535782206483306,0.15357822064834026,0.15357822064835572,0.15357822064834026,0.1535782206483236,0.15357822064831314,0.15357822064832377,0.15357822064834026,0.1535782206483306,0.15357822064831314,0.1535782206483019,0.15357822064831314,0.1535782206483306,0.15357822064834026,0.15357822064832377,0.15357822064831314,0.1535782206483236,0.15357822064834026,0.15357822064835572,0.15357822064834026,0.1535782206483306,0.15357822064834026,0.15357822064835572,0.1522378038026603,0.15223780380261323,0.15223780380258334,0.15223780380261323,0.1522378038026603,0.15223780380261323,0.15223780380256147,0.1522378038025278,0.15223780380256147,0.15223780380261323,0.15223780380258334,0.1522378038025278,0.1522378038024922,0.1522378038025278,0.15223780380258334,0.15223780380261323,0.15223780380256147,0.1522378038025278,0.15223780380256147,0.15223780380261323,0.1522378038026603,0.15223780380261323,0.15223780380258334,0.15223780380261323,0.1522378038026603,0.1509240928833891,0.15092409288324884,0.15092409288315836,0.15092409288324884,0.1509240928833891,0.15092409288324884,0.15092409288308892,0.1509240928829834,0.15092409288308892,0.15092409288324884,0.15092409288315836,0.1509240928829834,0.15092409288286723,0.1509240928829834,0.15092409288315836,0.15092409288324884,0.15092409288308892,0.1509240928829834,0.15092409288308892,0.15092409288324884,0.1509240928833891,0.15092409288324884,0.15092409288315836,0.15092409288324884,0.1509240928833891,0.14963652302900457,0.14963652302859273,0.14963652302832026,0.14963652302859273,0.14963652302900457,0.14963652302859273,0.14963652302810226,0.1496365230277655,0.14963652302810226,0.14963652302859273,0.14963652302832026,0.1496365230277655,0.14963652302737748,0.1496365230277655,0.14963652302832026,0.14963652302859273,0.14963652302810226,0.1496365230277655,0.14963652302810226,0.14963652302859273,0.14963652302900457,0.14963652302859273,0.14963652302832026,0.14963652302859273,0.14963652302900457,0.14837453629644368,0.148374536295267,0.14837453629445657,0.148374536295267,0.14837453629644368,0.148374536295267,0.14837453629377528,0.1483745362926822,0.14837453629377528,0.148374536295267,0.14837453629445657,0.1483745362926822,0.14837453629132005,0.1483745362926822,0.14837453629445657,0.148374536295267,0.14837453629377528,0.1483745362926822,0.14837453629377528,0.148374536295267,0.14837453629644368,0.148374536295267,0.14837453629445657,0.148374536295267,0.14837453629644368,0.14713758217011158,0.14713758216688785,0.1471375821645256,0.14713758216688785,0.14713758217011158,0.14713758216688785,0.14713758216243294,0.14713758215880687,0.14713758216243294,0.14713758216688785,0.1471375821645256,0.14713758215880687,0.14713758215366107,0.14713758215880707,0.1471375821645256,0.14713758216688785,0.14713758216243294,0.14713758215880707,0.14713758216243294,0.14713758216688785,0.14713758217011158,0.14713758216688785,0.1471375821645256,0.14713758216688785,0.14713758217011158,0.14592511800135483,0.14592511799310068,0.14592511798647437,0.14592511799310068,0.14592511800135483,0.14592511799310068,0.14592511798029464,0.14592511796805258,0.14592511798029464,0.14592511799310068,0.14592511798647437,0.14592511796805258,0.1459251179465588,0.14592511796805258,0.14592511798647437,0.14592511799310068,0.14592511798029464,0.14592511796805258,0.14592511798029464,0.14592511799310068,0.14592511800135483,0.14592511799310068,0.14592511798647437,0.14592511799310068,0.14592511800135483,0.1447366093854658,0.14473660936659397,0.14473660934942598,0.14473660936659397,0.1447366093854658,0.14473660936659397,0.14473660933264665,0.1447366092917739,0.14473660933264665,0.14473660936659397,0.14473660934942598,0.1447366092917739,0.14473660919039918,0.1447366092917739,0.14473660934942598,0.14473660936659397,0.14473660933264665,0.1447366092917739,0.14473660933264665,0.14473660936659397,0.1447366093854658,0.14473660936659397,0.14473660934942598,0.14473660936659397,0.1447366093854658,0.14357153048191837,0.143571530446587,0.14357153040949244,0.143571530446587,0.14357153048191837,0.143571530446587,0.14357153037193982,0.1435715302506504,0.14357153037193982,0.143571530446587,0.14357153040949244,0.1435715302506504,0.1435715297079759,0.1435715302506504,0.14357153040949244,0.143571530446587,0.14357153037193982,0.1435715302506504,0.14357153037193982,0.143571530446587,0.14357153048191837,0.143571530446587,0.14357153040949244,0.143571530446587,0.14357153048191837,0.1424293642764241,0.14242936423033123,0.14242936418153937,0.14242936423033123,0.1424293642764241,0.14242936423033123,0.14242936413183346,0.14242936397452552,0.14242936413183346,0.14242936423033123,0.14242936418153937,0.14242936397452552,0.14242936331738354,0.14242936397452552,0.1424293641815392,0.14242936423033123,0.14242936413183346,0.14242936397452552,0.14242936413183346,0.14242936423033123,0.1424293642764241,0.14242936423033123,0.1424293641815392,0.14242936423033123,0.1424293642764241,0.14130960277012028,0.1413096027224048,0.14130960267023643,0.1413096027224048,0.14130960277012028,0.1413096027224048,0.14130960261664788,0.14130960244124316,0.14130960261664788,0.1413096027224048,0.14130960267023643,0.14130960244124316,0.14130960168575493,0.14130960244124316,0.14130960267023643,0.1413096027224048,0.14130960261664788,0.14130960244124316,0.14130960261664788,0.1413096027224048,0.14130960277012028,0.1413096027224048,0.14130960267023643,0.1413096027224048,0.14130960277012028,0.14021174714123072,0.14021174710710543,0.14021174706640374,0.14021174710710543,0.14021174714123072,0.14021174710710543,0.1402117470239673,0.14021174686771182,0.1402117470239673,0.14021174710710543,0.14021174706640374,0.14021174686771182,0.14021174608922468,0.14021174686771182,0.14021174706640374,0.14021174710710543,0.1402117470239673,0.14021174686771182,0.1402117470239673,0.14021174710710543,0.14021174714123072,0.14021174710710543,0.14021174706640374,0.14021174710710543,0.14021174714123072,0.13913530786142067,0.13913530786319833,0.13913530786255401,0.13913530786319833,0.13913530786142067,0.13913530786319833,0.13913530786127284,0.1391353078492826,0.13913530786127284,0.13913530786319833,0.13913530786255401,0.1391353078492826,0.1391353077892668,0.1391353078492826,0.13913530786255401,0.13913530786319833,0.13913530786127284,0.1391353078492826,0.13913530786127284,0.13913530786319833,0.13913530786142067,0.13913530786319833,0.13913530786255401,0.13913530786319833,0.13913530786142067,0.13807980477396126,0.13807980482024484,0.13807980486803342,0.13807980482024484,0.13807980477396126,0.13807980482024484,0.13807980491682384,0.13807980505358744,0.13807980491682384,0.13807980482024484,0.13807980486803342,0.13807980505358744,0.13807980544947746,0.13807980505358744,0.13807980486803342,0.13807980482024484,0.13807980491682384,0.13807980505358744,0.13807980491682384,0.13807980482024484,0.13807980477396126,0.13807980482024484,0.13807980486803342,0.13807980482024484,0.13807980477396126,0.13704476718231762,0.13704476726798334,0.13704476737319168,0.13704476726798334,0.13704476718231762,0.13704476726798334,0.13704476748260985,0.13704476791819892,0.13704476748260985,0.13704476726798334,0.13704476737319168,0.13704476791819892,0.13704477034505239,0.13704476791819892,0.13704476737319168,0.13704476726798334,0.13704476748260985,0.13704476791819892,0.13704476748260985,0.13704476726798334,0.13704476718231762,0.13704476726798334,0.13704476737319168,0.13704476726798334,0.13704476718231762,0.13602973391000606,0.13602973397074053,0.13602973403050111,0.13602973397074053,0.13602973391000606,0.13602973397074053,0.1360297340905865,0.13602973425162315,0.1360297340905865,0.13602973397074053,0.13602973403050111,0.13602973425162315,0.1360297346999088,0.13602973425162315,0.13602973403050111,0.13602973397074053,0.1360297340905865,0.13602973425162315,0.1360297340905865,0.13602973397074053,0.13602973391000606,0.13602973397074053,0.13602973403050111,0.13602973397074053,0.13602973391000606,0.13503425342849518,0.13503425346672587,0.1350342534983642,0.13503425346672587,0.13503425342849518,0.13503425346672587,0.13503425352844334,0.13503425358979368,0.13503425352844334,0.13503425346672587,0.1350342534983642,0.13503425358979368,0.13503425370159228,0.13503425358979368,0.1350342534983642,0.13503425346672587,0.13503425352844334,0.13503425358979368,0.13503425352844334,0.13503425346672587,0.13503425342849518,0.13503425346672587,0.1350342534983642,0.13503425346672587,0.13503425342849518
0.16533248747541496,0.16533248747541496,0.16533248747541496,0.16533248747541496,0.16533248747541496,0.16533248747541496,0.16533248747541496,0.16533248747541496,0.16533248747541496,0.16533248747541496,0.16533248747541496,0.16533248747541496,0.16533248747541496,0.16533248747541496,0.16533248747541496,0.16533248747541496,0.16533248747541496,0.16533248747541496,0.16533248747541496,0.16533248747541496,0.16533248747541496,0.16533248747541496,0.16533248747541496,0.16533248747541496,0.16533248747541496,0.16375749376279236,0.16375749376279236,0.16375749376279236,0.16375749376279236,0.16375749376279236,0.16375749376279236,0.16375749376279236,0.16375749376279236,0.16375749376279236,0.16375749376279236,0.16375749376279236,0.16375749376279236,0.16375749376279236,0.16375749376279236,0.16375749376279236,0.16375749376279236,0.16375749376279236,0.16375749376279236,0.16375749376279236,0.16375749376279236,0.16375749376279236,0.16375749376279236,0.16375749376279236,0.16375749376279236,0.16375749376279236,0.16221388398195155,0.16221388398195155,0.16221388398195155,0.16221388398195155,0.16221388398195155,0.16221388398195155,0.16221388398195155,0.16221388398195155,0.16221388398195155,0.16221388398195155,0.16221388398195155,0.16221388398195155,0.16221388398195155,0.16221388398195155,0.16221388398195155,0.16221388398195155,0.16221388398195155,0.16221388398195155,0.16221388398195155,0.16221388398195155,0.16221388398195155,0.16221388398195155,0.16221388398195155,0.16221388398195155,0.16221388398195155,0.1607010670899328,0.1607010670899328,0.16070106708993256,0.1607010670899328,0.1607010670899328,0.1607010670899328,0.16070106708993256,0.16070106708993256,0.16070106708993256,0.1607010670899328,0.16070106708993256,0.16070106708993256,0.16070106708993256,0.16070106708993256,0.16070106708993256,0.1607010670899328,0.16070106708993256,0.16070106708993256,0.16070106708993256,0.1607010670899328,0.1607010670899328,0.1607010670899328,0.16070106708993256,0.1607010670899328,0.1607010670899328,0.15921845146171376,0.15921845146171357,0.15921845146171335,0.15921845146171357,0.15921845146171376,0.15921845146171357,0.15921845146171335,0.15921845146171335,0.15921845146171335,0.15921845146171357,0.15921845146171335,0.15921845146171335,0.15921845146171312,0.15921845146171335,0.15921845146171335,0.15921845146171357,0.15921845146171335,0.15921845146171335,0.15921845146171335,0.15921845146171357,0.15921845146171376,0.15921845146171357,0.15921845146171335,0.15921845146171357,0.15921845146171376,0.1577654462420618,0.15776544624206135,0.15776544624206093,0.15776544624206135,0.1577654462420618,0.15776544624206135,0.1577654462420607,0.1577654462420603,0.1577654462420607,0.15776544624206135,0.15776544624206093,0.1577654462420603,0.15776544624206007,0.1577654462420603,0.15776544624206093,0.15776544624206135,0.1577654462420607,0.1577654462420603,0.1577654462420607,0.15776544624206135,0.1577654462420618,0.15776544624206135,0.15776544624206093,0.15776544624206135,0.1577654462420618,0.15634146255985662,0.15634146255985518,0.15634146255985415,0.15634146255985518,0.15634146255985662,0.15634146255985518,0.15634146255985332,0.15634146255985223,0.15634146255985332,0.15634146255985518,0.15634146255985415,0.15634146255985223,0.1563414625598512,0.15634146255985223,0.15634146255985415,0.15634146255985518,0.15634146255985332,0.15634146255985223,0.15634146255985332,0.15634146255985518,0.15634146255985662,0.15634146255985518,0.15634146255985415,0.15634146255985518,0.15634146255985662,0.15494591461515247,0.15494591461514734,0.15494591461514406,0.15494591461514734,0.15494591461515247,0.15494591461514734,0.15494591461514204,0.15494591461513874,0.15494591461514204,0.15494591461514734,0.15494591461514406,0.15494591461513874,0.15494591461513527,0.15494591461513874,0.15494591461514406,0.15494591461514734,0.15494591461514204,0.15494591461513874,0.15494591461514204,0.15494591461514734,0.15494591461515247,0.15494591461514734,0.15494591461514406,0.15494591461514734,0.15494591461515247,0.1535782206486845,0.15357822064866905,0.1535782206486592,0.15357822064866905,0.1535782206486845,0.15357822064866905,0.15357822064865234,0.15357822064864174,0.15357822064865234,0.15357822064866905,0.1535782206486592,0.15357822064864174,0.15357822064863047,0.15357822064864174,0.1535782206486592,0.15357822064866905,0.15357822064865234,0.15357822064864174,0.15357822064865234,0.15357822064866905,0.1535782206486845,0.15357822064866905,0.1535782206486592,0.15357822064866905,0.1535782206486845,0.15223780380298232,0.15223780380293528,0.15223780380290555,0.15223780380293528,0.15223780380298232,0.15223780380293528,0.15223780380288351,0.15223780380285004,0.15223780380288351,0.15223780380293528,0.15223780380290555,0.15223780380285004,0.1522378038028142,0.15223780380285004,0.15223780380290555,0.15223780380293528,0.15223780380288351,0.15223780380285004,0.15223780380288351,0.15223780380293528,0.15223780380298232,0.15223780380293528,0.15223780380290555,0.15223780380293528,0.15223780380298232,0.15092409288370473,0.15092409288356445,0.150924092883474,0.15092409288356445,0.15092409288370473,0.15092409288356445,0.15092409288340453,0.1509240928832992,0.15092409288340453,0.15092409288356445,0.150924092883474,0.1509240928832992,0.15092409288318306,0.1509240928832992,0.150924092883474,0.15092409288356445,0.15092409288340453,0.1509240928832992,0.15092409288340453,0.15092409288356445,0.15092409288370473,0.15092409288356445,0.150924092883474,0.15092409288356445,0.15092409288370473,0.14963652302931368,0.14963652302890207,0.1496365230286298,0.14963652302890207,0.14963652302931368,0.14963652302890207,0.1496365230284116,0.1496365230280752,0.1496365230284116,0.14963652302890207,0.1496365230286298,0.1496365230280752,0.14963652302768737,0.1496365230280752,0.1496365230286298,0.14963652302890207,0.1496365230284116,0.1496365230280752,0.1496365230284116,0.14963652302890207,0.14963652302931368,0.14963652302890207,0.1496365230286298,0.14963652302890207,0.14963652302931368,0.14837453629674577,0.14837453629556985,0.14837453629475997,0.14837453629556985,0.14837453629674577,0.14837453629556985,0.14837453629407885,0.14837453629298636,0.14837453629407885,0.14837453629556985,0.14837453629475997,0.14837453629298636,0.14837453629162492,0.14837453629298636,0.14837453629475997,0.14837453629556985,0.14837453629407885,0.14837453629298636,0.14837453629407885,0.14837453629556985,0.14837453629674577,0.14837453629556985,0.14837453629475997,0.14837453629556985,0.14837453629674577,0.14713758217040568,0.14713758216718364,0.1471375821648228,0.14713758216718364,0.14713758217040568,0.14713758216718364,0.147137582162731,0.14713758215910716,0.147137582162731,0.14713758216718364,0.1471375821648228,0.14713758215910716,0.1471375821539639,0.14713758215910716,0.1471375821648228,0.14713758216718364,0.147137582162731,0.14713758215910716,0.147137582162731,0.14713758216718364,0.14713758217040568,0.14713758216718364,0.1471375821648228,0.14713758216718364,0.14713758217040568,0.1459251180016374,0.1459251179933877,0.14592511798676497,0.1459251179933877,0.1459251180016374,0.1459251179933877,0.14592511798058863,0.14592511796835278,0.14592511798058863,0.1459251179933877,0.14592511798676497,0.14592511796835278,0.14592511794687008,0.14592511796835278,0.14592511798676497,0.1459251179933877,0.14592511798058863,0.14592511796835278,0.14592511798058863,0.1459251179933877,0.1459251180016374,0.1459251179933877,0.14592511798676497,0.1459251179933877,0.1459251180016374,0.14473660938572727,0.14473660936686628,0.14473660934970767,0.14473660936686628,0.14473660938572727,0.14473660936686628,0.14473660933293725,0.144736609292086,0.14473660933293725,0.14473660936686628,0.14473660934970767,0.144736609292086,0.14473660919076173,0.144736609292086,0.14473660934970767,0.14473660936686628,0.14473660933293725,0.144736609292086,0.14473660933293725,0.14473660936686628,0.14473660938572727,0.14473660936686628,0.14473660934970767,0.14473660936686628,0.14473660938572727,0.1435715304821367,0.14357153044682672,0.1435715304097532,0.14357153044682672,0.1435715304821367,0.14357153044682672,0.143571530372222,0.1435715302509967,0.143571530372222,0.14357153044682672,0.1435715304097532,0.1435715302509967,0.14357152970859158,0.1435715302509967,0.1435715304097532,0.14357153044682672,0.143571530372222,0.1435715302509967,0.143571530372222,0.14357153044682672,0.1435715304821367,0.14357153044682672,0.1435715304097532,0.14357153044682672,0.1435715304821367,0.14242936427655478,0.1424293642304941,0.142429364181735,0.1424293642304941,0.14242936427655478,0.1424293642304941,0.14242936413206242,0.14242936397485464,0.14242936413206242,0.1424293642304941,0.142429364181735,0.14242936397485464,0.14242936331809347,0.14242936397485464,0.142429364181735,0.1424293642304941,0.14242936413206242,0.14242936397485464,0.14242936413206242,0.1424293642304941,0.14242936427655478,0.1424293642304941,0.142429364181735,0.1424293642304941,0.14242936427655478,0.14130960277009594,0.1413096027224206,0.1413096026702961,0.1413096027224206,0.14130960277009594,0.1413096027224206,0.1413096026167528,0.14130960244149657,0.1413096026167528,0.1413096027224206,0.1413096026702961,0.14130960244149657,0.14130960168662757,0.14130960244149657,0.1413096026702961,0.1413096027224206,0.1413096026167528,0.14130960244149657,0.1413096026167528,0.1413096027224206,0.14130960277009594,0.1413096027224206,0.1413096026702961,0.1413096027224206,0.14130960277009594,0.14021174714096674,0.14021174710687614,0.14021174706621656,0.14021174710687614,0.14021174714096674,0.14021174710687614,0.1402117470238243,0.14021174686773585,0.1402117470238243,0.14021174710687614,0.14021174706621656,0.14021174686773585,0.14021174609012785,0.14021174686773585,0.14021174706621656,0.14021174710687614,0.1402117470238243,0.14021174686773585,0.1402117470238243,0.14021174710687614,0.14021174714096674,0.14021174710687614,0.14021174706621656,0.14021174710687614,0.14021174714096674,0.13913530786084213,0.13913530786262407,0.13913530786198577,0.13913530786262407,0.13913530786084213,0.13913530786262407,0.13913530786071138,0.13913530784874625,0.13913530786071138,0.13913530786262407,0.13913530786198577,0.13913530784874625,0.1391353077888222,0.13913530784874625,0.13913530786198577,0.13913530786262407,0.13913530786071138,0.13913530784874625,0.13913530786071138,0.13913530786262407,0.13913530786084213,0.13913530786262407,0.13913530786198577,0.13913530786262407,0.13913530786084213,0.13807980477305537,0.1380798048193053,0.13807980486705868,0.1380798048193053,0.13807980477305537,0.1380798048193053,0.13807980491581298,0.13807980505247391,0.13807980491581298,0.1380798048193053,0.13807980486705868,0.13807980505247391,0.1380798054480619,0.13807980505247391,0.13807980486705868,0.1380798048193053,0.13807980491581298,0.13807980505247391,0.13807980491581298,0.1380798048193053,0.13807980477305537,0.1380798048193053,0.13807980486705868,0.1380798048193053,0.13807980477305537,0.13704476718114933,0.1370447672667489,0.13704476737187563,0.1370447672667489,0.13704476718114933,0.1370447672667489,0.13704476748120853,0.13704476791645684,0.13704476748120853,0.1370447672667489,0.13704476737187563,0.13704476791645684,0.13704477034139279,0.13704476791645684,0.13704476737187563,0.1370447672667489,0.13704476748120853,0.13704476791645684,0.13704476748120853,0.1370447672667489,0.13704476718114933,0.1370447672667489,0.13704476737187563,0.1370447672667489,0.13704476718114933,0.1360297339087081,0.13602973396939513,0.13602973402910906,0.13602973396939513,0.1360297339087081,0.13602973396939513,0.13602973408914765,0.1360297342500581,0.13602973408914765,0.13602973396939513,0.13602973402910906,0.1360297342500581,0.13602973469799234,0.1360297342500581,0.13602973402910906,0.13602973396939513,0.13602973408914765,0.1360297342500581,0.13602973408914765,0.13602973396939513,0.1360297339087081,0.13602973396939513,0.13602973402910906,0.13602973396939513,0.1360297339087081,0.13503425342716252,0.1350342534653632,0.13503425349697698,0.1350342534653632,0.13503425342716252,0.1350342534653632,0.13503425352703244,0.1350342535883348,0.13503425352703244,0.1350342534653632,0.13503425349697698,0.1350342535883348,0.13503425370004596,0.1350342535883348,0.13503425349697698,0.1350342534653632,0.13503425352703244,0.1350342535883348,0.13503425352703244,0.1350342534653632,0.13503425342716252,0.1350342534653632,0.13503425349697698,0.1350342534653632,0.13503425342716252
0.16533248747580104,0.16533248747580104,0.16533248747580104,0.16533248747580104,0.16533248747580104,0.16533248747580104,0.16533248747580104,0.16533248747580104,0.16533248747580104,0.16533248747580104,0.16533248747580104,0.16533248747580104,0.16533248747580104,0.16533248747580104,0.16533248747580104,0.16533248747580104,0.16533248747580104,0.16533248747580104,0.16533248747580104,0.16533248747580104,0.16533248747580104,0.16533248747580104,0.16533248747580104,0.16533248747580104,0.16533248747580104,0.16375749376317075,0.16375749376317075,0.16375749376317075,0.16375749376317075,0.16375749376317075,0.16375749376317075,0.16375749376317075,0.16375749376317075,0.16375749376317075,0.16375749376317075,0.16375749376317075,0.16375749376317075,0.16375749376317075,0.16375749376317075,0.16375749376317075,0.16375749376317075,0.16375749376317075,0.16375749376317075,0.16375749376317075,0.16375749376317075,0.16375749376317075,0.16375749376317075,0.16375749376317075,0.16375749376317075,0.16375749376317075,0.1622138839823224,0.1622138839823224,0.1622138839823224,0.1622138839823224,0.1622138839823224,0.1622138839823224,0.1622138839823224,0.1622138839823224,0.1622138839823224,0.1622138839823224,0.1622138839823224,0.1622138839823224,0.1622138839823224,0.1622138839823224,0.1622138839823224,0.1622138839823224,0.1622138839823224,0.1622138839823224,0.1622138839823224,0.1622138839823224,0.1622138839823224,0.1622138839823224,0.1622138839823224,0.1622138839823224,0.1622138839823224,0.16070106709029622,0.160701067090296,0.160701067090296,0.160701067090296,0.16070106709029622,0.160701067090296,0.160701067090296,0.160701067090296,0.160701067090296,0.160701067090296,0.160701067090296,0.160701067090296,0.160701067090296,0.160701067090296,0.160701067090296,0.160701067090296,0.160701067090296,0.160701067090296,0.160701067090296,0.160701067090296,0.16070106709029622,0.160701067090296,0.160701067090296,0.160701067090296,0.16070106709029622,0.15921845146206973,0.15921845146206973,0.15921845146206953,0.15921845146206973,0.15921845146206973,0.15921845146206973,0.15921845146206953,0.1592184514620693,0.15921845146206953,0.15921845146206973,0.15921845146206953,0.1592184514620693,0.1592184514620693,0.1592184514620693,0.15921845146206953,0.15921845146206973,0.15921845146206953,0.1592184514620693,0.15921845146206953,0.15921845146206973,0.15921845146206973,0.15921845146206973,0.15921845146206953,0.15921845146206973,0.15921845146206973,0.15776544624241085,0.1577654462424102,0.15776544624240998,0.1577654462424102,0.15776544624241085,0.1577654462424102,0.1577654462424098,0.15776544624240935,0.1577654462424098,0.1577654462424102,0.15776544624240998,0.15776544624240935,0.15776544624240893,0.15776544624240935,0.15776544624240998,0.1577654462424102,0.1577654462424098,0.15776544624240935,0.1577654462424098,0.1577654462424102,0.15776544624241085,0.1577654462424102,0.15776544624240998,0.1577654462424102,0.15776544624241085,0.15634146256019874,0.15634146256019707,0.15634146256019604,0.15634146256019707,0.15634146256019874,0.15634146256019707,0.1563414625601954,0.15634146256019438,0.1563414625601954,0.15634146256019707,0.15634146256019604,0.15634146256019438,0.15634146256019332,0.15634146256019438,0.15634146256019604,0.15634146256019707,0.1563414625601954,0.15634146256019438,0.1563414625601954,0.15634146256019707,0.15634146256019874,0.15634146256019707,0.15634146256019604,0.15634146256019707,0.15634146256019874,0.15494591461548754,0.1549459146154824,0.15494591461547935,0.1549459146154824,0.15494591461548754,0.1549459146154824,0.1549459146154771,0.1549459146154738,0.1549459146154771,0.1549459146154824,0.15494591461547935,0.1549459146154738,0.15494591461547033,0.1549459146154738,0.15494591461547935,0.1549459146154824,0.1549459146154771,0.1549459146154738,0.1549459146154771,0.1549459146154824,0.15494591461548754,0.1549459146154824,0.15494591461547935,0.1549459146154824,0.15494591461548754,0.1535782206490129,0.1535782206489974,0.15357822064898757,0.1535782206489974,0.1535782206490129,0.1535782206489974,0.15357822064898075,0.1535782206489701,0.15357822064898075,0.1535782206489974,0.15357822064898757,0.1535782206489701,0.15357822064895885,0.1535782206489701,0.15357822064898757,0.1535782206489974,0.15357822064898075,0.1535782206489701,0.15357822064898075,0.1535782206489974,0.1535782206490129,0.1535782206489974,0.15357822064898757,0.1535782206489974,0.1535782206490129,0.15223780380330415,0.1522378038032571,0.15223780380322738,0.1522378038032571,0.15223780380330415,0.1522378038032571,0.15223780380320553,0.15223780380317187,0.15223780380320553,0.1522378038032571,0.15223780380322738,0.15223780380317187,0.15223780380313626,0.15223780380317187,0.15223780380322738,0.1522378038032571,0.15223780380320553,0.15223780380317187,0.15223780380320553,0.1522378038032571,0.15223780380330415,0.1522378038032571,0.15223780380322738,0.1522378038032571,0.15223780380330415,0.15092409288401995,0.15092409288387987,0.1509240928837894,0.15092409288387987,0.15092409288401995,0.15092409288387987,0.15092409288372013,0.1509240928836146,0.15092409288372013,0.15092409288387987,0.1509240928837894,0.1509240928836146,0.15092409288349867,0.1509240928836146,0.1509240928837894,0.15092409288387987,0.15092409288372013,0.1509240928836146,0.15092409288372013,0.15092409288387987,0.15092409288401995,0.15092409288387987,0.1509240928837894,0.15092409288387987,0.15092409288401995,0.1496365230296223,0.14963652302921102,0.14963652302893873,0.14963652302921102,0.1496365230296223,0.14963652302921102,0.1496365230287209,0.14963652302838473,0.1496365230287209,0.14963652302921102,0.14963652302893873,0.14963652302838473,0.14963652302799713,0.14963652302838454,0.14963652302893873,0.14963652302921102,0.1496365230287209,0.14963652302838454,0.1496365230287209,0.14963652302921102,0.1496365230296223,0.14963652302921102,0.14963652302893873,0.14963652302921102,0.1496365230296223,0.14837453629704767,0.1483745362958723,0.14837453629506278,0.1483745362958723,0.14837453629704767,0.1483745362958723,0.14837453629438208,0.14837453629329028,0.14837453629438208,0.1483745362958723,0.14837453629506278,0.14837453629329028,0.1483745362919296,0.14837453629329028,0.14837453629506278,0.1483745362958723,0.14837453629438208,0.14837453629329028,0.14837453629438208,0.1483745362958723,0.14837453629704767,0.1483745362958723,0.14837453629506278,0.1483745362958723,0.14837453629704767,0.14713758217069942,0.1471375821674792,0.14713758216511963,0.1471375821674792,0.14713758217069942,0.1471375821674792,0.14713758216302894,0.1471375821594069,0.14713758216302894,0.1471375821674792,0.14713758216511963,0.1471375821594069,0.14713758215426634,0.1471375821594069,0.14713758216511963,0.1471375821674792,0.14713758216302894,0.1471375821594069,0.14713758216302894,0.1471375821674792,0.14713758217069942,0.1471375821674792,0.14713758216511963,0.1471375821674792,0.14713758217069942,0.14592511800191965,0.14592511799367458,0.1459251179870554,0.14592511799367458,0.14592511800191965,0.14592511799367458,0.14592511798088226,0.14592511796865282,0.14592511798088226,0.14592511799367458,0.1459251179870554,0.14592511796865282,0.14592511794718097,0.14592511796865282,0.1459251179870554,0.14592511799367458,0.14592511798088226,0.14592511796865282,0.14592511798088226,0.14592511799367458,0.14592511800191965,0.14592511799367458,0.1459251179870554,0.14592511799367458,0.14592511800191965,0.14473660938598856,0.1447366093671382,0.14473660934998905,0.1447366093671382,0.14473660938598856,0.1447366093671382,0.1447366093332279,0.14473660929239773,0.1447366093332279,0.1447366093671382,0.14473660934998905,0.14473660929239773,0.1447366091911239,0.14473660929239773,0.14473660934998905,0.1447366093671382,0.1447366093332279,0.14473660929239773,0.1447366093332279,0.1447366093671382,0.14473660938598856,0.1447366093671382,0.14473660934998905,0.1447366093671382,0.14473660938598856,0.1435715304823547,0.14357153044706591,0.14357153041001383,0.14357153044706591,0.1435715304823547,0.14357153044706591,0.1435715303725038,0.14357153025134273,0.1435715303725038,0.14357153044706591,0.14357153041001383,0.14357153025134273,0.14357152970919815,0.14357153025134273,0.14357153041001383,0.14357153044706591,0.1435715303725038,0.14357153025134273,0.1435715303725038,0.14357153044706591,0.1435715304823547,0.14357153044706591,0.14357153041001383,0.14357153044706591,0.1435715304823547,0.14242936427668512,0.1424293642306565,0.1424293641819304,0.1424293642306565,0.14242936427668512,0.1424293642306565,0.14242936413229126,0.1424293639751836,0.14242936413229126,0.1424293642306565,0.1424293641819304,0.1424293639751836,0.14242936331880174,0.1424293639751836,0.1424293641819304,0.1424293642306565,0.14242936413229126,0.1424293639751836,0.1424293641322911,0.1424293642306565,0.14242936427668512,0.1424293642306565,0.1424293641819304,0.1424293642306565,0.14242936427668512,0.14130960277007143,0.14130960272243606,0.1413096026703555,0.14130960272243606,0.14130960277007143,0.14130960272243606,0.1413096026168574,0.14130960244174937,0.1413096026168574,0.14130960272243606,0.1413096026703555,0.14130960244174937,0.1413096016875313,0.14130960244174937,0.1413096026703555,0.14130960272243606,0.1413096026168574,0.14130960244174937,0.1413096026168574,0.14130960272243606,0.14130960277007143,0.14130960272243606,0.1413096026703555,0.14130960272243606,0.14130960277007143,0.1402117471407028,0.14021174710664683,0.14021174706602932,0.14021174710664683,0.1402117471407028,0.14021174710664683,0.14021174702368094,0.1402117468677594,0.14021174702368094,0.14021174710664683,0.14021174706602932,0.1402117468677594,0.14021174609102363,0.1402117468677594,0.14021174706602932,0.14021174710664683,0.14021174702368094,0.1402117468677594,0.14021174702368094,0.14021174710664683,0.1402117471407028,0.14021174710664683,0.14021174706602932,0.14021174710664683,0.1402117471407028,0.13913530786026393,0.13913530786204995,0.13913530786141784,0.13913530786204995,0.13913530786026393,0.13913530786204995,0.1391353078601501,0.13913530784821013,0.1391353078601501,0.13913530786204995,0.13913530786141784,0.13913530784821013,0.13913530778837727,0.13913530784821013,0.13913530786141784,0.13913530786204995,0.1391353078601501,0.13913530784821013,0.1391353078601501,0.13913530786204995,0.13913530786026393,0.13913530786204995,0.13913530786141784,0.13913530786204995,0.13913530786026393,0.13807980477215023,0.1380798048183665,0.13807980486608484,0.1380798048183665,0.13807980477215023,0.1380798048183665,0.13807980491480304,0.1380798050513615,0.13807980491480304,0.1380798048183665,0.13807980486608484,0.1380798050513615,0.1380798054466476,0.1380798050513615,0.13807980486608484,0.1380798048183665,0.13807980491480304,0.1380798050513615,0.13807980491480304,0.1380798048183665,0.13807980477215023,0.1380798048183665,0.13807980486608484,0.1380798048183665,0.13807980477215023,0.13704476717998212,0.13704476726551573,0.13704476737056062,0.13704476726551573,0.13704476717998212,0.13704476726551573,0.13704476747980854,0.1370447679147166,0.13704476747980854,0.13704476726551573,0.13704476737056062,0.1370447679147166,0.137044770337768,0.1370447679147166,0.13704476737056062,0.13704476726551573,0.13704476747980854,0.1370447679147166,0.13704476747980854,0.13704476726551573,0.13704476717998212,0.13704476726551573,0.13704476737056062,0.13704476726551573,0.13704476717998212,0.13602973390741116,0.13602973396805107,0.13602973402771854,0.13602973396805107,0.13602973390741116,0.13602973396805107,0.13602973408771024,0.13602973424849474,0.13602973408771024,0.13602973396805107,0.13602973402771854,0.13602973424849474,0.13602973469607796,0.13602973424849474,0.13602973402771854,0.13602973396805107,0.13602973408771024,0.13602973424849474,0.13602973408771024,0.13602973396805107,0.13602973390741116,0.13602973396805107,0.13602973402771854,0.13602973396805107,0.13602973390741116,0.135034253425831,0.135034253464002,0.1350342534955911,0.135034253464002,0.135034253425831,0.135034253464002,0.135034253525623,0.13503425358687737,0.13503425352562315,0.135034253464002,0.1350342534955911,0.13503425358687737,0.1350342536985011,0.13503425358687737,0.1350342534955911,0.135034253464002,0.13503425352562315,0.13503425358687737,0.13503425352562315,0.135034253464002,0.135034253425831,0.135034253464002,0.1350342534955911,0.135034253464002,0.135034253425831
0.16533248747618665,0.16533248747618665,0.16533248747618665,0.16533248747618665,0.16533248747618665,0.16533248747618665,0.16533248747618665,0.16533248747618665,0.16533248747618665,0.16533248747618665,0.16533248747618665,0.16533248747618665,0.16533248747618665,0.16533248747618665,0.16533248747618665,0.16533248747618665,0.16533248747618665,0.16533248747618665,0.16533248747618665,0.16533248747618665,0.16533248747618665,0.16533248747618665,0.16533248747618665,0.16533248747618665,0.16533248747618665,0.16375749376354867,0.16375749376354867,0.16375749376354867,0.16375749376354867,0.16375749376354867,0.16375749376354867,0.16375749376354867,0.16375749376354867,0.16375749376354867,0.16375749376354867,0.16375749376354867,0.16375749376354867,0.16375749376354867,0.16375749376354867,0.16375749376354867,0.16375749376354867,0.16375749376354867,0.16375749376354867,0.16375749376354867,0.16375749376354867,0.16375749376354867,0.16375749376354867,0.16375749376354867,0.16375749376354867,0.16375749376354867,0.16221388398269276,0.16221388398269276,0.16221388398269276,0.16221388398269276,0.16221388398269276,0.16221388398269276,0.16221388398269276,0.16221388398269276,0.16221388398269276,0.16221388398269276,0.16221388398269276,0.16221388398269276,0.16221388398269276,0.16221388398269276,0.16221388398269276,0.16221388398269276,0.16221388398269276,0.16221388398269276,0.16221388398269276,0.16221388398269276,0.16221388398269276,0.16221388398269276,0.16221388398269276,0.16221388398269276,0.16221388398269276,0.16070106709065923,0.16070106709065898,0.16070106709065898,0.16070106709065898,0.16070106709065923,0.16070106709065898,0.16070106709065898,0.16070106709065898,0.16070106709065898,0.16070106709065898,0.16070106709065898,0.16070106709065898,0.16070106709065898,0.16070106709065898,0.16070106709065898,0.16070106709065898,0.16070106709065898,0.16070106709065898,0.16070106709065898,0.16070106709065898,0.16070106709065923,0.16070106709065898,0.16070106709065898,0.16070106709065898,0.16070106709065923,0.1592184514624255,0.1592184514624255,0.15921845146242528,0.1592184514624255,0.1592184514624255,0.1592184514624255,0.15921845146242528,0.15921845146242505,0.15921845146242528,0.1592184514624255,0.15921845146242528,0.15921845146242505,0.15921845146242505,0.15921845146242505,0.15921845146242528,0.1592184514624255,0.15921845146242528,0.15921845146242505,0.15921845146242528,0.1592184514624255,0.1592184514624255,0.1592184514624255,0.15921845146242528,0.1592184514624255,0.1592184514624255,0.15776544624275948,0.15776544624275887,0.15776544624275843,0.15776544624275887,0.15776544624275948,0.15776544624275887,0.15776544624275823,0.157765446242758,0.15776544624275823,0.15776544624275887,0.15776544624275843,0.157765446242758,0.15776544624275757,0.157765446242758,0.15776544624275843,0.15776544624275887,0.15776544624275823,0.157765446242758,0.15776544624275823,0.15776544624275887,0.15776544624275948,0.15776544624275887,0.15776544624275843,0.15776544624275887,0.15776544624275948,0.15634146256054043,0.15634146256053877,0.15634146256053771,0.15634146256053877,0.15634146256054043,0.15634146256053877,0.15634146256053708,0.15634146256053605,0.15634146256053708,0.15634146256053877,0.15634146256053771,0.15634146256053605,0.15634146256053477,0.15634146256053605,0.15634146256053771,0.15634146256053877,0.15634146256053708,0.15634146256053605,0.15634146256053708,0.15634146256053877,0.15634146256054043,0.15634146256053877,0.15634146256053771,0.15634146256053877,0.15634146256054043,0.1549459146158224,0.15494591461581728,0.1549459146158142,0.15494591461581728,0.1549459146158224,0.15494591461581728,0.15494591461581195,0.1549459146158087,0.15494591461581195,0.15494591461581728,0.1549459146158142,0.1549459146158087,0.1549459146158052,0.1549459146158087,0.1549459146158142,0.15494591461581728,0.15494591461581195,0.1549459146158087,0.15494591461581195,0.15494591461581728,0.1549459146158224,0.15494591461581728,0.1549459146158142,0.15494591461581728,0.1549459146158224,0.15357822064934107,0.1535782206493256,0.15357822064931576,0.1535782206493256,0.15357822064934107,0.1535782206493256,0.15357822064930893,0.15357822064929827,0.15357822064930893,0.1535782206493256,0.15357822064931576,0.15357822064929827,0.15357822064928703,0.15357822064929827,0.15357822064931576,0.1535782206493256,0.15357822064930893,0.15357822064929827,0.15357822064930893,0.1535782206493256,0.15357822064934107,0.1535782206493256,0.15357822064931576,0.1535782206493256,0.15357822064934107,0.15223780380362562,0.15223780380357876,0.152237803803549,0.15223780380357876,0.15223780380362562,0.15223780380357876,0.15223780380352697,0.1522378038034935,0.15223780380352697,0.15223780380357876,0.152237803803549,0.1522378038034935,0.1522378038034577,0.1522378038034935,0.152237803803549,0.15223780380357876,0.15223780380352697,0.1522378038034935,0.15223780380352697,0.15223780380357876,0.15223780380362562,0.15223780380357876,0.152237803803549,0.15223780380357876,0.15223780380362562,0.150924092884335,0.15092409288419492,0.15092409288410466,0.15092409288419492,0.150924092884335,0.15092409288419492,0.1509240928840352,0.15092409288392986,0.1509240928840352,0.15092409288419492,0.15092409288410466,0.15092409288392986,0.1509240928838139,0.15092409288392986,0.15092409288410466,0.15092409288419492,0.1509240928840352,0.15092409288392986,0.1509240928840352,0.15092409288419492,0.150924092884335,0.15092409288419492,0.15092409288410466,0.15092409288419492,0.150924092884335,0.14963652302993088,0.14963652302951963,0.1496365230292477,0.14963652302951963,0.14963652302993088,0.14963652302951963,0.14963652302902988,0.1496365230286937,0.14963652302902988,0.14963652302951963,0.1496365230292477,0.1496365230286937,0.14963652302830646,0.1496365230286937,0.1496365230292477,0.14963652302951963,0.14963652302902988,0.1496365230286937,0.14963652302902988,0.14963652302951963,0.14963652302993088,0.14963652302951963,0.1496365230292477,0.14963652302951963,0.14963652302993088,0.1483745362973494,0.1483745362961746,0.14837453629536562,0.1483745362961746,0.1483745362973494,0.1483745362961746,0.14837453629468528,0.14837453629359404,0.14837453629468528,0.1483745362961746,0.14837453629536562,0.14837453629359404,0.14837453629223388,0.14837453629359404,0.14837453629536562,0.1483745362961746,0.14837453629468528,0.14837453629359404,0.14837453629468528,0.1483745362961746,0.1483745362973494,0.1483745362961746,0.14837453629536562,0.1483745362961746,0.1483745362973494,0.14713758217099315,0.14713758216777456,0.14713758216541611,0.14713758216777456,0.14713758217099315,0.14713758216777456,0.1471375821633267,0.14713758215970663,0.1471375821633267,0.14713758216777456,0.14713758216541611,0.14713758215970663,0.14713758215456862,0.14713758215970663,0.14713758216541611,0.14713758216777456,0.1471375821633267,0.14713758215970663,0.1471375821633267,0.14713758216777456,0.14713758217099315,0.14713758216777456,0.14713758216541611,0.14713758216777456,0.14713758217099315,0.1459251180022017,0.14592511799396107,0.14592511798734545,0.14592511799396107,0.1459251180022017,0.14592511799396107,0.14592511798117572,0.1459251179689527,0.14592511798117572,0.14592511799396107,0.14592511798734545,0.1459251179689527,0.1459251179474917,0.1459251179689527,0.14592511798734545,0.14592511799396107,0.14592511798117572,0.1459251179689527,0.14592511798117572,0.14592511799396107,0.1459251180022017,0.14592511799396107,0.14592511798734545,0.14592511799396107,0.1459251180022017,0.1447366093862497,0.14473660936741017,0.14473660935027025,0.14473660936741,0.1447366093862497,0.14473660936741017,0.14473660933351817,0.14473660929270948,0.14473660933351817,0.14473660936741,0.14473660935027025,0.14473660929270948,0.14473660919148612,0.14473660929270948,0.14473660935027025,0.14473660936741,0.14473660933351817,0.14473660929270948,0.14473660933351817,0.14473660936741,0.1447366093862497,0.14473660936741,0.14473660935027025,0.14473660936741,0.1447366093862497,0.1435715304825727,0.14357153044730514,0.14357153041027426,0.14357153044730514,0.1435715304825727,0.14357153044730514,0.14357153037278564,0.1435715302516887,0.14357153037278564,0.14357153044730514,0.14357153041027426,0.1435715302516887,0.1435715297098169,0.1435715302516887,0.14357153041027426,0.14357153044730514,0.14357153037278564,0.1435715302516887,0.14357153037278564,0.14357153044730514,0.1435715304825727,0.14357153044730514,0.14357153041027426,0.14357153044730514,0.1435715304825727,0.1424293642768155,0.14242936423081887,0.1424293641821255,0.14242936423081873,0.1424293642768155,0.14242936423081887,0.14242936413251955,0.14242936397551206,0.14242936413251955,0.14242936423081887,0.1424293641821255,0.14242936397551206,0.14242936331953213,0.14242936397551206,0.1424293641821255,0.14242936423081873,0.14242936413251955,0.14242936397551206,0.14242936413251955,0.14242936423081873,0.1424293642768155,0.14242936423081887,0.1424293641821255,0.14242936423081873,0.1424293642768155,0.14130960277004692,0.14130960272245152,0.1413096026704147,0.14130960272245152,0.14130960277004692,0.14130960272245152,0.14130960261696168,0.14130960244200164,0.14130960261696168,0.14130960272245152,0.1413096026704147,0.14130960244200164,0.1413096016884204,0.14130960244200164,0.1413096026704147,0.14130960272245152,0.14130960261696168,0.14130960244200164,0.14130960261696168,0.14130960272245152,0.14130960277004692,0.14130960272245152,0.1413096026704147,0.14130960272245152,0.14130960277004692,0.1402117471404388,0.14021174710641754,0.14021174706584194,0.14021174710641754,0.1402117471404388,0.14021174710641754,0.14021174702353742,0.1402117468677823,0.14021174702353742,0.14021174710641754,0.14021174706584194,0.1402117468677823,0.14021174609188972,0.1402117468677823,0.14021174706584194,0.14021174710641754,0.14021174702353742,0.1402117468677823,0.14021174702353742,0.14021174710641754,0.1402117471404388,0.14021174710641754,0.14021174706584194,0.14021174710641754,0.1402117471404388,0.1391353078596862,0.13913530786147632,0.13913530786085038,0.13913530786147632,0.1391353078596862,0.13913530786147632,0.13913530785958927,0.13913530784767428,0.13913530785958927,0.13913530786147632,0.13913530786085038,0.13913530784767428,0.1391353077879325,0.13913530784767428,0.13913530786085038,0.13913530786147632,0.13913530785958927,0.13913530784767428,0.13913530785958927,0.13913530786147632,0.1391353078596862,0.13913530786147632,0.13913530786085038,0.13913530786147632,0.1391353078596862,0.13807980477124604,0.13807980481742882,0.13807980486511182,0.13807980481742882,0.13807980477124604,0.13807980481742882,0.138079804913794,0.13807980505025,0.138079804913794,0.13807980481742882,0.13807980486511182,0.13807980505025,0.13807980544523488,0.13807980505025,0.13807980486511182,0.13807980481742882,0.138079804913794,0.13807980505025,0.138079804913794,0.13807980481742882,0.13807980477124604,0.13807980481742882,0.13807980486511182,0.13807980481742882,0.13807980477124604,0.13704476717881614,0.13704476726428375,0.137044767369247,0.13704476726428375,0.13704476717881614,0.13704476726428375,0.13704476747841007,0.13704476791297818,0.13704476747841007,0.13704476726428375,0.137044767369247,0.13704476791297818,0.1370447703341058,0.13704476791297818,0.137044767369247,0.13704476726428375,0.13704476747841007,0.13704476791297818,0.13704476747841007,0.13704476726428375,0.13704476717881614,0.13704476726428375,0.137044767369247,0.13704476726428375,0.13704476717881614,0.13602973390611572,0.13602973396670853,0.13602973402632942,0.13602973396670853,0.13602973390611572,0.13602973396670853,0.13602973408627436,0.13602973424693315,0.13602973408627422,0.13602973396670853,0.13602973402632942,0.13602973424693315,0.13602973469416565,0.13602973424693315,0.13602973402632942,0.13602973396670853,0.13602973408627422,0.13602973424693315,0.13602973408627422,0.13602973396670853,0.13602973390611572,0.13602973396670853,0.13602973402632942,0.13602973396670853,0.13602973390611572,0.13503425342450098,0.13503425346264214,0.13503425349420664,0.13503425346264214,0.13503425342450098,0.13503425346264214,0.13503425352421516,0.13503425358542154,0.13503425352421516,0.13503425346264214,0.13503425349420664,0.13503425358542154,0.13503425369695782,0.13503425358542154,0.13503425349420664,0.13503425346264214,0.13503425352421516,0.13503425358542154,0.13503425352421516,0.13503425346264214,0.13503425342450098,0.13503425346264214,0.13503425349420664,0.13503425346264214,0.13503425342450098
0.1653324874765727,0.1653324874765727,0.1653324874765727,0.1653324874765727,0.1653324874765727,0.1653324874765727,0.1653324874765727,0.1653324874765727,0.1653324874765727,0.1653324874765727,0.1653324874765727,0.1653324874765727,0.1653324874765727,0.1653324874765727,0.1653324874765727,0.1653324874765727,0.1653324874765727,0.1653324874765727,0.1653324874765727,0.1653324874765727,0.1653324874765727,0.1653324874765727,0.1653324874765727,0.1653324874765727,0.1653324874765727,0.16375749376392681,0.16375749376392681,0.16375749376392681,0.16375749376392681,0.16375749376392681,0.16375749376392681,0.16375749376392681,0.16375749376392681,0.16375749376392681,0.16375749376392681,0.16375749376392681,0.16375749376392681,0.16375749376392681,0.16375749376392681,0.16375749376392681,0.16375749376392681,0.16375749376392681,0.16375749376392681,0.16375749376392681,0.16375749376392681,0.16375749376392681,0.16375749376392681,0.16375749376392681,0.16375749376392681,0.16375749376392681,0.1622138839830632,0.1622138839830632,0.1622138839830632,0.1622138839830632,0.1622138839830632,0.1622138839830632,0.1622138839830632,0.1622138839830632,0.1622138839830632,0.1622138839830632,0.1622138839830632,0.1622138839830632,0.1622138839830632,0.1622138839830632,0.1622138839830632,0.1622138839830632,0.1622138839830632,0.1622138839830632,0.1622138839830632,0.1622138839830632,0.1622138839830632,0.1622138839830632,0.1622138839830632,0.1622138839830632,0.1622138839830632,0.160701067091022,0.160701067091022,0.160701067091022,0.160701067091022,0.160701067091022,0.160701067091022,0.160701067091022,0.16070106709102178,0.160701067091022,0.160701067091022,0.160701067091022,0.16070106709102178,0.16070106709102178,0.16070106709102178,0.160701067091022,0.160701067091022,0.160701067091022,0.16070106709102178,0.160701067091022,0.160701067091022,0.160701067091022,0.160701067091022,0.160701067091022,0.160701067091022,0.160701067091022,0.15921845146278102,0.15921845146278102,0.15921845146278082,0.15921845146278102,0.15921845146278102,0.15921845146278102,0.15921845146278082,0.1592184514627806,0.15921845146278082,0.15921845146278102,0.15921845146278082,0.1592184514627806,0.1592184514627806,0.1592184514627806,0.15921845146278082,0.15921845146278102,0.15921845146278082,0.1592184514627806,0.15921845146278082,0.15921845146278102,0.15921845146278102,0.15921845146278102,0.15921845146278082,0.15921845146278102,0.15921845146278102,0.1577654462431077,0.1577654462431073,0.15776544624310687,0.1577654462431073,0.1577654462431077,0.1577654462431073,0.15776544624310662,0.15776544624310643,0.15776544624310662,0.1577654462431073,0.15776544624310687,0.15776544624310643,0.157765446243106,0.15776544624310643,0.15776544624310687,0.1577654462431073,0.15776544624310662,0.15776544624310643,0.15776544624310662,0.1577654462431073,0.1577654462431077,0.1577654462431073,0.15776544624310687,0.1577654462431073,0.1577654462431077,0.1563414625608817,0.15634146256088,0.1563414625608792,0.15634146256088,0.1563414625608817,0.15634146256088,0.15634146256087833,0.1563414625608773,0.15634146256087833,0.15634146256088,0.1563414625608792,0.1563414625608773,0.15634146256087625,0.1563414625608773,0.1563414625608792,0.15634146256088,0.15634146256087833,0.1563414625608773,0.15634146256087833,0.15634146256088,0.1563414625608817,0.15634146256088,0.1563414625608792,0.15634146256088,0.1563414625608817,0.15494591461615687,0.15494591461615173,0.15494591461614865,0.15494591461615173,0.15494591461615687,0.15494591461615173,0.1549459146161464,0.15494591461614313,0.1549459146161464,0.15494591461615173,0.15494591461614865,0.15494591461614313,0.15494591461613963,0.15494591461614313,0.15494591461614865,0.15494591461615173,0.1549459146161464,0.15494591461614313,0.1549459146161464,0.15494591461615173,0.15494591461615687,0.15494591461615173,0.15494591461614865,0.15494591461615173,0.15494591461615687,0.15357822064966883,0.15357822064965337,0.15357822064964355,0.15357822064965337,0.15357822064966883,0.15357822064965337,0.1535782206496367,0.15357822064962603,0.1535782206496367,0.15357822064965337,0.15357822064964355,0.15357822064962603,0.1535782206496148,0.15357822064962603,0.15357822064964355,0.15357822064965337,0.1535782206496367,0.15357822064962603,0.1535782206496367,0.15357822064965337,0.15357822064966883,0.15357822064965337,0.15357822064964355,0.15357822064965337,0.15357822064966883,0.15223780380394683,0.15223780380389978,0.1522378038038701,0.15223780380389978,0.15223780380394683,0.15223780380389978,0.15223780380384822,0.15223780380381474,0.15223780380384822,0.15223780380389978,0.1522378038038701,0.15223780380381474,0.15223780380377894,0.15223780380381474,0.1522378038038701,0.15223780380389978,0.15223780380384822,0.15223780380381474,0.15223780380384822,0.15223780380389978,0.15223780380394683,0.15223780380389978,0.1522378038038701,0.15223780380389978,0.15223780380394683,0.15092409288464964,0.15092409288450956,0.1509240928844193,0.15092409288450956,0.15092409288464964,0.15092409288450956,0.15092409288435002,0.15092409288424471,0.15092409288435002,0.15092409288450956,0.1509240928844193,0.15092409288424471,0.15092409288412875,0.15092409288424471,0.1509240928844193,0.15092409288450956,0.15092409288435002,0.15092409288424471,0.15092409288435002,0.15092409288450956,0.15092409288464964,0.15092409288450956,0.1509240928844193,0.15092409288450956,0.15092409288464964,0.1496365230302389,0.14963652302982802,0.14963652302955613,0.14963652302982802,0.1496365230302389,0.14963652302982802,0.14963652302933847,0.14963652302900246,0.14963652302933847,0.14963652302982802,0.14963652302955613,0.14963652302900246,0.14963652302861521,0.14963652302900246,0.14963652302955613,0.14963652302982802,0.14963652302933847,0.14963652302900246,0.14963652302933847,0.14963652302982802,0.1496365230302389,0.14963652302982802,0.14963652302955613,0.14963652302982802,0.1496365230302389,0.14837453629765054,0.14837453629647648,0.14837453629566788,0.14837453629647648,0.14837453629765054,0.14837453629647648,0.14837453629498792,0.1483745362938972,0.14837453629498792,0.14837453629647648,0.14837453629566788,0.1483745362938972,0.14837453629253786,0.1483745362938972,0.14837453629566788,0.14837453629647648,0.14837453629498792,0.1483745362938972,0.14837453629498792,0.14837453629647648,0.14837453629765054,0.14837453629647648,0.14837453629566788,0.14837453629647648,0.14837453629765054,0.14713758217128636,0.14713758216806958,0.14713758216571238,0.14713758216806958,0.14713758217128636,0.14713758216806958,0.14713758216362405,0.1471375821600058,0.14713758216362405,0.14713758216806958,0.14713758216571238,0.1471375821600058,0.14713758215487055,0.1471375821600058,0.14713758216571238,0.14713758216806958,0.14713758216362405,0.1471375821600058,0.14713758216362405,0.14713758216806958,0.14713758217128636,0.14713758216806958,0.14713758216571238,0.14713758216806958,0.14713758217128636,0.14592511800248323,0.14592511799424723,0.14592511798763516,0.14592511799424723,0.14592511800248323,0.14592511799424723,0.14592511798146882,0.1459251179692522,0.14592511798146882,0.14592511799424723,0.14592511798763516,0.1459251179692522,0.14592511794780205,0.1459251179692522,0.14592511798763516,0.14592511799424723,0.14592511798146882,0.1459251179692522,0.14592511798146882,0.14592511799424723,0.14592511800248323,0.14592511799424723,0.14592511798763516,0.14592511799424723,0.14592511800248323,0.1447366093865103,0.1447366093676814,0.14473660935055113,0.1447366093676814,0.1447366093865103,0.1447366093676814,0.1447366093338081,0.1447366092930207,0.1447366093338081,0.1447366093676814,0.14473660935055113,0.1447366092930207,0.14473660919184797,0.1447366092930207,0.14473660935055113,0.1447366093676814,0.1447366093338081,0.1447366092930207,0.1447366093338081,0.1447366093676814,0.1447366093865103,0.1447366093676814,0.14473660935055113,0.1447366093676814,0.1447366093865103,0.14357153048279,0.14357153044754384,0.14357153041053433,0.14357153044754384,0.14357153048279,0.14357153044754384,0.14357153037306677,0.14357153025203417,0.14357153037306677,0.14357153044754384,0.14357153041053433,0.14357153025203417,0.1435715297103963,0.14357153025203417,0.14357153041053433,0.14357153044754384,0.14357153037306677,0.14357153025203417,0.14357153037306677,0.14357153044754384,0.14357153048279,0.14357153044754384,0.14357153041053433,0.14357153044754384,0.14357153048279,0.1424293642769453,0.1424293642309806,0.14242936418232027,0.1424293642309806,0.1424293642769453,0.1424293642309806,0.14242936413274754,0.1424293639758402,0.14242936413274754,0.1424293642309806,0.14242936418232027,0.1424293639758402,0.14242936332024891,0.1424293639758402,0.14242936418232027,0.1424293642309806,0.14242936413274754,0.1424293639758402,0.14242936413274754,0.1424293642309806,0.1424293642769453,0.1424293642309806,0.14242936418232027,0.1424293642309806,0.1424293642769453,0.1413096027700219,0.14130960272246648,0.14130960267047343,0.14130960272246648,0.1413096027700219,0.14130960272246648,0.14130960261706546,0.14130960244225332,0.14130960261706546,0.14130960272246648,0.14130960267047343,0.14130960244225332,0.1413096016893057,0.14130960244225332,0.14130960267047343,0.14130960272246648,0.14130960261706546,0.14130960244225332,0.14130960261706546,0.14130960272246648,0.1413096027700219,0.14130960272246648,0.14130960267047343,0.14130960272246648,0.1413096027700219,0.14021174714017484,0.1402117471061879,0.14021174706565423,0.1402117471061879,0.14021174714017484,0.1402117471061879,0.14021174702339356,0.14021174686780438,0.14021174702339356,0.1402117471061879,0.14021174706565423,0.14021174686780438,0.14021174609277984,0.14021174686780438,0.14021174706565423,0.1402117471061879,0.14021174702339356,0.14021174686780438,0.14021174702339356,0.1402117471061879,0.14021174714017484,0.1402117471061879,0.14021174706565423,0.1402117471061879,0.14021174714017484,0.13913530785910877,0.1391353078609029,0.13913530786028291,0.1391353078609029,0.13913530785910877,0.1391353078609029,0.13913530785902858,0.1391353078471386,0.13913530785902858,0.1391353078609029,0.13913530786028291,0.1391353078471386,0.1391353077874874,0.1391353078471386,0.13913530786028291,0.1391353078609029,0.13913530785902858,0.1391353078471386,0.13913530785902858,0.1391353078609029,0.13913530785910877,0.1391353078609029,0.13913530786028291,0.1391353078609029,0.13913530785910877,0.13807980477034246,0.1380798048164916,0.13807980486413957,0.1380798048164916,0.13807980477034246,0.1380798048164916,0.13807980491278596,0.13807980504913944,0.13807980491278596,0.1380798048164916,0.13807980486413957,0.13807980504913944,0.13807980544382356,0.13807980504913944,0.13807980486413957,0.1380798048164916,0.13807980491278596,0.13807980504913944,0.13807980491278596,0.1380798048164916,0.13807980477034246,0.1380798048164916,0.13807980486413957,0.1380798048164916,0.13807980477034246,0.13704476717765102,0.13704476726305284,0.13704476736793475,0.13704476726305284,0.13704476717765102,0.13704476726305284,0.13704476747701283,0.13704476791124157,0.13704476747701283,0.13704476726305284,0.13704476736793475,0.13704476791124157,0.13704477033048543,0.13704476791124157,0.13704476736793475,0.13704476726305284,0.13704476747701283,0.13704476791124157,0.13704476747701283,0.13704476726305284,0.13704476717765102,0.13704476726305284,0.13704476736793475,0.13704476726305284,0.13704476717765102,0.13602973390482148,0.13602973396536713,0.1360297340249417,0.13602973396536713,0.13602973390482148,0.13602973396536713,0.13602973408483965,0.13602973424537304,0.13602973408483965,0.13602973396536713,0.1360297340249417,0.13602973424537304,0.13602973469225546,0.13602973424537304,0.1360297340249417,0.13602973396536713,0.13602973408483965,0.13602973424537304,0.13602973408483965,0.13602973396536713,0.13602973390482148,0.13602973396536713,0.1360297340249417,0.13602973396536713,0.13602973390482148,0.13503425342317224,0.13503425346128387,0.13503425349282364,0.13503425346128387,0.13503425342317224,0.13503425346128387,0.13503425352280876,0.13503425358396734,0.13503425352280876,0.13503425346128387,0.13503425349282364,0.13503425358396734,0.1350342536954163,0.13503425358396734,0.13503425349282364,0.13503425346128387,0.13503425352280876,0.13503425358396734,0.13503425352280876,0.13503425346128387,0.13503425342317224,0.13503425346128387,0.13503425349282364,0.13503425346128387,0.13503425342317224
0.16533248747695783,0.16533248747695783,0.16533248747695783,0.16533248747695783,0.16533248747695783,0.16533248747695783,0.16533248747695783,0.16533248747695783,0.16533248747695783,0.16533248747695783,0.16533248747695783,0.16533248747695783,0.16533248747695783,0.16533248747695783,0.16533248747695783,0.16533248747695783,0.16533248747695783,0.16533248747695783,0.16533248747695783,0.16533248747695783,0.16533248747695783,0.16533248747695783,0.16533248747695783,0.16533248747695783,0.16533248747695783,0.16375749376430426,0.16375749376430426,0.16375749376430426,0.16375749376430426,0.16375749376430426,0.16375749376430426,0.16375749376430426,0.16375749376430426,0.16375749376430426,0.16375749376430426,0.16375749376430426,0.16375749376430426,0.16375749376430426,0.16375749376430426,0.16375749376430426,0.16375749376430426,0.16375749376430426,0.16375749376430426,0.16375749376430426,0.16375749376430426,0.16375749376430426,0.16375749376430426,0.16375749376430426,0.16375749376430426,0.16375749376430426,0.1622138839834331,0.1622138839834331,0.1622138839834331,0.1622138839834331,0.1622138839834331,0.1622138839834331,0.1622138839834331,0.1622138839834331,0.1622138839834331,0.1622138839834331,0.1622138839834331,0.1622138839834331,0.1622138839834331,0.1622138839834331,0.1622138839834331,0.1622138839834331,0.1622138839834331,0.1622138839834331,0.1622138839834331,0.1622138839834331,0.1622138839834331,0.1622138839834331,0.1622138839834331,0.1622138839834331,0.1622138839834331,0.16070106709138454,0.16070106709138432,0.16070106709138432,0.16070106709138432,0.16070106709138454,0.16070106709138432,0.16070106709138432,0.16070106709138432,0.16070106709138432,0.16070106709138432,0.16070106709138432,0.16070106709138432,0.16070106709138432,0.16070106709138432,0.16070106709138432,0.16070106709138432,0.16070106709138432,0.16070106709138432,0.16070106709138432,0.16070106709138432,0.16070106709138454,0.16070106709138432,0.16070106709138432,0.16070106709138432,0.16070106709138454,0.15921845146313635,0.15921845146313615,0.15921845146313615,0.15921845146313615,0.15921845146313635,0.15921845146313615,0.1592184514631359,0.1592184514631359,0.1592184514631359,0.15921845146313615,0.15921845146313615,0.1592184514631359,0.1592184514631357,0.1592184514631359,0.15921845146313615,0.15921845146313615,0.1592184514631359,0.1592184514631359,0.1592184514631359,0.15921845146313615,0.15921845146313635,0.15921845146313615,0.15921845146313615,0.15921845146313615,0.15921845146313635,0.15776544624345593,0.1577654462434553,0.15776544624345504,0.1577654462434553,0.15776544624345593,0.1577654462434553,0.15776544624345487,0.15776544624345443,0.15776544624345487,0.1577654462434553,0.15776544624345504,0.15776544624345443,0.157765446243454,0.15776544624345443,0.15776544624345504,0.1577654462434553,0.15776544624345487,0.15776544624345443,0.15776544624345487,0.1577654462434553,0.15776544624345593,0.1577654462434553,0.15776544624345504,0.1577654462434553,0.15776544624345593,0.15634146256122297,0.15634146256122125,0.15634146256122022,0.15634146256122125,0.15634146256122297,0.15634146256122125,0.1563414625612196,0.15634146256121856,0.1563414625612196,0.15634146256122125,0.15634146256122022,0.15634146256121856,0.1563414625612173,0.15634146256121856,0.15634146256122022,0.15634146256122125,0.1563414625612196,0.15634146256121856,0.1563414625612196,0.15634146256122125,0.15634146256122297,0.15634146256122125,0.15634146256122022,0.15634146256122125,0.15634146256122297,0.1549459146164911,0.154945914616486,0.15494591461648288,0.154945914616486,0.1549459146164911,0.154945914616486,0.15494591461648086,0.1549459146164774,0.15494591461648086,0.154945914616486,0.15494591461648288,0.1549459146164774,0.1549459146164739,0.1549459146164774,0.15494591461648288,0.154945914616486,0.15494591461648086,0.1549459146164774,0.15494591461648086,0.154945914616486,0.1549459146164911,0.154945914616486,0.15494591461648288,0.154945914616486,0.1549459146164911,0.1535782206499962,0.15357822064998072,0.1535782206499711,0.15357822064998072,0.1535782206499962,0.15357822064998072,0.15357822064996426,0.15357822064995363,0.15357822064996426,0.15357822064998095,0.1535782206499711,0.15357822064995363,0.1535782206499424,0.15357822064995363,0.1535782206499711,0.15357822064998072,0.15357822064996426,0.15357822064995363,0.15357822064996426,0.15357822064998072,0.1535782206499962,0.15357822064998095,0.1535782206499711,0.15357822064998072,0.1535782206499962,0.15223780380426769,0.15223780380422083,0.1522378038041911,0.15223780380422083,0.15223780380426769,0.15223780380422083,0.15223780380416926,0.15223780380413582,0.15223780380416926,0.15223780380422083,0.1522378038041911,0.15223780380413582,0.15223780380409999,0.15223780380413582,0.1522378038041911,0.15223780380422083,0.15223780380416926,0.15223780380413582,0.15223780380416926,0.15223780380422083,0.15223780380426769,0.15223780380422083,0.1522378038041911,0.15223780380422083,0.15223780380426769,0.15092409288496408,0.15092409288482403,0.15092409288473377,0.15092409288482403,0.15092409288496408,0.15092409288482403,0.1509240928846645,0.15092409288455935,0.1509240928846645,0.15092409288482403,0.15092409288473377,0.15092409288455935,0.1509240928844436,0.15092409288455935,0.15092409288473377,0.15092409288482403,0.1509240928846645,0.15092409288455935,0.1509240928846645,0.15092409288482403,0.15092409288496408,0.15092409288482403,0.15092409288473377,0.15092409288482403,0.15092409288496408,0.1496365230305469,0.14963652303013605,0.14963652302986433,0.14963652303013605,0.1496365230305469,0.14963652303013605,0.14963652302964686,0.14963652302931105,0.14963652302964686,0.14963652303013605,0.14963652302986433,0.14963652302931105,0.149636523028924,0.14963652302931105,0.14963652302986433,0.14963652303013605,0.14963652302964686,0.14963652302931105,0.14963652302964686,0.14963652303013605,0.1496365230305469,0.14963652303013605,0.14963652302986433,0.14963652303013605,0.1496365230305469,0.1483745362979517,0.1483745362967782,0.14837453629596997,0.1483745362967782,0.1483745362979517,0.1483745362967782,0.14837453629529035,0.14837453629420025,0.14837453629529035,0.1483745362967782,0.14837453629596997,0.14837453629420025,0.1483745362928416,0.14837453629420025,0.14837453629596997,0.1483745362967782,0.14837453629529035,0.14837453629420025,0.14837453629529035,0.1483745362967782,0.1483745362979517,0.1483745362967782,0.14837453629596997,0.1483745362967782,0.1483745362979517,0.14713758217157935,0.14713758216836423,0.14713758216600847,0.14713758216836423,0.14713758217157935,0.14713758216836423,0.14713758216392125,0.1471375821603048,0.14713758216392125,0.14713758216836423,0.14713758216600847,0.1471375821603048,0.14713758215517228,0.1471375821603048,0.14713758216600847,0.14713758216836423,0.14713758216392125,0.1471375821603048,0.14713758216392125,0.14713758216836423,0.14713758217157935,0.14713758216836423,0.14713758216600847,0.14713758216836423,0.14713758217157935,0.14592511800276475,0.14592511799453337,0.14592511798792487,0.14592511799453337,0.14592511800276475,0.14592511799453337,0.14592511798176175,0.14592511796955152,0.14592511798176175,0.14592511799453337,0.14592511798792487,0.14592511796955152,0.14592511794811225,0.14592511796955152,0.14592511798792487,0.14592511799453337,0.14592511798176175,0.14592511796955152,0.14592511798176175,0.14592511799453337,0.14592511800276475,0.14592511799453337,0.14592511798792487,0.14592511799453337,0.14592511800276475,0.14473660938677071,0.14473660936795268,0.1447366093508316,0.14473660936795268,0.14473660938677071,0.14473660936795268,0.14473660933409785,0.14473660929333176,0.14473660933409785,0.14473660936795268,0.1447366093508316,0.14473660929333176,0.14473660919220963,0.14473660929333176,0.1447366093508316,0.14473660936795268,0.14473660933409785,0.14473660929333176,0.14473660933409785,0.14473660936795268,0.14473660938677071,0.14473660936795268,0.1447366093508316,0.14473660936795268,0.14473660938677071,0.14357153048300733,0.14357153044778237,0.1435715304107941,0.14357153044778237,0.14357153048300733,0.14357153044778237,0.1435715303733479,0.14357153025237965,0.1435715303733479,0.14357153044778237,0.1435715304107941,0.14357153025237965,0.1435715297110236,0.14357153025237965,0.1435715304107941,0.14357153044778237,0.1435715303733479,0.14357153025237965,0.1435715303733479,0.14357153044778237,0.14357153048300733,0.14357153044778237,0.1435715304107941,0.14357153044778237,0.14357153048300733,0.142429364277075,0.1424293642311423,0.14242936418251467,0.1424293642311423,0.142429364277075,0.1424293642311423,0.14242936413297516,0.14242936397616798,0.14242936413297516,0.1424293642311423,0.14242936418251467,0.14242936397616798,0.1424293633209897,0.14242936397616798,0.14242936418251467,0.1424293642311423,0.14242936413297516,0.14242936397616798,0.14242936413297516,0.1424293642311423,0.142429364277075,0.1424293642311423,0.14242936418251467,0.1424293642311423,0.142429364277075,0.14130960276999696,0.14130960272248128,0.14130960267053197,0.14130960272248128,0.14130960276999696,0.14130960272248128,0.1413096026171689,0.14130960244250426,0.1413096026171689,0.14130960272248128,0.14130960267053197,0.14130960244250426,0.14130960169019285,0.14130960244250426,0.14130960267053197,0.14130960272248128,0.1413096026171689,0.14130960244250426,0.1413096026171689,0.14130960272248128,0.14130960276999696,0.14130960272248128,0.14130960267053197,0.14130960272248128,0.14130960276999696,0.14021174713991086,0.14021174710595846,0.14021174706546655,0.14021174710595846,0.14021174713991086,0.14021174710595846,0.1402117470232496,0.14021174686782614,0.1402117470232496,0.14021174710595846,0.14021174706546655,0.14021174686782614,0.14021174609366044,0.14021174686782614,0.14021174706546655,0.14021174710595846,0.1402117470232496,0.14021174686782614,0.1402117470232496,0.14021174710595846,0.14021174713991086,0.14021174710595846,0.14021174706546655,0.14021174710595846,0.14021174713991086,0.13913530785853165,0.13913530786032985,0.13913530785971606,0.13913530786032985,0.13913530785853165,0.13913530786032985,0.13913530785846825,0.13913530784660308,0.13913530785846825,0.13913530786032985,0.13913530785971606,0.13913530784660308,0.13913530778704233,0.13913530784660308,0.13913530785971606,0.13913530786032985,0.13913530785846825,0.13913530784660308,0.13913530785846825,0.13913530786032985,0.13913530785853165,0.13913530786032985,0.13913530785971606,0.13913530786032985,0.13913530785853165,0.13807980476943982,0.13807980481555546,0.1380798048631682,0.13807980481555546,0.13807980476943982,0.13807980481555546,0.13807980491177863,0.13807980504802997,0.13807980491177863,0.13807980481555546,0.1380798048631682,0.13807980504802997,0.13807980544241344,0.13807980504802997,0.1380798048631682,0.13807980481555546,0.13807980491177863,0.13807980504802997,0.13807980491177863,0.13807980481555546,0.13807980476943982,0.13807980481555546,0.1380798048631682,0.13807980481555546,0.13807980476943982,0.13704476717648734,0.13704476726182313,0.13704476736662372,0.13704476726182313,0.13704476717648734,0.13704476726182313,0.1370447674756171,0.13704476790950695,0.1370447674756171,0.13704476726182313,0.13704476736662372,0.13704476790950695,0.13704477032687234,0.13704476790950695,0.13704476736662372,0.13704476726182313,0.1370447674756171,0.13704476790950695,0.1370447674756171,0.13704476726182313,0.13704476717648734,0.13704476726182313,0.13704476736662372,0.13704476726182313,0.13704476717648734,0.1360297339035286,0.13602973396402715,0.1360297340235553,0.13602973396402715,0.1360297339035286,0.13602973396402715,0.1360297340834066,0.13602973424381473,0.1360297340834066,0.13602973396402715,0.1360297340235553,0.13602973424381473,0.13602973469034735,0.13602973424381473,0.1360297340235553,0.13602973396402715,0.1360297340834066,0.13602973424381473,0.1360297340834066,0.13602973396402715,0.1360297339035286,0.13602973396402715,0.1360297340235553,0.13602973396402715,0.1360297339035286,0.13503425342184483,0.13503425345992662,0.13503425349144182,0.13503425345992662,0.13503425342184483,0.13503425345992662,0.13503425352140372,0.13503425358251445,0.13503425352140372,0.13503425345992662,0.13503425349144182,0.13503425358251445,0.13503425369387628,0.13503425358251445,0.13503425349144182,0.13503425345992662,0.13503425352140372,0.13503425358251445,0.13503425352140372,0.13503425345992662,0.13503425342184483,0.13503425345992662,0.13503425349144182,0.13503425345992662,0.13503425342184483
0.1653324874773418,0.1653324874773418,0.1653324874773418,0.1653324874773418,0.1653324874773418,0.1653324874773418,0.1653324874773418,0.1653324874773418,0.1653324874773418,0.1653324874773418,0.1653324874773418,0.1653324874773418,0.1653324874773418,0.1653324874773418,0.1653324874773418,0.1653324874773418,0.1653324874773418,0.1653324874773418,0.1653324874773418,0.1653324874773418,0.1653324874773418,0.1653324874773418,0.1653324874773418,0.1653324874773418,0.1653324874773418,0.16375749376468082,0.16375749376468082,0.16375749376468082,0.16375749376468082,0.16375749376468082,0.16375749376468082,0.16375749376468082,0.16375749376468082,0.16375749376468082,0.16375749376468082,0.16375749376468082,0.16375749376468082,0.16375749376468082,0.16375749376468082,0.16375749376468082,0.16375749376468082,0.16375749376468082,0.16375749376468082,0.16375749376468082,0.16375749376468082,0.16375749376468082,0.16375749376468082,0.16375749376468082,0.16375749376468082,0.16375749376468082,0.16221388398380235,0.16221388398380235,0.16221388398380235,0.16221388398380235,0.16221388398380235,0.16221388398380235,0.16221388398380235,0.16221388398380235,0.16221388398380235,0.16221388398380235,0.16221388398380235,0.16221388398380235,0.16221388398380235,0.16221388398380235,0.16221388398380235,0.16221388398380235,0.16221388398380235,0.16221388398380235,0.16221388398380235,0.16221388398380235,0.16221388398380235,0.16221388398380235,0.16221388398380235,0.16221388398380235,0.16221388398380235,0.16070106709174642,0.16070106709174642,0.16070106709174642,0.16070106709174642,0.16070106709174642,0.16070106709174642,0.16070106709174642,0.16070106709174642,0.16070106709174642,0.16070106709174642,0.16070106709174642,0.16070106709174642,0.16070106709174642,0.16070106709174642,0.16070106709174642,0.16070106709174642,0.16070106709174642,0.16070106709174642,0.16070106709174642,0.16070106709174642,0.16070106709174642,0.16070106709174642,0.16070106709174642,0.16070106709174642,0.16070106709174642,0.1592184514634912,0.159218451463491,0.159218451463491,0.159218451463491,0.1592184514634912,0.159218451463491,0.15921845146349078,0.15921845146349078,0.15921845146349078,0.159218451463491,0.159218451463491,0.15921845146349078,0.1592184514634906,0.15921845146349078,0.159218451463491,0.159218451463491,0.15921845146349078,0.15921845146349078,0.15921845146349078,0.159218451463491,0.1592184514634912,0.159218451463491,0.159218451463491,0.159218451463491,0.1592184514634912,0.1577654462438037,0.1577654462438031,0.15776544624380287,0.1577654462438031,0.1577654462438037,0.1577654462438031,0.15776544624380265,0.15776544624380223,0.15776544624380265,0.1577654462438031,0.15776544624380287,0.15776544624380223,0.157765446243802,0.15776544624380223,0.15776544624380287,0.1577654462438031,0.15776544624380265,0.15776544624380223,0.15776544624380265,0.1577654462438031,0.1577654462438037,0.1577654462438031,0.15776544624380287,0.1577654462438031,0.1577654462438037,0.15634146256156378,0.15634146256156212,0.1563414625615611,0.15634146256156212,0.15634146256156378,0.15634146256156212,0.15634146256156045,0.15634146256155942,0.15634146256156045,0.15634146256156212,0.1563414625615611,0.15634146256155942,0.15634146256155837,0.15634146256155942,0.1563414625615611,0.15634146256156212,0.15634146256156045,0.15634146256155942,0.15634146256156045,0.15634146256156212,0.15634146256156378,0.15634146256156212,0.1563414625615611,0.15634146256156212,0.15634146256156378,0.15494591461682514,0.1549459146168202,0.15494591461681692,0.1549459146168202,0.15494591461682514,0.1549459146168202,0.15494591461681487,0.15494591461681162,0.15494591461681487,0.1549459146168202,0.15494591461681692,0.15494591461681162,0.15494591461680812,0.15494591461681162,0.15494591461681692,0.1549459146168202,0.15494591461681487,0.15494591461681162,0.15494591461681487,0.1549459146168202,0.15494591461682514,0.1549459146168202,0.15494591461681692,0.1549459146168202,0.15494591461682514,0.15357822065032378,0.15357822065030832,0.1535782206502987,0.15357822065030832,0.15357822065032378,0.15357822065030832,0.15357822065029186,0.1535782206502812,0.15357822065029186,0.15357822065030832,0.1535782206502987,0.1535782206502812,0.15357822065026996,0.1535782206502812,0.1535782206502987,0.15357822065030832,0.15357822065029186,0.1535782206502812,0.15357822065029186,0.15357822065030832,0.15357822065032378,0.15357822065030832,0.1535782206502987,0.15357822065030832,0.15357822065032378,0.15223780380458873,0.15223780380454188,0.15223780380451216,0.15223780380454188,0.15223780380458873,0.15223780380454188,0.1522378038044903,0.15223780380445684,0.1522378038044903,0.15223780380454188,0.15223780380451216,0.15223780380445684,0.152237803804421,0.15223780380445684,0.15223780380451216,0.15223780380454188,0.1522378038044903,0.15223780380445684,0.1522378038044903,0.15223780380454188,0.15223780380458873,0.15223780380454188,0.15223780380451216,0.15223780380454188,0.15223780380458873,0.15092409288527855,0.1509240928851387,0.1509240928850484,0.1509240928851387,0.15092409288527855,0.1509240928851387,0.15092409288497913,0.15092409288487402,0.15092409288497913,0.1509240928851387,0.1509240928850484,0.15092409288487402,0.15092409288475825,0.15092409288487402,0.1509240928850484,0.1509240928851387,0.15092409288497913,0.15092409288487402,0.15092409288497913,0.1509240928851387,0.15092409288527855,0.1509240928851387,0.1509240928850484,0.1509240928851387,0.15092409288527855,0.14963652303085476,0.14963652303044422,0.14963652303017272,0.14963652303044422,0.14963652303085476,0.14963652303044422,0.14963652302995525,0.14963652302961966,0.14963652302995525,0.14963652303044422,0.14963652303017272,0.14963652302961966,0.14963652302923297,0.14963652302961966,0.14963652303017272,0.14963652303044422,0.14963652302995525,0.14963652302961966,0.14963652302995525,0.14963652303044422,0.14963652303085476,0.14963652303044422,0.14963652303017272,0.14963652303044422,0.14963652303085476,0.14837453629825267,0.14837453629707992,0.14837453629627206,0.14837453629707992,0.14837453629825267,0.14837453629707992,0.14837453629559283,0.14837453629450328,0.14837453629559283,0.14837453629707992,0.14837453629627206,0.14837453629450328,0.14837453629314537,0.14837453629450328,0.14837453629627206,0.14837453629707992,0.14837453629559283,0.14837453629450328,0.14837453629559283,0.14837453629707992,0.14837453629825267,0.14837453629707992,0.14837453629627206,0.14837453629707992,0.14837453629825267,0.14713758217187237,0.14713758216865905,0.1471375821663044,0.14713758216865905,0.14713758217187237,0.14713758216865905,0.14713758216421843,0.14713758216060382,0.14713758216421843,0.14713758216865905,0.1471375821663044,0.14713758216060382,0.147137582155474,0.14713758216060382,0.1471375821663044,0.14713758216865905,0.14713758216421843,0.14713758216060382,0.14713758216421843,0.14713758216865905,0.14713758217187237,0.14713758216865905,0.1471375821663044,0.14713758216865905,0.14713758217187237,0.14592511800304608,0.14592511799481936,0.14592511798821442,0.14592511799481936,0.14592511800304608,0.14592511799481936,0.14592511798205463,0.14592511796985083,0.14592511798205463,0.14592511799481936,0.14592511798821442,0.14592511796985083,0.14592511794842242,0.14592511796985083,0.14592511798821442,0.14592511799481936,0.14592511798205463,0.14592511796985083,0.14592511798205463,0.14592511799481936,0.14592511800304608,0.14592511799481936,0.14592511798821442,0.14592511799481936,0.14592511800304608,0.1447366093870313,0.1447366093682239,0.1447366093511123,0.1447366093682239,0.1447366093870313,0.1447366093682239,0.14473660933438762,0.1447366092936428,0.14473660933438762,0.1447366093682239,0.1447366093511123,0.1447366092936428,0.14473660919257128,0.1447366092936428,0.1447366093511123,0.1447366093682239,0.14473660933438762,0.1447366092936428,0.14473660933438762,0.1447366093682239,0.1447366093870313,0.1447366093682239,0.1447366093511123,0.1447366093682239,0.1447366093870313,0.14357153048322463,0.14357153044802107,0.143571530411054,0.14357153044802107,0.14357153048322463,0.14357153044802107,0.14357153037362905,0.14357153025272495,0.14357153037362905,0.14357153044802107,0.143571530411054,0.14357153025272495,0.14357152971164405,0.14357153025272495,0.143571530411054,0.14357153044802107,0.14357153037362905,0.14357153025272495,0.14357153037362905,0.14357153044802107,0.14357153048322463,0.14357153044802107,0.143571530411054,0.14357153044802107,0.14357153048322463,0.14242936427720485,0.142429364231304,0.1424293641827091,0.142429364231304,0.14242936427720485,0.142429364231304,0.1424293641332028,0.1424293639764956,0.1424293641332028,0.142429364231304,0.1424293641827091,0.1424293639764956,0.1424293633216738,0.1424293639764956,0.1424293641827091,0.142429364231304,0.1424293641332028,0.1424293639764956,0.1424293641332028,0.142429364231304,0.14242936427720485,0.142429364231304,0.1424293641827091,0.142429364231304,0.14242936427720485,0.1413096027699721,0.14130960272249607,0.1413096026705905,0.14130960272249607,0.1413096027699721,0.14130960272249607,0.1413096026172722,0.1413096024427549,0.1413096026172722,0.14130960272249607,0.1413096026705905,0.1413096024427549,0.1413096016910563,0.1413096024427549,0.1413096026705905,0.14130960272249607,0.1413096026172722,0.1413096024427549,0.1413096026172722,0.14130960272249607,0.1413096027699721,0.14130960272249607,0.1413096026705905,0.14130960272249607,0.1413096027699721,0.14021174713964724,0.14021174710572912,0.140211747065279,0.14021174710572912,0.14021174713964724,0.14021174710572912,0.14021174702310543,0.14021174686784743,0.14021174702310543,0.14021174710572912,0.140211747065279,0.14021174686784743,0.14021174609452766,0.14021174686784743,0.140211747065279,0.14021174710572912,0.14021174702310543,0.14021174686784743,0.14021174702310543,0.14021174710572912,0.14021174713964724,0.14021174710572912,0.140211747065279,0.14021174710572912,0.14021174713964724,0.13913530785795533,0.1391353078597575,0.13913530785914957,0.1391353078597575,0.13913530785795533,0.1391353078597575,0.1391353078579084,0.13913530784606803,0.1391353078579084,0.1391353078597575,0.13913530785914957,0.13913530784606803,0.13913530778659755,0.13913530784606803,0.13913530785914957,0.1391353078597575,0.1391353078579084,0.13913530784606803,0.1391353078579084,0.1391353078597575,0.13913530785795533,0.1391353078597575,0.13913530785914957,0.1391353078597575,0.13913530785795533,0.1380798047685379,0.13807980481462026,0.13807980486219798,0.13807980481462026,0.1380798047685379,0.13807980481462026,0.13807980491077257,0.13807980504692158,0.13807980491077257,0.13807980481462026,0.13807980486219798,0.13807980504692158,0.1380798054410049,0.13807980504692158,0.13807980486219798,0.13807980481462026,0.13807980491077257,0.13807980504692158,0.13807980491077257,0.13807980481462026,0.1380798047685379,0.13807980481462026,0.13807980486219798,0.13807980481462026,0.1380798047685379,0.13704476717532482,0.13704476726059495,0.13704476736531418,0.13704476726059495,0.13704476717532482,0.13704476726059495,0.13704476747422303,0.13704476790777428,0.13704476747422303,0.13704476726059495,0.13704476736531418,0.13704476790777428,0.13704477032324924,0.13704476790777428,0.13704476736531418,0.13704476726059495,0.13704476747422303,0.13704476790777428,0.13704476747422303,0.13704476726059495,0.13704476717532482,0.13704476726059495,0.13704476736531418,0.13704476726059495,0.13704476717532482,0.13602973390223705,0.13602973396268878,0.13602973402217056,0.13602973396268878,0.13602973390223705,0.13602973396268878,0.1360297340819753,0.13602973424225806,0.1360297340819753,0.13602973396268878,0.13602973402217056,0.13602973424225806,0.13602973468844162,0.13602973424225806,0.13602973402217056,0.13602973396268878,0.1360297340819753,0.13602973424225806,0.1360297340819753,0.13602973396268878,0.13602973390223705,0.13602973396268878,0.13602973402217056,0.13602973396268878,0.13602973390223705,0.13503425342051872,0.13503425345857098,0.13503425349006162,0.13503425345857098,0.13503425342051872,0.13503425345857098,0.13503425352000012,0.1350342535810632,0.13503425352000012,0.13503425345857098,0.13503425349006162,0.1350342535810632,0.13503425369233799,0.1350342535810632,0.13503425349006162,0.13503425345857098,0.13503425352000012,0.1350342535810632,0.13503425352000012,0.13503425345857098,0.13503425342051872,0.13503425345857098,0.13503425349006162,0.13503425345857098,0.1350342534205189
0.16533248747772622,0.16533248747772622,0.16533248747772622,0.16533248747772622,0.16533248747772622,0.16533248747772622,0.16533248747772622,0.16533248747772622,0.16533248747772622,0.16533248747772622,0.16533248747772622,0.16533248747772622,0.16533248747772622,0.16533248747772622,0.16533248747772622,0.16533248747772622,0.16533248747772622,0.16533248747772622,0.16533248747772622,0.16533248747772622,0.16533248747772622,0.16533248747772622,0.16533248747772622,0.16533248747772622,0.16533248747772622,0.16375749376505758,0.16375749376505758,0.16375749376505758,0.16375749376505758,0.16375749376505758,0.16375749376505758,0.16375749376505758,0.16375749376505758,0.16375749376505758,0.16375749376505758,0.16375749376505758,0.16375749376505758,0.16375749376505758,0.16375749376505758,0.16375749376505758,0.16375749376505758,0.16375749376505758,0.16375749376505758,0.16375749376505758,0.16375749376505758,0.16375749376505758,0.16375749376505758,0.16375749376505758,0.16375749376505758,0.16375749376505758,0.1622138839841716,0.1622138839841716,0.1622138839841716,0.1622138839841716,0.1622138839841716,0.1622138839841716,0.1622138839841716,0.1622138839841716,0.1622138839841716,0.1622138839841716,0.1622138839841716,0.1622138839841716,0.1622138839841716,0.1622138839841716,0.1622138839841716,0.1622138839841716,0.1622138839841716,0.1622138839841716,0.1622138839841716,0.1622138839841716,0.1622138839841716,0.1622138839841716,0.1622138839841716,0.1622138839841716,0.1622138839841716,0.16070106709210832,0.16070106709210832,0.16070106709210832,0.16070106709210832,0.16070106709210832,0.16070106709210832,0.16070106709210807,0.16070106709210807,0.16070106709210807,0.16070106709210832,0.16070106709210832,0.16070106709210807,0.16070106709210807,0.16070106709210807,0.16070106709210832,0.16070106709210832,0.16070106709210807,0.16070106709210807,0.16070106709210807,0.16070106709210832,0.16070106709210832,0.16070106709210832,0.16070106709210832,0.16070106709210832,0.16070106709210832,0.15921845146384567,0.15921845146384567,0.15921845146384545,0.15921845146384567,0.15921845146384567,0.15921845146384567,0.15921845146384545,0.15921845146384525,0.15921845146384545,0.15921845146384567,0.15921845146384545,0.15921845146384525,0.15921845146384525,0.15921845146384525,0.15921845146384545,0.15921845146384567,0.15921845146384545,0.15921845146384525,0.15921845146384545,0.15921845146384567,0.15921845146384567,0.15921845146384567,0.15921845146384545,0.15921845146384567,0.1592184514638459,0.1577654462441511,0.15776544624415065,0.1577654462441502,0.15776544624415065,0.1577654462441511,0.15776544624415065,0.15776544624415004,0.1577654462441498,0.15776544624415004,0.15776544624415065,0.1577654462441502,0.1577654462441498,0.15776544624414937,0.1577654462441498,0.1577654462441502,0.15776544624415065,0.15776544624415004,0.1577654462441498,0.15776544624415004,0.15776544624415065,0.1577654462441511,0.15776544624415065,0.1577654462441502,0.15776544624415065,0.1577654462441511,0.15634146256190423,0.15634146256190254,0.15634146256190148,0.15634146256190254,0.15634146256190423,0.15634146256190254,0.1563414625619009,0.15634146256189982,0.1563414625619009,0.15634146256190254,0.15634146256190148,0.15634146256189982,0.1563414625618988,0.15634146256189982,0.15634146256190148,0.15634146256190254,0.1563414625619009,0.15634146256189982,0.1563414625619009,0.15634146256190254,0.15634146256190423,0.15634146256190254,0.15634146256190148,0.15634146256190254,0.15634146256190423,0.15494591461715895,0.15494591461715385,0.15494591461715077,0.15494591461715385,0.15494591461715895,0.15494591461715385,0.1549459146171485,0.15494591461714524,0.1549459146171485,0.15494591461715385,0.15494591461715077,0.15494591461714524,0.15494591461714174,0.15494591461714524,0.15494591461715077,0.15494591461715385,0.1549459146171485,0.15494591461714524,0.1549459146171485,0.15494591461715385,0.15494591461715895,0.15494591461715385,0.15494591461715077,0.15494591461715385,0.15494591461715895,0.15357822065065074,0.1535782206506353,0.15357822065062565,0.1535782206506353,0.15357822065065074,0.1535782206506353,0.15357822065061882,0.15357822065060817,0.15357822065061882,0.1535782206506353,0.15357822065062565,0.15357822065060817,0.15357822065059692,0.15357822065060817,0.15357822065062565,0.1535782206506353,0.15357822065061882,0.15357822065060817,0.15357822065061882,0.1535782206506353,0.15357822065065074,0.1535782206506353,0.15357822065062565,0.1535782206506353,0.15357822065065074,0.152237803804909,0.15223780380486232,0.15223780380483262,0.15223780380486232,0.152237803804909,0.15223780380486232,0.15223780380481078,0.1522378038047773,0.15223780380481078,0.15223780380486232,0.15223780380483262,0.1522378038047773,0.15223780380474167,0.1522378038047773,0.15223780380483262,0.15223780380486232,0.15223780380481078,0.1522378038047773,0.15223780380481078,0.15223780380486232,0.152237803804909,0.15223780380486232,0.15223780380483262,0.15223780380486232,0.152237803804909,0.15092409288559244,0.15092409288545275,0.15092409288536246,0.15092409288545275,0.15092409288559244,0.15092409288545275,0.15092409288529343,0.1509240928851883,0.15092409288529343,0.15092409288545275,0.15092409288536246,0.1509240928851883,0.15092409288507252,0.1509240928851883,0.15092409288536246,0.15092409288545275,0.15092409288529343,0.1509240928851883,0.15092409288529343,0.15092409288545275,0.15092409288559244,0.15092409288545275,0.15092409288536246,0.15092409288545275,0.15092409288559244,0.14963652303116218,0.14963652303075187,0.14963652303048053,0.14963652303075187,0.14963652303116218,0.14963652303075187,0.14963652303026312,0.14963652302992786,0.14963652303026312,0.14963652303075187,0.14963652303048053,0.14963652302992786,0.14963652302954117,0.14963652302992786,0.14963652303048053,0.14963652303075187,0.14963652303026312,0.14963652302992786,0.14963652303026312,0.14963652303075187,0.14963652303116218,0.14963652303075187,0.14963652303048053,0.14963652303075187,0.14963652303116218,0.14837453629855327,0.14837453629738107,0.14837453629657377,0.14837453629738107,0.14837453629855327,0.14837453629738107,0.14837453629589492,0.1483745362948059,0.14837453629589492,0.14837453629738107,0.14837453629657377,0.1483745362948059,0.14837453629344874,0.1483745362948059,0.14837453629657377,0.14837453629738107,0.14837453629589492,0.1483745362948059,0.14837453629589492,0.14837453629738107,0.14837453629855327,0.14837453629738107,0.14837453629657377,0.14837453629738107,0.14837453629855327,0.14713758217216485,0.1471375821689535,0.14713758216660014,0.1471375821689535,0.14713758217216485,0.1471375821689535,0.14713758216451508,0.14713758216090247,0.14713758216451508,0.1471375821689535,0.14713758216660014,0.14713758216090247,0.1471375821557752,0.14713758216090247,0.14713758216660014,0.1471375821689535,0.14713758216451508,0.14713758216090247,0.14713758216451508,0.1471375821689533,0.14713758217216485,0.1471375821689535,0.14713758216660014,0.1471375821689533,0.14713758217216485,0.14592511800332725,0.14592511799510496,0.14592511798850358,0.14592511799510496,0.14592511800332725,0.14592511799510496,0.14592511798234703,0.14592511797014965,0.14592511798234703,0.14592511799510496,0.14592511798850358,0.14592511797014965,0.14592511794873206,0.14592511797014965,0.14592511798850358,0.14592511799510496,0.14592511798234703,0.14592511797014965,0.14592511798234703,0.14592511799510496,0.14592511800332725,0.14592511799510496,0.14592511798850358,0.14592511799510496,0.14592511800332725,0.1447366093872914,0.14473660936849464,0.1447366093513926,0.14473660936849464,0.1447366093872914,0.14473660936849464,0.14473660933467683,0.1447366092939535,0.14473660933467683,0.14473660936849464,0.1447366093513926,0.1447366092939535,0.1447366091929326,0.1447366092939535,0.1447366093513926,0.14473660936849464,0.14473660933467683,0.1447366092939535,0.14473660933467683,0.14473660936849464,0.1447366093872914,0.14473660936849464,0.1447366093513926,0.14473660936849464,0.1447366093872914,0.14357153048344162,0.1435715304482591,0.14357153041131343,0.1435715304482591,0.14357153048344162,0.1435715304482591,0.14357153037390968,0.14357153025306993,0.14357153037390968,0.1435715304482591,0.14357153041131343,0.14357153025306993,0.14357152971224707,0.14357153025306993,0.14357153041131343,0.1435715304482591,0.14357153037390968,0.14357153025306993,0.14357153037390968,0.1435715304482591,0.14357153048344162,0.1435715304482591,0.14357153041131343,0.1435715304482591,0.14357153048344162,0.142429364277334,0.1424293642314652,0.14242936418290303,0.1424293642314652,0.142429364277334,0.1424293642314652,0.1424293641334301,0.1424293639768227,0.1424293641334301,0.1424293642314652,0.14242936418290303,0.1424293639768227,0.14242936332242248,0.1424293639768227,0.14242936418290303,0.1424293642314652,0.1424293641334301,0.1424293639768227,0.1424293641334301,0.1424293642314652,0.142429364277334,0.1424293642314652,0.14242936418290303,0.1424293642314652,0.142429364277334,0.14130960276994678,0.14130960272251056,0.14130960267064843,0.14130960272251056,0.14130960276994678,0.14130960272251056,0.141309602617375,0.14130960244300492,0.141309602617375,0.14130960272251056,0.14130960267064843,0.14130960244300492,0.14130960169197238,0.14130960244300492,0.14130960267064843,0.14130960272251056,0.141309602617375,0.14130960244300492,0.141309602617375,0.14130960272251056,0.14130960276994678,0.14130960272251056,0.14130960267064843,0.14130960272251056,0.14130960276994678,0.14021174713938356,0.14021174710549966,0.14021174706509115,0.14021174710549966,0.14021174713938356,0.14021174710549966,0.1402117470229611,0.14021174686786791,0.1402117470229611,0.14021174710549966,0.14021174706509115,0.14021174686786791,0.14021174609537085,0.14021174686786791,0.14021174706509115,0.14021174710549966,0.1402117470229611,0.14021174686786791,0.1402117470229611,0.14021174710549966,0.14021174713938356,0.14021174710549966,0.14021174706509115,0.14021174710549966,0.14021174713938356,0.13913530785737918,0.13913530785918532,0.13913530785858336,0.13913530785918532,0.13913530785737918,0.13913530785918532,0.13913530785734884,0.1391353078455331,0.13913530785734884,0.13913530785918532,0.13913530785858336,0.1391353078455331,0.13913530778615246,0.1391353078455331,0.13913530785858336,0.13913530785918532,0.13913530785734884,0.1391353078455331,0.13913530785734884,0.13913530785918532,0.13913530785737918,0.13913530785918532,0.13913530785858336,0.13913530785918532,0.13913530785737918,0.13807980476763698,0.13807980481368567,0.13807980486122848,0.13807980481368567,0.13807980476763698,0.13807980481368567,0.13807980490976715,0.13807980504581427,0.13807980490976715,0.13807980481368567,0.13807980486122848,0.13807980504581427,0.13807980543959772,0.13807980504581427,0.13807980486122848,0.13807980481368567,0.13807980490976715,0.13807980504581427,0.13807980490976715,0.13807980481368567,0.13807980476763698,0.13807980481368567,0.13807980486122848,0.13807980481368567,0.13807980476763698,0.13704476717416322,0.13704476725936768,0.13704476736400587,0.13704476725936768,0.13704476717416322,0.13704476725936768,0.1370447674728302,0.13704476790604347,0.1370447674728302,0.13704476725936768,0.13704476736400587,0.13704476790604347,0.1370447703196205,0.13704476790604347,0.13704476736400587,0.13704476725936768,0.1370447674728302,0.13704476790604347,0.1370447674728302,0.13704476725936768,0.13704476717416322,0.13704476725936768,0.13704476736400587,0.13704476725936768,0.13704476717416322,0.1360297339009468,0.1360297339613517,0.13602973402078714,0.13602973396135157,0.1360297339009468,0.1360297339613517,0.13602973408054542,0.13602973424070303,0.13602973408054542,0.13602973396135157,0.13602973402078714,0.13602973424070303,0.13602973468653784,0.13602973424070303,0.13602973402078714,0.13602973396135157,0.13602973408054542,0.13602973424070303,0.13602973408054542,0.13602973396135157,0.1360297339009468,0.13602973396135157,0.13602973402078714,0.13602973396135157,0.1360297339009468,0.13503425341919412,0.1350342534572168,0.13503425348868286,0.1350342534572168,0.13503425341919412,0.1350342534572168,0.13503425351859796,0.13503425357961352,0.13503425351859796,0.1350342534572168,0.13503425348868286,0.13503425357961352,0.13503425369080146,0.13503425357961352,0.13503425348868286,0.1350342534572168,0.13503425351859796,0.13503425357961352,0.13503425351859796,0.1350342534572168,0.13503425341919412,0.1350342534572168,0.13503425348868286,0.1350342534572168,0.13503425341919412
0.16533248747811016,0.16533248747811016,0.16533248747811016,0.16533248747811016,0.16533248747811016,0.16533248747811016,0.16533248747811016,0.16533248747811016,0.16533248747811016,0.16533248747811016,0.16533248747811016,0.16533248747811016,0.16533248747811016,0.16533248747811016,0.16533248747811016,0.16533248747811016,0.16533248747811016,0.16533248747811016,0.16533248747811016,0.16533248747811016,0.16533248747811016,0.16533248747811016,0.16533248747811016,0.16533248747811016,0.16533248747811016,0.1637574937654339,0.1637574937654339,0.1637574937654339,0.1637574937654339,0.1637574937654339,0.1637574937654339,0.1637574937654339,0.1637574937654339,0.1637574937654339,0.1637574937654339,0.1637574937654339,0.1637574937654339,0.1637574937654339,0.1637574937654339,0.1637574937654339,0.1637574937654339,0.1637574937654339,0.1637574937654339,0.1637574937654339,0.1637574937654339,0.1637574937654339,0.1637574937654339,0.1637574937654339,0.1637574937654339,0.1637574937654339,0.1622138839845404,0.1622138839845404,0.1622138839845404,0.1622138839845404,0.1622138839845404,0.1622138839845404,0.1622138839845404,0.1622138839845404,0.1622138839845404,0.1622138839845404,0.1622138839845404,0.1622138839845404,0.1622138839845404,0.1622138839845404,0.1622138839845404,0.1622138839845404,0.1622138839845404,0.1622138839845404,0.1622138839845404,0.1622138839845404,0.1622138839845404,0.1622138839845404,0.1622138839845404,0.1622138839845404,0.1622138839845404,0.16070106709246976,0.16070106709246976,0.16070106709246976,0.16070106709246976,0.16070106709246976,0.16070106709246976,0.16070106709246976,0.16070106709246976,0.16070106709246976,0.16070106709246976,0.16070106709246976,0.16070106709246976,0.1607010670924695,0.16070106709246976,0.16070106709246976,0.16070106709246976,0.16070106709246976,0.16070106709246976,0.16070106709246976,0.16070106709246976,0.16070106709246976,0.16070106709246976,0.16070106709246976,0.16070106709246976,0.16070106709246976,0.1592184514642001,0.15921845146419988,0.15921845146419966,0.15921845146419988,0.1592184514642001,0.15921845146419988,0.15921845146419966,0.15921845146419966,0.15921845146419966,0.15921845146419988,0.15921845146419966,0.15921845146419966,0.15921845146419947,0.15921845146419966,0.15921845146419988,0.15921845146419988,0.15921845146419966,0.15921845146419966,0.15921845146419966,0.15921845146419988,0.1592184514642001,0.15921845146419988,0.15921845146419988,0.15921845146419988,0.1592184514642001,0.15776544624449845,0.15776544624449781,0.1577654462444976,0.15776544624449781,0.15776544624449845,0.15776544624449781,0.15776544624449737,0.15776544624449695,0.15776544624449737,0.15776544624449781,0.1577654462444976,0.15776544624449695,0.1577654462444965,0.15776544624449695,0.1577654462444976,0.15776544624449781,0.15776544624449737,0.15776544624449695,0.15776544624449737,0.15776544624449781,0.15776544624449845,0.15776544624449781,0.1577654462444976,0.15776544624449781,0.15776544624449845,0.15634146256224443,0.15634146256224277,0.15634146256224193,0.15634146256224277,0.15634146256224443,0.15634146256224277,0.1563414625622411,0.15634146256224007,0.1563414625622411,0.15634146256224277,0.15634146256224193,0.15634146256224007,0.15634146256223902,0.15634146256224007,0.15634146256224193,0.15634146256224277,0.1563414625622411,0.15634146256224007,0.1563414625622411,0.15634146256224277,0.15634146256224443,0.15634146256224277,0.15634146256224193,0.15634146256224277,0.15634146256224443,0.15494591461749238,0.15494591461748727,0.1549459146174842,0.15494591461748727,0.15494591461749238,0.15494591461748727,0.15494591461748194,0.15494591461747867,0.15494591461748194,0.15494591461748727,0.1549459146174842,0.15494591461747867,0.1549459146174752,0.15494591461747867,0.1549459146174842,0.15494591461748727,0.15494591461748194,0.15494591461747867,0.15494591461748194,0.15494591461748727,0.15494591461749238,0.15494591461748727,0.1549459146174842,0.15494591461748727,0.15494591461749238,0.1535782206509775,0.15357822065096205,0.15357822065095242,0.15357822065096205,0.1535782206509775,0.15357822065096205,0.1535782206509456,0.15357822065093496,0.1535782206509456,0.15357822065096205,0.15357822065095242,0.15357822065093496,0.15357822065092372,0.15357822065093496,0.15357822065095242,0.15357822065096205,0.1535782206509456,0.15357822065093496,0.1535782206509456,0.15357822065096205,0.1535782206509775,0.15357822065096205,0.15357822065095242,0.15357822065096205,0.1535782206509775,0.15223780380522925,0.1522378038051824,0.15223780380515267,0.1522378038051824,0.15223780380522925,0.1522378038051824,0.1522378038051308,0.15223780380509755,0.1522378038051308,0.1522378038051824,0.15223780380515267,0.15223780380509755,0.15223780380506174,0.15223780380509755,0.15223780380515267,0.1522378038051824,0.1522378038051308,0.15223780380509755,0.1522378038051308,0.1522378038051824,0.15223780380522925,0.1522378038051824,0.15223780380515267,0.1522378038051824,0.15223780380522925,0.15092409288590614,0.15092409288576644,0.15092409288567635,0.15092409288576644,0.15092409288590614,0.15092409288576644,0.1509240928856071,0.15092409288550215,0.1509240928856071,0.15092409288576644,0.15092409288567635,0.15092409288550215,0.1509240928853866,0.15092409288550215,0.15092409288567635,0.15092409288576644,0.1509240928856071,0.15092409288550215,0.1509240928856071,0.15092409288576644,0.15092409288590614,0.15092409288576644,0.15092409288567635,0.15092409288576644,0.15092409288590614,0.14963652303146943,0.14963652303105932,0.149636523030788,0.14963652303105932,0.14963652303146943,0.14963652303105932,0.14963652303057093,0.1496365230302357,0.14963652303057093,0.14963652303105932,0.149636523030788,0.1496365230302357,0.1496365230298492,0.1496365230302357,0.149636523030788,0.14963652303105932,0.14963652303057093,0.1496365230302357,0.14963652303057093,0.14963652303105932,0.14963652303146943,0.14963652303105932,0.149636523030788,0.14963652303105932,0.14963652303146943,0.1483745362988537,0.14837453629768205,0.1483745362968751,0.14837453629768205,0.1483745362988537,0.14837453629768205,0.14837453629619665,0.14837453629510838,0.14837453629619665,0.14837453629768205,0.1483745362968751,0.14837453629510838,0.14837453629375177,0.14837453629510838,0.1483745362968751,0.14837453629768205,0.14837453629619665,0.14837453629510838,0.14837453629619665,0.14837453629768205,0.1483745362988537,0.14837453629768205,0.1483745362968751,0.14837453629768205,0.1483745362988537,0.14713758217245732,0.14713758216924744,0.14713758216689532,0.14713758216924744,0.14713758217245732,0.14713758216924744,0.14713758216481154,0.14713758216120074,0.14713758216481154,0.14713758216924744,0.14713758216689532,0.14713758216120074,0.1471375821560762,0.14713758216120074,0.14713758216689532,0.14713758216924744,0.14713758216481154,0.14713758216120074,0.14713758216481154,0.14713758216924744,0.14713758217245732,0.14713758216924744,0.14713758216689532,0.14713758216924744,0.14713758217245732,0.14592511800360788,0.14592511799539024,0.1459251179887926,0.14592511799539024,0.14592511800360788,0.14592511799539024,0.1459251179826392,0.14592511797044824,0.1459251179826392,0.14592511799539024,0.1459251179887926,0.14592511797044824,0.14592511794904156,0.14592511797044824,0.1459251179887926,0.14592511799539024,0.1459251179826392,0.14592511797044824,0.1459251179826392,0.14592511799539024,0.14592511800360788,0.14592511799539024,0.1459251179887926,0.14592511799539024,0.14592511800360788,0.14473660938755115,0.1447366093687652,0.14473660935167257,0.1447366093687652,0.14473660938755115,0.1447366093687652,0.14473660933496607,0.14473660929426402,0.1447366093349659,0.1447366093687652,0.14473660935167257,0.14473660929426402,0.14473660919329376,0.14473660929426402,0.14473660935167257,0.1447366093687652,0.1447366093349659,0.14473660929426402,0.1447366093349659,0.1447366093687652,0.14473660938755115,0.1447366093687652,0.14473660935167257,0.1447366093687652,0.14473660938755115,0.14357153048365823,0.14357153044849713,0.1435715304115725,0.14357153044849713,0.14357153048365823,0.14357153044849713,0.14357153037419013,0.1435715302534147,0.14357153037419013,0.14357153044849713,0.1435715304115725,0.1435715302534147,0.14357152971286272,0.1435715302534147,0.1435715304115725,0.14357153044849713,0.14357153037419013,0.1435715302534147,0.14357153037419013,0.14357153044849694,0.14357153048365823,0.14357153044849713,0.1435715304115725,0.14357153044849694,0.14357153048365823,0.14242936427746317,0.14242936423162628,0.1424293641830968,0.14242936423162628,0.14242936427746317,0.14242936423162628,0.14242936413365692,0.1424293639771495,0.14242936413365692,0.14242936423162628,0.1424293641830968,0.1424293639771495,0.14242936332313877,0.1424293639771495,0.1424293641830968,0.14242936423162628,0.14242936413365692,0.1424293639771495,0.14242936413365692,0.14242936423162628,0.14242936427746317,0.14242936423162628,0.1424293641830968,0.14242936423162628,0.14242936427746317,0.14130960276992144,0.1413096027225247,0.1413096026707063,0.1413096027225247,0.14130960276992144,0.1413096027225247,0.14130960261747744,0.14130960244325425,0.14130960261747744,0.1413096027225247,0.1413096026707063,0.14130960244325425,0.14130960169284074,0.14130960244325425,0.1413096026707063,0.1413096027225247,0.14130960261747744,0.14130960244325425,0.14130960261747744,0.1413096027225247,0.14130960276992144,0.1413096027225247,0.1413096026707063,0.1413096027225247,0.14130960276992144,0.14021174713911994,0.14021174710527007,0.14021174706490314,0.14021174710527007,0.14021174713911994,0.14021174710527007,0.1402117470228166,0.14021174686788793,0.1402117470228166,0.14021174710527007,0.14021174706490314,0.14021174686788793,0.14021174609626014,0.14021174686788793,0.14021174706490314,0.14021174710527007,0.1402117470228166,0.14021174686788793,0.1402117470228166,0.14021174710527007,0.14021174713911994,0.14021174710527007,0.14021174706490314,0.14021174710527007,0.14021174713911994,0.13913530785680336,0.13913530785861355,0.13913530785801748,0.13913530785861355,0.13913530785680336,0.13913530785861355,0.13913530785678957,0.1391353078449984,0.13913530785678957,0.13913530785861355,0.13913530785801748,0.1391353078449984,0.13913530778570737,0.1391353078449984,0.13913530785801748,0.13913530785861355,0.13913530785678957,0.1391353078449984,0.13913530785678943,0.13913530785861355,0.13913530785680336,0.13913530785861355,0.13913530785801748,0.13913530785861355,0.13913530785680336,0.13807980476673665,0.13807980481275198,0.13807980486025995,0.13807980481275198,0.13807980476673665,0.13807980481275198,0.13807980490876282,0.1380798050447079,0.13807980490876282,0.13807980481275198,0.13807980486025995,0.1380798050447079,0.13807980543819198,0.1380798050447079,0.13807980486025995,0.13807980481275198,0.13807980490876282,0.1380798050447079,0.13807980490876282,0.13807980481275198,0.13807980476673665,0.13807980481275198,0.13807980486025995,0.13807980481275198,0.13807980476673665,0.137044767173003,0.1370447672581418,0.13704476736269897,0.1370447672581418,0.137044767173003,0.1370447672581418,0.13704476747143887,0.13704476790431447,0.13704476747143887,0.1370447672581418,0.13704476736269897,0.13704476790431447,0.13704477031600423,0.13704476790431447,0.13704476736269897,0.1370447672581418,0.13704476747143887,0.13704476790431447,0.13704476747143887,0.1370447672581418,0.137044767173003,0.1370447672581418,0.13704476736269897,0.1370447672581418,0.137044767173003,0.13602973389965795,0.13602973396001586,0.13602973401940507,0.13602973396001586,0.13602973389965795,0.13602973396001586,0.1360297340791168,0.13602973423914966,0.1360297340791168,0.13602973396001586,0.13602973401940507,0.13602973423914966,0.13602973468463614,0.13602973423914966,0.13602973401940507,0.13602973396001586,0.1360297340791168,0.13602973423914966,0.1360297340791168,0.13602973396001586,0.13602973389965795,0.13602973396001586,0.13602973401940507,0.13602973396001586,0.13602973389965795,0.13503425341787093,0.13503425345586395,0.13503425348730563,0.13503425345586395,0.13503425341787093,0.13503425345586395,0.13503425351719742,0.13503425357816534,0.13503425351719742,0.13503425345586395,0.13503425348730563,0.13503425357816534,0.1350342536892664,0.13503425357816534,0.13503425348730563,0.13503425345586395,0.13503425351719742,0.13503425357816534,0.13503425351719742,0.13503425345586395,0.13503425341787093,0.13503425345586395,0.13503425348730563,0.13503425345586395,0.13503425341787093
0.1653324874784946,0.1653324874784946,0.1653324874784946,0.1653324874784946,0.1653324874784946,0.1653324874784946,0.1653324874784946,0.1653324874784946,0.1653324874784946,0.1653324874784946,0.1653324874784946,0.1653324874784946,0.1653324874784946,0.1653324874784946,0.1653324874784946,0.1653324874784946,0.1653324874784946,0.1653324874784946,0.1653324874784946,0.1653324874784946,0.1653324874784946,0.1653324874784946,0.1653324874784946,0.1653324874784946,0.1653324874784946,0.16375749376581042,0.16375749376581042,0.16375749376581042,0.16375749376581042,0.16375749376581042,0.16375749376581042,0.16375749376581042,0.16375749376581042,0.16375749376581042,0.16375749376581042,0.16375749376581042,0.16375749376581042,0.16375749376581042,0.16375749376581042,0.16375749376581042,0.16375749376581042,0.16375749376581042,0.16375749376581042,0.16375749376581042,0.16375749376581042,0.16375749376581042,0.16375749376581042,0.16375749376581042,0.16375749376581042,0.16375749376581042,0.1622138839849092,0.1622138839849092,0.1622138839849092,0.1622138839849092,0.1622138839849092,0.1622138839849092,0.1622138839849092,0.1622138839849092,0.1622138839849092,0.1622138839849092,0.1622138839849092,0.1622138839849092,0.1622138839849092,0.1622138839849092,0.1622138839849092,0.1622138839849092,0.1622138839849092,0.1622138839849092,0.1622138839849092,0.1622138839849092,0.1622138839849092,0.1622138839849092,0.1622138839849092,0.1622138839849092,0.1622138839849092,0.16070106709283122,0.160701067092831,0.160701067092831,0.160701067092831,0.16070106709283122,0.160701067092831,0.160701067092831,0.160701067092831,0.160701067092831,0.160701067092831,0.160701067092831,0.160701067092831,0.160701067092831,0.160701067092831,0.160701067092831,0.160701067092831,0.160701067092831,0.160701067092831,0.160701067092831,0.160701067092831,0.16070106709283122,0.160701067092831,0.160701067092831,0.160701067092831,0.16070106709283122,0.1592184514645541,0.15921845146455388,0.15921845146455368,0.15921845146455388,0.1592184514645541,0.15921845146455388,0.15921845146455368,0.15921845146455368,0.15921845146455368,0.15921845146455388,0.15921845146455368,0.15921845146455368,0.15921845146455346,0.15921845146455368,0.15921845146455368,0.15921845146455388,0.15921845146455368,0.15921845146455368,0.15921845146455368,0.15921845146455388,0.1592184514645541,0.15921845146455388,0.15921845146455368,0.15921845146455388,0.1592184514645541,0.15776544624484515,0.15776544624484473,0.15776544624484432,0.15776544624484473,0.15776544624484515,0.15776544624484473,0.1577654462448441,0.1577654462448439,0.1577654462448441,0.15776544624484473,0.15776544624484432,0.1577654462448439,0.15776544624484345,0.1577654462448439,0.15776544624484432,0.15776544624484473,0.1577654462448441,0.1577654462448439,0.1577654462448441,0.15776544624484473,0.15776544624484515,0.15776544624484473,0.15776544624484432,0.15776544624484473,0.15776544624484515,0.15634146256258447,0.15634146256258277,0.15634146256258172,0.15634146256258277,0.15634146256258447,0.15634146256258277,0.1563414625625811,0.15634146256258005,0.1563414625625811,0.15634146256258277,0.15634146256258172,0.15634146256258005,0.156341462562579,0.15634146256258005,0.15634146256258172,0.15634146256258277,0.1563414625625811,0.15634146256258005,0.1563414625625811,0.15634146256258277,0.15634146256258447,0.15634146256258277,0.15634146256258172,0.15634146256258277,0.15634146256258447,0.1549459146178254,0.15494591461782029,0.1549459146178172,0.15494591461782029,0.1549459146178254,0.15494591461782029,0.15494591461781515,0.15494591461781165,0.15494591461781515,0.15494591461782029,0.1549459146178172,0.15494591461781165,0.15494591461780818,0.15494591461781165,0.1549459146178172,0.15494591461782029,0.15494591461781515,0.15494591461781165,0.15494591461781515,0.15494591461782029,0.1549459146178254,0.15494591461782029,0.1549459146178172,0.15494591461782029,0.1549459146178254,0.1535782206513039,0.15357822065128843,0.1535782206512788,0.15357822065128843,0.1535782206513039,0.15357822065128843,0.153578220651272,0.1535782206512613,0.153578220651272,0.15357822065128843,0.1535782206512788,0.1535782206512613,0.15357822065125007,0.1535782206512613,0.1535782206512788,0.15357822065128843,0.153578220651272,0.1535782206512613,0.153578220651272,0.15357822065128843,0.1535782206513039,0.15357822065128843,0.1535782206512788,0.15357822065128843,0.1535782206513039,0.1522378038055491,0.15223780380550225,0.15223780380547253,0.15223780380550225,0.1522378038055491,0.15223780380550225,0.15223780380545068,0.15223780380541724,0.15223780380545068,0.15223780380550225,0.15223780380547253,0.15223780380541724,0.1522378038053816,0.15223780380541724,0.15223780380547253,0.15223780380550225,0.15223780380545068,0.15223780380541724,0.15223780380545068,0.15223780380550225,0.1522378038055491,0.15223780380550225,0.15223780380547253,0.15223780380550225,0.1522378038055491,0.15092409288621944,0.15092409288607977,0.15092409288598968,0.15092409288607977,0.15092409288621944,0.15092409288607977,0.1509240928859206,0.15092409288581565,0.1509240928859206,0.15092409288607977,0.15092409288598968,0.15092409288581565,0.1509240928857001,0.15092409288581565,0.15092409288598968,0.15092409288607977,0.1509240928859206,0.15092409288581565,0.1509240928859206,0.15092409288607977,0.15092409288621944,0.15092409288607977,0.15092409288598968,0.15092409288607977,0.15092409288621944,0.14963652303177616,0.1496365230313664,0.14963652303109526,0.1496365230313664,0.14963652303177616,0.1496365230313664,0.149636523030878,0.14963652303054314,0.149636523030878,0.1496365230313664,0.14963652303109526,0.14963652303054314,0.14963652303015681,0.14963652303054314,0.14963652303109526,0.1496365230313664,0.149636523030878,0.14963652303054314,0.149636523030878,0.1496365230313664,0.14963652303177616,0.1496365230313664,0.14963652303109526,0.1496365230313664,0.14963652303177616,0.14837453629915356,0.14837453629798267,0.14837453629717628,0.14837453629798267,0.14837453629915356,0.14837453629798267,0.148374536296498,0.14837453629541028,0.148374536296498,0.14837453629798267,0.14837453629717628,0.14837453629541028,0.1483745362940544,0.14837453629541028,0.14837453629717628,0.14837453629798267,0.148374536296498,0.14837453629541028,0.148374536296498,0.14837453629798267,0.14837453629915356,0.14837453629798267,0.14837453629717628,0.14837453629798267,0.14837453629915356,0.14713758217274925,0.14713758216954115,0.14713758216719033,0.14713758216954115,0.14713758217274925,0.14713758216954115,0.14713758216510764,0.14713758216149883,0.14713758216510764,0.14713758216954115,0.14713758216719033,0.14713758216149883,0.14713758215637684,0.14713758216149883,0.14713758216719033,0.14713758216954115,0.14713758216510764,0.14713758216149883,0.14713758216510764,0.14713758216954115,0.14713758217274925,0.14713758216954115,0.14713758216719033,0.14713758216954115,0.14713758217274925,0.14592511800388833,0.14592511799567512,0.14592511798908106,0.14592511799567512,0.14592511800388833,0.14592511799567512,0.14592511798293106,0.1459251179707465,0.14592511798293106,0.14592511799567512,0.14592511798908106,0.1459251179707465,0.14592511794935084,0.1459251179707465,0.14592511798908106,0.14592511799567512,0.14592511798293106,0.1459251179707465,0.14592511798293106,0.14592511799567512,0.14592511800388833,0.14592511799567512,0.14592511798908106,0.14592511799567512,0.14592511800388833,0.1447366093878107,0.1447366093690354,0.1447366093519522,0.1447366093690354,0.1447366093878107,0.1447366093690354,0.14473660933525478,0.14473660929457402,0.14473660933525478,0.1447366093690354,0.1447366093519522,0.14473660929457402,0.14473660919365455,0.14473660929457402,0.1447366093519522,0.1447366093690354,0.14473660933525478,0.14473660929457402,0.14473660933525478,0.1447366093690354,0.1447366093878107,0.1447366093690354,0.1447366093519522,0.1447366093690354,0.1447366093878107,0.14357153048387453,0.1435715304487346,0.14357153041183138,0.1435715304487346,0.14357153048387453,0.1435715304487346,0.14357153037447024,0.143571530253759,0.14357153037447024,0.1435715304487346,0.14357153041183138,0.143571530253759,0.14357152971348353,0.143571530253759,0.14357153041183138,0.1435715304487346,0.14357153037447024,0.143571530253759,0.14357153037447024,0.1435715304487346,0.14357153048387453,0.1435715304487346,0.14357153041183138,0.1435715304487346,0.14357153048387453,0.142429364277592,0.14242936423178681,0.14242936418329022,0.14242936423178681,0.142429364277592,0.14242936423178681,0.14242936413388338,0.14242936397747577,0.14242936413388338,0.14242936423178681,0.14242936418329022,0.14242936397747577,0.14242936332382605,0.14242936397747577,0.14242936418329022,0.14242936423178681,0.14242936413388338,0.14242936397747577,0.14242936413388338,0.14242936423178681,0.142429364277592,0.14242936423178681,0.14242936418329022,0.14242936423178681,0.142429364277592,0.1413096027698958,0.1413096027225387,0.1413096026707637,0.1413096027225387,0.1413096027698958,0.1413096027225387,0.14130960261757958,0.14130960244350307,0.14130960261757958,0.1413096027225387,0.1413096026707637,0.14130960244350307,0.14130960169371998,0.14130960244350307,0.1413096026707637,0.1413096027225387,0.14130960261757958,0.14130960244350307,0.14130960261757958,0.1413096027225387,0.1413096027698958,0.1413096027225387,0.1413096026707637,0.1413096027225387,0.1413096027698958,0.14021174713885612,0.14021174710504042,0.1402117470647151,0.14021174710504042,0.14021174713885612,0.14021174710504042,0.14021174702267164,0.14021174686790744,0.14021174702267164,0.14021174710504042,0.1402117470647151,0.14021174686790744,0.14021174609714915,0.14021174686790744,0.1402117470647151,0.14021174710504042,0.14021174702267164,0.14021174686790744,0.14021174702267164,0.14021174710504042,0.14021174713885612,0.14021174710504042,0.1402117470647151,0.14021174710504042,0.14021174713885612,0.13913530785622796,0.13913530785804198,0.1391353078574519,0.13913530785804198,0.13913530785622796,0.13913530785804198,0.1391353078562305,0.1391353078444638,0.1391353078562305,0.13913530785804198,0.1391353078574519,0.1391353078444638,0.13913530778526229,0.1391353078444638,0.1391353078574519,0.13913530785804198,0.1391353078562305,0.1391353078444638,0.1391353078562305,0.13913530785804198,0.13913530785622796,0.13913530785804198,0.1391353078574519,0.13913530785804198,0.13913530785622796,0.1380798047658371,0.1380798048118191,0.13807980485929203,0.1380798048118191,0.1380798047658371,0.1380798048118191,0.1380798049077592,0.1380798050436026,0.1380798049077592,0.1380798048118191,0.13807980485929203,0.1380798050436026,0.13807980543678744,0.1380798050436026,0.13807980485929203,0.1380798048118191,0.1380798049077592,0.1380798050436026,0.1380798049077592,0.1380798048118191,0.1380798047658371,0.1380798048118191,0.13807980485929203,0.1380798048118191,0.1380798047658371,0.13704476717184372,0.1370447672569171,0.13704476736139323,0.1370447672569171,0.13704476717184372,0.1370447672569171,0.1370447674700488,0.13704476790258727,0.1370447674700488,0.1370447672569171,0.13704476736139323,0.13704476790258727,0.1370447703123913,0.13704476790258727,0.13704476736139323,0.1370447672569171,0.1370447674700488,0.13704476790258727,0.1370447674700488,0.1370447672569171,0.13704476717184372,0.1370447672569171,0.13704476736139323,0.1370447672569171,0.13704476717184372,0.13602973389837025,0.13602973395868137,0.1360297340180245,0.13602973395868137,0.13602973389837025,0.13602973395868137,0.13602973407768984,0.1360297342375979,0.13602973407768984,0.13602973395868137,0.1360297340180245,0.1360297342375979,0.13602973468273652,0.1360297342375979,0.1360297340180245,0.13602973395868137,0.13602973407768984,0.1360297342375979,0.13602973407768984,0.13602973395868137,0.13602973389837025,0.13602973395868137,0.1360297340180245,0.13602973395868137,0.13602973389837025,0.1350342534165491,0.1350342534545127,0.13503425348592982,0.1350342534545127,0.1350342534165491,0.1350342534545127,0.13503425351579837,0.13503425357671872,0.13503425351579837,0.1350342534545127,0.13503425348592982,0.13503425357671872,0.13503425368773306,0.13503425357671872,0.13503425348592982,0.1350342534545127,0.13503425351579837,0.13503425357671872,0.13503425351579837,0.1350342534545127,0.1350342534165491,0.1350342534545127,0.13503425348592982,0.1350342534545127,0.1350342534165491
0.16533248747887738,0.16533248747887738,0.16533248747887738,0.16533248747887738,0.16533248747887738,0.16533248747887738,0.16533248747887738,0.16533248747887738,0.16533248747887738,0.16533248747887738,0.16533248747887738,0.16533248747887738,0.16533248747887738,0.16533248747887738,0.16533248747887738,0.16533248747887738,0.16533248747887738,0.16533248747887738,0.16533248747887738,0.16533248747887738,0.16533248747887738,0.16533248747887738,0.16533248747887738,0.16533248747887738,0.16533248747887738,0.1637574937661858,0.1637574937661858,0.1637574937661858,0.1637574937661858,0.1637574937661858,0.1637574937661858,0.1637574937661858,0.1637574937661858,0.1637574937661858,0.1637574937661858,0.1637574937661858,0.1637574937661858,0.1637574937661858,0.1637574937661858,0.1637574937661858,0.1637574937661858,0.1637574937661858,0.1637574937661858,0.1637574937661858,0.1637574937661858,0.1637574937661858,0.1637574937661858,0.1637574937661858,0.1637574937661858,0.1637574937661858,0.16221388398527734,0.16221388398527734,0.16221388398527734,0.16221388398527734,0.16221388398527734,0.16221388398527734,0.16221388398527734,0.16221388398527734,0.16221388398527734,0.16221388398527734,0.16221388398527734,0.16221388398527734,0.16221388398527734,0.16221388398527734,0.16221388398527734,0.16221388398527734,0.16221388398527734,0.16221388398527734,0.16221388398527734,0.16221388398527734,0.16221388398527734,0.16221388398527734,0.16221388398527734,0.16221388398527734,0.16221388398527734,0.16070106709319198,0.16070106709319198,0.16070106709319176,0.16070106709319198,0.16070106709319198,0.16070106709319198,0.16070106709319176,0.16070106709319176,0.16070106709319176,0.16070106709319198,0.16070106709319176,0.16070106709319176,0.16070106709319176,0.16070106709319176,0.16070106709319176,0.16070106709319198,0.16070106709319176,0.16070106709319176,0.16070106709319176,0.16070106709319198,0.16070106709319198,0.16070106709319198,0.16070106709319176,0.16070106709319198,0.16070106709319198,0.15921845146490768,0.15921845146490748,0.15921845146490748,0.15921845146490748,0.15921845146490768,0.15921845146490748,0.15921845146490748,0.15921845146490726,0.15921845146490748,0.15921845146490748,0.15921845146490748,0.15921845146490726,0.15921845146490726,0.15921845146490726,0.15921845146490748,0.15921845146490748,0.15921845146490748,0.15921845146490726,0.15921845146490748,0.15921845146490748,0.15921845146490768,0.15921845146490748,0.15921845146490748,0.15921845146490748,0.15921845146490768,0.1577654462451919,0.15776544624519126,0.15776544624519104,0.15776544624519126,0.1577654462451919,0.15776544624519126,0.15776544624519082,0.1577654462451904,0.15776544624519082,0.15776544624519126,0.15776544624519104,0.1577654462451904,0.15776544624519018,0.1577654462451904,0.15776544624519104,0.15776544624519126,0.15776544624519082,0.1577654462451904,0.15776544624519082,0.15776544624519126,0.1577654462451919,0.15776544624519126,0.15776544624519104,0.15776544624519126,0.1577654462451919,0.15634146256292403,0.15634146256292258,0.15634146256292153,0.15634146256292258,0.15634146256292403,0.15634146256292258,0.1563414625629209,0.15634146256291964,0.1563414625629209,0.15634146256292258,0.15634146256292153,0.15634146256291964,0.1563414625629186,0.15634146256291964,0.15634146256292153,0.15634146256292258,0.1563414625629209,0.15634146256291964,0.1563414625629209,0.15634146256292258,0.15634146256292403,0.15634146256292258,0.15634146256292153,0.15634146256292258,0.15634146256292403,0.15494591461815843,0.1549459146181533,0.15494591461815022,0.1549459146181533,0.15494591461815843,0.1549459146181533,0.15494591461814797,0.1549459146181447,0.15494591461814797,0.1549459146181533,0.15494591461815022,0.1549459146181447,0.1549459146181412,0.1549459146181447,0.15494591461815022,0.1549459146181533,0.15494591461814797,0.1549459146181447,0.15494591461814797,0.1549459146181533,0.15494591461815843,0.1549459146181533,0.15494591461815022,0.1549459146181533,0.15494591461815843,0.15357822065163027,0.1535782206516148,0.15357822065160498,0.1535782206516148,0.15357822065163007,0.1535782206516148,0.15357822065159815,0.1535782206515877,0.15357822065159815,0.1535782206516148,0.15357822065160498,0.1535782206515877,0.15357822065157645,0.1535782206515877,0.15357822065160498,0.1535782206516148,0.15357822065159815,0.1535782206515877,0.15357822065159815,0.1535782206516148,0.15357822065163007,0.1535782206516148,0.15357822065160498,0.1535782206516148,0.15357822065163027,0.15223780380586877,0.1522378038058221,0.15223780380579238,0.1522378038058221,0.15223780380586877,0.1522378038058221,0.15223780380577057,0.1522378038057371,0.15223780380577057,0.1522378038058221,0.15223780380579238,0.1522378038057371,0.15223780380570145,0.1522378038057371,0.15223780380579238,0.1522378038058221,0.15223780380577057,0.1522378038057371,0.15223780380577057,0.1522378038058221,0.15223780380586877,0.1522378038058221,0.15223780380579238,0.1522378038058221,0.15223780380586877,0.15092409288653275,0.15092409288639325,0.15092409288630315,0.15092409288639325,0.15092409288653275,0.15092409288639325,0.15092409288623407,0.15092409288612912,0.15092409288623407,0.15092409288639325,0.15092409288630315,0.15092409288612912,0.15092409288601358,0.15092409288612912,0.15092409288630315,0.15092409288639325,0.15092409288623407,0.15092409288612912,0.15092409288623407,0.15092409288639325,0.15092409288653275,0.15092409288639325,0.15092409288630315,0.15092409288639325,0.15092409288653275,0.14963652303208302,0.14963652303167327,0.14963652303140232,0.14963652303167327,0.14963652303208302,0.14963652303167327,0.14963652303118544,0.14963652303085057,0.14963652303118544,0.14963652303167327,0.14963652303140232,0.14963652303085057,0.14963652303046449,0.14963652303085057,0.14963652303140232,0.14963652303167327,0.14963652303118544,0.14963652303085057,0.14963652303118544,0.14963652303167327,0.14963652303208302,0.14963652303167327,0.14963652303140232,0.14963652303167327,0.14963652303208302,0.14837453629945363,0.14837453629828326,0.14837453629747727,0.14837453629828326,0.14837453629945363,0.14837453629828326,0.1483745362967995,0.14837453629571218,0.1483745362967995,0.14837453629828326,0.14837453629747727,0.14837453629571218,0.14837453629435704,0.14837453629571218,0.14837453629747727,0.14837453629828326,0.1483745362967995,0.14837453629571218,0.1483745362967995,0.14837453629828326,0.14837453629945363,0.14837453629828326,0.14837453629747727,0.14837453629828326,0.14837453629945363,0.14713758217304115,0.1471375821698349,0.14713758216748535,0.1471375821698349,0.14713758217304115,0.1471375821698349,0.14713758216540374,0.14713758216179676,0.14713758216540374,0.1471375821698349,0.14713758216748535,0.14713758216179676,0.1471375821566775,0.14713758216179676,0.14713758216748535,0.1471375821698349,0.14713758216540374,0.14713758216179676,0.14713758216540374,0.1471375821698349,0.14713758217304115,0.1471375821698349,0.14713758216748535,0.1471375821698349,0.14713758217304115,0.1459251180041688,0.14592511799596003,0.14592511798936952,0.14592511799596003,0.1459251180041688,0.14592511799596003,0.1459251179832229,0.14592511797104477,0.1459251179832229,0.14592511799596003,0.14592511798936952,0.14592511797104477,0.14592511794965998,0.14592511797104477,0.14592511798936952,0.14592511799596003,0.1459251179832229,0.14592511797104477,0.1459251179832229,0.14592511799596003,0.1459251180041688,0.14592511799596003,0.14592511798936952,0.14592511799596003,0.1459251180041688,0.14473660938807006,0.14473660936930544,0.14473660935223168,0.14473660936930544,0.14473660938807006,0.14473660936930544,0.14473660933554347,0.14473660929488416,0.14473660933554347,0.14473660936930544,0.14473660935223168,0.14473660929488416,0.14473660919401532,0.14473660929488416,0.14473660935223168,0.14473660936930544,0.14473660933554347,0.14473660929488416,0.1447366093355433,0.14473660936930544,0.14473660938807006,0.14473660936930544,0.14473660935223168,0.14473660936930544,0.14473660938807006,0.14357153048409066,0.14357153044897195,0.14357153041209011,0.14357153044897195,0.14357153048409066,0.14357153044897195,0.1435715303747502,0.14357153025410344,0.1435715303747502,0.14357153044897195,0.14357153041209011,0.14357153025410344,0.143571529714105,0.14357153025410344,0.14357153041209011,0.14357153044897195,0.1435715303747502,0.14357153025410344,0.1435715303747502,0.14357153044897195,0.14357153048409066,0.14357153044897195,0.14357153041209011,0.14357153044897195,0.14357153048409066,0.14242936427772065,0.14242936423194735,0.14242936418348345,0.14242936423194735,0.14242936427772065,0.14242936423194735,0.1424293641341097,0.14242936397780204,0.1424293641341097,0.14242936423194735,0.14242936418348345,0.14242936397780204,0.14242936332454267,0.14242936397780204,0.14242936418348345,0.14242936423194735,0.1424293641341097,0.14242936397780204,0.1424293641341097,0.14242936423194735,0.14242936427772065,0.14242936423194735,0.14242936418348345,0.14242936423194735,0.14242936427772065,0.1413096027698703,0.14130960272255266,0.14130960267082093,0.14130960272255266,0.1413096027698703,0.14130960272255266,0.14130960261768138,0.14130960244375126,0.14130960261768138,0.14130960272255266,0.14130960267082093,0.14130960244375126,0.14130960169458986,0.14130960244375126,0.14130960267082093,0.14130960272255266,0.14130960261768138,0.14130960244375126,0.14130960261768138,0.14130960272255266,0.1413096027698703,0.14130960272255266,0.14130960267082093,0.14130960272255266,0.1413096027698703,0.14021174713859264,0.14021174710481096,0.14021174706452694,0.14021174710481096,0.14021174713859264,0.14021174710481096,0.14021174702252684,0.14021174686792628,0.14021174702252684,0.14021174710481096,0.14021174706452694,0.14021174686792628,0.14021174609799975,0.14021174686792628,0.14021174706452694,0.14021174710481096,0.14021174702252684,0.14021174686792628,0.14021174702252684,0.14021174710481096,0.14021174713859264,0.14021174710481096,0.14021174706452694,0.14021174710481096,0.14021174713859264,0.1391353078556531,0.13913530785747105,0.13913530785688683,0.13913530785747105,0.1391353078556531,0.13913530785747105,0.1391353078556719,0.13913530784392955,0.1391353078556719,0.13913530785747105,0.13913530785688683,0.13913530784392955,0.1391353077848172,0.13913530784392955,0.13913530785688683,0.13913530785747105,0.1391353078556719,0.13913530784392955,0.1391353078556719,0.13913530785747105,0.1391353078556531,0.13913530785747105,0.13913530785688683,0.13913530785747105,0.1391353078556531,0.13807980476493847,0.13807980481088716,0.1380798048583252,0.13807980481088716,0.13807980476493847,0.13807980481088716,0.13807980490675653,0.1380798050424984,0.13807980490675653,0.13807980481088716,0.1380798048583252,0.1380798050424984,0.13807980543538462,0.1380798050424984,0.1380798048583252,0.13807980481088716,0.13807980490675653,0.1380798050424984,0.13807980490675653,0.13807980481088716,0.13807980476493847,0.13807980481088716,0.1380798048583252,0.13807980481088716,0.13807980476493847,0.13704476717068578,0.13704476725569364,0.13704476736008903,0.13704476725569364,0.13704476717068578,0.13704476725569364,0.13704476746866034,0.13704476790086195,0.13704476746866034,0.13704476725569364,0.13704476736008903,0.13704476790086195,0.13704477030878567,0.13704476790086195,0.13704476736008903,0.13704476725569364,0.13704476746866034,0.13704476790086195,0.13704476746866034,0.13704476725569364,0.13704476717068578,0.13704476725569364,0.13704476736008903,0.13704476725569364,0.13704476717068578,0.13602973389708392,0.13602973395734835,0.13602973401664542,0.13602973395734835,0.13602973389708392,0.13602973395734835,0.1360297340762644,0.13602973423604778,0.1360297340762644,0.13602973395734835,0.13602973401664542,0.13602973423604778,0.136029734680839,0.13602973423604778,0.13602973401664542,0.13602973395734835,0.1360297340762644,0.13602973423604778,0.1360297340762644,0.13602973395734835,0.13602973389708392,0.13602973395734835,0.13602973401664542,0.13602973395734835,0.13602973389708392,0.13503425341522843,0.13503425345316247,0.1350342534845553,0.13503425345316247,0.13503425341522843,0.13503425345316247,0.13503425351440046,0.13503425357527346,0.13503425351440063,0.13503425345316247,0.1350342534845553,0.13503425357527346,0.13503425368620123,0.13503425357527346,0.1350342534845553,0.13503425345316247,0.13503425351440063,0.13503425357527346,0.13503425351440063,0.13503425345316247,0.13503425341522843,0.13503425345316247,0.1350342534845553,0.13503425345316247,0.13503425341522843
0.1653324874792611,0.1653324874792611,0.1653324874792611,0.1653324874792611,0.1653324874792611,0.1653324874792611,0.1653324874792611,0.1653324874792611,0.1653324874792611,0.1653324874792611,0.1653324874792611,0.1653324874792611,0.1653324874792611,0.1653324874792611,0.1653324874792611,0.1653324874792611,0.1653324874792611,0.1653324874792611,0.1653324874792611,0.1653324874792611,0.1653324874792611,0.1653324874792611,0.1653324874792611,0.1653324874792611,0.1653324874792611,0.16375749376656162,0.16375749376656162,0.16375749376656162,0.16375749376656162,0.16375749376656162,0.16375749376656162,0.16375749376656162,0.16375749376656162,0.16375749376656162,0.16375749376656162,0.16375749376656162,0.16375749376656162,0.16375749376656162,0.16375749376656162,0.16375749376656162,0.16375749376656162,0.16375749376656162,0.16375749376656162,0.16375749376656162,0.16375749376656162,0.16375749376656162,0.16375749376656162,0.16375749376656162,0.16375749376656162,0.16375749376656162,0.16221388398564546,0.16221388398564546,0.16221388398564546,0.16221388398564546,0.16221388398564546,0.16221388398564546,0.16221388398564546,0.16221388398564546,0.16221388398564546,0.16221388398564546,0.16221388398564546,0.16221388398564546,0.16221388398564546,0.16221388398564546,0.16221388398564546,0.16221388398564546,0.16221388398564546,0.16221388398564546,0.16221388398564546,0.16221388398564546,0.16221388398564546,0.16221388398564546,0.16221388398564546,0.16221388398564546,0.16221388398564546,0.16070106709355253,0.16070106709355253,0.16070106709355253,0.16070106709355253,0.16070106709355253,0.16070106709355253,0.16070106709355253,0.16070106709355253,0.16070106709355253,0.16070106709355253,0.16070106709355253,0.16070106709355253,0.16070106709355253,0.16070106709355253,0.16070106709355253,0.16070106709355253,0.16070106709355253,0.16070106709355253,0.16070106709355253,0.16070106709355253,0.16070106709355253,0.16070106709355253,0.16070106709355253,0.16070106709355253,0.16070106709355275,0.15921845146526103,0.15921845146526103,0.1592184514652608,0.15921845146526103,0.15921845146526103,0.15921845146526103,0.1592184514652608,0.15921845146526062,0.1592184514652608,0.15921845146526103,0.1592184514652608,0.15921845146526062,0.15921845146526062,0.15921845146526062,0.1592184514652608,0.15921845146526103,0.1592184514652608,0.15921845146526062,0.1592184514652608,0.15921845146526103,0.15921845146526103,0.15921845146526103,0.1592184514652608,0.15921845146526103,0.15921845146526103,0.15776544624553818,0.15776544624553757,0.15776544624553734,0.15776544624553757,0.15776544624553818,0.15776544624553757,0.15776544624553712,0.15776544624553668,0.15776544624553712,0.15776544624553757,0.15776544624553734,0.15776544624553668,0.15776544624553648,0.15776544624553668,0.15776544624553734,0.15776544624553757,0.15776544624553712,0.15776544624553668,0.15776544624553712,0.15776544624553757,0.15776544624553818,0.15776544624553757,0.15776544624553734,0.15776544624553757,0.15776544624553818,0.15634146256326342,0.15634146256326195,0.15634146256326092,0.15634146256326176,0.15634146256326342,0.15634146256326195,0.15634146256326006,0.156341462563259,0.15634146256326006,0.15634146256326176,0.15634146256326092,0.156341462563259,0.15634146256325798,0.156341462563259,0.15634146256326092,0.15634146256326176,0.15634146256326006,0.156341462563259,0.15634146256326006,0.15634146256326176,0.15634146256326342,0.15634146256326176,0.15634146256326092,0.15634146256326176,0.15634146256326342,0.1549459146184908,0.1549459146184859,0.15494591461848262,0.1549459146184859,0.1549459146184908,0.1549459146184859,0.15494591461848056,0.1549459146184773,0.15494591461848056,0.1549459146184859,0.15494591461848262,0.1549459146184773,0.15494591461847382,0.1549459146184773,0.15494591461848262,0.1549459146184859,0.15494591461848056,0.1549459146184773,0.15494591461848056,0.1549459146184859,0.1549459146184908,0.1549459146184859,0.15494591461848262,0.1549459146184859,0.1549459146184908,0.15357822065195603,0.15357822065194057,0.15357822065193094,0.15357822065194057,0.15357822065195603,0.15357822065194057,0.15357822065192409,0.15357822065191346,0.15357822065192409,0.15357822065194057,0.15357822065193094,0.15357822065191346,0.1535782206519022,0.15357822065191346,0.15357822065193094,0.15357822065194057,0.15357822065192409,0.15357822065191346,0.15357822065192409,0.15357822065194057,0.15357822065195603,0.15357822065194057,0.15357822065193094,0.15357822065194057,0.15357822065195603,0.15223780380618804,0.15223780380614121,0.15223780380611165,0.15223780380614121,0.15223780380618804,0.15223780380614121,0.15223780380608984,0.15223780380605637,0.15223780380608984,0.15223780380614121,0.15223780380611165,0.15223780380605637,0.15223780380602092,0.15223780380605637,0.15223780380611165,0.15223780380614121,0.15223780380608984,0.15223780380605637,0.15223780380608984,0.15223780380614121,0.15223780380618804,0.15223780380614121,0.15223780380611165,0.15223780380614121,0.15223780380618804,0.15092409288684544,0.15092409288670597,0.15092409288661607,0.15092409288670597,0.15092409288684544,0.15092409288670597,0.150924092886547,0.15092409288644207,0.150924092886547,0.15092409288670597,0.15092409288661607,0.15092409288644207,0.1509240928863267,0.15092409288644207,0.15092409288661607,0.15092409288670597,0.150924092886547,0.15092409288644207,0.150924092886547,0.15092409288670597,0.15092409288684544,0.15092409288670597,0.15092409288661607,0.15092409288670597,0.15092409288684544,0.14963652303238914,0.1496365230319798,0.14963652303170902,0.1496365230319798,0.14963652303238914,0.1496365230319798,0.14963652303149214,0.14963652303115746,0.14963652303149214,0.1496365230319798,0.14963652303170902,0.14963652303115746,0.14963652303077174,0.14963652303115746,0.14963652303170902,0.1496365230319798,0.14963652303149214,0.14963652303115746,0.14963652303149214,0.1496365230319798,0.14963652303238914,0.1496365230319798,0.14963652303170902,0.1496365230319798,0.14963652303238914,0.1483745362997531,0.14837453629858333,0.1483745362977777,0.14837453629858333,0.1483745362997531,0.14837453629858333,0.1483745362971003,0.14837453629601371,0.1483745362971003,0.14837453629858333,0.1483745362977777,0.14837453629601371,0.14837453629465933,0.14837453629601371,0.1483745362977777,0.14837453629858333,0.1483745362971003,0.14837453629601371,0.1483745362971003,0.14837453629858333,0.1483745362997531,0.14837453629858333,0.1483745362977777,0.14837453629858333,0.1483745362997531,0.14713758217333253,0.14713758217012812,0.14713758216777983,0.14713758217012812,0.14713758217333253,0.14713758217012812,0.1471375821656993,0.14713758216209433,0.1471375821656993,0.14713758217012812,0.14713758216777983,0.14713758216209433,0.1471375821569776,0.14713758216209433,0.14713758216777983,0.14713758217012812,0.1471375821656993,0.14713758216209433,0.1471375821656993,0.14713758217012812,0.14713758217333253,0.14713758217012812,0.14713758216777983,0.14713758217012812,0.14713758217333253,0.14592511800444855,0.14592511799624458,0.14592511798965763,0.14592511799624458,0.14592511800444855,0.14592511799624458,0.14592511798351424,0.14592511797134247,0.14592511798351424,0.14592511799624458,0.14592511798965763,0.14592511797134247,0.14592511794996857,0.14592511797134247,0.14592511798965763,0.14592511799624458,0.14592511798351424,0.14592511797134247,0.14592511798351424,0.14592511799624458,0.14592511800444855,0.14592511799624458,0.14592511798965763,0.14592511799624458,0.14592511800444855,0.1447366093883291,0.14473660936957514,0.14473660935251095,0.14473660936957514,0.1447366093883291,0.14473660936957514,0.14473660933583166,0.14473660929519383,0.14473660933583166,0.14473660936957514,0.14473660935251095,0.14473660929519383,0.14473660919437575,0.14473660929519383,0.14473660935251095,0.14473660936957514,0.14473660933583166,0.14473660929519383,0.14473660933583166,0.14473660936957514,0.1447366093883291,0.14473660936957514,0.14473660935251095,0.14473660936957514,0.1447366093883291,0.14357153048430643,0.1435715304492091,0.14357153041234832,0.1435715304492091,0.14357153048430643,0.1435715304492091,0.1435715303750298,0.14357153025444738,0.1435715303750298,0.1435715304492091,0.14357153041234832,0.14357153025444738,0.1435715297146941,0.14357153025444738,0.14357153041234832,0.1435715304492091,0.1435715303750298,0.14357153025444738,0.1435715303750298,0.1435715304492091,0.14357153048430643,0.1435715304492091,0.14357153041234832,0.1435715304492091,0.14357153048430643,0.142429364277849,0.14242936423210753,0.1424293641836762,0.14242936423210753,0.142429364277849,0.14242936423210753,0.14242936413433563,0.14242936397812767,0.14242936413433563,0.14242936423210753,0.1424293641836762,0.14242936397812767,0.14242936332526757,0.14242936397812767,0.1424293641836762,0.14242936423210753,0.14242936413433563,0.14242936397812767,0.14242936413433563,0.14242936423210753,0.142429364277849,0.14242936423210753,0.1424293641836762,0.14242936423210753,0.142429364277849,0.1413096027698443,0.14130960272256615,0.1413096026708777,0.14130960272256615,0.1413096027698443,0.14130960272256615,0.1413096026177827,0.14130960244399876,0.1413096026177827,0.14130960272256615,0.1413096026708777,0.14130960244399876,0.14130960169547024,0.14130960244399876,0.1413096026708777,0.14130960272256615,0.1413096026177827,0.14130960244399876,0.1413096026177827,0.14130960272256615,0.1413096027698443,0.14130960272256615,0.1413096026708777,0.14130960272256615,0.1413096027698443,0.14021174713832898,0.14021174710458134,0.1402117470643386,0.14021174710458134,0.14021174713832898,0.14021174710458134,0.14021174702238154,0.14021174686794452,0.14021174702238154,0.14021174710458134,0.1402117470643386,0.14021174686794452,0.14021174609885761,0.14021174686794452,0.1402117470643386,0.14021174710458134,0.14021174702238154,0.14021174686794452,0.14021174702238154,0.14021174710458134,0.14021174713832898,0.14021174710458134,0.1402117470643386,0.14021174710458134,0.14021174713832898,0.13913530785507833,0.13913530785690026,0.13913530785632203,0.13913530785690026,0.13913530785507833,0.13913530785690026,0.13913530785511344,0.13913530784339548,0.13913530785511344,0.13913530785690026,0.13913530785632203,0.13913530784339548,0.13913530778437197,0.13913530784339548,0.13913530785632203,0.13913530785690026,0.13913530785511344,0.13913530784339548,0.13913530785511344,0.13913530785690026,0.13913530785507833,0.13913530785690026,0.13913530785632203,0.13913530785690026,0.13913530785507833,0.13807980476404064,0.138079804809956,0.13807980485735927,0.138079804809956,0.13807980476404064,0.138079804809956,0.13807980490575483,0.13807980504139514,0.13807980490575483,0.138079804809956,0.13807980485735927,0.13807980504139514,0.1380798054339829,0.13807980504139514,0.13807980485735927,0.138079804809956,0.13807980490575483,0.13807980504139514,0.13807980490575483,0.138079804809956,0.13807980476404064,0.138079804809956,0.13807980485735927,0.138079804809956,0.13807980476404064,0.13704476716952876,0.1370447672544714,0.13704476735878587,0.1370447672544714,0.13704476716952876,0.1370447672544714,0.1370447674672733,0.13704476789913858,0.1370447674672733,0.1370447672544714,0.13704476735878587,0.13704476789913858,0.13704477030518447,0.13704476789913858,0.13704476735878587,0.1370447672544714,0.1370447674672733,0.13704476789913858,0.1370447674672733,0.1370447672544714,0.13704476716952876,0.1370447672544714,0.13704476735878587,0.1370447672544714,0.13704476716952876,0.13602973389579892,0.1360297339560167,0.1360297340152677,0.1360297339560167,0.13602973389579892,0.1360297339560167,0.13602973407484026,0.13602973423449932,0.13602973407484026,0.1360297339560167,0.1360297340152677,0.13602973423449932,0.1360297346789437,0.13602973423449932,0.1360297340152677,0.1360297339560167,0.13602973407484026,0.13602973423449932,0.13602973407484026,0.1360297339560167,0.13602973389579892,0.1360297339560167,0.1360297340152677,0.1360297339560167,0.13602973389579892,0.13503425341390932,0.135034253451814,0.1350342534831824,0.135034253451814,0.13503425341390932,0.135034253451814,0.13503425351300447,0.13503425357382992,0.13503425351300447,0.135034253451814,0.1350342534831824,0.13503425357382992,0.13503425368467128,0.13503425357382992,0.1350342534831824,0.135034253451814,0.13503425351300447,0.13503425357382992,0.13503425351300447,0.135034253451814,0.13503425341390932,0.135034253451814,0.1350342534831824,0.135034253451814,0.13503425341390932
0.16533248747964313,0.16533248747964313,0.16533248747964313,0.16533248747964313,0.16533248747964313,0.16533248747964313,0.16533248747964313,0.16533248747964313,0.16533248747964313,0.16533248747964313,0.16533248747964313,0.16533248747964313,0.16533248747964313,0.16533248747964313,0.16533248747964313,0.16533248747964313,0.16533248747964313,0.16533248747964313,0.16533248747964313,0.16533248747964313,0.16533248747964313,0.16533248747964313,0.16533248747964313,0.16533248747964313,0.16533248747964313,0.16375749376693632,0.16375749376693632,0.16375749376693632,0.16375749376693632,0.16375749376693632,0.16375749376693632,0.16375749376693632,0.16375749376693632,0.16375749376693632,0.16375749376693632,0.16375749376693632,0.16375749376693632,0.16375749376693632,0.16375749376693632,0.16375749376693632,0.16375749376693632,0.16375749376693632,0.16375749376693632,0.16375749376693632,0.16375749376693632,0.16375749376693632,0.16375749376693632,0.16375749376693632,0.16375749376693632,0.16375749376693632,0.16221388398601289,0.16221388398601289,0.16221388398601289,0.16221388398601289,0.16221388398601289,0.16221388398601289,0.16221388398601289,0.16221388398601289,0.16221388398601289,0.16221388398601289,0.16221388398601289,0.16221388398601289,0.16221388398601289,0.16221388398601289,0.16221388398601289,0.16221388398601289,0.16221388398601289,0.16221388398601289,0.16221388398601289,0.16221388398601289,0.16221388398601289,0.16221388398601289,0.16221388398601289,0.16221388398601289,0.16221388398601289,0.16070106709391288,0.16070106709391288,0.16070106709391266,0.16070106709391288,0.16070106709391288,0.16070106709391288,0.16070106709391266,0.16070106709391266,0.16070106709391266,0.16070106709391288,0.16070106709391266,0.16070106709391266,0.16070106709391266,0.16070106709391266,0.16070106709391266,0.16070106709391288,0.16070106709391266,0.16070106709391266,0.16070106709391266,0.16070106709391288,0.16070106709391288,0.16070106709391288,0.16070106709391266,0.16070106709391288,0.16070106709391288,0.1592184514656142,0.15921845146561395,0.15921845146561395,0.15921845146561395,0.1592184514656142,0.15921845146561395,0.15921845146561395,0.15921845146561373,0.15921845146561395,0.15921845146561395,0.15921845146561395,0.15921845146561373,0.15921845146561373,0.15921845146561373,0.15921845146561395,0.15921845146561395,0.15921845146561395,0.15921845146561373,0.15921845146561395,0.15921845146561395,0.1592184514656142,0.15921845146561395,0.15921845146561395,0.15921845146561395,0.1592184514656142,0.1577654462458843,0.15776544624588362,0.15776544624588343,0.15776544624588362,0.1577654462458843,0.15776544624588362,0.1577654462458832,0.15776544624588276,0.1577654462458832,0.15776544624588362,0.15776544624588343,0.15776544624588276,0.15776544624588235,0.15776544624588276,0.15776544624588343,0.15776544624588362,0.1577654462458832,0.15776544624588276,0.1577654462458832,0.15776544624588362,0.1577654462458843,0.15776544624588362,0.15776544624588343,0.15776544624588362,0.1577654462458843,0.1563414625636026,0.1563414625636009,0.15634146256359988,0.1563414625636009,0.1563414625636026,0.1563414625636009,0.15634146256359924,0.1563414625635982,0.15634146256359924,0.1563414625636009,0.15634146256359988,0.1563414625635982,0.15634146256359716,0.1563414625635982,0.15634146256359988,0.1563414625636009,0.15634146256359924,0.1563414625635982,0.15634146256359924,0.1563414625636009,0.1563414625636026,0.1563414625636009,0.15634146256359988,0.1563414625636009,0.1563414625636026,0.1549459146188232,0.1549459146188181,0.15494591461881502,0.1549459146188181,0.1549459146188232,0.1549459146188181,0.15494591461881277,0.1549459146188095,0.15494591461881277,0.1549459146188181,0.15494591461881502,0.1549459146188095,0.15494591461880602,0.1549459146188095,0.15494591461881502,0.1549459146188181,0.15494591461881277,0.1549459146188095,0.15494591461881277,0.1549459146188181,0.1549459146188232,0.1549459146188181,0.15494591461881502,0.1549459146188181,0.1549459146188232,0.1535782206522816,0.15357822065226634,0.1535782206522565,0.15357822065226634,0.1535782206522816,0.15357822065226634,0.1535782206522497,0.15357822065223922,0.1535782206522497,0.15357822065226634,0.1535782206522565,0.15357822065223922,0.15357822065222795,0.15357822065223922,0.1535782206522565,0.15357822065226634,0.1535782206522497,0.15357822065223922,0.1535782206522497,0.15357822065226634,0.1535782206522816,0.15357822065226634,0.1535782206522565,0.15357822065226634,0.1535782206522816,0.15223780380650714,0.15223780380646046,0.15223780380643095,0.15223780380646046,0.15223780380650714,0.15223780380646046,0.15223780380640908,0.15223780380637583,0.15223780380640908,0.15223780380646046,0.15223780380643095,0.15223780380637583,0.1522378038063402,0.15223780380637583,0.15223780380643095,0.15223780380646046,0.15223780380640908,0.15223780380637583,0.15223780380640908,0.15223780380646046,0.15223780380650714,0.15223780380646046,0.15223780380643095,0.15223780380646046,0.15223780380650714,0.15092409288715816,0.1509240928870189,0.1509240928869288,0.1509240928870189,0.15092409288715816,0.1509240928870189,0.15092409288685993,0.15092409288675498,0.15092409288685993,0.1509240928870189,0.1509240928869288,0.15092409288675498,0.1509240928866396,0.15092409288675498,0.1509240928869288,0.1509240928870189,0.15092409288685993,0.15092409288675498,0.15092409288685993,0.1509240928870189,0.15092409288715816,0.1509240928870189,0.1509240928869288,0.1509240928870189,0.15092409288715816,0.14963652303269545,0.1496365230322863,0.14963652303201572,0.1496365230322863,0.14963652303269545,0.1496365230322863,0.14963652303179883,0.14963652303146432,0.14963652303179883,0.1496365230322863,0.14963652303201572,0.14963652303146432,0.1496365230310788,0.14963652303146432,0.14963652303201572,0.1496365230322863,0.14963652303179883,0.14963652303146432,0.14963652303179883,0.1496365230322863,0.14963652303269545,0.1496365230322863,0.14963652303201572,0.1496365230322863,0.14963652303269545,0.14837453630005243,0.14837453629888336,0.14837453629807829,0.14837453629888336,0.14837453630005243,0.14837453629888336,0.14837453629740108,0.14837453629631506,0.14837453629740108,0.14837453629888336,0.14837453629807829,0.14837453629631506,0.14837453629496142,0.14837453629631506,0.14837453629807829,0.14837453629888336,0.14837453629740108,0.14837453629631506,0.14837453629740108,0.14837453629888336,0.14837453630005243,0.14837453629888336,0.14837453629807829,0.14837453629888336,0.14837453630005243,0.1471375821736239,0.14713758217042128,0.1471375821680743,0.14713758217042128,0.1471375821736239,0.14713758217042128,0.14713758216599485,0.1471375821623917,0.14713758216599485,0.14713758217042128,0.1471375821680743,0.1471375821623917,0.14713758215727768,0.1471375821623917,0.1471375821680743,0.14713758217042128,0.14713758216599485,0.1471375821623917,0.14713758216599485,0.14713758217042128,0.1471375821736239,0.14713758217042128,0.1471375821680743,0.14713758217042128,0.1471375821736239,0.14592511800472846,0.14592511799652894,0.14592511798994556,0.14592511799652894,0.14592511800472846,0.14592511799652894,0.14592511798380556,0.1459251179716402,0.14592511798380556,0.14592511799652894,0.14592511798994556,0.1459251179716402,0.14592511795027732,0.1459251179716402,0.14592511798994556,0.14592511799652894,0.14592511798380556,0.1459251179716402,0.14592511798380556,0.14592511799652894,0.14592511800472846,0.14592511799652894,0.14592511798994556,0.14592511799652894,0.14592511800472846,0.14473660938858793,0.14473660936984478,0.14473660935278987,0.14473660936984478,0.14473660938858793,0.14473660936984478,0.14473660933611984,0.14473660929550333,0.14473660933611984,0.14473660936984478,0.14473660935278987,0.14473660929550333,0.14473660919473602,0.14473660929550333,0.14473660935278987,0.14473660936984478,0.14473660933611984,0.14473660929550333,0.14473660933611984,0.14473660936984478,0.14473660938858793,0.14473660936984478,0.14473660935278987,0.14473660936984478,0.14473660938858793,0.1435715304845222,0.14357153044944593,0.1435715304126065,0.14357153044944593,0.1435715304845222,0.14357153044944593,0.1435715303753094,0.14357153025479133,0.1435715303753094,0.14357153044944593,0.1435715304126065,0.14357153025479133,0.1435715297153355,0.14357153025479133,0.1435715304126065,0.14357153044944593,0.1435715303753094,0.14357153025479133,0.1435715303753094,0.14357153044944593,0.1435715304845222,0.14357153044944593,0.1435715304126065,0.14357153044944593,0.1435715304845222,0.1424293642779773,0.1424293642322676,0.14242936418386895,0.1424293642322676,0.1424293642779773,0.1424293642322676,0.14242936413456125,0.1424293639784531,0.14242936413456125,0.1424293642322676,0.14242936418386895,0.1424293639784531,0.14242936332597178,0.1424293639784531,0.14242936418386895,0.1424293642322676,0.14242936413456125,0.1424293639784531,0.14242936413456125,0.1424293642322676,0.1424293642779773,0.1424293642322676,0.14242936418386895,0.1424293642322676,0.1424293642779773,0.14130960276981833,0.1413096027225796,0.14130960267093443,0.1413096027225796,0.14130960276981833,0.1413096027225796,0.14130960261788383,0.14130960244424598,0.14130960261788383,0.1413096027225796,0.14130960267093443,0.14130960244424598,0.14130960169633813,0.14130960244424598,0.14130960267093443,0.1413096027225796,0.14130960261788383,0.14130960244424598,0.14130960261788383,0.1413096027225796,0.14130960276981833,0.1413096027225796,0.14130960267093443,0.1413096027225796,0.14130960276981833,0.1402117471380655,0.1402117471043517,0.14021174706415024,0.1402117471043517,0.1402117471380655,0.1402117471043517,0.14021174702223627,0.14021174686796226,0.14021174702223627,0.1402117471043517,0.14021174706415024,0.14021174686796226,0.14021174609972517,0.14021174686796226,0.14021174706415024,0.1402117471043517,0.14021174702223627,0.14021174686796226,0.14021174702223627,0.1402117471043517,0.1402117471380655,0.1402117471043517,0.14021174706415024,0.1402117471043517,0.1402117471380655,0.13913530785450423,0.13913530785632994,0.1391353078557576,0.13913530785632994,0.13913530785450423,0.13913530785632994,0.13913530785455547,0.13913530784286182,0.13913530785455547,0.13913530785632994,0.1391353078557576,0.13913530784286182,0.13913530778392688,0.13913530784286182,0.1391353078557576,0.13913530785632994,0.13913530785455547,0.13913530784286182,0.13913530785455547,0.13913530785632994,0.13913530785450423,0.13913530785632994,0.1391353078557576,0.13913530785632994,0.13913530785450423,0.13807980476314355,0.13807980480902557,0.13807980485639415,0.13807980480902557,0.13807980476314355,0.13807980480902557,0.13807980490475405,0.13807980504029294,0.13807980490475405,0.13807980480902557,0.13807980485639415,0.13807980504029294,0.13807980543258272,0.13807980504029294,0.13807980485639415,0.13807980480902557,0.13807980490475405,0.13807980504029294,0.13807980490475405,0.13807980480902557,0.13807980476314355,0.13807980480902557,0.13807980485639415,0.13807980480902557,0.13807980476314355,0.13704476716837297,0.13704476725325035,0.1370447673574843,0.13704476725325035,0.13704476716837297,0.13704476725325035,0.1370447674658876,0.137044767897417,0.1370447674658876,0.13704476725325035,0.1370447673574843,0.137044767897417,0.1370447703015729,0.137044767897417,0.1370447673574843,0.13704476725325035,0.1370447674658876,0.137044767897417,0.1370447674658876,0.13704476725325035,0.13704476716837297,0.13704476725325035,0.1370447673574843,0.13704476725325035,0.13704476716837297,0.13602973389451525,0.13602973395468637,0.13602973401389146,0.13602973395468637,0.13602973389451525,0.13602973395468637,0.13602973407341784,0.13602973423295264,0.13602973407341784,0.13602973395468637,0.13602973401389146,0.13602973423295264,0.13602973467705032,0.13602973423295264,0.13602973401389146,0.13602973395468637,0.13602973407341784,0.13602973423295264,0.13602973407341784,0.13602973395468637,0.13602973389451525,0.13602973395468637,0.13602973401389146,0.13602973395468637,0.13602973389451525,0.13503425341259143,0.13503425345046657,0.1350342534818107,0.13503425345046657,0.13503425341259143,0.13503425345046657,0.1350342535116095,0.1350342535723877,0.1350342535116095,0.13503425345046657,0.1350342534818107,0.1350342535723877,0.13503425368314265,0.1350342535723877,0.1350342534818107,0.13503425345046657,0.1350342535116095,0.1350342535723877,0.1350342535116095,0.13503425345046674,0.13503425341259143,0.13503425345046657,0.1350342534818107,0.13503425345046674,0.13503425341259143
0.16533248748002546,0.16533248748002546,0.16533248748002546,0.16533248748002546,0.16533248748002546,0.16533248748002546,0.16533248748002546,0.16533248748002546,0.16533248748002546,0.16533248748002546,0.16533248748002546,0.16533248748002546,0.16533248748002546,0.16533248748002546,0.16533248748002546,0.16533248748002546,0.16533248748002546,0.16533248748002546,0.16533248748002546,0.16533248748002546,0.16533248748002546,0.16533248748002546,0.16533248748002546,0.16533248748002546,0.16533248748002546,0.16375749376731102,0.16375749376731102,0.16375749376731102,0.16375749376731102,0.16375749376731102,0.16375749376731102,0.16375749376731102,0.16375749376731102,0.16375749376731102,0.16375749376731102,0.16375749376731102,0.16375749376731102,0.16375749376731102,0.16375749376731102,0.16375749376731102,0.16375749376731102,0.16375749376731102,0.16375749376731102,0.16375749376731102,0.16375749376731102,0.16375749376731102,0.16375749376731102,0.16375749376731102,0.16375749376731102,0.16375749376731102,0.16221388398638012,0.16221388398638012,0.16221388398638012,0.16221388398638012,0.16221388398638012,0.16221388398638012,0.16221388398638012,0.16221388398638012,0.16221388398638012,0.16221388398638012,0.16221388398638012,0.16221388398638012,0.16221388398638012,0.16221388398638012,0.16221388398638012,0.16221388398638012,0.16221388398638012,0.16221388398638012,0.16221388398638012,0.16221388398638012,0.16221388398638012,0.16221388398638012,0.16221388398638012,0.16221388398638012,0.16221388398638012,0.16070106709427276,0.16070106709427276,0.16070106709427276,0.16070106709427276,0.16070106709427276,0.16070106709427276,0.16070106709427254,0.16070106709427254,0.16070106709427254,0.16070106709427276,0.16070106709427276,0.16070106709427254,0.16070106709427254,0.16070106709427254,0.16070106709427276,0.16070106709427276,0.16070106709427254,0.16070106709427254,0.16070106709427254,0.16070106709427276,0.16070106709427276,0.16070106709427276,0.16070106709427276,0.16070106709427276,0.16070106709427276,0.15921845146596686,0.15921845146596666,0.15921845146596666,0.15921845146596666,0.15921845146596686,0.15921845146596666,0.15921845146596666,0.15921845146596644,0.15921845146596666,0.15921845146596666,0.15921845146596666,0.15921845146596644,0.15921845146596644,0.15921845146596644,0.15921845146596666,0.15921845146596666,0.15921845146596666,0.15921845146596644,0.15921845146596666,0.15921845146596666,0.15921845146596686,0.15921845146596666,0.15921845146596666,0.15921845146596666,0.15921845146596686,0.15776544624622993,0.1577654462462293,0.15776544624622907,0.1577654462462293,0.15776544624622993,0.1577654462462293,0.15776544624622887,0.15776544624622843,0.15776544624622887,0.1577654462462293,0.15776544624622907,0.15776544624622843,0.157765446246228,0.15776544624622843,0.15776544624622907,0.1577654462462293,0.15776544624622887,0.15776544624622843,0.15776544624622887,0.1577654462462293,0.15776544624622993,0.1577654462462293,0.15776544624622907,0.1577654462462293,0.15776544624622993,0.15634146256394135,0.15634146256393966,0.15634146256393863,0.15634146256393966,0.15634146256394135,0.15634146256393966,0.156341462563938,0.15634146256393697,0.156341462563938,0.15634146256393966,0.15634146256393863,0.15634146256393697,0.1563414625639359,0.15634146256393697,0.15634146256393863,0.15634146256393966,0.156341462563938,0.15634146256393697,0.156341462563938,0.15634146256393966,0.15634146256394135,0.15634146256393966,0.15634146256393863,0.15634146256393966,0.15634146256394135,0.15494591461915522,0.15494591461915008,0.15494591461914703,0.15494591461915008,0.15494591461915522,0.15494591461915008,0.15494591461914475,0.15494591461914148,0.15494591461914475,0.15494591461915008,0.15494591461914703,0.15494591461914148,0.154945914619138,0.15494591461914148,0.15494591461914703,0.15494591461915008,0.15494591461914475,0.15494591461914148,0.15494591461914475,0.15494591461915008,0.15494591461915522,0.15494591461915008,0.15494591461914703,0.15494591461915008,0.15494591461915522,0.15357822065260698,0.1535782206525915,0.15357822065258186,0.1535782206525915,0.15357822065260698,0.1535782206525915,0.15357822065257504,0.15357822065256457,0.15357822065257504,0.1535782206525915,0.15357822065258186,0.15357822065256457,0.15357822065255333,0.15357822065256457,0.15357822065258186,0.1535782206525915,0.15357822065257504,0.15357822065256457,0.15357822065257504,0.1535782206525915,0.15357822065260698,0.1535782206525915,0.15357822065258186,0.1535782206525915,0.15357822065260698,0.152237803806826,0.15223780380677934,0.15223780380674962,0.15223780380677934,0.152237803806826,0.15223780380677934,0.15223780380672797,0.15223780380669452,0.15223780380672797,0.15223780380677934,0.15223780380674962,0.15223780380669452,0.15223780380665908,0.15223780380669452,0.15223780380674962,0.15223780380677934,0.15223780380672797,0.15223780380669452,0.15223780380672797,0.15223780380677934,0.152237803806826,0.15223780380677934,0.15223780380674962,0.15223780380677934,0.152237803806826,0.15092409288747052,0.15092409288733122,0.15092409288724132,0.15092409288733122,0.15092409288747052,0.15092409288733122,0.15092409288717246,0.1509240928870675,0.15092409288717246,0.15092409288733122,0.15092409288724132,0.1509240928870675,0.15092409288695235,0.1509240928870675,0.15092409288724132,0.15092409288733122,0.15092409288717246,0.1509240928870675,0.15092409288717246,0.15092409288733122,0.15092409288747052,0.15092409288733122,0.15092409288724132,0.15092409288733122,0.15092409288747052,0.1496365230330014,0.14963652303259242,0.14963652303232183,0.14963652303259242,0.1496365230330014,0.14963652303259242,0.14963652303210515,0.14963652303177086,0.14963652303210515,0.14963652303259242,0.14963652303232183,0.14963652303177086,0.1496365230313855,0.14963652303177086,0.14963652303232183,0.14963652303259242,0.14963652303210515,0.14963652303177086,0.14963652303210515,0.14963652303259242,0.1496365230330014,0.14963652303259242,0.14963652303232183,0.14963652303259242,0.1496365230330014,0.14837453630035155,0.14837453629918304,0.14837453629837832,0.14837453629918304,0.14837453630035155,0.14837453629918304,0.1483745362977017,0.14837453629661623,0.1483745362977017,0.14837453629918304,0.14837453629837832,0.14837453629661623,0.14837453629526312,0.14837453629661623,0.14837453629837832,0.14837453629918304,0.1483745362977017,0.14837453629661623,0.1483745362977017,0.14837453629918304,0.14837453630035155,0.14837453629918304,0.14837453629837832,0.14837453629918304,0.14837453630035155,0.1471375821739149,0.14713758217071413,0.1471375821683682,0.14713758217071396,0.1471375821739149,0.14713758217071413,0.14713758216629005,0.14713758216268888,0.14713758216629005,0.14713758217071396,0.1471375821683682,0.14713758216268888,0.1471375821575774,0.14713758216268888,0.1471375821683682,0.14713758217071396,0.14713758216629005,0.14713758216268888,0.14713758216629005,0.14713758217071396,0.1471375821739149,0.14713758217071396,0.1471375821683682,0.14713758217071396,0.1471375821739149,0.14592511800500801,0.14592511799681296,0.1459251179902333,0.14592511799681296,0.14592511800500801,0.14592511799681296,0.1459251179840965,0.14592511797193758,0.1459251179840965,0.14592511799681296,0.1459251179902333,0.14592511797193758,0.14592511795058555,0.14592511797193758,0.1459251179902333,0.14592511799681296,0.1459251179840965,0.14592511797193758,0.1459251179840965,0.14592511799681296,0.14592511800500801,0.14592511799681296,0.1459251179902333,0.14592511799681296,0.14592511800500801,0.14473660938884647,0.14473660937011412,0.14473660935306862,0.14473660937011412,0.14473660938884647,0.14473660937011412,0.1447366093364077,0.1447366092958126,0.1447366093364077,0.14473660937011412,0.14473660935306862,0.1447366092958126,0.14473660919509615,0.1447366092958126,0.14473660935306862,0.14473660937011412,0.1447366093364077,0.1447366092958126,0.1447366093364077,0.14473660937011412,0.14473660938884647,0.14473660937011412,0.14473660935306862,0.14473660937011412,0.14473660938884647,0.14357153048473761,0.14357153044968257,0.14357153041286438,0.14357153044968257,0.14357153048473761,0.14357153044968257,0.14357153037558848,0.14357153025513472,0.14357153037558848,0.14357153044968257,0.14357153041286438,0.14357153025513472,0.14357152971593726,0.14357153025513472,0.14357153041286438,0.14357153044968257,0.14357153037558848,0.14357153025513472,0.14357153037558848,0.14357153044968257,0.14357153048473761,0.14357153044968257,0.14357153041286438,0.14357153044968257,0.14357153048473761,0.14242936427810515,0.1424293642324273,0.14242936418406119,0.1424293642324273,0.14242936427810515,0.1424293642324273,0.14242936413478674,0.14242936397877803,0.14242936413478674,0.1424293642324273,0.14242936418406119,0.14242936397877803,0.1424293633266916,0.14242936397877803,0.14242936418406119,0.1424293642324273,0.14242936413478674,0.14242936397877803,0.14242936413478674,0.1424293642324273,0.14242936427810515,0.1424293642324273,0.14242936418406119,0.1424293642324273,0.14242936427810515,0.14130960276979235,0.1413096027225928,0.14130960267099082,0.1413096027225928,0.14130960276979235,0.1413096027225928,0.14130960261798464,0.1413096024444925,0.14130960261798464,0.1413096027225928,0.14130960267099082,0.1413096024444925,0.14130960169720239,0.1413096024444925,0.14130960267099082,0.1413096027225928,0.14130960261798464,0.1413096024444925,0.14130960261798464,0.1413096027225928,0.14130960276979235,0.1413096027225928,0.14130960267099082,0.1413096027225928,0.14130960276979235,0.14021174713780216,0.14021174710412226,0.14021174706396175,0.14021174710412226,0.14021174713780216,0.14021174710412226,0.14021174702209066,0.1402117468679795,0.14021174702209066,0.14021174710412226,0.14021174706396175,0.1402117468679795,0.14021174610058867,0.1402117468679795,0.14021174706396175,0.14021174710412226,0.14021174702209066,0.1402117468679795,0.14021174702209066,0.14021174710412226,0.14021174713780216,0.14021174710412226,0.14021174706396175,0.14021174710412226,0.14021174713780216,0.13913530785393044,0.13913530785576012,0.13913530785519343,0.13913530785576012,0.13913530785393044,0.13913530785576012,0.1391353078539978,0.1391353078423282,0.1391353078539978,0.13913530785576012,0.13913530785519343,0.1391353078423282,0.13913530778348163,0.1391353078423282,0.13913530785519343,0.13913530785576012,0.1391353078539978,0.1391353078423282,0.1391353078539978,0.13913530785576012,0.13913530785393044,0.13913530785576012,0.13913530785519343,0.13913530785576012,0.13913530785393044,0.13807980476224743,0.13807980480809628,0.13807980485542978,0.13807980480809628,0.13807980476224743,0.13807980480809628,0.13807980490375435,0.13807980503919184,0.13807980490375435,0.13807980480809628,0.13807980485542978,0.13807980503919184,0.13807980543118395,0.13807980503919184,0.13807980485542978,0.13807980480809628,0.13807980490375435,0.13807980503919184,0.13807980490375435,0.13807980480809628,0.13807980476224743,0.13807980480809628,0.13807980485542978,0.13807980480809628,0.13807980476224727,0.13704476716721836,0.13704476725203055,0.137044767356184,0.13704476725203055,0.13704476716721836,0.13704476725203055,0.13704476746450342,0.13704476789569744,0.13704476746450342,0.13704476725203055,0.137044767356184,0.13704476789569744,0.13704477029799356,0.13704476789569744,0.13704476735618387,0.13704476725203055,0.13704476746450342,0.13704476789569744,0.13704476746450342,0.13704476725203055,0.13704476716721836,0.13704476725203055,0.13704476735618387,0.13704476725203055,0.13704476716721836,0.13602973389323278,0.13602973395335757,0.1360297340125167,0.13602973395335757,0.13602973389323278,0.13602973395335757,0.13602973407199667,0.13602973423140746,0.13602973407199667,0.13602973395335757,0.1360297340125167,0.13602973423140746,0.13602973467515922,0.13602973423140746,0.1360297340125167,0.13602973395335757,0.13602973407199667,0.13602973423140746,0.13602973407199667,0.13602973395335757,0.13602973389323278,0.13602973395335757,0.1360297340125167,0.13602973395335757,0.13602973389323278,0.13503425341127498,0.13503425344912084,0.13503425348044043,0.13503425344912084,0.13503425341127498,0.13503425344912084,0.1350342535102161,0.1350342535709471,0.1350342535102161,0.13503425344912084,0.13503425348044043,0.1350342535709471,0.1350342536816159,0.1350342535709471,0.13503425348044043,0.13503425344912084,0.1350342535102161,0.1350342535709471,0.1350342535102161,0.13503425344912084,0.13503425341127498,0.13503425344912084,0.13503425348044043,0.13503425344912084,0.13503425341127498
0.1653324874804075,0.1653324874804075,0.1653324874804075,0.1653324874804075,0.1653324874804075,0.1653324874804075,0.1653324874804075,0.1653324874804075,0.1653324874804075,0.1653324874804075,0.1653324874804075,0.1653324874804075,0.1653324874804075,0.1653324874804075,0.1653324874804075,0.1653324874804075,0.1653324874804075,0.1653324874804075,0.1653324874804075,0.1653324874804075,0.1653324874804075,0.1653324874804075,0.1653324874804075,0.1653324874804075,0.1653324874804075,0.16375749376768547,0.16375749376768547,0.16375749376768547,0.16375749376768547,0.16375749376768547,0.16375749376768547,0.16375749376768547,0.16375749376768547,0.16375749376768547,0.16375749376768547,0.16375749376768547,0.16375749376768547,0.16375749376768547,0.16375749376768547,0.16375749376768547,0.16375749376768547,0.16375749376768547,0.16375749376768547,0.16375749376768547,0.16375749376768547,0.16375749376768547,0.16375749376768547,0.16375749376768547,0.16375749376768547,0.16375749376768547,0.16221388398674713,0.16221388398674713,0.16221388398674713,0.16221388398674713,0.16221388398674713,0.16221388398674713,0.16221388398674713,0.16221388398674713,0.16221388398674713,0.16221388398674713,0.16221388398674713,0.16221388398674713,0.16221388398674713,0.16221388398674713,0.16221388398674713,0.16221388398674713,0.16221388398674713,0.16221388398674713,0.16221388398674713,0.16221388398674713,0.16221388398674713,0.16221388398674713,0.16221388398674713,0.16221388398674713,0.16221388398674713,0.16070106709463242,0.16070106709463242,0.16070106709463222,0.16070106709463242,0.16070106709463242,0.16070106709463242,0.16070106709463222,0.16070106709463222,0.16070106709463222,0.16070106709463242,0.16070106709463222,0.16070106709463222,0.16070106709463222,0.16070106709463222,0.16070106709463222,0.16070106709463242,0.16070106709463222,0.16070106709463222,0.16070106709463222,0.16070106709463242,0.16070106709463242,0.16070106709463242,0.16070106709463222,0.16070106709463242,0.16070106709463242,0.15921845146631936,0.15921845146631913,0.15921845146631913,0.15921845146631913,0.15921845146631936,0.15921845146631913,0.1592184514663189,0.1592184514663189,0.1592184514663189,0.15921845146631913,0.15921845146631913,0.1592184514663189,0.15921845146631872,0.1592184514663189,0.15921845146631913,0.15921845146631913,0.1592184514663189,0.1592184514663189,0.1592184514663189,0.15921845146631913,0.15921845146631936,0.15921845146631913,0.15921845146631913,0.15921845146631913,0.15921845146631936,0.15776544624657515,0.15776544624657474,0.1577654462465743,0.15776544624657474,0.15776544624657515,0.15776544624657474,0.1577654462465741,0.15776544624657388,0.1577654462465741,0.15776544624657474,0.1577654462465743,0.15776544624657388,0.15776544624657343,0.15776544624657388,0.1577654462465743,0.15776544624657474,0.1577654462465741,0.15776544624657388,0.1577654462465741,0.15776544624657474,0.15776544624657515,0.15776544624657474,0.1577654462465743,0.15776544624657474,0.15776544624657515,0.1563414625642799,0.1563414625642782,0.15634146256427717,0.1563414625642782,0.1563414625642799,0.1563414625642782,0.15634146256427653,0.1563414625642755,0.15634146256427653,0.1563414625642782,0.15634146256427717,0.1563414625642755,0.15634146256427423,0.1563414625642755,0.15634146256427717,0.1563414625642782,0.15634146256427653,0.1563414625642755,0.15634146256427653,0.1563414625642782,0.1563414625642799,0.1563414625642782,0.15634146256427717,0.1563414625642782,0.1563414625642799,0.15494591461948679,0.15494591461948187,0.1549459146194786,0.15494591461948187,0.15494591461948679,0.15494591461948187,0.15494591461947657,0.15494591461947327,0.15494591461947657,0.15494591461948187,0.1549459146194786,0.15494591461947327,0.15494591461946977,0.15494591461947327,0.1549459146194786,0.15494591461948187,0.15494591461947657,0.15494591461947327,0.15494591461947657,0.15494591461948187,0.15494591461948679,0.15494591461948187,0.1549459146194786,0.15494591461948187,0.15494591461948679,0.1535782206529321,0.15357822065291665,0.15357822065290702,0.15357822065291665,0.1535782206529321,0.15357822065291665,0.15357822065290022,0.15357822065288956,0.15357822065290022,0.15357822065291665,0.15357822065290702,0.15357822065288956,0.15357822065287852,0.15357822065288956,0.15357822065290702,0.15357822065291665,0.15357822065290022,0.15357822065288956,0.15357822065290022,0.15357822065291665,0.1535782206529321,0.15357822065291665,0.15357822065290702,0.15357822065291665,0.1535782206529321,0.15223780380714447,0.15223780380709784,0.1522378038070683,0.15223780380709784,0.15223780380714447,0.15223780380709784,0.15223780380704646,0.1522378038070132,0.15223780380704646,0.15223780380709784,0.1522378038070683,0.1522378038070132,0.15223780380697757,0.1522378038070132,0.1522378038070683,0.15223780380709784,0.15223780380704646,0.1522378038070132,0.15223780380704646,0.15223780380709784,0.15223780380714447,0.15223780380709784,0.1522378038070683,0.15223780380709784,0.15223780380714447,0.15092409288778263,0.15092409288764339,0.15092409288755346,0.15092409288764339,0.15092409288778263,0.15092409288764339,0.1509240928874846,0.15092409288737985,0.1509240928874846,0.15092409288764339,0.15092409288755346,0.15092409288737985,0.1509240928872647,0.15092409288737985,0.15092409288755346,0.15092409288764339,0.1509240928874846,0.15092409288737985,0.1509240928874846,0.15092409288764339,0.15092409288778263,0.15092409288764339,0.15092409288755346,0.15092409288764339,0.15092409288778263,0.14963652303330696,0.14963652303289815,0.14963652303262778,0.14963652303289815,0.14963652303330696,0.14963652303289815,0.14963652303241126,0.14963652303207717,0.14963652303241126,0.14963652303289815,0.14963652303262778,0.14963652303207717,0.149636523031692,0.14963652303207717,0.14963652303262778,0.14963652303289815,0.14963652303241126,0.14963652303207717,0.14963652303241126,0.14963652303289815,0.14963652303330696,0.14963652303289815,0.14963652303262778,0.14963652303289815,0.14963652303330696,0.14837453630065028,0.14837453629948252,0.1483745362986782,0.14837453629948252,0.14837453630065028,0.14837453629948252,0.14837453629800193,0.14837453629691702,0.14837453629800193,0.14837453629948252,0.1483745362986782,0.14837453629691702,0.14837453629556466,0.14837453629691702,0.1483745362986782,0.14837453629948252,0.14837453629800193,0.14837453629691702,0.14837453629800193,0.14837453629948252,0.14837453630065028,0.14837453629948252,0.1483745362986782,0.14837453629948252,0.14837453630065028,0.14713758217420575,0.14713758217100661,0.14713758216866213,0.14713758217100661,0.14713758217420575,0.14713758217100661,0.14713758216658487,0.1471375821629855,0.14713758216658487,0.14713758217100661,0.14713758216866213,0.1471375821629855,0.14713758215787678,0.1471375821629855,0.14713758216866213,0.14713758217100661,0.14713758216658487,0.1471375821629855,0.14713758216658487,0.14713758217100661,0.14713758217420575,0.14713758217100661,0.14713758216866213,0.14713758217100661,0.14713758217420575,0.1459251180052872,0.14592511799709681,0.14592511799052071,0.14592511799709681,0.1459251180052872,0.14592511799709681,0.14592511798438712,0.1459251179722346,0.14592511798438712,0.14592511799709681,0.14592511799052071,0.1459251179722346,0.1459251179508936,0.1459251179722346,0.14592511799052071,0.14592511799709681,0.14592511798438712,0.1459251179722346,0.14592511798438712,0.14592511799709681,0.1459251180052872,0.14592511799709681,0.14592511799052071,0.14592511799709681,0.1459251180052872,0.1447366093891048,0.1447366093703831,0.14473660935334706,0.1447366093703831,0.1447366093891048,0.1447366093703831,0.14473660933669516,0.1447366092961216,0.14473660933669516,0.1447366093703831,0.14473660935334706,0.1447366092961216,0.1447366091954559,0.1447366092961216,0.14473660935334706,0.1447366093703831,0.14473660933669516,0.1447366092961216,0.14473660933669516,0.1447366093703831,0.1447366093891048,0.1447366093703831,0.14473660935334706,0.1447366093703831,0.1447366093891048,0.1435715304849529,0.14357153044991905,0.1435715304131221,0.14357153044991905,0.1435715304849529,0.14357153044991905,0.1435715303758674,0.14357153025547814,0.1435715303758674,0.14357153044991905,0.1435715304131221,0.14357153025547814,0.1435715297165579,0.14357153025547814,0.1435715304131221,0.14357153044991905,0.1435715303758674,0.14357153025547814,0.1435715303758674,0.14357153044991905,0.1435715304849529,0.14357153044991905,0.1435715304131221,0.14357153044991905,0.1435715304849527,0.142429364278233,0.1424293642325868,0.14242936418425325,0.1424293642325868,0.142429364278233,0.1424293642325868,0.14242936413501167,0.14242936397910264,0.14242936413501167,0.1424293642325868,0.14242936418425325,0.14242936397910264,0.14242936332741427,0.14242936397910264,0.14242936418425325,0.1424293642325868,0.14242936413501167,0.14242936397910264,0.14242936413501167,0.14242936423258665,0.142429364278233,0.1424293642325868,0.14242936418425325,0.14242936423258665,0.142429364278233,0.14130960276976604,0.1413096027226058,0.14130960267104692,0.1413096027226058,0.14130960276976604,0.1413096027226058,0.14130960261808514,0.14130960244473836,0.14130960261808514,0.1413096027226058,0.14130960267104692,0.14130960244473836,0.14130960169807733,0.14130960244473836,0.14130960267104692,0.1413096027226058,0.14130960261808514,0.14130960244473836,0.14130960261808514,0.1413096027226058,0.14130960276976604,0.1413096027226058,0.14130960267104692,0.1413096027226058,0.14130960276976604,0.14021174713753867,0.14021174710389261,0.14021174706377307,0.14021174710389261,0.14021174713753867,0.14021174710389261,0.1402117470219449,0.14021174686799626,0.1402117470219449,0.14021174710389261,0.14021174706377307,0.14021174686799626,0.14021174610142978,0.14021174686799626,0.14021174706377307,0.14021174710389261,0.1402117470219449,0.14021174686799626,0.1402117470219449,0.14021174710389261,0.14021174713753867,0.14021174710389261,0.14021174706377307,0.14021174710389261,0.14021174713753867,0.13913530785335715,0.13913530785519057,0.13913530785462977,0.13913530785519057,0.13913530785335715,0.13913530785519057,0.13913530785344044,0.13913530784179506,0.13913530785344044,0.13913530785519057,0.13913530785462977,0.13913530784179506,0.13913530778303657,0.13913530784179506,0.13913530785462977,0.13913530785519057,0.13913530785344044,0.13913530784179506,0.13913530785344044,0.13913530785519057,0.13913530785335715,0.13913530785519057,0.13913530785462977,0.13913530785519057,0.13913530785335715,0.1380798047613519,0.13807980480716758,0.13807980485446653,0.13807980480716758,0.1380798047613519,0.13807980480716758,0.1380798049027554,0.13807980503809167,0.1380798049027554,0.13807980480716758,0.13807980485446653,0.13807980503809167,0.13807980542978657,0.13807980503809167,0.13807980485446653,0.13807980480716758,0.1380798049027554,0.13807980503809167,0.1380798049027554,0.13807980480716758,0.1380798047613519,0.13807980480716758,0.13807980485446653,0.13807980480716758,0.1380798047613519,0.1370447671660648,0.13704476725081194,0.13704476735488502,0.13704476725081194,0.1370447671660648,0.13704476725081194,0.13704476746312078,0.1370447678939797,0.13704476746312078,0.13704476725081194,0.13704476735488502,0.1370447678939797,0.13704477029441198,0.1370447678939797,0.13704476735488502,0.13704476725081194,0.13704476746312078,0.1370447678939797,0.13704476746312078,0.13704476725081194,0.1370447671660648,0.13704476725081194,0.13704476735488502,0.13704476725081194,0.1370447671660648,0.1360297338919518,0.13602973395203005,0.13602973401114324,0.13602973395203005,0.1360297338919518,0.13602973395203005,0.13602973407057717,0.13602973422986406,0.13602973407057717,0.13602973395203005,0.13602973401114324,0.13602973422986406,0.13602973467327018,0.13602973422986406,0.13602973401114324,0.13602973395203005,0.13602973407057717,0.13602973422986406,0.13602973407057717,0.13602973395203005,0.1360297338919518,0.13602973395203005,0.13602973401114324,0.13602973395203005,0.1360297338919518,0.13503425340995984,0.13503425344777634,0.1350342534790718,0.13503425344777634,0.13503425340995984,0.13503425344777634,0.13503425350882436,0.13503425356950813,0.13503425350882436,0.13503425344777634,0.1350342534790718,0.13503425356950813,0.13503425368009078,0.13503425356950813,0.1350342534790718,0.13503425344777634,0.13503425350882436,0.13503425356950813,0.13503425350882436,0.1350342534477765,0.13503425340995984,0.13503425344777634,0.1350342534790718,0.1350342534477765,0.13503425340995984
0.16533248748078935,0.16533248748078935,0.16533248748078935,0.16533248748078935,0.16533248748078935,0.16533248748078935,0.16533248748078935,0.16533248748078935,0.16533248748078935,0.16533248748078935,0.16533248748078935,0.16533248748078935,0.16533248748078935,0.16533248748078935,0.16533248748078935,0.16533248748078935,0.16533248748078935,0.16533248748078935,0.16533248748078935,0.16533248748078935,0.16533248748078935,0.16533248748078935,0.16533248748078935,0.16533248748078935,0.16533248748078935,0.1637574937680597,0.1637574937680597,0.1637574937680597,0.1637574937680597,0.1637574937680597,0.1637574937680597,0.1637574937680597,0.1637574937680597,0.1637574937680597,0.1637574937680597,0.1637574937680597,0.1637574937680597,0.1637574937680597,0.1637574937680597,0.1637574937680597,0.1637574937680597,0.1637574937680597,0.1637574937680597,0.1637574937680597,0.1637574937680597,0.1637574937680597,0.1637574937680597,0.1637574937680597,0.1637574937680597,0.1637574937680597,0.16221388398711364,0.16221388398711364,0.16221388398711364,0.16221388398711364,0.16221388398711364,0.16221388398711364,0.16221388398711364,0.16221388398711364,0.16221388398711364,0.16221388398711364,0.16221388398711364,0.16221388398711364,0.16221388398711364,0.16221388398711364,0.16221388398711364,0.16221388398711364,0.16221388398711364,0.16221388398711364,0.16221388398711364,0.16221388398711364,0.16221388398711364,0.16221388398711364,0.16221388398711364,0.16221388398711364,0.16221388398711364,0.16070106709499166,0.16070106709499166,0.16070106709499166,0.16070106709499166,0.16070106709499166,0.16070106709499166,0.16070106709499166,0.16070106709499166,0.16070106709499166,0.16070106709499166,0.16070106709499166,0.16070106709499166,0.1607010670949914,0.16070106709499166,0.16070106709499166,0.16070106709499166,0.16070106709499166,0.16070106709499166,0.16070106709499166,0.16070106709499166,0.16070106709499166,0.16070106709499166,0.16070106709499166,0.16070106709499166,0.16070106709499166,0.1592184514666714,0.1592184514666714,0.15921845146667118,0.1592184514666714,0.1592184514666714,0.1592184514666714,0.15921845146667118,0.159218451466671,0.15921845146667118,0.1592184514666714,0.15921845146667118,0.159218451466671,0.159218451466671,0.159218451466671,0.15921845146667118,0.1592184514666714,0.15921845146667118,0.159218451466671,0.15921845146667118,0.1592184514666714,0.1592184514666714,0.1592184514666714,0.15921845146667118,0.1592184514666714,0.1592184514666714,0.15776544624692038,0.15776544624691974,0.15776544624691954,0.15776544624691974,0.15776544624692038,0.15776544624691974,0.15776544624691932,0.15776544624691888,0.15776544624691932,0.15776544624691974,0.15776544624691954,0.15776544624691888,0.15776544624691868,0.15776544624691888,0.15776544624691954,0.15776544624691974,0.15776544624691932,0.15776544624691888,0.15776544624691932,0.15776544624691974,0.15776544624692038,0.15776544624691974,0.15776544624691954,0.15776544624691974,0.15776544624692038,0.156341462564618,0.15634146256461634,0.15634146256461529,0.15634146256461634,0.156341462564618,0.15634146256461634,0.15634146256461465,0.15634146256461362,0.15634146256461465,0.15634146256461634,0.15634146256461529,0.15634146256461362,0.15634146256461257,0.15634146256461362,0.15634146256461529,0.15634146256461634,0.15634146256461465,0.15634146256461362,0.15634146256461465,0.15634146256461634,0.156341462564618,0.15634146256461634,0.15634146256461529,0.15634146256461634,0.156341462564618,0.1549459146198182,0.15494591461981325,0.1549459146198102,0.15494591461981325,0.1549459146198182,0.15494591461981325,0.15494591461980792,0.15494591461980464,0.15494591461980792,0.15494591461981325,0.1549459146198102,0.15494591461980464,0.15494591461980114,0.15494591461980464,0.1549459146198102,0.15494591461981325,0.15494591461980792,0.15494591461980464,0.15494591461980792,0.15494591461981325,0.1549459146198182,0.15494591461981325,0.1549459146198102,0.15494591461981325,0.1549459146198182,0.1535782206532569,0.15357822065324142,0.1535782206532318,0.15357822065324142,0.1535782206532569,0.15357822065324142,0.15357822065322496,0.15357822065321433,0.15357822065322496,0.15357822065324142,0.1535782206532318,0.15357822065321433,0.15357822065320326,0.15357822065321433,0.1535782206532318,0.15357822065324142,0.15357822065322496,0.15357822065321433,0.15357822065322496,0.15357822065324142,0.1535782206532569,0.15357822065324142,0.1535782206532318,0.15357822065324142,0.1535782206532569,0.15223780380746277,0.15223780380741614,0.15223780380738658,0.15223780380741614,0.15223780380746277,0.15223780380741614,0.15223780380736476,0.15223780380733148,0.15223780380736476,0.15223780380741614,0.15223780380738658,0.15223780380733148,0.15223780380729585,0.15223780380733148,0.15223780380738658,0.15223780380741614,0.15223780380736476,0.15223780380733148,0.15223780380736476,0.15223780380741614,0.15223780380746277,0.15223780380741614,0.15223780380738658,0.15223780380741614,0.15223780380746277,0.1509240928880944,0.1509240928879553,0.15092409288786543,0.1509240928879553,0.1509240928880944,0.1509240928879553,0.15092409288779657,0.1509240928876918,0.15092409288779657,0.1509240928879553,0.15092409288786543,0.1509240928876918,0.1509240928875768,0.1509240928876918,0.15092409288786543,0.1509240928879553,0.15092409288779657,0.1509240928876918,0.15092409288779657,0.1509240928879553,0.1509240928880944,0.1509240928879553,0.15092409288786543,0.1509240928879553,0.1509240928880944,0.14963652303361236,0.1496365230332037,0.14963652303293354,0.1496365230332037,0.14963652303361236,0.1496365230332037,0.14963652303271704,0.14963652303238312,0.14963652303271704,0.1496365230332037,0.14963652303293354,0.14963652303238312,0.14963652303199812,0.14963652303238312,0.14963652303293354,0.1496365230332037,0.14963652303271704,0.14963652303238312,0.14963652303271704,0.1496365230332037,0.14963652303361236,0.1496365230332037,0.14963652303293354,0.1496365230332037,0.14963652303361236,0.14837453630094885,0.14837453629978165,0.14837453629897787,0.14837453629978165,0.14837453630094885,0.14837453629978165,0.1483745362983018,0.14837453629721742,0.1483745362983018,0.14837453629978165,0.14837453629897787,0.14837453629721742,0.148374536295866,0.14837453629721742,0.14837453629897787,0.14837453629978165,0.1483745362983018,0.14837453629721742,0.1483745362983018,0.14837453629978165,0.14837453630094885,0.14837453629978165,0.14837453629897787,0.14837453629978165,0.14837453630094885,0.1471375821744962,0.14713758217129888,0.1471375821689557,0.14713758217129888,0.1471375821744962,0.14713758217129888,0.14713758216687953,0.14713758216328218,0.14713758216687953,0.14713758217129888,0.1471375821689557,0.14713758216328218,0.14713758215817616,0.14713758216328218,0.1471375821689557,0.14713758217129888,0.14713758216687953,0.14713758216328218,0.14713758216687953,0.14713758217129888,0.1471375821744962,0.14713758217129888,0.1471375821689557,0.14713758217129888,0.1471375821744962,0.14592511800556623,0.14592511799738045,0.1459251179908079,0.14592511799738045,0.14592511800556623,0.14592511799738045,0.14592511798467772,0.1459251179725316,0.14592511798467772,0.14592511799738045,0.1459251179908079,0.1459251179725316,0.14592511795120147,0.1459251179725316,0.1459251179908079,0.14592511799738045,0.14592511798467772,0.1459251179725316,0.14592511798467772,0.14592511799738045,0.14592511800556623,0.14592511799738045,0.1459251179908079,0.14592511799738045,0.14592511800556623,0.14473660938936295,0.14473660937065191,0.14473660935362545,0.14473660937065191,0.14473660938936295,0.14473660937065191,0.14473660933698265,0.14473660929643034,0.14473660933698265,0.14473660937065191,0.14473660935362545,0.14473660929643034,0.14473660919581563,0.14473660929643034,0.14473660935362545,0.14473660937065191,0.14473660933698265,0.14473660929643034,0.14473660933698265,0.14473660937065191,0.14473660938936295,0.14473660937065191,0.14473660935362545,0.14473660937065191,0.14473660938936295,0.1435715304851678,0.1435715304501552,0.14357153041337944,0.1435715304501552,0.1435715304851678,0.1435715304501552,0.14357153037614612,0.14357153025582126,0.14357153037614612,0.1435715304501552,0.14357153041337944,0.14357153025582126,0.1435715297171717,0.14357153025582126,0.14357153041337944,0.1435715304501552,0.14357153037614612,0.14357153025582126,0.14357153037614595,0.1435715304501552,0.1435715304851678,0.1435715304501552,0.14357153041337944,0.1435715304501552,0.1435715304851678,0.14242936427836045,0.14242936423274602,0.14242936418444502,0.14242936423274602,0.14242936427836045,0.14242936423274602,0.1424293641352365,0.14242936397942707,0.1424293641352365,0.14242936423274602,0.14242936418444502,0.14242936397942707,0.14242936332812284,0.14242936397942707,0.14242936418444502,0.14242936423274602,0.1424293641352365,0.14242936397942707,0.1424293641352365,0.14242936423274602,0.14242936427836045,0.14242936423274602,0.14242936418444502,0.14242936423274602,0.14242936427836045,0.14130960276973972,0.14130960272261864,0.14130960267110265,0.14130960272261864,0.14130960276973972,0.14130960272261864,0.14130960261818515,0.14130960244498375,0.14130960261818515,0.14130960272261864,0.14130960267110265,0.14130960244498375,0.14130960169896578,0.14130960244498375,0.14130960267110265,0.14130960272261864,0.14130960261818515,0.14130960244498375,0.14130960261818515,0.14130960272261864,0.14130960276973972,0.14130960272261864,0.14130960267110265,0.14130960272261864,0.14130960276973972,0.14021174713727552,0.140211747103663,0.14021174706358439,0.140211747103663,0.14021174713727552,0.140211747103663,0.14021174702179895,0.1402117468680124,0.14021174702179895,0.140211747103663,0.14021174706358439,0.1402117468680124,0.1402117461022918,0.1402117468680124,0.14021174706358439,0.140211747103663,0.14021174702179895,0.1402117468680124,0.14021174702179895,0.140211747103663,0.14021174713727552,0.140211747103663,0.14021174706358439,0.140211747103663,0.14021174713727552,0.13913530785278427,0.1391353078546214,0.13913530785406641,0.1391353078546214,0.13913530785278427,0.1391353078546214,0.1391353078528836,0.13913530784126205,0.1391353078528836,0.1391353078546214,0.13913530785406641,0.13913530784126205,0.1391353077825913,0.13913530784126205,0.13913530785406641,0.1391353078546214,0.1391353078528836,0.13913530784126205,0.1391353078528836,0.1391353078546214,0.13913530785278427,0.1391353078546214,0.13913530785406641,0.1391353078546214,0.13913530785278427,0.1380798047604573,0.1380798048062398,0.13807980485350418,0.1380798048062398,0.1380798047604573,0.1380798048062398,0.1380798049017574,0.13807980503699258,0.1380798049017574,0.1380798048062398,0.13807980485350418,0.13807980503699258,0.13807980542839057,0.13807980503699258,0.13807980485350418,0.1380798048062398,0.1380798049017574,0.13807980503699258,0.1380798049017574,0.1380798048062398,0.1380798047604573,0.1380798048062398,0.13807980485350418,0.1380798048062398,0.1380798047604573,0.13704476716491268,0.13704476724959472,0.13704476735358734,0.13704476724959472,0.13704476716491268,0.13704476724959472,0.1370447674617395,0.13704476789226377,0.1370447674617395,0.13704476724959472,0.13704476735358734,0.13704476789226377,0.13704477029081272,0.13704476789226377,0.13704476735358734,0.13704476724959472,0.1370447674617395,0.13704476789226377,0.1370447674617395,0.13704476724959472,0.13704476716491268,0.13704476724959472,0.13704476735358734,0.13704476724959472,0.13704476716491268,0.13602973389067205,0.1360297339507039,0.1360297340097713,0.1360297339507039,0.13602973389067205,0.1360297339507039,0.13602973406915916,0.1360297342283223,0.13602973406915916,0.1360297339507039,0.1360297340097713,0.1360297342283223,0.13602973467138324,0.1360297342283223,0.1360297340097713,0.1360297339507039,0.13602973406915916,0.1360297342283223,0.13602973406915916,0.1360297339507039,0.13602973389067205,0.1360297339507039,0.1360297340097713,0.1360297339507039,0.13602973389067205,0.1350342534086462,0.13503425344643344,0.1350342534777046,0.13503425344643344,0.1350342534086462,0.13503425344643344,0.13503425350743406,0.1350342535680706,0.13503425350743406,0.13503425344643344,0.1350342534777046,0.1350342535680706,0.13503425367856725,0.1350342535680706,0.1350342534777046,0.13503425344643344,0.13503425350743406,0.1350342535680706,0.13503425350743406,0.13503425344643344,0.1350342534086462,0.13503425344643344,0.1350342534777046,0.13503425344643344,0.1350342534086462
0.16533248748117138,0.16533248748117138,0.16533248748117138,0.16533248748117138,0.16533248748117138,0.16533248748117138,0.16533248748117138,0.16533248748117138,0.16533248748117138,0.16533248748117138,0.16533248748117138,0.16533248748117138,0.16533248748117138,0.16533248748117138,0.16533248748117138,0.16533248748117138,0.16533248748117138,0.16533248748117138,0.16533248748117138,0.16533248748117138,0.16533248748117138,0.16533248748117138,0.16533248748117138,0.16533248748117138,0.16533248748117138,0.1637574937684339,0.1637574937684339,0.1637574937684339,0.1637574937684339,0.1637574937684339,0.1637574937684339,0.1637574937684339,0.1637574937684339,0.1637574937684339,0.1637574937684339,0.1637574937684339,0.1637574937684339,0.1637574937684339,0.1637574937684339,0.1637574937684339,0.1637574937684339,0.1637574937684339,0.1637574937684339,0.1637574937684339,0.1637574937684339,0.1637574937684339,0.1637574937684339,0.1637574937684339,0.1637574937684339,0.1637574937684339,0.1622138839874804,0.1622138839874804,0.1622138839874804,0.1622138839874804,0.1622138839874804,0.1622138839874804,0.1622138839874804,0.1622138839874804,0.1622138839874804,0.1622138839874804,0.1622138839874804,0.1622138839874804,0.1622138839874804,0.1622138839874804,0.1622138839874804,0.1622138839874804,0.1622138839874804,0.1622138839874804,0.1622138839874804,0.1622138839874804,0.1622138839874804,0.1622138839874804,0.1622138839874804,0.1622138839874804,0.1622138839874804,0.16070106709535087,0.16070106709535087,0.16070106709535087,0.16070106709535087,0.16070106709535087,0.16070106709535087,0.16070106709535087,0.16070106709535065,0.16070106709535087,0.16070106709535087,0.16070106709535087,0.16070106709535065,0.16070106709535065,0.16070106709535065,0.16070106709535087,0.16070106709535087,0.16070106709535087,0.16070106709535065,0.16070106709535087,0.16070106709535087,0.16070106709535087,0.16070106709535087,0.16070106709535087,0.16070106709535087,0.16070106709535087,0.15921845146702346,0.15921845146702324,0.15921845146702304,0.15921845146702324,0.15921845146702346,0.15921845146702324,0.15921845146702304,0.15921845146702304,0.15921845146702304,0.15921845146702324,0.15921845146702304,0.15921845146702304,0.15921845146702282,0.15921845146702304,0.15921845146702304,0.15921845146702324,0.15921845146702304,0.15921845146702304,0.15921845146702304,0.15921845146702324,0.15921845146702346,0.15921845146702324,0.15921845146702304,0.15921845146702324,0.15921845146702346,0.15776544624726518,0.15776544624726455,0.15776544624726432,0.15776544624726455,0.15776544624726518,0.15776544624726455,0.15776544624726413,0.15776544624726369,0.15776544624726413,0.15776544624726455,0.15776544624726432,0.15776544624726369,0.1577654462472635,0.15776544624726369,0.15776544624726432,0.15776544624726455,0.15776544624726413,0.15776544624726369,0.15776544624726413,0.15776544624726455,0.15776544624726518,0.15776544624726455,0.15776544624726432,0.15776544624726455,0.15776544624726518,0.15634146256495593,0.15634146256495424,0.1563414625649532,0.15634146256495424,0.15634146256495593,0.15634146256495424,0.15634146256495257,0.15634146256495152,0.15634146256495257,0.15634146256495424,0.1563414625649532,0.15634146256495152,0.1563414625649505,0.15634146256495152,0.1563414625649532,0.15634146256495424,0.15634146256495257,0.15634146256495152,0.15634146256495257,0.15634146256495424,0.15634146256495593,0.15634146256495424,0.1563414625649532,0.15634146256495424,0.15634146256495593,0.15494591462014934,0.15494591462014443,0.15494591462014115,0.15494591462014443,0.15494591462014934,0.15494591462014443,0.15494591462013907,0.1549459146201358,0.15494591462013907,0.15494591462014443,0.15494591462014115,0.1549459146201358,0.1549459146201323,0.1549459146201358,0.15494591462014115,0.15494591462014443,0.15494591462013907,0.1549459146201358,0.15494591462013907,0.15494591462014443,0.15494591462014934,0.15494591462014443,0.15494591462014115,0.15494591462014443,0.15494591462014934,0.15357822065358126,0.1535782206535658,0.15357822065355614,0.1535782206535658,0.15357822065358126,0.1535782206535658,0.15357822065354934,0.15357822065353888,0.15357822065354934,0.1535782206535658,0.15357822065355614,0.15357822065353888,0.1535782206535276,0.15357822065353888,0.15357822065355614,0.1535782206535658,0.15357822065354934,0.15357822065353888,0.15357822065354934,0.1535782206535658,0.15357822065358126,0.1535782206535658,0.15357822065355614,0.1535782206535658,0.15357822065358126,0.15223780380778068,0.15223780380773402,0.1522378038077045,0.15223780380773402,0.15223780380778068,0.15223780380773402,0.15223780380768265,0.1522378038076494,0.15223780380768265,0.15223780380773402,0.1522378038077045,0.1522378038076494,0.15223780380761395,0.1522378038076494,0.1522378038077045,0.15223780380773402,0.15223780380768265,0.1522378038076494,0.15223780380768265,0.15223780380773402,0.15223780380778068,0.15223780380773402,0.1522378038077045,0.15223780380773402,0.15223780380778068,0.15092409288840578,0.1509240928882667,0.15092409288817699,0.1509240928882667,0.15092409288840578,0.1509240928882667,0.15092409288810812,0.15092409288800357,0.15092409288810812,0.1509240928882667,0.15092409288817699,0.15092409288800357,0.15092409288788838,0.15092409288800357,0.15092409288817699,0.1509240928882667,0.15092409288810812,0.15092409288800357,0.15092409288810812,0.1509240928882667,0.15092409288840578,0.1509240928882667,0.15092409288817699,0.1509240928882667,0.15092409288840578,0.14963652303391714,0.1496365230335089,0.14963652303323888,0.1496365230335089,0.14963652303391714,0.1496365230335089,0.14963652303302258,0.14963652303268865,0.14963652303302258,0.1496365230335089,0.14963652303323888,0.14963652303268865,0.14963652303230407,0.14963652303268865,0.14963652303323888,0.1496365230335089,0.14963652303302258,0.14963652303268865,0.14963652303302258,0.1496365230335089,0.14963652303391714,0.1496365230335089,0.14963652303323888,0.1496365230335089,0.14963652303391714,0.14837453630124706,0.1483745363000804,0.148374536299277,0.1483745363000804,0.14837453630124706,0.1483745363000804,0.14837453629860148,0.14837453629751765,0.14837453629860148,0.1483745363000804,0.148374536299277,0.14837453629751765,0.1483745362961668,0.14837453629751765,0.148374536299277,0.1483745363000804,0.14837453629860148,0.14837453629751765,0.14837453629860148,0.1483745363000804,0.14837453630124706,0.1483745363000804,0.148374536299277,0.1483745363000804,0.14837453630124706,0.1471375821747865,0.14713758217159079,0.14713758216924888,0.14713758217159079,0.1471375821747865,0.14713758217159079,0.14713758216717399,0.14713758216357845,0.14713758216717399,0.14713758217159079,0.14713758216924888,0.14713758216357845,0.14713758215847497,0.14713758216357845,0.14713758216924888,0.14713758217159079,0.14713758216717399,0.14713758216357845,0.14713758216717399,0.14713758217159079,0.1471375821747865,0.14713758217159079,0.14713758216924888,0.14713758217159079,0.1471375821747865,0.1459251180058449,0.14592511799766356,0.1459251179910946,0.14592511799766356,0.1459251180058449,0.14592511799766356,0.1459251179849678,0.1459251179728281,0.1459251179849678,0.14592511799766356,0.1459251179910946,0.1459251179728281,0.145925117951509,0.1459251179728281,0.1459251179910946,0.14592511799766356,0.1459251179849678,0.1459251179728281,0.1459251179849678,0.14592511799766356,0.1459251180058449,0.14592511799766356,0.1459251179910946,0.14592511799766356,0.1459251180058449,0.14473660938962077,0.14473660937092037,0.14473660935390334,0.14473660937092037,0.14473660938962077,0.14473660937092037,0.1447366093372696,0.14473660929673876,0.1447366093372696,0.14473660937092037,0.14473660935390334,0.14473660929673876,0.14473660919617504,0.14473660929673876,0.14473660935390334,0.14473660937092037,0.1447366093372696,0.14473660929673876,0.1447366093372696,0.14473660937092037,0.14473660938962077,0.14473660937092037,0.14473660935390334,0.14473660937092037,0.14473660938962077,0.14357153048538238,0.14357153045039098,0.14357153041363643,0.14357153045039098,0.14357153048538238,0.14357153045039098,0.14357153037642437,0.14357153025616398,0.14357153037642437,0.14357153045039098,0.14357153041363643,0.14357153025616398,0.14357152971777792,0.14357153025616398,0.14357153041363643,0.14357153045039098,0.14357153037642437,0.14357153025616398,0.14357153037642437,0.14357153045039098,0.14357153048538238,0.14357153045039098,0.14357153041363643,0.14357153045039098,0.14357153048538238,0.1424293642784878,0.14242936423290486,0.1424293641846366,0.14242936423290486,0.1424293642784878,0.14242936423290486,0.14242936413546092,0.14242936397975084,0.14242936413546092,0.14242936423290486,0.1424293641846366,0.14242936397975084,0.1424293633288425,0.14242936397975084,0.1424293641846366,0.14242936423290486,0.14242936413546092,0.14242936397975084,0.14242936413546092,0.14242936423290486,0.1424293642784878,0.14242936423290486,0.1424293641846366,0.14242936423290486,0.1424293642784878,0.14130960276971308,0.14130960272263113,0.14130960267115825,0.14130960272263113,0.14130960276971308,0.14130960272263113,0.14130960261828496,0.14130960244522864,0.14130960261828496,0.14130960272263113,0.14130960267115825,0.14130960244522864,0.14130960169982495,0.14130960244522864,0.14130960267115825,0.14130960272263113,0.14130960261828496,0.14130960244522864,0.14130960261828496,0.14130960272263113,0.14130960276971308,0.14130960272263113,0.14130960267115825,0.14130960272263113,0.14130960276971308,0.1402117471370122,0.14021174710343337,0.14021174706339573,0.14021174710343337,0.1402117471370122,0.14021174710343337,0.14021174702165284,0.14021174686802787,0.14021174702165284,0.14021174710343337,0.14021174706339573,0.14021174686802787,0.14021174610314097,0.14021174686802787,0.14021174706339573,0.14021174710343337,0.14021174702165284,0.14021174686802787,0.14021174702165284,0.14021174710343337,0.1402117471370122,0.14021174710343337,0.14021174706339573,0.14021174710343337,0.1402117471370122,0.13913530785221176,0.13913530785405265,0.1391353078535034,0.13913530785405265,0.13913530785221176,0.13913530785405265,0.1391353078523269,0.13913530784072922,0.1391353078523269,0.13913530785405265,0.1391353078535034,0.13913530784072922,0.13913530778214622,0.13913530784072922,0.1391353078535034,0.13913530785405265,0.1391353078523269,0.13913530784072922,0.1391353078523269,0.13913530785405265,0.13913530785221176,0.13913530785405265,0.1391353078535034,0.13913530785405265,0.13913530785221176,0.1380798047595635,0.13807980480531296,0.13807980485254245,0.13807980480531296,0.1380798047595635,0.13807980480531296,0.13807980490076036,0.13807980503589457,0.13807980490076036,0.13807980480531296,0.13807980485254245,0.13807980503589457,0.13807980542699597,0.13807980503589457,0.13807980485254245,0.13807980480531296,0.13807980490076036,0.13807980503589457,0.13807980490076036,0.13807980480531296,0.1380798047595635,0.13807980480531296,0.13807980485254245,0.13807980480531296,0.1380798047595635,0.13704476716376143,0.13704476724837855,0.137044767352291,0.13704476724837855,0.13704476716376143,0.13704476724837855,0.1370447674603596,0.1370447678905498,0.1370447674603596,0.13704476724837855,0.137044767352291,0.1370447678905498,0.13704477028723067,0.1370447678905498,0.137044767352291,0.13704476724837855,0.1370447674603596,0.1370447678905498,0.1370447674603596,0.13704476724837855,0.13704476716376143,0.13704476724837855,0.137044767352291,0.13704476724837855,0.13704476716376143,0.13602973388939374,0.13602973394937906,0.13602973400840088,0.13602973394937906,0.13602973388939374,0.13602973394937906,0.13602973406774269,0.13602973422678216,0.13602973406774269,0.13602973394937906,0.13602973400840088,0.13602973422678216,0.13602973466949855,0.13602973422678216,0.13602973400840088,0.13602973394937906,0.13602973406774269,0.13602973422678216,0.13602973406774269,0.13602973394937906,0.13602973388939374,0.13602973394937906,0.13602973400840088,0.13602973394937906,0.13602973388939374,0.135034253407334,0.135034253445092,0.13503425347633885,0.135034253445092,0.135034253407334,0.135034253445092,0.1350342535060454,0.13503425356663482,0.1350342535060454,0.135034253445092,0.13503425347633885,0.13503425356663482,0.1350342536770455,0.13503425356663482,0.13503425347633885,0.135034253445092,0.1350342535060454,0.13503425356663482,0.1350342535060454,0.135034253445092,0.135034253407334,0.135034253445092,0.13503425347633885,0.135034253445092,0.135034253407334
0.16533248748155183,0.16533248748155183,0.16533248748155183,0.16533248748155183,0.16533248748155183,0.16533248748155183,0.16533248748155183,0.16533248748155183,0.16533248748155183,0.16533248748155183,0.16533248748155183,0.16533248748155183,0.16533248748155183,0.16533248748155183,0.16533248748155183,0.16533248748155183,0.16533248748155183,0.16533248748155183,0.16533248748155183,0.16533248748155183,0.16533248748155183,0.16533248748155183,0.16533248748155183,0.16533248748155183,0.16533248748155183,0.16375749376880702,0.16375749376880702,0.16375749376880702,0.16375749376880702,0.16375749376880702,0.16375749376880702,0.16375749376880702,0.16375749376880702,0.16375749376880702,0.16375749376880702,0.16375749376880702,0.16375749376880702,0.16375749376880702,0.16375749376880702,0.16375749376880702,0.16375749376880702,0.16375749376880702,0.16375749376880702,0.16375749376880702,0.16375749376880702,0.16375749376880702,0.16375749376880702,0.16375749376880702,0.16375749376880702,0.16375749376880702,0.16221388398784628,0.16221388398784628,0.16221388398784628,0.16221388398784628,0.16221388398784628,0.16221388398784628,0.16221388398784606,0.16221388398784606,0.16221388398784628,0.16221388398784628,0.16221388398784628,0.16221388398784606,0.16221388398784606,0.16221388398784628,0.16221388398784628,0.16221388398784628,0.16221388398784628,0.16221388398784628,0.16221388398784628,0.16221388398784628,0.16221388398784628,0.16221388398784628,0.16221388398784628,0.16221388398784628,0.16221388398784628,0.16070106709570944,0.16070106709570944,0.16070106709570944,0.16070106709570944,0.16070106709570944,0.16070106709570944,0.16070106709570944,0.16070106709570944,0.16070106709570944,0.16070106709570944,0.16070106709570944,0.16070106709570944,0.16070106709570944,0.16070106709570944,0.16070106709570944,0.16070106709570944,0.16070106709570944,0.16070106709570944,0.16070106709570944,0.16070106709570944,0.16070106709570944,0.16070106709570944,0.16070106709570944,0.16070106709570944,0.16070106709570964,0.15921845146737487,0.15921845146737487,0.15921845146737462,0.15921845146737487,0.15921845146737487,0.15921845146737487,0.15921845146737462,0.15921845146737443,0.15921845146737462,0.15921845146737487,0.15921845146737462,0.15921845146737443,0.15921845146737443,0.15921845146737443,0.15921845146737462,0.15921845146737487,0.15921845146737462,0.15921845146737443,0.15921845146737462,0.15921845146737487,0.15921845146737487,0.15921845146737487,0.15921845146737462,0.15921845146737487,0.15921845146737487,0.15776544624760977,0.15776544624760913,0.1577654462476089,0.15776544624760913,0.15776544624760977,0.15776544624760913,0.15776544624760871,0.1577654462476083,0.15776544624760871,0.15776544624760913,0.1577654462476089,0.1577654462476083,0.15776544624760785,0.1577654462476083,0.1577654462476089,0.15776544624760913,0.15776544624760871,0.1577654462476083,0.15776544624760871,0.15776544624760913,0.15776544624760977,0.15776544624760913,0.1577654462476089,0.15776544624760913,0.15776544624760977,0.15634146256529363,0.15634146256529197,0.1563414625652909,0.15634146256529197,0.15634146256529363,0.15634146256529197,0.1563414625652903,0.15634146256528922,0.1563414625652903,0.15634146256529197,0.1563414625652909,0.15634146256528922,0.1563414625652882,0.15634146256528922,0.1563414625652909,0.15634146256529197,0.1563414625652903,0.15634146256528922,0.1563414625652903,0.15634146256529197,0.15634146256529363,0.15634146256529197,0.1563414625652909,0.15634146256529197,0.15634146256529363,0.1549459146204803,0.1549459146204752,0.1549459146204721,0.1549459146204752,0.1549459146204803,0.1549459146204752,0.15494591462047005,0.15494591462046656,0.15494591462047005,0.1549459146204752,0.1549459146204721,0.15494591462046656,0.1549459146204633,0.15494591462046656,0.1549459146204721,0.1549459146204752,0.15494591462047005,0.15494591462046656,0.15494591462047005,0.1549459146204752,0.1549459146204803,0.1549459146204752,0.1549459146204721,0.1549459146204752,0.1549459146204803,0.15357822065390564,0.15357822065389015,0.15357822065388052,0.15357822065389015,0.15357822065390564,0.15357822065389015,0.1535782206538737,0.15357822065386323,0.1535782206538737,0.15357822065389015,0.15357822065388052,0.15357822065386323,0.15357822065385202,0.15357822065386323,0.15357822065388052,0.15357822065389015,0.1535782206538737,0.15357822065386323,0.1535782206538737,0.15357822065389015,0.15357822065390564,0.15357822065389015,0.15357822065388052,0.15357822065389015,0.15357822065390564,0.15223780380809837,0.1522378038080519,0.1522378038080224,0.1522378038080519,0.15223780380809837,0.1522378038080519,0.15223780380800053,0.15223780380796725,0.15223780380800053,0.1522378038080519,0.1522378038080224,0.15223780380796725,0.15223780380793184,0.15223780380796725,0.1522378038080224,0.1522378038080519,0.15223780380800053,0.15223780380796725,0.15223780380800053,0.1522378038080519,0.15223780380809837,0.1522378038080519,0.1522378038080224,0.1522378038080519,0.15223780380809837,0.15092409288871736,0.15092409288857828,0.15092409288848854,0.15092409288857828,0.15092409288871736,0.15092409288857828,0.15092409288841968,0.15092409288831513,0.15092409288841968,0.15092409288857828,0.15092409288848854,0.15092409288831513,0.15092409288820013,0.15092409288831513,0.15092409288848854,0.15092409288857828,0.15092409288841968,0.15092409288831513,0.15092409288841968,0.15092409288857828,0.15092409288871736,0.15092409288857828,0.15092409288848854,0.15092409288857828,0.15092409288871736,0.14963652303422212,0.14963652303381408,0.14963652303354427,0.14963652303381408,0.14963652303422212,0.14963652303381408,0.14963652303332797,0.14963652303299443,0.14963652303332797,0.14963652303381408,0.14963652303354427,0.14963652303299443,0.14963652303260983,0.14963652303299443,0.14963652303354427,0.14963652303381408,0.14963652303332797,0.14963652303299443,0.14963652303332797,0.14963652303381408,0.14963652303422212,0.14963652303381408,0.14963652303354427,0.14963652303381408,0.14963652303422212,0.14837453630154526,0.14837453630037933,0.1483745362995763,0.14837453630037933,0.14837453630154526,0.14837453630037933,0.14837453629890096,0.1483745362978179,0.14837453629890096,0.14837453630037933,0.1483745362995763,0.1483745362978179,0.14837453629646777,0.1483745362978179,0.1483745362995763,0.14837453630037933,0.14837453629890096,0.1483745362978179,0.14837453629890096,0.14837453630037933,0.14837453630154526,0.14837453630037933,0.1483745362995763,0.14837453630037933,0.14837453630154526,0.14713758217507664,0.14713758217188272,0.14713758216954206,0.14713758217188272,0.14713758217507664,0.14713758217188272,0.14713758216746828,0.14713758216387454,0.14713758216746828,0.14713758217188272,0.14713758216954206,0.14713758216387454,0.14713758215877382,0.14713758216387454,0.14713758216954206,0.14713758217188272,0.14713758216746828,0.14713758216387454,0.14713758216746828,0.14713758217188272,0.14713758217507664,0.14713758217188272,0.14713758216954206,0.14713758217188272,0.14713758217507664,0.14592511800612357,0.14592511799794688,0.14592511799138147,0.14592511799794688,0.14592511800612357,0.14592511799794688,0.14592511798525784,0.14592511797312455,0.14592511798525784,0.14592511799794688,0.14592511799138147,0.14592511797312455,0.14592511795181634,0.14592511797312455,0.14592511799138147,0.14592511799794688,0.14592511798525784,0.14592511797312455,0.14592511798525784,0.14592511799794688,0.14592511800612357,0.14592511799794688,0.14592511799138147,0.14592511799794688,0.14592511800612357,0.1447366093898784,0.14473660937118885,0.14473660935418123,0.14473660937118885,0.1447366093898784,0.14473660937118885,0.14473660933755655,0.1447366092970472,0.14473660933755655,0.14473660937118885,0.14473660935418123,0.1447366092970472,0.14473660919653428,0.1447366092970472,0.14473660935418123,0.14473660937118885,0.14473660933755655,0.1447366092970472,0.14473660933755655,0.14473660937118885,0.1447366093898784,0.14473660937118885,0.14473660935418123,0.14473660937118885,0.1447366093898784,0.14357153048559695,0.1435715304506268,0.14357153041389348,0.1435715304506268,0.14357153048559695,0.1435715304506268,0.1435715303767026,0.1435715302565067,0.1435715303767026,0.1435715304506268,0.14357153041389348,0.1435715302565067,0.14357152971837991,0.1435715302565067,0.14357153041389348,0.1435715304506268,0.1435715303767026,0.1435715302565067,0.1435715303767026,0.1435715304506268,0.14357153048559695,0.1435715304506268,0.14357153041389348,0.1435715304506268,0.14357153048559695,0.14242936427861497,0.14242936423306374,0.14242936418482782,0.14242936423306374,0.14242936427861497,0.14242936423306374,0.14242936413568522,0.1424293639800746,0.14242936413568522,0.14242936423306374,0.14242936418482782,0.1424293639800746,0.14242936332957104,0.1424293639800746,0.14242936418482782,0.14242936423306374,0.14242936413568522,0.1424293639800746,0.14242936413568522,0.14242936423306374,0.14242936427861497,0.14242936423306374,0.14242936418482782,0.14242936423306374,0.14242936427861497,0.14130960276968646,0.14130960272264362,0.14130960267121367,0.14130960272264362,0.14130960276968646,0.14130960272264362,0.1413096026183845,0.14130960244547286,0.1413096026183845,0.14130960272264362,0.14130960267121367,0.14130960244547286,0.14130960170069348,0.14130960244547286,0.14130960267121367,0.14130960272264362,0.1413096026183845,0.14130960244547286,0.1413096026183845,0.14130960272264362,0.14130960276968646,0.14130960272264362,0.14130960267121367,0.14130960272264362,0.14130960276968646,0.14021174713674903,0.14021174710320375,0.1402117470632069,0.14021174710320375,0.14021174713674903,0.14021174710320375,0.1402117470215066,0.14021174686804302,0.1402117470215066,0.14021174710320375,0.1402117470632069,0.14021174686804302,0.14021174610397708,0.14021174686804302,0.1402117470632069,0.14021174710320375,0.1402117470215066,0.14021174686804302,0.1402117470215066,0.14021174710320375,0.14021174713674903,0.14021174710320375,0.1402117470632069,0.14021174710320375,0.14021174713674903,0.13913530785163955,0.1391353078534844,0.13913530785294081,0.1391353078534844,0.13913530785163955,0.1391353078534844,0.13913530785177064,0.13913530784019687,0.13913530785177064,0.1391353078534844,0.13913530785294081,0.13913530784019687,0.13913530778170097,0.13913530784019687,0.13913530785294081,0.1391353078534844,0.13913530785177064,0.13913530784019687,0.13913530785177064,0.1391353078534844,0.13913530785163955,0.1391353078534844,0.13913530785294081,0.1391353078534844,0.13913530785163955,0.13807980475867063,0.1380798048043869,0.1380798048515818,0.1380798048043869,0.13807980475867063,0.1380798048043869,0.13807980489976418,0.13807980503479764,0.13807980489976418,0.1380798048043869,0.1380798048515818,0.13807980503479764,0.13807980542560291,0.13807980503479764,0.1380798048515818,0.1380798048043869,0.13807980489976418,0.13807980503479764,0.13807980489976418,0.1380798048043869,0.13807980475867063,0.1380798048043869,0.1380798048515818,0.1380798048043869,0.13807980475867063,0.1370447671626114,0.13704476724716375,0.1370447673509961,0.13704476724716375,0.1370447671626114,0.13704476724716375,0.1370447674589812,0.13704476788883774,0.1370447674589812,0.13704476724716375,0.1370447673509961,0.13704476788883774,0.13704477028365955,0.13704476788883774,0.1370447673509961,0.13704476724716375,0.1370447674589812,0.13704476788883774,0.1370447674589812,0.13704476724716375,0.1370447671626114,0.13704476724716375,0.1370447673509961,0.13704476724716375,0.1370447671626114,0.13602973388811665,0.1360297339480558,0.1360297340070318,0.1360297339480558,0.13602973388811665,0.1360297339480558,0.13602973406632768,0.1360297342252437,0.13602973406632768,0.1360297339480558,0.1360297340070318,0.1360297342252437,0.1360297346676158,0.1360297342252437,0.1360297340070318,0.1360297339480558,0.13602973406632768,0.1360297342252437,0.13602973406632768,0.1360297339480558,0.13602973388811665,0.1360297339480558,0.1360297340070318,0.1360297339480558,0.13602973388811665,0.13503425340602293,0.1350342534437517,0.13503425347497428,0.1350342534437517,0.13503425340602293,0.1350342534437517,0.13503425350465775,0.13503425356520024,0.13503425350465775,0.1350342534437517,0.13503425347497428,0.13503425356520024,0.1350342536755252,0.13503425356520024,0.13503425347497428,0.1350342534437517,0.13503425350465775,0.13503425356520024,0.13503425350465775,0.1350342534437517,0.13503425340602293,0.1350342534437517,0.13503425347497428,0.1350342534437517,0.13503425340602293
0.16533248748193316,0.16533248748193316,0.16533248748193316,0.16533248748193316,0.16533248748193316,0.16533248748193316,0.16533248748193316,0.16533248748193316,0.16533248748193316,0.16533248748193316,0.16533248748193316,0.16533248748193316,0.16533248748193316,0.16533248748193316,0.16533248748193316,0.16533248748193316,0.16533248748193316,0.16533248748193316,0.16533248748193316,0.16533248748193316,0.16533248748193316,0.16533248748193316,0.16533248748193316,0.16533248748193316,0.16533248748193316,0.16375749376918053,0.16375749376918053,0.16375749376918053,0.16375749376918053,0.16375749376918053,0.16375749376918053,0.16375749376918053,0.16375749376918053,0.16375749376918053,0.16375749376918053,0.16375749376918053,0.16375749376918053,0.16375749376918053,0.16375749376918053,0.16375749376918053,0.16375749376918053,0.16375749376918053,0.16375749376918053,0.16375749376918053,0.16375749376918053,0.16375749376918053,0.16375749376918053,0.16375749376918053,0.16375749376918053,0.16375749376918053,0.16221388398821215,0.16221388398821215,0.16221388398821215,0.16221388398821215,0.16221388398821215,0.16221388398821215,0.16221388398821215,0.16221388398821215,0.16221388398821215,0.16221388398821215,0.16221388398821215,0.16221388398821215,0.16221388398821215,0.16221388398821215,0.16221388398821215,0.16221388398821215,0.16221388398821215,0.16221388398821215,0.16221388398821215,0.16221388398821215,0.16221388398821215,0.16221388398821215,0.16221388398821215,0.16221388398821215,0.16221388398821215,0.16070106709606796,0.16070106709606796,0.16070106709606796,0.16070106709606796,0.16070106709606796,0.16070106709606796,0.16070106709606796,0.16070106709606796,0.16070106709606796,0.16070106709606796,0.16070106709606796,0.16070106709606796,0.16070106709606796,0.16070106709606796,0.16070106709606796,0.16070106709606796,0.16070106709606796,0.16070106709606796,0.16070106709606796,0.16070106709606796,0.16070106709606796,0.16070106709606796,0.16070106709606796,0.16070106709606796,0.16070106709606796,0.15921845146772626,0.15921845146772604,0.15921845146772604,0.15921845146772604,0.15921845146772626,0.15921845146772604,0.1592184514677258,0.1592184514677258,0.1592184514677258,0.15921845146772604,0.15921845146772604,0.1592184514677258,0.1592184514677256,0.1592184514677258,0.15921845146772604,0.15921845146772604,0.1592184514677258,0.1592184514677258,0.1592184514677258,0.15921845146772604,0.15921845146772626,0.15921845146772604,0.15921845146772604,0.15921845146772604,0.15921845146772626,0.15776544624795397,0.1577654462479533,0.15776544624795308,0.1577654462479533,0.15776544624795397,0.1577654462479533,0.15776544624795288,0.15776544624795247,0.15776544624795288,0.1577654462479533,0.15776544624795308,0.15776544624795247,0.15776544624795225,0.15776544624795247,0.15776544624795308,0.1577654462479533,0.15776544624795288,0.15776544624795247,0.15776544624795288,0.1577654462479533,0.15776544624795397,0.1577654462479533,0.15776544624795308,0.1577654462479533,0.15776544624795397,0.15634146256563092,0.15634146256562925,0.1563414625656282,0.15634146256562925,0.15634146256563092,0.15634146256562925,0.1563414625656276,0.15634146256562653,0.1563414625656276,0.15634146256562925,0.1563414625656282,0.15634146256562653,0.1563414625656255,0.15634146256562653,0.1563414625656282,0.15634146256562925,0.1563414625656276,0.15634146256562653,0.1563414625656276,0.15634146256562925,0.15634146256563092,0.15634146256562925,0.1563414625656282,0.15634146256562925,0.15634146256563092,0.15494591462081087,0.15494591462080573,0.15494591462080268,0.15494591462080573,0.15494591462081087,0.15494591462080573,0.1549459146208006,0.1549459146207971,0.1549459146208006,0.15494591462080573,0.15494591462080268,0.1549459146207971,0.15494591462079385,0.1549459146207971,0.15494591462080268,0.15494591462080573,0.1549459146208006,0.1549459146207971,0.1549459146208006,0.15494591462080573,0.15494591462081087,0.15494591462080573,0.15494591462080268,0.15494591462080573,0.15494591462081087,0.15357822065422938,0.15357822065421411,0.15357822065420448,0.15357822065421411,0.15357822065422938,0.15357822065421411,0.15357822065419763,0.153578220654187,0.15357822065419763,0.15357822065421411,0.15357822065420448,0.153578220654187,0.15357822065417595,0.153578220654187,0.15357822065420448,0.15357822065421411,0.15357822065419763,0.153578220654187,0.15357822065419763,0.15357822065421411,0.15357822065422938,0.15357822065421411,0.15357822065420448,0.15357822065421411,0.15357822065422938,0.15223780380841564,0.1522378038083692,0.1522378038083397,0.1522378038083692,0.15223780380841564,0.1522378038083692,0.15223780380831786,0.15223780380828478,0.15223780380831786,0.1522378038083692,0.1522378038083397,0.15223780380828478,0.15223780380824914,0.15223780380828478,0.1522378038083397,0.1522378038083692,0.15223780380831786,0.15223780380828478,0.15223780380831806,0.1522378038083692,0.15223780380841564,0.1522378038083692,0.1522378038083397,0.1522378038083692,0.15223780380841564,0.15092409288902817,0.15092409288888906,0.15092409288879954,0.15092409288888906,0.15092409288902817,0.15092409288888906,0.15092409288873065,0.1509240928886263,0.15092409288873065,0.15092409288888906,0.15092409288879954,0.1509240928886263,0.1509240928885113,0.1509240928886263,0.15092409288879954,0.15092409288888906,0.15092409288873065,0.1509240928886263,0.15092409288873065,0.15092409288888906,0.15092409288902817,0.15092409288888906,0.15092409288879954,0.15092409288888906,0.15092409288902817,0.14963652303452657,0.1496365230341187,0.1496365230338489,0.1496365230341187,0.14963652303452657,0.1496365230341187,0.14963652303363295,0.1496365230332994,0.14963652303363295,0.1496365230341187,0.1496365230338489,0.1496365230332994,0.149636523032915,0.1496365230332994,0.1496365230338489,0.1496365230341187,0.14963652303363295,0.1496365230332994,0.14963652303363295,0.1496365230341187,0.14963652303452657,0.1496365230341187,0.1496365230338489,0.1496365230341187,0.14963652303452657,0.1483745363018427,0.14837453630067754,0.14837453629987504,0.14837453630067754,0.1483745363018427,0.14837453630067754,0.1483745362992001,0.1483745362981176,0.1483745362992001,0.14837453630067754,0.14837453629987504,0.1483745362981176,0.14837453629676803,0.1483745362981176,0.14837453629987504,0.14837453630067754,0.1483745362992001,0.1483745362981176,0.1483745362992001,0.14837453630067754,0.1483745363018427,0.14837453630067754,0.14837453629987504,0.14837453630067754,0.1483745363018427,0.14713758217536638,0.1471375821721741,0.14713758216983472,0.1471375821721741,0.14713758217536638,0.1471375821721741,0.14713758216776202,0.1471375821641703,0.14713758216776202,0.1471375821721741,0.14713758216983472,0.1471375821641703,0.14713758215907227,0.1471375821641703,0.14713758216983472,0.1471375821721741,0.14713758216776202,0.1471375821641703,0.14713758216776202,0.1471375821721741,0.14713758217536638,0.1471375821721741,0.14713758216983472,0.1471375821721741,0.14713758217536638,0.1459251180064017,0.14592511799822963,0.1459251179916678,0.14592511799822963,0.1459251180064017,0.14592511799822963,0.14592511798554755,0.14592511797342067,0.14592511798554755,0.14592511799822963,0.1459251179916678,0.14592511797342067,0.1459251179521233,0.14592511797342067,0.1459251179916678,0.14592511799822963,0.14592511798554755,0.14592511797342067,0.14592511798554755,0.14592511799822963,0.1459251180064017,0.14592511799822963,0.1459251179916678,0.14592511799822963,0.1459251180064017,0.1447366093901357,0.14473660937145677,0.1447366093544586,0.14473660937145677,0.1447366093901357,0.14473660937145677,0.1447366093378432,0.14473660929735513,0.1447366093378432,0.14473660937145677,0.1447366093544586,0.14473660929735513,0.14473660919689316,0.14473660929735513,0.1447366093544586,0.14473660937145677,0.1447366093378432,0.14473660929735513,0.1447366093378432,0.14473660937145677,0.1447366093901357,0.14473660937145677,0.1447366093544586,0.14473660937145677,0.1447366093901357,0.143571530485811,0.14357153045086204,0.14357153041415013,0.14357153045086204,0.143571530485811,0.14357153045086204,0.14357153037698045,0.14357153025684896,0.14357153037698045,0.14357153045086204,0.14357153041415013,0.14357153025684896,0.14357152971899523,0.14357153025684896,0.14357153041415013,0.14357153045086204,0.14357153037698045,0.14357153025684896,0.14357153037698045,0.14357153045086204,0.143571530485811,0.14357153045086204,0.14357153041415013,0.14357153045086204,0.143571530485811,0.14242936427874178,0.14242936423322208,0.14242936418501873,0.14242936423322208,0.14242936427874178,0.14242936423322208,0.14242936413590898,0.14242936398039768,0.14242936413590898,0.14242936423322208,0.14242936418501873,0.14242936398039768,0.14242936333025666,0.14242936398039768,0.14242936418501873,0.14242936423322208,0.14242936413590898,0.14242936398039768,0.14242936413590898,0.14242936423322208,0.14242936427874178,0.14242936423322208,0.14242936418501873,0.14242936423322208,0.14242936427874178,0.14130960276965962,0.14130960272265577,0.1413096026712686,0.14130960272265577,0.14130960276965962,0.14130960272265577,0.1413096026184835,0.1413096024457166,0.1413096026184835,0.14130960272265577,0.1413096026712686,0.1413096024457166,0.14130960170155482,0.1413096024457166,0.1413096026712686,0.14130960272265577,0.1413096026184835,0.1413096024457166,0.1413096026184835,0.14130960272265577,0.14130960276965962,0.14130960272265577,0.1413096026712686,0.14130960272265577,0.14130960276965962,0.14021174713648601,0.14021174710297413,0.14021174706301792,0.14021174710297413,0.14021174713648601,0.14021174710297413,0.1402117470213602,0.14021174686805754,0.1402117470213602,0.14021174710297413,0.14021174706301792,0.14021174686805754,0.14021174610483075,0.14021174686805754,0.14021174706301792,0.14021174710297413,0.1402117470213602,0.14021174686805754,0.1402117470213602,0.14021174710297413,0.14021174713648601,0.14021174710297413,0.14021174706301792,0.14021174710297413,0.14021174713648601,0.13913530785106798,0.13913530785291647,0.13913530785237857,0.13913530785291647,0.13913530785106798,0.13913530785291647,0.13913530785121456,0.13913530783966463,0.13913530785121456,0.13913530785291647,0.13913530785237857,0.13913530783966463,0.1391353077812559,0.13913530783966463,0.13913530785237857,0.13913530785291647,0.13913530785121456,0.13913530783966463,0.13913530785121456,0.13913530785291647,0.13913530785106798,0.13913530785291647,0.13913530785237857,0.13913530785291647,0.13913530785106798,0.1380798047577785,0.1380798048034616,0.1380798048506221,0.1380798048034616,0.1380798047577785,0.1380798048034616,0.13807980489876898,0.13807980503370182,0.13807980489876898,0.1380798048034616,0.1380798048506221,0.13807980503370182,0.1380798054242111,0.13807980503370182,0.1380798048506221,0.1380798048034616,0.13807980489876898,0.13807980503370182,0.13807980489876898,0.1380798048034616,0.1380798047577785,0.1380798048034616,0.1380798048506221,0.1380798048034616,0.1380798047577785,0.13704476716146258,0.13704476724595013,0.13704476734970242,0.13704476724595013,0.13704476716146258,0.13704476724595013,0.13704476745760416,0.1370447678871274,0.13704476745760416,0.13704476724595013,0.13704476734970242,0.1370447678871274,0.13704477028009251,0.1370447678871274,0.13704476734970242,0.13704476724595013,0.13704476745760416,0.1370447678871274,0.13704476745760416,0.13704476724595013,0.13704476716146258,0.13704476724595013,0.13704476734970242,0.13704476724595013,0.13704476716146258,0.13602973388684092,0.1360297339467338,0.1360297340056642,0.1360297339467338,0.13602973388684092,0.1360297339467338,0.13602973406491412,0.13602973422370684,0.13602973406491412,0.1360297339467338,0.1360297340056642,0.13602973422370684,0.13602973466573526,0.13602973422370684,0.1360297340056642,0.1360297339467338,0.13602973406491412,0.13602973422370684,0.13602973406491412,0.1360297339467338,0.13602973388684092,0.1360297339467338,0.1360297340056642,0.1360297339467338,0.13602973388684092,0.13503425340471353,0.13503425344241304,0.1350342534736115,0.13503425344241304,0.13503425340471353,0.13503425344241304,0.13503425350327197,0.13503425356376753,0.13503425350327197,0.13503425344241304,0.1350342534736115,0.13503425356376753,0.13503425367400665,0.13503425356376753,0.1350342534736115,0.13503425344241304,0.13503425350327197,0.13503425356376753,0.13503425350327197,0.13503425344241304,0.13503425340471353,0.13503425344241304,0.1350342534736115,0.13503425344241304,0.13503425340471353
0.16533248748231288,0.16533248748231288,0.16533248748231288,0.16533248748231288,0.16533248748231288,0.16533248748231288,0.16533248748231288,0.16533248748231288,0.16533248748231288,0.16533248748231288,0.16533248748231288,0.16533248748231288,0.16533248748231288,0.16533248748231288,0.16533248748231288,0.16533248748231288,0.16533248748231288,0.16533248748231288,0.16533248748231288,0.16533248748231288,0.16533248748231288,0.16533248748231288,0.16533248748231288,0.16533248748231288,0.16533248748231288,0.1637574937695529,0.1637574937695529,0.1637574937695529,0.1637574937695529,0.1637574937695529,0.1637574937695529,0.1637574937695529,0.1637574937695529,0.1637574937695529,0.1637574937695529,0.1637574937695529,0.1637574937695529,0.1637574937695529,0.1637574937695529,0.1637574937695529,0.1637574937695529,0.1637574937695529,0.1637574937695529,0.1637574937695529,0.1637574937695529,0.1637574937695529,0.1637574937695529,0.1637574937695529,0.1637574937695529,0.1637574937695529,0.1622138839885773,0.1622138839885773,0.1622138839885773,0.1622138839885773,0.1622138839885773,0.1622138839885773,0.1622138839885773,0.1622138839885773,0.1622138839885773,0.1622138839885773,0.1622138839885773,0.1622138839885773,0.1622138839885773,0.1622138839885773,0.1622138839885773,0.1622138839885773,0.1622138839885773,0.1622138839885773,0.1622138839885773,0.1622138839885773,0.1622138839885773,0.1622138839885773,0.1622138839885773,0.1622138839885773,0.1622138839885773,0.1607010670964261,0.16070106709642587,0.16070106709642587,0.16070106709642587,0.1607010670964261,0.16070106709642587,0.16070106709642587,0.16070106709642587,0.16070106709642587,0.16070106709642587,0.16070106709642587,0.16070106709642587,0.16070106709642587,0.16070106709642587,0.16070106709642587,0.16070106709642587,0.16070106709642587,0.16070106709642587,0.16070106709642587,0.16070106709642587,0.1607010670964261,0.16070106709642587,0.16070106709642587,0.16070106709642587,0.1607010670964261,0.1592184514680772,0.15921845146807698,0.15921845146807675,0.15921845146807698,0.1592184514680772,0.15921845146807698,0.15921845146807675,0.15921845146807675,0.15921845146807675,0.15921845146807698,0.15921845146807675,0.15921845146807675,0.15921845146807656,0.15921845146807675,0.15921845146807675,0.15921845146807698,0.15921845146807675,0.15921845146807675,0.15921845146807675,0.15921845146807698,0.1592184514680772,0.15921845146807698,0.15921845146807675,0.15921845146807698,0.1592184514680772,0.15776544624829789,0.15776544624829725,0.15776544624829703,0.15776544624829725,0.15776544624829789,0.15776544624829725,0.15776544624829683,0.1577654462482964,0.15776544624829683,0.15776544624829725,0.15776544624829703,0.1577654462482964,0.15776544624829597,0.1577654462482964,0.15776544624829703,0.15776544624829725,0.15776544624829683,0.1577654462482964,0.15776544624829683,0.15776544624829725,0.15776544624829789,0.15776544624829725,0.15776544624829703,0.15776544624829725,0.15776544624829789,0.1563414625659678,0.15634146256596632,0.1563414625659653,0.15634146256596632,0.1563414625659678,0.15634146256596632,0.15634146256596465,0.15634146256596337,0.15634146256596465,0.15634146256596632,0.1563414625659653,0.15634146256596337,0.15634146256596235,0.15634146256596337,0.1563414625659653,0.15634146256596632,0.15634146256596465,0.15634146256596337,0.15634146256596465,0.15634146256596632,0.1563414625659678,0.15634146256596632,0.1563414625659653,0.15634146256596632,0.1563414625659678,0.15494591462114102,0.15494591462113608,0.154945914621133,0.15494591462113608,0.15494591462114102,0.15494591462113608,0.15494591462113075,0.15494591462112747,0.15494591462113075,0.15494591462113608,0.154945914621133,0.15494591462112747,0.15494591462112398,0.15494591462112747,0.154945914621133,0.15494591462113608,0.15494591462113075,0.15494591462112747,0.15494591462113075,0.15494591462113608,0.15494591462114102,0.15494591462113608,0.154945914621133,0.15494591462113608,0.15494591462114102,0.15357822065455315,0.15357822065453766,0.15357822065452803,0.15357822065453766,0.15357822065455315,0.15357822065453766,0.1535782206545214,0.15357822065451077,0.1535782206545214,0.15357822065453766,0.15357822065452803,0.15357822065451077,0.15357822065449972,0.15357822065451077,0.15357822065452803,0.15357822065453766,0.1535782206545214,0.15357822065451077,0.1535782206545214,0.15357822065453766,0.15357822065455315,0.15357822065453766,0.15357822065452803,0.15357822065453766,0.15357822065455315,0.15223780380873297,0.15223780380868654,0.152237803808657,0.15223780380868654,0.15223780380873297,0.15223780380868654,0.15223780380863514,0.15223780380860208,0.15223780380863514,0.15223780380868654,0.152237803808657,0.15223780380860208,0.15223780380856666,0.15223780380860208,0.152237803808657,0.15223780380868654,0.15223780380863514,0.15223780380860208,0.15223780380863514,0.15223780380868654,0.15223780380873297,0.15223780380868654,0.152237803808657,0.15223780380868654,0.15223780380873297,0.15092409288933895,0.15092409288920003,0.15092409288911052,0.15092409288920003,0.15092409288933895,0.15092409288920003,0.15092409288904166,0.15092409288893727,0.15092409288904166,0.15092409288920003,0.15092409288911052,0.15092409288893727,0.15092409288882233,0.15092409288893727,0.15092409288911052,0.15092409288920003,0.15092409288904166,0.15092409288893727,0.15092409288904166,0.15092409288920003,0.15092409288933895,0.15092409288920003,0.15092409288911052,0.15092409288920003,0.15092409288933895,0.149636523034831,0.14963652303442332,0.14963652303415367,0.14963652303442332,0.149636523034831,0.14963652303442332,0.14963652303393776,0.14963652303360436,0.14963652303393776,0.14963652303442332,0.14963652303415367,0.14963652303360436,0.14963652303322036,0.14963652303360436,0.14963652303415367,0.14963652303442332,0.14963652303393776,0.14963652303360436,0.14963652303393776,0.14963652303442332,0.149636523034831,0.14963652303442332,0.14963652303415367,0.14963652303442332,0.149636523034831,0.14837453630214034,0.14837453630097575,0.14837453630017364,0.14837453630097575,0.14837453630214034,0.14837453630097575,0.148374536299499,0.1483745362984171,0.148374536299499,0.14837453630097575,0.14837453630017364,0.1483745362984171,0.14837453629706843,0.1483745362984171,0.14837453630017364,0.14837453630097575,0.148374536299499,0.1483745362984171,0.148374536299499,0.14837453630097575,0.14837453630214034,0.14837453630097575,0.14837453630017364,0.14837453630097575,0.14837453630214034,0.14713758217565592,0.14713758217246548,0.14713758217012737,0.14713758217246548,0.14713758217565592,0.14713758217246548,0.14713758216805575,0.147137582164466,0.14713758216805575,0.14713758217246548,0.14713758217012737,0.147137582164466,0.14713758215937056,0.147137582164466,0.14713758217012737,0.14713758217246548,0.14713758216805575,0.147137582164466,0.14713758216805575,0.14713758217246548,0.14713758217565592,0.14713758217246548,0.14713758217012737,0.14713758217246548,0.14713758217565592,0.14592511800667968,0.1459251179985122,0.14592511799195393,0.1459251179985122,0.14592511800667968,0.1459251179985122,0.14592511798583707,0.14592511797371663,0.14592511798583707,0.1459251179985122,0.14592511799195393,0.14592511797371663,0.1459251179524303,0.14592511797371663,0.14592511799195393,0.1459251179985122,0.14592511798583707,0.14592511797371663,0.14592511798583707,0.1459251179985122,0.14592511800667968,0.1459251179985122,0.14592511799195393,0.1459251179985122,0.14592511800667968,0.14473660939039282,0.1447366093717247,0.14473660935473592,0.1447366093717247,0.14473660939039282,0.1447366093717247,0.14473660933812962,0.14473660929766302,0.14473660933812962,0.1447366093717247,0.14473660935473592,0.14473660929766302,0.14473660919725204,0.14473660929766302,0.14473660935473592,0.1447366093717247,0.14473660933812962,0.14473660929766302,0.14473660933812962,0.1447366093717247,0.14473660939039282,0.1447366093717247,0.14473660935473592,0.1447366093717247,0.14473660939039282,0.14357153048602508,0.1435715304510972,0.14357153041440648,0.1435715304510972,0.14357153048602508,0.1435715304510972,0.14357153037725817,0.1435715302571912,0.14357153037725817,0.1435715304510972,0.14357153041440648,0.1435715302571912,0.1435715297196191,0.1435715302571912,0.14357153041440648,0.1435715304510972,0.14357153037725817,0.1435715302571912,0.14357153037725817,0.1435715304510972,0.14357153048602508,0.1435715304510972,0.14357153041440648,0.1435715304510972,0.14357153048602508,0.14242936427886843,0.14242936423338046,0.14242936418520946,0.14242936423338046,0.14242936427886843,0.14242936423338046,0.1424293641361326,0.1424293639807206,0.1424293641361326,0.14242936423338046,0.14242936418520946,0.1424293639807206,0.1424293633309758,0.1424293639807206,0.14242936418520946,0.14242936423338046,0.1424293641361326,0.1424293639807206,0.1424293641361326,0.14242936423338046,0.14242936427886843,0.14242936423338046,0.14242936418520946,0.14242936423338046,0.14242936427886843,0.14130960276963264,0.1413096027226678,0.1413096026713234,0.1413096027226678,0.14130960276963264,0.1413096027226678,0.1413096026185823,0.14130960244595986,0.1413096026185823,0.1413096027226678,0.1413096026713234,0.14130960244595986,0.14130960170243617,0.14130960244595986,0.1413096026713234,0.1413096027226678,0.1413096026185823,0.14130960244595986,0.1413096026185823,0.1413096027226678,0.14130960276963264,0.1413096027226678,0.1413096026713234,0.1413096027226678,0.14130960276963264,0.14021174713622286,0.1402117471027445,0.14021174706282877,0.1402117471027445,0.14021174713622286,0.1402117471027445,0.14021174702121342,0.14021174686807156,0.14021174702121342,0.1402117471027445,0.14021174706282877,0.14021174686807156,0.1402117461056623,0.14021174686807156,0.14021174706282877,0.1402117471027445,0.14021174702121342,0.14021174686807156,0.14021174702121342,0.1402117471027445,0.14021174713622286,0.1402117471027445,0.14021174706282877,0.1402117471027445,0.14021174713622286,0.13913530785049671,0.13913530785234884,0.13913530785181666,0.13913530785234884,0.13913530785049671,0.13913530785234884,0.13913530785065895,0.13913530783913258,0.13913530785065895,0.13913530785234884,0.13913530785181666,0.13913530783913258,0.13913530778081065,0.13913530783913258,0.13913530785181666,0.13913530785234884,0.13913530785065895,0.13913530783913258,0.13913530785065895,0.13913530785234884,0.13913530785049671,0.13913530785234884,0.13913530785181666,0.13913530785234884,0.13913530785049671,0.1380798047568872,0.13807980480253726,0.13807980484966317,0.13807980480253726,0.1380798047568872,0.13807980480253726,0.13807980489777485,0.13807980503260692,0.13807980489777485,0.13807980480253726,0.13807980484966317,0.13807980503260692,0.13807980542282086,0.13807980503260692,0.13807980484966317,0.13807980480253726,0.13807980489777485,0.13807980503260692,0.13807980489777485,0.13807980480253726,0.1380798047568872,0.13807980480253726,0.13807980484966317,0.13807980480253726,0.1380798047568872,0.13704476716031483,0.13704476724473777,0.13704476734841006,0.13704476724473777,0.13704476716031483,0.13704476724473777,0.13704476745622862,0.13704476788541908,0.13704476745622862,0.13704476724473777,0.13704476734841006,0.13704476788541908,0.13704477027650755,0.13704476788541908,0.13704476734841006,0.13704476724473777,0.13704476745622862,0.13704476788541908,0.13704476745622862,0.13704476724473777,0.13704476716031483,0.13704476724473777,0.13704476734841006,0.13704476724473777,0.13704476716031483,0.1360297338855665,0.13602973394541315,0.13602973400429808,0.13602973394541315,0.1360297338855665,0.13602973394541315,0.13602973406350208,0.1360297342221718,0.13602973406350208,0.13602973394541315,0.13602973400429808,0.1360297342221718,0.13602973466385682,0.1360297342221718,0.13602973400429808,0.13602973394541315,0.13602973406350208,0.1360297342221718,0.13602973406350208,0.13602973394541315,0.1360297338855665,0.13602973394541315,0.13602973400429808,0.13602973394541315,0.13602973388556636,0.13503425340340514,0.13503425344107553,0.13503425347224987,0.13503425344107553,0.13503425340340514,0.13503425344107553,0.13503425350188739,0.13503425356233598,0.13503425350188739,0.13503425344107553,0.13503425347224987,0.13503425356233598,0.13503425367248958,0.13503425356233598,0.13503425347224987,0.13503425344107553,0.13503425350188739,0.13503425356233598,0.13503425350188739,0.13503425344107553,0.13503425340340514,0.13503425344107553,0.13503425347224987,0.13503425344107553,0.13503425340340514
0.16533248748269377,0.16533248748269377,0.16533248748269377,0.16533248748269377,0.16533248748269377,0.16533248748269377,0.16533248748269377,0.16533248748269377,0.16533248748269377,0.16533248748269377,0.16533248748269377,0.16533248748269377,0.16533248748269377,0.16533248748269377,0.16533248748269377,0.16533248748269377,0.16533248748269377,0.16533248748269377,0.16533248748269377,0.16533248748269377,0.16533248748269377,0.16533248748269377,0.16533248748269377,0.16533248748269377,0.16533248748269377,0.16375749376992596,0.16375749376992596,0.16375749376992596,0.16375749376992596,0.16375749376992596,0.16375749376992596,0.16375749376992596,0.16375749376992596,0.16375749376992596,0.16375749376992596,0.16375749376992596,0.16375749376992596,0.16375749376992596,0.16375749376992596,0.16375749376992596,0.16375749376992596,0.16375749376992596,0.16375749376992596,0.16375749376992596,0.16375749376992596,0.16375749376992596,0.16375749376992596,0.16375749376992596,0.16375749376992596,0.16375749376992596,0.1622138839889427,0.1622138839889427,0.1622138839889427,0.1622138839889427,0.1622138839889427,0.1622138839889427,0.1622138839889425,0.1622138839889425,0.1622138839889425,0.1622138839889427,0.1622138839889427,0.1622138839889425,0.1622138839889425,0.1622138839889425,0.1622138839889427,0.1622138839889427,0.1622138839889425,0.1622138839889425,0.1622138839889427,0.1622138839889427,0.1622138839889427,0.1622138839889427,0.1622138839889427,0.1622138839889427,0.1622138839889427,0.16070106709678397,0.16070106709678378,0.16070106709678378,0.16070106709678378,0.16070106709678397,0.16070106709678378,0.16070106709678378,0.16070106709678378,0.16070106709678378,0.16070106709678378,0.16070106709678378,0.16070106709678378,0.16070106709678378,0.16070106709678378,0.16070106709678378,0.16070106709678378,0.16070106709678378,0.16070106709678378,0.16070106709678378,0.16070106709678378,0.16070106709678397,0.16070106709678378,0.16070106709678378,0.16070106709678378,0.16070106709678397,0.15921845146842775,0.15921845146842753,0.15921845146842753,0.15921845146842753,0.15921845146842775,0.15921845146842753,0.15921845146842753,0.1592184514684273,0.15921845146842753,0.15921845146842753,0.15921845146842753,0.1592184514684273,0.1592184514684273,0.1592184514684273,0.15921845146842753,0.15921845146842753,0.15921845146842753,0.1592184514684273,0.15921845146842753,0.15921845146842753,0.15921845146842775,0.15921845146842753,0.15921845146842753,0.15921845146842753,0.15921845146842775,0.15776544624864144,0.15776544624864078,0.15776544624864056,0.15776544624864078,0.15776544624864144,0.15776544624864078,0.15776544624864036,0.15776544624863992,0.15776544624864036,0.15776544624864078,0.15776544624864056,0.15776544624863992,0.15776544624863972,0.15776544624863992,0.15776544624864056,0.15776544624864078,0.15776544624864036,0.15776544624863992,0.15776544624864036,0.15776544624864078,0.15776544624864144,0.15776544624864078,0.15776544624864056,0.15776544624864078,0.15776544624864144,0.15634146256630468,0.156341462566303,0.15634146256630194,0.156341462566303,0.15634146256630468,0.156341462566303,0.15634146256630133,0.15634146256630027,0.15634146256630133,0.156341462566303,0.15634146256630194,0.15634146256630027,0.15634146256629922,0.15634146256630027,0.15634146256630194,0.156341462566303,0.15634146256630133,0.15634146256630027,0.15634146256630133,0.156341462566303,0.15634146256630468,0.156341462566303,0.15634146256630194,0.156341462566303,0.15634146256630468,0.15494591462147095,0.15494591462146604,0.15494591462146295,0.15494591462146604,0.15494591462147095,0.15494591462146604,0.1549459146214607,0.1549459146214574,0.1549459146214607,0.15494591462146604,0.15494591462146295,0.1549459146214574,0.15494591462145393,0.1549459146214574,0.15494591462146295,0.15494591462146604,0.1549459146214607,0.1549459146214574,0.1549459146214607,0.15494591462146604,0.15494591462147095,0.15494591462146604,0.15494591462146295,0.15494591462146604,0.15494591462147095,0.1535782206548763,0.15357822065486104,0.15357822065485138,0.15357822065486104,0.1535782206548763,0.15357822065486104,0.15357822065484455,0.15357822065483412,0.15357822065484455,0.15357822065486104,0.15357822065485138,0.15357822065483412,0.15357822065482288,0.15357822065483412,0.15357822065485138,0.15357822065486104,0.15357822065484455,0.15357822065483412,0.15357822065484455,0.15357822065486104,0.1535782206548763,0.15357822065486104,0.15357822065485138,0.15357822065486104,0.1535782206548763,0.1522378038090497,0.15223780380900326,0.1522378038089737,0.15223780380900326,0.1522378038090497,0.15223780380900326,0.15223780380895208,0.15223780380891883,0.15223780380895208,0.15223780380900326,0.1522378038089737,0.15223780380891883,0.15223780380888338,0.15223780380891883,0.1522378038089737,0.15223780380900326,0.15223780380895208,0.15223780380891883,0.15223780380895208,0.15223780380900326,0.1522378038090497,0.15223780380900326,0.1522378038089737,0.15223780380900326,0.1522378038090497,0.15092409288964934,0.15092409288951045,0.15092409288942094,0.15092409288951045,0.15092409288964917,0.15092409288951045,0.15092409288935227,0.15092409288924769,0.15092409288935227,0.15092409288951045,0.15092409288942094,0.15092409288924769,0.1509240928891329,0.15092409288924769,0.15092409288942094,0.15092409288951045,0.15092409288935227,0.15092409288924769,0.15092409288935227,0.15092409288951045,0.15092409288964917,0.15092409288951045,0.15092409288942094,0.15092409288951045,0.15092409288964917,0.14963652303513486,0.14963652303472738,0.14963652303445793,0.14963652303472738,0.14963652303513486,0.14963652303472738,0.14963652303424196,0.149636523033909,0.14963652303424196,0.14963652303472738,0.14963652303445793,0.149636523033909,0.14963652303352498,0.149636523033909,0.14963652303445793,0.14963652303472738,0.14963652303424196,0.149636523033909,0.14963652303424196,0.14963652303472738,0.14963652303513486,0.14963652303472738,0.14963652303445793,0.14963652303472738,0.14963652303513486,0.14837453630243744,0.14837453630127356,0.14837453630047182,0.14837453630127356,0.14837453630243744,0.14837453630127356,0.14837453629979758,0.1483745362987162,0.14837453629979758,0.14837453630127356,0.14837453630047182,0.1483745362987162,0.1483745362973681,0.1483745362987162,0.14837453630047182,0.14837453630127356,0.14837453629979758,0.1483745362987162,0.14837453629979758,0.14837453630127356,0.14837453630243744,0.14837453630127356,0.14837453630047182,0.14837453630127356,0.14837453630243744,0.14713758217594514,0.1471375821727563,0.14713758217041947,0.1471375821727563,0.14713758217594514,0.1471375821727563,0.14713758216834896,0.14713758216476122,0.14713758216834896,0.1471375821727563,0.14713758217041947,0.14713758216476122,0.1471375821596683,0.14713758216476122,0.14713758217041947,0.1471375821727563,0.14713758216834896,0.14713758216476122,0.14713758216834896,0.1471375821727563,0.14713758217594514,0.1471375821727563,0.14713758217041947,0.1471375821727563,0.14713758217594514,0.14592511800695743,0.14592511799879446,0.14592511799223976,0.14592511799879446,0.14592511800695743,0.14592511799879446,0.1459251179861261,0.14592511797401203,0.1459251179861261,0.14592511799879446,0.14592511799223976,0.14592511797401203,0.14592511795273674,0.14592511797401203,0.14592511799223976,0.14592511799879446,0.1459251179861261,0.14592511797401203,0.1459251179861261,0.14592511799879446,0.14592511800695743,0.14592511799879446,0.14592511799223976,0.14592511799879446,0.14592511800695743,0.14473660939064956,0.1447366093719921,0.14473660935501276,0.1447366093719921,0.14473660939064956,0.1447366093719921,0.14473660933841553,0.14473660929797041,0.14473660933841553,0.1447366093719921,0.14473660935501276,0.14473660929797041,0.14473660919761036,0.14473660929797041,0.14473660935501276,0.1447366093719921,0.14473660933841553,0.14473660929797041,0.14473660933841553,0.1447366093719921,0.14473660939064956,0.1447366093719921,0.14473660935501276,0.1447366093719921,0.14473660939064956,0.1435715304862388,0.1435715304513321,0.14357153041466245,0.1435715304513321,0.1435715304862388,0.1435715304513321,0.1435715303775354,0.14357153025753286,0.1435715303775354,0.1435715304513321,0.14357153041466245,0.14357153025753286,0.14357152972020243,0.14357153025753286,0.14357153041466245,0.1435715304513321,0.1435715303775354,0.14357153025753286,0.1435715303775354,0.14357153045133195,0.1435715304862388,0.1435715304513321,0.14357153041466245,0.14357153045133195,0.1435715304862388,0.14242936427899472,0.1424293642335383,0.14242936418539986,0.1424293642335383,0.14242936427899472,0.1424293642335383,0.1424293641363559,0.14242936398104303,0.1424293641363559,0.1424293642335383,0.14242936418539986,0.14242936398104303,0.14242936333169462,0.14242936398104303,0.14242936418539986,0.1424293642335383,0.1424293641363559,0.14242936398104303,0.1424293641363559,0.1424293642335383,0.14242936427899472,0.1424293642335383,0.14242936418539986,0.1424293642335383,0.14242936427899472,0.14130960276960552,0.14130960272267962,0.14130960267137796,0.14130960272267962,0.14130960276960552,0.14130960272267962,0.14130960261868067,0.14130960244620228,0.14130960261868067,0.14130960272267962,0.14130960267137796,0.14130960244620228,0.14130960170329074,0.14130960244620228,0.14130960267137796,0.14130960272267962,0.14130960261868067,0.14130960244620228,0.14130960261868067,0.14130960272267962,0.14130960276960552,0.14130960272267962,0.14130960267137796,0.14130960272267962,0.14130960276960552,0.14021174713595985,0.14021174710251488,0.1402117470626396,0.14021174710251488,0.14021174713595985,0.14021174710251488,0.1402117470210667,0.14021174686808496,0.1402117470210667,0.14021174710251488,0.1402117470626396,0.14021174686808496,0.1402117461065089,0.14021174686808496,0.1402117470626396,0.14021174710251488,0.1402117470210667,0.14021174686808496,0.1402117470210667,0.14021174710251488,0.14021174713595985,0.14021174710251488,0.1402117470626396,0.14021174710251488,0.14021174713595985,0.13913530784992578,0.13913530785178171,0.1391353078512552,0.13913530785178171,0.13913530784992578,0.13913530785178171,0.13913530785010367,0.13913530783860084,0.13913530785010367,0.13913530785178171,0.1391353078512552,0.13913530783860084,0.13913530778036542,0.13913530783860084,0.1391353078512552,0.13913530785178171,0.13913530785010367,0.13913530783860084,0.13913530785010367,0.13913530785178171,0.13913530784992578,0.13913530785178171,0.1391353078512552,0.13913530785178171,0.13913530784992578,0.13807980475599663,0.13807980480161383,0.13807980484870516,0.13807980480161383,0.13807980475599663,0.13807980480161383,0.13807980489678134,0.13807980503151313,0.13807980489678134,0.13807980480161383,0.13807980484870516,0.13807980503151313,0.13807980542143183,0.13807980503151313,0.13807980484870516,0.13807980480161383,0.13807980489678134,0.13807980503151313,0.13807980489678134,0.13807980480161383,0.13807980475599663,0.13807980480161383,0.13807980484870516,0.13807980480161383,0.13807980475599663,0.1370447671591683,0.13704476724352646,0.13704476734711912,0.13704476724352646,0.1370447671591683,0.13704476724352646,0.13704476745485453,0.1370447678837126,0.13704476745485453,0.13704476724352646,0.13704476734711912,0.1370447678837126,0.13704477027295198,0.1370447678837126,0.13704476734711912,0.13704476724352646,0.13704476745485453,0.1370447678837126,0.13704476745485453,0.13704476724352646,0.1370447671591683,0.13704476724352646,0.13704476734711912,0.13704476724352646,0.1370447671591683,0.1360297338842933,0.13602973394409387,0.1360297340029333,0.13602973394409387,0.1360297338842933,0.13602973394409387,0.13602973406209154,0.13602973422063824,0.13602973406209154,0.13602973394409387,0.1360297340029333,0.13602973422063824,0.13602973466198048,0.13602973422063824,0.1360297340029333,0.13602973394409387,0.13602973406209154,0.13602973422063824,0.13602973406209154,0.13602973394409387,0.1360297338842933,0.13602973394409387,0.1360297340029333,0.13602973394409387,0.1360297338842933,0.13503425340209832,0.1350342534397398,0.13503425347089001,0.1350342534397398,0.13503425340209832,0.1350342534397398,0.13503425350050455,0.1350342535609062,0.13503425350050455,0.1350342534397398,0.13503425347089001,0.1350342535609062,0.13503425367097438,0.1350342535609062,0.13503425347089001,0.1350342534397398,0.13503425350050455,0.1350342535609062,0.13503425350050455,0.1350342534397398,0.13503425340209832,0.1350342534397398,0.13503425347089001,0.1350342534397398,0.13503425340209832
0.16533248748307275,0.16533248748307275,0.16533248748307275,0.16533248748307275,0.16533248748307275,0.16533248748307275,0.16533248748307275,0.16533248748307275,0.16533248748307275,0.16533248748307275,0.16533248748307275,0.16533248748307275,0.16533248748307275,0.16533248748307275,0.16533248748307275,0.16533248748307275,0.16533248748307275,0.16533248748307275,0.16533248748307275,0.16533248748307275,0.16533248748307275,0.16533248748307275,0.16533248748307275,0.16533248748307275,0.16533248748307275,0.16375749377029766,0.16375749377029766,0.16375749377029766,0.16375749377029766,0.16375749377029766,0.16375749377029766,0.16375749377029766,0.16375749377029766,0.16375749377029766,0.16375749377029766,0.16375749377029766,0.16375749377029766,0.16375749377029766,0.16375749377029766,0.16375749377029766,0.16375749377029766,0.16375749377029766,0.16375749377029766,0.16375749377029766,0.16375749377029766,0.16375749377029766,0.16375749377029766,0.16375749377029766,0.16375749377029766,0.16375749377029766,0.1622138839893072,0.1622138839893072,0.1622138839893072,0.1622138839893072,0.1622138839893072,0.1622138839893072,0.162213883989307,0.162213883989307,0.1622138839893072,0.1622138839893072,0.1622138839893072,0.162213883989307,0.162213883989307,0.162213883989307,0.1622138839893072,0.1622138839893072,0.1622138839893072,0.162213883989307,0.1622138839893072,0.1622138839893072,0.1622138839893072,0.1622138839893072,0.1622138839893072,0.1622138839893072,0.1622138839893072,0.1607010670971412,0.1607010670971412,0.1607010670971412,0.1607010670971412,0.1607010670971412,0.1607010670971412,0.1607010670971412,0.1607010670971412,0.1607010670971412,0.1607010670971412,0.1607010670971412,0.1607010670971412,0.1607010670971412,0.1607010670971412,0.1607010670971412,0.1607010670971412,0.1607010670971412,0.1607010670971412,0.1607010670971412,0.1607010670971412,0.1607010670971412,0.1607010670971412,0.1607010670971412,0.1607010670971412,0.1607010670971412,0.15921845146877805,0.1592184514687778,0.1592184514687778,0.1592184514687778,0.15921845146877805,0.1592184514687778,0.1592184514687776,0.1592184514687776,0.1592184514687778,0.1592184514687778,0.1592184514687778,0.1592184514687776,0.1592184514687776,0.1592184514687776,0.1592184514687778,0.1592184514687778,0.1592184514687778,0.1592184514687776,0.1592184514687778,0.1592184514687778,0.15921845146877805,0.1592184514687778,0.1592184514687778,0.1592184514687778,0.15921845146877805,0.15776544624898473,0.1577654462489841,0.15776544624898386,0.1577654462489841,0.15776544624898473,0.1577654462489841,0.15776544624898367,0.15776544624898323,0.15776544624898367,0.1577654462489841,0.15776544624898386,0.15776544624898323,0.157765446248983,0.15776544624898323,0.15776544624898386,0.1577654462489841,0.15776544624898367,0.15776544624898323,0.15776544624898367,0.1577654462489841,0.15776544624898473,0.1577654462489841,0.15776544624898386,0.1577654462489841,0.15776544624898473,0.1563414625666411,0.15634146256663944,0.1563414625666384,0.15634146256663944,0.15634146256664092,0.15634146256663944,0.15634146256663778,0.15634146256663672,0.15634146256663778,0.15634146256663944,0.1563414625666384,0.15634146256663672,0.1563414625666357,0.15634146256663672,0.1563414625666384,0.15634146256663944,0.15634146256663778,0.15634146256663672,0.15634146256663778,0.15634146256663944,0.15634146256664092,0.15634146256663944,0.1563414625666384,0.15634146256663944,0.15634146256664092,0.15494591462180068,0.15494591462179577,0.1549459146217927,0.15494591462179577,0.15494591462180068,0.15494591462179577,0.15494591462179041,0.15494591462178714,0.15494591462179041,0.15494591462179577,0.1549459146217927,0.15494591462178714,0.15494591462178367,0.15494591462178714,0.1549459146217927,0.15494591462179577,0.15494591462179041,0.15494591462178714,0.15494591462179041,0.15494591462179577,0.15494591462180068,0.15494591462179577,0.1549459146217927,0.15494591462179577,0.15494591462180068,0.15357822065519944,0.1535782206551842,0.15357822065517454,0.1535782206551842,0.15357822065519944,0.1535782206551842,0.15357822065516769,0.15357822065515728,0.15357822065516769,0.1535782206551842,0.15357822065517454,0.15357822065515728,0.15357822065514623,0.15357822065515728,0.15357822065517454,0.1535782206551842,0.15357822065516769,0.15357822065515728,0.15357822065516769,0.1535782206551842,0.15357822065519944,0.1535782206551842,0.15357822065517454,0.1535782206551842,0.15357822065519944,0.15223780380936638,0.15223780380931995,0.15223780380929042,0.15223780380931995,0.15223780380936638,0.15223780380931995,0.1522378038092688,0.15223780380923552,0.1522378038092688,0.15223780380931995,0.15223780380929042,0.15223780380923552,0.15223780380920027,0.15223780380923552,0.15223780380929042,0.15223780380931995,0.1522378038092688,0.15223780380923552,0.1522378038092688,0.15223780380931995,0.15223780380936638,0.15223780380931995,0.15223780380929042,0.15223780380931995,0.15223780380936638,0.15092409288995956,0.15092409288982084,0.15092409288973135,0.15092409288982084,0.15092409288995956,0.15092409288982084,0.15092409288966266,0.1509240928895583,0.15092409288966266,0.15092409288982084,0.15092409288973135,0.1509240928895583,0.1509240928894435,0.1509240928895583,0.15092409288973135,0.15092409288982084,0.15092409288966266,0.1509240928895583,0.15092409288966266,0.15092409288982084,0.15092409288995956,0.15092409288982084,0.15092409288973135,0.15092409288982084,0.15092409288995956,0.1496365230354387,0.1496365230350316,0.14963652303476216,0.1496365230350316,0.1496365230354387,0.1496365230350316,0.1496365230345464,0.14963652303421343,0.1496365230345464,0.1496365230350316,0.14963652303476216,0.14963652303421343,0.14963652303382977,0.14963652303421343,0.14963652303476216,0.1496365230350316,0.1496365230345464,0.14963652303421343,0.1496365230345464,0.1496365230350316,0.1496365230354387,0.1496365230350316,0.14963652303476216,0.1496365230350316,0.1496365230354387,0.1483745363027345,0.1483745363015712,0.14837453630077002,0.1483745363015712,0.1483745363027345,0.1483745363015712,0.14837453630009614,0.1483745362990153,0.14837453630009614,0.1483745363015712,0.14837453630077002,0.1483745362990153,0.14837453629766797,0.1483745362990153,0.14837453630077002,0.1483745363015712,0.14837453630009614,0.1483745362990153,0.14837453630009614,0.1483745363015712,0.1483745363027345,0.1483745363015712,0.14837453630077002,0.1483745363015712,0.1483745363027345,0.14713758217623413,0.14713758217304732,0.1471375821707116,0.14713758217304732,0.14713758217623413,0.14713758217304732,0.14713758216864234,0.14713758216505643,0.14713758216864234,0.14713758217304715,0.1471375821707116,0.14713758216505643,0.14713758215996622,0.14713758216505643,0.1471375821707116,0.14713758217304732,0.14713758216864234,0.14713758216505643,0.14713758216864234,0.14713758217304732,0.14713758217623413,0.14713758217304715,0.1471375821707116,0.14713758217304732,0.14713758217623413,0.14592511800723487,0.1459251179990765,0.14592511799252553,0.1459251179990765,0.14592511800723487,0.1459251179990765,0.14592511798641525,0.14592511797430743,0.14592511798641525,0.1459251179990765,0.14592511799252553,0.14592511797430743,0.1459251179530432,0.14592511797430743,0.14592511799252553,0.1459251179990765,0.14592511798641525,0.14592511797430743,0.14592511798641525,0.1459251179990765,0.14592511800723487,0.1459251179990765,0.14592511799252553,0.1459251179990765,0.14592511800723487,0.14473660939090632,0.14473660937225952,0.14473660935528962,0.14473660937225952,0.14473660939090632,0.14473660937225952,0.14473660933870144,0.1447366092982778,0.14473660933870144,0.14473660937225952,0.14473660935528962,0.1447366092982778,0.14473660919796869,0.1447366092982778,0.14473660935528962,0.14473660937225952,0.14473660933870144,0.1447366092982778,0.14473660933870144,0.14473660937225952,0.14473660939090632,0.14473660937225952,0.14473660935528962,0.14473660937225952,0.14473660939090632,0.14357153048645233,0.1435715304515667,0.14357153041491844,0.1435715304515667,0.14357153048645233,0.1435715304515667,0.1435715303778126,0.14357153025787459,0.1435715303778126,0.1435715304515667,0.14357153041491844,0.14357153025787459,0.14357152972083861,0.14357153025787459,0.14357153041491844,0.1435715304515667,0.1435715303778126,0.14357153025787459,0.1435715303778126,0.1435715304515667,0.14357153048645233,0.1435715304515667,0.14357153041491844,0.1435715304515667,0.14357153048645216,0.14242936427912106,0.14242936423369618,0.14242936418559007,0.14242936423369618,0.14242936427912106,0.14242936423369618,0.14242936413657883,0.1424293639813653,0.14242936413657883,0.14242936423369618,0.14242936418559007,0.1424293639813653,0.14242936333240622,0.1424293639813653,0.14242936418559007,0.14242936423369618,0.14242936413657883,0.1424293639813653,0.14242936413657883,0.14242936423369618,0.14242936427912106,0.14242936423369618,0.14242936418559007,0.14242936423369618,0.14242936427912106,0.1413096027695782,0.14130960272269116,0.14130960267143225,0.14130960272269116,0.1413096027695782,0.14130960272269116,0.1413096026187787,0.14130960244644436,0.1413096026187787,0.14130960272269116,0.14130960267143225,0.14130960244644436,0.14130960170414383,0.14130960244644436,0.14130960267143225,0.14130960272269116,0.1413096026187787,0.14130960244644436,0.1413096026187787,0.14130960272269116,0.1413096027695782,0.14130960272269116,0.14130960267143225,0.14130960272269116,0.1413096027695782,0.140211747135697,0.14021174710228526,0.1402117470624505,0.14021174710228526,0.140211747135697,0.14021174710228526,0.14021174702091962,0.14021174686809787,0.14021174702091962,0.14021174710228526,0.1402117470624505,0.14021174686809787,0.14021174610735226,0.14021174686809787,0.1402117470624505,0.14021174710228526,0.14021174702091962,0.14021174686809787,0.14021174702091962,0.14021174710228526,0.140211747135697,0.14021174710228526,0.1402117470624505,0.14021174710228526,0.140211747135697,0.1391353078493553,0.13913530785121486,0.13913530785069406,0.13913530785121486,0.1391353078493553,0.13913530785121486,0.1391353078495487,0.13913530783806943,0.1391353078495487,0.13913530785121486,0.13913530785069406,0.13913530783806943,0.13913530777992034,0.13913530783806943,0.13913530785069406,0.13913530785121486,0.1391353078495487,0.13913530783806943,0.1391353078495487,0.13913530785121486,0.1391353078493553,0.13913530785121486,0.13913530785069406,0.13913530785121486,0.1391353078493553,0.13807980475510684,0.13807980480069118,0.1380798048477481,0.13807980480069118,0.13807980475510684,0.13807980480069118,0.13807980489578908,0.13807980503042022,0.13807980489578908,0.13807980480069118,0.1380798048477481,0.13807980503042022,0.1380798054200444,0.13807980503042022,0.1380798048477481,0.13807980480069118,0.13807980489578908,0.13807980503042022,0.13807980489578908,0.13807980480069118,0.13807980475510684,0.13807980480069118,0.1380798048477481,0.13807980480069118,0.13807980475510684,0.13704476715802283,0.13704476724231654,0.1370447673458295,0.13704476724231654,0.13704476715802283,0.13704476724231654,0.1370447674534819,0.13704476788200792,0.1370447674534819,0.13704476724231654,0.1370447673458295,0.13704476788200792,0.13704477026940667,0.13704476788200792,0.1370447673458295,0.13704476724231654,0.1370447674534819,0.13704476788200792,0.1370447674534819,0.13704476724231654,0.13704476715802283,0.13704476724231654,0.1370447673458295,0.13704476724231654,0.13704476715802283,0.1360297338830214,0.13602973394277604,0.13602973400157004,0.13602973394277604,0.1360297338830214,0.13602973394277604,0.1360297340606826,0.13602973421910647,0.1360297340606826,0.13602973394277604,0.13602973400157004,0.13602973421910647,0.13602973466010618,0.13602973421910647,0.13602973400157004,0.13602973394277604,0.1360297340606826,0.13602973421910647,0.1360297340606826,0.13602973394277604,0.1360297338830214,0.13602973394277604,0.13602973400157004,0.13602973394277604,0.1360297338830214,0.1350342534007927,0.13503425343840508,0.13503425346953116,0.13503425343840508,0.1350342534007927,0.13503425343840508,0.13503425349912274,0.13503425355947773,0.13503425349912274,0.13503425343840508,0.13503425346953116,0.13503425355947773,0.13503425366946067,0.13503425355947773,0.13503425346953116,0.13503425343840508,0.13503425349912274,0.13503425355947773,0.13503425349912274,0.13503425343840508,0.1350342534007927,0.13503425343840508,0.13503425346953116,0.13503425343840508,0.1350342534007927
0.1653324873900804,0.1653324873900804,0.1653324873900804,0.1653324873900804,0.1653324873900804,0.1653324873900804,0.1653324873900804,0.1653324873900804,0.1653324873900804,0.1653324873900804,0.1653324873900804,0.1653324873900804,0.1653324873900804,0.1653324873900804,0.1653324873900804,0.1653324873900804,0.1653324873900804,0.1653324873900804,0.1653324873900804,0.1653324873900804,0.1653324873900804,0.1653324873900804,0.1653324873900804,0.1653324873900804,0.1653324873900804,0.16375749367821965,0.16375749367821965,0.16375749367821965,0.16375749367821965,0.16375749367821965,0.16375749367821965,0.16375749367821965,0.16375749367821965,0.16375749367821965,0.16375749367821965,0.16375749367821965,0.16375749367821965,0.16375749367821965,0.16375749367821965,0.16375749367821965,0.16375749367821965,0.16375749367821965,0.16375749367821965,0.16375749367821965,0.16375749367821965,0.16375749367821965,0.16375749367821965,0.16375749367821965,0.16375749367821965,0.16375749367821965,0.16221388389732197,0.16221388389732175,0.16221388389732175,0.16221388389732175,0.16221388389732197,0.16221388389732175,0.16221388389732175,0.16221388389732175,0.16221388389732175,0.16221388389732175,0.16221388389732175,0.16221388389732175,0.16221388389732153,0.16221388389732175,0.16221388389732175,0.16221388389732175,0.16221388389732175,0.16221388389732175,0.16221388389732175,0.16221388389732175,0.16221388389732197,0.16221388389732175,0.16221388389732175,0.16221388389732175,0.16221388389732197,0.16070106700439965,0.16070106700439943,0.16070106700439943,0.16070106700439943,0.16070106700439965,0.16070106700439943,0.16070106700439923,0.16070106700439923,0.16070106700439923,0.16070106700439943,0.16070106700439943,0.16070106700439923,0.16070106700439898,0.16070106700439923,0.16070106700439943,0.16070106700439943,0.16070106700439923,0.16070106700439923,0.16070106700439923,0.16070106700439943,0.16070106700439965,0.16070106700439943,0.16070106700439943,0.16070106700439943,0.16070106700439965,0.15921845137440932,0.15921845137440868,0.15921845137440824,0.15921845137440868,0.15921845137440932,0.15921845137440868,0.15921845137440802,0.15921845137440738,0.15921845137440802,0.15921845137440868,0.15921845137440824,0.15921845137440738,0.15921845137440693,0.15921845137440738,0.15921845137440824,0.15921845137440868,0.15921845137440802,0.15921845137440738,0.15921845137440802,0.15921845137440868,0.15921845137440932,0.15921845137440868,0.15921845137440824,0.15921845137440868,0.15921845137440932,0.15776544615210297,0.1577654461521008,0.1577654461520993,0.1577654461521008,0.15776544615210297,0.1577654461521008,0.1577654461520985,0.15776544615209695,0.1577654461520985,0.1577654461521008,0.1577654461520993,0.15776544615209695,0.15776544615209548,0.15776544615209695,0.1577654461520993,0.1577654461521008,0.1577654461520985,0.15776544615209695,0.1577654461520985,0.1577654461521008,0.15776544615210297,0.1577654461521008,0.1577654461520993,0.1577654461521008,0.15776544615210297,0.15634146246635436,0.15634146246634764,0.15634146246634345,0.15634146246634764,0.15634146246635436,0.15634146246634764,0.15634146246634076,0.15634146246633635,0.15634146246634076,0.15634146246634764,0.15634146246634345,0.15634146246633635,0.15634146246633177,0.15634146246633635,0.15634146246634345,0.15634146246634764,0.15634146246634076,0.15634146246633635,0.15634146246634076,0.15634146246634764,0.15634146246635436,0.15634146246634764,0.15634146246634345,0.15634146246634764,0.15634146246635436,0.15494591451722556,0.15494591451720546,0.15494591451719275,0.15494591451720546,0.15494591451722556,0.15494591451720546,0.15494591451718415,0.15494591451717082,0.15494591451718415,0.15494591451720546,0.15494591451719275,0.15494591451717082,0.1549459145171569,0.15494591451717082,0.15494591451719275,0.15494591451720546,0.15494591451718415,0.15494591451717082,0.15494591451718415,0.15494591451720546,0.15494591451722556,0.15494591451720546,0.15494591451719275,0.15494591451720546,0.15494591451722556,0.1535782205454849,0.15357822054542544,0.1535782205453877,0.15357822054542544,0.1535782205454849,0.15357822054542544,0.15357822054536077,0.15357822054531958,0.15357822054536077,0.15357822054542544,0.1535782205453877,0.15357822054531958,0.1535782205452758,0.15357822054531958,0.1535782205453877,0.15357822054542544,0.15357822054536077,0.15357822054531958,0.15357822054536077,0.15357822054542544,0.1535782205454849,0.15357822054542544,0.1535782205453877,0.15357822054542544,0.1535782205454849,0.1522378036937465,0.15223780369357212,0.1522378036934597,0.15223780369357212,0.1522378036937465,0.15223780369357212,0.15223780369337586,0.15223780369324733,0.15223780369337586,0.15223780369357212,0.1522378036934597,0.15223780369324733,0.1522378036931064,0.15223780369324733,0.1522378036934597,0.15223780369357212,0.15223780369337586,0.15223780369324733,0.15223780369337586,0.15223780369357212,0.1522378036937465,0.15223780369357212,0.1522378036934597,0.15223780369357212,0.1522378036937465,0.15092409276787655,0.15092409276737534,0.15092409276704255,0.15092409276737534,0.15092409276787655,0.15092409276737534,0.15092409276678057,0.1509240927663737,0.15092409276678057,0.15092409276737534,0.15092409276704255,0.1509240927663737,0.15092409276590335,0.1509240927663737,0.15092409276704255,0.15092409276737534,0.15092409276678057,0.1509240927663737,0.15092409276678057,0.15092409276737534,0.15092409276787655,0.15092409276737534,0.15092409276704255,0.15092409276737534,0.15092409276787655,0.14963652290685528,0.1496365229054574,0.14963652290448587,0.1496365229054574,0.14963652290685528,0.1496365229054574,0.1496365229036713,0.14963652290235754,0.1496365229036713,0.1496365229054574,0.14963652290448587,0.14963652290235754,0.14963652290070042,0.14963652290235754,0.14963652290448587,0.1496365229054574,0.1496365229036713,0.14963652290235754,0.1496365229036713,0.1496365229054574,0.14963652290685528,0.1496365229054574,0.14963652290448587,0.1496365229054574,0.14963652290685528,0.1483745361689191,0.14837453616520194,0.14837453616243015,0.14837453616520194,0.1483745361689191,0.14837453616520194,0.1483745361599458,0.14837453615559926,0.1483745361599458,0.14837453616520194,0.14837453616243015,0.14837453615559926,0.14837453614927468,0.14837453615559926,0.14837453616243015,0.14837453616520194,0.1483745361599458,0.14837453615559926,0.1483745361599458,0.14837453616520194,0.1483745361689191,0.14837453616520194,0.14837453616243015,0.14837453616520194,0.1483745361689191,0.1471375820416081,0.14713758203245147,0.14713758202488783,0.14713758203245147,0.1471375820416081,0.14713758203245147,0.1471375820176617,0.1471375820029967,0.1471375820176617,0.14713758203245147,0.14713758202488783,0.1471375820029967,0.14713758197614651,0.1471375820029967,0.14713758202488783,0.14713758203245147,0.1471375820176617,0.1471375820029967,0.1471375820176617,0.14713758203245147,0.1471375820416081,0.14713758203245147,0.14713758202488783,0.14713758203245147,0.1471375820416081,0.14592511788388005,0.14592511786362225,0.14592511784447446,0.14592511786362225,0.14592511788388005,0.14592511786362225,0.1459251178255566,0.14592511777676326,0.1459251178255566,0.14592511786362225,0.14592511784447446,0.14592511777676326,0.1459251176476737,0.14592511777676326,0.14592511784447446,0.14592511786362225,0.1459251178255566,0.14592511777676326,0.1459251178255566,0.14592511786362225,0.14592511788388005,0.14592511786362225,0.14592511784447446,0.14592511786362225,0.14592511788388005,0.1447366093039592,0.14473660926875198,0.14473660922983714,0.14473660926875198,0.1447366093039592,0.14473660926875198,0.14473660919015674,0.1447366090499117,0.14473660919015674,0.14473660926875198,0.14473660922983714,0.1447366090499117,0.14473660834686775,0.1447366090499117,0.14473660922983714,0.14473660926875198,0.14473660919015674,0.1447366090499117,0.14473660919015674,0.14473660926875198,0.1447366093039592,0.14473660926875198,0.14473660922983714,0.14473660926875198,0.1447366093039592,0.1435715304708809,0.14357153043278228,0.14357153039426152,0.14357153043278228,0.1435715304708809,0.14357153043278228,0.143571530355424,0.14357153024132063,0.143571530355424,0.14357153043278228,0.14357153039426152,0.14357153024132063,0.143571529818707,0.14357153024132063,0.14357153039426152,0.14357153043278228,0.143571530355424,0.14357153024132063,0.143571530355424,0.14357153043278228,0.1435715304708809,0.14357153043278228,0.14357153039426152,0.14357153043278228,0.1435715304708809,0.1424293643430968,0.14242936430367775,0.14242936426358419,0.14242936430367775,0.1424293643430968,0.14242936430367775,0.14242936422308283,0.142429364102009,0.14242936422308283,0.14242936430367775,0.14242936426358419,0.142429364102009,0.14242936362772088,0.142429364102009,0.14242936426358419,0.14242936430367775,0.14242936422308283,0.142429364102009,0.14242936422308283,0.14242936430367775,0.1424293643430968,0.14242936430367775,0.14242936426358419,0.14242936430367775,0.1424293643430968,0.14130960290267083,0.14130960286439884,0.1413096028228054,0.14130960286439884,0.14130960290267083,0.14130960286439884,0.14130960278014595,0.14130960264118583,0.14130960278014595,0.14130960286439884,0.1413096028228054,0.14130960264118583,0.14130960204408705,0.14130960264118583,0.1413096028228054,0.14130960286439884,0.14130960278014595,0.14130960264118583,0.14130960278014595,0.14130960286439884,0.14130960290267083,0.14130960286439884,0.1413096028228054,0.14130960286439884,0.14130960290267083,0.1402117473223085,0.14021174729656452,0.14021174726464064,0.14021174729656452,0.1402117473223085,0.14021174729656452,0.14021174723110952,0.14021174710318357,0.14021174723110952,0.14021174729656452,0.14021174726464064,0.14021174710318357,0.140211746448037,0.14021174710318357,0.14021174726464064,0.14021174729656452,0.14021174723110952,0.14021174710318357,0.14021174723110952,0.14021174729656452,0.1402117473223085,0.14021174729656452,0.14021174726464064,0.14021174729656452,0.1402117473223085,0.13913530807600127,0.13913530808372992,0.13913530808839897,0.13913530808372992,0.13913530807600127,0.13913530808372992,0.1391353080923135,0.13913530809236427,0.1391353080923135,0.13913530808372992,0.13913530808839897,0.13913530809236427,0.13913530806015625,0.13913530809236427,0.13913530808839897,0.13913530808372992,0.1391353080923135,0.13913530809236427,0.1391353080923135,0.13913530808372992,0.13913530807600127,0.13913530808372992,0.13913530808839897,0.13913530808372992,0.13913530807600127,0.13807980501218733,0.1380798050640614,0.13807980511702775,0.1380798050640614,0.13807980501218733,0.1380798050640614,0.13807980517092414,0.1380798053203585,0.13807980517092414,0.1380798050640614,0.13807980511702775,0.1380798053203585,0.13807980574857834,0.1380798053203585,0.13807980511702775,0.1380798050640614,0.13807980517092414,0.1380798053203585,0.13807980517092414,0.1380798050640614,0.13807980501218733,0.1380798050640614,0.13807980511702775,0.1380798050640614,0.13807980501218733,0.13704476743525945,0.1370447675275067,0.1370447676402883,0.1370447675275067,0.13704476743525945,0.1370447675275067,0.13704476775745716,0.13704476822242537,0.13704476775745716,0.1370447675275067,0.1370447676402883,0.13704476822242537,0.13704477080788705,0.13704476822242537,0.1370447676402883,0.1370447675275067,0.13704476775745716,0.13704476822242537,0.13704476775745716,0.1370447675275067,0.13704476743525945,0.1370447675275067,0.1370447676402883,0.1370447675275067,0.13704476743525945,0.13602973416683936,0.13602973423190876,0.13602973429582377,0.13602973423190876,0.13602973416683936,0.13602973423190876,0.13602973436002108,0.13602973453190892,0.13602973436002108,0.13602973423190876,0.13602973429582377,0.13602973453190892,0.13602973500977428,0.13602973453190892,0.13602973429582377,0.13602973423190876,0.13602973436002108,0.13602973453190892,0.13602973436002108,0.13602973423190876,0.13602973416683936,0.13602973423190876,0.13602973429582377,0.13602973423190876,0.13602973416683936,0.13503425368309643,0.1350342537239984,0.1350342537578162,0.1350342537239984,0.13503425368309643,0.1350342537239984,0.13503425378996742,0.13503425385546358,0.13503425378996742,0.1350342537239984,0.1350342537578162,0.13503425385546358,0.13503425397470223,0.13503425385546358,0.1350342537578162,0.1350342537239984,0.13503425378996742,0.13503425385546358,0.13503425378996742,0.1350342537239984,0.13503425368309643,0.1350342537239984,0.1350342537578162,0.1350342537239984,0.13503425368309643
0.1653324873283607,0.1653324873283607,0.1653324873283607,0.1653324873283607,0.1653324873283607,0.1653324873283607,0.1653324873283607,0.1653324873283607,0.1653324873283607,0.1653324873283607,0.1653324873283607,0.1653324873283607,0.1653324873283607,0.1653324873283607,0.1653324873283607,0.1653324873283607,0.1653324873283607,0.1653324873283607,0.1653324873283607,0.1653324873283607,0.1653324873283607,0.1653324873283607,0.1653324873283607,0.1653324873283607,0.1653324873283607,0.1637574936183076,0.1637574936183076,0.1637574936183076,0.1637574936183076,0.1637574936183076,0.1637574936183076,0.1637574936183076,0.1637574936183076,0.1637574936183076,0.1637574936183076,0.1637574936183076,0.1637574936183076,0.1637574936183076,0.1637574936183076,0.1637574936183076,0.1637574936183076,0.1637574936183076,0.1637574936183076,0.1637574936183076,0.1637574936183076,0.1637574936183076,0.1637574936183076,0.1637574936183076,0.1637574936183076,0.1637574936183076,0.16221388383968077,0.16221388383968055,0.16221388383968055,0.16221388383968055,0.16221388383968077,0.16221388383968055,0.16221388383968055,0.16221388383968055,0.16221388383968055,0.16221388383968055,0.16221388383968055,0.16221388383968055,0.16221388383968033,0.16221388383968055,0.16221388383968055,0.16221388383968055,0.16221388383968055,0.16221388383968055,0.16221388383968055,0.16221388383968055,0.16221388383968077,0.16221388383968055,0.16221388383968055,0.16221388383968055,0.16221388383968077,0.16070106694951278,0.16070106694951256,0.16070106694951256,0.16070106694951256,0.16070106694951278,0.16070106694951256,0.16070106694951233,0.16070106694951233,0.16070106694951233,0.16070106694951256,0.16070106694951256,0.16070106694951233,0.1607010669495121,0.16070106694951233,0.16070106694951256,0.16070106694951256,0.16070106694951233,0.16070106694951233,0.16070106694951233,0.16070106694951256,0.16070106694951278,0.16070106694951256,0.16070106694951256,0.16070106694951256,0.16070106694951278,0.1592184513227795,0.15921845132277865,0.1592184513227782,0.15921845132277865,0.1592184513227795,0.15921845132277865,0.159218451322778,0.1592184513227776,0.159218451322778,0.15921845132277865,0.1592184513227782,0.1592184513227776,0.1592184513227769,0.1592184513227776,0.1592184513227782,0.15921845132277865,0.159218451322778,0.1592184513227776,0.159218451322778,0.15921845132277865,0.1592184513227795,0.15921845132277865,0.1592184513227782,0.15921845132277865,0.1592184513227795,0.15776544610424958,0.15776544610424745,0.15776544610424595,0.15776544610424745,0.15776544610424958,0.15776544610424745,0.1577654461042451,0.1577654461042436,0.1577654461042451,0.15776544610424745,0.15776544610424595,0.1577654461042436,0.15776544610424234,0.1577654461042436,0.15776544610424595,0.15776544610424745,0.1577654461042451,0.1577654461042436,0.1577654461042451,0.15776544610424745,0.15776544610424958,0.15776544610424745,0.15776544610424595,0.15776544610424745,0.15776544610424958,0.1563414624228114,0.15634146242280494,0.15634146242280075,0.15634146242280494,0.1563414624228114,0.15634146242280494,0.15634146242279803,0.15634146242279365,0.15634146242279803,0.15634146242280494,0.15634146242280075,0.15634146242279365,0.15634146242278926,0.15634146242279365,0.15634146242280075,0.15634146242280494,0.15634146242279803,0.15634146242279365,0.15634146242279803,0.15634146242280494,0.1563414624228114,0.15634146242280494,0.15634146242280075,0.15634146242280494,0.1563414624228114,0.15494591447853684,0.15494591447851697,0.15494591447850445,0.15494591447851697,0.15494591447853684,0.15494591447851697,0.15494591447849604,0.15494591447848274,0.15494591447849604,0.15494591447851697,0.15494591447850445,0.15494591447848274,0.154945914478469,0.15494591447848274,0.15494591447850445,0.15494591447851697,0.15494591447849604,0.15494591447848274,0.15494591447849604,0.15494591447851697,0.15494591447853684,0.15494591447851697,0.15494591447850445,0.15494591447851697,0.15494591447853684,0.15357822051219777,0.15357822051213874,0.15357822051210135,0.15357822051213874,0.15357822051219777,0.15357822051213874,0.15357822051207484,0.15357822051203388,0.15357822051207484,0.15357822051213874,0.15357822051210135,0.15357822051203388,0.1535782205119903,0.15357822051203388,0.15357822051210135,0.15357822051213874,0.15357822051207484,0.15357822051203388,0.15357822051207484,0.15357822051213874,0.15357822051219777,0.15357822051213874,0.15357822051210135,0.15357822051213874,0.15357822051219777,0.15223780366640197,0.15223780366622974,0.1522378036661183,0.15223780366622974,0.15223780366640197,0.15223780366622974,0.15223780366603504,0.1522378036659073,0.15223780366603504,0.15223780366622974,0.1522378036661183,0.1522378036659073,0.15223780366576717,0.1522378036659073,0.1522378036661183,0.15223780366622974,0.15223780366603504,0.1522378036659073,0.15223780366603504,0.15223780366622974,0.15223780366640197,0.15223780366622974,0.1522378036661183,0.15223780366622974,0.15223780366640197,0.1509240927469966,0.15092409274650276,0.15092409274617383,0.15092409274650276,0.1509240927469966,0.15092409274650276,0.150924092745913,0.1509240927455086,0.150924092745913,0.15092409274650276,0.15092409274617383,0.1509240927455086,0.15092409274504004,0.1509240927455086,0.15092409274617383,0.15092409274650276,0.150924092745913,0.1509240927455086,0.150924092745913,0.15092409274650276,0.1509240927469966,0.15092409274650276,0.15092409274617383,0.15092409274650276,0.1509240927469966,0.14963652289292115,0.14963652289154913,0.14963652289058954,0.14963652289154913,0.14963652289292115,0.14963652289154913,0.14963652288977816,0.14963652288847068,0.14963652288977816,0.14963652289154913,0.14963652289058954,0.14963652288847068,0.14963652288681656,0.14963652288847068,0.14963652289058954,0.14963652289154913,0.14963652288977816,0.14963652288847068,0.14963652288977816,0.14963652289154913,0.14963652289292115,0.14963652289154913,0.14963652289058954,0.14963652289154913,0.14963652289292115,0.1483745361623625,0.1483745361587041,0.14837453615596827,0.1483745361587041,0.1483745361623625,0.1483745361587041,0.14837453615349339,0.14837453614915758,0.14837453615349339,0.1483745361587041,0.14837453615596827,0.14837453614915758,0.1483745361428332,0.14837453614915758,0.14837453615596827,0.1483745361587041,0.14837453615349339,0.14837453614915758,0.14837453615349339,0.1483745361587041,0.1483745361623625,0.1483745361587041,0.14837453615596827,0.1483745361587041,0.1483745361623625,0.1471375820430677,0.147137582033859,0.1471375820262904,0.147137582033859,0.1471375820430677,0.147137582033859,0.14713758201909843,0.1471375820044245,0.14713758201909843,0.147137582033859,0.1471375820262904,0.1471375820044245,0.14713758197753474,0.1471375820044245,0.1471375820262904,0.147137582033859,0.14713758201909843,0.1471375820044245,0.14713758201909843,0.147137582033859,0.1471375820430677,0.147137582033859,0.1471375820262904,0.147137582033859,0.1471375820430677,0.14592511789376797,0.1459251178734462,0.14592511785423026,0.1459251178734462,0.14592511789376797,0.1459251178734462,0.1459251178352447,0.14592511778639902,0.1459251178352447,0.1459251178734462,0.14592511785423026,0.14592511778639902,0.14592511765703794,0.14592511778639902,0.14592511785423026,0.1459251178734462,0.1459251178352447,0.14592511778639902,0.1459251178352447,0.1459251178734462,0.14592511789376797,0.1459251178734462,0.14592511785423026,0.1459251178734462,0.14592511789376797,0.1447366093225842,0.1447366092873129,0.14473660924831813,0.1447366092873129,0.1447366093225842,0.1447366092873129,0.14473660920855463,0.14473660906797203,0.14473660920855463,0.1447366092873129,0.14473660924831813,0.14473660906797203,0.14473660836282473,0.14473660906797203,0.14473660924831813,0.1447366092873129,0.14473660920855463,0.14473660906797203,0.14473660920855463,0.1447366092873129,0.1447366093225842,0.1447366092873129,0.14473660924831813,0.1447366092873129,0.1447366093225842,0.14357153049838783,0.14357153046028284,0.14357153042176005,0.14357153046028284,0.14357153049838783,0.14357153046028284,0.14357153038292117,0.14357153026884772,0.14357153038292117,0.14357153046028284,0.14357153042176005,0.14357153026884772,0.14357152984689425,0.14357153026884772,0.14357153042176005,0.14357153046028284,0.14357153038292117,0.14357153026884772,0.14357153038292117,0.14357153046028268,0.14357153049838783,0.14357153046028284,0.14357153042176005,0.14357153046028268,0.14357153049838783,0.14242936437930157,0.14242936433992043,0.14242936429987166,0.14242936433992043,0.14242936437930157,0.14242936433992043,0.14242936425941724,0.14242936413851098,0.14242936425941724,0.14242936433992043,0.14242936429987166,0.14242936413851098,0.1424293636650036,0.14242936413851098,0.14242936429987166,0.14242936433992043,0.14242936425941724,0.14242936413851098,0.14242936425941724,0.14242936433992043,0.14242936437930157,0.14242936433992043,0.14242936429987166,0.14242936433992043,0.14242936437930157,0.14130960294707529,0.14130960290886166,0.14130960286733438,0.14130960290886166,0.14130960294707529,0.14130960290886166,0.14130960282474317,0.14130960268601214,0.14130960282474317,0.14130960290886166,0.14130960286733438,0.14130960268601214,0.1413096020897492,0.14130960268601214,0.14130960286733438,0.14130960290886166,0.14130960282474317,0.14130960268601214,0.14130960282474317,0.14130960290886166,0.14130960294707529,0.14130960290886166,0.14130960286733438,0.14130960290886166,0.14130960294707529,0.1402117473741281,0.1402117473484386,0.1402117473165776,0.1402117473484386,0.1402117473741281,0.1402117473484386,0.14021174728311117,0.1402117471554168,0.14021174728311117,0.1402117473484386,0.1402117473165776,0.1402117471554168,0.1402117465010939,0.1402117471554168,0.1402117473165776,0.1402117473484386,0.14021174728311117,0.1402117471554168,0.14021174728311117,0.1402117473484386,0.1402117473741281,0.1402117473484386,0.1402117473165776,0.1402117473484386,0.1402117473741281,0.13913530813420638,0.13913530814195796,0.13913530814664976,0.13913530814195796,0.13913530813420638,0.13913530814195796,0.1391353081505874,0.13913530815069935,0.1391353081505874,0.13913530814195796,0.13913530814664976,0.13913530815069935,0.13913530811866096,0.13913530815069935,0.13913530814664976,0.13913530814195796,0.1391353081505874,0.13913530815069935,0.1391353081505874,0.13913530814195796,0.13913530813420638,0.13913530814195796,0.13913530814664976,0.13913530814195796,0.13913530813420638,0.13807980507556036,0.13807980512742637,0.13807980518038185,0.13807980512742637,0.13807980507556036,0.13807980512742637,0.1380798052342668,0.13807980538366083,0.1380798052342668,0.13807980512742637,0.13807980518038185,0.13807980538366083,0.13807980581173368,0.13807980538366083,0.13807980518038185,0.13807980512742637,0.1380798052342668,0.13807980538366083,0.1380798052342668,0.13807980512742637,0.13807980507556036,0.13807980512742637,0.13807980518038185,0.13807980512742637,0.13807980507556036,0.13704476750241018,0.13704476759462642,0.13704476770736837,0.13704476759462642,0.13704476750241018,0.13704476759462642,0.1370447678244977,0.1370447682892994,0.1370447678244977,0.13704476759462642,0.13704476770736837,0.1370447682892994,0.13704477087432715,0.1370447682892994,0.13704476770736837,0.13704476759462642,0.1370447678244977,0.1370447682892994,0.1370447678244977,0.13704476759462642,0.13704476750241018,0.13704476759462642,0.13704476770736837,0.13704476759462642,0.13704476750241018,0.1360297342362158,0.13602973430125856,0.1360297343651436,0.13602973430125856,0.1360297342362158,0.13602973430125856,0.13602973442932106,0.1360297346011133,0.13602973442932106,0.13602973430125856,0.1360297343651436,0.1360297346011133,0.1360297350787668,0.1360297346011133,0.1360297343651436,0.13602973430125856,0.13602973442932106,0.1360297346011133,0.13602973442932106,0.13602973430125856,0.1360297342362158,0.13602973430125856,0.1360297343651436,0.13602973430125856,0.1360297342362158,0.1350342537529723,0.13503425379384887,0.13503425382764672,0.13503425379384887,0.1350342537529723,0.13503425379384887,0.1350342538597646,0.13503425392521895,0.1350342538597646,0.13503425379384887,0.13503425382764672,0.13503425392521895,0.13503425404439534,0.13503425392521895,0.13503425382764672,0.13503425379384887,0.1350342538597646,0.13503425392521895,0.1350342538597646,0.13503425379384887,0.1350342537529723,0.13503425379384887,0.13503425382764672,0.13503425379384887,0.1350342537529723
0.1653324873072122,0.16533248730721198,0.16533248730721198,0.16533248730721198,0.1653324873072122,0.16533248730721198,0.16533248730721198,0.16533248730721198,0.16533248730721198,0.16533248730721198,0.16533248730721198,0.16533248730721198,0.16533248730721198,0.16533248730721198,0.16533248730721198,0.16533248730721198,0.16533248730721198,0.16533248730721198,0.16533248730721198,0.16533248730721198,0.1653324873072122,0.16533248730721198,0.16533248730721198,0.16533248730721198,0.16533248730721198,0.16375749359781822,0.16375749359781822,0.16375749359781822,0.16375749359781822,0.16375749359781822,0.16375749359781822,0.16375749359781822,0.16375749359781822,0.16375749359781822,0.16375749359781822,0.16375749359781822,0.16375749359781822,0.16375749359781822,0.16375749359781822,0.16375749359781822,0.16375749359781822,0.16375749359781822,0.16375749359781822,0.16375749359781822,0.16375749359781822,0.16375749359781822,0.16375749359781822,0.16375749359781822,0.16375749359781822,0.16375749359781822,0.16221388382004306,0.16221388382004306,0.16221388382004287,0.16221388382004306,0.16221388382004306,0.16221388382004306,0.16221388382004287,0.16221388382004287,0.16221388382004287,0.16221388382004306,0.16221388382004287,0.16221388382004287,0.16221388382004287,0.16221388382004287,0.16221388382004287,0.16221388382004306,0.16221388382004287,0.16221388382004287,0.16221388382004287,0.16221388382004306,0.16221388382004306,0.16221388382004306,0.16221388382004287,0.16221388382004306,0.16221388382004306,0.16070106693092434,0.16070106693092415,0.1607010669309239,0.16070106693092415,0.16070106693092434,0.16070106693092415,0.1607010669309239,0.1607010669309237,0.1607010669309239,0.16070106693092415,0.1607010669309239,0.1607010669309237,0.1607010669309237,0.1607010669309237,0.1607010669309239,0.16070106693092415,0.1607010669309239,0.1607010669309237,0.1607010669309239,0.16070106693092415,0.16070106693092434,0.16070106693092415,0.1607010669309239,0.16070106693092415,0.16070106693092434,0.15921845130543946,0.15921845130543882,0.15921845130543838,0.15921845130543882,0.15921845130543946,0.15921845130543882,0.15921845130543816,0.15921845130543752,0.15921845130543816,0.15921845130543882,0.15921845130543838,0.15921845130543752,0.15921845130543708,0.15921845130543752,0.15921845130543838,0.15921845130543882,0.15921845130543816,0.15921845130543752,0.15921845130543816,0.15921845130543882,0.15921845130543946,0.15921845130543882,0.15921845130543838,0.15921845130543882,0.15921845130543946,0.15776544608835727,0.15776544608835513,0.15776544608835363,0.15776544608835513,0.15776544608835727,0.15776544608835513,0.1577654460883528,0.1577654460883515,0.1577654460883528,0.15776544608835513,0.15776544608835363,0.1577654460883515,0.15776544608835003,0.1577654460883515,0.15776544608835363,0.15776544608835513,0.1577654460883528,0.1577654460883515,0.1577654460883528,0.15776544608835513,0.15776544608835727,0.15776544608835513,0.15776544608835363,0.15776544608835513,0.15776544608835727,0.1563414624085618,0.15634146240855534,0.15634146240855115,0.15634146240855534,0.1563414624085618,0.15634146240855534,0.15634146240854843,0.15634146240854427,0.15634146240854843,0.15634146240855534,0.15634146240855115,0.15634146240854427,0.15634146240853986,0.15634146240854427,0.15634146240855115,0.15634146240855534,0.15634146240854843,0.15634146240854427,0.15634146240854843,0.15634146240855534,0.1563414624085618,0.15634146240855534,0.15634146240855115,0.15634146240855534,0.1563414624085618,0.15494591446611775,0.1549459144660983,0.1549459144660858,0.1549459144660983,0.15494591446611775,0.1549459144660983,0.15494591446607742,0.1549459144660643,0.15494591446607742,0.1549459144660983,0.1549459144660858,0.1549459144660643,0.15494591446605055,0.1549459144660643,0.1549459144660858,0.1549459144660983,0.15494591446607742,0.1549459144660643,0.15494591446607742,0.15494591446609807,0.15494591446611775,0.1549459144660983,0.1549459144660858,0.15494591446609807,0.15494591446611775,0.15357822050178568,0.1535782205017278,0.15357822050169087,0.1535782205017278,0.15357822050178568,0.1535782205017278,0.15357822050166434,0.15357822050162379,0.15357822050166434,0.1535782205017278,0.15357822050169087,0.15357822050162379,0.1535782205015808,0.15357822050162379,0.15357822050169087,0.1535782205017278,0.15357822050166434,0.15357822050162379,0.15357822050166434,0.1535782205017278,0.15357822050178568,0.1535782205017278,0.15357822050169087,0.1535782205017278,0.15357822050178568,0.15223780365815734,0.15223780365798828,0.15223780365787845,0.15223780365798828,0.15223780365815734,0.15223780365798828,0.15223780365779577,0.152237803657669,0.15223780365779577,0.15223780365798828,0.15223780365787845,0.152237803657669,0.15223780365752965,0.152237803657669,0.15223780365787845,0.15223780365798828,0.15223780365779577,0.152237803657669,0.15223780365779577,0.15223780365798828,0.15223780365815734,0.15223780365798828,0.15223780365787845,0.15223780365798828,0.15223780365815734,0.15092409274105661,0.15092409274057353,0.15092409274024926,0.15092409274057353,0.15092409274105661,0.15092409274057353,0.15092409273998977,0.15092409273958812,0.15092409273998977,0.15092409274057353,0.15092409274024926,0.15092409273958812,0.15092409273912125,0.15092409273958812,0.15092409274024926,0.15092409274057353,0.15092409273998977,0.15092409273958812,0.15092409273998977,0.15092409274057353,0.15092409274105661,0.15092409274057353,0.15092409274024926,0.15092409274057353,0.15092409274105661,0.14963652288940435,0.14963652288805146,0.14963652288710566,0.14963652288805146,0.14963652288940435,0.14963652288805146,0.14963652288629695,0.14963652288499474,0.14963652288629695,0.14963652288805146,0.14963652288710566,0.14963652288499474,0.1496365228833431,0.14963652288499474,0.14963652288710566,0.14963652288805146,0.14963652288629695,0.14963652288499474,0.14963652288629695,0.14963652288805146,0.14963652288940435,0.14963652288805146,0.14963652288710566,0.14963652288805146,0.14963652288940435,0.14837453616143456,0.14837453615776316,0.14837453615503585,0.14837453615776316,0.14837453616143456,0.14837453615776316,0.14837453615256838,0.1483745361482339,0.14837453615256838,0.14837453615776316,0.14837453615503585,0.1483745361482339,0.1483745361419073,0.1483745361482339,0.14837453615503585,0.14837453615776316,0.14837453615256838,0.1483745361482339,0.14837453615256838,0.14837453615776316,0.14837453616143456,0.14837453615776316,0.14837453615503585,0.14837453615776316,0.14837453616143456,0.14713758204481597,0.14713758203559107,0.14713758202799382,0.14713758203559107,0.14713758204481597,0.14713758203559107,0.14713758202081653,0.14713758200612648,0.14713758202081653,0.14713758203559107,0.14713758202799382,0.14713758200612648,0.14713758197920798,0.14713758200612648,0.14713758202799382,0.14713758203559107,0.14713758202081653,0.14713758200612648,0.14713758202081653,0.14713758203559107,0.14713758204481597,0.14713758203559107,0.14713758202799382,0.14713758203559107,0.14713758204481597,0.14592511789824664,0.14592511787789852,0.14592511785866066,0.14592511787789852,0.14592511789824664,0.14592511787789852,0.14592511783963183,0.14592511779074452,0.14592511783963183,0.14592511787789852,0.14592511785866066,0.14592511779074452,0.14592511766122154,0.14592511779074452,0.14592511785866066,0.14592511787789852,0.14592511783963183,0.14592511779074452,0.14592511783963183,0.14592511787789852,0.14592511789824664,0.14592511787789852,0.14592511785866066,0.14592511787789852,0.14592511789824664,0.14473660932982402,0.14473660929452514,0.14473660925549403,0.14473660929452514,0.14473660932982402,0.14473660929452514,0.14473660921568796,0.14473660907493324,0.14473660921568796,0.14473660929452514,0.14473660925549403,0.14473660907493324,0.14473660836885857,0.14473660907493324,0.14473660925549403,0.14473660929452514,0.14473660921568796,0.14473660907493324,0.14473660921568796,0.14473660929452514,0.14473660932982402,0.14473660929452514,0.14473660925549403,0.14473660929452514,0.14473660932982402,0.14357153050837088,0.14357153047027124,0.14357153043175525,0.14357153047027124,0.14357153050837088,0.14357153047027124,0.14357153039292272,0.14357153027888367,0.14357153039292272,0.14357153047027124,0.14357153043175525,0.14357153027888367,0.14357152985719884,0.14357153027888367,0.14357153043175525,0.14357153047027124,0.14357153039292272,0.14357153027888367,0.14357153039292272,0.14357153047027124,0.14357153050837088,0.14357153047027124,0.14357153043175525,0.14357153047027124,0.14357153050837088,0.14242936439188614,0.14242936435253906,0.14242936431252853,0.14242936435253906,0.14242936439188614,0.14242936435253906,0.1424293642721134,0.1424293641513395,0.1424293642721134,0.14242936435253906,0.14242936431252853,0.1424293641513395,0.14242936367839742,0.1424293641513395,0.14242936431252853,0.14242936435253906,0.1424293642721134,0.1424293641513395,0.1424293642721134,0.14242936435253906,0.14242936439188614,0.14242936435253906,0.14242936431252853,0.14242936435253906,0.14242936439188614,0.14130960296200334,0.1413096029238397,0.14130960288236835,0.1413096029238397,0.14130960296200334,0.1413096029238397,0.1413096028398347,0.14130960270129644,0.1413096028398347,0.1413096029238397,0.14130960288236835,0.14130960270129644,0.1413096021058543,0.14130960270129644,0.14130960288236835,0.1413096029238397,0.1413096028398347,0.14130960270129644,0.1413096028398347,0.1413096029238397,0.14130960296200334,0.1413096029238397,0.14130960288236835,0.1413096029238397,0.14130960296200334,0.14021174739105144,0.14021174736540803,0.1402117473336009,0.14021174736540803,0.14021174739105144,0.14021174736540803,0.14021174730019043,0.1402117471726997,0.14021174730019043,0.14021174736540803,0.1402117473336009,0.1402117471726997,0.14021174651942367,0.1402117471726997,0.1402117473336009,0.14021174736540803,0.14021174730019043,0.1402117471726997,0.14021174730019043,0.14021174736540803,0.14021174739105144,0.14021174736540803,0.1402117473336009,0.14021174736540803,0.14021174739105144,0.13913530815272762,0.13913530816049516,0.13913530816520325,0.13913530816049516,0.13913530815272762,0.13913530816049516,0.13913530816915765,0.13913530816931685,0.13913530816915765,0.13913530816049516,0.13913530816520325,0.13913530816931685,0.13913530813741795,0.13913530816931685,0.13913530816520325,0.13913530816049516,0.13913530816915765,0.13913530816931685,0.13913530816915765,0.13913530816049516,0.13913530815272762,0.13913530816049516,0.13913530816520325,0.13913530816049516,0.13913530815272762,0.1380798050952897,0.13807980514713866,0.13807980520007487,0.13807980514713866,0.1380798050952897,0.13807980514713866,0.13807980525393984,0.1380798054032726,0.13807980525393984,0.13807980514713866,0.13807980520007487,0.1380798054032726,0.13807980583115184,0.1380798054032726,0.13807980520007487,0.13807980514713866,0.13807980525393984,0.1380798054032726,0.13807980525393984,0.13807980514713866,0.1380798050952897,0.13807980514713866,0.13807980520007487,0.13807980514713866,0.1380798050952897,0.13704476752297529,0.1370447676151488,0.13704476772783675,0.1370447676151488,0.13704476752297529,0.1370447676151488,0.13704476784491046,0.1370447683094847,0.13704476784491046,0.1370447676151488,0.13704476772783675,0.1370447683094847,0.13704477089318892,0.1370447683094847,0.13704476772783675,0.1370447676151488,0.13704476784491046,0.1370447683094847,0.13704476784491046,0.1370447676151488,0.13704476752297529,0.1370447676151488,0.13704476772783675,0.1370447676151488,0.13704476752297529,0.13602973425725456,0.13602973432226512,0.13602973438611735,0.13602973432226512,0.13602973425725456,0.13602973432226512,0.13602973445026453,0.1360297346219633,0.13602973445026453,0.13602973432226512,0.13602973438611735,0.1360297346219633,0.13602973509937047,0.1360297346219633,0.13602973438611735,0.13602973432226512,0.13602973445026453,0.1360297346219633,0.13602973445026453,0.13602973432226512,0.13602973425725456,0.13602973432226512,0.13602973438611735,0.13602973432226512,0.13602973425725456,0.13503425377406744,0.1350342538149213,0.13503425384870044,0.1350342538149213,0.13503425377406744,0.1350342538149213,0.13503425388079685,0.13503425394621435,0.13503425388079685,0.1350342538149213,0.13503425384870044,0.13503425394621435,0.13503425406532668,0.13503425394621435,0.13503425384870044,0.1350342538149213,0.13503425388079685,0.13503425394621435,0.13503425388079685,0.1350342538149213,0.13503425377406744,0.1350342538149213,0.13503425384870044,0.1350342538149213,0.13503425377406744
0.16533248730042877,0.16533248730042877,0.16533248730042852,0.16533248730042877,0.16533248730042877,0.16533248730042877,0.16533248730042852,0.16533248730042852,0.16533248730042852,0.16533248730042852,0.16533248730042852,0.16533248730042852,0.16533248730042852,0.16533248730042852,0.16533248730042852,0.16533248730042877,0.16533248730042852,0.16533248730042852,0.16533248730042852,0.16533248730042852,0.16533248730042877,0.16533248730042852,0.16533248730042852,0.16533248730042852,0.16533248730042877,0.1637574935912499,0.1637574935912499,0.1637574935912499,0.1637574935912499,0.1637574935912499,0.1637574935912499,0.1637574935912499,0.16375749359124964,0.1637574935912499,0.1637574935912499,0.1637574935912499,0.16375749359124964,0.16375749359124964,0.16375749359124964,0.1637574935912499,0.1637574935912499,0.1637574935912499,0.16375749359124964,0.1637574935912499,0.1637574935912499,0.1637574935912499,0.1637574935912499,0.1637574935912499,0.1637574935912499,0.1637574935912499,0.16221388381375418,0.16221388381375393,0.16221388381375393,0.16221388381375393,0.16221388381375418,0.16221388381375393,0.16221388381375393,0.16221388381375393,0.16221388381375393,0.16221388381375393,0.16221388381375393,0.16221388381375393,0.16221388381375373,0.16221388381375393,0.16221388381375393,0.16221388381375393,0.16221388381375393,0.16221388381375393,0.16221388381375393,0.16221388381375393,0.16221388381375418,0.16221388381375393,0.16221388381375393,0.16221388381375393,0.16221388381375418,0.16070106692498065,0.16070106692498043,0.1607010669249802,0.16070106692498043,0.16070106692498065,0.16070106692498043,0.1607010669249802,0.16070106692497999,0.1607010669249802,0.16070106692498043,0.1607010669249802,0.16070106692497999,0.16070106692497976,0.16070106692497999,0.1607010669249802,0.16070106692498043,0.1607010669249802,0.16070106692497999,0.1607010669249802,0.16070106692498043,0.16070106692498065,0.16070106692498043,0.1607010669249802,0.16070106692498043,0.16070106692498065,0.1592184512999075,0.15921845129990664,0.1592184512999062,0.15921845129990664,0.1592184512999075,0.15921845129990664,0.15921845129990597,0.15921845129990556,0.15921845129990597,0.15921845129990664,0.1592184512999062,0.15921845129990556,0.1592184512999051,0.15921845129990556,0.1592184512999062,0.15921845129990664,0.15921845129990597,0.15921845129990556,0.15921845129990597,0.15921845129990664,0.1592184512999075,0.15921845129990664,0.1592184512999062,0.15921845129990664,0.1592184512999075,0.15776544608330278,0.15776544608330068,0.1577654460832994,0.15776544608330068,0.15776544608330278,0.15776544608330068,0.15776544608329854,0.15776544608329704,0.15776544608329854,0.15776544608330068,0.1577654460832994,0.15776544608329704,0.15776544608329576,0.15776544608329704,0.1577654460832994,0.15776544608330068,0.15776544608329854,0.15776544608329704,0.15776544608329854,0.15776544608330068,0.15776544608330278,0.15776544608330068,0.1577654460832994,0.15776544608330068,0.15776544608330278,0.15634146240404995,0.15634146240404345,0.15634146240403948,0.15634146240404345,0.15634146240404995,0.15634146240404345,0.15634146240403674,0.15634146240403257,0.15634146240403674,0.15634146240404345,0.15634146240403948,0.15634146240403257,0.1563414624040282,0.15634146240403257,0.15634146240403948,0.15634146240404345,0.15634146240403674,0.15634146240403257,0.15634146240403674,0.15634146240404345,0.15634146240404995,0.15634146240404345,0.15634146240403948,0.15634146240404345,0.15634146240404995,0.15494591446221012,0.15494591446219086,0.15494591446217879,0.15494591446219086,0.15494591446221012,0.15494591446219086,0.15494591446217035,0.15494591446215744,0.15494591446217035,0.15494591446219086,0.15494591446217879,0.15494591446215744,0.15494591446214395,0.15494591446215744,0.15494591446217879,0.15494591446219086,0.15494591446217035,0.15494591446215744,0.15494591446217035,0.15494591446219086,0.15494591446221012,0.15494591446219086,0.15494591446217879,0.15494591446219086,0.15494591446221012,0.15357822049854003,0.1535782204984834,0.15357822049844705,0.1535782204984834,0.15357822049854003,0.1535782204984834,0.15357822049842074,0.15357822049838057,0.15357822049842074,0.1535782204984834,0.15357822049844705,0.15357822049838057,0.1535782204983378,0.15357822049838057,0.15357822049844705,0.1535782204984834,0.15357822049842074,0.15357822049838057,0.15357822049842074,0.1535782204984834,0.15357822049854003,0.1535782204984834,0.15357822049844705,0.1535782204984834,0.15357822049854003,0.15223780365562445,0.15223780365545947,0.15223780365535158,0.15223780365545947,0.15223780365562445,0.15223780365545947,0.15223780365526915,0.15223780365514353,0.15223780365526915,0.15223780365545947,0.15223780365535158,0.15223780365514353,0.15223780365500497,0.15223780365514353,0.15223780365535158,0.15223780365545947,0.15223780365526915,0.15223780365514353,0.15223780365526915,0.15223780365545947,0.15223780365562445,0.15223780365545947,0.15223780365535158,0.15223780365545947,0.15223780365562445,0.15092409273928425,0.150924092738807,0.1509240927384877,0.150924092738807,0.15092409273928425,0.150924092738807,0.15092409273822918,0.15092409273782945,0.15092409273822918,0.150924092738807,0.1509240927384877,0.15092409273782945,0.15092409273736396,0.15092409273782945,0.1509240927384877,0.150924092738807,0.15092409273822918,0.15092409273782945,0.15092409273822918,0.150924092738807,0.15092409273928425,0.150924092738807,0.1509240927384877,0.150924092738807,0.15092409273928425,0.14963652288845156,0.14963652288709584,0.149636522886154,0.14963652288709584,0.14963652288845156,0.14963652288709584,0.14963652288534773,0.14963652288404725,0.14963652288534773,0.14963652288709584,0.149636522886154,0.14963652288404725,0.14963652288239693,0.14963652288404725,0.149636522886154,0.14963652288709584,0.14963652288534773,0.14963652288404725,0.14963652288534773,0.14963652288709584,0.14963652288845156,0.14963652288709584,0.149636522886154,0.14963652288709584,0.14963652288845156,0.1483745361613369,0.1483745361576629,0.14837453615492707,0.1483745361576629,0.1483745361613369,0.1483745361576629,0.14837453615246868,0.14837453614813287,0.14837453615246868,0.1483745361576629,0.14837453615492707,0.14837453614813287,0.14837453614180554,0.14837453614813287,0.14837453615492707,0.1483745361576629,0.14837453615246868,0.14837453614813287,0.14837453615246868,0.1483745361576629,0.1483745361613369,0.1483745361576629,0.14837453615492707,0.1483745361576629,0.1483745361613369,0.1471375820455969,0.1471375820363686,0.147137582028768,0.1471375820363686,0.1471375820455969,0.1471375820363686,0.14713758202158878,0.14713758200689453,0.14713758202158878,0.1471375820363686,0.147137582028768,0.14713758200689453,0.14713758197996749,0.14713758200689453,0.147137582028768,0.1471375820363686,0.14713758202158878,0.14713758200689453,0.14713758202158878,0.1471375820363686,0.1471375820455969,0.1471375820363686,0.147137582028768,0.1471375820363686,0.1471375820455969,0.14592511789991758,0.14592511787956358,0.14592511786032145,0.14592511787956358,0.14592511789991758,0.14592511787956358,0.14592511784127857,0.1459251177923818,0.14592511784127857,0.14592511787956358,0.14592511786032145,0.1459251177923818,0.14592511766281452,0.1459251177923818,0.14592511786032145,0.14592511787956358,0.14592511784127857,0.1459251177923818,0.14592511784127857,0.14592511787956358,0.14592511789991758,0.14592511787956358,0.14592511786032145,0.14592511787956358,0.14592511789991758,0.14473660933238797,0.1447366092970851,0.14473660925804685,0.1447366092970851,0.14473660933238797,0.1447366092970851,0.14473660921823117,0.1447366090774321,0.14473660921823117,0.1447366092970851,0.14473660925804685,0.1447366090774321,0.14473660837111219,0.1447366090774321,0.14473660925804685,0.1447366092970851,0.14473660921823117,0.1447366090774321,0.14473660921823117,0.1447366092970851,0.14473660933238797,0.1447366092970851,0.14473660925804685,0.1447366092970851,0.14473660933238797,0.14357153051180854,0.1435715304737202,0.14357153043521514,0.1435715304737202,0.14357153051180854,0.1435715304737202,0.1435715303963929,0.14357153028238515,0.1435715303963929,0.1435715304737202,0.14357153043521514,0.14357153028238515,0.14357152986081992,0.14357153028238515,0.14357153043521514,0.1435715304737202,0.1435715303963929,0.14357153028238515,0.1435715303963929,0.1435715304737202,0.14357153051180854,0.1435715304737202,0.14357153043521514,0.1435715304737202,0.14357153051180854,0.14242936439612908,0.14242936435681053,0.1424293643168302,0.14242936435681053,0.14242936439612908,0.14242936435681053,0.14242936427644556,0.14242936415576746,0.14242936427644556,0.14242936435681053,0.1424293643168302,0.14242936415576746,0.14242936368323053,0.14242936415576746,0.1424293643168302,0.14242936435681053,0.14242936427644556,0.14242936415576746,0.14242936427644556,0.14242936435681053,0.14242936439612908,0.14242936435681053,0.1424293643168302,0.14242936435681053,0.14242936439612908,0.1413096029669291,0.14130960292880626,0.1413096028873803,0.14130960292880626,0.1413096029669291,0.14130960292880626,0.1413096028448937,0.14130960270651166,0.1413096028448937,0.14130960292880626,0.1413096028873803,0.14130960270651166,0.14130960211177473,0.14130960270651166,0.1413096028873803,0.14130960292880626,0.1413096028448937,0.14130960270651166,0.1413096028448937,0.14130960292880626,0.1413096029669291,0.14130960292880626,0.1413096028873803,0.14130960292880626,0.1413096029669291,0.1402117473964934,0.14021174737088754,0.14021174733912542,0.14021174737088754,0.1402117473964934,0.14021174737088754,0.14021174730576205,0.14021174717844773,0.14021174730576205,0.14021174737088754,0.14021174733912542,0.14021174717844773,0.14021174652606164,0.14021174717844773,0.14021174733912542,0.14021174737088754,0.14021174730576205,0.14021174717844773,0.14021174730576205,0.14021174737088754,0.1402117473964934,0.14021174737088754,0.14021174733912542,0.14021174737088754,0.1402117473964934,0.13913530815850672,0.1391353081662833,0.139135308171002,0.1391353081662833,0.13913530815850672,0.1391353081662833,0.1391353081749673,0.13913530817516112,0.1391353081749673,0.1391353081662833,0.139135308171002,0.13913530817516112,0.13913530814337274,0.13913530817516112,0.139135308171002,0.1391353081662833,0.1391353081749673,0.13913530817516112,0.1391353081749673,0.1391353081662833,0.13913530815850672,0.1391353081662833,0.139135308171002,0.1391353081662833,0.13913530815850672,0.1380798051012681,0.13807980515309254,0.13807980520600258,0.1380798051530924,0.1380798051012681,0.13807980515309254,0.1380798052598407,0.13807980540909473,0.1380798052598407,0.1380798051530924,0.13807980520600258,0.13807980540909473,0.1380798058367372,0.13807980540909473,0.13807980520600258,0.1380798051530924,0.1380798052598407,0.13807980540909473,0.1380798052598407,0.1380798051530924,0.1380798051012681,0.1380798051530924,0.13807980520600258,0.1380798051530924,0.1380798051012681,0.13704476752906813,0.13704476762118967,0.13704476773381252,0.13704476762118967,0.13704476752906813,0.13704476762118967,0.13704476785081857,0.13704476831512036,0.13704476785081857,0.13704476762118967,0.13704476773381252,0.13704476831512036,0.1370447708972855,0.13704476831512036,0.13704476773381252,0.13704476762118967,0.13704476785081857,0.13704476831512036,0.13704476785081857,0.13704476762118967,0.13704476752906813,0.13704476762118967,0.13704476773381252,0.13704476762118967,0.13704476752906813,0.1360297342634219,0.13602973432839455,0.13602973439220908,0.13602973432839455,0.1360297342634219,0.13602973432839455,0.13602973445631902,0.13602973462791398,0.13602973445631902,0.13602973432839455,0.13602973439220908,0.13602973462791398,0.13602973510503608,0.13602973462791398,0.13602973439220908,0.13602973432839455,0.13602973445631902,0.13602973462791398,0.13602973445631902,0.13602973432839455,0.1360297342634219,0.13602973432839455,0.13602973439220908,0.13602973432839455,0.1360297342634219,0.1350342537802298,0.13503425382105883,0.13503425385481763,0.13503425382105883,0.1350342537802298,0.13503425382105883,0.13503425388689308,0.13503425395227078,0.13503425388689308,0.13503425382105883,0.13503425385481763,0.13503425395227078,0.13503425407131134,0.13503425395227078,0.13503425385481763,0.13503425382105883,0.13503425388689308,0.13503425395227078,0.13503425388689308,0.13503425382105883,0.1350342537802298,0.13503425382105883,0.13503425385481763,0.13503425382105883,0.1350342537802298
0.1653324872984658,0.1653324872984658,0.1653324872984658,0.1653324872984658,0.1653324872984658,0.1653324872984658,0.1653324872984658,0.1653324872984658,0.1653324872984658,0.1653324872984658,0.1653324872984658,0.1653324872984658,0.1653324872984658,0.1653324872984658,0.1653324872984658,0.1653324872984658,0.1653324872984658,0.1653324872984658,0.1653324872984658,0.1653324872984658,0.1653324872984658,0.1653324872984658,0.1653324872984658,0.1653324872984658,0.1653324872984658,0.1637574935893533,0.1637574935893533,0.1637574935893533,0.1637574935893533,0.1637574935893533,0.1637574935893533,0.1637574935893533,0.1637574935893533,0.1637574935893533,0.1637574935893533,0.1637574935893533,0.1637574935893533,0.16375749358935307,0.1637574935893533,0.1637574935893533,0.1637574935893533,0.1637574935893533,0.1637574935893533,0.1637574935893533,0.1637574935893533,0.1637574935893533,0.1637574935893533,0.1637574935893533,0.1637574935893533,0.1637574935893533,0.16221388381194551,0.16221388381194551,0.16221388381194551,0.16221388381194551,0.16221388381194551,0.16221388381194551,0.16221388381194551,0.16221388381194532,0.16221388381194551,0.16221388381194551,0.16221388381194551,0.16221388381194532,0.16221388381194532,0.16221388381194532,0.16221388381194551,0.16221388381194551,0.16221388381194551,0.16221388381194532,0.16221388381194551,0.16221388381194551,0.16221388381194551,0.16221388381194551,0.16221388381194551,0.16221388381194551,0.16221388381194551,0.1607010669232825,0.1607010669232823,0.16070106692328207,0.1607010669232823,0.1607010669232825,0.1607010669232823,0.16070106692328207,0.16070106692328182,0.16070106692328207,0.1607010669232823,0.16070106692328207,0.16070106692328182,0.16070106692328182,0.16070106692328182,0.16070106692328207,0.1607010669232823,0.16070106692328207,0.16070106692328182,0.16070106692328207,0.1607010669232823,0.1607010669232825,0.1607010669232823,0.16070106692328207,0.1607010669232823,0.1607010669232825,0.15921845129834233,0.15921845129834167,0.15921845129834125,0.15921845129834167,0.15921845129834233,0.15921845129834167,0.15921845129834103,0.15921845129834059,0.15921845129834103,0.15921845129834167,0.15921845129834125,0.15921845129834059,0.15921845129834017,0.15921845129834059,0.15921845129834125,0.15921845129834167,0.15921845129834103,0.15921845129834059,0.15921845129834103,0.15921845129834167,0.15921845129834233,0.15921845129834167,0.15921845129834125,0.15921845129834167,0.15921845129834233,0.1577654460818935,0.15776544608189136,0.15776544608189008,0.15776544608189136,0.1577654460818935,0.15776544608189136,0.157765446081889,0.15776544608188775,0.157765446081889,0.15776544608189136,0.15776544608189008,0.15776544608188775,0.15776544608188642,0.15776544608188775,0.15776544608189008,0.15776544608189136,0.157765446081889,0.15776544608188775,0.157765446081889,0.15776544608189136,0.1577654460818935,0.15776544608189136,0.15776544608189008,0.15776544608189136,0.1577654460818935,0.15634146240281807,0.1563414624028118,0.15634146240280783,0.1563414624028118,0.15634146240281807,0.1563414624028118,0.1563414624028051,0.15634146240280092,0.1563414624028051,0.1563414624028118,0.15634146240280783,0.15634146240280092,0.15634146240279673,0.15634146240280092,0.15634146240280783,0.1563414624028118,0.1563414624028051,0.15634146240280092,0.1563414624028051,0.1563414624028118,0.15634146240281807,0.1563414624028118,0.15634146240280783,0.1563414624028118,0.15634146240281807,0.15494591446117703,0.1549459144611582,0.15494591446114633,0.1549459144611582,0.15494591446117703,0.1549459144611582,0.15494591446113812,0.1549459144611252,0.15494591446113812,0.1549459144611582,0.15494591446114633,0.1549459144611252,0.1549459144611119,0.1549459144611252,0.15494591446114633,0.1549459144611582,0.15494591446113812,0.1549459144611252,0.15494591446113812,0.1549459144611582,0.15494591446117703,0.1549459144611582,0.15494591446114633,0.1549459144611582,0.15494591446117703,0.15357822049772463,0.1535782204976696,0.15357822049763403,0.1535782204976696,0.15357822049772463,0.1535782204976696,0.15357822049760794,0.15357822049756814,0.15357822049760794,0.1535782204976696,0.15357822049763403,0.15357822049756814,0.1535782204975256,0.15357822049756814,0.15357822049763403,0.1535782204976696,0.15357822049760794,0.15357822049756814,0.15357822049760794,0.1535782204976696,0.15357822049772463,0.1535782204976696,0.15357822049763403,0.1535782204976696,0.15357822049772463,0.1522378036550463,0.1522378036548829,0.15223780365477685,0.1522378036548829,0.1522378036550463,0.1522378036548829,0.15223780365469475,0.15223780365456996,0.15223780365469475,0.1522378036548829,0.15223780365477685,0.15223780365456996,0.15223780365443196,0.15223780365456996,0.15223780365477685,0.1522378036548829,0.15223780365469475,0.15223780365456996,0.15223780365469475,0.1522378036548829,0.1522378036550463,0.1522378036548829,0.15223780365477685,0.1522378036548829,0.1522378036550463,0.1509240927389648,0.1509240927384873,0.1509240927381694,0.1509240927384873,0.1509240927389648,0.1509240927384873,0.15092409273791163,0.1509240927375129,0.15092409273791163,0.1509240927384873,0.1509240927381694,0.1509240927375129,0.15092409273704815,0.1509240927375129,0.1509240927381694,0.1509240927384873,0.15092409273791163,0.1509240927375129,0.15092409273791163,0.1509240927384873,0.1509240927389648,0.1509240927384873,0.1509240927381694,0.1509240927384873,0.1509240927389648,0.14963652288840504,0.1496365228870497,0.1496365228861071,0.1496365228870497,0.14963652288840504,0.1496365228870497,0.14963652288530332,0.14963652288400356,0.14963652288530332,0.1496365228870497,0.1496365228861071,0.14963652288400356,0.14963652288235457,0.14963652288400356,0.1496365228861071,0.1496365228870497,0.14963652288530332,0.14963652288400356,0.14963652288530332,0.1496365228870497,0.14963652288840504,0.1496365228870497,0.1496365228861071,0.1496365228870497,0.14963652288840504,0.1483745361615728,0.14837453615790014,0.1483745361551639,0.14837453615790014,0.1483745361615728,0.14837453615790014,0.14837453615270885,0.14837453614837512,0.14837453615270885,0.14837453615790014,0.1483745361551639,0.14837453614837512,0.14837453614205146,0.14837453614837512,0.1483745361551639,0.14837453615790014,0.14837453615270885,0.14837453614837512,0.14837453615270885,0.14837453615790014,0.1483745361615728,0.14837453615790014,0.1483745361551639,0.14837453615790014,0.1483745361615728,0.1471375820461181,0.1471375820368939,0.147137582029297,0.1471375820368939,0.1471375820461181,0.1471375820368939,0.14713758202212118,0.14713758200743493,0.14713758202212118,0.1471375820368939,0.147137582029297,0.14713758200743493,0.14713758198052265,0.14713758200743493,0.147137582029297,0.1471375820368939,0.14713758202212118,0.14713758200743493,0.14713758202212118,0.1471375820368939,0.1471375820461181,0.1471375820368939,0.147137582029297,0.1471375820368939,0.1471375820461181,0.1459251179007169,0.14592511788037218,0.14592511786113968,0.14592511788037218,0.1459251179007169,0.14592511788037218,0.14592511784210335,0.145925117793234,0.14592511784210335,0.14592511788037218,0.14592511786113968,0.145925117793234,0.14592511766373992,0.145925117793234,0.14592511786113968,0.14592511788037218,0.14592511784210335,0.145925117793234,0.14592511784210335,0.14592511788037218,0.1459251179007169,0.14592511788037218,0.14592511786113968,0.14592511788037218,0.1459251179007169,0.14473660933344312,0.14473660929815613,0.14473660925913603,0.14473660929815613,0.14473660933344312,0.14473660929815613,0.1447366092193383,0.14473660907860997,0.1447366092193383,0.14473660929815613,0.14473660925913603,0.14473660907860997,0.14473660837269745,0.14473660907860997,0.14473660925913603,0.14473660929815613,0.1447366092193383,0.14473660907860997,0.1447366092193383,0.14473660929815613,0.14473660933344312,0.14473660929815613,0.14473660925913603,0.14473660929815613,0.14473660933344312,0.14357153051307717,0.14357153047500423,0.14357153043651272,0.14357153047500423,0.14357153051307717,0.14357153047500423,0.14357153039770346,0.1435715302837212,0.14357153039770346,0.14357153047500423,0.14357153043651272,0.1435715302837212,0.14357152986216076,0.1435715302837212,0.14357153043651272,0.14357153047500423,0.14357153039770346,0.1435715302837212,0.14357153039770346,0.14357153047500423,0.14357153051307717,0.14357153047500423,0.14357153043651272,0.14357153047500423,0.14357153051307717,0.14242936439756254,0.14242936435826645,0.1424293643183076,0.14242936435826645,0.14242936439756254,0.14242936435826645,0.14242936427794461,0.1424293641573257,0.14242936427794461,0.14242936435826645,0.1424293643183076,0.1424293641573257,0.14242936368500067,0.1424293641573257,0.1424293643183076,0.14242936435826645,0.14242936427794461,0.1424293641573257,0.14242936427794461,0.14242936435826645,0.14242936439756254,0.14242936435826645,0.1424293643183076,0.14242936435826645,0.14242936439756254,0.14130960296845846,0.14130960293036735,0.14130960288897643,0.14130960293036735,0.14130960296845846,0.14130960293036735,0.14130960284652583,0.14130960270826404,0.14130960284652583,0.14130960293036735,0.14130960288897643,0.14130960270826404,0.14130960211405472,0.14130960270826404,0.14130960288897643,0.14130960293036735,0.14130960284652583,0.14130960270826404,0.14130960284652583,0.14130960293036735,0.14130960296845846,0.14130960293036735,0.14130960288897643,0.14130960293036735,0.14130960296845846,0.14021174739802386,0.14021174737244735,0.1402117473407218,0.14021174737244735,0.14021174739802386,0.14021174737244735,0.14021174730739683,0.14021174718023166,0.14021174730739683,0.14021174737244735,0.1402117473407218,0.14021174718023166,0.14021174652862717,0.14021174718023166,0.1402117473407218,0.14021174737244735,0.14021174730739683,0.14021174718023166,0.14021174730739683,0.14021174737244735,0.14021174739802386,0.14021174737244735,0.1402117473407218,0.14021174737244735,0.14021174739802386,0.13913530815994113,0.13913530816772038,0.13913530817244385,0.13913530816772038,0.13913530815994113,0.13913530816772038,0.13913530817641465,0.13913530817663017,0.13913530817641465,0.13913530816772038,0.13913530817244385,0.13913530817663017,0.139135308144924,0.13913530817663017,0.13913530817244385,0.13913530816772038,0.13913530817641465,0.13913530817663017,0.13913530817641465,0.13913530816772038,0.13913530815994113,0.13913530816772038,0.13913530817244385,0.13913530816772038,0.13913530815994113,0.13807980510255727,0.13807980515435023,0.13807980520722757,0.13807980515435023,0.13807980510255727,0.13807980515435023,0.13807980526103222,0.13807980541019135,0.13807980526103222,0.13807980515435023,0.13807980520722757,0.13807980541019135,0.13807980583755491,0.13807980541019135,0.13807980520722757,0.13807980515435023,0.13807980526103222,0.13807980541019135,0.13807980526103222,0.13807980515435023,0.13807980510255727,0.13807980515435023,0.13807980520722757,0.13807980515435023,0.13807980510255727,0.13704476753022804,0.13704476762228845,0.1370447677348359,0.13704476762228845,0.13704476753022804,0.13704476762228845,0.1370447678517635,0.1370447683157518,0.1370447678517635,0.13704476762228845,0.1370447677348359,0.1370447683157518,0.13704477089615297,0.1370447683157518,0.1370447677348359,0.13704476762228845,0.1370447678517635,0.1370447683157518,0.1370447678517635,0.13704476762228845,0.13704476753022804,0.13704476762228845,0.1370447677348359,0.13704476762228845,0.13704476753022804,0.1360297342645256,0.13602973432945456,0.136029734393226,0.13602973432945456,0.1360297342645256,0.13602973432945456,0.13602973445729283,0.13602973462877074,0.13602973445729283,0.13602973432945456,0.136029734393226,0.13602973462877074,0.1360297351055684,0.13602973462877074,0.136029734393226,0.13602973432945456,0.13602973445729283,0.13602973462877074,0.13602973445729283,0.13602973432945456,0.1360297342645256,0.13602973432945456,0.136029734393226,0.13602973432945456,0.1360297342645256,0.13503425378131223,0.1350342538221135,0.13503425385584933,0.1350342538221135,0.13503425378131223,0.1350342538221135,0.13503425388790255,0.1350342539532354,0.13503425388790255,0.1350342538221135,0.13503425385584933,0.1350342539532354,0.1350342540721949,0.1350342539532354,0.13503425385584933,0.1350342538221135,0.13503425388790255,0.1350342539532354,0.13503425388790255,0.1350342538221135,0.13503425378131223,0.1350342538221135,0.13503425385584933,0.1350342538221135,0.13503425378131223
0.16533248729819863,0.16533248729819863,0.16533248729819863,0.16533248729819863,0.16533248729819863,0.16533248729819863,0.16533248729819863,0.16533248729819863,0.16533248729819863,0.16533248729819863,0.16533248729819863,0.16533248729819863,0.16533248729819863,0.16533248729819863,0.16533248729819863,0.16533248729819863,0.16533248729819863,0.16533248729819863,0.16533248729819863,0.16533248729819863,0.16533248729819863,0.16533248729819863,0.16533248729819863,0.16533248729819863,0.16533248729819863,0.1637574935891012,0.1637574935891012,0.1637574935891012,0.1637574935891012,0.1637574935891012,0.1637574935891012,0.1637574935891012,0.1637574935891012,0.1637574935891012,0.1637574935891012,0.1637574935891012,0.1637574935891012,0.1637574935891012,0.1637574935891012,0.1637574935891012,0.1637574935891012,0.1637574935891012,0.1637574935891012,0.1637574935891012,0.1637574935891012,0.1637574935891012,0.1637574935891012,0.1637574935891012,0.1637574935891012,0.1637574935891012,0.16221388381171703,0.16221388381171703,0.16221388381171703,0.16221388381171703,0.16221388381171703,0.16221388381171703,0.16221388381171703,0.16221388381171703,0.16221388381171703,0.16221388381171703,0.16221388381171703,0.16221388381171703,0.16221388381171678,0.16221388381171703,0.16221388381171703,0.16221388381171703,0.16221388381171703,0.16221388381171703,0.16221388381171703,0.16221388381171703,0.16221388381171703,0.16221388381171703,0.16221388381171703,0.16221388381171703,0.16221388381171703,0.16070106692308614,0.16070106692308592,0.1607010669230857,0.16070106692308592,0.16070106692308614,0.16070106692308592,0.1607010669230857,0.16070106692308544,0.1607010669230857,0.16070106692308592,0.1607010669230857,0.16070106692308544,0.16070106692308544,0.16070106692308544,0.1607010669230857,0.16070106692308592,0.1607010669230857,0.16070106692308544,0.1607010669230857,0.16070106692308592,0.16070106692308614,0.16070106692308592,0.1607010669230857,0.16070106692308592,0.16070106692308614,0.15921845129818668,0.15921845129818601,0.1592184512981856,0.15921845129818601,0.15921845129818668,0.15921845129818601,0.15921845129818535,0.15921845129818493,0.15921845129818535,0.15921845129818601,0.1592184512981856,0.15921845129818493,0.1592184512981845,0.15921845129818493,0.1592184512981856,0.15921845129818601,0.15921845129818535,0.15921845129818493,0.15921845129818535,0.15921845129818601,0.15921845129818668,0.15921845129818601,0.1592184512981856,0.15921845129818601,0.15921845129818668,0.1577654460817866,0.1577654460817847,0.1577654460817836,0.1577654460817847,0.1577654460817866,0.1577654460817847,0.15776544608178275,0.15776544608178125,0.15776544608178275,0.1577654460817847,0.1577654460817836,0.15776544608178125,0.15776544608177998,0.15776544608178125,0.1577654460817834,0.1577654460817847,0.15776544608178275,0.15776544608178125,0.15776544608178275,0.1577654460817847,0.1577654460817866,0.1577654460817847,0.1577654460817834,0.1577654460817847,0.1577654460817866,0.15634146240276872,0.15634146240276264,0.1563414624027589,0.15634146240276264,0.15634146240276872,0.15634146240276264,0.15634146240275618,0.1563414624027522,0.15634146240275618,0.15634146240276264,0.1563414624027589,0.1563414624027522,0.15634146240274802,0.1563414624027522,0.1563414624027589,0.15634146240276264,0.15634146240275618,0.1563414624027522,0.15634146240275618,0.15634146240276264,0.15634146240276872,0.15634146240276264,0.1563414624027589,0.15634146240276264,0.15634146240276872,0.15494591446119285,0.15494591446117478,0.15494591446116332,0.15494591446117478,0.15494591446119285,0.15494591446117478,0.1549459144611549,0.15494591446114242,0.1549459144611549,0.15494591446117478,0.15494591446116332,0.15494591446114242,0.1549459144611291,0.15494591446114242,0.15494591446116332,0.15494591446117478,0.1549459144611549,0.15494591446114242,0.1549459144611549,0.15494591446117478,0.15494591446119285,0.15494591446117478,0.15494591446116332,0.15494591446117478,0.15494591446119285,0.15357822049781442,0.15357822049775935,0.15357822049772463,0.15357822049775935,0.15357822049781442,0.15357822049775935,0.15357822049769848,0.15357822049765912,0.15357822049769848,0.15357822049775935,0.15357822049772463,0.15357822049765912,0.15357822049761677,0.15357822049765912,0.15357822049772463,0.15357822049775935,0.15357822049769848,0.15357822049765912,0.15357822049769848,0.15357822049775935,0.15357822049781442,0.15357822049775935,0.15357822049772463,0.15357822049775935,0.15357822049781442,0.15223780365521775,0.1522378036550544,0.15223780365494868,0.1522378036550544,0.15223780365521775,0.1522378036550544,0.152237803654867,0.15223780365474238,0.152237803654867,0.1522378036550544,0.15223780365494868,0.15223780365474238,0.1522378036546046,0.15223780365474238,0.15223780365494868,0.1522378036550544,0.152237803654867,0.15223780365474238,0.152237803654867,0.1522378036550544,0.15223780365521775,0.1522378036550544,0.15223780365494868,0.1522378036550544,0.15223780365521775,0.1509240927392239,0.1509240927387468,0.15092409273842924,0.1509240927387468,0.1509240927392239,0.1509240927387468,0.15092409273817206,0.1509240927377739,0.15092409273817206,0.1509240927387468,0.15092409273842924,0.1509240927377739,0.15092409273730995,0.1509240927377739,0.15092409273842924,0.1509240927387468,0.15092409273817206,0.1509240927377739,0.15092409273817206,0.1509240927387468,0.1509240927392239,0.1509240927387468,0.15092409273842924,0.1509240927387468,0.1509240927392239,0.14963652288875579,0.14963652288740178,0.14963652288645957,0.14963652288740178,0.14963652288875579,0.14963652288740178,0.14963652288565785,0.1496365228843598,0.14963652288565785,0.14963652288740178,0.14963652288645957,0.1496365228843598,0.14963652288271306,0.1496365228843598,0.14963652288645957,0.14963652288740178,0.14963652288565785,0.1496365228843598,0.14963652288565785,0.14963652288740178,0.14963652288875579,0.14963652288740178,0.14963652288645957,0.14963652288740178,0.14963652288875579,0.14837453616201576,0.14837453615834753,0.14837453615561483,0.14837453615834753,0.14837453616201576,0.14837453615834753,0.1483745361531631,0.14837453614883508,0.1483745361531631,0.14837453615834753,0.14837453615561483,0.14837453614883508,0.14837453614252016,0.14837453614883508,0.14837453615561483,0.14837453615834753,0.1483745361531631,0.14837453614883508,0.1483745361531631,0.14837453615834753,0.14837453616201576,0.14837453615834753,0.14837453615561483,0.14837453615834753,0.14837453616201576,0.1471375820466467,0.1471375820374336,0.14713758202984617,0.1471375820374336,0.1471375820466467,0.1471375820374336,0.14713758202267924,0.1471375820080128,0.14713758202267924,0.1471375820374336,0.14713758202984617,0.1471375820080128,0.14713758198113863,0.1471375820080128,0.14713758202984617,0.1471375820374336,0.14713758202267924,0.1471375820080128,0.14713758202267924,0.1471375820374336,0.1471375820466467,0.1471375820374336,0.14713758202984617,0.1471375820374336,0.1471375820466467,0.14592511790130896,0.14592511788098705,0.14592511786177803,0.14592511788098705,0.14592511790130896,0.14592511788098705,0.145925117842764,0.14592511779396072,0.145925117842764,0.14592511788098705,0.14592511786177803,0.14592511779396072,0.14592511766465482,0.14592511779396072,0.14592511786177803,0.14592511788098705,0.145925117842764,0.14592511779396072,0.145925117842764,0.14592511788098705,0.14592511790130896,0.14592511788098705,0.14592511786177803,0.14592511788098705,0.14592511790130896,0.14473660933404953,0.14473660929879692,0.1447366092598192,0.14473660929879692,0.14473660933404953,0.14473660929879692,0.14473660922006515,0.1447366090795164,0.14473660922006515,0.14473660929879692,0.1447366092598192,0.1447366090795164,0.14473660837464053,0.1447366090795164,0.1447366092598192,0.14473660929879692,0.14473660922006515,0.1447366090795164,0.14473660922006515,0.14473660929879692,0.14473660933404953,0.14473660929879692,0.1447366092598192,0.14473660929879692,0.14473660933404953,0.14357153051362287,0.14357153047556923,0.14357153043709328,0.14357153047556923,0.14357153051362287,0.14357153047556923,0.14357153039829892,0.14357153028433584,0.14357153039829892,0.14357153047556923,0.14357153043709328,0.14357153028433584,0.14357152986266764,0.14357153028433584,0.14357153043709328,0.14357153047556923,0.14357153039829892,0.14357153028433584,0.14357153039829892,0.14357153047556923,0.14357153051362287,0.14357153047556923,0.14357153043709328,0.14357153047556923,0.14357153051362287,0.1424293643980002,0.14242936435872006,0.1424293643187743,0.14242936435872006,0.1424293643980002,0.14242936435872006,0.14242936427842387,0.14242936415782764,0.14242936427842387,0.14242936435872006,0.1424293643187743,0.14242936415782764,0.14242936368552858,0.14242936415782764,0.1424293643187743,0.14242936435872006,0.14242936427842387,0.14242936415782764,0.14242936427842387,0.14242936435872006,0.1424293643980002,0.14242936435872006,0.1424293643187743,0.14242936435872006,0.1424293643980002,0.14130960296874429,0.14130960293067557,0.1413096028893093,0.14130960293067557,0.14130960296874429,0.14130960293067557,0.141309602846884,0.14130960270870677,0.141309602846884,0.14130960293067557,0.1413096028893093,0.14130960270870677,0.14130960211485094,0.14130960270870677,0.1413096028893093,0.14130960293067557,0.141309602846884,0.14130960270870677,0.141309602846884,0.14130960293067557,0.14130960296874429,0.14130960293067557,0.1413096028893093,0.14130960293067557,0.14130960296874429,0.14021174739809802,0.14021174737254266,0.14021174734084518,0.14021174737254266,0.14021174739809802,0.14021174737254266,0.14021174730754984,0.1402117471805071,0.14021174730754984,0.14021174737254266,0.14021174734084518,0.1402117471805071,0.14021174652957855,0.1402117471805071,0.14021174734084518,0.14021174737254266,0.14021174730754984,0.1402117471805071,0.14021174730754984,0.14021174737254266,0.14021174739809802,0.14021174737254266,0.14021174734084518,0.14021174737254266,0.14021174739809802,0.13913530815974348,0.1391353081675193,0.13913530817224193,0.1391353081675193,0.13913530815974348,0.1391353081675193,0.13913530817621275,0.13913530817643774,0.13913530817621275,0.1391353081675193,0.13913530817224193,0.13913530817643774,0.13913530814478578,0.13913530817643774,0.13913530817224193,0.1391353081675193,0.13913530817621275,0.13913530817643774,0.13913530817621275,0.1391353081675193,0.13913530815974348,0.1391353081675193,0.13913530817224193,0.1391353081675193,0.13913530815974348,0.13807980510207585,0.1380798051538307,0.13807980520666913,0.1380798051538307,0.13807980510207585,0.1380798051538307,0.1380798052604339,0.138079805409482,0.1380798052604339,0.1380798051538307,0.13807980520666913,0.138079805409482,0.1380798058365251,0.138079805409482,0.13807980520666913,0.1380798051538307,0.1380798052604339,0.138079805409482,0.1380798052604339,0.1380798051538307,0.13807980510207585,0.1380798051538307,0.13807980520666913,0.1380798051538307,0.13807980510207585,0.13704476752952013,0.1370447676215109,0.1370447677339731,0.1370447676215109,0.13704476752952013,0.1370447676215109,0.1370447678508119,0.13704476831444715,0.1370447678508119,0.1370447676215109,0.1370447677339731,0.13704476831444715,0.13704477089290631,0.13704476831444715,0.1370447677339731,0.1370447676215109,0.1370447678508119,0.13704476831444715,0.1370447678508119,0.1370447676215109,0.13704476752952013,0.1370447676215109,0.1370447677339731,0.1370447676215109,0.13704476752952013,0.13602973426371254,0.13602973432859197,0.13602973439231483,0.13602973432859197,0.13602973426371254,0.13602973432859197,0.13602973445633285,0.13602973462768003,0.13602973445633285,0.13602973432859197,0.13602973439231483,0.13602973462768003,0.13602973510411384,0.13602973462768003,0.13602973439231483,0.13602973432859197,0.13602973445633285,0.13602973462768003,0.13602973445633285,0.13602973432859197,0.13602973426371254,0.13602973432859197,0.13602973439231483,0.13602973432859197,0.13602973426371254,0.13503425378047312,0.13503425382124337,0.13503425385495346,0.13503425382124337,0.13503425378047312,0.13503425382124337,0.13503425388698215,0.13503425395226495,0.13503425388698215,0.13503425382124337,0.13503425385495346,0.13503425395226495,0.1350342540711335,0.13503425395226495,0.13503425385495346,0.13503425382124337,0.13503425388698215,0.13503425395226495,0.13503425388698215,0.13503425382124337,0.13503425378047312,0.13503425382124337,0.13503425385495346,0.13503425382124337,0.13503425378047312
0.16533248729861352,0.16533248729861352,0.16533248729861352,0.16533248729861352,0.16533248729861352,0.16533248729861352,0.16533248729861352,0.16533248729861352,0.16533248729861352,0.16533248729861352,0.16533248729861352,0.16533248729861352,0.16533248729861352,0.16533248729861352,0.16533248729861352,0.16533248729861352,0.16533248729861352,0.16533248729861352,0.16533248729861352,0.16533248729861352,0.16533248729861352,0.16533248729861352,0.16533248729861352,0.16533248729861352,0.16533248729861352,0.1637574935895129,0.1637574935895129,0.16375749358951266,0.1637574935895129,0.1637574935895129,0.1637574935895129,0.16375749358951266,0.16375749358951266,0.16375749358951266,0.1637574935895129,0.16375749358951266,0.16375749358951266,0.16375749358951266,0.16375749358951266,0.16375749358951266,0.1637574935895129,0.16375749358951266,0.16375749358951266,0.16375749358951266,0.1637574935895129,0.1637574935895129,0.1637574935895129,0.16375749358951266,0.1637574935895129,0.1637574935895129,0.16221388381212912,0.16221388381212912,0.16221388381212912,0.16221388381212912,0.16221388381212912,0.16221388381212912,0.16221388381212912,0.16221388381212912,0.16221388381212912,0.16221388381212912,0.16221388381212912,0.16221388381212912,0.16221388381212912,0.16221388381212912,0.16221388381212912,0.16221388381212912,0.16221388381212912,0.16221388381212912,0.16221388381212912,0.16221388381212912,0.16221388381212912,0.16221388381212912,0.16221388381212912,0.16221388381212912,0.16221388381212934,0.1607010669235029,0.16070106692350267,0.16070106692350267,0.16070106692350267,0.1607010669235029,0.16070106692350267,0.16070106692350247,0.16070106692350247,0.16070106692350247,0.16070106692350267,0.16070106692350267,0.16070106692350247,0.16070106692350222,0.16070106692350247,0.16070106692350267,0.16070106692350267,0.16070106692350247,0.16070106692350247,0.16070106692350247,0.16070106692350267,0.1607010669235029,0.16070106692350267,0.16070106692350267,0.16070106692350267,0.1607010669235029,0.15921845129861228,0.15921845129861165,0.1592184512986112,0.15921845129861165,0.15921845129861228,0.15921845129861165,0.159218451298611,0.15921845129861056,0.159218451298611,0.15921845129861165,0.1592184512986112,0.15921845129861056,0.15921845129861012,0.15921845129861056,0.1592184512986112,0.15921845129861165,0.159218451298611,0.15921845129861056,0.159218451298611,0.15921845129861165,0.15921845129861228,0.15921845129861165,0.1592184512986112,0.15921845129861165,0.15921845129861228,0.15776544608222529,0.15776544608222337,0.15776544608222207,0.15776544608222337,0.15776544608222529,0.15776544608222337,0.15776544608222123,0.15776544608221996,0.15776544608222123,0.15776544608222337,0.15776544608222207,0.15776544608221996,0.15776544608221868,0.15776544608221996,0.15776544608222207,0.15776544608222337,0.15776544608222123,0.15776544608221996,0.15776544608222123,0.15776544608222337,0.15776544608222529,0.15776544608222337,0.15776544608222207,0.15776544608222337,0.15776544608222529,0.15634146240322394,0.1563414624032179,0.15634146240321434,0.1563414624032179,0.15634146240322394,0.1563414624032179,0.1563414624032118,0.15634146240320781,0.1563414624032118,0.1563414624032179,0.15634146240321434,0.15634146240320781,0.15634146240320387,0.15634146240320781,0.15634146240321434,0.1563414624032179,0.1563414624032118,0.15634146240320781,0.1563414624032118,0.1563414624032179,0.15634146240322394,0.1563414624032179,0.15634146240321434,0.1563414624032179,0.15634146240322394,0.15494591446166847,0.15494591446165046,0.15494591446163897,0.15494591446165046,0.15494591446166847,0.15494591446165046,0.15494591446163097,0.15494591446161868,0.15494591446163097,0.15494591446165046,0.15494591446163897,0.15494591446161868,0.15494591446160536,0.15494591446161848,0.15494591446163897,0.15494591446165046,0.15494591446163097,0.15494591446161848,0.15494591446163097,0.15494591446165046,0.15494591446166847,0.15494591446165046,0.15494591446163897,0.15494591446165046,0.15494591446166847,0.15357822049831368,0.15357822049825884,0.15357822049822412,0.15357822049825884,0.15357822049831368,0.15357822049825884,0.15357822049819841,0.15357822049815903,0.15357822049819841,0.15357822049825884,0.15357822049822412,0.15357822049815903,0.15357822049811687,0.15357822049815903,0.15357822049822412,0.15357822049825884,0.15357822049819841,0.15357822049815903,0.15357822049819841,0.15357822049825884,0.15357822049831368,0.15357822049825884,0.15357822049822412,0.15357822049825884,0.15357822049831368,0.15223780365574371,0.15223780365558073,0.15223780365547523,0.15223780365558073,0.15223780365574371,0.15223780365558073,0.15223780365539372,0.15223780365526954,0.15223780365539372,0.15223780365558073,0.15223780365547523,0.15223780365526954,0.15223780365513193,0.15223780365526954,0.15223780365547523,0.15223780365558073,0.15223780365539372,0.15223780365526954,0.15223780365539372,0.15223780365558073,0.15223780365574371,0.15223780365558073,0.15223780365547523,0.15223780365558073,0.15223780365574371,0.15092409273977855,0.15092409273930238,0.15092409273898544,0.15092409273930238,0.15092409273977855,0.15092409273930238,0.15092409273872906,0.15092409273833163,0.15092409273872906,0.15092409273930238,0.15092409273898544,0.15092409273833163,0.1509240927378686,0.15092409273833163,0.15092409273898544,0.15092409273930238,0.15092409273872906,0.15092409273833163,0.15092409273872906,0.15092409273930238,0.15092409273977855,0.15092409273930238,0.15092409273898544,0.15092409273930238,0.15092409273977855,0.14963652288933987,0.14963652288798868,0.14963652288704837,0.14963652288798868,0.14963652288933987,0.14963652288798868,0.14963652288624835,0.14963652288495294,0.14963652288624835,0.14963652288798868,0.14963652288704837,0.14963652288495294,0.1496365228833098,0.14963652288495294,0.14963652288704837,0.14963652288798868,0.14963652288624835,0.14963652288495294,0.14963652288624835,0.14963652288798868,0.14963652288933987,0.14963652288798868,0.14963652288704837,0.14963652288798868,0.14963652288933987,0.14837453616262586,0.14837453615896468,0.14837453615623752,0.14837453615896468,0.14837453616262586,0.14837453615896468,0.14837453615379081,0.14837453614947207,0.14837453615379081,0.14837453615896468,0.14837453615623752,0.14837453614947207,0.14837453614317123,0.14837453614947207,0.14837453615623752,0.14837453615896468,0.14837453615379081,0.14837453614947207,0.14837453615379081,0.14837453615896468,0.14837453616262586,0.14837453615896468,0.14837453615623752,0.14837453615896468,0.14837453616262586,0.14713758204726887,0.14713758203807323,0.14713758203050087,0.14713758203807323,0.14713758204726887,0.14713758203807323,0.14713758202334848,0.14713758200871346,0.14713758202334848,0.14713758203807323,0.14713758203050087,0.14713758200871346,0.1471375819819005,0.14713758200871346,0.14713758203050087,0.14713758203807323,0.14713758202334848,0.14713758200871346,0.14713758202334848,0.14713758203807323,0.14713758204726887,0.14713758203807323,0.14713758203050087,0.14713758203807323,0.14713758204726887,0.14592511790190762,0.1459251178816215,0.14592511786244933,0.1459251178816215,0.14592511790190762,0.1459251178816215,0.14592511784347215,0.1459251177947732,0.14592511784347215,0.1459251178816215,0.14592511786244933,0.1459251177947732,0.1459251176657693,0.1459251177947732,0.14592511786244933,0.1459251178816215,0.14592511784347215,0.1459251177947732,0.14592511784347215,0.1459251178816215,0.14592511790190762,0.1459251178816215,0.14592511786244933,0.1459251178816215,0.14592511790190762,0.1447366093345494,0.14473660929934867,0.14473660926043677,0.14473660929934867,0.1447366093345494,0.14473660929934867,0.14473660922075113,0.14473660908048863,0.14473660922075113,0.14473660929934867,0.14473660926043677,0.14473660908048863,0.144736608377293,0.14473660908048863,0.14473660926043677,0.14473660929934867,0.14473660922075113,0.14473660908048863,0.14473660922075113,0.14473660929934867,0.1447366093345494,0.14473660929934867,0.14473660926043677,0.14473660929934867,0.1447366093345494,0.14357153051391358,0.14357153047588256,0.14357153043742404,0.14357153047588256,0.14357153051391358,0.14357153047588256,0.14357153039864662,0.1435715302846962,0.14357153039864662,0.14357153047588256,0.14357153043742404,0.1435715302846962,0.1435715298628187,0.1435715302846962,0.14357153043742404,0.14357153047588256,0.14357153039864662,0.1435715302846962,0.14357153039864662,0.14357153047588256,0.14357153051391358,0.14357153047588256,0.14357153043742404,0.14357153047588256,0.14357153051391358,0.1424293643980289,0.14242936435875847,0.14242936431881756,0.14242936435875847,0.1424293643980289,0.14242936435875847,0.1424293642784707,0.14242936415786134,0.1424293642784707,0.14242936435875847,0.14242936431881756,0.14242936415786134,0.1424293636853677,0.14242936415786134,0.14242936431881756,0.14242936435875847,0.1424293642784707,0.14242936415786134,0.1424293642784707,0.14242936435875847,0.1424293643980289,0.14242936435875847,0.14242936431881756,0.14242936435875847,0.1424293643980289,0.14130960296848363,0.1413096029304282,0.14130960288907657,0.1413096029304282,0.14130960296848363,0.1413096029304282,0.14130960284666613,0.1413096027085382,0.14130960284666613,0.1413096029304282,0.14130960288907657,0.1413096027085382,0.1413096021149259,0.1413096027085382,0.14130960288907657,0.1413096029304282,0.14130960284666613,0.1413096027085382,0.14130960284666613,0.1413096029304282,0.14130960296848363,0.1413096029304282,0.14130960288907657,0.1413096029304282,0.14130960296848363,0.14021174739751138,0.14021174737196895,0.14021174734029113,0.14021174737196895,0.14021174739751138,0.14021174737196895,0.14021174730701708,0.1402117471800704,0.14021174730701708,0.14021174737196895,0.14021174734029113,0.1402117471800704,0.14021174652969934,0.1402117471800704,0.14021174734029113,0.14021174737196895,0.14021174730701708,0.1402117471800704,0.14021174730701708,0.14021174737196895,0.14021174739751138,0.14021174737196895,0.14021174734029113,0.14021174737196895,0.14021174739751138,0.13913530815879324,0.13913530816655922,0.1391353081712757,0.13913530816655922,0.13913530815879324,0.13913530816655922,0.13913530817524117,0.13913530817546313,0.13913530817524117,0.13913530816655922,0.1391353081712757,0.13913530817546313,0.13913530814383823,0.13913530817546313,0.1391353081712757,0.13913530816655922,0.13913530817524117,0.13913530817546313,0.13913530817524117,0.13913530816655922,0.13913530815879324,0.13913530816655922,0.1391353081712757,0.13913530816655922,0.13913530815879324,0.1380798051007701,0.13807980515248014,0.13807980520527297,0.13807980515248014,0.1380798051007701,0.13807980515248014,0.13807980525899188,0.13807980540791331,0.13807980525899188,0.13807980515248014,0.13807980520527297,0.13807980540791331,0.13807980583459514,0.13807980540791331,0.13807980520527297,0.13807980515248014,0.13807980525899188,0.13807980540791331,0.13807980525899188,0.13807980515248014,0.1380798051007701,0.13807980515248014,0.13807980520527297,0.13807980515248014,0.1380798051007701,0.13704476752793818,0.13704476761985077,0.13704476773221777,0.13704476761985077,0.13704476752793818,0.13704476761985077,0.1370447678489576,0.13704476831220103,0.1370447678489576,0.13704476761985077,0.13704476773221777,0.13704476831220103,0.1370447708884655,0.13704476831220103,0.13704476773221777,0.13704476761985077,0.1370447678489576,0.13704476831220103,0.1370447678489576,0.13704476761985077,0.13704476752793818,0.13704476761985077,0.13704476773221777,0.13704476761985077,0.13704476752793818,0.13602973426200227,0.13602973432682686,0.1360297343904957,0.13602973432682686,0.13602973426200227,0.13602973432682686,0.13602973445445965,0.13602973462566187,0.13602973445445965,0.13602973432682686,0.1360297343904957,0.13602973462566187,0.1360297351016931,0.13602973462566187,0.1360297343904957,0.13602973432682686,0.13602973445445965,0.13602973462566187,0.13602973445445965,0.13602973432682686,0.13602973426200227,0.13602973432682686,0.1360297343904957,0.13602973432682686,0.13602973426200227,0.13503425377873626,0.13503425381947196,0.13503425385315343,0.13503425381947196,0.13503425377873626,0.13503425381947196,0.13503425388515505,0.13503425395038257,0.13503425388515505,0.13503425381947196,0.13503425385315343,0.13503425395038257,0.13503425406915054,0.13503425395038257,0.13503425385315343,0.13503425381947196,0.13503425388515505,0.13503425395038257,0.13503425388515505,0.13503425381947196,0.13503425377873626,0.13503425381947196,0.13503425385315343,0.13503425381947196,0.13503425377873626
0.1653324872993878,0.1653324872993878,0.1653324872993878,0.1653324872993878,0.1653324872993878,0.1653324872993878,0.1653324872993878,0.1653324872993878,0.1653324872993878,0.1653324872993878,0.1653324872993878,0.1653324872993878,0.1653324872993878,0.1653324872993878,0.1653324872993878,0.1653324872993878,0.1653324872993878,0.1653324872993878,0.1653324872993878,0.1653324872993878,0.1653324872993878,0.1653324872993878,0.1653324872993878,0.1653324872993878,0.1653324872993878,0.16375749359027428,0.16375749359027428,0.16375749359027428,0.16375749359027428,0.16375749359027428,0.16375749359027428,0.16375749359027428,0.16375749359027428,0.16375749359027428,0.16375749359027428,0.16375749359027428,0.16375749359027428,0.16375749359027428,0.16375749359027428,0.16375749359027428,0.16375749359027428,0.16375749359027428,0.16375749359027428,0.16375749359027428,0.16375749359027428,0.16375749359027428,0.16375749359027428,0.16375749359027428,0.16375749359027428,0.16375749359027428,0.16221388381288054,0.16221388381288054,0.16221388381288035,0.16221388381288054,0.16221388381288054,0.16221388381288054,0.16221388381288035,0.16221388381288035,0.16221388381288035,0.16221388381288054,0.16221388381288035,0.16221388381288035,0.16221388381288035,0.16221388381288035,0.16221388381288035,0.16221388381288054,0.16221388381288035,0.16221388381288035,0.16221388381288035,0.16221388381288054,0.16221388381288054,0.16221388381288054,0.16221388381288035,0.16221388381288054,0.16221388381288054,0.16070106692424643,0.16070106692424643,0.16070106692424624,0.16070106692424643,0.16070106692424643,0.16070106692424643,0.16070106692424624,0.160701066924246,0.16070106692424624,0.16070106692424643,0.16070106692424624,0.160701066924246,0.16070106692424577,0.160701066924246,0.16070106692424624,0.16070106692424643,0.16070106692424624,0.160701066924246,0.16070106692424624,0.16070106692424643,0.16070106692424643,0.16070106692424643,0.16070106692424624,0.16070106692424643,0.16070106692424643,0.15921845129935058,0.15921845129935014,0.15921845129934972,0.15921845129935014,0.15921845129935058,0.15921845129935014,0.1592184512993495,0.15921845129934908,0.1592184512993495,0.15921845129935014,0.15921845129934972,0.15921845129934908,0.1592184512993486,0.15921845129934908,0.15921845129934972,0.15921845129935014,0.1592184512993495,0.15921845129934908,0.1592184512993495,0.15921845129935014,0.15921845129935058,0.15921845129935014,0.15921845129934972,0.15921845129935014,0.1592184512993508,0.15776544608296098,0.15776544608295928,0.15776544608295798,0.15776544608295928,0.15776544608296098,0.15776544608295928,0.15776544608295714,0.15776544608295606,0.15776544608295714,0.15776544608295928,0.15776544608295798,0.15776544608295606,0.15776544608295479,0.15776544608295606,0.15776544608295798,0.15776544608295928,0.15776544608295714,0.15776544608295606,0.15776544608295714,0.15776544608295928,0.15776544608296098,0.15776544608295928,0.15776544608295798,0.15776544608295928,0.15776544608296098,0.15634146240395957,0.15634146240395375,0.1563414624039502,0.15634146240395375,0.15634146240395957,0.15634146240395375,0.15634146240394767,0.1563414624039437,0.15634146240394767,0.15634146240395375,0.1563414624039502,0.1563414624039437,0.1563414624039397,0.1563414624039437,0.1563414624039502,0.15634146240395375,0.15634146240394767,0.1563414624039437,0.15634146240394767,0.15634146240395375,0.15634146240395957,0.15634146240395375,0.1563414624039502,0.15634146240395375,0.15634146240395957,0.15494591446240663,0.15494591446238862,0.15494591446237732,0.15494591446238862,0.15494591446240663,0.15494591446238862,0.15494591446236936,0.15494591446235706,0.15494591446236936,0.15494591446238862,0.15494591446237732,0.15494591446235706,0.15494591446234415,0.15494591446235706,0.15494591446237732,0.15494591446238862,0.15494591446236936,0.15494591446235706,0.15494591446236936,0.15494591446238862,0.15494591446240663,0.15494591446238862,0.15494591446237732,0.15494591446238862,0.15494591446240663,0.153578220499056,0.15357822049900158,0.15357822049896702,0.15357822049900158,0.153578220499056,0.15357822049900158,0.15357822049894151,0.15357822049890213,0.15357822049894151,0.15357822049900158,0.15357822049896702,0.15357822049890213,0.15357822049886016,0.15357822049890213,0.15357822049896702,0.15357822049900158,0.15357822049894151,0.15357822049890213,0.15357822049894151,0.15357822049900158,0.153578220499056,0.15357822049900158,0.15357822049896702,0.15357822049900158,0.153578220499056,0.15223780365649228,0.15223780365632988,0.15223780365622458,0.15223780365632988,0.15223780365649228,0.15223780365632988,0.1522378036561433,0.15223780365601966,0.1522378036561433,0.15223780365632988,0.15223780365622458,0.15223780365601966,0.1522378036558825,0.15223780365601966,0.15223780365622458,0.15223780365632988,0.1522378036561433,0.15223780365601966,0.1522378036561433,0.15223780365632988,0.15223780365649228,0.15223780365632988,0.15223780365622458,0.15223780365632988,0.15223780365649228,0.15092409274053437,0.1509240927400596,0.15092409273974342,0.1509240927400596,0.15092409274053437,0.1509240927400596,0.1509240927394878,0.15092409273909152,0.1509240927394878,0.1509240927400596,0.15092409273974342,0.15092409273909152,0.15092409273863008,0.15092409273909152,0.15092409273974342,0.1509240927400596,0.1509240927394878,0.15092409273909152,0.1509240927394878,0.1509240927400596,0.15092409274053437,0.1509240927400596,0.15092409273974342,0.1509240927400596,0.15092409274053437,0.1496365228901019,0.1496365228887543,0.14963652288781662,0.1496365228887543,0.1496365228901019,0.1496365228887543,0.14963652288701887,0.14963652288572724,0.14963652288701887,0.1496365228887543,0.14963652288781662,0.14963652288572724,0.14963652288408902,0.14963652288572724,0.14963652288781662,0.1496365228887543,0.14963652288701887,0.14963652288572724,0.14963652288701887,0.1496365228887543,0.1496365228901019,0.1496365228887543,0.14963652288781662,0.1496365228887543,0.1496365228901019,0.14837453616338758,0.1483745361597364,0.14837453615701668,0.1483745361597364,0.14837453616338758,0.1483745361597364,0.148374536154577,0.14837453615027066,0.148374536154577,0.1483745361597364,0.14837453615701668,0.14837453615027066,0.1483745361439891,0.14837453615027066,0.14837453615701668,0.1483745361597364,0.148374536154577,0.14837453615027066,0.148374536154577,0.1483745361597364,0.14837453616338758,0.1483745361597364,0.14837453615701668,0.1483745361597364,0.14837453616338758,0.14713758204801114,0.14713758203883925,0.1471375820312876,0.14713758203883925,0.14713758204801114,0.14713758203883925,0.14713758202415503,0.14713758200956306,0.14713758202415503,0.14713758203883925,0.1471375820312876,0.14713758200956306,0.14713758198283386,0.14713758200956306,0.1471375820312876,0.14713758203883925,0.14713758202415503,0.14713758200956306,0.14713758202415503,0.14713758203883925,0.14713758204801114,0.14713758203883925,0.1471375820312876,0.14713758203883925,0.14713758204801114,0.14592511790258142,0.1459251178823439,0.1459251178632216,0.1459251178823439,0.14592511790258142,0.1459251178823439,0.145925117844295,0.1459251177957383,0.145925117844295,0.1459251178823439,0.1459251178632216,0.1459251177957383,0.14592511766714858,0.1459251177957383,0.1459251178632216,0.1459251178823439,0.145925117844295,0.1459251177957383,0.145925117844295,0.1459251178823439,0.14592511790258142,0.1459251178823439,0.1459251178632216,0.1459251178823439,0.14592511790258142,0.14473660933505317,0.14473660929992171,0.1447366092610985,0.14473660929992171,0.14473660933505317,0.14473660929992171,0.14473660922150552,0.14473660908163372,0.14473660922150552,0.14473660929992171,0.1447366092610985,0.14473660908163372,0.14473660838071942,0.14473660908163372,0.1447366092610985,0.14473660929992171,0.14473660922150552,0.14473660908163372,0.14473660922150552,0.14473660929992171,0.14473660933505317,0.14473660929992171,0.1447366092610985,0.14473660929992171,0.14473660933505317,0.14357153051410076,0.14357153047609592,0.14357153043765694,0.14357153047609592,0.14357153051410076,0.14357153047609592,0.14357153039889797,0.1435715302849541,0.14357153039889797,0.14357153047609592,0.14357153043765694,0.1435715302849541,0.14357152986268834,0.1435715302849541,0.14357153043765694,0.14357153047609592,0.14357153039889797,0.1435715302849541,0.14357153039889797,0.14357153047609592,0.14357153051410076,0.14357153047609592,0.14357153043765694,0.14357153047609592,0.14357153051410076,0.14242936439784015,0.14242936435857328,0.14242936431862865,0.14242936435857328,0.14242936439784015,0.14242936435857328,0.1424293642782766,0.14242936415761895,0.1424293642782766,0.14242936435857328,0.14242936431862865,0.14242936415761895,0.1424293636848116,0.14242936415761895,0.14242936431862865,0.14242936435857328,0.1424293642782766,0.14242936415761895,0.1424293642782766,0.14242936435857328,0.14242936439784015,0.14242936435857328,0.14242936431862865,0.14242936435857328,0.14242936439784015,0.1413096029679042,0.14130960292985326,0.14130960288850605,0.14130960292985326,0.1413096029679042,0.14130960292985326,0.14130960284610003,0.1413096027079871,0.14130960284610003,0.14130960292985326,0.14130960288850605,0.1413096027079871,0.14130960211442412,0.1413096027079871,0.14130960288850605,0.14130960292985326,0.14130960284610003,0.1413096027079871,0.14130960284610003,0.14130960292985326,0.1413096029679042,0.14130960292985326,0.14130960288850605,0.14130960292985326,0.1413096029679042,0.14021174739652373,0.14021174737098624,0.1402117473393199,0.14021174737098624,0.14021174739652373,0.14021174737098624,0.14021174730605893,0.14021174717918222,0.14021174730605893,0.14021174737098624,0.1402117473393199,0.14021174717918222,0.14021174652925525,0.14021174717918222,0.1402117473393199,0.14021174737098624,0.14021174730605893,0.14021174717918222,0.14021174730605893,0.14021174737098624,0.14021174739652373,0.14021174737098624,0.1402117473393199,0.14021174737098624,0.14021174739652373,0.13913530815737768,0.13913530816512754,0.13913530816983244,0.13913530816512754,0.13913530815737768,0.13913530816512754,0.13913530817378714,0.13913530817399444,0.13913530817378714,0.13913530816512754,0.13913530816983244,0.13913530817399444,0.13913530814236905,0.13913530817399444,0.13913530816983244,0.13913530816512754,0.13913530817378714,0.13913530817399444,0.13913530817378714,0.13913530816512754,0.13913530815737768,0.13913530816512754,0.13913530816983244,0.13913530816512754,0.13913530815737768,0.13807980509894882,0.13807980515060736,0.1380798052033489,0.13807980515060736,0.13807980509894882,0.13807980515060736,0.13807980525701555,0.13807980540579484,0.13807980525701555,0.13807980515060736,0.1380798052033489,0.13807980540579484,0.13807980583207527,0.13807980540579484,0.1380798052033489,0.13807980515060736,0.13807980525701555,0.13807980540579484,0.13807980525701555,0.13807980515060736,0.13807980509894882,0.13807980515060736,0.1380798052033489,0.13807980515060736,0.13807980509894882,0.13704476752580658,0.13704476761763282,0.13704476772989477,0.13704476761763282,0.13704476752580658,0.13704476761763282,0.1370447678465259,0.13704476830933937,0.1370447678465259,0.13704476761763282,0.13704476772989477,0.13704476830933937,0.13704477088322942,0.13704476830933937,0.13704476772989477,0.13704476761763282,0.1370447678465259,0.13704476830933937,0.1370447678465259,0.13704476761763282,0.13704476752580658,0.13704476761763282,0.13704476772989477,0.13704476761763282,0.13704476752580658,0.13602973425972825,0.1360297343244923,0.13602973438810181,0.1360297343244923,0.13602973425972825,0.1360297343244923,0.13602973445200642,0.13602973462304968,0.13602973445200642,0.1360297343244923,0.13602973438810181,0.13602973462304968,0.13602973509863972,0.13602973462304968,0.13602973438810181,0.1360297343244923,0.13602973445200642,0.13602973462304968,0.13602973445200642,0.1360297343244923,0.13602973425972825,0.1360297343244923,0.13602973438810181,0.1360297343244923,0.13602973425972825,0.13503425377643577,0.13503425381713346,0.13503425385078377,0.13503425381713346,0.13503425377643577,0.13503425381713346,0.13503425388275556,0.1350342539479224,0.13503425388275556,0.13503425381713346,0.13503425385078377,0.1350342539479224,0.13503425406658034,0.1350342539479224,0.13503425385078377,0.13503425381713346,0.13503425388275556,0.1350342539479224,0.13503425388275542,0.13503425381713346,0.13503425377643577,0.13503425381713346,0.13503425385078377,0.13503425381713346,0.13503425377643577
0.1653324873004094,0.16533248730040917,0.16533248730040917,0.16533248730040917,0.1653324873004094,0.16533248730040917,0.16533248730040917,0.16533248730040917,0.16533248730040917,0.16533248730040917,0.16533248730040917,0.16533248730040917,0.16533248730040917,0.16533248730040917,0.16533248730040917,0.16533248730040917,0.16533248730040917,0.16533248730040917,0.16533248730040917,0.1653324873004094,0.1653324873004094,0.16533248730040917,0.16533248730040917,0.1653324873004094,0.1653324873004094,0.1637574935912774,0.1637574935912774,0.1637574935912774,0.1637574935912774,0.1637574935912774,0.1637574935912774,0.1637574935912774,0.1637574935912774,0.1637574935912774,0.1637574935912774,0.1637574935912774,0.1637574935912774,0.1637574935912774,0.1637574935912774,0.1637574935912774,0.1637574935912774,0.1637574935912774,0.1637574935912774,0.1637574935912774,0.1637574935912774,0.1637574935912774,0.1637574935912774,0.1637574935912774,0.1637574935912774,0.1637574935912774,0.16221388381386728,0.16221388381386728,0.16221388381386706,0.16221388381386728,0.16221388381386728,0.16221388381386728,0.16221388381386706,0.16221388381386706,0.16221388381386706,0.16221388381386728,0.16221388381386706,0.16221388381386706,0.16221388381386706,0.16221388381386706,0.16221388381386706,0.16221388381386728,0.16221388381386706,0.16221388381386706,0.16221388381386706,0.16221388381386728,0.16221388381386728,0.16221388381386728,0.16221388381386706,0.16221388381386728,0.16221388381386728,0.16070106692521882,0.16070106692521882,0.16070106692521857,0.16070106692521882,0.16070106692521882,0.16070106692521882,0.16070106692521857,0.16070106692521838,0.16070106692521857,0.16070106692521882,0.16070106692521857,0.16070106692521838,0.16070106692521838,0.16070106692521838,0.16070106692521857,0.16070106692521882,0.16070106692521857,0.16070106692521838,0.16070106692521857,0.16070106692521882,0.16070106692521882,0.16070106692521882,0.16070106692521857,0.16070106692521882,0.16070106692521882,0.1592184513003107,0.15921845130031007,0.15921845130030984,0.15921845130031007,0.1592184513003107,0.15921845130031007,0.15921845130030962,0.1592184513003092,0.15921845130030962,0.15921845130031007,0.15921845130030984,0.1592184513003092,0.15921845130030873,0.1592184513003092,0.15921845130030984,0.15921845130031007,0.15921845130030962,0.1592184513003092,0.15921845130030962,0.1592184513003103,0.1592184513003107,0.15921845130031007,0.15921845130030984,0.1592184513003103,0.1592184513003107,0.15776544608391088,0.1577654460839092,0.1577654460839079,0.1577654460839092,0.15776544608391088,0.1577654460839092,0.15776544608390705,0.15776544608390597,0.15776544608390705,0.1577654460839092,0.1577654460839079,0.15776544608390597,0.1577654460839047,0.15776544608390597,0.1577654460839079,0.1577654460839092,0.15776544608390705,0.15776544608390597,0.15776544608390705,0.1577654460839092,0.15776544608391088,0.1577654460839092,0.1577654460839079,0.1577654460839092,0.15776544608391088,0.15634146240490163,0.15634146240489577,0.156341462404892,0.15634146240489577,0.15634146240490163,0.15634146240489577,0.1563414624048895,0.15634146240488575,0.1563414624048895,0.15634146240489577,0.156341462404892,0.15634146240488575,0.15634146240488175,0.15634146240488575,0.156341462404892,0.15634146240489577,0.1563414624048895,0.15634146240488575,0.1563414624048895,0.15634146240489577,0.15634146240490163,0.15634146240489577,0.156341462404892,0.15634146240489577,0.15634146240490163,0.15494591446334235,0.15494591446332454,0.15494591446331327,0.15494591446332454,0.15494591446334235,0.15494591446332454,0.15494591446330527,0.15494591446329317,0.15494591446330527,0.15494591446332454,0.15494591446331327,0.15494591446329317,0.15494591446328027,0.15494591446329317,0.15494591446331327,0.15494591446332454,0.15494591446330527,0.15494591446329317,0.15494591446330527,0.15494591446332454,0.15494591446334235,0.15494591446332454,0.15494591446331327,0.15494591446332454,0.15494591446334235,0.1535782204999875,0.1535782204999335,0.15357822049989894,0.1535782204999335,0.1535782204999875,0.1535782204999335,0.15357822049987363,0.1535782204998347,0.15357822049987363,0.1535782204999335,0.15357822049989894,0.1535782204998347,0.1535782204997927,0.1535782204998347,0.15357822049989894,0.1535782204999335,0.15357822049987363,0.1535782204998347,0.15357822049987363,0.1535782204999335,0.1535782204999875,0.1535782204999335,0.15357822049989894,0.1535782204999335,0.1535782204999875,0.1522378036574208,0.152237803657259,0.15223780365715425,0.152237803657259,0.1522378036574208,0.152237803657259,0.15223780365707354,0.15223780365694994,0.15223780365707354,0.152237803657259,0.15223780365715425,0.15223780365694994,0.15223780365681353,0.15223780365694994,0.15223780365715425,0.152237803657259,0.15223780365707354,0.15223780365694994,0.15223780365707354,0.152237803657259,0.1522378036574208,0.152237803657259,0.15223780365715425,0.152237803657259,0.1522378036574208,0.1509240927414604,0.15092409274098736,0.1509240927406723,0.15092409274098736,0.1509240927414604,0.15092409274098736,0.15092409274041765,0.15092409274002297,0.15092409274041765,0.15092409274098736,0.1509240927406723,0.15092409274002297,0.15092409273956303,0.15092409274002297,0.1509240927406723,0.15092409274098736,0.15092409274041765,0.15092409274002297,0.15092409274041765,0.15092409274098736,0.1509240927414604,0.15092409274098736,0.1509240927406723,0.15092409274098736,0.1509240927414604,0.1496365228910233,0.14963652288968063,0.14963652288874615,0.14963652288968063,0.1496365228910233,0.14963652288968063,0.14963652288795143,0.14963652288666435,0.14963652288795143,0.14963652288968063,0.14963652288874615,0.14963652288666435,0.14963652288503237,0.14963652288666435,0.14963652288874615,0.14963652288968063,0.14963652288795143,0.14963652288666435,0.14963652288795143,0.14963652288968063,0.1496365228910233,0.14963652288968063,0.14963652288874615,0.14963652288968063,0.1496365228910233,0.14837453616429605,0.1483745361606573,0.1483745361579472,0.1483745361606573,0.14837453616429605,0.1483745361606573,0.14837453615551624,0.14837453615122587,0.14837453615551624,0.1483745361606573,0.1483745361579472,0.14837453615122587,0.1483745361449684,0.14837453615122587,0.1483745361579472,0.1483745361606573,0.14837453615551624,0.14837453615122587,0.14837453615551624,0.1483745361606573,0.14837453616429605,0.1483745361606573,0.1483745361579472,0.1483745361606573,0.14837453616429605,0.14713758204888183,0.14713758203974012,0.14713758203221425,0.14713758203974012,0.14713758204888183,0.14713758203974012,0.14713758202510693,0.1471375820105691,0.14713758202510693,0.14713758203974012,0.14713758203221425,0.1471375820105691,0.14713758198394578,0.1471375820105691,0.14713758203221425,0.14713758203974012,0.14713758202510693,0.1471375820105691,0.14713758202510693,0.14713758203974012,0.14713758204888183,0.14713758203974012,0.14713758203221425,0.14713758203974012,0.14713758204888183,0.14592511790335244,0.14592511788317616,0.14592511786411672,0.14592511788317616,0.14592511790335244,0.14592511788317616,0.14592511784525383,0.14592511779687703,0.14592511784525383,0.14592511788317616,0.14592511786411672,0.14592511779687703,0.14592511766881153,0.14592511779687703,0.14592511786411672,0.14592511788317616,0.14592511784525383,0.14592511779687703,0.14592511784525383,0.14592511788317616,0.14592511790335244,0.14592511788317616,0.14592511786411672,0.14592511788317616,0.14592511790335244,0.1447366093355969,0.14473660930055185,0.14473660926183998,0.14473660930055185,0.1447366093355969,0.14473660930055185,0.14473660922236348,0.14473660908298522,0.14473660922236348,0.14473660930055185,0.14473660926183998,0.14473660908298522,0.1447366083850245,0.14473660908298522,0.14473660926183998,0.14473660930055185,0.14473660922236348,0.14473660908298522,0.14473660922236348,0.14473660930055185,0.1447366093355969,0.14473660930055185,0.14473660926183998,0.14473660930055185,0.1447366093355969,0.14357153051423543,0.14357153047625984,0.14357153043784224,0.14357153047625984,0.14357153051423543,0.14357153047625984,0.14357153039910384,0.1435715302851601,0.14357153039910384,0.14357153047625984,0.14357153043784224,0.1435715302851601,0.14357152986244123,0.1435715302851601,0.14357153043784224,0.14357153047625984,0.14357153039910384,0.1435715302851601,0.14357153039910384,0.14357153047625984,0.14357153051423543,0.14357153047625984,0.14357153043784224,0.14357153047625984,0.14357153051423543,0.14242936439749826,0.14242936435822887,0.14242936431827236,0.14242936435822887,0.14242936439749826,0.14242936435822887,0.14242936427790653,0.14242936415716584,0.14242936427790653,0.14242936435822887,0.14242936431827236,0.14242936415716584,0.1424293636838254,0.14242936415716584,0.14242936431827236,0.14242936435822887,0.14242936427790653,0.14242936415716584,0.14242936427790653,0.14242936435822887,0.14242936439749826,0.14242936435822887,0.14242936431827236,0.14242936435822887,0.14242936439749826,0.14130960296708286,0.14130960292902747,0.14130960288767486,0.14130960292902747,0.14130960296708286,0.14130960292902747,0.1413096028452634,0.14130960270713103,0.1413096028452634,0.14130960292902747,0.14130960288767486,0.14130960270713103,0.14130960211348897,0.14130960270713103,0.14130960288767486,0.14130960292902747,0.1413096028452634,0.14130960270713103,0.1413096028452634,0.14130960292902747,0.14130960296708286,0.14130960292902747,0.14130960288767486,0.14130960292902747,0.14130960296708286,0.14021174739522305,0.14021174736968267,0.1402117473380197,0.14021174736968267,0.14021174739522305,0.14021174736968267,0.1402117473047634,0.14021174717793125,0.1402117473047634,0.14021174736968267,0.1402117473380197,0.14021174717793125,0.1402117465283608,0.14021174717793125,0.1402117473380197,0.14021174736968267,0.1402117473047634,0.14021174717793125,0.1402117473047634,0.14021174736968267,0.14021174739522305,0.14021174736968267,0.1402117473380197,0.14021174736968267,0.14021174739522305,0.13913530815559386,0.1391353081633219,0.13913530816800976,0.1391353081633219,0.13913530815559386,0.1391353081633219,0.13913530817194864,0.13913530817212919,0.13913530817194864,0.1391353081633219,0.13913530816800976,0.13913530817212919,0.13913530814047678,0.13913530817212919,0.13913530816800976,0.1391353081633219,0.13913530817194864,0.13913530817212919,0.13913530817194864,0.1391353081633219,0.13913530815559386,0.1391353081633219,0.13913530816800976,0.1391353081633219,0.13913530815559386,0.138079805096717,0.13807980514831772,0.1380798052010014,0.13807980514831772,0.138079805096717,0.13807980514831772,0.13807980525460992,0.13807980540323184,0.13807980525460992,0.13807980514831772,0.1380798052010014,0.13807980540323184,0.1380798058290709,0.13807980540323184,0.1380798052010014,0.13807980514831772,0.13807980525460992,0.13807980540323184,0.13807980525460992,0.13807980514831772,0.138079805096717,0.13807980514831772,0.1380798052010014,0.13807980514831772,0.138079805096717,0.1370447675232354,0.1370447676149671,0.13704476772711457,0.1370447676149671,0.1370447675232354,0.1370447676149671,0.13704476784362707,0.13704476830597273,0.13704476784362707,0.1370447676149671,0.13704476772711457,0.13704476830597273,0.13704477087727002,0.13704476830597273,0.13704476772711457,0.1370447676149671,0.13704476784362707,0.13704476830597273,0.13704476784362707,0.1370447676149671,0.1370447675232354,0.1370447676149671,0.13704476772711457,0.1370447676149671,0.1370447675232354,0.13602973425700318,0.13602973432170132,0.13602973438524626,0.13602973432170132,0.13602973425700318,0.13602973432170132,0.13602973444908614,0.13602973461995663,0.13602973444908614,0.13602973432170132,0.13602973438524626,0.13602973461995663,0.13602973509506755,0.13602973461995663,0.13602973438524626,0.13602973432170132,0.13602973444908614,0.13602973461995663,0.13602973444908614,0.13602973432170132,0.13602973425700318,0.13602973432170132,0.13602973438524626,0.13602973432170132,0.13602973425700318,0.135034253773685,0.1350342538143413,0.1350342538479574,0.1350342538143413,0.135034253773685,0.1350342538143413,0.13503425387989687,0.1350342539449979,0.13503425387989687,0.1350342538143413,0.1350342538479574,0.1350342539449979,0.1350342540635361,0.1350342539449979,0.1350342538479574,0.1350342538143413,0.13503425387989687,0.1350342539449979,0.13503425387989687,0.1350342538143413,0.135034253773685,0.1350342538143413,0.1350342538479574,0.1350342538143413,0.135034253773685
0.1653324873016389,0.1653324873016389,0.1653324873016389,0.1653324873016389,0.1653324873016389,0.1653324873016389,0.1653324873016389,0.1653324873016389,0.1653324873016389,0.1653324873016389,0.1653324873016389,0.1653324873016389,0.1653324873016389,0.1653324873016389,0.1653324873016389,0.1653324873016389,0.1653324873016389,0.1653324873016389,0.1653324873016389,0.1653324873016389,0.1653324873016389,0.1653324873016389,0.1653324873016389,0.1653324873016389,0.1653324873016389,0.1637574935924845,0.16375749359248426,0.16375749359248426,0.16375749359248426,0.1637574935924845,0.16375749359248426,0.16375749359248426,0.16375749359248426,0.16375749359248426,0.16375749359248426,0.16375749359248426,0.16375749359248426,0.16375749359248426,0.16375749359248426,0.16375749359248426,0.16375749359248426,0.16375749359248426,0.16375749359248426,0.16375749359248426,0.16375749359248426,0.1637574935924845,0.16375749359248426,0.16375749359248426,0.16375749359248426,0.16375749359248426,0.16221388381505347,0.16221388381505325,0.16221388381505325,0.16221388381505325,0.16221388381505347,0.16221388381505325,0.16221388381505325,0.16221388381505325,0.16221388381505325,0.16221388381505325,0.16221388381505325,0.16221388381505325,0.16221388381505325,0.16221388381505325,0.16221388381505325,0.16221388381505325,0.16221388381505325,0.16221388381505325,0.16221388381505325,0.16221388381505325,0.16221388381505347,0.16221388381505325,0.16221388381505325,0.16221388381505325,0.16221388381505347,0.1607010669263862,0.160701066926386,0.16070106692638578,0.160701066926386,0.1607010669263862,0.160701066926386,0.16070106692638578,0.16070106692638556,0.16070106692638578,0.160701066926386,0.16070106692638578,0.16070106692638556,0.16070106692638556,0.16070106692638556,0.16070106692638578,0.160701066926386,0.16070106692638578,0.16070106692638556,0.16070106692638578,0.160701066926386,0.1607010669263862,0.160701066926386,0.16070106692638578,0.160701066926386,0.1607010669263862,0.15921845130146114,0.15921845130146048,0.15921845130146003,0.15921845130146048,0.15921845130146114,0.15921845130146048,0.1592184513014598,0.15921845130145937,0.1592184513014598,0.15921845130146048,0.15921845130146003,0.15921845130145937,0.15921845130145915,0.15921845130145937,0.15921845130146003,0.15921845130146048,0.1592184513014598,0.15921845130145937,0.1592184513014598,0.15921845130146048,0.15921845130146114,0.15921845130146048,0.15921845130146003,0.15921845130146048,0.15921845130146114,0.15776544608504645,0.1577654460850445,0.15776544608504325,0.1577654460850445,0.15776544608504645,0.1577654460850445,0.1577654460850426,0.15776544608504134,0.1577654460850426,0.1577654460850445,0.15776544608504325,0.15776544608504134,0.15776544608504003,0.15776544608504134,0.15776544608504325,0.1577654460850445,0.1577654460850426,0.15776544608504134,0.1577654460850426,0.1577654460850445,0.15776544608504645,0.1577654460850445,0.15776544608504325,0.1577654460850445,0.15776544608504645,0.1563414624060239,0.15634146240601804,0.1563414624060145,0.15634146240601804,0.1563414624060239,0.15634146240601804,0.15634146240601196,0.1563414624060082,0.15634146240601196,0.15634146240601804,0.1563414624060145,0.1563414624060082,0.15634146240600424,0.1563414624060082,0.1563414624060145,0.15634146240601804,0.15634146240601196,0.1563414624060082,0.15634146240601196,0.15634146240601804,0.1563414624060239,0.15634146240601804,0.1563414624060145,0.15634146240601804,0.1563414624060239,0.1549459144644535,0.15494591446443567,0.1549459144644246,0.15494591446443567,0.1549459144644535,0.15494591446443567,0.1549459144644166,0.15494591446440453,0.1549459144644166,0.15494591446443567,0.1549459144644246,0.15494591446440453,0.15494591446439182,0.15494591446440453,0.1549459144644246,0.15494591446443567,0.1549459144644166,0.15494591446440453,0.1549459144644166,0.15494591446443567,0.1549459144644535,0.15494591446443567,0.1549459144644246,0.15494591446443567,0.1549459144644535,0.15357822050108913,0.1535782205010353,0.15357822050100095,0.1535782205010353,0.15357822050108913,0.1535782205010353,0.1535782205009759,0.1535782205009371,0.1535782205009759,0.1535782205010353,0.15357822050100095,0.1535782205009371,0.1535782205008953,0.1535782205009371,0.15357822050100095,0.1535782205010353,0.1535782205009759,0.1535782205009371,0.1535782205009759,0.1535782205010353,0.15357822050108913,0.1535782205010353,0.15357822050100095,0.1535782205010353,0.15357822050108913,0.15223780365851405,0.15223780365835302,0.1522378036582487,0.15223780365835302,0.15223780365851405,0.15223780365835302,0.15223780365816836,0.15223780365804554,0.15223780365816836,0.15223780365835302,0.1522378036582487,0.15223780365804554,0.15223780365790954,0.15223780365804554,0.1522378036582487,0.15223780365835302,0.15223780365816836,0.15223780365804554,0.15223780365816836,0.15223780365835302,0.15223780365851405,0.15223780365835302,0.1522378036582487,0.15223780365835302,0.15223780365851405,0.1509240927425454,0.15092409274207427,0.15092409274176077,0.15092409274207427,0.1509240927425454,0.15092409274207427,0.15092409274150728,0.1509240927411143,0.15092409274150728,0.15092409274207427,0.15092409274176077,0.1509240927411143,0.1509240927406563,0.1509240927411143,0.15092409274176077,0.15092409274207427,0.15092409274150728,0.1509240927411143,0.15092409274150728,0.15092409274207427,0.1509240927425454,0.15092409274207427,0.15092409274176077,0.15092409274207427,0.1509240927425454,0.14963652289209747,0.14963652289076027,0.14963652288982981,0.14963652289076027,0.14963652289209747,0.14963652289076027,0.14963652288903848,0.14963652288775725,0.14963652288903848,0.14963652289076027,0.14963652288982981,0.14963652288775725,0.14963652288613263,0.14963652288775725,0.14963652288982981,0.14963652289076027,0.14963652288903848,0.14963652288775725,0.14963652288903848,0.14963652289076027,0.14963652289209747,0.14963652289076027,0.14963652288982981,0.14963652289076027,0.14963652289209747,0.1483745361653487,0.14837453616172497,0.1483745361590262,0.14837453616172497,0.1483745361653487,0.14837453616172497,0.1483745361566058,0.14837453615233467,0.1483745361566058,0.14837453616172497,0.1483745361590262,0.14837453615233467,0.1483745361461065,0.14837453615233467,0.1483745361590262,0.14837453616172497,0.1483745361566058,0.14837453615233467,0.1483745361566058,0.14837453616172497,0.1483745361653487,0.14837453616172497,0.1483745361590262,0.14837453616172497,0.1483745361653487,0.14713758204988292,0.14713758204077718,0.14713758203328275,0.14713758204077718,0.14713758204988311,0.14713758204077718,0.14713758202620558,0.14713758201173313,0.14713758202620558,0.14713758204077718,0.14713758203328275,0.14713758201173313,0.1471375819852379,0.14713758201173313,0.14713758203328275,0.14713758204077718,0.14713758202620558,0.14713758201173313,0.14713758202620558,0.14713758204077718,0.14713758204988311,0.14713758204077718,0.14713758203328275,0.14713758204077718,0.14713758204988311,0.1459251179042276,0.1459251178841247,0.14592511786514095,0.1459251178841247,0.1459251179042276,0.1459251178841247,0.1459251178463548,0.14592511779819506,0.1459251178463548,0.1459251178841247,0.14592511786514095,0.14592511779819506,0.1459251176707624,0.14592511779819506,0.14592511786514095,0.1459251178841247,0.1459251178463548,0.14592511779819506,0.1459251178463548,0.1459251178841247,0.1459251179042276,0.1459251178841247,0.14592511786514095,0.1459251178841247,0.1459251179042276,0.144736609336193,0.1447366093012509,0.14473660926267273,0.1447366093012509,0.144736609336193,0.1447366093012509,0.14473660922333587,0.1447366090845525,0.14473660922333587,0.1447366093012509,0.14473660926267273,0.1447366090845525,0.14473660839013183,0.1447366090845525,0.14473660926267273,0.1447366093012509,0.14473660922333587,0.1447366090845525,0.14473660922333587,0.1447366093012509,0.144736609336193,0.1447366093012509,0.14473660926267273,0.1447366093012509,0.144736609336193,0.1435715305143347,0.14357153047639193,0.14357153043799764,0.14357153047639193,0.1435715305143347,0.14357153047639193,0.14357153039928128,0.14357153028533173,0.14357153039928128,0.14357153047639193,0.14357153043799764,0.14357153028533173,0.14357152986204663,0.14357153028533173,0.14357153043799764,0.14357153047639193,0.14357153039928128,0.14357153028533173,0.14357153039928128,0.14357153047639193,0.1435715305143347,0.14357153047639193,0.14357153043799764,0.14357153047639193,0.1435715305143347,0.1424293643970259,0.14242936435774792,0.14242936431777178,0.14242936435774792,0.1424293643970259,0.14242936435774792,0.14242936427738367,0.14242936415652588,0.14242936427738367,0.14242936435774792,0.14242936431777178,0.14242936415652588,0.14242936368249848,0.14242936415652588,0.14242936431777178,0.14242936435774792,0.14242936427738367,0.14242936415652588,0.14242936427738367,0.14242936435774792,0.1424293643970259,0.14242936435774792,0.14242936431777178,0.14242936435774792,0.1424293643970259,0.14130960296604722,0.14130960292797884,0.14130960288661124,0.14130960292797884,0.14130960296604722,0.14130960292797884,0.14130960284418384,0.14130960270599885,0.14130960284418384,0.14130960292797884,0.14130960288661124,0.14130960270599885,0.14130960211216256,0.14130960270599885,0.14130960288661124,0.14130960292797884,0.14130960284418384,0.14130960270599885,0.14130960284418384,0.14130960292797884,0.14130960296604722,0.14130960292797884,0.14130960288661124,0.14130960292797884,0.14130960296604722,0.14021174739364115,0.1402117473680903,0.14021174733642267,0.1402117473680903,0.14021174739364115,0.1402117473680903,0.14021174730316296,0.14021174717634985,0.14021174730316296,0.1402117473680903,0.14021174733642267,0.14021174717634985,0.14021174652699142,0.14021174717634985,0.14021174733642267,0.1402117473680903,0.14021174730316296,0.14021174717634985,0.14021174730316296,0.1402117473680903,0.14021174739364115,0.1402117473680903,0.14021174733642267,0.1402117473680903,0.14021174739364115,0.13913530815347738,0.13913530816117725,0.13913530816584282,0.13913530816117725,0.13913530815347738,0.13913530816117725,0.13913530816976083,0.13913530816990283,0.13913530816976083,0.13913530816117725,0.13913530816584282,0.13913530816990283,0.13913530813819694,0.13913530816990283,0.13913530816584282,0.13913530816117725,0.13913530816976083,0.13913530816990283,0.13913530816976083,0.13913530816117725,0.13913530815347738,0.13913530816117725,0.13913530816584282,0.13913530816117725,0.13913530815347738,0.1380798050941123,0.1380798051456487,0.13807980519826882,0.1380798051456487,0.1380798050941123,0.1380798051456487,0.1380798052518133,0.1380798054002625,0.1380798052518133,0.1380798051456487,0.13807980519826882,0.1380798054002625,0.1380798058256209,0.1380798054002625,0.13807980519826882,0.1380798051456487,0.1380798052518133,0.1380798054002625,0.1380798052518133,0.1380798051456487,0.1380798050941123,0.1380798051456487,0.13807980519826882,0.1380798051456487,0.1380798050941123,0.13704476752026454,0.1370447676118933,0.13704476772391683,0.1370447676118933,0.13704476752026454,0.1370447676118933,0.13704476784030106,0.13704476830214193,0.13704476784030106,0.1370447676118933,0.13704476772391683,0.13704476830214193,0.13704477087064854,0.13704476830214193,0.13704476772391683,0.1370447676118933,0.13704476784030106,0.13704476830214193,0.13704476784030106,0.1370447676118933,0.13704476752026454,0.1370447676118933,0.13704476772391683,0.1370447676118933,0.13704476752026454,0.13602973425386794,0.1360297343184945,0.1360297343819698,0.1360297343184945,0.13602973425386794,0.1360297343184945,0.13602973444573976,0.1360297346164237,0.13602973444573976,0.1360297343184945,0.1360297343819698,0.1360297346164237,0.13602973509101798,0.1360297346164237,0.1360297343819698,0.1360297343184945,0.13602973444573976,0.1360297346164237,0.13602973444573976,0.1360297343184945,0.13602973425386794,0.1360297343184945,0.1360297343819698,0.1360297343184945,0.13602973425386794,0.13503425377052464,0.13503425381113635,0.1350342538447156,0.13503425381113635,0.13503425377052464,0.13503425381113635,0.1350342538766201,0.13503425394165006,0.1350342538766201,0.13503425381113635,0.1350342538447156,0.13503425394165006,0.13503425406005914,0.13503425394165006,0.1350342538447156,0.13503425381113635,0.1350342538766201,0.13503425394165006,0.1350342538766201,0.13503425381113635,0.13503425377052464,0.13503425381113635,0.1350342538447156,0.13503425381113635,0.13503425377052464
0.16533248730306235,0.16533248730306235,0.16533248730306235,0.16533248730306235,0.16533248730306235,0.16533248730306235,0.16533248730306235,0.16533248730306235,0.16533248730306235,0.16533248730306235,0.16533248730306235,0.16533248730306235,0.16533248730306235,0.16533248730306235,0.16533248730306235,0.16533248730306235,0.16533248730306235,0.16533248730306235,0.16533248730306235,0.16533248730306235,0.16533248730306235,0.16533248730306235,0.16533248730306235,0.16533248730306235,0.16533248730306235,0.16375749359388125,0.16375749359388125,0.16375749359388125,0.16375749359388125,0.16375749359388125,0.16375749359388125,0.16375749359388125,0.16375749359388125,0.16375749359388125,0.16375749359388125,0.16375749359388125,0.16375749359388125,0.16375749359388125,0.16375749359388125,0.16375749359388125,0.16375749359388125,0.16375749359388125,0.16375749359388125,0.16375749359388125,0.16375749359388125,0.16375749359388125,0.16375749359388125,0.16375749359388125,0.16375749359388125,0.16375749359388125,0.16221388381642557,0.16221388381642557,0.16221388381642532,0.16221388381642557,0.16221388381642557,0.16221388381642557,0.16221388381642532,0.16221388381642532,0.16221388381642532,0.16221388381642557,0.16221388381642532,0.16221388381642532,0.16221388381642532,0.16221388381642532,0.16221388381642532,0.16221388381642557,0.16221388381642532,0.16221388381642532,0.16221388381642532,0.16221388381642557,0.16221388381642557,0.16221388381642557,0.16221388381642532,0.16221388381642557,0.16221388381642557,0.16070106692773556,0.16070106692773536,0.16070106692773514,0.16070106692773536,0.16070106692773556,0.16070106692773536,0.16070106692773514,0.1607010669277349,0.16070106692773514,0.16070106692773536,0.16070106692773514,0.1607010669277349,0.1607010669277349,0.1607010669277349,0.16070106692773514,0.16070106692773536,0.16070106692773514,0.1607010669277349,0.16070106692773514,0.16070106692773536,0.16070106692773556,0.16070106692773536,0.16070106692773514,0.16070106692773536,0.16070106692773556,0.15921845130278942,0.159218451302789,0.15921845130278856,0.159218451302789,0.15921845130278942,0.159218451302789,0.15921845130278833,0.1592184513027879,0.15921845130278833,0.159218451302789,0.15921845130278856,0.1592184513027879,0.15921845130278744,0.1592184513027879,0.15921845130278856,0.159218451302789,0.15921845130278833,0.1592184513027879,0.15921845130278833,0.159218451302789,0.15921845130278942,0.159218451302789,0.15921845130278856,0.159218451302789,0.15921845130278942,0.15776544608635568,0.15776544608635396,0.15776544608635268,0.15776544608635396,0.15776544608635568,0.15776544608635396,0.15776544608635204,0.15776544608635076,0.15776544608635204,0.15776544608635396,0.15776544608635268,0.15776544608635076,0.1577654460863495,0.15776544608635076,0.15776544608635268,0.15776544608635396,0.15776544608635204,0.15776544608635076,0.15776544608635204,0.15776544608635396,0.15776544608635568,0.15776544608635396,0.15776544608635268,0.15776544608635396,0.15776544608635568,0.1563414624073162,0.1563414624073105,0.15634146240730679,0.1563414624073105,0.1563414624073162,0.1563414624073105,0.15634146240730448,0.1563414624073007,0.15634146240730448,0.1563414624073105,0.15634146240730679,0.1563414624073007,0.15634146240729674,0.1563414624073007,0.15634146240730679,0.1563414624073105,0.15634146240730448,0.1563414624073007,0.15634146240730448,0.1563414624073105,0.1563414624073162,0.1563414624073105,0.15634146240730679,0.1563414624073105,0.1563414624073162,0.15494591446573064,0.154945914465713,0.15494591446570194,0.154945914465713,0.15494591446573064,0.154945914465713,0.15494591446569417,0.1549459144656821,0.15494591446569417,0.154945914465713,0.15494591446570194,0.1549459144656821,0.15494591446566958,0.1549459144656821,0.15494591446570194,0.154945914465713,0.15494591446569417,0.1549459144656821,0.15494591446569417,0.154945914465713,0.15494591446573064,0.154945914465713,0.15494591446570194,0.154945914465713,0.15494591446573064,0.15357822050235287,0.15357822050229922,0.15357822050226508,0.15357822050229922,0.15357822050235287,0.15357822050229922,0.15357822050224015,0.1535782205022018,0.15357822050224015,0.15357822050229922,0.15357822050226508,0.1535782205022018,0.15357822050216044,0.1535782205022018,0.15357822050226508,0.15357822050229922,0.15357822050224015,0.1535782205022018,0.15357822050224015,0.15357822050229922,0.15357822050235287,0.15357822050229922,0.15357822050226508,0.15357822050229922,0.15357822050235287,0.15223780365976536,0.1522378036596051,0.15223780365950138,0.1522378036596051,0.15223780365976536,0.1522378036596051,0.15223780365942166,0.1522378036592992,0.15223780365942166,0.1522378036596051,0.15223780365950138,0.1522378036592992,0.15223780365916398,0.1522378036592992,0.15223780365950138,0.1522378036596051,0.15223780365942166,0.1522378036592992,0.15223780365942166,0.1522378036596051,0.15223780365976536,0.1522378036596051,0.15223780365950138,0.1522378036596051,0.15223780365976536,0.15092409274378413,0.15092409274331553,0.1509240927430034,0.15092409274331553,0.15092409274378413,0.15092409274331553,0.15092409274275123,0.15092409274236018,0.15092409274275123,0.15092409274331553,0.1509240927430034,0.15092409274236018,0.15092409274190488,0.15092409274236018,0.1509240927430034,0.15092409274331553,0.15092409274275123,0.15092409274236018,0.15092409274275123,0.15092409274331553,0.15092409274378413,0.15092409274331553,0.1509240927430034,0.15092409274331553,0.15092409274378413,0.1496365228933201,0.1496365228919895,0.14963652289106397,0.1496365228919895,0.1496365228933201,0.1496365228919895,0.1496365228902766,0.14963652288900198,0.1496365228902766,0.1496365228919895,0.14963652289106397,0.14963652288900198,0.14963652288738608,0.14963652288900198,0.14963652289106397,0.1496365228919895,0.1496365228902766,0.14963652288900198,0.1496365228902766,0.1496365228919895,0.1496365228933201,0.1496365228919895,0.14963652289106397,0.1496365228919895,0.1496365228933201,0.1483745361665432,0.14837453616293683,0.14837453616025142,0.14837453616293683,0.1483745361665432,0.14837453616293683,0.14837453615784324,0.14837453615359456,0.14837453615784324,0.14837453616293683,0.14837453616025142,0.14837453615359456,0.14837453614740065,0.14837453615359456,0.14837453616025142,0.14837453616293683,0.14837453615784324,0.14837453615359456,0.14837453615784324,0.14837453616293683,0.1483745361665432,0.14837453616293683,0.14837453616025142,0.14837453616293683,0.1483745361665432,0.14713758205101393,0.14713758204195015,0.14713758203449206,0.14713758204195015,0.14713758205101393,0.14713758204195015,0.14713758202745028,0.14713758201305432,0.14713758202745028,0.14713758204195015,0.14713758203449206,0.14713758201305432,0.14713758198670843,0.14713758201305432,0.14713758203449206,0.14713758204195015,0.14713758202745028,0.14713758201305432,0.14713758202745028,0.14713758204195015,0.14713758205101393,0.14713758204195015,0.14713758203449206,0.14713758204195015,0.14713758205101393,0.14592511790520787,0.14592511788519044,0.14592511786629497,0.14592511788519044,0.14592511790520787,0.14592511788519044,0.14592511784759862,0.14592511779969203,0.14592511784759862,0.14592511788519044,0.14592511786629497,0.14592511779969203,0.14592511767299926,0.14592511779969203,0.14592511786629497,0.14592511788519044,0.14592511784759862,0.14592511779969203,0.14592511784759862,0.14592511788519044,0.14592511790520787,0.14592511788519044,0.14592511786629497,0.14592511788519044,0.14592511790520787,0.14473660933684404,0.14473660930202187,0.1447366092635991,0.14473660930202187,0.14473660933684404,0.14473660930202187,0.14473660922442505,0.14473660908633623,0.14473660922442505,0.14473660930202187,0.1447366092635991,0.14473660908633623,0.14473660839603056,0.14473660908633623,0.1447366092635991,0.14473660930202187,0.14473660922442505,0.14473660908633623,0.14473660922442505,0.14473660930202187,0.14473660933684404,0.14473660930202187,0.1447366092635991,0.14473660930202187,0.14473660933684404,0.14357153051440466,0.1435715304764977,0.1435715304381287,0.1435715304764977,0.14357153051440466,0.1435715304764977,0.14357153039943632,0.14357153028547512,0.14357153039943632,0.1435715304764977,0.1435715304381287,0.14357153028547512,0.14357152986148078,0.14357153028547512,0.1435715304381287,0.1435715304764977,0.14357153039943632,0.14357153028547512,0.14357153039943632,0.1435715304764977,0.14357153051440466,0.1435715304764977,0.1435715304381287,0.1435715304764977,0.14357153051440466,0.14242936439643172,0.14242936435713915,0.14242936431713552,0.14242936435713915,0.14242936439643172,0.14242936435713915,0.14242936427671665,0.14242936415570825,0.14242936427671665,0.14242936435713915,0.14242936431713552,0.14242936415570825,0.14242936368079276,0.14242936415570825,0.14242936431713552,0.14242936435713915,0.14242936427671665,0.14242936415570825,0.14242936427671665,0.14242936435713915,0.14242936439643172,0.14242936435713915,0.14242936431713552,0.14242936435713915,0.14242936439643172,0.14130960296480813,0.1413096029267182,0.14130960288532593,0.1413096029267182,0.14130960296480813,0.1413096029267182,0.14130960284287303,0.14130960270460222,0.14130960284287303,0.1413096029267182,0.14130960288532593,0.14130960270460222,0.14130960211037283,0.14130960270460222,0.14130960288532593,0.1413096029267182,0.14130960284287303,0.14130960270460222,0.14130960284287303,0.1413096029267182,0.14130960296480813,0.1413096029267182,0.14130960288532593,0.1413096029267182,0.14130960296480813,0.14021174739179096,0.14021174736622172,0.1402117473345415,0.14021174736622172,0.14021174739179096,0.14021174736622172,0.1402117473012705,0.14021174717445173,0.1402117473012705,0.14021174736622172,0.1402117473345415,0.14021174717445173,0.14021174652522617,0.14021174717445173,0.1402117473345415,0.14021174736622172,0.1402117473012705,0.14021174717445173,0.1402117473012705,0.14021174736622172,0.14021174739179096,0.14021174736622172,0.1402117473345415,0.14021174736622172,0.14021174739179096,0.13913530815104214,0.13913530815870834,0.1391353081633464,0.13913530815870834,0.13913530815104214,0.13913530815870834,0.13913530816723832,0.13913530816733033,0.13913530816723832,0.13913530815870834,0.1391353081633464,0.13913530816733033,0.13913530813554495,0.13913530816733033,0.1391353081633464,0.13913530815870834,0.13913530816723832,0.13913530816733033,0.13913530816723832,0.13913530815870834,0.13913530815104214,0.13913530815870834,0.1391353081633464,0.13913530815870834,0.13913530815104214,0.13807980509115053,0.13807980514261622,0.13807980519516674,0.13807980514261622,0.13807980509115053,0.13807980514261622,0.13807980524864114,0.13807980539690304,0.13807980524864114,0.13807980514261622,0.13807980519516674,0.13807980539690304,0.13807980582174176,0.13807980539690304,0.13807980519516674,0.13807980514261622,0.13807980524864114,0.13807980539690304,0.13807980524864114,0.13807980514261622,0.13807980509115053,0.13807980514261622,0.13807980519516674,0.13807980514261622,0.13807980509115053,0.13704476751691025,0.13704476760842832,0.13704476772031868,0.13704476760842832,0.13704476751691025,0.13704476760842832,0.13704476783656483,0.13704476829786413,0.13704476783656483,0.13704476760842832,0.13704476772031868,0.13704476829786413,0.1370447708633605,0.13704476829786413,0.13704476772031868,0.13704476760842832,0.13704476783656483,0.13704476829786413,0.13704476783656483,0.13704476760842832,0.13704476751691025,0.13704476760842832,0.13704476772031868,0.13704476760842832,0.13704476751691025,0.1360297342503392,0.1360297343148891,0.1360297343782894,0.1360297343148891,0.1360297342503392,0.1360297343148891,0.13602973444198438,0.13602973461246837,0.13602973444198438,0.1360297343148891,0.1360297343782894,0.13602973461246837,0.1360297350865087,0.13602973461246837,0.1360297343782894,0.1360297343148891,0.13602973444198438,0.13602973461246837,0.13602973444198438,0.1360297343148891,0.1360297342503392,0.1360297343148891,0.1360297343782894,0.1360297343148891,0.1360297342503392,0.13503425376697162,0.1350342538075355,0.13503425384107526,0.1350342538075355,0.13503425376697162,0.1350342538075355,0.13503425387294204,0.1350342539378958,0.13503425387294204,0.1350342538075355,0.13503425384107526,0.1350342539378958,0.13503425405616654,0.1350342539378958,0.13503425384107526,0.1350342538075355,0.13503425387294204,0.1350342539378958,0.13503425387294204,0.1350342538075355,0.13503425376697162,0.1350342538075355,0.13503425384107526,0.1350342538075355,0.13503425376697162
0.16533248730467345,0.16533248730467345,0.16533248730467345,0.16533248730467345,0.16533248730467345,0.16533248730467345,0.16533248730467345,0.16533248730467345,0.16533248730467345,0.16533248730467345,0.16533248730467345,0.16533248730467345,0.16533248730467345,0.16533248730467345,0.16533248730467345,0.16533248730467345,0.16533248730467345,0.16533248730467345,0.16533248730467345,0.16533248730467345,0.16533248730467345,0.16533248730467345,0.16533248730467345,0.16533248730467345,0.16533248730467345,0.16375749359546185,0.16375749359546185,0.16375749359546185,0.16375749359546185,0.16375749359546185,0.16375749359546185,0.16375749359546185,0.16375749359546185,0.16375749359546185,0.16375749359546185,0.16375749359546185,0.16375749359546185,0.16375749359546185,0.16375749359546185,0.16375749359546185,0.16375749359546185,0.16375749359546185,0.16375749359546185,0.16375749359546185,0.16375749359546185,0.16375749359546185,0.16375749359546185,0.16375749359546185,0.16375749359546185,0.16375749359546185,0.1622138838179776,0.1622138838179776,0.16221388381797738,0.1622138838179776,0.1622138838179776,0.1622138838179776,0.16221388381797738,0.16221388381797738,0.16221388381797738,0.1622138838179776,0.16221388381797738,0.16221388381797738,0.16221388381797738,0.16221388381797738,0.16221388381797738,0.1622138838179776,0.16221388381797738,0.16221388381797738,0.16221388381797738,0.1622138838179776,0.1622138838179776,0.1622138838179776,0.16221388381797738,0.1622138838179776,0.1622138838179776,0.16070106692926087,0.16070106692926064,0.16070106692926064,0.16070106692926064,0.16070106692926087,0.16070106692926064,0.16070106692926045,0.16070106692926045,0.16070106692926045,0.16070106692926064,0.16070106692926064,0.16070106692926045,0.16070106692926023,0.16070106692926045,0.16070106692926064,0.16070106692926064,0.16070106692926045,0.16070106692926045,0.16070106692926045,0.16070106692926064,0.16070106692926087,0.16070106692926064,0.16070106692926064,0.16070106692926064,0.16070106692926087,0.15921845130429035,0.15921845130428972,0.1592184513042893,0.15921845130428972,0.15921845130429035,0.15921845130428972,0.15921845130428905,0.15921845130428883,0.15921845130428905,0.15921845130428972,0.1592184513042893,0.15921845130428883,0.1592184513042884,0.15921845130428883,0.1592184513042893,0.15921845130428972,0.15921845130428905,0.15921845130428883,0.15921845130428905,0.15921845130428972,0.15921845130429035,0.15921845130428972,0.1592184513042893,0.15921845130428972,0.15921845130429035,0.15776544608783388,0.1577654460878322,0.15776544608783089,0.1577654460878322,0.15776544608783388,0.1577654460878322,0.15776544608783025,0.15776544608782897,0.15776544608783025,0.1577654460878322,0.15776544608783089,0.15776544608782897,0.15776544608782792,0.15776544608782897,0.15776544608783089,0.1577654460878322,0.15776544608783025,0.15776544608782897,0.15776544608783025,0.1577654460878322,0.15776544608783388,0.1577654460878322,0.15776544608783089,0.1577654460878322,0.15776544608783388,0.15634146240877364,0.156341462408768,0.15634146240876445,0.156341462408768,0.15634146240877364,0.156341462408768,0.15634146240876193,0.15634146240875818,0.15634146240876193,0.156341462408768,0.15634146240876445,0.15634146240875818,0.1563414624087544,0.15634146240875818,0.15634146240876445,0.156341462408768,0.15634146240876193,0.15634146240875818,0.15634146240876193,0.156341462408768,0.15634146240877364,0.156341462408768,0.15634146240876445,0.156341462408768,0.15634146240877364,0.15494591446716946,0.15494591446715184,0.1549459144671408,0.15494591446715184,0.15494591446716946,0.15494591446715184,0.1549459144671332,0.1549459144671211,0.1549459144671332,0.15494591446715184,0.1549459144671408,0.1549459144671211,0.1549459144671086,0.1549459144671211,0.1549459144671408,0.15494591446715184,0.1549459144671332,0.1549459144671211,0.1549459144671332,0.15494591446715184,0.15494591446716946,0.15494591446715184,0.1549459144671408,0.15494591446715184,0.15494591446716946,0.1535782205037744,0.1535782205037212,0.15357822050368725,0.1535782205037212,0.1535782205037744,0.1535782205037212,0.15357822050366254,0.1535782205036246,0.15357822050366254,0.1535782205037212,0.15357822050368725,0.1535782205036246,0.15357822050358338,0.1535782205036246,0.15357822050368725,0.1535782205037212,0.15357822050366254,0.1535782205036246,0.15357822050366254,0.1535782205037212,0.1535782205037744,0.1535782205037212,0.15357822050368725,0.1535782205037212,0.1535782205037744,0.15223780366117076,0.15223780366101153,0.15223780366090836,0.15223780366101153,0.15223780366117076,0.15223780366101153,0.15223780366082926,0.1522378036607076,0.15223780366082926,0.15223780366101153,0.15223780366090836,0.1522378036607076,0.15223780366057316,0.1522378036607076,0.15223780366090836,0.15223780366101153,0.15223780366082926,0.1522378036607076,0.15223780366082926,0.15223780366101153,0.15223780366117076,0.15223780366101153,0.15223780366090836,0.15223780366101153,0.15223780366117076,0.15092409274517313,0.15092409274470725,0.15092409274439703,0.15092409274470725,0.15092409274517313,0.15092409274470725,0.15092409274414625,0.1509240927437577,0.15092409274414625,0.15092409274470725,0.15092409274439703,0.1509240927437577,0.1509240927433049,0.1509240927437577,0.15092409274439703,0.15092409274470725,0.15092409274414625,0.1509240927437577,0.15092409274414625,0.15092409274470725,0.15092409274517313,0.15092409274470725,0.15092409274439703,0.15092409274470725,0.15092409274517313,0.14963652289468868,0.14963652289336565,0.1496365228924452,0.14963652289336565,0.14963652289468868,0.14963652289336565,0.1496365228916626,0.14963652289039572,0.1496365228916626,0.14963652289336565,0.1496365228924452,0.14963652289039572,0.14963652288878984,0.14963652289039572,0.1496365228924452,0.14963652289336565,0.1496365228916626,0.14963652289039572,0.1496365228916626,0.14963652289336565,0.14963652289468868,0.14963652289336565,0.1496365228924452,0.14963652289336565,0.14963652289468868,0.148374536167877,0.14837453616429047,0.14837453616162044,0.14837453616429047,0.148374536167877,0.14837453616429047,0.14837453615922636,0.14837453615500323,0.14837453615922636,0.14837453616429047,0.14837453616162044,0.14837453615500323,0.14837453614884824,0.14837453615500323,0.14837453616162044,0.14837453616429047,0.14837453615922636,0.14837453615500323,0.14837453615922636,0.14837453616429047,0.148374536167877,0.14837453616429047,0.14837453616162044,0.14837453616429047,0.148374536167877,0.14713758205227262,0.147137582043257,0.1471375820358405,0.147137582043257,0.14713758205227262,0.147137582043257,0.14713758202883886,0.14713758201453028,0.14713758202883886,0.147137582043257,0.1471375820358405,0.14713758201453028,0.14713758198835514,0.14713758201453028,0.1471375820358405,0.147137582043257,0.14713758202883886,0.14713758201453028,0.14713758202883886,0.147137582043257,0.14713758205227262,0.147137582043257,0.1471375820358405,0.147137582043257,0.14713758205227262,0.14592511790629248,0.1459251178863726,0.14592511786757775,0.1459251178863726,0.14592511790629248,0.1459251178863726,0.14592511784898377,0.14592511780136622,0.14592511784898377,0.1459251178863726,0.14592511786757775,0.14592511780136622,0.14592511767551852,0.14592511780136622,0.14592511786757775,0.1459251178863726,0.14592511784898377,0.14592511780136622,0.14592511784898377,0.1459251178863726,0.14592511790629248,0.1459251178863726,0.14592511786757775,0.1459251178863726,0.14592511790629248,0.1447366093375508,0.14473660930286478,0.14473660926461918,0.14473660930286478,0.1447366093375508,0.14473660930286478,0.14473660922563067,0.1447366090883345,0.14473660922563067,0.14473660930286478,0.14473660926461918,0.1447366090883345,0.14473660840274968,0.1447366090883345,0.14473660926461918,0.14473660930286478,0.14473660922563067,0.1447366090883345,0.14473660922563047,0.14473660930286478,0.1447366093375508,0.14473660930286478,0.14473660926461918,0.14473660930286478,0.1447366093375508,0.14357153051444727,0.14357153047657947,0.14357153043823753,0.14357153047657947,0.14357153051444727,0.14357153047657947,0.1435715303995708,0.14357153028559233,0.1435715303995708,0.14357153047657947,0.14357153043823753,0.14357153028559233,0.14357152986081667,0.14357153028559233,0.14357153043823753,0.14357153047657947,0.1435715303995708,0.14357153028559233,0.1435715303995708,0.14357153047657947,0.14357153051444727,0.14357153047657947,0.14357153043823753,0.14357153047657947,0.14357153051444727,0.14242936439571927,0.1424293643564066,0.14242936431636755,0.1424293643564066,0.14242936439571927,0.1424293643564066,0.14242936427590977,0.142429364154718,0.14242936427590977,0.1424293643564066,0.14242936431636755,0.142429364154718,0.14242936367878126,0.142429364154718,0.14242936431636755,0.1424293643564066,0.14242936427590977,0.142429364154718,0.14242936427590977,0.1424293643564066,0.14242936439571927,0.1424293643564066,0.14242936431636755,0.1424293643564066,0.14242936439571927,0.14130960296337106,0.1413096029252512,0.14130960288382471,0.1413096029252512,0.14130960296337106,0.1413096029252512,0.14130960284133645,0.1413096027029475,0.14130960284133645,0.1413096029252512,0.14130960288382471,0.1413096027029475,0.14130960210823496,0.1413096027029475,0.14130960288382471,0.1413096029252512,0.14130960284133645,0.1413096027029475,0.14130960284133645,0.1413096029252512,0.14130960296337106,0.1413096029252512,0.14130960288382471,0.1413096029252512,0.14130960296337106,0.14021174738967868,0.14021174736408384,0.14021174733238329,0.14021174736408384,0.14021174738967868,0.14021174736408384,0.14021174729909294,0.140211747172244,0.14021174729909294,0.14021174736408384,0.14021174733238329,0.140211747172244,0.14021174652304166,0.140211747172244,0.14021174733238329,0.14021174736408384,0.14021174729909294,0.140211747172244,0.14021174729909294,0.14021174736408384,0.14021174738967868,0.14021174736408384,0.14021174733238329,0.14021174736408384,0.14021174738967868,0.13913530814829603,0.13913530815592257,0.13913530816052802,0.13913530815592257,0.13913530814829603,0.13913530815592257,0.13913530816438882,0.13913530816441932,0.13913530816438882,0.13913530815592257,0.13913530816052802,0.13913530816441932,0.1391353081325288,0.13913530816441932,0.13913530816052802,0.13913530815592257,0.13913530816438882,0.13913530816441932,0.13913530816438882,0.13913530815592257,0.13913530814829603,0.13913530815592257,0.13913530816052802,0.13913530815592257,0.13913530814829603,0.13807980508783962,0.1380798051392284,0.1380798051917036,0.1380798051392284,0.13807980508783962,0.1380798051392284,0.138079805245102,0.1380798053931619,0.138079805245102,0.1380798051392284,0.1380798051917036,0.1380798053931619,0.13807980581744278,0.1380798053931619,0.1380798051917036,0.1380798051392284,0.138079805245102,0.1380798053931619,0.138079805245102,0.1380798051392284,0.13807980508783962,0.1380798051392284,0.1380798051917036,0.1380798051392284,0.13807980508783962,0.13704476751318118,0.13704476760458065,0.13704476771632837,0.13704476760458065,0.13704476751318118,0.13704476760458065,0.1370447678324272,0.13704476829314874,0.1370447678324272,0.13704476760458065,0.13704476771632837,0.13704476829314874,0.13704477085546524,0.13704476829314874,0.13704476771632837,0.13704476760458065,0.1370447678324272,0.13704476829314874,0.1370447678324272,0.13704476760458065,0.13704476751318118,0.13704476760458065,0.13704476771632837,0.13704476760458065,0.13704476751318118,0.1360297342464259,0.13602973431089382,0.13602973437421417,0.13602973431089382,0.1360297342464259,0.13602973431089382,0.1360297344378289,0.1360297346080997,0.1360297344378289,0.13602973431089382,0.13602973437421417,0.1360297346080997,0.1360297350815496,0.1360297346080997,0.13602973437421417,0.13602973431089382,0.1360297344378289,0.1360297346080997,0.1360297344378289,0.13602973431089382,0.1360297342464259,0.13602973431089382,0.13602973437421417,0.13602973431089382,0.1360297342464259,0.135034253763035,0.13503425380354758,0.13503425383704507,0.13503425380354758,0.135034253763035,0.13503425380354758,0.1350342538688719,0.13503425393374438,0.1350342538688719,0.13503425380354758,0.13503425383704507,0.13503425393374438,0.13503425405186756,0.13503425393374438,0.13503425383704507,0.13503425380354758,0.1350342538688719,0.13503425393374438,0.1350342538688719,0.13503425380354758,0.135034253763035,0.13503425380354758,0.13503425383704507,0.13503425380354758,0.135034253763035
0.16533248730646838,0.16533248730646838,0.16533248730646838,0.16533248730646838,0.16533248730646838,0.16533248730646838,0.16533248730646838,0.16533248730646838,0.16533248730646838,0.16533248730646838,0.16533248730646838,0.16533248730646838,0.16533248730646838,0.16533248730646838,0.16533248730646838,0.16533248730646838,0.16533248730646838,0.16533248730646838,0.16533248730646838,0.16533248730646838,0.16533248730646838,0.16533248730646838,0.16533248730646838,0.16533248730646838,0.16533248730646838,0.16375749359722266,0.16375749359722266,0.16375749359722266,0.16375749359722266,0.16375749359722266,0.16375749359722266,0.16375749359722266,0.16375749359722266,0.16375749359722266,0.16375749359722266,0.16375749359722266,0.16375749359722266,0.16375749359722266,0.16375749359722266,0.16375749359722266,0.16375749359722266,0.16375749359722266,0.16375749359722266,0.16375749359722266,0.16375749359722266,0.16375749359722266,0.16375749359722266,0.16375749359722266,0.16375749359722266,0.16375749359722266,0.16221388381970625,0.16221388381970603,0.16221388381970603,0.16221388381970603,0.16221388381970625,0.16221388381970603,0.16221388381970603,0.16221388381970603,0.16221388381970603,0.16221388381970603,0.16221388381970603,0.16221388381970603,0.16221388381970603,0.16221388381970603,0.16221388381970603,0.16221388381970603,0.16221388381970603,0.16221388381970603,0.16221388381970603,0.16221388381970603,0.16221388381970625,0.16221388381970603,0.16221388381970603,0.16221388381970603,0.16221388381970625,0.16070106693095923,0.160701066930959,0.160701066930959,0.160701066930959,0.16070106693095923,0.160701066930959,0.160701066930959,0.16070106693095879,0.160701066930959,0.160701066930959,0.160701066930959,0.16070106693095879,0.16070106693095856,0.16070106693095879,0.160701066930959,0.160701066930959,0.160701066930959,0.16070106693095879,0.160701066930959,0.160701066930959,0.16070106693095923,0.160701066930959,0.160701066930959,0.160701066930959,0.16070106693095923,0.15921845130596046,0.1592184513059598,0.1592184513059596,0.1592184513059598,0.15921845130596046,0.1592184513059598,0.15921845130595938,0.15921845130595896,0.15921845130595938,0.1592184513059598,0.1592184513059596,0.15921845130595896,0.15921845130595852,0.15921845130595896,0.1592184513059596,0.1592184513059598,0.15921845130595938,0.15921845130595896,0.15921845130595938,0.1592184513059598,0.15921845130596046,0.1592184513059598,0.1592184513059596,0.1592184513059598,0.15921845130596046,0.15776544608947787,0.15776544608947618,0.1577654460894749,0.15776544608947618,0.15776544608947787,0.15776544608947618,0.15776544608947424,0.15776544608947296,0.15776544608947424,0.15776544608947618,0.1577654460894749,0.15776544608947296,0.1577654460894719,0.15776544608947296,0.1577654460894749,0.15776544608947618,0.15776544608947424,0.15776544608947296,0.15776544608947424,0.15776544608947618,0.15776544608947787,0.15776544608947618,0.1577654460894749,0.15776544608947618,0.15776544608947787,0.15634146241039337,0.15634146241038774,0.15634146241038419,0.15634146241038774,0.15634146241039337,0.15634146241038774,0.15634146241038188,0.15634146241037813,0.15634146241038188,0.15634146241038774,0.15634146241038419,0.15634146241037813,0.15634146241037436,0.15634146241037813,0.15634146241038419,0.15634146241038774,0.15634146241038188,0.15634146241037813,0.15634146241038188,0.15634146241038774,0.15634146241039337,0.15634146241038774,0.15634146241038419,0.15634146241038774,0.15634146241039337,0.1549459144687667,0.1549459144687495,0.15494591446873843,0.1549459144687495,0.1549459144687667,0.1549459144687495,0.15494591446873085,0.15494591446871897,0.15494591446873085,0.1549459144687495,0.15494591446873843,0.15494591446871897,0.15494591446870665,0.15494591446871897,0.15494591446873843,0.1549459144687495,0.15494591446873085,0.15494591446871897,0.15494591446873085,0.1549459144687495,0.1549459144687667,0.1549459144687495,0.15494591446873843,0.1549459144687495,0.1549459144687667,0.15357822050535122,0.1535782205052982,0.15357822050526465,0.1535782205052982,0.15357822050535122,0.1535782205052982,0.15357822050524014,0.1535782205052026,0.15357822050524014,0.1535782205052982,0.15357822050526465,0.1535782205052026,0.15357822050516182,0.1535782205052026,0.15357822050526465,0.1535782205052982,0.15357822050524014,0.1535782205052026,0.15357822050524014,0.1535782205052982,0.15357822050535122,0.1535782205052982,0.15357822050526465,0.1535782205052982,0.15357822050535122,0.15223780366272796,0.1522378036625699,0.15223780366246736,0.1522378036625699,0.15223780366272796,0.1522378036625699,0.152237803662389,0.15223780366226797,0.152237803662389,0.1522378036625699,0.15223780366246736,0.15223780366226797,0.1522378036621345,0.15223780366226797,0.15223780366246736,0.1522378036625699,0.152237803662389,0.15223780366226797,0.152237803662389,0.1522378036625699,0.15223780366272796,0.1522378036625699,0.15223780366246736,0.1522378036625699,0.15223780366272796,0.15092409274671034,0.15092409274624732,0.15092409274593924,0.15092409274624732,0.15092409274671034,0.15092409274624732,0.15092409274569016,0.15092409274530413,0.15092409274569016,0.15092409274624732,0.15092409274593924,0.15092409274530413,0.15092409274485466,0.15092409274530413,0.15092409274593924,0.15092409274624732,0.15092409274569016,0.15092409274530413,0.15092409274569016,0.15092409274624732,0.15092409274671034,0.15092409274624732,0.15092409274593924,0.15092409274624732,0.15092409274671034,0.14963652289620116,0.14963652289488646,0.14963652289397206,0.14963652289488646,0.14963652289620116,0.14963652289488646,0.14963652289319454,0.14963652289193619,0.14963652289319454,0.14963652289488646,0.14963652289397206,0.14963652289193619,0.14963652289034146,0.14963652289193619,0.14963652289397206,0.14963652289488646,0.14963652289319454,0.14963652289193619,0.14963652289319454,0.14963652289488646,0.14963652289620116,0.14963652289488646,0.14963652289397206,0.14963652289488646,0.14963652289620116,0.1483745361693485,0.14837453616578425,0.14837453616313143,0.14837453616578425,0.1483745361693485,0.14837453616578425,0.1483745361607531,0.14837453615655852,0.1483745361607531,0.14837453616578425,0.14837453616313143,0.14837453615655852,0.14837453615044746,0.14837453615655852,0.14837453616313143,0.14837453616578425,0.1483745361607531,0.14837453615655852,0.1483745361607531,0.14837453616578425,0.1483745361693485,0.14837453616578425,0.14837453616313143,0.14837453616578425,0.1483745361693485,0.14713758205365796,0.1471375820446959,0.14713758203732608,0.1471375820446959,0.14713758205365796,0.1471375820446959,0.1471375820303699,0.147137582016159,0.1471375820303699,0.1471375820446959,0.14713758203732608,0.147137582016159,0.1471375819901757,0.147137582016159,0.14713758203732608,0.1471375820446959,0.1471375820303699,0.147137582016159,0.1471375820303699,0.1471375820446959,0.14713758205365796,0.1471375820446959,0.14713758203732608,0.1471375820446959,0.14713758205365796,0.14592511790748014,0.14592511788766943,0.1459251178689875,0.14592511788766943,0.14592511790748014,0.14592511788766943,0.14592511785050855,0.14592511780321543,0.14592511785050855,0.14592511788766943,0.1459251178689875,0.14592511780321543,0.14592511767831642,0.14592511780321543,0.1459251178689875,0.14592511788766943,0.14592511785050855,0.14592511780321543,0.14592511785050855,0.14592511788766943,0.14592511790748014,0.14592511788766943,0.1459251178689875,0.14592511788766943,0.14592511790748014,0.14473660933831306,0.14473660930377907,0.1447366092657319,0.14473660930377907,0.14473660933831306,0.14473660930377907,0.1447366092269513,0.14473660909054478,0.1447366092269513,0.14473660930377907,0.1447366092657319,0.14473660909054478,0.14473660841027242,0.14473660909054478,0.1447366092657319,0.14473660930377907,0.1447366092269513,0.14473660909054478,0.1447366092269513,0.14473660930377907,0.14473660933831306,0.14473660930377907,0.1447366092657319,0.14473660930377907,0.14473660933831306,0.14357153051446353,0.14357153047663818,0.14357153043832532,0.14357153047663818,0.14357153051446353,0.14357153047663818,0.14357153039968595,0.1435715302856849,0.14357153039968595,0.14357153047663818,0.14357153043832532,0.1435715302856849,0.14357152986000662,0.1435715302856849,0.14357153043832532,0.14357153047663818,0.14357153039968595,0.1435715302856849,0.14357153039968595,0.14357153047663818,0.14357153051446353,0.14357153047663818,0.14357153043832532,0.14357153047663818,0.14357153051446353,0.1424293643948914,0.1424293643555529,0.1424293643154709,0.1424293643555529,0.1424293643948914,0.1424293643555529,0.1424293642749662,0.1424293641535585,0.1424293642749662,0.1424293643555529,0.1424293643154709,0.1424293641535585,0.1424293636764168,0.1424293641535585,0.1424293643154709,0.1424293643555529,0.1424293642749662,0.1424293641535585,0.1424293642749662,0.1424293643555529,0.1424293643948914,0.1424293643555529,0.1424293643154709,0.1424293643555529,0.1424293643948914,0.1413096029617397,0.1413096029235815,0.14130960288211195,0.1413096029235815,0.1413096029617397,0.1413096029235815,0.14130960283957864,0.1413096027010394,0.14130960283957864,0.1413096029235815,0.14130960288211195,0.1413096027010394,0.14130960210566976,0.1413096027010394,0.14130960288211195,0.1413096029235815,0.14130960283957864,0.1413096027010394,0.14130960283957864,0.1413096029235815,0.1413096029617397,0.1413096029235815,0.14130960288211195,0.1413096029235815,0.1413096029617397,0.1402117473873094,0.1402117473616813,0.14021174732995287,0.1402117473616813,0.1402117473873094,0.1402117473616813,0.14021174729663563,0.14021174716973217,0.14021174729663563,0.1402117473616813,0.14021174732995287,0.14021174716973217,0.14021174652044585,0.14021174716973217,0.14021174732995287,0.1402117473616813,0.14021174729663563,0.14021174716973217,0.14021174729663563,0.1402117473616813,0.1402117473873094,0.1402117473616813,0.14021174732995287,0.1402117473616813,0.1402117473873094,0.1391353081452443,0.13913530815282563,0.13913530815739333,0.13913530815282563,0.1391353081452443,0.13913530815282563,0.13913530816121822,0.13913530816117614,0.13913530816121822,0.13913530815282563,0.13913530815739333,0.13913530816117614,0.13913530812915503,0.13913530816117614,0.13913530815739333,0.13913530815282563,0.13913530816121822,0.13913530816117614,0.13913530816121822,0.13913530815282563,0.1391353081452443,0.13913530815282563,0.13913530815739333,0.13913530815282563,0.1391353081452443,0.13807980508418594,0.13807980513549178,0.13807980518788554,0.13807980513549178,0.13807980508418594,0.13807980513549178,0.13807980524120256,0.1380798053890457,0.13807980524120256,0.13807980513549178,0.13807980518788554,0.1380798053890457,0.13807980581273077,0.1380798053890457,0.13807980518788554,0.13807980513549178,0.13807980524120256,0.1380798053890457,0.13807980524120256,0.13807980513549178,0.13807980508418594,0.13807980513549178,0.13807980518788554,0.13807980513549178,0.13807980508418594,0.13704476750908415,0.1370447676003571,0.13704476771195312,0.1370447676003571,0.13704476750908415,0.1370447676003571,0.1370447678278952,0.13704476828800297,0.1370447678278952,0.1370447676003571,0.13704476771195312,0.13704476828800297,0.13704477084693256,0.13704476828800297,0.13704476771195312,0.1370447676003571,0.1370447678278952,0.13704476828800297,0.1370447678278952,0.1370447676003571,0.13704476750908415,0.1370447676003571,0.13704476771195312,0.1370447676003571,0.13704476750908415,0.1360297342421349,0.1360297343065156,0.13602973436975083,0.1360297343065156,0.1360297342421349,0.1360297343065156,0.13602973443328056,0.13602973460332474,0.13602973443328056,0.1360297343065156,0.13602973436975083,0.13602973460332474,0.1360297350761479,0.13602973460332474,0.13602973436975083,0.1360297343065156,0.13602973443328056,0.13602973460332474,0.13602973443328056,0.1360297343065156,0.1360297342421349,0.1360297343065156,0.13602973436975083,0.1360297343065156,0.1360297342421349,0.13503425375872125,0.13503425379917927,0.135034253832632,0.13503425379917927,0.13503425375872125,0.13503425379917927,0.1350342538644163,0.1350342539292025,0.1350342538644163,0.13503425379917927,0.135034253832632,0.1350342539292025,0.1350342540471689,0.1350342539292025,0.135034253832632,0.13503425379917927,0.1350342538644163,0.1350342539292025,0.1350342538644163,0.13503425379917927,0.13503425375872125,0.13503425379917927,0.135034253832632,0.13503425379917927,0.13503425375872125
0.1653324873084431,0.1653324873084431,0.1653324873084431,0.1653324873084431,0.1653324873084431,0.1653324873084431,0.1653324873084431,0.1653324873084431,0.1653324873084431,0.1653324873084431,0.1653324873084431,0.1653324873084431,0.1653324873084431,0.1653324873084431,0.1653324873084431,0.1653324873084431,0.1653324873084431,0.1653324873084431,0.1653324873084431,0.1653324873084431,0.1653324873084431,0.1653324873084431,0.1653324873084431,0.1653324873084431,0.1653324873084431,0.1637574935991597,0.1637574935991597,0.1637574935991597,0.1637574935991597,0.1637574935991597,0.1637574935991597,0.1637574935991597,0.1637574935991597,0.1637574935991597,0.1637574935991597,0.1637574935991597,0.1637574935991597,0.16375749359915948,0.1637574935991597,0.1637574935991597,0.1637574935991597,0.1637574935991597,0.1637574935991597,0.1637574935991597,0.1637574935991597,0.1637574935991597,0.1637574935991597,0.1637574935991597,0.1637574935991597,0.1637574935991597,0.1622138838216074,0.1622138838216074,0.1622138838216074,0.1622138838216074,0.1622138838216074,0.1622138838216074,0.1622138838216074,0.1622138838216074,0.1622138838216074,0.1622138838216074,0.1622138838216074,0.1622138838216074,0.16221388382160715,0.1622138838216074,0.1622138838216074,0.1622138838216074,0.1622138838216074,0.1622138838216074,0.1622138838216074,0.1622138838216074,0.1622138838216074,0.1622138838216074,0.1622138838216074,0.1622138838216074,0.1622138838216074,0.16070106693282687,0.16070106693282665,0.16070106693282665,0.16070106693282665,0.16070106693282687,0.16070106693282665,0.16070106693282643,0.16070106693282643,0.16070106693282643,0.16070106693282665,0.16070106693282665,0.16070106693282643,0.1607010669328262,0.16070106693282643,0.16070106693282665,0.16070106693282665,0.16070106693282643,0.16070106693282643,0.16070106693282643,0.16070106693282665,0.16070106693282687,0.16070106693282665,0.16070106693282665,0.16070106693282665,0.16070106693282687,0.15921845130779647,0.1592184513077958,0.1592184513077956,0.1592184513077958,0.15921845130779647,0.1592184513077958,0.15921845130779538,0.15921845130779494,0.15921845130779538,0.1592184513077958,0.1592184513077956,0.15921845130779494,0.15921845130779452,0.15921845130779494,0.1592184513077956,0.1592184513077958,0.15921845130779538,0.15921845130779494,0.15921845130779538,0.1592184513077958,0.15921845130779647,0.1592184513077958,0.1592184513077956,0.1592184513077958,0.15921845130779647,0.15776544609128423,0.15776544609128254,0.15776544609128149,0.15776544609128254,0.15776544609128423,0.15776544609128254,0.15776544609128063,0.15776544609127957,0.15776544609128063,0.15776544609128254,0.15776544609128149,0.15776544609127957,0.15776544609127827,0.15776544609127957,0.15776544609128149,0.15776544609128254,0.15776544609128063,0.15776544609127957,0.15776544609128063,0.15776544609128254,0.15776544609128423,0.15776544609128254,0.15776544609128149,0.15776544609128254,0.15776544609128423,0.15634146241217245,0.15634146241216682,0.15634146241216326,0.15634146241216682,0.15634146241217245,0.15634146241216682,0.15634146241216096,0.1563414624121572,0.15634146241216096,0.15634146241216682,0.15634146241216326,0.1563414624121572,0.15634146241215346,0.1563414624121572,0.15634146241216326,0.15634146241216682,0.15634146241216096,0.1563414624121572,0.15634146241216096,0.15634146241216682,0.15634146241217245,0.15634146241216682,0.15634146241216326,0.15634146241216682,0.15634146241217245,0.1549459144705201,0.1549459144705029,0.15494591447049202,0.1549459144705029,0.1549459144705201,0.1549459144705029,0.15494591447048445,0.15494591447047276,0.15494591447048445,0.1549459144705029,0.15494591447049202,0.15494591447047276,0.15494591447046047,0.15494591447047276,0.15494591447049202,0.1549459144705029,0.15494591447048445,0.15494591447047276,0.15494591447048445,0.1549459144705029,0.1549459144705201,0.1549459144705029,0.15494591447049202,0.1549459144705029,0.1549459144705201,0.1535782205070807,0.15357822050702827,0.15357822050699474,0.15357822050702827,0.1535782205070807,0.15357822050702827,0.15357822050697062,0.1535782205069333,0.15357822050697062,0.15357822050702827,0.15357822050699474,0.1535782205069333,0.1535782205068929,0.1535782205069333,0.15357822050699474,0.15357822050702827,0.15357822050697062,0.1535782205069333,0.15357822050697062,0.15357822050702807,0.1535782205070807,0.15357822050702827,0.15357822050699474,0.15357822050702807,0.1535782205070807,0.15223780366443457,0.15223780366427767,0.1522378036641759,0.15223780366427767,0.15223780366443457,0.15223780366427767,0.15223780366409836,0.1522378036639783,0.15223780366409836,0.15223780366427767,0.1522378036641759,0.1522378036639783,0.15223780366384562,0.1522378036639783,0.1522378036641759,0.15223780366427767,0.15223780366409836,0.1522378036639783,0.15223780366409836,0.15223780366427767,0.15223780366443457,0.15223780366427767,0.1522378036641759,0.15223780366427767,0.15223780366443457,0.15092409274839336,0.15092409274793384,0.15092409274762786,0.15092409274793384,0.15092409274839336,0.15092409274793384,0.15092409274738072,0.15092409274699758,0.15092409274738072,0.15092409274793384,0.15092409274762786,0.15092409274699758,0.15092409274655136,0.15092409274699758,0.15092409274762786,0.15092409274793384,0.15092409274738072,0.15092409274699758,0.15092409274738072,0.15092409274793384,0.15092409274839336,0.15092409274793384,0.15092409274762786,0.15092409274793384,0.15092409274839336,0.14963652289785526,0.14963652289655002,0.14963652289564225,0.14963652289655002,0.14963652289785526,0.14963652289655002,0.1496365228948706,0.14963652289362148,0.1496365228948706,0.14963652289655002,0.14963652289564225,0.14963652289362148,0.14963652289203905,0.14963652289362148,0.14963652289564225,0.14963652289655002,0.1496365228948706,0.14963652289362148,0.1496365228948706,0.14963652289655002,0.14963652289785526,0.14963652289655002,0.14963652289564225,0.14963652289655002,0.14963652289785526,0.1483745361709559,0.14837453616741628,0.14837453616478236,0.14837453616741628,0.1483745361709559,0.14837453616741628,0.14837453616242144,0.14837453615825894,0.14837453616242144,0.14837453616741628,0.14837453616478236,0.14837453615825894,0.14837453615219606,0.14837453615825894,0.14837453616478236,0.14837453616741628,0.14837453616242144,0.14837453615825894,0.14837453616242144,0.14837453616741628,0.1483745361709559,0.14837453616741628,0.14837453616478236,0.14837453616741628,0.1483745361709559,0.14713758205516825,0.14713758204626579,0.14713758203894753,0.14713758204626579,0.14713758205516825,0.14713758204626579,0.14713758203204147,0.14713758201793908,0.14713758203204147,0.14713758204626579,0.14713758203894753,0.14713758201793908,0.14713758199216795,0.14713758201793908,0.14713758203894753,0.14713758204626579,0.14713758203204147,0.14713758201793908,0.14713758203204147,0.14713758204626579,0.14713758205516825,0.14713758204626579,0.14713758203894753,0.14713758204626579,0.14713758205516825,0.14592511790877022,0.14592511788908025,0.14592511787052329,0.14592511788908025,0.14592511790877022,0.14592511788908025,0.14592511785217127,0.14592511780523748,0.14592511785217127,0.14592511788908025,0.14592511787052329,0.14592511780523748,0.14592511768138963,0.14592511780523748,0.14592511787052329,0.14592511788908025,0.14592511785217127,0.14592511780523748,0.14592511785217127,0.14592511788908025,0.14592511790877022,0.14592511788908025,0.14592511787052329,0.14592511788908025,0.14592511790877022,0.14473660933913046,0.1447366093047646,0.14473660926693685,0.1447366093047646,0.14473660933913046,0.1447366093047646,0.14473660922838613,0.1447366090929644,0.14473660922838613,0.1447366093047646,0.14473660926693685,0.1447366090929644,0.1447366084185562,0.1447366090929644,0.14473660926693685,0.1447366093047646,0.14473660922838613,0.1447366090929644,0.14473660922838613,0.1447366093047646,0.14473660933913046,0.1447366093047646,0.14473660926693685,0.1447366093047646,0.14473660933913046,0.14357153051445495,0.14357153047667498,0.14357153043839307,0.14357153047667498,0.14357153051445495,0.14357153047667498,0.143571530399783,0.14357153028575403,0.143571530399783,0.14357153047667498,0.14357153043839307,0.14357153028575403,0.14357152985905233,0.14357153028575403,0.14357153043839307,0.14357153047667498,0.143571530399783,0.14357153028575403,0.143571530399783,0.14357153047667498,0.14357153051445495,0.14357153047667498,0.14357153043839307,0.14357153047667498,0.14357153051445495,0.14242936439395065,0.14242936435458042,0.1424293643144483,0.14242936435458042,0.14242936439395065,0.14242936435458042,0.14242936427388853,0.1424293641522331,0.14242936427388853,0.14242936435458042,0.1424293643144483,0.1424293641522331,0.1424293636737346,0.1424293641522331,0.1424293643144483,0.14242936435458042,0.14242936427388853,0.1424293641522331,0.14242936427388853,0.14242936435458042,0.14242936439395065,0.14242936435458042,0.1424293643144483,0.14242936435458042,0.14242936439395065,0.14130960295991743,0.141309602921713,0.14130960288019098,0.141309602921713,0.14130960295991743,0.141309602921713,0.1413096028376034,0.14130960269888226,0.1413096028376034,0.141309602921713,0.14130960288019098,0.14130960269888226,0.14130960210272336,0.14130960269888226,0.14130960288019098,0.141309602921713,0.1413096028376034,0.14130960269888226,0.1413096028376034,0.141309602921713,0.14130960295991743,0.141309602921713,0.14130960288019098,0.141309602921713,0.14130960295991743,0.14021174738468742,0.14021174735901887,0.1402117473272548,0.14021174735901887,0.14021174738468742,0.14021174735901887,0.140211747293903,0.1402117471669214,0.140211747293903,0.14021174735901887,0.1402117473272548,0.1402117471669214,0.14021174651745927,0.1402117471669214,0.1402117473272548,0.14021174735901887,0.140211747293903,0.1402117471669214,0.140211747293903,0.14021174735901887,0.14021174738468742,0.14021174735901887,0.1402117473272548,0.14021174735901887,0.14021174738468742,0.13913530814189204,0.13913530814942243,0.13913530815394742,0.13913530814942243,0.13913530814189204,0.13913530814942243,0.1391353081577315,0.13913530815760566,0.1391353081577315,0.13913530814942243,0.13913530815394742,0.13913530815760566,0.13913530812542896,0.13913530815760566,0.13913530815394742,0.13913530814942243,0.1391353081577315,0.13913530815760566,0.1391353081577315,0.13913530814942243,0.13913530814189204,0.13913530814942243,0.13913530815394742,0.13913530814942243,0.13913530814189204,0.1380798050801947,0.13807980513141138,0.13807980518371818,0.13807980513141138,0.1380798050801947,0.13807980513141138,0.1380798052369479,0.13807980538456022,0.1380798052369479,0.13807980513141138,0.13807980518371818,0.13807980538456022,0.1380798058076119,0.13807980538456022,0.13807980518371818,0.13807980513141138,0.1380798052369479,0.13807980538456022,0.1380798052369479,0.13807980513141138,0.1380798050801947,0.13807980513141138,0.13807980518371818,0.13807980513141138,0.1380798050801947,0.13704476750462435,0.13704476759576323,0.1370447677071987,0.13704476759576323,0.13704476750462435,0.13704476759576323,0.13704476782297473,0.1370447682824336,0.13704476782297473,0.13704476759576323,0.1370447677071987,0.1370447682824336,0.1370447708377837,0.1370447682824336,0.1370447677071987,0.13704476759576323,0.13704476782297473,0.1370447682824336,0.13704476782297473,0.13704476759576323,0.13704476750462435,0.13704476759576323,0.1370447677071987,0.13704476759576323,0.13704476750462435,0.13602973423747175,0.13602973430176,0.13602973436490534,0.13602973430176,0.1360297342374716,0.13602973430176,0.136029734428345,0.13602973459814954,0.136029734428345,0.13602973430176,0.13602973436490534,0.13602973459814954,0.13602973507031038,0.13602973459814954,0.13602973436490534,0.13602973430176,0.136029734428345,0.13602973459814954,0.136029734428345,0.13602973430176,0.1360297342374716,0.13602973430176,0.13602973436490534,0.13602973430176,0.1360297342374716,0.13503425375403605,0.13503425379443662,0.13503425382784182,0.13503425379443662,0.13503425375403605,0.13503425379443662,0.1350342538595812,0.135034253924276,0.1350342538595812,0.13503425379443662,0.13503425382784182,0.135034253924276,0.1350342540420769,0.135034253924276,0.13503425382784182,0.13503425379443662,0.1350342538595812,0.135034253924276,0.1350342538595812,0.13503425379443662,0.13503425375403605,0.13503425379443662,0.13503425382784182,0.13503425379443662,0.13503425375403605
0.16533248731059555,0.16533248731059555,0.16533248731059555,0.16533248731059555,0.16533248731059555,0.16533248731059555,0.16533248731059555,0.16533248731059555,0.16533248731059555,0.16533248731059555,0.16533248731059555,0.16533248731059555,0.16533248731059555,0.16533248731059555,0.16533248731059555,0.16533248731059555,0.16533248731059555,0.16533248731059555,0.16533248731059555,0.16533248731059555,0.16533248731059555,0.16533248731059555,0.16533248731059555,0.16533248731059555,0.16533248731059555,0.1637574936012709,0.1637574936012709,0.1637574936012709,0.1637574936012709,0.1637574936012709,0.1637574936012709,0.1637574936012709,0.16375749360127068,0.1637574936012709,0.1637574936012709,0.1637574936012709,0.16375749360127068,0.16375749360127068,0.16375749360127068,0.1637574936012709,0.1637574936012709,0.1637574936012709,0.16375749360127068,0.1637574936012709,0.1637574936012709,0.1637574936012709,0.1637574936012709,0.1637574936012709,0.1637574936012709,0.1637574936012709,0.16221388382367943,0.16221388382367943,0.16221388382367924,0.16221388382367943,0.16221388382367943,0.16221388382367943,0.16221388382367924,0.16221388382367924,0.16221388382367924,0.16221388382367943,0.16221388382367924,0.16221388382367924,0.16221388382367924,0.16221388382367924,0.16221388382367924,0.16221388382367943,0.16221388382367924,0.16221388382367924,0.16221388382367924,0.16221388382367943,0.16221388382367943,0.16221388382367943,0.16221388382367924,0.16221388382367943,0.16221388382367943,0.16070106693486158,0.16070106693486158,0.16070106693486133,0.16070106693486158,0.16070106693486158,0.16070106693486158,0.16070106693486133,0.1607010669348611,0.16070106693486133,0.16070106693486158,0.16070106693486133,0.1607010669348611,0.1607010669348611,0.1607010669348611,0.16070106693486133,0.16070106693486158,0.16070106693486133,0.1607010669348611,0.16070106693486133,0.16070106693486158,0.16070106693486158,0.16070106693486158,0.16070106693486133,0.16070106693486158,0.16070106693486158,0.1592184513097962,0.15921845130979556,0.15921845130979534,0.15921845130979578,0.1592184513097962,0.15921845130979556,0.1592184513097951,0.15921845130979467,0.1592184513097951,0.15921845130979578,0.15921845130979534,0.15921845130979467,0.15921845130979423,0.15921845130979467,0.15921845130979534,0.15921845130979578,0.1592184513097951,0.15921845130979467,0.1592184513097951,0.15921845130979578,0.1592184513097962,0.15921845130979578,0.15921845130979534,0.15921845130979578,0.1592184513097962,0.1577654460932513,0.15776544609324936,0.1577654460932483,0.15776544609324936,0.1577654460932513,0.15776544609324936,0.15776544609324747,0.1577654460932464,0.15776544609324747,0.15776544609324936,0.1577654460932483,0.1577654460932464,0.1577654460932451,0.1577654460932464,0.1577654460932483,0.15776544609324936,0.15776544609324747,0.1577654460932464,0.15776544609324747,0.15776544609324936,0.1577654460932513,0.15776544609324936,0.1577654460932483,0.15776544609324936,0.1577654460932513,0.15634146241410837,0.15634146241410274,0.15634146241409935,0.15634146241410274,0.15634146241410837,0.15634146241410274,0.1563414624140971,0.15634146241409333,0.1563414624140971,0.15634146241410274,0.15634146241409935,0.15634146241409333,0.15634146241408955,0.15634146241409333,0.15634146241409935,0.15634146241410274,0.1563414624140971,0.15634146241409333,0.1563414624140971,0.15634146241410274,0.15634146241410837,0.15634146241410274,0.15634146241409935,0.15634146241410274,0.15634146241410837,0.1549459144724272,0.15494591447241018,0.15494591447239933,0.15494591447241018,0.1549459144724272,0.15494591447241018,0.15494591447239195,0.15494591447238049,0.15494591447239195,0.15494591447241018,0.15494591447239933,0.15494591447238049,0.1549459144723682,0.1549459144723803,0.15494591447239933,0.15494591447241018,0.15494591447239195,0.1549459144723803,0.15494591447239195,0.15494591447241018,0.1549459144724272,0.15494591447241018,0.15494591447239933,0.15494591447241018,0.1549459144724272,0.15357822050896056,0.15357822050890857,0.1535782205088754,0.15357822050890857,0.15357822050896056,0.15357822050890857,0.1535782205088515,0.15357822050881476,0.1535782205088515,0.15357822050890857,0.1535782205088754,0.15357822050881476,0.1535782205087748,0.15357822050881476,0.1535782205088754,0.15357822050890857,0.1535782205088515,0.15357822050881476,0.1535782205088515,0.15357822050890857,0.15357822050896056,0.15357822050890857,0.1535782205088754,0.15357822050890857,0.15357822050896056,0.1522378036662884,0.1522378036661329,0.15223780366603193,0.1522378036661329,0.1522378036662884,0.1522378036661329,0.15223780366595516,0.15223780366583606,0.15223780366595516,0.1522378036661329,0.15223780366603193,0.15223780366583606,0.15223780366570458,0.15223780366583606,0.15223780366603193,0.1522378036661329,0.15223780366595516,0.15223780366583606,0.15223780366595516,0.1522378036661329,0.1522378036662884,0.1522378036661329,0.15223780366603193,0.1522378036661329,0.1522378036662884,0.15092409275022015,0.15092409274976426,0.15092409274946078,0.15092409274976426,0.15092409275022015,0.15092409274976426,0.15092409274921578,0.15092409274883575,0.15092409274921578,0.15092409274976426,0.15092409274946078,0.15092409274883575,0.15092409274839336,0.15092409274883575,0.15092409274946078,0.15092409274976426,0.15092409274921578,0.15092409274883575,0.15092409274921578,0.15092409274976426,0.15092409275022015,0.15092409274976426,0.15092409274946078,0.15092409274976426,0.15092409275022015,0.1496365228996493,0.14963652289835408,0.14963652289745347,0.14963652289835408,0.1496365228996493,0.14963652289835408,0.14963652289668825,0.14963652289544954,0.14963652289668825,0.14963652289835408,0.14963652289745347,0.14963652289544954,0.1496365228938807,0.14963652289544954,0.14963652289745347,0.14963652289835408,0.14963652289668825,0.14963652289544954,0.14963652289668825,0.14963652289835408,0.1496365228996493,0.14963652289835408,0.14963652289745347,0.14963652289835408,0.1496365228996493,0.14837453617269705,0.1483745361691845,0.14837453616657137,0.1483745361691845,0.14837453617269705,0.1483745361691845,0.14837453616422952,0.14837453616010166,0.14837453616422952,0.1483745361691845,0.14837453616657137,0.14837453616010166,0.14837453615409216,0.14837453616010166,0.14837453616657137,0.1483745361691845,0.14837453616422952,0.14837453616010166,0.14837453616422952,0.1483745361691845,0.14837453617269705,0.1483745361691845,0.14837453616657137,0.1483745361691845,0.14837453617269705,0.1471375820568017,0.14713758204796426,0.1471375820407027,0.14713758204796426,0.1471375820568017,0.14713758204796426,0.14713758203385133,0.14713758201986774,0.14713758203385133,0.14713758204796426,0.1471375820407027,0.14713758201986774,0.1471375819943293,0.14713758201986774,0.1471375820407027,0.14713758204796426,0.14713758203385133,0.14713758201986774,0.14713758203385133,0.14713758204796426,0.1471375820568017,0.14713758204796426,0.1471375820407027,0.14713758204796426,0.1471375820568017,0.14592511791016072,0.14592511789060306,0.14592511787218265,0.14592511789060306,0.14592511791016072,0.14592511789060306,0.14592511785397008,0.14592511780742984,0.14592511785397008,0.14592511789060306,0.14592511787218265,0.14592511780742984,0.1459251176847335,0.14592511780742984,0.14592511787218265,0.14592511789060306,0.14592511785397008,0.14592511780742984,0.14592511785397008,0.14592511789060306,0.14592511791016072,0.14592511789060306,0.14592511787218265,0.14592511789060306,0.14592511791016072,0.14473660934000235,0.14473660930581989,0.14473660926823237,0.14473660930581989,0.14473660934000235,0.14473660930581989,0.14473660922993314,0.14473660909559016,0.14473660922993314,0.14473660930581989,0.14473660926823237,0.14473660909559016,0.14473660842760347,0.14473660909559016,0.14473660926823237,0.14473660930581989,0.14473660922993314,0.14473660909559016,0.14473660922993314,0.14473660930581989,0.14473660934000235,0.14473660930581989,0.14473660926823237,0.14473660930581989,0.14473660934000235,0.14357153051442129,0.14357153047669,0.14357153043844098,0.14357153047669,0.14357153051442129,0.14357153047669,0.14357153039986187,0.14357153028580005,0.14357153039986187,0.14357153047669,0.14357153043844098,0.14357153028580005,0.14357152985800753,0.14357153028580005,0.14357153043844098,0.14357153047669,0.14357153039986187,0.14357153028580005,0.14357153039986187,0.14357153047669,0.14357153051442129,0.14357153047669,0.14357153043844098,0.14357153047669,0.14357153051442129,0.14242936439289816,0.14242936435349104,0.14242936431330103,0.14242936435349104,0.14242936439289816,0.14242936435349104,0.14242936427267872,0.1424293641507443,0.14242936427267872,0.14242936435349104,0.14242936431330103,0.1424293641507443,0.14242936367070616,0.1424293641507443,0.14242936431330103,0.14242936435349104,0.14242936427267872,0.1424293641507443,0.14242936427267872,0.14242936435349104,0.14242936439289816,0.14242936435349104,0.14242936431330103,0.14242936435349104,0.14242936439289816,0.14130960295790718,0.14130960291964847,0.14130960287806493,0.14130960291964847,0.14130960295790718,0.14130960291964847,0.14130960283541372,0.14130960269647974,0.14130960283541372,0.14130960291964847,0.14130960287806493,0.14130960269647974,0.1413096020994025,0.14130960269647974,0.14130960287806493,0.14130960291964847,0.14130960283541372,0.14130960269647974,0.14130960283541372,0.14130960291964847,0.14130960295790718,0.14130960291964847,0.14130960287806493,0.14130960291964847,0.14130960295790718,0.1402117473818163,0.14021174735609987,0.1402117473242929,0.14021174735609987,0.1402117473818163,0.14021174735609987,0.14021174729089902,0.14021174716381565,0.14021174729089902,0.14021174735609987,0.1402117473242929,0.14021174716381565,0.14021174651408702,0.14021174716381565,0.1402117473242929,0.14021174735609987,0.14021174729089902,0.14021174716381565,0.14021174729089902,0.14021174735609987,0.1402117473818163,0.14021174735609987,0.1402117473242929,0.14021174735609987,0.1402117473818163,0.13913530813824343,0.13913530814571723,0.1391353081501948,0.13913530814571723,0.13913530813824343,0.13913530814571723,0.13913530815393302,0.13913530815371264,0.13913530815393302,0.13913530814571723,0.1391353081501948,0.13913530815371264,0.13913530812135566,0.13913530815371264,0.1391353081501948,0.13913530814571723,0.13913530815393302,0.13913530815371264,0.13913530815393302,0.13913530814571723,0.13913530813824343,0.13913530814571723,0.1391353081501948,0.13913530814571723,0.13913530813824343,0.13807980507587062,0.13807980512699225,0.1380798051792063,0.13807980512699225,0.13807980507587062,0.13807980512699225,0.1380798052323432,0.1380798053797102,0.1380798052323432,0.13807980512699225,0.1380798051792063,0.1380798053797102,0.13807980580209198,0.1380798053797102,0.1380798051792063,0.13807980512699225,0.1380798052323432,0.1380798053797102,0.1380798052323432,0.13807980512699225,0.13807980507587062,0.13807980512699225,0.1380798051792063,0.13807980512699225,0.13807980507587062,0.13704476749980712,0.13704476759080414,0.1370447677020702,0.13704476759080414,0.13704476749980712,0.13704476759080414,0.13704476781767097,0.1370447682764458,0.13704476781767097,0.13704476759080414,0.1370447677020702,0.1370447682764458,0.13704477082801816,0.1370447682764458,0.1370447677020702,0.13704476759080414,0.13704476781767097,0.1370447682764458,0.13704476781767097,0.13704476759080414,0.13704476749980712,0.13704476759080414,0.1370447677020702,0.13704476759080414,0.13704476749980712,0.13602973423244136,0.13602973429663223,0.1360297343596826,0.13602973429663223,0.13602973423244136,0.13602973429663223,0.13602973442302743,0.13602973459257953,0.13602973442302743,0.13602973429663223,0.1360297343596826,0.13602973459257953,0.13602973506404273,0.13602973459257953,0.1360297343596826,0.13602973429663223,0.13602973442302743,0.13602973459257953,0.13602973442302743,0.13602973429663223,0.13602973423244136,0.13602973429663223,0.1360297343596826,0.13602973429663223,0.13602973423244136,0.13503425374898465,0.13503425378932438,0.13503425382267956,0.13503425378932438,0.13503425374898465,0.13503425378932438,0.13503425385437162,0.13503425391897014,0.13503425385437162,0.13503425378932438,0.13503425382267956,0.13503425391897014,0.13503425403659658,0.13503425391897014,0.13503425382267956,0.13503425378932438,0.13503425385437162,0.13503425391897014,0.13503425385437162,0.13503425378932438,0.13503425374898465,0.13503425378932438,0.13503425382267956,0.13503425378932438,0.13503425374898465
0.16533248731292358,0.16533248731292358,0.16533248731292358,0.16533248731292358,0.16533248731292358,0.16533248731292358,0.16533248731292358,0.16533248731292358,0.16533248731292358,0.16533248731292358,0.16533248731292358,0.16533248731292358,0.16533248731292358,0.16533248731292358,0.16533248731292358,0.16533248731292358,0.16533248731292358,0.16533248731292358,0.16533248731292358,0.16533248731292358,0.16533248731292358,0.16533248731292358,0.16533248731292358,0.16533248731292358,0.16533248731292358,0.16375749360355418,0.16375749360355418,0.16375749360355418,0.16375749360355418,0.16375749360355418,0.16375749360355418,0.16375749360355418,0.16375749360355418,0.16375749360355418,0.16375749360355418,0.16375749360355418,0.16375749360355418,0.16375749360355396,0.16375749360355418,0.16375749360355418,0.16375749360355418,0.16375749360355418,0.16375749360355418,0.16375749360355418,0.16375749360355418,0.16375749360355418,0.16375749360355418,0.16375749360355418,0.16375749360355418,0.16375749360355418,0.16221388382591992,0.16221388382591992,0.16221388382591992,0.16221388382591992,0.16221388382591992,0.16221388382591992,0.16221388382591992,0.16221388382591992,0.16221388382591992,0.16221388382591992,0.16221388382591992,0.16221388382591992,0.16221388382591967,0.16221388382591992,0.16221388382591992,0.16221388382591992,0.16221388382591992,0.16221388382591992,0.16221388382591992,0.16221388382591992,0.16221388382591992,0.16221388382591992,0.16221388382591992,0.16221388382591992,0.16221388382591992,0.16070106693706157,0.16070106693706132,0.16070106693706132,0.16070106693706132,0.16070106693706157,0.16070106693706132,0.16070106693706132,0.1607010669370611,0.16070106693706132,0.16070106693706132,0.16070106693706132,0.1607010669370611,0.1607010669370611,0.1607010669370611,0.16070106693706132,0.16070106693706132,0.16070106693706132,0.1607010669370611,0.16070106693706132,0.16070106693706132,0.16070106693706157,0.16070106693706132,0.16070106693706132,0.16070106693706132,0.16070106693706157,0.1592184513119577,0.15921845131195705,0.1592184513119566,0.15921845131195705,0.1592184513119577,0.15921845131195705,0.15921845131195642,0.15921845131195617,0.15921845131195642,0.15921845131195705,0.1592184513119566,0.15921845131195617,0.15921845131195572,0.15921845131195617,0.1592184513119566,0.15921845131195705,0.15921845131195642,0.15921845131195617,0.15921845131195642,0.15921845131195705,0.1592184513119577,0.15921845131195705,0.1592184513119566,0.15921845131195705,0.1592184513119577,0.15776544609537624,0.1577654460953743,0.15776544609537324,0.1577654460953743,0.15776544609537624,0.1577654460953743,0.15776544609537263,0.15776544609537133,0.15776544609537263,0.1577654460953743,0.15776544609537324,0.15776544609537133,0.15776544609537027,0.15776544609537133,0.15776544609537324,0.1577654460953743,0.15776544609537263,0.15776544609537133,0.15776544609537263,0.1577654460953743,0.15776544609537624,0.1577654460953743,0.15776544609537324,0.1577654460953743,0.15776544609537624,0.15634146241619903,0.1563414624161936,0.15634146241619026,0.1563414624161936,0.15634146241619903,0.1563414624161936,0.15634146241618774,0.15634146241618418,0.15634146241618774,0.1563414624161936,0.15634146241619026,0.15634146241618418,0.1563414624161804,0.15634146241618418,0.15634146241619026,0.1563414624161936,0.15634146241618774,0.15634146241618418,0.15634146241618774,0.1563414624161936,0.15634146241619903,0.1563414624161936,0.15634146241619026,0.1563414624161936,0.15634146241619903,0.15494591447448594,0.15494591447446893,0.15494591447445827,0.15494591447446893,0.15494591447448594,0.15494591447446893,0.1549459144744509,0.15494591447443942,0.1549459144744509,0.15494591447446893,0.15494591447445827,0.15494591447443942,0.15494591447442735,0.15494591447443942,0.15494591447445827,0.15494591447446893,0.1549459144744509,0.15494591447443942,0.1549459144744509,0.15494591447446893,0.15494591447448594,0.15494591447446893,0.15494591447445827,0.15494591447446893,0.15494591447448594,0.1535782205109889,0.15357822051093725,0.15357822051090453,0.15357822051093725,0.1535782205109889,0.15357822051093725,0.15357822051088085,0.1535782205108443,0.15357822051088085,0.15357822051093725,0.15357822051090453,0.1535782205108443,0.15357822051080494,0.1535782205108443,0.15357822051090453,0.15357822051093725,0.15357822051088085,0.1535782205108443,0.15357822051088085,0.15357822051093725,0.1535782205109889,0.15357822051093725,0.15357822051090453,0.15357822051093725,0.1535782205109889,0.1522378036682873,0.15223780366813316,0.15223780366803316,0.15223780366813316,0.1522378036682873,0.15223780366813316,0.1522378036679572,0.15223780366783932,0.1522378036679572,0.15223780366813316,0.15223780366803316,0.15223780366783932,0.152237803667709,0.15223780366783932,0.15223780366803316,0.15223780366813316,0.1522378036679572,0.15223780366783932,0.1522378036679572,0.15223780366813316,0.1522378036682873,0.15223780366813316,0.15223780366803316,0.15223780366813316,0.1522378036682873,0.15092409275218868,0.15092409275173685,0.1509240927514359,0.15092409275173685,0.15092409275218868,0.15092409275173685,0.15092409275119342,0.15092409275081664,0.15092409275119342,0.15092409275173685,0.1509240927514359,0.15092409275081664,0.15092409275037832,0.15092409275081664,0.1509240927514359,0.15092409275173685,0.15092409275119342,0.15092409275081664,0.15092409275119342,0.15092409275173685,0.15092409275218868,0.15092409275173685,0.1509240927514359,0.15092409275173685,0.15092409275218868,0.14963652290158078,0.14963652290029672,0.14963652289940407,0.14963652290029672,0.14963652290158078,0.14963652290029672,0.14963652289864546,0.1496365228974181,0.14963652289864546,0.14963652290029672,0.14963652289940407,0.1496365228974181,0.14963652289586385,0.1496365228974181,0.14963652289940407,0.14963652290029672,0.14963652289864546,0.1496365228974181,0.14963652289864546,0.14963652290029672,0.14963652290158078,0.14963652290029672,0.14963652289940407,0.14963652290029672,0.14963652290158078,0.14837453617457,0.14837453617108673,0.1483745361684962,0.14837453617108673,0.14837453617457,0.14837453617108673,0.1483745361661751,0.14837453616208507,0.1483745361661751,0.14837453617108673,0.1483745361684962,0.14837453616208507,0.1483745361561332,0.14837453616208507,0.1483745361684962,0.14837453617108673,0.1483745361661751,0.14837453616208507,0.1483745361661751,0.14837453617108673,0.14837453617457,0.14837453617108673,0.1483745361684962,0.14837453617108673,0.14837453617457,0.14713758205855615,0.14713758204978958,0.14713758204258942,0.14713758204978958,0.14713758205855615,0.14713758204978958,0.1471375820357976,0.147137582021943,0.1471375820357976,0.14713758204978958,0.14713758204258942,0.147137582021943,0.14713758199665689,0.147137582021943,0.14713758204258942,0.14713758204978958,0.1471375820357976,0.147137582021943,0.1471375820357976,0.14713758204978958,0.14713758205855615,0.14713758204978958,0.14713758204258942,0.14713758204978958,0.14713758205855615,0.14592511791165022,0.14592511789223608,0.1459251178739642,0.14592511789223608,0.14592511791165022,0.14592511789223608,0.14592511785590281,0.14592511780978953,0.14592511785590281,0.14592511789223608,0.1459251178739642,0.14592511780978953,0.1459251176883441,0.14592511780978953,0.1459251178739642,0.14592511789223608,0.14592511785590281,0.14592511780978953,0.14592511785590281,0.14592511789223608,0.14592511791165022,0.14592511789223608,0.1459251178739642,0.14592511789223608,0.14592511791165022,0.1447366093409275,0.14473660930694401,0.1447366092696169,0.14473660930694401,0.1447366093409275,0.14473660930694401,0.14473660923159068,0.14473660909841876,0.14473660923159068,0.14473660930694401,0.1447366092696169,0.14473660909841876,0.14473660843742261,0.14473660909841876,0.1447366092696169,0.14473660930694401,0.14473660923159068,0.14473660909841876,0.14473660923159068,0.14473660930694401,0.1447366093409275,0.14473660930694401,0.1447366092696169,0.14473660930694401,0.1447366093409275,0.14357153051436328,0.14357153047668367,0.14357153043846937,0.14357153047668367,0.14357153051436328,0.14357153047668367,0.14357153039992296,0.1435715302858233,0.14357153039992296,0.14357153047668367,0.14357153043846937,0.1435715302858233,0.14357152985681196,0.1435715302858233,0.14357153043846937,0.14357153047668367,0.14357153039992296,0.1435715302858233,0.14357153039992296,0.14357153047668367,0.14357153051436328,0.14357153047668367,0.14357153043846937,0.14357153047668367,0.14357153051436328,0.14242936439173584,0.14242936435228626,0.1424293643120315,0.14242936435228626,0.14242936439173584,0.14242936435228626,0.1424293642713387,0.14242936414909463,0.1424293642713387,0.14242936435228626,0.1424293643120315,0.14242936414909463,0.14242936366738318,0.14242936414909463,0.1424293643120315,0.14242936435228626,0.1424293642713387,0.14242936414909463,0.1424293642713387,0.14242936435228626,0.14242936439173584,0.14242936435228626,0.1424293643120315,0.14242936435228626,0.14242936439173584,0.14130960295571154,0.14130960291739067,0.1413096028757369,0.14130960291739067,0.14130960295571154,0.14130960291739067,0.14130960283301283,0.14130960269383547,0.14130960283301283,0.14130960291739067,0.1413096028757369,0.14130960269383547,0.14130960209568258,0.14130960269383547,0.1413096028757369,0.14130960291739067,0.14130960283301283,0.14130960269383547,0.14130960283301283,0.14130960291739067,0.14130960295571154,0.14130960291739067,0.1413096028757369,0.14130960291739067,0.14130960295571154,0.1402117473786993,0.14021174735292835,0.14021174732107092,0.14021174735292835,0.1402117473786993,0.14021174735292835,0.14021174728762753,0.14021174716041934,0.14021174728762753,0.14021174735292835,0.14021174732107092,0.14021174716041934,0.1402117465103069,0.14021174716041934,0.14021174732107092,0.14021174735292835,0.14021174728762753,0.14021174716041934,0.14021174728762753,0.14021174735292835,0.1402117473786993,0.14021174735292835,0.14021174732107092,0.14021174735292835,0.1402117473786993,0.13913530813430253,0.1391353081417145,0.13913530814613956,0.1391353081417145,0.13913530813430253,0.1391353081417145,0.1391353081498275,0.13913530814950148,0.1391353081498275,0.1391353081417145,0.13913530814613956,0.13913530814950148,0.13913530811694022,0.13913530814950148,0.13913530814613956,0.1391353081417145,0.1391353081498275,0.13913530814950148,0.1391353081498275,0.1391353081417145,0.13913530813430253,0.1391353081417145,0.13913530814613956,0.1391353081417145,0.13913530813430253,0.13807980507121842,0.13807980512223883,0.13807980517435492,0.13807980512223883,0.13807980507121842,0.13807980512223883,0.13807980522739333,0.13807980537450126,0.13807980522739333,0.13807980512223883,0.13807980517435492,0.13807980537450126,0.1380798057961762,0.13807980537450126,0.13807980517435492,0.13807980512223883,0.13807980522739333,0.13807980537450126,0.13807980522739333,0.13807980512223883,0.13807980507121842,0.13807980512223883,0.13807980517435492,0.13807980512223883,0.13807980507121842,0.1370447674946373,0.13704476758548503,0.13704476769657276,0.13704476758548503,0.1370447674946373,0.13704476758548503,0.13704476781198954,0.13704476827004583,0.13704476781198954,0.13704476758548503,0.13704476769657276,0.13704476827004583,0.1370447708176603,0.13704476827004583,0.13704476769657276,0.13704476758548503,0.13704476781198954,0.13704476827004583,0.13704476781198954,0.13704476758548503,0.1370447674946373,0.13704476758548503,0.13704476769657276,0.13704476758548503,0.1370447674946373,0.13602973422704936,0.13602973429113766,0.1360297343540884,0.13602973429113766,0.13602973422704936,0.13602973429113766,0.13602973441733335,0.13602973458662032,0.13602973441733335,0.13602973429113766,0.1360297343540884,0.13602973458662032,0.13602973505735083,0.13602973458662032,0.1360297343540884,0.13602973429113766,0.13602973441733335,0.13602973458662032,0.13602973441733335,0.13602973429113766,0.13602973422704936,0.13602973429113766,0.1360297343540884,0.13602973429113766,0.13602973422704936,0.13503425374357195,0.13503425378384776,0.13503425381715045,0.13503425378384776,0.13503425374357195,0.13503425378384776,0.13503425384879272,0.13503425391329024,0.13503425384879272,0.13503425378384776,0.13503425381715045,0.13503425391329024,0.1350342540307334,0.13503425391329024,0.13503425381715045,0.13503425378384776,0.13503425384879272,0.13503425391329024,0.13503425384879272,0.13503425378384776,0.13503425374357195,0.13503425378384776,0.13503425381715045,0.13503425378384776,0.13503425374357195
0.16533248731542435,0.16533248731542435,0.16533248731542435,0.16533248731542435,0.16533248731542435,0.16533248731542435,0.16533248731542435,0.16533248731542435,0.16533248731542435,0.16533248731542435,0.16533248731542435,0.16533248731542435,0.16533248731542408,0.16533248731542435,0.16533248731542435,0.16533248731542435,0.16533248731542435,0.16533248731542435,0.16533248731542435,0.16533248731542435,0.16533248731542435,0.16533248731542435,0.16533248731542435,0.16533248731542435,0.16533248731542435,0.1637574936060063,0.1637574936060063,0.1637574936060063,0.1637574936060063,0.1637574936060063,0.1637574936060063,0.1637574936060063,0.1637574936060063,0.1637574936060063,0.1637574936060063,0.1637574936060063,0.1637574936060063,0.1637574936060063,0.1637574936060063,0.1637574936060063,0.1637574936060063,0.1637574936060063,0.1637574936060063,0.1637574936060063,0.1637574936060063,0.1637574936060063,0.1637574936060063,0.1637574936060063,0.1637574936060063,0.1637574936060063,0.16221388382832608,0.16221388382832608,0.16221388382832608,0.16221388382832608,0.16221388382832608,0.16221388382832608,0.16221388382832608,0.16221388382832608,0.16221388382832608,0.16221388382832608,0.16221388382832608,0.16221388382832608,0.16221388382832586,0.16221388382832608,0.16221388382832608,0.16221388382832608,0.16221388382832608,0.16221388382832608,0.16221388382832608,0.16221388382832608,0.16221388382832608,0.16221388382832608,0.16221388382832608,0.16221388382832608,0.16221388382832608,0.16070106693942393,0.1607010669394237,0.1607010669394235,0.1607010669394237,0.1607010669394237,0.1607010669394237,0.1607010669394235,0.16070106693942326,0.1607010669394235,0.1607010669394237,0.1607010669394235,0.16070106693942326,0.16070106693942326,0.16070106693942326,0.1607010669394235,0.1607010669394237,0.1607010669394235,0.16070106693942326,0.1607010669394235,0.1607010669394237,0.1607010669394237,0.1607010669394237,0.1607010669394235,0.1607010669394237,0.1607010669394237,0.15921845131427811,0.15921845131427748,0.15921845131427725,0.15921845131427748,0.15921845131427811,0.15921845131427748,0.1592184513142768,0.1592184513142766,0.1592184513142768,0.15921845131427748,0.15921845131427725,0.1592184513142766,0.15921845131427617,0.1592184513142766,0.15921845131427725,0.15921845131427748,0.1592184513142768,0.1592184513142766,0.1592184513142768,0.15921845131427748,0.15921845131427811,0.15921845131427748,0.15921845131427725,0.15921845131427748,0.15921845131427811,0.15776544609765714,0.15776544609765522,0.15776544609765414,0.15776544609765522,0.15776544609765714,0.15776544609765522,0.1577654460976535,0.15776544609765245,0.1577654460976535,0.15776544609765522,0.15776544609765414,0.15776544609765245,0.15776544609765114,0.15776544609765245,0.15776544609765414,0.15776544609765522,0.1577654460976535,0.15776544609765245,0.1577654460976535,0.15776544609765522,0.15776544609765714,0.15776544609765522,0.15776544609765414,0.15776544609765522,0.15776544609765714,0.15634146241844274,0.15634146241843708,0.15634146241843375,0.15634146241843708,0.15634146241844274,0.15634146241843708,0.15634146241843144,0.1563414624184279,0.15634146241843144,0.15634146241843708,0.15634146241843375,0.1563414624184279,0.15634146241842414,0.1563414624184279,0.15634146241843375,0.15634146241843708,0.15634146241843144,0.1563414624184279,0.15634146241843144,0.15634146241843708,0.15634146241844274,0.15634146241843708,0.15634146241843375,0.15634146241843708,0.15634146241844274,0.15494591447669412,0.1549459144766773,0.15494591447666664,0.1549459144766773,0.15494591447669412,0.1549459144766773,0.15494591447665945,0.15494591447664818,0.15494591447665945,0.1549459144766773,0.15494591447666664,0.15494591447664818,0.1549459144766363,0.15494591447664818,0.15494591447666664,0.1549459144766773,0.15494591447665945,0.15494591447664818,0.15494591447665945,0.1549459144766773,0.15494591447669412,0.1549459144766773,0.15494591447666664,0.1549459144766773,0.15494591447669412,0.15357822051316342,0.1535782205131124,0.1535782205130801,0.1535782205131124,0.15357822051316342,0.1535782205131124,0.15357822051305656,0.15357822051302042,0.15357822051305656,0.1535782205131124,0.1535782205130801,0.15357822051302042,0.15357822051298145,0.15357822051302042,0.1535782205130801,0.1535782205131124,0.15357822051305656,0.15357822051302042,0.15357822051305656,0.1535782205131124,0.15357822051316342,0.1535782205131124,0.1535782205130801,0.1535782205131124,0.15357822051316342,0.1522378036704295,0.15223780367027676,0.15223780367017772,0.15223780367027676,0.1522378036704295,0.15223780367027676,0.15223780367010256,0.15223780366998582,0.15223780367010256,0.15223780367027676,0.15223780367017772,0.15223780366998582,0.1522378036698569,0.15223780366998582,0.15223780367017772,0.15223780367027676,0.15223780367010256,0.15223780366998582,0.15223780367010256,0.15223780367027676,0.1522378036704295,0.15223780367027676,0.15223780367017772,0.15223780367027676,0.1522378036704295,0.1509240927542969,0.15092409275384935,0.15092409275355145,0.15092409275384935,0.1509240927542969,0.15092409275384935,0.1509240927533113,0.15092409275293836,0.1509240927533113,0.15092409275384935,0.15092409275355145,0.15092409275293836,0.1509240927525043,0.15092409275293836,0.15092409275355145,0.15092409275384935,0.1509240927533113,0.15092409275293836,0.1509240927533113,0.15092409275384935,0.1509240927542969,0.15092409275384935,0.15092409275355145,0.15092409275384935,0.1509240927542969,0.14963652290364804,0.1496365229023759,0.1496365229014917,0.1496365229023759,0.14963652290364804,0.1496365229023759,0.1496365229007407,0.14963652289952545,0.1496365229007407,0.1496365229023759,0.1496365229014917,0.14963652289952545,0.14963652289798707,0.14963652289952545,0.1496365229014917,0.1496365229023759,0.1496365229007407,0.14963652289952545,0.1496365229007407,0.1496365229023759,0.14963652290364804,0.1496365229023759,0.1496365229014917,0.1496365229023759,0.14963652290364804,0.14837453617657304,0.14837453617312146,0.1483745361705552,0.14837453617312146,0.14837453617657304,0.14837453617312146,0.14837453616825655,0.1483745361642073,0.14837453616825655,0.14837453617312146,0.1483745361705552,0.1483745361642073,0.1483745361583175,0.1483745361642073,0.1483745361705552,0.14837453617312146,0.14837453616825655,0.1483745361642073,0.14837453616825655,0.14837453617312146,0.14837453617657304,0.14837453617312146,0.1483745361705552,0.14837453617312146,0.14837453617657304,0.14713758206043048,0.14713758205174002,0.14713758204460597,0.14713758205174002,0.14713758206043048,0.14713758205174002,0.14713758203787833,0.14713758202416266,0.14713758203787833,0.14713758205174002,0.14713758204460597,0.14713758202416266,0.14713758199914903,0.14713758202416266,0.14713758204460597,0.14713758205174002,0.14713758203787833,0.14713758202416266,0.14713758203787833,0.14713758205174002,0.14713758206043048,0.14713758205174002,0.14713758204460597,0.14713758205174002,0.14713758206043048,0.14592511791323787,0.14592511789397805,0.1459251178758661,0.14592511789397805,0.14592511791323787,0.14592511789397805,0.14592511785796763,0.14592511781231501,0.14592511785796763,0.14592511789397805,0.1459251178758661,0.14592511781231501,0.14592511769221772,0.14592511781231501,0.1459251178758661,0.14592511789397805,0.14592511785796763,0.14592511781231501,0.14592511785796763,0.14592511789397805,0.14592511791323787,0.14592511789397805,0.1459251178758661,0.14592511789397805,0.14592511791323787,0.14473660934190563,0.14473660930813637,0.14473660927108975,0.14473660930813637,0.14473660934190563,0.14473660930813637,0.14473660923335765,0.1447366091014479,0.14473660923335765,0.14473660930813637,0.14473660927108975,0.1447366091014479,0.14473660844799233,0.1447366091014479,0.14473660927108975,0.14473660930813637,0.14473660923335765,0.1447366091014479,0.14473660923335765,0.14473660930813637,0.14473660934190563,0.14473660930813637,0.14473660927108975,0.14473660930813637,0.14473660934190563,0.14357153051428131,0.14357153047665666,0.14357153043847898,0.14357153047665666,0.14357153051428131,0.14357153047665666,0.14357153039996692,0.14357153028582503,0.14357153039996692,0.14357153047665666,0.14357153043847898,0.14357153028582503,0.14357152985551613,0.14357153028582503,0.14357153043847898,0.14357153047665666,0.14357153039996692,0.14357153028582503,0.14357153039996692,0.14357153047665666,0.14357153051428131,0.14357153047665666,0.14357153043847898,0.14357153047665666,0.14357153051428131,0.14242936439046527,0.14242936435096823,0.14242936431064132,0.14242936435096823,0.14242936439046527,0.14242936435096823,0.14242936426987088,0.14242936414728677,0.14242936426987088,0.14242936435096823,0.14242936431064132,0.14242936414728677,0.14242936366377532,0.14242936414728677,0.14242936431064132,0.14242936435096823,0.14242936426987088,0.14242936414728677,0.1424293642698707,0.14242936435096823,0.14242936439046527,0.14242936435096823,0.14242936431064132,0.14242936435096823,0.14242936439046527,0.1413096029533332,0.14130960291494246,0.14130960287320973,0.14130960291494246,0.1413096029533332,0.14130960291494246,0.14130960283040392,0.1413096026909532,0.14130960283040392,0.14130960291494246,0.14130960287320973,0.1413096026909532,0.14130960209163082,0.1413096026909532,0.14130960287320973,0.14130960291494246,0.14130960283040392,0.1413096026909532,0.14130960283040392,0.14130960291494246,0.1413096029533332,0.14130960291494246,0.14130960287320973,0.14130960291494246,0.1413096029533332,0.14021174737534026,0.14021174734950737,0.14021174731759253,0.14021174734950737,0.14021174737534026,0.14021174734950737,0.14021174728409241,0.14021174715673648,0.14021174728409241,0.14021174734950737,0.14021174731759253,0.14021174715673648,0.14021174650615287,0.14021174715673648,0.14021174731759253,0.14021174734950737,0.14021174728409241,0.14021174715673648,0.14021174728409241,0.14021174734950737,0.14021174737534026,0.14021174734950737,0.14021174731759253,0.14021174734950737,0.14021174737534026,0.1391353081300735,0.13913530813741795,0.13913530814178576,0.13913530813741795,0.1391353081300735,0.13913530813741795,0.13913530814541888,0.13913530814497663,0.13913530814541888,0.13913530813741795,0.13913530814178576,0.13913530814497663,0.1391353081121869,0.13913530814497663,0.13913530814178576,0.13913530813741795,0.13913530814541888,0.13913530814497663,0.13913530814541888,0.13913530813741795,0.1391353081300735,0.13913530813741795,0.13913530814178576,0.13913530813741795,0.1391353081300735,0.13807980506624237,0.13807980511715595,0.13807980516916815,0.13807980511715595,0.13807980506624237,0.13807980511715595,0.13807980522210286,0.13807980536893794,0.13807980522210286,0.13807980511715595,0.13807980516916815,0.13807980536893794,0.13807980578987022,0.13807980536893794,0.13807980516916815,0.13807980511715595,0.13807980522210286,0.13807980536893794,0.13807980522210286,0.13807980511715595,0.13807980506624237,0.13807980511715595,0.13807980516916815,0.13807980511715595,0.13807980506624237,0.13704476748911965,0.13704476757981057,0.13704476769071144,0.13704476757981057,0.13704476748911965,0.13704476757981057,0.13704476780593514,0.13704476826323886,0.13704476780593514,0.13704476757981057,0.13704476769071144,0.13704476826323886,0.1370447708067157,0.13704476826323886,0.13704476769071144,0.13704476757981057,0.13704476780593514,0.13704476826323886,0.13704476780593514,0.13704476757981057,0.13704476748911965,0.13704476757981057,0.13704476769071144,0.13704476757981057,0.13704476748911965,0.13602973422129996,0.13602973428528092,0.13602973434812712,0.13602973428528092,0.13602973422129996,0.13602973428528092,0.1360297344112677,0.1360297345802769,0.1360297344112677,0.13602973428528092,0.13602973434812712,0.1360297345802769,0.13602973505024038,0.1360297345802769,0.13602973434812712,0.13602973428528092,0.1360297344112677,0.1360297345802769,0.1360297344112677,0.13602973428528092,0.13602973422129996,0.13602973428528092,0.13602973434812712,0.13602973428528092,0.13602973422129996,0.1350342537378028,0.13503425377801176,0.1350342538112595,0.13503425377801176,0.1350342537378028,0.13503425377801176,0.13503425384284942,0.13503425390724122,0.13503425384284942,0.13503425377801176,0.1350342538112595,0.13503425390724122,0.1350342540244925,0.13503425390724122,0.1350342538112595,0.13503425377801176,0.13503425384284942,0.13503425390724122,0.13503425384284942,0.13503425377801176,0.1350342537378028,0.13503425377801176,0.1350342538112595,0.13503425377801176,0.1350342537378028
0.165332487318095,0.165332487318095,0.165332487318095,0.165332487318095,0.165332487318095,0.165332487318095,0.165332487318095,0.165332487318095,0.165332487318095,0.165332487318095,0.165332487318095,0.165332487318095,0.165332487318095,0.165332487318095,0.165332487318095,0.165332487318095,0.165332487318095,0.165332487318095,0.165332487318095,0.165332487318095,0.165332487318095,0.165332487318095,0.165332487318095,0.165332487318095,0.165332487318095,0.1637574936086254,0.1637574936086254,0.1637574936086254,0.1637574936086254,0.1637574936086254,0.1637574936086254,0.1637574936086254,0.1637574936086254,0.1637574936086254,0.1637574936086254,0.1637574936086254,0.1637574936086254,0.1637574936086254,0.1637574936086254,0.1637574936086254,0.1637574936086254,0.1637574936086254,0.1637574936086254,0.1637574936086254,0.1637574936086254,0.1637574936086254,0.1637574936086254,0.1637574936086254,0.1637574936086254,0.1637574936086254,0.16221388383089572,0.16221388383089572,0.16221388383089572,0.16221388383089572,0.16221388383089572,0.16221388383089572,0.16221388383089547,0.16221388383089547,0.16221388383089547,0.16221388383089572,0.16221388383089572,0.16221388383089547,0.16221388383089547,0.16221388383089547,0.16221388383089572,0.16221388383089572,0.16221388383089547,0.16221388383089547,0.16221388383089547,0.16221388383089572,0.16221388383089572,0.16221388383089572,0.16221388383089572,0.16221388383089572,0.16221388383089572,0.16070106694194602,0.16070106694194602,0.1607010669419458,0.16070106694194602,0.16070106694194602,0.16070106694194602,0.1607010669419458,0.16070106694194558,0.1607010669419458,0.16070106694194602,0.1607010669419458,0.16070106694194558,0.16070106694194558,0.16070106694194558,0.1607010669419458,0.16070106694194602,0.1607010669419458,0.16070106694194558,0.1607010669419458,0.16070106694194602,0.16070106694194602,0.16070106694194602,0.1607010669419458,0.16070106694194602,0.16070106694194602,0.1592184513167553,0.15921845131675486,0.15921845131675444,0.15921845131675486,0.1592184513167553,0.15921845131675486,0.15921845131675422,0.1592184513167538,0.15921845131675422,0.15921845131675486,0.15921845131675444,0.1592184513167538,0.15921845131675358,0.1592184513167538,0.15921845131675444,0.15921845131675486,0.15921845131675422,0.1592184513167538,0.15921845131675422,0.15921845131675486,0.1592184513167553,0.15921845131675486,0.15921845131675444,0.15921845131675486,0.1592184513167553,0.1577654461000917,0.15776544610008975,0.15776544610008866,0.15776544610008975,0.1577654461000917,0.15776544610008975,0.15776544610008805,0.157765446100087,0.15776544610008805,0.15776544610008975,0.15776544610008866,0.157765446100087,0.1577654461000857,0.157765446100087,0.15776544610008866,0.15776544610008975,0.15776544610008805,0.157765446100087,0.15776544610008805,0.15776544610008975,0.1577654461000917,0.15776544610008975,0.15776544610008866,0.15776544610008975,0.1577654461000917,0.1563414624208366,0.15634146242083116,0.15634146242082783,0.15634146242083116,0.1563414624208366,0.15634146242083116,0.15634146242082553,0.15634146242082197,0.15634146242082553,0.15634146242083116,0.15634146242082783,0.15634146242082197,0.15634146242081842,0.15634146242082197,0.15634146242082783,0.15634146242083116,0.15634146242082553,0.15634146242082197,0.15634146242082553,0.15634146242083116,0.1563414624208366,0.15634146242083116,0.15634146242082783,0.15634146242083116,0.1563414624208366,0.15494591447904957,0.154945914479033,0.15494591447902253,0.154945914479033,0.15494591447904957,0.154945914479033,0.15494591447901537,0.15494591447900408,0.15494591447901537,0.154945914479033,0.15494591447902253,0.15494591447900408,0.15494591447899242,0.15494591447900408,0.15494591447902253,0.154945914479033,0.15494591447901537,0.15494591447900408,0.15494591447901537,0.154945914479033,0.15494591447904957,0.154945914479033,0.15494591447902253,0.154945914479033,0.15494591447904957,0.15357822051548237,0.15357822051543196,0.1535782205153998,0.15357822051543196,0.15357822051548237,0.15357822051543196,0.15357822051537673,0.15357822051534095,0.15357822051537673,0.15357822051543196,0.1535782205153998,0.15357822051534095,0.1535782205153026,0.15357822051534095,0.1535782205153998,0.15357822051543196,0.15357822051537673,0.15357822051534095,0.15357822051537673,0.15357822051543196,0.15357822051548237,0.15357822051543196,0.1535782205153998,0.15357822051543196,0.15357822051548237,0.15223780367271245,0.15223780367256148,0.15223780367246345,0.15223780367256148,0.15223780367271264,0.15223780367256148,0.15223780367238923,0.15223780367227388,0.15223780367238923,0.15223780367256148,0.15223780367246345,0.15223780367227388,0.15223780367214615,0.15223780367227388,0.15223780367246345,0.15223780367256148,0.15223780367238923,0.15223780367227388,0.15223780367238923,0.15223780367256148,0.15223780367271264,0.15223780367256148,0.15223780367246345,0.15223780367256148,0.15223780367271264,0.1509240927565431,0.15092409275610014,0.15092409275580515,0.15092409275610014,0.1509240927565431,0.15092409275610014,0.15092409275556784,0.1509240927551986,0.15092409275556784,0.15092409275609994,0.15092409275580515,0.1509240927551986,0.15092409275476937,0.1509240927551986,0.15092409275580515,0.15092409275610014,0.15092409275556784,0.1509240927551986,0.15092409275556784,0.15092409275610014,0.1509240927565431,0.15092409275609994,0.15092409275580515,0.15092409275610014,0.1509240927565431,0.14963652290584936,0.14963652290459004,0.1496365229037148,0.14963652290459004,0.14963652290584936,0.14963652290459004,0.1496365229029717,0.1496365229017693,0.1496365229029717,0.14963652290459004,0.1496365229037148,0.1496365229017693,0.14963652290024793,0.1496365229017693,0.1496365229037148,0.14963652290459004,0.1496365229029717,0.1496365229017693,0.1496365229029717,0.14963652290459004,0.14963652290584936,0.14963652290459004,0.1496365229037148,0.14963652290459004,0.14963652290584936,0.14837453617870452,0.14837453617528668,0.14837453617274654,0.14837453617528668,0.14837453617870452,0.14837453617528668,0.1483745361704716,0.1483745361664661,0.1483745361704716,0.14837453617528668,0.14837453617274654,0.1483745361664661,0.14837453616064283,0.1483745361664661,0.14837453617274654,0.14837453617528668,0.1483745361704716,0.1483745361664661,0.1483745361704716,0.14837453617528668,0.14837453617870452,0.14837453617528668,0.14837453617274654,0.14837453617528668,0.14837453617870452,0.14713758206242292,0.14713758205381397,0.14713758204675081,0.14713758205381397,0.14713758206242292,0.14713758205381397,0.14713758204009197,0.1471375820265251,0.14713758204009197,0.14713758205381397,0.14713758204675081,0.1471375820265251,0.14713758200180302,0.1471375820265251,0.14713758204675081,0.14713758205381397,0.14713758204009197,0.1471375820265251,0.14713758204009197,0.14713758205381397,0.14713758206242292,0.14713758205381397,0.14713758204675081,0.14713758205381397,0.14713758206242292,0.145925117914922,0.14592511789582763,0.14592511787788678,0.14592511789582763,0.145925117914922,0.14592511789582763,0.145925117860163,0.14592511781500342,0.145925117860163,0.14592511789582763,0.14592511787788678,0.14592511781500342,0.1459251176963504,0.14592511781500342,0.14592511787788678,0.14592511789582763,0.145925117860163,0.14592511781500342,0.145925117860163,0.14592511789582763,0.145925117914922,0.14592511789582763,0.14592511787788678,0.14592511789582763,0.145925117914922,0.14473660934293636,0.14473660930939608,0.14473660927264967,0.14473660930939608,0.14473660934293636,0.14473660930939608,0.1447366092352325,0.14473660910467445,0.1447366092352325,0.14473660930939608,0.14473660927264967,0.14473660910467445,0.14473660845929337,0.14473660910467445,0.14473660927264967,0.14473660930939608,0.1447366092352325,0.14473660910467445,0.1447366092352325,0.14473660930939608,0.14473660934293636,0.14473660930939608,0.14473660927264967,0.14473660930939608,0.14473660934293636,0.14357153051417607,0.14357153047660942,0.14357153043847024,0.14357153047660942,0.14357153051417607,0.14357153047660942,0.14357153039999432,0.14357153028580552,0.14357153039999432,0.14357153047660942,0.14357153043847024,0.14357153028580552,0.1435715298540591,0.14357153028580552,0.14357153043847024,0.14357153047660942,0.14357153039999432,0.14357153028580552,0.14357153039999432,0.14357153047660942,0.14357153051417607,0.14357153047660942,0.14357153043847024,0.14357153047660942,0.14357153051417607,0.14242936438908854,0.14242936434953865,0.1424293643091329,0.14242936434953865,0.14242936438908854,0.14242936434953865,0.14242936426827707,0.1424293641453234,0.14242936426827707,0.14242936434953865,0.1424293643091329,0.1424293641453234,0.14242936365980866,0.1424293641453234,0.1424293643091329,0.14242936434953865,0.14242936426827707,0.1424293641453234,0.14242936426827707,0.14242936434953865,0.14242936438908854,0.14242936434953865,0.1424293643091329,0.14242936434953865,0.14242936438908854,0.14130960295077544,0.1413096029123069,0.14130960287048683,0.1413096029123069,0.14130960295077544,0.1413096029123069,0.14130960282759022,0.14130960268783657,0.14130960282759022,0.1413096029123069,0.14130960287048683,0.14130960268783657,0.1413096020871958,0.14130960268783657,0.14130960287048683,0.1413096029123069,0.14130960282759022,0.14130960268783657,0.14130960282759022,0.1413096029123069,0.14130960295077544,0.1413096029123069,0.14130960287048683,0.1413096029123069,0.14130960295077544,0.14021174737174286,0.14021174734584144,0.14021174731386177,0.14021174734584144,0.14021174737174286,0.14021174734584144,0.14021174728029778,0.1402117471527716,0.14021174728029778,0.14021174734584144,0.14021174731386177,0.1402117471527716,0.1402117465016252,0.1402117471527716,0.14021174731386177,0.14021174734584144,0.14021174728029778,0.1402117471527716,0.14021174728029778,0.14021174734584144,0.14021174737174286,0.14021174734584144,0.14021174731386177,0.14021174734584144,0.14021174737174286,0.13913530812556066,0.13913530813283256,0.1391353081371384,0.13913530813283256,0.13913530812556066,0.13913530813283256,0.1391353081407117,0.139135308140143,0.1391353081407117,0.13913530813283256,0.1391353081371384,0.139135308140143,0.13913530810710126,0.139135308140143,0.1391353081371384,0.13913530813283256,0.1391353081407117,0.139135308140143,0.1391353081407117,0.13913530813283256,0.13913530812556066,0.13913530813283256,0.1391353081371384,0.13913530813283256,0.13913530812556066,0.13807980506094739,0.13807980511174842,0.13807980516365148,0.13807980511174842,0.13807980506094739,0.13807980511174842,0.13807980521647703,0.13807980536302542,0.13807980521647703,0.13807980511174842,0.13807980516365148,0.13807980536302542,0.13807980578317958,0.13807980536302542,0.13807980516365148,0.13807980511174842,0.13807980521647703,0.13807980536302542,0.13807980521647703,0.13807980511174842,0.13807980506094739,0.13807980511174842,0.13807980516365148,0.13807980511174842,0.13807980506094739,0.13704476748325925,0.1370447675737863,0.13704476768449164,0.1370447675737863,0.13704476748325925,0.1370447675737863,0.13704476779951327,0.13704476825603076,0.13704476779951327,0.1370447675737863,0.13704476768449164,0.13704476825603076,0.13704477079518695,0.13704476825603076,0.13704476768449164,0.1370447675737863,0.13704476779951327,0.13704476825603076,0.13704476779951327,0.1370447675737863,0.13704476748325925,0.1370447675737863,0.13704476768449164,0.1370447675737863,0.13704476748325925,0.13602973421519898,0.1360297342790675,0.13602973434180443,0.1360297342790675,0.13602973421519898,0.1360297342790675,0.13602973440483584,0.13602973457355505,0.13602973440483584,0.1360297342790675,0.13602973434180443,0.13602973457355505,0.13602973504271754,0.13602973457355505,0.13602973434180443,0.1360297342790675,0.13602973440483584,0.13602973457355505,0.13602973440483584,0.1360297342790675,0.13602973421519898,0.1360297342790675,0.13602973434180443,0.1360297342790675,0.13602973421519898,0.13503425373168257,0.13503425377182163,0.13503425380501174,0.13503425377182163,0.13503425373168257,0.13503425377182163,0.13503425383654744,0.1350342539008285,0.13503425383654744,0.13503425377182163,0.13503425380501174,0.1350342539008285,0.13503425401787944,0.1350342539008285,0.13503425380501174,0.13503425377182163,0.13503425383654744,0.1350342539008285,0.13503425383654744,0.13503425377182163,0.13503425373168257,0.13503425377182163,0.13503425380501174,0.13503425377182163,0.13503425373168257
0.16533248732093347,0.16533248732093347,0.16533248732093347,0.16533248732093347,0.16533248732093347,0.16533248732093347,0.16533248732093347,0.16533248732093347,0.16533248732093347,0.16533248732093347,0.16533248732093347,0.16533248732093347,0.16533248732093347,0.16533248732093347,0.16533248732093347,0.16533248732093347,0.16533248732093347,0.16533248732093347,0.16533248732093347,0.16533248732093347,0.16533248732093347,0.16533248732093347,0.16533248732093347,0.16533248732093347,0.16533248732093347,0.16375749361140898,0.16375749361140898,0.16375749361140898,0.16375749361140898,0.16375749361140898,0.16375749361140898,0.16375749361140898,0.16375749361140898,0.16375749361140898,0.16375749361140898,0.16375749361140898,0.16375749361140898,0.16375749361140898,0.16375749361140898,0.16375749361140898,0.16375749361140898,0.16375749361140898,0.16375749361140898,0.16375749361140898,0.16375749361140898,0.16375749361140898,0.16375749361140898,0.16375749361140898,0.16375749361140898,0.16375749361140898,0.16221388383362645,0.16221388383362623,0.16221388383362623,0.16221388383362623,0.16221388383362645,0.16221388383362623,0.16221388383362623,0.16221388383362623,0.16221388383362623,0.16221388383362623,0.16221388383362623,0.16221388383362623,0.16221388383362623,0.16221388383362623,0.16221388383362623,0.16221388383362623,0.16221388383362623,0.16221388383362623,0.16221388383362623,0.16221388383362623,0.16221388383362645,0.16221388383362623,0.16221388383362623,0.16221388383362623,0.16221388383362645,0.1607010669446263,0.16070106694462608,0.16070106694462608,0.16070106694462608,0.1607010669446263,0.16070106694462608,0.16070106694462585,0.16070106694462585,0.16070106694462585,0.16070106694462608,0.16070106694462608,0.16070106694462585,0.16070106694462566,0.16070106694462585,0.16070106694462608,0.16070106694462608,0.16070106694462585,0.16070106694462585,0.16070106694462585,0.16070106694462608,0.1607010669446263,0.16070106694462608,0.16070106694462608,0.16070106694462608,0.1607010669446263,0.15921845131938728,0.15921845131938664,0.15921845131938642,0.15921845131938664,0.15921845131938728,0.15921845131938664,0.1592184513193862,0.15921845131938575,0.1592184513193862,0.15921845131938664,0.15921845131938642,0.15921845131938575,0.15921845131938556,0.15921845131938575,0.15921845131938642,0.15921845131938664,0.1592184513193862,0.15921845131938575,0.1592184513193862,0.15921845131938664,0.15921845131938728,0.15921845131938664,0.15921845131938642,0.15921845131938664,0.15921845131938728,0.15776544610267748,0.15776544610267576,0.1577654461026747,0.15776544610267576,0.15776544610267748,0.15776544610267576,0.1577654461026741,0.157765446102673,0.1577654461026741,0.15776544610267576,0.1577654461026747,0.157765446102673,0.15776544610267174,0.157765446102673,0.1577654461026747,0.15776544610267576,0.1577654461026741,0.157765446102673,0.1577654461026741,0.15776544610267576,0.15776544610267748,0.15776544610267576,0.1577654461026747,0.15776544610267576,0.15776544610267748,0.1563414624233789,0.1563414624233735,0.15634146242337013,0.1563414624233735,0.1563414624233789,0.1563414624233735,0.15634146242336805,0.1563414624233645,0.15634146242336805,0.1563414624233735,0.15634146242337013,0.1563414624233645,0.15634146242336094,0.1563414624233645,0.15634146242337013,0.1563414624233735,0.15634146242336805,0.1563414624233645,0.15634146242336805,0.1563414624233735,0.1563414624233789,0.1563414624233735,0.15634146242337013,0.1563414624233735,0.1563414624233789,0.15494591448155037,0.15494591448153397,0.1549459144815235,0.15494591448153397,0.15494591448155037,0.15494591448153397,0.15494591448151634,0.1549459144815055,0.15494591448151634,0.15494591448153397,0.1549459144815235,0.1549459144815055,0.15494591448149378,0.1549459144815055,0.1549459144815235,0.15494591448153397,0.15494591448151634,0.1549459144815055,0.15494591448151634,0.15494591448153397,0.15494591448155037,0.15494591448153397,0.1549459144815235,0.15494591448153397,0.15494591448155037,0.1535782205179433,0.1535782205178935,0.15357822051786177,0.1535782205178935,0.1535782205179433,0.1535782205178935,0.15357822051783887,0.1535782205178035,0.15357822051783887,0.1535782205178935,0.15357822051786177,0.1535782205178035,0.15357822051776573,0.1535782205178035,0.15357822051786177,0.1535782205178935,0.15357822051783887,0.1535782205178035,0.15357822051783887,0.1535782205178935,0.1535782205179433,0.1535782205178935,0.15357822051786177,0.1535782205178935,0.1535782205179433,0.15223780367513476,0.15223780367498535,0.1522378036748885,0.15223780367498535,0.15223780367513476,0.15223780367498535,0.1522378036748151,0.1522378036747013,0.1522378036748151,0.15223780367498535,0.1522378036748885,0.1522378036747013,0.15223780367457493,0.1522378036747013,0.1522378036748885,0.15223780367498535,0.1522378036748151,0.1522378036747013,0.1522378036748151,0.15223780367498535,0.15223780367513476,0.15223780367498535,0.1522378036748885,0.15223780367498535,0.15223780367513476,0.15092409275892488,0.15092409275848673,0.15092409275819504,0.15092409275848673,0.15092409275892488,0.15092409275848673,0.15092409275796065,0.15092409275759566,0.15092409275796065,0.15092409275848673,0.15092409275819504,0.15092409275759566,0.15092409275717122,0.15092409275759566,0.15092409275819504,0.15092409275848673,0.15092409275796065,0.15092409275759566,0.15092409275796065,0.15092409275848673,0.15092409275892488,0.15092409275848673,0.15092409275819504,0.15092409275848673,0.15092409275892488,0.14963652290818247,0.1496365229069366,0.14963652290607116,0.1496365229069366,0.14963652290818247,0.1496365229069366,0.14963652290533636,0.14963652290414797,0.14963652290533636,0.1496365229069366,0.14963652290607116,0.14963652290414797,0.14963652290264456,0.14963652290414797,0.14963652290607116,0.1496365229069366,0.14963652290533636,0.14963652290414797,0.14963652290533636,0.1496365229069366,0.14963652290818247,0.1496365229069366,0.14963652290607116,0.1496365229069366,0.14963652290818227,0.1483745361809622,0.1483745361775803,0.148374536175068,0.1483745361775803,0.1483745361809622,0.1483745361775803,0.14837453617281862,0.14837453616885962,0.14837453617281862,0.1483745361775803,0.148374536175068,0.14837453616885962,0.14837453616310733,0.14837453616885962,0.148374536175068,0.1483745361775803,0.14837453617281862,0.14837453616885962,0.14837453617281862,0.1483745361775803,0.1483745361809622,0.1483745361775803,0.148374536175068,0.1483745361775803,0.1483745361809622,0.14713758206453137,0.14713758205600933,0.1471375820490217,0.14713758205600933,0.14713758206453137,0.14713758205600933,0.1471375820424361,0.1471375820290278,0.1471375820424361,0.14713758205600933,0.1471375820490217,0.1471375820290278,0.14713758200461635,0.1471375820290278,0.1471375820490217,0.14713758205600933,0.1471375820424361,0.1471375820290278,0.1471375820424361,0.14713758205600933,0.14713758206453137,0.14713758205600933,0.1471375820490217,0.14713758205600933,0.14713758206453137,0.14592511791670118,0.14592511789778295,0.1459251178800246,0.14592511789778295,0.14592511791670118,0.14592511789778295,0.14592511786248674,0.14592511781785245,0.14592511786248674,0.14592511789778295,0.1459251178800246,0.14592511781785245,0.14592511770073843,0.14592511781785245,0.1459251178800246,0.14592511789778295,0.14592511786248674,0.14592511781785245,0.14592511786248674,0.14592511789778295,0.14592511791670118,0.14592511789778295,0.1459251178800246,0.14592511789778295,0.14592511791670118,0.14473660934401839,0.14473660931072196,0.14473660927429516,0.14473660931072196,0.14473660934401839,0.14473660931072196,0.14473660923721327,0.14473660910809544,0.14473660923721327,0.14473660931072196,0.14473660927429516,0.14473660910809544,0.14473660847129838,0.14473660910809544,0.14473660927429516,0.14473660931072196,0.14473660923721327,0.14473660910809544,0.14473660923721327,0.14473660931072196,0.14473660934401839,0.14473660931072196,0.14473660927429516,0.14473660931072196,0.14473660934401839,0.1435715305140479,0.14357153047654217,0.14357153043844337,0.14357153047654217,0.1435715305140479,0.14357153047654217,0.14357153040000542,0.14357153028576514,0.14357153040000542,0.14357153047654217,0.14357153043844337,0.14357153028576514,0.14357152985251667,0.14357153028576514,0.14357153043844337,0.14357153047654217,0.14357153040000542,0.14357153028576514,0.14357153040000542,0.14357153047654217,0.1435715305140479,0.14357153047654217,0.14357153043844337,0.14357153047654217,0.1435715305140479,0.14242936438760698,0.1424293643479992,0.14242936430750772,0.1424293643479992,0.14242936438760698,0.1424293643479992,0.14242936426655944,0.1424293641432069,0.14242936426655944,0.1424293643479992,0.14242936430750772,0.1424293641432069,0.14242936365555414,0.1424293641432069,0.14242936430750772,0.1424293643479992,0.14242936426655944,0.1424293641432069,0.14242936426655944,0.1424293643479992,0.14242936438760698,0.1424293643479992,0.14242936430750772,0.1424293643479992,0.14242936438760698,0.1413096029480402,0.1413096029094868,0.1413096028675707,0.1413096029094868,0.1413096029480402,0.1413096029094868,0.14130960282457475,0.1413096026844889,0.14130960282457475,0.1413096029094868,0.1413096028675707,0.1413096026844889,0.1413096020824084,0.1413096026844889,0.1413096028675707,0.1413096029094868,0.14130960282457475,0.1413096026844889,0.14130960282457475,0.1413096029094868,0.1413096029480402,0.1413096029094868,0.1413096028675707,0.1413096029094868,0.1413096029480402,0.14021174736791037,0.1402117473419333,0.1402117473098822,0.1402117473419333,0.14021174736791037,0.1402117473419333,0.14021174727624694,0.1402117471485284,0.14021174727624694,0.1402117473419333,0.1402117473098822,0.1402117471485284,0.14021174649671797,0.1402117471485284,0.1402117473098822,0.1402117473419333,0.14021174727624694,0.1402117471485284,0.14021174727624694,0.1402117473419333,0.14021174736791037,0.1402117473419333,0.1402117473098822,0.1402117473419333,0.14021174736791037,0.13913530812076796,0.13913530812796174,0.13913530813220118,0.13913530812796174,0.13913530812076796,0.13913530812796174,0.13913530813571032,0.13913530813500452,0.13913530813571032,0.13913530812796174,0.13913530813220118,0.13913530813500452,0.13913530810168734,0.13913530813500452,0.13913530813220118,0.13913530812796174,0.13913530813571032,0.13913530813500452,0.13913530813571032,0.13913530812796174,0.13913530812076796,0.13913530812796174,0.13913530813220118,0.13913530812796174,0.13913530812076796,0.13807980505533785,0.13807980510602041,0.13807980515780904,0.13807980510602041,0.13807980505533785,0.13807980510602041,0.13807980521052002,0.1380798053567684,0.13807980521052002,0.13807980510602041,0.13807980515780904,0.1380798053567684,0.1380798057761092,0.1380798053567684,0.13807980515780904,0.13807980510602041,0.13807980521052002,0.1380798053567684,0.13807980521052002,0.13807980510602041,0.13807980505533785,0.13807980510602041,0.13807980515780904,0.13807980510602041,0.13807980505533785,0.13704476747706074,0.13704476756741643,0.1370447676779179,0.13704476756741643,0.13704476747706074,0.13704476756741643,0.1370447677927291,0.1370447682484271,0.1370447677927291,0.13704476756741643,0.1370447676779179,0.1370447682484271,0.13704477078306848,0.1370447682484271,0.1370447676779179,0.13704476756741643,0.1370447677927291,0.1370447682484271,0.1370447677927291,0.13704476756741643,0.13704476747706074,0.13704476756741643,0.1370447676779179,0.13704476756741643,0.13704476747706074,0.13602973420875075,0.13602973427250203,0.13602973433512508,0.13602973427250203,0.13602973420875075,0.13602973427250203,0.13602973439804258,0.1360297345664595,0.13602973439804258,0.13602973427250203,0.13602973433512508,0.1360297345664595,0.1360297350347873,0.1360297345664595,0.13602973433512508,0.13602973427250203,0.13602973439804258,0.1360297345664595,0.13602973439804258,0.13602973427250203,0.13602973420875075,0.13602973427250203,0.13602973433512508,0.13602973427250203,0.13602973420875075,0.13503425372521588,0.135034253765282,0.1350342537984121,0.135034253765282,0.13503425372521588,0.135034253765282,0.1350342538298909,0.13503425389405674,0.1350342538298909,0.135034253765282,0.1350342537984121,0.13503425389405674,0.135034254010899,0.13503425389405674,0.1350342537984121,0.135034253765282,0.1350342538298909,0.13503425389405674,0.1350342538298909,0.135034253765282,0.13503425372521588,0.135034253765282,0.1350342537984121,0.135034253765282,0.13503425372521588
0.16533248732393804,0.16533248732393804,0.16533248732393804,0.16533248732393804,0.16533248732393804,0.16533248732393804,0.16533248732393804,0.16533248732393804,0.16533248732393804,0.16533248732393804,0.16533248732393804,0.16533248732393804,0.16533248732393804,0.16533248732393804,0.16533248732393804,0.16533248732393804,0.16533248732393804,0.16533248732393804,0.16533248732393804,0.16533248732393804,0.16533248732393804,0.16533248732393804,0.16533248732393804,0.16533248732393804,0.16533248732393804,0.16375749361435513,0.16375749361435513,0.16375749361435513,0.16375749361435513,0.16375749361435513,0.16375749361435513,0.16375749361435513,0.16375749361435513,0.16375749361435513,0.16375749361435513,0.16375749361435513,0.16375749361435513,0.16375749361435513,0.16375749361435513,0.16375749361435513,0.16375749361435513,0.16375749361435513,0.16375749361435513,0.16375749361435513,0.16375749361435513,0.16375749361435513,0.16375749361435513,0.16375749361435513,0.16375749361435513,0.16375749361435513,0.1622138838365164,0.1622138838365164,0.1622138838365164,0.1622138838365164,0.1622138838365164,0.1622138838365164,0.1622138838365164,0.1622138838365164,0.1622138838365164,0.1622138838365164,0.1622138838365164,0.1622138838365164,0.16221388383651617,0.1622138838365164,0.1622138838365164,0.1622138838365164,0.1622138838365164,0.1622138838365164,0.1622138838365164,0.1622138838365164,0.1622138838365164,0.1622138838365164,0.1622138838365164,0.1622138838365164,0.1622138838365164,0.16070106694746253,0.1607010669474623,0.1607010669474623,0.1607010669474623,0.16070106694746253,0.1607010669474623,0.16070106694746208,0.16070106694746208,0.16070106694746208,0.1607010669474623,0.1607010669474623,0.16070106694746208,0.16070106694746186,0.16070106694746208,0.1607010669474623,0.1607010669474623,0.16070106694746208,0.16070106694746208,0.16070106694746208,0.1607010669474623,0.16070106694746253,0.1607010669474623,0.1607010669474623,0.1607010669474623,0.16070106694746253,0.1592184513221721,0.15921845132217144,0.15921845132217122,0.15921845132217144,0.1592184513221721,0.15921845132217144,0.159218451322171,0.15921845132217058,0.159218451322171,0.15921845132217144,0.15921845132217122,0.15921845132217058,0.15921845132217013,0.15921845132217058,0.15921845132217122,0.15921845132217144,0.159218451322171,0.15921845132217058,0.159218451322171,0.15921845132217144,0.1592184513221721,0.15921845132217144,0.15921845132217122,0.15921845132217144,0.1592184513221721,0.15776544610541307,0.15776544610541138,0.1577654461054103,0.15776544610541138,0.15776544610541307,0.15776544610541138,0.15776544610540966,0.1577654461054086,0.15776544610540966,0.15776544610541138,0.1577654461054103,0.1577654461054086,0.15776544610540755,0.1577654461054086,0.1577654461054103,0.15776544610541138,0.15776544610540966,0.1577654461054086,0.15776544610540966,0.15776544610541138,0.15776544610541307,0.15776544610541138,0.1577654461054103,0.15776544610541138,0.15776544610541307,0.1563414624260676,0.1563414624260624,0.15634146242605904,0.1563414624260624,0.1563414624260676,0.1563414624260624,0.15634146242605676,0.1563414624260534,0.15634146242605676,0.1563414624260624,0.15634146242605904,0.1563414624260534,0.15634146242604985,0.1563414624260534,0.15634146242605904,0.1563414624260624,0.15634146242605676,0.1563414624260534,0.15634146242605695,0.1563414624260624,0.1563414624260676,0.1563414624260624,0.15634146242605904,0.1563414624260624,0.1563414624260676,0.1549459144841944,0.15494591448417822,0.15494591448416795,0.15494591448417822,0.1549459144841944,0.15494591448417822,0.15494591448416098,0.15494591448414993,0.15494591448416098,0.15494591448417822,0.15494591448416795,0.15494591448414993,0.15494591448413864,0.15494591448414993,0.15494591448416795,0.15494591448417822,0.15494591448416098,0.15494591448414993,0.15494591448416098,0.15494591448417822,0.1549459144841944,0.15494591448417822,0.15494591448416795,0.15494591448417822,0.1549459144841944,0.1535782205205444,0.1535782205204952,0.15357822052046385,0.1535782205204952,0.1535782205205444,0.1535782205204952,0.15357822052044137,0.15357822052040662,0.15357822052044137,0.1535782205204952,0.15357822052046385,0.15357822052040662,0.15357822052036926,0.15357822052040662,0.15357822052046385,0.1535782205204952,0.15357822052044137,0.15357822052040662,0.15357822052044137,0.1535782205204952,0.1535782205205444,0.1535782205204952,0.15357822052046385,0.1535782205204952,0.1535782205205444,0.15223780367769385,0.15223780367754625,0.15223780367745054,0.15223780367754625,0.15223780367769385,0.15223780367754625,0.15223780367737832,0.15223780367726594,0.15223780367737832,0.15223780367754625,0.15223780367745054,0.15223780367726594,0.15223780367714115,0.15223780367726594,0.15223780367745054,0.15223780367754625,0.15223780367737832,0.15223780367726594,0.15223780367737832,0.15223780367754625,0.15223780367769385,0.15223780367754625,0.15223780367745054,0.15223780367754625,0.15223780367769385,0.15092409276144036,0.15092409276100743,0.15092409276071939,0.15092409276100743,0.15092409276144036,0.15092409276100743,0.1509240927604879,0.15092409276012717,0.1509240927604879,0.15092409276100743,0.15092409276071939,0.15092409276012717,0.1509240927597081,0.15092409276012717,0.15092409276071939,0.15092409276100743,0.1509240927604879,0.15092409276012717,0.1509240927604879,0.15092409276100743,0.15092409276144036,0.15092409276100743,0.15092409276071939,0.15092409276100743,0.15092409276144036,0.14963652291064528,0.14963652290941418,0.14963652290855875,0.14963652290941418,0.14963652291064528,0.14963652290941418,0.14963652290783305,0.14963652290665921,0.14963652290783305,0.14963652290941418,0.14963652290855875,0.14963652290665921,0.14963652290517507,0.14963652290665921,0.14963652290855875,0.14963652290941418,0.14963652290783305,0.14963652290665921,0.14963652290783305,0.14963652290941418,0.14963652291064528,0.14963652290941418,0.14963652290855875,0.14963652290941418,0.14963652291064528,0.14837453618334426,0.14837453618000054,0.14837453617751747,0.14837453618000054,0.14837453618334426,0.14837453618000054,0.1483745361752954,0.1483745361713855,0.1483745361752954,0.14837453618000054,0.14837453617751747,0.1483745361713855,0.14837453616570864,0.1483745361713855,0.14837453617751747,0.14837453618000054,0.1483745361752954,0.1483745361713855,0.1483745361752954,0.14837453618000054,0.14837453618334426,0.14837453618000054,0.14837453617751747,0.14837453618000054,0.14837453618334426,0.14713758206675434,0.14713758205832436,0.14713758205141667,0.14713758205832436,0.14713758206675434,0.14713758205832436,0.1471375820449088,0.14713758203166874,0.1471375820449088,0.14713758205832436,0.14713758205141667,0.14713758203166874,0.14713758200758684,0.14713758203166874,0.14713758205141667,0.14713758205832436,0.1471375820449088,0.14713758203166874,0.1471375820449088,0.14713758205832436,0.14713758206675434,0.14713758205832436,0.14713758205141667,0.14713758205832436,0.14713758206675434,0.1459251179185739,0.14592511789984242,0.1459251178822773,0.14592511789984242,0.1459251179185739,0.14592511789984242,0.14592511786493653,0.14592511782085962,0.14592511786493653,0.14592511789984242,0.1459251178822773,0.14592511782085962,0.1459251177053774,0.14592511782085962,0.1459251178822773,0.14592511789984242,0.14592511786493653,0.14592511782085962,0.14592511786493653,0.14592511789984242,0.1459251179185739,0.14592511789984242,0.1459251178822773,0.14592511789984242,0.1459251179185739,0.14473660934515103,0.1447366093121128,0.14473660927602497,0.1447366093121128,0.14473660934515103,0.1447366093121128,0.14473660923929862,0.14473660911170774,0.14473660923929862,0.1447366093121128,0.14473660927602497,0.14473660911170774,0.1447366084840667,0.14473660911170774,0.14473660927602497,0.1447366093121128,0.14473660923929862,0.14473660911170774,0.14473660923929862,0.1447366093121128,0.14473660934515103,0.1447366093121128,0.14473660927602497,0.1447366093121128,0.14473660934515103,0.1435715305138968,0.1435715304764549,0.14357153043839838,0.1435715304764549,0.1435715305138968,0.1435715304764549,0.14357153040000012,0.1435715302857044,0.14357153040000012,0.1435715304764549,0.14357153043839838,0.1435715302857044,0.14357152985087657,0.1435715302857044,0.14357153043839838,0.1435715304764549,0.14357153040000012,0.1435715302857044,0.14357153040000012,0.1435715304764549,0.1435715305138968,0.1435715304764549,0.14357153043839838,0.1435715304764549,0.1435715305138968,0.14242936438602186,0.14242936434635117,0.14242936430576728,0.14242936434635117,0.14242936438602186,0.14242936434635117,0.1424293642647194,0.14242936414093935,0.1424293642647194,0.14242936434635117,0.14242936430576728,0.14242936414093935,0.1424293636510208,0.14242936414093935,0.14242936430576728,0.14242936434635117,0.1424293642647194,0.14242936414093935,0.1424293642647194,0.14242936434635117,0.14242936438602186,0.14242936434635117,0.14242936430576728,0.14242936434635117,0.14242936438602186,0.14130960294513012,0.14130960290648414,0.14130960286446395,0.14130960290648414,0.14130960294513012,0.14130960290648414,0.1413096028213601,0.1413096026809134,0.1413096028213601,0.14130960290648414,0.14130960286446395,0.1413096026809134,0.14130960207726967,0.1413096026809134,0.14130960286446395,0.14130960290648414,0.1413096028213601,0.1413096026809134,0.1413096028213601,0.14130960290648414,0.14130960294513012,0.14130960290648414,0.14130960286446395,0.14130960290648414,0.14130960294513012,0.14021174736384548,0.14021174733778655,0.14021174730565691,0.14021174733778655,0.14021174736384548,0.14021174733778655,0.1402117472719436,0.14021174714401088,0.1402117472719436,0.14021174733778655,0.14021174730565691,0.14021174714401088,0.14021174649144774,0.14021174714401088,0.14021174730565691,0.14021174733778655,0.1402117472719436,0.14021174714401088,0.1402117472719436,0.14021174733778655,0.14021174736384548,0.14021174733778655,0.14021174730565691,0.14021174733778655,0.14021174736384548,0.13913530811569888,0.1391353081228095,0.13913530812697783,0.1391353081228095,0.13913530811569888,0.1391353081228095,0.13913530813041833,0.13913530812956545,0.13913530813041833,0.1391353081228095,0.13913530812697783,0.13913530812956545,0.13913530809594993,0.13913530812956545,0.13913530812697783,0.1391353081228095,0.13913530813041833,0.13913530812956545,0.13913530813041833,0.1391353081228095,0.13913530811569888,0.1391353081228095,0.13913530812697783,0.1391353081228095,0.13913530811569888,0.13807980504941775,0.13807980509997644,0.13807980515164522,0.13807980509997644,0.13807980504941775,0.13807980509997644,0.13807980520423652,0.13807980535017156,0.13807980520423652,0.13807980509997644,0.13807980515164522,0.13807980535017156,0.13807980576866427,0.13807980535017156,0.13807980515164522,0.13807980509997644,0.13807980520423652,0.13807980535017156,0.13807980520423652,0.13807980509997644,0.13807980504941775,0.13807980509997644,0.13807980515164522,0.13807980509997644,0.13807980504941775,0.13704476747052846,0.1370447675607057,0.1370447676709949,0.1370447675607057,0.13704476747052846,0.1370447675607057,0.13704476778558702,0.13704476824043266,0.13704476778558702,0.1370447675607057,0.1370447676709949,0.13704476824043266,0.1370447707703938,0.13704476824043266,0.1370447676709949,0.1370447675607057,0.13704476778558702,0.13704476824043266,0.13704476778558702,0.1370447675607057,0.13704476747052846,0.1370447675607057,0.1370447676709949,0.1370447675607057,0.13704476747052846,0.13602973420195988,0.13602973426558904,0.13602973432809368,0.13602973426558904,0.13602973420195988,0.13602973426558904,0.1360297343908928,0.13602973455899525,0.1360297343908928,0.13602973426558904,0.13602973432809368,0.13602973455899525,0.13602973502645524,0.13602973455899525,0.1360297343280938,0.13602973426558904,0.1360297343908928,0.13602973455899525,0.1360297343908928,0.13602973426558904,0.13602973420195988,0.13602973426558904,0.1360297343280938,0.13602973426558904,0.13602973420195988,0.13503425371840713,0.13503425375839734,0.13503425379146516,0.13503425375839734,0.13503425371840713,0.13503425375839734,0.13503425382288492,0.13503425388693083,0.13503425382288492,0.13503425375839734,0.13503425379146516,0.13503425388693083,0.13503425400355593,0.13503425388693083,0.13503425379146516,0.13503425375839734,0.13503425382288492,0.13503425388693083,0.13503425382288492,0.13503425375839734,0.13503425371840713,0.13503425375839734,0.13503425379146516,0.13503425375839734,0.13503425371840713
0.16533248732710523,0.16533248732710523,0.16533248732710523,0.16533248732710523,0.16533248732710523,0.16533248732710523,0.16533248732710523,0.16533248732710523,0.16533248732710523,0.16533248732710523,0.16533248732710523,0.16533248732710523,0.16533248732710523,0.16533248732710523,0.16533248732710523,0.16533248732710523,0.16533248732710523,0.16533248732710523,0.16533248732710523,0.16533248732710523,0.16533248732710523,0.16533248732710523,0.16533248732710523,0.16533248732710523,0.16533248732710523,0.16375749361746061,0.16375749361746061,0.16375749361746061,0.16375749361746061,0.16375749361746061,0.16375749361746061,0.16375749361746061,0.16375749361746061,0.16375749361746061,0.16375749361746061,0.16375749361746061,0.16375749361746061,0.16375749361746061,0.16375749361746061,0.16375749361746061,0.16375749361746061,0.16375749361746061,0.16375749361746061,0.16375749361746061,0.16375749361746061,0.16375749361746061,0.16375749361746061,0.16375749361746061,0.16375749361746061,0.16375749361746061,0.1622138838395627,0.1622138838395627,0.1622138838395627,0.1622138838395627,0.1622138838395627,0.1622138838395627,0.1622138838395627,0.1622138838395627,0.1622138838395627,0.1622138838395627,0.1622138838395627,0.1622138838395627,0.16221388383956245,0.1622138838395627,0.1622138838395627,0.1622138838395627,0.1622138838395627,0.1622138838395627,0.1622138838395627,0.1622138838395627,0.1622138838395627,0.1622138838395627,0.1622138838395627,0.1622138838395627,0.1622138838395627,0.16070106695045183,0.16070106695045158,0.16070106695045158,0.16070106695045158,0.16070106695045183,0.16070106695045158,0.16070106695045158,0.1607010669504514,0.16070106695045158,0.16070106695045158,0.16070106695045158,0.1607010669504514,0.1607010669504514,0.1607010669504514,0.16070106695045158,0.16070106695045158,0.16070106695045158,0.1607010669504514,0.16070106695045158,0.16070106695045158,0.16070106695045183,0.16070106695045158,0.16070106695045158,0.16070106695045158,0.16070106695045183,0.15921845132510692,0.15921845132510626,0.15921845132510606,0.15921845132510626,0.15921845132510692,0.15921845132510626,0.15921845132510584,0.1592184513251054,0.15921845132510584,0.15921845132510626,0.15921845132510606,0.1592184513251054,0.15921845132510498,0.1592184513251054,0.15921845132510606,0.15921845132510626,0.15921845132510584,0.1592184513251054,0.15921845132510584,0.15921845132510626,0.15921845132510692,0.15921845132510626,0.15921845132510606,0.15921845132510626,0.15921845132510692,0.15776544610829568,0.15776544610829418,0.15776544610829313,0.15776544610829418,0.15776544610829568,0.15776544610829418,0.15776544610829227,0.1577654461082912,0.15776544610829227,0.15776544610829418,0.15776544610829313,0.1577654461082912,0.15776544610829013,0.1577654461082912,0.15776544610829313,0.15776544610829418,0.15776544610829227,0.1577654461082912,0.15776544610829227,0.15776544610829418,0.15776544610829568,0.15776544610829418,0.15776544610829313,0.15776544610829418,0.15776544610829568,0.15634146242890037,0.15634146242889516,0.15634146242889202,0.15634146242889516,0.15634146242890037,0.15634146242889516,0.15634146242888972,0.15634146242888639,0.15634146242888972,0.15634146242889516,0.15634146242889202,0.15634146242888639,0.15634146242888283,0.15634146242888639,0.15634146242889202,0.15634146242889516,0.15634146242888972,0.15634146242888639,0.15634146242888972,0.15634146242889516,0.15634146242890037,0.15634146242889516,0.15634146242889202,0.15634146242889516,0.15634146242890037,0.15494591448697942,0.15494591448696346,0.15494591448695338,0.15494591448696346,0.15494591448697942,0.15494591448696346,0.15494591448694645,0.15494591448693576,0.15494591448694645,0.15494591448696346,0.15494591448695338,0.15494591448693576,0.1549459144869245,0.15494591448693576,0.15494591448695338,0.15494591448696346,0.15494591448694645,0.15494591448693576,0.15494591448694645,0.15494591448696346,0.15494591448697942,0.15494591448696346,0.15494591448695338,0.15494591448696346,0.15494591448697942,0.1535782205232837,0.1535782205232351,0.15357822052320416,0.1535782205232351,0.1535782205232837,0.1535782205232351,0.15357822052318207,0.15357822052314773,0.15357822052318207,0.1535782205232351,0.15357822052320416,0.15357822052314773,0.153578220523111,0.15357822052314773,0.15357822052320416,0.1535782205232351,0.15357822052318207,0.15357822052314773,0.15357822052318207,0.1535782205232351,0.1535782205232837,0.1535782205232351,0.15357822052320416,0.1535782205232351,0.1535782205232837,0.1522378036803882,0.15223780368024253,0.15223780368014825,0.15223780368024253,0.1522378036803882,0.15223780368024253,0.1522378036800768,0.15223780367996617,0.1522378036800768,0.15223780368024253,0.15223780368014825,0.15223780367996617,0.15223780367984313,0.15223780367996617,0.15223780368014825,0.15223780368024253,0.1522378036800768,0.15223780367996617,0.1522378036800768,0.15223780368024253,0.1522378036803882,0.15223780368024253,0.15223780368014825,0.15223780368024253,0.1522378036803882,0.15092409276408797,0.15092409276366048,0.1509240927633761,0.15092409276366048,0.15092409276408797,0.15092409276366048,0.1509240927631477,0.15092409276279176,0.1509240927631477,0.15092409276366048,0.1509240927633761,0.15092409276279176,0.1509240927623783,0.15092409276279176,0.1509240927633761,0.15092409276366048,0.1509240927631477,0.15092409276279176,0.1509240927631477,0.15092409276366048,0.15092409276408797,0.15092409276366048,0.1509240927633761,0.15092409276366048,0.15092409276408797,0.14963652291323667,0.14963652291202068,0.14963652291117624,0.14963652291202068,0.14963652291323667,0.14963652291202068,0.14963652291045978,0.14963652290930146,0.14963652291045978,0.14963652291202068,0.14963652291117624,0.14963652290930146,0.14963652290783758,0.14963652290930146,0.14963652291117624,0.14963652291202068,0.14963652291045978,0.14963652290930146,0.14963652291045978,0.14963652291202068,0.14963652291323667,0.14963652291202068,0.14963652291117624,0.14963652291202068,0.14963652291323667,0.1483745361858492,0.14837453618254606,0.14837453618009394,0.14837453618254606,0.1483745361858492,0.14837453618254606,0.1483745361779004,0.14837453617404256,0.1483745361779004,0.14837453618254606,0.14837453618009394,0.14837453617404256,0.1483745361684452,0.14837453617404256,0.14837453618009394,0.14837453618254606,0.1483745361779004,0.14837453617404256,0.1483745361779004,0.14837453618254606,0.1483745361858492,0.14837453618254606,0.14837453618009394,0.14837453618254606,0.1483745361858492,0.14713758206909044,0.14713758206075783,0.14713758205393462,0.14713758206075783,0.14713758206909044,0.14713758206075783,0.14713758204750868,0.14713758203444627,0.14713758204750868,0.14713758206075783,0.14713758205393462,0.14713758203444627,0.1471375820107124,0.14713758203444627,0.14713758205393462,0.14713758206075783,0.14713758204750868,0.14713758203444627,0.14713758204750868,0.14713758206075783,0.14713758206909044,0.14713758206075783,0.14713758205393462,0.14713758206075783,0.14713758206909044,0.14592511792053936,0.14592511790200502,0.14592511788464413,0.14592511790200502,0.14592511792053936,0.14592511790200502,0.14592511786751153,0.14592511782402293,0.14592511786751153,0.14592511790200502,0.14592511788464413,0.14592511782402293,0.14592511771026434,0.14592511782402293,0.14592511788464413,0.14592511790200502,0.14592511786751153,0.14592511782402293,0.14592511786751153,0.14592511790200502,0.14592511792053936,0.14592511790200502,0.14592511788464413,0.14592511790200502,0.14592511792053936,0.14473660934633414,0.14473660931356871,0.14473660927783855,0.14473660931356871,0.14473660934633414,0.14473660931356871,0.1447366092414873,0.14473660911550912,0.1447366092414873,0.14473660931356871,0.14473660927783855,0.14473660911550912,0.1447366084974955,0.14473660911550912,0.14473660927783855,0.14473660931356871,0.1447366092414873,0.14473660911550912,0.1447366092414873,0.14473660931356871,0.14473660934633414,0.14473660931356871,0.14473660927783855,0.14473660931356871,0.14473660934633414,0.14357153051372382,0.143571530476349,0.14357153043833643,0.143571530476349,0.14357153051372382,0.143571530476349,0.14357153039997975,0.1435715302856245,0.14357153039997975,0.143571530476349,0.14357153043833643,0.1435715302856245,0.1435715298490987,0.1435715302856245,0.14357153043833643,0.143571530476349,0.14357153039997975,0.1435715302856245,0.14357153039997975,0.143571530476349,0.14357153051372382,0.143571530476349,0.14357153043833643,0.143571530476349,0.14357153051372382,0.14242936438433562,0.1424293643445972,0.1424293643039143,0.1424293643445972,0.14242936438433562,0.1424293643445972,0.1424293642627597,0.14242936413852392,0.1424293642627597,0.1424293643445972,0.1424293643039143,0.14242936413852392,0.14242936364614678,0.14242936413852392,0.1424293643039143,0.1424293643445972,0.1424293642627597,0.14242936413852392,0.1424293642627597,0.1424293643445972,0.14242936438433562,0.1424293643445972,0.1424293643039143,0.1424293643445972,0.14242936438433562,0.1413096029420484,0.14130960290330286,0.1413096028611702,0.14130960290330286,0.1413096029420484,0.14130960290330286,0.14130960281795008,0.14130960267711437,0.14130960281795008,0.14130960290330286,0.1413096028611702,0.14130960267711437,0.14130960207176793,0.14130960267711437,0.1413096028611702,0.14130960290330286,0.14130960281795008,0.14130960267711437,0.14130960281795008,0.14130960290330286,0.1413096029420484,0.14130960290330286,0.1413096028611702,0.14130960290330286,0.1413096029420484,0.14021174735955294,0.1402117473334053,0.1402117473011902,0.1402117473334053,0.14021174735955294,0.1402117473334053,0.1402117472673919,0.1402117471392236,0.1402117472673919,0.1402117473334053,0.1402117473011902,0.1402117471392236,0.14021174648578938,0.1402117471392236,0.1402117473011902,0.1402117473334053,0.1402117472673919,0.1402117471392236,0.1402117472673919,0.1402117473334053,0.14021174735955294,0.1402117473334053,0.1402117473011902,0.1402117473334053,0.14021174735955294,0.13913530811035804,0.13913530811738056,0.13913530812147315,0.13913530811738056,0.13913530811035804,0.13913530811738056,0.13913530812484062,0.13913530812383043,0.13913530812484062,0.13913530811738056,0.13913530812147315,0.13913530812383043,0.13913530808989394,0.13913530812383043,0.13913530812147315,0.13913530811738056,0.13913530812484062,0.13913530812383043,0.13913530812484062,0.13913530811738056,0.13913530811035804,0.13913530811738056,0.13913530812147315,0.13913530811738056,0.13913530811035804,0.1380798050431922,0.13807980509362128,0.1380798051451651,0.13807980509362128,0.1380798050431922,0.13807980509362128,0.13807980519763144,0.13807980534324013,0.13807980519763144,0.13807980509362128,0.1380798051451651,0.13807980534324013,0.13807980576085066,0.13807980534324013,0.1380798051451651,0.13807980509362128,0.13807980519763144,0.13807980534324013,0.13807980519763144,0.13807980509362128,0.1380798050431922,0.13807980509362128,0.1380798051451651,0.13807980509362128,0.1380798050431922,0.13704476746366784,0.13704476755365955,0.13704476766372817,0.13704476755365955,0.13704476746366784,0.13704476755365955,0.13704476777809282,0.13704476823205358,0.13704476777809282,0.13704476755365955,0.13704476766372817,0.13704476823205358,0.13704477075715263,0.13704476823205358,0.13704476766372817,0.13704476755365955,0.13704476777809282,0.13704476823205358,0.13704476777809282,0.13704476755365955,0.13704476746366784,0.13704476755365955,0.13704476766372817,0.13704476755365955,0.13704476746366784,0.13602973419483166,0.13602973425833426,0.13602973432071588,0.13602973425833426,0.13602973419483166,0.13602973425833426,0.13602973438339197,0.1360297345511681,0.13602973438339197,0.13602973425833426,0.13602973432071588,0.1360297345511681,0.13602973501772744,0.1360297345511681,0.13602973432071588,0.13602973425833426,0.13602973438339197,0.1360297345511681,0.13602973438339197,0.13602973425833426,0.13602973419483166,0.13602973425833426,0.13602973432071588,0.13602973425833426,0.13602973419483166,0.13503425371126174,0.13503425375117314,0.1350342537841762,0.13503425375117314,0.13503425371126174,0.13503425375117314,0.13503425381553463,0.1350342538794561,0.13503425381553452,0.13503425375117314,0.1350342537841762,0.1350342538794561,0.13503425399585584,0.1350342538794561,0.1350342537841762,0.13503425375117314,0.13503425381553452,0.1350342538794561,0.13503425381553452,0.13503425375117314,0.13503425371126174,0.13503425375117314,0.1350342537841762,0.13503425375117314,0.13503425371126174
0.16533248733043313,0.16533248733043313,0.16533248733043313,0.16533248733043313,0.16533248733043313,0.16533248733043313,0.16533248733043313,0.16533248733043313,0.16533248733043313,0.16533248733043313,0.16533248733043313,0.16533248733043313,0.16533248733043313,0.16533248733043313,0.16533248733043313,0.16533248733043313,0.16533248733043313,0.16533248733043313,0.16533248733043313,0.16533248733043313,0.16533248733043313,0.16533248733043313,0.16533248733043313,0.16533248733043313,0.16533248733043313,0.16375749362072364,0.16375749362072364,0.16375749362072364,0.16375749362072364,0.16375749362072364,0.16375749362072364,0.16375749362072364,0.16375749362072364,0.16375749362072364,0.16375749362072364,0.16375749362072364,0.16375749362072364,0.16375749362072364,0.16375749362072364,0.16375749362072364,0.16375749362072364,0.16375749362072364,0.16375749362072364,0.16375749362072364,0.16375749362072364,0.16375749362072364,0.16375749362072364,0.16375749362072364,0.16375749362072364,0.16375749362072364,0.16221388384276333,0.1622138838427631,0.1622138838427631,0.1622138838427631,0.16221388384276333,0.1622138838427631,0.1622138838427631,0.1622138838427631,0.1622138838427631,0.1622138838427631,0.1622138838427631,0.1622138838427631,0.1622138838427631,0.1622138838427631,0.1622138838427631,0.1622138838427631,0.1622138838427631,0.1622138838427631,0.1622138838427631,0.1622138838427631,0.16221388384276333,0.1622138838427631,0.1622138838427631,0.1622138838427631,0.1622138838427631,0.1607010669535924,0.16070106695359218,0.16070106695359196,0.16070106695359218,0.1607010669535924,0.16070106695359218,0.16070106695359196,0.16070106695359196,0.16070106695359196,0.16070106695359218,0.16070106695359196,0.16070106695359196,0.16070106695359174,0.16070106695359196,0.16070106695359196,0.16070106695359218,0.16070106695359196,0.16070106695359196,0.16070106695359196,0.16070106695359218,0.1607010669535924,0.16070106695359218,0.16070106695359196,0.16070106695359218,0.1607010669535924,0.15921845132818957,0.15921845132818913,0.1592184513281887,0.15921845132818913,0.15921845132818957,0.15921845132818913,0.15921845132818846,0.15921845132818827,0.15921845132818846,0.15921845132818913,0.1592184513281887,0.15921845132818827,0.15921845132818782,0.15921845132818827,0.1592184513281887,0.15921845132818913,0.15921845132818846,0.15921845132818827,0.15921845132818846,0.15921845132818913,0.15921845132818957,0.15921845132818913,0.1592184513281887,0.15921845132818913,0.15921845132818957,0.1577654461113234,0.15776544611132168,0.1577654461113206,0.15776544611132168,0.1577654461113234,0.15776544611132168,0.15776544611131996,0.1577654461113189,0.15776544611131996,0.15776544611132168,0.1577654461113206,0.1577654461113189,0.15776544611131782,0.1577654461113189,0.1577654461113206,0.15776544611132168,0.15776544611131996,0.1577654461113189,0.15776544611131996,0.15776544611132168,0.1577654461113234,0.15776544611132168,0.1577654461113206,0.15776544611132168,0.1577654461113234,0.1563414624318749,0.15634146243186992,0.15634146243186678,0.15634146243186992,0.1563414624318749,0.15634146243186992,0.15634146243186448,0.15634146243186114,0.15634146243186448,0.15634146243186992,0.15634146243186678,0.15634146243186114,0.1563414624318578,0.15634146243186114,0.15634146243186678,0.15634146243186992,0.15634146243186448,0.15634146243186114,0.15634146243186448,0.15634146243186992,0.1563414624318749,0.15634146243186992,0.15634146243186678,0.15634146243186992,0.1563414624318749,0.15494591448990339,0.15494591448988762,0.15494591448987774,0.15494591448988762,0.15494591448990339,0.15494591448988762,0.15494591448987102,0.15494591448986036,0.15494591448987102,0.15494591448988762,0.15494591448987774,0.15494591448986036,0.1549459144898493,0.15494591448986036,0.15494591448987774,0.15494591448988762,0.15494591448987102,0.15494591448986036,0.15494591448987102,0.15494591448988762,0.15494591448990339,0.15494591448988762,0.15494591448987774,0.15494591448988762,0.15494591448990339,0.15357822052615897,0.15357822052611117,0.15357822052608067,0.15357822052611117,0.15357822052615897,0.15357822052611117,0.15357822052605874,0.15357822052602502,0.15357822052605874,0.15357822052611117,0.15357822052608067,0.15357822052602502,0.15357822052598885,0.15357822052602502,0.15357822052608067,0.15357822052611117,0.15357822052605874,0.15357822052602502,0.15357822052605874,0.15357822052611117,0.15357822052615897,0.15357822052611117,0.15357822052608067,0.15357822052611117,0.15357822052615897,0.1522378036832156,0.1522378036830719,0.1522378036829788,0.1522378036830719,0.1522378036832156,0.1522378036830719,0.15223780368290854,0.1522378036827995,0.15223780368290854,0.1522378036830719,0.1522378036829788,0.1522378036827995,0.15223780368267822,0.1522378036827995,0.1522378036829788,0.1522378036830719,0.15223780368290854,0.1522378036827995,0.15223780368290854,0.1522378036830719,0.1522378036832156,0.1522378036830719,0.1522378036829788,0.1522378036830719,0.1522378036832156,0.15092409276686525,0.15092409276644372,0.15092409276616303,0.15092409276644372,0.15092409276686525,0.15092409276644372,0.1509240927659383,0.15092409276558716,0.1509240927659383,0.15092409276644372,0.15092409276616303,0.15092409276558716,0.1509240927651795,0.15092409276558716,0.15092409276616303,0.15092409276644372,0.1509240927659383,0.15092409276558716,0.1509240927659383,0.15092409276644372,0.15092409276686525,0.15092409276644372,0.15092409276616303,0.15092409276644372,0.15092409276686525,0.14963652291595417,0.14963652291475407,0.14963652291392116,0.14963652291475407,0.14963652291595417,0.14963652291475407,0.14963652291321472,0.14963652291207266,0.14963652291321472,0.14963652291475407,0.14963652291392116,0.14963652291207266,0.14963652291062995,0.14963652291207266,0.14963652291392116,0.14963652291475407,0.14963652291321472,0.14963652291207266,0.14963652291321472,0.14963652291475407,0.14963652291595417,0.14963652291475407,0.14963652291392116,0.14963652291475407,0.14963652291595417,0.1483745361884751,0.14837453618521443,0.1483745361827951,0.14837453618521443,0.1483745361884751,0.14837453618521443,0.14837453618063137,0.14837453617682844,0.14837453618063137,0.14837453618521443,0.1483745361827951,0.14837453617682844,0.14837453617131469,0.14837453617682844,0.1483745361827951,0.14837453618521443,0.14837453618063137,0.14837453617682844,0.14837453618063137,0.14837453618521443,0.1483745361884751,0.14837453618521443,0.1483745361827951,0.14837453618521443,0.1483745361884751,0.1471375820715379,0.14713758206330738,0.14713758205657318,0.14713758206330738,0.1471375820715379,0.14713758206330738,0.14713758205023353,0.14713758203735805,0.14713758205023353,0.14713758206330738,0.14713758205657318,0.14713758203735805,0.14713758201399038,0.14713758203735805,0.14713758205657318,0.14713758206330738,0.14713758205023353,0.14713758203735805,0.14713758205023353,0.14713758206330738,0.1471375820715379,0.14713758206330738,0.14713758205657318,0.14713758206330738,0.1471375820715379,0.14592511792259583,0.14592511790426893,0.14592511788712278,0.14592511790426893,0.14592511792259583,0.14592511790426893,0.14592511787020918,0.14592511782733972,0.14592511787020918,0.14592511790426893,0.14592511788712278,0.14592511782733972,0.14592511771539507,0.14592511782733972,0.14592511788712278,0.14592511790426893,0.14592511787020918,0.14592511782733972,0.14592511787020918,0.14592511790426893,0.14592511792259583,0.14592511790426893,0.14592511788712278,0.14592511790426893,0.14592511792259583,0.14473660934756682,0.1447366093150878,0.14473660927973414,0.1447366093150878,0.14473660934756682,0.1447366093150878,0.14473660924377757,0.14473660911949635,0.14473660924377757,0.1447366093150878,0.14473660927973414,0.14473660911949635,0.14473660851158884,0.14473660911949635,0.14473660927973414,0.1447366093150878,0.14473660924377757,0.14473660911949635,0.14473660924377757,0.1447366093150878,0.14473660934756682,0.1447366093150878,0.14473660927973414,0.1447366093150878,0.14473660934756682,0.14357153051352908,0.14357153047622406,0.14357153043825754,0.14357153047622406,0.14357153051352908,0.14357153047622406,0.14357153039994416,0.1435715302855254,0.14357153039994416,0.14357153047622406,0.14357153043825754,0.1435715302855254,0.14357152984723476,0.1435715302855254,0.14357153043825754,0.14357153047622406,0.14357153039994416,0.1435715302855254,0.14357153039994416,0.14357153047622406,0.14357153051352908,0.14357153047622406,0.14357153043825754,0.14357153047622406,0.14357153051352908,0.14242936438254922,0.14242936434273815,0.14242936430194977,0.14242936434273815,0.14242936438254922,0.14242936434273815,0.14242936426068176,0.14242936413596266,0.14242936426068176,0.14242936434273815,0.14242936430194977,0.14242936413596266,0.14242936364103384,0.14242936413596266,0.14242936430194977,0.14242936434273815,0.14242936426068176,0.14242936413596266,0.14242936426068176,0.14242936434273815,0.14242936438254922,0.14242936434273815,0.14242936430194977,0.14242936434273815,0.14242936438254922,0.14130960293879724,0.1413096028999448,0.1413096028576919,0.1413096028999448,0.14130960293879724,0.1413096028999448,0.1413096028143471,0.1413096026730945,0.1413096028143471,0.1413096028999448,0.1413096028576919,0.1413096026730945,0.14130960206594947,0.1413096026730945,0.1413096028576919,0.1413096028999448,0.1413096028143471,0.1413096026730945,0.1413096028143471,0.1413096028999448,0.14130960293879724,0.1413096028999448,0.1413096028576919,0.1413096028999448,0.14130960293879724,0.1402117473550351,0.14021174732879235,0.14021174729648517,0.14021174732879235,0.1402117473550351,0.14021174732879235,0.1402117472625953,0.14021174713417012,0.1402117472625953,0.14021174732879235,0.14021174729648517,0.14021174713417012,0.1402117464798327,0.14021174713417012,0.14021174729648517,0.14021174732879235,0.1402117472625953,0.14021174713417012,0.1402117472625953,0.14021174732879235,0.1402117473550351,0.14021174732879235,0.14021174729648517,0.14021174732879235,0.1402117473550351,0.13913530810474917,0.13913530811167826,0.1391353081156907,0.13913530811167826,0.13913530810474917,0.13913530811167826,0.1391353081189808,0.1391353081178037,0.1391353081189808,0.13913530811167826,0.1391353081156907,0.1391353081178037,0.13913530808352378,0.1391353081178037,0.1391353081156907,0.13913530811167826,0.1391353081189808,0.1391353081178037,0.1391353081189808,0.13913530811167826,0.13913530810474917,0.13913530811167826,0.1391353081156907,0.13913530811167826,0.13913530810474917,0.13807980503666512,0.1380798050869592,0.13807980513837276,0.1380798050869592,0.13807980503666512,0.1380798050869592,0.13807980519070898,0.13807980533597844,0.13807980519070898,0.1380798050869592,0.13807980513837276,0.13807980533597844,0.13807980575267284,0.13807980533597844,0.13807980513837276,0.1380798050869592,0.13807980519070898,0.13807980533597844,0.13807980519070898,0.1380798050869592,0.13807980503666512,0.1380798050869592,0.13807980513837276,0.1380798050869592,0.13807980503666512,0.13704476745648286,0.1370447675462821,0.13704476765612206,0.1370447675462821,0.13704476745648286,0.1370447675462821,0.1370447677702509,0.1370447682232949,0.1370447677702509,0.1370447675462821,0.13704476765612206,0.1370447682232949,0.13704477074335958,0.1370447682232949,0.13704476765612206,0.1370447675462821,0.1370447677702509,0.1370447682232949,0.1370447677702509,0.1370447675462821,0.13704476745648286,0.1370447675462821,0.13704476765612206,0.1370447675462821,0.13704476745648286,0.13602973418737052,0.13602973425074164,0.13602973431299575,0.13602973425074164,0.13602973418737052,0.13602973425074164,0.13602973437554453,0.13602973454298256,0.13602973437554453,0.13602973425074164,0.13602973431299575,0.13602973454298256,0.13602973500860902,0.13602973454298256,0.13602973431299575,0.13602973425074164,0.13602973437554453,0.13602973454298256,0.13602973437554453,0.13602973425074164,0.13602973418737052,0.13602973425074164,0.13602973431299575,0.13602973425074164,0.13602973418737052,0.13503425370378397,0.13503425374361372,0.13503425377654968,0.13503425374361372,0.13503425370378397,0.13503425374361372,0.13503425380784453,0.13503425387163714,0.13503425380784453,0.13503425374361372,0.13503425377654968,0.13503425387163714,0.1350342539878035,0.13503425387163714,0.13503425377654968,0.13503425374361372,0.13503425380784453,0.13503425387163714,0.13503425380784453,0.13503425374361372,0.13503425370378397,0.13503425374361372,0.13503425377654968,0.13503425374361372,0.13503425370378397
0.16533248733391917,0.16533248733391917,0.16533248733391917,0.16533248733391917,0.16533248733391917,0.16533248733391917,0.16533248733391917,0.16533248733391917,0.16533248733391917,0.16533248733391917,0.16533248733391917,0.16533248733391917,0.16533248733391917,0.16533248733391917,0.16533248733391917,0.16533248733391917,0.16533248733391917,0.16533248733391917,0.16533248733391917,0.16533248733391917,0.16533248733391917,0.16533248733391917,0.16533248733391917,0.16533248733391917,0.16533248733391917,0.16375749362414185,0.16375749362414185,0.16375749362414185,0.16375749362414185,0.16375749362414185,0.16375749362414185,0.16375749362414185,0.16375749362414185,0.16375749362414185,0.16375749362414185,0.16375749362414185,0.16375749362414185,0.16375749362414185,0.16375749362414185,0.16375749362414185,0.16375749362414185,0.16375749362414185,0.16375749362414185,0.16375749362414185,0.16375749362414185,0.16375749362414185,0.16375749362414185,0.16375749362414185,0.16375749362414185,0.16375749362414185,0.1622138838461157,0.1622138838461157,0.1622138838461157,0.1622138838461157,0.1622138838461157,0.1622138838461157,0.1622138838461157,0.1622138838461157,0.1622138838461157,0.1622138838461157,0.1622138838461157,0.1622138838461157,0.1622138838461157,0.1622138838461157,0.1622138838461157,0.1622138838461157,0.1622138838461157,0.1622138838461157,0.1622138838461157,0.1622138838461157,0.1622138838461157,0.1622138838461157,0.1622138838461157,0.1622138838461157,0.1622138838461157,0.1607010669568816,0.1607010669568816,0.16070106695688138,0.1607010669568816,0.1607010669568816,0.1607010669568816,0.16070106695688138,0.16070106695688113,0.16070106695688138,0.1607010669568816,0.16070106695688138,0.16070106695688113,0.16070106695688113,0.16070106695688113,0.16070106695688138,0.1607010669568816,0.16070106695688138,0.16070106695688113,0.16070106695688138,0.1607010669568816,0.1607010669568816,0.1607010669568816,0.16070106695688138,0.1607010669568816,0.1607010669568816,0.15921845133141832,0.15921845133141765,0.15921845133141746,0.15921845133141765,0.15921845133141832,0.15921845133141765,0.1592184513314172,0.1592184513314168,0.1592184513314172,0.15921845133141765,0.15921845133141746,0.1592184513314168,0.15921845133141657,0.1592184513314168,0.15921845133141746,0.15921845133141765,0.1592184513314172,0.1592184513314168,0.1592184513314172,0.15921845133141765,0.15921845133141832,0.15921845133141765,0.15921845133141746,0.15921845133141765,0.15921845133141832,0.1577654461144938,0.15776544611449209,0.15776544611449106,0.15776544611449209,0.1577654461144938,0.15776544611449209,0.15776544611449042,0.15776544611448934,0.15776544611449042,0.15776544611449209,0.15776544611449106,0.15776544611448934,0.15776544611448828,0.15776544611448934,0.15776544611449106,0.15776544611449209,0.15776544611449042,0.15776544611448934,0.15776544611449042,0.15776544611449209,0.1577654461144938,0.15776544611449209,0.15776544611449106,0.15776544611449209,0.1577654461144938,0.15634146243498956,0.15634146243498456,0.15634146243498143,0.15634146243498456,0.15634146243498956,0.15634146243498456,0.15634146243497934,0.156341462434976,0.15634146243497934,0.15634146243498456,0.15634146243498143,0.156341462434976,0.15634146243497263,0.156341462434976,0.15634146243498143,0.15634146243498456,0.15634146243497934,0.156341462434976,0.15634146243497934,0.15634146243498456,0.15634146243498956,0.15634146243498456,0.15634146243498143,0.15634146243498456,0.15634146243498956,0.15494591449296444,0.1549459144929491,0.15494591449293926,0.1549459144929491,0.15494591449296444,0.1549459144929491,0.1549459144929325,0.15494591449292203,0.1549459144929325,0.1549459144929491,0.15494591449293926,0.15494591449292203,0.1549459144929112,0.15494591449292203,0.15494591449293926,0.1549459144929491,0.1549459144929325,0.15494591449292203,0.1549459144929325,0.1549459144929491,0.15494591449296444,0.1549459144929491,0.15494591449293926,0.1549459144929491,0.15494591449296444,0.1535782205291684,0.1535782205291212,0.15357822052909129,0.1535782205291212,0.1535782205291684,0.1535782205291212,0.15357822052906958,0.15357822052903644,0.15357822052906958,0.1535782205291212,0.15357822052909129,0.15357822052903644,0.1535782205290009,0.15357822052903644,0.15357822052909129,0.1535782205291212,0.15357822052906958,0.15357822052903644,0.15357822052906958,0.1535782205291212,0.1535782205291684,0.1535782205291212,0.15357822052909129,0.1535782205291212,0.1535782205291684,0.1522378036861741,0.15223780368603257,0.15223780368594103,0.15223780368603257,0.1522378036861741,0.15223780368603257,0.15223780368587175,0.15223780368576448,0.15223780368587175,0.15223780368603257,0.15223780368594103,0.15223780368576448,0.15223780368564518,0.15223780368576448,0.15223780368594103,0.15223780368603257,0.15223780368587175,0.15223780368576448,0.15223780368587175,0.15223780368603257,0.1522378036861741,0.15223780368603257,0.15223780368594103,0.15223780368603257,0.1522378036861741,0.15092409276977084,0.15092409276935526,0.15092409276907884,0.15092409276935526,0.15092409276977084,0.15092409276935526,0.15092409276885735,0.15092409276851146,0.15092409276885735,0.15092409276935526,0.15092409276907884,0.15092409276851146,0.15092409276810997,0.15092409276851146,0.15092409276907884,0.15092409276935526,0.15092409276885735,0.15092409276851146,0.15092409276885735,0.15092409276935526,0.15092409276977084,0.15092409276935526,0.15092409276907884,0.15092409276935526,0.15092409276977084,0.14963652291879612,0.149636522917613,0.14963652291679183,0.149636522917613,0.14963652291879612,0.149636522917613,0.1496365229160958,0.14963652291497095,0.1496365229160958,0.149636522917613,0.14963652291679183,0.14963652291497095,0.14963652291355053,0.14963652291497095,0.14963652291679183,0.149636522917613,0.1496365229160958,0.14963652291497095,0.1496365229160958,0.149636522917613,0.14963652291879612,0.149636522917613,0.14963652291679183,0.149636522917613,0.14963652291879612,0.1483745361912204,0.148374536188004,0.148374536185619,0.148374536188004,0.1483745361912204,0.148374536188004,0.14837453618348698,0.14837453617974164,0.14837453618348698,0.148374536188004,0.148374536185619,0.14837453617974164,0.14837453617431537,0.14837453617974164,0.148374536185619,0.148374536188004,0.14837453618348698,0.14837453617974164,0.14837453618348698,0.148374536188004,0.1483745361912204,0.148374536188004,0.148374536185619,0.148374536188004,0.1483745361912204,0.14713758207409508,0.14713758206597194,0.1471375820593311,0.14713758206597194,0.14713758207409508,0.14713758206597194,0.14713758205308192,0.14713758204040245,0.14713758205308192,0.14713758206597194,0.1471375820593311,0.14713758204040245,0.1471375820174188,0.14713758204040245,0.1471375820593311,0.14713758206597194,0.14713758205308192,0.14713758204040245,0.14713758205308192,0.14713758206597194,0.14713758207409508,0.14713758206597194,0.1471375820593311,0.14713758206597194,0.14713758207409508,0.1459251179247422,0.14592511790663293,0.145925117889712,0.14592511790663293,0.1459251179247422,0.14592511790663293,0.1459251178730283,0.14592511783080822,0.1459251178730283,0.14592511790663293,0.145925117889712,0.14592511783080822,0.1459251177207662,0.14592511783080822,0.145925117889712,0.14592511790663293,0.1459251178730283,0.14592511783080822,0.1459251178730283,0.14592511790663293,0.1459251179247422,0.14592511790663293,0.145925117889712,0.14592511790663293,0.1459251179247422,0.14473660934884836,0.14473660931666993,0.14473660928171075,0.14473660931666993,0.14473660934884836,0.14473660931666993,0.14473660924616838,0.14473660912366704,0.14473660924616838,0.14473660931666993,0.14473660928171075,0.14473660912366704,0.14473660852643414,0.14473660912366704,0.14473660928171075,0.14473660931666993,0.14473660924616838,0.14473660912366704,0.14473660924616838,0.14473660931666993,0.14473660934884836,0.14473660931666993,0.14473660928171075,0.14473660931666993,0.14473660934884836,0.14357153051331314,0.143571530476081,0.14357153043816223,0.143571530476081,0.14357153051331314,0.143571530476081,0.14357153039989368,0.14357153028540787,0.14357153039989368,0.143571530476081,0.14357153043816223,0.14357153028540787,0.1435715298452721,0.14357153028540787,0.14357153043816223,0.143571530476081,0.14357153039989368,0.14357153028540787,0.14357153039989368,0.143571530476081,0.14357153051331314,0.143571530476081,0.14357153043816223,0.143571530476081,0.14357153051331314,0.14242936438066453,0.14242936434077613,0.142429364299876,0.14242936434077613,0.14242936438066453,0.14242936434077613,0.14242936425848773,0.14242936413325802,0.14242936425848773,0.14242936434077613,0.142429364299876,0.14242936413325802,0.14242936363561345,0.14242936413325802,0.142429364299876,0.14242936434077613,0.14242936425848773,0.14242936413325802,0.14242936425848773,0.14242936434077613,0.14242936438066453,0.14242936434077613,0.142429364299876,0.14242936434077613,0.14242936438066453,0.14130960293537947,0.14130960289641323,0.14130960285403188,0.14130960289641323,0.14130960293537947,0.14130960289641323,0.14130960281055435,0.14130960266885753,0.14130960281055435,0.14130960289641323,0.14130960285403188,0.14130960266885753,0.1413096020597899,0.14130960266885753,0.14130960285403188,0.14130960289641323,0.14130960281055435,0.14130960266885753,0.14130960281055435,0.14130960289641323,0.14130960293537947,0.14130960289641323,0.14130960285403188,0.14130960289641323,0.14130960293537947,0.14021174735029573,0.14021174732395136,0.14021174729154565,0.14021174732395136,0.14021174735029573,0.14021174732395136,0.14021174725755742,0.14021174712885456,0.14021174725755742,0.14021174732395136,0.14021174729154565,0.14021174712885456,0.14021174647347498,0.14021174712885456,0.14021174729154565,0.14021174732395136,0.14021174725755742,0.14021174712885456,0.14021174725755742,0.14021174732395136,0.14021174735029573,0.14021174732395136,0.14021174729154565,0.14021174732395136,0.14021174735029573,0.13913530809887614,0.13913530810570704,0.139135308109635,0.13913530810570704,0.13913530809887614,0.13913530810570704,0.1391353081128434,0.13913530811148933,0.1391353081128434,0.13913530810570704,0.139135308109635,0.13913530811148933,0.13913530807684402,0.13913530811148933,0.139135308109635,0.13913530810570704,0.1391353081128434,0.13913530811148933,0.1391353081128434,0.13913530810570704,0.13913530809887614,0.13913530810570704,0.139135308109635,0.13913530810570704,0.13913530809887614,0.13807980502984082,0.13807980507999454,0.13807980513127296,0.13807980507999454,0.13807980502984082,0.13807980507999454,0.13807980518347415,0.13807980532839134,0.13807980518347415,0.13807980507999454,0.13807980513127296,0.13807980532839134,0.13807980574413642,0.13807980532839134,0.13807980513127296,0.13807980507999454,0.13807980518347415,0.13807980532839134,0.13807980518347415,0.13807980507999454,0.13807980502984082,0.13807980507999454,0.13807980513127296,0.13807980507999454,0.13807980502984082,0.13704476744897848,0.1370447675385784,0.13704476764818177,0.1370447675385784,0.13704476744897848,0.1370447675385784,0.13704476776206628,0.13704476821416214,0.13704476776206628,0.1370447675385784,0.13704476764818177,0.13704476821416214,0.13704477072901214,0.13704476821416214,0.13704476764818177,0.1370447675385784,0.13704476776206628,0.13704476821416214,0.13704476776206628,0.1370447675385784,0.13704476744897848,0.1370447675385784,0.13704476764818177,0.1370447675385784,0.13704476744897848,0.1360297341795814,0.13602973424281647,0.13602973430493864,0.13602973424281647,0.1360297341795814,0.13602973424281647,0.13602973436735558,0.13602973453444386,0.13602973436735558,0.13602973424281647,0.13602973430493864,0.13602973453444386,0.1360297349991056,0.13602973453444386,0.13602973430493864,0.13602973424281647,0.13602973436735558,0.13602973453444386,0.13602973436735558,0.13602973424281647,0.1360297341795814,0.13602973424281647,0.13602973430493864,0.13602973424281647,0.1360297341795814,0.13503425369597877,0.135034253735724,0.1350342537685905,0.135034253735724,0.13503425369597877,0.135034253735724,0.13503425379981968,0.13503425386347892,0.13503425379981968,0.135034253735724,0.1350342537685905,0.13503425386347892,0.13503425397940383,0.13503425386347892,0.1350342537685905,0.135034253735724,0.13503425379981968,0.13503425386347892,0.13503425379981968,0.135034253735724,0.13503425369597877,0.135034253735724,0.1350342537685905,0.135034253735724,0.13503425369597877
0.16533248733756284,0.16533248733756284,0.16533248733756284,0.16533248733756284,0.16533248733756284,0.16533248733756284,0.16533248733756284,0.16533248733756284,0.16533248733756284,0.16533248733756284,0.16533248733756284,0.16533248733756284,0.16533248733756284,0.16533248733756284,0.16533248733756284,0.16533248733756284,0.16533248733756284,0.16533248733756284,0.16533248733756284,0.16533248733756284,0.16533248733756284,0.16533248733756284,0.16533248733756284,0.16533248733756284,0.16533248733756284,0.16375749362771436,0.16375749362771436,0.16375749362771436,0.16375749362771436,0.16375749362771436,0.16375749362771436,0.16375749362771436,0.16375749362771436,0.16375749362771436,0.16375749362771436,0.16375749362771436,0.16375749362771436,0.16375749362771408,0.16375749362771436,0.16375749362771436,0.16375749362771436,0.16375749362771436,0.16375749362771436,0.16375749362771436,0.16375749362771436,0.16375749362771436,0.16375749362771436,0.16375749362771436,0.16375749362771436,0.16375749362771436,0.16221388384961943,0.16221388384961943,0.16221388384961943,0.16221388384961943,0.16221388384961943,0.16221388384961943,0.16221388384961943,0.1622138838496192,0.16221388384961943,0.16221388384961943,0.16221388384961943,0.1622138838496192,0.1622138838496192,0.1622138838496192,0.16221388384961943,0.16221388384961943,0.16221388384961943,0.1622138838496192,0.16221388384961943,0.16221388384961943,0.16221388384961943,0.16221388384961943,0.16221388384961943,0.16221388384961943,0.16221388384961943,0.16070106696031897,0.16070106696031897,0.16070106696031874,0.16070106696031897,0.16070106696031897,0.16070106696031897,0.16070106696031874,0.16070106696031852,0.16070106696031874,0.16070106696031897,0.16070106696031874,0.16070106696031852,0.16070106696031852,0.16070106696031852,0.16070106696031874,0.16070106696031897,0.16070106696031874,0.16070106696031852,0.16070106696031874,0.16070106696031897,0.16070106696031897,0.16070106696031897,0.16070106696031874,0.16070106696031897,0.16070106696031897,0.15921845133479184,0.15921845133479118,0.15921845133479096,0.15921845133479118,0.15921845133479184,0.15921845133479118,0.15921845133479076,0.1592184513347905,0.15921845133479076,0.15921845133479118,0.15921845133479096,0.1592184513347905,0.1592184513347901,0.1592184513347905,0.15921845133479096,0.15921845133479118,0.15921845133479076,0.1592184513347905,0.15921845133479076,0.15921845133479118,0.15921845133479184,0.15921845133479118,0.15921845133479096,0.15921845133479118,0.15921845133479184,0.15776544611780594,0.15776544611780421,0.15776544611780338,0.15776544611780421,0.15776544611780594,0.15776544611780421,0.15776544611780274,0.15776544611780166,0.15776544611780274,0.15776544611780421,0.15776544611780338,0.15776544611780166,0.15776544611780058,0.15776544611780166,0.15776544611780338,0.15776544611780421,0.15776544611780274,0.15776544611780166,0.15776544611780274,0.15776544611780421,0.15776544611780594,0.15776544611780421,0.15776544611780338,0.15776544611780421,0.15776544611780594,0.15634146243824285,0.15634146243823785,0.1563414624382349,0.15634146243823785,0.15634146243824285,0.15634146243823785,0.15634146243823283,0.15634146243822947,0.15634146243823283,0.15634146243823785,0.1563414624382349,0.15634146243822947,0.15634146243822614,0.15634146243822947,0.1563414624382349,0.15634146243823785,0.15634146243823283,0.15634146243822947,0.15634146243823283,0.15634146243823785,0.15634146243824285,0.15634146243823785,0.1563414624382349,0.15634146243823785,0.15634146243824285,0.15494591449616119,0.1549459144961458,0.1549459144961364,0.1549459144961458,0.15494591449616119,0.1549459144961458,0.15494591449612963,0.15494591449611939,0.15494591449612963,0.1549459144961458,0.1549459144961364,0.15494591449611939,0.15494591449610873,0.15494591449611939,0.1549459144961364,0.1549459144961458,0.15494591449612963,0.15494591449611939,0.15494591449612963,0.1549459144961458,0.15494591449616119,0.1549459144961458,0.1549459144961364,0.1549459144961458,0.15494591449616119,0.1535782205323104,0.153578220532264,0.1535782205322345,0.153578220532264,0.1535782205323104,0.153578220532264,0.15357822053221318,0.15357822053218045,0.15357822053221318,0.153578220532264,0.1535782205322345,0.15357822053218045,0.1535782205321455,0.15357822053218045,0.1535782205322345,0.153578220532264,0.15357822053221318,0.15357822053218045,0.15357822053221318,0.153578220532264,0.1535782205323104,0.153578220532264,0.1535782205322345,0.153578220532264,0.1535782205323104,0.15223780368926232,0.15223780368912293,0.15223780368903259,0.15223780368912293,0.15223780368926232,0.15223780368912293,0.1522378036889647,0.15223780368885917,0.1522378036889647,0.15223780368912293,0.15223780368903259,0.15223780368885917,0.15223780368874187,0.15223780368885917,0.15223780368903259,0.15223780368912293,0.1522378036889647,0.15223780368885917,0.1522378036889647,0.15223780368912293,0.15223780368926232,0.15223780368912293,0.15223780368903259,0.15223780368912293,0.15223780368926232,0.15092409277280275,0.1509240927723934,0.15092409277212118,0.1509240927723934,0.15092409277280275,0.1509240927723934,0.15092409277190336,0.15092409277156288,0.15092409277190336,0.1509240927723934,0.15092409277212118,0.15092409277156288,0.15092409277116794,0.15092409277156288,0.15092409277212118,0.1509240927723934,0.15092409277190336,0.15092409277156288,0.15092409277190336,0.1509240927723934,0.15092409277280275,0.1509240927723934,0.15092409277212118,0.1509240927723934,0.15092409277280275,0.14963652292176055,0.14963652292059507,0.14963652291978655,0.14963652292059507,0.14963652292176055,0.14963652292059507,0.14963652291910148,0.14963652291799437,0.14963652291910148,0.14963652292059507,0.14963652291978655,0.14963652291799437,0.14963652291659746,0.14963652291799437,0.14963652291978655,0.14963652292059507,0.14963652291910148,0.14963652291799437,0.14963652291910148,0.14963652292059507,0.14963652292176055,0.14963652292059507,0.14963652291978655,0.14963652292059507,0.14963652292176055,0.1483745361940828,0.14837453619091315,0.1483745361885639,0.14837453619091315,0.1483745361940828,0.14837453619091315,0.14837453618646484,0.14837453618277954,0.14837453618646484,0.14837453619091315,0.1483745361885639,0.14837453618277954,0.1483745361774452,0.14837453618277954,0.1483745361885639,0.14837453619091315,0.14837453618646484,0.14837453618277954,0.14837453618646484,0.14837453619091315,0.1483745361940828,0.14837453619091315,0.1483745361885639,0.14837453619091315,0.1483745361940828,0.14713758207676,0.14713758206874913,0.14713758206220584,0.14713758206874913,0.14713758207676,0.14713758206874913,0.14713758205605126,0.14713758204357671,0.14713758205605126,0.14713758206874913,0.14713758206220584,0.14713758204357671,0.1471375820209951,0.14713758204357671,0.14713758206220584,0.14713758206874913,0.14713758205605126,0.14713758204357671,0.14713758205605126,0.14713758206874913,0.14713758207676,0.14713758206874913,0.14713758206220584,0.14713758206874913,0.14713758207676,0.14592511792697674,0.14592511790909482,0.1459251178924095,0.14592511790909482,0.14592511792697674,0.14592511790909482,0.14592511787596618,0.14592511783442524,0.14592511787596618,0.14592511790909482,0.1459251178924095,0.14592511783442524,0.14592511772637343,0.14592511783442524,0.1459251178924095,0.14592511790909482,0.14592511787596618,0.14592511783442524,0.14592511787596618,0.14592511790909482,0.14592511792697674,0.14592511790909482,0.1459251178924095,0.14592511790909482,0.14592511792697674,0.14473660935017754,0.1447366093183133,0.14473660928376694,0.1447366093183133,0.14473660935017754,0.1447366093183133,0.14473660924865747,0.1447366091280177,0.14473660924865747,0.1447366093183133,0.14473660928376694,0.1447366091280177,0.14473660854188547,0.1447366091280177,0.14473660928376694,0.1447366093183133,0.14473660924865747,0.1447366091280177,0.14473660924865747,0.1447366093183133,0.14473660935017754,0.1447366093183133,0.14473660928376694,0.1447366093183133,0.14473660935017754,0.1435715305130758,0.1435715304759195,0.14357153043805035,0.1435715304759195,0.1435715305130758,0.1435715304759195,0.14357153039982848,0.14357153028527184,0.14357153039982848,0.1435715304759195,0.14357153043805035,0.14357153028527184,0.14357152984319735,0.14357153028527184,0.14357153043805035,0.1435715304759195,0.14357153039982848,0.14357153028527184,0.14357153039982848,0.1435715304759195,0.1435715305130758,0.1435715304759195,0.14357153043805035,0.1435715304759195,0.1435715305130758,0.14242936437868237,0.14242936433871212,0.1424293642976939,0.14242936433871212,0.14242936437868237,0.14242936433871212,0.1424293642561788,0.14242936413041177,0.1424293642561788,0.14242936433871212,0.1424293642976939,0.14242936413041177,0.1424293636299176,0.14242936413041177,0.1424293642976939,0.14242936433871212,0.1424293642561788,0.14242936413041177,0.1424293642561788,0.14242936433871212,0.14242936437868237,0.14242936433871212,0.1424293642976939,0.14242936433871212,0.14242936437868237,0.14130960293179673,0.14130960289270963,0.14130960285019242,0.14130960289270963,0.14130960293179673,0.14130960289270963,0.14130960280657398,0.1413096026644063,0.14130960280657398,0.14130960289270963,0.14130960285019242,0.1413096026644063,0.1413096020532978,0.1413096026644063,0.14130960285019242,0.14130960289270963,0.14130960280657398,0.1413096026644063,0.14130960280657398,0.14130960289270963,0.14130960293179673,0.14130960289270963,0.14130960285019242,0.14130960289270963,0.14130960293179673,0.14021174734533737,0.14021174731888528,0.14021174728637445,0.14021174731888528,0.14021174734533737,0.14021174731888528,0.14021174725228108,0.14021174712328005,0.14021174725228108,0.14021174731888528,0.14021174728637445,0.14021174712328005,0.14021174646676088,0.14021174712328005,0.14021174728637445,0.14021174731888528,0.14021174725228108,0.14021174712328005,0.14021174725228108,0.14021174731888528,0.14021174734533737,0.14021174731888528,0.14021174728637445,0.14021174731888528,0.14021174734533737,0.13913530809274216,0.13913530809946997,0.13913530810330896,0.13913530809946997,0.13913530809274216,0.13913530809946997,0.13913530810643165,0.13913530810489086,0.13913530810643165,0.13913530809946997,0.13913530810330896,0.13913530810489086,0.13913530806985847,0.13913530810489086,0.13913530810330896,0.13913530809946997,0.13913530810643165,0.13913530810489086,0.13913530810643165,0.13913530809946997,0.13913530809274216,0.13913530809946997,0.13913530810330896,0.13913530809946997,0.13913530809274216,0.13807980502272318,0.138079805072731,0.13807980512386925,0.138079805072731,0.13807980502272318,0.138079805072731,0.13807980517593027,0.13807980532048283,0.13807980517593027,0.138079805072731,0.13807980512386925,0.13807980532048283,0.13807980573524556,0.13807980532048283,0.13807980512386925,0.138079805072731,0.13807980517593027,0.13807980532048283,0.13807980517593027,0.138079805072731,0.13807980502272318,0.138079805072731,0.13807980512386925,0.138079805072731,0.13807980502272318,0.1370447674411586,0.13704476753055236,0.13704476763991108,0.13704476753055236,0.1370447674411586,0.13704476753055236,0.13704476775354335,0.13704476820465963,0.13704476775354335,0.13704476753055236,0.13704476763991108,0.13704476820465963,0.13704477071413912,0.13704476820465963,0.13704476763991108,0.13704476753055236,0.13704476775354335,0.13704476820465963,0.13704476775354335,0.13704476753055236,0.1370447674411586,0.13704476753055236,0.13704476763991108,0.13704476753055236,0.1370447674411586,0.13602973417146805,0.13602973423456283,0.13602973429654858,0.13602973423456283,0.13602973417146805,0.13602973423456283,0.1360297343588294,0.13602973452555636,0.1360297343588294,0.13602973423456283,0.13602973429654858,0.13602973452555636,0.1360297349892216,0.13602973452555636,0.13602973429654858,0.13602973423456283,0.1360297343588294,0.13602973452555636,0.1360297343588294,0.13602973423456283,0.13602973417146805,0.13602973423456283,0.13602973429654858,0.13602973423456283,0.13602973417146805,0.13503425368785008,0.13503425372750802,0.1350342537603028,0.13503425372750802,0.13503425368785008,0.13503425372750802,0.135034253791464,0.13503425385498566,0.135034253791464,0.13503425372750802,0.1350342537603028,0.13503425385498566,0.13503425397066124,0.13503425385498566,0.1350342537603028,0.13503425372750802,0.135034253791464,0.13503425385498566,0.135034253791464,0.13503425372750802,0.13503425368785008,0.13503425372750802,0.1350342537603028,0.13503425372750802,0.13503425368785008
0.16533248734135939,0.16533248734135939,0.16533248734135939,0.16533248734135939,0.16533248734135939,0.16533248734135939,0.16533248734135939,0.16533248734135939,0.16533248734135939,0.16533248734135939,0.16533248734135939,0.16533248734135939,0.16533248734135939,0.16533248734135939,0.16533248734135939,0.16533248734135939,0.16533248734135939,0.16533248734135939,0.16533248734135939,0.16533248734135939,0.16533248734135939,0.16533248734135939,0.16533248734135939,0.16533248734135939,0.16533248734135939,0.1637574936314367,0.1637574936314367,0.16375749363143646,0.1637574936314367,0.1637574936314367,0.1637574936314367,0.16375749363143646,0.16375749363143646,0.16375749363143646,0.1637574936314367,0.16375749363143646,0.16375749363143646,0.16375749363143646,0.16375749363143646,0.16375749363143646,0.1637574936314367,0.16375749363143646,0.16375749363143646,0.16375749363143646,0.16375749363143646,0.1637574936314367,0.1637574936314367,0.16375749363143646,0.16375749363143646,0.1637574936314367,0.16221388385327004,0.16221388385327004,0.16221388385326982,0.16221388385327004,0.16221388385327004,0.16221388385327004,0.16221388385326982,0.16221388385326982,0.16221388385326982,0.16221388385327004,0.16221388385326982,0.16221388385326982,0.16221388385326982,0.16221388385326982,0.16221388385326982,0.16221388385327004,0.16221388385326982,0.16221388385326982,0.16221388385326982,0.16221388385327004,0.16221388385327004,0.16221388385327004,0.16221388385326982,0.16221388385327004,0.16221388385327004,0.16070106696390027,0.16070106696390027,0.16070106696390007,0.16070106696390027,0.16070106696390027,0.16070106696390027,0.16070106696390007,0.16070106696389985,0.16070106696390007,0.16070106696390027,0.16070106696390007,0.16070106696389985,0.16070106696389985,0.16070106696389985,0.16070106696390007,0.16070106696390027,0.16070106696390007,0.16070106696389985,0.16070106696390007,0.16070106696390027,0.16070106696390027,0.16070106696390027,0.16070106696390007,0.16070106696390027,0.16070106696390027,0.15921845133830645,0.159218451338306,0.15921845133830556,0.159218451338306,0.15921845133830645,0.159218451338306,0.15921845133830537,0.15921845133830514,0.15921845133830537,0.159218451338306,0.15921845133830556,0.15921845133830514,0.1592184513383047,0.15921845133830514,0.15921845133830556,0.159218451338306,0.15921845133830537,0.15921845133830514,0.15921845133830537,0.159218451338306,0.15921845133830645,0.159218451338306,0.15921845133830556,0.159218451338306,0.15921845133830645,0.15776544612125631,0.15776544612125482,0.15776544612125373,0.15776544612125482,0.15776544612125631,0.15776544612125482,0.1577654461212531,0.15776544612125223,0.1577654461212531,0.15776544612125482,0.15776544612125373,0.15776544612125223,0.15776544612125118,0.15776544612125223,0.15776544612125373,0.15776544612125482,0.1577654461212531,0.15776544612125223,0.1577654461212531,0.15776544612125482,0.15776544612125631,0.15776544612125482,0.15776544612125373,0.15776544612125482,0.15776544612125631,0.15634146244163163,0.15634146244162683,0.1563414624416237,0.15634146244162683,0.15634146244163163,0.15634146244162683,0.15634146244162184,0.15634146244161848,0.15634146244162184,0.15634146244162683,0.1563414624416237,0.15634146244161848,0.15634146244161534,0.15634146244161848,0.1563414624416237,0.15634146244162683,0.15634146244162184,0.15634146244161848,0.15634146244162184,0.15634146244162683,0.15634146244163163,0.15634146244162683,0.1563414624416237,0.15634146244162683,0.15634146244163163,0.15494591449949074,0.15494591449947556,0.15494591449946613,0.15494591449947578,0.15494591449949074,0.15494591449947556,0.15494591449945977,0.15494591449944975,0.15494591449945977,0.15494591449947578,0.15494591449946613,0.15494591449944975,0.15494591449943906,0.15494591449944975,0.15494591449946613,0.15494591449947578,0.15494591449945977,0.15494591449944975,0.15494591449945977,0.15494591449947578,0.15494591449949074,0.15494591449947578,0.15494591449946613,0.15494591449947578,0.15494591449949074,0.1535782205355825,0.15357822053553674,0.15357822053550782,0.15357822053553674,0.1535782205355825,0.15357822053553674,0.15357822053548692,0.15357822053545478,0.15357822053548692,0.15357822053553674,0.15357822053550782,0.15357822053545478,0.15357822053542045,0.15357822053545478,0.15357822053550782,0.15357822053553674,0.15357822053548692,0.15357822053545478,0.15357822053548692,0.15357822053553674,0.1535782205355825,0.15357822053553674,0.15357822053550782,0.15357822053553674,0.1535782205355825,0.15223780369247766,0.15223780369234066,0.1522378036922519,0.15223780369234066,0.15223780369247766,0.15223780369234066,0.15223780369218515,0.15223780369208165,0.15223780369218515,0.15223780369234066,0.1522378036922519,0.15223780369208165,0.1522378036919663,0.15223780369208165,0.1522378036922519,0.15223780369234066,0.15223780369218515,0.15223780369208165,0.15223780369218515,0.15223780369234066,0.15223780369247766,0.15223780369234066,0.1522378036922519,0.15223780369234066,0.15223780369247766,0.15092409277595914,0.1509240927755565,0.15092409277528854,0.1509240927755565,0.15092409277595914,0.1509240927755565,0.15092409277507457,0.15092409277473967,0.15092409277507457,0.1509240927755565,0.15092409277528854,0.15092409277473967,0.15092409277435154,0.15092409277473967,0.15092409277528854,0.1509240927755565,0.15092409277507457,0.15092409277473967,0.15092409277507457,0.1509240927755565,0.15092409277595914,0.1509240927755565,0.15092409277528854,0.1509240927755565,0.15092409277595914,0.14963652292484622,0.14963652292369906,0.1496365229229034,0.14963652292369906,0.14963652292484622,0.14963652292369906,0.14963652292222987,0.1496365229211413,0.14963652292222987,0.14963652292369906,0.1496365229229034,0.1496365229211413,0.14963652291976876,0.1496365229211413,0.1496365229229034,0.14963652292369906,0.14963652292222987,0.1496365229211413,0.14963652292222987,0.14963652292369906,0.14963652292484622,0.14963652292369906,0.1496365229229034,0.14963652292369906,0.14963652292484622,0.14837453619706145,0.1483745361939403,0.1483745361916285,0.1483745361939403,0.14837453619706145,0.1483745361939403,0.14837453618956392,0.1483745361859411,0.14837453618956392,0.1483745361939403,0.1483745361916285,0.1483745361859411,0.14837453618070257,0.1483745361859413,0.1483745361916285,0.1483745361939403,0.14837453618956392,0.1483745361859413,0.14837453618956392,0.1483745361939403,0.14837453619706145,0.1483745361939403,0.1483745361916285,0.1483745361939403,0.14837453619706145,0.1471375820795319,0.14713758207163818,0.14713758206519661,0.14713758207163818,0.1471375820795319,0.14713758207163818,0.1471375820591407,0.14713758204688016,0.1471375820591407,0.14713758207163818,0.14713758206519661,0.14713758204688016,0.14713758202471763,0.14713758204688016,0.14713758206519661,0.14713758207163818,0.1471375820591407,0.14713758204688016,0.1471375820591407,0.14713758207163818,0.1471375820795319,0.14713758207163818,0.14713758206519661,0.14713758207163818,0.1471375820795319,0.14592511792929905,0.14592511791165433,0.1459251178952149,0.14592511791165433,0.14592511792929905,0.14592511791165433,0.1459251178790221,0.14592511783818987,0.1459251178790221,0.14592511791165433,0.1459251178952149,0.14592511783818987,0.14592511773221412,0.14592511783818987,0.1459251178952149,0.14592511791165433,0.1459251178790221,0.14592511783818987,0.1459251178790221,0.14592511791165433,0.14592511792929905,0.14592511791165433,0.1459251178952149,0.14592511791165433,0.14592511792929905,0.14473660935155477,0.14473660932001814,0.14473660928590223,0.14473660932001814,0.14473660935155477,0.14473660932001814,0.1447366092512443,0.14473660913254655,0.1447366092512443,0.14473660932001814,0.14473660928590223,0.14473660913254655,0.14473660855799902,0.14473660913254655,0.14473660928590223,0.14473660932001814,0.1447366092512443,0.14473660913254655,0.1447366092512443,0.14473660932001814,0.14473660935155477,0.14473660932001814,0.14473660928590223,0.14473660932001814,0.14473660935155477,0.14357153051281843,0.14357153047574067,0.143571530437923,0.14357153047574067,0.14357153051281843,0.14357153047574067,0.14357153039974963,0.14357153028511885,0.14357153039974963,0.14357153047574067,0.143571530437923,0.14357153028511885,0.1435715298410215,0.14357153028511885,0.143571530437923,0.14357153047574067,0.14357153039974963,0.14357153028511885,0.14357153039974963,0.14357153047574067,0.14357153051281843,0.14357153047574067,0.143571530437923,0.14357153047574067,0.14357153051281843,0.14242936437660547,0.1424293643365486,0.14242936429540623,0.1424293643365486,0.14242936437660547,0.1424293643365486,0.14242936425375763,0.14242936412742727,0.14242936425375763,0.1424293643365486,0.14242936429540623,0.14242936412742727,0.14242936362394126,0.14242936412742727,0.14242936429540623,0.1424293643365486,0.14242936425375763,0.14242936412742727,0.14242936425375763,0.1424293643365486,0.14242936437660547,0.1424293643365486,0.14242936429540623,0.1424293643365486,0.14242936437660547,0.1413096029280525,0.14130960288883795,0.141309602846177,0.14130960288883795,0.1413096029280525,0.14130960288883795,0.14130960280240984,0.1413096026597445,0.14130960280240984,0.14130960288883795,0.141309602846177,0.1413096026597445,0.14130960204646587,0.1413096026597445,0.141309602846177,0.14130960288883795,0.14130960280240984,0.1413096026597445,0.14130960280240984,0.14130960288883795,0.1413096029280525,0.14130960288883795,0.141309602846177,0.14130960288883795,0.1413096029280525,0.14021174734016406,0.14021174731359812,0.14021174728097568,0.14021174731359812,0.14021174734016406,0.14021174731359812,0.1402117472467709,0.14021174711745144,0.1402117472467709,0.14021174731359812,0.14021174728097568,0.14021174711745144,0.14021174645973963,0.14021174711745144,0.14021174728097568,0.14021174731359812,0.1402117472467709,0.14021174711745144,0.1402117472467709,0.14021174731359812,0.14021174734016406,0.14021174731359812,0.14021174728097568,0.14021174731359812,0.14021174734016406,0.13913530808635177,0.1391353080929716,0.13913530809671756,0.1391353080929716,0.13913530808635177,0.1391353080929716,0.13913530809975014,0.13913530809801347,0.13913530809975014,0.1391353080929716,0.13913530809671756,0.13913530809801347,0.13913530806257252,0.13913530809801347,0.13913530809671756,0.1391353080929716,0.13913530809975014,0.13913530809801347,0.13913530809975014,0.1391353080929716,0.13913530808635177,0.1391353080929716,0.13913530809671756,0.1391353080929716,0.13913530808635177,0.138079805015317,0.1380798050651738,0.1380798051161668,0.1380798050651738,0.138079805015317,0.1380798050651738,0.13807980516808288,0.13807980531225822,0.13807980516808288,0.1380798050651738,0.1380798051161668,0.13807980531225822,0.13807980572600617,0.13807980531225822,0.1380798051161668,0.1380798050651738,0.13807980516808288,0.13807980531225822,0.13807980516808288,0.1380798050651738,0.138079805015317,0.1380798050651738,0.1380798051161668,0.1380798050651738,0.138079805015317,0.1370447674330284,0.13704476752220915,0.1370447676313155,0.13704476752220915,0.1370447674330284,0.13704476752220915,0.1370447677446875,0.1370447681947933,0.1370447677446875,0.13704476752220915,0.1370447676313155,0.1370447681947933,0.13704477069870752,0.1370447681947933,0.1370447676313155,0.13704476752220915,0.1370447677446875,0.1370447681947933,0.1370447677446875,0.13704476752220915,0.1370447674330284,0.13704476752220915,0.1370447676313155,0.13704476752220915,0.1370447674330284,0.13602973416303593,0.1360297342259858,0.13602973428783094,0.1360297342259858,0.13602973416303593,0.1360297342259858,0.13602973434997115,0.13602973451632563,0.13602973434997115,0.1360297342259858,0.13602973428783094,0.13602973451632563,0.1360297349789634,0.13602973451632563,0.13602973428783094,0.1360297342259858,0.13602973434997115,0.13602973451632563,0.13602973434997115,0.1360297342259858,0.13602973416303593,0.1360297342259858,0.13602973428783094,0.1360297342259858,0.13602973416303593,0.13503425367940303,0.13503425371897101,0.1350342537516917,0.13503425371897101,0.13503425367940303,0.13503425371897101,0.13503425378278297,0.13503425384616247,0.13503425378278297,0.13503425371897101,0.1350342537516917,0.13503425384616247,0.13503425396158097,0.13503425384616247,0.1350342537516917,0.13503425371897101,0.13503425378278297,0.13503425384616247,0.13503425378278297,0.13503425371897101,0.13503425367940303,0.13503425371897101,0.1350342537516917,0.13503425371897101,0.13503425367940303
0.1653324873453072,0.1653324873453072,0.1653324873453072,0.1653324873453072,0.1653324873453072,0.1653324873453072,0.1653324873453072,0.1653324873453072,0.1653324873453072,0.1653324873453072,0.1653324873453072,0.1653324873453072,0.1653324873453072,0.1653324873453072,0.1653324873453072,0.1653324873453072,0.1653324873453072,0.1653324873453072,0.1653324873453072,0.1653324873453072,0.1653324873453072,0.1653324873453072,0.1653324873453072,0.1653324873453072,0.1653324873453072,0.1637574936353071,0.1637574936353071,0.1637574936353071,0.1637574936353071,0.1637574936353071,0.1637574936353071,0.1637574936353071,0.1637574936353071,0.1637574936353071,0.1637574936353071,0.1637574936353071,0.1637574936353071,0.1637574936353071,0.1637574936353071,0.1637574936353071,0.1637574936353071,0.1637574936353071,0.1637574936353071,0.1637574936353071,0.1637574936353071,0.1637574936353071,0.1637574936353071,0.1637574936353071,0.1637574936353071,0.1637574936353071,0.16221388385706575,0.16221388385706575,0.16221388385706575,0.16221388385706575,0.16221388385706575,0.16221388385706575,0.16221388385706575,0.16221388385706575,0.16221388385706575,0.16221388385706575,0.16221388385706575,0.16221388385706575,0.16221388385706575,0.16221388385706575,0.16221388385706575,0.16221388385706575,0.16221388385706575,0.16221388385706575,0.16221388385706575,0.16221388385706575,0.16221388385706575,0.16221388385706575,0.16221388385706575,0.16221388385706575,0.16221388385706575,0.160701066967624,0.16070106696762382,0.16070106696762382,0.16070106696762382,0.160701066967624,0.16070106696762382,0.16070106696762382,0.16070106696762357,0.16070106696762382,0.16070106696762382,0.16070106696762382,0.16070106696762357,0.16070106696762357,0.16070106696762357,0.16070106696762382,0.16070106696762382,0.16070106696762382,0.16070106696762357,0.16070106696762382,0.16070106696762382,0.160701066967624,0.16070106696762382,0.16070106696762382,0.16070106696762382,0.160701066967624,0.1592184513419606,0.15921845134195994,0.15921845134195972,0.15921845134195994,0.1592184513419606,0.15921845134195994,0.15921845134195953,0.15921845134195908,0.15921845134195953,0.15921845134195994,0.15921845134195972,0.15921845134195908,0.15921845134195886,0.15921845134195908,0.15921845134195972,0.15921845134195994,0.15921845134195953,0.15921845134195908,0.15921845134195953,0.15921845134195994,0.1592184513419606,0.15921845134195994,0.15921845134195972,0.15921845134195994,0.1592184513419606,0.15776544612484347,0.15776544612484197,0.1577654461248409,0.15776544612484197,0.15776544612484347,0.15776544612484197,0.15776544612484025,0.1577654461248394,0.15776544612484025,0.15776544612484197,0.1577654461248409,0.1577654461248394,0.15776544612483834,0.1577654461248394,0.1577654461248409,0.15776544612484197,0.15776544612484025,0.1577654461248394,0.15776544612484025,0.15776544612484197,0.15776544612484347,0.15776544612484197,0.1577654461248409,0.15776544612484197,0.15776544612484347,0.15634146244515426,0.15634146244514946,0.15634146244514652,0.15634146244514946,0.15634146244515426,0.15634146244514946,0.15634146244514444,0.1563414624451413,0.15634146244514444,0.15634146244514946,0.15634146244514652,0.1563414624451413,0.15634146244513816,0.1563414624451413,0.15634146244514652,0.15634146244514946,0.15634146244514444,0.1563414624451413,0.15634146244514444,0.15634146244514946,0.15634146244515426,0.15634146244514946,0.15634146244514652,0.15634146244514946,0.15634146244515426,0.1549459145029512,0.15494591450293646,0.15494591450292702,0.15494591450293646,0.1549459145029512,0.15494591450293646,0.15494591450292067,0.15494591450291084,0.15494591450292067,0.15494591450293646,0.15494591450292702,0.15494591450291084,0.1549459145029006,0.15494591450291084,0.15494591450292702,0.15494591450293646,0.15494591450292067,0.15494591450291084,0.15494591450292067,0.15494591450293646,0.1549459145029512,0.15494591450293646,0.15494591450292702,0.15494591450293646,0.1549459145029512,0.15357822053898282,0.1535782205389378,0.15357822053890932,0.1535782205389378,0.15357822053898282,0.1535782205389378,0.153578220538889,0.15357822053885747,0.153578220538889,0.1535782205389378,0.15357822053890932,0.15357822053885747,0.15357822053882375,0.15357822053885747,0.15357822053890932,0.1535782205389378,0.153578220538889,0.15357822053885747,0.153578220538889,0.1535782205389378,0.15357822053898282,0.1535782205389378,0.15357822053890932,0.1535782205389378,0.15357822053898282,0.15223780369581863,0.152237803695684,0.1522378036955968,0.152237803695684,0.15223780369581863,0.152237803695684,0.15223780369553125,0.15223780369542966,0.15223780369553125,0.152237803695684,0.1522378036955968,0.15223780369542966,0.1522378036953165,0.15223780369542966,0.1522378036955968,0.152237803695684,0.15223780369553125,0.15223780369542966,0.15223780369553125,0.152237803695684,0.15223780369581863,0.152237803695684,0.1522378036955968,0.152237803695684,0.15223780369581863,0.150924092779238,0.1509240927788421,0.15092409277857877,0.1509240927788421,0.150924092779238,0.1509240927788421,0.15092409277836888,0.15092409277803975,0.15092409277836888,0.1509240927788421,0.15092409277857877,0.15092409277803975,0.15092409277765856,0.15092409277803975,0.15092409277857877,0.1509240927788421,0.15092409277836888,0.15092409277803975,0.15092409277836888,0.1509240927788421,0.150924092779238,0.1509240927788421,0.15092409277857877,0.1509240927788421,0.150924092779238,0.14963652292805102,0.14963652292692295,0.14963652292614088,0.14963652292692295,0.14963652292805102,0.14963652292692295,0.1496365229254789,0.14963652292441001,0.1496365229254789,0.14963652292692295,0.14963652292614088,0.14963652292441001,0.1496365229230626,0.14963652292441001,0.14963652292614088,0.14963652292692295,0.1496365229254789,0.14963652292441001,0.1496365229254789,0.14963652292692295,0.14963652292805102,0.14963652292692295,0.14963652292614088,0.14963652292692295,0.14963652292805102,0.14837453620015406,0.1483745361970835,0.1483745361948106,0.1483745361970835,0.14837453620015406,0.1483745361970835,0.14837453619278182,0.14837453618922442,0.14837453619278182,0.1483745361970835,0.1483745361948106,0.14837453618922442,0.1483745361840854,0.14837453618922442,0.1483745361948106,0.1483745361970835,0.14837453619278182,0.14837453618922442,0.14837453619278182,0.1483745361970835,0.14837453620015406,0.1483745361970835,0.1483745361948106,0.1483745361970835,0.14837453620015406,0.14713758208240899,0.14713758207463698,0.14713758206830113,0.14713758207463698,0.14713758208240899,0.14713758207463698,0.14713758206234825,0.1471375820503102,0.14713758206234825,0.14713758207463698,0.14713758206830113,0.1471375820503102,0.14713758202858385,0.1471375820503102,0.14713758206830113,0.14713758207463698,0.14713758206234825,0.1471375820503102,0.14713758206234825,0.14713758207463698,0.14713758208240899,0.14713758207463698,0.14713758206830113,0.14713758207463698,0.14713758208240899,0.14592511793170737,0.14592511791430943,0.14592511789812573,0.14592511791430943,0.14592511793170737,0.14592511791430943,0.14592511788219398,0.14592511784209908,0.14592511788219398,0.14592511791430943,0.14592511789812573,0.14592511784209908,0.14592511773828432,0.14592511784209908,0.14592511789812573,0.14592511791430943,0.14592511788219398,0.14592511784209908,0.14592511788219398,0.14592511791430943,0.14592511793170737,0.14592511791430943,0.14592511789812573,0.14592511791430943,0.14592511793170737,0.1447366093529789,0.1447366093217832,0.14473660928811516,0.1447366093217832,0.1447366093529789,0.1447366093217832,0.14473660925392728,0.14473660913725067,0.14473660925392728,0.1447366093217832,0.14473660928811516,0.14473660913725067,0.14473660857478982,0.14473660913725067,0.14473660928811516,0.1447366093217832,0.14473660925392728,0.14473660913725067,0.14473660925392712,0.1447366093217832,0.1447366093529789,0.1447366093217832,0.14473660928811516,0.1447366093217832,0.1447366093529789,0.1435715305125411,0.14357153047554458,0.14357153043778031,0.14357153047554458,0.1435715305125411,0.14357153047554458,0.14357153039965703,0.14357153028494893,0.14357153039965703,0.14357153047554458,0.14357153043778031,0.14357153028494893,0.14357152983872018,0.14357153028494893,0.14357153043778031,0.14357153047554458,0.14357153039965703,0.14357153028494893,0.14357153039965703,0.14357153047554458,0.1435715305125411,0.14357153047554458,0.14357153043778031,0.14357153047554458,0.1435715305125411,0.14242936437443457,0.14242936433428682,0.14242936429301425,0.14242936433428682,0.14242936437443457,0.14242936433428682,0.14242936425122607,0.14242936412430623,0.14242936425122607,0.14242936433428682,0.14242936429301425,0.14242936412430623,0.14242936361774652,0.14242936412430623,0.14242936429301425,0.14242936433428682,0.14242936425122607,0.14242936412430623,0.14242936425122607,0.14242936433428682,0.14242936437443457,0.14242936433428682,0.14242936429301425,0.14242936433428682,0.14242936437443457,0.14130960292414907,0.1413096028848003,0.14130960284198804,0.1413096028848003,0.14130960292414907,0.1413096028848003,0.14130960279806432,0.14130960265487566,0.14130960279806432,0.1413096028848003,0.14130960284198804,0.14130960265487566,0.14130960203930798,0.14130960265487566,0.14130960284198804,0.1413096028848003,0.14130960279806432,0.14130960265487566,0.14130960279806432,0.1413096028848003,0.14130960292414907,0.1413096028848003,0.14130960284198804,0.1413096028848003,0.14130960292414907,0.14021174733477887,0.1402117473080928,0.14021174727535266,0.1402117473080928,0.14021174733477887,0.1402117473080928,0.14021174724102997,0.14021174711137202,0.14021174724102997,0.1402117473080928,0.14021174727535266,0.14021174711137202,0.14021174645238327,0.14021174711137202,0.14021174727535266,0.1402117473080928,0.14021174724102997,0.14021174711137202,0.14021174724102997,0.1402117473080928,0.14021174733477887,0.1402117473080928,0.14021174727535266,0.1402117473080928,0.14021174733477887,0.13913530807970853,0.1391353080862158,0.13913530808986438,0.1391353080862158,0.13913530807970853,0.1391353080862158,0.13913530809280272,0.1391353080908606,0.13913530809280272,0.1391353080862158,0.13913530808986438,0.1391353080908606,0.1391353080549901,0.1391353080908606,0.13913530808986438,0.1391353080862158,0.13913530809280272,0.1391353080908606,0.13913530809280272,0.1391353080862158,0.13913530807970853,0.1391353080862158,0.13913530808986438,0.1391353080862158,0.13913530807970853,0.13807980500762618,0.1380798050573269,0.13807980510816975,0.1380798050573269,0.13807980500762618,0.1380798050573269,0.13807980515993606,0.13807980530372194,0.13807980515993606,0.1380798050573269,0.13807980510816975,0.13807980530372194,0.13807980571642292,0.13807980530372194,0.13807980510816975,0.1380798050573269,0.13807980515993606,0.13807980530372194,0.13807980515993606,0.1380798050573269,0.13807980500762618,0.1380798050573269,0.13807980510816975,0.1380798050573269,0.13807980500762618,0.13704476742459185,0.1370447675135532,0.1370447676223996,0.1370447675135532,0.13704476742459185,0.1370447675135532,0.1370447677355032,0.13704476818456832,0.1370447677355032,0.1370447675135532,0.1370447676223996,0.13704476818456832,0.13704477068277496,0.13704476818456832,0.1370447676223996,0.1370447675135532,0.1370447677355032,0.13704476818456832,0.1370447677355032,0.1370447675135532,0.13704476742459185,0.1370447675135532,0.1370447676223996,0.1370447675135532,0.13704476742459185,0.1360297341542895,0.13602973421708983,0.13602973427879017,0.13602973421708983,0.1360297341542895,0.13602973421708983,0.1360297343407856,0.13602973450675632,0.1360297343407856,0.13602973421708983,0.13602973427879017,0.13602973450675632,0.1360297349683357,0.13602973450675632,0.13602973427879017,0.13602973421708983,0.1360297343407856,0.13602973450675632,0.1360297343407856,0.13602973421708983,0.1360297341542895,0.13602973421708983,0.13602973427879017,0.13602973421708983,0.1360297341542895,0.13503425367064212,0.1350342537101174,0.1350342537427619,0.1350342537101174,0.13503425367064212,0.1350342537101174,0.13503425377378095,0.13503425383701423,0.13503425377378095,0.1350342537101174,0.1350342537427619,0.13503425383701423,0.1350342539521677,0.13503425383701423,0.1350342537427619,0.1350342537101174,0.13503425377378095,0.13503425383701423,0.13503425377378095,0.1350342537101174,0.13503425367064212,0.1350342537101174,0.1350342537427619,0.1350342537101174,0.13503425367064212
0.16533248734940442,0.16533248734940442,0.16533248734940442,0.16533248734940442,0.16533248734940442,0.16533248734940442,0.16533248734940442,0.16533248734940442,0.16533248734940442,0.16533248734940442,0.16533248734940442,0.16533248734940442,0.16533248734940442,0.16533248734940442,0.16533248734940442,0.16533248734940442,0.16533248734940442,0.16533248734940442,0.16533248734940442,0.16533248734940442,0.16533248734940442,0.16533248734940442,0.16533248734940442,0.16533248734940442,0.16533248734940442,0.1637574936393241,0.1637574936393241,0.1637574936393241,0.1637574936393241,0.1637574936393241,0.1637574936393241,0.1637574936393241,0.1637574936393241,0.1637574936393241,0.1637574936393241,0.1637574936393241,0.1637574936393241,0.1637574936393241,0.1637574936393241,0.1637574936393241,0.1637574936393241,0.1637574936393241,0.1637574936393241,0.1637574936393241,0.1637574936393241,0.1637574936393241,0.1637574936393241,0.1637574936393241,0.1637574936393241,0.1637574936393241,0.1622138838610052,0.1622138838610052,0.16221388386100496,0.1622138838610052,0.1622138838610052,0.1622138838610052,0.16221388386100496,0.16221388386100496,0.16221388386100496,0.1622138838610052,0.16221388386100496,0.16221388386100496,0.16221388386100496,0.16221388386100496,0.16221388386100496,0.1622138838610052,0.16221388386100496,0.16221388386100496,0.16221388386100496,0.1622138838610052,0.1622138838610052,0.1622138838610052,0.16221388386100496,0.1622138838610052,0.1622138838610052,0.16070106697148814,0.16070106697148814,0.16070106697148792,0.16070106697148814,0.16070106697148814,0.16070106697148814,0.16070106697148792,0.16070106697148773,0.16070106697148792,0.16070106697148814,0.16070106697148792,0.16070106697148773,0.16070106697148773,0.16070106697148773,0.16070106697148792,0.16070106697148814,0.16070106697148792,0.16070106697148773,0.16070106697148792,0.16070106697148814,0.16070106697148814,0.16070106697148814,0.16070106697148792,0.16070106697148814,0.16070106697148814,0.15921845134575235,0.15921845134575172,0.1592184513457515,0.15921845134575172,0.1592184513457521,0.15921845134575172,0.15921845134575127,0.15921845134575102,0.15921845134575127,0.15921845134575172,0.1592184513457515,0.15921845134575102,0.1592184513457506,0.15921845134575102,0.1592184513457515,0.15921845134575172,0.15921845134575127,0.15921845134575102,0.15921845134575127,0.15921845134575172,0.1592184513457521,0.15921845134575172,0.1592184513457515,0.15921845134575172,0.1592184513457521,0.15776544612856525,0.15776544612856375,0.1577654461285629,0.15776544612856375,0.15776544612856525,0.15776544612856375,0.15776544612856225,0.1577654461285612,0.15776544612856225,0.15776544612856375,0.1577654461285629,0.1577654461285612,0.15776544612856033,0.1577654461285612,0.1577654461285629,0.15776544612856375,0.15776544612856225,0.1577654461285612,0.15776544612856225,0.15776544612856375,0.15776544612856525,0.15776544612856375,0.1577654461285629,0.15776544612856375,0.15776544612856525,0.1563414624488088,0.15634146244880423,0.1563414624488013,0.15634146244880423,0.1563414624488088,0.15634146244880423,0.1563414624487992,0.15634146244879626,0.1563414624487992,0.15634146244880423,0.1563414624488013,0.15634146244879626,0.15634146244879316,0.15634146244879626,0.1563414624488013,0.15634146244880423,0.1563414624487992,0.15634146244879626,0.1563414624487992,0.15634146244880423,0.1563414624488088,0.15634146244880423,0.1563414624488013,0.15634146244880423,0.1563414624488088,0.1549459145065408,0.15494591450652645,0.1549459145065172,0.15494591450652645,0.1549459145065408,0.15494591450652645,0.15494591450651107,0.15494591450650144,0.15494591450651107,0.15494591450652645,0.1549459145065172,0.15494591450650144,0.1549459145064912,0.15494591450650144,0.1549459145065172,0.15494591450652645,0.15494591450651107,0.15494591450650144,0.15494591450651107,0.15494591450652645,0.1549459145065408,0.15494591450652645,0.1549459145065172,0.15494591450652645,0.1549459145065408,0.1535782205425096,0.15357822054246562,0.1535782205424375,0.15357822054246562,0.1535782205425096,0.15357822054246562,0.15357822054241763,0.15357822054238668,0.15357822054241763,0.15357822054246562,0.1535782205424375,0.15357822054238668,0.15357822054235357,0.15357822054238668,0.1535782205424375,0.15357822054246562,0.15357822054241763,0.15357822054238668,0.15357822054241763,0.15357822054246562,0.1535782205425096,0.15357822054246562,0.1535782205424375,0.15357822054246562,0.1535782205425096,0.1522378036992832,0.15223780369915113,0.1522378036990655,0.15223780369915113,0.1522378036992832,0.15223780369915113,0.15223780369900133,0.15223780369890172,0.15223780369900133,0.15223780369915113,0.1522378036990655,0.15223780369890172,0.15223780369879092,0.15223780369890172,0.1522378036990655,0.15223780369915113,0.15223780369900133,0.15223780369890172,0.15223780369900133,0.15223780369915113,0.1522378036992832,0.15223780369915113,0.1522378036990655,0.15223780369915113,0.1522378036992832,0.1509240927826376,0.1509240927822489,0.15092409278199037,0.1509240927822489,0.1509240927826376,0.1509240927822489,0.1509240927817845,0.1509240927814614,0.1509240927817845,0.1509240927822489,0.15092409278199037,0.1509240927814614,0.1509240927810877,0.1509240927814614,0.15092409278199037,0.1509240927822489,0.1509240927817845,0.1509240927814614,0.1509240927817845,0.1509240927822489,0.1509240927826376,0.1509240927822489,0.15092409278199037,0.1509240927822489,0.1509240927826376,0.14963652293137303,0.1496365229302648,0.14963652292949675,0.1496365229302648,0.14963652293137303,0.1496365229302648,0.14963652292884724,0.1496365229277984,0.14963652292884724,0.1496365229302648,0.14963652292949675,0.1496365229277984,0.14963652292647744,0.1496365229277984,0.14963652292949675,0.1496365229302648,0.14963652292884724,0.1496365229277984,0.14963652292884724,0.1496365229302648,0.14963652293137303,0.1496365229302648,0.14963652292949675,0.1496365229302648,0.14963652293137303,0.14837453620335933,0.14837453620034124,0.14837453619810875,0.14837453620034124,0.14837453620335933,0.14837453620034124,0.148374536196117,0.14837453619262744,0.148374536196117,0.14837453620034124,0.14837453619810875,0.14837453619262744,0.14837453618759186,0.14837453619262744,0.14837453619810875,0.14837453620034124,0.148374536196117,0.14837453619262744,0.148374536196117,0.14837453620034124,0.14837453620335933,0.14837453620034124,0.14837453619810875,0.14837453620034124,0.14837453620335933,0.14713758208538943,0.14713758207774405,0.14713758207151828,0.14713758207774405,0.14713758208538943,0.14713758207774405,0.147137582065672,0.1471375820538652,0.147137582065672,0.14713758207774405,0.14713758207151828,0.1471375820538652,0.1471375820325919,0.1471375820538652,0.14713758207151828,0.14713758207774405,0.147137582065672,0.1471375820538652,0.147137582065672,0.14713758207774405,0.14713758208538943,0.14713758207774405,0.14713758207151828,0.14713758207774405,0.14713758208538943,0.14592511793420063,0.14592511791705912,0.1459251179011409,0.14592511791705912,0.14592511793420063,0.14592511791705912,0.14592511788548013,0.14592511784615114,0.14592511788548013,0.14592511791705912,0.1459251179011409,0.14592511784615114,0.1459251177445805,0.14592511784615114,0.1459251179011409,0.14592511791705912,0.14592511788548013,0.14592511784615114,0.14592511788548013,0.14592511791705912,0.14592511793420063,0.14592511791705912,0.1459251179011409,0.14592511791705912,0.14592511793420063,0.14473660935444949,0.1447366093236076,0.14473660929040472,0.1447366093236076,0.14473660935444949,0.1447366093236076,0.1447366092567049,0.1447366091421274,0.1447366092567049,0.1447366093236076,0.14473660929040472,0.1447366091421274,0.14473660859222529,0.1447366091421274,0.14473660929040472,0.1447366093236076,0.1447366092567049,0.1447366091421274,0.1447366092567049,0.1447366093236076,0.14473660935444949,0.1447366093236076,0.14473660929040472,0.1447366093236076,0.14473660935444949,0.14357153051224403,0.1435715304753319,0.14357153043762272,0.1435715304753319,0.14357153051224403,0.1435715304753319,0.14357153039955128,0.1435715302847626,0.14357153039955128,0.1435715304753319,0.14357153043762272,0.1435715302847626,0.14357152983634258,0.1435715302847626,0.14357153043762272,0.1435715304753319,0.14357153039955128,0.1435715302847626,0.14357153039955128,0.1435715304753319,0.14357153051224403,0.1435715304753319,0.14357153043762272,0.1435715304753319,0.14357153051224403,0.1424293643721714,0.14242936433192838,0.1424293642905198,0.14242936433192838,0.1424293643721714,0.14242936433192838,0.14242936424858552,0.14242936412105117,0.14242936424858552,0.14242936433192838,0.1424293642905198,0.14242936412105117,0.14242936361123473,0.14242936412105117,0.1424293642905198,0.14242936433192838,0.14242936424858552,0.14242936412105117,0.14242936424858552,0.14242936433192838,0.1424293643721714,0.14242936433192838,0.1424293642905198,0.14242936433192838,0.1424293643721714,0.14130960292008857,0.14130960288059904,0.1413096028376284,0.14130960288059904,0.14130960292008857,0.14130960288059904,0.14130960279354055,0.14130960264980252,0.14130960279354055,0.14130960288059904,0.1413096028376284,0.14130960264980252,0.1413096020318781,0.14130960264980252,0.1413096028376284,0.14130960288059904,0.14130960279354055,0.14130960264980252,0.14130960279354055,0.14130960288059904,0.14130960292008857,0.14130960288059904,0.1413096028376284,0.14130960288059904,0.14130960292008857,0.14021174732918484,0.14021174730237268,0.14021174726950852,0.14021174730237268,0.14021174732918484,0.14021174730237268,0.14021174723506183,0.14021174710504575,0.14021174723506183,0.14021174730237268,0.14021174726950852,0.14021174710504575,0.14021174644469633,0.14021174710504575,0.14021174726950852,0.14021174730237268,0.14021174723506183,0.14021174710504575,0.14021174723506183,0.14021174730237268,0.14021174732918484,0.14021174730237268,0.14021174726950852,0.14021174730237268,0.14021174732918484,0.13913530807281627,0.13913530807920604,0.1391353080827533,0.13913530807920604,0.13913530807281627,0.13913530807920604,0.13913530808559346,0.13913530808343663,0.13913530808559346,0.13913530807920604,0.1391353080827533,0.13913530808343663,0.1391353080471158,0.13913530808343663,0.1391353080827533,0.13913530807920604,0.13913530808559346,0.13913530808343663,0.13913530808559346,0.13913530807920604,0.13913530807281627,0.13913530807920604,0.1391353080827533,0.13913530807920604,0.13913530807281627,0.13807980499965505,0.13807980504919434,0.13807980509988232,0.13807980504919434,0.13807980499965505,0.13807980504919434,0.1380798051514939,0.1380798052948782,0.1380798051514939,0.13807980504919434,0.13807980509988232,0.1380798052948782,0.13807980570650072,0.1380798052948782,0.13807980509988232,0.13807980504919434,0.1380798051514939,0.1380798052948782,0.1380798051514939,0.13807980504919434,0.13807980499965505,0.13807980504919434,0.13807980509988232,0.13807980504919434,0.13807980499965505,0.1370447674158538,0.13704476750458922,0.1370447676131677,0.13704476750458922,0.1370447674158538,0.13704476750458922,0.13704476772599525,0.13704476817398953,0.13704476772599525,0.13704476750458922,0.1370447676131677,0.13704476817398953,0.1370447706663233,0.13704476817398953,0.1370447676131677,0.13704476750458922,0.13704476772599525,0.13704476817398953,0.13704476772599525,0.13704476750458922,0.1370447674158538,0.13704476750458922,0.1370447676131677,0.13704476750458922,0.1370447674158538,0.1360297341452331,0.1360297342078795,0.13602973426943077,0.1360297342078795,0.1360297341452331,0.1360297342078795,0.13602973433127738,0.13602973449685327,0.13602973433127738,0.1360297342078795,0.13602973426943077,0.13602973449685327,0.136029734957344,0.13602973449685327,0.13602973426943077,0.1360297342078795,0.13602973433127738,0.13602973449685327,0.13602973433127738,0.1360297342078795,0.1360297341452331,0.1360297342078795,0.13602973426943077,0.1360297342078795,0.1360297341452331,0.13503425366157193,0.1350342537009516,0.1350342537335177,0.1350342537009516,0.13503425366157193,0.1350342537009516,0.13503425376446243,0.13503425382754525,0.13503425376446243,0.1350342537009516,0.1350342537335177,0.13503425382754525,0.13503425394242644,0.13503425382754525,0.1350342537335177,0.1350342537009516,0.13503425376446243,0.13503425382754525,0.13503425376446243,0.1350342537009516,0.13503425366157193,0.1350342537009516,0.1350342537335177,0.1350342537009516,0.13503425366157193
0.16533248735365008,0.16533248735365008,0.16533248735365008,0.16533248735365008,0.16533248735365008,0.16533248735365008,0.16533248735365008,0.16533248735365008,0.16533248735365008,0.16533248735365008,0.16533248735365008,0.16533248735365008,0.16533248735365008,0.16533248735365008,0.16533248735365008,0.16533248735365008,0.16533248735365008,0.16533248735365008,0.16533248735365008,0.16533248735365008,0.16533248735365008,0.16533248735365008,0.16533248735365008,0.16533248735365008,0.16533248735365008,0.1637574936434866,0.1637574936434866,0.1637574936434866,0.1637574936434866,0.1637574936434866,0.1637574936434866,0.1637574936434866,0.1637574936434866,0.1637574936434866,0.1637574936434866,0.1637574936434866,0.1637574936434866,0.1637574936434866,0.1637574936434866,0.1637574936434866,0.1637574936434866,0.1637574936434866,0.1637574936434866,0.1637574936434866,0.1637574936434866,0.1637574936434866,0.1637574936434866,0.1637574936434866,0.1637574936434866,0.1637574936434866,0.16221388386508695,0.1622138838650867,0.1622138838650867,0.1622138838650867,0.16221388386508695,0.1622138838650867,0.1622138838650867,0.1622138838650867,0.1622138838650867,0.1622138838650867,0.1622138838650867,0.1622138838650867,0.1622138838650867,0.1622138838650867,0.1622138838650867,0.1622138838650867,0.1622138838650867,0.1622138838650867,0.1622138838650867,0.1622138838650867,0.16221388386508695,0.1622138838650867,0.1622138838650867,0.1622138838650867,0.16221388386508695,0.1607010669754918,0.1607010669754918,0.16070106697549158,0.1607010669754918,0.1607010669754918,0.1607010669754918,0.16070106697549158,0.16070106697549158,0.16070106697549158,0.1607010669754918,0.16070106697549158,0.16070106697549158,0.16070106697549136,0.16070106697549158,0.16070106697549158,0.1607010669754918,0.16070106697549158,0.16070106697549158,0.16070106697549158,0.1607010669754918,0.1607010669754918,0.1607010669754918,0.16070106697549158,0.1607010669754918,0.1607010669754918,0.1592184513496804,0.15921845134967996,0.15921845134967977,0.15921845134967996,0.1592184513496804,0.15921845134967996,0.15921845134967955,0.15921845134967932,0.15921845134967955,0.15921845134967996,0.15921845134967977,0.15921845134967932,0.15921845134967885,0.15921845134967932,0.15921845134967977,0.15921845134967996,0.15921845134967955,0.15921845134967932,0.15921845134967955,0.15921845134967996,0.1592184513496804,0.15921845134967996,0.15921845134967977,0.15921845134967996,0.1592184513496804,0.15776544613242083,0.15776544613241933,0.15776544613241844,0.15776544613241933,0.15776544613242083,0.15776544613241933,0.15776544613241783,0.15776544613241675,0.15776544613241783,0.15776544613241933,0.15776544613241844,0.15776544613241675,0.1577654461324159,0.15776544613241675,0.15776544613241844,0.15776544613241933,0.15776544613241783,0.15776544613241675,0.15776544613241783,0.15776544613241933,0.15776544613242083,0.15776544613241933,0.15776544613241844,0.15776544613241933,0.15776544613242083,0.15634146245259406,0.15634146245258945,0.15634146245258676,0.15634146245258945,0.15634146245259406,0.15634146245258945,0.15634146245258465,0.15634146245258174,0.15634146245258465,0.15634146245258945,0.15634146245258676,0.15634146245258174,0.1563414624525786,0.15634146245258174,0.15634146245258676,0.15634146245258945,0.15634146245258465,0.15634146245258174,0.15634146245258465,0.15634146245258945,0.15634146245259406,0.15634146245258945,0.15634146245258676,0.15634146245258945,0.15634146245259406,0.15494591451025827,0.15494591451024411,0.15494591451023532,0.15494591451024411,0.15494591451025827,0.15494591451024411,0.15494591451022915,0.15494591451021975,0.15494591451022915,0.15494591451024411,0.15494591451023532,0.15494591451021975,0.1549459145102097,0.15494591451021975,0.15494591451023532,0.15494591451024411,0.15494591451022915,0.15494591451021975,0.15494591451022915,0.15494591451024411,0.15494591451025827,0.15494591451024411,0.15494591451023532,0.15494591451024411,0.15494591451025827,0.15357822054616133,0.15357822054611817,0.15357822054609063,0.15357822054611817,0.15357822054616133,0.15357822054611817,0.15357822054607115,0.1535782205460408,0.15357822054607115,0.15357822054611817,0.15357822054609063,0.1535782205460408,0.1535782205460085,0.1535782205460408,0.15357822054609063,0.15357822054611817,0.15357822054607115,0.1535782205460408,0.15357822054607115,0.15357822054611817,0.15357822054616133,0.15357822054611817,0.15357822054609063,0.15357822054611817,0.15357822054616133,0.1522378037028698,0.1522378037027403,0.15223780370265644,0.1522378037027403,0.1522378037028698,0.1522378037027403,0.15223780370259346,0.1522378037024962,0.15223780370259346,0.1522378037027403,0.15223780370265644,0.1522378037024962,0.15223780370238754,0.1522378037024962,0.15223780370265644,0.1522378037027403,0.15223780370259346,0.1522378037024962,0.15223780370259346,0.1522378037027403,0.1522378037028698,0.1522378037027403,0.15223780370265644,0.1522378037027403,0.1522378037028698,0.1509240927861563,0.1509240927857749,0.1509240927855214,0.1509240927857749,0.1509240927861563,0.1509240927857749,0.15092409278531976,0.15092409278500302,0.15092409278531976,0.1509240927857749,0.1509240927855214,0.15092409278500302,0.15092409278463667,0.15092409278500302,0.1509240927855214,0.1509240927857749,0.15092409278531976,0.15092409278500302,0.15092409278531976,0.1509240927857749,0.1509240927861563,0.1509240927857749,0.1509240927855214,0.1509240927857749,0.1509240927861563,0.14963652293481056,0.14963652293372276,0.14963652293296945,0.14963652293372276,0.14963652293481056,0.14963652293372276,0.14963652293233262,0.14963652293130458,0.14963652293233262,0.14963652293372276,0.14963652293296945,0.14963652293130458,0.14963652293001106,0.14963652293130458,0.14963652293296945,0.14963652293372276,0.14963652293233262,0.14963652293130458,0.14963652293233262,0.14963652293372276,0.14963652293481056,0.14963652293372276,0.14963652293296945,0.14963652293372276,0.14963652293481056,0.14837453620667487,0.14837453620371127,0.14837453620152066,0.14837453620371127,0.14837453620667487,0.14837453620371127,0.14837453619956747,0.14837453619614815,0.14837453619956747,0.14837453620371127,0.14837453620152066,0.14837453619614815,0.14837453619121968,0.14837453619614815,0.14837453620152066,0.14837453620371127,0.14837453619956747,0.14837453619614815,0.14837453619956747,0.14837453620371127,0.14837453620667487,0.14837453620371127,0.14837453620152066,0.14837453620371127,0.14837453620667487,0.14713758208847144,0.14713758208095717,0.14713758207484534,0.14713758208095717,0.14713758208847144,0.14713758208095717,0.1471375820691097,0.14713758205754268,0.1471375820691097,0.14713758208095717,0.14713758207484534,0.14713758205754268,0.14713758203673896,0.14713758205754268,0.14713758207484534,0.14713758208095717,0.1471375820691097,0.14713758205754268,0.1471375820691097,0.14713758208095717,0.14713758208847144,0.14713758208095717,0.14713758207484534,0.14713758208095717,0.14713758208847144,0.14592511793677684,0.14592511791990098,0.14592511790425808,0.14592511791990098,0.14592511793677684,0.14592511791990098,0.1459251178888783,0.1459251178503431,0.1459251178888783,0.14592511791990098,0.14592511790425808,0.1459251178503431,0.1459251177510987,0.1459251178503431,0.14592511790425808,0.14592511791990098,0.1459251178888783,0.1459251178503431,0.1459251178888783,0.14592511791990098,0.14592511793677684,0.14592511791990098,0.14592511790425808,0.14592511791990098,0.14592511793677684,0.1447366093559651,0.14473660932548993,0.14473660929276916,0.14473660932548993,0.1447366093559651,0.14473660932548993,0.1447366092595752,0.14473660914717368,0.1447366092595752,0.14473660932548993,0.14473660929276916,0.14473660914717368,0.14473660861024126,0.14473660914717368,0.14473660929276916,0.14473660932548993,0.1447366092595752,0.14473660914717368,0.1447366092595752,0.14473660932548993,0.1447366093559651,0.14473660932548993,0.14473660929276916,0.14473660932548993,0.1447366093559651,0.14357153051192711,0.1435715304751021,0.1435715304374499,0.1435715304751021,0.14357153051192711,0.1435715304751021,0.14357153039943185,0.14357153028455963,0.14357153039943185,0.1435715304751021,0.1435715304374499,0.14357153028455963,0.14357152983391688,0.14357153028455963,0.1435715304374499,0.1435715304751021,0.14357153039943185,0.14357153028455963,0.14357153039943185,0.1435715304751021,0.14357153051192711,0.1435715304751021,0.1435715304374499,0.1435715304751021,0.14357153051192711,0.14242936436981704,0.14242936432947434,0.142429364287924,0.14242936432947434,0.14242936436981704,0.14242936432947434,0.14242936424583755,0.14242936411766377,0.14242936424583755,0.14242936432947434,0.142429364287924,0.14242936411766377,0.14242936360448205,0.14242936411766377,0.142429364287924,0.14242936432947434,0.14242936424583755,0.14242936411766377,0.14242936424583755,0.14242936432947434,0.14242936436981704,0.14242936432947434,0.142429364287924,0.14242936432947434,0.14242936436981704,0.14130960291587333,0.1413096028762366,0.14130960283309985,0.1413096028762366,0.14130960291587333,0.1413096028762366,0.14130960278884044,0.14130960264452813,0.14130960278884044,0.1413096028762366,0.14130960283309985,0.14130960264452813,0.14130960202408044,0.14130960264452813,0.14130960283309985,0.1413096028762366,0.14130960278884044,0.14130960264452813,0.14130960278884044,0.1413096028762366,0.14130960291587333,0.1413096028762366,0.14130960283309985,0.1413096028762366,0.14130960291587333,0.14021174732338457,0.14021174729644065,0.14021174726344623,0.14021174729644065,0.14021174732338457,0.14021174729644065,0.14021174722886942,0.14021174709847567,0.14021174722886942,0.14021174729644065,0.14021174726344623,0.14021174709847567,0.14021174643666337,0.14021174709847567,0.14021174726344623,0.14021174729644065,0.14021174722886942,0.14021174709847567,0.14021174722886942,0.14021174729644065,0.14021174732338457,0.14021174729644065,0.14021174726344623,0.14021174729644065,0.14021174732338457,0.139135308065678,0.13913530807194588,0.1391353080753875,0.13913530807194588,0.139135308065678,0.13913530807194588,0.13913530807812552,0.13913530807574498,0.13913530807812552,0.13913530807194588,0.1391353080753875,0.13913530807574498,0.13913530803895313,0.13913530807574498,0.1391353080753875,0.13913530807194588,0.13913530807812552,0.13913530807574498,0.13913530807812552,0.13913530807194588,0.139135308065678,0.13913530807194588,0.1391353080753875,0.13913530807194588,0.139135308065678,0.13807980499140698,0.13807980504077993,0.13807980509130824,0.13807980504077993,0.13807980499140698,0.13807980504077993,0.13807980514276058,0.13807980528573138,0.13807980514276058,0.13807980504077993,0.13807980509130824,0.13807980528573138,0.13807980569624398,0.13807980528573138,0.13807980509130824,0.13807980504077993,0.13807980514276058,0.13807980528573138,0.13807980514276058,0.13807980504077993,0.13807980499140698,0.13807980504077993,0.13807980509130824,0.13807980504077993,0.13807980499140698,0.13704476740681792,0.13704476749532085,0.137044767603624,0.13704476749532085,0.13704476740681792,0.13704476749532085,0.13704476771616783,0.13704476816306166,0.13704476771616783,0.13704476749532085,0.137044767603624,0.13704476816306166,0.13704477064935502,0.13704476816306166,0.137044767603624,0.13704476749532085,0.13704476771616783,0.13704476816306166,0.13704476771616783,0.13704476749532085,0.13704476740681792,0.13704476749532085,0.137044767603624,0.13704476749532085,0.13704476740681792,0.1360297341358707,0.13602973419835906,0.13602973425975703,0.13602973419835906,0.1360297341358707,0.13602973419835906,0.13602973432145068,0.1360297344866207,0.13602973432145068,0.13602973419835906,0.13602973425975703,0.1360297344866207,0.136029734945993,0.1360297344866207,0.13602973425975703,0.13602973419835906,0.13602973432145068,0.1360297344866207,0.13602973432145068,0.13602973419835906,0.1360297341358707,0.13602973419835906,0.13602973425975703,0.13602973419835906,0.1360297341358707,0.1350342536521963,0.1350342536914778,0.1350342537239632,0.1350342536914778,0.1350342536521963,0.1350342536914778,0.13503425375483172,0.13503425381775983,0.13503425375483172,0.1350342536914778,0.1350342537239632,0.13503425381775983,0.13503425393236096,0.13503425381775983,0.1350342537239632,0.1350342536914778,0.13503425375483172,0.13503425381775983,0.13503425375483172,0.1350342536914778,0.1350342536521963,0.1350342536914778,0.1350342537239632,0.1350342536914778,0.1350342536521963
0.16533248735803993,0.16533248735803993,0.16533248735803993,0.16533248735803993,0.16533248735803993,0.16533248735803993,0.16533248735803993,0.16533248735803993,0.16533248735803993,0.16533248735803993,0.16533248735803993,0.16533248735803993,0.16533248735803993,0.16533248735803993,0.16533248735803993,0.16533248735803993,0.16533248735803993,0.16533248735803993,0.16533248735803993,0.16533248735803993,0.16533248735803993,0.16533248735803993,0.16533248735803993,0.16533248735803993,0.16533248735803993,0.16375749364779016,0.16375749364779016,0.16375749364779016,0.16375749364779016,0.16375749364779016,0.16375749364779016,0.16375749364779016,0.16375749364779016,0.16375749364779016,0.16375749364779016,0.16375749364779016,0.16375749364779016,0.16375749364779016,0.16375749364779016,0.16375749364779016,0.16375749364779016,0.16375749364779016,0.16375749364779016,0.16375749364779016,0.16375749364779016,0.16375749364779016,0.16375749364779016,0.16375749364779016,0.16375749364779016,0.16375749364779016,0.162213883869307,0.162213883869307,0.162213883869307,0.162213883869307,0.162213883869307,0.162213883869307,0.162213883869307,0.162213883869307,0.162213883869307,0.162213883869307,0.162213883869307,0.162213883869307,0.162213883869307,0.162213883869307,0.162213883869307,0.162213883869307,0.162213883869307,0.162213883869307,0.162213883869307,0.162213883869307,0.162213883869307,0.162213883869307,0.162213883869307,0.162213883869307,0.162213883869307,0.1607010669796314,0.16070106697963119,0.16070106697963119,0.16070106697963119,0.1607010669796314,0.16070106697963119,0.16070106697963094,0.16070106697963094,0.16070106697963094,0.16070106697963119,0.16070106697963119,0.16070106697963094,0.1607010669796307,0.16070106697963094,0.16070106697963094,0.16070106697963119,0.16070106697963094,0.16070106697963094,0.16070106697963094,0.16070106697963119,0.1607010669796314,0.16070106697963119,0.16070106697963094,0.16070106697963119,0.1607010669796314,0.15921845135374169,0.15921845135374127,0.15921845135374105,0.15921845135374127,0.15921845135374169,0.15921845135374127,0.1592184513537408,0.15921845135374058,0.1592184513537408,0.15921845135374127,0.15921845135374105,0.15921845135374058,0.1592184513537402,0.15921845135374058,0.15921845135374105,0.15921845135374127,0.1592184513537408,0.15921845135374058,0.1592184513537408,0.15921845135374127,0.15921845135374169,0.15921845135374127,0.15921845135374105,0.15921845135374127,0.15921845135374169,0.15776544613640672,0.15776544613640522,0.1577654461364044,0.15776544613640522,0.15776544613640672,0.15776544613640522,0.15776544613640375,0.15776544613640267,0.15776544613640375,0.15776544613640522,0.1577654461364044,0.15776544613640267,0.15776544613640184,0.15776544613640267,0.1577654461364044,0.15776544613640522,0.15776544613640375,0.15776544613640267,0.15776544613640375,0.15776544613640522,0.15776544613640672,0.15776544613640522,0.1577654461364044,0.15776544613640522,0.15776544613640672,0.15634146245650726,0.15634146245650268,0.1563414624565,0.15634146245650268,0.15634146245650726,0.15634146245650268,0.1563414624564981,0.15634146245649516,0.1563414624564981,0.15634146245650268,0.1563414624565,0.15634146245649516,0.15634146245649203,0.15634146245649516,0.1563414624565,0.15634146245650268,0.1563414624564981,0.15634146245649516,0.1563414624564981,0.15634146245650268,0.15634146245650726,0.15634146245650268,0.1563414624565,0.15634146245650268,0.15634146245650726,0.15494591451410114,0.1549459145140872,0.15494591451407863,0.1549459145140872,0.15494591451410114,0.1549459145140872,0.15494591451407244,0.15494591451406325,0.15494591451407244,0.1549459145140872,0.15494591451407863,0.15494591451406325,0.1549459145140536,0.15494591451406325,0.15494591451407863,0.1549459145140872,0.15494591451407244,0.15494591451406325,0.15494591451407244,0.1549459145140872,0.15494591451410114,0.1549459145140872,0.15494591451407863,0.1549459145140872,0.15494591451410114,0.15357822054993578,0.1535782205498934,0.1535782205498667,0.1535782205498934,0.15357822054993578,0.1535782205498934,0.1535782205498474,0.15357822054981787,0.1535782205498474,0.1535782205498934,0.1535782205498667,0.15357822054981787,0.15357822054978615,0.15357822054981787,0.1535782205498667,0.1535782205498934,0.1535782205498474,0.15357822054981787,0.1535782205498474,0.1535782205498934,0.15357822054993578,0.1535782205498934,0.1535782205498667,0.1535782205498934,0.15357822054993578,0.15223780370657672,0.15223780370644974,0.15223780370636764,0.15223780370644974,0.15223780370657672,0.15223780370644974,0.15223780370630605,0.15223780370621096,0.15223780370630605,0.15223780370644974,0.15223780370636764,0.15223780370621096,0.15223780370610468,0.15223780370621096,0.15223780370636764,0.15223780370644974,0.15223780370630605,0.15223780370621096,0.15223780370630605,0.15223780370644974,0.15223780370657672,0.15223780370644974,0.15223780370636764,0.15223780370644974,0.15223780370657672,0.15092409278979224,0.15092409278941857,0.15092409278917027,0.15092409278941857,0.15092409278979224,0.15092409278941857,0.15092409278897292,0.1509240927886627,0.15092409278897292,0.15092409278941857,0.15092409278917027,0.1509240927886627,0.15092409278830426,0.1509240927886627,0.15092409278917027,0.15092409278941857,0.15092409278897292,0.1509240927886627,0.15092409278897292,0.15092409278941857,0.15092409278979224,0.15092409278941857,0.15092409278917027,0.15092409278941857,0.15092409278979224,0.14963652293836233,0.1496365229372959,0.14963652293655771,0.1496365229372959,0.14963652293836233,0.1496365229372959,0.1496365229359339,0.1496365229349276,0.1496365229359339,0.1496365229372959,0.14963652293655771,0.1496365229349276,0.14963652293366225,0.1496365229349276,0.14963652293655771,0.1496365229372959,0.1496365229359339,0.1496365229349276,0.1496365229359339,0.1496365229372959,0.14963652293836233,0.1496365229372959,0.14963652293655771,0.1496365229372959,0.14963652293836233,0.14837453621010013,0.1483745362071927,0.14837453620504548,0.1483745362071927,0.14837453621010013,0.1483745362071927,0.14837453620313232,0.1483745361997856,0.14837453620313232,0.1483745362071927,0.14837453620504548,0.1483745361997856,0.14837453619496815,0.1483745361997856,0.14837453620504548,0.1483745362071927,0.14837453620313232,0.1483745361997856,0.14837453620313232,0.1483745362071927,0.14837453621010013,0.1483745362071927,0.14837453620504548,0.1483745362071927,0.14837453621010013,0.14713758209165462,0.14713758208427588,0.14713758207828212,0.14713758208427588,0.14713758209165462,0.14713758208427588,0.14713758207266092,0.14713758206134167,0.14713758207266092,0.14713758208427588,0.14713758207828212,0.14713758206134167,0.14713758204102406,0.14713758206134167,0.14713758207828212,0.14713758208427588,0.14713758207266092,0.14713758206134167,0.14713758207266092,0.14713758208427588,0.14713758209165462,0.14713758208427588,0.14713758207828212,0.14713758208427588,0.14713758209165462,0.14592511793943588,0.14592511792283497,0.14592511790747711,0.14592511792283497,0.14592511793943588,0.14592511792283497,0.1459251178923878,0.145925117854674,0.1459251178923878,0.14592511792283497,0.14592511790747711,0.145925117854674,0.14592511775783668,0.145925117854674,0.14592511790747711,0.14592511792283497,0.1459251178923878,0.145925117854674,0.1459251178923878,0.14592511792283497,0.14592511793943588,0.14592511792283497,0.14592511790747711,0.14592511792283497,0.14592511793943588,0.14473660935752647,0.1447366093274306,0.1447366092952085,0.1447366093274306,0.14473660935752647,0.1447366093274306,0.14473660926253784,0.1447366091523878,0.14473660926253784,0.1447366093274306,0.1447366092952085,0.1447366091523878,0.14473660862891882,0.1447366091523878,0.1447366092952085,0.1447366093274306,0.14473660926253784,0.1447366091523878,0.14473660926253784,0.1447366093274306,0.14473660935752647,0.1447366093274306,0.1447366092952085,0.1447366093274306,0.14473660935752647,0.1435715305115919,0.14357153047485655,0.14357153043726303,0.14357153047485655,0.1435715305115919,0.14357153047485655,0.14357153039930043,0.14357153028434183,0.14357153039930043,0.14357153047485655,0.14357153043726303,0.14357153028434183,0.14357152983134028,0.14357153028434183,0.14357153043726303,0.14357153047485655,0.14357153039930043,0.14357153028434183,0.14357153039930043,0.14357153047485655,0.1435715305115919,0.14357153047485655,0.14357153043726303,0.14357153047485655,0.1435715305115919,0.14242936436737355,0.14242936432692702,0.14242936428522926,0.14242936432692702,0.14242936436737355,0.14242936432692702,0.14242936424298458,0.14242936411414686,0.14242936424298458,0.14242936432692702,0.14242936428522926,0.14242936411414686,0.14242936359746178,0.14242936411414686,0.14242936428522926,0.14242936432692702,0.14242936424298458,0.14242936411414686,0.14242936424298458,0.14242936432692702,0.14242936436737355,0.14242936432692702,0.14242936428522926,0.14242936432692702,0.14242936436737355,0.1413096029115061,0.14130960287171573,0.14130960282840613,0.14130960287171573,0.1413096029115061,0.14130960287171573,0.14130960278396765,0.14130960263905618,0.14130960278396765,0.14130960287171573,0.14130960282840613,0.14130960263905618,0.1413096020160216,0.14130960263905618,0.14130960282840613,0.14130960287171573,0.14130960278396765,0.14130960263905618,0.14130960278396765,0.14130960287171573,0.1413096029115061,0.14130960287171573,0.14130960282840613,0.14130960287171573,0.1413096029115061,0.14021174731738192,0.14021174729030014,0.14021174725716978,0.14021174729030014,0.14021174731738192,0.14021174729030014,0.14021174722245655,0.14021174709166628,0.14021174722245655,0.14021174729030014,0.14021174725716978,0.14021174709166628,0.14021174642831224,0.14021174709166628,0.14021174725716978,0.14021174729030014,0.14021174722245655,0.14021174709166628,0.14021174722245655,0.14021174729030014,0.14021174731738192,0.14021174729030014,0.14021174725716978,0.14021174729030014,0.14021174731738192,0.13913530805829796,0.1391353080644392,0.13913530806777125,0.1391353080644392,0.13913530805829796,0.1391353080644392,0.13913530807040317,0.13913530806779006,0.13913530807040317,0.1391353080644392,0.13913530806777125,0.13913530806779006,0.13913530803050694,0.13913530806779006,0.13913530806777125,0.1391353080644392,0.13913530807040317,0.13913530806779006,0.13913530807040317,0.1391353080644392,0.13913530805829796,0.1391353080644392,0.13913530806777125,0.1391353080644392,0.13913530805829796,0.13807980498288652,0.13807980503208817,0.1380798050824521,0.13807980503208817,0.13807980498288652,0.13807980503208817,0.1380798051337404,0.13807980527628594,0.1380798051337404,0.13807980503208817,0.1380798050824521,0.13807980527628594,0.13807980568565772,0.13807980527628594,0.1380798050824521,0.13807980503208817,0.1380798051337404,0.13807980527628594,0.1380798051337404,0.13807980503208817,0.13807980498288652,0.13807980503208817,0.1380798050824521,0.13807980503208817,0.13807980498288652,0.13704476739748872,0.13704476748575284,0.13704476759377332,0.13704476748575284,0.13704476739748872,0.13704476748575284,0.1370447677060257,0.13704476815178987,0.13704476770602583,0.13704476748575284,0.13704476759377332,0.13704476815178987,0.13704477063187273,0.13704476815178987,0.13704476759377332,0.13704476748575284,0.13704476770602583,0.13704476815178987,0.13704476770602583,0.13704476748575284,0.13704476739748872,0.13704476748575284,0.13704476759377332,0.13704476748575284,0.13704476739748872,0.13602973412620714,0.13602973418853329,0.13602973424977377,0.13602973418853329,0.13602973412620714,0.13602973418853329,0.13602973431131024,0.13602973447606378,0.13602973431131024,0.13602973418853329,0.13602973424977377,0.13602973447606378,0.13602973493428785,0.13602973447606378,0.13602973424977377,0.13602973418853329,0.13602973431131024,0.13602973447606378,0.13602973431131024,0.13602973418853329,0.13602973412620714,0.13602973418853329,0.13602973424977377,0.13602973418853329,0.13602973412620714,0.13503425364251995,0.13503425368170072,0.1350342537141033,0.13503425368170072,0.13503425364251995,0.13503425368170072,0.1350342537448936,0.13503425380766287,0.1350342537448935,0.13503425368170072,0.1350342537141033,0.13503425380766287,0.13503425392197668,0.13503425380766287,0.1350342537141033,0.13503425368170072,0.1350342537448935,0.13503425380766287,0.1350342537448935,0.13503425368170072,0.13503425364251995,0.13503425368170072,0.1350342537141033,0.13503425368170072,0.13503425364251995
0.16533248736257278,0.16533248736257278,0.16533248736257278,0.16533248736257278,0.16533248736257278,0.16533248736257278,0.16533248736257278,0.16533248736257278,0.16533248736257278,0.16533248736257278,0.16533248736257278,0.16533248736257278,0.16533248736257253,0.16533248736257278,0.16533248736257278,0.16533248736257278,0.16533248736257278,0.16533248736257278,0.16533248736257278,0.16533248736257278,0.16533248736257278,0.16533248736257278,0.16533248736257278,0.16533248736257278,0.16533248736257278,0.16375749365223394,0.16375749365223394,0.16375749365223394,0.16375749365223394,0.16375749365223394,0.16375749365223394,0.16375749365223394,0.16375749365223394,0.16375749365223394,0.16375749365223394,0.16375749365223394,0.16375749365223394,0.16375749365223394,0.16375749365223394,0.16375749365223394,0.16375749365223394,0.16375749365223394,0.16375749365223394,0.16375749365223394,0.16375749365223394,0.16375749365223394,0.16375749365223394,0.16375749365223394,0.16375749365223394,0.16375749365223394,0.1622138838736644,0.1622138838736644,0.1622138838736644,0.1622138838736644,0.1622138838736644,0.1622138838736644,0.1622138838736644,0.1622138838736644,0.1622138838736644,0.1622138838736644,0.1622138838736644,0.1622138838736644,0.16221388387366417,0.1622138838736644,0.1622138838736644,0.1622138838736644,0.1622138838736644,0.1622138838736644,0.1622138838736644,0.1622138838736644,0.1622138838736644,0.1622138838736644,0.1622138838736644,0.1622138838736644,0.1622138838736644,0.16070106698390516,0.16070106698390493,0.16070106698390493,0.16070106698390493,0.16070106698390516,0.16070106698390493,0.1607010669839047,0.1607010669839047,0.1607010669839047,0.16070106698390493,0.16070106698390493,0.1607010669839047,0.1607010669839045,0.1607010669839047,0.16070106698390493,0.16070106698390493,0.1607010669839047,0.1607010669839047,0.1607010669839047,0.16070106698390493,0.16070106698390516,0.16070106698390493,0.16070106698390493,0.16070106698390493,0.16070106698390516,0.1592184513579347,0.15921845135793428,0.15921845135793405,0.15921845135793428,0.1592184513579347,0.15921845135793428,0.15921845135793383,0.1592184513579336,0.15921845135793383,0.15921845135793428,0.15921845135793405,0.1592184513579336,0.1592184513579332,0.1592184513579336,0.15921845135793405,0.15921845135793428,0.15921845135793383,0.1592184513579336,0.15921845135793383,0.15921845135793428,0.1592184513579347,0.15921845135793428,0.15921845135793405,0.15921845135793428,0.1592184513579347,0.15776544614052154,0.15776544614052004,0.15776544614051916,0.15776544614052004,0.15776544614052154,0.15776544614052004,0.15776544614051857,0.15776544614051768,0.15776544614051857,0.15776544614052004,0.15776544614051916,0.15776544614051768,0.15776544614051685,0.15776544614051768,0.15776544614051916,0.15776544614052004,0.15776544614051857,0.15776544614051768,0.15776544614051857,0.15776544614052004,0.15776544614052154,0.15776544614052004,0.15776544614051916,0.15776544614052004,0.15776544614052154,0.15634146246054662,0.15634146246054223,0.15634146246053948,0.15634146246054223,0.15634146246054662,0.15634146246054223,0.1563414624605376,0.15634146246053468,0.1563414624605376,0.15634146246054223,0.15634146246053948,0.15634146246053468,0.15634146246053177,0.15634146246053468,0.15634146246053948,0.15634146246054223,0.1563414624605376,0.15634146246053468,0.1563414624605376,0.15634146246054223,0.15634146246054662,0.15634146246054223,0.15634146246053948,0.15634146246054223,0.15634146246054662,0.1549459145180674,0.1549459145180539,0.15494591451804549,0.1549459145180539,0.1549459145180674,0.1549459145180539,0.15494591451803952,0.1549459145180305,0.15494591451803952,0.1549459145180539,0.15494591451804549,0.1549459145180305,0.15494591451802087,0.1549459145180305,0.15494591451804549,0.1549459145180539,0.15494591451803952,0.1549459145180305,0.15494591451803952,0.1549459145180539,0.1549459145180674,0.1549459145180539,0.15494591451804549,0.1549459145180539,0.1549459145180674,0.15357822055383114,0.15357822055378975,0.15357822055376347,0.15357822055378975,0.15357822055383114,0.15357822055378975,0.15357822055374476,0.15357822055371584,0.15357822055374476,0.15357822055378975,0.15357822055376347,0.15357822055371584,0.15357822055368492,0.15357822055371584,0.15357822055376347,0.15357822055378975,0.15357822055374476,0.15357822055371584,0.15357822055374476,0.15357822055378975,0.15357822055383114,0.15357822055378975,0.15357822055376347,0.15357822055378975,0.15357822055383114,0.15223780371040188,0.15223780371027748,0.15223780371019716,0.15223780371027748,0.15223780371040188,0.15223780371027748,0.15223780371013712,0.15223780371004422,0.15223780371013712,0.15223780371027748,0.15223780371019716,0.15223780371004422,0.1522378037099403,0.15223780371004422,0.15223780371019716,0.15223780371027748,0.15223780371013712,0.15223780371004422,0.15223780371013712,0.15223780371027748,0.15223780371040188,0.15223780371027748,0.15223780371019716,0.15223780371027748,0.15223780371040188,0.15092409279354396,0.1509240927931782,0.15092409279293492,0.1509240927931782,0.15092409279354396,0.1509240927931782,0.15092409279274238,0.15092409279243893,0.15092409279274238,0.1509240927931782,0.15092409279293492,0.15092409279243893,0.15092409279208838,0.15092409279243893,0.15092409279293492,0.1509240927931782,0.15092409279274238,0.15092409279243893,0.15092409279274238,0.1509240927931782,0.15092409279354396,0.1509240927931782,0.15092409279293492,0.1509240927931782,0.15092409279354396,0.1496365229420262,0.14963652294098187,0.14963652294025923,0.14963652294098187,0.1496365229420262,0.14963652294098187,0.1496365229396492,0.14963652293866503,0.1496365229396492,0.14963652294098187,0.14963652294025923,0.14963652293866503,0.149636522937429,0.14963652293866503,0.14963652294025923,0.14963652294098187,0.1496365229396492,0.14963652293866503,0.1496365229396492,0.14963652294098187,0.1496365229420262,0.14963652294098187,0.14963652294025923,0.14963652294098187,0.1496365229420262,0.14837453621363272,0.14837453621078364,0.14837453620868107,0.14837453621078364,0.14837453621363272,0.14837453621078364,0.14837453620680907,0.14837453620353744,0.14837453620680907,0.14837453621078364,0.14837453620868107,0.14837453620353744,0.14837453619883467,0.14837453620353744,0.14837453620868107,0.14837453621078364,0.14837453620680907,0.14837453620353744,0.14837453620680907,0.14837453621078364,0.14837453621363272,0.14837453621078364,0.14837453620868107,0.14837453621078364,0.14837453621363272,0.1471375820949366,0.14713758208769812,0.14713758208182606,0.14713758208769812,0.1471375820949366,0.14713758208769812,0.1471375820763231,0.14713758206526,0.1471375820763231,0.14713758208769812,0.14713758208182606,0.14713758206526,0.14713758204544433,0.14713758206526,0.14713758208182606,0.14713758208769812,0.1471375820763231,0.14713758206526,0.1471375820763231,0.14713758208769812,0.1471375820949366,0.14713758208769812,0.14713758208182606,0.14713758208769812,0.1471375820949366,0.1459251179421763,0.14592511792585922,0.14592511791079552,0.14592511792585922,0.1459251179421763,0.14592511792585922,0.14592511789600657,0.14592511785914125,0.14592511789600657,0.14592511792585922,0.14592511791079552,0.14592511785914125,0.14592511776479042,0.14592511785914125,0.14592511791079552,0.14592511792585922,0.14592511789600657,0.14592511785914125,0.14592511789600657,0.14592511792585922,0.1459251179421763,0.14592511792585922,0.14592511791079552,0.14592511792585922,0.1459251179421763,0.14473660935913196,0.14473660932942795,0.14473660929772114,0.14473660932942795,0.14473660935913196,0.14473660932942795,0.14473660926559126,0.14473660915776693,0.14473660926559126,0.14473660932942795,0.14473660929772114,0.14473660915776693,0.144736608648216,0.14473660915776693,0.14473660929772114,0.14473660932942795,0.14473660926559126,0.14473660915776693,0.14473660926559126,0.14473660932942795,0.14473660935913196,0.14473660932942795,0.14473660929772114,0.14473660932942795,0.14473660935913196,0.14357153051123805,0.14357153047459525,0.1435715304370623,0.14357153047459525,0.14357153051123805,0.14357153047459525,0.14357153039915668,0.14357153028410893,0.14357153039915668,0.14357153047459525,0.1435715304370623,0.14357153028410893,0.14357152982869725,0.14357153028410893,0.1435715304370623,0.14357153047459525,0.14357153039915668,0.14357153028410893,0.14357153039915668,0.14357153047459525,0.14357153051123805,0.14357153047459525,0.1435715304370623,0.14357153047459525,0.14357153051123805,0.14242936436484216,0.1424293643242876,0.1424293642824367,0.1424293643242876,0.14242936436484216,0.1424293643242876,0.14242936424002797,0.14242936411050244,0.14242936424002797,0.1424293643242876,0.1424293642824367,0.14242936411050244,0.1424293635902228,0.14242936411050244,0.1424293642824367,0.1424293643242876,0.14242936424002797,0.14242936411050244,0.14242936424002797,0.1424293643242876,0.14242936436484216,0.1424293643242876,0.1424293642824367,0.1424293643242876,0.14242936436484216,0.14130960290698905,0.1413096028670388,0.14130960282354915,0.1413096028670388,0.14130960290698905,0.1413096028670388,0.14130960277892432,0.14130960263338935,0.14130960277892432,0.1413096028670388,0.14130960282354915,0.14130960263338935,0.1413096020076355,0.14130960263338935,0.14130960282354915,0.1413096028670388,0.14130960277892432,0.14130960263338935,0.14130960277892432,0.1413096028670388,0.14130960290698905,0.1413096028670388,0.14130960282354915,0.1413096028670388,0.14130960290698905,0.14021174731117966,0.14021174728395436,0.14021174725068195,0.14021174728395436,0.14021174731117966,0.14021174728395436,0.1402117472158263,0.1402117470846208,0.1402117472158263,0.14021174728395436,0.14021174725068195,0.1402117470846208,0.1402117464196699,0.1402117470846208,0.14021174725068195,0.14021174728395436,0.1402117472158263,0.1402117470846208,0.1402117472158263,0.14021174728395436,0.14021174731117966,0.14021174728395436,0.14021174725068195,0.14021174728395436,0.14021174731117966,0.1391353080506795,0.1391353080566898,0.1391353080599083,0.1391353080566898,0.1391353080506795,0.1391353080566898,0.1391353080624302,0.1391353080595755,0.1391353080624302,0.1391353080566898,0.1391353080599083,0.1391353080595755,0.1391353080217814,0.1391353080595755,0.1391353080599083,0.1391353080566898,0.1391353080624302,0.1391353080595755,0.1391353080624302,0.1391353080566898,0.1391353080506795,0.1391353080566898,0.1391353080599083,0.1391353080566898,0.1391353080506795,0.13807980497409772,0.13807980502312303,0.138079805073318,0.13807980502312303,0.13807980497409772,0.13807980502312303,0.1380798051244378,0.13807980526654612,0.1380798051244378,0.13807980502312303,0.138079805073318,0.13807980526654612,0.13807980567474687,0.13807980526654612,0.138079805073318,0.13807980502312303,0.1380798051244378,0.13807980526654612,0.1380798051244378,0.13807980502312303,0.13807980497409772,0.13807980502312303,0.138079805073318,0.13807980502312303,0.13807980497409772,0.1370447673878707,0.1370447674758897,0.13704476758362025,0.1370447674758897,0.1370447673878707,0.1370447674758897,0.13704476769557355,0.13704476814017902,0.13704476769557355,0.1370447674758897,0.13704476758362025,0.13704476814017902,0.13704477061391482,0.13704476814017902,0.13704476758362025,0.1370447674758897,0.13704476769557355,0.13704476814017902,0.13704476769557355,0.1370447674758897,0.1370447673878707,0.1370447674758897,0.13704476758362025,0.1370447674758897,0.1370447673878707,0.13602973411624666,0.13602973417840628,0.13602973423948544,0.13602973417840628,0.13602973411624666,0.13602973417840628,0.13602973430086074,0.13602973446518696,0.13602973430086074,0.13602973417840628,0.13602973423948544,0.13602973446518696,0.1360297349222338,0.13602973446518696,0.13602973423948544,0.13602973417840628,0.13602973430086074,0.13602973446518696,0.13602973430086074,0.13602973417840628,0.13602973411624666,0.13602973417840628,0.13602973423948544,0.13602973417840628,0.13602973411624666,0.13503425363254704,0.13503425367162458,0.1350342537039422,0.13503425367162458,0.13503425363254704,0.13503425367162458,0.13503425373465208,0.13503425379725856,0.13503425373465208,0.13503425367162458,0.1350342537039422,0.13503425379725856,0.1350342539112777,0.13503425379725856,0.1350342537039422,0.13503425367162458,0.13503425373465208,0.13503425379725856,0.13503425373465208,0.13503425367162458,0.13503425363254704,0.13503425367162458,0.1350342537039422,0.13503425367162458,0.13503425363254704
0.16533248736724604,0.16533248736724604,0.16533248736724604,0.16533248736724604,0.16533248736724604,0.16533248736724604,0.16533248736724604,0.16533248736724604,0.16533248736724604,0.16533248736724604,0.16533248736724604,0.16533248736724604,0.16533248736724604,0.16533248736724604,0.16533248736724604,0.16533248736724604,0.16533248736724604,0.16533248736724604,0.16533248736724604,0.16533248736724604,0.16533248736724604,0.16533248736724604,0.16533248736724604,0.16533248736724604,0.16533248736724604,0.1637574936568155,0.1637574936568155,0.1637574936568155,0.1637574936568155,0.1637574936568155,0.1637574936568155,0.1637574936568155,0.1637574936568155,0.1637574936568155,0.1637574936568155,0.1637574936568155,0.1637574936568155,0.1637574936568155,0.1637574936568155,0.1637574936568155,0.1637574936568155,0.1637574936568155,0.1637574936568155,0.1637574936568155,0.1637574936568155,0.1637574936568155,0.1637574936568155,0.1637574936568155,0.1637574936568155,0.1637574936568155,0.1622138838781569,0.1622138838781569,0.1622138838781569,0.1622138838781569,0.1622138838781569,0.1622138838781569,0.1622138838781569,0.1622138838781569,0.1622138838781569,0.1622138838781569,0.1622138838781569,0.1622138838781569,0.1622138838781569,0.1622138838781569,0.1622138838781569,0.1622138838781569,0.1622138838781569,0.1622138838781569,0.1622138838781569,0.1622138838781569,0.1622138838781569,0.1622138838781569,0.1622138838781569,0.1622138838781569,0.1622138838781569,0.16070106698831135,0.16070106698831113,0.16070106698831113,0.16070106698831113,0.16070106698831135,0.16070106698831113,0.1607010669883109,0.1607010669883109,0.1607010669883109,0.16070106698831113,0.16070106698831113,0.1607010669883109,0.1607010669883109,0.1607010669883109,0.16070106698831113,0.16070106698831113,0.1607010669883109,0.1607010669883109,0.1607010669883109,0.16070106698831113,0.16070106698831135,0.16070106698831113,0.16070106698831113,0.16070106698831113,0.16070106698831135,0.15921845136225748,0.15921845136225704,0.15921845136225662,0.15921845136225704,0.15921845136225748,0.15921845136225704,0.1592184513622564,0.15921845136225615,0.1592184513622564,0.15921845136225704,0.15921845136225662,0.15921845136225615,0.15921845136225593,0.15921845136225615,0.15921845136225662,0.15921845136225704,0.1592184513622564,0.15921845136225615,0.1592184513622564,0.15921845136225704,0.15921845136225748,0.15921845136225704,0.15921845136225662,0.15921845136225704,0.15921845136225748,0.1577654461447633,0.157765446144762,0.15776544614476118,0.157765446144762,0.1577654461447633,0.157765446144762,0.1577654461447605,0.15776544614475968,0.1577654461447605,0.157765446144762,0.15776544614476118,0.15776544614475968,0.15776544614475882,0.15776544614475968,0.15776544614476118,0.157765446144762,0.1577654461447605,0.15776544614475968,0.1577654461447605,0.157765446144762,0.1577654461447633,0.157765446144762,0.15776544614476118,0.157765446144762,0.1577654461447633,0.15634146246471034,0.15634146246470593,0.15634146246470323,0.15634146246470593,0.15634146246471034,0.15634146246470593,0.15634146246470157,0.15634146246469863,0.15634146246470157,0.15634146246470593,0.15634146246470323,0.15634146246469863,0.1563414624646959,0.15634146246469863,0.15634146246470323,0.15634146246470593,0.15634146246470157,0.15634146246469863,0.15634146246470157,0.15634146246470593,0.15634146246471034,0.15634146246470593,0.15634146246470323,0.15634146246470593,0.15634146246471034,0.15494591452215556,0.15494591452214246,0.15494591452213408,0.15494591452214246,0.15494591452215556,0.15494591452214246,0.15494591452212833,0.1549459145221195,0.15494591452212833,0.15494591452214246,0.15494591452213408,0.1549459145221195,0.1549459145221103,0.1549459145221195,0.15494591452213408,0.15494591452214246,0.15494591452212833,0.1549459145221195,0.15494591452212833,0.15494591452214246,0.15494591452215556,0.15494591452214246,0.15494591452213408,0.15494591452214246,0.15494591452215556,0.15357822055784578,0.15357822055780543,0.15357822055777973,0.15357822055780543,0.15357822055784578,0.15357822055780543,0.1535782205577614,0.15357822055773312,0.1535782205577614,0.15357822055780543,0.15357822055777973,0.15357822055773312,0.15357822055770298,0.15357822055773312,0.15357822055777973,0.15357822055780543,0.1535782205577614,0.15357822055773312,0.1535782205577614,0.15357822055780543,0.15357822055784578,0.15357822055780543,0.15357822055777973,0.15357822055780543,0.15357822055784578,0.15223780371434356,0.15223780371422213,0.15223780371414358,0.15223780371422213,0.15223780371434356,0.15223780371422213,0.15223780371408493,0.1522378037139942,0.15223780371408493,0.15223780371422213,0.15223780371414358,0.1522378037139942,0.152237803713893,0.1522378037139942,0.15223780371414358,0.15223780371422213,0.15223780371408493,0.1522378037139942,0.15223780371408493,0.15223780371422213,0.15223780371434356,0.15223780371422213,0.15223780371414358,0.15223780371422213,0.15223780371434356,0.1509240927974095,0.15092409279705182,0.15092409279681415,0.15092409279705182,0.1509240927974095,0.15092409279705182,0.15092409279662625,0.1509240927963299,0.15092409279662625,0.15092409279705182,0.15092409279681415,0.1509240927963299,0.15092409279598767,0.1509240927963299,0.15092409279681415,0.15092409279705182,0.15092409279662625,0.1509240927963299,0.15092409279662625,0.15092409279705182,0.1509240927974095,0.15092409279705182,0.15092409279681415,0.15092409279705182,0.1509240927974095,0.14963652294580107,0.14963652294477944,0.14963652294407284,0.14963652294477944,0.14963652294580107,0.14963652294477944,0.14963652294347685,0.14963652294251575,0.14963652294347685,0.14963652294477944,0.14963652294407284,0.14963652294251575,0.14963652294130975,0.14963652294251575,0.14963652294407284,0.14963652294477944,0.14963652294347685,0.14963652294251575,0.14963652294347685,0.14963652294477944,0.14963652294580107,0.14963652294477944,0.14963652294407284,0.14963652294477944,0.14963652294580107,0.14837453621727167,0.14837453621448246,0.14837453621242622,0.14837453621448246,0.14837453621727167,0.14837453621448246,0.14837453621059665,0.14837453620740249,0.14837453621059665,0.14837453621448246,0.14837453621242622,0.14837453620740249,0.14837453620281799,0.14837453620740249,0.14837453621242622,0.14837453621448246,0.14837453621059665,0.14837453620740249,0.14837453621059665,0.14837453621448246,0.14837453621727167,0.14837453621448246,0.14837453621242622,0.14837453621448246,0.14837453621727167,0.14713758209831634,0.14713758209122244,0.14713758208547612,0.14713758209122244,0.14713758209831634,0.14713758209122244,0.14713758208009522,0.14713758206929625,0.14713758208009522,0.14713758209122244,0.14713758208547612,0.14713758206929625,0.14713758204999847,0.14713758206929625,0.14713758208547612,0.14713758209122244,0.14713758208009522,0.14713758206929625,0.14713758208009522,0.14713758209122244,0.14713758209831634,0.14713758209122244,0.14713758208547612,0.14713758209122244,0.14713758209831634,0.14592511794499682,0.14592511792897267,0.1459251179142124,0.14592511792897267,0.14592511794499682,0.14592511792897267,0.14592511789973311,0.14592511786374296,0.14592511789973311,0.14592511792897267,0.1459251179142124,0.14592511786374296,0.1459251177719566,0.14592511786374296,0.1459251179142124,0.14592511792897267,0.14592511789973311,0.14592511786374296,0.14592511789973311,0.14592511792897267,0.14592511794499682,0.14592511792897267,0.1459251179142124,0.14592511792897267,0.14592511794499682,0.14473660936078164,0.14473660933148172,0.1447366093003064,0.14473660933148172,0.14473660936078164,0.14473660933148172,0.144736609268734,0.14473660916330852,0.144736609268734,0.14473660933148172,0.1447366093003064,0.14473660916330852,0.14473660866809057,0.14473660916330852,0.14473660930030624,0.14473660933148172,0.144736609268734,0.14473660916330852,0.144736609268734,0.14473660933148172,0.14473660936078164,0.14473660933148172,0.14473660930030624,0.14473660933148172,0.14473660936078164,0.14357153051086638,0.14357153047431873,0.14357153043684825,0.14357153047431873,0.14357153051086638,0.14357153047431873,0.14357153039900133,0.14357153028386166,0.14357153039900133,0.14357153047431873,0.14357153043684825,0.14357153028386166,0.143571529825949,0.14357153028386166,0.14357153043684825,0.14357153047431873,0.14357153039900133,0.14357153028386166,0.14357153039900133,0.14357153047431873,0.14357153051086638,0.14357153047431873,0.14357153043684825,0.14357153047431873,0.14357153051086638,0.1424293643622244,0.14242936432155795,0.1424293642795485,0.14242936432155795,0.1424293643622244,0.14242936432155795,0.14242936423696967,0.1424293641067329,0.14242936423696967,0.14242936432155795,0.1424293642795485,0.1424293641067329,0.1424293635826981,0.1424293641067329,0.1424293642795485,0.14242936432155795,0.14242936423696967,0.1424293641067329,0.14242936423696967,0.14242936432155795,0.1424293643622244,0.14242936432155795,0.1424293642795485,0.14242936432155795,0.1424293643622244,0.1413096029023248,0.14130960286220848,0.14130960281853197,0.14130960286220848,0.1413096029023248,0.14130960286220848,0.14130960277371352,0.1413096026275311,0.14130960277371352,0.14130960286220848,0.14130960281853197,0.1413096026275311,0.1413096019989818,0.1413096026275311,0.14130960281853197,0.14130960286220848,0.14130960277371352,0.1413096026275311,0.14130960277371352,0.14130960286220848,0.1413096029023248,0.14130960286220848,0.14130960281853197,0.14130960286220848,0.1413096029023248,0.14021174730478098,0.14021174727740668,0.14021174724398622,0.14021174727740668,0.14021174730478098,0.14021174727740668,0.1402117472089824,0.14021174707734313,0.1402117472089824,0.14021174727740668,0.14021174724398622,0.14021174707734313,0.140211746410677,0.14021174707734313,0.14021174724398622,0.14021174727740668,0.1402117472089824,0.14021174707734313,0.1402117472089824,0.14021174727740668,0.14021174730478098,0.14021174727740668,0.14021174724398622,0.14021174727740668,0.14021174730478098,0.13913530804282623,0.1391353080487012,0.13913530805180224,0.1391353080487012,0.13913530804282623,0.1391353080487012,0.13913530805421045,0.13913530805110544,0.13913530805421045,0.1391353080487012,0.13913530805180224,0.13913530805110544,0.1391353080127807,0.13913530805110544,0.13913530805180224,0.1391353080487012,0.13913530805421045,0.13913530805110544,0.13913530805421045,0.1391353080487012,0.13913530804282623,0.1391353080487012,0.13913530805180224,0.1391353080487012,0.13913530804282623,0.13807980496504435,0.1380798050138886,0.13807980506390993,0.1380798050138886,0.13807980496504435,0.1380798050138886,0.13807980511485654,0.1380798052565166,0.13807980511485654,0.1380798050138886,0.13807980506390993,0.1380798052565166,0.13807980566351613,0.1380798052565166,0.13807980506390993,0.1380798050138886,0.13807980511485654,0.1380798052565166,0.13807980511485654,0.1380798050138886,0.13807980496504435,0.1380798050138886,0.13807980506390993,0.1380798050138886,0.13807980496504435,0.13704476737796803,0.1370447674657357,0.13704476757316889,0.1370447674657357,0.13704476737796803,0.1370447674657357,0.13704476768481597,0.1370447681282343,0.13704476768481597,0.1370447674657357,0.13704476757316889,0.1370447681282343,0.13704477059547113,0.1370447681282343,0.13704476757316889,0.1370447674657357,0.13704476768481597,0.1370447681282343,0.13704476768481597,0.1370447674657357,0.13704476737796803,0.1370447674657357,0.13704476757316889,0.1370447674657357,0.13704476737796803,0.13602973410599367,0.13602973416798253,0.13602973422889636,0.13602973416798253,0.13602973410599367,0.13602973416798253,0.13602973429010645,0.1360297344539952,0.13602973429010645,0.13602973416798253,0.13602973422889636,0.1360297344539952,0.13602973490983575,0.1360297344539952,0.13602973422889636,0.13602973416798253,0.13602973429010645,0.1360297344539952,0.13602973429010645,0.13602973416798253,0.13602973410599367,0.13602973416798253,0.13602973422889636,0.13602973416798253,0.13602973410599367,0.13503425362228222,0.13503425366125374,0.1350342536934845,0.13503425366125374,0.13503425362228222,0.13503425366125374,0.13503425372411207,0.13503425378655168,0.13503425372411207,0.13503425366125374,0.1350342536934845,0.13503425378655168,0.13503425390026885,0.13503425378655168,0.1350342536934845,0.13503425366125374,0.13503425372411207,0.13503425378655168,0.13503425372411207,0.13503425366125374,0.13503425362228222,0.13503425366125374,0.1350342536934845,0.13503425366125374,0.13503425362228222
0.1653324873720583,0.1653324873720583,0.1653324873720583,0.1653324873720583,0.1653324873720583,0.1653324873720583,0.1653324873720583,0.1653324873720583,0.1653324873720583,0.1653324873720583,0.1653324873720583,0.1653324873720583,0.16533248737205805,0.1653324873720583,0.1653324873720583,0.1653324873720583,0.1653324873720583,0.1653324873720583,0.1653324873720583,0.1653324873720583,0.1653324873720583,0.1653324873720583,0.1653324873720583,0.1653324873720583,0.1653324873720583,0.1637574936615331,0.1637574936615331,0.1637574936615331,0.1637574936615331,0.1637574936615331,0.1637574936615331,0.1637574936615331,0.16375749366153286,0.1637574936615331,0.1637574936615331,0.1637574936615331,0.16375749366153286,0.16375749366153286,0.16375749366153286,0.1637574936615331,0.1637574936615331,0.1637574936615331,0.16375749366153286,0.1637574936615331,0.1637574936615331,0.1637574936615331,0.1637574936615331,0.1637574936615331,0.1637574936615331,0.1637574936615331,0.1622138838827827,0.16221388388278246,0.16221388388278246,0.16221388388278246,0.1622138838827827,0.16221388388278246,0.16221388388278246,0.16221388388278246,0.16221388388278246,0.16221388388278246,0.16221388388278246,0.16221388388278246,0.16221388388278246,0.16221388388278246,0.16221388388278246,0.16221388388278246,0.16221388388278246,0.16221388388278246,0.16221388388278246,0.16221388388278246,0.1622138838827827,0.16221388388278246,0.16221388388278246,0.16221388388278246,0.1622138838827827,0.16070106699284792,0.1607010669928477,0.1607010669928477,0.1607010669928477,0.16070106699284792,0.1607010669928477,0.1607010669928477,0.1607010669928475,0.1607010669928477,0.1607010669928477,0.1607010669928477,0.1607010669928475,0.1607010669928475,0.1607010669928475,0.1607010669928477,0.1607010669928477,0.1607010669928477,0.1607010669928475,0.1607010669928477,0.1607010669928477,0.16070106699284792,0.1607010669928477,0.1607010669928477,0.1607010669928477,0.16070106699284792,0.1592184513667078,0.15921845136670737,0.15921845136670695,0.15921845136670737,0.1592184513667078,0.15921845136670737,0.15921845136670695,0.1592184513667065,0.15921845136670695,0.15921845136670737,0.15921845136670695,0.1592184513667065,0.15921845136670632,0.1592184513667065,0.15921845136670695,0.15921845136670737,0.15921845136670695,0.1592184513667065,0.15921845136670695,0.15921845136670737,0.1592184513667078,0.15921845136670737,0.15921845136670695,0.15921845136670737,0.1592184513667078,0.1577654461491303,0.15776544614912882,0.15776544614912819,0.15776544614912882,0.1577654461491303,0.15776544614912882,0.15776544614912755,0.1577654461491267,0.15776544614912755,0.15776544614912882,0.15776544614912819,0.1577654461491267,0.15776544614912583,0.1577654461491267,0.15776544614912819,0.15776544614912882,0.15776544614912755,0.1577654461491267,0.15776544614912755,0.15776544614912882,0.1577654461491303,0.15776544614912882,0.15776544614912819,0.15776544614912882,0.1577654461491303,0.1563414624689966,0.15634146246899244,0.15634146246898972,0.15634146246899244,0.1563414624689966,0.15634146246899244,0.15634146246898803,0.1563414624689853,0.15634146246898803,0.15634146246899244,0.15634146246898972,0.1563414624689853,0.1563414624689824,0.1563414624689853,0.15634146246898972,0.15634146246899244,0.15634146246898803,0.1563414624689853,0.15634146246898803,0.15634146246899244,0.1563414624689966,0.15634146246899244,0.15634146246898972,0.15634146246899244,0.1563414624689966,0.15494591452636367,0.15494591452635073,0.15494591452634277,0.15494591452635073,0.15494591452636367,0.15494591452635073,0.15494591452633705,0.15494591452632842,0.15494591452633705,0.15494591452635073,0.15494591452634277,0.15494591452632842,0.15494591452631937,0.15494591452632842,0.15494591452634277,0.15494591452635073,0.15494591452633705,0.15494591452632842,0.15494591452633705,0.15494591452635073,0.15494591452636367,0.15494591452635073,0.15494591452634277,0.15494591452635073,0.15494591452636367,0.15357822056197773,0.15357822056193834,0.15357822056191325,0.15357822056193834,0.15357822056197773,0.15357822056193834,0.15357822056189557,0.15357822056186787,0.15357822056189557,0.15357822056193834,0.15357822056191325,0.15357822056186787,0.15357822056183856,0.15357822056186787,0.15357822056191325,0.15357822056193834,0.15357822056189557,0.15357822056186787,0.15357822056189557,0.15357822056193834,0.15357822056197773,0.15357822056193834,0.15357822056191325,0.15357822056193834,0.15357822056197773,0.15223780371840004,0.15223780371828155,0.152237803718205,0.15223780371828155,0.15223780371840004,0.15223780371828155,0.15223780371814769,0.1522378037180593,0.15223780371814769,0.15223780371828155,0.152237803718205,0.1522378037180593,0.1522378037179609,0.1522378037180593,0.152237803718205,0.15223780371828155,0.15223780371814769,0.1522378037180593,0.15223780371814769,0.15223780371828155,0.15223780371840004,0.15223780371828155,0.152237803718205,0.15223780371828155,0.15223780371840004,0.15092409280138713,0.15092409280103794,0.15092409280080585,0.15092409280103794,0.15092409280138713,0.15092409280103794,0.1509240928006226,0.1509240928003336,0.1509240928006226,0.15092409280103794,0.15092409280080585,0.1509240928003336,0.15092409280000005,0.1509240928003336,0.15092409280080585,0.15092409280103794,0.1509240928006226,0.1509240928003336,0.1509240928006226,0.15092409280103794,0.15092409280138713,0.15092409280103794,0.15092409280080585,0.15092409280103794,0.15092409280138713,0.14963652294968485,0.1496365229486865,0.1496365229479965,0.1496365229486865,0.14963652294968485,0.1496365229486865,0.14963652294741508,0.14963652294647778,0.14963652294741508,0.1496365229486865,0.1496365229479965,0.14963652294647778,0.14963652294530264,0.14963652294647778,0.1496365229479965,0.1496365229486865,0.14963652294741508,0.14963652294647778,0.14963652294741508,0.1496365229486865,0.14963652294968485,0.1496365229486865,0.1496365229479965,0.1496365229486865,0.14963652294968485,0.14837453622101499,0.14837453621828764,0.14837453621627886,0.14837453621828764,0.14837453622101499,0.14837453621828764,0.1483745362144932,0.14837453621137875,0.1483745362144932,0.14837453621828764,0.14837453621627886,0.14837453621137875,0.14837453620691599,0.14837453621137875,0.14837453621627886,0.14837453621828764,0.1483745362144932,0.14837453621137875,0.1483745362144932,0.14837453621828764,0.14837453622101499,0.14837453621828764,0.14837453621627886,0.14837453621828764,0.14837453622101499,0.14713758210179234,0.14713758209484723,0.14713758208923042,0.14713758209484723,0.14713758210179234,0.14713758209484723,0.14713758208397504,0.14713758207344838,0.14713758208397504,0.14713758209484723,0.14713758208923042,0.14713758207344838,0.14713758205468377,0.14713758207344838,0.14713758208923042,0.14713758209484723,0.14713758208397504,0.14713758207344838,0.14713758208397504,0.14713758209484723,0.14713758210179234,0.14713758209484723,0.14713758208923042,0.14713758209484723,0.14713758210179234,0.14592511794789625,0.14592511793217372,0.14592511791772594,0.14592511793217372,0.14592511794789625,0.14592511793217372,0.14592511790356574,0.14592511786847698,0.14592511790356574,0.14592511793217372,0.14592511791772594,0.14592511786847698,0.1459251177793322,0.14592511786847698,0.14592511791772594,0.14592511793217372,0.14592511790356574,0.14592511786847698,0.14592511790356574,0.14592511793217372,0.14592511794789625,0.14592511793217372,0.14592511791772594,0.14592511793217372,0.14592511794789625,0.1447366093624746,0.14473660933359078,0.1447366093029627,0.14473660933359078,0.1447366093624746,0.14473660933359078,0.14473660927196474,0.14473660916901002,0.14473660927196474,0.14473660933359078,0.1447366093029627,0.14473660916901002,0.14473660868850452,0.14473660916901002,0.1447366093029627,0.14473660933359078,0.14473660927196474,0.14473660916901002,0.14473660927196474,0.14473660933359078,0.1447366093624746,0.14473660933359078,0.1447366093029627,0.14473660933359078,0.1447366093624746,0.14357153051047677,0.143571530474027,0.14357153043662066,0.143571530474027,0.14357153051047677,0.143571530474027,0.1435715303988342,0.1435715302836004,0.1435715303988342,0.143571530474027,0.14357153043662066,0.1435715302836004,0.14357152982315355,0.1435715302836004,0.14357153043662066,0.143571530474027,0.1435715303988342,0.1435715302836004,0.1435715303988342,0.143571530474027,0.14357153051047677,0.143571530474027,0.14357153043662066,0.143571530474027,0.14357153051047677,0.14242936435952158,0.14242936431873904,0.1424293642765657,0.14242936431873904,0.14242936435952158,0.14242936431873904,0.14242936423381125,0.14242936410284004,0.14242936423381125,0.14242936431873904,0.1424293642765657,0.14242936410284004,0.14242936357497613,0.14242936410284004,0.1424293642765657,0.14242936431873904,0.14242936423381125,0.14242936410284004,0.14242936423381125,0.14242936431873904,0.14242936435952158,0.14242936431873904,0.1424293642765657,0.14242936431873904,0.14242936435952158,0.14130960289751515,0.14130960285722693,0.1413096028133567,0.14130960285722693,0.14130960289751515,0.14130960285722693,0.1413096027683378,0.14130960262148418,0.1413096027683378,0.14130960285722693,0.1413096028133567,0.14130960262148418,0.14130960198999934,0.14130960262148418,0.1413096028133567,0.14130960285722693,0.1413096027683378,0.14130960262148418,0.1413096027683378,0.14130960285722693,0.14130960289751515,0.14130960285722693,0.1413096028133567,0.14130960285722693,0.14130960289751515,0.14021174729818847,0.14021174727065955,0.14021174723708543,0.14021174727065955,0.14021174729818847,0.14021174727065955,0.1402117472019276,0.14021174706983652,0.1402117472019276,0.14021174727065955,0.14021174723708543,0.14021174706983652,0.14021174640141218,0.14021174706983652,0.14021174723708543,0.14021174727065955,0.1402117472019276,0.14021174706983652,0.1402117472019276,0.14021174727065955,0.14021174729818847,0.14021174727065955,0.14021174723708543,0.14021174727065955,0.14021174729818847,0.13913530803474167,0.13913530804047683,0.13913530804345664,0.13913530804047683,0.13913530803474167,0.13913530804047683,0.1391353080457472,0.13913530804238336,0.1391353080457472,0.13913530804047683,0.13913530804345664,0.13913530804238336,0.13913530800350854,0.13913530804238336,0.13913530804345664,0.13913530804047683,0.1391353080457472,0.13913530804238336,0.1391353080457472,0.13913530804047683,0.13913530803474167,0.13913530804047683,0.13913530804345664,0.13913530804047683,0.13913530803474167,0.13807980495573025,0.1380798050043886,0.13807980505423192,0.1380798050043886,0.13807980495573025,0.1380798050043886,0.13807980510500084,0.13807980524620111,0.13807980510500084,0.1380798050043886,0.13807980505423192,0.13807980524620111,0.13807980565196987,0.13807980524620111,0.13807980505423192,0.1380798050043886,0.13807980510500084,0.13807980524620111,0.13807980510500084,0.1380798050043886,0.13807980495573025,0.1380798050043886,0.13807980505423192,0.1380798050043886,0.13807980495573025,0.13704476736778454,0.13704476745529484,0.13704476756242362,0.13704476745529484,0.13704476736778454,0.13704476745529484,0.1370447676737569,0.13704476811595995,0.1370447676737569,0.13704476745529484,0.13704476756242362,0.13704476811595995,0.13704477057653153,0.13704476811595995,0.13704476756242362,0.13704476745529484,0.1370447676737569,0.13704476811595995,0.1370447676737569,0.13704476745529484,0.13704476736778454,0.13704476745529484,0.13704476756242362,0.13704476745529484,0.13704476736778454,0.1360297340954523,0.13602973415726627,0.13602973421801084,0.13602973415726627,0.1360297340954523,0.13602973415726627,0.13602973427905185,0.13602973444249253,0.13602973427905185,0.13602973415726627,0.13602973421801084,0.13602973444249253,0.13602973489709866,0.13602973444249253,0.13602973421801084,0.13602973415726627,0.13602973427905185,0.13602973444249253,0.13602973427905185,0.13602973415726627,0.1360297340954523,0.13602973415726627,0.13602973421801084,0.13602973415726627,0.1360297340954523,0.13503425361172933,0.1350342536505925,0.13503425368273406,0.1350342536505925,0.13503425361172933,0.1350342536505925,0.1350342537132775,0.13503425377554634,0.1350342537132775,0.1350342536505925,0.13503425368273406,0.13503425377554634,0.1350342538889545,0.13503425377554634,0.13503425368273406,0.1350342536505925,0.1350342537132775,0.13503425377554634,0.1350342537132775,0.1350342536505925,0.13503425361172933,0.1350342536505925,0.13503425368273406,0.1350342536505925,0.13503425361172933
0.16533248737700743,0.16533248737700743,0.16533248737700743,0.16533248737700743,0.16533248737700743,0.16533248737700743,0.16533248737700743,0.16533248737700743,0.16533248737700743,0.16533248737700743,0.16533248737700743,0.16533248737700743,0.16533248737700743,0.16533248737700743,0.16533248737700743,0.16533248737700743,0.16533248737700743,0.16533248737700743,0.16533248737700743,0.16533248737700743,0.16533248737700743,0.16533248737700743,0.16533248737700743,0.16533248737700743,0.16533248737700743,0.16375749366638484,0.16375749366638484,0.16375749366638484,0.16375749366638484,0.16375749366638484,0.16375749366638484,0.16375749366638484,0.16375749366638484,0.16375749366638484,0.16375749366638484,0.16375749366638484,0.16375749366638484,0.16375749366638484,0.16375749366638484,0.16375749366638484,0.16375749366638484,0.16375749366638484,0.16375749366638484,0.16375749366638484,0.16375749366638484,0.16375749366638484,0.16375749366638484,0.16375749366638484,0.16375749366638484,0.16375749366638484,0.16221388388753974,0.16221388388753974,0.16221388388753974,0.16221388388753974,0.16221388388753974,0.16221388388753974,0.16221388388753974,0.16221388388753974,0.16221388388753974,0.16221388388753974,0.16221388388753974,0.16221388388753974,0.16221388388753974,0.16221388388753974,0.16221388388753974,0.16221388388753974,0.16221388388753974,0.16221388388753974,0.16221388388753974,0.16221388388753974,0.16221388388753974,0.16221388388753974,0.16221388388753974,0.16221388388753974,0.16221388388753996,0.16070106699751338,0.16070106699751316,0.16070106699751316,0.16070106699751316,0.16070106699751338,0.16070106699751316,0.16070106699751316,0.1607010669975129,0.16070106699751316,0.16070106699751316,0.16070106699751316,0.1607010669975129,0.1607010669975129,0.1607010669975129,0.16070106699751316,0.16070106699751316,0.16070106699751316,0.1607010669975129,0.16070106699751316,0.16070106699751316,0.16070106699751338,0.16070106699751316,0.16070106699751316,0.16070106699751316,0.16070106699751338,0.15921845137128446,0.159218451371284,0.15921845137128357,0.159218451371284,0.15921845137128446,0.159218451371284,0.15921845137128357,0.15921845137128315,0.15921845137128357,0.159218451371284,0.15921845137128357,0.15921845137128315,0.1592184513712829,0.15921845137128315,0.15921845137128357,0.159218451371284,0.15921845137128357,0.15921845137128315,0.15921845137128357,0.159218451371284,0.15921845137128446,0.159218451371284,0.15921845137128357,0.159218451371284,0.15921845137128446,0.15776544615362087,0.15776544615361937,0.15776544615361873,0.15776544615361937,0.15776544615362087,0.15776544615361937,0.1577654461536181,0.15776544615361723,0.1577654461536181,0.15776544615361937,0.15776544615361873,0.15776544615361723,0.15776544615361637,0.15776544615361723,0.15776544615361873,0.15776544615361937,0.1577654461536181,0.15776544615361723,0.1577654461536181,0.15776544615361937,0.15776544615362087,0.15776544615361937,0.15776544615361873,0.15776544615361937,0.15776544615362087,0.15634146247340378,0.15634146247339956,0.15634146247339706,0.15634146247339956,0.15634146247340378,0.15634146247339956,0.1563414624733954,0.15634146247339267,0.1563414624733954,0.15634146247339956,0.15634146247339706,0.15634146247339267,0.15634146247338995,0.15634146247339267,0.15634146247339706,0.15634146247339956,0.1563414624733954,0.15634146247339267,0.1563414624733954,0.15634146247339956,0.15634146247340378,0.15634146247339956,0.15634146247339706,0.15634146247339956,0.15634146247340378,0.1549459145306902,0.15494591453067746,0.1549459145306697,0.15494591453067746,0.1549459145306902,0.15494591453067746,0.15494591453066417,0.15494591453065576,0.15494591453066417,0.15494591453067746,0.1549459145306697,0.15494591453065576,0.15494591453064693,0.15494591453065576,0.1549459145306697,0.15494591453067746,0.15494591453066417,0.15494591453065576,0.15494591453066417,0.15494591453067746,0.1549459145306902,0.15494591453067746,0.1549459145306697,0.15494591453067746,0.1549459145306902,0.15357822056622555,0.1535782205661872,0.1535782205661627,0.1535782205661872,0.15357822056622555,0.1535782205661872,0.15357822056614542,0.1535782205661185,0.15357822056614542,0.1535782205661872,0.1535782205661627,0.1535782205661185,0.15357822056609,0.1535782205661185,0.1535782205661627,0.1535782205661872,0.15357822056614542,0.1535782205661185,0.15357822056614542,0.1535782205661872,0.15357822056622555,0.1535782205661872,0.1535782205661627,0.1535782205661872,0.15357822056622555,0.15223780372256987,0.15223780372245435,0.15223780372237977,0.15223780372245435,0.15223780372256987,0.15223780372245435,0.15223780372232404,0.1522378037222378,0.15223780372232404,0.15223780372245435,0.15223780372237977,0.1522378037222378,0.15223780372214213,0.1522378037222378,0.15223780372237977,0.15223780372245435,0.15223780372232404,0.1522378037222378,0.15223780372232404,0.15223780372245435,0.15223780372256987,0.15223780372245435,0.15223780372237977,0.15223780372245435,0.15223780372256987,0.1509240928054753,0.1509240928051346,0.15092409280490848,0.1509240928051346,0.1509240928054753,0.1509240928051346,0.15092409280473004,0.15092409280444857,0.15092409280473004,0.1509240928051346,0.15092409280490848,0.15092409280444857,0.15092409280412367,0.15092409280444857,0.15092409280490848,0.1509240928051346,0.15092409280473004,0.15092409280444857,0.15092409280473004,0.1509240928051346,0.1509240928054753,0.1509240928051346,0.15092409280490848,0.1509240928051346,0.1509240928054753,0.14963652295367583,0.1496365229527017,0.14963652295202853,0.1496365229527017,0.14963652295367583,0.1496365229527017,0.14963652295146224,0.14963652295054913,0.14963652295146224,0.1496365229527017,0.14963652295202853,0.14963652295054913,0.14963652294940594,0.14963652295054913,0.14963652295202853,0.1496365229527017,0.14963652295146224,0.14963652295054913,0.14963652295146224,0.1496365229527017,0.14963652295367583,0.1496365229527017,0.14963652295202853,0.1496365229527017,0.14963652295367583,0.1483745362248611,0.14837453622219737,0.14837453622023752,0.14837453622219737,0.1483745362248611,0.14837453622219737,0.1483745362184969,0.1483745362154645,0.1483745362184969,0.14837453622219737,0.14837453622023752,0.1483745362154645,0.1483745362111269,0.1483745362154645,0.14837453622023752,0.14837453622219737,0.1483745362184969,0.1483745362154645,0.1483745362184969,0.14837453622219737,0.1483745362248611,0.14837453622219737,0.14837453622023752,0.14837453622219737,0.1483745362248611,0.147137582105363,0.147137582098571,0.14713758209308714,0.147137582098571,0.147137582105363,0.147137582098571,0.14713758208796116,0.14713758207771427,0.14713758208796116,0.147137582098571,0.14713758209308714,0.14713758207771427,0.14713758205949823,0.14713758207771427,0.14713758209308714,0.147137582098571,0.14713758208796116,0.14713758207771427,0.14713758208796116,0.147137582098571,0.147137582105363,0.147137582098571,0.14713758209308714,0.147137582098571,0.147137582105363,0.14592511795087312,0.14592511793546095,0.14592511792133478,0.14592511793546095,0.14592511795087312,0.14592511793546095,0.1459251179075026,0.14592511787334098,0.1459251179075026,0.14592511793546095,0.14592511792133478,0.14592511787334098,0.14592511778691344,0.14592511787334098,0.14592511792133478,0.14592511793546095,0.1459251179075026,0.14592511787334098,0.1459251179075026,0.14592511793546095,0.14592511795087312,0.14592511793546095,0.14592511792133478,0.14592511793546095,0.14592511795087312,0.14473660936420998,0.14473660933575433,0.14473660930568916,0.14473660933575433,0.14473660936420998,0.14473660933575433,0.1447366092752819,0.14473660917486897,0.1447366092752819,0.14473660933575433,0.14473660930568916,0.14473660917486897,0.14473660870952887,0.14473660917486897,0.14473660930568916,0.14473660933575433,0.1447366092752819,0.14473660917486897,0.1447366092752819,0.14473660933575433,0.14473660936420998,0.14473660933575433,0.14473660930568916,0.14473660933575433,0.14473660936420998,0.1435715305100697,0.14357153047372054,0.1435715304363801,0.14357153047372054,0.1435715305100697,0.14357153047372054,0.14357153039865553,0.14357153028332525,0.14357153039865553,0.14357153047372054,0.1435715304363801,0.14357153028332525,0.14357152982028124,0.14357153028332525,0.1435715304363801,0.14357153047372054,0.14357153039865553,0.14357153028332525,0.14357153039865553,0.14357153047372054,0.1435715305100697,0.14357153047372054,0.1435715304363801,0.14357153047372054,0.1435715305100697,0.1424293643567347,0.14242936431583242,0.1424293642734898,0.14242936431583242,0.1424293643567347,0.14242936431583242,0.142429364230554,0.14242936409882573,0.142429364230554,0.14242936431583242,0.1424293642734898,0.14242936409882573,0.14242936356699382,0.14242936409882573,0.1424293642734898,0.14242936431583242,0.142429364230554,0.14242936409882573,0.142429364230554,0.14242936431583242,0.1424293643567347,0.14242936431583242,0.1424293642734898,0.14242936431583242,0.1424293643567347,0.14130960289256242,0.1413096028520963,0.14130960280802554,0.1413096028520963,0.14130960289256242,0.1413096028520963,0.14130960276279908,0.14130960261525127,0.14130960276279908,0.1413096028520963,0.14130960280802554,0.14130960261525127,0.14130960198076786,0.14130960261525127,0.14130960280802554,0.1413096028520963,0.14130960276279908,0.14130960261525127,0.14130960276279908,0.1413096028520963,0.14130960289256242,0.1413096028520963,0.14130960280802554,0.1413096028520963,0.14130960289256242,0.14021174729140504,0.140211747263716,0.1402117472299827,0.140211747263716,0.14021174729140504,0.140211747263716,0.1402117471946651,0.1402117470621041,0.1402117471946651,0.140211747263716,0.1402117472299827,0.1402117470621041,0.1402117463918128,0.1402117470621041,0.1402117472299827,0.140211747263716,0.1402117471946651,0.1402117470621041,0.1402117471946651,0.140211747263716,0.14021174729140504,0.140211747263716,0.1402117472299827,0.140211747263716,0.14021174729140504,0.13913530802642896,0.13913530803201993,0.13913530803487464,0.13913530803201993,0.13913530802642896,0.13913530803201993,0.13913530803704394,0.1391353080334129,0.13913530803704394,0.13913530803201993,0.13913530803487464,0.1391353080334129,0.13913530799396887,0.1391353080334129,0.13913530803487464,0.13913530803201993,0.13913530803704394,0.1391353080334129,0.13913530803704394,0.13913530803201993,0.13913530802642896,0.13913530803201993,0.13913530803487464,0.13913530803201993,0.13913530802642896,0.13807980494615893,0.13807980499462674,0.13807980504428757,0.13807980499462674,0.13807980494615893,0.13807980499462674,0.13807980509487447,0.1380798052356037,0.13807980509487447,0.13807980499462674,0.13807980504428757,0.1380798052356037,0.13807980564011232,0.1380798052356037,0.13807980504428757,0.13807980499462674,0.13807980509487447,0.1380798052356037,0.13807980509487447,0.13807980499462674,0.13807980494615893,0.13807980499462674,0.13807980504428757,0.13807980499462674,0.13807980494615893,0.13704476735732418,0.13704476744457098,0.13704476755138836,0.13704476744457098,0.13704476735732418,0.13704476744457098,0.13704476766240054,0.1370447681033607,0.13704476766240054,0.13704476744457098,0.13704476755138836,0.1370447681033607,0.13704477055709594,0.1370447681033607,0.13704476755138836,0.13704476744457098,0.13704476766240054,0.1370447681033607,0.13704476766240054,0.13704476744457098,0.13704476735732418,0.13704476744457098,0.13704476755138836,0.13704476744457098,0.13704476735732418,0.1360297340846263,0.1360297341462615,0.1360297342068328,0.1360297341462615,0.1360297340846263,0.1360297341462615,0.13602973426770082,0.1360297344306833,0.13602973426770082,0.1360297341462615,0.1360297342068328,0.1360297344306833,0.13602973488402678,0.1360297344306833,0.1360297342068328,0.1360297341462615,0.13602973426770082,0.1360297344306833,0.13602973426770082,0.1360297341462615,0.1360297340846263,0.1360297341462615,0.1360297342068328,0.1360297341462615,0.1360297340846263,0.13503425360089244,0.1350342536396446,0.13503425367169505,0.1350342536396446,0.13503425360089244,0.1350342536396446,0.13503425370215238,0.13503425376424644,0.13503425370215238,0.1350342536396446,0.13503425367169505,0.13503425376424644,0.13503425387733858,0.13503425376424644,0.13503425367169505,0.1350342536396446,0.13503425370215238,0.13503425376424644,0.13503425370215238,0.1350342536396446,0.13503425360089244,0.1350342536396446,0.13503425367169505,0.1350342536396446,0.13503425360089244
0.16533248738209108,0.16533248738209108,0.16533248738209108,0.16533248738209108,0.16533248738209108,0.16533248738209108,0.16533248738209108,0.16533248738209108,0.16533248738209108,0.16533248738209108,0.16533248738209108,0.16533248738209108,0.16533248738209108,0.16533248738209108,0.16533248738209108,0.16533248738209108,0.16533248738209108,0.16533248738209108,0.16533248738209108,0.16533248738209108,0.16533248738209108,0.16533248738209108,0.16533248738209108,0.16533248738209108,0.16533248738209108,0.16375749367136844,0.16375749367136844,0.16375749367136844,0.16375749367136844,0.16375749367136844,0.16375749367136844,0.16375749367136844,0.16375749367136844,0.16375749367136844,0.16375749367136844,0.16375749367136844,0.16375749367136844,0.16375749367136844,0.16375749367136844,0.16375749367136844,0.16375749367136844,0.16375749367136844,0.16375749367136844,0.16375749367136844,0.16375749367136844,0.16375749367136844,0.16375749367136844,0.16375749367136844,0.16375749367136844,0.16375749367136844,0.16221388389242622,0.16221388389242622,0.16221388389242622,0.16221388389242622,0.16221388389242622,0.16221388389242622,0.16221388389242622,0.16221388389242622,0.16221388389242622,0.16221388389242622,0.16221388389242622,0.16221388389242622,0.16221388389242597,0.16221388389242622,0.16221388389242622,0.16221388389242622,0.16221388389242622,0.16221388389242622,0.16221388389242622,0.16221388389242622,0.16221388389242622,0.16221388389242622,0.16221388389242622,0.16221388389242622,0.16221388389242622,0.16070106700230544,0.1607010670023052,0.1607010670023052,0.1607010670023052,0.16070106700230544,0.1607010670023052,0.1607010670023052,0.160701067002305,0.1607010670023052,0.1607010670023052,0.1607010670023052,0.160701067002305,0.160701067002305,0.160701067002305,0.1607010670023052,0.1607010670023052,0.1607010670023052,0.160701067002305,0.1607010670023052,0.1607010670023052,0.16070106700230544,0.1607010670023052,0.1607010670023052,0.1607010670023052,0.16070106700230544,0.15921845137598495,0.15921845137598453,0.1592184513759843,0.15921845137598453,0.15921845137598495,0.15921845137598453,0.1592184513759841,0.15921845137598384,0.1592184513759841,0.15921845137598453,0.1592184513759843,0.15921845137598384,0.15921845137598342,0.15921845137598384,0.1592184513759843,0.15921845137598453,0.1592184513759841,0.15921845137598384,0.1592184513759841,0.15921845137598453,0.15921845137598495,0.15921845137598453,0.1592184513759843,0.15921845137598453,0.15921845137598495,0.1577654461582326,0.15776544615823132,0.15776544615823068,0.15776544615823132,0.1577654461582326,0.15776544615823132,0.15776544615823004,0.15776544615822918,0.15776544615823004,0.15776544615823132,0.15776544615823068,0.15776544615822918,0.15776544615822835,0.15776544615822918,0.15776544615823068,0.15776544615823132,0.15776544615823004,0.15776544615822918,0.15776544615823004,0.15776544615823132,0.1577654461582326,0.15776544615823132,0.15776544615823068,0.15776544615823132,0.1577654461582326,0.15634146247792988,0.15634146247792588,0.15634146247792338,0.15634146247792588,0.15634146247792988,0.15634146247792588,0.15634146247792172,0.15634146247791922,0.15634146247792172,0.15634146247792588,0.15634146247792338,0.15634146247791922,0.15634146247791647,0.15634146247791922,0.15634146247792338,0.15634146247792588,0.15634146247792172,0.15634146247791922,0.15634146247792172,0.15634146247792588,0.15634146247792988,0.15634146247792588,0.15634146247792338,0.15634146247792588,0.15634146247792988,0.1549459145351331,0.15494591453512083,0.15494591453511303,0.15494591453512083,0.1549459145351331,0.15494591453512083,0.1549459145351077,0.1549459145350995,0.1549459145351077,0.15494591453512083,0.15494591453511303,0.1549459145350995,0.1549459145350911,0.1549459145350995,0.15494591453511303,0.15494591453512083,0.1549459145351077,0.1549459145350995,0.1549459145351077,0.15494591453512083,0.1549459145351331,0.15494591453512083,0.15494591453511303,0.15494591453512083,0.1549459145351331,0.15357822057058726,0.1535782205705499,0.15357822057052622,0.1535782205705499,0.15357822057058726,0.1535782205705499,0.15357822057050935,0.15357822057048323,0.15357822057050935,0.1535782205705499,0.15357822057052622,0.15357822057048323,0.15357822057045553,0.15357822057048323,0.15357822057052622,0.1535782205705499,0.15357822057050935,0.15357822057048323,0.15357822057050935,0.1535782205705499,0.15357822057058726,0.1535782205705499,0.15357822057052622,0.1535782205705499,0.15357822057058726,0.15223780372685114,0.15223780372673856,0.15223780372666593,0.15223780372673856,0.15223780372685114,0.15223780372673856,0.15223780372661178,0.15223780372652793,0.15223780372661178,0.15223780372673856,0.15223780372666593,0.15223780372652793,0.15223780372643506,0.15223780372652793,0.15223780372666593,0.15223780372673856,0.15223780372661178,0.15223780372652793,0.15223780372661178,0.15223780372673856,0.15223780372685114,0.15223780372673856,0.15223780372666593,0.15223780372673856,0.15223780372685114,0.15092409280967226,0.15092409280934044,0.1509240928091203,0.15092409280934044,0.15092409280967226,0.15092409280934044,0.1509240928089467,0.15092409280867314,0.1509240928089467,0.15092409280934044,0.1509240928091203,0.15092409280867314,0.15092409280835734,0.15092409280867314,0.1509240928091203,0.15092409280934044,0.1509240928089467,0.15092409280867314,0.1509240928089467,0.15092409280934044,0.15092409280967226,0.15092409280934044,0.1509240928091203,0.15092409280934044,0.15092409280967226,0.14963652295777272,0.14963652295682314,0.14963652295616758,0.14963652295682314,0.14963652295777272,0.14963652295682314,0.1496365229556168,0.14963652295472865,0.1496365229556168,0.14963652295682314,0.14963652295616758,0.14963652295472865,0.14963652295361815,0.14963652295472865,0.14963652295616758,0.14963652295682314,0.1496365229556168,0.14963652295472865,0.1496365229556168,0.14963652295682314,0.14963652295777272,0.14963652295682314,0.14963652295616758,0.14963652295682314,0.14963652295777272,0.14837453622880864,0.14837453622621014,0.1483745362243005,0.14837453622621014,0.14837453622880864,0.14837453622621014,0.1483745362226062,0.14837453621965815,0.1483745362226062,0.14837453622621014,0.1483745362243005,0.14837453621965815,0.14837453621544933,0.148374536219658,0.1483745362243005,0.14837453622621014,0.1483745362226062,0.148374536219658,0.1483745362226062,0.14837453622621014,0.14837453622880864,0.14837453622621014,0.1483745362243005,0.14837453622621014,0.14837453622880864,0.14713758210902686,0.14713758210239217,0.14713758209704528,0.1471375821023924,0.14713758210902686,0.14713758210239217,0.1471375820920519,0.1471375820820927,0.1471375820920519,0.1471375821023924,0.14713758209704528,0.1471375820820927,0.1471375820644402,0.1471375820820927,0.14713758209704528,0.1471375821023924,0.1471375820920519,0.1471375820820927,0.1471375820920519,0.1471375821023924,0.14713758210902686,0.1471375821023924,0.14713758209704528,0.1471375821023924,0.14713758210902686,0.14592511795392657,0.14592511793883314,0.14592511792503726,0.14592511793883314,0.14592511795392657,0.14592511793883314,0.14592511791154233,0.14592511787833337,0.14592511791154233,0.14592511793883314,0.14592511792503726,0.14592511787833337,0.14592511779469736,0.14592511787833337,0.14592511792503726,0.14592511793883314,0.14592511791154233,0.14592511787833337,0.14592511791154233,0.14592511793883314,0.14592511795392657,0.14592511793883314,0.14592511792503726,0.14592511793883314,0.14592511795392657,0.14473660936598742,0.14473660933797147,0.14473660930848475,0.14473660933797147,0.14473660936598742,0.14473660933797147,0.1447366092786846,0.14473660918088288,0.1447366092786846,0.14473660933797147,0.14473660930848475,0.14473660918088288,0.14473660873109745,0.14473660918088288,0.14473660930848475,0.14473660933797147,0.1447366092786846,0.14473660918088288,0.1447366092786846,0.14473660933797147,0.14473660936598742,0.14473660933797147,0.14473660930848475,0.14473660933797147,0.14473660936598742,0.14357153050964552,0.14357153047339952,0.14357153043612667,0.14357153047339952,0.14357153050964552,0.14357153047339952,0.1435715303984661,0.14357153028303693,0.1435715303984661,0.14357153047339952,0.14357153043612667,0.14357153028303693,0.14357152981732665,0.14357153028303693,0.14357153043612667,0.14357153047339952,0.1435715303984661,0.14357153028303693,0.1435715303984661,0.14357153047339952,0.14357153050964552,0.14357153047339952,0.14357153043612667,0.14357153047339952,0.14357153050964552,0.14242936435386547,0.14242936431283937,0.14242936427032246,0.14242936431283937,0.14242936435386547,0.14242936431283937,0.14242936422719996,0.1424293640946923,0.14242936422719996,0.14242936431283937,0.14242936427032246,0.1424293640946923,0.14242936355878774,0.1424293640946923,0.14242936427032246,0.14242936431283937,0.14242936422719996,0.1424293640946923,0.14242936422719996,0.14242936431283937,0.14242936435386547,0.14242936431283937,0.14242936427032246,0.14242936431283937,0.14242936435386547,0.14130960288746894,0.1413096028468189,0.14130960280254126,0.1413096028468189,0.14130960288746894,0.1413096028468189,0.14130960275710067,0.1413096026088356,0.14130960275710067,0.1413096028468189,0.14130960280254126,0.1413096026088356,0.14130960197122278,0.1413096026088356,0.14130960280254126,0.1413096028468189,0.14130960275710067,0.1413096026088356,0.14130960275710067,0.1413096028468189,0.14130960288746894,0.1413096028468189,0.14130960280254126,0.1413096028468189,0.14130960288746894,0.14021174728443378,0.14021174725657942,0.14021174722268118,0.14021174725657942,0.14021174728443378,0.14021174725657942,0.14021174718719828,0.1402117470541495,0.14021174718719828,0.14021174725657942,0.14021174722268118,0.1402117470541495,0.14021174638193867,0.1402117470541495,0.14021174722268118,0.14021174725657942,0.14021174718719828,0.1402117470541495,0.14021174718719828,0.14021174725657942,0.14021174728443378,0.14021174725657942,0.14021174722268118,0.14021174725657942,0.14021174728443378,0.1391353080178915,0.13913530802333435,0.1391353080260602,0.13913530802333435,0.1391353080178915,0.13913530802333435,0.13913530802810462,0.13913530802419796,0.13913530802810462,0.13913530802333435,0.1391353080260602,0.13913530802419796,0.1391353079841661,0.13913530802419796,0.1391353080260602,0.13913530802333435,0.13913530802810462,0.13913530802419796,0.13913530802810462,0.13913530802333435,0.1391353080178915,0.13913530802333435,0.1391353080260602,0.13913530802333435,0.1391353080178915,0.13807980493633457,0.138079804984607,0.13807980503408088,0.138079804984607,0.13807980493633457,0.138079804984607,0.13807980508448162,0.13807980522472862,0.13807980508448162,0.138079804984607,0.13807980503408088,0.13807980522472862,0.1380798056279484,0.13807980522472862,0.13807980503408088,0.138079804984607,0.13807980508448162,0.13807980522472862,0.13807980508448162,0.138079804984607,0.13807980493633457,0.138079804984607,0.13807980503408088,0.138079804984607,0.13807980493633457,0.1370447673465912,0.1370447674335686,0.1370447675400676,0.1370447674335686,0.1370447673465912,0.1370447674335686,0.1370447676507517,0.1370447680904414,0.1370447676507517,0.1370447674335686,0.1370447675400676,0.1370447680904414,0.13704477053721684,0.1370447680904414,0.1370447675400676,0.1370447674335686,0.1370447676507517,0.1370447680904414,0.1370447676507517,0.1370447674335686,0.1370447673465912,0.1370447674335686,0.1370447675400676,0.1370447674335686,0.1370447673465912,0.1360297340735201,0.13602973413497246,0.13602973419536682,0.13602973413497246,0.1360297340735201,0.13602973413497246,0.13602973425605802,0.13602973441857213,0.13602973425605802,0.13602973413497246,0.13602973419536682,0.13602973441857213,0.13602973487062525,0.13602973441857213,0.13602973419536682,0.13602973413497246,0.13602973425605802,0.13602973441857213,0.13602973425605802,0.13602973413497246,0.1360297340735201,0.13602973413497246,0.13602973419536682,0.13602973413497246,0.1360297340735201,0.1350342535897758,0.13503425362841448,0.13503425366037192,0.13503425362841448,0.1350342535897758,0.13503425362841448,0.13503425369074107,0.13503425375265657,0.13503425369074107,0.13503425362841448,0.13503425366037192,0.13503425375265657,0.13503425386542567,0.13503425375265657,0.13503425366037192,0.13503425362841448,0.13503425369074107,0.13503425375265657,0.13503425369074107,0.13503425362841448,0.1350342535897758,0.13503425362841448,0.13503425366037192,0.13503425362841448,0.1350342535897758
0.16533248738730685,0.16533248738730685,0.16533248738730685,0.16533248738730685,0.16533248738730685,0.16533248738730685,0.16533248738730685,0.16533248738730685,0.16533248738730685,0.16533248738730685,0.16533248738730685,0.16533248738730685,0.16533248738730685,0.16533248738730685,0.16533248738730685,0.16533248738730685,0.16533248738730685,0.16533248738730685,0.16533248738730685,0.16533248738730685,0.16533248738730685,0.16533248738730685,0.16533248738730685,0.16533248738730685,0.16533248738730685,0.16375749367648174,0.16375749367648174,0.16375749367648174,0.16375749367648174,0.16375749367648174,0.16375749367648174,0.16375749367648174,0.16375749367648174,0.16375749367648174,0.16375749367648174,0.16375749367648174,0.16375749367648174,0.16375749367648174,0.16375749367648174,0.16375749367648174,0.16375749367648174,0.16375749367648174,0.16375749367648174,0.16375749367648174,0.16375749367648174,0.16375749367648174,0.16375749367648174,0.16375749367648174,0.16375749367648174,0.16375749367648174,0.16221388389743963,0.16221388389743963,0.16221388389743963,0.16221388389743963,0.16221388389743963,0.16221388389743963,0.16221388389743963,0.16221388389743963,0.16221388389743963,0.16221388389743963,0.16221388389743963,0.16221388389743963,0.16221388389743963,0.16221388389743963,0.16221388389743963,0.16221388389743963,0.16221388389743963,0.16221388389743963,0.16221388389743963,0.16221388389743963,0.16221388389743963,0.16221388389743963,0.16221388389743963,0.16221388389743963,0.16221388389743963,0.16070106700722192,0.1607010670072217,0.1607010670072217,0.1607010670072217,0.16070106700722192,0.1607010670072217,0.1607010670072217,0.1607010670072217,0.1607010670072217,0.1607010670072217,0.1607010670072217,0.1607010670072217,0.16070106700722145,0.1607010670072217,0.1607010670072217,0.1607010670072217,0.1607010670072217,0.1607010670072217,0.1607010670072217,0.1607010670072217,0.16070106700722192,0.1607010670072217,0.1607010670072217,0.1607010670072217,0.16070106700722192,0.15921845138080737,0.15921845138080692,0.15921845138080673,0.15921845138080692,0.15921845138080737,0.15921845138080692,0.15921845138080654,0.1592184513808063,0.15921845138080654,0.15921845138080692,0.15921845138080673,0.1592184513808063,0.15921845138080606,0.1592184513808063,0.15921845138080673,0.15921845138080692,0.15921845138080654,0.1592184513808063,0.15921845138080654,0.15921845138080692,0.15921845138080737,0.15921845138080692,0.15921845138080673,0.15921845138080692,0.15921845138080737,0.15776544616296403,0.15776544616296276,0.15776544616296212,0.15776544616296276,0.15776544616296403,0.15776544616296276,0.15776544616296145,0.15776544616296062,0.15776544616296145,0.15776544616296276,0.15776544616296212,0.15776544616296062,0.15776544616295995,0.15776544616296062,0.15776544616296212,0.15776544616296276,0.15776544616296145,0.15776544616296062,0.15776544616296145,0.15776544616296276,0.15776544616296403,0.15776544616296276,0.15776544616296212,0.15776544616296276,0.15776544616296403,0.15634146248257286,0.1563414624825691,0.15634146248256658,0.1563414624825691,0.15634146248257286,0.1563414624825691,0.15634146248256495,0.15634146248256242,0.15634146248256495,0.1563414624825691,0.15634146248256658,0.15634146248256242,0.15634146248255992,0.15634146248256242,0.15634146248256658,0.1563414624825691,0.15634146248256495,0.15634146248256242,0.15634146248256495,0.1563414624825691,0.15634146248257286,0.1563414624825691,0.15634146248256658,0.1563414624825691,0.15634146248257286,0.1549459145396904,0.1549459145396785,0.15494591453967113,0.1549459145396785,0.1549459145396904,0.1549459145396785,0.15494591453966602,0.15494591453965803,0.15494591453966602,0.1549459145396785,0.15494591453967113,0.15494591453965803,0.15494591453964962,0.15494591453965803,0.15494591453967113,0.1549459145396785,0.15494591453966602,0.15494591453965803,0.15494591453966602,0.1549459145396785,0.1549459145396904,0.1549459145396785,0.15494591453967113,0.1549459145396785,0.1549459145396904,0.15357822057506126,0.1535782205750249,0.1535782205750018,0.1535782205750249,0.15357822057506126,0.1535782205750249,0.15357822057498535,0.15357822057496004,0.15357822057498535,0.1535782205750249,0.1535782205750018,0.15357822057496004,0.15357822057493312,0.15357822057496004,0.1535782205750018,0.1535782205750249,0.15357822057498535,0.15357822057496004,0.15357822057498535,0.1535782205750249,0.15357822057506126,0.1535782205750249,0.1535782205750018,0.1535782205750249,0.15357822057506126,0.15223780373124204,0.1522378037311326,0.15223780373106213,0.1522378037311326,0.15223780373124204,0.1522378037311326,0.15223780373100937,0.1522378037309281,0.15223780373100937,0.1522378037311326,0.15223780373106213,0.1522378037309281,0.15223780373083814,0.1522378037309281,0.15223780373106213,0.1522378037311326,0.15223780373100937,0.1522378037309281,0.15223780373100937,0.1522378037311326,0.15223780373124204,0.1522378037311326,0.15223780373106213,0.1522378037311326,0.15223780373124204,0.1509240928139765,0.15092409281365377,0.1509240928134396,0.15092409281365377,0.1509240928139765,0.15092409281365377,0.150924092813271,0.15092409281300553,0.150924092813271,0.15092409281365377,0.1509240928134396,0.15092409281300553,0.150924092812699,0.15092409281300553,0.1509240928134396,0.15092409281365377,0.150924092813271,0.15092409281300553,0.150924092813271,0.15092409281365377,0.1509240928139765,0.15092409281365377,0.1509240928134396,0.15092409281365377,0.1509240928139765,0.14963652296197377,0.14963652296104954,0.14963652296041197,0.14963652296104954,0.14963652296197377,0.14963652296104954,0.14963652295987684,0.14963652295901442,0.14963652295987684,0.14963652296104954,0.14963652296041197,0.14963652295901442,0.1496365229579374,0.14963652295901442,0.14963652296041197,0.14963652296104954,0.14963652295987684,0.14963652295901442,0.14963652295987684,0.14963652296104954,0.14963652296197377,0.14963652296104954,0.14963652296041197,0.14963652296104954,0.14963652296197377,0.14837453623285587,0.1483745362303243,0.14837453622846636,0.1483745362303243,0.14837453623285587,0.1483745362303243,0.14837453622681948,0.14837453622395802,0.14837453622681948,0.1483745362303243,0.14837453622846636,0.14837453622395802,0.14837453621988111,0.14837453622395802,0.14837453622846636,0.1483745362303243,0.14837453622681948,0.14837453622395802,0.14837453622681948,0.1483745362303243,0.14837453623285587,0.1483745362303243,0.14837453622846636,0.1483745362303243,0.14837453623285587,0.1471375821127826,0.14713758210630962,0.14713758210110295,0.14713758210630962,0.1471375821127826,0.14713758210630962,0.147137582096246,0.14713758208658184,0.147137582096246,0.14713758210630962,0.14713758210110295,0.14713758208658184,0.1471375820695077,0.14713758208658184,0.14713758210110295,0.14713758210630962,0.147137582096246,0.14713758208658184,0.147137582096246,0.14713758210630962,0.1471375821127826,0.14713758210630962,0.14713758210110295,0.14713758210630962,0.1471375821127826,0.1459251179570557,0.14592511794228938,0.14592511792883253,0.14592511794228938,0.1459251179570557,0.14592511794228938,0.1459251179156834,0.14592511788345217,0.1459251179156834,0.14592511794228938,0.14592511792883253,0.14592511788345217,0.14592511780268086,0.14592511788345217,0.14592511792883253,0.14592511794228938,0.1459251179156834,0.14592511788345217,0.1459251179156834,0.14592511794228938,0.1459251179570557,0.14592511794228938,0.14592511792883253,0.14592511794228938,0.1459251179570557,0.14473660936780658,0.14473660934024185,0.14473660931134863,0.14473660934024185,0.14473660936780658,0.14473660934024185,0.14473660928217139,0.14473660918704956,0.14473660928217139,0.14473660934024185,0.14473660931134863,0.14473660918704956,0.1447366087532353,0.1447366091870494,0.14473660931134863,0.14473660934024185,0.14473660928217139,0.1447366091870494,0.14473660928217139,0.14473660934024185,0.14473660936780658,0.14473660934024185,0.14473660931134863,0.14473660934024185,0.14473660936780658,0.1435715305092047,0.14357153047306448,0.14357153043586127,0.14357153047306448,0.1435715305092047,0.14357153047306448,0.1435715303982659,0.14357153028273592,0.1435715303982659,0.14357153047306448,0.14357153043586127,0.14357153028273592,0.14357152981428598,0.14357153028273592,0.14357153043586127,0.14357153047306448,0.1435715303982659,0.14357153028273592,0.1435715303982659,0.14357153047306448,0.1435715305092047,0.14357153047306448,0.14357153043586127,0.14357153047306448,0.1435715305092047,0.14242936435091522,0.1424293643097618,0.14242936426706557,0.1424293643097618,0.14242936435091522,0.1424293643097618,0.142429364223751,0.142429364090442,0.142429364223751,0.1424293643097618,0.14242936426706557,0.142429364090442,0.1424293635503666,0.142429364090442,0.14242936426706557,0.1424293643097618,0.142429364223751,0.142429364090442,0.142429364223751,0.1424293643097618,0.14242936435091522,0.1424293643097618,0.14242936426706557,0.1424293643097618,0.14242936435091522,0.14130960288223712,0.14130960284139762,0.1413096027969065,0.14130960284139762,0.14130960288223712,0.14130960284139762,0.14130960275124488,0.14130960260224038,0.14130960275124488,0.14130960284139762,0.1413096027969065,0.14130960260224038,0.14130960196141223,0.14130960260224038,0.1413096027969065,0.14130960284139762,0.14130960275124488,0.14130960260224038,0.14130960275124488,0.14130960284139762,0.14130960288223712,0.14130960284139762,0.1413096027969065,0.14130960284139762,0.14130960288223712,0.14021174727727787,0.1402117472492526,0.14021174721518423,0.1402117472492526,0.14021174727727787,0.1402117472492526,0.14021174717953022,0.14021174704597672,0.14021174717953022,0.1402117472492526,0.14021174721518423,0.14021174704597672,0.1402117463717931,0.14021174704597672,0.14021174721518423,0.1402117472492526,0.14021174717953022,0.14021174704597672,0.14021174717953022,0.1402117472492526,0.14021174727727787,0.1402117472492526,0.14021174721518423,0.1402117472492526,0.14021174727727787,0.13913530800913324,0.13913530801442364,0.139135308017017,0.13913530801442364,0.13913530800913324,0.13913530801442364,0.13913530801893284,0.13913530801474241,0.13913530801893284,0.13913530801442364,0.139135308017017,0.13913530801474241,0.139135307974104,0.13913530801474241,0.139135308017017,0.13913530801442364,0.13913530801893284,0.13913530801474241,0.13913530801893284,0.13913530801442364,0.13913530800913324,0.13913530801442364,0.139135308017017,0.13913530801442364,0.13913530800913324,0.13807980492626093,0.13807980497433353,0.13807980502361622,0.13807980497433353,0.13807980492626093,0.13807980497433353,0.13807980507382622,0.13807980521358038,0.13807980507382622,0.13807980497433353,0.13807980502361622,0.13807980521358038,0.1380798056154826,0.13807980521358038,0.13807980502361622,0.13807980497433353,0.13807980507382622,0.13807980521358038,0.13807980507382622,0.13807980497433353,0.13807980492626093,0.13807980497433353,0.13807980502361622,0.13807980497433353,0.13807980492626093,0.13704476733558973,0.13704476742229194,0.1370447675284656,0.13704476742229194,0.13704476733558973,0.13704476742229194,0.13704476763881457,0.13704476807720692,0.13704476763881457,0.13704476742229194,0.1370447675284656,0.13704476807720692,0.1370447705168935,0.13704476807720692,0.1370447675284656,0.13704476742229194,0.13704476763881457,0.13704476807720692,0.13704476763881457,0.13704476742229194,0.13704476733558973,0.13704476742229194,0.1370447675284656,0.13704476742229194,0.13704476733558973,0.13602973406213806,0.13602973412340377,0.13602973418361708,0.13602973412340377,0.13602973406213806,0.13602973412340377,0.13602973424412787,0.13602973440616364,0.13602973424412787,0.13602973412340377,0.13602973418361708,0.13602973440616364,0.13602973485689915,0.13602973440616364,0.13602973418361708,0.13602973412340377,0.13602973424412787,0.13602973440616364,0.13602973424412787,0.13602973412340377,0.13602973406213806,0.13602973412340377,0.13602973418361708,0.13602973412340377,0.13602973406213806,0.13503425357838364,0.1350342536169065,0.1350342536487689,0.1350342536169065,0.13503425357838364,0.1350342536169065,0.1350342536790481,0.13503425374078126,0.1350342536790481,0.1350342536169065,0.1350342536487689,0.13503425374078126,0.13503425385322057,0.13503425374078126,0.1350342536487689,0.1350342536169065,0.1350342536790481,0.13503425374078126,0.1350342536790481,0.1350342536169065,0.13503425357838364,0.1350342536169065,0.1350342536487689,0.1350342536169065,0.13503425357838364
0.16533248739265105,0.16533248739265105,0.16533248739265105,0.16533248739265105,0.16533248739265105,0.16533248739265105,0.16533248739265105,0.16533248739265105,0.16533248739265105,0.16533248739265105,0.16533248739265105,0.16533248739265105,0.16533248739265105,0.16533248739265105,0.16533248739265105,0.16533248739265105,0.16533248739265105,0.16533248739265105,0.16533248739265105,0.16533248739265105,0.16533248739265105,0.16533248739265105,0.16533248739265105,0.16533248739265105,0.16533248739265105,0.16375749368172066,0.16375749368172066,0.16375749368172066,0.16375749368172066,0.16375749368172066,0.16375749368172066,0.16375749368172066,0.16375749368172066,0.16375749368172066,0.16375749368172066,0.16375749368172066,0.16375749368172066,0.16375749368172066,0.16375749368172066,0.16375749368172066,0.16375749368172066,0.16375749368172066,0.16375749368172066,0.16375749368172066,0.16375749368172066,0.16375749368172066,0.16375749368172066,0.16375749368172066,0.16375749368172066,0.16375749368172066,0.16221388390257613,0.16221388390257613,0.16221388390257613,0.16221388390257613,0.16221388390257613,0.16221388390257613,0.16221388390257613,0.16221388390257613,0.16221388390257613,0.16221388390257613,0.16221388390257613,0.16221388390257613,0.16221388390257613,0.16221388390257613,0.16221388390257613,0.16221388390257613,0.16221388390257613,0.16221388390257613,0.16221388390257613,0.16221388390257613,0.16221388390257613,0.16221388390257613,0.16221388390257613,0.16221388390257613,0.16221388390257613,0.160701067012259,0.16070106701225878,0.16070106701225878,0.16070106701225878,0.160701067012259,0.16070106701225878,0.16070106701225878,0.16070106701225856,0.16070106701225878,0.16070106701225878,0.16070106701225878,0.16070106701225856,0.16070106701225856,0.16070106701225856,0.16070106701225878,0.16070106701225878,0.16070106701225878,0.16070106701225856,0.16070106701225878,0.16070106701225878,0.160701067012259,0.16070106701225878,0.16070106701225878,0.16070106701225878,0.160701067012259,0.1592184513857478,0.15921845138574736,0.15921845138574714,0.15921845138574736,0.1592184513857478,0.15921845138574736,0.15921845138574695,0.15921845138574672,0.15921845138574695,0.15921845138574736,0.15921845138574714,0.15921845138574672,0.1592184513857465,0.15921845138574672,0.15921845138574714,0.15921845138574736,0.15921845138574695,0.15921845138574672,0.15921845138574695,0.15921845138574736,0.1592184513857478,0.15921845138574736,0.15921845138574714,0.15921845138574736,0.1592184513857478,0.1577654461678107,0.15776544616780963,0.1577654461678088,0.15776544616780963,0.1577654461678107,0.15776544616780963,0.15776544616780835,0.1577654461678075,0.15776544616780835,0.15776544616780963,0.1577654461678088,0.1577654461678075,0.15776544616780686,0.1577654461678075,0.1577654461678088,0.15776544616780963,0.15776544616780835,0.1577654461678075,0.15776544616780835,0.15776544616780963,0.1577654461678107,0.15776544616780963,0.1577654461678088,0.15776544616780963,0.1577654461678107,0.1563414624873288,0.15634146248732503,0.15634146248732272,0.15634146248732503,0.1563414624873288,0.15634146248732503,0.15634146248732106,0.15634146248731876,0.15634146248732106,0.15634146248732503,0.15634146248732272,0.15634146248731876,0.15634146248731623,0.15634146248731876,0.15634146248732272,0.15634146248732503,0.15634146248732106,0.15634146248731876,0.15634146248732106,0.15634146248732503,0.1563414624873288,0.15634146248732503,0.15634146248732272,0.15634146248732503,0.1563414624873288,0.15494591454435813,0.15494591454434664,0.15494591454433945,0.15494591454434664,0.15494591454435813,0.15494591454434664,0.15494591454433435,0.15494591454432677,0.15494591454433435,0.15494591454434664,0.15494591454433945,0.15494591454432677,0.15494591454431855,0.15494591454432677,0.15494591454433945,0.15494591454434664,0.15494591454433435,0.15494591454432677,0.15494591454433435,0.15494591454434664,0.15494591454435813,0.15494591454434664,0.15494591454433945,0.15494591454434664,0.15494591454435813,0.15357822057964288,0.15357822057960754,0.15357822057958526,0.15357822057960754,0.15357822057964288,0.15357822057960754,0.15357822057956938,0.15357822057954487,0.15357822057956938,0.15357822057960754,0.15357822057958526,0.15357822057954487,0.15357822057951875,0.15357822057954487,0.15357822057958526,0.15357822057960754,0.15357822057956938,0.15357822057954487,0.15357822057956938,0.15357822057960754,0.15357822057964288,0.15357822057960754,0.15357822057958526,0.15357822057960754,0.15357822057964288,0.15223780373573825,0.15223780373563195,0.15223780373556345,0.15223780373563195,0.15223780373573825,0.15223780373563195,0.1522378037355125,0.15223780373543375,0.1522378037355125,0.15223780373563195,0.15223780373556345,0.15223780373543375,0.1522378037353467,0.15223780373543375,0.15223780373556345,0.15223780373563195,0.1522378037355125,0.15223780373543375,0.1522378037355125,0.15223780373563195,0.15223780373573825,0.15223780373563195,0.15223780373556345,0.15223780373563195,0.15223780373573825,0.15092409281838298,0.15092409281806948,0.1509240928178617,0.15092409281806948,0.15092409281838298,0.15092409281806948,0.1509240928176983,0.15092409281744096,0.1509240928176983,0.15092409281806948,0.1509240928178617,0.15092409281744096,0.15092409281714386,0.15092409281744096,0.1509240928178617,0.15092409281806948,0.1509240928176983,0.15092409281744096,0.1509240928176983,0.15092409281806948,0.15092409281838298,0.15092409281806948,0.1509240928178617,0.15092409281806948,0.15092409281838298,0.14963652296627392,0.14963652296537558,0.14963652296475652,0.14963652296537558,0.14963652296627392,0.14963652296537558,0.14963652296423768,0.14963652296340135,0.14963652296423768,0.14963652296537558,0.14963652296475652,0.14963652296340135,0.14963652296235874,0.14963652296340135,0.14963652296475652,0.14963652296537558,0.14963652296423768,0.14963652296340135,0.14963652296423768,0.14963652296537558,0.14963652296627392,0.14963652296537558,0.14963652296475652,0.14963652296537558,0.14963652296627392,0.148374536236998,0.14837453623453514,0.14837453623272986,0.14837453623453514,0.148374536236998,0.14837453623453514,0.14837453623113175,0.14837453622835847,0.14837453623113175,0.14837453623453514,0.14837453623272986,0.14837453622835847,0.14837453622441688,0.14837453622835847,0.14837453623272986,0.14837453623453514,0.14837453623113175,0.14837453622835847,0.14837453623113175,0.14837453623453514,0.148374536236998,0.14837453623453514,0.14837453623272986,0.14837453623453514,0.148374536236998,0.14713758211662575,0.14713758211031805,0.1471375821052549,0.14713758211031805,0.14713758211662575,0.14713758211031805,0.1471375821005373,0.14713758209117506,0.1471375821005373,0.14713758211031805,0.1471375821052549,0.14713758209117506,0.14713758207469257,0.14713758209117506,0.1471375821052549,0.14713758211031805,0.1471375821005373,0.14713758209117506,0.1471375821005373,0.14713758211031805,0.14713758211662575,0.14713758211031805,0.1471375821052549,0.14713758211031805,0.14713758211662575,0.14592511796025656,0.14592511794582502,0.14592511793271504,0.14592511794582502,0.14592511796025656,0.14592511794582502,0.14592511791992005,0.14592511788868884,0.14592511791992005,0.14592511794582502,0.14592511793271504,0.14592511788868884,0.14592511781084758,0.14592511788868884,0.14592511793271504,0.14592511794582502,0.14592511791992005,0.14592511788868884,0.14592511791992005,0.14592511794582502,0.14592511796025656,0.14592511794582502,0.14592511793271504,0.14592511794582502,0.14592511796025656,0.14473660936966606,0.14473660934256352,0.14473660931427793,0.14473660934256352,0.14473660936966606,0.14473660934256352,0.14473660928573812,0.14473660919335815,0.14473660928573812,0.14473660934256352,0.14473660931427793,0.14473660919335815,0.14473660877573474,0.14473660919335815,0.14473660931427793,0.14473660934256352,0.14473660928573812,0.14473660919335815,0.14473660928573812,0.14473660934256352,0.14473660936966606,0.14473660934256352,0.14473660931427793,0.14473660934256352,0.14473660936966606,0.1435715305087504,0.14357153047271917,0.14357153043558818,0.14357153047271917,0.1435715305087504,0.14357153047271917,0.14357153039806123,0.14357153028243427,0.14357153039806123,0.14357153047271917,0.14357153043558818,0.14357153028243427,0.14357152981134572,0.14357153028243427,0.14357153043558818,0.14357153047271917,0.14357153039806123,0.14357153028243427,0.14357153039806123,0.14357153047271917,0.1435715305087504,0.14357153047271917,0.14357153043558818,0.14357153047271917,0.1435715305087504,0.14242936434789033,0.14242936430660624,0.1424293642637263,0.14242936430660624,0.14242936434789033,0.14242936430660624,0.1424293642202151,0.14242936408608564,0.1424293642202151,0.14242936430660624,0.1424293642637263,0.14242936408608564,0.14242936354174163,0.14242936408608564,0.1424293642637263,0.14242936430660624,0.1424293642202151,0.14242936408608564,0.1424293642202151,0.14242936430660624,0.14242936434789033,0.14242936430660624,0.1424293642637263,0.14242936430660624,0.14242936434789033,0.14130960287687439,0.14130960283584001,0.14130960279112947,0.14130960283584001,0.14130960287687439,0.14130960283584001,0.1413096027452407,0.14130960259547523,0.1413096027452407,0.14130960283584001,0.14130960279112947,0.14130960259547523,0.14130960195132586,0.14130960259547523,0.14130960279112947,0.14130960283584001,0.1413096027452407,0.14130960259547523,0.1413096027452407,0.14130960283584001,0.14130960287687439,0.14130960283584001,0.14130960279112947,0.14130960283584001,0.14130960287687439,0.1402117472699452,0.14021174724174418,0.14021174720750018,0.14021174724174418,0.1402117472699452,0.14021174724174418,0.14021174717166995,0.14021174703759462,0.14021174717166995,0.14021174724174418,0.14021174720750018,0.14021174703759462,0.14021174636133618,0.14021174703759462,0.14021174720750018,0.14021174724174418,0.14021174717166995,0.14021174703759462,0.14021174717166995,0.14021174724174418,0.1402117472699452,0.14021174724174418,0.14021174720750018,0.14021174724174418,0.1402117472699452,0.13913530800016227,0.13913530800529617,0.1391353080077534,0.13913530800529617,0.13913530800016227,0.13913530800529617,0.13913530800953736,0.1391353080050549,0.13913530800953736,0.13913530800529617,0.1391353080077534,0.1391353080050549,0.13913530796379195,0.1391353080050549,0.1391353080077534,0.13913530800529617,0.13913530800953736,0.1391353080050549,0.13913530800953736,0.13913530800529617,0.13913530800016227,0.13913530800529617,0.1391353080077534,0.13913530800529617,0.13913530800016227,0.13807980491594662,0.1380798049638149,0.1380798050129021,0.1380798049638149,0.13807980491594662,0.1380798049638149,0.1380798050629172,0.13807980520216778,0.1380798050629172,0.1380798049638149,0.1380798050129021,0.13807980520216778,0.13807980560272437,0.13807980520216778,0.1380798050129021,0.1380798049638149,0.1380798050629172,0.13807980520216778,0.1380798050629172,0.1380798049638149,0.13807980491594662,0.1380798049638149,0.1380798050129021,0.1380798049638149,0.13807980491594662,0.13704476732432844,0.13704476741074967,0.13704476751659128,0.13704476741074967,0.13704476732432844,0.13704476741074967,0.137044767626598,0.13704476806366622,0.137044767626598,0.13704476741074967,0.13704476751659128,0.13704476806366622,0.13704477049606767,0.13704476806366622,0.13704476751659128,0.13704476741074967,0.137044767626598,0.13704476806366622,0.137044767626598,0.13704476741074967,0.13704476732432844,0.13704476741074967,0.13704476751659128,0.13704476741074967,0.13704476732432844,0.13602973405048854,0.1360297341115637,0.1360297341715924,0.1360297341115637,0.13602973405048854,0.1360297341115637,0.13602973423191886,0.1360297343934665,0.13602973423191886,0.1360297341115637,0.1360297341715924,0.1360297343934665,0.13602973484285735,0.1360297343934665,0.1360297341715924,0.1360297341115637,0.13602973423191886,0.1360297343934665,0.13602973423191886,0.1360297341115637,0.13602973405048854,0.1360297341115637,0.1360297341715924,0.1360297341115637,0.13602973405048854,0.1350342535667243,0.13503425360512888,0.13503425363689414,0.13503425360512888,0.1350342535667243,0.13503425360512888,0.13503425366708152,0.1350342537286288,0.13503425366708166,0.13503425360512902,0.13503425363689414,0.1350342537286288,0.1350342538407313,0.1350342537286288,0.13503425363689414,0.13503425360512888,0.13503425366708166,0.1350342537286288,0.13503425366708152,0.13503425360512888,0.1350342535667243,0.13503425360512902,0.13503425363689414,0.13503425360512888,0.1350342535667243
0.1653324873981125,0.1653324873981125,0.1653324873981125,0.1653324873981125,0.1653324873981125,0.1653324873981125,0.1653324873981125,0.1653324873981125,0.1653324873981125,0.1653324873981125,0.1653324873981125,0.1653324873981125,0.1653324873981125,0.1653324873981125,0.1653324873981125,0.1653324873981125,0.1653324873981125,0.1653324873981125,0.1653324873981125,0.1653324873981125,0.1653324873981125,0.1653324873981125,0.1653324873981125,0.1653324873981125,0.1653324873981125,0.16375749368707426,0.16375749368707426,0.16375749368707426,0.16375749368707426,0.16375749368707426,0.16375749368707426,0.16375749368707426,0.16375749368707404,0.16375749368707426,0.16375749368707426,0.16375749368707426,0.16375749368707404,0.16375749368707404,0.16375749368707426,0.16375749368707426,0.16375749368707426,0.16375749368707426,0.16375749368707426,0.16375749368707426,0.16375749368707426,0.16375749368707426,0.16375749368707426,0.16375749368707426,0.16375749368707426,0.16375749368707426,0.16221388390782485,0.16221388390782485,0.16221388390782485,0.16221388390782485,0.16221388390782485,0.16221388390782485,0.16221388390782485,0.16221388390782485,0.16221388390782485,0.16221388390782485,0.16221388390782485,0.16221388390782485,0.16221388390782485,0.16221388390782485,0.16221388390782485,0.16221388390782485,0.16221388390782485,0.16221388390782485,0.16221388390782485,0.16221388390782485,0.16221388390782485,0.16221388390782485,0.16221388390782485,0.16221388390782485,0.16221388390782485,0.1607010670174056,0.1607010670174056,0.16070106701740539,0.16070106701740539,0.1607010670174056,0.1607010670174056,0.16070106701740539,0.16070106701740539,0.16070106701740539,0.16070106701740539,0.16070106701740539,0.16070106701740539,0.16070106701740516,0.16070106701740539,0.16070106701740539,0.16070106701740539,0.16070106701740539,0.16070106701740539,0.16070106701740539,0.16070106701740539,0.1607010670174056,0.16070106701740539,0.16070106701740539,0.16070106701740539,0.1607010670174056,0.15921845139079538,0.1592184513907949,0.1592184513907947,0.1592184513907949,0.15921845139079538,0.1592184513907949,0.1592184513907945,0.15921845139079427,0.1592184513907945,0.1592184513907949,0.1592184513907947,0.15921845139079427,0.15921845139079405,0.15921845139079427,0.1592184513907947,0.1592184513907949,0.1592184513907945,0.15921845139079427,0.1592184513907945,0.1592184513907949,0.15921845139079538,0.1592184513907949,0.1592184513907947,0.1592184513907949,0.15921845139079538,0.1577654461727621,0.15776544617276084,0.1577654461727602,0.15776544617276084,0.1577654461727621,0.15776544617276084,0.15776544617275978,0.1577654461727589,0.15776544617275978,0.15776544617276084,0.1577654461727602,0.1577654461727589,0.15776544617275806,0.1577654461727589,0.1577654461727602,0.15776544617276084,0.15776544617275978,0.1577654461727589,0.15776544617275978,0.15776544617276084,0.1577654461727621,0.15776544617276084,0.1577654461727602,0.15776544617276084,0.1577654461727621,0.15634146249218656,0.156341462492183,0.1563414624921807,0.156341462492183,0.15634146249218656,0.156341462492183,0.15634146249217923,0.15634146249217673,0.15634146249217923,0.156341462492183,0.1563414624921807,0.15634146249217673,0.15634146249217443,0.15634146249217673,0.1563414624921807,0.156341462492183,0.15634146249217923,0.15634146249217673,0.15634146249217923,0.156341462492183,0.15634146249218656,0.156341462492183,0.1563414624921807,0.156341462492183,0.15634146249218656,0.15494591454912504,0.15494591454911397,0.1549459145491068,0.15494591454911397,0.15494591454912504,0.15494591454911397,0.1549459145491021,0.1549459145490945,0.1549459145491021,0.15494591454911397,0.1549459145491068,0.1549459145490945,0.15494591454908674,0.1549459145490945,0.1549459145491068,0.15494591454911397,0.1549459145491021,0.1549459145490945,0.1549459145491021,0.15494591454911397,0.15494591454912504,0.15494591454911397,0.1549459145491068,0.15494591454911397,0.15494591454912504,0.15357822058432094,0.15357822058428677,0.1535782205842651,0.15357822058428677,0.15357822058432094,0.15357822058428677,0.15357822058424964,0.15357822058422593,0.15357822058424964,0.15357822058428677,0.1535782205842651,0.15357822058422593,0.1535782205842008,0.15357822058422593,0.1535782205842651,0.15357822058428677,0.15357822058424964,0.15357822058422593,0.15357822058424964,0.15357822058428677,0.15357822058432094,0.15357822058428677,0.1535782205842651,0.15357822058428677,0.15357822058432094,0.15223780374032794,0.152237803740225,0.1522378037401585,0.152237803740225,0.15223780374032794,0.152237803740225,0.15223780374010926,0.15223780374003287,0.15223780374010926,0.152237803740225,0.1522378037401585,0.15223780374003287,0.15223780373994886,0.15223780374003287,0.1522378037401585,0.152237803740225,0.15223780374010926,0.15223780374003287,0.15223780374010926,0.152237803740225,0.15223780374032794,0.152237803740225,0.1522378037401585,0.152237803740225,0.15223780374032794,0.15092409282288033,0.1509240928225761,0.15092409282237468,0.1509240928225761,0.15092409282288033,0.1509240928225761,0.1509240928222165,0.15092409282196764,0.1509240928222165,0.1509240928225761,0.15092409282237468,0.15092409282196764,0.15092409282168018,0.15092409282196764,0.15092409282237468,0.1509240928225761,0.1509240928222165,0.15092409282196764,0.1509240928222165,0.1509240928225761,0.15092409282288033,0.1509240928225761,0.15092409282237468,0.1509240928225761,0.15092409282288033,0.14963652297066163,0.14963652296978955,0.14963652296918903,0.14963652296978955,0.14963652297066163,0.14963652296978955,0.14963652296868682,0.14963652296787716,0.14963652296868682,0.14963652296978955,0.14963652296918903,0.14963652296787716,0.14963652296686955,0.14963652296787716,0.14963652296918903,0.14963652296978955,0.14963652296868682,0.14963652296787716,0.14963652296868682,0.14963652296978955,0.14963652297066163,0.14963652296978955,0.14963652296918903,0.14963652296978955,0.14963652297066163,0.14837453624122335,0.14837453623883018,0.14837453623707864,0.14837453623883018,0.14837453624122335,0.14837453623883018,0.14837453623552982,0.1483745362328466,0.14837453623552982,0.14837453623883018,0.14837453623707864,0.1483745362328466,0.14837453622904215,0.1483745362328466,0.14837453623707864,0.14837453623883018,0.14837453623552982,0.1483745362328466,0.14837453623552982,0.14837453623883018,0.14837453624122335,0.14837453623883018,0.14837453623707864,0.14837453623883018,0.14837453624122335,0.14713758212054553,0.1471375821144059,0.1471375821094888,0.1471375821144059,0.14713758212054553,0.1471375821144059,0.14713758210491304,0.14713758209585742,0.14713758210491304,0.1471375821144059,0.1471375821094888,0.14713758209585742,0.14713758207997588,0.14713758209585742,0.1471375821094888,0.1471375821144059,0.14713758210491304,0.14713758209585742,0.14713758210491304,0.1471375821144059,0.14713758212054553,0.1471375821144059,0.1471375821094888,0.1471375821144059,0.14713758212054553,0.14592511796352173,0.14592511794943097,0.14592511793667376,0.14592511794943097,0.14592511796352173,0.14592511794943097,0.14592511792423882,0.14592511789402385,0.14592511792423882,0.14592511794943097,0.14592511793667376,0.14592511789402385,0.1459251178191582,0.14592511789402385,0.14592511793667376,0.14592511794943097,0.14592511792423882,0.14592511789402385,0.14592511792423882,0.14592511794943097,0.14592511796352173,0.14592511794943097,0.14592511793667376,0.14592511794943097,0.14592511796352173,0.14473660937156496,0.1447366093449334,0.14473660931726653,0.1447366093449334,0.14473660937156496,0.1447366093449334,0.14473660928937593,0.14473660919978387,0.14473660928937593,0.1447366093449334,0.14473660931726653,0.14473660919978387,0.14473660879895128,0.14473660919978387,0.14473660931726653,0.1447366093449334,0.14473660928937593,0.14473660919978387,0.14473660928937593,0.1447366093449334,0.14473660937156496,0.1447366093449334,0.14473660931726653,0.1447366093449334,0.14473660937156496,0.1435715305082915,0.14357153047237436,0.14357153043532142,0.14357153047237436,0.1435715305082915,0.14357153047237436,0.14357153039786857,0.1435715302821646,0.14357153039786857,0.14357153047237436,0.14357153043532142,0.1435715302821646,0.14357152980826243,0.1435715302821646,0.14357153043532142,0.14357153047237436,0.14357153039786857,0.1435715302821646,0.14357153039786857,0.14357153047237436,0.1435715305082915,0.14357153047237436,0.14357153043532142,0.14357153047237436,0.1435715305082915,0.14242936434480588,0.14242936430339026,0.14242936426032443,0.14242936430339026,0.14242936434480588,0.14242936430339026,0.14242936421661398,0.14242936408165144,0.14242936421661398,0.14242936430339026,0.14242936426032443,0.14242936408165144,0.14242936353286517,0.14242936408165144,0.14242936426032443,0.14242936430339026,0.14242936421661398,0.14242936408165144,0.14242936421661398,0.14242936430339026,0.14242936434480588,0.14242936430339026,0.14242936426032443,0.14242936430339026,0.14242936434480588,0.14130960287139946,0.14130960283016608,0.14130960278523075,0.14130960283016608,0.14130960287139946,0.14130960283016608,0.1413096027391096,0.14130960258856404,0.1413096027391096,0.14130960283016608,0.14130960278523075,0.14130960258856404,0.14130960194101455,0.14130960258856404,0.14130960278523075,0.14130960283016608,0.1413096027391096,0.14130960258856404,0.1413096027391096,0.14130960283016608,0.14130960287139946,0.14130960283016608,0.14130960278523075,0.14130960283016608,0.14130960287139946,0.14021174726245564,0.1402117472340743,0.14021174719964974,0.1402117472340743,0.14021174726245564,0.1402117472340743,0.14021174716363843,0.140211747029025,0.14021174716363843,0.1402117472340743,0.14021174719964974,0.140211747029025,0.14021174635061917,0.140211747029025,0.14021174719964974,0.1402117472340743,0.14021174716363843,0.140211747029025,0.14021174716363843,0.1402117472340743,0.14021174726245564,0.1402117472340743,0.14021174719964974,0.1402117472340743,0.14021174726245564,0.13913530799099877,0.13913530799597232,0.13913530799828994,0.13913530799597232,0.13913530799099877,0.13913530799597232,0.13913530799993856,0.13913530799515644,0.13913530799993856,0.13913530799597232,0.13913530799828994,0.13913530799515644,0.13913530795325127,0.13913530799515644,0.13913530799828994,0.13913530799597232,0.13913530799993856,0.13913530799515644,0.13913530799993856,0.13913530799597232,0.13913530799099877,0.13913530799597232,0.13913530799828994,0.13913530799597232,0.13913530799099877,0.13807980490541125,0.13807980495307082,0.13807980500195832,0.13807980495307082,0.13807980490541125,0.13807980495307082,0.13807980505177456,0.138079805190511,0.13807980505177456,0.13807980495307082,0.13807980500195832,0.138079805190511,0.1380798055896944,0.138079805190511,0.13807980500195832,0.13807980495307082,0.13807980505177456,0.138079805190511,0.13807980505177456,0.13807980495307082,0.13807980490541125,0.13807980495307082,0.13807980500195832,0.13807980495307082,0.13807980490541125,0.1370447673128268,0.1370447673989611,0.1370447675044641,0.1370447673989611,0.1370447673128268,0.1370447673989611,0.13704476761412177,0.13704476804983956,0.13704476761412177,0.1370447673989611,0.1370447675044641,0.13704476804983956,0.13704477047485444,0.13704476804983956,0.1370447675044641,0.1370447673989611,0.13704476761412177,0.13704476804983956,0.13704476761412177,0.1370447673989611,0.1370447673128268,0.1370447673989611,0.1370447675044641,0.1370447673989611,0.1370447673128268,0.1360297340385906,0.13602973409947117,0.13602973415931172,0.13602973409947117,0.1360297340385906,0.13602973409947117,0.1360297342194502,0.1360297343805001,0.1360297342194502,0.13602973409947117,0.13602973415931172,0.1360297343805001,0.1360297348285197,0.1360297343805001,0.13602973415931172,0.13602973409947117,0.1360297342194502,0.1360297343805001,0.1360297342194502,0.13602973409947117,0.1360297340385906,0.13602973409947117,0.13602973415931172,0.13602973409947117,0.1360297340385906,0.1350342535548162,0.13503425359310026,0.13503425362476654,0.13503425359310026,0.1350342535548162,0.13503425359310026,0.13503425365486033,0.1350342537162178,0.13503425365486033,0.13503425359310026,0.13503425362476654,0.1350342537162178,0.13503425382797707,0.1350342537162178,0.13503425362476654,0.13503425359310026,0.13503425365486033,0.1350342537162178,0.13503425365486033,0.13503425359310026,0.1350342535548162,0.13503425359310026,0.13503425362476654,0.13503425359310026,0.1350342535548162
0.16533248740631498,0.16533248740631498,0.16533248740631498,0.16533248740631498,0.16533248740631498,0.16533248740631498,0.16533248740631498,0.16533248740631498,0.16533248740631498,0.16533248740631498,0.16533248740631498,0.16533248740631498,0.16533248740631498,0.16533248740631498,0.16533248740631498,0.16533248740631498,0.16533248740631498,0.16533248740631498,0.16533248740631498,0.16533248740631498,0.16533248740631498,0.16533248740631498,0.16533248740631498,0.16533248740631498,0.16533248740631498,0.16375749369515064,0.16375749369515064,0.16375749369515064,0.16375749369515064,0.16375749369515064,0.16375749369515064,0.16375749369515064,0.16375749369515064,0.16375749369515064,0.16375749369515064,0.16375749369515064,0.16375749369515064,0.16375749369515064,0.16375749369515064,0.16375749369515064,0.16375749369515064,0.16375749369515064,0.16375749369515064,0.16375749369515064,0.16375749369515064,0.16375749369515064,0.16375749369515064,0.16375749369515064,0.16375749369515064,0.16375749369515064,0.16221388391580815,0.16221388391580815,0.16221388391580815,0.16221388391580815,0.16221388391580815,0.16221388391580815,0.16221388391580815,0.16221388391580815,0.16221388391580815,0.16221388391580815,0.16221388391580815,0.16221388391580815,0.16221388391580815,0.16221388391580815,0.16221388391580815,0.16221388391580815,0.16221388391580815,0.16221388391580815,0.16221388391580815,0.16221388391580815,0.16221388391580815,0.16221388391580815,0.16221388391580815,0.16221388391580815,0.16221388391580815,0.16070106702533005,0.16070106702532982,0.16070106702532982,0.16070106702532982,0.16070106702533005,0.16070106702532982,0.16070106702532982,0.16070106702532957,0.16070106702532982,0.16070106702532982,0.16070106702532982,0.16070106702532957,0.16070106702532957,0.16070106702532957,0.16070106702532982,0.16070106702532982,0.16070106702532982,0.16070106702532957,0.16070106702532982,0.16070106702532982,0.16070106702533005,0.16070106702532982,0.16070106702532982,0.16070106702532982,0.16070106702533005,0.1592184513986961,0.15921845139869564,0.15921845139869545,0.15921845139869564,0.1592184513986961,0.15921845139869564,0.1592184513986952,0.159218451398695,0.1592184513986952,0.15921845139869564,0.15921845139869545,0.159218451398695,0.15921845139869478,0.159218451398695,0.15921845139869545,0.15921845139869564,0.1592184513986952,0.159218451398695,0.1592184513986952,0.15921845139869564,0.1592184513986961,0.15921845139869564,0.15921845139869545,0.15921845139869564,0.1592184513986961,0.15776544618067553,0.15776544618067445,0.15776544618067362,0.15776544618067445,0.15776544618067553,0.15776544618067445,0.1577654461806732,0.15776544618067254,0.1577654461806732,0.15776544618067445,0.15776544618067362,0.15776544618067254,0.1577654461806717,0.15776544618067254,0.15776544618067362,0.15776544618067445,0.1577654461806732,0.15776544618067254,0.1577654461806732,0.15776544618067445,0.15776544618067553,0.15776544618067445,0.15776544618067362,0.15776544618067445,0.15776544618067553,0.15634146250015016,0.1563414625001466,0.15634146250014433,0.1563414625001466,0.15634146250015016,0.1563414625001466,0.15634146250014286,0.15634146250014058,0.15634146250014286,0.1563414625001466,0.15634146250014433,0.15634146250014058,0.15634146250013825,0.15634146250014058,0.15634146250014433,0.1563414625001466,0.15634146250014286,0.15634146250014058,0.15634146250014286,0.1563414625001466,0.15634146250015016,0.1563414625001466,0.15634146250014433,0.1563414625001466,0.15634146250015016,0.15494591455717682,0.15494591455716575,0.15494591455715898,0.15494591455716575,0.15494591455717682,0.15494591455716575,0.15494591455715426,0.15494591455714693,0.15494591455715426,0.15494591455716575,0.15494591455715898,0.15494591455714693,0.15494591455713952,0.15494591455714693,0.15494591455715898,0.15494591455716575,0.15494591455715426,0.15494591455714693,0.15494591455715426,0.15494591455716575,0.15494591455717682,0.15494591455716575,0.15494591455715898,0.15494591455716575,0.15494591455717682,0.15357822059249865,0.15357822059246531,0.15357822059244403,0.15357822059246531,0.15357822059249865,0.15357822059246531,0.15357822059242915,0.15357822059240606,0.15357822059242915,0.15357822059246531,0.15357822059244403,0.15357822059240606,0.15357822059238155,0.15357822059240606,0.15357822059244403,0.15357822059246531,0.15357822059242915,0.15357822059240606,0.15357822059242915,0.15357822059246531,0.15357822059249865,0.15357822059246531,0.15357822059244403,0.15357822059246531,0.15357822059249865,0.15223780374866863,0.15223780374856785,0.1522378037485031,0.15223780374856785,0.15223780374866863,0.15223780374856785,0.15223780374845505,0.15223780374838106,0.15223780374845505,0.15223780374856785,0.1522378037485031,0.15223780374838106,0.15223780374829976,0.15223780374838106,0.1522378037485031,0.15223780374856785,0.15223780374845505,0.15223780374838106,0.15223780374845505,0.15223780374856785,0.15223780374866863,0.15223780374856785,0.1522378037485031,0.15223780374856785,0.15223780374866863,0.15092409283141703,0.15092409283111916,0.150924092830922,0.15092409283111916,0.15092409283141703,0.15092409283111916,0.15092409283076824,0.1509240928305275,0.15092409283076824,0.15092409283111916,0.150924092830922,0.1509240928305275,0.1509240928302464,0.1509240928305275,0.150924092830922,0.15092409283111916,0.15092409283076824,0.1509240928305275,0.15092409283076824,0.15092409283111916,0.15092409283141703,0.15092409283111916,0.150924092830922,0.15092409283111916,0.15092409283141703,0.1496365229794179,0.14963652297856192,0.1496365229779714,0.14963652297856192,0.1496365229794179,0.14963652297856192,0.14963652297748242,0.14963652297668412,0.14963652297748242,0.14963652297856192,0.1496365229779714,0.14963652297668412,0.14963652297569313,0.14963652297668412,0.1496365229779714,0.14963652297856192,0.14963652297748242,0.14963652297668412,0.14963652297748242,0.14963652297856192,0.1496365229794179,0.14963652297856192,0.1496365229779714,0.14963652297856192,0.1496365229794179,0.14837453625020017,0.14837453624784758,0.14837453624612515,0.14837453624784758,0.14837453625020017,0.14837453624784758,0.1483745362446032,0.14837453624196392,0.1483745362446032,0.14837453624784758,0.14837453624612515,0.14837453624196392,0.14837453623822136,0.14837453624196392,0.14837453624612515,0.14837453624784758,0.1483745362446032,0.14837453624196392,0.1483745362446032,0.14837453624784758,0.14837453625020017,0.14837453624784758,0.14837453624612515,0.14837453624784758,0.14837453625020017,0.14713758212968814,0.14713758212365188,0.14713758211881706,0.14713758212365188,0.14713758212968814,0.14713758212365188,0.14713758211431632,0.14713758210540986,0.14713758211431632,0.14713758212365188,0.14713758211881706,0.14713758210540986,0.147137582089785,0.14713758210540967,0.14713758211881706,0.14713758212365188,0.14713758211431632,0.14713758210540967,0.14713758211431632,0.14713758212365188,0.14713758212968814,0.14713758212365188,0.14713758211881706,0.14713758212365188,0.14713758212968814,0.14592511797263988,0.1459251179587888,0.14592511794624666,0.1459251179587888,0.14592511797263988,0.1459251179587888,0.1459251179340142,0.1459251179042985,0.1459251179340142,0.1459251179587888,0.14592511794624666,0.1459251179042985,0.1459251178306355,0.1459251179042985,0.14592511794624666,0.1459251179587888,0.1459251179340142,0.1459251179042985,0.1459251179340142,0.1459251179587888,0.14592511797263988,0.1459251179587888,0.14592511794624666,0.1459251179587888,0.14592511797263988,0.14473660938017674,0.14473660935401295,0.14473660932682106,0.14473660935401295,0.14473660938017674,0.14473660935401295,0.14473660929940554,0.14473660921129297,0.14473660929940554,0.14473660935401295,0.14473660932682106,0.14473660921129297,0.14473660881660175,0.14473660921129297,0.14473660932682106,0.14473660935401295,0.14473660929940554,0.14473660921129297,0.14473660929940554,0.14473660935401295,0.14473660938017674,0.14473660935401295,0.14473660932682106,0.14473660935401295,0.14473660938017674,0.14357153051542773,0.14357153048018673,0.1435715304438242,0.14357153048018673,0.14357153051542773,0.14357153048018673,0.1435715304070671,0.14357153029348524,0.1435715304070671,0.14357153048018673,0.1435715304438242,0.14357153029348524,0.1435715298282243,0.14357153029348524,0.1435715304438242,0.14357153048018673,0.1435715304070671,0.14357153029348524,0.1435715304070671,0.14357153048018673,0.14357153051542773,0.14357153048018673,0.1435715304438242,0.14357153048018673,0.14357153051542773,0.14242936434903994,0.1424293643084624,0.14242936426626807,0.1424293643084624,0.14242936434903994,0.1424293643084624,0.14242936422344232,0.14242936409121132,0.14242936422344232,0.1424293643084624,0.14242936426626807,0.14242936409121132,0.14242936355360553,0.14242936409121132,0.14242936426626807,0.1424293643084624,0.14242936422344232,0.14242936409121132,0.14242936422344232,0.1424293643084624,0.14242936434903994,0.1424293643084624,0.14242936426626807,0.1424293643084624,0.14242936434903994,0.14130960287093683,0.1413096028305889,0.1413096027866231,0.1413096028305889,0.14130960287093683,0.1413096028305889,0.14130960274149765,0.14130960259422,0.14130960274149765,0.1413096028305889,0.1413096027866231,0.14130960259422,0.14130960196072426,0.14130960259422,0.1413096027866231,0.1413096028305889,0.14130960274149765,0.14130960259422,0.14130960274149765,0.1413096028305889,0.14130960287093683,0.1413096028305889,0.1413096027866231,0.1413096028305889,0.14130960287093683,0.14021174725536262,0.1402117472276289,0.14021174719398816,0.1402117472276289,0.14021174725536262,0.1402117472276289,0.14021174715879617,0.14021174702724865,0.14021174715879617,0.1402117472276289,0.14021174719398816,0.14021174702724865,0.14021174636420053,0.14021174702724865,0.14021174719398816,0.1402117472276289,0.14021174715879617,0.14021174702724865,0.14021174715879617,0.1402117472276289,0.14021174725536262,0.1402117472276289,0.14021174719398816,0.1402117472276289,0.14021174725536262,0.13913530797578932,0.1391353079807107,0.13913530798302848,0.1391353079807107,0.13913530797578932,0.1391353079807107,0.13913530798469087,0.13913530798012808,0.13913530798469087,0.1391353079807107,0.13913530798302848,0.13913530798012808,0.13913530793939577,0.13913530798012808,0.13913530798302848,0.1391353079807107,0.13913530798469087,0.13913530798012808,0.13913530798469087,0.1391353079807107,0.13913530797578932,0.1391353079807107,0.13913530798302848,0.1391353079807107,0.13913530797578932,0.13807980488200497,0.13807980492872746,0.13807980497664954,0.13807980492872746,0.13807980488200497,0.13807980492872746,0.13807980502548076,0.1380798051614606,0.13807980502548076,0.13807980492872746,0.13807980497664954,0.1380798051614606,0.13807980555267438,0.1380798051614606,0.13807980497664954,0.13807980492872746,0.13807980502548076,0.1380798051614606,0.13807980502548076,0.13807980492872746,0.13807980488200497,0.13807980492872746,0.13807980497664954,0.13807980492872746,0.13807980488200497,0.13704476728294712,0.1370447673673567,0.1370447674707427,0.1370447673673567,0.13704476728294712,0.1370447673673567,0.1370447675781991,0.13704476800515683,0.1370447675781991,0.1370447673673567,0.1370447674707427,0.13704476800515683,0.13704477038168736,0.13704476800515683,0.1370447674707427,0.1370447673673567,0.1370447675781991,0.13704476800515683,0.1370447675781991,0.1370447673673567,0.13704476728294712,0.1370447673673567,0.1370447674707427,0.1370447673673567,0.13704476728294712,0.13602973400558996,0.13602973406524843,0.13602973412388628,0.13602973406524843,0.13602973400558996,0.13602973406524843,0.13602973418281653,0.1360297343406256,0.13602973418281653,0.13602973406524843,0.13602973412388628,0.1360297343406256,0.13602973477962851,0.1360297343406256,0.13602973412388628,0.13602973406524843,0.13602973418281653,0.1360297343406256,0.13602973418281653,0.13602973406524843,0.13602973400558996,0.13602973406524843,0.13602973412388628,0.13602973406524843,0.13602973400558996,0.13503425352103562,0.13503425355854987,0.1350342535895793,0.13503425355854987,0.13503425352103562,0.13503425355854987,0.1350342536190666,0.13503425367918906,0.1350342536190666,0.13503425355854987,0.1350342535895793,0.13503425367918906,0.1350342537886989,0.13503425367918906,0.1350342535895793,0.13503425355854987,0.1350342536190666,0.13503425367918906,0.1350342536190666,0.13503425355854987,0.13503425352103562,0.13503425355854987,0.1350342535895793,0.13503425355854987,0.13503425352103562
0.16533248741675458,0.16533248741675458,0.16533248741675458,0.16533248741675458,0.16533248741675458,0.16533248741675458,0.16533248741675458,0.16533248741675458,0.16533248741675458,0.16533248741675458,0.16533248741675458,0.16533248741675458,0.16533248741675458,0.16533248741675458,0.16533248741675458,0.16533248741675458,0.16533248741675458,0.16533248741675458,0.16533248741675458,0.16533248741675458,0.16533248741675458,0.16533248741675458,0.16533248741675458,0.16533248741675458,0.16533248741675458,0.16375749370539602,0.16375749370539602,0.16375749370539602,0.16375749370539602,0.16375749370539602,0.16375749370539602,0.16375749370539602,0.16375749370539602,0.16375749370539602,0.16375749370539602,0.16375749370539602,0.16375749370539602,0.16375749370539602,0.16375749370539602,0.16375749370539602,0.16375749370539602,0.16375749370539602,0.16375749370539602,0.16375749370539602,0.16375749370539602,0.16375749370539602,0.16375749370539602,0.16375749370539602,0.16375749370539602,0.16375749370539602,0.16221388392587419,0.16221388392587419,0.16221388392587419,0.16221388392587419,0.16221388392587419,0.16221388392587419,0.16221388392587396,0.16221388392587396,0.16221388392587396,0.16221388392587419,0.16221388392587419,0.16221388392587396,0.16221388392587396,0.16221388392587396,0.16221388392587419,0.16221388392587419,0.16221388392587396,0.16221388392587396,0.16221388392587396,0.16221388392587419,0.16221388392587419,0.16221388392587419,0.16221388392587419,0.16221388392587419,0.16221388392587419,0.1607010670352314,0.16070106703523115,0.16070106703523115,0.16070106703523115,0.1607010670352314,0.16070106703523115,0.16070106703523115,0.16070106703523115,0.16070106703523115,0.16070106703523115,0.16070106703523115,0.16070106703523115,0.16070106703523093,0.16070106703523115,0.16070106703523115,0.16070106703523115,0.16070106703523115,0.16070106703523115,0.16070106703523115,0.16070106703523115,0.1607010670352314,0.16070106703523115,0.16070106703523115,0.16070106703523115,0.1607010670352314,0.15921845140844806,0.15921845140844762,0.15921845140844743,0.15921845140844762,0.15921845140844806,0.15921845140844762,0.15921845140844715,0.15921845140844695,0.15921845140844715,0.15921845140844762,0.15921845140844743,0.15921845140844695,0.15921845140844673,0.15921845140844695,0.15921845140844743,0.15921845140844762,0.15921845140844715,0.15921845140844695,0.15921845140844715,0.15921845140844762,0.15921845140844806,0.15921845140844762,0.15921845140844743,0.15921845140844762,0.15921845140844806,0.1577654461902929,0.15776544619029184,0.15776544619029098,0.15776544619029184,0.1577654461902929,0.15776544619029184,0.1577654461902905,0.15776544619028993,0.1577654461902905,0.15776544619029184,0.15776544619029098,0.15776544619028993,0.15776544619028904,0.15776544619028993,0.15776544619029098,0.15776544619029184,0.1577654461902905,0.15776544619028993,0.1577654461902905,0.15776544619029184,0.1577654461902929,0.15776544619029184,0.15776544619029098,0.15776544619029184,0.1577654461902929,0.1563414625096474,0.1563414625096438,0.15634146250964176,0.1563414625096438,0.1563414625096474,0.1563414625096438,0.1563414625096403,0.15634146250963796,0.1563414625096403,0.1563414625096438,0.15634146250964176,0.15634146250963796,0.15634146250963568,0.15634146250963796,0.15634146250964176,0.1563414625096438,0.1563414625096403,0.15634146250963796,0.1563414625096403,0.1563414625096438,0.1563414625096474,0.1563414625096438,0.15634146250964176,0.1563414625096438,0.1563414625096474,0.15494591456656764,0.15494591456655696,0.15494591456655019,0.15494591456655696,0.15494591456656764,0.15494591456655696,0.1549459145665455,0.1549459145665383,0.1549459145665455,0.15494591456655696,0.15494591456655019,0.1549459145665383,0.15494591456653092,0.1549459145665383,0.15494591456655019,0.15494591456655696,0.1549459145665455,0.1549459145665383,0.1549459145665455,0.15494591456655696,0.15494591456656764,0.15494591456655696,0.15494591456655019,0.15494591456655696,0.15494591456656764,0.15357822060179588,0.15357822060176315,0.15357822060174245,0.15357822060176315,0.15357822060179588,0.15357822060176315,0.1535782206017276,0.15357822060170512,0.1535782206017276,0.15357822060176315,0.15357822060174245,0.15357822060170512,0.153578220601681,0.15357822060170512,0.15357822060174245,0.15357822060176315,0.1535782206017276,0.15357822060170512,0.1535782206017276,0.15357822060176315,0.15357822060179588,0.15357822060176315,0.15357822060174245,0.15357822060176315,0.15357822060179588,0.15223780375788326,0.15223780375778426,0.15223780375772047,0.15223780375778426,0.15223780375788326,0.15223780375778426,0.15223780375767343,0.15223780375760082,0.15223780375767343,0.15223780375778426,0.15223780375772047,0.15223780375760082,0.15223780375752088,0.15223780375760082,0.15223780375772047,0.15223780375778426,0.15223780375767343,0.15223780375760082,0.15223780375767343,0.15223780375778426,0.15223780375788326,0.15223780375778426,0.15223780375772047,0.15223780375778426,0.15223780375788326,0.15092409284055622,0.1509240928402634,0.1509240928400695,0.1509240928402634,0.15092409284055622,0.1509240928402634,0.15092409283991864,0.1509240928396821,0.15092409283991864,0.1509240928402634,0.1509240928400695,0.1509240928396821,0.1509240928394068,0.1509240928396821,0.1509240928400695,0.1509240928402634,0.15092409283991864,0.1509240928396821,0.15092409283991864,0.1509240928402634,0.15092409284055622,0.1509240928402634,0.1509240928400695,0.1509240928402634,0.15092409284055622,0.1496365229884805,0.1496365229876387,0.149636522987058,0.1496365229876387,0.1496365229884805,0.1496365229876387,0.14963652298657754,0.14963652298579302,0.14963652298657754,0.1496365229876387,0.149636522987058,0.14963652298579302,0.14963652298481755,0.14963652298579302,0.149636522987058,0.1496365229876387,0.14963652298657754,0.14963652298579302,0.14963652298657754,0.1496365229876387,0.1496365229884805,0.1496365229876387,0.149636522987058,0.1496365229876387,0.1496365229884805,0.148374536259164,0.14837453625685018,0.1483745362551557,0.14837453625685018,0.148374536259164,0.14837453625685018,0.1483745362536599,0.14837453625106195,0.1483745362536599,0.14837453625685018,0.1483745362551557,0.14837453625106195,0.1483745362473787,0.14837453625106195,0.1483745362551557,0.14837453625685018,0.1483745362536599,0.14837453625106195,0.1483745362536599,0.14837453625685018,0.148374536259164,0.14837453625685018,0.1483745362551557,0.14837453625685018,0.148374536259164,0.1471375821384782,0.14713758213254108,0.1471375821277851,0.14713758213254108,0.1471375821384782,0.14713758213254108,0.1471375821233572,0.14713758211459316,0.1471375821233572,0.14713758213254108,0.1471375821277851,0.14713758211459316,0.14713758209921463,0.14713758211459316,0.1471375821277851,0.14713758213254108,0.1471375821233572,0.14713758211459316,0.1471375821233572,0.14713758213254108,0.1471375821384782,0.14713758213254108,0.1471375821277851,0.14713758213254108,0.1471375821384782,0.14592511798105232,0.14592511796743202,0.1459251179550959,0.14592511796743202,0.14592511798105232,0.14592511796743202,0.14592511794306146,0.14592511791382226,0.14592511794306146,0.14592511796743202,0.1459251179550959,0.14592511791382226,0.14592511784131185,0.14592511791382226,0.1459251179550959,0.14592511796743202,0.14592511794306146,0.14592511791382226,0.14592511794306146,0.14592511796743202,0.14592511798105232,0.14592511796743202,0.1459251179550959,0.14592511796743202,0.14592511798105232,0.14473660938773092,0.1447366093620162,0.14473660933528026,0.1447366093620162,0.14473660938773092,0.1447366093620162,0.14473660930832175,0.1447366092216305,0.14473660930832175,0.1447366093620162,0.14473660933528026,0.1447366092216305,0.1447366088330349,0.1447366092216305,0.14473660933528026,0.1447366093620162,0.14473660930832175,0.1447366092216305,0.14473660930832175,0.1447366093620162,0.14473660938773092,0.1447366093620162,0.14473660933528026,0.1447366093620162,0.14473660938773092,0.1435715305211821,0.1435715304865894,0.1435715304508889,0.1435715304865894,0.1435715305211821,0.1435715304865894,0.14357153041479917,0.14357153030325204,0.14357153041479917,0.1435715304865894,0.1435715304508889,0.14357153030325204,0.1435715298462543,0.14357153030325204,0.1435715304508889,0.1435715304865894,0.14357153041479917,0.14357153030325204,0.14357153041479917,0.1435715304865894,0.1435715305211821,0.1435715304865894,0.1435715304508889,0.1435715304865894,0.1435715305211821,0.14242936435162482,0.1424293643118503,0.14242936427049105,0.1424293643118503,0.14242936435162482,0.1424293643118503,0.14242936422851263,0.14242936409889853,0.14242936422851263,0.1424293643118503,0.14242936427049105,0.14242936409889853,0.1424293635719395,0.14242936409889853,0.14242936427049105,0.1424293643118503,0.14242936422851263,0.14242936409889853,0.14242936422851263,0.1424293643118503,0.14242936435162482,0.1424293643118503,0.14242936427049105,0.1424293643118503,0.14242936435162482,0.14130960286864136,0.1413096028291418,0.14130960278610435,0.1413096028291418,0.14130960286864136,0.1413096028291418,0.14130960274193283,0.14130960259778497,0.14130960274193283,0.1413096028291418,0.14130960278610435,0.14130960259778497,0.14130960197783018,0.14130960259778497,0.14130960278610435,0.1413096028291418,0.14130960274193283,0.14130960259778497,0.14130960274193283,0.1413096028291418,0.14130960286864136,0.1413096028291418,0.14130960278610435,0.1413096028291418,0.14130960286864136,0.14021174724635616,0.14021174721924246,0.14021174718635265,0.14021174721924246,0.14021174724635616,0.14021174721924246,0.14021174715194534,0.14021174702333358,0.14021174715194534,0.14021174721924246,0.14021174718635265,0.14021174702333358,0.1402117463751473,0.14021174702333358,0.14021174718635265,0.14021174721924246,0.14021174715194534,0.14021174702333358,0.14021174715194534,0.14021174721924246,0.14021174724635616,0.14021174721924246,0.14021174718635265,0.14021174721924246,0.14021174724635616,0.13913530795868448,0.13913530796355558,0.13913530796587317,0.13913530796355558,0.13913530795868448,0.13913530796355558,0.1391353079675487,0.1391353079631954,0.1391353079675487,0.13913530796355558,0.13913530796587317,0.1391353079631954,0.13913530792358586,0.1391353079631954,0.13913530796587317,0.13913530796355558,0.1391353079675487,0.1391353079631954,0.1391353079675487,0.13913530796355558,0.13913530795868448,0.13913530796355558,0.13913530796587317,0.13913530796355558,0.13913530795868448,0.13807980485677523,0.1380798049026002,0.13807980494959712,0.1380798049026002,0.13807980485677523,0.1380798049026002,0.13807980499748462,0.13807980513082346,0.13807980499748462,0.1380798049026002,0.13807980494959712,0.13807980513082346,0.1380798055144021,0.13807980513082346,0.13807980494959712,0.1380798049026002,0.13807980499748462,0.13807980513082346,0.13807980499748462,0.1380798049026002,0.13807980485677523,0.1380798049026002,0.13807980494959712,0.1380798049026002,0.13807980485677523,0.13704476725131032,0.1370447673340674,0.13704476743542499,0.1370447673340674,0.13704476725131032,0.1370447673340674,0.13704476754077247,0.13704476795933684,0.13704476754077247,0.1370447673340674,0.13704476743542499,0.13704476795933684,0.13704477028908676,0.13704476795933684,0.13704476743542499,0.1370447673340674,0.13704476754077247,0.13704476795933684,0.13704476754077247,0.1370447673340674,0.13704476725131032,0.1370447673340674,0.13704476743542499,0.1370447673340674,0.13704476725131032,0.13602973397083698,0.13602973402932453,0.13602973408681054,0.13602973402932453,0.13602973397083698,0.13602973402932453,0.13602973414458283,0.1360297342992887,0.13602973414458283,0.13602973402932453,0.13602973408681054,0.1360297342992887,0.13602973472965446,0.1360297342992887,0.13602973408681054,0.13602973402932453,0.13602973414458283,0.1360297342992887,0.13602973414458283,0.13602973402932453,0.13602973397083698,0.13602973402932453,0.13602973408681054,0.13602973402932453,0.13602973397083698,0.13503425348549958,0.13503425352227677,0.13503425355269635,0.13503425352227677,0.13503425348549958,0.13503425352227677,0.1350342535816038,0.135034253640544,0.1350342535816038,0.13503425352227677,0.13503425355269635,0.135034253640544,0.13503425374789957,0.135034253640544,0.13503425355269635,0.13503425352227677,0.1350342535816038,0.135034253640544,0.1350342535816038,0.13503425352227677,0.13503425348549958,0.13503425352227677,0.13503425355269635,0.13503425352227677,0.13503425348549958
0.1653324874277063,0.1653324874277063,0.1653324874277063,0.1653324874277063,0.1653324874277063,0.1653324874277063,0.1653324874277063,0.1653324874277063,0.1653324874277063,0.1653324874277063,0.1653324874277063,0.1653324874277063,0.1653324874277063,0.1653324874277063,0.1653324874277063,0.1653324874277063,0.1653324874277063,0.1653324874277063,0.1653324874277063,0.1653324874277063,0.1653324874277063,0.1653324874277063,0.1653324874277063,0.1653324874277063,0.1653324874277063,0.1637574937161313,0.1637574937161313,0.1637574937161313,0.1637574937161313,0.1637574937161313,0.1637574937161313,0.1637574937161313,0.1637574937161313,0.1637574937161313,0.1637574937161313,0.1637574937161313,0.1637574937161313,0.1637574937161313,0.1637574937161313,0.1637574937161313,0.1637574937161313,0.1637574937161313,0.1637574937161313,0.1637574937161313,0.1637574937161313,0.1637574937161313,0.1637574937161313,0.1637574937161313,0.1637574937161313,0.1637574937161313,0.16221388393639855,0.16221388393639832,0.16221388393639832,0.16221388393639832,0.16221388393639855,0.16221388393639832,0.16221388393639832,0.16221388393639832,0.16221388393639832,0.16221388393639832,0.16221388393639832,0.16221388393639832,0.16221388393639832,0.16221388393639832,0.16221388393639832,0.16221388393639832,0.16221388393639832,0.16221388393639832,0.16221388393639832,0.16221388393639832,0.16221388393639855,0.16221388393639832,0.16221388393639832,0.16221388393639832,0.16221388393639855,0.16070106704555018,0.16070106704555018,0.16070106704555018,0.16070106704555018,0.16070106704555018,0.16070106704555018,0.16070106704554996,0.16070106704554996,0.16070106704554996,0.16070106704555018,0.16070106704555018,0.16070106704554996,0.16070106704554996,0.16070106704554996,0.16070106704555018,0.16070106704555018,0.16070106704554996,0.16070106704554996,0.16070106704554996,0.16070106704555018,0.16070106704555018,0.16070106704555018,0.16070106704555018,0.16070106704555018,0.16070106704555018,0.1592184514185669,0.15921845141856644,0.15921845141856622,0.15921845141856644,0.1592184514185669,0.15921845141856644,0.159218451418566,0.1592184514185658,0.159218451418566,0.15921845141856644,0.15921845141856622,0.1592184514185658,0.15921845141856558,0.1592184514185658,0.15921845141856622,0.15921845141856644,0.159218451418566,0.1592184514185658,0.159218451418566,0.15921845141856644,0.1592184514185669,0.15921845141856644,0.15921845141856622,0.15921845141856644,0.1592184514185669,0.15776544620021687,0.1577654462002158,0.15776544620021515,0.1577654462002158,0.15776544620021687,0.1577654462002158,0.1577654462002147,0.15776544620021388,0.1577654462002147,0.1577654462002158,0.15776544620021515,0.15776544620021388,0.1577654462002132,0.15776544620021388,0.15776544620021515,0.1577654462002158,0.1577654462002147,0.15776544620021388,0.1577654462002147,0.1577654462002158,0.15776544620021687,0.1577654462002158,0.15776544620021515,0.1577654462002158,0.15776544620021687,0.15634146251938175,0.15634146251937817,0.15634146251937608,0.15634146251937817,0.15634146251938175,0.15634146251937817,0.1563414625193746,0.15634146251937253,0.1563414625193746,0.15634146251937817,0.15634146251937608,0.15634146251937253,0.15634146251937023,0.15634146251937253,0.15634146251937608,0.15634146251937817,0.1563414625193746,0.15634146251937253,0.1563414625193746,0.15634146251937817,0.15634146251938175,0.15634146251937817,0.15634146251937608,0.15634146251937817,0.15634146251938175,0.15494591457611706,0.15494591457610637,0.15494591457609982,0.15494591457610637,0.15494591457611706,0.15494591457610637,0.15494591457609533,0.15494591457608836,0.15494591457609533,0.15494591457610637,0.15494591457609982,0.15494591457608836,0.15494591457608098,0.15494591457608836,0.15494591457609982,0.15494591457610637,0.15494591457609533,0.15494591457608836,0.15494591457609533,0.15494591457610637,0.15494591457611706,0.15494591457610637,0.15494591457609982,0.15494591457610637,0.15494591457611706,0.1535782206111646,0.15357822061113247,0.15357822061111198,0.15357822061113247,0.1535782206111646,0.15357822061113247,0.15357822061109752,0.1535782206110752,0.15357822061109752,0.15357822061113247,0.15357822061111198,0.1535782206110752,0.15357822061105153,0.1535782206110752,0.15357822061111198,0.15357822061113247,0.15357822061109752,0.1535782206110752,0.15357822061109752,0.15357822061113247,0.1535782206111646,0.15357822061113247,0.15357822061111198,0.15357822061113247,0.1535782206111646,0.1522378037670745,0.15223780376697707,0.15223780376691426,0.15223780376697707,0.1522378037670745,0.15223780376697707,0.152237803766868,0.15223780376679655,0.152237803766868,0.15223780376697707,0.15223780376691426,0.15223780376679655,0.15223780376671803,0.15223780376679655,0.15223780376691426,0.15223780376697707,0.152237803766868,0.15223780376679655,0.152237803766868,0.15223780376697707,0.1522378037670745,0.15223780376697707,0.15223780376691426,0.15223780376697707,0.1522378037670745,0.1509240928495708,0.1509240928492826,0.15092409284909178,0.1509240928492826,0.1509240928495708,0.1509240928492826,0.15092409284894323,0.15092409284871058,0.15092409284894323,0.1509240928492826,0.15092409284909178,0.15092409284871058,0.1509240928484399,0.15092409284871058,0.15092409284909178,0.1509240928492826,0.15092409284894323,0.15092409284871058,0.15092409284894323,0.1509240928492826,0.1509240928495708,0.1509240928492826,0.15092409284909178,0.1509240928492826,0.1509240928495708,0.14963652299731223,0.14963652299648383,0.14963652299591243,0.14963652299648383,0.14963652299731223,0.14963652299648383,0.14963652299543934,0.1496365229946675,0.14963652299543934,0.14963652299648383,0.14963652299591243,0.1496365229946675,0.14963652299370714,0.1496365229946675,0.14963652299591243,0.14963652299648383,0.14963652299543934,0.1496365229946675,0.14963652299543934,0.14963652299648383,0.14963652299731223,0.14963652299648383,0.14963652299591243,0.14963652299648383,0.14963652299731223,0.148374536267788,0.1483745362655112,0.1483745362638436,0.1483745362655112,0.148374536267788,0.1483745362655112,0.14837453626237135,0.14837453625981414,0.14837453626237135,0.1483745362655112,0.1483745362638436,0.14837453625981414,0.14837453625618782,0.14837453625981414,0.1483745362638436,0.1483745362655112,0.14837453626237135,0.14837453625981414,0.14837453626237135,0.1483745362655112,0.148374536267788,0.1483745362655112,0.1483745362638436,0.1483745362655112,0.148374536267788,0.1471375821468204,0.1471375821409787,0.14713758213629827,0.1471375821409787,0.1471375821468204,0.1471375821409787,0.14713758213194014,0.14713758212331307,0.14713758213194014,0.1471375821409787,0.14713758213629827,0.14713758212331307,0.14713758210817068,0.14713758212331307,0.14713758213629827,0.1471375821409787,0.14713758213194014,0.14713758212331307,0.14713758213194014,0.1471375821409787,0.1471375821468204,0.1471375821409787,0.14713758213629827,0.1471375821409787,0.1471375821468204,0.14592511798891636,0.14592511797551774,0.14592511796337929,0.14592511797551774,0.14592511798891636,0.14592511797551774,0.14592511795153607,0.1459251179227536,0.14592511795153607,0.14592511797551774,0.14592511796337929,0.1459251179227536,0.14592511785134898,0.1459251179227536,0.14592511796337929,0.14592511797551774,0.14592511795153607,0.1459251179227536,0.14592511795153607,0.14592511797551774,0.14592511798891636,0.14592511797551774,0.14592511796337929,0.14592511797551774,0.14592511798891636,0.14473660939465582,0.1447366093693721,0.14473660934307409,0.1447366093693721,0.14473660939465582,0.1447366093693721,0.14473660931655438,0.1447366092312276,0.14473660931655438,0.1447366093693721,0.14473660934307409,0.1447366092312276,0.1447366088485325,0.1447366092312276,0.14473660934307409,0.1447366093693721,0.14473660931655438,0.1447366092312276,0.14473660931655438,0.1447366093693721,0.14473660939465582,0.1447366093693721,0.14473660934307409,0.1447366093693721,0.14473660939465582,0.14357153052626706,0.14357153049229637,0.14357153045723073,0.14357153049229637,0.14357153052626706,0.14357153049229637,0.14357153042178142,0.14357153031218584,0.14357153042178142,0.14357153049229637,0.14357153045723073,0.14357153031218584,0.1435715298630663,0.14357153031218584,0.14357153045723073,0.14357153049229637,0.14357153042178142,0.14357153031218584,0.14357153042178142,0.14357153049229637,0.14357153052626706,0.14357153049229637,0.14357153045723073,0.14357153049229637,0.14357153052626706,0.14242936435356185,0.14242936431455733,0.14242936427399858,0.14242936431455733,0.14242936435356185,0.14242936431455733,0.1424293642328329,0.14242936410572754,0.1424293642328329,0.14242936431455733,0.14242936427399858,0.14242936410572754,0.1424293635889747,0.14242936410572754,0.14242936427399858,0.14242936431455733,0.1424293642328329,0.14242936410572754,0.1424293642328329,0.14242936431455733,0.14242936435356185,0.14242936431455733,0.14242936427399858,0.14242936431455733,0.14242936435356185,0.14130960286579808,0.14130960282711164,0.1413096027849643,0.14130960282711164,0.14130960286579808,0.14130960282711164,0.14130960274170684,0.14130960260055916,0.14130960274170684,0.14130960282711164,0.1413096027849643,0.14130960260055916,0.1413096019935697,0.14130960260055916,0.1413096027849643,0.14130960282711164,0.14130960274170684,0.14130960260055916,0.14130960274170684,0.14130960282711164,0.14130960286579808,0.14130960282711164,0.1413096027849643,0.14130960282711164,0.14130960286579808,0.14021174723698818,0.1402117472104687,0.14021174717829843,0.1402117472104687,0.14021174723698818,0.1402117472104687,0.14021174714464316,0.14021174701884545,0.14021174714464316,0.1402117472104687,0.14021174717829843,0.14021174701884545,0.14021174638490377,0.14021174701884545,0.14021174717829843,0.1402117472104687,0.14021174714464316,0.14021174701884545,0.14021174714464316,0.1402117472104687,0.14021174723698818,0.1402117472104687,0.14021174717829843,0.1402117472104687,0.14021174723698818,0.13913530794147463,0.13913530794629736,0.13913530794861478,0.13913530794629736,0.13913530794147463,0.13913530794629736,0.1391353079503028,0.13913530794614998,0.1391353079503028,0.13913530794629736,0.13913530794861478,0.13913530794614998,0.13913530790761605,0.13913530794614998,0.13913530794861478,0.13913530794629736,0.1391353079503028,0.13913530794614998,0.1391353079503028,0.13913530794629736,0.13913530794147463,0.13913530794629736,0.13913530794861478,0.13913530794629736,0.13913530794147463,0.13807980483171403,0.13807980487667806,0.13807980492278815,0.13807980487667806,0.13807980483171403,0.13807980487667806,0.1380798049697708,0.13807980510057738,0.1380798049697708,0.13807980487667806,0.13807980492278815,0.13807980510057738,0.13807980547683557,0.13807980510057738,0.13807980492278815,0.13807980487667806,0.1380798049697708,0.13807980510057738,0.1380798049697708,0.13807980487667806,0.13807980483171403,0.13807980487667806,0.13807980492278815,0.13807980487667806,0.13807980483171403,0.137044767220062,0.13704476730123463,0.13704476740064753,0.13704476730123463,0.137044767220062,0.13704476730123463,0.1370447675039727,0.13704476791448975,0.1370447675039727,0.13704476730123463,0.13704476740064753,0.13704476791448975,0.1370447701994275,0.13704476791448975,0.13704476740064753,0.13704476730123463,0.1370447675039727,0.13704476791448975,0.1370447675039727,0.13704476730123463,0.137044767220062,0.13704476730123463,0.13704476740064753,0.13704476730123463,0.137044767220062,0.13602973393657652,0.13602973399394144,0.13602973405032318,0.13602973399394144,0.13602973393657652,0.13602973399394144,0.13602973410698524,0.13602973425871598,0.13602973410698538,0.13602973399394144,0.13602973405032318,0.13602973425871598,0.13602973468080112,0.13602973425871598,0.13602973405032318,0.13602973399394144,0.13602973410698538,0.13602973425871598,0.13602973410698538,0.13602973399394144,0.13602973393657652,0.13602973399394144,0.13602973405032318,0.13602973399394144,0.13602973393657652,0.1350342534504847,0.1350342534865554,0.13503425351639037,0.1350342534865554,0.1350342534504847,0.1350342534865554,0.1350342535447421,0.1350342536025489,0.1350342535447421,0.1350342534865554,0.13503425351639037,0.1350342536025489,0.1350342537078393,0.1350342536025489,0.13503425351639037,0.1350342534865554,0.1350342535447421,0.1350342536025489,0.1350342535447421,0.1350342534865554,0.1350342534504847,0.1350342534865554,0.13503425351639037,0.1350342534865554,0.1350342534504847
0.16533248743852585,0.16533248743852585,0.16533248743852585,0.16533248743852585,0.16533248743852585,0.16533248743852585,0.16533248743852585,0.16533248743852585,0.16533248743852585,0.16533248743852585,0.16533248743852585,0.16533248743852585,0.16533248743852585,0.16533248743852585,0.16533248743852585,0.16533248743852585,0.16533248743852585,0.16533248743852585,0.16533248743852585,0.16533248743852585,0.16533248743852585,0.16533248743852585,0.16533248743852585,0.16533248743852585,0.16533248743852608,0.16375749372673332,0.16375749372673332,0.16375749372673332,0.16375749372673332,0.16375749372673332,0.16375749372673332,0.16375749372673332,0.16375749372673332,0.16375749372673332,0.16375749372673332,0.16375749372673332,0.16375749372673332,0.16375749372673332,0.16375749372673332,0.16375749372673332,0.16375749372673332,0.16375749372673332,0.16375749372673332,0.16375749372673332,0.16375749372673332,0.16375749372673332,0.16375749372673332,0.16375749372673332,0.16375749372673332,0.16375749372673332,0.16221388394678513,0.16221388394678513,0.16221388394678513,0.16221388394678513,0.16221388394678513,0.16221388394678513,0.16221388394678513,0.16221388394678513,0.16221388394678513,0.16221388394678513,0.16221388394678513,0.16221388394678513,0.16221388394678513,0.16221388394678513,0.16221388394678513,0.16221388394678513,0.16221388394678513,0.16221388394678513,0.16221388394678513,0.16221388394678513,0.16221388394678513,0.16221388394678513,0.16221388394678513,0.16221388394678513,0.16221388394678513,0.16070106705572387,0.16070106705572368,0.16070106705572368,0.16070106705572368,0.16070106705572387,0.16070106705572368,0.16070106705572368,0.16070106705572368,0.16070106705572368,0.16070106705572368,0.16070106705572368,0.16070106705572368,0.16070106705572343,0.16070106705572368,0.16070106705572368,0.16070106705572368,0.16070106705572368,0.16070106705572368,0.16070106705572368,0.16070106705572368,0.16070106705572387,0.16070106705572368,0.16070106705572368,0.16070106705572368,0.16070106705572387,0.15921845142852936,0.15921845142852895,0.15921845142852875,0.15921845142852895,0.15921845142852936,0.15921845142852895,0.15921845142852875,0.15921845142852853,0.15921845142852875,0.15921845142852895,0.15921845142852875,0.15921845142852853,0.15921845142852828,0.15921845142852853,0.15921845142852875,0.15921845142852895,0.15921845142852875,0.15921845142852853,0.15921845142852875,0.15921845142852895,0.15921845142852936,0.15921845142852895,0.15921845142852875,0.15921845142852895,0.15921845142852936,0.15776544620997054,0.1577654462099695,0.15776544620996863,0.1577654462099695,0.15776544620997054,0.1577654462099695,0.1577654462099682,0.15776544620996757,0.1577654462099682,0.1577654462099695,0.15776544620996863,0.15776544620996757,0.15776544620996694,0.15776544620996757,0.15776544620996863,0.1577654462099695,0.1577654462099682,0.15776544620996757,0.1577654462099682,0.1577654462099695,0.15776544620997054,0.1577654462099695,0.15776544620996863,0.1577654462099695,0.15776544620997054,0.15634146252892828,0.15634146252892495,0.15634146252892261,0.15634146252892495,0.15634146252892828,0.15634146252892495,0.1563414625289214,0.15634146252891912,0.1563414625289214,0.15634146252892495,0.15634146252892261,0.15634146252891912,0.15634146252891698,0.15634146252891912,0.15634146252892261,0.15634146252892495,0.1563414625289214,0.15634146252891912,0.1563414625289214,0.15634146252892495,0.15634146252892828,0.15634146252892495,0.15634146252892261,0.15634146252892495,0.15634146252892828,0.15494591458545823,0.15494591458544799,0.15494591458544144,0.15494591458544799,0.15494591458545823,0.15494591458544799,0.15494591458543694,0.15494591458542994,0.15494591458543694,0.15494591458544799,0.15494591458544144,0.15494591458542994,0.1549459145854228,0.15494591458542994,0.15494591458544144,0.15494591458544799,0.15494591458543694,0.15494591458542994,0.15494591458543694,0.15494591458544799,0.15494591458545823,0.15494591458544799,0.15494591458544144,0.15494591458544799,0.15494591458545823,0.15357822062030235,0.15357822062027043,0.15357822062025034,0.15357822062027043,0.15357822062030235,0.15357822062027043,0.15357822062023607,0.1535782206202142,0.15357822062023607,0.15357822062027043,0.15357822062025034,0.1535782206202142,0.1535782206201909,0.1535782206202142,0.15357822062025034,0.15357822062027043,0.15357822062023607,0.1535782206202142,0.15357822062023607,0.15357822062027043,0.15357822062030235,0.15357822062027043,0.15357822062025034,0.15357822062027043,0.15357822062030235,0.15223780377600904,0.15223780377591317,0.15223780377585155,0.15223780377591317,0.15223780377600904,0.15223780377591317,0.15223780377580587,0.15223780377573543,0.15223780377580587,0.15223780377591317,0.15223780377585155,0.15223780377573543,0.15223780377565807,0.15223780377573543,0.15223780377585155,0.15223780377591317,0.15223780377580587,0.15223780377573543,0.15223780377580587,0.15223780377591317,0.15223780377600904,0.15223780377591317,0.15223780377585155,0.15223780377591317,0.15223780377600904,0.15092409285830122,0.15092409285801744,0.1509240928578297,0.15092409285801744,0.15092409285830122,0.15092409285801744,0.1509240928576833,0.1509240928574543,0.1509240928576833,0.15092409285801744,0.1509240928578297,0.1509240928574543,0.1509240928571875,0.1509240928574543,0.1509240928578297,0.15092409285801744,0.1509240928576833,0.1509240928574543,0.1509240928576833,0.15092409285801744,0.15092409285830122,0.15092409285801744,0.1509240928578297,0.15092409285801744,0.15092409285830122,0.14963652300583102,0.14963652300501548,0.14963652300445276,0.14963652300501548,0.14963652300583102,0.14963652300501548,0.14963652300398705,0.14963652300322694,0.14963652300398705,0.14963652300501548,0.14963652300445276,0.14963652300322694,0.14963652300228095,0.14963652300322694,0.14963652300445276,0.14963652300501548,0.14963652300398705,0.14963652300322694,0.14963652300398705,0.14963652300501548,0.14963652300583102,0.14963652300501548,0.14963652300445276,0.14963652300501548,0.14963652300583102,0.14837453627607056,0.148374536273829,0.14837453627218716,0.148374536273829,0.14837453627607056,0.148374536273829,0.1483745362707375,0.14837453626821923,0.1483745362707375,0.148374536273829,0.14837453627218716,0.14837453626821923,0.14837453626464775,0.14837453626821923,0.14837453627218716,0.148374536273829,0.1483745362707375,0.14837453626821923,0.1483745362707375,0.148374536273829,0.14837453627607056,0.148374536273829,0.14837453627218716,0.148374536273829,0.14837453627607056,0.14713758215479497,0.14713758214904463,0.14713758214443687,0.14713758214904463,0.14713758215479497,0.14713758214904463,0.14713758214014597,0.14713758213165004,0.14713758214014597,0.14713758214904463,0.14713758214443687,0.14713758213165004,0.14713758211673472,0.14713758213165004,0.14713758214443687,0.14713758214904463,0.14713758214014597,0.14713758213165004,0.14713758214014597,0.14713758214904463,0.14713758215479497,0.14713758214904463,0.14713758214443687,0.14713758214904463,0.14713758215479497,0.14592511799639415,0.1459251179832085,0.14592511797125984,0.1459251179832085,0.14592511799639415,0.1459251179832085,0.1459251179596006,0.1459251179312565,0.1459251179596006,0.1459251179832085,0.14592511797125984,0.1459251179312565,0.1459251178609139,0.1459251179312565,0.14592511797125984,0.1459251179832085,0.1459251179596006,0.1459251179312565,0.1459251179596006,0.1459251179832085,0.14592511799639415,0.1459251179832085,0.14592511797125984,0.1459251179832085,0.14592511799639415,0.14473660940119465,0.14473660937632496,0.14473660935044724,0.14473660937632496,0.14473660940119465,0.14473660937632496,0.1447366093243489,0.14473660924033302,0.1447366093243489,0.14473660937632496,0.14473660935044724,0.14473660924033302,0.14473660886327674,0.14473660924033302,0.14473660935044724,0.14473660937632496,0.1447366093243489,0.14473660924033302,0.1447366093243489,0.14473660937632496,0.14473660940119465,0.14473660937632496,0.14473660935044724,0.14473660937632496,0.14473660940119465,0.1435715305310033,0.1435715304976296,0.14357153046317364,0.1435715304976296,0.1435715305310033,0.1435715304976296,0.14357153042833862,0.14357153032061656,0.14357153042833862,0.1435715304976296,0.14357153046317364,0.14357153032061656,0.14357152987906296,0.14357153032061656,0.14357153046317364,0.1435715304976296,0.14357153042833862,0.14357153032061656,0.14357153042833862,0.1435715304976296,0.1435715305310033,0.1435715304976296,0.14357153046317364,0.1435715304976296,0.1435715305310033,0.1424293643552419,0.1424293643169763,0.14242936427718586,0.1424293643169763,0.1424293643552419,0.1424293643169763,0.14242936423679975,0.1424293641121018,0.14242936423679975,0.1424293643169763,0.14242936427718586,0.1424293641121018,0.14242936360512723,0.1424293641121018,0.14242936427718586,0.1424293643169763,0.14242936423679975,0.1424293641121018,0.14242936423679975,0.1424293643169763,0.1424293643552419,0.1424293643169763,0.14242936427718586,0.1424293643169763,0.1424293643552419,0.14130960286285843,0.1413096028249522,0.14130960278365862,0.1413096028249522,0.14130960286285843,0.1413096028249522,0.1413096027412784,0.1413096026030089,0.1413096027412784,0.1413096028249522,0.14130960278365862,0.1413096026030089,0.1413096020084496,0.1413096026030089,0.14130960278365862,0.1413096028249522,0.1413096027412784,0.1413096026030089,0.1413096027412784,0.1413096028249522,0.14130960286285843,0.1413096028249522,0.14130960278365862,0.1413096028249522,0.14130960286285843,0.14021174722775873,0.1402117472018094,0.1402117471703291,0.1402117472018094,0.14021174722775873,0.1402117472018094,0.14021174713739532,0.14021174701429698,0.14021174713739532,0.1402117472018094,0.1402117471703291,0.14021174701429698,0.1402117463940023,0.14021174701429698,0.1402117471703291,0.1402117472018094,0.14021174713739532,0.14021174701429698,0.14021174713739532,0.1402117472018094,0.14021174722775873,0.1402117472018094,0.1402117471703291,0.1402117472018094,0.14021174722775873,0.1391353079246961,0.1391353079294725,0.13913530793178963,0.1391353079294725,0.1391353079246961,0.1391353079294725,0.13913530793348933,0.1391353079295288,0.13913530793348933,0.1391353079294725,0.13913530793178963,0.1391353079295288,0.13913530789202608,0.1391353079295288,0.13913530793178963,0.1391353079294725,0.13913530793348933,0.1391353079295288,0.13913530793348933,0.1391353079294725,0.1391353079246961,0.1391353079294725,0.13913530793178963,0.1391353079294725,0.1391353079246961,0.1380798048073826,0.13807980485152058,0.13807980489677948,0.13807980485152058,0.1380798048073826,0.13807980485152058,0.13807980494289376,0.13807980507127035,0.13807980494289376,0.13807980485152058,0.13807980489677948,0.13807980507127035,0.1380798054405041,0.13807980507127035,0.13807980489677948,0.13807980485152058,0.13807980494289376,0.13807980507127035,0.13807980494289376,0.13807980485152058,0.1380798048073826,0.13807980485152058,0.13807980489677948,0.13807980485152058,0.1380798048073826,0.13704476718978018,0.13704476726943227,0.1370447673669792,0.13704476726943227,0.13704476718978018,0.13704476726943227,0.13704476746836386,0.1370447678711588,0.13704476746836386,0.13704476726943227,0.1370447673669792,0.1370447678711588,0.13704477011305724,0.1370447678711588,0.1370447673669792,0.13704476726943227,0.13704476746836386,0.1370447678711588,0.13704476746836386,0.13704476726943227,0.13704476718978018,0.13704476726943227,0.1370447673669792,0.13704476726943227,0.13704476718978018,0.13602973390339682,0.13602973395968457,0.1360297340150066,0.13602973395968457,0.13602973390339682,0.13602973395968457,0.13602973407060343,0.13602973421947953,0.13602973407060343,0.13602973395968457,0.1360297340150066,0.13602973421947953,0.1360297346336188,0.13602973421947953,0.1360297340150066,0.13602973395968457,0.13602973407060343,0.13602973421947953,0.13602973407060343,0.13602973395968457,0.13602973390339682,0.13602973395968457,0.1360297340150066,0.13602973395968457,0.13602973390339682,0.1350342534165802,0.13503425345197312,0.13503425348124706,0.13503425345197312,0.1350342534165802,0.13503425345197312,0.13503425350906567,0.13503425356578488,0.13503425350906567,0.13503425345197312,0.13503425348124706,0.13503425356578488,0.13503425366909363,0.13503425356578488,0.13503425348124706,0.13503425345197312,0.13503425350906567,0.13503425356578488,0.13503425350906567,0.13503425345197312,0.1350342534165802,0.13503425345197312,0.13503425348124706,0.13503425345197312,0.1350342534165802
0.16533248744901574,0.16533248744901574,0.16533248744901574,0.16533248744901574,0.16533248744901574,0.16533248744901574,0.16533248744901574,0.16533248744901574,0.16533248744901574,0.16533248744901574,0.16533248744901574,0.16533248744901574,0.16533248744901574,0.16533248744901574,0.16533248744901574,0.16533248744901574,0.16533248744901574,0.16533248744901574,0.16533248744901574,0.16533248744901574,0.16533248744901574,0.16533248744901574,0.16533248744901574,0.16533248744901574,0.16533248744901574,0.16375749373701107,0.16375749373701107,0.16375749373701085,0.16375749373701107,0.16375749373701107,0.16375749373701107,0.16375749373701085,0.16375749373701085,0.16375749373701085,0.16375749373701107,0.16375749373701085,0.16375749373701085,0.16375749373701085,0.16375749373701085,0.16375749373701085,0.16375749373701107,0.16375749373701085,0.16375749373701085,0.16375749373701085,0.16375749373701085,0.16375749373701107,0.16375749373701107,0.16375749373701085,0.16375749373701085,0.16375749373701107,0.16221388395685185,0.16221388395685185,0.16221388395685185,0.16221388395685185,0.16221388395685185,0.16221388395685185,0.16221388395685185,0.16221388395685185,0.16221388395685185,0.16221388395685185,0.16221388395685185,0.16221388395685185,0.1622138839568516,0.16221388395685185,0.16221388395685185,0.16221388395685185,0.16221388395685185,0.16221388395685185,0.16221388395685185,0.16221388395685185,0.16221388395685185,0.16221388395685185,0.16221388395685185,0.16221388395685185,0.16221388395685185,0.1607010670655806,0.1607010670655806,0.1607010670655806,0.1607010670655806,0.1607010670655806,0.1607010670655806,0.16070106706558035,0.16070106706558035,0.16070106706558035,0.1607010670655806,0.1607010670655806,0.16070106706558035,0.16070106706558035,0.16070106706558035,0.1607010670655806,0.1607010670655806,0.16070106706558035,0.16070106706558035,0.16070106706558035,0.1607010670655806,0.1607010670655806,0.1607010670655806,0.1607010670655806,0.1607010670655806,0.1607010670655806,0.1592184514381775,0.15921845143817706,0.15921845143817687,0.15921845143817706,0.1592184514381775,0.15921845143817706,0.15921845143817687,0.15921845143817664,0.15921845143817687,0.15921845143817706,0.15921845143817687,0.15921845143817664,0.15921845143817642,0.15921845143817664,0.15921845143817687,0.15921845143817706,0.15921845143817687,0.15921845143817664,0.15921845143817687,0.15921845143817706,0.1592184514381775,0.15921845143817706,0.15921845143817687,0.15921845143817706,0.1592184514381775,0.15776544621941083,0.15776544621940974,0.1577654462194091,0.15776544621940974,0.15776544621941083,0.15776544621940974,0.1577654462194087,0.15776544621940805,0.1577654462194087,0.15776544621940974,0.1577654462194091,0.15776544621940805,0.1577654462194072,0.15776544621940805,0.1577654462194091,0.15776544621940974,0.1577654462194087,0.15776544621940805,0.1577654462194087,0.15776544621940974,0.15776544621941083,0.15776544621940974,0.1577654462194091,0.15776544621940974,0.15776544621941083,0.1563414625381618,0.15634146253815848,0.15634146253815637,0.15634146253815848,0.1563414625381618,0.15634146253815848,0.15634146253815512,0.15634146253815284,0.15634146253815512,0.15634146253815848,0.15634146253815637,0.15634146253815284,0.15634146253815073,0.15634146253815284,0.15634146253815637,0.15634146253815848,0.15634146253815512,0.15634146253815284,0.15634146253815512,0.15634146253815848,0.1563414625381618,0.15634146253815848,0.15634146253815637,0.15634146253815848,0.1563414625381618,0.15494591459448592,0.15494591459447565,0.1549459145944693,0.15494591459447565,0.15494591459448592,0.15494591459447565,0.1549459145944648,0.15494591459445803,0.1549459145944648,0.15494591459447565,0.1549459145944693,0.15494591459445803,0.1549459145944511,0.15494591459445803,0.1549459145944693,0.15494591459447565,0.1549459145944648,0.15494591459445803,0.15494591459446502,0.15494591459447565,0.15494591459448592,0.15494591459447565,0.1549459145944693,0.15494591459447565,0.15494591459448592,0.1535782206291246,0.15357822062909326,0.1535782206290736,0.15357822062909326,0.1535782206291246,0.15357822062909326,0.15357822062905954,0.15357822062903784,0.15357822062905954,0.15357822062909326,0.1535782206290736,0.15357822062903784,0.15357822062901494,0.15357822062903784,0.1535782206290736,0.15357822062909326,0.15357822062905954,0.15357822062903784,0.15357822062905954,0.15357822062909326,0.1535782206291246,0.15357822062909326,0.1535782206290736,0.15357822062909326,0.1535782206291246,0.15223780378462626,0.15223780378453178,0.15223780378447097,0.15223780378453178,0.15223780378462626,0.15223780378453178,0.15223780378442606,0.15223780378435658,0.15223780378442606,0.15223780378453178,0.15223780378447097,0.15223780378435658,0.15223780378428042,0.15223780378435658,0.15223780378447097,0.15223780378453178,0.15223780378442606,0.15223780378435658,0.15223780378442606,0.15223780378453178,0.15223780378462626,0.15223780378453178,0.15223780378447097,0.15223780378453178,0.15223780378462626,0.15092409286671116,0.15092409286643182,0.1509240928662468,0.15092409286643182,0.15092409286671116,0.15092409286643182,0.1509240928661027,0.1509240928658768,0.1509240928661027,0.15092409286643182,0.1509240928662468,0.1509240928658768,0.15092409286561403,0.1509240928658768,0.1509240928662468,0.15092409286643182,0.1509240928661027,0.1509240928658768,0.1509240928661027,0.15092409286643182,0.15092409286671116,0.15092409286643182,0.1509240928662468,0.15092409286643182,0.15092409286671116,0.14963652301402647,0.14963652301322306,0.14963652301266883,0.14963652301322306,0.14963652301402647,0.14963652301322306,0.14963652301221014,0.14963652301146096,0.14963652301221014,0.14963652301322306,0.14963652301266883,0.14963652301146096,0.14963652301052938,0.14963652301146096,0.14963652301266883,0.14963652301322306,0.14963652301221014,0.14963652301146096,0.14963652301221014,0.14963652301322306,0.14963652301402647,0.14963652301322306,0.14963652301266883,0.14963652301322306,0.14963652301402647,0.1483745362840273,0.14837453628181968,0.14837453628020264,0.14837453628181968,0.1483745362840273,0.14837453628181968,0.14837453627877453,0.14837453627629388,0.14837453627877453,0.14837453628181968,0.14837453628020264,0.14837453627629388,0.14837453627277483,0.14837453627629388,0.14837453628020264,0.14837453628181968,0.14837453627877453,0.14837453627629388,0.14837453627877453,0.14837453628181968,0.1483745362840273,0.14837453628181968,0.14837453628020264,0.14837453628181968,0.1483745362840273,0.147137582162444,0.14713758215678174,0.14713758215224343,0.14713758215678174,0.147137582162444,0.14713758215678174,0.14713758214801717,0.1471375821396475,0.14713758214801717,0.14713758215678174,0.14713758215224343,0.1471375821396475,0.14713758212495037,0.1471375821396475,0.14713758215224343,0.14713758215678174,0.14713758214801717,0.1471375821396475,0.14713758214801717,0.14713758215678174,0.147137582162444,0.14713758215678174,0.14713758215224343,0.14713758215678174,0.147137582162444,0.1459251180035543,0.14592511799057323,0.14592511797880695,0.14592511799057323,0.1459251180035543,0.14592511799057323,0.14592511796732466,0.1459251179394017,0.14592511796732466,0.14592511799057323,0.14592511797880695,0.1459251179394017,0.14592511787007992,0.1459251179394017,0.14592511797880695,0.14592511799057323,0.14592511796732466,0.1459251179394017,0.14592511796732466,0.14592511799057323,0.1459251180035543,0.14592511799057323,0.14592511797880695,0.14592511799057323,0.1459251180035543,0.1447366094074409,0.144736609382969,0.14473660935749505,0.144736609382969,0.1447366094074409,0.144736609382969,0.14473660933180182,0.1447366092490455,0.14473660933180182,0.144736609382969,0.14473660935749505,0.1447366092490455,0.14473660887742712,0.1447366092490455,0.14473660935749505,0.144736609382969,0.14473660933180182,0.1447366092490455,0.14473660933180182,0.144736609382969,0.1447366094074409,0.144736609382969,0.14473660935749505,0.144736609382969,0.1447366094074409,0.14357153053550614,0.14357153050270585,0.14357153046883525,0.14357153050270585,0.14357153053550614,0.14357153050270585,0.1435715304345906,0.14357153032866812,0.1435715304345906,0.14357153050270585,0.14357153046883525,0.14357153032866812,0.1435715298944147,0.14357153032866812,0.14357153046883525,0.14357153050270585,0.1435715304345906,0.14357153032866812,0.14357153043459076,0.14357153050270585,0.14357153053550614,0.14357153050270585,0.14357153046883525,0.14357153050270585,0.14357153053550614,0.14242936435679812,0.14242936431924197,0.1424293642801893,0.14242936431924197,0.14242936435679812,0.14242936431924197,0.14242936424055183,0.1424293641181655,0.14242936424055183,0.14242936431924197,0.1424293642801893,0.1424293641181655,0.142429363620571,0.1424293641181655,0.1424293642801893,0.14242936431924197,0.14242936424055183,0.1424293641181655,0.14242936424055183,0.14242936431924197,0.14242936435679812,0.14242936431924197,0.1424293642801893,0.14242936431924197,0.14242936435679812,0.1413096028599673,0.14130960282281002,0.1413096027823363,0.14130960282281002,0.1413096028599673,0.14130960282281002,0.141309602740798,0.14130960260529185,0.141309602740798,0.14130960282281002,0.1413096027823363,0.14130960260529185,0.14130960202268184,0.14130960260529185,0.1413096027823363,0.14130960282281002,0.141309602740798,0.14130960260529185,0.141309602740798,0.14130960282281002,0.1413096028599673,0.14130960282281002,0.1413096027823363,0.14130960282281002,0.1413096028599673,0.1402117472188177,0.1402117471934157,0.14021174716259802,0.1402117471934157,0.1402117472188177,0.1402117471934157,0.1402117471303568,0.14021174700984962,0.1402117471303568,0.1402117471934157,0.14021174716259802,0.14021174700984962,0.1402117464026685,0.14021174700984962,0.14021174716259802,0.1402117471934157,0.1402117471303568,0.14021174700984962,0.1402117471303568,0.1402117471934157,0.1402117472188177,0.1402117471934157,0.14021174716259802,0.1402117471934157,0.1402117472188177,0.13913530790849785,0.13913530791322953,0.13913530791554618,0.13913530791322953,0.13913530790849785,0.13913530791322953,0.1391353079172571,0.13913530791348078,0.1391353079172571,0.13913530791322953,0.13913530791554618,0.13913530791348078,0.13913530787696765,0.13913530791348078,0.13913530791554618,0.13913530791322953,0.1391353079172571,0.13913530791348078,0.1391353079172571,0.13913530791322953,0.13913530790849785,0.13913530791322953,0.13913530791554618,0.13913530791322953,0.13913530790849785,0.138079804783925,0.13807980482726948,0.138079804871711,0.13807980482726948,0.138079804783925,0.13807980482726948,0.1380798049169913,0.13807980504303438,0.1380798049169913,0.13807980482726948,0.138079804871711,0.13807980504303438,0.13807980540552198,0.13807980504303438,0.138079804871711,0.13807980482726948,0.1380798049169913,0.13807980504303438,0.1380798049169913,0.13807980482726948,0.138079804783925,0.13807980482726948,0.138079804871711,0.13807980482726948,0.138079804783925,0.13704476716060401,0.13704476723879605,0.13704476733455073,0.13704476723879605,0.13704476716060401,0.13704476723879605,0.137044767434072,0.13704476782945116,0.137044767434072,0.13704476723879605,0.13704476733455073,0.13704476782945116,0.13704477003003943,0.13704476782945116,0.13704476733455073,0.13704476723879605,0.137044767434072,0.13704476782945116,0.137044767434072,0.13704476723879605,0.13704476716060401,0.13704476723879605,0.13704476733455073,0.13704476723879605,0.13704476716060401,0.13602973387143555,0.13602973392668882,0.13602973398099336,0.13602973392668882,0.13602973387143555,0.13602973392668882,0.13602973403556703,0.1360297341817018,0.13602973403556703,0.13602973392668882,0.13602973398099336,0.1360297341817018,0.1360297345882104,0.1360297341817018,0.13602973398099336,0.13602973392668882,0.13602973403556703,0.1360297341817018,0.13602973403556703,0.13602973392668882,0.13602973387143555,0.13602973392668882,0.13602973398099336,0.13602973392668882,0.13602973387143555,0.13503425338392272,0.13503425341866473,0.13503425344739994,0.13503425341866473,0.13503425338392272,0.13503425341866473,0.13503425347470654,0.13503425353038132,0.13503425347470654,0.13503425341866473,0.13503425344739994,0.13503425353038132,0.13503425363178703,0.13503425353038132,0.13503425344739994,0.13503425341866473,0.13503425347470654,0.13503425353038132,0.13503425347470654,0.13503425341866473,0.13503425338392272,0.13503425341866473,0.13503425344739994,0.13503425341866473,0.13503425338392272
0.16533248745912663,0.16533248745912663,0.16533248745912663,0.16533248745912663,0.16533248745912663,0.16533248745912663,0.16533248745912663,0.16533248745912663,0.16533248745912663,0.16533248745912663,0.16533248745912663,0.16533248745912663,0.16533248745912663,0.16533248745912663,0.16533248745912663,0.16533248745912663,0.16533248745912663,0.16533248745912663,0.16533248745912663,0.16533248745912663,0.16533248745912663,0.16533248745912663,0.16533248745912663,0.16533248745912663,0.16533248745912663,0.16375749374691695,0.16375749374691695,0.16375749374691695,0.16375749374691695,0.16375749374691695,0.16375749374691695,0.16375749374691695,0.16375749374691695,0.16375749374691695,0.16375749374691695,0.16375749374691695,0.16375749374691695,0.16375749374691695,0.16375749374691695,0.16375749374691695,0.16375749374691695,0.16375749374691695,0.16375749374691695,0.16375749374691695,0.16375749374691695,0.16375749374691695,0.16375749374691695,0.16375749374691695,0.16375749374691695,0.16375749374691695,0.16221388396655384,0.16221388396655384,0.16221388396655384,0.16221388396655384,0.16221388396655384,0.16221388396655384,0.16221388396655384,0.16221388396655384,0.16221388396655384,0.16221388396655384,0.16221388396655384,0.16221388396655384,0.16221388396655384,0.16221388396655384,0.16221388396655384,0.16221388396655384,0.16221388396655384,0.16221388396655384,0.16221388396655384,0.16221388396655384,0.16221388396655384,0.16221388396655384,0.16221388396655384,0.16221388396655384,0.16221388396655384,0.16070106707507964,0.1607010670750794,0.1607010670750794,0.1607010670750794,0.16070106707507964,0.1607010670750794,0.1607010670750794,0.16070106707507917,0.1607010670750794,0.1607010670750794,0.1607010670750794,0.16070106707507917,0.16070106707507917,0.16070106707507917,0.1607010670750794,0.1607010670750794,0.1607010670750794,0.16070106707507917,0.1607010670750794,0.1607010670750794,0.16070106707507964,0.1607010670750794,0.1607010670750794,0.1607010670750794,0.16070106707507964,0.159218451447474,0.15921845144747357,0.15921845144747337,0.15921845144747357,0.159218451447474,0.15921845144747357,0.15921845144747337,0.15921845144747312,0.15921845144747337,0.15921845144747357,0.15921845144747337,0.15921845144747312,0.15921845144747293,0.15921845144747312,0.15921845144747337,0.15921845144747357,0.15921845144747337,0.15921845144747312,0.15921845144747337,0.15921845144747357,0.159218451447474,0.15921845144747357,0.15921845144747337,0.15921845144747357,0.159218451447474,0.15776544622850566,0.15776544622850458,0.15776544622850394,0.15776544622850458,0.15776544622850566,0.15776544622850458,0.1577654462285035,0.1577654462285029,0.1577654462285035,0.15776544622850458,0.15776544622850394,0.1577654462285029,0.15776544622850225,0.1577654462285029,0.15776544622850394,0.15776544622850458,0.1577654462285035,0.1577654462285029,0.1577654462285035,0.15776544622850458,0.15776544622850566,0.15776544622850458,0.15776544622850394,0.15776544622850458,0.15776544622850566,0.15634146254705555,0.15634146254705242,0.1563414625470503,0.15634146254705242,0.15634146254705555,0.15634146254705242,0.15634146254704887,0.15634146254704676,0.15634146254704887,0.15634146254705242,0.1563414625470503,0.15634146254704676,0.15634146254704467,0.15634146254704676,0.1563414625470503,0.15634146254705242,0.15634146254704887,0.15634146254704676,0.15634146254704887,0.15634146254705242,0.15634146254705555,0.15634146254705242,0.1563414625470503,0.15634146254705242,0.15634146254705555,0.15494591460317933,0.1549459146031693,0.15494591460316293,0.1549459146031693,0.15494591460317933,0.1549459146031693,0.15494591460315862,0.15494591460315188,0.15494591460315862,0.1549459146031693,0.15494591460316293,0.15494591460315188,0.1549459146031449,0.15494591460315188,0.15494591460316293,0.1549459146031693,0.15494591460315862,0.15494591460315188,0.15494591460315862,0.1549459146031693,0.15494591460317933,0.1549459146031693,0.15494591460316293,0.1549459146031693,0.15494591460317933,0.15357822063761806,0.1535782206375871,0.15357822063756763,0.1535782206375871,0.15357822063761806,0.1535782206375871,0.15357822063755378,0.1535782206375325,0.15357822063755378,0.1535782206375871,0.15357822063756763,0.1535782206375325,0.1535782206375098,0.1535782206375325,0.15357822063756763,0.1535782206375871,0.15357822063755378,0.1535782206375325,0.15357822063755378,0.1535782206375871,0.15357822063761806,0.1535782206375871,0.15357822063756763,0.1535782206375871,0.15357822063761806,0.15223780379291948,0.1522378037928264,0.15223780379276636,0.1522378037928264,0.15223780379291948,0.1522378037928264,0.15223780379272206,0.1522378037926536,0.15223780379272206,0.1522378037928264,0.15223780379276636,0.1522378037926536,0.15223780379257856,0.1522378037926536,0.15223780379276636,0.1522378037928264,0.15223780379272206,0.1522378037926536,0.15223780379272206,0.1522378037928264,0.15223780379291948,0.1522378037928264,0.15223780379276636,0.1522378037928264,0.15223780379291948,0.15092409287480224,0.15092409287452677,0.15092409287434444,0.15092409287452677,0.15092409287480224,0.15092409287452677,0.15092409287420244,0.15092409287397981,0.15092409287420244,0.15092409287452677,0.15092409287434444,0.15092409287397981,0.15092409287372052,0.15092409287397981,0.15092409287434444,0.15092409287452677,0.15092409287420244,0.15092409287397981,0.15092409287420244,0.15092409287452677,0.15092409287480224,0.15092409287452677,0.15092409287434444,0.15092409287452677,0.15092409287480224,0.14963652302190786,0.14963652302111635,0.1496365230205703,0.14963652302111635,0.14963652302190786,0.14963652302111635,0.14963652302011798,0.14963652301937963,0.14963652302011798,0.14963652302111635,0.1496365230205703,0.14963652301937963,0.14963652301846145,0.14963652301937963,0.1496365230205703,0.14963652302111635,0.14963652302011798,0.14963652301937963,0.14963652302011798,0.14963652302111635,0.14963652302190786,0.14963652302111635,0.1496365230205703,0.14963652302111635,0.14963652302190786,0.14837453629167588,0.148374536289501,0.14837453628790775,0.148374536289501,0.14837453629167588,0.148374536289501,0.14837453628650019,0.14837453628405567,0.14837453628650019,0.148374536289501,0.14837453628790775,0.14837453628405567,0.14837453628058742,0.14837453628405567,0.14837453628790775,0.148374536289501,0.14837453628650019,0.14837453628405567,0.14837453628650019,0.148374536289501,0.14837453629167588,0.148374536289501,0.14837453628790775,0.148374536289501,0.14837453629167588,0.1471375821697935,0.1471375821642157,0.14713758215974457,0.1471375821642157,0.1471375821697935,0.1471375821642157,0.14713758215558026,0.14713758214733214,0.14713758215558026,0.1471375821642157,0.14713758215974457,0.14713758214733214,0.1471375821328448,0.14713758214733214,0.14713758215974457,0.1471375821642157,0.14713758215558026,0.14713758214733214,0.14713758215558026,0.1471375821642157,0.1471375821697935,0.1471375821642157,0.14713758215974457,0.1471375821642157,0.1471375821697935,0.14592511801043023,0.14592511799764593,0.14592511798605504,0.14592511799764593,0.14592511801043023,0.14592511799764593,0.14592511797474297,0.1459251179472253,0.14592511797474297,0.14592511799764593,0.14592511798605504,0.1459251179472253,0.14592511787888535,0.1459251179472253,0.14592511798605504,0.14592511799764593,0.14592511797474297,0.1459251179472253,0.14592511797474297,0.14592511799764593,0.14592511801043023,0.14592511799764593,0.14592511798605504,0.14592511799764593,0.14592511801043023,0.14473660941343494,0.14473660938934532,0.1447366093642599,0.14473660938934532,0.14473660941343494,0.14473660938934532,0.1447366093389561,0.14473660925741147,0.1447366093389561,0.14473660938934532,0.1447366093642599,0.14473660925741147,0.1447366088910354,0.14473660925741147,0.1447366093642599,0.14473660938934532,0.1447366093389561,0.14473660925741147,0.1447366093389561,0.14473660938934532,0.14473660941343494,0.14473660938934532,0.1447366093642599,0.14473660938934532,0.14473660941343494,0.14357153053982075,0.14357153050757163,0.14357153047426396,0.14357153050757163,0.14357153053982075,0.14357153050757163,0.14357153044058674,0.14357153033639403,0.14357153044058674,0.14357153050757163,0.14357153047426396,0.14357153033639403,0.14357152990912478,0.14357153033639403,0.14357153047426396,0.14357153050757163,0.14357153044058674,0.14357153033639403,0.14357153044058674,0.14357153050757163,0.14357153053982075,0.14357153050757163,0.14357153047426396,0.14357153050757163,0.14357153053982075,0.14242936435827672,0.1424293643214023,0.14242936428305855,0.1424293643214023,0.14242936435827672,0.1424293643214023,0.14242936424414077,0.14242936412397594,0.14242936424414077,0.1424293643214023,0.14242936428305855,0.14242936412397594,0.14242936363541248,0.14242936412397594,0.14242936428305855,0.1424293643214023,0.14242936424414077,0.14242936412397594,0.14242936424414077,0.1424293643214023,0.14242936435827672,0.1424293643214023,0.14242936428305855,0.1424293643214023,0.14242936435827672,0.14130960285716776,0.14130960282073035,0.14130960278104426,0.14130960282073035,0.14130960285716776,0.14130960282073035,0.1413096027403153,0.1413096026074641,0.1413096027403153,0.14130960282073035,0.14130960278104426,0.1413096026074641,0.14130960203635107,0.1413096026074641,0.14130960278104426,0.14130960282073035,0.1413096027403153,0.1413096026074641,0.1413096027403153,0.14130960282073035,0.14130960285716776,0.14130960282073035,0.14130960278104426,0.14130960282073035,0.14130960285716776,0.14021174721020085,0.14021174718532467,0.14021174715514348,0.14021174718532467,0.14021174721020085,0.14021174718532467,0.1402117471235677,0.14021174700555014,0.1402117471235677,0.14021174718532467,0.14021174715514348,0.14021174700555014,0.1402117464109577,0.14021174700555014,0.14021174715514348,0.14021174718532467,0.1402117471235677,0.14021174700555014,0.1402117471235677,0.14021174718532467,0.14021174721020085,0.14021174718532467,0.14021174715514348,0.14021174718532467,0.14021174721020085,0.13913530789290393,0.1391353078975924,0.1391353078999086,0.1391353078975924,0.13913530789290393,0.1391353078975924,0.13913530790163026,0.13913530789803072,0.13913530790163026,0.1391353078975924,0.1391353078999086,0.13913530789803072,0.13913530786246786,0.13913530789803072,0.1391353078999086,0.1391353078975924,0.13913530790163026,0.13913530789803072,0.13913530790163026,0.1391353078975924,0.13913530789290393,0.1391353078975924,0.1391353078999086,0.1391353078975924,0.13913530789290393,0.13807980476135254,0.13807980480393447,0.13807980484759041,0.13807980480393447,0.13807980476135254,0.13807980480393447,0.13807980489206934,0.13807980501586958,0.13807980489206934,0.13807980480393447,0.13807980484759041,0.13807980501586958,0.13807980537187364,0.13807980501586958,0.13807980484759041,0.13807980480393447,0.13807980489206934,0.13807980501586958,0.13807980489206934,0.13807980480393447,0.13807980476135254,0.13807980480393447,0.13807980484759041,0.13807980480393447,0.13807980476135254,0.13704476713253452,0.1370447672093234,0.13704476730335577,0.1370447672093234,0.13704476713253452,0.1370447672093234,0.137044767401086,0.13704476778933816,0.137044767401086,0.1370447672093234,0.13704476730335577,0.13704476778933816,0.13704476995020534,0.13704476778933816,0.13704476730335577,0.1370447672093234,0.137044767401086,0.13704476778933816,0.137044767401086,0.1370447672093234,0.13704476713253452,0.1370447672093234,0.13704476730335577,0.1370447672093234,0.13704476713253452,0.13602973384068892,0.13602973389494796,0.1360297339482745,0.13602973389494796,0.13602973384068892,0.13602973389494796,0.13602973400186497,0.13602973414536504,0.13602973400186497,0.13602973389494813,0.1360297339482745,0.13602973414536504,0.13602973454454031,0.13602973414536504,0.1360297339482745,0.13602973389494796,0.13602973400186497,0.13602973414536504,0.13602973400186497,0.13602973389494796,0.13602973384068892,0.13602973389494813,0.1360297339482745,0.13602973389494796,0.13602973384068892,0.135034253352507,0.13503425338662334,0.13503425341484085,0.13503425338662334,0.135034253352507,0.13503425338662334,0.13503425344165537,0.1350342534963265,0.13503425344165537,0.13503425338662334,0.13503425341484085,0.1350342534963265,0.1350342535959032,0.1350342534963265,0.13503425341484085,0.13503425338662334,0.13503425344165537,0.1350342534963265,0.13503425344165537,0.13503425338662334,0.135034253352507,0.13503425338662334,0.13503425341484085,0.13503425338662334,0.135034253352507
0.16533248746885684,0.16533248746885684,0.16533248746885684,0.16533248746885684,0.16533248746885684,0.16533248746885684,0.16533248746885684,0.16533248746885684,0.16533248746885684,0.16533248746885684,0.16533248746885684,0.16533248746885684,0.16533248746885684,0.16533248746885684,0.16533248746885684,0.16533248746885684,0.16533248746885684,0.16533248746885684,0.16533248746885684,0.16533248746885684,0.16533248746885684,0.16533248746885684,0.16533248746885684,0.16533248746885684,0.16533248746885684,0.16375749375645016,0.16375749375645016,0.16375749375645016,0.16375749375645016,0.16375749375645016,0.16375749375645016,0.16375749375645016,0.16375749375645016,0.16375749375645016,0.16375749375645016,0.16375749375645016,0.16375749375645016,0.16375749375645016,0.16375749375645016,0.16375749375645016,0.16375749375645016,0.16375749375645016,0.16375749375645016,0.16375749375645016,0.16375749375645016,0.16375749375645016,0.16375749375645016,0.16375749375645016,0.16375749375645016,0.16375749375645016,0.16221388397589068,0.16221388397589068,0.16221388397589068,0.16221388397589068,0.16221388397589068,0.16221388397589068,0.16221388397589068,0.16221388397589068,0.16221388397589068,0.16221388397589068,0.16221388397589068,0.16221388397589068,0.16221388397589068,0.16221388397589068,0.16221388397589068,0.16221388397589068,0.16221388397589068,0.16221388397589068,0.16221388397589068,0.16221388397589068,0.16221388397589068,0.16221388397589068,0.16221388397589068,0.16221388397589068,0.16221388397589068,0.16070106708422077,0.16070106708422077,0.16070106708422058,0.16070106708422077,0.16070106708422077,0.16070106708422077,0.16070106708422058,0.16070106708422058,0.16070106708422058,0.16070106708422077,0.16070106708422058,0.16070106708422058,0.16070106708422058,0.16070106708422058,0.16070106708422058,0.16070106708422077,0.16070106708422058,0.16070106708422058,0.16070106708422058,0.16070106708422077,0.16070106708422077,0.16070106708422077,0.16070106708422058,0.16070106708422077,0.16070106708422077,0.15921845145642025,0.15921845145642,0.15921845145641977,0.15921845145642,0.15921845145642025,0.15921845145642,0.15921845145641955,0.15921845145641933,0.15921845145641955,0.15921845145642,0.15921845145641977,0.15921845145641933,0.15921845145641914,0.15921845145641933,0.15921845145641977,0.15921845145642,0.15921845145641955,0.15921845145641933,0.15921845145641955,0.15921845145642,0.15921845145642025,0.15921845145642,0.15921845145641977,0.15921845145642,0.15921845145642025,0.1577654462372578,0.15776544623725672,0.1577654462372561,0.15776544623725672,0.1577654462372578,0.15776544623725672,0.15776544623725566,0.15776544623725502,0.15776544623725566,0.15776544623725672,0.1577654462372561,0.15776544623725502,0.15776544623725416,0.15776544623725502,0.1577654462372561,0.15776544623725672,0.15776544623725566,0.15776544623725502,0.15776544623725566,0.15776544623725672,0.1577654462372578,0.15776544623725672,0.1577654462372561,0.15776544623725672,0.1577654462372578,0.15634146255561387,0.15634146255561074,0.15634146255560863,0.15634146255561074,0.15634146255561387,0.15634146255561074,0.15634146255560738,0.1563414625556053,0.15634146255560738,0.15634146255561074,0.15634146255560863,0.1563414625556053,0.15634146255560322,0.1563414625556053,0.15634146255560863,0.15634146255561074,0.15634146255560738,0.1563414625556053,0.15634146255560738,0.15634146255561074,0.15634146255561387,0.15634146255561074,0.15634146255560863,0.15634146255561074,0.15634146255561387,0.15494591461154444,0.15494591461153462,0.15494591461152826,0.15494591461153462,0.15494591461154444,0.15494591461153462,0.15494591461152396,0.15494591461151738,0.15494591461152396,0.15494591461153462,0.15494591461152826,0.15494591461151738,0.15494591461151044,0.15494591461151738,0.15494591461152826,0.15494591461153462,0.15494591461152396,0.15494591461151738,0.15494591461152396,0.15494591461153462,0.15494591461154444,0.15494591461153462,0.15494591461152826,0.15494591461153462,0.15494591461154444,0.15357822064579035,0.15357822064575982,0.15357822064574056,0.15357822064575982,0.15357822064579035,0.15357822064575982,0.15357822064572688,0.153578220645706,0.15357822064572688,0.15357822064575982,0.15357822064574056,0.153578220645706,0.15357822064568372,0.153578220645706,0.15357822064574056,0.15357822064575982,0.15357822064572688,0.153578220645706,0.15357822064572688,0.15357822064575982,0.15357822064579035,0.15357822064575982,0.15357822064574056,0.15357822064575982,0.15357822064579035,0.15223780380089877,0.15223780380080704,0.15223780380074778,0.15223780380080704,0.15223780380089877,0.15223780380080704,0.1522378038007041,0.15223780380063678,0.1522378038007041,0.15223780380080704,0.15223780380074778,0.15223780380063678,0.15223780380056257,0.15223780380063678,0.15223780380074778,0.15223780380080704,0.1522378038007041,0.15223780380063678,0.1522378038007041,0.15223780380080704,0.15223780380089877,0.15223780380080704,0.15223780380074778,0.15223780380080704,0.15223780380089877,0.15092409288258676,0.1509240928823153,0.1509240928821355,0.1509240928823153,0.15092409288258676,0.1509240928823153,0.15092409288199546,0.15092409288177588,0.15092409288199546,0.1509240928823153,0.1509240928821355,0.15092409288177588,0.1509240928815201,0.15092409288177588,0.1509240928821355,0.1509240928823153,0.15092409288199546,0.15092409288177588,0.15092409288199546,0.1509240928823153,0.15092409288258676,0.1509240928823153,0.1509240928821355,0.1509240928823153,0.15092409288258676,0.1496365230294903,0.14963652302871014,0.14963652302817185,0.14963652302871014,0.1496365230294903,0.14963652302871014,0.14963652302772598,0.149636523026998,0.14963652302772598,0.14963652302871014,0.14963652302817185,0.149636523026998,0.14963652302609284,0.149636523026998,0.14963652302817185,0.14963652302871014,0.14963652302772598,0.149636523026998,0.14963652302772598,0.14963652302871014,0.1496365230294903,0.14963652302871014,0.14963652302817185,0.14963652302871014,0.1496365230294903,0.14837453629903402,0.1483745362968905,0.14837453629532021,0.1483745362968905,0.14837453629903402,0.1483745362968905,0.14837453629393266,0.14837453629152297,0.14837453629393266,0.1483745362968905,0.14837453629532021,0.14837453629152297,0.14837453628810346,0.14837453629152297,0.14837453629532021,0.1483745362968905,0.14837453629393266,0.14837453629152297,0.14837453629393266,0.1483745362968905,0.14837453629903402,0.1483745362968905,0.14837453629532021,0.1483745362968905,0.14837453629903402,0.1471375821768634,0.147137582171367,0.14713758216696038,0.147137582171367,0.1471375821768634,0.147137582171367,0.1471375821628558,0.14713758215472447,0.1471375821628558,0.147137582171367,0.14713758216696038,0.14713758215472447,0.14713758214043918,0.14713758215472447,0.14713758216696038,0.147137582171367,0.1471375821628558,0.14713758215472447,0.1471375821628558,0.147137582171367,0.1471375821768634,0.147137582171367,0.14713758216696038,0.147137582171367,0.1471375821768634,0.1459251180170439,0.14592511800444888,0.14592511799302677,0.14592511800444888,0.1459251180170439,0.14592511800444888,0.14592511798187854,0.14592511795475083,0.14592511798187854,0.14592511800444888,0.14592511799302677,0.14592511795475083,0.14592511788735624,0.14592511795475083,0.14592511799302677,0.14592511800444888,0.14592511798187854,0.14592511795475083,0.14592511798187854,0.14592511800444888,0.1459251180170439,0.14592511800444888,0.14592511799302677,0.14592511800444888,0.1459251180170439,0.1447366094191991,0.1447366093954776,0.14473660937076588,0.1447366093954776,0.1447366094191991,0.1447366093954776,0.14473660934583704,0.1447366092654584,0.14473660934583704,0.1447366093954776,0.14473660937076588,0.1447366092654584,0.14473660890409906,0.1447366092654584,0.14473660937076588,0.1447366093954776,0.14473660934583704,0.1447366092654584,0.14473660934583704,0.1447366093954776,0.1447366094191991,0.1447366093954776,0.14473660937076588,0.1447366093954776,0.1447366094191991,0.14357153054396837,0.1435715305122495,0.1435715304794831,0.1435715305122495,0.14357153054396837,0.1435715305122495,0.14357153044635187,0.14357153034382342,0.14357153044635187,0.1435715305122495,0.1435715304794831,0.14357153034382342,0.14357152992328795,0.14357153034382342,0.1435715304794831,0.1435715305122495,0.14357153044635187,0.14357153034382342,0.14357153044635187,0.1435715305122495,0.14357153054396837,0.1435715305122495,0.1435715304794831,0.1435715305122495,0.14357153054396837,0.14242936435969503,0.14242936432347636,0.1424293642858145,0.14242936432347636,0.14242936435969503,0.14242936432347636,0.14242936424758873,0.1424293641295604,0.14242936424758873,0.14242936432347636,0.1424293642858145,0.1424293641295604,0.14242936364968936,0.1424293641295604,0.1424293642858145,0.14242936432347636,0.14242936424758873,0.1424293641295604,0.14242936424758873,0.14242936432347636,0.14242936435969503,0.14242936432347636,0.1424293642858145,0.14242936432347636,0.14242936435969503,0.14130960285447017,0.1413096028187247,0.14130960277979612,0.1413096028187247,0.14130960285447017,0.1413096028187247,0.1413096027398451,0.14130960260954709,0.1413096027398451,0.1413096028187247,0.14130960277979612,0.14130960260954709,0.14130960204949466,0.14130960260954709,0.14130960277979612,0.1413096028187247,0.1413096027398451,0.14130960260954709,0.1413096027398451,0.1413096028187247,0.14130960285447017,0.1413096028187247,0.14130960277979612,0.1413096028187247,0.14130960285447017,0.14021174720190696,0.14021174717753632,0.14021174714796722,0.14021174717753632,0.14021174720190696,0.14021174717753632,0.14021174711703102,0.14021174700140707,0.14021174711703102,0.14021174717753632,0.14021174714796722,0.14021174700140707,0.14021174641891135,0.14021174700140707,0.14021174714796722,0.14021174717753632,0.14021174711703102,0.14021174700140707,0.14021174711703102,0.14021174717753632,0.14021174720190696,0.14021174717753632,0.14021174714796722,0.14021174717753632,0.14021174720190696,0.13913530787789893,0.13913530788254586,0.1391353078848614,0.13913530788254586,0.13913530787789893,0.13913530788254586,0.1391353078865932,0.13913530788316342,0.1391353078865932,0.13913530788254586,0.1391353078848614,0.13913530788316342,0.1391353078485137,0.13913530788316342,0.1391353078848614,0.13913530788254586,0.1391353078865932,0.13913530788316342,0.1391353078865932,0.13913530788254586,0.13913530787789893,0.13913530788254586,0.1391353078848614,0.13913530788254586,0.13913530787789893,0.1380798047396354,0.1380798047814839,0.13807980482438414,0.1380798047814839,0.1380798047396354,0.1380798047814839,0.13807980486809218,0.13807980498973516,0.13807980486809218,0.1380798047814839,0.13807980482438414,0.13807980498973516,0.13807980533950331,0.13807980498973516,0.13807980482438414,0.1380798047814839,0.13807980486809218,0.13807980498973516,0.13807980486809218,0.1380798047814839,0.1380798047396354,0.1380798047814839,0.13807980482438414,0.1380798047814839,0.1380798047396354,0.13704476710553024,0.13704476718096947,0.1370447672733452,0.13704476718096947,0.13704476710553024,0.13704476718096947,0.13704476736935314,0.13704476775075056,0.13704476736935314,0.13704476718096947,0.1370447672733452,0.13704476775075056,0.13704476987341768,0.13704476775075056,0.1370447672733452,0.13704476718096947,0.13704476736935314,0.13704476775075056,0.13704476736935314,0.13704476718096947,0.13704476710553024,0.13704476718096947,0.1370447672733452,0.13704476718096947,0.13704476710553024,0.13602973381110967,0.13602973386441264,0.13602973391679846,0.13602973386441264,0.13602973381110967,0.13602973386441264,0.1360297339694433,0.13602973411040944,0.1360297339694433,0.13602973386441264,0.13602973391679846,0.13602973411040944,0.1360297345025314,0.13602973411040944,0.13602973391679846,0.13602973386441264,0.1360297339694433,0.13602973411040944,0.1360297339694433,0.13602973386441264,0.13602973381110967,0.13602973386441264,0.13602973391679846,0.13602973386441264,0.13602973381110967,0.13503425332228436,0.13503425335579894,0.13503425338351868,0.13503425335579894,0.13503425332228436,0.13503425335579894,0.13503425340985997,0.1350342534635656,0.13503425340985997,0.13503425335579894,0.13503425338351868,0.1350342534635656,0.13503425356138338,0.1350342534635656,0.13503425338351868,0.13503425335579894,0.13503425340985997,0.1350342534635656,0.13503425340985997,0.13503425335579894,0.13503425332228436,0.13503425335579894,0.13503425338351868,0.13503425335579894,0.13503425332228436
0.16533248747822252,0.16533248747822252,0.16533248747822252,0.16533248747822252,0.16533248747822252,0.16533248747822252,0.16533248747822252,0.16533248747822252,0.16533248747822252,0.16533248747822252,0.16533248747822252,0.16533248747822252,0.16533248747822252,0.16533248747822252,0.16533248747822252,0.16533248747822252,0.16533248747822252,0.16533248747822252,0.16533248747822252,0.16533248747822252,0.16533248747822252,0.16533248747822252,0.16533248747822252,0.16533248747822252,0.16533248747822252,0.16375749376562587,0.16375749376562587,0.16375749376562587,0.16375749376562587,0.16375749376562587,0.16375749376562587,0.16375749376562587,0.16375749376562587,0.16375749376562587,0.16375749376562587,0.16375749376562587,0.16375749376562587,0.16375749376562587,0.16375749376562587,0.16375749376562587,0.16375749376562587,0.16375749376562587,0.16375749376562587,0.16375749376562587,0.16375749376562587,0.16375749376562587,0.16375749376562587,0.16375749376562587,0.16375749376562587,0.16375749376562587,0.16221388398487746,0.16221388398487746,0.16221388398487746,0.16221388398487746,0.16221388398487746,0.16221388398487746,0.16221388398487746,0.16221388398487727,0.16221388398487727,0.16221388398487746,0.16221388398487746,0.16221388398487727,0.16221388398487727,0.16221388398487727,0.16221388398487746,0.16221388398487746,0.16221388398487727,0.16221388398487727,0.16221388398487727,0.16221388398487746,0.16221388398487746,0.16221388398487746,0.16221388398487746,0.16221388398487746,0.16221388398487746,0.16070106709301937,0.16070106709301915,0.16070106709301915,0.16070106709301915,0.16070106709301937,0.16070106709301915,0.16070106709301915,0.16070106709301893,0.16070106709301915,0.16070106709301915,0.16070106709301915,0.16070106709301893,0.16070106709301893,0.16070106709301893,0.16070106709301915,0.16070106709301915,0.16070106709301915,0.16070106709301893,0.16070106709301915,0.16070106709301915,0.16070106709301937,0.16070106709301915,0.16070106709301915,0.16070106709301915,0.16070106709301937,0.15921845146503114,0.1592184514650309,0.15921845146503072,0.1592184514650309,0.15921845146503114,0.1592184514650309,0.15921845146503047,0.15921845146503028,0.15921845146503047,0.1592184514650309,0.15921845146503072,0.15921845146503028,0.15921845146503005,0.15921845146503028,0.15921845146503072,0.1592184514650309,0.15921845146503047,0.15921845146503028,0.15921845146503047,0.1592184514650309,0.15921845146503114,0.1592184514650309,0.15921845146503072,0.1592184514650309,0.15921845146503114,0.15776544624568156,0.1577654462456805,0.15776544624567987,0.1577654462456805,0.15776544624568156,0.1577654462456805,0.15776544624567942,0.15776544624567881,0.15776544624567942,0.1577654462456805,0.15776544624567987,0.15776544624567881,0.15776544624567815,0.15776544624567881,0.15776544624567987,0.1577654462456805,0.15776544624567942,0.15776544624567881,0.15776544624567942,0.1577654462456805,0.15776544624568156,0.1577654462456805,0.15776544624567987,0.1577654462456805,0.15776544624568156,0.15634146256385142,0.15634146256384826,0.15634146256384618,0.15634146256384826,0.15634146256385142,0.15634146256384826,0.15634146256384493,0.15634146256384285,0.15634146256384493,0.15634146256384826,0.15634146256384618,0.15634146256384285,0.15634146256384077,0.15634146256384285,0.15634146256384618,0.15634146256384826,0.15634146256384493,0.15634146256384285,0.15634146256384493,0.15634146256384826,0.15634146256385142,0.15634146256384826,0.15634146256384618,0.15634146256384826,0.15634146256385142,0.15494591461959603,0.15494591461958618,0.15494591461958004,0.15494591461958618,0.15494591461959603,0.15494591461958618,0.15494591461957571,0.15494591461956936,0.15494591461957571,0.15494591461958618,0.15494591461958004,0.15494591461956936,0.15494591461956259,0.15494591461956936,0.15494591461958004,0.15494591461958618,0.15494591461957571,0.15494591461956936,0.15494591461957571,0.15494591461958618,0.15494591461959603,0.15494591461958618,0.15494591461958004,0.15494591461958618,0.15494591461959603,0.15357822065365637,0.15357822065362625,0.15357822065360718,0.15357822065362625,0.15357822065365637,0.15357822065362625,0.15357822065359392,0.15357822065357302,0.15357822065359392,0.15357822065362625,0.15357822065360718,0.15357822065357302,0.15357822065355115,0.15357822065357302,0.15357822065360718,0.15357822065362625,0.15357822065359392,0.15357822065357302,0.15357822065359392,0.15357822065362625,0.15357822065365637,0.15357822065362625,0.15357822065360718,0.15357822065362625,0.15357822065365637,0.15223780380857904,0.15223780380848853,0.15223780380843024,0.15223780380848853,0.15223780380857904,0.15223780380848853,0.1522378038083871,0.1522378038083206,0.1522378038083871,0.15223780380848853,0.15223780380843024,0.1522378038083206,0.1522378038082474,0.1522378038083206,0.15223780380843024,0.15223780380848853,0.1522378038083871,0.1522378038083206,0.1522378038083871,0.15223780380848853,0.15223780380857904,0.15223780380848853,0.15223780380843024,0.15223780380848853,0.15223780380857904,0.15092409289007938,0.1509240928898118,0.1509240928896345,0.1509240928898118,0.15092409289007938,0.1509240928898118,0.15092409288949638,0.1509240928892799,0.15092409288949638,0.1509240928898118,0.1509240928896345,0.1509240928892799,0.15092409288902736,0.1509240928892799,0.1509240928896345,0.1509240928898118,0.15092409288949638,0.1509240928892799,0.15092409288949638,0.1509240928898118,0.15092409289007938,0.1509240928898118,0.1509240928896345,0.1509240928898118,0.15092409289007938,0.14963652303678876,0.14963652303601954,0.1496365230354886,0.14963652303601954,0.14963652303678876,0.14963652303601954,0.14963652303504898,0.14963652303433084,0.14963652303504898,0.14963652303601954,0.1496365230354886,0.14963652303433084,0.1496365230334382,0.14963652303433084,0.1496365230354886,0.14963652303601954,0.14963652303504898,0.14963652303433084,0.14963652303504898,0.14963652303601954,0.14963652303678876,0.14963652303601954,0.1496365230354886,0.14963652303601954,0.14963652303678876,0.14837453630611658,0.14837453630400327,0.14837453630245503,0.14837453630400327,0.14837453630611658,0.14837453630400327,0.14837453630108657,0.14837453629871045,0.14837453630108657,0.14837453630400327,0.14837453630245503,0.14837453629871045,0.1483745362953378,0.14837453629871045,0.14837453630245503,0.14837453630400327,0.14837453630108657,0.14837453629871045,0.14837453630108657,0.14837453630400327,0.14837453630611658,0.14837453630400327,0.14837453630245503,0.14837453630400327,0.14837453630611658,0.14713758218366846,0.14713758217825054,0.14713758217390602,0.14713758217825054,0.14713758218366846,0.14713758217825054,0.14713758216985906,0.14713758216184034,0.14713758216985906,0.14713758217825054,0.14713758217390602,0.14713758216184034,0.14713758214774958,0.14713758216184034,0.14713758217390602,0.14713758217825054,0.14713758216985906,0.14713758216184034,0.14713758216985906,0.14713758217825054,0.14713758218366846,0.14713758217825054,0.14713758217390602,0.14713758217825054,0.14713758218366846,0.14592511802341004,0.14592511801099756,0.145925117999738,0.14592511801099756,0.14592511802341004,0.14592511801099756,0.14592511798874755,0.14592511796199537,0.14592511798874755,0.14592511801099756,0.145925117999738,0.14592511796199537,0.14592511789551138,0.14592511796199537,0.145925117999738,0.14592511801099756,0.14592511798874755,0.14592511796199537,0.14592511798874755,0.14592511801099756,0.14592511802341004,0.14592511801099756,0.145925117999738,0.14592511801099756,0.14592511802341004,0.14473660942474786,0.14473660940138072,0.14473660937702892,0.14473660940138072,0.14473660942474786,0.14473660940138072,0.14473660935246105,0.14473660927320578,0.14473660935246105,0.14473660940138072,0.14473660937702892,0.14473660927320578,0.1447366089166986,0.14473660927320578,0.14473660937702892,0.14473660940138072,0.14473660935246105,0.14473660927320578,0.14473660935246105,0.14473660940138072,0.14473660942474786,0.14473660940138072,0.14473660937702892,0.14473660940138072,0.14473660942474786,0.1435715305479606,0.14357153051675234,0.14357153048450713,0.14357153051675234,0.1435715305479606,0.14357153051675234,0.1435715304519012,0.14357153035097509,0.1435715304519012,0.14357153051675234,0.14357153048450713,0.14357153035097509,0.14357152993688851,0.14357153035097509,0.14357153048450713,0.14357153051675234,0.1435715304519012,0.14357153035097509,0.1435715304519012,0.14357153051675234,0.1435715305479606,0.14357153051675234,0.14357153048450713,0.14357153051675234,0.1435715305479606,0.14242936436105985,0.14242936432547246,0.1424293642884667,0.14242936432547246,0.14242936436105985,0.14242936432547246,0.14242936425090702,0.14242936413493484,0.14242936425090702,0.14242936432547246,0.1424293642884667,0.14242936413493484,0.14242936366341347,0.14242936413493484,0.1424293642884667,0.14242936432547246,0.14242936425090702,0.14242936413493484,0.14242936425090702,0.14242936432547246,0.14242936436105985,0.14242936432547246,0.1424293642884667,0.14242936432547246,0.14242936436105985,0.1413096028518731,0.14130960281679356,0.14130960277859372,0.14130960281679356,0.1413096028518731,0.14130960281679356,0.1413096027393915,0.1413096026115501,0.1413096027393915,0.14130960281679356,0.14130960277859372,0.1413096026115501,0.14130960206208945,0.1413096026115501,0.14130960277859372,0.14130960281679356,0.1413096027393915,0.1413096026115501,0.1413096027393915,0.14130960281679356,0.1413096028518731,0.14130960281679356,0.14130960277859372,0.14130960281679356,0.1413096028518731,0.14021174719392335,0.14021174717003904,0.14021174714105883,0.14021174717003904,0.14021174719392335,0.14021174717003904,0.14021174711073814,0.14021174699741704,0.14021174711073814,0.14021174717003904,0.14021174714105883,0.14021174699741704,0.14021174642657747,0.14021174699741704,0.14021174714105883,0.14021174717003904,0.14021174711073814,0.14021174699741704,0.14021174711073814,0.14021174717003904,0.14021174719392335,0.14021174717003904,0.14021174714105883,0.14021174717003904,0.14021174719392335,0.13913530786345607,0.13913530786806283,0.13913530787037756,0.13913530786806283,0.13913530786345607,0.13913530786806283,0.139135307872119,0.13913530786885242,0.139135307872119,0.13913530786806283,0.13913530787037756,0.13913530786885242,0.13913530783508082,0.13913530786885242,0.13913530787037756,0.13913530786806283,0.139135307872119,0.13913530786885242,0.139135307872119,0.13913530786806283,0.13913530786345607,0.13913530786806283,0.13913530787037756,0.13913530786806283,0.13913530786345607,0.13807980471873227,0.13807980475987483,0.13807980480204765,0.13807980475987483,0.13807980471873227,0.13807980475987483,0.13807980484501364,0.13807980496458017,0.13807980484501364,0.13807980475987483,0.13807980480204765,0.13807980496458017,0.13807980530834632,0.13807980496458017,0.13807980480204765,0.13807980475987483,0.13807980484501364,0.13807980496458017,0.13807980484501364,0.13807980475987483,0.13807980471873227,0.13807980475987483,0.13807980480204765,0.13807980475987483,0.13807980471873227,0.13704476707953872,0.13704476715367858,0.13704476724446016,0.13704476715367858,0.13704476707953872,0.13704476715367858,0.13704476733880996,0.1370447677136099,0.13704476733880996,0.13704476715367858,0.13704476724446016,0.1370447677136099,0.13704476979951513,0.1370447677136099,0.13704476724446016,0.13704476715367858,0.13704476733880996,0.1370447677136099,0.13704476733880996,0.13704476715367858,0.13704476707953872,0.13704476715367858,0.13704476724446016,0.13704476715367858,0.13704476707953872,0.13602973378263972,0.13602973383502245,0.13602973388650288,0.13602973383502245,0.13602973378263972,0.13602973383502245,0.13602973393823758,0.1360297340767648,0.13602973393823758,0.13602973383502245,0.13602973388650288,0.1360297340767648,0.1360297344620982,0.1360297340767648,0.13602973388650288,0.13602973383502245,0.13602973393823758,0.1360297340767648,0.13602973393823758,0.13602973383502245,0.13602973378263972,0.13602973383502245,0.13602973388650288,0.13602973383502245,0.13602973378263972,0.13503425329319524,0.13503425332613073,0.13503425335337108,0.13503425332613073,0.13503425329319524,0.13503425332613073,0.13503425337925684,0.13503425343203343,0.13503425337925684,0.13503425332613073,0.13503425335337108,0.13503425343203343,0.13503425352815804,0.13503425343203343,0.13503425335337108,0.13503425332613073,0.13503425337925684,0.13503425343203343,0.13503425337925684,0.13503425332613073,0.13503425329319524,0.13503425332613073,0.13503425335337108,0.13503425332613073,0.13503425329319524
0.1653324874872403,0.1653324874872403,0.1653324874872403,0.1653324874872403,0.1653324874872403,0.1653324874872403,0.1653324874872403,0.1653324874872403,0.1653324874872403,0.1653324874872403,0.1653324874872403,0.1653324874872403,0.1653324874872403,0.1653324874872403,0.1653324874872403,0.1653324874872403,0.1653324874872403,0.1653324874872403,0.1653324874872403,0.1653324874872403,0.1653324874872403,0.1653324874872403,0.1653324874872403,0.1653324874872403,0.1653324874872403,0.16375749377446105,0.16375749377446105,0.16375749377446105,0.16375749377446105,0.16375749377446105,0.16375749377446105,0.16375749377446105,0.16375749377446105,0.16375749377446105,0.16375749377446105,0.16375749377446105,0.16375749377446105,0.16375749377446105,0.16375749377446105,0.16375749377446105,0.16375749377446105,0.16375749377446105,0.16375749377446105,0.16375749377446105,0.16375749377446105,0.16375749377446105,0.16375749377446105,0.16375749377446105,0.16375749377446105,0.16375749377446105,0.16221388399353065,0.16221388399353065,0.16221388399353065,0.16221388399353065,0.16221388399353065,0.16221388399353065,0.16221388399353065,0.16221388399353065,0.16221388399353065,0.16221388399353065,0.16221388399353065,0.16221388399353065,0.16221388399353065,0.16221388399353065,0.16221388399353065,0.16221388399353065,0.16221388399353065,0.16221388399353065,0.16221388399353065,0.16221388399353065,0.16221388399353065,0.16221388399353065,0.16221388399353065,0.16221388399353065,0.16221388399353065,0.1607010671014914,0.16070106710149118,0.16070106710149118,0.16070106710149118,0.1607010671014914,0.16070106710149118,0.16070106710149118,0.16070106710149118,0.16070106710149118,0.16070106710149118,0.16070106710149118,0.16070106710149118,0.16070106710149096,0.16070106710149118,0.16070106710149118,0.16070106710149118,0.16070106710149118,0.16070106710149118,0.16070106710149118,0.16070106710149118,0.1607010671014914,0.16070106710149118,0.16070106710149118,0.16070106710149118,0.1607010671014914,0.15921845147332264,0.15921845147332245,0.15921845147332223,0.15921845147332245,0.15921845147332264,0.15921845147332245,0.159218451473322,0.15921845147332178,0.159218451473322,0.15921845147332245,0.15921845147332223,0.15921845147332178,0.1592184514733216,0.15921845147332178,0.15921845147332223,0.15921845147332245,0.159218451473322,0.15921845147332178,0.159218451473322,0.15921845147332245,0.15921845147332264,0.15921845147332245,0.15921845147332223,0.15921845147332245,0.15921845147332264,0.1577654462537934,0.15776544625379232,0.1577654462537917,0.15776544625379232,0.1577654462537934,0.15776544625379232,0.15776544625379127,0.15776544625379063,0.15776544625379127,0.15776544625379232,0.1577654462537917,0.15776544625379063,0.15776544625379002,0.15776544625379063,0.1577654462537917,0.15776544625379232,0.15776544625379127,0.15776544625379063,0.15776544625379127,0.15776544625379232,0.1577654462537934,0.15776544625379232,0.1577654462537917,0.15776544625379232,0.1577654462537934,0.15634146257178388,0.15634146257178075,0.15634146257177867,0.15634146257178075,0.15634146257178388,0.15634146257178075,0.15634146257177742,0.1563414625717753,0.15634146257177742,0.15634146257178075,0.15634146257177867,0.1563414625717753,0.15634146257177323,0.1563414625717753,0.15634146257177867,0.15634146257178075,0.15634146257177742,0.1563414625717753,0.15634146257177742,0.15634146257178075,0.15634146257178388,0.15634146257178075,0.15634146257177867,0.15634146257178075,0.15634146257178388,0.15494591462734963,0.15494591462734,0.15494591462733384,0.15494591462734,0.15494591462734963,0.15494591462734,0.15494591462732973,0.1549459146273234,0.15494591462732973,0.15494591462734,0.15494591462733384,0.1549459146273234,0.15494591462731663,0.1549459146273234,0.15494591462733384,0.15494591462734,0.15494591462732973,0.1549459146273234,0.15494591462732973,0.15494591462734,0.15494591462734963,0.15494591462734,0.15494591462733384,0.15494591462734,0.15494591462734963,0.15357822066123158,0.15357822066120205,0.15357822066118318,0.15357822066120205,0.15357822066123158,0.15357822066120205,0.1535782206611699,0.15357822066114943,0.1535782206611699,0.15357822066120205,0.15357822066118318,0.15357822066114943,0.15357822066112775,0.15357822066114943,0.15357822066118318,0.15357822066120205,0.1535782206611699,0.15357822066114943,0.1535782206611699,0.15357822066120205,0.15357822066123158,0.15357822066120205,0.15357822066118318,0.15357822066120205,0.15357822066123158,0.1522378038159759,0.15223780381588653,0.15223780381582905,0.15223780381588653,0.1522378038159759,0.15223780381588653,0.15223780381578653,0.152237803815721,0.15223780381578653,0.15223780381588653,0.15223780381582905,0.152237803815721,0.15223780381564875,0.152237803815721,0.15223780381582905,0.15223780381588653,0.15223780381578653,0.152237803815721,0.15223780381578653,0.15223780381588653,0.1522378038159759,0.15223780381588653,0.15223780381582905,0.15223780381588653,0.1522378038159759,0.15092409289729614,0.15092409289703201,0.15092409289685724,0.15092409289703201,0.15092409289729614,0.15092409289703201,0.15092409289672085,0.15092409289650727,0.15092409289672085,0.15092409289703201,0.15092409289685724,0.15092409289650727,0.15092409289625802,0.15092409289650727,0.15092409289685724,0.15092409289703201,0.15092409289672085,0.15092409289650727,0.15092409289672085,0.15092409289703201,0.15092409289729614,0.15092409289703201,0.15092409289685724,0.15092409289703201,0.15092409289729614,0.14963652304381853,0.1496365230430599,0.14963652304253633,0.1496365230430599,0.14963652304381853,0.1496365230430599,0.1496365230421024,0.14963652304139408,0.1496365230421024,0.1496365230430599,0.14963652304253633,0.14963652304139408,0.1496365230405135,0.14963652304139408,0.14963652304253633,0.1496365230430599,0.1496365230421024,0.14963652304139408,0.1496365230421024,0.1496365230430599,0.14963652304381853,0.1496365230430599,0.14963652304253633,0.1496365230430599,0.14963652304381853,0.14837453631293895,0.14837453631085493,0.148374536309328,0.14837453631085493,0.14837453631293895,0.14837453631085493,0.14837453630797787,0.148374536305634,0.14837453630797787,0.14837453631085493,0.148374536309328,0.148374536305634,0.1483745363023068,0.148374536305634,0.148374536309328,0.14837453631085493,0.14837453630797787,0.148374536305634,0.14837453630797787,0.14837453631085493,0.14837453631293895,0.14837453631085493,0.148374536309328,0.14837453631085493,0.14837453631293895,0.1471375821902241,0.14713758218488174,0.14713758218059736,0.14713758218488174,0.1471375821902241,0.14713758218488174,0.14713758217660564,0.14713758216869555,0.14713758217660564,0.14713758218488174,0.14713758218059736,0.14713758216869555,0.14713758215479245,0.14713758216869555,0.14713758218059736,0.14713758218488174,0.14713758217660564,0.14713758216869555,0.14713758217660564,0.14713758218488174,0.1471375821902241,0.14713758218488174,0.14713758218059736,0.14713758218488174,0.1471375821902241,0.14592511802954328,0.14592511801730654,0.1459251180062037,0.14592511801730654,0.14592511802954328,0.14592511801730654,0.14592511799536548,0.1459251179689753,0.14592511799536548,0.14592511801730654,0.1459251180062037,0.1459251179689753,0.14592511790336918,0.1459251179689753,0.1459251180062037,0.14592511801730654,0.14592511799536548,0.1459251179689753,0.14592511799536548,0.14592511801730654,0.14592511802954328,0.14592511801730654,0.1459251180062037,0.14592511801730654,0.14592511802954328,0.14473660943009398,0.14473660940706823,0.14473660938306346,0.14473660940706823,0.14473660943009398,0.14473660940706823,0.14473660935884344,0.14473660928067078,0.14473660935884344,0.14473660940706823,0.14473660938306346,0.14473660928067078,0.14473660892883294,0.14473660928067078,0.14473660938306346,0.14473660940706823,0.14473660935884344,0.14473660928067078,0.14473660935884344,0.14473660940706823,0.14473660943009398,0.14473660940706823,0.14473660938306346,0.14473660940706823,0.14473660943009398,0.14357153055180757,0.14357153052109092,0.14357153048934793,0.14357153052109092,0.14357153055180757,0.14357153052109092,0.14357153045724835,0.14357153035786563,0.14357153045724835,0.14357153052109092,0.14357153048934793,0.14357153035786563,0.14357152995002606,0.14357153035786563,0.14357153048934793,0.14357153052109092,0.14357153045724835,0.14357153035786563,0.14357153045724835,0.14357153052109092,0.14357153055180757,0.14357153052109092,0.14357153048934793,0.14357153052109092,0.14357153055180757,0.14242936436237572,0.14242936432739606,0.1424293642910224,0.14242936432739606,0.14242936436237572,0.14242936432739606,0.14242936425410402,0.14242936414011215,0.14242936425410402,0.14242936432739606,0.1424293642910224,0.14242936414011215,0.1424293636766456,0.14242936414011215,0.1424293642910224,0.14242936432739606,0.14242936425410402,0.14242936414011215,0.14242936425410402,0.14242936432739606,0.14242936436237572,0.14242936432739606,0.1424293642910224,0.14242936432739606,0.14242936436237572,0.14130960284937238,0.14130960281493427,0.14130960277743623,0.14130960281493427,0.14130960284937238,0.14130960281493427,0.14130960273895501,0.14130960261347897,0.14130960273895501,0.14130960281493427,0.14130960277743623,0.14130960261347897,0.14130960207423954,0.14130960261347897,0.14130960277743623,0.14130960281493427,0.14130960273895501,0.14130960261347897,0.14130960273895501,0.14130960281493427,0.14130960284937238,0.14130960281493427,0.14130960277743623,0.14130960281493427,0.14130960284937238,0.14021174718623447,0.14021174716281848,0.14021174713440507,0.14021174716281848,0.14021174718623447,0.14021174716281848,0.14021174710467696,0.1402117469935734,0.14021174710467696,0.14021174716281848,0.14021174713440507,0.1402117469935734,0.14021174643394255,0.1402117469935734,0.14021174713440507,0.14021174716281848,0.14021174710467696,0.1402117469935734,0.14021174710467696,0.14021174716281848,0.14021174718623447,0.14021174716281848,0.14021174713440507,0.14021174716281848,0.14021174718623447,0.13913530784954586,0.13913530785411388,0.139135307856428,0.13913530785411388,0.13913530784954586,0.13913530785411388,0.1391353078581786,0.1391353078550687,0.1391353078581786,0.13913530785411388,0.139135307856428,0.1391353078550687,0.13913530782214237,0.1391353078550687,0.139135307856428,0.13913530785411388,0.1391353078581786,0.1391353078550687,0.1391353078581786,0.13913530785411388,0.13913530784954586,0.13913530785411388,0.139135307856428,0.13913530785411388,0.13913530784954586,0.1380798046986003,0.13807980473906284,0.13807980478053503,0.13807980473906284,0.1380798046986003,0.13807980473906284,0.1380798048227863,0.13807980494035293,0.1380798048227863,0.13807980473906284,0.13807980478053503,0.13807980494035293,0.13807980527833794,0.13807980494035293,0.13807980478053503,0.13807980473906284,0.1380798048227863,0.13807980494035293,0.1380798048227863,0.13807980473906284,0.1380798046986003,0.13807980473906284,0.13807980478053503,0.13807980473906284,0.1380798046986003,0.13704476705450577,0.13704476712739466,0.1370447672166405,0.13704476712739466,0.13704476705450577,0.13704476712739466,0.13704476730939355,0.13704476767783885,0.13704476730939355,0.13704476712739466,0.1370447672166405,0.13704476767783885,0.1370447697283566,0.13704476767783885,0.1370447672166405,0.13704476712739466,0.13704476730939355,0.13704476767783885,0.13704476730939355,0.13704476712739466,0.13704476705450577,0.13704476712739466,0.1370447672166405,0.13704476712739466,0.13704476705450577,0.1360297337552203,0.13602973380671654,0.136029733857325,0.13602973380671654,0.1360297337552203,0.13602973380671654,0.13602973390818293,0.13602973404436117,0.13602973390818293,0.13602973380671654,0.136029733857325,0.13602973404436117,0.13602973442315594,0.13602973404436117,0.136029733857325,0.13602973380671654,0.13602973390818293,0.13602973404436117,0.13602973390818293,0.13602973380671654,0.1360297337552203,0.13602973380671654,0.136029733857325,0.13602973380671654,0.1360297337552203,0.13503425326517937,0.13503425329755694,0.13503425332433594,0.13503425329755694,0.13503425326517937,0.13503425329755694,0.13503425334978297,0.13503425340166458,0.13503425334978297,0.13503425329755694,0.13503425332433594,0.13503425340166458,0.13503425349615847,0.13503425340166458,0.13503425332433594,0.13503425329755694,0.13503425334978297,0.13503425340166458,0.13503425334978297,0.13503425329755694,0.13503425326517937,0.13503425329755694,0.13503425332433594,0.13503425329755694,0.13503425326517937
0.16533248749592866,0.16533248749592866,0.16533248749592866,0.16533248749592866,0.16533248749592866,0.16533248749592866,0.16533248749592866,0.16533248749592866,0.16533248749592866,0.16533248749592866,0.16533248749592866,0.16533248749592866,0.16533248749592866,0.16533248749592866,0.16533248749592866,0.16533248749592866,0.16533248749592866,0.16533248749592866,0.16533248749592866,0.16533248749592866,0.16533248749592866,0.16533248749592866,0.16533248749592866,0.16533248749592866,0.16533248749592866,0.1637574937829734,0.1637574937829734,0.1637574937829734,0.1637574937829734,0.1637574937829734,0.1637574937829734,0.1637574937829734,0.1637574937829732,0.1637574937829734,0.1637574937829734,0.1637574937829734,0.1637574937829732,0.1637574937829732,0.1637574937829734,0.1637574937829734,0.1637574937829734,0.1637574937829734,0.1637574937829734,0.1637574937829734,0.1637574937829734,0.1637574937829734,0.1637574937829734,0.1637574937829734,0.1637574937829734,0.1637574937829734,0.16221388400186781,0.16221388400186781,0.16221388400186781,0.16221388400186781,0.16221388400186781,0.16221388400186781,0.16221388400186781,0.1622138840018676,0.16221388400186781,0.16221388400186781,0.16221388400186781,0.1622138840018676,0.1622138840018676,0.1622138840018676,0.16221388400186781,0.16221388400186781,0.16221388400186781,0.1622138840018676,0.16221388400186781,0.16221388400186781,0.16221388400186781,0.16221388400186781,0.16221388400186781,0.16221388400186781,0.16221388400186781,0.16070106710965398,0.16070106710965398,0.16070106710965398,0.16070106710965398,0.16070106710965398,0.16070106710965398,0.16070106710965373,0.16070106710965373,0.16070106710965373,0.16070106710965398,0.16070106710965398,0.16070106710965373,0.16070106710965373,0.16070106710965373,0.16070106710965398,0.16070106710965398,0.16070106710965373,0.16070106710965373,0.16070106710965373,0.16070106710965398,0.16070106710965398,0.16070106710965398,0.16070106710965398,0.16070106710965398,0.16070106710965398,0.15921845148131178,0.15921845148131133,0.15921845148131114,0.15921845148131133,0.15921845148131178,0.15921845148131133,0.15921845148131114,0.15921845148131092,0.15921845148131114,0.15921845148131133,0.15921845148131114,0.15921845148131092,0.1592184514813107,0.15921845148131092,0.15921845148131114,0.15921845148131133,0.15921845148131114,0.15921845148131092,0.15921845148131114,0.15921845148131133,0.15921845148131178,0.15921845148131133,0.15921845148131114,0.15921845148131133,0.15921845148131178,0.1577654462616093,0.15776544626160824,0.15776544626160757,0.15776544626160824,0.1577654462616093,0.15776544626160824,0.15776544626160716,0.15776544626160655,0.15776544626160716,0.15776544626160824,0.15776544626160757,0.15776544626160655,0.15776544626160588,0.15776544626160655,0.15776544626160757,0.15776544626160824,0.15776544626160716,0.15776544626160655,0.15776544626160716,0.15776544626160824,0.1577654462616093,0.15776544626160824,0.15776544626160757,0.15776544626160824,0.1577654462616093,0.15634146257942738,0.15634146257942422,0.15634146257942236,0.15634146257942422,0.15634146257942738,0.15634146257942422,0.1563414625794209,0.156341462579419,0.1563414625794209,0.15634146257942422,0.15634146257942236,0.156341462579419,0.15634146257941692,0.156341462579419,0.15634146257942236,0.15634146257942422,0.1563414625794209,0.156341462579419,0.1563414625794209,0.15634146257942422,0.15634146257942738,0.15634146257942422,0.15634146257942236,0.15634146257942422,0.15634146257942738,0.15494591463482124,0.1549459146348116,0.15494591463480567,0.1549459146348116,0.15494591463482124,0.1549459146348116,0.15494591463480156,0.1549459146347952,0.15494591463480156,0.1549459146348116,0.15494591463480567,0.1549459146347952,0.15494591463478866,0.1549459146347952,0.15494591463480567,0.1549459146348116,0.15494591463480156,0.1549459146347952,0.15494591463480156,0.1549459146348116,0.15494591463482124,0.1549459146348116,0.15494591463480567,0.1549459146348116,0.15494591463482124,0.1535782206685316,0.1535782206685025,0.1535782206684838,0.1535782206685025,0.1535782206685316,0.1535782206685025,0.15357822066847077,0.15357822066845067,0.15357822066847077,0.1535782206685025,0.1535782206684838,0.15357822066845067,0.1535782206684292,0.15357822066845067,0.1535782206684838,0.1535782206685025,0.15357822066847077,0.15357822066845067,0.15357822066847077,0.1535782206685025,0.1535782206685316,0.1535782206685025,0.1535782206684838,0.1535782206685025,0.1535782206685316,0.15223780382310423,0.15223780382301624,0.15223780382295957,0.15223780382301624,0.15223780382310423,0.15223780382301624,0.1522378038229174,0.15223780382285265,0.1522378038229174,0.15223780382301624,0.15223780382295957,0.15223780382285265,0.1522378038227814,0.15223780382285265,0.15223780382295957,0.15223780382301624,0.1522378038229174,0.15223780382285265,0.1522378038229174,0.15223780382301624,0.15223780382310423,0.15223780382301624,0.15223780382295957,0.15223780382301624,0.15223780382310423,0.15092409290425146,0.15092409290399084,0.15092409290381836,0.15092409290399084,0.15092409290425146,0.15092409290399084,0.15092409290368392,0.15092409290347303,0.15092409290368392,0.15092409290399084,0.15092409290381836,0.15092409290347303,0.15092409290322686,0.15092409290347303,0.15092409290381836,0.15092409290399084,0.15092409290368392,0.15092409290347303,0.15092409290368392,0.15092409290399084,0.15092409290425146,0.15092409290399084,0.15092409290381836,0.15092409290399084,0.15092409290425146,0.14963652305059433,0.14963652304984593,0.14963652304932937,0.14963652304984593,0.14963652305059433,0.14963652304984593,0.1496365230489011,0.14963652304820185,0.1496365230489011,0.14963652304984593,0.14963652304932937,0.14963652304820185,0.14963652304733302,0.14963652304820185,0.14963652304932937,0.14963652304984593,0.1496365230489011,0.14963652304820185,0.1496365230489011,0.14963652304984593,0.14963652305059433,0.14963652304984593,0.14963652304932937,0.14963652304984593,0.14963652305059433,0.1483745363195154,0.14837453631745953,0.148374536315953,0.14837453631745953,0.1483745363195154,0.14837453631745953,0.14837453631462083,0.1483745363123081,0.14837453631462083,0.14837453631745953,0.148374536315953,0.1483745363123081,0.1483745363090246,0.1483745363123081,0.148374536315953,0.14837453631745953,0.14837453631462083,0.1483745363123081,0.14837453631462083,0.14837453631745953,0.1483745363195154,0.14837453631745953,0.148374536315953,0.14837453631745953,0.1483745363195154,0.14713758219654413,0.14713758219127443,0.14713758218704784,0.14713758219127443,0.14713758219654413,0.14713758219127443,0.14713758218310968,0.14713758217530423,0.14713758218310968,0.14713758219127443,0.14713758218704784,0.14713758217530423,0.14713758216158204,0.14713758217530423,0.14713758218704784,0.14713758219127443,0.14713758218310968,0.14713758217530423,0.14713758218310968,0.14713758219127443,0.14713758219654413,0.14713758219127443,0.14713758218704784,0.14713758219127443,0.14713758219654413,0.14592511803545644,0.1459251180233892,0.14592511801243754,0.1459251180233892,0.14592511803545644,0.1459251180233892,0.14592511800174585,0.14592511797570507,0.14592511800174585,0.1459251180233892,0.14592511801243754,0.14592511797570507,0.1459251179109458,0.14592511797570507,0.14592511801243754,0.1459251180233892,0.14592511800174585,0.14592511797570507,0.14592511800174585,0.1459251180233892,0.14592511803545644,0.1459251180233892,0.14592511801243754,0.1459251180233892,0.14592511803545644,0.1447366094352486,0.14473660941255226,0.1447366093888819,0.14473660941255226,0.1447366094352486,0.14473660941255226,0.14473660936499738,0.14473660928786902,0.14473660936499738,0.14473660941255226,0.1447366093888819,0.14473660928786902,0.14473660894056287,0.14473660928786902,0.1447366093888819,0.14473660941255226,0.14473660936499738,0.14473660928786902,0.14473660936499738,0.14473660941255226,0.1447366094352486,0.14473660941255226,0.1447366093888819,0.14473660941255226,0.1447366094352486,0.1435715305555171,0.14357153052527444,0.14357153049401555,0.14357153052527444,0.1435715305555171,0.14357153052527444,0.14357153046240398,0.1435715303645096,0.14357153046240398,0.14357153052527444,0.14357153049401555,0.1435715303645096,0.14357152996269185,0.1435715303645096,0.14357153049401555,0.14357153052527444,0.14357153046240398,0.1435715303645096,0.14357153046240398,0.14357153052527444,0.1435715305555171,0.14357153052527444,0.14357153049401555,0.14357153052527444,0.1435715305555171,0.14242936436364542,0.1424293643292517,0.14242936429348718,0.1424293643292517,0.14242936436364542,0.1424293643292517,0.14242936425718697,0.14242936414510365,0.14242936425718697,0.1424293643292517,0.14242936429348718,0.14242936414510365,0.1424293636894013,0.14242936414510365,0.14242936429348718,0.1424293643292517,0.14242936425718697,0.14242936414510365,0.14242936425718697,0.1424293643292517,0.14242936436364542,0.1424293643292517,0.14242936429348718,0.1424293643292517,0.14242936436364542,0.14130960284696348,0.14130960281314323,0.14130960277632149,0.14130960281314323,0.14130960284696348,0.14130960281314323,0.14130960273853496,0.14130960261533823,0.14130960273853496,0.14130960281314323,0.14130960277632149,0.14130960261533823,0.14130960208596957,0.14130960261533823,0.14130960277632149,0.14130960281314323,0.14130960273853496,0.14130960261533823,0.14130960273853496,0.14130960281314323,0.14130960284696348,0.14130960281314323,0.14130960277632149,0.14130960281314323,0.14130960284696348,0.1402117471788249,0.14021174715586007,0.14021174712799298,0.14021174715586007,0.1402117471788249,0.14021174715586007,0.1402117470988359,0.1402117469898686,0.1402117470988359,0.14021174715586007,0.14021174712799298,0.1402117469898686,0.14021174644104847,0.1402117469898686,0.14021174712799298,0.14021174715586007,0.1402117470988359,0.1402117469898686,0.1402117470988359,0.14021174715586007,0.1402117471788249,0.14021174715586007,0.14021174712799298,0.14021174715586007,0.1402117471788249,0.1391353078361405,0.13913530784067102,0.1391353078429842,0.13913530784067102,0.1391353078361405,0.13913530784067102,0.13913530784474368,0.1391353078417846,0.13913530784474368,0.13913530784067102,0.1391353078429842,0.1391353078417846,0.1391353078096721,0.1391353078417846,0.1391353078429842,0.13913530784067102,0.13913530784474368,0.1391353078417846,0.13913530784474368,0.13913530784067102,0.1391353078361405,0.13913530784067102,0.1391353078429842,0.13913530784067102,0.1391353078361405,0.13807980467919842,0.1380798047190056,0.13807980475980258,0.1380798047190056,0.13807980467919842,0.1380798047190056,0.13807980480136484,0.13807980491700386,0.13807980480136484,0.1380798047190056,0.13807980475980258,0.13807980491700386,0.1380798052494168,0.13807980491700386,0.13807980475980258,0.1380798047190056,0.13807980480136484,0.13807980491700386,0.13807980480136484,0.1380798047190056,0.13807980467919842,0.1380798047190056,0.13807980475980258,0.1380798047190056,0.13807980467919842,0.13704476703038096,0.13704476710206373,0.13704476718982944,0.13704476710206373,0.13704476703038096,0.13704476710206373,0.13704476728104356,0.13704476764336437,0.13704476728104356,0.13704476710206373,0.13704476718982944,0.13704476764336437,0.13704476965974308,0.13704476764336437,0.13704476718982944,0.13704476710206373,0.13704476728104356,0.13704476764336437,0.13704476728104356,0.13704476710206373,0.13704476703038096,0.13704476710206373,0.13704476718982944,0.13704476710206373,0.13704476703038096,0.13602973372879534,0.13602973377943722,0.1360297338292052,0.13602973377943722,0.13602973372879534,0.13602973377943722,0.13602973387921816,0.13602973401313248,0.13602973387921816,0.13602973377943722,0.1360297338292052,0.13602973401313248,0.1360297343856253,0.13602973401313248,0.1360297338292052,0.13602973377943722,0.13602973387921816,0.13602973401313248,0.13602973387921816,0.13602973377943722,0.13602973372879534,0.13602973377943722,0.1360297338292052,0.13602973377943722,0.13602973372879534,0.1350342532381797,0.13503425327001975,0.1350342532963537,0.13503425327001975,0.1350342532381797,0.13503425327001975,0.1350342533213778,0.13503425337239705,0.1350342533213778,0.13503425327001975,0.1350342532963537,0.13503425337239705,0.13503425346531933,0.13503425337239705,0.1350342532963537,0.13503425327001975,0.1350342533213778,0.13503425337239705,0.1350342533213778,0.13503425327001975,0.1350342532381797,0.13503425327001975,0.1350342532963537,0.13503425327001975,0.1350342532381797
0.16533248750430504,0.16533248750430482,0.16533248750430482,0.16533248750430482,0.16533248750430504,0.16533248750430482,0.16533248750430482,0.16533248750430482,0.16533248750430482,0.16533248750430504,0.16533248750430482,0.16533248750430482,0.16533248750430482,0.16533248750430482,0.16533248750430482,0.16533248750430482,0.16533248750430482,0.16533248750430482,0.16533248750430482,0.16533248750430482,0.16533248750430504,0.16533248750430504,0.16533248750430482,0.16533248750430482,0.16533248750430482,0.16375749379118,0.16375749379118,0.16375749379118,0.16375749379118,0.16375749379118,0.16375749379118,0.16375749379118,0.16375749379118,0.16375749379118,0.16375749379118,0.16375749379118,0.16375749379118,0.16375749379118,0.16375749379118,0.16375749379118,0.16375749379118,0.16375749379118,0.16375749379118,0.16375749379118,0.16375749379118,0.16375749379118,0.16375749379118,0.16375749379118,0.16375749379118,0.16375749379118,0.16221388400990555,0.16221388400990555,0.16221388400990555,0.16221388400990555,0.16221388400990555,0.16221388400990555,0.16221388400990555,0.16221388400990555,0.16221388400990555,0.16221388400990555,0.16221388400990555,0.16221388400990555,0.16221388400990555,0.16221388400990555,0.16221388400990555,0.16221388400990555,0.16221388400990555,0.16221388400990555,0.16221388400990555,0.16221388400990555,0.16221388400990555,0.16221388400990555,0.16221388400990555,0.16221388400990555,0.16221388400990555,0.16070106711752394,0.16070106711752372,0.16070106711752372,0.16070106711752372,0.16070106711752394,0.16070106711752372,0.16070106711752372,0.16070106711752352,0.16070106711752372,0.16070106711752372,0.16070106711752372,0.16070106711752352,0.16070106711752352,0.16070106711752352,0.16070106711752372,0.16070106711752372,0.16070106711752372,0.16070106711752352,0.16070106711752372,0.16070106711752372,0.16070106711752394,0.16070106711752372,0.16070106711752372,0.16070106711752372,0.16070106711752394,0.15921845148901417,0.15921845148901395,0.15921845148901373,0.15921845148901395,0.15921845148901417,0.15921845148901395,0.15921845148901353,0.15921845148901329,0.15921845148901353,0.15921845148901395,0.15921845148901373,0.15921845148901329,0.1592184514890131,0.15921845148901329,0.15921845148901373,0.15921845148901395,0.15921845148901353,0.15921845148901329,0.15921845148901353,0.15921845148901395,0.15921845148901417,0.15921845148901395,0.15921845148901373,0.15921845148901395,0.15921845148901417,0.15776544626914504,0.15776544626914418,0.15776544626914354,0.15776544626914418,0.15776544626914504,0.15776544626914418,0.1577654462691431,0.1577654462691425,0.1577654462691431,0.15776544626914418,0.15776544626914354,0.1577654462691425,0.15776544626914182,0.1577654462691425,0.15776544626914354,0.15776544626914418,0.1577654462691431,0.1577654462691425,0.1577654462691431,0.15776544626914418,0.15776544626914504,0.15776544626914418,0.15776544626914354,0.15776544626914418,0.15776544626914504,0.15634146258679713,0.1563414625867942,0.15634146258679213,0.1563414625867942,0.15634146258679713,0.1563414625867942,0.15634146258679088,0.15634146258678897,0.15634146258679088,0.1563414625867942,0.15634146258679213,0.15634146258678897,0.1563414625867869,0.15634146258678897,0.15634146258679213,0.1563414625867942,0.15634146258679088,0.15634146258678897,0.15634146258679088,0.1563414625867942,0.15634146258679713,0.1563414625867942,0.15634146258679213,0.1563414625867942,0.15634146258679713,0.1549459146420258,0.1549459146420162,0.15494591464201043,0.1549459146420162,0.1549459146420258,0.1549459146420162,0.15494591464200635,0.154945914642,0.15494591464200635,0.1549459146420162,0.15494591464201043,0.154945914642,0.15494591464199345,0.154945914642,0.15494591464201043,0.1549459146420162,0.15494591464200635,0.154945914642,0.15494591464200635,0.1549459146420162,0.1549459146420258,0.1549459146420162,0.15494591464201043,0.1549459146420162,0.1549459146420258,0.15357822067557117,0.15357822067554225,0.15357822067552396,0.15357822067554225,0.15357822067557117,0.15357822067554225,0.1535782206755111,0.15357822067549123,0.1535782206755111,0.15357822067554225,0.15357822067552396,0.15357822067549123,0.15357822067546995,0.15357822067549123,0.15357822067552396,0.15357822067554225,0.1535782206755111,0.15357822067549123,0.1535782206755111,0.15357822067554225,0.15357822067557117,0.15357822067554225,0.15357822067552396,0.15357822067554225,0.15357822067557117,0.15223780382997884,0.15223780382989185,0.15223780382983573,0.15223780382989185,0.15223780382997884,0.15223780382989185,0.1522378038297944,0.15223780382973043,0.1522378038297944,0.15223780382989185,0.15223780382983573,0.15223780382973043,0.15223780382965996,0.15223780382973043,0.15223780382983573,0.15223780382989185,0.1522378038297944,0.15223780382973043,0.1522378038297944,0.15223780382989185,0.15223780382997884,0.15223780382989185,0.15223780382983573,0.15223780382989185,0.15223780382997884,0.1509240929109593,0.15092409291070213,0.15092409291053177,0.15092409291070213,0.1509240929109593,0.15092409291070213,0.15092409291039904,0.1509240929101909,0.15092409291039904,0.15092409291070213,0.15092409291053177,0.1509240929101909,0.15092409290994782,0.1509240929101909,0.15092409291053177,0.15092409291070213,0.15092409291039904,0.1509240929101909,0.15092409291039904,0.15092409291070213,0.1509240929109593,0.15092409291070213,0.15092409291053177,0.15092409291070213,0.1509240929109593,0.14963652305712982,0.14963652305639108,0.14963652305588132,0.14963652305639108,0.14963652305712982,0.14963652305639108,0.1496365230554587,0.14963652305476835,0.1496365230554587,0.14963652305639108,0.14963652305588132,0.14963652305476835,0.14963652305391067,0.14963652305476835,0.14963652305588132,0.14963652305639108,0.1496365230554587,0.14963652305476835,0.1496365230554587,0.14963652305639108,0.14963652305712982,0.14963652305639108,0.14963652305588132,0.14963652305639108,0.14963652305712982,0.14837453632585904,0.14837453632383024,0.14837453632234354,0.14837453632383024,0.14837453632585904,0.14837453632383024,0.14837453632102862,0.1483745363187461,0.14837453632102862,0.14837453632383024,0.14837453632234354,0.1483745363187461,0.14837453631550468,0.1483745363187461,0.14837453632234354,0.14837453632383024,0.14837453632102862,0.1483745363187461,0.14837453632102862,0.14837453632383024,0.14837453632585904,0.14837453632383024,0.14837453632234354,0.14837453632383024,0.14837453632585904,0.1471375822026407,0.14713758219744152,0.14713758219327067,0.14713758219744152,0.1471375822026407,0.14713758219744152,0.14713758218938414,0.14713758218167966,0.14713758218938414,0.14713758219744152,0.14713758219327067,0.14713758218167966,0.14713758216813222,0.14713758218167966,0.14713758219327067,0.14713758219744152,0.14713758218938414,0.14713758218167966,0.14713758218938414,0.14713758219744152,0.1471375822026407,0.14713758219744152,0.14713758219327067,0.14713758219744152,0.1471375822026407,0.14592511804116123,0.14592511802925784,0.145925118018452,0.14592511802925767,0.14592511804116123,0.14592511802925784,0.14592511800790192,0.14592511798219818,0.14592511800790192,0.14592511802925767,0.145925118018452,0.14592511798219818,0.1459251179182564,0.14592511798219818,0.145925118018452,0.14592511802925767,0.14592511800790192,0.14592511798219818,0.14592511800790192,0.14592511802925767,0.14592511804116123,0.14592511802925767,0.145925118018452,0.14592511802925767,0.14592511804116123,0.14473660944022207,0.1447366094178434,0.14473660939449592,0.1447366094178434,0.14473660944022207,0.1447366094178434,0.14473660937093522,0.1447366092948149,0.14473660937093522,0.1447366094178434,0.14473660939449592,0.1447366092948149,0.1447366089518613,0.1447366092948149,0.14473660939449592,0.1447366094178434,0.14473660937093522,0.1447366092948149,0.14473660937093522,0.1447366094178434,0.14473660944022207,0.1447366094178434,0.14473660939449592,0.1447366094178434,0.14473660944022207,0.1435715305590968,0.14357153052931151,0.14357153049851956,0.14357153052931151,0.1435715305590968,0.14357153052931151,0.14357153046737875,0.1435715303709198,0.14357153046737875,0.14357153052931151,0.14357153049851956,0.1435715303709198,0.14357152997488687,0.14357153037091996,0.14357153049851956,0.14357153052931151,0.14357153046737875,0.14357153037091996,0.14357153046737875,0.14357153052931151,0.1435715305590968,0.14357153052931151,0.14357153049851956,0.14357153052931151,0.1435715305590968,0.14242936436487189,0.14242936433104297,0.14242936429586572,0.14242936433104297,0.14242936436487189,0.14242936433104297,0.14242936426016173,0.14242936414991897,0.14242936426016173,0.14242936433104297,0.14242936429586572,0.14242936414991897,0.1424293637016997,0.14242936414991897,0.14242936429586572,0.14242936433104297,0.14242936426016173,0.14242936414991897,0.14242936426016173,0.14242936433104297,0.14242936436487189,0.14242936433104297,0.14242936429586572,0.14242936433104297,0.14242936436487189,0.1413096028446417,0.1413096028114173,0.14130960277524748,0.1413096028114173,0.1413096028446417,0.1413096028114173,0.14130960273813087,0.1413096026171319,0.14130960273813087,0.1413096028114173,0.14130960277524748,0.1413096026171319,0.14130960209725751,0.1413096026171319,0.14130960277524748,0.1413096028114173,0.14130960273813087,0.1413096026171319,0.14130960273813087,0.1413096028114173,0.1413096028446417,0.1413096028114173,0.14130960277524748,0.1413096028114173,0.1413096028446417,0.14021174717168028,0.14021174714915033,0.14021174712180975,0.14021174714915033,0.14021174717168028,0.14021174714915033,0.14021174709320317,0.1402117469862954,0.14021174709320317,0.14021174714915033,0.14021174712180975,0.1402117469862954,0.14021174644789916,0.1402117469862954,0.14021174712180975,0.14021174714915033,0.14021174709320317,0.1402117469862954,0.14021174709320317,0.14021174714915033,0.14021174717168028,0.14021174714915033,0.14021174712180975,0.14021174714915033,0.14021174717168028,0.13913530782321326,0.1391353078277076,0.13913530783001982,0.1391353078277076,0.13913530782321326,0.1391353078277076,0.13913530783178768,0.1391353078289739,0.13913530783178768,0.1391353078277076,0.13913530783001982,0.1391353078289739,0.13913530779764546,0.1391353078289739,0.13913530783001982,0.1391353078277076,0.13913530783178768,0.1391353078289739,0.13913530783178768,0.1391353078277076,0.13913530782321326,0.1391353078277076,0.13913530783001982,0.1391353078277076,0.13913530782321326,0.13807980466048833,0.13807980469966327,0.1380798047398089,0.13807980469966327,0.13807980466048833,0.13807980469966327,0.1380798047807068,0.13807980489448657,0.1380798047807068,0.13807980469966327,0.1380798047398089,0.13807980489448657,0.13807980522152563,0.13807980489448657,0.1380798047398089,0.13807980469966327,0.1380798047807068,0.13807980489448657,0.1380798047807068,0.13807980469966327,0.13807980466048833,0.13807980469966327,0.1380798047398089,0.13807980469966327,0.13807980466048833,0.1370447670071158,0.1370447670776356,0.13704476716397382,0.1370447670776356,0.1370447670071158,0.1370447670776356,0.13704476725370357,0.13704476761011763,0.13704476725370357,0.1370447670776356,0.13704476716397382,0.13704476761011763,0.13704476959359027,0.13704476761011763,0.13704476716397382,0.1370447670776356,0.13704476725370357,0.13704476761011763,0.13704476725370357,0.1370447670776356,0.1370447670071158,0.1370447670776356,0.13704476716397382,0.1370447670776356,0.1370447670071158,0.13602973370331217,0.13602973375312996,0.13602973380208752,0.13602973375312996,0.13602973370331217,0.13602973375312996,0.1360297338512856,0.1360297339830163,0.1360297338512856,0.13602973375312996,0.13602973380208752,0.1360297339830163,0.13602973434943139,0.1360297339830163,0.13602973380208752,0.13602973375312996,0.1360297338512856,0.1360297339830163,0.1360297338512856,0.13602973375312996,0.13602973370331217,0.13602973375312996,0.13602973380208752,0.13602973375312996,0.13602973370331217,0.13503425321214246,0.1350342532434639,0.13503425326936883,0.1350342532434639,0.13503425321214246,0.1350342532434639,0.13503425329398505,0.13503425334417238,0.13503425329398505,0.1350342532434639,0.13503425326936883,0.13503425334417238,0.13503425343557884,0.13503425334417238,0.13503425326936883,0.1350342532434639,0.13503425329398505,0.13503425334417238,0.13503425329398505,0.1350342532434639,0.13503425321214246,0.1350342532434639,0.13503425326936883,0.1350342532434639,0.13503425321214246
0.1653324875123855,0.1653324875123855,0.1653324875123855,0.1653324875123855,0.1653324875123855,0.1653324875123855,0.1653324875123855,0.1653324875123855,0.1653324875123855,0.1653324875123855,0.1653324875123855,0.1653324875123855,0.1653324875123855,0.1653324875123855,0.1653324875123855,0.1653324875123855,0.1653324875123855,0.1653324875123855,0.1653324875123855,0.1653324875123855,0.1653324875123855,0.1653324875123855,0.1653324875123855,0.1653324875123855,0.1653324875123855,0.163757493799097,0.163757493799097,0.163757493799097,0.163757493799097,0.163757493799097,0.163757493799097,0.163757493799097,0.16375749379909676,0.163757493799097,0.163757493799097,0.163757493799097,0.16375749379909676,0.16375749379909676,0.163757493799097,0.163757493799097,0.163757493799097,0.163757493799097,0.163757493799097,0.163757493799097,0.163757493799097,0.163757493799097,0.163757493799097,0.163757493799097,0.163757493799097,0.163757493799097,0.1622138840176597,0.1622138840176597,0.1622138840176597,0.1622138840176597,0.1622138840176597,0.1622138840176597,0.1622138840176597,0.1622138840176597,0.1622138840176597,0.1622138840176597,0.1622138840176597,0.1622138840176597,0.1622138840176597,0.1622138840176597,0.1622138840176597,0.1622138840176597,0.1622138840176597,0.1622138840176597,0.1622138840176597,0.1622138840176597,0.1622138840176597,0.1622138840176597,0.1622138840176597,0.1622138840176597,0.1622138840176597,0.16070106712511603,0.16070106712511603,0.16070106712511603,0.16070106712511603,0.16070106712511603,0.16070106712511603,0.1607010671251158,0.1607010671251158,0.1607010671251158,0.16070106712511603,0.16070106712511603,0.1607010671251158,0.1607010671251158,0.1607010671251158,0.16070106712511603,0.16070106712511603,0.1607010671251158,0.1607010671251158,0.1607010671251158,0.16070106712511603,0.16070106712511603,0.16070106712511603,0.16070106712511603,0.16070106712511603,0.16070106712511603,0.15921845149644528,0.15921845149644484,0.15921845149644465,0.15921845149644484,0.15921845149644528,0.15921845149644484,0.15921845149644465,0.15921845149644442,0.15921845149644465,0.15921845149644484,0.15921845149644465,0.15921845149644442,0.15921845149644417,0.15921845149644442,0.15921845149644465,0.15921845149644484,0.15921845149644465,0.15921845149644442,0.15921845149644465,0.15921845149644484,0.15921845149644528,0.15921845149644484,0.15921845149644465,0.15921845149644484,0.15921845149644528,0.15776544627641556,0.1577654462764147,0.1577654462764141,0.1577654462764147,0.15776544627641556,0.1577654462764147,0.15776544627641362,0.157765446276413,0.15776544627641362,0.15776544627641448,0.1577654462764141,0.157765446276413,0.15776544627641237,0.157765446276413,0.1577654462764141,0.1577654462764147,0.15776544627641362,0.157765446276413,0.15776544627641362,0.15776544627641448,0.15776544627641556,0.15776544627641448,0.1577654462764141,0.15776544627641448,0.15776544627641556,0.1563414625939078,0.1563414625939047,0.1563414625939028,0.1563414625939047,0.1563414625939078,0.1563414625939047,0.15634146259390153,0.15634146259389967,0.15634146259390153,0.1563414625939047,0.1563414625939028,0.15634146259389967,0.15634146259389756,0.15634146259389967,0.1563414625939028,0.1563414625939047,0.15634146259390153,0.15634146259389967,0.15634146259390153,0.1563414625939047,0.1563414625939078,0.1563414625939047,0.1563414625939028,0.1563414625939047,0.1563414625939078,0.1549459146489771,0.1549459146489677,0.15494591464896174,0.1549459146489677,0.1549459146489771,0.1549459146489677,0.15494591464895785,0.1549459146489517,0.15494591464895785,0.1549459146489677,0.15494591464896174,0.1549459146489517,0.15494591464894514,0.1549459146489517,0.15494591464896174,0.1549459146489677,0.15494591464895785,0.1549459146489517,0.15494591464895785,0.1549459146489677,0.1549459146489771,0.1549459146489677,0.15494591464896174,0.1549459146489677,0.1549459146489769,0.1535782206823635,0.15357822068233518,0.15357822068231708,0.15357822068233518,0.1535782206823635,0.15357822068233518,0.15357822068230423,0.15357822068228455,0.15357822068230423,0.15357822068233518,0.15357822068231708,0.15357822068228455,0.15357822068226365,0.15357822068228455,0.15357822068231708,0.15357822068233518,0.15357822068230423,0.15357822068228455,0.15357822068230423,0.15357822068233518,0.1535782206823635,0.15357822068233518,0.15357822068231708,0.15357822068233518,0.1535782206823635,0.1522378038366123,0.15223780383652652,0.1522378038364712,0.15223780383652652,0.1522378038366123,0.15223780383652652,0.15223780383643026,0.15223780383636706,0.15223780383643026,0.15223780383652652,0.1522378038364712,0.15223780383636706,0.1522378038362976,0.15223780383636706,0.1522378038364712,0.15223780383652652,0.15223780383643026,0.15223780383636706,0.15223780383643026,0.15223780383652652,0.1522378038366123,0.15223780383652652,0.1522378038364712,0.15223780383652652,0.1522378038366123,0.15092409291743272,0.15092409291717887,0.15092409291701062,0.15092409291717887,0.15092409291743272,0.15092409291717887,0.15092409291687942,0.15092409291667377,0.15092409291687942,0.15092409291717887,0.15092409291701062,0.15092409291667377,0.15092409291643377,0.15092409291667377,0.15092409291701062,0.15092409291717887,0.15092409291687942,0.15092409291667377,0.15092409291687942,0.15092409291717887,0.15092409291743272,0.15092409291717887,0.15092409291701062,0.15092409291717887,0.15092409291743272,0.1496365230634371,0.14963652306270797,0.14963652306220465,0.14963652306270797,0.1496365230634371,0.14963652306270797,0.14963652306178732,0.14963652306110586,0.14963652306178732,0.14963652306270797,0.14963652306220465,0.14963652306110586,0.14963652306025899,0.14963652306110586,0.14963652306220465,0.14963652306270797,0.14963652306178732,0.14963652306110586,0.14963652306178732,0.14963652306270797,0.1496365230634371,0.14963652306270797,0.14963652306220465,0.14963652306270797,0.1496365230634371,0.1483745363319818,0.14837453632997932,0.14837453632851186,0.14837453632997932,0.1483745363319818,0.14837453632997932,0.14837453632721342,0.14837453632496003,0.14837453632721342,0.14837453632997932,0.14837453632851186,0.14837453632496003,0.1483745363217592,0.14837453632496003,0.14837453632851186,0.14837453632997932,0.14837453632721342,0.14837453632496003,0.14837453632721342,0.14837453632997932,0.1483745363319818,0.14837453632997932,0.14837453632851186,0.14837453632997932,0.1483745363319818,0.14713758220852569,0.1471375822033944,0.14713758219927753,0.1471375822033944,0.14713758220852569,0.1471375822033944,0.14713758219544076,0.14713758218783404,0.14713758219544076,0.1471375822033944,0.14713758219927753,0.14713758218783404,0.14713758217445516,0.14713758218783404,0.14713758219927753,0.1471375822033944,0.14713758219544076,0.14713758218783404,0.14713758219544076,0.1471375822033944,0.14713758220852569,0.1471375822033944,0.14713758219927753,0.1471375822033944,0.14713758220852569,0.14592511804666858,0.14592511803492295,0.14592511802425798,0.14592511803492295,0.14592511804666858,0.14592511803492295,0.1459251180138446,0.14592511798846655,0.1459251180138446,0.14592511803492295,0.14592511802425798,0.14592511798846655,0.1459251179253145,0.14592511798846655,0.14592511802425798,0.14592511803492295,0.1459251180138446,0.14592511798846655,0.1459251180138446,0.14592511803492295,0.14592511804666858,0.14592511803492295,0.14592511802425798,0.14592511803492295,0.14592511804666858,0.14473660944502376,0.14473660942295194,0.14473660939991623,0.14473660942295194,0.14473660944502376,0.14473660942295194,0.14473660937666813,0.1447366093015211,0.14473660937666813,0.14473660942295194,0.14473660939991623,0.1447366093015211,0.14473660896275722,0.1447366093015211,0.14473660939991623,0.14473660942295194,0.14473660937666813,0.1447366093015211,0.14473660937666813,0.14473660942295194,0.14473660944502376,0.14473660942295194,0.14473660939991623,0.14473660942295194,0.14473660944502376,0.14357153056255328,0.1435715305332093,0.14357153050286806,0.1435715305332093,0.14357153056255328,0.1435715305332093,0.1435715304721817,0.1435715303771088,0.1435715304721817,0.1435715305332093,0.14357153050286806,0.1435715303771088,0.1435715299866875,0.1435715303771088,0.14357153050286806,0.1435715305332093,0.1435715304721817,0.1435715303771088,0.1435715304721817,0.1435715305332093,0.14357153056255328,0.1435715305332093,0.14357153050286806,0.1435715305332093,0.14357153056255328,0.14242936436605685,0.14242936433277317,0.14242936429816277,0.14242936433277317,0.14242936436605685,0.14242936433277317,0.142429364263034,0.1424293641545672,0.142429364263034,0.14242936433277317,0.14242936429816277,0.1424293641545672,0.14242936371356127,0.1424293641545672,0.14242936429816277,0.14242936433277317,0.142429364263034,0.1424293641545672,0.142429364263034,0.14242936433277317,0.14242936436605685,0.14242936433277317,0.14242936429816277,0.14242936433277317,0.14242936436605685,0.14130960284240202,0.14130960280975258,0.14130960277421203,0.14130960280975258,0.14130960284240202,0.14130960280975258,0.1413096027377414,0.1413096026188629,0.1413096027377414,0.14130960280975258,0.14130960277421203,0.1413096026188629,0.14130960210815516,0.1413096026188629,0.14130960277421203,0.14130960280975258,0.1413096027377414,0.1413096026188629,0.1413096027377414,0.14130960280975258,0.14130960284240202,0.14130960280975258,0.14130960277421203,0.14130960280975258,0.14130960284240202,0.14021174716478624,0.14021174714267587,0.14021174711584342,0.14021174714267587,0.14021174716478624,0.14021174714267587,0.14021174708776782,0.14021174698284686,0.14021174708776782,0.14021174714267587,0.14021174711584342,0.14021174698284686,0.14021174645449197,0.14021174698284686,0.14021174711584342,0.14021174714267587,0.14021174708776782,0.14021174698284686,0.14021174708776782,0.14021174714267587,0.14021174716478624,0.14021174714267587,0.14021174711584342,0.14021174714267587,0.14021174716478624,0.13913530781073902,0.13913530781519826,0.13913530781750952,0.13913530781519826,0.13913530781073902,0.13913530781519826,0.1391353078192853,0.13913530781661146,0.1391353078192853,0.13913530781519826,0.13913530781750952,0.13913530781661146,0.13913530778603925,0.13913530781661146,0.13913530781750952,0.13913530781519826,0.1391353078192853,0.13913530781661146,0.1391353078192853,0.13913530781519826,0.13913530781073902,0.13913530781519826,0.13913530781750952,0.13913530781519826,0.13913530781073902,0.13807980464243344,0.13807980468099829,0.1380798047205154,0.13807980468099829,0.13807980464243344,0.13807980468099829,0.13807980476077206,0.1380798048727577,0.13807980476077206,0.13807980468099829,0.1380798047205154,0.1380798048727577,0.1380798051946103,0.1380798048727577,0.1380798047205154,0.13807980468099829,0.13807980476077206,0.1380798048727577,0.13807980476077206,0.13807980468099829,0.13807980464243344,0.13807980468099829,0.1380798047205154,0.13807980468099829,0.13807980464243344,0.13704476698466558,0.13704476705406288,0.1370447671390236,0.13704476705406288,0.13704476698466558,0.13704476705406288,0.13704476722732084,0.13704476757803444,0.13704476722732084,0.13704476705406288,0.1370447671390236,0.13704476757803444,0.13704476952974382,0.13704476757803444,0.1370447671390236,0.13704476705406288,0.13704476722732084,0.13704476757803444,0.13704476722732084,0.13704476705406288,0.13704476698466558,0.13704476705406288,0.1370447671390236,0.13704476705406288,0.13704476698466558,0.13602973367872156,0.13602973372774413,0.1360297337759195,0.13602973372774413,0.13602973367872156,0.13602973372774413,0.13602973382433103,0.13602973395395457,0.13602973382433103,0.13602973372774413,0.1360297337759195,0.13602973395395457,0.1360297343145044,0.13602973395395457,0.1360297337759195,0.13602973372774413,0.13602973382433103,0.13602973395395457,0.13602973382433103,0.13602973372774413,0.13602973367872156,0.13602973372774413,0.1360297337759195,0.13602973372774413,0.13602973367872156,0.13503425318701698,0.13503425321783818,0.13503425324332893,0.13503425321783818,0.13503425318701698,0.13503425321783818,0.13503425326755164,0.13503425331693625,0.13503425326755164,0.13503425321783818,0.13503425324332893,0.13503425331693625,0.1350342534068799,0.13503425331693625,0.13503425324332893,0.13503425321783818,0.13503425326755164,0.13503425331693625,0.13503425326755164,0.13503425321783818,0.13503425318701698,0.13503425321783818,0.13503425324332893,0.13503425321783818,0.13503425318701698
0.1653324875201856,0.1653324875201856,0.1653324875201856,0.1653324875201856,0.1653324875201856,0.1653324875201856,0.1653324875201856,0.1653324875201856,0.1653324875201856,0.1653324875201856,0.1653324875201856,0.1653324875201856,0.1653324875201856,0.1653324875201856,0.1653324875201856,0.1653324875201856,0.1653324875201856,0.1653324875201856,0.1653324875201856,0.1653324875201856,0.1653324875201856,0.1653324875201856,0.1653324875201856,0.1653324875201856,0.1653324875201856,0.16375749380673923,0.16375749380673923,0.16375749380673923,0.16375749380673923,0.16375749380673923,0.16375749380673923,0.16375749380673923,0.16375749380673923,0.16375749380673923,0.16375749380673923,0.16375749380673923,0.16375749380673923,0.16375749380673923,0.16375749380673923,0.16375749380673923,0.16375749380673923,0.16375749380673923,0.16375749380673923,0.16375749380673923,0.16375749380673923,0.16375749380673923,0.16375749380673923,0.16375749380673923,0.16375749380673923,0.16375749380673923,0.16221388402514503,0.16221388402514503,0.16221388402514503,0.16221388402514503,0.16221388402514503,0.16221388402514503,0.16221388402514503,0.16221388402514503,0.16221388402514503,0.16221388402514503,0.16221388402514503,0.16221388402514503,0.16221388402514503,0.16221388402514503,0.16221388402514503,0.16221388402514503,0.16221388402514503,0.16221388402514503,0.16221388402514503,0.16221388402514503,0.16221388402514503,0.16221388402514503,0.16221388402514503,0.16221388402514503,0.16221388402514503,0.16070106713244509,0.16070106713244509,0.16070106713244486,0.16070106713244509,0.16070106713244509,0.16070106713244509,0.16070106713244486,0.16070106713244486,0.16070106713244486,0.16070106713244509,0.16070106713244486,0.16070106713244486,0.16070106713244486,0.16070106713244486,0.16070106713244486,0.16070106713244509,0.16070106713244486,0.16070106713244486,0.16070106713244486,0.16070106713244509,0.16070106713244509,0.16070106713244509,0.16070106713244486,0.16070106713244509,0.16070106713244509,0.15921845150361882,0.1592184515036184,0.15921845150361819,0.1592184515036184,0.15921845150361882,0.1592184515036184,0.15921845150361819,0.15921845150361796,0.15921845150361819,0.1592184515036184,0.15921845150361819,0.15921845150361796,0.15921845150361774,0.15921845150361796,0.15921845150361819,0.1592184515036184,0.15921845150361819,0.15921845150361796,0.15921845150361819,0.1592184515036184,0.15921845150361882,0.1592184515036184,0.15921845150361819,0.1592184515036184,0.15921845150361882,0.1577654462834343,0.15776544628343345,0.1577654462834328,0.15776544628343345,0.1577654462834343,0.15776544628343345,0.15776544628343236,0.15776544628343175,0.15776544628343236,0.15776544628343345,0.1577654462834328,0.15776544628343175,0.15776544628343112,0.15776544628343175,0.1577654462834328,0.15776544628343345,0.15776544628343236,0.15776544628343175,0.15776544628343236,0.15776544628343345,0.1577654462834343,0.15776544628343345,0.1577654462834328,0.15776544628343345,0.1577654462834343,0.15634146260077236,0.15634146260076945,0.15634146260076756,0.15634146260076945,0.15634146260077236,0.15634146260076945,0.15634146260076628,0.15634146260076442,0.15634146260076628,0.15634146260076945,0.15634146260076756,0.15634146260076442,0.15634146260076232,0.15634146260076442,0.15634146260076756,0.15634146260076945,0.15634146260076628,0.15634146260076442,0.15634146260076628,0.15634146260076945,0.15634146260077236,0.15634146260076945,0.15634146260076756,0.15634146260076945,0.15634146260077236,0.15494591465568822,0.154945914655679,0.15494591465567328,0.154945914655679,0.15494591465568822,0.154945914655679,0.15494591465566915,0.15494591465566301,0.15494591465566915,0.154945914655679,0.15494591465567328,0.15494591465566301,0.15494591465565666,0.15494591465566301,0.15494591465567328,0.154945914655679,0.15494591465566915,0.15494591465566301,0.15494591465566915,0.154945914655679,0.15494591465568822,0.154945914655679,0.15494591465567328,0.154945914655679,0.15494591465568822,0.15357822068892182,0.15357822068889349,0.15357822068887583,0.15357822068889349,0.15357822068892182,0.15357822068889349,0.15357822068886315,0.1535782206888437,0.15357822068886315,0.15357822068889349,0.15357822068887583,0.1535782206888437,0.153578220688823,0.1535782206888437,0.15357822068887583,0.15357822068889349,0.15357822068886315,0.1535782206888437,0.15357822068886315,0.15357822068889368,0.15357822068892182,0.15357822068889349,0.15357822068887583,0.15357822068889368,0.15357822068892182,0.15223780384301747,0.15223780384293284,0.15223780384287813,0.15223780384293284,0.15223780384301747,0.15223780384293284,0.15223780384283775,0.15223780384277516,0.15223780384283775,0.15223780384293284,0.15223780384287813,0.15223780384277516,0.1522378038427067,0.15223780384277516,0.15223780384287813,0.15223780384293284,0.15223780384283775,0.15223780384277516,0.15223780384283775,0.15223780384293284,0.15223780384301747,0.15223780384293284,0.15223780384287813,0.15223780384293284,0.15223780384301747,0.15092409292368353,0.15092409292343292,0.1509240929232668,0.15092409292343292,0.15092409292368353,0.15092409292343292,0.1509240929231372,0.15092409292293382,0.1509240929231372,0.15092409292343292,0.1509240929232668,0.15092409292293382,0.15092409292269676,0.15092409292293382,0.1509240929232668,0.15092409292343292,0.1509240929231372,0.15092409292293382,0.1509240929231372,0.15092409292343292,0.15092409292368353,0.15092409292343292,0.1509240929232668,0.15092409292343292,0.15092409292368353,0.14963652306952824,0.1496365230688082,0.1496365230683111,0.1496365230688082,0.14963652306952824,0.1496365230688082,0.1496365230678989,0.14963652306722597,0.1496365230678989,0.1496365230688082,0.1496365230683111,0.14963652306722597,0.14963652306638964,0.14963652306722597,0.1496365230683111,0.1496365230688082,0.1496365230678989,0.14963652306722597,0.1496365230678989,0.1496365230688082,0.14963652306952824,0.1496365230688082,0.1496365230683111,0.1496365230688082,0.14963652306952824,0.1483745363378951,0.14837453633591802,0.14837453633446893,0.14837453633591802,0.1483745363378951,0.14837453633591802,0.1483745363331868,0.14837453633096137,0.1483745363331868,0.14837453633591802,0.14837453633446893,0.14837453633096137,0.14837453632779982,0.14837453633096137,0.14837453633446893,0.14837453633591802,0.1483745363331868,0.14837453633096137,0.1483745363331868,0.14837453633591802,0.1483745363378951,0.14837453633591802,0.14837453633446893,0.14837453633591802,0.1483745363378951,0.14713758221420992,0.14713758220914422,0.14713758220507928,0.14713758220914422,0.14713758221420992,0.14713758220914422,0.14713758220129083,0.1471375821937784,0.14713758220129083,0.14713758220914422,0.14713758220507928,0.1471375821937784,0.14713758218056266,0.1471375821937784,0.14713758220507928,0.14713758220914422,0.14713758220129083,0.1471375821937784,0.14713758220129083,0.14713758220914422,0.14713758221420992,0.14713758220914422,0.14713758220507928,0.14713758220914422,0.14713758221420992,0.14592511805198827,0.1459251180403954,0.14592511802986646,0.1459251180403954,0.14592511805198827,0.1459251180403954,0.14592511801958524,0.14592511799452182,0.14592511801958524,0.1459251180403954,0.14592511802986646,0.14592511799452182,0.1459251179321331,0.14592511799452182,0.14592511802986646,0.1459251180403954,0.14592511801958524,0.14592511799452182,0.14592511801958524,0.1459251180403954,0.14592511805198827,0.1459251180403954,0.14592511802986646,0.1459251180403954,0.14592511805198827,0.14473660944966224,0.1447366094278868,0.1447366094051522,0.1447366094278868,0.14473660944966224,0.1447366094278868,0.14473660938220642,0.14473660930800022,0.14473660938220642,0.1447366094278868,0.1447366094051522,0.14473660930800022,0.14473660897330615,0.14473660930800022,0.1447366094051522,0.1447366094278868,0.14473660938220642,0.14473660930800022,0.14473660938220642,0.1447366094278868,0.14473660944966224,0.1447366094278868,0.1447366094051522,0.1447366094278868,0.14473660944966224,0.14357153056589253,0.14357153053697497,0.14357153050706906,0.14357153053697497,0.14357153056589253,0.14357153053697497,0.14357153047682175,0.14357153038308731,0.14357153047682175,0.14357153053697497,0.14357153050706906,0.14357153038308731,0.14357152999807354,0.14357153038308731,0.14357153050706906,0.14357153053697497,0.14357153047682175,0.14357153038308731,0.14357153047682175,0.14357153053697497,0.14357153056589253,0.14357153053697497,0.14357153050706906,0.14357153053697497,0.14357153056589253,0.14242936436720244,0.14242936433444517,0.1424293643003821,0.14242936433444517,0.14242936436720244,0.14242936433444517,0.14242936426580877,0.14242936415905694,0.14242936426580877,0.14242936433444517,0.1424293643003821,0.14242936415905694,0.14242936372501974,0.14242936415905694,0.1424293643003821,0.14242936433444517,0.14242936426580877,0.14242936415905694,0.14242936426580877,0.14242936433444517,0.14242936436720244,0.14242936433444517,0.1424293643003821,0.14242936433444517,0.14242936436720244,0.14130960284024044,0.14130960280814592,0.14130960277321272,0.14130960280814592,0.14130960284024044,0.14130960280814592,0.1413096027373661,0.14130960262053438,0.1413096027373661,0.14130960280814592,0.14130960277321272,0.14130960262053438,0.14130960211867688,0.14130960262053438,0.14130960277321272,0.14130960280814592,0.1413096027373661,0.14130960262053438,0.1413096027373661,0.14130960280814592,0.14130960284024044,0.14130960280814592,0.14130960277321272,0.14130960280814592,0.14130960284024044,0.14021174715812987,0.1402117471364246,0.1402117471100825,0.1402117471364246,0.14021174715812987,0.1402117471364246,0.14021174708251935,0.14021174697951633,0.14021174708251935,0.1402117471364246,0.1402117471100825,0.14021174697951633,0.14021174646084952,0.14021174697951633,0.1402117471100825,0.1402117471364246,0.14021174708251935,0.14021174697951633,0.14021174708251935,0.1402117471364246,0.14021174715812987,0.1402117471364246,0.1402117471100825,0.1402117471364246,0.14021174715812987,0.1391353077986942,0.13913530780311945,0.1391353078054298,0.13913530780311945,0.1391353077986942,0.13913530780311945,0.13913530780721314,0.13913530780467415,0.13913530780721314,0.13913530780311945,0.1391353078054298,0.13913530780467415,0.1391353077748315,0.13913530780467415,0.1391353078054298,0.13913530780311945,0.13913530780721314,0.13913530780467415,0.13913530780721314,0.13913530780311945,0.1391353077986942,0.13913530780311945,0.1391353078054298,0.13913530780311945,0.1391353077986942,0.13807980462500027,0.1380798046629758,0.13807980470188594,0.1380798046629758,0.13807980462500027,0.1380798046629758,0.1380798047415232,0.13807980485177607,0.1380798047415232,0.1380798046629758,0.13807980470188594,0.13807980485177607,0.13807980516862056,0.13807980485177607,0.13807980470188594,0.1380798046629758,0.1380798047415232,0.13807980485177607,0.1380798047415232,0.1380798046629758,0.13807980462500027,0.1380798046629758,0.13807980470188594,0.1380798046629758,0.13807980462500027,0.13704476696298817,0.13704476703130156,0.13704476711493196,0.13704476703130156,0.13704476696298817,0.13704476703130156,0.13704476720184594,0.13704476754705508,0.13704476720184594,0.13704476703130156,0.13704476711493196,0.13704476754705508,0.13704476946811361,0.13704476754705508,0.13704476711493196,0.13704476703130156,0.13704476720184594,0.13704476754705508,0.13704476720184594,0.13704476703130156,0.13704476696298817,0.13704476703130156,0.13704476711493196,0.13704476703130156,0.13704476696298817,0.13602973365497745,0.13602973370323213,0.1360297337506521,0.13602973370323213,0.13602973365497745,0.13602973370323213,0.13602973379830438,0.13602973392589304,0.13602973379830424,0.13602973370323213,0.1360297337506521,0.13602973392589304,0.13602973428077894,0.13602973392589304,0.1360297337506521,0.13602973370323213,0.13602973379830424,0.13602973392589304,0.13602973379830438,0.13602973370323213,0.13602973365497745,0.13602973370323213,0.1360297337506521,0.13602973370323213,0.13602973365497745,0.1350342531627567,0.13503425319309453,0.1350342532181855,0.13503425319309453,0.1350342531627567,0.13503425319309453,0.1350342532420281,0.13503425329063753,0.1350342532420281,0.13503425319309453,0.1350342532181855,0.13503425329063753,0.13503425337916866,0.13503425329063753,0.1350342532181855,0.13503425319309453,0.1350342532420281,0.13503425329063753,0.1350342532420281,0.13503425319309453,0.1350342531627567,0.13503425319309453,0.1350342532181855,0.13503425319309453,0.1350342531627567
0.16533248752771995,0.16533248752771995,0.16533248752771995,0.16533248752771995,0.16533248752771995,0.16533248752771995,0.16533248752771976,0.16533248752771976,0.16533248752771995,0.16533248752771995,0.16533248752771995,0.16533248752771976,0.16533248752771976,0.16533248752771976,0.16533248752771995,0.16533248752771995,0.16533248752771995,0.16533248752771976,0.16533248752771976,0.16533248752771995,0.16533248752771995,0.16533248752771995,0.16533248752771995,0.16533248752771995,0.16533248752771995,0.16375749381412102,0.16375749381412102,0.16375749381412102,0.16375749381412102,0.16375749381412102,0.16375749381412102,0.16375749381412102,0.16375749381412102,0.16375749381412102,0.16375749381412102,0.16375749381412102,0.16375749381412102,0.16375749381412102,0.16375749381412102,0.16375749381412102,0.16375749381412102,0.16375749381412102,0.16375749381412102,0.16375749381412102,0.16375749381412102,0.16375749381412102,0.16375749381412102,0.16375749381412102,0.16375749381412102,0.16375749381412102,0.16221388403237536,0.16221388403237513,0.16221388403237513,0.16221388403237513,0.16221388403237536,0.16221388403237513,0.16221388403237513,0.16221388403237513,0.16221388403237513,0.16221388403237513,0.16221388403237513,0.16221388403237513,0.16221388403237513,0.16221388403237513,0.16221388403237513,0.16221388403237513,0.16221388403237513,0.16221388403237513,0.16221388403237513,0.16221388403237513,0.16221388403237536,0.16221388403237513,0.16221388403237513,0.16221388403237513,0.16221388403237536,0.16070106713952445,0.16070106713952445,0.16070106713952445,0.16070106713952445,0.16070106713952445,0.16070106713952445,0.1607010671395242,0.1607010671395242,0.1607010671395242,0.16070106713952445,0.16070106713952445,0.1607010671395242,0.1607010671395242,0.1607010671395242,0.16070106713952445,0.16070106713952445,0.1607010671395242,0.1607010671395242,0.1607010671395242,0.16070106713952445,0.16070106713952445,0.16070106713952445,0.16070106713952445,0.16070106713952445,0.16070106713952445,0.15921845151054811,0.1592184515105479,0.15921845151054767,0.1592184515105479,0.15921845151054811,0.1592184515105479,0.15921845151054745,0.15921845151054723,0.15921845151054745,0.1592184515105479,0.15921845151054767,0.15921845151054723,0.15921845151054703,0.15921845151054723,0.15921845151054767,0.1592184515105479,0.15921845151054745,0.15921845151054723,0.15921845151054745,0.1592184515105479,0.15921845151054811,0.1592184515105479,0.15921845151054767,0.1592184515105479,0.15921845151054811,0.1577654462902143,0.15776544629021344,0.1577654462902128,0.15776544629021344,0.1577654462902143,0.15776544629021344,0.15776544629021239,0.15776544629021194,0.15776544629021239,0.15776544629021344,0.1577654462902128,0.15776544629021194,0.1577654462902113,0.15776544629021194,0.1577654462902128,0.15776544629021344,0.15776544629021239,0.15776544629021194,0.15776544629021239,0.15776544629021344,0.1577654462902143,0.15776544629021344,0.1577654462902128,0.15776544629021344,0.1577654462902143,0.15634146260740375,0.15634146260740084,0.15634146260739898,0.15634146260740084,0.15634146260740375,0.15634146260740084,0.1563414626073979,0.15634146260739581,0.1563414626073979,0.15634146260740084,0.15634146260739898,0.15634146260739581,0.15634146260739393,0.15634146260739581,0.15634146260739898,0.15634146260740084,0.1563414626073979,0.15634146260739581,0.1563414626073979,0.15634146260740084,0.15634146260740375,0.15634146260740084,0.15634146260739898,0.15634146260740084,0.15634146260740375,0.15494591466217164,0.15494591466216243,0.1549459146621567,0.15494591466216243,0.15494591466217164,0.15494591466216243,0.15494591466215282,0.15494591466214686,0.15494591466215282,0.15494591466216243,0.1549459146621567,0.15494591466214686,0.15494591466214053,0.15494591466214686,0.1549459146621567,0.15494591466216243,0.15494591466215282,0.15494591466214686,0.15494591466215282,0.15494591466216243,0.15494591466217164,0.15494591466216243,0.1549459146621567,0.15494591466216243,0.15494591466217164,0.1535782206952576,0.1535782206952299,0.1535782206952122,0.1535782206952299,0.1535782206952576,0.1535782206952299,0.15357822069519975,0.15357822069518048,0.15357822069519975,0.1535782206952299,0.1535782206952122,0.15357822069518048,0.15357822069516,0.15357822069518048,0.1535782206952122,0.1535782206952299,0.15357822069519975,0.15357822069518048,0.15357822069519975,0.1535782206952299,0.1535782206952576,0.1535782206952299,0.1535782206952122,0.1535782206952299,0.1535782206952576,0.1522378038492059,0.15223780384912225,0.15223780384906832,0.15223780384912225,0.1522378038492059,0.15223780384912225,0.15223780384902835,0.15223780384896654,0.15223780384902835,0.15223780384912225,0.15223780384906832,0.15223780384896654,0.15223780384889865,0.15223780384896654,0.15223780384906832,0.15223780384912225,0.15223780384902835,0.15223780384896654,0.15223780384902835,0.15223780384912225,0.1522378038492059,0.15223780384912225,0.15223780384906832,0.15223780384912225,0.1522378038492059,0.15092409292972325,0.15092409292947576,0.15092409292931155,0.15092409292947576,0.15092409292972325,0.15092409292947576,0.15092409292918346,0.15092409292898246,0.15092409292918346,0.15092409292947576,0.15092409292931155,0.15092409292898246,0.15092409292874806,0.15092409292898246,0.15092409292931155,0.15092409292947576,0.15092409292918346,0.15092409292898246,0.15092409292918346,0.15092409292947576,0.15092409292972325,0.15092409292947576,0.15092409292931155,0.15092409292947576,0.15092409292972325,0.14963652307541386,0.1496365230747027,0.14963652307421185,0.1496365230747027,0.14963652307541386,0.1496365230747027,0.14963652307380437,0.14963652307313974,0.14963652307380437,0.1496365230747027,0.14963652307421185,0.14963652307313974,0.14963652307231365,0.14963652307313974,0.14963652307421185,0.1496365230747027,0.14963652307380437,0.14963652307313974,0.14963652307380437,0.1496365230747027,0.14963652307541386,0.1496365230747027,0.14963652307421185,0.1496365230747027,0.14963652307541386,0.1483745363436096,0.14837453634165695,0.14837453634022582,0.14837453634165695,0.1483745363436096,0.14837453634165695,0.14837453633895928,0.1483745363367609,0.14837453633895928,0.14837453634165695,0.14837453634022582,0.1483745363367609,0.14837453633363754,0.1483745363367609,0.14837453634022582,0.14837453634165695,0.14837453633895928,0.1483745363367609,0.14837453633895928,0.14837453634165695,0.1483745363436096,0.14837453634165695,0.14837453634022582,0.14837453634165695,0.1483745363436096,0.14713758221970338,0.14713758221470113,0.14713758221068649,0.14713758221470113,0.14713758221970338,0.14713758221470113,0.14713758220694473,0.14713758219952347,0.14713758220694473,0.14713758221470113,0.14713758221068649,0.14713758219952347,0.14713758218646542,0.14713758219952347,0.14713758221068649,0.14713758221470113,0.14713758220694473,0.14713758219952347,0.14713758220694473,0.14713758221470113,0.14713758221970338,0.14713758221470113,0.14713758221068649,0.14713758221470113,0.14713758221970338,0.14592511805713004,0.14592511804568462,0.14592511803528746,0.14592511804568462,0.14592511805713004,0.14592511804568462,0.1459251180251339,0.14592511800037478,0.1459251180251339,0.14592511804568462,0.14592511803528746,0.14592511800037478,0.14592511793872434,0.14592511800037478,0.14592511803528746,0.14592511804568462,0.1459251180251339,0.14592511800037478,0.1459251180251339,0.14592511804568462,0.14592511805713004,0.14592511804568462,0.14592511803528746,0.14592511804568462,0.14592511805713004,0.1447366094541459,0.1447366094326569,0.14473660941021366,0.1447366094326569,0.1447366094541459,0.1447366094326569,0.14473660938755986,0.1447366093142634,0.14473660938755986,0.1447366094326569,0.14473660941021366,0.1447366093142634,0.14473660898351712,0.1447366093142634,0.14473660941021366,0.1447366094326569,0.14473660938755986,0.1447366093142634,0.14473660938755986,0.1447366094326569,0.1447366094541459,0.1447366094326569,0.14473660941021366,0.1447366094326569,0.1447366094541459,0.14357153056912075,0.14357153054061506,0.1435715305111299,0.14357153054061506,0.14357153056912075,0.14357153054061506,0.14357153048130697,0.14357153038886614,0.14357153048130697,0.14357153054061506,0.1435715305111299,0.14357153038886614,0.143571530009072,0.14357153038886614,0.1435715305111299,0.14357153054061506,0.14357153048130697,0.14357153038886614,0.14357153048130697,0.14357153054061506,0.14357153056912075,0.14357153054061506,0.1435715305111299,0.14357153054061506,0.14357153056912075,0.14242936436831044,0.14242936433606196,0.14242936430252764,0.14242936433606196,0.14242936436831044,0.14242936433606196,0.14242936426849112,0.1424293641633958,0.14242936426849112,0.14242936433606196,0.14242936430252764,0.1424293641633958,0.14242936373608214,0.1424293641633958,0.14242936430252764,0.14242936433606196,0.14242936426849112,0.1424293641633958,0.14242936426849112,0.14242936433606196,0.14242936436831044,0.14242936433606196,0.14242936430252764,0.14242936433606196,0.14242936436831044,0.14130960283815272,0.14130960280659435,0.14130960277224783,0.14130960280659435,0.14130960283815272,0.14130960280659435,0.1413096027370038,0.14130960262214942,0.1413096027370038,0.14130960280659435,0.14130960277224783,0.14130960262214942,0.14130960212885715,0.14130960262214942,0.14130960277224783,0.14130960280659435,0.1413096027370038,0.14130960262214942,0.1413096027370038,0.14130960280659435,0.14130960283815272,0.14130960280659435,0.14130960277224783,0.14130960280659435,0.14130960283815272,0.14021174715169926,0.14021174713038503,0.1402117471045165,0.14021174713038503,0.14021174715169926,0.14021174713038503,0.1402117470774486,0.1402117469762979,0.1402117470774486,0.14021174713038503,0.1402117471045165,0.1402117469762979,0.14021174646701198,0.1402117469762979,0.1402117471045165,0.14021174713038503,0.1402117470774486,0.1402117469762979,0.1402117470774486,0.14021174713038503,0.14021174715169926,0.14021174713038503,0.1402117471045165,0.14021174713038503,0.14021174715169926,0.13913530778705718,0.1391353077914497,0.13913530779375874,0.1391353077914497,0.13913530778705718,0.1391353077914497,0.13913530779554936,0.13913530779314054,0.13913530779554936,0.1391353077914497,0.13913530779375874,0.13913530779314054,0.13913530776400193,0.13913530779314054,0.13913530779375874,0.1391353077914497,0.13913530779554936,0.13913530779314054,0.13913530779554936,0.1391353077914497,0.13913530778705718,0.1391353077914497,0.13913530779375874,0.1391353077914497,0.13913530778705718,0.13807980460815705,0.1380798046455631,0.13807980468388686,0.1380798046455631,0.13807980460815705,0.1380798046455631,0.1380798047229257,0.13807980483150442,0.1380798047229257,0.1380798046455631,0.13807980468388686,0.13807980483150442,0.13807980514350957,0.13807980483150442,0.13807980468388686,0.1380798046455631,0.1380798047229257,0.13807980483150442,0.1380798047229257,0.1380798046455631,0.13807980460815705,0.1380798046455631,0.13807980468388686,0.1380798046455631,0.13807980460815705,0.13704476694204434,0.1370447670093105,0.13704476709165553,0.1370447670093105,0.13704476694204434,0.1370447670093105,0.13704476717723293,0.13704476751712358,0.13704476717723293,0.1370447670093105,0.13704476709165553,0.13704476751712358,0.13704476940854554,0.13704476751712358,0.13704476709165553,0.1370447670093105,0.13704476717723293,0.13704476751712358,0.13704476717723293,0.1370447670093105,0.13704476694204434,0.1370447670093105,0.13704476709165553,0.1370447670093105,0.13704476694204434,0.13602973363203696,0.1360297336795497,0.1360297337262398,0.1360297336795497,0.13602973363203696,0.1360297336795497,0.13602973377315836,0.13602973389878087,0.13602973377315836,0.1360297336795497,0.1360297337262398,0.13602973389878087,0.13602973424819428,0.13602973389878087,0.1360297337262398,0.1360297336795497,0.13602973377315836,0.13602973389878087,0.13602973377315836,0.1360297336795497,0.13602973363203696,0.1360297336795497,0.1360297337262398,0.1360297336795497,0.13602973363203696,0.13503425313931736,0.1350342531691884,0.135034253193893,0.1350342531691884,0.13503425313931736,0.1350342531691884,0.1350342532173686,0.13503425326522878,0.1350342532173686,0.1350342531691884,0.135034253193893,0.13503425326522878,0.13503425335239508,0.13503425326522878,0.135034253193893,0.1350342531691884,0.1350342532173686,0.13503425326522878,0.1350342532173686,0.1350342531691884,0.13503425313931736,0.1350342531691884,0.135034253193893,0.1350342531691884,0.13503425313931736
0.1653324875350004,0.1653324875350004,0.1653324875350004,0.1653324875350004,0.1653324875350004,0.1653324875350004,0.1653324875350004,0.1653324875350004,0.1653324875350004,0.1653324875350004,0.1653324875350004,0.1653324875350004,0.1653324875350004,0.1653324875350004,0.1653324875350004,0.1653324875350004,0.1653324875350004,0.1653324875350004,0.1653324875350004,0.1653324875350004,0.1653324875350004,0.1653324875350004,0.1653324875350004,0.1653324875350004,0.1653324875350004,0.16375749382125418,0.16375749382125418,0.16375749382125418,0.16375749382125418,0.16375749382125418,0.16375749382125418,0.16375749382125418,0.16375749382125418,0.16375749382125418,0.16375749382125418,0.16375749382125418,0.16375749382125418,0.16375749382125418,0.16375749382125418,0.16375749382125418,0.16375749382125418,0.16375749382125418,0.16375749382125418,0.16375749382125418,0.16375749382125418,0.16375749382125418,0.16375749382125418,0.16375749382125418,0.16375749382125418,0.16375749382125418,0.1622138840393622,0.1622138840393622,0.1622138840393622,0.1622138840393622,0.1622138840393622,0.1622138840393622,0.162213884039362,0.162213884039362,0.162213884039362,0.1622138840393622,0.1622138840393622,0.162213884039362,0.162213884039362,0.162213884039362,0.1622138840393622,0.1622138840393622,0.162213884039362,0.162213884039362,0.162213884039362,0.1622138840393622,0.1622138840393622,0.1622138840393622,0.1622138840393622,0.1622138840393622,0.1622138840393622,0.16070106714636587,0.16070106714636587,0.16070106714636564,0.16070106714636587,0.16070106714636587,0.16070106714636587,0.16070106714636564,0.16070106714636564,0.16070106714636564,0.16070106714636587,0.16070106714636564,0.16070106714636564,0.16070106714636564,0.16070106714636564,0.16070106714636564,0.16070106714636587,0.16070106714636564,0.16070106714636564,0.16070106714636564,0.16070106714636587,0.16070106714636587,0.16070106714636587,0.16070106714636564,0.16070106714636587,0.16070106714636587,0.15921845151724462,0.15921845151724442,0.1592184515172442,0.15921845151724442,0.15921845151724462,0.15921845151724442,0.1592184515172442,0.15921845151724398,0.1592184515172442,0.15921845151724442,0.1592184515172442,0.15921845151724398,0.1592184515172438,0.15921845151724398,0.1592184515172442,0.15921845151724442,0.1592184515172442,0.15921845151724398,0.1592184515172442,0.15921845151724442,0.15921845151724462,0.15921845151724442,0.1592184515172442,0.15921845151724442,0.15921845151724462,0.15776544629676706,0.15776544629676598,0.15776544629676534,0.15776544629676598,0.15776544629676706,0.15776544629676598,0.15776544629676514,0.15776544629676448,0.15776544629676514,0.15776544629676598,0.15776544629676534,0.15776544629676448,0.15776544629676384,0.15776544629676448,0.15776544629676534,0.15776544629676598,0.15776544629676514,0.15776544629676448,0.15776544629676514,0.15776544629676598,0.15776544629676706,0.15776544629676598,0.15776544629676534,0.15776544629676598,0.15776544629676706,0.1563414626138131,0.15634146261381018,0.1563414626138083,0.15634146261381018,0.1563414626138131,0.15634146261381018,0.15634146261380705,0.15634146261380513,0.15634146261380705,0.15634146261381018,0.1563414626138083,0.15634146261380513,0.1563414626138033,0.15634146261380513,0.1563414626138083,0.15634146261381018,0.15634146261380705,0.15634146261380513,0.15634146261380705,0.15634146261381018,0.1563414626138131,0.15634146261381018,0.1563414626138083,0.15634146261381018,0.1563414626138131,0.15494591466843807,0.15494591466842905,0.15494591466842353,0.15494591466842905,0.15494591466843807,0.15494591466842905,0.15494591466841964,0.15494591466841368,0.15494591466841964,0.15494591466842905,0.15494591466842353,0.15494591466841368,0.15494591466840754,0.15494591466841368,0.15494591466842353,0.15494591466842905,0.15494591466841964,0.15494591466841368,0.15494591466841964,0.15494591466842905,0.15494591466843807,0.15494591466842905,0.15494591466842353,0.15494591466842905,0.15494591466843807,0.1535782207013819,0.1535782207013546,0.15357822070133714,0.1535782207013546,0.1535782207013819,0.1535782207013546,0.15357822070132487,0.15357822070130578,0.15357822070132487,0.1535782207013546,0.15357822070133714,0.15357822070130578,0.15357822070128568,0.15357822070130578,0.15357822070133714,0.1535782207013546,0.15357822070132487,0.15357822070130578,0.15357822070132487,0.1535782207013546,0.1535782207013819,0.1535782207013546,0.15357822070133714,0.1535782207013546,0.1535782207013819,0.15223780385518826,0.15223780385510557,0.15223780385505226,0.15223780385510557,0.15223780385518826,0.15223780385510557,0.15223780385501268,0.15223780385495167,0.15223780385501268,0.15223780385510557,0.15223780385505226,0.15223780385495167,0.15223780385488472,0.15223780385495167,0.15223780385505226,0.15223780385510557,0.15223780385501268,0.15223780385495167,0.15223780385501268,0.15223780385510557,0.15223780385518826,0.15223780385510557,0.15223780385505226,0.15223780385510557,0.15223780385518845,0.15092409293556236,0.15092409293531775,0.1509240929351555,0.15092409293531775,0.15092409293556236,0.15092409293531775,0.15092409293502895,0.15092409293483025,0.15092409293502895,0.15092409293531775,0.1509240929351555,0.15092409293483025,0.15092409293459852,0.15092409293483025,0.1509240929351555,0.15092409293531775,0.15092409293502895,0.15092409293483025,0.15092409293502895,0.15092409293531775,0.15092409293556236,0.15092409293531775,0.1509240929351555,0.15092409293531775,0.15092409293556236,0.1496365230811047,0.14963652308040207,0.14963652307991707,0.14963652308040207,0.1496365230811047,0.14963652308040207,0.14963652307951433,0.14963652307885764,0.14963652307951433,0.14963652308040207,0.14963652307991707,0.14963652307885764,0.14963652307804118,0.14963652307885764,0.14963652307991707,0.14963652308040207,0.14963652307951433,0.14963652307885764,0.14963652307951433,0.14963652308040207,0.1496365230811047,0.14963652308040207,0.14963652307991707,0.14963652308040207,0.1496365230811047,0.14837453634913517,0.1483745363472065,0.1483745363457926,0.1483745363472065,0.14837453634913517,0.1483745363472065,0.14837453634454123,0.148374536342369,0.14837453634454123,0.1483745363472065,0.1483745363457926,0.148374536342369,0.1483745363392823,0.148374536342369,0.1483745363457926,0.1483745363472065,0.14837453634454123,0.148374536342369,0.14837453634454123,0.1483745363472065,0.14837453634913517,0.1483745363472065,0.1483745363457926,0.1483745363472065,0.14837453634913517,0.14713758222501577,0.1471375822200749,0.14713758221610912,0.1471375822200749,0.14713758222501577,0.1471375822200749,0.1471375822124124,0.14713758220507928,0.1471375822124124,0.1471375822200749,0.14713758221610912,0.14713758220507928,0.147137582192174,0.14713758220507928,0.14713758221610912,0.1471375822200749,0.1471375822124124,0.14713758220507928,0.1471375822124124,0.1471375822200749,0.14713758222501577,0.1471375822200749,0.14713758221610912,0.1471375822200749,0.14713758222501577,0.14592511806210265,0.14592511805080002,0.1459251180405302,0.14592511805080002,0.14592511806210265,0.14592511805080002,0.14592511803050037,0.14592511800603578,0.14592511803050037,0.14592511805080002,0.1459251180405302,0.14592511800603578,0.14592511794509977,0.14592511800603578,0.1459251180405302,0.14592511805080002,0.14592511803050037,0.14592511800603578,0.14592511803050037,0.14592511805080002,0.14592511806210265,0.14592511805080002,0.1459251180405302,0.14592511805080002,0.14592511806210265,0.14473660945848277,0.1447366094372708,0.14473660941510924,0.1447366094372708,0.14473660945848277,0.1447366094372708,0.14473660939273789,0.14473660932032187,0.14473660939273789,0.1447366094372708,0.14473660941510924,0.14473660932032187,0.14473660899336072,0.14473660932032187,0.14473660941510924,0.1447366094372708,0.14473660939273789,0.14473660932032187,0.14473660939273789,0.1447366094372708,0.14473660945848277,0.1447366094372708,0.14473660941510924,0.1447366094372708,0.14473660945848277,0.14357153057224356,0.14357153054413638,0.14357153051505797,0.14357153054413638,0.14357153057224356,0.14357153054413638,0.14357153048564522,0.14357153039445572,0.14357153048564522,0.14357153054413638,0.14357153051505797,0.14357153039445572,0.14357153001973247,0.14357153039445572,0.14357153051505797,0.14357153054413638,0.14357153048564522,0.14357153039445572,0.14357153048564522,0.14357153054413638,0.14357153057224356,0.14357153054413638,0.14357153051505797,0.14357153054413638,0.14357153057224356,0.1424293643693834,0.1424293643376266,0.14242936430460343,0.1424293643376266,0.1424293643693834,0.1424293643376266,0.14242936427108574,0.14242936416759214,0.14242936427108574,0.1424293643376266,0.14242936430460343,0.14242936416759214,0.14242936374677112,0.14242936416759214,0.14242936430460343,0.1424293643376266,0.14242936427108574,0.14242936416759214,0.14242936427108574,0.1424293643376266,0.1424293643693834,0.1424293643376266,0.14242936430460343,0.1424293643376266,0.1424293643693834,0.14130960283613556,0.1413096028050954,0.14130960277131596,0.1413096028050954,0.14130960283613556,0.1413096028050954,0.14130960273665447,0.1413096026237112,0.14130960273665447,0.1413096028050954,0.14130960277131596,0.1413096026237112,0.14130960213866803,0.1413096026237112,0.14130960277131596,0.1413096028050954,0.14130960273665447,0.1413096026237112,0.14130960273665447,0.1413096028050954,0.14130960283613556,0.1413096028050954,0.14130960277131596,0.1413096028050954,0.14130960283613556,0.1402117471454833,0.14021174712454718,0.1402117470991363,0.14021174712454718,0.1402117471454833,0.14021174712454718,0.14021174707254683,0.14021174697318636,0.14021174707254683,0.14021174712454718,0.1402117470991363,0.14021174697318636,0.14021174647295187,0.14021174697318636,0.1402117470991363,0.14021174712454718,0.14021174707254683,0.14021174697318636,0.14021174707254683,0.14021174712454718,0.1402117471454833,0.14021174712454718,0.1402117470991363,0.14021174712454718,0.1402117471454833,0.13913530777580815,0.13913530778016872,0.13913530778247668,0.13913530778016872,0.13913530777580815,0.13913530778016872,0.1391353077842741,0.1391353077819908,0.1391353077842741,0.13913530778016872,0.13913530778247668,0.1391353077819908,0.13913530775353256,0.1391353077819908,0.13913530778247668,0.13913530778016872,0.1391353077842741,0.1391353077819908,0.1391353077842741,0.13913530778016872,0.13913530777580815,0.13913530778016872,0.13913530778247668,0.13913530778016872,0.13913530777580815,0.1380798045918749,0.1380798046287306,0.1380798046664872,0.1380798046287306,0.1380798045918749,0.1380798046287306,0.13807980470494752,0.13807980481190765,0.13807980470494752,0.1380798046287306,0.1380798046664872,0.13807980481190765,0.13807980511923426,0.13807980481190765,0.1380798046664872,0.1380798046287306,0.13807980470494752,0.13807980481190765,0.13807980470494752,0.1380798046287306,0.1380798045918749,0.1380798046287306,0.1380798046664872,0.1380798046287306,0.1380798045918749,0.13704476692179823,0.13704476698805182,0.13704476706915406,0.13704476698805182,0.13704476692179823,0.13704476698805182,0.1370447671534394,0.13704476748818822,0.1370447671534394,0.13704476698805182,0.13704476706915406,0.13704476748818822,0.13704476935095783,0.13704476748818822,0.13704476706915406,0.13704476698805182,0.1370447671534394,0.13704476748818822,0.1370447671534394,0.13704476698805182,0.13704476692179823,0.13704476698805182,0.13704476706915406,0.13704476698805182,0.13704476692179823,0.13602973360986056,0.13602973365665608,0.1360297337026406,0.13602973365665608,0.13602973360986056,0.13602973365665608,0.1360297337488497,0.13602973387257156,0.1360297337488497,0.13602973365665608,0.1360297337026406,0.13602973387257156,0.13602973421669423,0.13602973387257156,0.1360297337026406,0.13602973365665608,0.1360297337488497,0.13602973387257156,0.1360297337488497,0.13602973365665608,0.13602973360986056,0.13602973365665608,0.1360297337026406,0.13602973365665608,0.13602973360986056,0.13503425311665895,0.1350342531460786,0.13503425317040968,0.1350342531460786,0.13503425311665895,0.1350342531460786,0.13503425319353018,0.13503425324066637,0.13503425319353018,0.1350342531460786,0.13503425317040968,0.13503425324066637,0.13503425332651314,0.13503425324066637,0.13503425317040968,0.1350342531460786,0.13503425319353018,0.13503425324066637,0.13503425319353018,0.1350342531460786,0.13503425311665895,0.1350342531460786,0.13503425317040968,0.1350342531460786,0.13503425311665895
0.16533248754204158,0.16533248754204158,0.16533248754204158,0.16533248754204158,0.16533248754204158,0.16533248754204158,0.16533248754204158,0.16533248754204158,0.16533248754204158,0.16533248754204158,0.16533248754204158,0.16533248754204158,0.16533248754204158,0.16533248754204158,0.16533248754204158,0.16533248754204158,0.16533248754204158,0.16533248754204158,0.16533248754204158,0.16533248754204158,0.16533248754204158,0.16533248754204158,0.16533248754204158,0.16533248754204158,0.16533248754204158,0.16375749382815305,0.16375749382815305,0.16375749382815305,0.16375749382815305,0.16375749382815305,0.16375749382815305,0.16375749382815305,0.16375749382815305,0.16375749382815305,0.16375749382815305,0.16375749382815305,0.16375749382815305,0.16375749382815305,0.16375749382815305,0.16375749382815305,0.16375749382815305,0.16375749382815305,0.16375749382815305,0.16375749382815305,0.16375749382815305,0.16375749382815305,0.16375749382815305,0.16375749382815305,0.16375749382815305,0.16375749382815305,0.16221388404611944,0.16221388404611944,0.16221388404611944,0.16221388404611944,0.16221388404611944,0.16221388404611944,0.16221388404611944,0.16221388404611944,0.16221388404611944,0.16221388404611944,0.16221388404611944,0.16221388404611944,0.16221388404611944,0.16221388404611944,0.16221388404611944,0.16221388404611944,0.16221388404611944,0.16221388404611944,0.16221388404611944,0.16221388404611944,0.16221388404611944,0.16221388404611944,0.16221388404611944,0.16221388404611944,0.16221388404611944,0.16070106715298246,0.16070106715298246,0.16070106715298224,0.16070106715298246,0.16070106715298246,0.16070106715298246,0.16070106715298224,0.16070106715298224,0.16070106715298224,0.16070106715298246,0.16070106715298224,0.16070106715298224,0.16070106715298224,0.16070106715298224,0.16070106715298224,0.16070106715298246,0.16070106715298224,0.16070106715298224,0.16070106715298224,0.16070106715298246,0.16070106715298246,0.16070106715298246,0.16070106715298224,0.16070106715298246,0.16070106715298246,0.15921845152372127,0.15921845152372105,0.15921845152372086,0.15921845152372105,0.15921845152372127,0.15921845152372105,0.15921845152372086,0.15921845152372063,0.15921845152372086,0.15921845152372105,0.15921845152372086,0.15921845152372063,0.1592184515237204,0.15921845152372063,0.15921845152372086,0.15921845152372105,0.15921845152372086,0.15921845152372063,0.15921845152372086,0.15921845152372105,0.15921845152372127,0.15921845152372105,0.15921845152372086,0.15921845152372105,0.15921845152372127,0.15776544630310452,0.15776544630310343,0.15776544630310282,0.15776544630310343,0.15776544630310452,0.15776544630310343,0.15776544630310257,0.15776544630310194,0.15776544630310257,0.15776544630310343,0.15776544630310282,0.15776544630310194,0.1577654463031013,0.15776544630310194,0.15776544630310282,0.15776544630310343,0.15776544630310257,0.15776544630310194,0.15776544630310257,0.15776544630310343,0.15776544630310452,0.15776544630310343,0.15776544630310282,0.15776544630310343,0.15776544630310452,0.15634146262001206,0.15634146262000914,0.15634146262000725,0.15634146262000914,0.15634146262001206,0.15634146262000914,0.15634146262000623,0.15634146262000434,0.15634146262000623,0.15634146262000914,0.15634146262000725,0.15634146262000434,0.15634146262000245,0.15634146262000434,0.15634146262000725,0.15634146262000914,0.15634146262000623,0.15634146262000434,0.15634146262000623,0.15634146262000914,0.15634146262001206,0.15634146262000914,0.15634146262000725,0.15634146262000914,0.15634146262001206,0.15494591467449934,0.15494591467449031,0.1549459146744848,0.15494591467449031,0.15494591467449934,0.15494591467449031,0.1549459146744809,0.15494591467447494,0.1549459146744809,0.15494591467449031,0.1549459146744848,0.15494591467447494,0.1549459146744688,0.15494591467447494,0.1549459146744848,0.15494591467449031,0.1549459146744809,0.15494591467447494,0.1549459146744809,0.15494591467449031,0.15494591467449934,0.15494591467449031,0.1549459146744848,0.15494591467449031,0.15494591467449934,0.15357822070730578,0.15357822070727867,0.15357822070726138,0.15357822070727867,0.15357822070730578,0.15357822070727867,0.15357822070724936,0.15357822070723046,0.15357822070724936,0.15357822070727867,0.15357822070726138,0.15357822070723046,0.15357822070721058,0.15357822070723046,0.15357822070726138,0.15357822070727867,0.15357822070724936,0.15357822070723046,0.15357822070724936,0.15357822070727867,0.15357822070730578,0.15357822070727867,0.15357822070726138,0.15357822070727867,0.15357822070730578,0.15223780386097494,0.15223780386089306,0.15223780386084032,0.15223780386089306,0.15223780386097494,0.15223780386089306,0.15223780386080132,0.1522378038607411,0.15223780386080132,0.15223780386089306,0.15223780386084032,0.1522378038607411,0.15223780386067476,0.1522378038607411,0.15223780386084032,0.15223780386089306,0.15223780386080132,0.1522378038607411,0.15223780386080132,0.15223780386089306,0.15223780386097494,0.15223780386089306,0.15223780386084032,0.15223780386089306,0.15223780386097494,0.15092409294121067,0.15092409294096895,0.15092409294080864,0.15092409294096895,0.15092409294121067,0.15092409294096895,0.15092409294068343,0.15092409294048684,0.15092409294068343,0.15092409294096895,0.15092409294080864,0.15092409294048684,0.15092409294025785,0.15092409294048684,0.15092409294080864,0.15092409294096895,0.15092409294068343,0.15092409294048684,0.15092409294068343,0.15092409294096895,0.15092409294121067,0.15092409294096895,0.15092409294080864,0.15092409294096895,0.15092409294121067,0.14963652308660969,0.14963652308591538,0.14963652308543604,0.14963652308591538,0.14963652308660969,0.14963652308591538,0.14963652308503783,0.1496365230843891,0.14963652308503783,0.14963652308591538,0.14963652308543604,0.1496365230843891,0.14963652308358208,0.1496365230843891,0.14963652308543604,0.14963652308591538,0.14963652308503783,0.1496365230843891,0.14963652308503783,0.14963652308591538,0.14963652308660969,0.14963652308591538,0.14963652308543604,0.14963652308591538,0.14963652308660969,0.14837453635448086,0.1483745363525751,0.1483745363511779,0.1483745363525751,0.14837453635448086,0.1483745363525751,0.1483745363499412,0.14837453634779452,0.1483745363499412,0.1483745363525751,0.1483745363511779,0.14837453634779452,0.14837453634474343,0.14837453634779452,0.1483745363511779,0.1483745363525751,0.1483745363499412,0.14837453634779452,0.1483745363499412,0.1483745363525751,0.14837453635448086,0.1483745363525751,0.1483745363511779,0.1483745363525751,0.14837453635448086,0.1471375822301554,0.14713758222527412,0.1471375822213554,0.14713758222527412,0.1471375822301554,0.14713758222527412,0.14713758221770246,0.1471375822104547,0.14713758221770246,0.14713758222527412,0.1471375822213554,0.1471375822104547,0.14713758219769726,0.1471375822104547,0.1471375822213554,0.14713758222527412,0.14713758221770246,0.1471375822104547,0.14713758221770246,0.14713758222527412,0.1471375822301554,0.14713758222527412,0.1471375822213554,0.14713758222527412,0.1471375822301554,0.14592511806691394,0.1459251180557497,0.14592511804560307,0.1459251180557497,0.14592511806691394,0.1459251180557497,0.14592511803569272,0.14592511801151323,0.14592511803569272,0.1459251180557497,0.14592511804560307,0.14592511801151323,0.14592511795126897,0.14592511801151323,0.14592511804560307,0.1459251180557497,0.14592511803569272,0.14592511801151323,0.14592511803569272,0.1459251180557497,0.14592511806691394,0.1459251180557497,0.14592511804560307,0.1459251180557497,0.14592511806691394,0.14473660946267894,0.14473660944173522,0.14473660941984634,0.14473660944173522,0.14473660946267894,0.14473660944173522,0.1447366093977485,0.14473660932618446,0.1447366093977485,0.14473660944173522,0.14473660941984634,0.14473660932618446,0.14473660900291627,0.14473660932618446,0.14473660941984634,0.14473660944173522,0.1447366093977485,0.14473660932618446,0.1447366093977485,0.14473660944173522,0.14473660946267894,0.14473660944173522,0.14473660941984634,0.14473660944173522,0.14473660946267894,0.14357153057526542,0.1435715305475436,0.14357153051885893,0.1435715305475436,0.14357153057526542,0.1435715305475436,0.1435715304898431,0.1435715303998641,0.1435715304898431,0.1435715305475436,0.14357153051885893,0.1435715303998641,0.1435715300300198,0.1435715303998641,0.14357153051885893,0.1435715305475436,0.1435715304898431,0.1435715303998641,0.1435715304898431,0.1435715305475436,0.14357153057526542,0.1435715305475436,0.14357153051885893,0.1435715305475436,0.14357153057526542,0.14242936437042178,0.14242936433914055,0.14242936430661174,0.14242936433914055,0.14242936437042178,0.14242936433914055,0.14242936427359598,0.14242936417165156,0.14242936427359598,0.14242936433914055,0.14242936430661174,0.14242936417165156,0.1424293637571285,0.14242936417165156,0.14242936430661174,0.14242936433914055,0.14242936427359598,0.14242936417165156,0.14242936427359598,0.14242936433914055,0.14242936437042178,0.14242936433914055,0.14242936430661174,0.14242936433914055,0.14242936437042178,0.14130960283418464,0.1413096028036455,0.14130960277041452,0.1413096028036455,0.14130960283418464,0.1413096028036455,0.14130960273631632,0.14130960262522116,0.14130960273631632,0.1413096028036455,0.14130960277041452,0.14130960262522116,0.1413096021481814,0.14130960262522116,0.14130960277041452,0.1413096028036455,0.14130960273631632,0.14130960262522116,0.14130960273631632,0.1413096028036455,0.14130960283418464,0.1413096028036455,0.14130960277041452,0.1413096028036455,0.14130960283418464,0.14021174713947065,0.1402117471189001,0.1402117470939317,0.1402117471189001,0.14021174713947065,0.1402117471189001,0.1402117470678047,0.14021174697017527,0.1402117470678047,0.1402117471189001,0.1402117470939317,0.14021174697017527,0.14021174647869247,0.14021174697017527,0.1402117470939317,0.1402117471189001,0.1402117470678047,0.14021174697017527,0.1402117470678047,0.1402117471189001,0.14021174713947065,0.1402117471189001,0.1402117470939317,0.1402117471189001,0.14021174713947065,0.1391353077649269,0.1391353077692563,0.13913530777156316,0.1391353077692563,0.1391353077649269,0.1391353077692563,0.13913530777336722,0.13913530777120503,0.13913530777336722,0.1391353077692563,0.13913530777156316,0.13913530777120503,0.13913530774340407,0.13913530777120503,0.13913530777156316,0.1391353077692563,0.13913530777336722,0.13913530777120503,0.13913530777336722,0.1391353077692563,0.1391353077649269,0.1391353077692563,0.13913530777156316,0.1391353077692563,0.1391353077649269,0.13807980457612531,0.13807980461244845,0.13807980464965636,0.13807980461244845,0.13807980457612531,0.13807980461244845,0.13807980468755718,0.13807980479295137,0.13807980468755718,0.13807980461244845,0.13807980464965636,0.13807980479295137,0.1380798050957525,0.13807980479295137,0.13807980464965636,0.13807980461244845,0.13807980468755718,0.13807980479295137,0.13807980468755718,0.13807980461244845,0.13807980457612531,0.13807980461244845,0.13807980464965636,0.13807980461244845,0.13807980457612531,0.1370447669022143,0.1370447669674884,0.13704476704738877,0.1370447669674884,0.1370447669022143,0.1370447669674884,0.13704476713042404,0.13704476746019917,0.13704476713042404,0.1370447669674884,0.13704476704738877,0.13704476746019917,0.13704476929525947,0.13704476746019917,0.13704476704738877,0.1370447669674884,0.13704476713042404,0.13704476746019917,0.13704476713042404,0.1370447669674884,0.1370447669022143,0.1370447669674884,0.13704476704738877,0.1370447669674884,0.1370447669022143,0.13602973358840967,0.1360297336345114,0.13602973367981333,0.1360297336345114,0.13602973358840967,0.1360297336345114,0.13602973372533625,0.13602973384721948,0.13602973372533625,0.1360297336345114,0.13602973367981333,0.13602973384721948,0.1360297341862245,0.13602973384721948,0.13602973367981333,0.1360297336345114,0.13602973372533625,0.13602973384721948,0.13602973372533625,0.1360297336345114,0.13602973358840967,0.1360297336345114,0.13602973367981333,0.1360297336345114,0.13602973358840967,0.13503425309474185,0.1350342531237248,0.13503425314769466,0.1350342531237248,0.13503425309474185,0.1350342531237248,0.13503425317047166,0.13503425321690748,0.13503425317047166,0.1350342531237248,0.13503425314769466,0.13503425321690748,0.13503425330147792,0.13503425321690748,0.13503425314769466,0.1350342531237248,0.13503425317047166,0.13503425321690748,0.13503425317047166,0.1350342531237248,0.13503425309474185,0.1350342531237248,0.13503425314769466,0.1350342531237248,0.13503425309474185
0.16533248754885382,0.16533248754885382,0.16533248754885382,0.16533248754885382,0.16533248754885382,0.16533248754885382,0.16533248754885382,0.16533248754885382,0.16533248754885382,0.16533248754885382,0.16533248754885382,0.16533248754885382,0.16533248754885382,0.16533248754885382,0.16533248754885382,0.16533248754885382,0.16533248754885382,0.16533248754885382,0.16533248754885382,0.16533248754885382,0.16533248754885382,0.16533248754885382,0.16533248754885382,0.16533248754885382,0.16533248754885382,0.1637574938348276,0.1637574938348276,0.1637574938348276,0.1637574938348276,0.1637574938348276,0.1637574938348276,0.1637574938348276,0.1637574938348276,0.1637574938348276,0.1637574938348276,0.1637574938348276,0.1637574938348276,0.1637574938348276,0.1637574938348276,0.1637574938348276,0.1637574938348276,0.1637574938348276,0.1637574938348276,0.1637574938348276,0.1637574938348276,0.1637574938348276,0.1637574938348276,0.1637574938348276,0.1637574938348276,0.1637574938348276,0.16221388405265724,0.16221388405265702,0.16221388405265702,0.16221388405265702,0.16221388405265724,0.16221388405265702,0.16221388405265702,0.16221388405265702,0.16221388405265702,0.16221388405265702,0.16221388405265702,0.16221388405265702,0.16221388405265702,0.16221388405265702,0.16221388405265702,0.16221388405265702,0.16221388405265702,0.16221388405265702,0.16221388405265702,0.16221388405265702,0.16221388405265724,0.16221388405265702,0.16221388405265702,0.16221388405265702,0.16221388405265724,0.16070106715938423,0.160701067159384,0.160701067159384,0.160701067159384,0.16070106715938423,0.160701067159384,0.160701067159384,0.160701067159384,0.160701067159384,0.160701067159384,0.160701067159384,0.160701067159384,0.1607010671593838,0.160701067159384,0.160701067159384,0.160701067159384,0.160701067159384,0.160701067159384,0.160701067159384,0.160701067159384,0.16070106715938423,0.160701067159384,0.160701067159384,0.160701067159384,0.16070106715938423,0.15921845152998781,0.15921845152998762,0.1592184515299874,0.15921845152998762,0.15921845152998781,0.15921845152998762,0.1592184515299874,0.15921845152998718,0.1592184515299874,0.15921845152998762,0.1592184515299874,0.15921845152998718,0.15921845152998695,0.15921845152998718,0.1592184515299874,0.15921845152998762,0.1592184515299874,0.15921845152998718,0.1592184515299874,0.15921845152998762,0.15921845152998781,0.15921845152998762,0.1592184515299874,0.15921845152998762,0.15921845152998781,0.1577654463092365,0.15776544630923564,0.157765446309235,0.15776544630923564,0.1577654463092365,0.15776544630923564,0.15776544630923459,0.15776544630923395,0.15776544630923459,0.15776544630923564,0.157765446309235,0.15776544630923395,0.15776544630923353,0.15776544630923395,0.157765446309235,0.15776544630923564,0.15776544630923459,0.15776544630923395,0.15776544630923459,0.15776544630923564,0.1577654463092365,0.15776544630923564,0.157765446309235,0.15776544630923564,0.1577654463092365,0.15634146262601029,0.1563414626260076,0.1563414626260057,0.1563414626260076,0.15634146262601029,0.1563414626260076,0.15634146262600443,0.15634146262600276,0.15634146262600443,0.1563414626260076,0.1563414626260057,0.15634146262600276,0.15634146262600088,0.15634146262600276,0.1563414626260057,0.1563414626260076,0.15634146262600443,0.15634146262600276,0.15634146262600443,0.1563414626260076,0.15634146262601029,0.1563414626260076,0.1563414626260057,0.1563414626260076,0.15634146262601029,0.15494591468036448,0.15494591468035568,0.15494591468035016,0.15494591468035568,0.15494591468036448,0.15494591468035568,0.15494591468034646,0.15494591468034052,0.15494591468034646,0.15494591468035568,0.15494591468035016,0.15494591468034052,0.15494591468033456,0.15494591468034052,0.15494591468035016,0.15494591468035568,0.15494591468034646,0.15494591468034052,0.15494591468034646,0.15494591468035568,0.15494591468036448,0.15494591468035568,0.15494591468035016,0.15494591468035568,0.15494591468036448,0.15357822071303845,0.15357822071301175,0.15357822071299465,0.15357822071301175,0.15357822071303845,0.15357822071301175,0.1535782207129826,0.15357822071296412,0.1535782207129826,0.15357822071301175,0.15357822071299465,0.15357822071296412,0.15357822071294425,0.15357822071296412,0.15357822071299465,0.15357822071301175,0.1535782207129826,0.15357822071296412,0.1535782207129826,0.15357822071301175,0.15357822071303845,0.15357822071301175,0.15357822071299465,0.15357822071301175,0.15357822071303845,0.15223780386657543,0.15223780386649452,0.15223780386644234,0.15223780386649452,0.15223780386657543,0.15223780386649452,0.1522378038664036,0.15223780386634392,0.1522378038664036,0.15223780386649452,0.15223780386644234,0.15223780386634392,0.1522378038662784,0.15223780386634392,0.15223780386644234,0.15223780386649452,0.1522378038664036,0.15223780386634392,0.1522378038664036,0.15223780386649452,0.15223780386657543,0.15223780386649452,0.15223780386644234,0.15223780386649452,0.15223780386657543,0.15092409294667763,0.1509240929464386,0.15092409294628023,0.1509240929464386,0.15092409294667763,0.1509240929464386,0.1509240929461564,0.15092409294596193,0.1509240929461564,0.1509240929464386,0.15092409294628023,0.15092409294596193,0.15092409294573542,0.15092409294596193,0.15092409294628023,0.1509240929464386,0.1509240929461564,0.15092409294596193,0.1509240929461564,0.1509240929464386,0.15092409294667763,0.1509240929464386,0.15092409294628023,0.1509240929464386,0.15092409294667763,0.14963652309193845,0.14963652309125208,0.1496365230907784,0.14963652309125208,0.14963652309193845,0.14963652309125208,0.14963652309038455,0.14963652308974337,0.14963652309038455,0.14963652309125208,0.1496365230907784,0.14963652308974337,0.14963652308894543,0.14963652308974337,0.1496365230907784,0.14963652309125208,0.14963652309038455,0.14963652308974337,0.14963652309038455,0.14963652309125208,0.14963652309193845,0.14963652309125208,0.1496365230907784,0.14963652309125208,0.14963652309193845,0.1483745363596558,0.14837453635777212,0.14837453635639122,0.14837453635777212,0.1483745363596558,0.14837453635777212,0.14837453635516878,0.1483745363530466,0.14837453635516878,0.14837453635777212,0.14837453635639122,0.1483745363530466,0.14837453635003015,0.1483745363530466,0.14837453635639122,0.14837453635777212,0.14837453635516878,0.1483745363530466,0.14837453635516878,0.14837453635777212,0.1483745363596558,0.14837453635777212,0.14837453635639122,0.14837453635777212,0.1483745363596558,0.14713758223513135,0.14713758223030762,0.1471375822264345,0.14713758223030762,0.14713758223513135,0.14713758223030762,0.14713758222282391,0.147137582215659,0.14713758222282391,0.14713758223030762,0.1471375822264345,0.147137582215659,0.14713758220304454,0.147137582215659,0.1471375822264345,0.14713758223030762,0.14713758222282391,0.147137582215659,0.14713758222282391,0.14713758223030762,0.14713758223513135,0.14713758223030762,0.1471375822264345,0.14713758223030762,0.14713758223513135,0.14592511807157246,0.14592511806054193,0.14592511805051459,0.14592511806054193,0.14592511807157246,0.14592511806054193,0.1459251180407202,0.14592511801681685,0.1459251180407202,0.14592511806054193,0.14592511805051459,0.14592511801681685,0.145925117957243,0.14592511801681685,0.14592511805051459,0.14592511806054193,0.1459251180407202,0.14592511801681685,0.1459251180407202,0.14592511806054193,0.14592511807157246,0.14592511806054193,0.14592511805051459,0.14592511806054193,0.14592511807157246,0.14473660946674197,0.14473660944605796,0.14473660942443334,0.14473660944605796,0.14473660946674197,0.14473660944605796,0.1447366094026003,0.14473660933186172,0.1447366094026003,0.14473660944605796,0.14473660942443334,0.14473660933186172,0.14473660901215693,0.14473660933186172,0.14473660942443334,0.14473660944605796,0.1447366094026003,0.14473660933186172,0.1447366094026003,0.14473660944605796,0.14473660946674197,0.14473660944605796,0.14473660942443334,0.14473660944605796,0.14473660946674197,0.14357153057819164,0.14357153055084282,0.14357153052253938,0.14357153055084282,0.14357153057819164,0.14357153055084282,0.14357153049390775,0.14357153040510065,0.14357153049390775,0.14357153055084282,0.14357153052253938,0.14357153040510065,0.14357153003999415,0.14357153040510065,0.14357153052253938,0.14357153055084282,0.14357153049390775,0.14357153040510065,0.14357153049390775,0.14357153055084282,0.14357153057819164,0.14357153055084282,0.14357153052253938,0.14357153055084282,0.14357153057819164,0.14242936437142795,0.14242936434060685,0.14242936430855685,0.14242936434060685,0.14242936437142795,0.14242936434060685,0.14242936427602654,0.1424293641755815,0.14242936427602654,0.14242936434060685,0.14242936430855685,0.1424293641755815,0.1424293637671634,0.1424293641755815,0.14242936430855685,0.14242936434060685,0.14242936427602654,0.1424293641755815,0.14242936427602654,0.14242936434060685,0.14242936437142795,0.14242936434060685,0.14242936430855685,0.14242936434060685,0.14242936437142795,0.14130960283229707,0.14130960280224292,0.14130960276954252,0.14130960280224292,0.14130960283229707,0.14130960280224292,0.14130960273598936,0.14130960262668227,0.14130960273598936,0.14130960280224292,0.14130960276954252,0.14130960262668227,0.14130960215734756,0.14130960262668227,0.14130960276954252,0.14130960280224292,0.14130960273598936,0.14130960262668227,0.14130960273598936,0.14130960280224292,0.14130960283229707,0.14130960280224292,0.14130960276954252,0.14130960280224292,0.14130960283229707,0.14021174713365187,0.14021174711343476,0.14021174708889467,0.14021174711343476,0.14021174713365187,0.14021174711343476,0.1402117470632153,0.1402117469672605,0.1402117470632153,0.14021174711343476,0.14021174708889467,0.1402117469672605,0.14021174648426102,0.1402117469672605,0.14021174708889467,0.14021174711343476,0.1402117470632153,0.1402117469672605,0.1402117470632153,0.14021174711343476,0.14021174713365187,0.14021174711343476,0.14021174708889467,0.14021174711343476,0.14021174713365187,0.13913530775439617,0.13913530775869554,0.13913530776100114,0.13913530775869554,0.13913530775439617,0.13913530775869554,0.13913530776281152,0.13913530776076632,0.13913530776281152,0.13913530775869554,0.13913530776100114,0.13913530776076632,0.139135307733601,0.13913530776076632,0.13913530776100114,0.13913530775869554,0.13913530776281152,0.13913530776076632,0.13913530776281152,0.13913530775869554,0.13913530775439617,0.13913530775869554,0.13913530776100114,0.13913530775869554,0.13913530775439617,0.13807980456088292,0.13807980459669064,0.13807980463336755,0.13807980459669064,0.13807980456088292,0.13807980459669064,0.13807980467072664,0.13807980477460546,0.13807980467072664,0.13807980459669064,0.13807980463336755,0.13807980477460546,0.13807980507302622,0.13807980477460546,0.13807980463336755,0.13807980459669064,0.13807980467072664,0.13807980477460546,0.13807980467072664,0.13807980459669064,0.13807980456088292,0.13807980459669064,0.13807980463336755,0.13807980459669064,0.13807980456088292,0.1370447668832611,0.13704476694758727,0.13704476702632423,0.13704476694758727,0.1370447668832611,0.13704476694758727,0.1370447671081499,0.13704476743311128,0.1370447671081499,0.13704476694758727,0.13704476702632423,0.13704476743311128,0.13704476924136264,0.13704476743311128,0.13704476702632423,0.13704476694758727,0.1370447671081499,0.13704476743311128,0.1370447671081499,0.13704476694758727,0.1370447668832611,0.13704476694758727,0.13704476702632423,0.13704476694758727,0.1370447668832611,0.13602973356764972,0.13602973361307988,0.1360297336577213,0.13602973361307988,0.13602973356764972,0.13602973361307988,0.13602973370258006,0.13602973382268388,0.13602973370258006,0.13602973361307988,0.1360297336577213,0.13602973382268388,0.13602973415673575,0.13602973382268388,0.1360297336577213,0.13602973361307988,0.13602973370258006,0.13602973382268388,0.13602973370258006,0.13602973361307988,0.13602973356764972,0.13602973361307988,0.1360297336577213,0.13602973361307988,0.13602973356764972,0.13503425307353079,0.13503425310209108,0.1350342531257113,0.13503425310209108,0.13503425307353079,0.13503425310209108,0.1350342531481559,0.13503425319391377,0.1350342531481559,0.13503425310209108,0.1350342531257113,0.13503425319391377,0.13503425327724888,0.13503425319391377,0.1350342531257113,0.13503425310209108,0.1350342531481559,0.13503425319391377,0.1350342531481559,0.13503425310209108,0.13503425307353079,0.13503425310209108,0.1350342531257113,0.13503425310209108,0.13503425307353079
0.16533248755544946,0.16533248755544921,0.16533248755544921,0.16533248755544921,0.16533248755544946,0.16533248755544921,0.16533248755544921,0.16533248755544921,0.16533248755544921,0.16533248755544921,0.16533248755544921,0.16533248755544921,0.16533248755544921,0.16533248755544921,0.16533248755544921,0.16533248755544921,0.16533248755544921,0.16533248755544921,0.16533248755544921,0.16533248755544921,0.16533248755544946,0.16533248755544921,0.16533248755544921,0.16533248755544921,0.16533248755544946,0.1637574938412898,0.1637574938412898,0.1637574938412898,0.1637574938412898,0.1637574938412898,0.1637574938412898,0.1637574938412898,0.1637574938412898,0.1637574938412898,0.1637574938412898,0.1637574938412898,0.1637574938412898,0.1637574938412898,0.1637574938412898,0.1637574938412898,0.1637574938412898,0.1637574938412898,0.1637574938412898,0.1637574938412898,0.1637574938412898,0.1637574938412898,0.1637574938412898,0.1637574938412898,0.1637574938412898,0.1637574938412898,0.16221388405898698,0.16221388405898698,0.16221388405898676,0.16221388405898698,0.16221388405898698,0.16221388405898698,0.16221388405898676,0.16221388405898676,0.16221388405898676,0.16221388405898698,0.16221388405898676,0.16221388405898676,0.16221388405898676,0.16221388405898676,0.16221388405898676,0.16221388405898698,0.16221388405898676,0.16221388405898676,0.16221388405898676,0.16221388405898698,0.16221388405898698,0.16221388405898698,0.16221388405898676,0.16221388405898698,0.16221388405898698,0.1607010671655823,0.1607010671655823,0.1607010671655821,0.1607010671655823,0.1607010671655823,0.1607010671655823,0.1607010671655821,0.1607010671655821,0.1607010671655821,0.1607010671655823,0.1607010671655821,0.1607010671655821,0.1607010671655821,0.1607010671655821,0.1607010671655821,0.1607010671655823,0.1607010671655821,0.1607010671655821,0.1607010671655821,0.1607010671655823,0.1607010671655823,0.1607010671655823,0.1607010671655821,0.1607010671655823,0.1607010671655823,0.15921845153605513,0.15921845153605493,0.15921845153605474,0.15921845153605493,0.15921845153605513,0.15921845153605493,0.15921845153605452,0.1592184515360543,0.15921845153605452,0.15921845153605493,0.15921845153605474,0.1592184515360543,0.1592184515360543,0.1592184515360543,0.15921845153605474,0.15921845153605493,0.15921845153605452,0.1592184515360543,0.15921845153605452,0.15921845153605493,0.15921845153605513,0.15921845153605493,0.15921845153605474,0.15921845153605493,0.15921845153605513,0.1577654463151737,0.1577654463151726,0.1577654463151722,0.1577654463151726,0.1577654463151737,0.1577654463151726,0.15776544631517178,0.15776544631517114,0.15776544631517178,0.1577654463151726,0.1577654463151722,0.15776544631517114,0.15776544631517048,0.15776544631517114,0.1577654463151722,0.1577654463151726,0.15776544631517178,0.15776544631517114,0.15776544631517178,0.1577654463151726,0.1577654463151737,0.1577654463151726,0.1577654463151722,0.1577654463151726,0.1577654463151737,0.15634146263181803,0.1563414626318153,0.15634146263181345,0.1563414626318153,0.15634146263181803,0.1563414626318153,0.15634146263181237,0.1563414626318105,0.15634146263181237,0.1563414626318153,0.15634146263181345,0.1563414626318105,0.15634146263180862,0.1563414626318105,0.15634146263181345,0.1563414626318153,0.15634146263181237,0.1563414626318105,0.15634146263181237,0.1563414626318153,0.15634146263181803,0.1563414626318153,0.15634146263181345,0.1563414626318153,0.15634146263181803,0.15494591468604355,0.15494591468603477,0.15494591468602942,0.15494591468603477,0.15494591468604355,0.15494591468603477,0.15494591468602553,0.1549459146860198,0.15494591468602553,0.15494591468603477,0.15494591468602942,0.1549459146860198,0.15494591468601385,0.1549459146860198,0.15494591468602942,0.15494591468603477,0.15494591468602553,0.1549459146860198,0.15494591468602553,0.15494591468603477,0.15494591468604355,0.15494591468603477,0.15494591468602942,0.15494591468603477,0.15494591468604355,0.15357822071858934,0.1535782207185628,0.15357822071854596,0.1535782207185628,0.15357822071858934,0.1535782207185628,0.1535782207185341,0.15357822071851585,0.1535782207185341,0.1535782207185628,0.15357822071854596,0.15357822071851585,0.15357822071849617,0.15357822071851585,0.15357822071854596,0.1535782207185628,0.1535782207185341,0.15357822071851585,0.1535782207185341,0.1535782207185628,0.15357822071858934,0.1535782207185628,0.15357822071854596,0.1535782207185628,0.15357822071858934,0.15223780387199834,0.1522378038719184,0.15223780387186686,0.1522378038719184,0.15223780387199834,0.1522378038719184,0.15223780387182867,0.1522378038717696,0.15223780387182867,0.1522378038719184,0.15223780387186686,0.1522378038717696,0.15223780387170466,0.1522378038717696,0.15223780387186686,0.1522378038719184,0.15223780387182867,0.1522378038717696,0.15223780387182867,0.1522378038719184,0.15223780387199834,0.1522378038719184,0.15223780387186686,0.1522378038719184,0.15223780387199834,0.15092409295197176,0.15092409295173542,0.15092409295157877,0.15092409295173542,0.15092409295197176,0.15092409295173542,0.15092409295145628,0.15092409295126394,0.15092409295145628,0.15092409295173542,0.15092409295157877,0.15092409295126394,0.15092409295103995,0.15092409295126394,0.15092409295157877,0.15092409295173542,0.15092409295145628,0.15092409295126394,0.15092409295145628,0.15092409295173542,0.15092409295197176,0.15092409295173542,0.15092409295157877,0.15092409295173542,0.15092409295197176,0.14963652309709893,0.1496365230964205,0.14963652309595213,0.1496365230964205,0.14963652309709893,0.1496365230964205,0.1496365230955626,0.14963652309492864,0.1496365230955626,0.1496365230964205,0.14963652309595213,0.14963652309492864,0.14963652309413977,0.14963652309492864,0.14963652309595213,0.1496365230964205,0.1496365230955626,0.14963652309492864,0.1496365230955626,0.1496365230964205,0.14963652309709893,0.1496365230964205,0.14963652309595213,0.1496365230964205,0.14963652309709893,0.1483745363646677,0.14837453636280568,0.14837453636144035,0.14837453636280568,0.1483745363646677,0.14837453636280568,0.14837453636023182,0.14837453635813333,0.14837453636023182,0.14837453636280568,0.14837453636144035,0.14837453635813333,0.14837453635515024,0.14837453635813333,0.14837453636144035,0.14837453636280568,0.14837453636023182,0.14837453635813333,0.14837453636023182,0.14837453636280568,0.1483745363646677,0.14837453636280568,0.14837453636144035,0.14837453636280568,0.1483745363646677,0.14713758223995088,0.14713758223518278,0.14713758223135398,0.14713758223518278,0.14713758223995088,0.14713758223518278,0.14713758222778442,0.1471375822206998,0.14713758222778442,0.14713758223518278,0.14713758223135398,0.1471375822206998,0.14713758220822412,0.1471375822206998,0.14713758223135398,0.14713758223518278,0.14713758222778442,0.1471375822206998,0.14713758222778442,0.14713758223518278,0.14713758223995088,0.14713758223518278,0.14713758223135398,0.14713758223518278,0.14713758223995088,0.14592511807608444,0.1459251180651837,0.1459251180552721,0.1459251180651837,0.14592511807608444,0.1459251180651837,0.14592511804559008,0.14592511802195435,0.14592511804559008,0.1459251180651837,0.1459251180552721,0.14592511802195435,0.1459251179630301,0.14592511802195435,0.1459251180552721,0.1459251180651837,0.14592511804559008,0.14592511802195435,0.14592511804559008,0.1459251180651837,0.14592511807608444,0.1459251180651837,0.1459251180552721,0.1459251180651837,0.14592511807608444,0.1447366094706775,0.14473660945024525,0.1447366094288763,0.14473660945024525,0.1447366094706775,0.14473660945024525,0.1447366094073002,0.14473660933736157,0.1447366094073002,0.14473660945024525,0.1447366094288763,0.14473660933736157,0.14473660902114624,0.14473660933736157,0.1447366094288763,0.14473660945024525,0.1447366094073002,0.14473660933736157,0.1447366094073002,0.14473660945024525,0.1447366094706775,0.14473660945024525,0.1447366094288763,0.14473660945024525,0.1447366094706775,0.14357153058102612,0.14357153055403873,0.14357153052610436,0.14357153055403873,0.14357153058102612,0.14357153055403873,0.14357153049784488,0.14357153041017315,0.14357153049784488,0.14357153055403873,0.14357153052610436,0.14357153041017315,0.14357153004962095,0.14357153041017315,0.14357153052610436,0.14357153055403873,0.14357153049784488,0.14357153041017315,0.14357153049784488,0.14357153055403873,0.14357153058102612,0.14357153055403873,0.14357153052610436,0.14357153055403873,0.14357153058102612,0.14242936437240292,0.1424293643420274,0.1424293643104407,0.1424293643420274,0.14242936437240292,0.1424293643420274,0.1424293642783806,0.14242936417938712,0.1424293642783806,0.1424293643420274,0.1424293643104407,0.14242936417938712,0.14242936377686852,0.14242936417938712,0.1424293643104407,0.1424293643420274,0.1424293642783806,0.14242936417938712,0.1424293642783806,0.1424293643420274,0.14242936437240292,0.1424293643420274,0.1424293643104407,0.1424293643420274,0.14242936437240292,0.14130960283046953,0.14130960280088475,0.141309602768698,0.14130960280088475,0.14130960283046953,0.14130960280088475,0.14130960273567258,0.1413096026280965,0.14130960273567258,0.14130960280088475,0.141309602768698,0.1413096026280965,0.14130960216623925,0.1413096026280965,0.141309602768698,0.14130960280088475,0.14130960273567258,0.1413096026280965,0.14130960273567258,0.14130960280088475,0.14130960283046953,0.14130960280088475,0.141309602768698,0.14130960280088475,0.14130960283046953,0.14021174712801718,0.14021174710814244,0.14021174708401676,0.14021174710814244,0.14021174712801718,0.14021174710814244,0.14021174705877051,0.1402117469644366,0.14021174705877051,0.14021174710814244,0.14021174708401676,0.1402117469644366,0.14021174648961238,0.1402117469644366,0.14021174708401676,0.14021174710814244,0.14021174705877051,0.1402117469644366,0.14021174705877051,0.14021174710814244,0.14021174712801718,0.14021174710814244,0.14021174708401676,0.14021174710814244,0.14021174712801718,0.13913530774419874,0.13913530774846902,0.1391353077507732,0.13913530774846902,0.13913530774419874,0.13913530774846902,0.13913530775258975,0.13913530775065763,0.13913530775258975,0.13913530774846902,0.1391353077507732,0.13913530775065763,0.13913530772410715,0.13913530775065763,0.1391353077507732,0.13913530774846902,0.13913530775258975,0.13913530775065763,0.13913530775258975,0.13913530774846902,0.13913530774419874,0.13913530774846902,0.1391353077507732,0.13913530774846902,0.13913530774419874,0.13807980454612329,0.13807980458143193,0.13807980461759473,0.13807980458143193,0.13807980454612329,0.13807980458143193,0.13807980465442915,0.13807980475684037,0.13807980465442915,0.13807980458143193,0.13807980461759473,0.13807980475684037,0.13807980505101947,0.13807980475684037,0.13807980461759473,0.13807980458143193,0.13807980465442915,0.13807980475684037,0.13807980465442915,0.13807980458143193,0.13807980454612329,0.13807980458143193,0.13807980461759473,0.13807980458143193,0.13807980454612329,0.13704476686490835,0.13704476692831666,0.137044767005927,0.13704476692831666,0.13704476686490835,0.13704476692831666,0.13704476708658134,0.13704476740688118,0.13704476708658134,0.13704476692831666,0.137044767005927,0.13704476740688118,0.1370447691891641,0.13704476740688118,0.137044767005927,0.13704476692831666,0.13704476708658134,0.13704476740688118,0.13704476708658134,0.13704476692831666,0.13704476686490835,0.13704476692831666,0.137044767005927,0.13704476692831666,0.13704476686490835,0.1360297335475477,0.1360297335923276,0.13602973363632928,0.1360297335923276,0.1360297335475477,0.1360297335923276,0.136029733680545,0.1360297337989256,0.136029733680545,0.1360297335923276,0.13602973363632928,0.1360297337989256,0.13602973412818126,0.1360297337989256,0.13602973363632928,0.1360297335923276,0.136029733680545,0.1360297337989256,0.136029733680545,0.1360297335923276,0.1360297335475477,0.1360297335923276,0.13602973363632928,0.1360297335923276,0.1360297335475477,0.1350342530529918,0.13503425308114295,0.13503425310442446,0.13503425308114295,0.1350342530529918,0.13503425308114295,0.13503425312654735,0.13503425317164877,0.13503425312654735,0.13503425308114295,0.13503425310442446,0.13503425317164877,0.13503425325378765,0.13503425317164877,0.13503425310442446,0.13503425308114295,0.13503425312654735,0.13503425317164877,0.13503425312654735,0.13503425308114295,0.1350342530529918,0.13503425308114295,0.13503425310442446,0.13503425308114295,0.1350342530529918
0.16533248756183766,0.16533248756183766,0.16533248756183766,0.16533248756183766,0.16533248756183766,0.16533248756183766,0.16533248756183766,0.16533248756183766,0.16533248756183766,0.16533248756183766,0.16533248756183766,0.16533248756183766,0.16533248756183766,0.16533248756183766,0.16533248756183766,0.16533248756183766,0.16533248756183766,0.16533248756183766,0.16533248756183766,0.16533248756183766,0.16533248756183766,0.16533248756183766,0.16533248756183766,0.16533248756183766,0.16533248756183788,0.16375749384754915,0.16375749384754915,0.16375749384754915,0.16375749384754915,0.16375749384754915,0.16375749384754915,0.16375749384754915,0.16375749384754915,0.16375749384754915,0.16375749384754915,0.16375749384754915,0.16375749384754915,0.16375749384754915,0.16375749384754915,0.16375749384754915,0.16375749384754915,0.16375749384754915,0.16375749384754915,0.16375749384754915,0.16375749384754915,0.16375749384754915,0.16375749384754915,0.16375749384754915,0.16375749384754915,0.16375749384754915,0.1622138840651179,0.1622138840651179,0.1622138840651179,0.1622138840651179,0.1622138840651179,0.1622138840651179,0.1622138840651179,0.1622138840651179,0.1622138840651179,0.1622138840651179,0.1622138840651179,0.1622138840651179,0.1622138840651179,0.1622138840651179,0.1622138840651179,0.1622138840651179,0.1622138840651179,0.1622138840651179,0.1622138840651179,0.1622138840651179,0.1622138840651179,0.1622138840651179,0.1622138840651179,0.1622138840651179,0.1622138840651179,0.160701067171586,0.16070106717158578,0.16070106717158578,0.16070106717158578,0.160701067171586,0.16070106717158578,0.16070106717158578,0.16070106717158578,0.16070106717158578,0.16070106717158578,0.16070106717158578,0.16070106717158578,0.16070106717158555,0.16070106717158578,0.16070106717158578,0.16070106717158578,0.16070106717158578,0.16070106717158578,0.16070106717158578,0.16070106717158578,0.160701067171586,0.16070106717158578,0.16070106717158578,0.16070106717158578,0.160701067171586,0.15921845154193223,0.15921845154193198,0.15921845154193176,0.15921845154193176,0.15921845154193223,0.15921845154193198,0.15921845154193157,0.15921845154193134,0.15921845154193157,0.15921845154193176,0.15921845154193176,0.15921845154193134,0.15921845154193112,0.15921845154193134,0.15921845154193176,0.15921845154193176,0.15921845154193157,0.15921845154193134,0.15921845154193157,0.15921845154193176,0.15921845154193223,0.15921845154193176,0.15921845154193176,0.15921845154193176,0.15921845154193223,0.15776544632092482,0.15776544632092376,0.15776544632092332,0.15776544632092376,0.15776544632092482,0.15776544632092376,0.1577654463209229,0.15776544632092226,0.1577654463209229,0.15776544632092376,0.15776544632092332,0.15776544632092226,0.15776544632092185,0.15776544632092226,0.15776544632092332,0.15776544632092376,0.1577654463209229,0.15776544632092226,0.1577654463209229,0.15776544632092376,0.15776544632092482,0.15776544632092376,0.15776544632092332,0.15776544632092376,0.15776544632092482,0.15634146263744406,0.15634146263744134,0.15634146263743945,0.15634146263744134,0.15634146263744406,0.15634146263744134,0.1563414626374384,0.15634146263743653,0.1563414626374384,0.15634146263744134,0.15634146263743945,0.15634146263743653,0.15634146263743465,0.15634146263743653,0.15634146263743945,0.15634146263744134,0.1563414626374384,0.15634146263743653,0.1563414626374384,0.15634146263744134,0.15634146263744406,0.15634146263744134,0.15634146263743945,0.15634146263744134,0.15634146263744406,0.15494591469154498,0.15494591469153637,0.15494591469153102,0.15494591469153637,0.15494591469154498,0.15494591469153637,0.15494591469152733,0.1549459146915216,0.15494591469152733,0.15494591469153637,0.15494591469153102,0.1549459146915216,0.15494591469151564,0.1549459146915216,0.15494591469153102,0.15494591469153637,0.15494591469152733,0.1549459146915216,0.15494591469152733,0.15494591469153637,0.15494591469154498,0.15494591469153637,0.15494591469153102,0.15494591469153637,0.15494591469154498,0.1535782207239669,0.1535782207239408,0.15357822072392413,0.1535782207239408,0.1535782207239669,0.1535782207239408,0.15357822072391228,0.1535782207238942,0.15357822072391228,0.1535782207239408,0.15357822072392413,0.1535782207238942,0.15357822072387475,0.1535782207238942,0.15357822072392413,0.1535782207239408,0.15357822072391228,0.1535782207238942,0.15357822072391228,0.1535782207239408,0.1535782207239669,0.1535782207239408,0.15357822072392413,0.1535782207239408,0.1535782207239669,0.15223780387725216,0.15223780387717306,0.15223780387712207,0.15223780387717306,0.15223780387725216,0.15223780387717306,0.1522378038770843,0.15223780387702582,0.1522378038770843,0.15223780387717306,0.15223780387712207,0.15223780387702582,0.15223780387696165,0.15223780387702582,0.15223780387712207,0.15223780387717306,0.1522378038770843,0.15223780387702582,0.1522378038770843,0.15223780387717306,0.15223780387725216,0.15223780387717306,0.15223780387712207,0.15223780387717306,0.15223780387725216,0.1509240929571009,0.1509240929568671,0.1509240929567122,0.1509240929568671,0.1509240929571009,0.1509240929568671,0.15092409295659104,0.15092409295640064,0.15092409295659104,0.1509240929568671,0.1509240929567122,0.15092409295640064,0.15092409295617915,0.15092409295640064,0.1509240929567122,0.1509240929568671,0.15092409295659104,0.15092409295640064,0.15092409295659104,0.1509240929568671,0.1509240929571009,0.1509240929568671,0.1509240929567122,0.1509240929568671,0.1509240929571009,0.14963652310209907,0.149636523101428,0.14963652310096495,0.149636523101428,0.14963652310209907,0.149636523101428,0.14963652310057957,0.1496365230999526,0.14963652310057957,0.149636523101428,0.14963652310096495,0.1496365230999526,0.1496365230991724,0.1496365230999526,0.14963652310096495,0.149636523101428,0.14963652310057957,0.1496365230999526,0.14963652310057957,0.149636523101428,0.14963652310209907,0.149636523101428,0.14963652310096495,0.149636523101428,0.14963652310209907,0.14837453636952389,0.14837453636768283,0.14837453636633288,0.14837453636768283,0.14837453636952389,0.14837453636768283,0.1483745363651375,0.1483745363630622,0.1483745363651375,0.14837453636768283,0.14837453636633288,0.1483745363630622,0.14837453636011172,0.1483745363630622,0.14837453636633288,0.14837453636768283,0.1483745363651375,0.1483745363630622,0.1483745363651375,0.14837453636768283,0.14837453636952389,0.14837453636768283,0.14837453636633288,0.14837453636768283,0.14837453636952389,0.14713758224462092,0.1471375822399071,0.14713758223612122,0.1471375822399071,0.14713758224462092,0.1471375822399071,0.14713758223259124,0.14713758222558437,0.14713758223259124,0.1471375822399071,0.14713758223612122,0.14713758222558437,0.14713758221324333,0.14713758222558437,0.14713758223612122,0.1471375822399071,0.14713758223259124,0.14713758222558437,0.14713758223259124,0.1471375822399071,0.14713758224462092,0.1471375822399071,0.14713758223612122,0.1471375822399071,0.14713758224462092,0.14592511808045716,0.14592511806968195,0.14592511805988273,0.14592511806968195,0.14592511808045716,0.14592511806968195,0.1459251180503095,0.1459251180269334,0.1459251180503095,0.14592511806968195,0.14592511805988273,0.1459251180269334,0.1459251179686391,0.1459251180269334,0.14592511805988273,0.14592511806968195,0.1459251180503095,0.1459251180269334,0.1459251180503095,0.14592511806968195,0.14592511808045716,0.14592511806968195,0.14592511805988273,0.14592511806968195,0.14592511808045716,0.14473660947449177,0.14473660945430353,0.14473660943318264,0.14473660945430353,0.14473660947449177,0.14473660945430353,0.14473660941185526,0.14473660934269236,0.14473660941185526,0.14473660945430353,0.14473660943318264,0.14473660934269236,0.1447366090298179,0.14473660934269236,0.14473660943318264,0.14473660945430353,0.14473660941185526,0.14473660934269236,0.14473660941185526,0.14473660945430353,0.14473660947449177,0.14473660945430353,0.14473660943318264,0.14473660945430353,0.14473660947449177,0.14357153058377317,0.1435715305571362,0.14357153052955945,0.1435715305571362,0.14357153058377317,0.1435715305571362,0.1435715305016607,0.14357153041508902,0.1435715305016607,0.1435715305571362,0.14357153052955945,0.14357153041508902,0.14357153005902173,0.14357153041508902,0.14357153052955945,0.1435715305571362,0.1435715305016607,0.14357153041508902,0.1435715305016607,0.1435715305571362,0.14357153058377317,0.1435715305571362,0.14357153052955945,0.1435715305571362,0.14357153058377317,0.14242936437334805,0.1424293643434043,0.14242936431226633,0.1424293643434043,0.14242936437334805,0.1424293643434043,0.14242936428066186,0.1424293641830748,0.14242936428066186,0.1424293643434043,0.14242936431226633,0.1424293641830748,0.14242936378627857,0.1424293641830748,0.14242936431226633,0.1424293643434043,0.14242936428066186,0.1424293641830748,0.14242936428066186,0.1424293643434043,0.14242936437334805,0.1424293643434043,0.14242936431226633,0.1424293643434043,0.14242936437334805,0.14130960282869923,0.14130960279956903,0.14130960276787993,0.14130960279956903,0.14130960282869923,0.14130960279956903,0.14130960273536552,0.141309602629466,0.14130960273536552,0.14130960279956903,0.14130960276787993,0.141309602629466,0.1413096021748607,0.141309602629466,0.14130960276787993,0.14130960279956903,0.14130960273536552,0.141309602629466,0.14130960273536552,0.14130960279956903,0.14130960282869923,0.14130960279956903,0.14130960276787993,0.14130960279956903,0.14130960282869923,0.1402117471225583,0.14021174710301493,0.1402117470792906,0.14021174710301493,0.1402117471225583,0.14021174710301493,0.14021174705446396,0.14021174696169986,0.14021174705446396,0.14021174710301493,0.1402117470792906,0.14021174696169986,0.14021174649483986,0.14021174696169986,0.1402117470792906,0.14021174710301493,0.14021174705446396,0.14021174696169986,0.14021174705446396,0.14021174710301493,0.1402117471225583,0.14021174710301493,0.1402117470792906,0.14021174710301493,0.1402117471225583,0.13913530773431929,0.13913530773856125,0.139135307740864,0.13913530773856125,0.13913530773431929,0.13913530773856125,0.13913530774268626,0.1391353077408637,0.13913530774268626,0.13913530773856125,0.139135307740864,0.1391353077408637,0.13913530771490834,0.1391353077408637,0.139135307740864,0.13913530773856125,0.13913530774268626,0.1391353077408637,0.13913530774268626,0.13913530773856125,0.13913530773431929,0.13913530773856125,0.139135307740864,0.13913530773856125,0.13913530773431929,0.13807980453182395,0.1380798045666489,0.1380798046023134,0.1380798045666489,0.13807980453182395,0.1380798045666489,0.13807980463863975,0.13807980473962905,0.13807980463863975,0.1380798045666489,0.1380798046023134,0.13807980473962905,0.13807980502969866,0.13807980473962905,0.1380798046023134,0.1380798045666489,0.13807980463863975,0.13807980473962905,0.13807980463863975,0.1380798045666489,0.13807980453182395,0.1380798045666489,0.1380798046023134,0.1380798045666489,0.13807980453182395,0.13704476684712805,0.13704476690964687,0.1370447669861659,0.13704476690964687,0.13704476684712805,0.13704476690964687,0.13704476706568527,0.13704476738146906,0.13704476706568527,0.13704476690964687,0.1370447669861659,0.13704476738146906,0.13704476913858377,0.13704476738146906,0.1370447669861659,0.13704476690964687,0.13704476706568527,0.13704476738146906,0.13704476706568527,0.13704476690964687,0.13704476684712805,0.13704476690964687,0.1370447669861659,0.13704476690964687,0.13704476684712805,0.13602973352807257,0.13602973357222253,0.13602973361560441,0.13602973357222253,0.13602973352807257,0.13602973357222253,0.13602973365919716,0.13602973377590818,0.13602973365919716,0.13602973357222253,0.13602973361560441,0.13602973377590818,0.136029734100517,0.13602973377590818,0.13602973361560441,0.13602973357222253,0.13602973365919716,0.13602973377590818,0.13602973365919716,0.13602973357222253,0.13602973352807257,0.13602973357222253,0.13602973361560441,0.13602973357222253,0.13602973352807257,0.13503425303309352,0.1350342530608482,0.13503425308380174,0.1350342530608482,0.13503425303309352,0.1350342530608482,0.13503425310561282,0.13503425315007805,0.13503425310561265,0.1350342530608482,0.13503425308380174,0.13503425315007805,0.13503425323105803,0.13503425315007805,0.13503425308380174,0.1350342530608482,0.13503425310561265,0.13503425315007805,0.13503425310561282,0.1350342530608482,0.13503425303309352,0.1350342530608482,0.13503425308380174,0.1350342530608482,0.13503425303309352
0.165332487568029,0.165332487568029,0.165332487568029,0.165332487568029,0.165332487568029,0.165332487568029,0.165332487568029,0.165332487568029,0.165332487568029,0.165332487568029,0.165332487568029,0.165332487568029,0.165332487568029,0.165332487568029,0.165332487568029,0.165332487568029,0.165332487568029,0.165332487568029,0.165332487568029,0.165332487568029,0.165332487568029,0.165332487568029,0.165332487568029,0.165332487568029,0.165332487568029,0.16375749385361515,0.16375749385361515,0.16375749385361515,0.16375749385361515,0.16375749385361515,0.16375749385361515,0.16375749385361515,0.16375749385361515,0.16375749385361515,0.16375749385361515,0.16375749385361515,0.16375749385361515,0.16375749385361515,0.16375749385361515,0.16375749385361515,0.16375749385361515,0.16375749385361515,0.16375749385361515,0.16375749385361515,0.16375749385361515,0.16375749385361515,0.16375749385361515,0.16375749385361515,0.16375749385361515,0.16375749385361515,0.16221388407105977,0.16221388407105977,0.16221388407105977,0.16221388407105977,0.16221388407105977,0.16221388407105977,0.16221388407105977,0.16221388407105977,0.16221388407105977,0.16221388407105977,0.16221388407105977,0.16221388407105977,0.16221388407105977,0.16221388407105977,0.16221388407105977,0.16221388407105977,0.16221388407105977,0.16221388407105977,0.16221388407105977,0.16221388407105977,0.16221388407105977,0.16221388407105977,0.16221388407105977,0.16221388407105977,0.16221388407105977,0.1607010671774044,0.1607010671774044,0.16070106717740418,0.1607010671774044,0.1607010671774044,0.1607010671774044,0.16070106717740418,0.16070106717740418,0.16070106717740418,0.1607010671774044,0.16070106717740418,0.16070106717740418,0.16070106717740418,0.16070106717740418,0.16070106717740418,0.1607010671774044,0.16070106717740418,0.16070106717740418,0.16070106717740418,0.1607010671774044,0.1607010671774044,0.1607010671774044,0.16070106717740418,0.1607010671774044,0.1607010671774044,0.1592184515476281,0.15921845154762768,0.15921845154762745,0.15921845154762768,0.1592184515476281,0.15921845154762768,0.15921845154762745,0.15921845154762723,0.15921845154762745,0.15921845154762768,0.15921845154762745,0.15921845154762723,0.159218451547627,0.15921845154762723,0.15921845154762745,0.15921845154762768,0.15921845154762745,0.15921845154762723,0.15921845154762745,0.15921845154762768,0.1592184515476281,0.15921845154762768,0.15921845154762745,0.15921845154762768,0.1592184515476281,0.15776544632649864,0.15776544632649778,0.15776544632649733,0.15776544632649778,0.15776544632649864,0.15776544632649778,0.15776544632649692,0.15776544632649628,0.15776544632649692,0.15776544632649778,0.15776544632649733,0.15776544632649628,0.15776544632649564,0.15776544632649628,0.15776544632649733,0.15776544632649778,0.15776544632649692,0.15776544632649628,0.15776544632649692,0.15776544632649778,0.15776544632649864,0.15776544632649778,0.15776544632649733,0.15776544632649778,0.15776544632649864,0.15634146264289692,0.1563414626428942,0.15634146264289234,0.1563414626428942,0.15634146264289692,0.1563414626428942,0.15634146264289128,0.1563414626428894,0.15634146264289128,0.1563414626428942,0.15634146264289234,0.1563414626428894,0.1563414626428875,0.1563414626428894,0.15634146264289234,0.1563414626428942,0.15634146264289128,0.1563414626428894,0.15634146264289128,0.1563414626428942,0.15634146264289692,0.1563414626428942,0.15634146264289234,0.1563414626428942,0.15634146264289692,0.1549459146968773,0.15494591469686889,0.15494591469686356,0.15494591469686889,0.1549459146968773,0.15494591469686889,0.15494591469685987,0.15494591469685415,0.15494591469685987,0.15494591469686889,0.15494591469686356,0.15494591469685415,0.15494591469684843,0.15494591469685415,0.15494591469686356,0.15494591469686889,0.15494591469685987,0.15494591469685415,0.15494591469685987,0.15494591469686889,0.1549459146968773,0.15494591469686889,0.15494591469686356,0.15494591469686889,0.1549459146968773,0.1535782207291794,0.1535782207291535,0.15357822072913702,0.1535782207291535,0.1535782207291794,0.1535782207291535,0.1535782207291254,0.1535782207291073,0.1535782207291254,0.1535782207291535,0.15357822072913702,0.1535782207291073,0.15357822072908822,0.1535782207291073,0.15357822072913702,0.1535782207291535,0.1535782207291254,0.1535782207291073,0.1535782207291254,0.1535782207291535,0.1535782207291794,0.1535782207291535,0.15357822072913702,0.1535782207291535,0.1535782207291794,0.152237803882345,0.15223780388226665,0.15223780388221628,0.15223780388226665,0.152237803882345,0.15223780388226665,0.1522378038821789,0.15223780388212102,0.1522378038821789,0.15223780388226665,0.15223780388221628,0.15223780388212102,0.15223780388205743,0.15223780388212102,0.15223780388221628,0.15223780388226665,0.1522378038821789,0.15223780388212102,0.1522378038821789,0.15223780388226665,0.152237803882345,0.15223780388226665,0.15223780388221628,0.15223780388226665,0.152237803882345,0.15092409296207304,0.15092409296184173,0.15092409296168854,0.15092409296184173,0.15092409296207304,0.15092409296184173,0.15092409296156856,0.15092409296138026,0.15092409296156856,0.15092409296184173,0.15092409296168854,0.15092409296138026,0.1509240929611609,0.15092409296138026,0.15092409296168854,0.15092409296184173,0.15092409296156856,0.15092409296138026,0.15092409296156856,0.15092409296184173,0.15092409296207304,0.15092409296184173,0.15092409296168854,0.15092409296184173,0.15092409296207304,0.14963652310694622,0.14963652310628253,0.1496365231058246,0.14963652310628253,0.14963652310694622,0.14963652310628253,0.1496365231054432,0.14963652310482317,0.1496365231054432,0.14963652310628253,0.1496365231058246,0.14963652310482317,0.14963652310405118,0.14963652310482317,0.1496365231058246,0.14963652310628253,0.1496365231054432,0.14963652310482317,0.1496365231054432,0.14963652310628253,0.14963652310694622,0.14963652310628253,0.1496365231058246,0.14963652310628253,0.14963652310694622,0.148374536374232,0.14837453637241133,0.14837453637107603,0.14837453637241133,0.148374536374232,0.14837453637241133,0.14837453636989378,0.1483745363678409,0.14837453636989378,0.14837453637241133,0.14837453637107603,0.1483745363678409,0.1483745363649218,0.1483745363678409,0.14837453637107603,0.14837453637241133,0.14837453636989378,0.1483745363678409,0.14837453636989378,0.14837453637241133,0.148374536374232,0.14837453637241133,0.14837453637107603,0.14837453637241133,0.148374536374232,0.1471375822491489,0.1471375822444876,0.14713758224074328,0.1471375822444876,0.1471375822491489,0.1471375822444876,0.14713758223725185,0.14713758223032053,0.14713758223725185,0.1471375822444876,0.14713758224074328,0.14713758223032053,0.1471375822181101,0.14713758223032053,0.14713758224074328,0.1471375822444876,0.14713758223725185,0.14713758223032053,0.14713758223725185,0.1471375822444876,0.1471375822491489,0.1471375822444876,0.14713758224074328,0.1471375822444876,0.1471375822491489,0.14592511808469688,0.14592511807404382,0.14592511806435338,0.14592511807404382,0.14592511808469688,0.14592511807404382,0.1459251180548857,0.14592511803176142,0.1459251180548857,0.14592511807404382,0.14592511806435338,0.14592511803176142,0.14592511797407845,0.14592511803176142,0.14592511806435338,0.14592511807404382,0.1459251180548857,0.14592511803176142,0.1459251180548857,0.14592511807404382,0.14592511808469688,0.14592511807404382,0.14592511806435338,0.14592511807404382,0.14592511808469688,0.1447366094781903,0.14473660945823857,0.14473660943735842,0.14473660945823857,0.1447366094781903,0.14473660945823857,0.14473660941627225,0.14473660934786198,0.14473660941627225,0.14473660945823857,0.14473660943735842,0.14473660934786198,0.1447366090382467,0.14473660934786198,0.14473660943735842,0.14473660945823857,0.14473660941627225,0.14473660934786198,0.14473660941627225,0.14473660945823857,0.1447366094781903,0.14473660945823857,0.14473660943735842,0.14473660945823857,0.1447366094781903,0.1435715305864372,0.14357153056013955,0.14357153053290966,0.14357153056013955,0.1435715305864372,0.14357153056013955,0.14357153050536067,0.14357153041985574,0.14357153050536067,0.14357153056013955,0.14357153053290966,0.14357153041985574,0.14357153006809945,0.14357153041985574,0.14357153053290966,0.14357153056013955,0.14357153050536067,0.14357153041985574,0.14357153050536067,0.14357153056013955,0.1435715305864372,0.14357153056013955,0.14357153053290966,0.14357153056013955,0.1435715305864372,0.14242936437426465,0.1424293643447396,0.14242936431403663,0.1424293643447396,0.14242936437426465,0.1424293643447396,0.14242936428287384,0.14242936418664962,0.14242936428287384,0.1424293643447396,0.14242936431403663,0.14242936418664962,0.14242936379538618,0.14242936418664962,0.14242936431403663,0.1424293643447396,0.14242936428287384,0.14242936418664962,0.14242936428287384,0.1424293643447396,0.14242936437426465,0.1424293643447396,0.14242936431403663,0.1424293643447396,0.14242936437426465,0.14130960282698335,0.14130960279829394,0.1413096027670867,0.14130960279829394,0.14130960282698335,0.14130960279829394,0.14130960273506768,0.14130960263079292,0.14130960273506768,0.14130960279829394,0.1413096027670867,0.14130960263079292,0.14130960218321523,0.14130960263079292,0.1413096027670867,0.14130960279829394,0.14130960273506768,0.14130960263079292,0.14130960273506768,0.14130960279829394,0.14130960282698335,0.14130960279829394,0.1413096027670867,0.14130960279829394,0.14130960282698335,0.14021174711726678,0.14021174709804465,0.14021174707470907,0.14021174709804465,0.14021174711726678,0.14021174709804465,0.14021174705028894,0.14021174695904592,0.14021174705028894,0.14021174709804465,0.14021174707470907,0.14021174695904592,0.14021174649986706,0.14021174695904592,0.14021174707470907,0.14021174709804465,0.14021174705028894,0.14021174695904592,0.14021174705028894,0.14021174709804465,0.14021174711726678,0.14021174709804465,0.14021174707470907,0.14021174709804465,0.14021174711726678,0.13913530772474308,0.13913530772895738,0.1391353077312587,0.13913530772895738,0.13913530772474308,0.13913530772895738,0.1391353077330865,0.1391353077313697,0.1391353077330865,0.13913530772895738,0.1391353077312587,0.1391353077313697,0.1391353077059907,0.1391353077313697,0.1391353077312587,0.13913530772895738,0.1391353077330865,0.1391353077313697,0.1391353077330865,0.13913530772895738,0.13913530772474308,0.13913530772895738,0.1391353077312587,0.13913530772895738,0.13913530772474308,0.1380798045179636,0.13807980455231952,0.13807980458750121,0.13807980455231952,0.1380798045179636,0.13807980455231952,0.13807980462333483,0.13807980472294584,0.13807980462333483,0.13807980455231952,0.13807980458750121,0.13807980472294584,0.1380798050090318,0.13807980472294584,0.13807980458750121,0.13807980455231952,0.13807980462333483,0.13807980472294584,0.13807980462333483,0.13807980455231952,0.1380798045179636,0.13807980455231952,0.13807980458750121,0.13807980455231952,0.1380798045179636,0.13704476682989372,0.13704476689155048,0.13704476696701146,0.13704476689155048,0.13704476682989372,0.13704476689155048,0.13704476704543064,0.13704476735683688,0.13704476704543064,0.13704476689155048,0.13704476696701146,0.13704476735683688,0.13704476908955981,0.13704476735683688,0.13704476696701146,0.13704476689155048,0.13704476704543064,0.13704476735683688,0.13704476704543064,0.13704476689155048,0.13704476682989372,0.13704476689155048,0.13704476696701146,0.13704476689155048,0.13704476682989372,0.13602973350919556,0.13602973355273476,0.13602973359551607,0.13602973355273476,0.13602973350919556,0.13602973355273476,0.13602973363850476,0.13602973375359756,0.13602973363850476,0.13602973355273476,0.13602973359551607,0.13602973375359756,0.13602973407370217,0.13602973375359756,0.13602973359551607,0.13602973355273476,0.13602973363850476,0.13602973375359756,0.13602973363850476,0.13602973355273476,0.13602973350919556,0.13602973355273476,0.13602973359551607,0.13602973355273476,0.13602973350919556,0.1350342530138064,0.13503425304117672,0.1350342530638123,0.13503425304117672,0.1350342530138064,0.13503425304117672,0.135034253085321,0.13503425312916986,0.135034253085321,0.13503425304117672,0.1350342530638123,0.13503425312916986,0.13503425320902657,0.13503425312916986,0.1350342530638123,0.13503425304117672,0.135034253085321,0.13503425312916986,0.135034253085321,0.13503425304117672,0.1350342530138064,0.13503425304117672,0.1350342530638123,0.13503425304117672,0.1350342530138064
0.1653324875740335,0.1653324875740335,0.1653324875740335,0.1653324875740335,0.1653324875740335,0.1653324875740335,0.1653324875740335,0.1653324875740335,0.1653324875740335,0.1653324875740335,0.1653324875740335,0.1653324875740335,0.1653324875740335,0.1653324875740335,0.1653324875740335,0.1653324875740335,0.1653324875740335,0.1653324875740335,0.1653324875740335,0.1653324875740335,0.1653324875740335,0.1653324875740335,0.1653324875740335,0.1653324875740335,0.1653324875740335,0.16375749385949842,0.16375749385949842,0.16375749385949842,0.16375749385949842,0.16375749385949842,0.16375749385949842,0.16375749385949842,0.16375749385949842,0.16375749385949842,0.16375749385949842,0.16375749385949842,0.16375749385949842,0.16375749385949842,0.16375749385949842,0.16375749385949842,0.16375749385949842,0.16375749385949842,0.16375749385949842,0.16375749385949842,0.16375749385949842,0.16375749385949842,0.16375749385949842,0.16375749385949842,0.16375749385949842,0.16375749385949842,0.16221388407682258,0.16221388407682258,0.16221388407682258,0.16221388407682258,0.16221388407682258,0.16221388407682258,0.16221388407682258,0.16221388407682258,0.16221388407682258,0.16221388407682258,0.16221388407682258,0.16221388407682258,0.16221388407682236,0.16221388407682258,0.16221388407682258,0.16221388407682258,0.16221388407682258,0.16221388407682258,0.16221388407682258,0.16221388407682258,0.16221388407682258,0.16221388407682258,0.16221388407682258,0.16221388407682258,0.16221388407682258,0.1607010671830473,0.1607010671830473,0.1607010671830473,0.1607010671830473,0.1607010671830473,0.1607010671830473,0.1607010671830473,0.16070106718304708,0.1607010671830473,0.1607010671830473,0.1607010671830473,0.16070106718304708,0.16070106718304708,0.16070106718304708,0.1607010671830473,0.1607010671830473,0.1607010671830473,0.16070106718304708,0.1607010671830473,0.1607010671830473,0.1607010671830473,0.1607010671830473,0.1607010671830473,0.1607010671830473,0.1607010671830473,0.15921845155315204,0.15921845155315179,0.1592184515531516,0.15921845155315179,0.15921845155315204,0.15921845155315179,0.15921845155315137,0.15921845155315137,0.15921845155315137,0.15921845155315179,0.1592184515531516,0.15921845155315137,0.15921845155315115,0.15921845155315137,0.1592184515531516,0.15921845155315179,0.15921845155315137,0.15921845155315137,0.15921845155315137,0.15921845155315179,0.15921845155315204,0.15921845155315179,0.1592184515531516,0.15921845155315179,0.15921845155315204,0.15776544633190454,0.15776544633190367,0.15776544633190304,0.15776544633190367,0.15776544633190454,0.15776544633190367,0.15776544633190262,0.15776544633190218,0.15776544633190262,0.15776544633190367,0.15776544633190304,0.15776544633190218,0.15776544633190154,0.15776544633190218,0.15776544633190304,0.15776544633190367,0.15776544633190262,0.15776544633190218,0.15776544633190262,0.15776544633190367,0.15776544633190454,0.15776544633190367,0.15776544633190304,0.15776544633190367,0.15776544633190454,0.15634146264818502,0.1563414626481823,0.15634146264818063,0.1563414626481823,0.15634146264818502,0.1563414626481823,0.15634146264817958,0.1563414626481777,0.15634146264817958,0.1563414626481823,0.15634146264818063,0.1563414626481777,0.15634146264817583,0.1563414626481777,0.15634146264818063,0.1563414626481823,0.15634146264817958,0.1563414626481777,0.15634146264817958,0.1563414626481823,0.15634146264818502,0.1563414626481823,0.15634146264818063,0.1563414626481823,0.15634146264818502,0.15494591470204874,0.15494591470204036,0.15494591470203503,0.15494591470204036,0.15494591470204874,0.15494591470204036,0.15494591470203134,0.1549459147020258,0.15494591470203134,0.15494591470204036,0.15494591470203503,0.1549459147020258,0.15494591470202007,0.1549459147020258,0.15494591470203503,0.15494591470204036,0.15494591470203134,0.1549459147020258,0.15494591470203134,0.15494591470204036,0.15494591470204874,0.15494591470204036,0.15494591470203503,0.15494591470204036,0.15494591470204874,0.15357822073423444,0.15357822073420874,0.15357822073419244,0.15357822073420874,0.15357822073423444,0.15357822073420874,0.153578220734181,0.15357822073416313,0.153578220734181,0.15357822073420874,0.15357822073419244,0.15357822073416313,0.15357822073414423,0.15357822073416313,0.15357822073419244,0.15357822073420874,0.153578220734181,0.15357822073416313,0.153578220734181,0.15357822073420874,0.15357822073423444,0.15357822073420874,0.15357822073419244,0.15357822073420874,0.15357822073423444,0.1522378038872839,0.15223780388720654,0.15223780388715655,0.15223780388720654,0.1522378038872839,0.15223780388720654,0.15223780388711955,0.15223780388706226,0.15223780388711955,0.15223780388720654,0.15223780388715655,0.15223780388706226,0.15223780388699948,0.15223780388706226,0.15223780388715655,0.15223780388720654,0.15223780388711955,0.15223780388706226,0.15223780388711955,0.15223780388720654,0.1522378038872839,0.15223780388720654,0.15223780388715655,0.15223780388720654,0.1522378038872839,0.15092409296689507,0.15092409296666626,0.15092409296651466,0.15092409296666626,0.15092409296689507,0.15092409296666626,0.150924092966396,0.15092409296620946,0.150924092966396,0.15092409296666626,0.15092409296651466,0.15092409296620946,0.1509240929659926,0.15092409296620946,0.15092409296651466,0.15092409296666626,0.150924092966396,0.15092409296620946,0.150924092966396,0.15092409296666626,0.15092409296689507,0.15092409296666626,0.15092409296651466,0.15092409296666626,0.15092409296689507,0.1496365231116472,0.1496365231109907,0.1496365231105375,0.1496365231109907,0.1496365231116472,0.1496365231109907,0.14963652311016026,0.14963652310954667,0.14963652311016026,0.1496365231109907,0.1496365231105375,0.14963652310954667,0.14963652310878298,0.14963652310954667,0.1496365231105375,0.1496365231109907,0.14963652311016026,0.14963652310954667,0.14963652311016026,0.1496365231109907,0.1496365231116472,0.1496365231109907,0.1496365231105375,0.1496365231109907,0.1496365231116472,0.14837453637879833,0.1483745363769971,0.1483745363756763,0.1483745363769971,0.14837453637879833,0.1483745363769971,0.14837453637450668,0.14837453637247544,0.14837453637450668,0.1483745363769971,0.1483745363756763,0.14837453637247544,0.1483745363695869,0.14837453637247544,0.1483745363756763,0.1483745363769971,0.14837453637450668,0.14837453637247544,0.14837453637450668,0.1483745363769971,0.14837453637879833,0.1483745363769971,0.1483745363756763,0.1483745363769971,0.14837453637879833,0.14713758225354065,0.14713758224893003,0.14713758224522622,0.14713758224893003,0.14713758225354065,0.14713758224893003,0.1471375822417722,0.1471375822349141,0.1471375822417722,0.14713758224893003,0.14713758224522622,0.1471375822349141,0.14713758222283044,0.1471375822349141,0.14713758224522622,0.14713758224893003,0.1471375822417722,0.1471375822349141,0.1471375822417722,0.14713758224893003,0.14713758225354065,0.14713758224893003,0.14713758224522622,0.14713758224893003,0.14713758225354065,0.1459251180888091,0.14592511807827427,0.14592511806868944,0.14592511807827427,0.1459251180888091,0.14592511807827427,0.14592511805932432,0.14592511803644448,0.14592511805932432,0.14592511807827427,0.14592511806868944,0.14592511803644448,0.145925117979355,0.14592511803644448,0.14592511806868944,0.14592511807827427,0.14592511805932432,0.14592511803644448,0.14592511805932432,0.14592511807827427,0.1459251180888091,0.14592511807827427,0.14592511806868944,0.14592511807827427,0.1459251180888091,0.1447366094817775,0.14473660946205527,0.14473660944140865,0.14473660946205527,0.1447366094817775,0.14473660946205527,0.14473660942055677,0.144736609352877,0.14473660942055677,0.14473660946205527,0.14473660944140865,0.144736609352877,0.14473660904644794,0.144736609352877,0.14473660944140865,0.14473660946205527,0.14473660942055677,0.144736609352877,0.14473660942055677,0.14473660946205527,0.1447366094817775,0.14473660946205527,0.14473660944140865,0.14473660946205527,0.1447366094817775,0.14357153058902067,0.1435715305630524,0.14357153053615895,0.1435715305630524,0.14357153058902067,0.1435715305630524,0.14357153050894925,0.1435715304244792,0.14357153050894925,0.1435715305630524,0.14357153053615895,0.1435715304244792,0.14357153007689036,0.1435715304244792,0.14357153053615895,0.1435715305630524,0.14357153050894925,0.1435715304244792,0.14357153050894925,0.1435715305630524,0.14357153058902067,0.1435715305630524,0.14357153053615895,0.1435715305630524,0.14357153058902067,0.14242936437515338,0.14242936434603395,0.14242936431575307,0.14242936434603395,0.14242936437515338,0.14242936434603395,0.14242936428501837,0.14242936419011604,0.14242936428501837,0.14242936434603395,0.14242936431575307,0.14242936419011604,0.1424293638042334,0.14242936419011604,0.14242936431575307,0.14242936434603395,0.14242936428501837,0.14242936419011604,0.14242936428501837,0.14242936434603395,0.14242936437515338,0.14242936434603395,0.14242936431575307,0.14242936434603395,0.14242936437515338,0.14130960282531863,0.14130960279705632,0.14130960276631668,0.14130960279705632,0.14130960282531863,0.14130960279705632,0.14130960273477772,0.1413096026320781,0.14130960273477772,0.14130960279705632,0.14130960276631668,0.1413096026320781,0.14130960219132224,0.1413096026320781,0.14130960276631668,0.14130960279705632,0.14130960273477772,0.1413096026320781,0.14130960273477772,0.14130960279705632,0.14130960282531863,0.14130960279705632,0.14130960276631668,0.14130960279705632,0.14130960282531863,0.14021174711213427,0.14021174709322334,0.14021174707026476,0.14021174709322334,0.14021174711213427,0.14021174709322334,0.14021174704623873,0.14021174695647007,0.14021174704623873,0.14021174709322334,0.14021174707026476,0.14021174695647007,0.14021174650472676,0.14021174695647007,0.14021174707026476,0.14021174709322334,0.14021174704623873,0.14021174695647007,0.14021174704623873,0.14021174709322334,0.14021174711213427,0.14021174709322334,0.14021174707026476,0.14021174709322334,0.14021174711213427,0.1391353077154551,0.13913530771964255,0.1391353077219426,0.13913530771964255,0.1391353077154551,0.13913530771964255,0.13913530772377558,0.13913530772216112,0.13913530772377558,0.13913530771964255,0.1391353077219426,0.13913530772216112,0.13913530769734056,0.13913530772216112,0.1391353077219426,0.13913530771964255,0.13913530772377558,0.13913530772216112,0.13913530772377558,0.13913530771964255,0.1391353077154551,0.13913530771964255,0.1391353077219426,0.13913530771964255,0.1391353077154551,0.13807980450452118,0.13807980453842253,0.13807980457313582,0.13807980453842253,0.13807980450452118,0.13807980453842253,0.13807980460849148,0.1380798047067657,0.13807980460849148,0.13807980453842253,0.13807980457313582,0.1380798047067657,0.1380798049889885,0.1380798047067657,0.13807980457313582,0.13807980453842253,0.13807980460849148,0.1380798047067657,0.13807980460849148,0.13807980453842253,0.13807980450452118,0.13807980453842253,0.13807980457313582,0.13807980453842253,0.13807980450452118,0.13704476681317948,0.1370447668740002,0.1370447669484352,0.1370447668740002,0.13704476681317948,0.1370447668740002,0.13704476702578755,0.1370447673329485,0.13704476702578755,0.1370447668740002,0.1370447669484352,0.1370447673329485,0.13704476904201218,0.1370447673329485,0.1370447669484352,0.1370447668740002,0.13704476702578755,0.1370447673329485,0.13704476702578755,0.1370447668740002,0.13704476681317948,0.1370447668740002,0.1370447669484352,0.1370447668740002,0.13704476681317948,0.1360297334908886,0.13602973353383555,0.13602973357603412,0.13602973353383555,0.1360297334908886,0.13602973353383555,0.13602973361843712,0.13602973373196073,0.13602973361843712,0.13602973353383555,0.13602973357603412,0.13602973373196073,0.13602973404769725,0.13602973373196073,0.13602973357603412,0.13602973353383555,0.13602973361843712,0.13602973373196073,0.13602973361843712,0.13602973353383555,0.1360297334908886,0.13602973353383555,0.13602973357603412,0.13602973353383555,0.1360297334908886,0.13503425299510166,0.13503425302209943,0.13503425304442646,0.13503425302209943,0.13503425299510166,0.13503425302209943,0.1350342530656422,0.13503425310889308,0.1350342530656422,0.13503425302209943,0.13503425304442646,0.13503425310889308,0.13503425318766046,0.13503425310889308,0.13503425304442646,0.13503425302209943,0.1350342530656422,0.13503425310889308,0.1350342530656422,0.13503425302209943,0.13503425299510166,0.13503425302209943,0.13503425304442646,0.13503425302209943,0.13503425299510166
0.16533248757985528,0.16533248757985528,0.16533248757985528,0.16533248757985528,0.16533248757985528,0.16533248757985528,0.16533248757985528,0.16533248757985528,0.16533248757985528,0.16533248757985528,0.16533248757985528,0.16533248757985528,0.16533248757985528,0.16533248757985528,0.16533248757985528,0.16533248757985528,0.16533248757985528,0.16533248757985528,0.16533248757985528,0.16533248757985528,0.16533248757985528,0.16533248757985528,0.16533248757985528,0.16533248757985528,0.16533248757985528,0.1637574938652027,0.1637574938652027,0.1637574938652027,0.1637574938652027,0.1637574938652027,0.1637574938652027,0.1637574938652027,0.1637574938652027,0.1637574938652027,0.1637574938652027,0.1637574938652027,0.1637574938652027,0.1637574938652027,0.1637574938652027,0.1637574938652027,0.1637574938652027,0.1637574938652027,0.1637574938652027,0.1637574938652027,0.1637574938652027,0.1637574938652027,0.1637574938652027,0.1637574938652027,0.1637574938652027,0.1637574938652027,0.16221388408241016,0.16221388408241016,0.16221388408241016,0.16221388408241016,0.16221388408241016,0.16221388408241016,0.16221388408241016,0.16221388408241016,0.16221388408241016,0.16221388408241016,0.16221388408241016,0.16221388408241016,0.16221388408240997,0.16221388408241016,0.16221388408241016,0.16221388408241016,0.16221388408241016,0.16221388408241016,0.16221388408241016,0.16221388408241016,0.16221388408241016,0.16221388408241016,0.16221388408241016,0.16221388408241016,0.16221388408241016,0.16070106718851915,0.16070106718851915,0.16070106718851893,0.16070106718851915,0.16070106718851915,0.16070106718851915,0.16070106718851893,0.16070106718851893,0.16070106718851893,0.16070106718851915,0.16070106718851893,0.16070106718851893,0.16070106718851893,0.16070106718851893,0.16070106718851893,0.16070106718851915,0.16070106718851893,0.16070106718851893,0.16070106718851893,0.16070106718851915,0.16070106718851915,0.16070106718851915,0.16070106718851893,0.16070106718851915,0.16070106718851915,0.15921845155850872,0.1592184515585085,0.15921845155850828,0.1592184515585085,0.15921845155850872,0.1592184515585085,0.15921845155850828,0.15921845155850808,0.15921845155850828,0.1592184515585085,0.15921845155850828,0.15921845155850808,0.15921845155850786,0.15921845155850808,0.15921845155850828,0.1592184515585085,0.15921845155850828,0.15921845155850808,0.15921845155850828,0.1592184515585085,0.15921845155850872,0.1592184515585085,0.15921845155850828,0.1592184515585085,0.15921845155850872,0.15776544633714695,0.15776544633714615,0.15776544633714548,0.15776544633714615,0.15776544633714695,0.15776544633714615,0.1577654463371453,0.15776544633714465,0.1577654463371453,0.15776544633714615,0.15776544633714548,0.15776544633714465,0.15776544633714398,0.15776544633714465,0.15776544633714548,0.15776544633714615,0.1577654463371453,0.15776544633714465,0.1577654463371453,0.15776544633714615,0.15776544633714695,0.15776544633714615,0.15776544633714548,0.15776544633714615,0.15776544633714695,0.15634146265331422,0.15634146265331147,0.15634146265330984,0.15634146265331147,0.15634146265331422,0.15634146265331147,0.15634146265330856,0.1563414626533069,0.15634146265330856,0.15634146265331147,0.15634146265330984,0.1563414626533069,0.156341462653305,0.1563414626533069,0.15634146265330984,0.15634146265331147,0.15634146265330856,0.1563414626533069,0.15634146265330856,0.15634146265331147,0.15634146265331422,0.15634146265331147,0.15634146265330984,0.15634146265331147,0.15634146265331422,0.15494591470706487,0.15494591470705668,0.15494591470705132,0.15494591470705668,0.15494591470706487,0.15494591470705668,0.15494591470704785,0.15494591470704233,0.15494591470704785,0.15494591470705668,0.15494591470705132,0.15494591470704233,0.15494591470703636,0.15494591470704233,0.15494591470705132,0.15494591470705668,0.15494591470704785,0.15494591470704233,0.15494591470704785,0.15494591470705668,0.15494591470706487,0.15494591470705668,0.15494591470705132,0.15494591470705668,0.15494591470706487,0.1535782207391384,0.1535782207391131,0.15357822073909683,0.1535782207391131,0.1535782207391384,0.1535782207391131,0.1535782207390854,0.1535782207390679,0.1535782207390854,0.1535782207391131,0.15357822073909683,0.1535782207390679,0.15357822073904903,0.1535782207390679,0.15357822073909683,0.1535782207391131,0.1535782207390854,0.1535782207390679,0.1535782207390854,0.1535782207391131,0.1535782207391384,0.1535782207391131,0.15357822073909683,0.1535782207391131,0.1535782207391384,0.15223780389207595,0.1522378038919992,0.1522378038919498,0.1522378038919992,0.15223780389207595,0.1522378038919992,0.15223780389191316,0.15223780389185648,0.15223780389191316,0.1522378038919992,0.1522378038919498,0.15223780389185648,0.15223780389179428,0.15223780389185648,0.1522378038919498,0.1522378038919992,0.15223780389191316,0.15223780389185648,0.15223780389191316,0.1522378038919992,0.15223780389207595,0.1522378038919992,0.1522378038919498,0.1522378038919992,0.15223780389207595,0.15092409297157433,0.15092409297134785,0.15092409297119777,0.15092409297134785,0.15092409297157433,0.15092409297134785,0.15092409297108028,0.15092409297089565,0.15092409297108028,0.15092409297134785,0.15092409297119777,0.15092409297089565,0.15092409297068074,0.15092409297089565,0.15092409297119777,0.15092409297134785,0.15092409297108028,0.15092409297089565,0.15092409297108028,0.15092409297134785,0.15092409297157433,0.15092409297134785,0.15092409297119777,0.15092409297134785,0.15092409297157433,0.14963652311620945,0.14963652311555978,0.14963652311511144,0.14963652311555978,0.14963652311620945,0.14963652311555978,0.149636523114738,0.14963652311413084,0.149636523114738,0.14963652311555978,0.14963652311511144,0.14963652311413084,0.14963652311337508,0.14963652311413084,0.14963652311511144,0.14963652311555978,0.149636523114738,0.14963652311413084,0.149636523114738,0.14963652311555978,0.14963652311620945,0.14963652311555978,0.14963652311511144,0.14963652311555978,0.14963652311620945,0.1483745363832303,0.1483745363814484,0.14837453638014142,0.1483745363814484,0.1483745363832303,0.1483745363814484,0.14837453637898387,0.1483745363769738,0.14837453637898387,0.1483745363814484,0.14837453638014142,0.1483745363769738,0.14837453637411485,0.1483745363769738,0.14837453638014142,0.1483745363814484,0.14837453637898387,0.1483745363769738,0.14837453637898387,0.1483745363814484,0.1483745363832303,0.1483745363814484,0.14837453638014142,0.1483745363814484,0.1483745363832303,0.14713758225780363,0.14713758225324255,0.147137582249578,0.14713758225324255,0.14713758225780363,0.14713758225324255,0.1471375822461603,0.14713758223937343,0.1471375822461603,0.14713758225324255,0.147137582249578,0.14713758223937343,0.14713758222741274,0.14713758223937343,0.147137582249578,0.14713758225324255,0.1471375822461603,0.14713758223937343,0.1471375822461603,0.14713758225324255,0.14713758225780363,0.14713758225324255,0.147137582249578,0.14713758225324255,0.14713758225780363,0.14592511809280126,0.14592511808238148,0.1459251180728992,0.14592511808238148,0.14592511809280126,0.14592511808238148,0.14592511806363365,0.1459251180409912,0.14592511806363365,0.14592511808238148,0.1459251180728992,0.1459251180409912,0.1459251179844781,0.1459251180409912,0.1459251180728992,0.14592511808238148,0.14592511806363365,0.1459251180409912,0.14592511806363365,0.14592511808238148,0.14592511809280126,0.14592511808238148,0.1459251180728992,0.14592511808238148,0.14592511809280126,0.1447366094852605,0.14473660946576114,0.14473660944534109,0.14473660946576114,0.1447366094852605,0.14473660946576114,0.1447366094247168,0.1447366093577462,0.1447366094247168,0.14473660946576114,0.14473660944534109,0.1447366093577462,0.14473660905436342,0.1447366093577462,0.14473660944534109,0.14473660946576114,0.1447366094247168,0.1447366093577462,0.1447366094247168,0.14473660946576114,0.1447366094852605,0.14473660946576114,0.14473660944534109,0.14473660946576114,0.1447366094852605,0.14357153059152972,0.1435715305658811,0.1435715305393141,0.1435715305658811,0.14357153059152972,0.1435715305658811,0.1435715305124336,0.1435715304289678,0.1435715305124336,0.1435715305658811,0.1435715305393141,0.1435715304289678,0.1435715300854455,0.1435715304289678,0.1435715305393141,0.1435715305658811,0.1435715305124336,0.1435715304289678,0.1435715305124336,0.1435715305658811,0.14357153059152972,0.1435715305658811,0.1435715305393141,0.1435715305658811,0.14357153059152972,0.14242936437601747,0.14242936434729178,0.14242936431742018,0.14242936434729178,0.14242936437601747,0.14242936434729178,0.14242936428710085,0.14242936419348082,0.14242936428710085,0.14242936434729178,0.14242936431742018,0.14242936419348082,0.14242936381279145,0.14242936419348082,0.14242936431742018,0.14242936434729178,0.14242936428710085,0.14242936419348082,0.14242936428710085,0.14242936434729178,0.14242936437601747,0.14242936434729178,0.14242936431742018,0.14242936434729178,0.14242936437601747,0.1413096028237049,0.14130960279585686,0.14130960276557067,0.14130960279585686,0.1413096028237049,0.14130960279585686,0.1413096027344975,0.14130960263332554,0.1413096027344975,0.14130960279585686,0.14130960276557067,0.14130960263332554,0.1413096021991661,0.14130960263332554,0.14130960276557067,0.14130960279585686,0.1413096027344975,0.14130960263332554,0.1413096027344975,0.14130960279585686,0.1413096028237049,0.14130960279585686,0.14130960276557067,0.14130960279585686,0.1413096028237049,0.1402117471071556,0.14021174708854667,0.14021174706595368,0.14021174708854667,0.1402117471071556,0.14021174708854667,0.14021174704230965,0.14021174695397098,0.14021174704230965,0.14021174708854667,0.14021174706595368,0.14021174695397098,0.14021174650949175,0.14021174695397098,0.14021174706595368,0.14021174708854667,0.14021174704230965,0.14021174695397098,0.14021174704230965,0.14021174708854667,0.1402117471071556,0.14021174708854667,0.14021174706595368,0.14021174708854667,0.1402117471071556,0.1391353077064448,0.13913530771060628,0.13913530771290478,0.13913530771060628,0.1391353077064448,0.13913530771060628,0.1391353077147428,0.13913530771322746,0.1391353077147428,0.13913530771060628,0.13913530771290478,0.13913530771322746,0.13913530768894797,0.13913530771322746,0.13913530771290478,0.13913530771060628,0.1391353077147428,0.13913530771322746,0.1391353077147428,0.13913530771060628,0.1391353077064448,0.13913530771060628,0.13913530771290478,0.13913530771060628,0.1391353077064448,0.1380798044914802,0.13807980452494029,0.13807980455919902,0.13807980452494029,0.1380798044914802,0.13807980452494029,0.13807980459409122,0.1380798046910684,0.13807980459409122,0.13807980452494029,0.13807980455919902,0.1380798046910684,0.13807980496954275,0.1380798046910684,0.13807980455919902,0.13807980452494029,0.13807980459409122,0.1380798046910684,0.13807980459409122,0.13807980452494029,0.1380798044914802,0.13807980452494029,0.13807980455919902,0.13807980452494029,0.1380798044914802,0.13704476679696412,0.13704476685697373,0.13704476693041315,0.13704476685697373,0.13704476679696412,0.13704476685697373,0.13704476700673038,0.13704476730977247,0.13704476700673038,0.13704476685697373,0.13704476693041315,0.13704476730977247,0.13704476899587867,0.13704476730977247,0.13704476693041315,0.13704476685697373,0.13704476700673038,0.13704476730977247,0.13704476700673038,0.13704476685697373,0.13704476679696412,0.13704476685697373,0.13704476693041315,0.13704476685697373,0.13704476679696412,0.1360297334731278,0.13602973351550007,0.13602973355713355,0.13602973351550007,0.1360297334731278,0.13602973351550007,0.13602973359896833,0.13602973371096924,0.13602973359896833,0.13602973351550007,0.13602973355713355,0.13602973371096924,0.13602973402246774,0.13602973371096924,0.13602973355713355,0.13602973351550007,0.13602973359896833,0.13602973371096924,0.13602973359896833,0.13602973351550007,0.1360297334731278,0.13602973351550007,0.13602973355713355,0.13602973351550007,0.1360297334731278,0.13503425297695504,0.13503425300359126,0.1350342530256191,0.13503425300359126,0.13503425297695504,0.13503425300359126,0.1350342530465504,0.13503425308922132,0.1350342530465504,0.13503425300359126,0.1350342530256191,0.13503425308922132,0.13503425316693166,0.13503425308922132,0.1350342530256191,0.13503425300359126,0.1350342530465504,0.13503425308922132,0.1350342530465504,0.13503425300359126,0.13503425297695504,0.13503425300359126,0.1350342530256191,0.13503425300359126,0.13503425297695504
0.16533248758550412,0.16533248758550412,0.16533248758550412,0.16533248758550412,0.16533248758550412,0.16533248758550412,0.16533248758550412,0.16533248758550412,0.16533248758550412,0.16533248758550412,0.16533248758550412,0.16533248758550412,0.16533248758550412,0.16533248758550412,0.16533248758550412,0.16533248758550412,0.16533248758550412,0.16533248758550412,0.16533248758550412,0.16533248758550412,0.16533248758550412,0.16533248758550412,0.16533248758550412,0.16533248758550412,0.16533248758550412,0.16375749387073765,0.16375749387073765,0.16375749387073765,0.16375749387073765,0.16375749387073765,0.16375749387073765,0.16375749387073765,0.16375749387073765,0.16375749387073765,0.16375749387073765,0.16375749387073765,0.16375749387073765,0.16375749387073765,0.16375749387073765,0.16375749387073765,0.16375749387073765,0.16375749387073765,0.16375749387073765,0.16375749387073765,0.16375749387073765,0.16375749387073765,0.16375749387073765,0.16375749387073765,0.16375749387073765,0.16375749387073765,0.16221388408783205,0.16221388408783205,0.16221388408783205,0.16221388408783205,0.16221388408783205,0.16221388408783205,0.16221388408783205,0.16221388408783205,0.16221388408783205,0.16221388408783205,0.16221388408783205,0.16221388408783205,0.16221388408783205,0.16221388408783205,0.16221388408783205,0.16221388408783205,0.16221388408783205,0.16221388408783205,0.16221388408783205,0.16221388408783205,0.16221388408783205,0.16221388408783205,0.16221388408783205,0.16221388408783205,0.16221388408783205,0.16070106719382882,0.16070106719382882,0.16070106719382882,0.16070106719382882,0.16070106719382882,0.16070106719382882,0.16070106719382882,0.16070106719382862,0.16070106719382882,0.16070106719382882,0.16070106719382882,0.16070106719382862,0.16070106719382862,0.16070106719382862,0.16070106719382882,0.16070106719382882,0.16070106719382882,0.16070106719382862,0.16070106719382882,0.16070106719382882,0.16070106719382882,0.16070106719382882,0.16070106719382882,0.16070106719382882,0.16070106719382882,0.15921845156370715,0.15921845156370693,0.1592184515637067,0.15921845156370693,0.15921845156370715,0.15921845156370693,0.1592184515637065,0.1592184515637065,0.1592184515637065,0.15921845156370693,0.1592184515637067,0.1592184515637065,0.15921845156370631,0.1592184515637065,0.1592184515637067,0.15921845156370693,0.1592184515637065,0.1592184515637065,0.1592184515637065,0.15921845156370693,0.15921845156370715,0.15921845156370693,0.1592184515637067,0.15921845156370693,0.15921845156370715,0.15776544634223474,0.1577654463422339,0.15776544634223327,0.1577654463422339,0.15776544634223474,0.1577654463422339,0.15776544634223283,0.1577654463422324,0.15776544634223283,0.1577654463422339,0.15776544634223327,0.1577654463422324,0.15776544634223177,0.1577654463422324,0.15776544634223327,0.1577654463422339,0.15776544634223283,0.1577654463422324,0.15776544634223283,0.1577654463422339,0.15776544634223474,0.1577654463422339,0.15776544634223327,0.1577654463422339,0.15776544634223474,0.15634146265829177,0.15634146265828927,0.1563414626582876,0.15634146265828927,0.15634146265829177,0.15634146265828927,0.15634146265828636,0.15634146265828466,0.15634146265828636,0.15634146265828927,0.1563414626582876,0.15634146265828466,0.156341462658283,0.15634146265828466,0.1563414626582876,0.15634146265828927,0.15634146265828636,0.15634146265828466,0.15634146265828636,0.15634146265828927,0.15634146265829177,0.15634146265828927,0.1563414626582876,0.15634146265828927,0.15634146265829177,0.15494591471193345,0.15494591471192523,0.15494591471191993,0.15494591471192523,0.15494591471193345,0.15494591471192523,0.15494591471191643,0.1549459147119109,0.15494591471191643,0.15494591471192523,0.15494591471191993,0.1549459147119109,0.15494591471190539,0.1549459147119109,0.15494591471191993,0.15494591471192523,0.15494591471191643,0.1549459147119109,0.15494591471191643,0.15494591471192523,0.15494591471193345,0.15494591471192523,0.15494591471191993,0.15494591471192523,0.15494591471193345,0.1535782207438984,0.1535782207438731,0.1535782207438572,0.1535782207438731,0.1535782207438984,0.1535782207438731,0.15357822074384578,0.15357822074382826,0.15357822074384578,0.1535782207438731,0.1535782207438572,0.15357822074382826,0.1535782207438098,0.15357822074382826,0.1535782207438572,0.1535782207438731,0.15357822074384578,0.15357822074382826,0.15357822074384578,0.1535782207438731,0.1535782207438984,0.1535782207438731,0.1535782207438572,0.1535782207438731,0.1535782207438984,0.15223780389672728,0.15223780389665129,0.1522378038966025,0.15223780389665129,0.15223780389672728,0.15223780389665129,0.15223780389656624,0.15223780389651018,0.15223780389656624,0.15223780389665129,0.1522378038966025,0.15223780389651018,0.15223780389644856,0.15223780389651018,0.1522378038966025,0.15223780389665129,0.15223780389656624,0.15223780389651018,0.15223780389656624,0.15223780389665129,0.15223780389672728,0.15223780389665129,0.1522378038966025,0.15223780389665129,0.15223780389672728,0.15092409297611648,0.15092409297589227,0.15092409297574372,0.15092409297589227,0.15092409297611648,0.15092409297589227,0.15092409297562742,0.1509240929754445,0.15092409297562742,0.15092409297589227,0.15092409297574372,0.1509240929754445,0.15092409297523193,0.1509240929754445,0.15092409297574372,0.15092409297589227,0.15092409297562742,0.1509240929754445,0.15092409297562742,0.15092409297589227,0.15092409297611648,0.15092409297589227,0.15092409297574372,0.15092409297589227,0.15092409297611648,0.14963652312063855,0.14963652311999565,0.1496365231195519,0.14963652311999565,0.14963652312063855,0.14963652311999565,0.14963652311918202,0.1496365231185813,0.14963652311918202,0.14963652311999565,0.1496365231195519,0.1496365231185813,0.1496365231178331,0.1496365231185813,0.1496365231195519,0.14963652311999565,0.14963652311918202,0.1496365231185813,0.14963652311918202,0.14963652311999565,0.14963652312063855,0.14963652311999565,0.1496365231195519,0.14963652311999565,0.14963652312063855,0.1483745363875333,0.1483745363857699,0.14837453638447648,0.1483745363857699,0.1483745363875333,0.1483745363857699,0.14837453638333095,0.14837453638134146,0.14837453638333095,0.1483745363857699,0.14837453638447648,0.14837453638134146,0.14837453637851128,0.14837453638134146,0.14837453638447648,0.1483745363857699,0.14837453638333095,0.14837453638134146,0.14837453638333095,0.1483745363857699,0.1483745363875333,0.1483745363857699,0.14837453638447648,0.1483745363857699,0.1483745363875333,0.14713758226194304,0.14713758225742996,0.14713758225380352,0.14713758225742996,0.14713758226194304,0.14713758225742996,0.14713758225042126,0.14713758224370338,0.14713758225042126,0.14713758225742996,0.14713758225380352,0.14713758224370338,0.1471375822318624,0.14713758224370338,0.14713758225380352,0.14713758225742996,0.14713758225042126,0.14713758224370338,0.14713758225042126,0.14713758225742996,0.14713758226194304,0.14713758225742996,0.14713758225380352,0.14713758225742996,0.14713758226194304,0.14592511809667824,0.14592511808636996,0.14592511807698721,0.14592511808636996,0.14592511809667824,0.14592511808636996,0.14592511806781833,0.14592511804540664,0.14592511806781833,0.14592511808636996,0.14592511807698721,0.14592511804540664,0.14592511798945376,0.14592511804540664,0.14592511807698721,0.14592511808636996,0.14592511806781833,0.14592511804540664,0.14592511806781833,0.14592511808636996,0.14592511809667824,0.14592511808636996,0.14592511807698721,0.14592511808636996,0.14592511809667824,0.14473660948864323,0.1447366094693602,0.1447366094491604,0.1447366094693602,0.14473660948864323,0.1447366094693602,0.14473660942875693,0.1447366093624753,0.14473660942875693,0.1447366094693602,0.1447366094491604,0.1447366093624753,0.14473660906210262,0.1447366093624753,0.1447366094491604,0.1447366094693602,0.14473660942875693,0.1447366093624753,0.14473660942875693,0.1447366094693602,0.14473660948864323,0.1447366094693602,0.1447366094491604,0.1447366094693602,0.14473660948864306,0.14357153059396652,0.14357153056862829,0.1435715305423782,0.14357153056862829,0.14357153059396652,0.14357153056862829,0.1435715305158174,0.14357153043332677,0.1435715305158174,0.14357153056862829,0.1435715305423782,0.14357153043332677,0.14357153009374019,0.14357153043332677,0.1435715305423782,0.14357153056862829,0.1435715305158174,0.14357153043332677,0.1435715305158174,0.14357153056862829,0.14357153059396652,0.14357153056862829,0.1435715305423782,0.14357153056862829,0.14357153059396652,0.14242936437685705,0.1424293643485137,0.14242936431903916,0.1424293643485137,0.14242936437685705,0.1424293643485137,0.1424293642891231,0.1424293641967476,0.1424293642891231,0.1424293643485137,0.14242936431903916,0.1424293641967476,0.14242936382111665,0.1424293641967476,0.14242936431903916,0.1424293643485137,0.1424293642891231,0.1424293641967476,0.1424293642891231,0.1424293643485137,0.14242936437685705,0.1424293643485137,0.14242936431903916,0.1424293643485137,0.14242936437685705,0.14130960282213867,0.14130960279469296,0.1413096027648467,0.14130960279469296,0.14130960282213867,0.14130960279469296,0.14130960273422546,0.14130960263453618,0.14130960273422546,0.14130960279469296,0.1413096027648467,0.14130960263453618,0.14130960220676986,0.14130960263453618,0.1413096027648467,0.14130960279469296,0.14130960273422546,0.14130960263453618,0.14130960273422546,0.14130960279469296,0.14130960282213867,0.14130960279469296,0.1413096027648467,0.14130960279469296,0.14130960282213867,0.14021174710232315,0.14021174708400708,0.14021174706176887,0.14021174708400708,0.14021174710232315,0.14021174708400708,0.14021174703849554,0.14021174695154429,0.14021174703849554,0.14021174708400708,0.14021174706176887,0.14021174695154429,0.1402117465140746,0.14021174695154429,0.14021174706176887,0.14021174708400708,0.14021174703849554,0.14021174695154429,0.14021174703849554,0.14021174708400708,0.14021174710232315,0.14021174708400708,0.14021174706176887,0.14021174708400708,0.14021174710232315,0.13913530769769883,0.13913530770183488,0.13913530770413193,0.13913530770183488,0.13913530769769883,0.13913530770183488,0.1391353077059747,0.13913530770455534,0.1391353077059747,0.13913530770183488,0.13913530770413193,0.13913530770455534,0.13913530768080062,0.13913530770455534,0.13913530770413193,0.13913530770183488,0.1391353077059747,0.13913530770455534,0.1391353077059747,0.13913530770183488,0.13913530769769883,0.13913530770183488,0.13913530770413193,0.13913530770183488,0.13913530769769883,0.13807980447882168,0.13807980451185356,0.13807980454567118,0.13807980451185356,0.13807980447882168,0.13807980451185356,0.13807980458011318,0.1380798046758314,0.13807980458011318,0.13807980451185356,0.13807980454567118,0.1380798046758314,0.13807980495066738,0.1380798046758314,0.13807980454567118,0.13807980451185356,0.13807980458011318,0.1380798046758314,0.13807980458011318,0.13807980451185356,0.13807980447882168,0.13807980451185356,0.13807980454567118,0.13807980451185356,0.13807980447882168,0.1370447667812245,0.13704476684044667,0.13704476691291986,0.13704476684044667,0.1370447667812245,0.13704476684044667,0.13704476698823229,0.13704476728727646,0.13704476698823229,0.13704476684044667,0.13704476691291986,0.13704476728727646,0.13704476895111992,0.13704476728727646,0.13704476691291986,0.13704476684044667,0.13704476698823229,0.13704476728727646,0.13704476698823229,0.13704476684044667,0.1370447667812245,0.13704476684044667,0.13704476691291986,0.13704476684044667,0.1370447667812245,0.13602973345588829,0.1360297334977029,0.13602973353878767,0.13602973349770275,0.13602973345588829,0.1360297334977029,0.1360297335800709,0.13602973369059373,0.1360297335800709,0.13602973349770275,0.13602973353878767,0.13602973369059373,0.13602973399797863,0.13602973369059373,0.13602973353878767,0.13602973349770275,0.1360297335800709,0.13602973369059373,0.1360297335800709,0.1360297334977029,0.13602973345588829,0.13602973349770275,0.13602973353878767,0.1360297334977029,0.13602973345588829,0.13503425295934157,0.1350342529856267,0.13503425300736424,0.1350342529856267,0.13503425295934157,0.1350342529856267,0.13503425302801947,0.13503425307012717,0.13503425302801947,0.1350342529856267,0.13503425300736424,0.13503425307012717,0.13503425314681153,0.13503425307012717,0.13503425300736424,0.1350342529856267,0.13503425302801947,0.13503425307012717,0.13503425302801947,0.1350342529856267,0.13503425295934157,0.1350342529856267,0.13503425300736424,0.1350342529856267,0.13503425295934157
0.1653324875909908,0.1653324875909908,0.1653324875909908,0.1653324875909908,0.1653324875909908,0.1653324875909908,0.1653324875909906,0.1653324875909906,0.1653324875909908,0.1653324875909908,0.1653324875909908,0.1653324875909906,0.1653324875909906,0.1653324875909908,0.1653324875909908,0.1653324875909908,0.1653324875909908,0.1653324875909908,0.1653324875909906,0.1653324875909908,0.1653324875909908,0.1653324875909908,0.1653324875909908,0.1653324875909908,0.1653324875909908,0.1637574938761135,0.1637574938761135,0.1637574938761135,0.1637574938761135,0.1637574938761135,0.1637574938761135,0.1637574938761135,0.1637574938761135,0.1637574938761135,0.1637574938761135,0.1637574938761135,0.1637574938761135,0.1637574938761135,0.1637574938761135,0.1637574938761135,0.1637574938761135,0.1637574938761135,0.1637574938761135,0.1637574938761135,0.1637574938761135,0.1637574938761135,0.1637574938761135,0.1637574938761135,0.1637574938761135,0.1637574938761135,0.16221388409309798,0.16221388409309798,0.16221388409309798,0.16221388409309798,0.16221388409309798,0.16221388409309798,0.16221388409309798,0.16221388409309798,0.16221388409309798,0.16221388409309798,0.16221388409309798,0.16221388409309798,0.16221388409309798,0.16221388409309798,0.16221388409309798,0.16221388409309798,0.16221388409309798,0.16221388409309798,0.16221388409309798,0.16221388409309798,0.16221388409309798,0.16221388409309798,0.16221388409309798,0.16221388409309798,0.16221388409309798,0.16070106719898566,0.16070106719898566,0.16070106719898566,0.16070106719898566,0.16070106719898566,0.16070106719898566,0.16070106719898547,0.16070106719898547,0.16070106719898547,0.16070106719898566,0.16070106719898566,0.16070106719898547,0.16070106719898547,0.16070106719898547,0.16070106719898566,0.16070106719898566,0.16070106719898547,0.16070106719898547,0.16070106719898547,0.16070106719898566,0.16070106719898566,0.16070106719898566,0.16070106719898566,0.16070106719898566,0.16070106719898566,0.15921845156875558,0.15921845156875536,0.15921845156875514,0.15921845156875536,0.15921845156875558,0.15921845156875536,0.15921845156875514,0.15921845156875492,0.15921845156875514,0.15921845156875536,0.15921845156875514,0.15921845156875492,0.15921845156875472,0.15921845156875492,0.15921845156875514,0.15921845156875536,0.15921845156875514,0.15921845156875492,0.15921845156875514,0.15921845156875536,0.15921845156875558,0.15921845156875536,0.15921845156875514,0.15921845156875536,0.15921845156875558,0.1577654463471755,0.15776544634717465,0.15776544634717424,0.15776544634717465,0.1577654463471755,0.15776544634717465,0.15776544634717382,0.15776544634717338,0.15776544634717382,0.15776544634717465,0.15776544634717424,0.15776544634717338,0.15776544634717274,0.15776544634717338,0.15776544634717424,0.15776544634717465,0.15776544634717382,0.15776544634717338,0.15776544634717382,0.15776544634717465,0.1577654463471755,0.15776544634717465,0.15776544634717424,0.15776544634717465,0.1577654463471755,0.1563414626631259,0.1563414626631232,0.15634146266312174,0.1563414626631232,0.1563414626631259,0.1563414626631232,0.1563414626631205,0.15634146266311882,0.1563414626631205,0.1563414626631232,0.15634146266312174,0.15634146266311882,0.1563414626631171,0.15634146266311882,0.15634146266312174,0.1563414626631232,0.1563414626631205,0.15634146266311882,0.1563414626631205,0.1563414626631232,0.1563414626631259,0.1563414626631232,0.15634146266312174,0.1563414626631232,0.1563414626631259,0.15494591471666144,0.15494591471665323,0.1549459147166481,0.15494591471665323,0.15494591471666144,0.15494591471665323,0.15494591471664462,0.1549459147166391,0.15494591471664462,0.15494591471665323,0.1549459147166481,0.1549459147166391,0.15494591471663355,0.1549459147166391,0.1549459147166481,0.15494591471665323,0.15494591471664462,0.1549459147166391,0.15494591471664462,0.15494591471665323,0.15494591471666144,0.15494591471665323,0.1549459147166481,0.15494591471665323,0.15494591471666144,0.1535782207485206,0.15357822074849567,0.15357822074847982,0.15357822074849567,0.1535782207485206,0.15357822074849567,0.15357822074846877,0.15357822074845148,0.15357822074846877,0.15357822074849567,0.15357822074847982,0.15357822074845148,0.15357822074843303,0.15357822074845148,0.15357822074847982,0.15357822074849567,0.15357822074846877,0.15357822074845148,0.15357822074846877,0.15357822074849567,0.1535782207485206,0.15357822074849567,0.15357822074847982,0.15357822074849567,0.1535782207485206,0.15223780390124433,0.15223780390116914,0.1522378039011207,0.15223780390116914,0.15223780390124433,0.15223780390116914,0.1522378039010847,0.1522378039010292,0.1522378039010847,0.15223780390116914,0.1522378039011207,0.1522378039010292,0.15223780390096836,0.1522378039010292,0.1522378039011207,0.15223780390116914,0.1522378039010847,0.1522378039010292,0.1522378039010847,0.15223780390116914,0.15223780390124433,0.15223780390116914,0.1522378039011207,0.15223780390116914,0.15223780390124433,0.15092409298052736,0.1509240929803055,0.15092409298015852,0.1509240929803055,0.15092409298052736,0.1509240929803055,0.15092409298004317,0.15092409297986217,0.15092409298004317,0.1509240929803055,0.15092409298015852,0.15092409297986217,0.1509240929796515,0.15092409297986217,0.15092409298015852,0.1509240929803055,0.15092409298004317,0.15092409297986217,0.15092409298004317,0.1509240929803055,0.15092409298052736,0.1509240929803055,0.15092409298015852,0.1509240929803055,0.15092409298052736,0.14963652312493964,0.14963652312430334,0.14963652312386413,0.14963652312430334,0.14963652312493964,0.14963652312430334,0.14963652312349787,0.14963652312290318,0.14963652312349787,0.14963652312430334,0.14963652312386413,0.14963652312290318,0.14963652312216238,0.14963652312290318,0.14963652312386413,0.14963652312430334,0.14963652312349787,0.14963652312290318,0.14963652312349787,0.14963652312430334,0.14963652312493964,0.14963652312430334,0.14963652312386413,0.14963652312430334,0.14963652312493964,0.14837453639171214,0.1483745363899667,0.14837453638868645,0.1483745363899667,0.14837453639171214,0.1483745363899667,0.1483745363875524,0.1483745363855829,0.1483745363875524,0.1483745363899667,0.14837453638868645,0.1483745363855829,0.14837453638278092,0.1483745363855829,0.14837453638868645,0.1483745363899667,0.1483745363875524,0.1483745363855829,0.1483745363875524,0.1483745363899667,0.14837453639171214,0.1483745363899667,0.14837453638868645,0.1483745363899667,0.14837453639171214,0.14713758226596294,0.1471375822614965,0.14713758225790716,0.1471375822614965,0.14713758226596294,0.1471375822614965,0.1471375822545592,0.1471375822479086,0.1471375822545592,0.1471375822614965,0.14713758225790716,0.1471375822479086,0.1471375822361837,0.1471375822479086,0.14713758225790716,0.1471375822614965,0.1471375822545592,0.1471375822479086,0.1471375822545592,0.1471375822614965,0.14713758226596294,0.1471375822614965,0.14713758225790716,0.1471375822614965,0.14713758226596294,0.1459251181004431,0.1459251180902434,0.1459251180809575,0.1459251180902434,0.1459251181004431,0.1459251180902434,0.1459251180718825,0.14592511804969496,0.1459251180718825,0.1459251180902434,0.1459251180809575,0.14592511804969496,0.1459251179942866,0.14592511804969496,0.1459251180809575,0.1459251180902434,0.1459251180718825,0.14592511804969496,0.1459251180718825,0.1459251180902434,0.1459251181004431,0.1459251180902434,0.1459251180809575,0.1459251180902434,0.1459251181004431,0.1447366094919279,0.14473660947285522,0.14473660945286942,0.14473660947285522,0.1447366094919279,0.14473660947285522,0.14473660943268063,0.14473660936706895,0.14473660943268063,0.14473660947285522,0.14473660945286942,0.14473660936706895,0.14473660906959185,0.14473660936706895,0.14473660945286942,0.14473660947285522,0.14473660943268063,0.14473660936706895,0.14473660943268063,0.14473660947285522,0.1447366094919279,0.14473660947285522,0.14473660945286942,0.14473660947285522,0.1447366094919279,0.14357153059633285,0.14357153057129593,0.14357153054535388,0.14357153057129593,0.14357153059633285,0.14357153057129593,0.14357153051910343,0.1435715304375601,0.14357153051910343,0.14357153057129593,0.14357153054535388,0.1435715304375601,0.1435715301017972,0.1435715304375601,0.14357153054535388,0.14357153057129593,0.14357153051910343,0.1435715304375601,0.14357153051910343,0.14357153057129593,0.14357153059633285,0.14357153057129593,0.14357153054535388,0.14357153057129593,0.14357153059633285,0.142429364377672,0.1424293643496997,0.142429364320611,0.1424293643496997,0.142429364377672,0.1424293643496997,0.14242936429108646,0.14242936419991944,0.14242936429108646,0.1424293643496997,0.142429364320611,0.14242936419991944,0.14242936382919424,0.14242936419991944,0.142429364320611,0.1424293643496997,0.14242936429108646,0.14242936419991944,0.14242936429108646,0.1424293643496997,0.142429364377672,0.1424293643496997,0.142429364320611,0.1424293643496997,0.142429364377672,0.14130960282061722,0.14130960279356192,0.14130960276414278,0.14130960279356192,0.14130960282061722,0.14130960279356192,0.14130960273396018,0.1413096026357101,0.14130960273396018,0.14130960279356192,0.14130960276414278,0.1413096026357101,0.14130960221418265,0.1413096026357101,0.14130960276414278,0.14130960279356192,0.14130960273396018,0.1413096026357101,0.14130960273396018,0.14130960279356192,0.14130960282061722,0.14130960279356192,0.14130960276414278,0.14130960279356192,0.14130960282061722,0.1402117470976294,0.14021174707959777,0.14021174705770384,0.14021174707959777,0.1402117470976294,0.14021174707959777,0.14021174703479045,0.14021174694918598,0.14021174703479045,0.14021174707959777,0.14021174705770384,0.14021174694918598,0.14021174651852983,0.14021174694918598,0.14021174705770384,0.14021174707959777,0.14021174703479045,0.14021174694918598,0.14021174703479045,0.14021174707959777,0.1402117470976294,0.14021174707959777,0.14021174705770384,0.14021174707959777,0.1402117470976294,0.1391353076892049,0.1391353076933161,0.13913530769561175,0.1391353076933161,0.1391353076892049,0.1391353076933161,0.13913530769745897,0.1391353076961329,0.13913530769745897,0.1391353076933161,0.13913530769561175,0.1391353076961329,0.13913530767288712,0.1391353076961329,0.13913530769561175,0.1391353076933161,0.13913530769745897,0.1391353076961329,0.13913530769745897,0.1391353076933161,0.1391353076892049,0.1391353076933161,0.13913530769561175,0.1391353076933161,0.1391353076892049,0.1380798044665286,0.1380798044991445,0.1380798045325336,0.1380798044991445,0.1380798044665286,0.1380798044991445,0.13807980456653865,0.13807980466103423,0.13807980456653865,0.1380798044991445,0.1380798045325336,0.13807980466103423,0.1380798049323367,0.13807980466103423,0.1380798045325336,0.1380798044991445,0.13807980456653865,0.13807980466103423,0.13807980456653865,0.1380798044991445,0.1380798044665286,0.1380798044991445,0.1380798045325336,0.1380798044991445,0.1380798044665286,0.13704476676593957,0.13704476682439715,0.13704476689593198,0.13704476682439715,0.13704476676593957,0.13704476682439715,0.1370447669702686,0.13704476726543027,0.1370447669702686,0.13704476682439715,0.13704476689593198,0.13704476726543027,0.137044768907652,0.13704476726543027,0.13704476689593198,0.13704476682439715,0.1370447669702686,0.13704476726543027,0.1370447669702686,0.13704476682439715,0.13704476676593957,0.13704476682439715,0.13704476689593198,0.13704476682439715,0.13704476676593957,0.13602973343914693,0.13602973348041986,0.13602973352097184,0.13602973348041986,0.13602973343914693,0.13602973348041986,0.13602973356171932,0.136029733670807,0.13602973356171932,0.13602973348041986,0.13602973352097184,0.136029733670807,0.13602973397419707,0.136029733670807,0.13602973352097184,0.13602973348041986,0.13602973356171932,0.136029733670807,0.13602973356171932,0.13602973348041986,0.13602973343914693,0.13602973348041986,0.13602973352097184,0.13602973348041986,0.13602973343914693,0.1350342529422366,0.13503425296818097,0.13503425298963642,0.13503425296818097,0.1350342529422366,0.13503425296818097,0.1350342530100236,0.13503425305158456,0.1350342530100236,0.13503425296818097,0.13503425298963642,0.13503425305158456,0.13503425312727255,0.13503425305158456,0.13503425298963642,0.13503425296818097,0.1350342530100236,0.13503425305158456,0.1350342530100236,0.13503425296818097,0.1350342529422366,0.13503425296818097,0.13503425298963642,0.13503425296818097,0.1350342529422366
0.1653324875963206,0.1653324875963206,0.1653324875963206,0.1653324875963206,0.1653324875963206,0.1653324875963206,0.1653324875963206,0.1653324875963206,0.1653324875963206,0.1653324875963206,0.1653324875963206,0.1653324875963206,0.1653324875963206,0.1653324875963206,0.1653324875963206,0.1653324875963206,0.1653324875963206,0.1653324875963206,0.1653324875963206,0.1653324875963206,0.1653324875963206,0.1653324875963206,0.1653324875963206,0.1653324875963206,0.1653324875963206,0.16375749388133576,0.16375749388133576,0.16375749388133576,0.16375749388133576,0.16375749388133576,0.16375749388133576,0.16375749388133576,0.16375749388133576,0.16375749388133576,0.16375749388133576,0.16375749388133576,0.16375749388133576,0.16375749388133576,0.16375749388133576,0.16375749388133576,0.16375749388133576,0.16375749388133576,0.16375749388133576,0.16375749388133576,0.16375749388133576,0.16375749388133576,0.16375749388133576,0.16375749388133576,0.16375749388133576,0.16375749388133576,0.1622138840982134,0.1622138840982134,0.1622138840982134,0.1622138840982134,0.1622138840982134,0.1622138840982134,0.1622138840982134,0.1622138840982134,0.1622138840982134,0.1622138840982134,0.1622138840982134,0.1622138840982134,0.1622138840982134,0.1622138840982134,0.1622138840982134,0.1622138840982134,0.1622138840982134,0.1622138840982134,0.1622138840982134,0.1622138840982134,0.1622138840982134,0.1622138840982134,0.1622138840982134,0.1622138840982134,0.1622138840982134,0.1607010672039952,0.1607010672039952,0.1607010672039952,0.1607010672039952,0.1607010672039952,0.1607010672039952,0.160701067203995,0.160701067203995,0.160701067203995,0.1607010672039952,0.1607010672039952,0.160701067203995,0.160701067203995,0.160701067203995,0.1607010672039952,0.1607010672039952,0.160701067203995,0.160701067203995,0.160701067203995,0.1607010672039952,0.1607010672039952,0.1607010672039952,0.1607010672039952,0.1607010672039952,0.1607010672039952,0.15921845157365985,0.15921845157365966,0.15921845157365944,0.15921845157365966,0.15921845157365985,0.15921845157365966,0.15921845157365944,0.15921845157365921,0.15921845157365944,0.15921845157365966,0.15921845157365944,0.15921845157365921,0.159218451573659,0.15921845157365921,0.15921845157365944,0.15921845157365966,0.15921845157365944,0.15921845157365921,0.15921845157365944,0.15921845157365966,0.15921845157365985,0.15921845157365966,0.15921845157365944,0.15921845157365966,0.15921845157365985,0.15776544635197545,0.1577654463519746,0.15776544635197415,0.1577654463519746,0.15776544635197545,0.1577654463519746,0.15776544635197373,0.15776544635197332,0.15776544635197373,0.1577654463519746,0.15776544635197415,0.15776544635197332,0.15776544635197265,0.15776544635197332,0.15776544635197415,0.1577654463519746,0.15776544635197373,0.15776544635197332,0.15776544635197373,0.1577654463519746,0.15776544635197545,0.1577654463519746,0.15776544635197415,0.1577654463519746,0.15776544635197545,0.15634146266782226,0.15634146266781954,0.15634146266781787,0.15634146266781954,0.15634146266782226,0.15634146266781954,0.15634146266781682,0.15634146266781512,0.15634146266781682,0.15634146266781954,0.15634146266781787,0.15634146266781512,0.15634146266781346,0.15634146266781512,0.15634146266781787,0.15634146266781954,0.15634146266781682,0.15634146266781512,0.15634146266781682,0.15634146266781954,0.15634146266782226,0.15634146266781954,0.15634146266781787,0.15634146266781954,0.15634146266782226,0.15494591472125457,0.15494591472124658,0.15494591472124147,0.15494591472124658,0.15494591472125457,0.15494591472124658,0.15494591472123798,0.15494591472123265,0.15494591472123798,0.15494591472124658,0.15494591472124147,0.15494591472123265,0.1549459147212269,0.15494591472123265,0.15494591472124147,0.15494591472124658,0.15494591472123798,0.15494591472123265,0.15494591472123798,0.15494591472124658,0.15494591472125457,0.15494591472124658,0.15494591472124147,0.15494591472124658,0.15494591472125457,0.15357822075301142,0.15357822075298674,0.1535782207529711,0.15357822075298674,0.15357822075301142,0.15357822075298674,0.15357822075296002,0.15357822075294295,0.15357822075296002,0.15357822075298674,0.1535782207529711,0.15357822075294295,0.15357822075292468,0.15357822075294295,0.1535782207529711,0.15357822075298674,0.15357822075296002,0.15357822075294295,0.15357822075296002,0.15357822075298674,0.15357822075301142,0.15357822075298674,0.1535782207529711,0.15357822075298674,0.15357822075301142,0.15223780390563288,0.15223780390555847,0.15223780390551064,0.15223780390555847,0.15223780390563288,0.15223780390555847,0.15223780390547503,0.1522378039054199,0.15223780390547503,0.15223780390555847,0.15223780390551064,0.1522378039054199,0.15223780390535965,0.1522378039054199,0.15223780390551064,0.15223780390555847,0.15223780390547503,0.1522378039054199,0.15223780390547503,0.15223780390555847,0.15223780390563288,0.15223780390555847,0.15223780390551064,0.15223780390555847,0.15223780390563288,0.1509240929848131,0.15092409298459356,0.1509240929844479,0.15092409298459356,0.1509240929848131,0.15092409298459356,0.15092409298433368,0.1509240929841543,0.15092409298433368,0.15092409298459356,0.1509240929844479,0.1509240929841543,0.15092409298394574,0.1509240929841543,0.1509240929844479,0.15092409298459356,0.15092409298433368,0.1509240929841543,0.15092409298433368,0.15092409298459356,0.1509240929848131,0.15092409298459356,0.1509240929844479,0.15092409298459356,0.1509240929848131,0.14963652312911893,0.1496365231284889,0.14963652312805403,0.1496365231284889,0.14963652312911893,0.1496365231284889,0.14963652312769135,0.14963652312710254,0.14963652312769135,0.1496365231284889,0.14963652312805403,0.14963652312710254,0.1496365231263691,0.14963652312710254,0.14963652312805403,0.1496365231284889,0.14963652312769135,0.14963652312710254,0.14963652312769135,0.1496365231284889,0.14963652312911893,0.1496365231284889,0.14963652312805403,0.1496365231284889,0.14963652312911893,0.14837453639577253,0.14837453639404488,0.14837453639277742,0.14837453639404488,0.14837453639577253,0.14837453639404488,0.14837453639165452,0.14837453638970444,0.14837453639165452,0.14837453639404488,0.14837453639277742,0.14837453638970444,0.14837453638692952,0.14837453638970444,0.14837453639277742,0.14837453639404488,0.14837453639165452,0.14837453638970444,0.14837453639165452,0.14837453639404488,0.14837453639577253,0.14837453639404488,0.14837453639277742,0.14837453639404488,0.14837453639577253,0.14713758226986928,0.1471375822654483,0.1471375822618949,0.1471375822654483,0.14713758226986928,0.1471375822654483,0.14713758225858017,0.14713758225199497,0.14713758225858017,0.1471375822654483,0.1471375822618949,0.14713758225199497,0.14713758224038323,0.14713758225199497,0.1471375822618949,0.1471375822654483,0.14713758225858017,0.14713758225199497,0.14713758225858017,0.1471375822654483,0.14713758226986928,0.1471375822654483,0.1471375822618949,0.1471375822654483,0.14713758226986928,0.14592511810410175,0.1459251180940075,0.14592511808481565,0.1459251180940075,0.14592511810410175,0.1459251180940075,0.1459251180758321,0.14592511805386255,0.1459251180758321,0.1459251180940075,0.14592511808481565,0.14592511805386255,0.14592511799898372,0.14592511805386255,0.14592511808481565,0.1459251180940075,0.1459251180758321,0.14592511805386255,0.1459251180758321,0.1459251180940075,0.14592511810410175,0.1459251180940075,0.14592511808481565,0.1459251180940075,0.14592511810410175,0.14473660949512007,0.14473660947625178,0.14473660945647404,0.14473660947625178,0.14473660949512007,0.14473660947625178,0.14473660943649402,0.14473660937153354,0.14473660943649402,0.14473660947625178,0.14473660945647404,0.14473660937153354,0.14473660907690375,0.14473660937153354,0.14473660945647404,0.14473660947625178,0.14473660943649402,0.14473660937153354,0.14473660943649402,0.14473660947625178,0.14473660949512007,0.14473660947625178,0.14473660945647404,0.14473660947625178,0.14473660949512007,0.14357153059863226,0.14357153057388813,0.1435715305482455,0.14357153057388813,0.14357153059863226,0.14357153057388813,0.14357153052229674,0.14357153044167414,0.14357153052229674,0.14357153057388813,0.1435715305482455,0.14357153044167414,0.14357153010960289,0.14357153044167414,0.1435715305482455,0.14357153057388813,0.14357153052229674,0.14357153044167414,0.14357153052229674,0.14357153057388813,0.14357153059863226,0.14357153057388813,0.1435715305482455,0.14357153057388813,0.14357153059863226,0.14242936437846396,0.142429364350852,0.14242936432213804,0.142429364350852,0.14242936437846396,0.142429364350852,0.1424293642929938,0.1424293642030009,0.1424293642929938,0.142429364350852,0.14242936432213804,0.1424293642030009,0.1424293638370499,0.1424293642030009,0.14242936432213804,0.142429364350852,0.1424293642929938,0.1424293642030009,0.1424293642929938,0.142429364350852,0.14242936437846396,0.142429364350852,0.14242936432213804,0.142429364350852,0.14242936437846396,0.14130960281913885,0.14130960279246263,0.14130960276345828,0.14130960279246263,0.14130960281913885,0.14130960279246263,0.14130960273370194,0.14130960263684972,0.14130960273370194,0.14130960279246263,0.14130960276345828,0.14130960263684972,0.14130960222135813,0.14130960263684972,0.14130960276345828,0.14130960279246263,0.14130960273370194,0.14130960263684972,0.14130960273370194,0.14130960279246263,0.14130960281913885,0.14130960279246263,0.14130960276345828,0.14130960279246263,0.14130960281913885,0.140211747093069,0.14021174707531345,0.14021174705375378,0.14021174707531345,0.140211747093069,0.14021174707531345,0.14021174703119002,0.14021174694689312,0.14021174703119002,0.14021174707531345,0.14021174705375378,0.14021174694689312,0.14021174652284787,0.14021174694689312,0.14021174705375378,0.14021174707531345,0.14021174703119002,0.14021174694689312,0.14021174703119002,0.14021174707531345,0.140211747093069,0.14021174707531345,0.14021174705375378,0.14021174707531345,0.140211747093069,0.1391353076809524,0.13913530768503946,0.1391353076873335,0.13913530768503946,0.1391353076809524,0.13913530768503946,0.13913530768918514,0.13913530768794918,0.13913530768918514,0.13913530768503946,0.1391353076873335,0.13913530768794918,0.13913530766519766,0.13913530768794918,0.1391353076873335,0.13913530768503946,0.13913530768918514,0.13913530768794918,0.13913530768918514,0.13913530768503946,0.1391353076809524,0.13913530768503946,0.1391353076873335,0.13913530768503946,0.1391353076809524,0.1380798044545853,0.138079804486797,0.1380798045197698,0.138079804486797,0.1380798044545853,0.138079804486797,0.13807980455335023,0.13807980464665787,0.13807980455335023,0.138079804486797,0.1380798045197698,0.13807980464665787,0.13807980491452737,0.13807980464665787,0.1380798045197698,0.138079804486797,0.13807980455335023,0.13807980464665787,0.13807980455335023,0.138079804486797,0.1380798044545853,0.138079804486797,0.1380798045197698,0.138079804486797,0.1380798044545853,0.1370447667510897,0.13704476680880437,0.13704476687942757,0.13704476680880437,0.1370447667510897,0.13704476680880437,0.1370447669528164,0.13704476724420597,0.1370447669528164,0.13704476680880437,0.13704476687942757,0.13704476724420597,0.13704476886540706,0.13704476724420597,0.13704476687942757,0.13704476680880437,0.1370447669528164,0.13704476724420597,0.1370447669528164,0.13704476680880437,0.1370447667510897,0.13704476680880437,0.13704476687942757,0.13704476680880437,0.1370447667510897,0.1360297334228821,0.13602973346362884,0.13602973350366315,0.13602973346362884,0.1360297334228821,0.13602973346362884,0.13602973354389036,0.13602973365158375,0.13602973354389036,0.13602973346362884,0.13602973350366315,0.13602973365158375,0.13602973395109275,0.13602973365158375,0.13602973350366315,0.13602973346362884,0.13602973354389036,0.13602973365158375,0.13602973354389036,0.13602973346362884,0.1360297334228821,0.13602973346362884,0.13602973350366315,0.13602973346362884,0.1360297334228821,0.13503425292561871,0.1350342529512319,0.13503425297241342,0.1350342529512319,0.13503425292561871,0.1350342529512319,0.13503425299254013,0.13503425303356997,0.13503425299254013,0.1350342529512319,0.13503425297241342,0.13503425303356997,0.13503425310829,0.13503425303356997,0.13503425297241342,0.1350342529512319,0.13503425299254013,0.13503425303356997,0.13503425299254013,0.1350342529512319,0.13503425292561871,0.1350342529512319,0.13503425297241342,0.1350342529512319,0.13503425292561871
0.16533248760149982,0.16533248760149982,0.16533248760149982,0.16533248760149982,0.16533248760149982,0.16533248760149982,0.16533248760149982,0.16533248760149982,0.16533248760149982,0.16533248760149982,0.16533248760149982,0.16533248760149982,0.16533248760149982,0.16533248760149982,0.16533248760149982,0.16533248760149982,0.16533248760149982,0.16533248760149982,0.16533248760149982,0.16533248760149982,0.16533248760149982,0.16533248760149982,0.16533248760149982,0.16533248760149982,0.16533248760149982,0.16375749388641067,0.16375749388641045,0.16375749388641045,0.16375749388641045,0.16375749388641067,0.16375749388641045,0.16375749388641045,0.16375749388641045,0.16375749388641045,0.16375749388641045,0.16375749388641045,0.16375749388641045,0.16375749388641045,0.16375749388641045,0.16375749388641045,0.16375749388641045,0.16375749388641045,0.16375749388641045,0.16375749388641045,0.16375749388641067,0.16375749388641067,0.16375749388641045,0.16375749388641045,0.16375749388641067,0.16375749388641067,0.16221388410318466,0.16221388410318466,0.16221388410318466,0.16221388410318466,0.16221388410318466,0.16221388410318466,0.16221388410318466,0.16221388410318466,0.16221388410318466,0.16221388410318466,0.16221388410318466,0.16221388410318466,0.16221388410318466,0.16221388410318466,0.16221388410318466,0.16221388410318466,0.16221388410318466,0.16221388410318466,0.16221388410318466,0.16221388410318466,0.16221388410318466,0.16221388410318466,0.16221388410318466,0.16221388410318466,0.16221388410318466,0.16070106720886349,0.16070106720886349,0.16070106720886349,0.16070106720886349,0.16070106720886349,0.16070106720886349,0.16070106720886349,0.16070106720886326,0.16070106720886349,0.16070106720886349,0.16070106720886349,0.16070106720886326,0.16070106720886326,0.16070106720886326,0.16070106720886349,0.16070106720886349,0.16070106720886349,0.16070106720886326,0.16070106720886349,0.16070106720886349,0.16070106720886349,0.16070106720886349,0.16070106720886349,0.16070106720886349,0.16070106720886349,0.15921845157842612,0.15921845157842587,0.1592184515784257,0.15921845157842587,0.15921845157842612,0.15921845157842587,0.1592184515784257,0.15921845157842549,0.1592184515784257,0.15921845157842587,0.1592184515784257,0.15921845157842549,0.15921845157842526,0.15921845157842549,0.1592184515784257,0.15921845157842587,0.1592184515784257,0.15921845157842549,0.1592184515784257,0.15921845157842587,0.15921845157842612,0.15921845157842587,0.1592184515784257,0.15921845157842587,0.15921845157842612,0.1577654463566403,0.15776544635663944,0.15776544635663903,0.15776544635663944,0.1577654463566403,0.15776544635663944,0.1577654463566386,0.1577654463566382,0.1577654463566386,0.15776544635663944,0.15776544635663903,0.1577654463566382,0.15776544635663753,0.1577654463566382,0.15776544635663903,0.15776544635663944,0.1577654463566386,0.1577654463566382,0.1577654463566386,0.15776544635663944,0.1577654463566403,0.15776544635663944,0.15776544635663903,0.15776544635663944,0.1577654463566403,0.1563414626723864,0.1563414626723837,0.15634146267238203,0.1563414626723837,0.1563414626723864,0.1563414626723837,0.156341462672381,0.1563414626723793,0.156341462672381,0.1563414626723837,0.15634146267238203,0.1563414626723793,0.15634146267237764,0.1563414626723793,0.15634146267238203,0.1563414626723837,0.156341462672381,0.1563414626723793,0.156341462672381,0.1563414626723837,0.1563414626723864,0.1563414626723837,0.15634146267238203,0.1563414626723837,0.1563414626723864,0.1549459147257188,0.15494591472571062,0.15494591472570568,0.15494591472571062,0.1549459147257188,0.15494591472571062,0.1549459147257022,0.15494591472569688,0.1549459147257022,0.15494591472571062,0.15494591472570568,0.15494591472569688,0.15494591472569133,0.15494591472569688,0.15494591472570568,0.15494591472571062,0.1549459147257022,0.15494591472569688,0.1549459147257022,0.15494591472571062,0.1549459147257188,0.15494591472571062,0.15494591472570568,0.15494591472571062,0.1549459147257188,0.15357822075737615,0.15357822075735167,0.1535782207573362,0.15357822075735167,0.15357822075737615,0.15357822075735167,0.15357822075732516,0.1535782207573083,0.15357822075732516,0.15357822075735167,0.1535782207573362,0.1535782207573083,0.15357822075729022,0.1535782207573083,0.1535782207573362,0.15357822075735167,0.15357822075732516,0.1535782207573083,0.15357822075732516,0.15357822075735167,0.15357822075737615,0.15357822075735167,0.1535782207573362,0.15357822075735167,0.15357822075737615,0.15223780390989855,0.15223780390982478,0.15223780390977731,0.15223780390982478,0.15223780390989855,0.15223780390982478,0.1522378039097421,0.15223780390968755,0.1522378039097421,0.15223780390982478,0.15223780390977731,0.15223780390968755,0.1522378039096277,0.15223780390968755,0.15223780390977731,0.15223780390982478,0.1522378039097421,0.15223780390968755,0.1522378039097421,0.15223780390982478,0.15223780390989855,0.15223780390982478,0.15223780390977731,0.15223780390982478,0.15223780390989855,0.15092409298897902,0.1509240929887614,0.1509240929886171,0.1509240929887614,0.15092409298897902,0.1509240929887614,0.15092409298850423,0.15092409298832635,0.15092409298850404,0.1509240929887614,0.1509240929886171,0.15092409298832635,0.15092409298811993,0.15092409298832635,0.1509240929886171,0.1509240929887614,0.15092409298850404,0.15092409298832635,0.15092409298850423,0.1509240929887614,0.15092409298897902,0.1509240929887614,0.1509240929886171,0.1509240929887614,0.15092409298897902,0.1496365231331814,0.14963652313255743,0.1496365231321269,0.14963652313255743,0.1496365231331814,0.14963652313255743,0.14963652313176765,0.1496365231311847,0.14963652313176765,0.14963652313255743,0.1496365231321269,0.1496365231311847,0.14963652313045822,0.1496365231311847,0.1496365231321269,0.14963652313255743,0.14963652313176765,0.1496365231311847,0.14963652313176765,0.14963652313255743,0.1496365231331814,0.14963652313255743,0.1496365231321269,0.14963652313255743,0.1496365231331814,0.14837453639971987,0.14837453639800907,0.14837453639675402,0.14837453639800907,0.14837453639971987,0.14837453639800907,0.14837453639564224,0.1483745363937109,0.14837453639564224,0.14837453639800907,0.14837453639675402,0.1483745363937109,0.14837453639096265,0.1483745363937109,0.14837453639675402,0.14837453639800907,0.14837453639564224,0.1483745363937109,0.14837453639564224,0.14837453639800907,0.14837453639971987,0.14837453639800907,0.14837453639675402,0.14837453639800907,0.14837453639971987,0.14713758227366663,0.14713758226928994,0.14713758226577162,0.14713758226928994,0.14713758227366663,0.14713758226928994,0.14713758226248946,0.1471375822559676,0.14713758226248946,0.14713758226928994,0.14713758226577162,0.1471375822559676,0.147137582244466,0.1471375822559676,0.14713758226577162,0.14713758226928994,0.14713758226248946,0.1471375822559676,0.14713758226248946,0.14713758226928994,0.14713758227366663,0.14713758226928994,0.14713758226577162,0.14713758226928994,0.14713758227366663,0.14592511810765857,0.1459251180976669,0.14592511808856673,0.1459251180976669,0.14592511810765857,0.1459251180976669,0.14592511807967207,0.14592511805791458,0.14592511807967207,0.1459251180976669,0.14592511808856673,0.14592511805791458,0.14592511800355107,0.14592511805791458,0.14592511808856673,0.1459251180976669,0.14592511807967207,0.14592511805791458,0.14592511807967207,0.1459251180976669,0.14592511810765857,0.1459251180976669,0.14592511808856673,0.1459251180976669,0.14592511810765857,0.14473660949822356,0.14473660947955408,0.14473660945997865,0.14473660947955408,0.14473660949822356,0.14473660947955408,0.14473660944020147,0.1447366093758746,0.14473660944020147,0.14473660947955408,0.14473660945997865,0.1447366093758746,0.1447366090839648,0.1447366093758746,0.14473660945997865,0.14473660947955408,0.14473660944020147,0.1447366093758746,0.14473660944020147,0.14473660947955408,0.14473660949822356,0.14473660947955408,0.14473660945997865,0.14473660947955408,0.14473660949822356,0.14357153060086766,0.14357153057640848,0.14357153055105654,0.14357153057640848,0.14357153060086766,0.14357153057640848,0.14357153052540123,0.14357153044567356,0.14357153052540123,0.14357153057640848,0.14357153055105654,0.14357153044567356,0.14357153011722046,0.14357153044567356,0.14357153055105654,0.14357153057640848,0.14357153052540123,0.14357153044567356,0.14357153052540123,0.14357153057640848,0.14357153060086766,0.14357153057640848,0.14357153055105654,0.14357153057640848,0.14357153060086766,0.14242936437923379,0.14242936435197204,0.14242936432362246,0.14242936435197204,0.14242936437923379,0.14242936435197204,0.14242936429484782,0.14242936420599578,0.14242936429484782,0.14242936435197204,0.14242936432362246,0.14242936420599578,0.1424293638446784,0.14242936420599578,0.14242936432362246,0.14242936435197204,0.14242936429484782,0.14242936420599578,0.14242936429484782,0.14242936435197204,0.14242936437923379,0.14242936435197204,0.14242936432362246,0.14242936435197204,0.14242936437923379,0.14130960281770155,0.14130960279139393,0.14130960276279267,0.14130960279139393,0.14130960281770155,0.14130960279139393,0.14130960273345033,0.14130960263795625,0.14130960273345033,0.14130960279139393,0.14130960276279267,0.14130960263795625,0.14130960222833364,0.14130960263795625,0.14130960276279267,0.14130960279139393,0.14130960273345033,0.14130960263795625,0.14130960273345033,0.14130960279139393,0.14130960281770155,0.14130960279139393,0.14130960276279267,0.14130960279139393,0.14130960281770155,0.140211747088636,0.14021174707114878,0.14021174704991385,0.14021174707114878,0.140211747088636,0.14021174707114878,0.14021174702768968,0.14021174694466332,0.14021174702768968,0.14021174707114878,0.14021174704991385,0.14021174694466332,0.14021174652705384,0.14021174694466332,0.14021174704991385,0.14021174707114878,0.14021174702768968,0.14021174694466332,0.14021174702768968,0.14021174707114878,0.140211747088636,0.14021174707114878,0.14021174704991385,0.14021174707114878,0.140211747088636,0.13913530767293109,0.13913530767699456,0.13913530767928703,0.13913530767699456,0.13913530767293109,0.13913530767699456,0.13913530768114293,0.1391353076799944,0.13913530768114293,0.13913530767699456,0.13913530767928703,0.1391353076799944,0.13913530765772245,0.1391353076799944,0.13913530767928703,0.13913530767699456,0.13913530768114293,0.1391353076799944,0.13913530768114293,0.13913530767699456,0.13913530767293109,0.13913530767699456,0.13913530767928703,0.13913530767699456,0.13913530767293109,0.13807980444297688,0.1380798044747957,0.138079804507364,0.1380798044747957,0.13807980444297688,0.1380798044747957,0.13807980454053156,0.1380798046326846,0.13807980454053156,0.1380798044747957,0.138079804507364,0.1380798046326846,0.13807980489721763,0.1380798046326846,0.138079804507364,0.1380798044747957,0.13807980454053156,0.1380798046326846,0.13807980454053156,0.1380798044747957,0.13807980444297688,0.1380798044747957,0.138079804507364,0.1380798044747957,0.13807980444297688,0.13704476673665636,0.13704476679364905,0.1370447668633863,0.13704476679364905,0.13704476673665636,0.13704476679364905,0.13704476693585374,0.13704476722357747,0.13704476693585374,0.13704476679364905,0.1370447668633863,0.13704476722357747,0.13704476882435854,0.13704476722357747,0.1370447668633863,0.13704476679364905,0.13704476693585374,0.13704476722357747,0.13704476693585374,0.13704476679364905,0.13704476673665636,0.13704476679364905,0.1370447668633863,0.13704476679364905,0.13704476673665636,0.13602973340707383,0.13602973344730915,0.13602973348684036,0.13602973344730915,0.13602973340707383,0.13602973344730915,0.13602973352656184,0.1360297336329,0.13602973352656184,0.13602973344730915,0.13602973348684036,0.1360297336329,0.13602973392863704,0.1360297336329,0.13602973348684036,0.13602973344730915,0.13602973352656184,0.1360297336329,0.13602973352656184,0.13602973344730915,0.13602973340707383,0.13602973344730915,0.13602973348684036,0.13602973344730915,0.13602973340707383,0.13503425290946738,0.13503425293475865,0.1350342529556739,0.13503425293475865,0.13503425290946738,0.13503425293475865,0.13503425297554747,0.1350342530160611,0.13503425297554747,0.13503425293475865,0.1350342529556739,0.1350342530160611,0.1350342530898402,0.1350342530160611,0.1350342529556739,0.13503425293475865,0.13503425297554747,0.1350342530160611,0.13503425297554747,0.13503425293475865,0.13503425290946738,0.13503425293475865,0.1350342529556739,0.13503425293475865,0.13503425290946738
0.1653324876065351,0.1653324876065351,0.1653324876065351,0.1653324876065351,0.1653324876065351,0.1653324876065351,0.1653324876065351,0.1653324876065351,0.1653324876065351,0.1653324876065351,0.1653324876065351,0.1653324876065351,0.1653324876065351,0.1653324876065351,0.1653324876065351,0.1653324876065351,0.1653324876065351,0.1653324876065351,0.1653324876065351,0.1653324876065351,0.1653324876065351,0.1653324876065351,0.1653324876065351,0.1653324876065351,0.1653324876065351,0.16375749389134428,0.16375749389134428,0.16375749389134428,0.16375749389134428,0.16375749389134428,0.16375749389134428,0.16375749389134428,0.16375749389134428,0.16375749389134428,0.16375749389134428,0.16375749389134428,0.16375749389134428,0.16375749389134428,0.16375749389134428,0.16375749389134428,0.16375749389134428,0.16375749389134428,0.16375749389134428,0.16375749389134428,0.16375749389134428,0.16375749389134428,0.16375749389134428,0.16375749389134428,0.16375749389134428,0.16375749389134428,0.16221388410801763,0.16221388410801763,0.16221388410801763,0.16221388410801763,0.16221388410801763,0.16221388410801763,0.16221388410801763,0.1622138841080174,0.16221388410801763,0.16221388410801763,0.16221388410801763,0.1622138841080174,0.1622138841080174,0.1622138841080174,0.16221388410801763,0.16221388410801763,0.16221388410801763,0.1622138841080174,0.1622138841080174,0.16221388410801763,0.16221388410801763,0.16221388410801763,0.16221388410801763,0.16221388410801763,0.16221388410801763,0.16070106721359642,0.16070106721359642,0.1607010672135962,0.16070106721359642,0.16070106721359642,0.16070106721359642,0.1607010672135962,0.1607010672135962,0.1607010672135962,0.16070106721359642,0.1607010672135962,0.1607010672135962,0.1607010672135962,0.1607010672135962,0.1607010672135962,0.16070106721359642,0.1607010672135962,0.1607010672135962,0.1607010672135962,0.16070106721359642,0.16070106721359642,0.16070106721359642,0.1607010672135962,0.16070106721359642,0.16070106721359642,0.1592184515830598,0.15921845158305956,0.15921845158305936,0.15921845158305956,0.1592184515830598,0.15921845158305956,0.15921845158305936,0.15921845158305914,0.15921845158305936,0.15921845158305956,0.15921845158305936,0.15921845158305914,0.15921845158305892,0.15921845158305914,0.15921845158305936,0.15921845158305956,0.15921845158305936,0.15921845158305914,0.15921845158305936,0.15921845158305956,0.1592184515830598,0.15921845158305956,0.15921845158305936,0.15921845158305956,0.1592184515830598,0.15776544636117545,0.1577654463611746,0.15776544636117415,0.1577654463611746,0.15776544636117545,0.1577654463611746,0.15776544636117373,0.15776544636117332,0.15776544636117373,0.1577654463611746,0.15776544636117415,0.15776544636117332,0.15776544636117268,0.15776544636117332,0.15776544636117415,0.1577654463611746,0.15776544636117373,0.15776544636117332,0.15776544636117373,0.1577654463611746,0.15776544636117545,0.1577654463611746,0.15776544636117415,0.1577654463611746,0.15776544636117545,0.15634146267682367,0.15634146267682117,0.1563414626768195,0.15634146267682117,0.15634146267682367,0.15634146267682117,0.15634146267681845,0.15634146267681676,0.15634146267681845,0.15634146267682117,0.1563414626768195,0.15634146267681676,0.1563414626768151,0.15634146267681676,0.1563414626768195,0.15634146267682117,0.15634146267681845,0.15634146267681676,0.15634146267681845,0.15634146267682117,0.15634146267682367,0.15634146267682117,0.1563414626768195,0.15634146267682117,0.15634146267682367,0.1549459147300591,0.15494591473005107,0.15494591473004615,0.15494591473005107,0.1549459147300591,0.15494591473005107,0.15494591473004266,0.15494591473003755,0.15494591473004266,0.15494591473005107,0.15494591473004615,0.15494591473003755,0.154945914730032,0.15494591473003755,0.15494591473004615,0.15494591473005107,0.15494591473004266,0.15494591473003755,0.15494591473004266,0.15494591473005107,0.1549459147300591,0.15494591473005107,0.15494591473004615,0.15494591473005107,0.1549459147300591,0.15357822076161998,0.15357822076159586,0.15357822076158043,0.15357822076159586,0.15357822076161998,0.15357822076159586,0.15357822076156957,0.1535782207615527,0.15357822076156957,0.15357822076159586,0.15357822076158043,0.1535782207615527,0.15357822076153482,0.1535782207615527,0.15357822076158043,0.15357822076159586,0.15357822076156957,0.1535782207615527,0.15357822076156957,0.15357822076159586,0.15357822076161998,0.15357822076159586,0.15357822076158043,0.15357822076159586,0.15357822076161998,0.15223780391404618,0.15223780391397318,0.15223780391392613,0.15223780391397318,0.15223780391404618,0.15223780391397318,0.15223780391389127,0.15223780391383734,0.15223780391389127,0.15223780391397318,0.15223780391392613,0.15223780391383734,0.1522378039137779,0.15223780391383734,0.15223780391392613,0.15223780391397318,0.15223780391389127,0.15223780391383734,0.15223780391389127,0.15223780391397318,0.15223780391404618,0.15223780391397318,0.15223780391392613,0.15223780391397318,0.15223780391404618,0.15092409299302975,0.15092409299281426,0.15092409299267148,0.15092409299281426,0.15092409299302975,0.15092409299281426,0.1509240929925594,0.1509240929923833,0.1509240929925594,0.15092409299281426,0.15092409299267148,0.1509240929923833,0.15092409299217857,0.1509240929923833,0.15092409299267148,0.15092409299281426,0.1509240929925594,0.1509240929923833,0.1509240929925594,0.15092409299281426,0.15092409299302975,0.15092409299281426,0.15092409299267148,0.15092409299281426,0.15092409299302975,0.14963652313713194,0.14963652313651402,0.14963652313608763,0.14963652313651402,0.14963652313713194,0.14963652313651402,0.1496365231357316,0.1496365231351543,0.1496365231357316,0.14963652313651402,0.14963652313608763,0.1496365231351543,0.14963652313443465,0.1496365231351543,0.14963652313608763,0.14963652313651402,0.1496365231357316,0.1496365231351543,0.1496365231357316,0.14963652313651402,0.14963652313713194,0.14963652313651402,0.14963652313608763,0.14963652313651402,0.14963652313713194,0.1483745364035586,0.1483745364018645,0.1483745364006215,0.1483745364018645,0.1483745364035586,0.1483745364018645,0.14837453639952028,0.14837453639760728,0.14837453639952028,0.1483745364018645,0.1483745364006215,0.14837453639760728,0.148374536394885,0.14837453639760728,0.1483745364006215,0.1483745364018645,0.14837453639952028,0.14837453639760728,0.14837453639952028,0.1483745364018645,0.1483745364035586,0.1483745364018645,0.1483745364006215,0.1483745364018645,0.1483745364035586,0.1471375822773599,0.1471375822730261,0.14713758226954193,0.1471375822730261,0.1471375822773599,0.1471375822730261,0.14713758226629137,0.14713758225983145,0.14713758226629137,0.1471375822730261,0.14713758226954193,0.14713758225983145,0.14713758224843682,0.14713758225983145,0.14713758226954193,0.1471375822730261,0.14713758226629137,0.14713758225983145,0.14713758226629137,0.1471375822730261,0.1471375822773599,0.1471375822730261,0.14713758226954193,0.1471375822730261,0.1471375822773599,0.145925118111118,0.14592511810122602,0.1459251180922151,0.14592511810122602,0.145925118111118,0.14592511810122602,0.14592511808340677,0.14592511806185587,0.14592511808340677,0.14592511810122602,0.1459251180922151,0.14592511806185587,0.14592511800799376,0.14592511806185587,0.1459251180922151,0.14592511810122602,0.14592511808340677,0.14592511806185587,0.14592511808340677,0.14592511810122602,0.145925118111118,0.14592511810122602,0.1459251180922151,0.14592511810122602,0.145925118111118,0.14473660950124206,0.14473660948276598,0.14473660946338726,0.14473660948276598,0.14473660950124206,0.14473660948276598,0.14473660944380784,0.1447366093800975,0.14473660944380784,0.14473660948276598,0.14473660946338726,0.1447366093800975,0.14473660909090194,0.1447366093800975,0.14473660946338726,0.14473660948276598,0.14473660944380784,0.1447366093800975,0.14473660944380784,0.14473660948276598,0.14473660950124206,0.14473660948276598,0.14473660946338726,0.14473660948276598,0.14473660950124206,0.143571530603042,0.14357153057885966,0.1435715305537906,0.14357153057885966,0.143571530603042,0.14357153057885966,0.1435715305284207,0.14357153044956347,0.1435715305284207,0.14357153057885966,0.1435715305537906,0.14357153044956347,0.14357153012461032,0.14357153044956347,0.1435715305537906,0.14357153057885966,0.1435715305284207,0.14357153044956347,0.1435715305284207,0.14357153057885966,0.143571530603042,0.14357153057885966,0.1435715305537906,0.14357153057885966,0.143571530603042,0.14242936437998246,0.14242936435306144,0.14242936432506584,0.14242936435306144,0.14242936437998246,0.14242936435306144,0.14242936429665065,0.14242936420890762,0.14242936429665065,0.14242936435306144,0.14242936432506584,0.14242936420890762,0.14242936385209623,0.14242936420890762,0.14242936432506584,0.14242936435306144,0.14242936429665065,0.14242936420890762,0.14242936429665065,0.14242936435306144,0.14242936437998246,0.14242936435306144,0.14242936432506584,0.14242936435306144,0.14242936437998246,0.1413096028163041,0.14130960279035434,0.14130960276214502,0.14130960279035434,0.1413096028163041,0.14130960279035434,0.14130960273320511,0.14130960263903117,0.14130960273320511,0.14130960279035434,0.14130960276214502,0.14130960263903117,0.14130960223513775,0.14130960263903117,0.14130960276214502,0.14130960279035434,0.14130960273320511,0.14130960263903117,0.14130960273320511,0.14130960279035434,0.1413096028163041,0.14130960279035434,0.14130960276214502,0.14130960279035434,0.1413096028163041,0.1402117470843254,0.14021174706709877,0.14021174704617959,0.14021174706709877,0.1402117470843254,0.14021174706709877,0.14021174702428532,0.1402117469424938,0.14021174702428532,0.14021174706709877,0.14021174704617959,0.1402117469424938,0.14021174653112595,0.1402117469424938,0.14021174704617959,0.14021174706709877,0.14021174702428532,0.1402117469424938,0.14021174702428532,0.14021174706709877,0.1402117470843254,0.14021174706709877,0.14021174704617959,0.14021174706709877,0.1402117470843254,0.1391353076651314,0.13913530766917195,0.13913530767146268,0.13913530766917195,0.1391353076651314,0.13913530766917195,0.13913530767332258,0.13913530767225896,0.13913530767332258,0.13913530766917195,0.13913530767146268,0.13913530767225896,0.13913530765045296,0.13913530767225896,0.13913530767146268,0.13913530766917195,0.13913530767332258,0.13913530767225896,0.13913530767332258,0.13913530766917195,0.1391353076651314,0.13913530766917195,0.13913530767146268,0.13913530766917195,0.1391353076651314,0.13807980443168938,0.1380798044631262,0.13807980449530116,0.1380798044631262,0.13807980443168938,0.1380798044631262,0.13807980452806745,0.13807980461909786,0.13807980452806745,0.1380798044631262,0.13807980449530116,0.13807980461909786,0.13807980488038651,0.13807980461909786,0.13807980449530116,0.1380798044631262,0.13807980452806745,0.13807980461909786,0.13807980452806745,0.1380798044631262,0.13807980443168938,0.1380798044631262,0.13807980449530116,0.1380798044631262,0.13807980443168938,0.13704476672262247,0.13704476677891314,0.1370447668477888,0.13704476677891314,0.13704476672262247,0.13704476677891314,0.13704476691936043,0.13704476720351977,0.13704476691936043,0.13704476677891314,0.1370447668477888,0.13704476720351977,0.13704476878444055,0.13704476720351977,0.1370447668477888,0.13704476677891314,0.13704476691936043,0.13704476720351977,0.13704476691936043,0.13704476677891314,0.13704476672262247,0.13704476677891314,0.1370447668477888,0.13704476677891314,0.13704476672262247,0.13602973339170324,0.1360297334314411,0.13602973347048325,0.1360297334314411,0.13602973339170324,0.1360297334314411,0.13602973350971284,0.1360297336147333,0.13602973350971284,0.1360297334314411,0.13602973347048325,0.1360297336147333,0.13602973390680284,0.1360297336147333,0.13602973347048325,0.1360297334314411,0.13602973350971284,0.1360297336147333,0.13602973350971284,0.1360297334314411,0.13602973339170324,0.1360297334314411,0.13602973347048325,0.1360297334314411,0.13602973339170324,0.13503425289376306,0.1350342529187414,0.13503425293939764,0.1350342529187414,0.13503425289376306,0.1350342529187414,0.1350342529590251,0.13503425299903665,0.1350342529590251,0.1350342529187414,0.13503425293939764,0.13503425299903665,0.13503425307190123,0.13503425299903665,0.13503425293939764,0.1350342529187414,0.1350342529590251,0.13503425299903665,0.1350342529590251,0.1350342529187414,0.13503425289376306,0.1350342529187414,0.13503425293939764,0.1350342529187414,0.13503425289376306
0.16533248761143232,0.16533248761143232,0.16533248761143232,0.16533248761143232,0.16533248761143232,0.16533248761143232,0.16533248761143232,0.16533248761143232,0.16533248761143232,0.16533248761143232,0.16533248761143232,0.16533248761143232,0.16533248761143232,0.16533248761143232,0.16533248761143232,0.16533248761143232,0.16533248761143232,0.16533248761143232,0.16533248761143232,0.16533248761143232,0.16533248761143232,0.16533248761143232,0.16533248761143232,0.16533248761143232,0.16533248761143232,0.1637574938961426,0.1637574938961426,0.1637574938961426,0.1637574938961426,0.1637574938961426,0.1637574938961426,0.1637574938961426,0.1637574938961426,0.1637574938961426,0.1637574938961426,0.1637574938961426,0.1637574938961426,0.1637574938961426,0.1637574938961426,0.1637574938961426,0.1637574938961426,0.1637574938961426,0.1637574938961426,0.1637574938961426,0.1637574938961426,0.1637574938961426,0.1637574938961426,0.1637574938961426,0.1637574938961426,0.1637574938961426,0.162213884112718,0.162213884112718,0.162213884112718,0.162213884112718,0.162213884112718,0.162213884112718,0.162213884112718,0.162213884112718,0.162213884112718,0.162213884112718,0.162213884112718,0.162213884112718,0.162213884112718,0.162213884112718,0.162213884112718,0.162213884112718,0.162213884112718,0.162213884112718,0.162213884112718,0.162213884112718,0.162213884112718,0.162213884112718,0.162213884112718,0.162213884112718,0.162213884112718,0.16070106721819968,0.16070106721819968,0.16070106721819968,0.16070106721819968,0.16070106721819968,0.16070106721819968,0.16070106721819946,0.16070106721819946,0.16070106721819946,0.16070106721819968,0.16070106721819968,0.16070106721819946,0.16070106721819946,0.16070106721819946,0.16070106721819946,0.16070106721819968,0.16070106721819946,0.16070106721819946,0.16070106721819946,0.16070106721819968,0.16070106721819968,0.16070106721819968,0.16070106721819946,0.16070106721819968,0.16070106721819968,0.15921845158756676,0.1592184515875663,0.1592184515875663,0.1592184515875663,0.15921845158756676,0.1592184515875663,0.1592184515875661,0.1592184515875659,0.1592184515875661,0.1592184515875663,0.1592184515875663,0.1592184515875659,0.1592184515875659,0.1592184515875659,0.1592184515875663,0.1592184515875663,0.1592184515875661,0.1592184515875659,0.1592184515875661,0.1592184515875663,0.15921845158756676,0.1592184515875663,0.1592184515875663,0.1592184515875663,0.15921845158756676,0.15776544636558662,0.1577654463655858,0.15776544636558534,0.1577654463655858,0.15776544636558662,0.1577654463655858,0.15776544636558493,0.1577654463655845,0.15776544636558493,0.1577654463655858,0.15776544636558534,0.1577654463655845,0.15776544636558384,0.1577654463655845,0.15776544636558534,0.1577654463655858,0.15776544636558493,0.1577654463655845,0.15776544636558493,0.1577654463655858,0.15776544636558662,0.1577654463655858,0.15776544636558534,0.1577654463655858,0.15776544636558662,0.15634146268113983,0.15634146268113733,0.15634146268113566,0.15634146268113733,0.15634146268113983,0.15634146268113733,0.1563414626811346,0.15634146268113294,0.1563414626811346,0.15634146268113733,0.15634146268113566,0.15634146268113294,0.15634146268113125,0.15634146268113294,0.15634146268113566,0.15634146268113733,0.1563414626811346,0.15634146268113294,0.1563414626811346,0.15634146268113733,0.15634146268113983,0.15634146268113733,0.15634146268113566,0.15634146268113733,0.15634146268113983,0.15494591473428088,0.15494591473427308,0.15494591473426816,0.15494591473427308,0.15494591473428088,0.15494591473427308,0.15494591473426467,0.15494591473425956,0.15494591473426467,0.15494591473427308,0.15494591473426816,0.15494591473425956,0.15494591473425404,0.15494591473425956,0.15494591473426816,0.15494591473427308,0.15494591473426467,0.15494591473425956,0.15494591473426467,0.15494591473427308,0.15494591473428088,0.15494591473427308,0.15494591473426816,0.15494591473427308,0.15494591473428088,0.1535782207657481,0.153578220765724,0.15357822076570893,0.153578220765724,0.1535782207657481,0.153578220765724,0.1535782207656981,0.15357822076568142,0.1535782207656981,0.153578220765724,0.15357822076570893,0.15357822076568142,0.15357822076566374,0.15357822076568142,0.15357822076570893,0.153578220765724,0.1535782207656981,0.15357822076568142,0.1535782207656981,0.153578220765724,0.1535782207657481,0.153578220765724,0.15357822076570893,0.153578220765724,0.1535782207657481,0.1522378039180808,0.15223780391800856,0.1522378039179619,0.15223780391800856,0.1522378039180808,0.15223780391800856,0.15223780391792727,0.15223780391787373,0.15223780391792727,0.15223780391800856,0.1522378039179619,0.15223780391787373,0.15223780391781505,0.15223780391787373,0.1522378039179619,0.15223780391800856,0.15223780391792727,0.15223780391787373,0.15223780391792727,0.15223780391800856,0.1522378039180808,0.15223780391800856,0.1522378039179619,0.15223780391800856,0.1522378039180808,0.15092409299697032,0.15092409299675694,0.15092409299661536,0.15092409299675694,0.15092409299697032,0.15092409299675694,0.15092409299650444,0.15092409299632983,0.15092409299650444,0.15092409299675694,0.15092409299661536,0.15092409299632983,0.1509240929961271,0.15092409299632983,0.15092409299661536,0.15092409299675694,0.15092409299650444,0.15092409299632983,0.15092409299650444,0.15092409299675694,0.15092409299697032,0.15092409299675694,0.15092409299661536,0.15092409299675694,0.15092409299697032,0.14963652314097506,0.1496365231403632,0.14963652313994058,0.1496365231403632,0.14963652314097506,0.1496365231403632,0.14963652313958795,0.149636523139016,0.14963652313958795,0.1496365231403632,0.14963652313994058,0.149636523139016,0.1496365231383031,0.149636523139016,0.14963652313994058,0.1496365231403632,0.14963652313958795,0.149636523139016,0.14963652313958795,0.1496365231403632,0.14963652314097506,0.1496365231403632,0.14963652313994058,0.1496365231403632,0.14963652314097506,0.1483745364072932,0.1483745364056152,0.14837453640438406,0.1483745364056152,0.1483745364072932,0.1483745364056152,0.1483745364032932,0.1483745364013982,0.1483745364032932,0.1483745364056152,0.14837453640438406,0.1483745364013982,0.14837453639870093,0.1483745364013982,0.14837453640438406,0.1483745364056152,0.1483745364032932,0.1483745364013982,0.1483745364032932,0.1483745364056152,0.1483745364072932,0.1483745364056152,0.14837453640438406,0.1483745364056152,0.1483745364072932,0.14713758228095328,0.14713758227666124,0.1471375822732103,0.14713758227666124,0.14713758228095328,0.14713758227666124,0.14713758226999044,0.14713758226359067,0.14713758226999044,0.14713758227666124,0.1471375822732103,0.14713758226359067,0.1471375822523005,0.14713758226359067,0.1471375822732103,0.14713758227666124,0.14713758226999044,0.14713758226359067,0.14713758226999044,0.14713758227666124,0.14713758228095328,0.14713758227666124,0.1471375822732103,0.14713758227666124,0.14713758228095328,0.14592511811448397,0.1459251181046892,0.14592511809576497,0.1459251181046892,0.14592511811448397,0.1459251181046892,0.1459251180870409,0.14592511806569083,0.1459251180870409,0.1459251181046892,0.14592511809576497,0.14592511806569083,0.14592511801231717,0.14592511806569083,0.14592511809576497,0.1459251181046892,0.1459251180870409,0.14592511806569083,0.1459251180870409,0.1459251181046892,0.14592511811448397,0.1459251181046892,0.14592511809576497,0.1459251181046892,0.14592511811448397,0.14473660950417902,0.14473660948589112,0.14473660946670425,0.14473660948589112,0.14473660950417902,0.14473660948589112,0.1447366094473168,0.14473660938420693,0.1447366094473168,0.14473660948589112,0.14473660946670425,0.14473660938420693,0.14473660909768007,0.14473660938420693,0.14473660946670425,0.14473660948589112,0.1447366094473168,0.14473660938420693,0.1447366094473168,0.14473660948589112,0.14473660950417902,0.14473660948589112,0.14473660946670425,0.14473660948589112,0.14473660950417902,0.14357153060515748,0.14357153058124464,0.1435715305564509,0.14357153058124464,0.14357153060515748,0.14357153058124464,0.14357153053135854,0.1435715304533485,0.14357153053135854,0.14357153058124464,0.1435715305564509,0.1435715304533485,0.14357153013174248,0.1435715304533485,0.1435715305564509,0.14357153058124464,0.14357153053135854,0.1435715304533485,0.14357153053135854,0.14357153058124464,0.14357153060515748,0.14357153058124464,0.1435715305564509,0.14357153058124464,0.14357153060515748,0.14242936438071102,0.1424293643541213,0.14242936432647008,0.1424293643541213,0.14242936438071102,0.1424293643541213,0.1424293642984043,0.1424293642117403,0.1424293642984043,0.1424293643541213,0.14242936432647008,0.1424293642117403,0.14242936385932534,0.1424293642117403,0.14242936432647008,0.1424293643541213,0.1424293642984043,0.1424293642117403,0.1424293642984043,0.1424293643541213,0.14242936438071102,0.1424293643541213,0.14242936432647008,0.1424293643541213,0.14242936438071102,0.14130960281494445,0.14130960278934307,0.1413096027615146,0.14130960278934307,0.14130960281494445,0.14130960278934307,0.14130960273296614,0.14130960264007603,0.14130960273296614,0.14130960278934307,0.1413096027615146,0.14130960264007603,0.14130960224168562,0.14130960264007603,0.1413096027615146,0.14130960278934307,0.14130960273296614,0.14130960264007603,0.14130960273296614,0.14130960278934307,0.14130960281494445,0.14130960278934307,0.1413096027615146,0.14130960278934307,0.14130960281494445,0.140211747080132,0.14021174706315886,0.14021174704254655,0.14021174706315886,0.140211747080132,0.14021174706315886,0.14021174702097317,0.14021174694038221,0.14021174702097317,0.14021174706315886,0.14021174704254655,0.14021174694038221,0.14021174653507698,0.14021174694038221,0.14021174704254655,0.14021174706315886,0.14021174702097317,0.14021174694038221,0.14021174702097317,0.14021174706315886,0.140211747080132,0.14021174706315886,0.14021174704254655,0.14021174706315886,0.140211747080132,0.13913530765754425,0.13913530766156235,0.1391353076638515,0.13913530766156235,0.13913530765754425,0.13913530766156235,0.13913530766571516,0.1391353076647341,0.13913530766571516,0.13913530766156235,0.1391353076638515,0.1391353076647341,0.1391353076433806,0.1391353076647341,0.1391353076638515,0.13913530766156235,0.13913530766571516,0.1391353076647341,0.13913530766571516,0.13913530766156235,0.13913530765754425,0.13913530766156235,0.1391353076638515,0.13913530766156235,0.13913530765754425,0.13807980442070983,0.13807980445177515,0.13807980448356733,0.13807980445177515,0.13807980442070983,0.13807980445177515,0.1380798045159432,0.1380798046058815,0.1380798045159432,0.13807980445177515,0.13807980448356733,0.1380798046058815,0.13807980486401458,0.1380798046058815,0.13807980448356733,0.13807980445177515,0.1380798045159432,0.1380798046058815,0.1380798045159432,0.13807980445177515,0.13807980442070983,0.13807980445177515,0.13807980448356733,0.13807980445177515,0.13807980442070983,0.13704476670897173,0.13704476676457944,0.13704476683261704,0.13704476676457944,0.13704476670897173,0.13704476676457944,0.1370447669033175,0.13704476718400949,0.1370447669033175,0.13704476676457944,0.13704476683261704,0.13704476718400949,0.13704476874561713,0.13704476718400949,0.13704476683261704,0.13704476676457944,0.1370447669033175,0.13704476718400949,0.1370447669033175,0.13704476676457944,0.13704476670897173,0.13704476676457944,0.13704476683261704,0.13704476676457944,0.13704476670897173,0.13602973337675203,0.13602973341600633,0.13602973345457256,0.13602973341600633,0.13602973337675203,0.13602973341600633,0.13602973349332395,0.13602973359706275,0.13602973349332395,0.13602973341600633,0.13602973345457256,0.13602973359706275,0.13602973388556486,0.13602973359706275,0.13602973345457256,0.13602973341600633,0.13602973349332395,0.13602973359706275,0.13602973349332395,0.13602973341600633,0.13602973337675203,0.13602973341600633,0.13602973345457256,0.13602973341600633,0.13602973337675203,0.13503425287848753,0.13503425290316154,0.13503425292356597,0.13503425290316154,0.13503425287848753,0.13503425290316154,0.13503425294295401,0.13503425298247732,0.13503425294295401,0.13503425290316154,0.13503425292356597,0.13503425298247732,0.13503425305445216,0.13503425298247732,0.13503425292356597,0.13503425290316154,0.13503425294295401,0.13503425298247732,0.13503425294295401,0.13503425290316154,0.13503425287848753,0.13503425290316154,0.13503425292356597,0.13503425290316154,0.13503425287848753
0.1653324876161969,0.1653324876161969,0.1653324876161969,0.1653324876161969,0.1653324876161969,0.1653324876161969,0.1653324876161969,0.1653324876161969,0.1653324876161969,0.1653324876161969,0.1653324876161969,0.1653324876161969,0.1653324876161969,0.1653324876161969,0.1653324876161969,0.1653324876161969,0.1653324876161969,0.1653324876161969,0.1653324876161969,0.1653324876161969,0.1653324876161969,0.1653324876161969,0.1653324876161969,0.1653324876161969,0.1653324876161969,0.16375749390081115,0.16375749390081115,0.16375749390081093,0.16375749390081115,0.16375749390081115,0.16375749390081115,0.16375749390081093,0.16375749390081093,0.16375749390081093,0.16375749390081115,0.16375749390081093,0.16375749390081093,0.16375749390081093,0.16375749390081093,0.16375749390081093,0.16375749390081115,0.16375749390081093,0.16375749390081093,0.16375749390081093,0.16375749390081115,0.16375749390081115,0.16375749390081115,0.16375749390081093,0.16375749390081115,0.16375749390081115,0.1622138841172912,0.1622138841172912,0.1622138841172912,0.1622138841172912,0.1622138841172912,0.1622138841172912,0.1622138841172912,0.16221388411729099,0.1622138841172912,0.1622138841172912,0.1622138841172912,0.16221388411729099,0.16221388411729099,0.16221388411729099,0.1622138841172912,0.1622138841172912,0.1622138841172912,0.16221388411729099,0.1622138841172912,0.1622138841172912,0.1622138841172912,0.1622138841172912,0.1622138841172912,0.1622138841172912,0.1622138841172912,0.1607010672226783,0.1607010672226783,0.1607010672226783,0.1607010672226783,0.1607010672226783,0.1607010672226783,0.16070106722267807,0.16070106722267807,0.16070106722267807,0.1607010672226783,0.1607010672226783,0.16070106722267807,0.16070106722267807,0.16070106722267807,0.1607010672226783,0.1607010672226783,0.16070106722267807,0.16070106722267807,0.16070106722267807,0.1607010672226783,0.1607010672226783,0.1607010672226783,0.1607010672226783,0.1607010672226783,0.1607010672226783,0.15921845159195155,0.15921845159195114,0.15921845159195114,0.15921845159195114,0.15921845159195155,0.15921845159195114,0.15921845159195092,0.1592184515919507,0.15921845159195092,0.15921845159195114,0.15921845159195114,0.1592184515919507,0.1592184515919507,0.1592184515919507,0.15921845159195114,0.15921845159195114,0.15921845159195092,0.1592184515919507,0.15921845159195092,0.15921845159195114,0.15921845159195155,0.15921845159195114,0.15921845159195114,0.15921845159195114,0.15921845159195155,0.15776544636987852,0.15776544636987766,0.15776544636987702,0.15776544636987766,0.15776544636987852,0.15776544636987766,0.15776544636987683,0.15776544636987616,0.15776544636987683,0.15776544636987766,0.15776544636987702,0.15776544636987616,0.15776544636987577,0.15776544636987616,0.15776544636987702,0.15776544636987766,0.15776544636987683,0.15776544636987616,0.15776544636987683,0.15776544636987766,0.15776544636987852,0.15776544636987766,0.15776544636987702,0.15776544636987766,0.15776544636987852,0.15634146268533933,0.15634146268533683,0.15634146268533514,0.15634146268533683,0.15634146268533933,0.15634146268533683,0.1563414626853341,0.1563414626853326,0.1563414626853341,0.15634146268533683,0.15634146268533514,0.1563414626853326,0.15634146268533097,0.1563414626853326,0.15634146268533514,0.15634146268533683,0.1563414626853341,0.1563414626853326,0.1563414626853341,0.15634146268533683,0.15634146268533933,0.15634146268533683,0.15634146268533514,0.15634146268533683,0.15634146268533933,0.15494591473838873,0.15494591473838093,0.15494591473837602,0.15494591473838093,0.15494591473838873,0.15494591473838093,0.15494591473837274,0.1549459147383674,0.15494591473837274,0.15494591473838093,0.15494591473837602,0.1549459147383674,0.15494591473836208,0.1549459147383674,0.15494591473837602,0.15494591473838093,0.15494591473837274,0.1549459147383674,0.15494591473837274,0.15494591473838093,0.15494591473838873,0.15494591473838093,0.15494591473837602,0.15494591473838093,0.15494591473838873,0.15357822076976474,0.15357822076974106,0.15357822076972602,0.15357822076974106,0.15357822076976474,0.15357822076974106,0.15357822076971536,0.15357822076969868,0.15357822076971536,0.15357822076974106,0.15357822076972602,0.15357822076969868,0.1535782207696812,0.15357822076969868,0.15357822076972602,0.15357822076974106,0.15357822076971536,0.15357822076969868,0.15357822076971536,0.15357822076974106,0.15357822076976474,0.15357822076974106,0.15357822076972602,0.15357822076974106,0.15357822076976474,0.15223780392200675,0.15223780392193512,0.15223780392188888,0.15223780392193512,0.15223780392200675,0.15223780392193512,0.15223780392185463,0.15223780392180167,0.15223780392185463,0.15223780392193512,0.15223780392188888,0.15223780392180167,0.1522378039217434,0.15223780392180167,0.15223780392188888,0.15223780392193512,0.15223780392185463,0.15223780392180167,0.15223780392185463,0.15223780392193512,0.15223780392200675,0.15223780392193512,0.15223780392188888,0.15223780392193512,0.15223780392200675,0.150924093000805,0.15092409300059337,0.15092409300045312,0.15092409300059337,0.150924093000805,0.15092409300059337,0.15092409300034315,0.1509240930001703,0.15092409300034315,0.15092409300059337,0.15092409300045312,0.1509240930001703,0.15092409299996928,0.1509240930001703,0.15092409300045312,0.15092409300059337,0.15092409300034315,0.1509240930001703,0.15092409300034315,0.15092409300059337,0.150924093000805,0.15092409300059337,0.15092409300045312,0.15092409300059337,0.150924093000805,0.14963652314471515,0.14963652314410877,0.1496365231436903,0.14963652314410877,0.14963652314471515,0.14963652314410877,0.1496365231433407,0.149636523142774,0.1496365231433407,0.14963652314410877,0.1496365231436903,0.149636523142774,0.1496365231420678,0.149636523142774,0.1496365231436903,0.14963652314410877,0.1496365231433407,0.149636523142774,0.1496365231433407,0.14963652314410877,0.14963652314471515,0.14963652314410877,0.1496365231436903,0.14963652314410877,0.14963652314471515,0.1483745364109275,0.14837453640926546,0.14837453640804582,0.14837453640926546,0.1483745364109275,0.14837453640926546,0.14837453640696496,0.14837453640508738,0.14837453640696496,0.14837453640926546,0.14837453640804582,0.14837453640508738,0.1483745364024144,0.14837453640508738,0.14837453640804582,0.14837453640926546,0.14837453640696496,0.14837453640508738,0.14837453640696496,0.14837453640926546,0.1483745364109275,0.14837453640926546,0.14837453640804582,0.14837453640926546,0.1483745364109275,0.14713758228445034,0.14713758228019902,0.14713758227678042,0.14713758228019902,0.14713758228445034,0.14713758228019902,0.1471375822735905,0.1471375822672494,0.1471375822735905,0.14713758228019902,0.14713758227678042,0.1471375822672494,0.1471375822560606,0.1471375822672494,0.14713758227678042,0.14713758228019902,0.1471375822735905,0.1471375822672494,0.1471375822735905,0.14713758228019902,0.14713758228445034,0.14713758228019902,0.14713758227678042,0.14713758228019902,0.14713758228445034,0.14592511811775996,0.14592511810805978,0.14592511809921996,0.14592511810805978,0.14592511811775996,0.14592511810805978,0.1459251180905778,0.14592511806942343,0.1459251180905778,0.14592511810805978,0.14592511809921996,0.14592511806942343,0.14592511801652516,0.14592511806942343,0.14592511809921996,0.14592511810805978,0.1459251180905778,0.14592511806942343,0.1459251180905778,0.14592511810805978,0.14592511811775996,0.14592511810805978,0.14592511809921996,0.14592511810805978,0.14592511811775996,0.14473660950703782,0.144736609488933,0.1447366094699327,0.144736609488933,0.14473660950703782,0.144736609488933,0.14473660945073258,0.14473660938820693,0.1447366094507324,0.144736609488933,0.1447366094699327,0.14473660938820693,0.14473660910420086,0.14473660938820693,0.1447366094699327,0.144736609488933,0.1447366094507324,0.14473660938820693,0.1447366094507324,0.144736609488933,0.14473660950703782,0.144736609488933,0.1447366094699327,0.144736609488933,0.14473660950703782,0.1435715306072168,0.14357153058356611,0.1435715305590405,0.14357153058356611,0.1435715306072168,0.14357153058356611,0.14357153053421853,0.14357153045703328,0.14357153053421853,0.14357153058356611,0.1435715305590405,0.14357153045703328,0.14357153013876445,0.14357153045703328,0.1435715305590405,0.14357153058356611,0.14357153053421853,0.14357153045703328,0.14357153053421853,0.14357153058356611,0.1435715306072168,0.14357153058356611,0.1435715305590405,0.14357153058356611,0.1435715306072168,0.14242936438142026,0.142429364355153,0.1424293643278369,0.142429364355153,0.14242936438142026,0.142429364355153,0.14242936430011138,0.1424293642144971,0.14242936430011138,0.142429364355153,0.1424293643278369,0.1424293642144971,0.14242936386635313,0.1424293642144971,0.1424293643278369,0.142429364355153,0.14242936430011138,0.1424293642144971,0.14242936430011138,0.142429364355153,0.14242936438142026,0.142429364355153,0.1424293643278369,0.142429364355153,0.14242936438142026,0.14130960281362148,0.14130960278835888,0.14130960276090115,0.14130960278835888,0.14130960281362148,0.14130960278835888,0.1413096027327334,0.14130960264109194,0.1413096027327334,0.14130960278835888,0.14130960276090115,0.14130960264109194,0.14130960224813266,0.14130960264109194,0.14130960276090115,0.14130960278835888,0.1413096027327334,0.14130960264109194,0.1413096027327334,0.14130960278835888,0.14130960281362148,0.14130960278835888,0.14130960276090115,0.14130960278835888,0.14130960281362148,0.14021174707605152,0.14021174705932477,0.14021174703901107,0.14021174705932477,0.14021174707605152,0.14021174705932477,0.14021174701774955,0.1402117469383264,0.14021174701774955,0.14021174705932477,0.14021174703901107,0.1402117469383264,0.14021174653892962,0.1402117469383264,0.14021174703901107,0.14021174705932477,0.14021174701774955,0.1402117469383264,0.14021174701774955,0.14021174705932477,0.14021174707605152,0.14021174705932477,0.14021174703901107,0.14021174705932477,0.14021174707605152,0.13913530765016122,0.13913530765415752,0.13913530765644508,0.13913530765415752,0.13913530765016122,0.13913530765415752,0.1391353076583122,0.13913530765741114,0.1391353076583122,0.13913530765415752,0.13913530765644508,0.13913530765741114,0.13913530763649767,0.13913530765741114,0.13913530765644508,0.13913530765415752,0.1391353076583122,0.13913530765741114,0.1391353076583122,0.13913530765415752,0.13913530765016122,0.13913530765415752,0.13913530765644508,0.13913530765415752,0.13913530765016122,0.13807980441002593,0.13807980444072956,0.1380798044721493,0.13807980444072956,0.13807980441002593,0.13807980444072956,0.13807980450414536,0.13807980459302097,0.13807980450414536,0.13807980444072956,0.1380798044721493,0.13807980459302097,0.13807980484808313,0.13807980459302097,0.1380798044721493,0.13807980444072956,0.13807980450414536,0.13807980459302097,0.13807980450414536,0.13807980444072956,0.13807980441002593,0.13807980444072956,0.1380798044721493,0.13807980444072956,0.13807980441002593,0.1370447666956884,0.13704476675063174,0.1370447668178538,0.13704476675063174,0.1370447666956884,0.13704476675063174,0.1370447668877063,0.13704476716502473,0.1370447668877063,0.13704476675063174,0.1370447668178538,0.13704476716502473,0.1370447687078486,0.13704476716502473,0.1370447668178538,0.13704476675063174,0.1370447668877063,0.13704476716502473,0.1370447668877063,0.13704476675063174,0.1370447666956884,0.13704476675063174,0.1370447668178538,0.13704476675063174,0.1370447666956884,0.13602973336220356,0.13602973340098717,0.13602973343909053,0.13602973340098717,0.13602973336220356,0.13602973340098717,0.13602973347737643,0.13602973357986795,0.13602973347737643,0.13602973340098717,0.13602973343909053,0.13602973357986795,0.13602973386489886,0.13602973357986795,0.13602973343909053,0.13602973340098717,0.13602973347737643,0.13602973357986795,0.13602973347737643,0.13602973340098717,0.13602973336220356,0.13602973340098717,0.13602973343909053,0.13602973340098717,0.13602973336220356,0.1350342528636234,0.13503425288800122,0.13503425290816057,0.13503425288800122,0.1350342528636234,0.13503425288800122,0.1350342529273157,0.13503425296636382,0.1350342529273157,0.13503425288800122,0.13503425290816057,0.13503425296636382,0.13503425303747293,0.13503425296636382,0.13503425290816057,0.13503425288800122,0.1350342529273157,0.13503425296636382,0.1350342529273157,0.13503425288800122,0.1350342528636234,0.13503425288800122,0.13503425290816057,0.13503425288800122,0.1350342528636234
0.1653324876208343,0.1653324876208343,0.1653324876208343,0.1653324876208343,0.1653324876208343,0.1653324876208343,0.1653324876208343,0.1653324876208343,0.1653324876208343,0.1653324876208343,0.1653324876208343,0.1653324876208343,0.1653324876208343,0.1653324876208343,0.1653324876208343,0.1653324876208343,0.1653324876208343,0.1653324876208343,0.1653324876208343,0.1653324876208343,0.1653324876208343,0.1653324876208343,0.1653324876208343,0.1653324876208343,0.1653324876208343,0.16375749390535504,0.16375749390535504,0.16375749390535504,0.16375749390535504,0.16375749390535504,0.16375749390535504,0.16375749390535504,0.16375749390535504,0.16375749390535504,0.16375749390535504,0.16375749390535504,0.16375749390535504,0.16375749390535504,0.16375749390535504,0.16375749390535504,0.16375749390535504,0.16375749390535504,0.16375749390535504,0.16375749390535504,0.16375749390535504,0.16375749390535504,0.16375749390535504,0.16375749390535504,0.16375749390535504,0.16375749390535504,0.16221388412174223,0.16221388412174223,0.16221388412174223,0.16221388412174223,0.16221388412174223,0.16221388412174223,0.16221388412174223,0.16221388412174223,0.16221388412174223,0.16221388412174223,0.16221388412174223,0.16221388412174223,0.16221388412174223,0.16221388412174223,0.16221388412174223,0.16221388412174223,0.16221388412174223,0.16221388412174223,0.16221388412174223,0.16221388412174223,0.16221388412174223,0.16221388412174223,0.16221388412174223,0.16221388412174223,0.16221388412174223,0.1607010672270376,0.16070106722703736,0.16070106722703736,0.16070106722703736,0.1607010672270376,0.16070106722703736,0.16070106722703736,0.16070106722703736,0.16070106722703736,0.16070106722703736,0.16070106722703736,0.16070106722703736,0.16070106722703736,0.16070106722703736,0.16070106722703736,0.16070106722703736,0.16070106722703736,0.16070106722703736,0.16070106722703736,0.16070106722703736,0.1607010672270376,0.16070106722703736,0.16070106722703736,0.16070106722703736,0.1607010672270376,0.15921845159621947,0.15921845159621922,0.15921845159621903,0.15921845159621922,0.15921845159621947,0.15921845159621922,0.15921845159621903,0.1592184515962188,0.15921845159621903,0.15921845159621922,0.15921845159621903,0.1592184515962188,0.1592184515962186,0.1592184515962188,0.15921845159621903,0.15921845159621922,0.15921845159621903,0.1592184515962188,0.15921845159621903,0.15921845159621922,0.15921845159621947,0.15921845159621922,0.15921845159621903,0.15921845159621922,0.15921845159621947,0.15776544637405607,0.1577654463740552,0.15776544637405457,0.1577654463740552,0.15776544637405607,0.1577654463740552,0.15776544637405437,0.15776544637405393,0.15776544637405437,0.1577654463740552,0.15776544637405457,0.15776544637405393,0.1577654463740533,0.15776544637405374,0.15776544637405457,0.1577654463740552,0.15776544637405437,0.15776544637405374,0.15776544637405437,0.1577654463740552,0.15776544637405607,0.1577654463740552,0.15776544637405457,0.1577654463740552,0.15776544637405607,0.15634146268942714,0.15634146268942464,0.15634146268942298,0.15634146268942464,0.15634146268942714,0.15634146268942464,0.15634146268942192,0.15634146268942048,0.15634146268942192,0.15634146268942464,0.15634146268942298,0.15634146268942048,0.1563414626894188,0.15634146268942048,0.15634146268942298,0.15634146268942464,0.15634146268942192,0.15634146268942048,0.15634146268942192,0.15634146268942464,0.15634146268942714,0.15634146268942464,0.15634146268942298,0.15634146268942464,0.15634146268942714,0.15494591474238736,0.15494591474237956,0.15494591474237465,0.15494591474237956,0.15494591474238736,0.15494591474237956,0.15494591474237138,0.15494591474236627,0.15494591474237138,0.15494591474237956,0.15494591474237465,0.15494591474236627,0.15494591474236094,0.15494591474236627,0.15494591474237465,0.15494591474237956,0.15494591474237138,0.15494591474236627,0.15494591474237138,0.15494591474237956,0.15494591474238736,0.15494591474237956,0.15494591474237465,0.15494591474237956,0.15494591474238736,0.15357822077367497,0.1535782207736513,0.15357822077363642,0.1535782207736513,0.15357822077367497,0.1535782207736513,0.1535782207736258,0.1535782207736095,0.1535782207736258,0.1535782207736513,0.15357822077363642,0.1535782207736095,0.15357822077359204,0.1535782207736095,0.15357822077363642,0.1535782207736513,0.1535782207736258,0.1535782207736095,0.1535782207736258,0.1535782207736513,0.15357822077367497,0.1535782207736513,0.15357822077363642,0.1535782207736513,0.15357822077367497,0.15223780392582859,0.15223780392575756,0.15223780392571187,0.15223780392575756,0.15223780392582859,0.15223780392575756,0.15223780392567782,0.15223780392562528,0.15223780392567782,0.15223780392575756,0.15223780392571187,0.15223780392562528,0.1522378039255676,0.15223780392562528,0.15223780392571187,0.15223780392575756,0.15223780392567782,0.15223780392562528,0.15223780392567782,0.15223780392575756,0.15223780392582859,0.15223780392575756,0.15223780392571187,0.15223780392575756,0.15223780392582859,0.15092409300453802,0.15092409300432852,0.15092409300418938,0.15092409300432852,0.15092409300453802,0.15092409300432852,0.1509240930040804,0.1509240930039089,0.1509240930040804,0.15092409300432852,0.15092409300418938,0.1509240930039089,0.1509240930037098,0.1509240930039089,0.15092409300418938,0.15092409300432852,0.1509240930040804,0.1509240930039089,0.1509240930040804,0.15092409300432852,0.15092409300453802,0.15092409300432852,0.15092409300418938,0.15092409300432852,0.15092409300453802,0.14963652314835615,0.1496365231477554,0.14963652314734077,0.1496365231477554,0.14963652314835615,0.1496365231477554,0.14963652314699438,0.14963652314643278,0.14963652314699438,0.1496365231477554,0.14963652314734077,0.14963652314643278,0.1496365231457328,0.14963652314643278,0.14963652314734077,0.1496365231477554,0.14963652314699438,0.14963652314643278,0.14963652314699438,0.1496365231477554,0.14963652314835615,0.1496365231477554,0.14963652314734077,0.1496365231477554,0.14963652314835615,0.14837453641446602,0.14837453641281936,0.14837453641161083,0.14837453641281936,0.14837453641446602,0.14837453641281936,0.1483745364105398,0.1483745364086791,0.1483745364105398,0.14837453641281936,0.14837453641161083,0.1483745364086791,0.14837453640602996,0.1483745364086791,0.14837453641161083,0.14837453641281936,0.1483745364105398,0.1483745364086791,0.1483745364105398,0.14837453641281936,0.14837453641446602,0.14837453641281936,0.14837453641161083,0.14837453641281936,0.14837453641446602,0.1471375822878553,0.14713758228364376,0.14713758228025642,0.14713758228364376,0.1471375822878553,0.14713758228364376,0.14713758227709578,0.1471375822708117,0.14713758227709578,0.14713758228364376,0.14713758228025642,0.1471375822708117,0.1471375822597217,0.1471375822708117,0.14713758228025642,0.14713758228364376,0.14713758227709578,0.1471375822708117,0.14713758227709578,0.14713758228364376,0.1471375822878553,0.14713758228364376,0.14713758228025642,0.14713758228364376,0.1471375822878553,0.14592511812094983,0.14592511811134168,0.1459251181025841,0.14592511811134168,0.14592511812094983,0.14592511811134168,0.14592511809402173,0.14592511807305786,0.14592511809402173,0.14592511811134168,0.1459251181025841,0.14592511807305786,0.14592511802062264,0.14592511807305786,0.1459251181025841,0.14592511811134168,0.14592511809402173,0.14592511807305786,0.14592511809402173,0.14592511811134168,0.14592511812094983,0.14592511811134168,0.1459251181025841,0.14592511811134168,0.14592511812094983,0.14473660950982137,0.1447366094918951,0.14473660947307634,0.1447366094918951,0.14473660950982137,0.1447366094918951,0.14473660945405845,0.144736609392102,0.14473660945405845,0.1447366094918951,0.14473660947307634,0.144736609392102,0.14473660911056255,0.144736609392102,0.14473660947307634,0.1447366094918951,0.14473660945405845,0.144736609392102,0.14473660945405845,0.1447366094918951,0.14473660950982137,0.1447366094918951,0.14473660947307634,0.1447366094918951,0.14473660950982137,0.1435715306092221,0.14357153058582686,0.1435715305615622,0.14357153058582686,0.1435715306092221,0.14357153058582686,0.1435715305370034,0.14357153046062165,0.1435715305370034,0.14357153058582686,0.1435715305615622,0.14357153046062165,0.1435715301456283,0.14357153046062165,0.1435715305615622,0.14357153058582686,0.1435715305370034,0.14357153046062165,0.1435715305370034,0.14357153058582686,0.1435715306092221,0.14357153058582686,0.1435715305615622,0.14357153058582686,0.1435715306092221,0.14242936438211123,0.14242936435615766,0.14242936432916786,0.14242936435615766,0.14242936438211123,0.14242936435615766,0.14242936430177328,0.14242936421718114,0.14242936430177328,0.14242936435615766,0.14242936432916786,0.14242936421718114,0.14242936387317498,0.14242936421718114,0.14242936432916786,0.14242936435615766,0.14242936430177328,0.14242936421718114,0.14242936430177328,0.14242936435615766,0.14242936438211123,0.14242936435615766,0.14242936432916786,0.14242936435615766,0.14242936438211123,0.1413096028123337,0.14130960278740085,0.14130960276030383,0.14130960278740085,0.1413096028123337,0.14130960278740085,0.14130960273250665,0.1413096026420804,0.14130960273250665,0.14130960278740085,0.14130960276030383,0.1413096026420804,0.14130960225435804,0.1413096026420804,0.14130960276030383,0.14130960278740085,0.14130960273250665,0.1413096026420804,0.14130960273250665,0.14130960278740085,0.1413096028123337,0.14130960278740085,0.14130960276030383,0.14130960278740085,0.1413096028123337,0.14021174707207903,0.14021174705559222,0.14021174703556896,0.14021174705559222,0.14021174707207903,0.14021174705559222,0.1402117470146111,0.14021174693632396,0.1402117470146111,0.14021174705559222,0.14021174703556896,0.14021174693632396,0.14021174654268262,0.14021174693632396,0.14021174703556896,0.14021174705559222,0.1402117470146111,0.14021174693632396,0.1402117470146111,0.14021174705559222,0.14021174707207903,0.14021174705559222,0.14021174703556896,0.14021174705559222,0.14021174707207903,0.13913530764297408,0.139135307646949,0.13913530764923485,0.139135307646949,0.13913530764297408,0.139135307646949,0.13913530765110563,0.139135307650282,0.13913530765110563,0.139135307646949,0.13913530764923485,0.139135307650282,0.13913530762979656,0.139135307650282,0.13913530764923485,0.139135307646949,0.13913530765110563,0.139135307650282,0.13913530765110563,0.139135307646949,0.13913530764297408,0.139135307646949,0.13913530764923485,0.139135307646949,0.13913530764297408,0.1380798043996256,0.1380798044299771,0.1380798044610344,0.1380798044299771,0.1380798043996256,0.1380798044299771,0.13807980449266052,0.1380798045805017,0.13807980449266052,0.1380798044299771,0.1380798044610344,0.1380798045805017,0.1380798048325745,0.1380798045805017,0.1380798044610344,0.1380798044299771,0.13807980449266052,0.1380798045805017,0.13807980449266052,0.1380798044299771,0.1380798043996256,0.1380798044299771,0.1380798044610344,0.1380798044299771,0.1380798043996256,0.1370447666827579,0.1370447667370544,0.13704476680348282,0.1370447667370544,0.1370447666827579,0.1370447667370544,0.1370447668725099,0.13704476714654412,0.1370447668725099,0.1370447667370544,0.13704476680348282,0.13704476714654412,0.13704476867105764,0.13704476714654412,0.13704476680348282,0.1370447667370544,0.1370447668725099,0.13704476714654412,0.1370447668725099,0.1370447667370544,0.1370447666827579,0.1370447667370544,0.13704476680348282,0.1370447667370544,0.1370447666827579,0.1360297333480416,0.13602973338636698,0.13602973342401964,0.13602973338636698,0.1360297333480416,0.13602973338636698,0.13602973346185251,0.13602973356313003,0.13602973346185251,0.13602973338636698,0.13602973342401964,0.13602973356313003,0.1360297338447819,0.13602973356313003,0.13602973342401964,0.13602973338636698,0.13602973346185251,0.13602973356313003,0.13602973346185251,0.13602973338636698,0.1360297333480416,0.13602973338636698,0.13602973342401964,0.13602973338636698,0.1360297333480416,0.1350342528491542,0.13503425287324367,0.13503425289316448,0.13503425287324367,0.1350342528491542,0.13503425287324367,0.13503425291209278,0.13503425295067836,0.13503425291209278,0.13503425287324367,0.13503425289316448,0.13503425295067836,0.13503425302094488,0.13503425295067836,0.13503425289316448,0.13503425287324367,0.13503425291209278,0.13503425295067836,0.13503425291209278,0.13503425287324367,0.1350342528491542,0.13503425287324367,0.13503425289316448,0.13503425287324367,0.1350342528491542
0.1653324876253497,0.1653324876253497,0.1653324876253497,0.1653324876253497,0.1653324876253497,0.1653324876253497,0.1653324876253497,0.1653324876253497,0.1653324876253497,0.1653324876253497,0.1653324876253497,0.1653324876253497,0.1653324876253497,0.1653324876253497,0.1653324876253497,0.1653324876253497,0.1653324876253497,0.1653324876253497,0.1653324876253497,0.1653324876253497,0.1653324876253497,0.1653324876253497,0.1653324876253497,0.1653324876253497,0.1653324876253497,0.16375749390977934,0.16375749390977934,0.16375749390977934,0.16375749390977934,0.16375749390977934,0.16375749390977934,0.16375749390977934,0.16375749390977934,0.16375749390977934,0.16375749390977934,0.16375749390977934,0.16375749390977934,0.16375749390977934,0.16375749390977934,0.16375749390977934,0.16375749390977934,0.16375749390977934,0.16375749390977934,0.16375749390977934,0.16375749390977934,0.16375749390977934,0.16375749390977934,0.16375749390977934,0.16375749390977934,0.16375749390977934,0.1622138841260765,0.16221388412607626,0.16221388412607626,0.16221388412607626,0.1622138841260765,0.16221388412607626,0.16221388412607626,0.16221388412607626,0.16221388412607626,0.16221388412607626,0.16221388412607626,0.16221388412607626,0.16221388412607626,0.16221388412607626,0.16221388412607626,0.16221388412607626,0.16221388412607626,0.16221388412607626,0.16221388412607626,0.16221388412607626,0.1622138841260765,0.16221388412607626,0.16221388412607626,0.16221388412607626,0.1622138841260765,0.16070106723128227,0.16070106723128205,0.16070106723128205,0.16070106723128205,0.16070106723128227,0.16070106723128205,0.16070106723128205,0.16070106723128205,0.16070106723128205,0.16070106723128205,0.16070106723128205,0.16070106723128205,0.16070106723128183,0.16070106723128205,0.16070106723128205,0.16070106723128205,0.16070106723128205,0.16070106723128205,0.16070106723128205,0.16070106723128205,0.16070106723128227,0.16070106723128205,0.16070106723128205,0.16070106723128205,0.16070106723128227,0.15921845160037545,0.15921845160037504,0.15921845160037504,0.15921845160037504,0.15921845160037545,0.15921845160037504,0.15921845160037482,0.1592184516003746,0.15921845160037482,0.15921845160037504,0.15921845160037504,0.1592184516003746,0.1592184516003746,0.1592184516003746,0.15921845160037504,0.15921845160037504,0.15921845160037482,0.1592184516003746,0.15921845160037482,0.15921845160037504,0.15921845160037545,0.15921845160037504,0.15921845160037504,0.15921845160037504,0.15921845160037545,0.15776544637812373,0.1577654463781231,0.15776544637812243,0.1577654463781231,0.15776544637812373,0.1577654463781231,0.15776544637812223,0.1577654463781216,0.15776544637812223,0.1577654463781231,0.15776544637812243,0.1577654463781216,0.15776544637812115,0.1577654463781216,0.15776544637812243,0.1577654463781231,0.15776544637812223,0.1577654463781216,0.15776544637812223,0.1577654463781231,0.15776544637812373,0.1577654463781231,0.15776544637812243,0.1577654463781231,0.15776544637812373,0.15634146269340748,0.1563414626934052,0.15634146269340352,0.1563414626934052,0.15634146269340748,0.1563414626934052,0.1563414626934025,0.15634146269340082,0.1563414626934025,0.1563414626934052,0.15634146269340352,0.15634146269340082,0.15634146269339935,0.15634146269340082,0.15634146269340352,0.1563414626934052,0.1563414626934025,0.15634146269340082,0.1563414626934025,0.1563414626934052,0.15634146269340748,0.1563414626934052,0.15634146269340352,0.1563414626934052,0.15634146269340748,0.15494591474628108,0.15494591474627348,0.15494591474626856,0.15494591474627348,0.15494591474628108,0.15494591474627348,0.15494591474626532,0.15494591474626038,0.15494591474626532,0.15494591474627348,0.15494591474626856,0.15494591474626038,0.15494591474625502,0.15494591474626038,0.15494591474626856,0.15494591474627348,0.15494591474626532,0.15494591474626038,0.15494591474626532,0.15494591474627348,0.15494591474628108,0.15494591474627348,0.15494591474626856,0.15494591474627348,0.15494591474628108,0.15357822077748257,0.15357822077745928,0.1535782207774444,0.15357822077745928,0.15357822077748257,0.15357822077745928,0.15357822077743397,0.15357822077741767,0.15357822077743397,0.15357822077745928,0.1535782207774444,0.15357822077741767,0.1535782207774004,0.15357822077741767,0.1535782207774444,0.15357822077745928,0.15357822077743397,0.15357822077741767,0.15357822077743397,0.15357822077745928,0.15357822077748257,0.15357822077745928,0.1535782207774444,0.15357822077745928,0.15357822077748257,0.15223780392955044,0.15223780392948016,0.1522378039294347,0.15223780392948016,0.15223780392955044,0.15223780392948016,0.15223780392940103,0.15223780392934888,0.15223780392940103,0.15223780392948016,0.1522378039294347,0.15223780392934888,0.1522378039292918,0.15223780392934888,0.1522378039294347,0.15223780392948016,0.15223780392940103,0.15223780392934888,0.15223780392940103,0.15223780392948016,0.15223780392955044,0.15223780392948016,0.1522378039294347,0.15223780392948016,0.15223780392955044,0.15092409300817358,0.1509240930079658,0.15092409300782805,0.1509240930079658,0.15092409300817358,0.1509240930079658,0.15092409300772003,0.15092409300755005,0.15092409300772003,0.1509240930079658,0.15092409300782805,0.15092409300755005,0.15092409300735252,0.15092409300755005,0.15092409300782805,0.1509240930079658,0.15092409300772003,0.15092409300755005,0.15092409300772003,0.1509240930079658,0.15092409300817358,0.1509240930079658,0.15092409300782805,0.1509240930079658,0.15092409300817358,0.1496365231519024,0.149636523151307,0.14963652315089612,0.149636523151307,0.1496365231519024,0.149636523151307,0.14963652315055273,0.14963652314999626,0.14963652315055273,0.149636523151307,0.14963652315089612,0.14963652314999626,0.14963652314930234,0.14963652314999626,0.14963652315089612,0.149636523151307,0.14963652315055273,0.14963652314999626,0.14963652315055273,0.149636523151307,0.1496365231519024,0.149636523151307,0.14963652315089612,0.149636523151307,0.1496365231519024,0.1483745364179126,0.14837453641628076,0.14837453641508316,0.14837453641628076,0.1483745364179126,0.14837453641628076,0.1483745364140218,0.14837453641217757,0.1483745364140218,0.14837453641628076,0.14837453641508316,0.14837453641217757,0.14837453640955162,0.14837453641217757,0.14837453641508316,0.14837453641628076,0.1483745364140218,0.14837453641217757,0.1483745364140218,0.14837453641628076,0.1483745364179126,0.14837453641628076,0.14837453641508316,0.14837453641628076,0.1483745364179126,0.14713758229117183,0.1471375822869988,0.14713758228364232,0.1471375822869988,0.14713758229117183,0.1471375822869988,0.14713758228051,0.1471375822742817,0.14713758228051,0.1471375822869988,0.14713758228364232,0.1471375822742817,0.14713758226328802,0.1471375822742817,0.14713758228364232,0.1471375822869988,0.14713758228051,0.1471375822742817,0.14713758228051,0.1471375822869988,0.14713758229117183,0.1471375822869988,0.14713758228364232,0.1471375822869988,0.14713758229117183,0.14592511812405687,0.14592511811453862,0.14592511810586103,0.14592511811453862,0.14592511812405687,0.14592511811453862,0.14592511809737663,0.14592511807659833,0.14592511809737663,0.14592511811453862,0.14592511810586103,0.14592511807659833,0.1459251180246143,0.14592511807659833,0.14592511810586103,0.14592511811453862,0.14592511809737663,0.14592511807659833,0.14592511809737663,0.14592511811453862,0.14592511812405687,0.14592511811453862,0.14592511810586103,0.14592511811453862,0.14592511812405687,0.14473660951253284,0.1447366094947804,0.14473660947613864,0.1447366094947804,0.14473660951253284,0.1447366094947804,0.14473660945729844,0.1447366093958967,0.14473660945729844,0.1447366094947804,0.14473660947613864,0.1447366093958967,0.1447366091167594,0.1447366093958967,0.14473660947613864,0.1447366094947804,0.14473660945729844,0.1447366093958967,0.14473660945729844,0.1447366094947804,0.14473660951253284,0.1447366094947804,0.14473660947613864,0.1447366094947804,0.14473660951253284,0.14357153061117534,0.14357153058802888,0.14357153056401853,0.14357153058802888,0.14357153061117534,0.14357153058802888,0.14357153053971602,0.14357153046411716,0.14357153053971602,0.14357153058802888,0.14357153056401853,0.14357153046411716,0.14357153015229812,0.14357153046411716,0.14357153056401853,0.14357153058802888,0.14357153053971602,0.14357153046411716,0.14357153053971602,0.14357153058802888,0.14357153061117534,0.14357153058802888,0.14357153056401853,0.14357153058802888,0.14357153061117534,0.14242936438278392,0.14242936435713596,0.1424293643304639,0.14242936435713596,0.14242936438278392,0.14242936435713596,0.14242936430339176,0.14242936421979457,0.14242936430339176,0.14242936435713596,0.1424293643304639,0.14242936421979457,0.1424293638798228,0.14242936421979457,0.14242936433046374,0.14242936435713596,0.14242936430339176,0.14242936421979457,0.14242936430339176,0.14242936435713596,0.14242936438278392,0.14242936435713596,0.14242936433046374,0.14242936435713596,0.14242936438278392,0.14130960281107932,0.14130960278646754,0.1413096027597216,0.14130960278646754,0.14130960281107932,0.14130960278646754,0.14130960273228507,0.14130960264304185,0.14130960273228507,0.14130960278646754,0.1413096027597216,0.14130960264304185,0.14130960226044376,0.14130960264304185,0.1413096027597216,0.14130960278646754,0.14130960273228507,0.14130960264304185,0.14130960273228507,0.14130960278646754,0.14130960281107932,0.14130960278646754,0.1413096027597216,0.14130960278646754,0.14130960281107932,0.14021174706821027,0.14021174705195677,0.14021174703221623,0.14021174705195677,0.14021174706821027,0.14021174705195677,0.1402117470115539,0.14021174693437263,0.1402117470115539,0.14021174705195677,0.14021174703221623,0.14021174693437263,0.14021174654631388,0.14021174693437263,0.14021174703221623,0.14021174705195677,0.1402117470115539,0.14021174693437263,0.1402117470115539,0.14021174705195677,0.14021174706821027,0.14021174705195677,0.14021174703221623,0.14021174705195677,0.14021174706821027,0.13913530763597465,0.13913530763992868,0.1391353076422128,0.13913530763992868,0.13913530763597465,0.13913530763992868,0.13913530764408688,0.13913530764333884,0.13913530764408688,0.13913530763992868,0.1391353076422128,0.13913530764333884,0.13913530762326956,0.13913530764333884,0.1391353076422128,0.13913530763992868,0.13913530764408688,0.13913530764333884,0.13913530764408688,0.13913530763992868,0.13913530763597465,0.13913530763992868,0.1391353076422128,0.13913530763992868,0.13913530763597465,0.1380798043894972,0.1380798044195061,0.13807980445021018,0.1380798044195061,0.1380798043894972,0.1380798044195061,0.13807980448147614,0.13807980456830984,0.13807980448147614,0.1380798044195061,0.13807980445021018,0.13807980456830984,0.13807980481747162,0.13807980456830984,0.13807980445021018,0.1380798044195061,0.13807980448147614,0.13807980456830984,0.13807980448147614,0.1380798044195061,0.1380798043894972,0.1380798044195061,0.13807980445021018,0.1380798044195061,0.1380798043894972,0.1370447666701659,0.1370447667238324,0.13704476678948788,0.1370447667238324,0.1370447666701659,0.1370447667238324,0.13704476685771122,0.13704476712854743,0.13704476685771122,0.1370447667238324,0.13704476678948788,0.13704476712854743,0.13704476863524154,0.13704476712854743,0.13704476678948788,0.1370447667238324,0.13704476685771122,0.13704476712854743,0.13704476685771122,0.1370447667238324,0.1370447666701659,0.1370447667238324,0.13704476678948788,0.1370447667238324,0.1370447666701659,0.13602973333425045,0.13602973337212973,0.13602973340934355,0.13602973337212973,0.13602973333425045,0.13602973337212973,0.13602973344673508,0.13602973354683046,0.13602973344673508,0.13602973337212973,0.13602973340934355,0.13602973354683046,0.13602973382519185,0.13602973354683046,0.13602973340934355,0.13602973337212973,0.13602973344673508,0.13602973354683046,0.13602973344673508,0.13602973337212973,0.13602973333425045,0.13602973337212973,0.13602973340934355,0.13602973337212973,0.13602973333425045,0.13503425283506393,0.13503425285887263,0.13503425287856108,0.13503425285887263,0.13503425283506393,0.13503425285887263,0.1350342528972687,0.13503425293540386,0.1350342528972687,0.13503425285887263,0.13503425287856108,0.13503425293540386,0.13503425300484967,0.13503425293540386,0.13503425287856108,0.13503425285887263,0.1350342528972687,0.13503425293540386,0.1350342528972687,0.13503425285887263,0.13503425283506393,0.13503425285887263,0.13503425287856108,0.13503425285887263,0.13503425283506393
0.1653324876297478,0.1653324876297478,0.1653324876297478,0.1653324876297478,0.1653324876297478,0.1653324876297478,0.1653324876297478,0.1653324876297478,0.1653324876297478,0.1653324876297478,0.1653324876297478,0.1653324876297478,0.1653324876297478,0.1653324876297478,0.1653324876297478,0.1653324876297478,0.1653324876297478,0.1653324876297478,0.1653324876297478,0.1653324876297478,0.1653324876297478,0.1653324876297478,0.1653324876297478,0.1653324876297478,0.1653324876297478,0.16375749391408898,0.16375749391408898,0.16375749391408875,0.16375749391408898,0.16375749391408898,0.16375749391408898,0.16375749391408875,0.16375749391408875,0.16375749391408875,0.16375749391408875,0.16375749391408875,0.16375749391408875,0.16375749391408875,0.16375749391408875,0.16375749391408875,0.16375749391408898,0.16375749391408875,0.16375749391408875,0.16375749391408875,0.16375749391408898,0.16375749391408898,0.16375749391408875,0.16375749391408875,0.16375749391408898,0.16375749391408898,0.16221388413029814,0.16221388413029814,0.16221388413029814,0.16221388413029814,0.16221388413029814,0.16221388413029814,0.16221388413029814,0.16221388413029791,0.16221388413029814,0.16221388413029814,0.16221388413029814,0.16221388413029791,0.16221388413029791,0.16221388413029791,0.16221388413029814,0.16221388413029814,0.16221388413029814,0.16221388413029791,0.16221388413029814,0.16221388413029814,0.16221388413029814,0.16221388413029814,0.16221388413029814,0.16221388413029814,0.16221388413029814,0.16070106723541677,0.16070106723541655,0.16070106723541655,0.16070106723541655,0.16070106723541677,0.16070106723541655,0.16070106723541655,0.16070106723541655,0.16070106723541655,0.16070106723541655,0.16070106723541655,0.16070106723541655,0.16070106723541655,0.16070106723541655,0.16070106723541655,0.16070106723541655,0.16070106723541655,0.16070106723541655,0.16070106723541655,0.16070106723541655,0.16070106723541677,0.16070106723541655,0.16070106723541655,0.16070106723541655,0.16070106723541677,0.15921845160442347,0.15921845160442324,0.15921845160442302,0.15921845160442324,0.15921845160442347,0.15921845160442324,0.15921845160442302,0.15921845160442283,0.15921845160442302,0.15921845160442324,0.15921845160442302,0.15921845160442283,0.1592184516044226,0.15921845160442283,0.15921845160442302,0.15921845160442324,0.15921845160442302,0.15921845160442283,0.15921845160442302,0.15921845160442324,0.15921845160442347,0.15921845160442324,0.15921845160442302,0.15921845160442324,0.15921845160442347,0.15776544638208617,0.15776544638208553,0.1577654463820849,0.15776544638208553,0.15776544638208617,0.15776544638208553,0.1577654463820847,0.15776544638208403,0.1577654463820847,0.15776544638208553,0.1577654463820849,0.15776544638208403,0.15776544638208362,0.15776544638208403,0.1577654463820849,0.15776544638208553,0.1577654463820847,0.15776544638208403,0.1577654463820847,0.15776544638208553,0.15776544638208617,0.15776544638208553,0.1577654463820849,0.15776544638208553,0.15776544638208617,0.156341462697285,0.1563414626972827,0.156341462697281,0.1563414626972827,0.156341462697285,0.1563414626972827,0.15634146269727994,0.1563414626972785,0.15634146269727994,0.1563414626972827,0.156341462697281,0.1563414626972785,0.15634146269727683,0.1563414626972785,0.156341462697281,0.1563414626972827,0.15634146269727994,0.1563414626972785,0.15634146269727994,0.1563414626972827,0.156341462697285,0.1563414626972827,0.156341462697281,0.1563414626972827,0.156341462697285,0.15494591475007416,0.15494591475006658,0.15494591475006186,0.15494591475006658,0.15494591475007435,0.15494591475006658,0.15494591475005856,0.15494591475005365,0.15494591475005856,0.15494591475006658,0.15494591475006186,0.15494591475005365,0.15494591475004835,0.15494591475005365,0.15494591475006186,0.15494591475006658,0.15494591475005856,0.15494591475005365,0.15494591475005856,0.15494591475006658,0.15494591475007435,0.15494591475006658,0.15494591475006186,0.15494591475006658,0.15494591475007435,0.15357822078119193,0.15357822078116884,0.15357822078115418,0.15357822078116884,0.15357822078119193,0.15357822078116884,0.15357822078114375,0.15357822078112768,0.15357822078114375,0.15357822078116884,0.15357822078115418,0.15357822078112768,0.1535782207811106,0.15357822078112768,0.15357822078115418,0.15357822078116884,0.15357822078114375,0.15357822078112768,0.15357822078114375,0.15357822078116884,0.15357822078119193,0.15357822078116884,0.15357822078115418,0.15357822078116884,0.15357822078119193,0.1522378039331764,0.15223780393310674,0.15223780393306163,0.15223780393310674,0.1522378039331764,0.15223780393310674,0.1522378039330282,0.15223780393297662,0.1522378039330282,0.15223780393310674,0.15223780393306163,0.15223780393297662,0.1522378039329199,0.15223780393297662,0.15223780393306163,0.15223780393310674,0.1522378039330282,0.15223780393297662,0.1522378039330282,0.15223780393310674,0.1522378039331764,0.15223780393310674,0.15223780393306163,0.15223780393310674,0.1522378039331764,0.15092409301171558,0.15092409301150958,0.15092409301137316,0.15092409301150958,0.15092409301171558,0.15092409301150958,0.1509240930112659,0.15092409301109727,0.1509240930112659,0.15092409301150958,0.15092409301137316,0.15092409301109727,0.15092409301090148,0.15092409301109727,0.15092409301137316,0.15092409301150958,0.1509240930112659,0.15092409301109727,0.1509240930112659,0.15092409301150958,0.15092409301171558,0.15092409301150958,0.15092409301137316,0.15092409301150958,0.15092409301171558,0.14963652315535733,0.1496365231547672,0.14963652315435994,0.1496365231547672,0.14963652315535733,0.1496365231547672,0.1496365231540196,0.149636523153468,0.1496365231540196,0.1496365231547672,0.14963652315435994,0.149636523153468,0.14963652315278014,0.149636523153468,0.14963652315435994,0.1496365231547672,0.1496365231540196,0.149636523153468,0.1496365231540196,0.1496365231547672,0.14963652315535733,0.1496365231547672,0.14963652315435994,0.1496365231547672,0.14963652315535733,0.14837453642127058,0.1483745364196534,0.14837453641846635,0.1483745364196534,0.14837453642127058,0.1483745364196534,0.14837453641741424,0.14837453641558615,0.14837453641741424,0.1483745364196534,0.14837453641846635,0.14837453641558615,0.148374536412983,0.14837453641558615,0.14837453641846635,0.1483745364196534,0.14837453641741424,0.14837453641558615,0.14837453641741424,0.1483745364196534,0.14837453642127058,0.1483745364196534,0.14837453641846635,0.1483745364196534,0.14837453642127058,0.14713758229440352,0.14713758229026808,0.1471375822869414,0.14713758229026808,0.14713758229440352,0.14713758229026808,0.1471375822838369,0.14713758227766272,0.1471375822838369,0.14713758229026808,0.1471375822869414,0.14713758227766272,0.1471375822667631,0.14713758227766272,0.1471375822869414,0.14713758229026808,0.1471375822838369,0.14713758227766272,0.1471375822838369,0.14713758229026808,0.14713758229440352,0.14713758229026808,0.1471375822869414,0.14713758229026808,0.14713758229440352,0.1459251181270845,0.14592511811765366,0.14592511810905423,0.14592511811765366,0.1459251181270845,0.14592511811765366,0.14592511810064573,0.1459251180800485,0.14592511810064573,0.14592511811765366,0.14592511810905423,0.1459251180800485,0.14592511802850464,0.1459251180800485,0.14592511810905423,0.14592511811765366,0.14592511810064573,0.1459251180800485,0.14592511810064573,0.14592511811765366,0.1459251181270845,0.14592511811765366,0.14592511810905423,0.14592511811765366,0.1459251181270845,0.144736609515175,0.14473660949759207,0.14473660947912295,0.14473660949759207,0.144736609515175,0.14473660949759207,0.14473660946045588,0.1447366093995949,0.14473660946045588,0.14473660949759207,0.14473660947912295,0.1447366093995949,0.14473660912281017,0.1447366093995949,0.14473660947912295,0.14473660949759207,0.14473660946045588,0.1447366093995949,0.14473660946045588,0.14473660949759207,0.144736609515175,0.14473660949759207,0.14473660947912295,0.14473660949759207,0.144736609515175,0.14357153061307865,0.1435715305901745,0.14357153056641186,0.1435715305901745,0.14357153061307865,0.1435715305901745,0.14357153054235922,0.143571530467523,0.14357153054235922,0.1435715305901745,0.14357153056641186,0.143571530467523,0.1435715301587886,0.143571530467523,0.14357153056641186,0.1435715305901745,0.14357153054235922,0.143571530467523,0.14357153054235922,0.1435715305901745,0.14357153061307865,0.1435715305901745,0.14357153056641186,0.1435715305901745,0.14357153061307865,0.14242936438343948,0.14242936435808912,0.1424293643317264,0.14242936435808912,0.1424293643834393,0.14242936435808912,0.14242936430496828,0.14242936422234054,0.14242936430496828,0.14242936435808912,0.1424293643317264,0.14242936422234054,0.14242936388630625,0.14242936422234054,0.1424293643317264,0.14242936435808912,0.14242936430496828,0.14242936422234054,0.14242936430496828,0.14242936435808912,0.1424293643834393,0.14242936435808912,0.1424293643317264,0.14242936435808912,0.1424293643834393,0.14130960280985702,0.1413096027855577,0.14130960275915386,0.1413096027855577,0.14130960280985702,0.1413096027855577,0.14130960273206866,0.14130960264397732,0.14130960273206866,0.1413096027855577,0.14130960275915386,0.14130960264397732,0.14130960226635597,0.14130960264397732,0.14130960275915386,0.1413096027855577,0.14130960273206866,0.14130960264397732,0.14130960273206866,0.1413096027855577,0.14130960280985702,0.1413096027855577,0.14130960275915386,0.1413096027855577,0.14130960280985702,0.1402117470644408,0.1402117470484147,0.14021174702894923,0.1402117470484147,0.1402117470644408,0.1402117470484147,0.14021174700857475,0.14021174693247015,0.14021174700857475,0.1402117470484147,0.14021174702894923,0.14021174693247015,0.14021174654986593,0.14021174693247015,0.14021174702894923,0.1402117470484147,0.14021174700857475,0.14021174693247015,0.14021174700857475,0.1402117470484147,0.1402117470644408,0.1402117470484147,0.14021174702894923,0.1402117470484147,0.1402117470644408,0.1391353076291556,0.13913530763308923,0.1391353076353716,0.13913530763308923,0.1391353076291556,0.13913530763308923,0.13913530763724885,0.1391353076365742,0.13913530763724885,0.13913530763308923,0.1391353076353716,0.1391353076365742,0.13913530761690981,0.1391353076365742,0.1391353076353716,0.13913530763308923,0.13913530763724885,0.1391353076365742,0.13913530763724885,0.13913530763308923,0.1391353076291556,0.13913530763308923,0.1391353076353716,0.13913530763308923,0.1391353076291556,0.13807980437963036,0.13807980440930512,0.13807980443966533,0.13807980440930512,0.13807980437963036,0.13807980440930512,0.13807980447058044,0.13807980455643276,0.13807980447058044,0.13807980440930512,0.13807980443966533,0.13807980455643276,0.1380798048027588,0.13807980455643276,0.13807980443966533,0.13807980440930512,0.13807980447058044,0.13807980455643276,0.13807980447058044,0.13807980440930512,0.13807980437963036,0.13807980440930512,0.13807980443966533,0.13807980440930512,0.13807980437963036,0.1370447666578992,0.13704476671095203,0.1370447667758546,0.13704476671095203,0.1370447666578992,0.13704476671095203,0.13704476684329497,0.13704476711101599,0.13704476684329497,0.13704476671095203,0.1370447667758546,0.13704476711101599,0.13704476860034215,0.13704476711101599,0.1370447667758546,0.13704476671095203,0.13704476684329497,0.13704476711101599,0.13704476684329497,0.13704476671095203,0.1370447666578992,0.13704476671095203,0.1370447667758546,0.13704476671095203,0.1370447666578992,0.13602973332081567,0.1360297333582603,0.13602973339504662,0.1360297333582603,0.13602973332081567,0.1360297333582603,0.13602973343200828,0.13602973353095213,0.13602973343200828,0.1360297333582603,0.13602973339504662,0.13602973353095213,0.1360297338061082,0.13602973353095213,0.13602973339504662,0.1360297333582603,0.13602973343200828,0.13602973353095213,0.13602973343200828,0.1360297333582603,0.13602973332081567,0.1360297333582603,0.13602973339504662,0.1360297333582603,0.13602973332081567,0.1350342528213378,0.13503425284487308,0.13503425286433526,0.13503425284487308,0.1350342528213378,0.13503425284487308,0.1350342528828276,0.1350342529205242,0.1350342528828276,0.13503425284487308,0.13503425286433526,0.1350342529205242,0.13503425298917035,0.1350342529205242,0.13503425286433526,0.13503425284487308,0.1350342528828276,0.1350342529205242,0.1350342528828276,0.13503425284487308,0.1350342528213378,0.13503425284487308,0.13503425286433526,0.13503425284487308,0.1350342528213378
0.16533248763403355,0.16533248763403355,0.16533248763403355,0.16533248763403355,0.16533248763403355,0.16533248763403355,0.16533248763403355,0.16533248763403355,0.16533248763403355,0.16533248763403355,0.16533248763403355,0.16533248763403355,0.16533248763403355,0.16533248763403355,0.16533248763403355,0.16533248763403355,0.16533248763403355,0.16533248763403355,0.16533248763403355,0.16533248763403355,0.16533248763403355,0.16533248763403355,0.16533248763403355,0.16533248763403355,0.16533248763403355,0.16375749391828825,0.163757493918288,0.163757493918288,0.16375749391828825,0.16375749391828825,0.163757493918288,0.163757493918288,0.163757493918288,0.163757493918288,0.163757493918288,0.163757493918288,0.163757493918288,0.163757493918288,0.163757493918288,0.163757493918288,0.16375749391828825,0.163757493918288,0.163757493918288,0.163757493918288,0.16375749391828825,0.16375749391828825,0.163757493918288,0.163757493918288,0.16375749391828825,0.16375749391828825,0.16221388413441165,0.16221388413441165,0.16221388413441165,0.16221388413441165,0.16221388413441165,0.16221388413441165,0.16221388413441165,0.16221388413441165,0.16221388413441165,0.16221388413441165,0.16221388413441165,0.16221388413441165,0.16221388413441165,0.16221388413441165,0.16221388413441165,0.16221388413441165,0.16221388413441165,0.16221388413441165,0.16221388413441165,0.16221388413441165,0.16221388413441165,0.16221388413441165,0.16221388413441165,0.16221388413441165,0.16221388413441187,0.1607010672394455,0.1607010672394455,0.16070106723944527,0.1607010672394455,0.1607010672394455,0.1607010672394455,0.16070106723944527,0.16070106723944527,0.16070106723944527,0.1607010672394455,0.16070106723944527,0.16070106723944527,0.16070106723944527,0.16070106723944527,0.16070106723944527,0.1607010672394455,0.16070106723944527,0.16070106723944527,0.16070106723944527,0.1607010672394455,0.1607010672394455,0.1607010672394455,0.16070106723944527,0.1607010672394455,0.1607010672394455,0.15921845160836828,0.15921845160836784,0.15921845160836784,0.15921845160836784,0.15921845160836828,0.15921845160836784,0.15921845160836762,0.15921845160836742,0.15921845160836762,0.15921845160836784,0.15921845160836784,0.15921845160836742,0.15921845160836742,0.15921845160836742,0.15921845160836784,0.15921845160836784,0.15921845160836762,0.15921845160836742,0.15921845160836762,0.15921845160836784,0.15921845160836828,0.15921845160836784,0.15921845160836784,0.15921845160836784,0.15921845160836828,0.1577654463859475,0.15776544638594664,0.15776544638594622,0.15776544638594664,0.1577654463859475,0.15776544638594664,0.1577654463859458,0.15776544638594536,0.1577654463859458,0.15776544638594664,0.15776544638594622,0.15776544638594536,0.15776544638594497,0.15776544638594536,0.15776544638594622,0.15776544638594664,0.1577654463859458,0.15776544638594536,0.1577654463859458,0.15776544638594664,0.1577654463859475,0.15776544638594664,0.15776544638594622,0.15776544638594664,0.1577654463859475,0.15634146270106353,0.156341462701061,0.15634146270105956,0.156341462701061,0.15634146270106353,0.156341462701061,0.15634146270105853,0.15634146270105703,0.15634146270105853,0.156341462701061,0.15634146270105956,0.15634146270105703,0.15634146270105537,0.15634146270105703,0.15634146270105956,0.156341462701061,0.15634146270105853,0.15634146270105703,0.15634146270105853,0.156341462701061,0.15634146270106353,0.156341462701061,0.15634146270105956,0.156341462701061,0.15634146270106353,0.1549459147537707,0.15494591475376313,0.1549459147537584,0.15494591475376313,0.1549459147537707,0.15494591475376313,0.15494591475375516,0.15494591475375022,0.15494591475375516,0.15494591475376313,0.1549459147537584,0.15494591475375022,0.1549459147537449,0.15494591475375022,0.1549459147537584,0.15494591475376313,0.15494591475375516,0.15494591475375022,0.15494591475375516,0.15494591475376313,0.1549459147537707,0.15494591475376313,0.1549459147537584,0.15494591475376313,0.1549459147537707,0.15357822078480693,0.1535782207847838,0.15357822078476935,0.1535782207847838,0.15357822078480693,0.1535782207847838,0.1535782207847589,0.15357822078474304,0.1535782207847589,0.1535782207847838,0.15357822078476935,0.15357822078474304,0.1535782207847262,0.15357822078474304,0.15357822078476935,0.1535782207847838,0.1535782207847589,0.15357822078474304,0.1535782207847589,0.1535782207847838,0.15357822078480693,0.1535782207847838,0.15357822078476935,0.1535782207847838,0.15357822078480693,0.15223780393671008,0.152237803936641,0.1522378039365963,0.152237803936641,0.15223780393671008,0.152237803936641,0.15223780393656322,0.15223780393651204,0.15223780393656322,0.152237803936641,0.1522378039365963,0.15223780393651204,0.15223780393645578,0.15223780393651204,0.1522378039365963,0.152237803936641,0.15223780393656322,0.15223780393651204,0.15223780393656322,0.152237803936641,0.15223780393671008,0.152237803936641,0.1522378039365963,0.152237803936641,0.15223780393671008,0.1509240930151675,0.15092409301496343,0.15092409301482795,0.15092409301496343,0.1509240930151675,0.15092409301496343,0.15092409301472165,0.15092409301455462,0.15092409301472165,0.15092409301496343,0.15092409301482795,0.15092409301455462,0.15092409301436033,0.15092409301455462,0.15092409301482795,0.15092409301496343,0.15092409301472165,0.15092409301455462,0.15092409301472165,0.15092409301496343,0.1509240930151675,0.15092409301496343,0.15092409301482795,0.15092409301496343,0.1509240930151675,0.14963652315872475,0.1496365231581399,0.14963652315773604,0.1496365231581399,0.14963652315872475,0.1496365231581399,0.1496365231573985,0.1496365231568517,0.1496365231573985,0.1496365231581399,0.14963652315773604,0.1496365231568517,0.14963652315616968,0.1496365231568517,0.14963652315773604,0.1496365231581399,0.1496365231573985,0.1496365231568517,0.1496365231573985,0.1496365231581399,0.14963652315872475,0.1496365231581399,0.14963652315773604,0.1496365231581399,0.14963652315872475,0.1483745364245435,0.1483745364229406,0.14837453642176393,0.1483745364229406,0.1483745364245435,0.1483745364229406,0.1483745364207209,0.14837453641890855,0.1483745364207209,0.1483745364229406,0.14837453642176393,0.14837453641890855,0.14837453641632728,0.14837453641890855,0.14837453642176393,0.1483745364229406,0.1483745364207209,0.14837453641890855,0.1483745364207209,0.1483745364229406,0.1483745364245435,0.1483745364229406,0.14837453642176393,0.1483745364229406,0.1483745364245435,0.14713758229755328,0.14713758229345472,0.14713758229015728,0.14713758229345472,0.14713758229755328,0.14713758229345472,0.14713758228707963,0.14713758228095852,0.14713758228707963,0.14713758229345472,0.14713758229015728,0.14713758228095852,0.14713758227015047,0.14713758228095852,0.14713758229015728,0.14713758229345472,0.14713758228707963,0.14713758228095852,0.14713758228707963,0.14713758229345472,0.14713758229755328,0.14713758229345472,0.14713758229015728,0.14713758229345472,0.14713758229755328,0.14592511813003572,0.14592511812069003,0.145925118112167,0.14592511812069003,0.14592511813003572,0.14592511812069003,0.14592511810383235,0.14592511808341174,0.14592511810383235,0.14592511812069003,0.145925118112167,0.14592511808341174,0.1459251180322972,0.14592511808341174,0.145925118112167,0.14592511812069003,0.14592511810383235,0.14592511808341174,0.14592511810383235,0.14592511812069003,0.14592511813003572,0.14592511812069003,0.145925118112167,0.14592511812069003,0.14592511813003572,0.14473660951775047,0.14473660950033268,0.14473660948203182,0.14473660950033268,0.14473660951775047,0.14473660950033268,0.14473660946353356,0.1447366094032002,0.14473660946353356,0.14473660950033268,0.14473660948203182,0.1447366094032002,0.14473660912870018,0.1447366094032002,0.14473660948203182,0.14473660950033268,0.14473660946353356,0.1447366094032002,0.14473660946353356,0.14473660950033268,0.14473660951775047,0.14473660950033268,0.14473660948203182,0.14473660950033268,0.14473660951775047,0.14357153061493366,0.14357153059226582,0.14357153056874467,0.14357153059226582,0.14357153061493366,0.14357153059226582,0.1435715305449355,0.14357153047084292,0.1435715305449355,0.14357153059226582,0.14357153056874467,0.14357153047084292,0.14357153016510216,0.14357153047084292,0.14357153056874467,0.14357153059226582,0.1435715305449355,0.14357153047084292,0.1435715305449355,0.14357153059226582,0.14357153061493366,0.14357153059226582,0.14357153056874467,0.14357153059226582,0.14357153061493366,0.1424293643840781,0.14242936435901782,0.14242936433295653,0.14242936435901782,0.1424293643840781,0.14242936435901782,0.14242936430650455,0.14242936422482108,0.14242936430650455,0.14242936435901782,0.14242936433295653,0.14242936422482108,0.14242936389262129,0.14242936422482108,0.14242936433295653,0.14242936435901782,0.14242936430650455,0.14242936422482108,0.14242936430650455,0.14242936435901782,0.1424293643840781,0.14242936435901782,0.14242936433295653,0.14242936435901782,0.1424293643840781,0.14130960280866564,0.14130960278467072,0.1413096027586001,0.14130960278467072,0.14130960280866564,0.14130960278467072,0.141309602731857,0.14130960264488798,0.141309602731857,0.14130960278467072,0.1413096027586001,0.14130960264488798,0.14130960227210948,0.14130960264488798,0.1413096027586001,0.14130960278467072,0.141309602731857,0.14130960264488798,0.141309602731857,0.14130960278467072,0.14130960280866564,0.14130960278467072,0.1413096027586001,0.14130960278467072,0.14130960280866564,0.140211747060767,0.14021174704496228,0.14021174702576497,0.14021174704496228,0.140211747060767,0.14021174704496228,0.14021174700567074,0.1402117469306148,0.14021174700567074,0.14021174704496228,0.14021174702576497,0.1402117469306148,0.1402117465533016,0.1402117469306148,0.14021174702576497,0.14021174704496228,0.14021174700567074,0.1402117469306148,0.14021174700567074,0.14021174704496228,0.140211747060767,0.14021174704496228,0.14021174702576497,0.14021174704496228,0.140211747060767,0.13913530762250997,0.1391353076264237,0.13913530762870432,0.1391353076264237,0.13913530762250997,0.1391353076264237,0.1391353076305846,0.13913530762998125,0.1391353076305846,0.1391353076264237,0.13913530762870432,0.13913530762998125,0.13913530761071105,0.13913530762998125,0.13913530762870432,0.1391353076264237,0.1391353076305846,0.13913530762998125,0.1391353076305846,0.1391353076264237,0.13913530762250997,0.1391353076264237,0.13913530762870432,0.1391353076264237,0.13913530762250997,0.1380798043700147,0.13807980439936404,0.13807980442938902,0.13807980439936404,0.1380798043700147,0.13807980439936404,0.13807980445996226,0.13807980454485813,0.13807980445996226,0.13807980439936404,0.13807980442938902,0.13807980454485813,0.13807980478842075,0.13807980454485813,0.13807980442938902,0.13807980439936404,0.13807980445996226,0.13807980454485813,0.13807980445996226,0.13807980439936404,0.1380798043700147,0.13807980439936404,0.13807980442938902,0.13807980439936404,0.1380798043700147,0.13704476664594503,0.1370447666983999,0.1370447667625687,0.1370447666983999,0.13704476664594503,0.1370447666983999,0.13704476682924616,0.13704476709393143,0.13704476682924616,0.1370447666983999,0.1370447667625687,0.13704476709393143,0.13704476856636394,0.13704476709393143,0.1370447667625687,0.1370447666983999,0.13704476682924616,0.13704476709393143,0.13704476682924616,0.1370447666983999,0.13704476664594503,0.1370447666983999,0.1370447667625687,0.1370447666983999,0.13704476664594503,0.13602973330772355,0.13602973334474455,0.13602973338111413,0.13602973334474455,0.13602973330772355,0.13602973334474455,0.13602973341765712,0.13602973351547876,0.13602973341765712,0.13602973334474455,0.13602973338111413,0.13602973351547876,0.13602973378751132,0.13602973351547876,0.13602973338111413,0.13602973334474455,0.13602973341765712,0.13602973351547876,0.13602973341765712,0.13602973334474455,0.13602973330772355,0.13602973334474455,0.13602973338111413,0.13602973334474455,0.13602973330772355,0.1350342528079616,0.13503425283123044,0.1350342528504721,0.13503425283123044,0.1350342528079616,0.13503425283123044,0.1350342528687549,0.1350342529060239,0.1350342528687549,0.13503425283123044,0.1350342528504721,0.1350342529060239,0.13503425297389118,0.1350342529060239,0.1350342528504721,0.13503425283123044,0.1350342528687549,0.1350342529060239,0.1350342528687549,0.13503425283123044,0.1350342528079616,0.13503425283123044,0.1350342528504721,0.13503425283123044,0.1350342528079616
0.16533248763821076,0.16533248763821076,0.16533248763821076,0.16533248763821076,0.16533248763821076,0.16533248763821076,0.16533248763821076,0.16533248763821076,0.16533248763821076,0.16533248763821076,0.16533248763821076,0.16533248763821076,0.16533248763821076,0.16533248763821076,0.16533248763821076,0.16533248763821076,0.16533248763821076,0.16533248763821076,0.16533248763821076,0.16533248763821076,0.16533248763821076,0.16533248763821076,0.16533248763821076,0.16533248763821076,0.16533248763821076,0.1637574939223811,0.1637574939223811,0.1637574939223811,0.1637574939223811,0.1637574939223811,0.1637574939223811,0.1637574939223811,0.1637574939223811,0.1637574939223811,0.1637574939223811,0.1637574939223811,0.1637574939223811,0.1637574939223811,0.1637574939223811,0.1637574939223811,0.1637574939223811,0.1637574939223811,0.1637574939223811,0.1637574939223811,0.1637574939223811,0.1637574939223811,0.1637574939223811,0.1637574939223811,0.1637574939223811,0.16375749392238137,0.16221388413842158,0.16221388413842133,0.16221388413842133,0.16221388413842133,0.16221388413842158,0.16221388413842133,0.16221388413842133,0.16221388413842133,0.16221388413842133,0.16221388413842133,0.16221388413842133,0.16221388413842133,0.16221388413842133,0.16221388413842133,0.16221388413842133,0.16221388413842133,0.16221388413842133,0.16221388413842133,0.16221388413842133,0.16221388413842133,0.16221388413842158,0.16221388413842133,0.16221388413842133,0.16221388413842133,0.16221388413842158,0.16070106724337252,0.16070106724337252,0.16070106724337252,0.16070106724337252,0.16070106724337252,0.16070106724337252,0.16070106724337227,0.16070106724337227,0.16070106724337227,0.16070106724337252,0.16070106724337252,0.16070106724337227,0.16070106724337227,0.16070106724337227,0.16070106724337252,0.16070106724337252,0.16070106724337227,0.16070106724337227,0.16070106724337227,0.16070106724337252,0.16070106724337252,0.16070106724337252,0.16070106724337252,0.16070106724337252,0.16070106724337252,0.15921845161221318,0.15921845161221296,0.15921845161221296,0.15921845161221296,0.15921845161221318,0.15921845161221296,0.1592184516122127,0.1592184516122125,0.1592184516122127,0.15921845161221296,0.15921845161221296,0.1592184516122125,0.1592184516122125,0.1592184516122125,0.15921845161221296,0.15921845161221296,0.1592184516122127,0.1592184516122125,0.1592184516122127,0.15921845161221296,0.15921845161221318,0.15921845161221296,0.15921845161221296,0.15921845161221296,0.15921845161221318,0.15776544638971132,0.15776544638971046,0.15776544638971005,0.15776544638971046,0.15776544638971132,0.15776544638971046,0.15776544638970982,0.15776544638970919,0.15776544638970982,0.15776544638971046,0.15776544638971005,0.15776544638970919,0.15776544638970877,0.15776544638970919,0.15776544638971005,0.15776544638971046,0.15776544638970982,0.15776544638970919,0.15776544638970982,0.15776544638971046,0.15776544638971132,0.15776544638971046,0.15776544638971005,0.15776544638971046,0.15776544638971132,0.15634146270474675,0.15634146270474444,0.15634146270474278,0.15634146270474444,0.15634146270474675,0.15634146270474444,0.15634146270474192,0.15634146270474025,0.15634146270474192,0.15634146270474444,0.15634146270474278,0.15634146270474025,0.1563414627047386,0.15634146270474025,0.15634146270474278,0.15634146270474444,0.15634146270474192,0.15634146270474025,0.15634146270474192,0.15634146270474444,0.15634146270474675,0.15634146270474444,0.15634146270474278,0.15634146270474444,0.15634146270474675,0.15494591475737404,0.15494591475736647,0.15494591475736175,0.15494591475736647,0.15494591475737404,0.15494591475736647,0.15494591475735867,0.15494591475735373,0.15494591475735867,0.15494591475736647,0.15494591475736175,0.15494591475735373,0.15494591475734842,0.15494591475735373,0.15494591475736175,0.15494591475736647,0.15494591475735867,0.15494591475735373,0.15494591475735867,0.15494591475736647,0.15494591475737404,0.15494591475736647,0.15494591475736175,0.15494591475736647,0.15494591475737404,0.15357822078833072,0.153578220788308,0.15357822078829356,0.153578220788308,0.15357822078833072,0.153578220788308,0.1535782207882833,0.15357822078826744,0.1535782207882833,0.153578220788308,0.15357822078829356,0.15357822078826744,0.15357822078825079,0.15357822078826744,0.15357822078829356,0.153578220788308,0.1535782207882833,0.15357822078826744,0.1535782207882833,0.153578220788308,0.15357822078833072,0.153578220788308,0.15357822078829356,0.153578220788308,0.15357822078833072,0.15223780394015496,0.15223780394008646,0.15223780394004216,0.15223780394008646,0.15223780394015496,0.15223780394008646,0.1522378039400093,0.1522378039399585,0.1522378039400093,0.15223780394008646,0.15223780394004216,0.1522378039399585,0.15223780393990283,0.1522378039399585,0.15223780394004216,0.15223780394008646,0.1522378039400093,0.1522378039399585,0.1522378039400093,0.15223780394008646,0.15223780394015496,0.15223780394008646,0.15223780394004216,0.15223780394008646,0.15223780394015496,0.1509240930185328,0.15092409301833043,0.15092409301819634,0.15092409301833043,0.1509240930185328,0.15092409301833043,0.15092409301809082,0.15092409301792492,0.15092409301809082,0.15092409301833043,0.15092409301819634,0.15092409301792492,0.15092409301773257,0.15092409301792492,0.15092409301819634,0.15092409301833043,0.15092409301809082,0.15092409301792492,0.15092409301809082,0.15092409301833043,0.1509240930185328,0.15092409301833043,0.15092409301819634,0.15092409301833043,0.1509240930185328,0.14963652316200782,0.1496365231614279,0.1496365231610276,0.1496365231614279,0.14963652316200782,0.1496365231614279,0.14963652316069273,0.1496365231601506,0.14963652316069273,0.1496365231614279,0.1496365231610276,0.1496365231601506,0.14963652315947445,0.1496365231601506,0.1496365231610276,0.1496365231614279,0.14963652316069273,0.1496365231601506,0.14963652316069273,0.1496365231614279,0.14963652316200782,0.1496365231614279,0.1496365231610276,0.1496365231614279,0.14963652316200782,0.14837453642773468,0.1483745364261455,0.14837453642497903,0.1483745364261455,0.14837453642773468,0.1483745364261455,0.1483745364239449,0.14837453642214776,0.1483745364239449,0.1483745364261455,0.14837453642497903,0.14837453642214776,0.14837453641958814,0.14837453642214776,0.14837453642497903,0.1483745364261455,0.1483745364239449,0.14837453642214776,0.1483745364239449,0.1483745364261455,0.14837453642773468,0.1483745364261455,0.14837453642497903,0.1483745364261455,0.14837453642773468,0.14713758230062454,0.14713758229656176,0.14713758229329268,0.14713758229656176,0.14713758230062454,0.14713758229656176,0.14713758229024157,0.14713758228417204,0.14713758229024157,0.14713758229656176,0.14713758229329268,0.14713758228417204,0.14713758227345353,0.14713758228417204,0.14713758229329268,0.14713758229656176,0.14713758229024157,0.14713758228417204,0.14713758229024157,0.14713758229656176,0.14713758230062454,0.14713758229656176,0.14713758229329268,0.14713758229656176,0.14713758230062454,0.14592511813291323,0.1459251181236509,0.1459251181152021,0.1459251181236509,0.14592511813291323,0.1459251181236509,0.1459251181069396,0.14592511808669154,0.1459251181069396,0.1459251181236509,0.1459251181152021,0.14592511808669154,0.14592511803599598,0.14592511808669154,0.1459251181152021,0.1459251181236509,0.1459251181069396,0.14592511808669154,0.1459251181069396,0.1459251181236509,0.14592511813291323,0.1459251181236509,0.1459251181152021,0.1459251181236509,0.14592511813291323,0.14473660952026154,0.14473660950300501,0.14473660948486844,0.14473660950300501,0.14473660952026154,0.14473660950300501,0.14473660946653494,0.14473660940671615,0.14473660946653494,0.14473660950300501,0.14473660948486844,0.14473660940671615,0.14473660913445247,0.14473660940671615,0.14473660948486844,0.14473660950300501,0.14473660946653494,0.14473660940671615,0.14473660946653494,0.14473660950300501,0.14473660952026154,0.14473660950300501,0.14473660948486844,0.14473660950300501,0.14473660952026154,0.14357153061674233,0.14357153059430483,0.1435715305710191,0.14357153059430483,0.14357153061674233,0.14357153059430483,0.14357153054744762,0.14357153047407986,0.14357153054744762,0.14357153059430483,0.1435715305710191,0.14357153047407986,0.14357153017127228,0.14357153047407986,0.1435715305710191,0.14357153059430483,0.14357153054744762,0.14357153047407986,0.14357153054744762,0.14357153059430483,0.14357153061674233,0.14357153059430483,0.1435715305710191,0.14357153059430483,0.14357153061674233,0.14242936438470066,0.14242936435992318,0.1424293643341558,0.14242936435992318,0.14242936438470066,0.14242936435992318,0.14242936430800207,0.14242936422723906,0.14242936430800207,0.14242936435992318,0.1424293643341558,0.14242936422723906,0.14242936389878263,0.14242936422723906,0.1424293643341558,0.14242936435992318,0.14242936430800207,0.14242936422723906,0.14242936430800207,0.14242936435992318,0.14242936438470066,0.14242936435992318,0.1424293643341558,0.14242936435992318,0.14242936438470066,0.14130960280750368,0.14130960278380564,0.1413096027580595,0.14130960278380564,0.14130960280750368,0.14130960278380564,0.14130960273164994,0.14130960264577444,0.14130960273164994,0.14130960278380564,0.1413096027580595,0.14130960264577444,0.14130960227773537,0.14130960264577444,0.1413096027580595,0.14130960278380564,0.14130960273164994,0.14130960264577444,0.14130960273164994,0.14130960278380564,0.14130960280750368,0.14130960278380564,0.1413096027580595,0.14130960278380564,0.14130960280750368,0.1402117470571849,0.14021174704159595,0.14021174702265987,0.14021174704159595,0.1402117470571849,0.14021174704159595,0.14021174700283867,0.14021174692880473,0.14021174700283867,0.14021174704159595,0.14021174702265987,0.14021174692880473,0.1402117465566668,0.14021174692880473,0.14021174702265987,0.14021174704159595,0.14021174700283867,0.14021174692880473,0.14021174700283867,0.14021174704159595,0.1402117470571849,0.14021174704159595,0.14021174702265987,0.14021174704159595,0.1402117470571849,0.13913530761603118,0.13913530761992532,0.1391353076222042,0.13913530761992532,0.13913530761603118,0.13913530761992532,0.1391353076240873,0.13913530762355336,0.1391353076240873,0.13913530761992532,0.1391353076222042,0.13913530762355336,0.13913530760466689,0.13913530762355336,0.1391353076222042,0.13913530761992532,0.1391353076240873,0.13913530762355336,0.1391353076240873,0.13913530761992532,0.13913530761603118,0.13913530761992532,0.1391353076222042,0.13913530761992532,0.13913530761603118,0.13807980436064088,0.13807980438967288,0.13807980441937104,0.13807980438967288,0.13807980436064088,0.13807980438967288,0.1380798044496108,0.13807980453357438,0.1380798044496108,0.13807980438967288,0.13807980441937104,0.13807980453357438,0.13807980477444315,0.13807980453357438,0.13807980441937104,0.13807980438967288,0.1380798044496108,0.13807980453357438,0.1380798044496108,0.13807980438967288,0.13807980436064088,0.13807980438967288,0.13807980441937104,0.13807980438967288,0.13807980436064088,0.13704476663429163,0.13704476668616355,0.1370447667496172,0.13704476668616355,0.13704476663429163,0.13704476668616355,0.13704476681555083,0.13704476707727695,0.13704476681555083,0.13704476668616355,0.1370447667496172,0.13704476707727695,0.1370447685332137,0.13704476707727695,0.1370447667496172,0.13704476668616355,0.13704476681555083,0.13704476707727695,0.13704476681555083,0.13704476668616355,0.13704476663429163,0.13704476668616355,0.1370447667496172,0.13704476668616355,0.13704476663429163,0.13602973329496065,0.13602973333156892,0.1360297333675325,0.13602973333156892,0.13602973329496065,0.13602973333156892,0.13602973340366706,0.13602973350039474,0.13602973340366706,0.13602973333156892,0.1360297333675325,0.13602973350039474,0.13602973376938268,0.13602973350039474,0.1360297333675325,0.13602973333156892,0.13602973340366706,0.13602973350039474,0.13602973340366706,0.13602973333156892,0.13602973329496065,0.13602973333156892,0.1360297333675325,0.13602973333156892,0.13602973329496065,0.13503425279492223,0.13503425281793116,0.13503425283695786,0.13503425281793116,0.13503425279492223,0.13503425281793116,0.13503425285503637,0.13503425289188856,0.13503425285503637,0.13503425281793116,0.13503425283695786,0.13503425289188856,0.13503425295899643,0.13503425289188856,0.13503425283695786,0.13503425281793116,0.13503425285503637,0.13503425289188856,0.13503425285503637,0.13503425281793116,0.13503425279492223,0.13503425281793116,0.13503425283695786,0.13503425281793116,0.13503425279492223
0.16533248764228345,0.16533248764228345,0.16533248764228345,0.16533248764228345,0.16533248764228345,0.16533248764228345,0.16533248764228345,0.16533248764228345,0.16533248764228345,0.16533248764228345,0.16533248764228345,0.16533248764228345,0.16533248764228345,0.16533248764228345,0.16533248764228345,0.16533248764228345,0.16533248764228345,0.16533248764228345,0.16533248764228345,0.16533248764228345,0.16533248764228345,0.16533248764228345,0.16533248764228345,0.16533248764228345,0.16533248764228345,0.16375749392637176,0.16375749392637176,0.16375749392637176,0.16375749392637176,0.16375749392637176,0.16375749392637176,0.16375749392637176,0.16375749392637176,0.16375749392637176,0.16375749392637176,0.16375749392637176,0.16375749392637176,0.16375749392637176,0.16375749392637176,0.16375749392637176,0.16375749392637176,0.16375749392637176,0.16375749392637176,0.16375749392637176,0.16375749392637176,0.16375749392637176,0.16375749392637176,0.16375749392637176,0.16375749392637176,0.16375749392637176,0.1622138841423306,0.1622138841423306,0.1622138841423306,0.1622138841423306,0.1622138841423306,0.1622138841423306,0.1622138841423306,0.1622138841423306,0.1622138841423306,0.1622138841423306,0.1622138841423306,0.1622138841423306,0.1622138841423306,0.1622138841423306,0.1622138841423306,0.1622138841423306,0.1622138841423306,0.1622138841423306,0.1622138841423306,0.1622138841423306,0.1622138841423306,0.1622138841423306,0.1622138841423306,0.1622138841423306,0.1622138841423306,0.1607010672472013,0.1607010672472011,0.1607010672472011,0.1607010672472011,0.1607010672472013,0.1607010672472011,0.1607010672472011,0.1607010672472011,0.1607010672472011,0.1607010672472011,0.1607010672472011,0.1607010672472011,0.16070106724720087,0.1607010672472011,0.1607010672472011,0.1607010672472011,0.1607010672472011,0.1607010672472011,0.1607010672472011,0.1607010672472011,0.1607010672472013,0.1607010672472011,0.1607010672472011,0.1607010672472011,0.1607010672472013,0.15921845161596201,0.15921845161596182,0.15921845161596182,0.15921845161596182,0.15921845161596201,0.15921845161596182,0.1592184516159616,0.15921845161596138,0.1592184516159616,0.15921845161596182,0.15921845161596182,0.15921845161596138,0.15921845161596138,0.15921845161596138,0.15921845161596182,0.15921845161596182,0.1592184516159616,0.15921845161596138,0.1592184516159616,0.15921845161596182,0.15921845161596201,0.15921845161596182,0.15921845161596182,0.15921845161596182,0.15921845161596201,0.15776544639338105,0.1577654463933804,0.15776544639337978,0.1577654463933804,0.15776544639338105,0.1577654463933804,0.15776544639337955,0.15776544639337892,0.15776544639337955,0.1577654463933804,0.15776544639337978,0.15776544639337892,0.15776544639337847,0.15776544639337892,0.15776544639337978,0.1577654463933804,0.15776544639337955,0.15776544639337892,0.15776544639337955,0.1577654463933804,0.15776544639338105,0.1577654463933804,0.15776544639337978,0.1577654463933804,0.15776544639338105,0.15634146270833815,0.15634146270833565,0.15634146270833416,0.15634146270833565,0.15634146270833815,0.15634146270833565,0.15634146270833316,0.15634146270833166,0.15634146270833316,0.15634146270833565,0.15634146270833416,0.15634146270833166,0.15634146270833002,0.15634146270833166,0.15634146270833416,0.15634146270833565,0.15634146270833316,0.15634146270833166,0.15634146270833316,0.15634146270833565,0.15634146270833815,0.15634146270833565,0.15634146270833416,0.15634146270833565,0.15634146270833815,0.15494591476088762,0.15494591476088002,0.1549459147608755,0.15494591476088002,0.15494591476088762,0.15494591476088002,0.15494591476087222,0.1549459147608673,0.15494591476087222,0.15494591476088002,0.1549459147608755,0.1549459147608673,0.15494591476086217,0.1549459147608673,0.1549459147608755,0.15494591476088002,0.15494591476087222,0.1549459147608673,0.15494591476087222,0.1549459147608802,0.15494591476088762,0.15494591476088002,0.1549459147608755,0.1549459147608802,0.15494591476088762,0.1535782207917671,0.15357822079174463,0.15357822079173017,0.15357822079174463,0.1535782207917671,0.15357822079174463,0.15357822079172012,0.15357822079170447,0.15357822079172012,0.15357822079174463,0.15357822079173017,0.15357822079170447,0.1535782207916878,0.15357822079170447,0.15357822079173017,0.15357822079174463,0.15357822079172012,0.15357822079170447,0.15357822079172012,0.15357822079174463,0.1535782207917671,0.15357822079174463,0.15357822079173017,0.15357822079174463,0.1535782207917671,0.15223780394351444,0.1522378039434463,0.15223780394340264,0.1522378039434463,0.15223780394351444,0.1522378039434463,0.15223780394336994,0.15223780394331954,0.15223780394336994,0.1522378039434463,0.15223780394340264,0.15223780394331954,0.15223780394326422,0.15223780394331954,0.15223780394340264,0.1522378039434463,0.15223780394336994,0.15223780394331954,0.15223780394336994,0.1522378039434463,0.15223780394351444,0.1522378039434463,0.15223780394340264,0.1522378039434463,0.15223780394351444,0.15092409302181495,0.1509240930216143,0.1509240930214812,0.1509240930216143,0.15092409302181495,0.1509240930216143,0.15092409302137663,0.1509240930212121,0.15092409302137663,0.1509240930216143,0.1509240930214812,0.1509240930212121,0.15092409302102108,0.1509240930212121,0.1509240930214812,0.1509240930216143,0.15092409302137663,0.1509240930212121,0.15092409302137663,0.1509240930216143,0.15092409302181495,0.1509240930216143,0.1509240930214812,0.1509240930216143,0.15092409302181495,0.14963652316520976,0.14963652316463477,0.14963652316423787,0.14963652316463477,0.14963652316520976,0.14963652316463477,0.14963652316390583,0.14963652316336826,0.14963652316390583,0.14963652316463477,0.14963652316423787,0.14963652316336826,0.1496365231626976,0.14963652316336826,0.14963652316423787,0.14963652316463477,0.14963652316390583,0.14963652316336826,0.14963652316390583,0.14963652316463477,0.14963652316520976,0.14963652316463477,0.14963652316423787,0.14963652316463477,0.14963652316520976,0.14837453643084714,0.14837453642927165,0.1483745364281148,0.14837453642927165,0.14837453643084714,0.14837453642927165,0.1483745364270894,0.14837453642530746,0.1483745364270894,0.14837453642927165,0.1483745364281148,0.14837453642530746,0.1483745364227688,0.14837453642530746,0.1483745364281148,0.14837453642927165,0.1483745364270894,0.14837453642530746,0.1483745364270894,0.14837453642927165,0.14837453643084714,0.14837453642927165,0.1483745364281148,0.14837453642927165,0.14837453643084714,0.14713758230362023,0.14713758229959256,0.14713758229635124,0.14713758229959256,0.14713758230362023,0.14713758229959256,0.14713758229332574,0.14713758228730672,0.14713758229332574,0.14713758229959256,0.14713758229635124,0.14713758228730672,0.14713758227667542,0.14713758228730672,0.14713758229635124,0.14713758229959256,0.14713758229332574,0.14713758228730672,0.14713758229332574,0.14713758229959256,0.14713758230362023,0.14713758229959256,0.14713758229635124,0.14713758229959256,0.14713758230362023,0.14592511813572023,0.14592511812653908,0.14592511811816294,0.14592511812653908,0.14592511813572023,0.14592511812653908,0.14592511810997094,0.14592511808989098,0.14592511810997094,0.14592511812653908,0.14592511811816294,0.14592511808989098,0.14592511803960462,0.14592511808989098,0.14592511811816294,0.14592511812653908,0.14592511810997094,0.14592511808989098,0.14592511810997094,0.14592511812653908,0.14592511813572023,0.14592511812653908,0.14592511811816294,0.14592511812653908,0.14592511813572023,0.14473660952271136,0.14473660950561193,0.14473660948763556,0.14473660950561193,0.14473660952271136,0.14473660950561193,0.14473660946946282,0.1447366094101466,0.14473660946946282,0.14473660950561193,0.14473660948763556,0.1447366094101466,0.14473660914005132,0.1447366094101466,0.14473660948763556,0.14473660950561193,0.14473660946946282,0.1447366094101466,0.14473660946946282,0.14473660950561193,0.14473660952271136,0.14473660950561193,0.14473660948763556,0.14473660950561193,0.14473660952271136,0.14357153061850686,0.143571530596294,0.1435715305732379,0.143571530596294,0.14357153061850686,0.143571530596294,0.14357153054989794,0.14357153047723756,0.14357153054989794,0.143571530596294,0.1435715305732379,0.14357153047723756,0.1435715301772787,0.14357153047723756,0.1435715305732379,0.143571530596294,0.14357153054989794,0.14357153047723756,0.14357153054989794,0.143571530596294,0.14357153061850686,0.143571530596294,0.1435715305732379,0.143571530596294,0.14357153061850686,0.14242936438530807,0.14242936436080622,0.14242936433532538,0.14242936436080622,0.14242936438530807,0.14242936436080622,0.14242936430946238,0.14242936422959696,0.14242936430946238,0.14242936436080622,0.14242936433532538,0.14242936422959696,0.14242936390479874,0.14242936422959696,0.14242936433532538,0.14242936436080622,0.14242936430946238,0.14242936422959696,0.14242936430946238,0.14242936436080622,0.14242936438530807,0.14242936436080622,0.14242936433532538,0.14242936436080622,0.14242936438530807,0.1413096028063707,0.14130960278296195,0.14130960275753224,0.14130960278296195,0.1413096028063707,0.14130960278296195,0.14130960273144763,0.14130960264663806,0.14130960273144763,0.14130960278296195,0.14130960275753224,0.14130960264663806,0.14130960228320436,0.14130960264663806,0.14130960275753224,0.14130960278296195,0.14130960273144763,0.14130960264663806,0.14130960273144763,0.14130960278296195,0.1413096028063707,0.14130960278296195,0.14130960275753224,0.14130960278296195,0.1413096028063707,0.14021174705369185,0.14021174703831302,0.14021174701963157,0.14021174703831302,0.14021174705369185,0.14021174703831302,0.14021174700007658,0.14021174692703836,0.14021174700007658,0.14021174703831302,0.14021174701963157,0.14021174692703836,0.1402117465599241,0.14021174692703836,0.14021174701963157,0.14021174703831302,0.14021174700007658,0.14021174692703836,0.14021174700007658,0.14021174703831302,0.14021174705369185,0.14021174703831302,0.14021174701963157,0.14021174703831302,0.14021174705369185,0.1391353076097132,0.13913530761358836,0.13913530761586534,0.13913530761358836,0.1391353076097132,0.13913530761358836,0.13913530761775114,0.13913530761728468,0.13913530761775114,0.13913530761358836,0.13913530761586534,0.13913530761728468,0.13913530759877202,0.13913530761728468,0.13913530761586534,0.13913530761358836,0.13913530761775114,0.13913530761728468,0.13913530761775114,0.13913530761358836,0.1391353076097132,0.13913530761358836,0.13913530761586534,0.13913530761358836,0.1391353076097132,0.1380798043514998,0.1380798043802223,0.1380798044096019,0.1380798043802223,0.1380798043514998,0.1380798043802223,0.13807980443951665,0.1380798045225711,0.13807980443951665,0.1380798043802223,0.1380798044096019,0.1380798045225711,0.13807980476081283,0.1380798045225711,0.1380798044096019,0.1380798043802223,0.13807980443951665,0.1380798045225711,0.13807980443951665,0.1380798043802223,0.1380798043514998,0.1380798043802223,0.1380798044096019,0.1380798043802223,0.1380798043514998,0.13704476662292786,0.13704476667423146,0.1370447667369875,0.13704476667423146,0.13704476662292786,0.13704476667423146,0.1370447668021961,0.13704476706103663,0.1370447668021961,0.13704476667423146,0.1370447667369875,0.13704476706103663,0.13704476850091146,0.13704476706103663,0.1370447667369875,0.13704476667423146,0.1370447668021961,0.13704476706103663,0.1370447668021961,0.13704476667423146,0.13704476662292786,0.13704476667423146,0.1370447667369875,0.13704476667423146,0.13704476662292786,0.13602973328251536,0.1360297333187209,0.1360297333542884,0.1360297333187209,0.13602973328251536,0.1360297333187209,0.13602973339002503,0.13602973348568598,0.13602973339002503,0.1360297333187209,0.1360297333542884,0.13602973348568598,0.13602973375170496,0.13602973348568598,0.1360297333542884,0.1360297333187209,0.13602973339002503,0.13602973348568598,0.13602973339002503,0.1360297333187209,0.13602973328251536,0.1360297333187209,0.1360297333542884,0.1360297333187209,0.13602973328251536,0.13503425278220704,0.1350342528049627,0.1350342528237797,0.1350342528049627,0.13503425278220704,0.1350342528049627,0.135034252841659,0.13503425287810483,0.135034252841659,0.1350342528049627,0.1350342528237797,0.13503425287810483,0.1350342529444723,0.13503425287810483,0.1350342528237797,0.1350342528049627,0.135034252841659,0.13503425287810483,0.135034252841659,0.1350342528049627,0.13503425278220704,0.1350342528049627,0.1350342528237797,0.1350342528049627,0.13503425278220704
0.1653324875504005,0.1653324875504005,0.1653324875504005,0.1653324875504005,0.1653324875504005,0.1653324875504005,0.1653324875504005,0.1653324875504005,0.1653324875504005,0.1653324875504005,0.1653324875504005,0.1653324875504005,0.1653324875504005,0.1653324875504005,0.1653324875504005,0.1653324875504005,0.1653324875504005,0.1653324875504005,0.1653324875504005,0.1653324875504005,0.1653324875504005,0.1653324875504005,0.1653324875504005,0.1653324875504005,0.1653324875504005,0.16375749383540025,0.16375749383540003,0.16375749383540003,0.16375749383540003,0.16375749383540025,0.16375749383540003,0.16375749383540003,0.16375749383540003,0.16375749383540003,0.16375749383540003,0.16375749383540003,0.16375749383540003,0.16375749383540003,0.16375749383540003,0.16375749383540003,0.16375749383540003,0.16375749383540003,0.16375749383540003,0.16375749383540003,0.16375749383540003,0.16375749383540025,0.16375749383540003,0.16375749383540003,0.16375749383540003,0.16375749383540025,0.1622138840514663,0.16221388405146606,0.16221388405146606,0.16221388405146606,0.1622138840514663,0.16221388405146606,0.16221388405146583,0.16221388405146583,0.16221388405146583,0.16221388405146606,0.16221388405146606,0.16221388405146583,0.16221388405146564,0.16221388405146583,0.16221388405146606,0.16221388405146606,0.16221388405146583,0.16221388405146583,0.16221388405146583,0.16221388405146606,0.1622138840514663,0.16221388405146606,0.16221388405146606,0.16221388405146606,0.1622138840514663,0.16070106715561472,0.16070106715561408,0.16070106715561386,0.16070106715561408,0.16070106715561472,0.16070106715561408,0.16070106715561364,0.1607010671556132,0.16070106715561364,0.16070106715561408,0.16070106715561386,0.1607010671556132,0.16070106715561297,0.1607010671556132,0.16070106715561386,0.16070106715561408,0.16070106715561364,0.1607010671556132,0.16070106715561364,0.16070106715561408,0.16070106715561472,0.16070106715561408,0.16070106715561386,0.16070106715561408,0.16070106715561472,0.15921845152280534,0.1592184515228036,0.1592184515228025,0.1592184515228036,0.15921845152280534,0.1592184515228036,0.15921845152280184,0.15921845152280076,0.15921845152280184,0.1592184515228036,0.1592184515228025,0.15921845152280076,0.15921845152279968,0.15921845152280076,0.1592184515228025,0.1592184515228036,0.15921845152280184,0.15921845152280076,0.15921845152280184,0.1592184515228036,0.15921845152280534,0.1592184515228036,0.1592184515228025,0.1592184515228036,0.15921845152280534,0.15776544629779504,0.15776544629778994,0.15776544629778672,0.15776544629778994,0.15776544629779504,0.15776544629778994,0.1577654462977846,0.15776544629778141,0.1577654462977846,0.15776544629778994,0.15776544629778672,0.15776544629778141,0.15776544629777797,0.15776544629778141,0.15776544629778672,0.15776544629778994,0.1577654462977846,0.15776544629778141,0.1577654462977846,0.15776544629778994,0.15776544629779504,0.15776544629778994,0.15776544629778672,0.15776544629778994,0.15776544629779504,0.15634146260946555,0.1563414626094505,0.1563414626094411,0.1563414626094505,0.15634146260946555,0.1563414626094505,0.1563414626094344,0.15634146260942436,0.1563414626094344,0.1563414626094505,0.1563414626094411,0.15634146260942436,0.15634146260941392,0.15634146260942436,0.1563414626094411,0.1563414626094505,0.1563414626094344,0.15634146260942436,0.1563414626094344,0.1563414626094505,0.15634146260946555,0.1563414626094505,0.1563414626094411,0.1563414626094505,0.15634146260946555,0.15494591465789434,0.15494591465784965,0.15494591465782118,0.15494591465784965,0.15494591465789434,0.15494591465784965,0.15494591465780086,0.15494591465776952,0.15494591465780086,0.15494591465784965,0.15494591465782118,0.15494591465776952,0.15494591465773633,0.15494591465776952,0.15494591465782118,0.15494591465784965,0.15494591465780086,0.15494591465776952,0.15494591465780086,0.15494591465784965,0.15494591465789434,0.15494591465784965,0.15494591465782118,0.15494591465784965,0.15494591465789434,0.1535782206838865,0.15357822068375532,0.15357822068367077,0.15357822068375532,0.1535782206838865,0.15357822068375532,0.1535782206836071,0.1535782206835097,0.1535782206836071,0.15357822068375532,0.15357822068367077,0.1535782206835097,0.15357822068340243,0.1535782206835097,0.15357822068367077,0.15357822068375532,0.1535782206836071,0.1535782206835097,0.1535782206836071,0.15357822068375532,0.1535782206838865,0.15357822068375532,0.15357822068367077,0.15357822068375532,0.1535782206838865,0.15223780383015187,0.1522378038297765,0.1522378038295261,0.1522378038297765,0.15223780383015187,0.1522378038297765,0.1522378038293277,0.15223780382901886,0.1522378038293277,0.1522378038297765,0.1522378038295261,0.15223780382901886,0.15223780382865942,0.15223780382901886,0.1522378038295261,0.1522378038297765,0.1522378038293277,0.15223780382901886,0.1522378038293277,0.1522378038297765,0.15223780383015187,0.1522378038297765,0.1522378038295261,0.1522378038297765,0.15223780383015187,0.15092409290281691,0.15092409290177455,0.15092409290104514,0.15092409290177455,0.15092409290281691,0.15092409290177455,0.15092409290042816,0.15092409289942846,0.15092409290042816,0.15092409290177455,0.15092409290104514,0.15092409289942846,0.15092409289815364,0.15092409289942846,0.15092409290104514,0.15092409290177455,0.15092409290042816,0.15092409289942846,0.15092409290042816,0.15092409290177455,0.15092409290281691,0.15092409290177455,0.15092409290104514,0.15092409290177455,0.15092409290281691,0.1496365230415376,0.14963652303878625,0.1496365230367118,0.14963652303878625,0.1496365230415376,0.14963652303878625,0.1496365230348357,0.14963652303151728,0.1496365230348357,0.14963652303878625,0.1496365230367118,0.14963652303151728,0.14963652302660907,0.14963652303151728,0.1496365230367118,0.14963652303878625,0.1496365230348357,0.14963652303151728,0.1496365230348357,0.14963652303878625,0.1496365230415376,0.14963652303878625,0.1496365230367118,0.14963652303878625,0.1496365230415376,0.1483745363061596,0.14837453629948621,0.14837453629386146,0.14837453629948621,0.1483745363061596,0.14837453629948621,0.14837453628844133,0.14837453627721867,0.14837453628844133,0.14837453629948621,0.14837453629386146,0.14837453627721867,0.1483745362561563,0.14837453627721867,0.14837453629386146,0.14837453629948621,0.14837453628844133,0.14837453627721867,0.14837453628844133,0.14837453629948621,0.1483745363061596,0.14837453629948621,0.14837453629386146,0.14837453629948621,0.1483745363061596,0.14713758218802458,0.14713758217367623,0.14713758215970116,0.14713758217367623,0.14713758218802458,0.14713758217367623,0.14713758214574102,0.14713758210846622,0.14713758214574102,0.14713758217367623,0.14713758215970116,0.14713758210846622,0.14713758200606708,0.14713758210846622,0.14713758215970116,0.14713758217367623,0.14713758214574102,0.14713758210846622,0.14713758214574102,0.14713758217367623,0.14713758218802458,0.14713758217367623,0.14713758215970116,0.14713758217367623,0.14713758218802458,0.14592511805051425,0.1459251180271996,0.14592511800009486,0.1459251180271996,0.14592511805051425,0.1459251180271996,0.1459251179722125,0.14592511786695755,0.1459251179722125,0.1459251180271996,0.14592511800009486,0.14592511786695755,0.14592511730380286,0.14592511786695755,0.14592511800009486,0.1459251180271996,0.1459251179722125,0.14592511786695755,0.1459251179722125,0.1459251180271996,0.14592511805051425,0.1459251180271996,0.14592511800009486,0.1459251180271996,0.14592511805051425,0.1447366094975842,0.14473660947772113,0.14473660945811848,0.14473660947772113,0.1447366094975842,0.14473660947772113,0.14473660943844027,0.14473660938402677,0.14473660943844027,0.14473660947772113,0.14473660945811848,0.14473660938402677,0.14473660921022874,0.14473660938402677,0.14473660945811848,0.14473660947772113,0.14473660943844027,0.14473660938402677,0.14473660943844027,0.14473660947772113,0.1447366094975842,0.14473660947772113,0.14473660945811848,0.14473660947772113,0.1447366094975842,0.14357153066031983,0.14357153064321113,0.14357153062692682,0.14357153064321113,0.14357153066031983,0.14357153064321113,0.14357153061077324,0.14357153056683006,0.14357153061077324,0.14357153064321113,0.14357153062692682,0.14357153056683006,0.14357153041444684,0.14357153056683006,0.14357153062692682,0.14357153064321113,0.14357153061077324,0.14357153056683006,0.14357153061077324,0.14357153064321113,0.14357153066031983,0.14357153064321113,0.14357153062692682,0.14357153064321113,0.14357153066031983,0.14242936448504737,0.14242936446802543,0.1424293644508696,0.14242936446802543,0.14242936448504737,0.14242936446802543,0.1424293644336069,0.14242936438209663,0.1424293644336069,0.14242936446802543,0.1424293644508696,0.14242936438209663,0.1424293641776519,0.14242936438209663,0.1424293644508696,0.14242936446802543,0.1424293644336069,0.14242936438209663,0.1424293644336069,0.14242936446802543,0.14242936448504737,0.14242936446802543,0.1424293644508696,0.14242936446802543,0.14242936448504737,0.14130960295030293,0.14130960293388167,0.141309602915737,0.14130960293388167,0.14130960295030293,0.14130960293388167,0.1413096028970517,0.14130960283516864,0.1413096028970517,0.14130960293388167,0.141309602915737,0.14130960283516864,0.1413096025655824,0.14130960283516864,0.141309602915737,0.14130960293388167,0.1413096028970517,0.14130960283516864,0.1413096028970517,0.14130960293388167,0.14130960295030293,0.14130960293388167,0.141309602915737,0.14130960293388167,0.14130960295030293,0.1402117472292356,0.14021174721931065,0.14021174720606663,0.14021174721931065,0.1402117472292356,0.14021174721931065,0.1402117471919467,0.14021174713531548,0.1402117471919467,0.14021174721931065,0.14021174720606663,0.14021174713531548,0.1402117468364062,0.14021174713531548,0.14021174720606663,0.14021174721931065,0.1402117471919467,0.14021174713531548,0.1402117471919467,0.14021174721931065,0.1402117472292356,0.14021174721931065,0.14021174720606663,0.14021174721931065,0.1402117472292356,0.1391353078075997,0.13913530781543307,0.1391353078211662,0.13913530781543307,0.1391353078075997,0.13913530781543307,0.1391353078263975,0.13913530783347552,0.1391353078263975,0.13913530781543307,0.1391353078211662,0.13913530783347552,0.1391353078317619,0.13913530783347552,0.1391353078211662,0.13913530781543307,0.1391353078263975,0.13913530783347552,0.1391353078263975,0.13913530781543307,0.1391353078075997,0.13913530781543307,0.1391353078211662,0.13913530781543307,0.1391353078075997,0.13807980456572114,0.1380798045985603,0.1380798046317894,0.1380798045985603,0.13807980456572114,0.1380798045985603,0.13807980466550826,0.1380798047581537,0.13807980466550826,0.1380798045985603,0.1380798046317894,0.1380798047581537,0.13807980502134765,0.1380798047581537,0.1380798046317894,0.1380798045985603,0.13807980466550826,0.1380798047581537,0.13807980466550826,0.1380798045985603,0.13807980456572114,0.1380798045985603,0.1380798046317894,0.1380798045985603,0.13807980456572114,0.13704476684733452,0.13704476690379183,0.13704476697254356,0.13704476690379183,0.13704476684733452,0.13704476690379183,0.13704476704390295,0.13704476732628249,0.13704476704390295,0.13704476690379183,0.13704476697254356,0.13704476732628249,0.13704476889390727,0.13704476732628249,0.13704476697254356,0.13704476690379183,0.13704476704390295,0.13704476732628249,0.13704476704390295,0.13704476690379183,0.13704476684733452,0.13704476690379183,0.13704476697254356,0.13704476690379183,0.13704476684733452,0.13602973350896264,0.13602973354860826,0.13602973358748907,0.13602973354860826,0.13602973350896264,0.13602973354860826,0.136029733626512,0.1360297337308809,0.136029733626512,0.13602973354860826,0.13602973358748907,0.1360297337308809,0.13602973402071766,0.1360297337308809,0.13602973358748907,0.13602973354860826,0.136029733626512,0.1360297337308809,0.136029733626512,0.13602973354860826,0.13602973350896264,0.13602973354860826,0.13602973358748907,0.13602973354860826,0.13602973350896264,0.13503425300615762,0.13503425303104294,0.1350342530516018,0.13503425303104294,0.13503425300615762,0.13503425303104294,0.13503425307114048,0.1350342531109141,0.13503425307114048,0.13503425303104294,0.1350342530516018,0.1350342531109141,0.1350342531832667,0.1350342531109141,0.1350342530516018,0.13503425303104294,0.13503425307114048,0.1350342531109141,0.13503425307114048,0.13503425303104294,0.13503425300615762,0.13503425303104294,0.1350342530516018,0.13503425303104294,0.13503425300615762
0.16533248749514307,0.16533248749514307,0.16533248749514307,0.16533248749514307,0.16533248749514307,0.16533248749514307,0.16533248749514307,0.16533248749514282,0.16533248749514307,0.16533248749514307,0.16533248749514307,0.16533248749514282,0.16533248749514282,0.16533248749514282,0.16533248749514307,0.16533248749514307,0.16533248749514307,0.16533248749514282,0.16533248749514307,0.16533248749514307,0.16533248749514307,0.16533248749514307,0.16533248749514307,0.16533248749514307,0.16533248749514307,0.16375749378181814,0.16375749378181814,0.16375749378181814,0.16375749378181814,0.16375749378181814,0.16375749378181814,0.16375749378181814,0.16375749378181792,0.16375749378181814,0.16375749378181814,0.16375749378181814,0.16375749378181792,0.16375749378181792,0.16375749378181792,0.16375749378181814,0.16375749378181814,0.16375749378181814,0.16375749378181792,0.16375749378181814,0.16375749378181814,0.16375749378181814,0.16375749378181814,0.16375749378181814,0.16375749378181814,0.16375749378181814,0.16221388400002268,0.16221388400002268,0.16221388400002243,0.16221388400002268,0.16221388400002268,0.16221388400002268,0.16221388400002243,0.1622138840000222,0.16221388400002243,0.16221388400002268,0.16221388400002243,0.1622138840000222,0.1622138840000222,0.1622138840000222,0.16221388400002243,0.16221388400002268,0.16221388400002243,0.1622138840000222,0.16221388400002243,0.16221388400002268,0.16221388400002268,0.16221388400002268,0.16221388400002243,0.16221388400002268,0.16221388400002268,0.16070106710679152,0.16070106710679086,0.16070106710679063,0.16070106710679086,0.16070106710679152,0.16070106710679086,0.1607010671067904,0.16070106710679,0.1607010671067904,0.16070106710679086,0.16070106710679063,0.16070106710679,0.16070106710678975,0.16070106710679,0.16070106710679063,0.16070106710679086,0.1607010671067904,0.16070106710679,0.1607010671067904,0.16070106710679086,0.16070106710679152,0.16070106710679086,0.16070106710679063,0.16070106710679086,0.16070106710679152,0.1592184514771007,0.15921845147709918,0.15921845147709807,0.15921845147709918,0.1592184514771007,0.15921845147709918,0.15921845147709743,0.15921845147709635,0.15921845147709743,0.15921845147709918,0.15921845147709807,0.15921845147709635,0.15921845147709526,0.15921845147709635,0.15921845147709807,0.15921845147709918,0.15921845147709743,0.15921845147709635,0.15921845147709743,0.15921845147709918,0.1592184514771007,0.15921845147709918,0.15921845147709807,0.15921845147709918,0.1592184514771007,0.1577654462557214,0.15776544625571648,0.1577654462557133,0.15776544625571648,0.1577654462557214,0.15776544625571648,0.15776544625571115,0.15776544625570796,0.15776544625571115,0.15776544625571648,0.1577654462557133,0.15776544625570796,0.15776544625570452,0.15776544625570796,0.1577654462557133,0.15776544625571648,0.15776544625571115,0.15776544625570796,0.15776544625571115,0.15776544625571648,0.1577654462557214,0.15776544625571648,0.1577654462557133,0.15776544625571648,0.1577654462557214,0.15634146257154488,0.1563414625715298,0.15634146257152062,0.1563414625715298,0.15634146257154488,0.1563414625715298,0.15634146257151416,0.1563414625715041,0.15634146257151416,0.1563414625715298,0.15634146257152062,0.1563414625715041,0.15634146257149364,0.1563414625715041,0.15634146257152062,0.1563414625715298,0.15634146257151416,0.1563414625715041,0.15634146257151416,0.1563414625715298,0.15634146257154488,0.1563414625715298,0.15634146257152062,0.1563414625715298,0.15634146257154488,0.15494591462465251,0.15494591462460844,0.15494591462458038,0.15494591462460844,0.15494591462465251,0.15494591462460844,0.1549459146245603,0.15494591462452956,0.1549459146245603,0.15494591462460844,0.15494591462458038,0.15494591462452956,0.15494591462449656,0.15494591462452956,0.15494591462458038,0.15494591462460844,0.1549459146245603,0.15494591462452956,0.1549459146245603,0.15494591462460844,0.15494591462465251,0.15494591462460844,0.15494591462458038,0.15494591462460844,0.15494591462465251,0.15357822065584636,0.1535782206557174,0.15357822065563406,0.1535782206557174,0.15357822065584636,0.1535782206557174,0.15357822065557122,0.15357822065547483,0.15357822065557122,0.1535782206557174,0.15357822065563406,0.15357822065547483,0.15357822065536858,0.15357822065547483,0.15357822065563406,0.1535782206557174,0.15357822065557122,0.15357822065547483,0.15357822065557122,0.1535782206557174,0.15357822065584636,0.1535782206557174,0.15357822065563406,0.1535782206557174,0.15357822065584636,0.152237803807822,0.1522378038074533,0.1522378038072069,0.1522378038074533,0.152237803807822,0.1522378038074533,0.15223780380701024,0.15223780380670474,0.15223780380701024,0.1522378038074533,0.1522378038072069,0.15223780380670474,0.15223780380634808,0.15223780380670474,0.1522378038072069,0.1522378038074533,0.15223780380701024,0.15223780380670474,0.15223780380701024,0.1522378038074533,0.152237803807822,0.1522378038074533,0.1522378038072069,0.1522378038074533,0.152237803807822,0.1509240928866728,0.15092409288565264,0.15092409288493536,0.15092409288565264,0.1509240928866728,0.15092409288565264,0.1509240928843238,0.15092409288333314,0.1509240928843238,0.15092409288565264,0.15092409288493536,0.15092409288333314,0.15092409288206643,0.15092409288333314,0.15092409288493536,0.15092409288565264,0.1509240928843238,0.15092409288333314,0.1509240928843238,0.15092409288565264,0.1509240928866728,0.15092409288565264,0.15092409288493536,0.15092409288565264,0.1509240928866728,0.1496365230320004,0.1496365230293105,0.14963652302727332,0.1496365230293105,0.1496365230320004,0.1496365230293105,0.14963652302541308,0.1496365230221181,0.14963652302541308,0.1496365230293105,0.14963652302727332,0.1496365230221181,0.14963652301723088,0.1496365230221181,0.14963652302727332,0.1496365230293105,0.14963652302541308,0.1496365230221181,0.14963652302541308,0.1496365230293105,0.1496365230320004,0.1496365230293105,0.14963652302727332,0.1496365230293105,0.1496365230320004,0.1483745363037972,0.14837453629711866,0.14837453629152725,0.14837453629711866,0.1483745363037972,0.14837453629711866,0.14837453628615824,0.14837453627498046,0.14837453628615824,0.14837453629711866,0.14837453629152725,0.14837453627498046,0.1483745362539746,0.14837453627498046,0.14837453629152725,0.14837453629711866,0.14837453628615824,0.14837453627498046,0.14837453628615824,0.14837453629711866,0.1483745363037972,0.14837453629711866,0.14837453629152725,0.14837453629711866,0.1483745363037972,0.14713758219325812,0.14713758217892448,0.14713758216495088,0.14713758217892448,0.14713758219325812,0.14713758217892448,0.14713758215100053,0.147137582113848,0.14713758215100053,0.14713758217892448,0.14713758216495088,0.147137582113848,0.14713758201164884,0.147137582113848,0.14713758216495088,0.14713758217892448,0.14713758215100053,0.147137582113848,0.14713758215100053,0.14713758217892448,0.14713758219325812,0.14713758217892448,0.14713758216495088,0.14713758217892448,0.14713758219325812,0.14592511806355246,0.14592511804030478,0.14592511801326288,0.14592511804030478,0.14592511806355246,0.14592511804030478,0.14592511798544391,0.14592511788036702,0.14592511798544391,0.14592511804030478,0.14592511801326288,0.14592511788036702,0.14592511731777716,0.14592511788036702,0.14592511801326288,0.14592511804030478,0.14592511798544391,0.14592511788036702,0.14592511798544391,0.14592511804030478,0.14592511806355246,0.14592511804030478,0.14592511801326288,0.14592511804030478,0.14592511806355246,0.1447366095184017,0.14473660949867392,0.1447366094792088,0.14473660949867392,0.1447366095184017,0.14473660949867392,0.144736609459669,0.1447366094056802,0.144736609459669,0.14473660949867392,0.1447366094792088,0.1447366094056802,0.14473660923394763,0.1447366094056802,0.1447366094792088,0.14473660949867392,0.144736609459669,0.1447366094056802,0.144736609459669,0.14473660949867392,0.1447366095184017,0.14473660949867392,0.1447366094792088,0.14473660949867392,0.1447366095184017,0.14357153068857517,0.1435715306716636,0.14357153065557965,0.1435715306716636,0.14357153068857517,0.1435715306716636,0.14357153063962835,0.14357153059629624,0.14357153063962835,0.1435715306716636,0.14357153065557965,0.14357153059629624,0.14357153044531407,0.14357153059629624,0.14357153065557965,0.1435715306716636,0.14357153063962835,0.14357153059629624,0.14357153063962835,0.1435715306716636,0.14357153068857517,0.1435715306716636,0.14357153065557965,0.1435715306716636,0.14357153068857517,0.1424293645200797,0.14242936450330537,0.1424293644864072,0.14242936450330537,0.1424293645200797,0.14242936450330537,0.14242936446940604,0.142429364418703,0.14242936446940604,0.14242936450330537,0.1424293644864072,0.142429364418703,0.14242936421857316,0.142429364418703,0.1424293644864072,0.14242936450330537,0.14242936446940604,0.142429364418703,0.14242936446940604,0.14242936450330537,0.1424293645200797,0.14242936450330537,0.1424293644864072,0.14242936450330537,0.1424293645200797,0.14130960299113832,0.14130960297498169,0.14130960295712727,0.14130960297498169,0.14130960299113832,0.14130960297498169,0.14130960293874031,0.1413096028778386,0.14130960293874031,0.14130960297498169,0.14130960295712727,0.1413096028778386,0.14130960261233133,0.1413096028778386,0.14130960295712727,0.14130960297498169,0.14130960293874031,0.1413096028778386,0.14130960293874031,0.14130960297498169,0.14130960299113832,0.14130960297498169,0.14130960295712727,0.14130960297498169,0.14130960299113832,0.14021174727464394,0.1402117472649128,0.14021174725190455,0.1402117472649128,0.14021174727464394,0.1402117472649128,0.14021174723803118,0.1402117471823265,0.14021174723803118,0.1402117472649128,0.14021174725190455,0.1402117471823265,0.14021174688784652,0.1402117471823265,0.14021174725190455,0.1402117472649128,0.14021174723803118,0.1402117471823265,0.14021174723803118,0.1402117472649128,0.14021174727464394,0.1402117472649128,0.14021174725190455,0.1402117472649128,0.14021174727464394,0.1391353078562697,0.13913530786408393,0.13913530786981454,0.13913530786408393,0.1391353078562697,0.13913530786408393,0.1391353078750474,0.13913530788218664,0.1391353078750474,0.13913530786408393,0.13913530786981454,0.13913530788218664,0.13913530788081832,0.13913530788218664,0.13913530786981454,0.13913530786408393,0.1391353078750474,0.13913530788218664,0.1391353078750474,0.13913530786408393,0.1391353078562697,0.13913530786408393,0.13913530786981454,0.13913530786408393,0.1391353078562697,0.1380798046165595,0.1380798046491089,0.13807980468203956,0.1380798046491089,0.1380798046165595,0.1380798046491089,0.1380798047154544,0.13807980480724805,0.1380798047154544,0.1380798046491089,0.13807980468203956,0.13807980480724805,0.1380798050679714,0.13807980480724805,0.13807980468203956,0.1380798046491089,0.1380798047154544,0.13807980480724805,0.1380798047154544,0.1380798046491089,0.1380798046165595,0.1380798046491089,0.13807980468203956,0.1380798046491089,0.1380798046165595,0.13704476689960632,0.13704476695553183,0.1370447670236313,0.13704476695553183,0.13704476689960632,0.13704476695553183,0.13704476709431487,0.13704476737400176,0.13704476709431487,0.13704476695553183,0.1370447670236313,0.13704476737400176,0.1370447689271154,0.13704476737400176,0.1370447670236313,0.13704476695553183,0.13704476709431487,0.13704476737400176,0.13704476709431487,0.13704476695553183,0.13704476689960632,0.13704476695553183,0.1370447670236313,0.13704476695553183,0.13704476689960632,0.13602973356226253,0.13602973360152773,0.1360297336400319,0.13602973360152773,0.13602973356226253,0.13602973360152773,0.13602973367868443,0.13602973378202854,0.13602973367868443,0.13602973360152773,0.1360297336400319,0.13602973378202854,0.13602973406906224,0.13602973378202854,0.1360297336400319,0.13602973360152773,0.13602973367868443,0.13602973378202854,0.13602973367868443,0.13602973360152773,0.13602973356226253,0.13602973360152773,0.1360297336400319,0.13602973360152773,0.13602973356226253,0.13503425305963793,0.13503425308427744,0.13503425310463374,0.13503425308427744,0.13503425305963793,0.13503425308427744,0.13503425312396827,0.1350342531633462,0.13503425312396827,0.13503425308427744,0.13503425310463374,0.1350342531633462,0.1350342532349904,0.1350342531633462,0.13503425310463374,0.13503425308427744,0.13503425312396827,0.1350342531633462,0.13503425312396827,0.13503425308427744,0.13503425305963793,0.13503425308427744,0.13503425310463374,0.13503425308427744,0.13503425305963793
0.16533248747900553,0.16533248747900553,0.16533248747900528,0.16533248747900553,0.16533248747900553,0.16533248747900553,0.16533248747900528,0.16533248747900528,0.16533248747900528,0.16533248747900553,0.16533248747900528,0.16533248747900528,0.16533248747900528,0.16533248747900528,0.16533248747900553,0.16533248747900553,0.16533248747900528,0.16533248747900528,0.16533248747900528,0.16533248747900553,0.16533248747900553,0.16533248747900553,0.16533248747900553,0.16533248747900553,0.16533248747900553,0.16375749376622903,0.16375749376622903,0.16375749376622903,0.16375749376622903,0.16375749376622903,0.16375749376622903,0.16375749376622903,0.16375749376622903,0.16375749376622903,0.16375749376622903,0.16375749376622903,0.16375749376622903,0.1637574937662288,0.1637574937662288,0.16375749376622903,0.16375749376622903,0.16375749376622903,0.1637574937662288,0.16375749376622903,0.16375749376622903,0.16375749376622903,0.16375749376622903,0.16375749376622903,0.16375749376622903,0.16375749376622903,0.16221388398516717,0.16221388398516695,0.16221388398516673,0.16221388398516695,0.16221388398516717,0.16221388398516695,0.16221388398516673,0.16221388398516673,0.16221388398516673,0.16221388398516695,0.16221388398516673,0.16221388398516673,0.1622138839851665,0.16221388398516673,0.16221388398516673,0.16221388398516695,0.16221388398516673,0.16221388398516673,0.16221388398516673,0.16221388398516695,0.16221388398516717,0.16221388398516695,0.16221388398516673,0.16221388398516695,0.16221388398516717,0.16070106709285853,0.1607010670928579,0.16070106709285764,0.1607010670928579,0.16070106709285853,0.1607010670928579,0.16070106709285742,0.16070106709285698,0.16070106709285742,0.1607010670928579,0.16070106709285764,0.16070106709285698,0.16070106709285675,0.16070106709285698,0.16070106709285764,0.1607010670928579,0.16070106709285742,0.16070106709285698,0.16070106709285742,0.1607010670928579,0.16070106709285853,0.1607010670928579,0.16070106709285764,0.1607010670928579,0.16070106709285853,0.15921845146428154,0.15921845146428001,0.15921845146427893,0.15921845146428001,0.15921845146428154,0.15921845146428001,0.15921845146427827,0.15921845146427718,0.15921845146427827,0.15921845146428001,0.15921845146427893,0.15921845146427718,0.15921845146427607,0.15921845146427718,0.15921845146427893,0.15921845146428001,0.15921845146427827,0.15921845146427718,0.15921845146427827,0.15921845146428001,0.15921845146428154,0.15921845146428001,0.15921845146427893,0.15921845146428001,0.15921845146428154,0.1577654462442068,0.15776544624420186,0.15776544624419866,0.15776544624420186,0.1577654462442068,0.15776544624420186,0.15776544624419675,0.15776544624419353,0.15776544624419675,0.15776544624420186,0.15776544624419866,0.15776544624419353,0.15776544624419014,0.15776544624419353,0.15776544624419866,0.15776544624420186,0.15776544624419675,0.15776544624419353,0.15776544624419675,0.15776544624420186,0.1577654462442068,0.15776544624420186,0.15776544624419866,0.15776544624420186,0.1577654462442068,0.15634146256152137,0.1563414625615069,0.15634146256149772,0.1563414625615069,0.15634146256152137,0.1563414625615069,0.15634146256149126,0.15634146256148163,0.15634146256149126,0.1563414625615069,0.15634146256149772,0.15634146256148163,0.15634146256147136,0.15634146256148163,0.15634146256149772,0.1563414625615069,0.15634146256149126,0.15634146256148163,0.15634146256149126,0.1563414625615069,0.15634146256152137,0.1563414625615069,0.15634146256149772,0.1563414625615069,0.15634146256152137,0.1549459146162999,0.15494591461625687,0.1549459146162296,0.15494591461625687,0.1549459146162999,0.15494591461625687,0.1549459146162097,0.1549459146161794,0.1549459146162097,0.15494591461625687,0.1549459146162296,0.1549459146161794,0.15494591461614698,0.1549459146161794,0.1549459146162296,0.15494591461625687,0.1549459146162097,0.1549459146161794,0.1549459146162097,0.15494591461625687,0.1549459146162999,0.15494591461625687,0.1549459146162296,0.15494591461625687,0.1549459146162999,0.15357822064933221,0.1535782206492069,0.15357822064912535,0.1535782206492069,0.15357822064933221,0.1535782206492069,0.1535782206490633,0.1535782206489685,0.1535782206490633,0.1535782206492069,0.15357822064912535,0.1535782206489685,0.15357822064886345,0.1535782206489685,0.15357822064912535,0.1535782206492069,0.1535782206490633,0.1535782206489685,0.1535782206490633,0.1535782206492069,0.15357822064933221,0.1535782206492069,0.15357822064912535,0.1535782206492069,0.15357822064933221,0.1522378038032945,0.15223780380293822,0.1522378038026975,0.15223780380293822,0.1522378038032945,0.15223780380293822,0.15223780380250282,0.15223780380220128,0.15223780380250282,0.15223780380293822,0.1522378038026975,0.15223780380220128,0.15223780380184795,0.15223780380220128,0.1522378038026975,0.15223780380293822,0.15223780380250282,0.15223780380220128,0.15223780380250282,0.15223780380293822,0.1522378038032945,0.15223780380293822,0.1522378038026975,0.15223780380293822,0.1522378038032945,0.15092409288426825,0.15092409288326908,0.15092409288256745,0.15092409288326908,0.15092409288426825,0.15092409288326908,0.1509240928819617,0.1509240928809803,0.1509240928819617,0.15092409288326908,0.15092409288256745,0.1509240928809803,0.1509240928797217,0.1509240928809803,0.15092409288256745,0.15092409288326908,0.1509240928819617,0.1509240928809803,0.1509240928819617,0.15092409288326908,0.15092409288426825,0.15092409288326908,0.15092409288256745,0.15092409288326908,0.15092409288426825,0.14963652303188846,0.1496365230291997,0.14963652302717761,0.1496365230291997,0.14963652303188846,0.1496365230291997,0.14963652302533484,0.1496365230220559,0.14963652302533484,0.1496365230291997,0.14963652302717761,0.1496365230220559,0.1496365230171887,0.1496365230220561,0.14963652302717761,0.1496365230291997,0.14963652302533484,0.1496365230220561,0.14963652302533484,0.1496365230291997,0.14963652303188846,0.1496365230291997,0.14963652302717761,0.1496365230291997,0.14963652303188846,0.14837453630606653,0.1483745362994056,0.14837453629381625,0.1483745362994056,0.14837453630606653,0.1483745362994056,0.14837453628848413,0.148374536277343,0.14837453628848413,0.1483745362994056,0.14837453629381625,0.148374536277343,0.1483745362564039,0.148374536277343,0.14837453629381625,0.1483745362994056,0.14837453628848413,0.148374536277343,0.14837453628848413,0.1483745362994056,0.14837453630606653,0.1483745362994056,0.14837453629381625,0.1483745362994056,0.14837453630606653,0.14713758219792908,0.14713758218364248,0.14713758216971629,0.14713758218364248,0.14713758219792908,0.14713758218364248,0.14713758215579156,0.14713758211877165,0.14713758215579156,0.14713758218364248,0.14713758216971629,0.14713758211877165,0.14713758201687568,0.14713758211877165,0.14713758216971629,0.14713758218364248,0.14713758215579156,0.14713758211877165,0.14713758215579156,0.14713758218364248,0.14713758219792908,0.14713758218364248,0.14713758216971629,0.14713758218364248,0.14713758219792908,0.1459251180705461,0.14592511804739686,0.14592511802045793,0.14592511804739686,0.1459251180705461,0.14592511804739686,0.1459251179927385,0.14592511788799245,0.1459251179927385,0.14592511804739686,0.14592511802045793,0.14592511788799245,0.14592511732701335,0.14592511788799245,0.14592511802045793,0.14592511804739686,0.1459251179927385,0.14592511788799245,0.1459251179927385,0.14592511804739686,0.1459251180705461,0.14592511804739686,0.14592511802045793,0.14592511804739686,0.1459251180705461,0.14473660952748774,0.14473660950790235,0.14473660948857936,0.14473660950790235,0.14473660952748774,0.14473660950790235,0.14473660946918077,0.14473660941561053,0.14473660946918077,0.14473660950790235,0.14473660948857936,0.14473660941561053,0.14473660924548729,0.14473660941561053,0.14473660948857936,0.14473660950790235,0.14473660946918077,0.14473660941561053,0.14473660946918077,0.14473660950790235,0.14473660952748774,0.14473660950790235,0.14473660948857936,0.14473660950790235,0.14473660952748774,0.14357153069937753,0.14357153068265432,0.14357153066675965,0.14357153068265432,0.14357153069937753,0.14357153068265432,0.14357153065099776,0.14357153060822878,0.14357153065099776,0.14357153068265432,0.14357153066675965,0.14357153060822878,0.14357153045943072,0.14357153060822878,0.14357153066675965,0.14357153068265432,0.14357153065099776,0.14357153060822878,0.14357153065099776,0.14357153068265432,0.14357153069937753,0.14357153068265432,0.14357153066675965,0.14357153068265432,0.14357153069937753,0.14242936453207114,0.1424293645155301,0.1424293644988735,0.1424293645155301,0.14242936453207114,0.1424293645155301,0.14242936448211727,0.14242936443216744,0.14242936448211727,0.1424293645155301,0.1424293644988735,0.14242936443216744,0.14242936423512975,0.14242936443216744,0.1424293644988735,0.1424293645155301,0.14242936448211727,0.14242936443216744,0.14242936448211727,0.1424293645155301,0.14242936453207114,0.1424293645155301,0.1424293644988735,0.1424293645155301,0.14242936453207114,0.14130960300364082,0.141309602987734,0.14130960297015394,0.141309602987734,0.14130960300364082,0.141309602987734,0.14130960295204906,0.14130960289207709,0.14130960295204906,0.141309602987734,0.14130960297015394,0.14130960289207709,0.14130960263059342,0.14130960289207709,0.14130960297015394,0.141309602987734,0.14130960295204906,0.14130960289207709,0.14130960295204906,0.141309602987734,0.14130960300364082,0.141309602987734,0.14130960297015394,0.141309602987734,0.14130960300364082,0.1402117472868853,0.1402117472773362,0.14021174726455113,0.1402117472773362,0.1402117472868853,0.1402117472773362,0.1402117472509117,0.14021174719609106,0.1402117472509117,0.1402117472773362,0.14021174726455113,0.14021174719609106,0.1402117469060908,0.14021174719609106,0.14021174726455113,0.1402117472773362,0.1402117472509117,0.14021174719609106,0.1402117472509117,0.1402117472773362,0.1402117472868853,0.1402117472773362,0.14021174726455113,0.1402117472773362,0.1402117472868853,0.13913530786755698,0.13913530787534703,0.13913530788106987,0.13913530787534703,0.13913530786755698,0.13913530787534703,0.1391353078862994,0.139135307893488,0.1391353078862994,0.13913530787534703,0.13913530788106987,0.139135307893488,0.13913530789243447,0.139135307893488,0.13913530788106987,0.13913530787534703,0.1391353078862994,0.139135307893488,0.1391353078862994,0.13913530787534703,0.13913530786755698,0.13913530787534703,0.13913530788106987,0.13913530787534703,0.13913530786755698,0.1380798046265704,0.13807980465882938,0.1380798046914619,0.13807980465882938,0.1380798046265704,0.13807980465882938,0.13807980472457282,0.13807980481551796,0.13807980472457282,0.13807980465882938,0.1380798046914619,0.13807980481551796,0.13807980507379164,0.13807980481551796,0.1380798046914619,0.13807980465882938,0.13807980472457282,0.13807980481551796,0.13807980472457282,0.13807980465882938,0.1380798046265704,0.13807980465882938,0.1380798046914619,0.13807980465882938,0.1380798046265704,0.13704476690851922,0.13704476696391577,0.13704476703136692,0.13704476696391577,0.13704476690851922,0.13704476696391577,0.1370447671013771,0.13704476737838522,0.1370447671013771,0.13704476696391577,0.13704476703136692,0.13704476737838522,0.13704476891653947,0.13704476737838522,0.13704476703136692,0.13704476696391577,0.1370447671013771,0.13704476737838522,0.1370447671013771,0.13704476696391577,0.13704476690851922,0.13704476696391577,0.13704476703136692,0.13704476696391577,0.13704476690851922,0.13602973357071477,0.13602973360960482,0.1360297336477392,0.13602973360960482,0.13602973357071477,0.13602973360960482,0.13602973368602225,0.13602973378836766,0.13602973368602225,0.13602973360960482,0.1360297336477392,0.13602973378836766,0.13602973407263663,0.13602973378836766,0.1360297336477392,0.13602973360960482,0.13602973368602225,0.13602973378836766,0.13602973368602225,0.13602973360960482,0.13602973357071477,0.13602973360960482,0.1360297336477392,0.13602973360960482,0.13602973357071477,0.13503425306792763,0.13503425309232905,0.1350342531124888,0.13503425309232905,0.13503425306792763,0.13503425309232905,0.13503425313163325,0.13503425317062945,0.13503425313163325,0.13503425309232905,0.1350342531124888,0.13503425317062945,0.13503425324158153,0.13503425317062945,0.1350342531124888,0.13503425309232905,0.13503425313163325,0.13503425317062945,0.13503425313163325,0.13503425309232905,0.13503425306792763,0.13503425309232905,0.1350342531124888,0.13503425309232905,0.13503425306792763
0.16533248747651633,0.16533248747651633,0.16533248747651608,0.16533248747651633,0.16533248747651633,0.16533248747651633,0.16533248747651608,0.16533248747651608,0.16533248747651608,0.16533248747651633,0.16533248747651608,0.16533248747651608,0.16533248747651608,0.16533248747651608,0.16533248747651608,0.16533248747651633,0.16533248747651608,0.16533248747651608,0.16533248747651608,0.16533248747651633,0.16533248747651633,0.16533248747651633,0.16533248747651608,0.16533248747651633,0.16533248747651633,0.16375749376386528,0.16375749376386528,0.16375749376386528,0.16375749376386528,0.16375749376386528,0.16375749376386528,0.16375749376386528,0.16375749376386506,0.16375749376386528,0.16375749376386528,0.16375749376386528,0.16375749376386506,0.16375749376386506,0.16375749376386506,0.16375749376386528,0.16375749376386528,0.16375749376386528,0.16375749376386506,0.16375749376386528,0.16375749376386528,0.16375749376386528,0.16375749376386528,0.16375749376386528,0.16375749376386528,0.16375749376386528,0.1622138839829913,0.16221388398299108,0.16221388398299108,0.16221388398299108,0.1622138839829913,0.16221388398299108,0.16221388398299108,0.16221388398299083,0.16221388398299108,0.16221388398299108,0.16221388398299108,0.16221388398299083,0.16221388398299083,0.16221388398299083,0.16221388398299108,0.16221388398299108,0.16221388398299108,0.16221388398299083,0.16221388398299108,0.16221388398299108,0.1622138839829913,0.16221388398299108,0.16221388398299108,0.16221388398299108,0.1622138839829913,0.16070106709093468,0.16070106709093426,0.160701067090934,0.16070106709093426,0.16070106709093468,0.16070106709093426,0.1607010670909338,0.16070106709093335,0.1607010670909338,0.16070106709093426,0.160701067090934,0.16070106709093335,0.16070106709093315,0.16070106709093335,0.160701067090934,0.16070106709093426,0.1607010670909338,0.16070106709093335,0.1607010670909338,0.16070106709093426,0.16070106709093468,0.16070106709093426,0.160701067090934,0.16070106709093426,0.16070106709093468,0.1592184514626748,0.15921845146267327,0.1592184514626722,0.15921845146267327,0.1592184514626748,0.15921845146267327,0.1592184514626715,0.15921845146267063,0.1592184514626715,0.15921845146267327,0.1592184514626722,0.15921845146267063,0.15921845146266955,0.15921845146267063,0.1592184514626722,0.15921845146267327,0.1592184514626715,0.15921845146267063,0.1592184514626715,0.15921845146267327,0.1592184514626748,0.15921845146267327,0.1592184514626722,0.15921845146267327,0.1592184514626748,0.15776544624298078,0.15776544624297628,0.15776544624297328,0.15776544624297628,0.15776544624298078,0.15776544624297628,0.15776544624297137,0.1577654462429684,0.15776544624297137,0.15776544624297628,0.15776544624297328,0.1577654462429684,0.15776544624296515,0.1577654462429684,0.15776544624297328,0.15776544624297628,0.15776544624297137,0.1577654462429684,0.15776544624297137,0.15776544624297628,0.15776544624298078,0.15776544624297628,0.15776544624297328,0.15776544624297628,0.15776544624298078,0.15634146256073886,0.1563414625607253,0.1563414625607167,0.1563414625607253,0.15634146256073886,0.1563414625607253,0.15634146256071063,0.15634146256070103,0.15634146256071063,0.1563414625607253,0.1563414625607167,0.15634146256070103,0.1563414625606912,0.15634146256070103,0.1563414625607167,0.1563414625607253,0.15634146256071063,0.15634146256070103,0.15634146256071063,0.1563414625607253,0.15634146256073886,0.1563414625607253,0.1563414625607167,0.1563414625607253,0.15634146256073886,0.15494591461602078,0.15494591461597998,0.15494591461595397,0.15494591461597998,0.15494591461602078,0.15494591461597998,0.1549459146159345,0.1549459146159052,0.1549459146159345,0.15494591461597998,0.15494591461595397,0.1549459146159052,0.15494591461587343,0.1549459146159052,0.15494591461595397,0.15494591461597998,0.1549459146159345,0.1549459146159052,0.1549459146159345,0.15494591461597998,0.15494591461602078,0.15494591461597998,0.15494591461595397,0.15494591461597998,0.15494591461602078,0.1535782206496132,0.1535782206494921,0.15357822064941357,0.1535782206494921,0.1535782206496132,0.1535782206494921,0.1535782206493523,0.15357822064925933,0.1535782206493523,0.1535782206494921,0.15357822064941357,0.15357822064925933,0.15357822064915588,0.15357822064925933,0.15357822064941357,0.1535782206494921,0.1535782206493523,0.15357822064925933,0.1535782206493523,0.1535782206494921,0.1535782206496132,0.1535782206494921,0.15357822064941357,0.1535782206494921,0.1535782206496132,0.15223780380419288,0.15223780380384033,0.15223780380360455,0.15223780380384033,0.15223780380419288,0.15223780380384033,0.15223780380341223,0.1522378038031138,0.15223780380341223,0.15223780380384033,0.15223780380360455,0.1522378038031138,0.15223780380276342,0.1522378038031138,0.15223780380360455,0.15223780380384033,0.15223780380341223,0.1522378038031138,0.15223780380341223,0.15223780380384033,0.15223780380419288,0.15223780380384033,0.15223780380360455,0.15223780380384033,0.15223780380419288,0.15092409288583858,0.15092409288484238,0.150924092884144,0.15092409288484238,0.15092409288583858,0.15092409288484238,0.1509240928835448,0.1509240928825688,0.1509240928835448,0.15092409288484238,0.150924092884144,0.1509240928825688,0.15092409288131675,0.1509240928825688,0.150924092884144,0.15092409288484238,0.1509240928835448,0.1509240928825688,0.1509240928835448,0.15092409288484238,0.15092409288583858,0.15092409288484238,0.150924092884144,0.15092409288484238,0.15092409288583858,0.14963652303416353,0.14963652303148534,0.14963652302946667,0.14963652303148534,0.14963652303416353,0.14963652303148534,0.14963652302763883,0.14963652302437372,0.14963652302763883,0.14963652303148534,0.14963652302946667,0.14963652302437372,0.14963652301952787,0.14963652302437372,0.14963652302946667,0.14963652303148534,0.14963652302763883,0.14963652302437372,0.14963652302763883,0.14963652303148534,0.14963652303416353,0.14963652303148534,0.14963652302946667,0.14963652303148534,0.14963652303416353,0.14837453630905295,0.14837453630242112,0.14837453629685549,0.14837453630242112,0.14837453630905295,0.14837453630242112,0.14837453629154634,0.14837453628045286,0.14837453629154634,0.14837453630242112,0.14837453629685549,0.14837453628045286,0.1483745362596001,0.14837453628045286,0.14837453629685549,0.14837453630242112,0.14837453629154634,0.14837453628045286,0.14837453629154634,0.14837453630242112,0.14837453630905295,0.14837453630242112,0.14837453629685549,0.14837453630242112,0.14837453630905295,0.14713758220158366,0.14713758218736261,0.14713758217349968,0.14713758218736261,0.14713758220158366,0.14713758218736261,0.14713758215962833,0.14713758212277084,0.14713758215962833,0.14713758218736261,0.14713758217349968,0.14713758212277084,0.14713758202128957,0.14713758212277084,0.14713758217349968,0.14713758218736261,0.14713758215962833,0.14713758212277084,0.14713758215962833,0.14713758218736261,0.14713758220158366,0.14713758218736261,0.14713758217349968,0.14713758218736261,0.14713758220158366,0.14592511807473757,0.145925118051708,0.1459251180248983,0.145925118051708,0.14592511807473757,0.145925118051708,0.14592511799730815,0.1459251178930126,0.14592511799730815,0.145925118051708,0.1459251180248983,0.1459251178930126,0.14592511733427804,0.1459251178930126,0.1459251180248983,0.145925118051708,0.14592511799730815,0.1459251178930126,0.14592511799730815,0.145925118051708,0.14592511807473757,0.145925118051708,0.1459251180248983,0.145925118051708,0.14592511807473757,0.14473660953195602,0.1447366095125157,0.1447366094933353,0.1447366095125157,0.14473660953195602,0.1447366095125157,0.144736609474079,0.14473660942091493,0.144736609474079,0.1447366095125157,0.1447366094933353,0.14473660942091493,0.14473660925224272,0.14473660942091493,0.1447366094933353,0.1447366095125157,0.144736609474079,0.14473660942091493,0.144736609474079,0.1447366095125157,0.14473660953195602,0.1447366095125157,0.1447366094933353,0.1447366095125157,0.14473660953195602,0.1435715307037897,0.14357153068724512,0.14357153067152703,0.14357153068724512,0.1435715307037897,0.14357153068724512,0.14357153065594208,0.14357153061368713,0.14357153065594208,0.14357153068724512,0.14357153067152703,0.14357153061368713,0.14357153046685633,0.14357153061368713,0.14357153067152703,0.14357153068724512,0.14357153065594208,0.14357153061368713,0.14357153065594208,0.14357153068724512,0.1435715307037897,0.14357153068724512,0.14357153067152703,0.14357153068724512,0.1435715307037897,0.14242936453600372,0.14242936451968144,0.1424293645032505,0.14242936451968144,0.14242936453600372,0.14242936451968144,0.14242936448672272,0.14242936443747276,0.14242936448672272,0.14242936451968144,0.1424293645032505,0.14242936443747276,0.14242936424321762,0.14242936443747276,0.1424293645032505,0.14242936451968144,0.14242936448672272,0.14242936443747276,0.14242936448672272,0.14242936451968144,0.14242936453600372,0.14242936451968144,0.1424293645032505,0.14242936451968144,0.14242936453600372,0.1413096030065652,0.1413096029908934,0.1413096029735722,0.1413096029908934,0.1413096030065652,0.1413096029908934,0.14130960295573358,0.14130960289664085,0.14130960295573358,0.1413096029908934,0.1413096029735722,0.14130960289664085,0.14130960263897327,0.14130960289664085,0.1413096029735722,0.1413096029908934,0.14130960295573358,0.14130960289664085,0.14130960295573358,0.1413096029908934,0.1413096030065652,0.1413096029908934,0.1413096029735722,0.1413096029908934,0.1413096030065652,0.140211747288215,0.14021174727883684,0.14021174726626284,0.14021174727883684,0.140211747288215,0.14021174727883684,0.1402117472528448,0.14021174719886687,0.1402117472528448,0.14021174727883684,0.14021174726626284,0.14021174719886687,0.14021174691318125,0.14021174719886687,0.14021174726626284,0.14021174727883684,0.1402117472528448,0.14021174719886687,0.1402117472528448,0.14021174727883684,0.140211747288215,0.14021174727883684,0.14021174726626284,0.14021174727883684,0.140211747288215,0.13913530786681433,0.13913530787457495,0.1391353078802858,0.13913530787457495,0.13913530786681433,0.13913530787457495,0.13913530788550774,0.1391353078927341,0.13913530788550774,0.13913530787457495,0.1391353078802858,0.1391353078927341,0.13913530789196615,0.1391353078927341,0.1391353078802858,0.13913530787457495,0.13913530788550774,0.1391353078927341,0.13913530788550774,0.13913530787457495,0.13913530786681433,0.13913530787457495,0.1391353078802858,0.13913530787457495,0.13913530786681433,0.13807980462366926,0.1380798046556388,0.13807980468797423,0.1380798046556388,0.1380798046236691,0.1380798046556388,0.13807980472078268,0.13807980481088486,0.13807980472078268,0.1380798046556388,0.13807980468797423,0.13807980481088486,0.13807980506673026,0.13807980481088486,0.13807980468797423,0.1380798046556388,0.13807980472078268,0.13807980481088486,0.13807980472078268,0.1380798046556388,0.1380798046236691,0.1380798046556388,0.13807980468797423,0.1380798046556388,0.1380798046236691,0.13704476690389553,0.13704476695876755,0.13704476702557622,0.13704476695876755,0.13704476690389553,0.13704476695876755,0.1370447670949186,0.1370447673692727,0.1370447670949186,0.13704476695876755,0.13704476702557622,0.1370447673692727,0.1370447688926429,0.1370447673692727,0.13704476702557622,0.13704476695876755,0.1370447670949186,0.1370447673692727,0.1370447670949186,0.13704476695876755,0.13704476690389553,0.13704476695876755,0.13704476702557622,0.13704476695876755,0.13704476690389553,0.13602973356528222,0.13602973360380116,0.1360297336415704,0.13602973360380116,0.13602973356528222,0.13602973360380116,0.13602973367948737,0.13602973378084898,0.13602973367948737,0.13602973360380116,0.1360297336415704,0.13602973378084898,0.1360297340623856,0.13602973378084898,0.1360297336415704,0.13602973360380116,0.13602973367948737,0.13602973378084898,0.13602973367948737,0.13602973360380116,0.13602973356528222,0.13602973360380116,0.1360297336415704,0.13602973360380116,0.13602973356528222,0.13503425306228586,0.13503425308645348,0.13503425310641975,0.13503425308645348,0.13503425306228586,0.13503425308645348,0.13503425312537934,0.13503425316400017,0.13503425312537934,0.13503425308645348,0.13503425310641975,0.13503425316400017,0.13503425323426957,0.13503425316400017,0.13503425310641975,0.13503425308645348,0.13503425312537934,0.13503425316400017,0.13503425312537934,0.13503425308645348,0.13503425306228586,0.13503425308645348,0.13503425310641975,0.13503425308645348,0.13503425306228586
0.1653324874785503,0.1653324874785503,0.1653324874785503,0.1653324874785503,0.1653324874785503,0.1653324874785503,0.1653324874785503,0.1653324874785503,0.1653324874785503,0.1653324874785503,0.1653324874785503,0.1653324874785503,0.1653324874785503,0.1653324874785503,0.1653324874785503,0.1653324874785503,0.1653324874785503,0.1653324874785503,0.1653324874785503,0.1653324874785503,0.1653324874785503,0.1653324874785503,0.1653324874785503,0.1653324874785503,0.1653324874785503,0.16375749376588697,0.16375749376588697,0.16375749376588697,0.16375749376588697,0.16375749376588697,0.16375749376588697,0.16375749376588697,0.16375749376588675,0.16375749376588697,0.16375749376588697,0.16375749376588697,0.16375749376588675,0.16375749376588675,0.16375749376588697,0.16375749376588697,0.16375749376588697,0.16375749376588697,0.16375749376588697,0.16375749376588697,0.16375749376588697,0.16375749376588697,0.16375749376588697,0.16375749376588697,0.16375749376588697,0.16375749376588697,0.1622138839850239,0.16221388398502368,0.16221388398502368,0.16221388398502368,0.1622138839850239,0.16221388398502368,0.16221388398502348,0.16221388398502348,0.16221388398502348,0.16221388398502368,0.16221388398502368,0.16221388398502348,0.16221388398502348,0.16221388398502348,0.16221388398502368,0.16221388398502368,0.16221388398502348,0.16221388398502348,0.16221388398502348,0.16221388398502368,0.1622138839850239,0.16221388398502368,0.16221388398502368,0.16221388398502368,0.1622138839850239,0.1607010670930018,0.1607010670930014,0.16070106709300117,0.1607010670930014,0.1607010670930018,0.1607010670930014,0.16070106709300094,0.16070106709300072,0.16070106709300094,0.1607010670930014,0.16070106709300117,0.16070106709300072,0.16070106709300028,0.16070106709300072,0.16070106709300117,0.1607010670930014,0.16070106709300094,0.16070106709300072,0.16070106709300094,0.1607010670930014,0.1607010670930018,0.1607010670930014,0.16070106709300117,0.1607010670930014,0.1607010670930018,0.15921845146480013,0.15921845146479882,0.15921845146479796,0.15921845146479882,0.15921845146480013,0.15921845146479882,0.1592184514647973,0.15921845146479643,0.1592184514647973,0.15921845146479882,0.15921845146479796,0.15921845146479643,0.15921845146479557,0.15921845146479643,0.15921845146479796,0.15921845146479882,0.1592184514647973,0.15921845146479643,0.1592184514647973,0.15921845146479882,0.15921845146480013,0.15921845146479882,0.15921845146479796,0.15921845146479882,0.15921845146480013,0.15776544624518846,0.157765446245184,0.15776544624518146,0.157765446245184,0.15776544624518846,0.157765446245184,0.15776544624517952,0.15776544624517674,0.15776544624517952,0.157765446245184,0.15776544624518146,0.15776544624517674,0.15776544624517397,0.15776544624517674,0.15776544624518146,0.157765446245184,0.15776544624517952,0.15776544624517674,0.15776544624517952,0.157765446245184,0.15776544624518846,0.157765446245184,0.15776544624518146,0.157765446245184,0.15776544624518846,0.15634146256305198,0.15634146256303885,0.15634146256303047,0.15634146256303885,0.15634146256305198,0.15634146256303885,0.1563414625630248,0.15634146256301584,0.1563414625630248,0.15634146256303885,0.15634146256303047,0.15634146256301584,0.15634146256300643,0.15634146256301584,0.15634146256303047,0.15634146256303885,0.1563414625630248,0.15634146256301584,0.1563414625630248,0.15634146256303885,0.15634146256305198,0.15634146256303885,0.15634146256303047,0.15634146256303885,0.15634146256305198,0.1549459146184613,0.15494591461842133,0.1549459146183957,0.15494591461842133,0.1549459146184613,0.15494591461842133,0.15494591461837728,0.1549459146183488,0.15494591461837728,0.15494591461842133,0.1549459146183957,0.1549459146183488,0.15494591461831828,0.1549459146183488,0.1549459146183957,0.15494591461842133,0.15494591461837728,0.1549459146183488,0.15494591461837728,0.15494591461842133,0.1549459146184613,0.15494591461842133,0.1549459146183957,0.15494591461842133,0.1549459146184613,0.15357822065220086,0.15357822065208118,0.15357822065200324,0.15357822065208118,0.15357822065220086,0.15357822065208118,0.1535782206519438,0.1535782206518516,0.1535782206519438,0.15357822065208118,0.15357822065200324,0.1535782206518516,0.15357822065174856,0.1535782206518516,0.15357822065200324,0.15357822065208118,0.1535782206519438,0.1535782206518516,0.1535782206519438,0.15357822065208118,0.15357822065220086,0.15357822065208118,0.15357822065200324,0.15357822065208118,0.15357822065220086,0.1522378038069445,0.15223780380659432,0.15223780380635968,0.15223780380659432,0.1522378038069445,0.15223780380659432,0.1522378038061699,0.15223780380587254,0.1522378038061699,0.15223780380659432,0.15223780380635968,0.15223780380587254,0.1522378038055241,0.15223780380587254,0.15223780380635968,0.15223780380659432,0.1522378038061699,0.15223780380587254,0.1522378038061699,0.15223780380659432,0.1522378038069445,0.15223780380659432,0.15223780380635968,0.15223780380659432,0.1522378038069445,0.15092409288876615,0.15092409288777553,0.15092409288708084,0.15092409288777553,0.15092409288876615,0.15092409288777553,0.15092409288648528,0.1509240928855143,0.15092409288648528,0.15092409288777553,0.15092409288708084,0.1509240928855143,0.150924092884269,0.1509240928855143,0.15092409288708084,0.15092409288777553,0.15092409288648528,0.1509240928855143,0.15092409288648528,0.15092409288777553,0.15092409288876615,0.15092409288777553,0.15092409288708084,0.15092409288777553,0.15092409288876615,0.14963652303726904,0.1496365230346056,0.14963652303259772,0.1496365230346056,0.14963652303726904,0.1496365230346056,0.14963652303077968,0.14963652302753197,0.14963652303077968,0.1496365230346056,0.14963652303259772,0.14963652302753197,0.14963652302271147,0.14963652302753197,0.14963652303259772,0.1496365230346056,0.14963652303077968,0.14963652302753197,0.14963652303077968,0.1496365230346056,0.14963652303726904,0.1496365230346056,0.14963652303259772,0.1496365230346056,0.14963652303726904,0.1483745363123168,0.14837453630572128,0.14837453630018588,0.14837453630572128,0.1483745363123168,0.14837453630572128,0.14837453629490452,0.14837453628387018,0.14837453629490452,0.14837453630572128,0.14837453630018588,0.14837453628387018,0.148374536263126,0.14837453628387018,0.14837453630018588,0.14837453630572128,0.14837453629490452,0.14837453628387018,0.14837453629490452,0.14837453630572128,0.1483745363123168,0.14837453630572128,0.14837453630018588,0.14837453630572128,0.1483745363123168,0.1471375822049365,0.14713758219079504,0.14713758217700837,0.14713758219079504,0.1471375822049365,0.14713758219079504,0.14713758216320932,0.1471375821265491,0.14713758216320932,0.14713758219079504,0.14713758217700837,0.1471375821265491,0.14713758202559302,0.1471375821265491,0.14713758217700837,0.14713758219079504,0.14713758216320932,0.1471375821265491,0.14713758216320932,0.14713758219079504,0.1471375822049365,0.14713758219079504,0.14713758217700837,0.14713758219079504,0.1471375822049365,0.1459251180780159,0.14592511805512343,0.14592511802846636,0.14592511805512343,0.1459251180780159,0.14592511805512343,0.14592511800103078,0.14592511789729257,0.14592511800103078,0.14592511805512343,0.14592511802846636,0.14592511789729257,0.1459251173414216,0.14592511789729257,0.14592511802846636,0.14592511805512343,0.14592511800103078,0.14592511789729257,0.14592511800103078,0.14592511805512343,0.1459251180780159,0.14592511805512343,0.14592511802846636,0.14592511805512343,0.1459251180780159,0.14473660953486928,0.14473660951557524,0.14473660949653727,0.14473660951557524,0.14473660953486928,0.14473660951557524,0.14473660947742265,0.1447366094246501,0.14473660947742265,0.14473660951557524,0.14473660949653727,0.1447366094246501,0.14473660925728074,0.1447366094246501,0.14473660949653727,0.14473660951557524,0.14473660947742265,0.1447366094246501,0.14473660947742265,0.14473660951557524,0.14473660953486928,0.14473660951557524,0.14473660949653727,0.14473660951557524,0.14473660953486928,0.1435715307060193,0.1435715306896431,0.1435715306740891,0.1435715306896431,0.1435715307060193,0.1435715306896431,0.1435715306586679,0.14357153061687888,0.1435715306586679,0.1435715306896431,0.1435715306740891,0.14357153061687888,0.14357153047177068,0.14357153061687888,0.1435715306740891,0.1435715306896431,0.1435715306586679,0.14357153061687888,0.1435715306586679,0.1435715306896431,0.1435715307060193,0.1435715306896431,0.1435715306740891,0.1435715306896431,0.1435715307060193,0.14242936453717497,0.14242936452105687,0.14242936450483593,0.14242936452105687,0.14242936453717497,0.14242936452105687,0.1424293644885205,0.14242936443991824,0.1424293644885205,0.14242936452105687,0.14242936450483593,0.14242936443991824,0.1424293642483035,0.14242936443991824,0.14242936450483593,0.14242936452105687,0.1424293644885205,0.14242936443991824,0.1424293644885205,0.14242936452105687,0.14242936453717497,0.14242936452105687,0.14242936450483593,0.14242936452105687,0.14242936453717497,0.14130960300621834,0.14130960299076745,0.14130960297368997,0.14130960299076745,0.14130960300621834,0.14130960299076745,0.14130960295610215,0.1413096028978393,0.14130960295610215,0.14130960299076745,0.14130960297368997,0.1413096028978393,0.14130960264381828,0.1413096028978393,0.14130960297368997,0.14130960299076745,0.14130960295610215,0.1413096028978393,0.14130960295610215,0.14130960299076745,0.14130960300621834,0.14130960299076745,0.14130960297368997,0.14130960299076745,0.14130960300621834,0.14021174728584426,0.14021174727662608,0.1402117472642512,0.14021174727662608,0.14021174728584426,0.14021174727662608,0.14021174725104282,0.14021174719786758,0.14021174725104282,0.14021174727662608,0.1402117472642512,0.14021174719786758,0.1402117469163431,0.14021174719786758,0.1402117472642512,0.14021174727662608,0.14021174725104282,0.14021174719786758,0.14021174725104282,0.14021174727662608,0.14021174728584426,0.14021174727662608,0.1402117472642512,0.14021174727662608,0.14021174728584426,0.1391353078620267,0.13913530786975348,0.1391353078754479,0.13913530786975348,0.1391353078620267,0.13913530786975348,0.13913530788065798,0.1391353078879114,0.13913530788065798,0.13913530786975348,0.1391353078754479,0.1391353078879114,0.1391353078874005,0.1391353078879114,0.1391353078754479,0.13913530786975348,0.13913530788065798,0.1391353078879114,0.13913530788065798,0.13913530786975348,0.1391353078620267,0.13913530786975348,0.1391353078754479,0.13913530786975348,0.1391353078620267,0.13807980461646122,0.13807980464814207,0.13807980468018183,0.13807980464814207,0.13807980461646122,0.13807980464814207,0.13807980471268938,0.1380798048019543,0.13807980471268938,0.13807980464814207,0.13807980468018183,0.1380798048019543,0.13807980505539194,0.1380798048019543,0.13807980468018183,0.13807980464814207,0.13807980471268938,0.1380798048019543,0.13807980471268938,0.13807980464814207,0.13807980461646122,0.13807980464814207,0.13807980468018183,0.13807980464814207,0.13807980461646122,0.1370447668947841,0.13704476694913623,0.13704476701530832,0.13704476694913623,0.1370447668947841,0.13704476694913623,0.13704476708398922,0.1370447673557153,0.13704476708398922,0.13704476694913623,0.13704476701530832,0.1370447673557153,0.13704476886444997,0.1370447673557153,0.13704476701530832,0.13704476694913623,0.13704476708398922,0.1370447673557153,0.13704476708398922,0.13704476694913623,0.1370447668947841,0.13704476694913623,0.13704476701530832,0.13704476694913623,0.1370447668947841,0.13602973355526302,0.13602973359341455,0.13602973363082263,0.13602973359341455,0.13602973355526302,0.13602973359341455,0.1360297336683769,0.1360297337687663,0.1360297336683769,0.13602973359341455,0.13602973363082263,0.1360297337687663,0.1360297340475999,0.1360297337687663,0.13602973363082263,0.13602973359341455,0.1360297336683769,0.1360297337687663,0.1360297336683769,0.13602973359341455,0.13602973355526302,0.13602973359341455,0.13602973363082263,0.13602973359341455,0.13602973355526302,0.13503425305204855,0.13503425307598493,0.13503425309575998,0.13503425307598493,0.13503425305204855,0.13503425307598493,0.13503425311453748,0.13503425315278772,0.13503425311453748,0.13503425307598493,0.13503425309575998,0.13503425315278772,0.13503425322238255,0.13503425315278772,0.13503425309575998,0.13503425307598493,0.13503425311453748,0.13503425315278772,0.13503425311453748,0.13503425307598493,0.13503425305204855,0.13503425307598493,0.13503425309575998,0.13503425307598493,0.13503425305204855
0.16533248748219512,0.16533248748219512,0.16533248748219512,0.16533248748219512,0.16533248748219512,0.16533248748219512,0.16533248748219512,0.16533248748219512,0.16533248748219512,0.16533248748219512,0.16533248748219512,0.16533248748219512,0.16533248748219512,0.16533248748219512,0.16533248748219512,0.16533248748219512,0.16533248748219512,0.16533248748219512,0.16533248748219512,0.16533248748219512,0.16533248748219512,0.16533248748219512,0.16533248748219512,0.16533248748219512,0.16533248748219512,0.16375749376946963,0.1637574937694694,0.1637574937694694,0.1637574937694694,0.16375749376946963,0.1637574937694694,0.1637574937694694,0.1637574937694694,0.1637574937694694,0.1637574937694694,0.1637574937694694,0.1637574937694694,0.1637574937694694,0.1637574937694694,0.1637574937694694,0.1637574937694694,0.1637574937694694,0.1637574937694694,0.1637574937694694,0.1637574937694694,0.16375749376946963,0.1637574937694694,0.1637574937694694,0.1637574937694694,0.16375749376946963,0.16221388398855374,0.1622138839885535,0.1622138839885535,0.1622138839885535,0.16221388398855374,0.1622138839885535,0.16221388398855327,0.16221388398855327,0.16221388398855327,0.1622138839885535,0.1622138839885535,0.16221388398855327,0.16221388398855305,0.16221388398855327,0.1622138839885535,0.1622138839885535,0.16221388398855327,0.16221388398855327,0.16221388398855327,0.1622138839885535,0.16221388398855374,0.1622138839885535,0.1622138839885535,0.1622138839885535,0.16221388398855374,0.16070106709648851,0.16070106709648807,0.16070106709648785,0.16070106709648807,0.16070106709648851,0.16070106709648807,0.16070106709648763,0.1607010670964874,0.16070106709648763,0.16070106709648807,0.16070106709648785,0.1607010670964874,0.16070106709648696,0.1607010670964874,0.16070106709648785,0.16070106709648807,0.16070106709648763,0.1607010670964874,0.16070106709648763,0.16070106709648807,0.16070106709648851,0.16070106709648807,0.16070106709648785,0.16070106709648807,0.16070106709648851,0.15921845146825359,0.15921845146825203,0.15921845146825117,0.15921845146825203,0.15921845146825334,0.15921845146825203,0.15921845146825075,0.15921845146824987,0.15921845146825075,0.15921845146825203,0.15921845146825117,0.15921845146824987,0.15921845146824878,0.15921845146824987,0.15921845146825117,0.15921845146825203,0.15921845146825075,0.15921845146824987,0.15921845146825075,0.15921845146825203,0.15921845146825334,0.15921845146825203,0.15921845146825117,0.15921845146825203,0.15921845146825334,0.15776544624861796,0.15776544624861366,0.1577654462486111,0.15776544624861366,0.15776544624861796,0.15776544624861366,0.1577654462486092,0.15776544624860644,0.1577654462486092,0.15776544624861366,0.1577654462486111,0.15776544624860644,0.15776544624860364,0.15776544624860644,0.1577654462486111,0.15776544624861366,0.1577654462486092,0.15776544624860644,0.1577654462486092,0.15776544624861366,0.15776544624861796,0.15776544624861366,0.1577654462486111,0.15776544624861366,0.15776544624861796,0.15634146256646733,0.15634146256645418,0.15634146256644602,0.15634146256645418,0.15634146256646733,0.15634146256645418,0.15634146256644038,0.15634146256643158,0.15634146256644038,0.15634146256645418,0.15634146256644602,0.15634146256643158,0.1563414625664224,0.15634146256643158,0.15634146256644602,0.15634146256645418,0.15634146256644038,0.15634146256643158,0.15634146256644038,0.15634146256645418,0.15634146256646733,0.15634146256645418,0.15634146256644602,0.15634146256645418,0.15634146256646733,0.15494591462187116,0.1549459146218314,0.1549459146218062,0.1549459146218314,0.15494591462187116,0.1549459146218314,0.15494591462178797,0.15494591462175988,0.15494591462178797,0.1549459146218314,0.1549459146218062,0.15494591462175988,0.15494591462172957,0.15494591462175988,0.1549459146218062,0.1549459146218314,0.15494591462178797,0.15494591462175988,0.15494591462178797,0.1549459146218314,0.15494591462187116,0.1549459146218314,0.1549459146218062,0.1549459146218314,0.15494591462187116,0.1535782206556132,0.15357822065549429,0.15357822065541715,0.15357822065549429,0.1535782206556132,0.15357822065549429,0.15357822065535853,0.15357822065526774,0.15357822065535853,0.15357822065549429,0.15357822065541715,0.15357822065526774,0.15357822065516571,0.15357822065526774,0.15357822065541715,0.15357822065549429,0.15357822065535853,0.15357822065526774,0.15357822065535853,0.15357822065549429,0.1535782206556132,0.15357822065549429,0.15357822065541715,0.15357822065549429,0.1535782206556132,0.15223780381036497,0.15223780381001717,0.1522378038097841,0.15223780381001717,0.15223780381036497,0.15223780381001717,0.15223780380959653,0.1522378038093007,0.15223780380959653,0.15223780381001717,0.1522378038097841,0.1522378038093007,0.15223780380895444,0.1522378038093007,0.1522378038097841,0.15223780381001717,0.15223780380959653,0.1522378038093007,0.15223780380959653,0.15223780381001717,0.15223780381036497,0.15223780381001717,0.1522378038097841,0.15223780381001717,0.15223780381036497,0.15092409289219647,0.1509240928912124,0.15092409289052214,0.1509240928912124,0.15092409289219647,0.1509240928912124,0.15092409288993064,0.15092409288896586,0.15092409288993064,0.1509240928912124,0.15092409289052214,0.15092409288896586,0.15092409288772846,0.15092409288896586,0.15092409289052214,0.1509240928912124,0.15092409288993064,0.15092409288896586,0.15092409288993064,0.1509240928912124,0.15092409289219647,0.1509240928912124,0.15092409289052214,0.1509240928912124,0.15092409289219647,0.14963652304070185,0.14963652303805544,0.1496365230360606,0.14963652303805544,0.14963652304070185,0.14963652303805544,0.1496365230342539,0.1496365230310268,0.1496365230342539,0.14963652303805544,0.1496365230360606,0.1496365230310268,0.14963652302623692,0.1496365230310268,0.1496365230360606,0.14963652303805544,0.1496365230342539,0.1496365230310268,0.1496365230342539,0.14963652303805544,0.14963652304070185,0.14963652303805544,0.1496365230360606,0.14963652303805544,0.14963652304070185,0.14837453631572095,0.14837453630916805,0.14837453630366804,0.14837453630916805,0.14837453631572095,0.14837453630916805,0.14837453629842023,0.1483745362874559,0.14837453629842023,0.14837453630916805,0.14837453630366804,0.1483745362874559,0.1483745362668424,0.1483745362874559,0.14837453630366804,0.14837453630916805,0.14837453629842023,0.1483745362874559,0.14837453629842023,0.14837453630916805,0.14837453631572095,0.14837453630916805,0.14837453630366804,0.14837453630916805,0.14837453631572095,0.147137582208227,0.14713758219417733,0.14713758218047965,0.14713758219417733,0.147137582208227,0.14713758219417733,0.1471375821667678,0.14713758213034067,0.1471375821667678,0.14713758219417733,0.14713758218047965,0.14713758213034067,0.1471375820300191,0.14713758213034067,0.14713758218047965,0.14713758219417733,0.1471375821667678,0.14713758213034067,0.1471375821667678,0.14713758219417733,0.147137582208227,0.14713758219417733,0.14713758218047965,0.14713758219417733,0.147137582208227,0.14592511808100203,0.14592511805826305,0.14592511803178013,0.14592511805826305,0.14592511808100203,0.14592511805826305,0.1459251180045226,0.1459251179014436,0.1459251180045226,0.14592511805826305,0.14592511803178013,0.1459251179014436,0.14592511734907088,0.1459251179014436,0.14592511803178013,0.14592511805826305,0.1459251180045226,0.1459251179014436,0.1459251180045226,0.14592511805826305,0.14592511808100203,0.14592511805826305,0.14592511803178013,0.14592511805826305,0.14592511808100203,0.1447366095372292,0.14473660951808195,0.14473660949918551,0.14473660951808195,0.1447366095372292,0.14473660951808195,0.14473660948021178,0.1447366094278163,0.14473660948021178,0.14473660951808195,0.14473660949918551,0.1447366094278163,0.14473660926158882,0.1447366094278163,0.14473660949918551,0.14473660951808195,0.14473660948021178,0.1447366094278163,0.14473660948021178,0.14473660951808195,0.1447366095372292,0.14473660951808195,0.14473660949918551,0.14473660951808195,0.1447366095372292,0.14357153070743714,0.14357153069121906,0.14357153067581718,0.14357153069121906,0.14357153070743714,0.14357153069121906,0.1435715306605467,0.14357153061917607,0.1435715306605467,0.14357153069121906,0.14357153067581718,0.14357153061917607,0.14357153047560398,0.14357153061917607,0.14357153067581718,0.14357153069121906,0.1435715306605467,0.14357153061917607,0.1435715306605467,0.14357153069121906,0.14357153070743714,0.14357153069121906,0.14357153067581718,0.14357153069121906,0.14357153070743714,0.14242936453730567,0.14242936452137778,0.14242936450535124,0.14242936452137778,0.14242936453730567,0.14242936452137778,0.1424293644892323,0.1424293644412267,0.1424293644892323,0.14242936452137778,0.14242936450535124,0.1424293644412267,0.14242936425196803,0.1424293644412267,0.14242936450535124,0.14242936452137778,0.1424293644892323,0.1424293644412267,0.1424293644892323,0.14242936452137778,0.14242936453730567,0.14242936452137778,0.14242936450535124,0.14242936452137778,0.14242936453730567,0.14130960300464357,0.14130960298939974,0.14130960297255102,0.14130960298939974,0.14130960300464357,0.14130960298939974,0.14130960295519857,0.1413096028977176,0.14130960295519857,0.14130960298939974,0.14130960297255102,0.1413096028977176,0.1413096026471142,0.1413096028977176,0.14130960297255102,0.14130960298939974,0.14130960295519857,0.1413096028977176,0.14130960295519857,0.14130960298939974,0.14130960300464357,0.14130960298939974,0.14130960297255102,0.14130960298939974,0.14130960300464357,0.14021174728210267,0.14021174727303384,0.14021174726084698,0.14021174727303384,0.14021174728210267,0.14021174727303384,0.1402117472478363,0.14021174719542442,0.1402117472478363,0.14021174727303384,0.14021174726084698,0.14021174719542442,0.14021174691784666,0.14021174719542442,0.14021174726084698,0.14021174727303384,0.1402117472478363,0.14021174719542442,0.1402117472478363,0.14021174727303384,0.14021174728210267,0.14021174727303384,0.14021174726084698,0.14021174727303384,0.14021174728210267,0.1391353078557677,0.1391353078634562,0.13913530786912992,0.1391353078634562,0.1391353078557677,0.1391353078634562,0.13913530787432388,0.1391353078815937,0.13913530787432388,0.1391353078634562,0.13913530786912992,0.1391353078815937,0.1391353078813121,0.1391353078815937,0.13913530786912992,0.1391353078634562,0.13913530787432388,0.1391353078815937,0.13913530787432388,0.1391353078634562,0.1391353078557677,0.1391353078634562,0.13913530786912992,0.1391353078634562,0.1391353078557677,0.13807980460771396,0.13807980463910688,0.13807980467085237,0.13807980463910688,0.13807980460771396,0.13807980463910688,0.1380798047030604,0.13807980479149334,0.1380798047030604,0.13807980463910688,0.13807980467085237,0.13807980479149334,0.13807980504254228,0.13807980479149334,0.13807980467085237,0.13807980463910688,0.1380798047030604,0.13807980479149334,0.1380798047030604,0.13807980463910688,0.13807980460771396,0.13807980463910688,0.13807980467085237,0.13807980463910688,0.13807980460771396,0.13704476688409095,0.13704476693792758,0.13704476700346882,0.13704476693792758,0.13704476688409095,0.13704476693792758,0.13704476707149427,0.1370447673406177,0.13704476707149427,0.13704476693792758,0.13704476700346882,0.1370447673406177,0.13704476883487893,0.1370447673406177,0.13704476700346882,0.13704476693792758,0.13704476707149427,0.1370447673406177,0.13704476707149427,0.13704476693792758,0.13704476688409095,0.13704476693792758,0.13704476700346882,0.13704476693792758,0.13704476688409095,0.13602973354364017,0.13602973358142761,0.136029733618478,0.13602973358142761,0.13602973354364017,0.13602973358142761,0.13602973365567303,0.1360297337551001,0.13602973365567303,0.13602973358142761,0.136029733618478,0.1360297337551001,0.13602973403125784,0.1360297337551001,0.136029733618478,0.13602973358142761,0.13602973365567303,0.1360297337551001,0.13602973365567303,0.13602973358142761,0.13602973354364017,0.13602973358142761,0.136029733618478,0.13602973358142761,0.13602973354364017,0.13503425304020994,0.13503425306391745,0.13503425308350323,0.13503425306391745,0.13503425304020994,0.13503425306391745,0.13503425310210074,0.1350342531399842,0.13503425310210074,0.13503425306391745,0.13503425308350323,0.1350342531399842,0.13503425320891133,0.1350342531399842,0.13503425308350323,0.13503425306391745,0.13503425310210074,0.1350342531399842,0.13503425310210074,0.13503425306391745,0.13503425304020994,0.13503425306391745,0.13503425308350323,0.13503425306391745,0.13503425304020994
0.16533248748647097,0.16533248748647097,0.16533248748647097,0.16533248748647097,0.16533248748647097,0.16533248748647097,0.16533248748647097,0.16533248748647097,0.16533248748647097,0.16533248748647097,0.16533248748647097,0.16533248748647097,0.16533248748647097,0.16533248748647097,0.16533248748647097,0.16533248748647097,0.16533248748647097,0.16533248748647097,0.16533248748647097,0.16533248748647097,0.16533248748647097,0.16533248748647097,0.16533248748647097,0.16533248748647097,0.16533248748647097,0.16375749377366428,0.16375749377366428,0.16375749377366428,0.16375749377366428,0.16375749377366428,0.16375749377366428,0.16375749377366428,0.16375749377366428,0.16375749377366428,0.16375749377366428,0.16375749377366428,0.16375749377366428,0.16375749377366428,0.16375749377366428,0.16375749377366428,0.16375749377366428,0.16375749377366428,0.16375749377366428,0.16375749377366428,0.16375749377366428,0.16375749377366428,0.16375749377366428,0.16375749377366428,0.16375749377366428,0.16375749377366428,0.16221388399267248,0.16221388399267223,0.16221388399267223,0.16221388399267223,0.16221388399267248,0.16221388399267223,0.162213883992672,0.162213883992672,0.162213883992672,0.16221388399267223,0.16221388399267223,0.162213883992672,0.162213883992672,0.162213883992672,0.16221388399267223,0.16221388399267223,0.162213883992672,0.162213883992672,0.162213883992672,0.16221388399267223,0.16221388399267248,0.16221388399267223,0.16221388399267223,0.16221388399267223,0.16221388399267248,0.16070106710053614,0.1607010671005357,0.16070106710053547,0.1607010671005357,0.16070106710053614,0.1607010671005357,0.16070106710053525,0.16070106710053503,0.16070106710053525,0.1607010671005357,0.16070106710053547,0.16070106710053503,0.1607010671005348,0.16070106710053503,0.16070106710053547,0.1607010671005357,0.16070106710053525,0.16070106710053503,0.16070106710053525,0.1607010671005357,0.16070106710053614,0.1607010671005357,0.16070106710053547,0.1607010671005357,0.16070106710053614,0.15921845147223518,0.15921845147223385,0.15921845147223299,0.15921845147223385,0.15921845147223518,0.15921845147223385,0.15921845147223235,0.15921845147223146,0.15921845147223235,0.15921845147223385,0.15921845147223299,0.15921845147223146,0.15921845147223057,0.15921845147223146,0.15921845147223299,0.15921845147223385,0.15921845147223235,0.15921845147223146,0.15921845147223235,0.15921845147223385,0.15921845147223518,0.15921845147223385,0.15921845147223299,0.15921845147223385,0.15921845147223518,0.15776544625253858,0.15776544625253455,0.15776544625253178,0.15776544625253455,0.15776544625253858,0.15776544625253455,0.15776544625253003,0.15776544625252728,0.15776544625253003,0.15776544625253455,0.15776544625253178,0.15776544625252728,0.1577654462525245,0.15776544625252728,0.15776544625253178,0.15776544625253455,0.15776544625253003,0.15776544625252728,0.15776544625253003,0.15776544625253455,0.15776544625253858,0.15776544625253455,0.15776544625253178,0.15776544625253455,0.15776544625253858,0.15634146257033185,0.1563414625703189,0.15634146257031076,0.1563414625703189,0.15634146257033185,0.1563414625703189,0.15634146257030507,0.1563414625702963,0.15634146257030507,0.1563414625703189,0.15634146257031076,0.1563414625702963,0.1563414625702871,0.1563414625702963,0.15634146257031076,0.1563414625703189,0.15634146257030507,0.1563414625702963,0.15634146257030507,0.1563414625703189,0.15634146257033185,0.1563414625703189,0.15634146257031076,0.1563414625703189,0.15634146257033185,0.15494591462568394,0.15494591462564458,0.15494591462561957,0.15494591462564458,0.15494591462568394,0.15494591462564458,0.15494591462560156,0.1549459146255737,0.15494591462560156,0.15494591462564458,0.15494591462561957,0.1549459146255737,0.15494591462554375,0.1549459146255737,0.15494591462561957,0.15494591462564458,0.15494591462560156,0.1549459146255737,0.15494591462560156,0.15494591462564458,0.15494591462568394,0.15494591462564458,0.15494591462561957,0.15494591462564458,0.15494591462568394,0.1535782206593782,0.1535782206592603,0.15357822065918358,0.1535782206592603,0.1535782206593782,0.1535782206592603,0.1535782206591257,0.15357822065903595,0.1535782206591257,0.1535782206592603,0.15357822065918358,0.15357822065903595,0.15357822065893473,0.15357822065903595,0.15357822065918358,0.1535782206592603,0.1535782206591257,0.15357822065903595,0.1535782206591257,0.1535782206592603,0.1535782206593782,0.1535782206592603,0.15357822065918358,0.1535782206592603,0.1535782206593782,0.15223780381408428,0.15223780381373922,0.1522378038135079,0.15223780381373922,0.15223780381408428,0.15223780381373922,0.1522378038133221,0.1522378038130282,0.1522378038133221,0.15223780381373922,0.1522378038135079,0.1522378038130282,0.15223780381268473,0.1522378038130282,0.1522378038135079,0.15223780381373922,0.1522378038133221,0.1522378038130282,0.1522378038133221,0.15223780381373922,0.15223780381408428,0.15223780381373922,0.1522378038135079,0.15223780381373922,0.15223780381408428,0.15092409289586853,0.15092409289489156,0.15092409289420652,0.15092409289489156,0.15092409289586853,0.15092409289489156,0.15092409289361947,0.15092409289266182,0.15092409289361947,0.15092409289489156,0.15092409289420652,0.15092409289266182,0.15092409289143366,0.15092409289266182,0.15092409289420652,0.15092409289489156,0.15092409289361947,0.15092409289266182,0.15092409289361947,0.15092409289489156,0.15092409289586853,0.15092409289489156,0.15092409289420652,0.15092409289489156,0.15092409289586853,0.14963652304431485,0.1496365230416879,0.14963652303970784,0.1496365230416879,0.14963652304431485,0.1496365230416879,0.14963652303791455,0.1496365230347113,0.14963652303791455,0.1496365230416879,0.14963652303970784,0.1496365230347113,0.1496365230299566,0.1496365230347113,0.14963652303970784,0.1496365230416879,0.14963652303791455,0.1496365230347113,0.14963652303791455,0.1496365230416879,0.14963652304431485,0.1496365230416879,0.14963652303970784,0.1496365230416879,0.14963652304431485,0.14837453631923703,0.1483745363127323,0.14837453630727285,0.1483745363127323,0.14837453631923703,0.1483745363127323,0.1483745363020638,0.1483745362911803,0.1483745363020638,0.1483745363127323,0.14837453630727285,0.1483745362911803,0.14837453627071934,0.1483745362911803,0.14837453630727285,0.1483745363127323,0.1483745363020638,0.1483745362911803,0.1483745363020638,0.1483745363127323,0.14837453631923703,0.1483745363127323,0.14837453630727285,0.1483745363127323,0.14837453631923703,0.14713758221154738,0.1471375821976014,0.14713758218400488,0.1471375821976014,0.14713758221154738,0.1471375821976014,0.1471375821703937,0.14713758213423556,0.1471375821703937,0.1471375821976014,0.14713758218400488,0.14713758213423556,0.14713758203465607,0.14713758213423556,0.14713758218400488,0.1471375821976014,0.1471375821703937,0.14713758213423556,0.1471375821703937,0.1471375821976014,0.14713758221154738,0.1471375821976014,0.14713758218400488,0.1471375821976014,0.14713758221154738,0.14592511808391107,0.1459251180613411,0.14592511803505365,0.1459251180613411,0.14592511808391107,0.1459251180613411,0.14592511800799682,0.14592511790567617,0.14592511800799682,0.1459251180613411,0.14592511803505365,0.14592511790567617,0.14592511735740196,0.14592511790567617,0.14592511803505365,0.1459251180613411,0.14592511800799682,0.14592511790567617,0.14592511800799682,0.1459251180613411,0.14592511808391107,0.1459251180613411,0.14592511803505365,0.1459251180613411,0.14592511808391107,0.14473660953937284,0.14473660952037343,0.1447366095016175,0.14473660952037343,0.14473660953937284,0.14473660952037343,0.14473660948278394,0.14473660943075098,0.14473660948278394,0.14473660952037343,0.1447366095016175,0.14473660943075098,0.14473660926551882,0.14473660943075098,0.1447366095016175,0.14473660952037343,0.14473660948278394,0.14473660943075098,0.14473660948278394,0.14473660952037343,0.14473660953937284,0.14473660952037343,0.1447366095016175,0.14473660952037343,0.14473660953937284,0.14357153070849957,0.14357153069242967,0.1435715306771676,0.14357153069242967,0.14357153070849957,0.14357153069242967,0.1435715306620354,0.14357153062103675,0.1435715306620354,0.14357153069242967,0.1435715306771676,0.14357153062103675,0.14357153047872045,0.14357153062103675,0.1435715306771676,0.14357153069242967,0.1435715306620354,0.14357153062103675,0.1435715306620354,0.14357153069242967,0.14357153070849957,0.14357153069242967,0.1435715306771676,0.14357153069242967,0.14357153070849957,0.14242936453696428,0.14242936452121252,0.1424293645053655,0.14242936452121252,0.14242936453696428,0.14242936452121252,0.14242936448942772,0.1424293644419687,0.14242936448942772,0.14242936452121252,0.1424293645053655,0.1424293644419687,0.14242936425490488,0.1424293644419687,0.1424293645053655,0.14242936452121252,0.14242936448942772,0.1424293644419687,0.14242936448942772,0.14242936452121252,0.14242936453696428,0.14242936452121252,0.1424293645053655,0.14242936452121252,0.14242936453696428,0.14130960300251194,0.14130960298746134,0.14130960297082695,0.14130960298746134,0.14130960300251194,0.14130960298746134,0.14130960295369535,0.14130960289694922,0.14130960295369535,0.14130960298746134,0.14130960297082695,0.14130960289694922,0.14130960264955716,0.14130960289694922,0.14130960297082695,0.14130960298746134,0.14130960295369535,0.14130960289694922,0.14130960295369535,0.14130960298746134,0.14130960300251194,0.14130960298746134,0.14130960297082695,0.14130960298746134,0.14130960300251194,0.1402117472777526,0.1402117472688227,0.1402117472568123,0.1402117472688227,0.1402117472777526,0.1402117472688227,0.140211747243988,0.14021174719230162,0.140211747243988,0.1402117472688227,0.1402117472568123,0.14021174719230162,0.1402117469185131,0.14021174719230162,0.1402117472568123,0.1402117472688227,0.140211747243988,0.14021174719230162,0.140211747243988,0.1402117472688227,0.1402117472777526,0.1402117472688227,0.1402117472568123,0.1402117472688227,0.1402117472777526,0.13913530784887607,0.13913530785652173,0.1391353078621706,0.13913530785652173,0.13913530784887607,0.13913530785652173,0.13913530786734435,0.13913530787462033,0.13913530786734435,0.13913530785652173,0.1391353078621706,0.13913530787462033,0.13913530787454065,0.13913530787462033,0.1391353078621706,0.13913530785652173,0.13913530786734435,0.13913530787462033,0.13913530786734435,0.13913530785652173,0.13913530784887607,0.13913530785652173,0.1391353078621706,0.13913530785652173,0.13913530784887607,0.1380798045983271,0.13807980462943276,0.13807980466088507,0.13807980462943276,0.1380798045983271,0.13807980462943276,0.1380798046927948,0.1380798047804006,0.1380798046927948,0.13807980462943276,0.13807980466088507,0.1380798047804006,0.1380798050290785,0.1380798047804006,0.13807980466088507,0.13807980462943276,0.1380798046927948,0.1380798047804006,0.1380798046927948,0.13807980462943276,0.1380798045983271,0.13807980462943276,0.13807980466088507,0.13807980462943276,0.1380798045983271,0.1370447668727588,0.13704476692608397,0.1370447669909997,0.13704476692608397,0.1370447668727588,0.13704476692608397,0.13704476705837548,0.13704476732492007,0.13704476705837548,0.13704476692608397,0.1370447669909997,0.13704476732492007,0.1370447688048349,0.13704476732492007,0.1370447669909997,0.13704476692608397,0.13704476705837548,0.13704476732492007,0.13704476705837548,0.13704476692608397,0.1370447668727588,0.13704476692608397,0.1370447669909997,0.13704476692608397,0.1370447668727588,0.13602973353138006,0.13602973356880665,0.1360297336055026,0.13602973356880665,0.13602973353138006,0.13602973356880665,0.13602973364234155,0.1360297337408154,0.13602973364234155,0.13602973356880665,0.1360297336055026,0.1360297337408154,0.1360297340143225,0.1360297337408154,0.1360297336055026,0.13602973356880665,0.13602973364234155,0.1360297337408154,0.13602973364234155,0.13602973356880665,0.13602973353138006,0.13602973356880665,0.1360297336055026,0.13602973356880665,0.13602973353138006,0.13503425302773955,0.13503425305122027,0.13503425307061856,0.13503425305122027,0.13503425302773955,0.13503425305122027,0.1350342530890378,0.13503425312655817,0.1350342530890378,0.13503425305122027,0.13503425307061856,0.13503425312655817,0.13503425319482396,0.13503425312655817,0.13503425307061856,0.13503425305122027,0.1350342530890378,0.13503425312655817,0.1350342530890378,0.13503425305122027,0.13503425302773955,0.13503425305122027,0.13503425307061856,0.13503425305122027,0.13503425302773955
0.16533248749105103,0.16533248749105103,0.16533248749105103,0.16533248749105103,0.16533248749105103,0.16533248749105103,0.16533248749105103,0.16533248749105103,0.16533248749105103,0.16533248749105103,0.16533248749105103,0.16533248749105103,0.16533248749105103,0.16533248749105103,0.16533248749105103,0.16533248749105103,0.16533248749105103,0.16533248749105103,0.16533248749105103,0.16533248749105103,0.16533248749105103,0.16533248749105103,0.16533248749105103,0.16533248749105103,0.16533248749105103,0.16375749377815543,0.16375749377815543,0.16375749377815543,0.16375749377815543,0.16375749377815543,0.16375749377815543,0.16375749377815543,0.16375749377815543,0.16375749377815543,0.16375749377815543,0.16375749377815543,0.16375749377815543,0.1637574937781552,0.16375749377815543,0.16375749377815543,0.16375749377815543,0.16375749377815543,0.16375749377815543,0.16375749377815543,0.16375749377815543,0.16375749377815543,0.16375749377815543,0.16375749377815543,0.16375749377815543,0.16375749377815543,0.1622138839970779,0.16221388399707767,0.16221388399707767,0.16221388399707767,0.1622138839970779,0.16221388399707767,0.16221388399707767,0.16221388399707745,0.16221388399707767,0.16221388399707767,0.16221388399707767,0.16221388399707745,0.16221388399707745,0.16221388399707745,0.16221388399707767,0.16221388399707767,0.16221388399707767,0.16221388399707745,0.16221388399707767,0.16221388399707767,0.1622138839970779,0.16221388399707767,0.16221388399707767,0.16221388399707767,0.1622138839970779,0.16070106710485968,0.16070106710485924,0.160701067104859,0.16070106710485924,0.16070106710485968,0.16070106710485924,0.16070106710485876,0.16070106710485857,0.16070106710485876,0.16070106710485924,0.160701067104859,0.16070106710485857,0.16070106710485815,0.16070106710485857,0.160701067104859,0.16070106710485924,0.16070106710485876,0.16070106710485857,0.16070106710485876,0.16070106710485924,0.16070106710485968,0.16070106710485924,0.160701067104859,0.16070106710485924,0.16070106710485968,0.15921845147647998,0.15921845147647867,0.1592184514764778,0.15921845147647867,0.15921845147647998,0.15921845147647867,0.15921845147647715,0.1592184514764763,0.15921845147647715,0.15921845147647867,0.1592184514764778,0.1592184514764763,0.15921845147647543,0.1592184514764763,0.1592184514764778,0.15921845147647867,0.15921845147647715,0.1592184514764763,0.15921845147647715,0.15921845147647867,0.15921845147647998,0.15921845147647867,0.1592184514764778,0.15921845147647867,0.15921845147647998,0.15776544625670844,0.15776544625670416,0.15776544625670164,0.15776544625670416,0.15776544625670844,0.15776544625670416,0.15776544625669991,0.15776544625669714,0.15776544625669991,0.15776544625670416,0.15776544625670164,0.15776544625669714,0.15776544625669434,0.15776544625669714,0.15776544625670164,0.15776544625670416,0.15776544625669991,0.15776544625669714,0.15776544625669991,0.15776544625670416,0.15776544625670844,0.15776544625670416,0.15776544625670164,0.15776544625670416,0.15776544625670844,0.15634146257442974,0.15634146257441697,0.1563414625744088,0.15634146257441697,0.15634146257442974,0.15634146257441697,0.15634146257440337,0.1563414625743946,0.15634146257440337,0.15634146257441697,0.1563414625744088,0.1563414625743946,0.1563414625743856,0.1563414625743946,0.1563414625744088,0.15634146257441697,0.15634146257440337,0.1563414625743946,0.15634146257440337,0.15634146257441697,0.15634146257442974,0.15634146257441697,0.1563414625744088,0.15634146257441697,0.15634146257442974,0.1549459146297133,0.15494591462967436,0.15494591462964957,0.15494591462967436,0.1549459146297133,0.15494591462967436,0.15494591462963153,0.15494591462960408,0.15494591462963153,0.15494591462967436,0.15494591462964957,0.15494591462960408,0.15494591462957436,0.15494591462960408,0.15494591462964957,0.15494591462967436,0.15494591462963153,0.15494591462960408,0.15494591462963153,0.15494591462967436,0.1549459146297133,0.15494591462967436,0.15494591462964957,0.15494591462967436,0.1549459146297133,0.15357822066334142,0.15357822066322455,0.15357822066314863,0.15357822066322455,0.15357822066334142,0.15357822066322455,0.15357822066309118,0.15357822066300242,0.15357822066309118,0.15357822066322455,0.15357822066314863,0.15357822066300242,0.1535782206629024,0.15357822066300242,0.15357822066314863,0.15357822066322455,0.15357822066309118,0.15357822066300242,0.15357822066309118,0.15357822066322455,0.15357822066334142,0.15357822066322455,0.15357822066314863,0.15357822066322455,0.15357822066334142,0.15223780381798246,0.15223780381764035,0.15223780381741106,0.15223780381764035,0.15223780381798246,0.15223780381764035,0.15223780381722699,0.1522378038169357,0.15223780381722699,0.15223780381764035,0.15223780381741106,0.1522378038169357,0.15223780381659494,0.1522378038169357,0.15223780381741106,0.15223780381764035,0.15223780381722699,0.1522378038169357,0.15223780381722699,0.15223780381764035,0.15223780381798246,0.15223780381764035,0.15223780381741106,0.15223780381764035,0.15223780381798246,0.15092409289969835,0.1509240928987297,0.15092409289805045,0.1509240928987297,0.15092409289969835,0.1509240928987297,0.15092409289746822,0.15092409289651865,0.15092409289746822,0.1509240928987297,0.15092409289805045,0.15092409289651865,0.15092409289530076,0.15092409289651865,0.15092409289805045,0.1509240928987297,0.15092409289746822,0.15092409289651865,0.15092409289746822,0.1509240928987297,0.15092409289969835,0.1509240928987297,0.15092409289805045,0.1509240928987297,0.15092409289969835,0.14963652304806174,0.14963652304545674,0.14963652304349329,0.14963652304545674,0.14963652304806174,0.14963652304545674,0.14963652304171515,0.14963652303853872,0.14963652304171515,0.14963652304545674,0.14963652304349329,0.14963652303853872,0.1496365230338245,0.14963652303853872,0.14963652304349329,0.14963652304545674,0.14963652304171515,0.14963652303853872,0.14963652304171515,0.14963652304545674,0.14963652304806174,0.14963652304545674,0.14963652304349329,0.14963652304545674,0.14963652304806174,0.14837453632285744,0.14837453631640704,0.14837453631099337,0.14837453631640704,0.14837453632285744,0.14837453631640704,0.14837453630582786,0.14837453629503608,0.14837453630582786,0.14837453631640704,0.14837453631099337,0.14837453629503608,0.14837453627474875,0.14837453629503608,0.14837453631099337,0.14837453631640704,0.14837453630582786,0.14837453629503608,0.14837453630582786,0.14837453631640704,0.14837453632285744,0.14837453631640704,0.14837453631099337,0.14837453631640704,0.14837453632285744,0.14713758221493037,0.1471375822010999,0.14713758218761658,0.1471375822010999,0.14713758221493037,0.1471375822010999,0.14713758217411893,0.14713758213826528,0.14713758217411893,0.1471375822010999,0.14713758218761658,0.14713758213826528,0.14713758203953337,0.14713758213826528,0.14713758218761658,0.1471375822010999,0.14713758217411893,0.14713758213826528,0.14713758217411893,0.1471375822010999,0.14713758221493037,0.1471375822010999,0.14713758218761658,0.1471375822010999,0.14713758221493037,0.1459251180868167,0.14592511806443104,0.14592511803835975,0.14592511806443104,0.1459251180868167,0.14592511806443104,0.14592511801152566,0.14592511791006102,0.14592511801152566,0.14592511806443104,0.14592511803835975,0.14592511791006102,0.14592511736645136,0.14592511791006102,0.14592511803835975,0.14592511806443104,0.14592511801152566,0.14592511791006102,0.14592511801152566,0.14592511806443104,0.1459251180868167,0.14592511806443104,0.14592511803835975,0.14592511806443104,0.1459251180868167,0.1447366095414149,0.14473660952256368,0.14473660950394793,0.14473660952256368,0.1447366095414149,0.14473660952256368,0.14473660948525346,0.14473660943356909,0.14473660948525346,0.14473660952256368,0.14473660950394793,0.14473660943356909,0.14473660926915433,0.14473660943356909,0.14473660950394793,0.14473660952256368,0.14473660948525346,0.14473660943356909,0.14473660948525346,0.14473660952256368,0.1447366095414149,0.14473660952256368,0.14473660950394793,0.14473660952256368,0.1447366095414149,0.14357153070936027,0.14357153069342882,0.14357153067829473,0.14357153069342882,0.14357153070936027,0.14357153069342882,0.14357153066328848,0.14357153062261646,0.14357153066328848,0.14357153069342882,0.14357153067829473,0.14357153062261646,0.1435715304813729,0.14357153062261646,0.14357153067829473,0.14357153069342882,0.14357153066328848,0.14357153062261646,0.14357153066328848,0.14357153069342882,0.14357153070936027,0.14357153069342882,0.14357153067829473,0.14357153069342882,0.14357153070936027,0.1424293645363409,0.14242936452075206,0.1424293645050696,0.14242936452075206,0.1424293645363409,0.14242936452075206,0.14242936448929772,0.1424293644423367,0.14242936448929772,0.14242936452075206,0.1424293645050696,0.1424293644423367,0.14242936425725947,0.1424293644423367,0.1424293645050696,0.14242936452075206,0.14242936448929772,0.1424293644423367,0.14242936448929772,0.14242936452075206,0.1424293645363409,0.14242936452075206,0.1424293645050696,0.14242936452075206,0.1424293645363409,0.14130960300004677,0.14130960298517609,0.141309602968742,0.14130960298517609,0.14130960300004677,0.14130960298517609,0.1413096029518168,0.14130960289575964,0.1413096029518168,0.14130960298517609,0.141309602968742,0.14130960289575964,0.14130960265139622,0.14130960289575964,0.141309602968742,0.14130960298517609,0.1413096029518168,0.14130960289575964,0.1413096029518168,0.14130960298517609,0.14130960300004677,0.14130960298517609,0.141309602968742,0.14130960298517609,0.14130960300004677,0.14021174727304594,0.1402117472642449,0.14021174725240007,0.1402117472642449,0.14021174727304594,0.1402117472642449,0.14021174723975108,0.14021174718875293,0.14021174723975108,0.1402117472642449,0.14021174725240007,0.14021174718875293,0.14021174691854163,0.14021174718875293,0.14021174725240007,0.1402117472642449,0.14021174723975108,0.14021174718875293,0.14021174723975108,0.1402117472642449,0.14021174727304594,0.1402117472642449,0.14021174725240007,0.1402117472642449,0.14021174727304594,0.1391353078416281,0.13913530784922645,0.13913530785484654,0.13913530784922645,0.1391353078416281,0.13913530784922645,0.13913530785999595,0.13913530786726783,0.13913530785999595,0.13913530784922645,0.13913530785484654,0.13913530786726783,0.1391353078673633,0.13913530786726783,0.13913530785484654,0.13913530784922645,0.13913530785999595,0.13913530786726783,0.13913530785999595,0.13913530784922645,0.1391353078416281,0.13913530784922645,0.13913530785484654,0.13913530784922645,0.1391353078416281,0.13807980458859564,0.13807980461941444,0.1380798046505745,0.13807980461941444,0.13807980458859564,0.13807980461941444,0.13807980468218714,0.13807980476897033,0.13807980468218714,0.13807980461941444,0.1380798046505745,0.13807980476897033,0.1380798050152933,0.13807980476897033,0.1380798046505745,0.13807980461941444,0.13807980468218714,0.13807980476897033,0.13807980468218714,0.13807980461941444,0.13807980458859564,0.13807980461941444,0.1380798046505745,0.13807980461941444,0.13807980458859564,0.1370447668610955,0.13704476691391299,0.13704476697820858,0.13704476691391299,0.1370447668610955,0.13704476691391299,0.13704476704493987,0.137044767308928,0.13704476704493987,0.13704476691391299,0.13704476697820858,0.137044767308928,0.13704476877463048,0.137044767308928,0.13704476697820858,0.13704476691391299,0.13704476704493987,0.137044767308928,0.13704476704493987,0.13704476691391299,0.1370447668610955,0.13704476691391299,0.13704476697820858,0.13704476691391299,0.1370447668610955,0.13602973351879802,0.13602973355586676,0.13602973359221127,0.13602973355586676,0.13602973351879802,0.13602973355586676,0.1360297336286973,0.1360297337262261,0.1360297336286973,0.13602973355586676,0.13602973359221127,0.1360297337262261,0.13602973399710638,0.1360297337262261,0.13602973359221127,0.13602973355586676,0.1360297336286973,0.1360297337262261,0.1360297336286973,0.13602973355586676,0.13602973351879802,0.13602973355586676,0.13602973359221127,0.13602973355586676,0.13602973351879802,0.13503425301495392,0.1350342530382097,0.1350342530574221,0.1350342530382097,0.13503425301495392,0.1350342530382097,0.1350342530756647,0.13503425311282502,0.1350342530756647,0.1350342530382097,0.1350342530574221,0.13503425311282502,0.13503425318043538,0.13503425311282502,0.1350342530574221,0.1350342530382097,0.1350342530756647,0.13503425311282502,0.1350342530756647,0.1350342530382097,0.13503425301495392,0.1350342530382097,0.1350342530574221,0.1350342530382097,0.13503425301495392
0.16533248749582788,0.16533248749582788,0.16533248749582788,0.16533248749582788,0.16533248749582788,0.16533248749582788,0.16533248749582788,0.16533248749582788,0.16533248749582788,0.16533248749582788,0.16533248749582788,0.16533248749582788,0.16533248749582788,0.16533248749582788,0.16533248749582788,0.16533248749582788,0.16533248749582788,0.16533248749582788,0.16533248749582788,0.16533248749582788,0.16533248749582788,0.16533248749582788,0.16533248749582788,0.16533248749582788,0.16533248749582788,0.16375749378283855,0.16375749378283855,0.16375749378283855,0.16375749378283855,0.16375749378283855,0.16375749378283855,0.16375749378283855,0.16375749378283855,0.16375749378283855,0.16375749378283855,0.16375749378283855,0.16375749378283855,0.16375749378283855,0.16375749378283855,0.16375749378283855,0.16375749378283855,0.16375749378283855,0.16375749378283855,0.16375749378283855,0.16375749378283855,0.16375749378283855,0.16375749378283855,0.16375749378283855,0.16375749378283855,0.16375749378283855,0.1622138840016704,0.1622138840016704,0.16221388400167017,0.1622138840016704,0.1622138840016704,0.1622138840016704,0.16221388400167017,0.16221388400167017,0.16221388400167017,0.1622138840016704,0.16221388400167017,0.16221388400167017,0.16221388400166992,0.16221388400167017,0.16221388400167017,0.1622138840016704,0.16221388400167017,0.16221388400167017,0.16221388400167017,0.1622138840016704,0.1622138840016704,0.1622138840016704,0.16221388400167017,0.1622138840016704,0.1622138840016704,0.16070106710936471,0.16070106710936427,0.16070106710936383,0.16070106710936427,0.16070106710936446,0.16070106710936427,0.16070106710936383,0.16070106710936338,0.16070106710936383,0.16070106710936427,0.16070106710936383,0.16070106710936338,0.16070106710936316,0.16070106710936338,0.16070106710936383,0.16070106710936427,0.16070106710936383,0.16070106710936338,0.16070106710936383,0.16070106710936427,0.16070106710936446,0.16070106710936427,0.16070106710936383,0.16070106710936427,0.16070106710936446,0.1592184514809003,0.159218451480899,0.1592184514808981,0.159218451480899,0.1592184514809003,0.159218451480899,0.1592184514808977,0.1592184514808968,0.1592184514808977,0.159218451480899,0.1592184514808981,0.1592184514808968,0.15921845148089592,0.1592184514808968,0.1592184514808981,0.159218451480899,0.1592184514808977,0.1592184514808968,0.1592184514808977,0.159218451480899,0.1592184514809003,0.159218451480899,0.1592184514808981,0.159218451480899,0.1592184514809003,0.15776544626104727,0.15776544626104302,0.15776544626104044,0.15776544626104302,0.15776544626104727,0.15776544626104302,0.15776544626103878,0.15776544626103597,0.15776544626103878,0.15776544626104302,0.15776544626104044,0.15776544626103597,0.1577654462610332,0.15776544626103597,0.15776544626104044,0.15776544626104302,0.15776544626103878,0.15776544626103597,0.15776544626103878,0.15776544626104302,0.15776544626104727,0.15776544626104302,0.15776544626104044,0.15776544626104302,0.15776544626104727,0.15634146257868986,0.15634146257867731,0.15634146257866915,0.15634146257867731,0.15634146257868986,0.15634146257867731,0.15634146257866371,0.15634146257865514,0.15634146257866371,0.15634146257867731,0.15634146257866915,0.15634146257865514,0.15634146257864615,0.15634146257865514,0.15634146257866915,0.15634146257867731,0.15634146257866371,0.15634146257865514,0.15634146257866371,0.15634146257867731,0.15634146257868986,0.15634146257867731,0.15634146257866915,0.15634146257867731,0.15634146257868986,0.15494591463389762,0.15494591463385887,0.15494591463383428,0.15494591463385887,0.15494591463389762,0.15494591463385887,0.15494591463381666,0.1549459146337894,0.15494591463381666,0.15494591463385887,0.15494591463383428,0.1549459146337894,0.1549459146337599,0.1549459146337894,0.15494591463383428,0.15494591463385887,0.15494591463381666,0.1549459146337894,0.15494591463381666,0.15494591463385887,0.15494591463389762,0.15494591463385887,0.15494591463383428,0.15494591463385887,0.15494591463389762,0.15357822066745166,0.153578220667336,0.1535782206672609,0.153578220667336,0.15357822066745166,0.153578220667336,0.15357822066720403,0.15357822066711607,0.15357822066720403,0.153578220667336,0.1535782206672609,0.15357822066711607,0.15357822066701704,0.15357822066711607,0.1535782206672609,0.153578220667336,0.15357822066720403,0.15357822066711607,0.15357822066720403,0.153578220667336,0.15357822066745166,0.153578220667336,0.1535782206672609,0.153578220667336,0.15357822066745166,0.15223780382201943,0.15223780382168048,0.15223780382145333,0.15223780382168048,0.15223780382201943,0.15223780382168048,0.15223780382127125,0.1522378038209827,0.15223780382127125,0.15223780382168048,0.15223780382145333,0.1522378038209827,0.1522378038206451,0.1522378038209827,0.15223780382145333,0.15223780382168048,0.15223780382127125,0.1522378038209827,0.15223780382127125,0.15223780382168048,0.15223780382201943,0.15223780382168048,0.15223780382145333,0.15223780382168048,0.15223780382201943,0.15092409290365763,0.15092409290269787,0.15092409290202516,0.15092409290269787,0.15092409290365763,0.15092409290269787,0.15092409290144854,0.15092409290050784,0.15092409290144854,0.15092409290269787,0.15092409290202516,0.15092409290050784,0.15092409289930173,0.15092409290050784,0.15092409290202516,0.15092409290269787,0.15092409290144854,0.15092409290050784,0.15092409290144854,0.15092409290269787,0.15092409290365763,0.15092409290269787,0.15092409290202516,0.15092409290269787,0.15092409290365763,0.14963652305192662,0.14963652304934602,0.1496365230474009,0.14963652304934602,0.14963652305192662,0.14963652304934602,0.1496365230456396,0.14963652304249342,0.1496365230456396,0.14963652304934602,0.1496365230474009,0.14963652304249342,0.149636523037824,0.14963652304249342,0.1496365230474009,0.14963652304934602,0.1496365230456396,0.14963652304249342,0.1496365230456396,0.14963652304934602,0.14963652305192662,0.14963652304934602,0.1496365230474009,0.14963652304934602,0.14963652305192662,0.14837453632657963,0.14837453632018907,0.148374536314826,0.14837453632018907,0.14837453632657963,0.14837453632018907,0.14837453630970904,0.14837453629901956,0.14837453630970904,0.14837453632018907,0.148374536314826,0.14837453629901956,0.14837453627892686,0.14837453629901956,0.148374536314826,0.14837453632018907,0.14837453630970904,0.14837453629901956,0.14837453630970904,0.14837453632018907,0.14837453632657963,0.14837453632018907,0.148374536314826,0.14837453632018907,0.14837453632657963,0.14713758221838638,0.1471375822046829,0.14713758219132494,0.1471375822046829,0.14713758221838638,0.1471375822046829,0.1471375821779528,0.14713758214243886,0.1471375821779528,0.1471375822046829,0.14713758219132494,0.14713758214243886,0.14713758204465885,0.14713758214243886,0.14713758219132494,0.1471375822046829,0.1471375821779528,0.14713758214243886,0.1471375821779528,0.1471375822046829,0.14713758221838638,0.1471375822046829,0.14713758219132494,0.1471375822046829,0.14713758221838638,0.145925118089743,0.1459251180675566,0.1459251180417223,0.1459251180675566,0.145925118089743,0.1459251180675566,0.1459251180151324,0.14592511791461962,0.1459251180151324,0.1459251180675566,0.1459251180417223,0.14592511791461962,0.145925117376257,0.14592511791461962,0.1459251180417223,0.1459251180675566,0.1459251180151324,0.14592511791461962,0.1459251180151324,0.1459251180675566,0.145925118089743,0.1459251180675566,0.1459251180417223,0.1459251180675566,0.145925118089743,0.14473660954339357,0.14473660952469128,0.144736609506215,0.14473660952469128,0.14473660954339357,0.14473660952469128,0.14473660948765896,0.1447366094363097,0.14473660948765896,0.14473660952469128,0.144736609506215,0.1447366094363097,0.14473660927262386,0.1447366094363097,0.144736609506215,0.14473660952469128,0.14473660948765896,0.1447366094363097,0.14473660948765896,0.14473660952469128,0.14473660954339357,0.14473660952469128,0.144736609506215,0.14473660952469128,0.14473660954339357,0.1435715307100711,0.14357153069426862,0.14357153067925107,0.14357153069426862,0.1435715307100711,0.14357153069426862,0.14357153066435896,0.14357153062396913,0.14357153066435896,0.14357153069426862,0.14357153067925107,0.14357153062396913,0.1435715304835756,0.14357153062396913,0.14357153067925107,0.14357153069426862,0.14357153066435896,0.14357153062396913,0.14357153066435896,0.14357153069426862,0.1435715307100711,0.14357153069426862,0.14357153067925107,0.14357153069426862,0.1435715307100711,0.1424293645355003,0.1424293645200609,0.14242936450452892,0.1424293645200609,0.1424293645355003,0.1424293645200609,0.1424293644889082,0.14242936444239743,0.1424293644889082,0.1424293645200609,0.14242936450452892,0.14242936444239743,0.14242936425906647,0.14242936444239743,0.14242936450452892,0.1424293645200609,0.1424293644889082,0.14242936444239743,0.1424293644889082,0.1424293645200609,0.1424293645355003,0.1424293645200609,0.14242936450452892,0.1424293645200609,0.1424293645355003,0.14130960299732367,0.14130960298261996,0.1413096029663722,0.14130960298261996,0.14130960299732367,0.14130960298261996,0.14130960294963932,0.14130960289422664,0.14130960294963932,0.14130960298261996,0.1413096029663722,0.14130960289422664,0.1413096026526861,0.14130960289422664,0.1413096029663722,0.14130960298261996,0.14130960294963932,0.14130960289422664,0.14130960294963932,0.14130960298261996,0.14130960299732367,0.14130960298261996,0.1413096029663722,0.14130960298261996,0.14130960299732367,0.14021174726806757,0.1402117472593854,0.14021174724769553,0.1402117472593854,0.14021174726806757,0.1402117472593854,0.14021174723521068,0.14021174718486482,0.14021174723521068,0.1402117472593854,0.14021174724769553,0.14021174718486482,0.14021174691811222,0.14021174718486482,0.14021174724769553,0.1402117472593854,0.14021174723521068,0.14021174718486482,0.14021174723521068,0.1402117472593854,0.14021174726806757,0.1402117472593854,0.14021174724769553,0.1402117472593854,0.14021174726806757,0.1391353078341154,0.13913530784166223,0.13913530784724928,0.13913530784166223,0.1391353078341154,0.13913530784166223,0.13913530785237052,0.13913530785962816,0.13913530785237052,0.13913530784166223,0.13913530784724928,0.13913530785962816,0.1391353078598726,0.13913530785962816,0.13913530784724928,0.13913530784166223,0.13913530785237052,0.13913530785962816,0.13913530785237052,0.13913530784166223,0.1391353078341154,0.13913530784166223,0.13913530784724928,0.13913530784166223,0.1391353078341154,0.13807980457861638,0.13807980460914868,0.13807980464001743,0.13807980460914868,0.13807980457861638,0.13807980460914868,0.13807980467133393,0.1380798047572985,0.13807980467133393,0.13807980460914868,0.13807980464001743,0.1380798047572985,0.13807980500128128,0.1380798047572985,0.13807980464001743,0.13807980460914868,0.13807980467133393,0.1380798047572985,0.13807980467133393,0.13807980460914868,0.13807980457861638,0.13807980460914868,0.13807980464001743,0.13807980460914868,0.13807980457861638,0.13704476684920172,0.137044766901515,0.13704476696519488,0.137044766901515,0.13704476684920172,0.137044766901515,0.13704476703128682,0.13704476729273926,0.13704476703128682,0.137044766901515,0.13704476696519488,0.13704476729273926,0.13704476874431673,0.13704476729273926,0.13704476696519488,0.137044766901515,0.13704476703128682,0.13704476729273926,0.13704476703128682,0.137044766901515,0.13704476684920172,0.137044766901515,0.13704476696519488,0.137044766901515,0.13704476684920172,0.1360297335059965,0.13602973354271006,0.13602973357870596,0.13602973354271006,0.1360297335059965,0.13602973354271006,0.13602973361484172,0.1360297337114336,0.13602973361484172,0.13602973354271006,0.13602973357870596,0.1360297337114336,0.13602973397970883,0.1360297337114336,0.13602973357870596,0.13602973354271006,0.13602973361484172,0.1360297337114336,0.13602973361484172,0.13602973354271006,0.1360297335059965,0.13602973354271006,0.13602973357870596,0.13602973354271006,0.1360297335059965,0.1350342530019553,0.1350342530249881,0.13503425304401595,0.1350342530249881,0.1350342530019553,0.1350342530249881,0.13503425306208333,0.13503425309888653,0.13503425306208333,0.1350342530249881,0.13503425304401595,0.13503425309888653,0.135034253165847,0.13503425309888653,0.13503425304401595,0.1350342530249881,0.13503425306208333,0.13503425309888653,0.13503425306208333,0.1350342530249881,0.1350342530019553,0.1350342530249881,0.13503425304401595,0.1350342530249881,0.1350342530019553
0.16533248750076546,0.16533248750076546,0.16533248750076546,0.16533248750076546,0.16533248750076546,0.16533248750076546,0.16533248750076524,0.16533248750076524,0.16533248750076524,0.16533248750076546,0.16533248750076546,0.16533248750076524,0.16533248750076524,0.16533248750076524,0.16533248750076546,0.16533248750076546,0.16533248750076524,0.16533248750076524,0.16533248750076524,0.16533248750076546,0.16533248750076546,0.16533248750076546,0.16533248750076546,0.16533248750076546,0.16533248750076546,0.1637574937876792,0.16375749378767898,0.16375749378767898,0.16375749378767898,0.1637574937876792,0.16375749378767898,0.16375749378767898,0.16375749378767898,0.16375749378767898,0.16375749378767898,0.16375749378767898,0.16375749378767898,0.16375749378767898,0.16375749378767898,0.16375749378767898,0.16375749378767898,0.16375749378767898,0.16375749378767898,0.16375749378767898,0.16375749378767898,0.1637574937876792,0.16375749378767898,0.16375749378767898,0.16375749378767898,0.1637574937876792,0.16221388400641676,0.16221388400641654,0.16221388400641654,0.16221388400641654,0.16221388400641676,0.16221388400641654,0.16221388400641654,0.16221388400641631,0.16221388400641654,0.16221388400641654,0.16221388400641654,0.16221388400641631,0.16221388400641631,0.16221388400641631,0.16221388400641654,0.16221388400641654,0.16221388400641654,0.16221388400641631,0.16221388400641654,0.16221388400641654,0.16221388400641676,0.16221388400641654,0.16221388400641654,0.16221388400641654,0.16221388400641676,0.1607010671140197,0.16070106711401927,0.16070106711401907,0.16070106711401927,0.1607010671140197,0.16070106711401927,0.16070106711401883,0.1607010671140186,0.16070106711401883,0.16070106711401927,0.16070106711401907,0.1607010671140186,0.16070106711401816,0.1607010671140186,0.16070106711401907,0.16070106711401927,0.16070106711401883,0.1607010671140186,0.16070106711401883,0.16070106711401927,0.1607010671140197,0.16070106711401927,0.16070106711401907,0.16070106711401927,0.1607010671140197,0.15921845148546715,0.15921845148546582,0.15921845148546493,0.15921845148546582,0.15921845148546715,0.15921845148546582,0.15921845148546432,0.15921845148546343,0.15921845148546432,0.15921845148546582,0.15921845148546493,0.15921845148546343,0.15921845148546254,0.15921845148546343,0.15921845148546493,0.15921845148546582,0.15921845148546432,0.15921845148546343,0.15921845148546432,0.15921845148546582,0.15921845148546715,0.15921845148546582,0.15921845148546493,0.15921845148546582,0.15921845148546715,0.15776544626552844,0.15776544626552438,0.15776544626552183,0.15776544626552438,0.15776544626552844,0.15776544626552438,0.15776544626551992,0.15776544626551736,0.15776544626551992,0.15776544626552438,0.15776544626552183,0.15776544626551736,0.1577654462655146,0.15776544626551736,0.15776544626552183,0.15776544626552438,0.15776544626551992,0.15776544626551736,0.15776544626551992,0.15776544626552438,0.15776544626552844,0.15776544626552438,0.15776544626552183,0.15776544626552438,0.15776544626552844,0.15634146258308843,0.15634146258307585,0.15634146258306791,0.15634146258307585,0.15634146258308843,0.15634146258307585,0.15634146258306247,0.15634146258305412,0.15634146258306247,0.15634146258307585,0.15634146258306791,0.15634146258305412,0.15634146258304513,0.15634146258305412,0.15634146258306791,0.15634146258307585,0.15634146258306247,0.15634146258305412,0.15634146258306247,0.15634146258307585,0.15634146258308843,0.15634146258307585,0.15634146258306791,0.15634146258307585,0.15634146258308843,0.15494591463821594,0.1549459146381776,0.1549459146381534,0.1549459146381776,0.15494591463821594,0.1549459146381776,0.1549459146381358,0.15494591463810894,0.1549459146381358,0.1549459146381776,0.1549459146381534,0.15494591463810894,0.15494591463807986,0.15494591463810894,0.1549459146381534,0.1549459146381776,0.1549459146381358,0.15494591463810894,0.1549459146381358,0.1549459146381776,0.15494591463821594,0.1549459146381776,0.1549459146381534,0.1549459146381776,0.15494591463821594,0.15357822067169188,0.1535782206715774,0.1535782206715031,0.1535782206715774,0.15357822067169188,0.1535782206715774,0.15357822067144686,0.15357822067135968,0.15357822067144686,0.1535782206715774,0.1535782206715031,0.15357822067135968,0.1535782206712621,0.15357822067135968,0.1535782206715031,0.1535782206715774,0.15357822067144686,0.15357822067135968,0.15357822067144686,0.1535782206715774,0.15357822067169188,0.1535782206715774,0.1535782206715031,0.1535782206715774,0.15357822067169188,0.15223780382618143,0.15223780382584598,0.15223780382562144,0.15223780382584598,0.15223780382618143,0.15223780382584598,0.15223780382544108,0.1522378038251559,0.15223780382544108,0.15223780382584598,0.15223780382562144,0.1522378038251559,0.15223780382482185,0.1522378038251559,0.15223780382562144,0.15223780382584598,0.15223780382544108,0.1522378038251559,0.15223780382544108,0.15223780382584598,0.15223780382618143,0.15223780382584598,0.15223780382562144,0.15223780382584598,0.15223780382618143,0.15092409290773656,0.15092409290678702,0.15092409290612124,0.15092409290678702,0.15092409290773656,0.15092409290678702,0.15092409290555078,0.15092409290462014,0.15092409290555078,0.15092409290678702,0.15092409290612124,0.15092409290462014,0.15092409290342654,0.15092409290462014,0.15092409290612124,0.15092409290678702,0.15092409290555078,0.15092409290462014,0.15092409290555078,0.15092409290678702,0.15092409290773656,0.15092409290678702,0.15092409290612124,0.15092409290678702,0.15092409290773656,0.1496365230559042,0.1496365230533504,0.14963652305142555,0.1496365230533504,0.1496365230559042,0.1496365230533504,0.14963652304968256,0.1496365230465695,0.14963652304968256,0.1496365230533504,0.14963652305142555,0.1496365230465695,0.1496365230419498,0.1496365230465695,0.14963652305142555,0.1496365230533504,0.14963652304968256,0.1496365230465695,0.14963652304968256,0.1496365230533504,0.1496365230559042,0.1496365230533504,0.14963652305142555,0.1496365230533504,0.1496365230559042,0.14837453633040223,0.1483745363240773,0.14837453631876982,0.1483745363240773,0.14837453633040223,0.1483745363240773,0.14837453631370603,0.14837453630312944,0.14837453631370603,0.1483745363240773,0.14837453631876982,0.14837453630312944,0.1483745362832519,0.14837453630312944,0.14837453631876982,0.1483745363240773,0.14837453631370603,0.14837453630312944,0.14837453631370603,0.1483745363240773,0.14837453633040223,0.1483745363240773,0.14837453631876982,0.1483745363240773,0.14837453633040223,0.14713758222191928,0.14713758220835363,0.14713758219513284,0.14713758220835363,0.14713758222191928,0.14713758220835363,0.1471375821818984,0.14713758214675884,0.1471375821818984,0.14713758220835363,0.14713758219513284,0.14713758214675884,0.14713758205003336,0.14713758214675884,0.14713758219513284,0.14713758220835363,0.1471375821818984,0.14713758214675884,0.1471375821818984,0.14713758220835363,0.14713758222191928,0.14713758220835363,0.14713758219513284,0.14713758220835363,0.14713758222191928,0.14592511809269854,0.14592511807072647,0.14592511804514918,0.14592511807072647,0.14592511809269854,0.14592511807072647,0.14592511801882488,0.14592511791935808,0.14592511801882488,0.14592511807072647,0.14592511804514918,0.14592511791935808,0.14592511738687405,0.14592511791935808,0.14592511804514918,0.14592511807072647,0.14592511801882488,0.14592511791935808,0.14592511801882488,0.14592511807072647,0.14592511809269854,0.14592511807072647,0.14592511804514918,0.14592511807072647,0.14592511809269854,0.14473660954532272,0.14473660952677034,0.14473660950843265,0.14473660952677034,0.14473660954532272,0.14473660952677034,0.1447366094900145,0.1447366094389873,0.1447366094900145,0.14473660952677034,0.14473660950843265,0.1447366094389873,0.14473660927583032,0.1447366094389873,0.14473660950843265,0.14473660952677034,0.1447366094900145,0.1447366094389873,0.1447366094900145,0.14473660952677034,0.14473660954532272,0.14473660952677034,0.14473660950843265,0.14473660952677034,0.14473660954532272,0.14357153071065132,0.14357153069496847,0.14357153068005615,0.14357153069496847,0.14357153071065132,0.14357153069496847,0.14357153066526637,0.14357153062511557,0.14357153066526637,0.14357153069496847,0.14357153068005615,0.14357153062511557,0.14357153048538068,0.14357153062511557,0.14357153068005615,0.14357153069496847,0.14357153066526637,0.14357153062511557,0.14357153066526637,0.14357153069496847,0.14357153071065132,0.14357153069496847,0.14357153068005615,0.14357153069496847,0.14357153071065132,0.14242936453446597,0.1424293645191631,0.1424293645037675,0.1424293645191631,0.14242936453446597,0.1424293645191631,0.1424293644882835,0.14242936444217652,0.1424293644882835,0.1424293645191631,0.1424293645037675,0.14242936444217652,0.1424293642604377,0.14242936444217652,0.1424293645037675,0.1424293645191631,0.1424293644882835,0.14242936444217652,0.1424293644882835,0.1424293645191631,0.14242936453446597,0.1424293645191631,0.1424293645037675,0.1424293645191631,0.14242936453446597,0.1413096029943694,0.14130960297982026,0.1413096029637454,0.14130960297982026,0.1413096029943694,0.14130960297982026,0.14130960294719105,0.1413096028923792,0.14130960294719105,0.14130960297982026,0.1413096029637454,0.1413096028923792,0.14130960265349166,0.1413096028923792,0.1413096029637454,0.14130960297982026,0.14130960294719105,0.1413096028923792,0.14130960294719105,0.14130960297982026,0.1413096029943694,0.14130960297982026,0.1413096029637454,0.14130960297982026,0.1413096029943694,0.14021174726284685,0.14021174725427352,0.14021174724272828,0.14021174725427352,0.14021174726284685,0.14021174725427352,0.14021174723039712,0.14021174718066817,0.14021174723039712,0.14021174725427352,0.14021174724272828,0.14021174718066817,0.1402117469171818,0.14021174718066817,0.14021174724272828,0.14021174725427352,0.14021174723039712,0.14021174718066817,0.14021174723039712,0.14021174725427352,0.14021174726284685,0.14021174725427352,0.14021174724272828,0.14021174725427352,0.14021174726284685,0.1391353078263687,0.13913530783385988,0.13913530783940992,0.13913530783385988,0.1391353078263687,0.13913530783385988,0.1391353078444989,0.13913530785173253,0.1391353078444989,0.13913530783385988,0.13913530783940992,0.13913530785173253,0.13913530785210032,0.13913530785173253,0.13913530783940992,0.13913530783385988,0.1391353078444989,0.13913530785173253,0.1391353078444989,0.13913530783385988,0.1391353078263687,0.13913530783385988,0.13913530783940992,0.13913530783385988,0.1391353078263687,0.13807980456842087,0.13807980459866695,0.13807980462924485,0.13807980459866695,0.13807980456842087,0.13807980459866695,0.13807980466026615,0.13807980474541567,0.13807980466026615,0.13807980459866695,0.13807980462924485,0.13807980474541567,0.13807980498707204,0.13807980474541567,0.13807980462924485,0.13807980459866695,0.13807980466026615,0.13807980474541567,0.13807980466026615,0.13807980459866695,0.13807980456842087,0.13807980459866695,0.13807980462924485,0.13807980459866695,0.13807980456842087,0.1370447668371092,0.13704476688892156,0.13704476695199005,0.13704476688892156,0.1370447668371092,0.13704476688892156,0.13704476701744722,0.13704476727638357,0.13704476701744722,0.13704476688892156,0.13704476695199005,0.13704476727638357,0.13704476871398766,0.13704476727638357,0.13704476695199005,0.13704476688892156,0.13704476701744722,0.13704476727638357,0.13704476701744722,0.13704476688892156,0.1370447668371092,0.13704476688892156,0.13704476695199005,0.13704476688892156,0.1370447668371092,0.13602973349300784,0.13602973352936878,0.1360297335650186,0.13602973352936878,0.1360297334930077,0.13602973352936878,0.13602973360080664,0.13602973369646865,0.13602973360080664,0.13602973352936878,0.1360297335650186,0.13602973369646865,0.1360297339621596,0.13602973369646865,0.1360297335650186,0.13602973352936878,0.13602973360080664,0.13602973369646865,0.13602973360080664,0.13602973352936878,0.1360297334930077,0.13602973352936878,0.1360297335650186,0.13602973352936878,0.13602973349300784,0.13503425298877594,0.13503425301158717,0.1350342530304321,0.13503425301158717,0.13503425298877594,0.13503425301158717,0.13503425304832564,0.13503425308477462,0.13503425304832564,0.13503425301158717,0.1350342530304321,0.13503425308477462,0.13503425315109005,0.13503425308477462,0.1350342530304321,0.13503425301158717,0.13503425304832564,0.13503425308477462,0.13503425304832564,0.13503425301158717,0.13503425298877594,0.13503425301158717,0.1350342530304321,0.13503425301158717,0.13503425298877594
0.16533248750585122,0.16533248750585122,0.16533248750585122,0.16533248750585122,0.16533248750585122,0.16533248750585122,0.16533248750585122,0.16533248750585122,0.16533248750585122,0.16533248750585122,0.16533248750585122,0.16533248750585122,0.165332487505851,0.165332487505851,0.16533248750585122,0.16533248750585122,0.16533248750585122,0.165332487505851,0.16533248750585122,0.16533248750585122,0.16533248750585122,0.16533248750585122,0.16533248750585122,0.16533248750585122,0.16533248750585122,0.16375749379266485,0.16375749379266485,0.16375749379266485,0.16375749379266485,0.16375749379266485,0.16375749379266485,0.16375749379266463,0.16375749379266463,0.16375749379266463,0.16375749379266485,0.16375749379266485,0.16375749379266463,0.16375749379266463,0.16375749379266463,0.16375749379266485,0.16375749379266485,0.16375749379266463,0.16375749379266463,0.16375749379266485,0.16375749379266485,0.16375749379266485,0.16375749379266485,0.16375749379266485,0.16375749379266485,0.16375749379266485,0.1622138840113053,0.1622138840113053,0.16221388401130507,0.1622138840113053,0.1622138840113053,0.1622138840113053,0.16221388401130507,0.16221388401130507,0.16221388401130507,0.1622138840113053,0.16221388401130507,0.16221388401130507,0.16221388401130482,0.16221388401130507,0.16221388401130507,0.1622138840113053,0.16221388401130507,0.16221388401130507,0.16221388401130507,0.1622138840113053,0.1622138840113053,0.1622138840113053,0.16221388401130507,0.1622138840113053,0.1622138840113053,0.16070106711881377,0.16070106711881357,0.16070106711881313,0.16070106711881357,0.16070106711881377,0.16070106711881357,0.16070106711881313,0.16070106711881266,0.16070106711881313,0.16070106711881357,0.16070106711881313,0.16070106711881266,0.16070106711881244,0.16070106711881266,0.16070106711881313,0.16070106711881357,0.16070106711881313,0.16070106711881266,0.16070106711881313,0.16070106711881357,0.16070106711881377,0.16070106711881357,0.16070106711881313,0.16070106711881357,0.16070106711881377,0.1592184514901698,0.15921845149016853,0.15921845149016783,0.15921845149016853,0.1592184514901698,0.15921845149016853,0.1592184514901672,0.1592184514901663,0.1592184514901672,0.15921845149016853,0.15921845149016783,0.1592184514901663,0.15921845149016545,0.1592184514901663,0.15921845149016783,0.15921845149016853,0.1592184514901672,0.1592184514901663,0.1592184514901672,0.15921845149016853,0.1592184514901698,0.15921845149016853,0.15921845149016783,0.15921845149016853,0.1592184514901698,0.15776544627014275,0.1577654462701387,0.15776544627013614,0.1577654462701387,0.15776544627014275,0.1577654462701387,0.15776544627013442,0.15776544627013186,0.15776544627013442,0.1577654462701387,0.15776544627013614,0.15776544627013186,0.1577654462701291,0.15776544627013186,0.15776544627013614,0.1577654462701387,0.15776544627013442,0.15776544627013186,0.15776544627013442,0.1577654462701387,0.15776544627014275,0.1577654462701387,0.15776544627013614,0.1577654462701387,0.15776544627014275,0.15634146258761702,0.1563414625876045,0.15634146258759676,0.1563414625876045,0.15634146258761702,0.1563414625876045,0.15634146258759132,0.15634146258758294,0.15634146258759132,0.1563414625876045,0.15634146258759676,0.15634146258758294,0.15634146258757417,0.15634146258758294,0.15634146258759676,0.1563414625876045,0.15634146258759132,0.15634146258758294,0.15634146258759132,0.1563414625876045,0.15634146258761702,0.1563414625876045,0.15634146258759676,0.1563414625876045,0.15634146258761702,0.1549459146426613,0.1549459146426234,0.15494591464259944,0.1549459146426234,0.1549459146426613,0.1549459146426234,0.15494591464258223,0.15494591464255558,0.15494591464258223,0.1549459146426234,0.15494591464259944,0.15494591464255558,0.15494591464252688,0.15494591464255558,0.15494591464259944,0.1549459146426234,0.15494591464258223,0.15494591464255558,0.15494591464258223,0.1549459146426234,0.1549459146426613,0.1549459146426234,0.15494591464259944,0.1549459146426234,0.1549459146426613,0.15357822067605578,0.15357822067594273,0.15357822067586924,0.15357822067594273,0.15357822067605578,0.15357822067594273,0.1535782206758136,0.1535782206757276,0.1535782206758136,0.15357822067594273,0.15357822067586924,0.1535782206757276,0.1535782206756312,0.1535782206757276,0.15357822067586924,0.15357822067594273,0.1535782206758136,0.1535782206757276,0.1535782206758136,0.15357822067594273,0.15357822067605578,0.15357822067594273,0.15357822067586924,0.15357822067594273,0.15357822067605578,0.15223780383046384,0.15223780383013236,0.15223780382991034,0.15223780383013236,0.15223780383046384,0.15223780383013236,0.1522378038297324,0.15223780382945035,0.1522378038297324,0.15223780383013236,0.15223780382991034,0.15223780382945035,0.15223780382912022,0.15223780382945035,0.15223780382991034,0.15223780383013236,0.1522378038297324,0.15223780382945035,0.1522378038297324,0.15223780383013236,0.15223780383046384,0.15223780383013236,0.15223780382991034,0.15223780383013236,0.15223780383046384,0.15092409291193218,0.15092409291099343,0.1509240929103352,0.15092409291099343,0.15092409291193218,0.15092409291099343,0.15092409290977166,0.15092409290885145,0.15092409290977166,0.15092409291099343,0.1509240929103352,0.15092409290885145,0.15092409290767195,0.15092409290885145,0.1509240929103352,0.15092409291099343,0.15092409290977166,0.15092409290885145,0.15092409290977166,0.15092409291099343,0.15092409291193218,0.15092409291099343,0.1509240929103352,0.15092409291099343,0.15092409291193218,0.14963652305999237,0.14963652305746755,0.1496365230555648,0.14963652305746755,0.14963652305999237,0.14963652305746755,0.14963652305384184,0.14963652305076508,0.14963652305384184,0.14963652305746755,0.1496365230555648,0.14963652305076508,0.14963652304619965,0.14963652305076508,0.1496365230555648,0.14963652305746755,0.14963652305384184,0.14963652305076508,0.14963652305384184,0.14963652305746755,0.14963652305999237,0.14963652305746755,0.1496365230555648,0.14963652305746755,0.14963652305999237,0.14837453633432474,0.1483745363280708,0.1483745363228239,0.1483745363280708,0.14837453633432474,0.1483745363280708,0.14837453631781813,0.1483745363073646,0.14837453631781813,0.1483745363280708,0.1483745363228239,0.1483745363073646,0.14837453628772262,0.1483745363073646,0.1483745363228239,0.1483745363280708,0.14837453631781813,0.1483745363073646,0.14837453631781813,0.1483745363280708,0.14837453633432474,0.1483745363280708,0.1483745363228239,0.1483745363280708,0.14837453633432474,0.1471375822255297,0.1471375822121134,0.14713758219904136,0.1471375822121134,0.1471375822255297,0.1471375822121134,0.1471375821859566,0.1471375821512254,0.1471375821859566,0.1471375822121134,0.14713758219904136,0.1471375821512254,0.1471375820556551,0.1471375821512254,0.14713758219904136,0.1471375822121134,0.1471375821859566,0.1471375821512254,0.1471375821859566,0.1471375822121134,0.1471375822255297,0.1471375822121134,0.14713758219904136,0.1471375822121134,0.1471375822255297,0.14592511809568662,0.14592511807394337,0.14592511804864317,0.14592511807394337,0.14592511809568662,0.14592511807394337,0.14592511802260555,0.14592511792427784,0.14592511802260555,0.14592511807394337,0.14592511804864317,0.14592511792427784,0.14592511739817116,0.14592511792427784,0.14592511804864317,0.14592511807394337,0.14592511802260555,0.14592511792427784,0.14592511802260555,0.14592511807394337,0.14592511809568662,0.14592511807394337,0.14592511804864317,0.14592511807394337,0.14592511809568662,0.14473660954720838,0.14473660952880646,0.14473660951060718,0.14473660952880646,0.14473660954720838,0.14473660952880646,0.14473660949232606,0.14473660944160852,0.14473660949232606,0.14473660952880646,0.14473660951060718,0.14473660944160852,0.14473660927889684,0.14473660944160852,0.14473660951060718,0.14473660952880646,0.14473660949232606,0.14473660944160852,0.14473660949232606,0.14473660952880646,0.14473660954720838,0.14473660952880646,0.14473660951060718,0.14473660952880646,0.14473660954720838,0.14357153071110904,0.14357153069553674,0.14357153068071887,0.14357153069553674,0.14357153071110904,0.14357153069553674,0.14357153066601996,0.14357153062606579,0.14357153066601996,0.14357153069553674,0.14357153068071887,0.14357153062606579,0.14357153048674923,0.14357153062606579,0.14357153068071887,0.14357153069553674,0.14357153066601996,0.14357153062606579,0.14357153066601996,0.14357153069553674,0.14357153071110904,0.14357153069553674,0.14357153068071887,0.14357153069553674,0.14357153071110904,0.1424293645332476,0.14242936451806884,0.1424293645027959,0.14242936451806884,0.1424293645332476,0.14242936451806884,0.14242936448743448,0.14242936444168566,0.14242936448743448,0.14242936451806884,0.1424293645027959,0.14242936444168566,0.14242936426134037,0.14242936444168566,0.1424293645027959,0.14242936451806884,0.14242936448743448,0.14242936444168566,0.14242936448743448,0.14242936451806884,0.1424293645332476,0.14242936451806884,0.1424293645027959,0.14242936451806884,0.1424293645332476,0.1413096029911952,0.141309602976788,0.1413096029608728,0.141309602976788,0.1413096029911952,0.141309602976788,0.1413096029444836,0.14130960289023015,0.1413096029444836,0.141309602976788,0.1413096029608728,0.14130960289023015,0.14130960265380843,0.14130960289023015,0.1413096029608728,0.141309602976788,0.1413096029444836,0.14130960289023015,0.1413096029444836,0.141309602976788,0.1413096029911952,0.141309602976788,0.1413096029608728,0.141309602976788,0.1413096029911952,0.14021174725739474,0.14021174724892121,0.14021174723751015,0.14021174724892121,0.14021174725739474,0.14021174724892121,0.14021174722532234,0.14021174717617585,0.14021174722532234,0.14021174724892121,0.14021174723751015,0.14021174717617585,0.14021174691582453,0.14021174717617585,0.14021174723751015,0.14021174724892121,0.14021174722532234,0.14021174717617585,0.14021174722532234,0.14021174724892121,0.14021174725739474,0.14021174724892121,0.14021174723751015,0.14021174724892121,0.14021174725739474,0.13913530781839922,0.13913530782583017,0.13913530783133943,0.13913530782583017,0.13913530781839922,0.13913530782583017,0.13913530783639236,0.13913530784359213,0.13913530783639236,0.13913530782583017,0.13913530783133943,0.13913530784359213,0.13913530784405795,0.13913530784359213,0.13913530783133943,0.13913530782583017,0.13913530783639236,0.13913530784359213,0.13913530783639236,0.13913530782583017,0.13913530781839922,0.13913530782583017,0.13913530783133943,0.13913530782583017,0.13913530781839922,0.1380798045580193,0.13807980458797936,0.1380798046182673,0.13807980458797936,0.1380798045580193,0.13807980458797936,0.1380798046489939,0.1380798047333316,0.1380798046489939,0.13807980458797936,0.1380798046182673,0.1380798047333316,0.13807980497267394,0.1380798047333316,0.1380798046182673,0.13807980458797936,0.1380798046489939,0.1380798047333316,0.1380798046489939,0.13807980458797936,0.1380798045580193,0.13807980458797936,0.1380798046182673,0.13807980458797936,0.1380798045580193,0.13704476682482788,0.13704476687614228,0.13704476693860337,0.13704476687614228,0.13704476682482788,0.13704476687614228,0.13704476700343005,0.1370447672598682,0.13704476700343005,0.13704476687614228,0.13704476693860337,0.1370447672598682,0.13704476868360715,0.1370447672598682,0.13704476693860337,0.13704476687614228,0.13704476700343005,0.1370447672598682,0.13704476700343005,0.13704476687614228,0.13704476682482788,0.13704476687614228,0.13704476693860337,0.13704476687614228,0.13704476682482788,0.13602973347984115,0.13602973351585182,0.13602973355115797,0.13602973351585182,0.13602973347984115,0.13602973351585182,0.13602973358660098,0.13602973368133972,0.13602973358660098,0.13602973351585182,0.13602973355115797,0.13602973368133972,0.13602973394446544,0.13602973368133972,0.13602973355115797,0.13602973351585182,0.13602973358660098,0.13602973368133972,0.13602973358660098,0.13602973351585182,0.13602973347984115,0.13602973351585182,0.13602973355115797,0.13602973351585182,0.13602973347984115,0.13503425297542507,0.1350342529980165,0.13503425301667965,0.1350342529980165,0.13503425297542507,0.1350342529980165,0.13503425303440045,0.13503425307049777,0.13503425303440045,0.1350342529980165,0.13503425301667965,0.13503425307049777,0.13503425313617295,0.13503425307049777,0.13503425301667965,0.1350342529980165,0.13503425303440045,0.13503425307049777,0.13503425303440045,0.1350342529980165,0.13503425297542507,0.1350342529980165,0.13503425301667965,0.1350342529980165,0.13503425297542507
0.16533248751108096,0.1653324875110807,0.1653324875110807,0.1653324875110807,0.16533248751108096,0.1653324875110807,0.1653324875110807,0.1653324875110807,0.1653324875110807,0.1653324875110807,0.1653324875110807,0.1653324875110807,0.1653324875110807,0.1653324875110807,0.1653324875110807,0.1653324875110807,0.1653324875110807,0.1653324875110807,0.1653324875110807,0.1653324875110807,0.16533248751108096,0.1653324875110807,0.1653324875110807,0.1653324875110807,0.16533248751108096,0.1637574937977916,0.1637574937977916,0.1637574937977916,0.1637574937977916,0.1637574937977916,0.1637574937977916,0.1637574937977914,0.1637574937977914,0.1637574937977914,0.1637574937977916,0.1637574937977916,0.1637574937977914,0.1637574937977914,0.1637574937977914,0.1637574937977916,0.1637574937977916,0.1637574937977914,0.1637574937977914,0.1637574937977914,0.1637574937977916,0.1637574937977916,0.1637574937977916,0.1637574937977916,0.1637574937977916,0.1637574937977916,0.16221388401633205,0.16221388401633183,0.16221388401633183,0.16221388401633183,0.16221388401633205,0.16221388401633183,0.16221388401633163,0.16221388401633163,0.16221388401633163,0.16221388401633183,0.16221388401633183,0.16221388401633163,0.16221388401633163,0.16221388401633163,0.16221388401633183,0.16221388401633183,0.16221388401633163,0.16221388401633163,0.16221388401633163,0.16221388401633183,0.16221388401633205,0.16221388401633183,0.16221388401633183,0.16221388401633183,0.16221388401633205,0.16070106712374335,0.1607010671237429,0.16070106712374266,0.1607010671237429,0.16070106712374335,0.1607010671237429,0.16070106712374266,0.16070106712374224,0.16070106712374266,0.1607010671237429,0.16070106712374266,0.16070106712374224,0.16070106712374202,0.16070106712374224,0.16070106712374266,0.1607010671237429,0.16070106712374266,0.16070106712374224,0.16070106712374266,0.1607010671237429,0.16070106712374335,0.1607010671237429,0.16070106712374266,0.1607010671237429,0.16070106712374335,0.1592184514950053,0.159218451495004,0.15921845149500313,0.159218451495004,0.1592184514950053,0.159218451495004,0.1592184514950027,0.15921845149500183,0.1592184514950027,0.159218451495004,0.15921845149500313,0.15921845149500183,0.15921845149500094,0.15921845149500183,0.15921845149500313,0.159218451495004,0.1592184514950027,0.15921845149500183,0.1592184514950027,0.159218451495004,0.1592184514950053,0.159218451495004,0.15921845149500313,0.159218451495004,0.1592184514950053,0.15776544627488678,0.15776544627488273,0.15776544627488015,0.15776544627488273,0.15776544627488678,0.15776544627488273,0.15776544627487846,0.1577654462748759,0.15776544627487846,0.15776544627488273,0.15776544627488015,0.1577654462748759,0.15776544627487332,0.1577654462748759,0.15776544627488015,0.15776544627488273,0.15776544627487846,0.1577654462748759,0.15776544627487846,0.15776544627488273,0.15776544627488678,0.15776544627488273,0.15776544627488015,0.15776544627488273,0.15776544627488678,0.15634146259227238,0.15634146259226026,0.1563414625922525,0.15634146259226026,0.15634146259227238,0.15634146259226026,0.15634146259224707,0.15634146259223894,0.15634146259224707,0.15634146259226026,0.1563414625922525,0.15634146259223894,0.15634146259223036,0.15634146259223894,0.1563414625922525,0.15634146259226026,0.15634146259224707,0.15634146259223894,0.15634146259224707,0.15634146259226026,0.15634146259227238,0.15634146259226026,0.1563414625922525,0.15634146259226026,0.15634146259227238,0.15494591464723068,0.1549459146471934,0.1549459146471698,0.1549459146471934,0.15494591464723068,0.1549459146471934,0.15494591464715263,0.15494591464712637,0.15494591464715263,0.1549459146471934,0.1549459146471698,0.15494591464712637,0.15494591464709812,0.15494591464712637,0.1549459146471698,0.1549459146471934,0.15494591464715263,0.15494591464712637,0.15494591464715263,0.1549459146471934,0.15494591464723068,0.1549459146471934,0.1549459146471698,0.1549459146471934,0.15494591464723068,0.15357822068054125,0.15357822068042956,0.15357822068035684,0.15357822068042956,0.15357822068054125,0.15357822068042956,0.15357822068030205,0.1535782206802173,0.15357822068030205,0.15357822068042956,0.15357822068035684,0.1535782206802173,0.15357822068012209,0.1535782206802173,0.15357822068035684,0.15357822068042956,0.15357822068030205,0.1535782206802173,0.15357822068030205,0.15357822068042956,0.15357822068054125,0.15357822068042956,0.15357822068035684,0.15357822068042956,0.15357822068054125,0.1522378038348648,0.15223780383453744,0.15223780383431815,0.15223780383453744,0.1522378038348648,0.15223780383453744,0.1522378038341426,0.15223780383386426,0.1522378038341426,0.15223780383453744,0.15223780383431815,0.15223780383386426,0.1522378038335383,0.15223780383386426,0.15223780383431815,0.15223780383453744,0.1522378038341426,0.15223780383386426,0.1522378038341426,0.15223780383453744,0.1522378038348648,0.15223780383453744,0.15223780383431815,0.15223780383453744,0.1522378038348648,0.1509240929162424,0.15092409291531542,0.1509240929146655,0.15092409291531542,0.1509240929162424,0.15092409291531542,0.1509240929141093,0.15092409291320083,0.1509240929141093,0.15092409291531542,0.1509240929146655,0.15092409291320083,0.15092409291203637,0.15092409291320083,0.1509240929146655,0.15092409291531542,0.1509240929141093,0.15092409291320083,0.1509240929141093,0.15092409291531542,0.1509240929162424,0.15092409291531542,0.1509240929146655,0.15092409291531542,0.1509240929162424,0.14963652306419004,0.14963652306169656,0.14963652305981748,0.14963652306169656,0.14963652306419004,0.14963652306169656,0.14963652305811645,0.14963652305507866,0.14963652305811645,0.14963652306169656,0.14963652305981748,0.14963652305507866,0.1496365230505722,0.14963652305507866,0.14963652305981748,0.14963652306169656,0.14963652305811645,0.14963652305507866,0.14963652305811645,0.14963652306169656,0.14963652306419004,0.14963652306169656,0.14963652305981748,0.14963652306169656,0.14963652306419004,0.14837453633834677,0.14837453633216935,0.14837453632698755,0.14837453633216935,0.14837453633834677,0.14837453633216935,0.14837453632204442,0.14837453631172431,0.14837453632204442,0.14837453633216935,0.14837453632698755,0.14837453631172431,0.14837453629233768,0.14837453631172431,0.14837453632698755,0.14837453633216935,0.14837453632204442,0.14837453631172431,0.14837453632204442,0.14837453633216935,0.14837453633834677,0.14837453633216935,0.14837453632698755,0.14837453633216935,0.14837453633834677,0.1471375822292184,0.14713758221596218,0.14713758220305018,0.14713758221596218,0.1471375822292184,0.14713758221596218,0.1471375821901271,0.1471375821558377,0.1471375821901271,0.14713758221596218,0.14713758220305018,0.1471375821558377,0.14713758206152208,0.1471375821558377,0.14713758220305018,0.14713758221596218,0.1471375821901271,0.1471375821558377,0.1471375821901271,0.14713758221596218,0.1471375822292184,0.14713758221596218,0.14713758220305018,0.14713758221596218,0.1471375822292184,0.14592511809870873,0.14592511807720873,0.14592511805220515,0.14592511807720873,0.14592511809870873,0.14592511807720873,0.14592511802647487,0.14592511792937773,0.14592511802647487,0.14592511807720873,0.14592511805220515,0.14592511792937773,0.14592511741022432,0.14592511792937773,0.14592511805220515,0.14592511807720873,0.14592511802647487,0.14592511792937773,0.14592511802647487,0.14592511807720873,0.14592511809870873,0.14592511807720873,0.14592511805220515,0.14592511807720873,0.14592511809870873,0.14473660954905318,0.14473660953080278,0.1447366095127414,0.14473660953080278,0.14473660954905318,0.14473660953080278,0.14473660949459696,0.14473660944417666,0.14473660949459696,0.14473660953080278,0.1447366095127414,0.14473660944417666,0.14473660928178964,0.14473660944417666,0.1447366095127414,0.14473660953080278,0.14473660949459696,0.14473660944417666,0.14473660949459696,0.14473660953080278,0.14473660954905318,0.14473660953080278,0.1447366095127414,0.14473660953080278,0.14473660954905318,0.14357153071144818,0.1435715306959777,0.1435715306812435,0.1435715306959777,0.14357153071144818,0.1435715306959777,0.14357153066662448,0.1435715306268255,0.14357153066662448,0.1435715306959777,0.1435715306812435,0.1435715306268255,0.1435715304877677,0.1435715306268255,0.1435715306812435,0.1435715306959777,0.14357153066662448,0.1435715306268255,0.14357153066662448,0.1435715306959777,0.14357153071144818,0.1435715306959777,0.1435715306812435,0.1435715306959777,0.14357153071144818,0.1424293645318505,0.14242936451678337,0.1424293645016196,0.14242936451678337,0.1424293645318505,0.14242936451678337,0.14242936448636725,0.14242936444093213,0.14242936448636725,0.14242936451678337,0.1424293645016196,0.14242936444093213,0.14242936426180988,0.14242936444093213,0.1424293645016196,0.14242936451678337,0.14242936448636725,0.14242936444093213,0.14242936448636725,0.14242936451678337,0.1424293645318505,0.14242936451678337,0.1424293645016196,0.14242936451678337,0.1424293645318505,0.1413096029878062,0.1413096029735288,0.1413096029577606,0.1413096029735288,0.1413096029878062,0.1413096029735288,0.14130960294152356,0.14130960288778652,0.14130960294152356,0.1413096029735288,0.1413096029577606,0.14130960288778652,0.1413096026537053,0.14130960288778652,0.1413096029577606,0.1413096029735288,0.14130960294152356,0.14130960288778652,0.14130960294152356,0.1413096029735288,0.1413096029878062,0.1413096029735288,0.1413096029577606,0.1413096029735288,0.1413096029878062,0.14021174725171653,0.14021174724333313,0.14021174723204657,0.14021174724333313,0.14021174725171653,0.14021174724333313,0.14021174721999194,0.14021174717139437,0.14021174721999194,0.14021174724333313,0.14021174723204657,0.14021174717139437,0.1402117469140196,0.14021174717139437,0.14021174723204657,0.14021174724333313,0.14021174721999194,0.14021174717139437,0.14021174721999194,0.14021174724333313,0.14021174725171653,0.14021174724333313,0.14021174723204657,0.14021174724333313,0.14021174725171653,0.13913530781021077,0.13913530781757752,0.13913530782304204,0.13913530781757752,0.13913530781021077,0.13913530781757752,0.1391353078280551,0.13913530783521144,0.1391353078280551,0.13913530781757752,0.13913530782304204,0.13913530783521144,0.1391353078357506,0.13913530783521144,0.13913530782304204,0.13913530781757752,0.1391353078280551,0.13913530783521144,0.1391353078280551,0.13913530781757752,0.13913530781021077,0.13913530781757752,0.13913530782304204,0.13913530781757752,0.13913530781021077,0.13807980454741525,0.1380798045770891,0.13807980460708727,0.1380798045770891,0.13807980454741525,0.1380798045770891,0.13807980463751987,0.1380798047210486,0.13807980463751987,0.1380798045770891,0.13807980460708727,0.1380798047210486,0.13807980495808828,0.1380798047210486,0.13807980460708727,0.1380798045770891,0.13807980463751987,0.1380798047210486,0.13807980463751987,0.1380798045770891,0.13807980454741525,0.1380798045770891,0.13807980460708727,0.1380798045770891,0.13807980454741525,0.13704476681235983,0.13704476686317904,0.13704476692503656,0.13704476686317904,0.13704476681235983,0.13704476686317904,0.13704476698923665,0.13704476724319337,0.13704476698923665,0.13704476686317904,0.13704476692503656,0.13704476724319337,0.13704476865311904,0.13704476724319337,0.13704476692503656,0.13704476686317904,0.13704476698923665,0.13704476724319337,0.13704476698923665,0.13704476686317904,0.13704476681235983,0.13704476686317904,0.13704476692503656,0.13704476686317904,0.13704476681235983,0.13602973346649852,0.13602973350216105,0.13602973353712572,0.13602973350216105,0.13602973346649852,0.13602973350216105,0.13602973357222595,0.13602973366604784,0.13602973357222595,0.13602973350216105,0.13602973353712572,0.13602973366604784,0.13602973392662604,0.13602973366604784,0.13602973353712572,0.13602973350216105,0.13602973357222595,0.13602973366604784,0.13602973357222595,0.13602973350216105,0.13602973346649852,0.13602973350216105,0.13602973353712572,0.13602973350216105,0.13602973346649852,0.1350342529619044,0.1350342529842772,0.13503425300275992,0.1350342529842772,0.1350342529619044,0.1350342529842772,0.1350342530203093,0.1350342530560571,0.1350342530203093,0.1350342529842772,0.13503425300275992,0.1350342530560571,0.1350342531210966,0.1350342530560571,0.13503425300275992,0.1350342529842772,0.1350342530203093,0.1350342530560571,0.1350342530203093,0.1350342529842772,0.1350342529619044,0.1350342529842772,0.13503425300275992,0.1350342529842772,0.1350342529619044
0.16533248751645246,0.16533248751645227,0.16533248751645227,0.16533248751645227,0.16533248751645246,0.16533248751645227,0.16533248751645227,0.16533248751645227,0.16533248751645227,0.16533248751645227,0.16533248751645227,0.16533248751645227,0.16533248751645227,0.16533248751645227,0.16533248751645227,0.16533248751645227,0.16533248751645227,0.16533248751645227,0.16533248751645227,0.16533248751645227,0.16533248751645246,0.16533248751645227,0.16533248751645227,0.16533248751645227,0.16533248751645227,0.16375749380305735,0.16375749380305735,0.16375749380305735,0.16375749380305735,0.16375749380305735,0.16375749380305735,0.16375749380305735,0.1637574938030571,0.16375749380305735,0.16375749380305735,0.16375749380305735,0.1637574938030571,0.1637574938030571,0.1637574938030571,0.16375749380305735,0.16375749380305735,0.16375749380305735,0.1637574938030571,0.16375749380305735,0.16375749380305735,0.16375749380305735,0.16375749380305735,0.16375749380305735,0.16375749380305735,0.16375749380305735,0.16221388402149486,0.16221388402149486,0.16221388402149461,0.16221388402149486,0.16221388402149486,0.16221388402149486,0.16221388402149461,0.16221388402149461,0.16221388402149461,0.16221388402149486,0.16221388402149461,0.16221388402149461,0.1622138840214944,0.16221388402149461,0.16221388402149461,0.16221388402149486,0.16221388402149461,0.16221388402149461,0.16221388402149461,0.16221388402149486,0.16221388402149486,0.16221388402149486,0.16221388402149461,0.16221388402149486,0.16221388402149486,0.1607010671288064,0.160701067128806,0.16070106712880577,0.160701067128806,0.1607010671288064,0.160701067128806,0.16070106712880555,0.16070106712880533,0.16070106712880555,0.160701067128806,0.16070106712880577,0.16070106712880533,0.1607010671288051,0.16070106712880533,0.16070106712880577,0.160701067128806,0.16070106712880555,0.16070106712880533,0.16070106712880555,0.160701067128806,0.1607010671288064,0.160701067128806,0.16070106712880577,0.160701067128806,0.1607010671288064,0.15921845149997144,0.1592184514999701,0.15921845149996924,0.1592184514999701,0.15921845149997144,0.1592184514999701,0.15921845149996883,0.15921845149996794,0.15921845149996883,0.1592184514999701,0.15921845149996924,0.15921845149996794,0.15921845149996708,0.15921845149996794,0.15921845149996924,0.1592184514999701,0.15921845149996883,0.15921845149996794,0.15921845149996883,0.1592184514999701,0.15921845149997144,0.1592184514999701,0.15921845149996924,0.1592184514999701,0.15921845149997144,0.15776544627975883,0.157765446279755,0.15776544627975245,0.157765446279755,0.15776544627975883,0.157765446279755,0.1577654462797507,0.15776544627974817,0.1577654462797507,0.157765446279755,0.15776544627975245,0.15776544627974817,0.15776544627974562,0.15776544627974817,0.15776544627975245,0.157765446279755,0.1577654462797507,0.15776544627974817,0.1577654462797507,0.157765446279755,0.15776544627975883,0.157765446279755,0.15776544627975245,0.157765446279755,0.15776544627975883,0.15634146259705342,0.1563414625970415,0.15634146259703374,0.1563414625970415,0.15634146259705342,0.1563414625970415,0.1563414625970285,0.15634146259702036,0.1563414625970285,0.1563414625970415,0.15634146259703374,0.15634146259702036,0.1563414625970118,0.15634146259702036,0.15634146259703374,0.1563414625970415,0.1563414625970285,0.15634146259702036,0.1563414625970285,0.1563414625970415,0.15634146259705342,0.1563414625970415,0.15634146259703374,0.1563414625970415,0.15634146259705342,0.15494591465192323,0.15494591465188634,0.15494591465186297,0.15494591465188656,0.15494591465192323,0.15494591465188634,0.15494591465184615,0.15494591465182034,0.15494591465184615,0.15494591465188656,0.15494591465186297,0.15494591465182034,0.15494591465179247,0.15494591465182034,0.15494591465186297,0.15494591465188656,0.15494591465184615,0.15494591465182034,0.15494591465184615,0.15494591465188656,0.15494591465192323,0.15494591465188656,0.15494591465186297,0.15494591465188656,0.15494591465192323,0.15357822068514676,0.1535782206850367,0.1535782206849652,0.1535782206850367,0.15357822068514676,0.1535782206850367,0.1535782206849112,0.15357822068482743,0.1535782206849112,0.1535782206850367,0.1535782206849652,0.15357822068482743,0.15357822068473384,0.15357822068482743,0.1535782206849652,0.1535782206850367,0.1535782206849112,0.15357822068482743,0.1535782206849112,0.1535782206850367,0.15357822068514676,0.1535782206850367,0.1535782206849652,0.1535782206850367,0.15357822068514676,0.1522378038393832,0.15223780383906044,0.15223780383884408,0.15223780383906044,0.1522378038393832,0.15223780383906044,0.1522378038386709,0.1522378038383967,0.1522378038386709,0.15223780383906044,0.15223780383884408,0.1522378038383967,0.15223780383807506,0.1522378038383967,0.15223780383884408,0.15223780383906044,0.1522378038386709,0.1522378038383967,0.1522378038386709,0.15223780383906044,0.1522378038393832,0.15223780383906044,0.15223780383884408,0.15223780383906044,0.1522378038393832,0.15092409292066683,0.1509240929197524,0.15092409291911132,0.1509240929197524,0.15092409292066683,0.1509240929197524,0.15092409291856304,0.15092409291766692,0.15092409291856304,0.1509240929197524,0.15092409291911132,0.15092409291766692,0.15092409291651868,0.15092409291766692,0.15092409291911132,0.1509240929197524,0.15092409291856304,0.15092409291766692,0.15092409291856304,0.1509240929197524,0.15092409292066683,0.1509240929197524,0.15092409291911132,0.1509240929197524,0.15092409292066683,0.14963652306849679,0.14963652306603661,0.1496365230641832,0.14963652306603661,0.14963652306849679,0.14963652306603661,0.14963652306250547,0.14963652305950964,0.14963652306250547,0.14963652306603661,0.1496365230641832,0.14963652305950964,0.14963652305506675,0.14963652305950964,0.1496365230641832,0.14963652306603661,0.14963652306250547,0.14963652305950964,0.14963652306250547,0.14963652306603661,0.14963652306849679,0.14963652306603661,0.1496365230641832,0.14963652306603661,0.14963652306849679,0.14837453634246814,0.14837453633637243,0.1483745363312605,0.14837453633637243,0.14837453634246814,0.14837453633637243,0.14837453632638464,0.14837453631620764,0.14837453632638464,0.14837453633637243,0.1483745363312605,0.14837453631620764,0.1483745362970964,0.14837453631620764,0.1483745363312605,0.14837453633637243,0.14837453632638464,0.14837453631620764,0.14837453632638464,0.14837453633637243,0.14837453634246814,0.14837453633637243,0.1483745363312605,0.14837453633637243,0.14837453634246814,0.14713758223298526,0.14713758221989998,0.14713758220715945,0.14713758221989998,0.14713758223298526,0.14713758221989998,0.14713758219440928,0.14713758216059492,0.14713758219440928,0.14713758221989998,0.14713758220715945,0.14713758216059492,0.14713758206763175,0.14713758216059492,0.14713758220715945,0.14713758221989998,0.14713758219440928,0.14713758216059492,0.14713758219440928,0.14713758221989998,0.14713758223298526,0.14713758221989998,0.14713758220715945,0.14713758221989998,0.14713758223298526,0.14592511810176537,0.14592511808052322,0.14592511805583552,0.14592511808052322,0.14592511810176537,0.14592511808052322,0.14592511803043307,0.14592511793465665,0.14592511803043307,0.14592511808052322,0.14592511805583552,0.14592511793465665,0.1459251174230323,0.14592511793465665,0.14592511805583552,0.14592511808052322,0.14592511803043307,0.14592511793465665,0.14592511803043307,0.14592511808052303,0.14592511810176537,0.14592511808052322,0.14592511805583552,0.14592511808052303,0.14592511810176537,0.14473660955085926,0.14473660953276124,0.14473660951483758,0.14473660953276124,0.14473660955085926,0.14473660953276124,0.1447366094968293,0.1447366094466949,0.1447366094968293,0.14473660953276124,0.14473660951483758,0.1447366094466949,0.14473660928447524,0.1447366094466949,0.14473660951483758,0.14473660953276124,0.1447366094968293,0.1447366094466949,0.1447366094968293,0.14473660953276124,0.14473660955085926,0.14473660953276124,0.14473660951483758,0.14473660953276124,0.14473660955085926,0.14357153071167236,0.14357153069629497,0.14357153068163417,0.14357153069629497,0.14357153071167236,0.14357153069629497,0.14357153066708392,0.14357153062739975,0.14357153066708392,0.14357153069629497,0.14357153068163417,0.14357153062739975,0.14357153048834964,0.14357153062739975,0.14357153068163417,0.14357153069629497,0.14357153066708392,0.14357153062739975,0.14357153066708392,0.14357153069629497,0.14357153071167236,0.14357153069629497,0.14357153068163417,0.14357153069629497,0.14357153071167236,0.14242936453027835,0.14242936451531102,0.1424293645002432,0.14242936451531102,0.14242936453027835,0.14242936451531102,0.14242936448508645,0.14242936443992144,0.14242936448508645,0.14242936451531102,0.1424293645002432,0.14242936443992144,0.14242936426180602,0.14242936443992144,0.1424293645002432,0.14242936451531102,0.14242936448508645,0.14242936443992144,0.14242936448508645,0.14242936451531102,0.14242936453027835,0.14242936451531102,0.1424293645002432,0.14242936451531102,0.14242936453027835,0.1413096029842064,0.14130960297004702,0.14130960295441325,0.14130960297004702,0.1413096029842064,0.14130960297004702,0.14130960293831532,0.1413096028850544,0.14130960293831532,0.14130960297004702,0.14130960295441325,0.1413096028850544,0.1413096026530958,0.1413096028850544,0.14130960295441325,0.14130960297004702,0.14130960293831532,0.1413096028850544,0.14130960293831532,0.14130960297004702,0.1413096029842064,0.14130960297004702,0.14130960295441325,0.14130960297004702,0.1413096029842064,0.1402117472458153,0.1402117472375132,0.1402117472263413,0.1402117472375132,0.1402117472458153,0.1402117472375132,0.14021174721441002,0.14021174716632845,0.14021174721441002,0.1402117472375132,0.1402117472263413,0.14021174716632845,0.14021174691177016,0.14021174716632845,0.1402117472263413,0.1402117472375132,0.14021174721441002,0.14021174716632845,0.14021174721441002,0.1402117472375132,0.1402117472458153,0.1402117472375132,0.1402117472263413,0.1402117472375132,0.1402117472458153,0.13913530780180602,0.1391353078091043,0.13913530781452027,0.1391353078091043,0.13913530780180602,0.1391353078091043,0.13913530781948957,0.13913530782659322,0.13913530781948957,0.1391353078091043,0.13913530781452027,0.13913530782659322,0.1391353078271814,0.13913530782659322,0.13913530781452027,0.1391353078091043,0.13913530781948957,0.13913530782659322,0.13913530781948957,0.1391353078091043,0.13913530780180602,0.1391353078091043,0.13913530781452027,0.1391353078091043,0.13913530780180602,0.1380798045366093,0.1380798045659971,0.13807980459570585,0.1380798045659971,0.1380798045366093,0.1380798045659971,0.13807980462584496,0.13807980470856715,0.13807980462584496,0.1380798045659971,0.13807980459570585,0.13807980470856715,0.1380798049433144,0.13807980470856715,0.13807980459570585,0.1380798045659971,0.13807980462584496,0.13807980470856715,0.13807980462584496,0.1380798045659971,0.1380798045366093,0.1380798045659971,0.13807980459570585,0.1380798045659971,0.1380798045366093,0.1370447667997054,0.13704476685003186,0.13704476691128922,0.13704476685003186,0.1370447667997054,0.13704476685003186,0.1370447669748663,0.1370447672263572,0.1370447669748663,0.13704476685003186,0.13704476691128922,0.1370447672263572,0.1370447686225955,0.1370447672263572,0.13704476691128922,0.13704476685003186,0.1370447669748663,0.1370447672263572,0.1370447669748663,0.13704476685003186,0.1370447667997054,0.13704476685003186,0.13704476691128922,0.13704476685003186,0.1370447667997054,0.1360297334529795,0.1360297334882961,0.13602973352292125,0.1360297334882961,0.1360297334529795,0.1360297334882961,0.13602973355768078,0.13602973365059162,0.13602973355768078,0.1360297334882961,0.13602973352292125,0.13602973365059162,0.13602973390863862,0.13602973365059162,0.13602973352292125,0.1360297334882961,0.13602973355768078,0.13602973365059162,0.13602973355768078,0.1360297334882961,0.1360297334529795,0.1360297334882961,0.13602973352292125,0.1360297334882961,0.1360297334529795,0.1350342529482134,0.135034252970369,0.13503425298867228,0.135034252970369,0.1350342529482134,0.135034252970369,0.13503425300605115,0.13503425304145195,0.13503425300605115,0.13503425297036917,0.13503425298867228,0.13503425304145195,0.13503425310585968,0.13503425304145195,0.13503425298867228,0.135034252970369,0.13503425300605115,0.13503425304145195,0.13503425300605115,0.135034252970369,0.1350342529482134,0.13503425297036917,0.13503425298867228,0.135034252970369,0.1350342529482134
0.16533248752196447,0.16533248752196447,0.16533248752196447,0.16533248752196447,0.16533248752196447,0.16533248752196447,0.16533248752196447,0.16533248752196447,0.16533248752196447,0.16533248752196447,0.16533248752196447,0.16533248752196447,0.16533248752196447,0.16533248752196447,0.16533248752196447,0.16533248752196447,0.16533248752196447,0.16533248752196447,0.16533248752196447,0.16533248752196447,0.16533248752196447,0.16533248752196447,0.16533248752196447,0.16533248752196447,0.16533248752196447,0.1637574938084609,0.1637574938084607,0.1637574938084607,0.1637574938084607,0.1637574938084609,0.1637574938084607,0.1637574938084607,0.1637574938084607,0.1637574938084607,0.1637574938084607,0.1637574938084607,0.1637574938084607,0.1637574938084607,0.1637574938084607,0.1637574938084607,0.1637574938084607,0.1637574938084607,0.1637574938084607,0.1637574938084607,0.1637574938084607,0.1637574938084609,0.1637574938084607,0.1637574938084607,0.1637574938084607,0.1637574938084609,0.16221388402679274,0.16221388402679274,0.16221388402679252,0.16221388402679274,0.16221388402679274,0.16221388402679274,0.16221388402679252,0.16221388402679252,0.16221388402679252,0.16221388402679274,0.16221388402679252,0.16221388402679252,0.1622138840267923,0.16221388402679252,0.16221388402679252,0.16221388402679274,0.16221388402679252,0.16221388402679252,0.16221388402679252,0.16221388402679274,0.16221388402679274,0.16221388402679274,0.16221388402679252,0.16221388402679274,0.16221388402679274,0.1607010671340017,0.16070106713400126,0.16070106713400104,0.16070106713400126,0.1607010671340017,0.16070106713400126,0.16070106713400104,0.16070106713400062,0.16070106713400104,0.16070106713400126,0.16070106713400104,0.16070106713400062,0.16070106713400037,0.16070106713400062,0.16070106713400104,0.16070106713400126,0.16070106713400104,0.16070106713400062,0.16070106713400104,0.16070106713400126,0.1607010671340017,0.16070106713400126,0.16070106713400104,0.16070106713400126,0.1607010671340017,0.15921845150506708,0.15921845150506578,0.15921845150506514,0.15921845150506578,0.15921845150506708,0.15921845150506578,0.15921845150506447,0.1592184515050636,0.15921845150506447,0.15921845150506578,0.15921845150506514,0.1592184515050636,0.15921845150506295,0.1592184515050636,0.15921845150506514,0.15921845150506578,0.15921845150506447,0.1592184515050636,0.15921845150506447,0.15921845150506578,0.15921845150506708,0.15921845150506578,0.15921845150506514,0.15921845150506578,0.15921845150506708,0.1577654462847578,0.157765446284754,0.15776544628475167,0.157765446284754,0.1577654462847578,0.157765446284754,0.15776544628474995,0.1577654462847476,0.15776544628474995,0.157765446284754,0.15776544628475167,0.1577654462847476,0.15776544628474481,0.1577654462847476,0.15776544628475167,0.157765446284754,0.15776544628474995,0.1577654462847476,0.15776544628474995,0.157765446284754,0.1577654462847578,0.157765446284754,0.15776544628475167,0.157765446284754,0.1577654462847578,0.15634146260195883,0.1563414626019469,0.1563414626019394,0.1563414626019469,0.15634146260195883,0.1563414626019469,0.15634146260193438,0.15634146260192622,0.15634146260193438,0.1563414626019469,0.1563414626019394,0.15634146260192622,0.15634146260191786,0.15634146260192622,0.1563414626019394,0.1563414626019469,0.15634146260193438,0.15634146260192622,0.15634146260193438,0.1563414626019469,0.15634146260195883,0.1563414626019469,0.1563414626019394,0.1563414626019469,0.15634146260195883,0.1549459146567375,0.1549459146567012,0.15494591465667826,0.1549459146567012,0.1549459146567375,0.1549459146567012,0.15494591465666163,0.15494591465663604,0.15494591465666163,0.1549459146567012,0.15494591465667826,0.15494591465663604,0.1549459146566086,0.15494591465663604,0.15494591465667826,0.1549459146567012,0.15494591465666163,0.15494591465663604,0.15494591465666163,0.1549459146567012,0.1549459146567375,0.1549459146567012,0.15494591465667826,0.1549459146567012,0.1549459146567375,0.1535782206898716,0.15357822068976315,0.15357822068969265,0.15357822068976315,0.1535782206898716,0.15357822068976315,0.15357822068963944,0.1535782206895571,0.15357822068963944,0.15357822068976315,0.15357822068969265,0.1535782206895571,0.15357822068946508,0.1535782206895571,0.15357822068969265,0.15357822068976315,0.15357822068963944,0.1535782206895571,0.15357822068963944,0.15357822068976315,0.1535782206898716,0.15357822068976315,0.15357822068969265,0.15357822068976315,0.1535782206898716,0.15223780384401803,0.15223780384369995,0.15223780384348692,0.15223780384369995,0.15223780384401803,0.15223780384369995,0.1522378038433165,0.15223780384304642,0.1522378038433165,0.15223780384369995,0.15223780384348692,0.15223780384304642,0.1522378038427297,0.15223780384304642,0.15223780384348692,0.15223780384369995,0.1522378038433165,0.15223780384304642,0.1522378038433165,0.15223780384369995,0.15223780384401803,0.15223780384369995,0.15223780384348692,0.15223780384369995,0.15223780384401803,0.1509240929252043,0.15092409292430337,0.15092409292367176,0.15092409292430337,0.1509240929252043,0.15092409292430337,0.15092409292313178,0.15092409292224898,0.15092409292313178,0.15092409292430337,0.15092409292367176,0.15092409292224898,0.15092409292111805,0.15092409292224898,0.15092409292367176,0.15092409292430337,0.15092409292313178,0.15092409292224898,0.15092409292313178,0.15092409292430337,0.1509240929252043,0.15092409292430337,0.15092409292367176,0.15092409292430337,0.1509240929252043,0.1496365230729113,0.14963652307048708,0.1496365230686607,0.14963652307048708,0.1496365230729113,0.14963652307048708,0.14963652306700795,0.1496365230640571,0.14963652306700795,0.14963652307048708,0.1496365230686607,0.1496365230640571,0.1496365230596819,0.1496365230640571,0.1496365230686607,0.14963652307048708,0.14963652306700795,0.1496365230640571,0.14963652306700795,0.14963652307048708,0.1496365230729113,0.14963652307048708,0.1496365230686607,0.14963652307048708,0.1496365230729113,0.14837453634668774,0.14837453634067932,0.14837453633564188,0.14837453634067932,0.14837453634668774,0.14837453634067932,0.14837453633083775,0.14837453632081382,0.14837453633083775,0.14837453634067932,0.14837453633564188,0.14837453632081382,0.1483745363019973,0.14837453632081382,0.14837453633564188,0.14837453634067932,0.14837453633083775,0.14837453632081382,0.14837453633083775,0.14837453634067932,0.14837453634668774,0.14837453634067932,0.14837453633564188,0.14837453634067932,0.14837453634668774,0.14713758223683002,0.14713758222392603,0.14713758221136808,0.14713758222392603,0.14713758223683002,0.14713758222392603,0.1471375821988025,0.14713758216549566,0.1471375821988025,0.14713758222392603,0.14713758221136808,0.14713758216549566,0.1471375820739812,0.14713758216549566,0.14713758221136808,0.14713758222392603,0.1471375821988025,0.14713758216549566,0.1471375821988025,0.14713758222392603,0.14713758223683002,0.14713758222392603,0.14713758221136808,0.14713758222392603,0.14713758223683002,0.14592511810485728,0.14592511808388667,0.1459251180595341,0.14592511808388667,0.14592511810485728,0.14592511808388667,0.14592511803447958,0.14592511794011273,0.14592511803447958,0.14592511808388667,0.1459251180595341,0.14592511794011273,0.14592511743653278,0.14592511794011273,0.1459251180595341,0.14592511808388667,0.14592511803447958,0.14592511794011273,0.14592511803447958,0.14592511808388667,0.14592511810485728,0.14592511808388667,0.1459251180595341,0.14592511808388667,0.14592511810485728,0.14473660955262782,0.1447366095346834,0.1447366095168971,0.1447366095346834,0.14473660955262782,0.1447366095346834,0.1447366094990246,0.14473660944916494,0.1447366094990246,0.1447366095346834,0.1447366095168971,0.14473660944916494,0.1447366092869664,0.14473660944916494,0.1447366095168971,0.1447366095346834,0.1447366094990246,0.14473660944916494,0.1447366094990246,0.1447366095346834,0.14473660955262782,0.1447366095346834,0.1447366095168971,0.1447366095346834,0.14473660955262782,0.14357153071178358,0.14357153069649103,0.1435715306818934,0.14357153069649103,0.14357153071178358,0.14357153069649103,0.14357153066740116,0.14357153062779246,0.14357153066740116,0.14357153069649103,0.1435715306818934,0.14357153062779246,0.1435715304886005,0.14357153062779246,0.1435715306818934,0.14357153069649103,0.14357153066740116,0.14357153062779246,0.14357153066740116,0.14357153069649103,0.14357153071178358,0.14357153069649103,0.1435715306818934,0.14357153069649103,0.14357153071178358,0.14242936452853408,0.14242936451365465,0.1424293644986702,0.14242936451365465,0.14242936452853408,0.14242936451365465,0.14242936448359567,0.14242936443865842,0.14242936448359567,0.14242936451365465,0.1424293644986702,0.14242936443865842,0.1424293642613729,0.14242936443865842,0.1424293644986702,0.14242936451365465,0.14242936448359567,0.14242936443865842,0.14242936448359567,0.14242936451365465,0.14242936452853408,0.14242936451365465,0.1424293644986702,0.14242936451365465,0.14242936452853408,0.14130960298039852,0.14130960296634576,0.141309602950834,0.14130960296634576,0.14130960298039852,0.14130960296634576,0.1413096029348627,0.14130960288203825,0.1413096029348627,0.14130960296634576,0.141309602950834,0.14130960288203825,0.1413096026520485,0.14130960288203825,0.141309602950834,0.14130960296634576,0.1413096029348627,0.14130960288203825,0.1413096029348627,0.14130960296634576,0.14130960298039852,0.14130960296634576,0.141309602950834,0.14130960296634576,0.14130960298039852,0.1402117472396935,0.14021174723146382,0.14021174722039684,0.14021174723146382,0.1402117472396935,0.14021174723146382,0.14021174720857946,0.14021174716098178,0.14021174720857946,0.14021174723146382,0.14021174722039684,0.14021174716098178,0.1402117469090901,0.14021174716098178,0.14021174722039684,0.14021174723146382,0.14021174720857946,0.14021174716098178,0.14021174720857946,0.14021174723146382,0.1402117472396935,0.14021174723146382,0.14021174722039684,0.14021174723146382,0.1402117472396935,0.13913530779318592,0.13913530780041194,0.1391353078057754,0.13913530780041194,0.13913530779318592,0.13913530780041194,0.13913530781069744,0.13913530781773897,0.13913530781069744,0.13913530780041194,0.1391353078057754,0.13913530781773897,0.13913530781835226,0.13913530781773897,0.1391353078057754,0.13913530780041194,0.13913530781069744,0.13913530781773897,0.13913530781069744,0.13913530780041194,0.13913530779318592,0.13913530780041194,0.1391353078057754,0.13913530780041194,0.13913530779318592,0.13807980452560215,0.13807980455470356,0.13807980458412314,0.13807980455470356,0.13807980452560215,0.13807980455470356,0.13807980461396907,0.1380798046958869,0.13807980461396907,0.13807980455470356,0.13807980458412314,0.1380798046958869,0.13807980492835087,0.1380798046958869,0.13807980458412314,0.13807980455470356,0.13807980461396907,0.1380798046958869,0.13807980461396907,0.13807980455470356,0.13807980452560215,0.13807980455470356,0.13807980458412314,0.13807980455470356,0.13807980452560215,0.1370447667868638,0.13704476683669978,0.13704476689736025,0.13704476683669978,0.1370447667868638,0.13704476683669978,0.1370447669603176,0.13704476720935718,0.1370447669603176,0.13704476683669978,0.13704476689736025,0.13704476720935718,0.13704476859199133,0.13704476720935718,0.13704476689736025,0.13704476683669978,0.1370447669603176,0.13704476720935718,0.1370447669603176,0.13704476683669978,0.1370447667868638,0.13704476683669978,0.13704476689736025,0.13704476683669978,0.1370447667868638,0.13602973343928304,0.13602973347425534,0.13602973350854308,0.13602973347425534,0.13602973343928304,0.13602973347425534,0.1360297335429637,0.13602973363496887,0.1360297335429637,0.13602973347425534,0.13602973350854308,0.13602973363496887,0.13602973389050013,0.13602973363496887,0.13602973350854308,0.13602973347425534,0.1360297335429637,0.13602973363496887,0.1360297335429637,0.13602973347425534,0.13602973343928304,0.13602973347425534,0.13602973350854308,0.13602973347425534,0.13602973343928304,0.1350342529343508,0.13503425295629043,0.13503425297441515,0.13503425295629043,0.1350342529343508,0.13503425295629043,0.1350342529916247,0.13503425302668035,0.1350342529916247,0.13503425295629043,0.13503425297441515,0.13503425302668035,0.13503425309046013,0.13503425302668035,0.13503425297441515,0.13503425295629043,0.1350342529916247,0.13503425302668035,0.1350342529916247,0.13503425295629043,0.1350342529343508,0.13503425295629043,0.13503425297441515,0.13503425295629043,0.13503425293435065
0.16533248752761612,0.16533248752761612,0.16533248752761612,0.16533248752761612,0.16533248752761612,0.16533248752761612,0.16533248752761612,0.16533248752761612,0.16533248752761612,0.16533248752761612,0.16533248752761612,0.16533248752761612,0.16533248752761612,0.16533248752761612,0.16533248752761612,0.16533248752761612,0.16533248752761612,0.16533248752761612,0.16533248752761612,0.16533248752761612,0.16533248752761612,0.16533248752761612,0.16533248752761612,0.16533248752761612,0.16533248752761612,0.16375749381400123,0.16375749381400123,0.16375749381400098,0.16375749381400123,0.16375749381400123,0.16375749381400123,0.16375749381400098,0.16375749381400098,0.16375749381400098,0.16375749381400098,0.16375749381400098,0.16375749381400098,0.16375749381400098,0.16375749381400098,0.16375749381400098,0.16375749381400123,0.16375749381400098,0.16375749381400098,0.16375749381400098,0.16375749381400123,0.16375749381400123,0.16375749381400098,0.16375749381400098,0.16375749381400123,0.16375749381400123,0.16221388403222484,0.16221388403222461,0.16221388403222461,0.16221388403222461,0.16221388403222484,0.16221388403222461,0.16221388403222461,0.16221388403222436,0.16221388403222461,0.16221388403222461,0.16221388403222461,0.16221388403222436,0.16221388403222436,0.16221388403222436,0.16221388403222461,0.16221388403222461,0.16221388403222461,0.16221388403222436,0.16221388403222461,0.16221388403222461,0.16221388403222484,0.16221388403222461,0.16221388403222461,0.16221388403222461,0.16221388403222484,0.1607010671393285,0.16070106713932805,0.16070106713932783,0.16070106713932805,0.1607010671393285,0.16070106713932805,0.16070106713932758,0.16070106713932739,0.16070106713932758,0.16070106713932805,0.16070106713932783,0.16070106713932739,0.16070106713932716,0.16070106713932739,0.16070106713932783,0.16070106713932805,0.16070106713932758,0.16070106713932739,0.16070106713932758,0.16070106713932805,0.1607010671393285,0.16070106713932805,0.16070106713932783,0.16070106713932805,0.1607010671393285,0.1592184515102914,0.15921845151029035,0.15921845151028946,0.15921845151029035,0.1592184515102914,0.15921845151029035,0.15921845151028904,0.15921845151028816,0.15921845151028904,0.15921845151029035,0.15921845151028946,0.15921845151028816,0.15921845151028727,0.15921845151028816,0.15921845151028946,0.15921845151029035,0.15921845151028904,0.15921845151028816,0.15921845151028904,0.15921845151029035,0.1592184515102914,0.15921845151029035,0.15921845151028946,0.15921845151029035,0.1592184515102914,0.15776544628988315,0.1577654462898793,0.15776544628987696,0.1577654462898793,0.15776544628988315,0.1577654462898793,0.15776544628987524,0.15776544628987293,0.15776544628987524,0.1577654462898793,0.15776544628987696,0.15776544628987293,0.15776544628987035,0.15776544628987293,0.15776544628987696,0.1577654462898793,0.15776544628987524,0.15776544628987293,0.15776544628987524,0.1577654462898793,0.15776544628988315,0.1577654462898793,0.15776544628987696,0.1577654462898793,0.15776544628988315,0.15634146260698784,0.15634146260697615,0.1563414626069686,0.15634146260697615,0.15634146260698784,0.15634146260697615,0.1563414626069636,0.15634146260695564,0.1563414626069636,0.15634146260697615,0.1563414626069686,0.15634146260695564,0.1563414626069475,0.15634146260695564,0.1563414626069686,0.15634146260697615,0.1563414626069636,0.15634146260695564,0.1563414626069636,0.15634146260697615,0.15634146260698784,0.15634146260697615,0.1563414626069686,0.15634146260697615,0.15634146260698784,0.15494591466167265,0.15494591466163699,0.15494591466161445,0.15494591466163699,0.15494591466167265,0.15494591466163699,0.15494591466159804,0.15494591466157306,0.15494591466159804,0.15494591466163699,0.15494591466161445,0.15494591466157306,0.154945914661546,0.15494591466157306,0.15494591466161445,0.15494591466163699,0.15494591466159804,0.15494591466157306,0.15494591466159804,0.15494591466163699,0.15494591466167265,0.15494591466163699,0.15494591466161445,0.15494591466163699,0.15494591466167265,0.15357822069471494,0.15357822069460808,0.15357822069453878,0.15357822069460808,0.15357822069471494,0.15357822069460808,0.15357822069448657,0.1535782206944056,0.15357822069448657,0.15357822069460808,0.15357822069453878,0.1535782206944056,0.15357822069431507,0.1535782206944056,0.15357822069453878,0.15357822069460808,0.15357822069448657,0.1535782206944056,0.15357822069448657,0.15357822069460808,0.15357822069471494,0.15357822069460808,0.15357822069453878,0.15357822069460808,0.15357822069471494,0.15223780384876853,0.15223780384845556,0.15223780384824592,0.15223780384845556,0.15223780384876853,0.15223780384845556,0.15223780384807822,0.1522378038478127,0.15223780384807822,0.15223780384845556,0.15223780384824592,0.1522378038478127,0.1522378038475011,0.1522378038478127,0.15223780384824592,0.15223780384845556,0.15223780384807822,0.1522378038478127,0.15223780384807822,0.15223780384845556,0.15223780384876853,0.15223780384845556,0.15223780384824592,0.15223780384845556,0.15223780384876853,0.15092409292985426,0.15092409292896758,0.15092409292834583,0.15092409292896758,0.15092409292985426,0.15092409292896758,0.15092409292781467,0.15092409292694617,0.15092409292781467,0.15092409292896758,0.15092409292834583,0.15092409292694617,0.15092409292583361,0.15092409292694617,0.15092409292834583,0.15092409292896758,0.15092409292781467,0.15092409292694617,0.15092409292781467,0.15092409292896758,0.15092409292985426,0.15092409292896758,0.15092409292834583,0.15092409292896758,0.15092409292985426,0.14963652307743347,0.14963652307504702,0.1496365230732498,0.14963652307504702,0.14963652307743347,0.14963652307504702,0.14963652307162328,0.1496365230687203,0.14963652307162328,0.14963652307504702,0.1496365230732498,0.1496365230687203,0.1496365230644171,0.1496365230687203,0.1496365230732498,0.14963652307504702,0.14963652307162328,0.1496365230687203,0.14963652307162328,0.14963652307504702,0.14963652307743347,0.14963652307504702,0.1496365230732498,0.14963652307504702,0.14963652307743347,0.14837453635100536,0.14837453634508924,0.14837453634013112,0.14837453634508924,0.14837453635100536,0.14837453634508924,0.14837453633540318,0.14837453632554176,0.14837453633540318,0.14837453634508924,0.14837453634013112,0.14837453632554176,0.14837453630703898,0.14837453632554176,0.14837453634013112,0.14837453634508924,0.14837453633540318,0.14837453632554176,0.14837453633540318,0.14837453634508924,0.14837453635100536,0.14837453634508924,0.14837453634013112,0.14837453634508924,0.14837453635100536,0.14713758224075238,0.14713758222804038,0.14713758221567586,0.14713758222804038,0.14713758224075238,0.14713758222804038,0.14713758220330594,0.14713758217053863,0.14713758220330594,0.14713758222804038,0.14713758221567586,0.14713758217053863,0.1471375820805677,0.14713758217053863,0.14713758221567586,0.14713758222804038,0.14713758220330594,0.14713758217053863,0.14713758220330594,0.14713758222804038,0.14713758224075238,0.14713758222804038,0.14713758221567586,0.14713758222804038,0.14713758224075238,0.1459251181079846,0.14592511808729963,0.14592511806330086,0.14592511808729963,0.1459251181079846,0.14592511808729963,0.14592511803861422,0.14592511794574417,0.14592511803861422,0.14592511808729963,0.14592511806330086,0.14592511794574417,0.1459251174507277,0.14592511794574417,0.14592511806330086,0.14592511808729963,0.14592511803861422,0.14592511794574417,0.14592511803861422,0.14592511808729963,0.1459251181079846,0.14592511808729963,0.14592511806330086,0.14592511808729963,0.1459251181079846,0.14473660955436055,0.14473660953657044,0.1447366095189215,0.14473660953657044,0.14473660955436055,0.14473660953657044,0.14473660950118467,0.14473660945158875,0.14473660950118467,0.14473660953657044,0.1447366095189215,0.14473660945158875,0.14473660928932214,0.14473660945158875,0.1447366095189215,0.14473660953657044,0.14473660950118467,0.14473660945158875,0.14473660950118467,0.14473660953657044,0.14473660955436055,0.14473660953657044,0.1447366095189215,0.14473660953657044,0.14473660955436055,0.14357153071178427,0.14357153069656856,0.14357153068202397,0.14357153069656856,0.14357153071178427,0.14357153069656856,0.14357153066757963,0.1435715306280074,0.14357153066757963,0.14357153069656856,0.14357153068202397,0.1435715306280074,0.1435715304884891,0.1435715306280074,0.14357153068202397,0.14357153069656856,0.14357153066757963,0.1435715306280074,0.14357153066757963,0.14357153069656856,0.14357153071178427,0.14357153069656856,0.14357153068202397,0.14357153069656856,0.14357153071178427,0.14242936452662053,0.1424293645118176,0.1424293644969041,0.1424293645118176,0.14242936452662053,0.1424293645118176,0.14242936448189883,0.14242936443714765,0.14242936448189883,0.1424293645118176,0.1424293644969041,0.14242936443714765,0.1424293642605053,0.14242936443714765,0.1424293644969041,0.1424293645118176,0.14242936448189883,0.14242936443714765,0.14242936448189883,0.1424293645118176,0.14242936452662053,0.1424293645118176,0.1424293644969041,0.1424293645118176,0.14242936452662053,0.14130960297638553,0.141309602962428,0.14130960294702627,0.141309602962428,0.14130960297638553,0.141309602962428,0.14130960293116962,0.14130960287874253,0.14130960293116962,0.141309602962428,0.14130960294702627,0.14130960287874253,0.14130960265057338,0.14130960287874253,0.14130960294702627,0.141309602962428,0.14130960293116962,0.14130960287874253,0.14130960293116962,0.141309602962428,0.14130960297638553,0.141309602962428,0.14130960294702627,0.141309602962428,0.14130960297638553,0.14021174723335353,0.14021174722518753,0.14021174721421636,0.14021174722518753,0.14021174723335353,0.14021174722518753,0.14021174720250296,0.14021174715535825,0.14021174720250296,0.14021174722518753,0.14021174721421636,0.14021174715535825,0.1402117469059731,0.14021174715535825,0.14021174721421636,0.14021174722518753,0.14021174720250296,0.14021174715535825,0.14021174720250296,0.14021174722518753,0.14021174723335353,0.14021174722518753,0.14021174721421636,0.14021174722518753,0.14021174723335353,0.1391353077843522,0.1391353077915017,0.13913530779680922,0.1391353077915017,0.1391353077843522,0.1391353077915017,0.13913530780168,0.13913530780865035,0.13913530780168,0.1391353077915017,0.13913530779680922,0.13913530780865035,0.13913530780926556,0.13913530780865035,0.13913530779680922,0.1391353077915017,0.13913530780168,0.13913530780865035,0.13913530780168,0.1391353077915017,0.1391353077843522,0.1391353077915017,0.13913530779680922,0.1391353077915017,0.1391353077843522,0.13807980451439406,0.13807980454320867,0.13807980457233923,0.13807980454320867,0.13807980451439406,0.13807980454320867,0.1380798046018923,0.13807980468300746,0.1380798046018923,0.13807980454320867,0.13807980457233923,0.13807980468300746,0.13807980491319652,0.13807980468300746,0.13807980457233923,0.13807980454320867,0.1380798046018923,0.13807980468300746,0.1380798046018923,0.13807980454320867,0.13807980451439406,0.13807980454320867,0.13807980457233923,0.13807980454320867,0.13807980451439406,0.13704476677383456,0.13704476682318206,0.13704476688324835,0.13704476682318206,0.13704476677383456,0.13704476682318206,0.1370447669455893,0.13704476719219078,0.1370447669455893,0.13704476682318206,0.13704476688324835,0.13704476719219078,0.1370447685612908,0.13704476719219078,0.13704476688324835,0.13704476682318206,0.1370447669455893,0.13704476719219078,0.1370447669455893,0.13704476682318206,0.13704476677383456,0.13704476682318206,0.13704476688324835,0.13704476682318206,0.13704476677383456,0.1360297334254081,0.13602973346003774,0.13602973349398984,0.13602973346003774,0.1360297334254081,0.13602973346003774,0.1360297335280735,0.1360297336191776,0.1360297335280735,0.13602973346003774,0.13602973349398984,0.1360297336191776,0.13602973387220746,0.1360297336191776,0.13602973349398984,0.13602973346003774,0.1360297335280735,0.1360297336191776,0.1360297335280735,0.13602973346003774,0.1360297334254081,0.13602973346003774,0.13602973349398984,0.13602973346003774,0.1360297334254081,0.1350342529203152,0.13503425294204002,0.13503425295998722,0.13503425294204002,0.1350342529203152,0.13503425294204002,0.1350342529770283,0.1350342530117406,0.1350342529770283,0.13503425294204002,0.13503425295998722,0.1350342530117406,0.13503425307489605,0.1350342530117406,0.13503425295998722,0.13503425294204002,0.1350342529770283,0.1350342530117406,0.1350342529770283,0.13503425294204002,0.1350342529203152,0.13503425294204002,0.13503425295998722,0.13503425294204002,0.1350342529203152
0.16533248753340657,0.16533248753340657,0.16533248753340632,0.16533248753340632,0.16533248753340657,0.16533248753340657,0.16533248753340632,0.16533248753340632,0.16533248753340632,0.16533248753340657,0.16533248753340632,0.16533248753340632,0.16533248753340632,0.16533248753340632,0.16533248753340632,0.16533248753340632,0.16533248753340632,0.16533248753340632,0.16533248753340632,0.16533248753340632,0.16533248753340657,0.16533248753340657,0.16533248753340632,0.16533248753340632,0.16533248753340657,0.16375749381967727,0.16375749381967727,0.16375749381967727,0.16375749381967727,0.16375749381967727,0.16375749381967727,0.16375749381967727,0.16375749381967727,0.16375749381967727,0.16375749381967727,0.16375749381967727,0.16375749381967727,0.16375749381967727,0.16375749381967727,0.16375749381967727,0.16375749381967727,0.16375749381967727,0.16375749381967727,0.16375749381967727,0.16375749381967727,0.16375749381967727,0.16375749381967727,0.16375749381967727,0.16375749381967727,0.16375749381967727,0.16221388403778975,0.16221388403778975,0.16221388403778975,0.16221388403778975,0.16221388403778975,0.16221388403778975,0.1622138840377895,0.1622138840377895,0.1622138840377895,0.16221388403778975,0.16221388403778975,0.1622138840377895,0.1622138840377895,0.1622138840377895,0.16221388403778975,0.16221388403778975,0.1622138840377895,0.1622138840377895,0.1622138840377895,0.16221388403778975,0.16221388403778975,0.16221388403778975,0.16221388403778975,0.16221388403778975,0.16221388403778975,0.16070106714478546,0.16070106714478524,0.160701067144785,0.16070106714478524,0.16070106714478546,0.16070106714478524,0.1607010671447848,0.16070106714478458,0.1607010671447848,0.16070106714478524,0.160701067144785,0.16070106714478458,0.16070106714478435,0.16070106714478458,0.1607010671447848,0.16070106714478524,0.1607010671447848,0.16070106714478458,0.1607010671447848,0.16070106714478524,0.16070106714478546,0.16070106714478524,0.1607010671447848,0.16070106714478524,0.16070106714478546,0.15921845151564376,0.15921845151564248,0.15921845151564182,0.15921845151564248,0.15921845151564376,0.15921845151564248,0.15921845151564137,0.1592184515156405,0.15921845151564137,0.15921845151564248,0.15921845151564182,0.1592184515156405,0.15921845151563963,0.1592184515156405,0.15921845151564182,0.15921845151564248,0.15921845151564137,0.1592184515156405,0.15921845151564137,0.15921845151564248,0.15921845151564376,0.15921845151564248,0.15921845151564182,0.15921845151564248,0.15921845151564376,0.1577654462951335,0.15776544629512984,0.15776544629512754,0.15776544629512984,0.1577654462951335,0.15776544629512984,0.15776544629512604,0.15776544629512346,0.15776544629512604,0.15776544629512984,0.15776544629512754,0.15776544629512346,0.1577654462951209,0.15776544629512346,0.15776544629512754,0.15776544629512984,0.15776544629512604,0.15776544629512346,0.15776544629512604,0.15776544629512984,0.1577654462951335,0.15776544629512984,0.15776544629512754,0.15776544629512984,0.1577654462951335,0.1563414626121394,0.15634146261212792,0.1563414626121206,0.15634146261212792,0.1563414626121394,0.15634146261212792,0.15634146261211557,0.15634146261210782,0.15634146261211557,0.15634146261212792,0.1563414626121206,0.15634146261210782,0.15634146261209989,0.15634146261210782,0.1563414626121206,0.15634146261212792,0.15634146261211557,0.15634146261210782,0.15634146261211557,0.15634146261212792,0.1563414626121394,0.15634146261212792,0.1563414626121206,0.15634146261212792,0.1563414626121394,0.1549459146667281,0.15494591466669305,0.15494591466667074,0.15494591466669305,0.1549459146667281,0.15494591466669305,0.15494591466665472,0.15494591466663016,0.15494591466665472,0.15494591466669305,0.15494591466667074,0.15494591466663016,0.1549459146666037,0.15494591466663016,0.15494591466667074,0.15494591466669305,0.15494591466665472,0.15494591466663016,0.15494591466665472,0.15494591466669305,0.1549459146667281,0.15494591466669305,0.15494591466667074,0.15494591466669305,0.1549459146667281,0.15357822069967575,0.15357822069957092,0.15357822069950283,0.15357822069957092,0.15357822069967575,0.15357822069957092,0.1535782206994514,0.15357822069937185,0.1535782206994514,0.15357822069957092,0.15357822069950283,0.15357822069937185,0.1535782206992831,0.15357822069937185,0.15357822069950283,0.15357822069957092,0.1535782206994514,0.15357822069937185,0.1535782206994514,0.15357822069957092,0.15357822069967575,0.15357822069957092,0.15357822069950283,0.15357822069957092,0.15357822069967575,0.1522378038536338,0.15223780385332636,0.15223780385312044,0.15223780385332636,0.1522378038536338,0.15223780385332636,0.1522378038529557,0.15223780385269492,0.1522378038529557,0.15223780385332636,0.15223780385312044,0.15223780385269492,0.1522378038523886,0.15223780385269492,0.15223780385312044,0.15223780385332636,0.1522378038529557,0.15223780385269492,0.1522378038529557,0.15223780385332636,0.1522378038536338,0.15223780385332636,0.15223780385312044,0.15223780385332636,0.1522378038536338,0.1509240929346157,0.15092409293374412,0.1509240929331331,0.15092409293374412,0.1509240929346157,0.15092409293374412,0.15092409293261125,0.1509240929317576,0.15092409293261125,0.15092409293374412,0.1509240929331331,0.1509240929317576,0.15092409293066472,0.1509240929317576,0.1509240929331331,0.15092409293374412,0.15092409293261125,0.1509240929317576,0.15092409293261125,0.15092409293374412,0.1509240929346157,0.15092409293374412,0.1509240929331331,0.15092409293374412,0.1509240929346157,0.1496365230820624,0.1496365230797159,0.1496365230779491,0.1496365230797159,0.1496365230820624,0.1496365230797159,0.14963652307635075,0.14963652307349823,0.14963652307635075,0.1496365230797159,0.1496365230779491,0.14963652307349823,0.14963652306927147,0.14963652307349823,0.1496365230779491,0.1496365230797159,0.14963652307635075,0.14963652307349823,0.14963652307635075,0.1496365230797159,0.1496365230820624,0.1496365230797159,0.1496365230779491,0.1496365230797159,0.1496365230820624,0.14837453635542047,0.14837453634960185,0.1483745363447271,0.14837453634960185,0.14837453635542047,0.14837453634960185,0.14837453634007977,0.14837453633039074,0.14837453634007977,0.14837453634960185,0.1483745363447271,0.14837453633039074,0.14837453631222042,0.14837453633039074,0.1483745363447271,0.14837453634960185,0.14837453634007977,0.14837453633039074,0.14837453634007977,0.14837453634960185,0.14837453635542047,0.14837453634960185,0.1483745363447271,0.14837453634960185,0.14837453635542047,0.1471375822447521,0.14713758223224227,0.14713758222008216,0.14713758223224227,0.1471375822447521,0.14713758223224227,0.14713758220791895,0.1471375821757228,0.14713758220791895,0.14713758223224227,0.14713758222008216,0.1471375821757228,0.14713758208738859,0.1471375821757228,0.14713758222008216,0.14713758223224227,0.14713758220791895,0.1471375821757228,0.14713758220791895,0.14713758223224227,0.1471375822447521,0.14713758223224227,0.14713758222008216,0.14713758223224227,0.1471375822447521,0.14592511811114775,0.14592511809076208,0.14592511806713582,0.14592511809076208,0.14592511811114775,0.14592511809076208,0.14592511804283648,0.14592511795154942,0.14592511804283648,0.14592511809076208,0.14592511806713582,0.14592511795154942,0.14592511746564624,0.14592511795154942,0.14592511806713582,0.14592511809076208,0.14592511804283648,0.14592511795154942,0.14592511804283648,0.14592511809076208,0.14592511811114775,0.14592511809076208,0.14592511806713582,0.14592511809076208,0.14592511811114775,0.14473660955605874,0.14473660953842415,0.14473660952091244,0.14473660953842415,0.14473660955605874,0.14473660953842415,0.14473660950331083,0.1447366094539684,0.14473660950331083,0.14473660953842415,0.14473660952091244,0.1447366094539684,0.14473660929151258,0.1447366094539684,0.14473660952091244,0.14473660953842415,0.14473660950331083,0.1447366094539684,0.14473660950331083,0.14473660953842415,0.14473660955605874,0.14473660953842415,0.14473660952091244,0.14473660953842415,0.14473660955605874,0.1435715307116768,0.1435715306965299,0.14357153068202877,0.1435715306965299,0.1435715307116768,0.1435715306965299,0.14357153066762207,0.14357153062804862,0.14357153066762207,0.1435715306965299,0.14357153068202877,0.14357153062804862,0.14357153048796395,0.14357153062804862,0.14357153068202877,0.1435715306965299,0.14357153066762207,0.14357153062804862,0.14357153066762207,0.1435715306965299,0.1435715307116768,0.1435715306965299,0.14357153068202877,0.1435715306965299,0.1435715307116768,0.14242936452454075,0.14242936450980304,0.14242936449494795,0.14242936450980304,0.14242936452454075,0.14242936450980304,0.1424293644799997,0.14242936443539378,0.1424293644799997,0.14242936450980304,0.14242936449494795,0.14242936443539378,0.14242936425927383,0.14242936443539378,0.14242936449494795,0.14242936450980304,0.1424293644799997,0.14242936443539378,0.1424293644799997,0.14242936450980304,0.14242936452454075,0.14242936450980304,0.14242936449494795,0.14242936450980304,0.14242936452454075,0.1413096029721703,0.14130960295829695,0.14130960294299358,0.14130960295829695,0.1413096029721703,0.14130960295829695,0.14130960292723937,0.14130960287517197,0.14130960292723937,0.14130960295829695,0.14130960294299358,0.14130960287517197,0.1413096026486212,0.14130960287517197,0.14130960294299358,0.14130960295829695,0.14130960292723937,0.14130960287517197,0.14130960292723937,0.14130960295829695,0.1413096029721703,0.14130960295829695,0.14130960294299358,0.14130960295829695,0.1413096029721703,0.14021174722679747,0.14021174721868662,0.1402117472078022,0.14021174721868662,0.14021174722679747,0.14021174721868662,0.1402117471961838,0.14021174714946139,0.1402117471961838,0.14021174721868662,0.1402117472078022,0.14021174714946139,0.1402117469024957,0.14021174714946139,0.1402117472078022,0.14021174721868662,0.1402117471961838,0.14021174714946139,0.1402117471961838,0.14021174721868662,0.14021174722679747,0.14021174721868662,0.1402117472078022,0.14021174721868662,0.14021174722679747,0.139135307775306,0.13913530778237515,0.13913530778762276,0.13913530778237515,0.139135307775306,0.13913530778237515,0.139135307792439,0.1391353077993292,0.139135307792439,0.13913530778237515,0.13913530778762276,0.1391353077993292,0.13913530779992322,0.1391353077993292,0.13913530778762276,0.13913530778237515,0.139135307792439,0.1391353077993292,0.139135307792439,0.13913530778237515,0.139135307775306,0.13913530778237515,0.13913530778762276,0.13913530778237515,0.139135307775306,0.13807980450298518,0.13807980453151264,0.1380798045603542,0.13807980453151264,0.13807980450298518,0.13807980453151264,0.1380798045896144,0.13807980466992864,0.1380798045896144,0.13807980453151264,0.1380798045603542,0.13807980466992864,0.13807980489785004,0.13807980466992864,0.1380798045603542,0.13807980453151264,0.1380798045896144,0.13807980466992864,0.1380798045896144,0.13807980453151264,0.13807980450298518,0.13807980453151264,0.1380798045603542,0.13807980453151264,0.13807980450298518,0.13704476676061728,0.13704476680947808,0.13704476686895292,0.13704476680947808,0.13704476676061728,0.13704476680947808,0.1370447669306801,0.13704476717485578,0.1370447669306801,0.13704476680947808,0.13704476686895292,0.13704476717485578,0.13704476853049816,0.13704476717485578,0.13704476686895292,0.13704476680947808,0.1370447669306801,0.13704476717485578,0.1370447669306801,0.13704476680947808,0.13704476676061728,0.13704476680947808,0.13704476686895292,0.13704476680947808,0.13704476676061728,0.13602973341135363,0.13602973344564243,0.13602973347926023,0.13602973344564243,0.13602973341135363,0.13602973344564243,0.13602973351300854,0.13602973360321652,0.13602973351300854,0.13602973344564243,0.13602973347926023,0.13602973360321652,0.1360297338537578,0.13602973360321652,0.13602973347926023,0.13602973344564243,0.13602973351300854,0.13602973360321652,0.13602973351300854,0.13602973344564243,0.13602973341135363,0.13602973344564243,0.13602973347926023,0.13602973344564243,0.13602973341135363,0.13503425290610563,0.13503425292761664,0.13503425294538732,0.13503425292761664,0.13503425290610563,0.13503425292761664,0.13503425296226063,0.13503425299663147,0.13503425296226063,0.13503425292761664,0.13503425294538732,0.13503425299663147,0.13503425305916572,0.13503425299663147,0.13503425294538732,0.13503425292761664,0.13503425296226063,0.13503425299663147,0.13503425296226063,0.13503425292761664,0.13503425290610563,0.13503425292761664,0.13503425294538732,0.13503425292761664,0.13503425290610563
0.16533248753933477,0.16533248753933477,0.16533248753933477,0.16533248753933477,0.16533248753933477,0.16533248753933477,0.16533248753933477,0.16533248753933477,0.16533248753933477,0.16533248753933477,0.16533248753933477,0.16533248753933477,0.16533248753933477,0.16533248753933477,0.16533248753933477,0.16533248753933477,0.16533248753933477,0.16533248753933477,0.16533248753933477,0.16533248753933477,0.16533248753933477,0.16533248753933477,0.16533248753933477,0.16533248753933477,0.16533248753933477,0.16375749382548885,0.16375749382548885,0.16375749382548885,0.16375749382548885,0.16375749382548885,0.16375749382548885,0.16375749382548885,0.16375749382548885,0.16375749382548885,0.16375749382548885,0.16375749382548885,0.16375749382548885,0.1637574938254886,0.16375749382548885,0.16375749382548885,0.16375749382548885,0.16375749382548885,0.16375749382548885,0.16375749382548885,0.16375749382548885,0.16375749382548885,0.16375749382548885,0.16375749382548885,0.16375749382548885,0.16375749382548885,0.1622138840434875,0.1622138840434875,0.1622138840434875,0.1622138840434875,0.1622138840434875,0.1622138840434875,0.1622138840434873,0.1622138840434873,0.1622138840434873,0.1622138840434875,0.1622138840434875,0.1622138840434873,0.1622138840434873,0.1622138840434873,0.1622138840434875,0.1622138840434875,0.1622138840434873,0.1622138840434873,0.1622138840434873,0.1622138840434875,0.1622138840434875,0.1622138840434875,0.1622138840434875,0.1622138840434875,0.1622138840434875,0.1607010671503726,0.16070106715037216,0.16070106715037194,0.16070106715037216,0.1607010671503726,0.16070106715037216,0.16070106715037194,0.16070106715037172,0.16070106715037194,0.16070106715037216,0.16070106715037194,0.16070106715037172,0.1607010671503713,0.1607010671503715,0.16070106715037194,0.16070106715037216,0.16070106715037194,0.1607010671503715,0.16070106715037194,0.16070106715037216,0.1607010671503726,0.16070106715037216,0.16070106715037194,0.16070106715037216,0.1607010671503726,0.15921845152112324,0.15921845152112216,0.15921845152112132,0.15921845152112216,0.15921845152112324,0.15921845152112216,0.15921845152112088,0.1592184515211202,0.15921845152112088,0.15921845152112216,0.15921845152112132,0.1592184515211202,0.15921845152111935,0.1592184515211202,0.15921845152112132,0.15921845152112216,0.15921845152112088,0.1592184515211202,0.15921845152112088,0.15921845152112216,0.15921845152112324,0.15921845152112216,0.15921845152112132,0.15921845152112216,0.15921845152112324,0.15776544630050868,0.15776544630050504,0.1577654463005027,0.15776544630050504,0.15776544630050868,0.15776544630050504,0.1577654463005012,0.15776544630049885,0.1577654463005012,0.15776544630050504,0.1577654463005027,0.15776544630049885,0.1577654463004963,0.15776544630049885,0.1577654463005027,0.15776544630050504,0.1577654463005012,0.15776544630049885,0.1577654463005012,0.15776544630050504,0.15776544630050868,0.15776544630050504,0.1577654463005027,0.15776544630050504,0.15776544630050868,0.15634146261741308,0.1563414626174018,0.15634146261739468,0.1563414626174018,0.15634146261741308,0.1563414626174018,0.15634146261738988,0.15634146261738235,0.15634146261738988,0.1563414626174018,0.15634146261739468,0.15634146261738235,0.15634146261737442,0.15634146261738235,0.15634146261739468,0.1563414626174018,0.15634146261738988,0.15634146261738235,0.15634146261738988,0.1563414626174018,0.15634146261741308,0.1563414626174018,0.15634146261739468,0.1563414626174018,0.15634146261741308,0.15494591467190305,0.15494591467186863,0.1549459146718469,0.15494591467186863,0.15494591467190305,0.15494591467186863,0.15494591467183114,0.15494591467180696,0.15494591467183114,0.15494591467186863,0.1549459146718469,0.15494591467180696,0.15494591467178115,0.15494591467180696,0.1549459146718469,0.15494591467186863,0.15494591467183114,0.15494591467180696,0.15494591467183114,0.15494591467186863,0.15494591467190305,0.15494591467186863,0.1549459146718469,0.15494591467186863,0.15494591467190305,0.15357822070475366,0.15357822070465063,0.15357822070458396,0.15357822070465063,0.15357822070475366,0.15357822070465063,0.15357822070453353,0.15357822070445543,0.15357822070453353,0.15357822070465063,0.15357822070458396,0.15357822070445543,0.15357822070436847,0.15357822070445543,0.15357822070458396,0.15357822070465063,0.15357822070453353,0.15357822070445543,0.15357822070453353,0.15357822070465063,0.15357822070475366,0.15357822070465063,0.15357822070458396,0.15357822070465063,0.15357822070475366,0.15223780385861346,0.1522378038583117,0.15223780385810953,0.1522378038583117,0.15223780385861346,0.1522378038583117,0.15223780385794794,0.15223780385769206,0.15223780385794794,0.1522378038583117,0.15223780385810953,0.15223780385769206,0.15223780385739147,0.15223780385769206,0.15223780385810953,0.1522378038583117,0.15223780385794794,0.15223780385769206,0.15223780385794794,0.1522378038583117,0.15223780385861346,0.1522378038583117,0.15223780385810953,0.1522378038583117,0.15223780385861346,0.1509240929394883,0.15092409293863251,0.15092409293803272,0.15092409293863251,0.1509240929394883,0.15092409293863251,0.1509240929375207,0.15092409293668282,0.1509240929375207,0.15092409293863251,0.15092409293803272,0.15092409293668282,0.1509240929356106,0.15092409293668282,0.15092409293803272,0.15092409293863251,0.1509240929375207,0.15092409293668282,0.1509240929375207,0.15092409293863251,0.1509240929394883,0.15092409293863251,0.15092409293803272,0.15092409293863251,0.1509240929394883,0.14963652308679729,0.14963652308449307,0.14963652308275843,0.14963652308449307,0.14963652308679729,0.14963652308449307,0.14963652308118944,0.1496365230783904,0.14963652308118944,0.14963652308449307,0.14963652308275843,0.1496365230783904,0.1496365230742442,0.1496365230783904,0.14963652308275843,0.14963652308449307,0.14963652308118944,0.1496365230783904,0.14963652308118944,0.14963652308449307,0.14963652308679729,0.14963652308449307,0.14963652308275843,0.14963652308449307,0.14963652308679729,0.14837453635993214,0.14837453635421619,0.1483745363494295,0.14837453635421619,0.14837453635993214,0.14837453635421619,0.14837453634486705,0.14837453633535963,0.14837453634486705,0.14837453635421619,0.1483745363494295,0.14837453633535963,0.14837453631754033,0.14837453633535963,0.1483745363494295,0.14837453635421619,0.14837453634486705,0.14837453633535963,0.14837453634486705,0.14837453635421619,0.14837453635993214,0.14837453635421619,0.1483745363494295,0.14837453635421619,0.14837453635993214,0.14713758224882886,0.1471375822365312,0.14713758222458614,0.1471375822365312,0.14713758224882886,0.1471375822365312,0.1471375822126406,0.14713758218104642,0.1471375822126406,0.1471375822365312,0.14713758222458614,0.14713758218104642,0.14713758209444122,0.14713758218104642,0.14713758222458614,0.1471375822365312,0.1471375822126406,0.14713758218104642,0.1471375822126406,0.1471375822365312,0.14713758224882886,0.1471375822365312,0.14713758222458614,0.1471375822365312,0.14713758224882886,0.14592511811434702,0.14592511809427403,0.14592511807103845,0.14592511809427403,0.14592511811434702,0.14592511809427403,0.1459251180471458,0.1459251179575265,0.1459251180471458,0.14592511809427403,0.14592511807103845,0.1459251179575265,0.14592511748121742,0.1459251179575265,0.14592511807103845,0.14592511809427403,0.1459251180471458,0.1459251179575265,0.1459251180471458,0.14592511809427403,0.14592511811434702,0.14592511809427403,0.14592511807103845,0.14592511809427403,0.14592511811434702,0.14473660955772344,0.1447366095402456,0.14473660952287107,0.1447366095402456,0.14473660955772344,0.1447366095402456,0.1447366095054044,0.14473660945630543,0.1447366095054044,0.1447366095402456,0.14473660952287107,0.14473660945630543,0.14473660929354523,0.14473660945630543,0.14473660952287107,0.1447366095402456,0.1447366095054044,0.14473660945630543,0.1447366095054044,0.1447366095402456,0.14473660955772344,0.1447366095402456,0.14473660952287107,0.1447366095402456,0.14473660955772344,0.14357153071146325,0.14357153069637726,0.14357153068191017,0.14357153069637726,0.14357153071146325,0.14357153069637726,0.1435715306675312,0.1435715306279194,0.1435715306675312,0.14357153069637726,0.14357153068191017,0.1435715306279194,0.1435715304871488,0.1435715306279194,0.14357153068191017,0.14357153069637726,0.1435715306675312,0.1435715306279194,0.1435715306675312,0.14357153069637726,0.14357153071146325,0.14357153069637726,0.14357153068191017,0.14357153069637726,0.14357153071146325,0.14242936452229688,0.14242936450761354,0.14242936449280508,0.14242936450761354,0.14242936452229688,0.14242936450761354,0.1424293644779013,0.1424293644334007,0.1424293644779013,0.14242936450761354,0.14242936449280508,0.1424293644334007,0.14242936425759964,0.1424293644334007,0.14242936449280508,0.14242936450761354,0.1424293644779013,0.1424293644334007,0.1424293644779013,0.14242936450761354,0.14242936452229688,0.14242936450761354,0.14242936449280508,0.14242936450761354,0.14242936452229688,0.14130960296775522,0.14130960295395523,0.14130960293873884,0.14130960295395523,0.14130960296775522,0.14130960295395523,0.14130960292307546,0.14130960287133057,0.14130960292307546,0.14130960295395523,0.14130960293873884,0.14130960287133057,0.14130960264629597,0.14130960287133057,0.14130960293873884,0.14130960295395523,0.14130960292307546,0.14130960287133057,0.14130960292307546,0.14130960295395523,0.14130960296775522,0.14130960295395523,0.14130960293873884,0.14130960295395523,0.14130960296775522,0.1402117472200276,0.1402117472119635,0.14021174720115698,0.1402117472119635,0.1402117472200276,0.1402117472119635,0.14021174718962448,0.14021174714329446,0.14021174718962448,0.1402117472119635,0.14021174720115698,0.14021174714329446,0.14021174689858093,0.14021174714329446,0.14021174720115698,0.1402117472119635,0.14021174718962448,0.14021174714329446,0.14021174718962448,0.1402117472119635,0.1402117472200276,0.1402117472119635,0.14021174720115698,0.1402117472119635,0.1402117472200276,0.1391353077660487,0.13913530777303346,0.13913530777821778,0.13913530777303346,0.1391353077660487,0.13913530777303346,0.13913530778297567,0.13913530778977684,0.13913530778297567,0.13913530777303346,0.13913530777821778,0.13913530778977684,0.13913530779032726,0.13913530778977684,0.13913530777821778,0.13913530777303346,0.13913530778297567,0.13913530778977684,0.13913530778297567,0.13913530777303346,0.1391353077660487,0.13913530777303346,0.13913530777821778,0.13913530777303346,0.1391353077660487,0.13807980449137583,0.13807980451961568,0.13807980454816812,0.13807980451961568,0.13807980449137583,0.13807980451961568,0.13807980457713573,0.13807980465665012,0.13807980457713573,0.13807980451961568,0.13807980454816812,0.13807980465665012,0.13807980488231056,0.13807980465665012,0.13807980454816812,0.13807980451961568,0.13807980457713573,0.13807980465665012,0.13807980457713573,0.13807980451961568,0.13807980449137583,0.13807980451961568,0.13807980454816812,0.13807980451961568,0.13807980449137583,0.137044766747211,0.13704476679558708,0.1370447668544728,0.13704476679558708,0.137044766747211,0.13704476679558708,0.13704476691558895,0.1370447671573499,0.13704476691558895,0.13704476679558708,0.1370447668544728,0.1370447671573499,0.13704476849958447,0.1370447671573499,0.1370447668544728,0.13704476679558708,0.13704476691558895,0.1370447671573499,0.13704476691558895,0.13704476679558708,0.137044766747211,0.13704476679558708,0.1370447668544728,0.13704476679558708,0.137044766747211,0.13602973339711874,0.13602973343106786,0.13602973346435307,0.13602973343106786,0.13602973339711874,0.13602973343106786,0.13602973349776734,0.13602973358708334,0.13602973349776734,0.13602973343106786,0.13602973346435307,0.13602973358708334,0.13602973383514827,0.13602973358708334,0.13602973346435307,0.13602973343106786,0.13602973349776734,0.13602973358708334,0.13602973349776748,0.13602973343106786,0.13602973339711874,0.13602973343106786,0.13602973346435307,0.13602973343106786,0.13602973339711874,0.135034252891721,0.13503425291301907,0.1350342529306138,0.13503425291301907,0.135034252891721,0.13503425291301907,0.1350342529473203,0.13503425298135124,0.1350342529473203,0.13503425291301907,0.1350342529306138,0.13503425298135124,0.13503425304326722,0.13503425298135124,0.1350342529306138,0.13503425291301907,0.1350342529473203,0.13503425298135124,0.1350342529473203,0.13503425291301907,0.135034252891721,0.13503425291301907,0.1350342529306138,0.13503425291301907,0.135034252891721
0.16533248754540109,0.16533248754540109,0.16533248754540109,0.16533248754540109,0.16533248754540109,0.16533248754540109,0.16533248754540109,0.16533248754540109,0.16533248754540109,0.16533248754540109,0.16533248754540109,0.16533248754540109,0.16533248754540109,0.16533248754540109,0.16533248754540109,0.16533248754540109,0.16533248754540109,0.16533248754540109,0.16533248754540109,0.16533248754540109,0.16533248754540109,0.16533248754540109,0.16533248754540109,0.16533248754540109,0.16533248754540109,0.16375749383143529,0.16375749383143529,0.16375749383143529,0.16375749383143529,0.16375749383143529,0.16375749383143529,0.16375749383143529,0.16375749383143506,0.16375749383143529,0.16375749383143529,0.16375749383143529,0.16375749383143506,0.16375749383143506,0.16375749383143506,0.16375749383143529,0.16375749383143529,0.16375749383143529,0.16375749383143506,0.16375749383143506,0.16375749383143529,0.16375749383143529,0.16375749383143529,0.16375749383143529,0.16375749383143529,0.16375749383143529,0.16221388404931741,0.16221388404931741,0.16221388404931716,0.16221388404931741,0.16221388404931741,0.16221388404931741,0.16221388404931716,0.16221388404931716,0.16221388404931716,0.16221388404931741,0.16221388404931716,0.16221388404931716,0.16221388404931694,0.16221388404931716,0.16221388404931716,0.16221388404931741,0.16221388404931716,0.16221388404931716,0.16221388404931716,0.16221388404931741,0.16221388404931741,0.16221388404931741,0.16221388404931716,0.16221388404931741,0.16221388404931741,0.16070106715608906,0.16070106715608884,0.16070106715608837,0.16070106715608884,0.16070106715608906,0.16070106715608884,0.16070106715608837,0.16070106715608815,0.16070106715608837,0.16070106715608884,0.16070106715608837,0.16070106715608815,0.16070106715608792,0.16070106715608815,0.16070106715608837,0.16070106715608884,0.16070106715608837,0.16070106715608815,0.16070106715608837,0.16070106715608884,0.16070106715608906,0.16070106715608884,0.16070106715608837,0.16070106715608884,0.16070106715608906,0.15921845152672948,0.1592184515267284,0.15921845152672773,0.1592184515267284,0.15921845152672948,0.1592184515267284,0.1592184515267271,0.15921845152672642,0.1592184515267271,0.1592184515267284,0.15921845152672773,0.15921845152672642,0.15921845152672578,0.15921845152672642,0.15921845152672773,0.1592184515267284,0.1592184515267271,0.15921845152672642,0.1592184515267271,0.1592184515267284,0.15921845152672948,0.1592184515267284,0.15921845152672773,0.1592184515267284,0.15921845152672948,0.1577654463060078,0.1577654463060042,0.15776544630600206,0.1577654463060042,0.1577654463060078,0.1577654463060042,0.15776544630600056,0.1577654463059982,0.15776544630600056,0.1577654463060042,0.15776544630600206,0.1577654463059982,0.15776544630599587,0.1577654463059982,0.15776544630600206,0.1577654463060042,0.15776544630600056,0.1577654463059982,0.15776544630600056,0.1577654463060042,0.1577654463060078,0.1577654463060042,0.15776544630600206,0.1577654463060042,0.1577654463060078,0.15634146262280801,0.1563414626227972,0.15634146262279006,0.1563414626227972,0.15634146262280801,0.1563414626227972,0.15634146262278525,0.1563414626227779,0.15634146262278525,0.1563414626227972,0.15634146262279006,0.1563414626227779,0.1563414626227702,0.1563414626227779,0.15634146262279006,0.1563414626227972,0.15634146262278525,0.1563414626227779,0.15634146262278525,0.1563414626227972,0.15634146262280801,0.1563414626227972,0.15634146262279006,0.1563414626227972,0.15634146262280801,0.15494591467719665,0.15494591467716284,0.15494591467714153,0.15494591467716284,0.15494591467719665,0.15494591467716284,0.15494591467712618,0.1549459146771024,0.15494591467712618,0.15494591467716284,0.15494591467714153,0.1549459146771024,0.1549459146770772,0.1549459146771024,0.15494591467714153,0.15494591467716284,0.15494591467712618,0.1549459146771024,0.15494591467712618,0.15494591467716284,0.15494591467719665,0.15494591467716284,0.15494591467714153,0.15494591467716284,0.15494591467719665,0.15357822070994748,0.15357822070984664,0.15357822070978097,0.15357822070984664,0.15357822070994748,0.15357822070984664,0.15357822070973176,0.15357822070965524,0.15357822070973176,0.15357822070984664,0.15357822070978097,0.15357822070965524,0.1535782207095703,0.15357822070965524,0.15357822070978097,0.15357822070984664,0.15357822070973176,0.15357822070965524,0.15357822070973176,0.15357822070984664,0.15357822070994748,0.15357822070984664,0.15357822070978097,0.15357822070984664,0.15357822070994748,0.1522378038637063,0.15223780386341046,0.15223780386321223,0.15223780386341046,0.1522378038637063,0.15223780386341046,0.15223780386305394,0.1522378038628034,0.15223780386305394,0.15223780386341046,0.15223780386321223,0.1522378038628034,0.1522378038625089,0.1522378038628034,0.15223780386321223,0.15223780386341046,0.15223780386305394,0.1522378038628034,0.15223780386305394,0.15223780386341046,0.1522378038637063,0.15223780386341046,0.15223780386321223,0.15223780386341046,0.1522378038637063,0.15092409294447046,0.15092409294363143,0.15092409294304343,0.15092409294363143,0.15092409294447046,0.15092409294363143,0.15092409294254183,0.15092409294172057,0.15092409294254183,0.15092409294363143,0.15092409294304343,0.15092409294172057,0.1509240929406699,0.15092409294172057,0.15092409294304343,0.15092409294363143,0.15092409294254183,0.15092409294172057,0.15092409294254183,0.15092409294363143,0.15092409294447046,0.15092409294363143,0.15092409294304343,0.15092409294363143,0.15092409294447046,0.14963652309163702,0.14963652308937694,0.14963652308767614,0.14963652308937694,0.14963652309163702,0.14963652308937694,0.1496365230861383,0.1496365230833951,0.1496365230861383,0.14963652308937694,0.14963652308767614,0.1496365230833951,0.14963652307933376,0.1496365230833951,0.14963652308767614,0.14963652308937694,0.1496365230861383,0.1496365230833951,0.1496365230861383,0.14963652308937694,0.14963652309163702,0.14963652308937694,0.14963652308767614,0.14963652308937694,0.14963652309163702,0.14837453636453962,0.14837453635893116,0.14837453635423695,0.14837453635893116,0.14837453636453962,0.14837453635893116,0.14837453634976347,0.14837453634044692,0.14837453634976347,0.14837453635893116,0.14837453635423695,0.14837453634044692,0.14837453632299683,0.14837453634044692,0.14837453635423695,0.14837453635893116,0.14837453634976347,0.14837453634044692,0.14837453634976347,0.14837453635893116,0.14837453636453962,0.14837453635893116,0.14837453635423695,0.14837453635893116,0.14837453636453962,0.1471375822529815,0.14713758224090623,0.14713758222918663,0.14713758224090623,0.1471375822529815,0.14713758224090623,0.1471375822174694,0.14713758218650794,0.1471375822174694,0.14713758224090623,0.14713758222918663,0.14713758218650794,0.14713758210172187,0.14713758218650794,0.14713758222918663,0.14713758224090623,0.1471375822174694,0.14713758218650794,0.1471375822174694,0.14713758224090623,0.1471375822529815,0.14713758224090623,0.14713758222918663,0.14713758224090623,0.1471375822529815,0.14592511811758174,0.14592511809783495,0.14592511807500805,0.14592511809783495,0.14592511811758174,0.14592511809783495,0.14592511805154096,0.14592511796367308,0.14592511805154096,0.14592511809783495,0.14592511807500805,0.14592511796367308,0.14592511749748094,0.14592511796367308,0.14592511807500805,0.14592511809783495,0.14592511805154096,0.14592511796367308,0.14592511805154096,0.14592511809783495,0.14592511811758174,0.14592511809783495,0.14592511807500805,0.14592511809783495,0.14592511811758174,0.14473660955935547,0.1447366095420354,0.14473660952479808,0.1447366095420354,0.14473660955935547,0.1447366095420354,0.1447366095074667,0.14473660945860145,0.1447366095074667,0.1447366095420354,0.14473660952479808,0.14473660945860145,0.1447366092954197,0.14473660945860145,0.14473660952479808,0.1447366095420354,0.1447366095074667,0.14473660945860145,0.1447366095074667,0.1447366095420354,0.14473660955935547,0.1447366095420354,0.14473660952479808,0.1447366095420354,0.14473660955935547,0.1435715307111453,0.14357153069611273,0.14357153068167045,0.14357153069611273,0.1435715307111453,0.14357153069611273,0.14357153066730963,0.1435715306276234,0.14357153066730963,0.14357153069611273,0.14357153068167045,0.1435715306276234,0.1435715304859854,0.1435715306276234,0.14357153068167045,0.14357153069611273,0.14357153066730963,0.1435715306276234,0.14357153066730963,0.14357153069611273,0.1435715307111453,0.14357153069611273,0.14357153068167045,0.14357153069611273,0.1435715307111453,0.142429364519892,0.14242936450525195,0.14242936449047836,0.14242936450525195,0.142429364519892,0.14242936450525195,0.1424293644756073,0.14242936443117316,0.1424293644756073,0.14242936450525195,0.14242936449047836,0.14242936443117316,0.14242936425552538,0.14242936443117316,0.14242936449047836,0.14242936450525195,0.1424293644756073,0.14242936443117316,0.1424293644756073,0.14242936450525195,0.142429364519892,0.14242936450525195,0.14242936449047836,0.14242936450525195,0.142429364519892,0.14130960296314324,0.1413096029494061,0.14130960293426537,0.1413096029494061,0.14130960296314324,0.1413096029494061,0.14130960291868125,0.14130960286722286,0.14130960291868125,0.1413096029494061,0.14130960293426537,0.14130960286722286,0.14130960264352802,0.14130960286722286,0.14130960293426537,0.1413096029494061,0.14130960291868125,0.14130960286722286,0.14130960291868125,0.1413096029494061,0.14130960296314324,0.1413096029494061,0.14130960293426537,0.1413096029494061,0.14130960296314324,0.14021174721304613,0.14021174720502091,0.1402117471942834,0.14021174720502091,0.14021174721304613,0.14021174720502091,0.140211747182828,0.14021174713686127,0.140211747182828,0.14021174720502091,0.1402117471942834,0.14021174713686127,0.14021174689427032,0.14021174713686127,0.1402117471942834,0.14021174720502091,0.140211747182828,0.14021174713686127,0.140211747182828,0.14021174720502091,0.14021174721304613,0.14021174720502091,0.1402117471942834,0.14021174720502091,0.14021174721304613,0.1391353077565819,0.13913530776347843,0.13913530776859573,0.13913530776347843,0.1391353077565819,0.13913530776347843,0.13913530777329194,0.13913530777999542,0.13913530777329194,0.13913530776347843,0.13913530776859573,0.13913530777999542,0.13913530778048003,0.13913530777999542,0.13913530776859573,0.13913530776347843,0.13913530777329194,0.13913530777999542,0.13913530777329194,0.13913530776347843,0.1391353077565819,0.13913530776347843,0.13913530776859573,0.13913530776347843,0.1391353077565819,0.13807980447956694,0.13807980450751875,0.13807980453578186,0.13807980450751875,0.13807980447956694,0.13807980450751875,0.13807980456445676,0.1380798046431722,0.13807980456445676,0.13807980450751875,0.13807980453578186,0.1380798046431722,0.13807980486657742,0.1380798046431722,0.13807980453578186,0.13807980450751875,0.13807980456445676,0.1380798046431722,0.13807980456445676,0.13807980450751875,0.13807980447956694,0.13807980450751875,0.13807980453578186,0.13807980450751875,0.13807980447956694,0.13704476673361635,0.1370447667815091,0.13704476683980776,0.1370447667815091,0.13704476673361635,0.1370447667815091,0.1370447669003151,0.1370447671396719,0.1370447669003151,0.1370447667815091,0.13704476683980776,0.1370447671396719,0.13704476846857438,0.1370447671396719,0.13704476683980776,0.1370447667815091,0.1370447669003151,0.1370447671396719,0.1370447669003151,0.1370447667815091,0.13704476673361635,0.1370447667815091,0.13704476683980776,0.1370447667815091,0.13704476673361635,0.136029733382703,0.13602973341631397,0.13602973344926766,0.13602973341631397,0.136029733382703,0.13602973341631397,0.1360297334823496,0.13602973357077738,0.1360297334823496,0.13602973341631397,0.13602973344926766,0.13602973357077738,0.13602973381637698,0.13602973357077738,0.13602973344926766,0.13602973341631397,0.1360297334823496,0.13602973357077738,0.1360297334823496,0.13602973341631397,0.136029733382703,0.13602973341631397,0.13602973344926766,0.13602973341631397,0.136029733382703,0.13503425287716025,0.1350342528982463,0.135034252915666,0.1350342528982463,0.13503425287716025,0.1350342528982463,0.13503425293220622,0.13503425296589877,0.13503425293220622,0.1350342528982463,0.135034252915666,0.13503425296589877,0.13503425302719935,0.13503425296589877,0.135034252915666,0.1350342528982463,0.13503425293220622,0.13503425296589877,0.13503425293220622,0.1350342528982463,0.13503425287716025,0.1350342528982463,0.135034252915666,0.1350342528982463,0.13503425287716025
0.16533248755160168,0.16533248755160168,0.16533248755160168,0.16533248755160168,0.16533248755160168,0.16533248755160168,0.16533248755160168,0.16533248755160168,0.16533248755160168,0.16533248755160168,0.16533248755160168,0.16533248755160168,0.16533248755160168,0.16533248755160168,0.16533248755160168,0.16533248755160168,0.16533248755160168,0.16533248755160168,0.16533248755160168,0.16533248755160168,0.16533248755160168,0.16533248755160168,0.16533248755160168,0.16533248755160168,0.16533248755160168,0.16375749383751353,0.16375749383751353,0.16375749383751353,0.16375749383751353,0.16375749383751353,0.16375749383751353,0.16375749383751353,0.16375749383751353,0.16375749383751353,0.16375749383751353,0.16375749383751353,0.16375749383751353,0.16375749383751353,0.16375749383751353,0.16375749383751353,0.16375749383751353,0.16375749383751353,0.16375749383751353,0.16375749383751353,0.16375749383751353,0.16375749383751353,0.16375749383751353,0.16375749383751353,0.16375749383751353,0.16375749383751353,0.16221388405527673,0.16221388405527648,0.16221388405527648,0.16221388405527648,0.16221388405527673,0.16221388405527648,0.16221388405527648,0.16221388405527626,0.16221388405527648,0.16221388405527648,0.16221388405527648,0.16221388405527626,0.16221388405527626,0.16221388405527648,0.16221388405527648,0.16221388405527648,0.16221388405527648,0.16221388405527648,0.16221388405527648,0.16221388405527648,0.16221388405527673,0.16221388405527648,0.16221388405527648,0.16221388405527648,0.16221388405527673,0.16070106716193255,0.16070106716193208,0.1607010671619319,0.16070106716193208,0.16070106716193255,0.16070106716193208,0.16070106716193167,0.16070106716193144,0.16070106716193167,0.16070106716193208,0.1607010671619319,0.16070106716193144,0.16070106716193122,0.16070106716193144,0.1607010671619319,0.16070106716193208,0.16070106716193167,0.16070106716193144,0.16070106716193167,0.16070106716193208,0.16070106716193255,0.16070106716193208,0.1607010671619319,0.16070106716193208,0.16070106716193255,0.1592184515324602,0.15921845153245914,0.15921845153245848,0.15921845153245914,0.1592184515324602,0.15921845153245914,0.1592184515324578,0.15921845153245717,0.1592184515324578,0.15921845153245914,0.15921845153245848,0.15921845153245717,0.1592184515324565,0.15921845153245717,0.15921845153245848,0.15921845153245914,0.1592184515324578,0.15921845153245717,0.1592184515324578,0.15921845153245914,0.1592184515324602,0.15921845153245914,0.15921845153245848,0.15921845153245914,0.1592184515324602,0.157765446311629,0.1577654463116256,0.15776544631162345,0.1577654463116256,0.157765446311629,0.1577654463116256,0.15776544631162195,0.15776544631161962,0.15776544631162195,0.1577654463116256,0.15776544631162345,0.15776544631161962,0.15776544631161726,0.15776544631161962,0.15776544631162345,0.1577654463116256,0.15776544631162195,0.15776544631161962,0.15776544631162195,0.1577654463116256,0.157765446311629,0.1577654463116256,0.15776544631162345,0.1577654463116256,0.157765446311629,0.15634146262832302,0.15634146262831214,0.15634146262830526,0.15634146262831214,0.15634146262832302,0.15634146262831214,0.15634146262830065,0.15634146262829335,0.15634146262830065,0.15634146262831214,0.15634146262830526,0.15634146262829335,0.1563414626282858,0.15634146262829335,0.15634146262830526,0.15634146262831214,0.15634146262830065,0.15634146262829335,0.15634146262830065,0.15634146262831214,0.15634146262832302,0.15634146262831214,0.15634146262830526,0.15634146262831214,0.15634146262832302,0.15494591468260765,0.15494591468257468,0.15494591468255378,0.15494591468257468,0.15494591468260765,0.15494591468257468,0.15494591468253882,0.15494591468251548,0.15494591468253882,0.15494591468257468,0.15494591468255378,0.15494591468251548,0.1549459146824909,0.15494591468251548,0.15494591468255378,0.15494591468257468,0.15494591468253882,0.15494591468251548,0.15494591468253882,0.15494591468257468,0.15494591468260765,0.15494591468257468,0.15494591468255378,0.15494591468257468,0.15494591468260765,0.15357822071525634,0.15357822071515773,0.1535782207150937,0.15357822071515773,0.15357822071525634,0.15357822071515773,0.15357822071504526,0.15357822071497054,0.15357822071504526,0.15357822071515773,0.1535782207150937,0.15357822071497054,0.1535782207148876,0.15357822071497054,0.1535782207150937,0.15357822071515773,0.15357822071504526,0.15357822071497054,0.15357822071504526,0.15357822071515773,0.15357822071525634,0.15357822071515773,0.1535782207150937,0.15357822071515773,0.15357822071525634,0.1522378038689119,0.15223780386862215,0.15223780386842806,0.15223780386862215,0.1522378038689119,0.15223780386862215,0.15223780386827318,0.1522378038680283,0.15223780386827318,0.15223780386862215,0.15223780386842806,0.1522378038680283,0.1522378038677399,0.1522378038680283,0.15223780386842806,0.15223780386862215,0.15223780386827318,0.1522378038680283,0.15223780386827318,0.15223780386862215,0.1522378038689119,0.15223780386862215,0.15223780386842806,0.15223780386862215,0.1522378038689119,0.15092409294956238,0.15092409294874073,0.15092409294816508,0.15092409294874073,0.15092409294956238,0.15092409294874073,0.15092409294767428,0.15092409294687037,0.15092409294767428,0.15092409294874073,0.15092409294816508,0.15092409294687037,0.1509240929458425,0.15092409294687037,0.15092409294816508,0.15092409294874073,0.15092409294767428,0.15092409294687037,0.15092409294767428,0.15092409294874073,0.15092409294956238,0.15092409294874073,0.15092409294816508,0.15092409294874073,0.15092409294956238,0.1496365230965818,0.14963652309436798,0.14963652309270253,0.14963652309436798,0.1496365230965818,0.14963652309436798,0.14963652309119707,0.14963652308851264,0.14963652309119707,0.14963652309436798,0.14963652309270253,0.14963652308851264,0.14963652308453998,0.14963652308851264,0.14963652309270253,0.14963652309436798,0.14963652309119707,0.14963652308851264,0.14963652309119707,0.14963652309436798,0.1496365230965818,0.14963652309436798,0.14963652309270253,0.14963652309436798,0.1496365230965818,0.14837453636924328,0.14837453636374714,0.14837453635914968,0.14837453636374714,0.14837453636924328,0.14837453636374714,0.1483745363547696,0.14837453634565287,0.1483745363547696,0.14837453636374714,0.14837453635914968,0.14837453634565287,0.14837453632858988,0.14837453634565287,0.14837453635914968,0.14837453636374714,0.1483745363547696,0.14837453634565287,0.1483745363547696,0.14837453636374714,0.14837453636924328,0.14837453636374714,0.14837453635914968,0.14837453636374714,0.14837453636924328,0.14713758225721144,0.14713758224536827,0.1471375822338843,0.14713758224536827,0.14713758225721144,0.14713758224536827,0.14713758222240608,0.1471375821921075,0.14713758222240608,0.14713758224536827,0.1471375822338843,0.1471375821921075,0.14713758210922956,0.1471375821921075,0.1471375822338843,0.14713758224536827,0.14713758222240608,0.1471375821921075,0.14713758222240608,0.14713758224536827,0.14713758225721144,0.14713758224536827,0.1471375822338843,0.14713758224536827,0.14713758225721144,0.14592511812085404,0.1459251181014463,0.145925118079046,0.1459251181014463,0.14592511812085404,0.1459251181014463,0.14592511805602318,0.14592511796998883,0.14592511805602318,0.1459251181014463,0.145925118079046,0.14592511796998883,0.1459251175144417,0.14592511796998883,0.145925118079046,0.1459251181014463,0.14592511805602318,0.14592511796998883,0.14592511805602318,0.1459251181014463,0.14592511812085404,0.1459251181014463,0.145925118079046,0.1459251181014463,0.14592511812085404,0.1447366095609573,0.1447366095437963,0.14473660952669615,0.1447366095437963,0.1447366095609573,0.1447366095437963,0.14473660950949988,0.1447366094608591,0.14473660950949988,0.1447366095437963,0.14473660952669615,0.1447366094608591,0.14473660929710586,0.1447366094608591,0.14473660952669615,0.1447366095437963,0.14473660950949988,0.1447366094608591,0.14473660950949988,0.1447366095437963,0.1447366095609573,0.1447366095437963,0.14473660952669615,0.1447366095437963,0.1447366095609573,0.1435715307107263,0.1435715306957397,0.14357153068131298,0.1435715306957397,0.1435715307107263,0.1435715306957397,0.1435715306669609,0.14357153062716466,0.1435715306669609,0.1435715306957397,0.14357153068131298,0.14357153062716466,0.14357153048449053,0.14357153062716466,0.14357153068131298,0.1435715306957397,0.1435715306669609,0.14357153062716466,0.1435715306669609,0.1435715306957397,0.1435715307107263,0.1435715306957397,0.14357153068131298,0.1435715306957397,0.1435715307107263,0.14242936451732893,0.14242936450272206,0.14242936448797197,0.14242936450272206,0.14242936451732893,0.14242936450272206,0.14242936447312138,0.14242936442871576,0.14242936447312138,0.14242936450272206,0.14242936448797197,0.14242936442871576,0.1424293642530408,0.14242936442871576,0.14242936448797197,0.14242936450272206,0.14242936447312138,0.14242936442871576,0.14242936447312138,0.14242936450272206,0.14242936451732893,0.14242936450272206,0.14242936448797197,0.14242936450272206,0.14242936451732893,0.14130960295833755,0.1413096029446527,0.14130960292957678,0.1413096029446527,0.14130960295833755,0.1413096029446527,0.14130960291406092,0.14130960286285318,0.14130960291406092,0.1413096029446527,0.14130960292957678,0.14130960286285318,0.14130960264035514,0.14130960286285318,0.14130960292957678,0.1413096029446527,0.14130960291406092,0.14130960286285318,0.14130960291406092,0.1413096029446527,0.14130960295833755,0.1413096029446527,0.14130960292957678,0.1413096029446527,0.14130960295833755,0.14021174720585589,0.1402117471978613,0.14021174718718457,0.1402117471978613,0.14021174720585589,0.1402117471978613,0.14021174717579737,0.14021174713016554,0.14021174717579737,0.1402117471978613,0.14021174718718457,0.14021174713016554,0.1402117468895632,0.14021174713016554,0.14021174718718457,0.1402117471978613,0.14021174717579737,0.14021174713016554,0.14021174717579737,0.1402117471978613,0.14021174720585589,0.1402117471978613,0.14021174718718457,0.1402117471978613,0.14021174720585589,0.13913530774690736,0.13913530775371172,0.13913530775875863,0.13913530775371172,0.13913530774690736,0.13913530775371172,0.13913530776338956,0.13913530776998678,0.13913530776338956,0.13913530775371172,0.13913530775875863,0.13913530776998678,0.13913530777038396,0.13913530776998678,0.13913530775875863,0.13913530775371172,0.13913530776338956,0.13913530776998678,0.13913530776338956,0.13913530775371172,0.13913530774690736,0.13913530775371172,0.13913530775875863,0.13913530775371172,0.13913530774690736,0.13807980446755916,0.13807980449522225,0.13807980452319576,0.13807980449522225,0.13807980446755916,0.13807980449522225,0.13807980455157778,0.13807980462949523,0.13807980455157778,0.13807980449522225,0.13807980452319576,0.13807980462949523,0.1380798048506502,0.13807980462949523,0.13807980452319576,0.13807980449522225,0.13807980455157778,0.13807980462949523,0.13807980455157778,0.13807980449522225,0.13807980446755916,0.13807980449522225,0.13807980452319576,0.13807980449522225,0.13807980446755916,0.13704476671983284,0.13704476676724348,0.13704476682495725,0.13704476676724348,0.13704476671983284,0.13704476676724348,0.13704476688485814,0.13704476712181998,0.13704476688485814,0.13704476676724348,0.13704476682495725,0.13704476712181998,0.13704476843742852,0.13704476712181998,0.13704476682495725,0.13704476676724348,0.13704476688485814,0.13704476712181998,0.13704476688485814,0.13704476676724348,0.13704476671983284,0.13704476676724348,0.13704476682495725,0.13704476676724348,0.13704476671983284,0.13602973336810611,0.13602973340137992,0.13602973343400349,0.13602973340137992,0.13602973336810611,0.13602973340137992,0.13602973346675423,0.13602973355429743,0.13602973346675423,0.13602973340137992,0.13602973343400349,0.13602973355429743,0.13602973379744182,0.13602973355429743,0.13602973343400349,0.13602973340137992,0.13602973346675423,0.13602973355429743,0.13602973346675423,0.13602973340137992,0.13602973336810611,0.13602973340137992,0.13602973343400349,0.13602973340137992,0.13602973336810611,0.1350342528624238,0.13503425288329848,0.13503425290054388,0.13503425288329848,0.1350342528624238,0.13503425288329848,0.13503425291691837,0.13503425295027388,0.13503425291691837,0.13503425288329848,0.13503425290054388,0.13503425295027388,0.13503425301096156,0.13503425295027388,0.13503425290054388,0.13503425288329848,0.13503425291691837,0.13503425295027388,0.13503425291691837,0.13503425288329848,0.1350342528624238,0.13503425288329848,0.13503425290054388,0.13503425288329848,0.1350342528624238
0.165332487557937,0.16533248755793675,0.16533248755793675,0.16533248755793675,0.165332487557937,0.16533248755793675,0.16533248755793675,0.16533248755793675,0.16533248755793675,0.16533248755793675,0.16533248755793675,0.16533248755793675,0.16533248755793675,0.16533248755793675,0.16533248755793675,0.16533248755793675,0.16533248755793675,0.16533248755793675,0.16533248755793675,0.165332487557937,0.165332487557937,0.16533248755793675,0.16533248755793675,0.165332487557937,0.165332487557937,0.16375749384372387,0.16375749384372362,0.16375749384372362,0.16375749384372362,0.16375749384372387,0.16375749384372362,0.16375749384372362,0.16375749384372362,0.16375749384372362,0.16375749384372362,0.16375749384372362,0.16375749384372362,0.16375749384372362,0.16375749384372362,0.16375749384372362,0.16375749384372362,0.16375749384372362,0.16375749384372362,0.16375749384372362,0.16375749384372362,0.16375749384372387,0.16375749384372362,0.16375749384372362,0.16375749384372362,0.16375749384372387,0.16221388406136505,0.16221388406136505,0.1622138840613648,0.16221388406136505,0.16221388406136505,0.16221388406136505,0.1622138840613648,0.1622138840613648,0.1622138840613648,0.16221388406136505,0.1622138840613648,0.1622138840613648,0.16221388406136458,0.1622138840613648,0.1622138840613648,0.16221388406136505,0.1622138840613648,0.1622138840613648,0.1622138840613648,0.16221388406136505,0.16221388406136505,0.16221388406136505,0.1622138840613648,0.16221388406136505,0.16221388406136505,0.16070106716790225,0.16070106716790203,0.1607010671679018,0.16070106716790203,0.16070106716790225,0.16070106716790203,0.16070106716790158,0.16070106716790136,0.16070106716790158,0.16070106716790203,0.1607010671679018,0.16070106716790136,0.16070106716790114,0.16070106716790136,0.1607010671679018,0.16070106716790203,0.16070106716790158,0.16070106716790136,0.16070106716790158,0.16070106716790203,0.16070106716790225,0.16070106716790203,0.1607010671679018,0.16070106716790203,0.16070106716790225,0.15921845153831482,0.15921845153831374,0.1592184515383131,0.15921845153831374,0.15921845153831482,0.15921845153831374,0.15921845153831266,0.1592184515383118,0.15921845153831266,0.15921845153831374,0.1592184515383131,0.1592184515383118,0.15921845153831116,0.1592184515383118,0.1592184515383131,0.15921845153831374,0.15921845153831266,0.1592184515383118,0.15921845153831266,0.15921845153831374,0.15921845153831482,0.15921845153831374,0.1592184515383131,0.15921845153831374,0.15921845153831482,0.15776544631737183,0.1577654463173684,0.15776544631736605,0.1577654463173684,0.15776544631737183,0.1577654463173684,0.15776544631736478,0.15776544631736245,0.15776544631736478,0.1577654463173684,0.15776544631736605,0.15776544631736245,0.1577654463173601,0.15776544631736245,0.15776544631736605,0.1577654463173684,0.15776544631736478,0.15776544631736245,0.15776544631736478,0.1577654463173684,0.15776544631737183,0.1577654463173684,0.15776544631736605,0.1577654463173684,0.15776544631737183,0.1563414626339568,0.1563414626339461,0.15634146263393942,0.1563414626339461,0.1563414626339568,0.1563414626339461,0.15634146263393484,0.1563414626339277,0.15634146263393484,0.1563414626339461,0.15634146263393942,0.1563414626339277,0.1563414626339204,0.1563414626339277,0.15634146263393942,0.1563414626339461,0.15634146263393484,0.1563414626339277,0.15634146263393484,0.1563414626339461,0.1563414626339568,0.1563414626339461,0.15634146263393942,0.1563414626339461,0.1563414626339568,0.15494591468813532,0.15494591468810312,0.15494591468808264,0.15494591468810312,0.15494591468813532,0.15494591468810312,0.1549459146880679,0.15494591468804533,0.1549459146880679,0.15494591468810312,0.15494591468808264,0.15494591468804533,0.15494591468802119,0.15494591468804533,0.15494591468808264,0.15494591468810312,0.1549459146880679,0.15494591468804533,0.1549459146880679,0.15494591468810312,0.15494591468813532,0.15494591468810312,0.15494591468808264,0.15494591468810312,0.15494591468813532,0.15357822072067953,0.15357822072058291,0.15357822072052024,0.15357822072058291,0.15357822072067953,0.15357822072058291,0.15357822072047306,0.15357822072040014,0.15357822072047325,0.15357822072058291,0.15357822072052024,0.15357822072040014,0.1535782207203192,0.15357822072040014,0.15357822072052024,0.15357822072058291,0.15357822072047325,0.15357822072040014,0.15357822072047325,0.15357822072058291,0.15357822072067953,0.15357822072058291,0.15357822072052024,0.15357822072058291,0.15357822072067953,0.15223780387422872,0.15223780387394548,0.1522378038737559,0.15223780387394548,0.15223780387422872,0.15223780387394548,0.15223780387360455,0.1522378038733654,0.15223780387360455,0.15223780387394548,0.1522378038737559,0.1522378038733654,0.15223780387308353,0.1522378038733654,0.1522378038737559,0.15223780387394548,0.15223780387360455,0.1522378038733654,0.15223780387360455,0.15223780387394548,0.15223780387422872,0.15223780387394548,0.1522378038737559,0.15223780387394548,0.15223780387422872,0.15092409295476272,0.15092409295395923,0.1509240929533963,0.15092409295395923,0.15092409295476272,0.15092409295395923,0.15092409295291687,0.15092409295213113,0.15092409295291687,0.15092409295395923,0.1509240929533963,0.15092409295213113,0.15092409295112677,0.15092409295213113,0.1509240929533963,0.15092409295395923,0.15092409295291687,0.15092409295213113,0.15092409295291687,0.15092409295395923,0.15092409295476272,0.15092409295395923,0.1509240929533963,0.15092409295395923,0.15092409295476272,0.14963652310163011,0.14963652309946476,0.14963652309783615,0.14963652309946476,0.14963652310163011,0.14963652309946476,0.14963652309636452,0.14963652309374137,0.14963652309636452,0.14963652309946476,0.14963652309783615,0.14963652309374137,0.14963652308986156,0.14963652309374137,0.14963652309783615,0.14963652309946476,0.14963652309636452,0.14963652309374137,0.14963652309636452,0.14963652309946476,0.14963652310163011,0.14963652309946476,0.14963652309783615,0.14963652309946476,0.14963652310163011,0.1483745363740417,0.14837453636866285,0.14837453636416617,0.14837453636866285,0.1483745363740417,0.14837453636866285,0.14837453635988357,0.1483745363509757,0.14837453635988357,0.14837453636866285,0.14837453636416617,0.1483745363509757,0.14837453633431752,0.1483745363509757,0.14837453636416617,0.14837453636866285,0.14837453635988357,0.1483745363509757,0.14837453635988357,0.14837453636866285,0.1483745363740417,0.14837453636866285,0.14837453636416617,0.14837453636866285,0.1483745363740417,0.14713758226151702,0.14713758224991588,0.14713758223867765,0.14713758224991588,0.14713758226151702,0.14713758224991588,0.14713758222744888,0.1471375821978428,0.14713758222744888,0.14713758224991588,0.14713758223867765,0.1471375821978428,0.1471375821169607,0.1471375821978428,0.14713758223867765,0.14713758224991588,0.14713758222744888,0.1471375821978428,0.14713758222744888,0.14713758224991588,0.14713758226151702,0.14713758224991588,0.14713758223867765,0.14713758224991588,0.14713758226151702,0.1459251181241628,0.14592511810510747,0.14592511808315106,0.14592511810510747,0.1459251181241628,0.14592511810510747,0.14592511806059108,0.14592511797647126,0.14592511806059108,0.14592511810510747,0.14592511808315106,0.14592511797647126,0.1459251175320209,0.14592511797647126,0.14592511808315106,0.14592511810510747,0.14592511806059108,0.14592511797647126,0.14592511806059108,0.14592511810510747,0.1459251181241628,0.14592511810510747,0.14592511808315106,0.14592511810510747,0.1459251181241628,0.14473660956252932,0.1447366095455285,0.14473660952856593,0.1447366095455285,0.14473660956252932,0.1447366095455285,0.14473660951150472,0.14473660946307937,0.14473660951150472,0.1447366095455285,0.14473660952856593,0.14473660946307937,0.14473660929867435,0.14473660946307937,0.14473660952856593,0.1447366095455285,0.14473660951150472,0.14473660946307937,0.14473660951150472,0.1447366095455285,0.14473660956252932,0.1447366095455285,0.14473660952856593,0.1447366095455285,0.14473660956252932,0.14357153071020745,0.14357153069525969,0.14357153068084003,0.14357153069525969,0.14357153071020745,0.14357153069525969,0.1435715306664871,0.1435715306265464,0.1435715306664871,0.14357153069525969,0.14357153068084003,0.1435715306265464,0.14357153048265384,0.1435715306265464,0.14357153068084003,0.14357153069525969,0.1435715306664871,0.1435715306265464,0.1435715306664871,0.14357153069525969,0.14357153071020745,0.14357153069525969,0.14357153068084003,0.14357153069525969,0.14357153071020745,0.14242936451461014,0.14242936450002613,0.1424293644852881,0.14242936450002613,0.14242936451461014,0.14242936450002613,0.14242936447044693,0.14242936442603205,0.14242936447044693,0.14242936450002613,0.1424293644852881,0.14242936442603205,0.14242936425022176,0.14242936442603205,0.1424293644852881,0.14242936450002613,0.14242936447044693,0.14242936442603205,0.14242936447044693,0.14242936450002613,0.14242936451461014,0.14242936450002613,0.1424293644852881,0.14242936450002613,0.14242936451461014,0.14130960295334027,0.14130960293969783,0.14130960292467584,0.14130960293969783,0.14130960295334027,0.14130960293969783,0.14130960290921724,0.1413096028582256,0.14130960290921724,0.14130960293969783,0.14130960292467584,0.1413096028582256,0.1413096026367785,0.1413096028582256,0.14130960292467584,0.14130960293969783,0.14130960290921724,0.1413096028582256,0.14130960290921724,0.14130960293969783,0.14130960295334027,0.14130960293969783,0.14130960292467584,0.14130960293969783,0.14130960295334027,0.14021174719845872,0.140211747190487,0.14021174717986257,0.140211747190487,0.14021174719845872,0.140211747190487,0.14021174716853535,0.14021174712321055,0.14021174716853535,0.140211747190487,0.14021174717986257,0.14021174712321055,0.14021174688447163,0.14021174712321055,0.14021174717986257,0.140211747190487,0.14021174716853535,0.14021174712321055,0.14021174716853535,0.140211747190487,0.14021174719845872,0.140211747190487,0.14021174717986257,0.140211747190487,0.14021174719845872,0.13913530773702648,0.139135307743735,0.13913530774870794,0.139135307743735,0.13913530773702648,0.139135307743735,0.13913530775327024,0.13913530775975286,0.13913530775327024,0.139135307743735,0.13913530774870794,0.13913530775975286,0.13913530776004107,0.13913530775975286,0.13913530774870794,0.139135307743735,0.13913530775327024,0.13913530775975286,0.13913530775327024,0.139135307743735,0.13913530773702648,0.139135307743735,0.13913530774870794,0.139135307743735,0.13913530773702648,0.13807980445535303,0.13807980448272683,0.13807980451041058,0.13807980448272683,0.13807980445535303,0.13807980448272683,0.13807980453849958,0.1380798046156195,0.13807980453849958,0.13807980448272683,0.13807980451041058,0.1380798046156195,0.13807980483452834,0.1380798046156195,0.13807980451041058,0.13807980448272683,0.13807980453849958,0.1380798046156195,0.13807980453849958,0.13807980448272683,0.13807980445535303,0.13807980448272683,0.13807980451041058,0.13807980448272683,0.13807980445535303,0.1370447667058607,0.13704476675279043,0.13704476680992111,0.13704476675279043,0.1370447667058607,0.13704476675279043,0.13704476686921716,0.13704476710379287,0.13704476686921716,0.13704476675279043,0.13704476680992111,0.13704476710379287,0.13704476840617444,0.13704476710379287,0.13704476680992111,0.13704476675279043,0.13704476686921716,0.13704476710379287,0.13704476686921716,0.13704476675279043,0.1370447667058607,0.13704476675279043,0.13704476680992111,0.13704476675279043,0.1370447667058607,0.13602973335332758,0.1360297333862653,0.13602973341855995,0.1360297333862653,0.13602973335332758,0.1360297333862653,0.13602973345098057,0.13602973353764222,0.13602973345098057,0.1360297333862653,0.13602973341855995,0.13602973353764222,0.136029733778341,0.13602973353764222,0.13602973341855995,0.1360297333862653,0.13602973345098057,0.13602973353764222,0.13602973345098057,0.1360297333862653,0.13602973335332758,0.1360297333862653,0.13602973341855995,0.1360297333862653,0.13602973335332758,0.1350342528475106,0.13503425286817475,0.1350342528852463,0.13503425286817475,0.1350342528475106,0.13503425286817475,0.1350342529014558,0.13503425293447552,0.1350342529014558,0.13503425286817475,0.1350342528852463,0.13503425293447552,0.13503425299455238,0.13503425293447552,0.1350342528852463,0.13503425286817475,0.1350342529014558,0.13503425293447552,0.1350342529014558,0.13503425286817475,0.1350342528475106,0.13503425286817475,0.1350342528852463,0.13503425286817475,0.1350342528475106
0.16533248756440566,0.16533248756440566,0.16533248756440566,0.16533248756440566,0.16533248756440566,0.16533248756440566,0.16533248756440566,0.16533248756440566,0.16533248756440566,0.16533248756440566,0.16533248756440566,0.16533248756440566,0.16533248756440566,0.16533248756440566,0.16533248756440566,0.16533248756440566,0.16533248756440566,0.16533248756440566,0.16533248756440566,0.16533248756440566,0.16533248756440566,0.16533248756440566,0.16533248756440566,0.16533248756440566,0.16533248756440566,0.16375749385006486,0.16375749385006486,0.16375749385006486,0.16375749385006486,0.16375749385006486,0.16375749385006486,0.16375749385006486,0.16375749385006486,0.16375749385006486,0.16375749385006486,0.16375749385006486,0.16375749385006486,0.16375749385006486,0.16375749385006486,0.16375749385006486,0.16375749385006486,0.16375749385006486,0.16375749385006486,0.16375749385006486,0.16375749385006486,0.16375749385006486,0.16375749385006486,0.16375749385006486,0.16375749385006486,0.16375749385006486,0.1622138840675819,0.16221388406758167,0.16221388406758167,0.16221388406758167,0.1622138840675819,0.16221388406758167,0.16221388406758167,0.16221388406758144,0.16221388406758167,0.16221388406758167,0.16221388406758167,0.16221388406758144,0.16221388406758144,0.16221388406758144,0.16221388406758167,0.16221388406758167,0.16221388406758167,0.16221388406758144,0.16221388406758167,0.16221388406758167,0.1622138840675819,0.16221388406758167,0.16221388406758167,0.16221388406758167,0.1622138840675819,0.1607010671739979,0.16070106717399768,0.16070106717399746,0.16070106717399768,0.1607010671739979,0.16070106717399768,0.16070106717399724,0.16070106717399701,0.16070106717399724,0.16070106717399768,0.16070106717399746,0.16070106717399701,0.1607010671739968,0.16070106717399701,0.16070106717399746,0.16070106717399768,0.16070106717399724,0.16070106717399701,0.16070106717399724,0.16070106717399768,0.1607010671739979,0.16070106717399768,0.16070106717399746,0.16070106717399768,0.1607010671739979,0.1592184515442927,0.15921845154429162,0.15921845154429093,0.15921845154429162,0.1592184515442927,0.15921845154429162,0.1592184515442905,0.15921845154428987,0.1592184515442905,0.15921845154429162,0.15921845154429093,0.15921845154428987,0.1592184515442892,0.15921845154428987,0.15921845154429093,0.15921845154429162,0.1592184515442905,0.15921845154428987,0.1592184515442905,0.15921845154429162,0.1592184515442927,0.15921845154429162,0.15921845154429093,0.15921845154429162,0.1592184515442927,0.15776544632323516,0.15776544632323175,0.1577654463232296,0.15776544632323175,0.15776544632323516,0.15776544632323175,0.15776544632322834,0.15776544632322598,0.15776544632322834,0.15776544632323175,0.1577654463232296,0.15776544632322598,0.15776544632322387,0.15776544632322598,0.1577654463232296,0.15776544632323175,0.15776544632322834,0.15776544632322598,0.15776544632322834,0.15776544632323175,0.15776544632323516,0.15776544632323175,0.1577654463232296,0.15776544632323175,0.15776544632323516,0.1563414626397087,0.15634146263969845,0.15634146263969195,0.15634146263969845,0.1563414626397087,0.15634146263969845,0.15634146263968735,0.15634146263968043,0.15634146263968735,0.15634146263969845,0.15634146263969195,0.15634146263968043,0.15634146263967333,0.15634146263968043,0.15634146263969195,0.15634146263969845,0.15634146263968735,0.15634146263968043,0.15634146263968735,0.15634146263969845,0.1563414626397087,0.15634146263969845,0.15634146263969195,0.15634146263969845,0.1563414626397087,0.15494591469377872,0.15494591469374716,0.1549459146937273,0.15494591469374716,0.15494591469377872,0.15494591469374716,0.15494591469371294,0.1549459146936908,0.15494591469371294,0.15494591469374716,0.1549459146937273,0.1549459146936908,0.15494591469366725,0.1549459146936908,0.1549459146937273,0.15494591469374716,0.15494591469371294,0.1549459146936908,0.15494591469371294,0.15494591469374716,0.15494591469377872,0.15494591469374716,0.1549459146937273,0.15494591469374716,0.15494591469377872,0.15357822072621574,0.15357822072612157,0.1535782207260605,0.15357822072612157,0.15357822072621574,0.15357822072612157,0.15357822072601454,0.1535782207259434,0.15357822072601454,0.15357822072612157,0.1535782207260605,0.1535782207259434,0.1535782207258645,0.1535782207259434,0.1535782207260605,0.15357822072612157,0.15357822072601454,0.1535782207259434,0.15357822072601454,0.15357822072612157,0.15357822072621574,0.15357822072612157,0.1535782207260605,0.15357822072612157,0.15357822072621574,0.15223780387965638,0.15223780387937982,0.15223780387919478,0.15223780387937982,0.15223780387965638,0.15223780387937982,0.15223780387904737,0.15223780387881392,0.15223780387904737,0.15223780387937982,0.15223780387919478,0.15223780387881392,0.1522378038785391,0.15223780387881392,0.15223780387919478,0.15223780387937982,0.15223780387904737,0.15223780387881392,0.15223780387904737,0.15223780387937982,0.15223780387965638,0.15223780387937982,0.15223780387919478,0.15223780387937982,0.15223780387965638,0.15092409296007037,0.1509240929592859,0.1509240929587363,0.1509240929592859,0.15092409296007037,0.1509240929592859,0.15092409295826867,0.1509240929575018,0.15092409295826867,0.1509240929592859,0.1509240929587363,0.1509240929575018,0.15092409295652234,0.1509240929575018,0.1509240929587363,0.1509240929592859,0.15092409295826867,0.1509240929575018,0.15092409295826867,0.1509240929592859,0.15092409296007037,0.1509240929592859,0.1509240929587363,0.1509240929592859,0.15092409296007037,0.14963652310678136,0.14963652310466624,0.14963652310307607,0.14963652310466624,0.14963652310678136,0.14963652310466624,0.1496365231016398,0.14963652309908035,0.1496365231016398,0.14963652310466624,0.14963652310307607,0.14963652309908035,0.1496365230952975,0.14963652309908035,0.14963652310307607,0.14963652310466624,0.1496365231016398,0.14963652309908035,0.1496365231016398,0.14963652310466624,0.14963652310678136,0.14963652310466624,0.14963652310307607,0.14963652310466624,0.14963652310678136,0.148374536378934,0.1483745363736773,0.14837453636928574,0.1483745363736773,0.148374536378934,0.1483745363736773,0.1483745363651045,0.1483745363564144,0.1483745363651045,0.1483745363736773,0.14837453636928574,0.1483745363564144,0.1483745363401784,0.1483745363564144,0.14837453636928574,0.1483745363736773,0.1483745363651045,0.1483745363564144,0.1483745363651045,0.1483745363736773,0.148374536378934,0.1483745363736773,0.14837453636928574,0.1483745363736773,0.148374536378934,0.14713758226589824,0.14713758225454832,0.14713758224356605,0.14713758225454832,0.14713758226589824,0.14713758225454832,0.14713758223259668,0.14713758220371248,0.14713758223259668,0.14713758225454832,0.14713758224356605,0.14713758220371248,0.1471375821249122,0.14713758220371248,0.14713758224356605,0.14713758225454832,0.14713758223259668,0.14713758220371248,0.14713758223259668,0.14713758225454832,0.14713758226589824,0.14713758225454832,0.14713758224356605,0.14713758225454832,0.14713758226589824,0.14592511812750844,0.14592511810881795,0.14592511808732295,0.14592511810881795,0.14592511812750844,0.14592511810881795,0.1459251180652437,0.14592511798311822,0.1459251180652437,0.14592511810881795,0.14592511808732295,0.14592511798311822,0.1459251175502675,0.14592511798311822,0.14592511808732295,0.14592511810881795,0.1459251180652437,0.14592511798311822,0.1459251180652437,0.14592511810881795,0.14592511812750844,0.14592511810881795,0.14592511808732295,0.14592511810881795,0.14592511812750844,0.1447366095640725,0.14473660954723314,0.14473660953040832,0.14473660954723314,0.1447366095640725,0.14473660954723314,0.1447366095134822,0.14473660946526384,0.1447366095134822,0.14473660954723314,0.14473660953040832,0.14473660946526384,0.14473660930013588,0.14473660946526384,0.14473660953040832,0.14473660954723314,0.1447366095134822,0.14473660946526384,0.1447366095134822,0.14473660954723314,0.1447366095640725,0.14473660954723314,0.14473660953040832,0.14473660954723314,0.1447366095640725,0.14357153070959078,0.14357153069467485,0.14357153068025327,0.14357153069467485,0.14357153070959078,0.14357153069467485,0.14357153066589093,0.1435715306257718,0.14357153066589093,0.14357153069467485,0.14357153068025327,0.1435715306257718,0.14357153048048138,0.1435715306257718,0.14357153068025327,0.14357153069467485,0.14357153066589093,0.1435715306257718,0.14357153066589093,0.14357153069467485,0.14357153070959078,0.14357153069467485,0.14357153068025327,0.14357153069467485,0.14357153070959078,0.14242936451173807,0.1424293644971668,0.14242936448243013,0.1424293644971668,0.14242936451173807,0.1424293644971668,0.14242936446758675,0.14242936442312626,0.14242936446758675,0.1424293644971668,0.14242936448243013,0.14242936442312626,0.14242936424696334,0.14242936442312626,0.14242936448243013,0.1424293644971668,0.14242936446758675,0.14242936442312626,0.14242936446758675,0.1424293644971668,0.14242936451173807,0.1424293644971668,0.14242936448243013,0.1424293644971668,0.14242936451173807,0.14130960294815417,0.1413096029345443,0.14130960291956574,0.1413096029345443,0.14130960294815417,0.1413096029345443,0.14130960290415348,0.14130960285334426,0.14130960290415348,0.1413096029345443,0.14130960291956574,0.14130960285334426,0.1413096026328022,0.14130960285334426,0.14130960291956574,0.1413096029345443,0.14130960290415348,0.14130960285334426,0.14130960290415348,0.1413096029345443,0.14130960294815417,0.1413096029345443,0.14130960291956574,0.1413096029345443,0.14130960294815417,0.1402117471908571,0.14021174718290055,0.1402117471723203,0.14021174718290055,0.1402117471908571,0.14021174718290055,0.14021174716104484,0.14021174711599965,0.14021174716104484,0.14021174718290055,0.1402117471723203,0.14021174711599965,0.14021174687900825,0.14021174711599965,0.1402117471723203,0.14021174718290055,0.14021174716104484,0.14021174711599965,0.14021174716104484,0.14021174718290055,0.1402117471908571,0.14021174718290055,0.1402117471723203,0.14021174718290055,0.1402117471908571,0.13913530772694083,0.13913530773354973,0.13913530773844537,0.13913530773354973,0.13913530772694083,0.13913530773354973,0.1391353077429356,0.13913530774929517,0.1391353077429356,0.13913530773354973,0.13913530773844537,0.13913530774929517,0.1391353077494536,0.13913530774929517,0.13913530773844537,0.13913530773354973,0.1391353077429356,0.13913530774929517,0.1391353077429356,0.13913530773354973,0.13913530772694083,0.13913530773354973,0.13913530773844537,0.13913530773354973,0.13913530772694083,0.13807980444294973,0.1380798044700333,0.1380798044974268,0.1380798044700333,0.13807980444294973,0.1380798044700333,0.13807980452522248,0.13807980460154515,0.13807980452522248,0.1380798044700333,0.1380798044974268,0.13807980460154515,0.13807980481821164,0.13807980460154515,0.1380798044974268,0.1380798044700333,0.13807980452522248,0.13807980460154515,0.13807980452522248,0.1380798044700333,0.13807980444294973,0.1380798044700333,0.1380798044974268,0.1380798044700333,0.13807980444294973,0.13704476669170013,0.13704476673815,0.137044766794699,0.13704476673815,0.13704476669170013,0.13704476673815,0.13704476685339226,0.13704476708558944,0.13704476685339226,0.13704476673815,0.137044766794699,0.13704476708558944,0.13704476837481294,0.13704476708558944,0.137044766794699,0.13704476673815,0.13704476685339226,0.13704476708558944,0.13704476685339226,0.13704476673815,0.13704476669170013,0.13704476673815,0.137044766794699,0.13704476673815,0.13704476669170013,0.1360297333383673,0.13602973337096982,0.13602973340293642,0.13602973337096982,0.1360297333383673,0.13602973337096982,0.13602973343502814,0.1360297335208114,0.13602973343502814,0.13602973337096982,0.13602973340293642,0.1360297335208114,0.13602973375907274,0.1360297335208114,0.13602973340293642,0.13602973337096982,0.13602973343502814,0.1360297335208114,0.13602973343502814,0.13602973337096982,0.1360297333383673,0.13602973337096982,0.13602973340293642,0.13602973337096982,0.1360297333383673,0.13503425283242035,0.13503425285287468,0.13503425286977286,0.13503425285287468,0.13503425283242035,0.13503425285287468,0.13503425288581805,0.13503425291850285,0.13503425288581805,0.13503425285287468,0.13503425286977286,0.13503425291850285,0.13503425297797125,0.13503425291850285,0.13503425286977286,0.13503425285287468,0.13503425288581805,0.13503425291850285,0.13503425288581805,0.13503425285287468,0.13503425283242035,0.13503425285287468,0.13503425286977286,0.13503425285287468,0.13503425283242035
0.1653324875710067,0.1653324875710067,0.1653324875710067,0.1653324875710067,0.1653324875710067,0.1653324875710067,0.1653324875710067,0.1653324875710067,0.1653324875710067,0.1653324875710067,0.1653324875710067,0.1653324875710067,0.1653324875710067,0.1653324875710067,0.1653324875710067,0.1653324875710067,0.1653324875710067,0.1653324875710067,0.1653324875710067,0.1653324875710067,0.1653324875710067,0.1653324875710067,0.1653324875710067,0.1653324875710067,0.1653324875710067,0.16375749385653562,0.16375749385653562,0.1637574938565354,0.16375749385653562,0.16375749385653562,0.16375749385653562,0.1637574938565354,0.1637574938565354,0.1637574938565354,0.16375749385653562,0.1637574938565354,0.1637574938565354,0.1637574938565354,0.1637574938565354,0.16375749385653562,0.16375749385653562,0.1637574938565354,0.1637574938565354,0.1637574938565354,0.16375749385653562,0.16375749385653562,0.16375749385653562,0.16375749385653562,0.16375749385653562,0.16375749385653562,0.16221388407392542,0.16221388407392542,0.1622138840739252,0.16221388407392542,0.16221388407392542,0.16221388407392542,0.1622138840739252,0.1622138840739252,0.1622138840739252,0.16221388407392542,0.1622138840739252,0.1622138840739252,0.1622138840739252,0.1622138840739252,0.1622138840739252,0.16221388407392542,0.1622138840739252,0.1622138840739252,0.1622138840739252,0.16221388407392542,0.16221388407392542,0.16221388407392542,0.1622138840739252,0.16221388407392542,0.16221388407392542,0.16070106718021795,0.16070106718021776,0.1607010671802175,0.16070106718021776,0.16070106718021795,0.16070106718021776,0.1607010671802173,0.16070106718021707,0.1607010671802173,0.16070106718021776,0.1607010671802175,0.16070106718021707,0.16070106718021684,0.16070106718021707,0.1607010671802175,0.16070106718021776,0.1607010671802173,0.16070106718021707,0.1607010671802173,0.16070106718021776,0.16070106718021795,0.16070106718021776,0.1607010671802175,0.16070106718021776,0.16070106718021795,0.15921845155039246,0.15921845155039135,0.15921845155039072,0.15921845155039135,0.15921845155039246,0.15921845155039135,0.1592184515503903,0.15921845155038963,0.1592184515503903,0.15921845155039135,0.15921845155039072,0.15921845155038963,0.15921845155038897,0.15921845155038963,0.15921845155039072,0.15921845155039135,0.1592184515503903,0.15921845155038963,0.1592184515503903,0.15921845155039135,0.15921845155039246,0.15921845155039135,0.15921845155039072,0.15921845155039135,0.15921845155039246,0.15776544632921802,0.1577654463292146,0.1577654463292127,0.1577654463292146,0.15776544632921802,0.1577654463292146,0.1577654463292112,0.15776544632920905,0.1577654463292112,0.1577654463292146,0.1577654463292127,0.15776544632920905,0.15776544632920692,0.15776544632920905,0.1577654463292127,0.1577654463292146,0.1577654463292112,0.15776544632920905,0.1577654463292112,0.1577654463292146,0.15776544632921802,0.1577654463292146,0.1577654463292127,0.1577654463292146,0.15776544632921802,0.1563414626455777,0.15634146264556764,0.15634146264556137,0.15634146264556764,0.1563414626455777,0.15634146264556764,0.15634146264555696,0.1563414626455503,0.15634146264555696,0.15634146264556764,0.15634146264556137,0.1563414626455503,0.1563414626455432,0.1563414626455503,0.15634146264556137,0.15634146264556764,0.15634146264555696,0.1563414626455503,0.15634146264555696,0.15634146264556764,0.1563414626455777,0.15634146264556764,0.15634146264556137,0.15634146264556764,0.1563414626455777,0.1549459146995367,0.15494591469950597,0.1549459146994865,0.15494591469950597,0.1549459146995367,0.15494591469950597,0.15494591469947255,0.15494591469945104,0.15494591469947255,0.15494591469950597,0.1549459146994865,0.15494591469945104,0.1549459146994283,0.15494591469945126,0.1549459146994865,0.15494591469950597,0.15494591469947255,0.15494591469945126,0.15494591469947255,0.15494591469950597,0.1549459146995367,0.15494591469950597,0.1549459146994865,0.15494591469950597,0.1549459146995367,0.15357822073186428,0.1535782207317725,0.15357822073171304,0.1535782207317725,0.15357822073186428,0.1535782207317725,0.15357822073166824,0.15357822073159896,0.15357822073166824,0.1535782207317725,0.15357822073171304,0.15357822073159896,0.15357822073152222,0.15357822073159896,0.15357822073171304,0.1535782207317725,0.15357822073166824,0.15357822073159896,0.15357822073166824,0.1535782207317725,0.15357822073186428,0.1535782207317725,0.15357822073171304,0.1535782207317725,0.15357822073186428,0.15223780388519345,0.1522378038849242,0.1522378038847439,0.1522378038849242,0.15223780388519345,0.1522378038849242,0.1522378038846002,0.15223780388437305,0.1522378038846002,0.1522378038849242,0.1522378038847439,0.15223780388437305,0.15223780388410532,0.15223780388437305,0.1522378038847439,0.1522378038849242,0.1522378038846002,0.15223780388437305,0.1522378038846002,0.1522378038849242,0.15223780388519345,0.1522378038849242,0.1522378038847439,0.1522378038849242,0.15223780388519345,0.15092409296548465,0.1509240929647199,0.15092409296418416,0.1509240929647199,0.15092409296548465,0.1509240929647199,0.1509240929637287,0.1509240929629817,0.1509240929637287,0.1509240929647199,0.15092409296418416,0.1509240929629817,0.1509240929620279,0.1509240929629817,0.15092409296418416,0.1509240929647199,0.1509240929637287,0.1509240929629817,0.1509240929637287,0.1509240929647199,0.15092409296548465,0.1509240929647199,0.15092409296418416,0.1509240929647199,0.15092409296548465,0.14963652311203465,0.14963652310997155,0.14963652310842146,0.14963652310997155,0.14963652311203465,0.14963652310997155,0.14963652310702186,0.14963652310452896,0.14963652310702186,0.14963652310997155,0.14963652310842146,0.14963652310452896,0.14963652310084674,0.14963652310452896,0.14963652310842146,0.14963652310997155,0.14963652310702186,0.14963652310452896,0.14963652310702186,0.14963652310997155,0.14963652311203465,0.14963652310997155,0.14963652310842146,0.14963652310997155,0.14963652311203465,0.14837453638391992,0.14837453637879003,0.14837453637450743,0.14837453637879003,0.14837453638391992,0.14837453637879003,0.14837453637043163,0.1483745363619678,0.14837453637043163,0.14837453637879003,0.14837453637450743,0.1483745363619678,0.1483745363461712,0.1483745363619678,0.14837453637450743,0.14837453637879003,0.14837453637043163,0.1483745363619678,0.14837453637043163,0.14837453637879003,0.14837453638391992,0.14837453637879003,0.14837453637450743,0.14837453637879003,0.14837453638391992,0.14713758227035428,0.1471375822592652,0.14713758224854873,0.1471375822592652,0.14713758227035428,0.1471375822592652,0.14713758223784912,0.14713758220971515,0.14713758223784912,0.1471375822592652,0.14713758224854873,0.14713758220971515,0.14713758213308187,0.14713758220971515,0.14713758224854873,0.1471375822592652,0.14713758223784912,0.14713758220971515,0.14713758223784912,0.1471375822592652,0.14713758227035428,0.1471375822592652,0.14713758224854873,0.1471375822592652,0.14713758227035428,0.14592511813089112,0.14592511811257833,0.14592511809156122,0.14592511811257833,0.14592511813089112,0.14592511811257833,0.14592511806998093,0.1459251179899281,0.14592511806998093,0.14592511811257833,0.14592511809156122,0.1459251179899281,0.14592511756913926,0.1459251179899281,0.14592511809156122,0.14592511811257833,0.14592511806998093,0.1459251179899281,0.14592511806998093,0.14592511811257833,0.14592511813089112,0.14592511811257833,0.14592511809156122,0.14592511811257833,0.14592511813089112,0.14473660956558812,0.14473660954891163,0.14473660953222467,0.14473660954891163,0.14473660956558812,0.14473660954891163,0.14473660951543385,0.14473660946741415,0.14473660951543385,0.14473660954891163,0.14473660953222467,0.14473660946741415,0.14473660930139437,0.14473660946741415,0.14473660953222467,0.14473660954891163,0.14473660951543385,0.14473660946741415,0.14473660951543385,0.14473660954891163,0.14473660956558812,0.14473660954891163,0.14473660953222467,0.14473660954891163,0.14473660956558812,0.14357153070887824,0.1435715306939875,0.14357153067955564,0.1435715306939875,0.14357153070887824,0.1435715306939875,0.14357153066517483,0.14357153062484404,0.14357153066517483,0.1435715306939875,0.14357153067955564,0.14357153062484404,0.1435715304780211,0.14357153062484404,0.14357153067955564,0.1435715306939875,0.14357153066517483,0.14357153062484404,0.14357153066517483,0.1435715306939875,0.14357153070887824,0.1435715306939875,0.14357153067955564,0.1435715306939875,0.14357153070887824,0.14242936450871535,0.14242936449414692,0.14242936447940086,0.14242936449414692,0.14242936450871535,0.14242936449414692,0.14242936446454457,0.14242936442000254,0.14242936446454457,0.14242936449414692,0.14242936447940086,0.14242936442000254,0.14242936424336303,0.14242936442000254,0.14242936447940086,0.14242936449414692,0.14242936446454457,0.14242936442000254,0.14242936446454457,0.14242936449414692,0.14242936450871535,0.14242936449414692,0.14242936447940086,0.14242936449414692,0.14242936450871535,0.14130960294278205,0.1413096029291949,0.14130960291424954,0.1413096029291949,0.14130960294278205,0.1413096029291949,0.14130960289887332,0.1413096028482131,0.14130960289887332,0.1413096029291949,0.14130960291424954,0.1413096028482131,0.14130960262846787,0.1413096028482131,0.14130960291424954,0.1413096029291949,0.14130960289887332,0.1413096028482131,0.14130960289887332,0.1413096029291949,0.14130960294278205,0.1413096029291949,0.14130960291424954,0.1413096029291949,0.14130960294278205,0.14021174718305343,0.14021174717510462,0.14021174716456047,0.14021174717510462,0.14021174718305343,0.14021174717510462,0.14021174715332857,0.14021174710853637,0.14021174715332857,0.14021174717510462,0.14021174716456047,0.14021174710853637,0.14021174687315313,0.14021174710853637,0.14021174716456047,0.14021174717510462,0.14021174715332857,0.14021174710853637,0.14021174715332857,0.14021174717510462,0.14021174718305343,0.14021174717510462,0.14021174716456047,0.14021174717510462,0.14021174718305343,0.13913530771665217,0.139135307723158,0.13913530772797283,0.139135307723158,0.13913530771665217,0.139135307723158,0.1391353077323878,0.1391353077386163,0.1391353077323878,0.139135307723158,0.13913530772797283,0.1391353077386163,0.13913530773862418,0.1391353077386163,0.13913530772797283,0.139135307723158,0.1391353077323878,0.1391353077386163,0.1391353077323878,0.139135307723158,0.13913530771665217,0.139135307723158,0.13913530772797283,0.139135307723158,0.13913530771665217,0.13807980443035014,0.13807980445714269,0.13807980448424564,0.13807980445714269,0.13807980443035014,0.13807980445714269,0.1380798045117475,0.13807980458727295,0.1380798045117475,0.13807980445714269,0.13807980448424564,0.13807980458727295,0.13807980480170018,0.13807980458727295,0.13807980448424564,0.13807980445714269,0.1380798045117475,0.13807980458727295,0.1380798045117475,0.13807980445714269,0.13807980443035014,0.13807980445714269,0.13807980448424564,0.13807980445714269,0.13807980443035014,0.1370447666773515,0.1370447667233223,0.13704476677929114,0.1370447667233223,0.1370447666773515,0.1370447667233223,0.13704476683738304,0.137044767067209,0.13704476683738304,0.1370447667233223,0.13704476677929114,0.137044767067209,0.13704476834327775,0.137044767067209,0.13704476677929114,0.1370447667233223,0.13704476683738304,0.137044767067209,0.13704476683738304,0.1370447667233223,0.1370447666773515,0.1370447667233223,0.13704476677929114,0.1370447667233223,0.1370447666773515,0.1360297333232254,0.13602973335549362,0.13602973338713312,0.13602973335549362,0.1360297333232254,0.13602973335549362,0.13602973341889663,0.13602973350380404,0.1360297334188968,0.13602973335549362,0.13602973338713312,0.13602973350380404,0.13602973373963598,0.13602973350380404,0.13602973338713312,0.13602973335549362,0.1360297334188968,0.13602973350380404,0.13602973341889663,0.13602973335549362,0.1360297333232254,0.13602973335549362,0.13602973338713312,0.13602973335549362,0.1360297333232254,0.1350342528171533,0.1350342528373982,0.13503425285412357,0.1350342528373982,0.1350342528171533,0.1350342528373982,0.1350342528700048,0.1350342529023559,0.1350342528700048,0.1350342528373982,0.13503425285412357,0.1350342529023559,0.13503425296121754,0.1350342529023559,0.13503425285412357,0.1350342528373982,0.1350342528700048,0.1350342529023559,0.1350342528700048,0.1350342528373982,0.1350342528171533,0.1350342528373982,0.13503425285412357,0.1350342528373982,0.1350342528171533
0.16533248757773894,0.16533248757773894,0.16533248757773894,0.16533248757773894,0.16533248757773894,0.16533248757773894,0.16533248757773894,0.16533248757773894,0.16533248757773894,0.16533248757773894,0.16533248757773894,0.16533248757773894,0.16533248757773894,0.16533248757773894,0.16533248757773894,0.16533248757773894,0.16533248757773894,0.16533248757773894,0.16533248757773894,0.16533248757773894,0.16533248757773894,0.16533248757773894,0.16533248757773894,0.16533248757773894,0.16533248757773894,0.16375749386313473,0.16375749386313473,0.16375749386313473,0.16375749386313473,0.16375749386313473,0.16375749386313473,0.16375749386313473,0.16375749386313473,0.16375749386313473,0.16375749386313473,0.16375749386313473,0.16375749386313473,0.16375749386313473,0.16375749386313473,0.16375749386313473,0.16375749386313473,0.16375749386313473,0.16375749386313473,0.16375749386313473,0.16375749386313473,0.16375749386313473,0.16375749386313473,0.16375749386313473,0.16375749386313473,0.16375749386313473,0.16221388408039522,0.162213884080395,0.162213884080395,0.162213884080395,0.16221388408039522,0.162213884080395,0.162213884080395,0.1622138840803948,0.162213884080395,0.162213884080395,0.162213884080395,0.1622138840803948,0.1622138840803948,0.1622138840803948,0.162213884080395,0.162213884080395,0.162213884080395,0.1622138840803948,0.162213884080395,0.162213884080395,0.16221388408039522,0.162213884080395,0.162213884080395,0.162213884080395,0.16221388408039522,0.16070106718656155,0.16070106718656113,0.16070106718656085,0.16070106718656113,0.16070106718656155,0.16070106718656113,0.16070106718656085,0.16070106718656066,0.16070106718656085,0.16070106718656113,0.16070106718656085,0.16070106718656066,0.16070106718656044,0.16070106718656066,0.16070106718656085,0.16070106718656113,0.16070106718656085,0.16070106718656066,0.16070106718656085,0.16070106718656113,0.16070106718656155,0.16070106718656113,0.16070106718656085,0.16070106718656113,0.16070106718656155,0.1592184515566133,0.1592184515566122,0.15921845155661155,0.1592184515566122,0.1592184515566133,0.1592184515566122,0.1592184515566111,0.15921845155661046,0.1592184515566111,0.1592184515566122,0.15921845155661155,0.15921845155661046,0.1592184515566098,0.15921845155661046,0.15921845155661155,0.1592184515566122,0.1592184515566111,0.15921845155661046,0.1592184515566111,0.1592184515566122,0.1592184515566133,0.1592184515566122,0.15921845155661155,0.1592184515566122,0.1592184515566133,0.15776544633531928,0.15776544633531608,0.15776544633531417,0.15776544633531608,0.15776544633531928,0.15776544633531608,0.15776544633531267,0.15776544633531076,0.15776544633531267,0.15776544633531608,0.15776544633531417,0.15776544633531076,0.15776544633530862,0.15776544633531076,0.15776544633531417,0.15776544633531608,0.15776544633531267,0.15776544633531076,0.15776544633531267,0.15776544633531608,0.15776544633531928,0.15776544633531608,0.15776544633531417,0.15776544633531608,0.15776544633531928,0.15634146265156273,0.1563414626515531,0.15634146265154686,0.1563414626515531,0.15634146265156273,0.1563414626515531,0.15634146265154267,0.15634146265153617,0.15634146265154267,0.1563414626515531,0.15634146265154686,0.15634146265153617,0.15634146265152926,0.15634146265153617,0.15634146265154686,0.1563414626515531,0.15634146265154267,0.15634146265153617,0.15634146265154267,0.1563414626515531,0.15634146265156273,0.1563414626515531,0.15634146265154686,0.1563414626515531,0.15634146265156273,0.15494591470540822,0.1549459147053785,0.15494591470535962,0.1549459147053785,0.15494591470540822,0.1549459147053785,0.1549459147053461,0.1549459147053252,0.1549459147053461,0.1549459147053785,0.15494591470535962,0.1549459147053252,0.15494591470530286,0.1549459147053252,0.15494591470535962,0.1549459147053785,0.1549459147053461,0.1549459147053252,0.1549459147053461,0.1549459147053785,0.15494591470540822,0.1549459147053785,0.15494591470535962,0.1549459147053785,0.15494591470540822,0.15357822073762403,0.15357822073753488,0.15357822073747704,0.15357822073753488,0.15357822073762425,0.15357822073753488,0.15357822073743344,0.15357822073736618,0.15357822073743344,0.15357822073753488,0.15357822073747704,0.15357822073736618,0.15357822073729147,0.15357822073736618,0.15357822073747704,0.15357822073753488,0.15357822073743344,0.15357822073736618,0.15357822073743344,0.15357822073753488,0.15357822073762425,0.15357822073753488,0.15357822073747704,0.15357822073753488,0.15357822073762425,0.1522378038908394,0.15223780389057723,0.15223780389040184,0.15223780389057723,0.1522378038908394,0.15223780389057723,0.15223780389026226,0.15223780389004163,0.15223780389026226,0.15223780389057723,0.15223780389040184,0.15223780389004163,0.1522378038897816,0.15223780389004163,0.15223780389040184,0.15223780389057723,0.15223780389026226,0.15223780389004163,0.15223780389026226,0.15223780389057723,0.1522378038908394,0.15223780389057723,0.15223780389040184,0.15223780389057723,0.1522378038908394,0.15092409297100465,0.1509240929702602,0.1509240929697389,0.1509240929702602,0.15092409297100465,0.1509240929702602,0.15092409296929618,0.15092409296856965,0.15092409296929618,0.1509240929702602,0.1509240929697389,0.15092409296856965,0.15092409296764248,0.15092409296856965,0.1509240929697389,0.1509240929702602,0.15092409296929618,0.15092409296856965,0.15092409296929618,0.1509240929702602,0.15092409297100465,0.1509240929702602,0.1509240929697389,0.1509240929702602,0.15092409297100465,0.14963652311738895,0.14963652311538012,0.1496365231138714,0.14963652311538012,0.14963652311738895,0.14963652311538012,0.14963652311250983,0.14963652311008577,0.14963652311250983,0.14963652311538012,0.1496365231138714,0.14963652311008577,0.1496365231065081,0.14963652311008577,0.1496365231138714,0.14963652311538012,0.14963652311250983,0.14963652311008577,0.14963652311250983,0.14963652311538012,0.14963652311738895,0.14963652311538012,0.1496365231138714,0.14963652311538012,0.14963652311738895,0.14837453638899836,0.14837453638399964,0.14837453637983028,0.14837453638399964,0.14837453638899836,0.14837453638399964,0.14837453637586384,0.148374536367635,0.14837453637586384,0.14837453638399964,0.14837453637983028,0.148374536367635,0.1483745363522945,0.148374536367635,0.14837453637983028,0.14837453638399964,0.14837453637586384,0.148374536367635,0.14837453637586384,0.14837453638399964,0.14837453638899836,0.14837453638399964,0.14837453637983028,0.14837453638399964,0.14837453638899836,0.14713758227488483,0.14713758226406587,0.14713758225362478,0.14713758226406587,0.14713758227488483,0.14713758226406587,0.14713758224320475,0.14713758221584955,0.14713758224320475,0.14713758226406587,0.14713758225362478,0.14713758221584955,0.14713758214146663,0.14713758221584955,0.14713758225362478,0.14713758226406587,0.14713758224320475,0.14713758221584955,0.14713758224320475,0.14713758226406587,0.14713758227488483,0.14713758226406587,0.14713758225362478,0.14713758226406587,0.14713758227488483,0.1459251181343107,0.14592511811638784,0.14592511809586575,0.14592511811638784,0.1459251181343107,0.14592511811638784,0.14592511807480166,0.14592511799689895,0.14592511807480166,0.14592511811638784,0.14592511809586575,0.14592511799689895,0.14592511758866167,0.14592511799689895,0.14592511809586575,0.14592511811638784,0.14592511807480166,0.14592511799689895,0.14592511807480166,0.14592511811638784,0.1459251181343107,0.14592511811638784,0.14592511809586575,0.14592511811638784,0.1459251181343107,0.14473660956707704,0.1447366095505646,0.1447366095340159,0.1447366095505646,0.14473660956707704,0.1447366095505646,0.14473660951736053,0.1447366094695316,0.14473660951736053,0.1447366095505646,0.1447366095340159,0.1447366094695316,0.1447366093025656,0.1447366094695316,0.14473660953401574,0.1447366095505646,0.14473660951736053,0.1447366094695316,0.14473660951736053,0.1447366095505646,0.14473660956707704,0.1447366095505646,0.14473660953401574,0.1447366095505646,0.14473660956707704,0.143571530708072,0.14357153069319933,0.1435715306787492,0.14357153069319933,0.143571530708072,0.14357153069319933,0.14357153066434114,0.14357153062376635,0.14357153066434114,0.14357153069319933,0.1435715306787492,0.14357153062376635,0.14357153047522495,0.14357153062376635,0.1435715306787492,0.14357153069319933,0.14357153066434114,0.14357153062376635,0.14357153066434114,0.14357153069319933,0.143571530708072,0.14357153069319933,0.1435715306787492,0.14357153069319933,0.143571530708072,0.14242936450554433,0.14242936449096935,0.14242936447620316,0.14242936449096935,0.14242936450554433,0.14242936449096935,0.14242936446132287,0.14242936441666446,0.14242936446132287,0.14242936449096935,0.14242936447620316,0.14242936441666446,0.14242936423943212,0.14242936441666446,0.14242936447620316,0.14242936449096935,0.14242936446132287,0.14242936441666446,0.14242936446132287,0.14242936449096935,0.14242936450554433,0.14242936449096935,0.14242936447620316,0.14242936449096935,0.14242936450554433,0.14130960293722625,0.1413096029236524,0.14130960290873007,0.1413096029236524,0.14130960293722625,0.1413096029236524,0.14130960289337982,0.14130960284283603,0.14130960289337982,0.1413096029236524,0.14130960290873007,0.14130960284283603,0.14130960262368356,0.14130960284283603,0.14130960290873007,0.1413096029236524,0.14130960289337982,0.14130960284283603,0.14130960289337982,0.1413096029236524,0.14130960293722625,0.1413096029236524,0.14130960290873007,0.1413096029236524,0.14130960293722625,0.1402117471750498,0.1402117471671015,0.14021174715658571,0.1402117471671015,0.1402117471750498,0.1402117471671015,0.14021174714538912,0.14021174710082415,0.14021174714538912,0.1402117471671015,0.14021174715658571,0.14021174710082415,0.1402117468669686,0.14021174710082415,0.14021174715658571,0.1402117471671015,0.14021174714538912,0.14021174710082415,0.14021174714538912,0.1402117471671015,0.1402117471750498,0.1402117471671015,0.14021174715658571,0.1402117471671015,0.1402117471750498,0.13913530770616242,0.1391353077125612,0.1391353077172919,0.1391353077125612,0.13913530770616242,0.1391353077125612,0.13913530772162827,0.13913530772771762,0.13913530772162827,0.1391353077125612,0.1391353077172919,0.13913530772771762,0.13913530772755478,0.13913530772771762,0.1391353077172919,0.1391353077125612,0.13913530772162827,0.13913530772771762,0.13913530772162827,0.1391353077125612,0.13913530770616242,0.1391353077125612,0.1391353077172919,0.1391353077125612,0.13913530770616242,0.13807980441755502,0.13807980444405582,0.13807980447086757,0.13807980444405582,0.13807980441755502,0.13807980444405582,0.13807980449807533,0.13807980457280358,0.13807980449807533,0.13807980444405582,0.13807980447086757,0.13807980457280358,0.13807980478499368,0.13807980457280358,0.13807980447086757,0.13807980444405582,0.13807980449807533,0.13807980457280358,0.13807980449807533,0.13807980444405582,0.13807980441755502,0.13807980444405582,0.13807980447086757,0.13807980444405582,0.13807980441755502,0.13704476666281495,0.13704476670830776,0.13704476676369762,0.13704476670830776,0.13704476666281495,0.13704476670830776,0.13704476682118943,0.13704476704865043,0.13704476682118943,0.13704476670830776,0.13704476676369762,0.13704476704865043,0.13704476831160112,0.13704476704865043,0.13704476676369762,0.13704476670830776,0.13704476682118943,0.13704476704865043,0.13704476682118943,0.13704476670830776,0.13704476666281495,0.13704476670830776,0.13704476676369762,0.13704476670830776,0.13704476666281495,0.13602973330790175,0.13602973333983642,0.13602973337114965,0.13602973333983642,0.13602973330790175,0.13602973333983642,0.13602973340258603,0.13602973348661998,0.13602973340258603,0.1360297333398366,0.13602973337114965,0.13602973348661998,0.13602973372002924,0.13602973348661998,0.13602973337114965,0.13602973333983642,0.13602973340258603,0.13602973348661998,0.13602973340258603,0.13602973333983642,0.13602973330790175,0.1360297333398366,0.13602973337114965,0.13602973333983642,0.13602973330790175,0.13503425280170886,0.13503425282174494,0.135034252838298,0.13503425282174494,0.13503425280170886,0.13503425282174494,0.1350342528540156,0.1350342528860339,0.1350342528540156,0.13503425282174494,0.135034252838298,0.1350342528860339,0.13503425294429064,0.1350342528860339,0.135034252838298,0.13503425282174494,0.1350342528540156,0.1350342528860339,0.1350342528540156,0.13503425282174494,0.13503425280170886,0.13503425282174494,0.135034252838298,0.13503425282174494,0.13503425280170886
0.165332487584601,0.165332487584601,0.165332487584601,0.165332487584601,0.165332487584601,0.165332487584601,0.165332487584601,0.165332487584601,0.165332487584601,0.165332487584601,0.165332487584601,0.165332487584601,0.165332487584601,0.165332487584601,0.165332487584601,0.165332487584601,0.165332487584601,0.165332487584601,0.165332487584601,0.165332487584601,0.165332487584601,0.165332487584601,0.165332487584601,0.165332487584601,0.165332487584601,0.16375749386986155,0.16375749386986133,0.16375749386986133,0.16375749386986133,0.16375749386986155,0.16375749386986133,0.16375749386986133,0.16375749386986133,0.16375749386986133,0.16375749386986133,0.16375749386986133,0.16375749386986133,0.16375749386986133,0.16375749386986133,0.16375749386986133,0.16375749386986133,0.16375749386986133,0.16375749386986133,0.16375749386986133,0.16375749386986133,0.16375749386986155,0.16375749386986133,0.16375749386986133,0.16375749386986133,0.16375749386986155,0.16221388408698972,0.1622138840869895,0.1622138840869895,0.1622138840869895,0.16221388408698972,0.1622138840869895,0.1622138840869895,0.16221388408698928,0.1622138840869895,0.1622138840869895,0.1622138840869895,0.16221388408698928,0.16221388408698928,0.16221388408698928,0.1622138840869895,0.1622138840869895,0.1622138840869895,0.16221388408698928,0.1622138840869895,0.1622138840869895,0.16221388408698972,0.1622138840869895,0.1622138840869895,0.1622138840869895,0.16221388408698972,0.16070106719302732,0.16070106719302707,0.16070106719302688,0.16070106719302707,0.16070106719302732,0.16070106719302707,0.16070106719302665,0.16070106719302643,0.16070106719302665,0.16070106719302707,0.16070106719302688,0.16070106719302643,0.1607010671930262,0.16070106719302643,0.16070106719302688,0.16070106719302707,0.16070106719302665,0.16070106719302643,0.16070106719302665,0.16070106719302707,0.16070106719302732,0.16070106719302707,0.16070106719302688,0.16070106719302707,0.16070106719302732,0.15921845156295386,0.15921845156295275,0.15921845156295214,0.15921845156295275,0.15921845156295386,0.15921845156295275,0.15921845156295167,0.15921845156295103,0.15921845156295167,0.15921845156295275,0.15921845156295214,0.15921845156295103,0.15921845156295036,0.15921845156295103,0.15921845156295214,0.15921845156295275,0.15921845156295167,0.15921845156295103,0.15921845156295167,0.15921845156295275,0.15921845156295386,0.15921845156295275,0.15921845156295214,0.15921845156295275,0.15921845156295386,0.15776544634153788,0.15776544634153492,0.157765446341533,0.15776544634153492,0.15776544634153788,0.15776544634153492,0.1577654463415317,0.15776544634152956,0.1577654463415317,0.15776544634153492,0.157765446341533,0.15776544634152956,0.15776544634152764,0.15776544634152956,0.157765446341533,0.15776544634153492,0.1577654463415317,0.15776544634152956,0.1577654463415317,0.15776544634153492,0.15776544634153788,0.15776544634153492,0.157765446341533,0.15776544634153492,0.15776544634153788,0.15634146265766302,0.1563414626576534,0.15634146265764753,0.1563414626576534,0.15634146265766302,0.1563414626576534,0.15634146265764334,0.15634146265763707,0.15634146265764334,0.1563414626576534,0.15634146265764753,0.15634146265763707,0.15634146265763038,0.15634146265763707,0.15634146265764753,0.1563414626576534,0.15634146265764334,0.15634146265763707,0.15634146265764334,0.1563414626576534,0.15634146265766302,0.1563414626576534,0.15634146265764753,0.1563414626576534,0.15634146265766302,0.15494591471139263,0.15494591471136374,0.15494591471134528,0.15494591471136374,0.15494591471139263,0.15494591471136374,0.15494591471133218,0.1549459147113119,0.15494591471133218,0.15494591471136374,0.15494591471134528,0.1549459147113119,0.15494591471129038,0.1549459147113119,0.15494591471134528,0.15494591471136374,0.15494591471133218,0.1549459147113119,0.15494591471133218,0.15494591471136374,0.15494591471139263,0.15494591471136374,0.15494591471134528,0.15494591471136374,0.15494591471139263,0.1535782207434943,0.15357822074340752,0.1535782207433513,0.15357822074340752,0.1535782207434943,0.15357822074340752,0.15357822074330912,0.15357822074324384,0.15357822074330912,0.15357822074340752,0.1535782207433513,0.15357822074324384,0.15357822074317135,0.15357822074324384,0.1535782207433513,0.15357822074340752,0.15357822074330912,0.15357822074324384,0.15357822074330912,0.15357822074340752,0.1535782207434943,0.15357822074340752,0.1535782207433513,0.15357822074340752,0.1535782207434943,0.15223780389659303,0.1522378038963385,0.15223780389616826,0.1522378038963385,0.15223780389659303,0.1522378038963385,0.1522378038960328,0.15223780389581884,0.1522378038960328,0.1522378038963385,0.15223780389616826,0.15223780389581884,0.15223780389556651,0.15223780389581884,0.15223780389616826,0.1522378038963385,0.1522378038960328,0.15223780389581884,0.1522378038960328,0.1522378038963385,0.15223780389659303,0.1522378038963385,0.15223780389616826,0.1522378038963385,0.15223780389659303,0.15092409297662923,0.15092409297590598,0.15092409297539958,0.15092409297590598,0.15092409297662923,0.15092409297590598,0.15092409297496995,0.15092409297426462,0.15092409297496995,0.15092409297590598,0.15092409297539958,0.15092409297426462,0.15092409297336504,0.15092409297426462,0.15092409297539958,0.15092409297590598,0.15092409297496995,0.15092409297426462,0.15092409297496995,0.15092409297590598,0.15092409297662923,0.15092409297590598,0.15092409297539958,0.15092409297590598,0.15092409297662923,0.14963652312284345,0.1496365231208906,0.14963652311942482,0.1496365231208906,0.14963652312284345,0.1496365231208906,0.14963652311810255,0.14963652311574996,0.14963652311810255,0.1496365231208906,0.14963652311942482,0.14963652311574996,0.14963652311228065,0.14963652311574996,0.14963652311942482,0.1496365231208906,0.14963652311810255,0.14963652311574996,0.14963652311810255,0.1496365231208906,0.14963652312284345,0.1496365231208906,0.14963652311942482,0.1496365231208906,0.14963652312284345,0.1483745363941685,0.1483745363893058,0.14837453638525358,0.1483745363893058,0.1483745363941685,0.1483745363893058,0.14837453638140038,0.14837453637341488,0.14837453638140038,0.1483745363893058,0.14837453638525358,0.14837453637341488,0.14837453635854697,0.14837453637341488,0.14837453638525358,0.1483745363893058,0.14837453638140038,0.14837453637341488,0.14837453638140038,0.1483745363893058,0.1483745363941685,0.1483745363893058,0.14837453638525358,0.1483745363893058,0.1483745363941685,0.14713758227948948,0.1471375822689497,0.14713758225879364,0.1471375822689497,0.14713758227948948,0.1471375822689497,0.1471375822486628,0.14713758222211418,0.1471375822486628,0.1471375822689497,0.14713758225879364,0.14713758222211418,0.14713758215006373,0.14713758222211418,0.14713758225879345,0.1471375822689497,0.1471375822486628,0.14713758222211418,0.1471375822486628,0.1471375822689497,0.14713758227948948,0.1471375822689497,0.14713758225879345,0.1471375822689497,0.14713758227948948,0.14592511813776726,0.14592511812024667,0.14592511810023598,0.14592511812024667,0.14592511813776726,0.14592511812024667,0.1459251180797057,0.14592511800402883,0.1459251180797057,0.14592511812024667,0.14592511810023598,0.14592511800402883,0.14592511760877633,0.14592511800402883,0.14592511810023598,0.14592511812024667,0.1459251180797057,0.14592511800402883,0.1459251180797057,0.14592511812024667,0.14592511813776726,0.14592511812024667,0.14592511810023598,0.14592511812024667,0.14592511813776726,0.1447366095685403,0.14473660955219317,0.14473660953578305,0.14473660955219317,0.1447366095685403,0.14473660955219317,0.14473660951926345,0.14473660947161746,0.14473660951926345,0.14473660955219317,0.14473660953578305,0.14473660947161746,0.14473660930359475,0.14473660947161746,0.14473660953578305,0.14473660955219317,0.14473660951926345,0.14473660947161746,0.14473660951926345,0.14473660955219317,0.1447366095685403,0.14473660955219317,0.14473660953578305,0.14473660955219317,0.1447366095685403,0.14357153070717363,0.14357153069231263,0.14357153067783615,0.14357153069231263,0.14357153070717363,0.14357153069231263,0.14357153066339234,0.14357153062254202,0.14357153066339234,0.14357153069231263,0.14357153067783615,0.14357153062254202,0.14357153047214766,0.14357153062254202,0.14357153067783615,0.14357153069231263,0.14357153066339234,0.14357153062254202,0.14357153066339234,0.14357153069231263,0.14357153070717363,0.14357153069231263,0.14357153067783615,0.14357153069231263,0.14357153070717363,0.14242936450222754,0.1424293644876365,0.1424293644728399,0.1424293644876365,0.14242936450222754,0.1424293644876365,0.1424293644579254,0.14242936441311602,0.1424293644579254,0.1424293644876365,0.1424293644728399,0.14242936441311602,0.1424293642351165,0.14242936441311602,0.1424293644728399,0.1424293644876365,0.1424293644579254,0.14242936441311602,0.1424293644579254,0.1424293644876365,0.14242936450222754,0.1424293644876365,0.1424293644728399,0.1424293644876365,0.14242936450222754,0.1413096029314895,0.1413096029179196,0.14130960290301078,0.1413096029179196,0.1413096029314895,0.1413096029179196,0.14130960288767616,0.14130960283721705,0.14130960288767616,0.1413096029179196,0.14130960290301078,0.14130960283721705,0.14130960261855025,0.14130960283721705,0.14130960290301078,0.1413096029179196,0.14130960288767616,0.14130960283721705,0.14130960288767616,0.1413096029179196,0.1413096029314895,0.1413096029179196,0.14130960290301078,0.1413096029179196,0.1413096029314895,0.1402117471668488,0.14021174715889356,0.1402117471483984,0.14021174715889356,0.1402117471668488,0.14021174715889356,0.14021174713722986,0.14021174709286616,0.14021174713722986,0.14021174715889356,0.1402117471483984,0.14021174709286616,0.140211746860418,0.14021174709286616,0.1402117471483984,0.14021174715889356,0.14021174713722986,0.14021174709286616,0.14021174713722986,0.14021174715889356,0.1402117471668488,0.14021174715889356,0.1402117471483984,0.14021174715889356,0.1402117471668488,0.13913530769547308,0.13913530770176136,0.13913530770640478,0.13913530770176136,0.13913530769547308,0.13913530770176136,0.13913530771065927,0.13913530771660157,0.13913530771065927,0.13913530770176136,0.13913530770640478,0.13913530771660157,0.13913530771624819,0.13913530771660157,0.13913530770640478,0.13913530770176136,0.13913530771065927,0.13913530771660157,0.13913530771065927,0.13913530770176136,0.13913530769547308,0.13913530770176136,0.13913530770640478,0.13913530770176136,0.13913530769547308,0.13807980440456583,0.1380798044307739,0.13807980445729387,0.1380798044307739,0.13807980440456583,0.1380798044307739,0.13807980448420717,0.1380798045581379,0.13807980448420717,0.1380798044307739,0.13807980445729387,0.1380798045581379,0.13807980476809278,0.1380798045581379,0.13807980445729387,0.1380798044307739,0.13807980448420717,0.1380798045581379,0.13807980448420717,0.1380798044307739,0.13807980440456583,0.1380798044307739,0.13807980445729387,0.1380798044307739,0.13807980440456583,0.13704476664809156,0.13704476669310664,0.13704476674791874,0.13704476669310664,0.13704476664809156,0.13704476669310664,0.13704476680481165,0.13704476702991344,0.13704476680481165,0.13704476669310664,0.13704476674791874,0.13704476702991344,0.1370447682797989,0.13704476702991344,0.13704476674791874,0.13704476669310664,0.13704476680481165,0.13704476702991344,0.13704476680481165,0.13704476669310664,0.13704476664809156,0.13704476669310664,0.13704476674791874,0.13704476669310664,0.13704476664809156,0.13602973329239693,0.13602973332399865,0.13602973335498625,0.13602973332399865,0.13602973329239693,0.13602973332399865,0.13602973338609609,0.13602973346925878,0.13602973338609609,0.13602973332399865,0.13602973335498625,0.13602973346925878,0.13602973370025162,0.13602973346925878,0.13602973335498625,0.13602973332399865,0.13602973338609609,0.13602973346925878,0.13602973338609609,0.13602973332399865,0.13602973329239693,0.13602973332399865,0.13602973335498625,0.13602973332399865,0.13602973329239693,0.13503425278608763,0.13503425280591533,0.13503425282229642,0.13503425280591533,0.13503425278608763,0.13503425280591533,0.1350342528378508,0.13503425286953713,0.1350342528378508,0.13503425280591533,0.13503425282229642,0.13503425286953713,0.13503425292719035,0.13503425286953713,0.13503425282229642,0.13503425280591533,0.1350342528378508,0.13503425286953713,0.1350342528378508,0.13503425280591533,0.13503425278608763,0.13503425280591533,0.13503425282229642,0.13503425280591533,0.13503425278608763
0.1653324875915919,0.1653324875915919,0.1653324875915919,0.1653324875915919,0.1653324875915919,0.1653324875915919,0.1653324875915919,0.1653324875915919,0.1653324875915919,0.1653324875915919,0.1653324875915919,0.1653324875915919,0.1653324875915919,0.1653324875915919,0.1653324875915919,0.1653324875915919,0.1653324875915919,0.1653324875915919,0.1653324875915919,0.1653324875915919,0.1653324875915919,0.1653324875915919,0.1653324875915919,0.1653324875915919,0.1653324875915919,0.16375749387671415,0.16375749387671415,0.16375749387671415,0.16375749387671415,0.16375749387671415,0.16375749387671415,0.16375749387671415,0.16375749387671415,0.16375749387671415,0.16375749387671415,0.16375749387671415,0.16375749387671415,0.16375749387671415,0.16375749387671415,0.16375749387671415,0.16375749387671415,0.16375749387671415,0.16375749387671415,0.16375749387671415,0.16375749387671415,0.16375749387671415,0.16375749387671415,0.16375749387671415,0.16375749387671415,0.16375749387671415,0.16221388409370777,0.16221388409370777,0.16221388409370752,0.16221388409370777,0.16221388409370777,0.16221388409370777,0.16221388409370752,0.16221388409370752,0.16221388409370752,0.16221388409370777,0.16221388409370752,0.16221388409370752,0.16221388409370752,0.16221388409370752,0.16221388409370752,0.16221388409370777,0.16221388409370752,0.16221388409370752,0.16221388409370752,0.16221388409370777,0.16221388409370777,0.16221388409370777,0.16221388409370752,0.16221388409370777,0.16221388409370777,0.16070106719961413,0.1607010671996139,0.1607010671996137,0.1607010671996139,0.16070106719961413,0.1607010671996139,0.1607010671996137,0.16070106719961347,0.1607010671996137,0.1607010671996139,0.1607010671996137,0.16070106719961347,0.16070106719961327,0.16070106719961347,0.1607010671996137,0.1607010671996139,0.1607010671996137,0.16070106719961347,0.1607010671996137,0.1607010671996139,0.16070106719961413,0.1607010671996139,0.1607010671996137,0.1607010671996139,0.16070106719961413,0.15921845156941308,0.15921845156941197,0.15921845156941156,0.15921845156941197,0.15921845156941308,0.15921845156941197,0.15921845156941114,0.15921845156941047,0.15921845156941114,0.15921845156941197,0.15921845156941156,0.15921845156941047,0.1592184515694098,0.15921845156941047,0.15921845156941156,0.15921845156941197,0.15921845156941114,0.15921845156941047,0.15921845156941114,0.15921845156941197,0.15921845156941308,0.15921845156941197,0.15921845156941156,0.15921845156941197,0.15921845156941308,0.157765446347873,0.15776544634787001,0.1577654463478681,0.15776544634787001,0.157765446347873,0.15776544634787001,0.15776544634786682,0.1577654463478649,0.15776544634786682,0.15776544634787001,0.1577654463478681,0.1577654463478649,0.15776544634786277,0.1577654463478649,0.1577654463478681,0.15776544634787001,0.15776544634786682,0.1577654463478649,0.15776544634786682,0.15776544634787001,0.157765446347873,0.15776544634787001,0.1577654463478681,0.15776544634787001,0.157765446347873,0.15634146266387705,0.15634146266386784,0.15634146266386198,0.15634146266386784,0.15634146266387705,0.15634146266386784,0.156341462663858,0.15634146266385196,0.156341462663858,0.15634146266386784,0.15634146266386198,0.15634146266385196,0.15634146266384547,0.15634146266385196,0.15634146266386198,0.15634146266386784,0.156341462663858,0.15634146266385196,0.156341462663858,0.15634146266386784,0.15634146266387705,0.15634146266386784,0.15634146266386198,0.15634146266386784,0.15634146266387705,0.15494591471748856,0.15494591471746044,0.15494591471744262,0.15494591471746044,0.15494591471748856,0.15494591471746044,0.1549459147174299,0.15494591471741026,0.1549459147174299,0.15494591471746044,0.15494591471744262,0.15494591471741026,0.15494591471738933,0.15494591471741026,0.15494591471744262,0.15494591471746044,0.1549459147174299,0.15494591471741026,0.1549459147174299,0.15494591471746044,0.15494591471748856,0.15494591471746044,0.15494591471744262,0.15494591471746044,0.15494591471748856,0.1535782207494734,0.15357822074938943,0.153578220749335,0.15357822074938943,0.1535782207494734,0.15357822074938943,0.15357822074929406,0.15357822074923078,0.15357822074929406,0.15357822074938943,0.153578220749335,0.15357822074923078,0.1535782207491609,0.15357822074923078,0.153578220749335,0.15357822074938943,0.15357822074929406,0.15357822074923078,0.15357822074929406,0.15357822074938943,0.1535782207494734,0.15357822074938943,0.153578220749335,0.15357822074938943,0.1535782207494734,0.15223780390245334,0.15223780390220648,0.15223780390204156,0.15223780390220648,0.15223780390245334,0.15223780390220648,0.15223780390191044,0.15223780390170338,0.15223780390191044,0.15223780390220648,0.15223780390204156,0.15223780390170338,0.1522378039014591,0.15223780390170338,0.15223780390204156,0.15223780390220648,0.15223780390191044,0.15223780390170338,0.15223780390191044,0.15223780390220648,0.15223780390245334,0.15223780390220648,0.15223780390204156,0.15223780390220648,0.15223780390245334,0.1509240929823574,0.150924092981656,0.1509240929811652,0.150924092981656,0.1509240929823574,0.150924092981656,0.1509240929807492,0.15092409298006554,0.1509240929807492,0.150924092981656,0.1509240929811652,0.15092409298006554,0.15092409297919468,0.15092409298006554,0.1509240929811652,0.150924092981656,0.1509240929807492,0.15092409298006554,0.1509240929807492,0.150924092981656,0.1509240929823574,0.150924092981656,0.1509240929811652,0.150924092981656,0.1509240929823574,0.1496365231283972,0.1496365231265022,0.14963652312508088,0.1496365231265022,0.1496365231283972,0.1496365231265022,0.14963652312379924,0.1496365231215204,0.14963652312379924,0.1496365231265022,0.14963652312508088,0.1496365231215204,0.14963652311816325,0.1496365231215204,0.14963652312508088,0.1496365231265022,0.14963652312379924,0.1496365231215204,0.14963652312379924,0.1496365231265022,0.1496365231283972,0.1496365231265022,0.14963652312508088,0.1496365231265022,0.1496365231283972,0.14837453639942963,0.14837453639470727,0.14837453639077602,0.14837453639470727,0.14837453639942963,0.14837453639470727,0.14837453638703998,0.14837453637930598,0.14837453638703998,0.14837453639470727,0.14837453639077602,0.14837453637930598,0.14837453636492695,0.14837453637930598,0.14837453639077602,0.14837453639470727,0.14837453638703998,0.14837453637930598,0.14837453638703998,0.14837453639470727,0.14837453639942963,0.14837453639470727,0.14837453639077602,0.14837453639470727,0.14837453639942963,0.14713758228416732,0.14713758227391568,0.14713758226405407,0.14713758227391568,0.14713758228416732,0.14713758227391568,0.1471375822542224,0.14713758222850762,0.1471375822542224,0.14713758227391568,0.14713758226405407,0.14713758222850762,0.14713758215887046,0.14713758222850762,0.14713758226405407,0.14713758227391568,0.1471375822542224,0.14713758222850762,0.1471375822542224,0.14713758227391568,0.14713758228416732,0.14713758227391568,0.14713758226405407,0.14713758227391568,0.14713758228416732,0.1459251181412609,0.14592511812415446,0.14592511810467138,0.14592511812415446,0.1459251181412609,0.14592511812415446,0.14592511808469205,0.1459251180113161,0.14592511808469205,0.14592511812415446,0.14592511810467138,0.1459251180113161,0.14592511762951688,0.1459251180113161,0.14592511810467138,0.14592511812415446,0.14592511808469205,0.1459251180113161,0.14592511808469205,0.14592511812415446,0.1459251181412609,0.14592511812415446,0.14592511810467138,0.14592511812415446,0.1459251181412609,0.14473660956997875,0.14473660955379833,0.14473660953752698,0.14473660955379833,0.14473660956997875,0.14473660955379833,0.14473660952114373,0.14473660947367317,0.14473660952114373,0.14473660955379833,0.14473660953752698,0.14473660947367317,0.14473660930450155,0.14473660947367317,0.14473660953752698,0.14473660955379833,0.14473660952114373,0.14473660947367317,0.14473660952114373,0.14473660955379833,0.14473660956997875,0.14473660955379833,0.14473660953752698,0.14473660955379833,0.14473660956997875,0.14357153070618495,0.1435715306913294,0.14357153067681855,0.1435715306913294,0.14357153070618495,0.1435715306913294,0.14357153066233092,0.14357153062117364,0.14357153066233092,0.1435715306913294,0.14357153067681855,0.14357153062117364,0.14357153046875842,0.14357153062117364,0.14357153067681855,0.1435715306913294,0.14357153066233092,0.14357153062117364,0.14357153066233092,0.1435715306913294,0.14357153070618495,0.1435715306913294,0.14357153067681855,0.1435715306913294,0.14357153070618495,0.1424293644987673,0.14242936448415092,0.14242936446931412,0.14242936448415092,0.1424293644987673,0.14242936448415092,0.14242936445435464,0.14242936440936085,0.14242936445435464,0.14242936448415092,0.14242936446931412,0.14242936440936085,0.14242936423045066,0.14242936440936085,0.14242936446931412,0.14242936448415092,0.14242936445435464,0.14242936440936085,0.14242936445435464,0.14242936448415092,0.1424293644987673,0.14242936448415092,0.14242936446931412,0.14242936448415092,0.1424293644987673,0.14130960292557432,0.14130960291199948,0.1413096028970943,0.14130960291199948,0.14130960292557432,0.14130960291199948,0.14130960288176542,0.14130960283135993,0.14130960288176542,0.14130960291199948,0.1413096028970943,0.14130960283135993,0.14130960261308062,0.14130960283135993,0.1413096028970943,0.14130960291199948,0.14130960288176542,0.14130960283135993,0.14130960288176542,0.14130960291199948,0.14130960292557432,0.14130960291199948,0.1413096028970943,0.14130960291199948,0.14130960292557432,0.14021174715845255,0.1402117471504834,0.14021174714000148,0.1402117471504834,0.14021174715845255,0.1402117471504834,0.14021174712885312,0.14021174708466613,0.14021174712885312,0.1402117471504834,0.14021174714000148,0.14021174708466613,0.14021174685347979,0.14021174708466613,0.14021174714000148,0.1402117471504834,0.14021174712885312,0.14021174708466613,0.14021174712885312,0.1402117471504834,0.14021174715845255,0.1402117471504834,0.14021174714000148,0.1402117471504834,0.14021174715845255,0.13913530768458598,0.1391353076907604,0.13913530769531307,0.1391353076907604,0.13913530768458598,0.1391353076907604,0.13913530769948265,0.13913530770527,0.13913530769948265,0.1391353076907604,0.13913530769531307,0.13913530770527,0.13913530770470653,0.13913530770527,0.13913530769531307,0.1391353076907604,0.13913530769948265,0.13913530770527,0.13913530769948265,0.1391353076907604,0.13913530768458598,0.1391353076907604,0.13913530769531307,0.1391353076907604,0.13913530768458598,0.13807980439138356,0.138079804417298,0.1380798044435257,0.138079804417298,0.13807980439138356,0.138079804417298,0.13807980447014384,0.13807980454327656,0.13807980447014384,0.138079804417298,0.1380798044435257,0.13807980454327656,0.13807980475099746,0.13807980454327656,0.1380798044435257,0.138079804417298,0.13807980447014384,0.13807980454327656,0.13807980447014384,0.138079804417298,0.13807980439138356,0.138079804417298,0.1380798044435257,0.138079804417298,0.13807980439138356,0.1370447666331816,0.13704476667771973,0.13704476673195484,0.13704476667771973,0.1370447666331816,0.13704476667771973,0.13704476678824992,0.1370447670109977,0.13704476678824992,0.13704476667771973,0.13704476673195484,0.1370447670109977,0.13704476824785103,0.1370447670109977,0.13704476673195484,0.13704476667771973,0.13704476678824992,0.1370447670109977,0.13704476678824992,0.13704476667771973,0.1370447666331816,0.13704476667771973,0.13704476673195484,0.13704476667771973,0.1370447666331816,0.13602973327671106,0.13602973330798046,0.13602973333864316,0.13602973330798046,0.13602973327671106,0.13602973330798046,0.13602973336942703,0.1360297334517203,0.13602973336942703,0.13602973330798046,0.13602973333864316,0.1360297334517203,0.13602973368030272,0.1360297334517203,0.13602973333864316,0.13602973330798046,0.13602973336942703,0.1360297334517203,0.13602973336942703,0.13602973330798046,0.13602973327671106,0.13602973330798046,0.13602973333864316,0.13602973330798046,0.13602973327671106,0.1350342527702896,0.1350342527899093,0.13503425280611886,0.1350342527899093,0.1350342527702896,0.1350342527899093,0.13503425282151052,0.13503425285286547,0.13503425282151052,0.1350342527899093,0.13503425280611886,0.13503425285286547,0.1350342529099166,0.13503425285286547,0.13503425280611886,0.1350342527899093,0.13503425282151052,0.13503425285286547,0.13503425282151052,0.1350342527899093,0.1350342527702896,0.1350342527899093,0.13503425280611886,0.1350342527899093,0.1350342527702896
0.1653324875987112,0.1653324875987112,0.1653324875987112,0.1653324875987112,0.1653324875987112,0.1653324875987112,0.1653324875987112,0.16533248759871094,0.16533248759871094,0.1653324875987112,0.1653324875987112,0.16533248759871094,0.16533248759871094,0.16533248759871094,0.1653324875987112,0.1653324875987112,0.16533248759871094,0.16533248759871094,0.1653324875987112,0.1653324875987112,0.1653324875987112,0.1653324875987112,0.1653324875987112,0.1653324875987112,0.1653324875987112,0.1637574938836926,0.1637574938836926,0.1637574938836926,0.1637574938836926,0.1637574938836926,0.1637574938836926,0.1637574938836926,0.1637574938836926,0.1637574938836926,0.1637574938836926,0.1637574938836926,0.1637574938836926,0.1637574938836926,0.1637574938836926,0.1637574938836926,0.1637574938836926,0.1637574938836926,0.1637574938836926,0.1637574938836926,0.1637574938836926,0.1637574938836926,0.1637574938836926,0.1637574938836926,0.1637574938836926,0.1637574938836926,0.16221388410054885,0.16221388410054885,0.16221388410054885,0.16221388410054885,0.16221388410054885,0.16221388410054885,0.16221388410054885,0.16221388410054863,0.16221388410054885,0.16221388410054885,0.16221388410054885,0.16221388410054863,0.16221388410054863,0.16221388410054863,0.16221388410054885,0.16221388410054885,0.16221388410054885,0.16221388410054863,0.16221388410054885,0.16221388410054885,0.16221388410054885,0.16221388410054885,0.16221388410054885,0.16221388410054885,0.16221388410054885,0.16070106720632182,0.16070106720632138,0.16070106720632116,0.16070106720632138,0.16070106720632182,0.16070106720632138,0.16070106720632116,0.1607010672063209,0.16070106720632116,0.16070106720632138,0.16070106720632116,0.1607010672063209,0.1607010672063207,0.1607010672063209,0.16070106720632116,0.16070106720632138,0.16070106720632116,0.1607010672063209,0.16070106720632116,0.16070106720632138,0.16070106720632182,0.16070106720632138,0.16070106720632116,0.16070106720632138,0.16070106720632182,0.1592184515759903,0.15921845157598946,0.15921845157598877,0.15921845157598946,0.1592184515759903,0.15921845157598946,0.15921845157598835,0.1592184515759879,0.15921845157598835,0.15921845157598946,0.15921845157598877,0.1592184515759879,0.15921845157598724,0.1592184515759879,0.15921845157598877,0.15921845157598946,0.15921845157598835,0.1592184515759879,0.15921845157598835,0.15921845157598946,0.1592184515759903,0.15921845157598946,0.15921845157598877,0.15921845157598946,0.1592184515759903,0.15776544635432355,0.15776544635432058,0.15776544635431886,0.15776544635432058,0.15776544635432355,0.15776544635432058,0.15776544635431758,0.15776544635431564,0.15776544635431758,0.15776544635432058,0.15776544635431886,0.15776544635431564,0.15776544635431375,0.15776544635431564,0.15776544635431886,0.15776544635432058,0.15776544635431758,0.15776544635431564,0.15776544635431758,0.15776544635432058,0.15776544635432355,0.15776544635432058,0.15776544635431886,0.15776544635432058,0.15776544635432355,0.15634146267020418,0.1563414626701952,0.15634146267018956,0.1563414626701952,0.15634146267020418,0.1563414626701952,0.1563414626701858,0.15634146267017993,0.1563414626701858,0.1563414626701952,0.15634146267018956,0.15634146267017993,0.15634146267017365,0.15634146267017993,0.15634146267018956,0.1563414626701952,0.1563414626701858,0.15634146267017993,0.1563414626701858,0.1563414626701952,0.15634146267020418,0.1563414626701952,0.15634146267018956,0.1563414626701952,0.15634146267020418,0.1549459147236951,0.15494591472366803,0.15494591472365085,0.15494591472366803,0.1549459147236951,0.15494591472366803,0.15494591472363853,0.1549459147236195,0.15494591472363853,0.15494591472366803,0.15494591472365085,0.1549459147236195,0.1549459147235994,0.1549459147236195,0.15494591472365085,0.15494591472366803,0.15494591472363853,0.1549459147236195,0.15494591472363853,0.15494591472366803,0.1549459147236951,0.15494591472366803,0.15494591472365085,0.15494591472366803,0.1549459147236951,0.15357822075556093,0.1535782207554796,0.153578220755427,0.1535782207554796,0.15357822075556093,0.1535782207554796,0.1535782207553874,0.15357822075532634,0.1535782207553874,0.1535782207554796,0.153578220755427,0.15357822075532634,0.15357822075525868,0.15357822075532634,0.153578220755427,0.1535782207554796,0.1535782207553874,0.15357822075532634,0.1535782207553874,0.1535782207554796,0.15357822075556093,0.1535782207554796,0.153578220755427,0.1535782207554796,0.15357822075556093,0.15223780390841934,0.15223780390818054,0.15223780390802094,0.15223780390818054,0.15223780390841934,0.15223780390818054,0.15223780390789435,0.1522378039076944,0.15223780390789435,0.15223780390818054,0.15223780390802094,0.1522378039076944,0.15223780390745836,0.1522378039076944,0.15223780390802094,0.15223780390818054,0.15223780390789435,0.1522378039076944,0.15223780390789435,0.15223780390818054,0.15223780390841934,0.15223780390818054,0.15223780390802094,0.15223780390818054,0.15223780390841934,0.15092409298818843,0.15092409298750953,0.15092409298703438,0.15092409298750953,0.15092409298818843,0.15092409298750953,0.15092409298663254,0.1509240929859714,0.15092409298663254,0.15092409298750953,0.15092409298703438,0.1509240929859714,0.15092409298513026,0.1509240929859714,0.15092409298703438,0.15092409298750953,0.15092409298663254,0.1509240929859714,0.15092409298663254,0.15092409298750953,0.15092409298818843,0.15092409298750953,0.15092409298703438,0.15092409298750953,0.15092409298818843,0.14963652313404913,0.14963652313221387,0.14963652313083828,0.14963652313221387,0.14963652313404913,0.14963652313221387,0.14963652312959866,0.149636523127396,0.14963652312959866,0.14963652313221387,0.14963652313083828,0.149636523127396,0.14963652312415454,0.149636523127396,0.14963652313083828,0.14963652313221387,0.14963652312959866,0.149636523127396,0.14963652312959866,0.14963652313221387,0.14963652313404913,0.14963652313221387,0.14963652313083828,0.14963652313221387,0.14963652313404913,0.14837453640478065,0.14837453640020304,0.14837453639639672,0.14837453640020304,0.14837453640478065,0.14837453640020304,0.1483745363927815,0.14837453638530732,0.1483745363927815,0.14837453640020304,0.14837453639639672,0.14837453638530732,0.14837453637143316,0.14837453638530732,0.14837453639639672,0.14837453640020304,0.1483745363927815,0.14837453638530732,0.1483745363927815,0.14837453640020304,0.14837453640478065,0.14837453640020304,0.14837453639639672,0.14837453640020304,0.14837453640478065,0.14713758228891766,0.1471375822789632,0.14713758226940496,0.1471375822789632,0.14713758228891766,0.1471375822789632,0.14713758225988194,0.14713758223502818,0.14713758225988194,0.1471375822789632,0.14713758226940496,0.14713758223502818,0.14713758216788372,0.14713758223502799,0.14713758226940496,0.1471375822789632,0.14713758225988194,0.14713758223502799,0.14713758225988194,0.1471375822789632,0.14713758228891766,0.1471375822789632,0.14713758226940496,0.1471375822789632,0.14713758228891766,0.145925118144791,0.14592511812811085,0.14592511810917125,0.14592511812811085,0.145925118144791,0.14592511812811085,0.14592511808975958,0.14592511801875846,0.14592511808975958,0.14592511812811085,0.14592511810917125,0.14592511801875846,0.1459251176508486,0.14592511801875846,0.14592511810917125,0.14592511812811085,0.14592511808975958,0.14592511801875846,0.14592511808975958,0.14592511812811085,0.145925118144791,0.14592511812811085,0.14592511810917125,0.14592511812811085,0.145925118144791,0.14473660957139278,0.14473660955538062,0.14473660953924875,0.14473660955538062,0.14473660957139278,0.14473660955538062,0.14473660952300163,0.1447366094756997,0.14473660952300163,0.14473660955538062,0.14473660953924875,0.1447366094756997,0.1447366093052844,0.1447366094756997,0.14473660953924875,0.14473660955538062,0.14473660952300163,0.1447366094756997,0.14473660952300163,0.14473660955538062,0.14473660957139278,0.14473660955538062,0.14473660953924875,0.14473660955538062,0.14473660957139278,0.14357153070510745,0.14357153069025108,0.14357153067569808,0.14357153069025108,0.14357153070510745,0.14357153069025108,0.1435715306611588,0.14357153061966427,0.1435715306611588,0.14357153069025108,0.14357153067569808,0.14357153061966427,0.14357153046508975,0.14357153061966427,0.14357153067569808,0.14357153069025108,0.1435715306611588,0.14357153061966427,0.1435715306611588,0.14357153069025108,0.14357153070510745,0.14357153069025108,0.14357153067569808,0.14357153069025108,0.14357153070510745,0.1424293644951657,0.14242936448051488,0.14242936446562793,0.14242936448051488,0.1424293644951657,0.14242936448051488,0.1424293644506136,0.14242936440540224,0.1424293644506136,0.14242936448051488,0.14242936446562793,0.14242936440540224,0.1424293642254639,0.14242936440540224,0.14242936446562793,0.14242936448051488,0.1424293644506136,0.14242936440540224,0.1424293644506136,0.14242936448051488,0.1424293644951657,0.14242936448051488,0.14242936446562793,0.14242936448051488,0.1424293644951657,0.14130960291948302,0.1413096029058942,0.1413096028909832,0.1413096029058942,0.14130960291948302,0.1413096029058942,0.14130960287565072,0.1413096028252683,0.14130960287565072,0.1413096029058942,0.1413096028909832,0.1413096028252683,0.14130960260723716,0.1413096028252683,0.1413096028909832,0.1413096029058942,0.14130960287565072,0.1413096028252683,0.14130960287565072,0.1413096029058942,0.14130960291948302,0.1413096029058942,0.1413096028909832,0.1413096029058942,0.14130960291948302,0.14021174714986342,0.14021174714187334,0.14021174713139736,0.14021174714187334,0.14021174714986342,0.14021174714187334,0.14021174712026155,0.14021174707622663,0.14021174712026155,0.14021174714187334,0.14021174713139736,0.14021174707622663,0.14021174684620938,0.14021174707622663,0.14021174713139736,0.14021174714187334,0.14021174712026155,0.14021174707622663,0.14021174712026155,0.14021174714187334,0.14021174714986342,0.14021174714187334,0.14021174713139736,0.14021174714187334,0.14021174714986342,0.13913530767350313,0.13913530767955992,0.13913530768401883,0.13913530767955992,0.13913530767350313,0.13913530767955992,0.13913530768810015,0.139135307693725,0.13913530768810015,0.13913530767955992,0.13913530768401883,0.139135307693725,0.13913530769293223,0.139135307693725,0.13913530768401883,0.13913530767955992,0.13913530768810015,0.139135307693725,0.13913530768810015,0.13913530767955992,0.13913530767350313,0.13913530767955992,0.13913530768401883,0.13913530767955992,0.13913530767350313,0.1380798043780094,0.13807980440362908,0.13807980442956377,0.13807980440362908,0.1380798043780094,0.13807980440362908,0.1380798044558864,0.13807980452822036,0.1380798044558864,0.13807980440362908,0.13807980442956377,0.13807980452822036,0.13807980473370818,0.13807980452822036,0.13807980442956377,0.13807980440362908,0.1380798044558864,0.13807980452822036,0.1380798044558864,0.13807980440362908,0.1380798043780094,0.13807980440362908,0.13807980442956377,0.13807980440362908,0.1380798043780094,0.13704476661808568,0.13704476666214718,0.13704476671580623,0.13704476666214718,0.13704476661808568,0.13704476666214718,0.1370447667715044,0.13704476699190238,0.1370447667715044,0.13704476666214718,0.13704476671580623,0.13704476699190238,0.1370447682157385,0.13704476699190238,0.13704476671580623,0.13704476666214718,0.1370447667715044,0.13704476699190238,0.1370447667715044,0.13704476666214718,0.13704476661808568,0.13704476666214718,0.13704476671580623,0.13704476666214718,0.13704476661808568,0.13602973326084453,0.13602973329178214,0.1360297333221202,0.13602973329178214,0.13602973326084453,0.13602973329178214,0.1360297333525789,0.1360297334340045,0.1360297333525789,0.13602973329178214,0.1360297333221202,0.1360297334340045,0.13602973366018126,0.1360297334340045,0.1360297333221202,0.13602973329178214,0.1360297333525789,0.1360297334340045,0.1360297333525789,0.13602973329178214,0.13602973326084453,0.13602973329178214,0.1360297333221202,0.13602973329178214,0.13602973326084453,0.13503425275431505,0.13503425277372708,0.13503425278976525,0.13503425277372708,0.13503425275431505,0.13503425277372708,0.13503425280499443,0.13503425283601872,0.13503425280499443,0.13503425277372708,0.13503425278976525,0.13503425283601872,0.13503425289246915,0.13503425283601872,0.13503425278976525,0.13503425277372708,0.13503425280499443,0.13503425283601872,0.13503425280499443,0.13503425277372708,0.13503425275431505,0.13503425277372708,0.13503425278976525,0.13503425277372708,0.13503425275431505
0.16533248760595598,0.16533248760595598,0.16533248760595598,0.16533248760595598,0.16533248760595598,0.16533248760595598,0.16533248760595598,0.16533248760595598,0.16533248760595598,0.16533248760595598,0.16533248760595598,0.16533248760595598,0.16533248760595598,0.16533248760595598,0.16533248760595598,0.16533248760595598,0.16533248760595598,0.16533248760595598,0.16533248760595598,0.16533248760595598,0.16533248760595598,0.16533248760595598,0.16533248760595598,0.16533248760595598,0.16533248760595598,0.16375749389079453,0.1637574938907943,0.1637574938907943,0.1637574938907943,0.16375749389079453,0.1637574938907943,0.1637574938907943,0.1637574938907943,0.1637574938907943,0.1637574938907943,0.1637574938907943,0.1637574938907943,0.1637574938907943,0.1637574938907943,0.1637574938907943,0.1637574938907943,0.1637574938907943,0.1637574938907943,0.1637574938907943,0.1637574938907943,0.16375749389079453,0.1637574938907943,0.1637574938907943,0.1637574938907943,0.16375749389079453,0.16221388410751097,0.16221388410751097,0.16221388410751097,0.16221388410751097,0.16221388410751097,0.16221388410751097,0.16221388410751097,0.16221388410751078,0.16221388410751097,0.16221388410751097,0.16221388410751097,0.16221388410751078,0.16221388410751078,0.16221388410751078,0.16221388410751097,0.16221388410751097,0.16221388410751097,0.16221388410751078,0.16221388410751097,0.16221388410751097,0.16221388410751097,0.16221388410751097,0.16221388410751097,0.16221388410751097,0.16221388410751097,0.1607010672131477,0.16070106721314747,0.16070106721314728,0.16070106721314747,0.1607010672131477,0.16070106721314747,0.16070106721314728,0.16070106721314703,0.16070106721314728,0.16070106721314747,0.16070106721314728,0.16070106721314703,0.16070106721314684,0.16070106721314703,0.16070106721314728,0.16070106721314747,0.16070106721314728,0.16070106721314703,0.16070106721314728,0.16070106721314747,0.1607010672131477,0.16070106721314747,0.16070106721314728,0.16070106721314747,0.1607010672131477,0.15921845158268377,0.15921845158268294,0.15921845158268227,0.15921845158268294,0.15921845158268377,0.15921845158268294,0.15921845158268205,0.1592184515826814,0.15921845158268205,0.15921845158268294,0.15921845158268227,0.1592184515826814,0.15921845158268075,0.1592184515826814,0.15921845158268227,0.15921845158268294,0.15921845158268205,0.1592184515826814,0.15921845158268205,0.15921845158268294,0.15921845158268377,0.15921845158268294,0.15921845158268227,0.15921845158268294,0.15921845158268377,0.15776544636088805,0.15776544636088527,0.15776544636088335,0.15776544636088527,0.15776544636088805,0.15776544636088527,0.15776544636088227,0.15776544636088036,0.15776544636088227,0.15776544636088527,0.15776544636088335,0.15776544636088036,0.15776544636087866,0.15776544636088036,0.15776544636088335,0.15776544636088527,0.15776544636088227,0.15776544636088036,0.15776544636088227,0.15776544636088527,0.15776544636088805,0.15776544636088527,0.15776544636088335,0.15776544636088527,0.15776544636088805,0.1563414626766428,0.1563414626766342,0.156341462676629,0.1563414626766342,0.1563414626766428,0.1563414626766342,0.15634146267662524,0.15634146267661936,0.15634146267662524,0.1563414626766342,0.156341462676629,0.15634146267661936,0.15634146267661353,0.15634146267661936,0.156341462676629,0.1563414626766342,0.15634146267662524,0.15634146267661936,0.15634146267662524,0.1563414626766342,0.1563414626766428,0.1563414626766342,0.156341462676629,0.1563414626766342,0.1563414626766428,0.1549459147300109,0.1549459147299849,0.1549459147299683,0.1549459147299849,0.1549459147300109,0.1549459147299849,0.1549459147299564,0.15494591472993818,0.1549459147299564,0.1549459147299849,0.1549459147299683,0.15494591472993818,0.15494591472991867,0.15494591472993818,0.1549459147299683,0.1549459147299849,0.1549459147299564,0.15494591472993818,0.1549459147299564,0.1549459147299849,0.1549459147300109,0.1549459147299849,0.1549459147299683,0.1549459147299849,0.1549459147300109,0.15357822076175554,0.15357822076167701,0.15357822076162622,0.15357822076167701,0.15357822076175554,0.15357822076167701,0.15357822076158822,0.1535782207615294,0.15357822076158822,0.15357822076167701,0.15357822076162622,0.1535782207615294,0.1535782207614641,0.1535782207615294,0.15357822076162622,0.15357822076167701,0.15357822076158822,0.1535782207615294,0.15357822076158822,0.15357822076167701,0.15357822076175554,0.15357822076167701,0.15357822076162622,0.15357822076167701,0.15357822076175554,0.15223780391449004,0.15223780391425956,0.15223780391410544,0.15223780391425956,0.15223780391449004,0.15223780391425956,0.1522378039139834,0.15223780391379088,0.1522378039139834,0.15223780391425956,0.15223780391410544,0.15223780391379088,0.15223780391356354,0.15223780391379088,0.15223780391410544,0.15223780391425956,0.1522378039139834,0.15223780391379088,0.1522378039139834,0.15223780391425956,0.15223780391449004,0.15223780391425956,0.15223780391410544,0.15223780391425956,0.15223780391449004,0.1509240929941211,0.15092409299346538,0.1509240929930068,0.15092409299346538,0.1509240929941211,0.15092409299346538,0.15092409299261922,0.15092409299198162,0.15092409299261922,0.15092409299346538,0.1509240929930068,0.15092409299198162,0.15092409299117077,0.15092409299198162,0.1509240929930068,0.15092409299346538,0.15092409299261922,0.15092409299198162,0.15092409299261922,0.15092409299346538,0.1509240929941211,0.15092409299346538,0.1509240929930068,0.15092409299346538,0.1509240929941211,0.14963652313979858,0.14963652313802478,0.14963652313669648,0.14963652313802478,0.14963652313979858,0.14963652313802478,0.14963652313550016,0.14963652313337614,0.14963652313550016,0.14963652313802478,0.14963652313669648,0.14963652313337614,0.14963652313025383,0.14963652313337614,0.14963652313669648,0.14963652313802478,0.14963652313550016,0.14963652313337614,0.14963652313550016,0.14963652313802478,0.14963652313979858,0.14963652313802478,0.14963652313669648,0.14963652313802478,0.14963652313979858,0.1483745364102214,0.14837453640579273,0.14837453640211526,0.14837453640579273,0.1483745364102214,0.14837453640579273,0.14837453639862438,0.14837453639141782,0.14837453639862438,0.14837453640579273,0.14837453640211526,0.14837453639141782,0.14837453637806464,0.14837453639141782,0.14837453640211526,0.14837453640579273,0.14837453639862438,0.14837453639141782,0.14837453639862438,0.14837453640579273,0.1483745364102214,0.14837453640579273,0.14837453640211526,0.14837453640579273,0.1483745364102214,0.14713758229374066,0.14713758228409174,0.1471375822748465,0.14713758228409174,0.14713758229374066,0.14713758228409174,0.1471375822656412,0.1471375822416748,0.1471375822656412,0.14713758228409174,0.1471375822748465,0.1471375822416748,0.14713758217710174,0.1471375822416748,0.1471375822748465,0.14713758228409174,0.1471375822656412,0.1471375822416748,0.1471375822656412,0.14713758228409174,0.14713758229374066,0.14713758228409174,0.1471375822748465,0.14713758228409174,0.14713758229374066,0.1459251181483585,0.14592511813211603,0.14592511811373593,0.14592511813211603,0.1459251181483585,0.14592511813211603,0.14592511809490846,0.1459251180263545,0.14592511809490846,0.14592511813211603,0.14592511811373593,0.1459251180263545,0.1459251176727779,0.1459251180263545,0.14592511811373593,0.14592511813211603,0.14592511809490846,0.1459251180263545,0.14592511809490846,0.14592511813211603,0.1459251181483585,0.14592511813211603,0.14592511811373593,0.14592511813211603,0.1459251181483585,0.14473660957278411,0.14473660955694145,0.14473660954094938,0.14473660955694145,0.14473660957278411,0.14473660955694145,0.1447366095248391,0.14473660947769879,0.1447366095248391,0.14473660955694145,0.14473660954094938,0.14473660947769879,0.14473660930596322,0.14473660947769879,0.14473660954094938,0.14473660955694145,0.1447366095248391,0.14473660947769879,0.1447366095248391,0.14473660955694145,0.14473660957278411,0.14473660955694145,0.14473660954094938,0.14473660955694145,0.14473660957278411,0.14357153070394352,0.14357153068908016,0.1435715306744777,0.14357153068908016,0.14357153070394352,0.14357153068908016,0.14357153065987854,0.14357153061801697,0.14357153065987854,0.14357153068908016,0.1435715306744777,0.14357153061801697,0.1435715304611391,0.14357153061801697,0.1435715306744777,0.14357153068908016,0.14357153065987854,0.14357153061801697,0.14357153065987854,0.14357153068908016,0.14357153070394352,0.14357153068908016,0.1435715306744777,0.14357153068908016,0.14357153070394352,0.1424293644914255,0.14242936447673157,0.1424293644617849,0.14242936447673157,0.1424293644914255,0.14242936447673157,0.14242936444670565,0.1424293644012447,0.14242936444670565,0.14242936447673157,0.1424293644617849,0.1424293644012447,0.14242936422010355,0.1424293644012447,0.1424293644617849,0.14242936447673157,0.14242936444670565,0.1424293644012447,0.14242936444670565,0.14242936447673157,0.1424293644914255,0.14242936447673157,0.1424293644617849,0.14242936447673157,0.1424293644914255,0.14130960291321867,0.14130960289960717,0.14130960288468106,0.14130960289960717,0.14130960291321867,0.14130960289960717,0.14130960286933542,0.14130960281894608,0.14130960286933542,0.14130960289960717,0.14130960288468106,0.14130960281894608,0.14130960260103548,0.14130960281894608,0.14130960288468106,0.14130960289960717,0.14130960286933542,0.14130960281894608,0.14130960286933542,0.14130960289960717,0.14130960291321867,0.14130960289960717,0.14130960288468106,0.14130960289960717,0.14130960291321867,0.14021174714108367,0.14021174713306617,0.14021174712258877,0.14021174713306617,0.14021174714108367,0.14021174713306617,0.14021174711145862,0.14021174706755188,0.14021174711145862,0.14021174713306617,0.14021174712258877,0.14021174706755188,0.1402117468385639,0.14021174706755188,0.14021174712258877,0.14021174713306617,0.14021174711145862,0.14021174706755188,0.14021174711145862,0.14021174713306617,0.14021174714108367,0.14021174713306617,0.14021174712258877,0.14021174713306617,0.14021174714108367,0.13913530766222626,0.1391353076681621,0.1391353076725241,0.1391353076681621,0.13913530766222626,0.1391353076681621,0.13913530767651422,0.13913530768196908,0.13913530767651422,0.1391353076681621,0.1391353076725241,0.13913530768196908,0.1391353076809279,0.13913530768196908,0.1391353076725241,0.1391353076681621,0.13913530767651422,0.13913530768196908,0.13913530767651422,0.1391353076681621,0.13913530766222626,0.1391353076681621,0.1391353076725241,0.1391353076681621,0.13913530766222626,0.13807980436444484,0.13807980438976883,0.1380798044154099,0.13807980438976883,0.13807980436444484,0.13807980438976883,0.13807980444143622,0.13807980451297075,0.13807980444143622,0.13807980438976883,0.1380798044154099,0.13807980451297075,0.13807980471622572,0.13807980451297075,0.1380798044154099,0.13807980438976883,0.13807980444143622,0.13807980451297075,0.13807980444143622,0.13807980438976883,0.13807980436444484,0.13807980438976883,0.1380798044154099,0.13807980438976883,0.13807980436444484,0.1370447666028052,0.1370447666463902,0.13704476669947377,0.1370447666463902,0.1370447666028052,0.1370447666463902,0.13704476675457597,0.1370447669726281,0.13704476675457597,0.1370447666463902,0.13704476669947377,0.1370447669726281,0.13704476818347697,0.1370447669726281,0.13704476669947377,0.1370447666463902,0.13704476675457597,0.1370447669726281,0.13704476675457597,0.1370447666463902,0.1370447666028052,0.1370447666463902,0.13704476669947377,0.1370447666463902,0.1370447666028052,0.13602973324479803,0.1360297332754043,0.13602973330541834,0.1360297332754043,0.13602973324479803,0.1360297332754043,0.13602973333555232,0.13602973341611163,0.13602973333555246,0.1360297332754043,0.13602973330541834,0.13602973341611163,0.1360297336398871,0.13602973341611163,0.13602973330541834,0.1360297332754043,0.13602973333555246,0.13602973341611163,0.13602973333555232,0.1360297332754043,0.13602973324479803,0.1360297332754043,0.13602973330541834,0.1360297332754043,0.13602973324479803,0.1350342527381647,0.13503425275736938,0.13503425277323658,0.13503425275736938,0.1350342527381647,0.13503425275736938,0.13503425278830344,0.13503425281899767,0.13503425278830344,0.13503425275736938,0.13503425277323658,0.13503425281899767,0.13503425287484822,0.13503425281899767,0.13503425277323658,0.13503425275736938,0.13503425278830344,0.13503425281899767,0.13503425278830344,0.13503425275736938,0.1350342527381647,0.13503425275736938,0.13503425277323658,0.13503425275736938,0.1350342527381647
0.16533248761332636,0.16533248761332636,0.16533248761332636,0.16533248761332636,0.16533248761332636,0.16533248761332636,0.16533248761332636,0.16533248761332636,0.16533248761332636,0.16533248761332636,0.16533248761332636,0.16533248761332636,0.16533248761332636,0.16533248761332636,0.16533248761332636,0.16533248761332636,0.16533248761332636,0.16533248761332636,0.16533248761332636,0.16533248761332636,0.16533248761332636,0.16533248761332636,0.16533248761332636,0.16533248761332636,0.16533248761332636,0.16375749389801905,0.16375749389801905,0.16375749389801905,0.16375749389801905,0.16375749389801905,0.16375749389801905,0.16375749389801905,0.16375749389801883,0.16375749389801905,0.16375749389801905,0.16375749389801905,0.16375749389801883,0.16375749389801883,0.16375749389801883,0.16375749389801905,0.16375749389801905,0.16375749389801905,0.16375749389801883,0.16375749389801905,0.16375749389801905,0.16375749389801905,0.16375749389801905,0.16375749389801905,0.16375749389801905,0.16375749389801905,0.16221388411459353,0.16221388411459353,0.16221388411459328,0.16221388411459353,0.16221388411459353,0.16221388411459353,0.16221388411459328,0.16221388411459328,0.16221388411459328,0.16221388411459353,0.16221388411459328,0.16221388411459328,0.16221388411459328,0.16221388411459328,0.16221388411459328,0.16221388411459353,0.16221388411459328,0.16221388411459328,0.16221388411459328,0.16221388411459353,0.16221388411459353,0.16221388411459353,0.16221388411459328,0.16221388411459353,0.16221388411459353,0.16070106722009175,0.1607010672200913,0.1607010672200913,0.1607010672200913,0.16070106722009175,0.1607010672200913,0.1607010672200911,0.16070106722009087,0.1607010672200911,0.1607010672200913,0.1607010672200913,0.16070106722009087,0.16070106722009087,0.16070106722009087,0.1607010672200913,0.1607010672200913,0.1607010672200911,0.16070106722009087,0.1607010672200911,0.1607010672200913,0.16070106722009175,0.1607010672200913,0.1607010672200913,0.1607010672200913,0.16070106722009175,0.15921845158949288,0.15921845158949202,0.15921845158949136,0.15921845158949202,0.15921845158949288,0.15921845158949202,0.15921845158949094,0.1592184515894905,0.15921845158949094,0.15921845158949202,0.15921845158949136,0.1592184515894905,0.15921845158948983,0.1592184515894905,0.15921845158949136,0.15921845158949202,0.15921845158949094,0.1592184515894905,0.15921845158949094,0.15921845158949202,0.15921845158949288,0.15921845158949202,0.15921845158949136,0.15921845158949202,0.15921845158949288,0.15776544636756543,0.15776544636756284,0.15776544636756112,0.15776544636756284,0.15776544636756543,0.15776544636756284,0.15776544636756007,0.15776544636755838,0.15776544636756007,0.15776544636756284,0.15776544636756112,0.15776544636755838,0.15776544636755643,0.15776544636755838,0.15776544636756112,0.15776544636756284,0.15776544636756007,0.15776544636755838,0.15776544636756007,0.15776544636756284,0.15776544636756543,0.15776544636756284,0.15776544636756112,0.15776544636756284,0.15776544636756543,0.15634146268319243,0.15634146268318405,0.15634146268317883,0.15634146268318405,0.15634146268319243,0.15634146268318405,0.15634146268317525,0.15634146268316987,0.15634146268317525,0.15634146268318405,0.15634146268317883,0.15634146268316987,0.156341462683164,0.15634146268316987,0.15634146268317883,0.15634146268318405,0.15634146268317525,0.15634146268316987,0.15634146268317525,0.15634146268318405,0.15634146268319243,0.15634146268318405,0.15634146268317883,0.15634146268318405,0.15634146268319243,0.15494591473643532,0.1549459147364103,0.15494591473639432,0.1549459147364103,0.15494591473643532,0.1549459147364103,0.15494591473638286,0.1549459147363652,0.15494591473638286,0.1549459147364103,0.15494591473639432,0.1549459147363652,0.15494591473634656,0.1549459147363652,0.15494591473639432,0.1549459147364103,0.15494591473638286,0.1549459147363652,0.15494591473638286,0.1549459147364103,0.15494591473643532,0.1549459147364103,0.15494591473639432,0.1549459147364103,0.15494591473643532,0.1535782207680562,0.15357822076798067,0.15357822076793165,0.15357822076798067,0.1535782207680562,0.15357822076798067,0.15357822076789512,0.1535782207678387,0.15357822076789512,0.15357822076798067,0.15357822076793165,0.1535782207678387,0.1535782207677758,0.1535782207678387,0.15357822076793165,0.15357822076798067,0.15357822076789512,0.1535782207678387,0.15357822076789512,0.15357822076798067,0.1535782207680562,0.15357822076798067,0.15357822076793165,0.15357822076798067,0.1535782207680562,0.15223780392066433,0.15223780392044228,0.15223780392029407,0.15223780392044228,0.15223780392066433,0.15223780392044228,0.15223780392017655,0.15223780391999153,0.15223780392017655,0.15223780392044228,0.15223780392029407,0.15223780391999153,0.15223780391977304,0.15223780391999153,0.15223780392029407,0.15223780392044228,0.15223780392017655,0.15223780391999153,0.15223780392017677,0.15223780392044228,0.15223780392066433,0.15223780392044228,0.15223780392029407,0.15223780392044228,0.15223780392066433,0.15092409300015447,0.15092409299952267,0.15092409299908088,0.15092409299952267,0.15092409300015447,0.15092409299952267,0.15092409299870818,0.15092409299809448,0.15092409299870818,0.15092409299952267,0.15092409299908088,0.15092409299809448,0.15092409299731507,0.15092409299809448,0.15092409299908088,0.15092409299952267,0.15092409299870818,0.15092409299809448,0.15092409299870818,0.15092409299952267,0.15092409300015447,0.15092409299952267,0.15092409299908088,0.15092409299952267,0.15092409300015447,0.1496365231456443,0.14963652314393402,0.14963652314265413,0.14963652314393402,0.1496365231456443,0.14963652314393402,0.14963652314150241,0.1496365231394592,0.14963652314150241,0.14963652314393402,0.14963652314265413,0.1496365231394592,0.14963652313645973,0.1496365231394592,0.14963652314265413,0.14963652314393402,0.14963652314150241,0.1496365231394592,0.14963652314150241,0.14963652314393402,0.1496365231456443,0.14963652314393402,0.14963652314265413,0.14963652314393402,0.1496365231456443,0.14837453641575032,0.14837453641147516,0.14837453640792997,0.14837453641147516,0.14837453641575032,0.14837453641147516,0.1483745364045672,0.1483745363976364,0.1483745364045672,0.14837453641147516,0.14837453640792997,0.1483745363976364,0.14837453638481934,0.1483745363976364,0.14837453640792997,0.14837453641147516,0.1483745364045672,0.1483745363976364,0.1483745364045672,0.14837453641147516,0.14837453641575032,0.14837453641147516,0.14837453640792997,0.14837453641147516,0.14837453641575032,0.14713758229863505,0.14713758228930057,0.14713758228037688,0.14713758228930057,0.14713758229863505,0.14713758228930057,0.14713758227149856,0.14713758224844573,0.14713758227149856,0.14713758228930057,0.14713758228037688,0.14713758224844573,0.14713758218652084,0.14713758224844573,0.14713758228037688,0.14713758228930057,0.14713758227149856,0.14713758224844573,0.14713758227149856,0.14713758228930057,0.14713758229863505,0.14713758228930057,0.14713758228037688,0.14713758228930057,0.14713758229863505,0.14592511815196255,0.14592511813616968,0.14592511811836434,0.14592511813616968,0.14592511815196255,0.14592511813616968,0.14592511810013753,0.14592511803410207,0.14592511810013753,0.14592511813616968,0.14592511811836434,0.14592511803410207,0.1459251176952815,0.14592511803410207,0.14592511811836434,0.14592511813616968,0.14592511810013753,0.14592511803410207,0.14592511810013753,0.14592511813616968,0.14592511815196255,0.14592511813616968,0.14592511811836434,0.14592511813616968,0.14592511815196255,0.14473660957415313,0.14473660955848133,0.1447366095426294,0.14473660955848133,0.14473660957415313,0.14473660955848133,0.14473660952665635,0.1447366094796712,0.14473660952665635,0.14473660955848133,0.1447366095426294,0.1447366094796712,0.14473660930647517,0.1447366094796712,0.1447366095426294,0.14473660955848133,0.14473660952665635,0.1447366094796712,0.14473660952665635,0.14473660955848133,0.14473660957415313,0.14473660955848133,0.1447366095426294,0.14473660955848133,0.14473660957415313,0.14357153070269424,0.143571530687818,0.14357153067315861,0.143571530687818,0.14357153070269424,0.143571530687818,0.14357153065849199,0.14357153061623448,0.14357153065849199,0.143571530687818,0.14357153067315861,0.14357153061623448,0.14357153045691057,0.14357153061623448,0.14357153067315861,0.143571530687818,0.14357153065849199,0.14357153061623448,0.14357153065849199,0.143571530687818,0.14357153070269424,0.143571530687818,0.14357153067315861,0.143571530687818,0.14357153070269424,0.1424293644875486,0.142429364472803,0.14242936445778684,0.142429364472803,0.1424293644875486,0.142429364472803,0.14242936444263313,0.14242936439689086,0.14242936444263313,0.142429364472803,0.14242936445778684,0.14242936439689086,0.14242936421443303,0.14242936439689086,0.14242936445778684,0.142429364472803,0.14242936444263313,0.14242936439689086,0.14242936444263313,0.142429364472803,0.1424293644875486,0.142429364472803,0.14242936445778684,0.142429364472803,0.1424293644875486,0.14130960290678313,0.14130960289314037,0.14130960287819028,0.14130960289314037,0.14130960290678313,0.14130960289314037,0.14130960286282226,0.14130960281239688,0.14130960286282226,0.14130960289314037,0.14130960287819028,0.14130960281239688,0.14130960259448136,0.14130960281239688,0.14130960287819028,0.14130960289314037,0.14130960286282226,0.14130960281239688,0.14130960286282226,0.14130960289314037,0.14130960290678313,0.14130960289314037,0.14130960287819028,0.14130960289314037,0.14130960290678313,0.14021174713211573,0.14021174712406392,0.1402117471135781,0.14021174712406392,0.14021174713211573,0.14021174712406392,0.1402117471024462,0.14021174705864425,0.1402117471024462,0.14021174712406392,0.1402117471135781,0.14021174705864425,0.1402117468306435,0.14021174705864425,0.1402117471135781,0.14021174712406392,0.1402117471024462,0.14021174705864425,0.1402117471024462,0.14021174712406392,0.14021174713211573,0.14021174712406392,0.1402117471135781,0.14021174712406392,0.14021174713211573,0.13913530765075713,0.13913530765656873,0.1391353076608306,0.13913530765656873,0.13913530765075713,0.13913530765656873,0.13913530766472648,0.1391353076700038,0.13913530766472648,0.13913530765656873,0.1391353076608306,0.1391353076700038,0.13913530766869572,0.1391353076700038,0.1391353076608306,0.13913530765656873,0.13913530766472648,0.1391353076700038,0.13913530766472648,0.13913530765656873,0.13913530765075713,0.13913530765656873,0.1391353076608306,0.13913530765656873,0.13913530765075713,0.13807980435069112,0.13807980437571837,0.13807980440106468,0.13807980437571837,0.13807980435069112,0.13807980437571837,0.1380798044267943,0.13807980449752832,0.1380798044267943,0.13807980437571837,0.13807980440106468,0.13807980449752832,0.13807980469855055,0.13807980449752832,0.13807980440106468,0.13807980437571837,0.1380798044267943,0.13807980449752832,0.1380798044267943,0.13807980437571837,0.13807980435069112,0.13807980437571837,0.13807980440106468,0.13807980437571837,0.13807980435069112,0.13704476658734044,0.1370447666304493,0.13704476668295798,0.1370447666304493,0.13704476658734044,0.1370447666304493,0.13704476673746463,0.13704476695317427,0.13704476673746463,0.1370447666304493,0.13704476668295798,0.13704476695317427,0.13704476815106992,0.13704476695317427,0.13704476668295798,0.1370447666304493,0.13704476673746463,0.13704476695317427,0.13704476673746463,0.1370447666304493,0.13704476658734044,0.1370447666304493,0.13704476668295798,0.1370447666304493,0.13704476658734044,0.1360297332285721,0.13602973325884724,0.13602973328853774,0.13602973325884724,0.1360297332285721,0.13602973325884724,0.1360297333183474,0.13602973339804172,0.13602973331834753,0.13602973325884724,0.13602973328853774,0.13602973339804172,0.1360297336194199,0.13602973339804172,0.13602973328853774,0.13602973325884724,0.13602973331834753,0.13602973339804172,0.1360297333183474,0.13602973325884724,0.1360297332285721,0.13602973325884724,0.13602973328853774,0.13602973325884724,0.1360297332285721,0.13503425272183872,0.13503425274083633,0.13503425275653277,0.13503425274083633,0.13503425272183872,0.13503425274083633,0.13503425277143757,0.1350342528018022,0.13503425277143757,0.13503425274083633,0.13503425275653277,0.1350342528018022,0.13503425285705387,0.1350342528018022,0.13503425275653277,0.13503425274083633,0.13503425277143757,0.1350342528018022,0.13503425277143757,0.13503425274083633,0.13503425272183872,0.13503425274083633,0.13503425275653277,0.13503425274083633,0.13503425272183872
0.16533248762082015,0.16533248762082015,0.16533248762082015,0.16533248762082015,0.16533248762082015,0.16533248762082015,0.16533248762082015,0.16533248762082015,0.16533248762082015,0.16533248762082015,0.16533248762082015,0.16533248762082015,0.16533248762082015,0.16533248762082015,0.16533248762082015,0.16533248762082015,0.16533248762082015,0.16533248762082015,0.16533248762082015,0.16533248762082015,0.16533248762082015,0.16533248762082015,0.16533248762082015,0.16533248762082015,0.16533248762082015,0.16375749390536454,0.16375749390536454,0.16375749390536454,0.16375749390536454,0.1637574939053648,0.16375749390536454,0.16375749390536454,0.16375749390536454,0.16375749390536454,0.16375749390536454,0.16375749390536454,0.16375749390536454,0.16375749390536454,0.16375749390536454,0.16375749390536454,0.16375749390536454,0.16375749390536454,0.16375749390536454,0.16375749390536454,0.16375749390536454,0.1637574939053648,0.16375749390536454,0.16375749390536454,0.16375749390536454,0.16375749390536454,0.16221388412179458,0.16221388412179458,0.16221388412179458,0.16221388412179458,0.16221388412179458,0.16221388412179458,0.16221388412179438,0.16221388412179438,0.16221388412179438,0.16221388412179458,0.16221388412179458,0.16221388412179438,0.16221388412179438,0.16221388412179438,0.16221388412179458,0.16221388412179458,0.16221388412179438,0.16221388412179438,0.16221388412179438,0.16221388412179458,0.16221388412179458,0.16221388412179458,0.16221388412179458,0.16221388412179458,0.16221388412179458,0.1607010672271518,0.16070106722715155,0.16070106722715133,0.16070106722715155,0.1607010672271518,0.16070106722715155,0.16070106722715133,0.1607010672271511,0.16070106722715133,0.16070106722715155,0.16070106722715133,0.1607010672271511,0.16070106722715088,0.1607010672271511,0.16070106722715133,0.16070106722715155,0.16070106722715133,0.1607010672271511,0.16070106722715133,0.16070106722715155,0.1607010672271518,0.16070106722715155,0.16070106722715133,0.16070106722715155,0.1607010672271518,0.15921845159641562,0.15921845159641476,0.15921845159641432,0.15921845159641476,0.15921845159641562,0.15921845159641476,0.15921845159641387,0.15921845159641346,0.15921845159641387,0.15921845159641476,0.15921845159641432,0.15921845159641346,0.1592184515964128,0.15921845159641346,0.15921845159641432,0.15921845159641476,0.15921845159641387,0.15921845159641346,0.15921845159641387,0.15921845159641476,0.15921845159641562,0.15921845159641476,0.15921845159641432,0.15921845159641476,0.15921845159641562,0.15776544637435458,0.15776544637435203,0.15776544637435053,0.15776544637435203,0.15776544637435458,0.15776544637435203,0.15776544637434944,0.15776544637434772,0.15776544637434944,0.15776544637435203,0.15776544637435053,0.15776544637434772,0.15776544637434606,0.15776544637434772,0.15776544637435053,0.15776544637435203,0.15776544637434944,0.15776544637434772,0.15776544637434944,0.15776544637435203,0.15776544637435458,0.15776544637435203,0.15776544637435053,0.15776544637435203,0.15776544637435458,0.15634146268985122,0.15634146268984328,0.15634146268983828,0.15634146268984328,0.15634146268985122,0.15634146268984328,0.1563414626898349,0.15634146268982968,0.1563414626898349,0.15634146268984328,0.15634146268983828,0.15634146268982968,0.15634146268982405,0.15634146268982968,0.15634146268983828,0.15634146268984328,0.1563414626898349,0.15634146268982968,0.1563414626898349,0.15634146268984328,0.15634146268985122,0.15634146268984328,0.15634146268983828,0.15634146268984328,0.15634146268985122,0.1549459147429669,0.15494591474294273,0.15494591474292738,0.15494591474294273,0.1549459147429669,0.15494591474294273,0.15494591474291647,0.15494591474289968,0.15494591474291647,0.15494591474294273,0.15494591474292738,0.15494591474289968,0.15494591474288166,0.15494591474289968,0.15494591474292738,0.15494591474294273,0.15494591474291647,0.15494591474289968,0.15494591474291647,0.15494591474294273,0.1549459147429669,0.15494591474294273,0.15494591474292738,0.15494591474294273,0.1549459147429669,0.15357822077446168,0.15357822077438915,0.1535782207743422,0.15357822077438915,0.15357822077446168,0.15357822077438915,0.15357822077430722,0.153578220774253,0.15357822077430722,0.15357822077438915,0.1535782207743422,0.153578220774253,0.15357822077419275,0.153578220774253,0.1535782207743422,0.15357822077438915,0.15357822077430722,0.153578220774253,0.15357822077430722,0.15357822077438915,0.15357822077446168,0.15357822077438915,0.1535782207743422,0.15357822077438915,0.15357822077446168,0.15223780392694095,0.15223780392672775,0.15223780392658542,0.15223780392672775,0.15223780392694095,0.15223780392672775,0.15223780392647285,0.1522378039262957,0.15223780392647285,0.15223780392672775,0.15223780392658542,0.1522378039262957,0.15223780392608624,0.1522378039262957,0.15223780392658542,0.15223780392672775,0.15223780392647285,0.1522378039262957,0.15223780392647285,0.15223780392672775,0.15223780392694095,0.15223780392672775,0.15223780392658542,0.15223780392672775,0.15223780392694095,0.1509240930062876,0.1509240930056803,0.15092409300525586,0.1509240930056803,0.1509240930062876,0.1509240930056803,0.1509240930048984,0.1509240930043094,0.1509240930048984,0.1509240930056803,0.15092409300525586,0.1509240930043094,0.15092409300356222,0.1509240930043094,0.15092409300525586,0.1509240930056803,0.1509240930048984,0.1509240930043094,0.1509240930048984,0.1509240930056803,0.1509240930062876,0.1509240930056803,0.15092409300525586,0.1509240930056803,0.1509240930062876,0.1496365231515857,0.14963652314994028,0.14963652314871032,0.14963652314994028,0.1496365231515857,0.14963652314994028,0.14963652314760434,0.1496365231456443,0.14963652314760434,0.14963652314994028,0.14963652314871032,0.1496365231456443,0.14963652314277118,0.1496365231456443,0.14963652314871032,0.14963652314994028,0.14963652314760434,0.1496365231456443,0.14963652314760434,0.14963652314994028,0.1496365231515857,0.14963652314994028,0.14963652314871032,0.14963652314994028,0.1496365231515857,0.14837453642136694,0.1483745364172495,0.14837453641384035,0.1483745364172495,0.14837453642136694,0.1483745364172495,0.1483745364106091,0.14837453640396173,0.1483745364106091,0.1483745364172495,0.14837453641384035,0.14837453640396173,0.14837453639169618,0.14837453640396173,0.14837453641384035,0.1483745364172495,0.1483745364106091,0.14837453640396173,0.1483745364106091,0.1483745364172495,0.14837453642136694,0.1483745364172495,0.14837453641384035,0.1483745364172495,0.14837453642136694,0.1471375823036006,0.14713758229458881,0.14713758228599572,0.14713758229458881,0.1471375823036006,0.14713758229458881,0.14713758227745347,0.14713758225533996,0.14713758227745347,0.14713758229458881,0.14713758228599572,0.14713758225533996,0.14713758219613904,0.14713758225533996,0.14713758228599572,0.14713758229458881,0.14713758227745347,0.14713758225533996,0.14713758227745347,0.14713758229458881,0.1471375823036006,0.14713758229458881,0.14713758228599572,0.14713758229458881,0.1471375823036006,0.1459251181556036,0.1459251181402714,0.14592511812305614,0.1459251181402714,0.1459251181556036,0.1459251181402714,0.14592511810544614,0.1459251180419994,0.14592511810544614,0.1459251181402714,0.14592511812305614,0.1459251180419994,0.1459251177183616,0.1459251180419994,0.14592511812305614,0.1459251181402714,0.14592511810544614,0.1459251180419994,0.14592511810544614,0.1459251181402714,0.1459251181556036,0.1459251181402714,0.14592511812305614,0.1459251181402714,0.1459251181556036,0.14473660957550064,0.1447366095600013,0.14473660954429027,0.1447366095600013,0.14473660957550064,0.1447366095600013,0.14473660952845474,0.14473660948161848,0.14473660952845474,0.1447366095600013,0.14473660954429027,0.14473660948161848,0.144736609306936,0.14473660948161848,0.14473660954429027,0.1447366095600013,0.14473660952845474,0.14473660948161848,0.14473660952845474,0.1447366095600013,0.14473660957550064,0.1447366095600013,0.14473660954429027,0.1447366095600013,0.14473660957550064,0.14357153070136178,0.1435715306864669,0.14357153067174333,0.1435715306864669,0.14357153070136178,0.1435715306864669,0.1435715306570018,0.14357153061431954,0.1435715306570018,0.1435715306864669,0.14357153067174333,0.14357153061431954,0.14357153045239113,0.14357153061431954,0.14357153067174333,0.1435715306864669,0.1435715306570018,0.14357153061431954,0.1435715306570018,0.1435715306864669,0.14357153070136178,0.1435715306864669,0.14357153067174333,0.1435715306864669,0.14357153070136178,0.14242936448353746,0.14242936446873183,0.14242936445363716,0.14242936446873183,0.14242936448353746,0.14242936446873183,0.14242936443839924,0.14242936439234477,0.14242936443839924,0.14242936446873183,0.14242936445363716,0.14242936439234477,0.14242936420843338,0.14242936439234477,0.14242936445363716,0.14242936446873183,0.14242936443839924,0.14242936439234477,0.14242936443839924,0.14242936446873183,0.14242936448353746,0.14242936446873183,0.14242936445363716,0.14242936446873183,0.14242936448353746,0.14130960290017933,0.1413096028864971,0.14130960287151395,0.1413096028864971,0.14130960290017933,0.1413096028864971,0.14130960285611452,0.14130960280562435,0.14130960285611452,0.1413096028864971,0.14130960287151395,0.14130960280562435,0.14130960258758826,0.14130960280562435,0.14130960287151395,0.1413096028864971,0.14130960285611452,0.14130960280562435,0.14130960285611452,0.1413096028864971,0.14130960290017933,0.1413096028864971,0.14130960287151395,0.1413096028864971,0.14130960290017933,0.14021174712296222,0.14021174711486958,0.14021174710436848,0.14021174711486958,0.14021174712296222,0.14021174711486958,0.14021174709322784,0.14021174704950767,0.14021174709322784,0.14021174711486958,0.14021174710436848,0.14021174704950767,0.14021174682233994,0.14021174704950767,0.14021174710436848,0.14021174711486958,0.14021174709322784,0.14021174704950767,0.14021174709322784,0.14021174711486958,0.14021174712296222,0.14021174711486958,0.14021174710436848,0.14021174711486958,0.14021174712296222,0.13913530763909815,0.1391353076447821,0.13913530764894091,0.1391353076447821,0.13913530763909815,0.1391353076447821,0.13913530765273938,0.1391353076578317,0.13913530765273938,0.1391353076447821,0.13913530764894091,0.1391353076578317,0.13913530765623872,0.1391353076578317,0.13913530764894091,0.1391353076447821,0.13913530765273938,0.1391353076578317,0.13913530765273938,0.1391353076447821,0.13913530763909815,0.1391353076447821,0.13913530764894091,0.1391353076447821,0.13913530763909815,0.13807980433674993,0.1380798043614792,0.13807980438653034,0.1380798043614792,0.13807980433674993,0.1380798043614792,0.13807980441196208,0.13807980448189508,0.13807980441196208,0.1380798043614792,0.13807980438653034,0.13807980448189508,0.13807980468068357,0.13807980448189508,0.13807980438653034,0.1380798043614792,0.13807980441196208,0.13807980448189508,0.13807980441196208,0.1380798043614792,0.13807980433674993,0.1380798043614792,0.13807980438653034,0.1380798043614792,0.13807980433674993,0.13704476657169296,0.13704476661432574,0.1370447666662599,0.13704476661432574,0.13704476657169296,0.13704476661432574,0.13704476672017157,0.13704476693354167,0.13704476672017157,0.13704476661432574,0.1370447666662599,0.13704476693354167,0.13704476811849917,0.13704476693354167,0.1370447666662599,0.13704476661432574,0.13704476672017157,0.13704476693354167,0.13704476672017157,0.13704476661432574,0.13704476657169296,0.13704476661432574,0.1370447666662599,0.13704476661432574,0.13704476657169296,0.13602973321216788,0.13602973324211212,0.13602973327147938,0.13602973324211212,0.13602973321216788,0.13602973324211212,0.13602973330096516,0.13602973337979557,0.13602973330096516,0.13602973324211212,0.13602973327147938,0.13602973337979557,0.13602973359877957,0.13602973337979557,0.13602973327147938,0.13602973324211212,0.13602973330096516,0.13602973337979557,0.13602973330096516,0.13602973324211212,0.13602973321216788,0.13602973324211212,0.13602973327147938,0.13602973324211212,0.13602973321216788,0.1350342527053383,0.13503425272412897,0.13503425273965472,0.13503425272412897,0.1350342527053383,0.13503425272412897,0.1350342527543978,0.13503425278443323,0.1350342527543978,0.13503425272412897,0.13503425273965472,0.13503425278443323,0.13503425283908682,0.13503425278443323,0.13503425273965472,0.13503425272412897,0.1350342527543978,0.13503425278443323,0.1350342527543978,0.13503425272412897,0.1350342527053383,0.13503425272412897,0.13503425273965472,0.13503425272412897,0.1350342527053383
0.16533248762843664,0.16533248762843664,0.16533248762843664,0.16533248762843664,0.16533248762843664,0.16533248762843664,0.16533248762843664,0.16533248762843664,0.16533248762843664,0.16533248762843664,0.16533248762843664,0.16533248762843664,0.16533248762843664,0.16533248762843664,0.16533248762843664,0.16533248762843664,0.16533248762843664,0.16533248762843664,0.16533248762843664,0.16533248762843664,0.16533248762843664,0.16533248762843664,0.16533248762843664,0.16533248762843664,0.16533248762843664,0.1637574939128303,0.1637574939128303,0.1637574939128303,0.1637574939128303,0.1637574939128303,0.1637574939128303,0.1637574939128303,0.1637574939128303,0.1637574939128303,0.1637574939128303,0.1637574939128303,0.1637574939128303,0.1637574939128303,0.1637574939128303,0.1637574939128303,0.1637574939128303,0.1637574939128303,0.1637574939128303,0.1637574939128303,0.1637574939128303,0.1637574939128303,0.1637574939128303,0.1637574939128303,0.1637574939128303,0.1637574939128303,0.1622138841291133,0.1622138841291133,0.1622138841291133,0.1622138841291133,0.1622138841291133,0.1622138841291133,0.16221388412911308,0.16221388412911308,0.16221388412911308,0.1622138841291133,0.1622138841291133,0.16221388412911308,0.16221388412911308,0.16221388412911308,0.1622138841291133,0.1622138841291133,0.16221388412911308,0.16221388412911308,0.16221388412911308,0.1622138841291133,0.1622138841291133,0.1622138841291133,0.1622138841291133,0.1622138841291133,0.1622138841291133,0.1607010672343273,0.1607010672343271,0.16070106723432687,0.1607010672343271,0.1607010672343273,0.1607010672343271,0.16070106723432664,0.16070106723432664,0.16070106723432664,0.1607010672343271,0.16070106723432687,0.16070106723432664,0.16070106723432642,0.16070106723432664,0.16070106723432687,0.1607010672343271,0.16070106723432664,0.16070106723432664,0.16070106723432664,0.1607010672343271,0.1607010672343273,0.1607010672343271,0.16070106723432687,0.1607010672343271,0.1607010672343273,0.15921845160345136,0.15921845160345072,0.15921845160345005,0.15921845160345072,0.15921845160345136,0.15921845160345072,0.15921845160344983,0.1592184516034494,0.15921845160344983,0.15921845160345072,0.15921845160345005,0.1592184516034494,0.15921845160344877,0.1592184516034494,0.15921845160345005,0.15921845160345072,0.15921845160344983,0.1592184516034494,0.15921845160344983,0.15921845160345072,0.15921845160345136,0.15921845160345072,0.15921845160345005,0.15921845160345072,0.15921845160345136,0.15776544638125448,0.15776544638125212,0.15776544638125042,0.15776544638125212,0.15776544638125448,0.15776544638125212,0.15776544638124956,0.15776544638124787,0.15776544638124956,0.15776544638125212,0.15776544638125042,0.15776544638124787,0.15776544638124615,0.15776544638124787,0.15776544638125042,0.15776544638125212,0.15776544638124956,0.15776544638124787,0.15776544638124956,0.15776544638125212,0.15776544638125448,0.15776544638125212,0.15776544638125042,0.15776544638125212,0.15776544638125448,0.15634146269661855,0.15634146269661103,0.1563414626966062,0.15634146269661103,0.15634146269661855,0.15634146269661103,0.15634146269660287,0.15634146269659785,0.15634146269660287,0.15634146269661103,0.1563414626966062,0.15634146269659785,0.15634146269659263,0.15634146269659785,0.1563414626966062,0.15634146269661103,0.15634146269660287,0.15634146269659785,0.15634146269660287,0.15634146269661103,0.15634146269661855,0.15634146269661103,0.1563414626966062,0.15634146269661103,0.15634146269661855,0.15494591474960442,0.15494591474958128,0.15494591474956673,0.15494591474958128,0.15494591474960442,0.15494591474958128,0.1549459147495563,0.1549459147495401,0.1549459147495563,0.15494591474958128,0.15494591474956673,0.1549459147495401,0.15494591474952288,0.1549459147495401,0.15494591474956673,0.15494591474958128,0.1549459147495563,0.1549459147495401,0.1549459147495563,0.15494591474958128,0.15494591474960442,0.15494591474958128,0.15494591474956673,0.15494591474958128,0.15494591474960442,0.153578220780971,0.15357822078090153,0.15357822078085673,0.15357822078090153,0.153578220780971,0.15357822078090153,0.1535782207808232,0.15357822078077138,0.1535782207808232,0.15357822078090153,0.15357822078085673,0.15357822078077138,0.15357822078071393,0.15357822078077138,0.15357822078085673,0.15357822078090153,0.1535782207808232,0.15357822078077138,0.1535782207808232,0.15357822078090153,0.153578220780971,0.15357822078090153,0.15357822078085673,0.15357822078090153,0.153578220780971,0.15223780393331912,0.15223780393311478,0.1522378039329786,0.15223780393311478,0.15223780393331912,0.15223780393311478,0.15223780393287092,0.15223780393270162,0.15223780393287092,0.15223780393311478,0.1522378039329786,0.15223780393270162,0.15223780393250147,0.15223780393270162,0.1522378039329786,0.15223780393311478,0.15223780393287092,0.15223780393270162,0.15223780393287092,0.15223780393311478,0.15223780393331912,0.15223780393311478,0.1522378039329786,0.15223780393311478,0.15223780393331912,0.1509240930125189,0.15092409301193685,0.1509240930115302,0.15092409301193685,0.1509240930125189,0.15092409301193685,0.15092409301118834,0.15092409301062465,0.15092409301118834,0.15092409301193685,0.1509240930115302,0.15092409301062465,0.15092409300991064,0.15092409301062465,0.1509240930115302,0.15092409301193685,0.15092409301118834,0.15092409301062465,0.15092409301118834,0.15092409301193685,0.1509240930125189,0.15092409301193685,0.1509240930115302,0.15092409301193685,0.1509240930125189,0.14963652315762108,0.1496365231560426,0.14963652315486384,0.1496365231560426,0.14963652315762108,0.1496365231560426,0.14963652315380516,0.14963652315193018,0.14963652315380516,0.1496365231560426,0.14963652315486384,0.14963652315193018,0.14963652314918677,0.14963652315193018,0.14963652315486384,0.1496365231560426,0.14963652315380516,0.14963652315193018,0.14963652315380516,0.1496365231560426,0.14963652315762108,0.1496365231560426,0.14963652315486384,0.1496365231560426,0.14963652315762108,0.14837453642707013,0.14837453642311424,0.14837453641984485,0.14837453642311424,0.14837453642707013,0.14837453642311424,0.1483745364167489,0.14837453641039267,0.1483745364167489,0.14837453642311424,0.14837453641984485,0.14837453641039267,0.1483745363986935,0.14837453641039267,0.14837453641984485,0.14837453642311424,0.1483745364167489,0.14837453641039267,0.1483745364167489,0.14837453642311424,0.14837453642707013,0.14837453642311424,0.14837453641984485,0.14837453642311424,0.14837453642707013,0.14713758230863636,0.1471375822999557,0.1471375822917017,0.1471375822999557,0.14713758230863636,0.1471375822999557,0.14713758228350446,0.14713758226235557,0.14713758228350446,0.1471375822999557,0.1471375822917017,0.14713758226235557,0.14713758220595308,0.14713758226235557,0.1471375822917017,0.1471375822999557,0.14713758228350446,0.14713758226235557,0.14713758228350446,0.1471375822999557,0.14713758230863636,0.1471375822999557,0.1471375822917017,0.1471375822999557,0.14713758230863636,0.14592511815928116,0.145925118144421,0.1459251181278108,0.145925118144421,0.14592511815928116,0.145925118144421,0.1459251181108333,0.14592511805004468,0.1459251181108333,0.145925118144421,0.1459251181278108,0.14592511805004468,0.14592511774202724,0.14592511805004468,0.1459251181278108,0.145925118144421,0.1459251181108333,0.14592511805004468,0.1459251181108333,0.145925118144421,0.14592511815928116,0.145925118144421,0.1459251181278108,0.145925118144421,0.14592511815928116,0.14473660957682755,0.14473660956150192,0.14473660954593226,0.14473660956150192,0.14473660957682755,0.14473660956150192,0.1447366095302348,0.1447366094835413,0.1447366095302348,0.14473660956150192,0.14473660954593226,0.1447366094835413,0.14473660930727408,0.1447366094835413,0.14473660954593226,0.14473660956150192,0.1447366095302348,0.1447366094835413,0.1447366095302348,0.14473660956150192,0.14473660957682755,0.14473660956150192,0.14473660954593226,0.14473660956150192,0.14473660957682755,0.14357153069994735,0.1435715306850282,0.14357153067023362,0.1435715306850282,0.14357153069994735,0.1435715306850282,0.14357153065540976,0.14357153061227493,0.14357153065540976,0.1435715306850282,0.14357153067023362,0.14357153061227493,0.14357153044761142,0.14357153061227493,0.14357153067023362,0.1435715306850282,0.14357153065540976,0.14357153061227493,0.14357153065540976,0.1435715306850282,0.14357153069994735,0.1435715306850282,0.14357153067023362,0.1435715306850282,0.14357153069994735,0.14242936447939433,0.14242936446452026,0.1424293644493382,0.14242936446452026,0.14242936447939433,0.14242936446452026,0.1424293644340068,0.1424293643876098,0.1424293644340068,0.14242936446452026,0.1424293644493382,0.1424293643876098,0.14242936420211968,0.1424293643876098,0.1424293644493382,0.14242936446452026,0.1424293644340068,0.1424293643876098,0.1424293644340068,0.14242936446452026,0.14242936447939433,0.14242936446452026,0.1424293644493382,0.14242936446452026,0.14242936447939433,0.1413096028934096,0.14130960287967967,0.1413096028646549,0.14130960287967967,0.1413096028934096,0.14130960287967967,0.141309602849215,0.14130960279863225,0.141309602849215,0.14130960287967967,0.1413096028646549,0.14130960279863225,0.14130960258033498,0.14130960279863225,0.1413096028646549,0.14130960287967967,0.141309602849215,0.14130960279863225,0.141309602849215,0.14130960287967967,0.1413096028934096,0.14130960287967967,0.1413096028646549,0.14130960287967967,0.1413096028934096,0.14021174711362505,0.1402117471054853,0.14021174709496212,0.1402117471054853,0.14021174711362505,0.1402117471054853,0.14021174708380585,0.14021174704014516,0.14021174708380585,0.1402117471054853,0.14021174709496212,0.14021174704014516,0.1402117468137258,0.14021174704014516,0.14021174709496212,0.1402117471054853,0.14021174708380585,0.14021174704014516,0.14021174708380585,0.1402117471054853,0.14021174711362505,0.1402117471054853,0.14021174709496212,0.1402117471054853,0.14021174711362505,0.139135307627251,0.13913530763280385,0.13913530763685658,0.13913530763280385,0.139135307627251,0.13913530763280385,0.13913530764055482,0.13913530764545518,0.13913530764055482,0.13913530763280385,0.13913530763685658,0.13913530764545518,0.13913530764355928,0.13913530764545518,0.13913530763685658,0.13913530763280385,0.13913530764055482,0.13913530764545518,0.13913530764055482,0.13913530763280385,0.139135307627251,0.13913530763280385,0.13913530763685658,0.13913530763280385,0.139135307627251,0.13807980432262257,0.13807980434705278,0.13807980437180775,0.13807980434705278,0.13807980432262257,0.13807980434705278,0.1380798043969412,0.13807980446607152,0.1380798043969412,0.13807980434705278,0.13807980437180775,0.13807980446607152,0.13807980466262557,0.13807980446607152,0.13807980437180775,0.13807980434705278,0.1380798043969412,0.13807980446607152,0.1380798043969412,0.13807980434705278,0.13807980432262257,0.13807980434705278,0.13807980437180775,0.13807980434705278,0.13807980432262257,0.13704476655586348,0.1370447665980202,0.13704476664938026,0.13704476659802037,0.13704476655586348,0.1370447665980202,0.13704476670269733,0.1370447669137301,0.13704476670269733,0.13704476659802037,0.13704476664938026,0.1370447669137301,0.13704476808575372,0.1370447669137301,0.13704476664938026,0.13704476659802037,0.13704476670269733,0.1370447669137301,0.13704476670269733,0.13704476659802037,0.13704476655586348,0.13704476659802037,0.13704476664938026,0.13704476659802037,0.13704476655586348,0.1360297331955859,0.1360297332251996,0.1360297332542439,0.1360297332251996,0.1360297331955859,0.1360297332251996,0.13602973328340595,0.13602973336137336,0.13602973328340595,0.1360297332251996,0.1360297332542439,0.13602973336137336,0.13602973357796627,0.13602973336137336,0.1360297332542439,0.1360297332251996,0.13602973328340595,0.13602973336137336,0.13602973328340595,0.1360297332251996,0.1360297331955859,0.1360297332251996,0.1360297332542439,0.1360297332251996,0.1360297331955859,0.135034252688664,0.1350342527072479,0.13503425272260328,0.1350342527072479,0.135034252688664,0.1350342527072479,0.1350342527371846,0.13503425276689113,0.1350342527371846,0.1350342527072479,0.13503425272260328,0.13503425276689113,0.13503425282094733,0.13503425276689113,0.13503425272260328,0.1350342527072479,0.1350342527371846,0.13503425276689113,0.1350342527371846,0.1350342527072479,0.135034252688664,0.1350342527072479,0.13503425272260328,0.1350342527072479,0.135034252688664
0.16533248763617397,0.16533248763617397,0.16533248763617397,0.16533248763617397,0.16533248763617397,0.16533248763617397,0.16533248763617397,0.16533248763617397,0.16533248763617397,0.16533248763617397,0.16533248763617397,0.16533248763617397,0.16533248763617397,0.16533248763617397,0.16533248763617397,0.16533248763617397,0.16533248763617397,0.16533248763617397,0.16533248763617397,0.16533248763617397,0.16533248763617397,0.16533248763617397,0.16533248763617397,0.16533248763617397,0.16533248763617397,0.16375749392041472,0.16375749392041472,0.16375749392041472,0.16375749392041472,0.16375749392041472,0.16375749392041472,0.16375749392041472,0.16375749392041472,0.16375749392041472,0.16375749392041472,0.16375749392041472,0.16375749392041472,0.16375749392041472,0.16375749392041472,0.16375749392041472,0.16375749392041472,0.16375749392041472,0.16375749392041472,0.16375749392041472,0.16375749392041472,0.16375749392041472,0.16375749392041472,0.16375749392041472,0.16375749392041472,0.16375749392041472,0.16221388413654833,0.16221388413654833,0.16221388413654833,0.16221388413654833,0.16221388413654833,0.16221388413654833,0.16221388413654805,0.16221388413654805,0.16221388413654805,0.16221388413654833,0.16221388413654833,0.16221388413654805,0.16221388413654805,0.16221388413654805,0.16221388413654833,0.16221388413654833,0.16221388413654805,0.16221388413654805,0.16221388413654805,0.16221388413654833,0.16221388413654833,0.16221388413654833,0.16221388413654833,0.16221388413654833,0.16221388413654833,0.1607010672416166,0.16070106724161637,0.16070106724161617,0.16070106724161637,0.1607010672416166,0.16070106724161637,0.16070106724161617,0.16070106724161592,0.16070106724161617,0.16070106724161637,0.16070106724161617,0.16070106724161592,0.16070106724161573,0.16070106724161592,0.16070106724161617,0.16070106724161637,0.16070106724161617,0.16070106724161592,0.16070106724161617,0.16070106724161637,0.1607010672416166,0.16070106724161637,0.16070106724161617,0.16070106724161637,0.1607010672416166,0.1592184516105988,0.15921845161059814,0.15921845161059772,0.15921845161059814,0.1592184516105988,0.15921845161059814,0.15921845161059728,0.15921845161059683,0.15921845161059728,0.15921845161059814,0.15921845161059772,0.15921845161059683,0.1592184516105964,0.15921845161059683,0.15921845161059772,0.15921845161059814,0.15921845161059728,0.15921845161059683,0.15921845161059728,0.15921845161059814,0.1592184516105988,0.15921845161059814,0.15921845161059772,0.15921845161059814,0.1592184516105988,0.15776544638826362,0.15776544638826126,0.15776544638825976,0.15776544638826126,0.15776544638826362,0.15776544638826126,0.1577654463882587,0.1577654463882572,0.1577654463882587,0.15776544638826126,0.15776544638825976,0.1577654463882572,0.1577654463882557,0.1577654463882572,0.15776544638825976,0.15776544638826126,0.1577654463882587,0.1577654463882572,0.1577654463882587,0.15776544638826126,0.15776544638826362,0.15776544638826126,0.15776544638825976,0.15776544638826126,0.15776544638826362,0.15634146270349272,0.15634146270348565,0.156341462703481,0.15634146270348565,0.15634146270349272,0.15634146270348565,0.1563414627034779,0.15634146270347307,0.1563414627034779,0.15634146270348565,0.156341462703481,0.15634146270347307,0.15634146270346805,0.15634146270347307,0.156341462703481,0.15634146270348565,0.1563414627034779,0.15634146270347307,0.1563414627034779,0.15634146270348565,0.15634146270349272,0.15634146270348565,0.156341462703481,0.15634146270348565,0.15634146270349272,0.1549459147563467,0.1549459147563248,0.15494591475631087,0.1549459147563248,0.1549459147563467,0.1549459147563248,0.15494591475630082,0.15494591475628544,0.15494591475630082,0.1549459147563248,0.15494591475631087,0.15494591475628544,0.15494591475626904,0.15494591475628544,0.15494591475631087,0.1549459147563248,0.15494591475630082,0.15494591475628544,0.15494591475630082,0.1549459147563248,0.1549459147563467,0.1549459147563248,0.15494591475631087,0.1549459147563248,0.1549459147563467,0.15357822078758276,0.15357822078751668,0.15357822078747368,0.15357822078751668,0.15357822078758296,0.15357822078751668,0.1535782207874418,0.15357822078739236,0.1535782207874418,0.15357822078751668,0.15357822078747368,0.15357822078739236,0.15357822078733774,0.15357822078739236,0.15357822078747368,0.15357822078751668,0.1535782207874418,0.15357822078739236,0.1535782207874418,0.15357822078751668,0.15357822078758296,0.15357822078751668,0.15357822078747368,0.15357822078751668,0.15357822078758296,0.1522378039397973,0.1522378039396024,0.1522378039394723,0.1522378039396024,0.1522378039397973,0.1522378039396024,0.15223780393936978,0.15223780393920858,0.15223780393936978,0.1522378039396024,0.1522378039394723,0.15223780393920858,0.152237803939018,0.15223780393920858,0.1522378039394723,0.1522378039396024,0.15223780393936978,0.15223780393920858,0.15223780393936978,0.1522378039396024,0.1522378039397973,0.1522378039396024,0.1522378039394723,0.1522378039396024,0.1522378039397973,0.15092409301884804,0.15092409301829166,0.1509240930179033,0.15092409301829166,0.15092409301884804,0.15092409301829166,0.15092409301757725,0.15092409301704,0.15092409301757725,0.15092409301829166,0.1509240930179033,0.15092409301704,0.15092409301635976,0.15092409301704,0.1509240930179033,0.15092409301829166,0.15092409301757725,0.15092409301704,0.15092409301757725,0.15092409301829166,0.15092409301884804,0.15092409301829166,0.1509240930179033,0.15092409301829166,0.15092409301884804,0.1496365231637502,0.14963652316224038,0.149636523161114,0.14963652316224038,0.1496365231637502,0.14963652316224038,0.14963652316010392,0.14963652315831633,0.14963652316010392,0.14963652316224038,0.149636523161114,0.14963652315831633,0.149636523155706,0.14963652315831633,0.149636523161114,0.14963652316224038,0.14963652316010392,0.14963652315831633,0.14963652316010392,0.14963652316224038,0.1496365231637502,0.14963652316224038,0.149636523161114,0.14963652316224038,0.1496365231637502,0.14837453643285928,0.14837453642906928,0.14837453642594312,0.14837453642906928,0.14837453643285928,0.14837453642906928,0.14837453642298581,0.1483745364169279,0.14837453642298581,0.14837453642906928,0.14837453642594312,0.1483745364169279,0.14837453640581036,0.1483745364169279,0.14837453642594312,0.14837453642906928,0.14837453642298581,0.1483745364169279,0.14837453642298581,0.14837453642906928,0.14837453643285928,0.14837453642906928,0.14837453642594312,0.14837453642906928,0.14837453643285928,0.1471375823137418,0.14713758230540067,0.1471375822974944,0.14713758230540067,0.1471375823137418,0.14713758230540067,0.14713758228965082,0.14713758226949125,0.14713758228965082,0.14713758230540067,0.1471375822974944,0.14713758226949125,0.14713758221596054,0.14713758226949125,0.1471375822974944,0.14713758230540067,0.14713758228965082,0.14713758226949125,0.14713758228965082,0.14713758230540067,0.1471375823137418,0.14713758230540067,0.1471375822974944,0.14713758230540067,0.1471375823137418,0.14592511816299522,0.14592511814861814,0.14592511813262796,0.14592511814861814,0.14592511816299522,0.14592511814861814,0.14592511811629844,0.1459251180582358,0.14592511811629844,0.14592511814861814,0.14592511813262796,0.1459251180582358,0.14592511776620765,0.1459251180582358,0.14592511813262796,0.14592511814861814,0.14592511811629844,0.1459251180582358,0.14592511811629844,0.14592511814861814,0.14592511816299522,0.14592511814861814,0.14592511813262796,0.14592511814861814,0.14592511816299522,0.14473660957813458,0.1447366095629842,0.14473660954755643,0.1447366095629842,0.14473660957813458,0.1447366095629842,0.14473660953199757,0.14473660948544112,0.14473660953199757,0.1447366095629842,0.14473660954755643,0.14473660948544112,0.1447366093074717,0.14473660948544112,0.14473660954755643,0.1447366095629842,0.14473660953199757,0.14473660948544112,0.14473660953199757,0.1447366095629842,0.14473660957813458,0.1447366095629842,0.14473660954755643,0.1447366095629842,0.14473660957813458,0.14357153069845285,0.14357153068350392,0.1435715306686313,0.14357153068350392,0.14357153069845285,0.14357153068350392,0.14357153065371778,0.14357153061010333,0.14357153065371778,0.14357153068350392,0.1435715306686313,0.14357153061010333,0.143571530442585,0.14357153061010333,0.1435715306686313,0.14357153068350392,0.14357153065371778,0.14357153061010333,0.14357153065371778,0.14357153068350392,0.14357153069845285,0.14357153068350392,0.1435715306686313,0.14357153068350392,0.14357153069845285,0.1424293644751215,0.14242936446017077,0.14242936444489226,0.14242936446017077,0.1424293644751215,0.14242936446017077,0.14242936442945825,0.14242936438268897,0.14242936442945825,0.14242936446017077,0.14242936444489226,0.14242936438268897,0.14242936419552552,0.14242936438268897,0.14242936444489226,0.14242936446017077,0.14242936442945825,0.14242936438268897,0.14242936442945825,0.14242936446017077,0.1424293644751215,0.14242936446017077,0.14242936444489226,0.14242936446017077,0.1424293644751215,0.14130960288647637,0.14130960287269054,0.1413096028576156,0.14130960287269054,0.14130960288647637,0.14130960287269054,0.14130960284212685,0.14130960279142385,0.14130960284212685,0.14130960287269054,0.1413096028576156,0.14130960279142385,0.141309602572761,0.14130960279142385,0.1413096028576156,0.14130960287269054,0.14130960284212685,0.14130960279142385,0.14130960284212685,0.14130960287269054,0.14130960288647637,0.14130960287269054,0.1413096028576156,0.14130960287269054,0.14130960288647637,0.14021174710410678,0.14021174709591366,0.14021174708536177,0.14021174709591366,0.14021174710410678,0.14021174709591366,0.14021174707418307,0.14021174703055997,0.14021174707418307,0.14021174709591366,0.14021174708536177,0.14021174703055997,0.14021174680479676,0.14021174703055997,0.14021174708536177,0.14021174709591366,0.14021174707418307,0.14021174703055997,0.14021174707418307,0.14021174709591366,0.14021174710410678,0.14021174709591366,0.14021174708536177,0.14021174709591366,0.14021174710410678,0.1391353076152177,0.13913530762063636,0.13913530762457982,0.13913530762063636,0.1391353076152177,0.13913530762063636,0.139135307628175,0.13913530763287613,0.139135307628175,0.13913530762063636,0.13913530762457982,0.13913530763287613,0.13913530763065954,0.13913530763287613,0.13913530762457982,0.13913530762063636,0.139135307628175,0.13913530763287613,0.139135307628175,0.13913530762063636,0.1391353076152177,0.13913530762063636,0.13913530762457982,0.13913530762063636,0.1391353076152177,0.13807980430831054,0.13807980433244058,0.1380798043568985,0.13807980433244058,0.13807980430831054,0.13807980433244058,0.13807980438173287,0.13807980445005932,0.13807980438173287,0.13807980433244058,0.1380798043568985,0.13807980445005932,0.13807980464437752,0.13807980445005932,0.1380798043568985,0.13807980433244058,0.13807980438173287,0.13807980445005932,0.13807980438173287,0.13807980433244058,0.13807980430831054,0.13807980433244058,0.1380798043568985,0.13807980433244058,0.13807980430831054,0.13704476653985334,0.13704476658153406,0.13704476663232,0.13704476658153406,0.13704476653985334,0.13704476658153406,0.13704476668504276,0.13704476689374018,0.13704476668504276,0.13704476658153406,0.13704476663232,0.13704476689374018,0.13704476805285087,0.13704476689374018,0.13704476663232,0.13704476658153406,0.13704476668504276,0.13704476689374018,0.13704476668504276,0.13704476658153406,0.13704476653985334,0.13704476658153406,0.13704476663232,0.13704476658153406,0.13704476653985334,0.13602973317882722,0.13602973320811038,0.13602973323683185,0.13602973320811038,0.13602973317882722,0.13602973320811038,0.1360297332656705,0.1360297333427756,0.1360297332656705,0.13602973320811038,0.13602973323683185,0.1360297333427756,0.1360297335569797,0.1360297333427756,0.13602973323683185,0.13602973320811038,0.1360297332656705,0.1360297333427756,0.1360297332656705,0.13602973320811038,0.13602973317882722,0.13602973320811038,0.13602973323683185,0.13602973320811038,0.13602973317882722,0.1350342526718164,0.13503425269019378,0.1350342527053787,0.13503425269019378,0.1350342526718164,0.13503425269019378,0.13503425271979855,0.1350342527491765,0.13503425271979855,0.13503425269019378,0.1350342527053787,0.1350342527491765,0.1350342528026359,0.1350342527491765,0.1350342527053787,0.13503425269019378,0.13503425271979855,0.1350342527491765,0.13503425271979855,0.13503425269019378,0.1350342526718164,0.13503425269019378,0.1350342527053787,0.13503425269019378,0.1350342526718164
0.16533248764403116,0.16533248764403116,0.16533248764403116,0.16533248764403116,0.16533248764403116,0.16533248764403116,0.16533248764403116,0.16533248764403116,0.16533248764403116,0.16533248764403116,0.16533248764403116,0.16533248764403116,0.16533248764403116,0.16533248764403116,0.16533248764403116,0.16533248764403116,0.16533248764403116,0.16533248764403116,0.16533248764403116,0.16533248764403116,0.16533248764403116,0.16533248764403116,0.16533248764403116,0.16533248764403116,0.16533248764403116,0.1637574939281164,0.1637574939281164,0.1637574939281164,0.1637574939281164,0.1637574939281164,0.1637574939281164,0.1637574939281164,0.1637574939281164,0.1637574939281164,0.1637574939281164,0.1637574939281164,0.1637574939281164,0.1637574939281164,0.1637574939281164,0.1637574939281164,0.1637574939281164,0.1637574939281164,0.1637574939281164,0.1637574939281164,0.1637574939281164,0.1637574939281164,0.1637574939281164,0.1637574939281164,0.1637574939281164,0.1637574939281164,0.16221388414409824,0.16221388414409824,0.16221388414409824,0.16221388414409824,0.16221388414409824,0.16221388414409824,0.16221388414409824,0.16221388414409801,0.16221388414409824,0.16221388414409824,0.16221388414409824,0.16221388414409801,0.16221388414409801,0.16221388414409801,0.16221388414409824,0.16221388414409824,0.16221388414409824,0.16221388414409801,0.16221388414409824,0.16221388414409824,0.16221388414409824,0.16221388414409824,0.16221388414409824,0.16221388414409824,0.16221388414409824,0.1607010672490185,0.16070106724901828,0.16070106724901828,0.16070106724901828,0.1607010672490185,0.16070106724901828,0.16070106724901806,0.16070106724901806,0.16070106724901806,0.16070106724901828,0.16070106724901828,0.16070106724901806,0.16070106724901786,0.16070106724901806,0.16070106724901828,0.16070106724901828,0.16070106724901806,0.16070106724901806,0.16070106724901806,0.16070106724901828,0.1607010672490185,0.16070106724901828,0.16070106724901828,0.16070106724901828,0.1607010672490185,0.1592184516178566,0.15921845161785594,0.1592184516178555,0.15921845161785594,0.1592184516178566,0.15921845161785594,0.15921845161785508,0.15921845161785464,0.15921845161785508,0.15921845161785594,0.1592184516178555,0.15921845161785464,0.1592184516178542,0.15921845161785464,0.1592184516178555,0.15921845161785594,0.15921845161785508,0.15921845161785464,0.15921845161785508,0.15921845161785594,0.1592184516178566,0.15921845161785594,0.1592184516178555,0.15921845161785594,0.1592184516178566,0.15776544639538073,0.1577654463953786,0.1577654463953771,0.1577654463953786,0.15776544639538073,0.1577654463953786,0.15776544639537624,0.15776544639537474,0.15776544639537624,0.1577654463953786,0.1577654463953771,0.15776544639537474,0.15776544639537324,0.15776544639537474,0.1577654463953771,0.1577654463953786,0.15776544639537624,0.15776544639537474,0.15776544639537624,0.1577654463953786,0.15776544639538073,0.1577654463953786,0.1577654463953771,0.1577654463953786,0.15776544639538073,0.15634146271047294,0.15634146271046603,0.15634146271046184,0.15634146271046603,0.15634146271047294,0.15634146271046603,0.1563414627104587,0.1563414627104541,0.1563414627104587,0.15634146271046603,0.15634146271046184,0.1563414627104541,0.1563414627104495,0.1563414627104541,0.15634146271046165,0.15634146271046603,0.1563414627104587,0.1563414627104541,0.1563414627104587,0.15634146271046603,0.15634146271047294,0.15634146271046603,0.15634146271046165,0.15634146271046603,0.15634146271047294,0.15494591476319286,0.15494591476317196,0.15494591476315864,0.15494591476317196,0.15494591476319286,0.15494591476317196,0.15494591476314923,0.15494591476313446,0.15494591476314923,0.15494591476317196,0.15494591476315864,0.15494591476313446,0.1549459147631189,0.15494591476313446,0.15494591476315864,0.15494591476317196,0.15494591476314923,0.15494591476313446,0.15494591476314923,0.15494591476317196,0.15494591476319286,0.15494591476317196,0.15494591476315864,0.15494591476317196,0.15494591476319286,0.15357822079429614,0.15357822079423328,0.15357822079419253,0.15357822079423328,0.15357822079429614,0.15357822079423328,0.153578220794162,0.15357822079411518,0.153578220794162,0.15357822079423328,0.15357822079419253,0.15357822079411518,0.15357822079406316,0.15357822079411518,0.15357822079419253,0.15357822079423328,0.153578220794162,0.15357822079411518,0.153578220794162,0.15357822079423328,0.15357822079429614,0.15357822079423328,0.15357822079419253,0.15357822079423328,0.15357822079429614,0.1522378039463749,0.15223780394618927,0.15223780394606565,0.15223780394618927,0.1522378039463749,0.15223780394618927,0.15223780394596803,0.15223780394581488,0.15223780394596803,0.15223780394618927,0.15223780394606565,0.15223780394581488,0.15223780394563435,0.15223780394581488,0.15223780394606565,0.15223780394618927,0.15223780394596803,0.15223780394581488,0.15223780394596803,0.15223780394618927,0.1522378039463749,0.15223780394618927,0.15223780394606565,0.15223780394618927,0.1522378039463749,0.15092409302527343,0.15092409302474347,0.15092409302437404,0.15092409302474347,0.15092409302527343,0.15092409302474347,0.1509240930240642,0.15092409302355392,0.1509240930240642,0.15092409302474347,0.15092409302437404,0.15092409302355392,0.15092409302290843,0.15092409302355392,0.15092409302437404,0.15092409302474347,0.1509240930240642,0.15092409302355392,0.1509240930240642,0.15092409302474347,0.15092409302527343,0.15092409302474347,0.15092409302437404,0.15092409302474347,0.15092409302527343,0.14963652316997184,0.14963652316853213,0.14963652316745948,0.14963652316853213,0.14963652316997184,0.14963652316853213,0.14963652316649928,0.1496365231648011,0.14963652316649928,0.14963652316853213,0.14963652316745948,0.1496365231648011,0.14963652316232717,0.1496365231648011,0.14963652316745948,0.14963652316853213,0.14963652316649928,0.1496365231648011,0.14963652316649928,0.14963652316853213,0.14963652316997184,0.14963652316853213,0.14963652316745948,0.14963652316853213,0.14963652316997184,0.14837453643873347,0.14837453643511322,0.1483745364321337,0.14837453643511322,0.14837453643873347,0.14837453643511322,0.14837453642931853,0.14837453642356663,0.14837453642931853,0.14837453643511322,0.1483745364321337,0.14837453642356663,0.14837453641304474,0.14837453642356663,0.1483745364321337,0.14837453643511322,0.14837453642931853,0.14837453642356663,0.14837453642931853,0.14837453643511322,0.14837453643873347,0.14837453643511322,0.1483745364321337,0.14837453643511322,0.14837453643873347,0.1471375823189165,0.14713758231092267,0.14713758230337265,0.14713758231092267,0.1471375823189165,0.14713758231092267,0.14713758229589147,0.14713758227674573,0.14713758229589147,0.14713758231092267,0.14713758230337265,0.14713758227674573,0.14713758222615894,0.14713758227674573,0.14713758230337265,0.14713758231092267,0.14713758229589147,0.14713758227674573,0.14713758229589147,0.14713758231092267,0.1471375823189165,0.14713758231092267,0.14713758230337265,0.14713758231092267,0.1471375823189165,0.14592511816674578,0.1459251181528625,0.14592511813750678,0.1459251181528625,0.14592511816674578,0.1459251181528625,0.14592511812184086,0.14592511806657119,0.14592511812184086,0.1459251181528625,0.14592511813750678,0.14592511806657119,0.1459251177909776,0.14592511806657119,0.14592511813750678,0.1459251181528625,0.14592511812184086,0.14592511806657119,0.14592511812184086,0.1459251181528625,0.14592511816674578,0.1459251181528625,0.14592511813750678,0.1459251181528625,0.14592511816674578,0.14473660957942225,0.14473660956444848,0.1447366095491635,0.14473660956444848,0.14473660957942225,0.14473660956444848,0.14473660953374362,0.14473660948731876,0.14473660953374362,0.14473660956444848,0.1447366095491635,0.14473660948731876,0.1447366093075956,0.14473660948731876,0.1447366095491635,0.14473660956444848,0.14473660953374362,0.14473660948731876,0.1447366095337438,0.14473660956444848,0.14473660957942225,0.14473660956444848,0.1447366095491635,0.14473660956444848,0.14473660957942225,0.1435715306968798,0.14357153068189546,0.1435715306669383,0.14357153068189546,0.1435715306968798,0.14357153068189546,0.1435715306519281,0.14357153060780717,0.1435715306519281,0.14357153068189546,0.1435715306669383,0.14357153060780717,0.14357153043731027,0.14357153060780717,0.1435715306669383,0.14357153068189546,0.1435715306519281,0.14357153060780717,0.1435715306519281,0.14357153068189546,0.1435715306968798,0.14357153068189546,0.1435715306669383,0.14357153068189546,0.1435715306968798,0.14242936447072088,0.14242936445568574,0.14242936444030205,0.14242936445568574,0.14242936447072088,0.14242936445568574,0.14242936442475662,0.14242936437758594,0.14242936442475662,0.14242936445568574,0.14242936444030205,0.14242936437758594,0.14242936418857538,0.14242936437758594,0.14242936444030205,0.14242936445568574,0.14242936442475662,0.14242936437758594,0.14242936442475662,0.14242936445568574,0.14242936447072088,0.14242936445568574,0.14242936444030205,0.14242936445568574,0.14242936447072088,0.14130960287938196,0.14130960286553265,0.14130960285039915,0.14130960286553265,0.14130960287938196,0.14130960286553265,0.14130960283485303,0.14130960278400267,0.14130960283485303,0.14130960286553265,0.14130960285039915,0.14130960278400267,0.14130960256488095,0.14130960278400267,0.14130960285039915,0.14130960286553265,0.14130960283485303,0.14130960278400267,0.14130960283485303,0.14130960286553265,0.14130960287938196,0.14130960286553265,0.14130960285039915,0.14130960286553265,0.14130960287938196,0.14021174709440984,0.14021174708615705,0.14021174707557,0.14021174708615705,0.14021174709440984,0.14021174708615705,0.14021174706436246,0.14021174702075515,0.14021174706436246,0.14021174708615705,0.14021174707557,0.14021174702075515,0.1402117467955526,0.14021174702075515,0.14021174707557,0.14021174708615705,0.14021174706436246,0.14021174702075515,0.14021174706436246,0.14021174708615705,0.14021174709440984,0.14021174708615705,0.14021174707557,0.14021174708615705,0.14021174709440984,0.1391353076030004,0.1391353076082815,0.13913530761211304,0.1391353076082815,0.1391353076030004,0.1391353076082815,0.13913530761560194,0.13913530762009704,0.13913530761560194,0.1391353076082815,0.13913530761211304,0.13913530762009704,0.1391353076175426,0.13913530762009704,0.13913530761211304,0.1391353076082815,0.13913530761560194,0.13913530762009704,0.13913530761560194,0.1391353076082815,0.1391353076030004,0.1391353076082815,0.13913530761211304,0.1391353076082815,0.1391353076030004,0.13807980429381558,0.13807980431764422,0.13807980434180428,0.13807980431764422,0.13807980429381558,0.13807980431764422,0.13807980436633868,0.13807980443385984,0.13807980436633868,0.13807980431764422,0.13807980434180428,0.13807980443385984,0.13807980462594063,0.13807980443385984,0.13807980434180428,0.13807980431764422,0.13807980436633868,0.13807980443385984,0.13807980436633868,0.13807980431764422,0.13807980429381558,0.13807980431764422,0.13807980434180428,0.13807980431764422,0.13807980429381558,0.13704476652366382,0.13704476656486816,0.13704476661508033,0.13704476656486816,0.13704476652366382,0.13704476656486816,0.13704476666720888,0.1370447668735725,0.13704476666720888,0.13704476656486816,0.13704476661508033,0.1370447668735725,0.13704476801977591,0.1370447668735725,0.13704476661508033,0.13704476656486816,0.13704476666720888,0.1370447668735725,0.13704476666720888,0.13704476656486816,0.13704476652366382,0.13704476656486816,0.13704476661508033,0.13704476656486816,0.13704476652366382,0.13602973316189296,0.1360297331908455,0.13602973321924444,0.1360297331908455,0.13602973316189296,0.1360297331908455,0.1360297332477597,0.13602973332400325,0.1360297332477597,0.1360297331908455,0.13602973321924444,0.13602973332400325,0.1360297335358203,0.13602973332400325,0.13602973321924444,0.1360297331908455,0.1360297332477597,0.13602973332400325,0.1360297332477597,0.1360297331908455,0.13602973316189296,0.1360297331908455,0.13602973321924444,0.1360297331908455,0.13602973316189296,0.13503425265479682,0.13503425267296773,0.13503425268798236,0.13503425267296773,0.13503425265479682,0.13503425267296773,0.13503425270224068,0.13503425273129016,0.13503425270224068,0.13503425267296773,0.13503425268798236,0.13503425273129016,0.13503425278415335,0.13503425273129016,0.13503425268798236,0.13503425267296773,0.13503425270224068,0.13503425273129016,0.13503425270224068,0.13503425267296773,0.13503425265479682,0.13503425267296773,0.13503425268798236,0.13503425267296773,0.13503425265479682
0.16533248765200662,0.16533248765200662,0.16533248765200662,0.16533248765200662,0.16533248765200662,0.16533248765200662,0.16533248765200662,0.16533248765200662,0.16533248765200662,0.16533248765200662,0.16533248765200662,0.16533248765200662,0.16533248765200662,0.16533248765200662,0.16533248765200662,0.16533248765200662,0.16533248765200662,0.16533248765200662,0.16533248765200662,0.16533248765200662,0.16533248765200662,0.16533248765200662,0.16533248765200662,0.16533248765200662,0.16533248765200662,0.16375749393593417,0.16375749393593417,0.16375749393593417,0.16375749393593417,0.16375749393593417,0.16375749393593417,0.16375749393593417,0.16375749393593417,0.16375749393593417,0.16375749393593417,0.16375749393593417,0.16375749393593417,0.16375749393593417,0.16375749393593417,0.16375749393593417,0.16375749393593417,0.16375749393593417,0.16375749393593417,0.16375749393593417,0.16375749393593417,0.16375749393593417,0.16375749393593417,0.16375749393593417,0.16375749393593417,0.16375749393593417,0.16221388415176194,0.16221388415176194,0.16221388415176194,0.16221388415176194,0.16221388415176194,0.16221388415176194,0.16221388415176194,0.16221388415176194,0.16221388415176194,0.16221388415176194,0.16221388415176194,0.16221388415176194,0.16221388415176174,0.16221388415176194,0.16221388415176194,0.16221388415176194,0.16221388415176194,0.16221388415176194,0.16221388415176194,0.16221388415176194,0.16221388415176194,0.16221388415176194,0.16221388415176194,0.16221388415176194,0.16221388415176194,0.16070106725653216,0.16070106725653194,0.16070106725653172,0.16070106725653194,0.16070106725653216,0.16070106725653194,0.16070106725653172,0.1607010672565315,0.16070106725653172,0.16070106725653194,0.16070106725653172,0.1607010672565315,0.1607010672565313,0.1607010672565315,0.16070106725653172,0.16070106725653194,0.16070106725653172,0.1607010672565315,0.16070106725653172,0.16070106725653194,0.16070106725653216,0.16070106725653194,0.16070106725653172,0.16070106725653194,0.16070106725653216,0.1592184516252237,0.15921845162522283,0.15921845162522238,0.15921845162522283,0.1592184516252237,0.15921845162522283,0.1592184516252222,0.15921845162522175,0.1592184516252222,0.15921845162522283,0.15921845162522238,0.15921845162522175,0.1592184516252213,0.15921845162522175,0.15921845162522238,0.15921845162522283,0.1592184516252222,0.15921845162522175,0.1592184516252222,0.15921845162522283,0.1592184516252237,0.15921845162522283,0.15921845162522238,0.15921845162522283,0.1592184516252237,0.15776544640260495,0.15776544640260282,0.15776544640260154,0.15776544640260282,0.15776544640260495,0.15776544640260282,0.15776544640260068,0.15776544640259937,0.15776544640260068,0.15776544640260282,0.15776544640260154,0.15776544640259937,0.1577654464025979,0.15776544640259937,0.15776544640260154,0.15776544640260282,0.15776544640260068,0.15776544640259937,0.15776544640260068,0.15776544640260282,0.15776544640260495,0.15776544640260282,0.15776544640260154,0.15776544640260282,0.15776544640260495,0.1563414627175579,0.1563414627175514,0.1563414627175472,0.1563414627175514,0.1563414627175579,0.1563414627175514,0.15634146271754448,0.1563414627175401,0.15634146271754448,0.1563414627175514,0.1563414627175472,0.1563414627175401,0.1563414627175357,0.1563414627175401,0.1563414627175472,0.1563414627175514,0.15634146271754448,0.1563414627175401,0.15634146271754448,0.1563414627175514,0.1563414627175579,0.1563414627175514,0.1563414627175472,0.1563414627175514,0.1563414627175579,0.1549459147701415,0.15494591477012162,0.15494591477010913,0.15494591477012162,0.1549459147701415,0.15494591477012162,0.15494591477010008,0.15494591477008637,0.15494591477010008,0.15494591477012162,0.15494591477010913,0.15494591477008637,0.15494591477007164,0.15494591477008637,0.15494591477010913,0.15494591477012162,0.15494591477010008,0.15494591477008637,0.15494591477010008,0.15494591477012162,0.1549459147701415,0.15494591477012162,0.15494591477010913,0.15494591477012162,0.1549459147701415,0.15357822080110994,0.1535782208010503,0.15357822080101174,0.1535782208010503,0.15357822080110994,0.1535782208010503,0.15357822080098302,0.15357822080093864,0.15357822080098302,0.1535782208010503,0.15357822080101174,0.15357822080093864,0.1535782208008896,0.15357822080093864,0.15357822080101174,0.1535782208010503,0.15357822080098302,0.15357822080093864,0.15357822080098302,0.1535782208010503,0.15357822080110994,0.1535782208010503,0.15357822080101174,0.1535782208010503,0.15357822080110994,0.1522378039530505,0.15223780395287453,0.1522378039527572,0.15223780395287453,0.1522378039530505,0.15223780395287453,0.15223780395266506,0.1522378039525202,0.15223780395266506,0.15223780395287453,0.1522378039527572,0.1522378039525202,0.15223780395234993,0.1522378039525202,0.1522378039527572,0.15223780395287453,0.15223780395266506,0.1522378039525202,0.15223780395266506,0.15223780395287453,0.1522378039530505,0.15223780395287453,0.1522378039527572,0.15223780395287453,0.1522378039530505,0.15092409303179433,0.15092409303129137,0.15092409303094123,0.15092409303129137,0.15092409303179433,0.15092409303129137,0.1509240930306478,0.15092409303016552,0.1509240930306478,0.15092409303129137,0.15092409303094123,0.15092409303016552,0.15092409302955548,0.15092409303016552,0.15092409303094123,0.15092409303129137,0.1509240930306478,0.15092409303016552,0.1509240930306478,0.15092409303129137,0.15092409303179433,0.15092409303129137,0.15092409303094123,0.15092409303129137,0.15092409303179433,0.14963652317628476,0.14963652317491674,0.14963652317389928,0.14963652317491674,0.14963652317628476,0.14963652317491674,0.14963652317298998,0.1496365231713835,0.14963652317298998,0.14963652317491674,0.14963652317389928,0.1496365231713835,0.1496365231690491,0.1496365231713835,0.14963652317389928,0.14963652317491674,0.14963652317298998,0.1496365231713835,0.14963652317298998,0.14963652317491674,0.14963652317628476,0.14963652317491674,0.14963652317389928,0.14963652317491674,0.14963652317628476,0.14837453644469145,0.14837453644124507,0.14837453643841567,0.14837453644124507,0.14837453644469145,0.14837453644124507,0.14837453643574616,0.1483745364303073,0.14837453643574616,0.14837453644124507,0.14837453643841567,0.1483745364303073,0.14837453642039564,0.1483745364303073,0.14837453643841567,0.14837453644124507,0.14837453643574616,0.1483745364303073,0.14837453643574616,0.14837453644124507,0.14837453644469145,0.14837453644124507,0.14837453643841567,0.14837453644124507,0.14837453644469145,0.14713758232415966,0.147137582316521,0.14713758230933555,0.147137582316521,0.14713758232415966,0.147137582316521,0.14713758230222512,0.14713758228411736,0.14713758230222512,0.147137582316521,0.14713758230933555,0.14713758228411736,0.14713758223654538,0.14713758228411736,0.14713758230933555,0.147137582316521,0.14713758230222512,0.14713758228411736,0.14713758230222512,0.147137582316521,0.14713758232415966,0.147137582316521,0.14713758230933555,0.147137582316521,0.14713758232415966,0.1459251181705325,0.14592511815715398,0.145925118142447,0.1459251181571538,0.1459251181705325,0.14592511815715398,0.14592511812745965,0.14592511807504882,0.14592511812745965,0.1459251181571538,0.145925118142447,0.14592511807504882,0.14592511781626893,0.14592511807504882,0.145925118142447,0.1459251181571538,0.14592511812745965,0.14592511807504882,0.14592511812745965,0.1459251181571538,0.1459251181705325,0.1459251181571538,0.145925118142447,0.1459251181571538,0.1459251181705325,0.14473660958069137,0.14473660956589585,0.14473660955075418,0.14473660956589585,0.14473660958069137,0.14473660956589585,0.1447366095354741,0.1447366094891751,0.1447366095354741,0.14473660956589585,0.14473660955075418,0.1447366094891751,0.144736609307593,0.1447366094891751,0.14473660955075418,0.14473660956589585,0.1447366095354741,0.1447366094891751,0.1447366095354741,0.14473660956589585,0.14473660958069137,0.14473660956589585,0.14473660955075418,0.14473660956589585,0.14473660958069137,0.1435715306952296,0.14357153068020487,0.14357153066515635,0.14357153068020487,0.1435715306952296,0.14357153068020487,0.1435715306500428,0.14357153060538916,0.1435715306500428,0.14357153068020487,0.14357153066515635,0.14357153060538916,0.1435715304317958,0.14357153060538916,0.14357153066515635,0.14357153068020487,0.1435715306500428,0.14357153060538916,0.1435715306500428,0.14357153068020487,0.1435715306952296,0.14357153068020487,0.14357153066515635,0.14357153068020487,0.1435715306952296,0.14242936446619472,0.14242936445106735,0.1424293644355701,0.14242936445106735,0.14242936446619472,0.14242936445106735,0.14242936441990442,0.14242936437230394,0.14242936441990442,0.14242936445106735,0.1424293644355701,0.14242936437230394,0.14242936418135702,0.14242936437230394,0.1424293644355701,0.14242936445106735,0.14242936441990442,0.14242936437230394,0.14242936441990442,0.14242936445106735,0.14242936446619472,0.14242936445106735,0.1424293644355701,0.14242936445106735,0.14242936446619472,0.14130960287212904,0.14130960285820832,0.14130960284300823,0.14130960285820832,0.14130960287212904,0.14130960285820832,0.14130960282739632,0.14130960277637244,0.14130960282739632,0.14130960285820832,0.14130960284300823,0.14130960277637244,0.14130960255668315,0.14130960277637244,0.14130960284300823,0.14130960285820832,0.14130960282739632,0.14130960277637244,0.14130960282739632,0.14130960285820832,0.14130960287212904,0.14130960285820832,0.14130960284300823,0.14130960285820832,0.14130960287212904,0.14021174708453632,0.14021174707621809,0.14021174706558925,0.14021174707621809,0.14021174708453632,0.14021174707621809,0.1402117470543464,0.14021174701073394,0.1402117470543464,0.14021174707621809,0.14021174706558925,0.14021174701073394,0.1402117467859742,0.14021174701073394,0.14021174706558925,0.14021174707621809,0.1402117470543464,0.14021174701073394,0.1402117470543464,0.14021174707621809,0.14021174708453632,0.14021174707621809,0.14021174706558925,0.14021174707621809,0.14021174708453632,0.13913530759060094,0.13913530759574133,0.1391353075994579,0.13913530759574133,0.13913530759060094,0.13913530759574133,0.13913530760283804,0.13913530760712017,0.13913530760283804,0.13913530759574133,0.1391353075994579,0.13913530760712017,0.1391353076042106,0.13913530760712017,0.1391353075994579,0.13913530759574133,0.13913530760283804,0.13913530760712017,0.13913530760283804,0.13913530759574133,0.13913530759060094,0.13913530759574133,0.1391353075994579,0.13913530759574133,0.13913530759060094,0.13807980427913935,0.13807980430266534,0.13807980432652667,0.13807980430266534,0.13807980427913935,0.13807980430266534,0.13807980435076012,0.13807980441747458,0.13807980435076012,0.13807980430266534,0.13807980432652667,0.13807980441747458,0.13807980460731595,0.13807980441747458,0.13807980432652667,0.13807980430266534,0.13807980435076012,0.13807980441747458,0.13807980435076012,0.13807980430266534,0.13807980427913935,0.13807980430266534,0.13807980432652667,0.13807980430266534,0.13807980427913935,0.13704476650729625,0.13704476654802414,0.13704476659766232,0.13704476654802414,0.13704476650729625,0.13704476654802414,0.13704476664919674,0.13704476685322756,0.13704476664919674,0.13704476654802414,0.13704476659766232,0.13704476685322756,0.13704476798651963,0.13704476685322756,0.13704476659766232,0.13704476654802414,0.13704476664919674,0.13704476685322756,0.13704476664919674,0.13704476654802414,0.13704476650729625,0.13704476654802414,0.13704476659766232,0.13704476654802414,0.13704476650729625,0.13602973314478387,0.1360297331734062,0.1360297332014826,0.1360297331734062,0.13602973314478387,0.1360297331734062,0.13602973322967474,0.1360297333050569,0.1360297332296746,0.1360297331734062,0.1360297332014826,0.1360297333050569,0.13602973351448858,0.1360297333050569,0.1360297332014826,0.1360297331734062,0.1360297332296746,0.1360297333050569,0.13602973322967474,0.1360297331734062,0.13602973314478387,0.1360297331734062,0.1360297332014826,0.1360297331734062,0.13602973314478387,0.135034252637606,0.13503425265557042,0.13503425267041483,0.13503425265557042,0.135034252637606,0.13503425265557042,0.13503425268451183,0.13503425271323316,0.13503425268451183,0.13503425265557042,0.13503425267041483,0.13503425271323316,0.13503425276550027,0.13503425271323316,0.13503425267041483,0.13503425265557042,0.13503425268451183,0.13503425271323316,0.13503425268451183,0.13503425265557042,0.135034252637606,0.13503425265557042,0.13503425267041483,0.13503425265557042,0.135034252637606
0.1653324876600996,0.1653324876600996,0.1653324876600996,0.1653324876600996,0.1653324876600996,0.1653324876600996,0.1653324876600996,0.1653324876600996,0.1653324876600996,0.1653324876600996,0.1653324876600996,0.1653324876600996,0.1653324876600996,0.1653324876600996,0.1653324876600996,0.1653324876600996,0.1653324876600996,0.1653324876600996,0.1653324876600996,0.1653324876600996,0.1653324876600996,0.1653324876600996,0.1653324876600996,0.1653324876600996,0.1653324876600996,0.1637574939438669,0.1637574939438669,0.1637574939438669,0.1637574939438669,0.1637574939438669,0.1637574939438669,0.1637574939438669,0.1637574939438669,0.1637574939438669,0.1637574939438669,0.1637574939438669,0.1637574939438669,0.1637574939438669,0.1637574939438669,0.1637574939438669,0.1637574939438669,0.1637574939438669,0.1637574939438669,0.1637574939438669,0.1637574939438669,0.1637574939438669,0.1637574939438669,0.1637574939438669,0.1637574939438669,0.1637574939438669,0.16221388415953833,0.16221388415953833,0.16221388415953833,0.16221388415953833,0.16221388415953833,0.16221388415953833,0.16221388415953833,0.16221388415953808,0.16221388415953808,0.16221388415953833,0.16221388415953833,0.16221388415953808,0.16221388415953808,0.16221388415953808,0.16221388415953833,0.16221388415953833,0.16221388415953808,0.16221388415953808,0.16221388415953808,0.16221388415953833,0.16221388415953833,0.16221388415953833,0.16221388415953833,0.16221388415953833,0.16221388415953833,0.16070106726415578,0.16070106726415556,0.16070106726415556,0.16070106726415556,0.16070106726415578,0.16070106726415556,0.16070106726415537,0.16070106726415537,0.16070106726415537,0.16070106726415556,0.16070106726415556,0.16070106726415537,0.16070106726415512,0.16070106726415537,0.16070106726415556,0.16070106726415556,0.16070106726415537,0.16070106726415537,0.16070106726415537,0.16070106726415556,0.16070106726415578,0.16070106726415556,0.16070106726415556,0.16070106726415556,0.16070106726415578,0.15921845163269857,0.15921845163269793,0.1592184516326975,0.15921845163269793,0.15921845163269857,0.15921845163269793,0.15921845163269724,0.15921845163269682,0.15921845163269724,0.15921845163269793,0.1592184516326975,0.15921845163269682,0.1592184516326964,0.15921845163269682,0.1592184516326975,0.15921845163269793,0.15921845163269724,0.15921845163269682,0.15921845163269724,0.15921845163269793,0.15921845163269857,0.15921845163269793,0.1592184516326975,0.15921845163269793,0.15921845163269857,0.157765446409935,0.1577654464099331,0.15776544640993181,0.1577654464099331,0.157765446409935,0.1577654464099331,0.15776544640993093,0.15776544640992968,0.15776544640993093,0.1577654464099331,0.15776544640993181,0.15776544640992968,0.15776544640992837,0.15776544640992968,0.15776544640993181,0.1577654464099331,0.15776544640993093,0.15776544640992968,0.15776544640993093,0.1577654464099331,0.157765446409935,0.1577654464099331,0.15776544640993181,0.1577654464099331,0.157765446409935,0.15634146272474658,0.15634146272474028,0.15634146272473654,0.15634146272474028,0.15634146272474658,0.15634146272474028,0.15634146272473382,0.15634146272472982,0.15634146272473382,0.15634146272474028,0.15634146272473654,0.15634146272472982,0.15634146272472546,0.15634146272472982,0.15634146272473654,0.15634146272474028,0.15634146272473382,0.15634146272472982,0.15634146272473382,0.15634146272474028,0.15634146272474658,0.15634146272474028,0.15634146272473654,0.15634146272474028,0.15634146272474658,0.1549459147771918,0.1549459147771729,0.15494591477716102,0.1549459147771729,0.1549459147771918,0.1549459147771729,0.1549459147771526,0.1549459147771397,0.1549459147771526,0.1549459147771729,0.15494591477716102,0.1549459147771397,0.1549459147771258,0.1549459147771397,0.15494591477716102,0.1549459147771729,0.1549459147771526,0.1549459147771397,0.1549459147771526,0.1549459147771729,0.1549459147771918,0.1549459147771729,0.15494591477716102,0.1549459147771729,0.1549459147771918,0.15357822080802316,0.1535782208079667,0.15357822080793038,0.1535782208079667,0.15357822080802316,0.1535782208079667,0.15357822080790326,0.1535782208078615,0.15357822080790326,0.1535782208079667,0.15357822080793038,0.1535782208078615,0.1535782208078153,0.1535782208078615,0.15357822080793038,0.1535782208079667,0.15357822080790326,0.1535782208078615,0.15357822080790326,0.1535782208079667,0.15357822080802316,0.1535782208079667,0.15357822080793038,0.1535782208079667,0.15357822080802316,0.15223780395982314,0.15223780395965703,0.1522378039595464,0.15223780395965683,0.15223780395982314,0.15223780395965703,0.1522378039594596,0.15223780395932318,0.1522378039594596,0.15223780395965703,0.1522378039595464,0.15223780395932318,0.15223780395916336,0.15223780395932318,0.1522378039595464,0.15223780395965683,0.1522378039594596,0.15223780395932318,0.1522378039594596,0.15223780395965703,0.15223780395982314,0.15223780395965703,0.1522378039595464,0.15223780395965703,0.15223780395982314,0.15092409303840934,0.1509240930379342,0.1509240930376037,0.1509240930379342,0.15092409303840934,0.1509240930379342,0.15092409303732726,0.15092409303687332,0.15092409303732726,0.1509240930379342,0.1509240930376037,0.15092409303687332,0.15092409303629975,0.15092409303687332,0.1509240930376037,0.1509240930379342,0.15092409303732726,0.15092409303687332,0.15092409303732726,0.1509240930379342,0.15092409303840934,0.1509240930379342,0.1509240930376037,0.1509240930379342,0.15092409303840934,0.14963652318268789,0.14963652318139345,0.14963652318043233,0.14963652318139345,0.14963652318268789,0.14963652318139345,0.14963652317957504,0.14963652317806234,0.14963652317957504,0.14963652318139345,0.14963652318043233,0.14963652317806234,0.14963652317587084,0.14963652317806234,0.14963652318043233,0.14963652318139345,0.14963652317957504,0.14963652317806234,0.14963652317957504,0.14963652318139345,0.14963652318268789,0.14963652318139345,0.14963652318043233,0.14963652318139345,0.14963652318268789,0.14837453645073267,0.14837453644746362,0.148374536444788,0.14837453644746362,0.14837453645073267,0.14837453644746362,0.14837453644226717,0.14837453643714854,0.14837453644226717,0.14837453644746362,0.148374536444788,0.14837453643714854,0.1483745364278611,0.14837453643714854,0.148374536444788,0.14837453644746362,0.14837453644226717,0.14837453643714854,0.14837453644226717,0.14837453644746362,0.14837453645073267,0.14837453644746362,0.148374536444788,0.14837453644746362,0.14837453645073267,0.14713758232947038,0.14713758232219487,0.147137582315382,0.14713758232219487,0.14713758232947038,0.14713758232219487,0.1471375823086507,0.14713758229160454,0.1471375823086507,0.14713758232219487,0.147137582315382,0.14713758229160454,0.14713758224711726,0.14713758229160454,0.147137582315382,0.14713758232219487,0.1471375823086507,0.14713758229160454,0.1471375823086507,0.14713758232219487,0.14713758232947038,0.14713758232219487,0.147137582315382,0.14713758232219487,0.14713758232947038,0.14592511817435516,0.14592511816149184,0.1459251181474479,0.14592511816149184,0.14592511817435516,0.14592511816149184,0.14592511813315379,0.14592511808366676,0.14592511813315379,0.14592511816149184,0.1459251181474479,0.14592511808366676,0.14592511784210266,0.14592511808366676,0.1459251181474479,0.14592511816149184,0.14592511813315379,0.14592511808366676,0.14592511813315379,0.14592511816149184,0.14592511817435516,0.14592511816149184,0.1459251181474479,0.14592511816149184,0.14592511817435516,0.14473660958194257,0.1447366095673268,0.14473660955232898,0.1447366095673268,0.14473660958194257,0.1447366095673268,0.14473660953718903,0.1447366094910112,0.14473660953718903,0.1447366095673268,0.14473660955232898,0.1447366094910112,0.14473660930747742,0.1447366094910112,0.14473660955232898,0.1447366095673268,0.14473660953718903,0.1447366094910112,0.14473660953718903,0.1447366095673268,0.14473660958194257,0.1447366095673268,0.14473660955232898,0.1447366095673268,0.14473660958194257,0.14357153069350376,0.1435715306784333,0.14357153066328726,0.1435715306784333,0.14357153069350376,0.1435715306784333,0.14357153064806352,0.14357153060285158,0.14357153064806352,0.1435715306784333,0.14357153066328726,0.14357153060285158,0.1435715304260103,0.14357153060285158,0.14357153066328726,0.1435715306784333,0.14357153064806352,0.14357153060285158,0.14357153064806352,0.1435715306784333,0.14357153069350376,0.1435715306784333,0.14357153066328726,0.1435715306784333,0.14357153069350376,0.142429364461545,0.14242936444631796,0.1424293644306986,0.14242936444631796,0.142429364461545,0.14242936444631796,0.14242936441490422,0.14242936436684597,0.14242936441490422,0.14242936444631796,0.1424293644306986,0.14242936436684597,0.1424293641738179,0.14242936436684597,0.1424293644306986,0.14242936444631796,0.14242936441490422,0.14242936436684597,0.14242936441490422,0.14242936444631796,0.142429364461545,0.14242936444631796,0.1424293644306986,0.14242936444631796,0.142429364461545,0.1413096028647197,0.14130960285072003,0.14130960283544544,0.14130960285072003,0.1413096028647197,0.14130960285072003,0.14130960281975935,0.14130960276853616,0.14130960281975935,0.14130960285072003,0.14130960283544544,0.14130960276853616,0.14130960254815314,0.14130960276853616,0.14130960283544544,0.14130960285072003,0.14130960281975935,0.14130960276853616,0.14130960281975935,0.14130960285072003,0.1413096028647197,0.14130960285072003,0.14130960283544544,0.14130960285072003,0.1413096028647197,0.14021174707448883,0.14021174706609882,0.14021174705542228,0.14021174706609882,0.14021174707448883,0.14021174706609882,0.14021174704413764,0.1402117470004992,0.14021174704413764,0.14021174706609882,0.14021174705542228,0.1402117470004992,0.14021174677610743,0.1402117470004992,0.14021174705542228,0.14021174706609882,0.14021174704413764,0.1402117470004992,0.14021174704413764,0.14021174706609882,0.14021174707448883,0.14021174706609882,0.14021174705542228,0.14021174706609882,0.14021174707448883,0.1391353075780214,0.13913530758301806,0.13913530758661685,0.13913530758301806,0.1391353075780214,0.13913530758301806,0.13913530758988518,0.13913530759394754,0.13913530758988518,0.13913530758301806,0.13913530758661685,0.13913530759394754,0.13913530759066625,0.13913530759394754,0.13913530758661685,0.13913530758301806,0.13913530758988518,0.13913530759394754,0.13913530758988518,0.13913530758301806,0.1391353075780214,0.13913530758301806,0.13913530758661685,0.13913530758301806,0.1391353075780214,0.13807980426428346,0.13807980428750555,0.13807980431106703,0.13807980428750555,0.13807980426428346,0.13807980428750555,0.13807980433499875,0.138079804400905,0.13807980433499875,0.13807980428750555,0.13807980431106703,0.138079804400905,0.13807980458850463,0.138079804400905,0.13807980431106703,0.13807980428750555,0.13807980433499875,0.138079804400905,0.13807980433499875,0.13807980428750555,0.13807980426428346,0.13807980428750555,0.13807980431106703,0.13807980428750555,0.13807980426428346,0.13704476649075156,0.13704476653100264,0.13704476658006687,0.13704476653100264,0.13704476649075156,0.13704476653100264,0.13704476663100726,0.13704476683270614,0.13704476663100726,0.13704476653100264,0.13704476658006687,0.13704476683270614,0.13704476795312143,0.13704476683270614,0.13704476658006687,0.13704476653100264,0.13704476663100726,0.13704476683270614,0.13704476663100726,0.13704476653100264,0.13704476649075156,0.13704476653100264,0.13704476658006687,0.13704476653100264,0.13704476649075156,0.1360297331275014,0.13602973315579328,0.13602973318354705,0.13602973315579328,0.1360297331275014,0.13602973315579328,0.13602973321141607,0.13602973328593748,0.13602973321141607,0.13602973315579328,0.13602973318354705,0.13602973328593748,0.13602973349298475,0.13602973328593748,0.13602973318354705,0.13602973315579328,0.13602973321141607,0.13602973328593748,0.13602973321141607,0.13602973315579328,0.1360297331275014,0.13602973315579328,0.13602973318354705,0.13602973315579328,0.1360297331275014,0.13503425262024493,0.13503425263800303,0.13503425265267724,0.13503425263800303,0.13503425262024493,0.13503425263800303,0.13503425266661293,0.13503425269500607,0.13503425266661293,0.13503425263800303,0.13503425265267724,0.13503425269500607,0.13503425274667757,0.13503425269500607,0.13503425265267724,0.13503425263800303,0.13503425266661293,0.13503425269500607,0.13503425266661293,0.13503425263800303,0.13503425262024493,0.13503425263800303,0.13503425265267724,0.13503425263800303,0.13503425262024493
0.16533248766830794,0.16533248766830794,0.16533248766830794,0.16533248766830794,0.16533248766830794,0.16533248766830794,0.16533248766830794,0.16533248766830794,0.16533248766830794,0.16533248766830794,0.16533248766830794,0.16533248766830794,0.16533248766830794,0.16533248766830794,0.16533248766830794,0.16533248766830794,0.16533248766830794,0.16533248766830794,0.16533248766830794,0.16533248766830794,0.16533248766830794,0.16533248766830794,0.16533248766830794,0.16533248766830794,0.16533248766830794,0.16375749395191297,0.16375749395191297,0.16375749395191297,0.16375749395191297,0.16375749395191297,0.16375749395191297,0.16375749395191297,0.16375749395191275,0.16375749395191275,0.16375749395191297,0.16375749395191297,0.16375749395191275,0.16375749395191275,0.16375749395191275,0.16375749395191297,0.16375749395191297,0.16375749395191275,0.16375749395191275,0.16375749395191297,0.16375749395191297,0.16375749395191297,0.16375749395191297,0.16375749395191297,0.16375749395191297,0.16375749395191297,0.16221388416742577,0.16221388416742577,0.16221388416742555,0.16221388416742577,0.16221388416742577,0.16221388416742577,0.16221388416742555,0.16221388416742555,0.16221388416742555,0.16221388416742577,0.16221388416742555,0.16221388416742555,0.16221388416742555,0.16221388416742555,0.16221388416742555,0.16221388416742577,0.16221388416742555,0.16221388416742555,0.16221388416742555,0.16221388416742577,0.16221388416742577,0.16221388416742577,0.16221388416742555,0.16221388416742577,0.16221388416742577,0.1607010672718885,0.16070106727188826,0.16070106727188804,0.16070106727188826,0.1607010672718885,0.16070106727188826,0.16070106727188804,0.16070106727188785,0.16070106727188804,0.16070106727188826,0.16070106727188804,0.16070106727188785,0.16070106727188785,0.16070106727188785,0.16070106727188804,0.16070106727188826,0.16070106727188804,0.16070106727188785,0.16070106727188804,0.16070106727188826,0.1607010672718885,0.16070106727188826,0.16070106727188804,0.16070106727188826,0.1607010672718885,0.15921845164028034,0.1592184516402797,0.15921845164027926,0.1592184516402797,0.15921845164028034,0.1592184516402797,0.15921845164027904,0.15921845164027862,0.15921845164027904,0.1592184516402797,0.15921845164027926,0.15921845164027862,0.15921845164027817,0.15921845164027862,0.15921845164027926,0.1592184516402797,0.15921845164027904,0.15921845164027862,0.15921845164027904,0.1592184516402797,0.15921845164028034,0.1592184516402797,0.15921845164027926,0.1592184516402797,0.15921845164028034,0.15776544641736961,0.1577654464173677,0.1577654464173664,0.1577654464173677,0.15776544641736961,0.1577654464173677,0.15776544641736576,0.15776544641736448,0.15776544641736576,0.1577654464173677,0.1577654464173664,0.15776544641736448,0.1577654464173632,0.15776544641736448,0.1577654464173664,0.1577654464173677,0.15776544641736576,0.15776544641736448,0.15776544641736576,0.1577654464173677,0.15776544641736961,0.1577654464173677,0.1577654464173664,0.1577654464173677,0.15776544641736961,0.15634146273203747,0.15634146273203162,0.15634146273202806,0.15634146273203162,0.15634146273203747,0.15634146273203162,0.15634146273202557,0.1563414627320218,0.15634146273202557,0.15634146273203162,0.15634146273202806,0.1563414627320218,0.1563414627320176,0.1563414627320218,0.15634146273202806,0.15634146273203162,0.15634146273202557,0.1563414627320218,0.15634146273202557,0.15634146273203162,0.15634146273203747,0.15634146273203162,0.15634146273202806,0.15634146273203162,0.15634146273203747,0.15494591478434205,0.15494591478432443,0.15494591478431335,0.15494591478432443,0.15494591478434205,0.15494591478432443,0.15494591478430536,0.15494591478429326,0.15494591478430536,0.15494591478432443,0.15494591478431335,0.15494591478429326,0.15494591478428038,0.15494591478429326,0.15494591478431335,0.15494591478432443,0.15494591478430536,0.15494591478429326,0.15494591478430536,0.15494591478432443,0.15494591478434205,0.15494591478432443,0.15494591478431335,0.15494591478432443,0.15494591478434205,0.1535782208150342,0.15357822081498138,0.15357822081494724,0.15357822081498138,0.1535782208150342,0.15357822081498138,0.1535782208149217,0.15357822081488257,0.1535782208149217,0.15357822081498138,0.15357822081494724,0.15357822081488257,0.15357822081483957,0.15357822081488257,0.15357822081494724,0.15357822081498138,0.1535782208149217,0.15357822081488257,0.1535782208149217,0.15357822081498138,0.1535782208150342,0.15357822081498138,0.15357822081494724,0.15357822081498138,0.1535782208150342,0.15223780396669148,0.15223780396653536,0.15223780396643166,0.15223780396653536,0.15223780396669148,0.15223780396653536,0.15223780396635014,0.15223780396622258,0.15223780396635014,0.15223780396653536,0.15223780396643166,0.15223780396622258,0.1522378039660734,0.15223780396622258,0.15223780396643166,0.15223780396653536,0.15223780396635014,0.15223780396622258,0.15223780396635014,0.15223780396653536,0.15223780396669148,0.15223780396653536,0.15223780396643166,0.15223780396653536,0.15223780396669148,0.15092409304511756,0.15092409304467075,0.15092409304436016,0.15092409304467075,0.15092409304511756,0.15092409304467075,0.15092409304410126,0.15092409304367624,0.15092409304410126,0.15092409304467075,0.15092409304436016,0.15092409304367624,0.15092409304313975,0.15092409304367624,0.15092409304436016,0.15092409304467075,0.15092409304410126,0.15092409304367624,0.15092409304410126,0.15092409304467075,0.15092409304511756,0.15092409304467075,0.15092409304436016,0.15092409304467075,0.15092409304511756,0.1496365231891803,0.1496365231879609,0.14963652318705725,0.1496365231879609,0.1496365231891803,0.1496365231879609,0.14963652318625326,0.14963652318483647,0.14963652318625326,0.1496365231879609,0.14963652318705725,0.14963652318483647,0.14963652318279075,0.14963652318483647,0.14963652318705725,0.1496365231879609,0.14963652318625326,0.14963652318483647,0.14963652318625326,0.1496365231879609,0.1496365231891803,0.1496365231879609,0.14963652318705725,0.1496365231879609,0.1496365231891803,0.14837453645685578,0.1483745364537682,0.14837453645124937,0.1483745364537682,0.14837453645685578,0.1483745364537682,0.1483745364488805,0.14837453644408932,0.1483745364488805,0.1483745364537682,0.14837453645124937,0.14837453644408932,0.14837453643544,0.14837453644408932,0.14837453645124937,0.1483745364537682,0.1483745364488805,0.14837453644408932,0.1483745364488805,0.1483745364537682,0.14837453645685578,0.1483745364537682,0.14837453645124937,0.1483745364537682,0.14837453645685578,0.147137582334848,0.14713758232794322,0.14713758232151092,0.14713758232794322,0.147137582334848,0.14713758232794322,0.1471375823151671,0.14713758229920598,0.1471375823151671,0.14713758232794322,0.14713758232151092,0.14713758229920598,0.14713758225787174,0.14713758229920598,0.14713758232151092,0.14713758232794322,0.1471375823151671,0.14713758229920598,0.1471375823151671,0.14713758232794322,0.147137582334848,0.14713758232794322,0.14713758232151092,0.14713758232794322,0.147137582334848,0.14592511817821366,0.14592511816587575,0.14592511815250866,0.14592511816587575,0.14592511817821366,0.14592511816587575,0.14592511813892273,0.1459251180924229,0.14592511813892273,0.14592511816587575,0.14592511815250866,0.1459251180924229,0.14592511786832169,0.1459251180924229,0.14592511815250866,0.14592511816587575,0.14592511813892273,0.1459251180924229,0.14592511813892273,0.14592511816587575,0.14592511817821366,0.14592511816587575,0.14592511815250866,0.14592511816587575,0.14592511817821366,0.14473660958317647,0.14473660956874188,0.14473660955388856,0.14473660956874188,0.14473660958317647,0.14473660956874188,0.1447366095388897,0.1447366094928279,0.1447366095388897,0.14473660956874188,0.14473660955388856,0.1447366094928279,0.14473660930739174,0.1447366094928279,0.14473660955388856,0.14473660956874188,0.1447366095388897,0.1447366094928279,0.1447366095388897,0.14473660956874188,0.14473660958317647,0.14473660956874188,0.14473660955388856,0.14473660956874188,0.14473660958317647,0.14357153069170384,0.14357153067658257,0.14357153066133266,0.14357153067658257,0.14357153069170384,0.14357153067658257,0.14357153064599204,0.14357153060019692,0.14357153064599204,0.14357153067658257,0.14357153066133266,0.14357153060019692,0.14357153042001453,0.14357153060019692,0.14357153066133266,0.14357153067658257,0.14357153064599204,0.14357153060019692,0.14357153064599204,0.14357153067658257,0.14357153069170384,0.14357153067658257,0.14357153066133266,0.14357153067658257,0.14357153069170384,0.14242936445677398,0.14242936444143958,0.14242936442569018,0.14242936444143958,0.14242936445677398,0.14242936444143958,0.1424293644097586,0.14242936436121503,0.1424293644097586,0.14242936444143958,0.14242936442569018,0.14242936436121503,0.1424293641660143,0.14242936436121503,0.14242936442569018,0.14242936444143958,0.1424293644097586,0.14242936436121503,0.1424293644097586,0.14242936444143958,0.14242936445677398,0.14242936444143958,0.14242936442569018,0.14242936444143958,0.14242936445677398,0.14130960285715624,0.1413096028430704,0.14130960282771307,0.1413096028430704,0.14130960285715624,0.1413096028430704,0.14130960281194524,0.14130960276049723,0.14130960281194524,0.1413096028430704,0.14130960282771307,0.14130960276049723,0.1413096025393077,0.14130960276049723,0.14130960282771307,0.1413096028430704,0.14130960281194524,0.14130960276049723,0.14130960281194524,0.1413096028430704,0.14130960285715624,0.1413096028430704,0.14130960282771307,0.1413096028430704,0.14130960285715624,0.14021174706426923,0.14021174705580203,0.14021174704507144,0.14021174705580203,0.14021174706426923,0.14021174705580203,0.1402117470337389,0.14021174699005437,0.1402117470337389,0.14021174705580203,0.14021174704507144,0.14021174699005437,0.14021174676594853,0.14021174699005437,0.14021174704507144,0.14021174705580203,0.1402117470337389,0.14021174699005437,0.1402117470337389,0.14021174705580203,0.14021174706426923,0.14021174705580203,0.14021174704507144,0.14021174705580203,0.14021174706426923,0.13913530756526382,0.13913530757011347,0.1391353075735916,0.13913530757011347,0.13913530756526382,0.13913530757011347,0.1391353075767456,0.13913530758058157,0.1391353075767456,0.13913530757011347,0.1391353075735916,0.13913530758058157,0.13913530757691195,0.13913530758058157,0.1391353075735916,0.13913530757011347,0.1391353075767456,0.13913530758058157,0.1391353075767456,0.13913530757011347,0.13913530756526382,0.13913530757011347,0.1391353075735916,0.13913530757011347,0.13913530756526382,0.13807980424924937,0.13807980427216635,0.13807980429542707,0.13807980427216635,0.13807980424924937,0.13807980427216635,0.1380798043190563,0.13807980438415246,0.1380798043190563,0.13807980427216635,0.13807980429542707,0.13807980438415246,0.13807980456950772,0.13807980438415246,0.13807980429542707,0.13807980427216635,0.1380798043190563,0.13807980438415246,0.1380798043190563,0.13807980427216635,0.13807980424924937,0.13807980427216635,0.13807980429542707,0.13807980427216635,0.13807980424924937,0.13704476647403158,0.1370447665138054,0.1370447665622955,0.1370447665138054,0.13704476647403158,0.1370447665138054,0.13704476661264173,0.13704476681200878,0.13704476661264173,0.1370447665138054,0.1370447665622955,0.13704476681200878,0.1370447679195291,0.13704476681200878,0.1370447665622955,0.1370447665138054,0.13704476661264173,0.13704476681200878,0.13704476661264173,0.1370447665138054,0.13704476647403158,0.1370447665138054,0.1370447665622955,0.1370447665138054,0.13704476647403158,0.13602973311004657,0.13602973313800787,0.13602973316543926,0.13602973313800787,0.13602973311004657,0.13602973313800787,0.13602973319298517,0.13602973326664577,0.13602973319298517,0.13602973313800787,0.13602973316543926,0.13602973326664577,0.13602973347130945,0.13602973326664577,0.13602973316543926,0.13602973313800787,0.13602973319298517,0.13602973326664577,0.13602973319298517,0.13602973313800787,0.13602973311004657,0.13602973313800787,0.13602973316543926,0.13602973313800787,0.13602973311004657,0.13503425260271498,0.13503425262026647,0.13503425263477056,0.13503425262026647,0.13503425260271498,0.13503425262026647,0.13503425264854496,0.1350342526766101,0.13503425264854496,0.13503425262026647,0.13503425263477056,0.1350342526766101,0.1350342527276858,0.1350342526766101,0.13503425263477056,0.13503425262026647,0.13503425264854496,0.1350342526766101,0.13503425264854496,0.13503425262026647,0.13503425260271498,0.13503425262026647,0.13503425263477056,0.13503425262026647,0.13503425260271498
0.16533248767663072,0.16533248767663072,0.16533248767663072,0.16533248767663072,0.16533248767663072,0.16533248767663072,0.16533248767663072,0.16533248767663072,0.16533248767663072,0.16533248767663072,0.16533248767663072,0.16533248767663072,0.16533248767663072,0.16533248767663072,0.16533248767663072,0.16533248767663072,0.16533248767663072,0.16533248767663072,0.16533248767663072,0.16533248767663072,0.16533248767663072,0.16533248767663072,0.16533248767663072,0.16533248767663072,0.16533248767663072,0.16375749396007094,0.16375749396007094,0.16375749396007094,0.16375749396007094,0.16375749396007094,0.16375749396007094,0.16375749396007094,0.16375749396007094,0.16375749396007094,0.16375749396007094,0.16375749396007094,0.16375749396007094,0.16375749396007094,0.16375749396007094,0.16375749396007094,0.16375749396007094,0.16375749396007094,0.16375749396007094,0.16375749396007094,0.16375749396007094,0.16375749396007094,0.16375749396007094,0.16375749396007094,0.16375749396007094,0.16375749396007094,0.16221388417542293,0.16221388417542293,0.1622138841754227,0.16221388417542293,0.16221388417542293,0.16221388417542293,0.1622138841754227,0.1622138841754227,0.1622138841754227,0.16221388417542293,0.1622138841754227,0.1622138841754227,0.1622138841754227,0.1622138841754227,0.1622138841754227,0.16221388417542293,0.1622138841754227,0.1622138841754227,0.1622138841754227,0.16221388417542293,0.16221388417542293,0.16221388417542293,0.1622138841754227,0.16221388417542293,0.16221388417542293,0.1607010672797285,0.16070106727972827,0.16070106727972827,0.16070106727972827,0.1607010672797285,0.16070106727972827,0.16070106727972827,0.16070106727972805,0.16070106727972827,0.16070106727972827,0.16070106727972827,0.16070106727972805,0.16070106727972805,0.16070106727972805,0.16070106727972827,0.16070106727972827,0.16070106727972827,0.16070106727972805,0.16070106727972827,0.16070106727972827,0.1607010672797285,0.16070106727972827,0.16070106727972827,0.16070106727972827,0.1607010672797285,0.15921845164796727,0.1592184516479666,0.1592184516479664,0.1592184516479666,0.15921845164796727,0.1592184516479666,0.1592184516479662,0.15921845164796575,0.1592184516479662,0.1592184516479666,0.1592184516479664,0.15921845164796575,0.1592184516479653,0.15921845164796575,0.1592184516479664,0.1592184516479666,0.1592184516479662,0.15921845164796575,0.1592184516479662,0.1592184516479666,0.15921845164796727,0.1592184516479666,0.1592184516479664,0.1592184516479666,0.15921845164796727,0.15776544642490728,0.15776544642490556,0.15776544642490425,0.15776544642490556,0.15776544642490728,0.15776544642490556,0.15776544642490364,0.1577654464249026,0.15776544642490364,0.15776544642490556,0.15776544642490425,0.1577654464249026,0.15776544642490128,0.1577654464249026,0.15776544642490425,0.15776544642490556,0.15776544642490364,0.1577654464249026,0.15776544642490364,0.15776544642490556,0.15776544642490728,0.15776544642490556,0.15776544642490425,0.15776544642490556,0.15776544642490728,0.15634146273942942,0.15634146273942398,0.15634146273942062,0.15634146273942398,0.15634146273942942,0.15634146273942398,0.15634146273941832,0.1563414627394148,0.15634146273941832,0.15634146273942398,0.15634146273942062,0.1563414627394148,0.156341462739411,0.1563414627394148,0.15634146273942062,0.15634146273942398,0.15634146273941832,0.1563414627394148,0.15634146273941832,0.15634146273942398,0.15634146273942942,0.15634146273942398,0.15634146273942062,0.15634146273942398,0.15634146273942942,0.1549459147915913,0.15494591479157493,0.1549459147915647,0.15494591479157493,0.1549459147915913,0.15494591479157493,0.1549459147915573,0.15494591479154582,0.1549459147915573,0.15494591479157493,0.1549459147915647,0.15494591479154582,0.15494591479153394,0.15494591479154582,0.1549459147915647,0.15494591479157493,0.1549459147915573,0.15494591479154582,0.1549459147915573,0.15494591479157493,0.1549459147915913,0.15494591479157493,0.1549459147915647,0.15494591479157493,0.1549459147915913,0.15357822082214223,0.15357822082209283,0.1535782208220611,0.15357822082209283,0.15357822082214223,0.15357822082209283,0.1535782208220374,0.15357822082200084,0.1535782208220374,0.15357822082209283,0.1535782208220611,0.15357822082200084,0.15357822082196088,0.15357822082200104,0.1535782208220611,0.15357822082209283,0.1535782208220374,0.15357822082200104,0.1535782208220374,0.15357822082209283,0.15357822082214223,0.15357822082209283,0.1535782208220611,0.15357822082209283,0.15357822082214223,0.15223780397365447,0.1522378039735086,0.15223780397341177,0.1522378039735086,0.15223780397365447,0.1522378039735086,0.152237803973336,0.1522378039732173,0.152237803973336,0.1522378039735086,0.15223780397341177,0.1522378039732173,0.1522378039730789,0.1522378039732173,0.15223780397341177,0.1522378039735086,0.152237803973336,0.1522378039732173,0.152237803973336,0.1522378039735086,0.15223780397365447,0.1522378039735086,0.15223780397341177,0.1522378039735086,0.15223780397365447,0.15092409305191778,0.15092409305149973,0.15092409305120977,0.15092409305149973,0.15092409305191778,0.15092409305149973,0.15092409305096843,0.15092409305057314,0.15092409305096843,0.15092409305149973,0.15092409305120977,0.15092409305057314,0.15092409305007465,0.15092409305057314,0.15092409305120977,0.15092409305149973,0.15092409305096843,0.15092409305057314,0.15092409305096843,0.15092409305149973,0.15092409305191778,0.15092409305149973,0.15092409305120977,0.15092409305149973,0.15092409305191778,0.14963652319576096,0.14963652319461815,0.14963652319377332,0.14963652319461815,0.14963652319576096,0.14963652319461815,0.1496365231930236,0.14963652319170453,0.1496365231930236,0.14963652319461815,0.14963652319377332,0.14963652319170453,0.14963652318980802,0.14963652319170453,0.14963652319377332,0.14963652319461815,0.1496365231930236,0.14963652319170453,0.1496365231930236,0.14963652319461815,0.14963652319576096,0.14963652319461815,0.14963652319377332,0.14963652319461815,0.14963652319576096,0.14837453646306006,0.1483745364601578,0.1483745364577991,0.1483745364601578,0.14837453646306006,0.1483745364601578,0.14837453645558532,0.14837453645112833,0.14837453645558532,0.1483745364601578,0.1483745364577991,0.14837453645112833,0.14837453644313062,0.14837453645112833,0.1483745364577991,0.1483745364601578,0.14837453645558532,0.14837453645112833,0.14837453645558532,0.1483745364601578,0.14837453646306006,0.1483745364601578,0.1483745364577991,0.1483745364601578,0.14837453646306006,0.1471375823402919,0.1471375823337655,0.14713758232772178,0.1471375823337655,0.1471375823402919,0.1471375823337655,0.14713758232177324,0.14713758230692006,0.14713758232177324,0.1471375823337655,0.14713758232772178,0.14713758230692006,0.14713758226880638,0.14713758230692006,0.14713758232772178,0.1471375823337655,0.14713758232177324,0.14713758230692006,0.14713758232177324,0.1471375823337655,0.1471375823402919,0.1471375823337655,0.14713758232772178,0.1471375823337655,0.1471375823402919,0.14592511818210754,0.14592511817030548,0.14592511815762907,0.14592511817030548,0.14592511818210754,0.14592511817030548,0.14592511814476555,0.14592511810131575,0.14592511814476555,0.14592511817030548,0.14592511815762907,0.14592511810131575,0.14592511789509346,0.14592511810131575,0.14592511815762907,0.14592511817030548,0.14592511814476555,0.14592511810131575,0.14592511814476555,0.14592511817030548,0.14592511818210754,0.14592511817030548,0.14592511815762907,0.14592511817030548,0.14592511818210754,0.14473660958439377,0.14473660957014162,0.1447366095554337,0.14473660957014162,0.14473660958439377,0.14473660957014162,0.14473660954057635,0.14473660949462594,0.14473660954057635,0.14473660957014162,0.1447366095554337,0.14473660949462594,0.14473660930719362,0.14473660949462594,0.1447366095554337,0.14473660957014162,0.14473660954057635,0.14473660949462594,0.14473660954057635,0.14473660957014162,0.14473660958439377,0.14473660957014162,0.1447366095554337,0.14473660957014162,0.14473660958439377,0.143571530689831,0.1435715306746543,0.14357153065929437,0.1435715306746543,0.143571530689831,0.1435715306746543,0.14357153064383055,0.14357153059742764,0.14357153064383055,0.1435715306746543,0.14357153065929437,0.14357153059742764,0.143571530413773,0.14357153059742764,0.14357153065929437,0.1435715306746543,0.14357153064383055,0.14357153059742764,0.14357153064383055,0.1435715306746543,0.143571530689831,0.1435715306746543,0.14357153065929437,0.1435715306746543,0.143571530689831,0.14242936445188348,0.1424293644364347,0.14242936442054707,0.1424293644364347,0.14242936445188348,0.1424293644364347,0.14242936440447004,0.1424293643554145,0.14242936440447004,0.1424293644364347,0.14242936442054707,0.1424293643554145,0.14242936415795396,0.1424293643554145,0.14242936442054707,0.1424293644364347,0.14242936440447004,0.1424293643554145,0.14242936440447004,0.1424293644364347,0.14242936445188348,0.1424293644364347,0.14242936442054707,0.1424293644364347,0.14242936445188348,0.14130960284944116,0.14130960283526173,0.14130960281981428,0.14130960283526173,0.14130960284944116,0.14130960283526173,0.1413096028039565,0.14130960275225898,0.1413096028039565,0.14130960283526173,0.14130960281981428,0.14130960275225898,0.1413096025301823,0.14130960275225898,0.14130960281981428,0.14130960283526173,0.1413096028039565,0.14130960275225898,0.1413096028039565,0.14130960283526173,0.14130960284944116,0.14130960283526173,0.14130960281981428,0.14130960283526173,0.14130960284944116,0.1402117470538802,0.14021174704532993,0.14021174703453937,0.14021174704532993,0.1402117470538802,0.14021174704532993,0.1402117470231528,0.14021174697940234,0.1402117470231528,0.14021174704532993,0.14021174703453937,0.14021174697940234,0.14021174675549772,0.14021174697940234,0.14021174703453937,0.14021174704532993,0.1402117470231528,0.14021174697940234,0.1402117470231528,0.14021174704532993,0.1402117470538802,0.14021174704532993,0.14021174703453937,0.14021174704532993,0.1402117470538802,0.13913530755233028,0.13913530755703002,0.1391353075603848,0.13913530755703002,0.13913530755233028,0.13913530755703002,0.13913530756342152,0.1391353075670244,0.13913530756342152,0.13913530755703002,0.1391353075603848,0.1391353075670244,0.1391353075629505,0.1391353075670244,0.1391353075603848,0.13913530755703002,0.13913530756342152,0.1391353075670244,0.13913530756342152,0.13913530755703002,0.13913530755233028,0.13913530755703002,0.1391353075603848,0.13913530755703002,0.13913530755233028,0.1380798042340392,0.13807980425664965,0.13807980427960867,0.13807980425664965,0.1380798042340392,0.13807980425664965,0.13807980430293418,0.13807980436721853,0.13807980430293418,0.13807980425664965,0.13807980427960867,0.13807980436721853,0.13807980455032676,0.13807980436721853,0.13807980427960867,0.13807980425664965,0.13807980430293418,0.13807980436721853,0.13807980430293418,0.13807980425664965,0.1380798042340392,0.13807980425664965,0.13807980427960867,0.13807980425664965,0.1380798042340392,0.13704476645713734,0.13704476649643377,0.1370447665443495,0.13704476649643377,0.13704476645713734,0.13704476649643377,0.13704476659410122,0.13704476679113656,0.13704476659410122,0.13704476649643377,0.1370447665443495,0.13704476679113656,0.13704476788579084,0.13704476679113656,0.1370447665443495,0.13704476649643377,0.13704476659410122,0.13704476679113656,0.13704476659410122,0.13704476649643377,0.13704476645713734,0.13704476649643377,0.1370447665443495,0.13704476649643377,0.13704476645713734,0.1360297330924207,0.13602973312005145,0.13602973314716021,0.13602973312005145,0.1360297330924207,0.13602973312005145,0.136029733174383,0.13602973324718282,0.13602973317438283,0.13602973312005145,0.13602973314716021,0.13602973324718282,0.13602973344946312,0.13602973324718282,0.13602973314716021,0.13602973312005145,0.13602973317438283,0.13602973324718282,0.13602973317438283,0.13602973312005145,0.1360297330924207,0.13602973312005145,0.13602973314716021,0.13602973312005145,0.1360297330924207,0.13503425258501706,0.13503425260236213,0.13503425261669602,0.13503425260236213,0.13503425258501706,0.13503425260236213,0.13503425263030897,0.1350342526580461,0.13503425263030897,0.13503425260236213,0.13503425261669602,0.1350342526580461,0.13503425270852631,0.1350342526580461,0.13503425261669602,0.13503425260236213,0.13503425263030897,0.1350342526580461,0.13503425263030897,0.13503425260236213,0.13503425258501706,0.13503425260236213,0.13503425261669602,0.13503425260236213,0.13503425258501706
0.1653324876850668,0.1653324876850668,0.1653324876850668,0.1653324876850668,0.1653324876850668,0.1653324876850668,0.1653324876850668,0.1653324876850668,0.1653324876850668,0.1653324876850668,0.1653324876850668,0.1653324876850668,0.16533248768506656,0.1653324876850668,0.1653324876850668,0.1653324876850668,0.1653324876850668,0.1653324876850668,0.1653324876850668,0.1653324876850668,0.1653324876850668,0.1653324876850668,0.1653324876850668,0.1653324876850668,0.1653324876850668,0.16375749396833977,0.16375749396833977,0.16375749396833977,0.16375749396833977,0.16375749396833977,0.16375749396833977,0.16375749396833977,0.16375749396833977,0.16375749396833977,0.16375749396833977,0.16375749396833977,0.16375749396833977,0.16375749396833977,0.16375749396833977,0.16375749396833977,0.16375749396833977,0.16375749396833977,0.16375749396833977,0.16375749396833977,0.16375749396833977,0.16375749396833977,0.16375749396833977,0.16375749396833977,0.16375749396833977,0.16375749396833977,0.16221388418352867,0.16221388418352867,0.16221388418352867,0.16221388418352867,0.16221388418352867,0.16221388418352867,0.16221388418352867,0.16221388418352845,0.16221388418352867,0.16221388418352867,0.16221388418352867,0.16221388418352845,0.16221388418352845,0.16221388418352845,0.16221388418352867,0.16221388418352867,0.16221388418352867,0.16221388418352845,0.16221388418352867,0.16221388418352867,0.16221388418352867,0.16221388418352867,0.16221388418352867,0.16221388418352867,0.16221388418352867,0.16070106728767514,0.16070106728767491,0.16070106728767491,0.16070106728767491,0.16070106728767514,0.16070106728767491,0.16070106728767491,0.1607010672876747,0.16070106728767491,0.16070106728767491,0.16070106728767491,0.1607010672876747,0.1607010672876747,0.1607010672876747,0.16070106728767491,0.16070106728767491,0.16070106728767491,0.1607010672876747,0.1607010672876747,0.16070106728767491,0.16070106728767514,0.16070106728767491,0.16070106728767491,0.16070106728767491,0.16070106728767514,0.1592184516557585,0.15921845165575807,0.1592184516557576,0.15921845165575807,0.1592184516557585,0.15921845165575807,0.1592184516557576,0.15921845165575718,0.1592184516557576,0.15921845165575807,0.1592184516557576,0.15921845165575718,0.15921845165575674,0.15921845165575718,0.1592184516557576,0.15921845165575807,0.1592184516557576,0.15921845165575718,0.1592184516557576,0.15921845165575807,0.1592184516557585,0.15921845165575807,0.1592184516557576,0.15921845165575807,0.1592184516557585,0.15776544643254714,0.15776544643254542,0.15776544643254434,0.15776544643254542,0.15776544643254714,0.15776544643254542,0.15776544643254373,0.15776544643254267,0.15776544643254373,0.15776544643254542,0.15776544643254434,0.15776544643254267,0.1577654464325416,0.15776544643254267,0.15776544643254434,0.15776544643254542,0.15776544643254373,0.15776544643254267,0.15776544643254373,0.15776544643254542,0.15776544643254714,0.15776544643254542,0.15776544643254434,0.15776544643254542,0.15776544643254714,0.1563414627469215,0.1563414627469165,0.15634146274691335,0.1563414627469165,0.1563414627469215,0.1563414627469165,0.15634146274691124,0.1563414627469079,0.15634146274691124,0.1563414627469165,0.15634146274691335,0.1563414627469079,0.15634146274690455,0.1563414627469079,0.15634146274691335,0.1563414627469165,0.15634146274691124,0.1563414627469079,0.15634146274691124,0.1563414627469165,0.1563414627469215,0.1563414627469165,0.15634146274691335,0.1563414627469165,0.1563414627469215,0.15494591479893874,0.15494591479892358,0.15494591479891395,0.15494591479892358,0.15494591479893874,0.15494591479892358,0.15494591479890718,0.15494591479889652,0.15494591479890718,0.15494591479892358,0.15494591479891395,0.15494591479889652,0.15494591479888545,0.15494591479889652,0.15494591479891395,0.15494591479892358,0.15494591479890718,0.15494591479889652,0.15494591479890718,0.15494591479892358,0.15494591479893874,0.15494591479892358,0.15494591479891395,0.15494591479892358,0.15494591479893874,0.15357822082934605,0.15357822082930028,0.15357822082927075,0.15357822082930028,0.15357822082934605,0.15357822082930028,0.15357822082924905,0.15357822082921532,0.15357822082924905,0.15357822082930028,0.15357822082927075,0.15357822082921532,0.15357822082917835,0.15357822082921532,0.15357822082927075,0.15357822082930028,0.15357822082924905,0.15357822082921532,0.15357822082924905,0.15357822082930028,0.15357822082934605,0.15357822082930028,0.15357822082927075,0.15357822082930028,0.15357822082934605,0.15223780398071116,0.15223780398057574,0.15223780398048598,0.15223780398057593,0.15223780398071116,0.15223780398057574,0.15223780398041592,0.15223780398030626,0.15223780398041592,0.15223780398057593,0.15223780398048598,0.15223780398030626,0.15223780398017908,0.15223780398030626,0.15223780398048598,0.15223780398057593,0.15223780398041592,0.15223780398030626,0.15223780398041592,0.15223780398057593,0.15223780398071116,0.15223780398057593,0.15223780398048598,0.15223780398057593,0.15223780398071116,0.15092409305880908,0.15092409305842056,0.1509240930581514,0.15092409305842056,0.15092409305880908,0.15092409305842056,0.1509240930579282,0.15092409305756302,0.1509240930579282,0.15092409305842056,0.1509240930581514,0.15092409305756302,0.15092409305710328,0.15092409305756302,0.1509240930581514,0.15092409305842056,0.1509240930579282,0.15092409305756302,0.1509240930579282,0.15092409305842056,0.15092409305880908,0.15092409305842056,0.1509240930581514,0.15092409305842056,0.15092409305880908,0.14963652320242882,0.14963652320136428,0.1496365232005792,0.14963652320136428,0.14963652320242882,0.14963652320136428,0.1496365231998851,0.14963652319866586,0.1496365231998851,0.14963652320136428,0.1496365232005792,0.14963652319866586,0.14963652319692136,0.14963652319866586,0.1496365232005792,0.14963652320136428,0.1496365231998851,0.14963652319866586,0.1496365231998851,0.14963652320136428,0.14963652320242882,0.14963652320136428,0.1496365232005792,0.14963652320136428,0.14963652320242882,0.14837453646934462,0.14837453646663118,0.14837453646443596,0.14837453646663118,0.14837453646934462,0.14837453646663118,0.14837453646238047,0.14837453645826465,0.14837453646238047,0.14837453646663118,0.14837453646443596,0.14837453645826465,0.14837453645093188,0.14837453645826465,0.14837453646443596,0.14837453646663118,0.14837453646238047,0.14837453645826465,0.14837453646238047,0.14837453646663118,0.14837453646934462,0.14837453646663118,0.14837453646443596,0.14837453646663118,0.14837453646934462,0.14713758234580138,0.14713758233966082,0.14713758233401347,0.14713758233966082,0.14713758234580138,0.14713758233966082,0.1471375823284682,0.14713758231474547,0.1471375823284682,0.14713758233966082,0.14713758233401347,0.14713758231474547,0.14713758227991872,0.1471375823147453,0.14713758233401347,0.14713758233966082,0.1471375823284682,0.1471375823147453,0.1471375823284682,0.14713758233966082,0.14713758234580138,0.14713758233966082,0.14713758233401347,0.14713758233966082,0.14713758234580138,0.14592511818603707,0.14592511817478077,0.14592511816280823,0.14592511817478077,0.14592511818603707,0.14592511817478077,0.14592511815068138,0.14592511811034345,0.14592511815068138,0.14592511817478077,0.14592511816280823,0.14592511811034345,0.14592511792239374,0.14592511811034345,0.14592511816280823,0.14592511817478077,0.14592511815068138,0.14592511811034345,0.14592511815068138,0.14592511817478077,0.14592511818603707,0.14592511817478077,0.14592511816280823,0.14592511817478077,0.14592511818603707,0.14473660958559503,0.14473660957152698,0.14473660955696518,0.14473660957152698,0.14473660958559503,0.14473660957152698,0.14473660954225012,0.14473660949640668,0.14473660954225012,0.14473660957152698,0.14473660955696518,0.14473660949640668,0.14473660930685917,0.14473660949640668,0.14473660955696518,0.14473660957152698,0.14473660954225012,0.14473660949640668,0.14473660954225012,0.14473660957152698,0.14473660958559503,0.14473660957152698,0.14473660955696518,0.14473660957152698,0.14473660958559503,0.14357153068788714,0.14357153067265005,0.14357153065717393,0.14357153067265005,0.14357153068788714,0.14357153067265005,0.14357153064158076,0.14357153059454608,0.14357153064158076,0.14357153067265005,0.14357153065717393,0.14357153059454608,0.14357153040732648,0.14357153059454608,0.14357153065717393,0.14357153067265005,0.14357153064158076,0.14357153059454608,0.14357153064158076,0.14357153067265005,0.14357153068788714,0.14357153067265005,0.14357153065717393,0.14357153067265005,0.14357153068788714,0.14242936444687573,0.1424293644313052,0.14242936441527176,0.1424293644313052,0.14242936444687573,0.1424293644313052,0.14242936439904127,0.14242936434944742,0.14242936439904127,0.1424293644313052,0.14242936441527176,0.14242936434944742,0.14242936414956284,0.14242936434944742,0.14242936441527176,0.1424293644313052,0.14242936439904127,0.14242936434944742,0.14242936439904127,0.1424293644313052,0.14242936444687573,0.1424293644313052,0.14242936441527176,0.1424293644313052,0.14242936444687573,0.1413096028415769,0.14130960282729682,0.14130960281175167,0.14130960282729682,0.1413096028415769,0.14130960282729682,0.14130960279579635,0.14130960274382498,0.14130960279579635,0.14130960282729682,0.14130960281175167,0.14130960274382498,0.14130960252073999,0.14130960274382498,0.14130960281175167,0.14130960282729682,0.14130960279579635,0.14130960274382498,0.14130960279579635,0.14130960282729682,0.1413096028415769,0.14130960282729682,0.14130960281175167,0.14130960282729682,0.1413096028415769,0.1402117470433241,0.14021174703468514,0.1402117470238288,0.14021174703468514,0.1402117470433241,0.14021174703468514,0.1402117470123821,0.14021174696854613,0.1402117470123821,0.14021174703468514,0.1402117470238288,0.14021174696854613,0.14021174674473522,0.14021174696854613,0.1402117470238288,0.14021174703468514,0.1402117470123821,0.14021174696854613,0.1402117470123821,0.14021174703468514,0.1402117470433241,0.14021174703468514,0.1402117470238288,0.14021174703468514,0.1402117470433241,0.13913530753922299,0.13913530754376982,0.13913530754699843,0.13913530754376982,0.13913530753922299,0.13913530754376982,0.1391353075499153,0.1391353075532788,0.1391353075499153,0.13913530754376982,0.13913530754699843,0.1391353075532788,0.13913530754878464,0.1391353075532788,0.13913530754699843,0.13913530754376982,0.1391353075499153,0.1391353075532788,0.1391353075499153,0.13913530754376982,0.13913530753922299,0.13913530754376982,0.13913530754699843,0.13913530754376982,0.13913530753922299,0.1380798042186546,0.1380798042409573,0.13807980426361352,0.1380798042409573,0.1380798042186546,0.1380798042409573,0.13807980428663452,0.13807980435010536,0.13807980428663452,0.1380798042409573,0.13807980426361352,0.13807980435010536,0.13807980453096333,0.13807980435010536,0.13807980426361352,0.1380798042409573,0.13807980428663452,0.13807980435010536,0.13807980428663452,0.1380798042409573,0.1380798042186546,0.1380798042409573,0.13807980426361352,0.1380798042409573,0.1380798042186546,0.13704476644007085,0.13704476647888925,0.1370447665262301,0.13704476647888925,0.13704476644007085,0.13704476647888925,0.1370447665753872,0.1370447667700906,0.1370447665753872,0.13704476647888925,0.1370447665262301,0.1370447667700906,0.13704476785185882,0.1370447667700906,0.1370447665262301,0.13704476647888925,0.1370447665753872,0.1370447667700906,0.1370447665753872,0.13704476647888925,0.13704476644007085,0.13704476647888925,0.1370447665262301,0.13704476647888925,0.13704476644007085,0.13602973307462532,0.1360297331019252,0.13602973312871125,0.1360297331019252,0.13602973307462532,0.1360297331019252,0.1360297331556108,0.13602973322754983,0.1360297331556108,0.1360297331019252,0.13602973312871125,0.13602973322754983,0.13602973342744698,0.13602973322754983,0.13602973312871125,0.1360297331019252,0.1360297331556108,0.13602973322754983,0.1360297331556108,0.1360297331019252,0.13602973307462532,0.1360297331019252,0.13602973312871125,0.1360297331019252,0.13602973307462532,0.13503425256715276,0.13503425258429125,0.13503425259845492,0.13503425258429125,0.13503425256715276,0.13503425258429125,0.13503425261190655,0.13503425263931554,0.13503425261190655,0.13503425258429125,0.13503425259845492,0.13503425263931554,0.13503425268920027,0.13503425263931554,0.13503425259845492,0.13503425258429125,0.13503425261190655,0.13503425263931554,0.13503425261190655,0.13503425258429125,0.13503425256715276,0.13503425258429125,0.13503425259845492,0.13503425258429125,0.13503425256715276
0.16533248769004025,0.16533248769004025,0.16533248769004025,0.16533248769004025,0.16533248769004025,0.16533248769004025,0.16533248769004025,0.16533248769004025,0.16533248769004025,0.16533248769004025,0.16533248769004025,0.16533248769004025,0.16533248769004025,0.16533248769004025,0.16533248769004025,0.16533248769004025,0.16533248769004025,0.16533248769004025,0.16533248769004025,0.16533248769004025,0.16533248769004025,0.16533248769004025,0.16533248769004025,0.16533248769004025,0.16533248769004025,0.1637574939731762,0.163757493973176,0.163757493973176,0.163757493973176,0.1637574939731762,0.163757493973176,0.163757493973176,0.163757493973176,0.163757493973176,0.1637574939731762,0.163757493973176,0.163757493973176,0.163757493973176,0.163757493973176,0.163757493973176,0.163757493973176,0.163757493973176,0.163757493973176,0.163757493973176,0.163757493973176,0.1637574939731762,0.1637574939731762,0.163757493973176,0.163757493973176,0.1637574939731762,0.16221388418819888,0.16221388418819888,0.16221388418819888,0.16221388418819888,0.16221388418819888,0.16221388418819888,0.16221388418819888,0.16221388418819888,0.16221388418819888,0.16221388418819888,0.16221388418819888,0.16221388418819888,0.16221388418819888,0.16221388418819888,0.16221388418819888,0.16221388418819888,0.16221388418819888,0.16221388418819888,0.16221388418819888,0.16221388418819888,0.16221388418819888,0.16221388418819888,0.16221388418819888,0.16221388418819888,0.16221388418819888,0.16070106729214972,0.16070106729214972,0.16070106729214953,0.16070106729214972,0.16070106729214972,0.16070106729214972,0.16070106729214953,0.1607010672921493,0.16070106729214953,0.16070106729214972,0.16070106729214953,0.1607010672921493,0.1607010672921493,0.1607010672921493,0.16070106729214953,0.16070106729214972,0.16070106729214953,0.1607010672921493,0.16070106729214953,0.16070106729214972,0.16070106729214972,0.16070106729214972,0.16070106729214953,0.16070106729214972,0.16070106729214972,0.1592184516600072,0.1592184516600066,0.15921845166000637,0.1592184516600066,0.1592184516600072,0.1592184516600066,0.15921845166000614,0.1592184516600057,0.15921845166000614,0.1592184516600066,0.15921845166000637,0.1592184516600057,0.15921845166000548,0.1592184516600057,0.15921845166000637,0.1592184516600066,0.15921845166000614,0.1592184516600057,0.15921845166000614,0.1592184516600066,0.1592184516600072,0.1592184516600066,0.15921845166000637,0.1592184516600066,0.1592184516600072,0.15776544643653861,0.15776544643653712,0.15776544643653606,0.15776544643653712,0.15776544643653861,0.15776544643653712,0.15776544643653542,0.1577654464365343,0.15776544643653542,0.15776544643653712,0.15776544643653606,0.1577654464365343,0.15776544643653329,0.1577654464365343,0.15776544643653606,0.15776544643653712,0.15776544643653542,0.1577654464365343,0.15776544643653542,0.15776544643653712,0.15776544643653861,0.15776544643653712,0.15776544643653606,0.15776544643653712,0.15776544643653861,0.15634146275062477,0.15634146275061997,0.15634146275061683,0.15634146275061997,0.15634146275062477,0.15634146275061997,0.15634146275061453,0.1563414627506112,0.15634146275061453,0.15634146275061997,0.15634146275061683,0.1563414627506112,0.15634146275060784,0.1563414627506112,0.15634146275061683,0.15634146275061997,0.15634146275061453,0.1563414627506112,0.15634146275061453,0.15634146275061997,0.15634146275062477,0.15634146275061997,0.15634146275061683,0.15634146275061997,0.15634146275062477,0.15494591480232298,0.15494591480230782,0.15494591480229802,0.15494591480230782,0.15494591480232298,0.15494591480230782,0.15494591480229122,0.15494591480228057,0.15494591480229122,0.15494591480230782,0.15494591480229802,0.15494591480228057,0.1549459148022693,0.15494591480228057,0.15494591480229802,0.15494591480230782,0.15494591480229122,0.15494591480228057,0.15494591480229122,0.15494591480230782,0.15494591480232298,0.15494591480230782,0.15494591480229802,0.15494591480230782,0.15494591480232298,0.15357822083238123,0.15357822083233522,0.15357822083230552,0.15357822083233522,0.15357822083238123,0.15357822083233522,0.1535782208322834,0.15357822083224945,0.1535782208322834,0.15357822083233522,0.15357822083230552,0.15357822083224945,0.15357822083221193,0.15357822083224945,0.15357822083230552,0.15357822083233522,0.1535782208322834,0.15357822083224945,0.1535782208322834,0.15357822083233522,0.15357822083238123,0.15357822083233522,0.15357822083230552,0.15357822083233522,0.15357822083238123,0.15223780398336828,0.15223780398323267,0.15223780398314252,0.15223780398323267,0.15223780398336828,0.15223780398323267,0.15223780398307185,0.15223780398296063,0.15223780398307185,0.15223780398323267,0.15223780398314252,0.15223780398296063,0.15223780398283074,0.15223780398296063,0.15223780398314252,0.15223780398323267,0.15223780398307185,0.15223780398296063,0.15223780398307185,0.15223780398323267,0.15223780398336828,0.15223780398323267,0.15223780398314252,0.15223780398323267,0.15223780398336828,0.1509240930610616,0.15092409306067306,0.15092409306040433,0.15092409306067306,0.1509240930610616,0.15092409306067306,0.1509240930601796,0.1509240930598136,0.1509240930601796,0.15092409306067306,0.15092409306040433,0.1509240930598136,0.1509240930593556,0.1509240930598136,0.15092409306040433,0.15092409306067306,0.1509240930601796,0.1509240930598136,0.1509240930601796,0.15092409306067306,0.1509240930610616,0.15092409306067306,0.15092409306040433,0.15092409306067306,0.1509240930610616,0.14963652320425214,0.14963652320318988,0.14963652320240747,0.14963652320318988,0.14963652320425214,0.14963652320318988,0.1496365232017118,0.1496365232004979,0.1496365232017118,0.14963652320318988,0.14963652320240747,0.1496365232004979,0.14963652319875886,0.1496365232004979,0.14963652320240747,0.14963652320318988,0.1496365232017118,0.1496365232004979,0.1496365232017118,0.14963652320318988,0.14963652320425214,0.14963652320318988,0.14963652320240747,0.14963652320318988,0.14963652320425214,0.14837453647071364,0.14837453646800874,0.1483745364658202,0.14837453646800874,0.14837453647071364,0.14837453646800874,0.148374536463771,0.1483745364596674,0.148374536463771,0.14837453646800874,0.1483745364658202,0.1483745364596674,0.14837453645235615,0.1483745364596674,0.1483745364658202,0.14837453646800874,0.148374536463771,0.1483745364596674,0.148374536463771,0.14837453646800874,0.14837453647071364,0.14837453646800874,0.1483745364658202,0.14837453646800874,0.14837453647071364,0.14713758234668298,0.14713758234056312,0.14713758233493282,0.14713758234056312,0.14713758234668298,0.14713758234056312,0.14713758232940938,0.14713758231572496,0.14713758232940938,0.14713758234056312,0.14713758233493282,0.14713758231572496,0.14713758228099794,0.14713758231572496,0.14713758233493282,0.14713758234056312,0.14713758232940938,0.14713758231572496,0.14713758232940938,0.14713758234056312,0.14713758234668298,0.14713758234056312,0.14713758233493282,0.14713758234056312,0.14713758234668298,0.14592511818637824,0.14592511817516074,0.14592511816322726,0.14592511817516074,0.14592511818637824,0.14592511817516074,0.14592511815114023,0.14592511811092676,0.14592511815114023,0.14592511817516074,0.14592511816322726,0.14592511811092676,0.14592511792372528,0.14592511811092676,0.14592511816322726,0.14592511817516074,0.14592511815114023,0.14592511811092676,0.14592511815114023,0.14592511817516074,0.14592511818637824,0.14592511817516074,0.14592511816322726,0.14592511817516074,0.14592511818637824,0.1447366095853126,0.14473660957129886,0.1447366095567908,0.14473660957129886,0.1447366095853126,0.14473660957129886,0.14473660954212986,0.14473660949644737,0.14473660954212986,0.14473660957129886,0.1447366095567908,0.14473660949644737,0.1447366093074834,0.14473660949644737,0.1447366095567908,0.14473660957129886,0.14473660954212986,0.14473660949644737,0.14473660954212986,0.14473660957129886,0.1447366095853126,0.14473660957129886,0.1447366095567908,0.14473660957129886,0.1447366095853126,0.14357153068687314,0.14357153067170603,0.1435715306562997,0.14357153067170603,0.14357153068687314,0.14357153067170603,0.14357153064077652,0.1435715305939479,0.14357153064077652,0.14357153067170603,0.1435715306562997,0.1435715305939479,0.14357153040742093,0.1435715305939479,0.1435715306562997,0.14357153067170603,0.14357153064077652,0.1435715305939479,0.14357153064077652,0.14357153067170603,0.14357153068687314,0.14357153067170603,0.1435715306562997,0.14357153067170603,0.14357153068687314,0.1424293644449971,0.1424293644295139,0.1424293644135694,0.1424293644295139,0.1424293644449971,0.1424293644295139,0.14242936439742881,0.14242936434810674,0.14242936439742881,0.1424293644295139,0.1424293644135694,0.14242936434810674,0.14242936414928853,0.14242936434810674,0.1424293644135694,0.1424293644295139,0.14242936439742881,0.14242936434810674,0.14242936439742881,0.1424293644295139,0.1424293644449971,0.1424293644295139,0.1424293644135694,0.1424293644295139,0.1424293644449971,0.14130960283867489,0.1413096028244925,0.14130960280905328,0.1413096028244925,0.14130960283867489,0.1413096028244925,0.141309602793207,0.14130960274158713,0.141309602793207,0.1413096028244925,0.14130960280905328,0.14130960274158713,0.14130960251999378,0.14130960274158713,0.14130960280905328,0.1413096028244925,0.141309602793207,0.14130960274158713,0.141309602793207,0.1413096028244925,0.14130960283867489,0.1413096028244925,0.14130960280905328,0.1413096028244925,0.14130960283867489,0.14021174703922715,0.14021174703066705,0.1402117470199081,0.14021174703066705,0.14021174703922715,0.14021174703066705,0.14021174700856381,0.1402117469651221,0.14021174700856381,0.14021174703066705,0.1402117470199081,0.1402117469651221,0.14021174674339212,0.1402117469651221,0.1402117470199081,0.14021174703066705,0.14021174700856381,0.1402117469651221,0.14021174700856381,0.14021174703066705,0.14021174703922715,0.14021174703066705,0.1402117470199081,0.14021174703066705,0.14021174703922715,0.13913530753380637,0.13913530753835004,0.13913530754158215,0.13913530753835004,0.13913530753380637,0.13913530753835004,0.13913530754450437,0.13913530754790568,0.13913530754450437,0.13913530753835004,0.13913530754158215,0.13913530754790568,0.1391353075435889,0.13913530754790568,0.13913530754158215,0.13913530753835004,0.13913530754450437,0.13913530754790568,0.13913530754450437,0.13913530753835004,0.13913530753380637,0.13913530753835004,0.13913530754158215,0.13913530753835004,0.13913530753380637,0.13807980421197216,0.13807980423416555,0.13807980425670874,0.13807980423416555,0.13807980421197216,0.13807980423416555,0.1380798042796147,0.1380798043427623,0.1380798042796147,0.13807980423416555,0.13807980425670874,0.1380798043427623,0.13807980452268365,0.1380798043427623,0.13807980425670874,0.13807980423416555,0.1380798042796147,0.1380798043427623,0.1380798042796147,0.13807980423416555,0.13807980421197216,0.13807980423416555,0.13807980425670874,0.13807980423416555,0.13807980421197216,0.13704476643240512,0.13704476647101965,0.13704476651811026,0.13704476647101965,0.13704476643240512,0.13704476647101965,0.13704476656700676,0.13704476676067248,0.13704476656700676,0.13704476647101965,0.13704476651811026,0.13704476676067248,0.1370447678366054,0.13704476676067248,0.13704476651811026,0.13704476647101965,0.13704476656700676,0.13704476676067248,0.13704476656700676,0.13704476647101965,0.13704476643240512,0.13704476647101965,0.13704476651811026,0.13704476647101965,0.13704476643240512,0.1360297330664649,0.13602973309362043,0.13602973312026453,0.13602973309362043,0.1360297330664649,0.13602973309362043,0.13602973314702094,0.13602973321857795,0.13602973314702094,0.13602973309362043,0.13602973312026453,0.13602973321857795,0.13602973341740823,0.13602973321857795,0.13602973312026453,0.13602973309362043,0.13602973314702094,0.13602973321857795,0.13602973314702094,0.13602973309362043,0.1360297330664649,0.13602973309362043,0.13602973312026453,0.13602973309362043,0.1360297330664649,0.13503425255887608,0.13503425257592405,0.1350342525900127,0.13503425257592405,0.13503425255887608,0.13503425257592405,0.1350342526033937,0.1350342526306573,0.13503425260339355,0.13503425257592405,0.1350342525900127,0.1350342526306573,0.13503425268027647,0.1350342526306573,0.1350342525900127,0.13503425257592405,0.13503425260339355,0.1350342526306573,0.13503425260339355,0.13503425257592405,0.13503425255887608,0.13503425257592405,0.1350342525900127,0.13503425257592405,0.13503425255887608
0.16533248769272935,0.16533248769272935,0.16533248769272935,0.16533248769272935,0.16533248769272935,0.16533248769272935,0.16533248769272935,0.16533248769272935,0.16533248769272935,0.16533248769272935,0.16533248769272935,0.16533248769272935,0.16533248769272935,0.16533248769272935,0.16533248769272935,0.16533248769272935,0.16533248769272935,0.16533248769272935,0.16533248769272935,0.16533248769272935,0.16533248769272935,0.16533248769272935,0.16533248769272935,0.16533248769272935,0.16533248769272935,0.16375749397579695,0.16375749397579695,0.16375749397579695,0.16375749397579695,0.16375749397579695,0.16375749397579695,0.16375749397579695,0.16375749397579695,0.16375749397579695,0.16375749397579695,0.16375749397579695,0.16375749397579695,0.16375749397579695,0.16375749397579695,0.16375749397579695,0.16375749397579695,0.16375749397579695,0.16375749397579695,0.16375749397579695,0.16375749397579695,0.16375749397579695,0.16375749397579695,0.16375749397579695,0.16375749397579695,0.16375749397579695,0.16221388419074084,0.16221388419074084,0.16221388419074084,0.16221388419074084,0.16221388419074084,0.16221388419074084,0.16221388419074084,0.1622138841907406,0.16221388419074084,0.16221388419074084,0.16221388419074084,0.1622138841907406,0.1622138841907406,0.1622138841907406,0.16221388419074084,0.16221388419074084,0.16221388419074084,0.1622138841907406,0.16221388419074084,0.16221388419074084,0.16221388419074084,0.16221388419074084,0.16221388419074084,0.16221388419074084,0.16221388419074084,0.16070106729460185,0.16070106729460165,0.16070106729460165,0.16070106729460165,0.16070106729460185,0.16070106729460165,0.1607010672946014,0.1607010672946014,0.1607010672946014,0.16070106729460165,0.16070106729460165,0.1607010672946014,0.1607010672946012,0.1607010672946014,0.16070106729460165,0.16070106729460165,0.1607010672946014,0.1607010672946014,0.1607010672946014,0.16070106729460165,0.16070106729460185,0.16070106729460165,0.16070106729460165,0.16070106729460165,0.16070106729460185,0.15921845166235835,0.1592184516623579,0.15921845166235749,0.1592184516623579,0.15921845166235835,0.1592184516623579,0.15921845166235726,0.15921845166235707,0.15921845166235726,0.1592184516623579,0.15921845166235749,0.15921845166235707,0.15921845166235662,0.15921845166235707,0.15921845166235749,0.1592184516623579,0.15921845166235726,0.15921845166235707,0.15921845166235726,0.1592184516623579,0.15921845166235835,0.1592184516623579,0.15921845166235749,0.1592184516623579,0.15921845166235835,0.15776544643877813,0.1577654464387764,0.15776544643877535,0.1577654464387764,0.15776544643877813,0.1577654464387764,0.15776544643877471,0.15776544643877363,0.15776544643877471,0.1577654464387764,0.15776544643877535,0.15776544643877363,0.15776544643877258,0.15776544643877363,0.15776544643877535,0.1577654464387764,0.15776544643877471,0.15776544643877363,0.15776544643877471,0.1577654464387764,0.15776544643877813,0.1577654464387764,0.15776544643877535,0.1577654464387764,0.15776544643877813,0.15634146275274177,0.15634146275273675,0.1563414627527336,0.15634146275273675,0.15634146275274177,0.15634146275273675,0.15634146275273153,0.15634146275272817,0.15634146275273153,0.15634146275273675,0.1563414627527336,0.15634146275272817,0.15634146275272462,0.15634146275272817,0.1563414627527336,0.15634146275273675,0.15634146275273153,0.15634146275272817,0.15634146275273153,0.15634146275273675,0.15634146275274177,0.15634146275273675,0.1563414627527336,0.15634146275273675,0.15634146275274177,0.15494591480430717,0.15494591480429196,0.15494591480428213,0.15494591480429196,0.15494591480430717,0.15494591480429196,0.15494591480427516,0.1549459148042645,0.15494591480427516,0.15494591480429196,0.15494591480428213,0.1549459148042645,0.15494591480425324,0.1549459148042645,0.15494591480428213,0.15494591480429196,0.15494591480427516,0.1549459148042645,0.15494591480427516,0.15494591480429196,0.15494591480430717,0.15494591480429196,0.15494591480428213,0.15494591480429196,0.15494591480430717,0.15357822083422315,0.15357822083417716,0.15357822083414743,0.15357822083417716,0.15357822083422315,0.15357822083417716,0.15357822083412512,0.15357822083409098,0.15357822083412512,0.15357822083417716,0.15357822083414743,0.15357822083409098,0.15357822083405281,0.15357822083409098,0.15357822083414743,0.15357822083417716,0.15357822083412512,0.15357822083409098,0.15357822083412512,0.15357822083417716,0.15357822083422315,0.15357822083417716,0.15357822083414743,0.15357822083417716,0.15357822083422315,0.15223780398505957,0.1522378039849239,0.15223780398483394,0.1522378039849239,0.15223780398505957,0.1522378039849239,0.1522378039847627,0.1522378039846507,0.1522378039847627,0.1522378039849239,0.15223780398483394,0.1522378039846507,0.1522378039845212,0.1522378039846507,0.15223780398483394,0.1522378039849239,0.1522378039847627,0.1522378039846507,0.1522378039847627,0.1522378039849239,0.15223780398505957,0.1522378039849239,0.15223780398483394,0.1522378039849239,0.15223780398505957,0.15092409306259474,0.15092409306220717,0.15092409306193902,0.15092409306220717,0.15092409306259474,0.15092409306220717,0.15092409306171348,0.15092409306134927,0.15092409306171348,0.15092409306220717,0.15092409306193902,0.15092409306134927,0.15092409306089283,0.15092409306134927,0.15092409306193902,0.15092409306220717,0.15092409306171348,0.15092409306134927,0.15092409306171348,0.15092409306220717,0.15092409306259474,0.15092409306220717,0.15092409306193902,0.15092409306220717,0.15092409306259474,0.1496365232056198,0.14963652320456075,0.14963652320378057,0.14963652320456075,0.1496365232056198,0.14963652320456075,0.14963652320308662,0.1496365232018765,0.14963652320308662,0.14963652320456075,0.14963652320378057,0.1496365232018765,0.1496365232001428,0.1496365232018765,0.14963652320378057,0.14963652320456075,0.14963652320308662,0.1496365232018765,0.14963652320308662,0.14963652320456075,0.1496365232056198,0.14963652320456075,0.14963652320378057,0.14963652320456075,0.1496365232056198,0.14837453647190493,0.14837453646920856,0.1483745364670267,0.14837453646920856,0.14837453647190493,0.14837453646920856,0.14837453646498416,0.14837453646089283,0.14837453646498416,0.14837453646920856,0.1483745364670267,0.14837453646089283,0.14837453645360288,0.14837453646089283,0.1483745364670267,0.14837453646920856,0.14837453646498416,0.14837453646089283,0.14837453646498416,0.14837453646920856,0.14837453647190493,0.14837453646920856,0.1483745364670267,0.14837453646920856,0.14837453647190493,0.1471375823476779,0.14713758234157784,0.14713758233596538,0.14713758234157784,0.1471375823476779,0.14713758234157784,0.14713758233046045,0.14713758231681617,0.14713758233046045,0.14713758234157784,0.14713758233596538,0.14713758231681617,0.1471375822821898,0.14713758231681617,0.14713758233596538,0.14713758234157784,0.14713758233046045,0.14713758231681617,0.14713758233046045,0.14713758234157784,0.1471375823476779,0.14713758234157784,0.14713758233596538,0.14713758234157784,0.1471375823476779,0.14592511818713483,0.14592511817595524,0.1459251181640606,0.14592511817595524,0.14592511818713483,0.14592511817595524,0.14592511815201292,0.14592511811192233,0.14592511815201292,0.14592511817595524,0.1459251181640606,0.14592511811192233,0.1459251179253083,0.14592511811192233,0.1459251181640606,0.14592511817595524,0.14592511815201292,0.14592511811192233,0.14592511815201292,0.14592511817595524,0.14592511818713483,0.14592511817595524,0.1459251181640606,0.14592511817595524,0.14592511818713483,0.144736609585753,0.14473660957179338,0.14473660955733977,0.14473660957179338,0.144736609585753,0.14473660957179338,0.14473660954273307,0.14473660949721276,0.14473660954273307,0.14473660957179338,0.14473660955733977,0.14473660949721276,0.14473660930884033,0.14473660949721276,0.14473660955733977,0.14473660957179338,0.14473660954273307,0.14473660949721276,0.14473660954273307,0.14473660957179338,0.144736609585753,0.14473660957179338,0.14473660955733977,0.14473660957179338,0.144736609585753,0.14357153068688785,0.14357153067179143,0.14357153065645542,0.14357153067179143,0.14357153068688785,0.14357153067179143,0.14357153064100273,0.14357153059438216,0.14357153064100273,0.14357153067179143,0.14357153065645542,0.14357153059438216,0.14357153040864937,0.14357153059438216,0.14357153065645542,0.14357153067179143,0.14357153064100273,0.14357153059438216,0.14357153064100273,0.14357153067179143,0.14357153068688785,0.14357153067179143,0.14357153065645542,0.14357153067179143,0.14357153068688785,0.14242936444444454,0.14242936442904874,0.142429364413194,0.14242936442904874,0.14242936444444454,0.14242936442904874,0.142429364397144,0.14242936434809567,0.142429364397144,0.14242936442904874,0.142429364413194,0.14242936434809567,0.14242936415033516,0.14242936434809567,0.142429364413194,0.14242936442904874,0.142429364397144,0.14242936434809567,0.142429364397144,0.14242936442904874,0.14242936444444454,0.14242936442904874,0.142429364413194,0.14242936442904874,0.14242936444444454,0.14130960283737873,0.14130960282329388,0.14130960280796093,0.14130960282329388,0.14130960283737873,0.14130960282329388,0.14130960279222332,0.14130960274095605,0.14130960279222332,0.14130960282329388,0.14130960280796093,0.14130960274095605,0.14130960252085742,0.14130960274095605,0.14130960280796093,0.14130960282329388,0.14130960279222332,0.14130960274095605,0.14130960279222332,0.14130960282329388,0.14130960283737873,0.14130960282329388,0.14130960280796093,0.14130960282329388,0.14130960283737873,0.14021174703699107,0.14021174702850914,0.1402117470178468,0.14021174702850914,0.14021174703699107,0.14021174702850914,0.14021174700660374,0.14021174696355182,0.14021174700660374,0.14021174702850914,0.1402117470178468,0.14021174696355182,0.14021174674382655,0.14021174696355182,0.1402117470178468,0.14021174702850914,0.14021174700660374,0.14021174696355182,0.14021174700660374,0.14021174702850914,0.14021174703699107,0.14021174702850914,0.1402117470178468,0.14021174702850914,0.14021174703699107,0.13913530753047432,0.13913530753501402,0.139135307538249,0.13913530753501402,0.13913530753047432,0.13913530753501402,0.13913530754117595,0.13913530754461348,0.13913530754117595,0.13913530753501402,0.139135307538249,0.13913530754461348,0.13913530754046904,0.13913530754461348,0.139135307538249,0.13913530753501402,0.13913530754117595,0.13913530754461348,0.13913530754117595,0.13913530753501402,0.13913530753047432,0.13913530753501402,0.139135307538249,0.13913530753501402,0.13913530753047432,0.13807980420755706,0.13807980422964053,0.1380798042520705,0.13807980422964053,0.13807980420755706,0.13807980422964053,0.13807980427486083,0.13807980433768424,0.13807980427486083,0.13807980422964053,0.1380798042520705,0.13807980433768424,0.13807980451666618,0.13807980433768424,0.1380798042520705,0.13807980422964053,0.13807980427486083,0.13807980433768424,0.13807980427486083,0.13807980422964053,0.13807980420755706,0.13807980422964053,0.1380798042520705,0.13807980422964053,0.13807980420755706,0.13704476642714092,0.1370447664655514,0.13704476651239114,0.1370447664655514,0.13704476642714092,0.1370447664655514,0.13704476656102674,0.13704476675365324,0.13704476656102674,0.1370447664655514,0.13704476651239114,0.13704476675365324,0.13704476782380684,0.13704476675365324,0.13704476651239114,0.1370447664655514,0.13704476656102674,0.13704476675365324,0.13704476656102674,0.1370447664655514,0.13704476642714092,0.1370447664655514,0.13704476651239114,0.1370447664655514,0.13704476642714092,0.13602973306078436,0.13602973308779512,0.13602973311429684,0.13602973308779512,0.13602973306078436,0.13602973308779512,0.13602973314090996,0.136029733212083,0.13602973314090996,0.13602973308779512,0.13602973311429684,0.136029733212083,0.1360297334098441,0.136029733212083,0.13602973311429684,0.13602973308779512,0.13602973314090996,0.136029733212083,0.13602973314090996,0.13602973308779512,0.13602973306078436,0.13602973308779512,0.13602973311429684,0.13602973308779512,0.13602973306078436,0.13503425255309587,0.13503425257005283,0.13503425258406615,0.13503425257005283,0.13503425255309587,0.13503425257005283,0.13503425259737553,0.13503425262449303,0.13503425259737553,0.13503425257005283,0.13503425258406615,0.13503425262449303,0.13503425267384575,0.13503425262449303,0.13503425258406615,0.13503425257005283,0.13503425259737553,0.13503425262449303,0.13503425259737553,0.13503425257005283,0.13503425255309587,0.13503425257005283,0.13503425258406615,0.13503425257005283,0.13503425255309587
0.1653324876946267,0.1653324876946267,0.1653324876946267,0.1653324876946267,0.1653324876946267,0.1653324876946267,0.1653324876946267,0.1653324876946267,0.1653324876946267,0.1653324876946267,0.1653324876946267,0.1653324876946267,0.1653324876946267,0.1653324876946267,0.1653324876946267,0.1653324876946267,0.1653324876946267,0.1653324876946267,0.1653324876946267,0.1653324876946267,0.1653324876946267,0.1653324876946267,0.1653324876946267,0.1653324876946267,0.1653324876946267,0.16375749397765166,0.16375749397765166,0.16375749397765166,0.16375749397765166,0.16375749397765166,0.16375749397765166,0.16375749397765166,0.16375749397765166,0.16375749397765166,0.16375749397765166,0.16375749397765166,0.16375749397765166,0.16375749397765166,0.16375749397765166,0.16375749397765166,0.16375749397765166,0.16375749397765166,0.16375749397765166,0.16375749397765166,0.16375749397765166,0.16375749397765166,0.16375749397765166,0.16375749397765166,0.16375749397765166,0.16375749397765166,0.1622138841925497,0.1622138841925497,0.1622138841925497,0.1622138841925497,0.1622138841925497,0.1622138841925497,0.1622138841925497,0.1622138841925497,0.1622138841925497,0.1622138841925497,0.1622138841925497,0.1622138841925497,0.1622138841925495,0.1622138841925497,0.1622138841925497,0.1622138841925497,0.1622138841925497,0.1622138841925497,0.1622138841925497,0.1622138841925497,0.1622138841925497,0.1622138841925497,0.1622138841925497,0.1622138841925497,0.1622138841925497,0.16070106729636174,0.16070106729636152,0.16070106729636133,0.16070106729636152,0.16070106729636174,0.16070106729636152,0.16070106729636133,0.16070106729636133,0.16070106729636133,0.16070106729636152,0.16070106729636133,0.16070106729636133,0.16070106729636108,0.16070106729636133,0.16070106729636133,0.16070106729636152,0.16070106729636133,0.16070106729636133,0.16070106729636133,0.16070106729636152,0.16070106729636174,0.16070106729636152,0.16070106729636133,0.16070106729636152,0.16070106729636174,0.1592184516640659,0.15921845166406526,0.15921845166406506,0.15921845166406526,0.1592184516640659,0.15921845166406526,0.15921845166406484,0.15921845166406437,0.15921845166406484,0.15921845166406526,0.15921845166406506,0.15921845166406437,0.15921845166406415,0.15921845166406437,0.15921845166406506,0.15921845166406526,0.15921845166406484,0.15921845166406437,0.15921845166406484,0.15921845166406526,0.1592184516640659,0.15921845166406526,0.15921845166406506,0.15921845166406526,0.1592184516640659,0.15776544644043,0.1577654464404283,0.15776544644042725,0.1577654464404283,0.15776544644043,0.1577654464404283,0.1577654464404266,0.15776544644042556,0.1577654464404266,0.1577654464404283,0.15776544644042725,0.15776544644042556,0.15776544644042445,0.15776544644042556,0.15776544644042725,0.1577654464404283,0.1577654464404266,0.15776544644042556,0.1577654464404266,0.1577654464404283,0.15776544644043,0.1577654464404283,0.15776544644042725,0.1577654464404283,0.15776544644043,0.15634146275433494,0.15634146275432995,0.15634146275432678,0.15634146275432995,0.15634146275433494,0.15634146275432995,0.1563414627543245,0.15634146275432115,0.1563414627543245,0.15634146275432995,0.15634146275432678,0.15634146275432115,0.15634146275431782,0.15634146275432115,0.15634146275432678,0.15634146275432995,0.1563414627543245,0.15634146275432115,0.1563414627543245,0.15634146275432995,0.15634146275433494,0.15634146275432995,0.15634146275432678,0.15634146275432995,0.15634146275433494,0.15494591480583858,0.15494591480582323,0.1549459148058136,0.15494591480582323,0.15494591480583858,0.15494591480582323,0.15494591480580663,0.15494591480579598,0.15494591480580663,0.15494591480582323,0.1549459148058136,0.15494591480579598,0.15494591480578448,0.15494591480579598,0.1549459148058136,0.15494591480582323,0.15494591480580663,0.15494591480579598,0.15494591480580663,0.15494591480582323,0.15494591480583858,0.15494591480582323,0.1549459148058136,0.15494591480582323,0.15494591480583858,0.15357822083568992,0.15357822083564412,0.15357822083561437,0.15357822083564412,0.15357822083568992,0.15357822083564412,0.1535782208355921,0.15357822083555794,0.1535782208355921,0.15357822083564412,0.15357822083561437,0.15357822083555794,0.15357822083551959,0.15357822083555794,0.15357822083561437,0.15357822083564412,0.1535782208355921,0.15357822083555794,0.1535782208355921,0.15357822083564412,0.15357822083568992,0.15357822083564412,0.15357822083561437,0.15357822083564412,0.15357822083568992,0.15223780398645928,0.15223780398632403,0.15223780398623427,0.15223780398632403,0.15223780398645928,0.15223780398632403,0.152237803986163,0.15223780398605122,0.152237803986163,0.15223780398632403,0.15223780398623427,0.15223780398605122,0.15223780398592207,0.15223780398605122,0.15223780398623427,0.15223780398632403,0.152237803986163,0.15223780398605122,0.152237803986163,0.15223780398632403,0.15223780398645928,0.15223780398632403,0.15223780398623427,0.15223780398632403,0.15223780398645928,0.15092409306392496,0.15092409306353832,0.15092409306327112,0.15092409306353832,0.15092409306392496,0.15092409306353832,0.150924093063046,0.15092409306268292,0.150924093063046,0.15092409306353832,0.15092409306327112,0.15092409306268292,0.15092409306222782,0.15092409306268292,0.15092409306327112,0.15092409306353832,0.150924093063046,0.15092409306268292,0.150924093063046,0.15092409306353832,0.15092409306392496,0.15092409306353832,0.15092409306327112,0.15092409306353832,0.15092409306392496,0.14963652320687645,0.1496365232058208,0.1496365232050429,0.1496365232058208,0.14963652320687645,0.1496365232058208,0.14963652320435125,0.1496365232031447,0.14963652320435125,0.1496365232058208,0.1496365232050429,0.1496365232031447,0.1496365232014161,0.1496365232031447,0.1496365232050429,0.1496365232058208,0.14963652320435125,0.1496365232031447,0.14963652320435125,0.1496365232058208,0.14963652320687645,0.1496365232058208,0.1496365232050429,0.1496365232058208,0.14963652320687645,0.14837453647308027,0.14837453647039264,0.14837453646821763,0.14837453647039264,0.14837453647308027,0.14837453647039264,0.1483745364661814,0.14837453646210247,0.1483745364661814,0.14837453647039264,0.14837453646821763,0.14837453646210247,0.1483745364548342,0.14837453646210247,0.14837453646821763,0.14837453647039264,0.1483745364661814,0.14837453646210247,0.1483745364661814,0.14837453647039264,0.14837453647308027,0.14837453647039264,0.14837453646821763,0.14837453647039264,0.14837453647308027,0.14713758234875385,0.14713758234267377,0.14713758233707894,0.14713758234267377,0.14713758234875385,0.14713758234267377,0.14713758233159177,0.14713758231798857,0.14713758233159177,0.14713758234267377,0.14713758233707894,0.14713758231798857,0.14713758228346374,0.14713758231798857,0.14713758233707894,0.14713758234267377,0.14713758233159177,0.14713758231798857,0.14713758233159177,0.14713758234267377,0.14713758234875385,0.14713758234267377,0.14713758233707894,0.14713758234267377,0.14713758234875385,0.1459251181880702,0.1459251181769289,0.14592511816507323,0.1459251181769289,0.1459251181880702,0.1459251181769289,0.14592511815306458,0.1459251181130972,0.14592511815306458,0.1459251181769289,0.14592511816507323,0.1459251181130972,0.14592511792705135,0.1459251181130972,0.14592511816507323,0.1459251181769289,0.14592511815306458,0.1459251181130972,0.14592511815306458,0.1459251181769289,0.1459251181880702,0.1459251181769289,0.14592511816507323,0.1459251181769289,0.1459251181880702,0.1447366095864688,0.14473660957256382,0.1447366095581647,0.14473660957256382,0.1447366095864688,0.14473660957256382,0.14473660954361264,0.14473660949825606,0.14473660954361264,0.14473660957256382,0.1447366095581647,0.14473660949825606,0.14473660931052718,0.14473660949825606,0.1447366095581647,0.14473660957256382,0.14473660954361264,0.14473660949825606,0.14473660954361264,0.14473660957256382,0.1447366095864688,0.14473660957256382,0.1447366095581647,0.14473660957256382,0.1447366095864688,0.14357153068727113,0.1435715306722457,0.14357153065698056,0.1435715306722457,0.14357153068727113,0.1435715306722457,0.1435715306415989,0.1435715305951881,0.1435715306415989,0.1435715306722457,0.14357153065698056,0.1435715305951881,0.1435715304102722,0.1435715305951881,0.14357153065698056,0.1435715306722457,0.1435715306415989,0.1435715305951881,0.1435715306415989,0.1435715306722457,0.14357153068727113,0.1435715306722457,0.14357153065698056,0.1435715306722457,0.14357153068727113,0.14242936444434756,0.14242936442903967,0.14242936441327486,0.14242936442903967,0.14242936444434756,0.14242936442903967,0.14242936439731596,0.14242936434854303,0.14242936439731596,0.14242936442903967,0.14242936441327486,0.14242936434854303,0.14242936415190635,0.14242936434854303,0.14242936441327486,0.14242936442903967,0.14242936439731596,0.14242936434854303,0.14242936439731596,0.14242936442903967,0.14242936444434756,0.14242936442903967,0.14242936441327486,0.14242936442903967,0.14242936444434756,0.14130960283661792,0.14130960282263028,0.14130960280740337,0.14130960282263028,0.14130960283661792,0.14130960282263028,0.14130960279177485,0.14130960274086019,0.14130960279177485,0.14130960282263028,0.14130960280740337,0.14130960274086019,0.1413096025222238,0.14130960274086019,0.14130960280740337,0.14130960282263028,0.14130960279177485,0.14130960274086019,0.14130960279177485,0.14130960282263028,0.14130960283661792,0.14130960282263028,0.14130960280740337,0.14130960282263028,0.14130960283661792,0.1402117470353611,0.14021174702695646,0.1402117470163899,0.14021174702695646,0.1402117470353611,0.14021174702695646,0.14021174700524697,0.1402117469625806,0.14021174700524697,0.14021174702695646,0.1402117470163899,0.1402117469625806,0.14021174674488276,0.1402117469625806,0.1402117470163899,0.14021174702695646,0.14021174700524697,0.1402117469625806,0.14021174700524697,0.14021174702695646,0.1402117470353611,0.14021174702695646,0.1402117470163899,0.14021174702695646,0.1402117470353611,0.13913530752780967,0.1391353075323448,0.13913530753558212,0.1391353075323448,0.13913530752780967,0.1391353075323448,0.13913530753851336,0.13913530754198533,0.13913530753851336,0.1391353075323448,0.13913530753558212,0.13913530754198533,0.1391353075380085,0.13913530754198533,0.13913530753558212,0.1391353075323448,0.13913530753851336,0.13913530754198533,0.13913530753851336,0.1391353075323448,0.13913530752780967,0.1391353075323448,0.13913530753558212,0.1391353075323448,0.13913530752780967,0.13807980420385885,0.13807980422583227,0.13807980424814859,0.13807980422583227,0.13807980420385885,0.13807980422583227,0.13807980427082292,0.13807980433332168,0.13807980427082292,0.13807980422583227,0.13807980424814859,0.13807980433332168,0.13807980451136267,0.13807980433332168,0.13807980424814859,0.13807980422583227,0.13807980427082292,0.13807980433332168,0.13807980427082292,0.13807980422583227,0.13807980420385885,0.13807980422583227,0.13807980424814859,0.13807980422583227,0.13807980420385885,0.13704476642262942,0.13704476646083558,0.13704476650742428,0.13704476646083558,0.13704476642262942,0.13704476646083558,0.13704476655579884,0.13704476674738553,0.13704476655579884,0.13704476646083558,0.13704476650742428,0.13704476674738553,0.1370447678117294,0.13704476674738553,0.13704476650742428,0.13704476646083558,0.13704476655579884,0.13704476674738553,0.13704476655579884,0.13704476646083558,0.13704476642262942,0.13704476646083558,0.13704476650742428,0.13704476646083558,0.13704476642262942,0.13602973305587654,0.13602973308274252,0.13602973310910155,0.13602973308274252,0.13602973305587654,0.13602973308274252,0.1360297331355712,0.13602973320636,0.1360297331355712,0.13602973308274252,0.13602973310910155,0.13602973320636,0.1360297334030508,0.13602973320636,0.13602973310910155,0.13602973308274252,0.1360297331355712,0.13602973320636,0.1360297331355712,0.13602973308274252,0.13602973305587654,0.13602973308274252,0.13602973310910155,0.13602973308274252,0.13602973305587654,0.13503425254809143,0.135034252564957,0.13503425257889484,0.135034252564957,0.13503425254809143,0.135034252564957,0.13503425259213256,0.13503425261910368,0.13503425259213256,0.135034252564957,0.13503425257889484,0.13503425261910368,0.1350342526681897,0.13503425261910368,0.13503425257889484,0.135034252564957,0.13503425259213256,0.13503425261910368,0.13503425259213256,0.135034252564957,0.13503425254809143,0.135034252564957,0.13503425257889484,0.135034252564957,0.13503425254809143
0.16533248769626466,0.16533248769626466,0.16533248769626466,0.16533248769626466,0.16533248769626466,0.16533248769626466,0.16533248769626466,0.16533248769626466,0.16533248769626466,0.16533248769626466,0.16533248769626466,0.16533248769626466,0.16533248769626466,0.16533248769626466,0.16533248769626466,0.16533248769626466,0.16533248769626466,0.16533248769626466,0.16533248769626466,0.16533248769626466,0.16533248769626466,0.16533248769626466,0.16533248769626466,0.16533248769626466,0.16533248769626466,0.1637574939792554,0.1637574939792554,0.16375749397925518,0.1637574939792554,0.1637574939792554,0.1637574939792554,0.16375749397925518,0.16375749397925518,0.16375749397925518,0.1637574939792554,0.16375749397925518,0.16375749397925518,0.16375749397925518,0.16375749397925518,0.16375749397925518,0.1637574939792554,0.16375749397925518,0.16375749397925518,0.16375749397925518,0.1637574939792554,0.1637574939792554,0.1637574939792554,0.16375749397925518,0.1637574939792554,0.1637574939792554,0.16221388419411853,0.16221388419411853,0.16221388419411853,0.16221388419411853,0.16221388419411853,0.16221388419411853,0.16221388419411853,0.16221388419411853,0.16221388419411853,0.16221388419411853,0.16221388419411853,0.16221388419411853,0.16221388419411853,0.16221388419411853,0.16221388419411853,0.16221388419411853,0.16221388419411853,0.16221388419411853,0.16221388419411853,0.16221388419411853,0.16221388419411853,0.16221388419411853,0.16221388419411853,0.16221388419411853,0.16221388419411853,0.16070106729789507,0.16070106729789485,0.16070106729789485,0.16070106729789485,0.16070106729789507,0.16070106729789485,0.1607010672978946,0.1607010672978946,0.1607010672978946,0.16070106729789485,0.16070106729789485,0.1607010672978946,0.1607010672978946,0.1607010672978946,0.16070106729789485,0.16070106729789485,0.1607010672978946,0.1607010672978946,0.1607010672978946,0.16070106729789485,0.16070106729789507,0.16070106729789485,0.16070106729789485,0.16070106729789485,0.16070106729789507,0.15921845166556314,0.1592184516655625,0.15921845166556228,0.1592184516655625,0.15921845166556314,0.1592184516655625,0.15921845166556206,0.15921845166556162,0.15921845166556206,0.1592184516655625,0.15921845166556228,0.15921845166556162,0.15921845166556142,0.15921845166556162,0.15921845166556228,0.1592184516655625,0.15921845166556206,0.15921845166556162,0.15921845166556206,0.1592184516655625,0.15921845166556314,0.1592184516655625,0.15921845166556228,0.1592184516655625,0.15921845166556314,0.1577654464418903,0.1577654464418886,0.15776544644188775,0.1577654464418886,0.1577654464418903,0.1577654464418886,0.1577654464418869,0.1577654464418858,0.1577654464418869,0.1577654464418886,0.15776544644188775,0.1577654464418858,0.15776544644188475,0.1577654464418858,0.15776544644188775,0.1577654464418886,0.1577654464418869,0.1577654464418858,0.1577654464418869,0.1577654464418886,0.1577654464418903,0.1577654464418886,0.15776544644188775,0.1577654464418886,0.1577654464418903,0.1563414627557577,0.15634146275575272,0.15634146275574956,0.15634146275575272,0.1563414627557577,0.15634146275575272,0.15634146275574748,0.15634146275574412,0.15634146275574748,0.15634146275575272,0.15634146275574956,0.15634146275574412,0.15634146275574057,0.15634146275574412,0.15634146275574956,0.15634146275575272,0.15634146275574748,0.15634146275574412,0.15634146275574748,0.15634146275575272,0.1563414627557577,0.15634146275575272,0.15634146275574956,0.15634146275575272,0.1563414627557577,0.1549459148072233,0.15494591480720818,0.15494591480719852,0.15494591480720818,0.1549459148072233,0.15494591480720818,0.15494591480719158,0.1549459148071809,0.15494591480719158,0.15494591480720818,0.15494591480719852,0.1549459148071809,0.15494591480716943,0.1549459148071809,0.15494591480719852,0.15494591480720818,0.15494591480719158,0.1549459148071809,0.15494591480719158,0.15494591480720818,0.1549459148072233,0.15494591480720818,0.15494591480719852,0.15494591480720818,0.1549459148072233,0.15357822083703615,0.15357822083699035,0.15357822083696063,0.15357822083699035,0.15357822083703615,0.15357822083699035,0.15357822083693853,0.1535782208369042,0.15357822083693853,0.15357822083699035,0.15357822083696063,0.1535782208369042,0.15357822083686604,0.1535782208369042,0.15357822083696063,0.15357822083699035,0.15357822083693853,0.1535782208369042,0.15357822083693853,0.15357822083699035,0.15357822083703615,0.15357822083699035,0.15357822083696063,0.15357822083699035,0.15357822083703615,0.1522378039877661,0.15223780398763123,0.1522378039875417,0.15223780398763123,0.1522378039877661,0.15223780398763123,0.1522378039874706,0.152237803987359,0.1522378039874706,0.15223780398763123,0.1522378039875417,0.152237803987359,0.1522378039872303,0.152237803987359,0.1522378039875417,0.15223780398763123,0.1522378039874706,0.152237803987359,0.1522378039874706,0.15223780398763123,0.1522378039877661,0.15223780398763123,0.1522378039875417,0.15223780398763123,0.1522378039877661,0.15092409306519125,0.150924093064806,0.15092409306453977,0.150924093064806,0.15092409306519125,0.150924093064806,0.150924093064315,0.1509240930639533,0.150924093064315,0.150924093064806,0.15092409306453977,0.1509240930639533,0.15092409306349952,0.1509240930639533,0.15092409306453977,0.150924093064806,0.150924093064315,0.1509240930639533,0.150924093064315,0.150924093064806,0.15092409306519125,0.150924093064806,0.15092409306453977,0.150924093064806,0.15092409306519125,0.14963652320810003,0.14963652320704757,0.14963652320627213,0.14963652320704757,0.14963652320810003,0.14963652320704757,0.14963652320558254,0.14963652320437978,0.14963652320558254,0.14963652320704757,0.14963652320627213,0.14963652320437978,0.1496365232026565,0.14963652320437978,0.14963652320627213,0.14963652320704757,0.14963652320558254,0.14963652320437978,0.14963652320558254,0.14963652320704757,0.14963652320810003,0.14963652320704757,0.14963652320627213,0.14963652320704757,0.14963652320810003,0.14837453647425397,0.14837453647157486,0.14837453646940651,0.14837453647157486,0.14837453647425397,0.14837453647157486,0.14837453646737678,0.14837453646331028,0.14837453646737678,0.14837453647157486,0.14837453646940651,0.14837453646331028,0.14837453645606385,0.14837453646331028,0.14837453646940651,0.14837453647157486,0.14837453646737678,0.14837453646331028,0.14837453646737678,0.14837453647157486,0.14837453647425397,0.14837453647157486,0.14837453646940651,0.14837453647157486,0.14837453647425397,0.14713758234985977,0.1471375823437997,0.14713758233822263,0.1471375823437997,0.14713758234985977,0.1471375823437997,0.14713758233275295,0.14713758231919133,0.14713758233275295,0.1471375823437997,0.14713758233822263,0.14713758231919133,0.1471375822847686,0.14713758231919133,0.14713758233822263,0.1471375823437997,0.14713758233275295,0.14713758231919133,0.14713758233275295,0.1471375823437997,0.14713758234985977,0.1471375823437997,0.14713758233822263,0.1471375823437997,0.14713758234985977,0.14592511818906737,0.14592511817796455,0.14592511816614784,0.14592511817796455,0.14592511818906737,0.14592511817796455,0.14592511815417838,0.14592511811433473,0.14592511815417838,0.14592511817796455,0.14592511816614784,0.14592511811433473,0.14592511792882984,0.14592511811433473,0.14592511816614784,0.14592511817796455,0.14592511815417838,0.14592511811433473,0.14592511815417838,0.14592511817796455,0.14592511818906737,0.14592511817796455,0.14592511816614784,0.14592511817796455,0.14592511818906737,0.14473660958727733,0.14473660957342716,0.144736609559083,0.14473660957342716,0.14473660958727733,0.14473660957342716,0.14473660954458592,0.14473660949939393,0.14473660954458592,0.14473660957342716,0.144736609559083,0.14473660949939393,0.14473660931228471,0.14473660949939393,0.144736609559083,0.14473660957342716,0.14473660954458592,0.14473660949939393,0.14473660954458592,0.14473660957342716,0.14473660958727733,0.14473660957342716,0.144736609559083,0.14473660957342716,0.14473660958727733,0.14357153068777628,0.1435715306728222,0.14357153065762823,0.1435715306728222,0.14357153068777628,0.1435715306728222,0.1435715306423179,0.14357153059611844,0.1435715306423179,0.1435715306728222,0.14357153065762823,0.14357153059611844,0.14357153041204562,0.14357153059611844,0.14357153065762823,0.1435715306728222,0.1435715306423179,0.14357153059611844,0.1435715306423179,0.1435715306728222,0.14357153068777628,0.1435715306728222,0.14357153065762823,0.1435715306728222,0.14357153068777628,0.14242936444439938,0.14242936442917958,0.142429364413505,0.14242936442917958,0.14242936444439938,0.14242936442917958,0.14242936439763754,0.14242936434914125,0.14242936439763754,0.14242936442917958,0.142429364413505,0.14242936434914125,0.14242936415357296,0.14242936434914125,0.142429364413505,0.14242936442917958,0.14242936439763754,0.14242936434914125,0.14242936439763754,0.14242936442917958,0.14242936444439938,0.14242936442917958,0.142429364413505,0.14242936442917958,0.14242936444439938,0.14130960283603014,0.14130960282213964,0.14130960280701851,0.14130960282213964,0.14130960283603014,0.14130960282213964,0.1413096027914987,0.14130960274093649,0.1413096027914987,0.14130960282213964,0.14130960280701851,0.14130960274093649,0.14130960252381466,0.14130960274093649,0.14130960280701851,0.14130960282213964,0.1413096027914987,0.14130960274093649,0.1413096027914987,0.14130960282213964,0.14130960283603014,0.14130960282213964,0.14130960280701851,0.14130960282213964,0.14130960283603014,0.1402117470339258,0.14021174702559774,0.14021174701512581,0.14021174702559774,0.1402117470339258,0.14021174702559774,0.1402117470040821,0.14021174696179675,0.1402117470040821,0.14021174702559774,0.14021174701512581,0.14021174696179675,0.1402117467460715,0.14021174696179675,0.14021174701512581,0.14021174702559774,0.1402117470040821,0.14021174696179675,0.1402117470040821,0.14021174702559774,0.1402117470339258,0.14021174702559774,0.14021174701512581,0.14021174702559774,0.1402117470339258,0.13913530752535908,0.13913530752988915,0.1391353075331284,0.13913530752988915,0.13913530752535908,0.13913530752988915,0.13913530753606312,0.13913530753956813,0.13913530753606312,0.13913530752988915,0.1391353075331284,0.13913530753956813,0.13913530753575445,0.13913530753956813,0.1391353075331284,0.13913530752988915,0.13913530753606312,0.13913530753956813,0.13913530753606312,0.13913530752988915,0.13913530752535908,0.13913530752988915,0.1391353075331284,0.13913530752988915,0.13913530752535908,0.13807980420039134,0.13807980422225435,0.1380798042444569,0.13807980422225435,0.13807980420039134,0.13807980422225435,0.13807980426701527,0.13807980432918887,0.13807980426701527,0.13807980422225435,0.1380798042444569,0.13807980432918887,0.1380798045062888,0.13807980432918887,0.1380798042444569,0.13807980422225435,0.13807980426701527,0.13807980432918887,0.13807980426701527,0.13807980422225435,0.13807980420039134,0.13807980422225435,0.1380798042444569,0.13807980422225435,0.13807980420039134,0.13704476641836044,0.13704476645636224,0.1370447665027001,0.13704476645636224,0.13704476641836044,0.13704476645636224,0.13704476655081374,0.13704476674136126,0.13704476655081374,0.13704476645636224,0.1370447665027001,0.13704476674136126,0.13704476779991845,0.13704476674136126,0.1370447665027001,0.13704476645636224,0.13704476655081374,0.13704476674136126,0.13704476655081374,0.13704476645636224,0.13704476641836044,0.13704476645636224,0.1370447665027001,0.13704476645636224,0.13704476641836044,0.13602973305121818,0.13602973307793922,0.1360297331041557,0.13602973307793922,0.13602973305121802,0.13602973307793922,0.13602973313048206,0.13602973320088677,0.13602973313048206,0.13602973307793922,0.1360297331041557,0.13602973320088677,0.136029733396508,0.13602973320088677,0.1360297331041557,0.13602973307793922,0.13602973313048206,0.13602973320088677,0.13602973313048206,0.13602973307793922,0.13602973305121802,0.13602973307793922,0.1360297331041557,0.13602973307793922,0.13602973305121802,0.1350342525433373,0.13503425256011178,0.13503425257397408,0.13503425256011178,0.1350342525433373,0.13503425256011178,0.13503425258714014,0.135034252613965,0.13503425258714014,0.13503425256011178,0.13503425257397408,0.135034252613965,0.1350342526627841,0.135034252613965,0.13503425257397408,0.13503425256011178,0.13503425258714014,0.135034252613965,0.13503425258714014,0.13503425256011178,0.1350342525433373,0.13503425256011178,0.13503425257397408,0.13503425256011178,0.1350342525433373
0.16533248769781958,0.16533248769781958,0.16533248769781958,0.16533248769781958,0.16533248769781958,0.16533248769781958,0.16533248769781958,0.16533248769781958,0.16533248769781958,0.16533248769781958,0.16533248769781958,0.16533248769781958,0.16533248769781958,0.16533248769781958,0.16533248769781958,0.16533248769781958,0.16533248769781958,0.16533248769781958,0.16533248769781958,0.16533248769781958,0.16533248769781958,0.16533248769781958,0.16533248769781958,0.16533248769781958,0.16533248769781958,0.16375749398077893,0.16375749398077868,0.16375749398077868,0.16375749398077868,0.16375749398077893,0.16375749398077868,0.16375749398077868,0.16375749398077868,0.16375749398077868,0.16375749398077868,0.16375749398077868,0.16375749398077868,0.16375749398077868,0.16375749398077868,0.16375749398077868,0.16375749398077868,0.16375749398077868,0.16375749398077868,0.16375749398077868,0.16375749398077868,0.16375749398077893,0.16375749398077868,0.16375749398077868,0.16375749398077868,0.16375749398077893,0.16221388419561075,0.16221388419561075,0.16221388419561075,0.16221388419561075,0.16221388419561075,0.16221388419561075,0.16221388419561075,0.16221388419561075,0.16221388419561075,0.16221388419561075,0.16221388419561075,0.16221388419561075,0.16221388419561053,0.16221388419561075,0.16221388419561075,0.16221388419561075,0.16221388419561075,0.16221388419561075,0.16221388419561075,0.16221388419561075,0.16221388419561075,0.16221388419561075,0.16221388419561075,0.16221388419561075,0.16221388419561075,0.16070106729935615,0.16070106729935593,0.16070106729935593,0.16070106729935593,0.16070106729935615,0.16070106729935593,0.1607010672993557,0.1607010672993557,0.1607010672993557,0.16070106729935593,0.16070106729935593,0.1607010672993557,0.1607010672993555,0.1607010672993557,0.16070106729935593,0.16070106729935593,0.1607010672993557,0.1607010672993557,0.1607010672993557,0.16070106729935593,0.16070106729935615,0.16070106729935593,0.16070106729935593,0.16070106729935593,0.16070106729935615,0.15921845166699308,0.1592184516669927,0.15921845166699225,0.1592184516669927,0.15921845166699308,0.1592184516669927,0.15921845166699203,0.1592184516669918,0.15921845166699203,0.1592184516669927,0.15921845166699225,0.1592184516669918,0.15921845166699136,0.1592184516669918,0.15921845166699225,0.1592184516669927,0.15921845166699203,0.1592184516669918,0.15921845166699203,0.1592184516669927,0.15921845166699308,0.1592184516669927,0.15921845166699225,0.1592184516669927,0.15921845166699308,0.15776544644328958,0.15776544644328788,0.15776544644328702,0.15776544644328788,0.15776544644328958,0.15776544644328788,0.15776544644328638,0.1577654464432853,0.15776544644328638,0.15776544644328788,0.15776544644328702,0.1577654464432853,0.15776544644328425,0.1577654464432853,0.15776544644328702,0.15776544644328788,0.15776544644328638,0.1577654464432853,0.15776544644328638,0.15776544644328788,0.15776544644328958,0.15776544644328788,0.15776544644328702,0.15776544644328788,0.15776544644328958,0.15634146275712632,0.15634146275712152,0.15634146275711838,0.15634146275712152,0.15634146275712654,0.15634146275712152,0.15634146275711608,0.15634146275711275,0.15634146275711608,0.15634146275712152,0.15634146275711838,0.15634146275711275,0.1563414627571094,0.15634146275711275,0.15634146275711838,0.15634146275712152,0.15634146275711608,0.15634146275711275,0.15634146275711608,0.15634146275712152,0.15634146275712654,0.15634146275712152,0.15634146275711838,0.15634146275712152,0.15634146275712654,0.1549459148085615,0.15494591480854636,0.15494591480853673,0.15494591480854636,0.1549459148085615,0.15494591480854636,0.15494591480852976,0.1549459148085191,0.15494591480852976,0.15494591480854636,0.15494591480853673,0.1549459148085191,0.15494591480850783,0.1549459148085191,0.15494591480853673,0.15494591480854636,0.15494591480852976,0.1549459148085191,0.15494591480852976,0.15494591480854636,0.1549459148085615,0.15494591480854636,0.15494591480853673,0.15494591480854636,0.1549459148085615,0.15357822083834385,0.15357822083829825,0.15357822083826875,0.15357822083829825,0.15357822083834385,0.15357822083829825,0.15357822083824663,0.1535782208382125,0.15357822083824663,0.15357822083829825,0.15357822083826875,0.1535782208382125,0.15357822083817432,0.1535782208382125,0.15357822083826875,0.15357822083829825,0.15357822083824663,0.1535782208382125,0.15357822083824663,0.15357822083829825,0.15357822083834385,0.15357822083829825,0.15357822083826875,0.15357822083829825,0.15357822083834385,0.15223780398904357,0.15223780398890913,0.15223780398881978,0.15223780398890913,0.15223780398904357,0.15223780398890913,0.1522378039887489,0.15223780398863768,0.1522378039887489,0.15223780398890913,0.15223780398881978,0.15223780398863768,0.15223780398850936,0.15223780398863768,0.15223780398881978,0.15223780398890913,0.1522378039887489,0.15223780398863768,0.1522378039887489,0.15223780398890913,0.15223780398904357,0.15223780398890913,0.15223780398881978,0.15223780398890913,0.15223780398904357,0.1509240930664377,0.15092409306605362,0.15092409306578816,0.15092409306605362,0.1509240930664377,0.15092409306605362,0.15092409306556437,0.1509240930652036,0.15092409306556437,0.15092409306605362,0.15092409306578816,0.1509240930652036,0.1509240930647512,0.1509240930652036,0.15092409306578816,0.15092409306605362,0.15092409306556437,0.1509240930652036,0.15092409306556437,0.15092409306605362,0.1509240930664377,0.15092409306605362,0.15092409306578816,0.15092409306605362,0.1509240930664377,0.14963652320931317,0.14963652320826412,0.14963652320749116,0.14963652320826412,0.14963652320931317,0.14963652320826412,0.14963652320680385,0.14963652320560467,0.14963652320680385,0.14963652320826412,0.14963652320749116,0.14963652320560467,0.14963652320388665,0.14963652320560467,0.14963652320749116,0.14963652320826412,0.14963652320680385,0.14963652320560467,0.14963652320680385,0.14963652320826412,0.14963652320931317,0.14963652320826412,0.14963652320749116,0.14963652320826412,0.14963652320931317,0.14837453647542748,0.1483745364727569,0.14837453647059556,0.1483745364727569,0.14837453647542748,0.1483745364727569,0.14837453646857215,0.14837453646451826,0.14837453646857215,0.1483745364727569,0.14837453647059556,0.14837453646451826,0.14837453645729354,0.14837453646451826,0.14837453647059556,0.1483745364727569,0.14837453646857215,0.14837453646451826,0.14837453646857215,0.1483745364727569,0.14837453647542748,0.1483745364727569,0.14837453647059556,0.1483745364727569,0.14837453647542748,0.14713758235097588,0.1471375823449358,0.1471375823393767,0.1471375823449358,0.14713758235097588,0.1471375823449358,0.14713758233392427,0.14713758232040464,0.14713758233392427,0.1471375823449358,0.1471375823393767,0.14713758232040464,0.1471375822860847,0.14713758232040464,0.1471375823393767,0.1471375823449358,0.14713758233392427,0.14713758232040464,0.14713758233392427,0.1471375823449358,0.14713758235097588,0.1471375823449358,0.1471375823393767,0.1471375823449358,0.14713758235097588,0.14592511819008466,0.1459251181790203,0.14592511816724313,0.14592511817902046,0.14592511819008466,0.1459251181790203,0.145925118155313,0.14592511811559364,0.145925118155313,0.1459251181790203,0.14592511816724313,0.14592511811559364,0.14592511793062435,0.14592511811559364,0.14592511816724313,0.14592511817902046,0.145925118155313,0.14592511811559364,0.145925118155313,0.14592511817902046,0.14592511819008466,0.1459251181790203,0.14592511816724313,0.14592511817902046,0.14592511819008466,0.14473660958811552,0.14473660957432052,0.14473660956003168,0.14473660957432052,0.14473660958811552,0.14473660957432052,0.14473660954558995,0.1447366095005634,0.14473660954558995,0.14473660957432052,0.14473660956003168,0.1447366095005634,0.14473660931414892,0.1447366095005634,0.14473660956003168,0.14473660957432052,0.14473660954558995,0.1447366095005634,0.14473660954558995,0.14473660957432052,0.14473660958811552,0.14473660957432052,0.14473660956003168,0.14473660957432052,0.14473660958811552,0.14357153068832007,0.14357153067343734,0.14357153065831507,0.14357153067343734,0.14357153068832007,0.14357153067343734,0.14357153064307643,0.143571530597089,0.14357153064307643,0.14357153067343734,0.14357153065831507,0.143571530597089,0.14357153041382759,0.143571530597089,0.14357153065831507,0.14357153067343734,0.14357153064307643,0.143571530597089,0.14357153064307643,0.14357153067343734,0.14357153068832007,0.14357153067343734,0.14357153065831507,0.14357153067343734,0.14357153068832007,0.14242936444449752,0.14242936442936596,0.14242936441378162,0.14242936442936596,0.14242936444449752,0.14242936442936596,0.14242936439800558,0.14242936434978662,0.14242936439800558,0.14242936442936596,0.14242936441378162,0.14242936434978662,0.14242936415533985,0.14242936434978662,0.14242936441378162,0.14242936442936596,0.14242936439800558,0.14242936434978662,0.14242936439800558,0.14242936442936596,0.14242936444449752,0.14242936442936596,0.14242936441378162,0.14242936442936596,0.14242936444449752,0.14130960283549526,0.14130960282170169,0.14130960280668614,0.14130960282170169,0.14130960283549526,0.14130960282170169,0.1413096027912747,0.14130960274106427,0.1413096027912747,0.14130960282170169,0.14130960280668614,0.14130960274106427,0.14130960252542266,0.14130960274106427,0.14130960280668614,0.14130960282170169,0.1413096027912747,0.14130960274106427,0.1413096027912747,0.14130960282170169,0.14130960283549526,0.14130960282170169,0.14130960280668614,0.14130960282170169,0.14130960283549526,0.14021174703255015,0.1402117470242977,0.1402117470139195,0.1402117470242977,0.14021174703255015,0.1402117470242977,0.14021174700297395,0.14021174696106498,0.14021174700297395,0.1402117470242977,0.1402117470139195,0.14021174696106498,0.1402117467472991,0.14021174696106498,0.1402117470139195,0.1402117470242977,0.14021174700297395,0.14021174696106498,0.14021174700297395,0.1402117470242977,0.14021174703255015,0.1402117470242977,0.1402117470139195,0.1402117470242977,0.14021174703255015,0.1391353075229751,0.13913530752749978,0.13913530753074027,0.13913530752749978,0.1391353075229751,0.13913530752749978,0.13913530753367814,0.13913530753721448,0.13913530753367814,0.13913530752749978,0.13913530753074027,0.13913530753721448,0.1391353075335597,0.13913530753721448,0.13913530753074027,0.13913530752749978,0.13913530753367814,0.13913530753721448,0.13913530753367814,0.13913530752749978,0.1391353075229751,0.13913530752749978,0.13913530753074027,0.13913530752749978,0.1391353075229751,0.13807980419699703,0.1380798042187495,0.13807980424083824,0.1380798042187495,0.13807980419699686,0.1380798042187495,0.13807980426328062,0.13807980432512945,0.13807980426328062,0.1380798042187495,0.13807980424083824,0.13807980432512945,0.13807980450128887,0.13807980432512945,0.13807980424083824,0.1380798042187495,0.13807980426328062,0.13807980432512945,0.13807980426328062,0.1380798042187495,0.13807980419699686,0.1380798042187495,0.13807980424083824,0.1380798042187495,0.13807980419699686,0.13704476641416977,0.1370447664519675,0.13704476649805467,0.1370447664519675,0.13704476641416977,0.1370447664519675,0.1370447665459079,0.13704476673541782,0.1370447665459079,0.1370447664519675,0.13704476649805467,0.13704476673541782,0.13704476778819738,0.13704476673541782,0.13704476649805467,0.1370447664519675,0.1370447665459079,0.13704476673541782,0.1370447665459079,0.1370447664519675,0.13704476641416977,0.1370447664519675,0.13704476649805467,0.1370447664519675,0.13704476641416977,0.1360297330466406,0.136029733073217,0.13602973309929126,0.136029733073217,0.1360297330466406,0.136029733073217,0.13602973312547445,0.1360297331954957,0.13602973312547445,0.136029733073217,0.13602973309929126,0.1360297331954957,0.13602973339004917,0.1360297331954957,0.13602973309929126,0.136029733073217,0.13602973312547445,0.1360297331954957,0.13602973312547445,0.136029733073217,0.1360297330466406,0.136029733073217,0.13602973309929126,0.136029733073217,0.1360297330466406,0.13503425253866483,0.13503425255534837,0.13503425256913534,0.13503425255534837,0.13503425253866483,0.13503425255534837,0.1350342525822297,0.13503425260890836,0.1350342525822297,0.13503425255534837,0.13503425256913534,0.13503425260890836,0.1350342526574613,0.13503425260890836,0.13503425256913534,0.13503425255534837,0.1350342525822297,0.13503425260890836,0.1350342525822297,0.13503425255534837,0.13503425253866483,0.13503425255534837,0.13503425256913534,0.13503425255534837,0.13503425253866483
0.16533248769934783,0.16533248769934783,0.16533248769934783,0.16533248769934783,0.16533248769934783,0.16533248769934783,0.16533248769934783,0.16533248769934783,0.16533248769934783,0.16533248769934783,0.16533248769934783,0.16533248769934783,0.16533248769934783,0.16533248769934783,0.16533248769934783,0.16533248769934783,0.16533248769934783,0.16533248769934783,0.16533248769934783,0.16533248769934783,0.16533248769934783,0.16533248769934783,0.16533248769934783,0.16533248769934783,0.16533248769934783,0.1637574939822765,0.1637574939822765,0.1637574939822765,0.1637574939822765,0.1637574939822765,0.1637574939822765,0.1637574939822765,0.1637574939822765,0.1637574939822765,0.1637574939822765,0.1637574939822765,0.1637574939822765,0.1637574939822765,0.1637574939822765,0.1637574939822765,0.1637574939822765,0.1637574939822765,0.1637574939822765,0.1637574939822765,0.1637574939822765,0.1637574939822765,0.1637574939822765,0.1637574939822765,0.1637574939822765,0.1637574939822765,0.16221388419707827,0.16221388419707827,0.16221388419707827,0.16221388419707827,0.16221388419707827,0.16221388419707827,0.16221388419707827,0.16221388419707827,0.16221388419707827,0.16221388419707827,0.16221388419707827,0.16221388419707827,0.16221388419707827,0.16221388419707827,0.16221388419707827,0.16221388419707827,0.16221388419707827,0.16221388419707827,0.16221388419707827,0.16221388419707827,0.16221388419707827,0.16221388419707827,0.16221388419707827,0.16221388419707827,0.16221388419707827,0.16070106730079395,0.16070106730079373,0.16070106730079373,0.16070106730079373,0.16070106730079395,0.16070106730079373,0.16070106730079348,0.16070106730079348,0.16070106730079348,0.16070106730079373,0.16070106730079373,0.16070106730079348,0.16070106730079348,0.16070106730079348,0.16070106730079373,0.16070106730079373,0.16070106730079348,0.16070106730079348,0.16070106730079348,0.16070106730079373,0.16070106730079395,0.16070106730079373,0.16070106730079373,0.16070106730079373,0.16070106730079395,0.15921845166840173,0.1592184516684011,0.15921845166840087,0.1592184516684011,0.15921845166840173,0.1592184516684011,0.15921845166840065,0.1592184516684002,0.15921845166840065,0.1592184516684011,0.15921845166840087,0.1592184516684002,0.15921845166839999,0.1592184516684002,0.15921845166840087,0.1592184516684011,0.15921845166840065,0.1592184516684002,0.15921845166840065,0.1592184516684011,0.15921845166840173,0.1592184516684011,0.15921845166840087,0.1592184516684011,0.15921845166840173,0.15776544644466922,0.15776544644466772,0.15776544644466664,0.15776544644466772,0.15776544644466922,0.15776544644466772,0.157765446444666,0.15776544644466498,0.157765446444666,0.15776544644466772,0.15776544644466664,0.15776544644466498,0.1577654464446639,0.15776544644466498,0.15776544644466664,0.15776544644466772,0.157765446444666,0.15776544644466498,0.157765446444666,0.15776544644466772,0.15776544644466922,0.15776544644466772,0.15776544644466664,0.15776544644466772,0.15776544644466922,0.15634146275847777,0.15634146275847277,0.1563414627584696,0.15634146275847277,0.15634146275847777,0.15634146275847277,0.15634146275846753,0.1563414627584642,0.15634146275846753,0.15634146275847277,0.1563414627584696,0.1563414627584642,0.15634146275846064,0.1563414627584642,0.1563414627584696,0.15634146275847277,0.15634146275846753,0.1563414627584642,0.15634146275846753,0.15634146275847277,0.15634146275847777,0.15634146275847277,0.1563414627584696,0.15634146275847277,0.15634146275847777,0.1549459148098848,0.15494591480986963,0.15494591480986,0.15494591480986963,0.1549459148098848,0.15494591480986963,0.1549459148098532,0.15494591480984254,0.1549459148098532,0.15494591480986963,0.15494591480986,0.15494591480984254,0.1549459148098313,0.15494591480984254,0.15494591480986,0.15494591480986963,0.1549459148098532,0.15494591480984254,0.1549459148098532,0.15494591480986963,0.1549459148098848,0.15494591480986963,0.15494591480986,0.15494591480986963,0.1549459148098848,0.15357822083963948,0.15357822083959388,0.15357822083956457,0.15357822083959388,0.15357822083963948,0.15357822083959388,0.15357822083954248,0.15357822083950834,0.15357822083954248,0.15357822083959388,0.15357822083956457,0.15357822083950834,0.15357822083947034,0.15357822083950834,0.15357822083956457,0.15357822083959388,0.15357822083954248,0.15357822083950834,0.15357822083954248,0.15357822083959388,0.15357822083963948,0.15357822083959388,0.15357822083956457,0.15357822083959388,0.15357822083963948,0.1522378039903116,0.15223780399017756,0.1522378039900886,0.15223780399017756,0.1522378039903116,0.15223780399017756,0.15223780399001793,0.15223780398990708,0.15223780399001793,0.15223780399017756,0.1522378039900886,0.15223780398990708,0.15223780398977912,0.15223780398990708,0.1522378039900886,0.15223780399017756,0.15223780399001793,0.15223780398990708,0.15223780399001793,0.15223780399017756,0.1522378039903116,0.15223780399017756,0.1522378039900886,0.15223780399017756,0.1522378039903116,0.15092409306767782,0.15092409306729507,0.1509240930670304,0.15092409306729507,0.15092409306767782,0.15092409306729507,0.15092409306680715,0.15092409306644758,0.15092409306680715,0.15092409306729507,0.1509240930670304,0.15092409306644758,0.15092409306599652,0.15092409306644758,0.1509240930670304,0.15092409306729507,0.15092409306680715,0.15092409306644758,0.15092409306680715,0.15092409306729507,0.15092409306767782,0.15092409306729507,0.1509240930670304,0.15092409306729507,0.15092409306767782,0.14963652321052331,0.14963652320947748,0.14963652320870716,0.14963652320947748,0.14963652321052331,0.14963652320947748,0.14963652320802173,0.14963652320682652,0.14963652320802173,0.14963652320947748,0.14963652320870716,0.14963652320682652,0.14963652320511361,0.14963652320682652,0.14963652320870716,0.14963652320947748,0.14963652320802173,0.14963652320682652,0.14963652320802173,0.14963652320947748,0.14963652321052331,0.14963652320947748,0.14963652320870716,0.14963652320947748,0.14963652321052331,0.14837453647660082,0.1483745364739391,0.14837453647178467,0.1483745364739391,0.14837453647660082,0.1483745364739391,0.14837453646976753,0.1483745364657262,0.14837453646976753,0.1483745364739391,0.14837453647178467,0.1483745364657262,0.14837453645852355,0.1483745364657262,0.14837453647178467,0.1483745364739391,0.14837453646976753,0.1483745364657262,0.14837453646976753,0.1483745364739391,0.14837453647660082,0.1483745364739391,0.14837453647178467,0.1483745364739391,0.14837453647660082,0.14713758235209506,0.14713758234607513,0.14713758234053406,0.14713758234607513,0.14713758235209506,0.14713758234607513,0.14713758233509905,0.14713758232162136,0.14713758233509905,0.14713758234607513,0.14713758234053406,0.14713758232162136,0.14713758228740464,0.14713758232162136,0.14713758234053406,0.14713758234607513,0.14713758233509905,0.14713758232162136,0.14713758233509905,0.14713758234607513,0.14713758235209506,0.14713758234607513,0.14713758234053406,0.14713758234607513,0.14713758235209506,0.14592511819110815,0.1459251181800826,0.1459251181683448,0.1459251181800826,0.14592511819110815,0.1459251181800826,0.1459251181564542,0.1459251181168597,0.1459251181564542,0.1459251181800826,0.1459251181683448,0.1459251181168597,0.14592511793245755,0.1459251181168597,0.1459251181683448,0.1459251181800826,0.1459251181564542,0.1459251181168597,0.1459251181564542,0.1459251181800826,0.14592511819110815,0.1459251181800826,0.1459251181683448,0.1459251181800826,0.14592511819110815,0.14473660958896295,0.1447366095752231,0.1447366095609896,0.1447366095752231,0.14473660958896295,0.1447366095752231,0.1447366095466034,0.1447366095017432,0.1447366095466034,0.1447366095752231,0.1447366095609896,0.1447366095017432,0.14473660931597276,0.1447366095017432,0.1447366095609896,0.1447366095752231,0.1447366095466034,0.1447366095017432,0.1447366095466034,0.1447366095752231,0.14473660958896295,0.1447366095752231,0.1447366095609896,0.1447366095752231,0.14473660958896295,0.14357153068887496,0.14357153067406414,0.1435715306590134,0.14357153067406414,0.14357153068887496,0.14357153067406414,0.14357153064384662,0.14357153059807187,0.14357153064384662,0.14357153067406414,0.1435715306590134,0.14357153059807187,0.14357153041563983,0.14357153059807187,0.1435715306590134,0.14357153067406414,0.14357153064384662,0.14357153059807187,0.14357153064384662,0.14357153067406414,0.14357153068887496,0.14357153067406414,0.1435715306590134,0.14357153067406414,0.14357153068887496,0.14242936444460894,0.14242936442956525,0.14242936441407134,0.14242936442956525,0.14242936444460894,0.14242936442956525,0.1424293643983867,0.14242936435044537,0.1424293643983867,0.14242936442956525,0.14242936441407134,0.14242936435044537,0.1424293641571011,0.14242936435044537,0.14242936441407134,0.14242936442956525,0.1424293643983867,0.14242936435044537,0.1424293643983867,0.14242936442956525,0.14242936444460894,0.14242936442956525,0.14242936441407134,0.14242936442956525,0.14242936444460894,0.14130960283497523,0.14130960282127802,0.14130960280636756,0.14130960282127802,0.14130960283497523,0.14130960282127802,0.14130960279106416,0.14130960274120474,0.14130960279106416,0.14130960282127802,0.14130960280636756,0.14130960274120474,0.1413096025270413,0.14130960274120474,0.14130960280636756,0.14130960282127802,0.14130960279106416,0.14130960274120474,0.14130960279106416,0.14130960282127802,0.14130960283497523,0.14130960282127802,0.14130960280636756,0.14130960282127802,0.14130960283497523,0.14021174703119127,0.14021174702301398,0.14021174701272815,0.14021174702301398,0.14021174703119127,0.14021174702301398,0.14021174700187972,0.14021174696034272,0.14021174700187972,0.14021174702301398,0.14021174701272815,0.14021174696034272,0.14021174674849435,0.14021174696034272,0.14021174701272815,0.14021174702301398,0.14021174700187972,0.14021174696034272,0.14021174700187972,0.14021174702301398,0.14021174703119127,0.14021174702301398,0.14021174701272815,0.14021174702301398,0.14021174703119127,0.13913530752061132,0.13913530752513031,0.13913530752837158,0.13913530752513031,0.13913530752061132,0.13913530752513031,0.139135307531312,0.13913530753487868,0.139135307531312,0.13913530752513031,0.13913530752837158,0.13913530753487868,0.13913530753137873,0.13913530753487868,0.13913530752837158,0.13913530752513031,0.139135307531312,0.13913530753487868,0.139135307531312,0.13913530752513031,0.13913530752061132,0.13913530752513031,0.13913530752837158,0.13913530752513031,0.13913530752061132,0.13807980419362673,0.13807980421526897,0.13807980423724422,0.13807980421526897,0.13807980419362673,0.13807980421526897,0.13807980425957064,0.13807980432109496,0.13807980425957064,0.13807980421526897,0.13807980423724422,0.13807980432109496,0.13807980449631607,0.13807980432109496,0.13807980423724422,0.13807980421526897,0.13807980425957064,0.13807980432109496,0.13807980425957064,0.13807980421526897,0.13807980419362673,0.13807980421526897,0.13807980423724422,0.13807980421526897,0.13807980419362673,0.13704476641000643,0.1370447664476006,0.13704476649343794,0.1370447664476006,0.13704476641000643,0.1370447664476006,0.1370447665410312,0.13704476672950655,0.1370447665410312,0.1370447664476006,0.13704476649343794,0.13704476672950655,0.13704476777650826,0.13704476672950655,0.13704476649343794,0.1370447664476006,0.1370447665410312,0.13704476672950655,0.1370447665410312,0.1370447664476006,0.13704476641000643,0.1370447664476006,0.13704476649343794,0.1370447664476006,0.13704476641000643,0.13602973304209257,0.13602973306852464,0.13602973309445693,0.13602973306852464,0.13602973304209257,0.13602973306852464,0.1360297331204973,0.13602973319013606,0.13602973312049746,0.13602973306852464,0.13602973309445693,0.13602973319013606,0.13602973338362465,0.13602973319013606,0.13602973309445693,0.13602973306852464,0.13602973312049746,0.13602973319013606,0.13602973312049746,0.13602973306852464,0.13602973304209257,0.13602973306852464,0.13602973309445693,0.13602973306852464,0.13602973304209257,0.13503425253402232,0.13503425255061505,0.13503425256432683,0.13503425255061505,0.13503425253402232,0.13503425255061505,0.13503425257734986,0.13503425260388285,0.13503425257734986,0.13503425255061505,0.13503425256432683,0.13503425260388285,0.1350342526521701,0.13503425260388285,0.13503425256432683,0.13503425255061505,0.13503425257734986,0.13503425260388285,0.13503425257734986,0.13503425255061505,0.13503425253402232,0.13503425255061505,0.13503425256432683,0.13503425255061505,0.13503425253402232
0.16533248770086714,0.16533248770086714,0.16533248770086714,0.16533248770086714,0.16533248770086714,0.16533248770086714,0.16533248770086714,0.16533248770086714,0.16533248770086714,0.16533248770086714,0.16533248770086714,0.16533248770086714,0.16533248770086714,0.16533248770086714,0.16533248770086714,0.16533248770086714,0.16533248770086714,0.16533248770086714,0.16533248770086714,0.16533248770086714,0.16533248770086714,0.16533248770086714,0.16533248770086714,0.16533248770086714,0.16533248770086714,0.16375749398376552,0.16375749398376552,0.16375749398376552,0.16375749398376552,0.16375749398376552,0.16375749398376552,0.16375749398376552,0.16375749398376552,0.16375749398376552,0.16375749398376552,0.16375749398376552,0.16375749398376552,0.16375749398376552,0.16375749398376552,0.16375749398376552,0.16375749398376552,0.16375749398376552,0.16375749398376552,0.16375749398376552,0.16375749398376552,0.16375749398376552,0.16375749398376552,0.16375749398376552,0.16375749398376552,0.16375749398376552,0.1622138841985376,0.16221388419853738,0.16221388419853738,0.16221388419853738,0.1622138841985376,0.16221388419853738,0.16221388419853738,0.16221388419853738,0.16221388419853738,0.16221388419853738,0.16221388419853738,0.16221388419853738,0.16221388419853738,0.16221388419853738,0.16221388419853738,0.16221388419853738,0.16221388419853738,0.16221388419853738,0.16221388419853738,0.16221388419853738,0.1622138841985376,0.16221388419853738,0.16221388419853738,0.16221388419853738,0.1622138841985376,0.1607010673022237,0.1607010673022237,0.1607010673022235,0.1607010673022237,0.1607010673022237,0.1607010673022237,0.1607010673022235,0.16070106730222325,0.1607010673022235,0.1607010673022237,0.1607010673022235,0.16070106730222325,0.16070106730222325,0.16070106730222325,0.1607010673022235,0.1607010673022237,0.1607010673022235,0.16070106730222325,0.1607010673022235,0.1607010673022237,0.1607010673022237,0.1607010673022237,0.1607010673022235,0.1607010673022237,0.1607010673022237,0.15921845166980275,0.1592184516698023,0.1592184516698019,0.1592184516698023,0.15921845166980275,0.1592184516698023,0.15921845166980164,0.15921845166980145,0.15921845166980164,0.1592184516698023,0.1592184516698019,0.15921845166980145,0.159218451669801,0.15921845166980145,0.1592184516698019,0.1592184516698023,0.15921845166980164,0.15921845166980145,0.15921845166980164,0.1592184516698023,0.15921845166980275,0.1592184516698023,0.1592184516698019,0.1592184516698023,0.15921845166980275,0.15776544644604204,0.15776544644604054,0.1577654464460395,0.15776544644604054,0.15776544644604204,0.15776544644604054,0.15776544644603882,0.15776544644603777,0.15776544644603882,0.15776544644604054,0.1577654464460395,0.15776544644603777,0.15776544644603668,0.15776544644603777,0.1577654464460395,0.15776544644604054,0.15776544644603882,0.15776544644603777,0.15776544644603882,0.15776544644604054,0.15776544644604204,0.15776544644604054,0.1577654464460395,0.15776544644604054,0.15776544644604204,0.15634146275982277,0.15634146275981775,0.1563414627598148,0.15634146275981775,0.15634146275982277,0.15634146275981775,0.1563414627598125,0.15634146275980917,0.1563414627598125,0.15634146275981775,0.1563414627598148,0.15634146275980917,0.15634146275980582,0.15634146275980917,0.1563414627598148,0.15634146275981775,0.1563414627598125,0.15634146275980917,0.1563414627598125,0.15634146275981775,0.15634146275982277,0.15634146275981775,0.1563414627598148,0.15634146275981775,0.15634146275982277,0.15494591481120248,0.15494591481118752,0.1549459148111779,0.15494591481118752,0.15494591481120248,0.15494591481118752,0.15494591481117112,0.1549459148111605,0.15494591481117112,0.15494591481118752,0.1549459148111779,0.1549459148111605,0.1549459148111492,0.1549459148111605,0.1549459148111779,0.15494591481118752,0.15494591481117112,0.1549459148111605,0.15494591481117112,0.15494591481118752,0.15494591481120248,0.15494591481118752,0.1549459148111779,0.15494591481118752,0.15494591481120248,0.1535782208409303,0.1535782208408851,0.1535782208408558,0.1535782208408851,0.1535782208409303,0.1535782208408851,0.15357822084083372,0.15357822084079975,0.15357822084083372,0.1535782208408851,0.1535782208408558,0.15357822084079975,0.15357822084076178,0.15357822084079975,0.1535782208408558,0.1535782208408851,0.15357822084083372,0.15357822084079975,0.15357822084083372,0.1535782208408851,0.1535782208409303,0.1535782208408851,0.1535782208408558,0.1535782208408851,0.1535782208409303,0.1522378039915759,0.15223780399144224,0.15223780399135348,0.15223780399144224,0.1522378039915759,0.15223780399144224,0.152237803991283,0.1522378039911726,0.152237803991283,0.15223780399144224,0.15223780399135348,0.1522378039911726,0.15223780399104503,0.1522378039911726,0.15223780399135348,0.15223780399144224,0.152237803991283,0.1522378039911726,0.152237803991283,0.15223780399144224,0.1522378039915759,0.15223780399144224,0.15223780399135348,0.15223780399144224,0.1522378039915759,0.15092409306891502,0.1509240930685334,0.15092409306826948,0.1509240930685334,0.15092409306891502,0.1509240930685334,0.15092409306804705,0.15092409306768861,0.15092409306804705,0.1509240930685334,0.15092409306826948,0.15092409306768861,0.1509240930672391,0.15092409306768861,0.15092409306826948,0.1509240930685334,0.15092409306804705,0.15092409306768861,0.15092409306804705,0.1509240930685334,0.15092409306891502,0.1509240930685334,0.15092409306826948,0.1509240930685334,0.15092409306891502,0.14963652321173138,0.14963652321068896,0.14963652320992088,0.14963652321068896,0.14963652321173138,0.14963652321068896,0.14963652320923793,0.1496365232080463,0.14963652320923793,0.14963652321068896,0.14963652320992088,0.1496365232080463,0.1496365232063387,0.1496365232080463,0.14963652320992088,0.14963652321068896,0.14963652320923793,0.1496365232080463,0.14963652320923793,0.14963652321068896,0.14963652321173138,0.14963652321068896,0.14963652320992088,0.14963652321068896,0.14963652321173138,0.1483745364777732,0.14837453647512022,0.14837453647297263,0.14837453647512022,0.1483745364777732,0.14837453647512022,0.148374536470962,0.14837453646693327,0.148374536470962,0.14837453647512022,0.14837453647297263,0.14837453646693327,0.14837453645975268,0.14837453646693327,0.14837453647297263,0.14837453647512022,0.148374536470962,0.14837453646693327,0.148374536470962,0.14837453647512022,0.1483745364777732,0.14837453647512022,0.14837453647297263,0.14837453647512022,0.1483745364777732,0.14713758235321428,0.1471375823472143,0.14713758234169122,0.1471375823472143,0.14713758235321428,0.1471375823472143,0.14713758233627383,0.1471375823228381,0.14713758233627383,0.1471375823472143,0.14713758234169122,0.1471375823228381,0.1471375822887249,0.1471375823228381,0.14713758234169122,0.1471375823472143,0.14713758233627383,0.1471375823228381,0.14713758233627383,0.1471375823472143,0.14713758235321428,0.1471375823472143,0.14713758234169122,0.1471375823472143,0.14713758235321428,0.14592511819213236,0.14592511818114565,0.14592511816944737,0.14592511818114565,0.14592511819213236,0.14592511818114565,0.14592511815759648,0.1459251181181268,0.14592511815759648,0.14592511818114565,0.14592511816944737,0.1459251181181268,0.14592511793427826,0.1459251181181268,0.14592511816944737,0.14592511818114565,0.14592511815759648,0.1459251181181268,0.14592511815759648,0.14592511818114565,0.14592511819213236,0.14592511818114565,0.14592511816944737,0.14592511818114565,0.14592511819213236,0.14473660958981144,0.14473660957612708,0.14473660956194911,0.14473660957612708,0.14473660958981144,0.14473660957612708,0.14473660954761838,0.14473660950292472,0.14473660954761838,0.14473660957612708,0.14473660956194911,0.14473660950292472,0.14473660931782825,0.14473660950292472,0.14473660956194911,0.14473660957612708,0.14473660954761838,0.14473660950292472,0.14473660954761838,0.14473660957612708,0.14473660958981144,0.14473660957612708,0.14473660956194911,0.14473660957612708,0.14473660958981144,0.1435715306894318,0.14357153067469244,0.1435715306597134,0.14357153067469244,0.1435715306894318,0.14357153067469244,0.1435715306446187,0.14357153059905714,0.1435715306446187,0.14357153067469244,0.1435715306597134,0.14357153059905714,0.14357153041745588,0.14357153059905714,0.1435715306597134,0.14357153067469244,0.1435715306446187,0.14357153059905714,0.1435715306446187,0.14357153067469244,0.1435715306894318,0.14357153067469244,0.1435715306597134,0.14357153067469244,0.1435715306894318,0.14242936444472198,0.1424293644297664,0.14242936441436274,0.1424293644297664,0.14242936444472198,0.1424293644297664,0.14242936439876952,0.14242936435110579,0.14242936439876952,0.1424293644297664,0.14242936441436274,0.14242936435110579,0.14242936415887944,0.14242936435110579,0.14242936441436274,0.1424293644297664,0.14242936439876952,0.14242936435110579,0.14242936439876952,0.1424293644297664,0.14242936444472198,0.1424293644297664,0.14242936441436274,0.1424293644297664,0.14242936444472198,0.1413096028344575,0.14130960282085636,0.14130960280605065,0.14130960282085636,0.1413096028344575,0.14130960282085636,0.14130960279085464,0.14130960274134485,0.14130960279085464,0.14130960282085636,0.14130960280605065,0.14130960274134485,0.14130960252866362,0.14130960274134485,0.14130960280605065,0.14130960282085636,0.14130960279085464,0.14130960274134485,0.14130960279085464,0.14130960282085636,0.1413096028344575,0.14130960282085636,0.14130960280605065,0.14130960282085636,0.1413096028344575,0.14021174702983627,0.14021174702173317,0.1402117470115389,0.14021174702173317,0.14021174702983627,0.14021174702173317,0.1402117470007864,0.1402117469596168,0.1402117470007864,0.14021174702173317,0.1402117470115389,0.1402117469596168,0.1402117467496952,0.1402117469596168,0.1402117470115389,0.14021174702173317,0.1402117470007864,0.1402117469596168,0.1402117470007864,0.14021174702173317,0.14021174702983627,0.14021174702173317,0.1402117470115389,0.14021174702173317,0.14021174702983627,0.13913530751825431,0.139135307522767,0.13913530752600878,0.139135307522767,0.13913530751825431,0.139135307522767,0.13913530752895154,0.13913530753254702,0.13913530752895154,0.139135307522767,0.13913530752600878,0.13913530753254702,0.13913530752919806,0.13913530753254702,0.13913530752600878,0.139135307522767,0.13913530752895154,0.13913530753254702,0.13913530752895154,0.139135307522767,0.13913530751825431,0.139135307522767,0.13913530752600878,0.139135307522767,0.13913530751825431,0.13807980419026683,0.138079804211799,0.13807980423366073,0.138079804211799,0.13807980419026683,0.138079804211799,0.13807980425587166,0.1380798043170724,0.13807980425587166,0.138079804211799,0.13807980423366073,0.1380798043170724,0.13807980449135768,0.1380798043170724,0.13807980423366073,0.138079804211799,0.13807980425587166,0.1380798043170724,0.13807980425587166,0.138079804211799,0.13807980419026683,0.138079804211799,0.13807980423366073,0.138079804211799,0.13807980419026683,0.13704476640585667,0.13704476644324803,0.13704476648883618,0.13704476644324803,0.13704476640585667,0.13704476644324803,0.13704476653617031,0.1370447667236147,0.13704476653617031,0.13704476644324803,0.13704476648883618,0.1370447667236147,0.1370447677648792,0.1370447667236147,0.13704476648883618,0.13704476644324803,0.13704476653617031,0.1370447667236147,0.13704476653617031,0.13704476644324803,0.13704476640585667,0.13704476644324803,0.13704476648883618,0.13704476644324803,0.13704476640585667,0.13602973303755944,0.13602973306384777,0.13602973308963853,0.13602973306384777,0.13602973303755944,0.13602973306384777,0.13602973311553682,0.13602973318479433,0.13602973311553682,0.13602973306384777,0.13602973308963853,0.13602973318479433,0.1360297333772217,0.13602973318479433,0.13602973308963853,0.13602973306384777,0.13602973311553682,0.13602973318479433,0.13602973311553682,0.13602973306384777,0.13602973303755944,0.13602973306384777,0.13602973308963853,0.13602973306384777,0.13602973303755944,0.13503425252939535,0.13503425254589752,0.13503425255953444,0.13503425254589752,0.13503425252939535,0.13503425254589752,0.13503425257248622,0.13503425259887403,0.13503425257248622,0.13503425254589752,0.13503425255953444,0.13503425259887403,0.13503425264689653,0.13503425259887403,0.13503425255953444,0.13503425254589752,0.13503425257248622,0.13503425259887403,0.13503425257248622,0.13503425254589752,0.13503425252939535,0.13503425254589752,0.13503425255953444,0.13503425254589752,0.13503425252939535
0.16533248770238218,0.16533248770238218,0.16533248770238218,0.16533248770238218,0.16533248770238218,0.16533248770238218,0.16533248770238218,0.16533248770238218,0.16533248770238218,0.16533248770238218,0.16533248770238218,0.16533248770238218,0.16533248770238218,0.16533248770238218,0.16533248770238218,0.16533248770238218,0.16533248770238218,0.16533248770238218,0.16533248770238218,0.16533248770238218,0.16533248770238218,0.16533248770238218,0.16533248770238218,0.16533248770238218,0.16533248770238218,0.16375749398525016,0.16375749398525016,0.16375749398525016,0.16375749398525016,0.16375749398525016,0.16375749398525016,0.16375749398525016,0.16375749398525016,0.16375749398525016,0.16375749398525016,0.16375749398525016,0.16375749398525016,0.16375749398525016,0.16375749398525016,0.16375749398525016,0.16375749398525016,0.16375749398525016,0.16375749398525016,0.16375749398525016,0.16375749398525016,0.16375749398525016,0.16375749398525016,0.16375749398525016,0.16375749398525016,0.16375749398525016,0.16221388419999264,0.16221388419999241,0.16221388419999241,0.16221388419999241,0.16221388419999264,0.16221388419999241,0.16221388419999241,0.16221388419999241,0.16221388419999241,0.16221388419999241,0.16221388419999241,0.16221388419999241,0.16221388419999241,0.16221388419999241,0.16221388419999241,0.16221388419999241,0.16221388419999241,0.16221388419999241,0.16221388419999241,0.16221388419999241,0.16221388419999264,0.16221388419999241,0.16221388419999241,0.16221388419999241,0.16221388419999264,0.1607010673036497,0.1607010673036495,0.1607010673036495,0.1607010673036495,0.1607010673036497,0.1607010673036495,0.1607010673036495,0.16070106730364928,0.1607010673036495,0.1607010673036495,0.1607010673036495,0.16070106730364928,0.16070106730364928,0.16070106730364928,0.1607010673036495,0.1607010673036495,0.1607010673036495,0.16070106730364928,0.1607010673036495,0.1607010673036495,0.1607010673036497,0.1607010673036495,0.1607010673036495,0.1607010673036495,0.1607010673036497,0.15921845167120005,0.15921845167119963,0.1592184516711992,0.15921845167119963,0.15921845167120005,0.15921845167119963,0.15921845167119897,0.15921845167119875,0.15921845167119897,0.15921845167119963,0.1592184516711992,0.15921845167119875,0.1592184516711983,0.15921845167119875,0.1592184516711992,0.15921845167119963,0.15921845167119897,0.15921845167119875,0.15921845167119897,0.15921845167119963,0.15921845167120005,0.15921845167119963,0.1592184516711992,0.15921845167119963,0.15921845167120005,0.15776544644741142,0.15776544644740972,0.15776544644740886,0.15776544644740972,0.15776544644741142,0.15776544644740972,0.157765446447408,0.15776544644740714,0.157765446447408,0.15776544644740972,0.15776544644740886,0.15776544644740714,0.15776544644740587,0.15776544644740714,0.15776544644740886,0.15776544644740972,0.157765446447408,0.15776544644740714,0.157765446447408,0.15776544644740972,0.15776544644741142,0.15776544644740972,0.15776544644740886,0.15776544644740972,0.15776544644741142,0.1563414627611646,0.1563414627611596,0.15634146276115646,0.1563414627611596,0.1563414627611646,0.1563414627611596,0.15634146276115435,0.15634146276115102,0.15634146276115435,0.1563414627611596,0.15634146276115646,0.15634146276115102,0.15634146276114766,0.15634146276115102,0.15634146276115646,0.1563414627611596,0.15634146276115435,0.15634146276115102,0.15634146276115435,0.1563414627611596,0.1563414627611646,0.1563414627611596,0.15634146276115646,0.1563414627611596,0.1563414627611646,0.15494591481251735,0.15494591481250217,0.15494591481249254,0.15494591481250217,0.15494591481251735,0.15494591481250217,0.15494591481248576,0.1549459148124753,0.15494591481248576,0.15494591481250217,0.15494591481249254,0.1549459148124753,0.15494591481246403,0.1549459148124753,0.15494591481249254,0.15494591481250217,0.15494591481248576,0.1549459148124753,0.15494591481248576,0.15494591481250217,0.15494591481251735,0.15494591481250217,0.15494591481249254,0.15494591481250217,0.15494591481251735,0.1535782208422183,0.15357822084217312,0.15357822084214398,0.15357822084217312,0.1535782208422183,0.15357822084217312,0.1535782208421221,0.15357822084208814,0.1535782208421221,0.15357822084217312,0.15357822084214398,0.15357822084208814,0.1535782208420504,0.15357822084208814,0.15357822084214398,0.15357822084217312,0.1535782208421221,0.15357822084208814,0.1535782208421221,0.15357822084217312,0.1535782208422183,0.15357822084217312,0.15357822084214398,0.15357822084217312,0.1535782208422183,0.15223780399283746,0.1522378039927042,0.15223780399261583,0.1522378039927042,0.15223780399283746,0.1522378039927042,0.15223780399254555,0.1522378039924355,0.15223780399254555,0.1522378039927042,0.15223780399261583,0.1522378039924355,0.15223780399230832,0.1522378039924355,0.15223780399261583,0.1522378039927042,0.15223780399254555,0.1522378039924355,0.15223780399254555,0.1522378039927042,0.15223780399283746,0.1522378039927042,0.15223780399261583,0.1522378039927042,0.15223780399283746,0.1509240930701497,0.15092409306976945,0.1509240930695065,0.15092409306976945,0.1509240930701497,0.15092409306976945,0.15092409306928464,0.15092409306892737,0.15092409306928464,0.15092409306976945,0.1509240930695065,0.15092409306892737,0.1509240930684792,0.15092409306892737,0.1509240930695065,0.15092409306976945,0.15092409306928464,0.15092409306892737,0.15092409306928464,0.15092409306976945,0.1509240930701497,0.15092409306976945,0.1509240930695065,0.15092409306976945,0.1509240930701497,0.14963652321293716,0.14963652321189833,0.14963652321113272,0.14963652321189833,0.14963652321293716,0.14963652321189833,0.14963652321045182,0.14963652320926402,0.14963652321045182,0.14963652321189833,0.14963652321113272,0.14963652320926402,0.14963652320756168,0.14963652320926402,0.14963652321113272,0.14963652321189833,0.14963652321045182,0.14963652320926402,0.14963652321045182,0.14963652321189833,0.14963652321293716,0.14963652321189833,0.14963652321113272,0.14963652321189833,0.14963652321293716,0.14837453647894375,0.14837453647629947,0.14837453647415874,0.14837453647629947,0.14837453647894375,0.14837453647629947,0.14837453647215457,0.14837453646813847,0.14837453647215457,0.14837453647629947,0.14837453647415874,0.14837453646813847,0.14837453646097992,0.14837453646813847,0.14837453647415874,0.14837453647629947,0.14837453647215457,0.14837453646813847,0.14837453647215457,0.14837453647629947,0.14837453647894375,0.14837453647629947,0.14837453647415874,0.14837453647629947,0.14837453647894375,0.1471375823543316,0.14713758234835203,0.1471375823428469,0.14713758234835203,0.1471375823543316,0.14713758234835203,0.14713758233744698,0.14713758232405358,0.14713758233744698,0.14713758234835203,0.1471375823428469,0.14713758232405358,0.14713758229004376,0.14713758232405358,0.1471375823428469,0.14713758234835203,0.14713758233744698,0.14713758232405358,0.14713758233744698,0.14713758234835203,0.1471375823543316,0.14713758234835203,0.1471375823428469,0.14713758234835203,0.1471375823543316,0.14592511819315518,0.14592511818220727,0.14592511817054868,0.14592511818220727,0.14592511819315518,0.14592511818220727,0.14592511815873735,0.14592511811939302,0.14592511815873735,0.14592511818220727,0.14592511817054868,0.14592511811939302,0.14592511793609167,0.14592511811939302,0.14592511817054868,0.14592511818220727,0.14592511815873735,0.14592511811939302,0.14592511815873735,0.14592511818220727,0.14592511819315518,0.14592511818220727,0.14592511817054868,0.14592511818220727,0.14592511819315518,0.14473660959065854,0.1447366095770297,0.1447366095629072,0.1447366095770297,0.14473660959065854,0.1447366095770297,0.14473660954863218,0.14473660950410558,0.14473660954863218,0.1447366095770297,0.1447366095629072,0.14473660950410558,0.14473660931968355,0.14473660950410558,0.1447366095629072,0.1447366095770297,0.14473660954863218,0.14473660950410558,0.14473660954863218,0.1447366095770297,0.14473660959065854,0.1447366095770297,0.1447366095629072,0.1447366095770297,0.14473660959065854,0.14357153068998688,0.14357153067531925,0.14357153066041203,0.14357153067531925,0.14357153068998688,0.14357153067531925,0.1435715306453892,0.14357153060004085,0.1435715306453892,0.14357153067531925,0.14357153066041203,0.14357153060004085,0.14357153041927,0.14357153060004085,0.14357153066041203,0.14357153067531925,0.1435715306453892,0.14357153060004085,0.1435715306453892,0.14357153067531925,0.14357153068998688,0.14357153067531925,0.14357153066041203,0.14357153067531925,0.14357153068998688,0.14242936444483387,0.14242936442996584,0.14242936441465243,0.14242936442996584,0.14242936444483387,0.14242936442996584,0.1424293643991503,0.1424293643517639,0.1424293643991503,0.14242936442996584,0.14242936441465243,0.1424293643517639,0.14242936416064855,0.1424293643517639,0.14242936441465243,0.14242936442996584,0.1424293643991503,0.1424293643517639,0.1424293643991503,0.14242936442996584,0.14242936444483387,0.14242936442996584,0.14242936441465243,0.14242936442996584,0.14242936444483387,0.14130960283393912,0.14130960282043317,0.14130960280573154,0.14130960282043317,0.14130960283393912,0.14130960282043317,0.14130960279064264,0.14130960274148072,0.14130960279064264,0.14130960282043317,0.14130960280573154,0.14130960274148072,0.14130960253029298,0.14130960274148072,0.14130960280573154,0.14130960282043317,0.14130960279064264,0.14130960274148072,0.14130960279064264,0.14130960282043317,0.14130960283393912,0.14130960282043317,0.14130960280573154,0.14130960282043317,0.14130960283393912,0.14021174702848208,0.14021174702045217,0.14021174701034836,0.14021174702045217,0.14021174702848208,0.14021174702045217,0.14021174699969086,0.14021174695888403,0.14021174699969086,0.14021174702045217,0.14021174701034836,0.14021174695888403,0.14021174675083864,0.14021174695888403,0.14021174701034836,0.14021174702045217,0.14021174699969086,0.14021174695888403,0.14021174699969086,0.14021174702045217,0.14021174702848208,0.14021174702045217,0.14021174701034836,0.14021174702045217,0.14021174702848208,0.13913530751590147,0.13913530752040765,0.13913530752364942,0.13913530752040765,0.13913530751590147,0.13913530752040765,0.13913530752659395,0.13913530753021724,0.13913530752659395,0.13913530752040765,0.13913530752364942,0.13913530753021724,0.1391353075270153,0.13913530753021724,0.13913530752364942,0.13913530752040765,0.13913530752659395,0.13913530753021724,0.13913530752659395,0.13913530752040765,0.13913530751590147,0.13913530752040765,0.13913530752364942,0.13913530752040765,0.13913530751590147,0.13807980418691515,0.13807980420833735,0.13807980423008626,0.13807980420833735,0.13807980418691515,0.13807980420833735,0.13807980425218183,0.13807980431306008,0.13807980425218183,0.13807980420833735,0.13807980423008626,0.13807980431306008,0.13807980448641294,0.13807980431306008,0.13807980423008626,0.13807980420833735,0.13807980425218183,0.13807980431306008,0.13807980425218183,0.13807980420833735,0.13807980418691515,0.13807980420833735,0.13807980423008626,0.13807980420833735,0.13807980418691515,0.13704476640171845,0.1370447664389076,0.1370447664842476,0.1370447664389076,0.13704476640171845,0.1370447664389076,0.13704476653132389,0.13704476671774152,0.13704476653132389,0.1370447664389076,0.1370447664842476,0.13704476671774152,0.13704476775328048,0.13704476671774152,0.1370447664842476,0.1370447664389076,0.13704476653132389,0.13704476671774152,0.13704476653132389,0.1370447664389076,0.13704476640171845,0.1370447664389076,0.1370447664842476,0.1370447664389076,0.13704476640171845,0.13602973303303972,0.13602973305918475,0.13602973308483463,0.13602973305918475,0.13602973303303972,0.13602973305918475,0.13602973311059127,0.1360297331794693,0.13602973311059127,0.13602973305918475,0.13602973308483463,0.1360297331794693,0.1360297333708401,0.1360297331794693,0.13602973308483463,0.13602973305918475,0.13602973311059127,0.1360297331794693,0.13602973311059127,0.13602973305918475,0.13602973303303972,0.13602973305918475,0.13602973308483463,0.13602973305918475,0.13602973303303972,0.13503425252478224,0.13503425254119417,0.1350342525547565,0.13503425254119417,0.13503425252478224,0.13503425254119417,0.13503425256763738,0.13503425259388055,0.13503425256763738,0.13503425254119417,0.1350342525547565,0.13503425259388055,0.1350342526416397,0.13503425259388055,0.1350342525547565,0.13503425254119417,0.13503425256763738,0.13503425259388055,0.13503425256763738,0.13503425254119417,0.13503425252478224,0.13503425254119417,0.1350342525547565,0.13503425254119417,0.13503425252478224
0.16533248770389344,0.16533248770389344,0.16533248770389344,0.16533248770389344,0.16533248770389344,0.16533248770389344,0.16533248770389344,0.16533248770389344,0.16533248770389344,0.16533248770389344,0.16533248770389344,0.16533248770389344,0.16533248770389344,0.16533248770389344,0.16533248770389344,0.16533248770389344,0.16533248770389344,0.16533248770389344,0.16533248770389344,0.16533248770389344,0.16533248770389344,0.16533248770389344,0.16533248770389344,0.16533248770389344,0.16533248770389344,0.16375749398673134,0.16375749398673134,0.16375749398673134,0.16375749398673134,0.16375749398673134,0.16375749398673134,0.16375749398673134,0.16375749398673134,0.16375749398673134,0.16375749398673134,0.16375749398673134,0.16375749398673134,0.16375749398673134,0.16375749398673134,0.16375749398673134,0.16375749398673134,0.16375749398673134,0.16375749398673134,0.16375749398673134,0.16375749398673134,0.16375749398673134,0.16375749398673134,0.16375749398673134,0.16375749398673134,0.16375749398673134,0.16221388420144406,0.16221388420144406,0.16221388420144406,0.16221388420144406,0.16221388420144406,0.16221388420144406,0.16221388420144406,0.16221388420144406,0.16221388420144406,0.16221388420144406,0.16221388420144406,0.16221388420144406,0.16221388420144406,0.16221388420144406,0.16221388420144406,0.16221388420144406,0.16221388420144406,0.16221388420144406,0.16221388420144406,0.16221388420144406,0.16221388420144406,0.16221388420144406,0.16221388420144406,0.16221388420144406,0.16221388420144406,0.1607010673050724,0.16070106730507216,0.16070106730507192,0.16070106730507216,0.1607010673050724,0.16070106730507216,0.16070106730507192,0.16070106730507192,0.16070106730507192,0.16070106730507216,0.16070106730507192,0.16070106730507192,0.16070106730507172,0.16070106730507192,0.16070106730507192,0.16070106730507216,0.16070106730507192,0.16070106730507192,0.16070106730507192,0.16070106730507216,0.1607010673050724,0.16070106730507216,0.16070106730507192,0.16070106730507216,0.1607010673050724,0.1592184516725941,0.15921845167259366,0.15921845167259321,0.15921845167259366,0.1592184516725941,0.15921845167259366,0.159218451672593,0.1592184516725928,0.159218451672593,0.15921845167259366,0.15921845167259321,0.1592184516725928,0.15921845167259235,0.1592184516725928,0.15921845167259321,0.15921845167259366,0.159218451672593,0.1592184516725928,0.159218451672593,0.15921845167259366,0.1592184516725941,0.15921845167259366,0.15921845167259321,0.15921845167259366,0.1592184516725941,0.1577654464487774,0.1577654464487757,0.15776544644877485,0.1577654464487757,0.1577654464487774,0.1577654464487757,0.15776544644877422,0.15776544644877316,0.15776544644877422,0.1577654464487757,0.15776544644877485,0.15776544644877316,0.15776544644877208,0.15776544644877316,0.15776544644877485,0.1577654464487757,0.15776544644877422,0.15776544644877316,0.15776544644877422,0.1577654464487757,0.1577654464487774,0.1577654464487757,0.15776544644877485,0.1577654464487757,0.1577654464487774,0.15634146276250308,0.15634146276249808,0.15634146276249491,0.15634146276249808,0.15634146276250308,0.15634146276249808,0.15634146276249283,0.1563414627624895,0.15634146276249283,0.15634146276249808,0.15634146276249491,0.1563414627624895,0.15634146276248614,0.1563414627624895,0.15634146276249491,0.15634146276249808,0.15634146276249283,0.1563414627624895,0.15634146276249283,0.15634146276249808,0.15634146276250308,0.15634146276249808,0.15634146276249491,0.15634146276249808,0.15634146276250308,0.1549459148138287,0.15494591481381373,0.1549459148138043,0.15494591481381373,0.1549459148138287,0.15494591481381373,0.15494591481379735,0.1549459148137869,0.15494591481379735,0.15494591481381373,0.1549459148138043,0.1549459148137869,0.15494591481377562,0.1549459148137869,0.1549459148138043,0.15494591481381373,0.15494591481379735,0.1549459148137869,0.15494591481379735,0.15494591481381373,0.1549459148138287,0.15494591481381373,0.1549459148138043,0.15494591481381373,0.1549459148138287,0.1535782208435033,0.15357822084345832,0.1535782208434292,0.15357822084345832,0.1535782208435033,0.15357822084345832,0.1535782208434073,0.15357822084337355,0.1535782208434073,0.15357822084345832,0.1535782208434292,0.15357822084337355,0.1535782208433358,0.15357822084337355,0.1535782208434292,0.15357822084345832,0.1535782208434073,0.15357822084337355,0.1535782208434073,0.15357822084345832,0.1535782208435033,0.15357822084345832,0.1535782208434292,0.15357822084345832,0.1535782208435033,0.15223780399409603,0.15223780399396317,0.15223780399387518,0.15223780399396317,0.15223780399409603,0.15223780399396317,0.15223780399380513,0.15223780399369524,0.15223780399380513,0.15223780399396317,0.15223780399387518,0.15223780399369524,0.1522378039935685,0.15223780399369524,0.152237803993875,0.15223780399396317,0.15223780399380513,0.15223780399369524,0.15223780399380513,0.15223780399396317,0.15223780399409603,0.15223780399396317,0.152237803993875,0.15223780399396317,0.15223780399409603,0.1509240930713817,0.15092409307100238,0.15092409307074023,0.15092409307100238,0.1509240930713817,0.15092409307100238,0.15092409307051932,0.150924093070163,0.15092409307051932,0.15092409307100238,0.15092409307074023,0.150924093070163,0.1509240930697162,0.150924093070163,0.15092409307074042,0.15092409307100238,0.15092409307051932,0.150924093070163,0.15092409307051932,0.15092409307100238,0.1509240930713817,0.15092409307100238,0.15092409307074042,0.15092409307100238,0.1509240930713817,0.1496365232141403,0.14963652321310467,0.14963652321234153,0.14963652321310467,0.1496365232141403,0.14963652321310467,0.1496365232116629,0.14963652321047868,0.1496365232116629,0.14963652321310467,0.14963652321234153,0.14963652321047868,0.14963652320878185,0.14963652321047868,0.14963652321234153,0.14963652321310467,0.1496365232116629,0.14963652321047868,0.1496365232116629,0.14963652321310467,0.1496365232141403,0.14963652321310467,0.14963652321234153,0.14963652321310467,0.1496365232141403,0.14837453648011154,0.14837453647747575,0.14837453647534207,0.14837453647747575,0.14837453648011154,0.14837453647747575,0.1483745364733444,0.1483745364693409,0.1483745364733444,0.14837453647747575,0.14837453647534207,0.1483745364693409,0.14837453646220422,0.1483745364693409,0.14837453647534207,0.14837453647747575,0.1483745364733444,0.1483745364693409,0.1483745364733444,0.14837453647747575,0.14837453648011154,0.14837453647747575,0.14837453647534207,0.14837453647747575,0.14837453648011154,0.14713758235544627,0.14713758234948665,0.1471375823439997,0.14713758234948665,0.14713758235544627,0.14713758234948665,0.1471375823386172,0.14713758232526614,0.1471375823386172,0.14713758234948665,0.1471375823439997,0.14713758232526614,0.14713758229135984,0.14713758232526597,0.1471375823439997,0.14713758234948665,0.1471375823386172,0.14713758232526597,0.1471375823386172,0.14713758234948665,0.14713758235544627,0.14713758234948665,0.1471375823439997,0.14713758234948665,0.14713758235544627,0.14592511819417514,0.14592511818326606,0.145925118171647,0.14592511818326606,0.14592511819417514,0.14592511818326606,0.14592511815987538,0.1459251181206564,0.14592511815987538,0.14592511818326606,0.145925118171647,0.1459251181206564,0.14592511793791577,0.1459251181206564,0.145925118171647,0.14592511818326606,0.14592511815987538,0.1459251181206564,0.14592511815987538,0.14592511818326606,0.14592511819417514,0.14592511818326606,0.145925118171647,0.14592511818326606,0.14592511819417514,0.144736609591503,0.1447366095779293,0.14473660956386233,0.1447366095779293,0.144736609591503,0.1447366095779293,0.14473660954964299,0.14473660950528325,0.14473660954964299,0.1447366095779293,0.14473660956386233,0.14473660950528325,0.14473660932150897,0.14473660950528325,0.14473660956386233,0.1447366095779293,0.14473660954964299,0.14473660950528325,0.14473660954964299,0.1447366095779293,0.144736609591503,0.1447366095779293,0.14473660956386233,0.1447366095779293,0.144736609591503,0.14357153069053938,0.1435715306759433,0.14357153066110764,0.1435715306759433,0.14357153069053938,0.1435715306759433,0.14357153064615666,0.14357153060102149,0.14357153064615666,0.1435715306759433,0.14357153066110764,0.14357153060102149,0.1435715304210939,0.14357153060102149,0.14357153066110764,0.1435715306759433,0.14357153064615666,0.14357153060102149,0.14357153064615666,0.1435715306759433,0.14357153069053938,0.1435715306759433,0.14357153066110764,0.1435715306759433,0.14357153069053938,0.14242936444494309,0.14242936443016246,0.14242936441493895,0.14242936443016246,0.14242936444494309,0.14242936443016246,0.14242936439952777,0.14242936435241813,0.14242936439952777,0.14242936443016246,0.14242936441493895,0.14242936435241813,0.1424293641624133,0.14242936435241813,0.14242936441493895,0.14242936443016246,0.14242936439952777,0.14242936435241813,0.14242936439952777,0.14242936443016246,0.14242936444494309,0.14242936443016246,0.14242936441493895,0.14242936443016246,0.14242936444494309,0.14130960283341887,0.14130960282000787,0.14130960280540972,0.14130960282000787,0.14130960283341887,0.14130960282000787,0.14130960279042706,0.14130960274161145,0.14130960279042706,0.14130960282000787,0.14130960280540972,0.14130960274161145,0.14130960253187116,0.14130960274161145,0.14130960280540972,0.14130960282000787,0.14130960279042706,0.14130960274161145,0.14130960279042706,0.14130960282000787,0.14130960283341887,0.14130960282000787,0.14130960280540972,0.14130960282000787,0.14130960283341887,0.14021174702712835,0.140211747019171,0.14021174700915653,0.140211747019171,0.14021174702712835,0.140211747019171,0.14021174699859273,0.14021174695814423,0.14021174699859273,0.140211747019171,0.14021174700915653,0.14021174695814423,0.14021174675194759,0.14021174695814423,0.14021174700915653,0.140211747019171,0.14021174699859273,0.14021174695814423,0.14021174699859273,0.140211747019171,0.14021174702712835,0.140211747019171,0.14021174700915653,0.140211747019171,0.14021174702712835,0.13913530751355319,0.13913530751805228,0.13913530752129386,0.13913530751805228,0.13913530751355319,0.13913530751805228,0.13913530752423983,0.13913530752788966,0.13913530752423983,0.13913530751805228,0.13913530752129386,0.13913530752788966,0.13913530752483147,0.13913530752788966,0.13913530752129386,0.13913530751805228,0.13913530752423983,0.13913530752788966,0.13913530752423983,0.13913530751805228,0.13913530751355319,0.13913530751805228,0.13913530752129386,0.13913530751805228,0.13913530751355319,0.13807980418357246,0.13807980420488525,0.13807980422652139,0.13807980420488525,0.13807980418357246,0.13807980420488525,0.13807980424850225,0.13807980430905925,0.13807980424850225,0.13807980420488525,0.13807980422652139,0.13807980430905925,0.13807980448148405,0.13807980430905925,0.13807980422652139,0.13807980420488525,0.13807980424850225,0.13807980430905925,0.13807980424850225,0.13807980420488525,0.13807980418357246,0.13807980420488525,0.13807980422652139,0.13807980420488525,0.13807980418357246,0.13704476639759297,0.137044766434581,0.13704476647967406,0.137044766434581,0.13704476639759297,0.137044766434581,0.13704476652649356,0.13704476671188967,0.13704476652649356,0.137044766434581,0.13704476647967406,0.13704476671188967,0.13704476774173957,0.13704476671188967,0.13704476647967406,0.137044766434581,0.13704476652649356,0.13704476671188967,0.13704476652649356,0.137044766434581,0.13704476639759297,0.137044766434581,0.13704476647967406,0.137044766434581,0.13704476639759297,0.13602973302853477,0.13602973305453742,0.13602973308004698,0.13602973305453742,0.13602973302853477,0.13602973305453742,0.13602973310566271,0.13602973317416292,0.13602973310566271,0.13602973305453742,0.13602973308004698,0.13602973317416292,0.1360297333644825,0.13602973317416292,0.13602973308004698,0.13602973305453742,0.13602973310566271,0.13602973317416292,0.13602973310566271,0.13602973305453742,0.13602973302853477,0.13602973305453742,0.13602973308004698,0.13602973305453742,0.13602973302853477,0.13503425252018447,0.13503425253650678,0.13503425254999482,0.13503425253650678,0.13503425252018447,0.13503425253650678,0.13503425256280524,0.13503425258890447,0.13503425256280524,0.13503425253650678,0.13503425254999482,0.13503425258890447,0.1350342526364013,0.13503425258890447,0.13503425254999482,0.13503425253650678,0.13503425256280524,0.13503425258890447,0.13503425256280524,0.13503425253650678,0.13503425252018447,0.13503425253650678,0.13503425254999482,0.13503425253650678,0.13503425252018447
0.16533248770540043,0.16533248770540043,0.16533248770540043,0.16533248770540043,0.16533248770540043,0.16533248770540043,0.16533248770540043,0.16533248770540043,0.16533248770540043,0.16533248770540043,0.16533248770540043,0.16533248770540043,0.16533248770540043,0.16533248770540043,0.16533248770540043,0.16533248770540043,0.16533248770540043,0.16533248770540043,0.16533248770540043,0.16533248770540043,0.16533248770540043,0.16533248770540043,0.16533248770540043,0.16533248770540043,0.16533248770540043,0.16375749398820835,0.16375749398820835,0.16375749398820835,0.16375749398820835,0.16375749398820835,0.16375749398820835,0.16375749398820835,0.16375749398820835,0.16375749398820835,0.16375749398820835,0.16375749398820835,0.16375749398820835,0.16375749398820835,0.16375749398820835,0.16375749398820835,0.16375749398820835,0.16375749398820835,0.16375749398820835,0.16375749398820835,0.16375749398820835,0.16375749398820835,0.16375749398820835,0.16375749398820835,0.16375749398820835,0.16375749398820835,0.16221388420289165,0.16221388420289165,0.16221388420289165,0.16221388420289165,0.16221388420289165,0.16221388420289165,0.16221388420289165,0.1622138842028914,0.16221388420289165,0.16221388420289165,0.16221388420289165,0.1622138842028914,0.1622138842028914,0.1622138842028914,0.16221388420289165,0.16221388420289165,0.16221388420289165,0.1622138842028914,0.16221388420289165,0.16221388420289165,0.16221388420289165,0.16221388420289165,0.16221388420289165,0.16221388420289165,0.16221388420289165,0.16070106730649084,0.16070106730649059,0.16070106730649036,0.16070106730649059,0.16070106730649084,0.16070106730649059,0.16070106730649036,0.16070106730649036,0.16070106730649036,0.16070106730649059,0.16070106730649036,0.16070106730649036,0.16070106730649014,0.16070106730649036,0.16070106730649036,0.16070106730649059,0.16070106730649036,0.16070106730649036,0.16070106730649036,0.16070106730649059,0.16070106730649084,0.16070106730649059,0.16070106730649036,0.16070106730649059,0.16070106730649084,0.159218451673984,0.15921845167398357,0.15921845167398335,0.15921845167398357,0.159218451673984,0.15921845167398357,0.15921845167398313,0.1592184516739827,0.15921845167398313,0.15921845167398357,0.15921845167398335,0.1592184516739827,0.1592184516739825,0.1592184516739827,0.15921845167398335,0.15921845167398357,0.15921845167398313,0.1592184516739827,0.15921845167398313,0.15921845167398357,0.159218451673984,0.15921845167398357,0.15921845167398335,0.15921845167398357,0.159218451673984,0.15776544645013935,0.15776544645013785,0.1577654464501368,0.15776544645013785,0.15776544645013935,0.15776544645013785,0.15776544645013613,0.15776544645013507,0.15776544645013613,0.15776544645013785,0.1577654464501368,0.15776544645013507,0.15776544645013402,0.15776544645013507,0.1577654464501368,0.15776544645013785,0.15776544645013613,0.15776544645013507,0.15776544645013613,0.15776544645013785,0.15776544645013935,0.15776544645013785,0.1577654464501368,0.15776544645013785,0.15776544645013935,0.15634146276383762,0.15634146276383257,0.15634146276382965,0.15634146276383257,0.15634146276383762,0.15634146276383257,0.15634146276382735,0.1563414627638242,0.15634146276382735,0.15634146276383257,0.15634146276382965,0.1563414627638242,0.15634146276382066,0.1563414627638242,0.15634146276382965,0.15634146276383257,0.15634146276382735,0.1563414627638242,0.15634146276382757,0.15634146276383257,0.15634146276383762,0.15634146276383257,0.15634146276382965,0.15634146276383257,0.15634146276383762,0.15494591481513637,0.1549459148151214,0.15494591481511197,0.1549459148151214,0.15494591481513637,0.1549459148151214,0.1549459148151052,0.15494591481509454,0.1549459148151052,0.1549459148151214,0.15494591481511197,0.15494591481509454,0.1549459148150835,0.15494591481509454,0.15494591481511197,0.1549459148151214,0.1549459148151052,0.15494591481509454,0.1549459148151052,0.1549459148151214,0.15494591481513637,0.1549459148151214,0.15494591481511197,0.1549459148151214,0.15494591481513637,0.15357822084478448,0.15357822084473946,0.15357822084471037,0.15357822084473946,0.15357822084478448,0.15357822084473946,0.1535782208446887,0.15357822084465494,0.1535782208446887,0.15357822084473946,0.15357822084471037,0.15357822084465494,0.1535782208446174,0.15357822084465494,0.15357822084471037,0.15357822084473946,0.1535782208446887,0.15357822084465494,0.1535782208446887,0.15357822084473946,0.15357822084478448,0.15357822084473946,0.15357822084471037,0.15357822084473946,0.15357822084478448,0.1522378039953507,0.1522378039952184,0.15223780399513043,0.1522378039952184,0.1522378039953507,0.1522378039952184,0.15223780399506076,0.15223780399495132,0.15223780399506076,0.1522378039952184,0.15223780399513043,0.15223780399495132,0.15223780399482492,0.15223780399495132,0.15223780399513043,0.1522378039952184,0.15223780399506076,0.15223780399495132,0.15223780399506076,0.1522378039952184,0.1522378039953507,0.1522378039952184,0.15223780399513043,0.1522378039952184,0.1522378039953507,0.1509240930726096,0.1509240930722317,0.15092409307197027,0.1509240930722317,0.1509240930726096,0.1509240930722317,0.15092409307174998,0.15092409307139482,0.15092409307174998,0.1509240930722317,0.15092409307197027,0.15092409307139482,0.15092409307094953,0.15092409307139482,0.15092409307197027,0.1509240930722317,0.15092409307174998,0.15092409307139482,0.15092409307174998,0.1509240930722317,0.1509240930726096,0.1509240930722317,0.15092409307197027,0.1509240930722317,0.1509240930726096,0.14963652321533946,0.14963652321430726,0.14963652321354656,0.14963652321430726,0.14963652321533946,0.14963652321430726,0.14963652321287002,0.14963652321168977,0.14963652321287002,0.14963652321430726,0.14963652321354656,0.14963652321168977,0.14963652320999804,0.14963652321168977,0.14963652321354656,0.14963652321430726,0.14963652321287002,0.14963652321168977,0.14963652321287002,0.14963652321430726,0.14963652321533946,0.14963652321430726,0.14963652321354656,0.14963652321430726,0.14963652321533946,0.14837453648127522,0.14837453647864837,0.1483745364765215,0.14837453647864837,0.14837453648127522,0.14837453647864837,0.14837453647453014,0.14837453647053941,0.14837453647453014,0.14837453647864837,0.1483745364765215,0.14837453647053941,0.1483745364634248,0.14837453647053941,0.1483745364765215,0.14837453647864837,0.14837453647453014,0.14837453647053941,0.14837453647453014,0.14837453647864837,0.14837453648127522,0.14837453647864837,0.1483745364765215,0.14837453647864837,0.14837453648127522,0.1471375823565571,0.14713758235061764,0.14713758234514868,0.14713758235061764,0.1471375823565571,0.14713758235061764,0.14713758233978383,0.1471375823264747,0.14713758233978383,0.14713758235061764,0.14713758234514868,0.1471375823264747,0.14713758229267213,0.1471375823264747,0.14713758234514868,0.14713758235061764,0.14713758233978383,0.1471375823264747,0.14713758233978383,0.14713758235061764,0.1471375823565571,0.14713758235061764,0.14713758234514868,0.14713758235061764,0.1471375823565571,0.1459251181951912,0.14592511818432088,0.14592511817274156,0.14592511818432088,0.1459251181951912,0.14592511818432088,0.14592511816100945,0.14592511812191583,0.14592511816100945,0.14592511818432088,0.14592511817274156,0.14592511812191583,0.14592511793971277,0.14592511812191583,0.14592511817274156,0.14592511818432088,0.14592511816100945,0.14592511812191583,0.14592511816100945,0.14592511818432088,0.1459251181951912,0.14592511818432088,0.14592511817274156,0.14592511818432088,0.1459251181951912,0.14473660959234347,0.14473660957882528,0.14473660956481382,0.14473660957882528,0.14473660959234347,0.14473660957882528,0.14473660955065,0.1447366095064571,0.14473660955065,0.14473660957882528,0.14473660956481382,0.1447366095064571,0.14473660932334542,0.1447366095064571,0.14473660956481382,0.14473660957882528,0.14473660955065,0.1447366095064571,0.14473660955065,0.14473660957882528,0.14473660959234347,0.14473660957882528,0.14473660956481382,0.14473660957882528,0.14473660959234347,0.1435715306910885,0.14357153067656356,0.14357153066179945,0.14357153067656356,0.1435715306910885,0.14357153067656356,0.14357153064692016,0.14357153060199787,0.14357153064692016,0.14357153067656356,0.14357153066179945,0.14357153060199787,0.14357153042289778,0.14357153060199787,0.14357153066179945,0.14357153067656356,0.14357153064692016,0.14357153060199787,0.14357153064692016,0.14357153067656356,0.1435715306910885,0.14357153067656356,0.14357153066179945,0.14357153067656356,0.1435715306910885,0.14242936444504958,0.14242936443035603,0.14242936441522194,0.14242936443035603,0.14242936444504958,0.14242936443035603,0.14242936439990134,0.14242936435306766,0.14242936439990134,0.14242936443035603,0.14242936441522194,0.14242936435306766,0.142429364164165,0.14242936435306766,0.14242936441522194,0.14242936443035603,0.14242936439990134,0.14242936435306766,0.14242936439990134,0.14242936443035603,0.14242936444504958,0.14242936443035603,0.14242936441522194,0.14242936443035603,0.14242936444504958,0.14130960283289737,0.1413096028195804,0.14130960280508506,0.1413096028195804,0.14130960283289737,0.1413096028195804,0.14130960279020813,0.14130960274173662,0.14130960279020813,0.1413096028195804,0.14130960280508506,0.14130960274173662,0.14130960253350583,0.14130960274173662,0.14130960280508506,0.1413096028195804,0.14130960279020813,0.14130960274173662,0.14130960279020813,0.1413096028195804,0.14130960283289737,0.1413096028195804,0.14130960280508506,0.1413096028195804,0.14130960283289737,0.14021174702577593,0.14021174701789016,0.1402117470079641,0.14021174701789016,0.14021174702577593,0.14021174701789016,0.1402117469974928,0.14021174695739827,0.1402117469974928,0.14021174701789016,0.1402117470079641,0.14021174695739827,0.1402117467530325,0.14021174695739827,0.1402117470079641,0.14021174701789016,0.1402117469974928,0.14021174695739827,0.1402117469974928,0.14021174701789016,0.14021174702577593,0.14021174701789016,0.1402117470079641,0.14021174701789016,0.14021174702577593,0.13913530751121045,0.13913530751570255,0.13913530751894354,0.13913530751570255,0.13913530751121045,0.13913530751570255,0.13913530752189057,0.13913530752556605,0.13913530752189057,0.13913530751570255,0.13913530751894354,0.13913530752556605,0.13913530752264794,0.13913530752556605,0.13913530751894354,0.13913530751570255,0.13913530752189057,0.13913530752556605,0.13913530752189057,0.13913530751570255,0.13913530751121045,0.13913530751570255,0.13913530751894354,0.13913530751570255,0.13913530751121045,0.1380798041802406,0.1380798042014444,0.13807980422296848,0.1380798042014444,0.1380798041802406,0.1380798042014444,0.1380798042448349,0.13807980430507252,0.1380798042448349,0.1380798042014444,0.13807980422296848,0.13807980430507252,0.13807980447657356,0.13807980430507252,0.13807980422296848,0.1380798042014444,0.1380798042448349,0.13807980430507252,0.1380798042448349,0.1380798042014444,0.1380798041802406,0.1380798042014444,0.13807980422296848,0.1380798042014444,0.1380798041802406,0.13704476639348276,0.13704476643027064,0.13704476647511818,0.13704476643027064,0.13704476639348276,0.13704476643027064,0.13704476652168246,0.13704476670606244,0.13704476652168246,0.13704476643027064,0.13704476647511818,0.13704476670606244,0.13704476773024962,0.13704476670606244,0.13704476647511818,0.13704476643027064,0.13704476652168246,0.13704476670606244,0.13704476652168246,0.13704476643027064,0.13704476639348276,0.13704476643027064,0.13704476647511818,0.13704476643027064,0.13704476639348276,0.13602973302404728,0.13602973304990812,0.13602973307527824,0.13602973304990812,0.13602973302404728,0.13602973304990812,0.1360297331007538,0.13602973316887843,0.1360297331007538,0.13602973304990812,0.13602973307527824,0.13602973316887843,0.1360297333581525,0.13602973316887843,0.13602973307527824,0.13602973304990812,0.1360297331007538,0.13602973316887843,0.1360297331007538,0.13602973304990812,0.13602973302404728,0.13602973304990812,0.13602973307527824,0.13602973304990812,0.13602973302404728,0.13503425251560458,0.13503425253183768,0.135034252545252,0.13503425253183768,0.13503425251560458,0.13503425253183768,0.1350342525579922,0.1350342525839483,0.1350342525579922,0.13503425253183768,0.135034252545252,0.1350342525839483,0.1350342526311845,0.1350342525839483,0.135034252545252,0.13503425253183768,0.1350342525579922,0.1350342525839483,0.1350342525579922,0.13503425253183768,0.13503425251560458,0.13503425253183768,0.135034252545252,0.13503425253183768,0.13503425251560458
0.1653324877069023,0.1653324877069023,0.1653324877069023,0.1653324877069023,0.1653324877069023,0.1653324877069023,0.1653324877069023,0.1653324877069023,0.1653324877069023,0.1653324877069023,0.1653324877069023,0.1653324877069023,0.1653324877069023,0.1653324877069023,0.1653324877069023,0.1653324877069023,0.1653324877069023,0.1653324877069023,0.1653324877069023,0.1653324877069023,0.1653324877069023,0.1653324877069023,0.1653324877069023,0.1653324877069023,0.1653324877069023,0.1637574939896803,0.1637574939896803,0.1637574939896803,0.1637574939896803,0.1637574939896803,0.1637574939896803,0.1637574939896803,0.1637574939896803,0.1637574939896803,0.1637574939896803,0.1637574939896803,0.1637574939896803,0.1637574939896803,0.1637574939896803,0.1637574939896803,0.1637574939896803,0.1637574939896803,0.1637574939896803,0.1637574939896803,0.1637574939896803,0.1637574939896803,0.1637574939896803,0.1637574939896803,0.1637574939896803,0.1637574939896803,0.1622138842043342,0.1622138842043342,0.16221388420433397,0.1622138842043342,0.1622138842043342,0.1622138842043342,0.16221388420433397,0.16221388420433397,0.16221388420433397,0.1622138842043342,0.16221388420433397,0.16221388420433397,0.16221388420433397,0.16221388420433397,0.16221388420433397,0.1622138842043342,0.16221388420433397,0.16221388420433397,0.16221388420433397,0.1622138842043342,0.1622138842043342,0.1622138842043342,0.16221388420433397,0.1622138842043342,0.1622138842043342,0.16070106730790437,0.16070106730790418,0.16070106730790393,0.16070106730790418,0.16070106730790437,0.16070106730790418,0.16070106730790393,0.16070106730790393,0.16070106730790393,0.16070106730790418,0.16070106730790393,0.16070106730790393,0.16070106730790373,0.16070106730790393,0.16070106730790418,0.16070106730790418,0.16070106730790393,0.16070106730790393,0.16070106730790393,0.16070106730790418,0.16070106730790437,0.16070106730790418,0.16070106730790418,0.16070106730790418,0.16070106730790437,0.15921845167536933,0.15921845167536866,0.15921845167536847,0.15921845167536866,0.15921845167536933,0.15921845167536866,0.15921845167536824,0.1592184516753678,0.15921845167536824,0.15921845167536866,0.15921845167536847,0.1592184516753678,0.15921845167536758,0.1592184516753678,0.15921845167536847,0.15921845167536866,0.15921845167536824,0.1592184516753678,0.15921845167536824,0.15921845167536866,0.15921845167536933,0.15921845167536866,0.15921845167536847,0.15921845167536866,0.15921845167536933,0.1577654464514968,0.15776544645149507,0.15776544645149404,0.15776544645149507,0.1577654464514968,0.15776544645149507,0.15776544645149337,0.15776544645149232,0.15776544645149337,0.15776544645149507,0.15776544645149404,0.15776544645149232,0.15776544645149124,0.15776544645149232,0.15776544645149404,0.15776544645149507,0.15776544645149337,0.15776544645149232,0.15776544645149337,0.15776544645149507,0.1577654464514968,0.15776544645149507,0.15776544645149404,0.15776544645149507,0.1577654464514968,0.15634146276516753,0.1563414627651625,0.1563414627651596,0.1563414627651625,0.15634146276516753,0.1563414627651625,0.15634146276515748,0.15634146276515415,0.15634146276515748,0.1563414627651625,0.1563414627651596,0.15634146276515415,0.1563414627651508,0.15634146276515415,0.1563414627651596,0.1563414627651625,0.15634146276515748,0.15634146276515415,0.15634146276515748,0.1563414627651625,0.15634146276516753,0.1563414627651625,0.1563414627651596,0.1563414627651625,0.15634146276516753,0.15494591481643932,0.15494591481642436,0.15494591481641493,0.15494591481642436,0.15494591481643932,0.15494591481642436,0.15494591481640818,0.15494591481639772,0.15494591481640818,0.15494591481642436,0.15494591481641493,0.15494591481639772,0.15494591481638664,0.15494591481639772,0.15494591481641493,0.15494591481642436,0.15494591481640818,0.15494591481639772,0.15494591481640818,0.15494591481642436,0.15494591481643932,0.15494591481642436,0.15494591481641493,0.15494591481642436,0.15494591481643932,0.15357822084606085,0.15357822084601605,0.15357822084598713,0.15357822084601605,0.15357822084606085,0.15357822084601605,0.15357822084596542,0.15357822084593192,0.15357822084596542,0.15357822084601605,0.15357822084598713,0.15357822084593192,0.15357822084589434,0.15357822084593192,0.15357822084598713,0.15357822084601605,0.15357822084596542,0.15357822084593192,0.15357822084596542,0.15357822084601605,0.15357822084606085,0.15357822084601605,0.15357822084598713,0.15357822084601605,0.15357822084606085,0.15223780399660083,0.1522378039964689,0.15223780399638134,0.1522378039964689,0.15223780399660083,0.1522378039964689,0.15223780399631187,0.15223780399620263,0.15223780399631187,0.1522378039964689,0.15223780399638134,0.15223780399620263,0.15223780399607684,0.15223780399620263,0.15223780399638134,0.1522378039964689,0.15223780399631187,0.15223780399620263,0.15223780399631187,0.1522378039964689,0.15223780399660083,0.1522378039964689,0.15223780399638134,0.1522378039964689,0.15223780399660083,0.15092409307383292,0.15092409307345633,0.1509240930731959,0.15092409307345633,0.15092409307383292,0.15092409307345633,0.15092409307297616,0.15092409307262217,0.15092409307297616,0.15092409307345633,0.1509240930731959,0.15092409307262217,0.15092409307217824,0.15092409307262217,0.1509240930731959,0.15092409307345633,0.15092409307297616,0.15092409307262217,0.15092409307297616,0.15092409307345633,0.15092409307383292,0.15092409307345633,0.1509240930731959,0.15092409307345633,0.15092409307383292,0.1496365232165341,0.14963652321550527,0.14963652321474705,0.14963652321550527,0.1496365232165341,0.14963652321550527,0.1496365232140726,0.1496365232128961,0.1496365232140726,0.14963652321550527,0.14963652321474705,0.1496365232128961,0.14963652321120968,0.1496365232128961,0.14963652321474705,0.14963652321550527,0.1496365232140726,0.1496365232128961,0.1496365232140726,0.14963652321550527,0.1496365232165341,0.14963652321550527,0.14963652321474705,0.14963652321550527,0.1496365232165341,0.14837453648243465,0.1483745364798163,0.1483745364776965,0.1483745364798163,0.14837453648243465,0.1483745364798163,0.14837453647571144,0.14837453647173332,0.14837453647571144,0.1483745364798163,0.1483745364776965,0.14837453647173332,0.14837453646464072,0.14837453647173332,0.1483745364776965,0.1483745364798163,0.14837453647571144,0.14837453647173332,0.14837453647571144,0.1483745364798163,0.14837453648243465,0.1483745364798163,0.1483745364776965,0.1483745364798163,0.14837453648243465,0.1471375823576634,0.1471375823517441,0.14713758234629312,0.1471375823517441,0.1471375823576634,0.1471375823517441,0.1471375823409457,0.14713758232767873,0.1471375823409457,0.1471375823517441,0.14713758234629312,0.14713758232767873,0.14713758229397972,0.14713758232767873,0.14713758234629312,0.1471375823517441,0.1471375823409457,0.14713758232767873,0.1471375823409457,0.1471375823517441,0.1471375823576634,0.1471375823517441,0.14713758234629312,0.1471375823517441,0.1471375823576634,0.14592511819620294,0.1459251181853715,0.1459251181738315,0.1459251181853715,0.14592511819620294,0.1459251181853715,0.14592511816213907,0.14592511812317047,0.14592511816213907,0.1459251181853715,0.1459251181738315,0.14592511812317047,0.1459251179415486,0.14592511812317047,0.1459251181738315,0.1459251181853715,0.14592511816213907,0.14592511812317047,0.14592511816213907,0.1459251181853715,0.14592511819620294,0.1459251181853715,0.1459251181738315,0.1459251181853715,0.14592511819620294,0.1447366095931799,0.14473660957971687,0.14473660956576073,0.14473660957971687,0.1447366095931799,0.14473660957971687,0.1447366095516526,0.1447366095076262,0.1447366095516526,0.14473660957971687,0.14473660956576073,0.1447366095076262,0.14473660932516738,0.1447366095076262,0.14473660956576073,0.14473660957971687,0.1447366095516526,0.1447366095076262,0.1447366095516526,0.14473660957971687,0.1447366095931799,0.14473660957971687,0.14473660956576073,0.14473660957971687,0.1447366095931799,0.14357153069163364,0.14357153067718012,0.14357153066248715,0.14357153067718012,0.14357153069163364,0.14357153067718012,0.14357153064767955,0.14357153060296945,0.14357153064767955,0.14357153067718012,0.14357153066248715,0.14357153060296945,0.14357153042470525,0.14357153060296945,0.14357153066248715,0.14357153067718012,0.14357153064767955,0.14357153060296945,0.14357153064767955,0.14357153067718012,0.14357153069163364,0.14357153067718012,0.14357153066248715,0.14357153067718012,0.14357153069163364,0.14242936444515328,0.14242936443054624,0.1424293644155014,0.14242936443054624,0.14242936444515328,0.14242936443054624,0.14242936440027107,0.14242936435371215,0.14242936440027107,0.14242936443054624,0.1424293644155014,0.14242936435371215,0.14242936416590488,0.14242936435371215,0.1424293644155014,0.14242936443054624,0.14242936440027107,0.14242936435371215,0.14242936440027107,0.14242936443054624,0.14242936444515328,0.14242936443054624,0.1424293644155014,0.14242936443054624,0.14242936444515328,0.14130960283237487,0.1413096028191513,0.1413096028047581,0.1413096028191513,0.14130960283237487,0.1413096028191513,0.14130960278998594,0.14130960274185667,0.14130960278998594,0.1413096028191513,0.1413096028047581,0.14130960274185667,0.14130960253506447,0.14130960274185667,0.1413096028047581,0.1413096028191513,0.14130960278998594,0.14130960274185667,0.14130960278998594,0.1413096028191513,0.14130960283237487,0.1413096028191513,0.1413096028047581,0.1413096028191513,0.14130960283237487,0.14021174702442574,0.1402117470166108,0.1402117470067721,0.1402117470166108,0.14021174702442574,0.1402117470166108,0.1402117469963924,0.14021174695664698,0.1402117469963924,0.1402117470166108,0.1402117470067721,0.14021174695664698,0.14021174675406112,0.14021174695664698,0.1402117470067721,0.1402117470166108,0.1402117469963924,0.14021174695664698,0.1402117469963924,0.1402117470166108,0.14021174702442574,0.1402117470166108,0.1402117470067721,0.1402117470166108,0.14021174702442574,0.1391353075088753,0.13913530751335998,0.1391353075166,0.13913530751335998,0.1391353075088753,0.13913530751335998,0.139135307519548,0.13913530752324782,0.139135307519548,0.13913530751335998,0.1391353075166,0.13913530752324782,0.1391353075204668,0.13913530752324782,0.1391353075166,0.13913530751335998,0.139135307519548,0.13913530752324782,0.139135307519548,0.13913530751335998,0.1391353075088753,0.13913530751335998,0.1391353075166,0.13913530751335998,0.1391353075088753,0.1380798041769218,0.13807980419801721,0.13807980421942967,0.13807980419801721,0.1380798041769218,0.13807980419801721,0.13807980424118244,0.13807980430110206,0.13807980424118244,0.13807980419801721,0.13807980421942967,0.13807980430110206,0.13807980447168464,0.13807980430110206,0.13807980421942967,0.13807980419801721,0.13807980424118244,0.13807980430110206,0.13807980424118244,0.13807980419801721,0.1380798041769218,0.13807980419801721,0.13807980421942967,0.13807980419801721,0.1380798041769218,0.13704476638939028,0.13704476642597915,0.13704476647058267,0.13704476642597915,0.13704476638939028,0.13704476642597915,0.13704476651689299,0.13704476670026317,0.13704476651689299,0.13704476642597915,0.13704476647058267,0.13704476670026317,0.13704476771883475,0.13704476670026317,0.13704476647058267,0.13704476642597915,0.13704476651689299,0.13704476670026317,0.13704476651689299,0.13704476642597915,0.13704476638939028,0.13704476642597915,0.13704476647058267,0.13704476642597915,0.13704476638939028,0.13602973301957974,0.1360297330452997,0.13602973307053132,0.1360297330452997,0.13602973301957974,0.1360297330452997,0.13602973309586747,0.1360297331636187,0.13602973309586747,0.1360297330452997,0.13602973307053132,0.1360297331636187,0.1360297333518538,0.1360297331636187,0.13602973307053132,0.1360297330452997,0.13602973309586747,0.1360297331636187,0.13602973309586747,0.1360297330452997,0.13602973301957974,0.1360297330452997,0.13602973307053132,0.1360297330452997,0.13602973301957974,0.13503425251104556,0.13503425252719004,0.135034252540531,0.13503425252719004,0.13503425251104556,0.13503425252719004,0.13503425255320142,0.13503425257901522,0.13503425255320128,0.13503425252719004,0.135034252540531,0.13503425257901522,0.1350342526259923,0.13503425257901522,0.135034252540531,0.13503425252719004,0.13503425255320128,0.13503425257901522,0.13503425255320128,0.13503425252719004,0.13503425251104556,0.13503425252719004,0.135034252540531,0.13503425252719004,0.13503425251104556
0.16533248770839845,0.16533248770839845,0.16533248770839845,0.16533248770839845,0.16533248770839845,0.16533248770839845,0.16533248770839845,0.16533248770839845,0.16533248770839845,0.16533248770839845,0.16533248770839845,0.16533248770839845,0.1653324877083982,0.16533248770839845,0.16533248770839845,0.16533248770839845,0.16533248770839845,0.16533248770839845,0.16533248770839845,0.16533248770839845,0.16533248770839845,0.16533248770839845,0.16533248770839845,0.16533248770839845,0.16533248770839845,0.16375749399114642,0.16375749399114642,0.16375749399114642,0.16375749399114642,0.16375749399114642,0.16375749399114642,0.16375749399114642,0.16375749399114642,0.16375749399114642,0.16375749399114642,0.16375749399114642,0.16375749399114642,0.16375749399114642,0.16375749399114642,0.16375749399114642,0.16375749399114642,0.16375749399114642,0.16375749399114642,0.16375749399114642,0.16375749399114642,0.16375749399114642,0.16375749399114642,0.16375749399114642,0.16375749399114642,0.16375749399114642,0.16221388420577088,0.16221388420577088,0.16221388420577088,0.16221388420577088,0.16221388420577088,0.16221388420577088,0.16221388420577088,0.16221388420577088,0.16221388420577088,0.16221388420577088,0.16221388420577088,0.16221388420577088,0.16221388420577065,0.16221388420577088,0.16221388420577088,0.16221388420577088,0.16221388420577088,0.16221388420577088,0.16221388420577088,0.16221388420577088,0.16221388420577088,0.16221388420577088,0.16221388420577088,0.16221388420577088,0.16221388420577088,0.1607010673093122,0.1607010673093122,0.16070106730931194,0.1607010673093122,0.1607010673093122,0.1607010673093122,0.16070106730931194,0.16070106730931172,0.16070106730931194,0.1607010673093122,0.16070106730931194,0.16070106730931172,0.16070106730931172,0.16070106730931172,0.16070106730931194,0.1607010673093122,0.16070106730931194,0.16070106730931172,0.16070106730931194,0.1607010673093122,0.1607010673093122,0.1607010673093122,0.16070106730931194,0.1607010673093122,0.1607010673093122,0.15921845167674878,0.15921845167674836,0.15921845167674814,0.15921845167674836,0.15921845167674878,0.15921845167674836,0.1592184516767479,0.15921845167674747,0.1592184516767479,0.15921845167674836,0.15921845167674814,0.15921845167674747,0.15921845167674725,0.15921845167674747,0.15921845167674814,0.15921845167674836,0.1592184516767479,0.15921845167674747,0.1592184516767479,0.15921845167674836,0.15921845167674878,0.15921845167674836,0.15921845167674814,0.15921845167674836,0.15921845167674878,0.15776544645284848,0.15776544645284699,0.1577654464528459,0.15776544645284699,0.15776544645284848,0.15776544645284699,0.15776544645284526,0.1577654464528442,0.15776544645284526,0.15776544645284699,0.1577654464528459,0.1577654464528442,0.15776544645284316,0.1577654464528442,0.1577654464528459,0.15776544645284699,0.15776544645284526,0.1577654464528442,0.15776544645284526,0.15776544645284699,0.15776544645284848,0.15776544645284699,0.1577654464528459,0.15776544645284699,0.15776544645284848,0.15634146276649202,0.15634146276648697,0.15634146276648406,0.15634146276648697,0.15634146276649202,0.15634146276648697,0.15634146276648175,0.15634146276647862,0.15634146276648175,0.15634146276648697,0.15634146276648406,0.15634146276647862,0.15634146276647526,0.15634146276647862,0.15634146276648406,0.15634146276648697,0.15634146276648175,0.15634146276647862,0.156341462766482,0.15634146276648697,0.15634146276649202,0.15634146276648697,0.15634146276648406,0.15634146276648697,0.15634146276649202,0.15494591481773695,0.154945914817722,0.15494591481771258,0.154945914817722,0.15494591481773695,0.154945914817722,0.15494591481770578,0.15494591481769554,0.15494591481770578,0.154945914817722,0.15494591481771258,0.15494591481769554,0.15494591481768427,0.15494591481769554,0.15494591481771258,0.154945914817722,0.15494591481770578,0.15494591481769554,0.15494591481770578,0.154945914817722,0.15494591481773695,0.154945914817722,0.15494591481771258,0.154945914817722,0.15494591481773695,0.15357822084733197,0.1535782208472874,0.15357822084725847,0.1535782208472874,0.15357822084733197,0.1535782208472874,0.15357822084723677,0.1535782208472032,0.15357822084723677,0.1535782208472874,0.15357822084725847,0.1535782208472032,0.15357822084716607,0.1535782208472032,0.15357822084725847,0.1535782208472874,0.15357822084723677,0.1535782208472032,0.15357822084723677,0.1535782208472874,0.15357822084733197,0.1535782208472874,0.15357822084725847,0.1535782208472874,0.15357822084733197,0.15223780399784562,0.15223780399771414,0.15223780399762693,0.15223780399771414,0.15223780399784562,0.15223780399771414,0.15223780399755743,0.15223780399744882,0.15223780399755743,0.15223780399771414,0.15223780399762693,0.15223780399744882,0.1522378039973232,0.15223780399744882,0.15223780399762693,0.15223780399771414,0.15223780399755743,0.15223780399744882,0.15223780399755743,0.15223780399771414,0.15223780399784562,0.15223780399771414,0.15223780399762693,0.15223780399771414,0.15223780399784562,0.1509240930750512,0.1509240930746756,0.15092409307441612,0.1509240930746756,0.1509240930750512,0.1509240930746756,0.15092409307419716,0.1509240930738443,0.15092409307419716,0.1509240930746756,0.15092409307441612,0.1509240930738443,0.15092409307340174,0.1509240930738443,0.15092409307441612,0.1509240930746756,0.15092409307419716,0.1509240930738443,0.15092409307419716,0.1509240930746756,0.1509240930750512,0.1509240930746756,0.15092409307441612,0.1509240930746756,0.1509240930750512,0.14963652321772344,0.14963652321669804,0.14963652321594226,0.14963652321669804,0.14963652321772344,0.14963652321669804,0.14963652321527005,0.14963652321409718,0.14963652321527005,0.14963652321669804,0.14963652321594226,0.14963652321409718,0.14963652321241602,0.14963652321409718,0.14963652321594226,0.14963652321669804,0.14963652321527005,0.14963652321409718,0.14963652321527005,0.14963652321669804,0.14963652321772344,0.14963652321669804,0.14963652321594226,0.14963652321669804,0.14963652321772344,0.1483745364835887,0.14837453648097906,0.1483745364788661,0.14837453648097906,0.1483745364835887,0.14837453648097906,0.14837453647688753,0.14837453647292204,0.14837453647688753,0.14837453648097906,0.1483745364788661,0.14837453647292204,0.1483745364658515,0.14837453647292204,0.1483745364788661,0.14837453648097906,0.14837453647688753,0.14837453647292204,0.14837453647688753,0.14837453648097906,0.1483745364835887,0.14837453648097906,0.1483745364788661,0.14837453648097906,0.1483745364835887,0.14713758235876442,0.14713758235286528,0.1471375823474323,0.14713758235286528,0.14713758235876442,0.14713758235286528,0.14713758234210228,0.1471375823288775,0.14713758234210228,0.14713758235286528,0.1471375823474323,0.1471375823288775,0.14713758229528184,0.1471375823288775,0.1471375823474323,0.14713758235286528,0.14713758234210228,0.1471375823288775,0.14713758234210228,0.14713758235286528,0.14713758235876442,0.14713758235286528,0.1471375823474323,0.14713758235286528,0.14713758235876442,0.1459251181972097,0.1459251181864169,0.14592511817491627,0.1459251181864169,0.1459251181972097,0.1459251181864169,0.1459251181632634,0.14592511812441977,0.1459251181632634,0.1459251181864169,0.14592511817491627,0.14592511812441977,0.14592511794333743,0.14592511812441977,0.14592511817491627,0.1459251181864169,0.1459251181632634,0.14592511812441977,0.1459251181632634,0.1459251181864169,0.1459251181972097,0.1459251181864169,0.14592511817491627,0.1459251181864169,0.1459251181972097,0.14473660959401163,0.14473660958060358,0.1447366095667028,0.14473660958060358,0.14473660959401163,0.14473660958060358,0.14473660955265,0.14473660950878978,0.14473660955265,0.14473660958060358,0.1447366095667028,0.14473660950878978,0.1447366093269984,0.14473660950878978,0.1447366095667028,0.14473660958060358,0.14473660955265,0.14473660950878978,0.14473660955265,0.14473660958060358,0.14473660959401163,0.14473660958060358,0.1447366095667028,0.14473660958060358,0.14473660959401163,0.14357153069217507,0.14357153067779216,0.14357153066317024,0.14357153067779216,0.14357153069217507,0.14357153067779216,0.1435715306484338,0.14357153060393557,0.1435715306484338,0.14357153067779216,0.14357153066317024,0.14357153060393557,0.1435715304264831,0.14357153060393557,0.14357153066317024,0.14357153067779216,0.1435715306484338,0.14357153060393557,0.1435715306484338,0.14357153067779216,0.14357153069217507,0.14357153067779216,0.14357153066317024,0.14357153067779216,0.14357153069217507,0.14242936444525428,0.1424293644307333,0.14242936441577705,0.1424293644307333,0.14242936444525428,0.1424293644307333,0.14242936440063658,0.1424293643543513,0.14242936440063658,0.1424293644307333,0.14242936441577705,0.1424293643543513,0.14242936416764665,0.1424293643543513,0.14242936441577705,0.1424293644307333,0.14242936440063658,0.1424293643543513,0.14242936440063658,0.1424293644307333,0.14242936444525428,0.1424293644307333,0.14242936441577705,0.1424293644307333,0.14242936444525428,0.1413096028318517,0.14130960281872107,0.14130960280442914,0.14130960281872107,0.1413096028318517,0.14130960281872107,0.14130960278976112,0.14130960274197146,0.14130960278976112,0.14130960281872107,0.14130960280442914,0.14130960274197146,0.1413096025366407,0.14130960274197146,0.14130960280442914,0.14130960281872107,0.14130960278976112,0.14130960274197146,0.14130960278976112,0.14130960281872107,0.1413096028318517,0.14130960281872107,0.14130960280442914,0.14130960281872107,0.1413096028318517,0.14021174702307881,0.140211747015334,0.14021174700558142,0.140211747015334,0.14021174702307881,0.140211747015334,0.14021174699529204,0.1402117469558915,0.14021174699529204,0.140211747015334,0.14021174700558142,0.1402117469558915,0.1402117467550888,0.1402117469558915,0.14021174700558142,0.140211747015334,0.14021174699529204,0.1402117469558915,0.14021174699529204,0.140211747015334,0.14021174702307881,0.140211747015334,0.14021174700558142,0.140211747015334,0.14021174702307881,0.13913530750654868,0.1391353075110258,0.13913530751426467,0.1391353075110258,0.13913530750654868,0.1391353075110258,0.13913530751721317,0.1391353075209367,0.13913530751721317,0.1391353075110258,0.13913530751426467,0.1391353075209367,0.13913530751828942,0.1391353075209367,0.13913530751426467,0.1391353075110258,0.13913530751721317,0.1391353075209367,0.13913530751721317,0.1391353075110258,0.13913530750654868,0.1391353075110258,0.13913530751426467,0.1391353075110258,0.13913530750654868,0.13807980417361787,0.13807980419460553,0.13807980421590696,0.13807980419460553,0.13807980417361787,0.13807980419460553,0.1380798042375467,0.1380798042971502,0.1380798042375467,0.13807980419460553,0.13807980421590696,0.1380798042971502,0.13807980446682008,0.1380798042971502,0.13807980421590696,0.13807980419460553,0.1380798042375467,0.1380798042971502,0.1380798042375467,0.13807980419460553,0.13807980417361787,0.13807980419460553,0.13807980421590696,0.13807980419460553,0.13807980417361787,0.13704476638531757,0.13704476642170882,0.13704476646606986,0.13704476642170882,0.13704476638531757,0.13704476642170882,0.1370447665121279,0.13704476669449492,0.1370447665121279,0.13704476642170882,0.13704476646606986,0.13704476669449492,0.13704476770746948,0.13704476669449492,0.13704476646606986,0.13704476642170882,0.1370447665121279,0.13704476669449492,0.1370447665121279,0.13704476642170882,0.13704476638531757,0.13704476642170882,0.13704476646606986,0.13704476642170882,0.13704476638531757,0.1360297330151346,0.13602973304071453,0.13602973306580837,0.13602973304071453,0.1360297330151346,0.13602973304071453,0.13602973309100613,0.13602973315838654,0.13602973309100613,0.13602973304071453,0.13602973306580837,0.13602973315838654,0.1360297333455894,0.13602973315838654,0.13602973306580837,0.13602973304071453,0.13602973309100613,0.13602973315838654,0.13602973309100613,0.13602973304071453,0.1360297330151346,0.13602973304071453,0.13602973306580837,0.13602973304071453,0.1360297330151346,0.13503425250650952,0.13503425252256585,0.13503425253583393,0.13503425252256585,0.13503425250650952,0.13503425252256585,0.13503425254843507,0.13503425257410773,0.13503425254843507,0.13503425252256585,0.13503425253583393,0.13503425257410773,0.13503425262082727,0.13503425257410773,0.13503425253583393,0.13503425252256585,0.13503425254843507,0.13503425257410773,0.13503425254843507,0.13503425252256585,0.13503425250650952,0.13503425252256585,0.13503425253583393,0.13503425252256585,0.13503425250650952
0.1653324877098875,0.1653324877098873,0.1653324877098873,0.1653324877098873,0.1653324877098875,0.1653324877098873,0.1653324877098873,0.1653324877098873,0.1653324877098873,0.1653324877098873,0.1653324877098873,0.1653324877098873,0.1653324877098873,0.1653324877098873,0.1653324877098873,0.1653324877098873,0.1653324877098873,0.1653324877098873,0.1653324877098873,0.1653324877098875,0.1653324877098875,0.1653324877098873,0.1653324877098873,0.1653324877098875,0.1653324877098875,0.16375749399260583,0.16375749399260583,0.16375749399260583,0.16375749399260583,0.16375749399260583,0.16375749399260583,0.16375749399260583,0.16375749399260583,0.16375749399260583,0.16375749399260583,0.16375749399260583,0.16375749399260583,0.16375749399260583,0.16375749399260583,0.16375749399260583,0.16375749399260583,0.16375749399260583,0.16375749399260583,0.16375749399260583,0.16375749399260583,0.16375749399260583,0.16375749399260583,0.16375749399260583,0.16375749399260583,0.16375749399260583,0.16221388420720098,0.16221388420720098,0.16221388420720098,0.16221388420720098,0.16221388420720098,0.16221388420720098,0.16221388420720098,0.16221388420720098,0.16221388420720098,0.16221388420720098,0.16221388420720098,0.16221388420720098,0.16221388420720098,0.16221388420720098,0.16221388420720098,0.16221388420720098,0.16221388420720098,0.16221388420720098,0.16221388420720098,0.16221388420720098,0.16221388420720098,0.16221388420720098,0.16221388420720098,0.16221388420720098,0.16221388420720098,0.16070106731071374,0.16070106731071349,0.16070106731071349,0.16070106731071349,0.16070106731071374,0.16070106731071349,0.1607010673107133,0.1607010673107133,0.1607010673107133,0.16070106731071349,0.16070106731071349,0.1607010673107133,0.16070106731071307,0.1607010673107133,0.16070106731071349,0.16070106731071349,0.1607010673107133,0.1607010673107133,0.1607010673107133,0.16070106731071349,0.16070106731071374,0.16070106731071349,0.16070106731071349,0.16070106731071349,0.16070106731071374,0.15921845167812212,0.1592184516781215,0.15921845167812126,0.1592184516781215,0.15921845167812212,0.1592184516781215,0.15921845167812104,0.15921845167812065,0.15921845167812104,0.1592184516781215,0.15921845167812126,0.15921845167812065,0.1592184516781204,0.15921845167812065,0.15921845167812126,0.1592184516781215,0.15921845167812104,0.15921845167812065,0.15921845167812104,0.1592184516781215,0.15921845167812212,0.1592184516781215,0.15921845167812126,0.1592184516781215,0.15921845167812212,0.15776544645419396,0.15776544645419227,0.1577654464541914,0.15776544645419227,0.15776544645419396,0.15776544645419227,0.15776544645419077,0.15776544645418972,0.15776544645419077,0.15776544645419227,0.1577654464541914,0.15776544645418972,0.15776544645418863,0.15776544645418972,0.1577654464541914,0.15776544645419227,0.15776544645419077,0.15776544645418972,0.15776544645419077,0.15776544645419227,0.15776544645419396,0.15776544645419227,0.1577654464541914,0.15776544645419227,0.15776544645419396,0.15634146276781022,0.1563414627678052,0.15634146276780228,0.1563414627678052,0.15634146276781022,0.1563414627678052,0.15634146276780017,0.15634146276779684,0.15634146276780017,0.1563414627678052,0.15634146276780228,0.15634146276779684,0.15634146276779348,0.15634146276779684,0.15634146276780228,0.1563414627678052,0.15634146276780017,0.15634146276779684,0.15634146276780017,0.1563414627678052,0.15634146276781022,0.1563414627678052,0.15634146276780228,0.1563414627678052,0.15634146276781022,0.15494591481902822,0.15494591481901346,0.15494591481900405,0.15494591481901346,0.15494591481902822,0.15494591481901346,0.15494591481899728,0.15494591481898703,0.15494591481899728,0.15494591481901346,0.15494591481900405,0.15494591481898703,0.15494591481897596,0.15494591481898703,0.15494591481900405,0.15494591481901346,0.15494591481899728,0.15494591481898703,0.15494591481899728,0.15494591481901346,0.15494591481902822,0.15494591481901346,0.15494591481900405,0.15494591481901346,0.15494591481902822,0.1535782208485969,0.1535782208485525,0.15357822084852357,0.1535782208485525,0.1535782208485969,0.1535782208485525,0.1535782208485021,0.15357822084846875,0.1535782208485021,0.1535782208485525,0.15357822084852357,0.15357822084846875,0.1535782208484316,0.15357822084846875,0.15357822084852357,0.1535782208485525,0.1535782208485021,0.15357822084846875,0.1535782208485021,0.1535782208485525,0.1535782208485969,0.1535782208485525,0.15357822084852357,0.1535782208485525,0.1535782208485969,0.15223780399908435,0.15223780399895342,0.15223780399886644,0.15223780399895342,0.15223780399908435,0.15223780399895342,0.15223780399879736,0.1522378039986889,0.15223780399879736,0.15223780399895342,0.15223780399886644,0.1522378039986889,0.15223780399856368,0.1522378039986889,0.15223780399886644,0.15223780399895342,0.15223780399879736,0.1522378039986889,0.15223780399879736,0.15223780399895342,0.15223780399908435,0.15223780399895342,0.15223780399886644,0.15223780399895342,0.15223780399908435,0.1509240930762633,0.15092409307588905,0.15092409307563015,0.15092409307588905,0.1509240930762633,0.15092409307588905,0.15092409307541196,0.15092409307506027,0.15092409307541196,0.15092409307588905,0.15092409307563015,0.15092409307506027,0.15092409307461907,0.15092409307506027,0.15092409307563015,0.15092409307588905,0.15092409307541196,0.15092409307506027,0.15092409307541196,0.15092409307588905,0.1509240930762633,0.15092409307588905,0.15092409307563015,0.15092409307588905,0.1509240930762633,0.14963652321890691,0.14963652321788473,0.14963652321713158,0.14963652321788473,0.14963652321890691,0.14963652321788473,0.14963652321646148,0.14963652321529236,0.14963652321646148,0.14963652321788473,0.14963652321713158,0.14963652321529236,0.14963652321361653,0.14963652321529236,0.14963652321713158,0.14963652321788473,0.14963652321646148,0.14963652321529236,0.14963652321646148,0.14963652321788473,0.14963652321890691,0.14963652321788473,0.14963652321713158,0.14963652321788473,0.14963652321890691,0.14837453648473678,0.1483745364821359,0.1483745364800298,0.1483745364821359,0.14837453648473678,0.1483745364821359,0.1483745364780577,0.1483745364741048,0.1483745364780577,0.1483745364821359,0.1483745364800298,0.1483745364741048,0.14837453646705615,0.1483745364741048,0.1483745364800298,0.1483745364821359,0.1483745364780577,0.1483745364741048,0.1483745364780577,0.1483745364821359,0.14837453648473678,0.1483745364821359,0.1483745364800298,0.1483745364821359,0.14837453648473678,0.14713758235985983,0.14713758235398067,0.14713758234856564,0.14713758235398067,0.14713758235985983,0.14713758235398067,0.1471375823432531,0.14713758233007024,0.1471375823432531,0.14713758235398067,0.14713758234856564,0.14713758233007024,0.14713758229657758,0.14713758233007024,0.14713758234856564,0.14713758235398067,0.1471375823432531,0.14713758233007024,0.1471375823432531,0.14713758235398067,0.14713758235985983,0.14713758235398067,0.14713758234856564,0.14713758235398067,0.14713758235986,0.14592511819821077,0.1459251181874566,0.14592511817599552,0.1459251181874566,0.14592511819821077,0.1459251181874566,0.145925118164382,0.14592511812566283,0.145925118164382,0.1459251181874566,0.14592511817599552,0.14592511812566283,0.1459251179451195,0.14592511812566283,0.14592511817599552,0.1459251181874566,0.145925118164382,0.14592511812566283,0.145925118164382,0.1459251181874566,0.14592511819821077,0.1459251181874566,0.14592511817599552,0.1459251181874566,0.14592511819821077,0.1447366095948385,0.14473660958148524,0.14473660956763945,0.14473660958148524,0.1447366095948385,0.14473660958148524,0.14473660955364176,0.1447366095099474,0.14473660955364176,0.14473660958148524,0.14473660956763945,0.1447366095099474,0.14473660932883778,0.1447366095099474,0.14473660956763945,0.14473660958148524,0.14473660955364176,0.1447366095099474,0.14473660955364176,0.14473660958148524,0.1447366095948385,0.14473660958148524,0.14473660956763945,0.14473660958148524,0.1447366095948385,0.14357153069271217,0.14357153067839978,0.1435715306638487,0.14357153067839978,0.14357153069271217,0.14357153067839978,0.1435715306491833,0.14357153060489583,0.1435715306491833,0.14357153067839978,0.1435715306638487,0.14357153060489583,0.1435715304282844,0.14357153060489583,0.1435715306638487,0.14357153067839978,0.1435715306491833,0.14357153060489583,0.1435715306491833,0.14357153067839978,0.14357153069271217,0.14357153067839978,0.1435715306638487,0.14357153067839978,0.14357153069271217,0.14242936444535256,0.14242936443091733,0.14242936441604914,0.14242936443091733,0.14242936444535256,0.14242936443091733,0.14242936440099793,0.1424293643549849,0.14242936440099793,0.14242936443091733,0.14242936441604914,0.1424293643549849,0.1424293641693671,0.1424293643549849,0.14242936441604914,0.14242936443091733,0.14242936440099793,0.1424293643549849,0.14242936440099793,0.14242936443091733,0.14242936444535256,0.14242936443091733,0.14242936441604914,0.14242936443091733,0.14242936444535256,0.1413096028313287,0.14130960281829,0.14130960280409857,0.14130960281829,0.1413096028313287,0.14130960281829,0.14130960278953383,0.14130960274208135,0.14130960278953383,0.14130960281829,0.14130960280409857,0.14130960274208135,0.14130960253817157,0.14130960274208135,0.14130960280409857,0.14130960281829,0.14130960278953383,0.14130960274208135,0.14130960278953383,0.14130960281829,0.1413096028313287,0.14130960281829,0.14130960280409857,0.14130960281829,0.1413096028313287,0.14021174702173606,0.14021174701406042,0.14021174700439315,0.14021174701406042,0.14021174702173606,0.14021174701406042,0.14021174699419292,0.1402117469551328,0.14021174699419292,0.14021174701406042,0.14021174700439315,0.1402117469551328,0.1402117467561013,0.1402117469551328,0.14021174700439315,0.14021174701406042,0.14021174699419292,0.1402117469551328,0.14021174699419292,0.14021174701406042,0.14021174702173606,0.14021174701406042,0.14021174700439315,0.14021174701406042,0.14021174702173606,0.13913530750423247,0.13913530750870168,0.13913530751193917,0.13913530750870168,0.13913530750423247,0.13913530750870168,0.13913530751488798,0.13913530751863426,0.13913530751488798,0.13913530750870168,0.13913530751193917,0.13913530751863426,0.13913530751611775,0.13913530751863426,0.13913530751193917,0.13913530750870168,0.13913530751488798,0.13913530751863426,0.13913530751488798,0.13913530750870168,0.13913530750423247,0.13913530750870168,0.13913530751193917,0.13913530750870168,0.13913530750423247,0.1380798041703307,0.13807980419121102,0.13807980421240224,0.13807980419121102,0.1380798041703307,0.13807980419121102,0.13807980423392946,0.13807980429321898,0.13807980423392946,0.13807980419121102,0.13807980421240224,0.13807980429321898,0.138079804461982,0.13807980429321898,0.13807980421240224,0.13807980419121102,0.13807980423392946,0.13807980429321898,0.13807980423392946,0.13807980419121102,0.1380798041703307,0.13807980419121102,0.13807980421240224,0.13807980419121102,0.1380798041703307,0.13704476638126692,0.13704476641746174,0.13704476646158179,0.13704476641746174,0.13704476638126692,0.13704476641746174,0.13704476650738961,0.1370447666887601,0.13704476650738961,0.13704476641746174,0.13704476646158179,0.1370447666887601,0.13704476769619145,0.1370447666887601,0.13704476646158179,0.13704476641746174,0.13704476650738961,0.1370447666887601,0.13704476650738961,0.13704476641746174,0.13704476638126692,0.13704476641746174,0.13704476646158179,0.13704476641746174,0.13704476638126692,0.13602973301071403,0.13602973303615484,0.13602973306111213,0.13602973303615484,0.13602973301071403,0.13602973303615484,0.13602973308617242,0.1360297331531844,0.13602973308617242,0.13602973303615484,0.13602973306111213,0.1360297331531844,0.13602973333936214,0.1360297331531844,0.13602973306111213,0.13602973303615484,0.13602973308617242,0.1360297331531844,0.13602973308617242,0.13602973303615484,0.13602973301071403,0.13602973303615484,0.13602973306111213,0.13602973303615484,0.13602973301071403,0.1350342525019988,0.13503425251796763,0.13503425253116338,0.13503425251796763,0.1350342525019988,0.13503425251796763,0.13503425254369575,0.13503425256922805,0.13503425254369575,0.13503425251796763,0.13503425253116338,0.13503425256922805,0.13503425261569196,0.13503425256922805,0.13503425253116338,0.13503425251796763,0.13503425254369575,0.13503425256922805,0.13503425254369575,0.13503425251796763,0.1350342525019988,0.13503425251796763,0.13503425253116338,0.13503425251796763,0.1350342525019988
0.1653324877113688,0.1653324877113688,0.1653324877113688,0.1653324877113688,0.1653324877113688,0.1653324877113688,0.1653324877113688,0.1653324877113688,0.1653324877113688,0.1653324877113688,0.1653324877113688,0.1653324877113688,0.1653324877113688,0.1653324877113688,0.1653324877113688,0.1653324877113688,0.1653324877113688,0.1653324877113688,0.1653324877113688,0.1653324877113688,0.1653324877113688,0.1653324877113688,0.1653324877113688,0.1653324877113688,0.1653324877113688,0.16375749399405787,0.16375749399405762,0.16375749399405762,0.16375749399405762,0.16375749399405762,0.16375749399405762,0.16375749399405762,0.16375749399405762,0.16375749399405762,0.16375749399405762,0.16375749399405762,0.16375749399405762,0.16375749399405762,0.16375749399405762,0.16375749399405762,0.16375749399405762,0.16375749399405762,0.16375749399405762,0.16375749399405762,0.16375749399405762,0.16375749399405762,0.16375749399405762,0.16375749399405762,0.16375749399405762,0.16375749399405762,0.16221388420862384,0.16221388420862384,0.16221388420862384,0.16221388420862384,0.16221388420862384,0.16221388420862384,0.16221388420862384,0.16221388420862384,0.16221388420862384,0.16221388420862384,0.16221388420862384,0.16221388420862384,0.16221388420862384,0.16221388420862384,0.16221388420862384,0.16221388420862384,0.16221388420862384,0.16221388420862384,0.16221388420862384,0.16221388420862384,0.16221388420862384,0.16221388420862384,0.16221388420862384,0.16221388420862384,0.16221388420862384,0.16070106731210795,0.16070106731210773,0.16070106731210773,0.16070106731210773,0.16070106731210795,0.16070106731210773,0.1607010673121075,0.1607010673121075,0.1607010673121075,0.16070106731210773,0.16070106731210773,0.1607010673121075,0.16070106731210732,0.1607010673121075,0.16070106731210773,0.16070106731210773,0.1607010673121075,0.1607010673121075,0.1607010673121075,0.16070106731210773,0.16070106731210795,0.16070106731210773,0.16070106731210773,0.16070106731210773,0.16070106731210795,0.15921845167948834,0.15921845167948767,0.15921845167948742,0.15921845167948767,0.15921845167948834,0.15921845167948767,0.15921845167948723,0.1592184516794868,0.15921845167948723,0.15921845167948767,0.15921845167948742,0.1592184516794868,0.15921845167948656,0.1592184516794868,0.15921845167948742,0.15921845167948767,0.15921845167948723,0.1592184516794868,0.15921845167948723,0.15921845167948767,0.15921845167948834,0.15921845167948767,0.15921845167948742,0.15921845167948767,0.15921845167948834,0.15776544645553245,0.15776544645553095,0.15776544645552987,0.15776544645553095,0.15776544645553245,0.15776544645553095,0.15776544645552926,0.15776544645552817,0.15776544645552926,0.15776544645553095,0.15776544645552987,0.15776544645552817,0.15776544645552712,0.15776544645552817,0.15776544645552987,0.15776544645553095,0.15776544645552926,0.15776544645552817,0.15776544645552926,0.15776544645553095,0.15776544645553245,0.15776544645553095,0.15776544645552987,0.15776544645553095,0.15776544645553245,0.15634146276912153,0.15634146276911673,0.15634146276911356,0.15634146276911673,0.15634146276912153,0.15634146276911673,0.15634146276911148,0.15634146276910835,0.15634146276911148,0.15634146276911673,0.15634146276911356,0.15634146276910835,0.1563414627691048,0.15634146276910835,0.15634146276911356,0.15634146276911673,0.15634146276911148,0.15634146276910835,0.15634146276911148,0.15634146276911673,0.15634146276912153,0.15634146276911673,0.15634146276911356,0.15634146276911673,0.15634146276912153,0.15494591482031295,0.15494591482029818,0.15494591482028877,0.15494591482029818,0.15494591482031295,0.15494591482029818,0.15494591482028222,0.15494591482027176,0.15494591482028222,0.15494591482029818,0.15494591482028877,0.15494591482027176,0.15494591482026068,0.15494591482027176,0.15494591482028877,0.15494591482029818,0.15494591482028222,0.15494591482027176,0.15494591482028222,0.15494591482029818,0.15494591482031295,0.15494591482029818,0.15494591482028877,0.15494591482029818,0.15494591482031295,0.15357822084985534,0.153578220849811,0.1535782208497823,0.153578220849811,0.15357822084985534,0.153578220849811,0.15357822084976078,0.15357822084972741,0.15357822084976078,0.153578220849811,0.1535782208497823,0.15357822084972741,0.15357822084969047,0.15357822084972741,0.1535782208497823,0.153578220849811,0.15357822084976078,0.15357822084972741,0.15357822084976078,0.153578220849811,0.15357822084985534,0.153578220849811,0.1535782208497823,0.153578220849811,0.15357822084985534,0.15223780400031656,0.15223780400018605,0.15223780400009923,0.15223780400018605,0.15223780400031656,0.15223780400018605,0.15223780400003034,0.1522378039999223,0.15223780400003034,0.15223780400018605,0.15223780400009923,0.1522378039999223,0.1522378039997977,0.1522378039999223,0.15223780400009923,0.15223780400018605,0.15223780400003034,0.1522378039999223,0.15223780400003034,0.15223780400018605,0.15223780400031656,0.15223780400018605,0.15223780400009923,0.15223780400018605,0.15223780400031656,0.15092409307746887,0.15092409307709598,0.15092409307683805,0.15092409307709598,0.15092409307746887,0.15092409307709598,0.1509240930766204,0.1509240930762699,0.1509240930766204,0.15092409307709598,0.15092409307683805,0.1509240930762699,0.15092409307583002,0.1509240930762699,0.15092409307683805,0.15092409307709598,0.1509240930766204,0.1509240930762699,0.1509240930766204,0.15092409307709598,0.15092409307746887,0.15092409307709598,0.15092409307683805,0.15092409307709598,0.15092409307746887,0.14963652322008394,0.14963652321906518,0.14963652321831433,0.14963652321906518,0.14963652322008394,0.14963652321906518,0.14963652321764648,0.14963652321648116,0.14963652321764648,0.14963652321906518,0.14963652321831433,0.14963652321648116,0.1496365232148104,0.14963652321648116,0.14963652321831433,0.14963652321906518,0.14963652321764648,0.14963652321648116,0.14963652321764648,0.14963652321906518,0.14963652322008394,0.14963652321906518,0.14963652321831433,0.14963652321906518,0.14963652322008394,0.14837453648587878,0.1483745364832864,0.14837453648118717,0.1483745364832864,0.14837453648587878,0.1483745364832864,0.14837453647922155,0.1483745364752811,0.14837453647922155,0.1483745364832864,0.14837453648118717,0.1483745364752811,0.14837453646825433,0.1483745364752811,0.14837453648118717,0.1483745364832864,0.14837453647922155,0.1483745364752811,0.14837453647922155,0.1483745364832864,0.14837453648587878,0.1483745364832864,0.14837453648118717,0.1483745364832864,0.14837453648587878,0.14713758236094923,0.14713758235508986,0.14713758234969282,0.14713758235508986,0.14713758236094923,0.14713758235508986,0.14713758234439753,0.14713758233125646,0.14713758234439753,0.14713758235508986,0.14713758234969282,0.14713758233125646,0.1471375822978666,0.14713758233125646,0.14713758234969282,0.14713758235508986,0.14713758234439753,0.14713758233125646,0.14713758234439753,0.14713758235508986,0.14713758236094923,0.14713758235508986,0.14713758234969282,0.14713758235508986,0.14713758236094923,0.14592511819920614,0.14592511818849024,0.14592511817706832,0.14592511818849024,0.14592511819920614,0.14592511818849024,0.14592511816549417,0.1459251181268993,0.14592511816549417,0.14592511818849024,0.14592511817706832,0.1459251181268993,0.14592511794691387,0.1459251181268993,0.14592511817706832,0.14592511818849024,0.14592511816549417,0.1459251181268993,0.14592511816549417,0.14592511818849024,0.14592511819920614,0.14592511818849024,0.14592511817706832,0.14592511818849024,0.14592511819920614,0.14473660959565993,0.14473660958236112,0.1447366095685703,0.14473660958236112,0.14473660959565993,0.14473660958236112,0.1447366095546276,0.14473660951109837,0.1447366095546276,0.14473660958236112,0.1447366095685703,0.14473660951109837,0.1447366093306182,0.14473660951109837,0.1447366095685703,0.14473660958236112,0.1447366095546276,0.14473660951109837,0.1447366095546276,0.14473660958236112,0.14473660959565993,0.14473660958236112,0.1447366095685703,0.14473660958236112,0.14473660959565993,0.14357153069324505,0.1435715306790028,0.14357153066452202,0.1435715306790028,0.14357153069324505,0.1435715306790028,0.1435715306499273,0.1435715306058498,0.1435715306499273,0.1435715306790028,0.14357153066452202,0.1435715306058498,0.14357153043005935,0.1435715306058498,0.14357153066452202,0.1435715306790028,0.1435715306499273,0.1435715306058498,0.1435715306499273,0.1435715306790028,0.14357153069324505,0.1435715306790028,0.14357153066452202,0.1435715306790028,0.14357153069324505,0.14242936444544818,0.14242936443109816,0.1424293644163177,0.14242936443109816,0.14242936444544818,0.14242936443109816,0.14242936440135523,0.14242936435561293,0.14242936440135523,0.14242936443109816,0.1424293644163177,0.14242936435561293,0.14242936417108507,0.14242936435561293,0.1424293644163177,0.14242936443109816,0.14242936440135523,0.14242936435561293,0.14242936440135523,0.14242936443109816,0.14242936444544818,0.14242936443109816,0.1424293644163177,0.14242936443109816,0.14242936444544818,0.14130960283080604,0.14130960281785843,0.14130960280376686,0.14130960281785843,0.14130960283080604,0.14130960281785843,0.14130960278930457,0.14130960274218676,0.14130960278930457,0.14130960281785843,0.14130960280376686,0.14130960274218676,0.14130960253973956,0.14130960274218676,0.14130960280376686,0.14130960281785843,0.14130960278930457,0.14130960274218676,0.14130960278930457,0.14130960281785843,0.14130960283080604,0.14130960281785843,0.14130960280376686,0.14130960281785843,0.14130960283080604,0.1402117470203983,0.14021174701279088,0.14021174700320777,0.14021174701279088,0.1402117470203983,0.14021174701279088,0.14021174699309594,0.14021174695437172,0.14021174699309594,0.14021174701279088,0.14021174700320777,0.14021174695437172,0.14021174675705672,0.14021174695437172,0.14021174700320777,0.14021174701279088,0.14021174699309594,0.14021174695437172,0.14021174699309594,0.14021174701279088,0.1402117470203983,0.14021174701279088,0.14021174700320777,0.14021174701279088,0.1402117470203983,0.13913530750192754,0.13913530750638883,0.13913530750962474,0.13913530750638883,0.13913530750192754,0.13913530750638883,0.13913530751257353,0.13913530751634148,0.13913530751257353,0.13913530750638883,0.13913530750962474,0.13913530751634148,0.13913530751395306,0.13913530751634148,0.13913530750962474,0.13913530750638883,0.13913530751257353,0.13913530751634148,0.13913530751257353,0.13913530750638883,0.13913530750192754,0.13913530750638883,0.13913530750962474,0.13913530750638883,0.13913530750192754,0.13807980416706164,0.1380798041878353,0.13807980420891708,0.1380798041878353,0.13807980416706164,0.1380798041878353,0.13807980423033264,0.13807980428931005,0.13807980423033264,0.1380798041878353,0.13807980420891708,0.13807980428931005,0.1380798044571726,0.13807980428931005,0.13807980420891708,0.1380798041878353,0.13807980423033264,0.13807980428931005,0.13807980423033264,0.1380798041878353,0.13807980416706164,0.1380798041878353,0.13807980420891708,0.1380798041878353,0.13807980416706164,0.13704476637724,0.1370447664132397,0.13704476645712077,0.1370447664132397,0.13704476637724,0.1370447664132397,0.13704476650267985,0.13704476668306137,0.13704476650267985,0.1370447664132397,0.13704476645712077,0.13704476668306137,0.13704476768496404,0.13704476668306137,0.13704476645712077,0.1370447664132397,0.13704476650267985,0.13704476668306137,0.13704476650267985,0.1370447664132397,0.13704476637724,0.1370447664132397,0.13704476645712077,0.1370447664132397,0.13704476637724,0.13602973300631985,0.13602973303162277,0.1360297330564442,0.13602973303162277,0.13602973300631985,0.13602973303162277,0.13602973308136806,0.13602973314801442,0.13602973308136806,0.13602973303162277,0.1360297330564442,0.13602973314801442,0.1360297333331745,0.13602973314801442,0.1360297330564442,0.13602973303162277,0.13602973308136806,0.13602973314801442,0.13602973308136806,0.13602973303162277,0.13602973300631985,0.13602973303162277,0.1360297330564442,0.13602973303162277,0.13602973300631985,0.1350342524975154,0.13503425251339737,0.13503425252652115,0.13503425251339737,0.1350342524975154,0.13503425251339737,0.13503425253898527,0.13503425256437818,0.13503425253898527,0.13503425251339737,0.13503425252652115,0.13503425256437818,0.1350342526105882,0.13503425256437818,0.13503425252652115,0.13503425251339737,0.13503425253898527,0.13503425256437818,0.13503425253898527,0.13503425251339737,0.1350342524975154,0.13503425251339737,0.13503425252652115,0.13503425251339737,0.1350342524975154
0.16533248771284206,0.16533248771284206,0.16533248771284206,0.16533248771284206,0.16533248771284206,0.16533248771284206,0.16533248771284206,0.16533248771284206,0.16533248771284206,0.16533248771284206,0.16533248771284206,0.16533248771284206,0.16533248771284206,0.16533248771284206,0.16533248771284206,0.16533248771284206,0.16533248771284206,0.16533248771284206,0.16533248771284206,0.16533248771284206,0.16533248771284206,0.16533248771284206,0.16533248771284206,0.16533248771284206,0.16533248771284206,0.16375749399550157,0.16375749399550157,0.16375749399550157,0.16375749399550157,0.16375749399550157,0.16375749399550157,0.16375749399550157,0.16375749399550157,0.16375749399550157,0.16375749399550157,0.16375749399550157,0.16375749399550157,0.16375749399550157,0.16375749399550157,0.16375749399550157,0.16375749399550157,0.16375749399550157,0.16375749399550157,0.16375749399550157,0.16375749399550157,0.16375749399550157,0.16375749399550157,0.16375749399550157,0.16375749399550157,0.16375749399550157,0.16221388421003874,0.16221388421003874,0.16221388421003874,0.16221388421003874,0.16221388421003874,0.16221388421003874,0.16221388421003874,0.16221388421003874,0.16221388421003874,0.16221388421003874,0.16221388421003874,0.16221388421003874,0.16221388421003852,0.16221388421003874,0.16221388421003874,0.16221388421003874,0.16221388421003874,0.16221388421003874,0.16221388421003874,0.16221388421003874,0.16221388421003874,0.16221388421003874,0.16221388421003874,0.16221388421003874,0.16221388421003874,0.1607010673134944,0.16070106731349418,0.16070106731349418,0.16070106731349418,0.1607010673134944,0.16070106731349418,0.16070106731349398,0.16070106731349398,0.16070106731349398,0.16070106731349418,0.16070106731349418,0.16070106731349398,0.16070106731349376,0.16070106731349398,0.16070106731349418,0.16070106731349418,0.16070106731349398,0.16070106731349398,0.16070106731349398,0.16070106731349418,0.1607010673134944,0.16070106731349418,0.16070106731349418,0.16070106731349418,0.1607010673134944,0.15921845168084664,0.15921845168084622,0.15921845168084578,0.15921845168084622,0.15921845168084664,0.15921845168084622,0.15921845168084556,0.15921845168084536,0.15921845168084556,0.15921845168084622,0.15921845168084578,0.15921845168084536,0.1592184516808449,0.15921845168084536,0.15921845168084578,0.15921845168084622,0.15921845168084556,0.15921845168084536,0.15921845168084556,0.15921845168084622,0.15921845168084664,0.15921845168084622,0.15921845168084578,0.15921845168084622,0.15921845168084664,0.15776544645686344,0.15776544645686194,0.15776544645686086,0.15776544645686194,0.15776544645686344,0.15776544645686194,0.15776544645686022,0.15776544645685917,0.15776544645686022,0.15776544645686194,0.15776544645686086,0.15776544645685917,0.15776544645685808,0.15776544645685917,0.15776544645686086,0.15776544645686194,0.15776544645686022,0.15776544645685917,0.15776544645686022,0.15776544645686194,0.15776544645686344,0.15776544645686194,0.15776544645686086,0.15776544645686194,0.15776544645686344,0.15634146277042552,0.15634146277042069,0.15634146277041758,0.15634146277042069,0.15634146277042552,0.15634146277042069,0.15634146277041547,0.15634146277041233,0.15634146277041547,0.15634146277042069,0.15634146277041758,0.15634146277041233,0.15634146277040878,0.15634146277041233,0.15634146277041758,0.15634146277042069,0.15634146277041547,0.15634146277041233,0.15634146277041547,0.15634146277042069,0.15634146277042552,0.15634146277042069,0.15634146277041758,0.15634146277042069,0.15634146277042552,0.15494591482159029,0.15494591482157574,0.1549459148215663,0.15494591482157574,0.15494591482159029,0.15494591482157574,0.15494591482155956,0.1549459148215493,0.15494591482155956,0.15494591482157574,0.1549459148215663,0.1549459148215493,0.15494591482153824,0.1549459148215493,0.1549459148215663,0.15494591482157574,0.15494591482155956,0.1549459148215493,0.15494591482155956,0.15494591482157574,0.15494591482159029,0.15494591482157574,0.1549459148215663,0.15494591482157574,0.15494591482159029,0.15357822085110642,0.15357822085106224,0.15357822085103373,0.15357822085106224,0.15357822085110642,0.15357822085106224,0.15357822085101222,0.15357822085097908,0.15357822085101222,0.15357822085106224,0.15357822085103373,0.15357822085097908,0.15357822085094214,0.15357822085097908,0.15357822085103373,0.15357822085106224,0.15357822085101222,0.15357822085097908,0.15357822085101222,0.15357822085106224,0.15357822085110642,0.15357822085106224,0.15357822085103373,0.15357822085106224,0.15357822085110642,0.1522378040015417,0.1522378040014116,0.15223780400132517,0.1522378040014116,0.1522378040015417,0.1522378040014116,0.15223780400125647,0.15223780400114878,0.15223780400125647,0.1522378040014116,0.15223780400132517,0.15223780400114878,0.15223780400102438,0.15223780400114878,0.15223780400132517,0.1522378040014116,0.15223780400125647,0.15223780400114878,0.15223780400125647,0.1522378040014116,0.1522378040015417,0.1522378040014116,0.15223780400132517,0.1522378040014116,0.1522378040015417,0.15092409307866766,0.15092409307829574,0.15092409307803878,0.15092409307829574,0.15092409307866766,0.15092409307829574,0.15092409307782173,0.15092409307747234,0.15092409307782173,0.15092409307829574,0.15092409307803878,0.15092409307747234,0.15092409307703403,0.15092409307747234,0.15092409307803878,0.15092409307829574,0.15092409307782173,0.15092409307747234,0.15092409307782173,0.15092409307829574,0.15092409307866766,0.15092409307829574,0.15092409307803878,0.15092409307829574,0.15092409307866766,0.149636523221254,0.14963652322023863,0.14963652321949023,0.14963652322023863,0.149636523221254,0.14963652322023863,0.14963652321882448,0.14963652321766271,0.14963652321882448,0.14963652322023863,0.14963652321949023,0.14963652321766271,0.14963652321599746,0.14963652321766271,0.14963652321949023,0.14963652322023863,0.14963652321882448,0.14963652321766271,0.14963652321882448,0.14963652322023863,0.149636523221254,0.14963652322023863,0.14963652321949023,0.14963652322023863,0.149636523221254,0.14837453648701396,0.14837453648443008,0.1483745364823379,0.14837453648443008,0.14837453648701396,0.14837453648443008,0.1483745364803784,0.14837453647645052,0.1483745364803784,0.14837453648443008,0.1483745364823379,0.14837453647645052,0.14837453646944543,0.14837453647645052,0.1483745364823379,0.14837453648443008,0.1483745364803784,0.14837453647645052,0.1483745364803784,0.14837453648443008,0.14837453648701396,0.14837453648443008,0.1483745364823379,0.14837453648443008,0.14837453648701396,0.1471375823620317,0.14713758235619234,0.14713758235081312,0.14713758235619234,0.1471375823620317,0.14713758235619234,0.14713758234553506,0.1471375823324358,0.14713758234553506,0.14713758235619234,0.14713758235081312,0.1471375823324358,0.14713758229914822,0.1471375823324358,0.14713758235081312,0.14713758235619234,0.14713758234553506,0.1471375823324358,0.14713758234553506,0.14713758235619234,0.1471375823620317,0.14713758235619234,0.14713758235081312,0.14713758235619234,0.1471375823620317,0.1459251182001953,0.1459251181895177,0.14592511817813478,0.1459251181895177,0.1459251182001953,0.1459251181895177,0.1459251181665996,0.14592511812812847,0.1459251181665996,0.1459251181895177,0.14592511817813478,0.14592511812812847,0.14592511794867796,0.14592511812812847,0.14592511817813478,0.1459251181895177,0.1459251181665996,0.14592511812812847,0.1459251181665996,0.1459251181895177,0.1459251182001953,0.1459251181895177,0.14592511817813478,0.1459251181895177,0.1459251182001953,0.14473660959647558,0.14473660958323126,0.14473660956949505,0.14473660958323126,0.14473660959647558,0.14473660958323126,0.144736609555607,0.1447366095122422,0.144736609555607,0.14473660958323126,0.14473660956949505,0.1447366095122422,0.14473660933243143,0.1447366095122422,0.14473660956949505,0.14473660958323126,0.144736609555607,0.1447366095122422,0.144736609555607,0.14473660958323126,0.14473660959647558,0.14473660958323126,0.14473660956949505,0.14473660958323126,0.14473660959647558,0.14357153069377326,0.14357153067960102,0.1435715306651902,0.14357153067960102,0.14357153069377326,0.14357153067960102,0.1435715306506658,0.14357153060679725,0.1435715306506658,0.14357153067960102,0.1435715306651902,0.14357153060679725,0.1435715304318177,0.14357153060679725,0.1435715306651902,0.14357153067960102,0.1435715306506658,0.14357153060679725,0.1435715306506658,0.14357153067960102,0.14357153069377326,0.14357153067960102,0.1435715306651902,0.14357153067960102,0.14357153069377326,0.1424293644455416,0.142429364431276,0.1424293644165826,0.142429364431276,0.1424293644455416,0.142429364431276,0.1424293644017082,0.14242936435623516,0.1424293644017082,0.142429364431276,0.1424293644165826,0.14242936435623516,0.14242936417279028,0.14242936435623516,0.1424293644165826,0.142429364431276,0.1424293644017082,0.14242936435623516,0.1424293644017082,0.142429364431276,0.1424293644455416,0.142429364431276,0.1424293644165826,0.142429364431276,0.1424293644455416,0.14130960283028401,0.14130960281742688,0.14130960280343413,0.14130960281742688,0.14130960283028401,0.14130960281742688,0.14130960278907348,0.14130960274228757,0.14130960278907348,0.14130960281742688,0.14130960280343413,0.14130960274228757,0.1413096025412538,0.14130960274228757,0.14130960280343413,0.14130960281742688,0.14130960278907348,0.14130960274228757,0.14130960278907348,0.14130960281742688,0.14130960283028401,0.14130960281742688,0.14130960280343413,0.14130960281742688,0.14130960283028401,0.1402117470190662,0.14021174701152633,0.14021174700202627,0.14021174701152633,0.1402117470190662,0.14021174701152633,0.14021174699200137,0.14021174695360883,0.14021174699200137,0.14021174701152633,0.14021174700202627,0.14021174695360883,0.1402117467580263,0.14021174695360883,0.14021174700202627,0.14021174701152633,0.14021174699200137,0.14021174695360883,0.14021174699200137,0.14021174701152633,0.1402117470190662,0.14021174701152633,0.14021174700202627,0.14021174701152633,0.1402117470190662,0.1391353074996349,0.13913530750408798,0.139135307507322,0.13913530750408798,0.1391353074996349,0.13913530750408798,0.13913530751027062,0.13913530751405978,0.13913530751027062,0.13913530750408798,0.139135307507322,0.13913530751405978,0.13913530751179642,0.13913530751405978,0.139135307507322,0.13913530750408798,0.13913530751027062,0.13913530751405978,0.13913530751027062,0.13913530750408798,0.1391353074996349,0.13913530750408798,0.139135307507322,0.13913530750408798,0.1391353074996349,0.13807980416381196,0.13807980418447974,0.13807980420545282,0.13807980418447974,0.13807980416381196,0.13807980418447974,0.1380798042267574,0.1380798042854252,0.1380798042267574,0.13807980418447974,0.13807980420545282,0.1380798042854252,0.13807980445239362,0.1380798042854252,0.13807980420545282,0.13807980418447974,0.1380798042267574,0.1380798042854252,0.1380798042267574,0.13807980418447974,0.13807980416381196,0.13807980418447974,0.13807980420545282,0.13807980418447974,0.13807980416381196,0.13704476637323815,0.1370447664090445,0.13704476645268804,0.1370447664090445,0.13704476637323815,0.1370447664090445,0.13704476649800054,0.13704476667740045,0.13704476649800054,0.1370447664090445,0.13704476645268804,0.13704476667740045,0.1370447676738534,0.13704476667740045,0.13704476645268804,0.1370447664090445,0.13704476649800054,0.13704476667740045,0.13704476649800054,0.1370447664090445,0.13704476637323815,0.1370447664090445,0.13704476645268804,0.1370447664090445,0.13704476637323815,0.13602973300195387,0.13602973302711974,0.13602973305180638,0.13602973302711974,0.13602973300195387,0.13602973302711974,0.13602973307659472,0.13602973314287845,0.13602973307659472,0.13602973302711974,0.13602973305180638,0.13602973314287845,0.13602973332702864,0.13602973314287845,0.13602973305180638,0.13602973302711974,0.13602973307659472,0.13602973314287845,0.13602973307659472,0.13602973302711974,0.13602973300195387,0.13602973302711974,0.13602973305180638,0.13602973302711974,0.13602973300195387,0.13503425249306067,0.13503425250885653,0.13503425252190893,0.13503425250885653,0.13503425249306067,0.13503425250885653,0.13503425253430518,0.13503425255956003,0.13503425253430518,0.13503425250885653,0.13503425252190893,0.13503425255956003,0.13503425260551824,0.13503425255956003,0.13503425252190893,0.13503425250885653,0.13503425253430518,0.13503425255956003,0.13503425253430518,0.13503425250885653,0.13503425249306067,0.13503425250885653,0.13503425252190893,0.13503425250885653,0.13503425249306067
0.16533248771430664,0.16533248771430664,0.16533248771430664,0.16533248771430664,0.16533248771430664,0.16533248771430664,0.16533248771430664,0.16533248771430664,0.16533248771430664,0.16533248771430664,0.16533248771430664,0.16533248771430664,0.16533248771430664,0.16533248771430664,0.16533248771430664,0.16533248771430664,0.16533248771430664,0.16533248771430664,0.16533248771430664,0.16533248771430664,0.16533248771430664,0.16533248771430664,0.16533248771430664,0.16533248771430664,0.16533248771430664,0.16375749399693673,0.16375749399693673,0.16375749399693673,0.16375749399693673,0.16375749399693673,0.16375749399693673,0.16375749399693673,0.16375749399693673,0.16375749399693673,0.16375749399693673,0.16375749399693673,0.16375749399693673,0.16375749399693673,0.16375749399693673,0.16375749399693673,0.16375749399693673,0.16375749399693673,0.16375749399693673,0.16375749399693673,0.16375749399693673,0.16375749399693673,0.16375749399693673,0.16375749399693673,0.16375749399693673,0.16375749399693673,0.16221388421144528,0.16221388421144503,0.16221388421144503,0.16221388421144503,0.16221388421144528,0.16221388421144503,0.16221388421144503,0.16221388421144503,0.16221388421144503,0.16221388421144503,0.16221388421144503,0.16221388421144503,0.16221388421144503,0.16221388421144503,0.16221388421144503,0.16221388421144503,0.16221388421144503,0.16221388421144503,0.16221388421144503,0.16221388421144503,0.16221388421144528,0.16221388421144503,0.16221388421144503,0.16221388421144503,0.16221388421144528,0.1607010673148724,0.1607010673148724,0.1607010673148722,0.1607010673148724,0.1607010673148724,0.1607010673148724,0.1607010673148722,0.16070106731487196,0.1607010673148722,0.1607010673148724,0.1607010673148722,0.16070106731487196,0.16070106731487196,0.16070106731487196,0.1607010673148722,0.1607010673148724,0.1607010673148722,0.16070106731487196,0.1607010673148722,0.1607010673148724,0.1607010673148724,0.1607010673148724,0.1607010673148722,0.1607010673148724,0.1607010673148724,0.15921845168219692,0.15921845168219648,0.15921845168219628,0.15921845168219648,0.15921845168219692,0.15921845168219648,0.15921845168219606,0.15921845168219562,0.15921845168219606,0.15921845168219648,0.15921845168219628,0.15921845168219562,0.15921845168219542,0.15921845168219562,0.15921845168219628,0.15921845168219648,0.15921845168219606,0.15921845168219562,0.15921845168219606,0.15921845168219648,0.15921845168219692,0.15921845168219648,0.15921845168219628,0.15921845168219648,0.15921845168219692,0.1577654464581863,0.15776544645818483,0.15776544645818397,0.15776544645818483,0.1577654464581863,0.15776544645818483,0.1577654464581831,0.15776544645818225,0.15776544645818333,0.15776544645818483,0.15776544645818397,0.15776544645818225,0.1577654464581812,0.15776544645818225,0.15776544645818397,0.15776544645818483,0.15776544645818333,0.15776544645818225,0.15776544645818333,0.15776544645818483,0.1577654464581863,0.15776544645818483,0.15776544645818397,0.15776544645818483,0.1577654464581863,0.1563414627717216,0.15634146277171676,0.1563414627717136,0.15634146277171676,0.1563414627717216,0.15634146277171676,0.15634146277171151,0.15634146277170838,0.15634146277171151,0.15634146277171676,0.1563414627717136,0.15634146277170838,0.15634146277170505,0.15634146277170838,0.1563414627717136,0.15634146277171676,0.15634146277171151,0.15634146277170838,0.15634146277171151,0.15634146277171676,0.1563414627717216,0.15634146277171676,0.1563414627717136,0.15634146277171676,0.1563414627717216,0.15494591482286005,0.15494591482284528,0.15494591482283607,0.15494591482284528,0.15494591482286005,0.15494591482284528,0.1549459148228293,0.15494591482281908,0.1549459148228293,0.15494591482284528,0.15494591482283607,0.15494591482281908,0.1549459148228082,0.15494591482281908,0.15494591482283607,0.15494591482284528,0.1549459148228293,0.15494591482281908,0.1549459148228293,0.15494591482284528,0.15494591482286005,0.15494591482284528,0.15494591482283607,0.15494591482284528,0.15494591482286005,0.15357822085235004,0.15357822085230588,0.15357822085227754,0.15357822085230588,0.15357822085235004,0.15357822085230588,0.15357822085225606,0.1535782208522231,0.15357822085225606,0.15357822085230588,0.15357822085227754,0.1535782208522231,0.15357822085218614,0.1535782208522231,0.15357822085227754,0.15357822085230588,0.15357822085225606,0.1535782208522231,0.15357822085225606,0.15357822085230588,0.15357822085235004,0.15357822085230588,0.15357822085227754,0.15357822085230588,0.15357822085235004,0.15223780400275932,0.1522378040026296,0.1522378040025434,0.1522378040026296,0.15223780400275932,0.1522378040026296,0.1522378040024749,0.1522378040023676,0.1522378040024749,0.1522378040026296,0.1522378040025434,0.1522378040023676,0.1522378040022436,0.1522378040023676,0.1522378040025434,0.1522378040026296,0.1522378040024749,0.1522378040023676,0.1522378040024749,0.1522378040026296,0.15223780400275932,0.1522378040026296,0.1522378040025434,0.1522378040026296,0.15223780400275932,0.150924093079859,0.1509240930794882,0.15092409307923196,0.1509240930794882,0.150924093079859,0.1509240930794882,0.15092409307901591,0.15092409307866747,0.15092409307901591,0.1509240930794882,0.15092409307923196,0.15092409307866747,0.15092409307823054,0.15092409307866747,0.15092409307923196,0.1509240930794882,0.15092409307901591,0.15092409307866747,0.15092409307901591,0.1509240930794882,0.150924093079859,0.1509240930794882,0.15092409307923196,0.1509240930794882,0.150924093079859,0.14963652322241688,0.1496365232214049,0.14963652322065896,0.1496365232214049,0.14963652322241688,0.1496365232214049,0.14963652321999527,0.14963652321883733,0.14963652321999527,0.1496365232214049,0.14963652322065896,0.14963652321883733,0.14963652321717716,0.14963652321883733,0.14963652322065896,0.1496365232214049,0.14963652321999527,0.14963652321883733,0.14963652321999527,0.1496365232214049,0.14963652322241688,0.1496365232214049,0.14963652322065896,0.1496365232214049,0.14963652322241688,0.14837453648814186,0.1483745364855667,0.1483745364834812,0.1483745364855667,0.14837453648814186,0.1483745364855667,0.148374536481528,0.14837453647761253,0.148374536481528,0.1483745364855667,0.1483745364834812,0.14837453647761253,0.14837453647062931,0.14837453647761253,0.1483745364834812,0.1483745364855667,0.148374536481528,0.14837453647761253,0.148374536481528,0.1483745364855667,0.14837453648814186,0.1483745364855667,0.1483745364834812,0.1483745364855667,0.14837453648814186,0.14713758236310748,0.1471375823572879,0.1471375823519263,0.1471375823572879,0.14713758236310748,0.1471375823572879,0.14713758234666552,0.14713758233360766,0.14713758234666552,0.1471375823572879,0.1471375823519263,0.14713758233360766,0.14713758230042237,0.14713758233360766,0.1471375823519263,0.1471375823572879,0.14713758234666552,0.14713758233360766,0.14713758234666552,0.1471375823572879,0.14713758236310748,0.1471375823572879,0.1471375823519263,0.1471375823572879,0.14713758236310748,0.14592511820117768,0.1459251181905382,0.14592511817919424,0.1459251181905382,0.14592511820117768,0.1459251181905382,0.14592511816769807,0.1459251181293502,0.14592511816769807,0.1459251181905382,0.14592511817919424,0.1459251181293502,0.1459251179504326,0.1459251181293502,0.14592511817919424,0.1459251181905382,0.14592511816769807,0.1459251181293502,0.14592511816769807,0.1459251181905382,0.14592511820117768,0.1459251181905382,0.14592511817919424,0.1459251181905382,0.14592511820117768,0.14473660959728551,0.1447366095840953,0.14473660957041337,0.1447366095840953,0.14473660959728551,0.1447366095840953,0.14473660955657977,0.14473660951337886,0.14473660955657977,0.1447366095840953,0.14473660957041337,0.14473660951337886,0.14473660933422355,0.14473660951337886,0.14473660957041337,0.1447366095840953,0.14473660955657977,0.14473660951337886,0.14473660955657977,0.1447366095840953,0.14473660959728551,0.1447366095840953,0.14473660957041337,0.1447366095840953,0.14473660959728551,0.1435715306942972,0.14357153068019426,0.1435715306658531,0.14357153068019426,0.1435715306942972,0.14357153068019426,0.14357153065139852,0.14357153060773786,0.14357153065139852,0.14357153068019426,0.1435715306658531,0.14357153060773786,0.14357153043358514,0.14357153060773786,0.1435715306658531,0.14357153068019426,0.14357153065139852,0.14357153060773786,0.14357153065139852,0.14357153068019426,0.1435715306942972,0.14357153068019426,0.1435715306658531,0.14357153068019426,0.1435715306942972,0.14242936444563253,0.1424293644314508,0.14242936441684392,0.1424293644314508,0.14242936444563253,0.1424293644314508,0.14242936440205728,0.14242936435685147,0.14242936440205728,0.1424293644314508,0.14242936441684392,0.14242936435685147,0.1424293641744864,0.14242936435685147,0.14242936441684392,0.1424293644314508,0.14242936440205728,0.14242936435685147,0.14242936440205728,0.1424293644314508,0.14242936444563253,0.1424293644314508,0.14242936441684392,0.1424293644314508,0.14242936444563253,0.14130960282976332,0.14130960281699584,0.14130960280310093,0.14130960281699584,0.14130960282976332,0.14130960281699584,0.14130960278884094,0.1413096027423843,0.14130960278884094,0.14130960281699584,0.14130960280310093,0.1413096027423843,0.1413096025427534,0.1413096027423843,0.14130960280310093,0.14130960281699584,0.14130960278884094,0.1413096027423843,0.14130960278884094,0.14130960281699584,0.14130960282976332,0.14130960281699584,0.14130960280310093,0.14130960281699584,0.14130960282976332,0.14021174701774053,0.14021174701026726,0.14021174700084915,0.14021174701026726,0.14021174701774053,0.14021174701026726,0.1402117469909103,0.1402117469528451,0.1402117469909103,0.14021174701026726,0.14021174700084915,0.1402117469528451,0.14021174675891257,0.1402117469528451,0.14021174700084915,0.14021174701026726,0.1402117469909103,0.1402117469528451,0.1402117469909103,0.14021174701026726,0.14021174701774053,0.14021174701026726,0.14021174700084915,0.14021174701026726,0.14021174701774053,0.1391353074973556,0.13913530750180042,0.13913530750503236,0.13913530750180042,0.1391353074973556,0.13913530750180042,0.1391353075079807,0.13913530751179007,0.1391353075079807,0.13913530750180042,0.13913530750503236,0.13913530751179007,0.1391353075096491,0.13913530751179007,0.13913530750503236,0.13913530750180042,0.1391353075079807,0.13913530751179007,0.1391353075079807,0.13913530750180042,0.1391353074973556,0.13913530750180042,0.13913530750503236,0.13913530750180042,0.1391353074973556,0.1380798041605829,0.13807980418114577,0.13807980420201074,0.13807980418114577,0.1380798041605829,0.13807980418114577,0.1380798042232052,0.1380798042815656,0.1380798042232052,0.13807980418114577,0.13807980420201074,0.1380798042815656,0.13807980444764686,0.1380798042815656,0.13807980420201074,0.13807980418114577,0.1380798042232052,0.1380798042815656,0.1380798042232052,0.13807980418114577,0.1380798041605829,0.13807980418114577,0.13807980420201074,0.13807980418114577,0.1380798041605829,0.1370447663692629,0.13704476640487726,0.13704476644828542,0.13704476640487726,0.1370447663692629,0.13704476640487726,0.13704476649335295,0.13704476667177923,0.13704476649335295,0.13704476640487726,0.13704476644828542,0.13704476667177923,0.1370447676628252,0.13704476667177923,0.13704476644828542,0.13704476640487726,0.13704476649335295,0.13704476667177923,0.13704476649335295,0.13704476640487726,0.1370447663692629,0.13704476640487726,0.13704476644828542,0.13704476640487726,0.1370447663692629,0.13602973299761742,0.13602973302264731,0.13602973304720037,0.13602973302264731,0.13602973299761742,0.13602973302264731,0.13602973307185431,0.13602973313777797,0.13602973307185431,0.13602973302264731,0.13602973304720037,0.13602973313777797,0.13602973332092658,0.13602973313777797,0.13602973304720037,0.13602973302264731,0.13602973307185431,0.13602973313777797,0.13602973307185431,0.13602973302264731,0.13602973299761742,0.13602973302264731,0.13602973304720037,0.13602973302264731,0.13602973299761742,0.13503425248863635,0.13503425250434667,0.13503425251732845,0.13503425250434667,0.13503425248863635,0.13503425250434667,0.1350342525296574,0.13503425255477497,0.1350342525296574,0.13503425250434667,0.13503425251732845,0.13503425255477497,0.13503425260048338,0.13503425255477497,0.13503425251732845,0.13503425250434667,0.1350342525296574,0.13503425255477497,0.1350342525296574,0.13503425250434667,0.13503425248863635,0.13503425250434667,0.13503425251732845,0.13503425250434667,0.13503425248863635
0.16533248771576173,0.16533248771576173,0.16533248771576173,0.16533248771576173,0.16533248771576173,0.16533248771576173,0.16533248771576173,0.16533248771576173,0.16533248771576173,0.16533248771576173,0.16533248771576173,0.16533248771576173,0.16533248771576173,0.16533248771576173,0.16533248771576173,0.16533248771576173,0.16533248771576173,0.16533248771576173,0.16533248771576173,0.16533248771576173,0.16533248771576173,0.16533248771576173,0.16533248771576173,0.16533248771576173,0.16533248771576173,0.16375749399836284,0.16375749399836284,0.16375749399836284,0.16375749399836284,0.16375749399836284,0.16375749399836284,0.16375749399836284,0.16375749399836284,0.16375749399836284,0.16375749399836284,0.16375749399836284,0.16375749399836284,0.16375749399836284,0.16375749399836284,0.16375749399836284,0.16375749399836284,0.16375749399836284,0.16375749399836284,0.16375749399836284,0.16375749399836284,0.16375749399836284,0.16375749399836284,0.16375749399836284,0.16375749399836284,0.16375749399836284,0.16221388421284272,0.16221388421284272,0.16221388421284272,0.16221388421284272,0.16221388421284272,0.16221388421284272,0.16221388421284272,0.16221388421284272,0.16221388421284272,0.16221388421284272,0.16221388421284272,0.16221388421284272,0.1622138842128425,0.16221388421284272,0.16221388421284272,0.16221388421284272,0.16221388421284272,0.16221388421284272,0.16221388421284272,0.16221388421284272,0.16221388421284272,0.16221388421284272,0.16221388421284272,0.16221388421284272,0.16221388421284272,0.160701067316242,0.16070106731624179,0.16070106731624156,0.16070106731624179,0.160701067316242,0.16070106731624179,0.16070106731624156,0.16070106731624156,0.16070106731624156,0.16070106731624179,0.16070106731624156,0.16070106731624156,0.16070106731624131,0.16070106731624156,0.16070106731624156,0.16070106731624179,0.16070106731624156,0.16070106731624156,0.16070106731624156,0.16070106731624179,0.160701067316242,0.16070106731624179,0.16070106731624156,0.16070106731624179,0.160701067316242,0.15921845168353874,0.1592184516835383,0.15921845168353785,0.1592184516835383,0.15921845168353874,0.1592184516835383,0.15921845168353763,0.15921845168353743,0.15921845168353763,0.1592184516835383,0.15921845168353785,0.15921845168353743,0.15921845168353718,0.15921845168353743,0.15921845168353785,0.1592184516835383,0.15921845168353763,0.15921845168353743,0.15921845168353763,0.1592184516835383,0.15921845168353874,0.1592184516835383,0.15921845168353785,0.1592184516835383,0.15921845168353874,0.15776544645950086,0.1577654464594994,0.1577654464594983,0.1577654464594994,0.15776544645950086,0.1577654464594994,0.15776544645949767,0.15776544645949683,0.15776544645949767,0.1577654464594994,0.1577654464594983,0.15776544645949683,0.15776544645949575,0.15776544645949683,0.1577654464594983,0.1577654464594994,0.15776544645949767,0.15776544645949683,0.15776544645949767,0.1577654464594994,0.15776544645950086,0.1577654464594994,0.1577654464594983,0.1577654464594994,0.15776544645950086,0.15634146277300923,0.15634146277300442,0.15634146277300148,0.15634146277300442,0.15634146277300923,0.15634146277300442,0.15634146277299943,0.15634146277299626,0.15634146277299943,0.15634146277300442,0.15634146277300148,0.15634146277299626,0.15634146277299293,0.15634146277299626,0.15634146277300148,0.15634146277300442,0.15634146277299943,0.15634146277299626,0.15634146277299943,0.15634146277300442,0.15634146277300923,0.15634146277300442,0.15634146277300148,0.15634146277300442,0.15634146277300923,0.1549459148241214,0.15494591482410683,0.15494591482409764,0.15494591482410683,0.1549459148241214,0.15494591482410683,0.15494591482409087,0.15494591482408063,0.15494591482409087,0.15494591482410683,0.15494591482409764,0.15494591482408063,0.15494591482406977,0.15494591482408063,0.15494591482409764,0.15494591482410683,0.15494591482409087,0.15494591482408063,0.15494591482409087,0.15494591482410683,0.1549459148241214,0.15494591482410683,0.15494591482409764,0.15494591482410683,0.1549459148241214,0.1535782208535854,0.15357822085354164,0.1535782208535131,0.15357822085354164,0.1535782208535854,0.15357822085354164,0.15357822085349182,0.1535782208534589,0.15357822085349182,0.15357822085354164,0.1535782208535131,0.1535782208534589,0.15357822085342213,0.1535782208534589,0.1535782208535131,0.15357822085354164,0.15357822085349182,0.1535782208534589,0.15357822085349182,0.15357822085354164,0.1535782208535854,0.15357822085354164,0.1535782208535131,0.15357822085354164,0.1535782208535854,0.1522378040039691,0.1522378040038398,0.15223780400375375,0.1522378040038398,0.1522378040039691,0.1522378040038398,0.15223780400368567,0.1522378040035786,0.15223780400368567,0.1522378040038398,0.15223780400375375,0.1522378040035786,0.15223780400345496,0.1522378040035786,0.15223780400375375,0.1522378040038398,0.15223780400368567,0.1522378040035786,0.15223780400368567,0.1522378040038398,0.1522378040039691,0.1522378040038398,0.15223780400375375,0.1522378040038398,0.1522378040039691,0.15092409308104232,0.1509240930806729,0.15092409308041746,0.1509240930806729,0.15092409308104232,0.1509240930806729,0.150924093080202,0.15092409307985472,0.150924093080202,0.1509240930806729,0.15092409308041746,0.15092409307985472,0.1509240930794191,0.15092409307985472,0.15092409308041746,0.1509240930806729,0.150924093080202,0.15092409307985472,0.150924093080202,0.1509240930806729,0.15092409308104232,0.1509240930806729,0.15092409308041746,0.1509240930806729,0.15092409308104232,0.14963652322357215,0.1496365232225634,0.14963652322181975,0.1496365232225634,0.14963652322357215,0.1496365232225634,0.14963652322115834,0.14963652322000395,0.14963652322115834,0.1496365232225634,0.14963652322181975,0.14963652322000395,0.14963652321834892,0.14963652322000395,0.14963652322181975,0.1496365232225634,0.14963652322115834,0.14963652322000395,0.14963652322115834,0.1496365232225634,0.14963652322357215,0.1496365232225634,0.14963652322181975,0.1496365232225634,0.14963652322357215,0.14837453648926235,0.14837453648669574,0.1483745364846169,0.14837453648669574,0.14837453648926235,0.14837453648669574,0.14837453648267018,0.14837453647876697,0.14837453648267018,0.14837453648669574,0.1483745364846169,0.14837453647876697,0.14837453647180543,0.14837453647876697,0.1483745364846169,0.14837453648669574,0.14837453648267018,0.14837453647876697,0.14837453648267018,0.14837453648669574,0.14837453648926235,0.14837453648669574,0.1483745364846169,0.14837453648669574,0.14837453648926235,0.1471375823641758,0.14713758235837587,0.14713758235303206,0.14713758235837587,0.1471375823641758,0.14713758235837587,0.14713758234778854,0.1471375823347719,0.14713758234778854,0.14713758235837587,0.14713758235303206,0.1471375823347719,0.14713758230168816,0.1471375823347719,0.14713758235303206,0.14713758235837587,0.14713758234778854,0.1471375823347719,0.14713758234778854,0.14713758235837587,0.1471375823641758,0.14713758235837587,0.14713758235303206,0.14713758235837587,0.1471375823641758,0.14592511820215331,0.1459251181915517,0.14592511818024642,0.1459251181915517,0.14592511820215331,0.1459251181915517,0.14592511816878906,0.14592511813056402,0.14592511816878906,0.1459251181915517,0.14592511818024642,0.14592511813056402,0.14592511795221144,0.14592511813056402,0.14592511818024642,0.1459251181915517,0.14592511816878906,0.14592511813056402,0.14592511816878906,0.1459251181915517,0.14592511820215331,0.1459251181915517,0.14592511818024642,0.1459251181915517,0.14592511820215331,0.14473660959808948,0.14473660958495305,0.14473660957132506,0.14473660958495305,0.14473660959808948,0.14473660958495305,0.14473660955754572,0.1447366095145077,0.14473660955754572,0.14473660958495305,0.14473660957132506,0.1447366095145077,0.14473660933602248,0.1447366095145077,0.14473660957132506,0.14473660958495305,0.14473660955754572,0.1447366095145077,0.14473660955754572,0.14473660958495305,0.14473660959808948,0.14473660958495305,0.14473660957132506,0.14473660958495305,0.14473660959808948,0.14357153069481635,0.14357153068078238,0.14357153066651035,0.14357153068078238,0.14357153069481635,0.14357153068078238,0.1435715306521254,0.14357153060867128,0.1435715306521254,0.14357153068078238,0.14357153066651035,0.14357153060867128,0.14357153043532656,0.14357153060867128,0.14357153066651035,0.14357153068078238,0.1435715306521254,0.14357153060867128,0.1435715306521254,0.14357153068078238,0.14357153069481635,0.14357153068078238,0.14357153066651035,0.14357153068078238,0.14357153069481635,0.1424293644457211,0.14242936443162274,0.14242936441710177,0.14242936443162274,0.1424293644457211,0.14242936443162274,0.14242936440240184,0.14242936435746176,0.14242936440240184,0.14242936443162274,0.14242936441710177,0.14242936435746176,0.14242936417617097,0.14242936435746176,0.14242936441710177,0.14242936443162274,0.14242936440240184,0.14242936435746176,0.14242936440240184,0.14242936443162274,0.1424293644457211,0.14242936443162274,0.14242936441710177,0.14242936443162274,0.1424293644457211,0.14130960282924376,0.1413096028165651,0.14130960280276741,0.1413096028165651,0.14130960282924376,0.1413096028165651,0.14130960278860724,0.14130960274247686,0.14130960278860724,0.1413096028165651,0.14130960280276741,0.14130960274247686,0.1413096025442517,0.14130960274247686,0.14130960280276741,0.1413096028165651,0.14130960278860724,0.14130960274247686,0.14130960278860724,0.1413096028165651,0.14130960282924376,0.1413096028165651,0.14130960280276741,0.1413096028165651,0.14130960282924376,0.1402117470164215,0.140211747009014,0.14021174699967714,0.140211747009014,0.1402117470164215,0.140211747009014,0.14021174698982314,0.1402117469520811,0.14021174698982314,0.140211747009014,0.14021174699967714,0.1402117469520811,0.14021174675982107,0.1402117469520811,0.14021174699967714,0.140211747009014,0.14021174698982314,0.1402117469520811,0.14021174698982314,0.140211747009014,0.1402117470164215,0.140211747009014,0.14021174699967714,0.140211747009014,0.1402117470164215,0.13913530749509032,0.13913530749952677,0.13913530750275652,0.13913530749952677,0.13913530749509032,0.13913530749952677,0.13913530750570421,0.1391353075095332,0.13913530750570421,0.13913530749952677,0.13913530750275652,0.1391353075095332,0.1391353075075119,0.1391353075095332,0.13913530750275652,0.13913530749952677,0.13913530750570421,0.1391353075095332,0.13913530750570421,0.13913530749952677,0.13913530749509032,0.13913530749952677,0.13913530750275652,0.13913530749952677,0.13913530749509032,0.13807980415737556,0.13807980417783405,0.13807980419859178,0.13807980417783405,0.13807980415737556,0.13807980417783405,0.1380798042196771,0.1380798042777322,0.1380798042196771,0.13807980417783405,0.13807980419859178,0.1380798042777322,0.1380798044429333,0.1380798042777322,0.13807980419859178,0.13807980417783405,0.1380798042196771,0.1380798042777322,0.1380798042196771,0.13807980417783405,0.13807980415737556,0.13807980417783405,0.13807980419859178,0.13807980417783405,0.13807980415737556,0.13704476636531548,0.13704476640073932,0.1370447664439138,0.13704476640073932,0.13704476636531548,0.13704476640073932,0.13704476648873856,0.13704476666619905,0.13704476648873856,0.13704476640073932,0.1370447664439138,0.13704476666619905,0.1370447676518467,0.13704476666619905,0.1370447664439138,0.13704476640073932,0.13704476648873856,0.13704476666619905,0.13704476648873856,0.13704476640073932,0.13704476636531548,0.13704476640073932,0.1370447664439138,0.13704476640073932,0.13704476636531548,0.13602973299331153,0.13602973301820662,0.1360297330426271,0.13602973301820662,0.13602973299331153,0.13602973301820662,0.13602973306714794,0.13602973313271446,0.13602973306714794,0.13602973301820662,0.1360297330426271,0.13602973313271446,0.13602973331486962,0.13602973313271446,0.1360297330426271,0.13602973301820662,0.13602973306714794,0.13602973313271446,0.13602973306714794,0.13602973301820662,0.13602973299331153,0.13602973301820662,0.1360297330426271,0.13602973301820662,0.13602973299331153,0.1350342524842435,0.13503425249986895,0.13503425251278053,0.13503425249986895,0.1350342524842435,0.13503425249986895,0.13503425252504284,0.13503425255002438,0.13503425252504284,0.13503425249986895,0.13503425251278053,0.13503425255002438,0.13503425259548496,0.13503425255002438,0.13503425251278053,0.13503425249986895,0.13503425252504284,0.13503425255002438,0.13503425252504284,0.13503425249986895,0.1350342524842435,0.13503425249986895,0.13503425251278053,0.13503425249986895,0.1350342524842435
0.1653324877172074,0.1653324877172074,0.1653324877172074,0.1653324877172074,0.1653324877172074,0.1653324877172074,0.1653324877172074,0.1653324877172074,0.1653324877172074,0.1653324877172074,0.1653324877172074,0.1653324877172074,0.1653324877172074,0.1653324877172074,0.1653324877172074,0.1653324877172074,0.1653324877172074,0.1653324877172074,0.1653324877172074,0.1653324877172074,0.1653324877172074,0.1653324877172074,0.1653324877172074,0.1653324877172074,0.1653324877172074,0.16375749399977949,0.16375749399977949,0.16375749399977949,0.16375749399977949,0.16375749399977949,0.16375749399977949,0.16375749399977949,0.16375749399977949,0.16375749399977949,0.16375749399977949,0.16375749399977949,0.16375749399977949,0.16375749399977949,0.16375749399977949,0.16375749399977949,0.16375749399977949,0.16375749399977949,0.16375749399977949,0.16375749399977949,0.16375749399977949,0.16375749399977949,0.16375749399977949,0.16375749399977949,0.16375749399977949,0.16375749399977949,0.1622138842142311,0.1622138842142309,0.1622138842142309,0.1622138842142309,0.1622138842142311,0.1622138842142309,0.1622138842142309,0.1622138842142309,0.1622138842142309,0.1622138842142309,0.1622138842142309,0.1622138842142309,0.1622138842142309,0.1622138842142309,0.1622138842142309,0.1622138842142309,0.1622138842142309,0.1622138842142309,0.1622138842142309,0.1622138842142309,0.1622138842142311,0.1622138842142309,0.1622138842142309,0.1622138842142309,0.1622138842142309,0.16070106731760225,0.16070106731760203,0.16070106731760203,0.16070106731760203,0.16070106731760225,0.16070106731760203,0.1607010673176018,0.1607010673176018,0.1607010673176018,0.16070106731760203,0.16070106731760203,0.1607010673176018,0.1607010673176016,0.1607010673176018,0.16070106731760203,0.16070106731760203,0.1607010673176018,0.1607010673176018,0.1607010673176018,0.16070106731760203,0.16070106731760225,0.16070106731760203,0.16070106731760203,0.16070106731760203,0.16070106731760225,0.1592184516848716,0.15921845168487114,0.15921845168487073,0.15921845168487114,0.1592184516848716,0.15921845168487114,0.1592184516848705,0.15921845168487028,0.1592184516848705,0.15921845168487114,0.15921845168487073,0.15921845168487028,0.15921845168486984,0.15921845168487028,0.15921845168487073,0.15921845168487114,0.1592184516848705,0.15921845168487028,0.1592184516848705,0.15921845168487114,0.1592184516848716,0.15921845168487114,0.15921845168487073,0.15921845168487114,0.1592184516848716,0.1577654464608067,0.1577654464608052,0.15776544646080412,0.1577654464608052,0.1577654464608067,0.1577654464608052,0.15776544646080348,0.1577654464608024,0.15776544646080348,0.1577654464608052,0.15776544646080412,0.1577654464608024,0.15776544646080154,0.15776544646080262,0.15776544646080412,0.1577654464608052,0.15776544646080348,0.15776544646080262,0.15776544646080348,0.1577654464608052,0.1577654464608067,0.1577654464608052,0.15776544646080412,0.1577654464608052,0.1577654464608067,0.15634146277428856,0.15634146277428373,0.1563414627742806,0.15634146277428373,0.15634146277428856,0.15634146277428373,0.15634146277427874,0.15634146277427538,0.15634146277427874,0.15634146277428373,0.1563414627742806,0.15634146277427538,0.15634146277427202,0.15634146277427538,0.1563414627742806,0.15634146277428373,0.15634146277427874,0.15634146277427538,0.15634146277427874,0.15634146277428373,0.15634146277428856,0.15634146277428373,0.1563414627742806,0.15634146277428373,0.15634146277428856,0.15494591482537434,0.1549459148253598,0.15494591482535058,0.1549459148253598,0.15494591482537434,0.1549459148253598,0.15494591482534403,0.15494591482533376,0.15494591482534403,0.1549459148253598,0.15494591482535058,0.15494591482533376,0.1549459148253229,0.15494591482533376,0.15494591482535058,0.1549459148253598,0.15494591482534403,0.15494591482533376,0.15494591482534403,0.1549459148253598,0.15494591482537434,0.1549459148253598,0.15494591482535058,0.1549459148253598,0.15494591482537434,0.15357822085481276,0.153578220854769,0.15357822085474068,0.153578220854769,0.15357822085481276,0.153578220854769,0.1535782208547194,0.15357822085468645,0.1535782208547194,0.153578220854769,0.15357822085474068,0.15357822085468645,0.1535782208546499,0.15357822085468645,0.15357822085474068,0.153578220854769,0.1535782208547194,0.15357822085468645,0.1535782208547194,0.153578220854769,0.15357822085481276,0.153578220854769,0.15357822085474068,0.153578220854769,0.15357822085481276,0.15223780400517062,0.1522378040050417,0.15223780400495607,0.1522378040050417,0.15223780400517062,0.1522378040050417,0.15223780400488793,0.15223780400478126,0.15223780400488793,0.1522378040050417,0.15223780400495607,0.15223780400478126,0.15223780400465822,0.15223780400478126,0.15223780400495607,0.1522378040050417,0.15223780400488793,0.15223780400478126,0.15223780400488793,0.1522378040050417,0.15223780400517062,0.1522378040050417,0.15223780400495607,0.1522378040050417,0.15223780400517062,0.1509240930822178,0.15092409308184954,0.15092409308159485,0.15092409308184954,0.1509240930822178,0.15092409308184954,0.15092409308138013,0.15092409308103405,0.15092409308138013,0.15092409308184954,0.15092409308159485,0.15092409308103405,0.15092409308059979,0.15092409308103405,0.15092409308159485,0.15092409308184954,0.15092409308138013,0.15092409308103405,0.15092409308138013,0.15092409308184954,0.1509240930822178,0.15092409308184954,0.15092409308159485,0.15092409308184954,0.1509240930822178,0.14963652322471932,0.14963652322371399,0.14963652322297277,0.14963652322371399,0.14963652322471932,0.14963652322371399,0.14963652322231344,0.14963652322116267,0.14963652322231344,0.14963652322371399,0.14963652322297277,0.14963652322116267,0.1496365232195129,0.14963652322116267,0.14963652322297277,0.14963652322371399,0.14963652322231344,0.14963652322116267,0.14963652322231344,0.14963652322371399,0.14963652322471932,0.14963652322371399,0.14963652322297277,0.14963652322371399,0.14963652322471932,0.14837453649037508,0.148374536487817,0.148374536485745,0.148374536487817,0.14837453649037508,0.148374536487817,0.14837453648380441,0.14837453647991358,0.14837453648380441,0.148374536487817,0.148374536485745,0.14837453647991358,0.14837453647297336,0.14837453647991358,0.148374536485745,0.148374536487817,0.14837453648380441,0.14837453647991358,0.14837453648380441,0.148374536487817,0.14837453649037508,0.148374536487817,0.148374536485745,0.148374536487817,0.14837453649037508,0.14713758236523686,0.14713758235945654,0.14713758235413035,0.14713758235945654,0.14713758236523686,0.14713758235945654,0.14713758234890373,0.14713758233592814,0.14713758234890373,0.14713758235945654,0.14713758235413035,0.14713758233592814,0.14713758230294557,0.14713758233592814,0.14713758235413035,0.14713758235945654,0.14713758234890373,0.14713758233592814,0.14713758234890373,0.14713758235945654,0.14713758236523686,0.14713758235945654,0.14713758235413035,0.14713758235945654,0.14713758236523686,0.14592511820312196,0.14592511819255793,0.1459251181812913,0.14592511819255793,0.14592511820312196,0.14592511819255793,0.14592511816987258,0.14592511813176956,0.14592511816987258,0.14592511819255793,0.1459251181812913,0.14592511813176956,0.14592511795394134,0.14592511813176956,0.1459251181812913,0.14592511819255793,0.14592511816987258,0.14592511813176956,0.14592511816987258,0.14592511819255793,0.14592511820312196,0.14592511819255793,0.1459251181812913,0.14592511819255793,0.14592511820312196,0.14473660959888718,0.1447366095858043,0.1447366095722301,0.1447366095858043,0.14473660959888718,0.1447366095858043,0.1447366095585047,0.14473660951562864,0.1447366095585047,0.1447366095858043,0.1447366095722301,0.14473660951562864,0.14473660933776986,0.14473660951562864,0.1447366095722301,0.1447366095858043,0.1447366095585047,0.14473660951562864,0.1447366095585047,0.1447366095858043,0.14473660959888718,0.1447366095858043,0.1447366095722301,0.1447366095858043,0.14473660959888718,0.1435715306953309,0.14357153068136552,0.14357153066716227,0.14357153068136552,0.1435715306953309,0.14357153068136552,0.1435715306528463,0.14357153060959735,0.1435715306528463,0.14357153068136552,0.14357153066716227,0.14357153060959735,0.14357153043707072,0.14357153060959735,0.14357153066716227,0.14357153068136552,0.1435715306528463,0.14357153060959735,0.1435715306528463,0.14357153068136552,0.1435715306953309,0.14357153068136552,0.14357153066716227,0.14357153068136552,0.1435715306953309,0.14242936444580767,0.142429364431792,0.1424293644173561,0.142429364431792,0.14242936444580767,0.142429364431792,0.14242936440274254,0.14242936435806616,0.14242936440274254,0.142429364431792,0.1424293644173561,0.14242936435806616,0.14242936417781682,0.14242936435806616,0.1424293644173561,0.142429364431792,0.14242936440274254,0.14242936435806616,0.14242936440274254,0.142429364431792,0.14242936444580767,0.142429364431792,0.1424293644173561,0.142429364431792,0.14242936444580767,0.14130960282872604,0.14130960281613536,0.14130960280243385,0.14130960281613536,0.14130960282872604,0.14130960281613536,0.14130960278837254,0.14130960274256568,0.14130960278837254,0.14130960281613536,0.14130960280243385,0.14130960274256568,0.14130960254572547,0.14130960274256568,0.14130960280243385,0.14130960281613536,0.14130960278837254,0.14130960274256568,0.14130960278837254,0.14130960281613536,0.14130960282872604,0.14130960281613536,0.14130960280243385,0.14130960281613536,0.14130960282872604,0.14021174701510986,0.14021174700776753,0.1402117469985105,0.14021174700776753,0.14021174701510986,0.14021174700776753,0.1402117469887405,0.14021174695131725,0.1402117469887405,0.14021174700776753,0.1402117469985105,0.14021174695131725,0.14021174676070441,0.14021174695131725,0.1402117469985105,0.14021174700776753,0.1402117469887405,0.14021174695131725,0.1402117469887405,0.14021174700776753,0.14021174701510986,0.14021174700776753,0.1402117469985105,0.14021174700776753,0.14021174701510986,0.13913530749283975,0.13913530749726766,0.13913530750049505,0.13913530749726766,0.13913530749283975,0.13913530749726766,0.13913530750344194,0.1391353075072899,0.13913530750344194,0.13913530749726766,0.13913530750049505,0.1391353075072899,0.1391353075053859,0.1391353075072899,0.13913530750049505,0.13913530749726766,0.13913530750344194,0.1391353075072899,0.13913530750344194,0.13913530749726766,0.13913530749283975,0.13913530749726766,0.13913530750049505,0.13913530749726766,0.13913530749283975,0.13807980415419072,0.13807980417454566,0.138079804195197,0.13807980417454566,0.13807980415419072,0.13807980417454566,0.1380798042161738,0.13807980427392638,0.1380798042161738,0.13807980417454566,0.138079804195197,0.13807980427392638,0.13807980443825446,0.13807980427392638,0.138079804195197,0.13807980417454566,0.1380798042161738,0.13807980427392638,0.1380798042161738,0.13807980417454566,0.13807980415419072,0.13807980417454566,0.138079804195197,0.13807980417454566,0.13807980415419072,0.13704476636139665,0.13704476639663163,0.13704476643957458,0.13704476639663163,0.13704476636139665,0.13704476639663163,0.1370447664841585,0.13704476666066132,0.1370447664841585,0.13704476639663163,0.13704476643957458,0.13704476666066132,0.13704476764097948,0.13704476666066132,0.13704476643957458,0.13704476639663163,0.1370447664841585,0.13704476666066132,0.1370447664841585,0.13704476639663163,0.13704476636139665,0.13704476639663163,0.13704476643957458,0.13704476639663163,0.13704476636139665,0.13602973298903753,0.13602973301379886,0.13602973303808785,0.13602973301379886,0.13602973298903753,0.13602973301379886,0.13602973306247657,0.1360297331276893,0.13602973306247657,0.13602973301379886,0.13602973303808785,0.1360297331276893,0.13602973330885915,0.1360297331276893,0.13602973303808785,0.13602973301379886,0.13602973306247657,0.1360297331276893,0.13602973306247657,0.13602973301379886,0.13602973298903753,0.13602973301379886,0.13602973303808785,0.13602973301379886,0.13602973298903753,0.13503425247988324,0.1350342524954246,0.1350342525082666,0.1350342524954246,0.13503425247988324,0.1350342524954246,0.13503425252046278,0.13503425254530949,0.13503425252046278,0.1350342524954246,0.1350342525082666,0.13503425254530949,0.13503425259052437,0.13503425254530949,0.1350342525082666,0.1350342524954246,0.13503425252046278,0.13503425254530949,0.13503425252046278,0.1350342524954246,0.13503425247988324,0.1350342524954246,0.1350342525082666,0.1350342524954246,0.13503425247988324
0.16533248771864267,0.16533248771864267,0.16533248771864267,0.16533248771864267,0.16533248771864267,0.16533248771864267,0.16533248771864267,0.16533248771864267,0.16533248771864267,0.16533248771864267,0.16533248771864267,0.16533248771864267,0.16533248771864267,0.16533248771864267,0.16533248771864267,0.16533248771864267,0.16533248771864267,0.16533248771864267,0.16533248771864267,0.16533248771864267,0.16533248771864267,0.16533248771864267,0.16533248771864267,0.16533248771864267,0.16533248771864267,0.16375749400118617,0.16375749400118617,0.16375749400118617,0.16375749400118617,0.16375749400118617,0.16375749400118617,0.16375749400118617,0.16375749400118617,0.16375749400118617,0.16375749400118617,0.16375749400118617,0.16375749400118617,0.16375749400118617,0.16375749400118617,0.16375749400118617,0.16375749400118617,0.16375749400118617,0.16375749400118617,0.16375749400118617,0.16375749400118617,0.16375749400118617,0.16375749400118617,0.16375749400118617,0.16375749400118617,0.16375749400118617,0.16221388421560953,0.16221388421560934,0.16221388421560934,0.16221388421560934,0.16221388421560953,0.16221388421560934,0.16221388421560934,0.16221388421560934,0.16221388421560934,0.16221388421560934,0.16221388421560934,0.16221388421560934,0.16221388421560934,0.16221388421560934,0.16221388421560934,0.16221388421560934,0.16221388421560934,0.16221388421560934,0.16221388421560934,0.16221388421560934,0.16221388421560953,0.16221388421560934,0.16221388421560934,0.16221388421560934,0.16221388421560953,0.16070106731895292,0.16070106731895273,0.16070106731895273,0.16070106731895273,0.16070106731895292,0.16070106731895273,0.1607010673189525,0.1607010673189525,0.1607010673189525,0.16070106731895273,0.16070106731895273,0.1607010673189525,0.16070106731895226,0.1607010673189525,0.16070106731895273,0.16070106731895273,0.1607010673189525,0.1607010673189525,0.1607010673189525,0.16070106731895273,0.16070106731895292,0.16070106731895273,0.16070106731895273,0.16070106731895273,0.16070106731895292,0.15921845168619486,0.15921845168619442,0.15921845168619422,0.15921845168619442,0.15921845168619486,0.15921845168619442,0.15921845168619397,0.15921845168619356,0.15921845168619397,0.15921845168619442,0.15921845168619422,0.15921845168619356,0.15921845168619334,0.15921845168619356,0.15921845168619422,0.15921845168619442,0.15921845168619397,0.15921845168619356,0.15921845168619397,0.15921845168619442,0.15921845168619486,0.15921845168619442,0.15921845168619422,0.15921845168619442,0.15921845168619486,0.15776544646210333,0.15776544646210164,0.15776544646210078,0.15776544646210164,0.15776544646210333,0.15776544646210164,0.1577654464621001,0.15776544646209906,0.1577654464621001,0.15776544646210164,0.15776544646210078,0.15776544646209906,0.157765446462098,0.15776544646209906,0.15776544646210078,0.15776544646210164,0.1577654464621001,0.15776544646209906,0.1577654464621001,0.15776544646210164,0.15776544646210333,0.15776544646210164,0.15776544646210078,0.15776544646210164,0.15776544646210333,0.15634146277555866,0.15634146277555389,0.15634146277555072,0.15634146277555389,0.15634146277555866,0.15634146277555389,0.15634146277554883,0.1563414627755455,0.15634146277554883,0.15634146277555389,0.15634146277555072,0.1563414627755455,0.15634146277554217,0.1563414627755455,0.15634146277555072,0.15634146277555389,0.15634146277554883,0.1563414627755455,0.15634146277554883,0.15634146277555389,0.15634146277555866,0.15634146277555389,0.15634146277555072,0.15634146277555389,0.15634146277555866,0.15494591482661849,0.15494591482660394,0.15494591482659473,0.15494591482660394,0.15494591482661849,0.15494591482660394,0.15494591482658815,0.1549459148265779,0.15494591482658815,0.15494591482660394,0.15494591482659473,0.1549459148265779,0.15494591482656708,0.1549459148265779,0.15494591482659473,0.15494591482660394,0.15494591482658815,0.1549459148265779,0.15494591482658815,0.15494591482660394,0.15494591482661849,0.15494591482660394,0.15494591482659473,0.15494591482660394,0.15494591482661849,0.1535782208560311,0.15357822085598752,0.15357822085595918,0.15357822085598752,0.1535782208560311,0.15357822085598752,0.1535782208559381,0.15357822085590536,0.1535782208559381,0.15357822085598752,0.15357822085595918,0.15357822085590536,0.1535782208558688,0.15357822085590536,0.15357822085595918,0.15357822085598752,0.1535782208559381,0.15357822085590536,0.1535782208559381,0.15357822085598752,0.1535782208560311,0.15357822085598752,0.15357822085595918,0.15357822085598752,0.1535782208560311,0.15223780400636344,0.1522378040062349,0.1522378040061497,0.1522378040062349,0.15223780400636344,0.1522378040062349,0.1522378040060818,0.15223780400597547,0.1522378040060818,0.1522378040062349,0.1522378040061497,0.15223780400597547,0.15223780400585268,0.15223780400597547,0.1522378040061497,0.1522378040062349,0.1522378040060818,0.15223780400597547,0.1522378040060818,0.1522378040062349,0.15223780400636344,0.1522378040062349,0.1522378040061497,0.1522378040062349,0.15223780400636344,0.15092409308338478,0.15092409308301766,0.15092409308276397,0.15092409308301766,0.15092409308338478,0.15092409308301766,0.1509240930825498,0.1509240930822047,0.1509240930825498,0.15092409308301766,0.15092409308276397,0.1509240930822047,0.15092409308177196,0.1509240930822047,0.15092409308276397,0.15092409308301766,0.1509240930825498,0.1509240930822047,0.1509240930825498,0.15092409308301766,0.15092409308338478,0.15092409308301766,0.15092409308276397,0.15092409308301766,0.15092409308338478,0.1496365232258584,0.14963652322485624,0.1496365232241175,0.14963652322485624,0.1496365232258584,0.14963652322485624,0.14963652322346024,0.14963652322231308,0.14963652322346024,0.14963652322485624,0.1496365232241175,0.14963652322231308,0.1496365232206684,0.14963652322231308,0.1496365232241175,0.14963652322485624,0.14963652322346024,0.14963652322231308,0.14963652322346024,0.14963652322485624,0.1496365232258584,0.14963652322485624,0.1496365232241175,0.14963652322485624,0.1496365232258584,0.14837453649147966,0.1483745364889299,0.14837453648686477,0.1483745364889299,0.14837453649147966,0.1483745364889299,0.1483745364849303,0.1483745364810519,0.1483745364849303,0.1483745364889299,0.14837453648686477,0.1483745364810519,0.14837453647413315,0.1483745364810519,0.14837453648686477,0.1483745364889299,0.1483745364849303,0.1483745364810519,0.1483745364849303,0.1483745364889299,0.14837453649147966,0.1483745364889299,0.14837453648686477,0.1483745364889299,0.14837453649147966,0.1471375823662899,0.14713758236052904,0.1471375823552203,0.14713758236052904,0.1471375823662899,0.14713758236052904,0.14713758235001073,0.14713758233707622,0.14713758235001073,0.14713758236052904,0.1471375823552203,0.14713758233707622,0.14713758230419427,0.14713758233707622,0.1471375823552203,0.14713758236052904,0.14713758235001073,0.14713758233707622,0.14713758235001073,0.14713758236052904,0.1471375823662899,0.14713758236052904,0.1471375823552203,0.14713758236052904,0.1471375823662899,0.14592511820408316,0.14592511819355672,0.14592511818232837,0.14592511819355672,0.14592511820408316,0.14592511819355672,0.14592511817094808,0.1459251181329665,0.14592511817094808,0.14592511819355672,0.14592511818232837,0.1459251181329665,0.1459251179556919,0.1459251181329665,0.14592511818232837,0.14592511819355672,0.14592511817094808,0.1459251181329665,0.14592511817094808,0.14592511819355672,0.14592511820408316,0.14592511819355672,0.14592511818232837,0.14592511819355672,0.14592511820408316,0.14473660959967857,0.1447366095866486,0.14473660957312798,0.1447366095866486,0.14473660959967857,0.1447366095866486,0.1447366095594562,0.14473660951674125,0.1447366095594562,0.1447366095866486,0.14473660957312798,0.14473660951674125,0.14473660933951188,0.14473660951674125,0.14473660957312798,0.1447366095866486,0.1447366095594562,0.14473660951674125,0.1447366095594562,0.1447366095866486,0.14473660959967857,0.1447366095866486,0.14473660957312798,0.1447366095866486,0.14473660959967857,0.14357153069584067,0.14357153068194317,0.14357153066780826,0.14357153068194317,0.14357153069584067,0.14357153068194317,0.14357153065356087,0.14357153061051606,0.14357153065356087,0.14357153068194317,0.14357153066780826,0.14357153061051606,0.14357153043877208,0.14357153061051606,0.14357153066780826,0.14357153068194317,0.14357153065356087,0.14357153061051606,0.14357153065356087,0.14357153068194317,0.14357153069584067,0.14357153068194317,0.14357153066780826,0.14357153068194317,0.14357153069584067,0.14242936444589205,0.14242936443195825,0.1424293644176069,0.14242936443195825,0.14242936444589205,0.14242936443195825,0.14242936440307905,0.1424293643586642,0.14242936440307905,0.14242936443195825,0.1424293644176069,0.1424293643586642,0.14242936417948157,0.1424293643586642,0.1424293644176069,0.14242936443195825,0.14242936440307905,0.1424293643586642,0.14242936440307905,0.14242936443195825,0.14242936444589205,0.14242936443195825,0.1424293644176069,0.14242936443195825,0.14242936444589205,0.14130960282821026,0.1413096028157066,0.1413096028021005,0.1413096028157066,0.14130960282821026,0.1413096028157066,0.14130960278813703,0.14130960274265056,0.14130960278813703,0.1413096028157066,0.1413096028021005,0.14130960274265056,0.1413096025471826,0.14130960274265056,0.1413096028021005,0.1413096028157066,0.14130960278813703,0.14130960274265056,0.14130960278813703,0.1413096028157066,0.14130960282821026,0.1413096028157066,0.1413096028021005,0.1413096028157066,0.14130960282821026,0.14021174701380595,0.14021174700652783,0.14021174699734978,0.14021174700652783,0.14021174701380595,0.14021174700652783,0.14021174698766267,0.1402117469505542,0.14021174698766267,0.14021174700652783,0.14021174699734978,0.1402117469505542,0.14021174676156664,0.1402117469505542,0.14021174699734978,0.14021174700652783,0.14021174698766267,0.1402117469505542,0.14021174698766267,0.14021174700652783,0.14021174701380595,0.14021174700652783,0.14021174699734978,0.14021174700652783,0.14021174701380595,0.13913530749060452,0.1391353074950239,0.13913530749824873,0.1391353074950239,0.13913530749060452,0.1391353074950239,0.13913530750119452,0.1391353075050607,0.13913530750119452,0.1391353074950239,0.13913530749824873,0.1391353075050607,0.1391353075032718,0.1391353075050607,0.13913530749824873,0.1391353074950239,0.13913530750119452,0.1391353075050607,0.13913530750119452,0.1391353074950239,0.13913530749060452,0.1391353074950239,0.13913530749824873,0.1391353074950239,0.13913530749060452,0.13807980415102894,0.13807980417128124,0.138079804191827,0.13807980417128124,0.13807980415102894,0.13807980417128124,0.13807980421269636,0.13807980427014865,0.13807980421269636,0.13807980417128124,0.138079804191827,0.13807980427014865,0.13807980443361095,0.13807980427014865,0.138079804191827,0.13807980417128124,0.13807980421269636,0.13807980427014865,0.13807980421269636,0.13807980417128124,0.13807980415102894,0.13807980417128124,0.138079804191827,0.13807980417128124,0.13807980415102894,0.13704476635750748,0.137044766392555,0.13704476643526836,0.137044766392555,0.13704476635750748,0.137044766392555,0.13704476647961356,0.13704476665516702,0.13704476647961356,0.137044766392555,0.13704476643526836,0.13704476665516702,0.13704476763020243,0.13704476665516702,0.13704476643526836,0.137044766392555,0.13704476647961356,0.13704476665516702,0.13704476647961356,0.137044766392555,0.13704476635750748,0.137044766392555,0.13704476643526836,0.137044766392555,0.13704476635750748,0.13602973298479606,0.13602973300942503,0.13602973303358365,0.13602973300942503,0.13602973298479606,0.13602973300942503,0.13602973305784133,0.13602973312270303,0.13602973305784133,0.13602973300942503,0.13602973303358365,0.13602973312270303,0.1360297333028964,0.13602973312270303,0.13602973303358365,0.13602973300942503,0.13602973305784133,0.13602973312270303,0.13602973305784133,0.13602973300942503,0.13602973298479606,0.13602973300942503,0.13602973303358365,0.13602973300942503,0.13602973298479606,0.13503425247555628,0.13503425249101433,0.13503425250378745,0.13503425249101433,0.13503425247555628,0.13503425249101433,0.13503425251591794,0.135034252540631,0.13503425251591794,0.13503425249101433,0.13503425250378745,0.135034252540631,0.13503425258560228,0.135034252540631,0.13503425250378745,0.13503425249101433,0.13503425251591794,0.135034252540631,0.13503425251591794,0.13503425249101433,0.13503425247555628,0.13503425249101433,0.13503425250378745,0.13503425249101433,0.13503425247555628
0.1653324877200671,0.1653324877200671,0.1653324877200671,0.1653324877200671,0.1653324877200671,0.1653324877200671,0.1653324877200671,0.1653324877200671,0.1653324877200671,0.1653324877200671,0.1653324877200671,0.1653324877200671,0.1653324877200671,0.1653324877200671,0.1653324877200671,0.1653324877200671,0.1653324877200671,0.1653324877200671,0.1653324877200671,0.1653324877200671,0.1653324877200671,0.1653324877200671,0.1653324877200671,0.1653324877200671,0.1653324877200671,0.16375749400258222,0.16375749400258222,0.16375749400258222,0.16375749400258222,0.16375749400258222,0.16375749400258222,0.16375749400258222,0.16375749400258222,0.16375749400258222,0.16375749400258222,0.16375749400258222,0.16375749400258222,0.16375749400258222,0.16375749400258222,0.16375749400258222,0.16375749400258222,0.16375749400258222,0.16375749400258222,0.16375749400258222,0.16375749400258222,0.16375749400258222,0.16375749400258222,0.16375749400258222,0.16375749400258222,0.16375749400258222,0.16221388421697755,0.16221388421697733,0.16221388421697733,0.16221388421697733,0.16221388421697755,0.16221388421697733,0.16221388421697733,0.16221388421697733,0.16221388421697733,0.16221388421697733,0.16221388421697733,0.16221388421697733,0.16221388421697733,0.16221388421697733,0.16221388421697733,0.16221388421697733,0.16221388421697733,0.16221388421697733,0.16221388421697733,0.16221388421697733,0.16221388421697755,0.16221388421697733,0.16221388421697733,0.16221388421697733,0.16221388421697755,0.1607010673202934,0.16070106732029318,0.16070106732029318,0.16070106732029318,0.1607010673202934,0.16070106732029318,0.16070106732029296,0.16070106732029296,0.16070106732029296,0.16070106732029318,0.16070106732029318,0.16070106732029296,0.16070106732029274,0.16070106732029296,0.16070106732029318,0.16070106732029318,0.16070106732029296,0.16070106732029296,0.16070106732029296,0.16070106732029318,0.1607010673202934,0.16070106732029318,0.16070106732029318,0.16070106732029318,0.1607010673202934,0.15921845168750837,0.1592184516875079,0.15921845168750748,0.1592184516875079,0.15921845168750837,0.1592184516875079,0.15921845168750726,0.15921845168750703,0.15921845168750726,0.1592184516875079,0.15921845168750748,0.15921845168750703,0.15921845168750662,0.15921845168750703,0.15921845168750748,0.1592184516875079,0.15921845168750726,0.15921845168750703,0.15921845168750726,0.1592184516875079,0.15921845168750837,0.1592184516875079,0.15921845168750748,0.1592184516875079,0.15921845168750837,0.15776544646338994,0.15776544646338844,0.15776544646338758,0.15776544646338844,0.15776544646338994,0.15776544646338844,0.15776544646338694,0.1577654464633859,0.15776544646338694,0.15776544646338844,0.15776544646338758,0.1577654464633859,0.1577654464633848,0.1577654464633859,0.15776544646338758,0.15776544646338844,0.15776544646338694,0.1577654464633859,0.15776544646338694,0.15776544646338844,0.15776544646338994,0.15776544646338844,0.15776544646338758,0.15776544646338844,0.15776544646338994,0.15634146277681915,0.15634146277681438,0.15634146277681144,0.15634146277681438,0.15634146277681915,0.15634146277681438,0.15634146277680933,0.1563414627768062,0.15634146277680933,0.15634146277681438,0.15634146277681144,0.1563414627768062,0.15634146277680286,0.1563414627768062,0.15634146277681144,0.15634146277681438,0.15634146277680933,0.1563414627768062,0.15634146277680933,0.15634146277681438,0.15634146277681915,0.15634146277681438,0.15634146277681144,0.15634146277681438,0.15634146277681915,0.15494591482785341,0.15494591482783887,0.15494591482782963,0.15494591482783887,0.15494591482785341,0.15494591482783887,0.1549459148278231,0.15494591482781306,0.1549459148278231,0.15494591482783887,0.15494591482782963,0.15494591482781306,0.15494591482780218,0.15494591482781306,0.15494591482782963,0.15494591482783887,0.1549459148278231,0.15494591482781306,0.1549459148278231,0.15494591482783887,0.15494591482785341,0.15494591482783887,0.15494591482782963,0.15494591482783887,0.15494591482785341,0.15357822085724057,0.153578220857197,0.15357822085716885,0.153578220857197,0.15357822085724057,0.153578220857197,0.15357822085714778,0.15357822085711506,0.15357822085714778,0.153578220857197,0.15357822085716885,0.15357822085711506,0.1535782208570787,0.15357822085711506,0.15357822085716885,0.153578220857197,0.15357822085714778,0.15357822085711506,0.15357822085714778,0.153578220857197,0.15357822085724057,0.153578220857197,0.15357822085716885,0.153578220857197,0.15357822085724057,0.15223780400754763,0.1522378040074195,0.15223780400733447,0.1522378040074195,0.15223780400754763,0.1522378040074195,0.15223780400726677,0.15223780400716086,0.15223780400726677,0.1522378040074195,0.15223780400733447,0.15223780400716086,0.15223780400703843,0.15223780400716086,0.15223780400733447,0.1522378040074195,0.15223780400726677,0.15223780400716086,0.15223780400726677,0.1522378040074195,0.15223780400754763,0.1522378040074195,0.15223780400733447,0.1522378040074195,0.15223780400754763,0.15092409308454308,0.15092409308417729,0.15092409308392438,0.15092409308417729,0.15092409308454308,0.15092409308417729,0.1509240930837108,0.15092409308336682,0.1509240930837108,0.15092409308417729,0.15092409308392438,0.15092409308336682,0.15092409308293545,0.15092409308336682,0.15092409308392438,0.15092409308417729,0.1509240930837108,0.15092409308336682,0.1509240930837108,0.15092409308417729,0.15092409308454308,0.15092409308417729,0.15092409308392438,0.15092409308417729,0.15092409308454308,0.1496365232269891,0.14963652322599016,0.14963652322525367,0.14963652322599016,0.1496365232269891,0.14963652322599016,0.14963652322459853,0.1496365232234551,0.14963652322459853,0.14963652322599016,0.14963652322525367,0.1496365232234551,0.14963652322181556,0.1496365232234551,0.14963652322525367,0.14963652322599016,0.14963652322459853,0.1496365232234551,0.14963652322459853,0.14963652322599016,0.1496365232269891,0.14963652322599016,0.14963652322525367,0.14963652322599016,0.1496365232269891,0.14837453649257626,0.14837453649003485,0.1483745364879762,0.14837453649003485,0.14837453649257626,0.14837453649003485,0.1483745364860482,0.14837453648218185,0.1483745364860482,0.14837453649003485,0.1483745364879762,0.14837453648218185,0.14837453647528442,0.14837453648218185,0.1483745364879762,0.14837453649003485,0.1483745364860482,0.14837453648218185,0.1483745364860482,0.14837453649003485,0.14837453649257626,0.14837453649003485,0.1483745364879762,0.14837453649003485,0.14837453649257626,0.1471375823673352,0.14713758236159374,0.14713758235630242,0.14713758236159374,0.1471375823673352,0.14713758236159374,0.14713758235110977,0.14713758233821592,0.14713758235110977,0.14713758236159374,0.14713758235630242,0.14713758233821592,0.14713758230543408,0.14713758233821592,0.14713758235630242,0.14713758236159374,0.14713758235110977,0.14713758233821592,0.14713758235110977,0.14713758236159374,0.1471375823673352,0.14713758236159374,0.14713758235630242,0.14713758236159374,0.1471375823673352,0.14592511820503723,0.1459251181945482,0.14592511818335774,0.1459251181945482,0.14592511820503723,0.1459251181945482,0.1459251181720156,0.14592511813415507,0.1459251181720156,0.1459251181945482,0.14592511818335774,0.14592511813415507,0.14592511795742197,0.14592511813415507,0.14592511818335774,0.1459251181945482,0.1459251181720156,0.14592511813415507,0.1459251181720156,0.1459251181945482,0.14592511820503723,0.1459251181945482,0.14592511818335774,0.1459251181945482,0.14592511820503723,0.14473660960046353,0.1447366095874866,0.14473660957401907,0.1447366095874866,0.14473660960046353,0.1447366095874866,0.14473660956040033,0.1447366095178456,0.14473660956040033,0.1447366095874866,0.14473660957401907,0.1447366095178456,0.14473660934124952,0.1447366095178456,0.14473660957401907,0.1447366095874866,0.14473660956040033,0.1447366095178456,0.14473660956040033,0.1447366095874866,0.14473660960046353,0.1447366095874866,0.14473660957401907,0.1447366095874866,0.14473660960046353,0.14357153069634593,0.14357153068251607,0.1435715306684489,0.14357153068251607,0.14357153069634593,0.14357153068251607,0.1435715306542696,0.14357153061142724,0.1435715306542696,0.14357153068251607,0.1435715306684489,0.14357153061142724,0.14357153044048682,0.14357153061142724,0.1435715306684489,0.14357153068251607,0.1435715306542696,0.14357153061142724,0.1435715306542696,0.14357153068251607,0.14357153069634593,0.14357153068251607,0.1435715306684489,0.14357153068251607,0.14357153069634593,0.1424293644459746,0.14242936443212212,0.14242936441785464,0.14242936443212212,0.1424293644459746,0.14242936443212212,0.1424293644034117,0.14242936435925654,0.1424293644034117,0.14242936443212212,0.14242936441785464,0.14242936435925654,0.1424293641811299,0.14242936435925654,0.14242936441785464,0.14242936443212212,0.1424293644034117,0.14242936435925654,0.1424293644034117,0.14242936443212212,0.1424293644459746,0.14242936443212212,0.14242936441785464,0.14242936443212212,0.1424293644459746,0.1413096028276968,0.1413096028152793,0.1413096028017676,0.1413096028152793,0.1413096028276968,0.1413096028152793,0.14130960278790117,0.14130960274273227,0.14130960278790117,0.1413096028152793,0.1413096028017676,0.14130960274273227,0.1413096025486253,0.14130960274273227,0.1413096028017676,0.1413096028152793,0.14130960278790117,0.14130960274273227,0.14130960278790117,0.1413096028152793,0.1413096028276968,0.1413096028152793,0.1413096028017676,0.1413096028152793,0.1413096028276968,0.14021174701251043,0.14021174700529568,0.1402117469961957,0.14021174700529568,0.14021174701251043,0.14021174700529568,0.1402117469865902,0.14021174694979244,0.1402117469865902,0.14021174700529568,0.1402117469961957,0.14021174694979244,0.14021174676237064,0.14021174694979244,0.1402117469961957,0.14021174700529568,0.1402117469865902,0.14021174694979244,0.1402117469865902,0.14021174700529568,0.14021174701251043,0.14021174700529568,0.1402117469961957,0.14021174700529568,0.14021174701251043,0.13913530748838526,0.1391353074927961,0.1391353074960181,0.1391353074927961,0.13913530748838526,0.1391353074927961,0.13913530749896294,0.13913530750284664,0.13913530749896294,0.1391353074927961,0.1391353074960181,0.13913530750284664,0.13913530750117034,0.13913530750284664,0.1391353074960181,0.1391353074927961,0.13913530749896294,0.13913530750284664,0.13913530749896294,0.1391353074927961,0.13913530748838526,0.1391353074927961,0.1391353074960181,0.1391353074927961,0.13913530748838526,0.1380798041478914,0.1380798041680418,0.13807980418848292,0.1380798041680418,0.1380798041478914,0.1380798041680418,0.1380798042092456,0.1380798042664002,0.1380798042092456,0.1380798041680418,0.13807980418848292,0.1380798042664002,0.13807980442900422,0.1380798042664002,0.13807980418848292,0.1380798041680418,0.1380798042092456,0.1380798042664002,0.1380798042092456,0.1380798041680418,0.1380798041478914,0.1380798041680418,0.13807980418848292,0.1380798041680418,0.1380798041478914,0.1370447663536487,0.13704476638851057,0.13704476643099636,0.13704476638851057,0.1370447663536487,0.13704476638851057,0.13704476647510494,0.13704476664971746,0.13704476647510494,0.13704476638851057,0.13704476643099636,0.13704476664971746,0.1370447676195242,0.13704476664971746,0.13704476643099636,0.13704476638851057,0.13704476647510494,0.13704476664971746,0.13704476647510494,0.13704476638851057,0.1370447663536487,0.13704476638851057,0.13704476643099636,0.13704476638851057,0.1370447663536487,0.1360297329805883,0.13602973300508586,0.1360297330291154,0.13602973300508586,0.1360297329805883,0.13602973300508586,0.1360297330532432,0.136029733117757,0.1360297330532432,0.13602973300508586,0.1360297330291154,0.136029733117757,0.13602973329698237,0.136029733117757,0.1360297330291154,0.13602973300508586,0.1360297330532432,0.136029733117757,0.1360297330532432,0.13602973300508586,0.1360297329805883,0.13602973300508586,0.1360297330291154,0.13602973300508586,0.1360297329805883,0.13503425247126388,0.13503425248663933,0.13503425249934395,0.13503425248663933,0.13503425247126388,0.13503425248663933,0.13503425251140955,0.13503425253599013,0.13503425251140955,0.13503425248663933,0.13503425249934395,0.13503425253599013,0.13503425258071994,0.13503425253599013,0.13503425249934395,0.13503425248663933,0.13503425251140955,0.13503425253599013,0.13503425251140955,0.13503425248663933,0.13503425247126388,0.13503425248663933,0.13503425249934395,0.13503425248663933,0.13503425247126388
0.16533248772148135,0.16533248772148135,0.16533248772148135,0.16533248772148135,0.16533248772148135,0.16533248772148135,0.16533248772148135,0.16533248772148135,0.16533248772148135,0.16533248772148135,0.16533248772148135,0.16533248772148135,0.16533248772148135,0.16533248772148135,0.16533248772148135,0.16533248772148135,0.16533248772148135,0.16533248772148135,0.16533248772148135,0.16533248772148135,0.16533248772148135,0.16533248772148135,0.16533248772148135,0.16533248772148135,0.16533248772148135,0.1637574940039681,0.1637574940039681,0.1637574940039681,0.1637574940039681,0.1637574940039681,0.1637574940039681,0.1637574940039681,0.1637574940039681,0.1637574940039681,0.1637574940039681,0.1637574940039681,0.1637574940039681,0.1637574940039681,0.1637574940039681,0.1637574940039681,0.1637574940039681,0.1637574940039681,0.1637574940039681,0.1637574940039681,0.1637574940039681,0.1637574940039681,0.1637574940039681,0.1637574940039681,0.1637574940039681,0.1637574940039681,0.16221388421833557,0.16221388421833557,0.16221388421833557,0.16221388421833557,0.16221388421833557,0.16221388421833557,0.16221388421833557,0.16221388421833557,0.16221388421833557,0.16221388421833557,0.16221388421833557,0.16221388421833557,0.16221388421833535,0.16221388421833557,0.16221388421833557,0.16221388421833557,0.16221388421833557,0.16221388421833557,0.16221388421833557,0.16221388421833557,0.16221388421833557,0.16221388421833557,0.16221388421833557,0.16221388421833557,0.16221388421833557,0.16070106732162412,0.1607010673216239,0.1607010673216239,0.16070106732162412,0.16070106732162412,0.1607010673216239,0.1607010673216239,0.16070106732162365,0.1607010673216239,0.16070106732162412,0.1607010673216239,0.16070106732162365,0.16070106732162365,0.16070106732162365,0.1607010673216239,0.16070106732162412,0.1607010673216239,0.16070106732162365,0.1607010673216239,0.16070106732162412,0.16070106732162412,0.16070106732162412,0.1607010673216239,0.16070106732162412,0.16070106732162412,0.15921845168881224,0.1592184516888116,0.1592184516888114,0.1592184516888116,0.15921845168881224,0.1592184516888116,0.15921845168881119,0.15921845168881094,0.15921845168881119,0.1592184516888116,0.1592184516888114,0.15921845168881094,0.15921845168881052,0.15921845168881094,0.1592184516888114,0.1592184516888116,0.15921845168881119,0.15921845168881094,0.15921845168881119,0.1592184516888116,0.15921845168881224,0.1592184516888116,0.1592184516888114,0.1592184516888116,0.15921845168881224,0.15776544646466736,0.15776544646466586,0.1577654464646648,0.15776544646466586,0.15776544646466736,0.15776544646466586,0.15776544646466417,0.1577654464646633,0.15776544646466417,0.15776544646466586,0.1577654464646648,0.1577654464646633,0.15776544646466223,0.1577654464646633,0.1577654464646648,0.15776544646466586,0.15776544646466417,0.1577654464646633,0.15776544646466417,0.15776544646466586,0.15776544646466736,0.15776544646466586,0.1577654464646648,0.15776544646466586,0.15776544646466736,0.15634146277807046,0.15634146277806565,0.1563414627780627,0.15634146277806565,0.15634146277807046,0.15634146277806565,0.15634146277806066,0.1563414627780575,0.15634146277806066,0.15634146277806565,0.1563414627780627,0.1563414627780575,0.15634146277805416,0.1563414627780575,0.1563414627780627,0.15634146277806565,0.15634146277806066,0.1563414627780575,0.15634146277806066,0.15634146277806565,0.15634146277807046,0.15634146277806565,0.1563414627780627,0.15634146277806565,0.15634146277807046,0.1549459148290789,0.15494591482906456,0.15494591482905537,0.15494591482906456,0.1549459148290789,0.15494591482906456,0.1549459148290488,0.15494591482903874,0.1549459148290488,0.15494591482906456,0.15494591482905537,0.15494591482903874,0.1549459148290279,0.15494591482903874,0.15494591482905537,0.15494591482906456,0.1549459148290488,0.15494591482903874,0.1549459148290488,0.15494591482906456,0.1549459148290789,0.15494591482906456,0.15494591482905537,0.15494591482906456,0.1549459148290789,0.1535782208584408,0.15357822085839742,0.1535782208583693,0.15357822085839742,0.1535782208584408,0.15357822085839742,0.15357822085834844,0.15357822085831588,0.15357822085834844,0.15357822085839742,0.1535782208583693,0.15357822085831588,0.15357822085827952,0.15357822085831588,0.1535782208583693,0.15357822085839742,0.15357822085834844,0.15357822085831588,0.15357822085834844,0.15357822085839742,0.1535782208584408,0.15357822085839742,0.1535782208583693,0.15357822085839742,0.1535782208584408,0.15223780400872278,0.15223780400859505,0.1522378040085102,0.15223780400859505,0.15223780400872278,0.15223780400859505,0.1522378040084429,0.15223780400833717,0.1522378040084429,0.15223780400859505,0.1522378040085102,0.15223780400833717,0.15223780400821513,0.15223780400833717,0.1522378040085102,0.15223780400859505,0.1522378040084429,0.15223780400833717,0.1522378040084429,0.15223780400859505,0.15223780400872278,0.15223780400859505,0.1522378040085102,0.15223780400859505,0.15223780400872278,0.15092409308569266,0.15092409308532806,0.1509240930850759,0.15092409308532806,0.15092409308569266,0.15092409308532806,0.15092409308486313,0.1509240930845201,0.15092409308486313,0.15092409308532806,0.1509240930850759,0.1509240930845201,0.15092409308409008,0.1509240930845201,0.1509240930850759,0.15092409308532806,0.15092409308486313,0.1509240930845201,0.15092409308486313,0.15092409308532806,0.15092409308569266,0.15092409308532806,0.1509240930850759,0.15092409308532806,0.15092409308569266,0.14963652322811094,0.14963652322711524,0.14963652322638119,0.14963652322711524,0.14963652322811094,0.14963652322711524,0.1496365232257281,0.1496365232245883,0.1496365232257281,0.14963652322711524,0.14963652322638119,0.1496365232245883,0.14963652322295384,0.1496365232245883,0.14963652322638119,0.14963652322711524,0.1496365232257281,0.1496365232245883,0.1496365232257281,0.14963652322711524,0.14963652322811094,0.14963652322711524,0.14963652322638119,0.14963652322711524,0.14963652322811094,0.14837453649366414,0.14837453649113122,0.14837453648907928,0.14837453649113122,0.14837453649366414,0.14837453649113122,0.1483745364871572,0.1483745364833031,0.1483745364871572,0.14837453649113122,0.14837453648907928,0.1483745364833031,0.1483745364764268,0.1483745364833031,0.14837453648907928,0.14837453649113122,0.1483745364871572,0.1483745364833031,0.1483745364871572,0.14837453649113122,0.14837453649366414,0.14837453649113122,0.14837453648907928,0.14837453649113122,0.14837453649366414,0.14713758236837227,0.14713758236265007,0.14713758235737603,0.14713758236265007,0.14713758236837227,0.14713758236265007,0.14713758235220006,0.14713758233934673,0.14713758235220006,0.14713758236265007,0.14713758235737603,0.14713758233934673,0.14713758230666446,0.14713758233934673,0.14713758235737603,0.14713758236265007,0.14713758235220006,0.14713758233934673,0.14713758235220006,0.14713758236265007,0.14713758236837227,0.14713758236265007,0.14713758235737603,0.14713758236265007,0.14713758236837227,0.14592511820598347,0.14592511819553147,0.14592511818437895,0.14592511819553147,0.14592511820598347,0.14592511819553147,0.1459251181730747,0.14592511813533438,0.1459251181730747,0.14592511819553147,0.14592511818437895,0.14592511813533438,0.14592511795913404,0.14592511813533438,0.14592511818437895,0.14592511819553147,0.1459251181730747,0.14592511813533438,0.1459251181730747,0.14592511819553147,0.14592511820598347,0.14592511819553147,0.14592511818437895,0.14592511819553147,0.14592511820598347,0.14473660960124185,0.1447366095883173,0.14473660957490264,0.1447366095883173,0.14473660960124185,0.1447366095883173,0.1447366095613368,0.14473660951894124,0.1447366095613368,0.1447366095883173,0.14473660957490264,0.14473660951894124,0.14473660934299412,0.14473660951894124,0.14473660957490264,0.1447366095883173,0.1447366095613368,0.14473660951894124,0.1447366095613368,0.1447366095883173,0.14473660960124185,0.1447366095883173,0.14473660957490264,0.1447366095883173,0.14473660960124185,0.14357153069684628,0.14357153068308334,0.14357153066908337,0.14357153068308334,0.14357153069684628,0.14357153068308334,0.14357153065497172,0.14357153061233055,0.14357153065497172,0.14357153068308334,0.14357153066908337,0.14357153061233055,0.14357153044217622,0.14357153061233055,0.14357153066908337,0.14357153068308334,0.14357153065497172,0.14357153061233055,0.14357153065497172,0.14357153068308334,0.14357153069684628,0.14357153068308334,0.14357153066908337,0.14357153068308334,0.14357153069684628,0.14242936444605495,0.14242936443228318,0.14242936441809875,0.14242936443228318,0.14242936444605495,0.14242936443228318,0.14242936440374002,0.1424293643598425,0.14242936440374002,0.14242936443228318,0.14242936441809875,0.1424293643598425,0.14242936418273075,0.1424293643598425,0.14242936441809875,0.14242936443228318,0.14242936440374002,0.1424293643598425,0.14242936440374002,0.14242936443228318,0.14242936444605495,0.14242936443228318,0.14242936441809875,0.14242936443228318,0.14242936444605495,0.1413096028271855,0.1413096028148535,0.14130960280143506,0.1413096028148535,0.1413096028271855,0.1413096028148535,0.1413096027876647,0.14130960274281043,0.1413096027876647,0.1413096028148535,0.14130960280143506,0.14130960274281043,0.14130960255006653,0.14130960274281043,0.14130960280143506,0.1413096028148535,0.1413096027876647,0.14130960274281043,0.1413096027876647,0.1413096028148535,0.1413096028271855,0.1413096028148535,0.14130960280143506,0.1413096028148535,0.1413096028271855,0.1402117470112232,0.14021174700407113,0.14021174699504804,0.14021174700407113,0.1402117470112232,0.14021174700407113,0.14021174698552333,0.14021174694903227,0.14021174698552333,0.14021174700407113,0.14021174699504804,0.14021174694903227,0.14021174676319853,0.14021174694903227,0.14021174699504804,0.14021174700407113,0.14021174698552333,0.14021174694903227,0.14021174698552333,0.14021174700407113,0.1402117470112232,0.14021174700407113,0.14021174699504804,0.14021174700407113,0.1402117470112232,0.13913530748618227,0.13913530749058428,0.1391353074938036,0.13913530749058428,0.13913530748618227,0.13913530749058428,0.139135307496747,0.1391353075006478,0.139135307496747,0.13913530749058428,0.1391353074938036,0.1391353075006478,0.13913530749908168,0.1391353075006478,0.1391353074938036,0.13913530749058428,0.139135307496747,0.1391353075006478,0.139135307496747,0.13913530749058428,0.13913530748618227,0.13913530749058428,0.1391353074938036,0.13913530749058428,0.13913530748618227,0.138079804144778,0.13807980416482732,0.13807980418516472,0.13807980416482732,0.138079804144778,0.13807980416482732,0.13807980420582153,0.13807980426268124,0.13807980420582153,0.13807980416482732,0.13807980418516472,0.13807980426268124,0.1380798044244344,0.13807980426268124,0.13807980418516472,0.13807980416482732,0.13807980420582153,0.13807980426268124,0.13807980420582153,0.13807980416482732,0.138079804144778,0.13807980416482732,0.13807980418516472,0.13807980416482732,0.138079804144778,0.1370447663498205,0.13704476638449856,0.13704476642675853,0.13704476638449856,0.1370447663498205,0.13704476638449856,0.13704476647063268,0.13704476664431273,0.13704476647063268,0.13704476638449856,0.13704476642675853,0.13704476664431273,0.13704476760892062,0.13704476664431273,0.13704476642675853,0.13704476638449856,0.13704476647063268,0.13704476664431273,0.13704476647063268,0.13704476638449856,0.1370447663498205,0.13704476638449856,0.13704476642675853,0.13704476638449856,0.1370447663498205,0.13602973297641435,0.13602973300078175,0.1360297330246832,0.13602973300078175,0.13602973297641435,0.13602973300078175,0.13602973304868232,0.1360297331128514,0.13602973304868232,0.13602973300078175,0.1360297330246832,0.1360297331128514,0.13602973329111773,0.1360297331128514,0.1360297330246832,0.13602973300078175,0.13602973304868232,0.1360297331128514,0.13602973304868232,0.13602973300078175,0.13602973297641435,0.13602973300078175,0.1360297330246832,0.13602973300078175,0.13602973297641435,0.1350342524670063,0.1350342524822997,0.1350342524949366,0.1350342524822997,0.1350342524670063,0.1350342524822997,0.13503425250693787,0.13503425253138696,0.1350342525069377,0.1350342524822997,0.1350342524949366,0.13503425253138696,0.1350342525758777,0.13503425253138696,0.1350342524949366,0.1350342524822997,0.1350342525069377,0.13503425253138696,0.1350342525069377,0.1350342524822997,0.1350342524670063,0.1350342524822997,0.1350342524949366,0.1350342524822997,0.1350342524670063
0.16533248772288478,0.16533248772288478,0.16533248772288478,0.16533248772288478,0.16533248772288478,0.16533248772288478,0.16533248772288478,0.16533248772288478,0.16533248772288478,0.16533248772288478,0.16533248772288478,0.16533248772288478,0.16533248772288478,0.16533248772288478,0.16533248772288478,0.16533248772288478,0.16533248772288478,0.16533248772288478,0.16533248772288478,0.16533248772288478,0.16533248772288478,0.16533248772288478,0.16533248772288478,0.16533248772288478,0.16533248772288478,0.1637574940053436,0.1637574940053436,0.1637574940053436,0.1637574940053436,0.1637574940053436,0.1637574940053436,0.1637574940053436,0.1637574940053436,0.1637574940053436,0.1637574940053436,0.1637574940053436,0.1637574940053436,0.16375749400534337,0.1637574940053436,0.1637574940053436,0.1637574940053436,0.1637574940053436,0.1637574940053436,0.1637574940053436,0.1637574940053436,0.1637574940053436,0.1637574940053436,0.1637574940053436,0.1637574940053436,0.1637574940053436,0.16221388421968339,0.16221388421968339,0.16221388421968316,0.16221388421968339,0.16221388421968339,0.16221388421968339,0.16221388421968316,0.16221388421968316,0.16221388421968316,0.16221388421968339,0.16221388421968316,0.16221388421968316,0.16221388421968316,0.16221388421968316,0.16221388421968316,0.16221388421968339,0.16221388421968316,0.16221388421968316,0.16221388421968316,0.16221388421968339,0.16221388421968339,0.16221388421968339,0.16221388421968316,0.16221388421968339,0.16221388421968339,0.16070106732294479,0.1607010673229446,0.16070106732294437,0.1607010673229446,0.16070106732294479,0.1607010673229446,0.16070106732294437,0.16070106732294437,0.16070106732294437,0.1607010673229446,0.16070106732294437,0.16070106732294437,0.16070106732294415,0.16070106732294437,0.16070106732294437,0.1607010673229446,0.16070106732294437,0.16070106732294437,0.16070106732294437,0.1607010673229446,0.16070106732294479,0.1607010673229446,0.16070106732294437,0.1607010673229446,0.16070106732294479,0.15921845169010593,0.1592184516901055,0.1592184516901053,0.1592184516901055,0.15921845169010593,0.1592184516901055,0.15921845169010507,0.15921845169010462,0.15921845169010507,0.1592184516901055,0.1592184516901053,0.15921845169010462,0.1592184516901044,0.15921845169010462,0.1592184516901053,0.1592184516901055,0.15921845169010507,0.15921845169010462,0.15921845169010507,0.1592184516901055,0.15921845169010593,0.1592184516901055,0.1592184516901053,0.1592184516901055,0.15921845169010593,0.15776544646593477,0.1577654464659333,0.15776544646593244,0.1577654464659333,0.15776544646593477,0.1577654464659333,0.1577654464659318,0.15776544646593071,0.1577654464659318,0.1577654464659333,0.15776544646593244,0.15776544646593071,0.15776544646592963,0.15776544646593071,0.15776544646593244,0.1577654464659333,0.1577654464659318,0.15776544646593071,0.1577654464659318,0.1577654464659333,0.15776544646593477,0.1577654464659333,0.15776544646593244,0.1577654464659333,0.157765446465935,0.15634146277931213,0.15634146277930733,0.15634146277930439,0.15634146277930733,0.15634146277931213,0.15634146277930733,0.15634146277930233,0.15634146277929917,0.15634146277930233,0.15634146277930733,0.15634146277930439,0.15634146277929917,0.15634146277929584,0.15634146277929917,0.15634146277930439,0.15634146277930733,0.15634146277930233,0.15634146277929917,0.15634146277930233,0.15634146277930733,0.15634146277931213,0.15634146277930733,0.15634146277930439,0.15634146277930733,0.15634146277931213,0.15494591483029518,0.15494591483028083,0.15494591483027162,0.15494591483028083,0.15494591483029518,0.15494591483028083,0.15494591483026507,0.15494591483025502,0.15494591483026507,0.15494591483028083,0.15494591483027162,0.15494591483025502,0.15494591483024414,0.15494591483025502,0.15494591483027162,0.15494591483028083,0.15494591483026507,0.15494591483025502,0.15494591483026507,0.15494591483028083,0.15494591483029518,0.15494591483028083,0.15494591483027162,0.15494591483028083,0.15494591483029518,0.15357822085963183,0.15357822085958864,0.15357822085956072,0.15357822085958864,0.15357822085963183,0.15357822085958864,0.15357822085953962,0.1535782208595073,0.15357822085953962,0.15357822085958864,0.15357822085956072,0.1535782208595073,0.15357822085947115,0.1535782208595073,0.15357822085956072,0.15357822085958864,0.15357822085953962,0.1535782208595073,0.15357822085953962,0.15357822085958864,0.15357822085963183,0.15357822085958864,0.15357822085956072,0.15357822085958864,0.15357822085963183,0.15223780400988865,0.1522378040097615,0.15223780400967687,0.1522378040097615,0.15223780400988865,0.1522378040097615,0.15223780400960973,0.15223780400950443,0.15223780400960973,0.1522378040097615,0.15223780400967687,0.15223780400950443,0.15223780400938278,0.15223780400950443,0.15223780400967687,0.1522378040097615,0.15223780400960973,0.15223780400950443,0.15223780400960973,0.1522378040097615,0.15223780400988865,0.1522378040097615,0.15223780400967687,0.1522378040097615,0.15223780400988865,0.15092409308683322,0.15092409308646976,0.15092409308621837,0.15092409308646976,0.15092409308683322,0.15092409308646976,0.15092409308600635,0.1509240930856645,0.15092409308600635,0.15092409308646976,0.15092409308621837,0.1509240930856645,0.15092409308523563,0.1509240930856645,0.15092409308621837,0.15092409308646976,0.15092409308600635,0.1509240930856645,0.15092409308600635,0.15092409308646976,0.15092409308683322,0.15092409308646976,0.15092409308621837,0.15092409308646976,0.15092409308683322,0.14963652322922408,0.14963652322823157,0.1496365232275,0.14963652322823157,0.14963652322922408,0.14963652322823157,0.1496365232268488,0.14963652322571258,0.1496365232268488,0.14963652322823157,0.1496365232275,0.14963652322571258,0.14963652322408327,0.14963652322571258,0.1496365232275,0.14963652322823157,0.1496365232268488,0.14963652322571258,0.1496365232268488,0.14963652322823157,0.14963652322922408,0.14963652322823157,0.1496365232275,0.14963652322823157,0.14963652322922408,0.1483745364947437,0.14837453649221877,0.14837453649017346,0.14837453649221877,0.1483745364947437,0.14837453649221877,0.1483745364882577,0.14837453648441545,0.1483745364882577,0.14837453649221877,0.14837453649017346,0.14837453648441545,0.14837453647756027,0.14837453648441545,0.14837453649017346,0.14837453649221877,0.1483745364882577,0.14837453648441545,0.1483745364882577,0.14837453649221877,0.1483745364947437,0.14837453649221877,0.14837453649017346,0.14837453649221877,0.1483745364947437,0.147137582369401,0.14713758236369806,0.14713758235844124,0.14713758236369806,0.147137582369401,0.14713758236369806,0.14713758235328184,0.14713758234046884,0.14713758235328184,0.14713758236369806,0.14713758235844124,0.14713758234046884,0.14713758230788554,0.14713758234046884,0.14713758235844124,0.14713758236369806,0.14713758235328184,0.14713758234046884,0.14713758235328184,0.14713758236369806,0.147137582369401,0.14713758236369806,0.14713758235844124,0.14713758236369806,0.147137582369401,0.14592511820692203,0.14592511819650672,0.14592511818539194,0.14592511819650672,0.14592511820692203,0.14592511819650672,0.14592511817412546,0.14592511813650444,0.14592511817412546,0.14592511819650672,0.14592511818539194,0.14592511813650444,0.1459251179608123,0.14592511813650444,0.14592511818539194,0.14592511819650672,0.14592511817412546,0.14592511813650444,0.14592511817412546,0.14592511819650672,0.14592511820692203,0.14592511819650672,0.14592511818539194,0.14592511819650672,0.14592511820692203,0.14473660960201354,0.14473660958914117,0.1447366095757787,0.14473660958914117,0.14473660960201354,0.14473660958914117,0.14473660956226558,0.14473660952002798,0.14473660956226558,0.14473660958914117,0.1447366095757787,0.14473660952002798,0.14473660934472515,0.14473660952002798,0.1447366095757787,0.14473660958914117,0.14473660956226558,0.14473660952002798,0.14473660956226558,0.14473660958914117,0.14473660960201354,0.14473660958914117,0.1447366095757787,0.14473660958914117,0.14473660960201354,0.14357153069734166,0.1435715306836451,0.14357153066971204,0.1435715306836451,0.14357153069734166,0.1435715306836451,0.14357153065566744,0.14357153061322597,0.14357153065566744,0.1435715306836451,0.14357153066971204,0.14357153061322597,0.14357153044387092,0.14357153061322597,0.14357153066971204,0.1435715306836451,0.14357153065566744,0.14357153061322597,0.14357153065566744,0.1435715306836451,0.14357153069734166,0.1435715306836451,0.14357153066971204,0.1435715306836451,0.14357153069734166,0.14242936444613344,0.14242936443244136,0.14242936441833945,0.14242936443244136,0.14242936444613344,0.14242936443244136,0.14242936440406428,0.14242936436042225,0.14242936440406428,0.14242936443244136,0.14242936441833945,0.14242936436042225,0.1424293641843677,0.14242936436042225,0.14242936441833945,0.14242936443244136,0.14242936440406428,0.14242936436042225,0.14242936440406428,0.14242936443244136,0.14242936444613344,0.14242936443244136,0.14242936441833945,0.14242936443244136,0.14242936444613344,0.14130960282667646,0.14130960281442903,0.14130960280110316,0.14130960281442903,0.14130960282667646,0.14130960281442903,0.14130960278742782,0.1413096027428851,0.14130960278742782,0.14130960281442903,0.14130960280110316,0.1413096027428851,0.14130960255148442,0.1413096027428851,0.14130960280110316,0.14130960281442903,0.14130960278742782,0.1413096027428851,0.14130960278742782,0.14130960281442903,0.14130960282667646,0.14130960281442903,0.14130960280110316,0.14130960281442903,0.14130960282667646,0.14021174700994443,0.1402117470028543,0.14021174699390734,0.1402117470028543,0.14021174700994443,0.1402117470028543,0.1402117469844623,0.14021174694827393,0.1402117469844623,0.1402117470028543,0.14021174699390734,0.14021174694827393,0.14021174676399958,0.14021174694827393,0.14021174699390734,0.1402117470028543,0.1402117469844623,0.14021174694827393,0.1402117469844623,0.1402117470028543,0.14021174700994443,0.1402117470028543,0.14021174699390734,0.1402117470028543,0.14021174700994443,0.13913530748399577,0.1391353074883889,0.13913530749160521,0.1391353074883889,0.13913530748399577,0.1391353074883889,0.13913530749454733,0.1391353074984646,0.13913530749454733,0.1391353074883889,0.13913530749160521,0.1391353074984646,0.13913530749700662,0.1391353074984646,0.13913530749160521,0.1391353074883889,0.13913530749454733,0.1391353074984646,0.13913530749454733,0.1391353074883889,0.13913530748399577,0.1391353074883889,0.13913530749160521,0.1391353074883889,0.13913530748399577,0.13807980414168924,0.13807980416163843,0.1380798041818729,0.13807980416163843,0.13807980414168924,0.13807980416163843,0.13807980420242502,0.13807980425899202,0.13807980420242502,0.13807980416163843,0.1380798041818729,0.13807980425899202,0.13807980441990192,0.13807980425899202,0.1380798041818729,0.13807980416163843,0.13807980420242502,0.13807980425899202,0.13807980420242502,0.13807980416163843,0.13807980414168924,0.13807980416163843,0.1380798041818729,0.13807980416163843,0.13807980414168924,0.13704476634602375,0.13704476638051935,0.1370447664225558,0.13704476638051935,0.13704476634602375,0.13704476638051935,0.13704476646619757,0.13704476663895365,0.13704476646619757,0.13704476638051935,0.1370447664225558,0.13704476663895365,0.13704476759839612,0.13704476663895365,0.1370447664225558,0.13704476638051935,0.13704476646619757,0.13704476663895365,0.13704476646619757,0.13704476638051935,0.13704476634602375,0.13704476638051935,0.1370447664225558,0.13704476638051935,0.13704476634602375,0.136029732972275,0.13602973299651328,0.13602973302028787,0.13602973299651328,0.136029732972275,0.13602973299651328,0.13602973304415947,0.1360297331079871,0.13602973304415947,0.13602973299651328,0.13602973302028787,0.1360297331079871,0.13602973328530288,0.1360297331079871,0.13602973302028787,0.13602973299651328,0.13602973304415947,0.1360297331079871,0.13602973304415947,0.13602973299651328,0.136029732972275,0.13602973299651328,0.13602973302028787,0.13602973299651328,0.136029732972275,0.13503425246278383,0.13503425247799616,0.13503425249056583,0.13503425247799616,0.13503425246278383,0.13503425247799616,0.1350342525025033,0.13503425252682227,0.13503425250250317,0.13503425247799616,0.13503425249056583,0.13503425252682227,0.1350342525710759,0.13503425252682227,0.13503425249056583,0.13503425247799616,0.13503425250250317,0.13503425252682227,0.1350342525025033,0.13503425247799616,0.13503425246278383,0.13503425247799616,0.13503425249056583,0.13503425247799616,0.13503425246278383
0.1653324877242771,0.1653324877242771,0.1653324877242771,0.1653324877242771,0.1653324877242771,0.1653324877242771,0.1653324877242771,0.1653324877242771,0.1653324877242771,0.1653324877242771,0.1653324877242771,0.1653324877242771,0.1653324877242771,0.1653324877242771,0.1653324877242771,0.1653324877242771,0.1653324877242771,0.1653324877242771,0.1653324877242771,0.1653324877242771,0.1653324877242771,0.1653324877242771,0.1653324877242771,0.1653324877242771,0.1653324877242771,0.1637574940067082,0.1637574940067082,0.16375749400670794,0.1637574940067082,0.1637574940067082,0.1637574940067082,0.16375749400670794,0.16375749400670794,0.16375749400670794,0.1637574940067082,0.16375749400670794,0.16375749400670794,0.16375749400670794,0.16375749400670794,0.16375749400670794,0.1637574940067082,0.16375749400670794,0.16375749400670794,0.16375749400670794,0.1637574940067082,0.1637574940067082,0.1637574940067082,0.16375749400670794,0.1637574940067082,0.1637574940067082,0.16221388422102057,0.16221388422102057,0.16221388422102032,0.16221388422102057,0.16221388422102057,0.16221388422102057,0.16221388422102032,0.16221388422102032,0.16221388422102032,0.16221388422102057,0.16221388422102032,0.16221388422102032,0.16221388422102032,0.16221388422102032,0.16221388422102032,0.16221388422102057,0.16221388422102032,0.16221388422102032,0.16221388422102032,0.16221388422102057,0.16221388422102057,0.16221388422102057,0.16221388422102032,0.16221388422102057,0.16221388422102057,0.16070106732425482,0.16070106732425482,0.16070106732425463,0.16070106732425482,0.16070106732425482,0.16070106732425482,0.16070106732425463,0.16070106732425438,0.16070106732425463,0.16070106732425482,0.16070106732425463,0.16070106732425438,0.16070106732425438,0.16070106732425438,0.16070106732425463,0.16070106732425482,0.16070106732425463,0.16070106732425438,0.16070106732425463,0.16070106732425482,0.16070106732425482,0.16070106732425482,0.16070106732425463,0.16070106732425482,0.16070106732425482,0.1592184516913896,0.15921845169138915,0.15921845169138896,0.15921845169138915,0.1592184516913896,0.15921845169138915,0.1592184516913887,0.15921845169138826,0.1592184516913887,0.15921845169138915,0.15921845169138896,0.15921845169138826,0.15921845169138804,0.15921845169138826,0.15921845169138896,0.15921845169138915,0.1592184516913887,0.15921845169138826,0.1592184516913887,0.15921845169138915,0.1592184516913896,0.15921845169138915,0.15921845169138896,0.15921845169138915,0.1592184516913896,0.15776544646719237,0.15776544646719087,0.15776544646719,0.15776544646719087,0.15776544646719237,0.15776544646719087,0.1577654464671894,0.15776544646718832,0.1577654464671894,0.15776544646719087,0.15776544646719,0.15776544646718832,0.15776544646718726,0.15776544646718832,0.15776544646719,0.15776544646719087,0.1577654464671894,0.15776544646718832,0.1577654464671894,0.15776544646719087,0.15776544646719237,0.15776544646719087,0.15776544646719,0.15776544646719087,0.15776544646719237,0.156341462780544,0.15634146278053918,0.15634146278053626,0.15634146278053918,0.156341462780544,0.15634146278053918,0.15634146278053435,0.15634146278053104,0.15634146278053435,0.15634146278053918,0.15634146278053626,0.15634146278053104,0.15634146278052788,0.15634146278053104,0.15634146278053626,0.15634146278053918,0.15634146278053435,0.15634146278053104,0.15634146278053435,0.15634146278053918,0.156341462780544,0.15634146278053918,0.15634146278053626,0.15634146278053918,0.156341462780544,0.1549459148315016,0.15494591483148729,0.15494591483147824,0.15494591483148729,0.1549459148315016,0.15494591483148729,0.1549459148314717,0.15494591483146167,0.1549459148314717,0.15494591483148729,0.15494591483147824,0.15494591483146167,0.15494591483145098,0.15494591483146167,0.15494591483147824,0.15494591483148729,0.1549459148314717,0.15494591483146167,0.1549459148314717,0.15494591483148729,0.1549459148315016,0.15494591483148729,0.15494591483147824,0.15494591483148729,0.1549459148315016,0.15357822086081338,0.1535782208607704,0.1535782208607425,0.1535782208607704,0.15357822086081338,0.1535782208607704,0.1535782208607216,0.15357822086068926,0.1535782208607216,0.1535782208607704,0.1535782208607425,0.15357822086068926,0.1535782208606531,0.15357822086068926,0.1535782208607425,0.1535782208607704,0.1535782208607216,0.15357822086068926,0.1535782208607216,0.1535782208607704,0.15357822086081338,0.1535782208607704,0.1535782208607425,0.1535782208607704,0.15357822086081338,0.1522378040110455,0.15223780401091852,0.15223780401083425,0.15223780401091852,0.1522378040110455,0.15223780401091852,0.15223780401076734,0.15223780401066223,0.15223780401076734,0.15223780401091852,0.15223780401083425,0.15223780401066223,0.15223780401054116,0.15223780401066223,0.15223780401083425,0.15223780401091852,0.15223780401076734,0.15223780401066223,0.15223780401076734,0.15223780401091852,0.1522378040110455,0.15223780401091852,0.15223780401083425,0.15223780401091852,0.1522378040110455,0.1509240930879647,0.15092409308760238,0.15092409308735177,0.15092409308760238,0.1509240930879647,0.15092409308760238,0.15092409308714033,0.15092409308679963,0.15092409308714033,0.15092409308760238,0.15092409308735177,0.15092409308679963,0.15092409308637214,0.15092409308679963,0.15092409308735177,0.15092409308760238,0.15092409308714033,0.15092409308679963,0.15092409308714033,0.15092409308760238,0.1509240930879647,0.15092409308760238,0.15092409308735177,0.15092409308760238,0.1509240930879647,0.14963652323032833,0.14963652322933904,0.14963652322860974,0.14963652322933904,0.14963652323032833,0.14963652322933904,0.14963652322796062,0.149636523226828,0.14963652322796062,0.14963652322933904,0.14963652322860974,0.149636523226828,0.14963652322520357,0.149636523226828,0.14963652322860974,0.14963652322933904,0.14963652322796062,0.149636523226828,0.14963652322796062,0.14963652322933904,0.14963652323032833,0.14963652322933904,0.14963652322860974,0.14963652322933904,0.14963652323032833,0.14837453649581436,0.14837453649329774,0.14837453649125892,0.14837453649329774,0.14837453649581436,0.14837453649329774,0.14837453648934912,0.14837453648551907,0.1483745364893493,0.14837453649329774,0.14837453649125892,0.14837453648551907,0.14837453647868487,0.14837453648551907,0.14837453649125892,0.14837453649329774,0.1483745364893493,0.14837453648551907,0.1483745364893493,0.14837453649329774,0.14837453649581436,0.14837453649329774,0.14837453649125892,0.14837453649329774,0.14837453649581436,0.14713758237042154,0.14713758236473748,0.14713758235949778,0.14713758236473748,0.14713758237042154,0.14713758236473748,0.14713758235435506,0.14713758234158184,0.14713758235435506,0.14713758236473748,0.14713758235949778,0.14713758234158184,0.14713758230909704,0.14713758234158184,0.14713758235949778,0.14713758236473748,0.14713758235435506,0.14713758234158184,0.14713758235435506,0.14713758236473748,0.14713758237042154,0.14713758236473748,0.14713758235949778,0.14713758236473748,0.14713758237042154,0.14592511820785295,0.1459251181974741,0.14592511818639659,0.1459251181974741,0.14592511820785295,0.1459251181974741,0.14592511817516768,0.14592511813766543,0.14592511817516768,0.1459251181974741,0.14592511818639659,0.14592511813766543,0.14592511796251978,0.14592511813766543,0.14592511818639659,0.1459251181974741,0.14592511817516768,0.14592511813766543,0.14592511817516768,0.1459251181974741,0.14592511820785295,0.1459251181974741,0.14592511818639659,0.1459251181974741,0.14592511820785295,0.1447366096027786,0.1447366095899577,0.14473660957664744,0.1447366095899577,0.1447366096027786,0.1447366095899577,0.14473660956318632,0.144736609521106,0.14473660956318632,0.1447366095899577,0.14473660957664744,0.144736609521106,0.14473660934640414,0.144736609521106,0.14473660957664744,0.1447366095899577,0.14473660956318632,0.144736609521106,0.14473660956318632,0.1447366095899577,0.1447366096027786,0.1447366095899577,0.14473660957664744,0.1447366095899577,0.1447366096027786,0.14357153069783207,0.1435715306842017,0.1435715306703349,0.1435715306842017,0.14357153069783207,0.1435715306842017,0.14357153065635686,0.1435715306141135,0.14357153065635686,0.1435715306842017,0.1435715306703349,0.1435715306141135,0.1435715304455533,0.1435715306141135,0.1435715306703349,0.1435715306842017,0.14357153065635686,0.1435715306141135,0.14357153065635686,0.1435715306842017,0.14357153069783207,0.1435715306842017,0.1435715306703349,0.1435715306842017,0.14357153069783207,0.14242936444620993,0.14242936443259704,0.14242936441857681,0.14242936443259704,0.14242936444620993,0.14242936443259704,0.1424293644043845,0.1424293643609958,0.1424293644043845,0.14242936443259704,0.14242936441857681,0.1424293643609958,0.142429364185939,0.1424293643609958,0.14242936441857681,0.14242936443259704,0.1424293644043845,0.1424293643609958,0.1424293644043845,0.14242936443259704,0.14242936444620993,0.14242936443259704,0.14242936441857681,0.14242936443259704,0.14242936444620993,0.14130960282617008,0.14130960281400634,0.14130960280077212,0.14130960281400634,0.14130960282617008,0.14130960281400634,0.14130960278719085,0.14130960274295665,0.14130960278719085,0.14130960281400634,0.14130960280077212,0.14130960274295665,0.14130960255287084,0.14130960274295665,0.14130960280077212,0.14130960281400634,0.14130960278719085,0.14130960274295665,0.14130960278719085,0.14130960281400634,0.14130960282617008,0.14130960281400634,0.14130960280077212,0.14130960281400634,0.14130960282617008,0.14021174700867475,0.14021174700164557,0.14021174699277375,0.14021174700164557,0.14021174700867475,0.14021174700164557,0.14021174698340755,0.14021174694751778,0.14021174698340755,0.14021174700164557,0.14021174699277375,0.14021174694751778,0.14021174676474685,0.14021174694751778,0.14021174699277375,0.14021174700164557,0.14021174698340755,0.14021174694751778,0.14021174698340755,0.14021174700164557,0.14021174700867475,0.14021174700164557,0.14021174699277375,0.14021174700164557,0.14021174700867475,0.13913530748182615,0.13913530748621042,0.13913530748942374,0.13913530748621042,0.13913530748182615,0.13913530748621042,0.1391353074923643,0.1391353074962975,0.1391353074923643,0.13913530748621042,0.13913530748942374,0.1391353074962975,0.1391353074949455,0.1391353074962975,0.13913530748942374,0.13913530748621042,0.1391353074923643,0.1391353074962975,0.1391353074923643,0.13913530748621042,0.13913530748182615,0.13913530748621042,0.13913530748942374,0.13913530748621042,0.13913530748182615,0.13807980413862578,0.1380798041584756,0.13807980417860818,0.1380798041584756,0.13807980413862578,0.1380798041584756,0.13807980419905627,0.13807980425533337,0.13807980419905627,0.1380798041584756,0.13807980417860818,0.13807980425533337,0.1380798044154077,0.13807980425533337,0.13807980417860818,0.1380798041584756,0.13807980419905627,0.13807980425533337,0.13807980419905627,0.1380798041584756,0.13807980413862578,0.1380798041584756,0.13807980417860818,0.1380798041584756,0.13807980413862578,0.13704476634225862,0.13704476637657345,0.13704476641838856,0.13704476637657345,0.13704476634225862,0.13704476637657345,0.1370447664618001,0.1370447666336406,0.1370447664618001,0.13704476637657345,0.13704476641838856,0.1370447666336406,0.13704476758800324,0.1370447666336406,0.13704476641838856,0.13704476637657345,0.1370447664618001,0.1370447666336406,0.1370447664618001,0.13704476637657345,0.13704476634225862,0.13704476637657345,0.13704476641838856,0.13704476637657345,0.13704476634225862,0.13602973296817042,0.1360297329922809,0.13602973301592994,0.1360297329922809,0.13602973296817042,0.1360297329922809,0.13602973303967508,0.13602973310316444,0.13602973303967508,0.1360297329922809,0.13602973301592994,0.13602973310316444,0.13602973327953857,0.13602973310316444,0.13602973301592994,0.1360297329922809,0.13602973303967508,0.13602973310316444,0.13602973303967508,0.1360297329922809,0.13602973296817042,0.1360297329922809,0.13602973301592994,0.1360297329922809,0.13602973296817042,0.13503425245859713,0.13503425247372908,0.13503425248623233,0.13503425247372908,0.13503425245859713,0.13503425247372908,0.13503425249810652,0.13503425252229662,0.13503425249810652,0.13503425247372908,0.13503425248623233,0.13503425252229662,0.13503425256631524,0.13503425252229662,0.13503425248623233,0.13503425247372908,0.13503425249810652,0.13503425252229662,0.13503425249810652,0.13503425247372908,0.13503425245859713,0.13503425247372908,0.13503425248623233,0.13503425247372908,0.13503425245859713
0.16533248772565812,0.16533248772565812,0.16533248772565812,0.16533248772565812,0.16533248772565812,0.16533248772565812,0.16533248772565812,0.16533248772565812,0.16533248772565812,0.16533248772565812,0.16533248772565812,0.16533248772565812,0.16533248772565812,0.16533248772565812,0.16533248772565812,0.16533248772565812,0.16533248772565812,0.16533248772565812,0.16533248772565812,0.16533248772565812,0.16533248772565812,0.16533248772565812,0.16533248772565812,0.16533248772565812,0.16533248772565812,0.16375749400806147,0.16375749400806147,0.16375749400806147,0.16375749400806147,0.16375749400806147,0.16375749400806147,0.16375749400806147,0.16375749400806147,0.16375749400806147,0.16375749400806147,0.16375749400806147,0.16375749400806147,0.16375749400806147,0.16375749400806147,0.16375749400806147,0.16375749400806147,0.16375749400806147,0.16375749400806147,0.16375749400806147,0.16375749400806147,0.16375749400806147,0.16375749400806147,0.16375749400806147,0.16375749400806147,0.16375749400806147,0.16221388422234684,0.16221388422234684,0.16221388422234662,0.16221388422234684,0.16221388422234684,0.16221388422234684,0.16221388422234662,0.16221388422234662,0.16221388422234662,0.16221388422234684,0.16221388422234662,0.16221388422234662,0.16221388422234662,0.16221388422234662,0.16221388422234662,0.16221388422234684,0.16221388422234662,0.16221388422234662,0.16221388422234662,0.16221388422234684,0.16221388422234684,0.16221388422234684,0.16221388422234662,0.16221388422234684,0.16221388422234684,0.16070106732555445,0.1607010673255542,0.1607010673255542,0.1607010673255542,0.16070106732555445,0.1607010673255542,0.1607010673255542,0.160701067325554,0.1607010673255542,0.1607010673255542,0.1607010673255542,0.160701067325554,0.160701067325554,0.160701067325554,0.1607010673255542,0.1607010673255542,0.1607010673255542,0.160701067325554,0.1607010673255542,0.1607010673255542,0.16070106732555445,0.1607010673255542,0.1607010673255542,0.1607010673255542,0.16070106732555445,0.1592184516926628,0.15921845169266235,0.15921845169266216,0.15921845169266235,0.1592184516926628,0.15921845169266235,0.1592184516926619,0.1592184516926615,0.1592184516926619,0.15921845169266235,0.15921845169266216,0.1592184516926615,0.1592184516926613,0.1592184516926615,0.15921845169266216,0.15921845169266235,0.1592184516926619,0.1592184516926615,0.1592184516926619,0.15921845169266235,0.1592184516926628,0.15921845169266235,0.15921845169266216,0.15921845169266235,0.1592184516926628,0.15776544646843974,0.15776544646843824,0.15776544646843738,0.15776544646843824,0.15776544646843974,0.15776544646843824,0.15776544646843674,0.15776544646843568,0.15776544646843674,0.15776544646843824,0.15776544646843738,0.15776544646843568,0.1577654464684346,0.15776544646843568,0.15776544646843738,0.15776544646843824,0.15776544646843674,0.15776544646843568,0.15776544646843674,0.15776544646843824,0.15776544646843974,0.15776544646843824,0.15776544646843738,0.15776544646843824,0.15776544646843974,0.15634146278176578,0.1563414627817612,0.15634146278175806,0.1563414627817612,0.15634146278176578,0.1563414627817612,0.15634146278175617,0.15634146278175304,0.15634146278175617,0.1563414627817612,0.15634146278175806,0.15634146278175304,0.1563414627817497,0.15634146278175304,0.15634146278175806,0.1563414627817612,0.15634146278175617,0.15634146278175304,0.15634146278175617,0.1563414627817612,0.15634146278176578,0.1563414627817612,0.15634146278175806,0.1563414627817612,0.15634146278176578,0.1549459148326984,0.15494591483268408,0.15494591483267506,0.15494591483268408,0.1549459148326984,0.15494591483268408,0.15494591483266848,0.15494591483265846,0.15494591483266848,0.15494591483268408,0.15494591483267506,0.15494591483265846,0.1549459148326478,0.15494591483265846,0.15494591483267506,0.15494591483268408,0.15494591483266848,0.15494591483265846,0.15494591483266848,0.15494591483268408,0.1549459148326984,0.15494591483268408,0.15494591483267506,0.15494591483268408,0.1549459148326984,0.1535782208619853,0.1535782208619423,0.15357822086191458,0.1535782208619423,0.1535782208619853,0.1535782208619423,0.1535782208618937,0.15357822086186138,0.1535782208618937,0.1535782208619423,0.15357822086191458,0.15357822086186138,0.15357822086182563,0.15357822086186138,0.15357822086191458,0.1535782208619423,0.1535782208618937,0.15357822086186138,0.1535782208618937,0.1535782208619423,0.1535782208619853,0.1535782208619423,0.15357822086191458,0.1535782208619423,0.1535782208619853,0.15223780401219267,0.1522378040120663,0.15223780401198223,0.1522378040120663,0.15223780401219267,0.1522378040120663,0.1522378040119155,0.15223780401181078,0.1522378040119155,0.1522378040120663,0.15223780401198223,0.15223780401181078,0.15223780401168996,0.15223780401181078,0.15223780401198223,0.1522378040120663,0.1522378040119155,0.15223780401181078,0.1522378040119155,0.1522378040120663,0.15223780401219267,0.1522378040120663,0.15223780401198223,0.1522378040120663,0.15223780401219267,0.1509240930890869,0.15092409308872576,0.15092409308847593,0.15092409308872576,0.1509240930890869,0.15092409308872576,0.15092409308826527,0.15092409308792554,0.15092409308826527,0.15092409308872576,0.15092409308847593,0.15092409308792554,0.15092409308749938,0.15092409308792554,0.15092409308847593,0.15092409308872576,0.15092409308826527,0.15092409308792554,0.15092409308826527,0.15092409308872576,0.1509240930890869,0.15092409308872576,0.15092409308847593,0.15092409308872576,0.1509240930890869,0.14963652323142348,0.14963652323043725,0.14963652322971022,0.14963652323043725,0.14963652323142348,0.14963652323043725,0.14963652322906337,0.14963652322793414,0.14963652322906337,0.14963652323043725,0.14963652322971022,0.14963652322793414,0.14963652322631482,0.14963652322793414,0.14963652322971022,0.14963652323043725,0.14963652322906337,0.14963652322793414,0.14963652322906337,0.14963652323043725,0.14963652323142348,0.14963652323043725,0.14963652322971022,0.14963652323043725,0.14963652323142348,0.1483745364968761,0.14837453649436783,0.14837453649233553,0.14837453649436783,0.1483745364968761,0.14837453649436783,0.14837453649043184,0.14837453648661364,0.14837453649043184,0.14837453649436783,0.14837453649233553,0.14837453648661364,0.1483745364798002,0.14837453648661364,0.14837453649233553,0.14837453649436783,0.14837453649043184,0.14837453648661364,0.14837453649043184,0.14837453649436783,0.1483745364968761,0.14837453649436783,0.14837453649233553,0.14837453649436783,0.1483745364968761,0.14713758237143337,0.1471375823657682,0.14713758236054555,0.1471375823657682,0.14713758237143337,0.1471375823657682,0.1471375823554192,0.14713758234268598,0.1471375823554192,0.1471375823657682,0.14713758236054555,0.14713758234268598,0.14713758231029886,0.14713758234268598,0.14713758236054555,0.1471375823657682,0.1471375823554192,0.14713758234268598,0.1471375823554192,0.1471375823657682,0.14713758237143337,0.1471375823657682,0.14713758236054555,0.1471375823657682,0.14713758237143337,0.14592511820877568,0.14592511819843318,0.14592511818739284,0.14592511819843318,0.14592511820877568,0.14592511819843318,0.14592511817620119,0.14592511813881698,0.14592511817620119,0.14592511819843337,0.14592511818739284,0.14592511813881698,0.1459251179641836,0.14592511813881698,0.14592511818739284,0.14592511819843318,0.14592511817620119,0.14592511813881698,0.14592511817620119,0.14592511819843337,0.14592511820877568,0.14592511819843337,0.14592511818739284,0.14592511819843337,0.14592511820877568,0.14473660960353665,0.14473660959076728,0.1447366095775085,0.14473660959076728,0.14473660960353665,0.14473660959076728,0.14473660956409923,0.14473660952217476,0.14473660956409923,0.14473660959076728,0.1447366095775085,0.14473660952217476,0.14473660934811475,0.14473660952217476,0.1447366095775085,0.14473660959076728,0.14473660956409923,0.14473660952217476,0.14473660956409923,0.14473660959076728,0.14473660960353665,0.14473660959076728,0.1447366095775085,0.14473660959076728,0.14473660960353665,0.14357153069831768,0.1435715306847527,0.14357153067095157,0.1435715306847527,0.14357153069831768,0.1435715306847527,0.1435715306570396,0.14357153061499286,0.1435715306570396,0.1435715306847527,0.14357153067095157,0.14357153061499286,0.14357153044718707,0.14357153061499286,0.14357153067095157,0.1435715306847527,0.1435715306570396,0.14357153061499286,0.1435715306570396,0.1435715306847527,0.14357153069831768,0.1435715306847527,0.14357153067095157,0.1435715306847527,0.14357153069831768,0.1424293644462846,0.14242936443275017,0.142429364418811,0.14242936443275017,0.1424293644462846,0.14242936443275017,0.14242936440470055,0.14242936436156295,0.14242936440470055,0.14242936443275017,0.142429364418811,0.14242936436156295,0.1424293641875434,0.14242936436156295,0.142429364418811,0.14242936443275017,0.14242936440470055,0.14242936436156295,0.14242936440470055,0.14242936443275017,0.1424293644462846,0.14242936443275017,0.142429364418811,0.14242936443275017,0.1424293644462846,0.14130960282566646,0.14130960281358548,0.14130960280044202,0.14130960281358548,0.14130960282566646,0.14130960281358548,0.14130960278695384,0.14130960274302504,0.14130960278695384,0.14130960281358548,0.14130960280044202,0.14130960274302504,0.14130960255427305,0.14130960274302504,0.14130960280044202,0.14130960281358548,0.14130960278695384,0.14130960274302504,0.14130960278695384,0.14130960281358548,0.14130960282566646,0.14130960281358548,0.14130960280044202,0.14130960281358548,0.14130960282566646,0.14021174700741407,0.14021174700044517,0.14021174699164757,0.14021174700044517,0.14021174700741407,0.14021174700044517,0.14021174698235891,0.14021174694676428,0.14021174698235891,0.14021174700044517,0.14021174699164757,0.14021174694676428,0.1402117467655212,0.14021174694676428,0.14021174699164757,0.14021174700044517,0.14021174698235891,0.14021174694676428,0.14021174698235891,0.14021174700044517,0.14021174700741407,0.14021174700044517,0.14021174699164757,0.14021174700044517,0.14021174700741407,0.13913530747967362,0.13913530748404904,0.1391353074872592,0.13913530748404904,0.13913530747967362,0.13913530748404904,0.139135307490198,0.13913530749414652,0.139135307490198,0.13913530748404904,0.1391353074872592,0.13913530749414652,0.13913530749289857,0.13913530749414652,0.1391353074872592,0.13913530748404904,0.139135307490198,0.13913530749414652,0.139135307490198,0.13913530748404904,0.13913530747967362,0.13913530748404904,0.1391353074872592,0.13913530748404904,0.13913530747967362,0.1380798041355876,0.13807980415533894,0.13807980417537047,0.13807980415533894,0.1380798041355876,0.13807980415533894,0.13807980419571544,0.1380798042517054,0.13807980419571544,0.13807980415533894,0.13807980417537047,0.1380798042517054,0.13807980441095183,0.1380798042517054,0.13807980417537047,0.13807980415533894,0.13807980419571544,0.1380798042517054,0.13807980419571544,0.13807980415533894,0.1380798041355876,0.13807980415533894,0.13807980417537047,0.13807980415533894,0.1380798041355876,0.13704476633852544,0.1370447663726613,0.1370447664142569,0.1370447663726613,0.13704476633852544,0.1370447663726613,0.13704476645744035,0.1370447666283741,0.13704476645744035,0.1370447663726613,0.1370447664142569,0.1370447666283741,0.13704476757768339,0.1370447666283741,0.1370447664142569,0.1370447663726613,0.13704476645744035,0.1370447666283741,0.13704476645744035,0.1370447663726613,0.13704476633852544,0.1370447663726613,0.1370447664142569,0.1370447663726613,0.13704476633852544,0.136029732964101,0.13602973298808493,0.13602973301160942,0.13602973298808493,0.136029732964101,0.13602973298808493,0.1360297330352295,0.13602973309838345,0.1360297330352295,0.13602973298808493,0.13602973301160942,0.13602973309838345,0.13602973327382498,0.13602973309838345,0.13602973301160942,0.13602973298808493,0.1360297330352295,0.13602973309838345,0.1360297330352295,0.13602973298808493,0.136029732964101,0.13602973298808493,0.13602973301160942,0.13602973298808493,0.136029732964101,0.13503425245444642,0.13503425246949863,0.13503425248193612,0.13503425246949863,0.13503425245444642,0.13503425246949863,0.13503425249374754,0.13503425251781,0.13503425249374754,0.13503425246949863,0.13503425248193612,0.13503425251781,0.13503425256159612,0.13503425251781,0.13503425248193612,0.13503425246949863,0.13503425249374754,0.13503425251781,0.13503425249374754,0.13503425246949863,0.13503425245444642,0.13503425246949863,0.13503425248193612,0.13503425246949863,0.13503425245444642
0.165332487727028,0.165332487727028,0.165332487727028,0.165332487727028,0.165332487727028,0.165332487727028,0.165332487727028,0.165332487727028,0.165332487727028,0.165332487727028,0.165332487727028,0.165332487727028,0.165332487727028,0.165332487727028,0.165332487727028,0.165332487727028,0.165332487727028,0.165332487727028,0.165332487727028,0.165332487727028,0.165332487727028,0.165332487727028,0.165332487727028,0.165332487727028,0.165332487727028,0.16375749400940387,0.16375749400940387,0.16375749400940387,0.16375749400940387,0.16375749400940387,0.16375749400940387,0.16375749400940387,0.16375749400940387,0.16375749400940387,0.16375749400940387,0.16375749400940387,0.16375749400940387,0.16375749400940387,0.16375749400940387,0.16375749400940387,0.16375749400940387,0.16375749400940387,0.16375749400940387,0.16375749400940387,0.16375749400940387,0.16375749400940387,0.16375749400940387,0.16375749400940387,0.16375749400940387,0.16375749400940387,0.16221388422366223,0.16221388422366223,0.16221388422366223,0.16221388422366223,0.16221388422366223,0.16221388422366223,0.162213884223662,0.162213884223662,0.162213884223662,0.16221388422366223,0.16221388422366223,0.162213884223662,0.162213884223662,0.162213884223662,0.16221388422366223,0.16221388422366223,0.162213884223662,0.162213884223662,0.162213884223662,0.16221388422366223,0.16221388422366223,0.16221388422366223,0.16221388422366223,0.16221388422366223,0.16221388422366223,0.16070106732684336,0.16070106732684314,0.16070106732684314,0.16070106732684314,0.16070106732684336,0.16070106732684314,0.16070106732684292,0.16070106732684292,0.16070106732684292,0.16070106732684314,0.16070106732684314,0.16070106732684292,0.16070106732684292,0.16070106732684292,0.16070106732684314,0.16070106732684314,0.16070106732684292,0.16070106732684292,0.16070106732684292,0.16070106732684314,0.16070106732684336,0.16070106732684314,0.16070106732684314,0.16070106732684314,0.16070106732684336,0.1592184516939258,0.15921845169392512,0.1592184516939249,0.15921845169392512,0.1592184516939258,0.15921845169392512,0.1592184516939247,0.15921845169392448,0.1592184516939247,0.15921845169392512,0.1592184516939249,0.15921845169392448,0.15921845169392404,0.15921845169392448,0.1592184516939249,0.15921845169392512,0.1592184516939247,0.15921845169392448,0.1592184516939247,0.15921845169392512,0.1592184516939258,0.15921845169392512,0.1592184516939249,0.15921845169392512,0.1592184516939258,0.1577654464696768,0.15776544646967533,0.15776544646967428,0.15776544646967533,0.1577654464696768,0.15776544646967533,0.15776544646967364,0.15776544646967278,0.15776544646967364,0.15776544646967533,0.15776544646967428,0.15776544646967278,0.1577654464696717,0.15776544646967278,0.15776544646967428,0.15776544646967533,0.15776544646967364,0.15776544646967278,0.15776544646967364,0.15776544646967533,0.1577654464696768,0.15776544646967533,0.15776544646967428,0.15776544646967533,0.1577654464696768,0.15634146278297756,0.15634146278297298,0.15634146278297004,0.15634146278297298,0.15634146278297756,0.15634146278297298,0.15634146278296795,0.15634146278296482,0.15634146278296795,0.15634146278297298,0.15634146278297004,0.15634146278296482,0.15634146278296146,0.15634146278296482,0.15634146278297004,0.15634146278297298,0.15634146278296795,0.15634146278296482,0.15634146278296795,0.15634146278297298,0.15634146278297756,0.15634146278297298,0.15634146278297004,0.15634146278297298,0.15634146278297756,0.15494591483388517,0.15494591483387105,0.15494591483386203,0.15494591483387105,0.15494591483388517,0.15494591483387105,0.15494591483385547,0.1549459148338454,0.15494591483385547,0.15494591483387105,0.15494591483386203,0.1549459148338454,0.15494591483383477,0.1549459148338454,0.15494591483386203,0.15494591483387105,0.15494591483385547,0.1549459148338454,0.15494591483385547,0.15494591483387105,0.15494591483388517,0.15494591483387105,0.15494591483386203,0.15494591483387105,0.15494591483388517,0.15357822086314754,0.1535782208631048,0.15357822086307707,0.1535782208631048,0.15357822086314754,0.1535782208631048,0.15357822086305617,0.15357822086302403,0.15357822086305617,0.1535782208631048,0.15357822086307707,0.15357822086302403,0.1535782208629883,0.15357822086302403,0.15357822086307707,0.1535782208631048,0.15357822086305617,0.15357822086302403,0.15357822086305617,0.1535782208631048,0.15357822086314754,0.1535782208631048,0.15357822086307707,0.1535782208631048,0.15357822086314754,0.1522378040133306,0.15223780401320444,0.15223780401312076,0.15223780401320444,0.1522378040133306,0.15223780401320444,0.15223780401305423,0.15223780401294973,0.15223780401305423,0.15223780401320444,0.15223780401312076,0.15223780401294973,0.15223780401282924,0.15223780401294973,0.15223780401312076,0.15223780401320444,0.15223780401305423,0.15223780401294973,0.15223780401305423,0.15223780401320444,0.1522378040133306,0.15223780401320444,0.15223780401312076,0.15223780401320444,0.1522378040133306,0.15092409309019988,0.15092409308983987,0.15092409308959082,0.15092409308983987,0.15092409309019988,0.15092409308983987,0.15092409308938073,0.15092409308904214,0.15092409308938073,0.15092409308983987,0.15092409308959082,0.15092409308904214,0.15092409308861734,0.15092409308904214,0.15092409308959082,0.15092409308983987,0.15092409308938073,0.15092409308904214,0.15092409308938073,0.15092409308983987,0.15092409309019988,0.15092409308983987,0.15092409308959082,0.15092409308983987,0.15092409309019988,0.1496365232325094,0.14963652323152654,0.14963652323080176,0.14963652323152654,0.1496365232325094,0.14963652323152654,0.14963652323015683,0.1496365232290312,0.14963652323015683,0.14963652323152654,0.14963652323080176,0.1496365232290312,0.1496365232274168,0.1496365232290312,0.14963652323080176,0.14963652323152654,0.14963652323015683,0.1496365232290312,0.14963652323015683,0.14963652323152654,0.1496365232325094,0.14963652323152654,0.14963652323080176,0.14963652323152654,0.1496365232325094,0.14837453649792914,0.14837453649542887,0.14837453649340318,0.14837453649542887,0.14837453649792914,0.14837453649542887,0.14837453649150542,0.14837453648769913,0.14837453649150542,0.14837453649542887,0.14837453649340318,0.14837453648769913,0.14837453648090623,0.14837453648769913,0.14837453649340318,0.14837453649542887,0.14837453649150542,0.14837453648769913,0.14837453649150542,0.14837453649542887,0.14837453649792914,0.14837453649542887,0.14837453649340318,0.14837453649542887,0.14837453649792914,0.14713758237243685,0.1471375823667904,0.14713758236158445,0.1471375823667904,0.14713758237243685,0.1471375823667904,0.14713758235647464,0.14713758234378083,0.14713758235647464,0.1471375823667904,0.14713758236158445,0.14713758234378083,0.14713758231149107,0.14713758234378083,0.14713758236158445,0.1471375823667904,0.14713758235647464,0.14713758234378083,0.14713758235647464,0.1471375823667904,0.14713758237243685,0.1471375823667904,0.14713758236158445,0.1471375823667904,0.14713758237243685,0.14592511820969056,0.14592511819938422,0.14592511818838078,0.14592511819938422,0.14592511820969056,0.14592511819938422,0.1459251181772261,0.14592511813995926,0.1459251181772261,0.14592511819938422,0.14592511818838078,0.14592511813995926,0.1459251179658556,0.14592511813995926,0.14592511818838078,0.14592511819938422,0.1459251181772261,0.14592511813995926,0.1459251181772261,0.14592511819938422,0.14592511820969056,0.14592511819938422,0.14592511818838078,0.14592511819938422,0.14592511820969056,0.14473660960428794,0.1447366095915695,0.1447366095783622,0.1447366095915695,0.14473660960428794,0.1447366095915695,0.14473660956500423,0.14473660952323483,0.14473660956500423,0.1447366095915695,0.1447366095783622,0.14473660952323483,0.14473660934978658,0.14473660952323483,0.1447366095783622,0.1447366095915695,0.14473660956500423,0.14473660952323483,0.14473660956500423,0.1447366095915695,0.14473660960428794,0.1447366095915695,0.1447366095783622,0.1447366095915695,0.14473660960428794,0.14357153069879852,0.14357153068529838,0.14357153067156248,0.14357153068529838,0.14357153069879852,0.14357153068529838,0.143571530657716,0.14357153061586436,0.143571530657716,0.14357153068529838,0.14357153067156248,0.14357153061586436,0.14357153044881246,0.14357153061586436,0.14357153067156248,0.14357153068529838,0.143571530657716,0.14357153061586436,0.143571530657716,0.14357153068529838,0.14357153069879852,0.14357153068529838,0.14357153067156248,0.14357153068529838,0.14357153069879852,0.14242936444635756,0.14242936443290083,0.14242936441904183,0.14242936443290083,0.14242936444635756,0.14242936443290083,0.14242936440501272,0.14242936436212422,0.14242936440501272,0.14242936443290083,0.14242936441904183,0.14242936436212422,0.1424293641890733,0.14242936436212422,0.14242936441904183,0.14242936443290083,0.14242936440501272,0.14242936436212422,0.14242936440501272,0.14242936443290083,0.14242936444635756,0.14242936443290083,0.14242936441904183,0.14242936443290083,0.14242936444635737,0.14130960282516566,0.14130960281316657,0.1413096028001129,0.14130960281316657,0.14130960282516566,0.14130960281316657,0.14130960278671703,0.14130960274309065,0.14130960278671703,0.14130960281316657,0.1413096028001129,0.14130960274309065,0.1413096025556421,0.14130960274309065,0.1413096028001129,0.14130960281316657,0.14130960278671703,0.14130960274309065,0.14130960278671703,0.14130960281316657,0.14130960282516566,0.14130960281316657,0.1413096028001129,0.14130960281316657,0.14130960282516566,0.14021174700616276,0.14021174699925354,0.14021174699052893,0.14021174699925354,0.14021174700616276,0.14021174699925354,0.14021174698131722,0.14021174694601363,0.14021174698131722,0.14021174699925354,0.14021174699052893,0.14021174694601363,0.14021174676623377,0.14021174694601363,0.14021174699052893,0.14021174699925354,0.14021174698131722,0.14021174694601363,0.14021174698131722,0.14021174699925354,0.14021174700616276,0.14021174699925354,0.14021174699052893,0.14021174699925354,0.14021174700616276,0.1391353074775386,0.13913530748190503,0.13913530748511188,0.13913530748190503,0.1391353074775386,0.13913530748190503,0.1391353074880491,0.1391353074920125,0.1391353074880491,0.13913530748190503,0.13913530748511188,0.1391353074920125,0.13913530749086636,0.1391353074920125,0.13913530748511188,0.13913530748190503,0.1391353074880491,0.1391353074920125,0.1391353074880491,0.13913530748190503,0.1391353074775386,0.13913530748190503,0.13913530748511188,0.13913530748190503,0.1391353074775386,0.1380798041325753,0.13807980415222898,0.13807980417216034,0.13807980415222898,0.1380798041325753,0.13807980415222898,0.13807980419240332,0.1380798042481086,0.13807980419240332,0.13807980415222898,0.13807980417216034,0.1380798042481086,0.1380798044065347,0.1380798042481086,0.13807980417216034,0.13807980415222898,0.13807980419240332,0.1380798042481086,0.13807980419240332,0.13807980415222898,0.1380798041325753,0.13807980415222898,0.13807980417216034,0.13807980415222898,0.1380798041325753,0.13704476633482449,0.13704476636878307,0.13704476641016136,0.13704476636878307,0.13704476633482449,0.13704476636878307,0.13704476645311892,0.1370447666231544,0.13704476645311892,0.13704476636878307,0.13704476641016136,0.1370447666231544,0.137044767567473,0.1370447666231544,0.13704476641016136,0.13704476636878307,0.13704476645311892,0.1370447666231544,0.13704476645311892,0.13704476636878307,0.13704476633482449,0.13704476636878307,0.13704476641016136,0.13704476636878307,0.13704476633482449,0.13602973296006737,0.13602973298392573,0.13602973300732676,0.13602973298392573,0.13602973296006737,0.13602973298392573,0.13602973303082294,0.13602973309364502,0.13602973303082294,0.13602973298392573,0.13602973300732676,0.13602973309364502,0.13602973326816264,0.13602973309364502,0.13602973300732676,0.13602973298392573,0.13602973303082294,0.13602973309364502,0.13602973303082294,0.13602973298392573,0.13602973296006737,0.13602973298392573,0.13602973300732676,0.13602973298392573,0.13602973296006737,0.13503425245033215,0.13503425246530554,0.13503425247767764,0.13503425246530554,0.13503425245033215,0.13503425246530554,0.13503425248942708,0.13503425251336304,0.13503425248942708,0.13503425246530554,0.13503425247767764,0.13503425251336304,0.13503425255691867,0.13503425251336304,0.13503425247767764,0.13503425246530554,0.13503425248942708,0.13503425251336304,0.13503425248942708,0.13503425246530554,0.13503425245033215,0.13503425246530554,0.13503425247767764,0.13503425246530554,0.1350342524503323
0.16533248772838638,0.16533248772838638,0.16533248772838638,0.16533248772838638,0.16533248772838638,0.16533248772838638,0.16533248772838638,0.16533248772838638,0.16533248772838638,0.16533248772838638,0.16533248772838638,0.16533248772838638,0.16533248772838638,0.16533248772838638,0.16533248772838638,0.16533248772838638,0.16533248772838638,0.16533248772838638,0.16533248772838638,0.16533248772838638,0.16533248772838638,0.16533248772838638,0.16533248772838638,0.16533248772838638,0.16533248772838638,0.16375749401073517,0.16375749401073517,0.16375749401073517,0.16375749401073517,0.16375749401073517,0.16375749401073517,0.16375749401073517,0.16375749401073517,0.16375749401073517,0.16375749401073517,0.16375749401073517,0.16375749401073517,0.16375749401073517,0.16375749401073517,0.16375749401073517,0.16375749401073517,0.16375749401073517,0.16375749401073517,0.16375749401073517,0.16375749401073517,0.16375749401073517,0.16375749401073517,0.16375749401073517,0.16375749401073517,0.16375749401073517,0.16221388422496655,0.16221388422496655,0.16221388422496655,0.16221388422496655,0.16221388422496655,0.16221388422496655,0.16221388422496655,0.16221388422496655,0.16221388422496655,0.16221388422496655,0.16221388422496655,0.16221388422496655,0.16221388422496655,0.16221388422496655,0.16221388422496655,0.16221388422496655,0.16221388422496655,0.16221388422496655,0.16221388422496655,0.16221388422496655,0.16221388422496655,0.16221388422496655,0.16221388422496655,0.16221388422496655,0.16221388422496655,0.1607010673281214,0.16070106732812117,0.16070106732812117,0.16070106732812117,0.1607010673281214,0.16070106732812117,0.16070106732812117,0.16070106732812095,0.16070106732812117,0.16070106732812117,0.16070106732812117,0.16070106732812095,0.16070106732812095,0.16070106732812095,0.16070106732812117,0.16070106732812117,0.16070106732812117,0.16070106732812095,0.16070106732812117,0.16070106732812117,0.1607010673281214,0.16070106732812117,0.16070106732812117,0.16070106732812117,0.1607010673281214,0.15921845169517787,0.15921845169517743,0.15921845169517698,0.15921845169517743,0.15921845169517787,0.15921845169517743,0.1592184516951768,0.15921845169517657,0.1592184516951768,0.15921845169517743,0.15921845169517698,0.15921845169517657,0.15921845169517632,0.15921845169517657,0.15921845169517698,0.15921845169517743,0.1592184516951768,0.15921845169517657,0.1592184516951768,0.15921845169517743,0.15921845169517787,0.15921845169517743,0.15921845169517698,0.15921845169517743,0.15921845169517787,0.1577654464709035,0.157765446470902,0.15776544647090113,0.157765446470902,0.1577654464709035,0.157765446470902,0.1577654464709005,0.15776544647089943,0.1577654464709005,0.157765446470902,0.15776544647090113,0.15776544647089943,0.15776544647089835,0.15776544647089943,0.15776544647090113,0.157765446470902,0.1577654464709005,0.15776544647089943,0.1577654464709005,0.157765446470902,0.1577654464709035,0.157765446470902,0.15776544647090113,0.157765446470902,0.1577654464709035,0.15634146278417907,0.1563414627841745,0.15634146278417155,0.1563414627841745,0.15634146278417907,0.1563414627841745,0.1563414627841695,0.15634146278416633,0.1563414627841695,0.1563414627841745,0.15634146278417155,0.15634146278416633,0.15634146278416322,0.15634146278416633,0.15634146278417155,0.1563414627841745,0.1563414627841695,0.15634146278416633,0.1563414627841695,0.1563414627841745,0.15634146278417907,0.1563414627841745,0.15634146278417155,0.1563414627841745,0.15634146278417907,0.15494591483506212,0.15494591483504797,0.15494591483503894,0.15494591483504797,0.15494591483506212,0.15494591483504797,0.1549459148350324,0.15494591483502257,0.1549459148350324,0.15494591483504797,0.15494591483503894,0.15494591483502257,0.1549459148350119,0.15494591483502257,0.15494591483503894,0.15494591483504797,0.1549459148350324,0.15494591483502257,0.1549459148350324,0.15494591483504797,0.15494591483506212,0.15494591483504797,0.15494591483503894,0.15494591483504797,0.15494591483506212,0.1535782208643,0.15357822086425743,0.1535782208642297,0.15357822086425743,0.1535782208643,0.15357822086425743,0.15357822086420903,0.15357822086417688,0.15357822086420903,0.15357822086425743,0.1535782208642297,0.15357822086417688,0.15357822086414114,0.15357822086417688,0.1535782208642297,0.15357822086425743,0.15357822086420903,0.15357822086417688,0.15357822086420903,0.15357822086425743,0.1535782208643,0.15357822086425743,0.1535782208642297,0.15357822086425743,0.1535782208643,0.1522378040144587,0.1522378040143331,0.15223780401424944,0.1522378040143331,0.1522378040144587,0.1522378040143331,0.1522378040141831,0.15223780401407916,0.1522378040141831,0.1522378040143331,0.15223780401424944,0.15223780401407916,0.15223780401395912,0.15223780401407916,0.15223780401424944,0.1522378040143331,0.1522378040141831,0.15223780401407916,0.1522378040141831,0.1522378040143331,0.1522378040144587,0.1522378040143331,0.15223780401424944,0.1522378040143331,0.1522378040144587,0.15092409309130336,0.15092409309094432,0.15092409309069624,0.15092409309094432,0.15092409309130336,0.15092409309094432,0.15092409309048674,0.15092409309014912,0.15092409309048674,0.15092409309094432,0.15092409309069624,0.15092409309014912,0.15092409308972565,0.15092409309014912,0.15092409309069624,0.15092409309094432,0.15092409309048674,0.15092409309014912,0.15092409309048674,0.15092409309094432,0.15092409309130336,0.15092409309094432,0.15092409309069624,0.15092409309094432,0.15092409309130336,0.14963652323358623,0.1496365232326064,0.14963652323188412,0.1496365232326064,0.14963652323358623,0.1496365232326064,0.14963652323124102,0.149636523230119,0.14963652323124102,0.1496365232326064,0.14963652323188412,0.149636523230119,0.14963652322850954,0.149636523230119,0.14963652323188412,0.1496365232326064,0.14963652323124102,0.149636523230119,0.14963652323124102,0.1496365232326064,0.14963652323358623,0.1496365232326064,0.14963652323188412,0.1496365232326064,0.14963652323358623,0.14837453649897311,0.14837453649648097,0.14837453649446164,0.14837453649648097,0.14837453649897311,0.14837453649648097,0.1483745364925698,0.14837453648877533,0.1483745364925698,0.14837453649648097,0.14837453649446164,0.14837453648877533,0.148374536482003,0.14837453648877533,0.14837453649446164,0.14837453649648097,0.1483745364925698,0.14837453648877533,0.1483745364925698,0.14837453649648097,0.14837453649897311,0.14837453649648097,0.14837453649446164,0.14837453649648097,0.14837453649897311,0.1471375823734314,0.14713758236780386,0.14713758236261465,0.14713758236780386,0.1471375823734314,0.14713758236780386,0.14713758235752097,0.1471375823448664,0.14713758235752097,0.14713758236780386,0.14713758236261465,0.1471375823448664,0.1471375823126733,0.1471375823448664,0.14713758236261465,0.14713758236780386,0.14713758235752097,0.1471375823448664,0.14713758235752097,0.14713758236780386,0.1471375823734314,0.14713758236780386,0.14713758236261465,0.14713758236780386,0.1471375823734314,0.14592511821059762,0.14592511820032708,0.1459251181893601,0.14592511820032708,0.14592511821059762,0.14592511820032708,0.14592511817824214,0.14592511814109174,0.14592511817824214,0.14592511820032708,0.1459251181893601,0.14592511814109174,0.1459251179675061,0.14592511814109174,0.1459251181893601,0.14592511820032708,0.14592511817824214,0.14592511814109174,0.14592511817824214,0.14592511820032708,0.14592511821059762,0.14592511820032708,0.1459251181893601,0.14592511820032708,0.14592511821059762,0.14473660960503254,0.1447366095923646,0.1447366095792081,0.1447366095923646,0.14473660960503254,0.1447366095923646,0.14473660956590126,0.14473660952428544,0.14473660956590126,0.1447366095923646,0.1447366095792081,0.14473660952428544,0.1447366093514577,0.14473660952428544,0.1447366095792081,0.1447366095923646,0.14473660956590126,0.14473660952428544,0.14473660956590126,0.1447366095923646,0.14473660960503254,0.1447366095923646,0.1447366095792081,0.1447366095923646,0.14473660960503254,0.14357153069927436,0.14357153068583858,0.14357153067216735,0.14357153068583858,0.14357153069927436,0.14357153068583858,0.14357153065838574,0.14357153061672778,0.14357153065838574,0.14357153068583858,0.14357153067216735,0.14357153061672778,0.1435715304504572,0.14357153061672778,0.14357153067216735,0.14357153068583858,0.14357153065838574,0.14357153061672778,0.14357153065838574,0.14357153068583858,0.14357153069927436,0.14357153068583858,0.14357153067216735,0.14357153068583858,0.14357153069927436,0.14242936444642854,0.14242936443304896,0.14242936441926965,0.14242936443304896,0.14242936444642854,0.14242936443304896,0.14242936440532106,0.14242936436267917,0.14242936440532106,0.14242936443304896,0.14242936441926965,0.14242936436267917,0.1424293641906307,0.14242936436267917,0.14242936441926965,0.14242936443304896,0.14242936440532106,0.14242936436267917,0.14242936440532106,0.14242936443304896,0.14242936444642854,0.14242936443304896,0.14242936441926965,0.14242936443304896,0.14242936444642854,0.14130960282466767,0.14130960281274982,0.14130960279978483,0.14130960281274982,0.14130960282466767,0.14130960281274982,0.1413096027864802,0.14130960274315316,0.1413096027864802,0.14130960281274982,0.14130960279978483,0.14130960274315316,0.14130960255698216,0.14130960274315316,0.14130960279978483,0.14130960281274982,0.1413096027864802,0.14130960274315316,0.1413096027864802,0.14130960281274982,0.14130960282466767,0.14130960281274982,0.14130960279978483,0.14130960281274982,0.14130960282466767,0.14021174700492078,0.14021174699807026,0.14021174698941807,0.14021174699807026,0.14021174700492078,0.14021174699807026,0.14021174698028196,0.14021174694526592,0.14021174698028196,0.14021174699807026,0.14021174698941807,0.14021174694526592,0.1402117467669907,0.14021174694526592,0.14021174698941807,0.14021174699807026,0.14021174698028196,0.14021174694526592,0.14021174698028196,0.14021174699807026,0.14021174700492078,0.14021174699807026,0.14021174698941807,0.14021174699807026,0.14021174700492078,0.13913530747542102,0.13913530747977843,0.1391353074829821,0.13913530747977843,0.13913530747542102,0.13913530747977843,0.13913530748591726,0.13913530748989508,0.13913530748591726,0.13913530747977843,0.1391353074829821,0.13913530748989508,0.139135307488849,0.13913530748989508,0.1391353074829821,0.13913530747977843,0.13913530748591726,0.13913530748989508,0.13913530748591726,0.13913530747977843,0.13913530747542102,0.13913530747977843,0.1391353074829821,0.13913530747977843,0.13913530747542102,0.1380798041295886,0.13807980414914567,0.13807980416897764,0.13807980414914567,0.1380798041295886,0.13807980414914567,0.13807980418911953,0.13807980424454278,0.13807980418911953,0.13807980414914567,0.13807980416897764,0.13807980424454278,0.1380798044021563,0.13807980424454278,0.13807980416897764,0.13807980414914567,0.13807980418911953,0.13807980424454278,0.13807980418911953,0.13807980414914567,0.1380798041295886,0.13807980414914567,0.13807980416897764,0.13807980414914567,0.1380798041295886,0.13704476633115606,0.13704476636493906,0.13704476640610205,0.13704476636493906,0.13704476633115606,0.13704476636493906,0.13704476644883565,0.13704476661798168,0.13704476644883581,0.13704476636493906,0.13704476640610205,0.13704476661798168,0.13704476755734088,0.13704476661798168,0.13704476640610205,0.13704476636493906,0.13704476644883581,0.13704476661798168,0.13704476644883565,0.13704476636493906,0.13704476633115606,0.13704476636493906,0.13704476640610205,0.13704476636493906,0.13704476633115606,0.1360297329560691,0.13602973297980323,0.13602973300308216,0.13602973297980323,0.1360297329560691,0.13602973297980323,0.13602973302645563,0.13602973308894878,0.13602973302645563,0.13602973297980323,0.13602973300308216,0.13602973308894878,0.13602973326255147,0.13602973308894878,0.13602973300308216,0.13602973297980323,0.13602973302645563,0.13602973308894878,0.13602973302645563,0.13602973297980323,0.1360297329560691,0.13602973297980323,0.13602973300308216,0.13602973297980323,0.1360297329560691,0.13503425244625442,0.13503425246114958,0.13503425247345704,0.13503425246114958,0.13503425244625442,0.13503425246114958,0.13503425248514506,0.13503425250895568,0.13503425248514506,0.13503425246114958,0.13503425247345704,0.13503425250895568,0.13503425255228305,0.13503425250895568,0.13503425247345704,0.13503425246114958,0.13503425248514506,0.13503425250895568,0.13503425248514506,0.13503425246114958,0.13503425244625442,0.13503425246114958,0.13503425247345704,0.13503425246114958,0.13503425244625442
0.16533248772973314,0.16533248772973314,0.16533248772973314,0.16533248772973314,0.16533248772973314,0.16533248772973314,0.16533248772973314,0.16533248772973314,0.16533248772973314,0.16533248772973314,0.16533248772973314,0.16533248772973314,0.16533248772973314,0.16533248772973314,0.16533248772973314,0.16533248772973314,0.16533248772973314,0.16533248772973314,0.16533248772973314,0.16533248772973314,0.16533248772973314,0.16533248772973314,0.16533248772973314,0.16533248772973314,0.16533248772973314,0.1637574940120549,0.1637574940120549,0.1637574940120549,0.1637574940120549,0.1637574940120549,0.1637574940120549,0.1637574940120549,0.1637574940120549,0.1637574940120549,0.1637574940120549,0.1637574940120549,0.1637574940120549,0.1637574940120549,0.1637574940120549,0.1637574940120549,0.1637574940120549,0.1637574940120549,0.1637574940120549,0.1637574940120549,0.1637574940120549,0.1637574940120549,0.1637574940120549,0.1637574940120549,0.1637574940120549,0.1637574940120549,0.16221388422625996,0.16221388422625996,0.16221388422625996,0.16221388422625996,0.16221388422625996,0.16221388422625996,0.16221388422625996,0.16221388422625974,0.16221388422625996,0.16221388422625996,0.16221388422625996,0.16221388422625974,0.16221388422625974,0.16221388422625974,0.16221388422625996,0.16221388422625996,0.16221388422625996,0.16221388422625974,0.16221388422625996,0.16221388422625996,0.16221388422625996,0.16221388422625996,0.16221388422625996,0.16221388422625996,0.16221388422625996,0.16070106732938857,0.16070106732938857,0.16070106732938833,0.16070106732938857,0.16070106732938857,0.16070106732938857,0.16070106732938833,0.1607010673293881,0.16070106732938833,0.16070106732938857,0.16070106732938833,0.1607010673293881,0.1607010673293881,0.1607010673293881,0.16070106732938833,0.16070106732938857,0.16070106732938833,0.1607010673293881,0.16070106732938833,0.16070106732938857,0.16070106732938857,0.16070106732938857,0.16070106732938833,0.16070106732938857,0.16070106732938857,0.1592184516964193,0.15921845169641885,0.15921845169641863,0.15921845169641885,0.1592184516964193,0.15921845169641885,0.1592184516964184,0.159218451696418,0.1592184516964184,0.15921845169641885,0.15921845169641863,0.159218451696418,0.15921845169641777,0.159218451696418,0.15921845169641863,0.15921845169641885,0.1592184516964184,0.159218451696418,0.1592184516964184,0.15921845169641885,0.1592184516964193,0.15921845169641885,0.15921845169641863,0.15921845169641885,0.1592184516964193,0.15776544647211968,0.15776544647211818,0.15776544647211735,0.15776544647211818,0.15776544647211968,0.15776544647211818,0.15776544647211668,0.15776544647211563,0.15776544647211668,0.15776544647211818,0.15776544647211735,0.15776544647211563,0.15776544647211457,0.15776544647211563,0.15776544647211735,0.15776544647211818,0.15776544647211668,0.15776544647211563,0.15776544647211668,0.15776544647211818,0.15776544647211968,0.15776544647211818,0.15776544647211735,0.15776544647211818,0.15776544647211968,0.1563414627853706,0.1563414627853658,0.15634146278536284,0.1563414627853658,0.1563414627853706,0.1563414627853658,0.15634146278536096,0.15634146278535782,0.15634146278536096,0.1563414627853658,0.15634146278536284,0.15634146278535782,0.15634146278535446,0.15634146278535782,0.15634146278536284,0.1563414627853658,0.15634146278536096,0.15634146278535782,0.15634146278536096,0.1563414627853658,0.1563414627853706,0.1563414627853658,0.15634146278536284,0.1563414627853658,0.1563414627853706,0.15494591483622897,0.15494591483621484,0.15494591483620582,0.15494591483621484,0.15494591483622897,0.15494591483621484,0.15494591483619924,0.15494591483618944,0.15494591483619924,0.15494591483621484,0.15494591483620582,0.15494591483618944,0.15494591483617878,0.15494591483618944,0.15494591483620582,0.15494591483621484,0.15494591483619924,0.15494591483618944,0.15494591483619924,0.15494591483621484,0.15494591483622897,0.15494591483621484,0.15494591483620582,0.15494591483621484,0.15494591483622897,0.1535782208654426,0.15357822086540002,0.1535782208653725,0.15357822086540002,0.1535782208654426,0.15357822086540002,0.153578220865352,0.15357822086531986,0.153578220865352,0.15357822086540002,0.1535782208653725,0.15357822086531986,0.15357822086528433,0.15357822086531986,0.1535782208653725,0.15357822086540002,0.153578220865352,0.15357822086531986,0.15357822086535183,0.15357822086540002,0.1535782208654426,0.15357822086540002,0.1535782208653725,0.15357822086540002,0.1535782208654426,0.1522378040155773,0.15223780401545192,0.15223780401536866,0.15223780401545192,0.1522378040155773,0.15223780401545192,0.15223780401530254,0.1522378040151988,0.15223780401530254,0.15223780401545192,0.15223780401536866,0.1522378040151988,0.1522378040150791,0.1522378040151988,0.15223780401536866,0.15223780401545192,0.15223780401530254,0.1522378040151988,0.15223780401530254,0.15223780401545192,0.1522378040155773,0.15223780401545192,0.15223780401536866,0.15223780401545192,0.1522378040155773,0.1509240930923974,0.15092409309203955,0.15092409309179222,0.15092409309203955,0.1509240930923974,0.15092409309203955,0.1509240930915833,0.15092409309124685,0.1509240930915833,0.15092409309203955,0.15092409309179222,0.15092409309124685,0.15092409309082475,0.15092409309124685,0.15092409309179222,0.15092409309203955,0.1509240930915833,0.15092409309124685,0.1509240930915833,0.15092409309203955,0.1509240930923974,0.15092409309203955,0.15092409309179222,0.15092409309203955,0.1509240930923974,0.1496365232346538,0.14963652323367718,0.14963652323295695,0.14963652323367718,0.1496365232346538,0.14963652323367718,0.14963652323231616,0.14963652323119736,0.14963652323231616,0.14963652323367718,0.14963652323295695,0.14963652323119736,0.14963652322959278,0.14963652323119736,0.14963652323295695,0.14963652323367718,0.14963652323231616,0.14963652323119736,0.14963652323231616,0.14963652323367718,0.1496365232346538,0.14963652323367718,0.14963652323295695,0.14963652323367718,0.1496365232346538,0.14837453650000818,0.148374536497524,0.14837453649551113,0.148374536497524,0.14837453650000818,0.148374536497524,0.14837453649362523,0.14837453648984228,0.14837453649362523,0.148374536497524,0.14837453649551113,0.14837453648984228,0.14837453648309054,0.14837453648984228,0.14837453649551113,0.148374536497524,0.14837453649362523,0.14837453648984228,0.14837453649362523,0.148374536497524,0.14837453650000818,0.148374536497524,0.14837453649551113,0.148374536497524,0.14837453650000818,0.14713758237441762,0.1471375823688086,0.14713758236363594,0.1471375823688086,0.14713758237441762,0.1471375823688086,0.14713758235855862,0.14713758234594287,0.14713758235855862,0.1471375823688086,0.14713758236363594,0.14713758234594287,0.14713758231384572,0.14713758234594287,0.14713758236363594,0.1471375823688086,0.14713758235855862,0.14713758234594287,0.14713758235855862,0.1471375823688086,0.14713758237441762,0.1471375823688086,0.14713758236363594,0.1471375823688086,0.14713758237441762,0.1459251182114965,0.14592511820126156,0.14592511819033108,0.14592511820126156,0.1459251182114965,0.14592511820126156,0.1459251181792496,0.14592511814221495,0.1459251181792496,0.14592511820126156,0.14592511819033108,0.14592511814221495,0.14592511796912752,0.14592511814221495,0.14592511819033108,0.14592511820126156,0.1459251181792496,0.14592511814221495,0.1459251181792496,0.14592511820126156,0.1459251182114965,0.14592511820126156,0.14592511819033108,0.14592511820126156,0.1459251182114965,0.14473660960577017,0.14473660959315252,0.14473660958004642,0.14473660959315252,0.14473660960577017,0.14473660959315252,0.14473660956679024,0.14473660952532716,0.14473660956679024,0.14473660959315252,0.14473660958004642,0.14473660952532716,0.14473660935310442,0.14473660952532716,0.14473660958004642,0.14473660959315252,0.14473660956679024,0.14473660952532716,0.14473660956679024,0.14473660959315252,0.14473660960577017,0.14473660959315252,0.14473660958004642,0.14473660959315252,0.14473660960577017,0.14357153069974543,0.1435715306863735,0.1435715306727664,0.1435715306863735,0.14357153069974543,0.1435715306863735,0.14357153065904932,0.14357153061758304,0.14357153065904932,0.1435715306863735,0.1435715306727664,0.14357153061758304,0.14357153045205967,0.14357153061758304,0.1435715306727664,0.1435715306863735,0.14357153065904932,0.14357153061758304,0.14357153065904932,0.1435715306863735,0.14357153069974543,0.1435715306863735,0.1435715306727664,0.1435715306863735,0.14357153069974543,0.14242936444649815,0.14242936443319493,0.14242936441949428,0.14242936443319493,0.14242936444649815,0.14242936443319493,0.14242936440562554,0.14242936436322806,0.14242936440562554,0.14242936443319493,0.14242936441949428,0.14242936436322806,0.14242936419218105,0.14242936436322806,0.14242936441949428,0.14242936443319493,0.14242936440562554,0.14242936436322806,0.14242936440562554,0.14242936443319493,0.14242936444649815,0.14242936443319493,0.14242936441949428,0.14242936443319493,0.14242936444649815,0.14130960282417296,0.1413096028123352,0.1413096027994582,0.1413096028123352,0.14130960282417296,0.1413096028123352,0.14130960278624385,0.1413096027432132,0.14130960278624385,0.1413096028123352,0.1413096027994582,0.1413096027432132,0.1413096025583392,0.1413096027432132,0.1413096027994582,0.1413096028123352,0.14130960278624385,0.1413096027432132,0.14130960278624385,0.1413096028123352,0.14130960282417296,0.1413096028123352,0.1413096027994582,0.1413096028123352,0.14130960282417296,0.14021174700368846,0.140211746996896,0.1402117469883153,0.140211746996896,0.14021174700368846,0.140211746996896,0.14021174697925398,0.14021174694452157,0.14021174697925398,0.140211746996896,0.1402117469883153,0.14021174694452157,0.14021174676767909,0.14021174694452157,0.1402117469883153,0.140211746996896,0.14021174697925398,0.14021174694452157,0.14021174697925398,0.140211746996896,0.14021174700368846,0.140211746996896,0.1402117469883153,0.140211746996896,0.14021174700368846,0.13913530747332115,0.13913530747766956,0.13913530748086972,0.13913530747766956,0.13913530747332115,0.13913530747766956,0.13913530748380318,0.13913530748779487,0.13913530748380318,0.13913530747766956,0.13913530748086972,0.13913530748779487,0.139135307486847,0.13913530748779487,0.13913530748086972,0.13913530747766956,0.13913530748380318,0.13913530748779487,0.13913530748380318,0.13913530747766956,0.13913530747332115,0.13913530747766956,0.13913530748086972,0.13913530747766956,0.13913530747332115,0.13807980412662807,0.13807980414608934,0.138079804165823,0.13807980414608934,0.13807980412662807,0.13807980414608934,0.1380798041858646,0.13807980424100863,0.1380798041858646,0.13807980414608934,0.138079804165823,0.13807980424100863,0.1380798043978172,0.13807980424100863,0.138079804165823,0.13807980414608934,0.1380798041858646,0.13807980424100863,0.1380798041858646,0.13807980414608934,0.13807980412662807,0.13807980414608934,0.138079804165823,0.13807980414608934,0.13807980412662807,0.13704476632752016,0.13704476636112925,0.13704476640207908,0.13704476636112925,0.13704476632752016,0.13704476636112925,0.13704476644459115,0.1370447666128561,0.13704476644459115,0.13704476636112925,0.13704476640207908,0.1370447666128561,0.1370447675472991,0.1370447666128561,0.13704476640207908,0.13704476636112925,0.13704476644459115,0.1370447666128561,0.13704476644459115,0.13704476636112925,0.13704476632752016,0.13704476636112925,0.13704476640207908,0.13704476636112925,0.13704476632752016,0.13602973295210674,0.13602973297571788,0.13602973299887589,0.13602973297571788,0.13602973295210674,0.13602973297571788,0.1360297330221278,0.13602973308429533,0.1360297330221278,0.13602973297571788,0.13602973299887589,0.13602973308429533,0.13602973325699189,0.13602973308429533,0.13602973299887589,0.13602973297571788,0.1360297330221278,0.13602973308429533,0.1360297330221278,0.13602973297571788,0.13602973295210674,0.13602973297571788,0.13602973299887589,0.13602973297571788,0.13602973295210674,0.1350342524422131,0.1350342524570309,0.1350342524692745,0.1350342524570309,0.1350342524422131,0.1350342524570309,0.13503425248090162,0.13503425250458825,0.13503425248090162,0.1350342524570309,0.1350342524692745,0.13503425250458825,0.13503425254768953,0.13503425250458825,0.1350342524692745,0.1350342524570309,0.13503425248090162,0.13503425250458825,0.13503425248090162,0.1350342524570309,0.1350342524422131,0.1350342524570309,0.1350342524692745,0.1350342524570309,0.13503425244221323
0.16533248773106837,0.16533248773106837,0.16533248773106837,0.16533248773106837,0.16533248773106837,0.16533248773106837,0.16533248773106837,0.16533248773106812,0.16533248773106837,0.16533248773106837,0.16533248773106837,0.16533248773106812,0.16533248773106812,0.16533248773106812,0.16533248773106837,0.16533248773106837,0.16533248773106837,0.16533248773106812,0.16533248773106837,0.16533248773106837,0.16533248773106837,0.16533248773106837,0.16533248773106837,0.16533248773106837,0.16533248773106837,0.1637574940133635,0.1637574940133635,0.1637574940133635,0.1637574940133635,0.1637574940133635,0.1637574940133635,0.1637574940133635,0.1637574940133633,0.1637574940133635,0.1637574940133635,0.1637574940133635,0.1637574940133633,0.1637574940133633,0.1637574940133633,0.1637574940133635,0.1637574940133635,0.1637574940133635,0.1637574940133633,0.1637574940133635,0.1637574940133635,0.1637574940133635,0.1637574940133635,0.1637574940133635,0.1637574940133635,0.1637574940133635,0.16221388422754227,0.16221388422754204,0.16221388422754204,0.16221388422754204,0.16221388422754227,0.16221388422754204,0.16221388422754204,0.16221388422754204,0.16221388422754204,0.16221388422754204,0.16221388422754204,0.16221388422754204,0.16221388422754204,0.16221388422754204,0.16221388422754204,0.16221388422754204,0.16221388422754204,0.16221388422754204,0.16221388422754204,0.16221388422754204,0.16221388422754227,0.16221388422754204,0.16221388422754204,0.16221388422754204,0.16221388422754227,0.16070106733064507,0.16070106733064482,0.16070106733064463,0.16070106733064482,0.16070106733064507,0.16070106733064482,0.16070106733064463,0.16070106733064463,0.16070106733064463,0.16070106733064482,0.16070106733064463,0.16070106733064463,0.1607010673306444,0.16070106733064463,0.16070106733064463,0.16070106733064482,0.16070106733064463,0.16070106733064463,0.16070106733064463,0.16070106733064482,0.16070106733064507,0.16070106733064482,0.16070106733064463,0.16070106733064482,0.16070106733064507,0.15921845169765025,0.1592184516976498,0.1592184516976494,0.1592184516976498,0.15921845169765025,0.1592184516976498,0.15921845169764917,0.15921845169764895,0.15921845169764917,0.1592184516976498,0.1592184516976494,0.15921845169764895,0.1592184516976485,0.15921845169764895,0.1592184516976494,0.1592184516976498,0.15921845169764917,0.15921845169764895,0.15921845169764917,0.1592184516976498,0.15921845169765025,0.1592184516976498,0.1592184516976494,0.1592184516976498,0.15921845169765025,0.15776544647332544,0.1577654464733239,0.15776544647332308,0.1577654464733239,0.15776544647332544,0.1577654464733239,0.15776544647332244,0.15776544647332139,0.15776544647332244,0.1577654464733239,0.15776544647332308,0.15776544647332139,0.15776544647332053,0.15776544647332139,0.15776544647332308,0.1577654464733239,0.15776544647332244,0.15776544647332139,0.15776544647332244,0.1577654464733239,0.15776544647332544,0.1577654464733239,0.15776544647332308,0.1577654464733239,0.15776544647332544,0.15634146278655162,0.15634146278654704,0.1563414627865441,0.15634146278654704,0.15634146278655162,0.15634146278654704,0.156341462786542,0.15634146278653888,0.156341462786542,0.15634146278654704,0.1563414627865441,0.15634146278653888,0.1563414627865357,0.15634146278653888,0.1563414627865441,0.15634146278654704,0.156341462786542,0.15634146278653888,0.156341462786542,0.15634146278654704,0.15634146278655162,0.15634146278654704,0.1563414627865441,0.15634146278654704,0.15634146278655162,0.15494591483738582,0.1549459148373717,0.15494591483736267,0.1549459148373717,0.15494591483738582,0.1549459148373717,0.15494591483735612,0.1549459148373463,0.15494591483735612,0.1549459148373717,0.15494591483736267,0.1549459148373463,0.15494591483733583,0.1549459148373463,0.15494591483736267,0.1549459148373717,0.15494591483735612,0.1549459148373463,0.15494591483735612,0.1549459148373717,0.15494591483738582,0.1549459148373717,0.15494591483736267,0.1549459148373717,0.15494591483738582,0.15357822086657538,0.15357822086653297,0.1535782208665055,0.15357822086653297,0.15357822086657538,0.15357822086653297,0.15357822086648498,0.15357822086645304,0.15357822086648498,0.15357822086653297,0.1535782208665055,0.15357822086645304,0.15357822086641748,0.15357822086645304,0.1535782208665055,0.15357822086653297,0.15357822086648498,0.15357822086645304,0.15357822086648498,0.15357822086653297,0.15357822086657538,0.15357822086653297,0.1535782208665055,0.15357822086653297,0.15357822086657538,0.1522378040166861,0.1522378040165613,0.15223780401647824,0.1522378040165613,0.1522378040166861,0.1522378040165613,0.15223780401641232,0.15223780401630896,0.15223780401641232,0.1522378040165613,0.15223780401647824,0.15223780401630896,0.15223780401618947,0.15223780401630896,0.15223780401647824,0.1522378040165613,0.15223780401641232,0.15223780401630896,0.15223780401641232,0.1522378040165613,0.1522378040166861,0.1522378040165613,0.15223780401647824,0.1522378040165613,0.1522378040166861,0.150924093093482,0.1509240930931253,0.15092409309287858,0.1509240930931253,0.150924093093482,0.1509240930931253,0.15092409309267038,0.1509240930923351,0.15092409309267038,0.1509240930931253,0.15092409309287858,0.1509240930923351,0.15092409309191415,0.1509240930923351,0.15092409309287858,0.1509240930931253,0.15092409309267038,0.1509240930923351,0.15092409309267038,0.1509240930931253,0.150924093093482,0.1509240930931253,0.15092409309287858,0.1509240930931253,0.150924093093482,0.1496365232357121,0.1496365232347385,0.14963652323402074,0.1496365232347385,0.1496365232357121,0.1496365232347385,0.14963652323338167,0.14963652323226642,0.14963652323338167,0.1496365232347385,0.14963652323402074,0.14963652323226642,0.14963652323066678,0.14963652323226642,0.14963652323402074,0.1496365232347385,0.14963652323338167,0.14963652323226642,0.14963652323338167,0.1496365232347385,0.1496365232357121,0.1496365232347385,0.14963652323402074,0.1496365232347385,0.1496365232357121,0.14837453650103416,0.14837453649855797,0.1483745364965514,0.14837453649855797,0.14837453650103416,0.14837453649855797,0.14837453649467142,0.14837453649090013,0.14837453649467142,0.14837453649855797,0.1483745364965514,0.14837453649090013,0.14837453648416857,0.14837453649090013,0.1483745364965514,0.14837453649855797,0.14837453649467142,0.14837453649090013,0.14837453649467142,0.14837453649855797,0.14837453650103416,0.14837453649855797,0.1483745364965514,0.14837453649855797,0.14837453650103416,0.14713758237539512,0.14713758236980445,0.1471375823646483,0.14713758236980445,0.14713758237539512,0.14713758236980445,0.14713758235958696,0.14713758234700994,0.14713758235958696,0.14713758236980445,0.1471375823646483,0.14713758234700994,0.14713758231500815,0.14713758234700994,0.1471375823646483,0.14713758236980445,0.14713758235958696,0.14713758234700994,0.14713758235958696,0.14713758236980445,0.14713758237539512,0.14713758236980445,0.1471375823646483,0.14713758236980445,0.14713758237539512,0.14592511821238752,0.14592511820218787,0.14592511819129353,0.14592511820218787,0.14592511821238752,0.14592511820218787,0.14592511818024823,0.1459251181433284,0.14592511818024823,0.14592511820218787,0.14592511819129353,0.1459251181433284,0.14592511797077765,0.1459251181433284,0.14592511819129353,0.14592511820218787,0.14592511818024823,0.1459251181433284,0.14592511818024823,0.14592511820218787,0.14592511821238752,0.14592511820218787,0.14592511819129353,0.14592511820218787,0.14592511821238752,0.14473660960650103,0.14473660959393309,0.1447366095808771,0.14473660959393309,0.14473660960650103,0.14473660959393309,0.1447366095676714,0.14473660952635944,0.1447366095676714,0.14473660959393309,0.1447366095808771,0.14473660952635944,0.14473660935474414,0.14473660952635944,0.1447366095808771,0.14473660959393309,0.1447366095676714,0.14473660952635944,0.1447366095676714,0.14473660959393309,0.14473660960650103,0.14473660959393309,0.1447366095808771,0.14473660959393309,0.14473660960650103,0.14357153070021172,0.1435715306869029,0.14357153067335948,0.1435715306869029,0.14357153070021172,0.1435715306869029,0.1435715306597062,0.1435715306184302,0.1435715306597062,0.1435715306869029,0.14357153067335948,0.1435715306184302,0.14357153045364984,0.1435715306184302,0.14357153067335948,0.1435715306869029,0.1435715306597062,0.1435715306184302,0.1435715306597062,0.1435715306869029,0.14357153070021172,0.1435715306869029,0.14357153067335948,0.1435715306869029,0.14357153070021172,0.1424293644465659,0.14242936443333815,0.14242936441971568,0.14242936443333815,0.1424293644465659,0.14242936443333815,0.14242936440592596,0.14242936436377074,0.14242936440592596,0.14242936443333815,0.14242936441971568,0.14242936436377074,0.14242936419369367,0.14242936436377074,0.14242936441971568,0.14242936443333815,0.14242936440592596,0.14242936436377074,0.14242936440592596,0.14242936443333815,0.1424293644465659,0.14242936443333815,0.14242936441971568,0.14242936443333815,0.1424293644465659,0.1413096028236812,0.1413096028119229,0.14130960279913288,0.1413096028119229,0.1413096028236812,0.1413096028119229,0.14130960278600785,0.14130960274327026,0.14130960278600785,0.1413096028119229,0.14130960279913288,0.14130960274327026,0.1413096025596511,0.14130960274327026,0.14130960279913288,0.1413096028119229,0.14130960278600785,0.14130960274327026,0.14130960278600785,0.1413096028119229,0.1413096028236812,0.1413096028119229,0.14130960279913288,0.1413096028119229,0.1413096028236812,0.1402117470024657,0.14021174699573064,0.14021174698722036,0.14021174699573064,0.1402117470024657,0.14021174699573064,0.14021174697823294,0.1402117469437806,0.14021174697823294,0.14021174699573064,0.14021174698722036,0.1402117469437806,0.14021174676838102,0.1402117469437806,0.14021174698722036,0.14021174699573064,0.14021174697823294,0.1402117469437806,0.14021174697823294,0.14021174699573064,0.1402117470024657,0.14021174699573064,0.14021174698722036,0.14021174699573064,0.1402117470024657,0.13913530747123914,0.1391353074755785,0.13913530747877523,0.1391353074755785,0.13913530747123914,0.1391353074755785,0.13913530748170647,0.13913530748571173,0.13913530748170647,0.1391353074755785,0.13913530747877523,0.13913530748571173,0.13913530748486,0.13913530748571173,0.13913530747877523,0.1391353074755785,0.13913530748170647,0.13913530748571173,0.13913530748170647,0.1391353074755785,0.13913530747123914,0.1391353074755785,0.13913530747877523,0.1391353074755785,0.13913530747123914,0.13807980412369344,0.13807980414305968,0.13807980416269597,0.13807980414305968,0.13807980412369344,0.13807980414305968,0.1380798041826385,0.13807980423750563,0.1380798041826385,0.13807980414305968,0.13807980416269597,0.13807980423750563,0.1380798043935171,0.13807980423750563,0.13807980416269597,0.13807980414305968,0.1380798041826385,0.13807980423750563,0.1380798041826385,0.13807980414305968,0.13807980412369344,0.13807980414305968,0.13807980416269597,0.13807980414305968,0.13807980412369344,0.137044766323917,0.13704476635735363,0.13704476639809232,0.13704476635735363,0.137044766323917,0.13704476635735363,0.13704476644038496,0.13704476660777754,0.13704476644038496,0.13704476635735363,0.13704476639809232,0.13704476660777754,0.13704476753736858,0.13704476660777754,0.13704476639809232,0.13704476635735363,0.13704476644038496,0.13704476660777754,0.13704476644038496,0.13704476635735363,0.137044766323917,0.13704476635735363,0.13704476639809232,0.13704476635735363,0.137044766323917,0.13602973294818033,0.1360297329716695,0.13602973299470775,0.1360297329716695,0.13602973294818033,0.1360297329716695,0.13602973301783922,0.13602973307968422,0.13602973301783922,0.1360297329716695,0.13602973299470775,0.13602973307968422,0.13602973325148363,0.13602973307968422,0.13602973299470775,0.1360297329716695,0.13602973301783922,0.13602973307968422,0.13602973301783922,0.1360297329716695,0.13602973294818033,0.1360297329716695,0.13602973299470775,0.1360297329716695,0.13602973294818033,0.13503425243820863,0.1350342524529498,0.1350342524651298,0.13503425245294967,0.13503425243820863,0.1350342524529498,0.13503425247669668,0.13503425250026044,0.13503425247669668,0.1350342524529498,0.1350342524651298,0.13503425250026044,0.13503425254313797,0.13503425250026044,0.1350342524651298,0.13503425245294967,0.13503425247669668,0.13503425250026044,0.13503425247669668,0.1350342524529498,0.13503425243820863,0.1350342524529498,0.1350342524651298,0.1350342524529498,0.13503425243820863
0.1653324877323918,0.1653324877323918,0.1653324877323918,0.1653324877323918,0.1653324877323918,0.1653324877323918,0.1653324877323918,0.1653324877323918,0.1653324877323918,0.1653324877323918,0.1653324877323918,0.1653324877323918,0.1653324877323918,0.1653324877323918,0.1653324877323918,0.1653324877323918,0.1653324877323918,0.1653324877323918,0.1653324877323918,0.1653324877323918,0.1653324877323918,0.1653324877323918,0.1653324877323918,0.1653324877323918,0.1653324877323918,0.16375749401466058,0.16375749401466058,0.16375749401466058,0.16375749401466058,0.16375749401466058,0.16375749401466058,0.16375749401466058,0.16375749401466058,0.16375749401466058,0.16375749401466058,0.16375749401466058,0.16375749401466058,0.16375749401466058,0.16375749401466058,0.16375749401466058,0.16375749401466058,0.16375749401466058,0.16375749401466058,0.16375749401466058,0.16375749401466058,0.16375749401466058,0.16375749401466058,0.16375749401466058,0.16375749401466058,0.16375749401466058,0.16221388422881328,0.16221388422881328,0.16221388422881328,0.16221388422881328,0.16221388422881328,0.16221388422881328,0.16221388422881328,0.16221388422881303,0.16221388422881328,0.16221388422881328,0.16221388422881328,0.16221388422881303,0.16221388422881303,0.16221388422881303,0.16221388422881328,0.16221388422881328,0.16221388422881328,0.16221388422881303,0.16221388422881328,0.16221388422881328,0.16221388422881328,0.16221388422881328,0.16221388422881328,0.16221388422881328,0.16221388422881328,0.16070106733189046,0.1607010673318902,0.1607010673318902,0.1607010673318902,0.16070106733189046,0.1607010673318902,0.16070106733189002,0.16070106733189002,0.16070106733189002,0.1607010673318902,0.1607010673318902,0.16070106733189002,0.1607010673318898,0.16070106733189002,0.1607010673318902,0.1607010673318902,0.16070106733189002,0.16070106733189002,0.16070106733189002,0.1607010673318902,0.16070106733189046,0.1607010673318902,0.1607010673318902,0.1607010673318902,0.16070106733189046,0.15921845169887033,0.1592184516988699,0.1592184516988697,0.1592184516988699,0.15921845169887033,0.1592184516988699,0.15921845169886947,0.15921845169886906,0.15921845169886947,0.1592184516988699,0.1592184516988697,0.15921845169886906,0.15921845169886883,0.15921845169886906,0.1592184516988697,0.1592184516988699,0.15921845169886947,0.15921845169886906,0.15921845169886947,0.1592184516988699,0.15921845169887033,0.1592184516988699,0.1592184516988697,0.1592184516988699,0.15921845169887033,0.15776544647452073,0.15776544647451923,0.15776544647451837,0.15776544647451923,0.15776544647452073,0.15776544647451923,0.15776544647451773,0.15776544647451665,0.15776544647451773,0.15776544647451923,0.15776544647451837,0.15776544647451665,0.1577654464745158,0.15776544647451665,0.15776544647451837,0.15776544647451923,0.15776544647451773,0.15776544647451665,0.15776544647451773,0.15776544647451923,0.15776544647452073,0.15776544647451923,0.15776544647451837,0.15776544647451923,0.15776544647452073,0.1563414627877224,0.15634146278771782,0.15634146278771488,0.15634146278771782,0.1563414627877224,0.15634146278771782,0.1563414627877128,0.15634146278770986,0.1563414627877128,0.15634146278771782,0.15634146278771488,0.15634146278770986,0.15634146278770653,0.15634146278770986,0.15634146278771488,0.15634146278771782,0.1563414627877128,0.15634146278770986,0.1563414627877128,0.15634146278771782,0.1563414627877224,0.15634146278771782,0.15634146278771488,0.15634146278771782,0.1563414627877224,0.15494591483853243,0.15494591483851827,0.15494591483850947,0.15494591483851827,0.15494591483853243,0.15494591483851827,0.15494591483850312,0.15494591483849307,0.15494591483850312,0.15494591483851827,0.15494591483850947,0.15494591483849307,0.1549459148384826,0.15494591483849307,0.15494591483850947,0.15494591483851827,0.15494591483850312,0.15494591483849307,0.15494591483850312,0.15494591483851827,0.15494591483853243,0.15494591483851827,0.15494591483850947,0.15494591483851827,0.15494591483853243,0.15357822086769826,0.1535782208676561,0.15357822086762857,0.1535782208676561,0.15357822086769826,0.1535782208676561,0.15357822086760808,0.15357822086757636,0.15357822086760808,0.1535782208676561,0.15357822086762857,0.15357822086757636,0.153578220867541,0.15357822086757636,0.15357822086762857,0.1535782208676561,0.15357822086760808,0.15357822086757636,0.15357822086760808,0.1535782208676561,0.15357822086769826,0.1535782208676561,0.15357822086762857,0.1535782208676561,0.15357822086769826,0.15223780401778528,0.15223780401766085,0.15223780401757817,0.15223780401766085,0.15223780401778528,0.15223780401766085,0.15223780401751247,0.1522378040174093,0.15223780401751247,0.15223780401766085,0.15223780401757817,0.1522378040174093,0.1522378040172902,0.1522378040174093,0.15223780401757817,0.15223780401766085,0.15223780401751247,0.1522378040174093,0.15223780401751247,0.15223780401766085,0.15223780401778528,0.15223780401766085,0.15223780401757817,0.15223780401766085,0.15223780401778528,0.15092409309455715,0.1509240930942016,0.1509240930939556,0.1509240930942016,0.15092409309455715,0.1509240930942016,0.15092409309374805,0.15092409309341373,0.15092409309374805,0.1509240930942016,0.1509240930939556,0.15092409309341373,0.15092409309299412,0.15092409309341373,0.1509240930939556,0.1509240930942016,0.15092409309374805,0.15092409309341373,0.15092409309374805,0.1509240930942016,0.15092409309455715,0.1509240930942016,0.1509240930939556,0.1509240930942016,0.15092409309455715,0.14963652323676135,0.14963652323579077,0.1496365232350751,0.14963652323579077,0.14963652323676135,0.14963652323579077,0.14963652323443805,0.14963652323332624,0.14963652323443805,0.14963652323579077,0.1496365232350751,0.14963652323332624,0.14963652323173132,0.14963652323332624,0.1496365232350751,0.14963652323579077,0.14963652323443805,0.14963652323332624,0.14963652323443805,0.14963652323579077,0.14963652323676135,0.14963652323579077,0.1496365232350751,0.14963652323579077,0.14963652323676135,0.14837453650205126,0.14837453649958285,0.1483745364975826,0.14837453649958285,0.14837453650205126,0.14837453649958285,0.1483745364957085,0.14837453649194873,0.1483745364957085,0.14837453649958285,0.1483745364975826,0.14837453649194873,0.14837453648523719,0.14837453649194873,0.1483745364975826,0.14837453649958285,0.1483745364957085,0.14837453649194873,0.1483745364957085,0.14837453649958285,0.14837453650205126,0.14837453649958285,0.1483745364975826,0.14837453649958285,0.14837453650205126,0.1471375823763641,0.14713758237079158,0.14713758236565194,0.14713758237079158,0.1471375823763641,0.14713758237079158,0.14713758236060642,0.14713758234806792,0.14713758236060642,0.14713758237079158,0.14713758236565194,0.14713758234806792,0.14713758231616075,0.14713758234806792,0.14713758236565194,0.14713758237079158,0.14713758236060642,0.14713758234806792,0.14713758236060642,0.14713758237079158,0.1471375823763641,0.14713758237079158,0.14713758236565194,0.14713758237079158,0.1471375823763641,0.14592511821327037,0.14592511820310575,0.14592511819224724,0.14592511820310575,0.14592511821327037,0.14592511820310575,0.1459251181812379,0.1459251181444322,0.1459251181812379,0.14592511820310575,0.14592511819224724,0.1459251181444322,0.1459251179723653,0.1459251181444322,0.14592511819224724,0.14592511820310575,0.1459251181812379,0.1459251181444322,0.1459251181812379,0.14592511820310575,0.14592511821327037,0.14592511820310575,0.14592511819224724,0.14592511820310575,0.14592511821327037,0.14473660960722506,0.14473660959470652,0.1447366095817003,0.14473660959470652,0.14473660960722506,0.14473660959470652,0.1447366095685443,0.14473660952738263,0.1447366095685443,0.14473660959470652,0.1447366095817003,0.14473660952738263,0.1447366093563697,0.14473660952738263,0.1447366095817003,0.14473660959470652,0.1447366095685443,0.14473660952738263,0.1447366095685443,0.14473660959470652,0.14473660960722506,0.14473660959470652,0.1447366095817003,0.14473660959470652,0.14473660960722506,0.14357153070067322,0.14357153068742703,0.14357153067394657,0.14357153068742703,0.14357153070067322,0.14357153068742703,0.1435715306603566,0.14357153061926933,0.1435715306603566,0.14357153068742703,0.14357153067394657,0.14357153061926933,0.14357153045522594,0.14357153061926933,0.14357153067394657,0.14357153068742703,0.1435715306603566,0.14357153061926933,0.1435715306603566,0.14357153068742703,0.14357153070067322,0.14357153068742703,0.14357153067394657,0.14357153068742703,0.14357153070067322,0.14242936444663234,0.14242936443347942,0.14242936441993412,0.14242936443347942,0.14242936444663234,0.14242936443347942,0.14242936440622272,0.14242936436430753,0.14242936440622272,0.14242936443347942,0.14242936441993412,0.14242936436430753,0.14242936419520796,0.14242936436430753,0.14242936441993412,0.14242936443347942,0.14242936440622272,0.14242936436430753,0.14242936440622272,0.14242936443347942,0.14242936444663234,0.14242936443347942,0.14242936441993412,0.14242936443347942,0.14242936444663234,0.14130960282319258,0.14130960281151286,0.1413096027988089,0.14130960281151286,0.14130960282319258,0.14130960281151286,0.14130960278577234,0.14130960274332502,0.14130960278577234,0.14130960281151286,0.1413096027988089,0.14130960274332502,0.1413096025609609,0.14130960274332502,0.1413096027988089,0.14130960281151286,0.14130960278577234,0.14130960274332502,0.14130960278577234,0.14130960281151286,0.14130960282319258,0.14130960281151286,0.1413096027988089,0.14130960281151286,0.14130960282319258,0.14021174700125275,0.14021174699457428,0.1402117469861335,0.14021174699457428,0.14021174700125275,0.14021174699457428,0.1402117469772191,0.1402117469430432,0.1402117469772191,0.14021174699457428,0.1402117469861335,0.1402117469430432,0.1402117467690323,0.1402117469430432,0.1402117469861335,0.14021174699457428,0.1402117469772191,0.1402117469430432,0.1402117469772191,0.14021174699457428,0.14021174700125275,0.14021174699457428,0.1402117469861335,0.14021174699457428,0.14021174700125275,0.13913530746917482,0.13913530747350517,0.13913530747669828,0.13913530747350517,0.13913530746917482,0.13913530747350517,0.13913530747962743,0.1391353074836457,0.13913530747962743,0.13913530747350517,0.13913530747669828,0.1391353074836457,0.13913530748288866,0.1391353074836457,0.13913530747669828,0.13913530747350517,0.13913530747962743,0.1391353074836457,0.13913530747962743,0.13913530747350517,0.13913530746917482,0.13913530747350517,0.13913530747669828,0.13913530747350517,0.13913530746917482,0.13807980412078485,0.13807980414005713,0.138079804159597,0.13807980414005713,0.13807980412078485,0.13807980414005713,0.13807980417944107,0.13807980423403424,0.13807980417944107,0.13807980414005713,0.138079804159597,0.13807980423403424,0.1380798043892561,0.13807980423403424,0.138079804159597,0.13807980414005713,0.13807980417944107,0.13807980423403424,0.13807980417944107,0.13807980414005713,0.13807980412078485,0.13807980414005713,0.138079804159597,0.13807980414005713,0.13807980412078485,0.13704476632034632,0.13704476635361237,0.13704476639414198,0.13704476635361237,0.13704476632034632,0.13704476635361237,0.13704476643621738,0.13704476660274606,0.13704476643621738,0.13704476635361237,0.13704476639414198,0.13704476660274606,0.13704476752752173,0.13704476660274606,0.13704476639414198,0.13704476635361237,0.13704476643621738,0.13704476660274606,0.13704476643621738,0.13704476635361237,0.13704476632034632,0.13704476635361237,0.13704476639414198,0.13704476635361237,0.13704476632034632,0.13602973294428955,0.13602973296765825,0.1360297329905778,0.13602973296765825,0.13602973294428955,0.13602973296765825,0.13602973301358998,0.13602973307511573,0.13602973301358998,0.13602973296765825,0.1360297329905778,0.13602973307511573,0.13602973324602663,0.13602973307511573,0.1360297329905778,0.13602973296765825,0.13602973301358998,0.13602973307511573,0.13602973301358998,0.13602973296765825,0.13602973294428955,0.13602973296765825,0.1360297329905778,0.13602973296765825,0.13602973294428955,0.13503425243424075,0.13503425244890602,0.1350342524610232,0.13503425244890602,0.13503425243424075,0.13503425244890602,0.13503425247253048,0.1350342524959726,0.13503425247253048,0.13503425244890602,0.1350342524610232,0.1350342524959726,0.13503425253862855,0.1350342524959726,0.1350342524610232,0.13503425244890602,0.13503425247253048,0.1350342524959726,0.13503425247253048,0.13503425244890602,0.13503425243424075,0.13503425244890602,0.1350342524610232,0.13503425244890602,0.13503425243424075
0.16533248773370363,0.16533248773370363,0.16533248773370363,0.16533248773370363,0.16533248773370363,0.16533248773370363,0.16533248773370363,0.16533248773370363,0.16533248773370363,0.16533248773370363,0.16533248773370363,0.16533248773370363,0.16533248773370363,0.16533248773370363,0.16533248773370363,0.16533248773370363,0.16533248773370363,0.16533248773370363,0.16533248773370363,0.16533248773370363,0.16533248773370363,0.16533248773370363,0.16533248773370363,0.16533248773370363,0.16533248773370363,0.1637574940159463,0.1637574940159463,0.1637574940159463,0.1637574940159463,0.1637574940159463,0.1637574940159463,0.16375749401594608,0.16375749401594608,0.1637574940159463,0.1637574940159463,0.1637574940159463,0.16375749401594608,0.16375749401594608,0.16375749401594608,0.1637574940159463,0.1637574940159463,0.1637574940159463,0.16375749401594608,0.16375749401594608,0.1637574940159463,0.1637574940159463,0.1637574940159463,0.1637574940159463,0.1637574940159463,0.1637574940159463,0.1622138842300731,0.1622138842300731,0.1622138842300729,0.1622138842300731,0.1622138842300731,0.1622138842300731,0.1622138842300729,0.1622138842300729,0.1622138842300729,0.1622138842300731,0.1622138842300729,0.1622138842300729,0.1622138842300729,0.1622138842300729,0.1622138842300729,0.1622138842300731,0.1622138842300729,0.1622138842300729,0.1622138842300729,0.1622138842300731,0.1622138842300731,0.1622138842300731,0.1622138842300729,0.1622138842300731,0.1622138842300731,0.16070106733312473,0.1607010673331245,0.1607010673331245,0.16070106733312473,0.16070106733312473,0.1607010673331245,0.1607010673331245,0.16070106733312428,0.1607010673331245,0.16070106733312473,0.1607010673331245,0.16070106733312428,0.16070106733312428,0.16070106733312428,0.1607010673331245,0.16070106733312473,0.1607010673331245,0.16070106733312428,0.1607010673331245,0.16070106733312473,0.16070106733312473,0.16070106733312473,0.1607010673331245,0.16070106733312473,0.16070106733312473,0.15921845170007976,0.15921845170007934,0.1592184517000789,0.15921845170007934,0.15921845170007976,0.15921845170007934,0.15921845170007867,0.15921845170007845,0.15921845170007867,0.15921845170007934,0.1592184517000789,0.15921845170007845,0.15921845170007823,0.15921845170007845,0.1592184517000789,0.15921845170007934,0.15921845170007867,0.15921845170007845,0.15921845170007867,0.15921845170007934,0.15921845170007976,0.15921845170007934,0.1592184517000789,0.15921845170007934,0.15921845170007976,0.15776544647570553,0.15776544647570406,0.15776544647570298,0.15776544647570406,0.15776544647570553,0.15776544647570406,0.15776544647570234,0.15776544647570148,0.15776544647570234,0.15776544647570406,0.15776544647570298,0.15776544647570148,0.15776544647570043,0.15776544647570148,0.15776544647570298,0.15776544647570406,0.15776544647570234,0.15776544647570148,0.15776544647570234,0.15776544647570406,0.15776544647570553,0.15776544647570406,0.15776544647570298,0.15776544647570406,0.15776544647570553,0.15634146278888275,0.15634146278887814,0.15634146278887542,0.15634146278887814,0.15634146278888275,0.15634146278887814,0.15634146278887334,0.15634146278887018,0.15634146278887334,0.15634146278887814,0.15634146278887542,0.15634146278887018,0.15634146278886707,0.15634146278887018,0.15634146278887542,0.15634146278887814,0.15634146278887334,0.15634146278887018,0.15634146278887334,0.15634146278887814,0.15634146278888275,0.15634146278887814,0.15634146278887542,0.15634146278887814,0.15634146278888275,0.15494591483966896,0.15494591483965503,0.15494591483964604,0.15494591483965503,0.15494591483966896,0.15494591483965503,0.15494591483963965,0.15494591483962986,0.15494591483963965,0.15494591483965503,0.15494591483964604,0.15494591483962986,0.15494591483961917,0.15494591483962986,0.15494591483964604,0.15494591483965503,0.15494591483963965,0.15494591483962986,0.15494591483963965,0.15494591483965503,0.15494591483966896,0.15494591483965503,0.15494591483964604,0.15494591483965503,0.15494591483966896,0.15357822086881134,0.15357822086876916,0.15357822086874187,0.15357822086876916,0.15357822086881134,0.15357822086876916,0.15357822086872136,0.15357822086868964,0.15357822086872136,0.15357822086876916,0.15357822086874187,0.15357822086868964,0.15357822086865427,0.15357822086868964,0.15357822086874187,0.15357822086876916,0.15357822086872136,0.15357822086868964,0.15357822086872136,0.15357822086876916,0.15357822086881134,0.15357822086876916,0.15357822086874187,0.15357822086876916,0.15357822086881134,0.15223780401887477,0.15223780401875076,0.1522378040186683,0.15223780401875053,0.15223780401887477,0.15223780401875076,0.15223780401860254,0.15223780401849998,0.15223780401860254,0.15223780401875076,0.1522378040186683,0.15223780401849998,0.1522378040183813,0.15223780401849998,0.1522378040186683,0.15223780401875053,0.15223780401860254,0.15223780401849998,0.15223780401860254,0.15223780401875053,0.15223780401887477,0.15223780401875076,0.1522378040186683,0.15223780401875053,0.15223780401887477,0.15092409309562266,0.15092409309526827,0.15092409309502305,0.15092409309526827,0.15092409309562266,0.15092409309526827,0.15092409309481622,0.15092409309448268,0.15092409309481622,0.15092409309526827,0.15092409309502305,0.15092409309448268,0.1509240930940644,0.15092409309448268,0.15092409309502305,0.15092409309526827,0.15092409309481622,0.15092409309448268,0.15092409309481622,0.15092409309526827,0.15092409309562266,0.15092409309526827,0.15092409309502305,0.15092409309526827,0.15092409309562266,0.1496365232378009,0.14963652323683335,0.14963652323611995,0.14963652323683335,0.1496365232378009,0.14963652323683335,0.14963652323548501,0.14963652323437662,0.14963652323548501,0.14963652323683335,0.14963652323611995,0.14963652323437662,0.14963652323278662,0.14963652323437662,0.14963652323611995,0.14963652323683335,0.14963652323548501,0.14963652323437662,0.14963652323548501,0.14963652323683335,0.1496365232378009,0.14963652323683335,0.14963652323611995,0.14963652323683335,0.1496365232378009,0.14837453650305907,0.14837453650059865,0.14837453649860466,0.14837453650059865,0.14837453650305907,0.14837453650059865,0.14837453649673635,0.14837453649298807,0.14837453649673635,0.14837453650059865,0.14837453649860466,0.14837453649298807,0.14837453648629656,0.14837453649298807,0.14837453649860466,0.14837453650059865,0.14837453649673635,0.14837453649298807,0.14837453649673635,0.14837453650059865,0.14837453650305907,0.14837453650059865,0.14837453649860466,0.14837453650059865,0.14837453650305907,0.14713758237732413,0.1471375823717698,0.14713758236664634,0.1471375823717698,0.14713758237732413,0.1471375823717698,0.1471375823616168,0.14713758234911642,0.1471375823616168,0.1471375823717698,0.14713758236664634,0.14713758234911642,0.1471375823173032,0.14713758234911642,0.14713758236664634,0.1471375823717698,0.1471375823616168,0.14713758234911642,0.1471375823616168,0.1471375823717698,0.14713758237732413,0.1471375823717698,0.14713758236664634,0.1471375823717698,0.14713758237732413,0.14592511821414522,0.14592511820401532,0.14592511819319237,0.14592511820401532,0.14592511821414522,0.14592511820401532,0.14592511818221884,0.14592511814552642,0.14592511818221884,0.14592511820401532,0.14592511819319237,0.14592511814552642,0.1459251179739789,0.14592511814552642,0.14592511819319237,0.14592511820401532,0.14592511818221884,0.14592511814552642,0.14592511818221884,0.14592511820401532,0.14592511821414522,0.14592511820401532,0.14592511819319237,0.14592511820401532,0.14592511821414522,0.14473660960794227,0.14473660959547263,0.1447366095825156,0.14473660959547263,0.14473660960794227,0.14473660959547263,0.14473660956940917,0.14473660952839662,0.14473660956940917,0.14473660959547263,0.1447366095825156,0.14473660952839662,0.14473660935797766,0.14473660952839662,0.1447366095825156,0.14473660959547263,0.14473660956940917,0.14473660952839662,0.14473660956940917,0.14473660959547263,0.14473660960794227,0.14473660959547263,0.1447366095825156,0.14473660959547263,0.14473660960794227,0.1435715307011299,0.14357153068794584,0.14357153067452785,0.14357153068794584,0.1435715307011299,0.14357153068794584,0.14357153066100067,0.14357153062010042,0.14357153066100067,0.14357153068794584,0.14357153067452785,0.14357153062010042,0.14357153045678736,0.14357153062010042,0.14357153067452785,0.14357153068794584,0.14357153066100067,0.14357153062010042,0.14357153066100067,0.14357153068794584,0.1435715307011299,0.14357153068794584,0.14357153067452785,0.14357153068794584,0.1435715307011299,0.1424293644466969,0.14242936443361814,0.1424293644201495,0.14242936443361814,0.1424293644466969,0.14242936443361814,0.1424293644065158,0.14242936436483813,0.1424293644065158,0.14242936443361814,0.1424293644201495,0.14242936436483813,0.14242936419667043,0.14242936436483813,0.1424293644201495,0.14242936443361814,0.1424293644065158,0.14242936436483813,0.1424293644065158,0.14242936443361814,0.1424293644466969,0.14242936443361814,0.1424293644201495,0.14242936443361814,0.1424293644466969,0.14130960282270724,0.14130960281110516,0.1413096027984862,0.14130960281110516,0.14130960282270724,0.14130960281110516,0.14130960278553714,0.141309602743377,0.14130960278553714,0.14130960281110516,0.1413096027984862,0.141309602743377,0.14130960256225822,0.141309602743377,0.1413096027984862,0.14130960281110516,0.14130960278553714,0.141309602743377,0.14130960278553714,0.14130960281110516,0.14130960282270724,0.14130960281110516,0.1413096027984862,0.14130960281110516,0.14130960282270724,0.14021174700004932,0.140211746993427,0.1402117469850549,0.140211746993427,0.14021174700004932,0.140211746993427,0.1402117469762126,0.14021174694230965,0.1402117469762126,0.140211746993427,0.1402117469850549,0.14021174694230965,0.14021174676971312,0.14021174694230965,0.1402117469850549,0.140211746993427,0.1402117469762126,0.14021174694230965,0.1402117469762126,0.140211746993427,0.14021174700004932,0.140211746993427,0.1402117469850549,0.140211746993427,0.14021174700004932,0.13913530746712838,0.13913530747144973,0.13913530747463917,0.13913530747144973,0.13913530746712838,0.13913530747144973,0.13913530747756597,0.13913530748159705,0.13913530747756597,0.13913530747144973,0.13913530747463917,0.13913530748159705,0.1391353074809328,0.13913530748159705,0.13913530747463917,0.13913530747144973,0.13913530747756597,0.13913530748159705,0.13913530747756597,0.13913530747144973,0.13913530746712838,0.13913530747144973,0.13913530747463917,0.13913530747144973,0.13913530746712838,0.13807980411790252,0.13807980413708157,0.1380798041565258,0.13807980413708157,0.13807980411790252,0.13807980413708157,0.1380798041762725,0.13807980423059418,0.1380798041762725,0.13807980413708157,0.1380798041565258,0.13807980423059418,0.13807980438503417,0.13807980423059418,0.1380798041565258,0.13807980413708157,0.1380798041762725,0.13807980423059418,0.1380798041762725,0.13807980413708157,0.13807980411790252,0.13807980413708157,0.1380798041565258,0.13807980413708157,0.13807980411790252,0.13704476631680837,0.1370447663499053,0.13704476639022803,0.1370447663499053,0.13704476631680837,0.1370447663499053,0.13704476643208816,0.13704476659776144,0.13704476643208816,0.1370447663499053,0.13704476639022803,0.13704476659776144,0.1370447675177787,0.13704476659776144,0.13704476639022803,0.1370447663499053,0.13704476643208816,0.13704476659776144,0.13704476643208816,0.1370447663499053,0.13704476631680837,0.1370447663499053,0.13704476639022803,0.1370447663499053,0.13704476631680837,0.1360297329404347,0.13602973296368379,0.1360297329864859,0.13602973296368379,0.1360297329404347,0.13602973296368379,0.13602973300938012,0.1360297330705896,0.13602973300938012,0.13602973296368379,0.1360297329864859,0.1360297330705896,0.13602973324062093,0.1360297330705896,0.1360297329864859,0.13602973296368379,0.13602973300938012,0.1360297330705896,0.13602973300938012,0.13602973296368379,0.1360297329404347,0.13602973296368379,0.1360297329864859,0.13602973296368379,0.1360297329404347,0.1350342524303094,0.1350342524448995,0.13503425245695455,0.1350342524448995,0.1350342524303094,0.1350342524448995,0.13503425246840273,0.1350342524917245,0.13503425246840273,0.1350342524448995,0.13503425245695455,0.1350342524917245,0.13503425253416096,0.1350342524917245,0.13503425245695455,0.1350342524448995,0.13503425246840273,0.1350342524917245,0.13503425246840273,0.1350342524448995,0.1350342524303094,0.1350342524448995,0.13503425245695455,0.1350342524448995,0.1350342524303094
0.16533248773500392,0.16533248773500392,0.16533248773500392,0.16533248773500392,0.16533248773500392,0.16533248773500392,0.16533248773500392,0.16533248773500392,0.16533248773500392,0.16533248773500392,0.16533248773500392,0.16533248773500392,0.16533248773500392,0.16533248773500392,0.16533248773500392,0.16533248773500392,0.16533248773500392,0.16533248773500392,0.16533248773500392,0.16533248773500392,0.16533248773500392,0.16533248773500392,0.16533248773500392,0.16533248773500392,0.16533248773500392,0.16375749401722048,0.16375749401722048,0.16375749401722048,0.16375749401722048,0.16375749401722048,0.16375749401722048,0.16375749401722048,0.16375749401722048,0.16375749401722048,0.16375749401722048,0.16375749401722048,0.16375749401722048,0.16375749401722048,0.16375749401722048,0.16375749401722048,0.16375749401722048,0.16375749401722048,0.16375749401722048,0.16375749401722048,0.16375749401722048,0.16375749401722048,0.16375749401722048,0.16375749401722048,0.16375749401722048,0.16375749401722048,0.16221388423132163,0.16221388423132163,0.16221388423132163,0.16221388423132163,0.16221388423132163,0.16221388423132163,0.16221388423132163,0.16221388423132163,0.16221388423132163,0.16221388423132163,0.16221388423132163,0.16221388423132163,0.16221388423132163,0.16221388423132163,0.16221388423132163,0.16221388423132163,0.16221388423132163,0.16221388423132163,0.16221388423132163,0.16221388423132163,0.16221388423132163,0.16221388423132163,0.16221388423132163,0.16221388423132163,0.16221388423132163,0.16070106733434814,0.16070106733434814,0.16070106733434789,0.16070106733434814,0.16070106733434814,0.16070106733434814,0.16070106733434789,0.16070106733434789,0.16070106733434789,0.16070106733434814,0.16070106733434789,0.16070106733434789,0.1607010673343477,0.16070106733434789,0.16070106733434789,0.16070106733434814,0.16070106733434789,0.16070106733434789,0.16070106733434789,0.16070106733434814,0.16070106733434814,0.16070106733434814,0.16070106733434789,0.16070106733434814,0.16070106733434814,0.15921845170127827,0.15921845170127785,0.15921845170127763,0.15921845170127785,0.15921845170127827,0.15921845170127785,0.1592184517012774,0.159218451701277,0.1592184517012774,0.15921845170127785,0.15921845170127763,0.159218451701277,0.15921845170127677,0.159218451701277,0.15921845170127763,0.15921845170127785,0.1592184517012774,0.159218451701277,0.1592184517012774,0.15921845170127785,0.15921845170127827,0.15921845170127785,0.15921845170127763,0.15921845170127785,0.15921845170127827,0.15776544647687973,0.15776544647687823,0.15776544647687737,0.15776544647687823,0.15776544647687973,0.15776544647687823,0.15776544647687674,0.15776544647687565,0.15776544647687674,0.15776544647687823,0.15776544647687737,0.15776544647687565,0.1577654464768746,0.15776544647687565,0.15776544647687737,0.15776544647687823,0.15776544647687674,0.15776544647687565,0.15776544647687674,0.15776544647687823,0.15776544647687973,0.15776544647687823,0.15776544647687737,0.15776544647687823,0.15776544647687973,0.15634146279003305,0.15634146279002845,0.1563414627900255,0.15634146279002845,0.15634146279003305,0.15634146279002845,0.15634146279002342,0.1563414627900205,0.15634146279002342,0.15634146279002845,0.1563414627900255,0.1563414627900205,0.15634146279001715,0.1563414627900205,0.1563414627900255,0.15634146279002845,0.15634146279002342,0.1563414627900205,0.15634146279002342,0.15634146279002845,0.15634146279003305,0.15634146279002845,0.1563414627900255,0.15634146279002845,0.15634146279003305,0.15494591484079548,0.15494591484078135,0.15494591484077253,0.15494591484078135,0.15494591484079548,0.15494591484078135,0.15494591484076617,0.15494591484075634,0.15494591484076617,0.15494591484078135,0.15494591484077253,0.15494591484075634,0.1549459148407459,0.15494591484075634,0.15494591484077253,0.15494591484078135,0.15494591484076617,0.15494591484075634,0.15494591484076617,0.15494591484078135,0.15494591484079548,0.15494591484078135,0.15494591484077253,0.15494591484078135,0.15494591484079548,0.15357822086991438,0.1535782208698722,0.15357822086984507,0.1535782208698722,0.15357822086991438,0.1535782208698722,0.1535782208698246,0.1535782208697931,0.1535782208698246,0.1535782208698722,0.15357822086984507,0.1535782208697931,0.1535782208697579,0.1535782208697931,0.15357822086984507,0.1535782208698722,0.1535782208698246,0.1535782208697931,0.1535782208698246,0.1535782208698722,0.15357822086991438,0.1535782208698722,0.15357822086984507,0.1535782208698722,0.15357822086991438,0.15223780401995463,0.15223780401983084,0.15223780401974854,0.15223780401983084,0.15223780401995463,0.15223780401983084,0.1522378040196832,0.1522378040195808,0.1522378040196832,0.15223780401983084,0.15223780401974854,0.1522378040195808,0.15223780401946255,0.1522378040195808,0.15223780401974854,0.15223780401983084,0.1522378040196832,0.1522378040195808,0.1522378040196832,0.15223780401983084,0.15223780401995463,0.15223780401983084,0.15223780401974854,0.15223780401983084,0.15223780401995463,0.1509240930966787,0.1509240930963253,0.150924093096081,0.1509240930963253,0.1509240930966787,0.1509240930963253,0.1509240930958748,0.1509240930955424,0.1509240930958748,0.1509240930963253,0.150924093096081,0.1509240930955424,0.1509240930951253,0.1509240930955424,0.150924093096081,0.1509240930963253,0.1509240930958748,0.1509240930955424,0.1509240930958748,0.1509240930963253,0.1509240930966787,0.1509240930963253,0.150924093096081,0.1509240930963253,0.1509240930966787,0.14963652323883142,0.14963652323786691,0.14963652323715576,0.14963652323786691,0.14963652323883142,0.14963652323786691,0.1496365232365227,0.1496365232354177,0.1496365232365227,0.14963652323786691,0.14963652323715576,0.1496365232354177,0.14963652323383222,0.1496365232354177,0.14963652323715576,0.14963652323786691,0.1496365232365227,0.1496365232354177,0.1496365232365227,0.14963652323786691,0.14963652323883142,0.14963652323786691,0.14963652323715576,0.14963652323786691,0.14963652323883142,0.148374536504058,0.14837453650160534,0.1483745364996175,0.14837453650160534,0.148374536504058,0.14837453650160534,0.14837453649775492,0.1483745364940181,0.14837453649775492,0.14837453650160534,0.1483745364996175,0.1483745364940181,0.14837453648734644,0.1483745364940181,0.1483745364996175,0.14837453650160534,0.14837453649775492,0.1483745364940181,0.14837453649775492,0.14837453650160534,0.148374536504058,0.14837453650160534,0.1483745364996175,0.14837453650160534,0.148374536504058,0.14713758237827568,0.1471375823727393,0.14713758236763202,0.1471375823727393,0.14713758237827568,0.1471375823727393,0.1471375823626181,0.1471375823501557,0.1471375823626181,0.1471375823727393,0.14713758236763202,0.1471375823501557,0.14713758231843582,0.1471375823501557,0.14713758236763202,0.1471375823727393,0.1471375823626181,0.1471375823501557,0.1471375823626181,0.1471375823727393,0.14713758237827568,0.1471375823727393,0.14713758236763202,0.1471375823727393,0.14713758237827568,0.1459251182150122,0.1459251182049167,0.14592511819412918,0.1459251182049167,0.1459251182150122,0.1459251182049167,0.1459251181831909,0.14592511814661102,0.1459251181831909,0.1459251182049167,0.14592511819412918,0.14592511814661102,0.14592511797551827,0.14592511814661102,0.14592511819412918,0.1459251182049167,0.1459251181831909,0.14592511814661102,0.1459251181831909,0.1459251182049167,0.1459251182150122,0.1459251182049167,0.14592511819412918,0.1459251182049167,0.1459251182150122,0.14473660960865256,0.14473660959623158,0.1447366095833236,0.14473660959623158,0.14473660960865256,0.14473660959623158,0.14473660957026607,0.14473660952940148,0.14473660957026607,0.14473660959623158,0.1447366095833236,0.14473660952940148,0.14473660935955876,0.14473660952940148,0.1447366095833236,0.14473660959623158,0.14473660957026607,0.14473660952940148,0.14473660957026607,0.14473660959623158,0.14473660960865256,0.14473660959623158,0.1447366095833236,0.14473660959623158,0.14473660960865256,0.14357153070158182,0.14357153068845935,0.1435715306751033,0.14357153068845935,0.14357153070158182,0.14357153068845935,0.14357153066163825,0.14357153062092348,0.14357153066163825,0.14357153068845935,0.1435715306751033,0.14357153062092348,0.14357153045836654,0.14357153062092348,0.1435715306751033,0.14357153068845935,0.14357153066163825,0.14357153062092348,0.14357153066163825,0.14357153068845935,0.14357153070158182,0.14357153068845935,0.1435715306751033,0.14357153068845935,0.14357153070158182,0.14242936444676016,0.14242936443375467,0.1424293644203619,0.14242936443375467,0.14242936444676016,0.14242936443375467,0.14242936440680498,0.14242936436536285,0.14242936440680498,0.14242936443375467,0.1424293644203619,0.14242936436536285,0.1424293641981604,0.14242936436536285,0.1424293644203619,0.14242936443375467,0.14242936440680498,0.14242936436536285,0.14242936440680498,0.14242936443375467,0.14242936444676016,0.14242936443375467,0.1424293644203619,0.14242936443375467,0.14242936444676016,0.14130960282222504,0.14130960281069993,0.14130960279816515,0.14130960281069993,0.14130960282222504,0.14130960281069993,0.1413096027853028,0.14130960274342683,0.1413096027853028,0.14130960281069993,0.14130960279816515,0.14130960274342683,0.1413096025635437,0.14130960274342683,0.14130960279816515,0.14130960281069993,0.1413096027853028,0.14130960274342683,0.1413096027853028,0.14130960281069993,0.14130960282222504,0.14130960281069993,0.14130960279816515,0.14130960281069993,0.14130960282222504,0.14021174699885589,0.1402117469922887,0.1402117469839845,0.1402117469922887,0.14021174699885589,0.1402117469922887,0.14021174697521332,0.14021174694157998,0.14021174697521332,0.1402117469922887,0.1402117469839845,0.14021174694157998,0.14021174677034057,0.14021174694157998,0.1402117469839845,0.1402117469922887,0.14021174697521332,0.14021174694157998,0.14021174697521332,0.1402117469922887,0.14021174699885589,0.1402117469922887,0.1402117469839845,0.1402117469922887,0.14021174699885589,0.13913530746509997,0.13913530746941213,0.13913530747259795,0.13913530746941213,0.13913530746509997,0.13913530746941213,0.13913530747552252,0.1391353074795658,0.13913530747552252,0.13913530746941213,0.13913530747259795,0.1391353074795658,0.1391353074789926,0.1391353074795658,0.13913530747259795,0.13913530746941213,0.13913530747552252,0.1391353074795658,0.13913530747552252,0.13913530746941213,0.13913530746509997,0.13913530746941213,0.13913530747259795,0.13913530746941213,0.13913530746509997,0.13807980411504617,0.138079804134133,0.1380798041534825,0.138079804134133,0.13807980411504617,0.138079804134133,0.13807980417313273,0.13807980422718547,0.13807980417313273,0.138079804134133,0.1380798041534825,0.13807980422718547,0.13807980438085132,0.13807980422718547,0.1380798041534825,0.138079804134133,0.13807980417313273,0.13807980422718547,0.13807980417313273,0.138079804134133,0.13807980411504617,0.138079804134133,0.1380798041534825,0.138079804134133,0.13807980411504617,0.13704476631330292,0.13704476634623264,0.13704476638635024,0.13704476634623264,0.13704476631330292,0.13704476634623264,0.13704476642799737,0.13704476659282377,0.13704476642799737,0.13704476634623264,0.13704476638635024,0.13704476659282377,0.13704476750813493,0.13704476659282377,0.13704476638635024,0.13704476634623264,0.13704476642799737,0.13704476659282377,0.13704476642799737,0.13704476634623264,0.13704476631330292,0.13704476634623264,0.13704476638635024,0.13704476634623264,0.13704476631330292,0.1360297329366155,0.13602973295974635,0.13602973298243212,0.13602973295974635,0.1360297329366155,0.13602973295974635,0.13602973300520946,0.136029733066106,0.13602973300520946,0.13602973295974635,0.13602973298243212,0.136029733066106,0.13602973323526635,0.136029733066106,0.13602973298243212,0.13602973295974635,0.13602973300520946,0.136029733066106,0.13602973300520946,0.13602973295974635,0.1360297329366155,0.13602973295974635,0.13602973298243212,0.13602973295974635,0.1360297329366155,0.13503425242641462,0.1350342524409303,0.13503425245292378,0.1350342524409303,0.13503425242641462,0.1350342524409303,0.1350342524643136,0.13503425248751602,0.1350342524643136,0.1350342524409303,0.13503425245292378,0.13503425248751602,0.1350342525297352,0.13503425248751602,0.13503425245292378,0.1350342524409303,0.1350342524643136,0.13503425248751602,0.1350342524643136,0.1350342524409303,0.13503425242641462,0.1350342524409303,0.13503425245292378,0.1350342524409303,0.13503425242641462
0.16533248773629264,0.16533248773629264,0.16533248773629264,0.16533248773629264,0.16533248773629264,0.16533248773629264,0.16533248773629264,0.16533248773629264,0.16533248773629264,0.16533248773629264,0.16533248773629264,0.16533248773629264,0.16533248773629264,0.16533248773629264,0.16533248773629264,0.16533248773629264,0.16533248773629264,0.16533248773629264,0.16533248773629264,0.16533248773629264,0.16533248773629264,0.16533248773629264,0.16533248773629264,0.16533248773629264,0.16533248773629264,0.16375749401848333,0.16375749401848333,0.16375749401848333,0.16375749401848333,0.16375749401848333,0.16375749401848333,0.16375749401848333,0.16375749401848333,0.16375749401848333,0.16375749401848333,0.16375749401848333,0.16375749401848333,0.16375749401848333,0.16375749401848333,0.16375749401848333,0.16375749401848333,0.16375749401848333,0.16375749401848333,0.16375749401848333,0.16375749401848333,0.16375749401848333,0.16375749401848333,0.16375749401848333,0.16375749401848333,0.16375749401848333,0.16221388423255909,0.16221388423255909,0.16221388423255909,0.16221388423255909,0.16221388423255909,0.16221388423255909,0.16221388423255909,0.16221388423255909,0.16221388423255909,0.16221388423255909,0.16221388423255909,0.16221388423255909,0.16221388423255909,0.16221388423255909,0.16221388423255909,0.16221388423255909,0.16221388423255909,0.16221388423255909,0.16221388423255909,0.16221388423255909,0.16221388423255909,0.16221388423255909,0.16221388423255909,0.16221388423255909,0.16221388423255909,0.16070106733556064,0.16070106733556064,0.16070106733556042,0.16070106733556064,0.16070106733556064,0.16070106733556064,0.16070106733556042,0.16070106733556022,0.16070106733556042,0.16070106733556064,0.16070106733556042,0.16070106733556022,0.16070106733556022,0.16070106733556022,0.16070106733556042,0.16070106733556064,0.16070106733556042,0.16070106733556022,0.16070106733556042,0.16070106733556064,0.16070106733556064,0.16070106733556064,0.16070106733556042,0.16070106733556064,0.16070106733556064,0.15921845170246615,0.15921845170246574,0.15921845170246549,0.15921845170246574,0.15921845170246615,0.15921845170246574,0.1592184517024653,0.15921845170246507,0.1592184517024653,0.15921845170246574,0.15921845170246549,0.15921845170246507,0.15921845170246463,0.15921845170246507,0.15921845170246549,0.15921845170246574,0.1592184517024653,0.15921845170246507,0.1592184517024653,0.15921845170246574,0.15921845170246615,0.15921845170246574,0.15921845170246549,0.15921845170246574,0.15921845170246615,0.15776544647804344,0.15776544647804194,0.15776544647804086,0.15776544647804194,0.15776544647804344,0.15776544647804194,0.15776544647804022,0.15776544647803936,0.15776544647804022,0.15776544647804194,0.15776544647804086,0.15776544647803936,0.1577654464780383,0.15776544647803936,0.15776544647804086,0.15776544647804194,0.15776544647804022,0.15776544647803936,0.15776544647804022,0.15776544647804194,0.15776544647804344,0.15776544647804194,0.15776544647804086,0.15776544647804194,0.15776544647804344,0.1563414627911729,0.15634146279116826,0.15634146279116537,0.15634146279116826,0.1563414627911729,0.15634146279116826,0.15634146279116326,0.15634146279116032,0.15634146279116326,0.15634146279116826,0.15634146279116537,0.15634146279116032,0.156341462791157,0.15634146279116032,0.15634146279116537,0.15634146279116826,0.15634146279116326,0.15634146279116032,0.15634146279116326,0.15634146279116826,0.1563414627911729,0.15634146279116826,0.15634146279116537,0.15634146279116826,0.1563414627911729,0.15494591484191172,0.15494591484189782,0.154945914841889,0.15494591484189782,0.15494591484191172,0.15494591484189782,0.15494591484188266,0.1549459148418728,0.15494591484188266,0.15494591484189782,0.154945914841889,0.1549459148418728,0.15494591484186235,0.1549459148418728,0.154945914841889,0.15494591484189782,0.15494591484188266,0.1549459148418728,0.15494591484188266,0.15494591484189782,0.15494591484191172,0.15494591484189782,0.154945914841889,0.15494591484189782,0.15494591484191172,0.15357822087100736,0.1535782208709656,0.15357822087093848,0.1535782208709656,0.15357822087100736,0.1535782208709656,0.153578220870918,0.15357822087088646,0.153578220870918,0.1535782208709656,0.15357822087093848,0.15357822087088646,0.15357822087085152,0.15357822087088646,0.15357822087093848,0.1535782208709656,0.153578220870918,0.15357822087088646,0.153578220870918,0.1535782208709656,0.15357822087100736,0.1535782208709656,0.15357822087093848,0.1535782208709656,0.15357822087100736,0.15223780402102466,0.15223780402090123,0.15223780402081935,0.15223780402090123,0.15223780402102466,0.15223780402090123,0.152237804020754,0.152237804020652,0.152237804020754,0.15223780402090123,0.15223780402081935,0.152237804020652,0.1522378040205341,0.152237804020652,0.15223780402081935,0.15223780402090123,0.152237804020754,0.152237804020652,0.152237804020754,0.15223780402090123,0.15223780402102466,0.15223780402090123,0.15223780402081935,0.15223780402090123,0.15223780402102466,0.15092409309772528,0.150924093097373,0.15092409309712934,0.150924093097373,0.15092409309772528,0.150924093097373,0.1509240930969237,0.15092409309659224,0.1509240930969237,0.150924093097373,0.15092409309712934,0.15092409309659224,0.15092409309617652,0.15092409309659224,0.15092409309712934,0.150924093097373,0.1509240930969237,0.15092409309659224,0.1509240930969237,0.150924093097373,0.15092409309772528,0.150924093097373,0.15092409309712934,0.150924093097373,0.15092409309772528,0.14963652323985266,0.14963652323889115,0.1496365232381821,0.14963652323889115,0.14963652323985266,0.14963652323889115,0.14963652323755094,0.14963652323644935,0.14963652323755094,0.14963652323889115,0.1496365232381821,0.14963652323644935,0.1496365232348686,0.14963652323644935,0.1496365232381821,0.14963652323889115,0.14963652323755094,0.14963652323644935,0.14963652323755094,0.14963652323889115,0.14963652323985266,0.14963652323889115,0.1496365232381821,0.14963652323889115,0.14963652323985266,0.14837453650504784,0.14837453650260296,0.14837453650062124,0.14837453650260296,0.14837453650504784,0.14837453650260296,0.14837453649876442,0.14837453649503873,0.14837453649876442,0.14837453650260296,0.14837453650062124,0.14837453649503873,0.1483745364883869,0.14837453649503873,0.14837453650062124,0.14837453650260296,0.14837453649876442,0.14837453649503873,0.14837453649876442,0.14837453650260296,0.14837453650504784,0.14837453650260296,0.14837453650062124,0.14837453650260296,0.14837453650504784,0.14713758237921845,0.1471375823736999,0.14713758236860877,0.1471375823736999,0.14713758237921845,0.1471375823736999,0.1471375823636103,0.14713758235118551,0.1471375823636103,0.1471375823736999,0.14713758236860877,0.14713758235118551,0.14713758231955848,0.14713758235118551,0.14713758236860877,0.1471375823736999,0.1471375823636103,0.14713758235118551,0.1471375823636103,0.1471375823736999,0.14713758237921845,0.1471375823736999,0.14713758236860877,0.1471375823736999,0.14713758237921845,0.145925118215871,0.14592511820580983,0.14592511819505724,0.14592511820580983,0.145925118215871,0.14592511820580983,0.1459251181841544,0.145925118147686,0.1459251181841544,0.14592511820580983,0.14592511819505724,0.145925118147686,0.14592511797710803,0.145925118147686,0.14592511819505724,0.14592511820580983,0.1459251181841544,0.145925118147686,0.1459251181841544,0.14592511820580983,0.145925118215871,0.14592511820580983,0.14592511819505724,0.14592511820580983,0.145925118215871,0.14473660960935614,0.14473660959698334,0.1447366095841239,0.14473660959698334,0.14473660960935614,0.14473660959698334,0.1447366095711151,0.14473660953039713,0.1447366095711151,0.14473660959698334,0.1447366095841239,0.14473660953039713,0.14473660936114052,0.14473660953039713,0.1447366095841239,0.14473660959698334,0.1447366095711151,0.14473660953039713,0.1447366095711151,0.14473660959698334,0.14473660960935614,0.14473660959698334,0.1447366095841239,0.14473660959698334,0.14473660960935614,0.1435715307020291,0.14357153068896758,0.14357153067567277,0.14357153068896758,0.1435715307020291,0.14357153068896758,0.1435715306622695,0.14357153062173833,0.1435715306622695,0.14357153068896758,0.14357153067567277,0.14357153062173833,0.14357153045989082,0.14357153062173833,0.14357153067567277,0.14357153068896758,0.1435715306622695,0.14357153062173833,0.1435715306622695,0.14357153068896758,0.1435715307020291,0.14357153068896758,0.14357153067567277,0.14357153068896758,0.1435715307020291,0.1424293644468219,0.1424293644338892,0.1424293644205714,0.1424293644338892,0.1424293644468219,0.1424293644338892,0.1424293644070905,0.14242936436588172,0.1424293644070905,0.1424293644338892,0.1424293644205714,0.14242936436588172,0.1424293641996227,0.14242936436588172,0.1424293644205714,0.1424293644338892,0.1424293644070905,0.14242936436588172,0.1424293644070905,0.1424293644338892,0.1424293644468219,0.1424293644338892,0.1424293644205714,0.1424293644338892,0.1424293644468219,0.1413096028217461,0.14130960281029697,0.14130960279784577,0.14130960281029697,0.1413096028217461,0.14130960281029697,0.14130960278506893,0.1413096027434742,0.14130960278506893,0.14130960281029697,0.14130960279784577,0.1413096027434742,0.1413096025647964,0.1413096027434742,0.14130960279784577,0.14130960281029697,0.14130960278506893,0.1413096027434742,0.14130960278506893,0.14130960281029697,0.1413096028217461,0.14130960281029697,0.14130960279784577,0.14130960281029697,0.1413096028217461,0.1402117469976721,0.1402117469911596,0.1402117469829225,0.1402117469911596,0.1402117469976721,0.1402117469911596,0.1402117469742216,0.14021174694085436,0.1402117469742216,0.1402117469911596,0.1402117469829225,0.14021174694085436,0.1402117467709791,0.14021174694085436,0.1402117469829225,0.1402117469911596,0.1402117469742216,0.14021174694085436,0.1402117469742216,0.1402117469911596,0.1402117469976721,0.1402117469911596,0.1402117469829225,0.1402117469911596,0.1402117469976721,0.13913530746308925,0.13913530746739228,0.13913530747057445,0.13913530746739228,0.13913530746308925,0.13913530746739228,0.13913530747349664,0.13913530747755173,0.13913530747349664,0.13913530746739228,0.13913530747057445,0.13913530747755173,0.13913530747706823,0.13913530747755173,0.13913530747057445,0.13913530746739228,0.13913530747349664,0.13913530747755173,0.13913530747349664,0.13913530746739228,0.13913530746308925,0.13913530746739228,0.13913530747057445,0.13913530746739228,0.13913530746308925,0.13807980411221574,0.13807980413121124,0.13807980415046692,0.13807980413121124,0.13807980411221574,0.13807980413121124,0.13807980417002166,0.13807980422380817,0.13807980417002166,0.13807980413121124,0.13807980415046692,0.13807980422380817,0.13807980437670736,0.13807980422380817,0.13807980415046692,0.13807980413121124,0.13807980417002166,0.13807980422380817,0.13807980417002166,0.13807980413121124,0.13807980411221574,0.13807980413121124,0.13807980415046692,0.13807980413121124,0.13807980411221574,0.13704476630982987,0.13704476634259405,0.13704476638250865,0.13704476634259405,0.13704476630982987,0.13704476634259405,0.1370447664239449,0.1370447665879328,0.1370447664239449,0.13704476634259405,0.13704476638250865,0.1370447665879328,0.13704476749857694,0.1370447665879328,0.13704476638250865,0.13704476634259405,0.1370447664239449,0.1370447665879328,0.1370447664239449,0.13704476634259405,0.13704476630982987,0.13704476634259405,0.13704476638250865,0.13704476634259405,0.13704476630982987,0.1360297329328319,0.13602973295584572,0.13602973297841642,0.13602973295584572,0.1360297329328319,0.13602973295584572,0.13602973300107804,0.13602973306166455,0.13602973300107804,0.13602973295584572,0.13602973297841642,0.13602973306166455,0.13602973322996265,0.13602973306166455,0.13602973297841642,0.13602973295584572,0.13602973300107804,0.13602973306166455,0.13602973300107804,0.13602973295584572,0.1360297329328319,0.13602973295584572,0.13602973297841642,0.13602973295584572,0.1360297329328319,0.1350342524225563,0.1350342524369982,0.13503425244893086,0.1350342524369982,0.1350342524225563,0.1350342524369982,0.13503425246026265,0.13503425248334705,0.13503425246026265,0.1350342524369982,0.13503425244893086,0.13503425248334705,0.13503425252535123,0.13503425248334705,0.13503425244893086,0.1350342524369982,0.13503425246026265,0.13503425248334705,0.13503425246026265,0.1350342524369982,0.1350342524225563,0.1350342524369982,0.13503425244893086,0.1350342524369982,0.1350342524225563
0.16533248773756956,0.16533248773756956,0.16533248773756956,0.16533248773756956,0.16533248773756956,0.16533248773756956,0.16533248773756956,0.16533248773756956,0.16533248773756956,0.16533248773756956,0.16533248773756956,0.16533248773756956,0.16533248773756956,0.16533248773756956,0.16533248773756956,0.16533248773756956,0.16533248773756956,0.16533248773756956,0.16533248773756956,0.16533248773756956,0.16533248773756956,0.16533248773756956,0.16533248773756956,0.16533248773756956,0.16533248773756956,0.16375749401973483,0.16375749401973483,0.16375749401973483,0.16375749401973483,0.16375749401973483,0.16375749401973483,0.16375749401973483,0.16375749401973483,0.16375749401973483,0.16375749401973483,0.16375749401973483,0.16375749401973483,0.16375749401973483,0.16375749401973483,0.16375749401973483,0.16375749401973483,0.16375749401973483,0.16375749401973483,0.16375749401973483,0.16375749401973483,0.16375749401973483,0.16375749401973483,0.16375749401973483,0.16375749401973483,0.16375749401973483,0.1622138842337854,0.1622138842337854,0.1622138842337854,0.1622138842337854,0.1622138842337854,0.1622138842337854,0.1622138842337854,0.1622138842337854,0.1622138842337854,0.1622138842337854,0.1622138842337854,0.1622138842337854,0.1622138842337854,0.1622138842337854,0.1622138842337854,0.1622138842337854,0.1622138842337854,0.1622138842337854,0.1622138842337854,0.1622138842337854,0.1622138842337854,0.1622138842337854,0.1622138842337854,0.1622138842337854,0.1622138842337854,0.16070106733676226,0.16070106733676204,0.16070106733676204,0.16070106733676204,0.16070106733676226,0.16070106733676204,0.16070106733676204,0.16070106733676182,0.16070106733676204,0.16070106733676204,0.16070106733676204,0.16070106733676182,0.16070106733676182,0.16070106733676182,0.16070106733676204,0.16070106733676204,0.16070106733676204,0.16070106733676182,0.16070106733676204,0.16070106733676204,0.16070106733676226,0.16070106733676204,0.16070106733676204,0.16070106733676204,0.16070106733676226,0.15921845170364335,0.1592184517036429,0.15921845170364268,0.1592184517036429,0.15921845170364335,0.1592184517036429,0.15921845170364246,0.15921845170364204,0.15921845170364246,0.1592184517036429,0.15921845170364268,0.15921845170364204,0.15921845170364182,0.15921845170364204,0.15921845170364268,0.1592184517036429,0.15921845170364246,0.15921845170364204,0.15921845170364246,0.1592184517036429,0.15921845170364335,0.1592184517036429,0.15921845170364268,0.1592184517036429,0.15921845170364335,0.15776544647919646,0.157765446479195,0.1577654464791941,0.157765446479195,0.15776544647919646,0.157765446479195,0.15776544647919347,0.15776544647919263,0.15776544647919347,0.157765446479195,0.1577654464791941,0.15776544647919263,0.15776544647919155,0.15776544647919263,0.1577654464791941,0.157765446479195,0.15776544647919347,0.15776544647919263,0.15776544647919347,0.157765446479195,0.15776544647919646,0.157765446479195,0.1577654464791941,0.157765446479195,0.15776544647919646,0.15634146279230227,0.15634146279229766,0.15634146279229494,0.15634146279229766,0.15634146279230227,0.15634146279229766,0.15634146279229286,0.15634146279228991,0.15634146279229286,0.15634146279229766,0.15634146279229494,0.15634146279228991,0.15634146279228658,0.15634146279228991,0.15634146279229494,0.15634146279229766,0.15634146279229286,0.15634146279228991,0.15634146279229286,0.15634146279229766,0.15634146279230227,0.15634146279229766,0.15634146279229494,0.15634146279229766,0.15634146279230227,0.15494591484301798,0.15494591484300405,0.15494591484299522,0.15494591484300405,0.15494591484301798,0.15494591484300405,0.1549459148429889,0.15494591484297923,0.1549459148429889,0.15494591484300405,0.15494591484299522,0.15494591484297923,0.15494591484296877,0.15494591484297923,0.15494591484299522,0.15494591484300405,0.1549459148429889,0.15494591484297923,0.1549459148429889,0.15494591484300405,0.15494591484301798,0.15494591484300405,0.15494591484299522,0.15494591484300405,0.15494591484301798,0.1535782208720907,0.15357822087204892,0.15357822087202183,0.15357822087204892,0.1535782208720907,0.15357822087204892,0.15357822087200154,0.1535782208719702,0.15357822087200154,0.15357822087204892,0.15357822087202183,0.1535782208719702,0.15357822087193504,0.1535782208719702,0.15357822087202183,0.15357822087204892,0.15357822087200154,0.1535782208719702,0.15357822087200154,0.15357822087204892,0.1535782208720907,0.15357822087204892,0.15357822087202183,0.15357822087204892,0.1535782208720907,0.15223780402208503,0.152237804021962,0.1522378040218803,0.152237804021962,0.15223780402208503,0.152237804021962,0.15223780402181536,0.15223780402171339,0.15223780402181536,0.152237804021962,0.1522378040218803,0.15223780402171339,0.15223780402159587,0.15223780402171339,0.1522378040218803,0.152237804021962,0.15223780402181536,0.15223780402171339,0.15223780402181536,0.152237804021962,0.15223780402208503,0.152237804021962,0.1522378040218803,0.152237804021962,0.15223780402208503,0.15092409309876223,0.1509240930984111,0.1509240930981682,0.1509240930984111,0.15092409309876223,0.1509240930984111,0.15092409309796334,0.15092409309763286,0.15092409309796334,0.1509240930984111,0.1509240930981682,0.15092409309763286,0.1509240930972183,0.15092409309763286,0.1509240930981682,0.1509240930984111,0.15092409309796334,0.15092409309763286,0.15092409309796334,0.1509240930984111,0.15092409309876223,0.1509240930984111,0.1509240930981682,0.1509240930984111,0.15092409309876223,0.14963652324086446,0.14963652323990598,0.14963652323919918,0.14963652323990598,0.14963652324086446,0.14963652323990598,0.1496365232385699,0.14963652323747154,0.1496365232385699,0.14963652323990598,0.14963652323919918,0.14963652323747154,0.1496365232358957,0.14963652323747154,0.14963652323919918,0.14963652323990598,0.1496365232385699,0.14963652323747154,0.1496365232385699,0.14963652323990598,0.14963652324086446,0.14963652323990598,0.14963652323919918,0.14963652323990598,0.14963652324086446,0.1483745365060288,0.14837453650359153,0.14837453650161592,0.14837453650359153,0.1483745365060288,0.14837453650359153,0.14837453649976484,0.14837453649605045,0.14837453649976484,0.14837453650359153,0.14837453650161592,0.14837453649605045,0.14837453648941804,0.14837453649605045,0.14837453650161592,0.14837453650359153,0.14837453649976484,0.14837453649605045,0.14837453649976484,0.14837453650359153,0.1483745365060288,0.14837453650359153,0.14837453650161592,0.14837453650359153,0.1483745365060288,0.14713758238015273,0.14713758237465197,0.14713758236957664,0.14713758237465197,0.14713758238015273,0.14713758237465197,0.14713758236459362,0.14713758235220625,0.14713758236459362,0.14713758237465197,0.14713758236957664,0.14713758235220625,0.1471375823206713,0.14713758235220625,0.14713758236957664,0.14713758237465197,0.14713758236459362,0.14713758235220625,0.14713758236459362,0.14713758237465197,0.14713758238015273,0.14713758237465197,0.14713758236957664,0.14713758237465197,0.14713758238015273,0.14592511821672197,0.14592511820669465,0.14592511819597695,0.14592511820669465,0.14592511821672197,0.14592511820669465,0.14592511818510884,0.1459251181487515,0.14592511818510884,0.14592511820669465,0.14592511819597695,0.1459251181487515,0.14592511797866856,0.1459251181487515,0.14592511819597695,0.14592511820669465,0.14592511818510884,0.1459251181487515,0.14592511818510884,0.14592511820669465,0.14592511821672197,0.14592511820669465,0.14592511819597695,0.14592511820669465,0.14592511821672197,0.1447366096100531,0.1447366095977278,0.14473660958491655,0.1447366095977278,0.1447366096100531,0.1447366095977278,0.14473660957195605,0.14473660953138368,0.14473660957195605,0.1447366095977278,0.14473660958491655,0.14473660953138368,0.14473660936273694,0.14473660953138368,0.14473660958491655,0.1447366095977278,0.14473660957195605,0.14473660953138368,0.14473660957195605,0.1447366095977278,0.1447366096100531,0.1447366095977278,0.14473660958491655,0.1447366095977278,0.1447366096100531,0.1435715307024716,0.14357153068947062,0.1435715306762366,0.14357153068947062,0.1435715307024716,0.14357153068947062,0.1435715306628944,0.14357153062254546,0.1435715306628944,0.14357153068947062,0.1435715306762366,0.14357153062254546,0.14357153046142604,0.14357153062254546,0.1435715306762366,0.14357153068947062,0.1435715306628944,0.14357153062254546,0.1435715306628944,0.14357153068947062,0.1435715307024716,0.14357153068947062,0.1435715306762366,0.14357153068947062,0.1435715307024716,0.14242936444688212,0.14242936443402143,0.1424293644207779,0.14242936443402143,0.14242936444688212,0.14242936443402143,0.1424293644073725,0.14242936436639456,0.1424293644073725,0.14242936443402143,0.1424293644207779,0.14242936436639456,0.14242936420106286,0.14242936436639456,0.1424293644207779,0.14242936443402143,0.1424293644073725,0.14242936436639456,0.1424293644073725,0.14242936443402143,0.14242936444688212,0.14242936443402143,0.1424293644207779,0.14242936443402143,0.14242936444688212,0.1413096028212706,0.14130960280989666,0.14130960279752783,0.14130960280989666,0.1413096028212706,0.14130960280989666,0.1413096027848357,0.14130960274351925,0.1413096027848357,0.14130960280989666,0.14130960279752783,0.14130960274351925,0.14130960256604982,0.14130960274351925,0.14130960279752783,0.14130960280989666,0.1413096027848357,0.14130960274351925,0.1413096027848357,0.14130960280989666,0.1413096028212706,0.14130960280989666,0.14130960279752783,0.14130960280989666,0.1413096028212706,0.14021174699649835,0.1402117469900397,0.14021174698186872,0.1402117469900397,0.14021174699649835,0.1402117469900397,0.14021174697323718,0.14021174694013275,0.14021174697323718,0.1402117469900397,0.14021174698186872,0.14021174694013275,0.14021174677159623,0.14021174694013275,0.14021174698186872,0.1402117469900397,0.14021174697323718,0.14021174694013275,0.14021174697323718,0.1402117469900397,0.14021174699649835,0.1402117469900397,0.14021174698186872,0.1402117469900397,0.14021174699649835,0.13913530746109642,0.1391353074653904,0.13913530746856861,0.1391353074653904,0.13913530746109642,0.1391353074653904,0.13913530747148847,0.1391353074755551,0.13913530747148847,0.1391353074653904,0.13913530746856861,0.1391353074755551,0.1391353074751595,0.1391353074755551,0.13913530746856861,0.1391353074653904,0.13913530747148847,0.1391353074755551,0.13913530747148847,0.1391353074653904,0.13913530746109642,0.1391353074653904,0.13913530746856861,0.1391353074653904,0.13913530746109642,0.13807980410941134,0.13807980412831616,0.13807980414747914,0.13807980412831616,0.13807980410941134,0.13807980412831616,0.13807980416693916,0.13807980422046207,0.13807980416693916,0.13807980412831616,0.13807980414747914,0.13807980422046207,0.138079804372602,0.13807980422046207,0.13807980414747914,0.13807980412831616,0.13807980416693916,0.13807980422046207,0.13807980416693916,0.13807980412831616,0.13807980410941134,0.13807980412831616,0.13807980414747914,0.13807980412831616,0.13807980410941134,0.13704476630638918,0.13704476633898932,0.13704476637870308,0.13704476633898932,0.13704476630638918,0.13704476633898932,0.1370447664199304,0.1370447665830882,0.1370447664199304,0.13704476633898932,0.13704476637870308,0.1370447665830882,0.13704476748910333,0.1370447665830882,0.13704476637870308,0.13704476633898932,0.1370447664199304,0.1370447665830882,0.1370447664199304,0.13704476633898932,0.13704476630638918,0.13704476633898932,0.13704476637870308,0.13704476633898932,0.13704476630638918,0.13602973292908385,0.13602973295198165,0.1360297329744384,0.13602973295198165,0.13602973292908385,0.13602973295198165,0.13602973299698534,0.13602973305726518,0.13602973299698534,0.13602973295198165,0.1360297329744384,0.13602973305726518,0.1360297332247095,0.13602973305726518,0.1360297329744384,0.13602973295198165,0.13602973299698534,0.13602973305726518,0.13602973299698534,0.13602973295198165,0.13602973292908385,0.13602973295198165,0.1360297329744384,0.13602973295198165,0.13602973292908385,0.135034252418734,0.13503425243310316,0.1350342524449754,0.13503425243310316,0.135034252418734,0.13503425243310316,0.13503425245625,0.1350342524792174,0.13503425245625,0.13503425243310316,0.1350342524449754,0.1350342524792174,0.13503425252100867,0.1350342524792174,0.1350342524449754,0.13503425243310316,0.13503425245625,0.1350342524792174,0.13503425245625,0.13503425243310316,0.135034252418734,0.13503425243310316,0.1350342524449754,0.13503425243310316,0.135034252418734
0.1653324877388347,0.1653324877388347,0.1653324877388347,0.1653324877388347,0.1653324877388347,0.1653324877388347,0.1653324877388347,0.1653324877388347,0.1653324877388347,0.1653324877388347,0.1653324877388347,0.1653324877388347,0.1653324877388347,0.1653324877388347,0.1653324877388347,0.1653324877388347,0.1653324877388347,0.1653324877388347,0.1653324877388347,0.1653324877388347,0.1653324877388347,0.1653324877388347,0.1653324877388347,0.1653324877388347,0.1653324877388347,0.16375749402097475,0.16375749402097475,0.16375749402097475,0.16375749402097475,0.16375749402097475,0.16375749402097475,0.16375749402097475,0.16375749402097475,0.16375749402097475,0.16375749402097475,0.16375749402097475,0.16375749402097475,0.16375749402097475,0.16375749402097475,0.16375749402097475,0.16375749402097475,0.16375749402097475,0.16375749402097475,0.16375749402097475,0.16375749402097475,0.16375749402097475,0.16375749402097475,0.16375749402097475,0.16375749402097475,0.16375749402097475,0.1622138842350006,0.1622138842350004,0.1622138842350004,0.1622138842350004,0.1622138842350004,0.1622138842350004,0.1622138842350004,0.1622138842350004,0.1622138842350004,0.1622138842350004,0.1622138842350004,0.1622138842350004,0.1622138842350004,0.1622138842350004,0.1622138842350004,0.1622138842350004,0.1622138842350004,0.1622138842350004,0.1622138842350004,0.1622138842350004,0.1622138842350004,0.1622138842350004,0.1622138842350004,0.1622138842350004,0.1622138842350004,0.1607010673379528,0.16070106733795256,0.16070106733795256,0.16070106733795256,0.1607010673379528,0.16070106733795256,0.16070106733795234,0.16070106733795234,0.16070106733795234,0.16070106733795256,0.16070106733795256,0.16070106733795234,0.16070106733795234,0.16070106733795234,0.16070106733795256,0.16070106733795256,0.16070106733795234,0.16070106733795234,0.16070106733795234,0.16070106733795256,0.1607010673379528,0.16070106733795256,0.16070106733795256,0.16070106733795256,0.1607010673379528,0.15921845170480986,0.1592184517048092,0.159218451704809,0.1592184517048092,0.15921845170480986,0.1592184517048092,0.15921845170480878,0.15921845170480858,0.15921845170480878,0.1592184517048092,0.159218451704809,0.15921845170480858,0.15921845170480814,0.15921845170480858,0.159218451704809,0.1592184517048092,0.15921845170480878,0.15921845170480858,0.15921845170480878,0.1592184517048092,0.15921845170480986,0.1592184517048092,0.159218451704809,0.1592184517048092,0.15921845170480986,0.15776544648033905,0.15776544648033758,0.1577654464803367,0.15776544648033758,0.15776544648033905,0.15776544648033758,0.15776544648033608,0.15776544648033522,0.15776544648033608,0.15776544648033758,0.1577654464803367,0.15776544648033522,0.15776544648033414,0.15776544648033522,0.1577654464803367,0.15776544648033758,0.15776544648033608,0.15776544648033522,0.15776544648033608,0.15776544648033758,0.15776544648033905,0.15776544648033758,0.1577654464803367,0.15776544648033758,0.15776544648033905,0.15634146279342162,0.156341462793417,0.1563414627934141,0.156341462793417,0.15634146279342162,0.156341462793417,0.1563414627934122,0.15634146279340908,0.1563414627934122,0.156341462793417,0.1563414627934141,0.15634146279340908,0.15634146279340594,0.15634146279340908,0.1563414627934141,0.156341462793417,0.1563414627934122,0.15634146279340908,0.1563414627934122,0.156341462793417,0.15634146279342162,0.156341462793417,0.1563414627934141,0.156341462793417,0.15634146279342162,0.15494591484411413,0.15494591484410022,0.1549459148440914,0.15494591484410022,0.15494591484411413,0.15494591484410022,0.15494591484408526,0.15494591484407544,0.15494591484408526,0.15494591484410022,0.1549459148440914,0.15494591484407544,0.15494591484406495,0.15494591484407544,0.1549459148440914,0.15494591484410022,0.15494591484408526,0.15494591484407544,0.15494591484408526,0.15494591484410022,0.15494591484411413,0.15494591484410022,0.1549459148440914,0.15494591484410022,0.15494591484411413,0.153578220873164,0.15357822087312245,0.15357822087309553,0.15357822087312245,0.153578220873164,0.15357822087312245,0.15357822087307524,0.1535782208730439,0.15357822087307524,0.15357822087312245,0.15357822087309553,0.1535782208730439,0.15357822087300896,0.1535782208730439,0.15357822087309553,0.15357822087312245,0.15357822087307524,0.1535782208730439,0.15357822087307524,0.15357822087312245,0.153578220873164,0.15357822087312245,0.15357822087309553,0.15357822087312245,0.153578220873164,0.15223780402313575,0.15223780402301312,0.15223780402293163,0.15223780402301312,0.15223780402313575,0.15223780402301312,0.15223780402286688,0.1522378040227653,0.15223780402286688,0.15223780402301312,0.15223780402293163,0.1522378040227653,0.15223780402264817,0.1522378040227653,0.15223780402293163,0.15223780402301312,0.15223780402286688,0.1522378040227653,0.15223780402286688,0.15223780402301312,0.15223780402313575,0.15223780402301312,0.15223780402293163,0.15223780402301312,0.15223780402313575,0.1509240930997899,0.15092409309943997,0.15092409309919783,0.15092409309943997,0.1509240930997899,0.15092409309943997,0.15092409309899335,0.15092409309866406,0.15092409309899335,0.15092409309943997,0.15092409309919783,0.15092409309866406,0.15092409309825058,0.15092409309866406,0.15092409309919783,0.15092409309943997,0.15092409309899335,0.15092409309866406,0.15092409309899335,0.15092409309943997,0.1509240930997899,0.15092409309943997,0.15092409309919783,0.15092409309943997,0.1509240930997899,0.14963652324186716,0.1496365232409117,0.149636523240207,0.1496365232409117,0.14963652324186716,0.1496365232409117,0.1496365232395798,0.14963652323848464,0.1496365232395798,0.1496365232409117,0.149636523240207,0.14963652323848464,0.14963652323691334,0.14963652323848464,0.149636523240207,0.1496365232409117,0.1496365232395798,0.14963652323848464,0.1496365232395798,0.1496365232409117,0.14963652324186716,0.1496365232409117,0.149636523240207,0.1496365232409117,0.14963652324186716,0.14837453650700086,0.1483745365045712,0.14837453650260168,0.1483745365045712,0.14837453650700086,0.1483745365045712,0.14837453650075616,0.1483745364970529,0.14837453650075616,0.1483745365045712,0.14837453650260168,0.1483745364970529,0.14837453649043997,0.1483745364970529,0.14837453650260168,0.1483745365045712,0.14837453650075616,0.1483745364970529,0.14837453650075616,0.1483745365045712,0.14837453650700086,0.1483745365045712,0.14837453650260168,0.1483745365045712,0.14837453650700086,0.14713758238107844,0.14713758237559532,0.14713758237053579,0.14713758237559532,0.14713758238107844,0.14713758237559532,0.14713758236556818,0.1471375823532179,0.14713758236556818,0.14713758237559532,0.14713758237053579,0.1471375823532179,0.14713758232177435,0.1471375823532179,0.14713758237053579,0.14713758237559532,0.14713758236556818,0.1471375823532179,0.14713758236556818,0.14713758237559532,0.14713758238107844,0.14713758237559532,0.14713758237053579,0.14713758237559532,0.14713758238107844,0.1459251182175651,0.14592511820757162,0.1459251181968885,0.14592511820757162,0.1459251182175651,0.14592511820757162,0.1459251181860549,0.14592511814980744,0.1459251181860549,0.14592511820757162,0.1459251181968885,0.14592511814980744,0.1459251179802462,0.14592511814980744,0.1459251181968885,0.14592511820757162,0.1459251181860549,0.14592511814980744,0.1459251181860549,0.14592511820757162,0.1459251182175651,0.14592511820757162,0.1459251181968885,0.14592511820757162,0.1459251182175651,0.14473660961074344,0.14473660959846563,0.14473660958570203,0.14473660959846563,0.14473660961074344,0.14473660959846563,0.14473660957278936,0.14473660953236134,0.14473660957278936,0.14473660959846563,0.14473660958570203,0.14473660953236134,0.144736609364273,0.14473660953236134,0.14473660958570203,0.14473660959846563,0.14473660957278936,0.14473660953236134,0.14473660957278936,0.14473660959846563,0.14473660961074344,0.14473660959846563,0.14473660958570203,0.14473660959846563,0.14473660961074344,0.14357153070290965,0.14357153068996859,0.14357153067679496,0.14357153068996859,0.14357153070290965,0.14357153068996859,0.14357153066351314,0.1435715306233447,0.14357153066351314,0.14357153068996859,0.14357153067679496,0.1435715306233447,0.14357153046290705,0.1435715306233447,0.14357153067679496,0.14357153068996859,0.14357153066351314,0.1435715306233447,0.14357153066351314,0.14357153068996859,0.14357153070290965,0.14357153068996859,0.14357153067679496,0.14357153068996859,0.14357153070290965,0.14242936444694118,0.14242936443415158,0.1424293644209819,0.14242936443415158,0.14242936444694118,0.14242936443415158,0.14242936440765097,0.14242936436690182,0.14242936440765097,0.14242936443415158,0.1424293644209819,0.14242936436690182,0.14242936420250585,0.14242936436690182,0.1424293644209819,0.14242936443415158,0.14242936440765097,0.14242936436690182,0.14242936440765097,0.14242936443415158,0.14242936444694118,0.14242936443415158,0.1424293644209819,0.14242936443415158,0.14242936444694118,0.1413096028207986,0.14130960280949917,0.14130960279721175,0.14130960280949917,0.1413096028207986,0.14130960280949917,0.14130960278460347,0.14130960274356236,0.14130960278460347,0.14130960280949917,0.14130960279721175,0.14130960274356236,0.1413096025672823,0.14130960274356236,0.14130960279721175,0.14130960280949917,0.14130960278460347,0.14130960274356236,0.14130960278460347,0.14130960280949917,0.1413096028207986,0.14130960280949917,0.14130960279721175,0.14130960280949917,0.1413096028207986,0.14021174699533462,0.14021174698892916,0.14021174698082348,0.14021174698892916,0.14021174699533462,0.14021174698892916,0.1402117469722606,0.1402117469394155,0.1402117469722606,0.14021174698892916,0.14021174698082348,0.1402117469394155,0.14021174677220125,0.1402117469394155,0.14021174698082348,0.14021174698892916,0.1402117469722606,0.1402117469394155,0.1402117469722606,0.14021174698892916,0.14021174699533462,0.14021174698892916,0.14021174698082348,0.14021174698892916,0.14021174699533462,0.13913530745912142,0.1391353074634064,0.13913530746658084,0.1391353074634064,0.13913530745912142,0.1391353074634064,0.13913530746949815,0.13913530747357603,0.13913530746949815,0.1391353074634064,0.13913530746658084,0.13913530747357603,0.13913530747326674,0.13913530747357603,0.13913530746658084,0.1391353074634064,0.13913530746949815,0.13913530747357603,0.13913530746949815,0.1391353074634064,0.13913530745912142,0.1391353074634064,0.13913530746658084,0.1391353074634064,0.13913530745912142,0.13807980410663284,0.1380798041254482,0.1380798041445191,0.1380798041254482,0.13807980410663284,0.1380798041254482,0.1380798041638853,0.13807980421714713,0.1380798041638853,0.1380798041254482,0.1380798041445191,0.13807980421714713,0.1380798043685356,0.13807980421714713,0.1380798041445191,0.1380798041254482,0.1380798041638853,0.13807980421714713,0.1380798041638853,0.1380798041254482,0.13807980410663284,0.1380798041254482,0.1380798041445191,0.1380798041254482,0.13807980410663284,0.1370447663029809,0.13704476633541865,0.13704476637493354,0.13704476633541865,0.1370447663029809,0.13704476633541865,0.13704476641595398,0.13704476657829012,0.13704476641595398,0.13704476633541865,0.13704476637493354,0.13704476657829012,0.13704476747973282,0.13704476657829012,0.13704476637493354,0.13704476633541865,0.13704476641595398,0.13704476657829012,0.13704476641595398,0.13704476633541865,0.1370447663029809,0.13704476633541865,0.13704476637493354,0.13704476633541865,0.1370447663029809,0.13602973292537124,0.13602973294815424,0.13602973297049814,0.13602973294815424,0.13602973292537124,0.13602973294815424,0.13602973299293175,0.1360297330529077,0.13602973299293175,0.13602973294815424,0.13602973297049814,0.1360297330529077,0.13602973321950687,0.1360297330529077,0.13602973297049814,0.13602973294815424,0.13602973299293175,0.1360297330529077,0.13602973299293175,0.13602973294815424,0.13602973292537124,0.13602973294815424,0.13602973297049814,0.13602973294815424,0.13602973292537124,0.13503425241494815,0.13503425242924508,0.13503425244105768,0.13503425242924508,0.13503425241494815,0.13503425242924508,0.13503425245227538,0.1350342524751271,0.13503425245227538,0.13503425242924508,0.13503425244105768,0.1350342524751271,0.1350342525167075,0.1350342524751271,0.13503425244105768,0.13503425242924508,0.13503425245227538,0.1350342524751271,0.13503425245227538,0.13503425242924508,0.13503425241494815,0.13503425242924508,0.13503425244105768,0.13503425242924508,0.13503425241494815
0.16533248774008877,0.16533248774008877,0.16533248774008877,0.16533248774008877,0.16533248774008877,0.16533248774008877,0.16533248774008877,0.16533248774008877,0.16533248774008877,0.16533248774008877,0.16533248774008877,0.16533248774008877,0.16533248774008877,0.16533248774008877,0.16533248774008877,0.16533248774008877,0.16533248774008877,0.16533248774008877,0.16533248774008877,0.16533248774008877,0.16533248774008877,0.16533248774008877,0.16533248774008877,0.16533248774008877,0.16533248774008877,0.1637574940222036,0.1637574940222036,0.1637574940222036,0.1637574940222036,0.1637574940222036,0.1637574940222036,0.1637574940222036,0.1637574940222036,0.1637574940222036,0.1637574940222036,0.1637574940222036,0.1637574940222036,0.1637574940222036,0.1637574940222036,0.1637574940222036,0.1637574940222036,0.1637574940222036,0.1637574940222036,0.1637574940222036,0.1637574940222036,0.1637574940222036,0.1637574940222036,0.1637574940222036,0.1637574940222036,0.1637574940222036,0.16221388423620473,0.16221388423620473,0.1622138842362045,0.16221388423620473,0.16221388423620473,0.16221388423620473,0.1622138842362045,0.1622138842362045,0.1622138842362045,0.16221388423620473,0.1622138842362045,0.1622138842362045,0.1622138842362045,0.1622138842362045,0.1622138842362045,0.16221388423620473,0.1622138842362045,0.1622138842362045,0.1622138842362045,0.16221388423620473,0.16221388423620473,0.16221388423620473,0.1622138842362045,0.16221388423620473,0.16221388423620473,0.16070106733913267,0.16070106733913242,0.16070106733913242,0.16070106733913242,0.16070106733913267,0.16070106733913242,0.16070106733913217,0.16070106733913217,0.16070106733913217,0.16070106733913242,0.16070106733913242,0.16070106733913217,0.16070106733913198,0.16070106733913217,0.16070106733913242,0.16070106733913242,0.16070106733913217,0.16070106733913217,0.16070106733913217,0.16070106733913242,0.16070106733913267,0.16070106733913242,0.16070106733913242,0.16070106733913242,0.16070106733913267,0.1592184517059657,0.1592184517059653,0.15921845170596485,0.1592184517059653,0.1592184517059657,0.1592184517059653,0.15921845170596466,0.1592184517059644,0.15921845170596466,0.1592184517059653,0.15921845170596485,0.1592184517059644,0.159218451705964,0.1592184517059644,0.15921845170596485,0.1592184517059653,0.15921845170596466,0.1592184517059644,0.15921845170596466,0.1592184517059653,0.1592184517059657,0.1592184517059653,0.15921845170596485,0.1592184517059653,0.1592184517059657,0.1577654464814714,0.1577654464814699,0.15776544648146903,0.1577654464814699,0.1577654464814714,0.1577654464814699,0.15776544648146842,0.15776544648146756,0.15776544648146842,0.1577654464814699,0.15776544648146903,0.15776544648146756,0.15776544648146648,0.15776544648146756,0.15776544648146903,0.1577654464814699,0.15776544648146842,0.15776544648146756,0.15776544648146842,0.1577654464814699,0.1577654464814714,0.1577654464814699,0.15776544648146903,0.1577654464814699,0.1577654464814714,0.15634146279453073,0.15634146279452613,0.1563414627945232,0.15634146279452613,0.15634146279453073,0.15634146279452613,0.15634146279452132,0.15634146279451816,0.15634146279452132,0.15634146279452613,0.1563414627945232,0.15634146279451816,0.15634146279451505,0.15634146279451816,0.1563414627945232,0.15634146279452613,0.15634146279452132,0.15634146279451816,0.15634146279452132,0.15634146279452613,0.15634146279453073,0.15634146279452613,0.1563414627945232,0.15634146279452613,0.15634146279453073,0.1549459148452005,0.15494591484518655,0.15494591484517775,0.15494591484518655,0.1549459148452005,0.15494591484518655,0.15494591484517162,0.15494591484516176,0.15494591484517162,0.15494591484518655,0.15494591484517775,0.15494591484516176,0.15494591484515152,0.15494591484516176,0.15494591484517775,0.15494591484518655,0.15494591484517162,0.15494591484516176,0.1549459148451714,0.15494591484518655,0.1549459148452005,0.15494591484518655,0.15494591484517775,0.15494591484518655,0.1549459148452005,0.15357822087422768,0.1535782208741863,0.1535782208741594,0.1535782208741863,0.15357822087422768,0.1535782208741863,0.1535782208741391,0.15357822087410797,0.1535782208741391,0.1535782208741863,0.1535782208741594,0.15357822087410797,0.15357822087407322,0.15357822087410797,0.1535782208741594,0.1535782208741863,0.1535782208741391,0.15357822087410797,0.1535782208741391,0.1535782208741863,0.15357822087422768,0.1535782208741863,0.1535782208741594,0.1535782208741863,0.15357822087422768,0.15223780402417683,0.1522378040240546,0.15223780402397352,0.1522378040240546,0.15223780402417683,0.1522378040240546,0.15223780402390893,0.15223780402380774,0.15223780402390893,0.1522378040240546,0.15223780402397352,0.15223780402380774,0.15223780402369083,0.15223780402380774,0.15223780402397352,0.1522378040240546,0.15223780402390893,0.15223780402380774,0.15223780402390893,0.1522378040240546,0.15223780402417683,0.1522378040240546,0.15223780402397352,0.1522378040240546,0.15223780402417683,0.15092409310080832,0.15092409310045934,0.150924093100218,0.15092409310045934,0.15092409310080832,0.15092409310045934,0.15092409310001406,0.15092409309968574,0.15092409310001406,0.15092409310045934,0.150924093100218,0.15092409309968574,0.15092409309927365,0.15092409309968574,0.150924093100218,0.15092409310045934,0.15092409310001406,0.15092409309968574,0.15092409310001406,0.15092409310045934,0.15092409310080832,0.15092409310045934,0.150924093100218,0.15092409310045934,0.15092409310080832,0.1496365232428608,0.14963652324190818,0.14963652324120574,0.14963652324190818,0.1496365232428608,0.14963652324190818,0.14963652324058024,0.1496365232394885,0.14963652324058024,0.14963652324190818,0.14963652324120574,0.1496365232394885,0.14963652323792193,0.1496365232394885,0.14963652324120574,0.14963652324190818,0.14963652324058024,0.1496365232394885,0.14963652324058024,0.14963652324190818,0.1496365232428608,0.14963652324190818,0.14963652324120574,0.14963652324190818,0.1496365232428608,0.14837453650796403,0.14837453650554197,0.14837453650357837,0.14837453650554197,0.14837453650796403,0.14837453650554197,0.14837453650173843,0.14837453649804608,0.14837453650173843,0.14837453650554197,0.14837453650357837,0.14837453649804608,0.1483745364914526,0.14837453649804608,0.14837453650357837,0.14837453650554197,0.14837453650173843,0.14837453649804608,0.14837453650173843,0.14837453650554197,0.14837453650796403,0.14837453650554197,0.14837453650357837,0.14837453650554197,0.14837453650796403,0.14713758238199565,0.14713758237652994,0.14713758237148622,0.14713758237652994,0.14713758238199565,0.14713758237652994,0.1471375823665337,0.14713758235422028,0.1471375823665337,0.14713758237652994,0.14713758237148622,0.14713758235422028,0.14713758232286753,0.14713758235422028,0.14713758237148622,0.14713758237652994,0.1471375823665337,0.14713758235422028,0.1471375823665337,0.14713758237652994,0.14713758238199565,0.14713758237652994,0.14713758237148622,0.14713758237652994,0.14713758238199565,0.1459251182184004,0.1459251182084402,0.14592511819779125,0.1459251182084402,0.1459251182184004,0.1459251182084402,0.1459251181869922,0.1459251181508539,0.1459251181869922,0.1459251182084402,0.14592511819779125,0.1459251181508539,0.14592511798174929,0.1459251181508539,0.14592511819779125,0.1459251182084402,0.1459251181869922,0.1459251181508539,0.1459251181869922,0.1459251182084402,0.1459251182184004,0.1459251182084402,0.14592511819779125,0.1459251182084402,0.1459251182184004,0.144736609611427,0.14473660959919613,0.14473660958647983,0.14473660959919613,0.144736609611427,0.14473660959919613,0.14473660957361462,0.14473660953332976,0.14473660957361462,0.14473660959919613,0.14473660958647983,0.14473660953332976,0.14473660936582247,0.14473660953332976,0.14473660958647983,0.14473660959919613,0.14473660957361462,0.14473660953332976,0.14473660957361462,0.14473660959919613,0.144736609611427,0.14473660959919613,0.14473660958647983,0.14473660959919613,0.144736609611427,0.1435715307033431,0.14357153069046122,0.1435715306773473,0.14357153069046122,0.1435715307033431,0.14357153069046122,0.14357153066412554,0.14357153062413597,0.14357153066412554,0.14357153069046122,0.1435715306773473,0.14357153062413597,0.14357153046441148,0.14357153062413597,0.1435715306773473,0.14357153069046122,0.14357153066412554,0.14357153062413597,0.14357153066412554,0.14357153069046122,0.1435715307033431,0.14357153069046122,0.1435715306773473,0.14357153069046122,0.1435715307033431,0.1424293644469987,0.14242936443427975,0.14242936442118287,0.14242936443427975,0.1424293644469987,0.14242936443427975,0.14242936440792592,0.14242936436740322,0.14242936440792592,0.14242936443427975,0.14242936442118287,0.14242936436740322,0.14242936420391245,0.14242936436740322,0.14242936442118287,0.14242936443427975,0.14242936440792592,0.14242936436740322,0.14242936440792592,0.14242936443427975,0.1424293644469987,0.14242936443427975,0.14242936442118287,0.14242936443427975,0.1424293644469987,0.14130960282032987,0.14130960280910393,0.14130960279689744,0.14130960280910393,0.14130960282032987,0.14130960280910393,0.14130960278437207,0.1413096027436033,0.14130960278437207,0.14130960280910393,0.14130960279689744,0.1413096027436033,0.14130960256850264,0.1413096027436033,0.14130960279689744,0.14130960280910393,0.14130960278437207,0.1413096027436033,0.14130960278437207,0.14130960280910393,0.14130960282032987,0.14130960280910393,0.14130960279689744,0.14130960280910393,0.14130960282032987,0.14021174699418051,0.14021174698782762,0.1402117469797866,0.14021174698782762,0.14021174699418051,0.14021174698782762,0.14021174697129132,0.14021174693870242,0.14021174697129132,0.14021174698782762,0.1402117469797866,0.14021174693870242,0.14021174677279047,0.14021174693870242,0.1402117469797866,0.14021174698782762,0.14021174697129132,0.14021174693870242,0.14021174697129132,0.14021174698782762,0.14021174699418051,0.14021174698782762,0.1402117469797866,0.14021174698782762,0.14021174699418051,0.13913530745716415,0.13913530746144015,0.13913530746461075,0.13913530746144015,0.13913530745716415,0.13913530746144015,0.1391353074675254,0.13913530747161415,0.1391353074675254,0.13913530746144015,0.13913530746461075,0.13913530747161415,0.13913530747138966,0.13913530747161415,0.13913530746461075,0.13913530746144015,0.1391353074675254,0.13913530747161415,0.1391353074675254,0.13913530746144015,0.13913530745716415,0.13913530746144015,0.13913530746461075,0.13913530746144015,0.13913530745716415,0.1380798041038801,0.13807980412260645,0.1380798041415863,0.13807980412260645,0.1380798041038801,0.13807980412260645,0.13807980416085983,0.1380798042138632,0.13807980416085983,0.13807980412260645,0.1380798041415863,0.1380798042138632,0.13807980436450715,0.1380798042138632,0.1380798041415863,0.13807980412260645,0.13807980416085983,0.1380798042138632,0.13807980416085983,0.13807980412260645,0.1380798041038801,0.13807980412260645,0.1380798041415863,0.13807980412260645,0.1380798041038801,0.13704476629960458,0.1370447663318816,0.13704476637119944,0.1370447663318816,0.13704476629960458,0.1370447663318816,0.1370447664120152,0.13704476657353765,0.1370447664120152,0.1370447663318816,0.13704476637119944,0.13704476657353765,0.13704476747045594,0.13704476657353765,0.13704476637119944,0.1370447663318816,0.1370447664120152,0.13704476657353765,0.1370447664120152,0.1370447663318816,0.13704476629960458,0.1370447663318816,0.13704476637119944,0.1370447663318816,0.13704476629960458,0.13602973292169368,0.1360297329443629,0.1360297329665951,0.1360297329443629,0.13602973292169368,0.1360297329443629,0.1360297329889165,0.13602973304859167,0.1360297329889165,0.1360297329443629,0.1360297329665951,0.13602973304859167,0.13602973321435435,0.13602973304859167,0.1360297329665951,0.1360297329443629,0.1360297329889165,0.13602973304859167,0.1360297329889165,0.1360297329443629,0.13602973292169368,0.1360297329443629,0.1360297329665951,0.1360297329443629,0.13602973292169368,0.13503425241119804,0.13503425242542355,0.13503425243717693,0.13503425242542355,0.13503425241119804,0.13503425242542355,0.13503425244833844,0.13503425247107556,0.13503425244833844,0.13503425242542355,0.13503425243717693,0.13503425247107556,0.1350342525124474,0.13503425247107556,0.13503425243717693,0.13503425242542355,0.13503425244833844,0.13503425247107556,0.13503425244833844,0.13503425242542355,0.13503425241119804,0.13503425242542355,0.13503425243717693,0.13503425242542355,0.13503425241119804
0.16533248763644867,0.16533248763644867,0.16533248763644867,0.16533248763644867,0.16533248763644867,0.16533248763644867,0.16533248763644867,0.16533248763644842,0.16533248763644867,0.16533248763644867,0.16533248763644867,0.16533248763644842,0.16533248763644842,0.16533248763644842,0.16533248763644867,0.16533248763644867,0.16533248763644867,0.16533248763644842,0.16533248763644867,0.16533248763644867,0.16533248763644867,0.16533248763644867,0.16533248763644867,0.16533248763644867,0.16533248763644867,0.16375749391968358,0.1637574939196834,0.1637574939196834,0.1637574939196834,0.16375749391968358,0.1637574939196834,0.1637574939196834,0.16375749391968314,0.16375749391968314,0.1637574939196834,0.1637574939196834,0.16375749391968314,0.16375749391968314,0.16375749391968314,0.1637574939196834,0.1637574939196834,0.16375749391968314,0.16375749391968314,0.16375749391968314,0.1637574939196834,0.16375749391968358,0.1637574939196834,0.1637574939196834,0.1637574939196834,0.16375749391968358,0.1622138841339728,0.16221388413397234,0.1622138841339719,0.16221388413397234,0.1622138841339728,0.16221388413397234,0.16221388413397167,0.16221388413397145,0.16221388413397167,0.16221388413397234,0.1622138841339719,0.16221388413397145,0.16221388413397123,0.16221388413397145,0.1622138841339719,0.16221388413397234,0.16221388413397167,0.16221388413397145,0.16221388413397167,0.16221388413397234,0.1622138841339728,0.16221388413397234,0.1622138841339719,0.16221388413397234,0.1622138841339728,0.16070106723633246,0.16070106723633115,0.16070106723633026,0.16070106723633115,0.16070106723633246,0.16070106723633115,0.1607010672363296,0.1607010672363287,0.1607010672363296,0.16070106723633115,0.16070106723633026,0.1607010672363287,0.1607010672363278,0.1607010672363287,0.16070106723633026,0.16070106723633115,0.1607010672363296,0.1607010672363287,0.1607010672363296,0.16070106723633115,0.16070106723633246,0.16070106723633115,0.16070106723633026,0.16070106723633115,0.16070106723633246,0.15921845160172507,0.1592184516017207,0.15921845160171813,0.1592184516017207,0.15921845160172507,0.1592184516017207,0.15921845160171616,0.15921845160171333,0.15921845160171616,0.1592184516017207,0.15921845160171813,0.15921845160171333,0.1592184516017105,0.15921845160171333,0.15921845160171813,0.1592184516017207,0.15921845160171616,0.15921845160171333,0.15921845160171616,0.1592184516017207,0.15921845160172507,0.1592184516017207,0.15921845160171813,0.1592184516017207,0.15921845160172507,0.1577654463749136,0.15776544637490056,0.15776544637489226,0.15776544637490056,0.1577654463749136,0.15776544637490056,0.1577654463748867,0.15776544637487797,0.1577654463748867,0.15776544637490056,0.15776544637489226,0.15776544637487797,0.15776544637486878,0.15776544637487797,0.15776544637489226,0.15776544637490056,0.1577654463748867,0.15776544637487797,0.1577654463748867,0.15776544637490056,0.1577654463749136,0.15776544637490056,0.15776544637489226,0.15776544637490056,0.1577654463749136,0.15634146268479376,0.1563414626847551,0.15634146268473065,0.1563414626847551,0.15634146268479376,0.1563414626847551,0.15634146268471286,0.15634146268468588,0.15634146268471286,0.1563414626847551,0.15634146268473065,0.15634146268468588,0.15634146268465704,0.15634146268468588,0.15634146268473065,0.1563414626847551,0.15634146268471286,0.15634146268468588,0.15634146268471286,0.1563414626847551,0.15634146268479376,0.1563414626847551,0.15634146268473065,0.1563414626847551,0.15634146268479376,0.15494591473147903,0.1549459147313659,0.15494591473129277,0.1549459147313659,0.15494591473147903,0.1549459147313659,0.15494591473123762,0.15494591473115318,0.15494591473123762,0.1549459147313659,0.15494591473129277,0.15494591473115318,0.15494591473105995,0.15494591473115318,0.15494591473129277,0.1549459147313659,0.15494591473123762,0.15494591473115318,0.15494591473123762,0.1549459147313659,0.15494591473147903,0.1549459147313659,0.15494591473129277,0.1549459147313659,0.15494591473147903,0.15357822075586905,0.15357822075554567,0.15357822075532956,0.15357822075554567,0.15357822075586905,0.15357822075554567,0.15357822075515745,0.15357822075488953,0.15357822075515745,0.15357822075554567,0.15357822075532956,0.15357822075488953,0.1535782207545764,0.15357822075488953,0.15357822075532956,0.15357822075554567,0.15357822075515745,0.15357822075488953,0.15357822075515745,0.15357822075554567,0.15357822075586905,0.15357822075554567,0.15357822075532956,0.15357822075554567,0.15357822075586905,0.1522378039009278,0.15223780390003241,0.1522378038994033,0.15223780390003241,0.15223780390092803,0.15223780390003241,0.15223780389886868,0.15223780389799982,0.15223780389886868,0.15223780390003241,0.1522378038994033,0.15223780389799982,0.15223780389688554,0.15223780389799982,0.1522378038994033,0.15223780390003241,0.15223780389886868,0.15223780389799982,0.15223780389886868,0.15223780390003241,0.15223780390092803,0.15223780390003241,0.1522378038994033,0.15223780390003241,0.15223780390092803,0.15092409297343967,0.15092409297108686,0.1509240929693004,0.15092409297108686,0.15092409297343967,0.15092409297108686,0.1509240929676768,0.15092409296478762,0.1509240929676768,0.15092409297108686,0.1509240929693004,0.15092409296478762,0.1509240929604772,0.15092409296478762,0.1509240929693004,0.15092409297108686,0.1509240929676768,0.15092409296478762,0.1509240929676768,0.15092409297108686,0.15092409297343967,0.15092409297108686,0.1509240929693004,0.15092409297108686,0.15092409297343967,0.14963652311463665,0.14963652310897718,0.14963652310414818,0.14963652310897718,0.14963652311463665,0.14963652310897718,0.14963652309947495,0.149636523089691,0.14963652309947495,0.14963652310897718,0.14963652310414818,0.149636523089691,0.14963652307109007,0.149636523089691,0.14963652310414818,0.14963652310897718,0.14963652309947495,0.149636523089691,0.14963652309947495,0.14963652310897718,0.14963652311463665,0.14963652310897718,0.14963652310414818,0.14963652310897718,0.14963652311463665,0.14837453638802128,0.14837453637607287,0.14837453636422032,0.14837453637607287,0.14837453638802128,0.14837453637607287,0.1483745363522947,0.14837453631982972,0.1483745363522947,0.14837453637607287,0.14837453636422032,0.14837453631982972,0.14837453622887722,0.14837453631982972,0.14837453636422032,0.14837453637607287,0.1483745363522947,0.14837453631982972,0.1483745363522947,0.14837453637607287,0.14837453638802128,0.14837453637607287,0.14837453636422032,0.14837453637607287,0.14837453638802128,0.14713758228985718,0.14713758227129944,0.14713758224895326,0.14713758227129944,0.14713758228985718,0.14713758227129944,0.14713758222581944,0.14713758213502032,0.14713758222581944,0.14713758227129944,0.14713758224895326,0.14713758213502032,0.14713758163234508,0.14713758213502032,0.14713758224895326,0.14713758227129944,0.14713758222581944,0.14713758213502032,0.14713758222581944,0.14713758227129944,0.14713758228985718,0.14713758227129944,0.14713758224895326,0.14713758227129944,0.14713758228985718,0.14592511818142592,0.14592511816871853,0.14592511815636822,0.14592511816871853,0.14592511818142592,0.14592511816871853,0.1459251181439778,0.14592511811173128,0.1459251181439778,0.14592511816871853,0.14592511815636822,0.14592511811173128,0.14592511802802405,0.14592511811173128,0.14592511815636822,0.14592511816871853,0.1459251181439778,0.14592511811173128,0.1459251181439778,0.14592511816871853,0.14592511818142592,0.14592511816871853,0.14592511815636822,0.14592511816871853,0.14592511818142592,0.1447366096361998,0.14473660962834875,0.1447366096215261,0.14473660962834875,0.1447366096361998,0.14473660962834875,0.14473660961492987,0.1447366095999624,0.14473660961492987,0.14473660962834875,0.1447366096215261,0.1447366095999624,0.14473660956417758,0.1447366095999624,0.1447366096215261,0.14473660962834875,0.14473660961492987,0.1447366095999624,0.14473660961492987,0.14473660962834875,0.1447366096361998,0.14473660962834875,0.1447366096215261,0.14473660962834875,0.1447366096361998,0.14357153078207538,0.1435715307757187,0.14357153076986992,0.1435715307757187,0.14357153078207538,0.1435715307757187,0.14357153076415613,0.1435715307489103,0.14357153076415613,0.1435715307757187,0.14357153076986992,0.1435715307489103,0.14357153069474363,0.1435715307489103,0.14357153076986992,0.1435715307757187,0.14357153076415613,0.1435715307489103,0.14357153076415613,0.1435715307757187,0.14357153078207538,0.1435715307757187,0.14357153076986992,0.1435715307757187,0.14357153078207538,0.14242936456764865,0.14242936456108635,0.14242936455436805,0.14242936456108635,0.14242936456764865,0.14242936456108635,0.14242936454758567,0.14242936452687852,0.14242936454758567,0.14242936456108635,0.14242936455436805,0.14242936452687852,0.14242936444203058,0.14242936452687852,0.14242936455436805,0.14242936456108635,0.14242936454758567,0.14242936452687852,0.14242936454758567,0.14242936456108635,0.14242936456764865,0.14242936456108635,0.14242936455436805,0.14242936456108635,0.14242936456764865,0.14130960297174727,0.14130960296552195,0.14130960295832787,0.14130960296552195,0.14130960297174727,0.14130960296552195,0.14130960295082923,0.14130960292506628,0.14130960295082923,0.14130960296552195,0.14130960295832787,0.14130960292506628,0.14130960280945723,0.14130960292506647,0.14130960295832787,0.14130960296552195,0.14130960295082923,0.14130960292506647,0.14130960295082923,0.14130960296552195,0.14130960297174727,0.14130960296552195,0.14130960295832787,0.14130960296552195,0.14130960297174727,0.14021174716774812,0.1402117471651768,0.14021174716081294,0.1402117471651768,0.14021174716774812,0.1402117471651768,0.14021174715595877,0.14021174713411386,0.14021174715595877,0.1402117471651768,0.14021174716081294,0.14021174713411386,0.14021174701219682,0.14021174713411386,0.14021174716081294,0.1402117471651768,0.14021174715595877,0.14021174713411386,0.14021174715595877,0.1402117471651768,0.14021174716774812,0.1402117471651768,0.14021174716081294,0.1402117471651768,0.14021174716774812,0.139135307646952,0.13913530765413867,0.1391353076598266,0.13913530765413867,0.139135307646952,0.13913530765413867,0.13913530766516652,0.13913530767465607,0.13913530766516652,0.13913530765413867,0.1391353076598266,0.13913530767465607,0.13913530768622387,0.13913530767465607,0.1391353076598266,0.13913530765413867,0.13913530766516652,0.13913530767465607,0.13913530766516652,0.13913530765413867,0.139135307646952,0.13913530765413867,0.1391353076598266,0.13913530765413867,0.139135307646952,0.13807980430594355,0.13807980432801492,0.13807980435015435,0.13807980432801492,0.13807980430594355,0.13807980432801492,0.1380798043725597,0.1380798044335626,0.1380798043725597,0.13807980432801492,0.13807980435015435,0.1380798044335626,0.13807980460531977,0.1380798044335626,0.13807980435015435,0.13807980432801492,0.1380798043725597,0.1380798044335626,0.1380798043725597,0.13807980432801492,0.13807980430594355,0.13807980432801492,0.13807980435015435,0.13807980432801492,0.13807980430594355,0.13704476650928873,0.13704476654595518,0.13704476659042003,0.13704476654595518,0.13704476650928873,0.13704476654595518,0.13704476663652648,0.13704476681842137,0.13704476663652648,0.13704476654595518,0.13704476659042003,0.13704476681842137,0.13704476782618627,0.13704476681842137,0.13704476659042003,0.13704476654595518,0.13704476663652648,0.13704476681842137,0.13704476663652648,0.13704476654595518,0.13704476650928873,0.13704476654595518,0.13704476659042003,0.13704476654595518,0.13704476650928873,0.13602973313233052,0.13602973315795786,0.1360297331830492,0.13602973315795802,0.13602973313233052,0.13602973315795786,0.13602973320820969,0.1360297332754298,0.13602973320820969,0.13602973315795802,0.1360297331830492,0.1360297332754298,0.13602973346187028,0.1360297332754298,0.1360297331830492,0.13602973315795802,0.13602973320820969,0.1360297332754298,0.13602973320820969,0.13602973315795802,0.13602973313233052,0.13602973315795802,0.1360297331830492,0.13602973315795802,0.13602973313233052,0.13503425261913835,0.13503425263520064,0.1350342526484588,0.13503425263520064,0.13503425261913835,0.13503425263520064,0.1350342526610566,0.13503425268667693,0.1350342526610566,0.13503425263520064,0.1350342526484588,0.13503425268667693,0.1350342527332436,0.13503425268667693,0.1350342526484588,0.13503425263520064,0.1350342526610566,0.13503425268667693,0.1350342526610566,0.13503425263520064,0.13503425261913835,0.13503425263520064,0.1350342526484588,0.13503425263520064,0.13503425261913835
0.16533248757776847,0.16533248757776847,0.16533248757776847,0.16533248757776847,0.16533248757776847,0.16533248757776847,0.16533248757776822,0.16533248757776822,0.16533248757776822,0.16533248757776847,0.16533248757776847,0.16533248757776822,0.16533248757776822,0.16533248757776822,0.16533248757776847,0.16533248757776847,0.16533248757776822,0.16533248757776822,0.16533248757776822,0.16533248757776847,0.16533248757776847,0.16533248757776847,0.16533248757776847,0.16533248757776847,0.16533248757776847,0.16375749386277463,0.16375749386277438,0.16375749386277438,0.16375749386277438,0.16375749386277463,0.16375749386277438,0.16375749386277438,0.16375749386277416,0.16375749386277438,0.16375749386277438,0.16375749386277438,0.16375749386277416,0.16375749386277416,0.16375749386277416,0.16375749386277438,0.16375749386277438,0.16375749386277438,0.16375749386277416,0.16375749386277438,0.16375749386277438,0.16375749386277463,0.16375749386277438,0.16375749386277438,0.16375749386277438,0.16375749386277463,0.16221388407932125,0.1622138840793208,0.16221388407932058,0.1622138840793208,0.16221388407932125,0.1622138840793208,0.16221388407932036,0.1622138840793201,0.16221388407932036,0.1622138840793208,0.16221388407932058,0.1622138840793201,0.1622138840793199,0.1622138840793201,0.16221388407932058,0.1622138840793208,0.16221388407932036,0.1622138840793201,0.16221388407932036,0.1622138840793208,0.16221388407932125,0.1622138840793208,0.16221388407932058,0.1622138840793208,0.16221388407932125,0.1607010671844431,0.16070106718444155,0.16070106718444066,0.16070106718444155,0.1607010671844431,0.16070106718444155,0.16070106718444,0.1607010671844391,0.16070106718444,0.16070106718444155,0.16070106718444066,0.1607010671844391,0.1607010671844382,0.1607010671844391,0.16070106718444066,0.16070106718444155,0.16070106718444,0.1607010671844391,0.16070106718444,0.16070106718444155,0.1607010671844431,0.16070106718444155,0.16070106718444066,0.16070106718444155,0.1607010671844431,0.15921845155311676,0.1592184515531124,0.1592184515531098,0.1592184515531124,0.15921845155311676,0.1592184515531124,0.15921845155310804,0.1592184515531052,0.15921845155310804,0.1592184515531124,0.1592184515531098,0.1592184515531052,0.15921845155310216,0.1592184515531052,0.1592184515531098,0.1592184515531124,0.15921845155310804,0.1592184515531052,0.15921845155310804,0.1592184515531124,0.15921845155311676,0.1592184515531124,0.1592184515531098,0.1592184515531124,0.15921845155311676,0.15776544633011672,0.1577654463301037,0.1577654463300956,0.1577654463301037,0.15776544633011672,0.1577654463301037,0.15776544633009004,0.1577654463300813,0.15776544633009004,0.1577654463301037,0.1577654463300956,0.1577654463300813,0.15776544633007236,0.1577654463300813,0.1577654463300956,0.1577654463301037,0.15776544633009004,0.1577654463300813,0.15776544633009004,0.1577654463301037,0.15776544633011672,0.1577654463301037,0.1577654463300956,0.1577654463301037,0.15776544633011672,0.15634146264434437,0.1563414626443061,0.15634146264428184,0.1563414626443061,0.15634146264434437,0.1563414626443061,0.1563414626442645,0.15634146264423773,0.1563414626442645,0.1563414626443061,0.15634146264428184,0.15634146264423773,0.1563414626442091,0.15634146264423773,0.15634146264428184,0.1563414626443061,0.1563414626442645,0.15634146264423773,0.1563414626442645,0.1563414626443061,0.15634146264434437,0.1563414626443061,0.15634146264428184,0.1563414626443061,0.15634146264434437,0.15494591469591165,0.15494591469580038,0.15494591469572805,0.15494591469580038,0.15494591469591165,0.15494591469580038,0.15494591469567354,0.15494591469558994,0.15494591469567354,0.15494591469580038,0.15494591469572805,0.15494591469558994,0.15494591469549748,0.15494591469558994,0.15494591469572805,0.15494591469580038,0.15494591469567354,0.15494591469558994,0.15494591469567354,0.15494591469580038,0.15494591469591165,0.15494591469580038,0.15494591469572805,0.15494591469580038,0.15494591469591165,0.15357822072570804,0.15357822072538968,0.1535782207251766,0.15357822072538968,0.15357822072570804,0.15357822072538968,0.15357822072500588,0.15357822072474017,0.15357822072500588,0.15357822072538968,0.1535782207251766,0.15357822072474017,0.15357822072442945,0.15357822072474017,0.1535782207251766,0.15357822072538968,0.15357822072500588,0.15357822072474017,0.15357822072500588,0.15357822072538968,0.15357822072570804,0.15357822072538968,0.1535782207251766,0.15357822072538968,0.15357822072570804,0.15223780387667132,0.15223780387579183,0.1522378038751718,0.15223780387579183,0.15223780387667132,0.15223780387579183,0.1522378038746413,0.15223780387377933,0.1522378038746413,0.15223780387579183,0.1522378038751718,0.15223780387377933,0.15223780387267136,0.15223780387377933,0.1522378038751718,0.15223780387579183,0.1522378038746413,0.15223780387377933,0.1522378038746413,0.15223780387579183,0.15223780387667132,0.15223780387579183,0.1522378038751718,0.15223780387579183,0.15223780387667132,0.15092409295553189,0.15092409295323173,0.15092409295147402,0.15092409295323173,0.15092409295553189,0.15092409295323173,0.15092409294986256,0.1509240929469921,0.15092409294986256,0.15092409295323173,0.15092409295147402,0.1509240929469921,0.15092409294269807,0.1509240929469921,0.15092409295147402,0.15092409295323173,0.15092409294986256,0.1509240929469921,0.15092409294986256,0.15092409295323173,0.15092409295553189,0.15092409295323173,0.15092409295147402,0.15092409295323173,0.15092409295553189,0.14963652310363781,0.1496365230979742,0.14963652309318434,0.1496365230979742,0.14963652310363781,0.1496365230979742,0.1496365230885495,0.1496365230788039,0.1496365230885495,0.1496365230979742,0.14963652309318434,0.1496365230788039,0.1496365230602478,0.1496365230788039,0.14963652309318434,0.1496365230979742,0.1496365230885495,0.1496365230788039,0.1496365230885495,0.1496365230979742,0.14963652310363781,0.1496365230979742,0.14963652309318434,0.1496365230979742,0.14963652310363781,0.14837453638445314,0.14837453637249898,0.1483745363606273,0.14837453637249898,0.14837453638445314,0.14837453637249898,0.14837453634870393,0.14837453631633143,0.14837453634870393,0.14837453637249898,0.1483745363606273,0.14837453631633143,0.14837453622553942,0.14837453631633143,0.1483745363606273,0.14837453637249898,0.14837453634870393,0.14837453631633143,0.14837453634870393,0.14837453637249898,0.14837453638445314,0.14837453637249898,0.1483745363606273,0.14837453637249898,0.14837453638445314,0.1471375822940306,0.14713758227548465,0.147137582253153,0.14713758227548465,0.1471375822940306,0.14713758227548465,0.14713758223003842,0.1471375821393194,0.14713758223003842,0.14713758227548465,0.147137582253153,0.1471375821393194,0.1471375816371005,0.1471375821393194,0.147137582253153,0.14713758227548465,0.14713758223003842,0.1471375821393194,0.14713758223003842,0.14713758227548465,0.1471375822940306,0.14713758227548465,0.147137582253153,0.14713758227548465,0.1471375822940306,0.14592511819350829,0.1459251181808212,0.14592511816849063,0.1459251181808212,0.14592511819350829,0.1459251181808212,0.14592511815612125,0.14592511812392886,0.14592511815612125,0.1459251181808212,0.14592511816849063,0.14592511812392886,0.14592511804060834,0.14592511812392886,0.14592511816849063,0.1459251181808212,0.14592511815612125,0.14592511812392886,0.14592511815612125,0.1459251181808212,0.14592511819350829,0.1459251181808212,0.14592511816849063,0.1459251181808212,0.14592511819350829,0.1447366096561978,0.1447366096483764,0.14473660964158153,0.1447366096483764,0.1447366096561978,0.1447366096483764,0.1447366096350127,0.14473660962011994,0.1447366096350127,0.1447366096483764,0.14473660964158153,0.14473660962011994,0.1447366095829752,0.14473660962011994,0.14473660964158153,0.1447366096483764,0.1447366096350127,0.14473660962011994,0.1447366096350127,0.1447366096483764,0.1447366096561978,0.1447366096483764,0.14473660964158153,0.1447366096483764,0.1447366096561978,0.14357153080980747,0.14357153080349358,0.1435715307976874,0.14357153080349358,0.14357153080980747,0.14357153080349358,0.1435715307920162,0.1435715307768953,0.1435715307920162,0.14357153080349358,0.1435715307976874,0.1435715307768953,0.143571530723557,0.1435715307768953,0.1435715307976874,0.14357153080349358,0.1435715307920162,0.1435715307768953,0.1435715307920162,0.14357153080349358,0.14357153080980747,0.14357153080349358,0.1435715307976874,0.14357153080349358,0.14357153080980747,0.14242936460272423,0.14242936459621933,0.14242936458956074,0.14242936459621933,0.14242936460272423,0.14242936459621933,0.14242936458283859,0.1424293645623185,0.14242936458283859,0.14242936459621933,0.14242936458956074,0.1424293645623185,0.1424293644792856,0.1424293645623185,0.14242936458956074,0.14242936459621933,0.14242936458283859,0.1424293645623185,0.14242936458283859,0.14242936459621933,0.14242936460272423,0.14242936459621933,0.14242936458956074,0.14242936459621933,0.14242936460272423,0.14130960301355283,0.1413096030073918,0.1413096030002688,0.1413096030073918,0.14130960301355283,0.1413096030073918,0.14130960299284331,0.14130960296732348,0.14130960299284331,0.1413096030073918,0.1413096030002688,0.14130960296732348,0.14130960285267832,0.14130960296732348,0.1413096030002688,0.1413096030073918,0.14130960299284331,0.14130960296732348,0.14130960299284331,0.1413096030073918,0.14130960301355283,0.1413096030073918,0.1413096030002688,0.1413096030073918,0.14130960301355283,0.14021174721545512,0.1402117472129312,0.14021174720862653,0.1402117472129312,0.14021174721545512,0.1402117472129312,0.14021174720383442,0.140211747182228,0.14021174720383442,0.1402117472129312,0.14021174720862653,0.140211747182228,0.14021174706129075,0.140211747182228,0.14021174720862653,0.1402117472129312,0.14021174720383442,0.140211747182228,0.14021174720383442,0.1402117472129312,0.14021174721545512,0.1402117472129312,0.14021174720862653,0.1402117472129312,0.14021174721545512,0.1391353076995644,0.13913530770674204,0.1391353077124257,0.13913530770674204,0.1391353076995644,0.13913530770674204,0.13913530771776292,0.1391353077272618,0.13913530771776292,0.13913530770674204,0.1391353077124257,0.1391353077272618,0.1391353077389077,0.1391353077272618,0.1391353077124257,0.13913530770674204,0.13913530771776292,0.1391353077272618,0.13913530771776292,0.13913530770674204,0.1391353076995644,0.13913530770674204,0.1391353077124257,0.13913530770674204,0.1391353076995644,0.13807980436238712,0.13807980438437525,0.13807980440642897,0.13807980438437525,0.13807980436238712,0.13807980438437525,0.13807980442874765,0.13807980448950696,0.13807980442874765,0.13807980438437525,0.13807980440642897,0.13807980448950696,0.13807980466055422,0.13807980448950696,0.13807980440642897,0.13807980438437525,0.13807980442874765,0.13807980448950696,0.13807980442874765,0.13807980438437525,0.13807980436238712,0.13807980438437525,0.13807980440642897,0.13807980438437525,0.13807980436238712,0.13704476656846423,0.13704476660498,0.13704476664926074,0.13704476660498,0.13704476656846423,0.13704476660498,0.1370447666951773,0.13704476687631548,0.1370447666951773,0.13704476660498,0.13704476664926074,0.13704476687631548,0.13704476788042882,0.13704476687631548,0.13704476664926074,0.13704476660498,0.1370447666951773,0.13704476687631548,0.1370447666951773,0.13704476660498,0.13704476656846423,0.13704476660498,0.13704476664926074,0.13704476660498,0.13704476656846423,0.13602973319312223,0.13602973321863893,0.13602973324361917,0.13602973321863893,0.13602973319312223,0.13602973321863893,0.13602973326867573,0.13602973333558854,0.13602973326867573,0.13602973321863893,0.13602973324361917,0.13602973333558854,0.13602973352122147,0.13602973333558854,0.13602973324361917,0.13602973321863893,0.13602973326867573,0.13602973333558854,0.13602973326867573,0.13602973321863893,0.13602973319312223,0.13602973321863893,0.13602973324361917,0.13602973321863893,0.13602973319312223,0.13503425268023084,0.13503425269621827,0.13503425270941544,0.13503425269621827,0.13503425268023084,0.13503425269621827,0.13503425272194447,0.13503425274744316,0.13503425272194447,0.13503425269621827,0.13503425270941544,0.13503425274744316,0.13503425279379797,0.13503425274744316,0.13503425270941544,0.13503425269621827,0.13503425272194447,0.13503425274744316,0.13503425272194447,0.13503425269621827,0.13503425268023084,0.13503425269621827,0.13503425270941544,0.13503425269621827,0.13503425268023084
0.1653324875590105,0.1653324875590105,0.1653324875590105,0.1653324875590105,0.1653324875590105,0.1653324875590105,0.1653324875590105,0.1653324875590105,0.1653324875590105,0.1653324875590105,0.1653324875590105,0.1653324875590105,0.16533248755901028,0.1653324875590105,0.1653324875590105,0.1653324875590105,0.1653324875590105,0.1653324875590105,0.1653324875590105,0.1653324875590105,0.1653324875590105,0.1653324875590105,0.1653324875590105,0.1653324875590105,0.1653324875590105,0.16375749384461966,0.1637574938446194,0.1637574938446194,0.1637574938446194,0.16375749384461966,0.1637574938446194,0.16375749384461916,0.16375749384461916,0.16375749384461916,0.1637574938446194,0.1637574938446194,0.16375749384461916,0.16375749384461893,0.16375749384461916,0.1637574938446194,0.1637574938446194,0.16375749384461916,0.16375749384461916,0.16375749384461916,0.1637574938446194,0.16375749384461966,0.1637574938446194,0.1637574938446194,0.1637574938446194,0.16375749384461966,0.16221388406195486,0.16221388406195442,0.1622138840619542,0.16221388406195442,0.16221388406195486,0.16221388406195442,0.16221388406195394,0.1622138840619535,0.16221388406195394,0.16221388406195442,0.1622138840619542,0.1622138840619535,0.16221388406195325,0.1622138840619535,0.1622138840619542,0.16221388406195442,0.16221388406195394,0.1622138840619535,0.16221388406195394,0.16221388406195442,0.16221388406195486,0.16221388406195442,0.1622138840619542,0.16221388406195442,0.16221388406195486,0.16070106716805532,0.16070106716805396,0.1607010671680531,0.16070106716805396,0.16070106716805532,0.16070106716805396,0.16070106716805244,0.16070106716805155,0.16070106716805244,0.16070106716805396,0.1607010671680531,0.16070106716805155,0.16070106716805063,0.16070106716805155,0.1607010671680531,0.16070106716805396,0.16070106716805244,0.16070106716805155,0.16070106716805244,0.16070106716805396,0.16070106716805532,0.16070106716805396,0.1607010671680531,0.16070106716805396,0.16070106716805532,0.1592184515379001,0.15921845153789574,0.15921845153789313,0.15921845153789574,0.1592184515379001,0.15921845153789574,0.15921845153789138,0.15921845153788858,0.15921845153789138,0.15921845153789574,0.15921845153789313,0.15921845153788858,0.15921845153788572,0.15921845153788858,0.15921845153789313,0.15921845153789574,0.15921845153789138,0.15921845153788858,0.15921845153789138,0.15921845153789574,0.1592184515379001,0.15921845153789574,0.15921845153789313,0.15921845153789574,0.1592184515379001,0.15776544631626227,0.1577654463162497,0.15776544631624181,0.1577654463162497,0.15776544631626227,0.1577654463162497,0.15776544631623626,0.15776544631622771,0.15776544631623626,0.1577654463162497,0.15776544631624181,0.15776544631622771,0.15776544631621878,0.15776544631622771,0.15776544631624181,0.1577654463162497,0.15776544631623626,0.15776544631622771,0.15776544631623626,0.1577654463162497,0.15776544631626227,0.1577654463162497,0.15776544631624181,0.1577654463162497,0.15776544631626227,0.1563414626320397,0.15634146263200224,0.15634146263197843,0.15634146263200224,0.1563414626320397,0.15634146263200224,0.15634146263196128,0.15634146263193494,0.15634146263196128,0.15634146263200224,0.15634146263197843,0.15634146263193494,0.1563414626319067,0.15634146263193494,0.15634146263197843,0.15634146263200224,0.15634146263196128,0.15634146263193494,0.15634146263196128,0.15634146263200224,0.1563414626320397,0.15634146263200224,0.15634146263197843,0.15634146263200224,0.1563414626320397,0.15494591468533594,0.15494591468522712,0.1549459146851562,0.15494591468522712,0.15494591468533594,0.15494591468522712,0.15494591468510233,0.15494591468501973,0.15494591468510233,0.15494591468522712,0.1549459146851562,0.15494591468501973,0.15494591468492833,0.15494591468501973,0.1549459146851562,0.15494591468522712,0.15494591468510233,0.15494591468501973,0.15494591468510233,0.15494591468522712,0.15494591468533594,0.15494591468522712,0.1549459146851562,0.15494591468522712,0.15494591468533594,0.15357822071702637,0.15357822071671628,0.15357822071650742,0.15357822071671628,0.15357822071702637,0.15357822071671628,0.1535782207163383,0.1535782207160758,0.1535782207163383,0.15357822071671628,0.15357822071650742,0.1535782207160758,0.15357822071576752,0.1535782207160758,0.15357822071650742,0.15357822071671628,0.1535782207163383,0.1535782207160758,0.1535782207163383,0.15357822071671628,0.15357822071702637,0.15357822071671628,0.15357822071650742,0.15357822071671628,0.15357822071702637,0.15223780387002975,0.15223780386917213,0.1522378038685647,0.15223780386917213,0.15223780387002975,0.15223780386917213,0.15223780386803853,0.15223780386718425,0.15223780386803853,0.15223780386917213,0.1522378038685647,0.15223780386718425,0.15223780386608293,0.15223780386718425,0.1522378038685647,0.15223780386917213,0.15223780386803853,0.15223780386718425,0.15223780386803853,0.15223780386917213,0.15223780387002975,0.15223780386917213,0.1522378038685647,0.15223780386917213,0.15223780387002975,0.1509240929511179,0.1509240929488179,0.1509240929470789,0.1509240929488177,0.1509240929511179,0.1509240929488179,0.15092409294548,0.1509240929426242,0.15092409294548,0.1509240929488177,0.1509240929470789,0.1509240929426242,0.15092409293834716,0.1509240929426242,0.1509240929470789,0.1509240929488177,0.15092409294548,0.1509240929426242,0.15092409294548,0.1509240929488177,0.1509240929511179,0.1509240929488177,0.1509240929470789,0.1509240929488177,0.1509240929511179,0.14963652310158473,0.1496365230959306,0.14963652309113543,0.1496365230959306,0.14963652310158473,0.1496365230959306,0.14963652308653483,0.14963652307681743,0.14963652308653483,0.1496365230959306,0.14963652309113543,0.14963652307681743,0.14963652305831707,0.14963652307681743,0.14963652309113543,0.1496365230959306,0.14963652308653483,0.14963652307681743,0.14963652308653483,0.1496365230959306,0.14963652310158473,0.1496365230959306,0.14963652309113543,0.1496365230959306,0.14963652310158473,0.14837453638483045,0.14837453637290077,0.14837453636105877,0.14837453637290077,0.14837453638483045,0.14837453637290077,0.14837453634914613,0.14837453631687667,0.14837453634914613,0.14837453637290077,0.14837453636105877,0.14837453631687667,0.1483745362263434,0.14837453631687667,0.14837453636105877,0.14837453637290077,0.14837453634914613,0.14837453631687667,0.14837453634914613,0.14837453637290077,0.14837453638483045,0.14837453637290077,0.14837453636105877,0.14837453637290077,0.14837453638483045,0.14713758229684334,0.14713758227834084,0.14713758225606405,0.14713758227834084,0.14713758229684334,0.14713758227834084,0.14713758223300288,0.14713758214251332,0.14713758223300288,0.14713758227834084,0.14713758225606405,0.14713758214251332,0.14713758164171625,0.14713758214251332,0.14713758225606427,0.14713758227834084,0.14713758223300288,0.14713758214251332,0.14713758223300288,0.14713758227834084,0.14713758229684334,0.14713758227834084,0.14713758225606427,0.14713758227834084,0.14713758229684334,0.145925118198683,0.14592511818602621,0.14592511817372322,0.14592511818602621,0.145925118198683,0.14592511818602621,0.14592511816138018,0.14592511812924563,0.14592511816138018,0.14592511818602621,0.14592511817372322,0.14592511812924563,0.14592511804599106,0.14592511812924563,0.14592511817372322,0.14592511818602621,0.14592511816138018,0.14592511812924563,0.14592511816138018,0.14592511818602621,0.145925118198683,0.14592511818602621,0.14592511817372322,0.14592511818602621,0.145925118198683,0.14473660966364027,0.14473660965584434,0.14473660964907112,0.14473660965584434,0.14473660966364027,0.14473660965584434,0.1447366096425227,0.1447366096276734,0.1447366096425227,0.14473660965584434,0.14473660964907112,0.1447366096276734,0.14473660959063636,0.1447366096276734,0.14473660964907112,0.14473660965584434,0.1447366096425227,0.1447366096276734,0.1447366096425227,0.14473660965584434,0.14473660966364027,0.14473660965584434,0.14473660964907112,0.14473660965584434,0.14473660966364027,0.14357153081938073,0.14357153081310142,0.1435715308073284,0.14357153081310142,0.14357153081938073,0.14357153081310142,0.14357153080169005,0.14357153078666157,0.14357153080169005,0.14357153081310142,0.1435715308073284,0.14357153078666157,0.14357153073367884,0.14357153078666157,0.1435715308073284,0.14357153081310142,0.14357153080169005,0.14357153078666157,0.14357153080169005,0.14357153081310142,0.14357153081938073,0.14357153081310142,0.1435715308073284,0.14357153081310142,0.14357153081938073,0.14242936461422095,0.14242936460776504,0.14242936460115727,0.14242936460776504,0.14242936461422095,0.14242936460776504,0.14242936459448696,0.14242936457412622,0.14242936459448696,0.14242936460776504,0.14242936460115727,0.14242936457412622,0.14242936449173532,0.14242936457412622,0.14242936460115727,0.14242936460776504,0.14242936459448696,0.14242936457412622,0.14242936459448696,0.14242936460776504,0.14242936461422095,0.14242936460776504,0.14242936460115727,0.14242936460776504,0.14242936461422095,0.1413096030266823,0.14130960302057816,0.14130960301351897,0.14130960302057816,0.1413096030266823,0.14130960302057816,0.1413096030061596,0.14130960298086082,0.1413096030061596,0.14130960302057816,0.14130960301351897,0.14130960298086082,0.14130960286719838,0.14130960298086082,0.14130960301351897,0.14130960302057816,0.1413096030061596,0.14130960298086082,0.1413096030061596,0.14130960302057816,0.1413096030266823,0.14130960302057816,0.14130960301351897,0.14130960302057816,0.1413096030266823,0.14021174722985547,0.14021174722737315,0.14021174722312188,0.14021174722737315,0.14021174722985547,0.14021174722737315,0.14021174721838636,0.1402117471970015,0.14021174721838636,0.14021174722737315,0.14021174722312188,0.1402117471970015,0.14021174707721412,0.1402117471970015,0.14021174722312188,0.14021174722737315,0.14021174721838636,0.1402117471970015,0.14021174721838636,0.14021174722737315,0.14021174722985547,0.14021174722737315,0.14021174722312188,0.14021174722737315,0.14021174722985547,0.13913530771485158,0.1391353077220155,0.13913530772769123,0.1391353077220155,0.13913530771485158,0.1391353077220155,0.13913530773302182,0.1391353077425218,0.13913530773302182,0.1391353077220155,0.13913530772769123,0.1391353077425218,0.13913530775422825,0.1391353077425218,0.13913530772769123,0.1391353077220155,0.13913530773302182,0.1391353077425218,0.13913530773302182,0.1391353077220155,0.13913530771485158,0.1391353077220155,0.13913530772769123,0.1391353077220155,0.13913530771485158,0.13807980437824027,0.1380798044001394,0.13807980442210271,0.1380798044001394,0.13807980437824027,0.1380798044001394,0.1380798044443293,0.13807980450483312,0.1380798044443293,0.1380798044001394,0.13807980442210271,0.13807980450483312,0.1380798046751453,0.13807980450483312,0.13807980442210271,0.1380798044001394,0.1380798044443293,0.13807980450483312,0.1380798044443293,0.1380798044001394,0.13807980437824027,0.1380798044001394,0.13807980442210271,0.1380798044001394,0.13807980437824027,0.1370447665846711,0.13704476662102918,0.13704476666511714,0.13704476662102918,0.1370447665846711,0.13704476662102918,0.13704476671083404,0.13704476689117845,0.13704476671083404,0.13704476662102918,0.13704476666511714,0.13704476689117845,0.13704476789084463,0.13704476689117845,0.13704476666511714,0.13704476662102918,0.13704476671083404,0.13704476689117845,0.13704476671083404,0.13704476662102918,0.1370447665846711,0.13704476662102918,0.13704476666511714,0.13704476662102918,0.1370447665846711,0.13602973320957476,0.13602973323497905,0.13602973325984805,0.13602973323497905,0.13602973320957476,0.13602973323497905,0.13602973328479517,0.1360297333514065,0.13602973328479517,0.13602973323497905,0.13602973325984805,0.1360297333514065,0.1360297335362151,0.1360297333514065,0.13602973325984805,0.13602973323497905,0.13602973328479517,0.1360297333514065,0.13602973328479517,0.13602973323497905,0.13602973320957476,0.13602973323497905,0.13602973325984805,0.13602973323497905,0.13602973320957476,0.13503425269669894,0.13503425271261413,0.13503425272575165,0.13503425271261413,0.13503425269669894,0.13503425271261413,0.13503425273822114,0.1350342527636037,0.13503425273822114,0.13503425271261413,0.13503425272575165,0.1350342527636037,0.13503425280975012,0.1350342527636037,0.13503425272575165,0.13503425271261413,0.13503425273822114,0.1350342527636037,0.13503425273822114,0.13503425271261413,0.13503425269669894,0.13503425271261413,0.13503425272575165,0.13503425271261413,0.13503425269669894
0.16533248755408284,0.16533248755408284,0.1653324875540826,0.16533248755408284,0.16533248755408284,0.16533248755408284,0.1653324875540826,0.1653324875540826,0.1653324875540826,0.16533248755408284,0.1653324875540826,0.1653324875540826,0.1653324875540826,0.1653324875540826,0.1653324875540826,0.16533248755408284,0.1653324875540826,0.1653324875540826,0.1653324875540826,0.16533248755408284,0.16533248755408284,0.16533248755408284,0.1653324875540826,0.16533248755408284,0.16533248755408284,0.16375749383986712,0.16375749383986712,0.16375749383986687,0.16375749383986712,0.16375749383986712,0.16375749383986712,0.16375749383986687,0.16375749383986687,0.16375749383986687,0.16375749383986712,0.16375749383986687,0.16375749383986687,0.16375749383986665,0.16375749383986687,0.16375749383986687,0.16375749383986712,0.16375749383986687,0.16375749383986687,0.16375749383986687,0.16375749383986712,0.16375749383986712,0.16375749383986712,0.16375749383986687,0.16375749383986712,0.16375749383986712,0.16221388405744058,0.16221388405744014,0.16221388405743992,0.16221388405744014,0.16221388405744058,0.16221388405744014,0.1622138840574397,0.16221388405743944,0.1622138840574397,0.16221388405744014,0.16221388405743992,0.16221388405743944,0.16221388405743922,0.16221388405743944,0.16221388405743992,0.16221388405744014,0.1622138840574397,0.16221388405743944,0.1622138840574397,0.16221388405744014,0.16221388405744058,0.16221388405744014,0.16221388405743992,0.16221388405744014,0.16221388405744058,0.16070106716384328,0.16070106716384197,0.16070106716384108,0.16070106716384197,0.16070106716384328,0.16070106716384197,0.16070106716384064,0.16070106716383972,0.16070106716384064,0.16070106716384197,0.16070106716384108,0.16070106716383972,0.16070106716383886,0.16070106716383972,0.16070106716384108,0.16070106716384197,0.16070106716384064,0.16070106716383972,0.16070106716384064,0.16070106716384197,0.16070106716384328,0.16070106716384197,0.16070106716384108,0.16070106716384197,0.16070106716384328,0.15921845153405523,0.1592184515340511,0.15921845153404848,0.1592184515340511,0.15921845153405523,0.1592184515340511,0.15921845153404673,0.15921845153404388,0.15921845153404673,0.1592184515340511,0.15921845153404848,0.15921845153404388,0.1592184515340413,0.15921845153404388,0.15921845153404848,0.1592184515340511,0.15921845153404673,0.15921845153404388,0.15921845153404673,0.1592184515340511,0.15921845153405523,0.1592184515340511,0.15921845153404848,0.1592184515340511,0.15921845153405523,0.15776544631284883,0.15776544631283645,0.15776544631282874,0.15776544631283645,0.15776544631284883,0.15776544631283645,0.15776544631282322,0.1577654463128149,0.15776544631282322,0.15776544631283645,0.15776544631282874,0.1577654463128149,0.15776544631280617,0.1577654463128149,0.15776544631282874,0.15776544631283645,0.15776544631282322,0.1577654463128149,0.15776544631282322,0.15776544631283645,0.15776544631284883,0.15776544631283645,0.15776544631282874,0.15776544631283645,0.15776544631284883,0.15634146262911994,0.15634146262908374,0.15634146262906054,0.15634146262908374,0.15634146262911994,0.15634146262908374,0.1563414626290434,0.15634146262901766,0.1563414626290434,0.15634146262908374,0.15634146262906054,0.15634146262901766,0.15634146262898985,0.15634146262901766,0.15634146262906054,0.15634146262908374,0.1563414626290434,0.15634146262901766,0.1563414626290434,0.15634146262908374,0.15634146262911994,0.15634146262908374,0.15634146262906054,0.15634146262908374,0.15634146262911994,0.15494591468296834,0.15494591468286364,0.1549459146827946,0.15494591468286364,0.15494591468296834,0.15494591468286364,0.15494591468274108,0.15494591468265995,0.15494591468274108,0.15494591468286364,0.1549459146827946,0.15494591468265995,0.15494591468256955,0.15494591468265995,0.1549459146827946,0.15494591468286364,0.15494591468274108,0.15494591468265995,0.15494591468274108,0.15494591468286364,0.15494591468296834,0.15494591468286364,0.1549459146827946,0.15494591468286364,0.15494591468296834,0.1535782207152686,0.15357822071496474,0.15357822071476068,0.15357822071496474,0.1535782207152686,0.15357822071496474,0.15357822071459318,0.1535782207143337,0.15357822071459318,0.15357822071496474,0.15357822071476068,0.1535782207143337,0.153578220714028,0.1535782207143337,0.15357822071476068,0.15357822071496474,0.15357822071459318,0.1535782207143337,0.15357822071459318,0.15357822071496474,0.1535782207152686,0.15357822071496474,0.15357822071476068,0.15357822071496474,0.1535782207152686,0.15223780386894792,0.1522378038680917,0.1522378038674903,0.1522378038680917,0.15223780386894792,0.1522378038680917,0.1522378038669687,0.15223780386611974,0.1522378038669687,0.1522378038680917,0.1522378038674903,0.15223780386611974,0.15223780386502433,0.15223780386611974,0.1522378038674903,0.1522378038680917,0.1522378038669687,0.15223780386611974,0.1522378038669687,0.1522378038680917,0.15223780386894792,0.1522378038680917,0.1522378038674903,0.1522378038680917,0.15223780386894792,0.15092409295075696,0.1509240929484643,0.1509240929467255,0.1509240929484643,0.15092409295075696,0.1509240929484643,0.1509240929451418,0.15092409294229703,0.1509240929451418,0.1509240929484643,0.1509240929467255,0.15092409294229703,0.1509240929380385,0.15092409294229703,0.1509240929467255,0.1509240929484643,0.1509240929451418,0.15092409294229703,0.1509240929451418,0.1509240929484643,0.15092409295075696,0.1509240929484643,0.1509240929467255,0.1509240929484643,0.15092409295075696,0.14963652310196784,0.14963652309633427,0.1496365230915563,0.14963652309633427,0.14963652310196784,0.14963652309633427,0.14963652308697387,0.14963652307729505,0.14963652308697387,0.14963652309633427,0.1496365230915563,0.14963652307729505,0.1496365230588692,0.14963652307729505,0.1496365230915563,0.14963652309633427,0.14963652308697387,0.14963652307729505,0.14963652308697387,0.14963652309633427,0.14963652310196784,0.14963652309633427,0.1496365230915563,0.14963652309633427,0.14963652310196784,0.14837453638594336,0.1483745363740565,0.14837453636225986,0.1483745363740565,0.14837453638594336,0.1483745363740565,0.1483745363503847,0.148374536318247,0.1483745363503847,0.1483745363740565,0.14837453636225986,0.148374536318247,0.14837453622807975,0.148374536318247,0.14837453636225986,0.1483745363740565,0.1483745363503847,0.148374536318247,0.1483745363503847,0.1483745363740565,0.14837453638594336,0.1483745363740565,0.14837453636225986,0.1483745363740565,0.14837453638594336,0.14713758229861448,0.1471375822801772,0.14713758225798218,0.1471375822801772,0.14713758229861448,0.1471375822801772,0.14713758223500403,0.14713758214486086,0.14713758223500403,0.1471375822801772,0.14713758225798218,0.14713758214486086,0.14713758164603333,0.14713758214486086,0.14713758225798218,0.1471375822801772,0.14713758223500403,0.14713758214486086,0.14713758223500403,0.1471375822801772,0.14713758229861448,0.1471375822801772,0.14713758225798218,0.1471375822801772,0.14713758229861448,0.14592511820097986,0.14592511818835868,0.14592511817608683,0.14592511818835868,0.14592511820097986,0.14592511818835868,0.14592511816377424,0.1459251181316958,0.14592511816377424,0.14592511818835868,0.14592511817608683,0.1459251181316958,0.14592511804840277,0.1459251181316958,0.14592511817608683,0.14592511818835868,0.14592511816377424,0.1459251181316958,0.14592511816377424,0.14592511818835868,0.14592511820097986,0.14592511818835868,0.14592511817608683,0.14592511818835868,0.14592511820097986,0.14473660966637353,0.14473660965859822,0.1447366096518393,0.14473660965859822,0.14473660966637353,0.14473660965859822,0.14473660964530363,0.14473660963046567,0.14473660964530363,0.14473660965859822,0.1447366096518393,0.14473660963046567,0.1447366095933419,0.14473660963046567,0.1447366096518393,0.14473660965859822,0.14473660964530363,0.14473660963046567,0.14473660964530363,0.14473660965859822,0.14473660966637353,0.14473660965859822,0.1447366096518393,0.14473660965859822,0.14473660966637353,0.1435715308224748,0.14357153081622182,0.14357153081047241,0.14357153081622182,0.1435715308224748,0.14357153081622182,0.14357153080485702,0.14357153078988824,0.14357153080485702,0.14357153081622182,0.14357153081047241,0.14357153078988824,0.14357153073708329,0.14357153078988824,0.14357153081047241,0.14357153081622182,0.14357153080485702,0.14357153078988824,0.14357153080485702,0.14357153081622182,0.1435715308224748,0.14357153081622182,0.14357153081047241,0.14357153081622182,0.1435715308224748,0.1424293646175708,0.14242936461115563,0.14242936460459013,0.14242936461115563,0.1424293646175708,0.14242936461115563,0.1424293645979626,0.14242936457773456,0.1424293645979626,0.14242936461115563,0.14242936460459013,0.14242936457773456,0.14242936449587978,0.14242936457773456,0.14242936460459013,0.14242936461115563,0.1424293645979626,0.14242936457773456,0.1424293645979626,0.14242936461115563,0.1424293646175708,0.14242936461115563,0.14242936460459013,0.14242936461115563,0.1424293646175708,0.1413096030301351,0.14130960302408094,0.14130960301707834,0.14130960302408094,0.1413096030301351,0.14130960302408094,0.14130960300977785,0.1413096029846789,0.14130960300977785,0.14130960302408094,0.14130960301707834,0.1413096029846789,0.14130960287190025,0.1413096029846789,0.14130960301707834,0.14130960302408094,0.14130960300977785,0.1413096029846789,0.14130960300977785,0.14130960302408094,0.1413096030301351,0.14130960302408094,0.14130960301707834,0.14130960302408094,0.1413096030301351,0.14021174723322033,0.1402117472307743,0.1402117472265711,0.1402117472307743,0.14021174723322033,0.1402117472307743,0.1402117472218865,0.14021174720070675,0.1402117472218865,0.1402117472307743,0.1402117472265711,0.14021174720070675,0.14021174708200285,0.14021174720070675,0.1402117472265711,0.1402117472307743,0.1402117472218865,0.14021174720070675,0.1402117472218865,0.1402117472307743,0.14021174723322033,0.1402117472307743,0.1402117472265711,0.1402117472307743,0.14021174723322033,0.13913530771794774,0.13913530772509392,0.13913530773075813,0.13913530772509392,0.13913530771794774,0.13913530772509392,0.13913530773607874,0.1391353077455724,0.13913530773607874,0.13913530772509392,0.13913530773075813,0.1391353077455724,0.13913530775732252,0.1391353077455724,0.13913530773075813,0.13913530772509392,0.13913530773607874,0.1391353077455724,0.13913530773607874,0.13913530772509392,0.13913530771794774,0.13913530772509392,0.13913530773075813,0.13913530772509392,0.13913530771794774,0.13807980438098033,0.13807980440278672,0.13807980442465545,0.13807980440278672,0.13807980438098033,0.13807980440278672,0.13807980444678622,0.13807980450702512,0.13807980444678622,0.13807980440278672,0.13807980442465545,0.13807980450702512,0.1380798046765796,0.13807980450702512,0.13807980442465545,0.13807980440278672,0.13807980444678622,0.13807980450702512,0.13807980444678622,0.13807980440278672,0.13807980438098033,0.13807980440278672,0.13807980442465545,0.13807980440278672,0.13807980438098033,0.13704476658710874,0.13704476662330384,0.13704476666719295,0.13704476662330384,0.13704476658710874,0.13704476662330384,0.13704476671270338,0.13704476689222964,0.13704476671270338,0.13704476662330384,0.13704476666719295,0.13704476689222964,0.13704476788733477,0.13704476689222964,0.13704476666719295,0.13704476662330384,0.13704476671270338,0.13704476689222964,0.13704476671270338,0.13704476662330384,0.13704476658710874,0.13704476662330384,0.13704476666719295,0.13704476662330384,0.13704476658710874,0.13602973321189696,0.13602973323718612,0.1360297332619418,0.13602973323718612,0.13602973321189696,0.13602973323718612,0.13602973328677603,0.13602973335308213,0.13602973328677603,0.13602973323718612,0.1360297332619418,0.13602973335308213,0.13602973353704745,0.13602973335308213,0.1360297332619418,0.13602973323718612,0.13602973328677603,0.13602973335308213,0.13602973328677603,0.13602973323718612,0.13602973321189696,0.13602973323718612,0.1360297332619418,0.13602973323718612,0.13602973321189696,0.1350342526989876,0.13503425271482997,0.1350342527279075,0.13503425271482997,0.1350342526989876,0.13503425271482997,0.1350342527403188,0.13503425276558464,0.1350342527403188,0.13503425271482997,0.1350342527279075,0.13503425276558464,0.13503425281151948,0.13503425276558464,0.1350342527279075,0.13503425271482997,0.1350342527403188,0.13503425276558464,0.1350342527403188,0.13503425271482997,0.1350342526989876,0.13503425271482997,0.1350342527279075,0.13503425271482997,0.1350342526989876
0.1653324875538426,0.1653324875538424,0.1653324875538424,0.1653324875538424,0.1653324875538426,0.1653324875538424,0.1653324875538424,0.1653324875538424,0.1653324875538424,0.1653324875538424,0.1653324875538424,0.1653324875538424,0.1653324875538424,0.1653324875538424,0.1653324875538424,0.1653324875538424,0.1653324875538424,0.1653324875538424,0.1653324875538424,0.1653324875538424,0.1653324875538426,0.1653324875538424,0.1653324875538424,0.1653324875538424,0.1653324875538426,0.16375749383965874,0.1637574938396585,0.1637574938396585,0.1637574938396585,0.16375749383965874,0.1637574938396585,0.1637574938396585,0.16375749383965826,0.1637574938396585,0.1637574938396585,0.1637574938396585,0.16375749383965826,0.16375749383965826,0.16375749383965826,0.1637574938396585,0.1637574938396585,0.1637574938396585,0.16375749383965826,0.1637574938396585,0.1637574938396585,0.16375749383965874,0.1637574938396585,0.1637574938396585,0.1637574938396585,0.16375749383965874,0.16221388405728623,0.16221388405728576,0.16221388405728557,0.16221388405728576,0.16221388405728623,0.16221388405728576,0.16221388405728557,0.16221388405728532,0.16221388405728557,0.16221388405728576,0.16221388405728557,0.16221388405728532,0.16221388405728485,0.16221388405728532,0.16221388405728557,0.16221388405728576,0.16221388405728557,0.16221388405728532,0.16221388405728557,0.16221388405728576,0.16221388405728623,0.16221388405728576,0.16221388405728557,0.16221388405728576,0.16221388405728623,0.16070106716376598,0.16070106716376484,0.16070106716376398,0.16070106716376484,0.16070106716376598,0.16070106716376484,0.16070106716376353,0.16070106716376265,0.16070106716376353,0.16070106716376484,0.16070106716376398,0.16070106716376265,0.16070106716376198,0.16070106716376265,0.16070106716376398,0.16070106716376484,0.16070106716376353,0.16070106716376265,0.16070106716376353,0.16070106716376484,0.16070106716376598,0.16070106716376484,0.16070106716376398,0.16070106716376484,0.16070106716376598,0.15921845153407785,0.15921845153407393,0.15921845153407155,0.15921845153407393,0.15921845153407785,0.15921845153407393,0.15921845153407,0.1592184515340674,0.15921845153407,0.15921845153407393,0.15921845153407155,0.1592184515340674,0.1592184515340648,0.1592184515340674,0.15921845153407155,0.15921845153407393,0.15921845153407,0.1592184515340674,0.15921845153407,0.15921845153407393,0.15921845153407785,0.15921845153407393,0.15921845153407155,0.15921845153407393,0.15921845153407785,0.1577654463129941,0.15776544631298262,0.15776544631297512,0.15776544631298262,0.1577654463129941,0.15776544631298262,0.15776544631297001,0.15776544631296213,0.15776544631297001,0.15776544631298262,0.15776544631297512,0.15776544631296213,0.1577654463129536,0.15776544631296213,0.15776544631297512,0.15776544631298262,0.15776544631297001,0.15776544631296213,0.15776544631297001,0.15776544631298262,0.1577654463129941,0.15776544631298262,0.15776544631297512,0.15776544631298262,0.1577654463129941,0.15634146262941037,0.15634146262937546,0.15634146262935308,0.15634146262937546,0.15634146262941037,0.15634146262937546,0.15634146262933657,0.15634146262931106,0.15634146262933657,0.15634146262937546,0.15634146262935308,0.15634146262931106,0.15634146262928367,0.15634146262931106,0.15634146262935308,0.15634146262937546,0.15634146262933657,0.15634146262931106,0.15634146262933657,0.15634146262937546,0.15634146262941037,0.15634146262937546,0.15634146262935308,0.15634146262937546,0.15634146262941037,0.154945914683427,0.15494591468332308,0.15494591468325547,0.15494591468332308,0.154945914683427,0.15494591468332308,0.1549459146832028,0.15494591468312247,0.1549459146832028,0.15494591468332308,0.15494591468325547,0.15494591468312247,0.1549459146830329,0.15494591468312247,0.15494591468325547,0.15494591468332308,0.1549459146832028,0.15494591468312247,0.1549459146832028,0.15494591468332308,0.154945914683427,0.15494591468332308,0.15494591468325547,0.15494591468332308,0.154945914683427,0.15357822071591673,0.15357822071561428,0.1535782207154116,0.15357822071561428,0.15357822071591673,0.15357822071561428,0.1535782207152457,0.15357822071498783,0.1535782207152457,0.15357822071561428,0.1535782207154116,0.15357822071498783,0.15357822071468416,0.15357822071498783,0.1535782207154116,0.15357822071561428,0.1535782207152457,0.15357822071498783,0.1535782207152457,0.15357822071561428,0.15357822071591673,0.15357822071561428,0.1535782207154116,0.15357822071561428,0.15357822071591673,0.152237803869802,0.1522378038689497,0.15223780386834992,0.1522378038689497,0.152237803869802,0.1522378038689497,0.152237803867833,0.1522378038669884,0.152237803867833,0.1522378038689497,0.15223780386834992,0.1522378038669884,0.15223780386589908,0.1522378038669884,0.15223780386834992,0.1522378038689497,0.152237803867833,0.1522378038669884,0.152237803867833,0.1522378038689497,0.152237803869802,0.1522378038689497,0.15223780386834992,0.1522378038689497,0.152237803869802,0.15092409295182513,0.15092409294954368,0.15092409294781317,0.15092409294954368,0.15092409295182513,0.15092409294954368,0.150924092946238,0.15092409294340786,0.150924092946238,0.15092409294954368,0.15092409294781317,0.15092409294340786,0.15092409293917133,0.15092409294340786,0.15092409294781317,0.15092409294954368,0.150924092946238,0.15092409294340786,0.150924092946238,0.15092409294954368,0.15092409295182513,0.15092409294954368,0.15092409294781317,0.15092409294954368,0.15092409295182513,0.14963652310324035,0.1496365230976342,0.14963652309288028,0.1496365230976342,0.14963652310324035,0.1496365230976342,0.14963652308832034,0.14963652307869107,0.14963652308832034,0.1496365230976342,0.14963652309288028,0.14963652307869107,0.1496365230603609,0.14963652307869107,0.14963652309288028,0.1496365230976342,0.14963652308832034,0.14963652307869107,0.14963652308832034,0.1496365230976342,0.14963652310324035,0.1496365230976342,0.14963652309288028,0.1496365230976342,0.14963652310324035,0.1483745363873732,0.14837453637554285,0.1483745363638048,0.14837453637554285,0.1483745363873732,0.14837453637554285,0.14837453635198555,0.14837453632001338,0.14837453635198555,0.14837453637554285,0.1483745363638048,0.14837453632001338,0.14837453623031888,0.14837453632001338,0.1483745363638048,0.14837453637554285,0.14837453635198555,0.14837453632001338,0.14837453635198555,0.14837453637554285,0.1483745363873732,0.14837453637554285,0.1483745363638048,0.14837453637554285,0.1483745363873732,0.14713758230008955,0.14713758228173549,0.14713758225964543,0.14713758228173549,0.14713758230008955,0.14713758228173549,0.14713758223677606,0.1471375821470842,0.14713758223677606,0.14713758228173549,0.14713758225964543,0.1471375821470842,0.14713758165091717,0.1471375821470842,0.14713758225964543,0.14713758228173549,0.14713758223677606,0.1471375821470842,0.14713758223677606,0.14713758228173549,0.14713758230008955,0.14713758228173549,0.14713758225964543,0.14713758228173549,0.14713758230008955,0.1459251182023264,0.14592511818974507,0.14592511817750708,0.14592511818974507,0.1459251182023264,0.14592511818974507,0.14592511816522727,0.14592511813320064,0.14592511816522727,0.14592511818974507,0.14592511817750708,0.14592511813320064,0.14592511804973646,0.14592511813320064,0.14592511817750708,0.14592511818974507,0.14592511816522727,0.14592511813320064,0.14592511816522727,0.14592511818974507,0.1459251182023264,0.14592511818974507,0.14592511817750708,0.14592511818974507,0.1459251182023264,0.1447366096675001,0.14473660965973997,0.14473660965298785,0.14473660965973997,0.1447366096675001,0.14473660965973997,0.14473660964645704,0.14473660963159782,0.14473660964645704,0.14473660965973997,0.14473660965298785,0.14473660963159782,0.14473660959422371,0.14473660963159782,0.14473660965298785,0.14473660965973997,0.14473660964645704,0.14473660963159782,0.14473660964645704,0.14473660965973997,0.1447366096675001,0.14473660965973997,0.14473660965298785,0.14473660965973997,0.1447366096675001,0.14357153082333396,0.1435715308170986,0.1435715308113636,0.1435715308170986,0.14357153082333396,0.1435715308170986,0.14357153080576135,0.14357153079081994,0.14357153080576135,0.1435715308170986,0.1435715308113636,0.14357153079081994,0.14357153073808637,0.14357153079081994,0.1435715308113636,0.1435715308170986,0.14357153080576135,0.14357153079081994,0.14357153080576135,0.1435715308170986,0.14357153082333396,0.1435715308170986,0.1435715308113636,0.1435715308170986,0.14357153082333396,0.14242936461810307,0.1424293646117203,0.14242936460518854,0.1424293646117203,0.14242936461810307,0.1424293646117203,0.14242936459859504,0.14242936457847286,0.14242936459859504,0.1424293646117203,0.14242936460518854,0.14242936457847286,0.14242936449705743,0.14242936457847286,0.14242936460518854,0.1424293646117203,0.14242936459859504,0.14242936457847286,0.14242936459859504,0.1424293646117203,0.14242936461810307,0.1424293646117203,0.14242936460518854,0.1424293646117203,0.14242936461810307,0.1413096030302438,0.1413096030242328,0.14130960301727996,0.1413096030242328,0.1413096030302438,0.1413096030242328,0.14130960301003115,0.1413096029851106,0.14130960301003115,0.1413096030242328,0.14130960301727996,0.1413096029851106,0.1413096028731267,0.1413096029851106,0.14130960301727996,0.1413096030242328,0.14130960301003115,0.1413096029851106,0.14130960301003115,0.1413096030242328,0.1413096030302438,0.1413096030242328,0.14130960301727996,0.1413096030242328,0.1413096030302438,0.1402117472327803,0.14021174723036503,0.1402117472262044,0.14021174723036503,0.1402117472327803,0.14021174723036503,0.1402117472215658,0.1402117472005747,0.1402117472215658,0.14021174723036503,0.1402117472262044,0.1402117472005747,0.1402117470829083,0.1402117472005747,0.1402117472262044,0.14021174723036503,0.1402117472215658,0.1402117472005747,0.1402117472215658,0.14021174723036503,0.1402117472327803,0.14021174723036503,0.1402117472262044,0.14021174723036503,0.1402117472327803,0.13913530771685093,0.13913530772397562,0.13913530772962493,0.13913530772397562,0.13913530771685093,0.13913530772397562,0.13913530773493243,0.13913530774441235,0.13913530773493243,0.13913530772397562,0.13913530772962493,0.13913530774441235,0.1391353077561898,0.13913530774441235,0.13913530772962493,0.13913530772397562,0.13913530773493243,0.13913530774441235,0.13913530773493243,0.13913530772397562,0.13913530771685093,0.13913530772397562,0.13913530772962493,0.13913530772397562,0.13913530771685093,0.13807980437922027,0.13807980440092996,0.1380798044227007,0.13807980440092996,0.13807980437922027,0.13807980440092996,0.13807980444473195,0.13807980450469717,0.13807980444473195,0.13807980440092996,0.1380798044227007,0.13807980450469717,0.1380798046734721,0.13807980450469717,0.1380798044227007,0.13807980440092996,0.13807980444473195,0.13807980450469717,0.13807980444473195,0.13807980440092996,0.13807980437922027,0.13807980440092996,0.1380798044227007,0.13807980440092996,0.13807980437922027,0.13704476658482923,0.13704476662085663,0.13704476666454135,0.13704476662085663,0.13704476658482923,0.13704476662085663,0.13704476670983987,0.1370447668885261,0.13704476670983987,0.13704476662085663,0.13704476666454135,0.1370447668885261,0.13704476787894476,0.1370447668885261,0.13704476666454135,0.13704476662085663,0.13704476670983987,0.1370447668885261,0.13704476670983987,0.13704476662085663,0.13704476658482923,0.13704476662085663,0.13704476666454135,0.13704476662085663,0.13704476658482923,0.1360297332093857,0.13602973323455678,0.13602973325919676,0.13602973323455678,0.1360297332093857,0.13602973323455678,0.13602973328391485,0.13602973334990975,0.13602973328391485,0.13602973323455678,0.13602973325919676,0.13602973334990975,0.13602973353301173,0.13602973334990975,0.13602973325919676,0.13602973323455678,0.13602973328391485,0.13602973334990975,0.13602973328391485,0.13602973323455678,0.1360297332093857,0.13602973323455678,0.13602973325919676,0.13602973323455678,0.1360297332093857,0.13503425269643043,0.13503425271219852,0.13503425272521483,0.13503425271219868,0.13503425269643043,0.13503425271219852,0.1350342527375676,0.13503425276271458,0.1350342527375676,0.13503425271219868,0.13503425272521483,0.13503425276271458,0.13503425280843354,0.13503425276271458,0.13503425272521483,0.13503425271219868,0.1350342527375676,0.13503425276271458,0.1350342527375676,0.13503425271219868,0.13503425269643043,0.13503425271219868,0.13503425272521483,0.13503425271219868,0.13503425269643043
0.16533248755529606,0.16533248755529606,0.1653324875552958,0.16533248755529606,0.16533248755529606,0.16533248755529606,0.1653324875552958,0.1653324875552958,0.1653324875552958,0.16533248755529606,0.1653324875552958,0.1653324875552958,0.1653324875552958,0.1653324875552958,0.1653324875552958,0.16533248755529606,0.1653324875552958,0.1653324875552958,0.1653324875552958,0.16533248755529606,0.16533248755529606,0.16533248755529606,0.1653324875552958,0.16533248755529606,0.16533248755529606,0.16375749384109411,0.16375749384109411,0.1637574938410939,0.16375749384109411,0.16375749384109411,0.16375749384109411,0.1637574938410939,0.1637574938410939,0.1637574938410939,0.16375749384109411,0.1637574938410939,0.1637574938410939,0.16375749384109364,0.1637574938410939,0.1637574938410939,0.16375749384109411,0.1637574938410939,0.1637574938410939,0.1637574938410939,0.16375749384109411,0.16375749384109411,0.16375749384109411,0.1637574938410939,0.16375749384109411,0.16375749384109411,0.16221388405871293,0.1622138840587127,0.16221388405871248,0.1622138840587127,0.16221388405871293,0.1622138840587127,0.16221388405871223,0.162213884058712,0.16221388405871223,0.1622138840587127,0.16221388405871248,0.162213884058712,0.16221388405871182,0.162213884058712,0.16221388405871248,0.1622138840587127,0.16221388405871223,0.162213884058712,0.16221388405871223,0.1622138840587127,0.16221388405871293,0.1622138840587127,0.16221388405871248,0.1622138840587127,0.16221388405871293,0.16070106716519353,0.16070106716519242,0.16070106716519175,0.16070106716519242,0.16070106716519353,0.16070106716519242,0.16070106716519109,0.16070106716519042,0.16070106716519109,0.16070106716519242,0.16070106716519175,0.16070106716519042,0.16070106716518956,0.16070106716519042,0.16070106716519175,0.16070106716519242,0.16070106716519109,0.16070106716519042,0.16070106716519109,0.16070106716519242,0.16070106716519353,0.16070106716519242,0.16070106716519175,0.16070106716519242,0.16070106716519353,0.1592184515355159,0.15921845153551217,0.15921845153550976,0.15921845153551217,0.1592184515355159,0.15921845153551217,0.15921845153550826,0.15921845153550584,0.15921845153550826,0.15921845153551217,0.15921845153550976,0.15921845153550584,0.15921845153550324,0.15921845153550584,0.15921845153550976,0.15921845153551217,0.15921845153550826,0.15921845153550584,0.15921845153550826,0.15921845153551217,0.1592184515355159,0.15921845153551217,0.15921845153550976,0.15921845153551217,0.1592184515355159,0.15776544631445208,0.15776544631444053,0.1577654463144335,0.15776544631444053,0.15776544631445208,0.15776544631444053,0.15776544631442838,0.15776544631442072,0.15776544631442838,0.15776544631444053,0.1577654463144335,0.15776544631442072,0.15776544631441258,0.15776544631442072,0.1577654463144335,0.15776544631444053,0.15776544631442838,0.15776544631442072,0.15776544631442838,0.15776544631444053,0.15776544631445208,0.15776544631444053,0.1577654463144335,0.15776544631444053,0.15776544631445208,0.15634146263089713,0.15634146263086263,0.15634146263084045,0.15634146263086263,0.15634146263089713,0.15634146263086263,0.15634146263082455,0.15634146263079968,0.15634146263082455,0.15634146263086263,0.15634146263084045,0.15634146263079968,0.15634146263077273,0.15634146263079968,0.15634146263084045,0.15634146263086263,0.15634146263082455,0.15634146263079968,0.15634146263082455,0.15634146263086263,0.15634146263089713,0.15634146263086263,0.15634146263084045,0.15634146263086263,0.15634146263089713,0.15494591468495067,0.15494591468484778,0.15494591468478058,0.15494591468484778,0.15494591468495067,0.15494591468484778,0.15494591468472893,0.154945914684649,0.15494591468472893,0.15494591468484778,0.15494591468478058,0.154945914684649,0.15494591468455987,0.154945914684649,0.15494591468478058,0.15494591468484778,0.15494591468472893,0.154945914684649,0.15494591468472893,0.15494591468484778,0.15494591468495067,0.15494591468484778,0.15494591468478058,0.15494591468484778,0.15494591468495067,0.15357822071748412,0.15357822071718366,0.1535782207169822,0.15357822071718366,0.15357822071748412,0.15357822071718366,0.1535782207168177,0.15357822071656144,0.1535782207168177,0.15357822071718366,0.1535782207169822,0.15357822071656144,0.15357822071625957,0.15357822071656144,0.1535782207169822,0.15357822071718366,0.1535782207168177,0.15357822071656144,0.1535782207168177,0.15357822071718366,0.15357822071748412,0.15357822071718366,0.1535782207169822,0.15357822071718366,0.15357822071748412,0.15223780387141667,0.1522378038705697,0.15223780386997346,0.1522378038705697,0.15223780387141667,0.1522378038705697,0.1522378038694599,0.1522378038686206,0.1522378038694599,0.1522378038705697,0.15223780386997346,0.1522378038686206,0.15223780386753796,0.1522378038686206,0.15223780386997346,0.1522378038705697,0.1522378038694599,0.1522378038686206,0.1522378038694599,0.1522378038705697,0.15223780387141667,0.1522378038705697,0.15223780386997346,0.1522378038705697,0.15223780387141667,0.1509240929534827,0.15092409295121514,0.15092409294949505,0.15092409295121514,0.1509240929534827,0.15092409295121514,0.15092409294792988,0.1509240929451173,0.15092409294792988,0.15092409295121514,0.15092409294949505,0.1509240929451173,0.1509240929409078,0.1509240929451173,0.15092409294949505,0.15092409295121514,0.15092409294792988,0.1509240929451173,0.15092409294792988,0.15092409295121514,0.1509240929534827,0.15092409295121514,0.15092409294949505,0.15092409295121514,0.1509240929534827,0.14963652310491754,0.14963652309934505,0.14963652309462003,0.14963652309934505,0.14963652310491754,0.14963652309934505,0.14963652309008807,0.1496365230805193,0.14963652309008807,0.14963652309934505,0.14963652309462003,0.1496365230805193,0.14963652306230618,0.1496365230805193,0.14963652309462003,0.14963652309934505,0.14963652309008807,0.1496365230805193,0.14963652309008807,0.14963652309934505,0.14963652310491754,0.14963652309934505,0.14963652309462003,0.14963652309934505,0.14963652310491754,0.14837453638900427,0.14837453637724307,0.14837453636557563,0.14837453637724307,0.14837453638900427,0.14837453637724307,0.1483745363538272,0.14837453632205533,0.1483745363538272,0.14837453637724307,0.14837453636557563,0.14837453632205533,0.14837453623293892,0.14837453632205533,0.14837453636557563,0.14837453637724307,0.1483745363538272,0.14837453632205533,0.1483745363538272,0.14837453637724307,0.14837453638900427,0.14837453637724307,0.14837453636557563,0.14837453637724307,0.14837453638900427,0.14713758230153248,0.14713758228327883,0.1471375822613158,0.14713758228327883,0.14713758230153248,0.14713758228327883,0.14713758223857865,0.1471375821494377,0.14713758223857865,0.14713758228327883,0.1471375822613158,0.1471375821494377,0.1471375816565024,0.1471375821494377,0.1471375822613158,0.14713758228327883,0.14713758223857865,0.1471375821494377,0.14713758223857865,0.14713758228327883,0.14713758230153248,0.14713758228327883,0.1471375822613158,0.14713758228327883,0.14713758230153248,0.14592511820337126,0.14592511819083342,0.14592511817863155,0.14592511819083342,0.14592511820337126,0.14592511819083342,0.1459251181663868,0.14592511813440723,0.1459251181663868,0.14592511819083342,0.14592511817863155,0.14592511813440723,0.14592511805068092,0.14592511813440723,0.14592511817863155,0.14592511819083342,0.1459251181663868,0.14592511813440723,0.1459251181663868,0.14592511819083342,0.14592511820337126,0.14592511819083342,0.14592511817863155,0.14592511819083342,0.14592511820337126,0.14473660966804958,0.14473660966029903,0.14473660965354623,0.14473660966029903,0.14473660966804958,0.14473660966029903,0.14473660964701232,0.1447366096321,0.14473660964701232,0.14473660966029903,0.14473660965354623,0.1447366096321,0.14473660959433177,0.1447366096321,0.14473660965354623,0.14473660966029903,0.14473660964701232,0.1447366096321,0.14473660964701232,0.14473660966029903,0.14473660966804958,0.14473660966029903,0.14473660965354623,0.14473660966029903,0.14473660966804958,0.14357153082335655,0.1435715308171306,0.14357153081140037,0.1435715308171306,0.14357153082335655,0.1435715308171306,0.14357153080580157,0.14357153079085588,0.14357153080580157,0.1435715308171306,0.14357153081140037,0.14357153079085588,0.14357153073805592,0.14357153079085588,0.14357153081140037,0.1435715308171306,0.14357153080580157,0.14357153079085588,0.14357153080580157,0.1435715308171306,0.14357153082335655,0.1435715308171306,0.14357153081140037,0.1435715308171306,0.14357153082335655,0.14242936461756528,0.1424293646112068,0.14242936460470038,0.1424293646112068,0.14242936461756528,0.1424293646112068,0.14242936459813235,0.1424293645780897,0.14242936459813235,0.1424293646112068,0.14242936460470038,0.1424293645780897,0.142429364497013,0.1424293645780897,0.14242936460470038,0.1424293646112068,0.14242936459813235,0.1424293645780897,0.14242936459813235,0.1424293646112068,0.14242936461756528,0.1424293646112068,0.14242936460470038,0.1424293646112068,0.14242936461756528,0.14130960302907858,0.14130960302310352,0.14130960301619352,0.14130960302310352,0.14130960302907858,0.14130960302310352,0.14130960300898956,0.14130960298422662,0.14130960300898956,0.14130960302310352,0.14130960301619352,0.14130960298422662,0.14130960287295136,0.14130960298422662,0.14130960301619352,0.14130960302310352,0.14130960300898956,0.14130960298422662,0.14130960300898956,0.14130960302310352,0.14130960302907858,0.14130960302310352,0.14130960301619352,0.14130960302310352,0.14130960302907858,0.14021174723089183,0.14021174722850224,0.14021174722437918,0.14021174722850224,0.14021174723089183,0.14021174722850224,0.14021174721978105,0.1402117471989628,0.14021174721978105,0.14021174722850224,0.14021174722437918,0.1402117471989628,0.14021174708224007,0.1402117471989628,0.14021174722437918,0.14021174722850224,0.14021174721978105,0.1402117471989628,0.14021174721978105,0.14021174722850224,0.14021174723089183,0.14021174722850224,0.14021174722437918,0.14021174722850224,0.14021174723089183,0.1391353077141627,0.13913530772126226,0.1391353077268934,0.13913530772126226,0.1391353077141627,0.13913530772126226,0.1391353077321846,0.13913530774164365,0.1391353077321846,0.13913530772126226,0.1391353077268934,0.13913530774164365,0.139135307753432,0.13913530774164365,0.1391353077268934,0.13913530772126226,0.1391353077321846,0.13913530774164365,0.1391353077321846,0.13913530772126226,0.1391353077141627,0.13913530772126226,0.1391353077268934,0.13913530772126226,0.1391353077141627,0.1380798043757565,0.1380798043973657,0.13807980441903508,0.1380798043973657,0.1380798043757565,0.1380798043973657,0.13807980444096365,0.1380798045006467,0.13807980444096365,0.1380798043973657,0.13807980441903508,0.1380798045006467,0.13807980466862024,0.1380798045006467,0.13807980441903508,0.1380798043973657,0.13807980444096365,0.1380798045006467,0.13807980444096365,0.1380798043973657,0.1380798043757565,0.1380798043973657,0.13807980441903508,0.1380798043973657,0.1380798043757565,0.13704476658076778,0.13704476661662304,0.13704476666009832,0.13704476661662304,0.13704476658076778,0.13704476661662304,0.13704476670517923,0.1370447668830051,0.13704476670517923,0.13704476661662304,0.13704476666009832,0.1370447668830051,0.13704476786865197,0.1370447668830051,0.13704476666009832,0.13704476661662304,0.13704476670517923,0.1370447668830051,0.13704476670517923,0.13704476661662304,0.13704476658076778,0.13704476661662304,0.13704476666009832,0.13704476661662304,0.13704476658076778,0.13602973320505296,0.13602973323010326,0.1360297332546247,0.13602973323010326,0.13602973320505296,0.13602973323010326,0.13602973327922396,0.1360297333449005,0.13602973327922396,0.13602973323010326,0.1360297332546247,0.1360297333449005,0.13602973352711903,0.1360297333449005,0.1360297332546247,0.13602973323010326,0.13602973327922396,0.1360297333449005,0.13602973327922396,0.13602973323010326,0.13602973320505296,0.13602973323010326,0.1360297332546247,0.13602973323010326,0.13602973320505296,0.13503425269204988,0.13503425270774205,0.13503425272069558,0.13503425270774205,0.13503425269204988,0.13503425270774205,0.13503425273298872,0.1350342527580143,0.13503425273298872,0.13503425270774205,0.13503425272069558,0.1350342527580143,0.1350342528035126,0.1350342527580143,0.13503425272069558,0.13503425270774205,0.13503425273298872,0.1350342527580143,0.13503425273298872,0.13503425270774205,0.13503425269204988,0.13503425270774205,0.13503425272069558,0.13503425270774205,0.13503425269204988
0.16533248755747162,0.16533248755747162,0.16533248755747162,0.16533248755747162,0.16533248755747162,0.16533248755747162,0.16533248755747162,0.1653324875574714,0.16533248755747162,0.16533248755747162,0.16533248755747162,0.1653324875574714,0.1653324875574714,0.1653324875574714,0.16533248755747162,0.16533248755747162,0.16533248755747162,0.1653324875574714,0.16533248755747162,0.16533248755747162,0.16533248755747162,0.16533248755747162,0.16533248755747162,0.16533248755747162,0.16533248755747162,0.16375749384323146,0.1637574938432312,0.1637574938432312,0.1637574938432312,0.16375749384323146,0.1637574938432312,0.1637574938432312,0.163757493843231,0.163757493843231,0.1637574938432312,0.1637574938432312,0.163757493843231,0.163757493843231,0.163757493843231,0.1637574938432312,0.1637574938432312,0.163757493843231,0.163757493843231,0.1637574938432312,0.1637574938432312,0.16375749384323146,0.1637574938432312,0.1637574938432312,0.1637574938432312,0.16375749384323146,0.1622138840608165,0.16221388406081627,0.16221388406081602,0.16221388406081627,0.1622138840608165,0.16221388406081627,0.16221388406081577,0.16221388406081558,0.16221388406081577,0.16221388406081627,0.16221388406081602,0.16221388406081558,0.16221388406081536,0.16221388406081558,0.16221388406081602,0.16221388406081627,0.16221388406081577,0.16221388406081558,0.16221388406081577,0.16221388406081627,0.1622138840608165,0.16221388406081627,0.16221388406081602,0.16221388406081627,0.1622138840608165,0.16070106716726823,0.16070106716726712,0.16070106716726645,0.16070106716726712,0.16070106716726823,0.16070106716726712,0.160701067167266,0.16070106716726512,0.160701067167266,0.16070106716726712,0.16070106716726645,0.16070106716726512,0.16070106716726443,0.16070106716726512,0.16070106716726645,0.16070106716726712,0.160701067167266,0.16070106716726512,0.160701067167266,0.16070106716726712,0.16070106716726823,0.16070106716726712,0.16070106716726645,0.16070106716726712,0.16070106716726823,0.15921845153756653,0.15921845153756284,0.15921845153756067,0.15921845153756284,0.15921845153756653,0.15921845153756284,0.15921845153755892,0.15921845153755654,0.15921845153755892,0.15921845153756284,0.15921845153756067,0.15921845153755654,0.15921845153755412,0.15921845153755654,0.15921845153756067,0.15921845153756284,0.15921845153755892,0.15921845153755654,0.15921845153755915,0.15921845153756284,0.15921845153756653,0.15921845153756284,0.15921845153756067,0.15921845153756284,0.15921845153756653,0.15776544631648354,0.15776544631647224,0.15776544631646522,0.15776544631647224,0.15776544631648354,0.15776544631647224,0.1577654463164603,0.15776544631645262,0.1577654463164603,0.15776544631647224,0.15776544631646522,0.15776544631645262,0.15776544631644449,0.15776544631645262,0.15776544631646522,0.15776544631647224,0.1577654463164603,0.15776544631645262,0.1577654463164603,0.15776544631647224,0.15776544631648354,0.15776544631647224,0.15776544631646522,0.15776544631647224,0.15776544631648354,0.15634146263291418,0.15634146263287987,0.1563414626328581,0.15634146263287987,0.15634146263291418,0.15634146263287987,0.15634146263284224,0.15634146263281778,0.15634146263284224,0.15634146263287987,0.1563414626328581,0.15634146263281778,0.15634146263279122,0.15634146263281778,0.1563414626328581,0.15634146263287987,0.15634146263284224,0.15634146263281778,0.15634146263284224,0.15634146263287987,0.15634146263291418,0.15634146263287987,0.1563414626328581,0.15634146263287987,0.15634146263291418,0.15494591468695715,0.1549459146868549,0.1549459146867883,0.1549459146868549,0.15494591468695715,0.1549459146868549,0.15494591468673746,0.15494591468665816,0.15494591468673746,0.1549459146868549,0.1549459146867883,0.15494591468665816,0.15494591468656982,0.15494591468665816,0.1549459146867883,0.1549459146868549,0.15494591468673746,0.15494591468665816,0.15494591468673746,0.1549459146868549,0.15494591468695715,0.1549459146868549,0.1549459146867883,0.1549459146868549,0.15494591468695715,0.1535782207194825,0.15357822071918423,0.15357822071898442,0.15357822071918423,0.1535782207194825,0.15357822071918423,0.15357822071882132,0.15357822071856686,0.15357822071882132,0.15357822071918423,0.15357822071898442,0.15357822071856686,0.15357822071826718,0.15357822071856686,0.15357822071898442,0.15357822071918423,0.15357822071882132,0.15357822071856686,0.15357822071882132,0.15357822071918423,0.1535782207194825,0.15357822071918423,0.15357822071898442,0.15357822071918423,0.1535782207194825,0.15223780387340616,0.1522378038725654,0.15223780387197375,0.1522378038725654,0.15223780387340616,0.1522378038725654,0.15223780387146393,0.1522378038706307,0.15223780387146393,0.1522378038725654,0.15223780387197375,0.1522378038706307,0.15223780386955635,0.1522378038706307,0.15223780387197375,0.1522378038725654,0.15223780387146393,0.1522378038706307,0.15223780387146393,0.1522378038725654,0.15223780387340616,0.1522378038725654,0.15223780387197375,0.1522378038725654,0.15223780387340616,0.15092409295545434,0.15092409295320297,0.15092409295149564,0.15092409295320297,0.15092409295545434,0.15092409295320297,0.15092409294994186,0.15092409294715012,0.15092409294994186,0.15092409295320297,0.15092409295149564,0.15092409294715012,0.15092409294297204,0.15092409294715012,0.15092409295149564,0.15092409295320297,0.15092409294994186,0.15092409294715012,0.15092409294994186,0.15092409295320297,0.15092409295545434,0.15092409295320297,0.15092409295149564,0.15092409295320297,0.15092409295545434,0.14963652310684034,0.14963652310130718,0.1496365230966164,0.14963652310130718,0.14963652310684034,0.14963652310130718,0.14963652309211734,0.14963652308261946,0.14963652309211734,0.14963652310130718,0.1496365230966164,0.14963652308261946,0.14963652306454436,0.14963652308261946,0.1496365230966164,0.14963652310130718,0.14963652309211734,0.14963652308261946,0.14963652309211734,0.14963652310130718,0.14963652310684034,0.14963652310130718,0.1496365230966164,0.14963652310130718,0.14963652310684034,0.1483745363907981,0.14837453637911788,0.14837453636753345,0.14837453637911788,0.1483745363907981,0.14837453637911788,0.14837453635586859,0.14837453632433248,0.14837453635586859,0.14837453637911788,0.14837453636753345,0.14837453632433248,0.1483745362358977,0.14837453632433248,0.14837453636753345,0.14837453637911788,0.14837453635586859,0.14837453632433248,0.14837453635586859,0.14837453637911788,0.1483745363907981,0.14837453637911788,0.14837453636753345,0.14837453637911788,0.1483745363907981,0.1471375823030295,0.14713758228489232,0.14713758226307766,0.14713758228489232,0.1471375823030295,0.14713758228489232,0.1471375822404955,0.1471375821520029,0.1471375822404955,0.14713758228489232,0.14713758226307766,0.1471375821520029,0.14713758166287602,0.1471375821520029,0.14713758226307766,0.14713758228489232,0.1471375822404955,0.1471375821520029,0.1471375822404955,0.14713758228489232,0.1471375823030295,0.14713758228489232,0.14713758226307766,0.14713758228489232,0.1471375823030295,0.1459251182043269,0.1459251181918359,0.14592511817967196,0.1459251181918359,0.1459251182043269,0.1459251181918359,0.14592511816746445,0.14592511813552686,0.14592511816746445,0.1459251181918359,0.14592511817967196,0.14592511813552686,0.14592511805138392,0.14592511813552686,0.14592511817967196,0.1459251181918359,0.14592511816746445,0.14592511813552686,0.14592511816746445,0.1459251181918359,0.1459251182043269,0.1459251181918359,0.14592511817967196,0.1459251181918359,0.1459251182043269,0.14473660966835922,0.14473660966061253,0.14473660965385188,0.14473660966061253,0.14473660966835922,0.14473660966061253,0.1447366096473071,0.14473660963231014,0.1447366096473071,0.14473660966061253,0.14473660965385188,0.14473660963231014,0.1447366095939874,0.14473660963231014,0.14473660965385188,0.14473660966061253,0.1447366096473071,0.14473660963231014,0.1447366096473071,0.14473660966061253,0.14473660966835922,0.14473660966061253,0.14473660965385188,0.14473660966061253,0.14473660966835922,0.14357153082300098,0.14357153081677607,0.14357153081104138,0.14357153081677607,0.14357153082300098,0.14357153081677607,0.14357153080543658,0.14357153079045515,0.14357153080543658,0.14357153081677607,0.14357153081104138,0.14357153079045515,0.14357153073746182,0.14357153079045515,0.14357153081104138,0.14357153081677607,0.14357153080543658,0.14357153079045515,0.14357153080543658,0.14357153081677607,0.14357153082300098,0.14357153081677607,0.14357153081104138,0.14357153081677607,0.14357153082300098,0.1424293646165304,0.14242936461018804,0.14242936460369837,0.14242936461018804,0.1424293646165304,0.14242936461018804,0.1424293645971475,0.14242936457715852,0.1424293645971475,0.14242936461018804,0.14242936460369837,0.14242936457715852,0.1424293644963017,0.14242936457715852,0.14242936460369837,0.14242936461018804,0.1424293645971475,0.14242936457715852,0.1424293645971475,0.14242936461018804,0.1424293646165304,0.14242936461018804,0.14242936460369837,0.14242936461018804,0.1424293646165304,0.14130960302731665,0.14130960302137105,0.14130960301449702,0.14130960302137105,0.14130960302731665,0.14130960302137105,0.1413096030073311,0.14130960298270498,0.1413096030073311,0.14130960302137105,0.14130960301449702,0.14130960298270498,0.14130960287207855,0.14130960298270498,0.14130960301449702,0.14130960302137105,0.1413096030073311,0.14130960298270498,0.1413096030073311,0.14130960302137105,0.14130960302731665,0.14130960302137105,0.14130960301449702,0.14130960302137105,0.14130960302731665,0.1402117472283268,0.14021174722595736,0.14021174722186652,0.14021174722595736,0.1402117472283268,0.14021174722595736,0.14021174721730403,0.14021174719664253,0.14021174721730403,0.14021174722595736,0.14021174722186652,0.14021174719664253,0.14021174708078865,0.14021174719664253,0.14021174722186652,0.14021174722595736,0.14021174721730403,0.14021174719664253,0.14021174721730403,0.14021174722595736,0.1402117472283268,0.14021174722595736,0.14021174722186652,0.14021174722595736,0.1402117472283268,0.13913530771073387,0.13913530771780447,0.13913530772341445,0.13913530771780447,0.13913530771073387,0.13913530771780447,0.13913530772868624,0.13913530773811728,0.13913530772868624,0.13913530771780447,0.13913530772341445,0.13913530773811728,0.1391353077499009,0.13913530773811728,0.13913530772341445,0.13913530771780447,0.13913530772868624,0.13913530773811728,0.13913530772868624,0.13913530771780447,0.13913530771073387,0.13913530771780447,0.13913530772341445,0.13913530771780447,0.13913530771073387,0.1380798043715034,0.13807980439300857,0.13807980441457313,0.13807980439300857,0.1380798043715034,0.13807980439300857,0.1380798044363955,0.13807980449578813,0.1380798044363955,0.13807980439300857,0.13807980441457313,0.13807980449578813,0.1380798046629392,0.13807980449578813,0.13807980441457313,0.13807980439300857,0.1380798044363955,0.13807980449578813,0.1380798044363955,0.13807980439300857,0.1380798043715034,0.13807980439300857,0.13807980441457313,0.13807980439300857,0.1380798043715034,0.1370447665758841,0.13704476661156284,0.1370447666548234,0.13704476661156284,0.1370447665758841,0.13704476661156284,0.13704476669968177,0.137044766876627,0.1370447666996816,0.13704476661156284,0.1370447666548234,0.137044766876627,0.13704476785739186,0.137044766876627,0.1370447666548234,0.13704476661156284,0.1370447666996816,0.137044766876627,0.1370447666996816,0.13704476661156284,0.1370447665758841,0.13704476661156284,0.1370447666548234,0.13704476661156284,0.1370447665758841,0.13602973319988346,0.13602973322481,0.13602973324921008,0.13602973322481,0.13602973319988346,0.13602973322481,0.13602973327368767,0.13602973333903887,0.13602973327368767,0.13602973322481,0.13602973324921008,0.13602973333903887,0.13602973352035408,0.13602973333903887,0.13602973324921008,0.13602973322481,0.13602973327368767,0.13602973333903887,0.13602973327368767,0.13602973322481,0.13602973319988346,0.13602973322481,0.13602973324921008,0.13602973322481,0.13602973319988346,0.13503425268683397,0.13503425270244848,0.13503425271533784,0.13503425270244848,0.13503425268683397,0.13503425270244848,0.13503425272757014,0.13503425275247172,0.13503425272757014,0.13503425270244848,0.13503425271533784,0.13503425275247172,0.13503425279774434,0.13503425275247172,0.13503425271533784,0.13503425270244848,0.13503425272757014,0.13503425275247172,0.13503425272757014,0.13503425270244848,0.13503425268683397,0.13503425270244848,0.13503425271533784,0.13503425270244848,0.13503425268683397
0.16533248756003988,0.16533248756003988,0.16533248756003988,0.16533248756003988,0.16533248756003988,0.16533248756003988,0.16533248756003988,0.16533248756003965,0.16533248756003988,0.16533248756003988,0.16533248756003988,0.16533248756003965,0.16533248756003965,0.16533248756003965,0.16533248756003988,0.16533248756003988,0.16533248756003988,0.16533248756003965,0.16533248756003988,0.16533248756003988,0.16533248756003988,0.16533248756003988,0.16533248756003988,0.16533248756003988,0.16533248756003988,0.16375749384575136,0.16375749384575136,0.16375749384575108,0.16375749384575136,0.16375749384575136,0.16375749384575136,0.16375749384575108,0.16375749384575108,0.16375749384575108,0.16375749384575136,0.16375749384575108,0.16375749384575108,0.16375749384575086,0.16375749384575108,0.16375749384575108,0.16375749384575136,0.16375749384575108,0.16375749384575108,0.16375749384575108,0.16375749384575136,0.16375749384575136,0.16375749384575136,0.16375749384575108,0.16375749384575136,0.16375749384575136,0.16221388406329157,0.16221388406329135,0.1622138840632911,0.16221388406329135,0.16221388406329157,0.16221388406329135,0.1622138840632909,0.16221388406329068,0.1622138840632909,0.16221388406329135,0.1622138840632911,0.16221388406329068,0.16221388406329043,0.16221388406329068,0.1622138840632911,0.16221388406329135,0.1622138840632909,0.16221388406329068,0.1622138840632909,0.16221388406329135,0.16221388406329157,0.16221388406329135,0.1622138840632911,0.16221388406329135,0.16221388406329157,0.1607010671697017,0.16070106716970056,0.16070106716969967,0.16070106716970056,0.1607010671697017,0.16070106716970056,0.16070106716969923,0.1607010671696986,0.16070106716969923,0.16070106716970056,0.16070106716969967,0.1607010671696986,0.16070106716969768,0.1607010671696986,0.16070106716969967,0.16070106716970056,0.16070106716969923,0.1607010671696986,0.16070106716969923,0.16070106716970056,0.1607010671697017,0.16070106716970056,0.16070106716969967,0.16070106716970056,0.1607010671697017,0.15921845153996164,0.15921845153995795,0.15921845153995554,0.15921845153995795,0.15921845153996164,0.15921845153995795,0.15921845153995404,0.15921845153995165,0.15921845153995404,0.15921845153995795,0.15921845153995554,0.15921845153995165,0.15921845153994924,0.15921845153995165,0.15921845153995554,0.15921845153995795,0.15921845153995404,0.15921845153995165,0.15921845153995404,0.15921845153995795,0.15921845153996164,0.15921845153995795,0.15921845153995554,0.15921845153995795,0.15921845153996142,0.1577654463188434,0.15776544631883233,0.15776544631882528,0.15776544631883233,0.1577654463188434,0.15776544631883233,0.15776544631882036,0.15776544631881267,0.15776544631882036,0.15776544631883233,0.15776544631882528,0.15776544631881267,0.1577654463188048,0.15776544631881267,0.15776544631882528,0.15776544631883233,0.15776544631882036,0.15776544631881267,0.15776544631882036,0.15776544631883233,0.1577654463188434,0.15776544631883233,0.15776544631882528,0.15776544631883233,0.1577654463188434,0.15634146263524196,0.15634146263520807,0.15634146263518656,0.15634146263520807,0.15634146263524196,0.15634146263520807,0.15634146263517085,0.1563414626351466,0.15634146263517085,0.15634146263520807,0.15634146263518656,0.1563414626351466,0.15634146263512044,0.1563414626351466,0.15634146263518656,0.15634146263520807,0.15634146263517085,0.1563414626351466,0.15634146263517085,0.15634146263520807,0.15634146263524196,0.15634146263520807,0.15634146263518656,0.15634146263520807,0.15634146263524196,0.15494591468925548,0.15494591468915422,0.15494591468908844,0.15494591468915422,0.15494591468925548,0.15494591468915422,0.154945914689038,0.15494591468895955,0.154945914689038,0.15494591468915422,0.15494591468908844,0.15494591468895955,0.15494591468887184,0.15494591468895955,0.15494591468908844,0.15494591468915422,0.154945914689038,0.15494591468895955,0.154945914689038,0.15494591468915422,0.15494591468925548,0.15494591468915422,0.15494591468908844,0.15494591468915422,0.15494591468925548,0.15357822072175284,0.1535782207214572,0.15357822072125896,0.1535782207214572,0.15357822072175284,0.1535782207214572,0.1535782207210977,0.1535782207208452,0.1535782207210977,0.1535782207214572,0.15357822072125896,0.1535782207208452,0.1535782207205482,0.1535782207208452,0.15357822072125896,0.1535782207214572,0.1535782207210977,0.1535782207208452,0.1535782207210977,0.1535782207214572,0.15357822072175284,0.1535782207214572,0.15357822072125896,0.1535782207214572,0.15357822072175284,0.15223780387564598,0.15223780387481217,0.15223780387422536,0.15223780387481217,0.15223780387564598,0.15223780387481217,0.1522378038737201,0.15223780387289396,0.1522378038737201,0.15223780387481217,0.15223780387422536,0.15223780387289396,0.15223780387182886,0.15223780387289396,0.15223780387422536,0.15223780387481217,0.1522378038737201,0.15223780387289396,0.1522378038737201,0.15223780387481217,0.15223780387564598,0.15223780387481217,0.15223780387422536,0.15223780387481217,0.15223780387564598,0.15092409295765133,0.15092409295541867,0.1509240929537256,0.15092409295541867,0.15092409295765133,0.15092409295541867,0.15092409295218492,0.1509240929494173,0.15092409295218492,0.15092409295541867,0.1509240929537256,0.1509240929494173,0.1509240929452755,0.1509240929494173,0.1509240929537256,0.15092409295541867,0.15092409295218492,0.1509240929494173,0.15092409295218492,0.15092409295541867,0.15092409295765133,0.15092409295541867,0.1509240929537256,0.15092409295541867,0.15092409295765133,0.1496365231089579,0.14963652310347011,0.14963652309881847,0.14963652310347011,0.1496365231089579,0.14963652310347011,0.14963652309435702,0.14963652308494063,0.14963652309435702,0.14963652310347011,0.14963652309881847,0.14963652308494063,0.14963652306702419,0.14963652308494063,0.14963652309881847,0.14963652310347011,0.14963652309435702,0.14963652308494063,0.14963652309435702,0.14963652310347011,0.1496365231089579,0.14963652310347011,0.14963652309881847,0.14963652310347011,0.1496365231089579,0.14837453639274367,0.14837453638115614,0.14837453636966677,0.14837453638115614,0.14837453639274367,0.14837453638115614,0.1483745363580983,0.1483745363268322,0.1483745363580983,0.14837453638115614,0.14837453636966677,0.1483745363268322,0.148374536239181,0.1483745363268322,0.14837453636966677,0.14837453638115614,0.1483745363580983,0.1483745363268322,0.1483745363580983,0.14837453638115614,0.14837453639274367,0.14837453638115614,0.14837453636966677,0.14837453638115614,0.14837453639274367,0.14713758230461046,0.1471375822866057,0.1471375822649607,0.1471375822866057,0.14713758230461046,0.1471375822866057,0.14713758224255533,0.1471375821548066,0.14713758224255533,0.1471375822866057,0.1471375822649607,0.1471375821548066,0.147137581670042,0.1471375821548066,0.1471375822649607,0.1471375822866057,0.14713758224255533,0.1471375821548066,0.14713758224255533,0.1471375822866057,0.14713758230461046,0.1471375822866057,0.1471375822649607,0.1471375822866057,0.14713758230461046,0.14592511820526533,0.14592511819282436,0.14592511818070067,0.14592511819282436,0.14592511820526533,0.14592511819282436,0.14592511816853213,0.14592511813663195,0.14592511816853213,0.14592511819282436,0.14592511818070067,0.14592511813663195,0.14592511805204952,0.14592511813663195,0.14592511818070067,0.14592511819282436,0.14592511816853213,0.14592511813663195,0.14592511816853213,0.14592511819282436,0.14592511820526533,0.14592511819282436,0.14592511818070067,0.14592511819282436,0.14592511820526533,0.1447366096685425,0.1447366096607944,0.14473660965401855,0.1447366096607944,0.1447366096685425,0.1447366096607944,0.14473660964745516,0.1447366096323428,0.14473660964745516,0.1447366096607944,0.14473660965401855,0.1447366096323428,0.14473660959327347,0.1447366096323428,0.14473660965401855,0.1447366096607944,0.14473660964745516,0.1447366096323428,0.14473660964745516,0.1447366096607944,0.1447366096685425,0.1447366096607944,0.14473660965401855,0.1447366096607944,0.1447366096685425,0.1435715308224209,0.14357153081618862,0.14357153081044044,0.14357153081618862,0.1435715308224209,0.14357153081618862,0.14357153080482024,0.1435715307897722,0.14357153080482024,0.14357153081618862,0.14357153081044044,0.1435715307897722,0.14357153073645326,0.1435715307897722,0.14357153081044044,0.14357153081618862,0.14357153080482024,0.1435715307897722,0.14357153080482024,0.14357153081618862,0.1435715308224209,0.14357153081618862,0.14357153081044044,0.14357153081618862,0.1435715308224209,0.1424293646151894,0.14242936460885525,0.14242936460237432,0.14242936460885525,0.1424293646151894,0.14242936460885525,0.14242936459583216,0.14242936457587133,0.14242936459583216,0.14242936460885525,0.14242936460237432,0.14242936457587133,0.14242936449513632,0.14242936457587133,0.14242936460237432,0.14242936460885525,0.14242936459583216,0.14242936457587133,0.14242936459583216,0.14242936460885525,0.1424293646151894,0.14242936460885525,0.14242936460237432,0.14242936460885525,0.1424293646151894,0.14130960302518436,0.14130960301926146,0.1413096030124167,0.14130960301926146,0.14130960302518436,0.14130960301926146,0.14130960300528186,0.14130960298077233,0.14130960300528186,0.14130960301926146,0.1413096030124167,0.14130960298077233,0.1413096028707033,0.14130960298077233,0.1413096030124167,0.14130960301926146,0.14130960300528186,0.14130960298077233,0.14130960300528186,0.14130960301926146,0.14130960302518436,0.14130960301926146,0.1413096030124167,0.14130960301926146,0.14130960302518436,0.14021174722534122,0.14021174722298707,0.14021174721892332,0.14021174722298707,0.14021174722534122,0.14021174722298707,0.14021174721439117,0.14021174719387108,0.14021174721439117,0.14021174722298707,0.14021174721892332,0.14021174719387108,0.14021174707884262,0.14021174719387108,0.14021174721892332,0.14021174722298707,0.14021174721439117,0.14021174719387108,0.14021174721439117,0.14021174722298707,0.14021174722534122,0.14021174722298707,0.14021174721892332,0.14021174722298707,0.14021174722534122,0.13913530770684704,0.13913530771388521,0.13913530771947066,0.13913530771388521,0.13913530770684704,0.13913530771388521,0.13913530772472,0.13913530773411611,0.13913530772472,0.13913530771388521,0.13913530771947066,0.13913530773411611,0.13913530774587918,0.13913530773411611,0.13913530771947066,0.13913530771388521,0.13913530772472,0.13913530773411611,0.13913530772472,0.13913530771388521,0.13913530770684704,0.13913530771388521,0.13913530771947066,0.13913530771388521,0.13913530770684704,0.13807980436676393,0.13807980438816153,0.13807980440961815,0.13807980438816153,0.13807980436676393,0.13807980438816153,0.13807980443133125,0.13807980449042512,0.13807980443133125,0.13807980438816153,0.13807980440961815,0.13807980449042512,0.13807980465673245,0.13807980449042512,0.13807980440961815,0.13807980438816153,0.13807980443133125,0.13807980449042512,0.13807980443133125,0.13807980438816153,0.13807980436676393,0.13807980438816153,0.13807980440961815,0.13807980438816153,0.13807980436676393,0.13704476657049594,0.13704476660599377,0.13704476664903464,0.13704476660599377,0.13704476657049594,0.13704476660599377,0.13704476669366508,0.13704476686971023,0.13704476669366508,0.13704476660599377,0.13704476664903464,0.13704476686971023,0.13704476784547484,0.13704476686971023,0.13704476664903464,0.13704476660599377,0.13704476669366508,0.13704476686971023,0.13704476669366508,0.13704476660599377,0.13704476657049594,0.13704476660599377,0.13704476664903464,0.13704476660599377,0.13704476657049594,0.13602973319420306,0.1360297332190029,0.1360297332432789,0.1360297332190029,0.13602973319420306,0.1360297332190029,0.136029733267632,0.13602973333265053,0.136029733267632,0.1360297332190029,0.1360297332432789,0.13602973333265053,0.13602973351304268,0.13602973333265053,0.1360297332432789,0.1360297332190029,0.136029733267632,0.13602973333265053,0.136029733267632,0.1360297332190029,0.13602973319420306,0.1360297332190029,0.1360297332432789,0.1360297332190029,0.13602973319420306,0.13503425268110944,0.13503425269664457,0.1350342527094684,0.13503425269664457,0.13503425268110944,0.13503425269664457,0.13503425272163827,0.13503425274641317,0.13503425272163827,0.13503425269664457,0.1350342527094684,0.13503425274641317,0.13503425279145537,0.13503425274641317,0.1350342527094684,0.13503425269664457,0.13503425272163827,0.13503425274641317,0.13503425272163827,0.13503425269664457,0.13503425268110944,0.13503425269664457,0.1350342527094684,0.13503425269664457,0.13503425268110944
0.16533248756288943,0.16533248756288918,0.16533248756288918,0.16533248756288918,0.16533248756288943,0.16533248756288918,0.16533248756288918,0.16533248756288918,0.16533248756288918,0.16533248756288918,0.16533248756288918,0.16533248756288918,0.16533248756288918,0.16533248756288918,0.16533248756288918,0.16533248756288918,0.16533248756288918,0.16533248756288918,0.16533248756288918,0.16533248756288918,0.16533248756288943,0.16533248756288918,0.16533248756288918,0.16533248756288918,0.16533248756288943,0.16375749384854646,0.16375749384854624,0.16375749384854624,0.16375749384854624,0.16375749384854646,0.16375749384854624,0.163757493848546,0.163757493848546,0.163757493848546,0.16375749384854624,0.16375749384854624,0.163757493848546,0.163757493848546,0.163757493848546,0.16375749384854624,0.16375749384854624,0.163757493848546,0.163757493848546,0.163757493848546,0.16375749384854624,0.16375749384854646,0.16375749384854624,0.16375749384854624,0.16375749384854624,0.16375749384854624,0.16221388406603482,0.1622138840660346,0.16221388406603435,0.1622138840660346,0.16221388406603482,0.1622138840660346,0.16221388406603413,0.1622138840660339,0.16221388406603413,0.1622138840660346,0.16221388406603435,0.1622138840660339,0.16221388406603368,0.1622138840660339,0.16221388406603435,0.1622138840660346,0.16221388406603413,0.1622138840660339,0.16221388406603413,0.1622138840660346,0.16221388406603482,0.1622138840660346,0.16221388406603435,0.1622138840660346,0.16221388406603482,0.16070106717239616,0.16070106717239507,0.16070106717239416,0.16070106717239507,0.16070106717239616,0.16070106717239507,0.16070106717239374,0.16070106717239308,0.16070106717239374,0.16070106717239507,0.16070106717239416,0.16070106717239308,0.16070106717239216,0.16070106717239308,0.16070106717239416,0.16070106717239507,0.16070106717239374,0.16070106717239308,0.16070106717239374,0.16070106717239507,0.16070106717239616,0.16070106717239507,0.16070106717239416,0.16070106717239507,0.16070106717239616,0.15921845154260997,0.15921845154260647,0.15921845154260428,0.15921845154260647,0.15921845154260997,0.15921845154260647,0.15921845154260278,0.1592184515426004,0.15921845154260278,0.15921845154260647,0.15921845154260428,0.1592184515426004,0.15921845154259798,0.1592184515426004,0.15921845154260428,0.15921845154260647,0.15921845154260278,0.1592184515426004,0.15921845154260278,0.15921845154260647,0.15921845154260997,0.15921845154260647,0.15921845154260428,0.15921845154260647,0.15921845154260997,0.15776544632144884,0.15776544632143774,0.1577654463214309,0.15776544632143774,0.15776544632144884,0.15776544632143774,0.15776544632142603,0.15776544632141856,0.15776544632142603,0.15776544632143774,0.1577654463214309,0.15776544632141856,0.15776544632141065,0.15776544632141856,0.1577654463214309,0.15776544632143774,0.15776544632142603,0.15776544632141856,0.15776544632142603,0.15776544632143774,0.15776544632144884,0.15776544632143774,0.1577654463214309,0.15776544632143774,0.15776544632144884,0.15634146263780688,0.1563414626377734,0.15634146263775206,0.1563414626377734,0.15634146263780688,0.1563414626377734,0.15634146263773638,0.15634146263771254,0.15634146263773638,0.1563414626377734,0.15634146263775206,0.15634146263771254,0.15634146263768683,0.15634146263771254,0.15634146263775206,0.1563414626377734,0.15634146263773638,0.15634146263771254,0.15634146263773638,0.1563414626377734,0.15634146263780688,0.1563414626377734,0.15634146263775206,0.1563414626377734,0.15634146263780688,0.15494591469178207,0.15494591469168187,0.1549459146916167,0.15494591469168187,0.15494591469178207,0.15494591469168187,0.1549459146915667,0.1549459146914894,0.1549459146915667,0.15494591469168187,0.1549459146916167,0.1549459146914894,0.15494591469140254,0.1549459146914894,0.1549459146916167,0.15494591469168187,0.1549459146915667,0.1549459146914894,0.1549459146915667,0.15494591469168187,0.15494591469178207,0.15494591469168187,0.1549459146916167,0.15494591469168187,0.15494591469178207,0.1535782207242415,0.15357822072394886,0.1535782207237524,0.15357822072394886,0.1535782207242415,0.15357822072394886,0.15357822072359295,0.1535782207233429,0.15357822072359295,0.15357822072394886,0.1535782207237524,0.1535782207233429,0.15357822072304866,0.1535782207233429,0.1535782207237524,0.15357822072394886,0.15357822072359295,0.1535782207233429,0.15357822072359295,0.15357822072394886,0.1535782207242415,0.15357822072394886,0.1535782207237524,0.15357822072394886,0.1535782207242415,0.15223780387809346,0.15223780387726754,0.15223780387668645,0.15223780387726754,0.15223780387809346,0.15223780387726754,0.1522378038761861,0.15223780387536803,0.1522378038761861,0.15223780387726754,0.15223780387668645,0.15223780387536803,0.15223780387431338,0.15223780387536803,0.15223780387668645,0.15223780387726754,0.1522378038761861,0.15223780387536803,0.1522378038761861,0.15223780387726754,0.15223780387809346,0.15223780387726754,0.15223780387668645,0.15223780387726754,0.15223780387809346,0.15092409296004333,0.1509240929578319,0.15092409295615486,0.1509240929578319,0.15092409296004333,0.1509240929578319,0.15092409295462905,0.15092409295188822,0.15092409295462905,0.1509240929578319,0.15092409295615486,0.15092409295188822,0.15092409294778752,0.15092409295188822,0.15092409295615486,0.1509240929578319,0.15092409295462905,0.15092409295188822,0.15092409295462905,0.1509240929578319,0.15092409296004333,0.1509240929578319,0.15092409295615486,0.1509240929578319,0.15092409296004333,0.1496365231112528,0.14963652310581588,0.14963652310120829,0.14963652310581588,0.1496365231112528,0.14963652310581588,0.14963652309678957,0.14963652308746492,0.14963652309678957,0.14963652310581588,0.14963652310120829,0.14963652308746492,0.14963652306972736,0.14963652308746492,0.14963652310120829,0.14963652310581588,0.14963652309678957,0.14963652308746492,0.14963652309678957,0.14963652310581588,0.1496365231112528,0.14963652310581588,0.14963652310120829,0.14963652310581588,0.1496365231112528,0.1483745363948368,0.14837453638335357,0.14837453637197098,0.14837453638335357,0.1483745363948368,0.14837453638335357,0.14837453636051093,0.14837453632954917,0.14837453636051093,0.14837453638335357,0.14837453637197098,0.14837453632954917,0.14837453624278216,0.14837453632954917,0.14837453637197098,0.14837453638335357,0.14837453636051093,0.14837453632954917,0.14837453636051093,0.14837453638335357,0.1483745363948368,0.14837453638335357,0.14837453637197098,0.14837453638335357,0.1483745363948368,0.14713758230628535,0.14713758228842863,0.14713758226697385,0.14713758228842863,0.14713758230628535,0.14713758228842863,0.14713758224476736,0.14713758215785627,0.14713758224476736,0.14713758228842863,0.14713758226697385,0.14713758215785627,0.1471375816780175,0.14713758215785627,0.14713758226697385,0.14713758228842863,0.14713758224476736,0.14713758215785627,0.14713758224476736,0.14713758228842863,0.14713758230628535,0.14713758228842863,0.14713758226697385,0.14713758228842863,0.14713758230628535,0.14592511820621068,0.14592511819382292,0.14592511818174145,0.14592511819382292,0.14592511820621068,0.14592511819382292,0.14592511816961387,0.14592511813774642,0.14592511816961387,0.14592511819382292,0.14592511818174145,0.14592511813774642,0.14592511805254096,0.14592511813774642,0.14592511818174145,0.14592511819382292,0.14592511816961387,0.14592511813774642,0.14592511816961387,0.14592511819382292,0.14592511820621068,0.14592511819382292,0.14592511818174145,0.14592511819382292,0.14592511820621068,0.14473660966863813,0.14473660966088325,0.14473660965408508,0.14473660966088325,0.14473660966863813,0.14473660966088325,0.14473660964749546,0.144736609632237,0.14473660964749546,0.14473660966088325,0.14473660965408508,0.144736609632237,0.14473660959229234,0.144736609632237,0.14473660965408508,0.14473660966088325,0.14473660964749546,0.144736609632237,0.14473660964749546,0.14473660966088325,0.14473660966863813,0.14473660966088325,0.14473660965408508,0.14473660966088325,0.14473660966863813,0.1435715308216685,0.14357153081542084,0.1435715308096502,0.14357153081542084,0.1435715308216685,0.14357153081542084,0.14357153080400523,0.14357153078886037,0.14357153080400523,0.14357153081542084,0.1435715308096502,0.14357153078886037,0.14357153073507822,0.14357153078886037,0.1435715308096502,0.14357153081542084,0.14357153080400523,0.14357153078886037,0.14357153080400523,0.14357153081542084,0.1435715308216685,0.14357153081542084,0.1435715308096502,0.14357153081542084,0.1435715308216685,0.14242936461360733,0.14242936460727368,0.14242936460079325,0.14242936460727368,0.14242936461360733,0.14242936460727368,0.14242936459425176,0.14242936457429378,0.14242936459425176,0.14242936460727368,0.14242936460079325,0.14242936457429378,0.14242936449357355,0.14242936457429378,0.14242936460079325,0.14242936460727368,0.14242936459425176,0.14242936457429378,0.14242936459425176,0.14242936460727368,0.14242936461360733,0.14242936460727368,0.14242936460079325,0.14242936460727368,0.14242936461360733,0.141309603022758,0.14130960301685136,0.14130960301002918,0.14130960301685136,0.141309603022758,0.14130960301685136,0.14130960300291898,0.14130960297850567,0.14130960300291898,0.14130960301685136,0.14130960301002918,0.14130960297850567,0.1413096028688958,0.14130960297850567,0.14130960301002918,0.14130960301685136,0.14130960300291898,0.14130960297850567,0.14130960300291898,0.14130960301685136,0.141309603022758,0.14130960301685136,0.14130960301002918,0.14130960301685136,0.141309603022758,0.14021174722202212,0.14021174721967816,0.14021174721563667,0.14021174721967816,0.14021174722202212,0.14021174721967816,0.14021174721112983,0.1402117471907355,0.14021174721112983,0.14021174721967816,0.14021174721563667,0.1402117471907355,0.14021174707646689,0.1402117471907355,0.14021174721563667,0.14021174721967816,0.14021174721112983,0.1402117471907355,0.14021174721112983,0.14021174721967816,0.14021174722202212,0.14021174721967816,0.14021174721563667,0.14021174721967816,0.14021174722202212,0.1391353077025976,0.13913530770959992,0.13913530771515786,0.13913530770959992,0.1391353077025976,0.13913530770959992,0.1391353077203817,0.1391353077297361,0.1391353077203817,0.13913530770959992,0.13913530771515786,0.1391353077297361,0.13913530774146277,0.1391353077297361,0.13913530771515786,0.13913530770959992,0.1391353077203817,0.1391353077297361,0.1391353077203817,0.13913530770959992,0.1391353077025976,0.13913530770959992,0.13913530771515786,0.13913530770959992,0.1391353077025976,0.1380798043616409,0.13807980438292733,0.13807980440427248,0.13807980438292733,0.1380798043616409,0.13807980438292733,0.138079804425873,0.13807980448466023,0.138079804425873,0.13807980438292733,0.13807980440427248,0.13807980448466023,0.1380798046501029,0.13807980448466023,0.13807980440427248,0.13807980438292733,0.138079804425873,0.13807980448466023,0.138079804425873,0.13807980438292733,0.1380798043616409,0.13807980438292733,0.13807980440427248,0.13807980438292733,0.1380798043616409,0.13704476656471035,0.13704476660002318,0.13704476664283932,0.13704476660002318,0.13704476656471035,0.13704476660002318,0.1370447666872368,0.1370447668623623,0.1370447666872368,0.13704476660002318,0.13704476664283932,0.1370447668623623,0.13704476783303216,0.1370447668623623,0.13704476664283932,0.13704476660002318,0.1370447666872368,0.1370447668623623,0.1370447666872368,0.13704476660002318,0.13704476656471035,0.13704476660002318,0.13704476664283932,0.13704476660002318,0.13704476656471035,0.1360297331881215,0.13602973321279185,0.13602973323694112,0.13602973321279185,0.1360297331881215,0.13602973321279185,0.13602973326116702,0.13602973332584578,0.13602973326116702,0.13602973321279185,0.13602973323694112,0.13602973332584578,0.13602973350529496,0.13602973332584578,0.13602973323694112,0.13602973321279185,0.13602973326116702,0.13602973332584578,0.13602973326116702,0.13602973321279185,0.1360297331881215,0.13602973321279185,0.13602973323694112,0.13602973321279185,0.1360297331881215,0.135034252674987,0.13503425269044095,0.1350342527031978,0.13503425269044095,0.135034252674987,0.13503425269044095,0.1350342527153042,0.1350342527399494,0.1350342527153042,0.13503425269044095,0.1350342527031978,0.1350342527399494,0.13503425278475628,0.1350342527399494,0.1350342527031978,0.13503425269044095,0.1350342527153042,0.1350342527399494,0.1350342527153042,0.13503425269044095,0.135034252674987,0.13503425269044095,0.1350342527031978,0.13503425269044095,0.135034252674987
0.16533248756598135,0.16533248756598135,0.16533248756598135,0.16533248756598135,0.16533248756598135,0.16533248756598135,0.16533248756598135,0.16533248756598135,0.16533248756598135,0.16533248756598135,0.16533248756598135,0.16533248756598135,0.16533248756598135,0.16533248756598135,0.16533248756598135,0.16533248756598135,0.16533248756598135,0.16533248756598135,0.16533248756598135,0.16533248756598135,0.16533248756598135,0.16533248756598135,0.16533248756598135,0.16533248756598135,0.16533248756598135,0.1637574938515789,0.16375749385157867,0.16375749385157867,0.16375749385157867,0.1637574938515789,0.16375749385157867,0.16375749385157867,0.16375749385157842,0.16375749385157867,0.16375749385157867,0.16375749385157867,0.16375749385157842,0.16375749385157842,0.16375749385157842,0.16375749385157867,0.16375749385157867,0.16375749385157867,0.16375749385157842,0.16375749385157867,0.16375749385157867,0.1637574938515789,0.16375749385157867,0.16375749385157867,0.16375749385157867,0.1637574938515789,0.16221388406901063,0.16221388406901016,0.16221388406900997,0.16221388406901016,0.16221388406901063,0.16221388406901016,0.16221388406900972,0.1622138840690095,0.16221388406900972,0.16221388406901016,0.16221388406900997,0.1622138840690095,0.16221388406900927,0.1622138840690095,0.16221388406900997,0.16221388406901016,0.16221388406900972,0.1622138840690095,0.16221388406900972,0.16221388406901016,0.16221388406901063,0.16221388406901016,0.16221388406900997,0.16221388406901016,0.16221388406901063,0.1607010671753177,0.16070106717531663,0.1607010671753157,0.16070106717531663,0.1607010671753177,0.16070106717531663,0.16070106717531527,0.1607010671753146,0.16070106717531527,0.16070106717531663,0.1607010671753157,0.1607010671753146,0.16070106717531393,0.1607010671753146,0.1607010671753157,0.16070106717531663,0.16070106717531527,0.1607010671753146,0.16070106717531527,0.16070106717531663,0.1607010671753177,0.16070106717531663,0.1607010671753157,0.16070106717531663,0.1607010671753177,0.15921845154548034,0.15921845154547662,0.15921845154547445,0.15921845154547662,0.15921845154548034,0.15921845154547662,0.15921845154547293,0.15921845154547057,0.15921845154547293,0.15921845154547662,0.15921845154547445,0.15921845154547057,0.15921845154546815,0.15921845154547057,0.15921845154547445,0.15921845154547662,0.15921845154547293,0.15921845154547057,0.15921845154547293,0.15921845154547662,0.15921845154548034,0.15921845154547662,0.15921845154547445,0.15921845154547662,0.15921845154548034,0.15776544632427045,0.15776544632425957,0.15776544632425274,0.15776544632425957,0.15776544632427045,0.15776544632425957,0.1577654463242478,0.15776544632424055,0.1577654463242478,0.15776544632425957,0.15776544632425274,0.15776544632424055,0.15776544632423264,0.15776544632424055,0.15776544632425274,0.15776544632425957,0.1577654463242478,0.15776544632424055,0.1577654463242478,0.15776544632425957,0.15776544632427045,0.15776544632425957,0.15776544632425274,0.15776544632425957,0.15776544632427045,0.15634146264058232,0.1563414626405493,0.15634146264052814,0.1563414626405493,0.15634146264058232,0.1563414626405493,0.1563414626405127,0.15634146264048907,0.1563414626405127,0.1563414626405493,0.15634146264052814,0.15634146264048907,0.15634146264046375,0.15634146264048907,0.15634146264052814,0.1563414626405493,0.1563414626405127,0.15634146264048907,0.1563414626405127,0.1563414626405493,0.15634146264058232,0.1563414626405493,0.15634146264052814,0.1563414626405493,0.15634146264058232,0.1549459146945134,0.1549459146944144,0.15494591469434987,0.1549459146944144,0.1549459146945134,0.1549459146944144,0.15494591469430047,0.15494591469422403,0.15494591469430047,0.1549459146944144,0.15494591469434987,0.15494591469422403,0.15494591469413838,0.15494591469422403,0.15494591469434987,0.1549459146944144,0.15494591469430047,0.15494591469422403,0.15494591469430047,0.1549459146944144,0.1549459146945134,0.1549459146944144,0.15494591469434987,0.1549459146944144,0.1549459146945134,0.15357822072692895,0.1535782207266395,0.1535782207264451,0.1535782207266395,0.15357822072692895,0.1535782207266395,0.15357822072628766,0.15357822072604022,0.15357822072628766,0.1535782207266395,0.1535782207264451,0.15357822072604022,0.1535782207257492,0.15357822072604022,0.1535782207264451,0.1535782207266395,0.15357822072628766,0.15357822072604022,0.15357822072628766,0.1535782207266395,0.15357822072692895,0.1535782207266395,0.1535782207264451,0.1535782207266395,0.15357822072692895,0.1522378038807329,0.1522378038799158,0.15223780387934105,0.1522378038799158,0.1522378038807329,0.1522378038799158,0.152237803878846,0.15223780387803698,0.152237803878846,0.1522378038799158,0.15223780387934105,0.15223780387803698,0.15223780387699373,0.15223780387803698,0.15223780387934105,0.1522378038799158,0.152237803878846,0.15223780387803698,0.152237803878846,0.1522378038799158,0.1522378038807329,0.1522378038799158,0.15223780387934105,0.1522378038799158,0.1522378038807329,0.15092409296261883,0.15092409296043052,0.1509240929587714,0.15092409296043052,0.15092409296261883,0.15092409296043052,0.1509240929572622,0.1509240929545513,0.1509240929572622,0.15092409296043052,0.1509240929587714,0.1509240929545513,0.15092409295049594,0.1509240929545513,0.1509240929587714,0.15092409296043052,0.1509240929572622,0.1509240929545513,0.1509240929572622,0.15092409296043052,0.15092409296261883,0.15092409296043052,0.1509240929587714,0.15092409296043052,0.15092409296261883,0.14963652311371733,0.14963652310833694,0.14963652310377812,0.14963652310833694,0.14963652311371733,0.14963652310833694,0.1496365230994067,0.14963652309018413,0.1496365230994067,0.14963652310833694,0.14963652310377812,0.14963652309018413,0.14963652307264547,0.14963652309018413,0.14963652310377812,0.14963652310833694,0.1496365230994067,0.14963652309018413,0.1496365230994067,0.14963652310833694,0.14963652311371733,0.14963652310833694,0.14963652310377812,0.14963652310833694,0.14963652311371733,0.14837453639707446,0.14837453638570672,0.14837453637444253,0.14837453638570672,0.14837453639707446,0.14837453638570672,0.14837453636310297,0.1483745363324794,0.14837453636310297,0.14837453638570672,0.14837453637444253,0.1483745363324794,0.14837453624669558,0.1483745363324794,0.14837453637444253,0.14837453638570672,0.14837453636310297,0.1483745363324794,0.14837453636310297,0.14837453638570672,0.14837453639707446,0.14837453638570672,0.14837453637444253,0.14837453638570672,0.14837453639707446,0.14713758230805593,0.14713758229036292,0.14713758226911866,0.14713758229036292,0.14713758230805593,0.14713758229036292,0.14713758224713236,0.1471375821611515,0.14713758224713236,0.14713758229036292,0.14713758226911866,0.1471375821611515,0.14713758168681768,0.1471375821611515,0.14713758226911866,0.14713758229036292,0.14713758224713236,0.1471375821611515,0.14713758224713236,0.14713758229036292,0.14713758230805593,0.14713758229036292,0.14713758226911866,0.14713758229036292,0.14713758230805593,0.1459251182071706,0.1459251181948395,0.14592511818280218,0.1459251181948395,0.1459251182071706,0.1459251181948395,0.14592511817071732,0.14592511813887837,0.14592511817071732,0.1459251181948395,0.14592511818280218,0.14592511813887837,0.14592511805303707,0.14592511813887837,0.14592511818280218,0.1459251181948395,0.14592511817071732,0.14592511813887837,0.14592511817071732,0.1459251181948395,0.1459251182071706,0.1459251181948395,0.14592511818280218,0.1459251181948395,0.1459251182071706,0.14473660966865942,0.1447366096608925,0.14473660965406482,0.1447366096608925,0.14473660966865942,0.1447366096608925,0.1447366096474415,0.1447366096320075,0.1447366096474415,0.1447366096608925,0.14473660965406482,0.1447366096320075,0.14473660959101758,0.1447366096320075,0.14473660965406482,0.1447366096608925,0.1447366096474415,0.1447366096320075,0.1447366096474415,0.1447366096608925,0.14473660966865942,0.1447366096608925,0.14473660965406482,0.1447366096608925,0.14473660966865942,0.1435715308207625,0.14357153081449153,0.14357153080868962,0.14357153081449153,0.1435715308207625,0.14357153081449153,0.14357153080301088,0.14357153078773907,0.14357153080301088,0.14357153081449153,0.14357153080868962,0.14357153078773907,0.14357153073336965,0.14357153078773907,0.14357153080868962,0.14357153081449153,0.14357153080301088,0.14357153078773907,0.14357153080301088,0.14357153081449153,0.1435715308207625,0.14357153081449153,0.14357153080868962,0.14357153081449153,0.1435715308207625,0.14242936461180786,0.14242936460546715,0.14242936459897917,0.14242936460546715,0.14242936461180786,0.14242936460546715,0.14242936459242997,0.14242936457245037,0.14242936459242997,0.14242936460546715,0.14242936459897917,0.14242936457245037,0.1424293644916543,0.14242936457245037,0.14242936459897917,0.14242936460546715,0.14242936459242997,0.14242936457245037,0.14242936459242997,0.14242936460546715,0.14242936461180786,0.14242936460546715,0.14242936459897917,0.14242936460546715,0.14242936461180786,0.14130960302006554,0.14130960301416862,0.1413096030073625,0.14130960301416862,0.14130960302006554,0.14130960301416862,0.14130960300027026,0.14130960297593378,0.14130960300027026,0.14130960301416862,0.1413096030073625,0.14130960297593378,0.14130960286672256,0.14130960297593378,0.1413096030073625,0.14130960301416862,0.14130960300027026,0.14130960297593378,0.14130960300027026,0.14130960301416862,0.14130960302006554,0.14130960301416862,0.1413096030073625,0.14130960301416862,0.14130960302006554,0.14021174721840104,0.14021174721606236,0.14021174721203816,0.14021174721606236,0.14021174721840104,0.14021174721606236,0.14021174720755145,0.14021174718726812,0.14021174720755145,0.14021174721606236,0.14021174721203816,0.14021174718726812,0.14021174707369222,0.14021174718726812,0.14021174721203816,0.14021174721606236,0.14021174720755145,0.14021174718726812,0.14021174720755145,0.14021174721606236,0.14021174721840104,0.14021174721606236,0.14021174721203816,0.14021174721606236,0.14021174721840104,0.13913530769802027,0.13913530770498306,0.13913530771051033,0.13913530770498306,0.13913530769802027,0.13913530770498306,0.13913530771570587,0.13913530772501156,0.13913530771570587,0.13913530770498306,0.13913530771051033,0.13913530772501156,0.13913530773668686,0.13913530772501156,0.13913530771051033,0.13913530770498306,0.13913530771570587,0.13913530772501156,0.13913530771570587,0.13913530770498306,0.13913530769802027,0.13913530770498306,0.13913530771051033,0.13913530770498306,0.13913530769802027,0.1380798043561709,0.13807980437734274,0.1380798043985733,0.13807980437734274,0.1380798043561709,0.13807980437734274,0.13807980442005788,0.13807980447853035,0.13807980442005788,0.13807980437734274,0.1380798043985733,0.13807980447853035,0.13807980464308772,0.13807980447853035,0.1380798043985733,0.13807980437734274,0.13807980442005788,0.13807980447853035,0.13807980442005788,0.13807980437734274,0.1380798043561709,0.13807980437734274,0.1380798043985733,0.13807980437734274,0.1380798043561709,0.1370447665585663,0.13704476659368964,0.13704476663627618,0.13704476659368964,0.1370447665585663,0.13704476659368964,0.13704476668043547,0.13704476685462208,0.13704476668043547,0.13704476659368964,0.13704476663627618,0.13704476685462208,0.13704476782008565,0.13704476685462208,0.13704476663627618,0.13704476659368964,0.13704476668043547,0.13704476685462208,0.13704476668043547,0.13704476659368964,0.1370447665585663,0.13704476659368964,0.13704476663627618,0.13704476659368964,0.1370447665585663,0.13602973318167844,0.13602973320621645,0.13602973323023612,0.13602973320621645,0.13602973318167844,0.13602973320621645,0.13602973325433215,0.13602973331866408,0.13602973325433215,0.13602973320621645,0.13602973323023612,0.13602973331866408,0.13602973349715092,0.13602973331866408,0.13602973323023612,0.13602973320621645,0.13602973325433215,0.13602973331866408,0.13602973325433215,0.13602973320621645,0.13602973318167844,0.13602973320621645,0.13602973323023612,0.13602973320621645,0.13602973318167844,0.135034252668506,0.13503425268387717,0.13503425269656558,0.13503425268387717,0.135034252668506,0.13503425268387717,0.1350342527086069,0.13503425273312003,0.1350342527086069,0.13503425268387717,0.13503425269656558,0.13503425273312003,0.13503425277768652,0.13503425273312003,0.13503425269656558,0.13503425268387717,0.1350342527086069,0.13503425273312003,0.1350342527086069,0.13503425268387717,0.135034252668506,0.13503425268387717,0.13503425269656558,0.13503425268387717,0.135034252668506
0.1653324875693017,0.16533248756930147,0.16533248756930147,0.16533248756930147,0.1653324875693017,0.16533248756930147,0.16533248756930147,0.16533248756930147,0.16533248756930147,0.16533248756930147,0.16533248756930147,0.16533248756930147,0.16533248756930147,0.16533248756930147,0.16533248756930147,0.16533248756930147,0.16533248756930147,0.16533248756930147,0.16533248756930147,0.16533248756930147,0.1653324875693017,0.16533248756930147,0.16533248756930147,0.16533248756930147,0.1653324875693017,0.16375749385483473,0.16375749385483473,0.1637574938548345,0.16375749385483473,0.16375749385483473,0.16375749385483473,0.1637574938548345,0.1637574938548345,0.1637574938548345,0.16375749385483473,0.1637574938548345,0.1637574938548345,0.16375749385483426,0.1637574938548345,0.1637574938548345,0.16375749385483473,0.1637574938548345,0.1637574938548345,0.1637574938548345,0.16375749385483473,0.16375749385483473,0.16375749385483473,0.1637574938548345,0.16375749385483473,0.16375749385483473,0.16221388407220494,0.16221388407220452,0.16221388407220427,0.16221388407220452,0.16221388407220494,0.16221388407220452,0.16221388407220427,0.16221388407220405,0.16221388407220427,0.16221388407220452,0.16221388407220427,0.16221388407220405,0.1622138840722038,0.16221388407220405,0.16221388407220427,0.16221388407220452,0.16221388407220427,0.16221388407220405,0.16221388407220427,0.16221388407220452,0.16221388407220494,0.16221388407220452,0.16221388407220427,0.16221388407220452,0.16221388407220494,0.16070106717845342,0.1607010671784523,0.16070106717845165,0.1607010671784523,0.16070106717845342,0.1607010671784523,0.16070106717845117,0.16070106717845029,0.16070106717845117,0.1607010671784523,0.16070106717845165,0.16070106717845029,0.16070106717844962,0.16070106717845029,0.16070106717845165,0.1607010671784523,0.16070106717845117,0.16070106717845029,0.16070106717845117,0.1607010671784523,0.16070106717845342,0.1607010671784523,0.16070106717845165,0.1607010671784523,0.16070106717845342,0.15921845154855996,0.15921845154855646,0.15921845154855427,0.15921845154855646,0.15921845154855996,0.15921845154855646,0.15921845154855274,0.15921845154855058,0.15921845154855274,0.15921845154855646,0.15921845154855427,0.15921845154855058,0.1592184515485482,0.15921845154855058,0.15921845154855427,0.15921845154855646,0.15921845154855274,0.15921845154855058,0.15921845154855274,0.15921845154855646,0.15921845154855996,0.15921845154855646,0.15921845154855427,0.15921845154855646,0.15921845154855996,0.15776544632729705,0.15776544632728617,0.15776544632727935,0.15776544632728617,0.15776544632729705,0.15776544632728617,0.15776544632727466,0.15776544632726738,0.15776544632727466,0.15776544632728617,0.15776544632727935,0.15776544632726738,0.15776544632725972,0.15776544632726738,0.15776544632727935,0.15776544632728617,0.15776544632727466,0.15776544632726738,0.15776544632727466,0.15776544632728617,0.15776544632729705,0.15776544632728617,0.15776544632727935,0.15776544632728617,0.15776544632729705,0.15634146264355814,0.1563414626435255,0.15634146264350457,0.1563414626435255,0.15634146264355814,0.1563414626435255,0.15634146264348953,0.15634146264346613,0.15634146264348953,0.1563414626435255,0.15634146264350457,0.15634146264346613,0.15634146264344104,0.15634146264346613,0.15634146264350457,0.1563414626435255,0.15634146264348953,0.15634146264346613,0.15634146264348953,0.1563414626435255,0.15634146264355814,0.1563414626435255,0.15634146264350457,0.1563414626435255,0.15634146264355814,0.15494591469744046,0.1549459146973425,0.15494591469727875,0.1549459146973425,0.15494591469744046,0.1549459146973425,0.1549459146972302,0.1549459146971548,0.1549459146972302,0.1549459146973425,0.15494591469727875,0.1549459146971548,0.15494591469707014,0.1549459146971548,0.15494591469727875,0.1549459146973425,0.1549459146972302,0.1549459146971548,0.1549459146972302,0.1549459146973425,0.15494591469744046,0.1549459146973425,0.15494591469727875,0.1549459146973425,0.15494591469744046,0.15357822072980704,0.15357822072952104,0.15357822072932922,0.15357822072952104,0.15357822072980704,0.15357822072952104,0.1535782207291738,0.15357822072892915,0.1535782207291738,0.15357822072952104,0.15357822072932922,0.15357822072892915,0.15357822072864175,0.15357822072892915,0.15357822072932922,0.15357822072952104,0.1535782207291738,0.15357822072892915,0.1535782207291738,0.15357822072952104,0.15357822072980704,0.15357822072952104,0.15357822072932922,0.15357822072952104,0.15357822072980704,0.15223780388355734,0.1522378038827501,0.15223780388218203,0.1522378038827501,0.15223780388355734,0.1522378038827501,0.15223780388169306,0.1522378038808937,0.15223780388169306,0.1522378038827501,0.15223780388218203,0.1522378038808937,0.15223780387986344,0.1522378038808937,0.15223780388218203,0.1522378038827501,0.15223780388169306,0.1522378038808937,0.15223780388169306,0.1522378038827501,0.15223780388355734,0.1522378038827501,0.15223780388218203,0.1522378038827501,0.15223780388355734,0.15092409296537196,0.15092409296320933,0.15092409296156992,0.15092409296320933,0.15092409296537196,0.15092409296320933,0.15092409296007864,0.15092409295740072,0.15092409296007864,0.15092409296320933,0.15092409296156992,0.15092409295740072,0.15092409295339532,0.15092409295740072,0.15092409296156992,0.15092409296320933,0.15092409296007864,0.15092409295740072,0.15092409296007864,0.15092409296320933,0.15092409296537196,0.15092409296320933,0.15092409296156992,0.15092409296320933,0.15092409296537196,0.14963652311634787,0.14963652311102948,0.1496365231065242,0.14963652311102948,0.14963652311634787,0.14963652311102948,0.14963652310220474,0.14963652309309414,0.14963652310220474,0.14963652311102948,0.1496365231065242,0.14963652309309414,0.14963652307577405,0.14963652309309414,0.1496365231065242,0.14963652311102948,0.14963652310220474,0.14963652309309414,0.14963652310220474,0.14963652311102948,0.14963652311634787,0.14963652311102948,0.1496365231065242,0.14963652311102948,0.14963652311634787,0.14837453639945464,0.1483745363882133,0.14837453637707923,0.1483745363882133,0.14837453639945464,0.1483745363882133,0.14837453636587178,0.14837453633561964,0.14837453636587178,0.1483745363882133,0.14837453637707923,0.14837453633561964,0.14837453625091646,0.14837453633561964,0.14837453637707923,0.1483745363882133,0.14837453636587178,0.14837453633561964,0.14837453636587178,0.1483745363882133,0.14837453639945464,0.1483745363882133,0.14837453637707923,0.1483745363882133,0.14837453639945464,0.14713758230992247,0.14713758229240817,0.14713758227139465,0.14713758229240817,0.14713758230992247,0.14713758229240817,0.14713758224964976,0.14713758216469003,0.14713758224964976,0.14713758229240817,0.14713758227139465,0.14713758216469003,0.14713758169639612,0.14713758216469003,0.14713758227139465,0.14713758229240817,0.14713758224964976,0.14713758216469003,0.14713758224964976,0.14713758229240817,0.14713758230992247,0.14713758229240817,0.14713758227139465,0.14713758229240817,0.14713758230992247,0.14592511820814766,0.14592511819587634,0.14592511818388534,0.14592511819587634,0.14592511820814766,0.14592511819587634,0.1459251181718452,0.14592511814003048,0.1459251181718452,0.14592511819587634,0.14592511818388534,0.14592511814003048,0.14592511805340191,0.14592511814003048,0.14592511818388534,0.14592511819587634,0.1459251181718452,0.14592511814003048,0.1459251181718452,0.14592511819587634,0.14592511820814766,0.14592511819587634,0.14592511818388534,0.14592511819587634,0.14592511820814766,0.14473660966861163,0.14473660966082758,0.14473660965396357,0.14473660966082758,0.14473660966861163,0.14473660966082758,0.14473660964729926,0.14473660963165993,0.14473660964729926,0.14473660966082758,0.14473660965396357,0.14473660963165993,0.14473660958949378,0.14473660963165993,0.14473660965396357,0.14473660966082758,0.14473660964729926,0.14473660963165993,0.14473660964729926,0.14473660966082758,0.14473660966861163,0.14473660966082758,0.14473660965396357,0.14473660966082758,0.14473660966861163,0.14357153081971047,0.14357153081340854,0.1435715308075666,0.14357153081340854,0.14357153081971047,0.14357153081340854,0.1435715308018453,0.14357153078641705,0.1435715308018453,0.14357153081340854,0.1435715308075666,0.14357153078641705,0.14357153073131781,0.14357153078641705,0.1435715308075666,0.14357153081340854,0.1435715308018453,0.14357153078641705,0.1435715308018453,0.14357153081340854,0.14357153081971047,0.14357153081340854,0.1435715308075666,0.14357153081340854,0.14357153081971047,0.14242936460980085,0.14242936460344524,0.14242936459694217,0.14242936460344524,0.14242936460980085,0.14242936460344524,0.14242936459037736,0.1424293645703513,0.14242936459037736,0.14242936460344524,0.14242936459694217,0.1424293645703513,0.1424293644893779,0.1424293645703513,0.14242936459694217,0.14242936460344524,0.14242936459037736,0.1424293645703513,0.14242936459037736,0.14242936460344524,0.14242936460980085,0.14242936460344524,0.14242936459694217,0.14242936460344524,0.14242936460980085,0.14130960301711862,0.141309603011225,0.14130960300442863,0.141309603011225,0.14130960301711862,0.141309603011225,0.14130960299734788,0.14130960297306844,0.14130960299734788,0.141309603011225,0.14130960300442863,0.14130960297306844,0.14130960286419028,0.14130960297306844,0.14130960300442863,0.141309603011225,0.14130960299734788,0.14130960297306844,0.14130960299734788,0.141309603011225,0.14130960301711862,0.141309603011225,0.14130960300442863,0.141309603011225,0.14130960301711862,0.14021174721449095,0.14021174721215282,0.14021174720814067,0.14021174721215282,0.14021174721449095,0.14021174721215282,0.1402117472036696,0.14021174718348203,0.1402117472036696,0.14021174721215282,0.14021174720814067,0.14021174718348203,0.1402117470705039,0.14021174718348203,0.14021174720814067,0.14021174721215282,0.1402117472036696,0.14021174718348203,0.1402117472036696,0.14021174721215282,0.14021174721449095,0.14021174721215282,0.14021174720814067,0.14021174721215282,0.14021174721449095,0.13913530769312926,0.139135307700049,0.1391353077055426,0.139135307700049,0.13913530769312926,0.139135307700049,0.1391353077107067,0.1391353077199572,0.1391353077107067,0.139135307700049,0.1391353077055426,0.1391353077199572,0.13913530773156593,0.1391353077199572,0.1391353077055426,0.139135307700049,0.1391353077107067,0.1391353077199572,0.1391353077107067,0.139135307700049,0.13913530769312926,0.139135307700049,0.1391353077055426,0.139135307700049,0.13913530769312926,0.1380798043503691,0.13807980437142278,0.1380798043925357,0.13807980437142278,0.1380798043503691,0.13807980437142278,0.1380798044139012,0.138079804472051,0.1380798044139012,0.13807980437142278,0.1380798043925357,0.138079804472051,0.13807980463570232,0.138079804472051,0.1380798043925357,0.13807980437142278,0.1380798044139012,0.138079804472051,0.1380798044139012,0.13807980437142278,0.1380798043503691,0.13807980437142278,0.1380798043925357,0.13807980437142278,0.1380798043503691,0.13704476655207917,0.13704476658700887,0.1370447666293608,0.13704476658700887,0.13704476655207917,0.13704476658700887,0.13704476667327714,0.13704476684650557,0.13704476667327714,0.13704476658700887,0.1370447666293608,0.13704476684650557,0.13704476780666708,0.13704476684650557,0.1370447666293608,0.13704476658700887,0.13704476667327714,0.13704476684650557,0.13704476667327714,0.13704476658700887,0.13704476655207917,0.13704476658700887,0.1370447666293608,0.13704476658700887,0.13704476655207917,0.13602973317488948,0.13602973319929254,0.13602973322317996,0.13602973319929254,0.13602973317488948,0.13602973319929254,0.13602973324714343,0.1360297333111214,0.13602973324714343,0.13602973319929254,0.13602973322317996,0.1360297333111214,0.13602973348862665,0.1360297333111214,0.13602973322317996,0.13602973319929254,0.13602973324714343,0.1360297333111214,0.13602973324714343,0.13602973319929254,0.13602973317488948,0.13602973319929254,0.13602973322317996,0.13602973319929254,0.13602973317488948,0.13503425266168234,0.13503425267696884,0.13503425268958752,0.13503425267696884,0.13503425266168234,0.13503425267696884,0.13503425270156258,0.13503425272594072,0.13503425270156258,0.13503425267696884,0.13503425268958752,0.13503425272594072,0.13503425277026213,0.13503425272594072,0.13503425268958752,0.13503425267696884,0.13503425270156258,0.13503425272594072,0.13503425270156258,0.13503425267696884,0.13503425266168234,0.13503425267696884,0.13503425268958752,0.13503425267696884,0.13503425266168234
0.1653324875728429,0.1653324875728427,0.1653324875728427,0.1653324875728427,0.1653324875728429,0.1653324875728427,0.1653324875728427,0.1653324875728427,0.1653324875728427,0.1653324875728427,0.1653324875728427,0.1653324875728427,0.1653324875728427,0.1653324875728427,0.1653324875728427,0.1653324875728427,0.1653324875728427,0.1653324875728427,0.1653324875728427,0.1653324875728427,0.1653324875728429,0.1653324875728427,0.1653324875728427,0.1653324875728427,0.1653324875728429,0.16375749385830732,0.16375749385830732,0.16375749385830707,0.16375749385830732,0.16375749385830732,0.16375749385830732,0.16375749385830707,0.16375749385830707,0.16375749385830707,0.16375749385830732,0.16375749385830707,0.16375749385830707,0.16375749385830685,0.16375749385830707,0.16375749385830707,0.16375749385830732,0.16375749385830707,0.16375749385830707,0.16375749385830707,0.16375749385830732,0.16375749385830732,0.16375749385830732,0.16375749385830707,0.16375749385830732,0.16375749385830732,0.16221388407561166,0.16221388407561121,0.162213884075611,0.16221388407561121,0.16221388407561166,0.16221388407561121,0.162213884075611,0.16221388407561077,0.162213884075611,0.16221388407561121,0.162213884075611,0.16221388407561077,0.16221388407561058,0.16221388407561077,0.162213884075611,0.16221388407561121,0.162213884075611,0.16221388407561077,0.162213884075611,0.16221388407561121,0.16221388407561166,0.16221388407561121,0.162213884075611,0.16221388407561121,0.16221388407561166,0.16070106718179702,0.16070106718179591,0.16070106718179525,0.16070106718179591,0.16070106718179702,0.16070106718179591,0.16070106718179483,0.16070106718179392,0.16070106718179483,0.16070106718179591,0.16070106718179525,0.16070106718179392,0.16070106718179322,0.16070106718179392,0.16070106718179525,0.16070106718179591,0.16070106718179483,0.16070106718179392,0.16070106718179483,0.16070106718179591,0.16070106718179702,0.16070106718179591,0.16070106718179525,0.16070106718179591,0.16070106718179702,0.15921845155184333,0.15921845155183983,0.15921845155183767,0.15921845155183983,0.15921845155184333,0.15921845155183983,0.15921845155183637,0.15921845155183398,0.15921845155183637,0.15921845155183983,0.15921845155183767,0.15921845155183398,0.1592184515518318,0.15921845155183398,0.15921845155183767,0.15921845155183983,0.15921845155183637,0.15921845155183398,0.15921845155183637,0.15921845155183983,0.15921845155184333,0.15921845155183983,0.15921845155183767,0.15921845155183983,0.15921845155184333,0.15776544633052275,0.1577654463305121,0.1577654463305055,0.1577654463305121,0.15776544633052275,0.1577654463305121,0.15776544633050077,0.15776544633049372,0.15776544633050077,0.1577654463305121,0.1577654463305055,0.15776544633049372,0.15776544633048606,0.15776544633049372,0.1577654463305055,0.1577654463305121,0.15776544633050077,0.15776544633049372,0.15776544633050077,0.1577654463305121,0.15776544633052275,0.1577654463305121,0.1577654463305055,0.1577654463305121,0.15776544633052275,0.15634146264672902,0.15634146264669682,0.15634146264667612,0.15634146264669682,0.15634146264672902,0.15634146264669682,0.15634146264666127,0.15634146264663826,0.15634146264666127,0.15634146264669682,0.15634146264667612,0.15634146264663826,0.15634146264661358,0.15634146264663826,0.15634146264667612,0.15634146264669682,0.15634146264666127,0.15634146264663826,0.15634146264666127,0.15634146264669682,0.15634146264672902,0.15634146264669682,0.15634146264667612,0.15634146264669682,0.15634146264672902,0.15494591470055807,0.15494591470046157,0.15494591470039865,0.15494591470046157,0.15494591470055807,0.15494591470046157,0.15494591470035068,0.1549459147002765,0.15494591470035068,0.15494591470046157,0.15494591470039865,0.1549459147002765,0.15494591470019312,0.1549459147002765,0.15494591470039865,0.15494591470046157,0.15494591470035068,0.1549459147002765,0.15494591470035068,0.15494591470046157,0.15494591470055807,0.15494591470046157,0.15494591470039865,0.15494591470046157,0.15494591470055807,0.1535782207328715,0.15357822073258928,0.15357822073239993,0.15357822073258928,0.1535782207328715,0.15357822073258928,0.1535782207322467,0.15357822073200525,0.1535782207322467,0.15357822073258928,0.15357822073239993,0.15357822073200525,0.15357822073172167,0.15357822073200525,0.15357822073239993,0.15357822073258928,0.1535782207322467,0.15357822073200525,0.1535782207322467,0.15357822073258928,0.1535782207328715,0.15357822073258928,0.15357822073239993,0.15357822073258928,0.1535782207328715,0.15223780388656327,0.1522378038857665,0.15223780388520589,0.1522378038857665,0.15223780388656327,0.1522378038857665,0.1522378038847234,0.15223780388393468,0.1522378038847234,0.1522378038857665,0.15223780388520589,0.15223780388393468,0.1522378038829182,0.15223780388393468,0.15223780388520589,0.1522378038857665,0.1522378038847234,0.15223780388393468,0.1522378038847234,0.1522378038857665,0.15223780388656327,0.1522378038857665,0.15223780388520589,0.1522378038857665,0.15223780388656327,0.15092409296829953,0.15092409296616488,0.15092409296454684,0.15092409296616488,0.15092409296829953,0.15092409296616488,0.15092409296307527,0.15092409296043302,0.15092409296307527,0.15092409296616488,0.15092409296454684,0.15092409296043302,0.15092409295648204,0.15092409296043302,0.15092409296454684,0.15092409296616488,0.15092409296307527,0.15092409296043302,0.15092409296307527,0.15092409296616488,0.15092409296829953,0.15092409296616488,0.15092409296454684,0.15092409296616488,0.15092409296829953,0.14963652311914136,0.14963652311389034,0.14963652310944345,0.14963652311389034,0.14963652311914136,0.14963652311389034,0.14963652310518039,0.14963652309619171,0.14963652310518039,0.14963652311389034,0.14963652310944345,0.14963652309619171,0.14963652307910968,0.14963652309619171,0.14963652310944345,0.14963652311389034,0.14963652310518039,0.14963652309619171,0.14963652310518039,0.14963652311389034,0.14963652311914136,0.14963652311389034,0.14963652310944345,0.14963652311389034,0.14963652311914136,0.14837453640197534,0.1483745363908713,0.14837453637987866,0.1483745363908713,0.14837453640197534,0.1483745363908713,0.148374536368815,0.14837453633896686,0.148374536368815,0.1483745363908713,0.14837453637987866,0.14837453633896686,0.1483745362554404,0.14837453633896686,0.14837453637987866,0.1483745363908713,0.148374536368815,0.14837453633896686,0.148374536368815,0.1483745363908713,0.14837453640197534,0.1483745363908713,0.14837453637987866,0.1483745363908713,0.14837453640197534,0.14713758231188404,0.14713758229456356,0.14713758227380053,0.14713758229456356,0.14713758231188404,0.14713758229456356,0.14713758225231774,0.14713758216846903,0.14713758225231774,0.14713758229456356,0.14713758227380053,0.14713758216846903,0.1471375817067344,0.14713758216846903,0.14713758227380053,0.14713758229456356,0.14713758225231774,0.14713758216846903,0.14713758225231774,0.14713758229456356,0.14713758231188404,0.14713758229456356,0.14713758227380053,0.14713758229456356,0.14713758231188404,0.14592511820914283,0.1459251181969344,0.14592511818499165,0.1459251181969344,0.14592511820914283,0.1459251181969344,0.14592511817299797,0.14592511814120335,0.14592511817299797,0.1459251181969344,0.14592511818499165,0.14592511814120335,0.145925118053713,0.14592511814120335,0.14592511818499165,0.1459251181969344,0.14592511817299797,0.14592511814120335,0.14592511817299797,0.1459251181969344,0.14592511820914283,0.1459251181969344,0.14592511818499165,0.1459251181969344,0.14592511820914283,0.14473660966849713,0.14473660966069088,0.1447366096537838,0.14473660966069088,0.14473660966849713,0.14473660966069088,0.1447366096470715,0.14473660963119792,0.1447366096470715,0.14473660966069088,0.1447366096537838,0.14473660963119792,0.14473660958769224,0.14473660963119792,0.1447366096537838,0.14473660966069088,0.1447366096470715,0.14473660963119792,0.1447366096470715,0.14473660966069088,0.14473660966849713,0.14473660966069088,0.1447366096537838,0.14473660966069088,0.14473660966849713,0.14357153081851662,0.14357153081217586,0.14357153080628546,0.14357153081217586,0.14357153081851662,0.14357153081217586,0.14357153080051246,0.1435715307848991,0.14357153080051246,0.14357153081217586,0.14357153080628546,0.1435715307848991,0.1435715307289606,0.1435715307848991,0.14357153080628546,0.14357153081217586,0.14357153080051246,0.1435715307848991,0.14357153080051246,0.14357153081217586,0.14357153081851662,0.14357153081217586,0.14357153080628546,0.14357153081217586,0.14357153081851662,0.1424293646075914,0.14242936460121347,0.14242936459468725,0.14242936460121347,0.1424293646075914,0.14242936460121347,0.1424293645880991,0.14242936456800276,0.1424293645880991,0.14242936460121347,0.14242936459468725,0.14242936456800276,0.1424293644867581,0.14242936456800276,0.14242936459468725,0.14242936460121347,0.1424293645880991,0.14242936456800276,0.1424293645880991,0.14242936460121347,0.1424293646075914,0.14242936460121347,0.14242936459468725,0.14242936460121347,0.1424293646075914,0.14130960301392306,0.14130960300802664,0.14130960300123352,0.14130960300802664,0.14130960301392306,0.14130960300802664,0.1413096029941579,0.14130960296991646,0.1413096029941579,0.14130960300802664,0.14130960300123352,0.14130960296991646,0.14130960286128022,0.14130960296991646,0.14130960300123352,0.14130960300802664,0.1413096029941579,0.14130960296991646,0.1413096029941579,0.14130960300802664,0.14130960301392306,0.14130960300802664,0.14130960300123352,0.14130960300802664,0.14130960301392306,0.14021174721029872,0.14021174720795604,0.1402117472039515,0.14021174720795604,0.14021174721029872,0.14021174720795604,0.14021174719949106,0.14021174717938462,0.14021174719949106,0.14021174720795604,0.1402117472039515,0.14021174717938462,0.14021174706699166,0.14021174717938462,0.1402117472039515,0.14021174720795604,0.14021174719949106,0.14021174717938462,0.14021174719949106,0.14021174720795604,0.14021174721029872,0.14021174720795604,0.1402117472039515,0.14021174720795604,0.14021174721029872,0.13913530768793161,0.13913530769480492,0.139135307700262,0.13913530769480492,0.13913530768793161,0.13913530769480492,0.13913530770539176,0.13913530771458044,0.13913530770539176,0.13913530769480492,0.139135307700262,0.13913530771458044,0.13913530772610744,0.13913530771458044,0.139135307700262,0.13913530769480492,0.13913530770539176,0.13913530771458044,0.13913530770539176,0.13913530769480492,0.13913530768793161,0.13913530769480492,0.139135307700262,0.13913530769480492,0.13913530768793161,0.13807980434424308,0.1380798043651754,0.13807980438616707,0.1380798043651754,0.13807980434424308,0.1380798043651754,0.1380798044074107,0.13807980446522966,0.1380798044074107,0.1380798043651754,0.13807980438616707,0.13807980446522966,0.1380798046279549,0.13807980446522966,0.13807980438616707,0.1380798043651754,0.1380798044074107,0.13807980446522966,0.1380798044074107,0.1380798043651754,0.13807980434424308,0.1380798043651754,0.13807980438616707,0.1380798043651754,0.13807980434424308,0.13704476654525702,0.13704476657998874,0.13704476662210122,0.13704476657998874,0.13704476654525702,0.13704476657998874,0.13704476666576954,0.13704476683802086,0.13704476666576954,0.13704476657998874,0.13704476662210122,0.13704476683802086,0.13704476779276953,0.13704476683802086,0.13704476662210122,0.13704476657998874,0.13704476666576954,0.13704476683802086,0.13704476666576954,0.13704476657998874,0.13704476654525702,0.13704476657998874,0.13704476662210122,0.13704476657998874,0.13704476654525702,0.13602973316776296,0.13602973319202807,0.13602973321578055,0.13602973319202807,0.13602973316776296,0.13602973319202807,0.1360297332396088,0.1360297333032259,0.1360297332396088,0.13602973319202807,0.13602973321578055,0.1360297333032259,0.13602973347973038,0.1360297333032259,0.13602973321578055,0.13602973319202807,0.1360297332396088,0.1360297333032259,0.1360297332396088,0.13602973319202807,0.13602973316776296,0.13602973319202807,0.13602973321578055,0.13602973319202807,0.13602973316776296,0.13503425265452393,0.13503425266972416,0.13503425268227143,0.13503425266972416,0.13503425265452393,0.13503425266972416,0.13503425269417896,0.13503425271841968,0.13503425269417896,0.13503425266972416,0.13503425268227143,0.13503425271841968,0.13503425276249098,0.13503425271841968,0.13503425268227143,0.13503425266972416,0.13503425269417896,0.13503425271841968,0.13503425269417896,0.13503425266972416,0.13503425265452393,0.13503425266972416,0.13503425268227143,0.13503425266972416,0.13503425265452393
0.16533248757660174,0.16533248757660174,0.16533248757660174,0.16533248757660174,0.16533248757660174,0.16533248757660174,0.1653324875766015,0.1653324875766015,0.1653324875766015,0.16533248757660174,0.16533248757660174,0.1653324875766015,0.1653324875766015,0.1653324875766015,0.1653324875766015,0.16533248757660174,0.1653324875766015,0.1653324875766015,0.1653324875766015,0.16533248757660174,0.16533248757660174,0.16533248757660174,0.1653324875766015,0.16533248757660174,0.16533248757660174,0.1637574938619931,0.1637574938619931,0.16375749386199287,0.1637574938619931,0.1637574938619931,0.1637574938619931,0.16375749386199287,0.16375749386199287,0.16375749386199287,0.1637574938619931,0.16375749386199287,0.16375749386199287,0.16375749386199265,0.16375749386199287,0.16375749386199287,0.1637574938619931,0.16375749386199287,0.16375749386199287,0.16375749386199287,0.1637574938619931,0.1637574938619931,0.1637574938619931,0.16375749386199287,0.1637574938619931,0.1637574938619931,0.16221388407922716,0.16221388407922693,0.1622138840792267,0.16221388407922693,0.16221388407922716,0.16221388407922693,0.1622138840792265,0.16221388407922627,0.1622138840792265,0.16221388407922693,0.1622138840792267,0.16221388407922627,0.16221388407922607,0.16221388407922627,0.1622138840792267,0.16221388407922693,0.1622138840792265,0.16221388407922627,0.1622138840792265,0.16221388407922693,0.16221388407922716,0.16221388407922693,0.1622138840792267,0.16221388407922693,0.16221388407922716,0.16070106718534527,0.16070106718534413,0.1607010671853435,0.16070106718534413,0.16070106718534527,0.16070106718534413,0.16070106718534302,0.16070106718534216,0.16070106718534302,0.16070106718534413,0.1607010671853435,0.16070106718534216,0.16070106718534147,0.16070106718534216,0.1607010671853435,0.16070106718534413,0.16070106718534302,0.16070106718534216,0.16070106718534302,0.16070106718534413,0.16070106718534527,0.16070106718534413,0.1607010671853435,0.16070106718534413,0.16070106718534527,0.159218451555327,0.15921845155532355,0.15921845155532158,0.15921845155532355,0.159218451555327,0.15921845155532355,0.15921845155532005,0.15921845155531789,0.15921845155532005,0.15921845155532355,0.15921845155532158,0.15921845155531789,0.15921845155531547,0.15921845155531789,0.15921845155532158,0.15921845155532355,0.15921845155532005,0.15921845155531789,0.15921845155532005,0.15921845155532355,0.159218451555327,0.15921845155532355,0.15921845155532158,0.15921845155532355,0.159218451555327,0.15776544633394476,0.1577654463339343,0.1577654463339277,0.1577654463339343,0.15776544633394476,0.1577654463339343,0.15776544633392323,0.15776544633391595,0.15776544633392323,0.1577654463339343,0.1577654463339277,0.15776544633391595,0.1577654463339087,0.15776544633391595,0.1577654463339277,0.1577654463339343,0.15776544633392323,0.15776544633391595,0.15776544633392323,0.1577654463339343,0.15776544633394476,0.1577654463339343,0.1577654463339277,0.1577654463339343,0.15776544633394476,0.15634146265009166,0.15634146265005988,0.1563414626500396,0.15634146265005988,0.15634146265009166,0.15634146265005988,0.15634146265002496,0.1563414626500024,0.15634146265002496,0.15634146265005988,0.1563414626500396,0.1563414626500024,0.1563414626499781,0.1563414626500024,0.1563414626500396,0.15634146265005988,0.15634146265002496,0.1563414626500024,0.15634146265002496,0.15634146265005988,0.15634146265009166,0.15634146265005988,0.1563414626500396,0.15634146265005988,0.15634146265009166,0.1549459147038634,0.15494591470376834,0.15494591470370622,0.15494591470376834,0.1549459147038634,0.15494591470376834,0.15494591470365934,0.15494591470358635,0.15494591470365934,0.15494591470376834,0.15494591470370622,0.15494591470358635,0.1549459147035042,0.15494591470358635,0.15494591470370622,0.15494591470376834,0.15494591470365934,0.15494591470358635,0.15494591470365934,0.15494591470376834,0.1549459147038634,0.15494591470376834,0.15494591470370622,0.15494591470376834,0.1549459147038634,0.15357822073611913,0.15357822073584118,0.15357822073565439,0.15357822073584118,0.15357822073611913,0.15357822073584118,0.15357822073550353,0.15357822073526556,0.15357822073550353,0.15357822073584118,0.15357822073565439,0.15357822073526556,0.1535782207349862,0.15357822073526556,0.15357822073565439,0.15357822073584118,0.15357822073550353,0.15357822073526556,0.15357822073550353,0.15357822073584118,0.15357822073611913,0.15357822073584118,0.15357822073565439,0.15357822073584118,0.15357822073611913,0.15223780388974734,0.15223780388896196,0.15223780388840943,0.15223780388896196,0.15223780388974734,0.15223780388896196,0.15223780388793406,0.15223780388715674,0.15223780388793406,0.15223780388896196,0.15223780388840943,0.15223780388715674,0.1522378038861552,0.15223780388715674,0.15223780388840943,0.15223780388896196,0.15223780388793406,0.15223780388715674,0.15223780388793406,0.15223780388896196,0.15223780388974734,0.15223780388896196,0.15223780388840943,0.15223780388896196,0.15223780388974734,0.15092409297139897,0.15092409296929424,0.15092409296769935,0.15092409296929424,0.15092409297139897,0.15092409296929424,0.15092409296624898,0.15092409296364534,0.15092409296624898,0.15092409296929424,0.15092409296769935,0.15092409296364534,0.15092409295975337,0.15092409296364534,0.15092409296769935,0.15092409296929424,0.15092409296624898,0.15092409296364534,0.15092409296624898,0.15092409296929424,0.15092409297139897,0.15092409296929424,0.15092409296769935,0.15092409296929424,0.15092409297139897,0.1496365231220956,0.14963652311691716,0.1496365231125331,0.14963652311691716,0.1496365231220956,0.14963652311691716,0.1496365231083311,0.149636523099474,0.1496365231083311,0.14963652311691716,0.1496365231125331,0.149636523099474,0.14963652308264894,0.149636523099474,0.1496365231125331,0.14963652311691716,0.1496365231083311,0.149636523099474,0.1496365231083311,0.14963652311691716,0.1496365231220956,0.14963652311691716,0.1496365231125331,0.14963652311691716,0.1496365231220956,0.14837453640463427,0.14837453639367848,0.14837453638283835,0.14837453639367848,0.14837453640463427,0.14837453639367848,0.14837453637192985,0.148374536342518,0.14837453637192985,0.14837453639367848,0.14837453638283835,0.148374536342518,0.14837453626026284,0.148374536342518,0.14837453638283835,0.14837453639367848,0.14837453637192985,0.148374536342518,0.14837453637192985,0.14837453639367848,0.14837453640463427,0.14837453639367848,0.14837453638283835,0.14837453639367848,0.14837453640463427,0.14713758231393928,0.14713758229682736,0.14713758227633428,0.14713758229682736,0.14713758231393928,0.14713758229682736,0.14713758225513418,0.1471375821724849,0.14713758225513418,0.14713758229682736,0.14713758227633428,0.1471375821724849,0.14713758171783217,0.1471375821724849,0.14713758227633428,0.14713758229682736,0.14713758225513418,0.1471375821724849,0.14713758225513418,0.14713758229682736,0.14713758231393928,0.14713758229682736,0.14713758227633428,0.14713758229682736,0.14713758231393928,0.14592511821015586,0.1459251181980135,0.1459251181861211,0.1459251181980135,0.14592511821015586,0.1459251181980135,0.14592511817417586,0.14592511814239748,0.14592511817417586,0.1459251181980135,0.1459251181861211,0.14592511814239748,0.14592511805395747,0.14592511814239748,0.1459251181861211,0.1459251181980135,0.14592511817417586,0.14592511814239748,0.14592511817417586,0.1459251181980135,0.14592511821015586,0.1459251181980135,0.1459251181861211,0.1459251181980135,0.14592511821015586,0.14473660966831717,0.1447366096604837,0.14473660965352703,0.1447366096604837,0.14473660966831717,0.1447366096604837,0.14473660964675955,0.14473660963062365,0.14473660964675955,0.1447366096604837,0.14473660965352703,0.14473660963062365,0.14473660958564755,0.14473660963062365,0.14473660965352703,0.1447366096604837,0.14473660964675955,0.14473660963062365,0.14473660964675955,0.1447366096604837,0.14473660966831717,0.1447366096604837,0.14473660965352703,0.1447366096604837,0.14473660966831717,0.14357153081718316,0.14357153081079602,0.14357153080484866,0.14357153081079602,0.14357153081718316,0.14357153081079602,0.14357153079901558,0.1435715307831885,0.14357153079901558,0.14357153081079602,0.14357153080484866,0.1435715307831885,0.14357153072628437,0.1435715307831885,0.14357153080484866,0.14357153081079602,0.14357153079901558,0.1435715307831885,0.14357153079901558,0.14357153081079602,0.14357153081718316,0.14357153081079602,0.14357153080484866,0.14357153081079602,0.14357153081718316,0.14242936460518263,0.14242936459877503,0.14242936459221828,0.14242936459877503,0.14242936460518263,0.14242936459877503,0.14242936458559893,0.14242936456540864,0.14242936458559893,0.14242936459877503,0.14242936459221828,0.14242936456540864,0.14242936448379126,0.14242936456540864,0.14242936459221828,0.14242936459877503,0.14242936458559893,0.14242936456540864,0.14242936458559893,0.14242936459877503,0.14242936460518263,0.14242936459877503,0.14242936459221828,0.14242936459877503,0.14242936460518263,0.1413096030104831,0.14130960300457746,0.1413096029977814,0.14130960300457746,0.1413096030104831,0.14130960300457746,0.1413096029907046,0.14130960296648223,0.1413096029907046,0.14130960300457746,0.1413096029977814,0.14130960296648223,0.1413096028580085,0.14130960296648223,0.1413096029977814,0.14130960300457746,0.1413096029907046,0.14130960296648223,0.1413096029907046,0.14130960300457746,0.1413096030104831,0.14130960300457746,0.1413096029977814,0.14130960300457746,0.1413096030104831,0.1402117472058288,0.14021174720347676,0.14021174719947477,0.14021174720347676,0.1402117472058288,0.14021174720347676,0.1402117471950205,0.14021174717498064,0.1402117471950205,0.14021174720347676,0.14021174719947477,0.14021174717498064,0.14021174706307418,0.14021174717498064,0.14021174719947477,0.14021174720347676,0.1402117471950205,0.14021174717498064,0.1402117471950205,0.14021174720347676,0.1402117472058288,0.14021174720347676,0.14021174719947477,0.14021174720347676,0.1402117472058288,0.13913530768243218,0.1391353076892558,0.1391353076946732,0.1391353076892558,0.13913530768243218,0.1391353076892558,0.13913530769976581,0.13913530770888605,0.13913530769976581,0.1391353076892558,0.1391353076946732,0.13913530770888605,0.13913530772031674,0.13913530770888605,0.1391353076946732,0.1391353076892558,0.13913530769976581,0.13913530770888605,0.13913530769976581,0.1391353076892558,0.13913530768243218,0.1391353076892558,0.1391353076946732,0.1391353076892558,0.13913530768243218,0.13807980433779787,0.1380798043586052,0.138079804379473,0.1380798043586052,0.13807980433779787,0.1380798043586052,0.13807980440059117,0.13807980445807186,0.13807980440059117,0.1380798043586052,0.138079804379473,0.13807980445807186,0.13807980461985056,0.13807980445807186,0.138079804379473,0.1380798043586052,0.13807980440059117,0.13807980445807186,0.13807980440059117,0.1380798043586052,0.13807980433779787,0.1380798043586052,0.138079804379473,0.1380798043586052,0.13807980433779787,0.13704476653810474,0.13704476657263437,0.1370447666145027,0.13704476657263437,0.13704476653810474,0.13704476657263437,0.13704476665791807,0.13704476682917333,0.13704476665791807,0.13704476657263437,0.1370447666145027,0.13704476682917333,0.13704476777839858,0.13704476682917333,0.1370447666145027,0.13704476657263437,0.13704476665791807,0.13704476682917333,0.13704476665791807,0.13704476657263437,0.13704476653810474,0.13704476657263437,0.1370447666145027,0.13704476657263437,0.13704476653810474,0.1360297331603039,0.13602973318442826,0.13602973320804326,0.13602973318442826,0.1360297331603039,0.13602973318442826,0.1360297332317336,0.13602973329498289,0.1360297332317336,0.13602973318442826,0.13602973320804326,0.13602973329498289,0.1360297334704676,0.13602973329498289,0.13602973320804326,0.13602973318442826,0.1360297332317336,0.13602973329498289,0.1360297332317336,0.13602973318442826,0.1360297331603039,0.13602973318442826,0.13602973320804326,0.13602973318442826,0.1360297331603039,0.13503425264703592,0.1350342526621481,0.13503425267462288,0.1350342526621481,0.13503425264703592,0.1350342526621481,0.13503425268646135,0.13503425271056183,0.13503425268646135,0.1350342526621481,0.13503425267462288,0.13503425271056183,0.1350342527543785,0.13503425271056183,0.13503425267462288,0.1350342526621481,0.13503425268646135,0.13503425271056183,0.13503425268646135,0.1350342526621481,0.13503425264703592,0.1350342526621481,0.13503425267462288,0.1350342526621481,0.13503425264703592
0.16533248758057362,0.16533248758057362,0.16533248758057362,0.16533248758057362,0.16533248758057362,0.16533248758057362,0.16533248758057362,0.1653324875805734,0.1653324875805734,0.16533248758057362,0.16533248758057362,0.1653324875805734,0.1653324875805734,0.1653324875805734,0.16533248758057362,0.16533248758057362,0.1653324875805734,0.1653324875805734,0.16533248758057362,0.16533248758057362,0.16533248758057362,0.16533248758057362,0.16533248758057362,0.16533248758057362,0.16533248758057362,0.16375749386588775,0.16375749386588753,0.16375749386588753,0.16375749386588753,0.16375749386588775,0.16375749386588753,0.16375749386588753,0.16375749386588753,0.16375749386588753,0.16375749386588753,0.16375749386588753,0.16375749386588753,0.1637574938658873,0.16375749386588753,0.16375749386588753,0.16375749386588753,0.16375749386588753,0.16375749386588753,0.16375749386588753,0.16375749386588753,0.16375749386588775,0.16375749386588753,0.16375749386588753,0.16375749386588753,0.16375749386588775,0.16221388408304738,0.16221388408304716,0.16221388408304688,0.16221388408304716,0.16221388408304738,0.16221388408304716,0.16221388408304668,0.16221388408304646,0.16221388408304668,0.16221388408304716,0.16221388408304688,0.16221388408304646,0.1622138840830462,0.16221388408304646,0.16221388408304688,0.16221388408304716,0.16221388408304668,0.16221388408304646,0.16221388408304668,0.16221388408304716,0.16221388408304738,0.16221388408304716,0.16221388408304688,0.16221388408304716,0.16221388408304738,0.16070106718909385,0.16070106718909277,0.1607010671890921,0.16070106718909277,0.16070106718909385,0.16070106718909277,0.16070106718909163,0.16070106718909097,0.16070106718909163,0.16070106718909277,0.1607010671890921,0.16070106718909097,0.1607010671890903,0.16070106718909097,0.1607010671890921,0.16070106718909277,0.16070106718909163,0.16070106718909097,0.16070106718909163,0.16070106718909277,0.16070106718909385,0.16070106718909277,0.1607010671890921,0.16070106718909277,0.16070106718909385,0.15921845155900707,0.15921845155900383,0.15921845155900163,0.15921845155900383,0.15921845155900707,0.15921845155900383,0.15921845155900033,0.15921845155899816,0.15921845155900033,0.15921845155900383,0.15921845155900163,0.15921845155899816,0.15921845155899578,0.15921845155899816,0.15921845155900163,0.15921845155900383,0.15921845155900033,0.15921845155899816,0.15921845155900033,0.15921845155900383,0.15921845155900707,0.15921845155900383,0.15921845155900163,0.15921845155900383,0.15921845155900707,0.157765446337559,0.15776544633754877,0.15776544633754233,0.15776544633754877,0.157765446337559,0.15776544633754877,0.15776544633753786,0.15776544633753084,0.15776544633753786,0.15776544633754877,0.15776544633754233,0.15776544633753084,0.15776544633752357,0.15776544633753084,0.15776544633754233,0.15776544633754877,0.15776544633753786,0.15776544633753084,0.15776544633753786,0.15776544633754877,0.157765446337559,0.15776544633754877,0.15776544633754233,0.15776544633754877,0.157765446337559,0.15634146265364293,0.15634146265361176,0.15634146265359167,0.15634146265361176,0.15634146265364293,0.15634146265361176,0.15634146265357726,0.1563414626535551,0.15634146265357726,0.15634146265361176,0.15634146265359167,0.1563414626535551,0.15634146265353127,0.1563414626535551,0.15634146265359167,0.15634146265361176,0.15634146265357726,0.1563414626535551,0.15634146265357748,0.15634146265361176,0.15634146265364293,0.15634146265361176,0.15634146265359167,0.15634146265361176,0.15634146265364293,0.15494591470735322,0.15494591470725957,0.1549459147071987,0.15494591470725974,0.15494591470735322,0.15494591470725957,0.15494591470715258,0.15494591470708086,0.15494591470715258,0.15494591470725957,0.1549459147071987,0.15494591470708086,0.15494591470700012,0.15494591470708086,0.1549459147071987,0.15494591470725974,0.15494591470715258,0.15494591470708086,0.15494591470715258,0.15494591470725974,0.15494591470735322,0.15494591470725957,0.1549459147071987,0.15494591470725974,0.15494591470735322,0.15357822073954733,0.15357822073927357,0.15357822073908978,0.15357822073927357,0.15357822073954733,0.15357822073927357,0.15357822073894156,0.1535782207387074,0.15357822073894178,0.15357822073927357,0.15357822073908978,0.1535782207387074,0.15357822073843244,0.1535782207387074,0.15357822073908978,0.15357822073927357,0.15357822073894178,0.1535782207387074,0.15357822073894178,0.15357822073927357,0.15357822073954733,0.15357822073927357,0.15357822073908978,0.15357822073927357,0.15357822073954733,0.1522378038931074,0.152237803892334,0.15223780389179015,0.152237803892334,0.1522378038931074,0.152237803892334,0.15223780389132224,0.15223780389055733,0.15223780389132224,0.152237803892334,0.15223780389179015,0.15223780389055733,0.15223780388957198,0.15223780389055733,0.15223780389179015,0.152237803892334,0.15223780389132224,0.15223780389055733,0.15223780389132224,0.152237803892334,0.1522378038931074,0.152237803892334,0.15223780389179015,0.152237803892334,0.1522378038931074,0.15092409297466783,0.15092409297259549,0.1509240929710253,0.15092409297259549,0.15092409297466783,0.15092409297259549,0.1509240929695977,0.15092409296703532,0.1509240929695977,0.15092409297259549,0.1509240929710253,0.15092409296703532,0.15092409296320647,0.15092409296703532,0.1509240929710253,0.15092409297259549,0.1509240929695977,0.15092409296703532,0.1509240929695977,0.15092409297259549,0.15092409297466783,0.15092409297259549,0.1509240929710253,0.15092409297259549,0.15092409297466783,0.1496365231252083,0.14963652312010778,0.14963652311579137,0.14963652312010778,0.1496365231252083,0.14963652312010778,0.1496365231116546,0.1496365231029388,0.1496365231116546,0.14963652312010778,0.14963652311579137,0.1496365231029388,0.14963652308638958,0.1496365231029388,0.14963652311579137,0.14963652312010778,0.1496365231116546,0.1496365231029388,0.1496365231116546,0.14963652312010778,0.1496365231252083,0.14963652312010778,0.14963652311579137,0.14963652312010778,0.1496365231252083,0.14837453640743015,0.1483745363966332,0.14837453638595655,0.1483745363966332,0.14837453640743015,0.1483745363966332,0.14837453637521444,0.1483745363462707,0.14837453637521444,0.1483745363966332,0.14837453638595655,0.1483745363462707,0.14837453626537978,0.1483745363462707,0.14837453638595655,0.1483745363966332,0.14837453637521444,0.1483745363462707,0.14837453637521444,0.1483745363966332,0.14837453640743015,0.1483745363966332,0.14837453638595655,0.1483745363966332,0.14837453640743015,0.14713758231608756,0.14713758229919874,0.14713758227899498,0.14713758229919874,0.14713758231608756,0.14713758229919874,0.14713758225809773,0.1471375821767348,0.14713758225809773,0.14713758229919874,0.14713758227899498,0.1471375821767348,0.14713758172969366,0.1471375821767348,0.14713758227899498,0.14713758229919874,0.14713758225809773,0.1471375821767348,0.14713758225809773,0.14713758229919874,0.14713758231608756,0.14713758229919874,0.14713758227899498,0.14713758229919874,0.14713758231608756,0.1459251182111872,0.14592511819911427,0.14592511818727408,0.14592511819911427,0.1459251182111872,0.14592511819911427,0.14592511817537923,0.14592511814361328,0.14592511817537923,0.14592511819911427,0.14592511818727408,0.14592511814361328,0.14592511805412556,0.14592511814361328,0.14592511818727408,0.14592511819911427,0.14592511817537923,0.14592511814361328,0.14592511817537923,0.14592511819911427,0.1459251182111872,0.14592511819911427,0.14592511818727408,0.14592511819911427,0.1459251182111872,0.14473660966807367,0.1447366096602083,0.14473660965319537,0.1447366096602083,0.14473660966807367,0.1447366096602083,0.14473660964636562,0.1447366096299394,0.14473660964636562,0.1447366096602083,0.14473660965319537,0.1447366096299394,0.14473660958331888,0.1447366096299394,0.14473660965319537,0.1447366096602083,0.14473660964636562,0.1447366096299394,0.14473660964636562,0.1447366096602083,0.14473660966807367,0.1447366096602083,0.14473660965319537,0.1447366096602083,0.14473660966807367,0.14357153081571275,0.1435715308092719,0.14357153080325952,0.1435715308092719,0.14357153081571275,0.1435715308092719,0.1435715307973575,0.14357153078128862,0.1435715307973575,0.1435715308092719,0.14357153080325952,0.14357153078128862,0.14357153072330991,0.14357153078128862,0.14357153080325952,0.1435715308092719,0.1435715307973575,0.14357153078128862,0.1435715307973575,0.1435715308092719,0.14357153081571275,0.1435715308092719,0.14357153080325952,0.1435715308092719,0.14357153081571275,0.14242936460257813,0.14242936459613376,0.14242936458953875,0.14242936459613376,0.14242936460257813,0.14242936459613376,0.1424293645828807,0.14242936456257313,0.1424293645828807,0.14242936459613376,0.14242936458953875,0.14242936456257313,0.14242936448048704,0.14242936456257313,0.14242936458953875,0.14242936459613376,0.1424293645828807,0.14242936456257313,0.1424293645828807,0.14242936459613376,0.14242936460257813,0.14242936459613376,0.14242936458953875,0.14242936459613376,0.14242936460257813,0.14130960300680268,0.1413096030008819,0.1413096029940768,0.1413096030008819,0.14130960300680268,0.1413096030008819,0.1413096029869926,0.1413096029627706,0.1413096029869926,0.1413096030008819,0.1413096029940768,0.1413096029627706,0.14130960285439848,0.1413096029627706,0.1413096029940768,0.1413096030008819,0.1413096029869926,0.1413096029627706,0.1413096029869926,0.1413096030008819,0.14130960300680268,0.1413096030008819,0.1413096029940768,0.1413096030008819,0.14130960300680268,0.14021174720108537,0.14021174719871948,0.14021174719471557,0.14021174719871948,0.14021174720108537,0.14021174719871948,0.14021174719026241,0.1402117471702748,0.14021174719026241,0.14021174719871948,0.14021174719471557,0.1402117471702748,0.14021174705881811,0.1402117471702748,0.14021174719471557,0.14021174719871948,0.14021174719026241,0.1402117471702748,0.14021174719026241,0.14021174719871948,0.14021174720108537,0.14021174719871948,0.14021174719471557,0.14021174719871948,0.14021174720108537,0.1391353076766358,0.1391353076834063,0.13913530768878113,0.1391353076834063,0.1391353076766358,0.1391353076834063,0.13913530769383378,0.1391353077028792,0.13913530769383378,0.1391353076834063,0.13913530768878113,0.1391353077028792,0.1391353077141989,0.1391353077028792,0.13913530768878113,0.1391353076834063,0.13913530769383378,0.1391353077028792,0.13913530769383378,0.1391353076834063,0.1391353076766358,0.1391353076834063,0.13913530768878113,0.1391353076834063,0.1391353076766358,0.1380798043310384,0.13807980435171766,0.138079804372458,0.13807980435171766,0.1380798043310384,0.13807980435171766,0.13807980439344797,0.13807980445058243,0.13807980439344797,0.13807980435171766,0.138079804372458,0.13807980445058243,0.13807980461139477,0.13807980445058243,0.138079804372458,0.13807980435171766,0.13807980439344797,0.13807980445058243,0.13807980439344797,0.13807980435171766,0.1380798043310384,0.13807980435171766,0.138079804372458,0.13807980435171766,0.1380798043310384,0.1370447665306274,0.1370447665649509,0.13704476660657033,0.1370447665649509,0.1370447665306274,0.1370447665649509,0.13704476664972778,0.13704476681996852,0.13704476664972778,0.1370447665649509,0.13704476660657033,0.13704476681996852,0.1370447677635879,0.13704476681996852,0.13704476660657033,0.1370447665649509,0.13704476664972778,0.13704476681996852,0.13704476664972778,0.1370447665649509,0.1370447665306274,0.1370447665649509,0.13704476660657033,0.1370447665649509,0.1370447665306274,0.13602973315251712,0.13602973317649805,0.13602973319997302,0.13602973317649805,0.13602973315251712,0.13602973317649805,0.13602973322352288,0.1360297332863973,0.13602973322352288,0.13602973317649805,0.13602973319997302,0.1360297332863973,0.13602973346084352,0.1360297332863973,0.13602973319997302,0.13602973317649805,0.13602973322352288,0.1360297332863973,0.13602973322352288,0.13602973317649805,0.13602973315251712,0.13602973317649805,0.13602973319997302,0.13602973317649805,0.13602973315251712,0.13503425263922328,0.13503425265424562,0.1350342526666464,0.13503425265424562,0.13503425263922328,0.13503425265424562,0.1350342526784147,0.13503425270237243,0.1350342526784147,0.13503425265424562,0.1350342526666464,0.13503425270237243,0.1350342527459297,0.13503425270237243,0.1350342526666464,0.13503425265424562,0.1350342526784147,0.13503425270237243,0.1350342526784147,0.13503425265424562,0.13503425263922328,0.13503425265424562,0.1350342526666464,0.13503425265424562,0.13503425263922328
0.16533248758475652,0.16533248758475627,0.16533248758475627,0.16533248758475627,0.16533248758475652,0.16533248758475627,0.16533248758475627,0.16533248758475627,0.16533248758475627,0.16533248758475627,0.16533248758475627,0.16533248758475627,0.16533248758475627,0.16533248758475627,0.16533248758475627,0.16533248758475627,0.16533248758475627,0.16533248758475627,0.16533248758475627,0.16533248758475627,0.16533248758475652,0.16533248758475627,0.16533248758475627,0.16533248758475627,0.16533248758475652,0.16375749386998897,0.16375749386998897,0.16375749386998872,0.16375749386998897,0.16375749386998897,0.16375749386998897,0.16375749386998872,0.16375749386998872,0.16375749386998872,0.16375749386998897,0.16375749386998872,0.16375749386998872,0.16375749386998872,0.16375749386998872,0.16375749386998872,0.16375749386998897,0.16375749386998872,0.16375749386998872,0.16375749386998872,0.16375749386998897,0.16375749386998897,0.16375749386998897,0.16375749386998872,0.16375749386998897,0.16375749386998897,0.16221388408707021,0.16221388408706974,0.16221388408706952,0.16221388408706974,0.16221388408707021,0.16221388408706974,0.1622138840870693,0.1622138840870693,0.1622138840870693,0.16221388408706974,0.16221388408706952,0.1622138840870693,0.16221388408706905,0.1622138840870693,0.16221388408706952,0.16221388408706974,0.1622138840870693,0.1622138840870693,0.1622138840870693,0.16221388408706974,0.16221388408707021,0.16221388408706974,0.16221388408706952,0.16221388408706974,0.16221388408707021,0.16070106719304084,0.16070106719303998,0.1607010671930393,0.16070106719303998,0.16070106719304084,0.16070106719303998,0.16070106719303887,0.1607010671930382,0.16070106719303887,0.16070106719303998,0.1607010671930393,0.1607010671930382,0.16070106719303728,0.16070106719303798,0.1607010671930393,0.16070106719303998,0.16070106719303887,0.16070106719303798,0.16070106719303887,0.16070106719303998,0.16070106719304084,0.16070106719303998,0.1607010671930393,0.16070106719303998,0.16070106719304084,0.15921845156288159,0.1592184515628783,0.15921845156287612,0.1592184515628783,0.15921845156288159,0.1592184515628783,0.1592184515628748,0.15921845156287265,0.1592184515628748,0.1592184515628783,0.15921845156287612,0.15921845156287265,0.15921845156287046,0.15921845156287265,0.15921845156287612,0.1592184515628783,0.1592184515628748,0.15921845156287265,0.1592184515628748,0.1592184515628783,0.15921845156288159,0.1592184515628783,0.15921845156287612,0.1592184515628783,0.15921845156288159,0.15776544634136377,0.15776544634135356,0.15776544634134737,0.15776544634135356,0.15776544634136377,0.15776544634135356,0.15776544634134287,0.15776544634133607,0.15776544634134287,0.15776544634135356,0.15776544634134737,0.15776544634133607,0.15776544634132877,0.15776544634133607,0.15776544634134737,0.15776544634135356,0.15776544634134287,0.15776544634133607,0.15776544634134287,0.15776544634135356,0.15776544634136377,0.15776544634135356,0.15776544634134737,0.15776544634135356,0.15776544634136377,0.1563414626573805,0.15634146265734977,0.1563414626573301,0.15634146265734977,0.1563414626573805,0.15634146265734977,0.1563414626573161,0.15634146265729434,0.1563414626573161,0.15634146265734977,0.1563414626573301,0.15634146265729434,0.15634146265727072,0.15634146265729434,0.1563414626573301,0.15634146265734977,0.1563414626573161,0.15634146265729434,0.1563414626573161,0.15634146265734977,0.1563414626573805,0.15634146265734977,0.1563414626573301,0.15634146265734977,0.1563414626573805,0.1549459147110254,0.15494591471093339,0.15494591471087352,0.15494591471093339,0.1549459147110254,0.15494591471093339,0.15494591471082825,0.15494591471075794,0.15494591471082825,0.15494591471093339,0.15494591471087352,0.15494591471075794,0.15494591471067864,0.15494591471075794,0.15494591471087352,0.15494591471093339,0.15494591471082825,0.15494591471075794,0.15494591471082825,0.15494591471093339,0.1549459147110254,0.15494591471093339,0.15494591471087352,0.15494591471093339,0.1549459147110254,0.15357822074315347,0.15357822074288452,0.15357822074270377,0.15357822074288452,0.15357822074315347,0.15357822074288452,0.15357822074255836,0.153578220742328,0.15357822074255836,0.15357822074288452,0.15357822074270377,0.153578220742328,0.15357822074205785,0.153578220742328,0.15357822074270377,0.15357822074288452,0.15357822074255836,0.153578220742328,0.15357822074255836,0.15357822074288452,0.15357822074315347,0.15357822074288452,0.15357822074270377,0.15357822074288452,0.15357822074315347,0.15223780389664066,0.1522378038958803,0.15223780389534566,0.1522378038958803,0.15223780389664066,0.1522378038958803,0.15223780389488584,0.1522378038941339,0.15223780389488584,0.1522378038958803,0.15223780389534566,0.1522378038941339,0.15223780389316566,0.1522378038941339,0.15223780389534566,0.1522378038958803,0.15223780389488584,0.1522378038941339,0.15223780389488584,0.1522378038958803,0.15223780389664066,0.1522378038958803,0.15223780389534566,0.1522378038958803,0.15223780389664066,0.15092409297810372,0.15092409297606574,0.15092409297452197,0.15092409297606552,0.15092409297810372,0.15092409297606574,0.15092409297311868,0.1509240929706005,0.15092409297311868,0.15092409297606574,0.15092409297452197,0.1509240929706005,0.15092409296683876,0.1509240929706005,0.15092409297452197,0.15092409297606552,0.15092409297311868,0.1509240929706005,0.15092409297311868,0.15092409297606552,0.15092409297810372,0.15092409297606574,0.15092409297452197,0.15092409297606552,0.15092409297810372,0.14963652312847736,0.14963652312345985,0.1496365231192153,0.14963652312345985,0.14963652312847736,0.14963652312345985,0.1496365231151485,0.14963652310658337,0.1496365231151485,0.14963652312345985,0.1496365231192153,0.14963652310658337,0.1496365230903284,0.14963652310658337,0.1496365231192153,0.14963652312345985,0.1496365231151485,0.14963652310658337,0.1496365231151485,0.14963652312345985,0.14963652312847736,0.14963652312345985,0.1496365231192153,0.14963652312345985,0.14963652312847736,0.14837453641036097,0.14837453639973303,0.14837453638923076,0.14837453639973303,0.14837453641036097,0.14837453639973303,0.1483745363786662,0.1483745363502218,0.1483745363786662,0.14837453639973303,0.14837453638923076,0.1483745363502218,0.14837453627078698,0.1483745363502218,0.14837453638923076,0.14837453639973303,0.1483745363786662,0.1483745363502218,0.1483745363786662,0.14837453639973303,0.14837453641036097,0.14837453639973303,0.14837453638923076,0.14837453639973303,0.14837453641036097,0.14713758231832738,0.14713758230167595,0.14713758228178034,0.14713758230167595,0.14713758231832738,0.14713758230167595,0.14713758226120568,0.147137582181215,0.14713758226120568,0.14713758230167595,0.14713758228178034,0.147137582181215,0.14713758174228503,0.147137582181215,0.14713758228178034,0.14713758230167595,0.14713758226120568,0.147137582181215,0.14713758226120568,0.14713758230167595,0.14713758231832738,0.14713758230167595,0.14713758228178034,0.14713758230167595,0.14713758231832738,0.14592511821223672,0.1459251182002361,0.1459251181884502,0.1459251182002361,0.14592511821223672,0.1459251182002361,0.1459251181766077,0.14592511814485046,0.1459251181766077,0.1459251182002361,0.1459251181884502,0.14592511814485046,0.14592511805420835,0.14592511814485046,0.1459251181884502,0.1459251182002361,0.1459251181766077,0.14592511814485046,0.1459251181766077,0.1459251182002361,0.14592511821223672,0.1459251182002361,0.1459251181884502,0.1459251182002361,0.14592511821223672,0.14473660966776733,0.14473660965986493,0.14473660965278956,0.14473660965986493,0.14473660966776733,0.14473660965986493,0.14473660964589097,0.1447366096291471,0.14473660964589097,0.14473660965986493,0.14473660965278956,0.1447366096291471,0.14473660958082282,0.1447366096291471,0.14473660965278956,0.14473660965986493,0.14473660964589097,0.1447366096291471,0.14473660964589097,0.14473660965986493,0.14473660966776733,0.14473660965986493,0.14473660965278956,0.14473660965986493,0.14473660966776733,0.1435715308141074,0.14357153080760546,0.1435715308015198,0.14357153080760546,0.1435715308141074,0.14357153080760546,0.1435715307955406,0.1435715307792026,0.1435715307955406,0.14357153080760546,0.1435715308015198,0.1435715307792026,0.1435715307200242,0.1435715307792026,0.1435715308015198,0.14357153080760546,0.1435715307955406,0.1435715307792026,0.1435715307955406,0.14357153080760546,0.1435715308141074,0.14357153080760546,0.1435715308015198,0.14357153080760546,0.1435715308141074,0.1424293645997807,0.14242936459329222,0.14242936458665176,0.14242936459329222,0.1424293645997807,0.14242936459329222,0.14242936457994756,0.1424293645594996,0.14242936457994756,0.14242936459329222,0.14242936458665176,0.1424293645594996,0.14242936447686025,0.1424293645594996,0.14242936458665176,0.14242936459329222,0.14242936457994756,0.1424293645594996,0.14242936457994756,0.14242936459329222,0.1424293645997807,0.14242936459329222,0.14242936458665176,0.14242936459329222,0.1424293645997807,0.14130960300288495,0.14130960299694295,0.1413096029901227,0.14130960299694295,0.14130960300288495,0.14130960299694295,0.14130960298302506,0.14130960295878492,0.14130960298302506,0.14130960299694295,0.1413096029901227,0.14130960295878492,0.1413096028504212,0.14130960295878492,0.1413096029901227,0.14130960299694295,0.14130960298302506,0.14130960295878492,0.14130960298302506,0.14130960299694295,0.14130960300288495,0.14130960299694295,0.1413096029901227,0.14130960299694295,0.14130960300288495,0.14021174719607235,0.14021174719368792,0.14021174718967738,0.14021174719368792,0.14021174719607235,0.14021174719368792,0.14021174718522084,0.14021174716527127,0.14021174718522084,0.14021174719368792,0.14021174718967738,0.14021174716527127,0.14021174705418335,0.14021174716527127,0.14021174718967738,0.14021174719368792,0.14021174718522084,0.14021174716527127,0.14021174718522084,0.14021174719368792,0.14021174719607235,0.14021174719368792,0.14021174718967738,0.14021174719368792,0.14021174719607235,0.13913530767054627,0.13913530767726034,0.13913530768258967,0.13913530767726034,0.13913530767054627,0.13913530767726034,0.13913530768759957,0.13913530769656376,0.13913530768759957,0.13913530767726034,0.13913530768258967,0.13913530769656376,0.13913530770775806,0.13913530769656376,0.13913530768258967,0.13913530767726034,0.13913530768759957,0.13913530769656376,0.13913530768759957,0.13913530767726034,0.13913530767054627,0.13913530767726034,0.13913530768258967,0.13913530767726034,0.13913530767054627,0.13807980432396863,0.13807980434451628,0.13807980436512624,0.13807980434451628,0.13807980432396863,0.13807980434451628,0.1380798043859849,0.13807980444276557,0.1380798043859849,0.13807980434451628,0.13807980436512624,0.13807980444276557,0.13807980460259167,0.13807980444276557,0.13807980436512624,0.13807980434451628,0.1380798043859849,0.13807980444276557,0.1380798043859849,0.13807980434451628,0.13807980432396863,0.13807980434451628,0.13807980436512624,0.13807980434451628,0.13807980432396863,0.13704476652282913,0.13704476655694248,0.1370447665983082,0.13704476655694248,0.13704476652282913,0.13704476655694248,0.13704476664120288,0.13704476681041053,0.13704476664120288,0.13704476655694248,0.1370447665983082,0.13704476681041053,0.13704476774831914,0.13704476681041053,0.1370447665983082,0.13704476655694248,0.13704476664120288,0.13704476681041053,0.13704476664120288,0.13704476655694248,0.13704476652282913,0.13704476655694248,0.1370447665983082,0.13704476655694248,0.13704476652282913,0.13602973314440694,0.13602973316824188,0.13602973319157405,0.13602973316824188,0.13602973314440694,0.13602973316824188,0.13602973321498074,0.13602973327747375,0.13602973321498074,0.13602973316824188,0.13602973319157405,0.13602973327747375,0.13602973345086267,0.13602973327747375,0.13602973319157405,0.13602973316824188,0.13602973321498074,0.13602973327747375,0.13602973321498074,0.13602973316824188,0.13602973314440694,0.13602973316824188,0.13602973319157405,0.13602973316824188,0.13602973314440694,0.1350342526310899,0.13503425264602087,0.13503425265834634,0.13503425264602087,0.1350342526310899,0.13503425264602087,0.13503425267004326,0.13503425269385547,0.13503425267004313,0.13503425264602087,0.13503425265834634,0.13503425269385547,0.13503425273714867,0.13503425269385547,0.13503425265834634,0.13503425264602087,0.13503425267004313,0.13503425269385547,0.13503425267004313,0.13503425264602087,0.1350342526310899,0.13503425264602087,0.13503425265834634,0.13503425264602087,0.1350342526310899
0.1653324875891466,0.1653324875891466,0.16533248758914637,0.1653324875891466,0.1653324875891466,0.1653324875891466,0.16533248758914637,0.16533248758914637,0.16533248758914637,0.1653324875891466,0.16533248758914637,0.16533248758914637,0.16533248758914637,0.16533248758914637,0.16533248758914637,0.1653324875891466,0.16533248758914637,0.16533248758914637,0.16533248758914637,0.1653324875891466,0.1653324875891466,0.1653324875891466,0.16533248758914637,0.1653324875891466,0.1653324875891466,0.16375749387429347,0.16375749387429325,0.16375749387429325,0.16375749387429325,0.16375749387429347,0.16375749387429325,0.16375749387429325,0.16375749387429325,0.16375749387429325,0.16375749387429325,0.16375749387429325,0.16375749387429325,0.163757493874293,0.16375749387429325,0.16375749387429325,0.16375749387429325,0.16375749387429325,0.16375749387429325,0.16375749387429325,0.16375749387429325,0.16375749387429347,0.16375749387429325,0.16375749387429325,0.16375749387429325,0.16375749387429347,0.16221388409129184,0.1622138840912916,0.1622138840912914,0.1622138840912914,0.16221388409129184,0.1622138840912916,0.16221388409129114,0.16221388409129092,0.16221388409129114,0.1622138840912916,0.1622138840912914,0.16221388409129092,0.1622138840912907,0.16221388409129092,0.1622138840912914,0.1622138840912914,0.16221388409129114,0.16221388409129092,0.16221388409129114,0.1622138840912916,0.16221388409129184,0.1622138840912916,0.1622138840912914,0.1622138840912916,0.16221388409129184,0.1607010671971831,0.16070106719718202,0.16070106719718133,0.16070106719718202,0.1607010671971831,0.16070106719718202,0.1607010671971809,0.16070106719718025,0.1607010671971809,0.16070106719718202,0.16070106719718133,0.16070106719718025,0.16070106719717958,0.16070106719718025,0.16070106719718133,0.16070106719718202,0.1607010671971809,0.16070106719718025,0.1607010671971809,0.16070106719718202,0.1607010671971831,0.16070106719718202,0.16070106719718133,0.16070106719718202,0.1607010671971831,0.159218451566947,0.15921845156694375,0.15921845156694178,0.15921845156694375,0.159218451566947,0.15921845156694375,0.15921845156694045,0.1592184515669383,0.15921845156694045,0.15921845156694375,0.15921845156694178,0.1592184515669383,0.15921845156693612,0.1592184515669383,0.15921845156694178,0.15921845156694375,0.15921845156694045,0.1592184515669383,0.15921845156694045,0.15921845156694375,0.159218451566947,0.15921845156694375,0.15921845156694178,0.15921845156694375,0.159218451566947,0.1577654463453555,0.15776544634534567,0.15776544634533948,0.15776544634534567,0.1577654463453555,0.15776544634534567,0.157765446345335,0.1577654463453284,0.157765446345335,0.15776544634534567,0.15776544634533948,0.1577654463453284,0.15776544634532133,0.1577654463453284,0.15776544634533948,0.15776544634534567,0.157765446345335,0.1577654463453284,0.157765446345335,0.15776544634534567,0.1577654463453555,0.15776544634534567,0.15776544634533948,0.15776544634534567,0.1577654463453555,0.15634146266130125,0.15634146266127116,0.1563414626612519,0.15634146266127116,0.15634146266130125,0.15634146266127116,0.15634146266123813,0.1563414626612168,0.15634146266123813,0.15634146266127116,0.1563414626612519,0.1563414626612168,0.15634146266119378,0.1563414626612168,0.1563414626612519,0.15634146266127116,0.15634146266123813,0.1563414626612168,0.15634146266123813,0.15634146266127116,0.15634146266130125,0.15634146266127116,0.1563414626612519,0.15634146266127116,0.15634146266130125,0.15494591471487687,0.15494591471478672,0.1549459147147279,0.15494591471478672,0.15494591471487687,0.15494591471478672,0.1549459147146834,0.15494591471461458,0.1549459147146834,0.15494591471478672,0.1549459147147279,0.15494591471461458,0.1549459147145369,0.15494591471461458,0.1549459147147281,0.15494591471478672,0.1549459147146834,0.15494591471461458,0.1549459147146834,0.15494591471478672,0.15494591471487687,0.15494591471478672,0.1549459147147281,0.15494591471478672,0.15494591471487687,0.15357822074693533,0.1535782207466712,0.15357822074649388,0.1535782207466712,0.15357822074693533,0.1535782207466712,0.15357822074635127,0.15357822074612534,0.15357822074635127,0.1535782207466712,0.15357822074649388,0.15357822074612534,0.15357822074586003,0.15357822074612534,0.15357822074649388,0.1535782207466712,0.15357822074635127,0.15357822074612534,0.15357822074635127,0.1535782207466712,0.15357822074693533,0.1535782207466712,0.15357822074649388,0.1535782207466712,0.15357822074693533,0.15223780390034497,0.15223780389959837,0.1522378038990734,0.15223780389959837,0.15223780390034497,0.15223780389959837,0.15223780389862224,0.1522378038978843,0.15223780389862224,0.15223780389959837,0.1522378038990734,0.1522378038978843,0.15223780389693434,0.1522378038978843,0.1522378038990734,0.15223780389959837,0.15223780389862224,0.1522378038978843,0.15223780389862224,0.15223780389959837,0.15223780390034497,0.15223780389959837,0.1522378038990734,0.15223780389959837,0.15223780390034497,0.15092409298170437,0.15092409297970283,0.15092409297818726,0.15092409297970283,0.15092409298170437,0.15092409297970283,0.15092409297680962,0.1509240929743385,0.15092409297680962,0.15092409297970283,0.15092409297818726,0.1509240929743385,0.15092409297064832,0.1509240929743385,0.15092409297818726,0.15092409297970283,0.15092409297680962,0.1509240929743385,0.15092409297680962,0.15092409297970283,0.15092409298170437,0.15092409297970283,0.15092409297818726,0.15092409297970283,0.15092409298170437,0.14963652313190076,0.14963652312697132,0.14963652312280337,0.14963652312697132,0.14963652313190076,0.14963652312697132,0.14963652311881032,0.14963652311040532,0.14963652311881032,0.14963652312697132,0.14963652312280337,0.14963652311040532,0.14963652309446293,0.14963652311040532,0.14963652312280337,0.14963652312697132,0.14963652311881032,0.14963652311040532,0.14963652311881032,0.14963652312697132,0.14963652313190076,0.14963652312697132,0.14963652312280337,0.14963652312697132,0.14963652313190076,0.14837453641342482,0.1483745364029765,0.14837453639265935,0.1483745364029765,0.14837453641342482,0.1483745364029765,0.1483745363822831,0.14837453635436873,0.1483745363822831,0.1483745364029765,0.14837453639265935,0.14837453635436873,0.1483745362764805,0.14837453635436873,0.14837453639265935,0.1483745364029765,0.1483745363822831,0.14837453635436873,0.1483745363822831,0.1483745364029765,0.14837453641342482,0.1483745364029765,0.14837453639265935,0.1483745364029765,0.14837453641342482,0.14713758232065768,0.14713758230425805,0.1471375822846894,0.14713758230425805,0.14713758232065768,0.14713758230425805,0.14713758226445697,0.14713758218592282,0.14713758226445697,0.14713758230425805,0.1471375822846894,0.14713758218592282,0.14713758175563246,0.14713758218592282,0.1471375822846894,0.14713758230425805,0.14713758226445697,0.14713758218592282,0.14713758226445697,0.14713758230425805,0.14713758232065768,0.14713758230425805,0.1471375822846894,0.14713758230425805,0.14713758232065768,0.14592511821330456,0.14592511820137927,0.14592511818964965,0.14592511820137927,0.14592511821330456,0.14592511820137927,0.14592511817786125,0.14592511814610956,0.14592511817786125,0.14592511820137927,0.14592511818964965,0.14592511814610956,0.14592511805426073,0.14592511814610956,0.14592511818964965,0.14592511820137927,0.14592511817786125,0.14592511814610956,0.14592511817786125,0.14592511820137927,0.14592511821330456,0.14592511820137927,0.14592511818964965,0.14592511820137927,0.14592511821330456,0.14473660966739937,0.14473660965945562,0.14473660965231147,0.14473660965945562,0.14473660966739937,0.14473660965945562,0.14473660964533716,0.14473660962824872,0.14473660964533716,0.14473660965945562,0.14473660965231147,0.14473660962824872,0.1447366095779899,0.14473660962824872,0.14473660965231147,0.14473660965945562,0.14473660964533716,0.14473660962824872,0.14473660964533716,0.14473660965945562,0.14473660966739937,0.14473660965945562,0.14473660965231147,0.14473660965945562,0.14473660966739937,0.1435715308123694,0.14357153080579915,0.14357153079963225,0.14357153080579915,0.1435715308123694,0.14357153080579915,0.14357153079356785,0.1435715307769331,0.14357153079356785,0.14357153080579915,0.14357153079963225,0.1435715307769331,0.1435715307164358,0.1435715307769331,0.14357153079963225,0.14357153080579915,0.14357153079356785,0.1435715307769331,0.14357153079356785,0.14357153080579915,0.1435715308123694,0.14357153080579915,0.14357153079963225,0.14357153080579915,0.1435715308123694,0.14242936459679337,0.14242936459025388,0.1424293645835606,0.14242936459025388,0.14242936459679337,0.14242936459025388,0.1424293645768027,0.14242936455619187,0.1424293645768027,0.14242936459025388,0.1424293645835606,0.14242936455619187,0.1424293644728998,0.14242936455619187,0.1424293645835606,0.14242936459025388,0.1424293645768027,0.14242936455619187,0.1424293645768027,0.14242936459025388,0.14242936459679337,0.14242936459025388,0.1424293645835606,0.14242936459025388,0.14242936459679337,0.14130960299873366,0.14130960299276452,0.1413096029859231,0.14130960299276452,0.14130960299873366,0.14130960299276452,0.141309602978806,0.14130960295452968,0.141309602978806,0.14130960299276452,0.1413096029859231,0.14130960295452968,0.1413096028461015,0.14130960295452968,0.1413096029859231,0.14130960299276452,0.141309602978806,0.14130960295452968,0.141309602978806,0.14130960299276452,0.14130960299873366,0.14130960299276452,0.1413096029859231,0.14130960299276452,0.14130960299873366,0.14021174719079357,0.14021174718838592,0.14021174718436424,0.14021174718838592,0.14021174719079357,0.14021174718838592,0.14021174717989981,0.14021174715997445,0.14021174717989981,0.14021174718838592,0.14021174718436424,0.14021174715997445,0.14021174704921371,0.14021174715997445,0.14021174718436424,0.14021174718838592,0.14021174717989981,0.14021174715997445,0.14021174717989981,0.14021174718838592,0.14021174719079357,0.14021174718838592,0.14021174718436424,0.14021174718838592,0.14021174719079357,0.1391353076641677,0.13913530767082202,0.13913530767610313,0.13913530767082202,0.1391353076641677,0.13913530767082202,0.13913530768106752,0.13913530768994423,0.13913530768106752,0.13913530767082202,0.13913530767610313,0.13913530768994423,0.1391353077009989,0.13913530768994423,0.13913530767610313,0.13913530767082202,0.13913530768106752,0.13913530768994423,0.13913530768106752,0.13913530767082202,0.1391353076641677,0.13913530767082202,0.13913530767610313,0.13913530767082202,0.1391353076641677,0.13807980431659286,0.13807980433700576,0.13807980435748224,0.13807980433700576,0.13807980431659286,0.13807980433700576,0.13807980437820647,0.13807980443462586,0.13807980437820647,0.13807980433700576,0.13807980435748224,0.13807980443462586,0.1380798045934461,0.13807980443462586,0.13807980435748224,0.13807980433700576,0.13807980437820647,0.13807980443462586,0.13807980437820647,0.13807980433700576,0.13807980431659286,0.13807980433700576,0.13807980435748224,0.13807980433700576,0.13807980431659286,0.13704476651471428,0.13704476654861344,0.1370447665897208,0.13704476654861344,0.13704476651471428,0.13704476654861344,0.13704476663234794,0.13704476680050406,0.13704476663234794,0.13704476654861344,0.1370447665897208,0.13704476680050406,0.1370447677326023,0.13704476680050406,0.1370447665897208,0.13704476654861344,0.13704476663234794,0.13704476680050406,0.13704476663234794,0.13704476654861344,0.13704476651471428,0.13704476654861344,0.1370447665897208,0.13704476654861344,0.13704476651471428,0.13602973313597766,0.1360297331596638,0.13602973318285055,0.1360297331596638,0.13602973313597766,0.1360297331596638,0.13602973320611175,0.1360297332682165,0.13602973320611175,0.1360297331596638,0.13602973318285055,0.1360297332682165,0.1360297334405297,0.1360297332682165,0.13602973318285055,0.1360297331596638,0.13602973320611175,0.1360297332682165,0.13602973320611175,0.1360297331596638,0.13602973313597766,0.1360297331596638,0.13602973318285055,0.1360297331596638,0.13602973313597766,0.1350342526226402,0.13503425263747817,0.13503425264972685,0.13503425263747817,0.1350342526226402,0.13503425263747817,0.1350342526613511,0.13503425268501534,0.13503425266135094,0.13503425263747817,0.13503425264972685,0.13503425268501534,0.13503425272803968,0.13503425268501534,0.13503425264972685,0.13503425263747817,0.13503425266135094,0.13503425268501534,0.13503425266135094,0.13503425263747817,0.1350342526226402,0.13503425263747817,0.13503425264972685,0.13503425263747817,0.1350342526226402
0.16533248759374222,0.16533248759374222,0.16533248759374222,0.16533248759374222,0.16533248759374222,0.16533248759374222,0.16533248759374222,0.16533248759374222,0.16533248759374222,0.16533248759374222,0.16533248759374222,0.16533248759374222,0.16533248759374222,0.16533248759374222,0.16533248759374222,0.16533248759374222,0.16533248759374222,0.16533248759374222,0.16533248759374222,0.16533248759374222,0.16533248759374222,0.16533248759374222,0.16533248759374222,0.16533248759374222,0.16533248759374222,0.16375749387879945,0.1637574938787992,0.1637574938787992,0.1637574938787992,0.16375749387879945,0.1637574938787992,0.1637574938787992,0.1637574938787992,0.1637574938787992,0.1637574938787992,0.1637574938787992,0.1637574938787992,0.16375749387879898,0.1637574938787992,0.1637574938787992,0.1637574938787992,0.1637574938787992,0.1637574938787992,0.1637574938787992,0.1637574938787992,0.16375749387879945,0.1637574938787992,0.1637574938787992,0.1637574938787992,0.16375749387879945,0.1622138840957109,0.16221388409571066,0.16221388409571044,0.16221388409571066,0.1622138840957109,0.16221388409571066,0.16221388409571022,0.16221388409571022,0.16221388409571022,0.16221388409571066,0.16221388409571044,0.16221388409571022,0.16221388409570997,0.16221388409571022,0.16221388409571044,0.16221388409571066,0.16221388409571022,0.16221388409571022,0.16221388409571022,0.16221388409571066,0.1622138840957109,0.16221388409571066,0.16221388409571044,0.16221388409571066,0.1622138840957109,0.16070106720151844,0.16070106720151733,0.1607010672015169,0.16070106720151733,0.16070106720151844,0.16070106720151733,0.16070106720151642,0.16070106720151578,0.16070106720151642,0.16070106720151733,0.1607010672015169,0.16070106720151578,0.1607010672015151,0.16070106720151578,0.1607010672015169,0.16070106720151733,0.16070106720151642,0.16070106720151578,0.16070106720151642,0.16070106720151733,0.16070106720151844,0.16070106720151733,0.1607010672015169,0.16070106720151733,0.16070106720151844,0.15921845157120182,0.15921845157119857,0.1592184515711966,0.15921845157119857,0.15921845157120182,0.15921845157119857,0.1592184515711953,0.15921845157119335,0.1592184515711953,0.15921845157119857,0.1592184515711966,0.15921845157119335,0.15921845157119116,0.15921845157119335,0.1592184515711966,0.15921845157119857,0.1592184515711953,0.15921845157119335,0.1592184515711953,0.15921845157119857,0.15921845157120182,0.15921845157119857,0.1592184515711966,0.15921845157119857,0.15921845157120182,0.1577654463495326,0.157765446349523,0.1577654463495168,0.157765446349523,0.1577654463495326,0.157765446349523,0.15776544634951253,0.15776544634950612,0.15776544634951253,0.157765446349523,0.1577654463495168,0.15776544634950612,0.1577654463494991,0.15776544634950612,0.1577654463495168,0.157765446349523,0.15776544634951253,0.15776544634950612,0.15776544634951253,0.157765446349523,0.1577654463495326,0.157765446349523,0.1577654463495168,0.157765446349523,0.1577654463495326,0.1563414626654033,0.1563414626653738,0.15634146266535498,0.1563414626653738,0.1563414626654033,0.1563414626653738,0.15634146266534138,0.1563414626653205,0.15634146266534138,0.1563414626653738,0.15634146266535498,0.1563414626653205,0.1563414626652981,0.1563414626653205,0.15634146266535498,0.1563414626653738,0.15634146266534138,0.1563414626653205,0.15634146266534138,0.1563414626653738,0.1563414626654033,0.1563414626653738,0.15634146266535498,0.1563414626653738,0.1563414626654033,0.15494591471890581,0.15494591471881733,0.15494591471875993,0.15494591471881733,0.15494591471890581,0.15494591471881733,0.15494591471871627,0.15494591471864885,0.15494591471871627,0.15494591471881733,0.15494591471875993,0.15494591471864885,0.15494591471857305,0.15494591471864885,0.15494591471875993,0.15494591471881733,0.15494591471871627,0.15494591471864885,0.15494591471871627,0.15494591471881733,0.15494591471890581,0.15494591471881733,0.15494591471875993,0.15494591471881733,0.15494591471890581,0.15357822075089014,0.15357822075063124,0.15357822075045754,0.15357822075063124,0.15357822075089014,0.15357822075063124,0.15357822075031793,0.15357822075009642,0.15357822075031793,0.15357822075063124,0.15357822075045754,0.15357822075009642,0.1535782207498365,0.15357822075009642,0.15357822075045754,0.15357822075063124,0.15357822075031793,0.15357822075009642,0.15357822075031793,0.15357822075063124,0.15357822075089014,0.15357822075063124,0.15357822075045754,0.15357822075063124,0.15357822075089014,0.1522378039042178,0.15223780390348596,0.1522378039029712,0.15223780390348596,0.1522378039042178,0.15223780390348596,0.15223780390252933,0.15223780390180594,0.15223780390252933,0.15223780390348596,0.1522378039029712,0.15223780390180594,0.15223780390087507,0.15223780390180594,0.1522378039029712,0.15223780390348596,0.15223780390252933,0.15223780390180594,0.15223780390252933,0.15223780390348596,0.1522378039042178,0.15223780390348596,0.1522378039029712,0.15223780390348596,0.1522378039042178,0.15092409298546747,0.1509240929835045,0.15092409298201848,0.1509240929835045,0.15092409298546747,0.1509240929835045,0.15092409298066822,0.1509240929782467,0.15092409298066822,0.1509240929835045,0.15092409298201848,0.1509240929782467,0.15092409297463194,0.1509240929782467,0.15092409298201848,0.1509240929835045,0.15092409298066822,0.1509240929782467,0.15092409298066822,0.1509240929835045,0.15092409298546747,0.1509240929835045,0.15092409298201848,0.1509240929835045,0.15092409298546747,0.14963652313547593,0.14963652313063974,0.1496365231265525,0.14963652313063974,0.14963652313547593,0.14963652313063974,0.14963652312263773,0.14963652311440181,0.14963652312263773,0.14963652313063974,0.1496365231265525,0.14963652311440181,0.14963652309878991,0.14963652311440181,0.1496365231265525,0.14963652313063974,0.14963652312263773,0.14963652311440181,0.14963652312263773,0.14963652313063974,0.14963652313547593,0.14963652313063974,0.1496365231265525,0.14963652313063974,0.14963652313547593,0.14837453641661993,0.14837453640636117,0.14837453639623935,0.14837453640636117,0.14837453641661993,0.14837453640636117,0.14837453638606235,0.1483745363587084,0.14837453638606235,0.14837453640636117,0.14837453639623935,0.1483745363587084,0.14837453628245553,0.1483745363587084,0.14837453639623935,0.14837453640636117,0.14837453638606235,0.1483745363587084,0.14837453638606235,0.14837453640636117,0.14837453641661993,0.14837453640636117,0.14837453639623935,0.14837453640636117,0.14837453641661993,0.14713758232307717,0.14713758230694293,0.14713758228771945,0.14713758230694293,0.14713758232307717,0.14713758230694293,0.14713758226784887,0.14713758219085443,0.14713758226784887,0.14713758230694293,0.14713758228771945,0.14713758219085443,0.14713758176967093,0.14713758219085443,0.14713758228771945,0.14713758230694293,0.14713758226784887,0.14713758219085443,0.14713758226784887,0.14713758230694293,0.14713758232307717,0.14713758230694293,0.14713758228771945,0.14713758230694293,0.14713758232307717,0.14592511821438986,0.14592511820254309,0.1459251181908717,0.14592511820254309,0.14592511821438986,0.14592511820254309,0.1459251181791394,0.14592511814738984,0.1459251181791394,0.14592511820254309,0.1459251181908717,0.14592511814738984,0.14592511805424932,0.14592511814738984,0.1459251181908717,0.14592511820254309,0.1459251181791394,0.14592511814738984,0.1459251181791394,0.14592511820254309,0.14592511821438986,0.14592511820254309,0.1459251181908717,0.14592511820254309,0.14592511821438986,0.1447366096669705,0.14473660965898066,0.14473660965176144,0.14473660965898066,0.1447366096669705,0.14473660965898066,0.1447366096447051,0.14473660962724574,0.1447366096447051,0.14473660965898066,0.14473660965176144,0.14473660962724574,0.14473660957495535,0.14473660962724574,0.14473660965176144,0.14473660965898066,0.1447366096447051,0.14473660962724574,0.1447366096447051,0.14473660965898066,0.1447366096669705,0.14473660965898066,0.14473660965176144,0.14473660965898066,0.1447366096669705,0.1435715308105003,0.14357153080385482,0.14357153079759874,0.14357153080385482,0.1435715308105003,0.14357153080385482,0.14357153079144072,0.14357153077448292,0.14357153079144072,0.14357153080385482,0.14357153079759874,0.14357153077448292,0.14357153071255,0.14357153077448292,0.14357153079759874,0.14357153080385482,0.14357153079144072,0.14357153077448292,0.14357153079144072,0.14357153080385482,0.1435715308105003,0.14357153080385482,0.14357153079759874,0.14357153080385482,0.1435715308105003,0.14242936459361816,0.1424293645870208,0.14242936458026761,0.1424293645870208,0.14242936459361816,0.1424293645870208,0.14242936457344882,0.14242936455265276,0.14242936457344882,0.1424293645870208,0.14242936458026761,0.14242936455265276,0.14242936446861523,0.14242936455265276,0.14242936458026761,0.1424293645870208,0.14242936457344882,0.14242936455265276,0.14242936457344882,0.1424293645870208,0.14242936459361816,0.1424293645870208,0.14242936458026761,0.1424293645870208,0.14242936459361816,0.14130960299435164,0.1413096029883496,0.14130960298148104,0.1413096029883496,0.14130960299435164,0.1413096029883496,0.14130960297433845,0.14130960295000802,0.14130960297433845,0.1413096029883496,0.14130960298148104,0.14130960295000802,0.14130960284149563,0.14130960295000802,0.14130960298148104,0.1413096029883496,0.14130960297433845,0.14130960295000802,0.14130960297433845,0.1413096029883496,0.14130960299435164,0.1413096029883496,0.14130960298148104,0.1413096029883496,0.14130960299435164,0.14021174718525228,0.14021174718281704,0.1402117471787796,0.14021174718281704,0.14021174718525228,0.14021174718281704,0.1402117471743029,0.14021174715438783,0.1402117471743029,0.14021174718281704,0.1402117471787796,0.14021174715438783,0.14021174704385753,0.14021174715438783,0.1402117471787796,0.14021174718281704,0.1402117471743029,0.14021174715438783,0.1402117471743029,0.14021174718281704,0.14021174718525228,0.14021174718281704,0.1402117471787796,0.14021174718281704,0.14021174718525228,0.13913530765750362,0.13913530766409515,0.13913530766932503,0.13913530766409515,0.13913530765750362,0.13913530766409515,0.1391353076742412,0.13913530768302415,0.1391353076742412,0.13913530766409515,0.13913530766932503,0.13913530768302415,0.13913530769392532,0.13913530768302415,0.13913530766932503,0.13913530766409515,0.1391353076742412,0.13913530768302415,0.1391353076742412,0.13913530766409515,0.13913530765750362,0.13913530766409515,0.13913530766932503,0.13913530766409515,0.13913530765750362,0.13807980430891476,0.1380798043291895,0.13807980434952968,0.1380798043291895,0.13807980430891476,0.1380798043291895,0.13807980437011658,0.13807980442616713,0.13807980437011658,0.1380798043291895,0.13807980434952968,0.13807980442616713,0.13807980458396205,0.13807980442616713,0.13807980434952968,0.1380798043291895,0.13807980437011658,0.13807980442616713,0.13807980437011658,0.1380798043291895,0.13807980430891476,0.1380798043291895,0.13807980434952968,0.1380798043291895,0.13807980430891476,0.13704476650628672,0.13704476653996753,0.13704476658081202,0.13704476653996753,0.13704476650628672,0.13704476653996753,0.13704476662316686,0.1370447667902532,0.13704476662316686,0.13704476653996753,0.13704476658081202,0.1370447667902532,0.1370447677164164,0.1370447667902532,0.13704476658081202,0.13704476653996753,0.13704476662316686,0.1370447667902532,0.13704476662316686,0.13704476653996753,0.13704476650628672,0.13704476653996753,0.13704476658081202,0.13704476653996753,0.13704476650628672,0.13602973312723302,0.13602973315076766,0.13602973317380668,0.13602973315076766,0.13602973312723302,0.13602973315076766,0.13602973319691966,0.1360297332586294,0.13602973319691966,0.13602973315076766,0.13602973317380668,0.1360297332586294,0.1360297334298485,0.1360297332586294,0.13602973317380668,0.13602973315076766,0.13602973319691966,0.1360297332586294,0.13602973319691966,0.13602973315076766,0.13602973312723302,0.13602973315076766,0.13602973317380668,0.13602973315076766,0.13602973312723302,0.13503425261387783,0.13503425262862123,0.13503425264079183,0.13503425262862123,0.13503425261387783,0.13503425262862123,0.1350342526523419,0.1350342526758558,0.1350342526523419,0.13503425262862123,0.13503425264079183,0.1350342526758558,0.13503425271860672,0.1350342526758558,0.13503425264079183,0.13503425262862123,0.1350342526523419,0.1350342526758558,0.1350342526523419,0.13503425262862123,0.13503425261387783,0.13503425262862123,0.13503425264079183,0.13503425262862123,0.13503425261387783
0.16533248759853936,0.16533248759853936,0.16533248759853936,0.16533248759853936,0.16533248759853936,0.16533248759853936,0.16533248759853936,0.16533248759853936,0.16533248759853936,0.16533248759853936,0.16533248759853936,0.16533248759853936,0.16533248759853914,0.16533248759853936,0.16533248759853936,0.16533248759853936,0.16533248759853936,0.16533248759853936,0.16533248759853936,0.16533248759853936,0.16533248759853936,0.16533248759853936,0.16533248759853936,0.16533248759853936,0.16533248759853936,0.1637574938835027,0.16375749388350247,0.16375749388350247,0.16375749388350247,0.1637574938835027,0.16375749388350247,0.16375749388350247,0.16375749388350222,0.16375749388350247,0.16375749388350247,0.16375749388350247,0.16375749388350222,0.16375749388350222,0.16375749388350222,0.16375749388350247,0.16375749388350247,0.16375749388350247,0.16375749388350222,0.16375749388350247,0.16375749388350247,0.1637574938835027,0.16375749388350247,0.16375749388350247,0.16375749388350247,0.1637574938835027,0.16221388410032353,0.16221388410032309,0.16221388410032309,0.16221388410032309,0.16221388410032353,0.16221388410032309,0.16221388410032284,0.16221388410032264,0.16221388410032284,0.16221388410032309,0.16221388410032309,0.16221388410032264,0.16221388410032242,0.16221388410032264,0.16221388410032309,0.16221388410032309,0.16221388410032284,0.16221388410032264,0.16221388410032284,0.16221388410032309,0.16221388410032353,0.16221388410032309,0.16221388410032309,0.16221388410032309,0.16221388410032353,0.16070106720604346,0.16070106720604238,0.1607010672060417,0.16070106720604238,0.16070106720604346,0.16070106720604238,0.16070106720604146,0.16070106720604083,0.16070106720604146,0.16070106720604238,0.1607010672060417,0.16070106720604083,0.16070106720604013,0.16070106720604083,0.1607010672060417,0.16070106720604238,0.16070106720604146,0.16070106720604083,0.16070106720604124,0.16070106720604238,0.16070106720604346,0.16070106720604238,0.1607010672060417,0.16070106720604238,0.16070106720604346,0.1592184515756424,0.15921845157563913,0.15921845157563738,0.15921845157563913,0.1592184515756424,0.15921845157563913,0.15921845157563608,0.1592184515756339,0.15921845157563608,0.15921845157563913,0.15921845157563738,0.1592184515756339,0.15921845157563194,0.1592184515756339,0.15921845157563716,0.15921845157563913,0.15921845157563608,0.1592184515756339,0.15921845157563608,0.15921845157563913,0.1592184515756424,0.15921845157563913,0.15921845157563716,0.15921845157563913,0.1592184515756424,0.1577654463538917,0.15776544635388232,0.15776544635387635,0.15776544635388232,0.1577654463538917,0.15776544635388232,0.15776544635387207,0.15776544635386566,0.15776544635387207,0.15776544635388232,0.15776544635387635,0.15776544635386566,0.15776544635385906,0.15776544635386566,0.15776544635387635,0.15776544635388232,0.15776544635387207,0.15776544635386566,0.15776544635387207,0.15776544635388232,0.1577654463538917,0.15776544635388232,0.15776544635387635,0.15776544635388232,0.1577654463538917,0.15634146266968374,0.15634146266965485,0.15634146266963647,0.15634146266965485,0.15634146266968374,0.15634146266965485,0.1563414626696233,0.1563414626696028,0.1563414626696233,0.15634146266965485,0.15634146266963647,0.1563414626696028,0.15634146266958085,0.1563414626696028,0.15634146266963647,0.15634146266965485,0.1563414626696233,0.1563414626696028,0.1563414626696233,0.15634146266965485,0.15634146266968374,0.15634146266965485,0.15634146266963647,0.15634146266965485,0.15634146266968374,0.15494591472310942,0.15494591472302274,0.15494591472296657,0.15494591472302274,0.15494591472310942,0.15494591472302274,0.15494591472292393,0.15494591472285793,0.15494591472292393,0.15494591472302274,0.15494591472296657,0.15494591472285793,0.15494591472278377,0.15494591472285793,0.15494591472296657,0.15494591472302274,0.15494591472292393,0.15494591472285793,0.15494591472292393,0.15494591472302274,0.15494591472310942,0.15494591472302274,0.15494591472296657,0.15494591472302274,0.15494591472310942,0.15357822075501584,0.1535782207547624,0.15357822075459246,0.1535782207547624,0.15357822075501584,0.1535782207547624,0.1535782207544559,0.1535782207542394,0.1535782207544559,0.1535782207547624,0.15357822075459246,0.1535782207542394,0.15357822075398514,0.1535782207542394,0.15357822075459246,0.1535782207547624,0.1535782207544559,0.1535782207542394,0.1535782207544559,0.1535782207547624,0.15357822075501584,0.1535782207547624,0.15357822075459246,0.1535782207547624,0.15357822075501584,0.15223780390825714,0.15223780390754046,0.15223780390703673,0.15223780390754046,0.15223780390825714,0.15223780390754046,0.15223780390660446,0.15223780390589664,0.15223780390660446,0.15223780390754046,0.15223780390703673,0.15223780390589664,0.15223780390498606,0.15223780390589664,0.15223780390703673,0.15223780390754046,0.15223780390660446,0.15223780390589664,0.15223780390660446,0.15223780390754046,0.15223780390825714,0.15223780390754046,0.15223780390703673,0.15223780390754046,0.15223780390825714,0.15092409298939108,0.15092409298746862,0.1509240929860138,0.15092409298746862,0.15092409298939108,0.15092409298746862,0.1509240929846923,0.1509240929823231,0.1509240929846923,0.15092409298746862,0.1509240929860138,0.1509240929823231,0.15092409297878784,0.1509240929823231,0.1509240929860138,0.15092409298746862,0.1509240929846923,0.1509240929823231,0.1509240929846923,0.15092409298746862,0.15092409298939108,0.15092409298746862,0.1509240929860138,0.15092409298746862,0.15092409298939108,0.14963652313920145,0.1496365231344634,0.14963652313046105,0.1496365231344634,0.14963652313920145,0.1496365231344634,0.1496365231266289,0.14963652311857112,0.1496365231266289,0.1496365231344634,0.14963652313046105,0.14963652311857112,0.1496365231033075,0.14963652311857112,0.14963652313046105,0.1496365231344634,0.1496365231266289,0.14963652311857112,0.1496365231266289,0.1496365231344634,0.14963652313920145,0.1496365231344634,0.14963652313046105,0.1496365231344634,0.14963652313920145,0.14837453641994472,0.1483745364098856,0.1483745363999697,0.1483745364098856,0.14837453641994472,0.1483745364098856,0.14837453639000228,0.1483745363632388,0.14837453639000228,0.1483745364098856,0.1483745363999697,0.1483745363632388,0.14837453628870892,0.1483745363632388,0.1483745363999697,0.1483745364098856,0.14837453639000228,0.1483745363632388,0.14837453639000228,0.1483745364098856,0.14837453641994472,0.1483745364098856,0.1483745363999697,0.1483745364098856,0.14837453641994472,0.14713758232558513,0.14713758230973029,0.1471375822908701,0.14713758230973029,0.14713758232558513,0.14713758230973029,0.1471375822713801,0.1471375821960075,0.1471375822713801,0.14713758230973029,0.1471375822908701,0.1471375821960075,0.1471375817844985,0.1471375821960075,0.1471375822908701,0.14713758230973029,0.1471375822713801,0.1471375821960075,0.1471375822713801,0.14713758230973029,0.14713758232558513,0.14713758230973029,0.1471375822908701,0.14713758230973029,0.14713758232558513,0.1459251182154935,0.14592511820372828,0.1459251181921171,0.14592511820372828,0.1459251182154935,0.14592511820372828,0.14592511818044265,0.14592511814869222,0.14592511818044265,0.14592511820372828,0.1459251181921171,0.14592511814869222,0.14592511805413036,0.14592511814869222,0.1459251181921171,0.14592511820372828,0.14592511818044265,0.14592511814869222,0.14592511818044265,0.14592511820372828,0.1459251182154935,0.14592511820372828,0.1459251181921171,0.14592511820372828,0.1459251182154935,0.14473660966648247,0.144736609658442,0.1447366096511418,0.144736609658442,0.14473660966648247,0.144736609658442,0.1447366096439968,0.14473660962614068,0.1447366096439968,0.144736609658442,0.1447366096511418,0.14473660962614068,0.1447366095716806,0.14473660962614068,0.1447366096511418,0.144736609658442,0.1447366096439968,0.14473660962614068,0.1447366096439968,0.144736609658442,0.14473660966648247,0.144736609658442,0.1447366096511418,0.144736609658442,0.14473660966648247,0.14357153080850274,0.14357153080177476,0.14357153079542187,0.14357153080177476,0.14357153080850274,0.14357153080177476,0.14357153078916254,0.14357153077185533,0.14357153078916254,0.14357153080177476,0.14357153079542187,0.14357153077185533,0.14357153070836473,0.14357153077185533,0.14357153079542187,0.14357153080177476,0.14357153078916254,0.14357153077185533,0.14357153078916254,0.14357153080177476,0.14357153080850274,0.14357153080177476,0.14357153079542187,0.14357153080177476,0.14357153080850274,0.14242936459025876,0.14242936458359667,0.14242936457677635,0.14242936458359667,0.14242936459025876,0.14242936458359667,0.14242936456988947,0.14242936454888624,0.14242936456988947,0.14242936458359667,0.14242936457677635,0.14242936454888624,0.1424293644640487,0.14242936454888624,0.14242936457677635,0.14242936458359667,0.14242936456988947,0.14242936454888624,0.14242936456988947,0.14242936458359667,0.14242936459025876,0.14242936458359667,0.14242936457677635,0.14242936458359667,0.14242936459025876,0.1413096029897425,0.14130960298370163,0.14130960297680034,0.14130960298370163,0.1413096029897425,0.14130960298370163,0.1413096029696265,0.1413096029452242,0.1413096029696265,0.14130960298370163,0.14130960297680034,0.1413096029452242,0.14130960283649885,0.1413096029452242,0.14130960297680034,0.14130960298370163,0.1413096029696265,0.1413096029452242,0.1413096029696265,0.14130960298370163,0.1413096029897425,0.14130960298370163,0.14130960297680034,0.14130960298370163,0.1413096029897425,0.1402117471794525,0.140211747176985,0.1402117471729274,0.140211747176985,0.1402117471794525,0.140211747176985,0.14021174716843393,0.1402117471485158,0.14021174716843393,0.140211747176985,0.1402117471729274,0.1402117471485158,0.14021174703819708,0.1402117471485158,0.1402117471729274,0.140211747176985,0.14021174716843393,0.1402117471485158,0.14021174716843393,0.140211747176985,0.1402117471794525,0.140211747176985,0.1402117471729274,0.140211747176985,0.1402117471794525,0.1391353076505581,0.1391353076570835,0.13913530766225946,0.1391353076570835,0.1391353076505581,0.1391353076570835,0.13913530766712473,0.13913530767580792,0.13913530766712473,0.1391353076570835,0.13913530766225946,0.13913530767580792,0.13913530768654164,0.13913530767580792,0.13913530766225946,0.1391353076570835,0.13913530766712473,0.13913530767580792,0.13913530766712473,0.1391353076570835,0.1391353076505581,0.1391353076570835,0.13913530766225946,0.1391353076570835,0.1391353076505581,0.13807980430093864,0.13807980432107217,0.13807980434127282,0.13807980432107217,0.13807980430093864,0.13807980432107217,0.13807980436171938,0.13807980441739348,0.13807980436171938,0.13807980432107217,0.13807980434127282,0.13807980441739348,0.13807980457414407,0.13807980441739348,0.13807980434127282,0.13807980432107217,0.13807980436171938,0.13807980441739348,0.13807980436171938,0.13807980432107217,0.13807980430093864,0.13807980432107217,0.13807980434127282,0.13807980432107217,0.13807980430093864,0.13704476649755065,0.13704476653100917,0.1370447665715859,0.13704476653100917,0.13704476649755065,0.13704476653100917,0.1370447666136639,0.1370447667796627,0.1370447666136639,0.13704476653100917,0.1370447665715859,0.1370447667796627,0.13704476769982338,0.1370447667796627,0.1370447665715859,0.13704476653100917,0.1370447666136639,0.1370447667796627,0.1370447666136639,0.13704476653100917,0.13704476649755065,0.13704476653100917,0.1370447665715859,0.13704476653100917,0.13704476649755065,0.1360297331181772,0.1360297331415578,0.1360297331644464,0.1360297331415578,0.1360297331181772,0.1360297331415578,0.13602973318740874,0.13602973324871695,0.13602973318740874,0.1360297331415578,0.1360297331644464,0.13602973324871695,0.13602973341882385,0.13602973324871695,0.1360297331644464,0.1360297331415578,0.13602973318740874,0.13602973324871695,0.13602973318740874,0.1360297331415578,0.1360297331181772,0.1360297331415578,0.1360297331644464,0.1360297331415578,0.1360297331181772,0.13503425260480725,0.13503425261945423,0.13503425263154556,0.13503425261945423,0.13503425260480725,0.13503425261945423,0.13503425264302035,0.1350342526663811,0.13503425264302035,0.13503425261945423,0.13503425263154556,0.1350342526663811,0.1350342527088542,0.1350342526663811,0.13503425263154556,0.13503425261945423,0.13503425264302035,0.1350342526663811,0.13503425264302035,0.13503425261945423,0.13503425260480725,0.13503425261945423,0.13503425263154556,0.13503425261945423,0.13503425260480725
0.1653324876035357,0.1653324876035357,0.1653324876035357,0.1653324876035357,0.1653324876035357,0.1653324876035357,0.1653324876035357,0.1653324876035357,0.1653324876035357,0.1653324876035357,0.1653324876035357,0.1653324876035357,0.1653324876035357,0.1653324876035357,0.1653324876035357,0.1653324876035357,0.1653324876035357,0.1653324876035357,0.1653324876035357,0.1653324876035357,0.1653324876035357,0.1653324876035357,0.1653324876035357,0.1653324876035357,0.1653324876035357,0.16375749388840113,0.16375749388840113,0.1637574938884009,0.16375749388840113,0.16375749388840113,0.16375749388840113,0.1637574938884009,0.1637574938884009,0.1637574938884009,0.16375749388840113,0.1637574938884009,0.1637574938884009,0.1637574938884009,0.1637574938884009,0.1637574938884009,0.16375749388840113,0.1637574938884009,0.1637574938884009,0.1637574938884009,0.16375749388840113,0.16375749388840113,0.16375749388840113,0.1637574938884009,0.16375749388840113,0.16375749388840113,0.1622138841051275,0.16221388410512705,0.16221388410512683,0.16221388410512705,0.1622138841051275,0.16221388410512705,0.16221388410512683,0.1622138841051266,0.16221388410512683,0.16221388410512705,0.16221388410512683,0.1622138841051266,0.16221388410512635,0.1622138841051266,0.16221388410512683,0.16221388410512705,0.16221388410512683,0.1622138841051266,0.16221388410512683,0.16221388410512705,0.1622138841051275,0.16221388410512705,0.16221388410512683,0.16221388410512705,0.1622138841051275,0.160701067210756,0.1607010672107549,0.16070106721075422,0.1607010672107549,0.160701067210756,0.1607010672107549,0.16070106721075403,0.16070106721075333,0.16070106721075403,0.1607010672107549,0.16070106721075422,0.16070106721075333,0.16070106721075267,0.16070106721075333,0.16070106721075422,0.1607010672107549,0.16070106721075403,0.16070106721075333,0.16070106721075403,0.1607010672107549,0.160701067210756,0.1607010672107549,0.16070106721075422,0.1607010672107549,0.160701067210756,0.15921845158026648,0.15921845158026365,0.1592184515802617,0.15921845158026365,0.15921845158026648,0.15921845158026365,0.15921845158026038,0.15921845158025844,0.15921845158026038,0.15921845158026365,0.1592184515802617,0.15921845158025844,0.15921845158025646,0.15921845158025844,0.1592184515802617,0.15921845158026365,0.15921845158026038,0.15921845158025844,0.15921845158026038,0.15921845158026365,0.15921845158026648,0.15921845158026365,0.1592184515802617,0.15921845158026365,0.15921845158026648,0.1577654463584309,0.15776544635842152,0.15776544635841575,0.15776544635842152,0.1577654463584309,0.15776544635842152,0.1577654463584117,0.1577654463584055,0.1577654463584117,0.15776544635842152,0.15776544635841575,0.1577654463584055,0.15776544635839887,0.1577654463584055,0.15776544635841575,0.15776544635842152,0.1577654463584117,0.1577654463584055,0.1577654463584117,0.15776544635842152,0.1577654463584309,0.15776544635842152,0.15776544635841575,0.15776544635842152,0.1577654463584309,0.1563414626741404,0.15634146267411217,0.1563414626740942,0.15634146267411217,0.1563414626741404,0.15634146267411217,0.15634146267408122,0.15634146267406138,0.15634146267408122,0.15634146267411217,0.1563414626740942,0.15634146267406138,0.15634146267403984,0.15634146267406138,0.1563414626740942,0.15634146267411217,0.15634146267408122,0.15634146267406138,0.15634146267408122,0.15634146267411217,0.1563414626741404,0.15634146267411217,0.1563414626740942,0.15634146267411217,0.1563414626741404,0.15494591472748534,0.15494591472740069,0.15494591472734578,0.15494591472740069,0.15494591472748534,0.15494591472740069,0.15494591472730418,0.15494591472723981,0.15494591472730418,0.15494591472740069,0.15494591472734578,0.15494591472723981,0.15494591472716768,0.15494591472723981,0.15494591472734578,0.15494591472740069,0.15494591472730418,0.15494591472723981,0.15494591472730418,0.15494591472740069,0.15494591472748534,0.15494591472740069,0.15494591472734578,0.15494591472740069,0.15494591472748534,0.15357822075931007,0.15357822075906247,0.15357822075889635,0.15357822075906247,0.15357822075931007,0.15357822075906247,0.15357822075876298,0.1535782207585515,0.15357822075876298,0.15357822075906247,0.15357822075889635,0.1535782207585515,0.15357822075830305,0.1535782207585515,0.15357822075889635,0.15357822075906247,0.15357822075876298,0.1535782207585515,0.15357822075876298,0.15357822075906247,0.15357822075931007,0.15357822075906247,0.15357822075889635,0.15357822075906247,0.15357822075931007,0.15223780391246042,0.1522378039117599,0.1522378039112676,0.1522378039117599,0.15223780391246042,0.1522378039117599,0.15223780391084538,0.15223780391015387,0.15223780391084538,0.1522378039117599,0.1522378039112676,0.15223780391015387,0.15223780390926459,0.15223780391015387,0.1522378039112676,0.1522378039117599,0.15223780391084538,0.15223780391015387,0.15223780391084538,0.1522378039117599,0.15223780391246042,0.1522378039117599,0.1522378039112676,0.1522378039117599,0.15223780391246042,0.1509240929934727,0.15092409299159307,0.15092409299017107,0.15092409299159307,0.1509240929934727,0.15092409299159307,0.15092409298887965,0.150924092986565,0.15092409298887965,0.15092409299159307,0.15092409299017107,0.150924092986565,0.15092409298311346,0.150924092986565,0.15092409299017107,0.15092409299159307,0.15092409298887965,0.150924092986565,0.15092409298887965,0.15092409299159307,0.1509240929934727,0.15092409299159307,0.15092409299017107,0.15092409299159307,0.1509240929934727,0.14963652314307502,0.14963652313843984,0.14963652313452694,0.14963652313843984,0.14963652314307502,0.14963652313843984,0.14963652313078116,0.14963652312291037,0.14963652313078116,0.14963652313843984,0.14963652313452694,0.14963652312291037,0.14963652310801226,0.14963652312291037,0.14963652313452694,0.14963652313843984,0.14963652313078116,0.14963652312291037,0.14963652313078116,0.14963652313843984,0.14963652314307502,0.14963652313843984,0.14963652313452694,0.14963652313843984,0.14963652314307502,0.14837453642339743,0.1483745364135477,0.1483745364038479,0.1483745364135477,0.14837453642339743,0.1483745364135477,0.14837453639410067,0.14837453636795692,0.14837453639410067,0.1483745364135477,0.1483745364038479,0.14837453636795692,0.14837453629523606,0.14837453636795692,0.1483745364038479,0.1483745364135477,0.14837453639410067,0.14837453636795692,0.14837453639410067,0.1483745364135477,0.14837453642339743,0.1483745364135477,0.1483745364038479,0.1483745364135477,0.14837453642339743,0.14713758232818028,0.1471375823126181,0.1471375822941392,0.1471375823126181,0.14713758232818028,0.1471375823126181,0.1471375822750485,0.14713758220137838,0.1471375822750485,0.1471375823126181,0.1471375822941392,0.14713758220137838,0.14713758179995245,0.14713758220137838,0.1471375822941392,0.1471375823126181,0.1471375822750485,0.14713758220137838,0.1471375822750485,0.1471375823126181,0.14713758232818028,0.1471375823126181,0.1471375822941392,0.1471375823126181,0.14713758232818028,0.14592511821661514,0.14592511820493428,0.1459251181933854,0.14592511820493428,0.14592511821661514,0.14592511820493428,0.14592511818177084,0.14592511815001646,0.14592511818177084,0.14592511820493428,0.1459251181933854,0.14592511815001646,0.14592511805397065,0.14592511815001646,0.1459251181933854,0.14592511820493428,0.14592511818177084,0.14592511815001646,0.14592511818177084,0.14592511820493428,0.14592511821661514,0.14592511820493428,0.1459251181933854,0.14592511820493428,0.14592511821661514,0.1447366096659361,0.1447366096578405,0.14473660965045337,0.1447366096578405,0.1447366096659361,0.1447366096578405,0.14473660964321358,0.14473660962493506,0.14473660964321358,0.1447366096578405,0.14473660965045337,0.14473660962493506,0.14473660956818438,0.14473660962493506,0.14473660965045337,0.1447366096578405,0.14473660964321358,0.14473660962493506,0.14473660964321358,0.1447366096578405,0.1447366096659361,0.1447366096578405,0.14473660965045337,0.1447366096578405,0.1447366096659361,0.14357153080637838,0.14357153079956142,0.14357153079310397,0.14357153079956142,0.14357153080637838,0.14357153079956142,0.14357153078673532,0.14357153076905282,0.14357153078673532,0.14357153079956142,0.14357153079310397,0.14357153076905282,0.14357153070393414,0.14357153076905282,0.14357153079310397,0.14357153079956142,0.14357153078673532,0.14357153076905282,0.14357153078673532,0.14357153079956142,0.14357153080637838,0.14357153079956142,0.14357153079310397,0.14357153079956142,0.14357153080637838,0.1424293645867175,0.14242936457998395,0.14242936457308986,0.14242936457998395,0.1424293645867175,0.14242936457998395,0.14242936456612762,0.14242936454489577,0.14242936456612762,0.14242936457998395,0.14242936457308986,0.14242936454489577,0.14242936445913607,0.14242936454489577,0.14242936457308986,0.14242936457998395,0.14242936456612762,0.14242936454489577,0.14242936456612762,0.14242936457998395,0.1424293645867175,0.14242936457998395,0.14242936457308986,0.14242936457998395,0.1424293645867175,0.1413096029849095,0.14130960297882425,0.1413096029718843,0.14130960297882425,0.1413096029849095,0.14130960297882425,0.14130960296467346,0.1413096029401822,0.14130960296467346,0.14130960297882425,0.1413096029718843,0.1413096029401822,0.14130960283117952,0.1413096029401822,0.1413096029718843,0.14130960297882425,0.14130960296467346,0.1413096029401822,0.14130960296467346,0.14130960297882425,0.1413096029849095,0.14130960297882425,0.1413096029718843,0.14130960297882425,0.1413096029849095,0.14021174717339763,0.14021174717089369,0.14021174716681173,0.14021174717089369,0.14021174717339763,0.14021174717089369,0.14021174716229698,0.1402117471423624,0.14021174716229698,0.14021174717089369,0.14021174716681173,0.1402117471423624,0.14021174703220332,0.1402117471423624,0.14021174716681173,0.14021174717089369,0.14021174716229698,0.1402117471423624,0.14021174716229698,0.14021174717089369,0.14021174717339763,0.14021174717089369,0.14021174716681173,0.14021174717089369,0.14021174717339763,0.13913530764333507,0.13913530764979123,0.13913530765491075,0.13913530764979123,0.13913530764333507,0.13913530764979123,0.13913530765972223,0.13913530766829968,0.13913530765972223,0.13913530764979123,0.13913530765491075,0.13913530766829968,0.13913530767885204,0.13913530766829968,0.13913530765491075,0.13913530764979123,0.13913530765972223,0.13913530766829968,0.13913530765972223,0.13913530764979123,0.13913530764333507,0.13913530764979123,0.13913530765491075,0.13913530764979123,0.13913530764333507,0.13807980429266842,0.13807980431265746,0.13807980433271577,0.13807980431265746,0.13807980429266842,0.13807980431265746,0.13807980435301906,0.1380798044083096,0.13807980435301906,0.13807980431265746,0.13807980433271577,0.1380798044083096,0.1380798045639966,0.1380798044083096,0.13807980433271577,0.13807980431265746,0.13807980435301906,0.1380798044083096,0.13807980435301906,0.13807980431265746,0.13807980429266842,0.13807980431265746,0.13807980433271577,0.13807980431265746,0.13807980429266842,0.13704476648851005,0.13704476652174247,0.13704476656204723,0.13704476652174247,0.13704476648851005,0.13704476652174247,0.13704476660384335,0.1370447667687368,0.13704476660384335,0.13704476652174247,0.13704476656204723,0.1370447667687368,0.13704476768279353,0.1370447667687368,0.13704476656204723,0.13704476652174247,0.13704476660384335,0.1370447667687368,0.13704476660384335,0.13704476652174247,0.13704476648851005,0.13704476652174247,0.13704476656204723,0.13704476652174247,0.13704476648851005,0.13602973310881467,0.13602973313203853,0.13602973315477415,0.13602973313203853,0.13602973310881467,0.13602973313203853,0.13602973317758338,0.13602973323848333,0.13602973317758338,0.13602973313203853,0.13602973315477415,0.13602973323848333,0.13602973340746016,0.13602973323848333,0.13602973315477415,0.13602973313203853,0.13602973317758338,0.13602973323848333,0.13602973317758338,0.13602973313203853,0.13602973310881467,0.13602973313203853,0.13602973315477415,0.13602973313203853,0.13602973310881467,0.13503425259543217,0.1350342526099813,0.13503425262199192,0.1350342526099813,0.13503425259543217,0.1350342526099813,0.13503425263339022,0.1350342526565954,0.13503425263339022,0.1350342526099813,0.13503425262199192,0.1350342526565954,0.13503425269878624,0.1350342526565954,0.13503425262199192,0.1350342526099813,0.13503425263339022,0.1350342526565954,0.13503425263339022,0.1350342526099813,0.13503425259543217,0.1350342526099813,0.13503425262199192,0.1350342526099813,0.13503425259543217
0.1653324876087291,0.1653324876087291,0.16533248760872885,0.1653324876087291,0.1653324876087291,0.1653324876087291,0.16533248760872885,0.16533248760872885,0.16533248760872885,0.1653324876087291,0.16533248760872885,0.16533248760872885,0.16533248760872885,0.16533248760872885,0.16533248760872885,0.1653324876087291,0.16533248760872885,0.16533248760872885,0.16533248760872885,0.1653324876087291,0.1653324876087291,0.1653324876087291,0.16533248760872885,0.1653324876087291,0.1653324876087291,0.16375749389349273,0.1637574938934925,0.1637574938934925,0.1637574938934925,0.16375749389349273,0.1637574938934925,0.1637574938934925,0.16375749389349228,0.1637574938934925,0.1637574938934925,0.1637574938934925,0.16375749389349228,0.16375749389349228,0.16375749389349228,0.1637574938934925,0.1637574938934925,0.1637574938934925,0.16375749389349228,0.1637574938934925,0.1637574938934925,0.16375749389349273,0.1637574938934925,0.1637574938934925,0.1637574938934925,0.16375749389349273,0.1622138841101203,0.16221388411012005,0.16221388411011983,0.16221388411012005,0.1622138841101203,0.16221388411012005,0.1622138841101196,0.1622138841101196,0.1622138841101196,0.16221388411012005,0.16221388411011983,0.1622138841101196,0.1622138841101194,0.1622138841101196,0.16221388411011983,0.16221388411012005,0.1622138841101196,0.1622138841101196,0.1622138841101196,0.16221388411012005,0.1622138841101203,0.16221388411012005,0.16221388411011983,0.16221388411012005,0.1622138841101203,0.16070106721565358,0.16070106721565247,0.16070106721565205,0.16070106721565247,0.16070106721565358,0.16070106721565247,0.16070106721565158,0.16070106721565092,0.16070106721565158,0.16070106721565247,0.16070106721565205,0.16070106721565092,0.16070106721565025,0.16070106721565092,0.16070106721565205,0.16070106721565247,0.16070106721565158,0.16070106721565092,0.16070106721565158,0.16070106721565247,0.16070106721565358,0.16070106721565247,0.16070106721565205,0.16070106721565247,0.16070106721565358,0.15921845158507214,0.1592184515850691,0.15921845158506737,0.1592184515850691,0.15921845158507214,0.1592184515850691,0.15921845158506603,0.1592184515850641,0.15921845158506603,0.1592184515850691,0.15921845158506737,0.1592184515850641,0.15921845158506212,0.1592184515850641,0.15921845158506737,0.1592184515850691,0.15921845158506603,0.1592184515850641,0.15921845158506603,0.1592184515850691,0.15921845158507214,0.1592184515850691,0.15921845158506737,0.1592184515850691,0.15921845158507214,0.1577654463631474,0.15776544636313844,0.1577654463631327,0.15776544636313844,0.1577654463631474,0.15776544636313844,0.15776544636312884,0.15776544636312265,0.15776544636312884,0.15776544636313844,0.1577654463631327,0.15776544636312265,0.15776544636311626,0.15776544636312265,0.1577654463631327,0.15776544636313844,0.15776544636312884,0.15776544636312265,0.15776544636312884,0.15776544636313844,0.1577654463631474,0.15776544636313844,0.1577654463631327,0.15776544636313844,0.1577654463631474,0.1563414626787709,0.15634146267874327,0.15634146267872567,0.15634146267874327,0.1563414626787709,0.15634146267874327,0.15634146267871316,0.15634146267869373,0.15634146267871316,0.15634146267874327,0.15634146267872567,0.15634146267869373,0.1563414626786728,0.15634146267869373,0.15634146267872567,0.15634146267874327,0.15634146267871316,0.15634146267869373,0.15634146267871316,0.15634146267874327,0.1563414626787709,0.15634146267874327,0.15634146267872567,0.15634146267874327,0.1563414626787709,0.15494591473203131,0.15494591473194894,0.15494591473189526,0.15494591473194894,0.15494591473203131,0.15494591473194894,0.15494591473185468,0.15494591473179198,0.15494591473185468,0.15494591473194894,0.15494591473189526,0.15494591473179198,0.15494591473172167,0.15494591473179198,0.15494591473189526,0.15494591473194894,0.15494591473185468,0.15494591473179198,0.15494591473185468,0.15494591473194894,0.15494591473203131,0.15494591473194894,0.15494591473189526,0.15494591473194894,0.15494591473203131,0.15357822076377042,0.15357822076352878,0.15357822076336672,0.15357822076352878,0.15357822076377042,0.15357822076352878,0.15357822076323677,0.1535782207630309,0.15357822076323677,0.15357822076352878,0.15357822076336672,0.1535782207630309,0.1535782207627885,0.1535782207630309,0.15357822076336672,0.15357822076352878,0.15357822076323677,0.1535782207630309,0.15357822076323677,0.15357822076352878,0.15357822076377042,0.15357822076352878,0.15357822076336672,0.15357822076352878,0.15357822076377042,0.15223780391682554,0.15223780391614214,0.15223780391566166,0.15223780391614214,0.15223780391682554,0.15223780391614214,0.15223780391525005,0.15223780391457548,0.15223780391525005,0.15223780391614214,0.15223780391566166,0.15223780391457548,0.1522378039137084,0.15223780391457548,0.15223780391566166,0.15223780391614214,0.15223780391525005,0.15223780391457548,0.15223780391525005,0.15223780391614214,0.15223780391682554,0.15223780391614214,0.15223780391566166,0.15223780391614214,0.15223780391682554,0.1509240929977104,0.1509240929958753,0.15092409299448764,0.1509240929958753,0.1509240929977104,0.1509240929958753,0.15092409299322787,0.15092409299097073,0.15092409299322787,0.1509240929958753,0.15092409299448764,0.15092409299097073,0.1509240929876066,0.15092409299097073,0.15092409299448764,0.1509240929958753,0.15092409299322787,0.15092409299097073,0.15092409299322787,0.1509240929958753,0.1509240929977104,0.1509240929958753,0.15092409299448764,0.1509240929958753,0.1509240929977104,0.14963652314709477,0.14963652314256734,0.14963652313874765,0.14963652314256734,0.14963652314709477,0.14963652314256734,0.1496365231350925,0.14963652312741738,0.1496365231350925,0.14963652314256734,0.14963652313874765,0.14963652312741738,0.14963652311290218,0.14963652312741738,0.14963652313874765,0.14963652314256734,0.1496365231350925,0.14963652312741738,0.1496365231350925,0.14963652314256734,0.14963652314709477,0.14963652314256734,0.14963652313874765,0.14963652314256734,0.14963652314709477,0.14837453642697632,0.1483745364173457,0.14837453640787196,0.1483745364173457,0.14837453642697632,0.1483745364173457,0.1483745363983551,0.14837453637286002,0.1483745363983551,0.1483745364173457,0.14837453640787196,0.14837453637286002,0.1483745363020334,0.14837453637286002,0.14837453640787196,0.1483745364173457,0.1483745363983551,0.14837453637286002,0.1483745363983551,0.1483745364173457,0.14837453642697632,0.1483745364173457,0.14837453640787196,0.1483745364173457,0.14837453642697632,0.14713758233086136,0.14713758231560545,0.1471375822975253,0.14713758231560545,0.14713758233086136,0.14713758231560545,0.1471375822788524,0.14713758220696396,0.1471375822788524,0.14713758231560545,0.1471375822975253,0.14713758220696396,0.1471375818161397,0.14713758220696396,0.1471375822975253,0.14713758231560545,0.1471375822788524,0.14713758220696396,0.1471375822788524,0.14713758231560545,0.14713758233086136,0.14713758231560545,0.1471375822975253,0.14713758231560545,0.14713758233086136,0.1459251182177544,0.14592511820616116,0.14592511819467638,0.14592511820616116,0.1459251182177544,0.14592511820616116,0.14592511818312343,0.14592511815136247,0.14592511818312343,0.14592511820616116,0.14592511819467638,0.14592511815136247,0.14592511805379862,0.14592511815136247,0.14592511819467638,0.14592511820616116,0.14592511818312343,0.14592511815136247,0.14592511818312343,0.14592511820616116,0.1459251182177544,0.14592511820616116,0.14592511819467638,0.14592511820616116,0.1459251182177544,0.144736609665332,0.14473660965717722,0.14473660964969726,0.14473660965717722,0.144736609665332,0.14473660965717722,0.14473660964235638,0.14473660962363066,0.14473660964235638,0.14473660965717722,0.14473660964969726,0.14473660962363066,0.14473660956443818,0.14473660962363066,0.14473660964969726,0.14473660965717722,0.14473660964235638,0.14473660962363066,0.14473660964235638,0.14473660965717722,0.144736609665332,0.14473660965717722,0.14473660964969726,0.14473660965717722,0.144736609665332,0.1435715308041291,0.14357153079721616,0.14357153079064694,0.14357153079721616,0.1435715308041291,0.14357153079721616,0.14357153078416127,0.14357153076607804,0.14357153078416127,0.14357153079721616,0.14357153079064694,0.14357153076607804,0.1435715306991876,0.14357153076607804,0.14357153079064694,0.14357153079721616,0.14357153078416127,0.14357153076607804,0.14357153078416127,0.14357153079721616,0.1435715308041291,0.14357153079721616,0.14357153079064694,0.14357153079721616,0.1435715308041291,0.14242936458299676,0.14242936457618535,0.14242936456921024,0.14242936457618535,0.14242936458299676,0.14242936457618535,0.14242936456216618,0.14242936454068403,0.14242936456216618,0.14242936457618535,0.14242936456921024,0.14242936454068403,0.14242936445393323,0.14242936454068403,0.14242936456921024,0.14242936457618535,0.14242936456216618,0.14242936454068403,0.14242936456216618,0.14242936457618535,0.14242936458299676,0.14242936457618535,0.14242936456921024,0.14242936457618535,0.14242936458299676,0.1413096029798553,0.14130960297372022,0.14130960296673603,0.14130960297372022,0.1413096029798553,0.14130960297372022,0.14130960295948242,0.1413096029348849,0.14130960295948242,0.14130960297372022,0.14130960296673603,0.1413096029348849,0.141309602825552,0.1413096029348849,0.14130960296673603,0.14130960297372022,0.14130960295948242,0.1413096029348849,0.14130960295948242,0.14130960297372022,0.1413096029798553,0.14130960297372022,0.14130960296673603,0.14130960297372022,0.1413096029798553,0.14021174716709084,0.14021174716454612,0.1402117471604353,0.14021174716454612,0.14021174716709084,0.14021174716454612,0.14021174715589524,0.140211747135931,0.14021174715589524,0.14021174716454612,0.1402117471604353,0.140211747135931,0.14021174702586395,0.140211747135931,0.1402117471604353,0.14021174716454612,0.14021174715589524,0.140211747135931,0.14021174715589524,0.14021174716454612,0.14021174716709084,0.14021174716454612,0.1402117471604353,0.14021174716454612,0.14021174716709084,0.13913530763583787,0.13913530764222162,0.1391353076472817,0.13913530764222162,0.13913530763583787,0.13913530764222162,0.13913530765203708,0.13913530766050253,0.13913530765203708,0.13913530764222162,0.1391353076472817,0.13913530766050253,0.1391353076708606,0.13913530766050253,0.1391353076472817,0.13913530764222162,0.13913530765203708,0.13913530766050253,0.13913530765203708,0.13913530764222162,0.13913530763583787,0.13913530764222162,0.1391353076472817,0.13913530764222162,0.13913530763583787,0.1380798042841075,0.13807980430394892,0.13807980432386197,0.13807980430394892,0.1380798042841075,0.13807980430394892,0.13807980434401906,0.13807980439891876,0.13807980434401906,0.13807980430394892,0.13807980432386197,0.13807980439891876,0.1380798045535234,0.13807980439891876,0.13807980432386197,0.13807980430394892,0.13807980434401906,0.13807980439891876,0.13807980434401906,0.13807980430394892,0.1380798042841075,0.13807980430394892,0.13807980432386197,0.13807980430394892,0.1380798042841075,0.13704476647916872,0.13704476651217112,0.13704476655219916,0.13704476651217112,0.13704476647916872,0.13704476651217112,0.13704476659370896,0.13704476675747934,0.13704476659370896,0.13704476651217112,0.13704476655219916,0.13704476675747934,0.1370447676653194,0.13704476675747934,0.13704476655219916,0.13704476651217112,0.13704476659370896,0.13704476675747934,0.13704476659370896,0.13704476651217112,0.13704476647916872,0.13704476651217112,0.13704476655219916,0.13704476651217112,0.13704476647916872,0.13602973309914854,0.13602973312221323,0.1360297331447934,0.13602973312221323,0.13602973309914854,0.13602973312221323,0.13602973316744701,0.13602973322793244,0.13602973316744701,0.13602973312221323,0.1360297331447934,0.13602973322793244,0.1360297333957613,0.13602973322793244,0.1360297331447934,0.13602973312221323,0.13602973316744701,0.13602973322793244,0.13602973316744701,0.13602973312221323,0.13602973309914854,0.13602973312221323,0.1360297331447934,0.13602973312221323,0.13602973309914854,0.13503425258575638,0.13503425260020613,0.1350342526121347,0.13503425260020613,0.13503425258575638,0.13503425260020613,0.13503425262345536,0.13503425264650243,0.13503425262345536,0.13503425260020613,0.1350342526121347,0.13503425264650243,0.13503425268840633,0.13503425264650243,0.1350342526121347,0.13503425260020613,0.13503425262345536,0.13503425264650243,0.13503425262345536,0.13503425260020613,0.13503425258575638,0.13503425260020613,0.1350342526121347,0.13503425260020613,0.13503425258575638
0.16533248761411595,0.16533248761411595,0.16533248761411573,0.16533248761411595,0.16533248761411595,0.16533248761411595,0.16533248761411573,0.16533248761411573,0.16533248761411573,0.16533248761411595,0.16533248761411573,0.16533248761411573,0.16533248761411573,0.16533248761411573,0.16533248761411573,0.16533248761411595,0.16533248761411573,0.16533248761411573,0.16533248761411573,0.16533248761411595,0.16533248761411595,0.16533248761411595,0.16533248761411573,0.16533248761411595,0.16533248761411595,0.16375749389877398,0.16375749389877375,0.16375749389877375,0.16375749389877375,0.16375749389877398,0.16375749389877375,0.16375749389877375,0.1637574938987735,0.16375749389877375,0.16375749389877375,0.16375749389877375,0.1637574938987735,0.1637574938987735,0.16375749389877375,0.16375749389877375,0.16375749389877375,0.16375749389877375,0.16375749389877375,0.16375749389877375,0.16375749389877375,0.16375749389877398,0.16375749389877375,0.16375749389877375,0.16375749389877375,0.16375749389877398,0.16221388411529916,0.16221388411529894,0.16221388411529872,0.16221388411529894,0.16221388411529916,0.16221388411529894,0.16221388411529847,0.16221388411529847,0.16221388411529847,0.16221388411529894,0.16221388411529872,0.16221388411529847,0.16221388411529827,0.16221388411529847,0.16221388411529872,0.16221388411529894,0.16221388411529847,0.16221388411529847,0.16221388411529847,0.16221388411529894,0.16221388411529916,0.16221388411529894,0.16221388411529872,0.16221388411529894,0.16221388411529916,0.16070106722073335,0.16070106722073244,0.16070106722073177,0.16070106722073244,0.16070106722073335,0.16070106722073244,0.16070106722073135,0.1607010672207309,0.16070106722073135,0.16070106722073244,0.16070106722073177,0.1607010672207309,0.16070106722073021,0.1607010672207309,0.16070106722073177,0.16070106722073244,0.16070106722073135,0.1607010672207309,0.16070106722073135,0.16070106722073244,0.16070106722073335,0.16070106722073244,0.16070106722073177,0.16070106722073244,0.16070106722073335,0.15921845159005613,0.1592184515900533,0.15921845159005152,0.1592184515900533,0.15921845159005613,0.1592184515900533,0.15921845159005024,0.1592184515900485,0.15921845159005024,0.1592184515900533,0.15921845159005152,0.1592184515900485,0.15921845159004652,0.1592184515900485,0.15921845159005152,0.1592184515900533,0.15921845159005024,0.1592184515900485,0.15921845159005024,0.1592184515900533,0.15921845159005613,0.1592184515900533,0.15921845159005152,0.1592184515900533,0.15921845159005613,0.15776544636803888,0.1577654463680301,0.15776544636802456,0.1577654463680301,0.15776544636803888,0.1577654463680301,0.1577654463680207,0.15776544636801473,0.1577654463680207,0.1577654463680301,0.15776544636802456,0.15776544636801473,0.15776544636800857,0.15776544636801473,0.15776544636802456,0.1577654463680301,0.1577654463680207,0.15776544636801473,0.1577654463680207,0.1577654463680301,0.15776544636803888,0.1577654463680301,0.15776544636802456,0.1577654463680301,0.15776544636803888,0.15634146268357257,0.15634146268354585,0.15634146268352866,0.15634146268354585,0.15634146268357257,0.15634146268354585,0.15634146268351634,0.15634146268349752,0.15634146268351634,0.15634146268354585,0.15634146268352866,0.15634146268349752,0.15634146268347723,0.15634146268349752,0.15634146268352866,0.15634146268354585,0.15634146268351634,0.15634146268349752,0.15634146268351634,0.15634146268354585,0.15634146268357257,0.15634146268354585,0.15634146268352866,0.15634146268354585,0.15634146268357257,0.15494591473674496,0.15494591473666464,0.1549459147366126,0.15494591473666464,0.15494591473674496,0.15494591473666464,0.15494591473657301,0.15494591473651195,0.15494591473657301,0.15494591473666464,0.1549459147366126,0.15494591473651195,0.15494591473644392,0.15494591473651195,0.1549459147366126,0.15494591473666464,0.15494591473657301,0.15494591473651195,0.15494591473657301,0.15494591473666464,0.15494591473674496,0.15494591473666464,0.1549459147366126,0.15494591473666464,0.15494591473674496,0.1535782207683948,0.1535782207681594,0.15357822076800176,0.1535782207681594,0.1535782207683948,0.1535782207681594,0.15357822076787522,0.153578220767675,0.15357822076787522,0.1535782207681594,0.15357822076800176,0.153578220767675,0.15357822076743902,0.153578220767675,0.15357822076800176,0.1535782207681594,0.15357822076787522,0.153578220767675,0.15357822076787522,0.1535782207681594,0.1535782207683948,0.1535782207681594,0.15357822076800176,0.1535782207681594,0.1535782207683948,0.1522378039213505,0.1522378039206846,0.1522378039202167,0.1522378039206846,0.1522378039213505,0.1522378039206846,0.15223780391981612,0.1522378039191591,0.15223780391981612,0.1522378039206846,0.1522378039202167,0.1522378039191591,0.15223780391831546,0.1522378039191591,0.1522378039202167,0.1522378039206846,0.15223780391981612,0.1522378039191591,0.15223780391981612,0.1522378039206846,0.1522378039213505,0.1522378039206846,0.1522378039202167,0.1522378039206846,0.1522378039213505,0.150924093002102,0.15092409300031345,0.15092409299896165,0.15092409300031345,0.150924093002102,0.15092409300031345,0.15092409299773488,0.15092409299553752,0.15092409299773488,0.15092409300031345,0.15092409299896165,0.15092409299553752,0.1509240929922648,0.15092409299553752,0.15092409299896165,0.15092409300031345,0.15092409299773488,0.15092409299553752,0.15092409299773488,0.15092409300031345,0.150924093002102,0.15092409300031345,0.15092409299896165,0.15092409300031345,0.150924093002102,0.14963652315125858,0.14963652314684348,0.14963652314312137,0.14963652314684348,0.14963652315125858,0.14963652314684348,0.14963652313956072,0.14963652313209003,0.14963652313956072,0.14963652314684348,0.14963652314312137,0.14963652313209003,0.14963652311797454,0.14963652313209003,0.14963652314312137,0.14963652314684348,0.14963652313956072,0.14963652313209003,0.14963652313956072,0.14963652314684348,0.14963652315125858,0.14963652314684348,0.14963652314312137,0.14963652314684348,0.14963652315125858,0.14837453643067958,0.14837453642127765,0.14837453641204004,0.14837453642127765,0.14837453643067958,0.14837453642127765,0.14837453640276355,0.14837453637794584,0.14837453640276355,0.14837453642127765,0.14837453641204004,0.14837453637794584,0.1483745363090967,0.14837453637794584,0.14837453641204004,0.14837453642127765,0.14837453640276355,0.14837453637794584,0.14837453640276355,0.14837453642127765,0.14837453643067958,0.14837453642127765,0.14837453641204004,0.14837453642127765,0.14837453643067958,0.14713758233362761,0.1471375823186909,0.14713758230102691,0.1471375823186909,0.14713758233362761,0.1471375823186909,0.14713758228279,0.14713758221276171,0.14713758228279,0.1471375823186909,0.14713758230102691,0.14713758221276171,0.1471375818329737,0.14713758221276171,0.14713758230102691,0.1471375823186909,0.14713758228279,0.14713758221276171,0.14713758228279,0.1471375823186909,0.14713758233362761,0.1471375823186909,0.14713758230102691,0.1471375823186909,0.14713758233362761,0.14592511821891163,0.14592511820740886,0.1459251181959903,0.14592511820740886,0.14592511821891163,0.14592511820740886,0.1459251181845009,0.14592511815273052,0.1459251181845009,0.14592511820740886,0.1459251181959903,0.14592511815273052,0.14592511805350894,0.14592511815273052,0.1459251181959903,0.14592511820740886,0.1459251181845009,0.14592511815273052,0.1459251181845009,0.14592511820740886,0.14592511821891163,0.14592511820740886,0.1459251181959903,0.14592511820740886,0.14592511821891163,0.1447366096646717,0.14473660965645335,0.14473660964887475,0.14473660965645335,0.1447366096646717,0.14473660965645335,0.1447366096414269,0.1447366096222292,0.1447366096414269,0.14473660965645335,0.14473660964887475,0.1447366096222292,0.14473660956048656,0.1447366096222292,0.14473660964887475,0.14473660965645335,0.1447366096414269,0.1447366096222292,0.1447366096414269,0.14473660965645335,0.1447366096646717,0.14473660965645335,0.14473660964887475,0.14473660965645335,0.1447366096646717,0.14357153080175714,0.1435715307947417,0.1435715307880532,0.1435715307947417,0.14357153080175714,0.1435715307947417,0.14357153078144277,0.143571530762934,0.14357153078144277,0.1435715307947417,0.1435715307880532,0.143571530762934,0.14357153069416853,0.143571530762934,0.1435715307880532,0.1435715307947417,0.14357153078144277,0.143571530762934,0.14357153078144277,0.1435715307947417,0.14357153080175714,0.1435715307947417,0.1435715307880532,0.1435715307947417,0.14357153080175714,0.14242936457909972,0.14242936457220362,0.14242936456514108,0.14242936457220362,0.14242936457909972,0.14242936457220362,0.1424293645580081,0.14242936453625488,0.1424293645580081,0.14242936457220362,0.14242936456514108,0.14242936453625488,0.14242936444843182,0.14242936453625488,0.14242936456514108,0.14242936457220362,0.1424293645580081,0.14242936453625488,0.1424293645580081,0.14242936457220362,0.14242936457909972,0.14242936457220362,0.14242936456514108,0.14242936457220362,0.14242936457909972,0.14130960297458367,0.14130960296839318,0.1413096029613591,0.14130960296839318,0.14130960297458367,0.14130960296839318,0.14130960295405717,0.14130960292933667,0.14130960295405717,0.14130960296839318,0.1413096029613591,0.14130960292933667,0.1413096028195985,0.14130960292933667,0.1413096029613591,0.14130960296839318,0.14130960295405717,0.14130960292933667,0.14130960295405717,0.14130960296839318,0.14130960297458367,0.14130960296839318,0.1413096029613591,0.14130960296839318,0.14130960297458367,0.14021174716053625,0.14021174715794638,0.1402117471538025,0.14021174715794638,0.14021174716053625,0.14021174715794638,0.14021174714923276,0.14021174712922577,0.14021174714923276,0.14021174715794638,0.1402117471538025,0.14021174712922577,0.14021174701917485,0.14021174712922577,0.1402117471538025,0.14021174715794638,0.14021174714923276,0.14021174712922577,0.14021174714923276,0.14021174715794638,0.14021174716053625,0.14021174715794638,0.1402117471538025,0.14021174715794638,0.14021174716053625,0.13913530762807064,0.13913530763437895,0.13913530763937704,0.13913530763437895,0.13913530762807064,0.13913530763437895,0.13913530764407345,0.13913530765242127,0.13913530764407345,0.13913530763437895,0.13913530763937704,0.13913530765242127,0.13913530766257126,0.13913530765242127,0.13913530763937704,0.13913530763437895,0.13913530764407345,0.13913530765242127,0.13913530764407345,0.13913530763437895,0.13913530762807064,0.13913530763437895,0.13913530763937704,0.13913530763437895,0.13913530762807064,0.13807980427526023,0.1380798042949511,0.13807980431471578,0.1380798042949511,0.13807980427526023,0.1380798042949511,0.13807980433472386,0.1380798043892254,0.13807980433472386,0.1380798042949511,0.13807980431471578,0.1380798043892254,0.13807980454272925,0.1380798043892254,0.13807980431471578,0.1380798042949511,0.13807980433472386,0.1380798043892254,0.13807980433472386,0.1380798042949511,0.13807980427526023,0.1380798042949511,0.13807980431471578,0.1380798042949511,0.13807980427526023,0.13704476646953073,0.13704476650229933,0.1370447665420462,0.13704476650229933,0.13704476646953073,0.13704476650229933,0.13704476658326517,0.13704476674589494,0.13704476658326517,0.13704476650229933,0.1370447665420462,0.13704476674589494,0.13704476764744727,0.13704476674589494,0.1370447665420462,0.13704476650229933,0.13704476658326517,0.13704476674589494,0.13704476658326517,0.13704476650229933,0.13704476646953073,0.13704476650229933,0.1370447665420462,0.13704476650229933,0.13704476646953073,0.13602973308918348,0.13602973311208635,0.13602973313450864,0.13602973311208635,0.13602973308918348,0.13602973311208635,0.13602973315700417,0.13602973321706852,0.13602973315700417,0.13602973311208635,0.13602973313450864,0.13602973321706852,0.1360297333837317,0.13602973321706852,0.13602973313450864,0.13602973311208635,0.13602973315700417,0.13602973321706852,0.13602973315700417,0.13602973311208635,0.13602973308918348,0.13602973311208635,0.13602973313450864,0.13602973311208635,0.13602973308918348,0.13503425257578422,0.1350342525901329,0.13503425260197824,0.1350342525901329,0.13503425257578422,0.1350342525901329,0.13503425261321977,0.1350342526361066,0.13503425261321977,0.1350342525901329,0.13503425260197824,0.1350342526361066,0.13503425267771904,0.1350342526361066,0.13503425260197824,0.1350342525901329,0.13503425261321977,0.1350342526361066,0.13503425261321977,0.1350342525901329,0.13503425257578422,0.1350342525901329,0.13503425260197824,0.1350342525901329,0.13503425257578422
0.16533248761969377,0.16533248761969377,0.16533248761969377,0.16533248761969377,0.16533248761969377,0.16533248761969377,0.16533248761969377,0.16533248761969377,0.16533248761969377,0.16533248761969377,0.16533248761969377,0.16533248761969377,0.16533248761969377,0.16533248761969377,0.16533248761969377,0.16533248761969377,0.16533248761969377,0.16533248761969377,0.16533248761969377,0.16533248761969377,0.16533248761969377,0.16533248761969377,0.16533248761969377,0.16533248761969377,0.16533248761969377,0.16375749390424232,0.16375749390424232,0.1637574939042421,0.16375749390424232,0.16375749390424232,0.16375749390424232,0.1637574939042421,0.1637574939042421,0.1637574939042421,0.16375749390424232,0.1637574939042421,0.1637574939042421,0.1637574939042421,0.1637574939042421,0.1637574939042421,0.16375749390424232,0.1637574939042421,0.1637574939042421,0.1637574939042421,0.16375749390424232,0.16375749390424232,0.16375749390424232,0.1637574939042421,0.16375749390424232,0.16375749390424232,0.16221388412066146,0.1622138841206612,0.16221388412066098,0.1622138841206612,0.16221388412066146,0.1622138841206612,0.16221388412066098,0.16221388412066076,0.16221388412066098,0.1622138841206612,0.16221388412066098,0.16221388412066076,0.1622138841206605,0.16221388412066076,0.16221388412066098,0.1622138841206612,0.16221388412066098,0.16221388412066076,0.16221388412066098,0.1622138841206612,0.16221388412066146,0.1622138841206612,0.16221388412066098,0.1622138841206612,0.16221388412066146,0.1607010672259928,0.16070106722599192,0.16070106722599148,0.16070106722599192,0.1607010672259928,0.16070106722599192,0.16070106722599103,0.16070106722599037,0.16070106722599103,0.16070106722599192,0.16070106722599148,0.16070106722599037,0.1607010672259899,0.16070106722599037,0.16070106722599126,0.16070106722599192,0.16070106722599103,0.16070106722599037,0.16070106722599103,0.16070106722599192,0.1607010672259928,0.16070106722599192,0.16070106722599126,0.16070106722599192,0.1607010672259928,0.15921845159521622,0.1592184515952134,0.15921845159521164,0.1592184515952134,0.15921845159521622,0.1592184515952134,0.15921845159521056,0.15921845159520862,0.15921845159521056,0.1592184515952134,0.15921845159521164,0.15921845159520862,0.15921845159520687,0.15921845159520862,0.15921845159521164,0.1592184515952134,0.15921845159521056,0.15921845159520862,0.15921845159521056,0.1592184515952134,0.15921845159521622,0.1592184515952134,0.15921845159521164,0.1592184515952134,0.15921845159521622,0.15776544637310272,0.1577654463730942,0.1577654463730889,0.1577654463730942,0.15776544637310272,0.1577654463730942,0.15776544637308504,0.15776544637307927,0.15776544637308504,0.1577654463730942,0.1577654463730889,0.15776544637307927,0.15776544637307327,0.15776544637307927,0.1577654463730889,0.1577654463730942,0.15776544637308504,0.15776544637307927,0.15776544637308504,0.1577654463730942,0.15776544637310272,0.1577654463730942,0.1577654463730889,0.1577654463730942,0.15776544637310272,0.15634146268854307,0.15634146268851692,0.1563414626885004,0.15634146268851692,0.15634146268854307,0.15634146268851692,0.15634146268848845,0.15634146268847007,0.15634146268848845,0.15634146268851692,0.1563414626885004,0.15634146268847007,0.15634146268845045,0.15634146268847007,0.1563414626885004,0.15634146268851692,0.15634146268848845,0.15634146268847007,0.15634146268848845,0.15634146268851692,0.15634146268854307,0.15634146268851692,0.1563414626885004,0.15634146268851692,0.15634146268854307,0.15494591474162378,0.1549459147415459,0.1549459147414951,0.1549459147415459,0.15494591474162378,0.1549459147415459,0.15494591474145678,0.15494591474139754,0.15494591474145678,0.1549459147415459,0.1549459147414951,0.15494591474139754,0.15494591474133154,0.15494591474139754,0.1549459147414951,0.1549459147415459,0.15494591474145678,0.15494591474139754,0.15494591474145678,0.1549459147415459,0.15494591474162378,0.1549459147415459,0.1549459147414951,0.1549459147415459,0.15494591474162378,0.1535782207731805,0.1535782207729519,0.1535782207727985,0.1535782207729519,0.1535782207731805,0.1535782207729519,0.15357822077267558,0.15357822077248118,0.15357822077267558,0.1535782207729519,0.1535782207727985,0.15357822077248118,0.153578220772252,0.15357822077248118,0.1535782207727985,0.1535782207729519,0.15357822077267558,0.15357822077248118,0.15357822077267558,0.1535782207729519,0.1535782207731805,0.1535782207729519,0.1535782207727985,0.1535782207729519,0.1535782207731805,0.1522378039260327,0.15223780392538513,0.15223780392493003,0.15223780392538513,0.1522378039260327,0.15223780392538513,0.15223780392454106,0.15223780392390254,0.15223780392454106,0.15223780392538513,0.15223780392493003,0.15223780392390254,0.1522378039230829,0.15223780392390254,0.15223780392493003,0.15223780392538513,0.15223780392454106,0.15223780392390254,0.15223780392454106,0.15223780392538513,0.1522378039260327,0.15223780392538513,0.15223780392493003,0.15223780392538513,0.1522378039260327,0.15092409300664528,0.15092409300490514,0.15092409300359055,0.15092409300490514,0.15092409300664528,0.15092409300490514,0.15092409300239815,0.15092409300026308,0.15092409300239815,0.15092409300490514,0.15092409300359055,0.15092409300026308,0.15092409299708548,0.15092409300026308,0.15092409300359055,0.15092409300490514,0.15092409300239815,0.15092409300026308,0.15092409300239815,0.15092409300490514,0.15092409300664528,0.15092409300490514,0.15092409300359055,0.15092409300490514,0.15092409300664528,0.1496365231555642,0.14963652315126613,0.14963652314764556,0.14963652315126613,0.1496365231555642,0.14963652315126613,0.14963652314418344,0.14963652313692563,0.14963652314418344,0.14963652315126613,0.14963652314764556,0.14963652313692563,0.14963652312322634,0.14963652313692563,0.14963652314764556,0.14963652315126613,0.14963652314418344,0.14963652313692563,0.14963652314418344,0.14963652315126613,0.1496365231555642,0.14963652315126613,0.14963652314764556,0.14963652315126613,0.1496365231555642,0.14837453643450574,0.14837453642534174,0.1483745364163499,0.14837453642534174,0.14837453643450574,0.14837453642534174,0.14837453640732395,0.1483745363832114,0.14837453640732395,0.14837453642534174,0.1483745364163499,0.1483745363832114,0.14837453631642225,0.1483745363832114,0.1483745364163499,0.14837453642534174,0.14837453640732395,0.1483745363832114,0.14837453640732395,0.14837453642534174,0.14837453643450574,0.14837453642534174,0.1483745364163499,0.14837453642534174,0.14837453643450574,0.14713758233647747,0.14713758232187296,0.14713758230464208,0.14713758232187296,0.14713758233647747,0.14713758232187296,0.1471375822868591,0.14713758221876785,0.1471375822868591,0.14713758232187296,0.14713758230464208,0.14713758221876785,0.1471375818504865,0.14713758221876785,0.14713758230464208,0.14713758232187296,0.1471375822868591,0.14713758221876785,0.1471375822868591,0.14713758232187296,0.14713758233647747,0.14713758232187296,0.14713758230464208,0.14713758232187296,0.14713758233647747,0.14592511822008647,0.14592511820867687,0.1459251181973265,0.14592511820867687,0.14592511822008647,0.14592511820867687,0.14592511818590262,0.14592511815412032,0.14592511818590262,0.14592511820867687,0.1459251181973265,0.14592511815412032,0.14592511805324718,0.14592511815412032,0.1459251181973265,0.14592511820867687,0.14592511818590262,0.14592511815412032,0.14592511818590262,0.14592511820867687,0.14592511822008647,0.14592511820867687,0.1459251181973265,0.14592511820867687,0.14592511822008647,0.14473660966395585,0.14473660965566962,0.14473660964798699,0.14473660965566962,0.14473660966395585,0.14473660965566962,0.144736609640426,0.14473660962073243,0.144736609640426,0.14473660965566962,0.14473660964798699,0.14473660962073243,0.1447366095563122,0.14473660962073243,0.14473660964798699,0.14473660965566962,0.144736609640426,0.14473660962073243,0.144736609640426,0.14473660965566962,0.14473660966395585,0.14473660965566962,0.14473660964798699,0.14473660965566962,0.14473660966395585,0.14357153079926402,0.14357153079213975,0.14357153078532464,0.14357153079213975,0.14357153079926402,0.14357153079213975,0.14357153077858212,0.14357153075962314,0.14357153077858212,0.14357153079213975,0.14357153078532464,0.14357153075962314,0.14357153068889347,0.14357153075962314,0.14357153078532464,0.14357153079213975,0.14357153077858212,0.14357153075962314,0.14357153077858212,0.14357153079213975,0.14357153079926402,0.14357153079213975,0.14357153078532464,0.14357153079213975,0.14357153079926402,0.1424293645750284,0.14242936456804167,0.14242936456088487,0.14242936456804167,0.1424293645750284,0.14242936456804167,0.1424293645536563,0.1424293645316113,0.1424293645536563,0.14242936456804167,0.14242936456088487,0.1424293645316113,0.14242936444261098,0.1424293645316113,0.14242936456088487,0.14242936456804167,0.1424293645536563,0.1424293645316113,0.1424293645536563,0.14242936456804167,0.1424293645750284,0.14242936456804167,0.14242936456088487,0.14242936456804167,0.1424293645750284,0.14130960296909742,0.1413096029628459,0.14130960295575662,0.1413096029628459,0.14130960296909742,0.1413096029628459,0.14130960294840103,0.14130960292354056,0.14130960294840103,0.1413096029628459,0.14130960295575662,0.14130960292354056,0.14130960281333185,0.14130960292354056,0.14130960295575662,0.1413096029628459,0.14130960294840103,0.14130960292354056,0.14130960294840103,0.1413096029628459,0.14130960296909742,0.1413096029628459,0.14130960295575662,0.1413096029628459,0.14130960296909742,0.14021174715373685,0.1402117471510978,0.14021174714691667,0.1402117471510978,0.14021174715373685,0.1402117471510978,0.1402117471423129,0.14021174712225062,0.1402117471423129,0.1402117471510978,0.14021174714691667,0.14021174712225062,0.14021174701218328,0.14021174712225062,0.14021174714691667,0.1402117471510978,0.1402117471423129,0.14021174712225062,0.1402117471423129,0.1402117471510978,0.14021174715373685,0.1402117471510978,0.14021174714691667,0.1402117471510978,0.14021174715373685,0.13913530762003665,0.13913530762626672,0.13913530763119997,0.13913530762626672,0.13913530762003665,0.13913530762626672,0.13913530763583504,0.13913530764405938,0.13913530763583504,0.13913530762626672,0.13913530763119997,0.13913530764405938,0.13913530765398832,0.13913530764405938,0.13913530763119997,0.13913530762626672,0.13913530763583504,0.13913530764405938,0.13913530763583504,0.13913530762626672,0.13913530762003665,0.13913530762626672,0.13913530763119997,0.13913530762626672,0.13913530762003665,0.13807980426613028,0.13807980428566738,0.13807980430528105,0.13807980428566738,0.13807980426613028,0.13807980428566738,0.13807980432513736,0.13807980437923362,0.13807980432513736,0.13807980428566738,0.13807980430528105,0.13807980437923362,0.13807980453161775,0.13807980437923362,0.13807980430528105,0.13807980428566738,0.13807980432513736,0.13807980437923362,0.13807980432513736,0.13807980428566738,0.13807980426613028,0.13807980428566738,0.13807980430528105,0.13807980428566738,0.13807980426613028,0.13704476645959993,0.1370447664921309,0.13704476653159225,0.1370447664921309,0.13704476645959993,0.1370447664921309,0.1370447665725158,0.13704476673398763,0.1370447665725158,0.1370447664921309,0.13704476653159225,0.13704476673398763,0.137044767629131,0.13704476673398763,0.13704476653159225,0.1370447664921309,0.1370447665725158,0.13704476673398763,0.1370447665725158,0.1370447664921309,0.13704476645959993,0.1370447664921309,0.13704476653159225,0.1370447664921309,0.13704476645959993,0.13602973307892302,0.1360297331016616,0.1360297331239236,0.1360297331016616,0.13602973307892302,0.1360297331016616,0.13602973314625869,0.13602973320589554,0.13602973314625869,0.1360297331016616,0.1360297331239236,0.13602973320589554,0.13602973337137556,0.13602973320589554,0.1360297331239236,0.1360297331016616,0.13602973314625869,0.13602973320589554,0.13602973314625869,0.1360297331016616,0.13602973307892302,0.1360297331016616,0.1360297331239236,0.1360297331016616,0.13602973307892302,0.13503425256551913,0.13503425257976528,0.1350342525915261,0.13503425257976528,0.13503425256551913,0.13503425257976528,0.13503425260268748,0.1350342526254113,0.13503425260268748,0.13503425257976528,0.1350342525915261,0.1350342526254113,0.13503425266672817,0.1350342526254113,0.1350342525915261,0.13503425257976528,0.13503425260268748,0.1350342526254113,0.13503425260268748,0.13503425257976528,0.13503425256551913,0.13503425257976528,0.1350342525915261,0.13503425257976528,0.13503425256551913
0.16533248762546035,0.16533248762546035,0.16533248762546035,0.16533248762546035,0.16533248762546035,0.16533248762546035,0.16533248762546013,0.16533248762546013,0.16533248762546013,0.16533248762546035,0.16533248762546035,0.16533248762546013,0.16533248762546013,0.16533248762546013,0.16533248762546035,0.16533248762546035,0.16533248762546013,0.16533248762546013,0.16533248762546013,0.16533248762546035,0.16533248762546035,0.16533248762546035,0.16533248762546035,0.16533248762546035,0.16533248762546035,0.1637574939098955,0.1637574939098955,0.1637574939098955,0.1637574939098955,0.1637574939098955,0.1637574939098955,0.1637574939098955,0.16375749390989527,0.1637574939098955,0.1637574939098955,0.1637574939098955,0.16375749390989527,0.16375749390989527,0.16375749390989527,0.1637574939098955,0.1637574939098955,0.1637574939098955,0.16375749390989527,0.1637574939098955,0.1637574939098955,0.1637574939098955,0.1637574939098955,0.1637574939098955,0.1637574939098955,0.1637574939098955,0.16221388412620483,0.16221388412620458,0.16221388412620436,0.16221388412620458,0.16221388412620483,0.16221388412620458,0.16221388412620436,0.16221388412620413,0.16221388412620436,0.16221388412620458,0.16221388412620436,0.16221388412620413,0.1622138841262039,0.16221388412620413,0.16221388412620436,0.16221388412620458,0.16221388412620436,0.16221388412620413,0.16221388412620436,0.16221388412620458,0.16221388412620483,0.16221388412620458,0.16221388412620436,0.16221388412620458,0.16221388412620483,0.16070106723142977,0.1607010672314289,0.16070106723142824,0.1607010672314289,0.16070106723142977,0.1607010672314289,0.16070106723142802,0.16070106723142732,0.16070106723142802,0.1607010672314289,0.16070106723142824,0.16070106723142732,0.16070106723142688,0.16070106723142732,0.16070106723142824,0.1607010672314289,0.16070106723142802,0.16070106723142732,0.16070106723142802,0.1607010672314289,0.16070106723142977,0.1607010672314289,0.16070106723142824,0.1607010672314289,0.16070106723142977,0.15921845160055006,0.15921845160054746,0.1592184516005457,0.15921845160054746,0.15921845160055006,0.15921845160054746,0.15921845160054462,0.15921845160054288,0.15921845160054462,0.15921845160054746,0.1592184516005457,0.15921845160054288,0.15921845160054093,0.15921845160054288,0.1592184516005457,0.15921845160054746,0.15921845160054462,0.15921845160054288,0.15921845160054462,0.15921845160054746,0.15921845160055006,0.15921845160054746,0.1592184516005457,0.15921845160054746,0.15921845160055006,0.15776544637833687,0.15776544637832854,0.15776544637832324,0.15776544637832854,0.15776544637833687,0.15776544637832854,0.1577654463783198,0.15776544637831405,0.1577654463783198,0.15776544637832854,0.15776544637832324,0.15776544637831405,0.1577654463783083,0.15776544637831405,0.15776544637832324,0.15776544637832854,0.1577654463783198,0.15776544637831405,0.1577654463783198,0.15776544637832854,0.15776544637833687,0.15776544637832854,0.15776544637832324,0.15776544637832854,0.15776544637833687,0.15634146269368018,0.15634146269365487,0.156341462693639,0.15634146269365487,0.15634146269368018,0.15634146269365487,0.15634146269362728,0.15634146269360952,0.15634146269362728,0.15634146269365487,0.156341462693639,0.15634146269360952,0.15634146269359048,0.15634146269360952,0.156341462693639,0.15634146269365487,0.15634146269362728,0.15634146269360952,0.15634146269362728,0.15634146269365487,0.15634146269368018,0.15634146269365487,0.156341462693639,0.15634146269365487,0.15634146269368018,0.15494591474666594,0.1549459147465903,0.15494591474654112,0.1549459147465903,0.15494591474666594,0.1549459147465903,0.15494591474650402,0.15494591474644664,0.15494591474650402,0.1549459147465903,0.15494591474654112,0.15494591474644664,0.15494591474638272,0.15494591474644664,0.15494591474654112,0.1549459147465903,0.15494591474650402,0.15494591474644664,0.15494591474650402,0.1549459147465903,0.15494591474666594,0.1549459147465903,0.15494591474654112,0.1549459147465903,0.15494591474666594,0.15357822077812586,0.15357822077790392,0.1535782207777551,0.15357822077790392,0.15357822077812586,0.15357822077790392,0.15357822077763622,0.15357822077744782,0.15357822077763622,0.15357822077790392,0.1535782207777551,0.15357822077744782,0.15357822077722527,0.15357822077744782,0.1535782207777551,0.15357822077790392,0.15357822077763622,0.15357822077744782,0.15357822077763622,0.15357822077790392,0.15357822077812586,0.15357822077790392,0.1535782207777551,0.15357822077790392,0.15357822077812586,0.15223780393087005,0.15223780393024156,0.15223780392980005,0.15223780393024156,0.15223780393087005,0.15223780393024156,0.15223780392942288,0.15223780392880362,0.15223780392942288,0.15223780393024156,0.15223780392980005,0.15223780392880362,0.15223780392800917,0.15223780392880362,0.15223780392980005,0.15223780393024156,0.15223780392942288,0.15223780392880362,0.15223780392942288,0.15223780393024156,0.15223780393087005,0.15223780393024156,0.15223780392980005,0.15223780393024156,0.15223780393087005,0.15092409301133822,0.15092409300964843,0.15092409300837248,0.15092409300964843,0.15092409301133822,0.15092409300964843,0.15092409300721574,0.1509240930051457,0.15092409300721574,0.15092409300964843,0.15092409300837248,0.1509240930051457,0.15092409300206688,0.1509240930051457,0.15092409300837248,0.15092409300964843,0.15092409300721574,0.1509240930051457,0.15092409300721574,0.15092409300964843,0.15092409301133822,0.15092409300964843,0.15092409300837248,0.15092409300964843,0.15092409301133822,0.14963652316001014,0.14963652315583365,0.14963652315231857,0.14963652315583365,0.14963652316001014,0.14963652315583365,0.14963652314895876,0.1496365231419222,0.14963652314895876,0.14963652315583365,0.14963652315231857,0.1496365231419222,0.1496365231286555,0.1496365231419222,0.14963652315231857,0.14963652315583365,0.14963652314895876,0.1496365231419222,0.14963652314895876,0.14963652315583365,0.14963652316001014,0.14963652315583365,0.14963652315231857,0.14963652315583365,0.14963652316001014,0.14837453643845291,0.1483745364295363,0.14837453642079984,0.1483745364295363,0.14837453643845291,0.1483745364295363,0.14837453641203394,0.14837453638865436,0.14837453641203394,0.1483745364295363,0.14837453642079984,0.14837453638865436,0.14837453632400613,0.14837453638865436,0.14837453642079984,0.1483745364295363,0.14837453641203394,0.14837453638865436,0.14837453641203394,0.1483745364295363,0.14837453643845291,0.1483745364295363,0.14837453642079984,0.1483745364295363,0.14837453643845291,0.14713758233941032,0.1471375823251508,0.14713758230836985,0.1471375823251508,0.14713758233941032,0.1471375823251508,0.14713758229105847,0.14713758222498,0.14713758229105847,0.1471375823251508,0.14713758230836985,0.14713758222498,0.1471375818686455,0.14713758222498,0.14713758230836985,0.1471375823251508,0.14713758229105847,0.14713758222498,0.14713758229105847,0.1471375823251508,0.14713758233941032,0.1471375823251508,0.14713758230836985,0.1471375823251508,0.14713758233941032,0.14592511822127882,0.14592511820996568,0.1459251181986853,0.14592511820996568,0.14592511822127882,0.14592511820996568,0.14592511818732856,0.14592511815553202,0.14592511818732856,0.14592511820996568,0.1459251181986853,0.14592511815553202,0.1459251180528549,0.14592511815553202,0.1459251181986853,0.14592511820996568,0.14592511818732856,0.14592511815553202,0.14592511818732856,0.14592511820996568,0.14592511822127882,0.14592511820996568,0.1459251181986853,0.14592511820996568,0.14592511822127882,0.14473660966318558,0.1447366096548276,0.14473660964703533,0.1447366096548276,0.14473660966318558,0.1447366096548276,0.1447366096393553,0.14473660961914228,0.1447366096393553,0.1447366096548276,0.14473660964703533,0.14473660961914228,0.14473660955193132,0.14473660961914228,0.14473660964703533,0.1447366096548276,0.1447366096393553,0.14473660961914228,0.1447366096393553,0.1447366096548276,0.14473660966318558,0.1447366096548276,0.14473660964703533,0.1447366096548276,0.14473660966318558,0.143571530796652,0.14357153078941218,0.14357153078246362,0.14357153078941218,0.143571530796652,0.14357153078941218,0.14357153077558166,0.1435715307561482,0.14357153077558166,0.14357153078941218,0.14357153078246362,0.1435715307561482,0.1435715306833258,0.1435715307561482,0.14357153078246362,0.14357153078941218,0.14357153077558166,0.1435715307561482,0.14357153077558166,0.14357153078941218,0.143571530796652,0.14357153078941218,0.14357153078246362,0.14357153078941218,0.143571530796652,0.14242936457078595,0.14242936456370192,0.14242936455644448,0.14242936456370192,0.14242936457078595,0.14242936456370192,0.14242936454911354,0.14242936452675656,0.14242936454911354,0.14242936456370192,0.14242936455644448,0.14242936452675656,0.14242936443649862,0.14242936452675656,0.14242936455644448,0.14242936456370192,0.14242936454911354,0.14242936452675656,0.14242936454911354,0.14242936456370192,0.14242936457078595,0.14242936456370192,0.14242936455644448,0.14242936456370192,0.14242936457078595,0.14130960296339948,0.14130960295708186,0.1413096029499319,0.14130960295708186,0.14130960296339948,0.14130960295708186,0.14130960294251696,0.14130960291750053,0.14130960294251696,0.14130960295708186,0.1413096029499319,0.14130960291750053,0.14130960280676738,0.14130960291750053,0.1413096029499319,0.14130960295708186,0.14130960294251696,0.14130960291750053,0.14130960294251696,0.14130960295708186,0.14130960296339948,0.14130960295708186,0.1413096029499319,0.14130960295708186,0.14130960296339948,0.1402117471466962,0.14021174714400364,0.14021174713978124,0.14021174714400364,0.1402117471466962,0.14021174714400364,0.1402117471351394,0.14021174711500908,0.1402117471351394,0.14021174714400364,0.14021174713978124,0.14021174711500908,0.14021174700488384,0.14021174711500908,0.14021174713978124,0.14021174714400364,0.1402117471351394,0.14021174711500908,0.1402117471351394,0.14021174714400364,0.1402117471466962,0.14021174714400364,0.14021174713978124,0.14021174714400364,0.1402117471466962,0.13913530761173956,0.13913530761788837,0.13913530762275444,0.13913530761788837,0.13913530761173956,0.13913530761788837,0.1391353076273256,0.13913530763542045,0.1391353076273256,0.13913530761788837,0.13913530762275444,0.13913530763542045,0.13913530764511542,0.13913530763542045,0.13913530762275444,0.13913530761788837,0.1391353076273256,0.13913530763542045,0.1391353076273256,0.13913530761788837,0.13913530761173956,0.13913530761788837,0.13913530762275444,0.13913530761788837,0.13913530761173956,0.13807980425672145,0.13807980427610178,0.1380798042955615,0.13807980427610178,0.13807980425672145,0.13807980427610178,0.13807980431526307,0.13807980436894693,0.13807980431526307,0.13807980427610178,0.1380798042955615,0.13807980436894693,0.13807980452019336,0.13807980436894693,0.1380798042955615,0.13807980427610178,0.13807980431526307,0.13807980436894693,0.13807980431526307,0.13807980427610178,0.13807980425672145,0.13807980427610178,0.1380798042955615,0.13807980427610178,0.13807980425672145,0.13704476644938027,0.13704476648166974,0.1370447665208412,0.13704476648166974,0.13704476644938027,0.13704476648166974,0.13704476656146491,0.1370447667217616,0.13704476656146491,0.13704476648166974,0.1370447665208412,0.1370447667217616,0.13704476761043813,0.1370447667217616,0.1370447665208412,0.13704476648166974,0.13704476656146491,0.1370447667217616,0.13704476656146491,0.13704476648166974,0.13704476644938027,0.13704476648166974,0.1370447665208412,0.13704476648166974,0.13704476644938027,0.13602973306837104,0.13602973309094277,0.13602973311304228,0.13602973309094277,0.13602973306837104,0.13602973309094277,0.13602973313521438,0.13602973319441733,0.13602973313521438,0.13602973309094277,0.13602973311304228,0.13602973319441733,0.13602973335869706,0.13602973319441733,0.13602973311304228,0.13602973309094277,0.13602973313521438,0.13602973319441733,0.13602973313521438,0.13602973309094277,0.13602973306837104,0.13602973309094277,0.13602973311304228,0.13602973309094277,0.13602973306837104,0.13503425255496507,0.13503425256910712,0.13503425258078208,0.13503425256910712,0.13503425255496507,0.13503425256910712,0.1350342525918622,0.13503425261442067,0.1350342525918622,0.13503425256910712,0.13503425258078208,0.13503425261442067,0.13503425265543748,0.13503425261442067,0.13503425258078208,0.13503425256910712,0.1350342525918622,0.13503425261442067,0.1350342525918622,0.13503425256910712,0.13503425255496507,0.13503425256910712,0.13503425258078208,0.13503425256910712,0.13503425255496507
0.16533248763141267,0.16533248763141267,0.16533248763141245,0.16533248763141267,0.16533248763141267,0.16533248763141267,0.16533248763141245,0.16533248763141245,0.16533248763141245,0.16533248763141267,0.16533248763141245,0.16533248763141245,0.16533248763141245,0.16533248763141245,0.16533248763141245,0.16533248763141267,0.16533248763141245,0.16533248763141245,0.16533248763141245,0.16533248763141267,0.16533248763141267,0.16533248763141267,0.16533248763141245,0.16533248763141267,0.16533248763141267,0.16375749391573088,0.16375749391573088,0.16375749391573066,0.16375749391573088,0.16375749391573088,0.16375749391573088,0.16375749391573066,0.16375749391573066,0.16375749391573066,0.16375749391573088,0.16375749391573066,0.16375749391573066,0.16375749391573066,0.16375749391573066,0.16375749391573066,0.16375749391573088,0.16375749391573066,0.16375749391573066,0.16375749391573066,0.16375749391573088,0.16375749391573088,0.16375749391573088,0.16375749391573066,0.16375749391573088,0.16375749391573088,0.16221388413192658,0.16221388413192636,0.16221388413192614,0.16221388413192636,0.16221388413192658,0.16221388413192636,0.16221388413192614,0.16221388413192592,0.16221388413192614,0.16221388413192636,0.16221388413192614,0.16221388413192592,0.16221388413192567,0.16221388413192592,0.16221388413192614,0.16221388413192636,0.16221388413192614,0.16221388413192592,0.16221388413192614,0.16221388413192636,0.16221388413192658,0.16221388413192636,0.16221388413192614,0.16221388413192636,0.16221388413192658,0.1607010672370414,0.1607010672370407,0.16070106723704003,0.1607010672370407,0.1607010672370414,0.1607010672370407,0.16070106723703978,0.16070106723703914,0.16070106723703978,0.1607010672370407,0.16070106723704003,0.16070106723703914,0.1607010672370387,0.16070106723703914,0.16070106723704003,0.1607010672370407,0.16070106723703978,0.16070106723703914,0.16070106723703978,0.1607010672370407,0.1607010672370414,0.1607010672370407,0.16070106723704003,0.1607010672370407,0.1607010672370414,0.15921845160605524,0.15921845160605266,0.15921845160605091,0.15921845160605266,0.15921845160605524,0.15921845160605266,0.15921845160604983,0.15921845160604808,0.15921845160604983,0.15921845160605266,0.15921845160605091,0.15921845160604808,0.15921845160604634,0.15921845160604808,0.15921845160605091,0.15921845160605266,0.15921845160604983,0.15921845160604808,0.15921845160604983,0.15921845160605266,0.15921845160605524,0.15921845160605266,0.15921845160605091,0.15921845160605266,0.15921845160605524,0.1577654463837387,0.1577654463837306,0.15776544638372547,0.1577654463837306,0.1577654463837387,0.1577654463837306,0.15776544638372206,0.15776544638371673,0.15776544638372206,0.1577654463837306,0.15776544638372547,0.15776544638371673,0.15776544638371098,0.15776544638371673,0.15776544638372547,0.1577654463837306,0.15776544638372206,0.15776544638371673,0.15776544638372206,0.1577654463837306,0.1577654463837387,0.1577654463837306,0.15776544638372547,0.1577654463837306,0.1577654463837387,0.15634146269898166,0.1563414626989572,0.15634146269894172,0.1563414626989572,0.15634146269898166,0.1563414626989572,0.15634146269893043,0.15634146269891327,0.15634146269893043,0.1563414626989572,0.15634146269894172,0.15634146269891327,0.1563414626988949,0.15634146269891327,0.15634146269894172,0.1563414626989572,0.15634146269893043,0.15634146269891327,0.15634146269893043,0.1563414626989572,0.15634146269898166,0.1563414626989572,0.15634146269894172,0.1563414626989572,0.15634146269898166,0.15494591475186853,0.15494591475179537,0.15494591475174785,0.15494591475179537,0.15494591475186853,0.15494591475179537,0.15494591475171196,0.15494591475165642,0.15494591475171196,0.15494591475179537,0.15494591475174785,0.15494591475165642,0.15494591475159492,0.15494591475165642,0.15494591475174785,0.15494591475179537,0.15494591475171196,0.15494591475165642,0.15494591475171196,0.15494591475179537,0.15494591475186853,0.15494591475179537,0.15494591475174785,0.15494591475179537,0.15494591475186853,0.15357822078322805,0.1535782207830134,0.15357822078286937,0.1535782207830134,0.15357822078322805,0.1535782207830134,0.1535782207827543,0.15357822078257213,0.1535782207827543,0.1535782207830134,0.15357822078286937,0.15357822078257213,0.15357822078235703,0.15357822078257213,0.15357822078286937,0.1535782207830134,0.1535782207827543,0.15357822078257213,0.1535782207827543,0.1535782207830134,0.15357822078322805,0.1535782207830134,0.15357822078286937,0.1535782207830134,0.15357822078322805,0.1522378039358605,0.15223780393525171,0.15223780393482414,0.15223780393525171,0.1522378039358605,0.15223780393525171,0.15223780393445963,0.15223780393386024,0.15223780393445963,0.15223780393525171,0.15223780393482414,0.15223780393386024,0.15223780393309178,0.15223780393386024,0.15223780393482414,0.15223780393525171,0.15223780393445963,0.15223780393386024,0.15223780393445963,0.15223780393525171,0.1522378039358605,0.15223780393525171,0.15223780393482414,0.15223780393525171,0.1522378039358605,0.1509240930161786,0.1509240930145411,0.15092409301330525,0.1509240930145411,0.1509240930161786,0.1509240930145411,0.15092409301218554,0.15092409301018264,0.15092409301218554,0.1509240930145411,0.15092409301330525,0.15092409301018264,0.15092409300720647,0.15092409301018264,0.15092409301330525,0.1509240930145411,0.15092409301218554,0.15092409301018264,0.15092409301218554,0.1509240930145411,0.1509240930161786,0.1509240930145411,0.15092409301330525,0.1509240930145411,0.1509240930161786,0.1496365231645941,0.1496365231605439,0.14963652315713816,0.1496365231605439,0.1496365231645941,0.1496365231605439,0.1496365231538844,0.14963652314707718,0.1496365231538844,0.1496365231605439,0.14963652315713816,0.14963652314707718,0.14963652313425918,0.14963652314707718,0.14963652315713816,0.1496365231605439,0.1496365231538844,0.14963652314707718,0.1496365231538844,0.1496365231605439,0.1496365231645941,0.1496365231605439,0.14963652315713816,0.1496365231605439,0.1496365231645941,0.14837453644251958,0.14837453643385948,0.14837453642538767,0.14837453643385948,0.14837453644251958,0.14837453643385948,0.1483745364168916,0.14837453639427228,0.1483745364168916,0.14837453643385948,0.14837453642538767,0.14837453639427228,0.14837453633184466,0.14837453639427228,0.14837453642538767,0.14837453643385948,0.1483745364168916,0.14837453639427228,0.1483745364168916,0.14837453643385948,0.14837453644251958,0.14837453643385948,0.14837453642538767,0.14837453643385948,0.14837453644251958,0.14713758234242474,0.1471375823285227,0.14713758231220828,0.1471375823285227,0.14713758234242474,0.1471375823285227,0.14713758229538573,0.147137582231395,0.14713758229538573,0.1471375823285227,0.14713758231220828,0.147137582231395,0.14713758188744247,0.147137582231395,0.14713758231220828,0.1471375823285227,0.14713758229538573,0.147137582231395,0.14713758229538573,0.1471375823285227,0.14713758234242474,0.1471375823285227,0.14713758231220828,0.1471375823285227,0.14713758234242474,0.14592511822248874,0.14592511821127463,0.1459251182000664,0.14592511821127463,0.14592511822248874,0.14592511821127463,0.1459251181887789,0.1459251181569656,0.1459251181887789,0.14592511821127463,0.1459251182000664,0.1459251181569656,0.1459251180524676,0.1459251181569656,0.1459251182000664,0.14592511821127463,0.1459251181887789,0.1459251181569656,0.1459251181887789,0.14592511821127463,0.14592511822248874,0.14592511821127463,0.1459251182000664,0.14592511821127463,0.14592511822248874,0.14473660966236185,0.14473660965392798,0.14473660964602067,0.14473660965392798,0.14473660966236185,0.14473660965392798,0.14473660963821605,0.14473660961746015,0.14473660963821605,0.14473660965392798,0.14473660964602067,0.14473660961746015,0.1447366095473358,0.14473660961746015,0.14473660964602067,0.14473660965392798,0.14473660963821605,0.14473660961746015,0.14473660963821605,0.14473660965392798,0.14473660966236185,0.14473660965392798,0.14473660964602067,0.14473660965392798,0.14473660966236185,0.14357153079392274,0.1435715307865611,0.14357153077947207,0.1435715307865611,0.14357153079392274,0.1435715307865611,0.14357153077244345,0.14357153075251172,0.14357153077244345,0.1435715307865611,0.14357153077947207,0.14357153075251172,0.14357153067751924,0.14357153075251172,0.14357153077947207,0.1435715307865611,0.14357153077244345,0.14357153075251172,0.14357153077244345,0.1435715307865611,0.14357153079392274,0.1435715307865611,0.14357153077947207,0.1435715307865611,0.14357153079392274,0.1424293645663744,0.14242936455918706,0.1424293645518226,0.14242936455918706,0.1424293645663744,0.14242936455918706,0.14242936454438296,0.1424293645216938,0.14242936454438296,0.14242936455918706,0.1424293645518226,0.1424293645216938,0.14242936443011128,0.1424293645216938,0.1424293645518226,0.14242936455918706,0.14242936454438296,0.1424293645216938,0.14242936454438296,0.14242936455918706,0.1424293645663744,0.14242936455918706,0.1424293645518226,0.14242936455918706,0.1424293645663744,0.1413096029574932,0.1413096029511042,0.14130960294388809,0.1413096029511042,0.1413096029574932,0.1413096029511042,0.1413096029364085,0.1413096029112199,0.1413096029364085,0.1413096029511042,0.14130960294388809,0.1413096029112199,0.14130960279988203,0.1413096029112199,0.14130960294388809,0.1413096029511042,0.1413096029364085,0.1413096029112199,0.1413096029364085,0.1413096029511042,0.1413096029574932,0.1413096029511042,0.14130960294388809,0.1413096029511042,0.1413096029574932,0.1402117471394176,0.14021174713666762,0.14021174713239973,0.14021174713666762,0.1402117471394176,0.14021174713666762,0.14021174712771597,0.140211747107505,0.14021174712771597,0.14021174713666762,0.14021174713239973,0.140211747107505,0.14021174699724093,0.140211747107505,0.14021174713239973,0.14021174713666762,0.14021174712771597,0.140211747107505,0.14021174712771597,0.14021174713666762,0.1402117471394176,0.14021174713666762,0.14021174713239973,0.14021174713666762,0.1402117471394176,0.13913530760318332,0.13913530760924772,0.13913530761404388,0.13913530760924772,0.13913530760318332,0.13913530760924772,0.13913530761854864,0.13913530762650864,0.13913530761854864,0.13913530760924772,0.13913530761404388,0.13913530762650864,0.13913530763595663,0.13913530762650864,0.13913530761404388,0.13913530760924772,0.13913530761854864,0.13913530762650864,0.13913530761854864,0.13913530760924772,0.13913530760318332,0.13913530760924772,0.13913530761404388,0.13913530760924772,0.13913530760318332,0.1380798042470374,0.1380798042662579,0.13807980428556085,0.1380798042662579,0.1380798042470374,0.1380798042662579,0.1380798043051049,0.13807980435836967,0.1380798043051049,0.1380798042662579,0.13807980428556085,0.13807980435836967,0.1380798045084603,0.13807980435836967,0.13807980428556085,0.1380798042662579,0.1380798043051049,0.13807980435836967,0.1380798043051049,0.1380798042662579,0.1380798042470374,0.1380798042662579,0.13807980428556085,0.1380798042662579,0.1380798042470374,0.13704476643887534,0.13704476647091976,0.13704476650979686,0.13704476647091976,0.13704476643887534,0.13704476647091976,0.13704476655011635,0.1370447667092209,0.13704476655011635,0.13704476647091976,0.13704476650979686,0.1370447667092209,0.1370447675913065,0.1370447667092209,0.13704476650979686,0.13704476647091976,0.13704476655011635,0.1370447667092209,0.13704476655011635,0.13704476647091976,0.13704476643887534,0.13704476647091976,0.13704476650979686,0.13704476647091976,0.13704476643887534,0.13602973305753163,0.13602973307993396,0.13602973310186822,0.13602973307993396,0.13602973305753163,0.13602973307993396,0.13602973312387515,0.13602973318263822,0.13602973312387515,0.13602973307993396,0.13602973310186822,0.13602973318263822,0.13602973334570034,0.13602973318263822,0.13602973310186822,0.13602973307993396,0.13602973312387515,0.13602973318263822,0.13602973312387515,0.13602973307993396,0.13602973305753163,0.13602973307993396,0.13602973310186822,0.13602973307993396,0.13602973305753163,0.13503425254412585,0.13503425255816212,0.13503425256975013,0.13503425255816212,0.13503425254412585,0.13503425255816212,0.13503425258074772,0.1350342526031385,0.13503425258074772,0.13503425255816212,0.13503425256975013,0.1350342526031385,0.13503425264385097,0.1350342526031385,0.13503425256975013,0.13503425255816212,0.13503425258074772,0.1350342526031385,0.13503425258074772,0.13503425255816212,0.13503425254412585,0.13503425255816212,0.13503425256975013,0.13503425255816212,0.13503425254412585
0.16533248763754813,0.16533248763754813,0.16533248763754813,0.16533248763754813,0.16533248763754813,0.16533248763754813,0.16533248763754813,0.16533248763754813,0.16533248763754813,0.16533248763754813,0.16533248763754813,0.16533248763754813,0.16533248763754813,0.16533248763754813,0.16533248763754813,0.16533248763754813,0.16533248763754813,0.16533248763754813,0.16533248763754813,0.16533248763754813,0.16533248763754813,0.16533248763754813,0.16533248763754813,0.16533248763754813,0.16533248763754813,0.16375749392174577,0.16375749392174577,0.16375749392174554,0.16375749392174577,0.16375749392174577,0.16375749392174577,0.16375749392174554,0.16375749392174554,0.16375749392174554,0.16375749392174577,0.16375749392174554,0.16375749392174554,0.16375749392174554,0.16375749392174554,0.16375749392174554,0.16375749392174577,0.16375749392174554,0.16375749392174554,0.16375749392174554,0.16375749392174577,0.16375749392174577,0.16375749392174577,0.16375749392174554,0.16375749392174577,0.16375749392174577,0.16221388413782448,0.16221388413782403,0.16221388413782403,0.16221388413782403,0.16221388413782425,0.16221388413782403,0.1622138841378238,0.1622138841378236,0.1622138841378238,0.16221388413782403,0.16221388413782403,0.1622138841378236,0.1622138841378236,0.1622138841378236,0.16221388413782403,0.16221388413782403,0.1622138841378238,0.1622138841378236,0.1622138841378238,0.16221388413782403,0.16221388413782425,0.16221388413782403,0.16221388413782403,0.16221388413782403,0.16221388413782425,0.16070106724282554,0.16070106724282468,0.16070106724282424,0.16070106724282468,0.16070106724282554,0.16070106724282468,0.160701067242824,0.16070106724282335,0.160701067242824,0.16070106724282468,0.16070106724282424,0.16070106724282335,0.1607010672428229,0.16070106724282335,0.16070106724282424,0.16070106724282468,0.160701067242824,0.16070106724282335,0.160701067242824,0.16070106724282468,0.16070106724282554,0.16070106724282468,0.16070106724282424,0.16070106724282468,0.16070106724282554,0.15921845161172918,0.15921845161172657,0.15921845161172501,0.15921845161172657,0.15921845161172918,0.15921845161172657,0.15921845161172393,0.15921845161172243,0.15921845161172393,0.15921845161172657,0.15921845161172501,0.15921845161172243,0.15921845161172068,0.15921845161172243,0.15921845161172501,0.15921845161172657,0.15921845161172393,0.15921845161172243,0.15921845161172393,0.15921845161172657,0.15921845161172918,0.15921845161172657,0.15921845161172501,0.15921845161172657,0.15921845161172918,0.1577654463893059,0.15776544638929804,0.15776544638929313,0.15776544638929804,0.1577654463893059,0.15776544638929804,0.15776544638928994,0.15776544638928458,0.15776544638928994,0.15776544638929804,0.15776544638929313,0.15776544638928458,0.15776544638927928,0.15776544638928458,0.15776544638929313,0.15776544638929804,0.15776544638928994,0.15776544638928458,0.15776544638928994,0.15776544638929804,0.1577654463893059,0.15776544638929804,0.15776544638929313,0.15776544638929804,0.1577654463893059,0.15634146270444502,0.15634146270442137,0.15634146270440633,0.15634146270442137,0.15634146270444502,0.15634146270442137,0.15634146270439567,0.15634146270437912,0.15634146270439567,0.15634146270442137,0.15634146270440633,0.15634146270437912,0.15634146270436136,0.15634146270437912,0.15634146270440633,0.15634146270442137,0.15634146270439567,0.15634146270437912,0.15634146270439567,0.15634146270442137,0.15634146270444502,0.15634146270442137,0.15634146270440633,0.15634146270442137,0.15634146270444502,0.15494591475722996,0.15494591475715927,0.15494591475711317,0.15494591475715927,0.15494591475722996,0.15494591475715927,0.15494591475707872,0.15494591475702524,0.15494591475707872,0.15494591475715927,0.15494591475711317,0.15494591475702524,0.15494591475696579,0.15494591475702524,0.15494591475711317,0.15494591475715927,0.15494591475707872,0.15494591475702524,0.15494591475707872,0.15494591475715927,0.15494591475722996,0.15494591475715927,0.15494591475711317,0.15494591475715927,0.15494591475722996,0.15357822078848538,0.15357822078827787,0.15357822078813888,0.15357822078827787,0.15357822078848538,0.15357822078827787,0.15357822078802785,0.1535782207878523,0.15357822078802785,0.15357822078827787,0.15357822078813888,0.1535782207878523,0.15357822078764483,0.1535782207878523,0.15357822078813888,0.15357822078827787,0.15357822078802785,0.1535782207878523,0.15357822078802785,0.15357822078827787,0.15357822078848538,0.15357822078827787,0.15357822078813888,0.15357822078827787,0.15357822078848538,0.15223780394100195,0.1522378039404136,0.15223780394000044,0.1522378039404136,0.15223780394100195,0.1522378039404136,0.1522378039396487,0.15223780393906977,0.1522378039396487,0.1522378039404136,0.15223780394000044,0.15223780393906977,0.15223780393832848,0.15223780393906977,0.15223780394000044,0.1522378039404136,0.1522378039396487,0.15223780393906977,0.1522378039396487,0.1522378039404136,0.15223780394100195,0.1522378039404136,0.15223780394000044,0.1522378039404136,0.15223780394100195,0.1509240930211644,0.15092409301958112,0.15092409301838697,0.15092409301958112,0.1509240930211644,0.15092409301958112,0.15092409301730525,0.150924093015372,0.15092409301730525,0.15092409301958112,0.15092409301838697,0.150924093015372,0.15092409301250193,0.150924093015372,0.15092409301838697,0.15092409301958112,0.15092409301730525,0.150924093015372,0.15092409301730525,0.15092409301958112,0.1509240930211644,0.15092409301958112,0.15092409301838697,0.15092409301958112,0.1509240930211644,0.14963652316931456,0.14963652316539466,0.14963652316210235,0.14963652316539466,0.14963652316931456,0.14963652316539466,0.14963652315895845,0.14963652315238873,0.14963652315895845,0.14963652316539466,0.14963652316210235,0.14963652315238873,0.14963652314003514,0.14963652315238873,0.14963652316210235,0.14963652316539466,0.14963652315895845,0.14963652315238873,0.14963652315895845,0.14963652316539466,0.14963652316931456,0.14963652316539466,0.14963652316210235,0.14963652316539466,0.14963652316931456,0.14837453644670412,0.14837453643830928,0.14837453643011156,0.14837453643830928,0.14837453644670412,0.14837453643830928,0.14837453642189496,0.14837453640006254,0.14837453642189496,0.14837453643830928,0.14837453643011156,0.14837453640006254,0.1483745363399341,0.14837453640006254,0.14837453643011156,0.14837453643830928,0.14837453642189496,0.14837453640006254,0.14837453642189496,0.14837453643830928,0.14837453644670412,0.14837453643830928,0.14837453643011156,0.14837453643830928,0.14837453644670412,0.14713758234551982,0.14713758233198782,0.14713758231615603,0.14713758233198782,0.14713758234551982,0.14713758233198782,0.1471375822998396,0.14713758223800988,0.1471375822998396,0.14713758233198782,0.14713758231615603,0.14713758223800988,0.14713758190690848,0.14713758223800988,0.14713758231615603,0.14713758233198782,0.1471375822998396,0.14713758223800988,0.1471375822998396,0.14713758233198782,0.14713758234551982,0.14713758233198782,0.14713758231615603,0.14713758233198782,0.14713758234551982,0.14592511822371615,0.14592511821260407,0.1459251182014697,0.14592511821260407,0.14592511822371615,0.14592511821260407,0.14592511819025308,0.1459251181584213,0.14592511819025308,0.14592511821260407,0.1459251182014697,0.1459251181584213,0.14592511805199165,0.1459251181584213,0.1459251182014697,0.14592511821260407,0.14592511819025308,0.1459251181584213,0.14592511819025308,0.14592511821260407,0.14592511822371615,0.14592511821260407,0.1459251182014697,0.14592511821260407,0.14592511822371615,0.14473660966148544,0.14473660965297197,0.14473660964494442,0.14473660965297197,0.14473660966148544,0.14473660965297197,0.14473660963700938,0.14473660961568777,0.14473660963700938,0.14473660965297197,0.14473660964494442,0.14473660961568777,0.14473660954252138,0.14473660961568777,0.14473660964494442,0.14473660965297197,0.14473660963700938,0.14473660961568777,0.14473660963700938,0.14473660965297197,0.14473660966148544,0.14473660965297197,0.14473660964494442,0.14473660965297197,0.14473660966148544,0.14357153079107798,0.14357153078358853,0.143571530776352,0.14357153078358853,0.14357153079107798,0.14357153078358853,0.1435715307691697,0.14357153074871626,0.1435715307691697,0.14357153078358853,0.143571530776352,0.14357153074871626,0.14357153067144696,0.14357153074871626,0.143571530776352,0.14357153078358853,0.1435715307691697,0.14357153074871626,0.1435715307691697,0.14357153078358853,0.14357153079107798,0.14357153078358853,0.143571530776352,0.14357153078358853,0.14357153079107798,0.1424293645617966,0.1424293645544999,0.14242936454702204,0.1424293645544999,0.1424293645617966,0.1424293645544999,0.14242936453946697,0.14242936451642624,0.14242936453946697,0.1424293645544999,0.14242936454702204,0.14242936451642624,0.14242936442344029,0.14242936451642624,0.14242936454702204,0.1424293645544999,0.14242936453946697,0.14242936451642624,0.14242936453946697,0.1424293645544999,0.1424293645617966,0.1424293645544999,0.14242936454702204,0.1424293645544999,0.1424293645617966,0.1413096029513813,0.14130960294491568,0.14130960293762837,0.14130960294491568,0.1413096029513813,0.14130960294491568,0.14130960293007905,0.14130960290470215,0.14130960293007905,0.14130960294491568,0.14130960293762837,0.14130960290470215,0.14130960279270505,0.14130960290470215,0.14130960293762837,0.14130960294491568,0.14130960293007905,0.14130960290470215,0.14130960293007905,0.14130960294491568,0.1413096029513813,0.14130960294491568,0.14130960293762837,0.14130960294491568,0.1413096029513813,0.1402117471319045,0.1402117471290929,0.14021174712477552,0.1402117471290929,0.1402117471319045,0.1402117471290929,0.14021174712004564,0.140211747099742,0.14021174712004564,0.1402117471290929,0.14021174712477552,0.140211747099742,0.14021174698929004,0.140211747099742,0.14021174712477552,0.1402117471290929,0.14021174712004564,0.140211747099742,0.14021174712004564,0.1402117471290929,0.1402117471319045,0.1402117471290929,0.14021174712477552,0.1402117471290929,0.1402117471319045,0.13913530759437112,0.1391353076003484,0.13913530760507214,0.1391353076003484,0.13913530759437112,0.1391353076003484,0.13913530760950799,0.1391353076173274,0.13913530760950799,0.1391353076003484,0.13913530760507214,0.1391353076173274,0.1391353076265159,0.1391353076173274,0.13913530760507214,0.1391353076003484,0.13913530760950799,0.1391353076173274,0.13913530760950799,0.1391353076003484,0.13913530759437112,0.1391353076003484,0.13913530760507214,0.1391353076003484,0.13913530759437112,0.13807980423708188,0.13807980425613958,0.138079804275283,0.13807980425613958,0.13807980423708188,0.13807980425613958,0.1380798042946669,0.13807980434750547,0.1380798042946669,0.13807980425613958,0.138079804275283,0.13807980434750547,0.13807980449642213,0.13807980434750547,0.138079804275283,0.13807980425613958,0.1380798042946669,0.13807980434750547,0.1380798042946669,0.13807980425613958,0.13807980423708188,0.13807980425613958,0.138079804275283,0.13807980425613958,0.13807980423708188,0.1370447664280892,0.1370447664598847,0.13704476649846334,0.1370447664598847,0.1370447664280892,0.1370447664598847,0.13704476653847406,0.13704476669636972,0.13704476653847406,0.1370447664598847,0.13704476649846334,0.13704476669636972,0.1370447675717757,0.13704476669636972,0.13704476649846334,0.1370447664598847,0.13704476653847406,0.13704476669636972,0.13704476653847406,0.1370447664598847,0.1370447664280892,0.1370447664598847,0.13704476649846334,0.1370447664598847,0.1370447664280892,0.13602973304640814,0.13602973306863872,0.1360297330904057,0.13602973306863872,0.13602973304640814,0.13602973306863872,0.13602973311224484,0.1360297331705617,0.13602973311224484,0.13602973306863872,0.1360297330904057,0.1360297331705617,0.13602973333238932,0.1360297331705617,0.1360297330904057,0.13602973306863872,0.13602973311224484,0.1360297331705617,0.13602973311224484,0.13602973306863872,0.13602973304640814,0.13602973306863872,0.1360297330904057,0.13602973306863872,0.13602973304640814,0.1350342525330051,0.1350342525469342,0.13503425255843385,0.1350342525469342,0.1350342525330051,0.1350342525469342,0.1350342525693478,0.13503425259156848,0.1350342525693478,0.1350342525469342,0.13503425255843385,0.13503425259156848,0.13503425263197244,0.13503425259156848,0.13503425255843385,0.1350342525469342,0.1350342525693478,0.13503425259156848,0.1350342525693478,0.1350342525469342,0.1350342525330051,0.1350342525469342,0.13503425255843385,0.1350342525469342,0.1350342525330051
0.16533248764386435,0.16533248764386435,0.16533248764386435,0.16533248764386435,0.16533248764386435,0.16533248764386435,0.16533248764386435,0.16533248764386435,0.16533248764386435,0.16533248764386435,0.16533248764386435,0.16533248764386435,0.1653324876438641,0.16533248764386435,0.16533248764386435,0.16533248764386435,0.16533248764386435,0.16533248764386435,0.16533248764386435,0.16533248764386435,0.16533248764386435,0.16533248764386435,0.16533248764386435,0.16533248764386435,0.16533248764386435,0.1637574939279376,0.1637574939279376,0.1637574939279376,0.1637574939279376,0.1637574939279376,0.1637574939279376,0.1637574939279376,0.16375749392793737,0.1637574939279376,0.1637574939279376,0.1637574939279376,0.16375749392793737,0.16375749392793737,0.16375749392793737,0.1637574939279376,0.1637574939279376,0.1637574939279376,0.16375749392793737,0.1637574939279376,0.1637574939279376,0.1637574939279376,0.1637574939279376,0.1637574939279376,0.1637574939279376,0.1637574939279376,0.16221388414389556,0.16221388414389534,0.16221388414389512,0.16221388414389534,0.16221388414389556,0.16221388414389534,0.16221388414389512,0.1622138841438949,0.16221388414389512,0.16221388414389534,0.16221388414389512,0.1622138841438949,0.16221388414389468,0.1622138841438949,0.16221388414389512,0.16221388414389534,0.16221388414389512,0.1622138841438949,0.16221388414389512,0.16221388414389534,0.16221388414389556,0.16221388414389534,0.16221388414389512,0.16221388414389534,0.16221388414389556,0.1607010672487797,0.1607010672487788,0.16070106724877836,0.1607010672487788,0.1607010672487797,0.1607010672487788,0.16070106724877795,0.16070106724877747,0.16070106724877795,0.1607010672487788,0.16070106724877836,0.16070106724877747,0.16070106724877703,0.16070106724877747,0.16070106724877836,0.1607010672487788,0.16070106724877795,0.16070106724877747,0.16070106724877795,0.1607010672487788,0.1607010672487797,0.1607010672487788,0.16070106724877836,0.1607010672487788,0.1607010672487797,0.15921845161756965,0.15921845161756726,0.15921845161756573,0.15921845161756726,0.15921845161756965,0.15921845161756726,0.15921845161756462,0.15921845161756312,0.15921845161756462,0.15921845161756726,0.15921845161756573,0.15921845161756312,0.15921845161756137,0.15921845161756312,0.15921845161756573,0.15921845161756726,0.15921845161756462,0.15921845161756312,0.15921845161756462,0.15921845161756726,0.15921845161756965,0.15921845161756726,0.15921845161756573,0.15921845161756726,0.15921845161756965,0.15776544639503612,0.15776544639502865,0.157765446395024,0.15776544639502865,0.15776544639503612,0.15776544639502865,0.1577654463950208,0.15776544639501566,0.1577654463950208,0.15776544639502865,0.157765446395024,0.15776544639501566,0.15776544639501053,0.15776544639501566,0.157765446395024,0.15776544639502865,0.1577654463950208,0.15776544639501566,0.1577654463950208,0.15776544639502865,0.15776544639503612,0.15776544639502865,0.157765446395024,0.15776544639502865,0.15776544639503612,0.15634146271006807,0.15634146271004531,0.15634146271003088,0.15634146271004531,0.15634146271006807,0.15634146271004531,0.1563414627100204,0.15634146271000454,0.1563414627100204,0.15634146271004531,0.15634146271003088,0.15634146271000454,0.1563414627099874,0.15634146271000454,0.15634146271003088,0.15634146271004531,0.1563414627100204,0.15634146271000454,0.1563414627100204,0.15634146271004531,0.15634146271006807,0.15634146271004531,0.15634146271003088,0.15634146271004531,0.15634146271006807,0.15494591476274733,0.15494591476267933,0.15494591476263506,0.15494591476267933,0.15494591476274733,0.15494591476267933,0.15494591476260186,0.1549459147625502,0.15494591476260186,0.15494591476267933,0.15494591476263506,0.1549459147625502,0.15494591476249323,0.1549459147625502,0.15494591476263506,0.15494591476267933,0.15494591476260186,0.1549459147625502,0.15494591476260186,0.15494591476267933,0.15494591476274733,0.15494591476267933,0.15494591476263506,0.15494591476267933,0.15494591476274733,0.15357822079389544,0.15357822079369562,0.15357822079356168,0.15357822079369562,0.15357822079389544,0.15357822079369562,0.15357822079345482,0.1535782207932859,0.15357822079345482,0.15357822079369562,0.15357822079356168,0.1535782207932859,0.1535782207930865,0.1535782207932859,0.15357822079356168,0.15357822079369562,0.15357822079345482,0.1535782207932859,0.15357822079345482,0.15357822079369562,0.15357822079389544,0.15357822079369562,0.15357822079356168,0.15357822079369562,0.15357822079389544,0.15223780394629202,0.15223780394572492,0.1522378039453267,0.15223780394572492,0.15223780394629202,0.15223780394572492,0.15223780394498815,0.15223780394443073,0.15223780394498815,0.15223780394572492,0.1522378039453267,0.15223780394443073,0.15223780394371714,0.15223780394443073,0.1522378039453267,0.15223780394572492,0.15223780394498815,0.15223780394443073,0.15223780394498815,0.15223780394572492,0.15223780394629202,0.15223780394572492,0.1522378039453267,0.15223780394572492,0.15223780394629202,0.1509240930262936,0.15092409302476625,0.1509240930236151,0.15092409302476625,0.1509240930262936,0.15092409302476625,0.15092409302257292,0.15092409302071164,0.15092409302257292,0.15092409302476625,0.1509240930236151,0.15092409302071164,0.15092409301795132,0.15092409302071164,0.1509240930236151,0.15092409302476625,0.15092409302257292,0.15092409302071164,0.15092409302257292,0.15092409302476625,0.1509240930262936,0.15092409302476625,0.1509240930236151,0.15092409302476625,0.1509240930262936,0.1496365231741691,0.1496365231703842,0.1496365231672089,0.1496365231703842,0.1496365231741691,0.1496365231703842,0.1496365231641785,0.1496365231578542,0.1496365231641785,0.1496365231703842,0.1496365231672089,0.1496365231578542,0.14963652314598086,0.1496365231578542,0.1496365231672089,0.1496365231703842,0.1496365231641785,0.1496365231578542,0.1496365231641785,0.1496365231703842,0.1496365231741691,0.1496365231703842,0.1496365231672089,0.1496365231703842,0.1496365231741691,0.1483745364510049,0.14837453644288412,0.1483745364349698,0.14837453644288412,0.1483745364510049,0.14837453644288412,0.14837453642704176,0.14837453640602277,0.14837453642704176,0.14837453644288412,0.1483745364349698,0.14837453640602277,0.14837453634827044,0.14837453640602277,0.1483745364349698,0.14837453644288412,0.14837453642704176,0.14837453640602277,0.14837453642704176,0.14837453644288412,0.1483745364510049,0.14837453644288412,0.1483745364349698,0.14837453644288412,0.1483745364510049,0.14713758234869462,0.14713758233554466,0.14713758232021173,0.14713758233554466,0.14713758234869462,0.14713758233554466,0.1471375823044181,0.14713758224482185,0.1471375823044181,0.14713758233554466,0.14713758232021173,0.14713758224482185,0.14713758192699775,0.14713758224482185,0.14713758232021173,0.14713758233554466,0.1471375823044181,0.14713758224482185,0.1471375823044181,0.14713758233554466,0.14713758234869462,0.14713758233554466,0.14713758232021173,0.14713758233554466,0.14713758234869462,0.14592511822496082,0.14592511821395343,0.1459251182028951,0.14592511821395343,0.14592511822496082,0.14592511821395343,0.14592511819175133,0.14592511815989886,0.14592511819175133,0.14592511821395343,0.1459251182028951,0.14592511815989886,0.14592511805146474,0.14592511815989886,0.1459251182028951,0.14592511821395343,0.14592511819175133,0.14592511815989886,0.14592511819175133,0.14592511821395343,0.14592511822496082,0.14592511821395343,0.1459251182028951,0.14592511821395343,0.14592511822496082,0.14473660966055754,0.14473660965196025,0.14473660964380738,0.14473660965196025,0.14473660966055754,0.14473660965196025,0.14473660963573656,0.1447366096138269,0.14473660963573656,0.14473660965196025,0.14473660964380738,0.1447366096138269,0.14473660953752296,0.1447366096138269,0.14473660964380738,0.14473660965196025,0.14473660963573656,0.1447366096138269,0.14473660963573656,0.14473660965196025,0.14473660966055754,0.14473660965196025,0.14473660964380738,0.14473660965196025,0.14473660966055754,0.1435715307881196,0.14357153078049636,0.14357153077310547,0.14357153078049636,0.1435715307881196,0.14357153078049636,0.1435715307657625,0.14357153074476456,0.1435715307657625,0.14357153078049636,0.14357153077310547,0.14357153074476456,0.14357153066511852,0.14357153074476456,0.14357153077310547,0.14357153078049636,0.1435715307657625,0.14357153074476456,0.1435715307657625,0.14357153078049636,0.1435715307881196,0.14357153078049636,0.14357153077310547,0.14357153078049636,0.1435715307881196,0.14242936455705493,0.14242936454964267,0.14242936454204516,0.14242936454964267,0.14242936455705493,0.14242936454964267,0.14242936453436866,0.1424293645109567,0.14242936453436866,0.14242936454964267,0.14242936454204516,0.1424293645109567,0.1424293644164692,0.1424293645109567,0.14242936454204516,0.14242936454964267,0.14242936453436866,0.1424293645109567,0.14242936453436866,0.14242936454964267,0.14242936455705493,0.14242936454964267,0.14242936454204516,0.14242936454964267,0.14242936455705493,0.14130960294506698,0.1413096029385196,0.1413096029311558,0.1413096029385196,0.14130960294506698,0.1413096029385196,0.14130960292353137,0.14130960289795066,0.14130960292353137,0.1413096029385196,0.1413096029311558,0.14130960289795066,0.14130960278524374,0.14130960289795066,0.1413096029311558,0.1413096029385196,0.14130960292353137,0.14130960289795066,0.14130960292353137,0.14130960293851944,0.14130960294506698,0.1413096029385196,0.1413096029311558,0.14130960293851944,0.14130960294506698,0.14021174712416,0.14021174712128295,0.14021174711691217,0.14021174712128295,0.14021174712416,0.14021174712128295,0.14021174711213233,0.14021174709172365,0.14021174711213233,0.14021174712128295,0.14021174711691217,0.14021174709172365,0.14021174698102953,0.14021174709172365,0.14021174711691217,0.14021174712128295,0.14021174711213233,0.14021174709172365,0.14021174711213233,0.14021174712128295,0.14021174712416,0.14021174712128295,0.14021174711691217,0.14021174712128295,0.14021174712416,0.13913530758530676,0.13913530759119372,0.13913530759584253,0.13913530759119372,0.13913530758530676,0.13913530759119372,0.1391353076002072,0.13913530760788054,0.1391353076002072,0.13913530759119372,0.13913530759584253,0.13913530760788054,0.1391353076167971,0.13913530760788054,0.13913530759584253,0.13913530759119372,0.1391353076002072,0.13913530760788054,0.1391353076002072,0.13913530759119372,0.13913530758530676,0.13913530759119372,0.13913530759584253,0.13913530759119372,0.13913530758530676,0.13807980422685862,0.13807980424575042,0.13807980426473151,0.13807980424575042,0.13807980422685862,0.13807980424575042,0.1380798042839526,0.138079804336358,0.1380798042839526,0.13807980424575042,0.13807980426473151,0.138079804336358,0.1380798044840833,0.138079804336358,0.13807980426473151,0.13807980424575042,0.1380798042839526,0.138079804336358,0.1380798042839526,0.13807980424575042,0.13807980422685862,0.13807980424575042,0.13807980426473151,0.13807980424575042,0.13807980422685862,0.13704476641702537,0.13704476644856836,0.13704476648684413,0.13704476644856836,0.13704476641702537,0.13704476644856836,0.1370447665265418,0.1370447666832119,0.1370447665265418,0.13704476644856836,0.13704476648684413,0.1370447666832119,0.13704476755186137,0.1370447666832119,0.13704476648684413,0.13704476644856836,0.1370447665265418,0.1370447666832119,0.1370447665265418,0.13704476644856836,0.13704476641702537,0.13704476644856836,0.13704476648684413,0.13704476644856836,0.13704476641702537,0.13602973303500462,0.13602973305706106,0.13602973307865818,0.13602973305706106,0.13602973303500462,0.13602973305706106,0.13602973310032737,0.13602973315819197,0.13602973310032737,0.13602973305706106,0.13602973307865818,0.13602973315819197,0.13602973331876814,0.13602973315819197,0.13602973307865818,0.13602973305706106,0.13602973310032737,0.13602973315819197,0.13602973310032737,0.13602973305706106,0.13602973303500462,0.13602973305706106,0.13602973307865818,0.13602973305706106,0.13602973303500462,0.13503425252160667,0.1350342525354271,0.13503425254683726,0.1350342525354271,0.13503425252160667,0.1350342525354271,0.13503425255766624,0.13503425257971455,0.13503425255766624,0.1350342525354271,0.13503425254683726,0.13503425257971455,0.13503425261980567,0.13503425257971455,0.13503425254683726,0.1350342525354271,0.13503425255766624,0.13503425257971455,0.13503425255766624,0.1350342525354271,0.13503425252160667,0.1350342525354271,0.13503425254683726,0.1350342525354271,0.13503425252160667
0.16533248765035896,0.16533248765035896,0.16533248765035896,0.16533248765035896,0.16533248765035896,0.16533248765035896,0.16533248765035896,0.16533248765035896,0.16533248765035896,0.16533248765035896,0.16533248765035896,0.16533248765035896,0.16533248765035896,0.16533248765035896,0.16533248765035896,0.16533248765035896,0.16533248765035896,0.16533248765035896,0.16533248765035896,0.16533248765035896,0.16533248765035896,0.16533248765035896,0.16533248765035896,0.16533248765035896,0.16533248765035896,0.1637574939343045,0.1637574939343045,0.1637574939343045,0.1637574939343045,0.1637574939343045,0.1637574939343045,0.1637574939343045,0.16375749393430428,0.1637574939343045,0.1637574939343045,0.1637574939343045,0.16375749393430428,0.16375749393430428,0.16375749393430428,0.1637574939343045,0.1637574939343045,0.1637574939343045,0.16375749393430428,0.1637574939343045,0.1637574939343045,0.1637574939343045,0.1637574939343045,0.1637574939343045,0.1637574939343045,0.1637574939343045,0.16221388415013827,0.16221388415013804,0.16221388415013782,0.16221388415013804,0.16221388415013827,0.16221388415013804,0.16221388415013782,0.16221388415013757,0.16221388415013782,0.16221388415013804,0.16221388415013782,0.16221388415013757,0.16221388415013735,0.16221388415013757,0.16221388415013782,0.16221388415013804,0.16221388415013782,0.16221388415013757,0.16221388415013782,0.16221388415013804,0.16221388415013827,0.16221388415013804,0.16221388415013782,0.16221388415013804,0.16221388415013827,0.1607010672549016,0.1607010672549009,0.16070106725490024,0.1607010672549009,0.1607010672549016,0.1607010672549009,0.16070106725490002,0.16070106725489958,0.16070106725490002,0.1607010672549009,0.16070106725490024,0.16070106725489958,0.16070106725489913,0.16070106725489958,0.16070106725490024,0.1607010672549009,0.16070106725490002,0.16070106725489958,0.16070106725490002,0.1607010672549009,0.1607010672549016,0.1607010672549009,0.16070106725490024,0.1607010672549009,0.1607010672549016,0.15921845162357448,0.1592184516235721,0.1592184516235708,0.1592184516235721,0.15921845162357448,0.1592184516235721,0.1592184516235697,0.15921845162356818,0.1592184516235697,0.1592184516235721,0.1592184516235708,0.15921845162356818,0.15921845162356665,0.15921845162356818,0.1592184516235708,0.1592184516235721,0.1592184516235697,0.15921845162356818,0.1592184516235697,0.1592184516235721,0.15921845162357448,0.1592184516235721,0.1592184516235708,0.1592184516235721,0.15921845162357448,0.15776544640092724,0.1577654464009202,0.1577654464009157,0.1577654464009202,0.15776544640092724,0.1577654464009202,0.1577654464009125,0.15776544640090784,0.1577654464009125,0.1577654464009202,0.1577654464009157,0.15776544640090784,0.1577654464009027,0.15776544640090784,0.1577654464009157,0.1577654464009202,0.1577654464009125,0.15776544640090784,0.1577654464009125,0.1577654464009202,0.15776544640092724,0.1577654464009202,0.1577654464009157,0.1577654464009202,0.15776544640092724,0.15634146271584862,0.15634146271582688,0.15634146271581312,0.15634146271582688,0.15634146271584862,0.15634146271582688,0.15634146271580307,0.1563414627157878,0.15634146271580307,0.15634146271582688,0.15634146271581312,0.1563414627157878,0.15634146271577126,0.1563414627157878,0.15634146271581312,0.15634146271582688,0.15634146271580307,0.1563414627157878,0.15634146271580307,0.15634146271582688,0.15634146271584862,0.15634146271582688,0.15634146271581312,0.15634146271582688,0.15634146271584862,0.15494591476841926,0.15494591476835368,0.15494591476831127,0.15494591476835368,0.15494591476841926,0.15494591476835368,0.15494591476827926,0.15494591476822991,0.15494591476827926,0.15494591476835368,0.15494591476831127,0.15494591476822991,0.15494591476817518,0.15494591476822991,0.15494591476831127,0.15494591476835368,0.15494591476827926,0.15494591476822991,0.15494591476827926,0.15494591476835368,0.15494591476841926,0.15494591476835368,0.15494591476831127,0.15494591476835368,0.15494591476841926,0.1535782207994562,0.1535782207992642,0.15357822079913544,0.1535782207992642,0.1535782207994562,0.1535782207992642,0.15357822079903302,0.15357822079887115,0.15357822079903302,0.1535782207992642,0.15357822079913544,0.15357822079887115,0.15357822079867975,0.15357822079887115,0.15357822079913544,0.1535782207992642,0.15357822079903302,0.15357822079887115,0.15357822079903302,0.1535782207992642,0.1535782207994562,0.1535782207992642,0.15357822079913544,0.1535782207992642,0.1535782207994562,0.15223780395172892,0.15223780395118347,0.15223780395080083,0.15223780395118347,0.15223780395172892,0.15223780395118347,0.15223780395047584,0.1522378039499404,0.15223780395047584,0.15223780395118347,0.15223780395080083,0.1522378039499404,0.15223780394925582,0.1522378039499404,0.15223780395080083,0.15223780395118347,0.15223780395047584,0.1522378039499404,0.15223780395047584,0.15223780395118347,0.15223780395172892,0.15223780395118347,0.15223780395080083,0.15223780395118347,0.15223780395172892,0.15092409303156434,0.1509240930300945,0.1509240930289877,0.1509240930300945,0.15092409303156434,0.1509240930300945,0.15092409302798665,0.15092409302619944,0.15092409302798665,0.1509240930300945,0.1509240930289877,0.15092409302619944,0.1509240930235524,0.15092409302619944,0.1509240930289877,0.1509240930300945,0.15092409302798665,0.15092409302619944,0.15092409302798665,0.1509240930300945,0.15092409303156434,0.1509240930300945,0.1509240930289877,0.1509240930300945,0.15092409303156434,0.14963652317915618,0.14963652317551046,0.14963652317245602,0.14963652317551046,0.14963652317915618,0.14963652317551046,0.1496365231695426,0.1496365231634717,0.1496365231695426,0.14963652317551046,0.14963652317245602,0.1496365231634717,0.14963652315209378,0.1496365231634717,0.14963652317245602,0.14963652317551046,0.1496365231695426,0.1496365231634717,0.1496365231695426,0.14963652317551046,0.14963652317915618,0.14963652317551046,0.14963652317245602,0.14963652317551046,0.14963652317915618,0.14837453645542004,0.14837453644758242,0.14837453643996,0.14837453644758242,0.14837453645542004,0.14837453644758242,0.14837453643232995,0.14837453641215034,0.14837453643232995,0.14837453644758242,0.14837453643996,0.14837453641215034,0.14837453635685047,0.14837453641215034,0.14837453643996,0.14837453644758242,0.14837453643232995,0.14837453641215034,0.14837453643232995,0.14837453644758242,0.14837453645542004,0.14837453644758242,0.14837453643996,0.14837453644758242,0.14837453645542004,0.14713758235194774,0.14713758233919197,0.14713758232437346,0.14713758233919197,0.14713758235194774,0.14713758233919197,0.14713758230911936,0.147137582251828,0.14713758230911936,0.14713758233919197,0.14713758232437346,0.147137582251828,0.14713758194770282,0.147137582251828,0.14713758232437346,0.14713758233919197,0.14713758230911936,0.147137582251828,0.14713758230911936,0.14713758233919197,0.14713758235194774,0.14713758233919197,0.14713758232437346,0.14713758233919197,0.14713758235194774,0.14592511822622256,0.14592511821532275,0.14592511820434242,0.14592511821532275,0.14592511822622256,0.14592511821532275,0.1459251181932734,0.14592511816139817,0.1459251181932734,0.14592511821532275,0.14592511820434242,0.14592511816139817,0.14592511805090067,0.14592511816139817,0.14592511820434242,0.14592511821532275,0.1459251181932734,0.14592511816139817,0.1459251181932734,0.14592511821532275,0.14592511822622256,0.14592511821532275,0.14592511820434242,0.14592511821532275,0.14592511822622256,0.14473660965957866,0.14473660965089413,0.14473660964261068,0.14473660965089413,0.14473660965957866,0.14473660965089413,0.14473660963439863,0.1447366096118791,0.14473660963439863,0.14473660965089413,0.14473660964261068,0.1447366096118791,0.14473660953229048,0.1447366096118791,0.14473660964261068,0.14473660965089413,0.14473660963439863,0.1447366096118791,0.14473660963439863,0.14473660965089413,0.14473660965957866,0.14473660965089413,0.14473660964261068,0.14473660965089413,0.14473660965957866,0.14357153078504933,0.14357153077728627,0.14357153076973456,0.14357153077728627,0.14357153078504933,0.14357153077728627,0.1435715307622239,0.1435715307406587,0.1435715307622239,0.14357153077728627,0.14357153076973456,0.1435715307406587,0.1435715306585406,0.1435715307406587,0.14357153076973456,0.14357153077728627,0.1435715307622239,0.1435715307406587,0.1435715307622239,0.14357153077728627,0.14357153078504933,0.14357153077728627,0.14357153076973456,0.14357153077728627,0.14357153078504933,0.14242936455215155,0.14242936454461813,0.1424293645368948,0.14242936454461813,0.14242936455215155,0.14242936454461813,0.1424293645290905,0.14242936450528818,0.1424293645290905,0.14242936454461813,0.1424293645368948,0.14242936450528818,0.14242936440924545,0.14242936450528818,0.1424293645368948,0.14242936454461813,0.1424293645290905,0.14242936450528818,0.1424293645290905,0.14242936454461813,0.14242936455215155,0.14242936454461813,0.1424293645368948,0.14242936454461813,0.14242936455215155,0.1413096029385527,0.1413096029319186,0.14130960292447323,0.1413096029319186,0.1413096029385527,0.1413096029319186,0.14130960291676883,0.14130960289096858,0.14130960291676883,0.1413096029319186,0.14130960292447323,0.14130960289096858,0.14130960277744525,0.14130960289096858,0.14130960292447323,0.1413096029319186,0.14130960291676883,0.14130960289096858,0.14130960291676883,0.1413096029319186,0.1413096029385527,0.1413096029319186,0.14130960292447323,0.1413096029319186,0.1413096029385527,0.14021174711618736,0.1402117471132408,0.14021174710881262,0.1402117471132408,0.14021174711618736,0.1402117471132408,0.1402117471039789,0.14021174708345352,0.1402117471039789,0.1402117471132408,0.14021174710881262,0.14021174708345352,0.14021174697249475,0.14021174708345352,0.14021174710881262,0.1402117471132408,0.1402117471039789,0.14021174708345352,0.1402117471039789,0.1402117471132408,0.14021174711618736,0.1402117471132408,0.14021174710881262,0.1402117471132408,0.14021174711618736,0.13913530757599316,0.13913530758178733,0.13913530758635867,0.13913530758178733,0.13913530757599316,0.13913530758178733,0.13913530759064965,0.13913530759817136,0.13913530759064965,0.13913530758178733,0.13913530758635867,0.13913530759817136,0.13913530760680362,0.13913530759817136,0.13913530758635867,0.13913530758178733,0.13913530759064965,0.13913530759817136,0.13913530759064965,0.13913530758178733,0.13913530757599316,0.13913530758178733,0.13913530758635867,0.13913530758178733,0.13913530757599316,0.1380798042163707,0.13807980423509394,0.1380798042539101,0.13807980423509394,0.1380798042163707,0.13807980423509394,0.1380798042729656,0.1380798043249313,0.1380798042729656,0.13807980423509394,0.1380798042539101,0.1380798043249313,0.13807980447144727,0.1380798043249313,0.1380798042539101,0.13807980423509394,0.1380798042729656,0.1380798043249313,0.1380798042729656,0.13807980423509394,0.1380798042163707,0.13807980423509394,0.1380798042539101,0.13807980423509394,0.1380798042163707,0.13704476640568744,0.13704476643697427,0.13704476647494304,0.13704476643697427,0.13704476640568744,0.13704476643697427,0.13704476651432324,0.13704476666975146,0.13704476651432324,0.13704476643697427,0.13704476647494304,0.13704476666975146,0.1370447675315517,0.13704476666975146,0.13704476647494304,0.13704476643697427,0.13704476651432324,0.13704476666975146,0.13704476651432324,0.13704476643697427,0.13704476640568744,0.13704476643697427,0.13704476647494304,0.13704476643697427,0.13704476640568744,0.13602973302332452,0.13602973304520427,0.13602973306662935,0.13602973304520427,0.13602973302332452,0.13602973304520427,0.1360297330881263,0.13602973314553238,0.1360297330881263,0.13602973304520427,0.13602973306662935,0.13602973314553238,0.13602973330484058,0.13602973314553238,0.13602973306662935,0.13602973304520427,0.1360297330881263,0.13602973314553238,0.1360297330881263,0.13602973304520427,0.13602973302332452,0.13602973304520427,0.13602973306662935,0.13602973304520427,0.13602973302332452,0.13503425250993387,0.1350342525236442,0.1350342525349635,0.1350342525236442,0.13503425250993387,0.1350342525236442,0.1350342525457067,0.13503425256758023,0.1350342525457067,0.1350342525236442,0.1350342525349635,0.13503425256758023,0.13503425260735427,0.13503425256758023,0.1350342525349635,0.1350342525236442,0.1350342525457067,0.13503425256758023,0.1350342525457067,0.1350342525236442,0.13503425250993387,0.1350342525236442,0.1350342525349635,0.1350342525236442,0.13503425250993387
0.16533248765702915,0.16533248765702888,0.16533248765702888,0.16533248765702888,0.16533248765702915,0.16533248765702888,0.16533248765702888,0.16533248765702888,0.16533248765702888,0.16533248765702888,0.16533248765702888,0.16533248765702888,0.16533248765702888,0.16533248765702888,0.16533248765702888,0.16533248765702888,0.16533248765702888,0.16533248765702888,0.16533248765702888,0.16533248765702888,0.16533248765702915,0.16533248765702888,0.16533248765702888,0.16533248765702888,0.16533248765702915,0.16375749394084327,0.16375749394084327,0.16375749394084305,0.16375749394084327,0.16375749394084327,0.16375749394084327,0.16375749394084305,0.16375749394084305,0.16375749394084305,0.16375749394084327,0.16375749394084305,0.16375749394084305,0.16375749394084305,0.16375749394084305,0.16375749394084305,0.16375749394084327,0.16375749394084305,0.16375749394084305,0.16375749394084305,0.16375749394084327,0.16375749394084327,0.16375749394084327,0.16375749394084305,0.16375749394084327,0.16375749394084327,0.16221388415654914,0.16221388415654892,0.16221388415654867,0.16221388415654892,0.16221388415654914,0.16221388415654892,0.16221388415654867,0.16221388415654844,0.16221388415654867,0.16221388415654892,0.16221388415654867,0.16221388415654844,0.16221388415654844,0.16221388415654844,0.16221388415654867,0.16221388415654892,0.16221388415654867,0.16221388415654844,0.16221388415654867,0.16221388415654892,0.16221388415654914,0.16221388415654892,0.16221388415654867,0.16221388415654892,0.16221388415654914,0.1607010672611885,0.16070106726118782,0.16070106726118738,0.16070106726118782,0.1607010672611885,0.16070106726118782,0.16070106726118694,0.1607010672611865,0.16070106726118694,0.16070106726118782,0.16070106726118738,0.1607010672611865,0.16070106726118605,0.1607010672611865,0.16070106726118738,0.16070106726118782,0.16070106726118694,0.1607010672611865,0.16070106726118694,0.16070106726118782,0.1607010672611885,0.16070106726118782,0.16070106726118738,0.16070106726118782,0.1607010672611885,0.15921845162974108,0.15921845162973874,0.1592184516297374,0.15921845162973874,0.15921845162974108,0.15921845162973874,0.15921845162973652,0.159218451629735,0.15921845162973652,0.15921845162973874,0.1592184516297374,0.159218451629735,0.1592184516297335,0.159218451629735,0.1592184516297374,0.15921845162973874,0.15921845162973652,0.159218451629735,0.15921845162973652,0.15921845162973874,0.15921845162974108,0.15921845162973874,0.1592184516297374,0.15921845162973874,0.15921845162974108,0.15776544640697687,0.15776544640697002,0.15776544640696577,0.15776544640697002,0.15776544640697687,0.15776544640697002,0.1577654464069628,0.1577654464069583,0.1577654464069628,0.15776544640697002,0.15776544640696577,0.1577654464069583,0.1577654464069534,0.1577654464069583,0.15776544640696577,0.15776544640697002,0.1577654464069628,0.1577654464069583,0.1577654464069628,0.15776544640697002,0.15776544640697687,0.15776544640697002,0.15776544640696577,0.15776544640697002,0.15776544640697687,0.15634146272178437,0.15634146272176364,0.15634146272175026,0.15634146272176364,0.15634146272178437,0.15634146272176364,0.15634146272174088,0.156341462721726,0.15634146272174088,0.15634146272176364,0.15634146272175026,0.156341462721726,0.15634146272171054,0.156341462721726,0.15634146272175026,0.15634146272176364,0.15634146272174088,0.156341462721726,0.15634146272174088,0.15634146272176364,0.15634146272178437,0.15634146272176364,0.15634146272175026,0.15634146272176364,0.15634146272178437,0.1549459147742428,0.1549459147741801,0.15494591477413933,0.1549459147741801,0.1549459147742428,0.1549459147741801,0.15494591477410877,0.15494591477406164,0.15494591477410877,0.1549459147741801,0.15494591477413933,0.15494591477406164,0.15494591477400918,0.15494591477406164,0.15494591477413933,0.1549459147741801,0.15494591477410877,0.15494591477406164,0.15494591477410877,0.1549459147741801,0.1549459147742428,0.1549459147741801,0.15494591477413933,0.1549459147741801,0.1549459147742428,0.15357822080516537,0.1535782208049814,0.15357822080485808,0.1535782208049814,0.15357822080516537,0.1535782208049814,0.15357822080476008,0.15357822080460543,0.15357822080476008,0.1535782208049814,0.15357822080485808,0.15357822080460543,0.15357822080442224,0.15357822080460543,0.15357822080485808,0.1535782208049814,0.15357822080476008,0.15357822080460543,0.15357822080476008,0.1535782208049814,0.15357822080516537,0.1535782208049814,0.15357822080485808,0.1535782208049814,0.15357822080516537,0.15223780395731032,0.1522378039567875,0.1522378039564206,0.1522378039567875,0.15223780395731032,0.1522378039567875,0.15223780395610978,0.15223780395559702,0.15223780395610978,0.1522378039567875,0.1522378039564206,0.15223780395559702,0.15223780395494213,0.15223780395559702,0.1522378039564206,0.1522378039567875,0.15223780395610978,0.15223780395559702,0.15223780395610978,0.1522378039567875,0.15223780395731032,0.1522378039567875,0.1522378039564206,0.1522378039567875,0.15223780395731032,0.1509240930369744,0.15092409303556417,0.1509240930345029,0.15092409303556417,0.1509240930369744,0.15092409303556417,0.1509240930335439,0.1509240930318333,0.1509240930335439,0.15092409303556417,0.1509240930345029,0.1509240930318333,0.15092409302930296,0.1509240930318333,0.1509240930345029,0.15092409303556417,0.1509240930335439,0.1509240930318333,0.1509240930335439,0.15092409303556417,0.1509240930369744,0.15092409303556417,0.1509240930345029,0.15092409303556417,0.1509240930369744,0.14963652318427395,0.14963652318077156,0.1496365231778415,0.14963652318077156,0.14963652318427395,0.14963652318077156,0.1496365231750489,0.14963652316923892,0.1496365231750489,0.14963652318077156,0.1496365231778415,0.14963652316923892,0.1496365231583715,0.14963652316923892,0.1496365231778415,0.14963652318077156,0.1496365231750489,0.14963652316923892,0.1496365231750489,0.14963652318077156,0.14963652318427395,0.14963652318077156,0.1496365231778415,0.14963652318077156,0.14963652318427395,0.1483745364599484,0.14837453645240212,0.14837453644508083,0.14837453645240212,0.1483745364599484,0.14837453645240212,0.14837453643775772,0.1483745364184428,0.14837453643775772,0.14837453645240212,0.14837453644508083,0.1483745364184428,0.14837453636567013,0.1483745364184428,0.14837453644508083,0.14837453645240212,0.14837453643775772,0.1483745364184428,0.14837453643775772,0.14837453645240212,0.1483745364599484,0.14837453645240212,0.14837453644508083,0.14837453645240212,0.1483745364599484,0.14713758235527843,0.14713758234292867,0.1471375823286404,0.14713758234292867,0.14713758235527843,0.14713758234292867,0.147137582313942,0.14713758225902526,0.147137582313942,0.14713758234292867,0.1471375823286404,0.14713758225902526,0.14713758196902066,0.14713758225902526,0.1471375823286404,0.14713758234292867,0.147137582313942,0.14713758225902526,0.147137582313942,0.14713758234292867,0.14713758235527843,0.14713758234292867,0.1471375823286404,0.14713758234292867,0.14713758235527843,0.1459251182275016,0.14592511821671217,0.14592511820581144,0.14592511821671217,0.1459251182275016,0.14592511821671217,0.14592511819481904,0.14592511816291934,0.14592511819481904,0.14592511821671217,0.14592511820581144,0.14592511816291934,0.14592511805030592,0.14592511816291934,0.14592511820581144,0.14592511821671217,0.14592511819481904,0.14592511816291934,0.14592511819481904,0.14592511821671217,0.1459251182275016,0.14592511821671217,0.14592511820581144,0.14592511821671217,0.1459251182275016,0.14473660965855006,0.14473660964977458,0.1447366096413555,0.14473660964977458,0.14473660965855006,0.14473660964977458,0.144736609632997,0.14473660960984594,0.144736609632997,0.14473660964977458,0.1447366096413555,0.14473660960984594,0.14473660952684958,0.14473660960984594,0.1447366096413555,0.14473660964977458,0.144736609632997,0.14473660960984594,0.144736609632997,0.14473660964977458,0.14473660965855006,0.14473660964977458,0.1447366096413555,0.14473660964977458,0.14473660965855006,0.14357153078186918,0.1435715307739602,0.14357153076624113,0.1435715307739602,0.14357153078186918,0.1435715307739602,0.14357153075855625,0.1435715307364016,0.14357153075855625,0.1435715307739602,0.14357153076624113,0.1435715307364016,0.14357153065170464,0.1435715307364016,0.14357153076624113,0.1435715307739602,0.14357153075855625,0.1435715307364016,0.14357153075855625,0.1435715307739602,0.14357153078186918,0.1435715307739602,0.14357153076624113,0.1435715307739602,0.14357153078186918,0.1424293645470893,0.14242936453942873,0.1424293645315736,0.14242936453942873,0.1424293645470893,0.14242936453942873,0.14242936452363555,0.14242936449942406,0.14242936452363555,0.14242936453942873,0.1424293645315736,0.14242936449942406,0.14242936440174492,0.14242936449942406,0.1424293645315736,0.14242936453942873,0.14242936452363555,0.14242936449942406,0.14242936452363555,0.14242936453942873,0.1424293645470893,0.14242936453942873,0.1424293645315736,0.14242936453942873,0.1424293645470893,0.1413096029318418,0.14130960292511596,0.14130960291758424,0.14130960292511596,0.1413096029318418,0.14130960292511596,0.14130960290979452,0.14130960288375974,0.14130960290979452,0.14130960292511596,0.14130960291758424,0.14130960288375974,0.14130960276940158,0.14130960288375974,0.14130960291758424,0.14130960292511596,0.14130960290979452,0.14130960288375974,0.14130960290979452,0.14130960292511596,0.1413096029318418,0.14130960292511596,0.14130960291758424,0.14130960292511596,0.1413096029318418,0.14021174710799006,0.1402117471049701,0.14021174710048084,0.1402117471049701,0.14021174710799006,0.1402117471049701,0.14021174709558923,0.14021174707493517,0.14021174709558923,0.1402117471049701,0.14021174710048084,0.14021174707493517,0.14021174696364616,0.14021174707493517,0.14021174710048084,0.1402117471049701,0.14021174709558923,0.14021174707493517,0.14021174709558923,0.1402117471049701,0.14021174710799006,0.1402117471049701,0.14021174710048084,0.1402117471049701,0.14021174710799006,0.13913530756643416,0.1391353075721327,0.13913530757662435,0.1391353075721327,0.13913530756643416,0.1391353075721327,0.1391353075808391,0.13913530758820383,0.1391353075808391,0.1391353075721327,0.13913530757662435,0.13913530758820383,0.1391353075965398,0.13913530758820383,0.13913530757662435,0.1391353075721327,0.1391353075808391,0.13913530758820383,0.1391353075808391,0.1391353075721327,0.13913530756643416,0.1391353075721327,0.13913530757662435,0.1391353075721327,0.13913530756643416,0.13807980420562246,0.13807980422417407,0.13807980424282246,0.13807980422417407,0.13807980420562246,0.13807980422417407,0.13807980426170974,0.13807980431322892,0.13807980426170974,0.13807980422417407,0.13807980424282246,0.13807980431322892,0.13807980445851853,0.13807980431322892,0.13807980424282246,0.13807980422417407,0.13807980426170974,0.13807980431322892,0.13807980426170974,0.13807980422417407,0.13807980420562246,0.13807980422417407,0.13807980424282246,0.13807980422417407,0.13807980420562246,0.13704476639407934,0.13704476642510646,0.13704476646276417,0.13704476642510646,0.13704476639407934,0.13704476642510646,0.13704476650182268,0.1370447666559923,0.13704476650182268,0.13704476642510646,0.13704476646276417,0.1370447666559923,0.137044767510834,0.1370447666559923,0.13704476646276417,0.13704476642510646,0.13704476650182268,0.1370447666559923,0.13704476650182268,0.13704476642510646,0.13704476639407934,0.13704476642510646,0.13704476646276417,0.13704476642510646,0.13704476639407934,0.13602973301137172,0.13602973303307253,0.13602973305432314,0.13602973303307253,0.13602973301137172,0.13602973303307253,0.13602973307564567,0.13602973313258726,0.13602973307564567,0.13602973303307253,0.13602973305432314,0.13602973313258726,0.1360297332906109,0.13602973313258726,0.13602973305432314,0.13602973303307253,0.13602973307564567,0.13602973313258726,0.13602973307564567,0.13602973303307253,0.13602973301137172,0.13602973303307253,0.13602973305432314,0.13602973303307253,0.13602973301137172,0.1350342524979907,0.1350342525115893,0.13503425252281678,0.1350342525115893,0.1350342524979907,0.1350342525115893,0.13503425253347276,0.13503425255516935,0.13503425253347276,0.1350342525115893,0.13503425252281678,0.13503425255516935,0.1350342525946223,0.13503425255516935,0.13503425252281678,0.1350342525115893,0.13503425253347276,0.13503425255516935,0.13503425253347276,0.1350342525115893,0.1350342524979907,0.1350342525115893,0.13503425252281678,0.1350342525115893,0.1350342524979907
0.165332487663873,0.165332487663873,0.165332487663873,0.165332487663873,0.165332487663873,0.165332487663873,0.165332487663873,0.165332487663873,0.165332487663873,0.165332487663873,0.165332487663873,0.165332487663873,0.165332487663873,0.165332487663873,0.165332487663873,0.165332487663873,0.165332487663873,0.165332487663873,0.165332487663873,0.165332487663873,0.165332487663873,0.165332487663873,0.165332487663873,0.165332487663873,0.165332487663873,0.16375749394755246,0.16375749394755246,0.16375749394755246,0.16375749394755246,0.16375749394755246,0.16375749394755246,0.16375749394755224,0.16375749394755224,0.16375749394755224,0.16375749394755246,0.16375749394755246,0.16375749394755224,0.16375749394755224,0.16375749394755224,0.16375749394755246,0.16375749394755246,0.16375749394755224,0.16375749394755224,0.16375749394755224,0.16375749394755246,0.16375749394755246,0.16375749394755246,0.16375749394755246,0.16375749394755246,0.16375749394755246,0.1622138841631273,0.16221388416312707,0.16221388416312685,0.16221388416312707,0.1622138841631273,0.16221388416312707,0.16221388416312685,0.16221388416312663,0.16221388416312685,0.16221388416312707,0.16221388416312685,0.16221388416312663,0.16221388416312663,0.16221388416312663,0.16221388416312685,0.16221388416312707,0.16221388416312685,0.16221388416312663,0.16221388416312685,0.16221388416312707,0.1622138841631273,0.16221388416312707,0.16221388416312685,0.16221388416312707,0.1622138841631273,0.16070106726763914,0.1607010672676385,0.16070106726763803,0.1607010672676385,0.16070106726763914,0.1607010672676385,0.1607010672676378,0.16070106726763736,0.1607010672676378,0.1607010672676385,0.16070106726763803,0.16070106726763736,0.16070106726763694,0.16070106726763736,0.16070106726763803,0.1607010672676385,0.1607010672676378,0.16070106726763736,0.1607010672676378,0.1607010672676385,0.16070106726763914,0.1607010672676385,0.16070106726763803,0.1607010672676385,0.16070106726763914,0.15921845163606774,0.1592184516360658,0.15921845163606427,0.15921845163606557,0.15921845163606774,0.1592184516360658,0.1592184516360634,0.15921845163606207,0.1592184516360634,0.15921845163606557,0.15921845163606427,0.15921845163606207,0.15921845163606055,0.15921845163606207,0.15921845163606427,0.15921845163606557,0.1592184516360634,0.15921845163606207,0.1592184516360634,0.15921845163606557,0.15921845163606774,0.15921845163606557,0.15921845163606427,0.15921845163606557,0.15921845163606774,0.15776544641318332,0.15776544641317672,0.15776544641317264,0.15776544641317672,0.15776544641318332,0.15776544641317672,0.15776544641316986,0.1577654464131654,0.15776544641316986,0.15776544641317672,0.15776544641317264,0.1577654464131654,0.15776544641316093,0.1577654464131654,0.15776544641317264,0.15776544641317672,0.15776544641316986,0.1577654464131654,0.15776544641316986,0.15776544641317672,0.15776544641318332,0.15776544641317672,0.15776544641317264,0.15776544641317672,0.15776544641318332,0.15634146272787355,0.15634146272785346,0.1563414627278409,0.15634146272785346,0.15634146272787355,0.15634146272785346,0.15634146272783173,0.1563414627278177,0.15634146272783173,0.15634146272785346,0.1563414627278409,0.1563414627278177,0.15634146272780286,0.1563414627278177,0.1563414627278409,0.15634146272785346,0.15634146272783173,0.1563414627278177,0.15634146272783173,0.15634146272785346,0.15634146272787355,0.15634146272785346,0.1563414627278409,0.15634146272785346,0.15634146272787355,0.15494591478021616,0.15494591478015632,0.15494591478011738,0.15494591478015632,0.15494591478021616,0.15494591478015632,0.1549459147800883,0.1549459147800432,0.1549459147800883,0.15494591478015632,0.15494591478011738,0.1549459147800432,0.1549459147799934,0.1549459147800434,0.15494591478011738,0.15494591478015632,0.1549459147800883,0.1549459147800434,0.1549459147800883,0.15494591478015632,0.15494591478021616,0.15494591478015632,0.15494591478011738,0.15494591478015632,0.15494591478021616,0.15357822081102077,0.15357822081084502,0.15357822081072733,0.15357822081084502,0.15357822081102077,0.15357822081084502,0.15357822081063394,0.1535782208104865,0.15357822081063394,0.15357822081084502,0.15357822081072733,0.1535782208104865,0.15357822081031217,0.1535782208104865,0.15357822081072733,0.15357822081084502,0.15357822081063394,0.1535782208104865,0.15357822081063394,0.15357822081084502,0.15357822081102077,0.15357822081084502,0.15357822081072733,0.15357822081084502,0.15357822081102077,0.152237803963034,0.15223780396253422,0.15223780396218387,0.15223780396253422,0.152237803963034,0.15223780396253422,0.1522378039618874,0.15223780396139786,0.1522378039618874,0.15223780396253422,0.15223780396218387,0.15223780396139786,0.1522378039607737,0.15223780396139786,0.15223780396218387,0.15223780396253422,0.1522378039618874,0.15223780396139786,0.1522378039618874,0.15223780396253422,0.152237803963034,0.15223780396253422,0.15223780396218387,0.15223780396253422,0.152237803963034,0.1509240930425216,0.15092409304117235,0.15092409304015816,0.15092409304117235,0.1509240930425216,0.15092409304117235,0.1509240930392424,0.15092409303761067,0.1509240930392424,0.15092409304117235,0.15092409304015816,0.15092409303761067,0.15092409303520013,0.15092409303761067,0.15092409304015816,0.15092409304117235,0.1509240930392424,0.15092409303761067,0.1509240930392424,0.15092409304117235,0.1509240930425216,0.15092409304117235,0.15092409304015816,0.15092409304117235,0.1509240930425216,0.14963652318951987,0.14963652318616516,0.14963652318336293,0.14963652318616516,0.14963652318951987,0.14963652318616516,0.14963652318069456,0.1496365231751533,0.14963652318069456,0.14963652318616516,0.14963652318336293,0.1496365231751533,0.14963652316481135,0.1496365231751533,0.14963652318336293,0.14963652318616516,0.14963652318069456,0.1496365231751533,0.14963652318069456,0.14963652318616516,0.14963652318951987,0.14963652318616516,0.14963652318336293,0.14963652318616516,0.14963652318951987,0.14837453646458737,0.14837453645734117,0.14837453645032975,0.14837453645734117,0.14837453646458737,0.14837453645734117,0.14837453644332244,0.1483745364248975,0.14837453644332244,0.14837453645734117,0.14837453645032975,0.1483745364248975,0.14837453637472556,0.1483745364248975,0.14837453645032975,0.14837453645734117,0.14837453644332244,0.1483745364248975,0.14837453644332244,0.14837453645734117,0.14837453646458737,0.14837453645734117,0.14837453645032975,0.14837453645734117,0.14837453646458737,0.14713758235868504,0.1471375823467527,0.14713758233300983,0.1471375823467527,0.14713758235868504,0.1471375823467527,0.14713758231888324,0.14713758226641052,0.14713758231888324,0.1471375823467527,0.14713758233300983,0.14713758226641052,0.14713758199091542,0.14713758226641052,0.14713758233300983,0.1471375823467527,0.14713758231888324,0.14713758226641052,0.14713758231888324,0.1471375823467527,0.14713758235868504,0.1471375823467527,0.14713758233300983,0.1471375823467527,0.14713758235868504,0.14592511822879686,0.1459251182181205,0.14592511820730167,0.1459251182181205,0.14592511822879686,0.1459251182181205,0.1459251181963874,0.14592511816446174,0.1459251181963874,0.1459251182181205,0.14592511820730167,0.14592511816446174,0.14592511804967717,0.14592511816446174,0.14592511820730167,0.1459251182181205,0.1459251181963874,0.14592511816446174,0.1459251181963874,0.1459251182181205,0.14592511822879686,0.1459251182181205,0.14592511820730167,0.1459251182181205,0.14592511822879686,0.14473660965747204,0.14473660964860194,0.14473660964004237,0.14473660964860194,0.14473660965747204,0.14473660964860194,0.144736609631532,0.1447366096077283,0.144736609631532,0.14473660964860194,0.14473660964004237,0.1447366096077283,0.1447366095212509,0.1447366096077283,0.14473660964004237,0.14473660964860194,0.144736609631532,0.1447366096077283,0.144736609631532,0.14473660964860194,0.14473660965747204,0.14473660964860194,0.14473660964004237,0.14473660964860194,0.14473660965747204,0.14357153077858006,0.14357153077051962,0.14357153076262688,0.14357153077051962,0.14357153077858006,0.14357153077051962,0.14357153075476098,0.1435715307319949,0.14357153075476098,0.14357153077051962,0.14357153076262688,0.1435715307319949,0.14357153064463887,0.1435715307319949,0.14357153076262688,0.14357153077051962,0.14357153075476098,0.1435715307319949,0.14357153075476098,0.14357153077051962,0.14357153077858006,0.14357153077051962,0.14357153076262688,0.14357153077051962,0.14357153077858006,0.14242936454187002,0.14242936453407662,0.1424293645260839,0.14242936453407662,0.14242936454187002,0.14242936453407662,0.14242936451800578,0.14242936449336688,0.14242936451800578,0.14242936453407662,0.1424293645260839,0.14242936449336688,0.1424293643939765,0.14242936449336688,0.1424293645260839,0.14242936453407662,0.14242936451800578,0.14242936449336688,0.14242936451800578,0.14242936453407662,0.14242936454187002,0.14242936453407662,0.1424293645260839,0.14242936453407662,0.14242936454187002,0.14130960292493688,0.14130960291811448,0.14130960291049116,0.14130960291811448,0.14130960292493688,0.14130960291811448,0.1413096029026113,0.14130960287632705,0.1413096029026113,0.14130960291811448,0.14130960291049116,0.14130960287632705,0.14130960276106036,0.14130960287632705,0.14130960291049116,0.14130960291811448,0.1413096029026113,0.14130960287632705,0.1413096029026113,0.14130960291811448,0.14130960292493688,0.14130960291811448,0.14130960291049116,0.14130960291811448,0.14130960292493688,0.14021174709957074,0.14021174709647385,0.14021174709191947,0.14021174709647385,0.14021174709957074,0.14021174709647385,0.14021174708696654,0.14021174706617218,0.14021174708696654,0.14021174709647385,0.14021174709191947,0.14021174706617218,0.14021174695449926,0.14021174706617218,0.14021174709191947,0.14021174709647385,0.14021174708696654,0.14021174706617218,0.14021174708696654,0.14021174709647385,0.14021174709957074,0.14021174709647385,0.14021174709191947,0.14021174709647385,0.14021174709957074,0.1391353075566333,0.13913530756223316,0.13913530756664258,0.13913530756223316,0.1391353075566333,0.13913530756223316,0.13913530757077894,0.1391353075779814,0.13913530757077894,0.13913530756223316,0.13913530756664258,0.1391353075779814,0.1391353075860089,0.1391353075779814,0.13913530756664258,0.13913530756223316,0.13913530757077894,0.1391353075779814,0.13913530757077894,0.13913530756223316,0.1391353075566333,0.13913530756223316,0.13913530756664258,0.13913530756223316,0.1391353075566333,0.13807980419461682,0.1380798042129942,0.1380798042314722,0.1380798042129942,0.13807980419461682,0.1380798042129942,0.13807980425018865,0.13807980430125474,0.13807980425018865,0.1380798042129942,0.1380798042314722,0.13807980430125474,0.13807980444530063,0.13807980430125474,0.1380798042314722,0.1380798042129942,0.13807980425018865,0.13807980430125474,0.13807980425018865,0.1380798042129942,0.13807980419461682,0.1380798042129942,0.1380798042314722,0.1380798042129942,0.13807980419461682,0.1370447663822047,0.1370447664129685,0.13704476645031088,0.1370447664129685,0.1370447663822047,0.1370447664129685,0.13704476648904354,0.13704476664193863,0.13704476648904354,0.1370447664129685,0.13704476645031088,0.13704476664193863,0.1370447674897509,0.13704476664193863,0.13704476645031088,0.1370447664129685,0.13704476648904354,0.13704476664193863,0.13704476648904354,0.1370447664129685,0.1370447663822047,0.1370447664129685,0.13704476645031088,0.1370447664129685,0.1370447663822047,0.13602973299914978,0.1360297330206691,0.1360297330417432,0.1360297330206691,0.13602973299914978,0.1360297330206691,0.13602973306288887,0.1360297331193602,0.13602973306288887,0.1360297330206691,0.1360297330417432,0.1360297331193602,0.13602973327608286,0.1360297331193602,0.1360297330417432,0.1360297330206691,0.13602973306288887,0.1360297331193602,0.13602973306288887,0.1360297330206691,0.13602973299914978,0.1360297330206691,0.1360297330417432,0.1360297330206691,0.13602973299914978,0.13503425248578002,0.13503425249926546,0.13503425251039977,0.13503425249926546,0.13503425248578002,0.13503425249926546,0.1350342525209676,0.13503425254248488,0.1350342525209676,0.13503425249926546,0.13503425251039977,0.13503425254248488,0.13503425258161286,0.13503425254248488,0.13503425251039977,0.13503425249926546,0.1350342525209676,0.13503425254248488,0.1350342525209676,0.13503425249926546,0.13503425248578002,0.13503425249926546,0.13503425251039977,0.13503425249926546,0.13503425248578002
0.16533248767088704,0.16533248767088704,0.1653324876708868,0.16533248767088704,0.16533248767088704,0.16533248767088704,0.1653324876708868,0.1653324876708868,0.1653324876708868,0.1653324876708868,0.1653324876708868,0.1653324876708868,0.1653324876708868,0.1653324876708868,0.1653324876708868,0.16533248767088704,0.1653324876708868,0.1653324876708868,0.1653324876708868,0.16533248767088704,0.16533248767088704,0.1653324876708868,0.1653324876708868,0.16533248767088704,0.16533248767088704,0.16375749395442799,0.16375749395442799,0.16375749395442799,0.16375749395442799,0.16375749395442799,0.16375749395442799,0.16375749395442799,0.16375749395442799,0.16375749395442799,0.16375749395442799,0.16375749395442799,0.16375749395442799,0.16375749395442799,0.16375749395442799,0.16375749395442799,0.16375749395442799,0.16375749395442799,0.16375749395442799,0.16375749395442799,0.16375749395442799,0.16375749395442799,0.16375749395442799,0.16375749395442799,0.16375749395442799,0.16375749395442799,0.16221388416986846,0.1622138841698682,0.16221388416986798,0.1622138841698682,0.16221388416986846,0.1622138841698682,0.16221388416986798,0.16221388416986773,0.16221388416986798,0.1622138841698682,0.16221388416986798,0.16221388416986773,0.16221388416986773,0.16221388416986773,0.16221388416986798,0.1622138841698682,0.16221388416986798,0.16221388416986773,0.16221388416986798,0.1622138841698682,0.16221388416986846,0.1622138841698682,0.16221388416986798,0.1622138841698682,0.16221388416986846,0.16070106727424954,0.16070106727424888,0.16070106727424843,0.16070106727424888,0.16070106727424954,0.16070106727424888,0.1607010672742482,0.16070106727424777,0.1607010672742482,0.16070106727424888,0.16070106727424843,0.16070106727424777,0.16070106727424732,0.16070106727424777,0.16070106727424843,0.16070106727424888,0.1607010672742482,0.16070106727424777,0.1607010672742482,0.16070106727424888,0.16070106727424954,0.16070106727424888,0.16070106727424843,0.16070106727424888,0.16070106727424954,0.15921845164255113,0.1592184516425492,0.15921845164254786,0.1592184516425492,0.15921845164255113,0.1592184516425492,0.159218451642547,0.1592184516425457,0.159218451642547,0.1592184516425492,0.15921845164254786,0.1592184516425457,0.15921845164254436,0.1592184516425457,0.15921845164254786,0.1592184516425492,0.159218451642547,0.1592184516425457,0.159218451642547,0.1592184516425492,0.15921845164255113,0.1592184516425492,0.15921845164254786,0.1592184516425492,0.15921845164255113,0.15776544641954318,0.157765446419537,0.15776544641953316,0.157765446419537,0.15776544641954318,0.157765446419537,0.15776544641953041,0.15776544641952633,0.15776544641953041,0.157765446419537,0.15776544641953316,0.15776544641952633,0.15776544641952187,0.15776544641952633,0.15776544641953316,0.157765446419537,0.15776544641953041,0.15776544641952633,0.15776544641953041,0.157765446419537,0.15776544641954318,0.157765446419537,0.15776544641953316,0.157765446419537,0.15776544641954318,0.15634146273411287,0.15634146273409405,0.15634146273408192,0.15634146273409405,0.15634146273411287,0.15634146273409405,0.15634146273407334,0.15634146273406016,0.15634146273407334,0.15634146273409405,0.15634146273408192,0.15634146273406016,0.15634146273404595,0.15634146273406016,0.15634146273408192,0.15634146273409405,0.15634146273407334,0.15634146273406016,0.15634146273407334,0.15634146273409405,0.15634146273411287,0.15634146273409405,0.15634146273408192,0.15634146273409405,0.15634146273411287,0.15494591478633687,0.15494591478628011,0.154945914786243,0.15494591478628011,0.15494591478633687,0.15494591478628011,0.15494591478621556,0.1549459147861727,0.15494591478621556,0.15494591478628011,0.154945914786243,0.1549459147861727,0.15494591478612538,0.1549459147861727,0.154945914786243,0.15494591478628011,0.15494591478621556,0.1549459147861727,0.15494591478621556,0.15494591478628011,0.15494591478633687,0.15494591478628011,0.154945914786243,0.15494591478628011,0.15494591478633687,0.15357822081702052,0.15357822081685324,0.15357822081674136,0.15357822081685324,0.15357822081702052,0.15357822081685324,0.1535782208166526,0.1535782208165128,0.1535782208166526,0.15357822081685324,0.15357822081674136,0.1535782208165128,0.15357822081634712,0.1535782208165128,0.15357822081674136,0.15357822081685324,0.1535782208166526,0.1535782208165128,0.1535782208166526,0.15357822081685324,0.15357822081702052,0.15357822081685324,0.15357822081674136,0.15357822081685324,0.15357822081702052,0.1522378039688986,0.15223780396842246,0.15223780396808884,0.15223780396842246,0.1522378039688986,0.15223780396842246,0.15223780396780717,0.15223780396734182,0.15223780396780717,0.15223780396842246,0.15223780396808884,0.15223780396734182,0.15223780396674894,0.15223780396734182,0.15223780396808884,0.15223780396842246,0.15223780396780717,0.15223780396734182,0.15223780396780717,0.15223780396842246,0.1522378039688986,0.15223780396842246,0.15223780396808884,0.15223780396842246,0.1522378039688986,0.15092409304820467,0.15092409304691828,0.1509240930459525,0.15092409304691828,0.15092409304820467,0.15092409304691828,0.1509240930450813,0.1509240930435302,0.1509240930450813,0.15092409304691828,0.1509240930459525,0.1509240930435302,0.15092409304124335,0.1509240930435302,0.1509240930459525,0.15092409304691828,0.1509240930450813,0.1509240930435302,0.1509240930450813,0.15092409304691828,0.15092409304820467,0.15092409304691828,0.1509240930459525,0.15092409304691828,0.15092409304820467,0.14963652319489326,0.14963652319169016,0.14963652318901974,0.14963652319169016,0.14963652319489326,0.14963652319169016,0.14963652318647905,0.14963652318121362,0.14963652318647905,0.14963652319169016,0.14963652318901974,0.14963652318121362,0.1496365231714117,0.14963652318121362,0.14963652318901974,0.14963652319169016,0.14963652318647905,0.14963652318121362,0.14963652318647905,0.14963652319169016,0.14963652319489326,0.14963652319169016,0.14963652318901974,0.14963652319169016,0.14963652319489326,0.148374536469337,0.14837453646239881,0.14837453645570584,0.14837453646239881,0.148374536469337,0.14837453646239881,0.14837453644902318,0.14837453643151302,0.14837453644902318,0.14837453646239881,0.14837453645570584,0.14837453643151302,0.1483745363840141,0.14837453643151302,0.14837453645570584,0.14837453646239881,0.14837453644902318,0.14837453643151302,0.14837453644902318,0.14837453646239881,0.148374536469337,0.14837453646239881,0.14837453645570584,0.14837453646239881,0.148374536469337,0.14713758236216776,0.14713758235066451,0.1471375823374822,0.14713758235066451,0.14713758236216776,0.14713758235066451,0.14713758232394333,0.14713758227398216,0.14713758232394314,0.14713758235066451,0.1471375823374822,0.14713758227398216,0.14713758201341948,0.14713758227398216,0.1471375823374822,0.14713758235066451,0.14713758232394314,0.14713758227398216,0.14713758232394314,0.14713758235066451,0.14713758236216776,0.14713758235066451,0.1471375823374822,0.14713758235066451,0.14713758236216776,0.1459251182301099,0.1459251182195493,0.14592511820881396,0.1459251182195493,0.1459251182301099,0.1459251182195493,0.14592511819798,0.14592511816602674,0.14592511819798,0.1459251182195493,0.14592511820881396,0.14592511816602674,0.14592511804896688,0.14592511816602674,0.14592511820881396,0.1459251182195493,0.14592511819798,0.14592511816602674,0.14592511819798,0.1459251182195493,0.1459251182301099,0.1459251182195493,0.14592511820881396,0.1459251182195493,0.1459251182301099,0.14473660965634652,0.14473660964737814,0.14473660963867335,0.14473660964737814,0.14473660965634652,0.14473660964737814,0.14473660963000629,0.14473660960552914,0.14473660963000629,0.14473660964737814,0.14473660963867335,0.14473660960552914,0.1447366095154759,0.14473660960552914,0.14473660963867335,0.14473660964737814,0.14473660963000629,0.14473660960552914,0.14473660963000629,0.14473660964737814,0.14473660965634652,0.14473660964737814,0.14473660963867335,0.14473660964737814,0.14473660965634652,0.14357153077518503,0.14357153076696733,0.1435715307588944,0.14357153076696733,0.14357153077518503,0.14357153076696733,0.14357153075084114,0.14357153072744228,0.14357153075084114,0.14357153076696733,0.1435715307588944,0.14357153072744228,0.14357153063733508,0.14357153072744228,0.1435715307588944,0.14357153076696733,0.14357153075084114,0.14357153072744228,0.14357153075084114,0.14357153076696733,0.14357153077518503,0.14357153076696733,0.1435715307588944,0.14357153076696733,0.14357153077518503,0.14242936453649693,0.14242936452856494,0.14242936452042865,0.14242936452856494,0.14242936453649693,0.14242936452856494,0.14242936451220475,0.14242936448711996,0.14242936451220475,0.14242936452856494,0.14242936452042865,0.14242936448711996,0.14242936438592593,0.14242936448711996,0.14242936452042865,0.14242936452856494,0.14242936451220475,0.14242936448711996,0.14242936451220475,0.14242936452856494,0.14242936453649693,0.14242936452856494,0.14242936452042865,0.14242936452856494,0.14242936453649693,0.14130960291784098,0.14130960291091713,0.1413096029031976,0.14130960291091713,0.14130960291784098,0.14130960291091713,0.14130960289522268,0.1413096028686741,0.14130960289522268,0.14130960291091713,0.1413096029031976,0.1413096028686741,0.14130960275246848,0.1413096028686741,0.1413096029031976,0.14130960291091713,0.14130960289522268,0.1413096028686741,0.14130960289522268,0.14130960291091713,0.14130960291784098,0.14130960291091713,0.1413096029031976,0.14130960291091713,0.14130960291784098,0.1402117470909332,0.14021174708775538,0.14021174708313228,0.14021174708775538,0.1402117470909332,0.14021174708775538,0.14021174707811407,0.140211747057168,0.14021174707811407,0.14021174708775538,0.14021174708313228,0.140211747057168,0.14021174694506644,0.140211747057168,0.14021174708313228,0.14021174708775538,0.14021174707811407,0.140211747057168,0.14021174707811407,0.14021174708775538,0.1402117470909332,0.14021174708775538,0.14021174708313228,0.14021174708775538,0.1402117470909332,0.13913530754659367,0.13913530755209233,0.139135307556417,0.13913530755209233,0.13913530754659367,0.13913530755209233,0.13913530756047274,0.13913530756750778,0.13913530756047274,0.13913530755209233,0.139135307556417,0.13913530756750778,0.13913530757521494,0.13913530756750778,0.139135307556417,0.13913530755209233,0.13913530756047274,0.13913530756750778,0.13913530756047274,0.13913530755209233,0.13913530754659367,0.13913530755209233,0.139135307556417,0.13913530755209233,0.13913530754659367,0.13807980418335772,0.13807980420155788,0.13807980421986285,0.13807980420155788,0.13807980418335772,0.13807980420155788,0.13807980423840593,0.13807980428901223,0.13807980423840593,0.13807980420155788,0.13807980421986285,0.13807980428901223,0.13807980443179763,0.13807980428901223,0.13807980421986285,0.13807980420155788,0.13807980423840593,0.13807980428901223,0.13807980423840593,0.13807980420155788,0.13807980418335772,0.13807980420155788,0.13807980421986285,0.13807980420155788,0.13807980418335772,0.13704476637006677,0.13704476640056384,0.13704476643758695,0.13704476640056384,0.13704476637006677,0.13704476640056384,0.1370447664759894,0.1370447666275941,0.1370447664759894,0.13704476640056384,0.13704476643758695,0.1370447666275941,0.13704476746830688,0.1370447666275941,0.13704476643758695,0.13704476640056384,0.1370447664759894,0.1370447666275941,0.1370447664759894,0.13704476640056384,0.13704476637006677,0.13704476640056384,0.13704476643758695,0.13704476640056384,0.13704476637006677,0.13602973298666227,0.1360297330079979,0.13602973302889307,0.1360297330079979,0.13602973298666227,0.1360297330079979,0.1360297330498598,0.13602973310585476,0.1360297330498598,0.1360297330079979,0.13602973302889307,0.13602973310585476,0.13602973326126067,0.13602973310585476,0.13602973302889307,0.1360297330079979,0.1360297330498598,0.13602973310585476,0.1360297330498598,0.1360297330079979,0.13602973298666227,0.1360297330079979,0.13602973302889307,0.1360297330079979,0.13602973298666227,0.13503425247330658,0.13503425248667747,0.1350342524977175,0.13503425248667747,0.13503425247330658,0.13503425248667747,0.13503425250819598,0.13503425252953177,0.13503425250819598,0.13503425248667747,0.1350342524977175,0.13503425252953177,0.13503425256833043,0.13503425252953177,0.1350342524977175,0.13503425248667747,0.13503425250819598,0.13503425252953177,0.13503425250819598,0.13503425248667747,0.13503425247330658,0.13503425248667747,0.1350342524977175,0.13503425248667747,0.13503425247330658
0.16533248767806907,0.16533248767806885,0.16533248767806885,0.16533248767806885,0.16533248767806907,0.16533248767806885,0.16533248767806885,0.16533248767806885,0.16533248767806885,0.16533248767806885,0.16533248767806885,0.16533248767806885,0.16533248767806885,0.16533248767806885,0.16533248767806885,0.16533248767806885,0.16533248767806885,0.16533248767806885,0.16533248767806885,0.16533248767806885,0.16533248767806907,0.16533248767806885,0.16533248767806885,0.16533248767806885,0.16533248767806907,0.1637574939614684,0.1637574939614684,0.1637574939614684,0.1637574939614684,0.1637574939614684,0.1637574939614684,0.1637574939614684,0.1637574939614684,0.1637574939614684,0.1637574939614684,0.1637574939614684,0.1637574939614684,0.1637574939614684,0.1637574939614684,0.1637574939614684,0.1637574939614684,0.1637574939614684,0.1637574939614684,0.1637574939614684,0.1637574939614684,0.1637574939614684,0.1637574939614684,0.1637574939614684,0.1637574939614684,0.1637574939614684,0.16221388417677096,0.16221388417677074,0.16221388417677074,0.16221388417677074,0.16221388417677096,0.16221388417677074,0.16221388417677052,0.16221388417677052,0.16221388417677052,0.16221388417677074,0.16221388417677074,0.16221388417677052,0.1622138841767703,0.16221388417677052,0.16221388417677074,0.16221388417677074,0.16221388417677052,0.16221388417677052,0.16221388417677052,0.16221388417677074,0.16221388417677096,0.16221388417677074,0.16221388417677074,0.16221388417677074,0.16221388417677096,0.1607010672810181,0.16070106728101743,0.1607010672810172,0.16070106728101743,0.1607010672810181,0.16070106728101743,0.16070106728101677,0.16070106728101652,0.16070106728101677,0.16070106728101743,0.1607010672810172,0.16070106728101652,0.16070106728101607,0.16070106728101652,0.1607010672810172,0.16070106728101743,0.16070106728101677,0.16070106728101652,0.16070106728101677,0.16070106728101743,0.1607010672810181,0.16070106728101743,0.1607010672810172,0.16070106728101743,0.1607010672810181,0.15921845164918952,0.15921845164918758,0.15921845164918624,0.15921845164918758,0.15921845164918952,0.15921845164918758,0.15921845164918563,0.1592184516491843,0.15921845164918563,0.15921845164918758,0.15921845164918624,0.1592184516491843,0.159218451649183,0.1592184516491843,0.15921845164918624,0.15921845164918758,0.15921845164918563,0.1592184516491843,0.15921845164918563,0.15921845164918758,0.15921845164918952,0.15921845164918758,0.15921845164918624,0.15921845164918758,0.15921845164918952,0.157765446426055,0.15776544642604898,0.15776544642604537,0.15776544642604898,0.157765446426055,0.15776544642604898,0.15776544642604282,0.15776544642603874,0.15776544642604282,0.15776544642604898,0.15776544642604537,0.15776544642603874,0.1577654464260347,0.15776544642603874,0.15776544642604537,0.15776544642604898,0.15776544642604282,0.15776544642603874,0.15776544642604282,0.15776544642604898,0.157765446426055,0.15776544642604898,0.15776544642604537,0.15776544642604898,0.157765446426055,0.15634146274050106,0.1563414627404831,0.1563414627404718,0.1563414627404831,0.15634146274050106,0.1563414627404831,0.15634146274046365,0.15634146274045108,0.15634146274046365,0.1563414627404831,0.1563414627404718,0.15634146274045108,0.15634146274043773,0.15634146274045108,0.1563414627404718,0.1563414627404831,0.15634146274046365,0.15634146274045108,0.15634146274046365,0.1563414627404831,0.15634146274050106,0.1563414627404831,0.1563414627404718,0.1563414627404831,0.15634146274050106,0.15494591479260328,0.15494591479254938,0.15494591479251432,0.15494591479254938,0.15494591479260328,0.15494591479254938,0.1549459147924883,0.15494591479244774,0.1549459147924883,0.15494591479254938,0.15494591479251432,0.15494591479244774,0.15494591479240305,0.15494591479244774,0.15494591479251432,0.15494591479254938,0.1549459147924883,0.15494591479244774,0.1549459147924883,0.15494591479254938,0.15494591479260328,0.15494591479254938,0.15494591479251432,0.15494591479254938,0.15494591479260328,0.15357822082316253,0.15357822082300385,0.1535782208228978,0.15357822082300385,0.15357822082316253,0.15357822082300385,0.15357822082281386,0.15357822082268188,0.15357822082281386,0.15357822082300385,0.1535782208228978,0.15357822082268188,0.15357822082252545,0.15357822082268188,0.1535782208228978,0.15357822082300385,0.15357822082281386,0.15357822082268188,0.15357822082281386,0.15357822082300385,0.15357822082316253,0.15357822082300385,0.1535782208228978,0.15357822082300385,0.15357822082316253,0.15223780397490164,0.15223780397444991,0.15223780397413356,0.15223780397444991,0.15223780397490164,0.15223780397444991,0.15223780397386685,0.15223780397342632,0.15223780397386685,0.15223780397444991,0.15223780397413356,0.15223780397342632,0.15223780397286574,0.15223780397342632,0.15223780397413356,0.15223780397444991,0.15223780397386685,0.15223780397342632,0.15223780397386685,0.15223780397444991,0.15223780397490164,0.15223780397444991,0.15223780397413356,0.15223780397444991,0.15223780397490164,0.15092409305402119,0.15092409305279944,0.15092409305188326,0.15092409305279944,0.15092409305402119,0.15092409305279944,0.15092409305105814,0.15092409304959004,0.15092409305105814,0.15092409305279944,0.15092409305188326,0.15092409304959004,0.15092409304742951,0.15092409304959004,0.15092409305188326,0.15092409305279944,0.15092409305105814,0.15092409304959004,0.15092409305105814,0.15092409305279944,0.15092409305402119,0.15092409305279944,0.15092409305188326,0.15092409305279944,0.15092409305402119,0.1496365232003918,0.14963652319734455,0.1496365231948091,0.14963652319734455,0.1496365232003918,0.14963652319734455,0.14963652319239942,0.14963652318741763,0.14963652319239942,0.14963652319734455,0.1496365231948091,0.14963652318741763,0.14963652317817008,0.14963652318741763,0.1496365231948091,0.14963652319734455,0.14963652319239942,0.14963652318741763,0.14963652319239942,0.14963652319734455,0.1496365232003918,0.14963652319734455,0.1496365231948091,0.14963652319734455,0.1496365232003918,0.14837453647419505,0.14837453646757323,0.14837453646120713,0.14837453646757323,0.14837453647419505,0.14837453646757323,0.14837453645485774,0.14837453643828663,0.14837453645485774,0.14837453646757323,0.14837453646120713,0.14837453643828663,0.14837453639353226,0.14837453643828663,0.14837453646120713,0.14837453646757323,0.14837453645485774,0.14837453643828663,0.14837453645485774,0.14837453646757323,0.14837453647419505,0.14837453646757323,0.14837453646120713,0.14837453646757323,0.14837453647419505,0.14713758236572497,0.14713758235466207,0.14713758234205504,0.14713758235466207,0.14713758236572497,0.14713758235466207,0.14713758232911944,0.14713758228173693,0.14713758232911944,0.14713758235466207,0.14713758234205504,0.14713758228173693,0.1471375820364986,0.14713758228173693,0.14713758234205504,0.14713758235466207,0.14713758232911944,0.14713758228173693,0.14713758232911944,0.14713758235466207,0.14713758236572497,0.14713758235466207,0.14713758234205504,0.14713758235466207,0.14713758236572497,0.1459251182314397,0.14592511822099766,0.1459251182103478,0.14592511822099766,0.1459251182314397,0.14592511822099766,0.14592511819959578,0.14592511816761367,0.14592511819959578,0.14592511822099766,0.1459251182103478,0.14592511816761367,0.1459251180482482,0.14592511816761367,0.1459251182103478,0.14592511822099766,0.14592511819959578,0.14592511816761367,0.14592511819959578,0.14592511822099766,0.1459251182314397,0.14592511822099766,0.1459251182103478,0.14592511822099766,0.1459251182314397,0.1447366096551739,0.14473660964610394,0.14473660963724921,0.14473660964610394,0.1447366096551739,0.14473660964610394,0.1447366096284203,0.14473660960324933,0.1447366096284203,0.14473660964610394,0.14473660963724921,0.14473660960324933,0.14473660950948153,0.14473660960324933,0.14473660963724921,0.14473660964610394,0.1447366096284203,0.14473660960324933,0.1447366096284203,0.14473660964610394,0.1447366096551739,0.14473660964610394,0.14473660963724921,0.14473660964610394,0.1447366096551739,0.14357153077168508,0.14357153076330464,0.1435715307550454,0.14357153076330464,0.14357153077168508,0.14357153076330464,0.14357153074679824,0.14357153072274542,0.14357153074679824,0.14357153076330464,0.1435715307550454,0.14357153072274542,0.14357153062977018,0.14357153072274542,0.1435715307550454,0.14357153076330464,0.14357153074679824,0.14357153072274542,0.14357153074679824,0.14357153076330464,0.14357153077168508,0.14357153076330464,0.1435715307550454,0.14357153076330464,0.14357153077168508,0.14242936453097185,0.14242936452289612,0.1424293645146103,0.14242936452289612,0.14242936453097185,0.14242936452289612,0.14242936450623497,0.14242936448068633,0.14242936450623497,0.14242936452289612,0.1424293645146103,0.14242936448068633,0.14242936437764314,0.14242936448068633,0.1424293645146103,0.14242936452289612,0.14242936450623497,0.14242936448068633,0.14242936450623497,0.14242936452289612,0.14242936453097185,0.14242936452289612,0.1424293645146103,0.14242936452289612,0.14242936453097185,0.14130960291055697,0.1413096029035272,0.14130960289570652,0.1413096029035272,0.14130960291055697,0.1413096029035272,0.14130960288763159,0.1413096028608041,0.14130960288763159,0.1413096029035272,0.14130960289570652,0.1413096028608041,0.1413096027435658,0.1413096028608041,0.14130960289570652,0.1413096029035272,0.14130960288763159,0.1413096028608041,0.14130960288763159,0.1413096029035272,0.14130960291055697,0.1413096029035272,0.14130960289570652,0.1413096029035272,0.14130960291055697,0.14021174708208042,0.14021174707881812,0.1402117470741226,0.14021174707881812,0.14021174708208042,0.14021174707881812,0.1402117470690354,0.1402117470479264,0.1402117470690354,0.14021174707881812,0.1402117470741226,0.1402117470479264,0.14021174693533822,0.1402117470479264,0.1402117470741226,0.14021174707881812,0.1402117470690354,0.1402117470479264,0.1402117470690354,0.14021174707881812,0.14021174708208042,0.14021174707881812,0.1402117470741226,0.14021174707881812,0.14021174708208042,0.13913530753631878,0.13913530754171372,0.13913530754595144,0.13913530754171372,0.13913530753631878,0.13913530754171372,0.13913530754992415,0.13913530755678635,0.13913530754992415,0.13913530754171372,0.13913530754595144,0.13913530755678635,0.13913530756416165,0.13913530755678635,0.13913530754595144,0.13913530754171372,0.13913530754992415,0.13913530755678635,0.13913530754992415,0.13913530754171372,0.13913530753631878,0.13913530754171372,0.13913530754595144,0.13913530754171372,0.13913530753631878,0.13807980417184867,0.13807980418986884,0.13807980420799829,0.13807980418986884,0.13807980417184867,0.13807980418986884,0.1380798042263653,0.1380798042765055,0.1380798042263653,0.13807980418986884,0.13807980420799829,0.1380798042765055,0.13807980441801335,0.1380798042765055,0.13807980420799829,0.13807980418986884,0.1380798042263653,0.1380798042765055,0.1380798042263653,0.13807980418986884,0.13807980417184867,0.13807980418986884,0.13807980420799829,0.13807980418986884,0.13807980417184867,0.1370447663576697,0.13704476638789664,0.1370447664245962,0.13704476638789664,0.1370447663576697,0.13704476638789664,0.13704476646266445,0.13704476661296283,0.13704476646266445,0.13704476638789664,0.1370447664245962,0.13704476661296283,0.13704476744645855,0.13704476661296283,0.1370447664245962,0.13704476638789664,0.13704476646266445,0.13704476661296283,0.13704476646266445,0.13704476638789664,0.1370447663576697,0.13704476638789664,0.1370447664245962,0.13704476638789664,0.1370447663576697,0.13602973297391327,0.13602973299506277,0.13602973301577678,0.13602973299506277,0.13602973297391327,0.13602973299506277,0.1360297330365622,0.13602973309207525,0.1360297330365622,0.13602973299506277,0.13602973301577678,0.13602973309207525,0.13602973324614814,0.13602973309207525,0.13602973301577678,0.13602973299506277,0.1360297330365622,0.13602973309207525,0.1360297330365622,0.13602973299506277,0.13602973297391327,0.13602973299506277,0.13602973301577678,0.13602973299506277,0.13602973297391327,0.13503425246057355,0.13503425247382864,0.13503425248477316,0.13503425247382864,0.13503425246057355,0.13503425247382864,0.1350342524951611,0.13503425251631324,0.1350342524951611,0.13503425247382864,0.13503425248477316,0.13503425251631324,0.1350342525547786,0.13503425251631324,0.13503425248477316,0.13503425247382864,0.1350342524951611,0.13503425251631324,0.1350342524951611,0.13503425247382864,0.13503425246057355,0.13503425247382864,0.13503425248477316,0.13503425247382864,0.13503425246057355
0.16533248768541656,0.16533248768541656,0.16533248768541656,0.16533248768541656,0.16533248768541656,0.16533248768541656,0.16533248768541656,0.16533248768541656,0.16533248768541656,0.16533248768541656,0.16533248768541656,0.16533248768541656,0.16533248768541656,0.16533248768541656,0.16533248768541656,0.16533248768541656,0.16533248768541656,0.16533248768541656,0.16533248768541656,0.16533248768541656,0.16533248768541656,0.16533248768541656,0.16533248768541656,0.16533248768541656,0.16533248768541656,0.16375749396867118,0.16375749396867118,0.16375749396867118,0.16375749396867118,0.16375749396867118,0.16375749396867118,0.16375749396867118,0.16375749396867118,0.16375749396867118,0.16375749396867118,0.16375749396867118,0.16375749396867118,0.16375749396867095,0.16375749396867118,0.16375749396867118,0.16375749396867118,0.16375749396867118,0.16375749396867118,0.16375749396867118,0.16375749396867118,0.16375749396867118,0.16375749396867118,0.16375749396867118,0.16375749396867118,0.16375749396867118,0.16221388418383265,0.16221388418383242,0.16221388418383242,0.16221388418383242,0.16221388418383265,0.16221388418383242,0.1622138841838322,0.1622138841838322,0.1622138841838322,0.16221388418383242,0.16221388418383242,0.1622138841838322,0.16221388418383195,0.1622138841838322,0.16221388418383242,0.16221388418383242,0.1622138841838322,0.1622138841838322,0.1622138841838322,0.16221388418383242,0.16221388418383265,0.16221388418383242,0.16221388418383242,0.16221388418383242,0.16221388418383265,0.16070106728794262,0.16070106728794195,0.16070106728794148,0.16070106728794195,0.16070106728794262,0.16070106728794195,0.16070106728794126,0.16070106728794104,0.16070106728794126,0.16070106728794195,0.16070106728794148,0.16070106728794104,0.16070106728794062,0.16070106728794104,0.16070106728794148,0.16070106728794195,0.16070106728794126,0.16070106728794104,0.16070106728794126,0.16070106728794195,0.16070106728794262,0.16070106728794195,0.16070106728794148,0.16070106728794195,0.16070106728794262,0.15921845165598036,0.1592184516559786,0.1592184516559775,0.1592184516559786,0.15921845165598036,0.1592184516559786,0.15921845165597664,0.15921845165597556,0.15921845165597664,0.1592184516559786,0.1592184516559775,0.15921845165597556,0.15921845165597445,0.15921845165597556,0.1592184516559775,0.1592184516559786,0.15921845165597664,0.15921845165597556,0.15921845165597664,0.1592184516559786,0.15921845165598036,0.1592184516559786,0.1592184516559775,0.1592184516559786,0.15921845165598036,0.15776544643271612,0.1577654464327106,0.15776544643270696,0.1577654464327106,0.15776544643271612,0.1577654464327106,0.1577654464327046,0.15776544643270096,0.1577654464327046,0.1577654464327106,0.15776544643270696,0.15776544643270096,0.15776544643269713,0.15776544643270096,0.15776544643270696,0.1577654464327106,0.1577654464327046,0.15776544643270096,0.1577654464327046,0.1577654464327106,0.15776544643271612,0.1577654464327106,0.15776544643270696,0.1577654464327106,0.15776544643271612,0.15634146274703564,0.1563414627470187,0.15634146274700808,0.1563414627470187,0.15634146274703564,0.1563414627470187,0.15634146274700034,0.1563414627469884,0.15634146274700034,0.1563414627470187,0.15634146274700808,0.1563414627469884,0.15634146274697586,0.1563414627469884,0.15634146274700808,0.1563414627470187,0.15634146274700034,0.1563414627469884,0.15634146274700034,0.1563414627470187,0.15634146274703564,0.1563414627470187,0.15634146274700808,0.1563414627470187,0.15634146274703564,0.15494591479901274,0.1549459147989619,0.1549459147989289,0.1549459147989619,0.15494591479901274,0.1549459147989619,0.15494591479890432,0.1549459147988662,0.15494591479890432,0.1549459147989619,0.1549459147989289,0.1549459147988662,0.15494591479882422,0.15494591479886638,0.1549459147989289,0.1549459147989619,0.15494591479890432,0.15494591479886638,0.15494591479890432,0.1549459147989619,0.15494591479901274,0.1549459147989619,0.1549459147989289,0.1549459147989619,0.15494591479901274,0.1535782208294445,0.15357822082929468,0.15357822082919464,0.15357822082929468,0.1535782208294445,0.15357822082929468,0.1535782208291157,0.1535782208289914,0.1535782208291157,0.15357822082929468,0.15357822082919464,0.1535782208289914,0.15357822082884437,0.1535782208289914,0.15357822082919464,0.15357822082929468,0.1535782208291157,0.1535782208289914,0.1535782208291157,0.15357822082929468,0.1535782208294445,0.15357822082929468,0.15357822082919464,0.15357822082929468,0.1535782208294445,0.15223780398104106,0.15223780398061432,0.15223780398031572,0.15223780398061432,0.15223780398104106,0.15223780398061432,0.15223780398006434,0.15223780397964962,0.15223780398006434,0.15223780398061432,0.15223780398031572,0.15223780397964962,0.15223780397912207,0.15223780397964962,0.15223780398031572,0.15223780398061432,0.15223780398006434,0.15223780397964962,0.15223780398006434,0.15223780398061432,0.15223780398104106,0.15223780398061432,0.15223780398031572,0.15223780398061432,0.15223780398104106,0.1509240930599695,0.1509240930588139,0.15092409305794868,0.1509240930588139,0.1509240930599695,0.1509240930588139,0.15092409305717064,0.15092409305578738,0.15092409305717064,0.1509240930588139,0.15092409305794868,0.15092409305578738,0.15092409305375692,0.15092409305578738,0.15092409305794868,0.1509240930588139,0.15092409305717064,0.15092409305578738,0.15092409305717064,0.1509240930588139,0.1509240930599695,0.1509240930588139,0.15092409305794868,0.1509240930588139,0.1509240930599695,0.14963652320601367,0.14963652320312598,0.14963652320072934,0.14963652320312598,0.14963652320601367,0.14963652320312598,0.14963652319845408,0.14963652319376272,0.14963652319845408,0.14963652320312598,0.14963652320072934,0.14963652319376272,0.14963652318508397,0.14963652319376272,0.14963652320072934,0.14963652320312598,0.14963652319845408,0.14963652319376272,0.14963652319845408,0.14963652320312598,0.14963652320601367,0.14963652320312598,0.14963652320072934,0.14963652320312598,0.14963652320601367,0.14837453647915985,0.14837453647286256,0.14837453646683155,0.14837453647286256,0.14837453647915985,0.14837453647286256,0.14837453646082388,0.14837453644521592,0.14837453646082388,0.14837453647286256,0.14837453646683155,0.14837453644521592,0.14837453640327597,0.14837453644521592,0.14837453646683155,0.14837453647286256,0.14837453646082388,0.14837453644521592,0.14837453646082388,0.14837453647286256,0.14837453647915985,0.14837453647286256,0.14837453646683155,0.14837453647286256,0.14837453647915985,0.14713758236935576,0.14713758235874427,0.1471375823467273,0.14713758235874427,0.14713758236935576,0.14713758235874427,0.1471375823344102,0.14713758228967208,0.1471375823344102,0.14713758235874427,0.1471375823467273,0.14713758228967208,0.14713758206016783,0.14713758228967208,0.1471375823467273,0.14713758235874427,0.1471375823344102,0.14713758228967208,0.1471375823344102,0.14713758235874427,0.14713758236935576,0.14713758235874427,0.1471375823467273,0.14713758235874427,0.14713758236935576,0.1459251182327862,0.14592511822246526,0.14592511821190285,0.14592511822246526,0.1459251182327862,0.14592511822246526,0.14592511820123466,0.1459251181692223,0.14592511820123466,0.14592511822246526,0.14592511821190285,0.1459251181692223,0.14592511804745903,0.1459251181692223,0.14592511821190285,0.14592511822246526,0.14592511820123466,0.1459251181692223,0.14592511820123466,0.14592511822246526,0.1459251182327862,0.14592511822246526,0.14592511821190285,0.14592511822246526,0.1459251182327862,0.14473660965395502,0.14473660964478,0.14473660963577076,0.14473660964478,0.14473660965395502,0.14473660964478,0.144736609626775,0.1447366096008903,0.144736609626775,0.14473660964478,0.14473660963577076,0.1447366096008903,0.14473660950334122,0.1447366096008903,0.14473660963577076,0.14473660964478,0.144736609626775,0.1447366096008903,0.144736609626775,0.14473660964478,0.14473660965395502,0.14473660964478,0.14473660963577076,0.14473660964478,0.14473660965395502,0.14357153076808177,0.14357153075953313,0.14357153075108153,0.14357153075953313,0.14357153076808177,0.14357153075953313,0.1435715307426342,0.14357153071790685,0.1435715307426342,0.14357153075953313,0.14357153075108153,0.14357153071790685,0.1435715306220104,0.14357153071790685,0.14357153075108153,0.14357153075953313,0.1435715307426342,0.14357153071790685,0.1435715307426342,0.14357153075953313,0.14357153076808177,0.14357153075953313,0.14357153075108153,0.14357153075953313,0.14357153076808177,0.14242936452529711,0.14242936451707192,0.1424293645086313,0.14242936451707192,0.14242936452529711,0.14242936451707192,0.14242936450009844,0.14242936447406854,0.14242936450009844,0.14242936451707192,0.1424293645086313,0.14242936447406854,0.14242936436910023,0.14242936447406854,0.1424293645086313,0.14242936451707192,0.14242936450009844,0.14242936447406854,0.14242936450009844,0.14242936451707192,0.14242936452529711,0.14242936451707192,0.1424293645086313,0.14242936451707192,0.1424293645252973,0.14130960290308758,0.141309602895947,0.14130960288802055,0.141309602895947,0.14130960290308758,0.141309602895947,0.141309602879841,0.14130960285272026,0.141309602879841,0.141309602895947,0.14130960288802055,0.14130960285272026,0.14130960273439552,0.14130960285272026,0.14130960288802055,0.141309602895947,0.141309602879841,0.14130960285272026,0.141309602879841,0.141309602895947,0.14130960290308758,0.141309602895947,0.14130960288802055,0.141309602895947,0.14130960290308758,0.14021174707301526,0.14021174706966477,0.14021174706489328,0.14021174706966477,0.14021174707301526,0.14021174706966477,0.14021174705973352,0.14021174703845055,0.14021174705973352,0.14021174706966477,0.14021174706489328,0.14021174703845055,0.14021174692532812,0.14021174703845055,0.14021174706489328,0.14021174706966477,0.14021174705973352,0.14021174703845055,0.14021174705973352,0.14021174706966477,0.14021174707301526,0.14021174706966477,0.14021174706489328,0.14021174706966477,0.14021174707301526,0.1391353075258119,0.1391353075311003,0.13913530753524866,0.1391353075311003,0.1391353075258119,0.1391353075311003,0.13913530753913617,0.13913530754582068,0.13913530753913617,0.1391353075311003,0.13913530753524866,0.13913530754582068,0.13913530755285253,0.13913530754582068,0.13913530753524866,0.1391353075311003,0.13913530753913617,0.13913530754582068,0.13913530753913617,0.1391353075311003,0.1391353075258119,0.1391353075311003,0.13913530753524866,0.1391353075311003,0.1391353075258119,0.138079804160093,0.13807980417793034,0.13807980419588164,0.13807980417793034,0.138079804160093,0.13807980417793034,0.13807980421407018,0.13807980426373784,0.13807980421407018,0.13807980417793034,0.13807980419588164,0.13807980426373784,0.13807980440395157,0.13807980426373784,0.13807980419588164,0.13807980417793034,0.13807980421407018,0.13807980426373784,0.13807980421407018,0.13807980417793034,0.138079804160093,0.13807980417793034,0.13807980419588164,0.13807980417793034,0.138079804160093,0.13704476634501664,0.13704476637496987,0.13704476641134214,0.13704476637496987,0.13704476634501664,0.13704476637496987,0.13704476644907207,0.13704476659804846,0.13704476644907207,0.13704476637496987,0.13704476641134214,0.13704476659804846,0.13704476742426117,0.13704476659804846,0.13704476641134214,0.13704476637496987,0.13704476644907207,0.13704476659804846,0.13704476644907207,0.13704476637496987,0.13704476634501664,0.13704476637496987,0.13704476641134214,0.13704476637496987,0.13704476634501664,0.13602973296090565,0.13602973298186705,0.13602973300239762,0.13602973298186705,0.13602973296090565,0.13602973298186705,0.13602973302299964,0.1360297330780248,0.13602973302299964,0.13602973298186705,0.13602973300239762,0.1360297330780248,0.13602973323074904,0.1360297330780248,0.13602973300239762,0.13602973298186705,0.13602973302299964,0.1360297330780248,0.13602973302299964,0.13602973298186705,0.13602973296090565,0.13602973298186705,0.13602973300239762,0.13602973298186705,0.13602973296090565,0.1350342524475843,0.13503425246072198,0.13503425247156997,0.13503425246072198,0.1350342524475843,0.13503425246072198,0.13503425248186637,0.13503425250283252,0.13503425248186637,0.13503425246072198,0.13503425247156997,0.13503425250283252,0.13503425254096066,0.13503425250283252,0.13503425247156983,0.13503425246072198,0.13503425248186637,0.13503425250283252,0.13503425248186637,0.13503425246072198,0.1350342524475843,0.13503425246072198,0.13503425247156983,0.13503425246072198,0.1350342524475843
0.16533248769292783,0.16533248769292783,0.16533248769292758,0.16533248769292783,0.16533248769292783,0.16533248769292783,0.16533248769292758,0.16533248769292758,0.16533248769292758,0.16533248769292783,0.16533248769292758,0.16533248769292758,0.16533248769292758,0.16533248769292758,0.16533248769292758,0.16533248769292783,0.16533248769292758,0.16533248769292758,0.16533248769292758,0.16533248769292783,0.16533248769292783,0.16533248769292783,0.16533248769292758,0.16533248769292783,0.16533248769292783,0.16375749397603426,0.16375749397603404,0.16375749397603404,0.16375749397603404,0.16375749397603426,0.16375749397603404,0.16375749397603404,0.16375749397603404,0.16375749397603404,0.16375749397603404,0.16375749397603404,0.16375749397603404,0.16375749397603404,0.16375749397603404,0.16375749397603404,0.16375749397603404,0.16375749397603404,0.16375749397603404,0.16375749397603404,0.16375749397603404,0.16375749397603426,0.16375749397603404,0.16375749397603404,0.16375749397603404,0.16375749397603426,0.16221388419105115,0.16221388419105093,0.16221388419105093,0.16221388419105093,0.16221388419105115,0.16221388419105093,0.16221388419105093,0.1622138841910507,0.16221388419105093,0.16221388419105093,0.16221388419105093,0.1622138841910507,0.1622138841910507,0.1622138841910507,0.16221388419105093,0.16221388419105093,0.16221388419105093,0.1622138841910507,0.16221388419105093,0.16221388419105093,0.16221388419105115,0.16221388419105093,0.16221388419105093,0.16221388419105093,0.16221388419105115,0.16070106729502062,0.16070106729502018,0.1607010672950197,0.16070106729502018,0.16070106729502062,0.16070106729502018,0.16070106729501948,0.16070106729501907,0.16070106729501948,0.16070106729502018,0.1607010672950197,0.16070106729501907,0.16070106729501885,0.16070106729501907,0.1607010672950197,0.16070106729502018,0.16070106729501948,0.16070106729501907,0.16070106729501948,0.16070106729502018,0.16070106729502062,0.16070106729502018,0.1607010672950197,0.16070106729502018,0.16070106729502062,0.15921845166292203,0.15921845166292029,0.1592184516629192,0.15921845166292029,0.15921845166292203,0.15921845166292029,0.15921845166291854,0.15921845166291745,0.15921845166291854,0.15921845166292029,0.1592184516629192,0.15921845166291745,0.15921845166291634,0.15921845166291745,0.1592184516629192,0.15921845166292029,0.15921845166291854,0.15921845166291745,0.15921845166291854,0.15921845166292029,0.15921845166292203,0.15921845166292029,0.1592184516629192,0.15921845166292029,0.15921845166292203,0.1577654464395247,0.1577654464395196,0.15776544643951618,0.1577654464395196,0.1577654464395247,0.1577654464395196,0.15776544643951404,0.1577654464395104,0.15776544643951404,0.1577654464395196,0.15776544643951618,0.1577654464395104,0.15776544643950677,0.1577654464395104,0.15776544643951618,0.1577654464395196,0.15776544643951404,0.1577654464395104,0.15776544643951404,0.1577654464395196,0.1577654464395247,0.1577654464395196,0.15776544643951618,0.1577654464395196,0.1577654464395247,0.15634146275371452,0.15634146275369865,0.1563414627536886,0.15634146275369865,0.15634146275371452,0.15634146275369865,0.1563414627536815,0.15634146275367042,0.1563414627536815,0.15634146275369865,0.1563414627536886,0.15634146275367042,0.1563414627536585,0.15634146275367042,0.1563414627536886,0.15634146275369865,0.1563414627536815,0.15634146275367042,0.1563414627536815,0.15634146275369865,0.15634146275371452,0.15634146275369865,0.1563414627536886,0.15634146275369865,0.15634146275371452,0.15494591480556377,0.15494591480551603,0.15494591480548509,0.15494591480551603,0.15494591480556377,0.15494591480551603,0.15494591480546197,0.15494591480542627,0.15494591480546197,0.15494591480551603,0.15494591480548509,0.15494591480542627,0.15494591480538694,0.15494591480542627,0.15494591480548509,0.15494591480551603,0.15494591480546197,0.15494591480542627,0.15494591480546197,0.15494591480551603,0.15494591480556377,0.15494591480551603,0.15494591480548509,0.15494591480551603,0.15494591480556377,0.15357822083586464,0.15357822083572384,0.15357822083563008,0.15357822083572384,0.15357822083586464,0.15357822083572384,0.15357822083555595,0.15357822083543965,0.15357822083555595,0.15357822083572384,0.15357822083563008,0.15357822083543965,0.1535782208353023,0.15357822083543965,0.15357822083563008,0.15357822083572384,0.15357822083555595,0.15357822083543965,0.15357822083555595,0.15357822083572384,0.15357822083586464,0.15357822083572384,0.15357822083563008,0.15357822083572384,0.15357822083586464,0.15223780398731512,0.15223780398691397,0.15223780398663367,0.15223780398691397,0.15223780398731512,0.15223780398691397,0.15223780398639805,0.15223780398600967,0.15223780398639805,0.15223780398691397,0.15223780398663367,0.15223780398600967,0.152237803985516,0.15223780398600967,0.15223780398663367,0.15223780398691397,0.15223780398639805,0.15223780398600967,0.15223780398639805,0.15223780398691397,0.15223780398731512,0.15223780398691397,0.15223780398663367,0.15223780398691397,0.15223780398731512,0.15092409306604745,0.15092409306495977,0.1509240930641464,0.15092409306495977,0.15092409306604745,0.15092409306495977,0.150924093063417,0.15092409306212073,0.150924093063417,0.15092409306495977,0.1509240930641464,0.15092409306212073,0.1509240930602232,0.15092409306212073,0.1509240930641464,0.15092409306495977,0.150924093063417,0.15092409306212073,0.150924093063417,0.15092409306495977,0.15092409306604745,0.15092409306495977,0.1509240930641464,0.15092409306495977,0.15092409306604745,0.14963652321175727,0.14963652320903312,0.1496365232067783,0.14963652320903312,0.14963652321175727,0.14963652320903312,0.14963652320464094,0.14963652320024737,0.14963652320464094,0.14963652320903312,0.1496365232067783,0.14963652320024737,0.14963652319215098,0.14963652320024737,0.1496365232067783,0.14963652320903312,0.14963652320464094,0.14963652320024737,0.14963652320464094,0.14963652320903312,0.14963652321175727,0.14963652320903312,0.1496365232067783,0.14963652320903312,0.14963652321175727,0.14837453648422994,0.1483745364782649,0.1483745364725773,0.1483745364782649,0.14837453648422994,0.1483745364782649,0.14837453646691973,0.14837453645229834,0.14837453646691973,0.1483745364782649,0.1483745364725773,0.14837453645229834,0.1483745364132419,0.14837453645229834,0.1483745364725773,0.1483745364782649,0.14837453646691973,0.14837453645229834,0.14837453646691973,0.1483745364782649,0.14837453648422994,0.1483745364782649,0.1483745364725773,0.1483745364782649,0.14837453648422994,0.14713758237305902,0.14713758236290983,0.14713758235149724,0.14713758236290983,0.14713758237305902,0.14713758236290983,0.14713758233981378,0.1471375822977847,0.14713758233981378,0.14713758236290983,0.14713758235149724,0.1471375822977847,0.14713758208440414,0.1471375822977847,0.14713758235149724,0.14713758236290983,0.14713758233981378,0.1471375822977847,0.14713758233981378,0.14713758236290983,0.14713758237305902,0.14713758236290983,0.14713758235149724,0.14713758236290983,0.14713758237305902,0.14592511823414928,0.14592511822395227,0.14592511821347906,0.14592511822395227,0.14592511823414928,0.14592511822395227,0.14592511820289672,0.14592511817085266,0.14592511820289672,0.14592511822395227,0.14592511821347906,0.14592511817085266,0.145925118046654,0.14592511817085266,0.14592511821347906,0.14592511822395227,0.14592511820289672,0.14592511817085266,0.14592511820289672,0.14592511822395227,0.14592511823414928,0.14592511822395227,0.14592511821347906,0.14592511822395227,0.14592511823414928,0.1447366096526906,0.14473660964340715,0.14473660963423893,0.14473660964340715,0.1447366096526906,0.14473660964340715,0.14473660962507157,0.14473660959845358,0.14473660962507157,0.14473660964340715,0.14473660963423893,0.14473660959845358,0.14473660949699493,0.14473660959845358,0.14473660963423893,0.14473660964340715,0.14473660962507157,0.14473660959845358,0.14473660962507157,0.14473660964340715,0.1447366096526906,0.14473660964340715,0.14473660963423893,0.14473660964340715,0.1447366096526906,0.14357153076437718,0.14357153075565487,0.14357153074700496,0.14357153075565487,0.14357153076437718,0.14357153075565487,0.1435715307383514,0.14357153071292883,0.1435715307383514,0.14357153075565487,0.14357153074700496,0.14357153071292883,0.14357153061400454,0.14357153071292883,0.14357153074700496,0.14357153075565487,0.1435715307383514,0.14357153071292883,0.1435715307383514,0.14357153075565487,0.14357153076437718,0.14357153075565487,0.14357153074700496,0.14357153075565487,0.14357153076437718,0.1424293645194753,0.14242936451109525,0.1424293645024941,0.14242936451109525,0.1424293645194753,0.14242936451109525,0.14242936449379834,0.1424293644672695,0.14242936449379834,0.14242936451109525,0.1424293645024941,0.1424293644672695,0.14242936436029624,0.1424293644672695,0.1424293645024941,0.14242936451109525,0.14242936449379834,0.1424293644672695,0.14242936449379834,0.14242936451109525,0.1424293645194753,0.14242936451109525,0.1424293645024941,0.14242936451109525,0.1424293645194753,0.14130960289543548,0.1413096028881796,0.14130960288014266,0.1413096028881796,0.14130960289543548,0.1413096028881796,0.1413096028718539,0.14130960284442562,0.1413096028718539,0.1413096028881796,0.14130960288014266,0.14130960284442562,0.14130960272495205,0.14130960284442562,0.14130960288014266,0.1413096028881796,0.1413096028718539,0.14130960284442562,0.1413096028718539,0.1413096028881796,0.14130960289543548,0.1413096028881796,0.14130960288014266,0.1413096028881796,0.14130960289543548,0.14021174706374098,0.1402117470602987,0.1402117470554476,0.1402117470602987,0.14021174706374098,0.1402117470602987,0.1402117470502117,0.14021174702874378,0.1402117470502117,0.1402117470602987,0.1402117470554476,0.14021174702874378,0.14021174691507002,0.14021174702874378,0.1402117470554476,0.1402117470602987,0.1402117470502117,0.14021174702874378,0.1402117470502117,0.1402117470602987,0.14021174706374098,0.1402117470602987,0.1402117470554476,0.1402117470602987,0.14021174706374098,0.13913530751507658,0.1391353075202557,0.13913530752431255,0.1391353075202557,0.13913530751507658,0.1391353075202557,0.13913530752811246,0.13913530753461417,0.13913530752811246,0.1391353075202557,0.13913530752431255,0.13913530753461417,0.13913530754129108,0.13913530753461417,0.13913530752431255,0.1391353075202557,0.13913530752811246,0.13913530753461417,0.13913530752811246,0.1391353075202557,0.13913530751507658,0.1391353075202557,0.13913530752431255,0.1391353075202557,0.13913530751507658,0.13807980414809418,0.13807980416574608,0.13807980418351679,0.13807980416574608,0.13807980414809418,0.13807980416574608,0.13807980420152408,0.13807980425071298,0.13807980420152408,0.13807980416574608,0.13807980418351679,0.13807980425071298,0.13807980438961612,0.13807980425071298,0.13807980418351679,0.13807980416574608,0.13807980420152408,0.13807980425071298,0.13807980420152408,0.13807980416574608,0.13807980414809418,0.13807980416574608,0.13807980418351679,0.13807980416574608,0.13807980414809418,0.13704476633211132,0.13704476636178742,0.1370447663978285,0.13704476636178742,0.13704476633211132,0.13704476636178742,0.1370447664352159,0.1370447665828548,0.1370447664352159,0.13704476636178742,0.1370447663978285,0.1370447665828548,0.13704476740169827,0.1370447665828548,0.1370447663978285,0.13704476636178742,0.1370447664352159,0.1370447665828548,0.1370447664352159,0.13704476636178742,0.13704476633211132,0.13704476636178742,0.1370447663978285,0.13704476636178742,0.13704476633211132,0.1360297329476434,0.1360297329684142,0.1360297329887593,0.1360297329684142,0.1360297329476434,0.1360297329684142,0.1360297330091757,0.13602973306370733,0.1360297330091757,0.1360297329684142,0.1360297329887593,0.13602973306370733,0.13602973321506723,0.13602973306370733,0.1360297329887593,0.1360297329684142,0.1360297330091757,0.13602973306370733,0.1360297330091757,0.1360297329684142,0.1360297329476434,0.1360297329684142,0.1360297329887593,0.1360297329684142,0.1360297329476434,0.13503425243434236,0.1350342524473613,0.1350342524581115,0.1350342524473613,0.13503425243434236,0.1350342524473613,0.13503425246831532,0.13503425248909334,0.13503425246831532,0.1350342524473613,0.1350342524581115,0.13503425248909334,0.1350342525268803,0.13503425248909334,0.1350342524581115,0.1350342524473613,0.13503425246831532,0.13503425248909334,0.13503425246831532,0.1350342524473613,0.13503425243434236,0.1350342524473613,0.1350342524581115,0.1350342524473613,0.13503425243434236
0.16533248770059977,0.16533248770059977,0.16533248770059977,0.16533248770059977,0.16533248770059977,0.16533248770059977,0.16533248770059977,0.16533248770059977,0.16533248770059977,0.16533248770059977,0.16533248770059977,0.16533248770059977,0.16533248770059977,0.16533248770059977,0.16533248770059977,0.16533248770059977,0.16533248770059977,0.16533248770059977,0.16533248770059977,0.16533248770059977,0.16533248770059977,0.16533248770059977,0.16533248770059977,0.16533248770059977,0.16533248770059977,0.16375749398355482,0.16375749398355482,0.16375749398355482,0.16375749398355482,0.16375749398355482,0.16375749398355482,0.16375749398355482,0.16375749398355463,0.16375749398355482,0.16375749398355482,0.16375749398355482,0.16375749398355463,0.16375749398355463,0.16375749398355463,0.16375749398355482,0.16375749398355482,0.16375749398355482,0.16375749398355463,0.16375749398355482,0.16375749398355482,0.16375749398355482,0.16375749398355482,0.16375749398355482,0.16375749398355482,0.16375749398355482,0.1622138841984245,0.16221388419842428,0.16221388419842406,0.16221388419842428,0.1622138841984245,0.16221388419842428,0.16221388419842406,0.16221388419842406,0.16221388419842406,0.16221388419842428,0.16221388419842406,0.16221388419842406,0.16221388419842384,0.16221388419842406,0.16221388419842406,0.16221388419842428,0.16221388419842406,0.16221388419842406,0.16221388419842406,0.16221388419842428,0.1622138841984245,0.16221388419842428,0.16221388419842406,0.16221388419842428,0.1622138841984245,0.16070106730225012,0.1607010673022497,0.16070106730224948,0.1607010673022497,0.16070106730225012,0.1607010673022497,0.16070106730224926,0.16070106730224878,0.16070106730224926,0.1607010673022497,0.16070106730224948,0.16070106730224878,0.1607010673022486,0.16070106730224878,0.16070106730224948,0.1607010673022497,0.16070106730224926,0.16070106730224878,0.16070106730224926,0.1607010673022497,0.16070106730225012,0.1607010673022497,0.16070106730224948,0.1607010673022497,0.16070106730225012,0.15921845167001197,0.15921845167001025,0.15921845167000936,0.15921845167001025,0.15921845167001197,0.15921845167001025,0.1592184516700087,0.15921845167000762,0.1592184516700087,0.15921845167001025,0.15921845167000936,0.15921845167000762,0.15921845167000653,0.15921845167000762,0.15921845167000936,0.15921845167001025,0.1592184516700087,0.15921845167000762,0.1592184516700087,0.15921845167001025,0.15921845167001197,0.15921845167001025,0.15921845167000936,0.15921845167001025,0.15921845167001197,0.15776544644647877,0.1577654464464739,0.1577654464464709,0.1577654464464739,0.15776544644647877,0.1577654464464739,0.15776544644646875,0.1577654464464656,0.15776544644646875,0.1577654464464739,0.1577654464464709,0.1577654464464656,0.15776544644646215,0.1577654464464656,0.1577654464464709,0.1577654464464739,0.15776544644646875,0.1577654464464656,0.15776544644646875,0.1577654464464739,0.15776544644647877,0.1577654464464739,0.1577654464464709,0.1577654464464739,0.15776544644647877,0.15634146276053582,0.15634146276052097,0.15634146276051156,0.15634146276052097,0.15634146276053582,0.15634146276052097,0.15634146276050487,0.15634146276049463,0.15634146276050487,0.15634146276052097,0.15634146276051156,0.15634146276049463,0.15634146276048352,0.15634146276049463,0.15634146276051156,0.15634146276052097,0.15634146276050487,0.15634146276049463,0.15634146276050487,0.15634146276052097,0.15634146276053582,0.15634146276052097,0.15634146276051156,0.15634146276052097,0.15634146276053582,0.154945914812254,0.15494591481220932,0.15494591481218042,0.15494591481220932,0.154945914812254,0.15494591481220932,0.1549459148121591,0.1549459148121259,0.1549459148121591,0.15494591481220932,0.15494591481218042,0.1549459148121259,0.15494591481208922,0.1549459148121259,0.15494591481218042,0.15494591481220932,0.1549459148121591,0.1549459148121259,0.1549459148121591,0.15494591481220932,0.154945914812254,0.15494591481220932,0.15494591481218042,0.15494591481220932,0.154945914812254,0.15357822084242095,0.15357822084228961,0.15357822084220205,0.15357822084228961,0.15357822084242095,0.15357822084228961,0.15357822084213296,0.1535782208420247,0.15357822084213296,0.15357822084228961,0.15357822084220205,0.1535782208420247,0.15357822084189737,0.1535782208420247,0.15357822084220205,0.15357822084228961,0.15357822084213296,0.1535782208420247,0.15357822084213296,0.15357822084228961,0.15357822084242095,0.15357822084228961,0.15357822084220205,0.15357822084228961,0.15357822084242095,0.15223780399372164,0.1522378039933467,0.1522378039930851,0.1522378039933467,0.15223780399372164,0.1522378039933467,0.1522378039928656,0.1522378039925042,0.1522378039928656,0.1522378039933467,0.1522378039930851,0.1522378039925042,0.15223780399204517,0.1522378039925042,0.1522378039930851,0.1522378039933467,0.1522378039928656,0.1522378039925042,0.1522378039928656,0.1522378039933467,0.15223780399372164,0.1522378039933467,0.1522378039930851,0.1522378039933467,0.15223780399372164,0.1509240930722533,0.15092409307123505,0.15092409307047513,0.15092409307123505,0.1509240930722533,0.15092409307123505,0.1509240930697949,0.150924093068588,0.1509240930697949,0.15092409307123505,0.15092409307047513,0.150924093068588,0.15092409306682664,0.150924093068588,0.15092409307047513,0.15092409307123505,0.1509240930697949,0.150924093068588,0.1509240930697949,0.15092409307123505,0.1509240930722533,0.15092409307123505,0.15092409307047513,0.15092409307123505,0.1509240930722533,0.14963652321762055,0.14963652321506396,0.14963652321295434,0.14963652321506396,0.14963652321762055,0.14963652321506396,0.14963652321095783,0.14963652320686907,0.14963652321095783,0.14963652321506396,0.14963652321295434,0.14963652320686907,0.14963652319936888,0.14963652320686907,0.14963652321295434,0.14963652321506396,0.14963652321095783,0.14963652320686907,0.14963652321095783,0.14963652321506396,0.14963652321762055,0.14963652321506396,0.14963652321295434,0.14963652321506396,0.14963652321762055,0.14837453648940396,0.14837453648377902,0.14837453647844281,0.14837453648377902,0.14837453648940396,0.14837453648377902,0.14837453647314366,0.14837453645953214,0.14837453647314366,0.14837453648377902,0.14837453647844281,0.14837453645953214,0.1483745364234269,0.14837453645953214,0.14837453647844281,0.14837453648377902,0.14837453647314366,0.14837453645953214,0.14837453647314366,0.14837453648377902,0.14837453648940396,0.14837453648377902,0.14837453647844281,0.14837453648377902,0.14837453648940396,0.14713758237683366,0.14713758236715788,0.14713758235636365,0.14713758236715788,0.14713758237683366,0.14713758236715788,0.1471375823453287,0.14713758230607243,0.1471375823453287,0.14713758236715788,0.14713758235636365,0.14713758230607243,0.14713758210917416,0.14713758230607243,0.14713758235636365,0.14713758236715788,0.1471375823453287,0.14713758230607243,0.1471375823453287,0.14713758236715788,0.14713758237683366,0.14713758236715788,0.14713758235636365,0.14713758236715788,0.14713758237683366,0.14592511823552912,0.1459251182254585,0.14592511821507648,0.1459251182254585,0.14592511823552912,0.1459251182254585,0.14592511820458137,0.1459251181725049,0.14592511820458137,0.1459251182254585,0.14592511821507648,0.1459251181725049,0.1459251180457756,0.1459251181725049,0.14592511821507648,0.1459251182254585,0.14592511820458137,0.1459251181725049,0.14592511820458137,0.1459251182254585,0.14592511823552912,0.1459251182254585,0.14592511821507648,0.1459251182254585,0.14592511823552912,0.14473660965138166,0.14473660964198665,0.1447366096326549,0.14473660964198665,0.14473660965138166,0.14473660964198665,0.1447366096233114,0.14473660959594076,0.1447366096233114,0.14473660964198665,0.1447366096326549,0.14473660959594076,0.14473660949051598,0.14473660959594076,0.1447366096326549,0.14473660964198665,0.1447366096233114,0.14473660959594076,0.1447366096233114,0.14473660964198665,0.14473660965138166,0.14473660964198665,0.1447366096326549,0.14473660964198665,0.14473660965138166,0.14357153076057264,0.14357153075167153,0.14357153074281748,0.14357153075167153,0.14357153076057264,0.14357153075167153,0.14357153073395143,0.14357153070781375,0.14357153073395143,0.14357153075167153,0.14357153074281748,0.14357153070781375,0.14357153060578837,0.14357153070781375,0.14357153074281748,0.14357153075167153,0.14357153073395143,0.14357153070781375,0.14357153073395143,0.14357153075167153,0.14357153076057264,0.14357153075167153,0.14357153074281748,0.14357153075167153,0.14357153076057264,0.14242936451350852,0.14242936450496843,0.1424293644962014,0.14242936450496843,0.14242936451350852,0.14242936450496843,0.14242936448733687,0.14242936446029222,0.14242936448733687,0.14242936450496843,0.1424293644962014,0.14242936446029222,0.14242936435123796,0.14242936446029222,0.1424293644962014,0.14242936450496843,0.14242936448733687,0.14242936446029222,0.14242936448733687,0.14242936450496843,0.14242936451350852,0.14242936450496843,0.1424293644962014,0.14242936450496843,0.14242936451350852,0.14130960288760347,0.14130960288022767,0.14130960287207575,0.14130960288022767,0.14130960288760347,0.14130960288022767,0.14130960286367303,0.14130960283592353,0.14130960286367303,0.14130960288022767,0.14130960287207575,0.14130960283592353,0.14130960271526585,0.14130960283592353,0.14130960287207575,0.14130960288022767,0.14130960286367303,0.14130960283592353,0.14130960286367303,0.14130960288022767,0.14130960288760347,0.14130960288022767,0.14130960287207575,0.14130960288022767,0.14130960288760347,0.14021174705426076,0.1402117470507232,0.14021174704578884,0.1402117470507232,0.14021174705426076,0.1402117470507232,0.14021174704047332,0.14021174701880948,0.14021174704047332,0.1402117470507232,0.14021174704578884,0.14021174701880948,0.14021174690450555,0.14021174701880948,0.14021174704578884,0.1402117470507232,0.14021174704047332,0.14021174701880948,0.14021174704047332,0.1402117470507232,0.14021174705426076,0.1402117470507232,0.14021174704578884,0.1402117470507232,0.14021174705426076,0.13913530750411565,0.13913530750918313,0.13913530751314607,0.13913530750918313,0.13913530750411565,0.13913530750918313,0.13913530751685646,0.1391353075231702,0.13913530751685646,0.13913530750918313,0.13913530751314607,0.1391353075231702,0.13913530752948108,0.1391353075231702,0.13913530751314607,0.13913530750918313,0.13913530751685646,0.1391353075231702,0.13913530751685646,0.13913530750918313,0.13913530750411565,0.13913530750918313,0.13913530751314607,0.13913530750918313,0.13913530750411565,0.13807980413585552,0.13807980415331936,0.13807980417090682,0.13807980415331936,0.13807980413585552,0.13807980415331936,0.13807980418873067,0.1380798042374343,0.13807980418873067,0.13807980415331936,0.13807980417090682,0.1380798042374343,0.13807980437501058,0.1380798042374343,0.13807980417090682,0.13807980415331936,0.13807980418873067,0.1380798042374343,0.13807980418873067,0.13807980415331936,0.13807980413585552,0.13807980415331936,0.13807980417090682,0.13807980415331936,0.13807980413585552,0.13704476631895712,0.13704476634835286,0.13704476638405855,0.13704476634835286,0.13704476631895712,0.13704476634835286,0.13704476642109975,0.13704476656738582,0.13704476642109975,0.13704476634835286,0.13704476638405855,0.13704476656738582,0.13704476737877855,0.13704476656738582,0.13704476638405855,0.13704476634835286,0.13704476642109975,0.13704476656738582,0.13704476642109975,0.13704476634835286,0.13704476631895712,0.13704476634835286,0.13704476638405855,0.13704476634835286,0.13704476631895712,0.13602973293412987,0.13602973295470777,0.13602973297486542,0.13602973295470777,0.13602973293412987,0.13602973295470777,0.1360297329950941,0.13602973304912652,0.1360297329950941,0.13602973295470777,0.13602973297486542,0.13602973304912652,0.13602973319910658,0.13602973304912652,0.13602973297486542,0.13602973295470777,0.1360297329950941,0.13602973304912652,0.1360297329950941,0.13602973295470777,0.13602973293412987,0.13602973295470777,0.13602973297486542,0.13602973295470777,0.13602973293412987,0.13503425242085126,0.13503425243374995,0.13503425244440131,0.13503425243374995,0.13503425242085126,0.13503425243374995,0.1350342524545115,0.13503425247509918,0.13503425245451137,0.13503425243374995,0.13503425244440131,0.13503425247509918,0.13503425251254128,0.13503425247509918,0.13503425244440131,0.13503425243374995,0.13503425245451137,0.13503425247509918,0.1350342524545115,0.13503425243374995,0.13503425242085126,0.13503425243374995,0.13503425244440131,0.13503425243374995,0.13503425242085126
0.16533248770843054,0.16533248770843054,0.16533248770843054,0.16533248770843054,0.16533248770843054,0.16533248770843054,0.16533248770843054,0.16533248770843054,0.16533248770843054,0.16533248770843054,0.16533248770843054,0.16533248770843054,0.16533248770843054,0.16533248770843054,0.16533248770843054,0.16533248770843054,0.16533248770843054,0.16533248770843054,0.16533248770843054,0.16533248770843054,0.16533248770843054,0.16533248770843054,0.16533248770843054,0.16533248770843054,0.16533248770843054,0.16375749399123107,0.16375749399123107,0.16375749399123082,0.16375749399123107,0.16375749399123107,0.16375749399123107,0.16375749399123082,0.16375749399123082,0.16375749399123082,0.16375749399123107,0.16375749399123082,0.16375749399123082,0.16375749399123082,0.16375749399123082,0.16375749399123082,0.16375749399123107,0.16375749399123082,0.16375749399123082,0.16375749399123082,0.16375749399123107,0.16375749399123107,0.16375749399123107,0.16375749399123082,0.16375749399123107,0.16375749399123107,0.16221388420594995,0.16221388420594973,0.16221388420594973,0.16221388420594973,0.16221388420594995,0.16221388420594973,0.16221388420594973,0.16221388420594948,0.16221388420594973,0.16221388420594973,0.16221388420594973,0.16221388420594948,0.16221388420594948,0.16221388420594948,0.16221388420594973,0.16221388420594973,0.16221388420594973,0.16221388420594948,0.16221388420594973,0.16221388420594973,0.16221388420594995,0.16221388420594973,0.16221388420594973,0.16221388420594973,0.16221388420594995,0.16070106730962916,0.16070106730962874,0.1607010673096283,0.16070106730962874,0.16070106730962916,0.16070106730962874,0.16070106730962808,0.16070106730962783,0.16070106730962808,0.16070106730962874,0.1607010673096283,0.16070106730962783,0.1607010673096276,0.16070106730962783,0.1607010673096283,0.16070106730962874,0.16070106730962808,0.16070106730962783,0.16070106730962808,0.16070106730962874,0.16070106730962916,0.16070106730962874,0.1607010673096283,0.16070106730962874,0.16070106730962916,0.159218451677248,0.1592184516772465,0.1592184516772456,0.1592184516772465,0.159218451677248,0.1592184516772465,0.15921845167724497,0.1592184516772441,0.15921845167724497,0.1592184516772465,0.1592184516772456,0.1592184516772441,0.15921845167724324,0.1592184516772441,0.1592184516772456,0.1592184516772465,0.15921845167724497,0.1592184516772441,0.15921845167724497,0.1592184516772465,0.159218451677248,0.1592184516772465,0.1592184516772456,0.1592184516772465,0.159218451677248,0.15776544645357585,0.15776544645357135,0.1577654464535686,0.15776544645357135,0.15776544645357585,0.15776544645357135,0.15776544645356666,0.1577654464535637,0.15776544645356666,0.15776544645357135,0.1577654464535686,0.1577654464535637,0.1577654464535605,0.1577654464535637,0.1577654464535686,0.15776544645357135,0.15776544645356666,0.1577654464535637,0.15776544645356666,0.15776544645357135,0.15776544645357585,0.15776544645357135,0.1577654464535686,0.15776544645357135,0.15776544645357585,0.15634146276749739,0.1563414627674836,0.1563414627674748,0.1563414627674836,0.15634146276749739,0.1563414627674836,0.15634146276746874,0.1563414627674591,0.15634146276746874,0.1563414627674836,0.1563414627674748,0.1563414627674591,0.1563414627674491,0.1563414627674591,0.1563414627674748,0.1563414627674836,0.15634146276746874,0.1563414627674591,0.15634146276746874,0.1563414627674836,0.15634146276749739,0.1563414627674836,0.1563414627674748,0.1563414627674836,0.15634146276749739,0.1549459148190813,0.1549459148190401,0.15494591481901326,0.1549459148190401,0.1549459148190813,0.1549459148190401,0.1549459148189934,0.15494591481896286,0.1549459148189934,0.1549459148190401,0.15494591481901326,0.15494591481896286,0.15494591481892905,0.15494591481896286,0.15494591481901326,0.1549459148190401,0.1549459148189934,0.15494591481896286,0.1549459148189934,0.1549459148190401,0.1549459148190813,0.1549459148190401,0.15494591481901326,0.1549459148190401,0.1549459148190813,0.15357822084911124,0.15357822084898953,0.1535782208489084,0.15357822084898953,0.15357822084911124,0.15357822084898953,0.1535782208488445,0.15357822084874448,0.1535782208488445,0.15357822084898953,0.1535782208489084,0.15357822084874448,0.15357822084862743,0.15357822084874448,0.1535782208489084,0.15357822084898953,0.1535782208488445,0.15357822084874448,0.1535782208488445,0.15357822084898953,0.15357822084911124,0.15357822084898953,0.1535782208489084,0.15357822084898953,0.15357822084911124,0.15223780400025888,0.15223780399991088,0.1522378039996682,0.15223780399991088,0.15223780400025888,0.15223780399991088,0.15223780399946524,0.15223780399913137,0.15223780399946524,0.15223780399991088,0.1522378039996682,0.15223780399913137,0.1522378039987076,0.15223780399913137,0.1522378039996682,0.15223780399991088,0.15223780399946524,0.15223780399913137,0.15223780399946524,0.15223780399991088,0.15223780400025888,0.15223780399991088,0.1522378039996682,0.15223780399991088,0.15223780400025888,0.15092409307858515,0.1509240930776379,0.1509240930769324,0.1509240930776379,0.15092409307858515,0.1509240930776379,0.1509240930763029,0.15092409307518703,0.1509240930763029,0.1509240930776379,0.1509240930769324,0.15092409307518703,0.15092409307356494,0.15092409307518703,0.1509240930769324,0.1509240930776379,0.1509240930763029,0.15092409307518703,0.1509240930763029,0.1509240930776379,0.15092409307858515,0.1509240930776379,0.1509240930769324,0.1509240930776379,0.15092409307858515,0.14963652322360205,0.14963652322121657,0.14963652321925536,0.14963652322121657,0.14963652322360205,0.14963652322121657,0.1496365232174033,0.14963652321362597,0.1496365232174033,0.14963652322121657,0.14963652321925536,0.14963652321362597,0.14963652320673557,0.14963652321362597,0.14963652321925536,0.14963652322121657,0.1496365232174033,0.14963652321362597,0.1496365232174033,0.14963652322121657,0.14963652322360205,0.14963652322121657,0.14963652321925536,0.14963652322121657,0.14963652322360205,0.14837453649468013,0.14837453648940305,0.14837453648442617,0.14837453648940305,0.14837453649468013,0.14837453648940305,0.14837453647949347,0.14837453646691456,0.14837453647949347,0.14837453648940305,0.14837453648442617,0.14837453646691456,0.14837453643382742,0.14837453646691456,0.14837453648442617,0.14837453648940305,0.14837453647949347,0.14837453646691456,0.14837453647949347,0.14837453648940305,0.14837453649468013,0.14837453648940305,0.14837453648442617,0.14837453648940305,0.14837453649468013,0.14713758238067898,0.14713758237148694,0.14713758236132524,0.14713758237148694,0.14713758238067898,0.14713758237148694,0.14713758235095334,0.14713758231453256,0.14713758235095334,0.14713758237148694,0.14713758236132524,0.14713758231453256,0.14713758213440906,0.14713758231453256,0.14713758236132524,0.14713758237148694,0.14713758235095334,0.14713758231453256,0.14713758235095334,0.14713758237148694,0.14713758238067898,0.14713758237148694,0.14713758236132524,0.14713758237148694,0.14713758238067898,0.1459251182369253,0.14592511822698362,0.14592511821669454,0.14592511822698362,0.1459251182369253,0.14592511822698362,0.14592511820628884,0.1459251181741789,0.14592511820628884,0.14592511822698362,0.14592511821669454,0.1459251181741789,0.145925118044977,0.1459251181741789,0.14592511821669454,0.14592511822698362,0.14592511820628884,0.1459251181741789,0.14592511820628884,0.14592511822698362,0.1459251182369253,0.14592511822698362,0.14592511821669454,0.14592511822698362,0.1459251182369253,0.14473660965002888,0.14473660964051904,0.1447366096310195,0.14473660964051904,0.14473660965002888,0.14473660964051904,0.14473660962149504,0.14473660959335324,0.14473660962149504,0.14473660964051904,0.1447366096310195,0.14473660959335324,0.1447366094838728,0.14473660959335324,0.1447366096310195,0.14473660964051904,0.14473660962149504,0.14473660959335324,0.14473660962149504,0.14473660964051904,0.14473660965002888,0.14473660964051904,0.1447366096310195,0.14473660964051904,0.14473660965002888,0.1435715307566699,0.1435715307475847,0.14357153073852066,0.1435715307475847,0.1435715307566699,0.1435715307475847,0.1435715307294361,0.14357153070256368,0.1435715307294361,0.1435715307475847,0.14357153073852066,0.14357153070256368,0.1435715305973691,0.14357153070256368,0.14357153073852066,0.1435715307475847,0.1435715307294361,0.14357153070256368,0.1435715307294361,0.1435715307475847,0.1435715307566699,0.1435715307475847,0.14357153073852066,0.1435715307475847,0.1435715307566699,0.14242936450739882,0.14242936449869367,0.142429364489755,0.14242936449869367,0.14242936450739882,0.14242936449869367,0.14242936448071652,0.14242936445313928,0.14242936448071652,0.14242936449869367,0.142429364489755,0.14242936445313928,0.14242936434195091,0.14242936445313928,0.142429364489755,0.14242936449869367,0.14242936448071652,0.14242936445313928,0.14242936448071652,0.14242936449869367,0.14242936450739882,0.14242936449869367,0.142429364489755,0.14242936449869367,0.14242936450739882,0.14130960287959415,0.14130960287209415,0.14130960286382252,0.14130960287209415,0.14130960287959415,0.14130960287209415,0.14130960285530156,0.14130960282721705,0.14130960285530156,0.14130960287209415,0.14130960286382252,0.14130960282721705,0.1413096027052928,0.14130960282721705,0.14130960286382252,0.14130960287209415,0.14130960285530156,0.14130960282721705,0.14130960285530156,0.14130960287209415,0.14130960287959415,0.14130960287209415,0.14130960286382252,0.14130960287209415,0.14130960287959415,0.1402117470445772,0.14021174704094097,0.14021174703592001,0.14021174704094097,0.1402117470445772,0.14021174704094097,0.14021174703052128,0.14021174700865105,0.14021174703052128,0.14021174704094097,0.14021174703592001,0.14021174700865105,0.14021174689369598,0.14021174700865105,0.14021174703592001,0.14021174704094097,0.14021174703052128,0.14021174700865105,0.14021174703052128,0.14021174704094097,0.1402117470445772,0.14021174704094097,0.14021174703592001,0.14021174704094097,0.1402117470445772,0.13913530749293254,0.13913530749788572,0.13913530750175251,0.13913530749788572,0.13913530749293254,0.13913530749788572,0.1391353075053712,0.1391353075114922,0.1391353075053712,0.13913530749788572,0.13913530750175251,0.1391353075114922,0.13913530751742598,0.1391353075114922,0.13913530750175251,0.13913530749788572,0.1391353075053712,0.1391353075114922,0.1391353075053712,0.13913530749788572,0.13913530749293254,0.13913530749788572,0.13913530750175251,0.13913530749788572,0.13913530749293254,0.13807980412338058,0.13807980414065357,0.13807980415805543,0.13807980414065357,0.13807980412338058,0.13807980414065357,0.1380798041756931,0.13807980422390553,0.1380798041756931,0.13807980414065357,0.13807980415805543,0.13807980422390553,0.13807980436013886,0.13807980422390553,0.13807980415805543,0.13807980414065357,0.1380798041756931,0.13807980422390553,0.1380798041756931,0.13807980414065357,0.13807980412338058,0.13807980414065357,0.13807980415805543,0.13807980414065357,0.13807980412338058,0.13704476630555756,0.1370447663346694,0.1370447663700362,0.13704476633466955,0.13704476630555756,0.1370447663346694,0.13704476640672694,0.1370447665516451,0.13704476640672694,0.13704476633466955,0.1370447663700362,0.1370447665516451,0.1370447673554982,0.1370447665516451,0.1370447663700362,0.13704476633466955,0.13704476640672694,0.1370447665516451,0.13704476640672694,0.13704476633466955,0.13704476630555756,0.13704476633466955,0.1370447663700362,0.13704476633466955,0.13704476630555756,0.13602973292036843,0.1360297329407514,0.13602973296071927,0.1360297329407514,0.13602973292036843,0.1360297329407514,0.13602973298075796,0.13602973303428567,0.13602973298075796,0.1360297329407514,0.13602973296071927,0.13602973303428567,0.1360297331828707,0.13602973303428567,0.13602973296071927,0.1360297329407514,0.13602973298075796,0.13602973303428567,0.13602973298075796,0.1360297329407514,0.13602973292036843,0.1360297329407514,0.13602973296071927,0.1360297329407514,0.13602973292036843,0.1350342524071143,0.13503425241989148,0.13503425243044276,0.13503425241989148,0.1350342524071143,0.13503425241989148,0.13503425244045825,0.1350342524608536,0.13503425244045825,0.13503425241989148,0.13503425243044276,0.1350342524608536,0.13503425249794682,0.1350342524608536,0.13503425243044276,0.13503425241989148,0.13503425244045825,0.1350342524608536,0.13503425244045825,0.13503425241989148,0.1350342524071143,0.13503425241989148,0.13503425243044276,0.13503425241989148,0.1350342524071143
0.1653324877164178,0.1653324877164178,0.1653324877164178,0.1653324877164178,0.1653324877164178,0.1653324877164178,0.1653324877164178,0.1653324877164178,0.1653324877164178,0.1653324877164178,0.1653324877164178,0.1653324877164178,0.1653324877164178,0.1653324877164178,0.1653324877164178,0.1653324877164178,0.1653324877164178,0.1653324877164178,0.1653324877164178,0.1653324877164178,0.1653324877164178,0.1653324877164178,0.1653324877164178,0.1653324877164178,0.1653324877164178,0.16375749399906042,0.16375749399906042,0.16375749399906042,0.16375749399906042,0.16375749399906042,0.16375749399906042,0.16375749399906042,0.16375749399906042,0.16375749399906042,0.16375749399906042,0.16375749399906042,0.16375749399906042,0.1637574939990602,0.16375749399906042,0.16375749399906042,0.16375749399906042,0.16375749399906042,0.16375749399906042,0.16375749399906042,0.16375749399906042,0.16375749399906042,0.16375749399906042,0.16375749399906042,0.16375749399906042,0.16375749399906042,0.16221388421362568,0.16221388421362545,0.16221388421362545,0.16221388421362545,0.16221388421362568,0.16221388421362545,0.16221388421362545,0.1622138842136252,0.16221388421362545,0.16221388421362545,0.16221388421362545,0.1622138842136252,0.1622138842136252,0.1622138842136252,0.16221388421362545,0.16221388421362545,0.16221388421362545,0.1622138842136252,0.16221388421362545,0.16221388421362545,0.16221388421362568,0.16221388421362545,0.16221388421362545,0.16221388421362545,0.16221388421362568,0.16070106731715506,0.1607010673171546,0.1607010673171544,0.1607010673171546,0.16070106731715506,0.1607010673171546,0.16070106731715414,0.16070106731715394,0.16070106731715414,0.1607010673171546,0.1607010673171544,0.16070106731715394,0.16070106731715372,0.16070106731715394,0.1607010673171544,0.1607010673171546,0.16070106731715414,0.16070106731715394,0.16070106731715414,0.1607010673171546,0.16070106731715506,0.1607010673171546,0.1607010673171544,0.1607010673171546,0.16070106731715506,0.1592184516846284,0.15921845168462687,0.15921845168462623,0.15921845168462687,0.1592184516846284,0.15921845168462687,0.15921845168462556,0.15921845168462467,0.15921845168462556,0.15921845168462687,0.15921845168462623,0.15921845168462467,0.1592184516846238,0.15921845168462467,0.15921845168462623,0.15921845168462687,0.15921845168462556,0.15921845168462467,0.15921845168462556,0.15921845168462687,0.1592184516846284,0.15921845168462687,0.15921845168462623,0.15921845168462687,0.1592184516846284,0.15776544646081417,0.1577654464608101,0.15776544646080753,0.1577654464608101,0.15776544646081417,0.1577654464608101,0.15776544646080584,0.15776544646080307,0.15776544646080584,0.1577654464608101,0.15776544646080753,0.15776544646080307,0.15776544646080004,0.15776544646080307,0.15776544646080753,0.1577654464608101,0.15776544646080584,0.15776544646080307,0.15776544646080584,0.1577654464608101,0.15776544646081417,0.1577654464608101,0.15776544646080753,0.1577654464608101,0.15776544646081417,0.15634146277459698,0.15634146277458444,0.1563414627745765,0.15634146277458444,0.15634146277459698,0.15634146277458444,0.15634146277457084,0.15634146277456207,0.15634146277457084,0.15634146277458444,0.1563414627745765,0.15634146277456207,0.15634146277455263,0.15634146277456207,0.1563414627745765,0.15634146277458444,0.15634146277457084,0.15634146277456207,0.15634146277457084,0.15634146277458444,0.15634146277459698,0.15634146277458444,0.1563414627745765,0.15634146277458444,0.15634146277459698,0.15494591482604408,0.15494591482600617,0.15494591482598158,0.15494591482600617,0.15494591482604408,0.15494591482600617,0.15494591482596334,0.15494591482593528,0.15494591482596334,0.15494591482600617,0.15494591482598158,0.15494591482593528,0.1549459148259043,0.15494591482593528,0.15494591482598158,0.15494591482600617,0.15494591482596334,0.15494591482593528,0.15494591482596334,0.15494591482600617,0.15494591482604408,0.15494591482600617,0.15494591482598158,0.15494591482600617,0.15494591482604408,0.15357822085593387,0.1535782208558218,0.15357822085574732,0.1535782208558218,0.15357822085593387,0.1535782208558218,0.15357822085568887,0.15357822085559727,0.15357822085568887,0.1535782208558218,0.15357822085574732,0.15357822085559727,0.15357822085549042,0.15357822085559727,0.15357822085574732,0.1535782208558218,0.15357822085568887,0.15357822085559727,0.15357822085568887,0.1535782208558218,0.15357822085593387,0.1535782208558218,0.15357822085574732,0.1535782208558218,0.15357822085593387,0.15223780400692505,0.15223780400660422,0.15223780400638118,0.15223780400660422,0.15223780400692505,0.15223780400660422,0.15223780400619497,0.15223780400588946,0.15223780400619497,0.15223780400660422,0.15223780400638118,0.15223780400588946,0.15223780400550188,0.15223780400588946,0.15223780400638118,0.15223780400660422,0.15223780400619497,0.15223780400588946,0.15223780400619497,0.15223780400660422,0.15223780400692505,0.15223780400660422,0.15223780400638118,0.15223780400660422,0.15223780400692505,0.15092409308504098,0.1509240930841665,0.15092409308351673,0.1509240930841665,0.15092409308504098,0.1509240930841665,0.15092409308293894,0.15092409308191607,0.15092409308293894,0.1509240930841665,0.15092409308351673,0.15092409308191607,0.15092409308043636,0.15092409308191607,0.15092409308351673,0.1509240930841665,0.15092409308293894,0.15092409308191607,0.15092409308293894,0.1509240930841665,0.15092409308504098,0.1509240930841665,0.15092409308351673,0.1509240930841665,0.1509240930850412,0.1496365232296998,0.14963652322748922,0.14963652322567988,0.14963652322748922,0.1496365232296998,0.14963652322748922,0.1496365232239751,0.1496365232205162,0.1496365232239751,0.14963652322748922,0.14963652322567988,0.1496365232205162,0.14963652321424883,0.1496365232205162,0.14963652322567988,0.14963652322748922,0.1496365232239751,0.1496365232205162,0.1496365232239751,0.14963652322748922,0.1496365232296998,0.14963652322748922,0.14963652322567988,0.14963652322748922,0.1496365232296998,0.14837453650005747,0.14837453649513546,0.14837453649052576,0.14837453649513546,0.14837453650005747,0.14837453649513546,0.14837453648596757,0.1483745364744436,0.14837453648596757,0.14837453649513546,0.14837453649052576,0.1483745364744436,0.14837453644444035,0.1483745364744436,0.14837453649052576,0.14837453649513546,0.14837453648596757,0.1483745364744436,0.14837453648596757,0.14837453649513546,0.14837453650005747,0.14837453649513546,0.14837453649052576,0.14837453649513546,0.14837453650005747,0.14713758238459407,0.14713758237589614,0.14713758236638055,0.14713758237589614,0.14713758238459407,0.14713758237589614,0.14713758235668628,0.14713758232316237,0.14713758235668628,0.14713758237589614,0.14713758236638055,0.14713758232316237,0.14713758216017694,0.14713758232316237,0.14713758236638055,0.14713758237589614,0.14713758235668628,0.14713758232316237,0.14713758235668628,0.14713758237589614,0.14713758238459407,0.14713758237589614,0.14713758236638055,0.14713758237589614,0.14713758238459407,0.1459251182383379,0.1459251182285278,0.14592511821833362,0.1459251182285278,0.1459251182383379,0.1459251182285278,0.1459251182080189,0.14592511817587445,0.1459251182080189,0.1459251182285278,0.14592511821833362,0.14592511817587445,0.14592511804412192,0.14592511817587445,0.14592511821833362,0.1459251182285278,0.1459251182080189,0.14592511817587445,0.1459251182080189,0.1459251182285278,0.1459251182383379,0.1459251182285278,0.14592511821833362,0.1459251182285278,0.1459251182383379,0.14473660964863333,0.14473660963900553,0.14473660962933407,0.14473660963900553,0.14473660964863333,0.14473660963900553,0.14473660961962403,0.1447366095906924,0.14473660961962403,0.14473660963900553,0.14473660962933407,0.1447366095906924,0.1447366094770088,0.1447366095906924,0.14473660962933407,0.14473660963900553,0.14473660961962403,0.1447366095906924,0.14473660961962403,0.14473660963900553,0.14473660964863333,0.14473660963900553,0.14473660962933407,0.14473660963900553,0.14473660964863333,0.14357153075267048,0.14357153074339635,0.14357153073411658,0.14357153074339635,0.14357153075267048,0.14357153074339635,0.14357153072480786,0.14357153069718115,0.14357153072480786,0.14357153074339635,0.14357153073411658,0.14357153069718115,0.14357153058870872,0.14357153069718115,0.14357153073411658,0.14357153074339635,0.14357153072480786,0.14357153069718115,0.14357153072480786,0.14357153074339635,0.14357153075267048,0.14357153074339635,0.14357153073411658,0.14357153074339635,0.14357153075267048,0.14242936450114874,0.14242936449227314,0.142429364483158,0.14242936449227314,0.14242936450114874,0.14242936449227314,0.1424293644739402,0.14242936444581356,0.14242936447394,0.14242936449227314,0.142429364483158,0.14242936444581356,0.14242936433243064,0.14242936444581356,0.142429364483158,0.14242936449227314,0.14242936447394,0.14242936444581356,0.14242936447394,0.14242936449227314,0.14242936450114874,0.14242936449227314,0.142429364483158,0.14242936449227314,0.14242936450114874,0.14130960287141048,0.14130960286378175,0.1413096028553861,0.14130960286378175,0.14130960287141048,0.14130960286378175,0.1413096028467421,0.1413096028183091,0.1413096028467421,0.14130960286378175,0.1413096028553861,0.1413096028183091,0.14130960269509574,0.1413096028183091,0.1413096028553861,0.14130960286378175,0.1413096028467421,0.1413096028183091,0.1413096028467421,0.14130960286378175,0.14130960287141048,0.14130960286378175,0.1413096028553861,0.14130960286378175,0.14130960287141048,0.1402117470346937,0.1402117470309552,0.14021174702584413,0.1402117470309552,0.1402117470346937,0.1402117470309552,0.14021174702035896,0.14021174699827182,0.14021174702035896,0.1402117470309552,0.14021174702584413,0.14021174699827182,0.1402117468826082,0.14021174699827182,0.14021174702584413,0.1402117470309552,0.14021174702035896,0.14021174699827182,0.14021174702035896,0.1402117470309552,0.1402117470346937,0.1402117470309552,0.14021174702584413,0.1402117470309552,0.1402117470346937,0.13913530748153063,0.13913530748636696,0.1391353074901354,0.13913530748636696,0.13913530748153063,0.13913530748636696,0.13913530749366002,0.13913530749958353,0.13913530749366002,0.13913530748636696,0.1391353074901354,0.13913530749958353,0.1391353075051293,0.13913530749958353,0.1391353074901354,0.13913530748636696,0.13913530749366002,0.13913530749958353,0.13913530749366002,0.13913530748636696,0.13913530748153063,0.13913530748636696,0.1391353074901354,0.13913530748636696,0.13913530748153063,0.1380798041106726,0.13807980412775228,0.1380798041449659,0.13807980412775228,0.1380798041106726,0.13807980412775228,0.1380798041624152,0.13807980421013027,0.1380798041624152,0.13807980412775228,0.1380798041449659,0.13807980421013027,0.13807980434500466,0.13807980421013027,0.1380798041449659,0.13807980412775228,0.1380798041624152,0.13807980421013027,0.1380798041624152,0.13807980412775228,0.1380798041106726,0.13807980412775228,0.1380798041449659,0.13807980412775228,0.1380798041106726,0.1370447662919159,0.137044766320741,0.13704476635576465,0.137044766320741,0.1370447662919159,0.137044766320741,0.1370447663921013,0.13704476653563635,0.1370447663921013,0.137044766320741,0.13704476635576465,0.13704476653563635,0.13704476733185975,0.13704476653563635,0.13704476635576465,0.137044766320741,0.1370447663921013,0.13704476653563635,0.1370447663921013,0.137044766320741,0.1370447662919159,0.137044766320741,0.13704476635576465,0.137044766320741,0.1370447662919159,0.13602973290636286,0.13602973292654857,0.13602973294632453,0.13602973292654857,0.13602973290636286,0.13602973292654857,0.13602973296617135,0.13602973301918878,0.13602973296617135,0.13602973292654857,0.13602973294632453,0.13602973301918878,0.13602973316636344,0.13602973301918878,0.13602973294632453,0.13602973292654857,0.13602973296617135,0.13602973301918878,0.13602973296617135,0.13602973292654857,0.13602973290636286,0.13602973292654857,0.13602973294632453,0.13602973292654857,0.13602973290636286,0.13503425239313505,0.1350342524057894,0.13503425241623962,0.1350342524057894,0.13503425239313505,0.1350342524057894,0.1350342524261593,0.13503425244636016,0.1350342524261593,0.1350342524057894,0.13503425241623962,0.13503425244636016,0.1350342524831006,0.13503425244636016,0.13503425241623962,0.1350342524057894,0.1350342524261593,0.13503425244636016,0.1350342524261593,0.1350342524057894,0.13503425239313505,0.1350342524057894,0.13503425241623962,0.1350342524057894,0.13503425239313505
0.16533248772455886,0.16533248772455886,0.16533248772455886,0.16533248772455886,0.16533248772455886,0.16533248772455886,0.16533248772455886,0.16533248772455886,0.16533248772455886,0.16533248772455886,0.16533248772455886,0.16533248772455886,0.16533248772455886,0.16533248772455886,0.16533248772455886,0.16533248772455886,0.16533248772455886,0.16533248772455886,0.16533248772455886,0.16533248772455886,0.16533248772455886,0.16533248772455886,0.16533248772455886,0.16533248772455886,0.16533248772455886,0.1637574940070408,0.1637574940070408,0.1637574940070408,0.1637574940070408,0.1637574940070408,0.1637574940070408,0.1637574940070408,0.1637574940070408,0.1637574940070408,0.1637574940070408,0.1637574940070408,0.1637574940070408,0.16375749400704057,0.1637574940070408,0.1637574940070408,0.1637574940070408,0.1637574940070408,0.1637574940070408,0.1637574940070408,0.1637574940070408,0.1637574940070408,0.1637574940070408,0.1637574940070408,0.1637574940070408,0.1637574940070408,0.1622138842214492,0.1622138842214492,0.16221388422144897,0.1622138842214492,0.1622138842214492,0.1622138842214492,0.16221388422144897,0.16221388422144897,0.16221388422144897,0.1622138842214492,0.16221388422144897,0.16221388422144897,0.16221388422144875,0.16221388422144897,0.16221388422144897,0.1622138842214492,0.16221388422144897,0.16221388422144897,0.16221388422144897,0.1622138842214492,0.1622138842214492,0.1622138842214492,0.16221388422144897,0.1622138842214492,0.1622138842214492,0.160701067324826,0.16070106732482553,0.1607010673248253,0.16070106732482553,0.160701067324826,0.16070106732482553,0.1607010673248251,0.16070106732482486,0.1607010673248251,0.16070106732482553,0.1607010673248253,0.16070106732482486,0.16070106732482467,0.16070106732482486,0.1607010673248253,0.16070106732482553,0.1607010673248251,0.16070106732482486,0.1607010673248251,0.16070106732482553,0.160701067324826,0.16070106732482553,0.1607010673248253,0.16070106732482553,0.160701067324826,0.15921845169215051,0.1592184516921492,0.15921845169214854,0.1592184516921492,0.15921845169215051,0.1592184516921492,0.1592184516921479,0.15921845169214724,0.1592184516921479,0.1592184516921492,0.15921845169214854,0.15921845169214724,0.15921845169214638,0.15921845169214724,0.15921845169214854,0.1592184516921492,0.1592184516921479,0.15921845169214724,0.1592184516921479,0.1592184516921492,0.15921845169215051,0.1592184516921492,0.15921845169214854,0.1592184516921492,0.15921845169215051,0.15776544646819157,0.15776544646818774,0.15776544646818538,0.15776544646818774,0.15776544646819157,0.15776544646818774,0.1577654464681839,0.15776544646818133,0.1577654464681839,0.15776544646818774,0.15776544646818538,0.15776544646818133,0.15776544646817878,0.15776544646818133,0.15776544646818538,0.15776544646818774,0.1577654464681839,0.15776544646818133,0.1577654464681839,0.15776544646818774,0.15776544646819157,0.15776544646818774,0.15776544646818538,0.15776544646818774,0.15776544646819157,0.15634146278183292,0.1563414627818214,0.1563414627818141,0.1563414627818214,0.15634146278183292,0.1563414627818214,0.15634146278180888,0.15634146278180094,0.15634146278180888,0.1563414627818214,0.1563414627818141,0.15634146278180094,0.15634146278179256,0.15634146278180094,0.1563414627818141,0.1563414627818214,0.15634146278180888,0.15634146278180094,0.15634146278180888,0.1563414627818214,0.15634146278183292,0.1563414627818214,0.1563414627818141,0.1563414627818214,0.15634146278183292,0.15494591483314002,0.1549459148331054,0.1549459148330831,0.1549459148331054,0.15494591483313985,0.1549459148331054,0.1549459148330667,0.15494591483304107,0.1549459148330667,0.1549459148331054,0.1549459148330831,0.15494591483304107,0.1549459148330132,0.15494591483304107,0.1549459148330831,0.1549459148331054,0.1549459148330667,0.15494591483304107,0.1549459148330667,0.1549459148331054,0.15494591483313985,0.1549459148331054,0.1549459148330831,0.1549459148331054,0.15494591483314002,0.1535782208628869,0.15357822086278464,0.15357822086271694,0.15357822086278464,0.1535782208628869,0.15357822086278464,0.15357822086266396,0.1535782208625808,0.15357822086266396,0.15357822086278464,0.15357822086271694,0.1535782208625808,0.15357822086248457,0.1535782208625808,0.15357822086271694,0.15357822086278464,0.15357822086266396,0.1535782208625808,0.15357822086266396,0.15357822086278464,0.1535782208628869,0.15357822086278464,0.15357822086271694,0.15357822086278464,0.1535782208628869,0.15223780401371798,0.15223780401342507,0.15223780401322196,0.15223780401342507,0.15223780401371798,0.15223780401342507,0.15223780401305284,0.15223780401277612,0.15223780401305284,0.15223780401342507,0.15223780401322196,0.15223780401277612,0.1522378040124255,0.15223780401277612,0.15223780401322196,0.15223780401342507,0.15223780401305284,0.15223780401277612,0.15223780401305306,0.15223780401342507,0.15223780401371798,0.15223780401342507,0.15223780401322196,0.15223780401342507,0.15223780401371798,0.15092409309161936,0.15092409309081875,0.1509240930902261,0.15092409309081875,0.15092409309161936,0.15092409309081875,0.15092409308970098,0.15092409308877322,0.15092409308970098,0.15092409309081875,0.1509240930902261,0.15092409308877322,0.1509240930874388,0.15092409308877322,0.1509240930902261,0.15092409309081875,0.15092409308970098,0.15092409308877322,0.15092409308970098,0.15092409309081875,0.15092409309161936,0.15092409309081875,0.1509240930902261,0.15092409309081875,0.15092409309161936,0.14963652323591234,0.14963652323388024,0.14963652323222598,0.14963652323388024,0.14963652323591234,0.14963652323388024,0.1496365232306715,0.14963652322753762,0.1496365232306715,0.14963652323388024,0.14963652323222598,0.14963652322753762,0.14963652322190635,0.14963652322753762,0.14963652323222598,0.14963652323388024,0.1496365232306715,0.14963652322753762,0.1496365232306715,0.14963652323388024,0.14963652323591234,0.14963652323388024,0.14963652323222598,0.14963652323388024,0.14963652323591234,0.14837453650553398,0.14837453650097485,0.14837453649674007,0.14837453650097485,0.14837453650553398,0.14837453650097485,0.14837453649256402,0.14837453648211715,0.14837453649256402,0.14837453650097485,0.14837453649674007,0.14837453648211715,0.14837453645526213,0.14837453648211715,0.1483745364967399,0.14837453650097485,0.14837453649256402,0.14837453648211715,0.14837453649256402,0.14837453650097485,0.14837453650553398,0.14837453650097485,0.1483745364967399,0.14837453650097485,0.14837453650553398,0.1471375823885776,0.14713758238038432,0.14713758237152838,0.14713758238038432,0.1471375823885776,0.14713758238038432,0.14713758236252583,0.14713758233195948,0.14713758236252583,0.14713758238038432,0.14713758237152838,0.14713758233195948,0.14713758218646816,0.14713758233195948,0.14713758237152838,0.14713758238038432,0.14713758236252583,0.14713758233195948,0.14713758236252583,0.14713758238038432,0.1471375823885776,0.14713758238038432,0.14713758237152838,0.14713758238038432,0.1471375823885776,0.14592511823976667,0.14592511823009086,0.14592511821999338,0.14592511823009086,0.14592511823976667,0.14592511823009086,0.14592511820977142,0.14592511817759166,0.14592511820977142,0.14592511823009086,0.14592511821999338,0.14592511817759166,0.14592511804323588,0.14592511817759166,0.14592511821999338,0.14592511823009086,0.14592511820977142,0.14592511817759166,0.14592511820977142,0.14592511823009086,0.14592511823976667,0.14592511823009086,0.14592511821999338,0.14592511823009086,0.14592511823976667,0.1447366096471956,0.14473660963744678,0.14473660962759904,0.14473660963744678,0.1447366096471956,0.14473660963744678,0.14473660961769927,0.14473660958795964,0.14473660961769927,0.14473660963744678,0.14473660962759904,0.14473660958795964,0.14473660947003272,0.14473660958795964,0.14473660962759904,0.14473660963744678,0.14473660961769927,0.14473660958795964,0.14473660961769927,0.14473660963744678,0.1447366096471956,0.14473660963744678,0.14473660962759904,0.14473660963744678,0.1447366096471956,0.1435715307485761,0.14357153073910772,0.1435715307296067,0.14357153073910772,0.1435715307485761,0.14357153073910772,0.14357153072006817,0.14357153069166823,0.14357153072006817,0.14357153073910772,0.1435715307296067,0.14357153069166823,0.14357153057984476,0.14357153069166823,0.1435715307296067,0.14357153073910772,0.14357153072006817,0.14357153069166823,0.14357153072006817,0.14357153073910772,0.1435715307485761,0.14357153073910772,0.1435715307296067,0.14357153073910772,0.1435715307485761,0.14242936449476024,0.14242936448570934,0.14242936447641236,0.14242936448570934,0.14242936449476024,0.14242936448570934,0.14242936446700968,0.14242936443831772,0.14242936446700968,0.14242936448570934,0.14242936447641236,0.14242936443831772,0.14242936432265338,0.14242936443831772,0.14242936447641236,0.14242936448570934,0.14242936446700968,0.14242936443831772,0.14242936446700968,0.14242936448570934,0.14242936449476024,0.14242936448570934,0.14242936447641236,0.14242936448570934,0.14242936449476024,0.14130960286305466,0.141309602855293,0.14130960284676908,0.141309602855293,0.14130960286305466,0.141309602855293,0.1413096028379978,0.14130960280920277,0.1413096028379978,0.141309602855293,0.14130960284676908,0.14130960280920277,0.14130960268463458,0.14130960280920277,0.14130960284676908,0.141309602855293,0.1413096028379978,0.14130960280920277,0.1413096028379978,0.141309602855293,0.14130960286305466,0.141309602855293,0.14130960284676908,0.141309602855293,0.14130960286305466,0.14021174702461298,0.14021174702076886,0.14021174701556444,0.14021174702076886,0.14021174702461298,0.14021174702076886,0.14021174700998912,0.14021174698767477,0.14021174700998912,0.14021174702076886,0.14021174701556444,0.14021174698767477,0.14021174687126292,0.14021174698767477,0.14021174701556444,0.14021174702076886,0.14021174700998912,0.14021174698767477,0.14021174700998912,0.14021174702076886,0.14021174702461298,0.14021174702076886,0.14021174701556444,0.14021174702076886,0.14021174702461298,0.1391353074699127,0.13913530747462985,0.13913530747829772,0.13913530747462985,0.1391353074699127,0.13913530747462985,0.1391353074817264,0.13913530748744748,0.1391353074817264,0.13913530747462985,0.13913530747829772,0.13913530748744748,0.1391353074925945,0.13913530748744748,0.13913530747829772,0.13913530747462985,0.1391353074817264,0.13913530748744748,0.1391353074817264,0.13913530747462985,0.1391353074699127,0.13913530747462985,0.13913530747829772,0.13913530747462985,0.1391353074699127,0.13807980409773488,0.1380798041146186,0.13807980413164164,0.1380798041146186,0.13807980409773488,0.1380798041146186,0.1380798041489001,0.1380798041961116,0.1380798041489001,0.1380798041146186,0.13807980413164164,0.1380798041961116,0.13807980432961153,0.1380798041961116,0.13807980413164164,0.1380798041146186,0.1380798041489001,0.1380798041961116,0.1380798041489001,0.1380798041146186,0.13807980409773488,0.1380798041146186,0.13807980413164164,0.1380798041146186,0.13807980409773488,0.13704476627803586,0.13704476630657056,0.13704476634124757,0.13704476630657056,0.13704476627803586,0.13704476630657056,0.137044766377226,0.13704476651936337,0.137044766377226,0.13704476630657056,0.13704476634124757,0.13704476651936337,0.13704476730789278,0.13704476651936337,0.13704476634124757,0.13704476630657056,0.137044766377226,0.13704476651936337,0.137044766377226,0.13704476630657056,0.13704476627803586,0.13704476630657056,0.13704476634124757,0.13704476630657056,0.13704476627803586,0.13602973289211606,0.13602973291210255,0.13602973293168455,0.13602973291210255,0.13602973289211606,0.13602973291210255,0.13602973295133738,0.13602973300383903,0.13602973295133738,0.13602973291210255,0.13602973293168455,0.13602973300383903,0.13602973314958852,0.13602973300383903,0.13602973293168455,0.13602973291210255,0.13602973295133738,0.13602973300383903,0.13602973295133738,0.13602973291210255,0.13602973289211606,0.13602973291210255,0.13602973293168455,0.13602973291210255,0.13602973289211606,0.13503425237891653,0.13503425239144684,0.13503425240179487,0.13503425239144684,0.13503425237891653,0.13503425239144684,0.13503425241161773,0.13503425243162206,0.13503425241161773,0.13503425239144684,0.13503425240179487,0.13503425243162206,0.13503425246800616,0.13503425243162206,0.13503425240179487,0.13503425239144684,0.13503425241161773,0.13503425243162206,0.13503425241161773,0.13503425239144684,0.13503425237891653,0.13503425239144684,0.13503425240179487,0.13503425239144684,0.13503425237891653
0.16533248772884085,0.16533248772884085,0.16533248772884063,0.16533248772884085,0.16533248772884085,0.16533248772884085,0.16533248772884063,0.16533248772884063,0.16533248772884063,0.16533248772884085,0.16533248772884063,0.16533248772884063,0.16533248772884063,0.16533248772884063,0.16533248772884063,0.16533248772884085,0.16533248772884063,0.16533248772884063,0.16533248772884063,0.16533248772884085,0.16533248772884085,0.16533248772884085,0.16533248772884063,0.16533248772884085,0.16533248772884085,0.16375749401119702,0.16375749401119702,0.16375749401119702,0.16375749401119702,0.16375749401119702,0.16375749401119702,0.16375749401119702,0.16375749401119702,0.16375749401119702,0.16375749401119702,0.16375749401119702,0.16375749401119702,0.16375749401119702,0.16375749401119702,0.16375749401119702,0.16375749401119702,0.16375749401119702,0.16375749401119702,0.16375749401119702,0.16375749401119702,0.16375749401119702,0.16375749401119702,0.16375749401119702,0.16375749401119702,0.16375749401119702,0.1622138842254496,0.16221388422544938,0.16221388422544938,0.16221388422544938,0.1622138842254496,0.16221388422544938,0.16221388422544938,0.1622138842254491,0.16221388422544938,0.16221388422544938,0.16221388422544938,0.1622138842254491,0.1622138842254491,0.1622138842254491,0.16221388422544938,0.16221388422544938,0.16221388422544938,0.1622138842254491,0.16221388422544938,0.16221388422544938,0.1622138842254496,0.16221388422544938,0.16221388422544938,0.16221388422544938,0.1622138842254496,0.16070106732863904,0.16070106732863856,0.16070106732863834,0.16070106732863856,0.16070106732863904,0.16070106732863856,0.16070106732863834,0.16070106732863793,0.16070106732863834,0.16070106732863856,0.16070106732863834,0.16070106732863793,0.1607010673286377,0.16070106732863793,0.16070106732863834,0.16070106732863856,0.16070106732863834,0.16070106732863793,0.16070106732863834,0.16070106732863856,0.16070106732863904,0.16070106732863856,0.16070106732863834,0.16070106732863856,0.16070106732863904,0.15921845169574436,0.15921845169574306,0.1592184516957422,0.15921845169574306,0.15921845169574436,0.15921845169574306,0.15921845169574173,0.15921845169574086,0.15921845169574173,0.15921845169574306,0.1592184516957422,0.15921845169574086,0.15921845169574023,0.15921845169574086,0.1592184516957422,0.15921845169574306,0.15921845169574173,0.15921845169574086,0.15921845169574173,0.15921845169574306,0.15921845169574436,0.15921845169574306,0.1592184516957422,0.15921845169574306,0.15921845169574436,0.15776544647153376,0.15776544647152993,0.1577654464715276,0.15776544647152993,0.15776544647153376,0.15776544647152993,0.15776544647152588,0.15776544647152332,0.15776544647152588,0.15776544647152993,0.1577654464715276,0.15776544647152332,0.15776544647152074,0.15776544647152332,0.1577654464715276,0.15776544647152993,0.15776544647152588,0.15776544647152332,0.15776544647152588,0.15776544647152993,0.15776544647153376,0.15776544647152993,0.1577654464715276,0.15776544647152993,0.15776544647153376,0.15634146278489092,0.1563414627848794,0.15634146278487188,0.1563414627848794,0.15634146278489092,0.1563414627848794,0.15634146278486685,0.1563414627848587,0.15634146278486685,0.1563414627848794,0.15634146278487188,0.1563414627848587,0.15634146278485012,0.1563414627848587,0.15634146278487188,0.1563414627848794,0.15634146278486685,0.1563414627848587,0.15634146278486685,0.1563414627848794,0.15634146278489092,0.1563414627848794,0.15634146278487188,0.1563414627848794,0.15634146278489092,0.15494591483588202,0.1549459148358472,0.15494591483582487,0.1549459148358472,0.15494591483588202,0.1549459148358472,0.15494591483580805,0.15494591483578224,0.15494591483580805,0.1549459148358472,0.15494591483582487,0.15494591483578224,0.15494591483575354,0.15494591483578224,0.15494591483582487,0.1549459148358472,0.15494591483580805,0.15494591483578224,0.15494591483580805,0.1549459148358472,0.15494591483588202,0.1549459148358472,0.15494591483582487,0.1549459148358472,0.15494591483588202,0.15357822086528233,0.1535782208651799,0.1535782208651116,0.1535782208651799,0.15357822086528233,0.1535782208651799,0.1535782208650578,0.15357822086497322,0.15357822086505798,0.1535782208651799,0.1535782208651116,0.15357822086497322,0.1535782208648744,0.15357822086497322,0.1535782208651116,0.1535782208651799,0.15357822086505798,0.15357822086497322,0.15357822086505798,0.1535782208651799,0.15357822086528233,0.1535782208651799,0.1535782208651116,0.1535782208651799,0.15357822086528233,0.15223780401573853,0.15223780401544526,0.1522378040152417,0.15223780401544526,0.15223780401573853,0.15223780401544526,0.15223780401507106,0.15223780401479273,0.15223780401507106,0.15223780401544526,0.1522378040152417,0.15223780401479273,0.15223780401444292,0.15223780401479273,0.1522378040152417,0.15223780401544526,0.15223780401507106,0.15223780401479273,0.15223780401507106,0.15223780401544526,0.15223780401573853,0.15223780401544526,0.1522378040152417,0.15223780401544526,0.15223780401573853,0.15092409309323931,0.15092409309243907,0.1509240930918472,0.15092409309243907,0.15092409309323931,0.15092409309243907,0.15092409309131938,0.1509240930903947,0.15092409309131938,0.15092409309243907,0.1509240930918472,0.1509240930903947,0.1509240930890626,0.1509240930903947,0.1509240930918472,0.15092409309243907,0.15092409309131938,0.1509240930903947,0.15092409309131938,0.15092409309243907,0.15092409309323931,0.15092409309243907,0.1509240930918472,0.15092409309243907,0.15092409309323931,0.14963652323710736,0.1496365232350785,0.14963652323342683,0.1496365232350785,0.14963652323710736,0.1496365232350785,0.14963652323187485,0.14963652322874568,0.14963652323187485,0.1496365232350785,0.14963652323342683,0.14963652322874568,0.14963652322312312,0.14963652322874568,0.14963652323342683,0.1496365232350785,0.14963652323187485,0.14963652322874568,0.14963652323187485,0.1496365232350785,0.14963652323710736,0.1496365232350785,0.14963652323342683,0.1496365232350785,0.14963652323710736,0.14837453650627805,0.1483745365017273,0.148374536497499,0.1483745365017273,0.14837453650627805,0.1483745365017273,0.14837453649333407,0.1483745364829013,0.14837453649333407,0.1483745365017273,0.148374536497499,0.1483745364829013,0.1483745364560872,0.1483745364829013,0.148374536497499,0.1483745365017273,0.14837453649333407,0.1483745364829013,0.14837453649333407,0.1483745365017273,0.14837453650627805,0.1483745365017273,0.148374536497499,0.1483745365017273,0.14837453650627805,0.14713758238883956,0.14713758238066063,0.14713758237181956,0.14713758238066063,0.14713758238883956,0.14713758238066063,0.1471375823628328,0.1471375823323177,0.1471375823628328,0.14713758238066063,0.14713758237181956,0.1471375823323177,0.1471375821872729,0.1471375823323177,0.14713758237181956,0.14713758238066063,0.1471375823628328,0.1471375823323177,0.1471375823628328,0.14713758238066063,0.14713758238883956,0.14713758238066063,0.14713758237181956,0.14713758238066063,0.14713758238883956,0.1459251182395083,0.1459251182298501,0.14592511821977025,0.1459251182298501,0.1459251182395083,0.1459251182298501,0.14592511820956594,0.14592511817743836,0.14592511820956594,0.1459251182298501,0.14592511821977025,0.14592511817743836,0.14592511804323338,0.14592511817743836,0.14592511821977025,0.1459251182298501,0.14592511820956594,0.14592511817743836,0.14592511820956594,0.1459251182298501,0.1459251182395083,0.1459251182298501,0.14592511821977025,0.1459251182298501,0.1459251182395083,0.14473660964637902,0.1447366096366519,0.1447366096268249,0.1447366096366519,0.14473660964637902,0.1447366096366519,0.14473660961694573,0.1447366095872646,0.14473660961694573,0.1447366096366519,0.1447366096268249,0.1447366095872646,0.14473660946948516,0.1447366095872646,0.1447366096268249,0.1447366096366519,0.14473660961694573,0.1447366095872646,0.14473660961694573,0.1447366096366519,0.14473660964637902,0.1447366096366519,0.1447366096268249,0.1447366096366519,0.14473660964637902,0.14357153074716442,0.14357153073772394,0.14357153072824994,0.14357153073772394,0.14357153074716442,0.14357153073772394,0.1435715307187383,0.1435715306904153,0.1435715307187383,0.14357153073772394,0.14357153072824994,0.1435715306904153,0.14357153057882527,0.1435715306904153,0.14357153072824994,0.14357153073772394,0.1435715307187383,0.1435715306904153,0.1435715307187383,0.14357153073772394,0.14357153074716442,0.14357153073772394,0.14357153072824994,0.14357153073772394,0.14357153074716442,0.1424293644927118,0.1424293644836978,0.14242936447443807,0.1424293644836978,0.1424293644927118,0.1424293644836978,0.14242936446507315,0.14242936443649223,0.14242936446507315,0.1424293644836978,0.14242936447443807,0.14242936443649223,0.1424293643212228,0.14242936443649223,0.14242936447443807,0.1424293644836978,0.14242936446507315,0.14242936443649223,0.14242936446507315,0.1424293644836978,0.1424293644927118,0.1424293644836978,0.14242936447443807,0.1424293644836978,0.1424293644927118,0.14130960286031974,0.1413096028526022,0.1413096028441271,0.1413096028526022,0.14130960286031974,0.1413096028526022,0.14130960283540597,0.14130960280677743,0.14130960283540597,0.1413096028526022,0.1413096028441271,0.14130960280677743,0.14130960268297035,0.14130960280677743,0.1413096028441271,0.1413096028526022,0.14130960283540597,0.14130960280677743,0.14130960283540597,0.1413096028526022,0.14130960286031974,0.1413096028526022,0.1413096028441271,0.1413096028526022,0.14130960286031974,0.14021174702113617,0.1402117470173279,0.14021174701216796,0.1402117470173279,0.14021174702113617,0.1402117470173279,0.14021174700663955,0.1402117469845052,0.14021174700663955,0.1402117470173279,0.14021174701216796,0.1402117469845052,0.14021174686904056,0.1402117469845052,0.14021174701216796,0.1402117470173279,0.14021174700663955,0.1402117469845052,0.14021174700663955,0.1402117470173279,0.14021174702113617,0.1402117470173279,0.14021174701216796,0.1402117470173279,0.14021174702113617,0.13913530746566474,0.1391353074703801,0.13913530747404942,0.1391353074703801,0.13913530746566474,0.1391353074703801,0.13913530747748043,0.1391353074832183,0.13913530747748043,0.1391353074703801,0.13913530747404942,0.1391353074832183,0.13913530748844502,0.1391353074832183,0.13913530747404942,0.1391353074703801,0.13913530747748043,0.1391353074832183,0.13913530747748043,0.1391353074703801,0.13913530746566474,0.1391353074703801,0.13913530747404942,0.1391353074703801,0.13913530746566474,0.13807980409277337,0.1380798041096067,0.13807980412657786,0.1380798041096067,0.13807980409277337,0.1380798041096067,0.13807980414378326,0.1380798041908459,0.13807980414378326,0.1380798041096067,0.13807980412657786,0.1380798041908459,0.13807980432391484,0.1380798041908459,0.13807980412657786,0.1380798041096067,0.13807980414378326,0.1380798041908459,0.13807980414378326,0.1380798041096067,0.13807980409277337,0.1380798041096067,0.13807980412657786,0.1380798041096067,0.13807980409277337,0.13704476627252868,0.13704476630096957,0.13704476633553148,0.13704476630096957,0.13704476627252868,0.13704476630096957,0.13704476637139,0.1370447665130496,0.13704476637139,0.13704476630096957,0.13704476633553148,0.1370447665130496,0.13704476729886494,0.1370447665130496,0.13704476633553148,0.13704476630096957,0.13704476637139,0.1370447665130496,0.13704476637139,0.13704476630096957,0.13704476627252868,0.13704476630096957,0.13704476633553148,0.13704476630096957,0.13704476627252868,0.1360297328863297,0.13602973290624987,0.13602973292576667,0.13602973290624987,0.1360297328863297,0.13602973290624987,0.1360297329453536,0.1360297329976802,0.1360297329453536,0.13602973290624987,0.13602973292576667,0.1360297329976802,0.13602973314293945,0.1360297329976802,0.13602973292576667,0.13602973290624987,0.1360297329453536,0.1360297329976802,0.1360297329453536,0.13602973290624987,0.1360297328863297,0.13602973290624987,0.13602973292576667,0.13602973290624987,0.1360297328863297,0.13503425237306915,0.13503425238555797,0.1350342523958716,0.13503425238555797,0.13503425237306915,0.13503425238555797,0.1350342524056623,0.13503425242560022,0.1350342524056623,0.13503425238555797,0.1350342523958716,0.13503425242560022,0.13503425246186262,0.13503425242560022,0.1350342523958716,0.13503425238555797,0.1350342524056623,0.13503425242560022,0.1350342524056623,0.13503425238555797,0.13503425237306915,0.13503425238555797,0.1350342523958716,0.13503425238555797,0.13503425237306915
0.16533248773078305,0.16533248773078305,0.16533248773078305,0.16533248773078305,0.16533248773078305,0.16533248773078305,0.16533248773078305,0.16533248773078305,0.16533248773078305,0.16533248773078305,0.16533248773078305,0.16533248773078305,0.16533248773078305,0.16533248773078305,0.16533248773078305,0.16533248773078305,0.16533248773078305,0.16533248773078305,0.16533248773078305,0.16533248773078305,0.16533248773078305,0.16533248773078305,0.16533248773078305,0.16533248773078305,0.16533248773078305,0.16375749401308573,0.16375749401308573,0.16375749401308573,0.16375749401308573,0.16375749401308573,0.16375749401308573,0.16375749401308573,0.16375749401308548,0.16375749401308573,0.16375749401308573,0.16375749401308573,0.16375749401308548,0.16375749401308548,0.16375749401308548,0.16375749401308573,0.16375749401308573,0.16375749401308573,0.16375749401308548,0.16375749401308573,0.16375749401308573,0.16375749401308573,0.16375749401308573,0.16375749401308573,0.16375749401308573,0.16375749401308573,0.16221388422727345,0.16221388422727345,0.16221388422727318,0.16221388422727345,0.16221388422727345,0.16221388422727345,0.16221388422727318,0.16221388422727318,0.16221388422727318,0.16221388422727345,0.16221388422727318,0.16221388422727318,0.16221388422727298,0.16221388422727318,0.16221388422727318,0.16221388422727345,0.16221388422727318,0.16221388422727318,0.16221388422727318,0.16221388422727345,0.16221388422727345,0.16221388422727345,0.16221388422727318,0.16221388422727345,0.16221388422727345,0.16070106733038692,0.16070106733038647,0.16070106733038628,0.16070106733038647,0.16070106733038692,0.16070106733038647,0.16070106733038628,0.1607010673303858,0.16070106733038628,0.16070106733038647,0.16070106733038628,0.1607010673303858,0.16070106733038558,0.1607010673303858,0.16070106733038628,0.16070106733038647,0.16070106733038628,0.1607010673303858,0.16070106733038628,0.16070106733038647,0.16070106733038692,0.16070106733038647,0.16070106733038628,0.16070106733038647,0.16070106733038692,0.15921845169740487,0.1592184516974036,0.15921845169740273,0.1592184516974036,0.15921845169740487,0.1592184516974036,0.15921845169740229,0.1592184516974014,0.15921845169740229,0.1592184516974036,0.15921845169740273,0.1592184516974014,0.15921845169740054,0.1592184516974014,0.15921845169740273,0.1592184516974036,0.15921845169740229,0.1592184516974014,0.15921845169740229,0.1592184516974036,0.15921845169740487,0.1592184516974036,0.15921845169740273,0.1592184516974036,0.15921845169740487,0.15776544647309543,0.15776544647309157,0.15776544647308924,0.15776544647309157,0.15776544647309543,0.15776544647309157,0.15776544647308752,0.15776544647308496,0.15776544647308752,0.15776544647309157,0.15776544647308924,0.15776544647308496,0.15776544647308238,0.15776544647308496,0.15776544647308924,0.15776544647309157,0.15776544647308752,0.15776544647308496,0.15776544647308752,0.15776544647309157,0.15776544647309543,0.15776544647309157,0.15776544647308924,0.15776544647309157,0.15776544647309543,0.15634146278634273,0.1563414627863312,0.1563414627863237,0.1563414627863312,0.15634146278634273,0.1563414627863312,0.15634146278631847,0.1563414627863103,0.15634146278631847,0.1563414627863312,0.1563414627863237,0.1563414627863103,0.15634146278630173,0.1563414627863103,0.1563414627863237,0.1563414627863312,0.15634146278631847,0.1563414627863103,0.15634146278631847,0.1563414627863312,0.15634146278634273,0.1563414627863312,0.1563414627863237,0.1563414627863312,0.15634146278634273,0.15494591483721368,0.15494591483717862,0.1549459148371561,0.15494591483717862,0.15494591483721368,0.15494591483717862,0.1549459148371393,0.15494591483711304,0.1549459148371393,0.15494591483717862,0.1549459148371561,0.15494591483711304,0.15494591483708375,0.15494591483711304,0.1549459148371561,0.15494591483717862,0.1549459148371393,0.15494591483711304,0.1549459148371393,0.15494591483717862,0.15494591483721368,0.15494591483717862,0.1549459148371561,0.15494591483717862,0.15494591483721368,0.15357822086648398,0.15357822086638112,0.15357822086631284,0.15357822086638112,0.15357822086648398,0.15357822086638112,0.15357822086625864,0.15357822086617307,0.15357822086625864,0.15357822086638112,0.15357822086631284,0.15357822086617307,0.15357822086607426,0.15357822086617307,0.15357822086631284,0.15357822086638112,0.15357822086625864,0.15357822086617307,0.15357822086625864,0.15357822086638112,0.15357822086648398,0.15357822086638112,0.15357822086631284,0.15357822086638112,0.15357822086648398,0.15223780401680145,0.15223780401650816,0.15223780401630502,0.15223780401650816,0.15223780401680145,0.15223780401650816,0.15223780401613318,0.15223780401585585,0.15223780401613318,0.15223780401650816,0.15223780401630502,0.15223780401585585,0.15223780401550685,0.15223780401585585,0.15223780401630502,0.15223780401650816,0.15223780401613318,0.15223780401585585,0.15223780401613318,0.15223780401650816,0.15223780401680145,0.15223780401650816,0.15223780401630502,0.15223780401650816,0.15223780401680145,0.15092409309415566,0.1509240930933566,0.1509240930927657,0.1509240930933566,0.15092409309415566,0.1509240930933566,0.15092409309223845,0.1509240930913153,0.15092409309223845,0.1509240930933566,0.1509240930927657,0.1509240930913153,0.15092409308998533,0.1509240930913153,0.1509240930927657,0.1509240930933566,0.15092409309223845,0.1509240930913153,0.15092409309223845,0.1509240930933566,0.15092409309415566,0.1509240930933566,0.1509240930927657,0.1509240930933566,0.15092409309415566,0.149636523237869,0.14963652323584353,0.14963652323419432,0.14963652323584353,0.149636523237869,0.14963652323584353,0.14963652323264498,0.14963652322952095,0.14963652323264498,0.14963652323584353,0.14963652323419432,0.14963652322952095,0.14963652322390703,0.14963652322952095,0.14963652323419432,0.14963652323584353,0.14963652323264498,0.14963652322952095,0.14963652323264498,0.14963652323584353,0.149636523237869,0.14963652323584353,0.14963652323419432,0.14963652323584353,0.149636523237869,0.14837453650687354,0.14837453650233037,0.14837453649810892,0.14837453650233037,0.14837453650687354,0.14837453650233037,0.14837453649395216,0.14837453648353494,0.14837453649395216,0.14837453650233037,0.14837453649810892,0.14837453648353494,0.14837453645676238,0.14837453648353494,0.14837453649810892,0.14837453650233037,0.14837453649395216,0.14837453648353494,0.14837453649395216,0.14837453650233037,0.14837453650687354,0.14837453650233037,0.14837453649810892,0.14837453650233037,0.14837453650687354,0.14713758238924995,0.14713758238108499,0.14713758237225844,0.14713758238108499,0.14713758238924995,0.14713758238108499,0.14713758236328678,0.14713758233282054,0.14713758236328678,0.14713758238108499,0.14713758237225844,0.14713758233282054,0.14713758218803585,0.14713758233282054,0.14713758237225844,0.14713758238108499,0.14713758236328678,0.14713758233282054,0.14713758236328678,0.14713758238108499,0.14713758238924995,0.14713758238108499,0.14713758237225844,0.14713758238108499,0.14713758238924995,0.1459251182397042,0.14592511823006396,0.14592511822000157,0.14592511823006396,0.1459251182397042,0.14592511823006396,0.14592511820981505,0.14592511817774,0.14592511820981505,0.14592511823006396,0.14592511822000157,0.14592511817774,0.14592511804371594,0.14592511817774,0.14592511822000157,0.14592511823006396,0.14592511820981505,0.14592511817774,0.14592511820981505,0.14592511823006396,0.1459251182397042,0.14592511823006396,0.14592511822000157,0.14592511823006396,0.1459251182397042,0.14473660964632526,0.14473660963661997,0.14473660962681412,0.14473660963661997,0.14473660964632526,0.14473660963661997,0.14473660961695586,0.14473660958733459,0.14473660961695586,0.14473660963661997,0.14473660962681412,0.14473660958733459,0.1447366094697594,0.14473660958733459,0.14473660962681412,0.14473660963661997,0.14473660961695586,0.14473660958733459,0.14473660961695586,0.14473660963661997,0.14473660964632526,0.14473660963661997,0.14473660962681412,0.14473660963661997,0.14473660964632526,0.14357153074681897,0.14357153073740672,0.14357153072796044,0.14357153073740672,0.14357153074681897,0.14357153073740672,0.1435715307184763,0.1435715306902321,0.1435715307184763,0.14357153073740672,0.14357153072796044,0.1435715306902321,0.1435715305789495,0.1435715306902321,0.14357153072796044,0.14357153073740672,0.1435715307184763,0.1435715306902321,0.1435715307184763,0.14357153073740672,0.14357153074681897,0.14357153073740672,0.14357153072796044,0.14357153073740672,0.14357153074681897,0.14242936449202218,0.14242936448304525,0.14242936447382293,0.14242936448304525,0.14242936449202218,0.14242936448304525,0.14242936446449592,0.14242936443602755,0.14242936446449592,0.14242936448304525,0.14242936447382293,0.14242936443602755,0.14242936432120332,0.14242936443602755,0.14242936447382293,0.14242936448304525,0.14242936446449592,0.14242936443602755,0.14242936446449592,0.14242936448304525,0.14242936449202218,0.14242936448304525,0.14242936447382293,0.14242936448304525,0.14242936449202218,0.141309602859217,0.14130960285154334,0.14130960284311678,0.14130960285154334,0.141309602859217,0.14130960285154334,0.1413096028344455,0.1413096028059822,0.1413096028344455,0.14130960285154334,0.14130960284311678,0.1413096028059822,0.14130960268286,0.1413096028059822,0.14130960284311678,0.14130960285154334,0.1413096028344455,0.1413096028059822,0.1413096028344455,0.14130960285154334,0.141309602859217,0.14130960285154334,0.14130960284311678,0.14130960285154334,0.141309602859217,0.14021174701953915,0.14021174701576614,0.1402117470106501,0.14021174701576614,0.14021174701953915,0.14021174701576614,0.14021174700516764,0.14021174698321015,0.14021174700516764,0.14021174701576614,0.1402117470106501,0.14021174698321015,0.14021174686866159,0.14021174698321015,0.1402117470106501,0.14021174701576614,0.14021174700516764,0.14021174698321015,0.14021174700516764,0.14021174701576614,0.14021174701953915,0.14021174701576614,0.1402117470106501,0.14021174701576614,0.14021174701953915,0.13913530746351205,0.1391353074682252,0.13913530747189543,0.1391353074682252,0.13913530746351188,0.1391353074682252,0.1391353074753282,0.1391353074810819,0.1391353074753282,0.1391353074682252,0.13913530747189543,0.1391353074810819,0.13913530748638467,0.1391353074810819,0.13913530747189543,0.1391353074682252,0.1391353074753282,0.1391353074810819,0.1391353074753282,0.1391353074682252,0.13913530746351188,0.1391353074682252,0.13913530747189543,0.1391353074682252,0.13913530746351188,0.1380798040900822,0.13807980410686466,0.13807980412378337,0.13807980410686466,0.1380798040900822,0.13807980410686466,0.13807980414093546,0.13807980418784865,0.13807980414093546,0.13807980410686466,0.13807980412378337,0.13807980418784865,0.13807980432048486,0.13807980418784865,0.13807980412378337,0.13807980410686466,0.13807980414093546,0.13807980418784865,0.13807980414093546,0.13807980410686466,0.1380798040900822,0.13807980410686466,0.13807980412378337,0.13807980410686466,0.1380798040900822,0.13704476626941856,0.13704476629776552,0.13704476633221183,0.13704476629776552,0.13704476626941856,0.13704476629776552,0.13704476636795004,0.13704476650913136,0.13704476636795004,0.13704476629776552,0.13704476633221183,0.13704476650913136,0.13704476729229242,0.13704476650913136,0.13704476633221183,0.13704476629776552,0.13704476636795004,0.13704476650913136,0.13704476636795004,0.13704476629776552,0.13704476626941856,0.13704476629776552,0.13704476633221183,0.13704476629776552,0.13704476626941856,0.13602973288301295,0.13602973290286646,0.13602973292231782,0.13602973290286646,0.13602973288301295,0.13602973290286646,0.13602973294183882,0.13602973299398907,0.13602973294183882,0.13602973290286646,0.13602973292231782,0.13602973299398907,0.13602973313875624,0.13602973299398907,0.13602973292231782,0.13602973290286646,0.13602973294183882,0.13602973299398907,0.13602973294183882,0.13602973290286646,0.13602973288301295,0.13602973290286646,0.13602973292231782,0.13602973290286646,0.13602973288301295,0.13503425236970562,0.1350342523821525,0.1350342523924315,0.1350342523821525,0.13503425236970562,0.1350342523821525,0.13503425240218955,0.1350342524220602,0.13503425240218955,0.1350342523821525,0.1350342523924315,0.1350342524220602,0.13503425245820025,0.1350342524220602,0.1350342523924315,0.1350342523821525,0.13503425240218955,0.1350342524220602,0.13503425240218955,0.1350342523821525,0.13503425236970562,0.1350342523821525,0.1350342523924315,0.1350342523821525,0.13503425236970562
0.16533248773192571,0.16533248773192571,0.16533248773192571,0.16533248773192571,0.16533248773192571,0.16533248773192571,0.16533248773192571,0.16533248773192571,0.16533248773192571,0.16533248773192571,0.16533248773192571,0.16533248773192571,0.16533248773192571,0.16533248773192571,0.16533248773192571,0.16533248773192571,0.16533248773192571,0.16533248773192571,0.16533248773192571,0.16533248773192571,0.16533248773192571,0.16533248773192571,0.16533248773192571,0.16533248773192571,0.16533248773192571,0.1637574940142008,0.1637574940142008,0.1637574940142008,0.1637574940142008,0.1637574940142008,0.1637574940142008,0.1637574940142008,0.1637574940142008,0.1637574940142008,0.1637574940142008,0.1637574940142008,0.1637574940142008,0.1637574940142008,0.1637574940142008,0.1637574940142008,0.1637574940142008,0.1637574940142008,0.1637574940142008,0.1637574940142008,0.1637574940142008,0.1637574940142008,0.1637574940142008,0.1637574940142008,0.1637574940142008,0.1637574940142008,0.1622138842283574,0.1622138842283574,0.16221388422835717,0.1622138842283574,0.1622138842283574,0.1622138842283574,0.16221388422835717,0.16221388422835717,0.16221388422835717,0.1622138842283574,0.16221388422835717,0.16221388422835717,0.16221388422835697,0.16221388422835717,0.16221388422835717,0.1622138842283574,0.16221388422835717,0.16221388422835717,0.16221388422835717,0.1622138842283574,0.1622138842283574,0.1622138842283574,0.16221388422835717,0.1622138842283574,0.1622138842283574,0.16070106733143616,0.16070106733143572,0.1607010673314355,0.16070106733143572,0.16070106733143616,0.16070106733143572,0.16070106733143527,0.16070106733143505,0.16070106733143527,0.16070106733143572,0.1607010673314355,0.16070106733143505,0.16070106733143483,0.16070106733143505,0.1607010673314355,0.16070106733143572,0.16070106733143527,0.16070106733143505,0.16070106733143527,0.16070106733143572,0.16070106733143616,0.16070106733143572,0.1607010673314355,0.16070106733143572,0.16070106733143616,0.1592184516984155,0.15921845169841445,0.15921845169841356,0.15921845169841445,0.1592184516984155,0.15921845169841445,0.15921845169841314,0.15921845169841228,0.15921845169841314,0.15921845169841445,0.15921845169841356,0.15921845169841228,0.15921845169841137,0.15921845169841228,0.15921845169841356,0.15921845169841445,0.15921845169841314,0.15921845169841228,0.15921845169841314,0.15921845169841445,0.1592184516984155,0.15921845169841445,0.15921845169841356,0.15921845169841445,0.1592184516984155,0.15776544647406432,0.1577654464740605,0.15776544647405813,0.1577654464740605,0.15776544647406432,0.1577654464740605,0.15776544647405644,0.15776544647405386,0.15776544647405644,0.1577654464740605,0.15776544647405813,0.15776544647405386,0.1577654464740511,0.15776544647405386,0.15776544647405813,0.1577654464740605,0.15776544647405644,0.15776544647405386,0.15776544647405644,0.1577654464740605,0.15776544647406432,0.1577654464740605,0.15776544647405813,0.1577654464740605,0.15776544647406432,0.15634146278726616,0.15634146278725441,0.15634146278724712,0.15634146278725441,0.15634146278726616,0.15634146278725441,0.1563414627872419,0.15634146278723374,0.1563414627872419,0.15634146278725441,0.15634146278724712,0.15634146278723374,0.15634146278722494,0.15634146278723374,0.15634146278724712,0.15634146278725441,0.1563414627872419,0.15634146278723374,0.1563414627872419,0.15634146278725441,0.15634146278726616,0.15634146278725441,0.15634146278724712,0.15634146278725441,0.15634146278726616,0.15494591483808834,0.1549459148380535,0.15494591483803075,0.1549459148380535,0.15494591483808834,0.1549459148380535,0.15494591483801373,0.15494591483798728,0.15494591483801373,0.1549459148380535,0.15494591483803075,0.15494591483798728,0.154945914837958,0.15494591483798728,0.15494591483803075,0.1549459148380535,0.15494591483801373,0.15494591483798728,0.15494591483801373,0.1549459148380535,0.15494591483808834,0.1549459148380535,0.15494591483803075,0.1549459148380535,0.15494591483808834,0.15357822086730702,0.1535782208672044,0.1535782208671361,0.1535782208672044,0.15357822086730702,0.1535782208672044,0.15357822086708167,0.15357822086699632,0.15357822086708167,0.1535782208672044,0.1535782208671361,0.15357822086699632,0.1535782208668977,0.15357822086699632,0.1535782208671361,0.1535782208672044,0.15357822086708167,0.15357822086699632,0.15357822086708167,0.1535782208672044,0.15357822086730702,0.1535782208672044,0.1535782208671361,0.1535782208672044,0.15357822086730702,0.1522378040175703,0.15223780401727763,0.15223780401707468,0.15223780401727763,0.1522378040175703,0.15223780401727763,0.15223780401690304,0.15223780401662607,0.15223780401690304,0.15223780401727763,0.15223780401707468,0.15223780401662607,0.15223780401627768,0.15223780401662607,0.15223780401707468,0.15223780401727763,0.15223780401690304,0.15223780401662607,0.15223780401690304,0.15223780401727763,0.1522378040175703,0.15223780401727763,0.15223780401707468,0.15223780401727763,0.1522378040175703,0.15092409309486735,0.15092409309406946,0.1509240930934795,0.15092409309406946,0.15092409309486735,0.15092409309406946,0.15092409309295302,0.15092409309203145,0.15092409309295302,0.15092409309406946,0.1509240930934795,0.15092409309203145,0.15092409309070337,0.15092409309203145,0.1509240930934795,0.15092409309406946,0.15092409309295302,0.15092409309203145,0.15092409309295302,0.15092409309406946,0.15092409309486735,0.15092409309406946,0.1509240930934795,0.15092409309406946,0.15092409309486735,0.14963652323851848,0.14963652323649643,0.14963652323484988,0.14963652323649643,0.14963652323851848,0.14963652323649643,0.14963652323330318,0.14963652323018403,0.14963652323330318,0.14963652323649643,0.14963652323484988,0.14963652323018403,0.14963652322457885,0.14963652323018403,0.14963652323484988,0.14963652323649643,0.14963652323330318,0.14963652323018403,0.14963652323330318,0.14963652323649643,0.14963652323851848,0.14963652323649643,0.14963652323484988,0.14963652323649643,0.14963652323851848,0.14837453650745305,0.1483745365029175,0.14837453649870289,0.1483745365029175,0.14837453650745305,0.1483745365029175,0.14837453649455318,0.14837453648415228,0.14837453649455318,0.1483745365029175,0.14837453649870289,0.14837453648415228,0.14837453645742177,0.14837453648415228,0.14837453649870289,0.1483745365029175,0.14837453649455318,0.14837453648415228,0.14837453649455318,0.1483745365029175,0.14837453650745305,0.1483745365029175,0.14837453649870289,0.1483745365029175,0.14837453650745305,0.14713758238974295,0.1471375823815918,0.14713758237278,0.1471375823815918,0.14713758238974295,0.1471375823815918,0.14713758236382304,0.14713758233340563,0.14713758236382304,0.1471375823815918,0.14713758237278,0.14713758233340563,0.1471375821888546,0.14713758233340563,0.14713758237278,0.1471375823815918,0.14713758236382304,0.14713758233340563,0.14713758236382304,0.1471375823815918,0.14713758238974295,0.1471375823815918,0.14713758237278,0.1471375823815918,0.14713758238974295,0.14592511824008167,0.14592511823045928,0.145925118220415,0.14592511823045928,0.14592511824008167,0.14592511823045928,0.1459251182102463,0.14592511817822487,0.1459251182102463,0.14592511823045928,0.145925118220415,0.14592511817822487,0.14592511804441413,0.14592511817822487,0.145925118220415,0.14592511823045928,0.1459251182102463,0.14592511817822487,0.1459251182102463,0.14592511823045928,0.14592511824008167,0.14592511823045928,0.145925118220415,0.14592511823045928,0.14592511824008167,0.1447366096465501,0.14473660963686694,0.14473660962708254,0.14473660963686694,0.1447366096465501,0.14473660963686694,0.1447366096172458,0.14473660958768594,0.1447366096172458,0.14473660963686694,0.14473660962708254,0.14473660958768594,0.14473660947032738,0.14473660958768594,0.14473660962708254,0.14473660963686694,0.1447366096172458,0.14473660958768594,0.1447366096172458,0.14473660963686694,0.1447366096465501,0.14473660963686694,0.14473660962708254,0.14473660963686694,0.1447366096465501,0.1435715307468458,0.14357153073746232,0.14357153072804393,0.14357153073746232,0.1435715307468458,0.14357153073746232,0.14357153071858772,0.1435715306904239,0.14357153071858772,0.14357153073746232,0.14357153072804393,0.1435715306904239,0.14357153057941713,0.1435715306904239,0.14357153072804393,0.14357153073746232,0.14357153071858772,0.1435715306904239,0.14357153071858772,0.14357153073746232,0.1435715307468458,0.14357153073746232,0.14357153072804393,0.14357153073746232,0.1435715307468458,0.14242936449179236,0.14242936448285268,0.1424293644736684,0.14242936448285268,0.14242936449179236,0.14242936448285268,0.1424293644643795,0.14242936443602489,0.1424293644643795,0.14242936448285268,0.1424293644736684,0.14242936443602489,0.14242936432165154,0.14242936443602489,0.1424293644736684,0.14242936448285268,0.1424293644643795,0.14242936443602489,0.1424293644643795,0.14242936448285268,0.14242936449179236,0.14242936448285268,0.1424293644736684,0.14242936448285268,0.14242936449179236,0.14130960285865454,0.14130960285102462,0.14130960284264624,0.14130960285102462,0.14130960285865454,0.14130960285102462,0.1413096028340246,0.14130960280572563,0.1413096028340246,0.14130960285102462,0.14130960284264624,0.14130960280572563,0.1413096026833463,0.14130960280572563,0.14130960284264624,0.14130960285102462,0.1413096028340246,0.14130960280572563,0.1413096028340246,0.14130960285102462,0.14130960285865454,0.14130960285102462,0.14130960284264624,0.14130960285102462,0.14130960285865454,0.14021174701855438,0.14021174701481606,0.14021174700974287,0.14021174701481606,0.14021174701855438,0.14021174701481606,0.14021174700430575,0.1402117469825221,0.14021174700430575,0.14021174701481606,0.14021174700974287,0.1402117469825221,0.1402117468688451,0.1402117469825221,0.14021174700974287,0.14021174701481606,0.14021174700430575,0.1402117469825221,0.14021174700430575,0.14021174701481606,0.14021174701855438,0.14021174701481606,0.14021174700974287,0.14021174701481606,0.14021174701855438,0.13913530746203306,0.1391353074667437,0.13913530747041458,0.1391353074667437,0.13913530746203306,0.1391353074667437,0.13913530747384875,0.13913530747961683,0.13913530747384875,0.1391353074667437,0.13913530747041458,0.13913530747961683,0.13913530748499264,0.13913530747961683,0.13913530747041458,0.1391353074667437,0.13913530747384875,0.13913530747961683,0.13913530747384875,0.1391353074667437,0.13913530746203306,0.1391353074667437,0.13913530747041458,0.1391353074667437,0.13913530746203306,0.13807980408811438,0.138079804104846,0.13807980412171217,0.138079804104846,0.13807980408811438,0.138079804104846,0.1380798041388106,0.13807980418557372,0.1380798041388106,0.138079804104846,0.13807980412171217,0.13807980418557372,0.1380798043177755,0.13807980418557372,0.13807980412171217,0.138079804104846,0.1380798041388106,0.13807980418557372,0.1380798041388106,0.138079804104846,0.13807980408811438,0.138079804104846,0.13807980412171217,0.138079804104846,0.13807980408811438,0.1370447662670677,0.1370447662953204,0.13704476632965085,0.1370447662953204,0.1370447662670677,0.1370447662953204,0.13704476636526883,0.13704476650597092,0.13704476636526883,0.1370447662953204,0.13704476632965085,0.13704476650597092,0.1370447672864705,0.13704476650597092,0.13704476632965085,0.1370447662953204,0.13704476636526883,0.13704476650597092,0.13704476636526883,0.1370447662953204,0.1370447662670677,0.1370447662953204,0.13704476632965085,0.1370447662953204,0.1370447662670677,0.13602973288047562,0.13602973290026232,0.13602973291964796,0.13602973290026232,0.13602973288047562,0.13602973290026232,0.13602973293910273,0.13602973299107582,0.13602973293910273,0.13602973290026232,0.13602973291964796,0.13602973299107582,0.13602973313535008,0.13602973299107582,0.13602973291964796,0.13602973290026232,0.13602973293910273,0.13602973299107582,0.13602973293910273,0.13602973290026232,0.13602973288047562,0.13602973290026232,0.13602973291964796,0.13602973290026232,0.13602973288047562,0.13503425236712394,0.13503425237952896,0.13503425238977315,0.13503425237952896,0.13503425236712394,0.13503425237952896,0.13503425239949818,0.1350342524193014,0.13503425239949804,0.13503425237952896,0.13503425238977315,0.1350342524193014,0.13503425245531844,0.1350342524193014,0.13503425238977315,0.13503425237952896,0.13503425239949804,0.1350342524193014,0.13503425239949804,0.13503425237952896,0.13503425236712394,0.13503425237952896,0.13503425238977315,0.13503425237952896,0.13503425236712394
0.16533248773280732,0.16533248773280732,0.16533248773280732,0.16533248773280732,0.16533248773280732,0.16533248773280732,0.16533248773280732,0.16533248773280732,0.16533248773280732,0.16533248773280732,0.16533248773280732,0.16533248773280732,0.16533248773280732,0.16533248773280732,0.16533248773280732,0.16533248773280732,0.16533248773280732,0.16533248773280732,0.16533248773280732,0.16533248773280732,0.16533248773280732,0.16533248773280732,0.16533248773280732,0.16533248773280732,0.16533248773280732,0.16375749401506326,0.16375749401506326,0.16375749401506326,0.16375749401506326,0.16375749401506326,0.16375749401506326,0.16375749401506326,0.16375749401506326,0.16375749401506326,0.16375749401506326,0.16375749401506326,0.16375749401506326,0.16375749401506326,0.16375749401506326,0.16375749401506326,0.16375749401506326,0.16375749401506326,0.16375749401506326,0.16375749401506326,0.16375749401506326,0.16375749401506326,0.16375749401506326,0.16375749401506326,0.16375749401506326,0.16375749401506326,0.16221388422919997,0.16221388422919975,0.16221388422919975,0.16221388422919975,0.16221388422919997,0.16221388422919975,0.16221388422919975,0.16221388422919952,0.16221388422919975,0.16221388422919975,0.16221388422919975,0.16221388422919952,0.16221388422919952,0.16221388422919952,0.16221388422919975,0.16221388422919975,0.16221388422919975,0.16221388422919952,0.16221388422919975,0.16221388422919975,0.16221388422919997,0.16221388422919975,0.16221388422919975,0.16221388422919975,0.16221388422919997,0.1607010673322577,0.16070106733225722,0.160701067332257,0.16070106733225722,0.1607010673322577,0.16070106733225722,0.160701067332257,0.16070106733225656,0.160701067332257,0.16070106733225722,0.160701067332257,0.16070106733225656,0.16070106733225634,0.16070106733225656,0.160701067332257,0.16070106733225722,0.160701067332257,0.16070106733225656,0.160701067332257,0.16070106733225722,0.1607010673322577,0.16070106733225722,0.160701067332257,0.16070106733225722,0.1607010673322577,0.1592184516992152,0.1592184516992139,0.15921845169921325,0.1592184516992139,0.1592184516992152,0.1592184516992139,0.1592184516992126,0.15921845169921195,0.1592184516992126,0.1592184516992139,0.15921845169921325,0.15921845169921195,0.15921845169921106,0.15921845169921195,0.15921845169921325,0.1592184516992139,0.1592184516992126,0.15921845169921195,0.1592184516992126,0.1592184516992139,0.1592184516992152,0.1592184516992139,0.15921845169921325,0.1592184516992139,0.1592184516992152,0.157765446474841,0.15776544647483715,0.1577654464748348,0.15776544647483715,0.157765446474841,0.15776544647483715,0.15776544647483307,0.1577654464748305,0.15776544647483307,0.15776544647483715,0.1577654464748348,0.1577654464748305,0.15776544647482776,0.1577654464748305,0.1577654464748348,0.15776544647483715,0.15776544647483307,0.1577654464748305,0.15776544647483307,0.15776544647483715,0.157765446474841,0.15776544647483715,0.1577654464748348,0.15776544647483715,0.157765446474841,0.15634146278801894,0.1563414627880074,0.15634146278799987,0.1563414627880074,0.15634146278801894,0.1563414627880074,0.15634146278799466,0.1563414627879865,0.15634146278799466,0.1563414627880074,0.15634146278799987,0.1563414627879865,0.15634146278797773,0.1563414627879865,0.15634146278799987,0.1563414627880074,0.15634146278799466,0.1563414627879865,0.15634146278799466,0.1563414627880074,0.15634146278801894,0.1563414627880074,0.15634146278799987,0.1563414627880074,0.15634146278801894,0.15494591483881645,0.15494591483878142,0.15494591483875886,0.15494591483878142,0.15494591483881645,0.15494591483878142,0.15494591483874187,0.15494591483871542,0.15494591483874187,0.15494591483878142,0.15494591483875886,0.15494591483871542,0.15494591483868592,0.15494591483871542,0.15494591483875886,0.15494591483878142,0.15494591483874187,0.15494591483871542,0.15494591483874187,0.15494591483878142,0.15494591483881645,0.15494591483878142,0.15494591483875886,0.15494591483878142,0.15494591483881645,0.15357822086800957,0.15357822086790696,0.15357822086783884,0.15357822086790696,0.15357822086800957,0.15357822086790696,0.15357822086778422,0.15357822086769926,0.15357822086778422,0.15357822086790696,0.15357822086783884,0.15357822086769926,0.15357822086760067,0.15357822086769926,0.15357822086783884,0.15357822086790696,0.15357822086778422,0.15357822086769926,0.15357822086778422,0.15357822086790696,0.15357822086800957,0.15357822086790696,0.15357822086783884,0.15357822086790696,0.15357822086800957,0.15223780401824627,0.15223780401795398,0.15223780401775142,0.15223780401795398,0.15223780401824627,0.15223780401795398,0.15223780401757994,0.1522378040173034,0.15223780401757994,0.15223780401795398,0.15223780401775142,0.1522378040173034,0.1522378040169556,0.1522378040173034,0.15223780401775142,0.15223780401795398,0.15223780401757994,0.1522378040173034,0.15223780401757994,0.15223780401795398,0.15223780401824627,0.15223780401795398,0.15223780401775142,0.15223780401795398,0.15223780401824627,0.150924093095515,0.15092409309471863,0.15092409309412963,0.15092409309471863,0.150924093095515,0.15092409309471863,0.15092409309360394,0.1509240930926837,0.15092409309360394,0.15092409309471863,0.15092409309412963,0.1509240930926837,0.15092409309135796,0.1509240930926837,0.15092409309412963,0.15092409309471863,0.15092409309360394,0.1509240930926837,0.15092409309360394,0.15092409309471863,0.150924093095515,0.15092409309471863,0.15092409309412963,0.15092409309471863,0.150924093095515,0.1496365232391351,0.14963652323711643,0.14963652323547255,0.14963652323711643,0.1496365232391351,0.14963652323711643,0.1496365232339283,0.14963652323081406,0.1496365232339283,0.14963652323711643,0.14963652323547255,0.14963652323081406,0.14963652322521814,0.14963652323081406,0.14963652323547255,0.14963652323711643,0.1496365232339283,0.14963652323081406,0.1496365232339283,0.14963652323711643,0.1496365232391351,0.14963652323711643,0.14963652323547255,0.14963652323711643,0.1496365232391351,0.14837453650803129,0.1483745365035033,0.14837453649929558,0.1483745365035033,0.14837453650803129,0.1483745365035033,0.1483745364951529,0.14837453648476867,0.1483745364951529,0.1483745365035033,0.14837453649929558,0.14837453648476867,0.14837453645808063,0.14837453648476867,0.14837453649929558,0.1483745365035033,0.1483745364951529,0.14837453648476867,0.1483745364951529,0.1483745365035033,0.14837453650803129,0.1483745365035033,0.14837453649929558,0.1483745365035033,0.14837453650803129,0.14713758239026703,0.1471375823821299,0.14713758237333277,0.1471375823821299,0.14713758239026703,0.1471375823821299,0.1471375823643907,0.14713758233402258,0.1471375823643907,0.1471375823821299,0.14713758237333277,0.14713758233402258,0.14713758218970582,0.14713758233402258,0.14713758237333277,0.1471375823821299,0.1471375823643907,0.14713758233402258,0.1471375823643907,0.1471375823821299,0.14713758239026703,0.1471375823821299,0.14713758237333277,0.1471375823821299,0.14713758239026703,0.1459251182405222,0.14592511823091814,0.14592511822089185,0.14592511823091814,0.1459251182405222,0.14592511823091814,0.1459251182107415,0.14592511817877454,0.1459251182107415,0.14592511823091814,0.14592511822089185,0.14592511817877454,0.14592511804515843,0.14592511817877454,0.14592511822089185,0.14592511823091814,0.1459251182107415,0.14592511817877454,0.1459251182107415,0.14592511823091814,0.1459251182405222,0.14592511823091814,0.14592511822089185,0.14592511823091814,0.1459251182405222,0.14473660964686916,0.14473660963720855,0.14473660962744614,0.14473660963720855,0.14473660964686916,0.14473660963720855,0.1447366096176312,0.14473660958813367,0.1447366096176312,0.14473660963720855,0.14473660962744614,0.14473660958813367,0.14473660947100916,0.14473660958813367,0.14473660962744614,0.14473660963720855,0.1447366096176312,0.14473660958813367,0.1447366096176312,0.14473660963720855,0.14473660964686916,0.14473660963720855,0.14473660962744614,0.14473660963720855,0.14473660964686916,0.14357153074699605,0.14357153073764145,0.1435715307282515,0.14357153073764145,0.14357153074699605,0.14357153073764145,0.14357153071882367,0.14357153069074166,0.14357153071882367,0.14357153073764145,0.1435715307282515,0.14357153069074166,0.14357153058003538,0.14357153069074166,0.1435715307282515,0.14357153073764145,0.14357153071882367,0.14357153069074166,0.14357153071882367,0.14357153073764145,0.14357153074699605,0.14357153073764145,0.1435715307282515,0.14357153073764145,0.14357153074699605,0.14242936449171284,0.14242936448281057,0.14242936447366422,0.14242936448281057,0.14242936449171284,0.14242936448281057,0.1424293644644139,0.14242936443617385,0.1424293644644139,0.14242936448281057,0.14242936447366422,0.14242936443617385,0.14242936432225195,0.14242936443617385,0.14242936447366422,0.14242936448281057,0.1424293644644139,0.14242936443617385,0.1424293644644139,0.14242936448281057,0.14242936449171284,0.14242936448281057,0.14242936447366422,0.14242936448281057,0.14242936449171284,0.14130960285826638,0.14130960285067976,0.14130960284234922,0.14130960285067976,0.14130960285826638,0.14130960285067976,0.1413096028337771,0.14130960280564128,0.1413096028337771,0.14130960285067976,0.14130960284234922,0.14130960280564128,0.141309602683956,0.14130960280564128,0.14130960284234922,0.14130960285067976,0.1413096028337771,0.14130960280564128,0.1413096028337771,0.14130960285067976,0.14130960285826638,0.14130960285067976,0.14130960284234922,0.14130960285067976,0.14130960285826638,0.1402117470177652,0.14021174701406106,0.1402117470090303,0.14021174701406106,0.1402117470177652,0.14021174701406106,0.1402117470036375,0.1402117469820248,0.1402117470036375,0.14021174701406106,0.1402117470090303,0.1402117469820248,0.1402117468692539,0.1402117469820248,0.1402117470090303,0.14021174701406106,0.1402117470036375,0.1402117469820248,0.1402117470036375,0.14021174701406106,0.1402117470177652,0.14021174701406106,0.1402117470090303,0.14021174701406106,0.1402117470177652,0.13913530746076896,0.1391353074654766,0.13913530746914762,0.1391353074654766,0.13913530746076896,0.1391353074654766,0.1391353074725828,0.13913530747836414,0.1391353074725828,0.1391353074654766,0.13913530746914762,0.13913530747836414,0.13913530748381012,0.13913530747836414,0.13913530746914762,0.1391353074654766,0.1391353074725828,0.13913530747836414,0.1391353074725828,0.1391353074654766,0.13913530746076896,0.1391353074654766,0.13913530746914762,0.1391353074654766,0.13913530746076896,0.138079804086377,0.13807980410305729,0.13807980411987075,0.13807980410305729,0.138079804086377,0.13807980410305729,0.1380798041369154,0.1380798041835278,0.1380798041369154,0.13807980410305729,0.13807980411987075,0.1380798041835278,0.13807980431529424,0.1380798041835278,0.13807980411987075,0.13807980410305729,0.1380798041369154,0.1380798041835278,0.1380798041369154,0.13807980410305729,0.138079804086377,0.13807980410305729,0.13807980411987075,0.13807980410305729,0.138079804086377,0.13704476626495846,0.1370447662931167,0.13704476632733137,0.1370447662931167,0.13704476626495846,0.1370447662931167,0.13704476636282875,0.137044766503051,0.13704476636282875,0.1370447662931167,0.13704476632733137,0.137044766503051,0.13704476728087284,0.137044766503051,0.13704476632733137,0.1370447662931167,0.13704476636282875,0.137044766503051,0.13704476636282875,0.1370447662931167,0.13704476626495846,0.1370447662931167,0.13704476632733137,0.1370447662931167,0.13704476626495846,0.1360297328781861,0.13602973289790599,0.1360297329172257,0.13602973289790599,0.1360297328781861,0.13602973289790599,0.13602973293661444,0.13602973298841026,0.13602973293661444,0.13602973289790599,0.1360297329172257,0.13602973298841026,0.13602973313219063,0.13602973298841026,0.1360297329172257,0.13602973289790599,0.13602973293661444,0.13602973298841026,0.13602973293661444,0.13602973289790599,0.1360297328781861,0.13602973289790599,0.1360297329172257,0.13602973289790599,0.1360297328781861,0.13503425236479158,0.13503425237715433,0.1350342523873637,0.13503425237715433,0.13503425236479158,0.13503425237715433,0.13503425239705555,0.13503425241679137,0.13503425239705555,0.13503425237715433,0.1350342523873637,0.13503425241679137,0.13503425245268527,0.13503425241679137,0.1350342523873637,0.13503425237715433,0.13503425239705555,0.13503425241679137,0.13503425239705555,0.13503425237715433,0.13503425236479158,0.13503425237715433,0.1350342523873637,0.13503425237715433,0.13503425236479158
0.16533248773360712,0.16533248773360712,0.16533248773360712,0.16533248773360712,0.16533248773360712,0.16533248773360712,0.16533248773360712,0.16533248773360712,0.16533248773360712,0.16533248773360712,0.16533248773360712,0.16533248773360712,0.16533248773360712,0.16533248773360712,0.16533248773360712,0.16533248773360712,0.16533248773360712,0.16533248773360712,0.16533248773360712,0.16533248773360712,0.16533248773360712,0.16533248773360712,0.16533248773360712,0.16533248773360712,0.16533248773360712,0.16375749401584663,0.16375749401584663,0.16375749401584663,0.16375749401584663,0.16375749401584663,0.16375749401584663,0.16375749401584663,0.16375749401584663,0.16375749401584663,0.16375749401584663,0.16375749401584663,0.16375749401584663,0.16375749401584663,0.16375749401584663,0.16375749401584663,0.16375749401584663,0.16375749401584663,0.16375749401584663,0.16375749401584663,0.16375749401584663,0.16375749401584663,0.16375749401584663,0.16375749401584663,0.16375749401584663,0.16375749401584663,0.1622138842299668,0.16221388422996658,0.16221388422996658,0.16221388422996658,0.1622138842299668,0.16221388422996658,0.16221388422996658,0.16221388422996635,0.16221388422996658,0.16221388422996658,0.16221388422996658,0.16221388422996635,0.16221388422996635,0.16221388422996635,0.16221388422996658,0.16221388422996658,0.16221388422996658,0.16221388422996635,0.16221388422996658,0.16221388422996658,0.1622138842299668,0.16221388422996658,0.16221388422996658,0.16221388422996658,0.1622138842299668,0.1607010673330079,0.16070106733300743,0.16070106733300724,0.16070106733300743,0.1607010673330079,0.16070106733300743,0.16070106733300699,0.16070106733300676,0.16070106733300699,0.16070106733300743,0.16070106733300724,0.16070106733300676,0.16070106733300657,0.16070106733300676,0.16070106733300724,0.16070106733300743,0.16070106733300699,0.16070106733300676,0.16070106733300699,0.16070106733300743,0.1607010673330079,0.16070106733300743,0.16070106733300724,0.16070106733300743,0.1607010673330079,0.1592184516999487,0.1592184516999474,0.15921845169994672,0.1592184516999474,0.1592184516999487,0.1592184516999474,0.15921845169994608,0.15921845169994522,0.15921845169994608,0.1592184516999474,0.15921845169994672,0.15921845169994522,0.15921845169994456,0.15921845169994522,0.15921845169994672,0.1592184516999474,0.15921845169994608,0.15921845169994522,0.15921845169994608,0.1592184516999474,0.1592184516999487,0.1592184516999474,0.15921845169994672,0.1592184516999474,0.1592184516999487,0.15776544647555768,0.15776544647555385,0.1577654464755515,0.15776544647555385,0.15776544647555768,0.15776544647555385,0.1577654464755498,0.15776544647554724,0.1577654464755498,0.15776544647555385,0.1577654464755515,0.15776544647554724,0.15776544647554447,0.15776544647554724,0.1577654464755515,0.15776544647555385,0.1577654464755498,0.15776544647554724,0.1577654464755498,0.15776544647555385,0.15776544647555768,0.15776544647555385,0.1577654464755515,0.15776544647555385,0.15776544647555768,0.15634146278871883,0.15634146278870711,0.1563414627886998,0.15634146278870711,0.15634146278871883,0.15634146278870711,0.15634146278869435,0.1563414627886862,0.15634146278869435,0.15634146278870711,0.1563414627886998,0.1563414627886862,0.15634146278867742,0.1563414627886862,0.1563414627886998,0.15634146278870711,0.15634146278869435,0.1563414627886862,0.15634146278869435,0.15634146278870711,0.15634146278871883,0.15634146278870711,0.1563414627886998,0.15634146278870711,0.15634146278871883,0.1549459148394991,0.15494591483946424,0.1549459148394417,0.15494591483946424,0.1549459148394991,0.15494591483946424,0.1549459148394247,0.15494591483939804,0.1549459148394247,0.15494591483946424,0.1549459148394417,0.15494591483939804,0.15494591483936873,0.15494591483939804,0.1549459148394417,0.15494591483946424,0.1549459148394247,0.15494591483939804,0.1549459148394247,0.15494591483946424,0.1549459148394991,0.15494591483946424,0.1549459148394417,0.15494591483946424,0.1549459148394991,0.15357822086867495,0.15357822086857276,0.15357822086850464,0.15357822086857276,0.15357822086867495,0.15357822086857276,0.15357822086845005,0.15357822086836528,0.15357822086845005,0.15357822086857276,0.15357822086850464,0.15357822086836528,0.15357822086826683,0.15357822086836528,0.15357822086850464,0.15357822086857276,0.15357822086845005,0.15357822086836528,0.15357822086845005,0.15357822086857276,0.15357822086867495,0.15357822086857276,0.15357822086850464,0.15357822086857276,0.15357822086867495,0.15223780401889425,0.15223780401860235,0.1522378040184002,0.15223780401860235,0.15223780401889425,0.15223780401860235,0.15223780401822912,0.15223780401795298,0.15223780401822912,0.15223780401860235,0.1522378040184002,0.15223780401795298,0.15223780401760553,0.15223780401795298,0.1522378040184002,0.15223780401860235,0.15223780401822912,0.15223780401795298,0.15223780401822912,0.15223780401860235,0.15223780401889425,0.15223780401860235,0.1522378040184002,0.15223780401860235,0.15223780401889425,0.15092409309614468,0.1509240930953495,0.15092409309476146,0.1509240930953495,0.15092409309614468,0.1509240930953495,0.15092409309423652,0.15092409309331803,0.15092409309423652,0.1509240930953495,0.15092409309476146,0.15092409309331803,0.15092409309199423,0.15092409309331803,0.15092409309476146,0.1509240930953495,0.15092409309423652,0.15092409309331803,0.15092409309423652,0.1509240930953495,0.15092409309614468,0.1509240930953495,0.15092409309476146,0.1509240930953495,0.15092409309614468,0.14963652323974358,0.1496365232377281,0.14963652323608706,0.1496365232377281,0.14963652323974358,0.1496365232377281,0.14963652323454546,0.14963652323143614,0.14963652323454546,0.1496365232377281,0.14963652323608706,0.14963652323143614,0.1496365232258493,0.14963652323143614,0.14963652323608706,0.1496365232377281,0.14963652323454546,0.14963652323143614,0.14963652323454546,0.1496365232377281,0.14963652323974358,0.1496365232377281,0.14963652323608706,0.1496365232377281,0.14963652323974358,0.14837453650861154,0.14837453650409138,0.14837453649989046,0.14837453650409138,0.14837453650861154,0.14837453650409138,0.14837453649575466,0.14837453648538731,0.14837453649575466,0.14837453650409138,0.14837453649989046,0.14837453648538731,0.14837453645874224,0.14837453648538731,0.14837453649989046,0.14837453650409138,0.14837453649575466,0.14837453648538731,0.14837453649575466,0.14837453650409138,0.14837453650861154,0.14837453650409138,0.14837453649989046,0.14837453650409138,0.14837453650861154,0.1471375823908033,0.1471375823826803,0.14713758237389807,0.1471375823826805,0.1471375823908033,0.1471375823826803,0.1471375823649711,0.14713758233465254,0.1471375823649711,0.1471375823826803,0.14713758237389807,0.14713758233465254,0.14713758219059941,0.14713758233465254,0.14713758237389807,0.1471375823826805,0.1471375823649711,0.14713758233465254,0.1471375823649711,0.1471375823826805,0.1471375823908033,0.1471375823826803,0.14713758237389807,0.1471375823826805,0.1471375823908033,0.14592511824098517,0.14592511823139942,0.1459251182213917,0.14592511823139942,0.14592511824098517,0.14592511823139942,0.14592511821125986,0.14592511817934825,0.14592511821125986,0.14592511823139942,0.1459251182213917,0.14592511817934825,0.14592511804593658,0.14592511817934825,0.1459251182213917,0.14592511823139942,0.14592511821125986,0.14592511817934825,0.14592511821125986,0.14592511823139942,0.14592511824098517,0.14592511823139942,0.1459251182213917,0.14592511823139942,0.14592511824098517,0.14473660964721966,0.1447366096375821,0.14473660962784185,0.1447366096375821,0.14473660964721966,0.1447366096375821,0.14473660961804907,0.14473660958861526,0.14473660961804907,0.1447366096375821,0.14473660962784185,0.14473660958861526,0.14473660947174855,0.14473660958861526,0.14473660962784185,0.1447366096375821,0.14473660961804907,0.14473660958861526,0.14473660961804907,0.1447366096375821,0.14473660964721966,0.1447366096375821,0.14473660962784185,0.1447366096375821,0.14473660964721966,0.14357153074718618,0.14357153073786086,0.1435715307284998,0.14357153073786086,0.14357153074718618,0.14357153073786086,0.14357153071910053,0.14357153069110135,0.14357153071910053,0.14357153073786086,0.1435715307284998,0.14357153069110135,0.14357153058072444,0.14357153069110135,0.1435715307284998,0.14357153073786086,0.14357153071910053,0.14357153069110135,0.14357153071910053,0.14357153073786086,0.14357153074718618,0.14357153073786086,0.1435715307284998,0.14357153073786086,0.14357153074718618,0.1424293644916803,0.14242936448281546,0.14242936447370735,0.14242936448281546,0.1424293644916803,0.14242936448281546,0.14242936446449558,0.14242936443637114,0.14242936446449558,0.14242936448281546,0.14242936447370735,0.14242936443637114,0.14242936432287867,0.14242936443637114,0.14242936447370735,0.14242936448281546,0.14242936446449558,0.14242936443637114,0.14242936446449558,0.14242936448281546,0.1424293644916803,0.14242936448281546,0.14242936447370735,0.14242936448281546,0.1424293644916803,0.1413096028579312,0.14130960285038782,0.141309602842105,0.14130960285038782,0.1413096028579312,0.14130960285038782,0.1413096028335817,0.14130960280560823,0.1413096028335817,0.14130960285038782,0.141309602842105,0.14130960280560823,0.14130960268462192,0.14130960280560823,0.141309602842105,0.14130960285038782,0.1413096028335817,0.14130960280560823,0.1413096028335817,0.14130960285038782,0.1413096028579312,0.14130960285038782,0.141309602842105,0.14130960285038782,0.1413096028579312,0.14021174701703487,0.1402117470133643,0.14021174700837527,0.1402117470133643,0.14021174701703487,0.1402117470133643,0.14021174700302622,0.14021174698158168,0.14021174700302622,0.1402117470133643,0.14021174700837527,0.14021174698158168,0.14021174686968524,0.14021174698158168,0.14021174700837527,0.1402117470133643,0.14021174700302622,0.14021174698158168,0.14021174700302622,0.1402117470133643,0.14021174701703487,0.1402117470133643,0.14021174700837527,0.1402117470133643,0.14021174701703487,0.1391353074595692,0.13913530746427336,0.13913530746794409,0.13913530746427336,0.1391353074595692,0.13913530746427336,0.13913530747137984,0.1391353074771737,0.13913530747137984,0.13913530746427336,0.13913530746794409,0.1391353074771737,0.13913530748268707,0.1391353074771737,0.13913530746794409,0.13913530746427336,0.13913530747137984,0.1391353074771737,0.13913530747137984,0.13913530746427336,0.1391353074595692,0.13913530746427336,0.13913530746794409,0.13913530746427336,0.1391353074595692,0.1380798040847089,0.13807980410133758,0.138079804118098,0.13807980410133758,0.1380798040847089,0.13807980410133758,0.1380798041350887,0.13807980418155025,0.1380798041350887,0.13807980410133758,0.138079804118098,0.13807980418155025,0.1380798043128804,0.13807980418155025,0.138079804118098,0.13807980410133758,0.1380798041350887,0.13807980418155025,0.1380798041350887,0.13807980410133758,0.1380798040847089,0.13807980410133758,0.138079804118098,0.13807980410133758,0.1380798040847089,0.137044766262922,0.13704476629098572,0.13704476632508433,0.13704476629098572,0.137044766262922,0.13704476629098572,0.13704476636046117,0.13704476650020325,0.13704476636046117,0.13704476629098572,0.13704476632508433,0.13704476650020325,0.1370447672753512,0.13704476650020325,0.13704476632508433,0.13704476629098572,0.13704476636046117,0.13704476650020325,0.13704476636046117,0.13704476629098572,0.137044766262922,0.13704476629098572,0.13704476632508433,0.13704476629098572,0.137044766262922,0.1360297328759717,0.1360297328956245,0.1360297329148785,0.1360297328956245,0.1360297328759717,0.1360297328956245,0.13602973293420087,0.13602973298581922,0.13602973293420087,0.1360297328956245,0.1360297329148785,0.13602973298581922,0.13602973312910566,0.13602973298581922,0.1360297329148785,0.1360297328956245,0.13602973293420087,0.13602973298581922,0.13602973293420087,0.1360297328956245,0.1360297328759717,0.1360297328956245,0.1360297329148785,0.1360297328956245,0.1360297328759717,0.13503425236253452,0.13503425237485517,0.13503425238502975,0.13503425237485517,0.13503425236253452,0.13503425237485517,0.13503425239468836,0.13503425241435663,0.13503425239468853,0.1350342523748553,0.13503425238502975,0.13503425241435663,0.13503425245012726,0.13503425241435663,0.13503425238502975,0.13503425237485517,0.13503425239468853,0.13503425241435663,0.13503425239468836,0.1350342523748553,0.13503425236253452,0.1350342523748553,0.13503425238502975,0.1350342523748553,0.13503425236253452
0.16533248773438303,0.16533248773438303,0.16533248773438303,0.16533248773438303,0.16533248773438303,0.16533248773438303,0.16533248773438303,0.16533248773438303,0.16533248773438303,0.16533248773438303,0.16533248773438303,0.16533248773438303,0.16533248773438303,0.16533248773438303,0.16533248773438303,0.16533248773438303,0.16533248773438303,0.16533248773438303,0.16533248773438303,0.16533248773438303,0.16533248773438303,0.16533248773438303,0.16533248773438303,0.16533248773438303,0.16533248773438303,0.16375749401660708,0.16375749401660686,0.16375749401660686,0.16375749401660686,0.16375749401660708,0.16375749401660686,0.16375749401660686,0.16375749401660686,0.16375749401660686,0.16375749401660686,0.16375749401660686,0.16375749401660686,0.16375749401660686,0.16375749401660686,0.16375749401660686,0.16375749401660686,0.16375749401660686,0.16375749401660686,0.16375749401660686,0.16375749401660686,0.16375749401660708,0.16375749401660686,0.16375749401660686,0.16375749401660686,0.16375749401660708,0.16221388423071167,0.16221388423071167,0.16221388423071145,0.16221388423071167,0.16221388423071167,0.16221388423071167,0.16221388423071145,0.16221388423071145,0.16221388423071145,0.16221388423071167,0.16221388423071145,0.16221388423071145,0.16221388423071123,0.16221388423071145,0.16221388423071145,0.16221388423071167,0.16221388423071145,0.16221388423071145,0.16221388423071145,0.16221388423071167,0.16221388423071167,0.16221388423071167,0.16221388423071145,0.16221388423071167,0.16221388423071167,0.16070106733373765,0.16070106733373724,0.16070106733373699,0.16070106733373724,0.16070106733373765,0.16070106733373724,0.16070106733373676,0.16070106733373654,0.16070106733373676,0.16070106733373724,0.16070106733373699,0.16070106733373654,0.16070106733373635,0.16070106733373654,0.16070106733373699,0.16070106733373724,0.16070106733373676,0.16070106733373654,0.16070106733373676,0.16070106733373724,0.16070106733373765,0.16070106733373724,0.16070106733373699,0.16070106733373724,0.16070106733373765,0.15921845170066323,0.15921845170066215,0.1592184517006613,0.15921845170066215,0.15921845170066345,0.15921845170066215,0.15921845170066085,0.15921845170065996,0.15921845170066085,0.15921845170066215,0.1592184517006613,0.15921845170065996,0.1592184517006591,0.15921845170065996,0.1592184517006613,0.15921845170066215,0.15921845170066085,0.15921845170065996,0.15921845170066085,0.15921845170066215,0.15921845170066345,0.15921845170066215,0.1592184517006613,0.15921845170066215,0.15921845170066345,0.1577654464762575,0.15776544647625368,0.15776544647625113,0.15776544647625368,0.1577654464762575,0.15776544647625368,0.15776544647624965,0.15776544647624707,0.15776544647624965,0.15776544647625368,0.15776544647625113,0.15776544647624707,0.15776544647624433,0.15776544647624707,0.15776544647625113,0.15776544647625368,0.15776544647624965,0.15776544647624707,0.15776544647624965,0.15776544647625368,0.1577654464762575,0.15776544647625368,0.15776544647625113,0.15776544647625368,0.1577654464762575,0.15634146278940383,0.15634146278939215,0.1563414627893848,0.15634146278939215,0.15634146278940383,0.15634146278939215,0.15634146278937958,0.15634146278937142,0.15634146278937958,0.15634146278939215,0.1563414627893848,0.15634146278937142,0.15634146278936265,0.15634146278937142,0.1563414627893848,0.15634146278939215,0.15634146278937958,0.15634146278937142,0.15634146278937958,0.15634146278939215,0.15634146278940383,0.15634146278939215,0.1563414627893848,0.15634146278939215,0.15634146278940383,0.15494591484016962,0.15494591484013476,0.15494591484011225,0.15494591484013476,0.15494591484016962,0.15494591484013476,0.15494591484009523,0.15494591484006878,0.15494591484009523,0.15494591484013476,0.15494591484011225,0.15494591484006878,0.1549459148400395,0.15494591484006878,0.15494591484011225,0.15494591484013476,0.15494591484009523,0.15494591484006878,0.15494591484009523,0.15494591484013476,0.15494591484016962,0.15494591484013476,0.15494591484011225,0.15494591484013476,0.15494591484016962,0.15357822086933112,0.1535782208692289,0.15357822086916098,0.1535782208692289,0.15357822086933112,0.1535782208692289,0.15357822086910658,0.15357822086902181,0.15357822086910658,0.1535782208692289,0.15357822086916098,0.15357822086902181,0.15357822086892362,0.15357822086902181,0.15357822086916098,0.1535782208692289,0.15357822086910658,0.15357822086902181,0.15357822086910636,0.1535782208692289,0.15357822086933112,0.1535782208692289,0.15357822086916098,0.1535782208692289,0.15357822086933112,0.15223780401953574,0.15223780401924442,0.1522378040190425,0.15223780401924442,0.15223780401953574,0.15223780401924442,0.1522378040188716,0.15223780401859605,0.1522378040188716,0.15223780401924442,0.1522378040190425,0.15223780401859605,0.1522378040182492,0.15223780401859605,0.1522378040190425,0.15223780401924442,0.1522378040188716,0.15223780401859605,0.1522378040188716,0.15223780401924442,0.15223780401953574,0.15223780401924442,0.1522378040190425,0.15223780401924442,0.15223780401953574,0.1509240930967707,0.15092409309597685,0.1509240930953898,0.15092409309597685,0.1509240930967707,0.15092409309597685,0.15092409309486585,0.15092409309394866,0.15092409309486585,0.15092409309597685,0.1509240930953898,0.15092409309394866,0.15092409309262717,0.15092409309394866,0.1509240930953898,0.15092409309597685,0.15092409309486585,0.15092409309394866,0.15092409309486585,0.15092409309597685,0.1509240930967707,0.15092409309597685,0.1509240930953898,0.15092409309597685,0.1509240930967707,0.14963652324035145,0.1496365232383394,0.1496365232367012,0.1496365232383394,0.14963652324035145,0.1496365232383394,0.14963652323516208,0.14963652323205806,0.14963652323516208,0.1496365232383394,0.1496365232367012,0.14963652323205806,0.14963652322648027,0.14963652323205806,0.1496365232367012,0.1496365232383394,0.14963652323516208,0.14963652323205806,0.14963652323516208,0.1496365232383394,0.14963652324035145,0.1496365232383394,0.1496365232367012,0.1496365232383394,0.14963652324035145,0.1483745365091946,0.1483745365046822,0.14837453650048835,0.1483745365046822,0.1483745365091946,0.1483745365046822,0.14837453649635957,0.1483745364860093,0.14837453649635957,0.1483745365046822,0.14837453650048835,0.1483745364860093,0.1483745364594078,0.1483745364860093,0.14837453650048835,0.1483745365046822,0.14837453649635957,0.1483745364860093,0.14837453649635957,0.1483745365046822,0.1483745365091946,0.1483745365046822,0.14837453650048835,0.1483745365046822,0.1483745365091946,0.1471375823913455,0.14713758238323707,0.14713758237446975,0.14713758238323707,0.1471375823913455,0.14713758238323707,0.14713758236555802,0.14713758233528962,0.14713758236555802,0.14713758238323707,0.14713758237446975,0.14713758233528962,0.1471375821914592,0.14713758233528962,0.14713758237446975,0.14713758238323707,0.14713758236555802,0.14713758233528962,0.14713758236555802,0.14713758238323707,0.1471375823913455,0.14713758238323707,0.14713758237446975,0.14713758238323707,0.1471375823913455,0.14592511824145668,0.14592511823188983,0.1459251182219008,0.14592511823188983,0.14592511824145668,0.14592511823188983,0.14592511821178764,0.14592511817993215,0.14592511821178764,0.14592511823188983,0.1459251182219008,0.14592511817993215,0.14592511804674071,0.14592511817993215,0.1459251182219008,0.14592511823188983,0.14592511821178764,0.14592511817993215,0.14592511821178764,0.14592511823188983,0.14592511824145668,0.14592511823188983,0.1459251182219008,0.14592511823188983,0.14592511824145668,0.14473660964758134,0.14473660963796678,0.14473660962824925,0.14473660963796678,0.14473660964758134,0.14473660963796678,0.1447366096184788,0.14473660958910958,0.1447366096184788,0.14473660963796678,0.14473660962824925,0.14473660958910958,0.1447366094724672,0.14473660958910958,0.14473660962824925,0.14473660963796678,0.1447366096184788,0.14473660958910958,0.1447366096184788,0.14473660963796678,0.14473660964758134,0.14473660963796678,0.14473660962824925,0.14473660963796678,0.14473660964758134,0.14357153074738893,0.14357153073809306,0.1435715307287609,0.14357153073809306,0.14357153074738893,0.14357153073809306,0.14357153071939074,0.14357153069147555,0.14357153071939074,0.14357153073809306,0.1435715307287609,0.14357153069147555,0.14357153058141522,0.14357153069147555,0.1435715307287609,0.14357153073809306,0.14357153071939074,0.14357153069147555,0.14357153071939074,0.14357153073809306,0.14357153074738893,0.14357153073809306,0.1435715307287609,0.14357153073809306,0.14357153074738893,0.1424293644916612,0.1424293644828339,0.14242936447376403,0.1424293644828339,0.1424293644916612,0.1424293644828339,0.14242936446459104,0.14242936443658283,0.14242936446459104,0.1424293644828339,0.14242936447376403,0.14242936443658283,0.14242936432355927,0.14242936443658283,0.14242936447376403,0.1424293644828339,0.14242936446459104,0.14242936443658283,0.14242936446459104,0.1424293644828339,0.1424293644916612,0.1424293644828339,0.14242936447376403,0.1424293644828339,0.1424293644916612,0.14130960285761,0.14130960285010938,0.14130960284187374,0.14130960285010938,0.14130960285761,0.14130960285010938,0.14130960283339916,0.14130960280558683,0.14130960283339916,0.14130960285010938,0.14130960284187374,0.14130960280558683,0.1413096026853066,0.14130960280558683,0.14130960284187374,0.14130960285010938,0.14130960283339916,0.14130960280558683,0.14130960283339916,0.14130960285010938,0.14130960285761,0.14130960285010938,0.14130960284187374,0.14130960285010938,0.14130960285761,0.14021174701631892,0.14021174701268121,0.14021174700773334,0.14021174701268121,0.14021174701631892,0.14021174701268121,0.14021174700242747,0.14021174698114822,0.14021174700242747,0.14021174701268121,0.14021174700773334,0.14021174698114822,0.1402117468701022,0.14021174698114822,0.14021174700773334,0.14021174701268121,0.14021174700242747,0.14021174698114822,0.14021174700242747,0.14021174701268121,0.14021174701631892,0.14021174701268121,0.14021174700773334,0.14021174701268121,0.14021174701631892,0.13913530745838495,0.13913530746308547,0.13913530746675556,0.13913530746308547,0.13913530745838495,0.13913530746308547,0.13913530747019165,0.1391353074759969,0.13913530747019165,0.13913530746308547,0.13913530746675556,0.1391353074759969,0.1391353074815749,0.1391353074759969,0.13913530746675556,0.13913530746308547,0.13913530747019165,0.1391353074759969,0.13913530747019165,0.13913530746308547,0.13913530745838495,0.13913530746308547,0.13913530746675556,0.13913530746308547,0.13913530745838495,0.13807980408305773,0.1380798040996349,0.13807980411634233,0.1380798040996349,0.13807980408305773,0.1380798040996349,0.1380798041332789,0.13807980417958915,0.1380798041332789,0.1380798040996349,0.13807980411634233,0.13807980417958915,0.13807980431048267,0.13807980417958915,0.13807980411634233,0.1380798040996349,0.1380798041332789,0.13807980417958915,0.1380798041332789,0.1380798040996349,0.13807980408305773,0.1380798040996349,0.13807980411634233,0.1380798040996349,0.13807980408305773,0.137044766260904,0.13704476628887316,0.13704476632285575,0.13704476628887316,0.137044766260904,0.13704476628887316,0.13704476635811186,0.137044766497374,0.13704476635811186,0.13704476628887316,0.13704476632285575,0.137044766497374,0.1370447672698449,0.137044766497374,0.13704476632285575,0.13704476628887316,0.13704476635811186,0.137044766497374,0.13704476635811186,0.13704476628887316,0.137044766260904,0.13704476628887316,0.13704476632285575,0.13704476628887316,0.137044766260904,0.13602973287377657,0.1360297328933624,0.13602973291255047,0.1360297328933624,0.13602973287377657,0.1360297328933624,0.13602973293180667,0.13602973298324744,0.13602973293180667,0.1360297328933624,0.13602973291255047,0.13602973298324744,0.1360297331260399,0.13602973298324744,0.13602973291255047,0.1360297328933624,0.13602973293180667,0.13602973298324744,0.13602973293180667,0.1360297328933624,0.13602973287377657,0.1360297328933624,0.13602973291255047,0.1360297328933624,0.13602973287377657,0.1350342523602971,0.1350342523725756,0.13503425238271521,0.1350342523725756,0.1350342523602971,0.1350342523725756,0.13503425239234085,0.13503425241194136,0.13503425239234085,0.1350342523725756,0.13503425238271521,0.13503425241194136,0.13503425244758885,0.13503425241194136,0.13503425238271521,0.1350342523725756,0.13503425239234085,0.13503425241194136,0.13503425239234085,0.1350342523725756,0.1350342523602971,0.1350342523725756,0.13503425238271521,0.1350342523725756,0.1350342523602971
0.1653324877351538,0.1653324877351538,0.1653324877351538,0.1653324877351538,0.1653324877351538,0.1653324877351538,0.1653324877351538,0.1653324877351538,0.1653324877351538,0.1653324877351538,0.1653324877351538,0.1653324877351538,0.1653324877351538,0.1653324877351538,0.1653324877351538,0.1653324877351538,0.1653324877351538,0.1653324877351538,0.1653324877351538,0.1653324877351538,0.1653324877351538,0.1653324877351538,0.1653324877351538,0.1653324877351538,0.1653324877351538,0.16375749401736248,0.16375749401736248,0.16375749401736248,0.16375749401736248,0.16375749401736248,0.16375749401736248,0.16375749401736248,0.16375749401736228,0.16375749401736228,0.16375749401736248,0.16375749401736248,0.16375749401736228,0.16375749401736228,0.16375749401736228,0.16375749401736248,0.16375749401736248,0.16375749401736228,0.16375749401736228,0.16375749401736248,0.16375749401736248,0.16375749401736248,0.16375749401736248,0.16375749401736248,0.16375749401736248,0.16375749401736248,0.162213884231452,0.162213884231452,0.16221388423145175,0.162213884231452,0.162213884231452,0.162213884231452,0.16221388423145175,0.16221388423145175,0.16221388423145175,0.162213884231452,0.16221388423145175,0.16221388423145175,0.16221388423145153,0.16221388423145175,0.16221388423145175,0.162213884231452,0.16221388423145175,0.16221388423145175,0.16221388423145175,0.162213884231452,0.162213884231452,0.162213884231452,0.16221388423145175,0.162213884231452,0.162213884231452,0.1607010673344632,0.16070106733446277,0.16070106733446254,0.16070106733446277,0.1607010673344632,0.16070106733446277,0.1607010673344623,0.1607010673344621,0.1607010673344623,0.16070106733446277,0.16070106733446254,0.1607010673344621,0.16070106733446188,0.1607010673344621,0.16070106733446254,0.16070106733446277,0.1607010673344623,0.1607010673344621,0.1607010673344623,0.16070106733446277,0.1607010673344632,0.16070106733446277,0.16070106733446254,0.16070106733446277,0.1607010673344632,0.1592184517013743,0.159218451701373,0.15921845170137236,0.159218451701373,0.1592184517013743,0.159218451701373,0.1592184517013717,0.15921845170137083,0.1592184517013717,0.159218451701373,0.15921845170137236,0.15921845170137083,0.15921845170137014,0.15921845170137083,0.15921845170137236,0.159218451701373,0.1592184517013717,0.15921845170137083,0.1592184517013717,0.159218451701373,0.1592184517013743,0.159218451701373,0.15921845170137236,0.159218451701373,0.1592184517013743,0.15776544647695395,0.15776544647695034,0.1577654464769478,0.15776544647695012,0.15776544647695395,0.15776544647695034,0.1577654464769463,0.1577654464769437,0.1577654464769463,0.15776544647695034,0.1577654464769478,0.1577654464769437,0.15776544647694096,0.1577654464769437,0.1577654464769478,0.15776544647695012,0.1577654464769463,0.1577654464769437,0.1577654464769463,0.15776544647695034,0.15776544647695395,0.15776544647695034,0.1577654464769478,0.15776544647695034,0.15776544647695395,0.15634146279008637,0.15634146279007485,0.15634146279006755,0.15634146279007485,0.15634146279008637,0.15634146279007485,0.1563414627900621,0.15634146279005395,0.1563414627900621,0.15634146279007485,0.15634146279006755,0.15634146279005395,0.15634146279004518,0.15634146279005395,0.15634146279006755,0.15634146279007485,0.1563414627900621,0.15634146279005395,0.1563414627900621,0.15634146279007485,0.15634146279008637,0.15634146279007485,0.15634146279006755,0.15634146279007485,0.15634146279008637,0.15494591484083833,0.1549459148408037,0.15494591484078116,0.1549459148408037,0.15494591484083833,0.1549459148408037,0.15494591484076414,0.1549459148407377,0.15494591484076414,0.1549459148408037,0.15494591484078116,0.1549459148407377,0.15494591484070858,0.1549459148407377,0.15494591484078116,0.1549459148408037,0.15494591484076414,0.1549459148407377,0.15494591484076414,0.1549459148408037,0.15494591484083833,0.1549459148408037,0.15494591484078116,0.1549459148408037,0.15494591484083833,0.15357822086998626,0.15357822086988426,0.15357822086981635,0.15357822086988426,0.15357822086998626,0.15357822086988426,0.15357822086976192,0.1535782208696774,0.15357822086976192,0.15357822086988426,0.15357822086981635,0.1535782208696774,0.15357822086957934,0.1535782208696774,0.15357822086981635,0.15357822086988426,0.15357822086976192,0.1535782208696774,0.15357822086976192,0.15357822086988426,0.15357822086998626,0.15357822086988426,0.15357822086981635,0.15357822086988426,0.15357822086998626,0.15223780402017706,0.15223780401988612,0.15223780401968456,0.15223780401988612,0.15223780402017706,0.15223780401988612,0.15223780401951412,0.15223780401923892,0.15223780401951412,0.15223780401988612,0.15223780401968456,0.15223780401923892,0.15223780401889267,0.15223780401923892,0.15223780401968456,0.15223780401988612,0.15223780401951412,0.15223780401923892,0.15223780401951412,0.15223780401988612,0.15223780402017706,0.15223780401988612,0.15223780401968456,0.15223780401988612,0.15223780402017706,0.15092409309739732,0.15092409309660498,0.15092409309601892,0.15092409309660498,0.15092409309739732,0.15092409309660498,0.1509240930954959,0.1509240930945803,0.1509240930954959,0.15092409309660498,0.15092409309601892,0.1509240930945803,0.15092409309326094,0.1509240930945803,0.15092409309601892,0.15092409309660498,0.1509240930954959,0.1509240930945803,0.1509240930954959,0.15092409309660498,0.15092409309739732,0.15092409309660498,0.15092409309601892,0.15092409309660498,0.15092409309739732,0.14963652324096127,0.14963652323895263,0.14963652323731705,0.14963652323895263,0.14963652324096127,0.14963652323895263,0.14963652323578056,0.14963652323268184,0.14963652323578056,0.14963652323895263,0.14963652323731705,0.14963652323268184,0.14963652322711316,0.14963652323268184,0.14963652323731705,0.14963652323895263,0.14963652323578056,0.14963652323268184,0.14963652323578056,0.14963652323895263,0.14963652324096127,0.14963652323895263,0.14963652323731705,0.14963652323895263,0.14963652324096127,0.14837453650978044,0.1483745365052756,0.1483745365010892,0.1483745365052756,0.14837453650978044,0.1483745365052756,0.14837453649696727,0.1483745364866342,0.14837453649696727,0.1483745365052756,0.1483745365010892,0.1483745364866342,0.14837453646007642,0.1483745364866342,0.1483745365010892,0.1483745365052756,0.14837453649696727,0.1483745364866342,0.14837453649696727,0.1483745365052756,0.14837453650978044,0.1483745365052756,0.1483745365010892,0.1483745365052756,0.14837453650978044,0.14713758239189123,0.14713758238379712,0.14713758237504526,0.14713758238379712,0.14713758239189123,0.14713758238379712,0.1471375823661488,0.14713758233593105,0.1471375823661488,0.14713758238379712,0.14713758237504526,0.14713758233593105,0.14713758219232698,0.14713758233593105,0.14713758237504526,0.14713758238379712,0.1471375823661488,0.14713758233593105,0.1471375823661488,0.14713758238379712,0.14713758239189123,0.14713758238379712,0.14713758237504526,0.14713758238379712,0.14713758239189123,0.14592511824193213,0.14592511823238413,0.14592511822241414,0.14592511823238413,0.14592511824193213,0.14592511823238413,0.14592511821232002,0.14592511818052137,0.14592511821232002,0.14592511823238413,0.14592511822241414,0.14592511818052137,0.14592511804757335,0.14592511818052137,0.14592511822241414,0.14592511823238413,0.14592511821232002,0.14592511818052137,0.14592511821232002,0.14592511823238413,0.14592511824193213,0.14592511823238413,0.14592511822241414,0.14592511823238413,0.14592511824193213,0.14473660964794682,0.1447366096383557,0.144736609628661,0.1447366096383557,0.14473660964794682,0.1447366096383557,0.14473660961891327,0.14473660958960952,0.14473660961891327,0.1447366096383557,0.144736609628661,0.14473660958960952,0.1447366094732029,0.14473660958960952,0.144736609628661,0.1447366096383557,0.14473660961891327,0.14473660958960952,0.14473660961891327,0.1447366096383557,0.14473660964794682,0.1447366096383557,0.144736609628661,0.1447366096383557,0.14473660964794682,0.14357153074759493,0.14357153073832885,0.14357153072902595,0.14357153073832885,0.14357153074759493,0.14357153073832885,0.14357153071968506,0.14357153069185474,0.14357153071968506,0.14357153073832885,0.14357153072902595,0.14357153069185474,0.14357153058213254,0.14357153069185474,0.14357153072902595,0.14357153073832885,0.14357153071968506,0.14357153069185474,0.14357153071968506,0.14357153073832885,0.14357153074759493,0.14357153073832885,0.14357153072902595,0.14357153073832885,0.14357153074759493,0.1424293644916444,0.1424293644828547,0.14242936447382323,0.1424293644828547,0.1424293644916444,0.1424293644828547,0.14242936446468898,0.14242936443679755,0.14242936446468898,0.1424293644828547,0.14242936447382323,0.14242936443679755,0.14242936432422118,0.14242936443679755,0.14242936447382323,0.1424293644828547,0.14242936446468898,0.14242936443679755,0.14242936446468898,0.1424293644828547,0.1424293644916444,0.1424293644828547,0.14242936447382323,0.1424293644828547,0.1424293644916444,0.1413096028572896,0.1413096028498316,0.14130960284164298,0.1413096028498316,0.1413096028572896,0.1413096028498316,0.14130960283321675,0.14130960280556465,0.14130960283321675,0.1413096028498316,0.14130960284164298,0.14130960280556465,0.1413096026859934,0.14130960280556465,0.14130960284164298,0.1413096028498316,0.14130960283321675,0.14130960280556465,0.14130960283321675,0.1413096028498316,0.1413096028572896,0.1413096028498316,0.14130960284164298,0.1413096028498316,0.1413096028572896,0.1402117470156033,0.14021174701199815,0.1402117470070906,0.14021174701199815,0.1402117470156033,0.14021174701199815,0.14021174700182715,0.1402117469807106,0.14021174700182715,0.14021174701199815,0.1402117470070906,0.1402117469807106,0.1402117468705052,0.1402117469807106,0.1402117470070906,0.14021174701199815,0.14021174700182715,0.1402117469807106,0.14021174700182715,0.14021174701199815,0.1402117470156033,0.14021174701199815,0.1402117470070906,0.14021174701199815,0.1402117470156033,0.13913530745720118,0.13913530746189756,0.13913530746556688,0.13913530746189756,0.13913530745720118,0.13913530746189756,0.13913530746900282,0.13913530747481864,0.13913530746900282,0.13913530746189756,0.13913530746556688,0.13913530747481864,0.13913530748045894,0.13913530747481864,0.13913530746556688,0.13913530746189756,0.13913530746900282,0.13913530747481864,0.13913530746900282,0.13913530746189756,0.13913530745720118,0.13913530746189756,0.13913530746556688,0.13913530746189756,0.13913530745720118,0.13807980408140777,0.13807980409793302,0.13807980411458726,0.13807980409793302,0.13807980408140777,0.13807980409793302,0.1380798041314697,0.13807980417762863,0.1380798041314697,0.13807980409793302,0.13807980411458726,0.13807980417762863,0.13807980430808542,0.13807980417762863,0.13807980411458726,0.13807980409793302,0.1380798041314697,0.13807980417762863,0.1380798041314697,0.13807980409793302,0.13807980408140777,0.13807980409793302,0.13807980411458726,0.13807980409793302,0.13807980408140777,0.13704476625888778,0.1370447662867622,0.13704476632062884,0.1370447662867622,0.13704476625888778,0.1370447662867622,0.13704476635576435,0.1370447664945468,0.13704476635576435,0.1370447662867622,0.13704476632062884,0.1370447664945468,0.13704476726435325,0.1370447664945468,0.13704476632062884,0.1370447662867622,0.13704476635576435,0.1370447664945468,0.13704476635576435,0.1370447662867622,0.13704476625888778,0.1370447662867622,0.13704476632062884,0.1370447662867622,0.13704476625888778,0.13602973287158351,0.13602973289110243,0.13602973291022458,0.13602973289110243,0.13602973287158351,0.13602973289110243,0.13602973292941456,0.13602973298067805,0.13602973292941456,0.13602973289110243,0.13602973291022458,0.13602973298067805,0.13602973312297706,0.13602973298067805,0.13602973291022458,0.13602973289110243,0.13602973292941456,0.13602973298067805,0.13602973292941456,0.13602973289110243,0.13602973287158351,0.13602973289110243,0.13602973291022458,0.13602973289110243,0.13602973287158351,0.13503425235806196,0.13503425237029834,0.1350342523804032,0.13503425237029834,0.13503425235806196,0.13503425237029834,0.13503425238999556,0.13503425240952857,0.13503425238999556,0.13503425237029834,0.1350342523804032,0.13503425240952857,0.1350342524450529,0.13503425240952857,0.1350342523804032,0.13503425237029834,0.13503425238999556,0.13503425240952857,0.13503425238999556,0.13503425237029834,0.13503425235806196,0.13503425237029834,0.1350342523804032,0.13503425237029834,0.13503425235806196
0.1653324877359252,0.1653324877359252,0.1653324877359252,0.1653324877359252,0.1653324877359252,0.1653324877359252,0.1653324877359252,0.1653324877359252,0.1653324877359252,0.1653324877359252,0.1653324877359252,0.1653324877359252,0.1653324877359252,0.1653324877359252,0.1653324877359252,0.1653324877359252,0.1653324877359252,0.1653324877359252,0.1653324877359252,0.1653324877359252,0.1653324877359252,0.1653324877359252,0.1653324877359252,0.1653324877359252,0.1653324877359252,0.1637574940181186,0.16375749401811834,0.16375749401811834,0.16375749401811834,0.1637574940181186,0.16375749401811834,0.16375749401811834,0.16375749401811834,0.16375749401811834,0.16375749401811834,0.16375749401811834,0.16375749401811834,0.16375749401811834,0.16375749401811834,0.16375749401811834,0.16375749401811834,0.16375749401811834,0.16375749401811834,0.16375749401811834,0.16375749401811834,0.1637574940181186,0.16375749401811834,0.16375749401811834,0.16375749401811834,0.1637574940181186,0.162213884232193,0.1622138842321928,0.1622138842321928,0.1622138842321928,0.162213884232193,0.1622138842321928,0.1622138842321928,0.16221388423219257,0.1622138842321928,0.1622138842321928,0.1622138842321928,0.16221388423219257,0.16221388423219257,0.16221388423219257,0.1622138842321928,0.1622138842321928,0.1622138842321928,0.16221388423219257,0.1622138842321928,0.1622138842321928,0.162213884232193,0.1622138842321928,0.1622138842321928,0.1622138842321928,0.162213884232193,0.16070106733518918,0.160701067335189,0.16070106733518874,0.160701067335189,0.16070106733518918,0.160701067335189,0.16070106733518852,0.16070106733518832,0.16070106733518852,0.160701067335189,0.16070106733518874,0.16070106733518832,0.16070106733518788,0.16070106733518832,0.16070106733518874,0.160701067335189,0.16070106733518852,0.16070106733518832,0.16070106733518852,0.160701067335189,0.16070106733518918,0.160701067335189,0.16070106733518874,0.160701067335189,0.16070106733518918,0.159218451702086,0.1592184517020847,0.15921845170208404,0.1592184517020847,0.159218451702086,0.1592184517020847,0.1592184517020834,0.15921845170208274,0.1592184517020834,0.1592184517020847,0.15921845170208404,0.15921845170208274,0.15921845170208188,0.15921845170208274,0.15921845170208404,0.1592184517020847,0.1592184517020834,0.15921845170208274,0.1592184517020834,0.1592184517020847,0.159218451702086,0.1592184517020847,0.15921845170208404,0.1592184517020847,0.159218451702086,0.15776544647765167,0.15776544647764784,0.1577654464776455,0.15776544647764784,0.15776544647765167,0.15776544647764784,0.1577654464776438,0.15776544647764124,0.1577654464776438,0.15776544647764784,0.1577654464776455,0.15776544647764124,0.15776544647763846,0.15776544647764124,0.1577654464776455,0.15776544647764784,0.1577654464776438,0.15776544647764124,0.1577654464776438,0.15776544647764784,0.15776544647765167,0.15776544647764784,0.1577654464776455,0.15776544647764784,0.15776544647765167,0.15634146279077016,0.15634146279075842,0.15634146279075112,0.15634146279075842,0.15634146279077016,0.15634146279075842,0.1563414627907459,0.15634146279073774,0.1563414627907459,0.15634146279075842,0.15634146279075112,0.15634146279073774,0.15634146279072897,0.15634146279073774,0.15634146279075112,0.15634146279075842,0.1563414627907459,0.15634146279073774,0.1563414627907459,0.15634146279075842,0.15634146279077016,0.15634146279075842,0.15634146279075112,0.15634146279075842,0.15634146279077016,0.15494591484150844,0.15494591484147383,0.1549459148414513,0.15494591484147383,0.15494591484150844,0.15494591484147383,0.15494591484143425,0.15494591484140804,0.15494591484143425,0.15494591484147383,0.1549459148414513,0.15494591484140804,0.15494591484137873,0.15494591484140804,0.1549459148414513,0.15494591484147383,0.15494591484143425,0.15494591484140804,0.15494591484143425,0.15494591484147383,0.15494591484150844,0.15494591484147383,0.1549459148414513,0.15494591484147383,0.15494591484150844,0.15357822087064282,0.1535782208705408,0.15357822087047313,0.1535782208705408,0.15357822087064282,0.1535782208705408,0.1535782208704189,0.15357822087033454,0.1535782208704189,0.1535782208705408,0.15357822087047313,0.15357822087033454,0.1535782208702365,0.15357822087033454,0.15357822087047313,0.1535782208705408,0.1535782208704189,0.15357822087033454,0.1535782208704189,0.1535782208705408,0.15357822087064282,0.1535782208705408,0.15357822087047313,0.1535782208705408,0.15357822087064282,0.15223780402081993,0.1522378040205296,0.15223780402032844,0.1522378040205296,0.15223780402081993,0.1522378040205296,0.15223780402015816,0.15223780401988357,0.15223780402015816,0.1522378040205296,0.15223780402032844,0.15223780401988357,0.15223780401953793,0.15223780401988357,0.15223780402032844,0.1522378040205296,0.15223780402015816,0.15223780401988357,0.15223780402015816,0.1522378040205296,0.15223780402081993,0.1522378040205296,0.15223780402032844,0.1522378040205296,0.15223780402081993,0.15092409309802604,0.1509240930972349,0.15092409309664992,0.1509240930972349,0.15092409309802604,0.1509240930972349,0.15092409309612773,0.15092409309521365,0.15092409309612773,0.1509240930972349,0.15092409309664992,0.15092409309521365,0.1509240930938966,0.15092409309521365,0.15092409309664992,0.1509240930972349,0.15092409309612773,0.15092409309521365,0.15092409309612773,0.1509240930972349,0.15092409309802604,0.1509240930972349,0.15092409309664992,0.1509240930972349,0.15092409309802604,0.14963652324157312,0.1496365232395679,0.14963652323793517,0.1496365232395679,0.14963652324157312,0.1496365232395679,0.1496365232364013,0.14963652323330773,0.1496365232364013,0.1496365232395679,0.14963652323793517,0.14963652323330773,0.14963652322774829,0.14963652323330773,0.14963652323793517,0.1496365232395679,0.1496365232364013,0.14963652323330773,0.1496365232364013,0.1496365232395679,0.14963652324157312,0.1496365232395679,0.14963652323793517,0.1496365232395679,0.14963652324157312,0.1483745365103685,0.14837453650587162,0.14837453650169227,0.14837453650587162,0.1483745365103685,0.14837453650587162,0.14837453649757737,0.14837453648726173,0.14837453649757737,0.14837453650587162,0.14837453650169227,0.14837453648726173,0.14837453646074808,0.14837453648726173,0.14837453650169227,0.14837453650587162,0.14837453649757737,0.14837453648726173,0.14837453649757737,0.14837453650587162,0.1483745365103685,0.14837453650587162,0.14837453650169227,0.14837453650587162,0.1483745365103685,0.1471375823924393,0.14713758238435973,0.1471375823756231,0.14713758238435973,0.1471375823924393,0.14713758238435973,0.14713758236674207,0.14713758233657537,0.14713758236674207,0.14713758238435973,0.1471375823756231,0.14713758233657537,0.1471375821932225,0.14713758233657537,0.1471375823756231,0.14713758238435973,0.14713758236674207,0.14713758233657537,0.14713758236674207,0.14713758238435973,0.1471375823924393,0.14713758238435973,0.1471375823756231,0.14713758238435973,0.1471375823924393,0.14592511824240967,0.14592511823288093,0.14592511822293,0.14592511823288093,0.14592511824240967,0.14592511823288093,0.14592511821285498,0.14592511818111376,0.14592511821285498,0.14592511823288093,0.14592511822293,0.14592511818111376,0.14592511804839814,0.14592511818111376,0.14592511822293,0.14592511823288093,0.14592511821285498,0.14592511818111376,0.14592511821285498,0.14592511823288093,0.14592511824240967,0.14592511823288093,0.14592511822293,0.14592511823288093,0.14592511824240967,0.14473660964831392,0.14473660963874635,0.1447366096290745,0.14473660963874635,0.14473660964831392,0.14473660963874635,0.1447366096193498,0.14473660959011236,0.1447366096193498,0.14473660963874635,0.1447366096290745,0.14473660959011236,0.14473660947395922,0.14473660959011236,0.1447366096290745,0.14473660963874635,0.1447366096193498,0.14473660959011236,0.1447366096193498,0.14473660963874635,0.14473660964831392,0.14473660963874635,0.1447366096290745,0.14473660963874635,0.14473660964831392,0.1435715307478013,0.14357153073856516,0.1435715307292917,0.14357153073856516,0.1435715307478013,0.14357153073856516,0.14357153071998024,0.14357153069223566,0.14357153071998024,0.14357153073856516,0.1435715307292917,0.14357153069223566,0.14357153058285002,0.14357153069223566,0.1435715307292917,0.14357153073856516,0.14357153071998024,0.14357153069223566,0.14357153071998024,0.14357153073856516,0.1435715307478013,0.14357153073856516,0.1435715307292917,0.14357153073856516,0.1435715307478013,0.14242936449162644,0.14242936448287433,0.1424293644738815,0.14242936448287433,0.14242936449162644,0.14242936448287433,0.14242936446478613,0.14242936443701176,0.14242936446478613,0.14242936448287433,0.1424293644738815,0.14242936443701176,0.14242936432491451,0.14242936443701176,0.1424293644738815,0.14242936448287433,0.14242936446478613,0.14242936443701176,0.14242936446478613,0.14242936448287433,0.14242936449162644,0.14242936448287433,0.1424293644738815,0.14242936448287433,0.14242936449162644,0.14130960285696675,0.14130960284955102,0.14130960284140898,0.14130960284955102,0.14130960285696675,0.14130960284955102,0.14130960283303076,0.14130960280553767,0.14130960283303076,0.14130960284955102,0.14130960284140898,0.14130960280553767,0.14130960268665257,0.14130960280553767,0.14130960284140898,0.14130960284955102,0.14130960283303076,0.14130960280553767,0.14130960283303076,0.14130960284955102,0.14130960285696675,0.14130960284955102,0.14130960284140898,0.14130960284955102,0.14130960285696675,0.14021174701488395,0.1402117470113109,0.14021174700644315,0.1402117470113109,0.14021174701488395,0.1402117470113109,0.14021174700122163,0.1402117469802652,0.14021174700122163,0.1402117470113109,0.14021174700644315,0.1402117469802652,0.14021174687090268,0.1402117469802652,0.14021174700644315,0.1402117470113109,0.14021174700122163,0.1402117469802652,0.14021174700122163,0.1402117470113109,0.14021174701488395,0.1402117470113109,0.14021174700644315,0.1402117470113109,0.14021174701488395,0.13913530745601374,0.13913530746070574,0.13913530746437391,0.13913530746070574,0.13913530745601374,0.13913530746070574,0.13913530746780953,0.139135307473635,0.13913530746780953,0.13913530746070574,0.13913530746437391,0.139135307473635,0.13913530747933542,0.139135307473635,0.13913530746437391,0.13913530746070574,0.13913530746780953,0.139135307473635,0.13913530746780953,0.13913530746070574,0.13913530745601374,0.13913530746070574,0.13913530746437391,0.13913530746070574,0.13913530745601374,0.1380798040797544,0.13807980409622803,0.13807980411282908,0.13807980409622803,0.1380798040797544,0.13807980409622803,0.13807980412965712,0.13807980417566487,0.13807980412965712,0.13807980409622803,0.13807980411282908,0.13807980417566487,0.13807980430568506,0.13807980417566487,0.13807980411282908,0.13807980409622803,0.13807980412965712,0.13807980417566487,0.13807980412965712,0.13807980409622803,0.1380798040797544,0.13807980409622803,0.13807980411282908,0.13807980409622803,0.1380798040797544,0.13704476625686887,0.13704476628464887,0.1370447663183996,0.13704476628464887,0.13704476625686887,0.13704476628464887,0.13704476635341456,0.1370447664917179,0.13704476635341456,0.13704476628464887,0.1370447663183996,0.1370447664917179,0.13704476725885012,0.1370447664917179,0.1370447663183996,0.13704476628464887,0.13704476635341456,0.1370447664917179,0.13704476635341456,0.13704476628464887,0.13704476625686887,0.13704476628464887,0.1370447663183996,0.13704476628464887,0.13704476625686887,0.13602973286938838,0.13602973288884035,0.13602973290789672,0.13602973288884035,0.13602973286938838,0.13602973288884035,0.13602973292702064,0.13602973297810703,0.13602973292702064,0.13602973288884035,0.13602973290789672,0.13602973297810703,0.1360297331199131,0.13602973297810703,0.13602973290789672,0.13602973288884035,0.13602973292702064,0.13602973297810703,0.13602973292702064,0.13602973288884035,0.13602973286938838,0.13602973288884035,0.13602973290789672,0.13602973288884035,0.13602973286938838,0.1350342523558248,0.13503425236801908,0.13503425237808908,0.13503425236801908,0.1350342523558248,0.13503425236801908,0.13503425238764843,0.13503425240711386,0.13503425238764843,0.13503425236801922,0.13503425237808908,0.13503425240711386,0.13503425244251538,0.13503425240711386,0.13503425237808908,0.13503425236801908,0.13503425238764843,0.13503425240711386,0.13503425238764843,0.13503425236801922,0.1350342523558248,0.13503425236801922,0.13503425237808908,0.13503425236801922,0.1350342523558248
0.16533248773669854,0.16533248773669854,0.16533248773669854,0.16533248773669854,0.16533248773669854,0.16533248773669854,0.16533248773669854,0.16533248773669854,0.16533248773669854,0.16533248773669854,0.16533248773669854,0.16533248773669854,0.16533248773669854,0.16533248773669854,0.16533248773669854,0.16533248773669854,0.16533248773669854,0.16533248773669854,0.16533248773669854,0.16533248773669854,0.16533248773669854,0.16533248773669854,0.16533248773669854,0.16533248773669854,0.16533248773669854,0.16375749401887651,0.16375749401887651,0.16375749401887651,0.16375749401887651,0.16375749401887651,0.16375749401887651,0.16375749401887627,0.16375749401887627,0.16375749401887627,0.16375749401887651,0.16375749401887651,0.16375749401887627,0.16375749401887627,0.16375749401887627,0.16375749401887651,0.16375749401887651,0.16375749401887627,0.16375749401887627,0.16375749401887651,0.16375749401887651,0.16375749401887651,0.16375749401887651,0.16375749401887651,0.16375749401887651,0.16375749401887651,0.16221388423293584,0.16221388423293584,0.1622138842329356,0.16221388423293584,0.16221388423293584,0.16221388423293584,0.1622138842329356,0.1622138842329356,0.1622138842329356,0.16221388423293584,0.1622138842329356,0.1622138842329356,0.16221388423293534,0.1622138842329356,0.1622138842329356,0.16221388423293584,0.1622138842329356,0.1622138842329356,0.1622138842329356,0.16221388423293584,0.16221388423293584,0.16221388423293584,0.1622138842329356,0.16221388423293584,0.16221388423293584,0.16070106733591744,0.16070106733591696,0.16070106733591674,0.16070106733591696,0.16070106733591744,0.16070106733591696,0.16070106733591655,0.1607010673359163,0.16070106733591655,0.16070106733591696,0.16070106733591674,0.1607010673359163,0.1607010673359161,0.1607010673359163,0.16070106733591674,0.16070106733591696,0.16070106733591655,0.1607010673359163,0.16070106733591655,0.16070106733591696,0.16070106733591744,0.16070106733591696,0.16070106733591674,0.16070106733591696,0.16070106733591744,0.1592184517027997,0.15921845170279839,0.15921845170279772,0.15921845170279839,0.1592184517027997,0.15921845170279839,0.15921845170279708,0.15921845170279622,0.15921845170279708,0.15921845170279839,0.15921845170279772,0.15921845170279622,0.15921845170279555,0.15921845170279622,0.15921845170279772,0.15921845170279839,0.15921845170279708,0.15921845170279622,0.15921845170279708,0.15921845170279839,0.1592184517027997,0.15921845170279839,0.15921845170279772,0.15921845170279839,0.1592184517027997,0.15776544647835108,0.15776544647834725,0.15776544647834492,0.15776544647834725,0.15776544647835108,0.15776544647834725,0.1577654464783432,0.15776544647834065,0.1577654464783432,0.15776544647834725,0.15776544647834492,0.15776544647834065,0.1577654464783381,0.15776544647834065,0.15776544647834492,0.15776544647834725,0.1577654464783432,0.15776544647834065,0.1577654464783432,0.15776544647834725,0.15776544647835108,0.15776544647834725,0.15776544647834492,0.15776544647834725,0.15776544647835108,0.1563414627914556,0.1563414627914441,0.1563414627914368,0.1563414627914441,0.1563414627914556,0.1563414627914441,0.15634146279143155,0.15634146279142339,0.15634146279143155,0.1563414627914441,0.1563414627914368,0.15634146279142339,0.15634146279141461,0.15634146279142339,0.1563414627914368,0.1563414627914441,0.15634146279143155,0.15634146279142339,0.15634146279143155,0.1563414627914441,0.1563414627914556,0.1563414627914441,0.1563414627914368,0.1563414627914441,0.1563414627914556,0.1549459148421804,0.1549459148421458,0.15494591484212322,0.1549459148421458,0.1549459148421804,0.1549459148421458,0.15494591484210643,0.15494591484208,0.15494591484210643,0.1549459148421458,0.15494591484212322,0.15494591484208,0.1549459148420509,0.15494591484208,0.15494591484212322,0.1549459148421458,0.15494591484210643,0.15494591484208,0.15494591484210643,0.1549459148421458,0.1549459148421804,0.1549459148421458,0.15494591484212322,0.1549459148421458,0.1549459148421804,0.15357822087130119,0.15357822087119957,0.15357822087113188,0.15357822087119957,0.15357822087130119,0.15357822087119957,0.15357822087107764,0.15357822087099351,0.15357822087107764,0.15357822087119957,0.15357822087113188,0.15357822087099351,0.1535782208708957,0.15357822087099351,0.15357822087113188,0.15357822087119957,0.15357822087107764,0.15357822087099351,0.15357822087107764,0.15357822087119957,0.15357822087130119,0.15357822087119957,0.15357822087113188,0.15357822087119957,0.15357822087130119,0.15223780402146497,0.15223780402117504,0.15223780402097428,0.15223780402117504,0.15223780402146497,0.15223780402117504,0.1522378040208042,0.15223780402053,0.1522378040208042,0.15223780402117504,0.15223780402097428,0.15223780402053,0.15223780402018494,0.15223780402053,0.15223780402097428,0.15223780402117504,0.1522378040208042,0.15223780402053,0.1522378040208042,0.15223780402117504,0.15223780402146497,0.15223780402117504,0.15223780402097428,0.15223780402117504,0.15223780402146497,0.1509240930986567,0.15092409309786708,0.1509240930972829,0.15092409309786708,0.1509240930986567,0.15092409309786708,0.15092409309676164,0.15092409309584912,0.15092409309676164,0.15092409309786708,0.1509240930972829,0.15092409309584912,0.1509240930945344,0.15092409309584912,0.1509240930972829,0.15092409309786708,0.15092409309676164,0.15092409309584912,0.15092409309676164,0.15092409309786708,0.1509240930986567,0.15092409309786708,0.1509240930972829,0.15092409309786708,0.1509240930986567,0.1496365232421869,0.14963652324018525,0.14963652323855536,0.14963652324018525,0.1496365232421869,0.14963652324018525,0.14963652323702398,0.14963652323393567,0.14963652323702398,0.14963652324018525,0.14963652323855536,0.14963652323393567,0.1496365232283857,0.14963652323393567,0.14963652323855536,0.14963652324018525,0.14963652323702398,0.14963652323393567,0.14963652323702398,0.14963652324018525,0.1496365232421869,0.14963652324018525,0.14963652323855536,0.14963652324018525,0.1496365232421869,0.1483745365109584,0.1483745365064695,0.14837453650229737,0.1483745365064695,0.1483745365109584,0.1483745365064695,0.14837453649818955,0.14837453648789148,0.14837453649818955,0.1483745365064695,0.14837453650229737,0.14837453648789148,0.14837453646142212,0.14837453648789148,0.14837453650229737,0.1483745365064695,0.14837453649818955,0.14837453648789148,0.14837453649818955,0.1483745365064695,0.1483745365109584,0.1483745365064695,0.14837453650229737,0.1483745365064695,0.1483745365109584,0.14713758239298896,0.14713758238492433,0.14713758237620295,0.14713758238492433,0.14713758239298896,0.14713758238492433,0.14713758236733757,0.14713758233722227,0.14713758236733757,0.14713758238492433,0.14713758237620295,0.14713758233722227,0.1471375821940805,0.14713758233722227,0.14713758237620295,0.14713758238492433,0.14713758236733757,0.14713758233722227,0.14713758236733757,0.14713758238492433,0.14713758239298896,0.14713758238492433,0.14713758237620295,0.14713758238492433,0.14713758239298896,0.14592511824288867,0.14592511823337898,0.14592511822344745,0.14592511823337898,0.14592511824288867,0.14592511823337898,0.14592511821339182,0.14592511818170853,0.14592511821339182,0.14592511823337898,0.14592511822344745,0.14592511818170853,0.14592511804922542,0.14592511818170853,0.14592511822344745,0.14592511823337898,0.14592511821339182,0.14592511818170853,0.14592511821339182,0.14592511823337898,0.14592511824288867,0.14592511823337898,0.14592511822344745,0.14592511823337898,0.14592511824288867,0.14473660964868135,0.14473660963913748,0.1447366096294891,0.14473660963913748,0.14473660964868135,0.14473660963913748,0.1447366096197874,0.144736609590617,0.1447366096197874,0.14473660963913748,0.1447366096294891,0.144736609590617,0.144736609474729,0.144736609590617,0.1447366096294891,0.14473660963913748,0.1447366096197874,0.144736609590617,0.1447366096197874,0.14473660963913748,0.14473660964868135,0.14473660963913748,0.1447366096294891,0.14473660963913748,0.14473660964868135,0.14357153074800716,0.14357153073880097,0.14357153072955725,0.14357153073880097,0.14357153074800716,0.14357153073880097,0.1435715307202754,0.14357153069261722,0.1435715307202754,0.14357153073880097,0.14357153072955725,0.14357153069261722,0.1435715305835567,0.14357153069261722,0.14357153072955725,0.14357153073880097,0.1435715307202754,0.14357153069261722,0.1435715307202754,0.14357153073880097,0.14357153074800716,0.14357153073880097,0.14357153072955725,0.14357153073880097,0.14357153074800716,0.14242936449160648,0.14242936448289192,0.1424293644739375,0.14242936448289192,0.14242936449160648,0.14242936448289192,0.14242936446488108,0.14242936443722432,0.14242936446488108,0.14242936448289192,0.1424293644739375,0.14242936443722432,0.14242936432558267,0.14242936443722432,0.1424293644739375,0.14242936448289192,0.14242936446488108,0.14242936443722432,0.14242936446488108,0.14242936448289192,0.14242936449160648,0.14242936448289192,0.1424293644739375,0.14242936448289192,0.14242936449160648,0.1413096028566403,0.1413096028492665,0.14130960284117083,0.1413096028492665,0.1413096028566403,0.1413096028492665,0.1413096028328403,0.14130960280550495,0.1413096028328403,0.1413096028492665,0.14130960284117083,0.14130960280550495,0.14130960268730272,0.14130960280550495,0.14130960284117083,0.1413096028492665,0.1413096028328403,0.14130960280550495,0.1413096028328403,0.1413096028492665,0.1413096028566403,0.1413096028492665,0.14130960284117083,0.1413096028492665,0.1413096028566403,0.14021174701416023,0.1402117470106188,0.14021174700579023,0.1402117470106188,0.14021174701416023,0.1402117470106188,0.14021174700060984,0.14021174697981145,0.14021174700060984,0.1402117470106188,0.14021174700579023,0.14021174697981145,0.1402117468712713,0.14021174697981145,0.14021174700579023,0.1402117470106188,0.14021174700060984,0.14021174697981145,0.14021174700060984,0.1402117470106188,0.14021174701416023,0.1402117470106188,0.14021174700579023,0.1402117470106188,0.14021174701416023,0.13913530745482192,0.13913530745950944,0.13913530746317607,0.13913530745950944,0.13913530745482192,0.13913530745950944,0.13913530746661104,0.1391353074724455,0.13913530746661104,0.13913530745950944,0.13913530746317607,0.1391353074724455,0.1391353074782038,0.1391353074724455,0.13913530746317607,0.13913530745950944,0.13913530746661104,0.1391353074724455,0.13913530746661104,0.13913530745950944,0.13913530745482192,0.13913530745950944,0.13913530746317607,0.13913530745950944,0.13913530745482192,0.13807980407809747,0.1380798040945193,0.13807980411106702,0.1380798040945193,0.13807980407809747,0.1380798040945193,0.13807980412784096,0.1380798041736974,0.13807980412784096,0.1380798040945193,0.13807980411106702,0.1380798041736974,0.13807980430328132,0.1380798041736974,0.13807980411106702,0.1380798040945193,0.13807980412784096,0.1380798041736974,0.13807980412784096,0.13807980409451917,0.13807980407809747,0.1380798040945193,0.13807980411106702,0.13807980409451917,0.13807980407809747,0.13704476625484702,0.1370447662825326,0.13704476631616763,0.1370447662825326,0.13704476625484702,0.1370447662825326,0.13704476635106239,0.13704476648888725,0.13704476635106239,0.1370447662825326,0.13704476631616763,0.13704476648888725,0.13704476725336925,0.13704476648888725,0.13704476631616763,0.1370447662825326,0.13704476635106239,0.13704476648888725,0.13704476635106239,0.1370447662825326,0.13704476625484702,0.1370447662825326,0.13704476631616763,0.1370447662825326,0.13704476625484702,0.13602973286719053,0.13602973288657572,0.13602973290556647,0.13602973288657572,0.13602973286719053,0.13602973288657572,0.13602973292462436,0.13602973297553386,0.13602973292462436,0.13602973288657572,0.13602973290556647,0.13602973297553386,0.1360297331168479,0.13602973297553386,0.13602973290556647,0.13602973288657572,0.13602973292462436,0.13602973297553386,0.13602973292462436,0.13602973288657572,0.13602973286719053,0.13602973288657572,0.13602973290556647,0.13602973288657572,0.13602973286719053,0.13503425235358527,0.13503425236573763,0.13503425237577282,0.13503425236573763,0.13503425235358527,0.13503425236573763,0.13503425238529912,0.13503425240469724,0.13503425238529912,0.13503425236573763,0.13503425237577282,0.13503425240469724,0.13503425243997594,0.13503425240469724,0.13503425237577282,0.13503425236573763,0.13503425238529912,0.13503425240469724,0.13503425238529912,0.13503425236573763,0.13503425235358527,0.13503425236573763,0.13503425237577282,0.13503425236573763,0.13503425235358527
0.165332487737474,0.165332487737474,0.165332487737474,0.165332487737474,0.165332487737474,0.165332487737474,0.165332487737474,0.165332487737474,0.165332487737474,0.165332487737474,0.165332487737474,0.165332487737474,0.16533248773747378,0.16533248773747378,0.165332487737474,0.165332487737474,0.165332487737474,0.16533248773747378,0.165332487737474,0.165332487737474,0.165332487737474,0.165332487737474,0.165332487737474,0.165332487737474,0.165332487737474,0.16375749401963652,0.1637574940196363,0.1637574940196363,0.1637574940196363,0.1637574940196363,0.1637574940196363,0.1637574940196363,0.1637574940196363,0.1637574940196363,0.1637574940196363,0.1637574940196363,0.1637574940196363,0.1637574940196363,0.1637574940196363,0.1637574940196363,0.1637574940196363,0.1637574940196363,0.1637574940196363,0.1637574940196363,0.1637574940196363,0.1637574940196363,0.1637574940196363,0.1637574940196363,0.1637574940196363,0.16375749401963652,0.1622138842336807,0.1622138842336807,0.16221388423368047,0.1622138842336807,0.1622138842336807,0.1622138842336807,0.16221388423368047,0.16221388423368047,0.16221388423368047,0.1622138842336807,0.16221388423368047,0.16221388423368047,0.16221388423368022,0.16221388423368047,0.16221388423368047,0.1622138842336807,0.16221388423368047,0.16221388423368047,0.16221388423368047,0.1622138842336807,0.1622138842336807,0.1622138842336807,0.16221388423368047,0.1622138842336807,0.1622138842336807,0.16070106733664744,0.16070106733664696,0.16070106733664674,0.16070106733664696,0.16070106733664744,0.16070106733664696,0.16070106733664652,0.1607010673366463,0.16070106733664652,0.16070106733664696,0.16070106733664674,0.1607010673366463,0.16070106733664608,0.1607010673366463,0.16070106733664674,0.16070106733664696,0.16070106733664652,0.1607010673366463,0.16070106733664652,0.16070106733664696,0.16070106733664744,0.16070106733664696,0.16070106733664674,0.16070106733664696,0.16070106733664744,0.15921845170351512,0.15921845170351379,0.15921845170351315,0.15921845170351379,0.15921845170351512,0.15921845170351379,0.1592184517035127,0.15921845170351184,0.1592184517035127,0.15921845170351379,0.15921845170351315,0.15921845170351184,0.15921845170351098,0.15921845170351184,0.15921845170351315,0.15921845170351379,0.1592184517035127,0.15921845170351184,0.1592184517035127,0.15921845170351379,0.15921845170351512,0.15921845170351379,0.15921845170351315,0.15921845170351379,0.15921845170351512,0.15776544647905222,0.1577654464790486,0.15776544647904625,0.1577654464790486,0.15776544647905222,0.1577654464790486,0.15776544647904456,0.15776544647904198,0.15776544647904456,0.1577654464790486,0.15776544647904625,0.15776544647904198,0.15776544647903923,0.15776544647904198,0.15776544647904625,0.1577654464790486,0.15776544647904456,0.15776544647904198,0.15776544647904456,0.1577654464790486,0.15776544647905222,0.1577654464790486,0.15776544647904625,0.1577654464790486,0.15776544647905222,0.15634146279214292,0.15634146279213143,0.1563414627921241,0.15634146279213143,0.15634146279214292,0.15634146279213143,0.15634146279211888,0.15634146279211072,0.15634146279211888,0.15634146279213143,0.1563414627921241,0.15634146279211072,0.15634146279210193,0.15634146279211072,0.1563414627921241,0.15634146279213143,0.15634146279211888,0.15634146279211072,0.15634146279211888,0.15634146279213143,0.15634146279214292,0.15634146279213143,0.1563414627921241,0.15634146279213143,0.15634146279214292,0.15494591484285403,0.1549459148428194,0.15494591484279704,0.1549459148428194,0.15494591484285403,0.1549459148428194,0.15494591484278022,0.15494591484275383,0.15494591484278022,0.1549459148428194,0.15494591484279704,0.15494591484275383,0.15494591484272469,0.15494591484275383,0.15494591484279704,0.1549459148428194,0.15494591484278022,0.15494591484275383,0.15494591484278022,0.1549459148428194,0.15494591484285403,0.1549459148428194,0.15494591484279704,0.1549459148428194,0.15494591484285403,0.15357822087196135,0.15357822087185993,0.15357822087179246,0.15357822087185993,0.15357822087196135,0.15357822087185993,0.15357822087173822,0.15357822087165404,0.15357822087173822,0.15357822087185977,0.15357822087179246,0.15357822087165404,0.15357822087155665,0.15357822087165404,0.15357822087179246,0.15357822087185993,0.15357822087173822,0.15357822087165404,0.15357822087173822,0.15357822087185993,0.15357822087196135,0.15357822087185977,0.15357822087179246,0.15357822087185993,0.15357822087196135,0.1522378040221116,0.15223780402182205,0.15223780402162165,0.15223780402182205,0.1522378040221116,0.15223780402182205,0.15223780402145198,0.15223780402117817,0.15223780402145198,0.15223780402182205,0.15223780402162165,0.15223780402117817,0.15223780402083373,0.15223780402117817,0.15223780402162165,0.15223780402182205,0.15223780402145198,0.15223780402117817,0.15223780402145198,0.15223780402182205,0.1522378040221116,0.15223780402182205,0.15223780402162165,0.15223780402182205,0.1522378040221116,0.1509240930992889,0.15092409309850063,0.15092409309791743,0.15092409309850063,0.1509240930992889,0.15092409309850063,0.15092409309739713,0.15092409309648616,0.15092409309739713,0.15092409309850063,0.15092409309791743,0.15092409309648616,0.15092409309517354,0.15092409309648616,0.15092409309791743,0.15092409309850063,0.15092409309739713,0.15092409309648616,0.15092409309739713,0.15092409309850063,0.1509240930992889,0.15092409309850063,0.15092409309791743,0.15092409309850063,0.1509240930992889,0.1496365232428022,0.14963652324080395,0.14963652323917687,0.14963652324080395,0.1496365232428022,0.14963652324080395,0.14963652323764834,0.14963652323456514,0.14963652323764834,0.14963652324080395,0.14963652323917687,0.14963652323456514,0.1496365232290246,0.14963652323456514,0.14963652323917687,0.14963652324080395,0.14963652323764834,0.14963652323456514,0.14963652323764834,0.14963652324080395,0.1496365232428022,0.14963652324080395,0.14963652323917687,0.14963652324080395,0.1496365232428022,0.14837453651154958,0.1483745365070687,0.14837453650290378,0.1483745365070687,0.14837453651154958,0.1483745365070687,0.14837453649880317,0.14837453648852272,0.14837453649880317,0.1483745365070687,0.14837453650290378,0.14837453648852272,0.14837453646209786,0.14837453648852272,0.14837453650290378,0.1483745365070687,0.14837453649880317,0.14837453648852272,0.14837453649880317,0.1483745365070687,0.14837453651154958,0.1483745365070687,0.14837453650290378,0.1483745365070687,0.14837453651154958,0.14713758239353977,0.14713758238548982,0.14713758237678426,0.14713758238548982,0.14713758239353977,0.14713758238548982,0.14713758236793448,0.14713758233787078,0.14713758236793448,0.14713758238548982,0.14713758237678426,0.14713758233787078,0.1471375821949739,0.14713758233787078,0.14713758237678426,0.14713758238548982,0.14713758236793448,0.14713758233787078,0.14713758236793448,0.14713758238548982,0.14713758239353977,0.14713758238548982,0.14713758237678426,0.14713758238548982,0.14713758239353977,0.1459251182433682,0.1459251182338779,0.14592511822396598,0.1459251182338779,0.1459251182433682,0.1459251182338779,0.14592511821392976,0.14592511818230486,0.14592511821392976,0.1459251182338779,0.14592511822396598,0.14592511818230486,0.145925118050044,0.14592511818230486,0.14592511822396598,0.1459251182338779,0.14592511821392976,0.14592511818230486,0.14592511821392976,0.1459251182338779,0.1459251182433682,0.1459251182338779,0.14592511822396598,0.1459251182338779,0.1459251182433682,0.14473660964904894,0.144736609639529,0.14473660962990398,0.144736609639529,0.14473660964904894,0.144736609639529,0.14473660962022572,0.1447366095911225,0.14473660962022572,0.144736609639529,0.14473660962990398,0.1447366095911225,0.1447366094755094,0.1447366095911225,0.14473660962990398,0.144736609639529,0.14473660962022572,0.1447366095911225,0.14473660962022555,0.144736609639529,0.14473660964904894,0.144736609639529,0.14473660962990398,0.144736609639529,0.14473660964904894,0.1435715307482118,0.1435715307390359,0.14357153072982196,0.1435715307390359,0.1435715307482118,0.1435715307390359,0.14357153072056988,0.14357153069299847,0.14357153072056988,0.1435715307390359,0.14357153072982196,0.14357153069299847,0.14357153058427144,0.14357153069299847,0.14357153072982196,0.1435715307390359,0.14357153072056988,0.14357153069299847,0.14357153072056988,0.1435715307390359,0.1435715307482118,0.1435715307390359,0.14357153072982196,0.1435715307390359,0.1435715307482118,0.142429364491584,0.14242936448290702,0.1424293644739912,0.14242936448290702,0.142429364491584,0.14242936448290702,0.14242936446497367,0.14242936443743465,0.14242936446497367,0.14242936448290702,0.1424293644739912,0.14242936443743465,0.14242936432623823,0.14242936443743465,0.1424293644739912,0.14242936448290702,0.14242936446497367,0.14242936443743465,0.14242936446497367,0.14242936448290702,0.142429364491584,0.14242936448290702,0.1424293644739912,0.14242936448290702,0.142429364491584,0.14130960285631022,0.14130960284897817,0.1413096028409284,0.14130960284897817,0.14130960285631022,0.14130960284897817,0.14130960283264524,0.14130960280546662,0.14130960283264524,0.14130960284897817,0.1413096028409284,0.14130960280546662,0.14130960268795678,0.14130960280546662,0.1413096028409284,0.14130960284897817,0.14130960283264524,0.14130960280546662,0.14130960283264524,0.14130960284897817,0.14130960285631022,0.14130960284897817,0.1413096028409284,0.14130960284897817,0.14130960285631022,0.14021174701343217,0.14021174700992187,0.14021174700513217,0.14021174700992187,0.14021174701343217,0.14021174700992187,0.1402117469999924,0.14021174697934943,0.1402117469999924,0.14021174700992187,0.14021174700513217,0.14021174697934943,0.1402117468715848,0.14021174697934943,0.14021174700513217,0.14021174700992187,0.1402117469999924,0.14021174697934943,0.1402117469999924,0.14021174700992187,0.14021174701343217,0.14021174700992187,0.14021174700513217,0.14021174700992187,0.14021174701343217,0.13913530745362626,0.13913530745830874,0.13913530746197375,0.13913530745830874,0.13913530745362626,0.13913530745830874,0.1391353074654078,0.13913530747125066,0.1391353074654078,0.13913530745830874,0.13913530746197375,0.13913530747125066,0.1391353074770646,0.13913530747125066,0.13913530746197375,0.13913530745830874,0.1391353074654078,0.13913530747125066,0.1391353074654078,0.13913530745830874,0.13913530745362626,0.13913530745830874,0.13913530746197375,0.13913530745830874,0.13913530745362626,0.13807980407643747,0.13807980409280718,0.13807980410930187,0.13807980409280718,0.13807980407643747,0.13807980409280718,0.13807980412602155,0.13807980417172683,0.13807980412602155,0.13807980409280718,0.13807980410930187,0.13807980417172683,0.13807980430087521,0.13807980417172683,0.13807980410930187,0.13807980409280718,0.13807980412602155,0.13807980417172683,0.13807980412602155,0.13807980409280718,0.13807980407643747,0.13807980409280718,0.13807980410930187,0.13807980409280718,0.13807980407643747,0.13704476625282278,0.13704476628041407,0.13704476631393359,0.13704476628041407,0.13704476625282278,0.13704476628041407,0.13704476634870832,0.13704476648605596,0.13704476634870832,0.13704476628041407,0.13704476631393359,0.13704476648605596,0.1370447672478765,0.13704476648605596,0.13704476631393359,0.13704476628041407,0.13704476634870832,0.13704476648605596,0.13704476634870832,0.13704476628041407,0.13704476625282278,0.13704476628041407,0.13704476631393359,0.13704476628041407,0.13704476625282278,0.1360297328649908,0.1360297328843093,0.1360297329032346,0.1360297328843093,0.1360297328649908,0.1360297328843093,0.1360297329222266,0.1360297329729597,0.1360297329222266,0.1360297328843093,0.1360297329032346,0.1360297329729597,0.13602973311378289,0.1360297329729597,0.1360297329032346,0.1360297328843093,0.1360297329222266,0.1360297329729597,0.1360297329222266,0.1360297328843093,0.1360297328649908,0.1360297328843093,0.1360297329032346,0.1360297328843093,0.1360297328649908,0.13503425235134403,0.13503425236345437,0.13503425237345495,0.13503425236345437,0.13503425235134403,0.13503425236345437,0.1350342523829483,0.1350342524022792,0.1350342523829483,0.13503425236345437,0.13503425237345495,0.1350342524022792,0.13503425243743547,0.1350342524022792,0.13503425237345495,0.13503425236345437,0.1350342523829483,0.1350342524022792,0.1350342523829483,0.13503425236345437,0.13503425235134403,0.13503425236345437,0.13503425237345495,0.13503425236345437,0.13503425235134403
0.16533248773825088,0.16533248773825088,0.16533248773825088,0.16533248773825088,0.16533248773825088,0.16533248773825088,0.16533248773825088,0.16533248773825088,0.16533248773825088,0.16533248773825088,0.16533248773825088,0.16533248773825088,0.16533248773825088,0.16533248773825088,0.16533248773825088,0.16533248773825088,0.16533248773825088,0.16533248773825088,0.16533248773825088,0.16533248773825088,0.16533248773825088,0.16533248773825088,0.16533248773825088,0.16533248773825088,0.16533248773825088,0.1637574940203979,0.1637574940203979,0.1637574940203979,0.1637574940203979,0.1637574940203979,0.1637574940203979,0.1637574940203979,0.1637574940203979,0.1637574940203979,0.1637574940203979,0.1637574940203979,0.1637574940203979,0.16375749402039771,0.1637574940203979,0.1637574940203979,0.1637574940203979,0.1637574940203979,0.1637574940203979,0.1637574940203979,0.1637574940203979,0.1637574940203979,0.1637574940203979,0.1637574940203979,0.1637574940203979,0.1637574940203979,0.16221388423442715,0.1622138842344269,0.1622138842344269,0.1622138842344269,0.16221388423442715,0.1622138842344269,0.1622138842344269,0.16221388423442668,0.1622138842344269,0.1622138842344269,0.1622138842344269,0.16221388423442668,0.16221388423442668,0.16221388423442668,0.1622138842344269,0.1622138842344269,0.1622138842344269,0.16221388423442668,0.1622138842344269,0.1622138842344269,0.16221388423442715,0.1622138842344269,0.1622138842344269,0.1622138842344269,0.16221388423442715,0.16070106733737896,0.16070106733737852,0.1607010673373783,0.16070106733737852,0.16070106733737896,0.16070106733737852,0.16070106733737805,0.16070106733737785,0.16070106733737805,0.16070106733737852,0.1607010673373783,0.16070106733737785,0.16070106733737763,0.16070106733737785,0.1607010673373783,0.16070106733737852,0.16070106733737805,0.16070106733737785,0.16070106733737805,0.16070106733737852,0.16070106733737896,0.16070106733737852,0.1607010673373783,0.16070106733737852,0.16070106733737896,0.15921845170423207,0.15921845170423074,0.15921845170423007,0.15921845170423074,0.15921845170423207,0.15921845170423074,0.15921845170422966,0.1592184517042288,0.15921845170422966,0.15921845170423074,0.15921845170423007,0.1592184517042288,0.15921845170422794,0.1592184517042288,0.15921845170423007,0.15921845170423074,0.15921845170422966,0.1592184517042288,0.15921845170422966,0.15921845170423074,0.15921845170423207,0.15921845170423074,0.15921845170423007,0.15921845170423074,0.15921845170423207,0.15776544647975507,0.15776544647975121,0.15776544647974888,0.15776544647975121,0.15776544647975507,0.15776544647975121,0.15776544647974716,0.1577654464797446,0.15776544647974716,0.15776544647975121,0.15776544647974888,0.1577654464797446,0.15776544647974206,0.1577654464797446,0.15776544647974888,0.15776544647975121,0.15776544647974716,0.1577654464797446,0.15776544647974716,0.15776544647975121,0.15776544647975507,0.15776544647975121,0.15776544647974888,0.15776544647975121,0.15776544647975507,0.1563414627928317,0.1563414627928202,0.1563414627928129,0.1563414627928202,0.1563414627928317,0.1563414627928202,0.1563414627928077,0.15634146279279953,0.1563414627928077,0.1563414627928202,0.1563414627928129,0.15634146279279953,0.15634146279279074,0.15634146279279953,0.1563414627928129,0.1563414627928202,0.1563414627928077,0.15634146279279953,0.1563414627928077,0.1563414627928202,0.1563414627928317,0.1563414627928202,0.1563414627928129,0.1563414627928202,0.1563414627928317,0.15494591484352907,0.15494591484349443,0.15494591484347212,0.15494591484349443,0.15494591484352907,0.15494591484349443,0.1549459148434553,0.15494591484342907,0.1549459148434553,0.15494591484349443,0.15494591484347212,0.15494591484342907,0.15494591484339995,0.15494591484342907,0.15494591484347212,0.15494591484349443,0.1549459148434553,0.15494591484342907,0.1549459148434553,0.15494591484349443,0.15494591484352907,0.15494591484349443,0.15494591484347212,0.15494591484349443,0.15494591484352907,0.15357822087262274,0.15357822087252132,0.15357822087245404,0.15357822087252132,0.15357822087262274,0.15357822087252132,0.1535782208724,0.15357822087231604,0.1535782208724,0.15357822087252132,0.15357822087245404,0.15357822087231604,0.15357822087221865,0.15357822087231604,0.15357822087245404,0.15357822087252132,0.1535782208724,0.15357822087231604,0.1535782208724,0.15357822087252132,0.15357822087262274,0.15357822087252132,0.15357822087245404,0.15357822087252132,0.15357822087262274,0.15223780402275922,0.15223780402247042,0.15223780402227025,0.15223780402247042,0.15223780402275922,0.15223780402247042,0.15223780402210077,0.15223780402182754,0.15223780402210077,0.15223780402247042,0.15223780402227025,0.15223780402182754,0.15223780402148368,0.15223780402182754,0.15223780402227025,0.15223780402247042,0.15223780402210077,0.15223780402182754,0.15223780402210077,0.15223780402247042,0.15223780402275922,0.15223780402247042,0.15223780402227025,0.15223780402247042,0.15223780402275922,0.15092409309992225,0.15092409309913535,0.15092409309855329,0.15092409309913535,0.15092409309992225,0.15092409309913535,0.15092409309803378,0.15092409309712435,0.15092409309803378,0.15092409309913535,0.15092409309855329,0.15092409309712435,0.150924093095814,0.15092409309712435,0.15092409309855329,0.15092409309913535,0.15092409309803378,0.15092409309712435,0.15092409309803378,0.15092409309913535,0.15092409309992225,0.15092409309913535,0.15092409309855329,0.15092409309913535,0.15092409309992225,0.14963652324341842,0.14963652324142376,0.14963652323979953,0.14963652324142376,0.14963652324341842,0.14963652324142376,0.14963652323827364,0.1496365232351959,0.14963652323827364,0.14963652324142376,0.14963652323979953,0.1496365232351959,0.14963652322966464,0.1496365232351959,0.14963652323979953,0.14963652324142376,0.14963652323827364,0.1496365232351959,0.14963652323827364,0.14963652324142376,0.14963652324341842,0.14963652324142376,0.14963652323979953,0.14963652324142376,0.14963652324341842,0.14837453651214172,0.1483745365076688,0.14837453650351146,0.1483745365076688,0.14837453651214172,0.1483745365076688,0.1483745364994179,0.14837453648915508,0.1483745364994179,0.1483745365076688,0.14837453650351146,0.14837453648915508,0.1483745364627752,0.14837453648915508,0.14837453650351146,0.1483745365076688,0.1483745364994179,0.14837453648915508,0.1483745364994179,0.1483745365076688,0.14837453651214172,0.1483745365076688,0.14837453650351146,0.1483745365076688,0.14837453651214172,0.14713758239409128,0.1471375823860564,0.1471375823773663,0.1471375823860564,0.14713758239409128,0.1471375823860564,0.1471375823685323,0.14713758233852056,0.1471375823685323,0.1471375823860564,0.1471375823773663,0.14713758233852056,0.14713758219587036,0.14713758233852056,0.1471375823773663,0.1471375823860564,0.1471375823685323,0.14713758233852056,0.1471375823685323,0.1471375823860564,0.14713758239409128,0.1471375823860564,0.1471375823773663,0.1471375823860564,0.14713758239409128,0.14592511824384807,0.14592511823437737,0.14592511822448484,0.14592511823437737,0.14592511824384807,0.14592511823437737,0.1459251182144682,0.14592511818290244,0.1459251182144682,0.14592511823437737,0.14592511822448484,0.14592511818290244,0.14592511805088212,0.14592511818290244,0.14592511822448484,0.14592511823437737,0.1459251182144682,0.14592511818290244,0.1459251182144682,0.14592511823437737,0.14592511824384807,0.14592511823437737,0.14592511822448484,0.14592511823437737,0.14592511824384807,0.14473660964941604,0.14473660963992016,0.1447366096303187,0.14473660963992016,0.14473660964941604,0.14473660963992016,0.14473660962066384,0.14473660959162885,0.14473660962066384,0.14473660963992016,0.1447366096303187,0.14473660959162885,0.14473660947627429,0.14473660959162885,0.1447366096303187,0.14473660963992016,0.14473660962066384,0.14473660959162885,0.14473660962066384,0.14473660963992016,0.14473660964941604,0.14473660963992016,0.1447366096303187,0.14473660963992016,0.14473660964941604,0.14357153074841525,0.14357153073926962,0.14357153073008547,0.14357153073926962,0.14357153074841525,0.14357153073926962,0.1435715307208635,0.14357153069337952,0.1435715307208635,0.14357153073926962,0.14357153073008547,0.14357153069337952,0.14357153058497146,0.14357153069337952,0.14357153073008547,0.14357153073926962,0.1435715307208635,0.14357153069337952,0.1435715307208635,0.14357153073926962,0.14357153074841525,0.14357153073926962,0.14357153073008547,0.14357153073926962,0.14357153074841525,0.14242936449155935,0.1424293644829198,0.14242936447404234,0.1424293644829198,0.14242936449155935,0.1424293644829198,0.14242936446506377,0.1424293644376425,0.14242936446506377,0.1424293644829198,0.14242936447404234,0.1424293644376425,0.14242936432691528,0.1424293644376425,0.14242936447404234,0.1424293644829198,0.14242936446506377,0.1424293644376425,0.14242936446506377,0.1424293644829198,0.14242936449155935,0.1424293644829198,0.14242936447404234,0.1424293644829198,0.14242936449155935,0.14130960285597685,0.14130960284868607,0.14130960284068203,0.14130960284868607,0.14130960285597685,0.14130960284868607,0.14130960283244573,0.1413096028054227,0.14130960283244573,0.14130960284868607,0.14130960284068203,0.1413096028054227,0.14130960268859097,0.1413096028054227,0.14130960284068203,0.14130960284868607,0.14130960283244573,0.1413096028054227,0.14130960283244573,0.14130960284868607,0.14130960285597685,0.14130960284868607,0.14130960284068203,0.14130960284868607,0.14130960285597685,0.14021174701270042,0.1402117470092209,0.14021174700446923,0.1402117470092209,0.14021174701270042,0.1402117470092209,0.14021174699936947,0.14021174697887986,0.14021174699936947,0.1402117470092209,0.14021174700446923,0.14021174697887986,0.14021174687191665,0.14021174697887986,0.14021174700446923,0.1402117470092209,0.14021174699936947,0.14021174697887986,0.14021174699936947,0.1402117470092209,0.14021174701270042,0.1402117470092209,0.14021174700446923,0.1402117470092209,0.14021174701270042,0.13913530745242714,0.1391353074571047,0.13913530746076772,0.1391353074571047,0.13913530745242714,0.1391353074571047,0.1391353074642006,0.13913530747005123,0.1391353074642006,0.1391353074571047,0.13913530746076772,0.13913530747005123,0.1391353074759191,0.13913530747005123,0.13913530746076772,0.1391353074571047,0.1391353074642006,0.13913530747005123,0.1391353074642006,0.1391353074571047,0.13913530745242714,0.1391353074571047,0.13913530746076772,0.1391353074571047,0.13913530745242714,0.13807980407477494,0.13807980409109305,0.13807980410753443,0.13807980409109305,0.13807980407477494,0.13807980409109305,0.13807980412419998,0.13807980416975438,0.13807980412419998,0.13807980409109305,0.13807980410753443,0.13807980416975438,0.1380798042984679,0.13807980416975438,0.13807980410753443,0.13807980409109305,0.13807980412419998,0.13807980416975438,0.13807980412419998,0.13807980409109305,0.13807980407477494,0.13807980409109305,0.13807980410753443,0.13807980409109305,0.13807980407477494,0.13704476625079698,0.13704476627829448,0.13704476631169873,0.13704476627829448,0.13704476625079698,0.13704476627829448,0.13704476634635368,0.13704476648322544,0.13704476634635368,0.13704476627829434,0.13704476631169873,0.13704476648322544,0.13704476724240125,0.13704476648322544,0.13704476631169873,0.13704476627829448,0.13704476634635368,0.13704476648322544,0.13704476634635368,0.13704476627829434,0.13704476625079698,0.13704476627829434,0.13704476631169873,0.13704476627829434,0.13704476625079698,0.1360297328627901,0.13602973288204226,0.13602973290090212,0.13602973288204226,0.1360297328627901,0.13602973288204226,0.1360297329198285,0.13602973297038568,0.1360297329198285,0.13602973288204226,0.13602973290090212,0.13602973297038568,0.1360297331107192,0.13602973297038568,0.13602973290090212,0.13602973288204226,0.1360297329198285,0.13602973297038568,0.1360297329198285,0.13602973288204226,0.1360297328627901,0.13602973288204226,0.13602973290090212,0.13602973288204226,0.1360297328627901,0.1350342523491022,0.1350342523611707,0.13503425237113661,0.1350342523611707,0.1350342523491022,0.1350342523611707,0.1350342523805971,0.135034252399861,0.1350342523805971,0.1350342523611707,0.13503425237113661,0.135034252399861,0.13503425243489517,0.135034252399861,0.13503425237113661,0.1350342523611707,0.1350342523805971,0.135034252399861,0.1350342523805971,0.1350342523611707,0.1350342523491022,0.1350342523611707,0.13503425237113661,0.1350342523611707,0.1350342523491022
0.16533248773902917,0.16533248773902917,0.16533248773902917,0.16533248773902917,0.16533248773902917,0.16533248773902917,0.16533248773902917,0.16533248773902917,0.16533248773902917,0.16533248773902917,0.16533248773902917,0.16533248773902917,0.16533248773902917,0.16533248773902917,0.16533248773902917,0.16533248773902917,0.16533248773902917,0.16533248773902917,0.16533248773902917,0.16533248773902917,0.16533248773902917,0.16533248773902917,0.16533248773902917,0.16533248773902917,0.16533248773902917,0.16375749402116072,0.16375749402116072,0.16375749402116072,0.16375749402116072,0.16375749402116072,0.16375749402116072,0.16375749402116047,0.16375749402116047,0.16375749402116047,0.16375749402116072,0.16375749402116072,0.16375749402116047,0.16375749402116047,0.16375749402116047,0.16375749402116047,0.16375749402116072,0.16375749402116047,0.16375749402116047,0.16375749402116047,0.16375749402116072,0.16375749402116072,0.16375749402116072,0.16375749402116047,0.16375749402116072,0.16375749402116072,0.16221388423517472,0.1622138842351745,0.1622138842351745,0.1622138842351745,0.16221388423517472,0.1622138842351745,0.16221388423517424,0.16221388423517424,0.16221388423517424,0.1622138842351745,0.1622138842351745,0.16221388423517424,0.16221388423517424,0.16221388423517424,0.1622138842351745,0.1622138842351745,0.16221388423517424,0.16221388423517424,0.16221388423517424,0.1622138842351745,0.16221388423517472,0.1622138842351745,0.1622138842351745,0.1622138842351745,0.16221388423517472,0.16070106733811165,0.1607010673381112,0.16070106733811096,0.1607010673381112,0.16070106733811165,0.1607010673381112,0.16070106733811074,0.16070106733811051,0.16070106733811074,0.1607010673381112,0.16070106733811096,0.16070106733811051,0.1607010673381103,0.16070106733811051,0.16070106733811096,0.1607010673381112,0.16070106733811074,0.16070106733811051,0.16070106733811074,0.1607010673381112,0.16070106733811165,0.1607010673381112,0.16070106733811096,0.1607010673381112,0.16070106733811165,0.15921845170495008,0.15921845170494878,0.1592184517049481,0.15921845170494878,0.15921845170495008,0.15921845170494878,0.1592184517049477,0.1592184517049468,0.1592184517049477,0.15921845170494878,0.1592184517049481,0.1592184517049468,0.15921845170494595,0.1592184517049468,0.1592184517049481,0.15921845170494878,0.1592184517049477,0.1592184517049468,0.1592184517049477,0.15921845170494878,0.15921845170495008,0.15921845170494878,0.1592184517049481,0.15921845170494878,0.15921845170495008,0.15776544648045873,0.15776544648045493,0.15776544648045257,0.15776544648045493,0.15776544648045873,0.15776544648045493,0.15776544648045088,0.1577654464804483,0.15776544648045088,0.15776544648045493,0.15776544648045257,0.1577654464804483,0.15776544648044574,0.1577654464804483,0.15776544648045257,0.15776544648045493,0.15776544648045088,0.1577654464804483,0.15776544648045088,0.15776544648045493,0.15776544648045873,0.15776544648045493,0.15776544648045257,0.15776544648045493,0.15776544648045873,0.15634146279352135,0.15634146279350986,0.15634146279350253,0.15634146279350986,0.15634146279352135,0.15634146279350986,0.1563414627934973,0.15634146279348918,0.1563414627934973,0.15634146279350986,0.15634146279350253,0.15634146279348918,0.15634146279348057,0.15634146279348918,0.15634146279350253,0.15634146279350986,0.1563414627934973,0.15634146279348918,0.1563414627934973,0.15634146279350986,0.15634146279352135,0.15634146279350986,0.15634146279350253,0.15634146279350986,0.15634146279352135,0.15494591484420492,0.1549459148441705,0.15494591484414816,0.1549459148441705,0.15494591484420492,0.1549459148441705,0.15494591484413137,0.15494591484410514,0.15494591484413117,0.1549459148441705,0.15494591484414816,0.15494591484410514,0.15494591484407602,0.15494591484410514,0.15494591484414816,0.1549459148441705,0.15494591484413117,0.15494591484410514,0.15494591484413117,0.1549459148441705,0.15494591484420492,0.1549459148441705,0.15494591484414816,0.1549459148441705,0.15494591484420492,0.15357822087328513,0.15357822087318387,0.1535782208731166,0.15357822087318387,0.15357822087328513,0.15357822087318387,0.15357822087306278,0.15357822087297882,0.15357822087306278,0.15357822087318387,0.1535782208731166,0.15357822087297882,0.15357822087288162,0.15357822087297882,0.1535782208731166,0.15357822087318387,0.15357822087306278,0.15357822087297882,0.15357822087306278,0.15357822087318387,0.15357822087328513,0.15357822087318387,0.1535782208731166,0.15357822087318387,0.15357822087328513,0.15223780402340778,0.15223780402311943,0.15223780402291961,0.15223780402311943,0.15223780402340778,0.15223780402311943,0.15223780402275056,0.15223780402247772,0.15223780402275056,0.15223780402311943,0.15223780402291961,0.15223780402247772,0.1522378040221344,0.15223780402247772,0.15223780402291961,0.15223780402311943,0.15223780402275056,0.15223780402247772,0.15223780402275056,0.15223780402311943,0.15223780402340778,0.15223780402311943,0.15223780402291961,0.15223780402311943,0.15223780402340778,0.15092409310055638,0.1509240930997708,0.15092409309918975,0.1509240930997708,0.15092409310055638,0.1509240930997708,0.15092409309867116,0.15092409309776347,0.15092409309867116,0.1509240930997708,0.15092409309918975,0.15092409309776347,0.15092409309645527,0.15092409309776347,0.15092409309918975,0.1509240930997708,0.15092409309867116,0.15092409309776347,0.15092409309867116,0.1509240930997708,0.15092409310055638,0.1509240930997708,0.15092409309918975,0.1509240930997708,0.15092409310055638,0.1496365232440354,0.14963652324204432,0.14963652324042293,0.14963652324204432,0.1496365232440354,0.14963652324204432,0.14963652323889967,0.14963652323582724,0.14963652323889967,0.14963652324204432,0.14963652324042293,0.14963652323582724,0.14963652323030543,0.14963652323582724,0.14963652324042293,0.14963652324204432,0.14963652323889967,0.14963652323582724,0.14963652323889967,0.14963652324204432,0.1496365232440354,0.14963652324204432,0.14963652324042293,0.14963652324204432,0.1496365232440354,0.14837453651273438,0.14837453650826962,0.14837453650411953,0.14837453650826962,0.14837453651273438,0.14837453650826962,0.14837453650003318,0.14837453648978835,0.14837453650003318,0.14837453650826962,0.14837453650411953,0.14837453648978835,0.14837453646345333,0.14837453648978835,0.14837453650411953,0.14837453650826962,0.14837453650003318,0.14837453648978835,0.14837453650003318,0.14837453650826962,0.14837453651273438,0.14837453650826962,0.14837453650411953,0.14837453650826962,0.14837453651273438,0.14713758239464314,0.14713758238662317,0.14713758237794886,0.14713758238662317,0.14713758239464314,0.14713758238662317,0.1471375823691307,0.1471375823391711,0.1471375823691307,0.14713758238662317,0.14713758237794886,0.1471375823391711,0.1471375821967792,0.1471375823391711,0.14713758237794886,0.14713758238662317,0.1471375823691307,0.1471375823391711,0.1471375823691307,0.14713758238662317,0.14713758239464314,0.14713758238662317,0.14713758237794886,0.14713758238662317,0.14713758239464314,0.14592511824432797,0.14592511823487686,0.1459251182250041,0.14592511823487686,0.14592511824432797,0.14592511823487686,0.1459251182150072,0.14592511818350057,0.1459251182150072,0.14592511823487686,0.1459251182250041,0.14592511818350057,0.145925118051703,0.14592511818350057,0.1459251182250041,0.14592511823487686,0.1459251182150072,0.14592511818350057,0.1459251182150072,0.14592511823487686,0.14592511824432797,0.14592511823487686,0.1459251182250041,0.14592511823487686,0.14592511824432797,0.14473660964978277,0.144736609640311,0.14473660963073326,0.144736609640311,0.14473660964978277,0.144736609640311,0.14473660962110196,0.14473660959213522,0.14473660962110196,0.144736609640311,0.14473660963073326,0.14473660959213522,0.1447366094770603,0.14473660959213522,0.14473660963073326,0.144736609640311,0.14473660962110196,0.14473660959213522,0.14473660962110196,0.144736609640311,0.14473660964978277,0.144736609640311,0.14473660963073326,0.144736609640311,0.14473660964978277,0.1435715307486175,0.14357153073950196,0.14357153073034798,0.14357153073950196,0.1435715307486175,0.14357153073950196,0.14357153072115594,0.14357153069375975,0.14357153072115594,0.14357153073950196,0.14357153073034798,0.14357153069375975,0.14357153058571578,0.14357153069375975,0.14357153073034798,0.14357153073950196,0.14357153072115594,0.14357153069375975,0.14357153072115594,0.14357153073950196,0.1435715307486175,0.14357153073950196,0.14357153073034798,0.14357153073950196,0.1435715307486175,0.14242936449153235,0.14242936448293017,0.14242936447409116,0.14242936448293017,0.14242936449153235,0.14242936448293017,0.1424293644651515,0.14242936443784818,0.1424293644651515,0.14242936448293017,0.14242936447409116,0.14242936443784818,0.14242936432758058,0.14242936443784818,0.14242936447409116,0.14242936448293017,0.1424293644651515,0.14242936443784818,0.1424293644651515,0.14242936448293017,0.14242936449153235,0.14242936448293017,0.14242936447409116,0.14242936448293017,0.14242936449153235,0.14130960285564054,0.1413096028483907,0.14130960284043206,0.1413096028483907,0.14130960285564054,0.1413096028483907,0.1413096028322423,0.14130960280537352,0.1413096028322423,0.1413096028483907,0.14130960284043206,0.14130960280537352,0.14130960268921397,0.14130960280537352,0.14130960284043206,0.1413096028483907,0.1413096028322423,0.14130960280537352,0.1413096028322423,0.1413096028483907,0.14130960285564054,0.1413096028483907,0.14130960284043206,0.1413096028483907,0.14130960285564054,0.1402117470119656,0.1402117470085162,0.14021174700380215,0.1402117470085162,0.1402117470119656,0.1402117470085162,0.14021174699874206,0.14021174697840352,0.14021174699874206,0.1402117470085162,0.14021174700380215,0.14021174697840352,0.14021174687220805,0.14021174697840352,0.14021174700380215,0.1402117470085162,0.14021174699874206,0.14021174697840352,0.14021174699874206,0.1402117470085162,0.1402117470119656,0.1402117470085162,0.14021174700380215,0.1402117470085162,0.1402117470119656,0.13913530745122582,0.139135307455898,0.13913530745955893,0.139135307455898,0.13913530745122582,0.139135307455898,0.13913530746299044,0.139135307468848,0.13913530746299044,0.139135307455898,0.13913530745955893,0.139135307468848,0.13913530747476788,0.139135307468848,0.13913530745955893,0.139135307455898,0.13913530746299044,0.139135307468848,0.13913530746299044,0.139135307455898,0.13913530745122582,0.139135307455898,0.13913530745955893,0.139135307455898,0.13913530745122582,0.13807980407311118,0.1380798040893775,0.13807980410576587,0.1380798040893775,0.13807980407311118,0.1380798040893775,0.13807980412237747,0.13807980416778118,0.13807980412237747,0.1380798040893775,0.13807980410576587,0.13807980416778118,0.13807980429606104,0.13807980416778118,0.13807980410576587,0.1380798040893775,0.13807980412237747,0.13807980416778118,0.13807980412237747,0.1380798040893775,0.13807980407311118,0.1380798040893775,0.13807980410576587,0.1380798040893775,0.13807980407311118,0.1370447662487712,0.1370447662761749,0.13704476630946422,0.1370447662761749,0.1370447662487712,0.1370447662761749,0.1370447663439998,0.13704476648039687,0.1370447663439998,0.1370447662761749,0.13704476630946422,0.13704476648039687,0.13704476723693296,0.13704476648039687,0.13704476630946422,0.1370447662761749,0.1370447663439998,0.13704476648039687,0.1370447663439998,0.1370447662761749,0.1370447662487712,0.1370447662761749,0.13704476630946422,0.1370447662761749,0.1370447662487712,0.13602973286059006,0.13602973287977588,0.13602973289857057,0.13602973287977588,0.13602973286059006,0.13602973287977588,0.1360297329174313,0.13602973296781315,0.1360297329174313,0.13602973287977588,0.13602973289857057,0.13602973296781315,0.13602973310765848,0.13602973296781315,0.13602973289857057,0.13602973287977588,0.1360297329174313,0.13602973296781315,0.1360297329174313,0.13602973287977588,0.13602973286059006,0.13602973287977588,0.13602973289857057,0.13602973287977588,0.13602973286059006,0.13503425234686095,0.13503425235888777,0.13503425236881927,0.1350342523588879,0.13503425234686095,0.13503425235888777,0.13503425237824704,0.13503425239744396,0.13503425237824704,0.1350342523588879,0.13503425236881927,0.13503425239744396,0.13503425243235648,0.13503425239744396,0.13503425236881927,0.1350342523588879,0.13503425237824704,0.13503425239744396,0.13503425237824704,0.1350342523588879,0.13503425234686095,0.1350342523588879,0.13503425236881927,0.1350342523588879,0.13503425234686095
0.16533248773980813,0.16533248773980813,0.16533248773980813,0.16533248773980813,0.16533248773980813,0.16533248773980813,0.16533248773980813,0.16533248773980813,0.16533248773980813,0.16533248773980813,0.16533248773980813,0.16533248773980813,0.1653324877398079,0.16533248773980813,0.16533248773980813,0.16533248773980813,0.16533248773980813,0.16533248773980813,0.16533248773980813,0.16533248773980813,0.16533248773980813,0.16533248773980813,0.16533248773980813,0.16533248773980813,0.16533248773980813,0.1637574940219242,0.16375749402192397,0.16375749402192397,0.16375749402192397,0.1637574940219242,0.16375749402192397,0.16375749402192397,0.16375749402192397,0.16375749402192397,0.16375749402192397,0.16375749402192397,0.16375749402192397,0.16375749402192397,0.16375749402192397,0.16375749402192397,0.16375749402192397,0.16375749402192397,0.16375749402192397,0.16375749402192397,0.16375749402192397,0.1637574940219242,0.16375749402192397,0.16375749402192397,0.16375749402192397,0.1637574940219242,0.16221388423592298,0.16221388423592276,0.16221388423592276,0.16221388423592276,0.16221388423592298,0.16221388423592276,0.16221388423592253,0.16221388423592253,0.16221388423592253,0.16221388423592276,0.16221388423592276,0.16221388423592253,0.16221388423592253,0.16221388423592253,0.16221388423592276,0.16221388423592276,0.16221388423592253,0.16221388423592253,0.16221388423592253,0.16221388423592276,0.16221388423592298,0.16221388423592276,0.16221388423592276,0.16221388423592276,0.16221388423592298,0.16070106733884496,0.1607010673388445,0.1607010673388443,0.1607010673388445,0.16070106733884496,0.1607010673388445,0.16070106733884407,0.16070106733884384,0.16070106733884407,0.1607010673388445,0.1607010673388443,0.16070106733884384,0.16070106733884362,0.16070106733884384,0.1607010673388443,0.1607010673388445,0.16070106733884407,0.16070106733884384,0.16070106733884407,0.1607010673388445,0.16070106733884496,0.1607010673388445,0.1607010673388443,0.1607010673388445,0.16070106733884496,0.15921845170566876,0.15921845170566767,0.1592184517056668,0.15921845170566767,0.15921845170566876,0.15921845170566767,0.15921845170566637,0.1592184517056655,0.15921845170566637,0.15921845170566767,0.1592184517056668,0.1592184517056655,0.15921845170566462,0.1592184517056655,0.1592184517056668,0.15921845170566767,0.15921845170566637,0.1592184517056655,0.15921845170566637,0.15921845170566767,0.15921845170566876,0.15921845170566767,0.1592184517056668,0.15921845170566767,0.15921845170566876,0.15776544648116309,0.15776544648115923,0.1577654464811569,0.15776544648115923,0.15776544648116309,0.15776544648115923,0.1577654464811554,0.15776544648115284,0.1577654464811554,0.15776544648115923,0.1577654464811569,0.15776544648115284,0.15776544648115004,0.15776544648115284,0.1577654464811569,0.15776544648115923,0.1577654464811554,0.15776544648115284,0.1577654464811554,0.15776544648115923,0.15776544648116309,0.15776544648115923,0.1577654464811569,0.15776544648115923,0.15776544648116309,0.15634146279421163,0.15634146279420014,0.1563414627941928,0.15634146279420014,0.15634146279421163,0.15634146279420014,0.1563414627941876,0.15634146279417963,0.1563414627941876,0.15634146279420014,0.1563414627941928,0.15634146279417963,0.15634146279417085,0.15634146279417963,0.1563414627941928,0.15634146279420014,0.1563414627941876,0.15634146279417963,0.1563414627941876,0.15634146279420014,0.15634146279421163,0.15634146279420014,0.1563414627941928,0.15634146279420014,0.15634146279421163,0.1549459148448814,0.154945914844847,0.15494591484482464,0.154945914844847,0.1549459148448814,0.154945914844847,0.15494591484480785,0.15494591484478182,0.15494591484480785,0.154945914844847,0.15494591484482464,0.15494591484478182,0.15494591484475292,0.15494591484478182,0.15494591484482464,0.154945914844847,0.15494591484480785,0.15494591484478182,0.15494591484480785,0.154945914844847,0.1549459148448814,0.154945914844847,0.15494591484482464,0.154945914844847,0.1549459148448814,0.1535782208739479,0.15357822087384687,0.1535782208737798,0.15357822087384687,0.1535782208739479,0.15357822087384687,0.15357822087372597,0.15357822087364223,0.15357822087372597,0.15357822087384687,0.1535782208737798,0.15357822087364223,0.1535782208735452,0.15357822087364223,0.1535782208737798,0.15357822087384687,0.15357822087372597,0.15357822087364223,0.15357822087372597,0.15357822087384687,0.1535782208739479,0.15357822087384687,0.1535782208737798,0.15357822087384687,0.1535782208739479,0.15223780402405696,0.152237804023769,0.1522378040235696,0.152237804023769,0.15223780402405696,0.152237804023769,0.1522378040234009,0.15223780402312848,0.1522378040234009,0.152237804023769,0.1522378040235696,0.15223780402312848,0.15223780402278578,0.15223780402312848,0.1522378040235696,0.152237804023769,0.1522378040234009,0.15223780402312848,0.1522378040234009,0.152237804023769,0.15223780402405696,0.152237804023769,0.1522378040235696,0.152237804023769,0.15223780402405696,0.1509240931011909,0.15092409310040666,0.15092409309982677,0.15092409310040666,0.1509240931011909,0.15092409310040666,0.15092409309930896,0.15092409309840282,0.15092409309930915,0.15092409310040666,0.15092409309982677,0.15092409309840282,0.15092409309709695,0.15092409309840282,0.15092409309982677,0.15092409310040666,0.15092409309930915,0.15092409309840282,0.15092409309930915,0.15092409310040666,0.1509240931011909,0.15092409310040666,0.15092409309982677,0.15092409310040666,0.1509240931011909,0.14963652324465276,0.1496365232426653,0.1496365232410467,0.1496365232426653,0.14963652324465276,0.1496365232426653,0.14963652323952611,0.14963652323645898,0.14963652323952611,0.1496365232426653,0.1496365232410467,0.14963652323645898,0.14963652323094684,0.14963652323645898,0.1496365232410467,0.1496365232426653,0.14963652323952611,0.14963652323645898,0.14963652323952611,0.1496365232426653,0.14963652324465276,0.1496365232426653,0.1496365232410467,0.1496365232426653,0.14963652324465276,0.14837453651332747,0.14837453650887084,0.14837453650472815,0.14837453650887084,0.14837453651332747,0.14837453650887084,0.14837453650064902,0.1483745364904218,0.14837453650064902,0.14837453650887084,0.14837453650472815,0.1483745364904218,0.148374536464132,0.1483745364904218,0.14837453650472815,0.14837453650887084,0.14837453650064902,0.1483745364904218,0.14837453650064902,0.14837453650887084,0.14837453651332747,0.14837453650887084,0.14837453650472815,0.14837453650887084,0.14837453651332747,0.1471375823951952,0.1471375823871903,0.1471375823785318,0.1471375823871903,0.1471375823951952,0.1471375823871903,0.14713758236972943,0.14713758233982233,0.14713758236972943,0.1471375823871903,0.1471375823785318,0.14713758233982233,0.1471375821976626,0.14713758233982233,0.1471375823785318,0.1471375823871903,0.14713758236972943,0.14713758233982233,0.14713758236972943,0.1471375823871903,0.1471375823951952,0.1471375823871903,0.1471375823785318,0.1471375823871903,0.1471375823951952,0.14592511824480767,0.14592511823537632,0.1459251182255235,0.14592511823537632,0.14592511824480767,0.14592511823537632,0.14592511821554638,0.1459251181840992,0.14592511821554638,0.14592511823537632,0.1459251182255235,0.1459251181840992,0.14592511805253153,0.1459251181840992,0.1459251182255235,0.14592511823537632,0.14592511821554638,0.1459251181840992,0.14592511821554638,0.14592511823537632,0.14592511824480767,0.14592511823537632,0.1459251182255235,0.14592511823537632,0.14592511824480767,0.14473660965014878,0.14473660964070126,0.1447366096311473,0.14473660964070126,0.14473660965014878,0.14473660964070126,0.14473660962153972,0.14473660959264179,0.14473660962153972,0.14473660964070126,0.1447366096311473,0.14473660959264179,0.14473660947781575,0.14473660959264179,0.1447366096311473,0.14473660964070126,0.14473660962153972,0.14473660959264179,0.14473660962153972,0.14473660964070126,0.14473660965014878,0.14473660964070126,0.1447366096311473,0.14473660964070126,0.14473660965014878,0.1435715307488184,0.14357153073973317,0.14357153073060927,0.14357153073973317,0.1435715307488184,0.14357153073973317,0.14357153072144735,0.14357153069413928,0.14357153072144735,0.14357153073973317,0.14357153073060927,0.14357153069413928,0.14357153058641445,0.14357153069413928,0.14357153073060927,0.14357153073973317,0.14357153072144735,0.14357153069413928,0.14357153072144735,0.14357153073973317,0.1435715307488184,0.14357153073973317,0.14357153073060927,0.14357153073973317,0.1435715307488184,0.1424293644915033,0.14242936448293855,0.14242936447413798,0.14242936448293855,0.1424293644915033,0.14242936448293855,0.14242936446523705,0.14242936443805165,0.14242936446523705,0.14242936448293855,0.14242936447413798,0.14242936443805165,0.14242936432826822,0.14242936443805165,0.14242936447413798,0.14242936448293855,0.14242936446523705,0.14242936443805165,0.14242936446523705,0.14242936448293855,0.1424293644915033,0.14242936448293855,0.14242936447413798,0.14242936448293855,0.1424293644915033,0.14130960285530142,0.14130960284809252,0.14130960284017877,0.14130960284809252,0.14130960285530142,0.14130960284809252,0.14130960283203525,0.14130960280531973,0.14130960283203525,0.14130960284809252,0.14130960284017877,0.14130960280531973,0.14130960268983928,0.14130960280531973,0.14130960284017877,0.14130960284809252,0.14130960283203525,0.14130960280531973,0.14130960283203525,0.14130960284809252,0.14130960285530142,0.14130960284809252,0.14130960284017877,0.14130960284809252,0.14130960285530142,0.14021174701122818,0.14021174700780864,0.14021174700313166,0.14021174700780864,0.14021174701122818,0.14021174700780864,0.14021174699811056,0.14021174697792108,0.14021174699811056,0.14021174700780864,0.14021174700313166,0.14021174697792108,0.14021174687250249,0.14021174697792108,0.14021174700313183,0.14021174700780864,0.14021174699811056,0.14021174697792108,0.14021174699811056,0.14021174700780864,0.14021174701122818,0.14021174700780864,0.14021174700313183,0.14021174700780864,0.14021174701122818,0.13913530745002273,0.13913530745468958,0.13913530745834796,0.13913530745468958,0.13913530745002273,0.13913530745468958,0.13913530746177802,0.13913530746764208,0.13913530746177802,0.13913530745468958,0.13913530745834796,0.13913530746764208,0.13913530747361222,0.13913530746764208,0.13913530745834796,0.13913530745468958,0.13913530746177802,0.13913530746764208,0.13913530746177802,0.13913530745468958,0.13913530745002273,0.13913530745468958,0.13913530745834796,0.13913530745468958,0.13913530745002273,0.1380798040714473,0.13807980408766182,0.1380798041039973,0.13807980408766182,0.1380798040714473,0.13807980408766182,0.13807980412055482,0.13807980416580828,0.13807980412055482,0.13807980408766182,0.1380798041039973,0.13807980416580828,0.13807980429365543,0.13807980416580828,0.1380798041039973,0.13807980408766182,0.13807980412055482,0.13807980416580828,0.13807980412055482,0.13807980408766182,0.1380798040714473,0.13807980408766182,0.1380798041039973,0.13807980408766182,0.1380798040714473,0.13704476624674633,0.13704476627405637,0.13704476630723136,0.13704476627405637,0.13704476624674633,0.13704476627405637,0.1370447663416479,0.13704476647757183,0.1370447663416479,0.13704476627405637,0.13704476630723136,0.13704476647757183,0.13704476723147577,0.13704476647757183,0.13704476630723136,0.13704476627405637,0.1370447663416479,0.13704476647757183,0.1370447663416479,0.13704476627405637,0.13704476624674633,0.13704476627405637,0.13704476630723136,0.13704476627405637,0.13704476624674633,0.13602973285839148,0.13602973287751108,0.1360297328962408,0.13602973287751108,0.13602973285839148,0.13602973287751108,0.1360297329150364,0.13602973296524332,0.1360297329150364,0.13602973287751108,0.1360297328962408,0.13602973296524332,0.13602973310460226,0.13602973296524332,0.1360297328962408,0.13602973287751108,0.1360297329150364,0.13602973296524332,0.1360297329150364,0.13602973287751108,0.13602973285839148,0.13602973287751108,0.1360297328962408,0.13602973287751108,0.13602973285839148,0.13503425234462157,0.13503425235660674,0.1350342523665039,0.13503425235660674,0.13503425234462157,0.13503425235660674,0.1350342523758989,0.13503425239502925,0.1350342523758989,0.13503425235660674,0.1350342523665039,0.13503425239502925,0.1350342524298204,0.13503425239502925,0.1350342523665039,0.13503425235660674,0.1350342523758989,0.13503425239502925,0.1350342523758989,0.13503425235660674,0.13503425234462157,0.13503425235660674,0.1350342523665039,0.13503425235660674,0.13503425234462157
0.1653324877405874,0.1653324877405874,0.1653324877405874,0.1653324877405874,0.1653324877405874,0.1653324877405874,0.1653324877405874,0.1653324877405874,0.1653324877405874,0.1653324877405874,0.1653324877405874,0.1653324877405874,0.1653324877405874,0.1653324877405874,0.1653324877405874,0.1653324877405874,0.1653324877405874,0.1653324877405874,0.1653324877405874,0.1653324877405874,0.1653324877405874,0.1653324877405874,0.1653324877405874,0.1653324877405874,0.1653324877405874,0.1637574940226879,0.1637574940226879,0.1637574940226879,0.1637574940226879,0.1637574940226879,0.1637574940226879,0.1637574940226877,0.1637574940226877,0.1637574940226877,0.1637574940226879,0.1637574940226879,0.1637574940226877,0.1637574940226877,0.1637574940226877,0.1637574940226879,0.1637574940226879,0.1637574940226877,0.1637574940226877,0.1637574940226877,0.1637574940226879,0.1637574940226879,0.1637574940226879,0.1637574940226879,0.1637574940226879,0.1637574940226879,0.16221388423667146,0.16221388423667124,0.16221388423667124,0.16221388423667124,0.16221388423667146,0.16221388423667124,0.16221388423667124,0.162213884236671,0.16221388423667124,0.16221388423667124,0.16221388423667124,0.162213884236671,0.162213884236671,0.162213884236671,0.16221388423667124,0.16221388423667124,0.16221388423667124,0.162213884236671,0.16221388423667124,0.16221388423667124,0.16221388423667146,0.16221388423667124,0.16221388423667124,0.16221388423667124,0.16221388423667146,0.1607010673395785,0.16070106733957806,0.1607010673395778,0.16070106733957806,0.1607010673395785,0.16070106733957806,0.1607010673395776,0.1607010673395774,0.1607010673395776,0.16070106733957806,0.1607010673395778,0.1607010673395774,0.16070106733957717,0.1607010673395774,0.1607010673395778,0.16070106733957806,0.1607010673395776,0.1607010673395774,0.1607010673395776,0.16070106733957806,0.1607010673395785,0.16070106733957806,0.1607010673395778,0.16070106733957806,0.1607010673395785,0.15921845170638765,0.15921845170638657,0.1592184517063857,0.15921845170638657,0.15921845170638765,0.15921845170638657,0.15921845170638527,0.15921845170638438,0.15921845170638527,0.15921845170638657,0.1592184517063857,0.15921845170638438,0.15921845170638352,0.15921845170638438,0.1592184517063857,0.15921845170638657,0.15921845170638527,0.15921845170638438,0.15921845170638527,0.15921845170638657,0.15921845170638765,0.15921845170638657,0.1592184517063857,0.15921845170638657,0.15921845170638765,0.15776544648186763,0.157765446481864,0.15776544648186144,0.157765446481864,0.15776544648186763,0.157765446481864,0.15776544648185994,0.15776544648185736,0.15776544648185994,0.157765446481864,0.15776544648186144,0.15776544648185736,0.1577654464818548,0.15776544648185736,0.15776544648186164,0.157765446481864,0.15776544648185994,0.15776544648185736,0.15776544648185994,0.157765446481864,0.15776544648186763,0.157765446481864,0.15776544648186164,0.157765446481864,0.15776544648186763,0.1563414627949021,0.1563414627948908,0.15634146279488348,0.15634146279489058,0.1563414627949021,0.1563414627948908,0.15634146279487823,0.1563414627948701,0.15634146279487823,0.1563414627948908,0.15634146279488348,0.1563414627948701,0.15634146279486155,0.1563414627948701,0.15634146279488348,0.15634146279489058,0.15634146279487823,0.1563414627948701,0.15634146279487823,0.15634146279489058,0.1563414627949021,0.1563414627948908,0.15634146279488348,0.15634146279489058,0.1563414627949021,0.1549459148455581,0.15494591484552367,0.15494591484550155,0.15494591484552367,0.1549459148455581,0.15494591484552367,0.15494591484548473,0.1549459148454585,0.15494591484548473,0.15494591484552367,0.15494591484550155,0.1549459148454585,0.1549459148454296,0.1549459148454585,0.15494591484550155,0.15494591484552367,0.15494591484548473,0.1549459148454585,0.15494591484548473,0.15494591484552367,0.1549459148455581,0.15494591484552367,0.15494591484550155,0.15494591484552367,0.1549459148455581,0.1535782208746109,0.15357822087451006,0.15357822087444298,0.15357822087451006,0.1535782208746109,0.15357822087451006,0.15357822087438935,0.1535782208743058,0.15357822087438935,0.15357822087451006,0.15357822087444298,0.1535782208743058,0.15357822087420897,0.1535782208743058,0.15357822087444298,0.15357822087451006,0.15357822087438935,0.1535782208743058,0.15357822087438935,0.15357822087451006,0.1535782208746109,0.15357822087451006,0.15357822087444298,0.15357822087451006,0.1535782208746109,0.15223780402470613,0.15223780402441875,0.15223780402421974,0.15223780402441875,0.15223780402470613,0.15223780402441875,0.15223780402405124,0.1522378040237794,0.15223780402405124,0.15223780402441875,0.15223780402421974,0.1522378040237794,0.1522378040234371,0.1522378040237794,0.15223780402421974,0.15223780402441875,0.15223780402405124,0.1522378040237794,0.15223780402405124,0.15223780402441875,0.15223780402470613,0.15223780402441875,0.15223780402421974,0.15223780402441875,0.15223780402470613,0.1509240931018256,0.15092409310104274,0.15092409310046379,0.15092409310104274,0.1509240931018256,0.15092409310104274,0.15092409309994695,0.15092409309904234,0.15092409309994695,0.15092409310104274,0.15092409310046379,0.15092409309904234,0.1509240930977388,0.15092409309904234,0.15092409310046379,0.15092409310104274,0.15092409309994695,0.15092409309904234,0.15092409309994695,0.15092409310104274,0.1509240931018256,0.15092409310104274,0.15092409310046379,0.15092409310104274,0.1509240931018256,0.1496365232452701,0.14963652324328622,0.1496365232416705,0.14963652324328622,0.1496365232452701,0.14963652324328622,0.14963652324015256,0.1496365232370909,0.14963652324015256,0.14963652324328622,0.1496365232416705,0.1496365232370909,0.14963652323158838,0.1496365232370909,0.1496365232416705,0.14963652324328622,0.14963652324015256,0.1496365232370909,0.14963652324015256,0.14963652324328622,0.1496365232452701,0.14963652324328622,0.1496365232416705,0.14963652324328622,0.1496365232452701,0.14837453651392052,0.14837453650947185,0.14837453650533658,0.14837453650947185,0.14837453651392052,0.14837453650947185,0.1483745365012647,0.14837453649105542,0.1483745365012647,0.14837453650947185,0.14837453650533658,0.14837453649105542,0.14837453646481089,0.14837453649105542,0.14837453650533658,0.14837453650947185,0.1483745365012647,0.14837453649105542,0.1483745365012647,0.14837453650947185,0.14837453651392052,0.14837453650947185,0.14837453650533658,0.14837453650947185,0.14837453651392052,0.14713758239574706,0.14713758238775726,0.14713758237911456,0.14713758238775726,0.14713758239574706,0.14713758238775726,0.14713758237032817,0.14713758234047355,0.14713758237032817,0.14713758238775726,0.14713758237911456,0.14713758234047355,0.14713758219855455,0.14713758234047355,0.14713758237911456,0.14713758238775726,0.14713758237032817,0.14713758234047355,0.14713758237032817,0.14713758238775726,0.14713758239574706,0.14713758238775726,0.14713758237911456,0.14713758238775726,0.14713758239574706,0.14592511824528703,0.14592511823587562,0.14592511822604237,0.14592511823587562,0.14592511824528703,0.14592511823587562,0.14592511821608523,0.14592511818469783,0.14592511821608523,0.14592511823587562,0.14592511822604237,0.14592511818469783,0.14592511805336078,0.14592511818469783,0.14592511822604237,0.14592511823587562,0.14592511821608523,0.14592511818469783,0.14592511821608523,0.14592511823587562,0.14592511824528703,0.14592511823587562,0.14592511822604237,0.14592511823587562,0.14592511824528703,0.14473660965051394,0.1447366096410907,0.14473660963156063,0.1447366096410907,0.14473660965051394,0.1447366096410907,0.14473660962197696,0.14473660959314816,0.14473660962197696,0.1447366096410907,0.14473660963156063,0.14473660959314816,0.14473660947859562,0.14473660959314816,0.14473660963156063,0.1447366096410907,0.14473660962197696,0.14473660959314816,0.14473660962197696,0.1447366096410907,0.14473660965051394,0.1447366096410907,0.14473660963156063,0.1447366096410907,0.14473660965051394,0.14357153074901793,0.14357153073996315,0.14357153073086934,0.14357153073996315,0.14357153074901793,0.14357153073996315,0.1435715307217376,0.14357153069451778,0.1435715307217376,0.14357153073996315,0.14357153073086934,0.14357153069451778,0.14357153058715058,0.14357153069451778,0.14357153073086934,0.14357153073996315,0.1435715307217376,0.14357153069451778,0.1435715307217376,0.14357153073996315,0.14357153074901793,0.14357153073996315,0.14357153073086934,0.14357153073996315,0.14357153074901793,0.14242936449147245,0.14242936448294494,0.14242936447418242,0.14242936448294494,0.14242936449147245,0.14242936448294494,0.1424293644653204,0.1424293644382528,0.1424293644653204,0.14242936448294494,0.14242936447418242,0.1424293644382528,0.14242936432892778,0.1424293644382528,0.14242936447418242,0.14242936448294494,0.1424293644653204,0.1424293644382528,0.1424293644653204,0.14242936448294494,0.14242936449147245,0.14242936448294494,0.14242936447418242,0.14242936448294494,0.14242936449147245,0.14130960285496014,0.14130960284779154,0.14130960283992233,0.14130960284779154,0.14130960285496014,0.14130960284779154,0.14130960283182506,0.14130960280526136,0.14130960283182506,0.14130960284779154,0.14130960283992233,0.14130960280526136,0.14130960269044038,0.14130960280526136,0.14130960283992233,0.14130960284779154,0.14130960283182506,0.14130960280526136,0.14130960283182506,0.14130960284779154,0.14130960285496014,0.14130960284779154,0.14130960283992233,0.14130960284779154,0.14130960285496014,0.14021174701048866,0.14021174700709865,0.14021174700245828,0.14021174700709865,0.14021174701048866,0.14021174700709865,0.14021174699747554,0.1402117469774331,0.14021174699747554,0.14021174700709865,0.14021174700245828,0.1402117469774331,0.14021174687275406,0.1402117469774331,0.14021174700245828,0.14021174700709865,0.14021174699747554,0.1402117469774331,0.14021174699747554,0.14021174700709865,0.14021174701048866,0.14021174700709865,0.14021174700245828,0.14021174700709865,0.14021174701048866,0.13913530744881872,0.13913530745347985,0.13913530745713587,0.13913530745347985,0.13913530744881872,0.13913530745347985,0.1391353074605642,0.13913530746643396,0.1391353074605642,0.13913530745347985,0.13913530745713587,0.13913530746643396,0.13913530747245295,0.13913530746643396,0.13913530745713587,0.13913530745347985,0.1391353074605642,0.13913530746643396,0.1391353074605642,0.13913530745347985,0.13913530744881872,0.13913530745347985,0.13913530745713587,0.13913530745347985,0.13913530744881872,0.13807980406978385,0.13807980408594675,0.13807980410222936,0.13807980408594675,0.13807980406978385,0.13807980408594675,0.13807980411873308,0.13807980416383647,0.13807980411873308,0.13807980408594675,0.13807980410222936,0.13807980416383647,0.13807980429125244,0.13807980416383647,0.13807980410222936,0.13807980408594675,0.13807980411873308,0.13807980416383647,0.13807980411873308,0.13807980408594675,0.13807980406978385,0.13807980408594675,0.13807980410222936,0.13807980408594675,0.13807980406978385,0.13704476624472312,0.13704476627194015,0.13704476630500093,0.13704476627194015,0.13704476624472312,0.13704476627194015,0.1370447663392987,0.13704476647475133,0.1370447663392987,0.13704476627194015,0.13704476630500093,0.13704476647475133,0.13704476722602776,0.13704476647475133,0.13704476630500093,0.13704476627194015,0.1370447663392987,0.13704476647475133,0.1370447663392987,0.13704476627194015,0.13704476624472312,0.13704476627194015,0.13704476630500093,0.13704476627194015,0.13704476624472312,0.1360297328561953,0.1360297328752491,0.13602973289391412,0.1360297328752491,0.1360297328561953,0.1360297328752491,0.13602973291264456,0.13602973296267717,0.13602973291264456,0.1360297328752491,0.13602973289391412,0.13602973296267717,0.1360297331015514,0.13602973296267717,0.13602973289391412,0.1360297328752491,0.13602973291264456,0.13602973296267717,0.13602973291264456,0.1360297328752491,0.1360297328561953,0.1360297328752491,0.13602973289391412,0.1360297328752491,0.1360297328561953,0.13503425234238473,0.13503425235432862,0.13503425236419142,0.13503425235432862,0.13503425234238473,0.13503425235432862,0.1350342523735538,0.13503425239261793,0.13503425237355393,0.13503425235432862,0.13503425236419142,0.13503425239261793,0.13503425242728812,0.13503425239261793,0.13503425236419142,0.13503425235432862,0.13503425237355393,0.13503425239261793,0.1350342523735538,0.13503425235432862,0.13503425234238473,0.13503425235432862,0.13503425236419142,0.13503425235432862,0.13503425234238473
0.16533248774136663,0.16533248774136663,0.16533248774136663,0.16533248774136663,0.16533248774136663,0.16533248774136663,0.16533248774136663,0.16533248774136663,0.16533248774136663,0.16533248774136663,0.16533248774136663,0.16533248774136663,0.16533248774136663,0.16533248774136663,0.16533248774136663,0.16533248774136663,0.16533248774136663,0.16533248774136663,0.16533248774136663,0.16533248774136663,0.16533248774136663,0.16533248774136663,0.16533248774136663,0.16533248774136663,0.16533248774136663,0.16375749402345163,0.16375749402345163,0.16375749402345163,0.16375749402345163,0.16375749402345163,0.16375749402345163,0.16375749402345138,0.16375749402345138,0.16375749402345138,0.16375749402345163,0.16375749402345163,0.16375749402345138,0.16375749402345138,0.16375749402345138,0.16375749402345163,0.16375749402345163,0.16375749402345138,0.16375749402345138,0.16375749402345138,0.16375749402345163,0.16375749402345163,0.16375749402345163,0.16375749402345163,0.16375749402345163,0.16375749402345163,0.16221388423741992,0.1622138842374197,0.1622138842374197,0.1622138842374197,0.16221388423741992,0.1622138842374197,0.1622138842374197,0.1622138842374195,0.1622138842374197,0.1622138842374197,0.1622138842374197,0.1622138842374195,0.1622138842374195,0.1622138842374195,0.1622138842374197,0.1622138842374197,0.1622138842374197,0.1622138842374195,0.1622138842374197,0.1622138842374197,0.16221388423741992,0.1622138842374197,0.1622138842374197,0.1622138842374197,0.16221388423741992,0.16070106734031206,0.1607010673403116,0.16070106734031137,0.1607010673403116,0.16070106734031206,0.1607010673403116,0.16070106734031117,0.16070106734031095,0.16070106734031117,0.1607010673403116,0.16070106734031137,0.16070106734031095,0.16070106734031073,0.16070106734031095,0.16070106734031137,0.1607010673403116,0.16070106734031117,0.16070106734031095,0.16070106734031117,0.1607010673403116,0.16070106734031206,0.1607010673403116,0.16070106734031137,0.1607010673403116,0.16070106734031206,0.15921845170710655,0.15921845170710547,0.1592184517071046,0.15921845170710547,0.15921845170710655,0.15921845170710547,0.15921845170710416,0.1592184517071033,0.15921845170710416,0.15921845170710547,0.1592184517071046,0.1592184517071033,0.15921845170710244,0.1592184517071033,0.1592184517071046,0.15921845170710547,0.15921845170710416,0.1592184517071033,0.15921845170710416,0.15921845170710547,0.15921845170710655,0.15921845170710547,0.1592184517071046,0.15921845170710547,0.15921845170710655,0.15776544648257215,0.15776544648256832,0.157765446482566,0.15776544648256832,0.15776544648257215,0.15776544648256832,0.15776544648256452,0.15776544648256194,0.15776544648256452,0.15776544648256832,0.157765446482566,0.15776544648256194,0.15776544648255936,0.15776544648256194,0.157765446482566,0.15776544648256832,0.15776544648256452,0.15776544648256194,0.15776544648256452,0.15776544648256832,0.15776544648257215,0.15776544648256832,0.157765446482566,0.15776544648256832,0.15776544648257215,0.15634146279559255,0.15634146279558106,0.15634146279557395,0.15634146279558106,0.15634146279559255,0.15634146279558106,0.1563414627955687,0.15634146279556058,0.1563414627955687,0.15634146279558106,0.15634146279557395,0.15634146279556058,0.156341462795552,0.15634146279556058,0.15634146279557395,0.15634146279558106,0.1563414627955687,0.15634146279556058,0.1563414627955687,0.15634146279558106,0.15634146279559255,0.15634146279558106,0.15634146279557395,0.15634146279558106,0.15634146279559255,0.15494591484623457,0.15494591484620038,0.154945914846178,0.15494591484620038,0.15494591484623457,0.15494591484620038,0.15494591484616144,0.15494591484613537,0.15494591484616144,0.15494591484620038,0.154945914846178,0.15494591484613537,0.1549459148461065,0.15494591484613518,0.154945914846178,0.15494591484620038,0.15494591484616144,0.15494591484613518,0.15494591484616144,0.15494591484620038,0.15494591484623457,0.15494591484620038,0.154945914846178,0.15494591484620038,0.15494591484623457,0.15357822087527367,0.15357822087517306,0.15357822087510617,0.15357822087517306,0.15357822087527367,0.15357822087517306,0.15357822087505252,0.1535782208749692,0.15357822087505252,0.15357822087517306,0.15357822087510617,0.1535782208749692,0.15357822087487238,0.1535782208749692,0.15357822087510617,0.15357822087517306,0.15357822087505252,0.1535782208749692,0.15357822087505252,0.15357822087517306,0.15357822087527367,0.15357822087517306,0.15357822087510617,0.15357822087517306,0.15357822087527367,0.1522378040253551,0.1522378040250683,0.15223780402486953,0.1522378040250683,0.1522378040253551,0.1522378040250683,0.1522378040247014,0.15223780402442996,0.1522378040247014,0.1522378040250683,0.15223780402486953,0.15223780402442996,0.15223780402408846,0.15223780402442996,0.15223780402486953,0.1522378040250683,0.1522378040247014,0.15223780402442996,0.1522378040247014,0.1522378040250683,0.1522378040253551,0.1522378040250683,0.15223780402486953,0.1522378040250683,0.1522378040253551,0.15092409310245994,0.1509240931016784,0.15092409310110064,0.1509240931016784,0.15092409310245994,0.1509240931016784,0.15092409310058474,0.1509240930996817,0.15092409310058474,0.1509240931016784,0.15092409310110064,0.1509240930996817,0.15092409309838045,0.1509240930996817,0.15092409310110064,0.1509240931016784,0.15092409310058474,0.1509240930996817,0.15092409310058474,0.1509240931016784,0.15092409310245994,0.1509240931016784,0.15092409310110064,0.1509240931016784,0.15092409310245994,0.14963652324588728,0.149636523243907,0.14963652324229412,0.149636523243907,0.14963652324588728,0.149636523243907,0.14963652324077897,0.14963652323772264,0.14963652324077897,0.149636523243907,0.14963652324229412,0.14963652323772264,0.14963652323222953,0.14963652323772264,0.14963652324229412,0.149636523243907,0.14963652324077897,0.14963652323772264,0.14963652324077897,0.149636523243907,0.14963652324588728,0.149636523243907,0.14963652324229412,0.149636523243907,0.14963652324588728,0.1483745365145132,0.14837453651007268,0.14837453650594484,0.14837453651007268,0.1483745365145132,0.14837453651007268,0.1483745365018804,0.14837453649168889,0.1483745365018804,0.14837453651007268,0.14837453650594484,0.14837453649168889,0.14837453646548973,0.14837453649168889,0.14837453650594484,0.14837453651007268,0.1483745365018804,0.14837453649168889,0.1483745365018804,0.14837453651007268,0.1483745365145132,0.14837453651007268,0.14837453650594484,0.14837453651007268,0.1483745365145132,0.1471375823962986,0.14713758238832383,0.14713758237969696,0.14713758238832383,0.1471375823962986,0.14713758238832383,0.14713758237092653,0.14713758234112462,0.14713758237092653,0.14713758238832383,0.14713758237969696,0.14713758234112462,0.1471375821994352,0.14713758234112462,0.14713758237969696,0.14713758238832383,0.14713758237092653,0.14713758234112462,0.14713758237092653,0.14713758238832383,0.1471375823962986,0.14713758238832383,0.14713758237969696,0.14713758238832383,0.1471375823962986,0.14592511824576584,0.14592511823637402,0.1459251182265609,0.14592511823637402,0.14592511824576584,0.14592511823637402,0.14592511821662368,0.14592511818529633,0.14592511821662368,0.14592511823637402,0.1459251182265609,0.14592511818529633,0.14592511805421496,0.14592511818529633,0.1459251182265609,0.14592511823637402,0.14592511821662368,0.14592511818529633,0.14592511821662368,0.14592511823637402,0.14592511824576584,0.14592511823637402,0.1459251182265609,0.14592511823637402,0.14592511824576584,0.14473660965087826,0.1447366096414794,0.14473660963197327,0.1447366096414794,0.14473660965087826,0.1447366096414794,0.14473660962241333,0.14473660959365384,0.14473660962241333,0.1447366096414794,0.14473660963197327,0.14473660959365384,0.1447366094793462,0.14473660959365384,0.14473660963197327,0.1447366096414794,0.14473660962241333,0.14473660959365384,0.14473660962241333,0.1447366096414794,0.14473660965087826,0.1447366096414794,0.14473660963197327,0.1447366096414794,0.14473660965087826,0.14357153074921608,0.14357153074019172,0.14357153073112805,0.14357153074019172,0.14357153074921608,0.14357153074019172,0.14357153072202639,0.14357153069489526,0.14357153072202639,0.14357153074019172,0.14357153073112805,0.14357153069489526,0.14357153058787628,0.14357153069489526,0.14357153073112805,0.14357153074019172,0.14357153072202639,0.14357153069489526,0.14357153072202639,0.14357153074019172,0.14357153074921608,0.14357153074019172,0.14357153073112805,0.14357153074019172,0.14357153074921608,0.14242936449143975,0.1424293644829493,0.14242936447422502,0.1424293644829493,0.14242936449143975,0.1424293644829493,0.14242936446540164,0.1424293644384516,0.14242936446540164,0.1424293644829493,0.14242936447422502,0.1424293644384516,0.14242936432960487,0.1424293644384516,0.14242936447422502,0.1424293644829493,0.14242936446540164,0.1424293644384516,0.14242936446540164,0.1424293644829493,0.14242936449143975,0.1424293644829493,0.14242936447422502,0.1424293644829493,0.14242936449143975,0.14130960285461672,0.14130960284748845,0.14130960283966348,0.14130960284748845,0.14130960285461672,0.14130960284748845,0.1413096028316116,0.14130960280519886,0.1413096028316116,0.14130960284748845,0.14130960283966348,0.14130960280519886,0.1413096026910341,0.14130960280519886,0.14130960283966348,0.14130960284748845,0.1413096028316116,0.14130960280519886,0.1413096028316116,0.14130960284748845,0.14130960285461672,0.14130960284748845,0.14130960283966348,0.14130960284748845,0.14130960285461672,0.14021174700974756,0.14021174700638672,0.14021174700178246,0.14021174700638672,0.14021174700974756,0.14021174700638672,0.14021174699683764,0.14021174697694017,0.14021174699683764,0.14021174700638672,0.14021174700178246,0.14021174697694017,0.14021174687302107,0.14021174697694017,0.14021174700178246,0.14021174700638672,0.14021174699683764,0.14021174697694017,0.14021174699683764,0.14021174700638672,0.14021174700974756,0.14021174700638672,0.14021174700178246,0.14021174700638672,0.14021174700974756,0.1391353074476142,0.13913530745226965,0.139135307455923,0.13913530745226965,0.1391353074476142,0.13913530745226965,0.13913530745934927,0.13913530746522454,0.13913530745934927,0.13913530745226965,0.139135307455923,0.13913530746522454,0.1391353074712907,0.13913530746522454,0.139135307455923,0.13913530745226965,0.13913530745934927,0.13913530746522454,0.13913530745934927,0.13913530745226965,0.1391353074476142,0.13913530745226965,0.139135307455923,0.13913530745226965,0.1391353074476142,0.1380798040681215,0.1380798040842331,0.13807980410046283,0.1380798040842331,0.1380798040681215,0.1380798040842331,0.13807980411691287,0.1380798041618668,0.13807980411691287,0.1380798040842331,0.13807980410046283,0.1380798041618668,0.13807980428885286,0.1380798041618668,0.13807980410046283,0.1380798040842331,0.13807980411691287,0.1380798041618668,0.13807980411691287,0.1380798040842331,0.1380798040681215,0.1380798040842331,0.13807980410046283,0.1380798040842331,0.1380798040681215,0.13704476624270254,0.13704476626982665,0.13704476630277368,0.13704476626982665,0.13704476624270254,0.13704476626982665,0.1370447663369535,0.13704476647193645,0.1370447663369535,0.13704476626982665,0.13704476630277368,0.13704476647193645,0.13704476722058972,0.13704476647193645,0.13704476630277368,0.13704476626982665,0.1370447663369535,0.13704476647193645,0.1370447663369535,0.13704476626982665,0.13704476624270254,0.13704476626982665,0.13704476630277368,0.13704476626982665,0.13704476624270254,0.13602973285400238,0.1360297328729906,0.13602973289159104,0.1360297328729906,0.13602973285400238,0.1360297328729906,0.13602973291025675,0.13602973296011583,0.13602973291025675,0.1360297328729906,0.13602973289159104,0.13602973296011583,0.13602973309850722,0.13602973296011583,0.13602973289159104,0.1360297328729906,0.13602973291025675,0.13602973296011583,0.13602973291025675,0.1360297328729906,0.13602973285400238,0.1360297328729906,0.13602973289159104,0.1360297328729906,0.13602973285400238,0.13503425234015148,0.13503425235205416,0.13503425236188277,0.13503425235205416,0.13503425234015148,0.13503425235205416,0.1350342523712128,0.1350342523902107,0.1350342523712128,0.13503425235205416,0.13503425236188277,0.1350342523902107,0.13503425242476053,0.1350342523902107,0.13503425236188277,0.13503425235205416,0.1350342523712128,0.1350342523902107,0.1350342523712128,0.13503425235205416,0.13503425234015148,0.13503425235205416,0.13503425236188277,0.13503425235205416,0.13503425234015148
0.1653324877421454,0.1653324877421454,0.1653324877421454,0.1653324877421454,0.1653324877421454,0.1653324877421454,0.1653324877421454,0.1653324877421454,0.1653324877421454,0.1653324877421454,0.1653324877421454,0.1653324877421454,0.1653324877421454,0.1653324877421454,0.1653324877421454,0.1653324877421454,0.1653324877421454,0.1653324877421454,0.1653324877421454,0.1653324877421454,0.1653324877421454,0.1653324877421454,0.1653324877421454,0.1653324877421454,0.1653324877421454,0.16375749402421486,0.16375749402421486,0.16375749402421486,0.16375749402421486,0.16375749402421486,0.16375749402421486,0.16375749402421486,0.16375749402421486,0.16375749402421486,0.16375749402421486,0.16375749402421486,0.16375749402421486,0.16375749402421463,0.16375749402421486,0.16375749402421486,0.16375749402421486,0.16375749402421486,0.16375749402421486,0.16375749402421486,0.16375749402421486,0.16375749402421486,0.16375749402421486,0.16375749402421486,0.16375749402421486,0.16375749402421486,0.162213884238168,0.16221388423816777,0.16221388423816777,0.16221388423816777,0.162213884238168,0.16221388423816777,0.16221388423816777,0.16221388423816752,0.16221388423816777,0.16221388423816777,0.16221388423816777,0.16221388423816752,0.16221388423816752,0.16221388423816752,0.16221388423816777,0.16221388423816777,0.16221388423816777,0.16221388423816752,0.16221388423816777,0.16221388423816777,0.162213884238168,0.16221388423816777,0.16221388423816777,0.16221388423816777,0.162213884238168,0.16070106734104517,0.1607010673410447,0.1607010673410445,0.1607010673410447,0.16070106734104517,0.1607010673410447,0.16070106734104428,0.16070106734104406,0.16070106734104428,0.1607010673410447,0.1607010673410445,0.16070106734104406,0.16070106734104384,0.16070106734104406,0.1607010673410445,0.1607010673410447,0.16070106734104428,0.16070106734104406,0.16070106734104428,0.1607010673410447,0.16070106734104517,0.1607010673410447,0.1607010673410445,0.1607010673410447,0.16070106734104517,0.15921845170782506,0.15921845170782395,0.15921845170782306,0.15921845170782395,0.15921845170782506,0.15921845170782395,0.15921845170782264,0.15921845170782176,0.15921845170782264,0.15921845170782395,0.15921845170782306,0.15921845170782176,0.1592184517078209,0.15921845170782176,0.15921845170782306,0.15921845170782395,0.15921845170782264,0.15921845170782176,0.15921845170782264,0.15921845170782395,0.15921845170782506,0.15921845170782395,0.15921845170782306,0.15921845170782395,0.15921845170782506,0.15776544648327628,0.15776544648327245,0.1577654464832701,0.15776544648327245,0.15776544648327628,0.15776544648327245,0.15776544648326862,0.15776544648326604,0.15776544648326862,0.15776544648327245,0.1577654464832701,0.15776544648326604,0.15776544648326327,0.15776544648326604,0.1577654464832701,0.15776544648327245,0.15776544648326862,0.15776544648326604,0.15776544648326862,0.15776544648327245,0.15776544648327628,0.15776544648327245,0.1577654464832701,0.15776544648327245,0.15776544648327628,0.15634146279628242,0.15634146279627112,0.1563414627962638,0.15634146279627112,0.15634146279628242,0.15634146279627112,0.15634146279625857,0.1563414627962506,0.15634146279625857,0.15634146279627112,0.1563414627962638,0.1563414627962506,0.15634146279624203,0.1563414627962506,0.1563414627962638,0.15634146279627112,0.15634146279625857,0.1563414627962506,0.15634146279625857,0.15634146279627112,0.15634146279628242,0.15634146279627112,0.1563414627962638,0.15634146279627112,0.15634146279628242,0.15494591484691064,0.15494591484687645,0.1549459148468543,0.15494591484687645,0.15494591484691064,0.15494591484687645,0.15494591484683748,0.15494591484681147,0.15494591484683748,0.15494591484687645,0.1549459148468543,0.15494591484681147,0.1549459148467828,0.15494591484681147,0.1549459148468543,0.15494591484687645,0.15494591484683748,0.15494591484681147,0.15494591484683748,0.15494591484687645,0.15494591484691064,0.15494591484687645,0.1549459148468543,0.15494591484687645,0.15494591484691064,0.15357822087593603,0.15357822087583564,0.15357822087576875,0.15357822087583564,0.15357822087593603,0.15357822087583564,0.15357822087571532,0.15357822087563197,0.15357822087571532,0.15357822087583564,0.15357822087576875,0.15357822087563197,0.15357822087553558,0.15357822087563197,0.15357822087576875,0.15357822087583564,0.15357822087571532,0.15357822087563197,0.15357822087571532,0.15357822087583564,0.15357822087593603,0.15357822087583564,0.15357822087576875,0.15357822087583564,0.15357822087593603,0.15223780402600368,0.15223780402571732,0.15223780402551887,0.15223780402571732,0.15223780402600368,0.15223780402571732,0.15223780402535098,0.1522378040250801,0.15223780402535098,0.15223780402571732,0.15223780402551887,0.1522378040250801,0.15223780402473922,0.1522378040250801,0.15223780402551887,0.15223780402571732,0.15223780402535098,0.1522378040250801,0.15223780402535098,0.15223780402571732,0.15223780402600368,0.15223780402571732,0.15223780402551887,0.15223780402571732,0.15223780402600368,0.15092409310309388,0.1509240931023137,0.15092409310173685,0.1509240931023137,0.15092409310309388,0.1509240931023137,0.15092409310122196,0.15092409310032062,0.15092409310122196,0.1509240931023137,0.15092409310173685,0.15092409310032062,0.15092409309902152,0.15092409310032062,0.15092409310173685,0.1509240931023137,0.15092409310122196,0.15092409310032062,0.15092409310122196,0.1509240931023137,0.15092409310309388,0.1509240931023137,0.15092409310173685,0.1509240931023137,0.15092409310309388,0.14963652324650387,0.1496365232445272,0.14963652324291732,0.1496365232445272,0.14963652324650387,0.1496365232445272,0.14963652324140467,0.1496365232383538,0.14963652324140467,0.1496365232445272,0.14963652324291732,0.1496365232383538,0.1496365232328702,0.1496365232383538,0.14963652324291732,0.1496365232445272,0.14963652324140467,0.1496365232383538,0.14963652324140467,0.1496365232445272,0.14963652324650387,0.1496365232445272,0.14963652324291732,0.1496365232445272,0.14963652324650387,0.14837453651510532,0.14837453651067298,0.14837453650655255,0.14837453651067298,0.14837453651510532,0.14837453651067298,0.14837453650249532,0.1483745364923218,0.14837453650249532,0.14837453651067298,0.14837453650655255,0.1483745364923218,0.14837453646616805,0.1483745364923218,0.14837453650655255,0.14837453651067298,0.14837453650249532,0.1483745364923218,0.14837453650249532,0.14837453651067298,0.14837453651510532,0.14837453651067298,0.14837453650655255,0.14837453651067298,0.14837453651510532,0.14713758239684938,0.1471375823888897,0.1471375823802788,0.1471375823888897,0.14713758239684938,0.1471375823888897,0.14713758237152436,0.14713758234177512,0.14713758237152436,0.1471375823888897,0.1471375823802788,0.14713758234177512,0.14713758220037162,0.14713758234177512,0.1471375823802788,0.1471375823888897,0.14713758237152436,0.14713758234177512,0.14713758237152436,0.1471375823888897,0.14713758239684938,0.1471375823888897,0.1471375823802788,0.1471375823888897,0.14713758239684938,0.14592511824624357,0.14592511823687188,0.1459251182270787,0.14592511823687188,0.14592511824624357,0.14592511823687188,0.14592511821716142,0.14592511818589424,0.14592511821716142,0.14592511823687188,0.1459251182270787,0.14592511818589424,0.14592511805502106,0.14592511818589424,0.1459251182270787,0.14592511823687188,0.14592511821716142,0.14592511818589424,0.14592511821716142,0.14592511823687188,0.14592511824624357,0.14592511823687188,0.1459251182270787,0.14592511823687188,0.14592511824624357,0.14473660965124147,0.1447366096418669,0.14473660963238485,0.1447366096418669,0.14473660965124147,0.1447366096418669,0.14473660962284887,0.14473660959415896,0.14473660962284887,0.1447366096418669,0.14473660963238485,0.14473660959415896,0.14473660948011177,0.14473660959415896,0.14473660963238485,0.1447366096418669,0.14473660962284887,0.14473660959415896,0.14473660962284887,0.1447366096418669,0.14473660965124147,0.1447366096418669,0.14473660963238485,0.1447366096418669,0.14473660965124147,0.14357153074941284,0.1435715307404188,0.14357153073138526,0.1435715307404188,0.14357153074941284,0.1435715307404188,0.14357153072231388,0.14357153069527134,0.14357153072231388,0.1435715307404188,0.14357153073138526,0.14357153069527134,0.14357153058860864,0.14357153069527134,0.14357153073138526,0.1435715307404188,0.14357153072231388,0.14357153069527134,0.14357153072231388,0.1435715307404188,0.14357153074941284,0.1435715307404188,0.14357153073138526,0.1435715307404188,0.14357153074941284,0.1424293644914052,0.14242936448295182,0.14242936447426563,0.14242936448295182,0.1424293644914052,0.14242936448295182,0.1424293644654808,0.14242936443864818,0.1424293644654808,0.14242936448295182,0.14242936447426563,0.14242936443864818,0.14242936433027234,0.14242936443864818,0.14242936447426563,0.14242936448295182,0.1424293644654808,0.14242936443864818,0.1424293644654808,0.14242936448295182,0.1424293644914052,0.14242936448295182,0.14242936447426563,0.14242936448295182,0.1424293644914052,0.14130960285427166,0.14130960284718305,0.14130960283940217,0.14130960284718305,0.14130960285427166,0.14130960284718305,0.1413096028313955,0.1413096028051324,0.1413096028313955,0.14130960284718305,0.14130960283940217,0.1413096028051324,0.14130960269162243,0.1413096028051324,0.14130960283940217,0.14130960284718305,0.1413096028313955,0.1413096028051324,0.1413096028313955,0.14130960284718305,0.14130960285427166,0.14130960284718305,0.14130960283940217,0.14130960284718305,0.14130960285427166,0.1402117470090053,0.14021174700567315,0.14021174700110456,0.14021174700567315,0.1402117470090053,0.14021174700567315,0.14021174699619715,0.14021174697644287,0.14021174699619715,0.14021174700567315,0.14021174700110456,0.14021174697644287,0.14021174687326618,0.14021174697644287,0.14021174700110456,0.14021174700567315,0.14021174699619715,0.14021174697644287,0.14021174699619715,0.14021174700567315,0.1402117470090053,0.14021174700567315,0.14021174700110456,0.14021174700567315,0.1402117470090053,0.13913530744641,0.13913530745105945,0.13913530745470995,0.13913530745105945,0.13913530744641,0.13913530745105945,0.13913530745813435,0.13913530746401437,0.13913530745813435,0.13913530745105945,0.13913530745470995,0.13913530746401437,0.13913530747012617,0.13913530746401437,0.13913530745470995,0.13913530745105945,0.13913530745813435,0.13913530746401437,0.13913530745813435,0.13913530745105945,0.13913530744641,0.13913530745105945,0.13913530745470995,0.13913530745105945,0.13913530744641,0.13807980406646117,0.13807980408252143,0.1380798040986986,0.13807980408252143,0.13807980406646117,0.13807980408252143,0.13807980411509502,0.1380798041599001,0.13807980411509502,0.13807980408252143,0.1380798040986986,0.1380798041599001,0.13807980428645777,0.1380798041599001,0.1380798040986986,0.13807980408252143,0.13807980411509502,0.1380798041599001,0.13807980411509502,0.13807980408252143,0.13807980406646117,0.13807980408252143,0.1380798040986986,0.13807980408252143,0.13807980406646117,0.13704476624068543,0.13704476626771708,0.13704476630055085,0.13704476626771708,0.13704476624068543,0.13704476626771708,0.13704476633461285,0.13704476646912814,0.13704476633461285,0.13704476626771692,0.13704476630055085,0.13704476646912814,0.13704476721516998,0.13704476646912814,0.13704476630055085,0.13704476626771708,0.13704476633461285,0.13704476646912814,0.13704476633461285,0.13704476626771692,0.13704476624068543,0.13704476626771692,0.13704476630055085,0.13704476626771692,0.13704476624068543,0.1360297328518138,0.13602973287073658,0.1360297328892729,0.13602973287073658,0.1360297328518138,0.13602973287073658,0.13602973290787387,0.13602973295756013,0.13602973290787387,0.13602973287073658,0.1360297328892729,0.13602973295756013,0.1360297330954707,0.13602973295756013,0.1360297328892729,0.13602973287073658,0.13602973290787387,0.13602973295756013,0.13602973290787387,0.13602973287073658,0.1360297328518138,0.13602973287073658,0.1360297328892729,0.13602973287073658,0.1360297328518138,0.13503425233792282,0.13503425234978425,0.13503425235957892,0.13503425234978425,0.13503425233792282,0.13503425234978425,0.13503425236887662,0.1350342523878087,0.13503425236887662,0.13503425234978425,0.13503425235957892,0.1350342523878087,0.1350342524222385,0.1350342523878087,0.13503425235957892,0.13503425234978425,0.13503425236887662,0.1350342523878087,0.13503425236887662,0.13503425234978425,0.13503425233792282,0.13503425234978425,0.13503425235957892,0.13503425234978425,0.13503425233792282
0.16533248774292345,0.16533248774292345,0.16533248774292345,0.16533248774292345,0.16533248774292345,0.16533248774292345,0.16533248774292345,0.16533248774292345,0.16533248774292345,0.16533248774292345,0.16533248774292345,0.16533248774292345,0.16533248774292345,0.16533248774292345,0.16533248774292345,0.16533248774292345,0.16533248774292345,0.16533248774292345,0.16533248774292345,0.16533248774292345,0.16533248774292345,0.16533248774292345,0.16533248774292345,0.16533248774292345,0.16533248774292345,0.16375749402497744,0.16375749402497744,0.16375749402497744,0.16375749402497744,0.16375749402497744,0.16375749402497744,0.16375749402497744,0.16375749402497722,0.16375749402497744,0.16375749402497744,0.16375749402497744,0.16375749402497722,0.16375749402497722,0.16375749402497722,0.16375749402497744,0.16375749402497744,0.16375749402497744,0.16375749402497722,0.16375749402497744,0.16375749402497744,0.16375749402497744,0.16375749402497744,0.16375749402497744,0.16375749402497744,0.16375749402497744,0.1622138842389153,0.16221388423891508,0.16221388423891508,0.16221388423891508,0.1622138842389153,0.16221388423891508,0.16221388423891508,0.1622138842389149,0.16221388423891508,0.16221388423891508,0.16221388423891508,0.1622138842389149,0.1622138842389149,0.1622138842389149,0.16221388423891508,0.16221388423891508,0.16221388423891508,0.1622138842389149,0.16221388423891508,0.16221388423891508,0.1622138842389153,0.16221388423891508,0.16221388423891508,0.16221388423891508,0.1622138842389153,0.1607010673417776,0.16070106734177714,0.16070106734177694,0.16070106734177714,0.1607010673417776,0.16070106734177714,0.1607010673417767,0.1607010673417765,0.1607010673417767,0.16070106734177714,0.16070106734177694,0.1607010673417765,0.16070106734177628,0.1607010673417765,0.16070106734177694,0.16070106734177714,0.1607010673417767,0.1607010673417765,0.1607010673417767,0.16070106734177714,0.1607010673417776,0.16070106734177714,0.16070106734177694,0.16070106734177714,0.1607010673417776,0.15921845170854285,0.15921845170854154,0.15921845170854088,0.15921845170854154,0.15921845170854285,0.15921845170854154,0.1592184517085402,0.15921845170853957,0.1592184517085402,0.15921845170854154,0.15921845170854088,0.15921845170853957,0.1592184517085387,0.15921845170853957,0.15921845170854088,0.15921845170854154,0.1592184517085402,0.15921845170853957,0.1592184517085402,0.15921845170854154,0.15921845170854285,0.15921845170854154,0.15921845170854088,0.15921845170854154,0.15921845170854285,0.15776544648397955,0.15776544648397592,0.1577654464839736,0.15776544648397592,0.15776544648397955,0.15776544648397592,0.15776544648397187,0.1577654464839693,0.15776544648397187,0.15776544648397592,0.1577654464839736,0.1577654464839693,0.15776544648396676,0.1577654464839693,0.1577654464839736,0.15776544648397592,0.15776544648397187,0.1577654464839693,0.15776544648397187,0.15776544648397592,0.15776544648397955,0.15776544648397592,0.1577654464839736,0.15776544648397592,0.15776544648397955,0.15634146279697161,0.15634146279696032,0.15634146279695302,0.15634146279696032,0.15634146279697161,0.15634146279696032,0.1563414627969478,0.15634146279693983,0.1563414627969478,0.15634146279696032,0.15634146279695302,0.15634146279693983,0.15634146279693129,0.15634146279693983,0.15634146279695302,0.15634146279696032,0.1563414627969478,0.15634146279693983,0.1563414627969478,0.15634146279696032,0.15634146279697161,0.15634146279696032,0.15634146279695302,0.15634146279696032,0.15634146279697161,0.1549459148475859,0.15494591484755188,0.15494591484752973,0.15494591484755188,0.1549459148475859,0.15494591484755188,0.15494591484751294,0.15494591484748713,0.15494591484751294,0.15494591484755188,0.15494591484752973,0.15494591484748713,0.15494591484745843,0.15494591484748713,0.15494591484752973,0.15494591484755188,0.15494591484751294,0.15494591484748713,0.15494591484751294,0.15494591484755188,0.1549459148475859,0.15494591484755188,0.15494591484752973,0.15494591484755188,0.1549459148475859,0.15357822087659762,0.1535782208764974,0.15357822087643072,0.1535782208764974,0.15357822087659762,0.1535782208764974,0.1535782208763773,0.15357822087629414,0.1535782208763773,0.1535782208764974,0.15357822087643072,0.15357822087629414,0.15357822087619774,0.15357822087629414,0.15357822087643072,0.1535782208764974,0.1535782208763773,0.15357822087629414,0.1535782208763773,0.1535782208764974,0.15357822087659762,0.1535782208764974,0.15357822087643072,0.1535782208764974,0.15357822087659762,0.1522378040266513,0.1522378040263655,0.15223780402616746,0.1522378040263655,0.1522378040266513,0.1522378040263655,0.15223780402599996,0.1522378040257295,0.15223780402599996,0.1522378040263655,0.15223780402616746,0.1522378040257295,0.15223780402538917,0.1522378040257295,0.15223780402616746,0.1522378040263655,0.15223780402599996,0.1522378040257295,0.15223780402599996,0.1522378040263655,0.1522378040266513,0.1522378040263655,0.15223780402616746,0.1522378040263655,0.1522378040266513,0.150924093103727,0.1509240931029484,0.15092409310237254,0.1509240931029484,0.150924093103727,0.1509240931029484,0.1509240931018584,0.1509240931009586,0.1509240931018584,0.1509240931029484,0.15092409310237254,0.1509240931009586,0.150924093099662,0.1509240931009586,0.15092409310237254,0.1509240931029484,0.1509240931018584,0.1509240931009586,0.1509240931018584,0.1509240931029484,0.150924093103727,0.1509240931029484,0.15092409310237254,0.1509240931029484,0.150924093103727,0.1496365232471197,0.14963652324514662,0.14963652324353963,0.14963652324514662,0.1496365232471197,0.14963652324514662,0.14963652324202978,0.1496365232389842,0.14963652324202978,0.14963652324514662,0.14963652324353963,0.1496365232389842,0.14963652323351023,0.1496365232389842,0.14963652324353963,0.14963652324514662,0.14963652324202978,0.1496365232389842,0.14963652324202978,0.14963652324514662,0.1496365232471197,0.14963652324514662,0.14963652324353963,0.14963652324514662,0.1496365232471197,0.14837453651569654,0.14837453651127233,0.1483745365071595,0.14837453651127253,0.14837453651569654,0.14837453651127233,0.1483745365031095,0.14837453649295415,0.1483745365031095,0.14837453651127233,0.1483745365071595,0.14837453649295415,0.1483745364668458,0.14837453649295415,0.1483745365071595,0.14837453651127253,0.1483745365031095,0.14837453649295415,0.1483745365031095,0.14837453651127253,0.14837453651569654,0.14837453651127233,0.1483745365071595,0.14837453651127253,0.14837453651569654,0.14713758239739927,0.14713758238945485,0.14713758238085972,0.14713758238945485,0.14713758239739927,0.14713758238945485,0.1471375823721215,0.1471375823424251,0.1471375823721215,0.14713758238945485,0.14713758238085972,0.1471375823424251,0.1471375822012416,0.1471375823424251,0.14713758238085972,0.14713758238945485,0.1471375823721215,0.1471375823424251,0.1471375823721215,0.14713758238945485,0.14713758239739927,0.14713758238945485,0.14713758238085972,0.14713758238945485,0.14713758239739927,0.1459251182467206,0.1459251182373687,0.14592511822759563,0.1459251182373687,0.1459251182467206,0.1459251182373687,0.1459251182176985,0.14592511818649168,0.1459251182176985,0.1459251182373687,0.14592511822759563,0.14592511818649168,0.14592511805590105,0.14592511818649168,0.14592511822759563,0.1459251182373687,0.1459251182176985,0.14592511818649168,0.1459251182176985,0.1459251182373687,0.1459251182467206,0.1459251182373687,0.14592511822759563,0.1459251182373687,0.1459251182467206,0.14473660965160348,0.14473660964225357,0.1447366096327954,0.14473660964225357,0.14473660965160348,0.14473660964225357,0.1447366096232833,0.14473660959466306,0.1447366096232833,0.14473660964225357,0.1447366096327954,0.14473660959466306,0.14473660948088923,0.14473660959466306,0.1447366096327954,0.14473660964225357,0.1447366096232833,0.14473660959466306,0.1447366096232833,0.14473660964225357,0.14473660965160348,0.14473660964225357,0.1447366096327954,0.14473660964225357,0.14473660965160348,0.14357153074960824,0.14357153074064452,0.14357153073164125,0.14357153074064452,0.14357153074960824,0.14357153074064452,0.14357153072259995,0.14357153069564607,0.14357153072259995,0.14357153074064452,0.14357153073164125,0.14357153069564607,0.14357153058931482,0.14357153069564607,0.14357153073164125,0.14357153074064452,0.14357153072259995,0.14357153069564607,0.14357153072259995,0.14357153074064452,0.14357153074960824,0.14357153074064452,0.14357153073164125,0.14357153074064452,0.14357153074960824,0.14242936449136928,0.14242936448295268,0.14242936447430438,0.14242936448295268,0.14242936449136928,0.14242936448295268,0.14242936446555796,0.14242936443884244,0.14242936446555796,0.14242936448295268,0.14242936447430438,0.14242936443884244,0.14242936433095155,0.14242936443884244,0.14242936447430438,0.14242936448295268,0.14242936446555796,0.14242936443884244,0.14242936446555796,0.14242936448295268,0.14242936449136928,0.14242936448295268,0.14242936447430438,0.14242936448295268,0.14242936449136928,0.141309602853925,0.14130960284687596,0.14130960283913868,0.14130960284687596,0.141309602853925,0.14130960284687596,0.14130960283117674,0.14130960280506236,0.14130960283117674,0.14130960284687596,0.14130960283913868,0.14130960280506236,0.1413096026922051,0.14130960280506236,0.14130960283913868,0.14130960284687596,0.14130960283117674,0.14130960280506236,0.14130960283117674,0.14130960284687596,0.141309602853925,0.14130960284687596,0.14130960283913868,0.14130960284687596,0.141309602853925,0.14021174700826225,0.14021174700495848,0.14021174700042502,0.14021174700495848,0.14021174700826225,0.14021174700495848,0.14021174699555472,0.14021174697594152,0.14021174699555472,0.14021174700495848,0.14021174700042502,0.14021174697594152,0.14021174687347418,0.14021174697594152,0.14021174700042502,0.14021174700495848,0.14021174699555472,0.14021174697594152,0.14021174699555472,0.14021174700495848,0.14021174700826225,0.14021174700495848,0.14021174700042502,0.14021174700495848,0.14021174700826225,0.13913530744520664,0.1391353074498501,0.1391353074534974,0.1391353074498501,0.13913530744520664,0.1391353074498501,0.13913530745691957,0.139135307462804,0.13913530745691957,0.1391353074498501,0.1391353074534974,0.139135307462804,0.13913530746896027,0.139135307462804,0.1391353074534974,0.1391353074498501,0.13913530745691957,0.139135307462804,0.13913530745691957,0.1391353074498501,0.13913530744520664,0.1391353074498501,0.1391353074534974,0.1391353074498501,0.13913530744520664,0.13807980406480344,0.1380798040808124,0.13807980409693718,0.1380798040808124,0.13807980406480344,0.1380798040808124,0.13807980411328027,0.1380798041579368,0.13807980411328027,0.1380798040808124,0.13807980409693718,0.1380798041579368,0.13807980428406783,0.1380798041579368,0.13807980409693718,0.1380798040808124,0.13807980411328027,0.1380798041579368,0.13807980411328027,0.1380798040808124,0.13807980406480344,0.1380798040808124,0.13807980409693718,0.1380798040808124,0.13807980406480344,0.1370447662386724,0.13704476626561177,0.13704476629833276,0.13704476626561177,0.1370447662386724,0.13704476626561177,0.13704476633227766,0.13704476646632724,0.13704476633227766,0.13704476626561177,0.13704476629833276,0.13704476646632724,0.13704476720978895,0.13704476646632724,0.13704476629833276,0.13704476626561177,0.13704476633227766,0.13704476646632724,0.13704476633227766,0.13704476626561177,0.1370447662386724,0.13704476626561177,0.13704476629833276,0.13704476626561177,0.1370447662386724,0.13602973284963,0.13602973286848777,0.13602973288695994,0.13602973286848777,0.13602973284963,0.13602973286848777,0.13602973290549686,0.13602973295501106,0.13602973290549686,0.13602973286848777,0.13602973288695994,0.13602973295501106,0.1360297330924428,0.13602973295501106,0.13602973288695994,0.13602973286848777,0.13602973290549686,0.13602973295501106,0.13602973290549686,0.13602973286848777,0.13602973284963,0.13602973286848777,0.13602973288695994,0.13602973286848777,0.13602973284963,0.1350342523356991,0.13503425234751973,0.13503425235728045,0.13503425234751973,0.1350342523356991,0.13503425234751973,0.135034252366546,0.13503425238541258,0.135034252366546,0.13503425234751973,0.13503425235728045,0.13503425238541258,0.13503425241972286,0.13503425238541258,0.13503425235728045,0.13503425234751973,0.135034252366546,0.13503425238541258,0.135034252366546,0.13503425234751973,0.1350342523356991,0.13503425234751973,0.13503425235728045,0.13503425234751973,0.1350342523356991
0.16533248774370055,0.16533248774370055,0.16533248774370055,0.16533248774370055,0.16533248774370055,0.16533248774370055,0.16533248774370055,0.16533248774370055,0.16533248774370055,0.16533248774370055,0.16533248774370055,0.16533248774370055,0.16533248774370055,0.16533248774370055,0.16533248774370055,0.16533248774370055,0.16533248774370055,0.16533248774370055,0.16533248774370055,0.16533248774370055,0.16533248774370055,0.16533248774370055,0.16533248774370055,0.16533248774370055,0.16533248774370055,0.16375749402573905,0.16375749402573905,0.16375749402573886,0.16375749402573905,0.16375749402573905,0.16375749402573905,0.16375749402573886,0.16375749402573886,0.16375749402573886,0.16375749402573886,0.16375749402573886,0.16375749402573886,0.16375749402573886,0.16375749402573886,0.16375749402573886,0.16375749402573905,0.16375749402573886,0.16375749402573886,0.16375749402573886,0.16375749402573905,0.16375749402573905,0.16375749402573886,0.16375749402573886,0.16375749402573905,0.16375749402573905,0.16221388423966154,0.16221388423966154,0.16221388423966154,0.16221388423966154,0.16221388423966154,0.16221388423966154,0.16221388423966132,0.16221388423966132,0.16221388423966132,0.16221388423966154,0.16221388423966154,0.16221388423966132,0.16221388423966132,0.16221388423966132,0.16221388423966154,0.16221388423966154,0.16221388423966132,0.16221388423966132,0.16221388423966132,0.16221388423966154,0.16221388423966154,0.16221388423966154,0.16221388423966154,0.16221388423966154,0.16221388423966154,0.16070106734250894,0.16070106734250872,0.16070106734250827,0.16070106734250872,0.16070106734250894,0.16070106734250872,0.16070106734250827,0.16070106734250802,0.16070106734250827,0.16070106734250872,0.16070106734250827,0.16070106734250802,0.16070106734250758,0.16070106734250802,0.16070106734250827,0.16070106734250872,0.16070106734250827,0.16070106734250802,0.16070106734250827,0.16070106734250872,0.16070106734250894,0.16070106734250872,0.16070106734250827,0.16070106734250872,0.16070106734250894,0.15921845170925955,0.15921845170925847,0.1592184517092576,0.15921845170925847,0.15921845170925955,0.15921845170925847,0.1592184517092572,0.15921845170925628,0.1592184517092572,0.15921845170925847,0.1592184517092576,0.15921845170925628,0.15921845170925542,0.15921845170925628,0.1592184517092576,0.15921845170925847,0.1592184517092572,0.15921845170925628,0.1592184517092572,0.15921845170925847,0.15921845170925955,0.15921845170925847,0.1592184517092576,0.15921845170925847,0.15921845170925955,0.15776544648468196,0.1577654464846783,0.15776544648467597,0.1577654464846783,0.15776544648468196,0.1577654464846783,0.15776544648467425,0.15776544648467172,0.15776544648467425,0.1577654464846783,0.15776544648467597,0.15776544648467172,0.15776544648466917,0.15776544648467172,0.15776544648467597,0.1577654464846783,0.15776544648467425,0.15776544648467172,0.15776544648467425,0.1577654464846783,0.15776544648468196,0.1577654464846783,0.15776544648467597,0.1577654464846783,0.15776544648468196,0.15634146279766,0.1563414627976487,0.1563414627976414,0.1563414627976487,0.15634146279766,0.1563414627976487,0.15634146279763617,0.15634146279762823,0.15634146279763617,0.1563414627976487,0.1563414627976414,0.15634146279762823,0.15634146279761965,0.15634146279762823,0.1563414627976414,0.1563414627976487,0.15634146279763617,0.15634146279762823,0.15634146279763617,0.1563414627976487,0.15634146279766,0.1563414627976487,0.1563414627976414,0.1563414627976487,0.15634146279766,0.15494591484826034,0.1549459148482263,0.1549459148482042,0.1549459148482263,0.15494591484826034,0.1549459148482263,0.15494591484818757,0.15494591484816178,0.15494591484818757,0.1549459148482263,0.1549459148482042,0.15494591484816178,0.15494591484813305,0.15494591484816178,0.1549459148482042,0.1549459148482263,0.15494591484818757,0.15494591484816178,0.15494591484818757,0.1549459148482263,0.15494591484826034,0.1549459148482263,0.1549459148482042,0.1549459148482263,0.15494591484826034,0.15357822087725842,0.15357822087715817,0.1535782208770917,0.15357822087715817,0.15357822087725842,0.15357822087715817,0.15357822087703848,0.15357822087695533,0.15357822087703848,0.15357822087715817,0.1535782208770917,0.15357822087695533,0.15357822087685932,0.15357822087695533,0.1535782208770917,0.15357822087715817,0.15357822087703848,0.15357822087695533,0.15357822087703848,0.15357822087715817,0.15357822087725842,0.15357822087715817,0.1535782208770917,0.15357822087715817,0.15357822087725842,0.1522378040272983,0.1522378040270131,0.15223780402681528,0.1522378040270131,0.1522378040272983,0.1522378040270131,0.15223780402664794,0.1522378040263781,0.15223780402664794,0.1522378040270131,0.15223780402681528,0.1522378040263781,0.15223780402603834,0.1522378040263781,0.15223780402681528,0.1522378040270131,0.15223780402664794,0.1522378040263781,0.15223780402664794,0.1522378040270131,0.1522378040272983,0.1522378040270131,0.15223780402681528,0.1522378040270131,0.1522378040272983,0.15092409310435922,0.15092409310358196,0.15092409310300725,0.15092409310358196,0.15092409310435922,0.15092409310358196,0.15092409310249408,0.15092409310159585,0.15092409310249408,0.15092409310358196,0.15092409310300725,0.15092409310159585,0.15092409310030133,0.15092409310159585,0.15092409310300725,0.15092409310358196,0.15092409310249408,0.15092409310159585,0.15092409310249408,0.15092409310358196,0.15092409310435922,0.15092409310358196,0.15092409310300725,0.15092409310358196,0.15092409310435922,0.14963652324773463,0.14963652324576512,0.14963652324416093,0.14963652324576512,0.14963652324773463,0.14963652324576512,0.14963652324265395,0.14963652323961366,0.14963652324265395,0.14963652324576512,0.14963652324416093,0.14963652323961366,0.14963652323414933,0.14963652323961366,0.14963652324416093,0.14963652324576512,0.14963652324265395,0.14963652323961366,0.14963652324265395,0.14963652324576512,0.14963652324773463,0.14963652324576512,0.14963652324416093,0.14963652324576512,0.14963652324773463,0.148374536516287,0.14837453651187096,0.14837453650776555,0.14837453651187096,0.148374536516287,0.14837453651187096,0.14837453650372273,0.14837453649358537,0.14837453650372273,0.14837453651187096,0.14837453650776555,0.14837453649358537,0.14837453646752263,0.14837453649358537,0.14837453650776555,0.14837453651187096,0.14837453650372273,0.14837453649358537,0.14837453650372273,0.14837453651187096,0.148374536516287,0.14837453651187096,0.14837453650776555,0.14837453651187096,0.148374536516287,0.14713758239794822,0.1471375823900191,0.14713758238143995,0.1471375823900191,0.14713758239794822,0.1471375823900191,0.14713758237271768,0.14713758234307417,0.14713758237271768,0.1471375823900191,0.14713758238143995,0.14713758234307417,0.14713758220213372,0.14713758234307417,0.14713758238143995,0.1471375823900191,0.14713758237271768,0.14713758234307417,0.14713758237271768,0.1471375823900191,0.14713758239794822,0.1471375823900191,0.14713758238143995,0.1471375823900191,0.14713758239794822,0.1459251182471966,0.1459251182378646,0.14592511822811147,0.1459251182378646,0.1459251182471966,0.1459251182378646,0.14592511821823445,0.145925118187088,0.14592511821823445,0.1459251182378646,0.14592511822811147,0.145925118187088,0.14592511805674863,0.145925118187088,0.14592511822811147,0.1459251182378646,0.14592511821823445,0.145925118187088,0.14592511821823445,0.1459251182378646,0.1459251182471966,0.1459251182378646,0.14592511822811147,0.1459251182378646,0.1459251182471966,0.14473660965196447,0.1447366096426388,0.1447366096332047,0.1447366096426388,0.14473660965196447,0.1447366096426388,0.1447366096237167,0.14473660959516627,0.1447366096237167,0.1447366096426388,0.1447366096332047,0.14473660959516627,0.1447366094816478,0.14473660959516627,0.1447366096332047,0.1447366096426388,0.1447366096237167,0.14473660959516627,0.1447366096237167,0.1447366096426388,0.14473660965196447,0.1447366096426388,0.1447366096332047,0.1447366096426388,0.14473660965196447,0.1435715307498023,0.14357153074086884,0.14357153073189569,0.14357153074086884,0.1435715307498023,0.14357153074086884,0.14357153072288453,0.14357153069601944,0.14357153072288453,0.14357153074086884,0.14357153073189569,0.14357153069601944,0.14357153059003983,0.14357153069601944,0.14357153073189569,0.14357153074086884,0.14357153072288453,0.14357153069601944,0.14357153072288453,0.14357153074086884,0.1435715307498023,0.14357153074086884,0.14357153073189569,0.14357153074086884,0.1435715307498023,0.14242936449133187,0.14242936448295182,0.14242936447434143,0.14242936448295182,0.14242936449133187,0.14242936448295182,0.14242936446563328,0.14242936443903484,0.14242936446563328,0.14242936448295182,0.14242936447434143,0.14242936443903484,0.14242936433158768,0.14242936443903484,0.14242936447434143,0.14242936448295182,0.14242936446563328,0.14242936443903484,0.14242936446563328,0.14242936448295182,0.14242936449133187,0.14242936448295182,0.14242936447434143,0.14242936448295182,0.14242936449133187,0.1413096028535773,0.14130960284656743,0.14130960283887323,0.14130960284656743,0.1413096028535773,0.14130960284656743,0.141309602830956,0.14130960280498883,0.141309602830956,0.14130960284656743,0.14130960283887323,0.14130960280498883,0.14130960269275475,0.14130960280498883,0.14130960283887323,0.14130960284656743,0.141309602830956,0.14130960280498883,0.141309602830956,0.14130960284656743,0.1413096028535773,0.14130960284656743,0.14130960283887323,0.14130960284656743,0.1413096028535773,0.14021174700751887,0.14021174700424302,0.14021174699974437,0.14021174700424302,0.14021174700751887,0.14021174700424302,0.14021174699491068,0.14021174697543695,0.14021174699491068,0.14021174700424302,0.14021174699974437,0.14021174697543695,0.14021174687369575,0.14021174697543695,0.14021174699974437,0.14021174700424302,0.14021174699491068,0.14021174697543695,0.14021174699491068,0.14021174700424302,0.14021174700751887,0.14021174700424302,0.14021174699974437,0.14021174700424302,0.14021174700751887,0.1391353074440045,0.13913530744864178,0.13913530745228594,0.13913530744864178,0.1391353074440045,0.13913530744864178,0.13913530745570574,0.13913530746159433,0.13913530745570574,0.13913530744864178,0.13913530745228594,0.13913530746159433,0.1391353074677934,0.13913530746159433,0.13913530745228594,0.13913530744864178,0.13913530745570574,0.13913530746159433,0.13913530745570574,0.13913530744864178,0.1391353074440045,0.13913530744864178,0.13913530745228594,0.13913530744864178,0.1391353074440045,0.13807980406314885,0.1380798040791068,0.13807980409517934,0.1380798040791068,0.13807980406314885,0.1380798040791068,0.13807980411146922,0.13807980415597804,0.13807980411146922,0.1380798040791068,0.13807980409517934,0.13807980415597804,0.1380798042816839,0.13807980415597804,0.13807980409517934,0.1380798040791068,0.13807980411146922,0.13807980415597804,0.13807980411146922,0.1380798040791068,0.13807980406314885,0.1380798040791068,0.13807980409517934,0.1380798040791068,0.13807980406314885,0.13704476623666412,0.1370447662635118,0.13704476629612058,0.1370447662635118,0.13704476623666412,0.1370447662635118,0.13704476632994872,0.13704476646353472,0.13704476632994872,0.1370447662635118,0.13704476629612058,0.13704476646353472,0.13704476720441996,0.13704476646353472,0.13704476629612058,0.1370447662635118,0.13704476632994872,0.13704476646353472,0.13704476632994872,0.1370447662635118,0.13704476623666412,0.1370447662635118,0.13704476629612058,0.1370447662635118,0.13704476623666412,0.13602973284745185,0.13602973286624476,0.13602973288465342,0.13602973286624476,0.13602973284745185,0.13602973286624476,0.1360297329031262,0.13602973295246906,0.1360297329031262,0.13602973286624476,0.13602973288465342,0.13602973295246906,0.13602973308942426,0.13602973295246906,0.13602973288465342,0.13602973286624476,0.1360297329031262,0.13602973295246906,0.1360297329031262,0.13602973286624476,0.13602973284745185,0.13602973286624476,0.13602973288465342,0.13602973286624476,0.13602973284745185,0.13503425233348137,0.13503425234526123,0.1350342523549883,0.13503425234526123,0.13503425233348137,0.13503425234526123,0.13503425236422184,0.13503425238302305,0.13503425236422184,0.13503425234526123,0.1350342523549883,0.13503425238302305,0.13503425241721445,0.13503425238302305,0.1350342523549883,0.13503425234526123,0.13503425236422184,0.13503425238302305,0.13503425236422184,0.13503425234526123,0.13503425233348137,0.13503425234526123,0.1350342523549883,0.13503425234526123,0.13503425233348137
0.16533248774447623,0.16533248774447623,0.16533248774447623,0.16533248774447623,0.16533248774447623,0.16533248774447623,0.16533248774447623,0.16533248774447623,0.16533248774447623,0.16533248774447623,0.16533248774447623,0.16533248774447623,0.16533248774447623,0.16533248774447623,0.16533248774447623,0.16533248774447623,0.16533248774447623,0.16533248774447623,0.16533248774447623,0.16533248774447623,0.16533248774447623,0.16533248774447623,0.16533248774447623,0.16533248774447623,0.16533248774447623,0.1637574940264993,0.1637574940264993,0.1637574940264993,0.1637574940264993,0.1637574940264993,0.1637574940264993,0.1637574940264993,0.1637574940264993,0.1637574940264993,0.1637574940264993,0.1637574940264993,0.1637574940264993,0.1637574940264993,0.1637574940264993,0.1637574940264993,0.1637574940264993,0.1637574940264993,0.1637574940264993,0.1637574940264993,0.1637574940264993,0.1637574940264993,0.1637574940264993,0.1637574940264993,0.1637574940264993,0.1637574940264993,0.1622138842404069,0.16221388424040664,0.16221388424040664,0.16221388424040664,0.1622138842404069,0.16221388424040664,0.16221388424040664,0.16221388424040642,0.16221388424040664,0.16221388424040664,0.16221388424040664,0.16221388424040642,0.16221388424040642,0.16221388424040642,0.16221388424040664,0.16221388424040664,0.16221388424040664,0.16221388424040642,0.16221388424040664,0.16221388424040664,0.1622138842404069,0.16221388424040664,0.16221388424040664,0.16221388424040664,0.1622138842404069,0.16070106734323913,0.16070106734323894,0.16070106734323847,0.16070106734323894,0.16070106734323913,0.16070106734323894,0.16070106734323847,0.16070106734323825,0.16070106734323847,0.16070106734323894,0.16070106734323847,0.16070106734323825,0.1607010673432378,0.16070106734323825,0.16070106734323847,0.16070106734323894,0.16070106734323847,0.16070106734323825,0.16070106734323847,0.16070106734323894,0.16070106734323913,0.16070106734323894,0.16070106734323847,0.16070106734323894,0.16070106734323913,0.1592184517099752,0.1592184517099739,0.15921845170997326,0.1592184517099739,0.1592184517099752,0.1592184517099739,0.15921845170997279,0.15921845170997193,0.15921845170997279,0.1592184517099739,0.15921845170997326,0.15921845170997193,0.15921845170997107,0.15921845170997193,0.15921845170997326,0.1592184517099739,0.15921845170997279,0.15921845170997193,0.15921845170997279,0.1592184517099739,0.1592184517099752,0.1592184517099739,0.15921845170997326,0.1592184517099739,0.1592184517099752,0.15776544648538326,0.15776544648537943,0.1577654464853771,0.15776544648537943,0.15776544648538326,0.15776544648537943,0.15776544648537563,0.15776544648537305,0.15776544648537563,0.15776544648537943,0.1577654464853771,0.15776544648537305,0.15776544648537047,0.15776544648537305,0.1577654464853771,0.15776544648537943,0.15776544648537563,0.15776544648537305,0.15776544648537563,0.15776544648537943,0.15776544648538326,0.15776544648537943,0.1577654464853771,0.15776544648537943,0.15776544648538326,0.15634146279834713,0.15634146279833583,0.15634146279832853,0.15634146279833583,0.15634146279834713,0.15634146279833583,0.1563414627983235,0.15634146279831534,0.1563414627983235,0.15634146279833583,0.15634146279832853,0.15634146279831534,0.15634146279830677,0.15634146279831534,0.15634146279832853,0.15634146279833583,0.1563414627983235,0.15634146279831534,0.1563414627983235,0.15634146279833583,0.15634146279834713,0.15634146279833583,0.15634146279832853,0.15634146279833583,0.15634146279834713,0.15494591484893375,0.15494591484889972,0.1549459148488776,0.15494591484889972,0.15494591484893375,0.15494591484889972,0.154945914848861,0.1549459148488352,0.154945914848861,0.15494591484889972,0.1549459148488776,0.1549459148488352,0.1549459148488065,0.1549459148488352,0.1549459148488776,0.15494591484889972,0.154945914848861,0.1549459148488352,0.154945914848861,0.15494591484889972,0.15494591484893375,0.15494591484889972,0.1549459148488776,0.15494591484889972,0.15494591484893375,0.15357822087791775,0.15357822087781794,0.15357822087775147,0.15357822087781794,0.15357822087791775,0.15357822087781794,0.15357822087769826,0.1535782208776155,0.15357822087769826,0.15357822087781794,0.15357822087775147,0.1535782208776155,0.1535782208775195,0.1535782208776155,0.15357822087775147,0.15357822087781794,0.15357822087769826,0.1535782208776155,0.15357822087769826,0.15357822087781794,0.15357822087791775,0.15357822087781794,0.15357822087775147,0.15357822087781794,0.15357822087791775,0.15223780402794393,0.15223780402765913,0.1522378040274619,0.15223780402765913,0.15223780402794393,0.15223780402765913,0.15223780402729478,0.1522378040270255,0.15223780402729495,0.15223780402765913,0.1522378040274619,0.1522378040270255,0.15223780402668632,0.1522378040270255,0.1522378040274619,0.15223780402765913,0.15223780402729495,0.1522378040270255,0.15223780402729478,0.15223780402765913,0.15223780402794393,0.15223780402765913,0.1522378040274619,0.15223780402765913,0.15223780402794393,0.15092409310499025,0.15092409310421434,0.1509240931036406,0.15092409310421454,0.15092409310499025,0.15092409310421434,0.15092409310312857,0.1509240931022319,0.15092409310312857,0.15092409310421434,0.1509240931036406,0.1509240931022319,0.1509240931009397,0.1509240931022319,0.1509240931036406,0.15092409310421454,0.15092409310312857,0.1509240931022319,0.15092409310312857,0.15092409310421454,0.15092409310499025,0.15092409310421434,0.1509240931036406,0.15092409310421454,0.15092409310499025,0.1496365232483484,0.1496365232463825,0.14963652324478113,0.1496365232463825,0.1496365232483484,0.1496365232463825,0.14963652324327678,0.149636523240242,0.14963652324327678,0.1496365232463825,0.14963652324478113,0.149636523240242,0.1496365232347873,0.149636523240242,0.14963652324478113,0.1496365232463825,0.14963652324327678,0.149636523240242,0.14963652324327678,0.1496365232463825,0.1496365232483484,0.1496365232463825,0.14963652324478113,0.1496365232463825,0.1496365232483484,0.14837453651687615,0.1483745365124683,0.14837453650837026,0.1483745365124683,0.14837453651687615,0.1483745365124683,0.14837453650433488,0.1483745364942155,0.14837453650433488,0.1483745365124683,0.14837453650837026,0.1483745364942155,0.14837453646819831,0.1483745364942155,0.14837453650837026,0.1483745365124683,0.14837453650433488,0.1483745364942155,0.14837453650433488,0.1483745365124683,0.14837453651687615,0.1483745365124683,0.14837453650837026,0.1483745365124683,0.14837453651687615,0.14713758239849592,0.14713758239058203,0.1471375823820187,0.14713758239058203,0.14713758239849592,0.14713758239058203,0.14713758237331262,0.14713758234372193,0.14713758237331262,0.14713758239058203,0.1471375823820187,0.14713758234372193,0.14713758220303347,0.14713758234372193,0.1471375823820187,0.14713758239058203,0.14713758237331262,0.14713758234372193,0.14713758237331262,0.14713758239058203,0.14713758239849592,0.14713758239058203,0.1471375823820187,0.14713758239058203,0.14713758239849592,0.14592511824767113,0.14592511823835908,0.1459251182286261,0.14592511823835908,0.14592511824767113,0.14592511823835908,0.14592511821876916,0.14592511818768328,0.14592511821876916,0.14592511823835908,0.1459251182286261,0.14592511818768328,0.14592511805756503,0.14592511818768328,0.1459251182286261,0.14592511823835908,0.14592511821876916,0.14592511818768328,0.14592511821876916,0.14592511823835908,0.14592511824767113,0.14592511823835908,0.1459251182286261,0.14592511823835908,0.14592511824767113,0.14473660965232385,0.1447366096430228,0.14473660963361265,0.1447366096430228,0.14473660965232385,0.1447366096430228,0.14473660962414872,0.14473660959566811,0.14473660962414872,0.1447366096430228,0.14473660963361265,0.14473660959566811,0.14473660948243014,0.14473660959566811,0.14473660963361265,0.1447366096430228,0.14473660962414872,0.14473660959566811,0.14473660962414872,0.1447366096430228,0.14473660965232385,0.1447366096430228,0.14473660963361265,0.1447366096430228,0.14473660965232385,0.14357153074999496,0.1435715307410918,0.14357153073214857,0.1435715307410918,0.14357153074999496,0.1435715307410918,0.14357153072316753,0.14357153069639128,0.14357153072316753,0.1435715307410918,0.14357153073214857,0.14357153069639128,0.14357153059075012,0.14357153069639128,0.14357153073214857,0.1435715307410918,0.14357153072316753,0.14357153069639128,0.14357153072316753,0.1435715307410918,0.14357153074999496,0.1435715307410918,0.14357153073214857,0.1435715307410918,0.14357153074999496,0.14242936449129295,0.14242936448294946,0.14242936447437668,0.14242936448294946,0.14242936449129295,0.14242936448294946,0.14242936446570675,0.14242936443922474,0.14242936446570675,0.14242936448294946,0.14242936447437668,0.14242936443922474,0.1424293643322414,0.14242936443922474,0.14242936447437668,0.14242936448294946,0.14242936446570675,0.14242936443922474,0.14242936446570675,0.14242936448294946,0.14242936449129295,0.14242936448294946,0.14242936447437668,0.14242936448294946,0.14242936449129295,0.1413096028532283,0.14130960284625743,0.14130960283860614,0.14130960284625743,0.1413096028532283,0.14130960284625743,0.141309602830733,0.14130960280491203,0.141309602830733,0.14130960284625743,0.14130960283860614,0.14130960280491203,0.14130960269334766,0.14130960280491203,0.14130960283860614,0.14130960284625743,0.141309602830733,0.14130960280491203,0.141309602830733,0.14130960284625743,0.1413096028532283,0.14130960284625743,0.14130960283860614,0.14130960284625743,0.1413096028532283,0.1402117470067755,0.1402117470035272,0.14021174699906294,0.1402117470035272,0.1402117470067755,0.1402117470035272,0.14021174699426517,0.1402117469749292,0.14021174699426517,0.1402117470035272,0.14021174699906294,0.1402117469749292,0.14021174687388682,0.1402117469749292,0.14021174699906294,0.1402117470035272,0.14021174699426517,0.1402117469749292,0.14021174699426517,0.1402117470035272,0.1402117470067755,0.1402117470035272,0.14021174699906294,0.1402117470035272,0.1402117470067755,0.13913530744280414,0.1391353074474349,0.1391353074510759,0.1391353074474349,0.13913530744280414,0.1391353074474349,0.13913530745449318,0.13913530746038522,0.13913530745449318,0.1391353074474349,0.1391353074510759,0.13913530746038522,0.13913530746662606,0.13913530746038522,0.1391353074510759,0.1391353074474349,0.13913530745449318,0.13913530746038522,0.13913530745449318,0.1391353074474349,0.13913530744280414,0.1391353074474349,0.1391353074510759,0.1391353074474349,0.13913530744280414,0.13807980406149797,0.13807980407740506,0.1380798040934255,0.13807980407740506,0.13807980406149797,0.13807980407740506,0.13807980410966236,0.13807980415402388,0.13807980410966236,0.13807980407740506,0.1380798040934255,0.13807980415402388,0.1380798042793065,0.13807980415402388,0.1380798040934255,0.13807980407740506,0.13807980410966236,0.13807980415402388,0.13807980410966236,0.13807980407740506,0.13807980406149797,0.13807980407740506,0.1380798040934255,0.13807980407740506,0.13807980406149797,0.13704476623466114,0.1370447662614176,0.13704476629391446,0.1370447662614176,0.13704476623466114,0.1370447662614176,0.13704476632762647,0.137044766460751,0.13704476632762647,0.1370447662614176,0.13704476629391446,0.137044766460751,0.13704476719905814,0.137044766460751,0.13704476629391446,0.1370447662614176,0.13704476632762647,0.137044766460751,0.13704476632762647,0.1370447662614176,0.13704476623466114,0.1370447662614176,0.13704476629391446,0.1370447662614176,0.13704476623466114,0.1360297328452798,0.1360297328640083,0.13602973288235345,0.1360297328640083,0.1360297328452798,0.1360297328640083,0.13602973290076273,0.13602973294993487,0.13602973290076273,0.1360297328640083,0.13602973288235345,0.13602973294993487,0.13602973308641575,0.13602973294993487,0.13602973288235345,0.1360297328640083,0.13602973290076273,0.13602973294993487,0.13602973290076273,0.1360297328640083,0.1360297328452798,0.1360297328640083,0.13602973288235345,0.1360297328640083,0.1360297328452798,0.13503425233126998,0.1350342523430093,0.13503425235270292,0.1350342523430093,0.13503425233126998,0.1350342523430093,0.13503425236190453,0.13503425238064065,0.13503425236190453,0.1350342523430093,0.13503425235270292,0.13503425238064065,0.13503425241471392,0.13503425238064065,0.13503425235270292,0.1350342523430093,0.13503425236190453,0.13503425238064065,0.13503425236190453,0.1350342523430093,0.13503425233126998,0.1350342523430093,0.13503425235270292,0.1350342523430093,0.13503425233126998
0.1653324877452505,0.1653324877452505,0.1653324877452505,0.1653324877452505,0.1653324877452505,0.1653324877452505,0.1653324877452505,0.1653324877452505,0.1653324877452505,0.1653324877452505,0.1653324877452505,0.1653324877452505,0.1653324877452505,0.1653324877452505,0.1653324877452505,0.1653324877452505,0.1653324877452505,0.1653324877452505,0.1653324877452505,0.1653324877452505,0.1653324877452505,0.1653324877452505,0.1653324877452505,0.1653324877452505,0.1653324877452505,0.16375749402725814,0.16375749402725795,0.16375749402725795,0.16375749402725795,0.16375749402725814,0.16375749402725795,0.16375749402725795,0.16375749402725795,0.16375749402725795,0.16375749402725795,0.16375749402725795,0.16375749402725795,0.16375749402725795,0.16375749402725795,0.16375749402725795,0.16375749402725795,0.16375749402725795,0.16375749402725795,0.16375749402725795,0.16375749402725795,0.16375749402725814,0.16375749402725795,0.16375749402725795,0.16375749402725795,0.16375749402725814,0.16221388424115035,0.16221388424115016,0.16221388424115016,0.16221388424115016,0.16221388424115035,0.16221388424115016,0.16221388424115016,0.16221388424115016,0.16221388424115016,0.16221388424115016,0.16221388424115016,0.16221388424115016,0.1622138842411499,0.16221388424115016,0.16221388424115016,0.16221388424115016,0.16221388424115016,0.16221388424115016,0.16221388424115016,0.16221388424115016,0.16221388424115035,0.16221388424115016,0.16221388424115016,0.16221388424115016,0.16221388424115035,0.1607010673439678,0.16070106734396758,0.16070106734396736,0.16070106734396758,0.1607010673439678,0.16070106734396758,0.16070106734396714,0.1607010673439669,0.16070106734396714,0.16070106734396758,0.16070106734396736,0.1607010673439669,0.1607010673439667,0.1607010673439669,0.16070106734396736,0.16070106734396758,0.16070106734396714,0.1607010673439669,0.16070106734396714,0.16070106734396758,0.1607010673439678,0.16070106734396758,0.16070106734396736,0.16070106734396758,0.16070106734396802,0.15921845171068932,0.15921845171068802,0.15921845171068735,0.15921845171068802,0.15921845171068932,0.15921845171068802,0.15921845171068694,0.15921845171068605,0.15921845171068694,0.15921845171068802,0.15921845171068735,0.15921845171068605,0.1592184517106852,0.15921845171068605,0.15921845171068735,0.15921845171068802,0.15921845171068694,0.15921845171068605,0.15921845171068694,0.15921845171068802,0.15921845171068932,0.15921845171068802,0.15921845171068735,0.15921845171068802,0.15921845171068932,0.1577654464860829,0.1577654464860793,0.15776544648607696,0.1577654464860793,0.1577654464860829,0.1577654464860793,0.15776544648607527,0.1577654464860729,0.15776544648607527,0.1577654464860793,0.15776544648607696,0.1577654464860729,0.15776544648607013,0.1577654464860729,0.15776544648607696,0.1577654464860793,0.15776544648607527,0.1577654464860729,0.15776544648607527,0.1577654464860793,0.1577654464860829,0.1577654464860793,0.15776544648607696,0.1577654464860793,0.1577654464860829,0.1563414627990328,0.1563414627990215,0.1563414627990144,0.1563414627990215,0.1563414627990328,0.1563414627990215,0.15634146279900915,0.1563414627990012,0.15634146279900915,0.1563414627990215,0.1563414627990144,0.1563414627990012,0.15634146279899264,0.1563414627990012,0.1563414627990144,0.1563414627990215,0.15634146279900915,0.1563414627990012,0.15634146279900915,0.1563414627990215,0.1563414627990328,0.1563414627990215,0.1563414627990144,0.1563414627990215,0.1563414627990328,0.15494591484960551,0.1549459148495715,0.15494591484954956,0.1549459148495715,0.15494591484960551,0.1549459148495715,0.15494591484953296,0.15494591484950715,0.15494591484953296,0.1549459148495715,0.15494591484954956,0.15494591484950715,0.15494591484947864,0.15494591484950715,0.15494591484954956,0.1549459148495715,0.15494591484953296,0.15494591484950715,0.15494591484953296,0.1549459148495715,0.15494591484960551,0.1549459148495715,0.15494591484954956,0.1549459148495715,0.15494591484960551,0.15357822087857592,0.1535782208784763,0.15357822087841003,0.1535782208784763,0.15357822087857592,0.1535782208784763,0.15357822087835682,0.15357822087827408,0.15357822087835682,0.1535782208784763,0.15357822087841003,0.15357822087827408,0.15357822087817827,0.15357822087827408,0.15357822087841003,0.1535782208784763,0.15357822087835682,0.15357822087827408,0.15357822087835682,0.1535782208784763,0.15357822087857592,0.1535782208784763,0.15357822087841003,0.1535782208784763,0.15357822087857592,0.1522378040285882,0.15223780402830397,0.15223780402810713,0.15223780402830397,0.1522378040285882,0.15223780402830397,0.1522378040279404,0.15223780402767134,0.1522378040279404,0.15223780402830397,0.15223780402810713,0.15223780402767134,0.15223780402733297,0.15223780402767134,0.15223780402810713,0.15223780402830397,0.1522378040279404,0.15223780402767134,0.1522378040279404,0.15223780402830397,0.1522378040285882,0.15223780402830397,0.15223780402810713,0.15223780402830397,0.1522378040285882,0.15092409310561994,0.15092409310484559,0.1509240931042728,0.15092409310484559,0.15092409310561994,0.15092409310484559,0.15092409310376156,0.15092409310286642,0.15092409310376156,0.15092409310484559,0.1509240931042728,0.15092409310286642,0.15092409310157653,0.15092409310286642,0.1509240931042728,0.15092409310484559,0.15092409310376156,0.15092409310286642,0.15092409310376156,0.15092409310484559,0.15092409310561994,0.15092409310484559,0.1509240931042728,0.15092409310484559,0.15092409310561994,0.14963652324896065,0.1496365232469983,0.1496365232454,0.1496365232469983,0.14963652324896065,0.1496365232469983,0.1496365232438983,0.14963652324086896,0.1496365232438983,0.1496365232469983,0.1496365232454,0.14963652324086896,0.14963652323542395,0.14963652324086896,0.1496365232454,0.1496365232469983,0.1496365232438983,0.14963652324086896,0.1496365232438983,0.1496365232469983,0.14963652324896065,0.1496365232469983,0.1496365232454,0.1496365232469983,0.14963652324896065,0.14837453651746382,0.1483745365130643,0.1483745365089737,0.1483745365130643,0.14837453651746382,0.1483745365130643,0.14837453650494553,0.14837453649484433,0.14837453650494553,0.1483745365130643,0.1483745365089737,0.14837453649484433,0.14837453646887258,0.14837453649484433,0.1483745365089737,0.1483745365130643,0.14837453650494553,0.14837453649484433,0.14837453650494553,0.1483745365130643,0.14837453651746382,0.1483745365130643,0.1483745365089737,0.1483745365130643,0.14837453651746382,0.14713758239904215,0.14713758239114352,0.1471375823825964,0.14713758239114352,0.14713758239904215,0.14713758239114352,0.1471375823739061,0.14713758234436847,0.1471375823739061,0.14713758239114352,0.1471375823825964,0.14713758234436847,0.1471375822039165,0.14713758234436847,0.1471375823825964,0.14713758239114352,0.1471375823739061,0.14713758234436847,0.1471375823739061,0.14713758239114352,0.14713758239904215,0.14713758239114352,0.1471375823825964,0.14713758239114352,0.14713758239904215,0.14592511824814422,0.14592511823885232,0.14592511822913945,0.14592511823885232,0.14592511824814422,0.14592511823885232,0.14592511821930249,0.1459251181882773,0.14592511821930249,0.14592511823885232,0.14592511822913945,0.1459251181882773,0.14592511805840053,0.1459251181882773,0.14592511822913945,0.14592511823885232,0.14592511821930249,0.1459251181882773,0.14592511821930249,0.14592511823885232,0.14592511824814422,0.14592511823885232,0.14592511822913945,0.14592511823885232,0.14592511824814422,0.14473660965268204,0.14473660964340523,0.14473660963401933,0.14473660964340523,0.14473660965268204,0.14473660964340523,0.14473660962457935,0.14473660959616855,0.14473660962457935,0.14473660964340523,0.14473660963401933,0.14473660959616855,0.14473660948320338,0.14473660959616855,0.14473660963401933,0.14473660964340523,0.14473660962457935,0.14473660959616855,0.14473660962457935,0.14473660964340523,0.14473660965268204,0.14473660964340523,0.14473660963401933,0.14473660964340523,0.14473660965268204,0.1435715307501861,0.14357153074131307,0.14357153073239995,0.14357153074131307,0.1435715307501861,0.14357153074131307,0.14357153072344905,0.14357153069676137,0.14357153072344905,0.14357153074131307,0.14357153073239995,0.14357153069676137,0.14357153059147,0.14357153069676137,0.14357153073239995,0.14357153074131307,0.14357153072344905,0.14357153069676137,0.14357153072344905,0.14357153074131307,0.1435715307501861,0.14357153074131307,0.14357153073239995,0.14357153074131307,0.1435715307501861,0.1424293644912527,0.1424293644829456,0.1424293644744104,0.1424293644829456,0.1424293644912527,0.1424293644829456,0.14242936446577856,0.14242936443941262,0.14242936446577856,0.1424293644829456,0.1424293644744104,0.14242936443941262,0.14242936433291542,0.14242936443941262,0.1424293644744104,0.1424293644829456,0.14242936446577856,0.14242936443941262,0.14242936446577856,0.1424293644829456,0.1424293644912527,0.1424293644829456,0.1424293644744104,0.1424293644829456,0.1424293644912527,0.1413096028528785,0.14130960284594624,0.14130960283833757,0.14130960284594624,0.1413096028528785,0.14130960284594624,0.14130960283050817,0.1413096028048321,0.14130960283050817,0.14130960284594624,0.14130960283833757,0.1413096028048321,0.14130960269387427,0.1413096028048321,0.14130960283833757,0.14130960284594624,0.14130960283050817,0.1413096028048321,0.14130960283050817,0.14130960284594624,0.1413096028528785,0.14130960284594624,0.14130960283833757,0.14130960284594624,0.1413096028528785,0.14021174700603228,0.14021174700281125,0.14021174699838082,0.14021174700281125,0.14021174700603228,0.14021174700281125,0.1402117469936187,0.14021174697441866,0.1402117469936187,0.14021174700281125,0.14021174699838082,0.14021174697441866,0.14021174687407018,0.14021174697441866,0.14021174699838082,0.14021174700281125,0.1402117469936187,0.14021174697441866,0.1402117469936187,0.14021174700281125,0.14021174700603228,0.14021174700281125,0.14021174699838082,0.14021174700281125,0.14021174700603228,0.13913530744160563,0.13913530744623012,0.13913530744986763,0.13913530744623012,0.13913530744160563,0.13913530744623012,0.13913530745328237,0.13913530745917757,0.13913530745328237,0.13913530744623012,0.13913530744986763,0.13913530745917757,0.13913530746545888,0.13913530745917757,0.13913530744986763,0.13913530744623012,0.13913530745328237,0.13913530745917757,0.13913530745328237,0.13913530744623012,0.13913530744160563,0.13913530744623012,0.13913530744986763,0.13913530744623012,0.13913530744160563,0.13807980405985112,0.13807980407570752,0.13807980409167617,0.13807980407570752,0.13807980405985112,0.13807980407570752,0.1380798041078603,0.138079804152075,0.1380798041078603,0.13807980407570752,0.13807980409167617,0.138079804152075,0.13807980427693636,0.138079804152075,0.13807980409167617,0.13807980407570752,0.1380798041078603,0.138079804152075,0.1380798041078603,0.13807980407570752,0.13807980405985112,0.13807980407570752,0.13807980409167617,0.13807980407570752,0.13807980405985112,0.1370447662326641,0.1370447662593295,0.13704476629171522,0.1370447662593295,0.1370447662326641,0.1370447662593295,0.1370447663253115,0.13704476645797706,0.1370447663253115,0.1370447662593295,0.13704476629171522,0.13704476645797706,0.1370447671937413,0.13704476645797706,0.13704476629171522,0.1370447662593295,0.1370447663253115,0.13704476645797706,0.1370447663253115,0.1370447662593295,0.1370447662326641,0.1370447662593295,0.13704476629171522,0.1370447662593295,0.1370447662326641,0.1360297328431145,0.13602973286177875,0.13602973288006096,0.13602973286177875,0.1360297328431145,0.13602973286177875,0.1360297328984067,0.13602973294740914,0.1360297328984067,0.13602973286177875,0.13602973288006096,0.13602973294740914,0.13602973308341798,0.13602973294740914,0.13602973288006096,0.13602973286177875,0.1360297328984067,0.13602973294740914,0.1360297328984067,0.13602973286177875,0.1360297328431145,0.13602973286177875,0.13602973288006096,0.13602973286177875,0.1360297328431145,0.13503425232906555,0.1350342523407644,0.13503425235042466,0.1350342523407644,0.13503425232906555,0.1350342523407644,0.13503425235959454,0.1350342523782662,0.13503425235959454,0.1350342523407644,0.13503425235042466,0.1350342523782662,0.13503425241222156,0.1350342523782662,0.13503425235042466,0.1350342523407644,0.13503425235959454,0.1350342523782662,0.13503425235959454,0.1350342523407644,0.13503425232906555,0.1350342523407644,0.13503425235042466,0.1350342523407644,0.13503425232906555
0.16533248774602288,0.16533248774602288,0.16533248774602288,0.16533248774602288,0.16533248774602288,0.16533248774602288,0.16533248774602288,0.16533248774602288,0.16533248774602288,0.16533248774602288,0.16533248774602288,0.16533248774602288,0.16533248774602288,0.16533248774602288,0.16533248774602288,0.16533248774602288,0.16533248774602288,0.16533248774602288,0.16533248774602288,0.16533248774602288,0.16533248774602288,0.16533248774602288,0.16533248774602288,0.16533248774602288,0.16533248774602288,0.16375749402801518,0.16375749402801493,0.16375749402801493,0.16375749402801518,0.16375749402801518,0.16375749402801493,0.16375749402801493,0.16375749402801493,0.16375749402801493,0.16375749402801493,0.16375749402801493,0.16375749402801493,0.16375749402801493,0.16375749402801493,0.16375749402801493,0.16375749402801518,0.16375749402801493,0.16375749402801493,0.16375749402801493,0.16375749402801518,0.16375749402801518,0.16375749402801493,0.16375749402801493,0.16375749402801518,0.16375749402801518,0.1622138842418923,0.16221388424189206,0.16221388424189206,0.16221388424189206,0.1622138842418923,0.16221388424189206,0.16221388424189206,0.16221388424189181,0.16221388424189206,0.16221388424189206,0.16221388424189206,0.16221388424189181,0.16221388424189181,0.16221388424189181,0.16221388424189206,0.16221388424189206,0.16221388424189206,0.16221388424189181,0.16221388424189206,0.16221388424189206,0.1622138842418923,0.16221388424189206,0.16221388424189206,0.16221388424189206,0.1622138842418923,0.16070106734469491,0.16070106734469444,0.16070106734469425,0.16070106734469444,0.16070106734469491,0.16070106734469444,0.16070106734469425,0.16070106734469403,0.16070106734469425,0.16070106734469444,0.16070106734469425,0.16070106734469403,0.16070106734469358,0.16070106734469403,0.16070106734469425,0.16070106734469444,0.16070106734469425,0.16070106734469403,0.16070106734469425,0.16070106734469444,0.16070106734469491,0.16070106734469444,0.16070106734469425,0.16070106734469444,0.16070106734469491,0.15921845171140167,0.15921845171140062,0.15921845171139973,0.15921845171140062,0.15921845171140167,0.15921845171140062,0.1592184517113993,0.15921845171139842,0.1592184517113993,0.15921845171140062,0.15921845171139973,0.15921845171139842,0.15921845171139776,0.15921845171139842,0.15921845171139973,0.15921845171140062,0.1592184517113993,0.15921845171139842,0.1592184517113993,0.15921845171140062,0.15921845171140167,0.15921845171140062,0.15921845171139973,0.15921845171140062,0.15921845171140167,0.15776544648678106,0.15776544648677743,0.1577654464867751,0.15776544648677743,0.15776544648678106,0.15776544648677743,0.15776544648677338,0.15776544648677104,0.15776544648677338,0.15776544648677743,0.1577654464867751,0.15776544648677104,0.15776544648676827,0.15776544648677104,0.1577654464867751,0.15776544648677743,0.15776544648677338,0.15776544648677104,0.15776544648677338,0.15776544648677743,0.15776544648678106,0.15776544648677743,0.1577654464867751,0.15776544648677743,0.15776544648678106,0.156341462799717,0.1563414627997057,0.15634146279969838,0.1563414627997057,0.156341462799717,0.1563414627997057,0.15634146279969335,0.1563414627996852,0.15634146279969335,0.1563414627997057,0.15634146279969838,0.1563414627996852,0.15634146279967684,0.1563414627996852,0.15634146279969838,0.1563414627997057,0.15634146279969335,0.1563414627996852,0.15634146279969335,0.1563414627997057,0.156341462799717,0.1563414627997057,0.15634146279969838,0.1563414627997057,0.156341462799717,0.15494591485027565,0.1549459148502418,0.15494591485021988,0.1549459148502418,0.15494591485027565,0.1549459148502418,0.1549459148502033,0.15494591485017747,0.1549459148502033,0.1549459148502418,0.15494591485021988,0.15494591485017747,0.154945914850149,0.15494591485017747,0.15494591485021988,0.1549459148502418,0.1549459148502033,0.15494591485017747,0.1549459148502033,0.1549459148502418,0.15494591485027565,0.1549459148502418,0.15494591485021988,0.1549459148502418,0.15494591485027565,0.15357822087923248,0.1535782208791329,0.15357822087906678,0.1535782208791329,0.15357822087923248,0.1535782208791329,0.15357822087901374,0.15357822087893122,0.15357822087901374,0.1535782208791329,0.15357822087906678,0.15357822087893122,0.1535782208788356,0.15357822087893122,0.15357822087906678,0.1535782208791329,0.15357822087901374,0.15357822087893122,0.15357822087901374,0.1535782208791329,0.15357822087923248,0.1535782208791329,0.15357822087906678,0.1535782208791329,0.15357822087923248,0.15223780402923107,0.15223780402894724,0.1522378040287506,0.15223780402894724,0.15223780402923107,0.15223780402894724,0.15223780402858425,0.1522378040283158,0.15223780402858425,0.15223780402894724,0.1522378040287506,0.1522378040283158,0.1522378040279778,0.1522378040283158,0.1522378040287506,0.15223780402894724,0.15223780402858425,0.1522378040283158,0.15223780402858425,0.15223780402894724,0.15223780402923107,0.15223780402894724,0.1522378040287506,0.15223780402894724,0.15223780402923107,0.1509240931062481,0.15092409310547505,0.15092409310490326,0.15092409310547505,0.1509240931062481,0.15092409310547505,0.150924093104393,0.15092409310349955,0.150924093104393,0.15092409310547505,0.15092409310490326,0.15092409310349955,0.15092409310221203,0.15092409310349955,0.15092409310490326,0.15092409310547505,0.150924093104393,0.15092409310349955,0.150924093104393,0.15092409310547505,0.1509240931062481,0.15092409310547505,0.15092409310490326,0.15092409310547505,0.1509240931062481,0.14963652324957155,0.14963652324761267,0.14963652324601737,0.14963652324761267,0.14963652324957155,0.14963652324761267,0.14963652324451832,0.14963652324149448,0.14963652324451832,0.14963652324761267,0.14963652324601737,0.14963652324149448,0.1496365232360589,0.14963652324149448,0.14963652324601737,0.14963652324761267,0.14963652324451832,0.14963652324149448,0.14963652324451832,0.14963652324761267,0.14963652324957155,0.14963652324761267,0.14963652324601737,0.14963652324761267,0.14963652324957155,0.14837453651805005,0.14837453651365864,0.14837453650957566,0.14837453651365864,0.14837453651805005,0.14837453651365864,0.1483745365055549,0.1483745364954715,0.1483745365055549,0.14837453651365864,0.14837453650957566,0.1483745364954715,0.14837453646954532,0.1483745364954715,0.14837453650957566,0.14837453651365864,0.1483745365055549,0.1483745364954715,0.1483745365055549,0.14837453651365864,0.14837453651805005,0.14837453651365864,0.14837453650957566,0.14837453651365864,0.14837453651805005,0.14713758239958713,0.14713758239170355,0.14713758238317223,0.14713758239170355,0.14713758239958713,0.14713758239170355,0.14713758237449828,0.14713758234501353,0.14713758237449828,0.14713758239170355,0.14713758238317223,0.14713758234501353,0.14713758220481188,0.14713758234501353,0.14713758238317223,0.14713758239170355,0.14713758237449828,0.14713758234501353,0.14713758237449828,0.14713758239170355,0.14713758239958713,0.14713758239170355,0.14713758238317223,0.14713758239170355,0.14713758239958713,0.14592511824861593,0.14592511823934395,0.1459251182296512,0.14592511823934395,0.14592511824861593,0.14592511823934395,0.14592511821983437,0.1459251181888699,0.14592511821983437,0.14592511823934395,0.1459251182296512,0.1459251181888699,0.14592511805925648,0.1459251181888699,0.1459251182296512,0.14592511823934395,0.14592511821983437,0.1459251181888699,0.14592511821983437,0.14592511823934395,0.14592511824861593,0.14592511823934395,0.1459251182296512,0.14592511823934395,0.14592511824861593,0.14473660965303864,0.14473660964378626,0.14473660963442428,0.14473660964378626,0.14473660965303864,0.14473660964378626,0.1447366096250084,0.1447366095966676,0.1447366096250084,0.14473660964378626,0.14473660963442428,0.1447366095966676,0.14473660948396005,0.1447366095966676,0.14473660963442428,0.14473660964378626,0.1447366096250084,0.1447366095966676,0.1447366096250084,0.14473660964378626,0.14473660965303864,0.14473660964378626,0.14473660963442428,0.14473660964378626,0.14473660965303864,0.14357153075037588,0.14357153074153292,0.14357153073264978,0.14357153074153292,0.14357153075037588,0.14357153074153292,0.14357153072372897,0.14357153069712997,0.14357153072372897,0.14357153074153292,0.14357153073264978,0.14357153069712997,0.14357153059215172,0.14357153069712997,0.14357153073264978,0.14357153074153292,0.14357153072372897,0.14357153069712997,0.14357153072372897,0.14357153074153292,0.14357153075037588,0.14357153074153292,0.14357153073264978,0.14357153074153292,0.14357153075037588,0.14242936449121127,0.1424293644829404,0.1424293644744426,0.1424293644829404,0.14242936449121127,0.1424293644829404,0.1424293644658485,0.1424293644395985,0.1424293644658485,0.1424293644829404,0.1424293644744426,0.1424293644395985,0.1424293643335762,0.1424293644395985,0.1424293644744426,0.1424293644829404,0.1424293644658485,0.1424293644395985,0.1424293644658485,0.1424293644829404,0.14242936449121127,0.1424293644829404,0.1424293644744426,0.1424293644829404,0.14242936449121127,0.14130960285252817,0.14130960284563407,0.1413096028380675,0.14130960284563407,0.14130960285252817,0.14130960284563407,0.1413096028302817,0.14130960280474952,0.1413096028302817,0.14130960284563407,0.1413096028380675,0.14130960280474952,0.1413096026944287,0.14130960280474952,0.1413096028380675,0.14130960284563407,0.1413096028302817,0.14130960280474952,0.1413096028302817,0.14130960284563407,0.14130960285252817,0.14130960284563407,0.1413096028380675,0.14130960284563407,0.14130960285252817,0.14021174700528954,0.14021174700209563,0.1402117469976986,0.14021174700209563,0.14021174700528954,0.14021174700209563,0.14021174699297162,0.14021174697390587,0.14021174699297162,0.14021174700209563,0.1402117469976986,0.14021174697390587,0.14021174687423013,0.14021174697390587,0.1402117469976986,0.14021174700209563,0.14021174699297162,0.14021174697390587,0.14021174699297162,0.14021174700209563,0.14021174700528954,0.14021174700209563,0.1402117469976986,0.14021174700209563,0.14021174700528954,0.1391353074404097,0.1391353074450275,0.1391353074486617,0.1391353074450275,0.1391353074404097,0.1391353074450275,0.13913530745207361,0.13913530745797165,0.13913530745207361,0.1391353074450275,0.1391353074486617,0.13913530745797165,0.13913530746429217,0.13913530745797165,0.1391353074486617,0.1391353074450275,0.13913530745207361,0.13913530745797165,0.13913530745207361,0.1391353074450275,0.1391353074404097,0.1391353074450275,0.1391353074486617,0.1391353074450275,0.1391353074404097,0.13807980405820874,0.13807980407401477,0.13807980408993178,0.13807980407401477,0.13807980405820874,0.13807980407401477,0.13807980410606338,0.13807980415013202,0.13807980410606338,0.13807980407401477,0.13807980408993178,0.13807980415013202,0.13807980427457384,0.13807980415013202,0.13807980408993178,0.13807980407401477,0.13807980410606338,0.13807980415013202,0.13807980410606338,0.13807980407401477,0.13807980405820874,0.13807980407401477,0.13807980408993178,0.13807980407401477,0.13807980405820874,0.13704476623067327,0.13704476625724818,0.13704476628952308,0.13704476625724818,0.13704476623067327,0.13704476625724818,0.13704476632300444,0.13704476645521313,0.13704476632300444,0.13704476625724818,0.13704476628952308,0.13704476645521313,0.13704476718842065,0.13704476645521313,0.13704476628952308,0.13704476625724818,0.13704476632300444,0.13704476645521313,0.13704476632300444,0.13704476625724818,0.13704476623067327,0.13704476625724818,0.13704476628952308,0.13704476625724818,0.13704476623067327,0.13602973284095649,0.13602973285955675,0.1360297328777762,0.13602973285955675,0.13602973284095649,0.13602973285955675,0.13602973289605885,0.13602973294489254,0.13602973289605885,0.13602973285955675,0.1360297328777762,0.13602973294489254,0.13602973308043168,0.13602973294489254,0.1360297328777762,0.13602973285955675,0.13602973289605885,0.13602973294489254,0.13602973289605885,0.13602973285955675,0.13602973284095649,0.13602973285955675,0.1360297328777762,0.13602973285955675,0.13602973284095649,0.13503425232686847,0.13503425233852737,0.13503425234815428,0.13503425233852737,0.13503425232686847,0.13503425233852737,0.13503425235729274,0.1350342523758999,0.13503425235729274,0.13503425233852737,0.13503425234815428,0.1350342523758999,0.1350342524097381,0.1350342523758999,0.13503425234815428,0.13503425233852737,0.13503425235729274,0.1350342523758999,0.13503425235729274,0.13503425233852737,0.13503425232686847,0.13503425233852737,0.13503425234815428,0.13503425233852737,0.13503425232686847
0.16533248774679316,0.16533248774679316,0.16533248774679316,0.16533248774679316,0.16533248774679316,0.16533248774679316,0.16533248774679316,0.16533248774679316,0.16533248774679316,0.16533248774679316,0.16533248774679316,0.16533248774679316,0.16533248774679316,0.16533248774679316,0.16533248774679316,0.16533248774679316,0.16533248774679316,0.16533248774679316,0.16533248774679316,0.16533248774679316,0.16533248774679316,0.16533248774679316,0.16533248774679316,0.16533248774679316,0.16533248774679316,0.1637574940287701,0.1637574940287701,0.16375749402876988,0.1637574940287701,0.1637574940287701,0.1637574940287701,0.16375749402876988,0.16375749402876988,0.16375749402876988,0.16375749402876988,0.16375749402876988,0.16375749402876988,0.16375749402876988,0.16375749402876988,0.16375749402876988,0.1637574940287701,0.16375749402876988,0.16375749402876988,0.16375749402876988,0.1637574940287701,0.1637574940287701,0.16375749402876988,0.16375749402876988,0.1637574940287701,0.1637574940287701,0.16221388424263214,0.16221388424263192,0.16221388424263192,0.16221388424263192,0.16221388424263214,0.16221388424263192,0.16221388424263192,0.1622138842426317,0.16221388424263192,0.16221388424263192,0.16221388424263192,0.1622138842426317,0.1622138842426317,0.1622138842426317,0.16221388424263192,0.16221388424263192,0.16221388424263192,0.1622138842426317,0.16221388424263192,0.16221388424263192,0.16221388424263214,0.16221388424263192,0.16221388424263192,0.16221388424263192,0.16221388424263214,0.16070106734542,0.16070106734541958,0.16070106734541936,0.16070106734541958,0.16070106734542,0.16070106734541958,0.16070106734541914,0.16070106734541892,0.16070106734541914,0.16070106734541958,0.16070106734541936,0.16070106734541892,0.16070106734541867,0.16070106734541892,0.16070106734541936,0.16070106734541958,0.16070106734541914,0.16070106734541892,0.16070106734541914,0.16070106734541958,0.16070106734542,0.16070106734541958,0.16070106734541936,0.16070106734541958,0.16070106734542,0.15921845171211232,0.159218451712111,0.15921845171211035,0.159218451712111,0.15921845171211232,0.159218451712111,0.1592184517121097,0.15921845171210908,0.1592184517121097,0.159218451712111,0.15921845171211035,0.15921845171210908,0.15921845171210816,0.15921845171210908,0.15921845171211035,0.159218451712111,0.1592184517121097,0.15921845171210908,0.1592184517121097,0.159218451712111,0.15921845171211232,0.159218451712111,0.15921845171211035,0.159218451712111,0.15921845171211232,0.15776544648747728,0.15776544648747368,0.15776544648747132,0.15776544648747368,0.15776544648747728,0.15776544648747368,0.15776544648746982,0.15776544648746726,0.15776544648746982,0.15776544648747368,0.15776544648747132,0.15776544648746726,0.1577654464874647,0.15776544648746726,0.15776544648747132,0.15776544648747368,0.15776544648746982,0.15776544648746726,0.15776544648746982,0.15776544648747368,0.15776544648747728,0.15776544648747368,0.15776544648747132,0.15776544648747368,0.15776544648747728,0.1563414628003991,0.1563414628003878,0.1563414628003807,0.1563414628003878,0.1563414628003991,0.1563414628003878,0.15634146280037547,0.1563414628003675,0.15634146280037547,0.1563414628003878,0.1563414628003807,0.1563414628003675,0.15634146280035893,0.1563414628003675,0.1563414628003807,0.1563414628003878,0.15634146280037547,0.1563414628003675,0.15634146280037547,0.1563414628003878,0.1563414628003991,0.1563414628003878,0.1563414628003807,0.1563414628003878,0.1563414628003991,0.1549459148509441,0.15494591485091033,0.15494591485088838,0.15494591485091033,0.1549459148509441,0.15494591485091033,0.15494591485087178,0.15494591485084616,0.15494591485087178,0.15494591485091033,0.15494591485088838,0.15494591485084616,0.15494591485081766,0.15494591485084616,0.15494591485088838,0.15494591485091033,0.15494591485087178,0.15494591485084616,0.15494591485087178,0.15494591485091033,0.1549459148509441,0.15494591485091033,0.15494591485088838,0.15494591485091033,0.1549459148509441,0.15357822087988723,0.1535782208797878,0.15357822087972195,0.1535782208797878,0.15357822087988723,0.1535782208797878,0.1535782208796689,0.15357822087958656,0.1535782208796689,0.1535782208797878,0.15357822087972195,0.15357822087958656,0.15357822087949097,0.15357822087958656,0.15357822087972195,0.1535782208797878,0.1535782208796689,0.15357822087958656,0.1535782208796689,0.1535782208797878,0.15357822087988723,0.1535782208797878,0.15357822087972195,0.1535782208797878,0.15357822087988723,0.152237804029872,0.15223780402958875,0.1522378040293925,0.15223780402958875,0.152237804029872,0.15223780402958875,0.15223780402922635,0.15223780402895845,0.15223780402922635,0.15223780402958875,0.1522378040293925,0.15223780402895845,0.15223780402862108,0.15223780402895845,0.1522378040293925,0.15223780402958875,0.15223780402922635,0.15223780402895845,0.15223780402922635,0.15223780402958875,0.152237804029872,0.15223780402958875,0.1522378040293925,0.15223780402958875,0.152237804029872,0.15092409310687452,0.15092409310610283,0.15092409310553218,0.15092409310610283,0.15092409310687452,0.15092409310610283,0.15092409310502267,0.150924093104131,0.15092409310502286,0.15092409310610283,0.15092409310553218,0.150924093104131,0.15092409310284557,0.150924093104131,0.15092409310553218,0.15092409310610283,0.15092409310502286,0.150924093104131,0.15092409310502286,0.15092409310610283,0.15092409310687452,0.15092409310610283,0.15092409310553218,0.15092409310610283,0.15092409310687452,0.1496365232501806,0.1496365232482255,0.149636523246633,0.1496365232482255,0.1496365232501806,0.1496365232482255,0.1496365232451366,0.14963652324211807,0.1496365232451366,0.1496365232482255,0.149636523246633,0.14963652324211807,0.1496365232366923,0.14963652324211807,0.149636523246633,0.1496365232482255,0.1496365232451366,0.14963652324211807,0.1496365232451366,0.1496365232482255,0.1496365232501806,0.1496365232482255,0.149636523246633,0.1496365232482255,0.1496365232501806,0.14837453651863475,0.1483745365142515,0.1483745365101759,0.1483745365142515,0.14837453651863475,0.1483745365142515,0.14837453650616245,0.14837453649609716,0.14837453650616245,0.1483745365142515,0.1483745365101759,0.14837453649609716,0.1483745364702166,0.14837453649609716,0.1483745365101759,0.1483745365142515,0.14837453650616245,0.14837453649609716,0.14837453650616245,0.1483745365142515,0.14837453651863475,0.1483745365142515,0.1483745365101759,0.1483745365142515,0.14837453651863475,0.14713758240013028,0.147137582392262,0.14713758238374663,0.147137582392262,0.14713758240013028,0.147137582392262,0.14713758237508867,0.14713758234565696,0.14713758237508867,0.147137582392262,0.14713758238374663,0.14713758234565696,0.14713758220570672,0.14713758234565696,0.14713758238374663,0.147137582392262,0.14713758237508867,0.14713758234565696,0.14713758237508867,0.147137582392262,0.14713758240013028,0.147137582392262,0.14713758238374663,0.147137582392262,0.14713758240013028,0.14592511824908602,0.14592511823983415,0.14592511823016135,0.14592511823983415,0.14592511824908602,0.14592511823983415,0.1459251182203648,0.14592511818946072,0.1459251182203648,0.14592511823983415,0.14592511823016135,0.14592511818946072,0.14592511806005404,0.14592511818946072,0.14592511823016135,0.14592511823983415,0.1459251182203648,0.14592511818946072,0.1459251182203648,0.14592511823983415,0.14592511824908602,0.14592511823983415,0.14592511823016135,0.14592511823983415,0.14592511824908602,0.14473660965339366,0.14473660964416574,0.14473660963482785,0.14473660964416574,0.14473660965339366,0.14473660964416574,0.14473660962543586,0.1447366095971649,0.14473660962543586,0.14473660964416574,0.14473660963482785,0.1447366095971649,0.14473660948475953,0.1447366095971649,0.14473660963482785,0.14473660964416574,0.14473660962543586,0.1447366095971649,0.14473660962543586,0.14473660964416574,0.14473660965339366,0.14473660964416574,0.14473660963482785,0.14473660964416574,0.14473660965339366,0.14357153075056409,0.14357153074175127,0.14357153073289808,0.14357153074175127,0.14357153075056409,0.14357153074175127,0.1435715307240072,0.14357153069749667,0.1435715307240072,0.14357153074175127,0.14357153073289808,0.14357153069749667,0.14357153059286867,0.14357153069749667,0.14357153073289808,0.14357153074175127,0.1435715307240072,0.14357153069749667,0.1435715307240072,0.14357153074175127,0.14357153075056409,0.14357153074175127,0.14357153073289808,0.14357153074175127,0.14357153075056409,0.14242936449116866,0.1424293644829339,0.14242936447447313,0.1424293644829339,0.14242936449116866,0.1424293644829339,0.14242936446591678,0.14242936443978219,0.14242936446591678,0.1424293644829339,0.14242936447447313,0.14242936443978219,0.14242936433421233,0.14242936443978219,0.14242936447447313,0.1424293644829339,0.14242936446591678,0.14242936443978219,0.14242936446591678,0.1424293644829339,0.14242936449116866,0.1424293644829339,0.14242936447447313,0.1424293644829339,0.14242936449116866,0.1413096028521772,0.14130960284532113,0.14130960283779648,0.14130960284532113,0.1413096028521772,0.14130960284532113,0.14130960283005362,0.1413096028046642,0.14130960283005362,0.14130960284532113,0.14130960283779648,0.1413096028046642,0.141309602694954,0.1413096028046642,0.14130960283779648,0.14130960284532113,0.14130960283005362,0.1413096028046642,0.14130960283005362,0.14130960284532113,0.1413096028521772,0.14130960284532113,0.14130960283779648,0.14130960284532113,0.1413096028521772,0.1402117470045476,0.1402117470013803,0.14021174699701647,0.1402117470013803,0.1402117470045476,0.1402117470013803,0.14021174699232417,0.140211746973391,0.14021174699232417,0.1402117470013803,0.14021174699701647,0.140211746973391,0.1402117468743946,0.140211746973391,0.14021174699701647,0.1402117470013803,0.14021174699232417,0.140211746973391,0.14021174699232417,0.1402117470013803,0.1402117470045476,0.1402117470013803,0.14021174699701647,0.1402117470013803,0.1402117470045476,0.13913530743921643,0.13913530744382774,0.13913530744745814,0.13913530744382774,0.13913530743921643,0.13913530744382774,0.13913530745086722,0.13913530745676778,0.13913530745086722,0.13913530744382774,0.13913530744745814,0.13913530745676778,0.13913530746312655,0.13913530745676778,0.13913530744745814,0.13913530744382774,0.13913530745086722,0.13913530745676778,0.13913530745086722,0.13913530744382774,0.13913530743921643,0.13913530744382774,0.13913530744745814,0.13913530744382774,0.13913530743921643,0.13807980405657155,0.13807980407232714,0.13807980408819268,0.13807980407232714,0.13807980405657155,0.13807980407232714,0.13807980410427187,0.13807980414819526,0.13807980410427187,0.13807980407232714,0.13807980408819268,0.13807980414819526,0.13807980427221986,0.13807980414819526,0.13807980408819268,0.13807980407232714,0.13807980410427187,0.13807980414819526,0.13807980410427187,0.13807980407232714,0.13807980405657155,0.13807980407232714,0.13807980408819268,0.13807980407232714,0.13807980405657155,0.13704476622868914,0.1370447662551741,0.13704476628733886,0.1370447662551741,0.13704476622868914,0.1370447662551741,0.13704476632070559,0.13704476645245983,0.13704476632070559,0.1370447662551741,0.13704476628733886,0.13704476645245983,0.13704476718315714,0.13704476645245983,0.13704476628733886,0.1370447662551741,0.13704476632070559,0.13704476645245983,0.13704476632070559,0.1370447662551741,0.13704476622868914,0.1370447662551741,0.13704476628733886,0.1370447662551741,0.13704476622868914,0.13602973283880593,0.13602973285734266,0.13602973287549963,0.13602973285734266,0.13602973283880593,0.13602973285734266,0.1360297328937197,0.13602973294238532,0.1360297328937197,0.13602973285734266,0.13602973287549963,0.13602973294238532,0.1360297330774573,0.13602973294238532,0.13602973287549963,0.13602973285734266,0.1360297328937197,0.13602973294238532,0.1360297328937197,0.13602973285734266,0.13602973283880593,0.13602973285734266,0.13602973287549963,0.13602973285734266,0.13602973283880593,0.13503425232467942,0.13503425233629823,0.13503425234589225,0.13503425233629823,0.13503425232467942,0.13503425233629823,0.13503425235499927,0.13503425237354236,0.13503425235499927,0.13503425233629823,0.13503425234589225,0.13503425237354236,0.13503425240726405,0.13503425237354236,0.13503425234589225,0.13503425233629823,0.13503425235499927,0.13503425237354236,0.13503425235499927,0.13503425233629823,0.13503425232467942,0.13503425233629823,0.13503425234589225,0.13503425233629823,0.13503425232467942
0.1653324877475613,0.1653324877475613,0.1653324877475613,0.1653324877475613,0.1653324877475613,0.1653324877475613,0.1653324877475613,0.1653324877475613,0.1653324877475613,0.1653324877475613,0.1653324877475613,0.1653324877475613,0.1653324877475613,0.1653324877475613,0.1653324877475613,0.1653324877475613,0.1653324877475613,0.1653324877475613,0.1653324877475613,0.1653324877475613,0.1653324877475613,0.1653324877475613,0.1653324877475613,0.1653324877475613,0.1653324877475613,0.16375749402952294,0.16375749402952294,0.16375749402952294,0.16375749402952294,0.16375749402952294,0.16375749402952294,0.16375749402952294,0.16375749402952272,0.16375749402952294,0.16375749402952294,0.16375749402952294,0.16375749402952272,0.16375749402952272,0.16375749402952272,0.16375749402952294,0.16375749402952294,0.16375749402952294,0.16375749402952272,0.16375749402952294,0.16375749402952294,0.16375749402952294,0.16375749402952294,0.16375749402952294,0.16375749402952294,0.16375749402952294,0.16221388424336997,0.16221388424336974,0.16221388424336974,0.16221388424336974,0.16221388424336997,0.16221388424336974,0.16221388424336974,0.16221388424336952,0.16221388424336974,0.16221388424336974,0.16221388424336974,0.16221388424336952,0.16221388424336952,0.16221388424336952,0.16221388424336974,0.16221388424336974,0.16221388424336974,0.16221388424336952,0.16221388424336974,0.16221388424336974,0.16221388424336997,0.16221388424336974,0.16221388424336974,0.16221388424336974,0.16221388424336997,0.16070106734614312,0.16070106734614267,0.16070106734614245,0.16070106734614267,0.16070106734614312,0.16070106734614267,0.16070106734614223,0.160701067346142,0.16070106734614223,0.16070106734614267,0.16070106734614245,0.160701067346142,0.16070106734614178,0.160701067346142,0.16070106734614245,0.16070106734614267,0.16070106734614223,0.160701067346142,0.16070106734614223,0.16070106734614267,0.16070106734614312,0.16070106734614267,0.16070106734614245,0.16070106734614267,0.16070106734614312,0.15921845171282076,0.15921845171281968,0.15921845171281881,0.15921845171281968,0.15921845171282076,0.15921845171281968,0.15921845171281837,0.1592184517128175,0.15921845171281837,0.15921845171281968,0.15921845171281881,0.1592184517128175,0.15921845171281684,0.1592184517128175,0.15921845171281881,0.15921845171281968,0.15921845171281837,0.1592184517128175,0.15921845171281837,0.15921845171281968,0.15921845171282076,0.15921845171281968,0.15921845171281881,0.15921845171281968,0.15921845171282076,0.1577654464881716,0.15776544648816795,0.15776544648816562,0.15776544648816795,0.1577654464881716,0.15776544648816795,0.15776544648816412,0.15776544648816154,0.15776544648816412,0.15776544648816795,0.15776544648816562,0.15776544648816154,0.157765446488159,0.15776544648816154,0.15776544648816562,0.15776544648816795,0.15776544648816412,0.15776544648816154,0.15776544648816412,0.15776544648816795,0.1577654464881716,0.15776544648816795,0.15776544648816562,0.15776544648816795,0.1577654464881716,0.15634146280107933,0.15634146280106823,0.15634146280106093,0.15634146280106823,0.15634146280107933,0.15634146280106823,0.1563414628010559,0.15634146280104796,0.1563414628010559,0.15634146280106823,0.15634146280106093,0.15634146280104796,0.15634146280103936,0.15634146280104796,0.15634146280106093,0.15634146280106823,0.1563414628010559,0.15634146280104796,0.1563414628010559,0.15634146280106823,0.15634146280107933,0.15634146280106823,0.15634146280106093,0.15634146280106823,0.15634146280107933,0.15494591485161077,0.15494591485157697,0.15494591485155504,0.15494591485157697,0.15494591485161077,0.15494591485157697,0.1549459148515384,0.15494591485151282,0.1549459148515384,0.15494591485157697,0.15494591485155504,0.15494591485151282,0.15494591485148435,0.15494591485151282,0.15494591485155504,0.15494591485157697,0.1549459148515384,0.15494591485151282,0.1549459148515384,0.15494591485157697,0.15494591485161077,0.15494591485157697,0.15494591485155504,0.15494591485157697,0.15494591485161077,0.15357822088054018,0.15357822088044096,0.15357822088037507,0.15357822088044096,0.15357822088054018,0.15357822088044096,0.15357822088032227,0.15357822088023992,0.15357822088032227,0.15357822088044096,0.15357822088037507,0.15357822088023992,0.15357822088014472,0.15357822088023992,0.15357822088037507,0.15357822088044096,0.15357822088032227,0.15357822088023992,0.15357822088032227,0.15357822088044096,0.15357822088054018,0.15357822088044096,0.15357822088037507,0.15357822088044096,0.15357822088054018,0.15223780403051113,0.15223780403022846,0.15223780403003243,0.15223780403022846,0.15223780403051113,0.15223780403022846,0.15223780402986667,0.1522378040295992,0.15223780402986667,0.15223780403022846,0.15223780403003243,0.1522378040295992,0.15223780402926257,0.1522378040295992,0.15223780403003243,0.15223780403022846,0.15223780402986667,0.1522378040295992,0.15223780402986667,0.15223780403022846,0.15223780403051113,0.15223780403022846,0.15223780403003243,0.15223780403022846,0.15223780403051113,0.150924093107499,0.15092409310672883,0.15092409310615917,0.15092409310672883,0.150924093107499,0.15092409310672883,0.15092409310565064,0.1509240931047605,0.15092409310565064,0.15092409310672883,0.15092409310615917,0.1509240931047605,0.15092409310347737,0.1509240931047605,0.15092409310615917,0.15092409310672883,0.15092409310565064,0.1509240931047605,0.15092409310565064,0.15092409310672883,0.150924093107499,0.15092409310672883,0.15092409310615917,0.15092409310672883,0.150924093107499,0.14963652325078794,0.14963652324883642,0.1496365232472468,0.14963652324883642,0.14963652325078794,0.14963652324883642,0.1496365232457532,0.14963652324273996,0.1496365232457532,0.14963652324883642,0.1496365232472468,0.14963652324273996,0.14963652323732365,0.14963652324273996,0.1496365232472468,0.14963652324883642,0.1496365232457532,0.14963652324273996,0.1496365232457532,0.14963652324883642,0.14963652325078794,0.14963652324883642,0.1496365232472468,0.14963652324883642,0.14963652325078794,0.14837453651921742,0.14837453651484253,0.14837453651077434,0.14837453651484253,0.14837453651921742,0.14837453651484253,0.1483745365067681,0.1483745364967208,0.1483745365067681,0.14837453651484253,0.14837453651077434,0.1483745364967208,0.1483745364708858,0.1483745364967208,0.14837453651077434,0.14837453651484253,0.1483745365067681,0.1483745364967208,0.1483745365067681,0.14837453651484253,0.14837453651921742,0.14837453651484253,0.14837453651077434,0.14837453651484253,0.14837453651921742,0.1471375824006716,0.14713758239281857,0.1471375823843192,0.14713758239281857,0.1471375824006716,0.14713758239281857,0.14713758237567742,0.1471375823462984,0.14713758237567742,0.14713758239281857,0.1471375823843192,0.1471375823462984,0.147137582206607,0.1471375823462984,0.1471375823843192,0.14713758239281857,0.14713758237567742,0.1471375823462984,0.14713758237567742,0.14713758239281857,0.1471375824006716,0.14713758239281857,0.1471375823843192,0.14713758239281857,0.1471375824006716,0.14592511824955448,0.14592511824032242,0.14592511823066975,0.14592511824032242,0.14592511824955448,0.14592511824032242,0.1459251182208933,0.1459251181900499,0.1459251182208933,0.14592511824032242,0.14592511823066975,0.1459251181900499,0.1459251180608888,0.1459251181900499,0.14592511823066975,0.14592511824032242,0.1459251182208933,0.1459251181900499,0.1459251182208933,0.14592511824032242,0.14592511824955448,0.14592511824032242,0.14592511823066975,0.14592511824032242,0.14592511824955448,0.14473660965374713,0.1447366096445435,0.1447366096352297,0.1447366096445435,0.14473660965374713,0.1447366096445435,0.1447366096258616,0.1447366095976606,0.1447366096258616,0.1447366096445435,0.1447366096352297,0.1447366095976606,0.1447366094855186,0.1447366095976606,0.1447366096352297,0.1447366096445435,0.1447366096258616,0.1447366095976606,0.1447366096258616,0.1447366096445435,0.14473660965374713,0.1447366096445435,0.1447366096352297,0.1447366096445435,0.14473660965374713,0.14357153075075094,0.14357153074196807,0.14357153073314463,0.14357153074196807,0.14357153075075094,0.14357153074196807,0.14357153072428372,0.1435715306978615,0.14357153072428372,0.14357153074196807,0.14357153073314463,0.1435715306978615,0.14357153059357897,0.1435715306978615,0.14357153073314463,0.14357153074196807,0.14357153072428372,0.1435715306978615,0.14357153072428372,0.14357153074196807,0.14357153075075094,0.14357153074196807,0.14357153073314463,0.14357153074196807,0.14357153075075094,0.14242936449112487,0.14242936448292598,0.14242936447450233,0.14242936448292598,0.14242936449112487,0.14242936448292598,0.14242936446598337,0.14242936443996368,0.14242936446598337,0.14242936448292598,0.14242936447450233,0.14242936443996368,0.1424293643348669,0.14242936443996368,0.14242936447450233,0.14242936448292598,0.14242936446598337,0.14242936443996368,0.14242936446598337,0.14242936448292598,0.14242936449112487,0.14242936448292598,0.14242936447450233,0.14242936448292598,0.14242936449112487,0.1413096028518259,0.1413096028450075,0.14130960283752428,0.1413096028450075,0.14130960285182573,0.1413096028450075,0.14130960282982433,0.14130960280457636,0.14130960282982433,0.1413096028450075,0.14130960283752428,0.14130960280457636,0.14130960269550266,0.14130960280457636,0.14130960283752428,0.1413096028450075,0.14130960282982433,0.14130960280457636,0.14130960282982433,0.1413096028450075,0.14130960285182573,0.1413096028450075,0.14130960283752428,0.1413096028450075,0.14130960285182573,0.14021174700380667,0.14021174700066563,0.14021174699633437,0.14021174700066563,0.14021174700380667,0.14021174700066563,0.14021174699167657,0.1402117469728745,0.14021174699167657,0.14021174700066563,0.14021174699633437,0.1402117469728745,0.14021174687455054,0.1402117469728745,0.14021174699633437,0.14021174700066563,0.14021174699167657,0.1402117469728745,0.14021174699167657,0.14021174700066563,0.14021174700380667,0.14021174700066563,0.14021174699633437,0.14021174700066563,0.14021174700380667,0.13913530743802613,0.13913530744263083,0.13913530744625746,0.13913530744263083,0.13913530743802613,0.13913530744263083,0.13913530744966365,0.13913530745556646,0.13913530744966365,0.13913530744263083,0.13913530744625746,0.13913530745556646,0.13913530746196223,0.13913530745556646,0.13913530744625746,0.13913530744263083,0.13913530744966365,0.13913530745556646,0.13913530744966365,0.13913530744263083,0.13913530743802613,0.13913530744263083,0.13913530744625746,0.13913530744263083,0.13913530743802613,0.13807980405493941,0.13807980407064496,0.13807980408645948,0.13807980407064496,0.13807980405493941,0.13807980407064496,0.13807980410248658,0.13807980414626514,0.13807980410248658,0.13807980407064496,0.13807980408645948,0.13807980414626514,0.13807980426987423,0.13807980414626514,0.13807980408645948,0.13807980407064496,0.13807980410248658,0.13807980414626514,0.13807980410248658,0.13807980407064496,0.13807980405493941,0.13807980407064496,0.13807980408645948,0.13807980407064496,0.13807980405493941,0.13704476622671216,0.13704476625310752,0.13704476628516274,0.13704476625310752,0.13704476622671216,0.13704476625310752,0.13704476631841558,0.13704476644971764,0.13704476631841558,0.13704476625310752,0.13704476628516274,0.13704476644971764,0.13704476717790479,0.13704476644971764,0.13704476628516274,0.13704476625310752,0.13704476631841558,0.13704476644971764,0.13704476631841558,0.13704476625310752,0.13704476622671216,0.13704476625310752,0.13704476628516274,0.13704476625310752,0.13704476622671216,0.1360297328366634,0.1360297328551371,0.1360297328732319,0.1360297328551371,0.1360297328366634,0.1360297328551371,0.13602973289138945,0.13602973293988793,0.13602973289138945,0.1360297328551371,0.1360297328732319,0.13602973293988793,0.1360297330744953,0.13602973293988793,0.1360297328732319,0.1360297328551371,0.13602973289138945,0.13602973293988793,0.13602973289138945,0.1360297328551371,0.1360297328366634,0.1360297328551371,0.1360297328732319,0.1360297328551371,0.1360297328366634,0.13503425232249872,0.13503425233407776,0.13503425234363886,0.13503425233407776,0.13503425232249872,0.13503425233407776,0.1350342523527146,0.13503425237119407,0.1350342523527146,0.13503425233407776,0.13503425234363886,0.13503425237119407,0.13503425240479994,0.13503425237119407,0.13503425234363886,0.13503425233407776,0.1350342523527146,0.13503425237119407,0.1350342523527146,0.13503425233407776,0.13503425232249872,0.13503425233407776,0.13503425234363886,0.13503425233407776,0.13503425232249872
0.16533248774832757,0.16533248774832757,0.16533248774832732,0.16533248774832757,0.16533248774832757,0.16533248774832757,0.16533248774832732,0.16533248774832732,0.16533248774832732,0.16533248774832757,0.16533248774832732,0.16533248774832732,0.16533248774832732,0.16533248774832732,0.16533248774832732,0.16533248774832757,0.16533248774832732,0.16533248774832732,0.16533248774832732,0.16533248774832757,0.16533248774832757,0.16533248774832757,0.16533248774832732,0.16533248774832757,0.16533248774832757,0.16375749403027373,0.16375749403027373,0.16375749403027373,0.16375749403027373,0.16375749403027373,0.16375749403027373,0.16375749403027373,0.16375749403027348,0.16375749403027373,0.16375749403027373,0.16375749403027373,0.16375749403027348,0.16375749403027348,0.16375749403027348,0.16375749403027373,0.16375749403027373,0.16375749403027373,0.16375749403027348,0.16375749403027373,0.16375749403027373,0.16375749403027373,0.16375749403027373,0.16375749403027373,0.16375749403027373,0.16375749403027373,0.16221388424410577,0.16221388424410554,0.16221388424410554,0.16221388424410554,0.16221388424410577,0.16221388424410554,0.16221388424410554,0.16221388424410532,0.16221388424410554,0.16221388424410554,0.16221388424410554,0.16221388424410532,0.16221388424410532,0.16221388424410532,0.16221388424410554,0.16221388424410554,0.16221388424410554,0.16221388424410532,0.16221388424410554,0.16221388424410554,0.16221388424410577,0.16221388424410554,0.16221388424410554,0.16221388424410554,0.16221388424410577,0.160701067346864,0.1607010673468638,0.16070106734686335,0.1607010673468638,0.160701067346864,0.1607010673468638,0.16070106734686335,0.1607010673468631,0.16070106734686335,0.1607010673468638,0.16070106734686335,0.1607010673468631,0.16070106734686268,0.1607010673468631,0.16070106734686335,0.1607010673468638,0.16070106734686335,0.1607010673468631,0.16070106734686335,0.1607010673468638,0.160701067346864,0.1607010673468638,0.16070106734686335,0.1607010673468638,0.160701067346864,0.15921845171352722,0.15921845171352617,0.1592184517135253,0.15921845171352617,0.15921845171352722,0.15921845171352617,0.15921845171352486,0.159218451713524,0.15921845171352486,0.15921845171352617,0.1592184517135253,0.159218451713524,0.15921845171352333,0.159218451713524,0.1592184517135253,0.15921845171352617,0.15921845171352486,0.159218451713524,0.15921845171352486,0.15921845171352617,0.15921845171352722,0.15921845171352617,0.1592184517135253,0.15921845171352617,0.15921845171352722,0.15776544648886398,0.15776544648886034,0.157765446488858,0.15776544648886034,0.15776544648886398,0.15776544648886034,0.1577654464888563,0.15776544648885393,0.1577654464888563,0.15776544648886034,0.157765446488858,0.15776544648885393,0.15776544648885119,0.15776544648885393,0.157765446488858,0.15776544648886034,0.1577654464888563,0.15776544648885393,0.1577654464888563,0.15776544648886034,0.15776544648886398,0.15776544648886034,0.157765446488858,0.15776544648886034,0.15776544648886398,0.15634146280175787,0.1563414628017466,0.15634146280173947,0.1563414628017466,0.15634146280175787,0.1563414628017466,0.15634146280173422,0.15634146280172628,0.15634146280173422,0.1563414628017466,0.15634146280173947,0.15634146280172628,0.1563414628017177,0.15634146280172628,0.15634146280173947,0.1563414628017466,0.15634146280173422,0.15634146280172628,0.15634146280173422,0.1563414628017466,0.15634146280175787,0.1563414628017466,0.15634146280173947,0.1563414628017466,0.15634146280175787,0.15494591485227538,0.15494591485224155,0.1549459148522196,0.15494591485224155,0.15494591485227538,0.15494591485224155,0.15494591485220321,0.15494591485217762,0.15494591485220321,0.15494591485224155,0.1549459148522196,0.15494591485217762,0.15494591485214934,0.15494591485217762,0.1549459148522196,0.15494591485224155,0.15494591485220321,0.15494591485217762,0.15494591485220321,0.15494591485224155,0.15494591485227538,0.15494591485224155,0.1549459148522196,0.15494591485224155,0.15494591485227538,0.15357822088119114,0.1535782208810921,0.15357822088102643,0.1535782208810921,0.15357822088119114,0.1535782208810921,0.1535782208809736,0.15357822088089143,0.1535782208809736,0.1535782208810921,0.15357822088102643,0.15357822088089143,0.15357822088079623,0.15357822088089143,0.15357822088102643,0.1535782208810921,0.1535782208809736,0.15357822088089143,0.1535782208809736,0.1535782208810921,0.15357822088119114,0.1535782208810921,0.15357822088102643,0.1535782208810921,0.15357822088119114,0.1522378040311483,0.15223780403086623,0.15223780403067058,0.15223780403086623,0.1522378040311483,0.15223780403086623,0.15223780403050502,0.1522378040302381,0.15223780403050502,0.15223780403086623,0.15223780403067058,0.1522378040302381,0.1522378040299019,0.1522378040302381,0.15223780403067058,0.15223780403086623,0.15223780403050502,0.1522378040302381,0.15223780403050502,0.15223780403086623,0.1522378040311483,0.15223780403086623,0.15223780403067058,0.15223780403086623,0.1522378040311483,0.15092409310812172,0.15092409310735294,0.15092409310678423,0.15092409310735294,0.15092409310812172,0.15092409310735294,0.15092409310627666,0.15092409310538807,0.15092409310627666,0.15092409310735294,0.15092409310678423,0.15092409310538807,0.15092409310410745,0.15092409310538807,0.15092409310678423,0.15092409310735294,0.15092409310627666,0.15092409310538807,0.15092409310627666,0.15092409310735294,0.15092409310812172,0.15092409310735294,0.15092409310678423,0.15092409310735294,0.15092409310812172,0.1496365232513934,0.14963652324944546,0.14963652324785867,0.14963652324944546,0.1496365232513934,0.14963652324944546,0.14963652324636775,0.14963652324336016,0.14963652324636775,0.14963652324944546,0.14963652324785867,0.14963652324336016,0.14963652323795332,0.14963652324336016,0.14963652324785867,0.14963652324944546,0.14963652324636775,0.14963652324336016,0.14963652324636775,0.14963652324944546,0.1496365232513934,0.14963652324944546,0.14963652324785867,0.14963652324944546,0.1496365232513934,0.14837453651979843,0.1483745365154317,0.14837453651137095,0.1483745365154317,0.14837453651979843,0.1483745365154317,0.14837453650737206,0.14837453649734278,0.14837453650737206,0.1483745365154317,0.14837453651137095,0.14837453649734278,0.1483745364715532,0.14837453649734278,0.14837453651137095,0.1483745365154317,0.14837453650737206,0.14837453649734278,0.14837453650737206,0.1483745365154317,0.14837453651979843,0.1483745365154317,0.14837453651137095,0.1483745365154317,0.14837453651979843,0.14713758240121133,0.14713758239337352,0.14713758238489016,0.14713758239337352,0.14713758240121133,0.14713758239337352,0.1471375823762642,0.1471375823469382,0.1471375823762642,0.14713758239337352,0.14713758238489016,0.1471375823469382,0.14713758220747009,0.1471375823469382,0.14713758238489016,0.14713758239337352,0.1471375823762642,0.1471375823469382,0.1471375823762642,0.14713758239337352,0.14713758240121133,0.14713758239337352,0.14713758238489016,0.14713758239337352,0.14713758240121133,0.14592511825002122,0.14592511824080906,0.14592511823117651,0.14592511824080906,0.14592511825002122,0.14592511824080906,0.14592511822142,0.14592511819063736,0.14592511822142,0.14592511824080906,0.14592511823117651,0.14592511819063736,0.14592511806173764,0.14592511819063736,0.14592511823117651,0.14592511824080906,0.14592511822142,0.14592511819063736,0.14592511822142,0.14592511824080906,0.14592511825002122,0.14592511824080906,0.14592511823117651,0.14592511824080906,0.14592511825002122,0.14473660965409904,0.14473660964491963,0.14473660963562973,0.14473660964491963,0.14473660965409904,0.14473660964491963,0.14473660962628554,0.14473660959815443,0.14473660962628554,0.14473660964491963,0.14473660963562973,0.14473660959815443,0.1447366094862601,0.14473660959815443,0.14473660963562973,0.14473660964491963,0.14473660962628554,0.14473660959815443,0.14473660962628554,0.14473660964491963,0.14473660965409904,0.14473660964491963,0.14473660963562973,0.14473660964491963,0.14473660965409904,0.14357153075093643,0.14357153074218332,0.14357153073338966,0.14357153074218332,0.14357153075093643,0.14357153074218332,0.1435715307245587,0.1435715306982246,0.1435715307245587,0.14357153074218332,0.14357153073338966,0.1435715306982246,0.14357153059429473,0.1435715306982246,0.14357153073338966,0.14357153074218332,0.1435715307245587,0.1435715306982246,0.1435715307245587,0.14357153074218332,0.14357153075093643,0.14357153074218332,0.14357153073338966,0.14357153074218332,0.14357153075093643,0.14242936449108023,0.14242936448291693,0.14242936447453017,0.14242936448291693,0.14242936449108023,0.14242936448291693,0.14242936446604862,0.14242936444014337,0.14242936446604862,0.14242936448291693,0.14242936447453017,0.14242936444014337,0.1424293643355114,0.14242936444014337,0.14242936447453017,0.14242936448291693,0.14242936446604862,0.14242936444014337,0.14242936446604862,0.14242936448291693,0.14242936449108023,0.14242936448291693,0.14242936447453017,0.14242936448291693,0.14242936449108023,0.1413096028514743,0.1413096028446932,0.14130960283725144,0.1413096028446932,0.1413096028514743,0.1413096028446932,0.14130960282959373,0.14130960280448607,0.14130960282959373,0.1413096028446932,0.14130960283725144,0.14130960280448607,0.141309602696024,0.14130960280448607,0.14130960283725144,0.1413096028446932,0.14130960282959373,0.14130960280448607,0.14130960282959373,0.1413096028446932,0.1413096028514743,0.1413096028446932,0.14130960283725144,0.1413096028446932,0.1413096028514743,0.140211747003067,0.14021174699995193,0.14021174699565306,0.14021174699995193,0.140211747003067,0.14021174699995193,0.14021174699102915,0.1402117469723564,0.14021174699102915,0.14021174699995193,0.14021174699565306,0.1402117469723564,0.14021174687469456,0.1402117469723564,0.14021174699565306,0.14021174699995193,0.14021174699102915,0.1402117469723564,0.14021174699102915,0.14021174699995193,0.140211747003067,0.14021174699995193,0.14021174699565306,0.14021174699995193,0.140211747003067,0.1391353074368392,0.1391353074414371,0.13913530744506006,0.1391353074414371,0.1391353074368392,0.1391353074414371,0.1391353074484631,0.1391353074543678,0.1391353074484631,0.1391353074414371,0.13913530744506006,0.1391353074543678,0.1391353074607998,0.1391353074543678,0.13913530744506006,0.1391353074414371,0.1391353074484631,0.1391353074543678,0.1391353074484631,0.1391353074414371,0.1391353074368392,0.1391353074414371,0.13913530744506006,0.1391353074414371,0.1391353074368392,0.13807980405331288,0.13807980406896864,0.13807980408473217,0.13807980406896864,0.13807980405331288,0.13807980406896864,0.13807980410070747,0.138079804144342,0.13807980410070747,0.13807980406896864,0.13807980408473217,0.138079804144342,0.1380798042675379,0.138079804144342,0.13807980408473217,0.13807980406896864,0.13807980410070747,0.138079804144342,0.13807980410070747,0.13807980406896864,0.13807980405331288,0.13807980406896864,0.13807980408473217,0.13807980406896864,0.13807980405331288,0.13704476622474265,0.13704476625104892,0.1370447662829951,0.13704476625104892,0.13704476622474265,0.13704476625104892,0.1370447663161348,0.13704476644698713,0.1370447663161348,0.13704476625104892,0.1370447662829951,0.13704476644698713,0.1370447671726614,0.13704476644698713,0.1370447662829951,0.13704476625104892,0.1370447663161348,0.13704476644698713,0.1370447663161348,0.13704476625104892,0.13704476622474265,0.13704476625104892,0.1370447662829951,0.13704476625104892,0.13704476622474265,0.13602973283452938,0.13602973285294015,0.13602973287097309,0.13602973285294015,0.13602973283452938,0.13602973285294015,0.1360297328890686,0.13602973293740098,0.1360297328890686,0.13602973285294015,0.13602973287097309,0.13602973293740098,0.13602973307154598,0.13602973293740098,0.13602973287097309,0.13602973285294015,0.1360297328890686,0.13602973293740098,0.1360297328890686,0.13602973285294015,0.13602973283452938,0.13602973285294015,0.13602973287097309,0.13602973285294015,0.13602973283452938,0.13503425232032645,0.13503425233186606,0.13503425234139455,0.13503425233186606,0.13503425232032645,0.13503425233186606,0.13503425235043912,0.13503425236885544,0.13503425235043925,0.13503425233186606,0.13503425234139455,0.13503425236885544,0.1350342524023459,0.13503425236885544,0.13503425234139455,0.13503425233186606,0.13503425235043925,0.13503425236885544,0.13503425235043912,0.13503425233186606,0.13503425232032645,0.13503425233186606,0.13503425234139455,0.13503425233186606,0.13503425232032645
0.16533248774909098,0.16533248774909098,0.16533248774909098,0.16533248774909098,0.16533248774909098,0.16533248774909098,0.16533248774909098,0.16533248774909098,0.16533248774909098,0.16533248774909098,0.16533248774909098,0.16533248774909098,0.16533248774909098,0.16533248774909098,0.16533248774909098,0.16533248774909098,0.16533248774909098,0.16533248774909098,0.16533248774909098,0.16533248774909098,0.16533248774909098,0.16533248774909098,0.16533248774909098,0.16533248774909098,0.16533248774909098,0.1637574940310219,0.1637574940310219,0.1637574940310219,0.1637574940310219,0.1637574940310219,0.1637574940310219,0.1637574940310219,0.1637574940310219,0.1637574940310219,0.1637574940310219,0.1637574940310219,0.1637574940310219,0.1637574940310219,0.1637574940310219,0.1637574940310219,0.1637574940310219,0.1637574940310219,0.1637574940310219,0.1637574940310219,0.1637574940310219,0.1637574940310219,0.1637574940310219,0.1637574940310219,0.1637574940310219,0.1637574940310219,0.16221388424483907,0.16221388424483885,0.16221388424483885,0.16221388424483885,0.16221388424483907,0.16221388424483885,0.16221388424483885,0.16221388424483885,0.16221388424483885,0.16221388424483885,0.16221388424483885,0.16221388424483885,0.16221388424483862,0.16221388424483885,0.16221388424483885,0.16221388424483885,0.16221388424483885,0.16221388424483885,0.16221388424483885,0.16221388424483885,0.16221388424483907,0.16221388424483885,0.16221388424483885,0.16221388424483885,0.16221388424483907,0.16070106734758266,0.16070106734758247,0.160701067347582,0.16070106734758247,0.16070106734758266,0.16070106734758247,0.160701067347582,0.16070106734758177,0.160701067347582,0.16070106734758247,0.160701067347582,0.16070106734758177,0.16070106734758136,0.16070106734758177,0.160701067347582,0.16070106734758247,0.160701067347582,0.16070106734758177,0.160701067347582,0.16070106734758247,0.16070106734758266,0.16070106734758247,0.160701067347582,0.16070106734758247,0.16070106734758266,0.15921845171423155,0.15921845171423027,0.1592184517142296,0.15921845171423027,0.15921845171423155,0.15921845171423027,0.1592184517142292,0.1592184517142283,0.1592184517142292,0.15921845171423027,0.1592184517142296,0.1592184517142283,0.15921845171422744,0.1592184517142283,0.1592184517142296,0.15921845171423027,0.1592184517142292,0.1592184517142283,0.1592184517142292,0.15921845171423027,0.15921845171423155,0.15921845171423027,0.1592184517142296,0.15921845171423027,0.15921845171423155,0.157765446489554,0.15776544648955038,0.15776544648954802,0.15776544648955038,0.157765446489554,0.15776544648955038,0.15776544648954632,0.15776544648954396,0.15776544648954632,0.15776544648955038,0.15776544648954802,0.15776544648954396,0.15776544648954144,0.15776544648954396,0.15776544648954802,0.15776544648955038,0.15776544648954632,0.15776544648954396,0.15776544648954632,0.15776544648955038,0.157765446489554,0.15776544648955038,0.15776544648954802,0.15776544648955038,0.157765446489554,0.1563414628024339,0.15634146280242261,0.1563414628024155,0.15634146280242261,0.1563414628024339,0.15634146280242261,0.15634146280241049,0.15634146280240255,0.15634146280241049,0.15634146280242261,0.1563414628024155,0.15634146280240255,0.15634146280239397,0.15634146280240255,0.1563414628024155,0.15634146280242261,0.15634146280241049,0.15634146280240255,0.15634146280241049,0.15634146280242261,0.1563414628024339,0.15634146280242261,0.1563414628024155,0.15634146280242261,0.1563414628024339,0.1549459148529377,0.15494591485290407,0.15494591485288217,0.15494591485290407,0.1549459148529377,0.15494591485290407,0.15494591485286577,0.15494591485284015,0.15494591485286577,0.15494591485290407,0.15494591485288217,0.15494591485284015,0.15494591485281187,0.15494591485284015,0.15494591485288217,0.15494591485290407,0.15494591485286577,0.15494591485284015,0.15494591485286577,0.15494591485290407,0.1549459148529377,0.15494591485290407,0.15494591485288217,0.15494591485290407,0.1549459148529377,0.15357822088184003,0.15357822088174122,0.15357822088167553,0.15357822088174122,0.15357822088184003,0.15357822088174122,0.15357822088162273,0.15357822088154077,0.15357822088162273,0.15357822088174122,0.15357822088167553,0.15357822088154077,0.15357822088144577,0.15357822088154077,0.15357822088167536,0.15357822088174122,0.15357822088162273,0.15357822088154077,0.15357822088162273,0.15357822088174122,0.15357822088184003,0.15357822088174122,0.15357822088167536,0.15357822088174122,0.15357822088184003,0.1522378040317835,0.1522378040315018,0.15223780403130655,0.1522378040315018,0.1522378040317835,0.1522378040315018,0.1522378040311414,0.1522378040308749,0.1522378040311414,0.1522378040315018,0.15223780403130655,0.1522378040308749,0.15223780403053927,0.1522378040308749,0.15223780403130655,0.1522378040315018,0.1522378040311414,0.1522378040308749,0.1522378040311414,0.1522378040315018,0.1522378040317835,0.1522378040315018,0.15223780403130655,0.1522378040315018,0.1522378040317835,0.15092409310874236,0.15092409310797492,0.15092409310740734,0.15092409310797492,0.15092409310874236,0.15092409310797492,0.15092409310690075,0.1509240931060137,0.15092409310690075,0.15092409310797492,0.15092409310740734,0.1509240931060137,0.15092409310473523,0.1509240931060137,0.15092409310740734,0.15092409310797492,0.15092409310690075,0.1509240931060137,0.15092409310690075,0.15092409310797492,0.15092409310874236,0.15092409310797492,0.15092409310740734,0.15092409310797492,0.15092409310874236,0.14963652325199675,0.14963652325005242,0.14963652324846866,0.14963652325005242,0.14963652325199675,0.14963652325005242,0.14963652324698035,0.1496365232439781,0.14963652324698035,0.14963652325005242,0.14963652324846866,0.1496365232439781,0.1496365232385809,0.1496365232439781,0.14963652324846866,0.14963652325005242,0.14963652324698035,0.1496365232439781,0.14963652324698035,0.14963652325005242,0.14963652325199675,0.14963652325005242,0.14963652324846866,0.14963652325005242,0.14963652325199675,0.1483745365203774,0.14837453651601865,0.1483745365119655,0.14837453651601865,0.1483745365203774,0.14837453651601865,0.14837453650797383,0.1483745364979625,0.14837453650797383,0.14837453651601865,0.1483745365119655,0.1483745364979625,0.14837453647221832,0.1483745364979625,0.1483745365119655,0.14837453651601865,0.14837453650797383,0.1483745364979625,0.14837453650797383,0.14837453651601865,0.1483745365203774,0.14837453651601865,0.1483745365119655,0.14837453651601865,0.1483745365203774,0.147137582401749,0.14713758239392632,0.14713758238545893,0.14713758239392632,0.147137582401749,0.14713758239392632,0.14713758237684893,0.14713758234757582,0.14713758237684893,0.14713758239392632,0.14713758238545893,0.14713758234757582,0.14713758220834947,0.14713758234757582,0.14713758238545893,0.14713758239392632,0.14713758237684893,0.14713758234757582,0.14713758237684893,0.14713758239392632,0.147137582401749,0.14713758239392632,0.14713758238545893,0.14713758239392632,0.147137582401749,0.14592511825048596,0.14592511824129376,0.1459251182316813,0.14592511824129376,0.14592511825048596,0.14592511824129376,0.14592511822194495,0.14592511819122284,0.14592511822194495,0.14592511824129376,0.1459251182316813,0.14592511819122284,0.1459251180625553,0.14592511819122284,0.1459251182316813,0.14592511824129376,0.14592511822194495,0.14592511819122284,0.14592511822194495,0.14592511824129376,0.14592511825048596,0.14592511824129376,0.1459251182316813,0.14592511824129376,0.14592511825048596,0.144736609654449,0.14473660964529406,0.14473660963602808,0.14473660964529406,0.144736609654449,0.14473660964529406,0.14473660962670779,0.1447366095986463,0.14473660962670779,0.14473660964529406,0.14473660963602808,0.1447366095986463,0.14473660948702288,0.1447366095986463,0.14473660963602808,0.14473660964529406,0.14473660962670779,0.1447366095986463,0.14473660962670779,0.14473660964529406,0.144736609654449,0.14473660964529406,0.14473660963602808,0.14473660964529406,0.144736609654449,0.14357153075112036,0.14357153074239706,0.14357153073363316,0.14357153074239706,0.14357153075112036,0.14357153074239706,0.1435715307248318,0.14357153069858564,0.1435715307248318,0.14357153074239706,0.14357153073363316,0.14357153069858564,0.1435715305949915,0.14357153069858564,0.14357153073363316,0.14357153074239706,0.1435715307248318,0.14357153069858564,0.1435715307248318,0.14357153074239706,0.14357153075112036,0.14357153074239706,0.14357153073363316,0.14357153074239706,0.14357153075112036,0.14242936449103447,0.1424293644829067,0.1424293644745565,0.1424293644829067,0.14242936449103447,0.1424293644829067,0.14242936446611204,0.14242936444032084,0.14242936446611204,0.1424293644829067,0.1424293644745565,0.14242936444032084,0.14242936433612924,0.14242936444032084,0.1424293644745565,0.1424293644829067,0.14242936446611204,0.14242936444032084,0.14242936446611204,0.1424293644829067,0.14242936449103447,0.1424293644829067,0.1424293644745565,0.1424293644829067,0.14242936449103447,0.14130960285112265,0.14130960284437855,0.1413096028369776,0.14130960284437855,0.14130960285112265,0.14130960284437855,0.14130960282936203,0.14130960280439364,0.14130960282936203,0.14130960284437855,0.1413096028369776,0.14130960280439364,0.1413096026965294,0.14130960280439364,0.1413096028369776,0.14130960284437855,0.14130960282936203,0.14130960280439364,0.14130960282936203,0.14130960284437855,0.14130960285112265,0.14130960284437855,0.1413096028369776,0.14130960284437855,0.14130960285112265,0.14021174700232863,0.1402117469992392,0.14021174699497227,0.1402117469992392,0.14021174700232863,0.1402117469992392,0.14021174699038202,0.14021174697183716,0.14021174699038202,0.1402117469992392,0.14021174699497227,0.14021174697183716,0.1402117468748408,0.14021174697183716,0.14021174699497227,0.1402117469992392,0.14021174699038202,0.14021174697183716,0.14021174699038202,0.1402117469992392,0.14021174700232863,0.1402117469992392,0.14021174699497227,0.1402117469992392,0.14021174700232863,0.13913530743565575,0.13913530744024682,0.139135307443866,0.13913530744024682,0.13913530743565575,0.13913530744024682,0.1391353074472659,0.13913530745317218,0.1391353074472659,0.13913530744024682,0.139135307443866,0.13913530745317218,0.13913530745963926,0.13913530745317218,0.139135307443866,0.13913530744024682,0.1391353074472659,0.13913530745317218,0.1391353074472659,0.13913530744024682,0.13913530743565575,0.13913530744024682,0.139135307443866,0.13913530744024682,0.13913530743565575,0.13807980405169223,0.13807980406729853,0.1380798040830112,0.13807980406729853,0.13807980405169223,0.13807980406729853,0.1380798040989349,0.13807980414242618,0.1380798040989349,0.13807980406729853,0.1380798040830112,0.13807980414242618,0.1380798042652109,0.13807980414242618,0.1380798040830112,0.13807980406729853,0.1380798040989349,0.13807980414242618,0.1380798040989349,0.13807980406729853,0.13807980405169223,0.13807980406729853,0.1380798040830112,0.13807980406729853,0.13807980405169223,0.13704476622278086,0.13704476624899853,0.1370447662808363,0.13704476624899853,0.13704476622278086,0.13704476624899853,0.13704476631386317,0.13704476644426836,0.13704476631386317,0.13704476624899853,0.1370447662808363,0.13704476644426836,0.13704476716745523,0.13704476644426836,0.1370447662808363,0.13704476624899853,0.13704476631386317,0.13704476644426836,0.13704476631386317,0.13704476624899853,0.13704476622278086,0.13704476624899853,0.1370447662808363,0.13704476624899853,0.13704476622278086,0.13602973283240405,0.13602973285075218,0.1360297328687238,0.13602973285075218,0.13602973283240405,0.13602973285075218,0.13602973288675746,0.13602973293492462,0.13602973288675746,0.13602973285075218,0.1360297328687238,0.13602973293492462,0.1360297330686099,0.13602973293492462,0.1360297328687238,0.13602973285075218,0.13602973288675746,0.13602973293492462,0.13602973288675746,0.13602973285075218,0.13602973283240405,0.13602973285075218,0.1360297328687238,0.13602973285075218,0.13602973283240405,0.13503425231816332,0.13503425232966354,0.13503425233915944,0.13503425232966354,0.13503425231816332,0.13503425232966354,0.13503425234817326,0.13503425236652658,0.13503425234817326,0.13503425232966354,0.13503425233915944,0.13503425236652658,0.13503425239990224,0.13503425236652658,0.13503425233915944,0.13503425232966354,0.13503425234817326,0.13503425236652658,0.13503425234817326,0.13503425232966354,0.13503425231816332,0.13503425232966354,0.13503425233915944,0.13503425232966354,0.13503425231816332
0.1653324877498518,0.1653324877498518,0.1653324877498518,0.1653324877498518,0.1653324877498518,0.1653324877498518,0.1653324877498518,0.1653324877498518,0.1653324877498518,0.1653324877498518,0.1653324877498518,0.1653324877498518,0.1653324877498518,0.1653324877498518,0.1653324877498518,0.1653324877498518,0.1653324877498518,0.1653324877498518,0.1653324877498518,0.1653324877498518,0.1653324877498518,0.1653324877498518,0.1653324877498518,0.1653324877498518,0.1653324877498518,0.16375749403176784,0.1637574940317676,0.1637574940317676,0.1637574940317676,0.16375749403176784,0.1637574940317676,0.1637574940317676,0.1637574940317676,0.1637574940317676,0.1637574940317676,0.1637574940317676,0.1637574940317676,0.1637574940317676,0.1637574940317676,0.1637574940317676,0.1637574940317676,0.1637574940317676,0.1637574940317676,0.1637574940317676,0.1637574940317676,0.16375749403176784,0.1637574940317676,0.1637574940317676,0.1637574940317676,0.16375749403176784,0.16221388424556987,0.16221388424556962,0.16221388424556962,0.16221388424556962,0.16221388424556987,0.16221388424556962,0.16221388424556962,0.16221388424556962,0.16221388424556962,0.16221388424556962,0.16221388424556962,0.16221388424556962,0.16221388424556943,0.16221388424556962,0.16221388424556962,0.16221388424556962,0.16221388424556962,0.16221388424556962,0.16221388424556962,0.16221388424556962,0.16221388424556987,0.16221388424556962,0.16221388424556962,0.16221388424556962,0.16221388424556987,0.1607010673482989,0.16070106734829845,0.16070106734829823,0.16070106734829845,0.1607010673482989,0.16070106734829845,0.160701067348298,0.16070106734829775,0.160701067348298,0.16070106734829845,0.16070106734829823,0.16070106734829775,0.16070106734829756,0.16070106734829775,0.16070106734829823,0.16070106734829845,0.160701067348298,0.16070106734829775,0.160701067348298,0.16070106734829845,0.1607010673482989,0.16070106734829845,0.16070106734829823,0.16070106734829845,0.1607010673482989,0.15921845171493326,0.15921845171493218,0.1592184517149313,0.15921845171493218,0.15921845171493326,0.15921845171493218,0.1592184517149309,0.15921845171493001,0.1592184517149309,0.15921845171493218,0.1592184517149313,0.15921845171493001,0.15921845171492935,0.15921845171493001,0.1592184517149313,0.15921845171493218,0.1592184517149309,0.15921845171493001,0.1592184517149309,0.15921845171493218,0.15921845171493326,0.15921845171493218,0.1592184517149313,0.15921845171493218,0.15921845171493326,0.15776544649024168,0.15776544649023805,0.1577654464902357,0.15776544649023805,0.15776544649024168,0.15776544649023805,0.15776544649023402,0.15776544649023166,0.15776544649023402,0.15776544649023805,0.1577654464902357,0.15776544649023166,0.1577654464902289,0.15776544649023166,0.1577654464902357,0.15776544649023805,0.15776544649023402,0.15776544649023166,0.15776544649023402,0.15776544649023805,0.15776544649024168,0.15776544649023805,0.1577654464902357,0.15776544649023805,0.15776544649024168,0.15634146280310765,0.15634146280309635,0.15634146280308925,0.15634146280309635,0.15634146280310765,0.15634146280309635,0.15634146280308425,0.1563414628030763,0.15634146280308425,0.15634146280309635,0.15634146280308925,0.1563414628030763,0.1563414628030677,0.1563414628030763,0.15634146280308925,0.15634146280309635,0.15634146280308425,0.1563414628030763,0.15634146280308425,0.15634146280309635,0.15634146280310765,0.15634146280309635,0.15634146280308925,0.15634146280309635,0.15634146280310765,0.1549459148535978,0.15494591485356418,0.15494591485354248,0.15494591485356418,0.1549459148535978,0.15494591485356418,0.15494591485352588,0.15494591485350043,0.15494591485352588,0.15494591485356418,0.15494591485354248,0.15494591485350043,0.15494591485347217,0.15494591485350043,0.15494591485354248,0.15494591485356418,0.15494591485352588,0.15494591485350043,0.15494591485352588,0.15494591485356418,0.1549459148535978,0.15494591485356418,0.15494591485354248,0.15494591485356418,0.1549459148535978,0.15357822088248654,0.1535782208823877,0.15357822088232223,0.1535782208823877,0.15357822088248654,0.1535782208823877,0.15357822088226963,0.1535782208821879,0.15357822088226963,0.1535782208823877,0.15357822088232223,0.1535782208821879,0.15357822088209308,0.1535782208821879,0.15357822088232223,0.1535782208823877,0.15357822088226963,0.1535782208821879,0.15357822088226963,0.1535782208823877,0.15357822088248654,0.1535782208823877,0.15357822088232223,0.1535782208823877,0.15357822088248654,0.15223780403241632,0.15223780403213527,0.15223780403194037,0.15223780403213527,0.15223780403241632,0.15223780403213527,0.15223780403177542,0.1522378040315093,0.15223780403177542,0.15223780403213527,0.15223780403194037,0.1522378040315093,0.1522378040311745,0.1522378040315093,0.15223780403194037,0.15223780403213527,0.15223780403177542,0.1522378040315093,0.15223780403177542,0.15223780403213527,0.15223780403241632,0.15223780403213527,0.15223780403194037,0.15223780403213527,0.15223780403241632,0.1509240931093607,0.15092409310859478,0.15092409310802818,0.15092409310859478,0.1509240931093607,0.15092409310859478,0.15092409310752233,0.15092409310663701,0.15092409310752233,0.15092409310859478,0.15092409310802818,0.15092409310663701,0.15092409310536087,0.15092409310663701,0.15092409310802818,0.15092409310859478,0.15092409310752233,0.15092409310663701,0.15092409310752233,0.15092409310859478,0.1509240931093607,0.15092409310859478,0.15092409310802818,0.15092409310859478,0.1509240931093607,0.14963652325259802,0.1496365232506573,0.14963652324907634,0.1496365232506573,0.14963652325259802,0.1496365232506573,0.14963652324759072,0.14963652324459376,0.14963652324759072,0.1496365232506573,0.14963652324907634,0.14963652324459376,0.14963652323920618,0.14963652324459376,0.14963652324907634,0.1496365232506573,0.14963652324759072,0.14963652324459376,0.14963652324759072,0.1496365232506573,0.14963652325259802,0.1496365232506573,0.14963652324907634,0.1496365232506573,0.14963652325259802,0.14837453652095417,0.14837453651660373,0.14837453651255797,0.14837453651660373,0.14837453652095417,0.14837453651660373,0.14837453650857357,0.1483745364985802,0.14837453650857357,0.14837453651660373,0.14837453651255797,0.1483745364985802,0.14837453647288143,0.1483745364985802,0.14837453651255797,0.14837453651660373,0.14837453650857357,0.1483745364985802,0.14837453650857357,0.14837453651660373,0.14837453652095417,0.14837453651660373,0.14837453651255797,0.14837453651660373,0.14837453652095417,0.14713758240228456,0.1471375823944771,0.14713758238602553,0.1471375823944771,0.14713758240228456,0.1471375823944771,0.14713758237743169,0.14713758234821125,0.14713758237743169,0.1471375823944771,0.14713758238602553,0.14713758234821125,0.14713758220923615,0.14713758234821125,0.14713758238602553,0.1471375823944771,0.14713758237743169,0.14713758234821125,0.14713758237743169,0.1471375823944771,0.14713758240228456,0.1471375823944771,0.14713758238602553,0.1471375823944771,0.14713758240228456,0.14592511825094892,0.1459251182417765,0.145925118232184,0.1459251182417765,0.14592511825094892,0.1459251182417765,0.14592511822246773,0.145925118191806,0.14592511822246773,0.1459251182417765,0.145925118232184,0.145925118191806,0.14592511806336636,0.145925118191806,0.145925118232184,0.1459251182417765,0.14592511822246773,0.145925118191806,0.14592511822246773,0.1459251182417765,0.14592511825094892,0.1459251182417765,0.145925118232184,0.1459251182417765,0.14592511825094892,0.14473660965479743,0.14473660964566654,0.14473660963642446,0.14473660964566654,0.14473660965479743,0.14473660964566654,0.14473660962712792,0.1447366095991361,0.14473660962712792,0.14473660964566654,0.14473660963642446,0.1447366095991361,0.1447366094877539,0.1447366095991361,0.14473660963642446,0.14473660964566654,0.14473660962712792,0.1447366095991361,0.14473660962712792,0.14473660964566654,0.14473660965479743,0.14473660964566654,0.14473660963642446,0.14473660964566654,0.14473660965479743,0.1435715307513028,0.14357153074260923,0.14357153073387477,0.14357153074260923,0.1435715307513028,0.14357153074260923,0.14357153072510317,0.14357153069894463,0.14357153072510317,0.14357153074260923,0.14357153073387477,0.14357153069894463,0.14357153059570724,0.14357153069894463,0.14357153073387477,0.14357153074260923,0.14357153072510317,0.14357153069894463,0.14357153072510317,0.14357153074260923,0.1435715307513028,0.14357153074260923,0.14357153073387477,0.14357153074260923,0.1435715307513028,0.14242936449098784,0.14242936448289528,0.14242936447458152,0.14242936448289528,0.14242936449098784,0.14242936448289528,0.1424293644661741,0.1424293644404963,0.1424293644661741,0.14242936448289528,0.14242936447458152,0.1424293644404963,0.14242936433676434,0.1424293644404963,0.14242936447458152,0.14242936448289528,0.1424293644661741,0.1424293644404963,0.1424293644661741,0.14242936448289528,0.14242936449098784,0.14242936448289528,0.14242936447458152,0.14242936448289528,0.14242936449098784,0.14130960285077085,0.1413096028440636,0.14130960283670327,0.1413096028440636,0.14130960285077085,0.1413096028440636,0.1413096028291293,0.14130960280429905,0.1413096028291293,0.1413096028440636,0.14130960283670327,0.14130960280429905,0.14130960269703333,0.14130960280429905,0.14130960283670327,0.1413096028440636,0.1413096028291293,0.14130960280429905,0.1413096028291293,0.1413096028440636,0.14130960285077085,0.1413096028440636,0.14130960283670327,0.1413096028440636,0.14130960285077085,0.1402117470015917,0.14021174699852773,0.14021174699429242,0.14021174699852773,0.1402117470015917,0.14021174699852773,0.14021174698973526,0.14021174697131694,0.14021174698973526,0.14021174699852773,0.14021174699429242,0.14021174697131694,0.140211746874959,0.14021174697131694,0.14021174699429242,0.14021174699852773,0.14021174698973526,0.14021174697131694,0.14021174698973526,0.14021174699852773,0.1402117470015917,0.14021174699852773,0.14021174699429242,0.14021174699852773,0.1402117470015917,0.13913530743447605,0.13913530743906036,0.13913530744267544,0.13913530743906036,0.13913530743447605,0.13913530743906036,0.13913530744607214,0.13913530745197966,0.13913530744607214,0.13913530743906036,0.13913530744267544,0.13913530745197966,0.13913530745848107,0.13913530745197966,0.13913530744267544,0.13913530743906036,0.13913530744607214,0.13913530745197966,0.13913530744607214,0.13913530743906036,0.13913530743447605,0.13913530743906036,0.13913530744267544,0.13913530743906036,0.13913530743447605,0.13807980405007778,0.13807980406563447,0.13807980408129678,0.13807980406563447,0.13807980405007778,0.13807980406563447,0.13807980409716913,0.13807980414051776,0.13807980409716913,0.13807980406563447,0.13807980408129678,0.13807980414051776,0.13807980426289365,0.13807980414051776,0.13807980408129678,0.13807980406563447,0.13807980409716913,0.13807980414051776,0.13807980409716913,0.13807980406563447,0.13807980405007778,0.13807980406563447,0.13807980408129678,0.13807980406563447,0.13807980405007778,0.137044766220827,0.13704476624695647,0.13704476627868645,0.13704476624695647,0.137044766220827,0.13704476624695647,0.13704476631160142,0.1370447664415619,0.13704476631160142,0.13704476624695647,0.13704476627868645,0.1370447664415619,0.13704476716227798,0.1370447664415619,0.13704476627868645,0.13704476624695647,0.13704476631160142,0.1370447664415619,0.13704476631160142,0.13704476624695647,0.137044766220827,0.13704476624695647,0.13704476627868645,0.13704476624695647,0.137044766220827,0.1360297328302876,0.13602973284857356,0.13602973286648393,0.13602973284857356,0.1360297328302876,0.13602973284857356,0.1360297328844563,0.136029732932459,0.1360297328844563,0.13602973284857356,0.13602973286648393,0.136029732932459,0.1360297330656874,0.136029732932459,0.13602973286648393,0.13602973284857356,0.1360297328844563,0.136029732932459,0.1360297328844563,0.13602973284857356,0.1360297328302876,0.13602973284857356,0.13602973286648393,0.13602973284857356,0.1360297328302876,0.13503425231600938,0.13503425232747054,0.1350342523369341,0.13503425232747054,0.13503425231600938,0.13503425232747054,0.13503425234591712,0.1350342523642078,0.13503425234591712,0.13503425232747054,0.1350342523369341,0.1350342523642078,0.13503425239746955,0.1350342523642078,0.1350342523369341,0.13503425232747054,0.13503425234591712,0.1350342523642078,0.13503425234591712,0.13503425232747054,0.13503425231600938,0.13503425232747054,0.1350342523369341,0.13503425232747054,0.13503425231600938
0.16533248775061002,0.16533248775061002,0.16533248775061002,0.16533248775061002,0.16533248775061002,0.16533248775061002,0.16533248775061002,0.16533248775061002,0.16533248775061002,0.16533248775061002,0.16533248775061002,0.16533248775061002,0.16533248775061002,0.16533248775061002,0.16533248775061002,0.16533248775061002,0.16533248775061002,0.16533248775061002,0.16533248775061002,0.16533248775061002,0.16533248775061002,0.16533248775061002,0.16533248775061002,0.16533248775061002,0.16533248775061002,0.16375749403251072,0.16375749403251072,0.16375749403251072,0.16375749403251072,0.16375749403251072,0.16375749403251072,0.16375749403251072,0.16375749403251072,0.16375749403251072,0.16375749403251072,0.16375749403251072,0.16375749403251072,0.16375749403251072,0.16375749403251072,0.16375749403251072,0.16375749403251072,0.16375749403251072,0.16375749403251072,0.16375749403251072,0.16375749403251072,0.16375749403251072,0.16375749403251072,0.16375749403251072,0.16375749403251072,0.16375749403251072,0.16221388424629796,0.16221388424629796,0.16221388424629796,0.16221388424629796,0.16221388424629796,0.16221388424629796,0.16221388424629773,0.16221388424629773,0.16221388424629773,0.16221388424629796,0.16221388424629796,0.16221388424629773,0.16221388424629773,0.16221388424629773,0.16221388424629796,0.16221388424629796,0.16221388424629773,0.16221388424629773,0.16221388424629773,0.16221388424629796,0.16221388424629796,0.16221388424629796,0.16221388424629796,0.16221388424629796,0.16221388424629796,0.16070106734901243,0.16070106734901202,0.1607010673490118,0.16070106734901202,0.16070106734901243,0.16070106734901202,0.1607010673490118,0.16070106734901135,0.1607010673490118,0.16070106734901202,0.1607010673490118,0.16070106734901135,0.16070106734901113,0.16070106734901135,0.1607010673490118,0.16070106734901202,0.1607010673490118,0.16070106734901135,0.1607010673490118,0.16070106734901202,0.16070106734901243,0.16070106734901202,0.1607010673490118,0.16070106734901202,0.16070106734901243,0.1592184517156326,0.1592184517156313,0.1592184517156306,0.1592184517156313,0.1592184517156326,0.1592184517156313,0.15921845171563018,0.15921845171562932,0.15921845171563018,0.1592184517156313,0.1592184517156306,0.15921845171562932,0.15921845171562846,0.15921845171562932,0.1592184517156306,0.1592184517156313,0.15921845171563018,0.15921845171562932,0.15921845171563018,0.1592184517156313,0.1592184517156326,0.1592184517156313,0.1592184517156306,0.1592184517156313,0.1592184517156326,0.15776544649092683,0.15776544649092317,0.15776544649092086,0.15776544649092317,0.15776544649092683,0.15776544649092317,0.15776544649091914,0.15776544649091678,0.15776544649091914,0.15776544649092317,0.15776544649092086,0.15776544649091678,0.15776544649091423,0.15776544649091678,0.15776544649092086,0.15776544649092317,0.15776544649091914,0.15776544649091678,0.15776544649091914,0.15776544649092317,0.15776544649092683,0.15776544649092317,0.15776544649092086,0.15776544649092317,0.15776544649092683,0.1563414628037789,0.15634146280376782,0.15634146280376068,0.15634146280376782,0.1563414628037789,0.15634146280376782,0.15634146280375547,0.15634146280374753,0.15634146280375547,0.15634146280376782,0.15634146280376068,0.15634146280374753,0.15634146280373915,0.15634146280374753,0.15634146280376068,0.15634146280376782,0.15634146280375547,0.15634146280374753,0.15634146280375547,0.15634146280376782,0.1563414628037789,0.15634146280376782,0.15634146280376068,0.15634146280376782,0.1563414628037789,0.1549459148542554,0.1549459148542218,0.1549459148542001,0.1549459148542218,0.1549459148542554,0.1549459148542218,0.1549459148541837,0.15494591485415826,0.1549459148541837,0.1549459148542218,0.1549459148542001,0.15494591485415826,0.15494591485412998,0.15494591485415826,0.1549459148542001,0.1549459148542218,0.1549459148541837,0.15494591485415826,0.1549459148541837,0.1549459148542218,0.1549459148542554,0.1549459148542218,0.1549459148542001,0.1549459148542218,0.1549459148542554,0.15357822088313064,0.15357822088303225,0.15357822088296677,0.15357822088303225,0.15357822088313064,0.15357822088303225,0.15357822088291415,0.1535782208828326,0.15357822088291415,0.15357822088303225,0.15357822088296677,0.1535782208828326,0.15357822088273798,0.1535782208828326,0.15357822088296677,0.15357822088303225,0.15357822088291415,0.1535782208828326,0.15357822088291415,0.15357822088303225,0.15357822088313064,0.15357822088303225,0.15357822088296677,0.15357822088303225,0.15357822088313064,0.15223780403304682,0.15223780403276613,0.15223780403257164,0.15223780403276613,0.15223780403304682,0.15223780403276613,0.1522378040324071,0.15223780403214157,0.1522378040324071,0.15223780403276613,0.15223780403257164,0.15223780403214157,0.1522378040318071,0.15223780403214157,0.15223780403257164,0.15223780403276613,0.1522378040324071,0.15223780403214157,0.1522378040324071,0.15223780403276613,0.15223780403304682,0.15223780403276613,0.15223780403257164,0.15223780403276613,0.15223780403304682,0.15092409310997665,0.15092409310921212,0.15092409310864666,0.15092409310921212,0.15092409310997665,0.15092409310921212,0.1509240931081418,0.15092409310725802,0.1509240931081418,0.15092409310921212,0.15092409310864666,0.15092409310725802,0.15092409310598398,0.15092409310725802,0.15092409310864666,0.15092409310921212,0.1509240931081418,0.15092409310725802,0.1509240931081418,0.15092409310921212,0.15092409310997665,0.15092409310921212,0.15092409310864666,0.15092409310921212,0.15092409310997665,0.14963652325319707,0.1496365232512597,0.14963652324968163,0.1496365232512597,0.14963652325319707,0.1496365232512597,0.14963652324819882,0.14963652324520732,0.14963652324819882,0.1496365232512597,0.14963652324968163,0.14963652324520732,0.1496365232398292,0.14963652324520732,0.14963652324968163,0.1496365232512597,0.14963652324819882,0.14963652324520732,0.14963652324819882,0.1496365232512597,0.14963652325319707,0.1496365232512597,0.14963652324968163,0.1496365232512597,0.14963652325319707,0.14837453652152885,0.14837453651718638,0.14837453651314805,0.14837453651718638,0.14837453652152885,0.14837453651718638,0.14837453650917107,0.1483745364991955,0.14837453650917107,0.14837453651718638,0.14837453651314805,0.1483745364991955,0.14837453647354193,0.1483745364991955,0.14837453651314805,0.14837453651718638,0.14837453650917107,0.1483745364991955,0.14837453650917107,0.14837453651718638,0.14837453652152885,0.14837453651718638,0.14837453651314805,0.14837453651718638,0.14837453652152885,0.14713758240281807,0.14713758239502572,0.14713758238658992,0.14713758239502572,0.14713758240281807,0.14713758239502572,0.14713758237801228,0.1471375823488443,0.14713758237801228,0.14713758239502572,0.14713758238658992,0.1471375823488443,0.1471375822101014,0.1471375823488443,0.14713758238658992,0.14713758239502572,0.14713758237801228,0.1471375823488443,0.14713758237801228,0.14713758239502572,0.14713758240281807,0.14713758239502572,0.14713758238658992,0.14713758239502572,0.14713758240281807,0.14592511825140975,0.14592511824225726,0.14592511823268473,0.14592511824225726,0.14592511825140975,0.14592511824225726,0.1459251182229884,0.14592511819238718,0.1459251182229884,0.14592511824225726,0.14592511823268473,0.14592511819238718,0.14592511806421593,0.14592511819238718,0.14592511823268473,0.14592511824225726,0.1459251182229884,0.14592511819238718,0.1459251182229884,0.14592511824225726,0.14592511825140975,0.14592511824225726,0.14592511823268473,0.14592511824225726,0.14592511825140975,0.14473660965514387,0.14473660964603727,0.14473660963681895,0.14473660964603727,0.14473660965514387,0.14473660964603727,0.14473660962754634,0.14473660959962395,0.14473660962754634,0.14473660964603727,0.14473660963681895,0.14473660959962395,0.1447366094885446,0.14473660959962395,0.14473660963681895,0.14473660964603727,0.14473660962754634,0.14473660959962395,0.14473660962754634,0.14473660964603727,0.14473660965514387,0.14473660964603727,0.14473660963681895,0.14473660964603727,0.14473660965514387,0.1435715307514838,0.1435715307428197,0.14357153073411483,0.1435715307428197,0.1435715307514838,0.1435715307428197,0.14357153072537285,0.1435715306993016,0.14357153072537285,0.1435715307428197,0.14357153073411483,0.1435715306993016,0.14357153059640385,0.1435715306993016,0.14357153073411483,0.1435715307428197,0.14357153072537285,0.1435715306993016,0.14357153072537285,0.1435715307428197,0.1435715307514838,0.1435715307428197,0.14357153073411483,0.1435715307428197,0.1435715307514838,0.14242936449094018,0.1424293644828827,0.14242936447460533,0.1424293644828827,0.14242936449094018,0.1424293644828827,0.14242936446623466,0.1424293644406696,0.14242936446623466,0.1424293644828827,0.14242936447460533,0.1424293644406696,0.1424293643374087,0.1424293644406696,0.14242936447460533,0.1424293644828827,0.14242936446623466,0.1424293644406696,0.14242936446623466,0.1424293644828827,0.14242936449094018,0.1424293644828827,0.14242936447460533,0.1424293644828827,0.14242936449094018,0.1413096028504192,0.1413096028437485,0.1413096028364283,0.1413096028437485,0.1413096028504192,0.1413096028437485,0.14130960282889574,0.14130960280420254,0.14130960282889574,0.1413096028437485,0.1413096028364283,0.14130960280420254,0.14130960269753612,0.14130960280420254,0.1413096028364283,0.1413096028437485,0.14130960282889574,0.14130960280420254,0.14130960282889574,0.1413096028437485,0.1413096028504192,0.1413096028437485,0.1413096028364283,0.1413096028437485,0.1413096028504192,0.14021174700085673,0.14021174699781774,0.14021174699361355,0.14021174699781774,0.14021174700085673,0.14021174699781774,0.14021174698908928,0.14021174697079578,0.14021174698908928,0.14021174699781774,0.14021174699361355,0.14021174697079578,0.1402117468750843,0.14021174697079578,0.14021174699361355,0.14021174699781774,0.14021174698908928,0.14021174697079578,0.14021174698908928,0.14021174699781774,0.14021174700085673,0.14021174699781774,0.14021174699361355,0.14021174699781774,0.14021174700085673,0.13913530743330035,0.13913530743787766,0.1391353074414888,0.13913530743787766,0.13913530743330035,0.13913530743787766,0.1391353074448822,0.13913530745079067,0.1391353074448822,0.13913530743787766,0.1391353074414888,0.13913530745079067,0.1391353074573253,0.13913530745079067,0.1391353074414888,0.13913530743787766,0.1391353074448822,0.13913530745079067,0.1391353074448822,0.13913530743787766,0.13913530743330035,0.13913530743787766,0.1391353074414888,0.13913530743787766,0.13913530743330035,0.13807980404846953,0.13807980406397707,0.13807980407958914,0.13807980406397707,0.13807980404846953,0.13807980406397707,0.13807980409541035,0.13807980413861728,0.13807980409541035,0.13807980406397707,0.13807980407958914,0.13807980413861728,0.1380798042605865,0.13807980413861728,0.13807980407958914,0.13807980406397707,0.13807980409541035,0.13807980413861728,0.13807980409541035,0.13807980406397707,0.13807980404846953,0.13807980406397707,0.13807980407958914,0.13807980406397707,0.13807980404846953,0.1370447662188815,0.13704476624492337,0.13704476627654602,0.13704476624492337,0.1370447662188815,0.13704476624492337,0.13704476630934956,0.1370447664388679,0.13704476630934956,0.13704476624492337,0.13704476627654602,0.1370447664388679,0.1370447671571115,0.1370447664388679,0.13704476627654602,0.13704476624492337,0.13704476630934956,0.1370447664388679,0.13704476630934956,0.13704476624492337,0.1370447662188815,0.13704476624492337,0.13704476627654602,0.13704476624492337,0.1370447662188815,0.13602973282818046,0.13602973284640452,0.13602973286425418,0.13602973284640452,0.13602973282818046,0.13602973284640452,0.13602973288216544,0.13602973293000473,0.13602973288216544,0.13602973284640452,0.13602973286425418,0.13602973293000473,0.13602973306277868,0.13602973293000473,0.13602973286425418,0.13602973284640452,0.13602973288216544,0.13602973293000473,0.13602973288216544,0.13602973284640452,0.13602973282818046,0.13602973284640452,0.13602973286425418,0.13602973284640452,0.13602973282818046,0.13503425231386476,0.13503425232528704,0.13503425233471844,0.13503425232528704,0.13503425231386476,0.13503425232528704,0.13503425234367103,0.13503425236189942,0.13503425234367103,0.13503425232528704,0.13503425233471844,0.13503425236189942,0.13503425239504768,0.13503425236189942,0.13503425233471844,0.13503425232528704,0.13503425234367103,0.13503425236189942,0.13503425234367103,0.13503425232528704,0.13503425231386476,0.13503425232528704,0.13503425233471844,0.13503425232528704,0.13503425231386476
0.16533248775136541,0.16533248775136541,0.16533248775136541,0.16533248775136541,0.16533248775136541,0.16533248775136541,0.16533248775136541,0.16533248775136541,0.16533248775136541,0.16533248775136541,0.16533248775136541,0.16533248775136541,0.16533248775136541,0.16533248775136541,0.16533248775136541,0.16533248775136541,0.16533248775136541,0.16533248775136541,0.16533248775136541,0.16533248775136541,0.16533248775136541,0.16533248775136541,0.16533248775136541,0.16533248775136541,0.16533248775136541,0.16375749403325107,0.16375749403325107,0.16375749403325107,0.16375749403325107,0.16375749403325107,0.16375749403325107,0.16375749403325107,0.16375749403325107,0.16375749403325107,0.16375749403325107,0.16375749403325107,0.16375749403325107,0.16375749403325107,0.16375749403325107,0.16375749403325107,0.16375749403325107,0.16375749403325107,0.16375749403325107,0.16375749403325107,0.16375749403325107,0.16375749403325107,0.16375749403325107,0.16375749403325107,0.16375749403325107,0.16375749403325107,0.16221388424702354,0.16221388424702354,0.16221388424702332,0.16221388424702354,0.16221388424702354,0.16221388424702354,0.16221388424702332,0.16221388424702332,0.16221388424702332,0.16221388424702354,0.16221388424702332,0.16221388424702332,0.16221388424702313,0.16221388424702332,0.16221388424702332,0.16221388424702354,0.16221388424702332,0.16221388424702332,0.16221388424702332,0.16221388424702354,0.16221388424702354,0.16221388424702354,0.16221388424702332,0.16221388424702354,0.16221388424702354,0.16070106734972334,0.16070106734972311,0.1607010673497229,0.16070106734972311,0.16070106734972334,0.16070106734972311,0.16070106734972267,0.16070106734972245,0.16070106734972267,0.16070106734972311,0.1607010673497229,0.16070106734972245,0.16070106734972223,0.16070106734972245,0.1607010673497229,0.16070106734972311,0.16070106734972267,0.16070106734972245,0.16070106734972267,0.16070106734972311,0.16070106734972334,0.16070106734972311,0.1607010673497229,0.16070106734972311,0.16070106734972334,0.15921845171632926,0.15921845171632798,0.1592184517163273,0.15921845171632798,0.15921845171632926,0.15921845171632798,0.15921845171632687,0.159218451716326,0.15921845171632687,0.15921845171632798,0.1592184517163273,0.159218451716326,0.15921845171632515,0.159218451716326,0.1592184517163273,0.15921845171632798,0.15921845171632687,0.159218451716326,0.15921845171632687,0.15921845171632798,0.15921845171632926,0.15921845171632798,0.1592184517163273,0.15921845171632798,0.15921845171632926,0.15776544649160937,0.15776544649160576,0.1577654464916034,0.15776544649160576,0.15776544649160937,0.15776544649160576,0.1577654464916019,0.15776544649159935,0.1577654464916019,0.15776544649160576,0.1577654464916034,0.15776544649159935,0.1577654464915968,0.15776544649159935,0.1577654464916034,0.15776544649160576,0.1577654464916019,0.15776544649159935,0.1577654464916019,0.15776544649160576,0.15776544649160937,0.15776544649160576,0.1577654464916034,0.15776544649160576,0.15776544649160937,0.1563414628044478,0.1563414628044365,0.15634146280442943,0.1563414628044365,0.1563414628044478,0.1563414628044365,0.1563414628044244,0.15634146280441644,0.1563414628044244,0.1563414628044365,0.15634146280442943,0.15634146280441644,0.1563414628044081,0.15634146280441644,0.15634146280442943,0.1563414628044365,0.1563414628044244,0.15634146280441644,0.1563414628044244,0.1563414628044365,0.1563414628044478,0.1563414628044365,0.15634146280442943,0.1563414628044365,0.1563414628044478,0.15494591485491058,0.1549459148548772,0.15494591485485545,0.1549459148548772,0.15494591485491058,0.1549459148548772,0.15494591485483908,0.15494591485481365,0.15494591485483908,0.1549459148548772,0.15494591485485545,0.15494591485481365,0.15494591485478557,0.15494591485481365,0.15494591485485545,0.1549459148548772,0.15494591485483908,0.15494591485481365,0.15494591485483908,0.1549459148548772,0.15494591485491058,0.1549459148548772,0.15494591485485545,0.1549459148548772,0.15494591485491058,0.15357822088377235,0.15357822088367412,0.15357822088360887,0.15357822088367412,0.15357822088377235,0.15357822088367412,0.15357822088355644,0.15357822088347492,0.15357822088355644,0.15357822088367412,0.15357822088360887,0.15357822088347492,0.1535782208833805,0.15357822088347492,0.15357822088360887,0.15357822088367412,0.15357822088355644,0.15357822088347492,0.15357822088355644,0.15357822088367412,0.15357822088377235,0.15357822088367412,0.15357822088360887,0.15357822088367412,0.15357822088377235,0.15223780403367512,0.152237804033395,0.15223780403320075,0.152237804033395,0.15223780403367512,0.152237804033395,0.15223780403303638,0.15223780403277146,0.15223780403303638,0.152237804033395,0.15223780403320075,0.15223780403277146,0.15223780403243758,0.15223780403277146,0.15223780403320075,0.152237804033395,0.15223780403303638,0.15223780403277146,0.15223780403303638,0.152237804033395,0.15223780403367512,0.152237804033395,0.15223780403320075,0.152237804033395,0.15223780403367512,0.15092409311059052,0.15092409310982735,0.15092409310926286,0.15092409310982735,0.15092409311059052,0.15092409310982735,0.15092409310875896,0.15092409310787674,0.15092409310875896,0.15092409310982735,0.15092409310926286,0.15092409310787674,0.150924093106605,0.15092409310787674,0.15092409310926286,0.15092409310982735,0.15092409310875896,0.15092409310787674,0.15092409310875896,0.15092409310982735,0.15092409311059052,0.15092409310982735,0.15092409310926286,0.15092409310982735,0.15092409311059052,0.1496365232537938,0.14963652325186005,0.14963652325028498,0.14963652325186005,0.1496365232537938,0.14963652325186005,0.14963652324880464,0.14963652324581844,0.14963652324880464,0.14963652325186005,0.14963652325028498,0.14963652324581844,0.14963652324044996,0.14963652324581864,0.14963652325028498,0.14963652325186005,0.14963652324880464,0.14963652324581864,0.14963652324880464,0.14963652325186005,0.1496365232537938,0.14963652325186005,0.14963652325028498,0.14963652325186005,0.1496365232537938,0.14837453652210134,0.14837453651776703,0.1483745365137361,0.14837453651776703,0.14837453652210134,0.14837453651776703,0.14837453650976634,0.14837453649980858,0.14837453650976634,0.14837453651776703,0.1483745365137361,0.14837453649980858,0.14837453647420043,0.14837453649980858,0.1483745365137361,0.14837453651776703,0.14837453650976634,0.14837453649980858,0.14837453650976634,0.14837453651776703,0.14837453652210134,0.14837453651776703,0.1483745365137361,0.14837453651776703,0.14837453652210134,0.1471375824033496,0.14713758239557231,0.14713758238715233,0.14713758239557231,0.1471375824033496,0.14713758239557231,0.14713758237859048,0.14713758234947522,0.14713758237859048,0.14713758239557231,0.14713758238715233,0.14713758234947522,0.14713758221100603,0.14713758234947522,0.14713758238715233,0.14713758239557231,0.14713758237859048,0.14713758234947522,0.14713758237859048,0.14713758239557231,0.1471375824033496,0.14713758239557231,0.14713758238715233,0.14713758239557231,0.1471375824033496,0.14592511825186863,0.1459251182427359,0.14592511823318327,0.1459251182427359,0.14592511825186863,0.1459251182427359,0.1459251182235071,0.14592511819296608,0.1459251182235071,0.1459251182427359,0.14592511823318327,0.14592511819296608,0.14592511806500955,0.14592511819296608,0.14592511823318327,0.1459251182427359,0.1459251182235071,0.14592511819296608,0.1459251182235071,0.1459251182427359,0.14592511825186863,0.1459251182427359,0.14592511823318327,0.1459251182427359,0.14592511825186863,0.1447366096554888,0.1447366096464061,0.14473660963721166,0.1447366096464061,0.1447366096554888,0.1447366096464061,0.14473660962796261,0.1447366096001097,0.14473660962796261,0.1447366096464061,0.14473660963721166,0.1447366096001097,0.14473660948929395,0.1447366096001097,0.14473660963721166,0.1447366096464061,0.14473660962796261,0.1447366096001097,0.14473660962796261,0.1447366096464061,0.1447366096554888,0.1447366096464061,0.14473660963721166,0.1447366096464061,0.1447366096554888,0.14357153075166348,0.1435715307430288,0.1435715307343534,0.1435715307430288,0.14357153075166348,0.1435715307430288,0.14357153072564083,0.14357153069965664,0.14357153072564083,0.1435715307430288,0.1435715307343534,0.14357153069965664,0.14357153059709463,0.14357153069965664,0.1435715307343534,0.1435715307430288,0.14357153072564083,0.14357153069965664,0.14357153072564083,0.1435715307430288,0.14357153075166348,0.1435715307430288,0.1435715307343534,0.1435715307430288,0.14357153075166348,0.14242936449089186,0.1424293644828693,0.14242936447462798,0.1424293644828693,0.14242936449089186,0.1424293644828693,0.14242936446629387,0.1424293644408412,0.14242936446629387,0.1424293644828693,0.14242936447462798,0.1424293644408412,0.1424293643380374,0.1424293644408412,0.14242936447462798,0.1424293644828693,0.14242936446629387,0.1424293644408412,0.14242936446629387,0.1424293644828693,0.14242936449089186,0.1424293644828693,0.14242936447462798,0.1424293644828693,0.14242936449089186,0.1413096028500679,0.14130960284343339,0.14130960283615296,0.14130960284343339,0.1413096028500679,0.14130960284343339,0.14130960282866153,0.14130960280410418,0.14130960282866153,0.14130960284343339,0.14130960283615296,0.14130960280410418,0.14130960269803214,0.14130960280410418,0.14130960283615296,0.14130960284343339,0.14130960282866153,0.14130960280410418,0.14130960282866153,0.14130960284343339,0.1413096028500679,0.14130960284343339,0.14130960283615296,0.14130960284343339,0.1413096028500679,0.14021174700012348,0.14021174699710937,0.14021174699293612,0.14021174699710937,0.14021174700012348,0.14021174699710937,0.14021174698844427,0.14021174697027428,0.14021174698844427,0.14021174699710937,0.14021174699293612,0.14021174697027428,0.14021174687518928,0.14021174697027428,0.14021174699293612,0.14021174699710937,0.14021174698844427,0.14021174697027428,0.14021174698844427,0.14021174699710937,0.14021174700012348,0.14021174699710937,0.14021174699293612,0.14021174699710937,0.14021174700012348,0.13913530743212887,0.1391353074366991,0.13913530744030614,0.1391353074366991,0.13913530743212887,0.1391353074366991,0.1391353074436962,0.13913530744960548,0.1391353074436962,0.1391353074366991,0.13913530744030614,0.13913530744960548,0.13913530745617267,0.13913530744960548,0.13913530744030614,0.1391353074366991,0.1391353074436962,0.13913530744960548,0.1391353074436962,0.1391353074366991,0.13913530743212887,0.1391353074366991,0.13913530744030614,0.1391353074366991,0.13913530743212887,0.13807980404686795,0.13807980406232667,0.13807980407788878,0.13807980406232667,0.13807980404686795,0.13807980406232667,0.13807980409365916,0.13807980413672483,0.13807980409365916,0.13807980406232667,0.13807980407788878,0.13807980413672483,0.13807980425828956,0.13807980413672483,0.13807980407788878,0.13807980406232667,0.13807980409365916,0.13807980413672483,0.13807980409365916,0.13807980406232667,0.13807980404686795,0.13807980406232667,0.13807980407788878,0.13807980406232667,0.13807980404686795,0.13704476621694453,0.13704476624289927,0.1370447662744153,0.13704476624289927,0.13704476621694453,0.13704476624289927,0.13704476630710818,0.13704476643618682,0.13704476630710818,0.13704476624289927,0.1370447662744153,0.13704476643618682,0.1370447671519861,0.13704476643618682,0.1370447662744153,0.13704476624289927,0.13704476630710818,0.13704476643618682,0.13704476630710818,0.13704476624289927,0.13704476621694453,0.13704476624289927,0.1370447662744153,0.13704476624289927,0.13704476621694453,0.13602973282608283,0.13602973284424533,0.1360297328620346,0.13602973284424533,0.13602973282608283,0.13602973284424533,0.13602973287988512,0.13602973292756207,0.13602973287988512,0.13602973284424533,0.1360297328620346,0.13602973292756207,0.13602973305988408,0.13602973292756207,0.1360297328620346,0.13602973284424533,0.13602973287988512,0.13602973292756207,0.13602973287988512,0.13602973284424533,0.13602973282608283,0.13602973284424533,0.1360297328620346,0.13602973284424533,0.13602973282608283,0.1350342523117301,0.13503425232311378,0.13503425233251315,0.13503425232311378,0.1350342523117301,0.13503425232311378,0.1350342523414353,0.13503425235960184,0.1350342523414353,0.13503425232311378,0.13503425233251315,0.13503425235960184,0.13503425239263753,0.13503425235960184,0.13503425233251315,0.13503425232311378,0.1350342523414353,0.13503425235960184,0.1350342523414353,0.13503425232311378,0.1350342523117301,0.13503425232311378,0.13503425233251315,0.13503425232311378,0.1350342523117301
0.165332487752118,0.165332487752118,0.165332487752118,0.165332487752118,0.165332487752118,0.165332487752118,0.165332487752118,0.165332487752118,0.165332487752118,0.165332487752118,0.165332487752118,0.165332487752118,0.165332487752118,0.165332487752118,0.165332487752118,0.165332487752118,0.165332487752118,0.165332487752118,0.165332487752118,0.165332487752118,0.165332487752118,0.165332487752118,0.165332487752118,0.165332487752118,0.165332487752118,0.16375749403398868,0.16375749403398868,0.16375749403398845,0.16375749403398868,0.16375749403398868,0.16375749403398868,0.16375749403398845,0.16375749403398845,0.16375749403398845,0.16375749403398868,0.16375749403398845,0.16375749403398845,0.16375749403398845,0.16375749403398845,0.16375749403398845,0.16375749403398868,0.16375749403398845,0.16375749403398845,0.16375749403398845,0.16375749403398868,0.16375749403398868,0.16375749403398868,0.16375749403398845,0.16375749403398868,0.16375749403398868,0.16221388424774622,0.16221388424774622,0.16221388424774622,0.16221388424774622,0.16221388424774622,0.16221388424774622,0.162213884247746,0.162213884247746,0.162213884247746,0.16221388424774622,0.16221388424774622,0.162213884247746,0.162213884247746,0.162213884247746,0.16221388424774622,0.16221388424774622,0.162213884247746,0.162213884247746,0.162213884247746,0.16221388424774622,0.16221388424774622,0.16221388424774622,0.16221388424774622,0.16221388424774622,0.16221388424774622,0.16070106735043155,0.16070106735043135,0.16070106735043113,0.16070106735043135,0.16070106735043155,0.16070106735043135,0.1607010673504309,0.16070106735043066,0.1607010673504309,0.16070106735043135,0.16070106735043113,0.16070106735043066,0.16070106735043047,0.16070106735043066,0.16070106735043113,0.16070106735043135,0.1607010673504309,0.16070106735043066,0.1607010673504309,0.16070106735043135,0.16070106735043155,0.16070106735043135,0.16070106735043113,0.16070106735043135,0.16070106735043155,0.15921845171702315,0.15921845171702204,0.15921845171702118,0.15921845171702204,0.15921845171702315,0.15921845171702204,0.15921845171702076,0.1592184517170201,0.15921845171702076,0.15921845171702204,0.15921845171702118,0.1592184517170201,0.15921845171701923,0.1592184517170201,0.15921845171702118,0.15921845171702204,0.15921845171702076,0.1592184517170201,0.15921845171702076,0.15921845171702204,0.15921845171702315,0.15921845171702204,0.15921845171702118,0.15921845171702204,0.15921845171702315,0.1577654464922894,0.15776544649228577,0.1577654464922834,0.15776544649228577,0.1577654464922894,0.15776544649228577,0.1577654464922819,0.15776544649227936,0.1577654464922819,0.15776544649228577,0.1577654464922834,0.15776544649227936,0.15776544649227678,0.15776544649227936,0.1577654464922834,0.15776544649228577,0.1577654464922819,0.15776544649227936,0.1577654464922819,0.15776544649228577,0.1577654464922894,0.15776544649228577,0.1577654464922834,0.15776544649228577,0.1577654464922894,0.15634146280511405,0.15634146280510297,0.15634146280509584,0.15634146280510297,0.15634146280511405,0.15634146280510297,0.15634146280509062,0.15634146280508288,0.15634146280509062,0.15634146280510275,0.15634146280509584,0.15634146280508288,0.1563414628050743,0.15634146280508288,0.15634146280509584,0.15634146280510297,0.15634146280509062,0.15634146280508288,0.15634146280509062,0.15634146280510275,0.15634146280511405,0.15634146280510275,0.15634146280509584,0.15634146280510275,0.15634146280511405,0.15494591485556328,0.1549459148555299,0.15494591485550835,0.1549459148555299,0.15494591485556328,0.1549459148555299,0.15494591485549197,0.15494591485546658,0.15494591485549197,0.1549459148555299,0.15494591485550835,0.15494591485546658,0.1549459148554385,0.15494591485546658,0.15494591485550835,0.1549459148555299,0.15494591485549197,0.15494591485546658,0.15494591485549197,0.1549459148555299,0.15494591485556328,0.1549459148555299,0.15494591485550835,0.1549459148555299,0.15494591485556328,0.15357822088441161,0.1535782208843136,0.15357822088424833,0.1535782208843136,0.15357822088441161,0.1535782208843136,0.15357822088419612,0.15357822088411477,0.15357822088419612,0.1535782208843136,0.15357822088424833,0.15357822088411477,0.15357822088402037,0.15357822088411477,0.15357822088424833,0.1535782208843136,0.15357822088419612,0.15357822088411477,0.15357822088419612,0.1535782208843136,0.15357822088441161,0.1535782208843136,0.15357822088424833,0.1535782208843136,0.15357822088441161,0.15223780403430084,0.15223780403402115,0.15223780403382747,0.15223780403402115,0.15223780403430084,0.15223780403402115,0.1522378040336633,0.15223780403339876,0.1522378040336633,0.15223780403402115,0.15223780403382747,0.15223780403339876,0.15223780403306572,0.15223780403339876,0.15223780403382747,0.15223780403402115,0.1522378040336633,0.15223780403339876,0.1522378040336633,0.15223780403402115,0.15223780403430084,0.15223780403402115,0.15223780403382747,0.15223780403402115,0.15223780403430084,0.1509240931112019,0.15092409311044025,0.15092409310987676,0.15092409311044025,0.1509240931112019,0.15092409311044025,0.1509240931093736,0.1509240931084931,0.1509240931093736,0.15092409311044025,0.15092409310987676,0.1509240931084931,0.15092409310722368,0.1509240931084931,0.15092409310987676,0.15092409311044025,0.1509240931093736,0.1509240931084931,0.1509240931093736,0.15092409311044025,0.1509240931112019,0.15092409311044025,0.15092409310987676,0.15092409311044025,0.1509240931112019,0.1496365232543881,0.14963652325245794,0.1496365232508857,0.14963652325245794,0.1496365232543881,0.14963652325245794,0.14963652324940818,0.1496365232464273,0.14963652324940818,0.14963652325245794,0.1496365232508857,0.1496365232464273,0.14963652324106827,0.1496365232464273,0.1496365232508857,0.14963652325245794,0.14963652324940818,0.1496365232464273,0.14963652324940818,0.14963652325245794,0.1496365232543881,0.14963652325245794,0.1496365232508857,0.14963652325245794,0.1496365232543881,0.1483745365226714,0.14837453651834528,0.14837453651432175,0.14837453651834528,0.1483745365226714,0.14837453651834528,0.1483745365103592,0.14837453650041943,0.1483745365103592,0.14837453651834528,0.14837453651432175,0.14837453650041943,0.14837453647485613,0.14837453650041943,0.14837453651432175,0.14837453651834528,0.1483745365103592,0.14837453650041943,0.1483745365103592,0.14837453651834528,0.1483745365226714,0.14837453651834528,0.14837453651432175,0.14837453651834528,0.1483745365226714,0.14713758240387878,0.14713758239611655,0.1471375823877124,0.14713758239611655,0.14713758240387878,0.14713758239611655,0.14713758237916652,0.14713758235010357,0.14713758237916652,0.14713758239611655,0.1471375823877124,0.14713758235010357,0.14713758221186762,0.14713758235010357,0.1471375823877124,0.14713758239611655,0.14713758237916652,0.14713758235010357,0.14713758237916652,0.14713758239611655,0.14713758240387878,0.14713758239611655,0.1471375823877124,0.14713758239611655,0.14713758240387878,0.14592511825232554,0.14592511824321258,0.1459251182336799,0.14592511824321258,0.14592511825232554,0.14592511824321258,0.1459251182240235,0.1459251181935428,0.1459251182240235,0.14592511824321258,0.1459251182336799,0.1459251181935428,0.14592511806581637,0.1459251181935428,0.1459251182336799,0.14592511824321258,0.1459251182240235,0.1459251181935428,0.1459251182240235,0.14592511824321258,0.14592511825232554,0.14592511824321258,0.1459251182336799,0.14592511824321258,0.14592511825232554,0.14473660965583177,0.14473660964677318,0.14473660963760232,0.14473660964677318,0.14473660965583177,0.14473660964677318,0.14473660962837703,0.1447366096005932,0.14473660962837703,0.14473660964677318,0.14473660963760232,0.1447366096005932,0.14473660949003125,0.1447366096005932,0.14473660963760232,0.14473660964677318,0.14473660962837703,0.1447366096005932,0.14473660962837703,0.14473660964677318,0.14473660965583177,0.14473660964677318,0.14473660963760232,0.14473660964677318,0.14473660965583177,0.14357153075184179,0.14357153074323636,0.1435715307345902,0.14357153074323636,0.14357153075184179,0.14357153074323636,0.1435715307259069,0.14357153070000947,0.1435715307259069,0.14357153074323636,0.1435715307345902,0.14357153070000947,0.14357153059779346,0.14357153070000947,0.1435715307345902,0.14357153074323636,0.1435715307259069,0.14357153070000947,0.1435715307259069,0.14357153074323636,0.14357153075184179,0.14357153074323636,0.1435715307345902,0.14357153074323636,0.14357153075184179,0.1424293644908429,0.14242936448285487,0.14242936447464943,0.14242936448285487,0.1424293644908429,0.14242936448285487,0.1424293644663516,0.14242936444101081,0.1424293644663516,0.14242936448285487,0.14242936447464943,0.14242936444101081,0.14242936433867134,0.14242936444101081,0.14242936447464943,0.14242936448285487,0.1424293644663516,0.14242936444101081,0.1424293644663516,0.14242936448285487,0.1424293644908429,0.14242936448285487,0.14242936447464943,0.14242936448285487,0.1424293644908429,0.14130960284971678,0.1413096028431181,0.14130960283587732,0.1413096028431181,0.14130960284971678,0.1413096028431181,0.14130960282842653,0.14130960280400404,0.14130960282842653,0.1413096028431181,0.14130960283587732,0.14130960280400404,0.14130960269852422,0.14130960280400404,0.14130960283587732,0.1413096028431181,0.14130960282842653,0.14130960280400404,0.14130960282842653,0.1413096028431181,0.14130960284971678,0.1413096028431181,0.14130960283587732,0.1413096028431181,0.14130960284971678,0.14021174699939237,0.14021174699640274,0.14021174699226,0.14021174699640274,0.14021174699939237,0.14021174699640274,0.14021174698780006,0.14021174696975247,0.14021174698780006,0.14021174699640274,0.14021174699226,0.14021174696975247,0.14021174687529891,0.14021174696975247,0.14021174699226,0.14021174699640274,0.14021174698780006,0.14021174696975247,0.14021174698780006,0.14021174699640274,0.14021174699939237,0.14021174699640274,0.14021174699226,0.14021174699640274,0.14021174699939237,0.13913530743096172,0.13913530743552496,0.13913530743912772,0.13913530743552496,0.13913530743096172,0.13913530743552496,0.13913530744251432,0.13913530744842423,0.13913530744251432,0.13913530743552496,0.13913530743912772,0.13913530744842423,0.13913530745502287,0.13913530744842423,0.13913530743912772,0.13913530743552496,0.13913530744251432,0.13913530744842423,0.13913530744251432,0.13913530743552496,0.13913530743096172,0.13913530743552496,0.13913530743912772,0.13913530743552496,0.13913530743096172,0.1380798040452732,0.13807980406068324,0.1380798040761956,0.13807980406068324,0.1380798040452732,0.13807980406068324,0.1380798040919154,0.13807980413484078,0.1380798040919154,0.13807980406068324,0.1380798040761956,0.13807980413484078,0.13807980425600314,0.13807980413484078,0.1380798040761956,0.13807980406068324,0.1380798040919154,0.13807980413484078,0.1380798040919154,0.13807980406068324,0.1380798040452732,0.13807980406068324,0.1380798040761956,0.13807980406068324,0.1380798040452732,0.13704476621501632,0.13704476624088427,0.1370447662722944,0.13704476624088427,0.13704476621501632,0.13704476624088427,0.13704476630487716,0.13704476643351868,0.13704476630487716,0.13704476624088427,0.1370447662722944,0.13704476643351868,0.13704476714689715,0.13704476643351868,0.1370447662722944,0.13704476624088427,0.13704476630487716,0.13704476643351868,0.13704476630487716,0.13704476624088427,0.13704476621501632,0.13704476624088427,0.1370447662722944,0.13704476624088427,0.13704476621501632,0.13602973282399472,0.13602973284209624,0.13602973285982542,0.13602973284209624,0.13602973282399472,0.13602973284209624,0.13602973287761558,0.13602973292513101,0.13602973287761558,0.13602973284209624,0.13602973285982542,0.13602973292513101,0.13602973305700378,0.13602973292513101,0.13602973285982542,0.13602973284209624,0.13602973287761558,0.13602973292513101,0.13602973287761558,0.13602973284209624,0.13602973282399472,0.13602973284209624,0.13602973285982542,0.13602973284209624,0.13602973282399472,0.1350342523096054,0.13503425232095062,0.13503425233031824,0.13503425232095062,0.1350342523096054,0.13503425232095062,0.1350342523392103,0.13503425235731512,0.1350342523392103,0.13503425232095062,0.13503425233031824,0.13503425235731512,0.13503425239023878,0.13503425235731512,0.13503425233031824,0.13503425232095062,0.1350342523392103,0.13503425235731512,0.1350342523392103,0.13503425232095062,0.1350342523096054,0.13503425232095062,0.13503425233031824,0.13503425232095062,0.1350342523096054
0.16533248775286746,0.16533248775286746,0.16533248775286746,0.16533248775286746,0.16533248775286746,0.16533248775286746,0.16533248775286746,0.16533248775286746,0.16533248775286746,0.16533248775286746,0.16533248775286746,0.16533248775286746,0.16533248775286746,0.16533248775286746,0.16533248775286746,0.16533248775286746,0.16533248775286746,0.16533248775286746,0.16533248775286746,0.16533248775286746,0.16533248775286746,0.16533248775286746,0.16533248775286746,0.16533248775286746,0.16533248775286746,0.163757494034723,0.163757494034723,0.163757494034723,0.163757494034723,0.163757494034723,0.163757494034723,0.163757494034723,0.163757494034723,0.163757494034723,0.163757494034723,0.163757494034723,0.163757494034723,0.163757494034723,0.163757494034723,0.163757494034723,0.163757494034723,0.163757494034723,0.163757494034723,0.163757494034723,0.163757494034723,0.163757494034723,0.163757494034723,0.163757494034723,0.163757494034723,0.163757494034723,0.1622138842484661,0.16221388424846592,0.16221388424846592,0.16221388424846592,0.1622138842484661,0.16221388424846592,0.16221388424846592,0.16221388424846592,0.16221388424846592,0.16221388424846592,0.16221388424846592,0.16221388424846592,0.1622138842484657,0.16221388424846592,0.16221388424846592,0.16221388424846592,0.16221388424846592,0.16221388424846592,0.16221388424846592,0.16221388424846592,0.1622138842484661,0.16221388424846592,0.16221388424846592,0.16221388424846592,0.1622138842484661,0.16070106735113712,0.16070106735113668,0.16070106735113646,0.16070106735113668,0.16070106735113712,0.16070106735113668,0.16070106735113623,0.160701067351136,0.16070106735113623,0.16070106735113668,0.16070106735113646,0.160701067351136,0.1607010673511358,0.160701067351136,0.16070106735113646,0.16070106735113668,0.16070106735113623,0.160701067351136,0.16070106735113623,0.16070106735113668,0.16070106735113712,0.16070106735113668,0.16070106735113646,0.16070106735113668,0.16070106735113712,0.15921845171771437,0.1592184517177133,0.15921845171771243,0.1592184517177133,0.15921845171771437,0.1592184517177133,0.15921845171771198,0.15921845171771112,0.15921845171771198,0.1592184517177133,0.15921845171771243,0.15921845171771112,0.15921845171771046,0.15921845171771112,0.15921845171771243,0.1592184517177133,0.15921845171771198,0.15921845171771112,0.15921845171771198,0.1592184517177133,0.15921845171771437,0.1592184517177133,0.15921845171771243,0.1592184517177133,0.15921845171771437,0.15776544649296662,0.15776544649296298,0.15776544649296065,0.15776544649296298,0.15776544649296662,0.15776544649296298,0.15776544649295915,0.15776544649295657,0.15776544649295915,0.15776544649296298,0.15776544649296065,0.15776544649295657,0.15776544649295404,0.15776544649295657,0.15776544649296065,0.15776544649296298,0.15776544649295915,0.15776544649295657,0.15776544649295915,0.15776544649296298,0.15776544649296662,0.15776544649296298,0.15776544649296065,0.15776544649296298,0.15776544649296662,0.15634146280577751,0.15634146280576644,0.15634146280575933,0.15634146280576644,0.15634146280577751,0.15634146280576644,0.15634146280575434,0.15634146280574637,0.15634146280575434,0.15634146280576644,0.15634146280575933,0.15634146280574637,0.156341462805738,0.15634146280574637,0.15634146280575933,0.15634146280576644,0.15634146280575434,0.15634146280574637,0.15634146280575434,0.15634146280576644,0.15634146280577751,0.15634146280576644,0.15634146280575933,0.15634146280576644,0.15634146280577751,0.1549459148562133,0.15494591485618014,0.1549459148561584,0.15494591485617992,0.1549459148562133,0.15494591485618014,0.15494591485614204,0.1549459148561168,0.15494591485614204,0.15494591485618014,0.1549459148561584,0.1549459148561168,0.15494591485608872,0.1549459148561168,0.1549459148561584,0.15494591485617992,0.15494591485614204,0.1549459148561168,0.15494591485614204,0.15494591485617992,0.1549459148562133,0.15494591485618014,0.1549459148561584,0.15494591485617992,0.1549459148562133,0.1535782208850483,0.1535782208849505,0.1535782208848854,0.1535782208849505,0.1535782208850483,0.1535782208849505,0.1535782208848332,0.15357822088475187,0.1535782208848332,0.1535782208849505,0.1535782208848854,0.15357822088475187,0.15357822088465783,0.15357822088475187,0.1535782208848854,0.1535782208849505,0.1535782208848332,0.15357822088475187,0.1535782208848332,0.1535782208849505,0.1535782208850483,0.1535782208849505,0.1535782208848854,0.1535782208849505,0.1535782208850483,0.15223780403492407,0.15223780403464496,0.15223780403445145,0.15223780403464496,0.15223780403492407,0.15223780403464496,0.15223780403428766,0.15223780403402354,0.15223780403428766,0.15223780403464496,0.15223780403445145,0.15223780403402354,0.15223780403369108,0.15223780403402354,0.15223780403445145,0.15223780403464496,0.15223780403428766,0.15223780403402354,0.15223780403428766,0.15223780403464496,0.15223780403492407,0.15223780403464496,0.15223780403445145,0.15223780403464496,0.15223780403492407,0.15092409311181074,0.15092409311105043,0.1509240931104879,0.15092409311105043,0.15092409311181074,0.15092409311105043,0.15092409310998595,0.1509240931091068,0.15092409310998595,0.15092409311105043,0.1509240931104879,0.1509240931091068,0.1509240931078397,0.1509240931091068,0.1509240931104879,0.15092409311105043,0.15092409310998595,0.1509240931091068,0.15092409310998595,0.15092409311105043,0.15092409311181074,0.15092409311105043,0.1509240931104879,0.15092409311105043,0.15092409311181074,0.14963652325498014,0.14963652325305335,0.14963652325148397,0.14963652325305335,0.14963652325498014,0.14963652325305335,0.14963652325000912,0.1496365232470337,0.14963652325000912,0.14963652325305335,0.14963652325148397,0.1496365232470337,0.14963652324168414,0.1496365232470337,0.14963652325148397,0.14963652325305335,0.14963652325000912,0.1496365232470337,0.14963652325000912,0.14963652325305335,0.14963652325498014,0.14963652325305335,0.14963652325148397,0.14963652325305335,0.14963652325498014,0.14837453652323926,0.1483745365189211,0.148374536514905,0.1483745365189211,0.14837453652323926,0.1483745365189211,0.14837453651094967,0.14837453650102767,0.14837453651094967,0.1483745365189211,0.148374536514905,0.14837453650102767,0.1483745364755096,0.14837453650102767,0.148374536514905,0.1483745365189211,0.14837453651094967,0.14837453650102767,0.14837453651094967,0.1483745365189211,0.14837453652323926,0.1483745365189211,0.148374536514905,0.1483745365189211,0.14837453652323926,0.14713758240440558,0.14713758239665845,0.14713758238827027,0.14713758239665845,0.14713758240440558,0.14713758239665845,0.14713758237974017,0.14713758235072955,0.14713758237974017,0.14713758239665845,0.14713758238827027,0.14713758235072955,0.14713758221272505,0.14713758235072955,0.14713758238827027,0.14713758239665845,0.14713758237974017,0.14713758235072955,0.14713758237974017,0.14713758239665845,0.14713758240440558,0.14713758239665845,0.14713758238827027,0.14713758239665845,0.14713758240440558,0.14592511825278032,0.14592511824368692,0.1459251182341742,0.14592511824368692,0.14592511825278032,0.14592511824368692,0.14592511822453774,0.14592511819411708,0.14592511822453774,0.14592511824368692,0.1459251182341742,0.14592511819411708,0.1459251180666597,0.14592511819411708,0.1459251182341742,0.14592511824368692,0.14592511822453774,0.14592511819411708,0.14592511822453774,0.14592511824368692,0.14592511825278032,0.14592511824368692,0.1459251182341742,0.14592511824368692,0.14592511825278032,0.14473660965617285,0.14473660964713833,0.14473660963799104,0.14473660964713833,0.14473660965617285,0.14473660964713833,0.1447366096287893,0.14473660960107446,0.1447366096287893,0.14473660964713833,0.14473660963799104,0.14473660960107446,0.1447366094907635,0.14473660960107446,0.14473660963799104,0.14473660964713833,0.1447366096287893,0.14473660960107446,0.1447366096287893,0.14473660964713833,0.14473660965617285,0.14473660964713833,0.14473660963799104,0.14473660964713833,0.14473660965617285,0.14357153075201856,0.1435715307434422,0.14357153073482531,0.1435715307434422,0.14357153075201856,0.1435715307434422,0.14357153072617126,0.1435715307003604,0.14357153072617126,0.1435715307434422,0.14357153073482531,0.1435715307003604,0.1435715305984803,0.1435715307003604,0.14357153073482531,0.1435715307434422,0.14357153072617126,0.1435715307003604,0.14357153072617126,0.1435715307434422,0.14357153075201856,0.1435715307434422,0.14357153073482531,0.1435715307434422,0.14357153075201856,0.14242936449079308,0.1424293644828394,0.14242936447466975,0.1424293644828394,0.14242936449079308,0.1424293644828394,0.1424293644664081,0.14242936444117854,0.1424293644664081,0.1424293644828394,0.14242936447466975,0.14242936444117854,0.14242936433929218,0.14242936444117854,0.14242936447466975,0.1424293644828394,0.1424293644664081,0.14242936444117854,0.1424293644664081,0.1424293644828394,0.14242936449079308,0.1424293644828394,0.14242936447466975,0.1424293644828394,0.14242936449079308,0.14130960284936617,0.14130960284280314,0.14130960283560154,0.14130960284280314,0.14130960284936617,0.14130960284280314,0.1413096028281912,0.14130960280390223,0.1413096028281912,0.14130960284280314,0.14130960283560154,0.14130960280390223,0.14130960269901433,0.14130960280390223,0.14130960283560154,0.14130960284280314,0.1413096028281912,0.14130960280390223,0.1413096028281912,0.14130960284280314,0.14130960284936617,0.14130960284280314,0.14130960283560154,0.14130960284280314,0.14130960284936617,0.14021174699866334,0.14021174699569805,0.1402117469915853,0.14021174699569805,0.14021174699866334,0.14021174699569805,0.14021174698715733,0.14021174696923036,0.14021174698715733,0.14021174699569805,0.1402117469915853,0.14021174696923036,0.14021174687538054,0.14021174696923036,0.1402117469915853,0.14021174699569805,0.14021174698715733,0.14021174696923036,0.14021174698715733,0.14021174699569805,0.14021174699866334,0.14021174699569805,0.1402117469915853,0.14021174699569805,0.14021174699866334,0.13913530742979893,0.13913530743435512,0.13913530743795374,0.13913530743435512,0.13913530742979893,0.13913530743435512,0.13913530744133684,0.1391353074472471,0.13913530744133684,0.13913530743435512,0.13913530743795374,0.1391353074472471,0.13913530745387656,0.1391353074472471,0.13913530743795374,0.13913530743435512,0.13913530744133684,0.1391353074472471,0.13913530744133684,0.13913530743435512,0.13913530742979893,0.13913530743435512,0.13913530743795374,0.13913530743435512,0.13913530742979893,0.13807980404368525,0.1380798040590469,0.13807980407450982,0.1380798040590469,0.13807980404368525,0.1380798040590469,0.13807980409017923,0.13807980413296525,0.13807980409017923,0.1380798040590469,0.13807980407450982,0.13807980413296525,0.1380798042537276,0.13807980413296525,0.13807980407450982,0.1380798040590469,0.13807980409017923,0.13807980413296525,0.13807980409017923,0.1380798040590469,0.13807980404368525,0.1380798040590469,0.13807980407450982,0.1380798040590469,0.13807980404368525,0.137044766213097,0.13704476623887887,0.13704476627018364,0.13704476623887887,0.137044766213097,0.13704476623887887,0.1370447663026569,0.13704476643086394,0.1370447663026569,0.13704476623887887,0.13704476627018364,0.13704476643086394,0.13704476714182842,0.13704476643086394,0.13704476627018364,0.13704476623887887,0.1370447663026569,0.13704476643086394,0.1370447663026569,0.13704476623887887,0.137044766213097,0.13704476623887887,0.13704476627018364,0.13704476623887887,0.137044766213097,0.13602973282191677,0.13602973283995748,0.13602973285762687,0.13602973283995748,0.13602973282191677,0.13602973283995748,0.1360297328753571,0.1360297329227119,0.1360297328753571,0.13602973283995748,0.13602973285762687,0.1360297329227119,0.13602973305413826,0.1360297329227119,0.13602973285762687,0.13602973283995748,0.1360297328753571,0.1360297329227119,0.1360297328753571,0.13602973283995748,0.13602973282191677,0.13602973283995748,0.13602973285762687,0.13602973283995748,0.13602973282191677,0.1350342523074908,0.13503425231879784,0.13503425232813385,0.13503425231879784,0.13503425230749094,0.13503425231879784,0.1350342523369958,0.13503425235503966,0.13503425233699598,0.13503425231879784,0.13503425232813385,0.13503425235503966,0.13503425238785186,0.13503425235503966,0.13503425232813385,0.13503425231879784,0.13503425233699598,0.13503425235503966,0.1350342523369958,0.13503425231879784,0.13503425230749094,0.13503425231879784,0.13503425232813385,0.13503425231879784,0.1350342523074908
0.16533248775361392,0.16533248775361392,0.16533248775361367,0.16533248775361392,0.16533248775361392,0.16533248775361392,0.16533248775361367,0.16533248775361367,0.16533248775361367,0.16533248775361392,0.16533248775361367,0.16533248775361367,0.16533248775361367,0.16533248775361367,0.16533248775361367,0.16533248775361392,0.16533248775361367,0.16533248775361367,0.16533248775361367,0.16533248775361392,0.16533248775361392,0.16533248775361392,0.16533248775361367,0.16533248775361392,0.16533248775361392,0.1637574940354546,0.1637574940354546,0.1637574940354546,0.1637574940354546,0.1637574940354546,0.1637574940354546,0.1637574940354546,0.1637574940354546,0.1637574940354546,0.1637574940354546,0.1637574940354546,0.1637574940354546,0.1637574940354546,0.1637574940354546,0.1637574940354546,0.1637574940354546,0.1637574940354546,0.1637574940354546,0.1637574940354546,0.1637574940354546,0.1637574940354546,0.1637574940354546,0.1637574940354546,0.1637574940354546,0.1637574940354546,0.1622138842491829,0.1622138842491829,0.16221388424918265,0.1622138842491829,0.1622138842491829,0.1622138842491829,0.16221388424918265,0.16221388424918265,0.16221388424918265,0.1622138842491829,0.16221388424918265,0.16221388424918265,0.16221388424918265,0.16221388424918265,0.16221388424918265,0.1622138842491829,0.16221388424918265,0.16221388424918265,0.16221388424918265,0.1622138842491829,0.1622138842491829,0.1622138842491829,0.16221388424918265,0.1622138842491829,0.1622138842491829,0.16070106735183956,0.16070106735183912,0.16070106735183892,0.16070106735183912,0.16070106735183956,0.16070106735183912,0.16070106735183867,0.16070106735183848,0.16070106735183867,0.16070106735183912,0.16070106735183892,0.16070106735183848,0.16070106735183826,0.16070106735183848,0.16070106735183892,0.16070106735183912,0.16070106735183867,0.16070106735183848,0.16070106735183867,0.16070106735183912,0.16070106735183956,0.16070106735183912,0.16070106735183892,0.16070106735183912,0.16070106735183956,0.1592184517184028,0.1592184517184015,0.15921845171840085,0.1592184517184015,0.1592184517184028,0.1592184517184015,0.15921845171840018,0.15921845171839955,0.15921845171840018,0.1592184517184015,0.15921845171840085,0.15921845171839955,0.15921845171839866,0.15921845171839955,0.15921845171840085,0.1592184517184015,0.15921845171840018,0.15921845171839955,0.15921845171840018,0.1592184517184015,0.1592184517184028,0.1592184517184015,0.15921845171840085,0.1592184517184015,0.1592184517184028,0.15776544649364108,0.15776544649363744,0.1577654464936351,0.15776544649363744,0.15776544649364108,0.15776544649363744,0.1577654464936336,0.15776544649363106,0.1577654464936336,0.15776544649363744,0.1577654464936351,0.15776544649363106,0.15776544649362848,0.15776544649363106,0.1577654464936351,0.15776544649363744,0.1577654464936336,0.15776544649363106,0.1577654464936336,0.15776544649363744,0.15776544649364108,0.15776544649363744,0.1577654464936351,0.15776544649363744,0.15776544649364108,0.1563414628064383,0.15634146280642722,0.1563414628064201,0.15634146280642722,0.1563414628064383,0.15634146280642722,0.15634146280641512,0.15634146280640715,0.15634146280641512,0.15634146280642722,0.1563414628064201,0.15634146280640715,0.1563414628063988,0.15634146280640715,0.1563414628064201,0.15634146280642722,0.15634146280641512,0.15634146280640715,0.15634146280641512,0.15634146280642722,0.1563414628064383,0.15634146280642722,0.1563414628064201,0.15634146280642722,0.1563414628064383,0.1549459148568607,0.1549459148568275,0.1549459148568058,0.1549459148568275,0.1549459148568607,0.1549459148568275,0.1549459148567896,0.1549459148567642,0.1549459148567896,0.1549459148568275,0.1549459148568058,0.1549459148567642,0.1549459148567363,0.1549459148567642,0.1549459148568058,0.1549459148568275,0.1549459148567896,0.1549459148567642,0.1549459148567896,0.1549459148568275,0.1549459148568607,0.1549459148568275,0.1549459148568058,0.1549459148568275,0.1549459148568607,0.15357822088568238,0.15357822088558454,0.15357822088551967,0.15357822088558454,0.15357822088568238,0.15357822088558454,0.15357822088546746,0.15357822088538653,0.15357822088546746,0.15357822088558454,0.15357822088551967,0.15357822088538653,0.15357822088529252,0.15357822088538653,0.15357822088551967,0.15357822088558454,0.15357822088546746,0.15357822088538653,0.15357822088546746,0.15357822088558454,0.15357822088568238,0.15357822088558454,0.15357822088551967,0.15357822088558454,0.15357822088568238,0.1522378040355447,0.152237804035266,0.1522378040350729,0.152237804035266,0.1522378040355447,0.152237804035266,0.15223780403490947,0.15223780403464574,0.15223780403490947,0.152237804035266,0.1522378040350729,0.15223780403464574,0.15223780403431386,0.15223780403464574,0.1522378040350729,0.152237804035266,0.15223780403490947,0.15223780403464574,0.15223780403490947,0.152237804035266,0.1522378040355447,0.152237804035266,0.1522378040350729,0.152237804035266,0.1522378040355447,0.1509240931124171,0.15092409311165814,0.15092409311109675,0.15092409311165814,0.1509240931124171,0.15092409311165814,0.15092409311059554,0.15092409310971797,0.15092409311059554,0.15092409311165814,0.15092409311109675,0.15092409310971797,0.15092409310845317,0.15092409310971797,0.15092409311109675,0.15092409311165814,0.15092409311059554,0.15092409310971797,0.15092409311059554,0.15092409311165814,0.1509240931124171,0.15092409311165814,0.15092409311109675,0.15092409311165814,0.1509240931124171,0.14963652325556948,0.14963652325364651,0.14963652325207977,0.14963652325364651,0.14963652325556948,0.14963652325364651,0.14963652325060775,0.14963652324763763,0.14963652325060775,0.14963652325364651,0.14963652325207977,0.14963652324763763,0.1496365232422975,0.14963652324763763,0.14963652325207977,0.14963652325364651,0.14963652325060775,0.14963652324763763,0.14963652325060775,0.14963652325364651,0.14963652325556948,0.14963652325364651,0.14963652325207977,0.14963652325364651,0.14963652325556948,0.14837453652380453,0.14837453651949448,0.1483745365154858,0.14837453651949448,0.14837453652380453,0.14837453651949448,0.14837453651153754,0.1483745365016335,0.14837453651153754,0.14837453651949448,0.1483745365154858,0.1483745365016335,0.1483745364761603,0.1483745365016335,0.1483745365154858,0.14837453651949448,0.14837453651153754,0.1483745365016335,0.14837453651153754,0.14837453651949448,0.14837453652380453,0.14837453651949448,0.1483745365154858,0.14837453651949448,0.14837453652380453,0.14713758240493022,0.14713758239719812,0.14713758238882557,0.14713758239719812,0.14713758240493022,0.14713758239719812,0.14713758238031133,0.147137582351353,0.14713758238031133,0.14713758239719812,0.14713758238882557,0.147137582351353,0.147137582213601,0.147137582351353,0.14713758238882557,0.14713758239719812,0.14713758238031133,0.147137582351353,0.14713758238031133,0.14713758239719812,0.14713758240493022,0.14713758239719812,0.14713758238882557,0.14713758239719812,0.14713758240493022,0.14592511825323295,0.14592511824415932,0.1459251182346662,0.14592511824415932,0.14592511825323295,0.14592511824415932,0.14592511822504967,0.145925118194689,0.14592511822504967,0.14592511824415932,0.1459251182346662,0.145925118194689,0.14592511806747183,0.145925118194689,0.1459251182346662,0.14592511824415932,0.14592511822504967,0.145925118194689,0.14592511822504967,0.14592511824415932,0.14592511825323295,0.14592511824415932,0.1459251182346662,0.14592511824415932,0.14592511825323295,0.14473660965651217,0.14473660964750137,0.14473660963837767,0.14473660964750137,0.14473660965651217,0.14473660964750137,0.14473660962919968,0.1447366096015534,0.14473660962919968,0.14473660964750137,0.14473660963837767,0.1447366096015534,0.14473660949154948,0.1447366096015534,0.14473660963837767,0.14473660964750137,0.14473660962919968,0.1447366096015534,0.14473660962919968,0.14473660964750137,0.14473660965651217,0.14473660964750137,0.14473660963837767,0.14473660964750137,0.14473660965651217,0.14357153075219412,0.14357153074364667,0.1435715307350587,0.14357153074364667,0.14357153075219412,0.14357153074364667,0.14357153072643375,0.14357153070070913,0.14357153072643375,0.14357153074364667,0.1435715307350587,0.14357153070070913,0.14357153059915928,0.14357153070070913,0.1435715307350587,0.14357153074364667,0.14357153072643375,0.14357153070070913,0.14357153072643375,0.14357153074364667,0.14357153075219412,0.14357153074364667,0.1435715307350587,0.14357153074364667,0.14357153075219412,0.1424293644907426,0.14242936448282315,0.14242936447468885,0.14242936448282315,0.1424293644907426,0.14242936448282315,0.14242936446646332,0.1424293644413443,0.14242936446646332,0.14242936448282315,0.14242936447468885,0.1424293644413443,0.14242936433989778,0.1424293644413443,0.14242936447468885,0.14242936448282315,0.14242936446646332,0.1424293644413443,0.14242936446646332,0.14242936448282315,0.1424293644907426,0.14242936448282315,0.14242936447468885,0.14242936448282315,0.1424293644907426,0.14130960284901617,0.14130960284248836,0.1413096028353257,0.14130960284248836,0.14130960284901617,0.14130960284248836,0.14130960282795535,0.14130960280379895,0.14130960282795535,0.14130960284248836,0.1413096028353257,0.14130960280379895,0.14130960269949291,0.14130960280379895,0.1413096028353257,0.14130960284248836,0.14130960282795535,0.14130960280379895,0.14130960282795535,0.14130960284248836,0.14130960284901617,0.14130960284248836,0.1413096028353257,0.14130960284248836,0.14130960284901617,0.1402117469979366,0.1402117469949953,0.1402117469909124,0.1402117469949953,0.1402117469979366,0.1402117469949953,0.1402117469865157,0.1402117469687082,0.1402117469865157,0.1402117469949953,0.1402117469909124,0.1402117469687082,0.14021174687546162,0.1402117469687082,0.1402117469909124,0.1402117469949953,0.1402117469865157,0.1402117469687082,0.1402117469865157,0.1402117469949953,0.1402117469979366,0.1402117469949953,0.1402117469909124,0.1402117469949953,0.1402117469979366,0.13913530742864094,0.13913530743318997,0.13913530743678432,0.13913530743318997,0.13913530742864094,0.13913530743318997,0.13913530744016384,0.13913530744607402,0.13913530744016384,0.13913530743318997,0.13913530743678432,0.13913530744607402,0.13913530745273356,0.13913530744607402,0.13913530743678432,0.13913530743318997,0.13913530744016384,0.13913530744607402,0.13913530744016384,0.13913530743318997,0.13913530742864094,0.13913530743318997,0.13913530743678432,0.13913530743318997,0.13913530742864094,0.13807980404210446,0.13807980405741804,0.1380798040728318,0.13807980405741804,0.13807980404210446,0.13807980405741804,0.13807980408845114,0.13807980413109838,0.13807980408845114,0.13807980405741804,0.1380798040728318,0.13807980413109838,0.13807980425146307,0.13807980413109838,0.1380798040728318,0.13807980405741804,0.13807980408845114,0.13807980413109838,0.13807980408845114,0.13807980405741804,0.13807980404210446,0.13807980405741804,0.1380798040728318,0.13807980405741804,0.13807980404210446,0.1370447662111869,0.13704476623688305,0.137044766268083,0.13704476623688305,0.1370447662111869,0.13704476623688305,0.13704476630044732,0.1370447664282225,0.13704476630044732,0.13704476623688305,0.137044766268083,0.1370447664282225,0.13704476713678435,0.1370447664282225,0.137044766268083,0.13704476623688305,0.13704476630044732,0.1370447664282225,0.13704476630044732,0.13704476623688305,0.1370447662111869,0.13704476623688305,0.137044766268083,0.13704476623688305,0.1370447662111869,0.13602973281984884,0.136029732837829,0.13602973285543915,0.136029732837829,0.13602973281984884,0.136029732837829,0.13602973287310977,0.1360297329203049,0.13602973287310977,0.136029732837829,0.13602973285543915,0.1360297329203049,0.13602973305128738,0.1360297329203049,0.13602973285543915,0.136029732837829,0.13602973287310977,0.1360297329203049,0.13602973287310977,0.136029732837829,0.13602973281984884,0.136029732837829,0.13602973285543915,0.136029732837829,0.13602973281984884,0.13503425230538657,0.13503425231665558,0.1350342523259603,0.13503425231665558,0.13503425230538657,0.13503425231665558,0.13503425233479244,0.1350342523527754,0.13503425233479244,0.13503425231665558,0.1350342523259603,0.1350342523527754,0.13503425238547678,0.1350342523527754,0.1350342523259603,0.13503425231665558,0.13503425233479244,0.1350342523527754,0.13503425233479244,0.13503425231665558,0.13503425230538657,0.13503425231665558,0.1350342523259603,0.13503425231665558,0.13503425230538657
0.16533248775435705,0.16533248775435705,0.16533248775435705,0.16533248775435705,0.16533248775435705,0.16533248775435705,0.16533248775435705,0.16533248775435705,0.16533248775435705,0.16533248775435705,0.16533248775435705,0.16533248775435705,0.16533248775435705,0.16533248775435705,0.16533248775435705,0.16533248775435705,0.16533248775435705,0.16533248775435705,0.16533248775435705,0.16533248775435705,0.16533248775435705,0.16533248775435705,0.16533248775435705,0.16533248775435705,0.16533248775435705,0.16375749403618314,0.1637574940361829,0.1637574940361829,0.1637574940361829,0.16375749403618314,0.1637574940361829,0.1637574940361829,0.1637574940361829,0.1637574940361829,0.1637574940361829,0.1637574940361829,0.1637574940361829,0.1637574940361829,0.1637574940361829,0.1637574940361829,0.1637574940361829,0.1637574940361829,0.1637574940361829,0.1637574940361829,0.1637574940361829,0.16375749403618314,0.1637574940361829,0.1637574940361829,0.1637574940361829,0.16375749403618314,0.1622138842498969,0.1622138842498967,0.1622138842498967,0.1622138842498967,0.1622138842498969,0.1622138842498967,0.1622138842498967,0.16221388424989647,0.1622138842498967,0.1622138842498967,0.1622138842498967,0.16221388424989647,0.16221388424989647,0.16221388424989647,0.1622138842498967,0.1622138842498967,0.1622138842498967,0.16221388424989647,0.1622138842498967,0.1622138842498967,0.1622138842498969,0.1622138842498967,0.1622138842498967,0.1622138842498967,0.1622138842498969,0.16070106735253914,0.1607010673525387,0.16070106735253845,0.1607010673525387,0.16070106735253914,0.1607010673525387,0.16070106735253822,0.160701067352538,0.16070106735253822,0.1607010673525387,0.16070106735253845,0.160701067352538,0.1607010673525378,0.160701067352538,0.16070106735253845,0.1607010673525387,0.16070106735253822,0.160701067352538,0.16070106735253822,0.1607010673525387,0.16070106735253914,0.1607010673525387,0.16070106735253845,0.1607010673525387,0.16070106735253914,0.1592184517190882,0.15921845171908708,0.15921845171908622,0.15921845171908708,0.1592184517190882,0.15921845171908708,0.1592184517190858,0.1592184517190849,0.1592184517190858,0.15921845171908708,0.15921845171908622,0.1592184517190849,0.15921845171908428,0.1592184517190849,0.15921845171908622,0.15921845171908708,0.1592184517190858,0.1592184517190849,0.1592184517190858,0.15921845171908708,0.1592184517190882,0.15921845171908708,0.15921845171908622,0.15921845171908708,0.1592184517190882,0.15776544649431273,0.15776544649430913,0.15776544649430677,0.15776544649430913,0.15776544649431273,0.15776544649430913,0.1577654464943053,0.15776544649430274,0.1577654464943053,0.15776544649430913,0.15776544649430677,0.15776544649430274,0.15776544649430016,0.15776544649430274,0.15776544649430677,0.15776544649430913,0.1577654464943053,0.15776544649430274,0.1577654464943053,0.15776544649430913,0.15776544649431273,0.15776544649430913,0.15776544649430677,0.15776544649430913,0.15776544649431273,0.15634146280709638,0.1563414628070853,0.15634146280707817,0.1563414628070853,0.15634146280709638,0.1563414628070853,0.15634146280707314,0.15634146280706543,0.15634146280707314,0.1563414628070853,0.15634146280707817,0.15634146280706543,0.15634146280705705,0.15634146280706543,0.15634146280707817,0.1563414628070853,0.15634146280707314,0.15634146280706543,0.15634146280707314,0.1563414628070853,0.15634146280709638,0.1563414628070853,0.15634146280707817,0.1563414628070853,0.15634146280709638,0.15494591485750542,0.15494591485747222,0.15494591485745074,0.15494591485747222,0.15494591485750542,0.15494591485747222,0.15494591485743434,0.1549459148574091,0.15494591485743434,0.15494591485747222,0.15494591485745074,0.1549459148574091,0.15494591485738124,0.1549459148574091,0.15494591485745074,0.15494591485747222,0.15494591485743434,0.1549459148574091,0.15494591485743434,0.15494591485747222,0.15494591485750542,0.15494591485747222,0.15494591485745074,0.15494591485747222,0.15494591485750542,0.15357822088631382,0.1535782208862162,0.15357822088615133,0.1535782208862162,0.15357822088631382,0.1535782208862162,0.15357822088609932,0.15357822088601836,0.15357822088609932,0.1535782208862162,0.15357822088615133,0.15357822088601836,0.15357822088592457,0.15357822088601836,0.15357822088615133,0.1535782208862162,0.15357822088609932,0.15357822088601836,0.15357822088609932,0.1535782208862162,0.15357822088631382,0.1535782208862162,0.15357822088615133,0.1535782208862162,0.15357822088631382,0.15223780403616258,0.15223780403588444,0.15223780403569173,0.15223780403588444,0.15223780403616258,0.15223780403588444,0.15223780403552856,0.15223780403526538,0.15223780403552856,0.15223780403588444,0.15223780403569173,0.15223780403526538,0.15223780403493412,0.15223780403526538,0.15223780403569173,0.15223780403588444,0.15223780403552856,0.15223780403526538,0.15223780403552856,0.15223780403588444,0.15223780403616258,0.15223780403588444,0.15223780403569173,0.15223780403588444,0.15223780403616258,0.15092409311302094,0.15092409311226335,0.1509240931117029,0.15092409311226335,0.15092409311302094,0.15092409311226335,0.15092409311120267,0.15092409311032665,0.15092409311120267,0.15092409311226335,0.1509240931117029,0.15092409311032665,0.15092409310906416,0.15092409311032665,0.1509240931117029,0.15092409311226335,0.15092409311120267,0.15092409311032665,0.15092409311120267,0.15092409311226335,0.15092409311302094,0.15092409311226335,0.1509240931117029,0.15092409311226335,0.15092409311302094,0.1496365232561564,0.14963652325423685,0.1496365232526731,0.14963652325423685,0.1496365232561564,0.14963652325423685,0.14963652325120375,0.1496365232482389,0.14963652325120375,0.14963652325423685,0.1496365232526731,0.1496365232482389,0.14963652324290827,0.1496365232482389,0.1496365232526731,0.14963652325423685,0.14963652325120375,0.1496365232482389,0.14963652325120375,0.14963652325423685,0.1496365232561564,0.14963652325423685,0.1496365232526731,0.14963652325423685,0.1496365232561564,0.14837453652436738,0.1483745365200655,0.14837453651606403,0.1483745365200655,0.14837453652436738,0.1483745365200655,0.14837453651212318,0.1483745365022366,0.14837453651212318,0.1483745365200655,0.14837453651606403,0.1483745365022366,0.1483745364768084,0.1483745365022366,0.14837453651606403,0.1483745365200655,0.14837453651212318,0.1483745365022366,0.14837453651212318,0.1483745365200655,0.14837453652436738,0.1483745365200655,0.14837453651606403,0.1483745365200655,0.14837453652436738,0.14713758240545247,0.1471375823977353,0.14713758238937855,0.1471375823977353,0.14713758240545247,0.1471375823977353,0.1471375823808801,0.1471375823519739,0.1471375823808801,0.1471375823977353,0.14713758238937855,0.1471375823519739,0.14713758221446768,0.1471375823519739,0.14713758238937855,0.1471375823977353,0.1471375823808801,0.1471375823519739,0.1471375823808801,0.1471375823977353,0.14713758240545247,0.1471375823977353,0.14713758238937855,0.1471375823977353,0.14713758240545247,0.14592511825368326,0.14592511824462942,0.14592511823515608,0.14592511824462942,0.14592511825368326,0.14592511824462942,0.1459251182255593,0.1459251181952583,0.1459251182255593,0.14592511824462942,0.14592511823515608,0.1459251181952583,0.1459251180682612,0.1459251181952583,0.14592511823515608,0.14592511824462942,0.1459251182255593,0.1459251181952583,0.1459251182255593,0.14592511824462942,0.14592511825368326,0.14592511824462942,0.14592511823515608,0.14592511824462942,0.14592511825368326,0.1447366096568496,0.14473660964786253,0.14473660963876236,0.14473660964786253,0.1447366096568496,0.14473660964786253,0.14473660962960777,0.1447366096020303,0.14473660962960777,0.14473660964786253,0.14473660963876236,0.1447366096020303,0.14473660949228556,0.1447366096020303,0.14473660963876236,0.14473660964786253,0.14473660962960777,0.1447366096020303,0.14473660962960777,0.14473660964786253,0.1447366096568496,0.14473660964786253,0.14473660963876236,0.14473660964786253,0.1447366096568496,0.14357153075236814,0.14357153074384962,0.14357153073529055,0.14357153074384962,0.14357153075236814,0.14357153074384962,0.1435715307266947,0.14357153070105583,0.1435715307266947,0.14357153074384962,0.14357153073529055,0.14357153070105583,0.14357153059984065,0.14357153070105583,0.14357153073529055,0.14357153074384962,0.1435715307266947,0.14357153070105583,0.1435715307266947,0.14357153074384962,0.14357153075236814,0.14357153074384962,0.14357153073529055,0.14357153074384962,0.14357153075236814,0.1424293644906914,0.14242936448280621,0.14242936447470717,0.14242936448280621,0.1424293644906914,0.14242936448280621,0.14242936446651713,0.14242936444150817,0.14242936446651713,0.14242936448280621,0.14242936447470717,0.14242936444150817,0.14242936434048423,0.14242936444150817,0.14242936447470717,0.14242936448280621,0.14242936446651713,0.14242936444150817,0.14242936446651713,0.14242936448280621,0.1424293644906914,0.14242936448280621,0.14242936447470717,0.14242936448280621,0.1424293644906914,0.1413096028486665,0.14130960284217373,0.14130960283504973,0.14130960284217373,0.1413096028486665,0.14130960284217373,0.141309602827719,0.14130960280369417,0.141309602827719,0.14130960284217373,0.14130960283504973,0.14130960280369417,0.14130960269996032,0.14130960280369417,0.14130960283504973,0.14130960284217373,0.141309602827719,0.14130960280369417,0.141309602827719,0.14130960284217373,0.1413096028486665,0.14130960284217373,0.14130960283504973,0.14130960284217373,0.1413096028486665,0.14021174699721226,0.14021174699429467,0.14021174699024128,0.14021174699429467,0.14021174699721226,0.14021174699429467,0.14021174698587568,0.14021174696818622,0.14021174698587568,0.14021174699429467,0.14021174699024128,0.14021174696818622,0.14021174687553903,0.14021174696818622,0.14021174699024128,0.14021174699429467,0.14021174698587568,0.14021174696818622,0.14021174698587568,0.14021174699429467,0.14021174699721226,0.14021174699429467,0.14021174699024128,0.14021174699429467,0.14021174699721226,0.1391353074274875,0.13913530743202943,0.13913530743561953,0.13913530743202943,0.1391353074274875,0.13913530743202943,0.13913530743899538,0.1391353074449056,0.13913530743899538,0.13913530743202943,0.13913530743561953,0.1391353074449056,0.13913530745159436,0.1391353074449056,0.13913530743561953,0.13913530743202943,0.13913530743899538,0.1391353074449056,0.13913530743899538,0.13913530743202943,0.1391353074274875,0.13913530743202943,0.13913530743561953,0.13913530743202943,0.1391353074274875,0.13807980404053097,0.13807980405579665,0.13807980407116138,0.13807980405579665,0.13807980404053097,0.13807980405579665,0.13807980408673096,0.13807980412924023,0.13807980408673096,0.13807980405579665,0.13807980407116138,0.13807980412924023,0.13807980424920954,0.13807980412924023,0.13807980407116138,0.13807980405579665,0.13807980408673096,0.13807980412924023,0.13807980408673096,0.13807980405579665,0.13807980404053097,0.13807980405579665,0.13807980407116138,0.13807980405579665,0.13807980404053097,0.13704476620928582,0.1370447662348968,0.13704476626599277,0.1370447662348968,0.13704476620928582,0.1370447662348968,0.137044766298249,0.1370447664255948,0.137044766298249,0.1370447662348968,0.13704476626599277,0.1370447664255948,0.13704476713175895,0.1370447664255948,0.13704476626599277,0.1370447662348968,0.137044766298249,0.1370447664255948,0.137044766298249,0.1370447662348968,0.13704476620928582,0.1370447662348968,0.13704476626599277,0.1370447662348968,0.13704476620928582,0.13602973281779102,0.1360297328357112,0.1360297328532622,0.13602973283571104,0.13602973281779102,0.1360297328357112,0.13602973287087364,0.1360297329179101,0.13602973287087364,0.13602973283571104,0.1360297328532622,0.1360297329179101,0.1360297330484515,0.1360297329179101,0.1360297328532622,0.13602973283571104,0.13602973287087364,0.1360297329179101,0.13602973287087364,0.13602973283571104,0.13602973281779102,0.13602973283571104,0.1360297328532622,0.13602973283571104,0.13602973281779102,0.13503425230329286,0.135034252314524,0.1350342523237976,0.135034252314524,0.13503425230329286,0.135034252314524,0.13503425233260002,0.13503425235052247,0.13503425233260002,0.13503425231452415,0.1350342523237976,0.13503425235052247,0.13503425238311387,0.13503425235052247,0.1350342523237976,0.135034252314524,0.13503425233260002,0.13503425235052247,0.13503425233260002,0.135034252314524,0.13503425230329286,0.13503425231452415,0.1350342523237976,0.135034252314524,0.13503425230329286
0.1653324877550971,0.1653324877550971,0.1653324877550971,0.1653324877550971,0.1653324877550971,0.1653324877550971,0.1653324877550971,0.1653324877550971,0.1653324877550971,0.1653324877550971,0.1653324877550971,0.1653324877550971,0.16533248775509685,0.1653324877550971,0.1653324877550971,0.1653324877550971,0.1653324877550971,0.1653324877550971,0.1653324877550971,0.1653324877550971,0.1653324877550971,0.1653324877550971,0.1653324877550971,0.1653324877550971,0.1653324877550971,0.1637574940369082,0.1637574940369082,0.1637574940369082,0.1637574940369082,0.1637574940369082,0.1637574940369082,0.1637574940369082,0.1637574940369082,0.1637574940369082,0.1637574940369082,0.1637574940369082,0.1637574940369082,0.16375749403690798,0.1637574940369082,0.1637574940369082,0.1637574940369082,0.1637574940369082,0.1637574940369082,0.1637574940369082,0.1637574940369082,0.1637574940369082,0.1637574940369082,0.1637574940369082,0.1637574940369082,0.1637574940369082,0.16221388425060754,0.16221388425060734,0.16221388425060734,0.16221388425060734,0.16221388425060754,0.16221388425060734,0.16221388425060734,0.1622138842506071,0.16221388425060734,0.16221388425060734,0.16221388425060734,0.1622138842506071,0.1622138842506071,0.1622138842506071,0.16221388425060734,0.16221388425060734,0.16221388425060734,0.1622138842506071,0.16221388425060734,0.16221388425060734,0.16221388425060754,0.16221388425060734,0.16221388425060734,0.16221388425060734,0.16221388425060754,0.16070106735323536,0.16070106735323514,0.16070106735323492,0.16070106735323514,0.16070106735323536,0.16070106735323514,0.1607010673532347,0.16070106735323447,0.1607010673532347,0.16070106735323514,0.16070106735323492,0.16070106735323447,0.16070106735323422,0.16070106735323447,0.16070106735323492,0.16070106735323514,0.1607010673532347,0.16070106735323447,0.1607010673532347,0.16070106735323514,0.16070106735323536,0.16070106735323514,0.16070106735323492,0.16070106735323514,0.16070106735323536,0.15921845171977048,0.15921845171976942,0.15921845171976856,0.15921845171976942,0.15921845171977048,0.15921845171976942,0.15921845171976812,0.15921845171976745,0.15921845171976812,0.15921845171976942,0.15921845171976856,0.15921845171976745,0.1592184517197666,0.15921845171976745,0.15921845171976856,0.15921845171976942,0.15921845171976812,0.15921845171976745,0.15921845171976812,0.15921845171976942,0.15921845171977048,0.15921845171976942,0.15921845171976856,0.15921845171976942,0.15921845171977048,0.15776544649498125,0.1577654464949776,0.15776544649497548,0.1577654464949776,0.15776544649498125,0.1577654464949776,0.1577654464949738,0.15776544649497143,0.1577654464949738,0.1577654464949776,0.15776544649497548,0.15776544649497143,0.15776544649496885,0.15776544649497143,0.15776544649497548,0.1577654464949776,0.1577654464949738,0.15776544649497143,0.1577654464949738,0.1577654464949776,0.15776544649498125,0.1577654464949776,0.15776544649497548,0.1577654464949776,0.15776544649498125,0.1563414628077515,0.15634146280774044,0.15634146280773328,0.15634146280774044,0.1563414628077515,0.15634146280774044,0.1563414628077283,0.15634146280772054,0.1563414628077283,0.15634146280774044,0.15634146280773328,0.15634146280772054,0.15634146280771197,0.15634146280772054,0.15634146280773328,0.15634146280774044,0.1563414628077283,0.15634146280772054,0.1563414628077283,0.15634146280774044,0.1563414628077515,0.15634146280774044,0.15634146280773328,0.15634146280774044,0.1563414628077515,0.15494591485814707,0.15494591485811388,0.15494591485809237,0.15494591485811388,0.15494591485814707,0.15494591485811388,0.15494591485807618,0.15494591485805095,0.15494591485807618,0.15494591485811388,0.15494591485809237,0.15494591485805095,0.1549459148580231,0.15494591485805095,0.15494591485809237,0.15494591485811388,0.15494591485807618,0.15494591485805095,0.15494591485807618,0.15494591485811388,0.15494591485814707,0.15494591485811388,0.15494591485809237,0.15494591485811388,0.15494591485814707,0.15357822088694226,0.15357822088684484,0.15357822088678016,0.15357822088684484,0.15357822088694226,0.15357822088684484,0.15357822088672815,0.1535782208866474,0.15357822088672815,0.15357822088684484,0.15357822088678016,0.1535782208866474,0.15357822088655382,0.1535782208866474,0.15357822088678016,0.15357822088684484,0.15357822088672815,0.1535782208866474,0.15357822088672815,0.15357822088684484,0.15357822088694226,0.15357822088684484,0.15357822088678016,0.15357822088684484,0.15357822088694226,0.1522378040367777,0.15223780403650017,0.15223780403630785,0.15223780403650017,0.1522378040367777,0.15223780403650017,0.1522378040361449,0.15223780403588208,0.1522378040361449,0.15223780403650017,0.15223780403630785,0.15223780403588208,0.15223780403555137,0.15223780403588208,0.15223780403630785,0.15223780403650017,0.1522378040361449,0.15223780403588208,0.1522378040361449,0.15223780403650017,0.1522378040367777,0.15223780403650017,0.15223780403630785,0.15223780403650017,0.1522378040367777,0.15092409311362187,0.15092409311286564,0.15092409311230637,0.15092409311286564,0.15092409311362187,0.15092409311286564,0.15092409311180688,0.15092409311093258,0.15092409311180688,0.15092409311286564,0.15092409311230637,0.15092409311093258,0.15092409310967222,0.15092409311093258,0.15092409311230637,0.15092409311286564,0.15092409311180688,0.15092409311093258,0.15092409311180688,0.15092409311286564,0.15092409311362187,0.15092409311286564,0.15092409311230637,0.15092409311286564,0.15092409311362187,0.14963652325674048,0.14963652325482452,0.14963652325326382,0.14963652325482452,0.14963652325674048,0.14963652325482452,0.1496365232517969,0.14963652324883736,0.1496365232517969,0.14963652325482452,0.14963652325326382,0.14963652324883736,0.14963652324351615,0.14963652324883736,0.14963652325326382,0.14963652325482452,0.1496365232517969,0.14963652324883736,0.1496365232517969,0.14963652325482452,0.14963652325674048,0.14963652325482452,0.14963652325326382,0.14963652325482452,0.14963652325674048,0.14837453652492763,0.14837453652063373,0.14837453651663968,0.14837453652063373,0.14837453652492763,0.14837453652063373,0.14837453651270585,0.14837453650283705,0.14837453651270585,0.14837453652063373,0.14837453651663968,0.14837453650283705,0.14837453647745352,0.14837453650283705,0.14837453651663968,0.14837453652063373,0.14837453651270585,0.14837453650283705,0.14837453651270585,0.14837453652063373,0.14837453652492763,0.14837453652063373,0.14837453651663968,0.14837453652063373,0.14837453652492763,0.1471375824059722,0.14713758239826993,0.1471375823899288,0.14713758239826993,0.1471375824059722,0.14713758239826993,0.1471375823814463,0.14713758235259208,0.1471375823814463,0.14713758239826993,0.1471375823899288,0.14713758235259208,0.14713758221533382,0.14713758235259208,0.1471375823899288,0.14713758239826993,0.1471375823814463,0.14713758235259208,0.1471375823814463,0.14713758239826993,0.1471375824059722,0.14713758239826993,0.1471375823899288,0.14713758239826993,0.1471375824059722,0.14592511825413146,0.14592511824509702,0.14592511823564344,0.14592511824509702,0.14592511825413146,0.14592511824509702,0.1459251182260664,0.1459251181958251,0.1459251182260664,0.14592511824509702,0.14592511823564344,0.1459251181958251,0.14592511806907316,0.1459251181958251,0.14592511823564344,0.14592511824509702,0.1459251182260664,0.1459251181958251,0.1459251182260664,0.14592511824509702,0.14592511825413146,0.14592511824509702,0.14592511823564344,0.14592511824509702,0.14592511825413146,0.14473660965718507,0.14473660964822174,0.144736609639145,0.14473660964822174,0.14473660965718507,0.14473660964822174,0.1447366096300136,0.14473660960250453,0.1447366096300136,0.14473660964822174,0.144736609639145,0.14473660960250453,0.14473660949300296,0.14473660960250453,0.144736609639145,0.14473660964822174,0.1447366096300136,0.14473660960250453,0.1447366096300136,0.14473660964822174,0.14473660965718507,0.14473660964822174,0.144736609639145,0.14473660964822174,0.14473660965718507,0.14357153075254062,0.14357153074405102,0.14357153073552054,0.14357153074405102,0.14357153075254062,0.14357153074405102,0.14357153072695358,0.14357153070140027,0.14357153072695358,0.14357153074405102,0.14357153073552054,0.14357153070140027,0.14357153060051808,0.14357153070140027,0.14357153073552054,0.14357153074405102,0.14357153072695358,0.14357153070140027,0.14357153072695358,0.14357153074405102,0.14357153075254062,0.14357153074405102,0.14357153073552054,0.14357153074405102,0.14357153075254062,0.14242936449063956,0.1424293644827881,0.14242936447472412,0.1424293644827881,0.14242936449063956,0.1424293644827881,0.14242936446656967,0.14242936444167023,0.14242936446656967,0.1424293644827881,0.14242936447472412,0.14242936444167023,0.14242936434111733,0.14242936444167023,0.14242936447472412,0.1424293644827881,0.14242936446656967,0.14242936444167023,0.14242936446656967,0.1424293644827881,0.14242936449063956,0.1424293644827881,0.14242936447472412,0.1424293644827881,0.14242936449063956,0.14130960284831737,0.14130960284185928,0.1413096028347736,0.14130960284185928,0.14130960284831737,0.14130960284185928,0.14130960282748234,0.14130960280358792,0.14130960282748234,0.14130960284185928,0.1413096028347736,0.14130960280358792,0.14130960270041376,0.14130960280358792,0.1413096028347736,0.14130960284185928,0.14130960282748234,0.14130960280358792,0.14130960282748234,0.14130960284185928,0.14130960284831737,0.14130960284185928,0.1413096028347736,0.14130960284185928,0.14130960284831737,0.14021174699649014,0.14021174699359612,0.1402117469895719,0.14021174699359612,0.14021174699649014,0.14021174699359612,0.14021174698523695,0.14021174696766442,0.14021174698523695,0.14021174699359612,0.1402117469895719,0.14021174696766442,0.14021174687563515,0.14021174696766442,0.1402117469895719,0.14021174699359612,0.14021174698523695,0.14021174696766442,0.14021174698523695,0.14021174699359612,0.14021174699649014,0.14021174699359612,0.1402117469895719,0.14021174699359612,0.14021174699649014,0.139135307426339,0.13913530743087363,0.1391353074344593,0.13913530743087363,0.139135307426339,0.13913530743087363,0.13913530743783167,0.13913530744374142,0.13913530743783167,0.13913530743087363,0.1391353074344593,0.13913530744374142,0.1391353074504588,0.13913530744374142,0.1391353074344593,0.13913530743087363,0.13913530743783167,0.13913530744374142,0.13913530743783167,0.13913530743087363,0.139135307426339,0.13913530743087363,0.1391353074344593,0.13913530743087363,0.139135307426339,0.13807980403896455,0.13807980405418266,0.13807980406949888,0.13807980405418266,0.13807980403896455,0.13807980405418266,0.138079804085019,0.13807980412739088,0.138079804085019,0.13807980405418266,0.13807980406949888,0.13807980412739088,0.13807980424696717,0.13807980412739088,0.13807980406949888,0.13807980405418266,0.138079804085019,0.13807980412739088,0.138079804085019,0.13807980405418266,0.13807980403896455,0.13807980405418266,0.13807980406949888,0.13807980405418266,0.13807980403896455,0.13704476620739414,0.13704476623292045,0.13704476626391274,0.13704476623292045,0.13704476620739414,0.13704476623292045,0.13704476629606144,0.13704476642298066,0.13704476629606144,0.13704476623292045,0.13704476626391274,0.13704476642298066,0.137044767126788,0.13704476642298066,0.13704476626391274,0.13704476623292045,0.13704476629606144,0.13704476642298066,0.13704476629606144,0.13704476623292045,0.13704476620739414,0.13704476623292045,0.13704476626391274,0.13704476623292045,0.13704476620739414,0.1360297328157435,0.1360297328336039,0.1360297328510963,0.1360297328336039,0.1360297328157435,0.1360297328336039,0.1360297328686488,0.13602973291552753,0.1360297328686488,0.1360297328336039,0.1360297328510963,0.13602973291552753,0.1360297330456304,0.13602973291552753,0.1360297328510963,0.1360297328336039,0.1360297328686488,0.13602973291552753,0.1360297328686488,0.1360297328336039,0.1360297328157435,0.1360297328336039,0.1360297328510963,0.1360297328336039,0.1360297328157435,0.13503425230120952,0.13503425231240324,0.1350342523216457,0.13503425231240324,0.13503425230120952,0.13503425231240324,0.1350342523304187,0.13503425234828106,0.1350342523304187,0.13503425231240324,0.1350342523216457,0.13503425234828106,0.13503425238076305,0.13503425234828106,0.1350342523216457,0.13503425231240324,0.1350342523304187,0.13503425234828106,0.1350342523304187,0.13503425231240324,0.13503425230120952,0.13503425231240324,0.1350342523216457,0.13503425231240324,0.13503425230120952
0.1653324877558336,0.1653324877558336,0.1653324877558336,0.1653324877558336,0.1653324877558336,0.1653324877558336,0.1653324877558336,0.1653324877558336,0.1653324877558336,0.1653324877558336,0.1653324877558336,0.1653324877558336,0.1653324877558336,0.1653324877558336,0.1653324877558336,0.1653324877558336,0.1653324877558336,0.1653324877558336,0.1653324877558336,0.1653324877558336,0.1653324877558336,0.1653324877558336,0.1653324877558336,0.1653324877558336,0.1653324877558336,0.1637574940376303,0.16375749403763007,0.16375749403763007,0.16375749403763007,0.1637574940376303,0.16375749403763007,0.16375749403763007,0.16375749403763007,0.16375749403763007,0.16375749403763007,0.16375749403763007,0.16375749403763007,0.16375749403763007,0.16375749403763007,0.16375749403763007,0.16375749403763007,0.16375749403763007,0.16375749403763007,0.16375749403763007,0.16375749403763007,0.1637574940376303,0.16375749403763007,0.16375749403763007,0.16375749403763007,0.1637574940376303,0.162213884251315,0.162213884251315,0.16221388425131478,0.162213884251315,0.162213884251315,0.162213884251315,0.16221388425131478,0.16221388425131478,0.16221388425131478,0.162213884251315,0.16221388425131478,0.16221388425131478,0.16221388425131456,0.16221388425131478,0.16221388425131478,0.162213884251315,0.16221388425131478,0.16221388425131478,0.16221388425131478,0.162213884251315,0.162213884251315,0.162213884251315,0.16221388425131478,0.162213884251315,0.162213884251315,0.1607010673539287,0.16070106735392847,0.16070106735392825,0.16070106735392847,0.1607010673539287,0.16070106735392847,0.160701067353928,0.16070106735392783,0.160701067353928,0.16070106735392847,0.16070106735392825,0.16070106735392783,0.16070106735392758,0.16070106735392783,0.16070106735392825,0.16070106735392847,0.160701067353928,0.16070106735392783,0.160701067353928,0.16070106735392847,0.1607010673539287,0.16070106735392847,0.16070106735392825,0.16070106735392847,0.1607010673539287,0.15921845172045,0.15921845172044868,0.15921845172044805,0.15921845172044868,0.15921845172045,0.15921845172044868,0.1592184517204476,0.15921845172044674,0.1592184517204476,0.15921845172044868,0.15921845172044805,0.15921845172044674,0.15921845172044585,0.15921845172044674,0.15921845172044805,0.15921845172044868,0.1592184517204476,0.15921845172044674,0.1592184517204476,0.15921845172044868,0.15921845172045,0.15921845172044868,0.15921845172044805,0.15921845172044868,0.15921845172045,0.15776544649564697,0.1577654464956433,0.1577654464956412,0.1577654464956433,0.15776544649564697,0.1577654464956433,0.15776544649563948,0.15776544649563715,0.15776544649563948,0.1577654464956433,0.1577654464956412,0.15776544649563715,0.15776544649563456,0.15776544649563715,0.1577654464956412,0.1577654464956433,0.15776544649563948,0.15776544649563715,0.15776544649563948,0.1577654464956433,0.15776544649564697,0.1577654464956433,0.1577654464956412,0.1577654464956433,0.15776544649564697,0.15634146280840372,0.15634146280839262,0.1563414628083855,0.15634146280839262,0.15634146280840372,0.15634146280839262,0.1563414628083805,0.15634146280837277,0.1563414628083805,0.15634146280839262,0.1563414628083855,0.15634146280837277,0.1563414628083644,0.15634146280837277,0.1563414628083855,0.15634146280839262,0.1563414628083805,0.15634146280837277,0.1563414628083805,0.15634146280839262,0.15634146280840372,0.15634146280839262,0.1563414628083855,0.15634146280839262,0.15634146280840372,0.15494591485878606,0.15494591485875284,0.15494591485873155,0.15494591485875284,0.15494591485878606,0.15494591485875284,0.15494591485871534,0.15494591485869014,0.15494591485871534,0.15494591485875284,0.15494591485873155,0.15494591485869014,0.15494591485866227,0.15494591485869014,0.15494591485873155,0.15494591485875284,0.15494591485871534,0.15494591485869014,0.15494591485871514,0.15494591485875284,0.15494591485878606,0.15494591485875284,0.15494591485873155,0.15494591485875284,0.15494591485878606,0.15357822088756806,0.15357822088747086,0.1535782208874062,0.15357822088747086,0.15357822088756806,0.15357822088747086,0.15357822088735437,0.15357822088727363,0.15357822088735437,0.15357822088747086,0.1535782208874062,0.15357822088727363,0.15357822088718023,0.15357822088727363,0.1535782208874062,0.15357822088747086,0.15357822088735437,0.15357822088727363,0.15357822088735437,0.15357822088747086,0.15357822088756806,0.15357822088747086,0.1535782208874062,0.15357822088747086,0.15357822088756806,0.1522378040373903,0.15223780403711312,0.15223780403692103,0.15223780403711312,0.1522378040373903,0.15223780403711312,0.15223780403675843,0.15223780403649623,0.15223780403675843,0.15223780403711312,0.15223780403692103,0.15223780403649623,0.15223780403616613,0.15223780403649623,0.15223780403692103,0.15223780403711312,0.15223780403675843,0.15223780403649623,0.15223780403675843,0.15223780403711312,0.1522378040373903,0.15223780403711312,0.15223780403692103,0.15223780403711312,0.1522378040373903,0.15092409311422034,0.15092409311346544,0.15092409311290714,0.15092409311346544,0.15092409311422034,0.15092409311346544,0.15092409311240862,0.15092409311153585,0.15092409311240862,0.15092409311346544,0.15092409311290714,0.15092409311153585,0.1509240931102776,0.15092409311153585,0.15092409311290714,0.15092409311346544,0.15092409311240862,0.15092409311153585,0.15092409311240862,0.15092409311346544,0.15092409311422034,0.15092409311346544,0.15092409311290714,0.15092409311346544,0.15092409311422034,0.1496365232573221,0.14963652325540971,0.14963652325385168,0.14963652325540971,0.1496365232573221,0.14963652325540971,0.14963652325238758,0.14963652324943333,0.14963652325238758,0.14963652325540971,0.14963652325385168,0.14963652324943333,0.1496365232441216,0.14963652324943333,0.14963652325385168,0.14963652325540971,0.14963652325238758,0.14963652324943333,0.14963652325238758,0.14963652325540971,0.1496365232573221,0.14963652325540971,0.14963652325385168,0.14963652325540971,0.1496365232573221,0.1483745365254855,0.14837453652119953,0.1483745365172129,0.14837453652119953,0.1483745365254855,0.14837453652119953,0.14837453651328614,0.1483745365034351,0.14837453651328614,0.14837453652119953,0.1483745365172129,0.1483745365034351,0.14837453647809606,0.1483745365034351,0.1483745365172129,0.14837453652119953,0.14837453651328614,0.1483745365034351,0.14837453651328614,0.14837453652119953,0.1483745365254855,0.14837453652119953,0.1483745365172129,0.14837453652119953,0.1483745365254855,0.14713758240648955,0.1471375823988022,0.14713758239047667,0.1471375823988022,0.14713758240648955,0.1471375823988022,0.1471375823820098,0.14713758235320754,0.1471375823820098,0.1471375823988022,0.14713758239047667,0.14713758235320754,0.14713758221616363,0.14713758235320754,0.14713758239047667,0.1471375823988022,0.1471375823820098,0.14713758235320754,0.1471375823820098,0.1471375823988022,0.14713758240648955,0.1471375823988022,0.14713758239047667,0.1471375823988022,0.14713758240648955,0.14592511825457732,0.14592511824556248,0.14592511823612847,0.14592511824556248,0.14592511825457732,0.14592511824556248,0.14592511822657123,0.14592511819638954,0.14592511822657123,0.14592511824556248,0.14592511823612847,0.14592511819638954,0.1459251180698659,0.14592511819638954,0.14592511823612847,0.14592511824556248,0.14592511822657123,0.14592511819638954,0.14592511822657123,0.14592511824556248,0.14592511825457732,0.14592511824556248,0.14592511823612847,0.14592511824556248,0.14592511825457732,0.14473660965751864,0.1447366096485789,0.1447366096395255,0.1447366096485789,0.14473660965751864,0.1447366096485789,0.14473660963041748,0.14473660960297652,0.14473660963041748,0.1447366096485789,0.1447366096395255,0.14473660960297652,0.14473660949373782,0.14473660960297652,0.1447366096395255,0.1447366096485789,0.14473660963041748,0.14473660960297652,0.14473660963041748,0.1447366096485789,0.14473660965751864,0.1447366096485789,0.1447366096395255,0.1447366096485789,0.14473660965751864,0.14357153075271192,0.14357153074425089,0.14357153073574916,0.14357153074425089,0.14357153075271192,0.14357153074425089,0.14357153072721077,0.14357153070174267,0.14357153072721077,0.14357153074425089,0.14357153073574916,0.14357153070174267,0.14357153060120031,0.14357153070174267,0.14357153073574916,0.14357153074425089,0.14357153072721077,0.14357153070174267,0.14357153072721077,0.14357153074425089,0.14357153075271192,0.14357153074425089,0.14357153073574916,0.14357153074425089,0.14357153075271192,0.14242936449058724,0.14242936448276947,0.1424293644747402,0.14242936448276947,0.14242936449058724,0.14242936448276947,0.14242936446662116,0.14242936444183044,0.14242936446662116,0.14242936448276947,0.1424293644747402,0.14242936444183044,0.14242936434171086,0.14242936444183044,0.1424293644747402,0.14242936448276947,0.14242936446662116,0.14242936444183044,0.14242936446662116,0.14242936448276947,0.14242936449058724,0.14242936448276947,0.1424293644747402,0.14242936448276947,0.14242936449058724,0.14130960284796917,0.14130960284154548,0.1413096028344978,0.14130960284154548,0.14130960284796917,0.14130960284154548,0.14130960282724547,0.14130960280348054,0.14130960282724547,0.14130960284154548,0.1413096028344978,0.14130960280348054,0.1413096027008774,0.14130960280348054,0.1413096028344978,0.14130960284154548,0.14130960282724547,0.14130960280348054,0.14130960282724547,0.14130960284154548,0.14130960284796917,0.14130960284154548,0.1413096028344978,0.14130960284154548,0.14130960284796917,0.1402117469957708,0.14021174699289984,0.14021174698890465,0.14021174699289984,0.1402117469957708,0.14021174699289984,0.14021174698459998,0.14021174696714309,0.14021174698459998,0.14021174699289984,0.14021174698890465,0.14021174696714309,0.14021174687570076,0.14021174696714309,0.14021174698890465,0.14021174699289984,0.14021174698459998,0.14021174696714309,0.14021174698459998,0.14021174699289984,0.1402117469957708,0.14021174699289984,0.14021174698890465,0.14021174699289984,0.1402117469957708,0.13913530742519553,0.1391353074297229,0.1391353074333043,0.1391353074297229,0.13913530742519553,0.1391353074297229,0.1391353074366727,0.13913530744258215,0.1391353074366727,0.1391353074297229,0.1391353074333043,0.13913530744258215,0.1391353074493272,0.13913530744258215,0.1391353074333043,0.1391353074297229,0.1391353074366727,0.13913530744258215,0.1391353074366727,0.1391353074297229,0.13913530742519553,0.1391353074297229,0.1391353074333043,0.1391353074297229,0.13913530742519553,0.1380798040374059,0.13807980405257642,0.1380798040678443,0.13807980405257642,0.1380798040374059,0.13807980405257642,0.13807980408331524,0.13807980412555085,0.13807980408331524,0.13807980405257642,0.1380798040678443,0.13807980412555085,0.13807980424473612,0.13807980412555085,0.1380798040678443,0.13807980405257642,0.13807980408331524,0.13807980412555085,0.13807980408331524,0.13807980405257642,0.1380798040374059,0.13807980405257642,0.1380798040678443,0.13807980405257642,0.1380798040374059,0.13704476620551187,0.1370447662309541,0.13704476626184361,0.1370447662309541,0.13704476620551187,0.1370447662309541,0.13704476629388526,0.13704476642038044,0.13704476629388526,0.1370447662309541,0.13704476626184361,0.13704476642038044,0.137044767121811,0.13704476642038044,0.13704476626184361,0.1370447662309541,0.13704476629388526,0.13704476642038044,0.13704476629388526,0.1370447662309541,0.13704476620551187,0.1370447662309541,0.13704476626184361,0.1370447662309541,0.13704476620551187,0.1360297328137064,0.13602973283150746,0.1360297328489417,0.13602973283150746,0.1360297328137064,0.13602973283150746,0.13602973286643547,0.13602973291315765,0.13602973286643547,0.13602973283150746,0.1360297328489417,0.13602973291315765,0.13602973304282467,0.13602973291315765,0.1360297328489417,0.13602973283150746,0.13602973286643547,0.13602973291315765,0.13602973286643547,0.13602973283150746,0.1360297328137064,0.13602973283150746,0.1360297328489417,0.13602973283150746,0.1360297328137064,0.13503425229913704,0.13503425231029345,0.13503425231950505,0.13503425231029345,0.13503425229913704,0.13503425231029345,0.13503425232824867,0.13503425234605138,0.13503425232824867,0.13503425231029345,0.13503425231950505,0.13503425234605138,0.1350342523784247,0.13503425234605138,0.13503425231950505,0.13503425231029345,0.13503425232824867,0.13503425234605138,0.13503425232824867,0.13503425231029345,0.13503425229913704,0.13503425231029345,0.13503425231950505,0.13503425231029345,0.13503425229913704
0.16533248775656703,0.16533248775656703,0.16533248775656703,0.16533248775656703,0.16533248775656703,0.16533248775656703,0.16533248775656703,0.16533248775656703,0.16533248775656703,0.16533248775656703,0.16533248775656703,0.16533248775656703,0.16533248775656703,0.16533248775656703,0.16533248775656703,0.16533248775656703,0.16533248775656703,0.16533248775656703,0.16533248775656703,0.16533248775656703,0.16533248775656703,0.16533248775656703,0.16533248775656703,0.16533248775656703,0.16533248775656703,0.16375749403834894,0.16375749403834894,0.1637574940383487,0.16375749403834894,0.16375749403834894,0.16375749403834894,0.1637574940383487,0.1637574940383487,0.1637574940383487,0.16375749403834894,0.1637574940383487,0.1637574940383487,0.1637574940383487,0.1637574940383487,0.1637574940383487,0.16375749403834894,0.1637574940383487,0.1637574940383487,0.1637574940383487,0.16375749403834894,0.16375749403834894,0.16375749403834894,0.1637574940383487,0.16375749403834894,0.16375749403834894,0.16221388425201927,0.16221388425201927,0.16221388425201907,0.16221388425201927,0.16221388425201927,0.16221388425201927,0.16221388425201907,0.16221388425201907,0.16221388425201907,0.16221388425201927,0.16221388425201907,0.16221388425201907,0.16221388425201883,0.16221388425201907,0.16221388425201907,0.16221388425201927,0.16221388425201907,0.16221388425201907,0.16221388425201907,0.16221388425201927,0.16221388425201927,0.16221388425201927,0.16221388425201907,0.16221388425201927,0.16221388425201927,0.16070106735461892,0.16070106735461848,0.16070106735461828,0.16070106735461848,0.16070106735461892,0.16070106735461848,0.16070106735461806,0.1607010673546178,0.16070106735461806,0.16070106735461848,0.16070106735461828,0.1607010673546178,0.1607010673546176,0.1607010673546178,0.16070106735461828,0.16070106735461848,0.16070106735461806,0.1607010673546178,0.16070106735461806,0.16070106735461848,0.16070106735461892,0.16070106735461848,0.16070106735461828,0.16070106735461848,0.16070106735461892,0.15921845172112623,0.15921845172112492,0.15921845172112425,0.15921845172112492,0.15921845172112623,0.15921845172112492,0.1592184517211238,0.15921845172112295,0.1592184517211238,0.15921845172112492,0.15921845172112425,0.15921845172112295,0.1592184517211221,0.15921845172112295,0.15921845172112425,0.15921845172112492,0.1592184517211238,0.15921845172112295,0.1592184517211238,0.15921845172112492,0.15921845172112623,0.15921845172112492,0.15921845172112425,0.15921845172112492,0.15921845172112623,0.15776544649630966,0.15776544649630603,0.1577654464963037,0.15776544649630603,0.15776544649630966,0.15776544649630603,0.157765446496302,0.15776544649629964,0.157765446496302,0.15776544649630603,0.1577654464963037,0.15776544649629964,0.15776544649629706,0.15776544649629964,0.1577654464963037,0.15776544649630603,0.157765446496302,0.15776544649629964,0.157765446496302,0.15776544649630603,0.15776544649630966,0.15776544649630603,0.1577654464963037,0.15776544649630603,0.15776544649630966,0.15634146280905278,0.15634146280904168,0.15634146280903477,0.15634146280904168,0.15634146280905278,0.15634146280904168,0.15634146280902977,0.15634146280902184,0.15634146280902977,0.15634146280904168,0.15634146280903477,0.15634146280902184,0.15634146280901345,0.15634146280902184,0.15634146280903477,0.15634146280904168,0.15634146280902977,0.15634146280902184,0.15634146280902977,0.15634146280904168,0.15634146280905278,0.15634146280904168,0.15634146280903477,0.15634146280904168,0.15634146280905278,0.15494591485942194,0.15494591485938897,0.15494591485936746,0.15494591485938897,0.15494591485942194,0.15494591485938897,0.15494591485935125,0.15494591485932624,0.15494591485935125,0.15494591485938897,0.15494591485936746,0.15494591485932624,0.15494591485929837,0.15494591485932624,0.15494591485936746,0.15494591485938897,0.15494591485935125,0.15494591485932624,0.15494591485935125,0.15494591485938897,0.15494591485942194,0.15494591485938897,0.15494591485936746,0.15494591485938897,0.15494591485942194,0.15357822088819087,0.1535782208880939,0.15357822088802922,0.1535782208880939,0.15357822088819087,0.1535782208880939,0.1535782208879776,0.15357822088789705,0.1535782208879776,0.1535782208880939,0.15357822088802922,0.15357822088789705,0.15357822088780387,0.15357822088789705,0.15357822088802922,0.1535782208880939,0.1535782208879776,0.15357822088789705,0.1535782208879776,0.1535782208880939,0.15357822088819087,0.1535782208880939,0.15357822088802922,0.1535782208880939,0.15357822088819087,0.15223780403799989,0.15223780403772313,0.1522378040375316,0.15223780403772313,0.15223780403799989,0.15223780403772313,0.1522378040373692,0.1522378040371074,0.1522378040373692,0.15223780403772313,0.1522378040375316,0.1522378040371074,0.1522378040367779,0.1522378040371074,0.1522378040375316,0.15223780403772313,0.1522378040373692,0.1522378040371074,0.1522378040373692,0.15223780403772313,0.15223780403799989,0.15223780403772313,0.1522378040375316,0.15223780403772313,0.15223780403799989,0.15092409311481586,0.15092409311406232,0.150924093113505,0.15092409311406232,0.15092409311481586,0.15092409311406232,0.15092409311300742,0.1509240931121362,0.15092409311300742,0.15092409311406232,0.150924093113505,0.1509240931121362,0.15092409311088031,0.1509240931121362,0.150924093113505,0.15092409311406232,0.15092409311300742,0.1509240931121362,0.15092409311300742,0.15092409311406232,0.15092409311481586,0.15092409311406232,0.150924093113505,0.15092409311406232,0.15092409311481586,0.14963652325790108,0.1496365232559921,0.14963652325443688,0.1496365232559921,0.14963652325790108,0.1496365232559921,0.14963652325297547,0.14963652325002652,0.14963652325297547,0.1496365232559921,0.14963652325443688,0.14963652325002652,0.14963652324472404,0.14963652325002652,0.14963652325443688,0.1496365232559921,0.14963652325297547,0.14963652325002652,0.14963652325297547,0.1496365232559921,0.14963652325790108,0.1496365232559921,0.14963652325443688,0.1496365232559921,0.14963652325790108,0.14837453652604052,0.14837453652176258,0.14837453651778315,0.14837453652176258,0.14837453652604052,0.14837453652176258,0.14837453651386362,0.1483745365040302,0.14837453651386362,0.14837453652176258,0.14837453651778315,0.1483745365040302,0.14837453647873566,0.1483745365040302,0.14837453651778315,0.14837453652176258,0.14837453651386362,0.1483745365040302,0.14837453651386362,0.14837453652176258,0.14837453652604052,0.14837453652176258,0.14837453651778315,0.14837453652176258,0.14837453652604052,0.14713758240700436,0.14713758239933192,0.14713758239102198,0.14713758239933192,0.14713758240700436,0.14713758239933192,0.14713758238257077,0.14713758235382027,0.14713758238257077,0.14713758239933192,0.14713758239102198,0.14713758235382027,0.14713758221701198,0.14713758235382027,0.14713758239102198,0.14713758239933192,0.14713758238257077,0.14713758235382027,0.14713758238257077,0.14713758239933192,0.14713758240700436,0.14713758239933192,0.14713758239102198,0.14713758239933192,0.14713758240700436,0.14592511825502105,0.14592511824602544,0.14592511823661117,0.14592511824602544,0.14592511825502105,0.14592511824602544,0.14592511822707355,0.14592511819695114,0.14592511822707355,0.14592511824602544,0.14592511823661117,0.14592511819695114,0.14592511807068428,0.14592511819695114,0.14592511823661117,0.14592511824602544,0.14592511822707355,0.14592511819695114,0.14592511822707355,0.14592511824602544,0.14592511825502105,0.14592511824602544,0.14592511823661117,0.14592511824602544,0.14592511825502105,0.14473660965785026,0.1447366096489341,0.14473660963990378,0.1447366096489341,0.14473660965785026,0.1447366096489341,0.14473660963081897,0.1447366096034459,0.14473660963081897,0.1447366096489341,0.14473660963990378,0.1447366096034459,0.14473660949446432,0.1447366096034459,0.14473660963990378,0.1447366096489341,0.14473660963081897,0.1447366096034459,0.14473660963081897,0.1447366096489341,0.14473660965785026,0.1447366096489341,0.14473660963990378,0.1447366096489341,0.14473660965785026,0.14357153075288165,0.14357153074444906,0.14357153073597587,0.14357153074444906,0.14357153075288165,0.14357153074444906,0.14357153072746606,0.14357153070208267,0.14357153072746606,0.14357153074444906,0.14357153073597587,0.14357153070208267,0.14357153060188924,0.14357153070208267,0.14357153073597587,0.14357153074444906,0.14357153072746606,0.14357153070208267,0.14357153072746606,0.14357153074444906,0.14357153075288165,0.14357153074444906,0.14357153073597587,0.14357153074444906,0.14357153075288165,0.14242936449053423,0.14242936448274987,0.1424293644747553,0.14242936448274987,0.14242936449053423,0.14242936448274987,0.14242936446667134,0.14242936444198878,0.14242936446667134,0.14242936448274987,0.1424293644747553,0.14242936444198878,0.14242936434228404,0.14242936444198878,0.1424293644747553,0.14242936448274987,0.14242936446667134,0.14242936444198878,0.14242936446667134,0.14242936448274987,0.14242936449053423,0.14242936448274987,0.1424293644747553,0.14242936448274987,0.14242936449053423,0.1413096028476215,0.141309602841232,0.141309602834222,0.141309602841232,0.1413096028476215,0.141309602841232,0.1413096028270085,0.1413096028033718,0.1413096028270085,0.141309602841232,0.141309602834222,0.1413096028033718,0.14130960270134316,0.1413096028033718,0.141309602834222,0.141309602841232,0.1413096028270085,0.1413096028033718,0.1413096028270085,0.141309602841232,0.1413096028476215,0.141309602841232,0.141309602834222,0.141309602841232,0.1413096028476215,0.14021174699505387,0.14021174699220598,0.14021174698823932,0.14021174699220598,0.14021174699505387,0.14021174699220598,0.14021174698396469,0.1402117469666221,0.14021174698396469,0.14021174699220598,0.14021174698823932,0.1402117469666221,0.14021174687575155,0.1402117469666221,0.14021174698823932,0.14021174699220598,0.14021174698396469,0.1402117469666221,0.14021174698396469,0.14021174699220598,0.14021174699505387,0.14021174699220598,0.14021174698823932,0.14021174699220598,0.14021174699505387,0.1391353074240568,0.13913530742857705,0.13913530743215388,0.13913530742857705,0.1391353074240568,0.13913530742857705,0.13913530743551866,0.1391353074414273,0.13913530743551866,0.13913530742857705,0.13913530743215388,0.1391353074414273,0.1391353074481997,0.1391353074414273,0.13913530743215388,0.13913530742857705,0.13913530743551866,0.1391353074414273,0.13913530743551866,0.13913530742857705,0.1391353074240568,0.13913530742857705,0.13913530743215388,0.13913530742857705,0.1391353074240568,0.1380798040358546,0.13807980405097794,0.13807980406619774,0.13807980405097794,0.1380798040358546,0.13807980405097794,0.1380798040816197,0.13807980412371967,0.1380798040816197,0.13807980405097794,0.13807980406619774,0.13807980412371967,0.13807980424251654,0.13807980412371967,0.13807980406619774,0.13807980405097794,0.1380798040816197,0.13807980412371967,0.1380798040816197,0.13807980405097794,0.1380798040358546,0.13807980405097794,0.13807980406619774,0.13807980405097794,0.1380798040358546,0.1370447662036392,0.13704476622899764,0.13704476625978482,0.13704476622899764,0.1370447662036392,0.13704476622899764,0.13704476629172052,0.1370447664177941,0.13704476629172052,0.13704476622899764,0.13704476625978482,0.1370447664177941,0.13704476711687988,0.1370447664177941,0.13704476625978482,0.13704476622899764,0.13704476629172052,0.1370447664177941,0.13704476629172052,0.13704476622899764,0.1370447662036392,0.13704476622899764,0.13704476625978482,0.13704476622899764,0.1370447662036392,0.13602973281167974,0.1360297328294219,0.13602973284679815,0.1360297328294219,0.13602973281167974,0.1360297328294219,0.13602973286423375,0.1360297329108001,0.13602973286423375,0.1360297328294219,0.13602973284679815,0.1360297329108001,0.13602973304003413,0.1360297329108001,0.13602973284679815,0.1360297328294219,0.13602973286423375,0.1360297329108001,0.13602973286423375,0.1360297328294219,0.13602973281167974,0.1360297328294219,0.13602973284679815,0.1360297328294219,0.13602973281167974,0.13503425229707522,0.13503425230819446,0.13503425231737554,0.13503425230819446,0.13503425229707522,0.13503425230819446,0.13503425232609004,0.13503425234383337,0.13503425232609004,0.13503425230819446,0.13503425231737554,0.13503425234383337,0.13503425237609865,0.13503425234383337,0.13503425231737554,0.13503425230819446,0.13503425232609004,0.13503425234383337,0.13503425232609004,0.13503425230819446,0.13503425229707522,0.13503425230819446,0.13503425231737554,0.13503425230819446,0.13503425229707522
0.1653324876398811,0.1653324876398811,0.16533248763988087,0.1653324876398811,0.1653324876398811,0.1653324876398811,0.16533248763988087,0.16533248763988062,0.16533248763988087,0.1653324876398811,0.16533248763988087,0.16533248763988062,0.16533248763988062,0.16533248763988062,0.16533248763988087,0.1653324876398811,0.16533248763988087,0.16533248763988062,0.16533248763988087,0.1653324876398811,0.1653324876398811,0.1653324876398811,0.16533248763988087,0.1653324876398811,0.1653324876398811,0.16375749392299613,0.16375749392299566,0.1637574939229954,0.16375749392299566,0.16375749392299613,0.16375749392299566,0.1637574939229952,0.1637574939229947,0.1637574939229952,0.16375749392299566,0.1637574939229954,0.1637574939229947,0.1637574939229945,0.1637574939229947,0.1637574939229954,0.16375749392299566,0.1637574939229952,0.1637574939229947,0.1637574939229952,0.16375749392299566,0.16375749392299613,0.16375749392299566,0.1637574939229954,0.16375749392299566,0.16375749392299613,0.16221388413712226,0.1622138841371209,0.1622138841371202,0.1622138841371209,0.16221388413712226,0.1622138841371209,0.1622138841371195,0.16221388413711862,0.1622138841371195,0.1622138841371209,0.1622138841371202,0.16221388413711862,0.16221388413711774,0.16221388413711862,0.1622138841371202,0.1622138841371209,0.1622138841371195,0.16221388413711862,0.1622138841371195,0.1622138841371209,0.16221388413712226,0.1622138841371209,0.1622138841371202,0.1622138841371209,0.16221388413712226,0.16070106723927755,0.16070106723927355,0.1607010672392711,0.16070106723927355,0.16070106723927755,0.16070106723927355,0.16070106723926933,0.16070106723926667,0.16070106723926933,0.16070106723927355,0.1607010672392711,0.16070106723926667,0.160701067239264,0.16070106723926667,0.1607010672392711,0.16070106723927355,0.16070106723926933,0.16070106723926667,0.16070106723926933,0.16070106723927355,0.16070106723927755,0.16070106723927355,0.1607010672392711,0.16070106723927355,0.16070106723927755,0.15921845160442913,0.15921845160441694,0.1592184516044093,0.15921845160441694,0.15921845160442913,0.15921845160441694,0.15921845160440387,0.15921845160439582,0.15921845160440387,0.15921845160441694,0.1592184516044093,0.15921845160439582,0.15921845160438733,0.15921845160439582,0.1592184516044093,0.15921845160441694,0.15921845160440387,0.15921845160439582,0.15921845160440387,0.15921845160441694,0.15921845160442913,0.15921845160441694,0.1592184516044093,0.15921845160441694,0.15921845160442913,0.15776544637735282,0.15776544637731676,0.15776544637729373,0.15776544637731676,0.15776544637735282,0.15776544637731676,0.15776544637727727,0.15776544637725212,0.15776544637727727,0.15776544637731676,0.15776544637729373,0.15776544637725212,0.15776544637722523,0.15776544637725212,0.15776544637729373,0.15776544637731676,0.15776544637727727,0.15776544637725212,0.15776544637727727,0.15776544637731676,0.15776544637735282,0.15776544637731676,0.15776544637729373,0.15776544637731676,0.15776544637735282,0.15634146268697915,0.15634146268687377,0.1563414626868056,0.15634146268687377,0.15634146268697915,0.15634146268687377,0.15634146268675414,0.15634146268667531,0.15634146268675414,0.15634146268687377,0.1563414626868056,0.15634146268667531,0.15634146268658833,0.15634146268667531,0.1563414626868056,0.15634146268687377,0.15634146268675414,0.15634146268667531,0.15634146268675414,0.15634146268687377,0.15634146268697915,0.15634146268687377,0.1563414626868056,0.15634146268687377,0.15634146268697915,0.15494591473351338,0.15494591473321234,0.1549459147330111,0.15494591473321234,0.15494591473351338,0.15494591473321234,0.15494591473285044,0.15494591473260022,0.15494591473285044,0.15494591473321234,0.1549459147330111,0.15494591473260022,0.15494591473230757,0.15494591473260022,0.1549459147330111,0.15494591473321234,0.15494591473285044,0.15494591473260022,0.15494591473285044,0.15494591473321234,0.15494591473351338,0.15494591473321234,0.1549459147330111,0.15494591473321234,0.15494591473351338,0.15357822075810362,0.1535782207572707,0.15357822075668465,0.1535782207572707,0.15357822075810362,0.1535782207572707,0.15357822075618577,0.15357822075537417,0.15357822075618577,0.1535782207572707,0.15357822075668465,0.15357822075537417,0.1535782207543314,0.15357822075537417,0.15357822075668465,0.1535782207572707,0.15357822075618577,0.15357822075537417,0.15357822075618577,0.1535782207572707,0.15357822075810362,0.1535782207572707,0.15357822075668465,0.1535782207572707,0.15357822075810362,0.15223780390435912,0.1522378039021742,0.15223780390051092,0.1522378039021742,0.15223780390435912,0.1522378039021742,0.15223780389899683,0.15223780389629676,0.15223780389899683,0.1522378039021742,0.15223780390051092,0.15223780389629676,0.15223780389225605,0.15223780389629676,0.15223780390051092,0.1522378039021742,0.15223780389899683,0.15223780389629676,0.15223780389899683,0.1522378039021742,0.15223780390435912,0.1522378039021742,0.15223780390051092,0.1522378039021742,0.15223780390435912,0.15092409298062018,0.1509240929753803,0.1509240929708889,0.1509240929753803,0.15092409298062018,0.1509240929753803,0.15092409296653622,0.1509240929573878,0.15092409296653622,0.1509240929753803,0.1509240929708889,0.1509240929573878,0.1509240929399177,0.1509240929573878,0.1509240929708889,0.1509240929753803,0.15092409296653622,0.1509240929573878,0.15092409296653622,0.1509240929753803,0.15092409298062018,0.1509240929753803,0.1509240929708889,0.1509240929753803,0.15092409298062018,0.14963652313171807,0.1496365231207278,0.14963652310975203,0.1496365231207278,0.14963652313171807,0.1496365231207278,0.14963652309867984,0.14963652306833153,0.14963652309867984,0.1496365231207278,0.14963652310975203,0.14963652306833153,0.14963652298274027,0.14963652306833153,0.14963652310975203,0.1496365231207278,0.14963652309867984,0.14963652306833153,0.14963652309867984,0.1496365231207278,0.14963652313171807,0.1496365231207278,0.14963652310975203,0.1496365231207278,0.14963652313171807,0.14837453642635215,0.14837453640957368,0.14837453638909248,0.14837453640957368,0.14837453642635215,0.14837453640957368,0.148374536367837,0.14837453628323483,0.148374536367837,0.14837453640957368,0.14837453638909248,0.14837453628323483,0.148374535809378,0.14837453628323483,0.14837453638909248,0.14837453640957368,0.148374536367837,0.14837453628323483,0.148374536367837,0.14837453640957368,0.14837453642635215,0.14837453640957368,0.14837453638909248,0.14837453640957368,0.14837453642635215,0.14713758235980096,0.1471375823494289,0.14713758233941504,0.1471375823494289,0.14713758235980096,0.1471375823494289,0.1471375823293656,0.14713758230406748,0.1471375823293656,0.1471375823494289,0.14713758233941504,0.14713758230406748,0.147137582247314,0.14713758230406748,0.14713758233941504,0.1471375823494289,0.1471375823293656,0.14713758230406748,0.1471375823293656,0.1471375823494289,0.14713758235980096,0.1471375823494289,0.14713758233941504,0.1471375823494289,0.14713758235980096,0.1459251182666029,0.14592511826164523,0.14592511825770452,0.14592511826164523,0.1459251182666029,0.14592511826164523,0.14592511825399612,0.1459251182475431,0.14592511825399612,0.14592511826164523,0.14592511825770452,0.1459251182475431,0.14592511824547771,0.1459251182475431,0.14592511825770452,0.14592511826164523,0.14592511825399612,0.1459251182475431,0.14592511825399612,0.14592511826164523,0.1459251182666029,0.14592511826164523,0.14592511825770452,0.14592511826164523,0.1459251182666029,0.1447366097209235,0.14473660971805655,0.14473660971577063,0.14473660971805655,0.1447366097209235,0.14473660971805655,0.14473660971365807,0.14473660970928856,0.14473660971365807,0.14473660971805655,0.14473660971577063,0.14473660970928856,0.14473660969875413,0.14473660970928856,0.14473660971577063,0.14473660971805655,0.14473660971365807,0.14473660970928856,0.14473660971365807,0.14473660971805655,0.1447366097209235,0.14473660971805655,0.14473660971577063,0.14473660971805655,0.1447366097209235,0.14357153085616267,0.14357153085343136,0.14357153085085028,0.14357153085343136,0.14357153085616267,0.14357153085343136,0.1435715308483185,0.14357153084116547,0.1435715308483185,0.14357153085343136,0.14357153085085028,0.14357153084116547,0.1435715308129972,0.14357153084116547,0.14357153085085028,0.14357153085343136,0.1435715308483185,0.14357153084116547,0.1435715308483185,0.14357153085343136,0.14357153085616267,0.14357153085343136,0.14357153085085028,0.14357153085343136,0.14357153085616267,0.14242936462358252,0.14242936462047004,0.14242936461713313,0.14242936462047004,0.14242936462358252,0.14242936462047004,0.1424293646137177,0.14242936460279992,0.1424293646137177,0.14242936462047004,0.14242936461713313,0.14242936460279992,0.14242936455583805,0.14242936460279992,0.14242936461713313,0.14242936462047004,0.1424293646137177,0.14242936460279992,0.1424293646137177,0.14242936462047004,0.14242936462358252,0.14242936462047004,0.14242936461713313,0.14242936462047004,0.14242936462358252,0.14130960300226195,0.14130960299953774,0.14130960299613804,0.14130960299953774,0.14130960300226195,0.14130960299953774,0.14130960299251932,0.1413096029794708,0.14130960299251932,0.14130960299953774,0.14130960299613804,0.1413096029794708,0.1413096029190286,0.1413096029794708,0.14130960299613804,0.14130960299953774,0.14130960299251932,0.1413096029794708,0.14130960299251932,0.14130960299953774,0.14130960300226195,0.14130960299953774,0.14130960299613804,0.14130960299953774,0.14130960300226195,0.14021174716535706,0.14021174716534304,0.14021174716412363,0.14021174716534304,0.14021174716535706,0.14021174716534304,0.14021174716256157,0.14021174715326487,0.14021174716256157,0.14021174716534304,0.14021174716412363,0.14021174715326487,0.14021174709581322,0.14021174715326487,0.14021174716412363,0.14021174716534304,0.14021174716256157,0.14021174715326487,0.14021174716256157,0.14021174716534304,0.14021174716535706,0.14021174716534304,0.14021174716412363,0.14021174716534304,0.14021174716535706,0.1391353076059952,0.13913530761281412,0.1391353076183793,0.13913530761281412,0.1391353076059952,0.13913530761281412,0.1391353076236596,0.1391353076338357,0.1391353076236596,0.13913530761281412,0.1391353076183793,0.1391353076338357,0.1391353076499187,0.1391353076338357,0.1391353076183793,0.13913530761281412,0.1391353076236596,0.1391353076338357,0.1391353076236596,0.13913530761281412,0.1391353076059952,0.13913530761281412,0.1391353076183793,0.13913530761281412,0.1391353076059952,0.138079804226698,0.13807980424461566,0.13807980426249009,0.13807980424461566,0.138079804226698,0.13807980424461566,0.13807980428054897,0.13807980432942718,0.13807980428054897,0.13807980424461566,0.13807980426249009,0.13807980432942718,0.13807980446623153,0.13807980432942718,0.13807980426249009,0.13807980424461566,0.13807980428054897,0.13807980432942718,0.13807980428054897,0.13807980424461566,0.138079804226698,0.13807980424461566,0.13807980426249009,0.13807980424461566,0.138079804226698,0.1370447663998169,0.13704476642892358,0.13704476646412142,0.13704476642892358,0.1370447663998169,0.13704476642892358,0.13704476650059463,0.1370447666441855,0.13704476650059463,0.13704476642892358,0.13704476646412142,0.1370447666441855,0.13704476743862865,0.1370447666441855,0.13704476646412142,0.13704476642892358,0.13704476650059463,0.1370447666441855,0.13704476650059463,0.13704476642892358,0.1370447663998169,0.13704476642892358,0.13704476646412142,0.13704476642892358,0.1370447663998169,0.13602973300779525,0.13602973302807417,0.1360297330479064,0.13602973302807417,0.13602973300779525,0.13602973302807417,0.1360297330677812,0.13602973312084068,0.1360297330677812,0.13602973302807417,0.1360297330479064,0.13602973312084068,0.1360297332678792,0.13602973312084068,0.1360297330479064,0.13602973302807417,0.1360297330677812,0.13602973312084068,0.1360297330677812,0.13602973302807417,0.13602973300779525,0.13602973302807417,0.1360297330479064,0.13602973302807417,0.13602973300779525,0.13503425249028872,0.1350342525029859,0.13503425251346043,0.1350342525029859,0.13503425249028872,0.1350342525029859,0.1350342525234117,0.13503425254363682,0.1350342525234117,0.1350342525029859,0.13503425251346043,0.13503425254363682,0.13503425258037643,0.13503425254363682,0.13503425251346043,0.1350342525029859,0.1350342525234117,0.13503425254363682,0.1350342525234117,0.1350342525029859,0.13503425249028872,0.1350342525029859,0.13503425251346043,0.1350342525029859,0.13503425249028872
0.16533248757877964,0.16533248757877944,0.1653324875787792,0.16533248757877944,0.16533248757877964,0.16533248757877944,0.1653324875787792,0.1653324875787792,0.1653324875787792,0.16533248757877944,0.1653324875787792,0.1653324875787792,0.16533248757877894,0.1653324875787792,0.1653324875787792,0.16533248757877944,0.1653324875787792,0.1653324875787792,0.1653324875787792,0.16533248757877944,0.16533248757877964,0.16533248757877944,0.1653324875787792,0.16533248757877944,0.16533248757877964,0.16375749386375343,0.16375749386375296,0.16375749386375274,0.16375749386375296,0.16375749386375343,0.16375749386375296,0.16375749386375252,0.16375749386375227,0.16375749386375252,0.16375749386375296,0.16375749386375274,0.16375749386375227,0.1637574938637518,0.16375749386375227,0.16375749386375274,0.16375749386375296,0.16375749386375252,0.16375749386375227,0.16375749386375252,0.16375749386375296,0.16375749386375343,0.16375749386375296,0.16375749386375274,0.16375749386375296,0.16375749386375343,0.1622138840802581,0.16221388408025675,0.16221388408025583,0.16221388408025675,0.1622138840802581,0.16221388408025675,0.1622138840802554,0.16221388408025447,0.1622138840802554,0.16221388408025675,0.16221388408025583,0.16221388408025447,0.16221388408025356,0.16221388408025447,0.16221388408025583,0.16221388408025675,0.1622138840802554,0.16221388408025447,0.1622138840802554,0.16221388408025675,0.1622138840802581,0.16221388408025675,0.16221388408025583,0.16221388408025675,0.1622138840802581,0.1607010671853288,0.16070106718532481,0.16070106718532237,0.16070106718532481,0.1607010671853288,0.16070106718532481,0.1607010671853206,0.16070106718531793,0.1607010671853206,0.16070106718532481,0.16070106718532237,0.16070106718531793,0.16070106718531524,0.16070106718531793,0.16070106718532237,0.16070106718532481,0.1607010671853206,0.16070106718531793,0.1607010671853206,0.16070106718532481,0.1607010671853288,0.16070106718532481,0.16070106718532237,0.16070106718532481,0.1607010671853288,0.15921845155394623,0.1592184515539343,0.15921845155392667,0.1592184515539343,0.15921845155394623,0.1592184515539343,0.15921845155392142,0.1592184515539134,0.15921845155392142,0.1592184515539343,0.15921845155392667,0.1592184515539134,0.15921845155390513,0.1592184515539134,0.15921845155392667,0.1592184515539343,0.15921845155392142,0.1592184515539134,0.15921845155392142,0.1592184515539343,0.15921845155394623,0.1592184515539343,0.15921845155392667,0.1592184515539343,0.15921845155394623,0.15776544633089443,0.15776544633085882,0.1577654463308362,0.15776544633085882,0.15776544633089443,0.15776544633085882,0.15776544633082,0.157765446330795,0.15776544633082,0.15776544633085882,0.1577654463308362,0.157765446330795,0.15776544633076836,0.157765446330795,0.1577654463308362,0.15776544633085882,0.15776544633082,0.157765446330795,0.15776544633082,0.15776544633085882,0.15776544633089443,0.15776544633085882,0.1577654463308362,0.15776544633085882,0.15776544633089443,0.1563414626451049,0.15634146264500096,0.15634146264493365,0.15634146264500096,0.1563414626451049,0.15634146264500096,0.15634146264488283,0.1563414626448048,0.15634146264488283,0.15634146264500096,0.15634146264493365,0.1563414626448048,0.15634146264471846,0.1563414626448048,0.15634146264493365,0.15634146264500096,0.15634146264488283,0.1563414626448048,0.15634146264488283,0.15634146264500096,0.1563414626451049,0.15634146264500096,0.15634146264493365,0.15634146264500096,0.1563414626451049,0.15494591469677463,0.15494591469647828,0.15494591469627975,0.15494591469647828,0.15494591469677463,0.15494591469647828,0.15494591469612026,0.15494591469587254,0.15494591469612026,0.15494591469647828,0.15494591469627975,0.15494591469587254,0.15494591469558192,0.15494591469587254,0.15494591469627975,0.15494591469647828,0.15494591469612026,0.15494591469587254,0.15494591469612026,0.15494591469647828,0.15494591469677463,0.15494591469647828,0.15494591469627975,0.15494591469647828,0.15494591469677463,0.1535782207270296,0.15357822072621174,0.1535782207256341,0.15357822072621174,0.1535782207270296,0.15357822072621174,0.15357822072513905,0.15357822072433405,0.15357822072513905,0.15357822072621174,0.1535782207256341,0.15357822072433405,0.1535782207232973,0.15357822072433405,0.1535782207256341,0.15357822072621174,0.15357822072513905,0.15357822072433405,0.15357822072513905,0.15357822072621174,0.1535782207270296,0.15357822072621174,0.1535782207256341,0.15357822072621174,0.1535782207270296,0.1522378038794312,0.1522378038772955,0.15223780387565894,0.1522378038772955,0.1522378038794312,0.1522378038772955,0.1522378038741561,0.15223780387147376,0.1522378038741561,0.1522378038772955,0.15223780387565894,0.15223780387147376,0.15223780386744917,0.15223780387147376,0.15223780387565894,0.1522378038772955,0.1522378038741561,0.15223780387147376,0.1522378038741561,0.1522378038772955,0.1522378038794312,0.1522378038772955,0.15223780387565894,0.1522378038772955,0.1522378038794312,0.15092409296242243,0.15092409295718,0.15092409295273032,0.15092409295718,0.15092409296242243,0.15092409295718,0.15092409294841275,0.1509240929393025,0.15092409294841275,0.15092409295718,0.15092409295273032,0.1509240929393025,0.1509240929218772,0.1509240929393025,0.15092409295273032,0.15092409295718,0.15092409294841275,0.1509240929393025,0.15092409294841275,0.15092409295718,0.15092409296242243,0.15092409295718,0.15092409295273032,0.15092409295718,0.15092409296242243,0.1496365231208282,0.1496365231098305,0.14963652309883432,0.1496365231098305,0.1496365231208282,0.1496365231098305,0.14963652308776557,0.1496365230575082,0.14963652308776557,0.1496365231098305,0.14963652309883432,0.1496365230575082,0.14963652297208183,0.1496365230575082,0.14963652309883432,0.1496365231098305,0.14963652308776557,0.1496365230575082,0.14963652308776557,0.1496365231098305,0.1496365231208282,0.1496365231098305,0.14963652309883432,0.1496365231098305,0.1496365231208282,0.14837453642314297,0.14837453640636988,0.14837453638589834,0.14837453640636988,0.14837453642314297,0.14837453640636988,0.14837453636465806,0.14837453628013206,0.14837453636465806,0.14837453640636988,0.14837453638589834,0.14837453628013206,0.14837453580678006,0.14837453628013206,0.14837453638589834,0.14837453640636988,0.14837453636465806,0.14837453628013206,0.14837453636465806,0.14837453640636988,0.14837453642314297,0.14837453640636988,0.14837453638589834,0.14837453640636988,0.14837453642314297,0.14713758236452568,0.1471375823541567,0.14713758234414503,0.1471375823541567,0.14713758236452568,0.1471375823541567,0.14713758233409865,0.14713758230879892,0.14713758233409865,0.1471375823541567,0.14713758234414503,0.14713758230879892,0.14713758225222473,0.14713758230879892,0.14713758234414503,0.1471375823541567,0.14713758233409865,0.14713758230879892,0.14713758233409865,0.1471375823541567,0.14713758236452568,0.1471375823541567,0.14713758234414503,0.1471375823541567,0.14713758236452568,0.1459251182793918,0.14592511827443627,0.14592511827049573,0.14592511827443627,0.1459251182793918,0.14592511827443627,0.14592511826678736,0.14592511826032417,0.14592511826678736,0.14592511827443627,0.14592511827049573,0.14592511826032417,0.1459251182560202,0.14592511826032417,0.14592511827049573,0.14592511827443627,0.14592511826678736,0.14592511826032417,0.14592511826678736,0.14592511827443627,0.1459251182793918,0.14592511827443627,0.14592511827049573,0.14592511827443627,0.1459251182793918,0.14473660974175917,0.14473660973889915,0.1447366097366194,0.14473660973889915,0.14473660974175917,0.14473660973889915,0.14473660973451222,0.14473660973015565,0.14473660973451222,0.14473660973889915,0.1447366097366194,0.14473660973015565,0.14473660971983188,0.14473660973015565,0.1447366097366194,0.14473660973889915,0.14473660973451222,0.14473660973015565,0.14473660973451222,0.14473660973889915,0.14473660974175917,0.14473660973889915,0.1447366097366194,0.14473660973889915,0.14473660974175917,0.14357153088485197,0.1435715308821359,0.14357153087957006,0.1435715308821359,0.14357153088485197,0.1435715308821359,0.1435715308770535,0.14357153086994545,0.1435715308770535,0.1435715308821359,0.14357153087957006,0.14357153086994545,0.14357153084288757,0.14357153086994545,0.14357153087957006,0.1435715308821359,0.1435715308770535,0.14357153086994545,0.1435715308770535,0.1435715308821359,0.14357153088485197,0.1435715308821359,0.14357153087957006,0.1435715308821359,0.14357153088485197,0.1424293646597388,0.14242936465665032,0.14242936465333855,0.14242936465665032,0.1424293646597388,0.14242936465665032,0.14242936464994896,0.14242936463911135,0.14242936464994896,0.14242936465665032,0.14242936465333855,0.14242936463911135,0.14242936459329555,0.14242936463911135,0.14242936465333855,0.14242936465665032,0.14242936464994896,0.14242936463911135,0.14242936464994896,0.14242936465665032,0.1424293646597388,0.14242936465665032,0.14242936465333855,0.14242936465665032,0.1424293646597388,0.14130960304529605,0.14130960304260032,0.14130960303923287,0.14130960304260032,0.14130960304529605,0.14130960304260032,0.14130960303564752,0.14130960302271128,0.14130960303564752,0.14130960304260032,0.14130960303923287,0.14130960302271128,0.1413096029626556,0.14130960302271128,0.14130960303923287,0.14130960304260032,0.14130960303564752,0.14130960302271128,0.14130960303564752,0.14130960304260032,0.14130960304529605,0.14130960304260032,0.14130960303923287,0.14130960304260032,0.14130960304529605,0.1402117472144824,0.1402117472144892,0.14021174721329627,0.1402117472144892,0.1402117472144824,0.1402117472144892,0.14021174721176208,0.14021174720257437,0.14021174721176208,0.1402117472144892,0.14021174721329627,0.14021174720257437,0.14021174714546525,0.14021174720257437,0.14021174721329627,0.1402117472144892,0.14021174721176208,0.14021174720257437,0.14021174721176208,0.1402117472144892,0.1402117472144824,0.1402117472144892,0.14021174721329627,0.1402117472144892,0.1402117472144824,0.13913530766025542,0.1391353076670678,0.13913530767262924,0.1391353076670678,0.13913530766025542,0.1391353076670678,0.13913530767790636,0.13913530768808294,0.13913530767790636,0.1391353076670678,0.13913530767262924,0.13913530768808294,0.13913530770419438,0.13913530768808294,0.13913530767262924,0.1391353076670678,0.13913530767790636,0.13913530768808294,0.13913530767790636,0.1391353076670678,0.13913530766025542,0.1391353076670678,0.13913530767262924,0.1391353076670678,0.13913530766025542,0.13807980428501543,0.13807980430289016,0.1380798043207205,0.13807980430289016,0.13807980428501543,0.13807980430289016,0.1380798043387348,0.13807980438748818,0.1380798043387348,0.13807980430289016,0.1380798043207205,0.13807980438748818,0.13807980452392554,0.13807980438748818,0.1380798043207205,0.13807980430289016,0.1380798043387348,0.13807980438748818,0.1380798043387348,0.13807980430289016,0.13807980428501543,0.13807980430289016,0.1380798043207205,0.13807980430289016,0.13807980428501543,0.13704476646102834,0.1370447664900584,0.13704476652516295,0.1370447664900584,0.13704476646102834,0.1370447664900584,0.1370447665615408,0.13704476670475077,0.1370447665615408,0.1370447664900584,0.13704476652516295,0.13704476670475077,0.13704476749765393,0.13704476670475077,0.13704476652516295,0.1370447664900584,0.1370447665615408,0.13704476670475077,0.1370447665615408,0.1370447664900584,0.13704476646102834,0.1370447664900584,0.13704476652516295,0.1370447664900584,0.13704476646102834,0.13602973307066354,0.1360297330908843,0.13602973311065733,0.1360297330908843,0.13602973307066354,0.1360297330908843,0.1360297331304801,0.1360297331833726,0.1360297331304801,0.1360297330908843,0.13602973311065733,0.1360297331833726,0.1360297333299926,0.1360297331833726,0.13602973311065733,0.1360297330908843,0.1360297331304801,0.1360297331833726,0.1360297331304801,0.1360297330908843,0.13602973307066354,0.1360297330908843,0.13602973311065733,0.1360297330908843,0.13602973307066354,0.13503425255343937,0.13503425256609516,0.13503425257653634,0.13503425256609516,0.13503425255343937,0.13503425256609516,0.1350342525864459,0.13503425260660304,0.1350342525864459,0.13503425256609516,0.13503425257653634,0.13503425260660304,0.13503425264322744,0.1350342526066029,0.13503425257653634,0.13503425256609516,0.1350342525864459,0.1350342526066029,0.1350342525864459,0.13503425256609516,0.13503425255343937,0.13503425256609516,0.13503425257653634,0.13503425256609516,0.13503425255343937
0.16533248755906904,0.1653324875590688,0.1653324875590688,0.1653324875590688,0.16533248755906904,0.1653324875590688,0.16533248755906857,0.16533248755906857,0.16533248755906857,0.1653324875590688,0.1653324875590688,0.16533248755906857,0.16533248755906832,0.16533248755906857,0.1653324875590688,0.1653324875590688,0.16533248755906857,0.16533248755906857,0.16533248755906857,0.1653324875590688,0.16533248755906904,0.1653324875590688,0.1653324875590688,0.1653324875590688,0.16533248755906904,0.16375749384467028,0.16375749384466984,0.1637574938446696,0.16375749384466984,0.16375749384467028,0.16375749384466984,0.16375749384466937,0.16375749384466914,0.16375749384466937,0.16375749384466984,0.1637574938446696,0.16375749384466914,0.1637574938446689,0.16375749384466914,0.1637574938446696,0.16375749384466984,0.16375749384466937,0.16375749384466914,0.16375749384466937,0.16375749384466984,0.16375749384467028,0.16375749384466984,0.1637574938446696,0.16375749384466984,0.16375749384467028,0.16221388406199272,0.16221388406199136,0.16221388406199067,0.16221388406199136,0.16221388406199272,0.16221388406199136,0.16221388406199,0.1622138840619893,0.16221388406199,0.16221388406199136,0.16221388406199067,0.1622138840619893,0.16221388406198842,0.1622138840619893,0.16221388406199067,0.16221388406199136,0.16221388406199,0.1622138840619893,0.16221388406199,0.16221388406199136,0.16221388406199272,0.16221388406199136,0.16221388406199067,0.16221388406199136,0.16221388406199272,0.1607010671680762,0.1607010671680722,0.16070106716806973,0.1607010671680722,0.1607010671680762,0.1607010671680722,0.1607010671680682,0.16070106716806554,0.1607010671680682,0.1607010671680722,0.16070106716806973,0.16070106716806554,0.16070106716806284,0.16070106716806554,0.16070106716806973,0.1607010671680722,0.1607010671680682,0.16070106716806554,0.1607010671680682,0.1607010671680722,0.1607010671680762,0.1607010671680722,0.16070106716806973,0.1607010671680722,0.1607010671680762,0.15921845153790315,0.15921845153789138,0.15921845153788397,0.15921845153789138,0.15921845153790315,0.15921845153789138,0.15921845153787875,0.15921845153787093,0.15921845153787875,0.15921845153789138,0.15921845153788397,0.15921845153787093,0.15921845153786243,0.15921845153787093,0.15921845153788397,0.15921845153789138,0.15921845153787875,0.15921845153787093,0.15921845153787875,0.15921845153789138,0.15921845153790315,0.15921845153789138,0.15921845153788397,0.15921845153789138,0.15921845153790315,0.15776544631625652,0.15776544631622152,0.15776544631619935,0.15776544631622152,0.15776544631625652,0.15776544631622152,0.15776544631618336,0.15776544631615858,0.15776544631618336,0.15776544631622152,0.15776544631619935,0.15776544631615858,0.15776544631613235,0.15776544631615858,0.15776544631619935,0.15776544631622152,0.15776544631618336,0.15776544631615858,0.15776544631618336,0.15776544631622152,0.15776544631625652,0.15776544631622152,0.15776544631619935,0.15776544631622152,0.15776544631625652,0.1563414626320627,0.15634146263196105,0.156341462631895,0.15634146263196105,0.1563414626320627,0.15634146263196105,0.1563414626318448,0.15634146263176782,0.1563414626318448,0.15634146263196105,0.156341462631895,0.15634146263176782,0.15634146263168233,0.15634146263176782,0.156341462631895,0.15634146263196105,0.1563414626318448,0.15634146263176782,0.1563414626318448,0.15634146263196105,0.1563414626320627,0.15634146263196105,0.156341462631895,0.15634146263196105,0.1563414626320627,0.1549459146855087,0.15494591468521973,0.15494591468502505,0.15494591468521973,0.1549459146855087,0.15494591468521973,0.15494591468486724,0.15494591468462218,0.15494591468486724,0.15494591468521973,0.15494591468502505,0.15494591468462218,0.15494591468433425,0.15494591468462218,0.15494591468502505,0.15494591468521973,0.15494591468486724,0.15494591468462218,0.15494591468486724,0.15494591468521973,0.1549459146855087,0.15494591468521973,0.15494591468502505,0.15494591468521973,0.1549459146855087,0.15357822071770363,0.1535782207169067,0.15357822071634072,0.1535782207169067,0.15357822071770363,0.1535782207169067,0.15357822071584964,0.1535782207150521,0.15357822071584964,0.1535782207169067,0.15357822071634072,0.1535782207150521,0.15357822071402177,0.1535782207150521,0.15357822071634072,0.1535782207169067,0.15357822071584964,0.1535782207150521,0.15357822071584964,0.1535782207169067,0.15357822071770363,0.1535782207169067,0.15357822071634072,0.1535782207169067,0.15357822071770363,0.15223780387224953,0.1522378038701146,0.15223780386849717,0.1522378038701146,0.15223780387224953,0.1522378038701146,0.15223780386700608,0.15223780386433833,0.15223780386700608,0.1522378038701146,0.15223780386849717,0.15223780386433833,0.1522378038603305,0.15223780386433833,0.15223780386849717,0.1522378038701146,0.15223780386700608,0.15223780386433833,0.15223780386700608,0.1522378038701146,0.15223780387224953,0.1522378038701146,0.15223780386849717,0.1522378038701146,0.15223780387224953,0.15092409295754697,0.1509240929523138,0.1509240929478583,0.1509240929523138,0.15092409295754697,0.1509240929523138,0.15092409294357492,0.15092409293449224,0.15092409294357492,0.1509240929523138,0.1509240929478583,0.15092409293449224,0.1509240929171223,0.15092409293449224,0.1509240929478583,0.1509240929523138,0.15092409294357492,0.15092409293449224,0.15092409294357492,0.1509240929523138,0.15092409295754697,0.1509240929523138,0.1509240929478583,0.1509240929523138,0.15092409295754697,0.1496365231183603,0.1496365231073849,0.14963652309641634,0.1496365231073849,0.1496365231183603,0.1496365231073849,0.14963652308535758,0.14963652305520117,0.14963652308535758,0.1496365231073849,0.14963652309641634,0.14963652305520117,0.14963652297003424,0.14963652305520117,0.14963652309641634,0.1496365231073849,0.14963652308535758,0.14963652305520117,0.14963652308535758,0.1496365231073849,0.1496365231183603,0.1496365231073849,0.14963652309641634,0.1496365231073849,0.1496365231183603,0.14837453642312778,0.14837453640639084,0.1483745363859684,0.14837453640639084,0.14837453642312778,0.14837453640639084,0.1483745363647761,0.1483745362804712,0.1483745363647761,0.14837453640639084,0.1483745363859684,0.1483745362804712,0.14837453580858148,0.1483745362804712,0.1483745363859684,0.14837453640639084,0.1483745363647761,0.1483745362804712,0.1483745363647761,0.14837453640639084,0.14837453642312778,0.14837453640639084,0.1483745363859684,0.14837453640639084,0.14837453642312778,0.14713758236694408,0.147137582356588,0.1471375823465865,0.147137582356588,0.14713758236694408,0.147137582356588,0.14713758233654903,0.14713758231125257,0.14713758233654903,0.147137582356588,0.1471375823465865,0.14713758231125257,0.14713758225445003,0.14713758231125257,0.1471375823465865,0.147137582356588,0.14713758233654903,0.14713758231125257,0.14713758233654903,0.147137582356588,0.14713758236694408,0.147137582356588,0.1471375823465865,0.147137582356588,0.14713758236694408,0.14592511828422822,0.14592511827927163,0.14592511827532573,0.14592511827927163,0.14592511828422822,0.14592511827927163,0.1459251182716106,0.14592511826510807,0.1459251182716106,0.14592511827927163,0.14592511827532573,0.14592511826510807,0.14592511826056828,0.14592511826510807,0.14592511827532573,0.14592511827927163,0.1459251182716106,0.14592511826510807,0.1459251182716106,0.14592511827927163,0.14592511828422822,0.14592511827927163,0.14592511827532573,0.14592511827927163,0.14592511828422822,0.14473660974897856,0.1447366097461182,0.14473660974383581,0.1447366097461182,0.14473660974897856,0.1447366097461182,0.1447366097417255,0.14473660973735197,0.1447366097417255,0.1447366097461182,0.14473660974383581,0.14473660973735197,0.144736609726865,0.14473660973735197,0.14473660974383581,0.1447366097461182,0.1447366097417255,0.14473660973735197,0.1447366097417255,0.1447366097461182,0.14473660974897856,0.1447366097461182,0.14473660974383581,0.1447366097461182,0.14473660974897856,0.1435715308943677,0.1435715308916597,0.14357153088910138,0.1435715308916597,0.1435715308943677,0.1435715308916597,0.1435715308865922,0.14357153087950536,0.1435715308865922,0.1435715308916597,0.14357153088910138,0.14357153087950536,0.14357153085259428,0.14357153087950536,0.14357153088910138,0.1435715308916597,0.1435715308865922,0.14357153087950536,0.1435715308865922,0.1435715308916597,0.1435715308943677,0.1435715308916597,0.14357153088910138,0.1435715308916597,0.1435715308943677,0.14242936467139522,0.1424293646683245,0.1424293646650319,0.1424293646683245,0.14242936467139522,0.1424293646683245,0.14242936466166173,0.14242936465088601,0.14242936466166173,0.1424293646683245,0.1424293646650319,0.14242936465088601,0.14242936460531735,0.14242936465088601,0.1424293646650319,0.1424293646683245,0.14242936466166173,0.14242936465088601,0.14242936466166173,0.1424293646683245,0.14242936467139522,0.1424293646683245,0.1424293646650319,0.1424293646683245,0.14242936467139522,0.14130960305886398,0.14130960305619175,0.14130960305285128,0.14130960305619175,0.14130960305886398,0.14130960305619175,0.1413096030492942,0.1413096030364557,0.1413096030492942,0.14130960305619175,0.14130960305285128,0.1413096030364557,0.1413096029768334,0.1413096030364557,0.14130960305285128,0.14130960305619175,0.1413096030492942,0.1413096030364557,0.1413096030492942,0.14130960305619175,0.14130960305886398,0.14130960305619175,0.14130960305285128,0.14130960305619175,0.14130960305886398,0.1402117472296668,0.14021174722969004,0.1402117472285195,0.14021174722969004,0.1402117472296668,0.14021174722969004,0.14021174722700935,0.14021174721791857,0.14021174722700935,0.14021174722969004,0.1402117472285195,0.14021174721791857,0.14021174716131637,0.14021174721791857,0.1402117472285195,0.14021174722969004,0.14021174722700935,0.14021174721791857,0.14021174722700935,0.14021174722969004,0.1402117472296668,0.14021174722969004,0.1402117472285195,0.14021174722969004,0.1402117472296668,0.1391353076767221,0.13913530768352425,0.13913530768907872,0.13913530768352425,0.1391353076767221,0.13913530768352425,0.1391353076943497,0.13913530770452007,0.1391353076943497,0.13913530768352425,0.13913530768907872,0.13913530770452007,0.13913530772064575,0.13913530770452007,0.13913530768907872,0.13913530768352425,0.1391353076943497,0.13913530770452007,0.1391353076943497,0.13913530768352425,0.1391353076767221,0.13913530768352425,0.13913530768907872,0.13913530768352425,0.1391353076767221,0.13807980430243494,0.13807980432026146,0.13807980433804315,0.13807980432026146,0.13807980430243494,0.13807980432026146,0.13807980435600795,0.13807980440462458,0.13807980435600795,0.13807980432026146,0.13807980433804315,0.13807980440462458,0.13807980454066937,0.13807980440462458,0.13807980433804315,0.13807980432026146,0.13807980435600795,0.13807980440462458,0.13807980435600795,0.13807980432026146,0.13807980430243494,0.13807980432026146,0.13807980433804315,0.13807980432026146,0.13807980430243494,0.13704476647910346,0.13704476650804992,0.13704476654305256,0.13704476650804992,0.13704476647910346,0.13704476650804992,0.13704476657932507,0.13704476672211724,0.13704476657932507,0.13704476650804992,0.13704476654305256,0.13704476672211724,0.1370447675126805,0.13704476672211724,0.13704476654305256,0.13704476650804992,0.13704476657932507,0.13704476672211724,0.13704476657932507,0.13704476650804992,0.13704476647910346,0.13704476650804992,0.13704476654305256,0.13704476650804992,0.13704476647910346,0.13602973308913008,0.13602973310929076,0.13602973312900413,0.13602973310929076,0.13602973308913008,0.13602973310929076,0.13602973314876932,0.13602973320149916,0.13602973314876932,0.13602973310929076,0.13602973312900413,0.13602973320149916,0.13602973334768168,0.13602973320149916,0.13602973312900413,0.13602973310929076,0.13602973314876932,0.13602973320149916,0.13602973314876932,0.13602973310929076,0.13602973308913008,0.13602973310929076,0.13602973312900413,0.13602973310929076,0.13602973308913008,0.13503425257195642,0.1350342525845732,0.13503425259498203,0.1350342525845732,0.13503425257195642,0.1350342525845732,0.135034252604858,0.13503425262495194,0.135034252604858,0.1350342525845732,0.13503425259498203,0.13503425262495194,0.13503425266146402,0.13503425262495194,0.13503425259498203,0.1350342525845732,0.135034252604858,0.13503425262495194,0.135034252604858,0.1350342525845732,0.13503425257195642,0.1350342525845732,0.13503425259498203,0.1350342525845732,0.13503425257195642
0.16533248755354998,0.16533248755354998,0.16533248755354976,0.16533248755354998,0.16533248755354998,0.16533248755354998,0.16533248755354976,0.1653324875535495,0.16533248755354976,0.16533248755354998,0.16533248755354976,0.1653324875535495,0.1653324875535495,0.1653324875535495,0.16533248755354976,0.16533248755354998,0.16533248755354976,0.1653324875535495,0.16533248755354976,0.16533248755354998,0.16533248755354998,0.16533248755354998,0.16533248755354976,0.16533248755354998,0.16533248755354998,0.1637574938393405,0.16375749383934002,0.1637574938393398,0.16375749383934002,0.1637574938393405,0.16375749383934002,0.16375749383933957,0.16375749383933932,0.16375749383933957,0.16375749383934002,0.1637574938393398,0.16375749383933932,0.16375749383933907,0.16375749383933932,0.1637574938393398,0.16375749383934002,0.16375749383933957,0.16375749383933932,0.16375749383933957,0.16375749383934002,0.1637574938393405,0.16375749383934002,0.1637574938393398,0.16375749383934002,0.1637574938393405,0.16221388405691653,0.16221388405691517,0.16221388405691445,0.16221388405691517,0.16221388405691653,0.16221388405691517,0.16221388405691378,0.1622138840569131,0.16221388405691378,0.16221388405691517,0.16221388405691445,0.1622138840569131,0.1622138840569122,0.1622138840569131,0.16221388405691445,0.16221388405691517,0.16221388405691378,0.1622138840569131,0.16221388405691378,0.16221388405691517,0.16221388405691653,0.16221388405691517,0.16221388405691445,0.16221388405691517,0.16221388405691653,0.16070106716331922,0.16070106716331523,0.1607010671633128,0.16070106716331523,0.16070106716331922,0.16070106716331523,0.16070106716331126,0.1607010671633088,0.16070106716331126,0.16070106716331523,0.1607010671633128,0.1607010671633088,0.16070106716330612,0.1607010671633088,0.1607010671633128,0.16070106716331523,0.16070106716331126,0.1607010671633088,0.16070106716331126,0.16070106716331523,0.16070106716331922,0.16070106716331523,0.1607010671633128,0.16070106716331523,0.16070106716331922,0.1592184515335314,0.15921845153351985,0.1592184515335127,0.15921845153351985,0.1592184515335314,0.15921845153351985,0.15921845153350767,0.1592184515334998,0.15921845153350767,0.15921845153351985,0.1592184515335127,0.1592184515334998,0.15921845153349154,0.1592184515334998,0.1592184515335127,0.15921845153351985,0.15921845153350767,0.1592184515334998,0.15921845153350767,0.15921845153351985,0.1592184515335314,0.15921845153351985,0.1592184515335127,0.15921845153351985,0.1592184515335314,0.15776544631233547,0.15776544631230155,0.15776544631227998,0.15776544631230155,0.15776544631233547,0.15776544631230155,0.1577654463122642,0.15776544631223985,0.1577654463122642,0.15776544631230155,0.15776544631227998,0.15776544631223985,0.15776544631221406,0.15776544631223985,0.15776544631227998,0.15776544631230155,0.1577654463122642,0.15776544631223985,0.1577654463122642,0.15776544631230155,0.15776544631233547,0.15776544631230155,0.15776544631227998,0.15776544631230155,0.15776544631233547,0.1563414626286551,0.15634146262855722,0.15634146262849283,0.15634146262855722,0.1563414626286551,0.15634146262855722,0.15634146262844303,0.15634146262836712,0.15634146262844303,0.15634146262855722,0.15634146262849283,0.15634146262836712,0.15634146262828288,0.15634146262836712,0.15634146262849283,0.15634146262855722,0.15634146262844303,0.15634146262836712,0.15634146262844303,0.15634146262855722,0.1563414626286551,0.15634146262855722,0.15634146262849283,0.15634146262855722,0.1563414626286551,0.15494591468267635,0.15494591468239394,0.15494591468220356,0.15494591468239394,0.15494591468267635,0.15494591468239394,0.1549459146820474,0.15494591468180516,0.1549459146820474,0.15494591468239394,0.15494591468220356,0.15494591468180516,0.1549459146815195,0.15494591468180516,0.15494591468220356,0.15494591468239394,0.1549459146820474,0.15494591468180516,0.1549459146820474,0.15494591468239394,0.15494591468267635,0.15494591468239394,0.15494591468220356,0.15494591468239394,0.15494591468267635,0.15357822071551847,0.1535782207147227,0.15357822071416316,0.1535782207147227,0.15357822071551847,0.1535782207147227,0.15357822071367655,0.1535782207128842,0.15357822071367655,0.1535782207147227,0.15357822071416316,0.1535782207128842,0.1535782207118597,0.1535782207128842,0.15357822071416316,0.1535782207147227,0.15357822071367655,0.1535782207128842,0.15357822071367655,0.1535782207147227,0.15357822071551847,0.1535782207147227,0.15357822071416316,0.1535782207147227,0.15357822071551847,0.15223780387076474,0.1522378038686371,0.15223780386702007,0.1522378038686371,0.15223780387076474,0.1522378038686371,0.1522378038655436,0.15223780386288685,0.1522378038655436,0.1522378038686371,0.15223780386702007,0.15223780386288685,0.1522378038588971,0.15223780386288685,0.15223780386702007,0.1522378038686371,0.1522378038655436,0.15223780386288685,0.1522378038655436,0.1522378038686371,0.15223780387076474,0.1522378038686371,0.15223780386702007,0.1522378038686371,0.15223780387076474,0.15092409295679612,0.15092409295158224,0.15092409294714373,0.15092409295158224,0.15092409295679612,0.15092409295158224,0.1509240929428779,0.15092409293383285,0.1509240929428779,0.15092409295158224,0.15092409294714373,0.15092409293383285,0.15092409291653644,0.15092409293383285,0.15092409294714373,0.15092409295158224,0.1509240929428779,0.15092409293383285,0.1509240929428779,0.15092409295158224,0.15092409295679612,0.15092409295158224,0.15092409294714373,0.15092409295158224,0.15092409295679612,0.1496365231183421,0.14963652310740644,0.1496365230964812,0.14963652310740644,0.1496365231183421,0.14963652310740644,0.149636523085458,0.14963652305542996,0.149636523085458,0.14963652310740644,0.1496365230964812,0.14963652305542996,0.14963652297062552,0.14963652305542996,0.1496365230964812,0.14963652310740644,0.149636523085458,0.14963652305542996,0.149636523085458,0.14963652310740644,0.1496365231183421,0.14963652310740644,0.1496365230964812,0.14963652310740644,0.1496365231183421,0.14837453642378884,0.14837453640710915,0.1483745363867618,0.14837453640710915,0.14837453642378884,0.14837453640710915,0.1483745363656466,0.14837453628167585,0.1483745363656466,0.14837453640710915,0.1483745363867618,0.14837453628167585,0.14837453581182047,0.14837453628167585,0.1483745363867618,0.14837453640710915,0.1483745363656466,0.14837453628167585,0.1483745363656466,0.14837453640710915,0.14837453642378884,0.14837453640710915,0.1483745363867618,0.14837453640710915,0.14837453642378884,0.1471375823681817,0.14713758235784413,0.14713758234785645,0.14713758235784413,0.1471375823681817,0.14713758235784413,0.14713758233783225,0.14713758231253798,0.14713758233783225,0.14713758235784413,0.14713758234785645,0.14713758231253798,0.1471375822554495,0.14713758231253798,0.14713758234785645,0.14713758235784413,0.14713758233783225,0.14713758231253798,0.14713758233783225,0.14713758235784413,0.1471375823681817,0.14713758235784413,0.14713758234785645,0.14713758235784413,0.1471375823681817,0.14592511828600352,0.1459251182810414,0.1459251182770834,0.1459251182810414,0.14592511828600352,0.1459251182810414,0.14592511827335455,0.14592511826678292,0.14592511827335455,0.1459251182810414,0.1459251182770834,0.14592511826678292,0.1459251182618352,0.14592511826678292,0.1459251182770834,0.1459251182810414,0.14592511827335455,0.14592511826678292,0.14592511827335455,0.1459251182810414,0.14592511828600352,0.1459251182810414,0.1459251182770834,0.1459251182810414,0.14592511828600352,0.14473660975128577,0.14473660974841754,0.14473660974612396,0.14473660974841754,0.14473660975128577,0.14473660974841754,0.14473660974400143,0.1447366097395815,0.14473660974400143,0.14473660974841754,0.14473660974612396,0.1447366097395815,0.14473660972889102,0.1447366097395815,0.14473660974612396,0.14473660974841754,0.14473660974400143,0.1447366097395815,0.14473660974400143,0.14473660974841754,0.14473660975128577,0.14473660974841754,0.14473660974612396,0.14473660974841754,0.14473660975128577,0.14357153089718955,0.14357153089448219,0.1435715308919239,0.14357153089448219,0.14357153089718955,0.14357153089448219,0.14357153088941435,0.14357153088232497,0.14357153088941435,0.14357153089448219,0.1435715308919239,0.14357153088232497,0.1435715308553805,0.14357153088232497,0.1435715308919239,0.14357153089448219,0.14357153088941435,0.14357153088232497,0.14357153088941435,0.14357153089448219,0.14357153089718955,0.14357153089448219,0.1435715308919239,0.14357153089448219,0.14357153089718955,0.14242936467467995,0.14242936467162098,0.1424293646683413,0.14242936467162098,0.14242936467467995,0.14242936467162098,0.1424293646649844,0.14242936465425246,0.1424293646649844,0.14242936467162098,0.1424293646683413,0.14242936465425246,0.14242936460888142,0.14242936465425246,0.1424293646683413,0.14242936467162098,0.1424293646649844,0.14242936465425246,0.1424293646649844,0.14242936467162098,0.14242936467467995,0.14242936467162098,0.1424293646683413,0.14242936467162098,0.14242936467467995,0.14130960306251925,0.14130960305986526,0.14130960305654716,0.14130960305986526,0.14130960306251925,0.14130960305986526,0.14130960305301346,0.14130960304025783,0.14130960305301346,0.14130960305986526,0.14130960305654716,0.14130960304025783,0.14130960298102532,0.14130960304025783,0.14130960305654716,0.14130960305986526,0.14130960305301346,0.14130960304025783,0.14130960305301346,0.14130960305986526,0.14130960306251925,0.14130960305986526,0.14130960305654716,0.14130960305986526,0.14130960306251925,0.14021174723356783,0.14021174723360363,0.14021174723245147,0.14021174723360363,0.14021174723356783,0.14021174723360363,0.1402117472309615,0.1402117472219557,0.1402117472309615,0.14021174723360363,0.14021174723245147,0.1402117472219557,0.14021174716582163,0.1402117472219557,0.14021174723245147,0.14021174723360363,0.1402117472309615,0.1402117472219557,0.1402117472309615,0.14021174723360363,0.14021174723356783,0.14021174723360363,0.14021174723245147,0.14021174723360363,0.14021174723356783,0.13913530768073865,0.13913530768752733,0.139135307693072,0.13913530768752733,0.13913530768073865,0.13913530768752733,0.139135307698334,0.13913530770849203,0.139135307698334,0.13913530768752733,0.139135307693072,0.13913530770849203,0.1391353077246188,0.13913530770849203,0.139135307693072,0.13913530768752733,0.139135307698334,0.13913530770849203,0.139135307698334,0.13913530768752733,0.13913530768073865,0.13913530768752733,0.139135307693072,0.13913530768752733,0.13913530768073865,0.13807980430647376,0.13807980432424818,0.13807980434197717,0.13807980432424818,0.13807980430647376,0.13807980432424818,0.1380798043598888,0.13807980440835907,0.1380798043598888,0.13807980432424818,0.13807980434197717,0.13807980440835907,0.13807980454398805,0.13807980440835907,0.13807980434197717,0.13807980432424818,0.1380798043598888,0.13807980440835907,0.1380798043598888,0.13807980432424818,0.13807980430647376,0.13807980432424818,0.13807980434197717,0.13807980432424818,0.13807980430647376,0.13704476648313574,0.1370447665119932,0.1370447665468876,0.1370447665119932,0.13704476648313574,0.1370447665119932,0.1370447665830479,0.137044766725396,0.1370447665830479,0.1370447665119932,0.1370447665468876,0.137044766725396,0.13704476751348343,0.137044766725396,0.1370447665468876,0.1370447665119932,0.1370447665830479,0.137044766725396,0.1370447665830479,0.1370447665119932,0.13704476648313574,0.1370447665119932,0.1370447665468876,0.1370447665119932,0.13704476648313574,0.13602973309319116,0.13602973311328906,0.1360297331329405,0.13602973311328906,0.13602973309319116,0.13602973311328906,0.13602973315264447,0.1360297332052076,0.13602973315264447,0.13602973311328906,0.1360297331329405,0.1360297332052076,0.1360297333509316,0.1360297332052076,0.1360297331329405,0.13602973311328906,0.13602973315264447,0.1360297332052076,0.13602973315264447,0.13602973311328906,0.13602973309319116,0.13602973311328906,0.1360297331329405,0.13602973311328906,0.13602973309319116,0.13503425257601995,0.1350342525885968,0.1350342525989729,0.1350342525885968,0.13503425257601995,0.1350342525885968,0.13503425260881652,0.13503425262884655,0.13503425260881652,0.1350342525885968,0.1350342525989729,0.13503425262884655,0.13503425266524308,0.13503425262884655,0.1350342525989729,0.1350342525885968,0.13503425260881652,0.13503425262884655,0.13503425260881652,0.1350342525885968,0.13503425257601995,0.1350342525885968,0.1350342525989729,0.1350342525885968,0.13503425257601995
0.1653324875528774,0.1653324875528774,0.16533248755287716,0.1653324875528774,0.1653324875528774,0.1653324875528774,0.16533248755287716,0.16533248755287697,0.16533248755287716,0.1653324875528774,0.16533248755287716,0.16533248755287697,0.16533248755287697,0.16533248755287697,0.16533248755287716,0.1653324875528774,0.16533248755287716,0.16533248755287697,0.16533248755287716,0.1653324875528774,0.1653324875528774,0.1653324875528774,0.16533248755287716,0.1653324875528774,0.1653324875528774,0.16375749383870858,0.16375749383870838,0.16375749383870813,0.16375749383870838,0.16375749383870858,0.16375749383870838,0.1637574938387079,0.16375749383870766,0.1637574938387079,0.16375749383870838,0.16375749383870813,0.16375749383870766,0.16375749383870722,0.16375749383870766,0.16375749383870813,0.16375749383870838,0.1637574938387079,0.16375749383870766,0.1637574938387079,0.16375749383870838,0.16375749383870858,0.16375749383870838,0.16375749383870813,0.16375749383870838,0.16375749383870858,0.162213884056348,0.16221388405634687,0.16221388405634596,0.16221388405634687,0.162213884056348,0.16221388405634687,0.1622138840563455,0.16221388405634485,0.1622138840563455,0.16221388405634687,0.16221388405634596,0.16221388405634485,0.16221388405634393,0.16221388405634485,0.16221388405634596,0.16221388405634687,0.1622138840563455,0.16221388405634485,0.1622138840563455,0.16221388405634687,0.162213884056348,0.16221388405634687,0.16221388405634596,0.16221388405634687,0.162213884056348,0.16070106716283716,0.1607010671628336,0.16070106716283136,0.1607010671628336,0.16070106716283716,0.1607010671628336,0.1607010671628298,0.1607010671628274,0.1607010671628298,0.1607010671628336,0.16070106716283136,0.1607010671628274,0.1607010671628247,0.1607010671628274,0.16070106716283136,0.1607010671628336,0.1607010671628298,0.1607010671628274,0.1607010671628298,0.1607010671628336,0.16070106716283716,0.1607010671628336,0.16070106716283136,0.1607010671628336,0.16070106716283716,0.1592184515331593,0.1592184515331484,0.15921845153314168,0.1592184515331484,0.1592184515331593,0.1592184515331484,0.15921845153313668,0.15921845153312905,0.15921845153313668,0.1592184515331484,0.15921845153314168,0.15921845153312905,0.1592184515331212,0.15921845153312905,0.15921845153314168,0.1592184515331484,0.15921845153313668,0.15921845153312905,0.15921845153313668,0.1592184515331484,0.1592184515331593,0.1592184515331484,0.15921845153314168,0.1592184515331484,0.1592184515331593,0.15776544631209669,0.15776544631206404,0.15776544631204337,0.15776544631206404,0.15776544631209669,0.15776544631206404,0.15776544631202777,0.15776544631200412,0.15776544631202777,0.15776544631206404,0.15776544631204337,0.15776544631200412,0.1577654463119785,0.15776544631200412,0.15776544631204337,0.15776544631206404,0.15776544631202777,0.15776544631200412,0.15776544631202777,0.15776544631206404,0.15776544631209669,0.15776544631206404,0.15776544631204337,0.15776544631206404,0.15776544631209669,0.15634146262857415,0.15634146262847734,0.15634146262841442,0.15634146262847734,0.15634146262857415,0.15634146262847734,0.15634146262836526,0.15634146262829038,0.15634146262836526,0.15634146262847734,0.15634146262841442,0.15634146262829038,0.15634146262820675,0.15634146262829038,0.15634146262841442,0.15634146262847734,0.15634146262836526,0.15634146262829038,0.15634146262836526,0.15634146262847734,0.15634146262857415,0.15634146262847734,0.15634146262841442,0.15634146262847734,0.15634146262857415,0.15494591468277694,0.15494591468249577,0.15494591468230703,0.15494591468249577,0.15494591468277694,0.15494591468249577,0.15494591468215255,0.15494591468191193,0.15494591468215255,0.15494591468249577,0.15494591468230703,0.15494591468191193,0.1549459146816283,0.15494591468191193,0.15494591468230703,0.15494591468249577,0.15494591468215255,0.15494591468191193,0.15494591468215255,0.15494591468249577,0.15494591468277694,0.15494591468249577,0.15494591468230703,0.15494591468249577,0.15494591468277694,0.15357822071581992,0.153578220715028,0.15357822071446986,0.153578220715028,0.15357822071581992,0.153578220715028,0.15357822071398802,0.15357822071319993,0.15357822071398802,0.153578220715028,0.15357822071446986,0.15357822071319993,0.15357822071218125,0.15357822071319993,0.15357822071446986,0.153578220715028,0.15357822071398802,0.15357822071319993,0.15357822071398802,0.153578220715028,0.15357822071581992,0.153578220715028,0.15357822071446986,0.153578220715028,0.15357822071581992,0.1522378038712783,0.1522378038691615,0.15223780386755192,0.1522378038691615,0.1522378038712783,0.1522378038691615,0.1522378038660845,0.15223780386344155,0.1522378038660845,0.1522378038691615,0.15223780386755192,0.15223780386344155,0.15223780385947364,0.15223780386344155,0.15223780386755192,0.1522378038691615,0.1522378038660845,0.15223780386344155,0.1522378038660845,0.1522378038691615,0.1522378038712783,0.1522378038691615,0.15223780386755192,0.1522378038691615,0.1522378038712783,0.15092409295751646,0.15092409295232886,0.15092409294791292,0.15092409295232886,0.15092409295751646,0.15092409295232886,0.15092409294366904,0.15092409293467224,0.15092409294366904,0.15092409295232886,0.15092409294791292,0.15092409293467224,0.15092409291746978,0.15092409293467224,0.15092409294791292,0.15092409295232886,0.15092409294366904,0.15092409293467224,0.15092409294366904,0.15092409295232886,0.15092409295751646,0.15092409295232886,0.15092409294791292,0.15092409295232886,0.15092409295751646,0.14963652311922854,0.14963652310834602,0.14963652309747633,0.14963652310834602,0.14963652311922854,0.14963652310834602,0.14963652308650682,0.14963652305663971,0.14963652308650682,0.14963652310834602,0.14963652309747633,0.14963652305663971,0.14963652297230057,0.14963652305663971,0.14963652309747633,0.14963652310834602,0.14963652308650682,0.14963652305663971,0.14963652308650682,0.14963652310834602,0.14963652311922854,0.14963652310834602,0.14963652309747633,0.14963652310834602,0.14963652311922854,0.14837453642474052,0.1483745364081359,0.1483745363878862,0.1483745364081359,0.14837453642474052,0.1483745364081359,0.14837453636687256,0.14837453628333733,0.14837453636687256,0.1483745364081359,0.1483745363878862,0.14837453628333733,0.1483745358160349,0.14837453628333733,0.1483745363878862,0.1483745364081359,0.14837453636687256,0.14837453628333733,0.14837453636687256,0.1483745364081359,0.14837453642474052,0.1483745364081359,0.1483745363878862,0.1483745364081359,0.14837453642474052,0.1471375823690466,0.1471375823587319,0.14713758234876112,0.1471375823587319,0.1471375823690466,0.1471375823587319,0.14713758233875274,0.14713758231345753,0.14713758233875274,0.1471375823587319,0.14713758234876112,0.14713758231345753,0.14713758225601828,0.14713758231345753,0.14713758234876112,0.1471375823587319,0.14713758233875274,0.14713758231345753,0.14713758233875274,0.1471375823587319,0.1471375823690466,0.1471375823587319,0.14713758234876112,0.1471375823587319,0.1471375823690466,0.14592511828673055,0.1459251182817583,0.1459251182777816,0.1459251182817583,0.14592511828673055,0.1459251182817583,0.1459251182740319,0.14592511826736143,0.1459251182740319,0.1459251182817583,0.1459251182777816,0.14592511826736143,0.14592511826183646,0.14592511826736143,0.1459251182777816,0.1459251182817583,0.1459251182740319,0.14592511826736143,0.1459251182740319,0.1459251182817583,0.14592511828673055,0.1459251182817583,0.1459251182777816,0.1459251182817583,0.14592511828673055,0.1447366097518862,0.14473660974900246,0.14473660974668917,0.14473660974900246,0.1447366097518862,0.14473660974900246,0.14473660974454586,0.14473660974005018,0.14473660974454586,0.14473660974900246,0.14473660974668917,0.14473660974005018,0.14473660972899505,0.14473660974005018,0.14473660974668917,0.14473660974900246,0.14473660974454586,0.14473660974005018,0.14473660974454586,0.14473660974900246,0.1447366097518862,0.14473660974900246,0.14473660974668917,0.14473660974900246,0.1447366097518862,0.14357153089767943,0.1435715308949654,0.1435715308923994,0.1435715308949654,0.14357153089767943,0.1435715308949654,0.14357153088988217,0.14357153088276678,0.14357153088988217,0.1435715308949654,0.1435715308923994,0.14357153088276678,0.1435715308557532,0.14357153088276678,0.1435715308923994,0.1435715308949654,0.14357153088988217,0.14357153088276678,0.14357153088988217,0.1435715308949654,0.14357153089767943,0.1435715308949654,0.1435715308923994,0.1435715308949654,0.14357153089767943,0.14242936467505138,0.14242936467199796,0.1424293646687251,0.14242936467199796,0.14242936467505138,0.14242936467199796,0.1424293646653756,0.14242936465466932,0.1424293646653756,0.14242936467199796,0.1424293646687251,0.14242936465466932,0.14242936460941316,0.14242936465466932,0.1424293646687251,0.14242936467199796,0.1424293646653756,0.14242936465466932,0.1424293646653756,0.14242936467199796,0.14242936467505138,0.14242936467199796,0.1424293646687251,0.14242936467199796,0.14242936467505138,0.14130960306273288,0.14130960306009255,0.14130960305679172,0.14130960306009255,0.14130960306273288,0.14130960306009255,0.14130960305327642,0.14130960304058954,0.14130960305327642,0.14130960306009255,0.14130960305679172,0.14130960304058954,0.14130960298167278,0.14130960304058954,0.14130960305679172,0.14130960306009255,0.14130960305327642,0.14130960304058954,0.14130960305327642,0.14130960306009255,0.14130960306273288,0.14130960306009255,0.14130960305679172,0.14130960306009255,0.14130960306273288,0.1402117472335617,0.14021174723360622,0.14021174723246874,0.14021174723360622,0.1402117472335617,0.14021174723360622,0.14021174723099505,0.14021174722206292,0.14021174723099505,0.14021174723360622,0.14021174723246874,0.14021174722206292,0.14021174716635376,0.14021174722206292,0.14021174723246874,0.14021174723360622,0.14021174723099505,0.14021174722206292,0.14021174723099505,0.14021174723360622,0.1402117472335617,0.14021174723360622,0.14021174723246874,0.14021174723360622,0.1402117472335617,0.1391353076804542,0.1391353076872263,0.1391353076927583,0.1391353076872263,0.1391353076804542,0.1391353076872263,0.13913530769800872,0.13913530770814858,0.13913530769800872,0.1391353076872263,0.1391353076927583,0.13913530770814858,0.13913530772426352,0.13913530770814858,0.1391353076927583,0.1391353076872263,0.13913530769800872,0.13913530770814858,0.13913530769800872,0.1391353076872263,0.1391353076804542,0.1391353076872263,0.1391353076927583,0.1391353076872263,0.1391353076804542,0.13807980430589825,0.13807980432361686,0.13807980434128972,0.13807980432361686,0.13807980430589825,0.13807980432361686,0.1380798043591446,0.13807980440745984,0.1380798043591446,0.13807980432361686,0.13807980434128972,0.13807980440745984,0.1380798045426505,0.13807980440745984,0.13807980434128972,0.13807980432361686,0.1380798043591446,0.13807980440745984,0.1380798043591446,0.13807980432361686,0.13807980430589825,0.13807980432361686,0.13807980434128972,0.13807980432361686,0.13807980430589825,0.13704476648233235,0.13704476651109587,0.13704476654587627,0.13704476651109587,0.13704476648233235,0.13704476651109587,0.1370447665819184,0.13704476672379956,0.1370447665819184,0.13704476651109587,0.13704476654587627,0.13704476672379956,0.1370447675092742,0.13704476672379956,0.13704476654587627,0.13704476651109587,0.1370447665819184,0.13704476672379956,0.1370447665819184,0.13704476651109587,0.13704476648233235,0.13704476651109587,0.13704476654587627,0.13704476651109587,0.13704476648233235,0.1360297330922983,0.13602973311233027,0.13602973313191719,0.13602973311233027,0.1360297330922983,0.13602973311233027,0.1360297331515566,0.1360297332039463,0.1360297331515566,0.13602973311233027,0.13602973313191719,0.1360297332039463,0.13602973334919047,0.1360297332039463,0.13602973313191719,0.13602973311233027,0.1360297331515566,0.1360297332039463,0.1360297331515566,0.13602973311233027,0.1360297330922983,0.13602973311233027,0.13602973313191719,0.13602973311233027,0.1360297330922983,0.13503425257511736,0.13503425258765267,0.13503425259799454,0.13503425258765267,0.13503425257511736,0.13503425258765267,0.13503425260780558,0.13503425262776922,0.13503425260780558,0.13503425258765267,0.13503425259799454,0.13503425262776922,0.1350342526640454,0.13503425262776922,0.13503425259799454,0.13503425258765267,0.13503425260780558,0.13503425262776922,0.13503425260780558,0.13503425258765267,0.13503425257511736,0.13503425258765267,0.13503425259799454,0.13503425258765267,0.13503425257511736
0.16533248755396912,0.16533248755396887,0.16533248755396887,0.16533248755396887,0.16533248755396912,0.16533248755396887,0.16533248755396862,0.16533248755396862,0.16533248755396862,0.16533248755396887,0.16533248755396887,0.16533248755396862,0.16533248755396862,0.16533248755396862,0.16533248755396887,0.16533248755396887,0.16533248755396862,0.16533248755396862,0.16533248755396862,0.16533248755396887,0.16533248755396912,0.16533248755396887,0.16533248755396887,0.16533248755396887,0.16533248755396912,0.16375749383978988,0.1637574938397894,0.1637574938397892,0.1637574938397894,0.16375749383978988,0.1637574938397894,0.1637574938397892,0.16375749383978896,0.1637574938397892,0.1637574938397894,0.1637574938397892,0.16375749383978896,0.16375749383978874,0.16375749383978896,0.1637574938397892,0.1637574938397894,0.1637574938397892,0.16375749383978896,0.1637574938397892,0.1637574938397894,0.16375749383978988,0.1637574938397894,0.1637574938397892,0.1637574938397894,0.16375749383978988,0.16221388405742856,0.16221388405742745,0.1622138840574268,0.16221388405742745,0.16221388405742856,0.16221388405742745,0.1622138840574263,0.1622138840574254,0.1622138840574263,0.16221388405742745,0.1622138840574268,0.1622138840574254,0.1622138840574247,0.1622138840574254,0.1622138840574268,0.16221388405742745,0.1622138840574263,0.1622138840574254,0.1622138840574263,0.16221388405742745,0.16221388405742856,0.16221388405742745,0.1622138840574268,0.16221388405742745,0.16221388405742856,0.16070106716392682,0.16070106716392327,0.16070106716392102,0.16070106716392327,0.16070106716392682,0.16070106716392327,0.16070106716391971,0.16070106716391727,0.16070106716391971,0.16070106716392327,0.16070106716392102,0.16070106716391727,0.16070106716391505,0.16070106716391727,0.16070106716392102,0.16070106716392327,0.16070106716391971,0.16070106716391727,0.16070106716391971,0.16070106716392327,0.16070106716392682,0.16070106716392327,0.16070106716392102,0.16070106716392327,0.16070106716392682,0.15921845153426767,0.15921845153425704,0.1592184515342503,0.15921845153425704,0.15921845153426767,0.15921845153425704,0.1592184515342455,0.1592184515342383,0.1592184515342455,0.15921845153425704,0.1592184515342503,0.1592184515342383,0.15921845153423067,0.1592184515342383,0.1592184515342503,0.15921845153425704,0.1592184515342455,0.1592184515342383,0.15921845153424571,0.15921845153425704,0.15921845153426767,0.15921845153425704,0.1592184515342503,0.15921845153425704,0.15921845153426767,0.15776544631323308,0.1577654463132011,0.15776544631318037,0.1577654463132011,0.15776544631323308,0.1577654463132011,0.15776544631316525,0.157765446313142,0.15776544631316525,0.1577654463132011,0.15776544631318037,0.157765446313142,0.15776544631311681,0.157765446313142,0.15776544631318037,0.1577654463132011,0.15776544631316525,0.157765446313142,0.15776544631316525,0.1577654463132011,0.15776544631323308,0.1577654463132011,0.15776544631318037,0.1577654463132011,0.15776544631323308,0.15634146262974744,0.15634146262965148,0.15634146262958895,0.15634146262965148,0.15634146262974744,0.15634146262965148,0.15634146262954066,0.156341462629466,0.15634146262954066,0.15634146262965148,0.15634146262958895,0.156341462629466,0.156341462629383,0.156341462629466,0.15634146262958895,0.15634146262965148,0.15634146262954066,0.156341462629466,0.15634146262954066,0.15634146262965148,0.15634146262974744,0.15634146262965148,0.15634146262958895,0.15634146262965148,0.15634146262974744,0.15494591468399466,0.15494591468371513,0.1549459146835278,0.15494591468371513,0.15494591468399466,0.15494591468371513,0.15494591468337432,0.15494591468313537,0.15494591468337432,0.15494591468371513,0.1549459146835278,0.15494591468313537,0.1549459146828536,0.15494591468313537,0.1549459146835278,0.15494591468371513,0.15494591468337432,0.15494591468313537,0.15494591468337432,0.15494591468371513,0.15494591468399466,0.15494591468371513,0.1549459146835278,0.15494591468371513,0.15494591468399466,0.15357822071708643,0.15357822071629953,0.153578220715745,0.15357822071629953,0.15357822071708643,0.15357822071629953,0.1535782207152664,0.15357822071448332,0.1535782207152664,0.15357822071629953,0.153578220715745,0.15357822071448332,0.15357822071347146,0.15357822071448332,0.153578220715745,0.15357822071629953,0.1535782207152664,0.15357822071448332,0.1535782207152664,0.15357822071629953,0.15357822071708643,0.15357822071629953,0.153578220715745,0.15357822071629953,0.15357822071708643,0.15223780387259084,0.1522378038704872,0.15223780386888808,0.1522378038704872,0.15223780387259084,0.1522378038704872,0.1522378038674299,0.15223780386480426,0.1522378038674299,0.1522378038704872,0.15223780386888808,0.15223780386480426,0.15223780386086236,0.15223780386480426,0.15223780386888808,0.1522378038704872,0.1522378038674299,0.15223780386480426,0.1522378038674299,0.1522378038704872,0.15223780387259084,0.1522378038704872,0.15223780386888808,0.1522378038704872,0.15223780387259084,0.15092409295885398,0.15092409295369857,0.15092409294931064,0.15092409295369857,0.15092409295885398,0.15092409295369857,0.1509240929450936,0.1509240929361554,0.1509240929450936,0.15092409295369857,0.15092409294931064,0.1509240929361554,0.15092409291906733,0.1509240929361554,0.15092409294931064,0.15092409295369857,0.1509240929450936,0.1509240929361554,0.1509240929450936,0.15092409295369857,0.15092409295885398,0.15092409295369857,0.15092409294931064,0.15092409295369857,0.15092409295885398,0.14963652312053,0.1496365231097127,0.14963652309891073,0.1496365231097127,0.14963652312053,0.1496365231097127,0.14963652308800873,0.14963652305833616,0.14963652308800873,0.1496365231097127,0.14963652309891073,0.14963652305833616,0.14963652297456373,0.14963652305833616,0.14963652309891073,0.1496365231097127,0.14963652308800873,0.14963652305833616,0.14963652308800873,0.1496365231097127,0.14963652312053,0.1496365231097127,0.14963652309891073,0.1496365231097127,0.14963652312053,0.14837453642587345,0.14837453640936016,0.14837453638922946,0.14837453640936016,0.14837453642587345,0.14837453640936016,0.1483745363683404,0.14837453628533703,0.1483745363683404,0.14837453640936016,0.14837453638922946,0.14837453628533703,0.14837453582121948,0.14837453628533703,0.14837453638922946,0.14837453640936016,0.1483745363683404,0.14837453628533703,0.1483745363683404,0.14837453640936016,0.14837453642587345,0.14837453640936016,0.14837453638922946,0.14837453640936016,0.14837453642587345,0.14713758236982116,0.147137582359533,0.1471375823495815,0.147137582359533,0.14713758236982116,0.147137582359533,0.14713758233959126,0.1471375823142917,0.14713758233959126,0.147137582359533,0.1471375823495815,0.1471375823142917,0.14713758225632473,0.1471375823142917,0.1471375823495815,0.147137582359533,0.14713758233959126,0.1471375823142917,0.14713758233959126,0.147137582359533,0.14713758236982116,0.147137582359533,0.1471375823495815,0.147137582359533,0.14713758236982116,0.145925118287086,0.14592511828209856,0.1459251182780964,0.14592511828209856,0.145925118287086,0.14592511828209856,0.1459251182743186,0.1459251182675201,0.1459251182743186,0.14592511828209856,0.1459251182780964,0.1459251182675201,0.14592511826131188,0.1459251182675201,0.1459251182780964,0.14592511828209856,0.1459251182743186,0.1459251182675201,0.1459251182743186,0.14592511828209856,0.145925118287086,0.14592511828209856,0.1459251182780964,0.14592511828209856,0.145925118287086,0.14473660975184519,0.1447366097489384,0.144736609746597,0.1447366097489384,0.14473660975184519,0.1447366097489384,0.14473660974442384,0.14473660973982394,0.144736609744424,0.1447366097489384,0.144736609746597,0.14473660973982394,0.1447366097282738,0.14473660973982394,0.144736609746597,0.1447366097489384,0.144736609744424,0.14473660973982394,0.144736609744424,0.1447366097489384,0.14473660975184519,0.1447366097489384,0.144736609746597,0.1447366097489384,0.14473660975184519,0.1435715308972787,0.14357153089455083,0.14357153089196992,0.14357153089455083,0.1435715308972787,0.14357153089455083,0.14357153088943694,0.14357153088227295,0.14357153088943694,0.14357153089455083,0.14357153089196992,0.14357153088227295,0.14357153085504443,0.14357153088227295,0.14357153089196992,0.14357153089455083,0.14357153088943694,0.14357153088227295,0.14357153088943694,0.14357153089455083,0.1435715308972787,0.14357153089455083,0.14357153089196992,0.14357153089455083,0.1435715308972787,0.14242936467430686,0.14242936467125294,0.14242936466798095,0.14242936467125294,0.14242936467430686,0.14242936467125294,0.1424293646646326,0.14242936465393471,0.1424293646646326,0.14242936467125294,0.14242936466798095,0.14242936465393471,0.14242936460871902,0.14242936465393471,0.14242936466798095,0.14242936467125294,0.1424293646646326,0.14242936465393471,0.1424293646646326,0.14242936467125294,0.14242936467430686,0.14242936467125294,0.14242936466798095,0.14242936467125294,0.14242936467430686,0.14130960306163048,0.14130960305899884,0.14130960305571053,0.14130960305899884,0.14130960306163048,0.14130960305899884,0.14130960305220888,0.14130960303957626,0.14130960305220888,0.14130960305899884,0.14130960305571053,0.14130960303957626,0.1413096029809442,0.14130960303957626,0.14130960305571053,0.14130960305899884,0.14130960305220888,0.14130960303957626,0.14130960305220888,0.14130960305899884,0.14130960306163048,0.14130960305899884,0.14130960305571053,0.14130960305899884,0.14130960306163048,0.14021174723206592,0.1402117472321151,0.1402117472309886,0.1402117472321151,0.14021174723206592,0.1402117472321151,0.14021174722952734,0.14021174722065746,0.14021174722952734,0.1402117472321151,0.1402117472309886,0.14021174722065746,0.14021174716531692,0.14021174722065746,0.1402117472309886,0.1402117472321151,0.14021174722952734,0.14021174722065746,0.14021174722952734,0.1402117472321151,0.14021174723206592,0.1402117472321151,0.1402117472309886,0.1402117472321151,0.14021174723206592,0.13913530767853471,0.13913530768528704,0.13913530769080387,0.13913530768528704,0.13913530767853471,0.13913530768528704,0.13913530769604024,0.1391353077061561,0.13913530769604024,0.13913530768528704,0.13913530769080387,0.1391353077061561,0.13913530772224633,0.1391353077061561,0.13913530769080387,0.13913530768528704,0.13913530769604024,0.1391353077061561,0.13913530769604024,0.13913530768528704,0.13913530767853471,0.13913530768528704,0.13913530769080387,0.13913530768528704,0.13913530767853471,0.13807980430357264,0.13807980432123199,0.1380798043388455,0.13807980432123199,0.13807980430357264,0.13807980432123199,0.13807980435664036,0.13807980440479203,0.13807980435664036,0.13807980432123199,0.1380798043388455,0.13807980440479203,0.13807980453952207,0.13807980440479203,0.1380798043388455,0.13807980432123199,0.13807980435664036,0.13807980440479203,0.13807980435664022,0.13807980432123199,0.13807980430357264,0.13807980432123199,0.1380798043388455,0.13807980432123199,0.13807980430357264,0.1370447664796984,0.13704476650836359,0.13704476654302444,0.13704476650836359,0.1370447664796984,0.13704476650836359,0.13704476657894268,0.1370447667203352,0.13704476657894268,0.13704476650836359,0.13704476654302444,0.1370447667203352,0.13704476750310882,0.1370447667203352,0.13704476654302444,0.13704476650836359,0.13704476657894268,0.1370447667203352,0.13704476657894268,0.13704476650836359,0.1370447664796984,0.13704476650836359,0.13704476654302444,0.13704476650836359,0.1370447664796984,0.13602973308953445,0.13602973310949756,0.13602973312901692,0.13602973310949756,0.13602973308953445,0.13602973310949756,0.1360297331485886,0.13602973320079761,0.13602973314858877,0.13602973310949756,0.13602973312901692,0.13602973320079761,0.13602973334554064,0.13602973320079761,0.13602973312901692,0.13602973310949756,0.13602973314858877,0.13602973320079761,0.13602973314858877,0.13602973310949756,0.13602973308953445,0.13602973310949756,0.13602973312901692,0.13602973310949756,0.13602973308953445,0.1350342525723416,0.13503425258483376,0.13503425259514,0.13503425258483376,0.1350342525723416,0.13503425258483376,0.13503425260491705,0.1350342526248117,0.13503425260491705,0.13503425258483376,0.13503425259514,0.1350342526248117,0.13503425266096256,0.1350342526248117,0.13503425259514,0.13503425258483376,0.13503425260491705,0.1350342526248117,0.13503425260491705,0.13503425258483376,0.1350342525723416,0.13503425258483376,0.13503425259514,0.13503425258483376,0.1350342525723416
0.16533248755582727,0.16533248755582727,0.16533248755582702,0.16533248755582727,0.16533248755582727,0.16533248755582727,0.16533248755582702,0.16533248755582702,0.16533248755582702,0.16533248755582727,0.16533248755582702,0.16533248755582702,0.1653324875558268,0.1653324875558268,0.16533248755582702,0.16533248755582727,0.16533248755582702,0.1653324875558268,0.16533248755582702,0.16533248755582727,0.16533248755582727,0.16533248755582727,0.16533248755582702,0.16533248755582727,0.16533248755582727,0.16375749384161636,0.16375749384161614,0.1637574938416159,0.16375749384161614,0.16375749384161636,0.16375749384161614,0.16375749384161567,0.16375749384161545,0.16375749384161567,0.16375749384161614,0.1637574938416159,0.16375749384161545,0.1637574938416152,0.16375749384161545,0.1637574938416159,0.16375749384161614,0.16375749384161567,0.16375749384161545,0.16375749384161567,0.16375749384161614,0.16375749384161636,0.16375749384161614,0.1637574938416159,0.16375749384161614,0.16375749384161636,0.16221388405922818,0.16221388405922704,0.16221388405922635,0.16221388405922704,0.16221388405922818,0.16221388405922704,0.16221388405922588,0.1622138840592252,0.16221388405922588,0.16221388405922704,0.16221388405922635,0.1622138840592252,0.1622138840592243,0.1622138840592252,0.16221388405922635,0.16221388405922704,0.16221388405922588,0.1622138840592252,0.16221388405922588,0.16221388405922704,0.16221388405922818,0.16221388405922704,0.16221388405922635,0.16221388405922704,0.16221388405922818,0.16070106716570426,0.16070106716570093,0.16070106716569874,0.16070106716570093,0.16070106716570426,0.16070106716570093,0.16070106716569738,0.16070106716569516,0.16070106716569738,0.16070106716570093,0.16070106716569874,0.16070106716569516,0.1607010671656927,0.16070106716569516,0.16070106716569874,0.16070106716570093,0.16070106716569738,0.16070106716569516,0.16070106716569738,0.16070106716570093,0.16070106716570426,0.16070106716570093,0.16070106716569874,0.16070106716570093,0.16070106716570426,0.15921845153602818,0.1592184515360177,0.15921845153601097,0.1592184515360177,0.15921845153602818,0.1592184515360177,0.1592184515360064,0.1592184515359992,0.1592184515360064,0.1592184515360177,0.15921845153601097,0.1592184515359992,0.15921845153599157,0.1592184515359992,0.15921845153601097,0.1592184515360177,0.1592184515360064,0.1592184515359992,0.1592184515360064,0.1592184515360177,0.15921845153602818,0.1592184515360177,0.15921845153601097,0.1592184515360177,0.15921845153602818,0.1577654463149812,0.15776544631494943,0.15776544631492917,0.15776544631494943,0.1577654463149812,0.15776544631494943,0.15776544631491424,0.1577654463148914,0.15776544631491424,0.15776544631494943,0.15776544631492917,0.1577654463148914,0.15776544631486644,0.1577654463148914,0.15776544631492917,0.15776544631494943,0.15776544631491424,0.1577654463148914,0.15776544631491424,0.15776544631494943,0.1577654463149812,0.15776544631494943,0.15776544631492917,0.15776544631494943,0.1577654463149812,0.15634146263148724,0.15634146263139231,0.1563414626313302,0.15634146263139231,0.15634146263148724,0.15634146263139231,0.15634146263128249,0.15634146263120846,0.15634146263128249,0.15634146263139231,0.1563414626313302,0.15634146263120846,0.1563414626311261,0.15634146263120846,0.1563414626313302,0.15634146263139231,0.15634146263128249,0.15634146263120846,0.15634146263128249,0.15634146263139231,0.15634146263148724,0.15634146263139231,0.1563414626313302,0.15634146263139231,0.15634146263148724,0.15494591468572919,0.15494591468545194,0.15494591468526606,0.15494591468545194,0.15494591468572919,0.15494591468545194,0.1549459146851138,0.1549459146848767,0.1549459146851138,0.15494591468545194,0.15494591468526606,0.1549459146848767,0.15494591468459717,0.1549459146848767,0.15494591468526606,0.15494591468545194,0.1549459146851138,0.1549459146848767,0.1549459146851138,0.15494591468545194,0.15494591468572919,0.15494591468545194,0.15494591468526606,0.15494591468545194,0.15494591468572919,0.1535782207188157,0.1535782207180348,0.1535782207174845,0.1535782207180348,0.1535782207188157,0.1535782207180348,0.15357822071700952,0.15357822071623245,0.15357822071700952,0.1535782207180348,0.1535782207174845,0.15357822071623245,0.15357822071522845,0.15357822071623245,0.1535782207174845,0.1535782207180348,0.15357822071700952,0.15357822071623245,0.15357822071700952,0.1535782207180348,0.1535782207188157,0.1535782207180348,0.1535782207174845,0.1535782207180348,0.1535782207188157,0.1522378038743067,0.1522378038722186,0.15223780387063152,0.1522378038722186,0.1522378038743067,0.1522378038722186,0.1522378038691845,0.15223780386657915,0.1522378038691845,0.1522378038722186,0.15223780387063152,0.15223780386657915,0.15223780386266794,0.15223780386657915,0.15223780387063152,0.1522378038722186,0.1522378038691845,0.15223780386657915,0.1522378038691845,0.1522378038722186,0.1522378038743067,0.1522378038722186,0.15223780387063152,0.1522378038722186,0.1522378038743067,0.1509240929605272,0.15092409295540937,0.15092409295105422,0.15092409295540937,0.1509240929605272,0.15092409295540937,0.15092409294686904,0.15092409293799972,0.15092409294686904,0.15092409295540937,0.15092409295105422,0.15092409293799972,0.15092409292104628,0.15092409293799972,0.15092409295105422,0.15092409295540937,0.15092409294686904,0.15092409293799972,0.15092409294686904,0.15092409295540937,0.1509240929605272,0.15092409295540937,0.15092409295105422,0.15092409295540937,0.1509240929605272,0.14963652312208447,0.14963652311134393,0.14963652310062137,0.14963652311134393,0.14963652312208447,0.14963652311134393,0.14963652308979994,0.1496365230603556,0.14963652308979994,0.14963652311134393,0.14963652310062137,0.1496365230603556,0.14963652297724966,0.1496365230603556,0.14963652310062137,0.14963652311134393,0.14963652308979994,0.1496365230603556,0.14963652308979994,0.14963652311134393,0.14963652312208447,0.14963652311134393,0.14963652310062137,0.14963652311134393,0.14963652312208447,0.14837453642715093,0.14837453641074497,0.14837453639075415,0.14837453641074497,0.14837453642715093,0.14837453641074497,0.1483745363700115,0.14837453628763364,0.1483745363700115,0.14837453641074497,0.14837453639075415,0.14837453628763364,0.14837453582721416,0.14837453628763364,0.14837453639075415,0.14837453641074497,0.1483745363700115,0.14837453628763364,0.1483745363700115,0.14837453641074497,0.14837453642715093,0.14837453641074497,0.14837453639075415,0.14837453641074497,0.14837453642715093,0.1471375823705972,0.14713758236033922,0.1471375823504091,0.14713758236033922,0.1471375823705972,0.14713758236033922,0.14713758234043958,0.14713758231513185,0.14713758234043958,0.14713758236033922,0.1471375823504091,0.14713758231513185,0.14713758225661594,0.14713758231513185,0.1471375823504091,0.14713758236033922,0.14713758234043958,0.14713758231513185,0.14713758234043958,0.14713758236033922,0.1471375823705972,0.14713758236033922,0.1471375823504091,0.14713758236033922,0.1471375823705972,0.14592511828729127,0.14592511828228374,0.14592511827824936,0.14592511828228374,0.14592511828729127,0.14592511828228374,0.14592511827443647,0.1459251182674811,0.14592511827443647,0.14592511828228374,0.14592511827824936,0.1459251182674811,0.14592511826041926,0.1459251182674811,0.14592511827824936,0.14592511828228374,0.14592511827443647,0.1459251182674811,0.14592511827443647,0.14592511828228374,0.14592511828729127,0.14592511828228374,0.14592511827824936,0.14592511828228374,0.14592511828729127,0.14473660975151198,0.14473660974857466,0.14473660974619695,0.14473660974857466,0.14473660975151198,0.14473660974857466,0.14473660974398556,0.14473660973925298,0.14473660974398556,0.14473660974857466,0.14473660974619695,0.14473660973925298,0.14473660972714622,0.14473660973925298,0.14473660974619695,0.14473660974857466,0.14473660974398556,0.14473660973925298,0.14473660974398556,0.14473660974857466,0.14473660975151198,0.14473660974857466,0.14473660974619695,0.14473660974857466,0.14473660975151198,0.1435715308964601,0.14357153089371133,0.14357153089110802,0.14357153089371133,0.1435715308964601,0.14357153089371133,0.14357153088855226,0.14357153088131677,0.14357153088855226,0.14357153089371133,0.14357153089110802,0.14357153088131677,0.1435715308538013,0.14357153088131677,0.14357153089110802,0.14357153089371133,0.14357153088855226,0.14357153088131677,0.14357153088855226,0.14357153089371133,0.1435715308964601,0.14357153089371133,0.14357153089110802,0.14357153089371133,0.1435715308964601,0.1424293646730358,0.14242936466997552,0.14242936466669848,0.14242936466997552,0.1424293646730358,0.14242936466997552,0.14242936466334563,0.14242936465263853,0.14242936466334563,0.14242936466997552,0.14242936466669848,0.14242936465263853,0.14242936460741676,0.14242936465263853,0.14242936466669848,0.14242936466997552,0.14242936466334563,0.14242936465263853,0.14242936466334563,0.14242936466997552,0.1424293646730358,0.14242936466997552,0.14242936466669848,0.14242936466997552,0.1424293646730358,0.1413096030599087,0.14130960305728085,0.14130960305400025,0.14130960305728085,0.1413096030599087,0.14130960305728085,0.14130960305050763,0.14130960303791548,0.14130960305050763,0.14130960305728085,0.14130960305400025,0.14130960303791548,0.14130960297951534,0.14130960303791548,0.14130960305400025,0.14130960305728085,0.14130960305050763,0.14130960303791548,0.14130960305050763,0.14130960305728085,0.1413096030599087,0.14130960305728085,0.14130960305400025,0.14130960305728085,0.1413096030599087,0.14021174722987273,0.14021174722992305,0.1402117472288036,0.14021174722992305,0.14021174722987273,0.14021174722992305,0.14021174722735122,0.1402117472185323,0.14021174722735122,0.14021174722992305,0.1402117472288036,0.1402117472185323,0.14021174716350296,0.1402117472185323,0.1402117472288036,0.14021174722992305,0.14021174722735122,0.1402117472185323,0.14021174722735122,0.14021174722992305,0.14021174722987273,0.14021174722992305,0.1402117472288036,0.14021174722992305,0.14021174722987273,0.13913530767585425,0.13913530768258395,0.13913530768808294,0.13913530768258395,0.13913530767585425,0.13913530768258395,0.13913530769330268,0.1391353077033888,0.13913530769330268,0.13913530768258395,0.13913530768808294,0.1391353077033888,0.1391353077194419,0.1391353077033888,0.13913530768808294,0.13913530768258395,0.13913530769330268,0.1391353077033888,0.13913530769330268,0.13913530768258395,0.13913530767585425,0.13913530768258395,0.13913530768808294,0.13913530768258395,0.13913530767585425,0.13807980430043615,0.1380798043180327,0.13807980433558342,0.1380798043180327,0.13807980430043615,0.1380798043180327,0.13807980435331488,0.13807980440129478,0.13807980435331488,0.1380798043180327,0.13807980433558342,0.13807980440129478,0.13807980453554233,0.13807980440129478,0.13807980433558342,0.1380798043180327,0.13807980435331488,0.13807980440129478,0.13807980435331488,0.1380798043180327,0.13807980430043615,0.1380798043180327,0.13807980433558342,0.1380798043180327,0.13807980430043615,0.13704476647621944,0.13704476650478137,0.13704476653931738,0.13704476650478137,0.13704476647621944,0.13704476650478137,0.13704476657510625,0.1370447667159888,0.13704476657510625,0.13704476650478137,0.13704476653931738,0.1370447667159888,0.1370447674959401,0.1370447667159888,0.13704476653931738,0.13704476650478137,0.13704476657510625,0.1370447667159888,0.13704476657510625,0.13704476650478137,0.13704476647621944,0.13704476650478137,0.13704476653931738,0.13704476650478137,0.13704476647621944,0.13602973308591,0.13602973310580121,0.1360297331252502,0.13602973310580121,0.13602973308591,0.13602973310580121,0.13602973314475136,0.13602973319677172,0.13602973314475136,0.13602973310580121,0.1360297331252502,0.13602973319677172,0.13602973334099216,0.13602973319677172,0.1360297331252502,0.13602973310580121,0.13602973314475136,0.13602973319677172,0.13602973314475136,0.13602973310580121,0.13602973308591,0.13602973310580121,0.1360297331252502,0.13602973310580121,0.13602973308591,0.13503425256870655,0.13503425258115354,0.13503425259142257,0.13503425258115354,0.13503425256870655,0.13503425258115354,0.13503425260116414,0.13503425262098698,0.1350342526011643,0.13503425258115354,0.13503425259142257,0.13503425262098698,0.13503425265700722,0.13503425262098698,0.13503425259142257,0.13503425258115354,0.1350342526011643,0.13503425262098698,0.13503425260116414,0.13503425258115354,0.13503425256870655,0.13503425258115354,0.13503425259142257,0.13503425258115354,0.13503425256870655
0.16533248755811258,0.16533248755811233,0.16533248755811233,0.16533248755811233,0.16533248755811258,0.16533248755811233,0.16533248755811233,0.1653324875581121,0.16533248755811233,0.16533248755811233,0.16533248755811233,0.1653324875581121,0.1653324875581121,0.1653324875581121,0.16533248755811233,0.16533248755811233,0.16533248755811233,0.1653324875581121,0.16533248755811233,0.16533248755811233,0.16533248755811258,0.16533248755811233,0.16533248755811233,0.16533248755811233,0.16533248755811258,0.1637574938438594,0.16375749384385893,0.1637574938438587,0.16375749384385893,0.1637574938438594,0.16375749384385893,0.1637574938438585,0.16375749384385824,0.1637574938438585,0.16375749384385893,0.1637574938438587,0.16375749384385824,0.16375749384385802,0.16375749384385824,0.1637574938438587,0.16375749384385893,0.1637574938438585,0.16375749384385824,0.1637574938438585,0.16375749384385893,0.1637574938438594,0.16375749384385893,0.1637574938438587,0.16375749384385893,0.1637574938438594,0.16221388406143192,0.16221388406143075,0.1622138840614301,0.16221388406143075,0.16221388406143192,0.16221388406143075,0.16221388406142964,0.16221388406142898,0.16221388406142964,0.16221388406143075,0.1622138840614301,0.16221388406142898,0.16221388406142828,0.16221388406142898,0.1622138840614301,0.16221388406143075,0.16221388406142964,0.16221388406142898,0.16221388406142964,0.16221388406143075,0.16221388406143192,0.16221388406143075,0.1622138840614301,0.16221388406143075,0.16221388406143192,0.1607010671678725,0.16070106716786914,0.16070106716786692,0.16070106716786914,0.1607010671678725,0.16070106716786914,0.16070106716786559,0.1607010671678634,0.16070106716786559,0.16070106716786914,0.16070106716786692,0.1607010671678634,0.16070106716786114,0.1607010671678634,0.16070106716786692,0.16070106716786914,0.16070106716786559,0.1607010671678634,0.16070106716786559,0.16070106716786914,0.1607010671678725,0.16070106716786914,0.16070106716786692,0.16070106716786914,0.1607010671678725,0.1592184515381642,0.15921845153815373,0.1592184515381472,0.15921845153815373,0.1592184515381642,0.15921845153815373,0.15921845153814265,0.15921845153813544,0.15921845153814265,0.15921845153815373,0.1592184515381472,0.15921845153813544,0.15921845153812803,0.15921845153813544,0.1592184515381472,0.15921845153815373,0.15921845153814265,0.15921845153813544,0.15921845153814265,0.15921845153815373,0.1592184515381642,0.15921845153815373,0.1592184515381472,0.15921845153815373,0.1592184515381642,0.15776544631708825,0.15776544631705666,0.1577654463170366,0.15776544631705666,0.15776544631708825,0.15776544631705666,0.15776544631702188,0.15776544631699926,0.15776544631702188,0.15776544631705666,0.1577654463170366,0.15776544631699926,0.1577654463169747,0.15776544631699926,0.1577654463170366,0.15776544631705666,0.15776544631702188,0.15776544631699926,0.15776544631702188,0.15776544631705666,0.15776544631708825,0.15776544631705666,0.1577654463170366,0.15776544631705666,0.15776544631708825,0.15634146263356785,0.15634146263347373,0.15634146263341225,0.15634146263347373,0.15634146263356785,0.15634146263347373,0.15634146263336524,0.15634146263329202,0.15634146263336524,0.15634146263347373,0.15634146263341225,0.15634146263329202,0.15634146263321025,0.15634146263329202,0.15634146263341225,0.15634146263347373,0.15634146263336524,0.15634146263329202,0.15634146263336524,0.15634146263347373,0.15634146263356785,0.15634146263347373,0.15634146263341225,0.15634146263347373,0.15634146263356785,0.15494591468778487,0.15494591468751026,0.15494591468732583,0.15494591468751026,0.15494591468778487,0.15494591468751026,0.15494591468717522,0.15494591468694016,0.15494591468717522,0.15494591468751026,0.15494591468732583,0.15494591468694016,0.15494591468666308,0.15494591468694016,0.15494591468732583,0.15494591468751026,0.15494591468717522,0.15494591468694016,0.15494591468717522,0.15494591468751026,0.15494591468778487,0.15494591468751026,0.15494591468732583,0.15494591468751026,0.15494591468778487,0.1535782207208444,0.15357822072007038,0.15357822071952487,0.15357822072007038,0.1535782207208444,0.15357822072007038,0.15357822071905408,0.15357822071828406,0.15357822071905408,0.15357822072007038,0.15357822071952487,0.15357822071828406,0.15357822071728888,0.15357822071828406,0.15357822071952487,0.15357822072007038,0.15357822071905408,0.15357822071828406,0.15357822071905408,0.15357822072007038,0.1535782207208444,0.15357822072007038,0.15357822071952487,0.15357822072007038,0.1535782207208444,0.15223780387629712,0.15223780387422695,0.15223780387265362,0.15223780387422695,0.15223780387629712,0.15223780387422695,0.15223780387121943,0.1522378038686371,0.15223780387121943,0.15223780387422695,0.15223780387265362,0.1522378038686371,0.15223780386476132,0.1522378038686371,0.15223780387265362,0.15223780387422695,0.15223780387121943,0.1522378038686371,0.15223780387121943,0.15223780387422695,0.15223780387629712,0.15223780387422695,0.15223780387265362,0.15223780387422695,0.15223780387629712,0.1509240929624444,0.15092409295737005,0.15092409295305248,0.15092409295737005,0.1509240929624444,0.15092409295737005,0.15092409294890374,0.15092409294011336,0.15092409294890374,0.15092409295737005,0.15092409295305248,0.15092409294011336,0.15092409292331427,0.15092409294011336,0.15092409295305248,0.15092409295737005,0.15092409294890374,0.15092409294011336,0.15092409294890374,0.15092409295737005,0.1509240929624444,0.15092409295737005,0.15092409295305248,0.15092409295737005,0.1509240929624444,0.14963652312384032,0.1496365231131879,0.14963652310255626,0.1496365231131879,0.14963652312384032,0.1496365231131879,0.14963652309182746,0.14963652306264486,0.14963652309182746,0.1496365231131879,0.14963652310255626,0.14963652306264486,0.14963652298030358,0.14963652306264486,0.14963652310255626,0.1496365231131879,0.14963652309182746,0.14963652306264486,0.14963652309182746,0.1496365231131879,0.14963652312384032,0.1496365231131879,0.14963652310255626,0.1496365231131879,0.14963652312384032,0.14837453642856277,0.1483745364122793,0.14837453639244863,0.1483745364122793,0.14837453642856277,0.1483745364122793,0.14837453637187387,0.14837453629021402,0.14837453637187387,0.1483745364122793,0.14837453639244863,0.14837453629021402,0.14837453583407284,0.14837453629021402,0.14837453639244863,0.1483745364122793,0.14837453637187387,0.14837453629021402,0.14837453637187387,0.1483745364122793,0.14837453642856277,0.1483745364122793,0.14837453639244863,0.1483745364122793,0.14837453642856277,0.1471375823714072,0.14713758236118302,0.1471375823512767,0.14713758236118302,0.1471375823714072,0.14713758236118302,0.1471375823413297,0.14713758231601018,0.1471375823413297,0.14713758236118302,0.1471375823512767,0.14713758231601018,0.14713758225683954,0.14713758231601018,0.1471375823512767,0.14713758236118302,0.1471375823413297,0.14713758231601018,0.1471375823413297,0.14713758236118302,0.1471375823714072,0.14713758236118302,0.1471375823512767,0.14713758236118302,0.1471375823714072,0.14592511828742197,0.14592511828238972,0.14592511827831667,0.14592511828238972,0.14592511828742197,0.14592511828238972,0.14592511827446158,0.14592511826732102,0.14592511827446158,0.14592511828238972,0.14592511827831667,0.14592511826732102,0.14592511825924226,0.14592511826732102,0.14592511827831667,0.14592511828238972,0.14592511827446158,0.14592511826732102,0.14592511827446158,0.14592511828238972,0.14592511828742197,0.14592511828238972,0.14592511827831667,0.14592511828238972,0.14592511828742197,0.14473660975100472,0.1447366097480297,0.14473660974560748,0.1447366097480297,0.14473660975100472,0.1447366097480297,0.14473660974334931,0.14473660973845615,0.14473660974334931,0.1447366097480297,0.14473660974560748,0.14473660973845615,0.14473660972565397,0.14473660973845615,0.14473660974560748,0.1447366097480297,0.14473660974334931,0.14473660973845615,0.14473660974334931,0.1447366097480297,0.14473660975100472,0.1447366097480297,0.14473660974560748,0.1447366097480297,0.14473660975100472,0.14357153089538294,0.14357153089260613,0.1435715308899732,0.14357153089260613,0.14357153089538294,0.14357153089260613,0.1435715308873872,0.1435715308800579,0.1435715308873872,0.14357153089260613,0.1435715308899732,0.1435715308800579,0.1435715308521348,0.1435715308800579,0.1435715308899732,0.14357153089260613,0.1435715308873872,0.1435715308800579,0.1435715308873872,0.14357153089260613,0.14357153089538294,0.14357153089260613,0.1435715308899732,0.14357153089260613,0.14357153089538294,0.1424293646714358,0.14242936466836328,0.1424293646650753,0.14242936466836328,0.1424293646714358,0.14242936466836328,0.14242936466171205,0.14242936465097844,0.14242936466171205,0.14242936466836328,0.1424293646650753,0.14242936465097844,0.1424293646056874,0.14242936465097844,0.1424293646650753,0.14242936466836328,0.14242936466171205,0.14242936465097844,0.14242936466171205,0.14242936466836328,0.1424293646714358,0.14242936466836328,0.1424293646650753,0.14242936466836328,0.1424293646714358,0.14130960305780038,0.14130960305517173,0.14130960305189427,0.14130960305517173,0.14130960305780038,0.14130960305517173,0.14130960304840595,0.14130960303584028,0.14130960304840595,0.14130960305517173,0.14130960305189427,0.14130960303584028,0.14130960297758943,0.14130960303584028,0.14130960305189427,0.14130960305517173,0.14130960304840595,0.14130960303584028,0.14130960304840595,0.14130960305517173,0.14130960305780038,0.14130960305517173,0.14130960305189427,0.14130960305517173,0.14130960305780038,0.14021174722724655,0.14021174722729413,0.1402117472261781,0.14021174722729413,0.14021174722724655,0.14021174722729413,0.14021174722473084,0.14021174721595175,0.14021174722473084,0.14021174722729413,0.1402117472261781,0.14021174721595175,0.1402117471611895,0.14021174721595175,0.1402117472261781,0.14021174722729413,0.14021174722473084,0.14021174721595175,0.14021174722473084,0.14021174722729413,0.14021174722724655,0.14021174722729413,0.1402117472261781,0.14021174722729413,0.14021174722724655,0.13913530767270357,0.13913530767940765,0.13913530768488624,0.13913530767940765,0.13913530767270357,0.13913530767940765,0.13913530769008686,0.1391353077001377,0.13913530769008686,0.13913530767940765,0.13913530768488624,0.1391353077001377,0.13913530771614116,0.1391353077001377,0.13913530768488624,0.13913530767940765,0.13913530769008686,0.1391353077001377,0.13913530769008686,0.13913530767940765,0.13913530767270357,0.13913530767940765,0.13913530768488624,0.13913530767940765,0.13913530767270357,0.13807980429680058,0.1380798043143308,0.13807980433181577,0.1380798043143308,0.13807980429680058,0.1380798043143308,0.13807980434948056,0.13807980439728043,0.13807980434948056,0.1380798043143308,0.13807980433181577,0.13807980439728043,0.13807980453102364,0.13807980439728043,0.13807980433181577,0.1380798043143308,0.13807980434948056,0.13807980439728043,0.13807980434948056,0.1380798043143308,0.13807980429680058,0.1380798043143308,0.13807980433181577,0.1380798043143308,0.13807980429680058,0.137044766472222,0.13704476650067643,0.13704476653508246,0.13704476650067643,0.137044766472222,0.13704476650067643,0.13704476657073647,0.13704476671108792,0.13704476657073647,0.13704476650067643,0.13704476653508246,0.13704476671108792,0.13704476748810263,0.13704476671108792,0.13704476653508246,0.13704476650067643,0.13704476657073647,0.13704476671108792,0.13704476657073647,0.13704476650067643,0.137044766472222,0.13704476650067643,0.13704476653508246,0.13704476650067643,0.137044766472222,0.13602973308176036,0.1360297331015766,0.13602973312095237,0.1360297331015766,0.13602973308176036,0.1360297331015766,0.13602973314038003,0.13602973319220418,0.13602973314038003,0.1360297331015766,0.13602973312095237,0.13602973319220418,0.1360297333358808,0.13602973319220418,0.13602973312095237,0.1360297331015766,0.13602973314038003,0.13602973319220418,0.13602973314038003,0.1360297331015766,0.13602973308176036,0.1360297331015766,0.13602973312095237,0.1360297331015766,0.13602973308176036,0.13503425256454885,0.135034252576949,0.13503425258717933,0.135034252576949,0.13503425256454885,0.135034252576949,0.13503425259688417,0.1350342526166321,0.13503425259688417,0.135034252576949,0.13503425258717933,0.1350342526166321,0.1350342526525165,0.1350342526166321,0.13503425258717933,0.135034252576949,0.13503425259688417,0.1350342526166321,0.13503425259688417,0.135034252576949,0.13503425256454885,0.135034252576949,0.13503425258717933,0.135034252576949,0.13503425256454885
0.1653324875607108,0.1653324875607108,0.16533248756071056,0.1653324875607108,0.1653324875607108,0.1653324875607108,0.16533248756071056,0.1653324875607103,0.16533248756071056,0.1653324875607108,0.16533248756071056,0.1653324875607103,0.1653324875607103,0.1653324875607103,0.16533248756071056,0.1653324875607108,0.16533248756071056,0.1653324875607103,0.16533248756071056,0.1653324875607108,0.1653324875607108,0.1653324875607108,0.16533248756071056,0.1653324875607108,0.1653324875607108,0.1637574938464082,0.16375749384640798,0.16375749384640773,0.16375749384640798,0.1637574938464082,0.16375749384640798,0.1637574938464075,0.16375749384640725,0.1637574938464075,0.16375749384640798,0.16375749384640773,0.16375749384640725,0.16375749384640703,0.16375749384640725,0.16375749384640773,0.16375749384640798,0.1637574938464075,0.16375749384640725,0.1637574938464075,0.16375749384640798,0.1637574938464082,0.16375749384640798,0.16375749384640773,0.16375749384640798,0.1637574938464082,0.16221388406393444,0.16221388406393328,0.1622138840639326,0.16221388406393328,0.16221388406393444,0.16221388406393328,0.16221388406393217,0.1622138840639315,0.16221388406393217,0.16221388406393328,0.1622138840639326,0.1622138840639315,0.1622138840639308,0.1622138840639315,0.1622138840639326,0.16221388406393328,0.16221388406393217,0.1622138840639315,0.16221388406393217,0.16221388406393328,0.16221388406393444,0.16221388406393328,0.1622138840639326,0.16221388406393328,0.16221388406393444,0.16070106717033147,0.16070106717032814,0.16070106717032595,0.16070106717032814,0.16070106717033147,0.16070106717032814,0.16070106717032462,0.16070106717032237,0.16070106717032462,0.16070106717032814,0.16070106717032595,0.16070106717032237,0.16070106717032015,0.16070106717032237,0.16070106717032595,0.16070106717032814,0.16070106717032462,0.16070106717032237,0.16070106717032462,0.16070106717032814,0.16070106717033147,0.16070106717032814,0.16070106717032595,0.16070106717032814,0.16070106717033147,0.15921845154058237,0.15921845154057213,0.1592184515405656,0.15921845154057213,0.15921845154058237,0.15921845154057213,0.15921845154056125,0.15921845154055406,0.15921845154056125,0.15921845154057213,0.1592184515405656,0.15921845154055406,0.15921845154054687,0.15921845154055406,0.1592184515405656,0.15921845154057213,0.15921845154056125,0.15921845154055406,0.15921845154056125,0.15921845154057213,0.15921845154058237,0.15921845154057213,0.1592184515405656,0.15921845154057213,0.15921845154058237,0.15776544631946857,0.15776544631943742,0.15776544631941758,0.15776544631943742,0.15776544631946857,0.15776544631943742,0.15776544631940306,0.15776544631938066,0.15776544631940306,0.15776544631943742,0.15776544631941758,0.15776544631938066,0.15776544631935654,0.15776544631938066,0.15776544631941758,0.15776544631943742,0.15776544631940306,0.15776544631938066,0.15776544631940306,0.15776544631943742,0.15776544631946857,0.15776544631943742,0.15776544631941758,0.15776544631943742,0.15776544631946857,0.15634146263591253,0.1563414626358195,0.15634146263575868,0.1563414626358195,0.15634146263591253,0.1563414626358195,0.15634146263571222,0.1563414626356399,0.15634146263571222,0.1563414626358195,0.15634146263575868,0.1563414626356399,0.15634146263555895,0.1563414626356399,0.15634146263575868,0.1563414626358195,0.15634146263571222,0.1563414626356399,0.15634146263571222,0.1563414626358195,0.15634146263591253,0.1563414626358195,0.15634146263575868,0.1563414626358195,0.15634146263591253,0.15494591469009486,0.1549459146898229,0.15494591468964033,0.1549459146898229,0.15494591469009486,0.1549459146898229,0.15494591468949154,0.15494591468925872,0.15494591468949154,0.1549459146898229,0.15494591468964033,0.15494591468925872,0.15494591468898433,0.15494591468925872,0.15494591468964033,0.1549459146898229,0.15494591468949154,0.15494591468925872,0.15494591468949154,0.1549459146898229,0.15494591469009486,0.1549459146898229,0.15494591468964033,0.1549459146898229,0.15494591469009486,0.15357822072311636,0.15357822072234992,0.15357822072180988,0.15357822072234992,0.15357822072311636,0.15357822072234992,0.15357822072134392,0.1535782207205815,0.15357822072134392,0.15357822072234992,0.15357822072180988,0.1535782207205815,0.1535782207195966,0.1535782207205815,0.15357822072180988,0.15357822072234992,0.15357822072134392,0.1535782207205815,0.15357822072134392,0.15357822072234992,0.15357822072311636,0.15357822072234992,0.15357822072180988,0.15357822072234992,0.15357822072311636,0.15223780387851765,0.15223780387646776,0.15223780387490998,0.15223780387646776,0.15223780387851765,0.15223780387646776,0.15223780387349017,0.15223780387093383,0.15223780387349017,0.15223780387646776,0.15223780387490998,0.15223780387093383,0.15223780386709784,0.15223780387093383,0.15223780387490998,0.15223780387646776,0.15223780387349017,0.15223780387093383,0.15223780387349017,0.15223780387646776,0.15223780387851765,0.15223780387646776,0.15223780387490998,0.15223780387646776,0.15223780387851765,0.15092409296457368,0.1509240929595481,0.150924092955273,0.1509240929595481,0.15092409296457368,0.1509240929595481,0.15092409295116516,0.1509240929424637,0.15092409295116516,0.1509240929595481,0.150924092955273,0.1509240929424637,0.1509240929258388,0.1509240929424637,0.150924092955273,0.1509240929595481,0.15092409295116516,0.1509240929424637,0.15092409295116516,0.1509240929595481,0.15092409296457368,0.1509240929595481,0.150924092955273,0.1509240929595481,0.15092409296457368,0.1496365231257784,0.14963652311522507,0.14963652310469613,0.14963652311522507,0.1496365231257784,0.14963652311522507,0.14963652309407152,0.14963652306518346,0.14963652309407152,0.14963652311522507,0.14963652310469613,0.14963652306518346,0.14963652298370383,0.14963652306518346,0.14963652310469613,0.14963652311522507,0.14963652309407152,0.14963652306518346,0.14963652309407152,0.14963652311522507,0.1496365231257784,0.14963652311522507,0.14963652310469613,0.14963652311522507,0.1496365231257784,0.1483745364301036,0.1483745364139582,0.14837453639430787,0.1483745364139582,0.1483745364301038,0.1483745364139582,0.14837453637392195,0.14837453629307049,0.14837453637392195,0.1483745364139582,0.14837453639430787,0.14837453629307049,0.1483745358417692,0.14837453629307049,0.14837453639430787,0.1483745364139582,0.14837453637392195,0.14837453629307049,0.14837453637392195,0.1483745364139582,0.1483745364301038,0.1483745364139582,0.14837453639430787,0.1483745364139582,0.1483745364301038,0.14713758237226135,0.14713758236207422,0.14713758235219387,0.14713758236207422,0.14713758237226135,0.14713758236207422,0.14713758234227178,0.14713758231693697,0.14713758234227178,0.14713758236207422,0.14713758235219387,0.14713758231693697,0.14713758225695128,0.14713758231693697,0.14713758235219387,0.14713758236207422,0.14713758234227178,0.14713758231693697,0.14713758234227178,0.14713758236207422,0.14713758237226135,0.14713758236207422,0.14713758235219387,0.14713758236207422,0.14713758237226135,0.14592511828750335,0.14592511828244153,0.14592511827832344,0.14592511828244153,0.14592511828750335,0.14592511828244153,0.14592511827441937,0.1459251182670655,0.14592511827441937,0.14592511828244153,0.14592511827832344,0.1459251182670655,0.14592511825786458,0.1459251182670655,0.14592511827832344,0.14592511828244153,0.14592511827441937,0.1459251182670655,0.14592511827441937,0.14592511828244153,0.14592511828750335,0.14592511828244153,0.14592511827832344,0.14592511828244153,0.14592511828750335,0.14473660975036345,0.1447366097473432,0.14473660974486843,0.1447366097473432,0.14473660975036345,0.1447366097473432,0.1447366097425553,0.14473660973747396,0.1447366097425553,0.1447366097473432,0.14473660974486843,0.14473660973747396,0.14473660972383673,0.14473660973747396,0.14473660974486843,0.1447366097473432,0.1447366097425553,0.14473660973747396,0.1447366097425553,0.1447366097473432,0.14473660975036345,0.1447366097473432,0.14473660974486843,0.1447366097473432,0.14473660975036345,0.14357153089410044,0.14357153089128888,0.14357153088861935,0.14357153089128888,0.14357153089410044,0.14357153089128888,0.14357153088599586,0.14357153087855087,0.14357153088599586,0.14357153089128888,0.14357153088861935,0.14357153087855087,0.1435715308501821,0.14357153087855087,0.14357153088861935,0.14357153089128888,0.14357153088599586,0.14357153087855087,0.14357153088599586,0.14357153089128888,0.14357153089410044,0.14357153089128888,0.14357153088861935,0.14357153089128888,0.14357153089410044,0.14242936466957343,0.14242936466648293,0.14242936466317854,0.14242936466648293,0.14242936466957343,0.14242936466648293,0.14242936465979902,0.14242936464902228,0.14242936465979902,0.14242936466648293,0.14242936466317854,0.14242936464902228,0.1424293646035761,0.14242936464902228,0.14242936466317854,0.14242936466648293,0.14242936465979902,0.14242936464902228,0.14242936465979902,0.14242936466648293,0.14242936466957343,0.14242936466648293,0.14242936466317854,0.14242936466648293,0.14242936466957343,0.14130960305538423,0.14130960305275014,0.14130960304947102,0.14130960305275014,0.14130960305538423,0.14130960305275014,0.14130960304598236,0.14130960303342952,0.14130960304598236,0.14130960305275014,0.14130960304947102,0.14130960303342952,0.14130960297527442,0.14130960303342952,0.14130960304947102,0.14130960305275014,0.14130960304598236,0.14130960303342952,0.14130960304598236,0.14130960305275014,0.14130960305538423,0.14130960305275014,0.14130960304947102,0.14130960305275014,0.14130960305538423,0.1402117472242766,0.14021174722431773,0.14021174722320154,0.14021174722431773,0.1402117472242766,0.14021174722431773,0.14021174722175575,0.14021174721300553,0.14021174722175575,0.14021174722431773,0.14021174722320154,0.14021174721300553,0.1402117471584772,0.14021174721300553,0.14021174722320154,0.14021174722431773,0.14021174722175575,0.14021174721300553,0.14021174722175575,0.14021174722431773,0.1402117472242766,0.14021174722431773,0.14021174722320154,0.14021174722431773,0.1402117472242766,0.1391353076691808,0.13913530767585647,0.1391353076813121,0.13913530767585647,0.1391353076691808,0.13913530767585647,0.13913530768649107,0.1391353076965013,0.13913530768649107,0.13913530767585647,0.1391353076813121,0.1391353076965013,0.1391353077124426,0.1391353076965013,0.1391353076813121,0.13913530767585647,0.13913530768649107,0.1391353076965013,0.13913530768649107,0.13913530767585647,0.1391353076691808,0.13913530767585647,0.1391353076813121,0.13913530767585647,0.1391353076691808,0.13807980429277122,0.13807980431023198,0.13807980432764763,0.13807980431023198,0.13807980429277122,0.13807980431023198,0.1380798043452428,0.1380798043928543,0.1380798043452428,0.13807980431023198,0.13807980432764763,0.1380798043928543,0.13807980452607194,0.1380798043928543,0.13807980432764763,0.13807980431023198,0.1380798043452428,0.1380798043928543,0.1380798043452428,0.13807980431023198,0.13807980429277122,0.13807980431023198,0.13807980432764763,0.13807980431023198,0.13807980429277122,0.1370447664678169,0.13704476649615932,0.1370447665304299,0.13704476649615932,0.1370447664678169,0.13704476649615932,0.13704476656594372,0.13704476670574361,0.13704476656594372,0.13704476649615932,0.1370447665304299,0.13704476670574361,0.13704476747968158,0.13704476670574361,0.1370447665304299,0.13704476649615932,0.13704476656594372,0.13704476670574361,0.13704476656594372,0.13704476649615932,0.1370447664678169,0.13704476649615932,0.1370447665304299,0.13704476649615932,0.1370447664678169,0.13602973307719873,0.136029733096937,0.13602973311623656,0.136029733096937,0.13602973307719873,0.136029733096937,0.13602973313558792,0.1360297331872082,0.13602973313558792,0.136029733096937,0.13602973311623656,0.1360297331872082,0.13602973333032015,0.1360297331872082,0.13602973311623656,0.136029733096937,0.13602973313558792,0.1360297331872082,0.13602973313558792,0.136029733096937,0.13602973307719873,0.136029733096937,0.13602973311623656,0.136029733096937,0.13602973307719873,0.13503425255998222,0.13503425257233356,0.13503425258252363,0.13503425257233356,0.13503425255998222,0.13503425257233356,0.13503425259219032,0.13503425261186064,0.13503425259219032,0.13503425257233356,0.13503425258252363,0.13503425261186064,0.1350342526476039,0.13503425261186064,0.13503425258252363,0.13503425257233356,0.13503425259219032,0.13503425261186064,0.13503425259219032,0.13503425257233356,0.13503425255998222,0.13503425257233356,0.13503425258252363,0.13503425257233356,0.13503425255998222
0.1653324875635823,0.1653324875635823,0.16533248756358207,0.1653324875635823,0.1653324875635823,0.1653324875635823,0.16533248756358207,0.16533248756358207,0.16533248756358207,0.1653324875635823,0.16533248756358207,0.16533248756358207,0.1653324875635818,0.16533248756358207,0.16533248756358207,0.1653324875635823,0.16533248756358207,0.16533248756358207,0.16533248756358207,0.1653324875635823,0.1653324875635823,0.1653324875635823,0.16533248756358207,0.1653324875635823,0.1653324875635823,0.1637574938492248,0.16375749384922436,0.16375749384922414,0.16375749384922436,0.1637574938492248,0.16375749384922436,0.1637574938492239,0.16375749384922367,0.1637574938492239,0.16375749384922436,0.16375749384922414,0.16375749384922367,0.16375749384922345,0.16375749384922367,0.16375749384922414,0.16375749384922436,0.1637574938492239,0.16375749384922367,0.1637574938492239,0.16375749384922436,0.1637574938492248,0.16375749384922436,0.16375749384922414,0.16375749384922436,0.1637574938492248,0.16221388406669876,0.1622138840666976,0.16221388406669693,0.1622138840666976,0.16221388406669876,0.1622138840666976,0.16221388406669648,0.1622138840666958,0.16221388406669648,0.1622138840666976,0.16221388406669693,0.1622138840666958,0.16221388406669512,0.1622138840666958,0.16221388406669693,0.1622138840666976,0.16221388406669648,0.1622138840666958,0.16221388406669648,0.1622138840666976,0.16221388406669876,0.1622138840666976,0.16221388406669693,0.1622138840666976,0.16221388406669876,0.1607010671730462,0.16070106717304286,0.16070106717304086,0.16070106717304286,0.1607010671730462,0.16070106717304286,0.16070106717303956,0.1607010671730373,0.16070106717303956,0.16070106717304286,0.16070106717304086,0.1607010671730373,0.1607010671730351,0.1607010671730373,0.16070106717304086,0.16070106717304286,0.16070106717303956,0.1607010671730373,0.16070106717303956,0.16070106717304286,0.1607010671730462,0.16070106717304286,0.16070106717304086,0.16070106717304286,0.1607010671730462,0.15921845154325026,0.15921845154324024,0.1592184515432337,0.15921845154324024,0.15921845154325026,0.15921845154324024,0.15921845154322936,0.1592184515432224,0.15921845154322936,0.15921845154324024,0.1592184515432337,0.1592184515432224,0.1592184515432152,0.1592184515432224,0.1592184515432337,0.15921845154324024,0.15921845154322936,0.1592184515432224,0.15921845154322936,0.15921845154324024,0.15921845154325026,0.15921845154324024,0.1592184515432337,0.15921845154324024,0.15921845154325026,0.15776544632209238,0.15776544632206144,0.15776544632204179,0.15776544632206144,0.15776544632209238,0.15776544632206144,0.1577654463220275,0.15776544632200554,0.1577654463220275,0.15776544632206144,0.15776544632204179,0.15776544632200554,0.15776544632198186,0.15776544632200554,0.15776544632204179,0.15776544632206144,0.1577654463220275,0.15776544632200554,0.1577654463220275,0.15776544632206144,0.15776544632209238,0.15776544632206144,0.15776544632204179,0.15776544632206144,0.15776544632209238,0.1563414626384942,0.15634146263840196,0.15634146263834198,0.15634146263840196,0.1563414626384942,0.15634146263840196,0.15634146263829596,0.15634146263822465,0.15634146263829596,0.15634146263840196,0.15634146263834198,0.15634146263822465,0.15634146263814477,0.15634146263822465,0.15634146263834198,0.15634146263840196,0.15634146263829596,0.15634146263822465,0.15634146263829596,0.15634146263840196,0.1563414626384942,0.15634146263840196,0.15634146263834198,0.15634146263840196,0.1563414626384942,0.15494591469263458,0.15494591469236593,0.15494591469218538,0.15494591469236593,0.15494591469263458,0.15494591469236593,0.15494591469203844,0.1549459146918081,0.15494591469203844,0.15494591469236593,0.15494591469218538,0.1549459146918081,0.15494591469153676,0.1549459146918081,0.15494591469218538,0.15494591469236593,0.15494591469203844,0.1549459146918081,0.15494591469203844,0.15494591469236593,0.15494591469263458,0.15494591469236593,0.15494591469218538,0.15494591469236593,0.15494591469263458,0.15357822072561103,0.15357822072485305,0.153578220724319,0.15357822072485305,0.15357822072561103,0.15357822072485305,0.15357822072385824,0.1535782207231045,0.15357822072385824,0.15357822072485305,0.153578220724319,0.1535782207231045,0.15357822072213081,0.1535782207231045,0.153578220724319,0.15357822072485305,0.15357822072385824,0.1535782207231045,0.15357822072385824,0.15357822072485305,0.15357822072561103,0.15357822072485305,0.153578220724319,0.15357822072485305,0.15357822072561103,0.15223780388095176,0.15223780387892433,0.15223780387738386,0.15223780387892433,0.15223780388095176,0.15223780387892433,0.15223780387597982,0.1522378038734526,0.15223780387597982,0.15223780387892433,0.15223780387738386,0.1522378038734526,0.15223780386966068,0.1522378038734526,0.15223780387738386,0.15223780387892433,0.15223780387597982,0.1522378038734526,0.15223780387597982,0.15223780387892433,0.15223780388095176,0.15223780387892433,0.15223780387738386,0.15223780387892433,0.15223780388095176,0.15092409296690282,0.15092409296193124,0.1509240929577032,0.15092409296193124,0.15092409296690282,0.15092409296193124,0.1509240929536411,0.15092409294503822,0.1509240929536411,0.15092409296193124,0.1509240929577032,0.15092409294503822,0.15092409292860665,0.15092409294503822,0.1509240929577032,0.15092409296193124,0.1509240929536411,0.15092409294503822,0.1509240929536411,0.15092409296193124,0.15092409296690282,0.15092409296193124,0.1509240929577032,0.15092409296193124,0.15092409296690282,0.14963652312789102,0.14963652311744774,0.14963652310703243,0.14963652311744774,0.14963652312789102,0.14963652311744774,0.14963652309652373,0.149636523067963,0.14963652309652373,0.14963652311744774,0.14963652310703243,0.149636523067963,0.14963652298744032,0.149636523067963,0.14963652310703243,0.14963652311744774,0.14963652309652373,0.149636523067963,0.14963652309652373,0.14963652311744774,0.14963652312789102,0.14963652311744774,0.14963652310703243,0.14963652311744774,0.14963652312789102,0.1483745364317712,0.14837453641577872,0.14837453639632836,0.14837453641577872,0.1483745364317712,0.14837453641577872,0.14837453637615222,0.14837453629619848,0.14837453637615222,0.14837453641577872,0.14837453639632836,0.14837453629619848,0.14837453585022176,0.14837453629619848,0.14837453639632836,0.14837453641577872,0.14837453637615222,0.14837453629619848,0.14837453637615222,0.14837453641577872,0.1483745364317712,0.14837453641577872,0.14837453639632836,0.14837453641577872,0.1483745364317712,0.14713758237316255,0.14713758236301594,0.14713758235316393,0.14713758236301594,0.14713758237316255,0.14713758236301594,0.14713758234326854,0.1471375823179152,0.14713758234326854,0.14713758236301594,0.14713758235316393,0.1471375823179152,0.14713758225706736,0.1471375823179152,0.14713758235316393,0.14713758236301594,0.14713758234326854,0.1471375823179152,0.14713758234326854,0.14713758236301594,0.14713758237316255,0.14713758236301594,0.14713758235316393,0.14713758236301594,0.14713758237316255,0.14592511828754412,0.14592511828244795,0.14592511827827856,0.14592511828244795,0.14592511828754412,0.14592511828244795,0.14592511827431895,0.14592511826672452,0.14592511827431895,0.14592511828244795,0.14592511827827856,0.14592511826672452,0.1459251182562531,0.14592511826672452,0.14592511827827856,0.14592511828244795,0.14592511827431895,0.14592511826672452,0.14592511827431895,0.14592511828244795,0.14592511828754412,0.14592511828244795,0.14592511827827856,0.14592511828244795,0.14592511828754412,0.14473660974960204,0.1447366097465298,0.14473660974399463,0.1447366097465298,0.14473660974960204,0.1447366097465298,0.1447366097416183,0.14473660973632194,0.1447366097416183,0.1447366097465298,0.14473660974399463,0.14473660973632194,0.14473660972173796,0.14473660973632194,0.14473660974399463,0.1447366097465298,0.1447366097416183,0.14473660973632194,0.1447366097416183,0.1447366097465298,0.14473660974960204,0.1447366097465298,0.14473660974399463,0.1447366097465298,0.14473660974960204,0.1435715308926328,0.1435715308897795,0.14357153088706634,0.1435715308897795,0.1435715308926328,0.1435715308897795,0.14357153088439834,0.14357153087681598,0.14357153088439834,0.1435715308897795,0.14357153088706634,0.14357153087681598,0.14357153084790014,0.14357153087681598,0.14357153088706634,0.1435715308897795,0.14357153088439834,0.14357153087681598,0.14357153088439834,0.1435715308897795,0.1435715308926328,0.1435715308897795,0.14357153088706634,0.1435715308897795,0.1435715308926328,0.14242936466747333,0.14242936466435918,0.14242936466103248,0.14242936466435918,0.14242936466747333,0.14242936466435918,0.14242936465763098,0.14242936464679437,0.14242936465763098,0.14242936466435918,0.14242936466103248,0.14242936464679437,0.1424293646011135,0.14242936464679437,0.14242936466103248,0.14242936466435918,0.14242936465763098,0.14242936464679437,0.14242936465763098,0.14242936466435918,0.14242936466747333,0.14242936466435918,0.14242936466103248,0.14242936466435918,0.14242936466747333,0.14130960305268897,0.1413096030500447,0.14130960304675963,0.1413096030500447,0.14130960305268897,0.1413096030500447,0.14130960304326604,0.14130960303071255,0.14130960304326604,0.1413096030500447,0.14130960304675963,0.14130960303071255,0.14130960297262668,0.14130960303071255,0.14130960304675963,0.1413096030500447,0.14130960304326604,0.14130960303071255,0.14130960304326604,0.1413096030500447,0.14130960305268897,0.1413096030500447,0.14130960304675963,0.1413096030500447,0.14130960305268897,0.14021174722099528,0.14021174722102622,0.14021174721990617,0.14021174722102622,0.14021174722099528,0.14021174722102622,0.14021174721845844,0.1402117472097263,0.14021174721845844,0.14021174722102622,0.14021174721990617,0.1402117472097263,0.1402117471553726,0.1402117472097263,0.14021174721990617,0.14021174722102622,0.14021174721845844,0.1402117472097263,0.14021174721845844,0.14021174722102622,0.14021174722099528,0.14021174722102622,0.14021174721990617,0.14021174722102622,0.14021174722099528,0.13913530766532164,0.13913530767196594,0.139135307677396,0.13913530767196594,0.13913530766532164,0.13913530767196594,0.13913530768255108,0.13913530769251498,0.13913530768255108,0.13913530767196594,0.139135307677396,0.13913530769251498,0.13913530770838198,0.13913530769251498,0.139135307677396,0.13913530767196594,0.13913530768255108,0.13913530769251498,0.13913530768255108,0.13913530767196594,0.13913530766532164,0.13913530767196594,0.139135307677396,0.13913530767196594,0.13913530766532164,0.13807980428838618,0.13807980430577393,0.1380798043231173,0.13807980430577393,0.13807980428838618,0.13807980430577393,0.13807980434063946,0.1380798043880547,0.13807980434063946,0.13807980430577393,0.1380798043231173,0.1380798043880547,0.13807980452072516,0.1380798043880547,0.1380798043231173,0.13807980430577393,0.13807980434063946,0.1380798043880547,0.13807980434063946,0.13807980430577393,0.13807980428838618,0.13807980430577393,0.1380798043231173,0.13807980430577393,0.13807980428838618,0.13704476646304364,0.13704476649126943,0.13704476652539951,0.13704476649126943,0.13704476646304364,0.13704476649126943,0.13704476656076783,0.1370447666999954,0.13704476656076783,0.13704476649126943,0.13704476652539951,0.1370447666999954,0.1370447674707696,0.1370447666999954,0.13704476652539951,0.13704476649126943,0.13704476656076783,0.1370447666999954,0.13704476656076783,0.13704476649126943,0.13704476646304364,0.13704476649126943,0.13704476652539951,0.13704476649126943,0.13704476646304364,0.1360297330722657,0.136029733091923,0.13602973311114339,0.136029733091923,0.1360297330722657,0.136029733091923,0.13602973313041555,0.13602973318182457,0.13602973313041555,0.136029733091923,0.13602973311114339,0.13602973318182457,0.13602973332435084,0.13602973318182457,0.13602973311114339,0.136029733091923,0.13602973313041555,0.13602973318182457,0.13602973313041555,0.136029733091923,0.1360297330722657,0.136029733091923,0.13602973311114339,0.136029733091923,0.1360297330722657,0.1350342525550468,0.13503425256734755,0.13503425257749582,0.13503425256734755,0.1350342525550468,0.13503425256734755,0.13503425258712287,0.1350342526067126,0.13503425258712287,0.13503425256734755,0.13503425257749582,0.1350342526067126,0.13503425264230962,0.1350342526067126,0.13503425257749582,0.13503425256734755,0.13503425258712287,0.1350342526067126,0.13503425258712287,0.13503425256734755,0.1350342525550468,0.13503425256734755,0.13503425257749582,0.13503425256734755,0.1350342525550468
0.16533248756671004,0.16533248756670982,0.16533248756670982,0.16533248756670982,0.16533248756671004,0.16533248756670982,0.16533248756670982,0.1653324875667096,0.16533248756670982,0.16533248756670982,0.16533248756670982,0.1653324875667096,0.1653324875667096,0.1653324875667096,0.16533248756670982,0.16533248756670982,0.16533248756670982,0.1653324875667096,0.16533248756670982,0.16533248756670982,0.16533248756671004,0.16533248756670982,0.16533248756670982,0.16533248756670982,0.16533248756671004,0.16375749385229219,0.16375749385229194,0.1637574938522917,0.16375749385229194,0.16375749385229219,0.16375749385229194,0.16375749385229146,0.16375749385229127,0.16375749385229146,0.16375749385229194,0.1637574938522917,0.16375749385229127,0.16375749385229102,0.16375749385229127,0.1637574938522917,0.16375749385229194,0.16375749385229146,0.16375749385229127,0.16375749385229146,0.16375749385229194,0.16375749385229219,0.16375749385229194,0.1637574938522917,0.16375749385229194,0.16375749385229219,0.16221388406970877,0.16221388406970763,0.162213884069707,0.16221388406970763,0.16221388406970877,0.16221388406970763,0.16221388406970655,0.16221388406970585,0.16221388406970655,0.16221388406970763,0.162213884069707,0.16221388406970585,0.16221388406970516,0.16221388406970585,0.162213884069707,0.16221388406970763,0.16221388406970655,0.16221388406970585,0.16221388406970655,0.16221388406970763,0.16221388406970877,0.16221388406970763,0.162213884069707,0.16221388406970763,0.16221388406970877,0.16070106717600174,0.16070106717599839,0.1607010671759964,0.16070106717599839,0.16070106717600174,0.16070106717599839,0.16070106717599505,0.16070106717599283,0.16070106717599505,0.16070106717599839,0.1607010671759964,0.16070106717599283,0.16070106717599061,0.16070106717599283,0.1607010671759964,0.16070106717599839,0.16070106717599505,0.16070106717599283,0.16070106717599505,0.16070106717599839,0.16070106717600174,0.16070106717599839,0.1607010671759964,0.16070106717599839,0.16070106717600174,0.15921845154615397,0.15921845154614392,0.15921845154613762,0.15921845154614392,0.15921845154615397,0.15921845154614392,0.15921845154613326,0.15921845154612652,0.15921845154613326,0.15921845154614392,0.15921845154613762,0.15921845154612652,0.15921845154611933,0.15921845154612652,0.15921845154613762,0.15921845154614392,0.15921845154613326,0.15921845154612652,0.15921845154613326,0.15921845154614392,0.15921845154615397,0.15921845154614392,0.15921845154613762,0.15921845154614392,0.15921845154615397,0.1577654463249466,0.1577654463249163,0.15776544632489686,0.1577654463249163,0.1577654463249466,0.1577654463249163,0.1577654463248828,0.15776544632486103,0.1577654463248828,0.1577654463249163,0.15776544632489686,0.15776544632486103,0.15776544632483777,0.15776544632486103,0.15776544632489686,0.1577654463249163,0.1577654463248828,0.15776544632486103,0.1577654463248828,0.1577654463249163,0.1577654463249466,0.1577654463249163,0.15776544632489686,0.1577654463249163,0.1577654463249466,0.15634146264130125,0.1563414626412103,0.15634146264115112,0.1563414626412103,0.15634146264130125,0.1563414626412103,0.15634146264110574,0.15634146264103543,0.15634146264110574,0.1563414626412103,0.15634146264115112,0.15634146264103543,0.1563414626409564,0.15634146264103543,0.15634146264115112,0.1563414626412103,0.15634146264110574,0.15634146264103543,0.15634146264110574,0.1563414626412103,0.15634146264130125,0.1563414626412103,0.15634146264115112,0.1563414626412103,0.15634146264130125,0.15494591469539482,0.15494591469512944,0.15494591469495114,0.15494591469512944,0.15494591469539482,0.15494591469512944,0.15494591469480626,0.1549459146945788,0.15494591469480626,0.15494591469512944,0.15494591469495114,0.1549459146945788,0.15494591469431093,0.1549459146945788,0.15494591469495114,0.15494591469512944,0.15494591469480626,0.1549459146945788,0.15494591469480626,0.15494591469512944,0.15494591469539482,0.15494591469512944,0.15494591469495114,0.15494591469512944,0.15494591469539482,0.15357822072832,0.15357822072757127,0.15357822072704383,0.15357822072757127,0.15357822072832,0.15357822072757127,0.15357822072658892,0.1535782207258446,0.15357822072658892,0.15357822072757127,0.15357822072704383,0.1535782207258446,0.15357822072488317,0.1535782207258446,0.15357822072704383,0.15357822072757127,0.15357822072658892,0.1535782207258446,0.15357822072658892,0.15357822072757127,0.15357822072832,0.15357822072757127,0.15357822072704383,0.15357822072757127,0.15357822072832,0.15223780388359237,0.15223780388158972,0.15223780388006816,0.15223780388158972,0.15223780388359237,0.15223780388158972,0.15223780387868163,0.1522378038761861,0.15223780387868163,0.15223780388158972,0.15223780388006816,0.1522378038761861,0.15223780387244262,0.1522378038761861,0.15223780388006816,0.15223780388158972,0.15223780387868163,0.1522378038761861,0.15223780387868163,0.15223780388158972,0.15223780388359237,0.15223780388158972,0.15223780388006816,0.15223780388158972,0.15223780388359237,0.1509240929694262,0.15092409296451426,0.15092409296033774,0.15092409296451426,0.1509240929694262,0.15092409296451426,0.15092409295632558,0.1509240929478311,0.15092409295632558,0.15092409296451426,0.15092409296033774,0.1509240929478311,0.15092409293161174,0.1509240929478311,0.15092409296033774,0.15092409296451426,0.15092409295632558,0.1509240929478311,0.15092409295632558,0.15092409296451426,0.1509240929694262,0.15092409296451426,0.15092409296033774,0.15092409296451426,0.1509240929694262,0.14963652313017478,0.14963652311985232,0.14963652310956183,0.14963652311985232,0.14963652313017478,0.14963652311985232,0.14963652309918035,0.14963652307097888,0.14963652309918035,0.14963652311985232,0.14963652310956183,0.14963652307097888,0.14963652299150715,0.14963652307097888,0.14963652310956183,0.14963652311985232,0.14963652309918035,0.14963652307097888,0.14963652309918035,0.14963652311985232,0.14963652313017478,0.14963652311985232,0.14963652310956183,0.14963652311985232,0.14963652313017478,0.14837453643356424,0.1483745364177395,0.14837453639850856,0.1483745364177395,0.14837453643356424,0.1483745364177395,0.14837453637856243,0.14837453629959427,0.14837453637856243,0.1483745364177395,0.14837453639850856,0.14837453629959427,0.14837453585949698,0.14837453629959427,0.14837453639850856,0.1483745364177395,0.14837453637856243,0.14837453629959427,0.14837453637856243,0.1483745364177395,0.14837453643356424,0.1483745364177395,0.14837453639850856,0.1483745364177395,0.14837453643356424,0.1471375823741121,0.1471375823640094,0.14713758235418795,0.1471375823640094,0.1471375823741121,0.1471375823640094,0.14713758234432162,0.14713758231894647,0.14713758234432162,0.1471375823640094,0.14713758235418795,0.14713758231894647,0.14713758225715565,0.14713758231894647,0.14713758235418795,0.1471375823640094,0.14713758234432162,0.14713758231894647,0.14713758234432162,0.1471375823640094,0.1471375823741121,0.1471375823640094,0.14713758235418795,0.1471375823640094,0.1471375823741121,0.1459251182875484,0.14592511828241356,0.1459251182781865,0.14592511828241356,0.1459251182875484,0.14592511828241356,0.14592511827416454,0.1459251182663025,0.14592511827416454,0.14592511828241356,0.1459251182781865,0.1459251182663025,0.14592511825439358,0.1459251182663025,0.1459251182781865,0.14592511828241356,0.14592511827416454,0.1459251182663025,0.14592511827416454,0.14592511828241356,0.1459251182875484,0.14592511828241356,0.1459251182781865,0.14592511828241356,0.1459251182875484,0.14473660974872754,0.1447366097455963,0.1447366097429927,0.1447366097455963,0.14473660974872754,0.1447366097455963,0.1447366097405452,0.14473660973500724,0.1447366097405452,0.1447366097455963,0.1447366097429927,0.14473660973500724,0.144736609719385,0.14473660973500724,0.1447366097429927,0.1447366097455963,0.1447366097405452,0.14473660973500724,0.1447366097405452,0.1447366097455963,0.14473660974872754,0.1447366097455963,0.1447366097429927,0.1447366097455963,0.14473660974872754,0.14357153089098826,0.1435715308880867,0.14357153088532304,0.1435715308880867,0.14357153089098826,0.1435715308880867,0.14357153088260338,0.14357153087486224,0.14357153088260338,0.1435715308880867,0.14357153088532304,0.14357153087486224,0.14357153084530092,0.14357153087486224,0.14357153088532304,0.1435715308880867,0.14357153088260338,0.14357153087486224,0.14357153088260338,0.1435715308880867,0.14357153089098826,0.1435715308880867,0.14357153088532304,0.1435715308880867,0.14357153089098826,0.14242936466514594,0.1424293646620026,0.14242936465864808,0.1424293646620026,0.14242936466514594,0.1424293646620026,0.14242936465521902,0.1424293646443061,0.14242936465521902,0.1424293646620026,0.14242936465864808,0.1424293646443061,0.14242936459836503,0.1424293646443061,0.14242936465864808,0.1424293646620026,0.14242936465521902,0.1424293646443061,0.14242936465521902,0.1424293646620026,0.14242936466514594,0.1424293646620026,0.14242936465864808,0.1424293646620026,0.14242936466514594,0.14130960304972676,0.14130960304706786,0.1413096030437721,0.14130960304706786,0.14130960304972676,0.14130960304706786,0.14130960304026915,0.1413096030277015,0.14130960304026915,0.14130960304706786,0.1413096030437721,0.1413096030277015,0.1413096029696089,0.1413096030277015,0.1413096030437721,0.14130960304706786,0.14130960304026915,0.1413096030277015,0.14130960304026915,0.14130960304706786,0.14130960304972676,0.14130960304706786,0.1413096030437721,0.14130960304706786,0.14130960304972676,0.14021174721741594,0.1402117472174332,0.14021174721630572,0.1402117472174332,0.14021174721741594,0.1402117472174332,0.14021174721485233,0.14021174720612758,0.14021174721485233,0.1402117472174332,0.14021174721630572,0.14021174720612758,0.14021174715193066,0.14021174720612758,0.14021174721630572,0.1402117472174332,0.14021174721485233,0.14021174720612758,0.14021174721485233,0.1402117472174332,0.14021174721741594,0.1402117472174332,0.14021174721630572,0.1402117472174332,0.14021174721741594,0.13913530766114068,0.13913530766775054,0.13913530767315274,0.13913530766775054,0.13913530766114068,0.13913530766775054,0.13913530767828142,0.13913530768819346,0.13913530767828142,0.13913530766775054,0.13913530767315274,0.13913530768819346,0.13913530770397428,0.1391353076881936,0.13913530767315274,0.13913530766775054,0.13913530767828142,0.1391353076881936,0.13913530767828142,0.13913530766775054,0.13913530766114068,0.13913530766775054,0.13913530767315274,0.13913530766775054,0.13913530766114068,0.13807980428366082,0.13807980430097228,0.13807980431824018,0.13807980430097228,0.13807980428366082,0.13807980430097228,0.13807980433568637,0.13807980438289724,0.13807980433568637,0.13807980430097228,0.13807980431824018,0.13807980438289724,0.13807980451499963,0.13807980438289724,0.13807980431824018,0.13807980430097228,0.13807980433568637,0.13807980438289724,0.13807980433568637,0.13807980430097228,0.13807980428366082,0.13807980430097228,0.13807980431824018,0.13807980430097228,0.13807980428366082,0.13704476645791822,0.13704476648602312,0.13704476652000755,0.13704476648602312,0.13704476645791822,0.13704476648602312,0.13704476655522504,0.13704476669386015,0.13704476655522504,0.13704476648602312,0.13704476652000755,0.13704476669386015,0.13704476746138813,0.13704476669386015,0.13704476652000755,0.13704476648602312,0.13704476655522504,0.13704476669386015,0.13704476655522504,0.13704476648602312,0.13704476645791822,0.13704476648602312,0.13704476652000755,0.13704476648602312,0.13704476645791822,0.13602973306697752,0.13602973308655097,0.13602973310568953,0.13602973308655097,0.13602973306697752,0.13602973308655097,0.1360297331248795,0.1360297331760697,0.1360297331248795,0.13602973308655097,0.13602973310568953,0.1360297331760697,0.13602973331798998,0.1360297331760697,0.13602973310568953,0.13602973308655097,0.1360297331248795,0.1360297331760697,0.1360297331248795,0.13602973308655097,0.13602973306697752,0.13602973308655097,0.13602973310568953,0.13602973308655097,0.13602973306697752,0.13503425254975954,0.13503425256200793,0.1350342525721129,0.13503425256200793,0.13503425254975954,0.13503425256200793,0.13503425258169885,0.13503425260120522,0.13503425258169885,0.13503425256200793,0.1350342525721129,0.13503425260120522,0.1350342526366509,0.13503425260120522,0.1350342525721129,0.13503425256200793,0.13503425258169885,0.13503425260120522,0.13503425258169885,0.13503425256200793,0.13503425254975954,0.13503425256200793,0.1350342525721129,0.13503425256200793,0.13503425254975954
0.16533248757008728,0.16533248757008703,0.16533248757008703,0.16533248757008703,0.16533248757008728,0.16533248757008703,0.16533248757008703,0.1653324875700868,0.16533248757008703,0.16533248757008703,0.16533248757008703,0.1653324875700868,0.1653324875700868,0.1653324875700868,0.16533248757008703,0.16533248757008703,0.16533248757008703,0.1653324875700868,0.16533248757008703,0.16533248757008703,0.16533248757008728,0.16533248757008703,0.16533248757008703,0.16533248757008703,0.16533248757008728,0.16375749385560423,0.16375749385560376,0.16375749385560354,0.16375749385560376,0.16375749385560423,0.16375749385560376,0.16375749385560354,0.16375749385560331,0.16375749385560354,0.16375749385560376,0.16375749385560354,0.16375749385560331,0.16375749385560306,0.16375749385560331,0.16375749385560354,0.16375749385560376,0.16375749385560354,0.16375749385560331,0.16375749385560354,0.16375749385560376,0.16375749385560423,0.16375749385560376,0.16375749385560354,0.16375749385560376,0.16375749385560423,0.16221388407295842,0.1622138840729573,0.16221388407295662,0.1622138840729573,0.16221388407295842,0.1622138840729573,0.16221388407295614,0.16221388407295548,0.16221388407295614,0.1622138840729573,0.16221388407295662,0.16221388407295548,0.16221388407295478,0.16221388407295548,0.16221388407295662,0.1622138840729573,0.16221388407295614,0.16221388407295548,0.16221388407295614,0.1622138840729573,0.16221388407295842,0.1622138840729573,0.16221388407295662,0.1622138840729573,0.16221388407295842,0.16070106717919183,0.1607010671791885,0.1607010671791865,0.1607010671791885,0.16070106717919183,0.1607010671791885,0.16070106717918517,0.16070106717918317,0.16070106717918517,0.1607010671791885,0.1607010671791865,0.16070106717918317,0.16070106717918095,0.16070106717918317,0.1607010671791865,0.1607010671791885,0.16070106717918517,0.16070106717918317,0.16070106717918517,0.1607010671791885,0.16070106717919183,0.1607010671791885,0.1607010671791865,0.1607010671791885,0.16070106717919183,0.15921845154928732,0.15921845154927752,0.15921845154927125,0.15921845154927752,0.15921845154928732,0.15921845154927752,0.15921845154926687,0.15921845154926034,0.15921845154926687,0.15921845154927752,0.15921845154927125,0.15921845154926034,0.15921845154925315,0.15921845154926034,0.15921845154927125,0.15921845154927752,0.15921845154926687,0.15921845154926034,0.15921845154926687,0.15921845154927752,0.15921845154928732,0.15921845154927752,0.15921845154927125,0.15921845154927752,0.15921845154928732,0.15776544632802614,0.15776544632799605,0.15776544632797684,0.15776544632799605,0.15776544632802614,0.15776544632799605,0.15776544632796297,0.15776544632794165,0.15776544632796297,0.15776544632799605,0.15776544632797684,0.15776544632794165,0.15776544632791858,0.15776544632794165,0.15776544632797684,0.15776544632799605,0.15776544632796297,0.15776544632794165,0.15776544632796297,0.15776544632799605,0.15776544632802614,0.15776544632799605,0.15776544632797684,0.15776544632799605,0.15776544632802614,0.1563414626443285,0.15634146264423895,0.15634146264418045,0.15634146264423895,0.1563414626443285,0.15634146264423895,0.1563414626441359,0.15634146264406668,0.1563414626441359,0.15634146264423895,0.15634146264418045,0.15634146264406668,0.15634146264398888,0.15634146264406668,0.15634146264418045,0.15634146264423895,0.1563414626441359,0.15634146264406668,0.1563414626441359,0.15634146264423895,0.1563414626443285,0.15634146264423895,0.15634146264418045,0.15634146264423895,0.1563414626443285,0.1549459146983702,0.1549459146981085,0.1549459146979327,0.1549459146981085,0.1549459146983702,0.1549459146981085,0.15494591469778987,0.15494591469756544,0.15494591469778987,0.1549459146981085,0.1549459146979327,0.15494591469756544,0.1549459146973013,0.15494591469756544,0.1549459146979327,0.1549459146981085,0.15494591469778987,0.15494591469756544,0.15494591469778987,0.1549459146981085,0.1549459146983702,0.1549459146981085,0.1549459146979327,0.1549459146981085,0.1549459146983702,0.15357822073123845,0.15357822073049995,0.15357822072997956,0.15357822073049995,0.15357822073123845,0.15357822073049995,0.1535782207295311,0.15357822072879698,0.1535782207295311,0.15357822073049995,0.15357822072997956,0.15357822072879698,0.15357822072784902,0.15357822072879698,0.15357822072997956,0.15357822073049995,0.1535782207295311,0.15357822072879698,0.1535782207295311,0.15357822073049995,0.15357822073123845,0.15357822073049995,0.15357822072997956,0.15357822073049995,0.15357822073123845,0.1522378038864355,0.15223780388445968,0.15223780388295874,0.15223780388445968,0.1522378038864355,0.15223780388445968,0.1522378038815911,0.15223780387913022,0.1522378038815911,0.15223780388445968,0.15223780388295874,0.15223780387913022,0.1522378038754395,0.15223780387913022,0.15223780388295874,0.15223780388445968,0.1522378038815911,0.15223780387913022,0.1522378038815911,0.15223780388445968,0.1522378038864355,0.15223780388445968,0.15223780388295874,0.15223780388445968,0.1522378038864355,0.15092409297214016,0.1509240929672929,0.1509240929631727,0.1509240929672929,0.15092409297214016,0.1509240929672929,0.15092409295921494,0.15092409295083856,0.15092409295921494,0.1509240929672929,0.1509240929631727,0.15092409295083856,0.15092409293485012,0.15092409295083856,0.1509240929631727,0.1509240929672929,0.15092409295921494,0.15092409295083856,0.15092409295921494,0.1509240929672929,0.15092409297214016,0.1509240929672929,0.1509240929631727,0.1509240929672929,0.15092409297214016,0.14963652313262682,0.1496365231224356,0.14963652311228104,0.1496365231224356,0.14963652313262682,0.1496365231224356,0.1496365231020378,0.14963652307422715,0.1496365231020378,0.1496365231224356,0.14963652311228104,0.14963652307422715,0.14963652299589902,0.14963652307422715,0.14963652311228104,0.1496365231224356,0.1496365231020378,0.14963652307422715,0.1496365231020378,0.1496365231224356,0.14963652313262682,0.1496365231224356,0.14963652311228104,0.1496365231224356,0.14963652313262682,0.14837453643548076,0.14837453641983836,0.1483745364008461,0.14837453641983836,0.14837453643548076,0.14837453641983836,0.14837453638115017,0.14837453630325437,0.14837453638115017,0.14837453641983836,0.1483745364008461,0.14837453630325437,0.14837453586954277,0.14837453630325437,0.1483745364008461,0.14837453641983836,0.14837453638115017,0.14837453630325437,0.14837453638115017,0.14837453641983836,0.14837453643548076,0.14837453641983836,0.1483745364008461,0.14837453641983836,0.14837453643548076,0.1471375823751099,0.14713758236505448,0.14713758235526572,0.14713758236505448,0.1471375823751099,0.14713758236505448,0.14713758234543062,0.14713758232003077,0.14713758234543062,0.14713758236505448,0.14713758235526572,0.14713758232003077,0.1471375822572027,0.14713758232003077,0.14713758235526572,0.14713758236505448,0.14713758234543062,0.14713758232003077,0.14713758234543062,0.14713758236505448,0.1471375823751099,0.14713758236505448,0.14713758235526572,0.14713758236505448,0.1471375823751099,0.14592511828751759,0.14592511828233967,0.14592511827804902,0.14592511828233967,0.14592511828751759,0.14592511828233967,0.14592511827395838,0.14592511826580215,0.14592511827395838,0.14592511828233967,0.14592511827804902,0.14592511826580215,0.1459251182523316,0.14592511826580215,0.14592511827804902,0.14592511828233967,0.14592511827395838,0.14592511826580215,0.14592511827395838,0.14592511828233967,0.14592511828751759,0.14592511828233967,0.14592511827804902,0.14592511828233967,0.14592511828751759,0.14473660974774274,0.14473660974454552,0.144736609741866,0.14473660974454552,0.14473660974774274,0.14473660974454552,0.14473660973933938,0.1447366097335335,0.14473660973933938,0.14473660974454552,0.144736609741866,0.1447366097335335,0.14473660971672908,0.1447366097335335,0.144736609741866,0.14473660974454552,0.14473660973933938,0.1447366097335335,0.14473660973933938,0.14473660974454552,0.14473660974774274,0.14473660974454552,0.144736609741866,0.14473660974454552,0.14473660974774274,0.14357153088917135,0.14357153088621508,0.14357153088339392,0.14357153088621508,0.14357153088917135,0.14357153088621508,0.14357153088061572,0.14357153087269492,0.14357153088061572,0.14357153088621508,0.14357153088339392,0.14357153087269492,0.14357153084240332,0.14357153087269492,0.14357153088339392,0.14357153088621508,0.14357153088061572,0.14357153087269492,0.14357153088061572,0.14357153088621508,0.14357153088917135,0.14357153088621508,0.14357153088339392,0.14357153088621508,0.14357153088917135,0.14242936466259662,0.14242936465941855,0.1424293646560308,0.14242936465941855,0.14242936466259662,0.14242936465941855,0.14242936465256892,0.14242936464156336,0.14242936465256892,0.14242936465941855,0.1424293646560308,0.14242936464156336,0.14242936459528194,0.14242936464156336,0.1424293646560308,0.14242936465941855,0.14242936465256892,0.14242936464156336,0.14242936465256892,0.14242936465941855,0.14242936466259662,0.14242936465941855,0.1424293646560308,0.14242936465941855,0.14242936466259662,0.14130960304650372,0.14130960304382573,0.14130960304051488,0.14130960304382573,0.14130960304650372,0.14130960304382573,0.14130960303699827,0.14130960302440349,0.14130960303699827,0.14130960304382573,0.14130960304051488,0.14130960302440349,0.14130960296623488,0.14130960302440349,0.14130960304051488,0.14130960304382573,0.14130960303699827,0.14130960302440349,0.14130960303699827,0.14130960304382573,0.14130960304650372,0.14130960304382573,0.14130960304051488,0.14130960304382573,0.14130960304650372,0.1402117472135457,0.1402117472135457,0.14021174721240728,0.1402117472135457,0.1402117472135457,0.1402117472135457,0.140211747210945,0.14021174720221688,0.140211747210945,0.1402117472135457,0.14021174721240728,0.14021174720221688,0.1402117471481014,0.14021174720221688,0.14021174721240728,0.1402117472135457,0.140211747210945,0.14021174720221688,0.140211747210945,0.1402117472135457,0.1402117472135457,0.1402117472135457,0.14021174721240728,0.1402117472135457,0.1402117472135457,0.1391353076566454,0.13913530766321824,0.13913530766858995,0.13913530766321824,0.1391353076566454,0.13913530766321824,0.13913530767368984,0.13913530768354482,0.13913530767368984,0.13913530766321824,0.13913530766858995,0.13913530768354482,0.13913530769922747,0.13913530768354482,0.13913530766858995,0.13913530766321824,0.13913530767368984,0.13913530768354482,0.13913530767368984,0.13913530766321824,0.1391353076566454,0.13913530766321824,0.13913530766858995,0.13913530766321824,0.1391353076566454,0.13807980427860336,0.13807980429583513,0.13807980431302444,0.13807980429583513,0.13807980427860336,0.13807980429583513,0.13807980433039155,0.13807980437739018,0.13807980433039155,0.13807980429583513,0.13807980431302444,0.13807980437739018,0.1380798045089036,0.13807980437739018,0.13807980431302444,0.13807980429583513,0.13807980433039155,0.13807980437739018,0.13807980433039155,0.13807980429583513,0.13807980427860336,0.13807980429583513,0.13807980431302444,0.13807980429583513,0.13807980427860336,0.137044766452449,0.13704476648042882,0.13704476651426242,0.13704476648042882,0.137044766452449,0.13704476648042882,0.1370447665493239,0.1370447666873463,0.1370447665493239,0.13704476648042882,0.13704476651426242,0.1370447666873463,0.13704476745147967,0.1370447666873463,0.13704476651426242,0.13704476648042882,0.1370447665493239,0.1370447666873463,0.1370447665493239,0.13704476648042882,0.137044766452449,0.13704476648042882,0.13704476651426242,0.13704476648042882,0.137044766452449,0.13602973306134278,0.1360297330808295,0.1360297330998832,0.1360297330808295,0.13602973306134278,0.1360297330808295,0.13602973311898833,0.1360297331699523,0.13602973311898833,0.1360297330808295,0.1360297330998832,0.1360297331699523,0.13602973331124588,0.1360297331699523,0.1360297330998832,0.1360297330808295,0.13602973311898833,0.1360297331699523,0.13602973311898833,0.1360297330808295,0.13602973306134278,0.1360297330808295,0.1360297330998832,0.1360297330808295,0.13602973306134278,0.1350342525441286,0.13503425255632276,0.13503425256638313,0.13503425255632276,0.1350342525441286,0.13503425255632276,0.13503425257592663,0.13503425259534677,0.13503425257592663,0.13503425255632276,0.13503425256638313,0.13503425259534677,0.1350342526306358,0.13503425259534677,0.13503425256638313,0.13503425255632276,0.13503425257592663,0.13503425259534677,0.13503425257592663,0.13503425255632276,0.1350342525441286,0.13503425255632276,0.13503425256638313,0.13503425255632276,0.1350342525441286
0.16533248757370944,0.16533248757370922,0.16533248757370922,0.16533248757370922,0.16533248757370944,0.16533248757370922,0.16533248757370922,0.16533248757370897,0.16533248757370922,0.16533248757370922,0.16533248757370922,0.16533248757370897,0.16533248757370897,0.16533248757370897,0.16533248757370922,0.16533248757370922,0.16533248757370922,0.16533248757370897,0.16533248757370922,0.16533248757370922,0.16533248757370944,0.16533248757370922,0.16533248757370922,0.16533248757370922,0.16533248757370944,0.16375749385915636,0.1637574938591559,0.16375749385915567,0.1637574938591559,0.16375749385915636,0.1637574938591559,0.16375749385915567,0.16375749385915542,0.16375749385915567,0.1637574938591559,0.16375749385915567,0.16375749385915542,0.1637574938591552,0.16375749385915542,0.16375749385915567,0.1637574938591559,0.16375749385915567,0.16375749385915542,0.16375749385915567,0.1637574938591559,0.16375749385915636,0.1637574938591559,0.16375749385915567,0.1637574938591559,0.16375749385915636,0.16221388407644313,0.16221388407644222,0.16221388407644155,0.16221388407644222,0.16221388407644313,0.16221388407644222,0.1622138840764411,0.1622138840764404,0.1622138840764411,0.16221388407644222,0.16221388407644155,0.1622138840764404,0.16221388407643975,0.1622138840764404,0.16221388407644155,0.16221388407644222,0.1622138840764411,0.1622138840764404,0.1622138840764411,0.16221388407644222,0.16221388407644313,0.16221388407644222,0.16221388407644155,0.16221388407644222,0.16221388407644313,0.16070106718261232,0.16070106718260924,0.1607010671826072,0.16070106718260924,0.16070106718261232,0.16070106718260924,0.1607010671826059,0.16070106718260369,0.1607010671826059,0.16070106718260924,0.1607010671826072,0.16070106718260369,0.16070106718260166,0.16070106718260369,0.1607010671826072,0.16070106718260924,0.1607010671826059,0.16070106718260369,0.1607010671826059,0.16070106718260924,0.16070106718261232,0.16070106718260924,0.1607010671826072,0.16070106718260924,0.16070106718261232,0.15921845155264647,0.1592184515526367,0.1592184515526306,0.1592184515526367,0.15921845155264647,0.1592184515526367,0.15921845155262646,0.1592184515526197,0.15921845155262646,0.1592184515526367,0.1592184515526306,0.1592184515526197,0.15921845155261297,0.1592184515526197,0.1592184515526306,0.1592184515526367,0.15921845155262646,0.1592184515526197,0.15921845155262646,0.1592184515526367,0.15921845155264647,0.1592184515526367,0.1592184515526306,0.1592184515526367,0.15921845155264647,0.1577654463313263,0.15776544633129685,0.15776544633127806,0.15776544633129685,0.1577654463313263,0.15776544633129685,0.15776544633126444,0.1577654463312433,0.15776544633126444,0.15776544633129685,0.15776544633127806,0.1577654463312433,0.15776544633122067,0.1577654463312433,0.15776544633127806,0.15776544633129685,0.15776544633126444,0.1577654463312433,0.15776544633126444,0.15776544633129685,0.1577654463313263,0.15776544633129685,0.15776544633127806,0.15776544633129685,0.1577654463313263,0.15634146264757215,0.15634146264748391,0.15634146264742638,0.15634146264748391,0.15634146264757215,0.15634146264748391,0.15634146264738247,0.15634146264731452,0.15634146264738247,0.15634146264748391,0.15634146264742638,0.15634146264731452,0.15634146264723797,0.15634146264731452,0.15634146264742638,0.15634146264748391,0.15634146264738247,0.15634146264731452,0.15634146264738247,0.15634146264748391,0.15634146264757215,0.15634146264748391,0.15634146264742638,0.15634146264748391,0.15634146264757215,0.15494591470155714,0.1549459147012991,0.15494591470112595,0.1549459147012991,0.15494591470155714,0.1549459147012991,0.15494591470098557,0.15494591470076446,0.15494591470098557,0.1549459147012991,0.15494591470112595,0.15494591470076446,0.15494591470050437,0.15494591470076446,0.15494591470112595,0.1549459147012991,0.15494591470098557,0.15494591470076446,0.15494591470098557,0.1549459147012991,0.15494591470155714,0.1549459147012991,0.15494591470112595,0.1549459147012991,0.15494591470155714,0.15357822073436297,0.1535782207336355,0.15357822073312297,0.1535782207336355,0.15357822073436297,0.1535782207336355,0.1535782207326811,0.15357822073195826,0.1535782207326811,0.1535782207336355,0.15357822073312297,0.15357822073195826,0.15357822073102476,0.15357822073195826,0.15357822073312297,0.1535782207336355,0.1535782207326811,0.15357822073195826,0.1535782207326811,0.1535782207336355,0.15357822073436297,0.1535782207336355,0.15357822073312297,0.1535782207336355,0.15357822073436297,0.15223780388947766,0.15223780388753094,0.15223780388605226,0.15223780388753094,0.15223780388947786,0.15223780388753094,0.15223780388470512,0.15223780388228142,0.15223780388470512,0.15223780388753094,0.15223780388605226,0.15223780388228142,0.15223780387864758,0.15223780388228142,0.15223780388605226,0.15223780388753094,0.15223780388470512,0.15223780388228142,0.15223780388470512,0.15223780388753075,0.15223780388947786,0.15223780388753094,0.15223780388605226,0.15223780388753075,0.15223780388947766,0.1509240929750419,0.15092409297026443,0.15092409296620482,0.15092409297026443,0.1509240929750419,0.15092409297026443,0.1509240929623061,0.15092409295405684,0.1509240929623061,0.15092409297026443,0.15092409296620482,0.15092409295405684,0.15092409293831782,0.15092409295405684,0.15092409296620482,0.15092409297026443,0.1509240929623061,0.15092409295405684,0.1509240929623061,0.15092409297026443,0.1509240929750419,0.15092409297026443,0.15092409296620482,0.15092409297026443,0.1509240929750419,0.1496365231352445,0.1496365231251949,0.14963652311518708,0.1496365231251949,0.1496365231352445,0.1496365231251949,0.1496365231050932,0.14963652307770461,0.1496365231050932,0.1496365231251949,0.14963652311518708,0.14963652307770461,0.14963652300061098,0.14963652307770461,0.14963652311518708,0.1496365231251949,0.1496365231050932,0.14963652307770461,0.1496365231050932,0.1496365231251949,0.1496365231352445,0.1496365231251949,0.14963652311518708,0.1496365231251949,0.1496365231352445,0.1483745364375192,0.14837453642207343,0.1483745364033388,0.14837453642207343,0.1483745364375192,0.14837453642207343,0.14837453638391288,0.14837453630717465,0.14837453638391288,0.14837453642207343,0.1483745364033388,0.14837453630717465,0.14837453588035118,0.14837453630717465,0.1483745364033388,0.14837453642207343,0.14837453638391288,0.14837453630717465,0.14837453638391288,0.14837453642207343,0.1483745364375192,0.14837453642207343,0.1483745364033388,0.14837453642207343,0.1483745364375192,0.14713758237615554,0.14713758236615043,0.14713758235639687,0.14713758236615043,0.14713758237615554,0.14713758236615043,0.14713758234659505,0.14713758232116758,0.14713758234659505,0.14713758236615043,0.14713758235639687,0.14713758232116758,0.1471375822572401,0.14713758232116758,0.14713758235639687,0.14713758236615043,0.14713758234659505,0.14713758232116758,0.14713758234659505,0.14713758236615043,0.14713758237615554,0.14713758236615043,0.14713758235639687,0.14713758236615043,0.14713758237615554,0.14592511828745258,0.14592511828222696,0.14592511827786686,0.14592511828222696,0.14592511828745258,0.14592511828222696,0.14592511827370105,0.14592511826522486,0.14592511827370105,0.14592511828222696,0.14592511827786686,0.14592511826522486,0.1459251182500401,0.14592511826522486,0.14592511827786686,0.14592511828222696,0.14592511827370105,0.14592511826522486,0.14592511827370105,0.14592511828222696,0.14592511828745258,0.14592511828222696,0.14592511827786686,0.14592511828222696,0.14592511828745258,0.14473660974664954,0.14473660974337954,0.14473660974061675,0.14473660974337954,0.14473660974664954,0.14473660974337954,0.14473660973800304,0.14473660973190375,0.14473660973800304,0.14473660974337954,0.14473660974061675,0.14473660973190375,0.14473660971380817,0.14473660973190375,0.14473660974061675,0.14473660974337954,0.14473660973800304,0.14473660973190375,0.14473660973800304,0.14473660974337954,0.14473660974664954,0.14473660974337954,0.14473660974061675,0.14473660974337954,0.14473660974664954,0.14357153088718475,0.14357153088416716,0.14357153088128186,0.14357153088416716,0.14357153088718475,0.14357153088416716,0.14357153087843863,0.14357153087031746,0.14357153087843863,0.14357153088416716,0.14357153088128186,0.14357153087031746,0.1435715308392288,0.14357153087031746,0.14357153088128186,0.14357153088416716,0.14357153087843863,0.14357153087031746,0.14357153087843863,0.14357153088416716,0.14357153088718475,0.14357153088416716,0.14357153088128186,0.14357153088416716,0.14357153088718475,0.1424293646598289,0.1424293646566107,0.1424293646531842,0.1424293646566107,0.1424293646598289,0.1424293646566107,0.1424293646496839,0.14242936463856984,0.1424293646496839,0.1424293646566107,0.1424293646531842,0.14242936463856984,0.1424293645918613,0.14242936463856984,0.1424293646531842,0.1424293646566107,0.1424293646496839,0.14242936463856984,0.1424293646496839,0.1424293646566107,0.1424293646598289,0.1424293646566107,0.1424293646531842,0.1424293646566107,0.1424293646598289,0.14130960304302415,0.1413096030403226,0.14130960303699236,0.1413096030403226,0.14130960304302415,0.1413096030403226,0.1413096030334575,0.14130960302082257,0.1413096030334575,0.1413096030403226,0.14130960303699236,0.14130960302082257,0.14130960296256614,0.14130960302082257,0.14130960303699236,0.1413096030403226,0.1413096030334575,0.14130960302082257,0.1413096030334575,0.1413096030403226,0.14130960304302415,0.1413096030403226,0.14130960303699236,0.1413096030403226,0.14130960304302415,0.14021174720938895,0.14021174720936813,0.1402117472082155,0.14021174720936813,0.14021174720938895,0.14021174720936813,0.14021174720674068,0.14021174719799867,0.14021174720674068,0.14021174720936813,0.1402117472082155,0.14021174719799867,0.14021174714391044,0.14021174719799867,0.1402117472082155,0.14021174720936813,0.14021174720674068,0.14021174719799867,0.14021174720674068,0.14021174720936813,0.14021174720938895,0.14021174720936813,0.1402117472082155,0.14021174720936813,0.14021174720938895,0.13913530765184068,0.13913530765837356,0.13913530766371252,0.13913530765837356,0.13913530765184068,0.13913530765837356,0.13913530766878113,0.1391353076785738,0.13913530766878113,0.13913530765837356,0.13913530766371252,0.1391353076785738,0.13913530769414637,0.1391353076785738,0.13913530766371252,0.13913530765837356,0.13913530766878113,0.1391353076785738,0.13913530766878113,0.13913530765837356,0.13913530765184068,0.13913530765837356,0.13913530766371252,0.13913530765837356,0.13913530765184068,0.13807980427321864,0.13807980429036745,0.13807980430747502,0.13807980429036745,0.13807980427321864,0.13807980429036745,0.13807980432475997,0.13807980437153874,0.13807980432475997,0.13807980429036745,0.13807980430747502,0.13807980437153874,0.13807980450244223,0.13807980437153874,0.13807980430747502,0.13807980429036745,0.13807980432475997,0.13807980437153874,0.13807980432475997,0.13807980429036745,0.13807980427321864,0.13807980429036745,0.13807980430747502,0.13807980429036745,0.13807980427321864,0.13704476644664126,0.1370447664744915,0.13704476650816944,0.1370447664744915,0.13704476644664126,0.1370447664744915,0.1370447665430696,0.13704476668045934,0.1370447665430696,0.1370447664744915,0.13704476650816944,0.13704476668045934,0.1370447674410792,0.13704476668045934,0.13704476650816944,0.1370447664744915,0.1370447665430696,0.13704476668045934,0.1370447665430696,0.1370447664744915,0.13704476644664126,0.1370447664744915,0.13704476650816944,0.1370447664744915,0.13704476644664126,0.13602973305536661,0.13602973307476354,0.13602973309372973,0.13602973307476354,0.13602973305536661,0.13602973307476354,0.1360297331127472,0.13602973316347763,0.1360297331127472,0.13602973307476354,0.13602973309372973,0.13602973316347763,0.1360297333041246,0.13602973316347763,0.13602973309372973,0.13602973307476354,0.1360297331127472,0.13602973316347763,0.1360297331127472,0.13602973307476354,0.13602973305536661,0.13602973307476354,0.13602973309372973,0.13602973307476354,0.13602973305536661,0.1350342525381593,0.13503425255029725,0.13503425256031143,0.13503425255029725,0.1350342525381593,0.13503425255029725,0.13503425256981125,0.13503425258914228,0.13503425256981125,0.13503425255029725,0.13503425256031143,0.13503425258914228,0.13503425262426957,0.13503425258914228,0.13503425256031143,0.13503425255029725,0.13503425256981125,0.13503425258914228,0.13503425256981125,0.13503425255029725,0.1350342525381593,0.13503425255029725,0.13503425256031143,0.13503425255029725,0.1350342525381593
0.16533248757757305,0.16533248757757282,0.16533248757757282,0.16533248757757282,0.16533248757757305,0.16533248757757282,0.16533248757757257,0.16533248757757257,0.16533248757757257,0.16533248757757282,0.16533248757757282,0.16533248757757257,0.16533248757757257,0.16533248757757257,0.16533248757757282,0.16533248757757282,0.16533248757757257,0.16533248757757257,0.16533248757757257,0.16533248757757282,0.16533248757757305,0.16533248757757282,0.16533248757757282,0.16533248757757282,0.16533248757757305,0.16375749386294483,0.1637574938629444,0.16375749386294416,0.1637574938629444,0.16375749386294483,0.1637574938629444,0.16375749386294416,0.16375749386294391,0.16375749386294416,0.1637574938629444,0.16375749386294416,0.16375749386294391,0.1637574938629437,0.16375749386294391,0.16375749386294416,0.1637574938629444,0.16375749386294416,0.16375749386294391,0.16375749386294416,0.1637574938629444,0.16375749386294483,0.1637574938629444,0.16375749386294416,0.1637574938629444,0.16375749386294483,0.16221388408015971,0.1622138840801586,0.16221388408015813,0.1622138840801586,0.16221388408015971,0.1622138840801586,0.16221388408015766,0.16221388408015702,0.16221388408015766,0.1622138840801586,0.16221388408015813,0.16221388408015702,0.16221388408015633,0.16221388408015702,0.16221388408015813,0.1622138840801586,0.16221388408015766,0.16221388408015702,0.16221388408015766,0.1622138840801586,0.16221388408015971,0.1622138840801586,0.16221388408015813,0.1622138840801586,0.16221388408015971,0.16070106718625984,0.16070106718625676,0.16070106718625474,0.16070106718625676,0.16070106718625984,0.16070106718625676,0.16070106718625343,0.16070106718625143,0.16070106718625343,0.16070106718625676,0.16070106718625474,0.16070106718625143,0.1607010671862494,0.16070106718625143,0.16070106718625474,0.16070106718625676,0.16070106718625343,0.16070106718625143,0.16070106718625343,0.16070106718625676,0.16070106718625984,0.16070106718625676,0.16070106718625474,0.16070106718625676,0.16070106718625984,0.15921845155622794,0.15921845155621833,0.15921845155621248,0.15921845155621833,0.15921845155622794,0.15921845155621833,0.15921845155620812,0.15921845155620182,0.15921845155620812,0.15921845155621833,0.15921845155621248,0.15921845155620182,0.15921845155619505,0.15921845155620182,0.15921845155621248,0.15921845155621833,0.15921845155620812,0.15921845155620182,0.15921845155620812,0.15921845155621833,0.15921845155622794,0.15921845155621833,0.15921845155621248,0.15921845155621833,0.15921845155622794,0.15776544633484454,0.1577654463348155,0.15776544633479694,0.1577654463348155,0.15776544633484454,0.1577654463348155,0.1577654463347835,0.15776544633476305,0.1577654463347835,0.1577654463348155,0.15776544633479694,0.15776544633476305,0.15776544633474082,0.15776544633476305,0.15776544633479694,0.1577654463348155,0.1577654463347835,0.15776544633476305,0.1577654463347835,0.1577654463348155,0.15776544633484454,0.1577654463348155,0.15776544633479694,0.1577654463348155,0.15776544633484454,0.15634146265102888,0.1563414626509421,0.15634146265088564,0.1563414626509421,0.15634146265102888,0.1563414626509421,0.15634146265084256,0.15634146265077567,0.15634146265084256,0.1563414626509421,0.15634146265088564,0.15634146265077567,0.1563414626507006,0.15634146265077567,0.15634146265088564,0.1563414626509421,0.15634146265084256,0.15634146265077567,0.15634146265084256,0.1563414626509421,0.15634146265102888,0.1563414626509421,0.15634146265088564,0.1563414626509421,0.15634146265102888,0.15494591470495223,0.15494591470469873,0.15494591470452823,0.15494591470469873,0.15494591470495223,0.15494591470469873,0.15494591470439031,0.15494591470417288,0.15494591470439031,0.15494591470469873,0.15494591470452823,0.15494591470417288,0.1549459147039171,0.15494591470417288,0.15494591470452823,0.15494591470469873,0.15494591470439031,0.15494591470417288,0.15494591470439031,0.15494591470469873,0.15494591470495223,0.15494591470469873,0.15494591470452823,0.15494591470469873,0.15494591470495223,0.15357822073769092,0.15357822073697494,0.15357822073647082,0.15357822073697494,0.15357822073769092,0.15357822073697494,0.15357822073603639,0.1535782207353252,0.15357822073603639,0.15357822073697494,0.15357822073647082,0.1535782207353252,0.15357822073440736,0.1535782207353252,0.15357822073647082,0.15357822073697494,0.15357822073603639,0.1535782207353252,0.15357822073603639,0.15357822073697494,0.15357822073769092,0.15357822073697494,0.15357822073647082,0.15357822073697494,0.15357822073769092,0.15223780389271627,0.15223780389080047,0.1522378038893456,0.15223780389080047,0.15223780389271627,0.15223780389080047,0.15223780388802047,0.15223780388563696,0.15223780388802047,0.15223780389080047,0.1522378038893456,0.15223780388563696,0.15223780388206432,0.15223780388563696,0.1522378038893456,0.15223780389080047,0.15223780388802047,0.15223780388563696,0.15223780388802047,0.15223780389080047,0.15223780389271627,0.15223780389080047,0.1522378038893456,0.15223780389080047,0.15223780389271627,0.150924092978129,0.15092409297342638,0.1509240929694318,0.15092409297342638,0.150924092978129,0.15092409297342638,0.15092409296559595,0.1509240929574835,0.15092409296559595,0.15092409297342638,0.1509240929694318,0.1509240929574835,0.15092409294201167,0.1509240929574835,0.1509240929694318,0.15092409297342638,0.15092409296559595,0.1509240929574835,0.15092409296559595,0.15092409297342638,0.150924092978129,0.15092409297342638,0.1509240929694318,0.15092409297342638,0.150924092978129,0.14963652313802553,0.14963652312812795,0.14963652311827727,0.14963652312812795,0.14963652313802553,0.14963652312812795,0.14963652310834374,0.1496365230814078,0.14963652310834374,0.14963652312812795,0.14963652311827727,0.1496365230814078,0.1496365230056385,0.1496365230814078,0.14963652311827727,0.14963652312812795,0.14963652310834374,0.1496365230814078,0.14963652310834374,0.14963652312812795,0.14963652313802553,0.14963652312812795,0.14963652311827727,0.14963652312812795,0.14963652313802553,0.1483745364396779,0.14837453642444287,0.1483745364059844,0.14837453642444287,0.1483745364396779,0.14837453642444287,0.14837453638684833,0.14837453631135178,0.14837453638684833,0.14837453642444287,0.1483745364059844,0.14837453631135178,0.1483745358919358,0.14837453631135178,0.1483745364059844,0.14837453642444287,0.14837453638684833,0.14837453631135178,0.14837453638684833,0.14837453642444287,0.1483745364396779,0.14837453642444287,0.1483745364059844,0.14837453642444287,0.1483745364396779,0.1471375823772484,0.14713758236729724,0.14713758235758076,0.14713758236729724,0.1471375823772484,0.14713758236729724,0.1471375823478143,0.14713758232235652,0.1471375823478143,0.14713758236729724,0.14713758235758076,0.14713758232235652,0.14713758225721704,0.14713758232235652,0.14713758235758076,0.14713758236729724,0.1471375823478143,0.14713758232235652,0.1471375823478143,0.14713758236729724,0.1471375823772484,0.14713758236729724,0.14713758235758076,0.14713758236729724,0.1471375823772484,0.14592511828735397,0.14592511828207685,0.1459251182776411,0.14592511828207685,0.14592511828735397,0.14592511828207685,0.14592511827339408,0.14592511826457225,0.14592511827339408,0.14592511828207685,0.1459251182776411,0.14592511826457225,0.14592511824756305,0.14592511826457225,0.1459251182776411,0.14592511828207685,0.14592511827339408,0.14592511826457225,0.14592511827339408,0.14592511828207685,0.14592511828735397,0.14592511828207685,0.1459251182776411,0.14592511828207685,0.14592511828735397,0.14473660974544986,0.14473660974210062,0.14473660973924687,0.14473660974210062,0.14473660974544986,0.14473660974210062,0.14473660973653857,0.14473660973012054,0.14473660973653857,0.14473660974210062,0.14473660973924687,0.14473660973012054,0.14473660971068722,0.14473660973012054,0.14473660973924687,0.14473660974210062,0.14473660973653857,0.14473660973012054,0.14473660973653857,0.14473660974210062,0.14473660974544986,0.14473660974210062,0.14473660973924687,0.14473660974210062,0.14473660974544986,0.14357153088503127,0.14357153088194594,0.14357153087899013,0.14357153088194594,0.14357153088503127,0.14357153088194594,0.14357153087607488,0.14357153086773297,0.14357153087607488,0.14357153088194594,0.14357153087899013,0.14357153086773297,0.1435715308357422,0.14357153086773297,0.14357153087899013,0.14357153088194594,0.14357153087607488,0.14357153086773297,0.14357153087607488,0.14357153088194594,0.14357153088503127,0.14357153088194594,0.14357153087899013,0.14357153088194594,0.14357153088503127,0.14242936465684625,0.14242936465358247,0.14242936465011183,0.14242936465358247,0.14242936465684625,0.14242936465358247,0.1424293646465679,0.14242936463532938,0.1424293646465679,0.14242936465358247,0.14242936465011183,0.14242936463532938,0.14242936458815197,0.14242936463532938,0.14242936465011183,0.14242936465358247,0.1424293646465679,0.14242936463532938,0.1424293646465679,0.14242936465358247,0.14242936465684625,0.14242936465358247,0.14242936465011183,0.14242936465358247,0.14242936465684625,0.14130960303929158,0.1413096030365621,0.14130960303320814,0.1413096030365621,0.14130960303929158,0.1413096030365621,0.14130960302965076,0.14130960301696288,0.14130960302965076,0.1413096030365621,0.14130960303320814,0.14130960301696288,0.14130960295856057,0.14130960301696288,0.14130960303320814,0.1413096030365621,0.14130960302965076,0.14130960301696288,0.14130960302965076,0.1413096030365621,0.14130960303929158,0.1413096030365621,0.14130960303320814,0.1413096030365621,0.14130960303929158,0.14021174720494997,0.1402117472049048,0.14021174720373428,0.1402117472049048,0.14021174720494997,0.1402117472049048,0.14021174720224366,0.14021174719347762,0.14021174720224366,0.1402117472049048,0.14021174720373428,0.14021174719347762,0.14021174713939938,0.14021174719347762,0.14021174720373428,0.1402117472049048,0.14021174720224366,0.14021174719347762,0.14021174720224366,0.1402117472049048,0.14021174720494997,0.1402117472049048,0.14021174720373428,0.1402117472049048,0.14021174720494997,0.13913530764673065,0.13913530765322085,0.13913530765852455,0.13913530765322085,0.13913530764673065,0.13913530765322085,0.13913530766355964,0.13913530767328477,0.13913530766355964,0.13913530765322085,0.13913530765852455,0.13913530767328477,0.13913530768873564,0.13913530767328477,0.13913530765852455,0.13913530765322085,0.13913530766355964,0.13913530767328477,0.13913530766355964,0.13913530765322085,0.13913530764673065,0.13913530765322085,0.13913530765852455,0.13913530765322085,0.13913530764673065,0.1380798042675111,0.13807980428457386,0.13807980430159678,0.13807980428457386,0.1380798042675111,0.13807980428457386,0.1380798043187965,0.13807980436534734,0.1380798043187965,0.13807980428457386,0.13807980430159678,0.13807980436534734,0.1380798044956207,0.13807980436534734,0.13807980430159678,0.13807980428457386,0.1380798043187965,0.13807980436534734,0.1380798043187965,0.13807980428457386,0.1380798042675111,0.13807980428457386,0.13807980430159678,0.13807980428457386,0.1380798042675111,0.1370447664404993,0.13704476646821603,0.13704476650173295,0.13704476646821603,0.1370447664404993,0.13704476646821603,0.1370447665364668,0.13704476667320414,0.1370447665364668,0.13704476646821603,0.13704476650173295,0.13704476667320414,0.1370447674302219,0.13704476667320414,0.13704476650173295,0.13704476646821603,0.1370447665364668,0.13704476667320414,0.1370447665364668,0.13704476646821603,0.1370447664404993,0.13704476646821603,0.13704476650173295,0.13704476646821603,0.1370447664404993,0.1360297330490536,0.13602973306835794,0.1360297330872339,0.13602973306835794,0.1360297330490536,0.13602973306835794,0.13602973310616087,0.13602973315665035,0.13602973310616087,0.13602973306835794,0.1360297330872339,0.13602973315665035,0.13602973329663062,0.13602973315665035,0.1360297330872339,0.13602973306835794,0.13602973310616087,0.13602973315665035,0.13602973310616087,0.13602973306835794,0.1360297330490536,0.13602973306835794,0.1360297330872339,0.13602973306835794,0.1360297330490536,0.13503425253185583,0.13503425254393603,0.13503425255390264,0.13503425254393603,0.13503425253185583,0.13503425254393603,0.13503425256335713,0.13503425258259646,0.13503425256335713,0.13503425254393603,0.13503425255390264,0.13503425258259646,0.13503425261755722,0.13503425258259646,0.13503425255390264,0.13503425254393603,0.13503425256335713,0.13503425258259646,0.13503425256335713,0.13503425254393603,0.13503425253185583,0.13503425254393603,0.13503425255390264,0.13503425254393603,0.13503425253185583
0.16533248758167451,0.16533248758167451,0.1653324875816743,0.16533248758167451,0.16533248758167451,0.16533248758167451,0.1653324875816743,0.1653324875816743,0.1653324875816743,0.16533248758167451,0.1653324875816743,0.1653324875816743,0.16533248758167407,0.1653324875816743,0.1653324875816743,0.16533248758167451,0.1653324875816743,0.1653324875816743,0.1653324875816743,0.16533248758167451,0.16533248758167451,0.16533248758167451,0.1653324875816743,0.16533248758167451,0.16533248758167451,0.16375749386696672,0.16375749386696625,0.16375749386696603,0.16375749386696625,0.16375749386696672,0.16375749386696625,0.16375749386696603,0.1637574938669658,0.16375749386696603,0.16375749386696625,0.16375749386696603,0.1637574938669658,0.16375749386696556,0.1637574938669658,0.16375749386696603,0.16375749386696625,0.16375749386696603,0.1637574938669658,0.16375749386696603,0.16375749386696625,0.16375749386696672,0.16375749386696625,0.16375749386696603,0.16375749386696625,0.16375749386696672,0.1622138840841048,0.1622138840841039,0.16221388408410323,0.1622138840841039,0.1622138840841048,0.1622138840841039,0.16221388408410276,0.1622138840841021,0.16221388408410276,0.1622138840841039,0.16221388408410323,0.1622138840841021,0.16221388408410164,0.1622138840841021,0.16221388408410323,0.1622138840841039,0.16221388408410276,0.1622138840841021,0.16221388408410276,0.1622138840841039,0.1622138840841048,0.1622138840841039,0.16221388408410323,0.1622138840841039,0.1622138840841048,0.16070106719013133,0.16070106719012822,0.16070106719012642,0.16070106719012822,0.16070106719013133,0.16070106719012822,0.16070106719012509,0.1607010671901231,0.16070106719012509,0.16070106719012822,0.16070106719012642,0.1607010671901231,0.16070106719012112,0.1607010671901231,0.16070106719012642,0.16070106719012822,0.16070106719012509,0.1607010671901231,0.16070106719012509,0.16070106719012822,0.16070106719013133,0.16070106719012822,0.16070106719012642,0.16070106719012822,0.16070106719013133,0.15921845156002884,0.15921845156001949,0.15921845156001357,0.15921845156001949,0.15921845156002884,0.15921845156001949,0.15921845156000944,0.15921845156000314,0.15921845156000944,0.15921845156001949,0.15921845156001357,0.15921845156000314,0.1592184515599964,0.15921845156000314,0.15921845156001357,0.15921845156001949,0.15921845156000944,0.15921845156000314,0.15921845156000944,0.15921845156001949,0.15921845156002884,0.15921845156001949,0.15921845156001357,0.15921845156001949,0.15921845156002884,0.15776544633857761,0.15776544633854903,0.1577654463385309,0.15776544633854903,0.15776544633857761,0.15776544633854903,0.15776544633851766,0.15776544633849762,0.15776544633851766,0.15776544633854903,0.1577654463385309,0.15776544633849762,0.15776544633847564,0.15776544633849762,0.1577654463385309,0.15776544633854903,0.15776544633851766,0.15776544633849762,0.15776544633851766,0.15776544633854903,0.15776544633857761,0.15776544633854903,0.1577654463385309,0.15776544633854903,0.15776544633857761,0.15634146265469598,0.15634146265461066,0.15634146265455529,0.15634146265461066,0.15634146265469598,0.15634146265461066,0.15634146265451304,0.15634146265444757,0.15634146265451304,0.15634146265461066,0.15634146265455529,0.15634146265444757,0.15634146265437396,0.15634146265444757,0.15634146265455529,0.15634146265461066,0.15634146265451304,0.15634146265444757,0.15634146265451304,0.15634146265461066,0.15634146265469598,0.15634146265461066,0.15634146265455529,0.15634146265461066,0.15634146265469598,0.15494591470855332,0.1549459147083041,0.15494591470813668,0.1549459147083041,0.15494591470855332,0.1549459147083041,0.15494591470800162,0.15494591470778787,0.15494591470800162,0.1549459147083041,0.15494591470813668,0.15494591470778787,0.15494591470753663,0.15494591470778787,0.15494591470813668,0.1549459147083041,0.15494591470800162,0.15494591470778787,0.15494591470800162,0.1549459147083041,0.15494591470855332,0.1549459147083041,0.15494591470813668,0.1549459147083041,0.15494591470855332,0.15357822074121913,0.15357822074051578,0.1535782207400205,0.15357822074051578,0.15357822074121913,0.15357822074051578,0.15357822073959373,0.15357822073889538,0.15357822073959373,0.15357822074051578,0.1535782207400205,0.15357822073889538,0.15357822073799401,0.15357822073889538,0.1535782207400205,0.15357822074051578,0.15357822073959373,0.15357822073889538,0.15357822073959373,0.15357822074051578,0.15357822074121913,0.15357822074051578,0.1535782207400205,0.15357822074051578,0.15357822074121913,0.15223780389614855,0.15223780389426578,0.15223780389283656,0.15223780389426578,0.15223780389614855,0.15223780389426578,0.15223780389153485,0.15223780388919406,0.15223780389153485,0.15223780389426578,0.15223780389283656,0.15223780388919406,0.15223780388568656,0.15223780388919406,0.15223780389283656,0.15223780389426578,0.15223780389153485,0.15223780388919406,0.15223780389153485,0.15223780389426578,0.15223780389614855,0.15223780389426578,0.15223780389283656,0.15223780389426578,0.15223780389614855,0.1509240929813988,0.15092409297677606,0.1509240929728507,0.15092409297677606,0.1509240929813988,0.15092409297677606,0.1509240929690822,0.1509240929611154,0.1509240929690822,0.15092409297677606,0.1509240929728507,0.1509240929611154,0.15092409294592912,0.1509240929611154,0.1509240929728507,0.15092409297677606,0.1509240929690822,0.1509240929611154,0.1509240929690822,0.15092409297677606,0.1509240929813988,0.15092409297677606,0.1509240929728507,0.15092409297677606,0.1509240929813988,0.14963652314096806,0.1496365231312327,0.14963652312154974,0.1496365231312327,0.14963652314096806,0.1496365231312327,0.14963652311178716,0.14963652308533396,0.14963652311178716,0.1496365231312327,0.14963652312154974,0.14963652308533396,0.1496365230109775,0.14963652308533396,0.14963652312154974,0.1496365231312327,0.14963652311178716,0.14963652308533396,0.14963652311178716,0.1496365231312327,0.14963652314096806,0.1496365231312327,0.14963652312154974,0.1496365231312327,0.14963652314096806,0.14837453644195542,0.14837453642694537,0.14837453640878137,0.14837453642694537,0.14837453644195542,0.14837453642694537,0.1483745363899543,0.14837453631578232,0.1483745363899543,0.14837453642694537,0.14837453640878137,0.14837453631578232,0.14837453590426264,0.14837453631578232,0.14837453640878137,0.14837453642694537,0.1483745363899543,0.14837453631578232,0.1483745363899543,0.14837453642694537,0.14837453644195542,0.14837453642694537,0.14837453640878137,0.14837453642694537,0.14837453644195542,0.14713758237838828,0.14713758236849434,0.1471375823588173,0.14713758236849434,0.14713758237838828,0.14713758236849434,0.14713758234908828,0.1471375823235976,0.14713758234908828,0.14713758236849434,0.1471375823588173,0.1471375823235976,0.14713758225717,0.1471375823235976,0.1471375823588173,0.14713758236849434,0.14713758234908828,0.1471375823235976,0.14713758234908828,0.14713758236849434,0.14713758237838828,0.14713758236849434,0.1471375823588173,0.14713758236849434,0.14713758237838828,0.1459251182872229,0.1459251182818897,0.14592511827737292,0.1459251182818897,0.1459251182872229,0.1459251182818897,0.1459251182730383,0.14592511826384594,0.1459251182730383,0.1459251182818897,0.14592511827737292,0.14592511826384594,0.14592511824488155,0.14592511826384594,0.14592511827737292,0.1459251182818897,0.1459251182730383,0.14592511826384594,0.1459251182730383,0.1459251182818897,0.1459251182872229,0.1459251182818897,0.14592511827737292,0.1459251182818897,0.1459251182872229,0.14473660974414546,0.14473660974071031,0.14473660973775848,0.14473660974071031,0.14473660974414546,0.14473660974071031,0.14473660973494806,0.14473660972818636,0.14473660973494806,0.14473660974071031,0.14473660973775848,0.14473660972818636,0.14473660970720126,0.14473660972818636,0.14473660973775848,0.14473660974071031,0.14473660973494806,0.14473660972818636,0.14473660973494806,0.14473660974071031,0.14473660974414546,0.14473660974071031,0.14473660973775848,0.14473660974071031,0.14473660974414546,0.14357153088271357,0.14357153087955413,0.14357153087652114,0.14357153087955413,0.14357153088271357,0.14357153087955413,0.14357153087352753,0.14357153086494467,0.14357153087352753,0.14357153087955413,0.14357153087652114,0.14357153086494467,0.14357153083200186,0.14357153086494467,0.14357153087652114,0.14357153087955413,0.14357153087352753,0.14357153086494467,0.14357153087352753,0.14357153087955413,0.14357153088271357,0.14357153087955413,0.14357153087652114,0.14357153087955413,0.14357153088271357,0.14242936465365158,0.14242936465033712,0.14242936464681719,0.14242936465033712,0.14242936465365158,0.14242936465033712,0.14242936464322412,0.1424293646318458,0.14242936464322412,0.14242936465033712,0.14242936464681719,0.1424293646318458,0.14242936458416217,0.1424293646318458,0.14242936464681719,0.14242936465033712,0.14242936464322412,0.1424293646318458,0.14242936464322412,0.14242936465033712,0.14242936465365158,0.14242936465033712,0.14242936464681719,0.14242936465033712,0.14242936465365158,0.1413096030353097,0.14130960303254797,0.14130960302916606,0.14130960303254797,0.1413096030353097,0.14130960303254797,0.14130960302558204,0.14130960301282852,0.14130960302558204,0.14130960303254797,0.14130960302916606,0.14130960301282852,0.1413096029542147,0.14130960301282852,0.14130960302916606,0.14130960303254797,0.14130960302558204,0.14130960301282852,0.14130960302558204,0.14130960303254797,0.1413096030353097,0.14130960303254797,0.14130960302916606,0.14130960303254797,0.1413096030353097,0.14021174720023236,0.14021174720015964,0.14021174719896795,0.14021174720015964,0.14021174720023236,0.14021174720015964,0.140211747197458,0.14021174718865761,0.140211747197458,0.14021174720015964,0.14021174719896795,0.14021174718865761,0.14021174713454132,0.14021174718865761,0.14021174719896795,0.14021174720015964,0.140211747197458,0.14021174718865761,0.140211747197458,0.14021174720015964,0.14021174720023236,0.14021174720015964,0.14021174719896795,0.14021174720015964,0.14021174720023236,0.13913530764131962,0.13913530764776455,0.13913530765303048,0.13913530764776455,0.13913530764131962,0.13913530764776455,0.13913530765802998,0.13913530766768223,0.13913530765802998,0.13913530764776455,0.13913530765303048,0.13913530766768223,0.13913530768299995,0.13913530766768223,0.13913530765303048,0.13913530764776455,0.13913530765802998,0.13913530766768223,0.13913530765802998,0.13913530764776455,0.13913530764131962,0.13913530764776455,0.13913530765303048,0.13913530764776455,0.13913530764131962,0.1380798042614851,0.13807980427845873,0.13807980429539374,0.13807980427845873,0.1380798042614851,0.13807980427845873,0.13807980431250533,0.1380798043588207,0.13807980431250533,0.13807980427845873,0.13807980429539374,0.1380798043588207,0.13807980448844354,0.1380798043588207,0.13807980429539374,0.13807980427845873,0.13807980431250533,0.1380798043588207,0.13807980431250533,0.13807980427845873,0.1380798042614851,0.13807980427845873,0.13807980429539374,0.13807980427845873,0.1380798042614851,0.13704476643402802,0.1370447664616067,0.13704476649495803,0.1370447664616067,0.13704476643402802,0.1370447664616067,0.1370447665295204,0.1370447666655857,0.1370447665295204,0.1370447664616067,0.13704476649495803,0.1370447666655857,0.1370447674189133,0.1370447666655857,0.13704476649495803,0.1370447664616067,0.1370447665295204,0.1370447666655857,0.1370447665295204,0.1370447664616067,0.13704476643402802,0.1370447664616067,0.13704476649495803,0.1370447664616067,0.13704476643402802,0.1360297330424082,0.13602973306161714,0.13602973308040006,0.13602973306161714,0.1360297330424082,0.13602973306161714,0.136029733099234,0.13602973314947536,0.136029733099234,0.13602973306161714,0.13602973308040006,0.13602973314947536,0.13602973328876902,0.13602973314947536,0.13602973308040006,0.13602973306161714,0.136029733099234,0.13602973314947536,0.136029733099234,0.13602973306161714,0.1360297330424082,0.13602973306161714,0.13602973308040006,0.13602973306161714,0.1360297330424082,0.135034252525223,0.13503425253724372,0.13503425254716117,0.13503425253724372,0.135034252525223,0.13503425253724372,0.13503425255656917,0.1350342525757139,0.13503425255656917,0.13503425253724372,0.13503425254716117,0.1350342525757139,0.1350342526105031,0.1350342525757139,0.13503425254716117,0.13503425253724372,0.13503425255656917,0.1350342525757139,0.13503425255656917,0.13503425253724372,0.135034252525223,0.13503425253724372,0.13503425254716117,0.13503425253724372,0.135034252525223
0.16533248758601105,0.16533248758601077,0.16533248758601077,0.16533248758601077,0.16533248758601105,0.16533248758601077,0.16533248758601077,0.16533248758601055,0.16533248758601077,0.16533248758601077,0.16533248758601077,0.16533248758601055,0.16533248758601055,0.16533248758601055,0.16533248758601077,0.16533248758601077,0.16533248758601077,0.16533248758601055,0.16533248758601077,0.16533248758601077,0.16533248758601105,0.16533248758601077,0.16533248758601077,0.16533248758601077,0.16533248758601105,0.16375749387121852,0.16375749387121827,0.16375749387121805,0.16375749387121827,0.16375749387121852,0.16375749387121827,0.16375749387121782,0.16375749387121757,0.16375749387121782,0.16375749387121827,0.16375749387121805,0.16375749387121757,0.16375749387121757,0.16375749387121757,0.16375749387121805,0.16375749387121827,0.16375749387121782,0.16375749387121757,0.16375749387121782,0.16375749387121827,0.16375749387121852,0.16375749387121827,0.16375749387121805,0.16375749387121827,0.16375749387121852,0.16221388408827545,0.16221388408827453,0.16221388408827384,0.16221388408827453,0.16221388408827545,0.16221388408827453,0.1622138840882734,0.1622138840882727,0.1622138840882734,0.16221388408827453,0.16221388408827384,0.1622138840882727,0.16221388408827228,0.1622138840882727,0.16221388408827384,0.16221388408827453,0.1622138840882734,0.1622138840882727,0.1622138840882734,0.16221388408827453,0.16221388408827545,0.16221388408827453,0.16221388408827384,0.16221388408827453,0.16221388408827545,0.1607010671942238,0.1607010671942207,0.16070106719421892,0.1607010671942207,0.1607010671942238,0.1607010671942207,0.16070106719421762,0.1607010671942156,0.16070106719421762,0.1607010671942207,0.16070106719421892,0.1607010671942156,0.16070106719421362,0.1607010671942156,0.16070106719421892,0.1607010671942207,0.16070106719421762,0.1607010671942156,0.16070106719421762,0.1607010671942207,0.1607010671942238,0.1607010671942207,0.16070106719421892,0.1607010671942207,0.1607010671942238,0.15921845156404613,0.15921845156403702,0.1592184515640311,0.15921845156403702,0.15921845156404613,0.15921845156403702,0.1592184515640272,0.1592184515640209,0.1592184515640272,0.15921845156403702,0.1592184515640311,0.1592184515640209,0.15921845156401435,0.1592184515640209,0.1592184515640311,0.15921845156403702,0.1592184515640272,0.1592184515640209,0.1592184515640272,0.15921845156403702,0.15921845156404613,0.15921845156403702,0.1592184515640311,0.15921845156403702,0.15921845156404613,0.15776544634252238,0.15776544634249465,0.15776544634247672,0.15776544634249465,0.15776544634252238,0.15776544634249465,0.15776544634246392,0.15776544634244408,0.15776544634246392,0.15776544634249465,0.15776544634247672,0.15776544634244408,0.1577654463424227,0.15776544634244408,0.15776544634247672,0.15776544634249465,0.15776544634246392,0.15776544634244408,0.15776544634246392,0.15776544634249465,0.15776544634252238,0.15776544634249465,0.15776544634247672,0.15776544634249465,0.15776544634252238,0.15634146265857055,0.15634146265848706,0.15634146265843252,0.15634146265848706,0.15634146265857055,0.15634146265848706,0.1563414626583913,0.15634146265832732,0.1563414626583913,0.15634146265848706,0.15634146265843252,0.15634146265832732,0.156341462658255,0.15634146265832732,0.15634146265843252,0.15634146265848706,0.1563414626583913,0.15634146265832732,0.1563414626583913,0.15634146265848706,0.15634146265857055,0.15634146265848706,0.15634146265843252,0.15634146265848706,0.15634146265857055,0.15494591471235702,0.15494591471211275,0.1549459147119486,0.15494591471211275,0.15494591471235702,0.15494591471211275,0.15494591471181623,0.15494591471160635,0.15494591471181623,0.15494591471211275,0.1549459147119486,0.15494591471160635,0.15494591471136024,0.15494591471160635,0.1549459147119486,0.15494591471211275,0.15494591471181623,0.15494591471160635,0.15494591471181623,0.15494591471211275,0.15494591471235702,0.15494591471211275,0.1549459147119486,0.15494591471211275,0.15494591471235702,0.15357822074494518,0.15357822074425528,0.15357822074376926,0.15357822074425528,0.15357822074494518,0.15357822074425528,0.1535782207433509,0.15357822074266583,0.1535782207433509,0.15357822074425528,0.15357822074376926,0.15357822074266583,0.1535782207417823,0.15357822074266603,0.15357822074376926,0.15357822074425528,0.1535782207433509,0.15357822074266603,0.1535782207433509,0.15357822074425528,0.15357822074494518,0.15357822074425528,0.15357822074376926,0.15357822074425528,0.15357822074494518,0.15223780389977218,0.15223780389792446,0.1522378038965222,0.15223780389792446,0.15223780389977218,0.15223780389792446,0.15223780389524544,0.15223780389294994,0.15223780389524544,0.15223780389792446,0.1522378038965222,0.15223780389294994,0.15223780388951152,0.15223780389294994,0.1522378038965222,0.15223780389792446,0.15223780389524544,0.15223780389294994,0.15223780389524544,0.15223780389792446,0.15223780389977218,0.15223780389792446,0.1522378038965222,0.15223780389792446,0.15223780389977218,0.1509240929848488,0.15092409298031093,0.15092409297645928,0.15092409298031093,0.1509240929848488,0.15092409298031093,0.15092409297276216,0.15092409296495007,0.15092409297276216,0.15092409298031093,0.15092409297645928,0.15092409296495007,0.15092409295006648,0.15092409296495007,0.15092409297645928,0.15092409298031093,0.15092409297276216,0.15092409296495007,0.15092409297276216,0.15092409298031093,0.1509240929848488,0.15092409298031093,0.15092409297645928,0.15092409298031093,0.1509240929848488,0.14963652314406997,0.1496365231345065,0.14963652312500167,0.1496365231345065,0.14963652314406997,0.1496365231345065,0.14963652311542058,0.14963652308947978,0.14963652311542058,0.1496365231345065,0.14963652312500167,0.14963652308947978,0.14963652301662353,0.14963652308947978,0.14963652312500167,0.1496365231345065,0.14963652311542058,0.14963652308947978,0.14963652311542058,0.1496365231345065,0.14963652314406997,0.1496365231345065,0.14963652312500167,0.1496365231345065,0.14963652314406997,0.14837453644435064,0.1483745364295789,0.14837453641172776,0.1483745364295789,0.14837453644435064,0.1483745364295789,0.1483745363932283,0.14837453632046263,0.1483745363932283,0.1483745364295789,0.14837453641172776,0.14837453632046263,0.1483745359173334,0.14837453632046263,0.14837453641172776,0.1483745364295789,0.1483745363932283,0.14837453632046263,0.1483745363932283,0.1483745364295789,0.14837453644435064,0.1483745364295789,0.14837453641172776,0.1483745364295789,0.14837453644435064,0.1471375823795749,0.14713758236974123,0.14713758236010577,0.14713758236974123,0.1471375823795749,0.14713758236974123,0.14713758235041638,0.1471375823248905,0.14713758235041638,0.14713758236974123,0.14713758236010577,0.1471375823248905,0.1471375822571055,0.1471375823248905,0.14713758236010577,0.14713758236974123,0.14713758235041638,0.1471375823248905,0.14713758235041638,0.14713758236974123,0.1471375823795749,0.14713758236974123,0.14713758236010577,0.14713758236974123,0.1471375823795749,0.14592511828705998,0.14592511828166657,0.14592511827706292,0.14592511828166657,0.14592511828705998,0.14592511828166657,0.145925118272635,0.14592511826304713,0.145925118272635,0.14592511828166657,0.14592511827706292,0.14592511826304713,0.14592511824197965,0.14592511826304713,0.14592511827706292,0.14592511828166657,0.145925118272635,0.14592511826304713,0.145925118272635,0.14592511828166657,0.14592511828705998,0.14592511828166657,0.14592511827706292,0.14592511828166657,0.14592511828705998,0.14473660974273805,0.14473660973921057,0.1447366097361535,0.14473660973921057,0.14473660974273805,0.14473660973921057,0.14473660973323346,0.14473660972610364,0.14473660973323346,0.14473660973921057,0.1447366097361535,0.14473660972610364,0.1447366097035701,0.14473660972610364,0.1447366097361535,0.14473660973921057,0.14473660973323346,0.14473660972610364,0.14473660973323346,0.14473660973921057,0.14473660974273805,0.14473660973921057,0.1447366097361535,0.14473660973921057,0.14473660974273805,0.1435715308802338,0.14357153087699429,0.1435715308738778,0.14357153087699429,0.1435715308802338,0.14357153087699429,0.14357153087079913,0.1435715308619557,0.14357153087079913,0.14357153087699429,0.1435715308738778,0.1435715308619557,0.1435715308279576,0.1435715308619557,0.1435715308738778,0.14357153087699429,0.14357153087079913,0.1435715308619557,0.14357153087079913,0.14357153087699429,0.1435715308802338,0.14357153087699429,0.1435715308738778,0.14357153087699429,0.1435715308802338,0.14242936465024805,0.14242936464687758,0.1424293646433031,0.14242936464687758,0.14242936465024805,0.14242936464687758,0.14242936463965586,0.14242936462812242,0.14242936463965586,0.14242936464687758,0.1424293646433031,0.14242936462812242,0.1424293645798744,0.14242936462812242,0.1424293646433031,0.14242936464687758,0.14242936463965586,0.14242936462812242,0.14242936463965586,0.14242936464687758,0.14242936465024805,0.14242936464687758,0.1424293646433031,0.14242936464687758,0.14242936465024805,0.14130960303108192,0.14130960302828388,0.14130960302486975,0.14130960302828388,0.14130960303108192,0.14130960302828388,0.14130960302125462,0.141309603008423,0.14130960302125462,0.14130960302828388,0.14130960302486975,0.141309603008423,0.14130960294954933,0.141309603008423,0.14130960302486975,0.14130960302828388,0.14130960302125462,0.141309603008423,0.14130960302125462,0.14130960302828388,0.14130960303108192,0.14130960302828388,0.14130960302486975,0.14130960302828388,0.14130960303108192,0.1402117471952401,0.1402117471951363,0.1402117471939201,0.1402117471951363,0.1402117471952401,0.1402117471951363,0.14021174719238771,0.14021174718354285,0.14021174719238771,0.1402117471951363,0.1402117471939201,0.14021174718354285,0.1402117471293267,0.14021174718354285,0.1402117471939201,0.1402117471951363,0.14021174719238771,0.14021174718354285,0.14021174719238771,0.1402117471951363,0.1402117471952401,0.1402117471951363,0.1402117471939201,0.1402117471951363,0.1402117471952401,0.1391353076356116,0.13913530764200835,0.13913530764723442,0.13913530764200835,0.1391353076356116,0.13913530764200835,0.1391353076521958,0.13913530766177012,0.1391353076521958,0.13913530764200835,0.13913530764723442,0.13913530766177012,0.13913530767694315,0.13913530766177012,0.13913530764723442,0.13913530764200835,0.1391353076521958,0.13913530766177012,0.1391353076521958,0.13913530764200835,0.1391353076356116,0.13913530764200835,0.13913530764723442,0.13913530764200835,0.1391353076356116,0.138079804255145,0.1380798042720262,0.13807980428887037,0.1380798042720262,0.138079804255145,0.1380798042720262,0.13807980430589065,0.13807980435196307,0.13807980430589065,0.1380798042720262,0.13807980428887037,0.13807980435196307,0.1380798044809155,0.13807980435196307,0.13807980428887037,0.1380798042720262,0.13807980430589065,0.13807980435196307,0.13807980430589065,0.1380798042720262,0.138079804255145,0.1380798042720262,0.13807980428887037,0.1380798042720262,0.138079804255145,0.13704476642723135,0.1370447664546679,0.13704476648784866,0.1370447664546679,0.13704476642723135,0.1370447664546679,0.1370447665222345,0.13704476665760848,0.1370447665222345,0.1370447664546679,0.13704476648784866,0.13704476665760848,0.1370447674071036,0.13704476665760848,0.13704476648784866,0.1370447664546679,0.1370447665222345,0.13704476665760848,0.1370447665222345,0.1370447664546679,0.13704476642723135,0.1370447664546679,0.13704476648784866,0.1370447664546679,0.13704476642723135,0.13602973303543467,0.13602973305454547,0.13602973307323266,0.13602973305454547,0.13602973303543467,0.13602973305454547,0.13602973309197072,0.13602973314195696,0.13602973309197072,0.13602973305454547,0.13602973307323266,0.13602973314195696,0.1360297332805443,0.13602973314195696,0.13602973307323266,0.13602973305454547,0.13602973309197072,0.13602973314195696,0.13602973309197072,0.13602973305454547,0.13602973303543467,0.13602973305454547,0.13602973307323266,0.13602973305454547,0.13602973303543467,0.13503425251826479,0.13503425253022422,0.1350342525400911,0.13503425253022422,0.13503425251826479,0.13503425253022422,0.1350342525494514,0.13503425256849874,0.13503425254945128,0.13503425253022422,0.1350342525400911,0.13503425256849874,0.13503425260311144,0.13503425256849874,0.1350342525400911,0.13503425253022422,0.13503425254945128,0.13503425256849874,0.13503425254945128,0.13503425253022422,0.13503425251826479,0.13503425253022422,0.1350342525400911,0.13503425253022422,0.13503425251826479
0.16533248759057975,0.16533248759057975,0.16533248759057953,0.16533248759057975,0.16533248759057975,0.16533248759057975,0.16533248759057953,0.16533248759057953,0.16533248759057953,0.16533248759057975,0.16533248759057953,0.16533248759057953,0.16533248759057928,0.16533248759057953,0.16533248759057953,0.16533248759057975,0.16533248759057953,0.16533248759057953,0.16533248759057953,0.16533248759057975,0.16533248759057975,0.16533248759057975,0.16533248759057953,0.16533248759057975,0.16533248759057975,0.16375749387569832,0.16375749387569788,0.16375749387569763,0.16375749387569788,0.16375749387569832,0.16375749387569788,0.16375749387569763,0.1637574938756974,0.16375749387569763,0.16375749387569788,0.16375749387569763,0.1637574938756974,0.16375749387569719,0.1637574938756974,0.16375749387569763,0.16375749387569788,0.16375749387569763,0.1637574938756974,0.16375749387569763,0.16375749387569788,0.16375749387569832,0.16375749387569788,0.16375749387569763,0.16375749387569788,0.16375749387569832,0.1622138840926691,0.1622138840926682,0.16221388409266776,0.1622138840926682,0.1622138840926691,0.1622138840926682,0.1622138840926673,0.16221388409266663,0.1622138840926673,0.1622138840926682,0.16221388409266776,0.16221388409266663,0.16221388409266593,0.16221388409266663,0.16221388409266776,0.1622138840926682,0.1622138840926673,0.16221388409266663,0.1622138840926673,0.1622138840926682,0.1622138840926691,0.1622138840926682,0.16221388409266776,0.1622138840926682,0.1622138840926691,0.1607010671985347,0.1607010671985318,0.16070106719853003,0.1607010671985318,0.1607010671985347,0.1607010671985318,0.1607010671985287,0.1607010671985267,0.1607010671985287,0.1607010671985318,0.16070106719853003,0.1607010671985267,0.16070106719852492,0.1607010671985267,0.16070106719853003,0.1607010671985318,0.1607010671985287,0.1607010671985267,0.1607010671985287,0.1607010671985318,0.1607010671985347,0.1607010671985318,0.16070106719853003,0.1607010671985318,0.1607010671985347,0.15921845156827746,0.1592184515682683,0.15921845156826267,0.1592184515682683,0.15921845156827746,0.1592184515682683,0.15921845156825873,0.15921845156825287,0.15921845156825873,0.1592184515682683,0.15921845156826267,0.15921845156825287,0.15921845156824632,0.15921845156825287,0.15921845156826267,0.1592184515682683,0.15921845156825873,0.15921845156825287,0.15921845156825873,0.1592184515682683,0.15921845156827746,0.1592184515682683,0.15921845156826267,0.1592184515682683,0.15921845156827746,0.15776544634667689,0.15776544634664957,0.15776544634663225,0.15776544634664957,0.15776544634667689,0.15776544634664957,0.15776544634661968,0.15776544634660028,0.15776544634661968,0.15776544634664957,0.15776544634663225,0.15776544634660028,0.15776544634657935,0.15776544634660028,0.15776544634663225,0.15776544634664957,0.15776544634661968,0.15776544634660028,0.15776544634661968,0.15776544634664957,0.15776544634667689,0.15776544634664957,0.15776544634663225,0.15776544634664957,0.15776544634667689,0.1563414626626502,0.15634146266256843,0.15634146266251514,0.15634146266256843,0.1563414626626502,0.15634146266256843,0.15634146266247476,0.15634146266241225,0.15634146266247476,0.15634146266256843,0.15634146266251514,0.15634146266241225,0.15634146266234156,0.15634146266241225,0.15634146266251514,0.15634146266256843,0.15634146266247476,0.15634146266241225,0.15634146266247476,0.15634146266256843,0.1563414626626502,0.15634146266256843,0.15634146266251514,0.15634146266256843,0.1563414626626502,0.1549459147163614,0.15494591471612204,0.1549459147159614,0.15494591471612204,0.1549459147163614,0.15494591471612204,0.15494591471583186,0.15494591471562652,0.15494591471583186,0.15494591471612204,0.1549459147159614,0.15494591471562652,0.1549459147153853,0.15494591471562652,0.1549459147159614,0.15494591471612204,0.15494591471583186,0.15494591471562652,0.15494591471583186,0.15494591471612204,0.1549459147163614,0.15494591471612204,0.1549459147159614,0.15494591471612204,0.1549459147163614,0.15357822074886665,0.1535782207481906,0.1535782207477148,0.1535782207481906,0.15357822074886665,0.1535782207481906,0.15357822074730487,0.15357822074663427,0.1535782207473051,0.1535782207481906,0.1535782207477148,0.15357822074663427,0.15357822074576924,0.15357822074663427,0.1535782207477148,0.1535782207481906,0.1535782207473051,0.15357822074663427,0.1535782207473051,0.1535782207481906,0.15357822074886665,0.1535782207481906,0.1535782207477148,0.1535782207481906,0.15357822074886665,0.15223780390358435,0.15223780390177383,0.1522378039004001,0.15223780390177383,0.15223780390358435,0.15223780390177383,0.1522378038991498,0.15223780389690206,0.1522378038991498,0.15223780390177383,0.1522378039004001,0.15223780389690206,0.1522378038935369,0.15223780389690206,0.1522378039004001,0.15223780390177383,0.1522378038991498,0.15223780389690206,0.1522378038991498,0.15223780390177383,0.15223780390358435,0.15223780390177383,0.1522378039004001,0.15223780390177383,0.15223780390358435,0.15092409298847684,0.1509240929840285,0.15092409298025478,0.1509240929840285,0.15092409298847684,0.1509240929840285,0.1509240929766331,0.1509240929689846,0.1509240929766331,0.1509240929840285,0.15092409298025478,0.1509240929689846,0.15092409295442127,0.1509240929689846,0.15092409298025478,0.1509240929840285,0.1509240929766331,0.1509240929689846,0.1509240929766331,0.1509240929840285,0.15092409298847684,0.1509240929840285,0.15092409298025478,0.1509240929840285,0.15092409298847684,0.14963652314732884,0.14963652313794729,0.14963652312863054,0.14963652313794729,0.14963652314732884,0.14963652313794729,0.1496365231192414,0.1496365230938425,0.1496365231192414,0.14963652313794729,0.14963652312863054,0.1496365230938425,0.1496365230225719,0.1496365230938425,0.14963652312863054,0.14963652313794729,0.1496365231192414,0.1496365230938425,0.1496365231192414,0.14963652313794729,0.14963652314732884,0.14963652313794729,0.14963652312863054,0.14963652313794729,0.14963652314732884,0.1483745364468615,0.148374536432342,0.14837453641482112,0.148374536432342,0.1483745364468615,0.148374536432342,0.14837453639666842,0.14837453632538905,0.14837453639666842,0.148374536432342,0.14837453641482112,0.14837453632538905,0.14837453593110472,0.14837453632538905,0.14837453641482112,0.148374536432342,0.14837453639666842,0.14837453632538905,0.14837453639666842,0.148374536432342,0.1483745364468615,0.148374536432342,0.14837453641482112,0.148374536432342,0.1483745364468615,0.14713758238080724,0.1471375823710372,0.1471375823614455,0.1471375823710372,0.14713758238080724,0.1471375823710372,0.14713758235179786,0.1471375823262344,0.14713758235179786,0.1471375823710372,0.1471375823614455,0.1471375823262344,0.14713758225702284,0.1471375823262344,0.1471375823614455,0.1471375823710372,0.14713758235179786,0.1471375823262344,0.14713758235179786,0.1471375823710372,0.14713758238080724,0.1471375823710372,0.1471375823614455,0.1471375823710372,0.14713758238080724,0.14592511828686536,0.14592511828140806,0.14592511827671195,0.14592511828140806,0.14592511828686536,0.14592511828140806,0.14592511827218468,0.1459251182621773,0.14592511827218468,0.14592511828140806,0.14592511827671195,0.1459251182621773,0.14592511823890575,0.1459251182621773,0.14592511827671195,0.14592511828140806,0.14592511827218468,0.1459251182621773,0.14592511827218468,0.14592511828140806,0.14592511828686536,0.14592511828140806,0.14592511827671195,0.14592511828140806,0.14592511828686536,0.14473660974122873,0.1447366097376028,0.14473660973443334,0.1447366097376028,0.14473660974122873,0.1447366097376028,0.14473660973139651,0.14473660972387428,0.14473660973139651,0.1447366097376028,0.14473660973443334,0.14473660972387428,0.14473660969961727,0.14473660972387428,0.14473660973443334,0.1447366097376028,0.14473660973139651,0.14473660972387428,0.14473660973139651,0.1447366097376028,0.14473660974122873,0.1447366097376028,0.14473660973443334,0.1447366097376028,0.14473660974122873,0.14357153087759406,0.14357153087426847,0.14357153087106214,0.14357153087426847,0.14357153087759406,0.14357153087426847,0.14357153086789212,0.14357153085876853,0.14357153086789212,0.14357153087426847,0.14357153087106214,0.14357153085876853,0.14357153082364146,0.14357153085876853,0.14357153087106214,0.14357153087426847,0.14357153086789212,0.14357153085876853,0.14357153086789212,0.14357153087426847,0.14357153087759406,0.14357153087426847,0.14357153087106214,0.14357153087426847,0.14357153087759406,0.14242936464663802,0.1424293646432065,0.14242936463957248,0.1424293646432065,0.14242936464663802,0.1424293646432065,0.14242936463586583,0.14242936462416228,0.14242936463586583,0.1424293646432065,0.14242936463957248,0.14242936462416228,0.1424293645752478,0.14242936462416228,0.14242936463957248,0.1424293646432065,0.14242936463586583,0.14242936462416228,0.14242936463586583,0.1424293646432065,0.14242936464663802,0.1424293646432065,0.14242936463957248,0.1424293646432065,0.14242936464663802,0.14130960302661127,0.14130960302377243,0.14130960302032192,0.14130960302377243,0.14130960302661127,0.14130960302377243,0.14130960301667178,0.14130960300374987,0.14130960301667178,0.14130960302377243,0.14130960302032192,0.14130960300374987,0.14130960294458625,0.14130960300374987,0.14130960302032192,0.14130960302377243,0.14130960301667178,0.14130960300374987,0.14130960301667178,0.14130960302377243,0.14130960302661127,0.14130960302377243,0.14130960302032192,0.14130960302377243,0.14130960302661127,0.14021174718997637,0.14021174718983814,0.14021174718859408,0.14021174718983814,0.14021174718997637,0.14021174718983814,0.14021174718703572,0.1402117471781365,0.14021174718703572,0.14021174718983814,0.14021174718859408,0.1402117471781365,0.14021174712380863,0.1402117471781365,0.14021174718859408,0.14021174718983814,0.14021174718703572,0.1402117471781365,0.14021174718703572,0.14021174718983814,0.14021174718997637,0.14021174718983814,0.14021174718859408,0.14021174718983814,0.14021174718997637,0.13913530762961,0.13913530763595597,0.13913530764113965,0.13913530763595597,0.13913530762961,0.13913530763595597,0.13913530764606058,0.13913530765555188,0.13913530764606058,0.13913530763595597,0.13913530764113965,0.13913530765555188,0.1391353076705692,0.13913530765555188,0.13913530764113965,0.13913530763595597,0.13913530764606058,0.13913530765555188,0.13913530764606058,0.13913530763595597,0.13913530762961,0.13913530763595597,0.13913530764113965,0.13913530763595597,0.13913530762961,0.13807980424849403,0.13807980426527974,0.13807980428203026,0.13807980426527974,0.13807980424849403,0.13807980426527974,0.13807980429895644,0.13807980434477815,0.13807980429895644,0.13807980426527974,0.13807980428203026,0.13807980434477815,0.13807980447304,0.13807980434477815,0.13807980428203026,0.13807980426527974,0.13807980429895644,0.13807980434477815,0.13807980429895644,0.13807980426527974,0.13807980424849403,0.13807980426527974,0.13807980428203026,0.13807980426527974,0.13807980424849403,0.13704476642011282,0.13704476644740327,0.13704476648040842,0.13704476644740327,0.13704476642011282,0.13704476644740327,0.13704476651461286,0.1370447666492764,0.13704476651461286,0.13704476644740327,0.13704476648040842,0.1370447666492764,0.13704476739486376,0.1370447666492764,0.13704476648040842,0.13704476644740327,0.13704476651461286,0.1370447666492764,0.13704476651461286,0.13704476644740327,0.13704476642011282,0.13704476644740327,0.13704476648040842,0.13704476644740327,0.13704476642011282,0.13602973302813665,0.13602973304714652,0.13602973306573532,0.13602973304714652,0.13602973302813665,0.13602973304714652,0.1360297330843748,0.13602973313409877,0.1360297330843748,0.13602973304714652,0.13602973306573532,0.13602973313409877,0.13602973327196052,0.13602973313409877,0.13602973306573532,0.13602973304714652,0.1360297330843748,0.13602973313409877,0.1360297330843748,0.13602973304714652,0.13602973302813665,0.13602973304714652,0.13602973306573532,0.13602973304714652,0.13602973302813665,0.13503425251098491,0.13503425252288126,0.13503425253269624,0.13503425252288126,0.13503425251098491,0.13503425252288126,0.13503425254200727,0.1350342525609547,0.13503425254200727,0.13503425252288126,0.13503425253269624,0.1350342525609547,0.13503425259538596,0.1350342525609547,0.13503425253269624,0.13503425252288126,0.13503425254200727,0.1350342525609547,0.13503425254200727,0.13503425252288126,0.13503425251098491,0.13503425252288126,0.13503425253269624,0.13503425252288126,0.13503425251098491
0.16533248759537666,0.16533248759537666,0.16533248759537642,0.16533248759537666,0.16533248759537666,0.16533248759537666,0.16533248759537642,0.16533248759537642,0.16533248759537642,0.16533248759537666,0.16533248759537642,0.16533248759537642,0.1653324875953762,0.16533248759537642,0.16533248759537642,0.16533248759537666,0.16533248759537642,0.16533248759537642,0.16533248759537642,0.16533248759537666,0.16533248759537666,0.16533248759537666,0.16533248759537642,0.16533248759537666,0.16533248759537666,0.1637574938804016,0.16375749388040112,0.16375749388040087,0.16375749388040112,0.1637574938804016,0.16375749388040112,0.16375749388040087,0.16375749388040065,0.16375749388040087,0.16375749388040112,0.16375749388040087,0.16375749388040065,0.16375749388040042,0.16375749388040065,0.16375749388040087,0.16375749388040112,0.16375749388040087,0.16375749388040065,0.16375749388040087,0.16375749388040112,0.1637574938804016,0.16375749388040112,0.16375749388040087,0.16375749388040112,0.1637574938804016,0.162213884097282,0.16221388409728107,0.1622138840972804,0.16221388409728107,0.162213884097282,0.16221388409728107,0.1622138840972802,0.1622138840972795,0.1622138840972802,0.16221388409728107,0.1622138840972804,0.1622138840972795,0.1622138840972788,0.1622138840972795,0.1622138840972804,0.16221388409728107,0.1622138840972802,0.1622138840972795,0.1622138840972802,0.16221388409728107,0.162213884097282,0.16221388409728107,0.1622138840972804,0.16221388409728107,0.162213884097282,0.1607010672030604,0.16070106720305752,0.16070106720305574,0.16070106720305752,0.1607010672030604,0.16070106720305752,0.1607010672030544,0.1607010672030526,0.1607010672030544,0.16070106720305752,0.16070106720305574,0.1607010672030526,0.16070106720305063,0.1607010672030526,0.16070106720305574,0.16070106720305752,0.1607010672030544,0.1607010672030526,0.1607010672030544,0.16070106720305752,0.1607010672030604,0.16070106720305752,0.16070106720305574,0.16070106720305752,0.1607010672030604,0.15921845157271888,0.15921845157271017,0.15921845157270473,0.15921845157271017,0.15921845157271888,0.15921845157271017,0.15921845157270081,0.15921845157269493,0.15921845157270081,0.15921845157271017,0.15921845157270473,0.15921845157269493,0.15921845157268863,0.15921845157269493,0.15921845157270473,0.15921845157271017,0.15921845157270081,0.15921845157269493,0.15921845157270081,0.15921845157271017,0.15921845157271888,0.15921845157271017,0.15921845157270473,0.15921845157271017,0.15921845157271888,0.15776544635103745,0.15776544635101078,0.15776544635099374,0.15776544635101078,0.15776544635103745,0.15776544635101078,0.1577654463509814,0.15776544635096257,0.1577654463509814,0.15776544635101078,0.15776544635099374,0.15776544635096257,0.15776544635094208,0.15776544635096257,0.15776544635099374,0.15776544635101078,0.1577654463509814,0.15776544635096257,0.1577654463509814,0.15776544635101078,0.15776544635103745,0.15776544635101078,0.15776544635099374,0.15776544635101078,0.15776544635103745,0.15634146266693144,0.15634146266685156,0.15634146266679952,0.15634146266685156,0.15634146266693144,0.15634146266685156,0.15634146266676022,0.15634146266669893,0.15634146266676022,0.15634146266685156,0.15634146266679952,0.15634146266669893,0.15634146266663013,0.15634146266669893,0.15634146266679952,0.15634146266685156,0.15634146266676022,0.15634146266669893,0.15634146266676022,0.15634146266685156,0.15634146266693144,0.15634146266685156,0.15634146266679952,0.15634146266685156,0.15634146266693144,0.15494591472056313,0.1549459147203291,0.1549459147201719,0.1549459147203291,0.15494591472056313,0.1549459147203291,0.15494591472004526,0.15494591471984462,0.15494591472004526,0.1549459147203291,0.1549459147201719,0.15494591471984462,0.15494591471960895,0.15494591471984462,0.1549459147201719,0.1549459147203291,0.15494591472004526,0.15494591471984462,0.15494591472004526,0.1549459147203291,0.15494591472056313,0.1549459147203291,0.1549459147201719,0.1549459147203291,0.15494591472056313,0.15357822075298072,0.15357822075231953,0.15357822075185398,0.15357822075231953,0.15357822075298072,0.15357822075231953,0.1535782207514535,0.15357822075079794,0.15357822075145372,0.15357822075231953,0.15357822075185398,0.15357822075079794,0.1535782207499524,0.15357822075079794,0.15357822075185398,0.15357822075231953,0.15357822075145372,0.15357822075079794,0.15357822075145372,0.15357822075231953,0.15357822075298072,0.15357822075231953,0.15357822075185398,0.15357822075231953,0.15357822075298072,0.1522378039075826,0.15223780390581143,0.15223780390446778,0.15223780390581143,0.1522378039075826,0.15223780390581143,0.15223780390324504,0.1522378039010479,0.15223780390324504,0.15223780390581143,0.15223780390446778,0.1522378039010479,0.1522378038977597,0.1522378039010479,0.15223780390446778,0.15223780390581143,0.15223780390324504,0.1522378039010479,0.15223780390324504,0.15223780390581143,0.1522378039075826,0.15223780390581143,0.15223780390446778,0.15223780390581143,0.1522378039075826,0.15092409299228046,0.15092409298792664,0.15092409298423473,0.15092409298792664,0.15092409299228046,0.15092409298792664,0.15092409298069273,0.1509240929732165,0.15092409298069273,0.15092409298792664,0.15092409298423473,0.1509240929732165,0.15092409295899037,0.1509240929732165,0.15092409298423473,0.15092409298792664,0.15092409298069273,0.1509240929732165,0.15092409298069273,0.15092409298792664,0.15092409299228046,0.15092409298792664,0.15092409298423473,0.15092409298792664,0.15092409299228046,0.14963652315074313,0.1496365231415531,0.14963652313243453,0.1496365231415531,0.14963652315074313,0.1496365231415531,0.14963652312324754,0.1496365230984193,0.14963652312324754,0.1496365231415531,0.14963652313243453,0.1496365230984193,0.14963652302881886,0.1496365230984193,0.14963652313243453,0.1496365231415531,0.14963652312324754,0.1496365230984193,0.14963652312324754,0.1496365231415531,0.14963652315074313,0.1496365231415531,0.14963652313243453,0.1496365231415531,0.14963652315074313,0.14837453644948703,0.14837453643523296,0.1483745364180603,0.14837453643523296,0.14837453644948703,0.14837453643523296,0.1483745364002725,0.14837453633055883,0.1483745364002725,0.14837453643523296,0.1483745364180603,0.14837453633055883,0.14837453594562217,0.14837453633055883,0.1483745364180603,0.14837453643523296,0.1483745364002725,0.14837453633055883,0.1483745364002725,0.14837453643523296,0.14837453644948703,0.14837453643523296,0.1483745364180603,0.14837453643523296,0.14837453644948703,0.14713758238208555,0.14713758237238214,0.14713758236283664,0.14713758237238214,0.14713758238208555,0.14713758237238214,0.1471375823532326,0.1471375823276293,0.1471375823532326,0.14713758237238214,0.14713758236283664,0.1471375823276293,0.1471375822568937,0.1471375823276293,0.14713758236283664,0.14713758237238214,0.1471375823532326,0.1471375823276293,0.1471375823532326,0.14713758237238214,0.14713758238208555,0.14713758237238214,0.14713758236283664,0.14713758237238214,0.14713758238208555,0.1459251182866403,0.14592511828111496,0.14592511827632113,0.14592511828111496,0.1459251182866403,0.14592511828111496,0.14592511827168878,0.1459251182612382,0.14592511827168878,0.14592511828111496,0.14592511827632113,0.1459251182612382,0.14592511823561263,0.1459251182612382,0.14592511827632113,0.14592511828111496,0.14592511827168878,0.1459251182612382,0.14592511827168878,0.14592511828111496,0.1459251182866403,0.14592511828111496,0.14592511827632113,0.14592511828111496,0.1459251182866403,0.14473660973961988,0.14473660973588906,0.14473660973260039,0.14473660973588906,0.14473660973961988,0.14473660973588906,0.1447366097294396,0.14473660972150146,0.1447366097294396,0.14473660973588906,0.14473660973260039,0.14473660972150146,0.1447366096954441,0.14473660972150146,0.14473660973260039,0.14473660973588906,0.1447366097294396,0.14473660972150146,0.1447366097294396,0.14473660973588906,0.14473660973961988,0.14473660973588906,0.14473660973260039,0.14473660973588906,0.14473660973961988,0.14357153087479738,0.14357153087137955,0.14357153086807725,0.14357153087137955,0.14357153087479738,0.14357153087137955,0.14357153086480967,0.14357153085538682,0.14357153086480967,0.14357153087137955,0.14357153086807725,0.14357153085538682,0.1435715308190565,0.14357153085538682,0.14357153086807725,0.14357153087137955,0.14357153086480967,0.14357153085538682,0.14357153086480967,0.14357153087137955,0.14357153087479738,0.14357153087137955,0.14357153086807725,0.14357153087137955,0.14357153087479738,0.14242936464282518,0.1424293646393274,0.1424293646356288,0.1424293646393274,0.14242936464282518,0.1424293646393274,0.14242936463185774,0.142429364619969,0.14242936463185774,0.1424293646393274,0.1424293646356288,0.142429364619969,0.1424293645703642,0.142429364619969,0.1424293646356288,0.1424293646393274,0.14242936463185774,0.142429364619969,0.14242936463185774,0.1424293646393274,0.14242936464282518,0.1424293646393274,0.1424293646356288,0.1424293646393274,0.14242936464282518,0.1413096030219013,0.14130960301901788,0.14130960301552675,0.14130960301901788,0.1413096030219013,0.14130960301901788,0.14130960301183762,0.14130960299881293,0.14130960301183762,0.14130960301901788,0.14130960301552675,0.14130960299881293,0.14130960293928238,0.14130960299881293,0.14130960301552675,0.14130960301901788,0.14130960301183762,0.14130960299881293,0.14130960301183762,0.14130960301901788,0.1413096030219013,0.14130960301901788,0.14130960301552675,0.14130960301901788,0.1413096030219013,0.14021174718444537,0.1402117471842693,0.1402117471829941,0.1402117471842693,0.14021174718444537,0.1402117471842693,0.14021174718140672,0.14021174717244334,0.14021174718140672,0.1402117471842693,0.1402117471829941,0.14021174717244334,0.14021174711795484,0.14021174717244334,0.1402117471829941,0.1402117471842693,0.14021174718140672,0.14021174717244334,0.14021174718140672,0.1402117471842693,0.14021174718444537,0.1402117471842693,0.1402117471829941,0.1402117471842693,0.14021174718444537,0.13913530762331888,0.13913530762961143,0.13913530763475054,0.13913530762961143,0.13913530762331888,0.13913530762961143,0.13913530763962909,0.1391353076490323,0.13913530763962909,0.13913530762961143,0.13913530763475054,0.1391353076490323,0.13913530766388266,0.1391353076490323,0.13913530763475054,0.13913530762961143,0.13913530763962909,0.1391353076490323,0.13913530763962909,0.13913530762961143,0.13913530762331888,0.13913530762961143,0.13913530763475054,0.13913530762961143,0.13913530762331888,0.138079804241537,0.13807980425822397,0.13807980427487787,0.13807980425822397,0.138079804241537,0.13807980425822397,0.138079804291707,0.13807980433727057,0.138079804291707,0.13807980425822397,0.13807980427487787,0.13807980433727057,0.13807980446482251,0.13807980433727057,0.13807980427487787,0.13807980425822397,0.138079804291707,0.13807980433727057,0.138079804291707,0.13807980425822397,0.138079804241537,0.13807980425822397,0.13807980427487787,0.13807980425822397,0.138079804241537,0.13704476641267732,0.1370447664398174,0.13704476647264238,0.1370447664398174,0.13704476641267732,0.1370447664398174,0.13704476650666042,0.13704476664059445,0.13704476650666042,0.1370447664398174,0.13704476647264238,0.13704476664059445,0.13704476738214547,0.13704476664059445,0.13704476647264238,0.1370447664398174,0.13704476650666042,0.13704476664059445,0.13704476650666042,0.1370447664398174,0.13704476641267732,0.1370447664398174,0.13704476647264238,0.1370447664398174,0.13704476641267732,0.13602973302051882,0.1360297330394249,0.13602973305791258,0.1360297330394249,0.13602973302051882,0.1360297330394249,0.136029733076451,0.13602973312590566,0.136029733076451,0.1360297330394249,0.13602973305791258,0.13602973312590566,0.13602973326302267,0.13602973312590566,0.13602973305791258,0.1360297330394249,0.136029733076451,0.13602973312590566,0.136029733076451,0.1360297330394249,0.13602973302051882,0.1360297330394249,0.13602973305791258,0.1360297330394249,0.13602973302051882,0.13503425250338774,0.13503425251521936,0.1350342525249811,0.13503425251521936,0.13503425250338774,0.13503425251521936,0.1350342525342417,0.13503425255308651,0.1350342525342417,0.13503425251521936,0.1350342525249811,0.13503425255308651,0.13503425258733154,0.13503425255308651,0.1350342525249811,0.13503425251521936,0.1350342525342417,0.13503425255308651,0.1350342525342417,0.13503425251521936,0.13503425250338774,0.13503425251521936,0.1350342525249811,0.13503425251521936,0.13503425250338774
0.16533248760039967,0.16533248760039967,0.16533248760039942,0.16533248760039967,0.16533248760039967,0.16533248760039967,0.16533248760039942,0.16533248760039942,0.16533248760039942,0.16533248760039967,0.16533248760039942,0.16533248760039942,0.16533248760039918,0.16533248760039942,0.16533248760039942,0.16533248760039967,0.16533248760039942,0.16533248760039942,0.16533248760039942,0.16533248760039967,0.16533248760039967,0.16533248760039967,0.16533248760039942,0.16533248760039967,0.16533248760039967,0.16375749388532618,0.16375749388532596,0.1637574938853257,0.16375749388532596,0.16375749388532618,0.16375749388532596,0.1637574938853257,0.16375749388532546,0.1637574938853257,0.16375749388532596,0.1637574938853257,0.16375749388532546,0.16375749388532523,0.16375749388532546,0.1637574938853257,0.16375749388532596,0.1637574938853257,0.16375749388532546,0.1637574938853257,0.16375749388532596,0.16375749388532618,0.16375749388532596,0.1637574938853257,0.16375749388532596,0.16375749388532618,0.1622138841021118,0.1622138841021109,0.16221388410211043,0.1622138841021109,0.1622138841021118,0.1622138841021109,0.16221388410211,0.16221388410210952,0.16221388410211,0.1622138841021109,0.16221388410211043,0.16221388410210952,0.16221388410210885,0.16221388410210952,0.16221388410211043,0.1622138841021109,0.16221388410211,0.16221388410210952,0.16221388410211,0.1622138841021109,0.1622138841021118,0.1622138841021109,0.16221388410211043,0.1622138841021109,0.1622138841021118,0.16070106720779848,0.1607010672077958,0.16070106720779403,0.1607010672077958,0.16070106720779848,0.1607010672077958,0.16070106720779292,0.16070106720779093,0.16070106720779292,0.1607010672077958,0.16070106720779403,0.16070106720779093,0.16070106720778915,0.16070106720779093,0.16070106720779403,0.1607010672077958,0.16070106720779292,0.16070106720779093,0.16070106720779292,0.1607010672077958,0.16070106720779848,0.1607010672077958,0.16070106720779403,0.1607010672077958,0.16070106720779848,0.15921845157736889,0.1592184515773602,0.15921845157735495,0.1592184515773602,0.15921845157736889,0.1592184515773602,0.159218451577351,0.15921845157734538,0.159218451577351,0.1592184515773602,0.15921845157735495,0.15921845157734538,0.1592184515773393,0.15921845157734538,0.15921845157735473,0.1592184515773602,0.159218451577351,0.15921845157734538,0.159218451577351,0.1592184515773602,0.15921845157736889,0.1592184515773602,0.15921845157735473,0.1592184515773602,0.15921845157736889,0.15776544635560186,0.1577654463555756,0.15776544635555917,0.1577654463555756,0.15776544635560186,0.1577654463555756,0.15776544635554698,0.15776544635552867,0.15776544635554698,0.1577654463555756,0.15776544635555917,0.15776544635552867,0.15776544635550882,0.15776544635552867,0.15776544635555917,0.1577654463555756,0.15776544635554698,0.15776544635552867,0.15776544635554698,0.1577654463555756,0.15776544635560186,0.1577654463555756,0.15776544635555917,0.1577654463555756,0.15776544635560186,0.1563414626714124,0.15634146267133442,0.15634146267128357,0.15634146267133442,0.1563414626714124,0.15634146267133442,0.15634146267124513,0.1563414626711855,0.15634146267124513,0.15634146267133442,0.15634146267128357,0.1563414626711855,0.1563414626711184,0.1563414626711855,0.15634146267128357,0.15634146267133442,0.15634146267124513,0.1563414626711855,0.15634146267124513,0.15634146267133442,0.1563414626714124,0.15634146267133442,0.15634146267128357,0.15634146267133442,0.1563414626714124,0.15494591472495953,0.15494591472473124,0.15494591472457775,0.15494591472473124,0.15494591472495953,0.15494591472473124,0.1549459147244544,0.15494591472425864,0.1549459147244544,0.15494591472473124,0.15494591472457775,0.15494591472425864,0.15494591472402852,0.15494591472425864,0.15494591472457775,0.15494591472473124,0.1549459147244544,0.15494591472425864,0.1549459147244544,0.15494591472473124,0.15494591472495953,0.15494591472473124,0.15494591472457775,0.15494591472473124,0.15494591472495953,0.15357822075728458,0.15357822075663885,0.15357822075618435,0.15357822075663885,0.15357822075728458,0.15357822075663885,0.15357822075579391,0.15357822075515384,0.15357822075579391,0.15357822075663885,0.15357822075618435,0.15357822075515384,0.15357822075432878,0.15357822075515384,0.15357822075618435,0.15357822075663885,0.15357822075579391,0.15357822075515384,0.15357822075579391,0.15357822075663885,0.15357822075728458,0.15357822075663885,0.15357822075618435,0.15357822075663885,0.15357822075728458,0.15223780391176442,0.15223780391003422,0.15223780390872227,0.15223780391003422,0.15223780391176442,0.15223780391003422,0.15223780390752864,0.15223780390538447,0.15223780390752864,0.15223780391003422,0.15223780390872227,0.15223780390538447,0.15223780390217717,0.15223780390538447,0.15223780390872227,0.15223780391003422,0.15223780390752864,0.15223780390538447,0.15223780390752864,0.15223780391003422,0.15223780391176442,0.15223780391003422,0.15223780390872227,0.15223780391003422,0.15223780391176442,0.1509240929962573,0.15092409299200246,0.1509240929883966,0.15092409299200246,0.1509240929962573,0.15092409299200246,0.15092409298493809,0.15092409297764264,0.15092409298493809,0.15092409299200246,0.1509240929883966,0.15092409297764264,0.15092409296377055,0.15092409297764264,0.1509240929883966,0.15092409299200246,0.15092409298493809,0.15092409297764264,0.15092409298493809,0.15092409299200246,0.1509240929962573,0.15092409299200246,0.1509240929883966,0.15092409299200246,0.1509240929962573,0.1496365231543102,0.14963652314532114,0.14963652313641077,0.14963652314532114,0.1496365231543102,0.14963652314532114,0.14963652312743592,0.14963652310320671,0.14963652312743592,0.14963652314532114,0.14963652313641077,0.14963652310320671,0.14963652303535963,0.14963652310320671,0.14963652313641077,0.14963652314532114,0.14963652312743592,0.14963652310320671,0.14963652312743592,0.14963652314532114,0.1496365231543102,0.14963652314532114,0.14963652313641077,0.14963652314532114,0.1496365231543102,0.14837453645222531,0.14837453643824977,0.14837453642144238,0.14837453643824977,0.14837453645222531,0.14837453643824977,0.14837453640403805,0.14837453633596787,0.14837453640403805,0.14837453643824977,0.14837453642144238,0.14837453633596787,0.14837453596079533,0.14837453633596787,0.14837453642144238,0.14837453643824977,0.14837453640403805,0.14837453633596787,0.14837453640403805,0.14837453643824977,0.14837453645222531,0.14837453643824977,0.14837453642144238,0.14837453643824977,0.14837453645222531,0.14713758238340893,0.14713758237377528,0.1471375823642779,0.14713758237377528,0.14713758238340893,0.14713758237377528,0.14713758235471983,0.14713758232907476,0.14713758235471983,0.14713758237377528,0.1471375823642779,0.14713758232907476,0.1471375822567402,0.14713758232907476,0.1471375823642779,0.14713758237377528,0.14713758235471983,0.14713758232907476,0.14713758235471983,0.14713758237377528,0.14713758238340893,0.14713758237377528,0.1471375823642779,0.14713758237377528,0.14713758238340893,0.14592511828638494,0.14592511828078766,0.1459251182758909,0.14592511828078766,0.14592511828638494,0.14592511828078766,0.14592511827114765,0.1459251182602307,0.14592511827114765,0.14592511828078766,0.1459251182758909,0.1459251182602307,0.14592511823215712,0.1459251182602307,0.1459251182758909,0.14592511828078766,0.14592511827114765,0.1459251182602307,0.14592511827114765,0.14592511828078766,0.14592511828638494,0.14592511828078766,0.1459251182758909,0.14592511828078766,0.14592511828638494,0.14473660973791244,0.1447366097340708,0.14473660973065605,0.1447366097340708,0.14473660973791244,0.1447366097340708,0.14473660972736424,0.14473660971898672,0.14473660972736424,0.1447366097340708,0.14473660973065605,0.14473660971898672,0.14473660969101595,0.14473660971898672,0.14473660973065605,0.1447366097340708,0.14473660972736424,0.14473660971898672,0.14473660972736424,0.1447366097340708,0.14473660973791244,0.1447366097340708,0.14473660973065605,0.1447366097340708,0.14473660973791244,0.14357153087184552,0.1435715308683295,0.14357153086492516,0.1435715308683295,0.14357153087184552,0.1435715308683295,0.14357153086155375,0.1435715308518128,0.14357153086155375,0.1435715308683295,0.14357153086492516,0.1435715308518128,0.14357153081421176,0.1435715308518128,0.14357153086492516,0.1435715308683295,0.14357153086155375,0.1435715308518128,0.14357153086155375,0.1435715308683295,0.14357153087184552,0.1435715308683295,0.14357153086492516,0.1435715308683295,0.14357153087184552,0.14242936463881173,0.14242936463524294,0.14242936463147476,0.14242936463524294,0.14242936463881173,0.14242936463524294,0.14242936462763423,0.1424293646155457,0.14242936462763423,0.14242936463524294,0.14242936463147476,0.1424293646155457,0.14242936456516844,0.1424293646155457,0.14242936463147476,0.14242936463524294,0.14242936462763423,0.1424293646155457,0.14242936462763423,0.14242936463524294,0.14242936463881173,0.14242936463524294,0.14242936463147476,0.14242936463524294,0.14242936463881173,0.14130960301695514,0.14130960301402287,0.14130960301048737,0.14130960301402287,0.14130960301695514,0.14130960301402287,0.14130960300675496,0.14130960299361564,0.14130960300675496,0.14130960301402287,0.14130960301048737,0.14130960299361564,0.14130960293370273,0.14130960299361564,0.14130960301048737,0.14130960301402287,0.14130960300675496,0.14130960299361564,0.14130960300675496,0.14130960301402287,0.14130960301695514,0.14130960301402287,0.14130960301048737,0.14130960301402287,0.14130960301695514,0.14021174717864993,0.1402117471784329,0.1402117471771235,0.1402117471784329,0.14021174717864993,0.1402117471784329,0.1402117471755039,0.14021174716646634,0.1402117471755039,0.1402117471784329,0.1402117471771235,0.14021174716646634,0.14021174711176468,0.14021174716646634,0.1402117471771235,0.1402117471784329,0.1402117471755039,0.14021174716646634,0.1402117471755039,0.1402117471784329,0.14021174717864993,0.1402117471784329,0.1402117471771235,0.1402117471784329,0.14021174717864993,0.13913530761674206,0.13913530762297863,0.1391353076280708,0.13913530762297863,0.13913530761674206,0.13913530762297863,0.13913530763290458,0.13913530764221485,0.13913530763290458,0.13913530762297863,0.1391353076280708,0.13913530764221485,0.139135307656887,0.13913530764221485,0.1391353076280708,0.13913530762297863,0.13913530763290458,0.13913530764221485,0.13913530763290458,0.13913530762297863,0.13913530761674206,0.13913530762297863,0.1391353076280708,0.13913530762297863,0.13913530761674206,0.13807980423427735,0.13807980425086244,0.13807980426741684,0.13807980425086244,0.13807980423427735,0.13807980425086244,0.1380798042841461,0.13807980432944425,0.1380798042841461,0.13807980425086244,0.13807980426741684,0.13807980432944425,0.13807980445626655,0.13807980432944425,0.13807980426741684,0.13807980425086244,0.1380798042841461,0.13807980432944425,0.1380798042841461,0.13807980425086244,0.13807980423427735,0.13807980425086244,0.13807980426741684,0.13807980425086244,0.13807980423427735,0.13704476640492844,0.13704476643191404,0.13704476646455416,0.13704476643191404,0.13704476640492844,0.13704476643191404,0.13704476649838093,0.13704476663156664,0.13704476649838093,0.13704476643191404,0.13704476646455416,0.13704476663156664,0.13704476736900176,0.13704476663156664,0.13704476646455416,0.13704476643191404,0.13704476649838093,0.13704476663156664,0.13704476649838093,0.13704476643191404,0.13704476640492844,0.13704476643191404,0.13704476646455416,0.13704476643191404,0.13704476640492844,0.13602973301258472,0.1360297330313845,0.1360297330497684,0.1360297330313845,0.13602973301258472,0.1360297330313845,0.136029733068203,0.13602973311738156,0.136029733068203,0.1360297330313845,0.1360297330497684,0.13602973311738156,0.13602973325373466,0.13602973311738156,0.1360297330497684,0.1360297330313845,0.136029733068203,0.13602973311738156,0.136029733068203,0.1360297330313845,0.13602973301258472,0.1360297330313845,0.1360297330497684,0.1360297330313845,0.13602973301258472,0.1350342524954771,0.13503425250724235,0.13503425251694953,0.13503425250724235,0.1350342524954771,0.13503425250724235,0.13503425252615822,0.13503425254489768,0.13503425252615822,0.13503425250724235,0.13503425251694953,0.13503425254489768,0.13503425257895177,0.13503425254489768,0.13503425251694953,0.13503425250724235,0.13503425252615822,0.13503425254489768,0.13503425252615822,0.13503425250724235,0.1350342524954771,0.13503425250724235,0.13503425251694953,0.13503425250724235,0.1350342524954771
0.1653324876056445,0.1653324876056445,0.1653324876056445,0.1653324876056445,0.1653324876056445,0.1653324876056445,0.16533248760564426,0.16533248760564426,0.16533248760564426,0.1653324876056445,0.1653324876056445,0.16533248760564426,0.16533248760564426,0.16533248760564426,0.1653324876056445,0.1653324876056445,0.16533248760564426,0.16533248760564426,0.16533248760564426,0.1653324876056445,0.1653324876056445,0.1653324876056445,0.1653324876056445,0.1653324876056445,0.16533248760564473,0.16375749389046865,0.16375749389046818,0.16375749389046795,0.16375749389046818,0.16375749389046865,0.16375749389046818,0.16375749389046795,0.16375749389046773,0.16375749389046795,0.16375749389046818,0.16375749389046795,0.16375749389046773,0.16375749389046748,0.16375749389046773,0.16375749389046795,0.16375749389046818,0.16375749389046795,0.16375749389046773,0.16375749389046795,0.16375749389046818,0.16375749389046865,0.16375749389046818,0.16375749389046795,0.16375749389046818,0.1637574938904684,0.1622138841071549,0.16221388410715398,0.16221388410715332,0.16221388410715398,0.1622138841071549,0.16221388410715398,0.16221388410715307,0.1622138841071524,0.16221388410715307,0.16221388410715398,0.16221388410715332,0.1622138841071524,0.16221388410715193,0.1622138841071524,0.16221388410715332,0.16221388410715398,0.16221388410715307,0.1622138841071524,0.16221388410715307,0.16221388410715398,0.1622138841071549,0.16221388410715398,0.16221388410715332,0.16221388410715398,0.1622138841071549,0.1607010672127456,0.16070106721274294,0.16070106721274116,0.16070106721274294,0.1607010672127456,0.16070106721274294,0.16070106721274002,0.16070106721273827,0.16070106721274002,0.16070106721274294,0.16070106721274116,0.16070106721273827,0.1607010672127365,0.16070106721273827,0.16070106721274116,0.16070106721274294,0.16070106721274002,0.16070106721273827,0.16070106721274002,0.16070106721274294,0.1607010672127456,0.16070106721274294,0.16070106721274116,0.16070106721274294,0.1607010672127456,0.15921845158222334,0.15921845158221484,0.15921845158220962,0.15921845158221484,0.15921845158222334,0.15921845158221484,0.15921845158220613,0.15921845158220044,0.15921845158220613,0.15921845158221484,0.15921845158220962,0.15921845158220044,0.15921845158219458,0.15921845158220044,0.15921845158220962,0.15921845158221484,0.15921845158220613,0.15921845158220044,0.15921845158220613,0.15921845158221484,0.15921845158222334,0.15921845158221484,0.15921845158220962,0.15921845158221484,0.15921845158222334,0.15776544636036657,0.15776544636034118,0.15776544636032497,0.15776544636034118,0.15776544636036657,0.15776544636034118,0.15776544636031326,0.1577654463602953,0.15776544636031326,0.15776544636034118,0.15776544636032497,0.1577654463602953,0.1577654463602761,0.1577654463602953,0.15776544636032497,0.15776544636034118,0.15776544636031326,0.1577654463602953,0.15776544636031345,0.15776544636034118,0.15776544636036657,0.15776544636034118,0.15776544636032497,0.15776544636034118,0.15776544636036657,0.1563414626760895,0.1563414626760136,0.15634146267596402,0.1563414626760136,0.1563414626760895,0.1563414626760136,0.1563414626759266,0.15634146267586868,0.1563414626759266,0.1563414626760136,0.15634146267596402,0.15634146267586868,0.15634146267580346,0.15634146267586868,0.15634146267596402,0.1563414626760136,0.1563414626759266,0.15634146267586868,0.1563414626759266,0.1563414626760136,0.1563414626760895,0.1563414626760136,0.15634146267596402,0.1563414626760136,0.1563414626760895,0.15494591472954836,0.15494591472932562,0.1549459147291762,0.15494591472932562,0.15494591472954836,0.15494591472932562,0.1549459147290561,0.15494591472886554,0.1549459147290561,0.15494591472932562,0.1549459147291762,0.15494591472886554,0.15494591472864153,0.15494591472886554,0.1549459147291762,0.15494591472932562,0.1549459147290561,0.15494591472886554,0.1549459147290561,0.15494591472932562,0.15494591472954836,0.15494591472932562,0.1549459147291762,0.15494591472932562,0.15494591472954836,0.15357822076177582,0.15357822076114638,0.15357822076070354,0.15357822076114638,0.15357822076177582,0.15357822076114638,0.15357822076032313,0.15357822075969954,0.15357822076032313,0.15357822076114638,0.15357822076070354,0.15357822075969954,0.15357822075889613,0.15357822075969954,0.15357822076070354,0.15357822076114638,0.15357822076032313,0.15357822075969954,0.15357822076032313,0.15357822076114638,0.15357822076177582,0.15357822076114638,0.15357822076070354,0.15357822076114638,0.15357822076177582,0.15223780391612737,0.15223780391444025,0.1522378039131614,0.15223780391444025,0.15223780391612737,0.15223780391444025,0.15223780391199826,0.1522378039099094,0.15223780391199826,0.15223780391444025,0.1522378039131614,0.1522378039099094,0.15223780390678676,0.1522378039099094,0.1522378039131614,0.15223780391444025,0.15223780391199826,0.1522378039099094,0.15223780391199826,0.15223780391444025,0.15223780391612737,0.15223780391444025,0.1522378039131614,0.15223780391444025,0.15223780391612737,0.1509240930004051,0.1509240929962538,0.15092409299273823,0.1509240929962538,0.1509240930004051,0.1509240929962538,0.15092409298936718,0.15092409298226078,0.15092409298936718,0.1509240929962538,0.15092409299273823,0.15092409298226078,0.15092409296875947,0.15092409298226078,0.15092409299273823,0.1509240929962538,0.15092409298936718,0.15092409298226078,0.15092409298936718,0.1509240929962538,0.1509240930004051,0.1509240929962538,0.15092409299273823,0.1509240929962538,0.1509240930004051,0.14963652315802856,0.14963652314924994,0.1496365231405574,0.14963652314924994,0.14963652315802856,0.14963652314924994,0.1496365231318045,0.1496365231082025,0.1496365231318045,0.14963652314924994,0.1496365231405574,0.1496365231082025,0.14963652304219052,0.1496365231082025,0.1496365231405574,0.14963652314924994,0.1496365231318045,0.1496365231082025,0.1496365231318045,0.14963652314924994,0.14963652315802856,0.14963652314924994,0.1496365231405574,0.14963652314924994,0.14963652315802856,0.14837453645507528,0.14837453644139167,0.14837453642496662,0.14837453644139167,0.14837453645507528,0.14837453644139167,0.14837453640796314,0.1483745363416136,0.14837453640796314,0.14837453644139167,0.14837453642496662,0.1483745363416136,0.1483745359767331,0.1483745363416136,0.14837453642496662,0.14837453644139167,0.14837453640796314,0.1483745363416136,0.14837453640796314,0.14837453644139167,0.14837453645507528,0.14837453644139167,0.14837453642496662,0.14837453644139167,0.14837453645507528,0.14713758238477714,0.14713758237521674,0.14713758236576965,0.14713758237521674,0.14713758238477714,0.14713758237521674,0.14713758235625937,0.14713758233057087,0.14713758235625937,0.14713758237521674,0.14713758236576965,0.14713758233057087,0.1471375822565825,0.14713758233057087,0.14713758236576965,0.14713758237521674,0.14713758235625937,0.14713758233057087,0.14713758235625937,0.14713758237521674,0.14713758238477714,0.14713758237521674,0.14713758236576965,0.14713758237521674,0.14713758238477714,0.14592511828610055,0.14592511828042762,0.1459251182754226,0.14592511828042762,0.14592511828610055,0.14592511828042762,0.14592511827056284,0.14592511825915644,0.14592511827056284,0.14592511828042762,0.1459251182754226,0.14592511825915644,0.14592511822851426,0.14592511825915644,0.1459251182754226,0.14592511828042762,0.14592511827056284,0.14592511825915644,0.14592511827056284,0.14592511828042762,0.14592511828610055,0.14592511828042762,0.1459251182754226,0.14592511828042762,0.14592511828610055,0.14473660973610847,0.14473660973215002,0.14473660972860247,0.14473660973215002,0.14473660973610847,0.14473660973215002,0.14473660972517274,0.14473660971633304,0.14473660972517274,0.14473660973215002,0.14473660972860247,0.14473660971633304,0.14473660968633628,0.14473660971633304,0.14473660972860247,0.14473660973215002,0.14473660972517274,0.14473660971633304,0.14473660972517274,0.14473660973215002,0.14473660973610847,0.14473660973215002,0.14473660972860247,0.14473660973215002,0.14473660973610847,0.143571530868741,0.1435715308651211,0.14357153086160868,0.1435715308651211,0.143571530868741,0.1435715308651211,0.14357153085812738,0.1435715308480497,0.14357153085812738,0.1435715308651211,0.14357153086160868,0.1435715308480497,0.1435715308090996,0.1435715308480497,0.14357153086160868,0.1435715308651211,0.14357153085812738,0.1435715308480497,0.14357153085812738,0.1435715308651211,0.143571530868741,0.1435715308651211,0.14357153086160868,0.1435715308651211,0.143571530868741,0.14242936463460099,0.14242936463095607,0.1424293646271134,0.14242936463095607,0.14242936463460099,0.14242936463095607,0.14242936462319855,0.14242936461089578,0.14242936462319855,0.14242936463095607,0.1424293646271134,0.14242936461089578,0.14242936455972588,0.14242936461089578,0.1424293646271134,0.14242936463095607,0.14242936462319855,0.14242936461089578,0.14242936462319855,0.14242936463095607,0.14242936463460099,0.14242936463095607,0.1424293646271134,0.14242936463095607,0.14242936463460099,0.14130960301177628,0.14130960300879108,0.14130960300520704,0.14130960300879108,0.14130960301177628,0.14130960300879108,0.14130960300142745,0.1413096029881618,0.14130960300142745,0.14130960300879108,0.14130960300520704,0.1413096029881618,0.1413096029277961,0.1413096029881618,0.14130960300520704,0.14130960300879108,0.14130960300142745,0.1413096029881618,0.14130960300142745,0.14130960300879108,0.14130960301177628,0.14130960300879108,0.14130960300520704,0.14130960300879108,0.14130960301177628,0.14021174717259427,0.14021174717233287,0.14021174717098608,0.14021174717233287,0.14021174717259427,0.14021174717233287,0.140211747169331,0.14021174716020987,0.140211747169331,0.14021174717233287,0.14021174717098608,0.14021174716020987,0.14021174710524248,0.14021174716020987,0.14021174717098608,0.14021174717233287,0.140211747169331,0.14021174716020987,0.140211747169331,0.14021174717233287,0.14021174717259427,0.14021174717233287,0.14021174717098608,0.14021174717233287,0.14021174717259427,0.13913530760988316,0.13913530761606124,0.13913530762110424,0.13913530761606124,0.13913530760988316,0.13913530761606124,0.13913530762589105,0.13913530763510346,0.13913530762589105,0.13913530761606124,0.13913530762110424,0.13913530763510346,0.13913530764958681,0.13913530763510346,0.13913530762110424,0.13913530761606124,0.13913530762589105,0.13913530763510346,0.13913530762589105,0.13913530761606124,0.13913530760988316,0.13913530761606124,0.13913530762110424,0.13913530761606124,0.13913530760988316,0.13807980422671906,0.13807980424319954,0.1380798042596514,0.13807980424319954,0.13807980422671906,0.13807980424319954,0.13807980427627792,0.13807980432130332,0.13807980427627792,0.13807980424319954,0.1380798042596514,0.13807980432130332,0.1380798044473768,0.13807980432130332,0.1380798042596514,0.13807980424319954,0.13807980427627792,0.13807980432130332,0.13807980427627792,0.13807980424319954,0.13807980422671906,0.13807980424319954,0.1380798042596514,0.13807980424319954,0.13807980422671906,0.13704476639687033,0.13704476642369764,0.137044766456148,0.13704476642369764,0.13704476639687033,0.13704476642369764,0.13704476648977865,0.13704476662219747,0.13704476648977865,0.13704476642369764,0.137044766456148,0.13704476662219747,0.137044767355398,0.13704476662219747,0.137044766456148,0.13704476642369764,0.13704476648977865,0.13704476662219747,0.13704476648977865,0.13704476642369764,0.13704476639687033,0.13704476642369764,0.137044766456148,0.13704476642369764,0.13704476639687033,0.13602973300433868,0.13602973302302931,0.13602973304130705,0.13602973302302931,0.13602973300433868,0.13602973302302931,0.1360297330596352,0.13602973310853061,0.1360297330596352,0.13602973302302931,0.13602973304130705,0.13602973310853061,0.13602973324410106,0.13602973310853061,0.13602973304130705,0.13602973302302931,0.1360297330596352,0.13602973310853061,0.1360297330596352,0.13602973302302931,0.13602973300433868,0.13602973302302931,0.13602973304130705,0.13602973302302931,0.13602973300433868,0.1350342524872572,0.13503425249895437,0.13503425250860543,0.13503425249895437,0.1350342524872572,0.13503425249895437,0.135034252517761,0.13503425253639273,0.135034252517761,0.13503425249895437,0.13503425250860543,0.13503425253639273,0.135034252570251,0.13503425253639273,0.13503425250860543,0.13503425249895437,0.135034252517761,0.13503425253639273,0.135034252517761,0.13503425249895437,0.1350342524872572,0.13503425249895437,0.13503425250860543,0.13503425249895437,0.1350342524872572
0.16533248761110902,0.16533248761110902,0.1653324876111088,0.16533248761110902,0.16533248761110902,0.16533248761110902,0.1653324876111088,0.1653324876111088,0.1653324876111088,0.16533248761110902,0.1653324876111088,0.1653324876111088,0.1653324876111088,0.1653324876111088,0.1653324876111088,0.16533248761110902,0.1653324876111088,0.1653324876111088,0.1653324876111088,0.16533248761110902,0.16533248761110902,0.16533248761110902,0.1653324876111088,0.16533248761110902,0.16533248761110902,0.16375749389582597,0.16375749389582575,0.1637574938958255,0.16375749389582575,0.16375749389582597,0.16375749389582575,0.1637574938958255,0.16375749389582528,0.1637574938958255,0.16375749389582575,0.1637574938958255,0.16375749389582528,0.16375749389582506,0.16375749389582528,0.1637574938958255,0.16375749389582575,0.1637574938958255,0.16375749389582528,0.1637574938958255,0.16375749389582575,0.16375749389582597,0.16375749389582575,0.1637574938958255,0.16375749389582575,0.16375749389582597,0.16221388411240859,0.16221388411240792,0.16221388411240723,0.16221388411240792,0.16221388411240859,0.16221388411240792,0.162213884112407,0.1622138841124063,0.162213884112407,0.16221388411240792,0.16221388411240723,0.1622138841124063,0.16221388411240587,0.1622138841124063,0.16221388411240723,0.16221388411240792,0.162213884112407,0.1622138841124063,0.162213884112407,0.16221388411240792,0.16221388411240859,0.16221388411240792,0.16221388411240723,0.16221388411240792,0.16221388411240859,0.16070106721789934,0.16070106721789665,0.16070106721789512,0.16070106721789665,0.16070106721789934,0.16070106721789665,0.16070106721789398,0.1607010672178922,0.16070106721789398,0.16070106721789665,0.16070106721789512,0.1607010672178922,0.16070106721789043,0.1607010672178922,0.16070106721789512,0.16070106721789665,0.16070106721789398,0.1607010672178922,0.16070106721789398,0.16070106721789665,0.16070106721789934,0.16070106721789665,0.16070106721789512,0.16070106721789665,0.16070106721789934,0.1592184515872802,0.15921845158727194,0.15921845158726694,0.15921845158727194,0.1592184515872802,0.15921845158727194,0.15921845158726344,0.15921845158725803,0.15921845158726344,0.15921845158727194,0.15921845158726694,0.15921845158725803,0.15921845158725215,0.15921845158725803,0.15921845158726694,0.15921845158727194,0.15921845158726344,0.15921845158725803,0.15921845158726344,0.15921845158727194,0.1592184515872802,0.15921845158727194,0.15921845158726694,0.15921845158727194,0.1592184515872802,0.15776544636532974,0.15776544636530498,0.15776544636528916,0.15776544636530498,0.15776544636532974,0.15776544636530498,0.15776544636527787,0.15776544636526038,0.15776544636527787,0.15776544636530498,0.15776544636528916,0.15776544636526038,0.15776544636524162,0.15776544636526038,0.15776544636528916,0.15776544636530498,0.15776544636527787,0.15776544636526038,0.15776544636527787,0.15776544636530498,0.15776544636532974,0.15776544636530498,0.15776544636528916,0.15776544636530498,0.15776544636532974,0.15634146268096086,0.15634146268088683,0.15634146268083873,0.15634146268088683,0.15634146268096086,0.15634146268088683,0.15634146268080235,0.15634146268074608,0.15634146268080235,0.15634146268088683,0.15634146268083873,0.15634146268074608,0.15634146268068294,0.15634146268074608,0.15634146268083873,0.15634146268088683,0.15634146268080235,0.15634146268074608,0.15634146268080235,0.15634146268088683,0.15634146268096086,0.15634146268088683,0.15634146268083873,0.15634146268088683,0.15634146268096086,0.15494591473432656,0.15494591473411018,0.15494591473396466,0.15494591473411018,0.15494591473432656,0.15494591473411018,0.15494591473384806,0.154945914733663,0.15494591473384806,0.15494591473411018,0.15494591473396466,0.154945914733663,0.15494591473344496,0.154945914733663,0.15494591473396466,0.15494591473411018,0.15494591473384806,0.154945914733663,0.15494591473384806,0.15494591473411018,0.15494591473432656,0.15494591473411018,0.15494591473396466,0.15494591473411018,0.15494591473432656,0.15357822076645206,0.1535782207658395,0.1535782207654087,0.15357822076583968,0.15357822076645206,0.1535782207658395,0.15357822076503894,0.15357822076443237,0.15357822076503894,0.15357822076583968,0.1535782207654087,0.15357822076443237,0.15357822076365152,0.15357822076443237,0.1535782207654087,0.15357822076583968,0.15357822076503894,0.15357822076443237,0.15357822076503894,0.15357822076583968,0.15357822076645206,0.15357822076583968,0.1535782207654087,0.15357822076583968,0.15357822076645206,0.15223780392066907,0.1522378039190268,0.1522378039177824,0.1522378039190268,0.15223780392066907,0.1522378039190268,0.15223780391665115,0.15223780391462016,0.15223780391665115,0.1522378039190268,0.1522378039177824,0.15223780391462016,0.1522378039115859,0.15223780391462016,0.1522378039177824,0.1522378039190268,0.15223780391665115,0.15223780391462016,0.15223780391665115,0.1522378039190268,0.15223780392066907,0.1522378039190268,0.1522378039177824,0.1522378039190268,0.15223780392066907,0.15092409300472126,0.15092409300067844,0.15092409299725681,0.15092409300067844,0.15092409300472126,0.15092409300067844,0.15092409299397697,0.15092409298706813,0.15092409299397697,0.15092409300067844,0.15092409299725681,0.15092409298706813,0.15092409297395362,0.15092409298706813,0.15092409299725681,0.15092409300067844,0.15092409299397697,0.15092409298706813,0.15092409299397697,0.15092409300067844,0.15092409300472126,0.15092409300067844,0.15092409299725681,0.15092409300067844,0.15092409300472126,0.14963652316189568,0.149636523153337,0.1496365231448717,0.149636523153337,0.14963652316189568,0.149636523153337,0.14963652313635065,0.14963652311340322,0.14963652313635065,0.149636523153337,0.1496365231448717,0.14963652311340322,0.14963652304930725,0.14963652311340322,0.1496365231448717,0.149636523153337,0.14963652313635065,0.14963652311340322,0.14963652313635065,0.149636523153337,0.14963652316189568,0.149636523153337,0.1496365231448717,0.149636523153337,0.14963652316189568,0.14837453645803558,0.14837453644465626,0.1483745364286304,0.14837453644465626,0.14837453645803558,0.14837453644465626,0.1483745364120458,0.14837453634749206,0.1483745364120458,0.14837453644465626,0.1483745364286304,0.14837453634749206,0.14837453599330624,0.14837453634749206,0.1483745364286304,0.14837453644465626,0.1483745364120458,0.14837453634749206,0.1483745364120458,0.14837453644465626,0.14837453645803558,0.14837453644465626,0.1483745364286304,0.14837453644465626,0.14837453645803558,0.14713758238618974,0.1471375823767054,0.14713758236731103,0.1471375823767054,0.14713758238618974,0.1471375823767054,0.14713758235785068,0.1471375823321168,0.14713758235785068,0.1471375823767054,0.14713758236731103,0.1471375823321168,0.14713758225640267,0.1471375823321168,0.14713758236731103,0.1471375823767054,0.14713758235785068,0.1471375823321168,0.14713758235785068,0.1471375823767054,0.14713758238618974,0.1471375823767054,0.14713758236731103,0.1471375823767054,0.14713758238618974,0.14592511828578733,0.145925118280035,0.14592511827491653,0.145925118280035,0.14592511828578733,0.145925118280035,0.145925118269935,0.14592511825801682,0.145925118269935,0.145925118280035,0.14592511827491653,0.14592511825801682,0.1459251182246631,0.14592511825801682,0.14592511827491653,0.145925118280035,0.145925118269935,0.14592511825801682,0.145925118269935,0.145925118280035,0.14592511828578733,0.145925118280035,0.14592511827491653,0.145925118280035,0.14592511828578733,0.1447366097342092,0.14473660973012803,0.1447366097264412,0.14473660973012803,0.1447366097342092,0.14473660973012803,0.14473660972286675,0.14473660971354216,0.14473660972286675,0.14473660973012803,0.1447366097264412,0.14473660971354216,0.14473660968148083,0.14473660971354216,0.1447366097264412,0.14473660973012803,0.14473660972286675,0.14473660971354216,0.14473660972286675,0.14473660973012803,0.1447366097342092,0.14473660973012803,0.1447366097264412,0.14473660973012803,0.1447366097342092,0.1435715308654861,0.1435715308617565,0.1435715308581303,0.1435715308617565,0.1435715308654861,0.1435715308617565,0.14357153085453297,0.14357153084410038,0.14357153085453297,0.1435715308617565,0.1435715308581303,0.14357153084410038,0.1435715308037376,0.14357153084410038,0.1435715308581303,0.1435715308617565,0.14357153085453297,0.14357153084410038,0.14357153085453297,0.1435715308617565,0.1435715308654861,0.1435715308617565,0.1435715308581303,0.1435715308617565,0.1435715308654861,0.14242936463019548,0.1424293646264697,0.14242936462254766,0.1424293646264697,0.14242936463019548,0.1424293646264697,0.14242936461855382,0.14242936460602257,0.14242936461855382,0.1424293646264697,0.14242936462254766,0.14242936460602257,0.142429364553973,0.14242936460602257,0.14242936462254766,0.1424293646264697,0.14242936461855382,0.14242936460602257,0.14242936461855382,0.1424293646264697,0.14242936463019548,0.1424293646264697,0.14242936462254766,0.1424293646264697,0.14242936463019548,0.14130960300636783,0.14130960300332587,0.14130960299968937,0.14130960300332587,0.14130960300636783,0.14130960300332587,0.14130960299585862,0.14130960298245485,0.14130960299585862,0.14130960300332587,0.14130960299968937,0.14130960298245485,0.14130960292159903,0.14130960298245485,0.14130960299968937,0.14130960300332587,0.14130960299585862,0.14130960298245485,0.14130960299585862,0.14130960300332587,0.14130960300636783,0.14130960300332587,0.14130960299968937,0.14130960300332587,0.14130960300636783,0.14021174716628151,0.14021174716597273,0.1402117471645853,0.14021174716597273,0.14021174716628151,0.14021174716597273,0.14021174716289167,0.14021174715367735,0.14021174716289167,0.14021174716597273,0.1402117471645853,0.14021174715367735,0.14021174709842632,0.14021174715367735,0.1402117471645853,0.14021174716597273,0.14021174716289167,0.14021174715367735,0.14021174716289167,0.14021174716597273,0.14021174716628151,0.14021174716597273,0.1402117471645853,0.14021174716597273,0.14021174716628151,0.13913530760274617,0.13913530760886303,0.13913530761385462,0.13913530760886303,0.13913530760274617,0.13913530760886303,0.13913530761859247,0.13913530762770204,0.13913530761859247,0.13913530760886303,0.13913530761385462,0.13913530762770204,0.13913530764198573,0.13913530762770204,0.13913530761385462,0.13913530760886303,0.13913530761859247,0.13913530762770204,0.13913530761859247,0.13913530760886303,0.13913530760274617,0.13913530760886303,0.13913530761385462,0.13913530760886303,0.13913530760274617,0.13807980421886606,0.1380798042352389,0.13807980425158556,0.1380798042352389,0.13807980421886606,0.1380798042352389,0.13807980426810645,0.13807980431285186,0.13807980426810645,0.1380798042352389,0.13807980425158556,0.13807980431285186,0.13807980443815757,0.13807980431285186,0.13807980425158556,0.1380798042352389,0.13807980426810645,0.13807980431285186,0.13807980426810645,0.1380798042352389,0.13807980421886606,0.1380798042352389,0.13807980425158556,0.1380798042352389,0.13807980421886606,0.1370447663885069,0.13704476641517188,0.13704476644742788,0.13704476641517188,0.1370447663885069,0.13704476641517188,0.1370447664808577,0.13704476661249124,0.1370447664808577,0.13704476641517188,0.13704476644742788,0.13704476661249124,0.13704476734135468,0.13704476661249124,0.13704476644742788,0.13704476641517188,0.1370447664808577,0.13704476661249124,0.1370447664808577,0.13704476641517188,0.1370447663885069,0.13704476641517188,0.13704476644742788,0.13704476641517188,0.1370447663885069,0.13602973299578475,0.13602973301436358,0.13602973303253246,0.13602973301436358,0.13602973299578475,0.13602973301436358,0.1360297330507516,0.1360297330993573,0.1360297330507516,0.13602973301436358,0.13602973303253246,0.1360297330993573,0.1360297332341263,0.1360297330993573,0.13602973303253246,0.13602973301436358,0.1360297330507516,0.1360297330993573,0.1360297330507516,0.13602973301436358,0.13602973299578475,0.13602973301436358,0.13602973303253246,0.13602973301436358,0.13602973299578475,0.1350342524787316,0.1350342524903592,0.13503425249995277,0.1350342524903592,0.1350342524787316,0.1350342524903592,0.13503425250905393,0.13503425252757525,0.13503425250905393,0.1350342524903592,0.13503425249995277,0.13503425252757525,0.13503425256123316,0.13503425252757525,0.13503425249995277,0.1350342524903592,0.13503425250905393,0.13503425252757525,0.13503425250905393,0.1350342524903592,0.1350342524787316,0.1350342524903592,0.13503425249995277,0.1350342524903592,0.1350342524787316
0.1653324876167904,0.16533248761679017,0.16533248761679017,0.16533248761679017,0.1653324876167904,0.16533248761679017,0.16533248761679017,0.16533248761679017,0.16533248761679017,0.16533248761679017,0.16533248761679017,0.16533248761679017,0.16533248761678995,0.16533248761679017,0.16533248761679017,0.16533248761679017,0.16533248761679017,0.16533248761679017,0.16533248761679017,0.16533248761679017,0.1653324876167904,0.16533248761679017,0.16533248761679017,0.16533248761679017,0.1653324876167904,0.16375749390139588,0.16375749390139563,0.1637574939013954,0.16375749390139563,0.16375749390139588,0.16375749390139563,0.1637574939013954,0.16375749390139516,0.1637574939013954,0.16375749390139563,0.1637574939013954,0.16375749390139516,0.16375749390139493,0.16375749390139516,0.1637574939013954,0.16375749390139563,0.1637574939013954,0.16375749390139516,0.1637574939013954,0.16375749390139563,0.16375749390139588,0.16375749390139563,0.1637574939013954,0.16375749390139563,0.16375749390139588,0.16221388411787058,0.1622138841178699,0.16221388411786947,0.1622138841178699,0.16221388411787058,0.1622138841178699,0.162213884117869,0.16221388411786855,0.162213884117869,0.1622138841178699,0.16221388411786947,0.16221388411786855,0.16221388411786786,0.16221388411786855,0.16221388411786947,0.1622138841178699,0.162213884117869,0.16221388411786855,0.162213884117869,0.1622138841178699,0.16221388411787058,0.1622138841178699,0.16221388411786947,0.1622138841178699,0.16221388411787058,0.160701067223257,0.1607010672232543,0.16070106722325275,0.1607010672232543,0.160701067223257,0.1607010672232543,0.16070106722325167,0.16070106722325012,0.16070106722325167,0.1607010672232543,0.16070106722325275,0.16070106722325012,0.16070106722324834,0.16070106722325012,0.16070106722325275,0.1607010672232543,0.16070106722325167,0.16070106722325012,0.16070106722325167,0.1607010672232543,0.160701067223257,0.1607010672232543,0.16070106722325275,0.1607010672232543,0.160701067223257,0.15921845159253678,0.15921845159252895,0.15921845159252396,0.15921845159252895,0.15921845159253678,0.15921845159252895,0.15921845159252046,0.15921845159251524,0.15921845159252046,0.15921845159252895,0.15921845159252396,0.15921845159251524,0.15921845159250958,0.15921845159251524,0.15921845159252396,0.15921845159252895,0.15921845159252046,0.15921845159251524,0.15921845159252046,0.15921845159252895,0.15921845159253678,0.15921845159252895,0.15921845159252396,0.15921845159252895,0.15921845159253678,0.15776544637048834,0.15776544637046422,0.1577654463704491,0.15776544637046422,0.15776544637048834,0.15776544637046422,0.15776544637043796,0.15776544637042111,0.15776544637043796,0.15776544637046422,0.1577654463704491,0.15776544637042111,0.157765446370403,0.15776544637042111,0.1577654463704491,0.15776544637046422,0.15776544637043796,0.15776544637042111,0.15776544637043796,0.15776544637046422,0.15776544637048834,0.15776544637046422,0.1577654463704491,0.15776544637046422,0.15776544637048834,0.1563414626860233,0.15634146268595162,0.15634146268590496,0.15634146268595162,0.1563414626860233,0.15634146268595162,0.15634146268586965,0.15634146268581506,0.15634146268586965,0.15634146268595162,0.15634146268590496,0.15634146268581506,0.156341462685754,0.15634146268581506,0.15634146268590496,0.15634146268595162,0.15634146268586965,0.15634146268581506,0.15634146268586965,0.15634146268595162,0.1563414626860233,0.15634146268595162,0.15634146268590496,0.15634146268595162,0.1563414626860233,0.15494591473929226,0.154945914739082,0.154945914738941,0.154945914739082,0.15494591473929226,0.154945914739082,0.1549459147388277,0.15494591473864838,0.1549459147388277,0.154945914739082,0.154945914738941,0.15494591473864838,0.15494591473843689,0.15494591473864838,0.154945914738941,0.154945914739082,0.1549459147388277,0.15494591473864838,0.1549459147388277,0.154945914739082,0.15494591473929226,0.154945914739082,0.154945914738941,0.154945914739082,0.15494591473929226,0.15357822077131067,0.15357822077071595,0.1535782207702974,0.15357822077071595,0.15357822077131067,0.15357822077071595,0.1535782207699389,0.15357822076935024,0.1535782207699389,0.15357822077071595,0.1535782207702974,0.15357822076935024,0.15357822076859265,0.15357822076935024,0.1535782207702974,0.15357822077071595,0.1535782207699389,0.15357822076935024,0.1535782207699389,0.15357822077071595,0.15357822077131067,0.15357822077071595,0.1535782207702974,0.15357822077071595,0.15357822077131067,0.15223780392538708,0.15223780392379152,0.1522378039225831,0.15223780392379152,0.15223780392538708,0.15223780392379152,0.15223780392148495,0.1522378039195144,0.15223780392148495,0.15223780392379152,0.1522378039225831,0.1522378039195144,0.15223780391657205,0.1522378039195144,0.1522378039225831,0.15223780392379152,0.15223780392148495,0.1522378039195144,0.15223780392148495,0.15223780392379152,0.15223780392538708,0.15223780392379152,0.1522378039225831,0.15223780392379152,0.15223780392538708,0.15092409300920398,0.1509240930052738,0.15092409300195017,0.1509240930052738,0.15092409300920398,0.1509240930052738,0.15092409299876547,0.15092409299206247,0.15092409299876547,0.1509240930052738,0.15092409300195017,0.15092409299206247,0.15092409297935078,0.15092409299206247,0.15092409300195017,0.1509240930052738,0.15092409299876547,0.15092409299206247,0.15092409299876547,0.1509240930052738,0.15092409300920398,0.1509240930052738,0.15092409300195017,0.1509240930052738,0.15092409300920398,0.1496365231659101,0.14963652315758022,0.14963652314935166,0.14963652315758022,0.1496365231659101,0.14963652315758022,0.14963652314107223,0.1496365231188065,0.14963652314107223,0.14963652315758022,0.14963652314935166,0.1496365231188065,0.14963652305670588,0.1496365231188065,0.14963652314935166,0.14963652315758022,0.14963652314107223,0.1496365231188065,0.14963652314107223,0.14963652315758022,0.1496365231659101,0.14963652315758022,0.14963652314935166,0.14963652315758022,0.1496365231659101,0.14837453646110466,0.1483745364480424,0.14837453643243226,0.1483745364480424,0.14837453646110466,0.1483745364480424,0.14837453641628373,0.1483745363536005,0.14837453641628373,0.1483745364480424,0.14837453643243226,0.1483745363536005,0.14837453601057474,0.1483745363536005,0.14837453643243226,0.1483745364480424,0.14837453641628373,0.1483745363536005,0.14837453641628373,0.14837453644804222,0.14837453646110466,0.1483745364480424,0.14837453643243226,0.14837453644804222,0.14837453646110466,0.14713758238764627,0.14713758237824115,0.14713758236890143,0.14713758237824115,0.14713758238764627,0.14713758237824115,0.14713758235949326,0.1471375823337123,0.14713758235949326,0.14713758237824115,0.14713758236890143,0.1471375823337123,0.14713758225616197,0.1471375823337123,0.14713758236890143,0.14713758237824115,0.14713758235949326,0.1471375823337123,0.14713758235949326,0.14713758237824115,0.14713758238764627,0.14713758237824115,0.14713758236890143,0.14713758237824115,0.14713758238764627,0.145925118285446,0.14592511827961066,0.1459251182743738,0.14592511827961066,0.145925118285446,0.14592511827961066,0.14592511826926513,0.14592511825681276,0.14592511826926513,0.14592511827961066,0.1459251182743738,0.14592511825681276,0.14592511822065257,0.14592511825681276,0.1459251182743738,0.14592511827961066,0.14592511826926513,0.14592511825681276,0.14592511826926513,0.14592511827961066,0.145925118285446,0.14592511827961066,0.1459251182743738,0.14592511827961066,0.145925118285446,0.1447366097322162,0.14473660972800656,0.1447366097241738,0.14473660972800656,0.1447366097322162,0.14473660972800656,0.14473660972044786,0.14473660971061636,0.14473660972044786,0.14473660972800656,0.1447366097241738,0.14473660971061636,0.1447366096763562,0.14473660971061636,0.1447366097241738,0.14473660972800656,0.14473660972044786,0.14473660971061636,0.14473660972044786,0.14473660972800656,0.1447366097322162,0.14473660972800656,0.1447366097241738,0.14473660972800656,0.1447366097322162,0.14357153086208282,0.14357153085823807,0.14357153085449192,0.14357153085823807,0.14357153086208282,0.14357153085823807,0.14357153085077293,0.14357153083996715,0.14357153085077293,0.14357153085823807,0.14357153085449192,0.14357153083996715,0.14357153079811208,0.14357153083996715,0.14357153085449192,0.14357153085823807,0.14357153085077293,0.14357153083996715,0.14357153085077293,0.14357153085823807,0.14357153086208282,0.14357153085823807,0.14357153085449192,0.14357153085823807,0.14357153086208282,0.1424293646255979,0.14242936462178657,0.1424293646177805,0.14242936462178657,0.1424293646255979,0.14242936462178657,0.1424293646137026,0.14242936460092898,0.1424293646137026,0.14242936462178657,0.1424293646177805,0.14242936460092898,0.14242936454794752,0.14242936460092898,0.1424293646177805,0.14242936462178657,0.1424293646137026,0.14242936460092898,0.1424293646137026,0.14242936462178657,0.1424293646255979,0.14242936462178657,0.1424293646177805,0.14242936462178657,0.1424293646255979,0.14130960300073256,0.14130960299762993,0.14130960299393702,0.14130960299762993,0.14130960300073256,0.14130960299762993,0.14130960299005135,0.1413096029764979,0.14130960299005135,0.14130960299762993,0.14130960299393702,0.1413096029764979,0.14130960291512798,0.1413096029764979,0.14130960299393702,0.14130960299762993,0.14130960299005135,0.1413096029764979,0.14130960299005135,0.14130960299762993,0.14130960300073256,0.14130960299762993,0.14130960299393702,0.14130960299762993,0.14130960300073256,0.140211747159715,0.14021174715935572,0.14021174715792442,0.14021174715935572,0.140211747159715,0.14021174715935572,0.1402117471561892,0.14021174714687248,0.1402117471561892,0.14021174715935572,0.14021174715792442,0.14021174714687248,0.14021174709127007,0.14021174714687248,0.14021174715792442,0.14021174715935572,0.1402117471561892,0.14021174714687248,0.1402117471561892,0.14021174715935572,0.140211747159715,0.14021174715935572,0.14021174715792442,0.14021174715935572,0.140211747159715,0.13913530759533435,0.1391353076013875,0.1391353076063255,0.1391353076013875,0.13913530759533435,0.1391353076013875,0.1391353076110121,0.13913530762001433,0.1391353076110121,0.1391353076013875,0.1391353076063255,0.13913530762001433,0.13913530763408757,0.13913530762001433,0.1391353076063255,0.1391353076013875,0.1391353076110121,0.13913530762001433,0.1391353076110121,0.1391353076013875,0.13913530759533435,0.1391353076013875,0.1391353076063255,0.1391353076013875,0.13913530759533435,0.13807980421072208,0.1380798042269842,0.13807980424322278,0.1380798042269842,0.13807980421072208,0.1380798042269842,0.13807980425963515,0.13807980430409372,0.13807980425963515,0.1380798042269842,0.13807980424322278,0.13807980430409372,0.13807980442861245,0.13807980430409372,0.13807980424322278,0.1380798042269842,0.13807980425963515,0.13807980430409372,0.13807980425963515,0.1380798042269842,0.13807980421072208,0.1380798042269842,0.13807980424322278,0.1380798042269842,0.13807980421072208,0.13704476637984186,0.1370447664063406,0.13704476643839764,0.1370447664063406,0.13704476637984186,0.1370447664063406,0.1370447664716219,0.13704476660245185,0.1370447664716219,0.1370447664063406,0.13704476643839764,0.13704476660245185,0.13704476732689627,0.13704476660245185,0.13704476643839764,0.1370447664063406,0.1370447664716219,0.13704476660245185,0.1370447664716219,0.1370447664063406,0.13704476637984186,0.1370447664063406,0.13704476643839764,0.1370447664063406,0.13704476637984186,0.13602973298692633,0.13602973300539078,0.1360297330234483,0.13602973300539078,0.13602973298692633,0.13602973300539078,0.13602973304155608,0.13602973308986505,0.13602973304155608,0.13602973300539078,0.1360297330234483,0.13602973308986505,0.13602973322381426,0.13602973308986505,0.1360297330234483,0.13602973300539078,0.13602973304155608,0.13602973308986505,0.13602973304155608,0.13602973300539078,0.13602973298692633,0.13602973300539078,0.1360297330234483,0.13602973300539078,0.13602973298692633,0.13503425246990447,0.1350342524814607,0.13503425249099563,0.1350342524814607,0.13503425246990447,0.1350342524814607,0.13503425250004109,0.13503425251844933,0.13503425250004109,0.1350342524814607,0.13503425249099563,0.13503425251844933,0.1350342525519024,0.13503425251844933,0.13503425249099563,0.1350342524814607,0.13503425250004109,0.13503425251844933,0.13503425250004109,0.1350342524814607,0.13503425246990447,0.1350342524814607,0.13503425249099563,0.1350342524814607,0.13503425246990447
0.1653324876226849,0.1653324876226849,0.16533248762268468,0.1653324876226849,0.1653324876226849,0.1653324876226849,0.16533248762268468,0.16533248762268468,0.16533248762268468,0.1653324876226849,0.16533248762268468,0.16533248762268468,0.16533248762268468,0.16533248762268468,0.16533248762268468,0.1653324876226849,0.16533248762268468,0.16533248762268468,0.16533248762268468,0.1653324876226849,0.1653324876226849,0.1653324876226849,0.16533248762268468,0.1653324876226849,0.1653324876226849,0.16375749390717484,0.16375749390717462,0.16375749390717437,0.16375749390717462,0.16375749390717484,0.16375749390717462,0.16375749390717437,0.16375749390717415,0.16375749390717437,0.16375749390717462,0.16375749390717437,0.16375749390717415,0.1637574939071739,0.16375749390717415,0.16375749390717437,0.16375749390717462,0.16375749390717437,0.16375749390717415,0.16375749390717437,0.16375749390717462,0.16375749390717484,0.16375749390717462,0.16375749390717437,0.16375749390717462,0.16375749390717484,0.1622138841235375,0.16221388412353663,0.16221388412353616,0.16221388412353663,0.1622138841235375,0.16221388412353663,0.16221388412353593,0.16221388412353546,0.16221388412353593,0.16221388412353663,0.16221388412353616,0.16221388412353546,0.1622138841235348,0.16221388412353546,0.16221388412353616,0.16221388412353663,0.16221388412353593,0.16221388412353546,0.16221388412353593,0.16221388412353663,0.1622138841235375,0.16221388412353663,0.16221388412353616,0.16221388412353663,0.1622138841235375,0.16070106722881525,0.1607010672288128,0.16070106722881125,0.1607010672288128,0.16070106722881525,0.1607010672288128,0.16070106722881014,0.1607010672288086,0.16070106722881014,0.1607010672288128,0.16070106722881125,0.1607010672288086,0.1607010672288068,0.1607010672288086,0.16070106722881125,0.1607010672288128,0.16070106722881014,0.1607010672288086,0.16070106722881014,0.1607010672288128,0.16070106722881525,0.1607010672288128,0.16070106722881125,0.1607010672288128,0.16070106722881525,0.15921845159798995,0.1592184515979823,0.15921845159797754,0.1592184515979823,0.15921845159798995,0.1592184515979823,0.15921845159797426,0.15921845159796905,0.15921845159797426,0.1592184515979823,0.15921845159797754,0.15921845159796905,0.1592184515979636,0.15921845159796905,0.15921845159797754,0.1592184515979823,0.15921845159797426,0.15921845159796905,0.15921845159797426,0.1592184515979823,0.15921845159798995,0.1592184515979823,0.15921845159797754,0.1592184515979823,0.15921845159798995,0.1577654463758394,0.15776544637581613,0.15776544637580145,0.15776544637581613,0.1577654463758394,0.15776544637581613,0.15776544637579076,0.15776544637577455,0.15776544637579076,0.15776544637581613,0.15776544637580145,0.15776544637577455,0.15776544637575704,0.15776544637577455,0.15776544637580145,0.15776544637581613,0.15776544637579076,0.15776544637577455,0.15776544637579076,0.15776544637581613,0.1577654463758394,0.15776544637581613,0.15776544637580145,0.15776544637581613,0.1577654463758394,0.1563414626912746,0.15634146269120497,0.1563414626911598,0.15634146269120497,0.1563414626912746,0.15634146269120497,0.15634146269112573,0.15634146269107282,0.15634146269112573,0.15634146269120497,0.1563414626911598,0.15634146269107282,0.15634146269101407,0.15634146269107282,0.1563414626911598,0.15634146269120497,0.15634146269112573,0.15634146269107282,0.15634146269112573,0.15634146269120497,0.1563414626912746,0.15634146269120497,0.1563414626911598,0.15634146269120497,0.1563414626912746,0.15494591474444222,0.1549459147442385,0.15494591474410183,0.1549459147442385,0.15494591474444222,0.1549459147442385,0.15494591474399239,0.1549459147438188,0.15494591474399239,0.1549459147442385,0.15494591474410183,0.1549459147438188,0.15494591474361408,0.1549459147438188,0.15494591474410183,0.1549459147442385,0.15494591474399239,0.1549459147438188,0.15494591474399239,0.1549459147442385,0.15494591474444222,0.1549459147442385,0.15494591474410183,0.1549459147442385,0.15494591474444222,0.153578220776349,0.15357822077577277,0.15357822077536729,0.15357822077577277,0.153578220776349,0.15357822077577277,0.15357822077502042,0.15357822077445005,0.15357822077502042,0.15357822077577277,0.15357822077536729,0.15357822077445005,0.15357822077371697,0.15357822077445005,0.15357822077536729,0.15357822077577277,0.15357822077502042,0.15357822077445005,0.15357822077502042,0.15357822077577277,0.153578220776349,0.15357822077577277,0.15357822077536729,0.15357822077577277,0.153578220776349,0.15223780393027894,0.15223780392873199,0.15223780392756098,0.15223780392873199,0.15223780393027894,0.15223780392873199,0.15223780392649724,0.15223780392458927,0.15223780392649724,0.15223780392873199,0.15223780392756098,0.15223780392458927,0.1522378039217426,0.15223780392458927,0.15223780392756098,0.15223780392873199,0.15223780392649724,0.15223780392458927,0.15223780392649724,0.15223780392873199,0.15223780393027894,0.15223780392873199,0.15223780392756098,0.15223780392873199,0.15223780393027894,0.15092409301385082,0.15092409301003776,0.150924093006816,0.15092409301003776,0.15092409301385082,0.15092409301003776,0.15092409300372986,0.15092409299724063,0.15092409300372986,0.15092409301003776,0.150924093006816,0.15092409299724063,0.15092409298494774,0.15092409299724063,0.150924093006816,0.15092409301003776,0.15092409300372986,0.15092409299724063,0.15092409300372986,0.15092409301003776,0.15092409301385082,0.15092409301003776,0.150924093006816,0.15092409301003776,0.15092409301385082,0.14963652317006976,0.14963652316197754,0.1496365231539952,0.14963652316197754,0.14963652317006976,0.14963652316197754,0.1496365231459665,0.14963652312440945,0.1496365231459665,0.14963652316197754,0.1496365231539952,0.14963652312440945,0.14963652306438213,0.14963652312440945,0.1496365231539952,0.14963652316197754,0.1496365231459665,0.14963652312440945,0.1496365231459665,0.14963652316197754,0.14963652317006976,0.14963652316197754,0.1496365231539952,0.14963652316197754,0.14963652317006976,0.1483745364642812,0.1483745364515483,0.14837453643637016,0.1483745364515483,0.1483745364642812,0.1483745364515483,0.14837453642067494,0.14837453635993547,0.14837453642067494,0.1483745364515483,0.14837453643637016,0.14837453635993547,0.14837453602847298,0.14837453635993547,0.14837453643637016,0.1483745364515483,0.14837453642067494,0.14837453635993547,0.14837453642067494,0.1483745364515483,0.1483745364642812,0.1483745364515483,0.14837453643637016,0.1483745364515483,0.1483745364642812,0.14713758238914637,0.14713758237982358,0.1471375823705407,0.14713758237982358,0.14713758238914637,0.14713758237982358,0.1471375823611865,0.147137582335357,0.1471375823611865,0.14713758237982358,0.1471375823705407,0.147137582335357,0.14713758225593654,0.147137582335357,0.1471375823705407,0.14713758237982358,0.1471375823611865,0.147137582335357,0.1471375823611865,0.14713758237982358,0.14713758238914637,0.14713758237982358,0.1471375823705407,0.14713758237982358,0.14713758238914637,0.14592511828507707,0.14592511827915536,0.1459251182737949,0.14592511827915536,0.14592511828507707,0.14592511827915536,0.14592511826855376,0.14592511825554602,0.14592511826855376,0.14592511827915536,0.1459251182737949,0.14592511825554602,0.14592511821645593,0.14592511825554602,0.1459251182737949,0.14592511827915536,0.14592511826855376,0.14592511825554602,0.14592511826855376,0.14592511827915536,0.14592511828507707,0.14592511827915536,0.1459251182737949,0.14592511827915536,0.14592511828507707,0.1447366097301312,0.14473660972578714,0.14473660972180236,0.14473660972578714,0.1447366097301312,0.14473660972578714,0.1447366097179183,0.14473660970755806,0.1447366097179183,0.14473660972578714,0.14473660972180236,0.14473660970755806,0.14473660967100765,0.14473660970755806,0.1447366097218022,0.14473660972578714,0.1447366097179183,0.14473660970755806,0.1447366097179183,0.14473660972578714,0.1447366097301312,0.14473660972578714,0.1447366097218022,0.14473660972578714,0.1447366097301312,0.1435715308585336,0.14357153085456806,0.14357153085069646,0.14357153085456806,0.1435715308585336,0.14357153085456806,0.14357153084684984,0.1435715308356534,0.14357153084684984,0.14357153085456806,0.14357153085069646,0.1435715308356534,0.14357153079222956,0.1435715308356534,0.14357153085069646,0.14357153085456806,0.14357153084684984,0.1435715308356534,0.14357153084684984,0.14357153085456806,0.1435715308585336,0.14357153085456806,0.14357153085069646,0.14357153085456806,0.1435715308585336,0.14242936462081127,0.14242936461690953,0.14242936461281466,0.14242936461690953,0.14242936462081127,0.14242936461690953,0.14242936460864822,0.1424293645956181,0.14242936460864822,0.14242936461690953,0.14242936461281466,0.1424293645956181,0.14242936454168853,0.1424293645956181,0.14242936461281466,0.14242936461690953,0.14242936460864822,0.1424293645956181,0.14242936460864822,0.14242936461690953,0.14242936462081127,0.14242936461690953,0.14242936461281466,0.14242936461690953,0.14242936462081127,0.14130960299487413,0.1413096029917067,0.14130960298795373,0.1413096029917067,0.14130960299487413,0.1413096029917067,0.14130960298400919,0.14130960297029488,0.14130960298400919,0.1413096029917067,0.14130960298795373,0.14130960297029488,0.141309602908324,0.14130960297029488,0.14130960298795373,0.1413096029917067,0.14130960298400919,0.14130960297029488,0.14130960298400919,0.1413096029917067,0.14130960299487413,0.1413096029917067,0.14130960298795373,0.1413096029917067,0.14130960299487413,0.14021174715289833,0.14021174715248536,0.14021174715100732,0.14021174715248536,0.14021174715289833,0.14021174715248536,0.14021174714922757,0.14021174713979898,0.14021174714922757,0.14021174715248536,0.14021174715100732,0.14021174713979898,0.14021174708381634,0.14021174713979898,0.14021174715100732,0.14021174715248536,0.14021174714922757,0.14021174713979898,0.14021174714922757,0.14021174715248536,0.14021174715289833,0.14021174715248536,0.14021174715100732,0.14021174715248536,0.14021174715289833,0.13913530758765139,0.13913530759363843,0.13913530759852077,0.13913530759363843,0.13913530758765139,0.13913530759363843,0.1391353076031541,0.1391353076120441,0.1391353076031541,0.13913530759363843,0.13913530759852077,0.1391353076120441,0.13913530762589643,0.1391353076120441,0.13913530759852077,0.13913530759363843,0.1391353076031541,0.1391353076120441,0.1391353076031541,0.13913530759363843,0.13913530758765139,0.13913530759363843,0.13913530759852077,0.13913530759363843,0.13913530758765139,0.13807980420229107,0.13807980421843938,0.13807980423456712,0.13807980421843938,0.13807980420229107,0.13807980421843938,0.13807980425086847,0.1380798042950328,0.13807980425086847,0.13807980421843938,0.13807980423456712,0.1380798042950328,0.13807980441874623,0.1380798042950328,0.13807980423456712,0.13807980421843938,0.13807980425086847,0.1380798042950328,0.13807980425086847,0.13807980421843938,0.13807980420229107,0.13807980421843938,0.13807980423456712,0.13807980421843938,0.13807980420229107,0.1370447663708794,0.13704476639720803,0.13704476642906163,0.13704476639720803,0.1370447663708794,0.13704476639720803,0.13704476646207545,0.13704476659208395,0.13704476646207545,0.13704476639720803,0.13704476642906163,0.13704476659208395,0.13704476731200574,0.13704476659208395,0.13704476642906163,0.13704476639720803,0.13704476646207545,0.13704476659208395,0.13704476646207545,0.13704476639720803,0.1370447663708794,0.13704476639720803,0.13704476642906163,0.13704476639720803,0.1370447663708794,0.13602973297776794,0.13602973299611534,0.1360297330140588,0.13602973299611534,0.13602973297776794,0.13602973299611534,0.13602973303205262,0.13602973308005847,0.13602973303205262,0.13602973299611534,0.1360297330140588,0.13602973308005847,0.13602973321316958,0.13602973308005847,0.1360297330140588,0.13602973299611534,0.13602973303205262,0.13602973308005847,0.13602973303205262,0.13602973299611534,0.13602973297776794,0.13602973299611534,0.1360297330140588,0.13602973299611534,0.13602973297776794,0.1350342524607796,0.13503425247226286,0.1350342524817378,0.13503425247226286,0.1350342524607796,0.13503425247226286,0.1350342524907264,0.13503425250901915,0.1350342524907264,0.13503425247226286,0.1350342524817378,0.13503425250901915,0.13503425254226248,0.13503425250901915,0.1350342524817378,0.13503425247226286,0.1350342524907264,0.13503425250901915,0.1350342524907264,0.13503425247226286,0.1350342524607796,0.13503425247226286,0.1350342524817378,0.13503425247226286,0.1350342524607796
0.1653324876287899,0.1653324876287899,0.1653324876287899,0.1653324876287899,0.1653324876287899,0.1653324876287899,0.1653324876287899,0.1653324876287897,0.1653324876287899,0.1653324876287899,0.1653324876287899,0.1653324876287897,0.1653324876287897,0.1653324876287897,0.1653324876287899,0.1653324876287899,0.1653324876287899,0.1653324876287897,0.1653324876287899,0.1653324876287899,0.1653324876287899,0.1653324876287899,0.1653324876287899,0.1653324876287899,0.1653324876287899,0.1637574939131601,0.1637574939131599,0.16375749391315966,0.1637574939131599,0.1637574939131601,0.1637574939131599,0.16375749391315944,0.16375749391315944,0.16375749391315944,0.1637574939131599,0.16375749391315966,0.16375749391315944,0.1637574939131592,0.16375749391315944,0.16375749391315966,0.1637574939131599,0.16375749391315944,0.16375749391315944,0.16375749391315944,0.1637574939131599,0.1637574939131601,0.1637574939131599,0.16375749391315966,0.1637574939131599,0.1637574939131601,0.1622138841294064,0.1622138841294057,0.16221388412940524,0.1622138841294057,0.1622138841294064,0.1622138841294057,0.16221388412940485,0.16221388412940435,0.16221388412940485,0.1622138841294057,0.16221388412940524,0.16221388412940435,0.1622138841294039,0.16221388412940435,0.16221388412940524,0.1622138841294057,0.16221388412940485,0.16221388412940435,0.16221388412940485,0.1622138841294057,0.1622138841294064,0.1622138841294057,0.16221388412940524,0.1622138841294057,0.1622138841294064,0.16070106723457145,0.16070106723456903,0.16070106723456767,0.16070106723456903,0.16070106723457145,0.16070106723456903,0.16070106723456656,0.16070106723456504,0.16070106723456656,0.16070106723456903,0.16070106723456767,0.16070106723456504,0.16070106723456348,0.16070106723456504,0.16070106723456767,0.16070106723456903,0.16070106723456656,0.16070106723456504,0.16070106723456656,0.16070106723456903,0.16070106723457145,0.16070106723456903,0.16070106723456767,0.16070106723456903,0.16070106723457145,0.15921845160363707,0.15921845160362966,0.1592184516036251,0.15921845160362966,0.15921845160363707,0.15921845160362966,0.15921845160362186,0.15921845160361706,0.15921845160362186,0.15921845160362966,0.1592184516036251,0.15921845160361706,0.1592184516036118,0.15921845160361706,0.1592184516036251,0.15921845160362966,0.15921845160362186,0.15921845160361706,0.15921845160362186,0.15921845160362966,0.15921845160363707,0.15921845160362966,0.1592184516036251,0.15921845160362966,0.15921845160363707,0.15776544638138057,0.15776544638135817,0.15776544638134385,0.15776544638135817,0.15776544638138057,0.15776544638135817,0.15776544638133363,0.15776544638131784,0.15776544638133363,0.15776544638135817,0.15776544638134385,0.15776544638131784,0.157765446381301,0.15776544638131784,0.15776544638134385,0.15776544638135817,0.15776544638133363,0.15776544638131784,0.15776544638133363,0.15776544638135817,0.15776544638138057,0.15776544638135817,0.15776544638134385,0.15776544638135817,0.15776544638138057,0.1563414626967118,0.15634146269664448,0.15634146269660099,0.15634146269664448,0.1563414626967118,0.15634146269664448,0.15634146269656796,0.15634146269651691,0.15634146269656796,0.15634146269664448,0.15634146269660099,0.15634146269651691,0.15634146269646026,0.15634146269651691,0.15634146269660099,0.15634146269664448,0.15634146269656796,0.15634146269651691,0.15634146269656796,0.15634146269664448,0.1563414626967118,0.15634146269664448,0.15634146269660099,0.15634146269664448,0.1563414626967118,0.15494591474977393,0.1549459147495772,0.1549459147494452,0.1549459147495772,0.15494591474977393,0.1549459147495772,0.15494591474933947,0.15494591474917205,0.15494591474933947,0.1549459147495772,0.1549459147494452,0.15494591474917205,0.15494591474897407,0.15494591474917205,0.1549459147494452,0.1549459147495772,0.15494591474933947,0.15494591474917205,0.15494591474933947,0.1549459147495772,0.15494591474977393,0.1549459147495772,0.1549459147494452,0.1549459147495772,0.15494591474977412,0.15357822078156488,0.15357822078100755,0.15357822078061573,0.15357822078100755,0.15357822078156488,0.15357822078100755,0.1535782207802807,0.1535782207797296,0.1535782207802807,0.15357822078100755,0.15357822078061573,0.1535782207797296,0.1535782207790216,0.1535782207797296,0.15357822078061573,0.15357822078100755,0.1535782207802807,0.1535782207797296,0.1535782207802807,0.15357822078100755,0.15357822078156488,0.15357822078100755,0.15357822078061573,0.15357822078100755,0.15357822078156488,0.15223780393534223,0.15223780393384567,0.15223780393271344,0.15223780393384567,0.15223780393534223,0.15223780393384567,0.15223780393168534,0.15223780392984235,0.15223780393168534,0.15223780393384567,0.15223780393271344,0.15223780392984235,0.15223780392709488,0.15223780392984235,0.15223780393271344,0.15223780393384567,0.15223780393168534,0.15223780392984235,0.15223780393168534,0.15223780393384567,0.15223780393534223,0.15223780393384567,0.15223780393271344,0.15223780393384567,0.15223780393534223,0.15092409301865936,0.15092409301496784,0.1509240930118516,0.15092409301496784,0.15092409301865936,0.15092409301496784,0.1509240930088681,0.1509240930026005,0.1509240930088681,0.15092409301496784,0.1509240930118516,0.1509240930026005,0.15092409299074191,0.1509240930026005,0.1509240930118516,0.15092409301496784,0.1509240930088681,0.1509240930026005,0.1509240930088681,0.15092409301496784,0.15092409301865936,0.15092409301496784,0.1509240930118516,0.15092409301496784,0.15092409301865936,0.1496365231743724,0.14963652316652673,0.1496365231587996,0.14963652316652673,0.1496365231743724,0.14963652316652673,0.14963652315103132,0.1496365231302088,0.14963652315103132,0.14963652316652673,0.1496365231587996,0.1496365231302088,0.14963652307233197,0.1496365231302088,0.1496365231587996,0.14963652316652673,0.14963652315103132,0.1496365231302088,0.14963652315103132,0.14963652316652673,0.1496365231743724,0.14963652316652673,0.1496365231587996,0.14963652316652673,0.1496365231743724,0.14837453646756357,0.14837453645517243,0.14837453644044243,0.14837453645517243,0.14837453646756357,0.14837453645517243,0.1483745364252172,0.14837453636649375,0.1483745364252172,0.14837453645517243,0.14837453644044243,0.14837453636649375,0.14837453604704784,0.14837453636649375,0.14837453644044243,0.14837453645517243,0.1483745364252172,0.14837453636649375,0.1483745364252172,0.14837453645517243,0.14837453646756357,0.14837453645517243,0.14837453644044243,0.14837453645517243,0.14837453646756357,0.14713758239068955,0.14713758238145214,0.14713758237222813,0.14713758238145214,0.14713758239068955,0.14713758238145214,0.14713758236293,0.14713758233705077,0.14713758236293,0.14713758238145214,0.14713758237222813,0.14713758233705077,0.1471375822557084,0.14713758233705077,0.14713758237222813,0.14713758238145214,0.14713758236293,0.14713758233705077,0.14713758236293,0.14713758238145214,0.14713758239068955,0.14713758238145214,0.14713758237222813,0.14713758238145214,0.14713758239068955,0.1459251182846812,0.1459251182786694,0.14592511827318094,0.1459251182786694,0.1459251182846812,0.1459251182786694,0.14592511826780216,0.14592511825421764,0.14592511826780216,0.1459251182786694,0.14592511827318094,0.14592511825421764,0.1459251182121069,0.14592511825421764,0.14592511827318094,0.1459251182786694,0.14592511826780216,0.14592511825421764,0.14592511826780216,0.1459251182786694,0.1459251182846812,0.1459251182786694,0.14592511827318094,0.1459251182786694,0.1459251182846812,0.14473660972795524,0.14473660972347158,0.1447366097193283,0.14473660972347158,0.14473660972795524,0.14473660972347158,0.1447366097152798,0.14473660970436938,0.1447366097152798,0.14473660972347158,0.1447366097193283,0.14473660970436938,0.1447366096654535,0.14473660970436938,0.1447366097193283,0.14473660972347158,0.1447366097152798,0.14473660970436938,0.1447366097152798,0.14473660972347158,0.14473660972795524,0.14473660972347158,0.1447366097193283,0.14473660972347158,0.14473660972795524,0.14357153085484048,0.1435715308507488,0.14357153084674615,0.1435715308507488,0.14357153085484048,0.1435715308507488,0.14357153084276625,0.1435715308311615,0.14357153084276625,0.1435715308507488,0.14357153084674615,0.1435715308311615,0.14357153078607787,0.1435715308311615,0.14357153084674615,0.1435715308507488,0.14357153084276625,0.1435715308311615,0.14357153084276625,0.1435715308507488,0.14357153085484048,0.1435715308507488,0.14357153084674615,0.1435715308507488,0.14357153085484048,0.14242936461583808,0.14242936461184139,0.14242936460765313,0.14242936461184139,0.14242936461583808,0.14242936461184139,0.14242936460339356,0.14242936459009334,0.14242936460339356,0.14242936461184139,0.14242936460765313,0.14242936459009334,0.14242936453509805,0.14242936459009334,0.14242936460765313,0.14242936461184139,0.14242936460339356,0.14242936459009334,0.14242936460339356,0.14242936461184139,0.14242936461583808,0.14242936461184139,0.14242936460765313,0.14242936461184139,0.14242936461583808,0.14130960298879533,0.1413096029855596,0.14130960298174253,0.1413096029855596,0.14130960298879533,0.1413096029855596,0.14130960297773548,0.1413096029638488,0.14130960297773548,0.1413096029855596,0.14130960298174253,0.1413096029638488,0.14130960290126235,0.1413096029638488,0.14130960298174253,0.1413096029855596,0.14130960297773548,0.1413096029638488,0.14130960297773548,0.1413096029855596,0.14130960298879533,0.1413096029855596,0.14130960298174253,0.1413096029855596,0.14130960298879533,0.14021174714583498,0.1402117471453654,0.14021174714383755,0.1402117471453654,0.14021174714583498,0.1402117471453654,0.14021174714201007,0.1402117471324605,0.14021174714201007,0.1402117471453654,0.14021174714383755,0.1402117471324605,0.14021174707608616,0.1402117471324605,0.14021174714383755,0.1402117471453654,0.14021174714201007,0.1402117471324605,0.14021174714201007,0.1402117471453654,0.14021174714583498,0.1402117471453654,0.14021174714383755,0.1402117471453654,0.14021174714583498,0.1391353075797012,0.13913530758561965,0.1391353075904441,0.13913530758561965,0.1391353075797012,0.13913530758561965,0.13913530759502207,0.13913530760379508,0.13913530759502207,0.13913530758561965,0.1391353075904441,0.13913530760379508,0.13913530761741627,0.13913530760379508,0.1391353075904441,0.13913530758561965,0.13913530759502207,0.13913530760379508,0.13913530759502207,0.13913530758561965,0.1391353075797012,0.13913530758561965,0.1391353075904441,0.13913530758561965,0.1391353075797012,0.13807980419357663,0.13807980420960853,0.13807980422562263,0.13807980420960853,0.13807980419357663,0.13807980420960853,0.13807980424181004,0.13807980428567326,0.13807980424181004,0.13807980420960853,0.13807980422562263,0.13807980428567326,0.13807980440856263,0.13807980428567326,0.13807980422562263,0.13807980420960853,0.13807980424181004,0.13807980428567326,0.13807980424181004,0.13807980420960853,0.13807980419357663,0.13807980420960853,0.13807980422562263,0.13807980420960853,0.13807980419357663,0.13704476636162322,0.1370447663877779,0.1370447664194235,0.1370447663877779,0.13704476636162322,0.1370447663877779,0.13704476645222247,0.13704476658139159,0.13704476645222247,0.1370447663877779,0.1370447664194235,0.13704476658139159,0.13704476729667542,0.13704476658139159,0.1370447664194235,0.1370447663877779,0.13704476645222247,0.13704476658139159,0.13704476645222247,0.1370447663877779,0.13704476636162322,0.1370447663877779,0.1370447664194235,0.1370447663877779,0.13704476636162322,0.1360297329683131,0.13602973298654092,0.13602973300436794,0.13602973298654092,0.1360297329683131,0.13602973298654092,0.13602973302224533,0.1360297330699413,0.13602973302224533,0.13602973298654092,0.13602973300436794,0.1360297330699413,0.13602973320219622,0.1360297330699413,0.13602973300436794,0.13602973298654092,0.13602973302224533,0.1360297330699413,0.13602973302224533,0.13602973298654092,0.1360297329683131,0.13602973298654092,0.13602973300436794,0.13602973298654092,0.1360297329683131,0.13503425245136091,0.13503425246276976,0.1350342524721833,0.13503425246276976,0.13503425245136091,0.13503425246276976,0.13503425248111367,0.13503425249928827,0.13503425248111384,0.13503425246276976,0.1350342524721833,0.13503425249928827,0.13503425253231763,0.13503425249928827,0.1350342524721833,0.13503425246276976,0.13503425248111384,0.13503425249928827,0.13503425248111367,0.13503425246276976,0.13503425245136091,0.13503425246276976,0.1350342524721833,0.13503425246276976,0.13503425245136091
0.1653324876351028,0.1653324876351028,0.16533248763510258,0.1653324876351028,0.1653324876351028,0.1653324876351028,0.16533248763510258,0.16533248763510258,0.16533248763510258,0.1653324876351028,0.16533248763510258,0.16533248763510258,0.16533248763510258,0.16533248763510258,0.16533248763510258,0.1653324876351028,0.16533248763510258,0.16533248763510258,0.16533248763510258,0.1653324876351028,0.1653324876351028,0.1653324876351028,0.16533248763510258,0.1653324876351028,0.1653324876351028,0.16375749391934893,0.1637574939193485,0.1637574939193485,0.1637574939193485,0.16375749391934893,0.1637574939193485,0.16375749391934824,0.16375749391934824,0.16375749391934824,0.1637574939193485,0.1637574939193485,0.16375749391934824,0.163757493919348,0.16375749391934824,0.1637574939193485,0.1637574939193485,0.16375749391934824,0.16375749391934824,0.16375749391934824,0.1637574939193485,0.16375749391934893,0.1637574939193485,0.1637574939193485,0.1637574939193485,0.16375749391934893,0.162213884135475,0.16221388413547408,0.16221388413547363,0.16221388413547408,0.162213884135475,0.16221388413547408,0.1622138841354734,0.16221388413547294,0.1622138841354734,0.16221388413547408,0.16221388413547363,0.16221388413547294,0.1622138841354725,0.16221388413547294,0.16221388413547363,0.16221388413547408,0.1622138841354734,0.16221388413547294,0.1622138841354734,0.16221388413547408,0.162213884135475,0.16221388413547408,0.16221388413547363,0.16221388413547408,0.162213884135475,0.16070106724052316,0.16070106724052094,0.16070106724051939,0.16070106724052094,0.16070106724052316,0.16070106724052094,0.1607010672405185,0.16070106724051691,0.1607010672405185,0.16070106724052094,0.16070106724051939,0.16070106724051691,0.1607010672405154,0.16070106724051691,0.16070106724051939,0.16070106724052094,0.1607010672405185,0.16070106724051691,0.1607010672405185,0.16070106724052094,0.16070106724052316,0.16070106724052094,0.16070106724051939,0.16070106724052094,0.16070106724052316,0.15921845160947581,0.15921845160946863,0.15921845160946402,0.15921845160946863,0.15921845160947581,0.15921845160946863,0.159218451609461,0.15921845160945622,0.159218451609461,0.15921845160946863,0.15921845160946402,0.15921845160945622,0.15921845160945142,0.15921845160945622,0.15921845160946402,0.15921845160946863,0.159218451609461,0.15921845160945622,0.159218451609461,0.15921845160946863,0.15921845160947581,0.15921845160946863,0.15921845160946402,0.15921845160946863,0.15921845160947581,0.1577654463871093,0.15776544638708773,0.15776544638707388,0.15776544638708773,0.1577654463871093,0.15776544638708773,0.15776544638706408,0.15776544638704892,0.15776544638706408,0.15776544638708773,0.15776544638707388,0.15776544638704892,0.1577654463870327,0.15776544638704892,0.15776544638707388,0.15776544638708773,0.15776544638706408,0.15776544638704892,0.15776544638706408,0.15776544638708773,0.1577654463871093,0.15776544638708773,0.15776544638707388,0.15776544638708773,0.1577654463871093,0.1563414627023324,0.15634146270226779,0.15634146270222574,0.15634146270226779,0.1563414627023324,0.15634146270226779,0.15634146270219396,0.15634146270214483,0.15634146270219396,0.15634146270226779,0.15634146270222574,0.15634146270214483,0.15634146270209048,0.15634146270214483,0.15634146270222574,0.15634146270226779,0.15634146270219396,0.15634146270214483,0.15634146270219396,0.15634146270226779,0.1563414627023324,0.15634146270226779,0.15634146270222574,0.15634146270226779,0.1563414627023324,0.15494591475528535,0.1549459147550956,0.15494591475496833,0.1549459147550956,0.15494591475528535,0.1549459147550956,0.1549459147548665,0.1549459147547054,0.1549459147548665,0.1549459147550956,0.15494591475496833,0.1549459147547054,0.15494591475451483,0.1549459147547054,0.15494591475496833,0.1549459147550956,0.1549459147548665,0.1549459147547054,0.1549459147548665,0.1549459147550956,0.15494591475528535,0.1549459147550956,0.15494591475496833,0.1549459147550956,0.15494591475528535,0.15357822078695574,0.15357822078641808,0.15357822078604008,0.15357822078641808,0.15357822078695574,0.15357822078641808,0.15357822078571753,0.15357822078518651,0.15357822078571753,0.15357822078641808,0.15357822078604008,0.15357822078518651,0.15357822078450464,0.15357822078518651,0.15357822078604008,0.15357822078641808,0.15357822078571753,0.15357822078518651,0.15357822078571753,0.15357822078641808,0.15357822078695574,0.15357822078641808,0.15357822078604008,0.15357822078641808,0.15357822078695574,0.15223780394057462,0.15223780393913022,0.15223780393803812,0.15223780393913022,0.15223780394057462,0.15223780393913022,0.15223780393704706,0.15223780393527137,0.15223780393704706,0.15223780393913022,0.15223780393803812,0.15223780393527137,0.15223780393262645,0.15223780393527137,0.15223780393803812,0.15223780393913022,0.15223780393704706,0.15223780393527137,0.15223780393704706,0.15223780393913022,0.15223780394057462,0.15223780393913022,0.15223780393803812,0.15223780393913022,0.15223780394057462,0.15092409302362764,0.15092409302006207,0.15092409301705503,0.15092409302006207,0.15092409302362764,0.15092409302006207,0.15092409301417745,0.15092409300813944,0.15092409301417745,0.15092409302006207,0.15092409301705503,0.15092409300813944,0.15092409299673035,0.15092409300813944,0.15092409301705503,0.15092409302006207,0.15092409301417745,0.15092409300813944,0.15092409301417745,0.15092409302006207,0.15092409302362764,0.15092409302006207,0.15092409301705503,0.15092409302006207,0.15092409302362764,0.1496365231788164,0.14963652317122603,0.14963652316376308,0.14963652317122603,0.1496365231788164,0.14963652317122603,0.1496365231562642,0.1496365231362024,0.1496365231562642,0.14963652317122603,0.14963652316376308,0.1496365231362024,0.14963652308055184,0.1496365231362024,0.14963652316376308,0.14963652317122603,0.1496365231562642,0.1496365231362024,0.1496365231562642,0.14963652317122603,0.1496365231788164,0.14963652317122603,0.14963652316376308,0.14963652317122603,0.1496365231788164,0.1483745364709507,0.14837453645891333,0.14837453644464715,0.14837453645891333,0.1483745364709507,0.14837453645891333,0.14837453642990864,0.14837453637327236,0.14837453642990864,0.14837453645891333,0.14837453644464715,0.14837453637327236,0.14837453606627266,0.14837453637327236,0.14837453644464715,0.14837453645891333,0.14837453642990864,0.14837453637327236,0.14837453642990864,0.14837453645891333,0.1483745364709507,0.14837453645891333,0.14837453644464715,0.14837453645891333,0.1483745364709507,0.1471375823922756,0.14713758238312627,0.1471375823739633,0.14713758238312627,0.1471375823922756,0.14713758238312627,0.1471375823647235,0.14713758233879304,0.1471375823647235,0.14713758238312627,0.1471375823739633,0.14713758233879304,0.14713758225544424,0.14713758233879304,0.1471375823739633,0.14713758238312627,0.1471375823647235,0.14713758233879304,0.1471375823647235,0.14713758238312627,0.1471375823922756,0.14713758238312627,0.1471375823739633,0.14713758238312627,0.1471375823922756,0.1459251182842592,0.1459251182781539,0.1459251182725326,0.1459251182781539,0.1459251182842592,0.1459251182781539,0.14592511826701118,0.14592511825282875,0.14592511826701118,0.1459251182781539,0.1459251182725326,0.14592511825282875,0.14592511820754883,0.14592511825282875,0.1459251182725326,0.1459251182781539,0.14592511826701118,0.14592511825282875,0.14592511826701118,0.1459251182781539,0.1459251182842592,0.1459251182781539,0.1459251182725326,0.1459251182781539,0.1459251182842592,0.1447366097256903,0.14473660972106123,0.14473660971675334,0.14473660972106123,0.1447366097256903,0.14473660972106123,0.14473660971253394,0.14473660970105226,0.14473660971253394,0.14473660972106123,0.14473660971675334,0.14473660970105226,0.14473660965965895,0.14473660970105226,0.14473660971675334,0.14473660972106123,0.14473660971253394,0.14473660970105226,0.14473660971253394,0.14473660972106123,0.1447366097256903,0.14473660972106123,0.14473660971675334,0.14473660972106123,0.1447366097256903,0.14357153085100582,0.1435715308467826,0.1435715308426432,0.1435715308467826,0.14357153085100582,0.1435715308467826,0.14357153083852436,0.14357153082649407,0.14357153083852436,0.1435715308467826,0.1435715308426432,0.14357153082649407,0.14357153077969606,0.14357153082649407,0.1435715308426432,0.1435715308467826,0.14357153083852436,0.14357153082649407,0.14357153083852436,0.1435715308467826,0.14357153085100582,0.1435715308467826,0.1435715308426432,0.1435715308467826,0.14357153085100582,0.14242936461068087,0.1424293646065849,0.14242936460229866,0.1424293646065849,0.14242936461068087,0.1424293646065849,0.1424293645979413,0.14242936458435773,0.1424293645979413,0.1424293646065849,0.14242936460229866,0.14242936458435773,0.14242936452829605,0.14242936458435773,0.14242936460229866,0.1424293646065849,0.1424293645979413,0.14242936458435773,0.1424293645979413,0.1424293646065849,0.14242936461068087,0.1424293646065849,0.14242936460229866,0.1424293646065849,0.14242936461068087,0.14130960298249923,0.14130960297919132,0.14130960297530681,0.14130960297919132,0.14130960298249923,0.14130960297919132,0.14130960297123335,0.14130960295716327,0.14130960297123335,0.14130960297919132,0.14130960297530681,0.14130960295716327,0.14130960289391928,0.14130960295716327,0.14130960297530681,0.14130960297919132,0.14130960297123335,0.14130960295716327,0.14130960297123335,0.14130960297919132,0.14130960298249923,0.14130960297919132,0.14130960297530681,0.14130960297919132,0.14130960298249923,0.1402117471385283,0.1402117471379989,0.14021174713641815,0.1402117471379989,0.1402117471385283,0.1402117471379989,0.14021174713454002,0.14021174712486065,0.14021174713454002,0.1402117471379989,0.14021174713641815,0.14021174712486065,0.14021174706804207,0.14021174712486065,0.14021174713641815,0.1402117471379989,0.14021174713454002,0.14021174712486065,0.14021174713454002,0.1402117471379989,0.1402117471385283,0.1402117471379989,0.14021174713641815,0.1402117471379989,0.1402117471385283,0.13913530757148712,0.13913530757733458,0.13913530758209897,0.13913530757733458,0.13913530757148712,0.13913530757733458,0.13913530758661954,0.13913530759527096,0.13913530758661954,0.13913530757733458,0.13913530758209897,0.13913530759527096,0.13913530760865067,0.13913530759527096,0.13913530758209897,0.13913530757733458,0.13913530758661954,0.13913530759527096,0.13913530758661954,0.13913530757733458,0.13913530757148712,0.13913530757733458,0.13913530758209897,0.13913530757733458,0.13913530757148712,0.13807980418458257,0.13807980420049507,0.13807980421639288,0.13807980420049507,0.13807980418458257,0.13807980420049507,0.13807980423246383,0.13807980427601885,0.13807980423246383,0.13807980420049507,0.13807980421639288,0.13807980427601885,0.1380798043980662,0.13807980427601885,0.13807980421639288,0.13807980420049507,0.13807980423246383,0.13807980427601885,0.13807980423246383,0.13807980420049507,0.13807980418458257,0.13807980420049507,0.13807980421639288,0.13807980420049507,0.13807980418458257,0.13704476635207724,0.13704476637805418,0.1370447664094874,0.13704476637805418,0.13704476635207724,0.13704476637805418,0.1370447664420668,0.13704476657037887,0.1370447664420668,0.13704476637805418,0.1370447664094874,0.13704476657037887,0.13704476728095463,0.13704476657037887,0.1370447664094874,0.13704476637805418,0.1370447664420668,0.13704476657037887,0.1370447664420668,0.13704476637805418,0.13704476635207724,0.13704476637805418,0.1370447664094874,0.13704476637805418,0.13704476635207724,0.13602973295856588,0.13602973297667142,0.13602973299437957,0.13602973297667142,0.13602973295856588,0.13602973297667142,0.136029733012138,0.13602973305951774,0.136029733012138,0.13602973297667142,0.13602973299437957,0.13602973305951774,0.1360297331908986,0.13602973305951774,0.13602973299437957,0.13602973297667142,0.136029733012138,0.13602973305951774,0.136029733012138,0.13602973297667142,0.13602973295856588,0.13602973297667142,0.13602973299437957,0.13602973297667142,0.13602973295856588,0.13503425244165226,0.13503425245298478,0.13503425246233575,0.13503425245298478,0.13503425244165226,0.13503425245298478,0.13503425247120684,0.1350342524892608,0.13503425247120684,0.13503425245298478,0.13503425246233575,0.1350342524892608,0.13503425252207155,0.1350342524892608,0.13503425246233575,0.13503425245298478,0.13503425247120684,0.1350342524892608,0.13503425247120684,0.13503425245298478,0.13503425244165226,0.13503425245298478,0.13503425246233575,0.13503425245298478,0.13503425244165226
0.16533248764162078,0.16533248764162056,0.16533248764162056,0.16533248764162056,0.16533248764162078,0.16533248764162056,0.16533248764162056,0.16533248764162056,0.16533248764162056,0.16533248764162056,0.16533248764162056,0.16533248764162056,0.16533248764162034,0.16533248764162056,0.16533248764162056,0.16533248764162056,0.16533248764162056,0.16533248764162056,0.16533248764162056,0.16533248764162056,0.16533248764162078,0.16533248764162056,0.16533248764162056,0.16533248764162056,0.16533248764162078,0.1637574939257385,0.16375749392573827,0.16375749392573827,0.16375749392573827,0.1637574939257385,0.16375749392573827,0.16375749392573805,0.16375749392573805,0.16375749392573805,0.16375749392573827,0.16375749392573827,0.16375749392573805,0.1637574939257378,0.16375749392573805,0.16375749392573827,0.16375749392573827,0.16375749392573805,0.16375749392573805,0.16375749392573805,0.16375749392573827,0.1637574939257385,0.16375749392573827,0.16375749392573827,0.16375749392573827,0.1637574939257385,0.16221388414174034,0.16221388414173943,0.1622138841417392,0.16221388414173943,0.16221388414174034,0.16221388414173943,0.16221388414173876,0.1622138841417383,0.16221388414173876,0.16221388414173943,0.1622138841417392,0.1622138841417383,0.16221388414173787,0.1622138841417383,0.16221388414173898,0.16221388414173943,0.16221388414173876,0.1622138841417383,0.16221388414173876,0.16221388414173943,0.16221388414174034,0.16221388414173943,0.16221388414173898,0.16221388414173943,0.16221388414174034,0.1607010672466679,0.1607010672466657,0.16070106724666436,0.1607010672466657,0.1607010672466679,0.1607010672466657,0.16070106724666347,0.16070106724666192,0.16070106724666347,0.1607010672466657,0.16070106724666436,0.16070106724666192,0.16070106724666036,0.16070106724666192,0.16070106724666436,0.1607010672466657,0.16070106724666347,0.16070106724666192,0.16070106724666347,0.1607010672466657,0.1607010672466679,0.1607010672466657,0.16070106724666436,0.1607010672466657,0.1607010672466679,0.1592184516155033,0.15921845161549655,0.1592184516154922,0.15921845161549655,0.1592184516155033,0.15921845161549655,0.15921845161548914,0.15921845161548456,0.15921845161548914,0.15921845161549655,0.1592184516154922,0.15921845161548456,0.1592184516154798,0.15921845161548456,0.1592184516154922,0.15921845161549655,0.15921845161548914,0.15921845161548456,0.15921845161548914,0.15921845161549655,0.1592184516155033,0.15921845161549655,0.1592184516154922,0.15921845161549655,0.1592184516155033,0.15776544639302303,0.1577654463930023,0.1577654463929891,0.1577654463930023,0.15776544639302303,0.1577654463930023,0.15776544639297946,0.15776544639296497,0.15776544639297946,0.1577654463930023,0.1577654463929891,0.15776544639296497,0.1577654463929494,0.15776544639296497,0.1577654463929891,0.1577654463930023,0.15776544639297946,0.15776544639296497,0.15776544639297946,0.1577654463930023,0.15776544639302303,0.1577654463930023,0.1577654463929891,0.1577654463930023,0.15776544639302303,0.1563414627081343,0.15634146270807217,0.1563414627080316,0.15634146270807217,0.1563414627081343,0.15634146270807217,0.15634146270800128,0.1563414627079542,0.15634146270800128,0.15634146270807217,0.1563414627080316,0.1563414627079542,0.15634146270790172,0.1563414627079542,0.1563414627080316,0.15634146270807217,0.15634146270800128,0.1563414627079542,0.15634146270800128,0.15634146270807217,0.1563414627081343,0.15634146270807217,0.1563414627080316,0.15634146270807217,0.1563414627081343,0.15494591476097386,0.15494591476079148,0.15494591476066913,0.15494591476079148,0.15494591476097386,0.15494591476079148,0.15494591476057137,0.15494591476041666,0.15494591476057137,0.15494591476079148,0.15494591476066913,0.15494591476041666,0.15494591476023367,0.15494591476041666,0.15494591476066913,0.15494591476079148,0.15494591476057137,0.15494591476041666,0.15494591476057137,0.15494591476079148,0.15494591476097386,0.15494591476079148,0.15494591476066913,0.15494591476079148,0.15494591476097386,0.1535782207925191,0.15357822079200192,0.15357822079163838,0.15357822079200192,0.1535782207925191,0.15357822079200192,0.1535782207913287,0.15357822079081815,0.1535782207913287,0.15357822079200192,0.15357822079163838,0.15357822079081815,0.1535782207901632,0.15357822079081815,0.15357822079163838,0.15357822079200192,0.1535782207913287,0.15357822079081815,0.1535782207913287,0.15357822079200192,0.1535782207925191,0.15357822079200192,0.15357822079163838,0.15357822079200192,0.1535782207925191,0.15223780394597392,0.15223780394458347,0.15223780394353273,0.15223780394458347,0.15223780394597392,0.15223780394458347,0.15223780394258002,0.15223780394087383,0.15223780394258002,0.15223780394458347,0.15223780394353273,0.15223780394087383,0.15223780393833497,0.15223780394087383,0.15223780394353273,0.15223780394458347,0.15223780394258002,0.15223780394087383,0.15223780394258002,0.15223780394458347,0.15223780394597392,0.15223780394458347,0.15223780394353273,0.15223780394458347,0.15223780394597392,0.15092409302875331,0.1509240930253178,0.1509240930224236,0.1509240930253178,0.15092409302875331,0.1509240930253178,0.1509240930196558,0.1509240930138549,0.1509240930196558,0.1509240930253178,0.1509240930224236,0.1509240930138549,0.15092409300291054,0.1509240930138549,0.1509240930224236,0.1509240930253178,0.1509240930196558,0.1509240930138549,0.1509240930196558,0.1509240930253178,0.15092409302875331,0.1509240930253178,0.1509240930224236,0.1509240930253178,0.15092409302875331,0.14963652318339962,0.14963652317607318,0.1496365231688833,0.14963652317607318,0.14963652318339962,0.14963652317607318,0.14963652316166293,0.14963652314238732,0.14963652316166293,0.14963652317607318,0.1496365231688833,0.14963652314238732,0.14963652308903733,0.14963652314238732,0.1496365231688833,0.14963652317607318,0.14963652316166293,0.14963652314238732,0.14963652316166293,0.14963652317607318,0.14963652318339962,0.14963652317607318,0.1496365231688833,0.14963652317607318,0.14963652318339962,0.14837453647444115,0.1483745364627693,0.1483745364489826,0.1483745364627693,0.14837453647444115,0.1483745364627693,0.14837453643474705,0.148374536380268,0.14837453643474705,0.1483745364627693,0.1483745364489826,0.148374536380268,0.14837453608612372,0.148374536380268,0.1483745364489826,0.1483745364627693,0.14837453643474705,0.148374536380268,0.14837453643474705,0.1483745364627693,0.14837453647444115,0.1483745364627693,0.1483745364489826,0.1483745364627693,0.14837453647444115,0.14713758239390362,0.14713758238484567,0.1471375823757459,0.14713758238484567,0.14713758239390362,0.14713758238484567,0.14713758236656624,0.14713758234058347,0.14713758236656624,0.14713758238484567,0.1471375823757459,0.14713758234058347,0.14713758225516213,0.14713758234058347,0.1471375823757459,0.14713758238484567,0.14713758236656624,0.14713758234058347,0.14713758236656624,0.14713758238484567,0.14713758239390362,0.14713758238484567,0.1471375823757459,0.14713758238484567,0.14713758239390362,0.1459251182838112,0.1459251182776092,0.14592511827185026,0.1459251182776092,0.1459251182838112,0.1459251182776092,0.14592511826618124,0.14592511825138074,0.14592511826618124,0.1459251182776092,0.14592511827185026,0.14592511825138074,0.14592511820285736,0.14592511825138074,0.14592511827185026,0.1459251182776092,0.14592511826618124,0.14592511825138074,0.14592511826618124,0.1459251182776092,0.1459251182838112,0.1459251182776092,0.14592511827185026,0.1459251182776092,0.1459251182838112,0.14473660972333735,0.14473660971855765,0.14473660971407906,0.14473660971855765,0.14473660972333735,0.14473660971855765,0.14473660970968266,0.1447366096976089,0.14473660970968266,0.14473660971855765,0.14473660971407906,0.1447366096976089,0.14473660965362564,0.1447366096976089,0.14473660971407906,0.14473660971855765,0.14473660970968266,0.1447366096976089,0.14473660970968266,0.14473660971855765,0.14473660972333735,0.14473660971855765,0.14473660971407906,0.14473660971855765,0.14473660972333735,0.1435715308470314,0.14357153084267144,0.14357153083838983,0.14357153084267144,0.1435715308470314,0.14357153084267144,0.1435715308341264,0.14357153082165397,0.1435715308341264,0.14357153084267144,0.14357153083838983,0.14357153082165397,0.14357153077309778,0.14357153082165397,0.14357153083838983,0.14357153084267144,0.1435715308341264,0.14357153082165397,0.1435715308341264,0.14357153084267144,0.1435715308470314,0.14357153084267144,0.14357153083838983,0.14357153084267144,0.1435715308470314,0.1424293646053427,0.1424293646011425,0.14242936459675395,0.1424293646011425,0.1424293646053427,0.1424293646011425,0.14242936459229444,0.14242936457841396,0.14242936459229444,0.1424293646011425,0.14242936459675395,0.14242936457841396,0.14242936452121657,0.14242936457841396,0.14242936459675395,0.1424293646011425,0.14242936459229444,0.14242936457841396,0.14242936459229444,0.1424293646011425,0.1424293646053427,0.1424293646011425,0.14242936459675395,0.1424293646011425,0.1424293646053427,0.14130960297598888,0.14130960297260514,0.14130960296864925,0.14130960297260514,0.14130960297598888,0.14130960297260514,0.14130960296450584,0.14130960295024156,0.14130960296450584,0.14130960297260514,0.14130960296864925,0.14130960295024156,0.14130960288627475,0.14130960295024156,0.14130960296864925,0.14130960297260514,0.14130960296450584,0.14130960295024156,0.14130960296450584,0.14130960297260514,0.14130960297598888,0.14130960297260514,0.14130960296864925,0.14130960297260514,0.14130960297598888,0.14021174713098133,0.14021174713038906,0.14021174712875267,0.14021174713038906,0.14021174713098133,0.14021174713038906,0.140211747126821,0.14021174711700266,0.140211747126821,0.14021174713038906,0.14021174712875267,0.14021174711700266,0.14021174705970452,0.14021174711700266,0.14021174712875267,0.14021174713038906,0.140211747126821,0.14021174711700266,0.140211747126821,0.14021174713038906,0.14021174713098133,0.14021174713038906,0.14021174712875267,0.14021174713038906,0.14021174713098133,0.13913530756301265,0.1391353075687866,0.139135307573489,0.1391353075687866,0.13913530756301265,0.1391353075687866,0.13913530757795012,0.1391353075864755,0.13913530757795012,0.1391353075687866,0.139135307573489,0.1391353075864755,0.13913530759960338,0.1391353075864755,0.139135307573489,0.1391353075687866,0.13913530757795012,0.1391353075864755,0.13913530757795012,0.1391353075687866,0.13913530756301265,0.1391353075687866,0.139135307573489,0.1391353075687866,0.13913530756301265,0.13807980417531246,0.13807980419110266,0.13807980420688154,0.13807980419110266,0.13807980417531246,0.13807980419110266,0.1380798042228333,0.13807980426607339,0.1380798042228333,0.13807980419110266,0.13807980420688154,0.13807980426607339,0.13807980438726042,0.13807980426607339,0.13807980420688154,0.13807980419110266,0.1380798042228333,0.13807980426607339,0.1380798042228333,0.13807980419110266,0.13807980417531246,0.13807980419110266,0.13807980420688154,0.13807980419110266,0.13807980417531246,0.1370447663422451,0.1370447663680405,0.13704476639925692,0.1370447663680405,0.1370447663422451,0.1370447663680405,0.1370447664316124,0.13704476655904974,0.1370447664316124,0.1370447663680405,0.13704476639925692,0.13704476655904974,0.137044767264813,0.13704476655904974,0.13704476639925692,0.1370447663680405,0.1370447664316124,0.13704476655904974,0.1370447664316124,0.1370447663680405,0.1370447663422451,0.1370447663680405,0.13704476639925692,0.1370447663680405,0.1370447663422451,0.13602973294852969,0.13602973296651055,0.13602973298409754,0.13602973296651055,0.13602973294852969,0.13602973296651055,0.1360297330017344,0.13602973304879162,0.1360297330017344,0.13602973296651055,0.13602973298409754,0.13602973304879162,0.13602973317928052,0.13602973304879162,0.13602973298409754,0.13602973296651055,0.1360297330017344,0.13602973304879162,0.1360297330017344,0.13602973296651055,0.13602973294852969,0.13602973296651055,0.13602973298409754,0.13602973296651055,0.13602973294852969,0.13503425243165698,0.13503425244291198,0.13503425245219886,0.13503425244291198,0.13503425243165698,0.13503425244291198,0.1350342524610095,0.1350342524789404,0.1350342524610095,0.13503425244291198,0.13503425245219886,0.1350342524789404,0.13503425251152817,0.1350342524789404,0.13503425245219886,0.13503425244291198,0.1350342524610095,0.1350342524789404,0.1350342524610095,0.13503425244291198,0.13503425243165698,0.13503425244291198,0.13503425245219886,0.13503425244291198,0.13503425243165698
0.16533248764834055,0.16533248764834055,0.1653324876483403,0.16533248764834055,0.16533248764834055,0.16533248764834055,0.1653324876483403,0.1653324876483403,0.1653324876483403,0.16533248764834055,0.1653324876483403,0.1653324876483403,0.1653324876483403,0.1653324876483403,0.1653324876483403,0.16533248764834055,0.1653324876483403,0.1653324876483403,0.1653324876483403,0.16533248764834055,0.16533248764834055,0.16533248764834055,0.1653324876483403,0.16533248764834055,0.16533248764834055,0.1637574939323263,0.16375749393232608,0.16375749393232583,0.16375749393232608,0.1637574939323263,0.16375749393232608,0.16375749393232583,0.16375749393232558,0.16375749393232583,0.16375749393232608,0.16375749393232583,0.16375749393232558,0.16375749393232536,0.16375749393232558,0.16375749393232583,0.16375749393232608,0.16375749393232583,0.16375749393232558,0.16375749393232583,0.16375749393232608,0.1637574939323263,0.16375749393232608,0.16375749393232583,0.16375749393232608,0.1637574939323263,0.1622138841481995,0.16221388414819882,0.16221388414819835,0.16221388414819882,0.1622138841481995,0.16221388414819882,0.16221388414819812,0.16221388414819768,0.16221388414819812,0.16221388414819882,0.16221388414819835,0.16221388414819768,0.1622138841481972,0.16221388414819768,0.16221388414819835,0.16221388414819882,0.16221388414819812,0.16221388414819768,0.16221388414819812,0.16221388414819882,0.1622138841481995,0.16221388414819882,0.16221388414819835,0.16221388414819882,0.1622138841481995,0.1607010672530026,0.1607010672530004,0.16070106725299904,0.1607010672530004,0.1607010672530026,0.1607010672530004,0.16070106725299815,0.16070106725299685,0.16070106725299815,0.1607010672530004,0.16070106725299904,0.16070106725299685,0.1607010672529955,0.16070106725299685,0.16070106725299904,0.1607010672530004,0.16070106725299815,0.16070106725299685,0.16070106725299815,0.1607010672530004,0.1607010672530026,0.1607010672530004,0.16070106725299904,0.1607010672530004,0.1607010672530026,0.15921845162171694,0.15921845162171042,0.15921845162170625,0.15921845162171042,0.15921845162171694,0.15921845162171042,0.15921845162170345,0.1592184516216991,0.15921845162170345,0.15921845162171042,0.15921845162170625,0.1592184516216991,0.1592184516216945,0.1592184516216991,0.15921845162170625,0.15921845162171042,0.15921845162170345,0.1592184516216991,0.15921845162170345,0.15921845162171042,0.15921845162171694,0.15921845162171042,0.15921845162170625,0.15921845162171042,0.15921845162171694,0.15776544639911894,0.1577654463990991,0.15776544639908652,0.1577654463990991,0.15776544639911894,0.1577654463990991,0.15776544639907733,0.15776544639906345,0.15776544639907733,0.1577654463990991,0.15776544639908652,0.15776544639906345,0.15776544639904855,0.15776544639906345,0.15776544639908652,0.1577654463990991,0.15776544639907733,0.15776544639906345,0.15776544639907733,0.1577654463990991,0.15776544639911894,0.1577654463990991,0.15776544639908652,0.1577654463990991,0.15776544639911894,0.15634146271411453,0.1563414627140549,0.15634146271401625,0.1563414627140549,0.15634146271411453,0.1563414627140549,0.15634146271398716,0.156341462713942,0.15634146271398716,0.1563414627140549,0.15634146271401625,0.156341462713942,0.15634146271389204,0.156341462713942,0.15634146271401625,0.1563414627140549,0.15634146271398716,0.156341462713942,0.15634146271398716,0.1563414627140549,0.15634146271411453,0.1563414627140549,0.15634146271401625,0.1563414627140549,0.15634146271411453,0.15494591476683678,0.15494591476666195,0.15494591476654454,0.15494591476666195,0.15494591476683678,0.15494591476666195,0.15494591476645106,0.15494591476630312,0.15494591476645106,0.15494591476666195,0.15494591476654454,0.15494591476630312,0.1549459147661281,0.15494591476630312,0.15494591476654454,0.15494591476666195,0.15494591476645106,0.15494591476630312,0.15494591476645106,0.15494591476666195,0.15494591476683678,0.15494591476666195,0.15494591476654454,0.15494591476666195,0.15494591476683678,0.15357822079825273,0.15357822079775668,0.15357822079740802,0.15357822079775668,0.15357822079825273,0.15357822079775668,0.15357822079711136,0.15357822079662212,0.15357822079711136,0.15357822079775668,0.15357822079740802,0.15357822079662212,0.15357822079599506,0.15357822079662212,0.15357822079740802,0.15357822079775668,0.15357822079711136,0.15357822079662212,0.15357822079711136,0.15357822079775668,0.15357822079825273,0.15357822079775668,0.15357822079740802,0.15357822079775668,0.15357822079825273,0.1522378039515376,0.15223780395020284,0.152237803949195,0.15223780395020284,0.1522378039515376,0.15223780395020284,0.15223780394828165,0.1522378039466473,0.15223780394828165,0.15223780395020284,0.152237803949195,0.1522378039466473,0.1522378039442179,0.1522378039466473,0.152237803949195,0.15223780395020284,0.15223780394828165,0.1522378039466473,0.15223780394828165,0.15223780395020284,0.1522378039515376,0.15223780395020284,0.152237803949195,0.15223780395020284,0.1522378039515376,0.1509240930340345,0.15092409303073287,0.1509240930279554,0.15092409303073287,0.1509240930340345,0.15092409303073287,0.15092409302530063,0.15092409301974472,0.15092409302530063,0.15092409303073287,0.1509240930279554,0.15092409301974472,0.1509240930092796,0.15092409301974472,0.1509240930279554,0.15092409303073287,0.15092409302530063,0.15092409301974472,0.15092409302530063,0.15092409303073287,0.1509240930340345,0.15092409303073287,0.1509240930279554,0.15092409303073287,0.1509240930340345,0.1496365231881203,0.1496365231810661,0.14963652317415796,0.1496365231810661,0.1496365231881203,0.1496365231810661,0.1496365231672252,0.14963652314876077,0.1496365231672252,0.1496365231810661,0.14963652317415796,0.14963652314876077,0.1496365230977851,0.14963652314876077,0.14963652317415796,0.1496365231810661,0.1496365231672252,0.14963652314876077,0.1496365231672252,0.1496365231810661,0.1496365231881203,0.1496365231810661,0.14963652317415796,0.1496365231810661,0.1496365231881203,0.14837453647803361,0.14837453646673887,0.14837453645344717,0.14837453646673887,0.14837453647803361,0.14837453646673887,0.14837453643973056,0.14837453638747772,0.14837453643973056,0.14837453646673887,0.14837453645344717,0.14837453638747772,0.1483745361066125,0.14837453638747772,0.14837453645344717,0.14837453646673887,0.14837453643973056,0.14837453638747772,0.14837453643973056,0.14837453646673887,0.14837453647803361,0.14837453646673887,0.14837453645344717,0.14837453646673887,0.14837453647803361,0.1471375823955736,0.14713758238660973,0.14713758237757518,0.14713758238660973,0.1471375823955736,0.14713758238660973,0.147137582368458,0.14713758234242164,0.147137582368458,0.14713758238660973,0.14713758237757518,0.14713758234242164,0.1471375822548626,0.14713758234242164,0.14713758237757518,0.14713758238660973,0.147137582368458,0.14713758234242164,0.147137582368458,0.14713758238660973,0.1471375823955736,0.14713758238660973,0.14713758237757518,0.14713758238660973,0.1471375823955736,0.14592511828333807,0.14592511827703603,0.145925118271135,0.14592511827703603,0.14592511828333807,0.14592511827703603,0.14592511826531354,0.14592511824987484,0.14592511826531354,0.14592511827703603,0.145925118271135,0.14592511824987484,0.14592511819797271,0.14592511824987484,0.145925118271135,0.14592511827703603,0.14592511826531354,0.14592511824987484,0.14592511826531354,0.14592511827703603,0.14592511828333807,0.14592511827703603,0.145925118271135,0.14592511827703603,0.14592511828333807,0.14473660972089802,0.14473660971596244,0.14473660971130722,0.14473660971596244,0.14473660972089802,0.14473660971596244,0.14473660970672755,0.14473660969404145,0.14473660970672755,0.14473660971596244,0.14473660971130722,0.14473660969404145,0.1447366096474452,0.14473660969404145,0.14473660971130722,0.14473660971596244,0.14473660970672755,0.14473660969404145,0.14473660970672755,0.14473660971596244,0.14473660972089802,0.14473660971596244,0.14473660971130722,0.14473660971596244,0.14473660972089802,0.14357153084291954,0.14357153083841756,0.14357153083398846,0.14357153083841756,0.14357153084291954,0.14357153083841756,0.14357153082957513,0.14357153081664362,0.14357153082957513,0.14357153083841756,0.14357153083398846,0.14357153081664362,0.14357153076622878,0.14357153081664362,0.14357153083398846,0.14357153083841756,0.14357153082957513,0.14357153081664362,0.14357153082957513,0.14357153083841756,0.14357153084291954,0.14357153083841756,0.14357153083398846,0.14357153083841756,0.14357153084291954,0.14242936459982566,0.1424293645955171,0.14242936459102187,0.1424293645955171,0.14242936459982566,0.1424293645955171,0.1424293645864555,0.14242936457226535,0.1424293645864555,0.1424293645955171,0.14242936459102187,0.14242936457226535,0.1424293645139036,0.14242936457226535,0.14242936459102187,0.1424293645955171,0.1424293645864555,0.14242936457226535,0.1424293645864555,0.1424293645955171,0.14242936459982566,0.1424293645955171,0.14242936459102187,0.1424293645955171,0.14242936459982566,0.14130960296926728,0.14130960296580417,0.14130960296177325,0.14130960296580417,0.14130960296926728,0.14130960296580417,0.1413096029575562,0.14130960294308684,0.1413096029575562,0.14130960296580417,0.14130960296177325,0.14130960294308684,0.14130960287834668,0.14130960294308684,0.14130960296177325,0.14130960296580417,0.1413096029575562,0.14130960294308684,0.1413096029575562,0.14130960296580417,0.14130960296926728,0.14130960296580417,0.14130960296177325,0.14130960296580417,0.14130960296926728,0.14021174712319748,0.14021174712253956,0.1402117471208445,0.14021174712253956,0.14021174712319748,0.14021174712253956,0.14021174711885642,0.14021174710889034,0.14021174711885642,0.14021174712253956,0.1402117471208445,0.14021174710889034,0.14021174705105133,0.14021174710889034,0.1402117471208445,0.14021174712253956,0.14021174711885642,0.14021174710889034,0.14021174711885642,0.14021174712253956,0.14021174712319748,0.14021174712253956,0.1402117471208445,0.14021174712253956,0.14021174712319748,0.13913530755428138,0.1391353075599794,0.13913530756461764,0.1391353075599794,0.13913530755428138,0.1391353075599794,0.13913530756901743,0.13913530757741205,0.13913530756901743,0.1391353075599794,0.13913530756461764,0.13913530757741205,0.1391353075902784,0.13913530757741205,0.13913530756461764,0.1391353075599794,0.13913530756901743,0.13913530757741205,0.13913530756901743,0.1391353075599794,0.13913530755428138,0.1391353075599794,0.13913530756461764,0.1391353075599794,0.13913530755428138,0.13807980416577015,0.1380798041814352,0.1380798041970924,0.1380798041814352,0.13807980416577015,0.1380798041814352,0.13807980421292226,0.13807980425584082,0.13807980421292226,0.1380798041814352,0.1380798041970924,0.13807980425584082,0.13807980437614956,0.13807980425584082,0.1380798041970924,0.1380798041814352,0.13807980421292226,0.13807980425584082,0.13807980421292226,0.1380798041814352,0.13807980416577015,0.1380798041814352,0.1380798041970924,0.1380798041814352,0.13807980416577015,0.13704476633213047,0.13704476635774088,0.1370447663887359,0.13704476635774088,0.13704476633213047,0.13704476635774088,0.13704476642086288,0.13704476654740852,0.13704476642086288,0.13704476635774088,0.1370447663887359,0.13704476654740852,0.13704476724824352,0.13704476654740852,0.1370447663887359,0.13704476635774088,0.13704476642086288,0.13704476654740852,0.13704476642086288,0.13704476635774088,0.13704476633213047,0.13704476635774088,0.1370447663887359,0.13704476635774088,0.13704476633213047,0.13602973293820855,0.13602973295606224,0.13602973297352525,0.13602973295606224,0.13602973293820855,0.13602973295606224,0.13602973299103854,0.13602973303776653,0.13602973299103854,0.13602973295606224,0.13602973297352525,0.13602973303776653,0.13602973316734635,0.13602973303776653,0.13602973297352525,0.13602973295606224,0.13602973299103854,0.13602973303776653,0.13602973299103854,0.13602973295606224,0.13602973293820855,0.13602973295606224,0.13602973297352525,0.13602973295606224,0.13602973293820855,0.13503425242137918,0.1350342524325549,0.1350342524417766,0.1350342524325549,0.13503425242137918,0.1350342524325549,0.13503425245052533,0.13503425246833092,0.13503425245052533,0.1350342524325549,0.1350342524417766,0.13503425246833092,0.13503425250069126,0.13503425246833092,0.1350342524417766,0.1350342524325549,0.13503425245052533,0.13503425246833092,0.13503425245052533,0.1350342524325549,0.13503425242137918,0.1350342524325549,0.1350342524417766,0.1350342524325549,0.13503425242137918
0.16533248765525946,0.16533248765525946,0.1653324876552592,0.16533248765525946,0.16533248765525946,0.16533248765525946,0.1653324876552592,0.1653324876552592,0.1653324876552592,0.16533248765525946,0.1653324876552592,0.1653324876552592,0.1653324876552592,0.1653324876552592,0.1653324876552592,0.16533248765525946,0.1653324876552592,0.1653324876552592,0.1653324876552592,0.16533248765525946,0.16533248765525946,0.16533248765525946,0.1653324876552592,0.16533248765525946,0.16533248765525946,0.16375749393910907,0.16375749393910882,0.1637574939391086,0.16375749393910882,0.16375749393910907,0.16375749393910882,0.1637574939391086,0.16375749393910838,0.1637574939391086,0.16375749393910882,0.1637574939391086,0.16375749393910838,0.16375749393910838,0.16375749393910838,0.1637574939391086,0.16375749393910882,0.1637574939391086,0.16375749393910838,0.1637574939391086,0.16375749393910882,0.16375749393910907,0.16375749393910882,0.1637574939391086,0.16375749393910882,0.16375749393910907,0.16221388415484997,0.16221388415484927,0.16221388415484883,0.16221388415484927,0.16221388415484997,0.16221388415484927,0.1622138841548486,0.16221388415484816,0.1622138841548486,0.16221388415484927,0.16221388415484883,0.16221388415484816,0.1622138841548477,0.16221388415484816,0.16221388415484883,0.16221388415484927,0.1622138841548486,0.16221388415484816,0.1622138841548486,0.16221388415484927,0.16221388415484997,0.16221388415484927,0.16221388415484883,0.16221388415484927,0.16221388415484997,0.16070106725952457,0.16070106725952235,0.16070106725952124,0.16070106725952235,0.16070106725952457,0.16070106725952235,0.16070106725952035,0.16070106725951902,0.16070106725952035,0.16070106725952235,0.16070106725952124,0.16070106725951902,0.1607010672595177,0.16070106725951902,0.16070106725952124,0.16070106725952235,0.16070106725952035,0.16070106725951902,0.16070106725952035,0.16070106725952235,0.16070106725952457,0.16070106725952235,0.16070106725952124,0.16070106725952235,0.16070106725952457,0.1592184516281141,0.1592184516281078,0.15921845162810386,0.1592184516281078,0.1592184516281141,0.1592184516281078,0.15921845162810128,0.15921845162809714,0.15921845162810128,0.1592184516281078,0.15921845162810386,0.15921845162809714,0.15921845162809278,0.15921845162809714,0.15921845162810386,0.1592184516281078,0.15921845162810128,0.15921845162809714,0.15921845162810128,0.1592184516281078,0.1592184516281141,0.1592184516281078,0.15921845162810386,0.1592184516281078,0.1592184516281141,0.15776544640539475,0.15776544640537574,0.1577654464053636,0.15776544640537574,0.15776544640539475,0.15776544640537574,0.15776544640535484,0.1577654464053416,0.15776544640535484,0.15776544640537574,0.1577654464053636,0.1577654464053416,0.15776544640532733,0.1577654464053416,0.1577654464053636,0.15776544640537574,0.15776544640535484,0.1577654464053416,0.15776544640535484,0.15776544640537574,0.15776544640539475,0.15776544640537574,0.1577654464053636,0.15776544640537574,0.15776544640539475,0.15634146272027083,0.15634146272021396,0.15634146272017696,0.15634146272021396,0.15634146272027083,0.15634146272021396,0.15634146272014915,0.15634146272010607,0.15634146272014915,0.15634146272021396,0.15634146272017696,0.15634146272010607,0.1563414627200584,0.15634146272010607,0.15634146272017696,0.15634146272021396,0.15634146272014915,0.15634146272010607,0.15634146272014915,0.15634146272021396,0.15634146272027083,0.15634146272021396,0.15634146272017696,0.15634146272021396,0.15634146272027083,0.1549459147728718,0.15494591477270458,0.15494591477259267,0.15494591477270458,0.1549459147728718,0.15494591477270458,0.15494591477250333,0.15494591477236255,0.15494591477250333,0.15494591477270458,0.15494591477259267,0.15494591477236255,0.15494591477219533,0.15494591477236233,0.15494591477259267,0.15494591477270458,0.15494591477250333,0.15494591477236233,0.15494591477250333,0.15494591477270458,0.1549459147728718,0.15494591477270458,0.15494591477259267,0.15494591477270458,0.1549459147728718,0.15357822080415415,0.15357822080367953,0.15357822080334635,0.15357822080367953,0.15357822080415415,0.15357822080367953,0.15357822080306333,0.15357822080259598,0.15357822080306333,0.15357822080367953,0.15357822080334635,0.15357822080259598,0.15357822080199768,0.15357822080259598,0.15357822080334635,0.15357822080367953,0.15357822080306333,0.15357822080259598,0.15357822080306333,0.15357822080367953,0.15357822080415415,0.15357822080367953,0.15357822080334635,0.15357822080367953,0.15357822080415415,0.15223780395726363,0.15223780395598616,0.15223780395502243,0.15223780395598616,0.15223780395726363,0.15223780395598616,0.15223780395414965,0.1522378039525891,0.15223780395414965,0.15223780395598616,0.15223780395502243,0.1522378039525891,0.1522378039502727,0.1522378039525891,0.15223780395502243,0.15223780395598616,0.15223780395414965,0.1522378039525891,0.15223780395414965,0.15223780395598616,0.15223780395726363,0.15223780395598616,0.15223780395502243,0.15223780395598616,0.15223780395726363,0.1509240930394685,0.15092409303630536,0.1509240930336479,0.15092409303630536,0.1509240930394685,0.15092409303630536,0.15092409303110965,0.15092409302580587,0.15092409303110965,0.15092409303630536,0.1509240930336479,0.15092409302580587,0.15092409301583504,0.15092409302580587,0.1509240930336479,0.15092409303630536,0.15092409303110965,0.15092409302580587,0.15092409303110965,0.15092409303630536,0.1509240930394685,0.15092409303630536,0.1509240930336479,0.15092409303630536,0.1509240930394685,0.14963652319297652,0.14963652318620296,0.14963652317958523,0.14963652318620296,0.14963652319297652,0.14963652318620296,0.1496365231729486,0.1496365231553201,0.1496365231729486,0.14963652318620296,0.14963652317958523,0.1496365231553201,0.1496365231067908,0.1496365231553201,0.14963652317958523,0.14963652318620296,0.1496365231729486,0.1496365231553201,0.1496365231729486,0.14963652318620296,0.14963652319297652,0.14963652318620296,0.14963652317958523,0.14963652318620296,0.14963652319297652,0.14837453648172652,0.14837453647082077,0.1483745364580389,0.14837453647082077,0.14837453648172652,0.14837453647082077,0.14837453644485715,0.14837453639489814,0.14837453644485715,0.14837453647082077,0.1483745364580389,0.14837453639489814,0.14837453612770174,0.14837453639489814,0.1483745364580389,0.14837453647082077,0.14837453644485715,0.14837453639489814,0.14837453644485715,0.14837453647082077,0.14837453648172652,0.14837453647082077,0.1483745364580389,0.14837453647082077,0.14837453648172652,0.1471375823972848,0.14713758238841812,0.14713758237945118,0.14713758238841812,0.1471375823972848,0.14713758238841812,0.1471375823703981,0.14713758234430743,0.1471375823703981,0.14713758238841812,0.14713758237945118,0.14713758234430743,0.1471375822545465,0.14713758234430743,0.14713758237945118,0.14713758238841812,0.1471375823703981,0.14713758234430743,0.1471375823703981,0.14713758238841812,0.1471375823972848,0.14713758238841812,0.14713758237945118,0.14713758238841812,0.1471375823972848,0.14592511828284038,0.1459251182764349,0.14592511827038748,0.1459251182764349,0.14592511828284038,0.1459251182764349,0.1459251182644088,0.14592511824831217,0.1459251182644088,0.1459251182764349,0.14592511827038748,0.14592511824831217,0.14592511819295362,0.14592511824831217,0.14592511827038748,0.1459251182764349,0.1459251182644088,0.14592511824831217,0.1459251182644088,0.1459251182764349,0.14592511828284038,0.1459251182764349,0.14592511827038748,0.1459251182764349,0.14592511828284038,0.14473660971837385,0.14473660971327698,0.14473660970843935,0.14473660971327698,0.14473660971837385,0.14473660971327698,0.1447366097036703,0.14473660969035182,0.1447366097036703,0.14473660971327698,0.14473660970843935,0.14473660969035182,0.14473660964100954,0.14473660969035182,0.14473660970843935,0.14473660971327698,0.1447366097036703,0.14473660969035182,0.1447366097036703,0.14473660971327698,0.14473660971837385,0.14473660971327698,0.14473660970843935,0.14473660971327698,0.14473660971837385,0.14357153083867236,0.14357153083402321,0.14357153082944132,0.14357153083402321,0.14357153083867236,0.14357153083402321,0.14357153082487278,0.14357153081146573,0.14357153082487278,0.14357153083402321,0.14357153082944132,0.14357153081146573,0.1435715307591478,0.14357153081146573,0.14357153082944132,0.14357153083402321,0.14357153082487278,0.14357153081146573,0.14357153082487278,0.14357153083402321,0.14357153083867236,0.14357153083402321,0.14357153082944132,0.14357153083402321,0.14357153083867236,0.14242936459413283,0.14242936458971156,0.14242936458510508,0.14242936458971156,0.14242936459413283,0.14242936458971156,0.14242936458042765,0.14242936456591476,0.14242936458042765,0.14242936458971156,0.14242936458510508,0.14242936456591476,0.14242936450631666,0.14242936456591476,0.14242936458510508,0.14242936458971156,0.14242936458042765,0.14242936456591476,0.14242936458042765,0.14242936458971156,0.14242936459413283,0.14242936458971156,0.14242936458510508,0.14242936458971156,0.14242936459413283,0.14130960296233752,0.14130960295879116,0.14130960295468167,0.14130960295879116,0.14130960296233752,0.14130960295879116,0.14130960295038744,0.14130960293570247,0.14130960295038744,0.14130960295879116,0.14130960295468167,0.14130960293570247,0.1413096028701576,0.14130960293570247,0.14130960295468167,0.14130960295879116,0.14130960295038744,0.14130960293570247,0.14130960295038744,0.14130960295879116,0.14130960296233752,0.14130960295879116,0.14130960295468167,0.14130960295879116,0.14130960296233752,0.14021174711518,0.14021174711445356,0.14021174711269688,0.14021174711445356,0.14021174711518,0.14021174711445356,0.14021174711064943,0.1402117471005271,0.14021174711064943,0.14021174711445356,0.14021174711269688,0.1402117471005271,0.14021174704214437,0.1402117471005271,0.14021174711269688,0.14021174711445356,0.14021174711064943,0.1402117471005271,0.14021174711064943,0.14021174711445356,0.14021174711518,0.14021174711445356,0.14021174711269688,0.14021174711445356,0.14021174711518,0.13913530754529668,0.1391353075509166,0.13913530755548859,0.1391353075509166,0.13913530754529668,0.1391353075509166,0.13913530755982495,0.13913530756808454,0.13913530755982495,0.1391353075509166,0.13913530755548859,0.13913530756808454,0.13913530758067913,0.13913530756808454,0.13913530755548859,0.1391353075509166,0.13913530755982495,0.13913530756808454,0.13913530755982495,0.1391353075509166,0.13913530754529668,0.1391353075509166,0.13913530755548859,0.1391353075509166,0.13913530754529668,0.13807980415595897,0.1380798041714963,0.1380798041870291,0.1380798041714963,0.13807980415595897,0.1380798041714963,0.1380798042027345,0.13807980424532468,0.1380798042027345,0.1380798041714963,0.1380798041870291,0.13807980424532468,0.13807980436473755,0.13807980424532468,0.1380798041870291,0.1380798041714963,0.1380798042027345,0.13807980424532468,0.1380798042027345,0.1380798041714963,0.13807980415595897,0.1380798041714963,0.1380798041870291,0.1380798041714963,0.13807980415595897,0.13704476632173734,0.13704476634715873,0.13704476637792845,0.13704476634715873,0.13704476632173734,0.13704476634715873,0.13704476640982233,0.13704476653545908,0.13704476640982233,0.13704476634715873,0.13704476637792845,0.13704476653545908,0.13704476723129017,0.13704476653545908,0.13704476637792845,0.13704476634715873,0.13704476640982233,0.13704476653545908,0.13704476640982233,0.13704476634715873,0.13704476632173734,0.13704476634715873,0.13704476637792845,0.13704476634715873,0.13704476632173734,0.13602973292760617,0.13602973294533013,0.1360297329626672,0.13602973294533013,0.13602973292760617,0.13602973294533013,0.1360297329800542,0.13602973302644686,0.1360297329800542,0.13602973294533013,0.1360297329626672,0.13602973302644686,0.1360297331551001,0.13602973302644686,0.1360297329626672,0.13602973294533013,0.1360297329800542,0.13602973302644686,0.1360297329800542,0.13602973294533013,0.13602973292760617,0.13602973294533013,0.1360297329626672,0.13602973294533013,0.13602973292760617,0.13503425241082234,0.13503425242191733,0.13503425243107264,0.13503425242191733,0.13503425241082234,0.13503425242191733,0.13503425243975833,0.13503425245743614,0.13503425243975847,0.13503425242191733,0.13503425243107264,0.13503425245743614,0.1350342524895647,0.13503425245743614,0.13503425243107264,0.13503425242191733,0.13503425243975847,0.13503425245743614,0.13503425243975833,0.13503425242191733,0.13503425241082234,0.13503425242191733,0.13503425243107264,0.13503425242191733,0.13503425241082234
0.1653324876623747,0.1653324876623747,0.1653324876623745,0.1653324876623747,0.1653324876623747,0.1653324876623747,0.1653324876623745,0.1653324876623745,0.1653324876623745,0.1653324876623747,0.1653324876623745,0.1653324876623745,0.1653324876623745,0.1653324876623745,0.1653324876623745,0.1653324876623747,0.1653324876623745,0.1653324876623745,0.1653324876623745,0.1653324876623747,0.1653324876623747,0.1653324876623747,0.1653324876623745,0.1653324876623747,0.1653324876623747,0.16375749394608427,0.16375749394608402,0.1637574939460838,0.16375749394608402,0.16375749394608427,0.16375749394608402,0.1637574939460838,0.16375749394608355,0.1637574939460838,0.16375749394608402,0.1637574939460838,0.16375749394608355,0.16375749394608355,0.16375749394608355,0.1637574939460838,0.16375749394608402,0.1637574939460838,0.16375749394608355,0.1637574939460838,0.16375749394608402,0.16375749394608427,0.16375749394608402,0.1637574939460838,0.16375749394608402,0.16375749394608427,0.1622138841616888,0.16221388416168836,0.1622138841616879,0.16221388416168836,0.1622138841616888,0.16221388416168836,0.16221388416168767,0.16221388416168722,0.16221388416168767,0.16221388416168836,0.1622138841616879,0.16221388416168722,0.16221388416168675,0.16221388416168722,0.1622138841616879,0.16221388416168836,0.16221388416168767,0.16221388416168722,0.16221388416168767,0.16221388416168836,0.1622138841616888,0.16221388416168836,0.1622138841616879,0.16221388416168836,0.1622138841616888,0.16070106726623115,0.16070106726622915,0.16070106726622804,0.16070106726622915,0.16070106726623115,0.16070106726622915,0.16070106726622713,0.16070106726622604,0.16070106726622713,0.16070106726622915,0.16070106726622804,0.16070106726622604,0.1607010672662247,0.16070106726622604,0.16070106726622804,0.16070106726622915,0.16070106726622713,0.16070106726622604,0.16070106726622713,0.16070106726622915,0.16070106726623115,0.16070106726622915,0.16070106726622804,0.16070106726622915,0.16070106726623115,0.1592184516346922,0.15921845163468634,0.15921845163468262,0.15921845163468634,0.1592184516346922,0.15921845163468634,0.15921845163468,0.1592184516346761,0.15921845163468,0.15921845163468634,0.15921845163468262,0.1592184516346761,0.15921845163467196,0.1592184516346761,0.15921845163468262,0.15921845163468634,0.15921845163468,0.1592184516346761,0.15921845163468,0.15921845163468634,0.1592184516346922,0.15921845163468634,0.15921845163468262,0.15921845163468634,0.1592184516346922,0.15776544641184764,0.1577654464118295,0.15776544641181797,0.1577654464118295,0.15776544641184764,0.1577654464118295,0.15776544641180987,0.15776544641179707,0.15776544641180987,0.1577654464118295,0.15776544641181797,0.15776544641179707,0.1577654464117836,0.15776544641179707,0.15776544641181797,0.1577654464118295,0.15776544641180987,0.15776544641179707,0.15776544641180987,0.1577654464118295,0.15776544641184764,0.1577654464118295,0.15776544641181797,0.1577654464118295,0.15776544641184764,0.1563414627266005,0.15634146272654634,0.1563414627265112,0.15634146272654634,0.1563414627266005,0.15634146272654634,0.15634146272648486,0.1563414627264439,0.15634146272648486,0.15634146272654634,0.1563414627265112,0.1563414627264439,0.15634146272639848,0.1563414627264439,0.1563414627265112,0.15634146272654634,0.15634146272648486,0.1563414627264439,0.15634146272648486,0.15634146272654634,0.1563414627266005,0.15634146272654634,0.1563414627265112,0.15634146272654634,0.1563414627266005,0.15494591477907652,0.1549459147789173,0.15494591477881073,0.1549459147789173,0.15494591477907652,0.1549459147789173,0.1549459147787259,0.15494591477859207,0.1549459147787259,0.1549459147789173,0.15494591477881073,0.15494591477859207,0.15494591477843322,0.15494591477859207,0.15494591477881073,0.1549459147789173,0.1549459147787259,0.15494591477859207,0.1549459147787259,0.1549459147789173,0.15494591477907652,0.1549459147789173,0.15494591477881073,0.1549459147789173,0.15494591477907652,0.1535782208102208,0.15357822080976868,0.15357822080945116,0.15357822080976868,0.1535782208102208,0.15357822080976868,0.15357822080918224,0.15357822080873737,0.15357822080918224,0.15357822080976868,0.15357822080945116,0.15357822080873737,0.15357822080816858,0.15357822080873737,0.15357822080945116,0.15357822080976868,0.15357822080918224,0.15357822080873737,0.15357822080918224,0.15357822080976868,0.1535782208102208,0.15357822080976868,0.15357822080945116,0.15357822080976868,0.1535782208102208,0.15223780396314956,0.1522378039619309,0.15223780396101264,0.1522378039619309,0.15223780396314956,0.1522378039619309,0.15223780396018177,0.1522378039586974,0.15223780396018177,0.1522378039619309,0.15223780396101264,0.1522378039586974,0.15223780395649697,0.1522378039586974,0.15223780396101264,0.1522378039619309,0.15223780396018177,0.1522378039586974,0.15223780396018177,0.1522378039619309,0.15223780396314956,0.1522378039619309,0.15223780396101264,0.1522378039619309,0.15223780396314956,0.1509240930450537,0.15092409304203275,0.15092409303949897,0.15092409304203275,0.1509240930450537,0.15092409304203275,0.15092409303708051,0.1509240930320366,0.15092409303708051,0.15092409304203275,0.15092409303949897,0.1509240930320366,0.1509240930225739,0.1509240930320366,0.15092409303949897,0.15092409304203275,0.15092409303708051,0.1509240930320366,0.15092409303708051,0.15092409304203275,0.1509240930450537,0.15092409304203275,0.15092409303949897,0.15092409304203275,0.1509240930450537,0.14963652319796644,0.14963652319148163,0.14963652318516263,0.14963652319148163,0.14963652319796644,0.14963652319148163,0.149636523178831,0.14963652316206263,0.149636523178831,0.14963652319148163,0.14963652318516263,0.14963652316206263,0.1496365231160508,0.14963652316206263,0.14963652318516263,0.14963652319148163,0.149636523178831,0.14963652316206263,0.149636523178831,0.14963652319148163,0.14963652319796644,0.14963652319148163,0.14963652318516263,0.14963652319148163,0.14963652319796644,0.1483745364855187,0.1483745364750131,0.1483745364627561,0.1483745364750131,0.1483745364855187,0.1483745364750131,0.14837453645012497,0.1483745364025267,0.14837453645012497,0.1483745364750131,0.1483745364627561,0.1483745364025267,0.14837453614938867,0.1483745364025267,0.1483745364627561,0.1483745364750131,0.14837453645012497,0.1483745364025267,0.14837453645012497,0.1483745364750131,0.1483745364855187,0.1483745364750131,0.1483745364627561,0.1483745364750131,0.1483745364855187,0.14713758239903707,0.1471375823902703,0.14713758238137292,0.1471375823902703,0.14713758239903707,0.1471375823902703,0.14713758237238597,0.14713758234624025,0.14713758237238597,0.1471375823902703,0.14713758238137292,0.14713758234624025,0.14713758225422935,0.14713758234624025,0.14713758238137292,0.1471375823902703,0.14713758237238597,0.14713758234624025,0.14713758237238597,0.1471375823902703,0.14713758239903707,0.1471375823902703,0.14713758238137292,0.1471375823902703,0.14713758239903707,0.14592511828231847,0.14592511827580668,0.14592511826960824,0.14592511827580668,0.14592511828231847,0.14592511827580668,0.1459251182634677,0.1459251182466937,0.1459251182634677,0.14592511827580668,0.14592511826960824,0.1459251182466937,0.14592511818780576,0.1459251182466937,0.14592511826960824,0.14592511827580668,0.1459251182634677,0.1459251182466937,0.1459251182634677,0.14592511827580668,0.14592511828231847,0.14592511827580668,0.14592511826960824,0.14592511827580668,0.14592511828231847,0.1447366097157659,0.1447366097105027,0.1447366097054769,0.1447366097105027,0.1447366097157659,0.1447366097105027,0.1447366097005127,0.1447366096865421,0.1447366097005127,0.1447366097105027,0.1447366097054769,0.1447366096865421,0.1447366096343859,0.1447366096865421,0.1447366097054769,0.1447366097105027,0.1447366097005127,0.1447366096865421,0.1447366097005127,0.1447366097105027,0.1447366097157659,0.1447366097105027,0.1447366097054769,0.1447366097105027,0.1447366097157659,0.1435715308342917,0.14357153082949045,0.1435715308247506,0.14357153082949045,0.1435715308342917,0.14357153082949045,0.1435715308200214,0.14357153080612292,0.1435715308200214,0.14357153082949045,0.1435715308247506,0.14357153080612292,0.14357153075182535,0.14357153080612292,0.1435715308247506,0.14357153082949045,0.1435715308200214,0.14357153080612292,0.1435715308200214,0.14357153082949045,0.1435715308342917,0.14357153082949045,0.1435715308247506,0.14357153082949045,0.1435715308342917,0.14242936458826638,0.142429364583728,0.14242936457900612,0.142429364583728,0.14242936458826638,0.142429364583728,0.14242936457421346,0.14242936455936522,0.14242936457421346,0.142429364583728,0.14242936457900612,0.14242936455936522,0.14242936449846905,0.14242936455936522,0.14242936457900612,0.142429364583728,0.14242936457421346,0.14242936455936522,0.14242936457421346,0.142429364583728,0.14242936458826638,0.142429364583728,0.14242936457900612,0.142429364583728,0.14242936458826638,0.14130960295520237,0.14130960295156947,0.1413096029473779,0.14130960295156947,0.14130960295520237,0.14130960295156947,0.14130960294300293,0.1413096029280918,0.14130960294300293,0.14130960295156947,0.1413096029473779,0.1413096029280918,0.1413096028617394,0.1413096029280918,0.1413096029473779,0.14130960295156947,0.14130960294300293,0.1413096029280918,0.14130960294300293,0.14130960295156947,0.14130960295520237,0.14130960295156947,0.1413096029473779,0.14130960295156947,0.14130960295520237,0.14021174710693224,0.14021174710613418,0.1402117471043132,0.14021174710613418,0.14021174710693224,0.14021174710613418,0.14021174710220363,0.1402117470919162,0.14021174710220363,0.14021174710613418,0.1402117471043132,0.1402117470919162,0.1402117470329178,0.1402117470919162,0.1402117471043132,0.14021174710613418,0.14021174710220363,0.1402117470919162,0.14021174710220363,0.14021174710613418,0.14021174710693224,0.14021174710613418,0.1402117471043132,0.14021174710613418,0.14021174710693224,0.139135307536062,0.13913530754160144,0.13913530754610512,0.13913530754160144,0.139135307536062,0.13913530754160144,0.13913530755037617,0.13913530755849632,0.13913530755037617,0.13913530754160144,0.13913530754610512,0.13913530755849632,0.13913530757080947,0.13913530755849632,0.13913530754610512,0.13913530754160144,0.13913530755037617,0.13913530755849632,0.13913530755037617,0.13913530754160144,0.139135307536062,0.13913530754160144,0.13913530754610512,0.13913530754160144,0.139135307536062,0.13807980414588267,0.13807980416128945,0.13807980417669544,0.13807980416128945,0.13807980414588267,0.13807980416128945,0.1380798041922737,0.13807980423452898,0.1380798041922737,0.13807980416128945,0.13807980417669544,0.13807980423452898,0.13807980435302852,0.13807980423452898,0.13807980417669544,0.13807980416128945,0.1380798041922737,0.13807980423452898,0.1380798041922737,0.13807980416128945,0.13807980414588267,0.13807980416128945,0.13807980417669544,0.13807980416128945,0.13807980414588267,0.1370447663110693,0.13704476633629822,0.13704476636683802,0.13704476633629822,0.1370447663110693,0.13704476633629822,0.13704476639849458,0.13704476652320557,0.13704476639849458,0.13704476633629822,0.13704476636683802,0.13704476652320557,0.13704476721394906,0.13704476652320557,0.13704476636683802,0.13704476633629822,0.13704476639849458,0.13704476652320557,0.13704476639849458,0.13704476633629822,0.1370447663110693,0.13704476633629822,0.13704476636683802,0.13704476633629822,0.1370447663110693,0.1360297329167262,0.1360297329343182,0.13602973295152657,0.1360297329343182,0.1360297329167262,0.1360297329343182,0.136029732968785,0.13602973301483623,0.136029732968785,0.1360297329343182,0.13602973295152657,0.13602973301483623,0.13602973314254563,0.13602973301483623,0.13602973295152657,0.1360297329343182,0.136029732968785,0.13602973301483623,0.136029732968785,0.1360297329343182,0.1360297329167262,0.1360297329343182,0.13602973295152657,0.1360297329343182,0.1360297329167262,0.13503425239999028,0.13503425241100295,0.13503425242009054,0.13503425241100295,0.13503425239999028,0.13503425241100295,0.13503425242871217,0.1350342524462598,0.13503425242871217,0.13503425241100295,0.13503425242009054,0.1350342524462598,0.13503425247815234,0.1350342524462598,0.13503425242009054,0.13503425241100295,0.13503425242871217,0.1350342524462598,0.13503425242871217,0.13503425241100295,0.13503425239999028,0.13503425241100295,0.13503425242009054,0.13503425241100295,0.13503425239999028
0.16533248766968467,0.16533248766968442,0.16533248766968442,0.16533248766968442,0.16533248766968467,0.16533248766968442,0.16533248766968442,0.16533248766968442,0.16533248766968442,0.16533248766968442,0.16533248766968442,0.16533248766968442,0.16533248766968442,0.16533248766968442,0.16533248766968442,0.16533248766968442,0.16533248766968442,0.16533248766968442,0.16533248766968442,0.16533248766968442,0.16533248766968467,0.16533248766968442,0.16533248766968442,0.16533248766968442,0.16533248766968467,0.16375749395325004,0.16375749395325004,0.1637574939532498,0.16375749395325004,0.16375749395325004,0.16375749395325004,0.1637574939532498,0.16375749395324957,0.1637574939532498,0.16375749395325004,0.1637574939532498,0.16375749395324957,0.16375749395324957,0.16375749395324957,0.1637574939532498,0.16375749395325004,0.1637574939532498,0.16375749395324957,0.1637574939532498,0.16375749395325004,0.16375749395325004,0.16375749395325004,0.1637574939532498,0.16375749395325004,0.16375749395325004,0.16221388416871488,0.16221388416871418,0.16221388416871396,0.16221388416871418,0.16221388416871488,0.16221388416871418,0.16221388416871374,0.1622138841687133,0.16221388416871374,0.16221388416871418,0.16221388416871396,0.1622138841687133,0.16221388416871282,0.1622138841687133,0.16221388416871396,0.16221388416871418,0.16221388416871374,0.1622138841687133,0.16221388416871374,0.16221388416871418,0.16221388416871488,0.16221388416871418,0.16221388416871396,0.16221388416871418,0.16221388416871488,0.160701067273121,0.16070106727311922,0.16070106727311811,0.16070106727311922,0.160701067273121,0.16070106727311922,0.16070106727311723,0.1607010672731161,0.16070106727311723,0.16070106727311922,0.16070106727311811,0.1607010672731161,0.16070106727311478,0.1607010672731161,0.16070106727311811,0.16070106727311922,0.16070106727311723,0.1607010672731161,0.16070106727311723,0.16070106727311922,0.160701067273121,0.16070106727311922,0.16070106727311811,0.16070106727311922,0.160701067273121,0.1592184516414497,0.15921845164144402,0.15921845164144055,0.15921845164144402,0.1592184516414497,0.15921845164144402,0.15921845164143814,0.15921845164143447,0.15921845164143814,0.15921845164144402,0.15921845164144055,0.15921845164143447,0.15921845164143053,0.15921845164143447,0.15921845164144055,0.15921845164144402,0.15921845164143814,0.15921845164143447,0.15921845164143814,0.15921845164144402,0.1592184516414497,0.15921845164144402,0.15921845164144055,0.15921845164144402,0.1592184516414497,0.1577654464184759,0.15776544641845885,0.15776544641844797,0.15776544641845885,0.1577654464184759,0.15776544641845885,0.1577654464184401,0.15776544641842813,0.1577654464184401,0.15776544641845885,0.15776544641844797,0.15776544641842813,0.1577654464184153,0.15776544641842813,0.15776544641844797,0.15776544641845885,0.1577654464184401,0.15776544641842813,0.1577654464184401,0.15776544641845885,0.1577654464184759,0.15776544641845885,0.15776544641844797,0.15776544641845885,0.1577654464184759,0.1563414627331016,0.1563414627330504,0.15634146273301694,0.1563414627330504,0.1563414627331016,0.1563414627330504,0.15634146273299204,0.15634146273295338,0.15634146273299204,0.1563414627330504,0.15634146273301694,0.15634146273295338,0.15634146273291027,0.15634146273295338,0.15634146273301694,0.1563414627330504,0.15634146273299204,0.15634146273295338,0.15634146273299204,0.1563414627330504,0.1563414627331016,0.1563414627330504,0.15634146273301694,0.1563414627330504,0.1563414627331016,0.15494591478544845,0.15494591478529765,0.1549459147851964,0.15494591478529765,0.15494591478544845,0.15494591478529765,0.1549459147851163,0.15494591478498962,0.1549459147851163,0.15494591478529765,0.1549459147851964,0.15494591478498962,0.15494591478483963,0.15494591478498962,0.1549459147851964,0.15494591478529765,0.1549459147851163,0.15494591478498962,0.1549459147851163,0.15494591478529765,0.15494591478544845,0.15494591478529765,0.1549459147851964,0.15494591478529765,0.15494591478544845,0.15357822081645053,0.15357822081602135,0.1535782208157201,0.15357822081602135,0.15357822081645053,0.15357822081602135,0.15357822081546518,0.15357822081504366,0.15357822081546518,0.15357822081602135,0.1535782208157201,0.15357822081504366,0.1535782208145054,0.15357822081504366,0.1535782208157201,0.15357822081602135,0.15357822081546518,0.15357822081504366,0.15357822081546518,0.15357822081602135,0.15357822081645053,0.15357822081602135,0.1535782208157201,0.15357822081602135,0.15357822081645053,0.1522378039691929,0.1522378039680349,0.1522378039671633,0.1522378039680349,0.1522378039691929,0.1522378039680349,0.15223780396637554,0.1522378039649693,0.15223780396637554,0.1522378039680349,0.1522378039671633,0.1522378039649693,0.15223780396288814,0.1522378039649693,0.1522378039671633,0.1522378039680349,0.15223780396637554,0.1522378039649693,0.15223780396637554,0.1522378039680349,0.1522378039691929,0.1522378039680349,0.1522378039671633,0.1522378039680349,0.1522378039691929,0.1509240930507873,0.15092409304791257,0.15092409304550589,0.15092409304791257,0.1509240930507873,0.15092409304791257,0.15092409304321094,0.15092409303843363,0.15092409304321094,0.15092409304791257,0.15092409304550589,0.15092409303843363,0.15092409302949356,0.15092409303843363,0.15092409304550589,0.15092409304791257,0.15092409304321094,0.15092409303843363,0.15092409304321094,0.15092409304791257,0.1509240930507873,0.15092409304791257,0.15092409304550589,0.15092409304791257,0.1509240930507873,0.14963652320308776,0.14963652319689963,0.1496365231908879,0.14963652319689963,0.14963652320308776,0.14963652319689963,0.14963652318486956,0.14963652316898557,0.14963652318486956,0.14963652319689963,0.1496365231908879,0.14963652316898557,0.14963652312556117,0.14963652316898557,0.1496365231908881,0.14963652319689963,0.14963652318486956,0.14963652316898557,0.14963652318486956,0.14963652319689963,0.14963652320308776,0.14963652319689963,0.1496365231908881,0.14963652319689963,0.14963652320308776,0.1483745364894084,0.14837453647931423,0.14837453646759638,0.14837453647931423,0.1483745364894084,0.14837453647931423,0.14837453645553123,0.14837453641035928,0.14837453645553123,0.14837453647931423,0.14837453646759638,0.14837453641035928,0.1483745361716768,0.14837453641035928,0.14837453646759638,0.14837453647931423,0.14837453645553123,0.14837453641035928,0.14837453645553123,0.14837453647931423,0.1483745364894084,0.14837453647931423,0.14837453646759638,0.14837453647931423,0.1483745364894084,0.1471375824008293,0.14713758239216534,0.14713758238333954,0.14713758239216534,0.1471375824008293,0.14713758239216534,0.1471375823744209,0.14713758234821941,0.1471375823744209,0.14713758239216534,0.14713758238333954,0.14713758234821941,0.14713758225392176,0.14713758234821941,0.14713758238333954,0.14713758239216534,0.1471375823744209,0.14713758234821941,0.1471375823744209,0.14713758239216534,0.1471375824008293,0.14713758239216534,0.14713758238333954,0.14713758239216534,0.1471375824008293,0.14592511828177254,0.14592511827515106,0.1459251182687977,0.14592511827515106,0.14592511828177254,0.14592511827515106,0.1459251182624905,0.14592511824502044,0.1459251182624905,0.14592511827515106,0.1459251182687977,0.14592511824502044,0.14592511818243964,0.14592511824502044,0.1459251182687977,0.14592511827515106,0.1459251182624905,0.14592511824502044,0.1459251182624905,0.14592511827515106,0.14592511828177254,0.14592511827515106,0.1459251182687977,0.14592511827515106,0.14592511828177254,0.1447366097130754,0.1447366097076408,0.14473660970242122,0.1447366097076408,0.1447366097130754,0.1447366097076408,0.14473660969725594,0.14473660968261384,0.14473660969725594,0.1447366097076408,0.14473660970242122,0.14473660968261384,0.14473660962755908,0.14473660968261384,0.14473660970242122,0.1447366097076408,0.14473660969725594,0.14473660968261384,0.14473660969725594,0.1447366097076408,0.1447366097130754,0.1447366097076408,0.14473660970242122,0.1447366097076408,0.1447366097130754,0.14357153082977944,0.1435715308248211,0.14357153081991803,0.1435715308248211,0.14357153082977944,0.1435715308248211,0.14357153081502316,0.14357153080061735,0.14357153081502316,0.1435715308248211,0.14357153081991803,0.14357153080061735,0.14357153074430531,0.14357153080061735,0.14357153081991803,0.1435715308248211,0.14357153081502316,0.14357153080061735,0.14357153081502316,0.1435715308248211,0.14357153082977944,0.1435715308248211,0.14357153081991803,0.1435715308248211,0.14357153082977944,0.14242936458222882,0.14242936457756916,0.14242936457272767,0.14242936457756916,0.14242936458222882,0.14242936457756916,0.14242936456781538,0.14242936455261926,0.14242936456781538,0.14242936457756916,0.14242936457272767,0.14242936455261926,0.1424293644903938,0.14242936455261926,0.14242936457272767,0.14242936457756916,0.14242936456781538,0.14242936455261926,0.14242936456781538,0.14242936457756916,0.14242936458222882,0.14242936457756916,0.14242936457272767,0.14242936457756916,0.14242936458222882,0.1413096029478647,0.14130960294414155,0.14130960293986444,0.14130960294414155,0.1413096029478647,0.14130960294414155,0.14130960293540526,0.14130960292025765,0.14130960293540526,0.14130960294414155,0.14130960293986444,0.14130960292025765,0.14130960285302224,0.14130960292025765,0.14130960293986444,0.14130960294414155,0.14130960293540526,0.14130960292025765,0.14130960293540526,0.14130960294414155,0.1413096029478647,0.14130960294414155,0.14130960293986444,0.14130960294414155,0.1413096029478647,0.14021174709845713,0.14021174709758488,0.14021174709569661,0.14021174709758488,0.14021174709845713,0.14021174709758488,0.14021174709352213,0.14021174708306133,0.14021174709352213,0.14021174709758488,0.14021174709569661,0.14021174708306133,0.14021174702342679,0.14021174708306133,0.14021174709569661,0.14021174709758488,0.14021174709352213,0.14021174708306133,0.14021174709352213,0.14021174709758488,0.14021174709845713,0.14021174709758488,0.14021174709569661,0.14021174709758488,0.14021174709845713,0.13913530752658082,0.13913530753203743,0.13913530753647088,0.13913530753203743,0.13913530752658082,0.13913530753203743,0.1391353075406746,0.13913530754865086,0.1391353075406746,0.13913530753203743,0.13913530753647088,0.13913530754865086,0.13913530756067308,0.13913530754865086,0.13913530753647088,0.13913530753203743,0.1391353075406746,0.13913530754865086,0.1391353075406746,0.13913530753203743,0.13913530752658082,0.13913530753203743,0.13913530753647088,0.13913530753203743,0.13913530752658082,0.13807980413554496,0.13807980415081839,0.13807980416609494,0.13807980415081839,0.13807980413554496,0.13807980415081839,0.1380798041815436,0.13807980422345734,0.1380798041815436,0.13807980415081839,0.13807980416609494,0.13807980422345734,0.13807980434102615,0.13807980422345734,0.13807980416609494,0.13807980415081839,0.1380798041815436,0.13807980422345734,0.1380798041815436,0.13807980415081839,0.13807980413554496,0.13807980415081839,0.13807980416609494,0.13807980415081839,0.13807980413554496,0.13704476630012985,0.1370447663251628,0.13704476635546864,0.1370447663251628,0.13704476630012985,0.1370447663251628,0.13704476638688345,0.13704476651065195,0.13704476638688345,0.1370447663251628,0.13704476635546864,0.13704476651065195,0.13704476719619124,0.13704476651065195,0.13704476635546864,0.1370447663251628,0.13704476638688345,0.13704476651065195,0.13704476638688345,0.1370447663251628,0.13704476630012985,0.1370447663251628,0.13704476635546864,0.1370447663251628,0.13704476630012985,0.1360297329055723,0.13602973292302967,0.13602973294010726,0.13602973292302967,0.1360297329055723,0.13602973292302967,0.13602973295723494,0.13602973300293827,0.13602973295723494,0.13602973292302967,0.13602973294010726,0.13602973300293827,0.136029733129687,0.13602973300293827,0.13602973294010726,0.13602973292302967,0.13602973295723494,0.13602973300293827,0.13602973295723494,0.13602973292302967,0.1360297329055723,0.13602973292302967,0.13602973294010726,0.13602973292302967,0.1360297329055723,0.1350342523888859,0.13503425239981479,0.13503425240883335,0.13503425239981479,0.1350342523888859,0.13503425239981479,0.1350342524173898,0.13503425243480477,0.1350342524173898,0.13503425239981479,0.13503425240883335,0.13503425243480477,0.13503425246645717,0.13503425243480477,0.13503425240883335,0.13503425239981479,0.1350342524173898,0.13503425243480477,0.1350342524173898,0.13503425239981479,0.1350342523888859,0.13503425239981479,0.13503425240883335,0.13503425239981479,0.1350342523888859
0.1653324876771846,0.1653324876771846,0.1653324876771846,0.1653324876771846,0.1653324876771846,0.1653324876771846,0.1653324876771846,0.1653324876771846,0.1653324876771846,0.1653324876771846,0.1653324876771846,0.1653324876771846,0.16533248767718436,0.1653324876771846,0.1653324876771846,0.1653324876771846,0.1653324876771846,0.1653324876771846,0.1653324876771846,0.1653324876771846,0.1653324876771846,0.1653324876771846,0.1653324876771846,0.1653324876771846,0.1653324876771846,0.16375749396060246,0.1637574939606022,0.163757493960602,0.1637574939606022,0.16375749396060246,0.1637574939606022,0.163757493960602,0.163757493960602,0.163757493960602,0.1637574939606022,0.163757493960602,0.163757493960602,0.16375749396060177,0.163757493960602,0.163757493960602,0.1637574939606022,0.163757493960602,0.163757493960602,0.163757493960602,0.1637574939606022,0.16375749396060246,0.1637574939606022,0.163757493960602,0.1637574939606022,0.16375749396060246,0.16221388417592342,0.16221388417592275,0.16221388417592253,0.16221388417592275,0.16221388417592342,0.16221388417592275,0.16221388417592228,0.16221388417592184,0.16221388417592228,0.16221388417592275,0.16221388417592253,0.16221388417592184,0.1622138841759214,0.16221388417592184,0.16221388417592253,0.16221388417592275,0.16221388417592228,0.16221388417592184,0.16221388417592228,0.16221388417592275,0.16221388417592342,0.16221388417592275,0.16221388417592253,0.16221388417592275,0.16221388417592342,0.16070106728018968,0.1607010672801879,0.1607010672801868,0.1607010672801879,0.16070106728018968,0.1607010672801879,0.16070106728018613,0.16070106728018504,0.16070106728018613,0.1607010672801879,0.1607010672801868,0.16070106728018504,0.16070106728018388,0.16070106728018504,0.1607010672801868,0.1607010672801879,0.16070106728018613,0.16070106728018504,0.16070106728018613,0.1607010672801879,0.16070106728018968,0.1607010672801879,0.1607010672801868,0.1607010672801879,0.16070106728018968,0.15921845164838247,0.15921845164837703,0.15921845164837375,0.15921845164837703,0.15921845164838247,0.15921845164837703,0.15921845164837156,0.15921845164836787,0.15921845164837156,0.15921845164837703,0.15921845164837375,0.15921845164836787,0.15921845164836418,0.15921845164836787,0.15921845164837375,0.15921845164837703,0.15921845164837156,0.15921845164836787,0.15921845164837156,0.15921845164837703,0.15921845164838247,0.15921845164837703,0.15921845164837375,0.15921845164837703,0.15921845164838247,0.15776544642527598,0.15776544642525997,0.1577654464252495,0.15776544642525997,0.15776544642527598,0.15776544642525997,0.15776544642524226,0.15776544642523094,0.15776544642524226,0.15776544642525997,0.1577654464252495,0.15776544642523094,0.15776544642521897,0.15776544642523094,0.1577654464252495,0.15776544642525997,0.15776544642524226,0.15776544642523094,0.15776544642524226,0.15776544642525997,0.15776544642527598,0.15776544642525997,0.1577654464252495,0.15776544642525997,0.15776544642527598,0.1563414627397713,0.15634146273972277,0.15634146273969143,0.15634146273972277,0.1563414627397713,0.15634146273972277,0.15634146273966779,0.1563414627396314,0.15634146273966779,0.15634146273972277,0.15634146273969143,0.1563414627396314,0.15634146273959104,0.1563414627396314,0.15634146273969143,0.15634146273972277,0.15634146273966779,0.1563414627396314,0.15634146273966779,0.15634146273972277,0.1563414627397713,0.15634146273972277,0.15634146273969143,0.15634146273972277,0.1563414627397713,0.1549459147919856,0.15494591479184297,0.15494591479174769,0.15494591479184297,0.1549459147919856,0.15494591479184297,0.15494591479167205,0.15494591479155298,0.15494591479167205,0.15494591479184297,0.15494591479174769,0.15494591479155298,0.1549459147914116,0.15494591479155298,0.15494591479174769,0.15494591479184297,0.15494591479167205,0.15494591479155298,0.15494591479167205,0.15494591479184297,0.1549459147919856,0.15494591479184297,0.15494591479174769,0.15494591479184297,0.1549459147919856,0.15357822082284137,0.15357822082243566,0.15357822082215108,0.15357822082243566,0.15357822082284137,0.15357822082243566,0.15357822082191067,0.1535782208215132,0.15357822082191067,0.15357822082243566,0.15357822082215108,0.1535782208215132,0.15357822082100606,0.1535782208215132,0.15357822082215108,0.15357822082243566,0.15357822082191067,0.1535782208215132,0.15357822082191067,0.15357822082243566,0.15357822082284137,0.15357822082243566,0.15357822082215108,0.15357822082243566,0.15357822082284137,0.15223780397539216,0.15223780397429654,0.15223780397347278,0.15223780397429654,0.15223780397539216,0.15223780397429654,0.1522378039727295,0.1522378039714032,0.1522378039727295,0.15223780397429654,0.15223780397347278,0.1522378039714032,0.15223780396944467,0.1522378039714032,0.15223780397347278,0.15223780397429654,0.1522378039727295,0.1522378039714032,0.1522378039727295,0.15223780397429654,0.15223780397539216,0.15223780397429654,0.15223780397347278,0.15223780397429654,0.15223780397539216,0.15092409305666826,0.15092409305394383,0.15092409305166757,0.15092409305394383,0.15092409305666826,0.15092409305394383,0.15092409304949914,0.15092409304499585,0.15092409304949914,0.15092409305394383,0.15092409305166757,0.15092409304499585,0.15092409303659224,0.15092409304499585,0.15092409305166757,0.15092409305394383,0.15092409304949914,0.15092409304499585,0.15092409304949914,0.15092409305394383,0.15092409305666826,0.15092409305394383,0.15092409305166757,0.15092409305394383,0.15092409305666826,0.14963652320833956,0.14963652320245643,0.14963652319676007,0.14963652320245643,0.14963652320833956,0.14963652320245643,0.1496365231910632,0.149636523176087,0.1496365231910632,0.14963652320245643,0.14963652319676007,0.149636523176087,0.14963652313531883,0.149636523176087,0.14963652319676007,0.14963652320245643,0.1496365231910632,0.149636523176087,0.1496365231910632,0.14963652320245643,0.14963652320833956,0.14963652320245643,0.14963652319676007,0.14963652320245643,0.14963652320833956,0.1483745364933954,0.1483745364837236,0.1483745364725597,0.1483745364837236,0.1483745364933954,0.1483745364837236,0.14837453646107537,0.14837453641839482,0.14837453646107537,0.1483745364837236,0.1483745364725597,0.14837453641839482,0.14837453619454466,0.14837453641839482,0.1483745364725597,0.1483745364837236,0.14837453646107537,0.14837453641839482,0.14837453646107537,0.1483745364837236,0.1483745364933954,0.1483745364837236,0.1483745364725597,0.1483745364837236,0.1483745364933954,0.1471375824026624,0.14713758239410418,0.14713758238535174,0.147137582394104,0.1471375824026624,0.14713758239410418,0.1471375823765036,0.14713758235024543,0.1471375823765036,0.14713758239410418,0.14713758238535174,0.14713758235024543,0.1471375822535739,0.14713758235024543,0.14713758238535174,0.147137582394104,0.1471375823765036,0.14713758235024543,0.1471375823765036,0.147137582394104,0.1471375824026624,0.14713758239410418,0.14713758238535174,0.147137582394104,0.1471375824026624,0.145925118281204,0.14592511827447013,0.14592511826795726,0.14592511827447013,0.145925118281204,0.14592511827447013,0.14592511826147928,0.1459251182432945,0.14592511826147928,0.14592511827447013,0.14592511826795726,0.1459251182432945,0.14592511817700726,0.1459251182432945,0.14592511826795726,0.14592511827447013,0.14592511826147928,0.1459251182432945,0.14592511826147928,0.14592511827447013,0.145925118281204,0.14592511827447013,0.14592511826795726,0.14592511827447013,0.145925118281204,0.14473660971030441,0.14473660970469351,0.14473660969927463,0.14473660970469351,0.14473660971030441,0.14473660970469351,0.1447366096939025,0.14473660967856986,0.1447366096939025,0.14473660970469351,0.14473660969927463,0.14473660967856986,0.14473660962051826,0.14473660967856986,0.14473660969927463,0.14473660970469351,0.1447366096939025,0.14473660967856986,0.1447366096939025,0.14473660970469351,0.14473660971030441,0.14473660970469351,0.14473660969927463,0.14473660970469351,0.14473660971030441,0.14357153082513818,0.14357153082001778,0.1435715308149467,0.14357153082001778,0.14357153082513818,0.14357153082001778,0.14357153080988105,0.143571530794952,0.14357153080988105,0.14357153082001778,0.1435715308149467,0.143571530794952,0.14357153073653506,0.143571530794952,0.1435715308149467,0.14357153082001778,0.14357153080988105,0.143571530794952,0.14357153080988105,0.14357153082001778,0.14357153082513818,0.14357153082001778,0.1435715308149467,0.14357153082001778,0.14357153082513818,0.14242936457602298,0.14242936457123803,0.14242936456627256,0.14242936457123803,0.14242936457602298,0.14242936457123803,0.14242936456123648,0.14242936454568034,0.14242936456123648,0.14242936457123803,0.14242936456627256,0.14242936454568034,0.1424293644820733,0.14242936454568034,0.14242936456627256,0.14242936457123803,0.14242936456123648,0.14242936454568034,0.14242936456123648,0.14242936457123803,0.14242936457602298,0.14242936457123803,0.14242936456627256,0.14242936457123803,0.14242936457602298,0.1413096029403274,0.14130960293651082,0.1413096029321446,0.14130960293651082,0.1413096029403274,0.14130960293651082,0.14130960292759792,0.14130960291220343,0.14130960292759792,0.14130960293651082,0.1413096029321446,0.14130960291220343,0.14130960284403352,0.14130960291220343,0.1413096029321446,0.14130960293651082,0.14130960292759792,0.14130960291220343,0.14130960292759792,0.14130960293651082,0.1413096029403274,0.14130960293651082,0.1413096029321446,0.14130960293651082,0.1413096029403274,0.140211747089758,0.14021174708880854,0.14021174708685044,0.14021174708880854,0.140211747089758,0.14021174708880854,0.14021174708460837,0.14021174707396555,0.14021174708460837,0.14021174708880854,0.14021174708685044,0.14021174707396555,0.14021174701366584,0.14021174707396555,0.14021174708685044,0.14021174708880854,0.14021174708460837,0.14021174707396555,0.14021174708460837,0.14021174708880854,0.140211747089758,0.14021174708880854,0.14021174708685044,0.14021174708880854,0.140211747089758,0.13913530751685632,0.13913530752222783,0.1391353075265892,0.13913530752222783,0.13913530751685632,0.13913530752222783,0.13913530753072367,0.1391353075385518,0.13913530753072367,0.13913530752222783,0.1391353075265892,0.1391353075385518,0.13913530755027326,0.1391353075385518,0.1391353075265892,0.13913530752222783,0.13913530753072367,0.1391353075385518,0.13913530753072367,0.13913530752222783,0.13913530751685632,0.13913530752222783,0.1391353075265892,0.13913530752222783,0.13913530751685632,0.13807980412494897,0.13807980414008644,0.13807980415523088,0.13807980414008644,0.13807980412494897,0.13807980414008644,0.13807980417054744,0.13807980421211324,0.13807980417054744,0.13807980414008644,0.13807980415523088,0.13807980421211324,0.1380798043287343,0.13807980421211324,0.13807980415523088,0.13807980414008644,0.13807980417054744,0.13807980421211324,0.13807980417054744,0.13807980414008644,0.13807980412494897,0.13807980414008644,0.13807980415523088,0.13807980414008644,0.13807980412494897,0.13704476628892268,0.13704476631375587,0.13704476634382345,0.13704476631375587,0.13704476628892268,0.13704476631375587,0.13704476637499238,0.13704476649780167,0.13704476637499238,0.13704476631375587,0.13704476634382345,0.13704476649780167,0.1370447671780655,0.13704476649780167,0.13704476634382345,0.13704476631375587,0.13704476637499238,0.13704476649780167,0.13704476637499238,0.13704476631375587,0.13704476628892268,0.13704476631375587,0.13704476634382345,0.13704476631375587,0.13704476628892268,0.13602973289414808,0.13602973291146844,0.13602973292841286,0.13602973291146844,0.13602973289414808,0.13602973291146844,0.13602973294540738,0.1360297329907569,0.13602973294540738,0.13602973291146844,0.13602973292841286,0.1360297329907569,0.13602973311652822,0.1360297329907569,0.13602973292841286,0.13602973291146844,0.13602973294540738,0.1360297329907569,0.13602973294540738,0.13602973291146844,0.13602973289414808,0.13602973291146844,0.13602973292841286,0.13602973291146844,0.13602973289414808,0.1350342523775139,0.13503425238835756,0.1350342523973059,0.13503425238835756,0.1350342523775139,0.13503425238835756,0.13503425240579595,0.13503425242307612,0.13503425240579595,0.13503425238835756,0.1350342523973059,0.13503425242307612,0.135034252454484,0.13503425242307612,0.1350342523973059,0.13503425238835756,0.13503425240579595,0.13503425242307612,0.13503425240579595,0.13503425238835756,0.1350342523775139,0.13503425238835756,0.1350342523973059,0.13503425238835756,0.1350342523775139
0.16533248768487283,0.16533248768487283,0.16533248768487283,0.16533248768487283,0.16533248768487283,0.16533248768487283,0.16533248768487283,0.1653324876848726,0.16533248768487283,0.16533248768487283,0.16533248768487283,0.1653324876848726,0.1653324876848726,0.1653324876848726,0.16533248768487283,0.16533248768487283,0.16533248768487283,0.1653324876848726,0.16533248768487283,0.16533248768487283,0.16533248768487283,0.16533248768487283,0.16533248768487283,0.16533248768487283,0.16533248768487283,0.163757493968139,0.16375749396813877,0.16375749396813877,0.16375749396813877,0.163757493968139,0.16375749396813877,0.16375749396813877,0.16375749396813855,0.16375749396813877,0.16375749396813877,0.16375749396813877,0.16375749396813855,0.16375749396813855,0.16375749396813855,0.16375749396813877,0.16375749396813877,0.16375749396813877,0.16375749396813855,0.16375749396813877,0.16375749396813877,0.163757493968139,0.16375749396813877,0.16375749396813877,0.16375749396813877,0.163757493968139,0.16221388418331242,0.16221388418331195,0.1622138841833115,0.16221388418331195,0.16221388418331242,0.16221388418331195,0.1622138841833115,0.16221388418331104,0.1622138841833115,0.16221388418331195,0.1622138841833115,0.16221388418331104,0.16221388418331084,0.16221388418331104,0.1622138841833115,0.16221388418331195,0.1622138841833115,0.16221388418331104,0.1622138841833115,0.16221388418331195,0.16221388418331242,0.16221388418331195,0.1622138841833115,0.16221388418331195,0.16221388418331242,0.16070106728743522,0.16070106728743364,0.16070106728743278,0.16070106728743364,0.16070106728743522,0.16070106728743364,0.16070106728743208,0.160701067287431,0.16070106728743208,0.16070106728743364,0.16070106728743278,0.160701067287431,0.16070106728742986,0.160701067287431,0.16070106728743278,0.16070106728743364,0.16070106728743208,0.160701067287431,0.16070106728743208,0.16070106728743364,0.16070106728743522,0.16070106728743364,0.16070106728743278,0.16070106728743364,0.16070106728743522,0.1592184516554885,0.15921845165548354,0.15921845165548046,0.15921845165548354,0.1592184516554885,0.15921845165548354,0.1592184516554783,0.1592184516554748,0.1592184516554783,0.15921845165548354,0.15921845165548046,0.1592184516554748,0.15921845165547133,0.1592184516554748,0.15921845165548046,0.15921845165548354,0.1592184516554783,0.1592184516554748,0.1592184516554783,0.15921845165548354,0.1592184516554885,0.15921845165548354,0.15921845165548046,0.15921845165548354,0.1592184516554885,0.15776544643224585,0.1577654464322307,0.1577654464322211,0.1577654464322307,0.15776544643224585,0.1577654464322307,0.15776544643221427,0.1577654464322036,0.15776544643221427,0.1577654464322307,0.1577654464322211,0.1577654464322036,0.15776544643219229,0.1577654464322036,0.1577654464322211,0.1577654464322307,0.15776544643221427,0.1577654464322036,0.15776544643221427,0.1577654464322307,0.15776544643224585,0.1577654464322307,0.1577654464322211,0.1577654464322307,0.15776544643224585,0.1563414627466072,0.15634146274656163,0.15634146274653216,0.15634146274656163,0.1563414627466072,0.15634146274656163,0.15634146274650998,0.1563414627464759,0.15634146274650998,0.15634146274656163,0.15634146274653216,0.1563414627464759,0.15634146274643804,0.1563414627464759,0.15634146274653216,0.15634146274656163,0.15634146274650998,0.1563414627464759,0.15634146274650998,0.15634146274656163,0.1563414627466072,0.15634146274656163,0.15634146274653216,0.15634146274656163,0.1563414627466072,0.15494591479868525,0.15494591479855122,0.15494591479846165,0.15494591479855122,0.15494591479868525,0.15494591479855122,0.15494591479839076,0.15494591479827907,0.15494591479839076,0.15494591479855122,0.15494591479846165,0.15494591479827907,0.1549459147981469,0.15494591479827907,0.15494591479846165,0.15494591479855122,0.15494591479839076,0.15494591479827907,0.15494591479839076,0.15494591479855122,0.15494591479868525,0.15494591479855122,0.15494591479846165,0.15494591479855122,0.15494591479868525,0.15357822082939085,0.15357822082900924,0.15357822082874173,0.15357822082900924,0.15357822082939085,0.15357822082900924,0.1535782208285162,0.15357822082814362,0.1535782208285162,0.15357822082900924,0.15357822082874173,0.15357822082814362,0.15357822082766845,0.15357822082814362,0.15357822082874173,0.15357822082900924,0.1535782208285162,0.15357822082814362,0.15357822082851638,0.15357822082900924,0.15357822082939085,0.15357822082900924,0.15357822082874173,0.15357822082900924,0.15357822082939085,0.15223780398174475,0.15223780398071313,0.15223780397993836,0.15223780398071313,0.15223780398174475,0.15223780398071313,0.15223780397924075,0.15223780397799655,0.15223780397924075,0.15223780398071313,0.15223780397993836,0.15223780397799655,0.15223780397616357,0.15223780397799655,0.15223780397993836,0.15223780398071313,0.15223780397924075,0.15223780397799655,0.15223780397924075,0.15223780398071313,0.15223780398174475,0.15223780398071313,0.15223780397993836,0.15223780398071313,0.15223780398174475,0.1509240930626941,0.15092409306012367,0.15092409305798107,0.15092409306012367,0.1509240930626941,0.15092409306012367,0.15092409305594248,0.15092409305172025,0.15092409305594248,0.15092409306012367,0.15092409305798107,0.15092409305172025,0.15092409304386664,0.15092409305172025,0.15092409305798107,0.15092409306012367,0.15092409305594248,0.15092409305172025,0.15092409305594248,0.15092409306012367,0.1509240930626941,0.15092409306012367,0.15092409305798107,0.15092409306012367,0.1509240930626941,0.14963652321371976,0.14963652320814916,0.14963652320277618,0.14963652320814916,0.14963652321371976,0.14963652320814916,0.1496365231974094,0.14963652318336407,0.1496365231974094,0.14963652320814916,0.14963652320277618,0.14963652318336407,0.14963652314532003,0.14963652318336407,0.14963652320277634,0.14963652320814916,0.1496365231974094,0.14963652318336407,0.1496365231974094,0.14963652320814916,0.14963652321371976,0.14963652320814916,0.14963652320277634,0.14963652320814916,0.14963652321371976,0.14837453649747787,0.14837453648823917,0.1483745364776433,0.14837453648823917,0.14837453649747787,0.14837453648823917,0.148374536466755,0.1483745364266292,0.148374536466755,0.14837453648823917,0.1483745364776433,0.1483745364266292,0.14837453621800686,0.1483745364266292,0.1483745364776433,0.14837453648823917,0.148374536466755,0.1483745364266292,0.148374536466755,0.14837453648823917,0.14837453649747787,0.14837453648823917,0.1483745364776433,0.14837453648823917,0.14837453649747787,0.14713758240453512,0.14713758239608532,0.14713758238740865,0.14713758239608532,0.14713758240453512,0.14713758239608532,0.1471375823786328,0.14713758235231741,0.1471375823786328,0.14713758239608532,0.14713758238740865,0.14713758235231741,0.14713758225320442,0.14713758235231741,0.14713758238740865,0.14713758239608532,0.1471375823786328,0.14713758235231741,0.1471375823786328,0.14713758239608532,0.14713758240453512,0.14713758239608532,0.14713758238740865,0.14713758239608532,0.14713758240453512,0.145925118280613,0.14592511827376373,0.14592511826708743,0.14592511827376373,0.145925118280613,0.14592511827376373,0.14592511826043403,0.14592511824151613,0.14592511826043403,0.14592511827376373,0.14592511826708743,0.14592511824151613,0.14592511817137901,0.14592511824151613,0.14592511826708743,0.14592511827376373,0.14592511826043403,0.14592511824151613,0.14592511826043403,0.14592511827376373,0.145925118280613,0.14592511827376373,0.14592511826708743,0.14592511827376373,0.145925118280613,0.14473660970745386,0.14473660970166194,0.14473660969603813,0.14473660970166194,0.14473660970745386,0.14473660970166194,0.14473660969045357,0.1447366096744119,0.14473660969045357,0.14473660970166194,0.14473660969603813,0.1447366096744119,0.14473660961332716,0.1447366096744119,0.14473660969603813,0.14473660970166194,0.14473660969045357,0.1447366096744119,0.14473660969045357,0.14473660970166194,0.14473660970745386,0.14473660970166194,0.14473660969603813,0.14473660970166194,0.14473660970745386,0.1435715308203696,0.14357153081508256,0.14357153080983845,0.14357153081508256,0.1435715308203696,0.14357153081508256,0.14357153080459675,0.14357153078912915,0.14357153080459675,0.14357153081508256,0.14357153080983845,0.14357153078912915,0.14357153072853038,0.14357153078912915,0.14357153080983845,0.14357153081508256,0.14357153080459675,0.14357153078912915,0.14357153080459675,0.14357153081508256,0.1435715308203696,0.14357153081508256,0.14357153080983845,0.14357153081508256,0.1435715308203696,0.14242936456965127,0.1424293645647368,0.1424293645596435,0.1424293645647368,0.14242936456965127,0.1424293645647368,0.14242936455447944,0.14242936453855104,0.14242936455447944,0.1424293645647368,0.1424293645596435,0.14242936453855104,0.14242936447352736,0.14242936453855104,0.1424293645596435,0.1424293645647368,0.14242936455447944,0.14242936453855104,0.14242936455447944,0.1424293645647368,0.14242936456965127,0.1424293645647368,0.1424293645596435,0.1424293645647368,0.14242936456965127,0.14130960293259373,0.14130960292867994,0.14130960292422146,0.14130960292867994,0.14130960293259373,0.14130960292867994,0.14130960291958383,0.14130960290393246,0.14130960291958383,0.14130960292867994,0.14130960292422146,0.14130960290393246,0.14130960283482227,0.14130960290393246,0.14130960292422146,0.14130960292867994,0.14130960291958383,0.14130960290393246,0.14130960291958383,0.14130960292867994,0.14130960293259373,0.14130960292867994,0.14130960292422146,0.14130960292867994,0.14130960293259373,0.14021174708083797,0.1402117470798087,0.1402117470777779,0.1402117470798087,0.14021174708083797,0.1402117470798087,0.14021174707546552,0.14021174706463255,0.14021174707546552,0.1402117470798087,0.1402117470777779,0.14021174706463255,0.14021174700362218,0.14021174706463255,0.1402117470777779,0.1402117470798087,0.14021174707546552,0.14021174706463255,0.14021174707546552,0.1402117470798087,0.14021174708083797,0.1402117470798087,0.1402117470777779,0.1402117470798087,0.14021174708083797,0.13913530750689193,0.13913530751217634,0.1391353075164634,0.13913530751217634,0.13913530750689193,0.13913530751217634,0.13913530752052686,0.13913530752820258,0.13913530752052686,0.13913530751217634,0.1391353075164634,0.13913530752820258,0.13913530753961398,0.13913530752820258,0.1391353075164634,0.13913530751217634,0.13913530752052686,0.13913530752820258,0.13913530752052686,0.13913530751217634,0.13913530750689193,0.13913530751217634,0.1391353075164634,0.13913530751217634,0.13913530750689193,0.13807980411409856,0.13807980412909743,0.13807980414410745,0.13807980412909743,0.13807980411409856,0.13807980412909743,0.13807980415928925,0.13807980420050064,0.13807980415928925,0.13807980412909743,0.13807980414410745,0.13807980420050064,0.13807980431615705,0.13807980420050064,0.13807980414410745,0.13807980412909743,0.13807980415928925,0.13807980420050064,0.13807980415928925,0.13807980412909743,0.13807980411409856,0.13807980412909743,0.13807980414410745,0.13807980412909743,0.13807980411409856,0.13704476627745144,0.13704476630208146,0.13704476633190685,0.13704476630208146,0.13704476627745144,0.13704476630208146,0.13704476636282556,0.13704476648465932,0.13704476636282556,0.13704476630208146,0.13704476633190685,0.13704476648465932,0.13704476715955752,0.13704476648465932,0.13704476633190685,0.13704476630208146,0.13704476636282556,0.13704476648465932,0.13704476636282556,0.13704476630208146,0.13704476627745144,0.13704476630208146,0.13704476633190685,0.13704476630208146,0.13704476627745144,0.13602973288245723,0.13602973289963843,0.13602973291644738,0.13602973289963843,0.13602973288245723,0.13602973289963843,0.1360297329333065,0.13602973297829607,0.1360297329333065,0.13602973289963843,0.13602973291644738,0.13602973297829607,0.13602973310307345,0.13602973297829607,0.13602973291644738,0.13602973289963843,0.1360297329333065,0.13602973297829607,0.1360297329333065,0.13602973289963843,0.13602973288245723,0.13602973289963843,0.13602973291644738,0.13602973289963843,0.13602973288245723,0.13503425236587754,0.13503425237663444,0.1350342523855116,0.13503425237663444,0.13503425236587754,0.13503425237663444,0.13503425239393393,0.13503425241107692,0.13503425239393393,0.13503425237663444,0.1350342523855116,0.13503425241107692,0.13503425244223638,0.13503425241107692,0.1350342523855116,0.13503425237663444,0.13503425239393393,0.13503425241107692,0.13503425239393393,0.13503425237663444,0.13503425236587754,0.13503425237663444,0.1350342523855116,0.13503425237663444,0.13503425236587754
0.1653324876927468,0.16533248769274658,0.16533248769274658,0.16533248769274658,0.1653324876927468,0.16533248769274658,0.16533248769274658,0.16533248769274658,0.16533248769274658,0.16533248769274658,0.16533248769274658,0.16533248769274658,0.16533248769274658,0.16533248769274658,0.16533248769274658,0.16533248769274658,0.16533248769274658,0.16533248769274658,0.16533248769274658,0.16533248769274658,0.1653324876927468,0.16533248769274658,0.16533248769274658,0.16533248769274658,0.1653324876927468,0.16375749397585757,0.16375749397585732,0.16375749397585732,0.16375749397585732,0.16375749397585757,0.16375749397585732,0.16375749397585732,0.16375749397585707,0.16375749397585732,0.16375749397585732,0.16375749397585732,0.16375749397585707,0.16375749397585707,0.16375749397585707,0.16375749397585732,0.16375749397585732,0.16375749397585732,0.16375749397585707,0.16375749397585732,0.16375749397585732,0.16375749397585757,0.16375749397585732,0.16375749397585732,0.16375749397585732,0.16375749397585757,0.16221388419087981,0.16221388419087934,0.16221388419087912,0.16221388419087934,0.16221388419087981,0.16221388419087934,0.1622138841908789,0.16221388419087845,0.1622138841908789,0.16221388419087934,0.16221388419087912,0.16221388419087845,0.1622138841908782,0.16221388419087845,0.16221388419087912,0.16221388419087934,0.1622138841908789,0.16221388419087845,0.1622138841908789,0.16221388419087934,0.16221388419087981,0.16221388419087934,0.16221388419087912,0.16221388419087934,0.16221388419087981,0.16070106729485556,0.16070106729485398,0.16070106729485312,0.16070106729485398,0.16070106729485556,0.16070106729485398,0.16070106729485245,0.16070106729485156,0.16070106729485245,0.16070106729485398,0.16070106729485312,0.16070106729485156,0.16070106729485042,0.16070106729485156,0.16070106729485312,0.16070106729485398,0.16070106729485245,0.16070106729485156,0.16070106729485245,0.16070106729485398,0.16070106729485556,0.16070106729485398,0.16070106729485312,0.16070106729485398,0.16070106729485556,0.1592184516627655,0.1592184516627609,0.15921845166275808,0.1592184516627609,0.1592184516627655,0.1592184516627609,0.1592184516627559,0.15921845166275286,0.1592184516627559,0.1592184516627609,0.15921845166275808,0.15921845166275286,0.1592184516627496,0.15921845166275286,0.15921845166275808,0.1592184516627609,0.1592184516627559,0.15921845166275286,0.1592184516627559,0.1592184516627609,0.1592184516627655,0.1592184516627609,0.15921845166275808,0.1592184516627609,0.1592184516627655,0.15776544643938345,0.15776544643936916,0.1577654464393602,0.15776544643936916,0.15776544643938345,0.15776544643936916,0.1577654464393538,0.15776544643934398,0.1577654464393538,0.15776544643936916,0.1577654464393602,0.15776544643934398,0.1577654464393333,0.15776544643934398,0.1577654464393602,0.15776544643936916,0.1577654464393538,0.15776544643934398,0.1577654464393538,0.15776544643936916,0.15776544643938345,0.15776544643936916,0.1577654464393602,0.15776544643936916,0.15776544643938345,0.15634146275360705,0.15634146275356442,0.15634146275353678,0.15634146275356442,0.15634146275360705,0.15634146275356442,0.15634146275351632,0.1563414627534845,0.15634146275351632,0.15634146275356442,0.15634146275353678,0.1563414627534845,0.15634146275344918,0.1563414627534845,0.15634146275353678,0.15634146275356442,0.15634146275351632,0.1563414627534845,0.15634146275351632,0.15634146275356442,0.15634146275360705,0.15634146275356442,0.15634146275353678,0.15634146275356442,0.15634146275360705,0.15494591480554515,0.15494591480541992,0.15494591480533632,0.15494591480541992,0.15494591480554515,0.15494591480541992,0.15494591480527012,0.15494591480516623,0.15494591480527012,0.15494591480541992,0.15494591480533632,0.15494591480516623,0.15494591480504347,0.15494591480516623,0.15494591480533632,0.15494591480541992,0.15494591480527012,0.15494591480516623,0.15494591480527012,0.15494591480541992,0.15494591480554515,0.15494591480541992,0.15494591480533632,0.15494591480541992,0.15494591480554515,0.15357822083609662,0.15357822083573971,0.15357822083548986,0.15357822083573971,0.15357822083609662,0.15357822083573971,0.15357822083527958,0.15357822083493253,0.15357822083527958,0.15357822083573971,0.15357822083548986,0.15357822083493253,0.15357822083448985,0.15357822083493253,0.15357822083548986,0.15357822083573971,0.15357822083527958,0.15357822083493253,0.15357822083527958,0.15357822083573971,0.15357822083609662,0.15357822083573971,0.15357822083548986,0.15357822083573971,0.15357822083609662,0.15223780398824852,0.15223780398728223,0.15223780398655787,0.15223780398728223,0.15223780398824852,0.15223780398728223,0.15223780398590692,0.15223780398474696,0.15223780398590692,0.15223780398728223,0.15223780398655787,0.15223780398474696,0.15223780398304274,0.15223780398474696,0.15223780398655787,0.15223780398728223,0.15223780398590692,0.15223780398474696,0.15223780398590692,0.15223780398728223,0.15223780398824852,0.15223780398728223,0.15223780398655787,0.15223780398728223,0.15223780398824852,0.15092409306886273,0.15092409306645005,0.15092409306444446,0.15092409306645005,0.15092409306886273,0.15092409306645005,0.150924093062539,0.1509240930586044,0.150924093062539,0.15092409306645005,0.15092409306444446,0.1509240930586044,0.15092409305131455,0.1509240930586044,0.15092409306444446,0.15092409306645005,0.150924093062539,0.1509240930586044,0.150924093062539,0.15092409306645005,0.15092409306886273,0.15092409306645005,0.15092409306444446,0.15092409306645005,0.15092409306886273,0.14963652321922666,0.14963652321397616,0.1496365232089346,0.14963652321397616,0.14963652321922666,0.14963652321397616,0.14963652320390575,0.14963652319081416,0.14963652320390575,0.14963652321397616,0.1496365232089346,0.14963652319081416,0.14963652315556078,0.14963652319081416,0.1496365232089346,0.14963652321397616,0.14963652320390575,0.14963652319081416,0.14963652320390575,0.14963652321397616,0.14963652321922666,0.14963652321397616,0.1496365232089346,0.14963652321397616,0.14963652321922666,0.14837453650165447,0.14837453649285962,0.14837453648284588,0.14837453649285962,0.14837453650165447,0.14837453649285962,0.14837453647256807,0.14837453643505968,0.14837453647256807,0.14837453649285962,0.14837453648284588,0.14837453643505968,0.14837453624204397,0.14837453643505968,0.14837453648284588,0.14837453649285962,0.14837453647256807,0.14837453643505968,0.14837453647256807,0.14837453649285962,0.14837453650165447,0.14837453649285962,0.14837453648284588,0.14837453649285962,0.14837453650165447,0.14713758240644723,0.14713758239810862,0.1471375823895097,0.14713758239810862,0.14713758240644723,0.14713758239810862,0.14713758238080796,0.14713758235443536,0.14713758238080796,0.14713758239810862,0.1471375823895097,0.14713758235443536,0.1471375822528311,0.14713758235443536,0.1471375823895097,0.14713758239810862,0.14713758238080796,0.14713758235443536,0.14713758238080796,0.14713758239810862,0.14713758240644723,0.14713758239810862,0.1471375823895097,0.14713758239810862,0.14713758240644723,0.14592511828000007,0.14592511827303262,0.14592511826618873,0.14592511827303262,0.14592511828000007,0.14592511827303262,0.1459251182593557,0.1459251182396869,0.1459251182593557,0.14592511827303262,0.14592511826618873,0.1459251182396869,0.145925118165601,0.1459251182396869,0.14592511826618873,0.14592511827303262,0.1459251182593557,0.1459251182396869,0.1459251182593557,0.14592511827303262,0.14592511828000007,0.14592511827303262,0.14592511826618873,0.14592511827303262,0.14592511828000007,0.14473660970452526,0.14473660969854726,0.14473660969271346,0.14473660969854726,0.14473660970452526,0.14473660969854726,0.14473660968691088,0.14473660967014174,0.14473660968691088,0.14473660969854726,0.14473660969271346,0.14473660967014174,0.14473660960592363,0.14473660967014174,0.14473660969271346,0.14473660969854726,0.14473660968691088,0.14473660967014174,0.14473660968691088,0.14473660969854726,0.14473660970452526,0.14473660969854726,0.14473660969271346,0.14473660969854726,0.14473660970452526,0.14357153081547577,0.14357153081001728,0.14357153080459506,0.14357153081001728,0.14357153081547577,0.14357153081001728,0.14357153079917265,0.14357153078315152,0.14357153079917265,0.14357153081001728,0.14357153080459506,0.14357153078315152,0.14357153072033751,0.14357153078315152,0.14357153080459506,0.14357153081001728,0.14357153079917265,0.14357153078315152,0.14357153079917265,0.14357153081001728,0.14357153081547577,0.14357153081001728,0.14357153080459506,0.14357153081001728,0.14357153081547577,0.14242936456311614,0.14242936455806798,0.14242936455284286,0.14242936455806798,0.14242936456311614,0.14242936455806798,0.14242936454754693,0.1424293645312342,0.14242936454754693,0.14242936455806798,0.14242936455284286,0.1424293645312342,0.14242936446475005,0.1424293645312342,0.14242936455284286,0.14242936455806798,0.14242936454754693,0.1424293645312342,0.14242936454754693,0.14242936455806798,0.14242936456311614,0.14242936455806798,0.14242936455284286,0.14242936455806798,0.14242936456311614,0.141309602924666,0.14130960292065203,0.14130960291609782,0.14130960292065203,0.141309602924666,0.14130960292065203,0.14130960291136563,0.14130960289544767,0.14130960291136563,0.14130960292065203,0.14130960291609782,0.14130960289544767,0.14130960282531188,0.14130960289544767,0.14130960291609782,0.14130960292065203,0.14130960291136563,0.14130960289544767,0.14130960291136563,0.14130960292065203,0.141309602924666,0.14130960292065203,0.14130960291609782,0.14130960292065203,0.141309602924666,0.14021174707170025,0.14021174707058842,0.14021174706848213,0.14021174707058842,0.14021174707170025,0.14021174707058842,0.14021174706609674,0.14021174705506542,0.14021174706609674,0.14021174707058842,0.14021174706848213,0.14021174705506542,0.14021174699332428,0.14021174705506542,0.14021174706848213,0.14021174707058842,0.14021174706609674,0.14021174705506542,0.14021174706609674,0.14021174707058842,0.14021174707170025,0.14021174707058842,0.14021174706848213,0.14021174707058842,0.14021174707170025,0.1391353074966912,0.1391353075018861,0.13913530750609712,0.1391353075018861,0.1391353074966912,0.1391353075018861,0.13913530751008768,0.13913530751760672,0.13913530751008768,0.1391353075018861,0.13913530750609712,0.13913530751760672,0.13913530752869857,0.13913530751760672,0.13913530750609712,0.1391353075018861,0.13913530751008768,0.13913530751760672,0.13913530751008768,0.1391353075018861,0.1391353074966912,0.1391353075018861,0.13913530750609712,0.1391353075018861,0.1391353074966912,0.13807980410299697,0.13807980411785475,0.13807980413272772,0.13807980411785475,0.13807980410299697,0.13807980411785475,0.13807980414777246,0.13807980418862323,0.13807980414777246,0.13807980411785475,0.13807980413272772,0.13807980418862323,0.13807980430329805,0.13807980418862323,0.13807980413272772,0.13807980411785475,0.13807980414777246,0.13807980418862323,0.13807980414777246,0.13807980411785475,0.13807980410299697,0.13807980411785475,0.13807980413272772,0.13807980411785475,0.13807980410299697,0.1370447662657197,0.13704476629014312,0.13704476631972204,0.13704476629014312,0.1370447662657197,0.13704476629014312,0.1370447663503864,0.13704476647122854,0.1370447663503864,0.13704476629014312,0.13704476631972204,0.13704476647122854,0.13704476714066197,0.13704476647122854,0.13704476631972204,0.13704476629014312,0.1370447663503864,0.13704476647122854,0.1370447663503864,0.13704476629014312,0.1370447662657197,0.13704476629014312,0.13704476631972204,0.13704476629014312,0.1370447662657197,0.13602973287050338,0.13602973288754297,0.13602973290421422,0.13602973288754297,0.13602973287050338,0.13602973288754297,0.13602973292093562,0.13602973296555942,0.13602973292093562,0.13602973288754297,0.13602973290421422,0.13602973296555942,0.1360297330893263,0.13602973296555942,0.13602973290421422,0.13602973288754297,0.13602973292093562,0.13602973296555942,0.13602973292093562,0.13602973288754297,0.13602973287050338,0.13602973288754297,0.13602973290421422,0.13602973288754297,0.13602973287050338,0.13503425235398028,0.135034252364649,0.13503425237345362,0.135034252364649,0.13503425235398028,0.135034252364649,0.13503425238180738,0.13503425239881087,0.13503425238180738,0.135034252364649,0.13503425237345362,0.13503425239881087,0.13503425242971742,0.13503425239881087,0.13503425237345362,0.135034252364649,0.13503425238180738,0.13503425239881087,0.13503425238180738,0.135034252364649,0.13503425235398028,0.135034252364649,0.13503425237345362,0.135034252364649,0.13503425235398028
0.16533248770080342,0.16533248770080342,0.16533248770080342,0.16533248770080342,0.16533248770080342,0.16533248770080342,0.16533248770080342,0.16533248770080317,0.16533248770080342,0.16533248770080342,0.16533248770080342,0.16533248770080317,0.16533248770080317,0.16533248770080317,0.16533248770080342,0.16533248770080342,0.16533248770080342,0.16533248770080317,0.16533248770080342,0.16533248770080342,0.16533248770080342,0.16533248770080342,0.16533248770080342,0.16533248770080342,0.16533248770080342,0.16375749398375536,0.16375749398375514,0.16375749398375514,0.16375749398375514,0.16375749398375536,0.16375749398375514,0.16375749398375514,0.16375749398375491,0.16375749398375514,0.16375749398375514,0.16375749398375514,0.16375749398375491,0.16375749398375491,0.16375749398375491,0.16375749398375514,0.16375749398375514,0.16375749398375514,0.16375749398375491,0.16375749398375514,0.16375749398375514,0.16375749398375536,0.16375749398375514,0.16375749398375514,0.16375749398375514,0.16375749398375536,0.16221388419862284,0.1622138841986224,0.16221388419862215,0.1622138841986224,0.16221388419862284,0.1622138841986224,0.16221388419862193,0.16221388419862148,0.16221388419862193,0.1622138841986224,0.16221388419862215,0.16221388419862148,0.16221388419862126,0.16221388419862148,0.16221388419862215,0.1622138841986224,0.16221388419862193,0.16221388419862148,0.16221388419862193,0.1622138841986224,0.16221388419862284,0.1622138841986224,0.16221388419862215,0.1622138841986224,0.16221388419862284,0.16070106730244785,0.16070106730244652,0.16070106730244563,0.16070106730244652,0.16070106730244785,0.16070106730244652,0.16070106730244496,0.1607010673024441,0.16070106730244496,0.16070106730244652,0.16070106730244563,0.1607010673024441,0.16070106730244318,0.1607010673024441,0.16070106730244563,0.16070106730244652,0.16070106730244496,0.1607010673024441,0.16070106730244496,0.16070106730244652,0.16070106730244785,0.16070106730244652,0.16070106730244563,0.16070106730244652,0.16070106730244785,0.1592184516702112,0.15921845167020704,0.1592184516702042,0.15921845167020704,0.1592184516702112,0.15921845167020704,0.1592184516702025,0.15921845167019943,0.1592184516702025,0.15921845167020704,0.1592184516702042,0.15921845167019943,0.1592184516701966,0.15921845167019943,0.1592184516702042,0.15921845167020704,0.1592184516702025,0.15921845167019943,0.1592184516702025,0.15921845167020704,0.1592184516702112,0.15921845167020704,0.1592184516702042,0.15921845167020704,0.1592184516702112,0.15776544644668594,0.15776544644667276,0.15776544644666443,0.15776544644667276,0.15776544644668594,0.15776544644667276,0.15776544644665866,0.1577654464466495,0.15776544644665866,0.15776544644667276,0.15776544644666443,0.1577654464466495,0.15776544644663967,0.1577654464466495,0.15776544644666443,0.15776544644667276,0.15776544644665866,0.1577654464466495,0.15776544644665866,0.15776544644667276,0.15776544644668594,0.15776544644667276,0.15776544644666443,0.15776544644667276,0.15776544644668594,0.15634146276076832,0.15634146276072902,0.15634146276070351,0.15634146276072902,0.15634146276076832,0.15634146276072902,0.15634146276068428,0.15634146276065503,0.15634146276068428,0.15634146276072902,0.15634146276070351,0.15634146276065503,0.15634146276062239,0.15634146276065503,0.15634146276070351,0.15634146276072902,0.15634146276068428,0.15634146276065503,0.15634146276068428,0.15634146276072902,0.15634146276076832,0.15634146276072902,0.15634146276070351,0.15634146276072902,0.15634146276076832,0.15494591481256323,0.15494591481244704,0.15494591481236936,0.15494591481244704,0.15494591481256323,0.15494591481244704,0.1549459148123083,0.15494591481221195,0.1549459148123083,0.15494591481244704,0.15494591481236936,0.15494591481221195,0.15494591481209885,0.15494591481221195,0.15494591481236936,0.15494591481244704,0.1549459148123083,0.15494591481221195,0.1549459148123083,0.15494591481244704,0.15494591481256323,0.15494591481244704,0.15494591481236936,0.15494591481244704,0.15494591481256323,0.15357822084295641,0.15357822084262482,0.15357822084239303,0.15357822084262482,0.15357822084295641,0.15357822084262482,0.1535782208421984,0.1535782208418773,0.1535782208421984,0.15357822084262482,0.15357822084239303,0.1535782208418773,0.15357822084146816,0.1535782208418773,0.15357822084239303,0.15357822084262482,0.1535782208421984,0.1535782208418773,0.1535782208421984,0.15357822084262482,0.15357822084295641,0.15357822084262482,0.15357822084239303,0.15357822084262482,0.15357822084295641,0.1522378039949013,0.15223780399400214,0.15223780399332934,0.15223780399400214,0.1522378039949013,0.15223780399400214,0.15223780399272605,0.15223780399165227,0.15223780399272605,0.15223780399400214,0.15223780399332934,0.15223780399165227,0.15223780399007952,0.15223780399165227,0.15223780399332934,0.15223780399400214,0.15223780399272605,0.15223780399165227,0.15223780399272605,0.15223780399400214,0.1522378039949013,0.15223780399400214,0.15223780399332934,0.15223780399400214,0.1522378039949013,0.150924093075172,0.15092409307292098,0.15092409307105564,0.15092409307292098,0.150924093075172,0.15092409307292098,0.15092409306928636,0.15092409306564636,0.15092409306928636,0.15092409307292098,0.15092409307105564,0.15092409306564636,0.15092409305893334,0.15092409306564636,0.15092409307105564,0.15092409307292098,0.15092409306928636,0.15092409306564636,0.15092409306928636,0.15092409307292098,0.150924093075172,0.15092409307292098,0.15092409307105564,0.15092409307292098,0.150924093075172,0.14963652322485796,0.14963652321993534,0.14963652321523302,0.14963652321993534,0.14963652322485796,0.14963652321993534,0.14963652321055015,0.1496365231984348,0.14963652321055015,0.14963652321993534,0.14963652321523302,0.1496365231984348,0.14963652316603757,0.1496365231984348,0.14963652321523302,0.14963652321993534,0.14963652321055015,0.1496365231984348,0.14963652321055015,0.14963652321993534,0.14963652322485796,0.14963652321993534,0.14963652321523302,0.14963652321993534,0.14963652322485796,0.1483745365059239,0.1483745364975835,0.14837453648816543,0.1483745364975835,0.1483745365059239,0.1483745364975835,0.14837453647851268,0.14837453644368345,0.14837453647851268,0.1483745364975835,0.14837453648816543,0.14837453644368345,0.14837453626658056,0.14837453644368345,0.14837453648816543,0.1483745364975835,0.14837453647851268,0.14837453644368345,0.14837453647851268,0.1483745364975835,0.1483745365059239,0.1483745364975835,0.14837453648816543,0.1483745364975835,0.1483745365059239,0.14713758240839822,0.14713758240017372,0.14713758239165453,0.14713758240017372,0.14713758240839822,0.14713758240017372,0.1471375823830291,0.14713758235659835,0.1471375823830291,0.14713758240017372,0.14713758239165453,0.14713758235659835,0.14713758225245163,0.14713758235659835,0.14713758239165453,0.14713758240017372,0.1471375823830291,0.14713758235659835,0.1471375823830291,0.14713758240017372,0.14713758240839822,0.14713758240017372,0.14713758239165453,0.14713758240017372,0.14713758240839822,0.14592511827936563,0.14592511827227708,0.1459251182652617,0.14592511827227708,0.14592511827936563,0.14592511827227708,0.14592511825824492,0.1459251182378078,0.14592511825824492,0.14592511827227708,0.1459251182652617,0.1459251182378078,0.14592511815972112,0.1459251182378078,0.1459251182652617,0.14592511827227708,0.14592511825824492,0.1459251182378078,0.14592511825824492,0.14592511827227708,0.14592511827936563,0.14592511827227708,0.1459251182652617,0.14592511827227708,0.14592511827936563,0.14473660970151966,0.14473660969535107,0.14473660968930208,0.14473660969535107,0.14473660970151966,0.14473660969535107,0.14473660968327606,0.14473660966576105,0.14473660968327606,0.14473660969535107,0.14473660968930208,0.14473660966576105,0.14473660959829143,0.14473660966576105,0.14473660968930208,0.14473660969535107,0.14473660968327606,0.14473660966576105,0.14473660968327606,0.14473660969535107,0.14473660970151966,0.14473660969535107,0.14473660968930208,0.14473660969535107,0.14473660970151966,0.14357153081045856,0.143571530804824,0.14357153079921903,0.143571530804824,0.14357153081045856,0.143571530804824,0.1435715307936108,0.14357153077702123,0.1435715307936108,0.143571530804824,0.14357153079921903,0.14357153077702123,0.14357153071192696,0.14357153077702123,0.14357153079921903,0.143571530804824,0.1435715307936108,0.14357153077702123,0.1435715307936108,0.143571530804824,0.14357153081045856,0.143571530804824,0.14357153079921903,0.143571530804824,0.14357153081045856,0.14242936455641997,0.14242936455123428,0.14242936454587307,0.14242936455123428,0.14242936455641997,0.14242936455123428,0.14242936454044128,0.1424293645237325,0.14242936454044128,0.14242936455123428,0.14242936454587307,0.1424293645237325,0.14242936445570556,0.1424293645237325,0.14242936454587307,0.14242936455123428,0.14242936454044128,0.1424293645237325,0.14242936454044128,0.14242936455123428,0.14242936455641997,0.14242936455123428,0.14242936454587307,0.14242936455123428,0.14242936455641997,0.1413096029165473,0.14130960291242955,0.14130960290777633,0.14130960291242955,0.1413096029165473,0.14130960291242955,0.14130960290294664,0.14130960288675204,0.14130960290294664,0.14130960291242955,0.14130960290777633,0.14130960288675204,0.14130960281559327,0.14130960288675204,0.14130960290777633,0.14130960291242955,0.14130960290294664,0.14130960288675204,0.14130960290294664,0.14130960291242955,0.1413096029165473,0.14130960291242955,0.14130960290777633,0.14130960291242955,0.1413096029165473,0.14021174706234776,0.1402117470611506,0.14021174705896627,0.1402117470611506,0.14021174706234776,0.1402117470611506,0.14021174705650524,0.14021174704526768,0.14021174705650524,0.1402117470611506,0.14021174705896627,0.14021174704526768,0.14021174698274044,0.14021174704526768,0.14021174705896627,0.1402117470611506,0.14021174705650524,0.14021174704526768,0.14021174705650524,0.1402117470611506,0.14021174706234776,0.1402117470611506,0.14021174705896627,0.1402117470611506,0.14021174706234776,0.13913530748625708,0.13913530749136027,0.13913530749549333,0.13913530749136027,0.13913530748625708,0.13913530749136027,0.13913530749940914,0.13913530750676747,0.13913530749940914,0.13913530749136027,0.13913530749549333,0.13913530750676747,0.13913530751753064,0.13913530750676747,0.13913530749549333,0.13913530749136027,0.13913530749940914,0.13913530750676747,0.13913530749940914,0.13913530749136027,0.13913530748625708,0.13913530749136027,0.13913530749549333,0.13913530749136027,0.13913530748625708,0.1380798040916478,0.13807980410636167,0.13807980412109525,0.13807980410636167,0.1380798040916478,0.13807980410636167,0.13807980413600032,0.13807980417648427,0.13807980413600032,0.13807980410636167,0.13807980412109525,0.13807980417648427,0.13807980429016123,0.13807980417648427,0.13807980412109525,0.13807980410636167,0.13807980413600032,0.13807980417648427,0.13807980413600032,0.13807980410636167,0.1380798040916478,0.13807980410636167,0.13807980412109525,0.13807980410636167,0.1380798040916478,0.13704476625373088,0.1370447662779442,0.13704476630727286,0.1370447662779442,0.13704476625373088,0.1370447662779442,0.13704476633767856,0.13704476645751318,0.13704476633767856,0.1370447662779442,0.13704476630727286,0.13704476645751318,0.13704476712141508,0.13704476645751318,0.13704476630727286,0.1370447662779442,0.13704476633767856,0.13704476645751318,0.13704476633767856,0.1370447662779442,0.13704476625373088,0.1370447662779442,0.13704476630727286,0.1370447662779442,0.13704476625373088,0.1360297328582901,0.1360297328751856,0.13602973289171688,0.1360297328751856,0.1360297328582901,0.1360297328751856,0.13602973290829842,0.1360297329525505,0.13602973290829842,0.1360297328751856,0.13602973289171688,0.1360297329525505,0.13602973307529093,0.1360297329525505,0.13602973289171688,0.1360297328751856,0.13602973290829842,0.1360297329525505,0.13602973290829842,0.1360297328751856,0.1360297328582901,0.1360297328751856,0.13602973289171688,0.1360297328751856,0.1360297328582901,0.1350342523418255,0.13503425235240454,0.13503425236113548,0.13503425235240454,0.1350342523418255,0.13503425235240454,0.13503425236941946,0.13503425238628125,0.13503425236941946,0.13503425235240454,0.13503425236113548,0.13503425238628125,0.13503425241693118,0.13503425238628125,0.13503425236113548,0.13503425235240454,0.13503425236941946,0.13503425238628125,0.13503425236941946,0.13503425235240454,0.1350342523418255,0.13503425235240454,0.13503425236113548,0.13503425235240454,0.1350342523418255
0.16533248770904058,0.16533248770904033,0.16533248770904033,0.16533248770904033,0.16533248770904058,0.16533248770904033,0.16533248770904033,0.16533248770904033,0.16533248770904033,0.16533248770904033,0.16533248770904033,0.16533248770904033,0.16533248770904033,0.16533248770904033,0.16533248770904033,0.16533248770904033,0.16533248770904033,0.16533248770904033,0.16533248770904033,0.16533248770904033,0.16533248770904058,0.16533248770904033,0.16533248770904033,0.16533248770904033,0.16533248770904058,0.1637574939918299,0.16375749399182965,0.16375749399182965,0.16375749399182965,0.1637574939918299,0.16375749399182965,0.16375749399182965,0.1637574939918294,0.16375749399182965,0.16375749399182965,0.16375749399182965,0.1637574939918294,0.1637574939918294,0.1637574939918294,0.16375749399182965,0.16375749399182965,0.16375749399182965,0.1637574939918294,0.16375749399182965,0.16375749399182965,0.1637574939918299,0.16375749399182965,0.16375749399182965,0.16375749399182965,0.1637574939918299,0.16221388420653884,0.16221388420653862,0.16221388420653818,0.16221388420653862,0.16221388420653884,0.16221388420653862,0.16221388420653818,0.16221388420653773,0.16221388420653818,0.16221388420653862,0.16221388420653818,0.16221388420653773,0.16221388420653748,0.16221388420653773,0.16221388420653818,0.16221388420653862,0.16221388420653818,0.16221388420653773,0.16221388420653818,0.16221388420653862,0.16221388420653884,0.16221388420653862,0.16221388420653818,0.16221388420653862,0.16221388420653884,0.1607010673102099,0.16070106731020856,0.16070106731020767,0.16070106731020856,0.1607010673102099,0.16070106731020856,0.16070106731020722,0.16070106731020634,0.16070106731020722,0.16070106731020856,0.16070106731020767,0.16070106731020634,0.16070106731020542,0.16070106731020634,0.16070106731020767,0.16070106731020856,0.16070106731020722,0.16070106731020634,0.16070106731020722,0.16070106731020856,0.1607010673102099,0.16070106731020856,0.16070106731020767,0.16070106731020856,0.1607010673102099,0.15921845167782323,0.1592184516778191,0.15921845167781667,0.1592184516778191,0.15921845167782323,0.1592184516778191,0.15921845167781495,0.15921845167781232,0.15921845167781495,0.1592184516778191,0.15921845167781667,0.15921845167781232,0.1592184516778095,0.15921845167781232,0.15921845167781667,0.1592184516778191,0.15921845167781495,0.15921845167781232,0.15921845167781495,0.1592184516778191,0.15921845167782323,0.1592184516778191,0.15921845167781667,0.1592184516778191,0.15921845167782323,0.15776544645415128,0.15776544645413915,0.15776544645413146,0.15776544645413915,0.15776544645415128,0.15776544645413915,0.15776544645412616,0.1577654464541176,0.15776544645412616,0.15776544645413915,0.15776544645413146,0.1577654464541176,0.15776544645410864,0.1577654464541176,0.15776544645413146,0.15776544645413915,0.15776544645412616,0.1577654464541176,0.15776544645412616,0.15776544645413915,0.15776544645415128,0.15776544645413915,0.15776544645413146,0.15776544645413915,0.15776544645415128,0.15634146276808916,0.15634146276805277,0.15634146276802938,0.15634146276805277,0.15634146276808916,0.15634146276805277,0.1563414627680118,0.15634146276798483,0.1563414627680118,0.15634146276805277,0.15634146276802938,0.15634146276798483,0.15634146276795513,0.15634146276798483,0.15634146276802938,0.15634146276805277,0.1563414627680118,0.15634146276798483,0.1563414627680118,0.15634146276805277,0.15634146276808916,0.15634146276805277,0.15634146276802938,0.15634146276805277,0.15634146276808916,0.15494591481973707,0.15494591481962988,0.1549459148195586,0.15494591481962988,0.15494591481973707,0.15494591481962988,0.15494591481950243,0.1549459148194143,0.15494591481950243,0.15494591481962988,0.1549459148195586,0.1549459148194143,0.15494591481931103,0.1549459148194143,0.1549459148195586,0.15494591481962988,0.15494591481950243,0.1549459148194143,0.15494591481950243,0.15494591481962988,0.15494591481973707,0.15494591481962988,0.1549459148195586,0.15494591481962988,0.15494591481973707,0.15357822084996803,0.15357822084966236,0.15357822084944908,0.15357822084966236,0.15357822084996803,0.15357822084966236,0.1535782208492703,0.15357822084897588,0.1535782208492703,0.15357822084966236,0.15357822084944908,0.15357822084897588,0.1535782208486011,0.15357822084897588,0.15357822084944908,0.15357822084966236,0.1535782208492703,0.15357822084897588,0.1535782208492703,0.15357822084966236,0.15357822084996803,0.15357822084966236,0.15357822084944908,0.15357822084966236,0.15357822084996803,0.15223780400170073,0.15223780400087025,0.15223780400025003,0.15223780400087025,0.15223780400170073,0.15223780400087025,0.15223780399969575,0.15223780399870995,0.15223780399969575,0.15223780400087025,0.15223780400025003,0.15223780399870995,0.15223780399727202,0.15223780399870995,0.15223780400025003,0.15223780400087025,0.15223780399969575,0.15223780399870995,0.15223780399969575,0.15223780400087025,0.15223780400170073,0.15223780400087025,0.15223780400025003,0.15223780400087025,0.15223780400170073,0.15092409308161994,0.15092409307953408,0.15092409307781227,0.15092409307953408,0.15092409308161994,0.15092409307953408,0.1509240930761821,0.15092409307284343,0.1509240930761821,0.15092409307953408,0.15092409307781227,0.15092409307284343,0.15092409306672014,0.15092409307284343,0.15092409307781227,0.15092409307953408,0.1509240930761821,0.15092409307284343,0.1509240930761821,0.15092409307953408,0.15092409308161994,0.15092409307953408,0.15092409307781227,0.15092409307953408,0.15092409308161994,0.14963652323061213,0.14963652322602478,0.14963652322166923,0.14963652322602478,0.14963652323061213,0.14963652322602478,0.14963652321734033,0.14963652320622317,0.14963652321734033,0.14963652322602478,0.14963652322166923,0.14963652320622317,0.1496365231767469,0.14963652320622317,0.14963652322166923,0.14963652322602478,0.14963652321734033,0.14963652320622317,0.14963652321734033,0.14963652322602478,0.14963652323061213,0.14963652322602478,0.14963652322166923,0.14963652322602478,0.14963652323061213,0.1483745365102849,0.1483745365024093,0.1483745364936004,0.1483745365024093,0.1483745365102849,0.1483745365024093,0.14837453648458687,0.14837453645249757,0.14837453648458687,0.1483745365024093,0.1483745364936004,0.14837453645249757,0.14837453629165104,0.14837453645249757,0.1483745364936004,0.1483745365024093,0.14837453648458687,0.14837453645249757,0.14837453648458687,0.1483745365024093,0.1483745365102849,0.1483745365024093,0.1483745364936004,0.1483745365024093,0.1483745365102849,0.14713758241038755,0.1471375824022798,0.14713758239384242,0.1471375824022798,0.14713758241038755,0.1471375824022798,0.1471375823852951,0.1471375823588064,0.1471375823852951,0.1471375824022798,0.14713758239384242,0.1471375823588064,0.14713758225214515,0.1471375823588064,0.14713758239384242,0.1471375824022798,0.1471375823852951,0.1471375823588064,0.1471375823852951,0.1471375824022798,0.14713758241038755,0.1471375824022798,0.14713758239384242,0.1471375824022798,0.14713758241038755,0.1459251182787102,0.1459251182714975,0.1459251182643071,0.1459251182714975,0.1459251182787102,0.1459251182714975,0.1459251182571021,0.14592511823587953,0.1459251182571021,0.1459251182714975,0.1459251182643071,0.14592511823587953,0.14592511815369208,0.14592511823587953,0.1459251182643071,0.1459251182714975,0.1459251182571021,0.14592511823587953,0.1459251182571021,0.1459251182714975,0.1459251182787102,0.1459251182714975,0.1459251182643071,0.1459251182714975,0.1459251182787102,0.14473660969843835,0.1447366096920746,0.14473660968580498,0.1447366096920746,0.14473660969843835,0.1447366096920746,0.14473660967955015,0.14473660966127197,0.14473660967955015,0.1447366096920746,0.14473660968580498,0.14473660966127197,0.14473660959050808,0.14473660966127197,0.14473660968580498,0.1447366096920746,0.14473660967955015,0.14473660966127197,0.14473660967955015,0.1447366096920746,0.14473660969843835,0.1447366096920746,0.14473660968580498,0.1447366096920746,0.14473660969843835,0.14357153080531954,0.14357153079950444,0.14357153079371193,0.14357153079950444,0.14357153080531954,0.14357153079950444,0.14357153078791324,0.14357153077074053,0.14357153078791324,0.14357153079950444,0.14357153079371193,0.14357153077074053,0.14357153070329143,0.14357153077074053,0.14357153079371193,0.14357153079950444,0.14357153078791324,0.14357153077074053,0.14357153078791324,0.14357153079950444,0.14357153080531954,0.14357153079950444,0.14357153079371193,0.14357153079950444,0.14357153080531954,0.14242936454956498,0.14242936454423782,0.14242936453873675,0.14242936454423782,0.14242936454956498,0.14242936454423782,0.14242936453316518,0.14242936451604862,0.14242936453316518,0.14242936454423782,0.14242936453873675,0.14242936451604862,0.14242936444648,0.14242936451604862,0.14242936453873675,0.14242936454423782,0.14242936453316518,0.14242936451604862,0.14242936453316518,0.14242936454423782,0.14242936454956498,0.14242936454423782,0.14242936453873675,0.14242936454423782,0.14242936454956498,0.14130960290824013,0.1413096029040155,0.14130960289925998,0.1413096029040155,0.14130960290824013,0.1413096029040155,0.14130960289432945,0.1413096028778485,0.14130960289432945,0.1413096029040155,0.14130960289925998,0.1413096028778485,0.14130960280564392,0.1413096028778485,0.14130960289925998,0.1413096029040155,0.14130960289432945,0.1413096028778485,0.14130960289432945,0.1413096029040155,0.14130960290824013,0.1413096029040155,0.14130960289925998,0.1413096029040155,0.14130960290824013,0.14021174705278336,0.14021174705149816,0.1402117470492334,0.14021174705149816,0.14021174705278336,0.14021174705149816,0.14021174704669398,0.14021174703524197,0.14021174704669398,0.14021174705149816,0.1402117470492334,0.14021174703524197,0.14021174697189345,0.14021174703524197,0.1402117470492334,0.14021174705149816,0.14021174704669398,0.14021174703524197,0.14021174704669398,0.14021174705149816,0.14021174705278336,0.14021174705149816,0.1402117470492334,0.14021174705149816,0.14021174705278336,0.1391353074755929,0.13913530748060218,0.13913530748465539,0.13913530748060218,0.1391353074755929,0.13913530748060218,0.13913530748849467,0.13913530749568814,0.13913530748849467,0.13913530748060218,0.13913530748465539,0.13913530749568814,0.13913530750611355,0.13913530749568814,0.13913530748465539,0.13913530748060218,0.13913530748849467,0.13913530749568814,0.13913530748849467,0.13913530748060218,0.1391353074755929,0.13913530748060218,0.13913530748465539,0.13913530748060218,0.1391353074755929,0.13807980408005427,0.13807980409462178,0.13807980410921336,0.13807980409462178,0.13807980408005427,0.13807980409462178,0.13807980412397655,0.13807980416408733,0.13807980412397655,0.13807980409462178,0.13807980410921336,0.13807980416408733,0.13807980427675004,0.13807980416408733,0.13807980410921336,0.13807980409462178,0.13807980412397655,0.13807980416408733,0.13807980412397655,0.13807980409462178,0.13807980408005427,0.13807980409462178,0.13807980410921336,0.13807980409462178,0.13807980408005427,0.13704476624148848,0.13704476626548828,0.13704476629456244,0.13704476626548828,0.13704476624148848,0.13704476626548828,0.13704476632470547,0.13704476644351685,0.13704476632470547,0.13704476626548828,0.13704476629456244,0.13704476644351685,0.1370447671017779,0.13704476644351685,0.13704476629456244,0.13704476626548828,0.13704476632470547,0.13704476644351685,0.13704476632470547,0.13704476626548828,0.13704476624148848,0.13704476626548828,0.13704476629456244,0.13704476626548828,0.13704476624148848,0.13602973284582046,0.13602973286256972,0.13602973287895906,0.13602973286256972,0.13602973284582046,0.13602973286256972,0.13602973289539833,0.13602973293927287,0.13602973289539833,0.13602973286256972,0.13602973287895906,0.13602973293927287,0.1360297330609706,0.13602973293927287,0.13602973287895906,0.13602973286256972,0.13602973289539833,0.13602973293927287,0.13602973289539833,0.13602973286256972,0.13602973284582046,0.13602973286256972,0.13602973287895906,0.13602973286256972,0.13602973284582046,0.13503425232941654,0.13503425233990465,0.13503425234856084,0.13503425233990465,0.13503425232941654,0.13503425233990465,0.13503425235677374,0.1350342523734918,0.13503425235677374,0.13503425233990465,0.13503425234856084,0.1350342523734918,0.1350342524038808,0.1350342523734918,0.13503425234856084,0.13503425233990465,0.13503425235677374,0.1350342523734918,0.13503425235677374,0.13503425233990465,0.13503425232941654,0.13503425233990465,0.13503425234856084,0.13503425233990465,0.13503425232941654
0.16533248771745515,0.16533248771745515,0.16533248771745496,0.16533248771745515,0.16533248771745515,0.16533248771745515,0.16533248771745496,0.16533248771745496,0.16533248771745496,0.16533248771745515,0.16533248771745496,0.16533248771745496,0.16533248771745496,0.16533248771745496,0.16533248771745496,0.16533248771745515,0.16533248771745496,0.16533248771745496,0.16533248771745496,0.16533248771745515,0.16533248771745515,0.16533248771745515,0.16533248771745496,0.16533248771745515,0.16533248771745515,0.1637574940000783,0.1637574940000783,0.16375749400007808,0.1637574940000783,0.1637574940000783,0.1637574940000783,0.16375749400007808,0.16375749400007808,0.16375749400007808,0.1637574940000783,0.16375749400007808,0.16375749400007808,0.16375749400007808,0.16375749400007808,0.16375749400007808,0.1637574940000783,0.16375749400007808,0.16375749400007808,0.16375749400007808,0.1637574940000783,0.1637574940000783,0.1637574940000783,0.16375749400007808,0.1637574940000783,0.1637574940000783,0.16221388421462554,0.16221388421462532,0.1622138842146251,0.16221388421462532,0.16221388421462554,0.16221388421462532,0.16221388421462488,0.16221388421462463,0.16221388421462488,0.16221388421462532,0.1622138842146251,0.16221388421462463,0.1622138842146244,0.16221388421462463,0.1622138842146251,0.16221388421462532,0.16221388421462488,0.16221388421462463,0.16221388421462488,0.16221388421462532,0.16221388421462554,0.16221388421462532,0.1622138842146251,0.16221388421462532,0.16221388421462554,0.16070106731813896,0.16070106731813785,0.16070106731813696,0.16070106731813785,0.16070106731813896,0.16070106731813785,0.16070106731813652,0.16070106731813585,0.16070106731813652,0.16070106731813785,0.16070106731813696,0.16070106731813585,0.16070106731813497,0.16070106731813585,0.16070106731813696,0.16070106731813785,0.16070106731813652,0.16070106731813585,0.16070106731813652,0.16070106731813785,0.16070106731813896,0.16070106731813785,0.16070106731813696,0.16070106731813785,0.16070106731813896,0.15921845168559876,0.15921845168559506,0.15921845168559287,0.15921845168559506,0.15921845168559876,0.15921845168559506,0.15921845168559137,0.15921845168558896,0.15921845168559137,0.15921845168559506,0.15921845168559287,0.15921845168558896,0.15921845168558635,0.15921845168558896,0.15921845168559287,0.15921845168559506,0.15921845168559137,0.15921845168558896,0.15921845168559137,0.15921845168559506,0.15921845168559876,0.15921845168559506,0.15921845168559287,0.15921845168559506,0.15921845168559876,0.15776544646177684,0.15776544646176577,0.15776544646175894,0.15776544646176577,0.15776544646177684,0.15776544646176577,0.15776544646175383,0.15776544646174637,0.15776544646175383,0.15776544646176577,0.15776544646175894,0.15776544646174637,0.15776544646173826,0.15776544646174637,0.15776544646175894,0.15776544646176577,0.15776544646175383,0.15776544646174637,0.15776544646175383,0.15776544646176577,0.15776544646177684,0.15776544646176577,0.15776544646175894,0.15776544646176577,0.15776544646177684,0.15634146277556685,0.1563414627755338,0.15634146277551245,0.1563414627755338,0.15634146277556685,0.1563414627755338,0.15634146277549654,0.1563414627754719,0.15634146277549654,0.1563414627755338,0.15634146277551245,0.1563414627754719,0.1563414627754449,0.1563414627754719,0.15634146277551245,0.1563414627755338,0.15634146277549654,0.1563414627754719,0.15634146277549654,0.1563414627755338,0.15634146277556685,0.1563414627755338,0.15634146277551245,0.1563414627755338,0.15634146277556685,0.15494591482706443,0.1549459148269667,0.1549459148269017,0.1549459148269667,0.15494591482706443,0.1549459148269667,0.1549459148268507,0.15494591482677056,0.1549459148268507,0.1549459148269667,0.1549459148269017,0.15494591482677056,0.1549459148266773,0.15494591482677056,0.1549459148269017,0.1549459148269667,0.1549459148268507,0.15494591482677056,0.1549459148268507,0.1549459148269667,0.15494591482706443,0.1549459148269667,0.1549459148269017,0.1549459148269667,0.15494591482706443,0.1535782208571295,0.15357822085685036,0.1535782208566557,0.15357822085685036,0.1535782208571295,0.15357822085685036,0.15357822085649322,0.15357822085622613,0.15357822085649322,0.15357822085685036,0.1535782208566557,0.15357822085622613,0.1535782208558861,0.15357822085622613,0.1535782208566557,0.15357822085685036,0.15357822085649322,0.15357822085622613,0.15357822085649322,0.15357822085685036,0.1535782208571295,0.15357822085685036,0.1535782208566557,0.15357822085685036,0.1535782208571295,0.15223780400864523,0.15223780400788464,0.15223780400731832,0.15223780400788464,0.15223780400864523,0.15223780400788464,0.15223780400681383,0.152237804005918,0.15223780400681383,0.15223780400788464,0.15223780400731832,0.152237804005918,0.1522378040046177,0.15223780400591821,0.15223780400731832,0.15223780400788464,0.15223780400681383,0.15223780400591821,0.15223780400681383,0.15223780400788464,0.15223780400864523,0.15223780400788464,0.15223780400731832,0.15223780400788464,0.15223780400864523,0.15092409308820467,0.15092409308628743,0.15092409308471227,0.15092409308628743,0.15092409308820467,0.15092409308628743,0.15092409308322466,0.15092409308019367,0.15092409308322466,0.15092409308628743,0.15092409308471227,0.15092409308019367,0.15092409307467308,0.15092409308019367,0.15092409308471227,0.15092409308628743,0.15092409308322466,0.15092409308019367,0.15092409308322466,0.15092409308628743,0.15092409308820467,0.15092409308628743,0.15092409308471227,0.15092409308628743,0.15092409308820467,0.1496365232364877,0.14963652323224297,0.14963652322824178,0.14963652323224297,0.1496365232364877,0.14963652323224297,0.14963652322427443,0.14963652321417734,0.14963652322427443,0.14963652323224297,0.14963652322824178,0.14963652321417734,0.1496365231876852,0.14963652321417734,0.14963652322824178,0.14963652323224297,0.14963652322427443,0.14963652321417734,0.14963652322427443,0.14963652323224297,0.1496365232364877,0.14963652323224297,0.14963652322824178,0.14963652323224297,0.1496365232364877,0.14837453651473634,0.14837453650733573,0.14837453649914953,0.14837453650733573,0.14837453651473653,0.14837453650733573,0.1483745364907891,0.1483745364614994,0.1483745364907891,0.14837453650733573,0.14837453649914953,0.1483745364614994,0.1483745363172314,0.1483745364614994,0.14837453649914953,0.14837453650733573,0.1483745364907891,0.1483745364614994,0.1483745364907891,0.14837453650733573,0.14837453651473653,0.14837453650733573,0.14837453649914953,0.14837453650733573,0.14837453651473634,0.1471375824124152,0.14713758240442681,0.14713758239607316,0.14713758240442681,0.1471375824124152,0.14713758240442681,0.14713758238760596,0.14713758236105892,0.14713758238760596,0.14713758240442681,0.14713758239607316,0.14713758236105892,0.14713758225186033,0.14713758236105892,0.14713758239607316,0.14713758240442681,0.14713758238760596,0.14713758236105892,0.14713758238760596,0.14713758240442665,0.1471375824124152,0.14713758240442681,0.14713758239607316,0.14713758240442665,0.1471375824124152,0.14592511827803425,0.14592511827069515,0.14592511826332563,0.14592511827069515,0.14592511827803425,0.14592511827069515,0.14592511825592866,0.1459251182339034,0.14592511825592866,0.14592511827069515,0.14592511826332563,0.1459251182339034,0.14592511814751183,0.1459251182339034,0.14592511826332563,0.14592511827069515,0.14592511825592866,0.1459251182339034,0.14592511825592866,0.14592511827069515,0.14592511827803425,0.14592511827069515,0.14592511826332563,0.14592511827069515,0.14592511827803425,0.14473660969528285,0.1447366096887194,0.14473660968222407,0.1447366096887194,0.14473660969528285,0.1447366096887194,0.14473660967573534,0.14473660965667642,0.14473660967573534,0.1447366096887194,0.14473660968222407,0.14473660965667642,0.14473660958256448,0.14473660965667642,0.14473660968222407,0.1447366096887194,0.14473660967573534,0.14473660965667642,0.14473660967573534,0.1447366096887194,0.14473660969528285,0.1447366096887194,0.14473660968222407,0.1447366096887194,0.14473660969528285,0.14357153080006105,0.143571530794061,0.14357153078807633,0.143571530794061,0.14357153080006105,0.143571530794061,0.1435715307820824,0.14357153076431198,0.1435715307820824,0.143571530794061,0.14357153078807633,0.14357153076431198,0.14357153069447345,0.14357153076431198,0.14357153078807633,0.143571530794061,0.1435715307820824,0.14357153076431198,0.1435715307820824,0.143571530794061,0.14357153080006105,0.143571530794061,0.14357153078807633,0.143571530794061,0.14357153080006105,0.14242936454255375,0.14242936453708138,0.14242936453143654,0.14242936453708138,0.14242936454255375,0.14242936453708138,0.1424293645257212,0.14242936450818575,0.1424293645257212,0.14242936453708138,0.14242936453143654,0.14242936450818575,0.14242936443699952,0.14242936450818575,0.14242936453143654,0.14242936453708138,0.1424293645257212,0.14242936450818575,0.1424293645257212,0.14242936453708138,0.14242936454255375,0.14242936453708138,0.14242936453143654,0.14242936453708138,0.14242936454255375,0.14130960289974745,0.14130960289541278,0.14130960289055167,0.14130960289541278,0.14130960289974745,0.14130960289541278,0.1413096028855172,0.1413096028687404,0.1413096028855172,0.14130960289541278,0.14130960289055167,0.1413096028687404,0.141309602795399,0.1413096028687404,0.14130960289055167,0.14130960289541278,0.1413096028855172,0.1413096028687404,0.1413096028855172,0.14130960289541278,0.14130960289974745,0.14130960289541278,0.14130960289055167,0.14130960289541278,0.14130960289974745,0.14021174704301032,0.14021174704163467,0.14021174703928665,0.14021174704163467,0.14021174704301032,0.14021174704163467,0.1402117470366663,0.14021174702499223,0.1402117470366663,0.14021174704163467,0.14021174703928665,0.14021174702499223,0.14021174696079616,0.14021174702499223,0.14021174703928665,0.14021174704163467,0.1402117470366663,0.14021174702499223,0.1402117470366663,0.14021174704163467,0.14021174704301032,0.14021174704163467,0.14021174703928665,0.14021174704163467,0.14021174704301032,0.13913530746470185,0.13913530746961533,0.13913530747358677,0.13913530746961533,0.13913530746470185,0.13913530746961533,0.13913530747734762,0.13913530748437222,0.13913530747734762,0.13913530746961533,0.13913530747358677,0.13913530748437222,0.1391353074944509,0.13913530748437222,0.13913530747358677,0.13913530746961533,0.13913530747734762,0.13913530748437222,0.13913530747734762,0.13913530746961533,0.13913530746470185,0.13913530746961533,0.13913530747358677,0.13913530746961533,0.13913530746470185,0.1380798040682198,0.13807980408263848,0.1380798040970857,0.13807980408263848,0.1380798040682198,0.13807980408263848,0.13807980411170473,0.1380798041514361,0.13807980411170473,0.13807980408263848,0.1380798040970857,0.1380798041514361,0.13807980426306837,0.1380798041514361,0.1380798040970857,0.13807980408263848,0.13807980411170473,0.1380798041514361,0.13807980411170473,0.13807980408263848,0.1380798040682198,0.13807980408263848,0.1380798040970857,0.13807980408263848,0.1380798040682198,0.13704476622899597,0.13704476625277898,0.13704476628159482,0.13704476625277898,0.13704476622899597,0.13704476625277898,0.1370447663114711,0.1370447664292435,0.1370447663114711,0.13704476625277898,0.13704476628159482,0.1370447664292435,0.13704476708177932,0.1370447664292435,0.13704476628159482,0.13704476625277898,0.1370447663114711,0.1370447664292435,0.1370447663114711,0.13704476625277898,0.13704476622899597,0.13704476625277898,0.13704476628159482,0.13704476625277898,0.13704476622899597,0.13602973283309844,0.1360297328496993,0.13602973286594416,0.1360297328496993,0.13602973283309844,0.1360297328496993,0.13602973288223924,0.13602973292573042,0.13602973288223924,0.1360297328496993,0.13602973286594416,0.13602973292573042,0.1360297330463698,0.13602973292573042,0.13602973286594416,0.1360297328496993,0.13602973288223924,0.13602973292573042,0.13602973288223924,0.1360297328496993,0.13602973283309844,0.1360297328496993,0.13602973286594416,0.1360297328496993,0.13602973283309844,0.1350342523167572,0.13503425232715305,0.13503425233573302,0.1350342523271529,0.1350342523167572,0.13503425232715305,0.13503425234387417,0.13503425236044594,0.13503425234387417,0.1350342523271529,0.13503425233573302,0.13503425236044594,0.1350342523905703,0.13503425236044594,0.13503425233573302,0.1350342523271529,0.13503425234387417,0.13503425236044594,0.13503425234387417,0.1350342523271529,0.1350342523167572,0.1350342523271529,0.13503425233573302,0.1350342523271529,0.1350342523167572
0.1653324877260449,0.1653324877260449,0.1653324877260449,0.1653324877260449,0.1653324877260449,0.1653324877260449,0.1653324877260449,0.1653324877260449,0.1653324877260449,0.1653324877260449,0.1653324877260449,0.1653324877260449,0.1653324877260449,0.1653324877260449,0.1653324877260449,0.1653324877260449,0.1653324877260449,0.1653324877260449,0.1653324877260449,0.1653324877260449,0.1653324877260449,0.1653324877260449,0.1653324877260449,0.1653324877260449,0.1653324877260449,0.1637574940084986,0.1637574940084986,0.16375749400849834,0.1637574940084986,0.1637574940084986,0.1637574940084986,0.16375749400849834,0.16375749400849834,0.16375749400849834,0.1637574940084986,0.16375749400849834,0.16375749400849834,0.16375749400849815,0.16375749400849834,0.16375749400849834,0.1637574940084986,0.16375749400849834,0.16375749400849834,0.16375749400849834,0.1637574940084986,0.1637574940084986,0.1637574940084986,0.16375749400849834,0.1637574940084986,0.1637574940084986,0.16221388422288044,0.16221388422288022,0.16221388422287997,0.16221388422288022,0.16221388422288066,0.16221388422288022,0.16221388422287975,0.16221388422287952,0.16221388422287975,0.16221388422288022,0.16221388422287997,0.16221388422287952,0.16221388422287952,0.16221388422287975,0.16221388422287997,0.16221388422288022,0.16221388422287975,0.16221388422287975,0.16221388422287975,0.16221388422288022,0.16221388422288066,0.16221388422288022,0.16221388422287997,0.16221388422288022,0.16221388422288044,0.1607010673262329,0.16070106732623177,0.1607010673262311,0.16070106732623177,0.1607010673262329,0.16070106732623177,0.16070106732623068,0.16070106732623,0.16070106732623068,0.16070106732623177,0.1607010673262311,0.16070106732623,0.16070106732622932,0.16070106732623,0.1607010673262311,0.16070106732623177,0.16070106732623068,0.16070106732623,0.16070106732623068,0.16070106732623177,0.1607010673262329,0.16070106732623177,0.1607010673262311,0.16070106732623177,0.1607010673262329,0.15921845169353563,0.15921845169353238,0.1592184516935304,0.15921845169353238,0.15921845169353563,0.15921845169353238,0.1592184516935291,0.1592184516935269,0.1592184516935291,0.15921845169353238,0.1592184516935304,0.1592184516935269,0.15921845169352453,0.1592184516935269,0.1592184516935304,0.15921845169353238,0.1592184516935291,0.1592184516935269,0.15921845169352888,0.15921845169353238,0.15921845169353563,0.15921845169353238,0.1592184516935304,0.15921845169353238,0.15921845169353563,0.15776544646956056,0.15776544646955074,0.15776544646954432,0.15776544646955074,0.15776544646956056,0.15776544646955074,0.15776544646953983,0.157765446469533,0.15776544646953983,0.15776544646955074,0.15776544646954432,0.157765446469533,0.15776544646952578,0.157765446469533,0.15776544646954432,0.15776544646955074,0.15776544646953983,0.157765446469533,0.15776544646953983,0.15776544646955074,0.15776544646956056,0.15776544646955074,0.15776544646954432,0.15776544646955074,0.15776544646956056,0.15634146278319944,0.15634146278316952,0.15634146278315028,0.15634146278316952,0.15634146278319944,0.15634146278316952,0.15634146278313604,0.15634146278311414,0.15634146278313604,0.15634146278316952,0.15634146278315028,0.15634146278311414,0.15634146278308986,0.15634146278311414,0.15634146278315028,0.15634146278316952,0.15634146278313604,0.15634146278311414,0.15634146278313604,0.15634146278316952,0.15634146278319944,0.15634146278316952,0.15634146278315028,0.15634146278316952,0.15634146278319944,0.154945914834543,0.15494591483445488,0.15494591483439651,0.15494591483445488,0.154945914834543,0.15494591483445488,0.15494591483435077,0.15494591483427883,0.15494591483435077,0.15494591483445488,0.15494591483439651,0.15494591483427883,0.15494591483419565,0.15494591483427883,0.15494591483439651,0.15494591483445488,0.15494591483435077,0.15494591483427883,0.15494591483435077,0.15494591483445508,0.154945914834543,0.15494591483445488,0.15494591483439651,0.15494591483445508,0.154945914834543,0.1535782208644386,0.15357822086418632,0.153578220864011,0.15357822086418632,0.1535782208644386,0.15357822086418632,0.15357822086386497,0.15357822086362577,0.15357822086386497,0.15357822086418632,0.153578220864011,0.15357822086362577,0.15357822086332168,0.15357822086362577,0.153578220864011,0.15357822086418632,0.15357822086386497,0.15357822086362577,0.15357822086386497,0.15357822086418632,0.1535782208644386,0.15357822086418632,0.153578220864011,0.15357822086418632,0.1535782208644386,0.15223780401573223,0.1522378040150431,0.1522378040145317,0.1522378040150431,0.15223780401573223,0.1522378040150431,0.15223780401407838,0.15223780401327447,0.15223780401407838,0.1522378040150431,0.1522378040145317,0.15223780401327447,0.15223780401211473,0.15223780401327447,0.1522378040145317,0.1522378040150431,0.15223780401407838,0.15223780401327447,0.15223780401407838,0.1522378040150431,0.15223780401573223,0.1522378040150431,0.1522378040145317,0.1522378040150431,0.15223780401573223,0.15092409309492408,0.1509240930931795,0.15092409309175384,0.1509240930931795,0.15092409309492408,0.1509240930931795,0.15092409309041152,0.1509240930876948,0.15092409309041152,0.1509240930931795,0.15092409309175384,0.1509240930876948,0.1509240930827894,0.1509240930876948,0.15092409309175384,0.1509240930931795,0.15092409309041152,0.1509240930876948,0.15092409309041152,0.1509240930931795,0.15092409309492408,0.1509240930931795,0.15092409309175384,0.1509240930931795,0.15092409309492408,0.14963652324248283,0.1496365232385879,0.14963652323494858,0.1496365232385879,0.14963652324248283,0.1496365232385879,0.14963652323135032,0.14963652322229454,0.14963652323135032,0.1496365232385879,0.14963652323494858,0.14963652322229454,0.14963652319884907,0.14963652322229454,0.14963652323494858,0.1496365232385879,0.14963652323135032,0.14963652322229454,0.14963652323135032,0.1496365232385879,0.14963652324248283,0.1496365232385879,0.14963652323494858,0.1496365232385879,0.14963652324248283,0.1483745365192771,0.14837453651236132,0.1483745365048108,0.14837453651236132,0.1483745365192771,0.14837453651236132,0.1483745364971174,0.14837453647068602,0.1483745364971174,0.14837453651236132,0.1483745365048108,0.14837453647068602,0.1483745363433603,0.14837453647068602,0.1483745365048108,0.14837453651236132,0.1483745364971174,0.14837453647068602,0.1483745364971174,0.14837453651236132,0.1483745365192771,0.14837453651236132,0.1483745365048108,0.14837453651236132,0.1483745365192771,0.14713758241448047,0.14713758240661418,0.1471375823983464,0.14713758240661418,0.14713758241448047,0.14713758240661418,0.1471375823899611,0.1471375823633558,0.1471375823899611,0.14713758240661418,0.1471375823983464,0.1471375823633558,0.14713758225151463,0.1471375823633558,0.1471375823983464,0.14713758240661418,0.1471375823899611,0.1471375823633558,0.1471375823899611,0.14713758240661418,0.14713758241448047,0.14713758240661418,0.1471375823983464,0.14713758240661418,0.14713758241448047,0.1459251182773384,0.14592511826987,0.1459251182623176,0.14592511826987,0.1459251182773384,0.14592511826987,0.1459251182547248,0.14592511823188056,0.1459251182547248,0.14592511826987,0.1459251182623176,0.14592511823188056,0.14592511814121867,0.14592511823188056,0.1459251182623176,0.14592511826987,0.1459251182547248,0.14592511823188056,0.1459251182547248,0.14592511826987,0.1459251182773384,0.14592511826987,0.1459251182623176,0.14592511826987,0.1459251182773384,0.14473660969205418,0.1447366096852867,0.1447366096785608,0.1447366096852867,0.14473660969205418,0.1447366096852867,0.14473660967183294,0.14473660965197616,0.14473660967183294,0.1447366096852867,0.1447366096785608,0.14473660965197616,0.14473660957440254,0.14473660965197616,0.1447366096785608,0.1447366096852867,0.14473660967183294,0.14473660965197616,0.14473660967183294,0.1447366096852867,0.14473660969205418,0.1447366096852867,0.1447366096785608,0.1447366096852867,0.14473660969205418,0.14357153079468504,0.14357153078849538,0.1435715307823141,0.14357153078849538,0.14357153079468504,0.14357153078849538,0.1435715307761203,0.14357153075773818,0.1435715307761203,0.14357153078849538,0.1435715307823141,0.14357153075773818,0.14357153068544623,0.14357153075773818,0.1435715307823141,0.14357153078849538,0.1435715307761203,0.14357153075773818,0.1435715307761203,0.14357153078849538,0.14357153079468504,0.14357153078849538,0.1435715307823141,0.14357153078849538,0.14357153079468504,0.1424293645353886,0.14242936452976707,0.14242936452397492,0.14242936452976707,0.1424293645353886,0.14242936452976707,0.14242936451811197,0.14242936450014607,0.14242936451811197,0.14242936452976707,0.14242936452397492,0.14242936450014607,0.14242936442731116,0.14242936450014607,0.14242936452397492,0.14242936452976707,0.14242936451811197,0.14242936450014607,0.14242936451811197,0.14242936452976707,0.1424293645353886,0.14242936452976707,0.14242936452397492,0.14242936452976707,0.1424293645353886,0.14130960289107206,0.14130960288662392,0.14130960288165426,0.14130960288662392,0.14130960289107206,0.14130960288662392,0.14130960287651256,0.14130960285943048,0.14130960287651256,0.14130960288662392,0.14130960288165426,0.14130960285943048,0.14130960278491728,0.14130960285943048,0.14130960288165426,0.14130960288662392,0.14130960287651256,0.14130960285943048,0.14130960287651256,0.14130960288662392,0.14130960289107206,0.14130960288662392,0.14130960288165426,0.14130960288662392,0.14130960289107206,0.14021174703303166,0.1402117470315628,0.14021174702912886,0.1402117470315628,0.14021174703303166,0.1402117470315628,0.1402117470264253,0.14021174701452127,0.1402117470264253,0.1402117470315628,0.14021174702912886,0.14021174701452127,0.140211746949473,0.14021174701452127,0.14021174702912886,0.1402117470315628,0.1402117470264253,0.14021174701452127,0.1402117470264253,0.1402117470315628,0.14021174703303166,0.1402117470315628,0.14021174702912886,0.1402117470315628,0.14021174703303166,0.1391353074535872,0.13913530745840266,0.13913530746229064,0.13913530745840266,0.1391353074535872,0.13913530745840266,0.13913530746597114,0.13913530747282293,0.13913530746597114,0.13913530745840266,0.13913530746229064,0.13913530747282293,0.13913530748254602,0.13913530747282293,0.13913530746229064,0.13913530745840266,0.13913530746597114,0.13913530747282293,0.13913530746597114,0.13913530745840266,0.1391353074535872,0.13913530745840266,0.13913530746229064,0.13913530745840266,0.1391353074535872,0.1380798040561478,0.13807980407041504,0.1380798040847157,0.13807980407041504,0.1380798040561478,0.13807980407041504,0.1380798040991879,0.13807980413853418,0.1380798040991879,0.13807980407041504,0.1380798040847157,0.13807980413853418,0.13807980424911992,0.13807980413853418,0.1380798040847157,0.13807980407041504,0.1380798040991879,0.13807980413853418,0.1380798040991879,0.13807980407041504,0.1380798040561478,0.13807980407041504,0.1380798040847157,0.13807980407041504,0.1380798040561478,0.13704476621625683,0.13704476623981984,0.13704476626837345,0.13704476623981984,0.13704476621625683,0.13704476623981984,0.13704476629797896,0.13704476641469673,0.13704476629797896,0.13704476623981984,0.13704476626837345,0.13704476641469673,0.13704476706143195,0.13704476641469673,0.13704476626837345,0.13704476623981984,0.13704476629797896,0.13704476641469673,0.13704476629797896,0.13704476623981984,0.13704476621625683,0.13704476623981984,0.13704476626837345,0.13704476623981984,0.13704476621625683,0.1360297328201272,0.13602973283657738,0.1360297328526758,0.13602973283657738,0.1360297328201272,0.13602973283657738,0.1360297328688243,0.1360297329119266,0.13602973286882444,0.13602973283657738,0.1360297328526758,0.1360297329119266,0.13602973303149185,0.1360297329119266,0.1360297328526758,0.13602973283657738,0.13602973286882444,0.1360297329119266,0.13602973286882444,0.13602973283657738,0.1360297328201272,0.13602973283657738,0.1360297328526758,0.13602973283657738,0.1360297328201272,0.13503425230385074,0.1350342523141527,0.13503425232265562,0.1350342523141527,0.13503425230385074,0.1350342523141527,0.1350342523307236,0.13503425234714725,0.1350342523307236,0.1350342523141527,0.13503425232265562,0.13503425234714725,0.13503425237700284,0.13503425234714725,0.13503425232265562,0.1350342523141527,0.1350342523307236,0.13503425234714725,0.1350342523307236,0.1350342523141527,0.13503425230385074,0.1350342523141527,0.13503425232265562,0.1350342523141527,0.13503425230385074
0.16533248773082365,0.16533248773082365,0.16533248773082365,0.16533248773082365,0.16533248773082365,0.16533248773082365,0.16533248773082365,0.16533248773082365,0.16533248773082365,0.16533248773082365,0.16533248773082365,0.16533248773082365,0.16533248773082365,0.16533248773082365,0.16533248773082365,0.16533248773082365,0.16533248773082365,0.16533248773082365,0.16533248773082365,0.16533248773082365,0.16533248773082365,0.16533248773082365,0.16533248773082365,0.16533248773082365,0.16533248773082365,0.16375749401314635,0.16375749401314613,0.16375749401314613,0.16375749401314613,0.16375749401314635,0.16375749401314613,0.16375749401314613,0.16375749401314588,0.16375749401314613,0.16375749401314613,0.16375749401314613,0.16375749401314588,0.16375749401314588,0.16375749401314588,0.16375749401314613,0.16375749401314613,0.16375749401314613,0.16375749401314588,0.16375749401314613,0.16375749401314613,0.16375749401314635,0.16375749401314613,0.16375749401314613,0.16375749401314613,0.16375749401314635,0.16221388422737024,0.16221388422737,0.16221388422736976,0.16221388422737,0.16221388422737024,0.16221388422737,0.16221388422736954,0.16221388422736932,0.16221388422736954,0.16221388422737,0.16221388422736976,0.16221388422736932,0.16221388422736907,0.16221388422736932,0.16221388422736976,0.16221388422737,0.16221388422736954,0.16221388422736932,0.16221388422736954,0.16221388422737,0.16221388422737024,0.16221388422737,0.16221388422736976,0.16221388422737,0.16221388422737024,0.1607010673305371,0.1607010673305362,0.16070106733053555,0.1607010673305362,0.1607010673305371,0.1607010673305362,0.1607010673305351,0.16070106733053421,0.1607010673305351,0.1607010673305362,0.16070106733053555,0.16070106733053421,0.16070106733053355,0.16070106733053421,0.16070106733053555,0.1607010673305362,0.1607010673305351,0.16070106733053421,0.1607010673305351,0.160701067330536,0.1607010673305371,0.1607010673305362,0.16070106733053555,0.160701067330536,0.1607010673305371,0.15921845169762652,0.15921845169762325,0.1592184516976213,0.15921845169762325,0.15921845169762652,0.15921845169762325,0.15921845169762,0.15921845169761784,0.15921845169762,0.15921845169762325,0.1592184516976213,0.15921845169761784,0.15921845169761545,0.15921845169761784,0.1592184516976213,0.15921845169762325,0.15921845169762,0.15921845169761784,0.15921845169762,0.15921845169762325,0.15921845169762652,0.15921845169762325,0.1592184516976213,0.15921845169762325,0.15921845169762652,0.15776544647341015,0.1577654464734001,0.1577654464733939,0.1577654464734001,0.15776544647341015,0.1577654464734001,0.15776544647338944,0.1577654464733824,0.15776544647338944,0.1577654464734001,0.1577654464733939,0.1577654464733824,0.15776544647337515,0.1577654464733824,0.1577654464733939,0.1577654464734001,0.15776544647338944,0.1577654464733824,0.15776544647338944,0.1577654464734001,0.15776544647341015,0.1577654464734001,0.1577654464733939,0.1577654464734001,0.15776544647341015,0.15634146278677977,0.15634146278674987,0.1563414627867306,0.15634146278674987,0.15634146278677977,0.15634146278674987,0.1563414627867162,0.15634146278669403,0.1563414627867162,0.15634146278674987,0.1563414627867306,0.15634146278669403,0.15634146278666958,0.15634146278669403,0.1563414627867306,0.15634146278674987,0.1563414627867162,0.15634146278669403,0.1563414627867162,0.15634146278674987,0.15634146278677977,0.15634146278674987,0.1563414627867306,0.15634146278674987,0.15634146278677977,0.15494591483782763,0.15494591483773953,0.15494591483768072,0.15494591483773953,0.15494591483782763,0.15494591483773953,0.15494591483763462,0.15494591483756207,0.15494591483763462,0.15494591483773953,0.15494591483768072,0.15494591483756207,0.1549459148374768,0.15494591483756207,0.15494591483768072,0.15494591483773953,0.15494591483763462,0.15494591483756207,0.15494591483763462,0.15494591483773953,0.15494591483782763,0.15494591483773953,0.15494591483768072,0.15494591483773953,0.15494591483782763,0.15357822086740203,0.15357822086714976,0.15357822086697423,0.15357822086714976,0.15357822086740203,0.15357822086714976,0.15357822086682762,0.15357822086658682,0.15357822086682762,0.15357822086714976,0.15357822086697423,0.15357822086658682,0.15357822086628395,0.15357822086658682,0.15357822086697423,0.15357822086714976,0.15357822086682762,0.15357822086658682,0.15357822086682762,0.15357822086714976,0.15357822086740203,0.15357822086714976,0.15357822086697423,0.15357822086714976,0.15357822086740203,0.15223780401835058,0.15223780401766282,0.152237804017153,0.15223780401766282,0.15223780401835058,0.15223780401766282,0.15223780401669754,0.15223780401589776,0.15223780401669754,0.15223780401766282,0.152237804017153,0.15223780401589776,0.15223780401474155,0.15223780401589776,0.152237804017153,0.15223780401766282,0.15223780401669754,0.15223780401589776,0.15223780401669754,0.15223780401766282,0.15223780401835058,0.15223780401766282,0.152237804017153,0.15223780401766282,0.15223780401835058,0.15092409309717372,0.15092409309543434,0.1509240930940131,0.15092409309543434,0.15092409309717372,0.15092409309543434,0.15092409309267463,0.15092409308996604,0.15092409309267463,0.15092409309543434,0.1509240930940131,0.15092409308996604,0.15092409308507512,0.15092409308996604,0.1509240930940131,0.15092409309543434,0.15092409309267463,0.15092409308996604,0.15092409309267463,0.15092409309543434,0.15092409309717372,0.15092409309543434,0.1509240930940131,0.15092409309543434,0.15092409309717372,0.14963652324433452,0.149636523240453,0.14963652323682505,0.149636523240453,0.14963652324433452,0.149636523240453,0.14963652323324153,0.1496365232242109,0.14963652323324153,0.149636523240453,0.14963652323682505,0.1496365232242109,0.14963652320083257,0.1496365232242109,0.14963652323682505,0.149636523240453,0.14963652323324153,0.1496365232242109,0.14963652323324153,0.149636523240453,0.14963652324433452,0.149636523240453,0.14963652323682505,0.149636523240453,0.14963652324433452,0.14837453652068988,0.14837453651379856,0.14837453650627325,0.14837453651379856,0.14837453652068988,0.14837453651379856,0.14837453649860577,0.14837453647225687,0.14837453649860577,0.14837453651379856,0.14837453650627325,0.14837453647225687,0.14837453634547731,0.14837453647225687,0.14837453650627325,0.14837453651379856,0.14837453649860577,0.14837453647225687,0.14837453649860577,0.14837453651379856,0.14837453652068988,0.14837453651379856,0.14837453650627325,0.14837453651379856,0.14837453652068988,0.14713758241539418,0.1471375824075606,0.14713758239932553,0.1471375824075606,0.14713758241539418,0.1471375824075606,0.14713758239097313,0.14713758236446592,0.14713758239097313,0.1471375824075606,0.14713758239932553,0.14713758236446592,0.14713758225296153,0.14713758236446592,0.14713758239932553,0.1471375824075606,0.14713758239097313,0.14713758236446592,0.14713758239097313,0.1471375824075606,0.14713758241539418,0.1471375824075606,0.14713758239932553,0.1471375824075606,0.14713758241539418,0.14592511827768118,0.14592511827025392,0.14592511826274193,0.14592511827025392,0.14592511827768118,0.14592511827025392,0.14592511825518936,0.14592511823246265,0.14592511825518936,0.14592511827025392,0.14592511826274193,0.14592511823246265,0.14592511814219733,0.14592511823246265,0.14592511826274193,0.14592511827025392,0.14592511825518936,0.14592511823246265,0.14592511825518936,0.14592511827025392,0.14592511827768118,0.14592511827025392,0.14592511826274193,0.14592511827025392,0.14592511827768118,0.14473660969174246,0.14473660968502683,0.14473660967835236,0.14473660968502683,0.14473660969174246,0.14473660968502683,0.14473660967167568,0.14473660965196916,0.14473660967167568,0.14473660968502683,0.14473660967835236,0.14473660965196916,0.14473660957493717,0.14473660965196916,0.14473660967835236,0.14473660968502683,0.14473660967167568,0.14473660965196916,0.14473660967167568,0.14473660968502683,0.14473660969174246,0.14473660968502683,0.14473660967835236,0.14473660968502683,0.14473660969174246,0.143571530793619,0.14357153078749438,0.1435715307813788,0.14357153078749438,0.143571530793619,0.14357153078749438,0.14357153077525073,0.1435715307570657,0.14357153077525073,0.14357153078749438,0.1435715307813788,0.1435715307570657,0.14357153068554374,0.1435715307570657,0.1435715307813788,0.14357153078749438,0.14357153077525073,0.1435715307570657,0.14357153077525073,0.14357153078749438,0.143571530793619,0.14357153078749438,0.1435715307813788,0.14357153078749438,0.143571530793619,0.1424293645334477,0.14242936452790284,0.14242936452219052,0.14242936452790284,0.1424293645334477,0.14242936452790284,0.14242936451640895,0.14242936449869603,0.14242936451640895,0.14242936452790284,0.14242936452219052,0.14242936449869603,0.14242936442688256,0.14242936449869603,0.14242936452219052,0.14242936452790284,0.14242936451640895,0.14242936449869603,0.14242936451640895,0.14242936452790284,0.1424293645334477,0.14242936452790284,0.14242936452219052,0.14242936452790284,0.1424293645334477,0.14130960288811775,0.14130960288374625,0.1413096028788613,0.14130960288374625,0.14130960288811775,0.14130960288374625,0.14130960287380673,0.14130960285701447,0.14130960287380673,0.14130960288374625,0.1413096028788613,0.14130960285701447,0.14130960278378674,0.14130960285701447,0.1413096028788613,0.14130960288374625,0.14130960287380673,0.14130960285701447,0.14130960287380673,0.14130960288374625,0.14130960288811775,0.14130960288374625,0.1413096028788613,0.14130960288374625,0.14130960288811775,0.1402117470289315,0.14021174702751166,0.14021174702513867,0.14021174702751166,0.1402117470289315,0.14021174702751166,0.1402117470224991,0.1402117470108376,0.1402117470224991,0.14021174702751166,0.14021174702513867,0.1402117470108376,0.14021174694700164,0.1402117470108376,0.14021174702513867,0.14021174702751166,0.1402117470224991,0.1402117470108376,0.1402117470224991,0.14021174702751166,0.1402117470289315,0.14021174702751166,0.14021174702513867,0.14021174702751166,0.1402117470289315,0.13913530744827024,0.1391353074530667,0.13913530745694186,0.1391353074530667,0.13913530744827024,0.1391353074530667,0.13913530746061148,0.13913530746745473,0.13913530746061148,0.1391353074530667,0.13913530745694186,0.13913530746745473,0.13913530747722067,0.13913530746745473,0.13913530745694186,0.1391353074530667,0.13913530746061148,0.13913530746745473,0.13913530746061148,0.1391353074530667,0.13913530744827024,0.1391353074530667,0.13913530745694186,0.1391353074530667,0.13913530744827024,0.1380798040496894,0.13807980406384748,0.13807980407803702,0.13807980406384748,0.1380798040496894,0.13807980406384748,0.138079804092396,0.13807980413142956,0.138079804092396,0.13807980406384748,0.13807980407803702,0.13807980413142956,0.13807980424112212,0.13807980413142956,0.13807980407803702,0.13807980406384748,0.138079804092396,0.13807980413142956,0.138079804092396,0.13807980406384748,0.1380798040496894,0.13807980406384748,0.13807980407803702,0.13807980406384748,0.1380798040496894,0.13704476620892456,0.1370447662322954,0.13704476626061438,0.1370447662322954,0.13704476620892456,0.1370447662322954,0.1370447662899762,0.13704476640572757,0.1370447662899762,0.1370447662322954,0.13704476626061438,0.13704476640572757,0.13704476704712984,0.13704476640572757,0.13704476626061438,0.1370447662322954,0.1370447662899762,0.13704476640572757,0.1370447662899762,0.1370447662322954,0.13704476620892456,0.1370447662322954,0.13704476626061438,0.1370447662322954,0.13704476620892456,0.13602973281236788,0.1360297328286828,0.13602973284464864,0.1360297328286828,0.13602973281236788,0.1360297328286828,0.13602973286066386,0.1360297329034101,0.13602973286066386,0.1360297328286828,0.13602973284464864,0.1360297329034101,0.1360297330219841,0.1360297329034101,0.13602973284464864,0.1360297328286828,0.13602973286066386,0.1360297329034101,0.13602973286066386,0.1360297328286828,0.13602973281236788,0.1360297328286828,0.13602973284464864,0.1360297328286828,0.13602973281236788,0.13503425229600197,0.13503425230621924,0.1350342523146521,0.13503425230621924,0.13503425229600197,0.13503425230621924,0.135034252322654,0.13503425233894223,0.135034252322654,0.13503425230621924,0.1350342523146521,0.13503425233894223,0.13503425236855093,0.13503425233894223,0.1350342523146521,0.13503425230621924,0.135034252322654,0.13503425233894223,0.135034252322654,0.13503425230621924,0.13503425229600197,0.13503425230621924,0.1350342523146521,0.13503425230621924,0.13503425229600197
0.16533248773359294,0.16533248773359271,0.16533248773359271,0.16533248773359271,0.16533248773359294,0.16533248773359271,0.16533248773359271,0.16533248773359271,0.16533248773359271,0.16533248773359271,0.16533248773359271,0.16533248773359271,0.16533248773359271,0.16533248773359271,0.16533248773359271,0.16533248773359271,0.16533248773359271,0.16533248773359271,0.16533248773359271,0.16533248773359271,0.16533248773359294,0.16533248773359271,0.16533248773359271,0.16533248773359271,0.16533248773359294,0.1637574940158478,0.16375749401584755,0.16375749401584755,0.16375749401584755,0.1637574940158478,0.16375749401584755,0.16375749401584755,0.16375749401584733,0.16375749401584755,0.16375749401584755,0.16375749401584755,0.16375749401584733,0.16375749401584733,0.16375749401584733,0.16375749401584755,0.16375749401584755,0.16375749401584755,0.16375749401584733,0.16375749401584755,0.16375749401584755,0.1637574940158478,0.16375749401584755,0.16375749401584755,0.16375749401584755,0.1637574940158478,0.16221388422999514,0.1622138842299947,0.16221388422999447,0.1622138842299947,0.16221388422999514,0.1622138842299947,0.16221388422999447,0.16221388422999425,0.16221388422999447,0.1622138842299947,0.16221388422999447,0.16221388422999425,0.162213884229994,0.16221388422999425,0.16221388422999447,0.1622138842299947,0.16221388422999447,0.16221388422999425,0.16221388422999447,0.1622138842299947,0.16221388422999514,0.1622138842299947,0.16221388422999447,0.1622138842299947,0.16221388422999514,0.1607010673330761,0.160701067333075,0.1607010673330743,0.160701067333075,0.1607010673330761,0.160701067333075,0.16070106733307388,0.1607010673330732,0.16070106733307388,0.160701067333075,0.1607010673330743,0.1607010673330732,0.16070106733307254,0.1607010673330732,0.1607010673330743,0.160701067333075,0.16070106733307388,0.1607010673330732,0.16070106733307388,0.160701067333075,0.1607010673330761,0.160701067333075,0.1607010673330743,0.160701067333075,0.1607010673330761,0.15921845170007062,0.15921845170006735,0.15921845170006518,0.15921845170006735,0.15921845170007062,0.15921845170006735,0.15921845170006385,0.15921845170006166,0.15921845170006385,0.15921845170006735,0.15921845170006518,0.15921845170006166,0.1592184517000593,0.15921845170006166,0.15921845170006518,0.15921845170006735,0.15921845170006385,0.15921845170006166,0.15921845170006385,0.15921845170006735,0.15921845170007062,0.15921845170006735,0.15921845170006518,0.15921845170006735,0.15921845170007062,0.15776544647574972,0.15776544647573992,0.15776544647573348,0.15776544647573992,0.15776544647574972,0.15776544647573992,0.15776544647572902,0.1577654464757222,0.15776544647572902,0.15776544647573992,0.15776544647573348,0.1577654464757222,0.15776544647571472,0.1577654464757222,0.15776544647573348,0.15776544647573992,0.15776544647572902,0.1577654464757222,0.15776544647572902,0.15776544647573992,0.15776544647574972,0.15776544647573992,0.15776544647573348,0.15776544647573992,0.15776544647574972,0.15634146278900654,0.15634146278897643,0.15634146278895716,0.15634146278897643,0.15634146278900654,0.15634146278897643,0.15634146278894276,0.1563414627889204,0.15634146278894276,0.15634146278897643,0.15634146278895716,0.1563414627889204,0.1563414627888957,0.1563414627889204,0.15634146278895716,0.15634146278897643,0.15634146278894276,0.1563414627889204,0.15634146278894276,0.15634146278897643,0.15634146278900654,0.15634146278897643,0.15634146278895716,0.15634146278897643,0.15634146278900654,0.15494591483993272,0.1549459148398444,0.1549459148397858,0.1549459148398444,0.15494591483993272,0.1549459148398444,0.15494591483973924,0.1549459148396661,0.15494591483973924,0.1549459148398444,0.1549459148397858,0.1549459148396661,0.15494591483958065,0.1549459148396661,0.1549459148397858,0.1549459148398444,0.15494591483973924,0.1549459148396661,0.15494591483973924,0.1549459148398444,0.15494591483993272,0.1549459148398444,0.1549459148397858,0.1549459148398444,0.15494591483993272,0.15357822086937734,0.15357822086912565,0.15357822086895073,0.15357822086912565,0.15357822086937734,0.15357822086912565,0.15357822086880352,0.1535782208685637,0.15357822086880352,0.15357822086912565,0.15357822086895073,0.1535782208685637,0.15357822086826162,0.1535782208685637,0.15357822086895073,0.15357822086912565,0.15357822086880352,0.1535782208685637,0.15357822086880352,0.15357822086912565,0.15357822086937734,0.15357822086912565,0.15357822086895073,0.15357822086912565,0.15357822086937734,0.15223780402018827,0.15223780401950268,0.15223780401899445,0.15223780401950268,0.15223780402018827,0.15223780401950268,0.15223780401854015,0.15223780401774253,0.15223780401854015,0.15223780401950268,0.15223780401899445,0.15223780401774253,0.15223780401658984,0.15223780401774253,0.15223780401899445,0.15223780401950268,0.15223780401854015,0.15223780401774253,0.15223780401854015,0.15223780401950268,0.15223780402018827,0.15223780401950268,0.15223780401899445,0.15223780401950268,0.15223780402018827,0.1509240930988637,0.15092409309712992,0.1509240930957131,0.15092409309712992,0.1509240930988637,0.15092409309712992,0.1509240930943789,0.1509240930916784,0.1509240930943789,0.15092409309712992,0.1509240930957131,0.1509240930916784,0.15092409308680177,0.1509240930916784,0.1509240930957131,0.15092409309712992,0.1509240930943789,0.1509240930916784,0.1509240930943789,0.15092409309712992,0.1509240930988637,0.15092409309712992,0.1509240930957131,0.15092409309712992,0.1509240930988637,0.1496365232458608,0.14963652324199214,0.14963652323837554,0.14963652324199214,0.1496365232458608,0.14963652324199214,0.1496365232348043,0.14963652322579996,0.1496365232348043,0.14963652324199214,0.14963652323837554,0.14963652322579996,0.14963652320248913,0.14963652322579996,0.14963652323837554,0.14963652324199214,0.1496365232348043,0.14963652322579996,0.1496365232348043,0.14963652324199214,0.1496365232458608,0.14963652324199214,0.14963652323837554,0.14963652324199214,0.1496365232458608,0.14837453652202184,0.14837453651515461,0.14837453650765414,0.14837453651515461,0.14837453652202184,0.14837453651515461,0.1483745365000117,0.14837453647374357,0.1483745365000117,0.14837453651515461,0.14837453650765414,0.14837453647374357,0.14837453634737122,0.14837453647374357,0.14837453650765414,0.14837453651515461,0.1483745365000117,0.14837453647374357,0.1483745365000117,0.14837453651515461,0.14837453652202184,0.14837453651515461,0.14837453650765414,0.14837453651515461,0.14837453652202184,0.14713758241647995,0.14713758240867905,0.1471375824004767,0.14713758240867905,0.14713758241647995,0.14713758240867905,0.147137582392157,0.14713758236574787,0.147137582392157,0.14713758240867905,0.1471375824004767,0.14713758236574787,0.14713758225461662,0.14713758236574787,0.1471375824004767,0.14713758240867905,0.147137582392157,0.14713758236574787,0.147137582392157,0.14713758240867905,0.14713758241647995,0.14713758240867905,0.1471375824004767,0.14713758240867905,0.14713758241647995,0.145925118278452,0.14592511827106608,0.14592511826359467,0.14592511827106608,0.145925118278452,0.14592511827106608,0.14592511825608234,0.14592511823347368,0.14592511825608234,0.14592511827106608,0.14592511826359467,0.14592511823347368,0.145925118143624,0.14592511823347368,0.14592511826359467,0.14592511827106608,0.14592511825608234,0.14592511823347368,0.14592511825608234,0.14592511827106608,0.145925118278452,0.14592511827106608,0.14592511826359467,0.14592511827106608,0.145925118278452,0.1447366096921132,0.1447366096854496,0.14473660967882662,0.1447366096854496,0.1447366096921132,0.1447366096854496,0.14473660967220126,0.14473660965264573,0.14473660967220126,0.1447366096854496,0.14473660967882662,0.14473660965264573,0.1447366095762238,0.14473660965264573,0.14473660967882662,0.1447366096854496,0.14473660967220126,0.14473660965264573,0.14473660967220126,0.1447366096854496,0.1447366096921132,0.1447366096854496,0.14473660967882662,0.1447366096854496,0.1447366096921132,0.14357153079348245,0.14357153078742302,0.14357153078137283,0.14357153078742302,0.14357153079348245,0.14357153078742302,0.1435715307753108,0.14357153075732323,0.1435715307753108,0.14357153078742302,0.14357153078137283,0.14357153075732323,0.1435715306865588,0.14357153075732323,0.14357153078137283,0.14357153078742302,0.1435715307753108,0.14357153075732323,0.1435715307753108,0.14357153078742302,0.14357153079348245,0.14357153078742302,0.14357153078137283,0.14357153078742302,0.14357153079348245,0.14242936453267116,0.14242936452720245,0.14242936452156985,0.14242936452720245,0.14242936453267116,0.14242936452720245,0.14242936451586913,0.14242936449840798,0.14242936451586913,0.14242936452720245,0.14242936452156985,0.14242936449840798,0.1424293644276485,0.14242936449840798,0.14242936452156985,0.14242936452720245,0.14242936451586913,0.14242936449840798,0.14242936451586913,0.14242936452720245,0.14242936453267116,0.14242936452720245,0.14242936452156985,0.14242936452720245,0.14242936453267116,0.1413096028865458,0.14130960288225008,0.14130960287744904,0.14130960288225008,0.1413096028865458,0.14130960288225008,0.14130960287248084,0.14130960285597538,0.14130960287248084,0.14130960288225008,0.14130960287744904,0.14130960285597538,0.14130960278402588,0.14130960285597538,0.14130960287744904,0.14130960288225008,0.14130960287248084,0.14130960285597538,0.14130960287248084,0.14130960288225008,0.1413096028865458,0.14130960288225008,0.14130960287744904,0.14130960288225008,0.1413096028865458,0.14021174702640898,0.14021174702503755,0.14021174702272451,0.14021174702503755,0.14021174702640898,0.14021174702503755,0.14021174702014835,0.14021174700872632,0.14021174702014835,0.14021174702503755,0.14021174702272451,0.14021174700872632,0.14021174694609023,0.14021174700872632,0.14021174702272451,0.14021174702503755,0.14021174702014835,0.14021174700872632,0.14021174702014835,0.14021174702503755,0.14021174702640898,0.14021174702503755,0.14021174702272451,0.14021174702503755,0.14021174702640898,0.13913530744469943,0.1391353074494766,0.139135307453339,0.1391353074494766,0.13913530744469943,0.1391353074494766,0.13913530745699706,0.13913530746383113,0.13913530745699706,0.1391353074494766,0.139135307453339,0.13913530746383113,0.139135307473638,0.13913530746383113,0.139135307453339,0.1391353074494766,0.13913530745699706,0.13913530746383113,0.13913530745699706,0.1391353074494766,0.13913530744469943,0.1391353074494766,0.139135307453339,0.1391353074494766,0.13913530744469943,0.13807980404511228,0.13807980405916148,0.13807980407324003,0.13807980405916148,0.13807980404511228,0.13807980405916148,0.13807980408748632,0.13807980412620807,0.13807980408748632,0.13807980405916148,0.13807980407324003,0.13807980412620807,0.13807980423500976,0.13807980412620807,0.13807980407324003,0.13807980405916148,0.13807980408748632,0.13807980412620807,0.13807980408748632,0.13807980405916148,0.13807980404511228,0.13807980405916148,0.13807980407324003,0.13807980405916148,0.13807980404511228,0.13704476620357,0.13704476622674944,0.13704476625483455,0.13704476622674944,0.13704476620357,0.13704476622674944,0.13704476628395354,0.13704476639874227,0.13704476628395354,0.13704476622674944,0.13704476625483455,0.13704476639874227,0.1370447670347757,0.13704476639874227,0.13704476625483455,0.13704476622674944,0.13704476628395354,0.13704476639874227,0.13704476628395354,0.13704476622674944,0.13704476620357,0.13704476622674944,0.13704476625483455,0.13704476622674944,0.13704476620357,0.1360297328066395,0.1360297328228198,0.13602973283865338,0.1360297328228198,0.1360297328066395,0.1360297328228198,0.13602973285453543,0.13602973289692635,0.13602973285453543,0.1360297328228198,0.13602973283865338,0.13602973289692635,0.13602973301451193,0.13602973289692652,0.13602973283865338,0.1360297328228198,0.13602973285453543,0.13602973289692652,0.13602973285453543,0.1360297328228198,0.1360297328066395,0.1360297328228198,0.13602973283865338,0.1360297328228198,0.1360297328066395,0.1350342522901922,0.1350342523003248,0.13503425230868776,0.1350342523003248,0.1350342522901922,0.1350342523003248,0.13503425231662342,0.13503425233277622,0.13503425231662342,0.1350342523003248,0.13503425230868776,0.13503425233277622,0.13503425236213837,0.13503425233277622,0.13503425230868776,0.1350342523003248,0.13503425231662342,0.13503425233277622,0.13503425231662342,0.1350342523003248,0.1350342522901922,0.1350342523003248,0.13503425230868776,0.1350342523003248,0.1350342522901922
0.16533248773568662,0.16533248773568662,0.16533248773568662,0.16533248773568662,0.16533248773568662,0.16533248773568662,0.16533248773568662,0.16533248773568662,0.16533248773568662,0.16533248773568662,0.16533248773568662,0.16533248773568662,0.16533248773568662,0.16533248773568662,0.16533248773568662,0.16533248773568662,0.16533248773568662,0.16533248773568662,0.16533248773568662,0.16533248773568662,0.16533248773568662,0.16533248773568662,0.16533248773568662,0.16533248773568662,0.16533248773568662,0.1637574940178956,0.1637574940178956,0.1637574940178956,0.1637574940178956,0.1637574940178956,0.1637574940178956,0.16375749401789538,0.16375749401789538,0.16375749401789538,0.1637574940178956,0.1637574940178956,0.16375749401789538,0.16375749401789538,0.16375749401789538,0.1637574940178956,0.1637574940178956,0.16375749401789538,0.16375749401789538,0.16375749401789538,0.1637574940178956,0.1637574940178956,0.1637574940178956,0.1637574940178956,0.1637574940178956,0.1637574940178956,0.16221388423199465,0.1622138842319942,0.16221388423199398,0.1622138842319942,0.16221388423199465,0.1622138842319942,0.16221388423199398,0.16221388423199376,0.16221388423199398,0.1622138842319942,0.16221388423199398,0.16221388423199376,0.1622138842319935,0.16221388423199376,0.16221388423199398,0.1622138842319942,0.16221388423199398,0.16221388423199376,0.16221388423199398,0.1622138842319942,0.16221388423199465,0.1622138842319942,0.16221388423199398,0.1622138842319942,0.16221388423199465,0.1607010673350246,0.16070106733502348,0.1607010673350228,0.16070106733502348,0.1607010673350246,0.16070106733502348,0.16070106733502237,0.1607010673350217,0.16070106733502237,0.16070106733502348,0.1607010673350228,0.1607010673350217,0.16070106733502104,0.1607010673350217,0.1607010673350228,0.16070106733502348,0.16070106733502237,0.1607010673350217,0.16070106733502237,0.16070106733502348,0.1607010673350246,0.16070106733502348,0.1607010673350228,0.16070106733502348,0.1607010673350246,0.15921845170196539,0.15921845170196214,0.15921845170195997,0.15921845170196214,0.15921845170196539,0.15921845170196214,0.15921845170195867,0.15921845170195648,0.15921845170195867,0.15921845170196214,0.15921845170195997,0.15921845170195648,0.1592184517019541,0.15921845170195648,0.15921845170195997,0.15921845170196214,0.15921845170195867,0.15921845170195648,0.15921845170195867,0.15921845170196214,0.15921845170196539,0.15921845170196214,0.15921845170195997,0.15921845170196214,0.15921845170196539,0.1577654464775883,0.15776544647757829,0.1577654464775721,0.15776544647757829,0.1577654464775883,0.15776544647757829,0.1577654464775676,0.15776544647756055,0.1577654464775676,0.15776544647757829,0.1577654464775721,0.15776544647756055,0.15776544647755308,0.15776544647756055,0.1577654464775721,0.15776544647757829,0.1577654464775676,0.15776544647756055,0.1577654464775676,0.15776544647757829,0.1577654464775883,0.15776544647757829,0.1577654464775721,0.15776544647757829,0.1577654464775883,0.15634146279078603,0.1563414627907561,0.15634146279073688,0.1563414627907561,0.15634146279078603,0.1563414627907561,0.15634146279072247,0.1563414627907001,0.15634146279072247,0.1563414627907561,0.15634146279073688,0.1563414627907001,0.1563414627906752,0.1563414627907001,0.15634146279073688,0.1563414627907561,0.15634146279072247,0.1563414627907001,0.15634146279072247,0.1563414627907561,0.15634146279078603,0.1563414627907561,0.15634146279073688,0.1563414627907561,0.15634146279078603,0.15494591484165088,0.15494591484156295,0.15494591484150436,0.15494591484156295,0.15494591484165088,0.15494591484156295,0.15494591484145803,0.15494591484138467,0.15494591484145803,0.15494591484156295,0.15494591484150436,0.15494591484138467,0.1549459148412996,0.15494591484138467,0.15494591484150436,0.15494591484156295,0.15494591484145803,0.15494591484138467,0.15494591484145803,0.15494591484156295,0.15494591484165088,0.15494591484156295,0.15494591484150436,0.15494591484156295,0.15494591484165088,0.15357822087103185,0.1535782208707806,0.15357822087060627,0.1535782208707806,0.15357822087103185,0.1535782208707806,0.15357822087045905,0.15357822087022024,0.15357822087045905,0.1535782208707806,0.15357822087060627,0.15357822087022024,0.1535782208699192,0.15357822087022024,0.15357822087060627,0.1535782208707806,0.15357822087045905,0.15357822087022024,0.15357822087045905,0.1535782208707806,0.15357822087103185,0.1535782208707806,0.15357822087060627,0.1535782208707806,0.15357822087103185,0.15223780402177559,0.15223780402109197,0.1522378040205853,0.15223780402109197,0.15223780402177559,0.15223780402109197,0.15223780402013218,0.15223780401933715,0.15223780402013218,0.15223780402109197,0.1522378040205853,0.15223780401933715,0.1522378040181878,0.15223780401933715,0.1522378040205853,0.15223780402109197,0.15223780402013218,0.15223780401933715,0.15223780402013218,0.15223780402109197,0.15223780402177559,0.15223780402109197,0.1522378040205853,0.15223780402109197,0.15223780402177559,0.15092409310037794,0.15092409309864954,0.1509240930972372,0.15092409309864954,0.15092409310037794,0.15092409309864954,0.150924093095907,0.1509240930932146,0.150924093095907,0.15092409309864954,0.1509240930972372,0.1509240930932146,0.15092409308835225,0.1509240930932146,0.1509240930972372,0.15092409309864954,0.150924093095907,0.1509240930932146,0.150924093095907,0.15092409309864954,0.15092409310037794,0.15092409309864954,0.1509240930972372,0.15092409309864954,0.15092409310037794,0.14963652324728893,0.14963652324343296,0.1496365232398277,0.14963652324343296,0.14963652324728893,0.14963652324343296,0.1496365232362682,0.1496365232272907,0.1496365232362682,0.14963652324343296,0.1496365232398277,0.1496365232272907,0.14963652320404738,0.1496365232272907,0.1496365232398277,0.14963652324343296,0.1496365232362682,0.1496365232272907,0.1496365232362682,0.14963652324343296,0.14963652324728893,0.14963652324343296,0.1496365232398277,0.14963652324343296,0.14963652324728893,0.14837453652333712,0.14837453651649385,0.14837453650901797,0.14837453651649385,0.14837453652333712,0.14837453651649385,0.14837453650140053,0.1483745364752125,0.14837453650140053,0.14837453651649385,0.14837453650901797,0.1483745364752125,0.14837453634923137,0.1483745364752125,0.14837453650901797,0.14837453651649385,0.14837453650140053,0.1483745364752125,0.14837453650140053,0.14837453651649385,0.14837453652333712,0.14837453651649385,0.14837453650901797,0.14837453651649385,0.14837453652333712,0.14713758241763186,0.14713758240986363,0.147137582401694,0.14713758240986363,0.14713758241763186,0.14713758240986363,0.147137582393407,0.14713758236709648,0.147137582393407,0.14713758240986363,0.147137582401694,0.14713758236709648,0.14713758225636198,0.14713758236709648,0.147137582401694,0.14713758240986363,0.147137582393407,0.14713758236709648,0.147137582393407,0.14713758240986363,0.14713758241763186,0.14713758240986363,0.147137582401694,0.14713758240986363,0.14713758241763186,0.14592511827937207,0.14592511827202725,0.14592511826459648,0.14592511827202725,0.14592511827937207,0.14592511827202725,0.14592511825712473,0.14592511823463486,0.14592511825712473,0.14592511827202725,0.14592511826459648,0.14592511823463486,0.14592511814525344,0.14592511823463486,0.14592511826459648,0.14592511827202725,0.14592511825712473,0.14592511823463486,0.14592511825712473,0.14592511827202725,0.14592511827937207,0.14592511827202725,0.14592511826459648,0.14592511827202725,0.14592511827937207,0.1447366096927145,0.14473660968610308,0.14473660967953164,0.14473660968610308,0.1447366096927145,0.14473660968610308,0.14473660967295793,0.1447366096535539,0.14473660967295793,0.14473660968610308,0.14473660967953164,0.1447366096535539,0.14473660957768478,0.1447366096535539,0.14473660967953164,0.14473660968610308,0.14473660967295793,0.1447366096535539,0.14473660967295793,0.14473660968610308,0.1447366096927145,0.14473660968610308,0.14473660967953164,0.14473660968610308,0.1447366096927145,0.14357153079365562,0.14357153078766105,0.14357153078167637,0.14357153078766105,0.14357153079365562,0.14357153078766105,0.1435715307756802,0.14357153075789028,0.1435715307756802,0.14357153078766105,0.14357153078167637,0.14357153075789028,0.143571530687894,0.14357153075789028,0.14357153078167637,0.14357153078766105,0.1435715307756802,0.14357153075789028,0.1435715307756802,0.14357153078766105,0.14357153079365562,0.14357153078766105,0.14357153078167637,0.14357153078766105,0.14357153079365562,0.14242936453227895,0.14242936452688607,0.14242936452133267,0.14242936452688607,0.14242936453227895,0.14242936452688607,0.14242936451571228,0.14242936449850194,0.14242936451571228,0.14242936452688607,0.14242936452133267,0.14242936449850194,0.14242936442878992,0.14242936449850194,0.14242936452133267,0.14242936452688607,0.14242936451571228,0.14242936449850194,0.14242936451571228,0.14242936452688607,0.14242936453227895,0.14242936452688607,0.14242936452133267,0.14242936452688607,0.14242936453227895,0.14130960288542757,0.14130960288120722,0.14130960287648917,0.14130960288120722,0.14130960288542757,0.14130960288120722,0.14130960287160638,0.14130960285538494,0.14130960287160638,0.14130960288120722,0.14130960287648917,0.14130960285538494,0.14130960278465723,0.14130960285538494,0.14130960287648917,0.14130960288120722,0.14130960287160638,0.14130960285538494,0.14130960287160638,0.14130960288120722,0.14130960288542757,0.14130960288120722,0.14130960287648917,0.14130960288120722,0.14130960288542757,0.14021174702440367,0.14021174702307995,0.14021174702082626,0.14021174702307995,0.14021174702440367,0.14021174702307995,0.1402117470183125,0.14021174700712705,0.1402117470183125,0.14021174702307995,0.14021174702082626,0.14021174700712705,0.14021174694568758,0.14021174700712705,0.14021174702082626,0.14021174702307995,0.1402117470183125,0.14021174700712705,0.1402117470183125,0.14021174702307995,0.14021174702440367,0.14021174702307995,0.14021174702082626,0.14021174702307995,0.14021174702440367,0.1391353074417013,0.13913530744645905,0.1391353074503081,0.13913530744645905,0.1391353074417013,0.13913530744645905,0.13913530745395467,0.1391353074607789,0.13913530745395467,0.13913530744645905,0.1391353074503081,0.1391353074607789,0.1391353074706244,0.1391353074607789,0.1391353074503081,0.13913530744645905,0.13913530745395467,0.1391353074607789,0.13913530745395467,0.13913530744645905,0.1391353074417013,0.13913530744645905,0.1391353074503081,0.13913530744645905,0.1391353074417013,0.138079804041153,0.1380798040550935,0.1380798040690615,0.1380798040550935,0.138079804041153,0.1380798040550935,0.1380798040831954,0.13807980412160614,0.1380798040831954,0.1380798040550935,0.1380798040690615,0.13807980412160614,0.1380798042295196,0.13807980412160614,0.1380798040690615,0.1380798040550935,0.1380798040831954,0.13807980412160614,0.1380798040831954,0.1380798040550935,0.138079804041153,0.1380798040550935,0.1380798040690615,0.1380798040550935,0.138079804041153,0.13704476619886605,0.1370447662218545,0.1370447662497067,0.1370447662218545,0.13704476619886605,0.1370447662218545,0.13704476627858367,0.13704476639241298,0.13704476627858367,0.1370447662218545,0.1370447662497067,0.13704476639241298,0.1370447670231192,0.13704476639241298,0.1370447662497067,0.1370447662218545,0.13704476627858367,0.13704476639241298,0.13704476627858367,0.1370447662218545,0.13704476619886605,0.1370447662218545,0.1370447662497067,0.1370447662218545,0.13704476619886605,0.1360297328015796,0.13602973281762537,0.13602973283332698,0.13602973281762537,0.1360297328015796,0.13602973281762537,0.13602973284907666,0.13602973289111328,0.13602973284907666,0.13602973281762537,0.13602973283332698,0.13602973289111328,0.13602973300771357,0.13602973289111328,0.13602973283332698,0.13602973281762537,0.13602973284907666,0.13602973289111328,0.13602973284907666,0.13602973281762537,0.1360297328015796,0.13602973281762537,0.13602973283332698,0.13602973281762537,0.1360297328015796,0.1350342522850532,0.13503425229510144,0.13503425230339466,0.13503425229510144,0.1350342522850532,0.13503425229510144,0.13503425231126404,0.13503425232728186,0.13503425231126404,0.13503425229510144,0.13503425230339466,0.13503425232728186,0.13503425235639835,0.13503425232728186,0.13503425230339466,0.13503425229510144,0.13503425231126404,0.13503425232728186,0.13503425231126404,0.13503425229510144,0.1350342522850532,0.13503425229510144,0.13503425230339466,0.13503425229510144,0.1350342522850532
0.1653324877375559,0.1653324877375559,0.1653324877375559,0.1653324877375559,0.1653324877375559,0.1653324877375559,0.1653324877375559,0.16533248773755566,0.1653324877375559,0.1653324877375559,0.1653324877375559,0.16533248773755566,0.16533248773755566,0.16533248773755566,0.1653324877375559,0.1653324877375559,0.1653324877375559,0.16533248773755566,0.1653324877375559,0.1653324877375559,0.1653324877375559,0.1653324877375559,0.1653324877375559,0.1653324877375559,0.1653324877375559,0.16375749401972628,0.16375749401972628,0.16375749401972603,0.16375749401972628,0.16375749401972628,0.16375749401972628,0.16375749401972603,0.16375749401972603,0.16375749401972603,0.16375749401972628,0.16375749401972603,0.16375749401972603,0.16375749401972603,0.16375749401972603,0.16375749401972603,0.16375749401972628,0.16375749401972603,0.16375749401972603,0.16375749401972603,0.16375749401972628,0.16375749401972628,0.16375749401972628,0.16375749401972603,0.16375749401972628,0.16375749401972628,0.1622138842337863,0.16221388423378585,0.16221388423378563,0.16221388423378585,0.1622138842337863,0.16221388423378585,0.16221388423378563,0.1622138842337854,0.16221388423378563,0.16221388423378585,0.16221388423378563,0.1622138842337854,0.1622138842337852,0.1622138842337854,0.16221388423378563,0.16221388423378585,0.16221388423378563,0.1622138842337854,0.16221388423378563,0.16221388423378585,0.1622138842337863,0.16221388423378585,0.16221388423378563,0.16221388423378585,0.1622138842337863,0.16070106733677694,0.16070106733677583,0.16070106733677517,0.16070106733677583,0.16070106733677694,0.16070106733677583,0.16070106733677472,0.16070106733677403,0.16070106733677472,0.16070106733677583,0.16070106733677517,0.16070106733677403,0.1607010673367734,0.16070106733677403,0.16070106733677517,0.16070106733677583,0.16070106733677472,0.16070106733677403,0.16070106733677472,0.16070106733677583,0.16070106733677694,0.16070106733677583,0.16070106733677517,0.16070106733677583,0.16070106733677694,0.15921845170367774,0.1592184517036745,0.15921845170367252,0.1592184517036745,0.15921845170367774,0.1592184517036745,0.159218451703671,0.15921845170366883,0.159218451703671,0.1592184517036745,0.15921845170367252,0.15921845170366883,0.15921845170366664,0.15921845170366883,0.15921845170367252,0.1592184517036745,0.159218451703671,0.15921845170366883,0.159218451703671,0.1592184517036745,0.15921845170367774,0.1592184517036745,0.15921845170367252,0.1592184517036745,0.15921845170367774,0.1577654464792605,0.15776544647925045,0.15776544647924426,0.15776544647925045,0.1577654464792605,0.15776544647925045,0.1577654464792398,0.15776544647923277,0.1577654464792398,0.15776544647925045,0.15776544647924426,0.15776544647923277,0.1577654464792255,0.15776544647923277,0.15776544647924426,0.15776544647925045,0.1577654464792398,0.15776544647923277,0.1577654464792398,0.15776544647925045,0.1577654464792605,0.15776544647925045,0.15776544647924426,0.15776544647925045,0.1577654464792605,0.15634146279241748,0.1563414627923878,0.15634146279236835,0.1563414627923878,0.15634146279241748,0.1563414627923878,0.15634146279235392,0.15634146279233152,0.15634146279235392,0.1563414627923878,0.15634146279236835,0.15634146279233152,0.15634146279230685,0.15634146279233152,0.15634146279236835,0.1563414627923878,0.15634146279235392,0.15634146279233152,0.15634146279235392,0.1563414627923878,0.15634146279241748,0.1563414627923878,0.15634146279236835,0.1563414627923878,0.15634146279241748,0.15494591484324113,0.15494591484315343,0.15494591484309503,0.15494591484315343,0.15494591484324113,0.15494591484315343,0.1549459148430487,0.15494591484297557,0.1549459148430487,0.15494591484315343,0.15494591484309503,0.15494591484297557,0.15494591484289072,0.15494591484297557,0.15494591484309503,0.15494591484315343,0.1549459148430487,0.15494591484297557,0.1549459148430487,0.15494591484315343,0.15494591484324113,0.15494591484315343,0.15494591484309503,0.15494591484315343,0.15494591484324113,0.15357822087257994,0.15357822087232953,0.15357822087215575,0.15357822087232953,0.15357822087257994,0.15357822087232953,0.15357822087200876,0.15357822087177075,0.15357822087200876,0.15357822087232953,0.15357822087215575,0.15357822087177075,0.1535782208714705,0.15357822087177075,0.15357822087215575,0.15357822087232953,0.15357822087200876,0.15357822087177075,0.15357822087200876,0.15357822087232953,0.15357822087257994,0.15357822087232953,0.15357822087215575,0.15357822087232953,0.15357822087257994,0.15223780402327985,0.15223780402259837,0.15223780402209328,0.15223780402259837,0.15223780402327985,0.15223780402259837,0.15223780402164155,0.15223780402084888,0.15223780402164155,0.15223780402259837,0.15223780402209328,0.15223780402084888,0.15223780401970308,0.15223780402084888,0.15223780402209328,0.15223780402259837,0.15223780402164155,0.15223780402084888,0.15223780402164155,0.15223780402259837,0.15223780402327985,0.15223780402259837,0.15223780402209328,0.15223780402259837,0.15223780402327985,0.15092409310183372,0.15092409310011093,0.1509240930987028,0.15092409310011093,0.15092409310183372,0.15092409310011093,0.15092409309737687,0.1509240930946926,0.15092409309737687,0.15092409310011093,0.1509240930987028,0.1509240930946926,0.1509240930898445,0.1509240930946926,0.1509240930987028,0.15092409310011093,0.15092409309737687,0.1509240930946926,0.15092409309737687,0.15092409310011093,0.15092409310183372,0.15092409310011093,0.1509240930987028,0.15092409310011093,0.15092409310183372,0.14963652324868496,0.14963652324484164,0.1496365232412477,0.14963652324484164,0.14963652324868496,0.14963652324484164,0.14963652323769938,0.1496365232287491,0.14963652323769938,0.14963652324484164,0.1496365232412477,0.1496365232287491,0.14963652320557347,0.1496365232287491,0.1496365232412477,0.14963652324484164,0.14963652323769938,0.1496365232287491,0.14963652323769938,0.14963652324484164,0.14963652324868496,0.14963652324484164,0.1496365232412477,0.14963652324484164,0.14963652324868496,0.14837453652464666,0.14837453651782725,0.14837453651037627,0.14837453651782725,0.14837453652464666,0.14837453651782725,0.14837453650278384,0.1483745364766761,0.14837453650278384,0.14837453651782725,0.14837453651037627,0.1483745364766761,0.1483745363510667,0.1483745364766761,0.14837453651037627,0.14837453651782725,0.14837453650278384,0.1483745364766761,0.14837453650278384,0.14837453651782725,0.14837453652464666,0.14837453651782725,0.14837453651037627,0.14837453651782725,0.14837453652464666,0.14713758241880537,0.14713758241106986,0.14713758240293306,0.14713758241106986,0.14713758241880537,0.14713758241106986,0.14713758239467895,0.14713758236846727,0.14713758239467895,0.14713758241106986,0.14713758240293306,0.14713758236846727,0.1471375822580957,0.14713758236846727,0.14713758240293306,0.14713758241106986,0.14713758239467895,0.14713758236846727,0.14713758239467895,0.14713758241106986,0.14713758241880537,0.14713758241106986,0.14713758240293306,0.14713758241106986,0.14713758241880537,0.14592511828034072,0.14592511827303742,0.14592511826564758,0.14592511827303742,0.14592511828034072,0.14592511827303742,0.14592511825821644,0.14592511823584572,0.14592511825821644,0.14592511827303742,0.14592511826564758,0.14592511823584572,0.14592511814692885,0.14592511823584572,0.14592511826564758,0.14592511827303742,0.14592511825821644,0.14592511823584572,0.14592511825821644,0.14592511827303742,0.14592511828034072,0.14592511827303742,0.14592511826564758,0.14592511827303742,0.14592511828034072,0.14473660969339106,0.14473660968683202,0.1447366096803122,0.14473660968683202,0.14473660969339106,0.14473660968683202,0.14473660967379015,0.14473660965453802,0.14473660967379015,0.14473660968683202,0.1447366096803122,0.14473660965453802,0.14473660957927773,0.14473660965453802,0.1447366096803122,0.14473660968683202,0.14473660967379015,0.14473660965453802,0.14473660967379015,0.14473660968683202,0.14473660969339106,0.14473660968683202,0.1447366096803122,0.14473660968683202,0.14473660969339106,0.14357153079392923,0.1435715307879995,0.14357153078208035,0.1435715307879995,0.14357153079392923,0.1435715307879995,0.1435715307761501,0.14357153075855783,0.1435715307761501,0.1435715307879995,0.14357153078208035,0.14357153075855783,0.14357153068935907,0.14357153075855783,0.14357153078208035,0.1435715307879995,0.1435715307761501,0.14357153075855783,0.1435715307761501,0.1435715307879995,0.14357153079392923,0.1435715307879995,0.14357153078208035,0.1435715307879995,0.14357153079392923,0.1424293645320114,0.14242936452669397,0.14242936452121924,0.14242936452669397,0.1424293645320114,0.14242936452669397,0.1424293645156789,0.142429364498718,0.1424293645156789,0.14242936452669397,0.14242936452121924,0.142429364498718,0.14242936443000076,0.142429364498718,0.14242936452121924,0.14242936452669397,0.1424293645156789,0.142429364498718,0.1424293645156789,0.14242936452669397,0.1424293645320114,0.14242936452669397,0.14242936452121924,0.14242936452669397,0.1424293645320114,0.1413096028844569,0.14130960288031089,0.14130960287567526,0.14130960288031089,0.1413096028844569,0.14130960288031089,0.14130960287087713,0.14130960285493677,0.14130960287087713,0.14130960288031089,0.14130960287567526,0.14130960285493677,0.14130960278545293,0.14130960285493677,0.14130960287567526,0.14130960288031089,0.14130960287087713,0.14130960285493677,0.14130960287087713,0.14130960288031089,0.1413096028844569,0.14130960288031089,0.14130960287567526,0.14130960288031089,0.1413096028844569,0.1402117470225678,0.140211747021291,0.14021174701909586,0.140211747021291,0.1402117470225678,0.140211747021291,0.14021174701664385,0.14021174700569206,0.14021174701664385,0.140211747021291,0.14021174701909586,0.14021174700569206,0.1402117469454296,0.14021174700569206,0.14021174701909586,0.140211747021291,0.14021174701664385,0.14021174700569206,0.14021174701664385,0.140211747021291,0.1402117470225678,0.140211747021291,0.14021174701909586,0.140211747021291,0.1402117470225678,0.1391353074388926,0.1391353074436306,0.13913530744746636,0.1391353074436306,0.1391353074388926,0.1391353074436306,0.1391353074511009,0.13913530745791475,0.1391353074511009,0.1391353074436306,0.13913530744746636,0.13913530745791475,0.13913530746779704,0.13913530745791475,0.13913530744746636,0.1391353074436306,0.1391353074511009,0.13913530745791475,0.1391353074511009,0.1391353074436306,0.1391353074388926,0.1391353074436306,0.13913530744746636,0.1391353074436306,0.1391353074388926,0.13807980403740003,0.13807980405123238,0.13807980406508996,0.13807980405123238,0.13807980403740003,0.13807980405123238,0.1380798040791116,0.1380798041172124,0.1380798040791116,0.13807980405123238,0.13807980406508996,0.1380798041172124,0.1380798042242406,0.1380798041172124,0.13807980406508996,0.13807980405123238,0.1380798040791116,0.1380798041172124,0.1380798040791116,0.13807980405123238,0.13807980403740003,0.13807980405123238,0.13807980406508996,0.13807980405123238,0.13807980403740003,0.13704476619438102,0.13704476621717926,0.13704476624479917,0.13704476621717926,0.13704476619438102,0.13704476621717926,0.13704476627343498,0.13704476638630844,0.13704476627343498,0.13704476621717926,0.13704476624479917,0.13704476638630844,0.13704476701169802,0.13704476638630844,0.13704476624479917,0.13704476621717926,0.13704476627343498,0.13704476638630844,0.13704476627343498,0.13704476621717926,0.13704476619438102,0.13704476621717926,0.13704476624479917,0.13704476621717926,0.13704476619438102,0.13602973279674538,0.1360297328126573,0.13602973282822742,0.1360297328126573,0.13602973279674538,0.1360297328126573,0.13602973284384512,0.13602973288552853,0.13602973284384512,0.1360297328126573,0.13602973282822742,0.13602973288552853,0.1360297330011469,0.13602973288552853,0.13602973282822742,0.1360297328126573,0.13602973284384512,0.13602973288552853,0.13602973284384512,0.1360297328126573,0.13602973279674538,0.1360297328126573,0.13602973282822742,0.1360297328126573,0.13602973279674538,0.13503425228014118,0.13503425229010532,0.13503425229832908,0.13503425229010532,0.13503425228014118,0.13503425229010532,0.13503425230613253,0.13503425232201566,0.13503425230613253,0.13503425229010543,0.13503425229832908,0.13503425232201566,0.1350342523508872,0.13503425232201566,0.13503425229832908,0.13503425229010532,0.13503425230613253,0.13503425232201566,0.13503425230613253,0.13503425229010532,0.13503425228014118,0.13503425229010543,0.13503425229832908,0.13503425229010532,0.13503425228014118
0.1653324877393501,0.1653324877393501,0.1653324877393501,0.1653324877393501,0.1653324877393501,0.1653324877393501,0.1653324877393501,0.1653324877393501,0.1653324877393501,0.1653324877393501,0.1653324877393501,0.1653324877393501,0.16533248773934986,0.1653324877393501,0.1653324877393501,0.1653324877393501,0.1653324877393501,0.1653324877393501,0.1653324877393501,0.1653324877393501,0.1653324877393501,0.1653324877393501,0.1653324877393501,0.1653324877393501,0.1653324877393501,0.1637574940214843,0.1637574940214843,0.1637574940214843,0.1637574940214843,0.1637574940214843,0.1637574940214843,0.16375749402148407,0.16375749402148407,0.16375749402148407,0.1637574940214843,0.1637574940214843,0.16375749402148407,0.16375749402148407,0.16375749402148407,0.1637574940214843,0.1637574940214843,0.16375749402148407,0.16375749402148407,0.16375749402148407,0.1637574940214843,0.1637574940214843,0.1637574940214843,0.1637574940214843,0.1637574940214843,0.1637574940214843,0.1622138842355084,0.16221388423550817,0.16221388423550792,0.16221388423550817,0.1622138842355084,0.16221388423550817,0.1622138842355077,0.16221388423550748,0.1622138842355077,0.16221388423550817,0.16221388423550792,0.16221388423550748,0.16221388423550726,0.16221388423550748,0.16221388423550792,0.16221388423550817,0.1622138842355077,0.16221388423550748,0.1622138842355077,0.16221388423550817,0.1622138842355084,0.16221388423550817,0.16221388423550792,0.16221388423550817,0.1622138842355084,0.16070106733846354,0.1607010673384624,0.16070106733846173,0.1607010673384624,0.16070106733846354,0.1607010673384624,0.1607010673384613,0.16070106733846062,0.1607010673384613,0.1607010673384624,0.16070106733846173,0.16070106733846062,0.16070106733845999,0.16070106733846062,0.16070106733846173,0.1607010673384624,0.1607010673384613,0.16070106733846062,0.1607010673384613,0.1607010673384624,0.16070106733846354,0.1607010673384624,0.16070106733846173,0.1607010673384624,0.16070106733846354,0.15921845170532914,0.15921845170532586,0.15921845170532392,0.15921845170532586,0.15921845170532914,0.15921845170532586,0.1592184517053224,0.1592184517053202,0.1592184517053224,0.15921845170532586,0.15921845170532392,0.1592184517053202,0.159218451705318,0.1592184517053202,0.15921845170532392,0.15921845170532586,0.1592184517053224,0.1592184517053202,0.1592184517053224,0.15921845170532586,0.15921845170532914,0.15921845170532586,0.15921845170532392,0.15921845170532586,0.15921845170532914,0.15776544648087695,0.15776544648086693,0.15776544648086074,0.15776544648086693,0.15776544648087695,0.15776544648086693,0.15776544648085628,0.15776544648084923,0.15776544648085628,0.15776544648086693,0.15776544648086074,0.15776544648084923,0.15776544648084198,0.15776544648084923,0.15776544648086074,0.15776544648086693,0.15776544648085628,0.15776544648084923,0.15776544648085628,0.15776544648086693,0.15776544648087695,0.15776544648086693,0.15776544648086074,0.15776544648086693,0.15776544648087695,0.1563414627939992,0.15634146279396946,0.15634146279395025,0.15634146279396946,0.1563414627939992,0.15634146279396946,0.15634146279393582,0.15634146279391345,0.15634146279393582,0.15634146279396946,0.15634146279395025,0.15634146279391345,0.15634146279388877,0.15634146279391345,0.15634146279395025,0.15634146279396946,0.15634146279393582,0.15634146279391345,0.15634146279393582,0.15634146279396946,0.1563414627939992,0.15634146279396946,0.15634146279395025,0.15634146279396946,0.1563414627939992,0.15494591484478817,0.15494591484470066,0.15494591484464246,0.15494591484470066,0.15494591484478817,0.15494591484470066,0.15494591484459613,0.15494591484452339,0.15494591484459613,0.15494591484470066,0.15494591484464246,0.15494591484452339,0.15494591484443876,0.15494591484452339,0.15494591484464246,0.15494591484470066,0.15494591484459613,0.15494591484452339,0.15494591484459613,0.15494591484470066,0.15494591484478817,0.15494591484470066,0.15494591484464246,0.15494591484470066,0.15494591484478817,0.15357822087409212,0.15357822087384246,0.15357822087366932,0.15357822087384246,0.15357822087409212,0.15357822087384246,0.15357822087352271,0.15357822087328551,0.15357822087352271,0.15357822087384246,0.15357822087366932,0.15357822087328551,0.15357822087298625,0.15357822087328551,0.15357822087366932,0.15357822087384246,0.15357822087352271,0.15357822087328551,0.15357822087352271,0.15357822087384246,0.15357822087409212,0.15357822087384246,0.15357822087366932,0.15357822087384246,0.15357822087409212,0.15223780402475592,0.15223780402407663,0.15223780402357293,0.15223780402407663,0.15223780402475592,0.15223780402407663,0.15223780402312276,0.15223780402233264,0.15223780402312276,0.15223780402407663,0.15223780402357293,0.15223780402233264,0.15223780402119,0.15223780402233264,0.15223780402357293,0.15223780402407663,0.15223780402312276,0.15223780402233264,0.15223780402312276,0.15223780402407663,0.15223780402475592,0.15223780402407663,0.15223780402357293,0.15223780402407663,0.15223780402475592,0.1509240931032696,0.15092409310155225,0.15092409310014876,0.15092409310155225,0.1509240931032696,0.15092409310155225,0.15092409309882684,0.15092409309615068,0.15092409309882684,0.15092409310155225,0.15092409310014876,0.15092409309615068,0.15092409309131705,0.15092409309615068,0.15092409310014876,0.15092409310155225,0.15092409309882684,0.15092409309615068,0.15092409309882684,0.15092409310155225,0.1509240931032696,0.15092409310155225,0.15092409310014876,0.15092409310155225,0.1509240931032696,0.14963652325006943,0.14963652324623875,0.1496365232426564,0.14963652324623875,0.14963652325006943,0.14963652324623875,0.1496365232391192,0.14963652323019613,0.1496365232391192,0.14963652324623875,0.1496365232426564,0.14963652323019613,0.1496365232070884,0.14963652323019613,0.1496365232426564,0.14963652324623875,0.1496365232391192,0.14963652323019613,0.1496365232391192,0.14963652324623875,0.14963652325006943,0.14963652324623875,0.1496365232426564,0.14963652324623875,0.14963652325006943,0.1483745365259538,0.14837453651915833,0.14837453651173213,0.14837453651915833,0.1483745365259538,0.14837453651915833,0.14837453650416457,0.1483745364781372,0.14837453650416457,0.14837453651915833,0.14837453651173213,0.1483745364781372,0.14837453635291775,0.1483745364781372,0.14837453651173213,0.14837453651915833,0.14837453650416457,0.1483745364781372,0.14837453650416457,0.14837453651915833,0.1483745365259538,0.14837453651915833,0.14837453651173213,0.14837453651915833,0.1483745365259538,0.14713758241998504,0.1471375824122824,0.1471375824041785,0.1471375824122824,0.14713758241998504,0.1471375824122824,0.14713758239595745,0.14713758236984495,0.14713758239595745,0.1471375824122824,0.1471375824041785,0.14713758236984495,0.14713758225986232,0.14713758236984495,0.1471375824041785,0.1471375824122824,0.14713758239595745,0.14713758236984495,0.14713758239595745,0.1471375824122824,0.14713758241998504,0.1471375824122824,0.1471375824041785,0.1471375824122824,0.14713758241998504,0.14592511828132435,0.14592511827406254,0.14592511826671348,0.14592511827406254,0.14592511828132435,0.14592511827406254,0.1459251182593231,0.14592511823707202,0.1459251182593231,0.14592511827406254,0.14592511826671348,0.14592511823707202,0.145925118148634,0.14592511823707202,0.14592511826671348,0.14592511827406254,0.1459251182593231,0.14592511823707202,0.1459251182593231,0.14592511827406254,0.14592511828132435,0.14592511827406254,0.14592511826671348,0.14592511827406254,0.14592511828132435,0.14473660969409086,0.14473660968758378,0.14473660968111585,0.14473660968758378,0.14473660969409086,0.14473660968758378,0.14473660967464547,0.14473660965554588,0.14473660967464547,0.14473660968758378,0.14473660968111585,0.14473660965554588,0.1447366095808703,0.14473660965554588,0.14473660968111585,0.14473660968758378,0.14473660967464547,0.14473660965554588,0.14473660967464547,0.14473660968758378,0.14473660969409086,0.14473660968758378,0.14473660968111585,0.14473660968758378,0.14473660969409086,0.143571530794234,0.14357153078836893,0.14357153078251517,0.14357153078836893,0.143571530794234,0.14357153078836893,0.1435715307766506,0.14357153075925597,0.1435715307766506,0.14357153078836893,0.14357153078251517,0.14357153075925597,0.1435715306908284,0.14357153075925597,0.14357153078251517,0.14357153078836893,0.1435715307766506,0.14357153075925597,0.1435715307766506,0.14357153078836893,0.143571530794234,0.14357153078836893,0.14357153078251517,0.14357153078836893,0.14357153079423382,0.14242936453178243,0.14242936452654,0.14242936452114374,0.14242936452654,0.14242936453178243,0.14242936452654,0.14242936451568292,0.14242936449897012,0.14242936451568292,0.14242936452654,0.14242936452114374,0.14242936449897012,0.14242936443129242,0.14242936449897012,0.14242936452114374,0.14242936452654,0.14242936451568292,0.14242936449897012,0.14242936451568292,0.14242936452654,0.14242936453178243,0.14242936452654,0.14242936452114374,0.14242936452654,0.14242936453178243,0.14130960288353261,0.1413096028794606,0.14130960287490638,0.1413096028794606,0.14130960288353261,0.1413096028794606,0.14130960287019229,0.14130960285453023,0.14130960287019229,0.1413096028794606,0.14130960287490638,0.14130960285453023,0.1413096027862664,0.14130960285453023,0.14130960287490638,0.1413096028794606,0.14130960287019229,0.14130960285453023,0.14130960287019229,0.1413096028794606,0.14130960288353261,0.1413096028794606,0.14130960287490638,0.1413096028794606,0.14130960288353261,0.1402117470207866,0.1402117470195564,0.14021174701741915,0.1402117470195564,0.1402117470207866,0.1402117470195564,0.14021174701502792,0.14021174700430689,0.14021174701502792,0.1402117470195564,0.14021174701741915,0.14021174700430689,0.14021174694520286,0.14021174700430689,0.14021174701741915,0.1402117470195564,0.14021174701502792,0.14021174700430689,0.14021174701502792,0.1402117470195564,0.1402117470207866,0.1402117470195564,0.14021174701741915,0.1402117470195564,0.1402117470207866,0.1391353074361473,0.13913530744086552,0.13913530744468758,0.13913530744086552,0.1391353074361473,0.13913530744086552,0.13913530744831024,0.13913530745511285,0.13913530744831024,0.13913530744086552,0.13913530744468758,0.13913530745511285,0.13913530746503008,0.13913530745511285,0.13913530744468758,0.13913530744086552,0.13913530744831024,0.13913530745511285,0.13913530744831024,0.13913530744086552,0.1391353074361473,0.13913530744086552,0.13913530744468758,0.13913530744086552,0.1391353074361473,0.13807980403371872,0.13807980404744283,0.13807980406119053,0.13807980404744283,0.13807980403371872,0.13807980404744283,0.13807980407510037,0.138079804112892,0.13807980407510037,0.13807980404744283,0.13807980406119053,0.138079804112892,0.138079804219038,0.138079804112892,0.13807980406119053,0.13807980404744283,0.13807980407510037,0.138079804112892,0.13807980407510037,0.13807980404744283,0.13807980403371872,0.13807980404744283,0.13807980406119053,0.13807980404744283,0.13807980403371872,0.13704476618997338,0.1370447662125822,0.13704476623997083,0.1370447662125822,0.13704476618997338,0.1370447662125822,0.13704476626836626,0.13704476638028748,0.13704476626836626,0.1370447662125822,0.13704476623997083,0.13704476638028748,0.13704476700039595,0.13704476638028748,0.13704476623997083,0.1370447662125822,0.13704476626836626,0.13704476638028748,0.13704476626836626,0.1370447662125822,0.13704476618997338,0.1370447662125822,0.13704476623997083,0.1370447662125822,0.13704476618997338,0.1360297327919919,0.13602973280777034,0.1360297328232097,0.13602973280777034,0.1360297327919919,0.13602973280777034,0.1360297328386957,0.13602973288002726,0.1360297328386957,0.13602973280777034,0.1360297328232097,0.13602973288002726,0.1360297329946678,0.13602973288002726,0.1360297328232097,0.13602973280777034,0.1360297328386957,0.13602973288002726,0.1360297328386957,0.13602973280777034,0.1360297327919919,0.13602973280777034,0.1360297328232097,0.13602973280777034,0.1360297327919919,0.13503425227531077,0.13503425228519111,0.13503425229334554,0.13503425228519111,0.13503425227531077,0.13503425228519111,0.13503425230108318,0.1350342523168324,0.13503425230108318,0.13503425228519111,0.13503425229334554,0.1350342523168324,0.13503425234545982,0.1350342523168324,0.13503425229334554,0.13503425228519111,0.13503425230108318,0.1350342523168324,0.13503425230108318,0.13503425228519111,0.13503425227531077,0.13503425228519111,0.13503425229334554,0.13503425228519111,0.13503425227531077
0.1653324877411193,0.1653324877411193,0.1653324877411193,0.1653324877411193,0.1653324877411193,0.1653324877411193,0.1653324877411193,0.1653324877411193,0.1653324877411193,0.1653324877411193,0.1653324877411193,0.1653324877411193,0.1653324877411193,0.1653324877411193,0.1653324877411193,0.1653324877411193,0.1653324877411193,0.1653324877411193,0.1653324877411193,0.1653324877411193,0.1653324877411193,0.1653324877411193,0.1653324877411193,0.1653324877411193,0.1653324877411193,0.16375749402321826,0.16375749402321804,0.16375749402321804,0.16375749402321804,0.16375749402321826,0.16375749402321804,0.16375749402321804,0.1637574940232178,0.16375749402321804,0.16375749402321804,0.16375749402321804,0.1637574940232178,0.1637574940232178,0.1637574940232178,0.16375749402321804,0.16375749402321804,0.16375749402321804,0.1637574940232178,0.16375749402321804,0.16375749402321804,0.16375749402321826,0.16375749402321804,0.16375749402321804,0.16375749402321804,0.16375749402321826,0.16221388423720753,0.1622138842372071,0.16221388423720687,0.1622138842372071,0.16221388423720753,0.1622138842372071,0.16221388423720687,0.16221388423720665,0.16221388423720665,0.1622138842372071,0.16221388423720687,0.16221388423720665,0.16221388423720642,0.16221388423720665,0.16221388423720687,0.1622138842372071,0.16221388423720665,0.16221388423720665,0.16221388423720687,0.1622138842372071,0.16221388423720753,0.1622138842372071,0.16221388423720687,0.1622138842372071,0.16221388423720753,0.1607010673401281,0.16070106734012699,0.16070106734012635,0.16070106734012699,0.1607010673401281,0.16070106734012699,0.1607010673401259,0.1607010673401252,0.1607010673401259,0.16070106734012699,0.16070106734012635,0.1607010673401252,0.16070106734012457,0.1607010673401252,0.16070106734012635,0.16070106734012699,0.1607010673401259,0.1607010673401252,0.1607010673401259,0.16070106734012699,0.1607010673401281,0.16070106734012699,0.16070106734012635,0.16070106734012699,0.1607010673401281,0.15921845170696006,0.15921845170695678,0.15921845170695462,0.15921845170695678,0.15921845170696006,0.15921845170695678,0.15921845170695328,0.15921845170695112,0.15921845170695328,0.15921845170695678,0.15921845170695462,0.15921845170695112,0.15921845170694893,0.15921845170695112,0.15921845170695462,0.15921845170695678,0.15921845170695328,0.15921845170695112,0.15921845170695328,0.15921845170695678,0.15921845170696006,0.15921845170695678,0.15921845170695462,0.15921845170695678,0.15921845170696006,0.15776544648247445,0.15776544648246443,0.15776544648245824,0.15776544648246443,0.15776544648247445,0.15776544648246443,0.15776544648245375,0.15776544648244692,0.15776544648245375,0.15776544648246443,0.15776544648245824,0.15776544648244692,0.15776544648243945,0.15776544648244692,0.15776544648245824,0.15776544648246443,0.15776544648245375,0.15776544648244692,0.15776544648245375,0.15776544648246443,0.15776544648247445,0.15776544648246443,0.15776544648245824,0.15776544648246443,0.15776544648247445,0.15634146279556368,0.1563414627955342,0.15634146279551497,0.1563414627955342,0.15634146279556368,0.1563414627955342,0.15634146279550054,0.15634146279547836,0.15634146279550054,0.1563414627955342,0.15634146279551497,0.15634146279547836,0.15634146279545372,0.15634146279547836,0.15634146279551497,0.1563414627955342,0.15634146279550054,0.15634146279547836,0.15634146279550054,0.1563414627955342,0.15634146279556368,0.1563414627955342,0.15634146279551497,0.1563414627955342,0.15634146279556368,0.15494591484632023,0.15494591484623293,0.15494591484617495,0.15494591484623293,0.15494591484632023,0.15494591484623293,0.15494591484612882,0.1549459148460563,0.15494591484612882,0.15494591484623293,0.15494591484617495,0.1549459148460563,0.15494591484597187,0.1549459148460563,0.15494591484617495,0.15494591484623293,0.15494591484612882,0.1549459148460563,0.15494591484612882,0.15494591484623293,0.15494591484632023,0.15494591484623293,0.15494591484617495,0.15494591484623293,0.15494591484632023,0.1535782208755916,0.15357822087534276,0.15357822087517004,0.15357822087534276,0.1535782208755916,0.15357822087534276,0.15357822087502404,0.15357822087478742,0.15357822087502404,0.15357822087534276,0.15357822087517004,0.15357822087478742,0.1535782208744892,0.15357822087478742,0.15357822087517004,0.15357822087534276,0.15357822087502404,0.15357822087478742,0.15357822087502404,0.15357822087534276,0.1535782208755916,0.15357822087534276,0.15357822087517004,0.15357822087534276,0.1535782208755916,0.1522378040262216,0.1522378040255445,0.15223780402504253,0.1522378040255445,0.1522378040262216,0.1522378040255445,0.15223780402459372,0.152237804023806,0.15223780402459372,0.1522378040255445,0.15223780402504253,0.152237804023806,0.15223780402266687,0.152237804023806,0.15223780402504253,0.1522378040255445,0.15223780402459372,0.152237804023806,0.15223780402459372,0.1522378040255445,0.1522378040262216,0.1522378040255445,0.15223780402504253,0.1522378040255445,0.1522378040262216,0.1509240931046976,0.15092409310298602,0.15092409310158678,0.15092409310298602,0.1509240931046976,0.15092409310298602,0.15092409310026914,0.15092409309760105,0.15092409310026914,0.15092409310298602,0.15092409310158678,0.15092409309760105,0.1509240930927819,0.15092409309760105,0.15092409310158678,0.15092409310298602,0.15092409310026914,0.15092409309760105,0.15092409310026914,0.15092409310298602,0.1509240931046976,0.15092409310298602,0.15092409310158678,0.15092409310298602,0.1509240931046976,0.149636523251449,0.149636523247631,0.14963652324406015,0.149636523247631,0.149636523251449,0.149636523247631,0.14963652324053411,0.1496365232316383,0.14963652324053411,0.149636523247631,0.14963652324406015,0.1496365232316383,0.14963652320859863,0.1496365232316383,0.14963652324406015,0.149636523247631,0.14963652324053411,0.1496365232316383,0.14963652324053411,0.149636523247631,0.149636523251449,0.149636523247631,0.14963652324406015,0.149636523247631,0.149636523251449,0.14837453652725852,0.14837453652048713,0.14837453651308577,0.14837453652048713,0.14837453652725852,0.14837453652048713,0.14837453650554325,0.14837453647959647,0.14837453650554325,0.14837453652048713,0.14837453651308577,0.14837453647959647,0.14837453635474937,0.14837453647959647,0.14837453651308577,0.14837453652048713,0.14837453650554325,0.14837453647959647,0.14837453650554325,0.14837453652048713,0.14837453652725852,0.14837453652048713,0.14837453651308577,0.14837453652048713,0.14837453652725852,0.14713758242116526,0.14713758241349553,0.14713758240542468,0.14713758241349553,0.14713758242116526,0.14713758241349553,0.14713758239723665,0.14713758237122357,0.14713758239723665,0.14713758241349553,0.14713758240542468,0.14713758237122357,0.14713758226164436,0.14713758237122357,0.14713758240542468,0.14713758241349553,0.14713758239723665,0.14713758237122357,0.14713758239723665,0.14713758241349553,0.14713758242116526,0.14713758241349553,0.14713758240542468,0.14713758241349553,0.14713758242116526,0.14592511828231083,0.1459251182750907,0.14592511826778257,0.1459251182750907,0.14592511828231083,0.1459251182750907,0.14592511826043314,0.1459251182383019,0.14592511826043314,0.1459251182750907,0.14592511826778257,0.1459251182383019,0.14592511815030815,0.1459251182383019,0.14592511826778257,0.1459251182750907,0.14592511826043314,0.1459251182383019,0.14592511826043314,0.1459251182750907,0.14592511828231083,0.1459251182750907,0.14592511826778257,0.1459251182750907,0.14592511828231083,0.14473660969479585,0.14473660968834118,0.14473660968192506,0.14473660968834118,0.14473660969479585,0.14473660968834118,0.14473660967550653,0.1447366096565593,0.14473660967550653,0.14473660968834118,0.14473660968192506,0.1447366096565593,0.1447366095825172,0.1447366096565593,0.14473660968192506,0.14473660968834118,0.14473660967550653,0.1447366096565593,0.14473660967550653,0.14473660968834118,0.14473660969479585,0.14473660968834118,0.14473660968192506,0.14473660968834118,0.14473660969479585,0.1435715307945461,0.1435715307887457,0.1435715307829573,0.1435715307887457,0.1435715307945461,0.1435715307887457,0.14357153077715828,0.14357153075996126,0.14357153077715828,0.1435715307887457,0.1435715307829573,0.14357153075996126,0.14357153069232564,0.14357153075996126,0.1435715307829573,0.1435715307887457,0.14357153077715828,0.14357153075996126,0.14357153077715828,0.1435715307887457,0.1435715307945461,0.1435715307887457,0.1435715307829573,0.1435715307887457,0.1435715307945461,0.1424293645315635,0.14242936452639557,0.14242936452107732,0.14242936452639557,0.1424293645315635,0.14242936452639557,0.14242936451569566,0.14242936449922966,0.14242936451569566,0.14242936452639557,0.14242936452107732,0.14242936449922966,0.14242936443258614,0.14242936449922966,0.14242936452107732,0.14242936452639557,0.14242936451569566,0.14242936449922966,0.14242936451569566,0.14242936452639557,0.1424293645315635,0.14242936452639557,0.14242936452107732,0.14242936452639557,0.1424293645315635,0.14130960288262132,0.1413096028786225,0.141309602874149,0.1413096028786225,0.14130960288262132,0.1413096028786225,0.14130960286951813,0.1413096028541317,0.14130960286951813,0.1413096028786225,0.141309602874149,0.1413096028541317,0.14130960278706106,0.1413096028541317,0.141309602874149,0.1413096028786225,0.14130960286951813,0.1413096028541317,0.14130960286951813,0.1413096028786225,0.14130960288262132,0.1413096028786225,0.141309602874149,0.1413096028786225,0.14130960288262132,0.14021174701902267,0.1402117470178381,0.1402117470157581,0.1402117470178381,0.14021174701902267,0.1402117470178381,0.140211747013427,0.14021174700293412,0.140211747013427,0.1402117470178381,0.1402117470157581,0.14021174700293412,0.14021174694498467,0.14021174700293412,0.1402117470157581,0.1402117470178381,0.140211747013427,0.14021174700293412,0.140211747013427,0.1402117470178381,0.14021174701902267,0.1402117470178381,0.1402117470157581,0.1402117470178381,0.14021174701902267,0.1391353074334243,0.13913530743812244,0.13913530744193073,0.13913530743812244,0.1391353074334243,0.13913530743812244,0.13913530744554103,0.13913530745233194,0.13913530744554103,0.13913530743812244,0.13913530744193073,0.13913530745233194,0.13913530746228256,0.13913530745233194,0.13913530744193073,0.13913530743812244,0.13913530744554103,0.13913530745233194,0.13913530744554103,0.13913530743812244,0.1391353074334243,0.13913530743812244,0.13913530744193073,0.13913530743812244,0.1391353074334243,0.13807980403006456,0.13807980404368092,0.13807980405731882,0.13807980404368092,0.13807980403006456,0.13807980404368092,0.1380798040711172,0.13807980410860093,0.1380798040711172,0.13807980404368092,0.13807980405731882,0.13807980410860093,0.13807980421386784,0.13807980410860093,0.13807980405731882,0.13807980404368092,0.1380798040711172,0.13807980410860093,0.1380798040711172,0.13807980404368092,0.13807980403006456,0.13807980404368092,0.13807980405731882,0.13807980404368092,0.13807980403006456,0.13704476618559705,0.13704476620801687,0.13704476623517517,0.13704476620801687,0.13704476618559705,0.13704476620801687,0.13704476626333134,0.13704476637430396,0.13704476626333134,0.13704476620801687,0.13704476623517517,0.13704476637430396,0.13704476698912904,0.13704476637430396,0.13704476623517517,0.13704476620801687,0.13704476626333134,0.13704476637430396,0.13704476626333134,0.13704476620801687,0.13704476618559705,0.13704476620801687,0.13704476623517517,0.13704476620801687,0.13704476618559705,0.13602973278727176,0.13602973280291722,0.1360297328182261,0.13602973280291722,0.13602973278727176,0.13602973280291722,0.1360297328335811,0.13602973287456221,0.1360297328335811,0.13602973280291722,0.1360297328182261,0.13602973287456221,0.13602973298822849,0.13602973287456221,0.1360297328182261,0.13602973280291722,0.1360297328335811,0.13602973287456221,0.1360297328335811,0.13602973280291722,0.13602973278727176,0.13602973280291722,0.1360297328182261,0.13602973280291722,0.13602973278727176,0.135034252270514,0.13503425228031096,0.13503425228839638,0.13503425228031096,0.135034252270514,0.13503425228031096,0.1350342522960685,0.13503425231168403,0.1350342522960685,0.13503425228031096,0.13503425228839638,0.13503425231168403,0.13503425234006858,0.13503425231168403,0.13503425228839638,0.13503425228031096,0.1350342522960685,0.13503425231168403,0.1350342522960685,0.13503425228031096,0.135034252270514,0.13503425228031096,0.13503425228839638,0.13503425228031096,0.135034252270514
0.16533248774287881,0.16533248774287881,0.16533248774287881,0.16533248774287881,0.16533248774287881,0.16533248774287881,0.16533248774287881,0.16533248774287881,0.16533248774287881,0.16533248774287881,0.16533248774287881,0.16533248774287881,0.16533248774287881,0.16533248774287881,0.16533248774287881,0.16533248774287881,0.16533248774287881,0.16533248774287881,0.16533248774287881,0.16533248774287881,0.16533248774287881,0.16533248774287881,0.16533248774287881,0.16533248774287881,0.16533248774287881,0.16375749402494275,0.1637574940249425,0.1637574940249425,0.1637574940249425,0.16375749402494275,0.1637574940249425,0.1637574940249425,0.16375749402494227,0.1637574940249425,0.1637574940249425,0.1637574940249425,0.16375749402494227,0.16375749402494227,0.16375749402494227,0.1637574940249425,0.1637574940249425,0.1637574940249425,0.16375749402494227,0.1637574940249425,0.1637574940249425,0.16375749402494275,0.1637574940249425,0.1637574940249425,0.1637574940249425,0.16375749402494275,0.16221388423889743,0.162213884238897,0.16221388423889674,0.162213884238897,0.16221388423889743,0.162213884238897,0.16221388423889674,0.16221388423889652,0.16221388423889674,0.162213884238897,0.16221388423889674,0.16221388423889652,0.1622138842388963,0.16221388423889652,0.16221388423889674,0.162213884238897,0.16221388423889674,0.16221388423889652,0.16221388423889674,0.162213884238897,0.16221388423889743,0.162213884238897,0.16221388423889674,0.162213884238897,0.16221388423889743,0.16070106734178424,0.16070106734178316,0.1607010673417825,0.16070106734178316,0.16070106734178424,0.16070106734178316,0.16070106734178205,0.16070106734178136,0.16070106734178205,0.16070106734178316,0.1607010673417825,0.16070106734178136,0.16070106734178072,0.16070106734178136,0.1607010673417825,0.16070106734178316,0.16070106734178205,0.16070106734178136,0.16070106734178205,0.16070106734178316,0.16070106734178424,0.16070106734178316,0.1607010673417825,0.16070106734178316,0.16070106734178424,0.1592184517085827,0.15921845170857943,0.15921845170857749,0.15921845170857943,0.1592184517085827,0.15921845170857943,0.15921845170857593,0.15921845170857377,0.15921845170857593,0.15921845170857943,0.15921845170857749,0.15921845170857377,0.15921845170857157,0.15921845170857377,0.15921845170857749,0.15921845170857943,0.15921845170857593,0.15921845170857377,0.15921845170857593,0.15921845170857943,0.1592184517085827,0.15921845170857943,0.15921845170857749,0.15921845170857943,0.1592184517085827,0.15776544648406424,0.15776544648405444,0.15776544648404825,0.15776544648405444,0.15776544648406424,0.15776544648405444,0.15776544648404375,0.15776544648403693,0.15776544648404375,0.15776544648405444,0.15776544648404825,0.15776544648403693,0.15776544648402946,0.15776544648403693,0.15776544648404825,0.15776544648405444,0.15776544648404375,0.15776544648403693,0.15776544648404375,0.15776544648405444,0.15776544648406424,0.15776544648405444,0.15776544648404825,0.15776544648405444,0.15776544648406424,0.15634146279712155,0.15634146279709185,0.1563414627970728,0.15634146279709185,0.15634146279712155,0.15634146279709185,0.15634146279705863,0.15634146279703645,0.15634146279705863,0.15634146279709185,0.1563414627970728,0.15634146279703645,0.15634146279701178,0.15634146279703645,0.1563414627970728,0.15634146279709185,0.15634146279705863,0.15634146279703645,0.15634146279705863,0.15634146279709185,0.15634146279712155,0.15634146279709185,0.1563414627970728,0.15634146279709185,0.15634146279712155,0.15494591484784617,0.1549459148477593,0.1549459148477013,0.1549459148477593,0.15494591484784617,0.1549459148477593,0.15494591484765538,0.15494591484758302,0.15494591484765538,0.1549459148477593,0.1549459148477013,0.15494591484758302,0.1549459148474988,0.15494591484758302,0.1549459148477013,0.1549459148477593,0.15494591484765538,0.15494591484758302,0.15494591484765538,0.1549459148477593,0.15494591484784617,0.1549459148477593,0.1549459148477013,0.1549459148477593,0.15494591484784617,0.1535782208770857,0.15357822087683762,0.15357822087666553,0.15357822087683762,0.1535782208770857,0.15357822087683762,0.1535782208765199,0.1535782208762841,0.1535782208765199,0.15357822087683762,0.15357822087666553,0.1535782208762841,0.15357822087598666,0.1535782208762841,0.15357822087666553,0.15357822087683762,0.1535782208765199,0.1535782208762841,0.1535782208765199,0.15357822087683762,0.1535782208770857,0.15357822087683762,0.15357822087666553,0.15357822087683762,0.1535782208770857,0.15223780402768294,0.15223780402700798,0.1522378040265074,0.15223780402700798,0.15223780402768294,0.15223780402700798,0.15223780402606002,0.15223780402527481,0.15223780402606002,0.15223780402700798,0.1522378040265074,0.15223780402527481,0.15223780402413922,0.15223780402527481,0.1522378040265074,0.15223780402700798,0.15223780402606002,0.15223780402527481,0.15223780402606002,0.15223780402700798,0.15223780402768294,0.15223780402700798,0.1522378040265074,0.15223780402700798,0.15223780402768294,0.15092409310612212,0.15092409310441593,0.15092409310302113,0.15092409310441593,0.15092409310612212,0.15092409310441593,0.15092409310170773,0.15092409309904775,0.15092409310170773,0.15092409310441593,0.15092409310302113,0.15092409309904775,0.15092409309424307,0.15092409309904775,0.15092409310302113,0.15092409310441593,0.15092409310170773,0.15092409309904775,0.15092409310170773,0.15092409310441593,0.15092409310612212,0.15092409310441593,0.15092409310302113,0.15092409310441593,0.15092409310612212,0.1496365232528255,0.1496365232490202,0.14963652324546087,0.1496365232490202,0.1496365232528255,0.1496365232490202,0.1496365232419462,0.1496365232330776,0.1496365232419462,0.1496365232490202,0.14963652324546087,0.1496365232330776,0.1496365232101062,0.1496365232330776,0.14963652324546087,0.1496365232490202,0.1496365232419462,0.1496365232330776,0.1496365232419462,0.1496365232490202,0.1496365232528255,0.1496365232490202,0.14963652324546087,0.1496365232490202,0.1496365232528255,0.14837453652856122,0.1483745365218139,0.1483745365144376,0.1483745365218139,0.14837453652856122,0.1483745365218139,0.14837453650691987,0.14837453648105411,0.14837453650691987,0.1483745365218139,0.1483745365144376,0.14837453648105411,0.14837453635656303,0.14837453648105411,0.1483745365144376,0.1483745365218139,0.14837453650691987,0.14837453648105411,0.14837453650691987,0.1483745365218139,0.14837453652856122,0.1483745365218139,0.1483745365144376,0.1483745365218139,0.14837453652856122,0.147137582422344,0.14713758241470734,0.14713758240666958,0.14713758241470734,0.147137582422344,0.14713758241470734,0.14713758239851463,0.14713758237260144,0.14713758239851463,0.14713758241470734,0.14713758240666958,0.14713758237260144,0.14713758226344423,0.14713758237260144,0.14713758240666958,0.14713758241470734,0.14713758239851463,0.14713758237260144,0.14713758239851463,0.14713758241470734,0.147137582422344,0.14713758241470734,0.14713758240666958,0.14713758241470734,0.147137582422344,0.14592511828329677,0.1459251182761181,0.14592511826885113,0.1459251182761181,0.14592511828329677,0.1459251182761181,0.14592511826154284,0.14592511823953164,0.14592511826154284,0.1459251182761181,0.14592511826885113,0.14592511823953164,0.14592511815202272,0.14592511823953164,0.14592511826885113,0.1459251182761181,0.14592511826154284,0.14592511823953164,0.14592511826154284,0.1459251182761181,0.14592511828329677,0.1459251182761181,0.14592511826885113,0.1459251182761181,0.14592511828329677,0.14473660969550067,0.1447366096890982,0.14473660968273394,0.1447366096890982,0.14473660969550067,0.1447366096890982,0.14473660967636723,0.14473660965757293,0.14473660967636723,0.1447366096890982,0.14473660968273394,0.14473660965757293,0.14473660958408816,0.14473660965757293,0.14473660968273394,0.1447366096890982,0.14473660967636723,0.14473660965757293,0.14473660967636723,0.1447366096890982,0.14473660969550067,0.1447366096890982,0.14473660968273394,0.1447366096890982,0.14473660969550067,0.1435715307948587,0.1435715307891227,0.1435715307833993,0.1435715307891227,0.1435715307948587,0.1435715307891227,0.143571530777666,0.14357153076066625,0.143571530777666,0.1435715307891227,0.1435715307833993,0.14357153076066625,0.14357153069382853,0.14357153076066625,0.1435715307833993,0.1435715307891227,0.143571530777666,0.14357153076066625,0.143571530777666,0.1435715307891227,0.1435715307948587,0.1435715307891227,0.1435715307833993,0.1435715307891227,0.1435715307948587,0.14242936453134558,0.14242936452625182,0.14242936452101107,0.14242936452625182,0.14242936453134558,0.14242936452625182,0.1424293645157081,0.14242936449948748,0.1424293645157081,0.14242936452625182,0.14242936452101107,0.14242936449948748,0.14242936443384024,0.14242936449948748,0.14242936452101107,0.14242936452625182,0.1424293645157081,0.14242936449948748,0.1424293645157081,0.14242936452625182,0.14242936453134558,0.14242936452625182,0.14242936452101107,0.14242936452625182,0.14242936453134558,0.14130960288171263,0.14130960287778635,0.14130960287339295,0.14130960287778635,0.14130960288171263,0.14130960287778635,0.1413096028688445,0.1413096028537311,0.1413096028688445,0.14130960287778635,0.14130960287339295,0.1413096028537311,0.14130960278787058,0.1413096028537311,0.14130960287339295,0.14130960287778635,0.1413096028688445,0.1413096028537311,0.1413096028688445,0.14130960287778635,0.14130960288171263,0.14130960287778635,0.14130960287339295,0.14130960287778635,0.14130960288171263,0.14021174701726402,0.14021174701612477,0.14021174701410105,0.14021174701612477,0.14021174701726402,0.14021174701612477,0.14021174701182948,0.1402117470015622,0.14021174701182948,0.14021174701612477,0.14021174701410105,0.1402117470015622,0.1402117469447628,0.1402117470015622,0.14021174701410105,0.14021174701612477,0.14021174701182948,0.1402117470015622,0.14021174701182948,0.14021174701612477,0.14021174701726402,0.14021174701612477,0.14021174701410105,0.14021174701612477,0.14021174701726402,0.13913530743071062,0.13913530743538838,0.1391353074391829,0.13913530743538838,0.13913530743071062,0.13913530743538838,0.13913530744278074,0.13913530744955946,0.13913530744278074,0.13913530743538838,0.1391353074391829,0.13913530744955946,0.13913530745954153,0.13913530744955946,0.1391353074391829,0.13913530743538838,0.13913530744278074,0.13913530744955946,0.13913530744278074,0.13913530743538838,0.13913530743071062,0.13913530743538838,0.1391353074391829,0.13913530743538838,0.13913530743071062,0.1380798040264239,0.1380798040399328,0.1380798040534614,0.1380798040399328,0.1380798040264239,0.1380798040399328,0.13807980406714876,0.1380798041043257,0.13807980406714876,0.1380798040399328,0.1380798040534614,0.1380798041043257,0.13807980420871677,0.1380798041043257,0.1380798040534614,0.1380798040399328,0.13807980406714876,0.1380798041043257,0.13807980406714876,0.1380798040399328,0.1380798040264239,0.1380798040399328,0.1380798040534614,0.1380798040399328,0.1380798040264239,0.13704476618123745,0.13704476620346936,0.13704476623039794,0.13704476620346936,0.13704476618123745,0.13704476620346936,0.13704476625831583,0.13704476636834384,0.13704476625831583,0.13704476620346936,0.13704476623039794,0.13704476636834384,0.13704476697791576,0.13704476636834384,0.13704476623039794,0.13704476620346936,0.13704476625831583,0.13704476636834384,0.13704476625831583,0.13704476620346936,0.13704476618123745,0.13704476620346936,0.13704476623039794,0.13704476620346936,0.13704476618123745,0.13602973278257016,0.13602973279808334,0.13602973281326222,0.13602973279808334,0.13602973278257016,0.13602973279808334,0.1360297328284867,0.1360297328691188,0.1360297328284867,0.13602973279808334,0.13602973281326222,0.1360297328691188,0.13602973298181512,0.1360297328691188,0.13602973281326222,0.13602973279808334,0.1360297328284867,0.1360297328691188,0.1360297328284867,0.13602973279808334,0.13602973278257016,0.13602973279808334,0.13602973281326222,0.13602973279808334,0.13602973278257016,0.1350342522657365,0.13503425227545027,0.13503425228346697,0.13503425227545027,0.1350342522657365,0.13503425227545027,0.1350342522910737,0.13503425230655647,0.1350342522910737,0.13503425227545027,0.13503425228346697,0.13503425230655647,0.13503425233469885,0.13503425230655647,0.13503425228346697,0.13503425227545027,0.1350342522910737,0.13503425230655647,0.1350342522910737,0.13503425227545027,0.1350342522657365,0.13503425227545027,0.13503425228346697,0.13503425227545027,0.1350342522657365
0.16533248774463338,0.16533248774463338,0.16533248774463338,0.16533248774463338,0.16533248774463338,0.16533248774463338,0.16533248774463338,0.16533248774463338,0.16533248774463338,0.16533248774463338,0.16533248774463338,0.16533248774463338,0.16533248774463338,0.16533248774463338,0.16533248774463338,0.16533248774463338,0.16533248774463338,0.16533248774463338,0.16533248774463338,0.16533248774463338,0.16533248774463338,0.16533248774463338,0.16533248774463338,0.16533248774463338,0.16533248774463338,0.16375749402666212,0.16375749402666212,0.16375749402666212,0.16375749402666212,0.16375749402666212,0.16375749402666212,0.1637574940266619,0.1637574940266619,0.1637574940266619,0.16375749402666212,0.16375749402666212,0.1637574940266619,0.1637574940266619,0.1637574940266619,0.16375749402666212,0.16375749402666212,0.1637574940266619,0.1637574940266619,0.1637574940266619,0.16375749402666212,0.16375749402666212,0.16375749402666212,0.16375749402666212,0.16375749402666212,0.16375749402666212,0.16221388424058253,0.1622138842405823,0.16221388424058208,0.1622138842405823,0.16221388424058253,0.1622138842405823,0.16221388424058186,0.1622138842405816,0.16221388424058186,0.1622138842405823,0.16221388424058208,0.1622138842405816,0.1622138842405814,0.1622138842405816,0.16221388424058208,0.1622138842405823,0.16221388424058186,0.1622138842405816,0.16221388424058186,0.1622138842405823,0.16221388424058253,0.1622138842405823,0.16221388424058208,0.1622138842405823,0.16221388424058253,0.16070106734343553,0.16070106734343462,0.16070106734343398,0.16070106734343462,0.16070106734343553,0.16070106734343462,0.1607010673434335,0.16070106734343287,0.1607010673434335,0.16070106734343462,0.16070106734343398,0.16070106734343287,0.1607010673434322,0.16070106734343287,0.16070106734343398,0.16070106734343462,0.1607010673434335,0.16070106734343287,0.1607010673434335,0.16070106734343462,0.16070106734343553,0.16070106734343462,0.16070106734343398,0.16070106734343462,0.16070106734343553,0.15921845171020096,0.15921845171019774,0.15921845171019575,0.15921845171019774,0.15921845171020096,0.15921845171019774,0.15921845171019444,0.15921845171019228,0.15921845171019444,0.15921845171019774,0.15921845171019575,0.15921845171019228,0.15921845171018986,0.15921845171019228,0.15921845171019575,0.15921845171019774,0.15921845171019444,0.15921845171019228,0.15921845171019444,0.15921845171019774,0.15921845171020096,0.15921845171019774,0.15921845171019575,0.15921845171019774,0.15921845171020096,0.15776544648565,0.1577654464856402,0.157765446485634,0.1577654464856402,0.15776544648565,0.1577654464856402,0.1577654464856295,0.15776544648562268,0.1577654464856295,0.1577654464856402,0.157765446485634,0.15776544648562268,0.15776544648561544,0.15776544648562268,0.157765446485634,0.1577654464856402,0.1577654464856295,0.15776544648562268,0.1577654464856295,0.1577654464856402,0.15776544648565,0.1577654464856402,0.157765446485634,0.1577654464856402,0.15776544648565,0.15634146279867522,0.15634146279864594,0.1563414627986267,0.15634146279864594,0.15634146279867522,0.15634146279864594,0.15634146279861247,0.15634146279859054,0.15634146279861247,0.15634146279864594,0.1563414627986267,0.15634146279859054,0.15634146279856587,0.15634146279859054,0.1563414627986267,0.15634146279864594,0.15634146279861247,0.15634146279859054,0.15634146279861247,0.15634146279864594,0.15634146279867522,0.15634146279864594,0.1563414627986267,0.15634146279864594,0.15634146279867522,0.1549459148493684,0.15494591484928172,0.1549459148492239,0.15494591484928172,0.1549459148493684,0.15494591484928172,0.15494591484917822,0.1549459148491061,0.15494591484917822,0.15494591484928172,0.1549459148492239,0.1549459148491061,0.15494591484902226,0.1549459148491061,0.1549459148492239,0.15494591484928172,0.15494591484917822,0.1549459148491061,0.15494591484917822,0.15494591484928172,0.1549459148493684,0.15494591484928172,0.1549459148492239,0.15494591484928172,0.1549459148493684,0.1535782208785763,0.1535782208783291,0.1535782208781576,0.1535782208783291,0.1535782208785763,0.1535782208783291,0.15357822087801234,0.15357822087777717,0.15357822087801234,0.1535782208783291,0.1535782208781576,0.15357822087777717,0.15357822087748074,0.15357822087777717,0.1535782208781576,0.1535782208783291,0.15357822087801234,0.15357822087777717,0.15357822087801234,0.1535782208783291,0.1535782208785763,0.1535782208783291,0.1535782208781576,0.1535782208783291,0.1535782208785763,0.15223780402914092,0.15223780402846812,0.15223780402796935,0.15223780402846812,0.15223780402914092,0.15223780402846812,0.1522378040275233,0.15223780402674048,0.1522378040275233,0.15223780402846812,0.15223780402796935,0.15223780402674048,0.15223780402560824,0.15223780402674048,0.15223780402796935,0.15223780402846812,0.1522378040275233,0.15223780402674048,0.1522378040275233,0.15223780402846812,0.15223780402914092,0.15223780402846812,0.15223780402796935,0.15223780402846812,0.15223780402914092,0.15092409310754354,0.15092409310584295,0.1509240931044528,0.15092409310584295,0.15092409310754354,0.15092409310584295,0.15092409310314325,0.15092409310049176,0.15092409310314325,0.15092409310584295,0.1509240931044528,0.15092409310049176,0.15092409309570134,0.15092409310049176,0.1509240931044528,0.15092409310584295,0.15092409310314325,0.15092409310049176,0.15092409310314325,0.15092409310584295,0.15092409310754354,0.15092409310584295,0.1509240931044528,0.15092409310584295,0.15092409310754354,0.14963652325419957,0.14963652325040697,0.14963652324685917,0.14963652325040697,0.14963652325419957,0.14963652325040697,0.14963652324335563,0.14963652323451446,0.14963652324335563,0.14963652325040697,0.14963652324685917,0.14963652323451446,0.1496365232116115,0.14963652323451446,0.14963652324685917,0.14963652325040697,0.14963652324335563,0.14963652323451446,0.14963652324335563,0.14963652325040697,0.14963652325419957,0.14963652325040697,0.14963652324685917,0.14963652325040697,0.14963652325419957,0.14837453652986166,0.14837453652313845,0.14837453651578697,0.14837453652313845,0.14837453652986166,0.14837453652313845,0.14837453650829446,0.14837453648250953,0.14837453650829446,0.14837453652313845,0.14837453651578697,0.14837453648250953,0.14837453635835407,0.14837453648250953,0.14837453651578697,0.14837453652313845,0.14837453650829446,0.14837453648250953,0.14837453650829446,0.14837453652313845,0.14837453652986166,0.14837453652313845,0.14837453651578697,0.14837453652313845,0.14837453652986166,0.1471375824235208,0.147137582415917,0.14713758240791247,0.147137582415917,0.1471375824235208,0.147137582415917,0.14713758239979077,0.14713758237397748,0.14713758239979077,0.147137582415917,0.14713758240791247,0.14713758237397748,0.14713758226520648,0.14713758237397748,0.14713758240791247,0.147137582415917,0.14713758239979077,0.14713758237397748,0.14713758239979077,0.147137582415917,0.1471375824235208,0.147137582415917,0.14713758240791247,0.147137582415917,0.1471375824235208,0.1459251182842804,0.14592511827714358,0.14592511826991772,0.14592511827714358,0.1459251182842804,0.14592511827714358,0.14592511826265042,0.14592511824075954,0.14592511826265042,0.14592511827714358,0.14592511826991772,0.14592511824075954,0.14592511815369866,0.14592511824075954,0.14592511826991772,0.14592511827714358,0.14592511826265042,0.14592511824075954,0.14592511826265042,0.14592511827714358,0.1459251182842804,0.14592511827714358,0.14592511826991772,0.14592511827714358,0.1459251182842804,0.14473660969620342,0.14473660968985327,0.1447366096835407,0.14473660968985327,0.14473660969620342,0.14473660968985327,0.14473660967722582,0.14473660965858426,0.14473660967722582,0.14473660968985327,0.1447366096835407,0.14473660965858426,0.14473660958571982,0.14473660965858426,0.1447366096835407,0.14473660968985327,0.14473660967722582,0.14473660965858426,0.14473660967722582,0.14473660968985327,0.14473660969620342,0.14473660968985327,0.1447366096835407,0.14473660968985327,0.14473660969620342,0.14357153079516913,0.14357153078949722,0.14357153078383905,0.14357153078949722,0.14357153079516913,0.14357153078949722,0.14357153077817095,0.1435715307613685,0.14357153077817095,0.14357153078949722,0.14357153078383905,0.1435715307613685,0.1435715306953268,0.1435715307613685,0.14357153078383905,0.14357153078949722,0.14357153077817095,0.1435715307613685,0.14357153077817095,0.14357153078949722,0.14357153079516913,0.14357153078949722,0.14357153078383905,0.14357153078949722,0.14357153079516913,0.14242936453112584,0.14242936452610583,0.14242936452094213,0.14242936452610583,0.14242936453112584,0.14242936452610583,0.14242936451571747,0.1424293644997411,0.14242936451571747,0.14242936452610583,0.14242936452094213,0.1424293644997411,0.14242936443510978,0.1424293644997411,0.14242936452094213,0.14242936452610583,0.14242936451571747,0.1424293644997411,0.14242936451571747,0.14242936452610583,0.14242936453112584,0.14242936452610583,0.14242936452094213,0.14242936452610583,0.14242936453112584,0.14130960288080363,0.14130960287694905,0.1413096028726351,0.14130960287694905,0.14130960288080363,0.14130960287694905,0.1413096028681682,0.14130960285332533,0.1413096028681682,0.14130960287694905,0.1413096028726351,0.14130960285332533,0.14130960278864554,0.14130960285332533,0.1413096028726351,0.14130960287694905,0.1413096028681682,0.14130960285332533,0.1413096028681682,0.14130960287694905,0.14130960288080363,0.14130960287694905,0.1413096028726351,0.14130960287694905,0.14130960288080363,0.1402117470155075,0.1402117470144129,0.140211747012445,0.1402117470144129,0.1402117470155075,0.1402117470144129,0.14021174701023212,0.14021174700018785,0.14021174701023212,0.1402117470144129,0.140211747012445,0.14021174700018785,0.14021174694452318,0.14021174700018785,0.140211747012445,0.1402117470144129,0.14021174701023212,0.14021174700018785,0.14021174701023212,0.1402117470144129,0.1402117470155075,0.1402117470144129,0.140211747012445,0.1402117470144129,0.1402117470155075,0.13913530742800248,0.13913530743266014,0.13913530743644045,0.13913530743266014,0.13913530742800248,0.13913530743266014,0.13913530744002578,0.13913530744679187,0.13913530744002578,0.13913530743266014,0.13913530743644045,0.13913530744679187,0.139135307456804,0.13913530744679187,0.13913530743644045,0.13913530743266014,0.13913530744002578,0.13913530744679187,0.13913530744002578,0.13913530743266014,0.13913530742800248,0.13913530743266014,0.13913530743644045,0.13913530743266014,0.13913530742800248,0.1380798040227928,0.13807980403619477,0.1380798040496145,0.13807980403619477,0.1380798040227928,0.13807980403619477,0.138079804063191,0.13807980410006235,0.138079804063191,0.13807980403619477,0.1380798040496145,0.13807980410006235,0.13807980420358132,0.13807980410006235,0.1380798040496145,0.13807980403619477,0.138079804063191,0.13807980410006235,0.138079804063191,0.13807980403619477,0.1380798040227928,0.13807980403619477,0.1380798040496145,0.13807980403619477,0.1380798040227928,0.13704476617689093,0.13704476619893538,0.13704476622563558,0.13704476619893538,0.13704476617689093,0.13704476619893538,0.137044766253316,0.13704476636240345,0.137044766253316,0.13704476619893538,0.13704476622563558,0.13704476636240345,0.13704476696675466,0.13704476636240345,0.13704476622563558,0.13704476619893538,0.137044766253316,0.13704476636240345,0.137044766253316,0.13704476619893538,0.13704476617689093,0.13704476619893538,0.13704476622563558,0.13704476619893538,0.13704476617689093,0.13602973277788313,0.13602973279326436,0.13602973280831399,0.13602973279326436,0.13602973277788313,0.13602973279326436,0.1360297328234086,0.1360297328636931,0.1360297328234086,0.13602973279326436,0.13602973280831399,0.1360297328636931,0.13602973297542356,0.1360297328636931,0.13602973280831399,0.13602973279326436,0.1360297328234086,0.1360297328636931,0.1360297328234086,0.13602973279326436,0.13602973277788313,0.13602973279326436,0.13602973280831399,0.13602973279326436,0.13602973277788313,0.13503425226097393,0.13503425227060495,0.13503425227855317,0.13503425227060495,0.13503425226097393,0.13503425227060495,0.13503425228609503,0.13503425230144525,0.13503425228609503,0.13503425227060495,0.13503425227855317,0.13503425230144525,0.13503425232934663,0.13503425230144525,0.13503425227855317,0.13503425227060495,0.13503425228609503,0.13503425230144525,0.13503425228609503,0.13503425227060495,0.13503425226097393,0.13503425227060495,0.13503425227855317,0.13503425227060495,0.13503425226097393
0.16533248774638418,0.16533248774638418,0.16533248774638395,0.16533248774638418,0.16533248774638418,0.16533248774638418,0.16533248774638395,0.16533248774638395,0.16533248774638395,0.16533248774638418,0.16533248774638395,0.16533248774638395,0.16533248774638395,0.16533248774638395,0.16533248774638395,0.16533248774638418,0.16533248774638395,0.16533248774638395,0.16533248774638395,0.16533248774638418,0.16533248774638418,0.16533248774638418,0.16533248774638395,0.16533248774638418,0.16533248774638418,0.16375749402837808,0.16375749402837783,0.16375749402837783,0.16375749402837783,0.16375749402837808,0.16375749402837783,0.16375749402837783,0.1637574940283776,0.16375749402837783,0.16375749402837783,0.16375749402837783,0.1637574940283776,0.1637574940283776,0.1637574940283776,0.16375749402837783,0.16375749402837783,0.16375749402837783,0.1637574940283776,0.16375749402837783,0.16375749402837783,0.16375749402837808,0.16375749402837783,0.16375749402837783,0.16375749402837783,0.16375749402837808,0.16221388424226404,0.1622138842422638,0.16221388424226355,0.1622138842422638,0.16221388424226404,0.1622138842422638,0.16221388424226332,0.16221388424226313,0.16221388424226332,0.1622138842422638,0.16221388424226355,0.16221388424226313,0.16221388424226288,0.16221388424226313,0.16221388424226355,0.1622138842422638,0.16221388424226332,0.16221388424226313,0.16221388424226332,0.1622138842422638,0.16221388424226404,0.1622138842422638,0.16221388424226355,0.1622138842422638,0.16221388424226404,0.16070106734508344,0.16070106734508235,0.1607010673450817,0.16070106734508235,0.16070106734508344,0.16070106734508235,0.16070106734508124,0.16070106734508058,0.16070106734508124,0.16070106734508235,0.1607010673450817,0.16070106734508058,0.1607010673450799,0.16070106734508058,0.1607010673450817,0.16070106734508235,0.16070106734508124,0.16070106734508058,0.16070106734508124,0.16070106734508235,0.16070106734508344,0.16070106734508235,0.1607010673450817,0.16070106734508235,0.16070106734508344,0.15921845171181578,0.15921845171181254,0.15921845171181057,0.15921845171181254,0.15921845171181578,0.15921845171181254,0.15921845171180926,0.15921845171180707,0.15921845171180926,0.15921845171181254,0.15921845171181057,0.15921845171180707,0.1592184517118049,0.15921845171180707,0.15921845171181057,0.15921845171181254,0.15921845171180926,0.15921845171180707,0.15921845171180926,0.15921845171181254,0.15921845171181578,0.15921845171181254,0.15921845171181057,0.15921845171181254,0.15921845171181578,0.15776544648723237,0.15776544648722274,0.15776544648721655,0.15776544648722274,0.15776544648723237,0.15776544648722274,0.15776544648721205,0.15776544648720522,0.15776544648721205,0.15776544648722274,0.15776544648721655,0.15776544648720522,0.157765446487198,0.15776544648720522,0.15776544648721655,0.15776544648722274,0.15776544648721205,0.15776544648720522,0.15776544648721205,0.15776544648722274,0.15776544648723237,0.15776544648722274,0.15776544648721655,0.15776544648722274,0.15776544648723237,0.15634146280022573,0.15634146280019645,0.15634146280017744,0.15634146280019645,0.15634146280022573,0.15634146280019645,0.15634146280016323,0.15634146280014127,0.15634146280016323,0.15634146280019645,0.15634146280017744,0.15634146280014127,0.1563414628001168,0.15634146280014127,0.15634146280017744,0.15634146280019645,0.15634146280016323,0.15634146280014127,0.15634146280016323,0.15634146280019645,0.15634146280022573,0.15634146280019645,0.15634146280017744,0.15634146280019645,0.15634146280022573,0.15494591485088735,0.15494591485080086,0.1549459148507435,0.15494591485080086,0.15494591485088735,0.15494591485080086,0.1549459148506978,0.15494591485062587,0.1549459148506978,0.15494591485080086,0.1549459148507435,0.15494591485062587,0.15494591485054227,0.15494591485062587,0.1549459148507435,0.15494591485080086,0.1549459148506978,0.15494591485062587,0.1549459148506978,0.15494591485080086,0.15494591485088735,0.15494591485080086,0.1549459148507435,0.15494591485080086,0.15494591485088735,0.15357822088006398,0.15357822087981754,0.1535782208796464,0.15357822087981754,0.15357822088006398,0.15357822087981754,0.15357822087950182,0.15357822087926723,0.15357822087950182,0.15357822087981754,0.1535782208796464,0.15357822087926723,0.1535782208789718,0.15357822087926723,0.1535782208796464,0.15357822087981754,0.15357822087950182,0.15357822087926723,0.15357822087950182,0.15357822087981754,0.15357822088006398,0.15357822087981754,0.1535782208796464,0.15357822087981754,0.15357822088006398,0.15223780403059597,0.15223780402992532,0.1522378040294281,0.15223780402992532,0.15223780403059597,0.15223780402992532,0.15223780402898346,0.15223780402820297,0.15223780402898346,0.15223780402992532,0.1522378040294281,0.15223780402820297,0.15223780402707432,0.15223780402820297,0.1522378040294281,0.15223780402992532,0.15223780402898346,0.15223780402820297,0.15223780402898346,0.15223780402992532,0.15223780403059597,0.15223780402992532,0.1522378040294281,0.15223780402992532,0.15223780403059597,0.1509240931089623,0.1509240931072673,0.15092409310588137,0.1509240931072673,0.1509240931089623,0.1509240931072673,0.15092409310457605,0.1509240931019329,0.15092409310457605,0.1509240931072673,0.15092409310588137,0.1509240931019329,0.15092409309715693,0.1509240931019329,0.15092409310588137,0.1509240931072673,0.15092409310457605,0.1509240931019329,0.15092409310457605,0.1509240931072673,0.1509240931089623,0.1509240931072673,0.15092409310588137,0.1509240931072673,0.1509240931089623,0.14963652325557064,0.14963652325179105,0.14963652324825477,0.14963652325179105,0.14963652325557064,0.14963652325179105,0.1496365232447624,0.14963652323594864,0.1496365232447624,0.14963652325179105,0.14963652324825477,0.14963652323594864,0.14963652321311413,0.14963652323594864,0.14963652324825477,0.14963652325179105,0.1496365232447624,0.14963652323594864,0.1496365232447624,0.14963652325179105,0.14963652325557064,0.14963652325179105,0.14963652324825477,0.14963652325179105,0.14963652325557064,0.14837453653115915,0.14837453652446023,0.14837453651713375,0.14837453652446023,0.14837453653115915,0.14837453652446023,0.14837453650966628,0.14837453648396232,0.14837453650966628,0.14837453652446023,0.14837453651713375,0.14837453648396232,0.14837453636019624,0.14837453648396232,0.14837453651713375,0.14837453652446023,0.14837453650966628,0.14837453648396232,0.14837453650966628,0.14837453652446023,0.14837453653115915,0.14837453652446023,0.14837453651713375,0.14837453652446023,0.14837453653115915,0.14713758242469469,0.1471375824171241,0.14713758240915265,0.1471375824171241,0.14713758242469469,0.1471375824171241,0.14713758240106417,0.14713758237535118,0.14713758240106417,0.1471375824171241,0.14713758240915265,0.14713758237535118,0.1471375822669695,0.14713758237535118,0.14713758240915265,0.1471375824171241,0.14713758240106417,0.14713758237535118,0.14713758240106417,0.1471375824171241,0.14713758242469469,0.1471375824171241,0.14713758240915265,0.1471375824171241,0.14713758242469469,0.14592511828526133,0.1459251182781662,0.1459251182709815,0.1459251182781662,0.14592511828526133,0.1459251182781662,0.1459251182637553,0.1459251182419848,0.1459251182637553,0.1459251182781662,0.1459251182709815,0.1459251182419848,0.14592511815542947,0.1459251182419848,0.14592511827098167,0.1459251182781662,0.1459251182637553,0.1459251182419848,0.1459251182637553,0.1459251182781662,0.14592511828526133,0.1459251182781662,0.14592511827098167,0.1459251182781662,0.14592511828526133,0.1447366096969032,0.14473660969060526,0.1447366096843445,0.14473660969060526,0.1447366096969032,0.14473660969060526,0.1447366096780813,0.1447366096595928,0.1447366096780813,0.14473660969060526,0.1447366096843445,0.1447366096595928,0.1447366095873058,0.1447366096595928,0.1447366096843445,0.14473660969060526,0.1447366096780813,0.1447366096595928,0.1447366096780813,0.14473660969060526,0.1447366096969032,0.14473660969060526,0.1447366096843445,0.14473660969060526,0.1447366096969032,0.1435715307954766,0.1435715307898689,0.14357153078427537,0.1435715307898689,0.1435715307954766,0.1435715307898689,0.14357153077867263,0.1435715307620668,0.14357153077867263,0.1435715307898689,0.14357153078427537,0.1435715307620668,0.14357153069682643,0.1435715307620668,0.14357153078427537,0.1435715307898689,0.14357153077867263,0.1435715307620668,0.14357153077867263,0.1435715307898689,0.1435715307954766,0.1435715307898689,0.14357153078427537,0.1435715307898689,0.1435715307954766,0.14242936453090374,0.1424293645259571,0.14242936452086982,0.1424293645259571,0.14242936453090374,0.1424293645259571,0.14242936451572302,0.14242936449998939,0.14242936451572302,0.1424293645259571,0.14242936452086982,0.14242936449998939,0.14242936443636608,0.14242936449998939,0.14242936452086982,0.1424293645259571,0.14242936451572302,0.14242936449998939,0.14242936451572302,0.1424293645259571,0.14242936453090374,0.1424293645259571,0.14242936452086982,0.1424293645259571,0.14242936453090374,0.14130960287989314,0.14130960287610994,0.14130960287187444,0.14130960287610994,0.14130960287989314,0.14130960287610994,0.14130960286748848,0.1413096028529137,0.14130960286748848,0.14130960287610994,0.14130960287187444,0.1413096028529137,0.1413096027894108,0.1413096028529137,0.14130960287187444,0.14130960287610994,0.14130960286748848,0.1413096028529137,0.14130960286748848,0.14130960287610994,0.14130960287989314,0.14130960287610994,0.14130960287187444,0.14130960287610994,0.14130960287989314,0.14021174701375227,0.14021174701270187,0.14021174701078892,0.14021174701270187,0.14021174701375227,0.14021174701270187,0.14021174700863426,0.14021174699881042,0.14021174700863426,0.14021174701270187,0.14021174701078892,0.14021174699881042,0.14021174694427532,0.14021174699881042,0.14021174701078892,0.14021174701270187,0.14021174700863426,0.14021174699881042,0.14021174700863426,0.14021174701270187,0.14021174701375227,0.14021174701270187,0.14021174701078892,0.14021174701270187,0.14021174701375227,0.13913530742529956,0.13913530742993666,0.13913530743370273,0.13913530742993666,0.13913530742529956,0.13913530742993666,0.13913530743727542,0.13913530744402838,0.13913530743727542,0.13913530742993666,0.13913530743370273,0.13913530744402838,0.13913530745406913,0.13913530744402838,0.13913530743370273,0.13913530742993666,0.13913530743727542,0.13913530744402838,0.13913530743727542,0.13913530742993666,0.13913530742529956,0.13913530742993666,0.13913530743370273,0.13913530742993666,0.13913530742529956,0.1380798040191709,0.13807980403246617,0.1380798040457774,0.13807980403246617,0.1380798040191709,0.13807980403246617,0.13807980405924367,0.1380798040958105,0.13807980405924367,0.13807980403246617,0.1380798040457774,0.1380798040958105,0.13807980419846091,0.1380798040958105,0.1380798040457774,0.13807980403246617,0.13807980405924367,0.1380798040958105,0.13807980405924367,0.13807980403246617,0.1380798040191709,0.13807980403246617,0.1380798040457774,0.13807980403246617,0.1380798040191709,0.13704476617255656,0.1370447661944146,0.13704476622088724,0.1370447661944146,0.13704476617255656,0.1370447661944146,0.13704476624833137,0.1370447663564823,0.13704476624833137,0.1370447661944146,0.13704476622088724,0.1370447663564823,0.1370447669556413,0.1370447663564823,0.13704476622088724,0.1370447661944146,0.13704476624833137,0.1370447663564823,0.13704476624833137,0.1370447661944146,0.13704476617255656,0.1370447661944146,0.13704476622088724,0.1370447661944146,0.13704476617255656,0.13602973277321,0.13602973278846014,0.1360297328033808,0.13602973278846014,0.13602973277321,0.13602973278846014,0.13602973281834613,0.13602973285828457,0.13602973281834613,0.13602973278846,0.1360297328033808,0.13602973285828457,0.1360297329690534,0.13602973285828457,0.1360297328033808,0.13602973278846014,0.13602973281834613,0.13602973285828457,0.13602973281834613,0.13602973278846014,0.13602973277321,0.13602973278846,0.1360297328033808,0.13602973278846014,0.13602973277321,0.13503425225622573,0.13503425226577437,0.13503425227365462,0.13503425226577437,0.13503425225622573,0.13503425226577437,0.13503425228113167,0.13503425229635016,0.13503425228113167,0.13503425226577437,0.13503425227365462,0.13503425229635016,0.1350342523240114,0.13503425229635016,0.13503425227365462,0.13503425226577437,0.13503425228113167,0.13503425229635016,0.13503425228113167,0.13503425226577437,0.13503425225622573,0.13503425226577437,0.13503425227365462,0.13503425226577437,0.13503425225622573
0.1653324877481312,0.1653324877481312,0.1653324877481312,0.1653324877481312,0.1653324877481312,0.1653324877481312,0.1653324877481312,0.1653324877481312,0.1653324877481312,0.1653324877481312,0.1653324877481312,0.1653324877481312,0.1653324877481312,0.1653324877481312,0.1653324877481312,0.1653324877481312,0.1653324877481312,0.1653324877481312,0.1653324877481312,0.1653324877481312,0.1653324877481312,0.1653324877481312,0.1653324877481312,0.1653324877481312,0.1653324877481312,0.1637574940300903,0.1637574940300903,0.16375749403009007,0.1637574940300903,0.1637574940300903,0.1637574940300903,0.16375749403009007,0.16375749403009007,0.16375749403009007,0.1637574940300903,0.16375749403009007,0.16375749403009007,0.16375749403009007,0.16375749403009007,0.16375749403009007,0.1637574940300903,0.16375749403009007,0.16375749403009007,0.16375749403009007,0.1637574940300903,0.1637574940300903,0.1637574940300903,0.16375749403009007,0.1637574940300903,0.1637574940300903,0.16221388424394234,0.1622138842439419,0.16221388424394165,0.1622138842439419,0.16221388424394234,0.1622138842439419,0.16221388424394165,0.16221388424394143,0.16221388424394165,0.1622138842439419,0.16221388424394165,0.16221388424394143,0.1622138842439412,0.16221388424394143,0.16221388424394165,0.1622138842439419,0.16221388424394165,0.16221388424394143,0.16221388424394165,0.1622138842439419,0.16221388424394234,0.1622138842439419,0.16221388424394165,0.1622138842439419,0.16221388424394234,0.16070106734672807,0.16070106734672693,0.1607010673467263,0.16070106734672693,0.16070106734672807,0.16070106734672693,0.16070106734672582,0.16070106734672518,0.16070106734672582,0.16070106734672693,0.1607010673467263,0.16070106734672518,0.16070106734672449,0.16070106734672518,0.1607010673467263,0.16070106734672693,0.16070106734672582,0.16070106734672518,0.16070106734672582,0.16070106734672693,0.16070106734672807,0.16070106734672693,0.1607010673467263,0.16070106734672693,0.16070106734672807,0.15921845171342733,0.15921845171342427,0.1592184517134221,0.15921845171342427,0.15921845171342733,0.15921845171342427,0.15921845171342078,0.15921845171341859,0.15921845171342078,0.15921845171342427,0.1592184517134221,0.15921845171341859,0.15921845171341645,0.15921845171341859,0.1592184517134221,0.15921845171342427,0.15921845171342078,0.15921845171341859,0.15921845171342078,0.15921845171342427,0.15921845171342733,0.15921845171342427,0.1592184517134221,0.15921845171342427,0.15921845171342733,0.1577654464888117,0.1577654464888019,0.1577654464887957,0.1577654464888019,0.1577654464888117,0.1577654464888019,0.15776544648879143,0.1577654464887846,0.15776544648879143,0.1577654464888019,0.1577654464887957,0.1577654464887846,0.15776544648877716,0.1577654464887846,0.1577654464887957,0.1577654464888019,0.15776544648879143,0.1577654464887846,0.15776544648879143,0.1577654464888019,0.1577654464888117,0.1577654464888019,0.1577654464887957,0.1577654464888019,0.1577654464888117,0.15634146280177313,0.15634146280174385,0.15634146280172503,0.15634146280174385,0.15634146280177313,0.15634146280174385,0.15634146280171082,0.15634146280168887,0.15634146280171082,0.15634146280174385,0.15634146280172503,0.15634146280168887,0.1563414628016644,0.15634146280168887,0.15634146280172503,0.15634146280174385,0.15634146280171082,0.15634146280168887,0.15634146280171082,0.15634146280174385,0.15634146280177313,0.15634146280174385,0.15634146280172503,0.15634146280174385,0.15634146280177313,0.15494591485240322,0.15494591485231718,0.15494591485225978,0.15494591485231718,0.15494591485240322,0.15494591485231718,0.15494591485221448,0.15494591485214254,0.15494591485221448,0.15494591485231718,0.15494591485225978,0.15494591485214254,0.15494591485205939,0.15494591485214254,0.15494591485225978,0.15494591485231718,0.15494591485221448,0.15494591485214254,0.15494591485221448,0.15494591485231718,0.15494591485240322,0.15494591485231718,0.15494591485225978,0.15494591485231718,0.15494591485240322,0.1535782208815484,0.1535782208813028,0.15357822088113227,0.1535782208813028,0.1535782208815484,0.1535782208813028,0.15357822088098805,0.15357822088075448,0.15357822088098805,0.1535782208813028,0.15357822088113227,0.15357822088075448,0.15357822088045983,0.15357822088075448,0.15357822088113227,0.1535782208813028,0.15357822088098805,0.15357822088075448,0.15357822088098805,0.1535782208813028,0.1535782208815484,0.1535782208813028,0.15357822088113227,0.1535782208813028,0.1535782208815484,0.15223780403204823,0.15223780403137976,0.15223780403088413,0.15223780403137976,0.15223780403204823,0.15223780403137976,0.15223780403044085,0.15223780402966275,0.15223780403044085,0.15223780403137976,0.15223780403088413,0.15223780402966275,0.1522378040285376,0.15223780402966275,0.15223780403088413,0.15223780403137976,0.15223780403044085,0.15223780402966275,0.15223780403044085,0.15223780403137976,0.15223780403204823,0.15223780403137976,0.15223780403088413,0.15223780403137976,0.15223780403204823,0.15092409311037813,0.15092409310868854,0.15092409310730723,0.15092409310868854,0.15092409311037813,0.15092409310868854,0.15092409310600619,0.1509240931033709,0.15092409310600619,0.15092409310868854,0.15092409310730723,0.1509240931033709,0.15092409309860963,0.1509240931033709,0.15092409310730723,0.15092409310868854,0.15092409310600619,0.1509240931033709,0.15092409310600619,0.15092409310868854,0.15092409311037813,0.15092409310868854,0.15092409310730723,0.15092409310868854,0.15092409311037813,0.14963652325693905,0.14963652325317212,0.14963652324964738,0.14963652325317212,0.14963652325693905,0.14963652325317212,0.14963652324616636,0.1496365232373802,0.14963652324616636,0.14963652325317212,0.14963652324964738,0.1496365232373802,0.14963652321461396,0.1496365232373802,0.14963652324964738,0.14963652325317212,0.14963652324616636,0.1496365232373802,0.14963652324616636,0.14963652325317212,0.14963652325693905,0.14963652325317212,0.14963652324964738,0.14963652325317212,0.14963652325693905,0.14837453653245405,0.14837453652577923,0.1483745365184778,0.14837453652577923,0.14837453653245405,0.14837453652577923,0.1483745365110353,0.14837453648541252,0.1483745365110353,0.14837453652577923,0.1483745365184778,0.14837453648541252,0.14837453636202025,0.14837453648541252,0.1483745365184778,0.14837453652577923,0.1483745365110353,0.14837453648541252,0.1483745365110353,0.14837453652577923,0.14837453653245405,0.14837453652577923,0.1483745365184778,0.14837453652577923,0.14837453653245405,0.14713758242586583,0.14713758241832833,0.14713758241039007,0.14713758241832833,0.14713758242586583,0.14713758241832833,0.14713758240233488,0.14713758237672211,0.14713758240233488,0.14713758241832833,0.14713758241039007,0.14713758237672211,0.1471375822687379,0.14713758237672211,0.14713758241039007,0.14713758241832833,0.14713758240233488,0.14713758237672211,0.14713758240233488,0.14713758241832833,0.14713758242586583,0.14713758241832833,0.14713758241039007,0.14713758241832833,0.14713758242586583,0.14592511828623947,0.14592511827918597,0.1459251182720424,0.14592511827918597,0.14592511828623947,0.14592511827918597,0.14592511826485716,0.14592511824320742,0.14592511826485716,0.14592511827918597,0.1459251182720424,0.14592511824320742,0.1459251181570869,0.14592511824320742,0.1459251182720424,0.14592511827918597,0.14592511826485716,0.14592511824320742,0.14592511826485716,0.14592511827918597,0.14592511828623947,0.14592511827918597,0.1459251182720424,0.14592511827918597,0.14592511828623947,0.14473660969759997,0.14473660969135405,0.14473660968514532,0.14473660969135405,0.14473660969759997,0.14473660969135405,0.14473660967893381,0.14473660966059804,0.14473660967893381,0.14473660969135405,0.14473660968514532,0.14473660966059804,0.1447366095889113,0.14473660966059804,0.14473660968514532,0.14473660969135405,0.14473660967893381,0.14473660966059804,0.14473660967893381,0.14473660969135405,0.14473660969759997,0.14473660969135405,0.14473660968514532,0.14473660969135405,0.14473660969759997,0.14357153079578103,0.1435715307902373,0.14357153078470847,0.1435715307902373,0.14357153079578103,0.1435715307902373,0.14357153077917076,0.14357153076276138,0.14357153077917076,0.1435715307902373,0.14357153078470847,0.14357153076276138,0.14357153069828515,0.14357153076276138,0.14357153078470847,0.1435715307902373,0.14357153077917076,0.14357153076276138,0.14357153077917076,0.1435715307902373,0.14357153079578103,0.1435715307902373,0.14357153078470847,0.1435715307902373,0.14357153079578103,0.14242936453067911,0.14242936452580524,0.14242936452079433,0.14242936452580524,0.14242936453067911,0.14242936452580524,0.1424293645157247,0.1424293645002326,0.1424293645157247,0.14242936452580524,0.14242936452079433,0.1424293645002326,0.14242936443759371,0.1424293645002326,0.14242936452079433,0.14242936452580524,0.1424293645157247,0.1424293645002326,0.1424293645157247,0.14242936452580524,0.14242936453067911,0.14242936452580524,0.14242936452079433,0.14242936452580524,0.14242936453067911,0.14130960287898167,0.14130960287526917,0.14130960287111166,0.14130960287526917,0.14130960287898167,0.14130960287526917,0.1413096028668059,0.14130960285249658,0.1413096028668059,0.14130960287526917,0.14130960287111166,0.14130960285249658,0.1413096027901769,0.14130960285249658,0.14130960287111166,0.14130960287526917,0.1413096028668059,0.14130960285249658,0.1413096028668059,0.14130960287526917,0.14130960287898167,0.14130960287526917,0.14130960287111166,0.14130960287526917,0.14130960287898167,0.14021174701199862,0.1402117470109918,0.1402117470091335,0.1402117470109918,0.14021174701199862,0.1402117470109918,0.14021174700703626,0.14021174699743058,0.14021174700703626,0.1402117470109918,0.1402117470091335,0.14021174699743058,0.14021174694395944,0.14021174699743058,0.1402117470091335,0.1402117470109918,0.14021174700703626,0.14021174699743058,0.14021174700703626,0.1402117470109918,0.14021174701199862,0.1402117470109918,0.1402117470091335,0.1402117470109918,0.14021174701199862,0.13913530742260202,0.13913530742721858,0.13913530743097038,0.13913530742721858,0.13913530742260202,0.13913530742721858,0.13913530743453012,0.13913530744126948,0.13913530743453012,0.13913530742721858,0.13913530743097038,0.13913530744126948,0.1391353074513376,0.13913530744126948,0.13913530743097038,0.13913530742721858,0.13913530743453012,0.13913530744126948,0.13913530743453012,0.13913530742721858,0.13913530742260202,0.13913530742721858,0.13913530743097038,0.13913530742721858,0.13913530742260202,0.13807980401555844,0.13807980402874748,0.13807980404195067,0.13807980402874748,0.13807980401555844,0.13807980402874748,0.138079804055307,0.13807980409157072,0.138079804055307,0.13807980402874748,0.13807980404195067,0.13807980409157072,0.1380798041933562,0.13807980409157072,0.13807980404195067,0.13807980402874748,0.138079804055307,0.13807980409157072,0.138079804055307,0.13807980402874748,0.13807980401555844,0.13807980402874748,0.13807980404195067,0.13807980402874748,0.13807980401555844,0.13704476616823516,0.1370447661899074,0.13704476621615344,0.1370447661899074,0.13704476616823516,0.1370447661899074,0.1370447662433624,0.13704476635058116,0.1370447662433624,0.1370447661899074,0.13704476621615344,0.13704476635058116,0.13704476694454326,0.13704476635058116,0.13704476621615344,0.1370447661899074,0.1370447662433624,0.13704476635058116,0.1370447662433624,0.1370447661899074,0.13704476616823516,0.1370447661899074,0.13704476621615344,0.1370447661899074,0.13704476616823516,0.13602973276855132,0.13602973278367086,0.13602973279846325,0.13602973278367086,0.13602973276855132,0.13602973278367086,0.1360297328132998,0.13602973285289377,0.1360297328132998,0.13602973278367086,0.13602973279846325,0.13602973285289377,0.13602973296270565,0.13602973285289377,0.13602973279846325,0.13602973278367086,0.1360297328132998,0.13602973285289377,0.1360297328132998,0.13602973278367086,0.13602973276855132,0.13602973278367086,0.13602973279846325,0.13602973278367086,0.13602973276855132,0.13503425225149254,0.1350342522609592,0.13503425226877142,0.1350342522609592,0.13503425225149254,0.1350342522609592,0.13503425227618426,0.13503425229127142,0.13503425227618426,0.1350342522609592,0.13503425226877142,0.13503425229127142,0.13503425231869387,0.13503425229127142,0.13503425226877142,0.1350342522609592,0.13503425227618426,0.13503425229127142,0.13503425227618426,0.1350342522609592,0.13503425225149254,0.1350342522609592,0.13503425226877142,0.1350342522609592,0.13503425225149254
0.16533248774987444,0.16533248774987444,0.16533248774987444,0.16533248774987444,0.16533248774987444,0.16533248774987444,0.16533248774987444,0.1653324877498742,0.16533248774987444,0.16533248774987444,0.16533248774987444,0.1653324877498742,0.1653324877498742,0.1653324877498742,0.16533248774987444,0.16533248774987444,0.16533248774987444,0.1653324877498742,0.16533248774987444,0.16533248774987444,0.16533248774987444,0.16533248774987444,0.16533248774987444,0.16533248774987444,0.16533248774987444,0.16375749403179882,0.1637574940317986,0.1637574940317986,0.1637574940317986,0.16375749403179882,0.1637574940317986,0.1637574940317986,0.16375749403179837,0.1637574940317986,0.1637574940317986,0.1637574940317986,0.16375749403179837,0.16375749403179837,0.16375749403179837,0.1637574940317986,0.1637574940317986,0.1637574940317986,0.16375749403179837,0.1637574940317986,0.1637574940317986,0.16375749403179882,0.1637574940317986,0.1637574940317986,0.1637574940317986,0.16375749403179882,0.16221388424561659,0.1622138842456161,0.1622138842456159,0.1622138842456161,0.16221388424561659,0.1622138842456161,0.1622138842456159,0.16221388424561567,0.1622138842456159,0.1622138842456161,0.1622138842456159,0.16221388424561567,0.16221388424561545,0.16221388424561567,0.1622138842456159,0.1622138842456161,0.1622138842456159,0.16221388424561567,0.1622138842456159,0.1622138842456161,0.16221388424561659,0.1622138842456161,0.1622138842456159,0.1622138842456161,0.16221388424561659,0.16070106734836864,0.16070106734836775,0.1607010673483671,0.16070106734836775,0.16070106734836864,0.16070106734836775,0.16070106734836667,0.16070106734836598,0.16070106734836667,0.16070106734836775,0.1607010673483671,0.16070106734836598,0.16070106734836534,0.16070106734836598,0.1607010673483671,0.16070106734836775,0.16070106734836667,0.16070106734836598,0.16070106734836667,0.16070106734836775,0.16070106734836864,0.16070106734836775,0.1607010673483671,0.16070106734836775,0.16070106734836864,0.15921845171503518,0.1592184517150319,0.15921845171502993,0.1592184517150319,0.15921845171503518,0.1592184517150319,0.15921845171502863,0.15921845171502644,0.15921845171502863,0.1592184517150319,0.15921845171502993,0.15921845171502644,0.15921845171502427,0.15921845171502644,0.15921845171502993,0.1592184517150319,0.15921845171502863,0.15921845171502644,0.15921845171502863,0.1592184517150319,0.15921845171503518,0.1592184517150319,0.15921845171502993,0.1592184517150319,0.15921845171503518,0.1577654464903872,0.1577654464903774,0.1577654464903712,0.1577654464903774,0.1577654464903872,0.1577654464903774,0.15776544649036695,0.15776544649036012,0.15776544649036695,0.1577654464903774,0.1577654464903712,0.15776544649036012,0.15776544649035285,0.15776544649036012,0.1577654464903712,0.1577654464903774,0.15776544649036695,0.15776544649036012,0.15776544649036695,0.1577654464903774,0.1577654464903872,0.1577654464903774,0.1577654464903712,0.1577654464903774,0.1577654464903872,0.15634146280331676,0.1563414628032877,0.15634146280326885,0.1563414628032877,0.15634146280331676,0.1563414628032877,0.15634146280325467,0.1563414628032329,0.15634146280325467,0.1563414628032877,0.15634146280326885,0.1563414628032329,0.15634146280320843,0.1563414628032329,0.15634146280326885,0.1563414628032877,0.15634146280325467,0.1563414628032329,0.15634146280325467,0.1563414628032877,0.15634146280331676,0.1563414628032877,0.15634146280326885,0.1563414628032877,0.15634146280331676,0.15494591485391565,0.15494591485382977,0.1549459148537726,0.15494591485382977,0.15494591485391565,0.15494591485382977,0.1549459148537273,0.15494591485365578,0.1549459148537273,0.15494591485382977,0.1549459148537726,0.15494591485365578,0.15494591485357279,0.15494591485365578,0.1549459148537726,0.15494591485382977,0.1549459148537273,0.15494591485365578,0.1549459148537273,0.15494591485382977,0.15494591485391565,0.15494591485382977,0.1549459148537726,0.15494591485382977,0.15494591485391565,0.15357822088302941,0.15357822088278458,0.1535782208826147,0.15357822088278458,0.15357822088302941,0.15357822088278458,0.15357822088247086,0.15357822088223788,0.15357822088247086,0.15357822088278458,0.1535782208826147,0.15357822088223788,0.15357822088194426,0.15357822088223788,0.1535782208826147,0.15357822088278458,0.15357822088247086,0.15357822088223788,0.15357822088247086,0.15357822088278458,0.15357822088302941,0.15357822088278458,0.1535782208826147,0.15357822088278458,0.15357822088302941,0.1522378040334968,0.1522378040328305,0.15223780403233642,0.1522378040328305,0.1522378040334968,0.1522378040328305,0.15223780403189452,0.15223780403111897,0.15223780403189452,0.1522378040328305,0.15223780403233642,0.15223780403111897,0.15223780402999737,0.15223780403111897,0.15223780403233642,0.1522378040328305,0.15223780403189452,0.15223780403111897,0.15223780403189452,0.1522378040328305,0.1522378040334968,0.1522378040328305,0.15223780403233642,0.1522378040328305,0.1522378040334968,0.1509240931117903,0.15092409311010652,0.15092409310872942,0.15092409311010652,0.1509240931117903,0.15092409311010652,0.15092409310743263,0.15092409310480565,0.15092409310743263,0.15092409311010652,0.15092409310872942,0.15092409310480565,0.15092409310005883,0.15092409310480565,0.15092409310872942,0.15092409311010652,0.15092409310743263,0.15092409310480565,0.15092409310743263,0.15092409311010652,0.1509240931117903,0.15092409311010652,0.15092409310872942,0.15092409311010652,0.1509240931117903,0.149636523258304,0.14963652325454976,0.14963652325103657,0.14963652325454976,0.149636523258304,0.14963652325454976,0.1496365232475669,0.14963652323880797,0.1496365232475669,0.14963652325454976,0.14963652325103657,0.14963652323880797,0.14963652321611035,0.14963652323880797,0.14963652325103657,0.14963652325454976,0.1496365232475669,0.14963652323880797,0.1496365232475669,0.14963652325454976,0.149636523258304,0.14963652325454976,0.14963652325103657,0.14963652325454976,0.149636523258304,0.14837453653374544,0.1483745365270947,0.14837453651981827,0.1483745365270947,0.14837453653374544,0.1483745365270947,0.14837453651240098,0.1483745364868594,0.14837453651240098,0.1483745365270947,0.14837453651981827,0.1483745364868594,0.14837453636380923,0.1483745364868594,0.14837453651981827,0.1483745365270947,0.14837453651240098,0.1483745364868594,0.14837453651240098,0.1483745365270947,0.14837453653374544,0.1483745365270947,0.14837453651981827,0.1483745365270947,0.14837453653374544,0.1471375824270335,0.1471375824195289,0.14713758241162408,0.1471375824195289,0.1471375824270335,0.1471375824195289,0.1471375824036021,0.14713758237808963,0.1471375824036021,0.1471375824195289,0.14713758241162408,0.14713758237808963,0.14713758227050508,0.14713758237808963,0.14713758241162408,0.1471375824195289,0.1471375824036021,0.14713758237808963,0.1471375824036021,0.1471375824195289,0.1471375824270335,0.1471375824195289,0.14713758241162408,0.1471375824195289,0.1471375824270335,0.14592511828721402,0.14592511828020202,0.14592511827309973,0.14592511828020202,0.14592511828721402,0.14592511828020202,0.14592511826595564,0.14592511824442644,0.14592511826595564,0.14592511828020202,0.14592511827309973,0.14592511824442644,0.14592511815878847,0.14592511824442644,0.14592511827309973,0.14592511828020202,0.14592511826595564,0.14592511824442644,0.14592511826595564,0.14592511828020202,0.14592511828721402,0.14592511828020202,0.14592511827309973,0.14592511828020202,0.14592511828721402,0.1447366096982933,0.1447366096920994,0.14473660968594232,0.1447366096920994,0.1447366096982933,0.1447366096920994,0.14473660967978247,0.14473660966159946,0.14473660967978247,0.1447366096920994,0.14473660968594232,0.14473660966159946,0.14473660959050302,0.14473660966159946,0.14473660968594232,0.1447366096920994,0.14473660967978247,0.14473660966159946,0.14473660967978247,0.1447366096920994,0.1447366096982933,0.1447366096920994,0.14473660968594232,0.1447366096920994,0.1447366096982933,0.14357153079608234,0.14357153079060211,0.1435715307851378,0.14357153079060211,0.14357153079608234,0.14357153079060211,0.14357153077966492,0.14357153076345128,0.14357153077966492,0.14357153079060211,0.1435715307851378,0.14357153076345128,0.14357153069975742,0.14357153076345128,0.1435715307851378,0.14357153079060211,0.14357153077966492,0.14357153076345128,0.14357153077966492,0.14357153079060211,0.14357153079608234,0.14357153079060211,0.1435715307851378,0.14357153079060211,0.14357153079608234,0.1424293645304518,0.14242936452565041,0.14242936452071517,0.14242936452565041,0.1424293645304518,0.14242936452565041,0.14242936451572252,0.14242936450047033,0.14242936451572252,0.14242936452565041,0.14242936452071517,0.14242936450047033,0.14242936443882767,0.14242936450047033,0.14242936452071517,0.14242936452565041,0.14242936451572252,0.14242936450047033,0.14242936451572252,0.14242936452565041,0.1424293645304518,0.14242936452565041,0.14242936452071517,0.14242936452565041,0.1424293645304518,0.1413096028780692,0.14130960287442665,0.1413096028703464,0.14130960287442665,0.1413096028780692,0.14130960287442665,0.14130960286612013,0.1413096028520739,0.14130960286612013,0.14130960287442665,0.1413096028703464,0.1413096028520739,0.14130960279085858,0.1413096028520739,0.1413096028703464,0.14130960287442665,0.14130960286612013,0.1413096028520739,0.14130960286612013,0.14130960287442665,0.1413096028780692,0.14130960287442665,0.1413096028703464,0.14130960287442665,0.1413096028780692,0.14021174701024677,0.140211747009283,0.14021174700747854,0.140211747009283,0.14021174701024677,0.140211747009283,0.14021174700543806,0.14021174699604816,0.14021174700543806,0.140211747009283,0.14021174700747854,0.14021174699604816,0.14021174694369626,0.14021174699604816,0.14021174700747854,0.140211747009283,0.14021174700543806,0.14021174699604816,0.14021174700543806,0.140211747009283,0.14021174701024677,0.140211747009283,0.14021174700747854,0.140211747009283,0.14021174701024677,0.13913530741991015,0.139135307424506,0.13913530742824345,0.139135307424506,0.13913530741991015,0.139135307424506,0.1391353074317902,0.13913530743851565,0.1391353074317902,0.139135307424506,0.13913530742824345,0.13913530743851565,0.1391353074486097,0.13913530743851565,0.13913530742824345,0.139135307424506,0.1391353074317902,0.13913530743851565,0.1391353074317902,0.139135307424506,0.13913530741991015,0.139135307424506,0.13913530742824345,0.139135307424506,0.13913530741991015,0.13807980401195574,0.1380798040250389,0.13807980403813447,0.1380798040250389,0.13807980401195574,0.1380798040250389,0.1380798040513815,0.13807980408734322,0.1380798040513815,0.1380798040250389,0.13807980403813447,0.13807980408734322,0.1380798041882679,0.13807980408734322,0.13807980403813447,0.1380798040250389,0.1380798040513815,0.13807980408734322,0.1380798040513815,0.1380798040250389,0.13807980401195574,0.1380798040250389,0.13807980403813447,0.1380798040250389,0.13807980401195574,0.1370447661639268,0.1370447661854143,0.13704476621143474,0.1370447661854143,0.1370447661639268,0.1370447661854143,0.1370447662384094,0.13704476634470053,0.1370447662384094,0.1370447661854143,0.13704476621143474,0.13704476634470053,0.13704476693352297,0.13704476634470053,0.13704476621143474,0.1370447661854143,0.1370447662384094,0.13704476634470053,0.1370447662384094,0.1370447661854143,0.1370447661639268,0.1370447661854143,0.13704476621143474,0.1370447661854143,0.1370447661639268,0.13602973276390756,0.13602973277889693,0.13602973279356184,0.13602973277889693,0.13602973276390756,0.13602973277889693,0.13602973280827013,0.13602973284752135,0.13602973280827013,0.13602973277889693,0.13602973279356184,0.13602973284752135,0.13602973295638043,0.13602973284752135,0.13602973279356184,0.13602973277889693,0.13602973280827013,0.13602973284752135,0.13602973280827013,0.13602973277889693,0.13602973276390756,0.13602973277889693,0.13602973279356184,0.13602973277889693,0.13602973276390756,0.13503425224677457,0.13503425225615948,0.13503425226390445,0.13503425225615948,0.13503425224677457,0.13503425225615948,0.13503425227125307,0.13503425228620966,0.13503425227125307,0.13503425225615948,0.13503425226390445,0.13503425228620966,0.13503425231339444,0.13503425228620966,0.13503425226390445,0.13503425225615948,0.13503425227125307,0.13503425228620966,0.13503425227125307,0.13503425225615948,0.13503425224677457,0.13503425225615948,0.13503425226390445,0.13503425225615948,0.13503425224677457
0.16533248775161272,0.16533248775161272,0.16533248775161272,0.16533248775161272,0.16533248775161272,0.16533248775161272,0.16533248775161252,0.16533248775161252,0.16533248775161272,0.16533248775161272,0.16533248775161272,0.16533248775161252,0.16533248775161252,0.16533248775161252,0.16533248775161272,0.16533248775161272,0.16533248775161272,0.16533248775161252,0.16533248775161252,0.16533248775161272,0.16533248775161272,0.16533248775161272,0.16533248775161272,0.16533248775161272,0.16533248775161272,0.16375749403350226,0.16375749403350226,0.16375749403350226,0.16375749403350226,0.16375749403350226,0.16375749403350226,0.16375749403350204,0.16375749403350204,0.16375749403350204,0.16375749403350226,0.16375749403350226,0.16375749403350204,0.16375749403350204,0.16375749403350204,0.16375749403350226,0.16375749403350226,0.16375749403350204,0.16375749403350204,0.16375749403350204,0.16375749403350226,0.16375749403350226,0.16375749403350226,0.16375749403350226,0.16375749403350226,0.16375749403350226,0.16221388424728606,0.16221388424728583,0.16221388424728558,0.16221388424728583,0.16221388424728606,0.16221388424728583,0.16221388424728536,0.16221388424728514,0.16221388424728536,0.16221388424728583,0.16221388424728558,0.16221388424728514,0.1622138842472849,0.16221388424728514,0.16221388424728558,0.16221388424728583,0.16221388424728536,0.16221388424728514,0.16221388424728536,0.16221388424728583,0.16221388424728606,0.16221388424728583,0.16221388424728558,0.16221388424728583,0.16221388424728606,0.16070106735000503,0.16070106735000392,0.16070106735000325,0.16070106735000392,0.16070106735000503,0.16070106735000392,0.1607010673500028,0.16070106735000214,0.1607010673500028,0.16070106735000392,0.16070106735000325,0.16070106735000214,0.16070106735000148,0.16070106735000214,0.16070106735000325,0.16070106735000392,0.1607010673500028,0.16070106735000214,0.1607010673500028,0.16070106735000392,0.16070106735000503,0.16070106735000392,0.16070106735000325,0.16070106735000392,0.16070106735000503,0.15921845171663865,0.15921845171663537,0.15921845171663343,0.15921845171663537,0.15921845171663865,0.15921845171663537,0.15921845171663213,0.15921845171662993,0.15921845171663213,0.15921845171663537,0.15921845171663343,0.15921845171662993,0.15921845171662777,0.15921845171662993,0.15921845171663343,0.15921845171663537,0.15921845171663213,0.15921845171662993,0.15921845171663213,0.15921845171663537,0.15921845171663865,0.15921845171663537,0.15921845171663343,0.15921845171663537,0.15921845171663865,0.15776544649195845,0.15776544649194862,0.15776544649194266,0.15776544649194862,0.15776544649195845,0.15776544649194862,0.1577654464919382,0.15776544649193136,0.1577654464919382,0.15776544649194862,0.15776544649194266,0.15776544649193136,0.1577654464919241,0.15776544649193136,0.15776544649194266,0.15776544649194862,0.1577654464919382,0.15776544649193136,0.1577654464919382,0.15776544649194862,0.15776544649195845,0.15776544649194862,0.15776544649194266,0.15776544649194862,0.15776544649195845,0.15634146280485645,0.15634146280482736,0.15634146280480854,0.15634146280482736,0.15634146280485645,0.15634146280482736,0.15634146280479452,0.15634146280477276,0.15634146280479452,0.15634146280482736,0.15634146280480854,0.15634146280477276,0.1563414628047485,0.15634146280477276,0.15634146280480854,0.15634146280482736,0.15634146280479452,0.15634146280477276,0.15634146280479452,0.15634146280482736,0.15634146280485645,0.15634146280482736,0.15634146280480854,0.15634146280482736,0.15634146280485645,0.15494591485542394,0.15494591485533848,0.1549459148552815,0.15494591485533848,0.15494591485542394,0.15494591485533848,0.15494591485523643,0.1549459148551651,0.15494591485523643,0.15494591485533848,0.1549459148552815,0.1549459148551651,0.15494591485508233,0.1549459148551651,0.1549459148552815,0.15494591485533848,0.15494591485523643,0.1549459148551651,0.15494591485523643,0.15494591485533848,0.15494591485542394,0.15494591485533848,0.1549459148552815,0.15494591485533848,0.15494591485542394,0.15357822088450662,0.15357822088426262,0.1535782208840931,0.15357822088426262,0.15357822088450662,0.15357822088426262,0.1535782208839499,0.15357822088371773,0.1535782208839499,0.15357822088426262,0.1535782208840931,0.15357822088371773,0.15357822088342488,0.15357822088371773,0.1535782208840931,0.15357822088426262,0.1535782208839499,0.15357822088371773,0.1535782208839499,0.15357822088426262,0.15357822088450662,0.15357822088426262,0.1535782208840931,0.15357822088426262,0.15357822088450662,0.15223780403494178,0.15223780403427764,0.15223780403378515,0.15223780403427764,0.15223780403494178,0.15223780403427764,0.15223780403334464,0.15223780403257145,0.15223780403334464,0.15223780403427764,0.15223780403378515,0.15223780403257145,0.1522378040314532,0.15223780403257145,0.15223780403378515,0.15223780403427764,0.15223780403334464,0.15223780403257145,0.15223780403334464,0.15223780403427764,0.15223780403494178,0.15223780403427764,0.15223780403378515,0.15223780403427764,0.15223780403494178,0.15092409311319901,0.1509240931115206,0.15092409311014818,0.1509240931115206,0.15092409311319901,0.1509240931115206,0.1509240931088554,0.15092409310623672,0.1509240931088554,0.1509240931115206,0.15092409311014818,0.15092409310623672,0.1509240931015044,0.15092409310623672,0.15092409311014818,0.1509240931115206,0.1509240931088554,0.15092409310623672,0.1509240931088554,0.1509240931115206,0.15092409311319901,0.1509240931115206,0.15092409311014818,0.1509240931115206,0.15092409311319901,0.14963652325966542,0.14963652325592403,0.14963652325242238,0.14963652325592403,0.14963652325966542,0.14963652325592403,0.14963652324896387,0.14963652324023255,0.14963652324896387,0.14963652325592403,0.14963652325242238,0.14963652324023255,0.14963652321760315,0.14963652324023255,0.14963652325242238,0.14963652325592403,0.14963652324896387,0.14963652324023255,0.14963652324896387,0.14963652325592403,0.14963652325966542,0.14963652325592403,0.14963652325242238,0.14963652325592403,0.14963652325966542,0.1483745365350333,0.14837453652840682,0.1483745365211554,0.14837453652840682,0.1483745365350333,0.14837453652840682,0.14837453651376337,0.14837453648830276,0.14837453651376337,0.14837453652840682,0.1483745365211554,0.14837453648830276,0.14837453636565195,0.14837453648830276,0.1483745365211554,0.14837453652840682,0.14837453651376337,0.14837453648830276,0.14837453651376337,0.14837453652840682,0.1483745365350333,0.14837453652840682,0.1483745365211554,0.14837453652840682,0.1483745365350333,0.14713758242819774,0.1471375824207264,0.14713758241285463,0.1471375824207264,0.14713758242819774,0.1471375824207264,0.1471375824048661,0.1471375823794539,0.1471375824048661,0.1471375824207264,0.14713758241285463,0.1471375823794539,0.1471375822722666,0.1471375823794539,0.14713758241285463,0.1471375824207264,0.1471375824048661,0.1471375823794539,0.1471375824048661,0.1471375824207264,0.14713758242819774,0.1471375824207264,0.14713758241285463,0.1471375824207264,0.14713758242819774,0.14592511828818533,0.14592511828121502,0.1459251182741539,0.14592511828121502,0.14592511828818533,0.14592511828121502,0.14592511826705076,0.14592511824564208,0.14592511826705076,0.14592511828121502,0.1459251182741539,0.14592511824564208,0.14592511816047526,0.14592511824564225,0.1459251182741539,0.14592511828121502,0.14592511826705076,0.14592511824564225,0.14592511826705076,0.14592511828121502,0.14592511828818533,0.14592511828121502,0.1459251182741539,0.14592511828121502,0.14592511828818533,0.14473660969898347,0.14473660969284158,0.144736609686736,0.14473660969284158,0.14473660969898347,0.14473660969284158,0.14473660968062782,0.14473660966259733,0.14473660968062782,0.14473660969284158,0.144736609686736,0.14473660966259733,0.14473660959212512,0.14473660966259733,0.144736609686736,0.14473660969284158,0.14473660968062782,0.14473660966259733,0.14473660968062782,0.14473660969284158,0.14473660969898347,0.14473660969284158,0.144736609686736,0.14473660969284158,0.14473660969898347,0.14357153079638077,0.14357153079096402,0.14357153078556387,0.14357153079096402,0.14357153079638077,0.14357153079096402,0.14357153078015567,0.14357153076413745,0.14357153078015567,0.14357153079096402,0.14357153078556387,0.14357153076413745,0.14357153070125467,0.14357153076413745,0.14357153078556387,0.14357153079096402,0.14357153078015567,0.14357153076413745,0.14357153078015567,0.14357153079096402,0.14357153079638077,0.14357153079096402,0.14357153078556387,0.14357153079096402,0.14357153079638077,0.1424293645302225,0.14242936452549307,0.1424293645206331,0.14242936452549307,0.1424293645302225,0.14242936452549307,0.1424293645157168,0.14242936450070334,0.1424293645157168,0.14242936452549307,0.1424293645206331,0.14242936450070334,0.1424293644400556,0.14242936450070334,0.1424293645206331,0.14242936452549307,0.1424293645157168,0.14242936450070334,0.1424293645157168,0.14242936452549307,0.1424293645302225,0.14242936452549307,0.1424293645206331,0.14242936452549307,0.1424293645302225,0.14130960287715627,0.14130960287358327,0.14130960286957964,0.14130960287358327,0.14130960287715627,0.14130960287358327,0.14130960286543215,0.14130960285164665,0.14130960286543215,0.14130960287358327,0.14130960286957964,0.14130960285164665,0.1413096027915839,0.14130960285164665,0.14130960286957964,0.14130960287358327,0.14130960286543215,0.14130960285164665,0.14130960286543215,0.14130960287358327,0.14130960287715627,0.14130960287358327,0.14130960286957964,0.14130960287358327,0.14130960287715627,0.1402117470084975,0.14021174700757627,0.14021174700582523,0.14021174700757627,0.1402117470084975,0.14021174700757627,0.14021174700384104,0.14021174699466443,0.14021174700384104,0.14021174700757627,0.14021174700582523,0.14021174699466443,0.1402117469433804,0.14021174699466443,0.14021174700582523,0.14021174700757627,0.14021174700384104,0.14021174699466443,0.14021174700384104,0.14021174700757627,0.1402117470084975,0.14021174700757627,0.14021174700582523,0.14021174700757627,0.1402117470084975,0.13913530741722496,0.13913530742180008,0.13913530742552296,0.13913530742180008,0.13913530741722496,0.13913530742180008,0.1391353074290566,0.13913530743576782,0.1391353074290566,0.13913530742180008,0.13913530742552296,0.13913530743576782,0.1391353074458865,0.13913530743576782,0.13913530742552296,0.13913530742180008,0.1391353074290566,0.13913530743576782,0.1391353074290566,0.13913530742180008,0.13913530741722496,0.13913530742180008,0.13913530742552296,0.13913530742180008,0.13913530741722496,0.13807980400836406,0.1380798040213418,0.13807980403433007,0.1380798040213418,0.13807980400836406,0.1380798040213418,0.13807980404746828,0.1380798040831295,0.13807980404746828,0.1380798040213418,0.13807980403433007,0.1380798040831295,0.13807980418319693,0.1380798040831295,0.13807980403433007,0.1380798040213418,0.13807980404746828,0.1380798040831295,0.13807980404746828,0.1380798040213418,0.13807980400836406,0.1380798040213418,0.13807980403433007,0.1380798040213418,0.13807980400836406,0.13704476615963274,0.13704476618093625,0.1370447662067323,0.13704476618093625,0.13704476615963274,0.13704476618093625,0.13704476623347384,0.13704476633884166,0.13704476623347384,0.13704476618093625,0.1370447662067323,0.13704476633884166,0.13704476692253884,0.13704476633884166,0.1370447662067323,0.13704476618093625,0.13704476623347384,0.13704476633884166,0.13704476623347384,0.13704476618093625,0.13704476615963274,0.13704476618093625,0.1370447662067323,0.13704476618093625,0.13704476615963274,0.13602973275927974,0.1360297327741397,0.13602973278867755,0.1360297327741397,0.13602973275927974,0.1360297327741397,0.13602973280325836,0.13602973284216843,0.13602973280325836,0.1360297327741397,0.13602973278867755,0.13602973284216843,0.13602973295007936,0.13602973284216843,0.13602973278867755,0.1360297327741397,0.13602973280325836,0.13602973284216843,0.13602973280325836,0.1360297327741397,0.13602973275927974,0.1360297327741397,0.13602973278867755,0.1360297327741397,0.13602973275927974,0.13503425224207316,0.13503425225137672,0.13503425225905455,0.13503425225137672,0.13503425224207316,0.13503425225137672,0.1350342522663393,0.1350342522811659,0.1350342522663393,0.13503425225137672,0.13503425225905455,0.1350342522811659,0.13503425230811406,0.1350342522811659,0.13503425225905455,0.13503425225137672,0.1350342522663393,0.1350342522811659,0.1350342522663393,0.13503425225137672,0.13503425224207316,0.13503425225137672,0.13503425225905455,0.13503425225137672,0.13503425224207316
0.165332487753347,0.165332487753347,0.165332487753347,0.165332487753347,0.165332487753347,0.165332487753347,0.16533248775334675,0.16533248775334675,0.16533248775334675,0.165332487753347,0.165332487753347,0.16533248775334675,0.16533248775334675,0.16533248775334675,0.165332487753347,0.165332487753347,0.16533248775334675,0.16533248775334675,0.16533248775334675,0.165332487753347,0.165332487753347,0.165332487753347,0.165332487753347,0.165332487753347,0.165332487753347,0.163757494035202,0.163757494035202,0.16375749403520176,0.163757494035202,0.163757494035202,0.163757494035202,0.16375749403520176,0.16375749403520176,0.16375749403520176,0.163757494035202,0.16375749403520176,0.16375749403520176,0.16375749403520176,0.16375749403520176,0.16375749403520176,0.163757494035202,0.16375749403520176,0.16375749403520176,0.16375749403520176,0.163757494035202,0.163757494035202,0.163757494035202,0.16375749403520176,0.163757494035202,0.163757494035202,0.1622138842489519,0.16221388424895145,0.16221388424895122,0.16221388424895145,0.1622138842489519,0.16221388424895145,0.16221388424895122,0.162213884248951,0.16221388424895122,0.16221388424895145,0.16221388424895122,0.162213884248951,0.16221388424895078,0.162213884248951,0.16221388424895122,0.16221388424895145,0.16221388424895122,0.162213884248951,0.16221388424895122,0.16221388424895145,0.1622138842489519,0.16221388424895145,0.16221388424895122,0.16221388424895145,0.1622138842489519,0.16070106735163742,0.16070106735163628,0.16070106735163564,0.16070106735163628,0.16070106735163742,0.16070106735163628,0.1607010673516352,0.16070106735163453,0.1607010673516352,0.16070106735163628,0.16070106735163564,0.16070106735163453,0.16070106735163386,0.16070106735163453,0.16070106735163564,0.16070106735163628,0.1607010673516352,0.16070106735163453,0.1607010673516352,0.16070106735163628,0.16070106735163742,0.16070106735163628,0.16070106735163564,0.16070106735163628,0.16070106735163742,0.1592184517182382,0.15921845171823493,0.15921845171823298,0.15921845171823493,0.1592184517182382,0.15921845171823493,0.1592184517182317,0.1592184517182295,0.1592184517182317,0.15921845171823493,0.15921845171823298,0.1592184517182295,0.15921845171822735,0.1592184517182295,0.15921845171823298,0.15921845171823493,0.1592184517182317,0.1592184517182295,0.1592184517182317,0.15921845171823493,0.1592184517182382,0.15921845171823493,0.15921845171823298,0.15921845171823493,0.1592184517182382,0.15776544649352586,0.15776544649351623,0.15776544649351007,0.15776544649351623,0.15776544649352586,0.15776544649351623,0.15776544649350557,0.15776544649349897,0.15776544649350557,0.15776544649351623,0.15776544649351007,0.15776544649349897,0.15776544649349172,0.15776544649349897,0.15776544649351007,0.15776544649351623,0.15776544649350557,0.15776544649349897,0.15776544649350557,0.15776544649351623,0.15776544649352586,0.15776544649351623,0.15776544649351007,0.15776544649351623,0.15776544649352586,0.1563414628063923,0.15634146280636324,0.15634146280634462,0.15634146280636324,0.1563414628063923,0.15634146280636324,0.1563414628063304,0.15634146280630887,0.1563414628063304,0.15634146280636324,0.15634146280634462,0.15634146280630887,0.1563414628062846,0.15634146280630887,0.15634146280634462,0.15634146280636324,0.1563414628063304,0.15634146280630887,0.1563414628063304,0.15634146280636324,0.1563414628063923,0.15634146280636324,0.15634146280634462,0.15634146280636324,0.1563414628063923,0.15494591485692855,0.1549459148568433,0.15494591485678652,0.1549459148568433,0.15494591485692855,0.1549459148568433,0.15494591485674145,0.15494591485667056,0.15494591485674145,0.1549459148568433,0.15494591485678652,0.15494591485667056,0.15494591485658796,0.15494591485667056,0.15494591485678652,0.1549459148568433,0.15494591485674145,0.15494591485667056,0.15494591485674145,0.1549459148568433,0.15494591485692855,0.1549459148568433,0.15494591485678652,0.1549459148568433,0.15494591485692855,0.15357822088598003,0.15357822088573678,0.15357822088556788,0.15357822088573678,0.15357822088598003,0.15357822088573678,0.15357822088542505,0.15357822088519352,0.15357822088542505,0.15357822088573678,0.15357822088556788,0.15357822088519352,0.15357822088490167,0.15357822088519352,0.15357822088556788,0.15357822088573678,0.15357822088542505,0.15357822088519352,0.15357822088542505,0.15357822088573678,0.15357822088598003,0.15357822088573678,0.15357822088556788,0.15357822088573678,0.15357822088598003,0.15223780403638285,0.15223780403572088,0.15223780403522996,0.15223780403572088,0.15223780403638285,0.15223780403572088,0.152237804034791,0.15223780403402018,0.152237804034791,0.15223780403572088,0.15223780403522996,0.15223780403402018,0.1522378040329055,0.15223780403402018,0.15223780403522996,0.15223780403572088,0.152237804034791,0.15223780403402018,0.152237804034791,0.15223780403572088,0.15223780403638285,0.15223780403572088,0.15223780403522996,0.15223780403572088,0.15223780403638285,0.15092409311460384,0.15092409311293123,0.15092409311156324,0.15092409311293123,0.15092409311460384,0.15092409311293123,0.15092409311027455,0.15092409310766414,0.15092409311027455,0.15092409311293123,0.15092409311156324,0.15092409310766414,0.15092409310294608,0.15092409310766414,0.15092409311156324,0.15092409311293123,0.15092409311027455,0.15092409310766414,0.15092409311027455,0.15092409311293123,0.15092409311460384,0.15092409311293123,0.15092409311156324,0.15092409311293123,0.15092409311460384,0.14963652326102306,0.14963652325729435,0.1496365232538044,0.14963652325729435,0.14963652326102306,0.14963652325729435,0.14963652325035703,0.1496365232416531,0.14963652325035703,0.14963652325729435,0.1496365232538044,0.1496365232416531,0.1496365232190924,0.1496365232416531,0.1496365232538044,0.14963652325729435,0.14963652325035703,0.1496365232416531,0.14963652325035703,0.14963652325729435,0.14963652326102306,0.14963652325729435,0.1496365232538044,0.14963652325729435,0.14963652326102306,0.14837453653631746,0.14837453652971527,0.1483745365224889,0.14837453652971527,0.14837453653631746,0.14837453652971527,0.14837453651512184,0.1483745364897424,0.14837453651512184,0.14837453652971527,0.1483745365224889,0.1483745364897424,0.14837453636746098,0.1483745364897424,0.1483745365224889,0.14837453652971527,0.14837453651512184,0.1483745364897424,0.14837453651512184,0.14837453652971527,0.14837453653631746,0.14837453652971527,0.1483745365224889,0.14837453652971527,0.14837453653631746,0.14713758242935834,0.14713758242192007,0.14713758241408154,0.14713758242192007,0.14713758242935834,0.14713758242192007,0.14713758240612623,0.1471375823808145,0.14713758240612623,0.14713758242192007,0.14713758241408154,0.1471375823808145,0.1471375822740263,0.1471375823808145,0.14713758241408154,0.14713758242192007,0.14713758240612623,0.1471375823808145,0.14713758240612623,0.14713758242192007,0.14713758242935834,0.14713758242192007,0.14713758241408154,0.14713758242192007,0.14713758242935834,0.14592511828915292,0.14592511828222426,0.14592511827520427,0.14592511828222426,0.14592511828915292,0.14592511828222426,0.14592511826814208,0.14592511824685417,0.14592511826814208,0.14592511828222426,0.14592511827520427,0.14592511824685417,0.14592511816216064,0.14592511824685417,0.14592511827520427,0.14592511828222426,0.14592511826814208,0.14592511824685417,0.14592511826814208,0.14592511828222426,0.14592511828915292,0.14592511828222426,0.14592511827520427,0.14592511828222426,0.14592511828915292,0.14473660969967014,0.14473660969358013,0.14473660968752602,0.14473660969358013,0.14473660969967014,0.14473660969358013,0.1447366096814693,0.1447366096635912,0.1447366096814693,0.14473660969358013,0.14473660968752602,0.1447366096635912,0.14473660959369777,0.1447366096635912,0.14473660968752602,0.14473660969358013,0.1447366096814693,0.1447366096635912,0.1447366096814693,0.14473660969358013,0.14473660969967014,0.14473660969358013,0.14473660968752602,0.14473660969358013,0.14473660969967014,0.14357153079667612,0.1435715307913225,0.14357153078598636,0.1435715307913225,0.14357153079667612,0.1435715307913225,0.1435715307806425,0.14357153076481918,0.1435715307806425,0.1435715307913225,0.14357153078598636,0.14357153076481918,0.14357153070269987,0.14357153076481918,0.14357153078598636,0.1435715307913225,0.1435715307806425,0.14357153076481918,0.1435715307806425,0.1435715307913225,0.14357153079667612,0.1435715307913225,0.14357153078598636,0.1435715307913225,0.14357153079667612,0.142429364529991,0.1424293645253332,0.14242936452054789,0.1424293645253332,0.142429364529991,0.1424293645253332,0.14242936451570776,0.1424293645009315,0.14242936451570776,0.1424293645253332,0.14242936452054789,0.1424293645009315,0.14242936444126528,0.1424293645009315,0.14242936452054789,0.1424293645253332,0.14242936451570776,0.1424293645009315,0.14242936451570776,0.1424293645253332,0.142429364529991,0.1424293645253332,0.14242936452054789,0.1424293645253332,0.142429364529991,0.14130960287624317,0.14130960287273905,0.14130960286881128,0.14130960287273905,0.14130960287624317,0.14130960287273905,0.14130960286474187,0.14130960285121474,0.14130960286474187,0.14130960287273905,0.14130960286881128,0.14130960285121474,0.14130960279229093,0.14130960285121474,0.14130960286881128,0.14130960287273905,0.14130960286474187,0.14130960285121474,0.14130960286474187,0.14130960287273905,0.14130960287624317,0.14130960287273905,0.14130960286881128,0.14130960287273905,0.14130960287624317,0.140211747006751,0.140211747005872,0.14021174700417352,0.140211747005872,0.140211747006751,0.140211747005872,0.14021174700224492,0.1402117469932796,0.14021174700224492,0.140211747005872,0.14021174700417352,0.1402117469932796,0.14021174694308627,0.1402117469932796,0.14021174700417352,0.140211747005872,0.14021174700224492,0.1402117469932796,0.14021174700224492,0.140211747005872,0.140211747006751,0.140211747005872,0.14021174700417352,0.140211747005872,0.14021174700675115,0.13913530741454652,0.13913530741910093,0.13913530742280913,0.13913530741910093,0.13913530741454652,0.13913530741910093,0.13913530742632965,0.13913530743302635,0.13913530742632965,0.13913530741910093,0.13913530742280913,0.13913530743302635,0.13913530744316857,0.13913530743302635,0.13913530742280913,0.13913530741910093,0.13913530742632965,0.13913530743302635,0.13913530742632965,0.13913530741910093,0.13913530741454652,0.13913530741910093,0.13913530742280913,0.13913530741910093,0.13913530741454652,0.1380798040047835,0.1380798040176563,0.1380798040305379,0.1380798040176563,0.1380798040047835,0.1380798040176563,0.1380798040435676,0.13807980407892959,0.1380798040435676,0.1380798040176563,0.1380798040305379,0.13807980407892959,0.138079804178144,0.13807980407892959,0.1380798040305379,0.1380798040176563,0.1380798040435676,0.13807980407892959,0.1380798040435676,0.1380798040176563,0.1380798040047835,0.1380798040176563,0.1380798040305379,0.1380798040176563,0.1380798040047835,0.13704476615535344,0.13704476617647374,0.13704476620204656,0.13704476617647374,0.13704476615535344,0.13704476617647374,0.13704476622855613,0.13704476633300516,0.13704476622855613,0.13704476617647374,0.13704476620204656,0.13704476633300516,0.13704476691158055,0.13704476633300516,0.13704476620204656,0.13704476617647374,0.13704476622855613,0.13704476633300516,0.13704476622855613,0.13704476617647374,0.13704476615535344,0.13704476617647374,0.13704476620204656,0.13704476617647374,0.13704476615535344,0.13602973275466834,0.13602973276939945,0.13602973278381103,0.13602973276939945,0.13602973275466834,0.13602973276939945,0.1360297327982648,0.13602973283683534,0.1360297327982648,0.13602973276939945,0.13602973278381103,0.13602973283683534,0.13602973294380302,0.13602973283683534,0.13602973278381103,0.13602973276939945,0.1360297327982648,0.13602973283683534,0.1360297327982648,0.13602973276939945,0.13602973275466834,0.13602973276939945,0.13602973278381103,0.13602973276939945,0.13602973275466834,0.13503425223738852,0.13503425224661136,0.13503425225422225,0.13503425224661136,0.13503425223738852,0.13503425224661136,0.13503425226144353,0.13503425227614083,0.13503425226144353,0.13503425224661136,0.13503425225422225,0.13503425227614083,0.13503425230285357,0.13503425227614083,0.13503425225422225,0.13503425224661136,0.13503425226144353,0.13503425227614083,0.13503425226144353,0.13503425224661136,0.13503425223738852,0.13503425224661136,0.13503425225422225,0.13503425224661136,0.13503425223738852
0.16533248775507633,0.16533248775507633,0.16533248775507633,0.16533248775507633,0.16533248775507633,0.16533248775507633,0.16533248775507633,0.16533248775507633,0.16533248775507633,0.16533248775507633,0.16533248775507633,0.16533248775507633,0.16533248775507633,0.16533248775507633,0.16533248775507633,0.16533248775507633,0.16533248775507633,0.16533248775507633,0.16533248775507633,0.16533248775507633,0.16533248775507633,0.16533248775507633,0.16533248775507633,0.16533248775507633,0.16533248775507633,0.16375749403689685,0.16375749403689685,0.16375749403689685,0.16375749403689685,0.16375749403689685,0.16375749403689685,0.16375749403689685,0.16375749403689666,0.16375749403689685,0.16375749403689685,0.16375749403689685,0.16375749403689666,0.16375749403689666,0.16375749403689666,0.16375749403689685,0.16375749403689685,0.16375749403689685,0.16375749403689666,0.16375749403689685,0.16375749403689685,0.16375749403689685,0.16375749403689685,0.16375749403689685,0.16375749403689685,0.16375749403689713,0.16221388425061298,0.16221388425061256,0.16221388425061234,0.16221388425061256,0.16221388425061298,0.16221388425061256,0.16221388425061234,0.1622138842506121,0.16221388425061234,0.16221388425061256,0.16221388425061234,0.1622138842506121,0.16221388425061187,0.1622138842506121,0.16221388425061234,0.16221388425061256,0.16221388425061234,0.1622138842506121,0.16221388425061234,0.16221388425061256,0.16221388425061298,0.16221388425061256,0.16221388425061234,0.16221388425061256,0.16221388425061298,0.16070106735326511,0.16070106735326403,0.16070106735326337,0.16070106735326403,0.16070106735326511,0.16070106735326403,0.16070106735326312,0.16070106735326245,0.16070106735326312,0.16070106735326403,0.16070106735326337,0.16070106735326245,0.16070106735326156,0.16070106735326245,0.16070106735326337,0.16070106735326403,0.16070106735326312,0.16070106735326245,0.16070106735326312,0.16070106735326403,0.16070106735326511,0.16070106735326403,0.16070106735326337,0.16070106735326403,0.16070106735326511,0.1592184517198332,0.15921845171983015,0.15921845171982818,0.15921845171983015,0.15921845171983343,0.15921845171983015,0.1592184517198269,0.1592184517198247,0.1592184517198269,0.15921845171983015,0.15921845171982818,0.1592184517198247,0.15921845171982252,0.1592184517198247,0.15921845171982818,0.15921845171983015,0.1592184517198269,0.1592184517198247,0.1592184517198269,0.15921845171983015,0.15921845171983343,0.15921845171983015,0.15921845171982818,0.15921845171983015,0.15921845171983343,0.15776544649508878,0.15776544649507918,0.15776544649507318,0.15776544649507918,0.15776544649508878,0.15776544649507918,0.1577654464950687,0.1577654464950621,0.1577654464950687,0.15776544649507918,0.15776544649507318,0.1577654464950621,0.15776544649505483,0.1577654464950621,0.15776544649507318,0.15776544649507918,0.1577654464950687,0.1577654464950621,0.1577654464950687,0.15776544649507918,0.15776544649508878,0.15776544649507918,0.15776544649507318,0.15776544649507918,0.15776544649508878,0.1563414628079238,0.15634146280789474,0.1563414628078761,0.15634146280789474,0.1563414628079238,0.15634146280789474,0.15634146280786212,0.1563414628078406,0.15634146280786212,0.15634146280789474,0.1563414628078761,0.1563414628078406,0.15634146280781633,0.1563414628078406,0.1563414628078761,0.15634146280789474,0.15634146280786212,0.1563414628078406,0.15634146280786212,0.15634146280789474,0.1563414628079238,0.15634146280789474,0.1563414628078761,0.15634146280789474,0.1563414628079238,0.15494591485842885,0.1549459148583438,0.15494591485828724,0.1549459148583438,0.15494591485842885,0.1549459148583438,0.15494591485824236,0.15494591485817147,0.15494591485824236,0.1549459148583438,0.15494591485828724,0.15494591485817147,0.1549459148580893,0.15494591485817147,0.15494591485828724,0.1549459148583438,0.15494591485824236,0.15494591485817147,0.15494591485824236,0.1549459148583438,0.15494591485842885,0.1549459148583438,0.15494591485828724,0.1549459148583438,0.15494591485842885,0.15357822088744918,0.15357822088720677,0.15357822088703843,0.15357822088720677,0.15357822088744918,0.15357822088720677,0.15357822088689604,0.15357822088666528,0.15357822088689604,0.15357822088720677,0.15357822088703843,0.15357822088666528,0.15357822088637427,0.15357822088666528,0.15357822088703843,0.15357822088720677,0.15357822088689604,0.15357822088666528,0.15357822088689604,0.15357822088720677,0.15357822088744918,0.15357822088720677,0.15357822088703843,0.15357822088720677,0.15357822088744918,0.15223780403781975,0.15223780403715997,0.15223780403667064,0.15223780403715997,0.15223780403781975,0.15223780403715997,0.15223780403623305,0.1522378040354648,0.15223780403623305,0.15223780403715997,0.15223780403667064,0.1522378040354648,0.1522378040343534,0.1522378040354648,0.15223780403667064,0.15223780403715997,0.15223780403623305,0.1522378040354648,0.15223780403623305,0.15223780403715997,0.15223780403781975,0.15223780403715997,0.15223780403667064,0.15223780403715997,0.15223780403781975,0.15092409311600463,0.15092409311433744,0.15092409311297386,0.15092409311433744,0.15092409311600463,0.15092409311433744,0.15092409311168942,0.1509240931090873,0.15092409311168942,0.15092409311433744,0.15092409311297386,0.1509240931090873,0.15092409310438373,0.1509240931090873,0.15092409311297386,0.15092409311433744,0.15092409311168942,0.1509240931090873,0.15092409311168942,0.15092409311433744,0.15092409311600463,0.15092409311433744,0.15092409311297386,0.15092409311433744,0.15092409311600463,0.1496365232623765,0.14963652325866064,0.14963652325518226,0.14963652325866064,0.1496365232623765,0.14963652325866064,0.14963652325174623,0.14963652324306975,0.14963652325174623,0.14963652325866064,0.14963652325518226,0.14963652324306975,0.14963652322057744,0.14963652324306975,0.14963652325518226,0.14963652325866064,0.14963652325174623,0.14963652324306975,0.14963652325174623,0.14963652325866064,0.1496365232623765,0.14963652325866064,0.14963652325518226,0.14963652325866064,0.1496365232623765,0.14837453653759772,0.14837453653101962,0.14837453652381827,0.14837453653101962,0.14837453653759772,0.14837453653101962,0.14837453651647622,0.14837453649117793,0.14837453651647622,0.14837453653101962,0.14837453652381827,0.14837453649117793,0.1483745363692674,0.14837453649117793,0.14837453652381827,0.14837453653101962,0.14837453651647622,0.14837453649117793,0.14837453651647622,0.14837453653101962,0.14837453653759772,0.14837453653101962,0.14837453652381827,0.14837453653101962,0.14837453653759772,0.14713758243051495,0.1471375824231097,0.14713758241530445,0.1471375824231097,0.14713758243051495,0.1471375824231097,0.1471375824073824,0.14713758238217095,0.1471375824073824,0.1471375824231097,0.14713758241530445,0.14713758238217095,0.1471375822757935,0.14713758238217095,0.14713758241530445,0.1471375824231097,0.1471375824073824,0.14713758238217095,0.1471375824073824,0.1471375824231097,0.14713758243051495,0.1471375824231097,0.14713758241530445,0.1471375824231097,0.14713758243051495,0.14592511829011662,0.14592511828322946,0.1459251182762506,0.14592511828322946,0.14592511829011662,0.14592511828322946,0.14592511826922952,0.14592511824806195,0.14592511826922952,0.14592511828322946,0.1459251182762506,0.14592511824806195,0.14592511816384368,0.14592511824806195,0.1459251182762506,0.14592511828322946,0.14592511826922952,0.14592511824806195,0.14592511826922952,0.14592511828322946,0.14592511829011662,0.14592511828322946,0.1459251182762506,0.14592511828322946,0.14592511829011662,0.14473660970035335,0.1447366096943148,0.14473660968831217,0.1447366096943148,0.14473660970035335,0.1447366096943148,0.14473660968230698,0.1447366096645809,0.14473660968230698,0.1447366096943148,0.14473660968831217,0.1447366096645809,0.14473660959528883,0.1447366096645809,0.14473660968831217,0.1447366096943148,0.14473660968230698,0.1447366096645809,0.14473660968230698,0.1447366096943148,0.14473660970035335,0.1447366096943148,0.14473660968831217,0.1447366096943148,0.14473660970035335,0.14357153079696836,0.14357153079167756,0.14357153078640522,0.14357153079167756,0.14357153079696836,0.14357153079167756,0.14357153078112572,0.14357153076549645,0.14357153078112572,0.14357153079167756,0.14357153078640522,0.14357153076549645,0.1435715307041752,0.14357153076549645,0.14357153078640522,0.14357153079167756,0.14357153078112572,0.14357153076549645,0.14357153078112572,0.14357153079167756,0.14357153079696836,0.14357153079167756,0.14357153078640522,0.14357153079167756,0.14357153079696836,0.14242936452975732,0.1424293645251708,0.14242936452045984,0.1424293645251708,0.14242936452975732,0.1424293645251708,0.14242936451569518,0.1424293645011548,0.14242936451569518,0.1424293645251708,0.14242936452045984,0.1424293645011548,0.1424293644424642,0.1424293645011548,0.14242936452045984,0.1424293645251708,0.14242936451569518,0.1424293645011548,0.14242936451569518,0.1424293645251708,0.14242936452975732,0.1424293645251708,0.14242936452045984,0.1424293645251708,0.14242936452975732,0.1413096028753299,0.141309602871894,0.1413096028680416,0.141309602871894,0.1413096028753299,0.141309602871894,0.14130960286404964,0.14130960285077873,0.14130960286404964,0.141309602871894,0.1413096028680416,0.14130960285077873,0.141309602792972,0.14130960285077873,0.1413096028680416,0.141309602871894,0.14130960286404964,0.14130960285077873,0.14130960286404964,0.141309602871894,0.1413096028753299,0.141309602871894,0.1413096028680416,0.141309602871894,0.1413096028753299,0.1402117470050077,0.14021174700417027,0.1402117470025239,0.14021174700417027,0.1402117470050077,0.14021174700417027,0.14021174700065014,0.14021174699189395,0.14021174700065014,0.14021174700417027,0.1402117470025239,0.14021174699189395,0.14021174694272523,0.14021174699189395,0.1402117470025239,0.14021174700417027,0.14021174700065014,0.14021174699189395,0.14021174700065014,0.14021174700417027,0.1402117470050077,0.14021174700417027,0.1402117470025239,0.14021174700417027,0.1402117470050077,0.13913530741187555,0.1391353074164091,0.13913530742010258,0.1391353074164091,0.13913530741187555,0.1391353074164091,0.13913530742360983,0.13913530743029148,0.13913530742360983,0.1391353074164091,0.13913530742010258,0.13913530743029148,0.13913530744045616,0.13913530743029148,0.13913530742010258,0.1391353074164091,0.13913530742360983,0.13913530743029148,0.13913530742360983,0.1391353074164091,0.13913530741187555,0.1391353074164091,0.13913530742010258,0.1391353074164091,0.13913530741187555,0.13807980400121464,0.1380798040139829,0.13807980402675832,0.1380798040139829,0.13807980400121464,0.1380798040139829,0.13807980403967995,0.13807980407474424,0.13807980403967995,0.1380798040139829,0.13807980402675832,0.13807980407474424,0.13807980417310964,0.13807980407474424,0.13807980402675832,0.1380798040139829,0.13807980403967995,0.13807980407474424,0.13807980403967995,0.1380798040139829,0.13807980400121464,0.1380798040139829,0.13807980402675832,0.1380798040139829,0.13807980400121464,0.1370447661510893,0.1370447661720275,0.1370447661973779,0.1370447661720275,0.13704476615108915,0.1370447661720275,0.13704476622365677,0.13704476632719148,0.13704476622365677,0.1370447661720275,0.1370447661973779,0.13704476632719148,0.13704476690069162,0.13704476632719148,0.1370447661973779,0.1370447661720275,0.13704476622365677,0.13704476632719148,0.13704476622365677,0.1370447661720275,0.13704476615108915,0.1370447661720275,0.1370447661973779,0.1370447661720275,0.13704476615108915,0.1360297327500739,0.1360297327646768,0.13602973277896252,0.1360297327646768,0.1360297327500739,0.1360297327646768,0.13602973279329,0.1360297328315228,0.13602973279329,0.1360297327646768,0.13602973277896252,0.1360297328315228,0.13602973293755174,0.1360297328315228,0.13602973277896252,0.1360297327646768,0.13602973279329,0.1360297328315228,0.13602973279329,0.1360297327646768,0.1360297327500739,0.1360297327646768,0.13602973277896252,0.1360297327646768,0.1360297327500739,0.13503425223272147,0.13503425224186374,0.13503425224940807,0.13503425224186374,0.13503425223272147,0.13503425224186374,0.1350342522565663,0.13503425227113477,0.1350342522565663,0.13503425224186374,0.13503425224940807,0.13503425227113477,0.13503425229761323,0.13503425227113477,0.13503425224940807,0.13503425224186374,0.1350342522565663,0.13503425227113477,0.1350342522565663,0.13503425224186374,0.13503425223272147,0.13503425224186374,0.13503425224940807,0.13503425224186374,0.13503425223272147
0.16533248775680068,0.16533248775680068,0.16533248775680068,0.16533248775680068,0.16533248775680068,0.16533248775680068,0.16533248775680068,0.16533248775680068,0.16533248775680068,0.16533248775680068,0.16533248775680068,0.16533248775680068,0.16533248775680068,0.16533248775680068,0.16533248775680068,0.16533248775680068,0.16533248775680068,0.16533248775680068,0.16533248775680068,0.16533248775680068,0.16533248775680068,0.16533248775680068,0.16533248775680068,0.16533248775680068,0.16533248775680068,0.16375749403858691,0.16375749403858691,0.16375749403858691,0.16375749403858691,0.16375749403858691,0.16375749403858691,0.1637574940385867,0.1637574940385867,0.1637574940385867,0.16375749403858691,0.16375749403858691,0.1637574940385867,0.1637574940385867,0.1637574940385867,0.16375749403858691,0.16375749403858691,0.1637574940385867,0.1637574940385867,0.1637574940385867,0.16375749403858691,0.16375749403858691,0.16375749403858691,0.16375749403858691,0.16375749403858691,0.16375749403858691,0.1622138842522691,0.16221388425226885,0.16221388425226863,0.16221388425226885,0.1622138842522691,0.16221388425226885,0.1622138842522684,0.16221388425226818,0.1622138842522684,0.16221388425226885,0.16221388425226863,0.16221388425226818,0.16221388425226796,0.16221388425226818,0.16221388425226863,0.16221388425226885,0.1622138842522684,0.16221388425226818,0.1622138842522684,0.16221388425226885,0.1622138842522691,0.16221388425226885,0.16221388425226863,0.16221388425226885,0.1622138842522691,0.16070106735488818,0.16070106735488707,0.16070106735488637,0.16070106735488707,0.16070106735488818,0.16070106735488707,0.16070106735488596,0.1607010673548853,0.16070106735488596,0.16070106735488707,0.16070106735488637,0.1607010673548853,0.1607010673548846,0.1607010673548853,0.16070106735488637,0.16070106735488707,0.16070106735488596,0.1607010673548853,0.16070106735488596,0.16070106735488707,0.16070106735488818,0.16070106735488707,0.16070106735488637,0.16070106735488707,0.16070106735488818,0.15921845172142388,0.15921845172142057,0.15921845172141863,0.15921845172142057,0.15921845172142388,0.15921845172142057,0.1592184517214173,0.15921845172141513,0.1592184517214173,0.15921845172142057,0.15921845172141863,0.15921845172141513,0.15921845172141297,0.15921845172141513,0.15921845172141863,0.15921845172142057,0.1592184517214173,0.15921845172141513,0.1592184517214173,0.15921845172142057,0.15921845172142388,0.15921845172142057,0.15921845172141863,0.15921845172142057,0.15921845172142388,0.15776544649664723,0.1577654464966376,0.15776544649663166,0.1577654464966376,0.15776544649664723,0.1577654464966376,0.15776544649662713,0.15776544649662053,0.15776544649662713,0.1577654464966376,0.15776544649663166,0.15776544649662053,0.15776544649661328,0.15776544649662053,0.15776544649663166,0.1577654464966376,0.15776544649662713,0.15776544649662053,0.15776544649662713,0.1577654464966376,0.15776544649664723,0.1577654464966376,0.15776544649663166,0.1577654464966376,0.15776544649664723,0.15634146280945072,0.15634146280942185,0.15634146280940325,0.15634146280942185,0.15634146280945072,0.15634146280942185,0.1563414628093892,0.1563414628093677,0.1563414628093892,0.15634146280942185,0.15634146280940325,0.1563414628093677,0.1563414628093436,0.1563414628093677,0.15634146280940325,0.15634146280942185,0.1563414628093892,0.1563414628093677,0.1563414628093892,0.15634146280942185,0.15634146280945072,0.15634146280942185,0.15634146280940325,0.15634146280942185,0.15634146280945072,0.15494591485992465,0.15494591485984002,0.15494591485978368,0.15494591485984002,0.15494591485992465,0.15494591485984002,0.15494591485973877,0.15494591485966827,0.15494591485973877,0.15494591485984002,0.15494591485978368,0.15494591485966827,0.15494591485958611,0.15494591485966827,0.15494591485978368,0.15494591485984002,0.15494591485973877,0.15494591485966827,0.15494591485973877,0.15494591485984002,0.15494591485992465,0.15494591485984002,0.15494591485978368,0.15494591485984002,0.15494591485992465,0.15357822088891393,0.15357822088867232,0.15357822088850442,0.15357822088867232,0.15357822088891393,0.15357822088867232,0.1535782208883624,0.15357822088813244,0.1535782208883624,0.15357822088867232,0.15357822088850442,0.15357822088813244,0.15357822088784243,0.15357822088813244,0.15357822088850442,0.15357822088867232,0.1535782208883624,0.15357822088813244,0.1535782208883624,0.15357822088867232,0.15357822088891393,0.15357822088867232,0.15357822088850442,0.15357822088867232,0.15357822088891393,0.15223780403925236,0.15223780403859474,0.15223780403810697,0.15223780403859474,0.15223780403925236,0.15223780403859474,0.15223780403767076,0.15223780403690487,0.15223780403767076,0.15223780403859474,0.15223780403810697,0.15223780403690487,0.15223780403579704,0.15223780403690487,0.15223780403810697,0.15223780403859474,0.15223780403767076,0.15223780403690487,0.15223780403767076,0.15223780403859474,0.15223780403925236,0.15223780403859474,0.15223780403810697,0.15223780403859474,0.15223780403925236,0.15092409311740118,0.15092409311573957,0.15092409311438043,0.15092409311573957,0.15092409311740118,0.15092409311573957,0.15092409311310004,0.15092409311050603,0.15092409311310004,0.15092409311573957,0.15092409311438043,0.15092409311050603,0.15092409310581711,0.15092409311050603,0.15092409311438043,0.15092409311573957,0.15092409311310004,0.15092409311050603,0.15092409311310004,0.15092409311573957,0.15092409311740118,0.15092409311573957,0.15092409311438043,0.15092409311573957,0.15092409311740118,0.1496365232637258,0.1496365232600228,0.14963652325655596,0.1496365232600228,0.1496365232637258,0.1496365232600228,0.14963652325313107,0.14963652324448198,0.14963652325313107,0.1496365232600228,0.14963652325655596,0.14963652324448198,0.14963652322205817,0.14963652324448198,0.14963652325655596,0.1496365232600228,0.14963652325313107,0.14963652324448198,0.14963652325313107,0.1496365232600228,0.1496365232637258,0.1496365232600228,0.14963652325655596,0.1496365232600228,0.1496365232637258,0.1483745365388737,0.1483745365323197,0.14837453652514335,0.1483745365323197,0.1483745365388737,0.1483745365323197,0.14837453651782653,0.14837453649260926,0.14837453651782653,0.1483745365323197,0.14837453652514335,0.14837453649260926,0.14837453637107437,0.14837453649260926,0.14837453652514335,0.1483745365323197,0.14837453651782653,0.14837453649260926,0.14837453651782653,0.1483745365323197,0.1483745365388737,0.1483745365323197,0.14837453652514335,0.1483745365323197,0.1483745365388737,0.14713758243166758,0.1471375824242952,0.14713758241652336,0.1471375824242952,0.14713758243166758,0.1471375824242952,0.14713758240863437,0.14713758238352317,0.14713758240863437,0.1471375824242952,0.14713758241652336,0.14713758238352317,0.14713758227757623,0.14713758238352317,0.14713758241652336,0.1471375824242952,0.14713758240863437,0.14713758238352317,0.14713758240863437,0.1471375824242952,0.14713758243166758,0.1471375824242952,0.14713758241652336,0.1471375824242952,0.14713758243166758,0.14592511829107654,0.14592511828423088,0.145925118277293,0.14592511828423088,0.14592511829107654,0.14592511828423088,0.14592511827031285,0.14592511824926568,0.14592511827031285,0.14592511828423088,0.145925118277293,0.14592511824926568,0.1459251181654794,0.14592511824926568,0.145925118277293,0.14592511828423088,0.14592511827031285,0.14592511824926568,0.14592511827031285,0.14592511828423088,0.14592511829107654,0.14592511828423088,0.145925118277293,0.14592511828423088,0.14592511829107654,0.14473660970103286,0.14473660969504598,0.14473660968909452,0.14473660969504598,0.14473660970103286,0.14473660969504598,0.14473660968314062,0.14473660966556642,0.14473660968314062,0.14473660969504598,0.14473660968909452,0.14473660966556642,0.14473660959687198,0.14473660966556642,0.14473660968909452,0.14473660969504598,0.14473660968314062,0.14473660966556642,0.14473660968314062,0.14473660969504598,0.14473660970103286,0.14473660969504598,0.14473660968909452,0.14473660969504598,0.14473660970103286,0.14357153079725773,0.14357153079202953,0.1435715307868207,0.14357153079202953,0.14357153079725773,0.14357153079202953,0.14357153078160517,0.14357153076616927,0.14357153078160517,0.14357153079202953,0.1435715307868207,0.14357153076616927,0.143571530705635,0.14357153076616927,0.1435715307868207,0.14357153079202953,0.14357153078160517,0.14357153076616927,0.14357153078160517,0.14357153079202953,0.14357153079725773,0.14357153079202953,0.1435715307868207,0.14357153079202953,0.14357153079725773,0.14242936452952212,0.1424293645250061,0.14242936452036908,0.1424293645250061,0.14242936452952212,0.1424293645250061,0.14242936451567959,0.14242936450137353,0.14242936451567959,0.1424293645250061,0.14242936452036908,0.14242936450137353,0.14242936444364465,0.14242936450137353,0.14242936452036908,0.1424293645250061,0.14242936451567959,0.14242936450137353,0.14242936451567959,0.1424293645250061,0.14242936452952212,0.1424293645250061,0.14242936452036908,0.1424293645250061,0.14242936452952212,0.14130960287441677,0.14130960287104882,0.1413096028672709,0.14130960287104882,0.14130960287441677,0.14130960287104882,0.14130960286335595,0.1413096028503388,0.14130960286335595,0.14130960287104882,0.1413096028672709,0.1413096028503388,0.14130960279364596,0.1413096028503388,0.1413096028672709,0.14130960287104882,0.14130960286335595,0.1413096028503388,0.14130960286335595,0.14130960287104882,0.14130960287441677,0.14130960287104882,0.1413096028672709,0.14130960287104882,0.14130960287441677,0.1402117470032679,0.14021174700247166,0.14021174700087688,0.14021174700247166,0.1402117470032679,0.14021174700247166,0.1402117469990576,0.14021174699050815,0.1402117469990576,0.14021174700247166,0.14021174700087688,0.14021174699050815,0.14021174694238303,0.14021174699050815,0.14021174700087688,0.14021174700247166,0.1402117469990576,0.14021174699050815,0.1402117469990576,0.14021174700247166,0.1402117470032679,0.14021174700247166,0.14021174700087688,0.14021174700247166,0.1402117470032679,0.13913530740921246,0.13913530741372515,0.13913530741740376,0.13913530741372515,0.13913530740921246,0.13913530741372515,0.13913530742089772,0.1391353074275642,0.13913530742089772,0.13913530741372515,0.13913530741740376,0.1391353074275642,0.13913530743775007,0.1391353074275642,0.13913530741740376,0.13913530741372515,0.13913530742089772,0.1391353074275642,0.13913530742089772,0.13913530741372515,0.13913530740921246,0.13913530741372515,0.13913530741740376,0.13913530741372515,0.13913530740921246,0.13807980399765812,0.13807980401032222,0.1380798040229919,0.13807980401032222,0.13807980399765812,0.13807980401032222,0.13807980403580622,0.13807980407057396,0.13807980403580622,0.13807980401032222,0.1380798040229919,0.13807980407057396,0.13807980416809454,0.13807980407057396,0.1380798040229919,0.13807980401032222,0.13807980403580622,0.13807980407057396,0.13807980403580622,0.13807980401032222,0.13807980399765812,0.13807980401032222,0.1380798040229919,0.13807980401032222,0.13807980399765812,0.137044766146841,0.1370447661675978,0.13704476619272712,0.1370447661675978,0.137044766146841,0.1370447661675978,0.13704476621877643,0.1370447663214015,0.13704476621877643,0.1370447661675978,0.13704476619272712,0.1370447663214015,0.1370447668898533,0.1370447663214015,0.13704476619272712,0.1370447661675978,0.13704476621877643,0.1370447663214015,0.13704476621877643,0.1370447661675978,0.137044766146841,0.1370447661675978,0.13704476619272712,0.1370447661675978,0.137044766146841,0.13602973274549696,0.13602973275997252,0.13602973277413313,0.13602973275997252,0.13602973274549696,0.13602973275997252,0.1360297327883349,0.13602973282623163,0.1360297327883349,0.13602973275997252,0.13602973277413313,0.13602973282623163,0.13602973293132653,0.13602973282623163,0.13602973277413313,0.13602973275997252,0.1360297327883349,0.13602973282623163,0.1360297327883349,0.13602973275997252,0.13602973274549696,0.13602973275997252,0.13602973277413313,0.13602973275997252,0.13602973274549696,0.1350342522280724,0.13503425223713453,0.1350342522446127,0.13503425223713453,0.1350342522280724,0.13503425223713453,0.13503425225170812,0.1350342522661486,0.13503425225170812,0.13503425223713453,0.1350342522446127,0.1350342522661486,0.13503425229239396,0.1350342522661486,0.1350342522446127,0.13503425223713453,0.13503425225170812,0.1350342522661486,0.13503425225170812,0.13503425223713453,0.1350342522280724,0.13503425223713453,0.1350342522446127,0.13503425223713453,0.1350342522280724
0.1653324877585196,0.1653324877585196,0.1653324877585196,0.1653324877585196,0.1653324877585196,0.1653324877585196,0.1653324877585196,0.1653324877585196,0.1653324877585196,0.1653324877585196,0.1653324877585196,0.1653324877585196,0.1653324877585196,0.1653324877585196,0.1653324877585196,0.1653324877585196,0.1653324877585196,0.1653324877585196,0.1653324877585196,0.1653324877585196,0.1653324877585196,0.1653324877585196,0.1653324877585196,0.1653324877585196,0.1653324877585196,0.16375749404027162,0.16375749404027162,0.16375749404027137,0.16375749404027162,0.16375749404027162,0.16375749404027162,0.16375749404027137,0.16375749404027137,0.16375749404027137,0.16375749404027162,0.16375749404027137,0.16375749404027137,0.16375749404027137,0.16375749404027137,0.16375749404027137,0.16375749404027162,0.16375749404027137,0.16375749404027137,0.16375749404027137,0.16375749404027162,0.16375749404027162,0.16375749404027162,0.16375749404027137,0.16375749404027162,0.16375749404027162,0.16221388425391997,0.16221388425391975,0.16221388425391953,0.16221388425391975,0.16221388425391997,0.16221388425391975,0.1622138842539193,0.16221388425391908,0.1622138842539193,0.16221388425391975,0.16221388425391953,0.16221388425391908,0.16221388425391886,0.16221388425391908,0.16221388425391953,0.16221388425391975,0.1622138842539193,0.16221388425391908,0.1622138842539193,0.16221388425391975,0.16221388425391997,0.16221388425391975,0.16221388425391953,0.16221388425391975,0.16221388425391997,0.16070106735650588,0.160701067356505,0.16070106735650433,0.160701067356505,0.16070106735650588,0.160701067356505,0.16070106735650388,0.16070106735650322,0.16070106735650388,0.160701067356505,0.16070106735650433,0.16070106735650322,0.16070106735650255,0.16070106735650322,0.16070106735650433,0.160701067356505,0.16070106735650388,0.16070106735650322,0.16070106735650388,0.160701067356505,0.16070106735650588,0.160701067356505,0.16070106735650433,0.160701067356505,0.16070106735650588,0.15921845172300905,0.159218451723006,0.15921845172300403,0.159218451723006,0.15921845172300905,0.159218451723006,0.15921845172300272,0.15921845172300056,0.15921845172300272,0.159218451723006,0.15921845172300403,0.15921845172300056,0.15921845172299837,0.15921845172300056,0.15921845172300403,0.159218451723006,0.15921845172300272,0.15921845172300056,0.15921845172300272,0.159218451723006,0.15921845172300905,0.159218451723006,0.15921845172300403,0.159218451723006,0.15921845172300905,0.15776544649820076,0.15776544649819116,0.15776544649818494,0.15776544649819116,0.15776544649820076,0.15776544649819116,0.1577654464981807,0.15776544649817406,0.1577654464981807,0.15776544649819116,0.15776544649818494,0.15776544649817406,0.15776544649816682,0.15776544649817406,0.15776544649818494,0.15776544649819116,0.1577654464981807,0.15776544649817406,0.1577654464981807,0.15776544649819116,0.15776544649820076,0.15776544649819116,0.15776544649818494,0.15776544649819116,0.15776544649820076,0.15634146281097258,0.15634146281094394,0.1563414628109253,0.15634146281094394,0.15634146281097258,0.15634146281094394,0.15634146281091152,0.15634146281088998,0.15634146281091152,0.15634146281094394,0.1563414628109253,0.15634146281088998,0.15634146281086594,0.15634146281088998,0.1563414628109253,0.15634146281094394,0.15634146281091152,0.15634146281088998,0.15634146281091152,0.15634146281094394,0.15634146281097258,0.15634146281094394,0.1563414628109253,0.15634146281094394,0.15634146281097258,0.15494591486141573,0.1549459148613313,0.15494591486127493,0.1549459148613313,0.15494591486141573,0.1549459148613313,0.15494591486123047,0.15494591486116,0.15494591486123047,0.1549459148613313,0.15494591486127493,0.15494591486116,0.1549459148610782,0.15494591486116,0.15494591486127493,0.1549459148613313,0.15494591486123047,0.15494591486116,0.15494591486123047,0.1549459148613313,0.15494591486141573,0.1549459148613313,0.15494591486127493,0.1549459148613313,0.15494591486141573,0.15357822089037385,0.15357822089013304,0.15357822088996573,0.15357822089013304,0.15357822089037385,0.15357822089013304,0.15357822088982434,0.153578220889595,0.15357822088982434,0.15357822089013304,0.15357822088996573,0.153578220889595,0.15357822088930578,0.153578220889595,0.15357822088996573,0.15357822089013304,0.15357822088982434,0.153578220889595,0.15357822088982434,0.15357822089013304,0.15357822089037385,0.15357822089013304,0.15357822088996573,0.15357822089013304,0.15357822089037385,0.15223780404068024,0.15223780404002477,0.15223780403953877,0.15223780404002477,0.15223780404068024,0.15223780404002477,0.15223780403910397,0.15223780403834042,0.15223780403910397,0.15223780404002477,0.15223780403953877,0.15223780403834042,0.15223780403723616,0.15223780403834042,0.15223780403953877,0.15223780404002477,0.15223780403910397,0.15223780403834042,0.15223780403910397,0.15223780404002477,0.15223780404068024,0.15223780404002477,0.15223780403953877,0.15223780404002477,0.15223780404068024,0.1509240931187931,0.1509240931171371,0.1509240931157824,0.1509240931171371,0.1509240931187931,0.1509240931171371,0.15092409311450605,0.15092409311192032,0.15092409311450605,0.1509240931171371,0.1509240931157824,0.15092409311192032,0.15092409310724586,0.15092409311192032,0.1509240931157824,0.1509240931171371,0.15092409311450605,0.15092409311192032,0.15092409311450605,0.1509240931171371,0.1509240931187931,0.1509240931171371,0.1509240931157824,0.1509240931171371,0.1509240931187931,0.14963652326507076,0.1496365232613804,0.1496365232579249,0.1496365232613804,0.14963652326507076,0.1496365232613804,0.14963652325451138,0.14963652324588975,0.14963652325451138,0.1496365232613804,0.1496365232579249,0.14963652324588975,0.14963652322353416,0.14963652324588975,0.1496365232579249,0.1496365232613804,0.14963652325451138,0.14963652324588975,0.14963652325451138,0.1496365232613804,0.14963652326507076,0.1496365232613804,0.1496365232579249,0.1496365232613804,0.14963652326507076,0.14837453654014526,0.14837453653361554,0.148374536526464,0.14837453653361554,0.14837453654014526,0.14837453653361554,0.1483745365191724,0.1483745364940359,0.1483745365191724,0.14837453653361554,0.148374536526464,0.1483745364940359,0.1483745363728765,0.1483745364940359,0.148374536526464,0.14837453653361554,0.1483745365191724,0.1483745364940359,0.1483745365191724,0.14837453653361554,0.14837453654014526,0.14837453653361554,0.148374536526464,0.14837453653361554,0.14837453654014526,0.14713758243281583,0.1471375824254767,0.14713758241773794,0.1471375824254767,0.14713758243281583,0.1471375824254767,0.14713758240988217,0.14713758238487126,0.14713758240988217,0.1471375824254767,0.14713758241773794,0.14713758238487126,0.1471375822793031,0.14713758238487126,0.14713758241773794,0.1471375824254767,0.14713758240988217,0.14713758238487126,0.14713758240988217,0.1471375824254767,0.14713758243281583,0.1471375824254767,0.14713758241773794,0.1471375824254767,0.14713758243281583,0.14592511829203259,0.14592511828522822,0.1459251182783313,0.14592511828522822,0.14592511829203259,0.14592511828522822,0.14592511827139193,0.14592511825046495,0.14592511827139193,0.14592511828522822,0.1459251182783313,0.14592511825046495,0.1459251181671719,0.14592511825046495,0.1459251182783313,0.14592511828522822,0.14592511827139193,0.14592511825046495,0.14592511827139193,0.14592511828522822,0.14592511829203259,0.14592511828522822,0.1459251182783313,0.14592511828522822,0.14592511829203259,0.1447366097017089,0.14473660969577332,0.14473660968987317,0.14473660969577332,0.1447366097017089,0.14473660969577332,0.14473660968397026,0.14473660966654775,0.14473660968397026,0.14473660969577332,0.14473660968987317,0.14473660966654775,0.144736609598455,0.14473660966654775,0.14473660968987317,0.14473660969577332,0.14473660968397026,0.14473660966654775,0.14473660968397026,0.14473660969577332,0.1447366097017089,0.14473660969577332,0.14473660968987317,0.14473660969577332,0.1447366097017089,0.14357153079754398,0.14357153079237828,0.14357153078723273,0.14357153079237828,0.14357153079754398,0.14357153079237828,0.14357153078208088,0.14357153076683796,0.14357153078208088,0.14357153079237828,0.14357153078723273,0.14357153076683796,0.14357153070704373,0.14357153076683796,0.14357153078723273,0.14357153079237828,0.14357153078208088,0.14357153076683796,0.14357153078208088,0.14357153079237828,0.14357153079754398,0.14357153079237828,0.14357153078723273,0.14357153079237828,0.14357153079754398,0.1424293645292851,0.1424293645248393,0.14242936452027583,0.1424293645248393,0.1424293645292851,0.1424293645248393,0.14242936451566077,0.1424293645015879,0.14242936451566077,0.1424293645248393,0.14242936452027583,0.1424293645015879,0.14242936444481558,0.1424293645015879,0.14242936452027583,0.1424293645248393,0.14242936451566077,0.1424293645015879,0.14242936451566077,0.1424293645248393,0.1424293645292851,0.1424293645248393,0.14242936452027583,0.1424293645248393,0.1424293645292851,0.14130960287350447,0.14130960287020347,0.1413096028664997,0.14130960287020347,0.14130960287350447,0.14130960287020347,0.14130960286266075,0.1413096028498954,0.14130960286266075,0.14130960287020347,0.1413096028664997,0.1413096028498954,0.14130960279430466,0.1413096028498954,0.1413096028664997,0.14130960287020347,0.14130960286266075,0.1413096028498954,0.14130960286266075,0.14130960287020347,0.14130960287350447,0.14130960287020347,0.1413096028664997,0.14130960287020347,0.14130960287350447,0.14021174700153202,0.1402117470007764,0.1402117469992329,0.1402117470007764,0.14021174700153202,0.1402117470007764,0.14021174699746733,0.14021174698912267,0.14021174699746733,0.1402117470007764,0.1402117469992329,0.14021174698912267,0.14021174694203134,0.14021174698912267,0.1402117469992329,0.1402117470007764,0.14021174699746733,0.14021174698912267,0.14021174699746733,0.1402117470007764,0.14021174700153202,0.1402117470007764,0.1402117469992329,0.1402117470007764,0.14021174700153202,0.1391353074065576,0.1391353074110494,0.1391353074147132,0.1391353074110494,0.1391353074065576,0.1391353074110494,0.1391353074181937,0.13913530742484467,0.1391353074181937,0.1391353074110494,0.1391353074147132,0.13913530742484467,0.13913530743505095,0.13913530742484467,0.1391353074147132,0.1391353074110494,0.1391353074181937,0.13913530742484467,0.1391353074181937,0.1391353074110494,0.1391353074065576,0.1391353074110494,0.1391353074147132,0.1391353074110494,0.1391353074065576,0.13807980399411435,0.13807980400667502,0.13807980401923942,0.13807980400667502,0.13807980399411435,0.13807980400667502,0.1380798040319466,0.13807980406641945,0.1380798040319466,0.13807980400667502,0.13807980401923942,0.13807980406641945,0.1380798041630994,0.13807980406641945,0.13807980401923942,0.13807980400667502,0.1380798040319466,0.13807980406641945,0.1380798040319466,0.13807980400667502,0.13807980399411435,0.13807980400667502,0.13807980401923942,0.13807980400667502,0.13807980399411435,0.1370447661426091,0.1370447661631856,0.1370447661880949,0.1370447661631856,0.1370447661426091,0.1370447661631856,0.1370447662139157,0.13704476631563584,0.1370447662139157,0.1370447661631856,0.1370447661880949,0.13704476631563584,0.1370447668790458,0.13704476631563584,0.1370447661880949,0.1370447661631856,0.1370447662139157,0.13704476631563584,0.1370447662139157,0.1370447661631856,0.1370447661426091,0.1370447661631856,0.1370447661880949,0.1370447661631856,0.1370447661426091,0.13602973274093835,0.136029732755287,0.13602973276932295,0.136029732755287,0.13602973274093835,0.136029732755287,0.13602973278339991,0.13602973282096206,0.1360297327833998,0.136029732755287,0.13602973276932295,0.13602973282096206,0.13602973292512804,0.13602973282096206,0.13602973276932295,0.136029732755287,0.1360297327833998,0.13602973282096206,0.13602973278339991,0.136029732755287,0.13602973274093835,0.136029732755287,0.13602973276932295,0.136029732755287,0.13602973274093835,0.13503425222344187,0.13503425223242446,0.13503425223983687,0.13503425223242446,0.13503425222344187,0.13503425223242446,0.13503425224686963,0.13503425226118276,0.13503425224686963,0.13503425223242446,0.13503425223983687,0.13503425226118276,0.13503425228719634,0.13503425226118276,0.13503425223983687,0.13503425223242446,0.13503425224686963,0.13503425226118276,0.13503425224686963,0.13503425223242446,0.13503425222344187,0.13503425223242446,0.13503425223983687,0.13503425223242446,0.13503425222344187
0.16533248776023288,0.16533248776023288,0.16533248776023288,0.16533248776023288,0.16533248776023288,0.16533248776023288,0.16533248776023288,0.16533248776023263,0.16533248776023288,0.16533248776023288,0.16533248776023288,0.16533248776023263,0.16533248776023263,0.16533248776023263,0.16533248776023288,0.16533248776023288,0.16533248776023288,0.16533248776023263,0.16533248776023288,0.16533248776023288,0.16533248776023288,0.16533248776023288,0.16533248776023288,0.16533248776023288,0.16533248776023288,0.16375749404195053,0.16375749404195053,0.16375749404195053,0.16375749404195053,0.16375749404195053,0.16375749404195053,0.1637574940419503,0.1637574940419503,0.1637574940419503,0.16375749404195053,0.16375749404195053,0.1637574940419503,0.1637574940419503,0.1637574940419503,0.16375749404195053,0.16375749404195053,0.1637574940419503,0.1637574940419503,0.1637574940419503,0.16375749404195053,0.16375749404195053,0.16375749404195053,0.16375749404195053,0.16375749404195053,0.16375749404195053,0.1622138842555654,0.1622138842555652,0.162213884255565,0.1622138842555652,0.1622138842555654,0.1622138842555652,0.16221388425556474,0.16221388425556452,0.16221388425556474,0.1622138842555652,0.162213884255565,0.16221388425556452,0.1622138842555643,0.16221388425556452,0.162213884255565,0.1622138842555652,0.16221388425556474,0.16221388425556452,0.16221388425556474,0.1622138842555652,0.1622138842555654,0.1622138842555652,0.162213884255565,0.1622138842555652,0.1622138842555654,0.1607010673581185,0.1607010673581174,0.1607010673581167,0.1607010673581174,0.1607010673581185,0.1607010673581174,0.16070106735811626,0.16070106735811562,0.16070106735811626,0.1607010673581174,0.1607010673581167,0.16070106735811562,0.16070106735811496,0.16070106735811562,0.1607010673581167,0.1607010673581174,0.16070106735811626,0.16070106735811562,0.16070106735811626,0.1607010673581174,0.1607010673581185,0.1607010673581174,0.1607010673581167,0.1607010673581174,0.1607010673581185,0.15921845172458923,0.15921845172458596,0.159218451724584,0.15921845172458596,0.15921845172458923,0.15921845172458596,0.1592184517245827,0.15921845172458052,0.1592184517245827,0.15921845172458596,0.159218451724584,0.15921845172458052,0.15921845172457832,0.15921845172458052,0.159218451724584,0.15921845172458596,0.1592184517245827,0.15921845172458052,0.1592184517245827,0.15921845172458596,0.15921845172458923,0.15921845172458596,0.159218451724584,0.15921845172458596,0.15921845172458923,0.15776544649974894,0.15776544649973934,0.15776544649973337,0.15776544649973934,0.15776544649974894,0.15776544649973934,0.15776544649972887,0.15776544649972227,0.15776544649972887,0.15776544649973934,0.15776544649973337,0.15776544649972227,0.15776544649971525,0.15776544649972227,0.15776544649973337,0.15776544649973934,0.15776544649972887,0.15776544649972227,0.15776544649972887,0.15776544649973934,0.15776544649974894,0.15776544649973934,0.15776544649973337,0.15776544649973934,0.15776544649974894,0.15634146281248945,0.156341462812461,0.1563414628124424,0.156341462812461,0.15634146281248945,0.156341462812461,0.15634146281242858,0.15634146281240704,0.15634146281242858,0.156341462812461,0.1563414628124424,0.15634146281240704,0.1563414628123832,0.15634146281240704,0.1563414628124424,0.156341462812461,0.15634146281242858,0.15634146281240704,0.15634146281242858,0.156341462812461,0.15634146281248945,0.156341462812461,0.1563414628124424,0.156341462812461,0.15634146281248945,0.15494591486290168,0.15494591486281747,0.15494591486276152,0.15494591486281747,0.15494591486290168,0.15494591486281747,0.15494591486271703,0.15494591486264678,0.15494591486271703,0.15494591486281747,0.15494591486276152,0.15494591486264678,0.1549459148625654,0.15494591486264678,0.15494591486276152,0.15494591486281747,0.15494591486271703,0.15494591486264678,0.15494591486271703,0.15494591486281747,0.15494591486290168,0.15494591486281747,0.15494591486276152,0.15494591486281747,0.15494591486290168,0.15357822089182896,0.15357822089158898,0.15357822089142226,0.15357822089158898,0.15357822089182896,0.15357822089158898,0.15357822089128106,0.1535782208910525,0.15357822089128106,0.15357822089158898,0.15357822089142226,0.1535782208910525,0.15357822089076428,0.1535782208910525,0.15357822089142226,0.15357822089158898,0.15357822089128106,0.1535782208910525,0.15357822089128106,0.15357822089158898,0.15357822089182896,0.15357822089158898,0.15357822089142226,0.15357822089158898,0.15357822089182896,0.15223780404210338,0.15223780404145007,0.15223780404096546,0.15223780404145007,0.15223780404210338,0.15223780404145007,0.15223780404053203,0.15223780403977105,0.15223780404053203,0.15223780404145007,0.15223780404096546,0.15223780403977105,0.15223780403867013,0.15223780403977105,0.15223780404096546,0.15223780404145007,0.15223780404053203,0.15223780403977105,0.15223780404053203,0.15223780404145007,0.15223780404210338,0.15223780404145007,0.15223780404096546,0.15223780404145007,0.15223780404210338,0.15092409312018018,0.15092409311852958,0.15092409311717953,0.15092409311852958,0.15092409312018018,0.15092409311852958,0.15092409311590743,0.1509240931133298,0.15092409311590743,0.15092409311852958,0.15092409311717953,0.1509240931133298,0.15092409310866983,0.1509240931133298,0.15092409311717953,0.15092409311852958,0.15092409311590743,0.1509240931133298,0.15092409311590743,0.15092409311852958,0.15092409312018018,0.15092409311852958,0.15092409311717953,0.15092409311852958,0.15092409312018018,0.1496365232664108,0.14963652326273313,0.14963652325928936,0.14963652326273313,0.1496365232664108,0.14963652326273313,0.14963652325588697,0.14963652324729274,0.14963652325588697,0.14963652326273313,0.14963652325928936,0.14963652324729274,0.14963652322500562,0.14963652324729274,0.14963652325928936,0.14963652326273313,0.14963652325588697,0.14963652324729274,0.14963652325588697,0.14963652326273313,0.1496365232664108,0.14963652326273313,0.14963652325928936,0.14963652326273313,0.1496365232664108,0.14837453654141236,0.14837453653490673,0.1483745365277802,0.14837453653490673,0.14837453654141236,0.14837453653490673,0.14837453652051344,0.14837453649545795,0.14837453652051344,0.14837453653490673,0.1483745365277802,0.14837453649545795,0.14837453637463546,0.14837453649545795,0.1483745365277802,0.14837453653490673,0.14837453652051344,0.14837453649545795,0.14837453652051344,0.14837453653490673,0.14837453654141236,0.14837453653490673,0.1483745365277802,0.14837453653490673,0.14837453654141236,0.1471375824339599,0.14713758242665367,0.14713758241894795,0.14713758242665367,0.1471375824339599,0.14713758242665367,0.14713758241112543,0.1471375823862146,0.14713758241112543,0.14713758242665367,0.14713758241894795,0.1471375823862146,0.14713758228104898,0.1471375823862146,0.14713758241894795,0.14713758242665367,0.14713758241112543,0.1471375823862146,0.14713758241112543,0.14713758242665367,0.1471375824339599,0.14713758242665367,0.14713758241894795,0.14713758242665367,0.1471375824339599,0.14592511829298435,0.14592511828622146,0.1459251182793653,0.14592511828622146,0.14592511829298435,0.14592511828622146,0.14592511827246674,0.14592511825165994,0.14592511827246674,0.14592511828622146,0.1459251182793653,0.14592511825165994,0.14592511816882378,0.14592511825165994,0.1459251182793653,0.14592511828622146,0.14592511827246674,0.14592511825165994,0.14592511827246674,0.14592511828622146,0.14592511829298435,0.14592511828622146,0.1459251182793653,0.14592511828622146,0.14592511829298435,0.14473660970238109,0.14473660969649682,0.1447366096906477,0.14473660969649682,0.14473660970238109,0.14473660969649682,0.14473660968479587,0.14473660966752433,0.14473660968479587,0.14473660969649682,0.1447366096906477,0.14473660966752433,0.1447366096000256,0.14473660966752433,0.1447366096906477,0.14473660969649682,0.14473660968479587,0.14473660966752433,0.14473660968479587,0.14473660969649682,0.14473660970238109,0.14473660969649682,0.1447366096906477,0.14473660969649682,0.14473660970238109,0.14357153079782753,0.14357153079272392,0.14357153078764134,0.14357153079272392,0.14357153079782753,0.14357153079272392,0.1435715307825528,0.14357153076750204,0.1435715307825528,0.14357153079272392,0.14357153078764134,0.14357153076750204,0.14357153070847667,0.14357153076750204,0.14357153078764134,0.14357153079272392,0.1435715307825528,0.14357153076750204,0.1435715307825528,0.14357153079272392,0.14357153079782753,0.14357153079272392,0.14357153078764134,0.14357153079272392,0.14357153079782753,0.14242936452904656,0.14242936452467075,0.14242936452018018,0.14242936452467075,0.14242936452904656,0.14242936452467075,0.14242936451563912,0.14242936450179777,0.14242936451563912,0.14242936452467075,0.14242936452018018,0.14242936450179777,0.14242936444599924,0.14242936450179777,0.14242936452018018,0.14242936452467075,0.14242936451563912,0.14242936450179777,0.14242936451563912,0.14242936452467075,0.14242936452904656,0.14242936452467075,0.14242936452018018,0.14242936452467075,0.14242936452904656,0.14130960287259267,0.14130960286935845,0.14130960286572802,0.14130960286935845,0.14130960287259267,0.14130960286935845,0.14130960286196456,0.1413096028494487,0.14130960286196456,0.14130960286935845,0.14130960286572802,0.1413096028494487,0.14130960279493557,0.1413096028494487,0.14130960286572802,0.14130960286935845,0.14130960286196456,0.1413096028494487,0.14130960286196456,0.14130960286935845,0.14130960287259267,0.14130960286935845,0.14130960286572802,0.14130960286935845,0.14130960287259267,0.14021174699980032,0.14021174699908504,0.14021174699759198,0.14021174699908504,0.14021174699980032,0.14021174699908504,0.1402117469958798,0.14021174698773783,0.1402117469958798,0.14021174699908504,0.14021174699759198,0.14021174698773783,0.14021174694167868,0.14021174698773783,0.14021174699759198,0.14021174699908504,0.1402117469958798,0.14021174698773783,0.1402117469958798,0.14021174699908504,0.14021174699980032,0.14021174699908504,0.14021174699759198,0.14021174699908504,0.14021174699980032,0.1391353074039113,0.13913530740838223,0.13913530741203112,0.13913530740838223,0.1391353074039113,0.13913530740838223,0.1391353074154982,0.1391353074221334,0.1391353074154982,0.13913530740838223,0.13913530741203112,0.1391353074221334,0.13913530743235897,0.1391353074221334,0.13913530741203112,0.13913530740838223,0.1391353074154982,0.1391353074221334,0.1391353074154982,0.13913530740838223,0.1391353074039113,0.13913530740838223,0.13913530741203112,0.13913530740838223,0.1391353074039113,0.13807980399058373,0.13807980400304132,0.1380798040155009,0.13807980400304132,0.13807980399058373,0.13807980400304132,0.13807980402810177,0.1380798040622811,0.13807980402810177,0.13807980400304132,0.1380798040155009,0.1380798040622811,0.13807980415812457,0.1380798040622811,0.1380798040155009,0.13807980400304132,0.13807980402810177,0.1380798040622811,0.13807980402810177,0.13807980400304132,0.13807980399058373,0.13807980400304132,0.1380798040155009,0.13807980400304132,0.13807980399058373,0.13704476613839395,0.13704476615879102,0.1370447661834814,0.13704476615879102,0.13704476613839395,0.13704476615879102,0.1370447662090749,0.13704476630989493,0.1370447662090749,0.13704476615879102,0.1370447661834814,0.13704476630989493,0.13704476686832423,0.13704476630989493,0.1370447661834814,0.13704476615879102,0.1370447662090749,0.13704476630989493,0.1370447662090749,0.13704476615879102,0.13704476613839395,0.13704476615879102,0.1370447661834814,0.13704476615879102,0.13704476613839395,0.13602973273639835,0.13602973275062072,0.1360297327645329,0.13602973275062072,0.13602973273639835,0.13602973275062072,0.13602973277848537,0.136029732815715,0.13602973277848537,0.13602973275062072,0.1360297327645329,0.136029732815715,0.13602973291895668,0.136029732815715,0.1360297327645329,0.13602973275062072,0.13602973277848537,0.136029732815715,0.13602973277848537,0.13602973275062072,0.13602973273639835,0.13602973275062072,0.1360297327645329,0.13602973275062072,0.13602973273639835,0.1350342522188305,0.13503425222773385,0.13503425223508073,0.13503425222773385,0.1350342522188305,0.13503425222773385,0.13503425224205134,0.13503425225623772,0.13503425224205134,0.13503425222773385,0.13503425223508073,0.13503425225623772,0.1350342522820205,0.13503425225623772,0.13503425223508073,0.13503425222773385,0.13503425224205134,0.13503425225623772,0.13503425224205134,0.13503425222773385,0.1350342522188305,0.13503425222773385,0.13503425223508073,0.13503425222773385,0.1350342522188305
0.16533248776194,0.16533248776194,0.16533248776194,0.16533248776194,0.16533248776194,0.16533248776194,0.16533248776194,0.16533248776194,0.16533248776194,0.16533248776194,0.16533248776194,0.16533248776194,0.16533248776194,0.16533248776194,0.16533248776194,0.16533248776194,0.16533248776194,0.16533248776194,0.16533248776194,0.16533248776194,0.16533248776194,0.16533248776194,0.16533248776194,0.16533248776194,0.16533248776194,0.16375749404362366,0.16375749404362366,0.16375749404362366,0.16375749404362366,0.16375749404362366,0.16375749404362366,0.16375749404362344,0.16375749404362344,0.16375749404362344,0.16375749404362366,0.16375749404362366,0.16375749404362344,0.16375749404362344,0.16375749404362344,0.16375749404362366,0.16375749404362366,0.16375749404362344,0.16375749404362344,0.16375749404362344,0.16375749404362366,0.16375749404362366,0.16375749404362366,0.16375749404362366,0.16375749404362366,0.16375749404362366,0.1622138842572052,0.16221388425720473,0.1622138842572045,0.16221388425720473,0.1622138842572052,0.16221388425720473,0.1622138842572045,0.16221388425720432,0.1622138842572045,0.16221388425720473,0.1622138842572045,0.16221388425720432,0.1622138842572041,0.16221388425720432,0.1622138842572045,0.16221388425720473,0.1622138842572045,0.16221388425720432,0.1622138842572045,0.16221388425720473,0.1622138842572052,0.16221388425720473,0.1622138842572045,0.16221388425720473,0.1622138842572052,0.16070106735972534,0.16070106735972423,0.16070106735972356,0.16070106735972423,0.16070106735972534,0.16070106735972423,0.1607010673597231,0.16070106735972245,0.1607010673597231,0.16070106735972423,0.16070106735972356,0.16070106735972245,0.16070106735972176,0.16070106735972245,0.16070106735972356,0.16070106735972423,0.1607010673597231,0.16070106735972245,0.1607010673597231,0.16070106735972423,0.16070106735972534,0.16070106735972423,0.16070106735972356,0.16070106735972423,0.16070106735972534,0.15921845172616375,0.15921845172616048,0.15921845172615853,0.15921845172616048,0.15921845172616375,0.15921845172616048,0.1592184517261572,0.15921845172615529,0.1592184517261572,0.15921845172616048,0.15921845172615853,0.15921845172615529,0.1592184517261531,0.15921845172615529,0.15921845172615853,0.15921845172616048,0.1592184517261572,0.15921845172615529,0.1592184517261572,0.15921845172616048,0.15921845172616375,0.15921845172616048,0.15921845172615853,0.15921845172616048,0.15921845172616375,0.15776544650129162,0.1577654465012822,0.15776544650127625,0.1577654465012822,0.15776544650129162,0.1577654465012822,0.15776544650127178,0.15776544650126517,0.15776544650127178,0.1577654465012822,0.15776544650127625,0.15776544650126517,0.1577654465012581,0.15776544650126517,0.15776544650127625,0.1577654465012822,0.15776544650127178,0.15776544650126517,0.15776544650127178,0.1577654465012822,0.15776544650129162,0.1577654465012822,0.15776544650127625,0.1577654465012822,0.15776544650129162,0.15634146281400108,0.15634146281397263,0.15634146281395425,0.15634146281397263,0.15634146281400108,0.15634146281397263,0.15634146281394043,0.1563414628139189,0.15634146281394043,0.15634146281397263,0.15634146281395425,0.1563414628139189,0.15634146281389505,0.1563414628139189,0.15634146281395425,0.15634146281397263,0.15634146281394043,0.1563414628139189,0.15634146281394043,0.15634146281397263,0.15634146281400108,0.15634146281397263,0.15634146281395425,0.15634146281397263,0.15634146281400108,0.15494591486438253,0.1549459148642985,0.15494591486424256,0.1549459148642985,0.15494591486438253,0.1549459148642985,0.1549459148641983,0.15494591486412843,0.1549459148641983,0.1549459148642985,0.15494591486424256,0.15494591486412843,0.1549459148640473,0.15494591486412843,0.15494591486424256,0.1549459148642985,0.1549459148641983,0.15494591486412843,0.1549459148641983,0.1549459148642985,0.15494591486438253,0.1549459148642985,0.15494591486424256,0.1549459148642985,0.15494591486438253,0.15357822089327886,0.15357822089303966,0.15357822089287337,0.15357822089303966,0.15357822089327886,0.15357822089303966,0.15357822089273276,0.153578220892505,0.15357822089273276,0.15357822089303966,0.15357822089287337,0.153578220892505,0.1535782208922176,0.153578220892505,0.15357822089287337,0.15357822089303966,0.15357822089273276,0.153578220892505,0.15357822089273276,0.15357822089303966,0.15357822089327886,0.15357822089303966,0.15357822089287337,0.15357822089303966,0.15357822089327886,0.15223780404352144,0.15223780404287027,0.15223780404238724,0.15223780404287027,0.15223780404352144,0.15223780404287027,0.15223780404195517,0.15223780404119674,0.15223780404195517,0.15223780404287027,0.15223780404238724,0.15223780404119674,0.15223780404009918,0.15223780404119674,0.15223780404238724,0.15223780404287027,0.15223780404195517,0.15223780404119674,0.15223780404195517,0.15223780404287027,0.15223780404352144,0.15223780404287027,0.15223780404238724,0.15223780404287027,0.15223780404352144,0.1509240931215625,0.15092409311991745,0.1509240931185716,0.15092409311991745,0.1509240931215625,0.15092409311991745,0.15092409311730356,0.15092409311473426,0.15092409311730356,0.15092409311991745,0.1509240931185716,0.15092409311473426,0.15092409311008873,0.15092409311473426,0.1509240931185716,0.15092409311991745,0.15092409311730356,0.15092409311473426,0.15092409311730356,0.15092409311991745,0.1509240931215625,0.15092409311991745,0.1509240931185716,0.15092409311991745,0.1509240931215625,0.14963652326774612,0.14963652326408128,0.14963652326064905,0.14963652326408128,0.14963652326774612,0.14963652326408128,0.14963652325725785,0.149636523248691,0.14963652325725785,0.14963652326408128,0.14963652326064905,0.149636523248691,0.14963652322647178,0.149636523248691,0.14963652326064905,0.14963652326408128,0.14963652325725785,0.149636523248691,0.14963652325725785,0.14963652326408128,0.14963652326774612,0.14963652326408128,0.14963652326064905,0.14963652326408128,0.14963652326774612,0.14837453654267482,0.1483745365361931,0.14837453652909163,0.1483745365361931,0.14837453654267482,0.1483745365361931,0.14837453652184984,0.14837453649687518,0.14837453652184984,0.1483745365361931,0.14837453652909163,0.14837453649687518,0.14837453637641446,0.14837453649687518,0.14837453652909163,0.1483745365361931,0.14837453652184984,0.14837453649687518,0.14837453652184984,0.1483745365361931,0.14837453654267482,0.1483745365361931,0.14837453652909163,0.1483745365361931,0.14837453654267482,0.14713758243509925,0.1471375824278259,0.14713758242015326,0.1471375824278259,0.14713758243509925,0.1471375824278259,0.14713758241236397,0.1471375823875531,0.14713758241236397,0.1471375824278259,0.14713758242015326,0.1471375823875531,0.14713758228278273,0.1471375823875531,0.14713758242015326,0.1471375824278259,0.14713758241236397,0.1471375823875531,0.14713758241236397,0.1471375824278259,0.14713758243509925,0.1471375824278259,0.14713758242015326,0.1471375824278259,0.14713758243509925,0.14592511829393198,0.14592511828721025,0.14592511828039506,0.14592511828721025,0.14592511829393198,0.14592511828721025,0.14592511827353724,0.1459251182528501,0.14592511827353724,0.14592511828721025,0.14592511828039506,0.1459251182528501,0.14592511817049295,0.1459251182528501,0.14592511828039506,0.14592511828721025,0.14592511827353724,0.1459251182528501,0.14592511827353724,0.14592511828721025,0.14592511829393198,0.14592511828721025,0.14592511828039506,0.14592511828721025,0.14592511829393198,0.14473660970304977,0.1447366096972165,0.14473660969141813,0.1447366096972165,0.14473660970304977,0.1447366096972165,0.14473660968561733,0.14473660966849658,0.14473660968561733,0.1447366096972165,0.14473660969141813,0.14473660966849658,0.14473660960158272,0.14473660966849658,0.14473660969141813,0.1447366096972165,0.14473660968561733,0.14473660966849658,0.14473660968561733,0.1447366096972165,0.14473660970304977,0.1447366096972165,0.14473660969141813,0.1447366096972165,0.14473660970304977,0.14357153079810833,0.1435715307930663,0.14357153078804655,0.1435715307930663,0.14357153079810833,0.1435715307930663,0.1435715307830213,0.14357153076816184,0.1435715307830213,0.1435715307930663,0.14357153078804655,0.14357153076816184,0.14357153070991144,0.14357153076816184,0.14357153078804655,0.1435715307930663,0.1435715307830213,0.14357153076816184,0.1435715307830213,0.1435715307930663,0.14357153079810833,0.1435715307930663,0.14357153078804655,0.1435715307930663,0.14357153079810833,0.14242936452880667,0.14242936452450014,0.14242936452008204,0.14242936452450014,0.14242936452880667,0.14242936452450014,0.1424293645156148,0.14242936450200358,0.1424293645156148,0.14242936452450014,0.14242936452008204,0.14242936450200358,0.14242936444716178,0.14242936450200358,0.14242936452008204,0.14242936452450014,0.1424293645156148,0.14242936450200358,0.1424293645156148,0.14242936452450014,0.14242936452880667,0.14242936452450014,0.14242936452008204,0.14242936452450014,0.14242936452880667,0.14130960287168204,0.1413096028685139,0.1413096028649562,0.1413096028685139,0.14130960287168204,0.1413096028685139,0.1413096028612677,0.14130960284899924,0.1413096028612677,0.1413096028685139,0.1413096028649562,0.14130960284899924,0.14130960279554836,0.14130960284899924,0.1413096028649562,0.1413096028685139,0.1413096028612677,0.14130960284899924,0.1413096028612677,0.1413096028685139,0.14130960287168204,0.1413096028685139,0.1413096028649562,0.1413096028685139,0.14130960287168204,0.14021174699807332,0.14021174699739783,0.14021174699595462,0.14021174699739783,0.14021174699807332,0.14021174699739783,0.14021174699429517,0.14021174698635394,0.14021174699429517,0.14021174699739783,0.14021174699595462,0.14021174698635394,0.14021174694132424,0.14021174698635394,0.14021174699595462,0.14021174699739783,0.14021174699429517,0.14021174698635394,0.14021174699429517,0.14021174699739783,0.14021174699807332,0.14021174699739783,0.14021174699595462,0.14021174699739783,0.14021174699807332,0.13913530740127417,0.13913530740572405,0.13913530740935812,0.13913530740572405,0.13913530740127417,0.13913530740572405,0.13913530741281172,0.13913530741943075,0.13913530741281172,0.13913530740572405,0.13913530740935812,0.13913530741943075,0.13913530742967484,0.13913530741943075,0.13913530740935812,0.13913530740572405,0.13913530741281172,0.13913530741943075,0.13913530741281172,0.13913530740572405,0.13913530740127417,0.13913530740572405,0.13913530740935812,0.13913530740572405,0.13913530740127417,0.13807980398706676,0.1380798039994217,0.1380798040117771,0.1380798039994217,0.13807980398706676,0.1380798039994217,0.13807980402427206,0.1380798040581593,0.13807980402427206,0.1380798039994217,0.1380798040117771,0.1380798040581593,0.13807980415317053,0.1380798040581593,0.1380798040117771,0.1380798039994217,0.13807980402427206,0.1380798040581593,0.13807980402427206,0.1380798039994217,0.13807980398706676,0.1380798039994217,0.1380798040117771,0.1380798039994217,0.13807980398706676,0.1370447661341961,0.13704476615441472,0.1370447661788874,0.13704476615441472,0.1370447661341961,0.13704476615441472,0.13704476620425482,0.13704476630417914,0.13704476620425482,0.13704476615441472,0.1370447661788874,0.13704476630417914,0.13704476685761485,0.13704476630417914,0.1370447661788874,0.13704476615441472,0.13704476620425482,0.13704476630417914,0.13704476620425482,0.13704476615441472,0.1370447661341961,0.13704476615441472,0.1370447661788874,0.13704476615441472,0.1370447661341961,0.1360297327318773,0.1360297327459741,0.136029732759763,0.1360297327459741,0.1360297327318773,0.1360297327459741,0.13602973277359187,0.1360297328104906,0.13602973277359187,0.1360297327459741,0.136029732759763,0.1360297328104906,0.1360297329128129,0.1360297328104906,0.136029732759763,0.1360297327459741,0.13602973277359187,0.1360297328104906,0.13602973277359187,0.1360297327459741,0.1360297327318773,0.1360297327459741,0.136029732759763,0.1360297327459741,0.1360297327318773,0.13503425221423862,0.13503425222306312,0.1350342522303448,0.13503425222306312,0.13503425221423862,0.13503425222306312,0.13503425223725354,0.13503425225131385,0.13503425223725354,0.13503425222306312,0.1350342522303448,0.13503425225131385,0.13503425227686733,0.13503425225131385,0.1350342522303448,0.13503425222306312,0.13503425223725354,0.13503425225131385,0.13503425223725354,0.13503425222306312,0.13503425221423862,0.13503425222306312,0.1350342522303448,0.13503425222306312,0.13503425221423862
0.16533248776364123,0.16533248776364123,0.165332487763641,0.16533248776364123,0.16533248776364123,0.16533248776364123,0.165332487763641,0.165332487763641,0.165332487763641,0.16533248776364123,0.165332487763641,0.165332487763641,0.165332487763641,0.165332487763641,0.165332487763641,0.16533248776364123,0.165332487763641,0.165332487763641,0.165332487763641,0.16533248776364123,0.16533248776364123,0.16533248776364123,0.165332487763641,0.16533248776364123,0.16533248776364123,0.16375749404529105,0.1637574940452908,0.1637574940452908,0.1637574940452908,0.16375749404529105,0.1637574940452908,0.1637574940452908,0.16375749404529058,0.1637574940452908,0.1637574940452908,0.1637574940452908,0.16375749404529058,0.16375749404529058,0.16375749404529058,0.1637574940452908,0.1637574940452908,0.1637574940452908,0.16375749404529058,0.1637574940452908,0.1637574940452908,0.16375749404529105,0.1637574940452908,0.1637574940452908,0.1637574940452908,0.16375749404529105,0.1622138842588391,0.16221388425883865,0.16221388425883843,0.16221388425883865,0.1622138842588391,0.16221388425883865,0.16221388425883843,0.16221388425883818,0.16221388425883843,0.16221388425883865,0.16221388425883843,0.16221388425883818,0.16221388425883795,0.16221388425883818,0.16221388425883843,0.16221388425883865,0.16221388425883843,0.16221388425883818,0.16221388425883843,0.16221388425883865,0.1622138842588391,0.16221388425883865,0.16221388425883843,0.16221388425883865,0.1622138842588391,0.1607010673613264,0.16070106736132528,0.1607010673613246,0.16070106736132528,0.1607010673613264,0.16070106736132528,0.16070106736132417,0.16070106736132353,0.16070106736132417,0.16070106736132528,0.1607010673613246,0.16070106736132353,0.16070106736132284,0.16070106736132353,0.1607010673613246,0.16070106736132528,0.16070106736132417,0.16070106736132353,0.16070106736132417,0.16070106736132528,0.1607010673613264,0.16070106736132528,0.1607010673613246,0.16070106736132528,0.1607010673613264,0.1592184517277326,0.15921845172772936,0.15921845172772742,0.15921845172772936,0.1592184517277326,0.15921845172772936,0.1592184517277261,0.15921845172772411,0.1592184517277261,0.15921845172772936,0.15921845172772742,0.15921845172772411,0.15921845172772195,0.15921845172772411,0.15921845172772742,0.15921845172772936,0.1592184517277261,0.15921845172772411,0.1592184517277261,0.15921845172772936,0.1592184517277326,0.15921845172772936,0.15921845172772742,0.15921845172772936,0.1592184517277326,0.15776544650282892,0.15776544650281954,0.15776544650281332,0.15776544650281954,0.15776544650282892,0.15776544650281954,0.15776544650280908,0.15776544650280244,0.15776544650280908,0.15776544650281954,0.15776544650281332,0.15776544650280244,0.15776544650279542,0.15776544650280244,0.15776544650281332,0.15776544650281954,0.15776544650280908,0.15776544650280244,0.15776544650280908,0.15776544650281954,0.15776544650282892,0.15776544650281954,0.15776544650281332,0.15776544650281954,0.15776544650282892,0.15634146281550726,0.15634146281547884,0.15634146281546044,0.15634146281547884,0.15634146281550726,0.15634146281547884,0.15634146281544664,0.1563414628154253,0.15634146281544664,0.15634146281547884,0.15634146281546044,0.1563414628154253,0.15634146281540165,0.1563414628154253,0.15634146281546044,0.15634146281547884,0.15634146281544664,0.1563414628154253,0.15634146281544664,0.15634146281547884,0.15634146281550726,0.15634146281547884,0.15634146281546044,0.15634146281547884,0.15634146281550726,0.15494591486585785,0.15494591486577422,0.1549459148657185,0.15494591486577422,0.15494591486585785,0.15494591486577422,0.15494591486567444,0.15494591486560455,0.15494591486567444,0.15494591486577422,0.1549459148657185,0.15494591486560455,0.15494591486552362,0.15494591486560455,0.1549459148657185,0.15494591486577422,0.15494591486567444,0.15494591486560455,0.15494591486567444,0.15494591486577422,0.15494591486585785,0.15494591486577422,0.1549459148657185,0.15494591486577422,0.15494591486585785,0.15357822089472353,0.1535782208944851,0.15357822089431938,0.1535782208944851,0.15357822089472353,0.1535782208944851,0.15357822089417925,0.1535782208939523,0.15357822089417925,0.1535782208944851,0.15357822089431938,0.1535782208939523,0.15357822089366588,0.1535782208939523,0.15357822089431938,0.1535782208944851,0.15357822089417925,0.1535782208939523,0.15357822089417925,0.1535782208944851,0.15357822089472353,0.1535782208944851,0.15357822089431938,0.1535782208944851,0.15357822089472353,0.15223780404493434,0.15223780404428536,0.15223780404380388,0.15223780404428536,0.15223780404493434,0.15223780404428536,0.15223780404337317,0.15223780404261714,0.15223780404337317,0.15223780404428536,0.15223780404380388,0.15223780404261714,0.15223780404152312,0.15223780404261714,0.15223780404380388,0.15223780404428536,0.15223780404337317,0.15223780404261714,0.15223780404337317,0.15223780404428536,0.15223780404493434,0.15223780404428536,0.15223780404380388,0.15223780404428536,0.15223780404493434,0.15092409312293953,0.1509240931213001,0.1509240931199587,0.1509240931213001,0.15092409312293953,0.1509240931213001,0.15092409311869492,0.1509240931161337,0.15092409311869492,0.1509240931213001,0.1509240931199587,0.1509240931161337,0.15092409311150265,0.1509240931161337,0.1509240931199587,0.1509240931213001,0.15092409311869492,0.1509240931161337,0.15092409311869492,0.1509240931213001,0.15092409312293953,0.1509240931213001,0.1509240931199587,0.1509240931213001,0.15092409312293953,0.1496365232690765,0.14963652326542434,0.14963652326200347,0.14963652326542434,0.1496365232690765,0.14963652326542434,0.14963652325862356,0.149636523250084,0.14963652325862356,0.14963652326542434,0.14963652326200347,0.149636523250084,0.149636523227933,0.149636523250084,0.14963652326200347,0.14963652326542434,0.14963652325862356,0.149636523250084,0.14963652325862356,0.14963652326542434,0.1496365232690765,0.14963652326542434,0.14963652326200347,0.14963652326542434,0.1496365232690765,0.1483745365439323,0.14837453653747484,0.148374536530398,0.14837453653747484,0.1483745365439323,0.14837453653747484,0.14837453652318128,0.14837453649828738,0.14837453652318128,0.14837453653747484,0.148374536530398,0.14837453649828738,0.14837453637819936,0.14837453649828738,0.148374536530398,0.14837453653747484,0.14837453652318128,0.14837453649828738,0.14837453652318128,0.14837453653747484,0.1483745365439323,0.14837453653747484,0.148374536530398,0.14837453653747484,0.1483745365439323,0.14713758243623426,0.14713758242899358,0.14713758242135402,0.14713758242899358,0.14713758243623426,0.14713758242899358,0.14713758241359778,0.1471375823888868,0.14713758241359778,0.14713758242899358,0.14713758242135402,0.1471375823888868,0.1471375822845301,0.1471375823888868,0.14713758242135402,0.14713758242899358,0.14713758241359778,0.1471375823888868,0.14713758241359778,0.14713758242899358,0.14713758243623426,0.14713758242899358,0.14713758242135402,0.14713758242899358,0.14713758243623426,0.1459251182948754,0.14592511828819477,0.14592511828142016,0.14592511828819477,0.1459251182948754,0.14592511828819477,0.14592511827460297,0.14592511825403548,0.14592511827460297,0.14592511828819477,0.14592511828142016,0.14592511825403548,0.14592511817212617,0.14592511825403548,0.14592511828142016,0.14592511828819477,0.14592511827460297,0.14592511825403548,0.14592511827460297,0.14592511828819477,0.1459251182948754,0.14592511828819477,0.14592511828142016,0.14592511828819477,0.1459251182948754,0.14473660970371463,0.14473660969793234,0.14473660969218474,0.14473660969793234,0.14473660970371463,0.14473660969793234,0.14473660968643456,0.14473660966946414,0.14473660968643456,0.14473660969793234,0.14473660969218474,0.14473660966946414,0.14473660960314322,0.14473660966946414,0.14473660969218474,0.14473660969793234,0.14473660968643456,0.14473660966946414,0.14473660968643456,0.14473660969793234,0.14473660970371463,0.14473660969793234,0.14473660969218474,0.14473660969793234,0.14473660970371463,0.14357153079838603,0.14357153079340582,0.14357153078844848,0.14357153079340582,0.14357153079838603,0.14357153079340582,0.14357153078348606,0.1435715307688172,0.14357153078348606,0.14357153079340582,0.14357153078844848,0.1435715307688172,0.1435715307113433,0.1435715307688172,0.14357153078844848,0.14357153079340582,0.14357153078348606,0.1435715307688172,0.14357153078348606,0.14357153079340582,0.14357153079838603,0.14357153079340582,0.14357153078844848,0.14357153079340582,0.14357153079838603,0.14242936452856544,0.14242936452432786,0.14242936451998192,0.14242936452432786,0.14242936452856544,0.14242936452432786,0.14242936451558783,0.14242936450220522,0.14242936451558783,0.14242936452432786,0.14242936451998192,0.14242936450220522,0.1424293644483065,0.14242936450220522,0.14242936451998192,0.14242936452432786,0.14242936451558783,0.14242936450220522,0.14242936451558783,0.14242936452432786,0.14242936452856544,0.14242936452432786,0.14242936451998192,0.14242936452432786,0.14242936452856544,0.14130960287077254,0.14130960286766986,0.14130960286418437,0.14130960286766986,0.14130960287077254,0.14130960286766986,0.1413096028605702,0.14130960284854696,0.1413096028605702,0.14130960286766986,0.14130960286418437,0.14130960284854696,0.1413096027961812,0.14130960284854696,0.14130960286418437,0.14130960286766986,0.1413096028605702,0.14130960284854696,0.1413096028605702,0.14130960286766986,0.14130960287077254,0.14130960286766986,0.14130960286418437,0.14130960286766986,0.14130960287077254,0.14021174699635097,0.14021174699571484,0.1402117469943213,0.14021174699571484,0.14021174699635097,0.14021174699571484,0.14021174699271408,0.14021174698497152,0.14021174699271408,0.14021174699571484,0.1402117469943213,0.14021174698497152,0.14021174694092917,0.14021174698497152,0.1402117469943213,0.14021174699571484,0.14021174699271408,0.14021174698497152,0.14021174699271408,0.14021174699571484,0.14021174699635097,0.14021174699571484,0.1402117469943213,0.14021174699571484,0.14021174699635097,0.13913530739864635,0.1391353074030752,0.13913530740669422,0.1391353074030752,0.13913530739864619,0.1391353074030752,0.13913530741013425,0.13913530741673716,0.13913530741013425,0.1391353074030752,0.13913530740669422,0.13913530741673716,0.13913530742699864,0.13913530741673716,0.13913530740669422,0.1391353074030752,0.13913530741013425,0.13913530741673716,0.13913530741013425,0.1391353074030752,0.13913530739864619,0.1391353074030752,0.13913530740669422,0.1391353074030752,0.13913530739864635,0.1380798039835638,0.13807980399581654,0.13807980400806824,0.13807980399581654,0.1380798039835638,0.13807980399581654,0.13807980402045772,0.13807980405405443,0.13807980402045772,0.13807980399581654,0.13807980400806824,0.13807980405405443,0.1380798041482379,0.13807980405405443,0.13807980400806824,0.13807980399581654,0.13807980402045772,0.13807980405405443,0.13807980402045772,0.13807980399581654,0.1380798039835638,0.13807980399581654,0.13807980400806824,0.13807980399581654,0.1380798039835638,0.13704476613001593,0.1370447661500568,0.13704476617431294,0.1370447661500568,0.13704476613001593,0.1370447661500568,0.1370447661994555,0.1370447662984892,0.1370447661994555,0.1370447661500568,0.13704476617431294,0.1370447662984892,0.1370447668469716,0.1370447662984892,0.13704476617431294,0.1370447661500568,0.1370447661994555,0.1370447662984892,0.1370447661994555,0.1370447661500568,0.13704476613001593,0.1370447661500568,0.13704476617431294,0.1370447661500568,0.13704476613001593,0.13602973272737562,0.13602973274134747,0.13602973275501395,0.13602973274134747,0.13602973272737562,0.13602973274134747,0.13602973276871969,0.13602973280528935,0.13602973276871969,0.13602973274134747,0.13602973275501395,0.13602973280528935,0.13602973290669731,0.13602973280528935,0.13602973275501395,0.13602973274134747,0.13602973276871969,0.13602973280528935,0.13602973276871969,0.13602973274134747,0.13602973272737562,0.13602973274134747,0.13602973275501395,0.13602973274134747,0.13602973272737562,0.13503425220966658,0.13503425221841273,0.13503425222562962,0.13503425221841273,0.13503425220966658,0.13503425221841273,0.13503425223247678,0.13503425224641177,0.13503425223247678,0.13503425221841273,0.13503425222562962,0.13503425224641177,0.135034252271737,0.13503425224641177,0.13503425222562962,0.13503425221841273,0.13503425223247678,0.13503425224641177,0.13503425223247678,0.13503425221841273,0.13503425220966658,0.13503425221841273,0.13503425222562962,0.13503425221841273,0.13503425220966658
0.16533248776533613,0.16533248776533588,0.16533248776533588,0.16533248776533588,0.16533248776533613,0.16533248776533588,0.16533248776533588,0.16533248776533588,0.16533248776533588,0.16533248776533588,0.16533248776533588,0.16533248776533588,0.16533248776533588,0.16533248776533588,0.16533248776533588,0.16533248776533588,0.16533248776533588,0.16533248776533588,0.16533248776533588,0.16533248776533588,0.16533248776533613,0.16533248776533588,0.16533248776533588,0.16533248776533588,0.16533248776533588,0.16375749404695192,0.16375749404695192,0.1637574940469517,0.16375749404695192,0.16375749404695192,0.16375749404695192,0.1637574940469517,0.1637574940469517,0.1637574940469517,0.16375749404695192,0.1637574940469517,0.1637574940469517,0.1637574940469517,0.1637574940469517,0.1637574940469517,0.16375749404695192,0.1637574940469517,0.1637574940469517,0.1637574940469517,0.16375749404695192,0.16375749404695192,0.16375749404695192,0.1637574940469517,0.16375749404695192,0.16375749404695192,0.16221388426046687,0.1622138842604664,0.16221388426046618,0.1622138842604664,0.16221388426046687,0.1622138842604664,0.16221388426046618,0.16221388426046596,0.16221388426046618,0.1622138842604664,0.16221388426046618,0.16221388426046596,0.1622138842604657,0.16221388426046596,0.16221388426046618,0.1622138842604664,0.16221388426046618,0.16221388426046596,0.16221388426046618,0.1622138842604664,0.16221388426046687,0.1622138842604664,0.16221388426046618,0.1622138842604664,0.16221388426046687,0.16070106736292145,0.16070106736292034,0.1607010673629199,0.16070106736292034,0.16070106736292145,0.16070106736292034,0.16070106736291945,0.16070106736291878,0.16070106736291945,0.16070106736292034,0.1607010673629199,0.16070106736291878,0.16070106736291812,0.16070106736291878,0.1607010673629199,0.16070106736292034,0.16070106736291945,0.16070106736291878,0.16070106736291945,0.16070106736292034,0.16070106736292145,0.16070106736292034,0.1607010673629199,0.16070106736292034,0.16070106736292145,0.1592184517292956,0.15921845172929255,0.1592184517292906,0.15921845172929255,0.1592184517292956,0.15921845172929255,0.1592184517292893,0.1592184517292871,0.1592184517292893,0.15921845172929255,0.1592184517292906,0.1592184517292871,0.15921845172928495,0.1592184517292871,0.1592184517292906,0.15921845172929255,0.1592184517292893,0.1592184517292871,0.1592184517292893,0.15921845172929255,0.1592184517292956,0.15921845172929255,0.1592184517292906,0.15921845172929255,0.1592184517292956,0.15776544650436047,0.1577654465043511,0.15776544650434512,0.1577654465043511,0.15776544650436047,0.1577654465043511,0.15776544650434085,0.15776544650433424,0.15776544650434085,0.1577654465043511,0.15776544650434512,0.15776544650433424,0.1577654465043272,0.15776544650433424,0.15776544650434512,0.1577654465043511,0.15776544650434085,0.15776544650433424,0.15776544650434085,0.1577654465043511,0.15776544650436047,0.1577654465043511,0.15776544650434512,0.1577654465043511,0.15776544650436047,0.15634146281700784,0.1563414628169794,0.15634146281696118,0.1563414628169794,0.15634146281700784,0.1563414628169794,0.15634146281694739,0.15634146281692626,0.15634146281694739,0.1563414628169794,0.15634146281696118,0.15634146281692626,0.15634146281690242,0.15634146281692626,0.15634146281696118,0.1563414628169794,0.15634146281694739,0.15634146281692626,0.15634146281694739,0.1563414628169794,0.15634146281700784,0.1563414628169794,0.15634146281696118,0.1563414628169794,0.15634146281700784,0.15494591486732784,0.1549459148672444,0.15494591486718887,0.1549459148672444,0.15494591486732784,0.1549459148672444,0.1549459148671448,0.15494591486707535,0.1549459148671448,0.1549459148672444,0.15494591486718887,0.15494591486707535,0.1549459148669946,0.15494591486707535,0.15494591486718887,0.1549459148672444,0.1549459148671448,0.15494591486707535,0.1549459148671448,0.1549459148672444,0.15494591486732784,0.1549459148672444,0.15494591486718887,0.1549459148672444,0.15494591486732784,0.15357822089616277,0.15357822089592515,0.15357822089576006,0.15357822089592515,0.15357822089616277,0.15357822089592515,0.1535782208956203,0.1535782208953939,0.1535782208956203,0.15357822089592515,0.15357822089576006,0.1535782208953939,0.15357822089510853,0.1535782208953939,0.15357822089576006,0.15357822089592515,0.1535782208956203,0.1535782208953939,0.1535782208956203,0.15357822089592515,0.15357822089616277,0.15357822089592515,0.15357822089576006,0.15357822089592515,0.15357822089616277,0.15223780404634174,0.15223780404569492,0.15223780404521522,0.15223780404569492,0.15223780404634174,0.15223780404569492,0.15223780404478593,0.15223780404403223,0.15223780404478593,0.15223780404569492,0.15223780404521522,0.15223780404403223,0.15223780404294174,0.15223780404403223,0.15223780404521522,0.15223780404569492,0.15223780404478593,0.15223780404403223,0.15223780404478593,0.15223780404569492,0.15223780404634174,0.15223780404569492,0.15223780404521522,0.15223780404569492,0.15223780404634174,0.15092409312431138,0.15092409312267754,0.1509240931213406,0.15092409312267754,0.15092409312431138,0.15092409312267754,0.15092409312008084,0.15092409311752794,0.15092409312008084,0.15092409312267754,0.1509240931213406,0.15092409311752794,0.15092409311291116,0.15092409311752794,0.1509240931213406,0.15092409312267754,0.15092409312008084,0.15092409311752794,0.15092409312008084,0.15092409312267754,0.15092409312431138,0.15092409312267754,0.1509240931213406,0.15092409312267754,0.15092409312431138,0.14963652327040178,0.1496365232667623,0.14963652326335294,0.1496365232667623,0.14963652327040178,0.1496365232667623,0.14963652325998422,0.14963652325147186,0.14963652325998422,0.1496365232667623,0.14963652326335294,0.14963652325147186,0.14963652322938897,0.14963652325147186,0.14963652326335294,0.1496365232667623,0.14963652325998422,0.14963652325147186,0.14963652325998422,0.1496365232667623,0.14963652327040178,0.1496365232667623,0.14963652326335294,0.1496365232667623,0.14963652327040178,0.14837453654518493,0.14837453653875138,0.1483745365316994,0.14837453653875138,0.14837453654518493,0.14837453653875138,0.14837453652450766,0.1483745364996944,0.14837453652450766,0.14837453653875138,0.1483745365316994,0.1483745364996944,0.14837453637997666,0.1483745364996944,0.1483745365316994,0.14837453653875138,0.14837453652450766,0.1483745364996944,0.14837453652450766,0.14837453653875138,0.14837453654518493,0.14837453653875138,0.1483745365316994,0.14837453653875138,0.14837453654518493,0.14713758243736436,0.14713758243015657,0.14713758242255004,0.14713758243015657,0.14713758243736436,0.14713758243015657,0.1471375824148267,0.14713758239021543,0.1471375824148267,0.14713758243015657,0.14713758242255004,0.14713758239021543,0.14713758228624693,0.14713758239021543,0.14713758242255004,0.14713758243015657,0.1471375824148267,0.14713758239021543,0.1471375824148267,0.14713758243015657,0.14713758243736436,0.14713758243015657,0.14713758242255004,0.14713758243015657,0.14713758243736436,0.14592511829581448,0.14592511828917484,0.1459251182824408,0.14592511828917484,0.14592511829581448,0.14592511828917484,0.14592511827566423,0.14592511825521606,0.14592511827566423,0.14592511828917484,0.1459251182824408,0.14592511825521606,0.14592511817374335,0.14592511825521606,0.1459251182824408,0.14592511828917484,0.14592511827566423,0.14592511825521606,0.14592511827566423,0.14592511828917484,0.14592511829581448,0.14592511828917484,0.1459251182824408,0.14592511828917484,0.14592511829581448,0.14473660970437585,0.1447366096986443,0.1447366096929472,0.1447366096986443,0.14473660970437585,0.1447366096986443,0.14473660968724744,0.14473660967042692,0.14473660968724744,0.1447366096986443,0.1447366096929472,0.14473660967042692,0.14473660960469584,0.14473660967042692,0.1447366096929472,0.1447366096986443,0.14473660968724744,0.14473660967042692,0.14473660968724744,0.1447366096986443,0.14473660970437585,0.1447366096986443,0.1447366096929472,0.1447366096986443,0.14473660970437585,0.1435715307986612,0.14357153079374205,0.14357153078884702,0.14357153079374205,0.1435715307986612,0.14357153079374205,0.14357153078394702,0.14357153076946813,0.14357153078394702,0.14357153079374205,0.14357153078884702,0.14357153076946813,0.14357153071276765,0.14357153076946813,0.14357153078884702,0.14357153079374205,0.14357153078394702,0.14357153076946813,0.14357153078394702,0.14357153079374205,0.1435715307986612,0.14357153079374205,0.14357153078884702,0.14357153079374205,0.1435715307986612,0.14242936452832322,0.14242936452415406,0.14242936451987975,0.14242936452415406,0.14242936452832322,0.14242936452415406,0.1424293645155583,0.142429364502403,0.1424293645155583,0.14242936452415406,0.14242936451987975,0.142429364502403,0.1424293644494427,0.142429364502403,0.14242936451987975,0.14242936452415406,0.1424293645155583,0.142429364502403,0.1424293645155583,0.14242936452415406,0.14242936452832322,0.14242936452415406,0.14242936451987975,0.14242936452415406,0.14242936452832322,0.14130960286986433,0.1413096028668268,0.14130960286341285,0.1413096028668268,0.14130960286986433,0.1413096028668268,0.1413096028598724,0.14130960284809235,0.1413096028598724,0.1413096028668268,0.14130960286341285,0.14130960284809235,0.14130960279677673,0.14130960284809235,0.14130960286341285,0.1413096028668268,0.1413096028598724,0.14130960284809235,0.1413096028598724,0.1413096028668268,0.14130960286986433,0.1413096028668268,0.14130960286341285,0.1413096028668268,0.14130960286986433,0.14021174699463362,0.14021174699403668,0.14021174699269198,0.14021174699403668,0.14021174699463362,0.14021174699403668,0.1402117469911364,0.1402117469835907,0.1402117469911364,0.14021174699403668,0.14021174699269198,0.1402117469835907,0.1402117469405578,0.1402117469835907,0.14021174699269198,0.14021174699403668,0.1402117469911364,0.1402117469835907,0.1402117469911364,0.14021174699403668,0.14021174699463362,0.14021174699403668,0.14021174699269198,0.14021174699403668,0.14021174699463362,0.139135307396028,0.139135307400436,0.13913530740404,0.139135307400436,0.139135307396028,0.139135307400436,0.13913530740746644,0.1391353074140529,0.13913530740746644,0.139135307400436,0.13913530740404,0.1391353074140529,0.13913530742433097,0.1391353074140529,0.13913530740404,0.139135307400436,0.13913530740746644,0.1391353074140529,0.13913530740746644,0.139135307400436,0.139135307396028,0.139135307400436,0.13913530740404,0.139135307400436,0.139135307396028,0.13807980398007505,0.13807980399222625,0.13807980400437467,0.13807980399222625,0.13807980398007505,0.13807980399222625,0.13807980401665937,0.13807980404996692,0.13807980401665937,0.13807980399222625,0.13807980400437467,0.13807980404996692,0.1380798041433268,0.13807980404996692,0.13807980400437467,0.13807980399222625,0.13807980401665937,0.13807980404996692,0.13807980401665937,0.13807980399222625,0.13807980398007505,0.13807980399222625,0.13807980400437467,0.13807980399222625,0.13807980398007505,0.1370447661258537,0.13704476614571803,0.13704476616975858,0.13704476614571803,0.1370447661258537,0.13704476614571803,0.1370447661946775,0.13704476629282525,0.1370447661946775,0.13704476614571787,0.13704476616975858,0.13704476629282525,0.13704476683638186,0.13704476629282525,0.13704476616975858,0.13704476614571803,0.1370447661946775,0.13704476629282525,0.1370447661946775,0.13704476614571787,0.1370447661258537,0.13704476614571787,0.13704476616975858,0.13704476614571787,0.1370447661258537,0.1360297327228938,0.13602973273674143,0.13602973275028596,0.13602973273674143,0.1360297327228938,0.13602973273674143,0.1360297327638694,0.1360297328001116,0.1360297327638694,0.13602973273674143,0.13602973275028596,0.1360297328001116,0.13602973290061018,0.1360297328001116,0.13602973275028596,0.13602973273674143,0.1360297327638694,0.1360297328001116,0.1360297327638694,0.13602973273674143,0.1360297327228938,0.13602973273674143,0.13602973275028596,0.13602973273674143,0.1360297327228938,0.13503425220511478,0.13503425221378293,0.13503425222093535,0.13503425221378293,0.13503425220511478,0.13503425221378293,0.1350342522277214,0.13503425224153162,0.1350342522277214,0.13503425221378293,0.13503425222093535,0.13503425224153162,0.13503425226662988,0.13503425224153162,0.13503425222093535,0.13503425221378293,0.1350342522277214,0.13503425224153162,0.1350342522277214,0.13503425221378293,0.13503425220511478,0.13503425221378293,0.13503425222093535,0.13503425221378293,0.13503425220511478
0.1653324877670244,0.1653324877670244,0.16533248776702414,0.1653324877670244,0.1653324877670244,0.1653324877670244,0.16533248776702414,0.16533248776702414,0.16533248776702414,0.1653324877670244,0.16533248776702414,0.16533248776702414,0.16533248776702414,0.16533248776702414,0.16533248776702414,0.1653324877670244,0.16533248776702414,0.16533248776702414,0.16533248776702414,0.1653324877670244,0.1653324877670244,0.1653324877670244,0.16533248776702414,0.1653324877670244,0.1653324877670244,0.16375749404860654,0.16375749404860654,0.16375749404860632,0.16375749404860654,0.16375749404860654,0.16375749404860654,0.16375749404860632,0.16375749404860632,0.16375749404860632,0.16375749404860654,0.16375749404860632,0.16375749404860632,0.16375749404860632,0.16375749404860632,0.16375749404860632,0.16375749404860654,0.16375749404860632,0.16375749404860632,0.16375749404860632,0.16375749404860654,0.16375749404860654,0.16375749404860654,0.16375749404860632,0.16375749404860654,0.16375749404860654,0.16221388426208827,0.16221388426208802,0.16221388426208783,0.16221388426208802,0.16221388426208827,0.16221388426208802,0.1622138842620876,0.16221388426208738,0.1622138842620876,0.16221388426208802,0.16221388426208783,0.16221388426208738,0.16221388426208713,0.16221388426208738,0.16221388426208783,0.16221388426208802,0.1622138842620876,0.16221388426208738,0.1622138842620876,0.16221388426208802,0.16221388426208827,0.16221388426208802,0.16221388426208783,0.16221388426208802,0.16221388426208827,0.1607010673645105,0.1607010673645094,0.16070106736450873,0.1607010673645094,0.1607010673645105,0.1607010673645094,0.1607010673645085,0.16070106736450784,0.1607010673645085,0.1607010673645094,0.16070106736450873,0.16070106736450784,0.16070106736450718,0.16070106736450784,0.16070106736450873,0.1607010673645094,0.1607010673645085,0.16070106736450784,0.1607010673645085,0.1607010673645094,0.1607010673645105,0.1607010673645094,0.16070106736450873,0.1607010673645094,0.1607010673645105,0.15921845173085272,0.15921845173084945,0.15921845173084773,0.15921845173084945,0.15921845173085272,0.15921845173084945,0.1592184517308462,0.15921845173084423,0.1592184517308462,0.15921845173084945,0.15921845173084773,0.15921845173084423,0.15921845173084206,0.15921845173084423,0.15921845173084773,0.15921845173084945,0.1592184517308462,0.15921845173084423,0.1592184517308462,0.15921845173084945,0.15921845173085272,0.15921845173084945,0.15921845173084773,0.15921845173084945,0.15921845173085272,0.15776544650588606,0.15776544650587668,0.1577654465058707,0.15776544650587668,0.15776544650588606,0.15776544650587668,0.1577654465058664,0.15776544650585983,0.1577654465058664,0.15776544650587668,0.1577654465058707,0.15776544650585983,0.15776544650585275,0.15776544650585983,0.1577654465058707,0.15776544650587668,0.1577654465058664,0.15776544650585983,0.1577654465058664,0.15776544650587668,0.15776544650588606,0.15776544650587668,0.1577654465058707,0.15776544650587668,0.15776544650588606,0.1563414628185025,0.15634146281847427,0.1563414628184561,0.15634146281847427,0.1563414628185025,0.15634146281847427,0.1563414628184423,0.15634146281842115,0.1563414628184423,0.15634146281847427,0.1563414628184561,0.15634146281842115,0.15634146281839756,0.15634146281842115,0.1563414628184561,0.15634146281847427,0.1563414628184423,0.15634146281842115,0.1563414628184423,0.15634146281847427,0.1563414628185025,0.15634146281847427,0.1563414628184561,0.15634146281847427,0.1563414628185025,0.15494591486879206,0.15494591486870885,0.15494591486865353,0.15494591486870885,0.15494591486879206,0.15494591486870885,0.15494591486860967,0.1549459148685404,0.15494591486860967,0.15494591486870885,0.15494591486865353,0.1549459148685404,0.15494591486846007,0.1549459148685404,0.15494591486865353,0.15494591486870885,0.15494591486860967,0.1549459148685404,0.15494591486860967,0.15494591486870885,0.15494591486879206,0.15494591486870885,0.15494591486865353,0.15494591486870885,0.15494591486879206,0.1535782208975966,0.1535782208973596,0.15357822089719508,0.1535782208973596,0.1535782208975966,0.1535782208973596,0.15357822089705592,0.15357822089683015,0.15357822089705592,0.1535782208973596,0.15357822089719508,0.15357822089683015,0.15357822089654555,0.15357822089683015,0.15357822089719508,0.1535782208973596,0.15357822089705592,0.15357822089683015,0.15357822089705592,0.1535782208973596,0.1535782208975966,0.1535782208973596,0.15357822089719508,0.1535782208973596,0.1535782208975966,0.15223780404774384,0.1522378040470992,0.15223780404662107,0.1522378040470992,0.15223780404774384,0.1522378040470992,0.1522378040461931,0.152237804045442,0.1522378040461931,0.1522378040470992,0.15223780404662107,0.152237804045442,0.15223780404435486,0.152237804045442,0.15223780404662107,0.1522378040470992,0.1522378040461931,0.152237804045442,0.1522378040461931,0.1522378040470992,0.15223780404774384,0.1522378040470992,0.15223780404662107,0.1522378040470992,0.15223780404774384,0.15092409312567803,0.15092409312404959,0.1509240931227171,0.15092409312404959,0.15092409312567803,0.15092409312404959,0.15092409312146157,0.15092409311891677,0.15092409312146157,0.15092409312404959,0.1509240931227171,0.15092409311891677,0.1509240931143143,0.15092409311891677,0.1509240931227171,0.15092409312404959,0.15092409312146157,0.15092409311891677,0.15092409312146157,0.15092409312404959,0.15092409312567803,0.15092409312404959,0.1509240931227171,0.15092409312404959,0.15092409312567803,0.14963652327172178,0.14963652326809496,0.14963652326469712,0.14963652326809496,0.14963652327172178,0.14963652326809496,0.1496365232613394,0.14963652325285443,0.1496365232613394,0.14963652326809496,0.14963652326469712,0.14963652325285443,0.14963652323083942,0.14963652325285443,0.14963652326469712,0.14963652326809496,0.1496365232613394,0.14963652325285443,0.1496365232613394,0.14963652326809496,0.14963652327172178,0.14963652326809496,0.14963652326469712,0.14963652326809496,0.14963652327172178,0.14837453654643257,0.14837453654002294,0.1483745365329958,0.14837453654002294,0.14837453654643257,0.14837453654002294,0.14837453652582888,0.14837453650109605,0.14837453652582888,0.14837453654002294,0.1483745365329958,0.14837453650109605,0.14837453638172637,0.14837453650109605,0.1483745365329958,0.14837453654002294,0.14837453652582888,0.14837453650109605,0.14837453652582888,0.14837453654002294,0.14837453654643257,0.14837453654002294,0.1483745365329958,0.14837453654002294,0.14837453654643257,0.14713758243848987,0.14713758243131478,0.14713758242374098,0.14713758243131478,0.14713758243848987,0.14713758243131478,0.1471375824160507,0.147137582391539,0.1471375824160507,0.14713758243131478,0.14713758242374098,0.147137582391539,0.1471375822879663,0.147137582391539,0.14713758242374098,0.14713758243131478,0.1471375824160507,0.147137582391539,0.1471375824160507,0.14713758243131478,0.14713758243848987,0.14713758243131478,0.14713758242374098,0.14713758243131478,0.14713758243848987,0.14592511829674915,0.14592511829015045,0.14592511828345703,0.14592511829015045,0.14592511829674915,0.14592511829015045,0.1459251182767207,0.14592511825639162,0.1459251182767207,0.14592511829015045,0.14592511828345703,0.14592511825639162,0.14592511817542622,0.14592511825639162,0.14592511828345703,0.14592511829015045,0.1459251182767207,0.14592511825639162,0.1459251182767207,0.14592511829015045,0.14592511829674915,0.14592511829015045,0.14592511828345703,0.14592511829015045,0.14592511829674915,0.1447366097050332,0.1447366096993523,0.14473660969370544,0.1447366096993523,0.1447366097050332,0.1447366096993523,0.1447366096880563,0.14473660967138502,0.1447366096880563,0.1447366096993523,0.14473660969370544,0.14473660967138502,0.14473660960623083,0.14473660967138502,0.14473660969370544,0.1447366096993523,0.1447366096880563,0.14473660967138502,0.1447366096880563,0.1447366096993523,0.1447366097050332,0.1447366096993523,0.14473660969370544,0.1447366096993523,0.1447366097050332,0.1435715307989336,0.14357153079407553,0.14357153078924229,0.14357153079407553,0.1435715307989336,0.14357153079407553,0.1435715307844046,0.14357153077011478,0.1435715307844046,0.14357153079407553,0.14357153078924229,0.14357153077011478,0.14357153071419917,0.14357153077011478,0.14357153078924229,0.14357153079407553,0.1435715307844046,0.14357153077011478,0.1435715307844046,0.14357153079407553,0.1435715307989336,0.14357153079407553,0.14357153078924229,0.14357153079407553,0.1435715307989336,0.1424293645280798,0.14242936452397878,0.14242936451977556,0.14242936452397878,0.1424293645280798,0.14242936452397878,0.1424293645155264,0.14242936450259694,0.1424293645155264,0.14242936452397878,0.14242936451977556,0.14242936450259694,0.1424293644505824,0.14242936450259694,0.14242936451977556,0.14242936452397878,0.1424293645155264,0.14242936450259694,0.1424293645155264,0.14242936452397878,0.1424293645280798,0.14242936452397878,0.14242936451977556,0.14242936452397878,0.1424293645280798,0.1413096028689578,0.1413096028659846,0.14130960286264166,0.1413096028659846,0.1413096028689578,0.1413096028659846,0.14130960285917424,0.14130960284763547,0.14130960285917424,0.1413096028659846,0.14130960286264166,0.14130960284763547,0.1413096027973925,0.14130960284763547,0.14130960286264166,0.1413096028659846,0.14130960285917424,0.14130960284763547,0.14130960285917424,0.1413096028659846,0.1413096028689578,0.1413096028659846,0.14130960286264166,0.1413096028659846,0.1413096028689578,0.14021174699292163,0.1402117469923632,0.14021174699106706,0.1402117469923632,0.14021174699292163,0.1402117469923632,0.14021174698956274,0.14021174698221184,0.14021174698956274,0.1402117469923632,0.14021174699106706,0.14021174698221184,0.14021174694016886,0.14021174698221184,0.14021174699106706,0.1402117469923632,0.14021174698956274,0.14021174698221184,0.14021174698956274,0.1402117469923632,0.14021174699292163,0.1402117469923632,0.14021174699106706,0.1402117469923632,0.14021174699292163,0.13913530739341962,0.1391353073978066,0.1391353074013956,0.1391353073978066,0.13913530739341962,0.1391353073978066,0.13913530740480842,0.13913530741137828,0.13913530740480842,0.1391353073978066,0.1391353074013956,0.13913530741137828,0.13913530742167216,0.13913530741137828,0.1391353074013956,0.1391353073978066,0.13913530740480842,0.13913530741137828,0.13913530740480842,0.1391353073978066,0.13913530739341962,0.1391353073978066,0.1391353074013956,0.1391353073978066,0.13913530739341962,0.13807980397660088,0.138079803988651,0.1380798040006966,0.138079803988651,0.13807980397660088,0.138079803988651,0.13807980401287698,0.13807980404589693,0.13807980401287698,0.138079803988651,0.1380798040006966,0.13807980404589693,0.13807980413843773,0.13807980404589693,0.1380798040006966,0.138079803988651,0.13807980401287698,0.13807980404589693,0.13807980401287698,0.138079803988651,0.13807980397660088,0.138079803988651,0.1380798040006966,0.138079803988651,0.13807980397660088,0.13704476612170968,0.13704476614139827,0.1370447661652246,0.13704476614139827,0.13704476612170968,0.13704476614139827,0.13704476618992092,0.13704476628718779,0.13704476618992092,0.13704476614139827,0.1370447661652246,0.13704476628718779,0.1370447668258622,0.13704476628718779,0.1370447661652246,0.13704476614139827,0.13704476618992092,0.13704476628718779,0.13704476618992092,0.13704476614139827,0.13704476612170968,0.13704476614139827,0.1370447661652246,0.13704476614139827,0.13704476612170968,0.13602973271843194,0.13602973273215613,0.13602973274557942,0.13602973273215613,0.13602973271843194,0.13602973273215613,0.136029732759041,0.13602973279495792,0.136029732759041,0.13602973273215613,0.13602973274557942,0.13602973279495792,0.13602973289455186,0.13602973279495792,0.13602973274557942,0.13602973273215613,0.136029732759041,0.13602973279495792,0.136029732759041,0.13602973273215613,0.13602973271843194,0.13602973273215613,0.13602973274557942,0.13602973273215613,0.13602973271843194,0.13503425220058357,0.13503425220917406,0.13503425221626242,0.13503425220917406,0.13503425220058357,0.13503425220917406,0.13503425222298765,0.13503425223667373,0.13503425222298765,0.13503425220917406,0.13503425221626242,0.13503425223667373,0.13503425226154633,0.13503425223667373,0.13503425221626242,0.13503425220917406,0.13503425222298765,0.13503425223667373,0.13503425222298765,0.13503425220917406,0.13503425220058357,0.13503425220917406,0.13503425221626242,0.13503425220917406,0.13503425220058357
0.16533248776870602,0.16533248776870602,0.16533248776870602,0.16533248776870602,0.16533248776870602,0.16533248776870602,0.16533248776870602,0.16533248776870602,0.16533248776870602,0.16533248776870602,0.16533248776870602,0.16533248776870602,0.16533248776870602,0.16533248776870602,0.16533248776870602,0.16533248776870602,0.16533248776870602,0.16533248776870602,0.16533248776870602,0.16533248776870602,0.16533248776870602,0.16533248776870602,0.16533248776870602,0.16533248776870602,0.16533248776870602,0.1637574940502547,0.1637574940502547,0.1637574940502547,0.1637574940502547,0.1637574940502547,0.1637574940502547,0.1637574940502545,0.1637574940502545,0.1637574940502545,0.1637574940502547,0.1637574940502547,0.1637574940502545,0.1637574940502545,0.1637574940502545,0.1637574940502547,0.1637574940502547,0.1637574940502545,0.1637574940502545,0.1637574940502545,0.1637574940502547,0.1637574940502547,0.1637574940502547,0.1637574940502547,0.1637574940502547,0.1637574940502547,0.16221388426370356,0.16221388426370312,0.1622138842637029,0.16221388426370312,0.16221388426370356,0.16221388426370312,0.1622138842637029,0.16221388426370267,0.1622138842637029,0.16221388426370312,0.1622138842637029,0.16221388426370267,0.16221388426370242,0.16221388426370267,0.1622138842637029,0.16221388426370312,0.1622138842637029,0.16221388426370267,0.1622138842637029,0.16221388426370312,0.16221388426370356,0.16221388426370312,0.1622138842637029,0.16221388426370312,0.16221388426370356,0.16070106736609335,0.16070106736609224,0.16070106736609158,0.16070106736609224,0.16070106736609335,0.16070106736609224,0.16070106736609135,0.16070106736609066,0.16070106736609135,0.16070106736609224,0.16070106736609158,0.16070106736609066,0.16070106736609002,0.16070106736609066,0.16070106736609158,0.16070106736609224,0.16070106736609135,0.16070106736609066,0.16070106736609135,0.16070106736609224,0.16070106736609335,0.16070106736609224,0.16070106736609158,0.16070106736609224,0.16070106736609335,0.15921845173240373,0.15921845173240046,0.15921845173239874,0.15921845173240046,0.15921845173240373,0.15921845173240046,0.15921845173239724,0.15921845173239524,0.15921845173239724,0.15921845173240046,0.15921845173239874,0.15921845173239524,0.1592184517323931,0.15921845173239524,0.15921845173239874,0.15921845173240046,0.15921845173239724,0.15921845173239524,0.15921845173239724,0.15921845173240046,0.15921845173240373,0.15921845173240046,0.15921845173239874,0.15921845173240046,0.15921845173240373,0.15776544650740584,0.1577654465073965,0.15776544650739052,0.1577654465073965,0.15776544650740584,0.1577654465073965,0.15776544650738625,0.15776544650737964,0.15776544650738625,0.1577654465073965,0.15776544650739052,0.15776544650737964,0.1577654465073726,0.15776544650737964,0.15776544650739052,0.1577654465073965,0.15776544650738625,0.15776544650737964,0.15776544650738625,0.1577654465073965,0.15776544650740584,0.1577654465073965,0.15776544650739052,0.1577654465073965,0.15776544650740584,0.15634146281999156,0.15634146281996333,0.15634146281994513,0.15634146281996333,0.15634146281999156,0.15634146281996333,0.15634146281993155,0.15634146281991043,0.15634146281993155,0.15634146281996333,0.15634146281994513,0.15634146281991043,0.1563414628198868,0.15634146281991043,0.15634146281994513,0.15634146281996333,0.15634146281993155,0.15634146281991043,0.15634146281993155,0.15634146281996333,0.15634146281999156,0.15634146281996333,0.15634146281994513,0.15634146281996333,0.15634146281999156,0.15494591487025056,0.15494591487016776,0.15494591487011264,0.15494591487016776,0.15494591487025056,0.15494591487016776,0.15494591487006878,0.15494591486999973,0.15494591487006878,0.15494591487016776,0.15494591487011264,0.15494591486999973,0.1549459148699196,0.15494591486999973,0.15494591487011264,0.15494591487016776,0.15494591487006878,0.15494591486999973,0.15494591487006878,0.15494591487016776,0.15494591487025056,0.15494591487016776,0.15494591487011264,0.15494591487016776,0.15494591487025056,0.15357822089902456,0.1535782208987886,0.1535782208986245,0.1535782208987886,0.15357822089902456,0.1535782208987886,0.15357822089848572,0.15357822089826076,0.15357822089848572,0.1535782208987886,0.1535782208986245,0.15357822089826076,0.15357822089797718,0.15357822089826076,0.1535782208986245,0.1535782208987886,0.15357822089848572,0.15357822089826076,0.15357822089848572,0.1535782208987886,0.15357822089902456,0.1535782208987886,0.1535782208986245,0.1535782208987886,0.15357822089902456,0.15223780404914058,0.1522378040484981,0.15223780404802137,0.1522378040484981,0.15223780404914058,0.1522378040484981,0.152237804047595,0.15223780404684603,0.152237804047595,0.1522378040484981,0.15223780404802137,0.15223780404684603,0.15223780404576243,0.15223780404684603,0.15223780404802137,0.1522378040484981,0.152237804047595,0.15223780404684603,0.152237804047595,0.1522378040484981,0.15223780404914058,0.1522378040484981,0.15223780404802137,0.1522378040484981,0.15223780404914058,0.15092409312703928,0.15092409312541624,0.15092409312408817,0.15092409312541624,0.15092409312703928,0.15092409312541624,0.15092409312283672,0.1509240931203,0.15092409312283672,0.15092409312541624,0.15092409312408817,0.1509240931203,0.15092409311571198,0.1509240931203,0.15092409312408817,0.15092409312541624,0.15092409312283672,0.1509240931203,0.15092409312283672,0.15092409312541624,0.15092409312703928,0.15092409312541624,0.15092409312408817,0.15092409312541624,0.15092409312703928,0.14963652327303667,0.14963652326942253,0.14963652326603602,0.14963652326942253,0.14963652327303667,0.14963652326942253,0.14963652326268945,0.14963652325423174,0.14963652326268945,0.14963652326942253,0.14963652326603602,0.14963652325423174,0.1496365232322844,0.14963652325423174,0.14963652326603602,0.14963652326942253,0.14963652326268945,0.14963652325423174,0.14963652326268945,0.14963652326942253,0.14963652327303667,0.14963652326942253,0.14963652326603602,0.14963652326942253,0.14963652327303667,0.1483745365476752,0.1483745365412895,0.14837453653428698,0.1483745365412895,0.1483745365476752,0.1483745365412895,0.1483745365271451,0.14837453650249233,0.1483745365271451,0.1483745365412895,0.14837453653428698,0.14837453650249233,0.14837453638349962,0.14837453650249233,0.14837453653428698,0.1483745365412895,0.1483745365271451,0.14837453650249233,0.1483745365271451,0.1483745365412895,0.1483745365476752,0.1483745365412895,0.14837453653428698,0.1483745365412895,0.1483745365476752,0.14713758243961053,0.14713758243246797,0.14713758242492722,0.14713758243246797,0.14713758243961053,0.14713758243246797,0.14713758241726962,0.14713758239285726,0.14713758241726962,0.14713758243246797,0.14713758242492722,0.14713758239285726,0.14713758228967516,0.14713758239285726,0.14713758242492722,0.14713758243246797,0.14713758241726962,0.14713758239285726,0.14713758241726962,0.14713758243246797,0.14713758243961053,0.14713758243246797,0.14713758242492722,0.14713758243246797,0.14713758243961053,0.1459251182976795,0.1459251182911216,0.14592511828446858,0.1459251182911216,0.1459251182976795,0.1459251182911216,0.1459251182777727,0.14592511825756221,0.1459251182777727,0.1459251182911216,0.14592511828446858,0.14592511825756221,0.14592511817704393,0.14592511825756221,0.14592511828446858,0.1459251182911216,0.1459251182777727,0.14592511825756221,0.1459251182777727,0.1459251182911216,0.1459251182976795,0.1459251182911216,0.14592511828446858,0.1459251182911216,0.1459251182976795,0.14473660970568705,0.14473660970005642,0.14473660969445984,0.14473660970005642,0.14473660970568705,0.14473660970005642,0.14473660968886082,0.1447366096723386,0.14473660968886082,0.14473660970005642,0.14473660969445984,0.1447366096723386,0.14473660960776982,0.1447366096723386,0.14473660969445984,0.14473660970005642,0.14473660968886082,0.1447366096723386,0.14473660968886082,0.14473660970005642,0.14473660970568705,0.14473660970005642,0.14473660969445984,0.14473660970005642,0.14473660970568705,0.14357153079920362,0.14357153079440596,0.1435715307896343,0.14357153079440596,0.14357153079920362,0.14357153079440596,0.14357153078485874,0.14357153077075696,0.14357153078485874,0.14357153079440596,0.1435715307896343,0.14357153077075696,0.1435715307155915,0.14357153077075696,0.1435715307896343,0.14357153079440596,0.14357153078485874,0.14357153077075696,0.14357153078485874,0.14357153079440596,0.14357153079920362,0.14357153079440596,0.1435715307896343,0.14357153079440596,0.14357153079920362,0.14242936452783572,0.14242936452380212,0.14242936451966956,0.14242936452380212,0.14242936452783572,0.14242936452380212,0.14242936451549235,0.14242936450278734,0.14242936451549235,0.14242936452380212,0.14242936451966956,0.14242936450278734,0.14242936445169913,0.14242936450278734,0.14242936451966956,0.14242936452380212,0.14242936451549235,0.14242936450278734,0.14242936451549235,0.14242936452380212,0.14242936452783572,0.14242936452380212,0.14242936451966956,0.14242936452380212,0.14242936452783572,0.14130960286805308,0.14130960286514385,0.1413096028618713,0.14130960286514385,0.14130960286805308,0.14130960286514385,0.1413096028584764,0.1413096028471766,0.1413096028584764,0.14130960286514385,0.1413096028618713,0.1413096028471766,0.14130960279798307,0.1413096028471766,0.1413096028618713,0.14130960286514385,0.1413096028584764,0.1413096028471766,0.1413096028584764,0.14130960286514385,0.14130960286805308,0.14130960286514385,0.1413096028618713,0.14130960286514385,0.14130960286805308,0.14021174699121525,0.14021174699069505,0.14021174698944694,0.14021174699069505,0.14021174699121525,0.14021174699069505,0.14021174698799324,0.14021174698083538,0.14021174698799324,0.14021174699069505,0.14021174698944694,0.14021174698083538,0.14021174693977023,0.14021174698083538,0.14021174698944694,0.14021174699069505,0.14021174698799324,0.14021174698083538,0.14021174698799324,0.14021174699069505,0.14021174699121525,0.14021174699069505,0.14021174698944694,0.14021174699069505,0.14021174699121525,0.1391353073908215,0.13913530739518765,0.13913530739876143,0.13913530739518765,0.1391353073908215,0.13913530739518765,0.13913530740216054,0.1391353074087138,0.13913530740216054,0.13913530739518765,0.13913530739876143,0.1391353074087138,0.13913530741902252,0.1391353074087138,0.13913530739876143,0.13913530739518765,0.13913530740216054,0.1391353074087138,0.13913530740216054,0.13913530739518765,0.1391353073908215,0.13913530739518765,0.13913530739876143,0.13913530739518765,0.1391353073908215,0.13807980397314173,0.1380798039850911,0.1380798039970347,0.1380798039850911,0.13807980397314173,0.1380798039850911,0.13807980400911118,0.13807980404184506,0.13807980400911118,0.1380798039850911,0.1380798039970347,0.13807980404184506,0.138079804133571,0.13807980404184506,0.1380798039970347,0.1380798039850911,0.13807980400911118,0.13807980404184506,0.13807980400911118,0.1380798039850911,0.13807980397314173,0.1380798039850911,0.1380798039970347,0.1380798039850911,0.13807980397314173,0.13704476611758454,0.13704476613709826,0.13704476616071146,0.13704476613709826,0.13704476611758454,0.13704476613709826,0.13704476618518655,0.1370447662815772,0.13704476618518655,0.1370447661370981,0.13704476616071146,0.1370447662815772,0.1370447668153847,0.1370447662815772,0.13704476616071146,0.13704476613709826,0.13704476618518655,0.1370447662815772,0.13704476618518655,0.13704476613709826,0.13704476611758454,0.1370447661370981,0.13704476616071146,0.13704476613709826,0.13704476611758454,0.13602973271399063,0.13602973272759197,0.1360297327408948,0.13602973272759197,0.13602973271399063,0.13602973272759197,0.13602973275423533,0.13602973278982833,0.1360297327542352,0.13602973272759197,0.1360297327408948,0.13602973278982833,0.13602973288852288,0.13602973278982833,0.1360297327408948,0.13602973272759197,0.1360297327542352,0.13602973278982833,0.13602973275423533,0.13602973272759197,0.13602973271399063,0.13602973272759197,0.1360297327408948,0.13602973272759197,0.13602973271399063,0.13503425219607323,0.1350342522045867,0.13503425221161128,0.1350342522045867,0.13503425219607323,0.1350342522045867,0.13503425221827584,0.1350342522318386,0.13503425221827584,0.1350342522045867,0.13503425221161128,0.1350342522318386,0.13503425225648674,0.1350342522318386,0.13503425221161128,0.1350342522045867,0.13503425221827584,0.1350342522318386,0.13503425221827584,0.1350342522045867,0.13503425219607323,0.1350342522045867,0.13503425221161128,0.1350342522045867,0.13503425219607323
0.1653324877703813,0.16533248777038106,0.16533248777038106,0.16533248777038106,0.1653324877703813,0.16533248777038106,0.16533248777038106,0.16533248777038106,0.16533248777038106,0.16533248777038106,0.16533248777038106,0.16533248777038106,0.16533248777038106,0.16533248777038106,0.16533248777038106,0.16533248777038106,0.16533248777038106,0.16533248777038106,0.16533248777038106,0.16533248777038106,0.1653324877703813,0.16533248777038106,0.16533248777038106,0.16533248777038106,0.1653324877703813,0.1637574940518964,0.1637574940518964,0.1637574940518964,0.1637574940518964,0.1637574940518964,0.1637574940518964,0.1637574940518964,0.16375749405189619,0.1637574940518964,0.1637574940518964,0.1637574940518964,0.16375749405189619,0.16375749405189619,0.16375749405189619,0.1637574940518964,0.1637574940518964,0.1637574940518964,0.16375749405189619,0.1637574940518964,0.1637574940518964,0.1637574940518964,0.1637574940518964,0.1637574940518964,0.1637574940518964,0.1637574940518964,0.1622138842653123,0.16221388426531205,0.16221388426531186,0.16221388426531205,0.1622138842653123,0.16221388426531205,0.16221388426531164,0.16221388426531164,0.16221388426531164,0.16221388426531205,0.16221388426531186,0.16221388426531164,0.1622138842653114,0.16221388426531164,0.16221388426531186,0.16221388426531205,0.16221388426531164,0.16221388426531164,0.16221388426531164,0.16221388426531205,0.1622138842653123,0.16221388426531205,0.16221388426531186,0.16221388426531205,0.1622138842653123,0.16070106736766973,0.16070106736766884,0.1607010673676682,0.16070106736766884,0.16070106736766973,0.16070106736766884,0.16070106736766776,0.16070106736766707,0.16070106736766776,0.16070106736766884,0.1607010673676682,0.16070106736766707,0.1607010673676664,0.16070106736766707,0.1607010673676682,0.16070106736766884,0.16070106736766776,0.16070106736766707,0.16070106736766776,0.16070106736766884,0.16070106736766973,0.16070106736766884,0.1607010673676682,0.16070106736766884,0.16070106736766973,0.15921845173394844,0.1592184517339454,0.15921845173394344,0.1592184517339454,0.15921845173394844,0.1592184517339454,0.15921845173394214,0.15921845173394017,0.15921845173394214,0.1592184517339454,0.15921845173394344,0.15921845173394017,0.159218451733938,0.15921845173394017,0.15921845173394344,0.1592184517339454,0.15921845173394214,0.15921845173394017,0.15921845173394214,0.1592184517339454,0.15921845173394844,0.1592184517339454,0.15921845173394344,0.1592184517339454,0.15921845173394844,0.1577654465089195,0.1577654465089101,0.15776544650890414,0.1577654465089101,0.1577654465089195,0.1577654465089101,0.1577654465088999,0.1577654465088935,0.1577654465088999,0.1577654465089101,0.15776544650890414,0.1577654465088935,0.15776544650888646,0.1577654465088935,0.15776544650890414,0.1577654465089101,0.1577654465088999,0.1577654465088935,0.1577654465088999,0.1577654465089101,0.1577654465089195,0.1577654465089101,0.15776544650890414,0.1577654465089101,0.1577654465089195,0.15634146282147454,0.15634146282144654,0.15634146282142833,0.15634146282144654,0.15634146282147454,0.15634146282144654,0.15634146282141476,0.15634146282139363,0.15634146282141476,0.15634146282144654,0.15634146282142833,0.15634146282139363,0.15634146282137018,0.15634146282139363,0.15634146282142833,0.15634146282144654,0.15634146282141476,0.15634146282139363,0.15634146282141476,0.15634146282144654,0.15634146282147454,0.15634146282144654,0.15634146282142833,0.15634146282144654,0.15634146282147454,0.1549459148717033,0.15494591487162074,0.15494591487156584,0.15494591487162074,0.1549459148717033,0.15494591487162074,0.15494591487152215,0.1549459148714533,0.15494591487152215,0.15494591487162074,0.15494591487156584,0.1549459148714533,0.15494591487137338,0.1549459148714533,0.15494591487156584,0.15494591487162074,0.15494591487152215,0.1549459148714533,0.15494591487152215,0.15494591487162074,0.1549459148717033,0.15494591487162074,0.15494591487156584,0.15494591487162074,0.1549459148717033,0.15357822090044715,0.15357822090021173,0.15357822090004827,0.15357822090021173,0.15357822090044715,0.15357822090021173,0.15357822089990988,0.15357822089968573,0.15357822089990988,0.15357822090021173,0.15357822090004827,0.15357822089968573,0.15357822089940296,0.15357822089968573,0.15357822090004827,0.15357822090021173,0.15357822089990988,0.15357822089968573,0.15357822089990988,0.15357822090021173,0.15357822090044715,0.15357822090021173,0.15357822090004827,0.15357822090021173,0.15357822090044715,0.15223780405053147,0.15223780404989115,0.15223780404941617,0.15223780404989115,0.15223780405053147,0.15223780404989115,0.152237804048991,0.15223780404824458,0.152237804048991,0.15223780404989115,0.15223780404941617,0.15223780404824458,0.15223780404716433,0.15223780404824458,0.15223780404941617,0.15223780404989115,0.152237804048991,0.15223780404824458,0.152237804048991,0.15223780404989115,0.15223780405053147,0.15223780404989115,0.15223780404941617,0.15223780404989115,0.15223780405053147,0.15092409312839494,0.1509240931267775,0.15092409312545385,0.1509240931267775,0.15092409312839494,0.1509240931267775,0.15092409312420646,0.15092409312167782,0.15092409312420646,0.1509240931267775,0.15092409312545385,0.15092409312167782,0.15092409311710428,0.15092409312167782,0.15092409312545385,0.1509240931267775,0.15092409312420646,0.15092409312167782,0.15092409312420646,0.1509240931267775,0.15092409312839494,0.1509240931267775,0.15092409312545385,0.1509240931267775,0.15092409312839494,0.1496365232743461,0.14963652327074442,0.14963652326736945,0.14963652327074442,0.1496365232743461,0.14963652327074442,0.14963652326403404,0.14963652325560334,0.14963652326403404,0.14963652327074442,0.14963652326736945,0.14963652325560334,0.1496365232337237,0.14963652325560334,0.14963652326736945,0.14963652327074442,0.14963652326403404,0.14963652325560334,0.14963652326403404,0.14963652327074442,0.1496365232743461,0.14963652327074442,0.14963652326736945,0.14963652327074442,0.1496365232743461,0.14837453654891247,0.14837453654255064,0.14837453653557278,0.14837453654255064,0.14837453654891247,0.14837453654255064,0.14837453652845575,0.14837453650388305,0.14837453652845575,0.14837453654255064,0.14837453653557278,0.14837453650388305,0.14837453638523673,0.14837453650388305,0.14837453653557278,0.14837453654255064,0.14837453652845575,0.14837453650388305,0.14837453652845575,0.14837453654255064,0.14837453654891247,0.14837453654255064,0.14837453653557278,0.14837453654255064,0.14837453654891247,0.14713758244072628,0.14713758243361622,0.14713758242610814,0.14713758243361622,0.14713758244072628,0.14713758243361622,0.14713758241848346,0.1471375823941703,0.14713758241848346,0.14713758243361622,0.14713758242610814,0.1471375823941703,0.14713758229138382,0.1471375823941703,0.14713758242610814,0.14713758243361622,0.14713758241848346,0.1471375823941703,0.14713758241848346,0.14713758243361622,0.14713758244072628,0.14713758243361622,0.14713758242610814,0.14713758243361622,0.14713758244072628,0.14592511829860547,0.14592511829208815,0.14592511828547539,0.14592511829208815,0.14592511829860547,0.14592511829208815,0.14592511827881968,0.14592511825872764,0.14592511827881968,0.14592511829208815,0.14592511828547539,0.14592511825872764,0.1459251181786586,0.14592511825872764,0.14592511828547539,0.14592511829208815,0.14592511827881968,0.14592511825872764,0.14592511827881968,0.14592511829208815,0.14592511829860547,0.14592511829208815,0.14592511828547539,0.14592511829208815,0.14592511829860547,0.14473660970633706,0.14473660970075672,0.14473660969521004,0.14473660970075672,0.14473660970633706,0.14473660970075672,0.14473660968966093,0.14473660967328714,0.14473660968966093,0.14473660970075672,0.14473660969521004,0.14473660967328714,0.14473660960933904,0.14473660967328714,0.14473660969521004,0.14473660970075672,0.14473660968966093,0.14473660967328714,0.14473660968966093,0.14473660970075672,0.14473660970633706,0.14473660970075672,0.14473660969521004,0.14473660970075672,0.14473660970633706,0.1435715307994709,0.14357153079473348,0.14357153079002324,0.14357153079473348,0.1435715307994709,0.14357153079473348,0.14357153078530926,0.14357153077139484,0.14357153078530926,0.14357153079473348,0.14357153079002324,0.14357153077139484,0.14357153071695838,0.14357153077139484,0.14357153079002324,0.14357153079473348,0.14357153078530926,0.14357153077139484,0.14357153078530926,0.14357153079473348,0.1435715307994709,0.14357153079473348,0.14357153079002324,0.14357153079473348,0.1435715307994709,0.14242936452759064,0.1424293645236243,0.14242936451956204,0.1424293645236243,0.14242936452759064,0.1424293645236243,0.14242936451545612,0.14242936450297386,0.14242936451545612,0.1424293645236243,0.14242936451956204,0.14242936450297386,0.14242936445281165,0.14242936450297386,0.14242936451956204,0.1424293645236243,0.14242936451545612,0.14242936450297386,0.14242936451545612,0.1424293645236243,0.14242936452759064,0.1424293645236243,0.14242936451956204,0.1424293645236243,0.14242936452759064,0.14130960286715016,0.14130960286430444,0.14130960286110178,0.14130960286430444,0.14130960286715016,0.14130960286430444,0.14130960285777858,0.1413096028467161,0.14130960285777858,0.14130960286430444,0.14130960286110178,0.1413096028467161,0.14130960279851942,0.1413096028467161,0.14130960286110178,0.14130960286430444,0.14130960285777858,0.1413096028467161,0.14130960285777858,0.14130960286430444,0.14130960286715016,0.14130960286430444,0.14130960286110178,0.14130960286430444,0.14130960286715016,0.1402117469895145,0.1402117469890322,0.14021174698783154,0.1402117469890322,0.1402117469895145,0.1402117469890322,0.14021174698642797,0.14021174697946134,0.14021174698642797,0.1402117469890322,0.14021174698783154,0.14021174697946134,0.14021174693936728,0.14021174697946134,0.14021174698783154,0.1402117469890322,0.14021174698642797,0.14021174697946134,0.14021174698642797,0.1402117469890322,0.1402117469895145,0.1402117469890322,0.14021174698783154,0.1402117469890322,0.1402117469895145,0.1391353073882337,0.1391353073925788,0.13913530739613758,0.1391353073925788,0.1391353073882337,0.1391353073925788,0.13913530739952307,0.13913530740605926,0.13913530739952307,0.1391353073925788,0.13913530739613758,0.13913530740605926,0.13913530741638222,0.13913530740605926,0.13913530739613758,0.1391353073925788,0.13913530739952307,0.13913530740605926,0.13913530739952307,0.1391353073925788,0.1391353073882337,0.1391353073925788,0.13913530739613758,0.1391353073925788,0.1391353073882337,0.1380798039696975,0.13807980398154684,0.13807980399338876,0.13807980398154684,0.1380798039696975,0.13807980398154684,0.138079804005362,0.13807980403781137,0.138079804005362,0.13807980398154684,0.13807980399338876,0.13807980403781137,0.13807980412872686,0.13807980403781137,0.13807980399338876,0.13807980398154684,0.138079804005362,0.13807980403781137,0.138079804005362,0.13807980398154684,0.1380798039696975,0.13807980398154684,0.13807980399338876,0.13807980398154684,0.1380798039696975,0.1370447661134779,0.13704476613281788,0.13704476615621913,0.13704476613281788,0.1370447661134779,0.13704476613281788,0.13704476618047423,0.13704476627599352,0.13704476618047423,0.13704476613281788,0.13704476615621913,0.13704476627599352,0.13704476680496613,0.13704476627599352,0.13704476615621913,0.13704476613281788,0.13704476618047423,0.13704476627599352,0.13704476618047423,0.13704476613281788,0.1370447661134779,0.13704476613281788,0.13704476615621913,0.13704476613281788,0.1370447661134779,0.13602973270956994,0.136029732723049,0.13602973273623192,0.136029732723049,0.13602973270956994,0.136029732723049,0.13602973274945201,0.13602973278472327,0.13602973274945201,0.136029732723049,0.13602973273623192,0.13602973278472327,0.13602973288252315,0.13602973278472327,0.13602973273623192,0.136029732723049,0.13602973274945201,0.13602973278472327,0.13602973274945201,0.136029732723049,0.13602973270956994,0.136029732723049,0.13602973273623192,0.136029732723049,0.13602973270956994,0.13503425219158388,0.1350342522000207,0.13503425220698195,0.1350342522000207,0.13503425219158402,0.1350342522000207,0.13503425221358625,0.13503425222702634,0.13503425221358625,0.1350342522000207,0.13503425220698195,0.13503425222702634,0.1350342522514513,0.13503425222702634,0.13503425220698195,0.1350342522000207,0.13503425221358625,0.13503425222702634,0.13503425221358625,0.1350342522000207,0.13503425219158402,0.1350342522000207,0.13503425220698195,0.1350342522000207,0.13503425219158388
0.16533248777204926,0.16533248777204926,0.16533248777204926,0.16533248777204926,0.16533248777204926,0.16533248777204926,0.16533248777204926,0.16533248777204926,0.16533248777204926,0.16533248777204926,0.16533248777204926,0.16533248777204926,0.16533248777204926,0.16533248777204926,0.16533248777204926,0.16533248777204926,0.16533248777204926,0.16533248777204926,0.16533248777204926,0.16533248777204926,0.16533248777204926,0.16533248777204926,0.16533248777204926,0.16533248777204926,0.16533248777204926,0.16375749405353138,0.16375749405353116,0.16375749405353116,0.16375749405353116,0.16375749405353138,0.16375749405353116,0.16375749405353116,0.16375749405353116,0.16375749405353116,0.16375749405353116,0.16375749405353116,0.16375749405353116,0.1637574940535309,0.16375749405353116,0.16375749405353116,0.16375749405353116,0.16375749405353116,0.16375749405353116,0.16375749405353116,0.16375749405353116,0.16375749405353138,0.16375749405353116,0.16375749405353116,0.16375749405353116,0.16375749405353138,0.16221388426691444,0.16221388426691422,0.162213884266914,0.16221388426691422,0.16221388426691444,0.16221388426691422,0.16221388426691377,0.16221388426691377,0.16221388426691377,0.16221388426691422,0.162213884266914,0.16221388426691377,0.16221388426691358,0.16221388426691377,0.162213884266914,0.16221388426691422,0.16221388426691377,0.16221388426691377,0.16221388426691377,0.16221388426691422,0.16221388426691444,0.16221388426691422,0.162213884266914,0.16221388426691422,0.16221388426691444,0.16070106736923992,0.1607010673692388,0.16070106736923814,0.1607010673692388,0.16070106736923992,0.1607010673692388,0.16070106736923792,0.16070106736923725,0.16070106736923792,0.1607010673692388,0.16070106736923814,0.16070106736923725,0.1607010673692366,0.16070106736923725,0.16070106736923814,0.1607010673692388,0.16070106736923792,0.16070106736923725,0.16070106736923792,0.1607010673692388,0.16070106736923992,0.1607010673692388,0.16070106736923814,0.1607010673692388,0.16070106736923992,0.15921845173548685,0.1592184517354838,0.15921845173548183,0.1592184517354838,0.15921845173548685,0.1592184517354838,0.15921845173548052,0.15921845173547855,0.15921845173548052,0.1592184517354838,0.15921845173548183,0.15921845173547855,0.15921845173547639,0.15921845173547855,0.15921845173548183,0.1592184517354838,0.15921845173548052,0.15921845173547855,0.15921845173548052,0.1592184517354838,0.15921845173548685,0.1592184517354838,0.15921845173548183,0.1592184517354838,0.15921845173548685,0.15776544651042673,0.1577654465104176,0.15776544651041158,0.1577654465104176,0.15776544651042673,0.1577654465104176,0.15776544651040733,0.15776544651040092,0.15776544651040733,0.1577654465104176,0.15776544651041158,0.15776544651040092,0.1577654465103939,0.15776544651040092,0.15776544651041158,0.1577654465104176,0.15776544651040733,0.15776544651040092,0.15776544651040733,0.1577654465104176,0.15776544651042673,0.1577654465104176,0.15776544651041158,0.1577654465104176,0.15776544651042673,0.15634146282295125,0.15634146282292347,0.15634146282290526,0.15634146282292347,0.15634146282295125,0.15634146282292347,0.15634146282289169,0.15634146282287076,0.15634146282289169,0.15634146282292347,0.15634146282290526,0.15634146282287076,0.15634146282284733,0.15634146282287076,0.15634146282290526,0.15634146282292347,0.15634146282289169,0.15634146282287076,0.15634146282289169,0.15634146282292347,0.15634146282295125,0.15634146282292347,0.15634146282290526,0.15634146282292347,0.15634146282295125,0.15494591487314993,0.15494591487306755,0.15494591487301282,0.15494591487306755,0.15494591487314993,0.15494591487306755,0.15494591487296938,0.15494591487290074,0.15494591487296938,0.15494591487306755,0.15494591487301282,0.15494591487290074,0.154945914872821,0.15494591487290074,0.15494591487301282,0.15494591487306755,0.15494591487296938,0.15494591487290074,0.15494591487296938,0.15494591487306755,0.15494591487314993,0.15494591487306755,0.15494591487301282,0.15494591487306755,0.15494591487314993,0.1535782209018635,0.15357822090162887,0.15357822090146603,0.15357822090162887,0.1535782209018635,0.15357822090162887,0.15357822090132803,0.1535782209011047,0.15357822090132803,0.15357822090162887,0.15357822090146603,0.1535782209011047,0.1535782209008227,0.1535782209011047,0.15357822090146603,0.15357822090162887,0.15357822090132803,0.1535782209011047,0.15357822090132803,0.15357822090162887,0.1535782209018635,0.15357822090162887,0.15357822090146603,0.15357822090162887,0.1535782209018635,0.15223780405191684,0.15223780405127846,0.1522378040508049,0.15223780405127846,0.15223780405191684,0.15223780405127846,0.1522378040503813,0.15223780404963722,0.1522378040503813,0.15223780405127846,0.1522378040508049,0.15223780404963722,0.1522378040485603,0.15223780404963722,0.1522378040508049,0.15223780405127846,0.1522378040503813,0.15223780404963722,0.1522378040503813,0.15223780405127846,0.15223780405191684,0.15223780405127846,0.1522378040508049,0.15223780405127846,0.15223780405191684,0.15092409312974497,0.15092409312813293,0.15092409312681376,0.15092409312813293,0.15092409312974497,0.15092409312813293,0.1509240931255704,0.15092409312304989,0.1509240931255704,0.15092409312813293,0.15092409312681376,0.15092409312304989,0.15092409311849062,0.15092409312304989,0.15092409312681376,0.15092409312813293,0.1509240931255704,0.15092409312304989,0.1509240931255704,0.15092409312813293,0.15092409312974497,0.15092409312813293,0.15092409312681376,0.15092409312813293,0.15092409312974497,0.14963652327565,0.149636523272061,0.1496365232686974,0.149636523272061,0.14963652327565,0.149636523272061,0.1496365232653731,0.14963652325696927,0.1496365232653731,0.149636523272061,0.1496365232686974,0.14963652325696927,0.14963652323515733,0.14963652325696927,0.1496365232686974,0.149636523272061,0.1496365232653731,0.14963652325696927,0.1496365232653731,0.149636523272061,0.14963652327565,0.149636523272061,0.1496365232686974,0.149636523272061,0.14963652327565,0.14837453655014438,0.14837453654380625,0.14837453653685323,0.14837453654380625,0.14837453655014438,0.14837453654380625,0.14837453652976085,0.14837453650526822,0.14837453652976085,0.14837453654380625,0.14837453653685323,0.14837453650526822,0.1483745363870142,0.14837453650526822,0.14837453653685323,0.14837453654380625,0.14837453652976085,0.14837453650526822,0.14837453652976085,0.14837453654380625,0.14837453655014438,0.14837453654380625,0.14837453653685323,0.14837453654380625,0.14837453655014438,0.14713758244183692,0.14713758243475938,0.147137582427284,0.14713758243475938,0.14713758244183692,0.14713758243475938,0.14713758241969202,0.1471375823954777,0.14713758241969202,0.14713758243475938,0.147137582427284,0.1471375823954777,0.14713758229309795,0.1471375823954777,0.147137582427284,0.14713758243475938,0.14713758241969202,0.1471375823954777,0.14713758241969202,0.14713758243475938,0.14713758244183692,0.14713758243475938,0.147137582427284,0.14713758243475938,0.14713758244183692,0.14592511829952678,0.14592511829305005,0.14592511828647736,0.14592511829305005,0.14592511829952678,0.14592511829305005,0.1459251182798617,0.14592511825988794,0.1459251182798617,0.14592511829305005,0.14592511828647736,0.14592511825988794,0.14592511818030518,0.14592511825988794,0.14592511828647736,0.14592511829305005,0.1459251182798617,0.14592511825988794,0.1459251182798617,0.14592511829305005,0.14592511829952678,0.14592511829305005,0.14592511828647736,0.14592511829305005,0.14592511829952678,0.14473660970698327,0.14473660970145283,0.1447366096959559,0.14473660970145283,0.14473660970698327,0.14473660970145283,0.1447366096904567,0.1447366096742309,0.1447366096904567,0.14473660970145283,0.1447366096959559,0.1447366096742309,0.1447366096108604,0.1447366096742309,0.1447366096959559,0.14473660970145283,0.1447366096904567,0.1447366096742309,0.1447366096904567,0.14473660970145283,0.14473660970698327,0.14473660970145283,0.1447366096959559,0.14473660970145283,0.14473660970698327,0.14357153079973545,0.14357153079505808,0.14357153079040877,0.14357153079505808,0.14357153079973545,0.14357153079505808,0.14357153078575638,0.1435715307720283,0.14357153078575638,0.14357153079505808,0.14357153079040877,0.1435715307720283,0.1435715307183519,0.1435715307720283,0.14357153079040877,0.14357153079505808,0.14357153078575638,0.1435715307720283,0.14357153078575638,0.14357153079505808,0.14357153079973545,0.14357153079505808,0.14357153079040877,0.14357153079505808,0.14357153079973545,0.1424293645273447,0.14242936452344515,0.14242936451945248,0.14242936452344515,0.1424293645273447,0.14242936452344515,0.14242936451541754,0.14242936450315688,0.14242936451541754,0.14242936452344515,0.14242936451945248,0.14242936450315688,0.14242936445390236,0.14242936450315688,0.14242936451945248,0.14242936452344515,0.14242936451541754,0.14242936450315688,0.14242936451541754,0.14242936452344515,0.1424293645273447,0.14242936452344515,0.14242936451945248,0.14242936452344515,0.1424293645273447,0.14130960286624922,0.14130960286346647,0.14130960286033306,0.14130960286346647,0.14130960286624922,0.14130960286346647,0.14130960285708125,0.14130960284625382,0.14130960285708125,0.14130960286346647,0.14130960286033306,0.14130960284625382,0.14130960279909488,0.14130960284625382,0.14130960286033306,0.14130960286346647,0.14130960285708125,0.14130960284625382,0.14130960285708125,0.14130960286346647,0.14130960286624922,0.14130960286346647,0.14130960286033306,0.14130960286346647,0.14130960286624922,0.14021174698781957,0.14021174698737468,0.14021174698622108,0.14021174698737468,0.14021174698781957,0.14021174698737468,0.14021174698486719,0.1402117469780899,0.14021174698486719,0.14021174698737468,0.14021174698622108,0.1402117469780899,0.14021174693893318,0.1402117469780899,0.14021174698622108,0.14021174698737468,0.14021174698486719,0.1402117469780899,0.14021174698486719,0.14021174698737468,0.14021174698781957,0.14021174698737468,0.14021174698622108,0.14021174698737468,0.14021174698781957,0.13913530738565633,0.13913530738998053,0.1391353073935243,0.13913530738998053,0.13913530738565633,0.13913530738998053,0.13913530739689586,0.13913530740341498,0.13913530739689586,0.13913530738998053,0.1391353073935243,0.13913530740341498,0.13913530741375155,0.13913530740341498,0.1391353073935243,0.13913530738998053,0.13913530739689586,0.13913530740341498,0.13913530739689586,0.13913530738998053,0.13913530738565633,0.13913530738998053,0.1391353073935243,0.13913530738998053,0.13913530738565633,0.13807980396626843,0.13807980397801825,0.13807980398975908,0.13807980397801825,0.13807980396626843,0.13807980397801825,0.1380798040016295,0.1380798040337958,0.1380798040016295,0.13807980397801825,0.13807980398975908,0.1380798040337958,0.13807980412390555,0.1380798040337958,0.13807980398975908,0.13807980397801825,0.1380798040016295,0.1380798040337958,0.1380798040016295,0.13807980397801825,0.13807980396626843,0.13807980397801825,0.13807980398975908,0.13807980397801825,0.13807980396626843,0.1370447661093902,0.1370447661285573,0.13704476615174796,0.1370447661285573,0.1370447661093902,0.1370447661285573,0.13704476617578426,0.13704476627043705,0.13704476617578426,0.1370447661285573,0.13704476615174796,0.13704476627043705,0.13704476679459046,0.13704476627043705,0.13704476615174796,0.1370447661285573,0.13704476617578426,0.13704476627043705,0.13704476617578426,0.1370447661285573,0.1370447661093902,0.1370447661285573,0.13704476615174796,0.1370447661285573,0.1370447661093902,0.13602973270516996,0.1360297327185275,0.13602973273159114,0.1360297327185275,0.13602973270516996,0.1360297327185275,0.13602973274469166,0.13602973277964264,0.13602973274469166,0.1360297327185275,0.13602973273159114,0.13602973277964264,0.13602973287655307,0.13602973277964264,0.13602973273159114,0.1360297327185275,0.13602973274469166,0.13602973277964264,0.13602973274469166,0.1360297327185275,0.13602973270516996,0.1360297327185275,0.13602973273159114,0.1360297327185275,0.13602973270516996,0.13503425218711582,0.13503425219547616,0.13503425220237442,0.13503425219547632,0.13503425218711582,0.13503425219547616,0.13503425220891904,0.13503425222223717,0.13503425220891904,0.13503425219547632,0.13503425220237442,0.13503425222223717,0.13503425224644,0.13503425222223717,0.13503425220237442,0.13503425219547632,0.13503425220891904,0.13503425222223717,0.13503425220891904,0.13503425219547632,0.13503425218711582,0.13503425219547632,0.13503425220237442,0.13503425219547632,0.13503425218711582
0.16533248777371062,0.16533248777371062,0.16533248777371037,0.16533248777371062,0.16533248777371062,0.16533248777371062,0.16533248777371037,0.16533248777371037,0.16533248777371037,0.16533248777371037,0.16533248777371037,0.16533248777371037,0.16533248777371037,0.16533248777371037,0.16533248777371037,0.16533248777371062,0.16533248777371037,0.16533248777371037,0.16533248777371037,0.16533248777371062,0.16533248777371062,0.16533248777371037,0.16533248777371037,0.16533248777371062,0.16533248777371062,0.1637574940551594,0.1637574940551592,0.1637574940551592,0.1637574940551592,0.1637574940551594,0.1637574940551592,0.1637574940551592,0.1637574940551592,0.1637574940551592,0.1637574940551592,0.1637574940551592,0.1637574940551592,0.16375749405515896,0.1637574940551592,0.1637574940551592,0.1637574940551592,0.1637574940551592,0.1637574940551592,0.1637574940551592,0.1637574940551592,0.1637574940551594,0.1637574940551592,0.1637574940551592,0.1637574940551592,0.1637574940551594,0.16221388426851002,0.16221388426850958,0.16221388426850936,0.16221388426850958,0.16221388426850977,0.16221388426850958,0.16221388426850936,0.16221388426850913,0.16221388426850936,0.16221388426850958,0.16221388426850936,0.16221388426850913,0.1622138842685089,0.16221388426850913,0.16221388426850936,0.16221388426850958,0.16221388426850936,0.16221388426850913,0.16221388426850936,0.16221388426850958,0.16221388426850977,0.16221388426850958,0.16221388426850936,0.16221388426850958,0.16221388426850977,0.16070106737080322,0.1607010673708023,0.16070106737080167,0.1607010673708023,0.16070106737080322,0.1607010673708023,0.16070106737080123,0.16070106737080053,0.16070106737080123,0.1607010673708023,0.16070106737080167,0.16070106737080053,0.1607010673707999,0.16070106737080053,0.16070106737080167,0.1607010673708023,0.16070106737080123,0.16070106737080053,0.16070106737080123,0.1607010673708023,0.16070106737080322,0.1607010673708023,0.16070106737080167,0.1607010673708023,0.16070106737080322,0.1592184517370189,0.15921845173701585,0.1592184517370139,0.15921845173701585,0.1592184517370189,0.15921845173701585,0.15921845173701257,0.15921845173701063,0.15921845173701257,0.15921845173701585,0.1592184517370139,0.15921845173701063,0.15921845173700844,0.15921845173701063,0.1592184517370139,0.15921845173701585,0.15921845173701257,0.15921845173701063,0.15921845173701257,0.15921845173701585,0.1592184517370189,0.15921845173701585,0.1592184517370139,0.15921845173701585,0.1592184517370189,0.157765446511928,0.1577654465119186,0.15776544651191285,0.1577654465119186,0.157765446511928,0.1577654465119186,0.1577654465119086,0.15776544651190197,0.1577654465119086,0.1577654465119186,0.15776544651191285,0.15776544651190197,0.15776544651189514,0.15776544651190197,0.15776544651191285,0.1577654465119186,0.1577654465119086,0.15776544651190197,0.1577654465119086,0.1577654465119186,0.157765446511928,0.1577654465119186,0.15776544651191285,0.1577654465119186,0.157765446511928,0.1563414628244219,0.1563414628243941,0.1563414628243761,0.1563414628243941,0.1563414628244219,0.1563414628243941,0.1563414628243625,0.1563414628243416,0.1563414628243625,0.1563414628243941,0.1563414628243761,0.1563414628243416,0.1563414628243184,0.1563414628243416,0.1563414628243761,0.1563414628243941,0.1563414628243625,0.1563414628243416,0.1563414628243625,0.1563414628243941,0.1563414628244219,0.1563414628243941,0.1563414628243761,0.1563414628243941,0.1563414628244219,0.1549459148745906,0.15494591487450865,0.15494591487445392,0.15494591487450865,0.1549459148745906,0.15494591487450865,0.15494591487441067,0.15494591487434223,0.15494591487441067,0.15494591487450865,0.15494591487445392,0.15494591487434223,0.15494591487426293,0.15494591487434223,0.15494591487445392,0.15494591487450865,0.15494591487441067,0.15494591487434223,0.15494591487441067,0.15494591487450865,0.1549459148745906,0.15494591487450865,0.15494591487445392,0.15494591487450865,0.1549459148745906,0.153578220903274,0.15357822090304024,0.15357822090287793,0.15357822090304024,0.153578220903274,0.15357822090304024,0.15357822090274034,0.15357822090251763,0.15357822090274034,0.15357822090304024,0.15357822090287793,0.15357822090251763,0.15357822090223663,0.15357822090251763,0.15357822090287793,0.15357822090304024,0.15357822090274034,0.15357822090251763,0.15357822090274034,0.15357822090304024,0.153578220903274,0.15357822090304024,0.15357822090287793,0.15357822090304024,0.153578220903274,0.15223780405329607,0.15223780405266008,0.15223780405218806,0.15223780405266008,0.15223780405329607,0.15223780405266008,0.15223780405176585,0.15223780405102416,0.15223780405176585,0.15223780405266008,0.15223780405218806,0.15223780405102416,0.1522378040499506,0.15223780405102416,0.15223780405218806,0.15223780405266008,0.15223780405176585,0.15223780405102416,0.15223780405176585,0.15223780405266008,0.15223780405329607,0.15223780405266008,0.15223780405218806,0.15223780405266008,0.15223780405329607,0.15092409313108923,0.1509240931294828,0.15092409312816787,0.1509240931294828,0.15092409313108923,0.1509240931294828,0.15092409312692853,0.15092409312441632,0.15092409312692873,0.1509240931294828,0.15092409312816787,0.15092409312441632,0.15092409311987112,0.15092409312441632,0.15092409312816787,0.1509240931294828,0.15092409312692873,0.15092409312441632,0.15092409312692853,0.1509240931294828,0.15092409313108923,0.1509240931294828,0.15092409312816787,0.1509240931294828,0.15092409313108923,0.14963652327694826,0.14963652327337193,0.14963652327001967,0.14963652327337193,0.14963652327694826,0.14963652327337193,0.14963652326670632,0.14963652325832974,0.14963652326670632,0.14963652327337193,0.14963652327001967,0.14963652325832974,0.14963652323658494,0.14963652325832974,0.14963652327001967,0.14963652327337193,0.14963652326670632,0.14963652325832974,0.14963652326670632,0.14963652327337193,0.14963652327694826,0.14963652327337193,0.14963652327001967,0.14963652327337193,0.14963652327694826,0.14837453655137106,0.14837453654505667,0.1483745365381283,0.14837453654505667,0.14837453655137106,0.14837453654505667,0.14837453653106056,0.1483745365066478,0.14837453653106056,0.14837453654505667,0.1483745365381283,0.1483745365066478,0.14837453638874148,0.1483745365066478,0.1483745365381283,0.14837453654505667,0.14837453653106056,0.1483745365066478,0.14837453653106056,0.14837453654505667,0.14837453655137106,0.14837453654505667,0.1483745365381283,0.14837453654505667,0.14837453655137106,0.14713758244294264,0.14713758243589745,0.14713758242845462,0.14713758243589745,0.14713758244294264,0.14713758243589745,0.1471375824208953,0.1471375823967798,0.1471375824208953,0.14713758243589745,0.14713758242845462,0.1471375823967798,0.14713758229477172,0.1471375823967798,0.14713758242845462,0.14713758243589745,0.1471375824208953,0.1471375823967798,0.1471375824208953,0.14713758243589745,0.14713758244294264,0.14713758243589745,0.14713758242845462,0.14713758243589745,0.14713758244294264,0.14592511830044363,0.14592511829400734,0.14592511828747468,0.14592511829400734,0.14592511830044363,0.14592511829400734,0.14592511828089894,0.145925118261043,0.14592511828089894,0.14592511829400734,0.14592511828747468,0.145925118261043,0.14592511818192877,0.145925118261043,0.14592511828747468,0.14592511829400734,0.14592511828089894,0.145925118261043,0.14592511828089894,0.14592511829400734,0.14592511830044363,0.14592511829400734,0.14592511828747468,0.14592511829400734,0.14592511830044363,0.14473660970762578,0.14473660970214508,0.14473660969669774,0.14473660970214508,0.14473660970762578,0.14473660970214508,0.14473660969124827,0.14473660967516963,0.14473660969124827,0.14473660970214508,0.14473660969669774,0.14473660967516963,0.14473660961234966,0.14473660967516963,0.14473660969669774,0.14473660970214508,0.14473660969124827,0.14473660967516963,0.14473660969124827,0.14473660970214508,0.14473660970762578,0.14473660970214508,0.14473660969669774,0.14473660970214508,0.14473660970762578,0.14357153079999757,0.14357153079537993,0.14357153079079119,0.14357153079537993,0.14357153079999757,0.14357153079537993,0.14357153078619989,0.1435715307726575,0.14357153078619989,0.14357153079537993,0.14357153079079119,0.1435715307726575,0.14357153071971518,0.1435715307726575,0.14357153079079119,0.14357153079537993,0.14357153078619989,0.1435715307726575,0.14357153078619989,0.14357153079537993,0.14357153079999757,0.14357153079537993,0.14357153079079119,0.14357153079537993,0.14357153079999757,0.14242936452709828,0.1424293645232648,0.14242936451934177,0.1424293645232648,0.14242936452709828,0.1424293645232648,0.1424293645153771,0.14242936450333654,0.1424293645153771,0.1424293645232648,0.14242936451934177,0.14242936450333654,0.14242936445499513,0.14242936450333654,0.14242936451934177,0.1424293645232648,0.1424293645153771,0.14242936450333654,0.1424293645153771,0.1424293645232648,0.14242936452709828,0.1424293645232648,0.14242936451934177,0.1424293645232648,0.14242936452709828,0.14130960286535044,0.14130960286263017,0.14130960285956534,0.14130960286263017,0.14130960286535044,0.14130960286263017,0.14130960285638425,0.14130960284579017,0.14130960285638425,0.14130960286263017,0.14130960285956534,0.14130960284579017,0.14130960279964963,0.14130960284579017,0.14130960285956534,0.14130960286263017,0.14130960285638425,0.14130960284579017,0.14130960285638425,0.14130960286263017,0.14130960286535044,0.14130960286263017,0.14130960285956534,0.14130960286263017,0.14130960286535044,0.1402117469861306,0.14021174698572278,0.1402117469846158,0.14021174698572278,0.1402117469861306,0.14021174698572278,0.14021174698331126,0.1402117469767215,0.14021174698331126,0.14021174698572278,0.1402117469846158,0.1402117469767215,0.14021174693851635,0.1402117469767215,0.1402117469846158,0.14021174698572278,0.14021174698331126,0.1402117469767215,0.14021174698331126,0.14021174698572278,0.1402117469861306,0.14021174698572278,0.1402117469846158,0.14021174698572278,0.1402117469861306,0.13913530738308968,0.13913530738739302,0.13913530739092161,0.13913530738739302,0.13913530738308968,0.13913530738739302,0.1391353073942796,0.13913530740078148,0.1391353073942796,0.13913530738739302,0.13913530739092161,0.13913530740078148,0.1391353074111307,0.13913530740078148,0.13913530739092161,0.13913530738739302,0.1391353073942796,0.13913530740078148,0.1391353073942796,0.13913530738739302,0.13913530738308968,0.13913530738739302,0.13913530739092161,0.13913530738739302,0.13913530738308968,0.1380798039628549,0.13807980397450564,0.13807980398614583,0.13807980397450564,0.1380798039628549,0.13807980397450564,0.13807980399791425,0.138079804029799,0.13807980399791425,0.13807980397450564,0.13807980398614583,0.138079804029799,0.13807980411910717,0.138079804029799,0.13807980398614583,0.13807980397450564,0.13807980399791425,0.138079804029799,0.13807980399791425,0.13807980397450564,0.1380798039628549,0.13807980397450564,0.13807980398614583,0.13807980397450564,0.1380798039628549,0.13704476610532174,0.13704476612431704,0.13704476614729802,0.13704476612431704,0.13704476610532174,0.13704476612431704,0.13704476617111677,0.13704476626490797,0.13704476617111677,0.13704476612431704,0.13704476614729802,0.13704476626490797,0.13704476678428623,0.13704476626490797,0.13704476614729802,0.13704476612431704,0.13704476617111677,0.13704476626490797,0.13704476617111677,0.13704476612431704,0.13704476610532174,0.13704476612431704,0.13704476614729802,0.13704476612431704,0.13704476610532174,0.13602973270079102,0.13602973271402763,0.13602973272697289,0.13602973271402763,0.13602973270079102,0.13602973271402763,0.13602973273995425,0.13602973277458685,0.13602973273995425,0.13602973271402763,0.13602973272697289,0.13602973277458685,0.13602973287061298,0.13602973277458685,0.13602973272697289,0.13602973271402763,0.13602973273995425,0.13602973277458685,0.13602973273995425,0.13602973271402763,0.13602973270079102,0.13602973271402763,0.13602973272697289,0.13602973271402763,0.13602973270079102,0.13503425218266943,0.13503425219095389,0.13503425219778953,0.13503425219095389,0.13503425218266943,0.13503425219095389,0.13503425220427448,0.13503425221747137,0.13503425220427448,0.13503425219095389,0.13503425219778953,0.13503425221747137,0.13503425224145355,0.13503425221747137,0.13503425219778953,0.13503425219095389,0.13503425220427448,0.13503425221747137,0.13503425220427448,0.135034252190954,0.13503425218266943,0.13503425219095389,0.13503425219778953,0.135034252190954,0.13503425218266943
0.16533248777536466,0.16533248777536466,0.16533248777536466,0.16533248777536466,0.16533248777536466,0.16533248777536466,0.16533248777536466,0.1653324877753644,0.16533248777536466,0.16533248777536466,0.16533248777536466,0.1653324877753644,0.1653324877753644,0.1653324877753644,0.16533248777536466,0.16533248777536466,0.16533248777536466,0.1653324877753644,0.16533248777536466,0.16533248777536466,0.16533248777536466,0.16533248777536466,0.16533248777536466,0.16533248777536466,0.16533248777536466,0.16375749405678053,0.1637574940567803,0.1637574940567803,0.1637574940567803,0.16375749405678053,0.1637574940567803,0.1637574940567803,0.16375749405678006,0.1637574940567803,0.1637574940567803,0.1637574940567803,0.16375749405678006,0.16375749405678006,0.16375749405678006,0.1637574940567803,0.1637574940567803,0.1637574940567803,0.16375749405678006,0.1637574940567803,0.1637574940567803,0.16375749405678053,0.1637574940567803,0.1637574940567803,0.1637574940567803,0.16375749405678053,0.16221388427009859,0.1622138842700981,0.1622138842700981,0.1622138842700981,0.16221388427009859,0.1622138842700981,0.1622138842700979,0.16221388427009767,0.1622138842700979,0.1622138842700981,0.1622138842700981,0.16221388427009767,0.16221388427009745,0.16221388427009767,0.1622138842700981,0.1622138842700981,0.1622138842700979,0.16221388427009767,0.1622138842700979,0.1622138842700981,0.16221388427009859,0.1622138842700981,0.1622138842700981,0.1622138842700981,0.16221388427009859,0.16070106737236006,0.16070106737235895,0.16070106737235829,0.16070106737235895,0.16070106737236006,0.16070106737235895,0.16070106737235806,0.1607010673723574,0.16070106737235806,0.16070106737235895,0.16070106737235829,0.1607010673723574,0.16070106737235673,0.1607010673723574,0.16070106737235829,0.16070106737235895,0.16070106737235806,0.1607010673723574,0.16070106737235806,0.16070106737235895,0.16070106737236006,0.16070106737235895,0.16070106737235829,0.16070106737235895,0.16070106737236006,0.15921845173854424,0.15921845173854118,0.15921845173853924,0.15921845173854118,0.15921845173854424,0.15921845173854118,0.1592184517385379,0.15921845173853594,0.1592184517385379,0.15921845173854118,0.15921845173853924,0.15921845173853594,0.15921845173853377,0.15921845173853594,0.15921845173853943,0.15921845173854118,0.1592184517385379,0.15921845173853594,0.15921845173853813,0.15921845173854118,0.15921845173854424,0.15921845173854118,0.15921845173853943,0.15921845173854118,0.15921845173854424,0.15776544651342267,0.15776544651341326,0.15776544651340751,0.15776544651341326,0.15776544651342267,0.15776544651341326,0.15776544651340324,0.15776544651339686,0.15776544651340324,0.15776544651341326,0.15776544651340751,0.15776544651339686,0.15776544651338978,0.15776544651339686,0.15776544651340751,0.15776544651341326,0.15776544651340324,0.15776544651339686,0.15776544651340324,0.15776544651341326,0.15776544651342267,0.15776544651341326,0.15776544651340751,0.15776544651341326,0.15776544651342267,0.1563414628258863,0.15634146282585845,0.15634146282584072,0.15634146282585845,0.1563414628258863,0.15634146282585845,0.15634146282582712,0.15634146282580622,0.15634146282582712,0.15634146282585845,0.15634146282584072,0.15634146282580622,0.15634146282578318,0.15634146282580622,0.15634146282584072,0.15634146282585845,0.15634146282582712,0.15634146282580622,0.15634146282582712,0.15634146282585845,0.1563414628258863,0.15634146282585845,0.15634146282584072,0.15634146282585845,0.1563414628258863,0.15494591487602494,0.15494591487594317,0.15494591487588885,0.15494591487594317,0.15494591487602494,0.15494591487594317,0.1549459148758456,0.15494591487577739,0.1549459148758456,0.15494591487594317,0.15494591487588885,0.15494591487577739,0.15494591487569825,0.15494591487577739,0.15494591487588885,0.15494591487594317,0.1549459148758456,0.15494591487577739,0.1549459148758456,0.15494591487594317,0.15494591487602494,0.15494591487594317,0.15494591487588885,0.15494591487594317,0.15494591487602494,0.15357822090467851,0.15357822090444553,0.15357822090428364,0.15357822090444553,0.15357822090467851,0.15357822090444553,0.15357822090414666,0.15357822090392453,0.15357822090414666,0.15357822090444553,0.15357822090428364,0.15357822090392453,0.15357822090364456,0.15357822090392453,0.15357822090428364,0.15357822090444553,0.15357822090414666,0.15357822090392453,0.15357822090414666,0.15357822090444553,0.15357822090467851,0.15357822090444553,0.15357822090428364,0.15357822090444553,0.15357822090467851,0.1522378040546696,0.15223780405403559,0.15223780405356513,0.15223780405403559,0.1522378040546696,0.15223780405403559,0.1522378040531443,0.152237804052405,0.1522378040531443,0.15223780405403559,0.15223780405356513,0.152237804052405,0.15223780405133497,0.152237804052405,0.15223780405356513,0.15223780405403559,0.1522378040531443,0.152237804052405,0.1522378040531443,0.15223780405403559,0.1522378040546696,0.15223780405403559,0.15223780405356513,0.15223780405403559,0.1522378040546696,0.15092409313242772,0.1509240931308267,0.15092409312951618,0.1509240931308267,0.15092409313242772,0.1509240931308267,0.15092409312828092,0.1509240931257768,0.15092409312828092,0.1509240931308267,0.15092409312951618,0.1509240931257768,0.15092409312124588,0.1509240931257768,0.15092409312951618,0.1509240931308267,0.15092409312828092,0.1509240931257768,0.15092409312828092,0.1509240931308267,0.15092409313242772,0.1509240931308267,0.15092409312951618,0.1509240931308267,0.15092409313242772,0.149636523278241,0.149636523274677,0.14963652327133606,0.149636523274677,0.149636523278241,0.149636523274677,0.14963652326803392,0.14963652325968416,0.14963652326803392,0.149636523274677,0.14963652327133606,0.14963652325968416,0.1496365232380068,0.14963652325968416,0.14963652327133606,0.149636523274677,0.14963652326803392,0.14963652325968416,0.14963652326803392,0.149636523274677,0.149636523278241,0.149636523274677,0.14963652327133606,0.149636523274677,0.149636523278241,0.1483745365525922,0.14837453654630156,0.14837453653939764,0.14837453654630156,0.1483745365525922,0.14837453654630156,0.14837453653235455,0.14837453650802146,0.14837453653235455,0.14837453654630156,0.14837453653939764,0.14837453650802146,0.14837453639046874,0.14837453650802146,0.14837453653939764,0.14837453654630156,0.14837453653235455,0.14837453650802146,0.14837453653235455,0.14837453654630156,0.1483745365525922,0.14837453654630156,0.14837453653939764,0.14837453654630156,0.1483745365525922,0.14713758244404318,0.1471375824370303,0.14713758242961994,0.1471375824370303,0.14713758244404318,0.1471375824370303,0.14713758242209318,0.14713758239807612,0.14713758242209318,0.1471375824370303,0.14713758242961994,0.14713758239807612,0.14713758229650528,0.14713758239807612,0.14713758242961994,0.1471375824370303,0.14713758242209318,0.14713758239807612,0.14713758242209318,0.1471375824370303,0.14713758244404318,0.1471375824370303,0.14713758242961994,0.1471375824370303,0.14713758244404318,0.14592511830135585,0.1459251182949596,0.14592511828846685,0.1459251182949596,0.14592511830135585,0.1459251182949596,0.1459251182819312,0.1459251182621926,0.1459251182819312,0.1459251182949596,0.14592511828846685,0.1459251182621926,0.14592511818351356,0.1459251182621926,0.14592511828846685,0.1459251182949596,0.1459251182819312,0.1459251182621926,0.1459251182819312,0.1459251182949596,0.14592511830135585,0.1459251182949596,0.14592511828846685,0.1459251182949596,0.14592511830135585,0.14473660970826446,0.14473660970283334,0.14473660969743538,0.14473660970283334,0.14473660970826446,0.14473660970283334,0.14473660969203533,0.1447366096761035,0.14473660969203533,0.14473660970283334,0.14473660969743538,0.1447366096761035,0.14473660961387105,0.1447366096761035,0.14473660969743538,0.14473660970283334,0.14473660969203533,0.1447366096761035,0.14473660969203533,0.14473660970283334,0.14473660970826446,0.14473660970283334,0.14473660969743538,0.14473660970283334,0.14473660970826446,0.143571530800257,0.14357153079569873,0.14357153079117055,0.14357153079569873,0.143571530800257,0.14357153079569873,0.14357153078664,0.14357153077328222,0.14357153078664,0.14357153079569873,0.14357153079117055,0.14357153077328222,0.1435715307211041,0.14357153077328222,0.14357153079117055,0.14357153079569873,0.14357153078664,0.14357153077328222,0.14357153078664,0.14357153079569873,0.143571530800257,0.14357153079569873,0.14357153079117055,0.14357153079569873,0.143571530800257,0.14242936452685104,0.14242936452308347,0.1424293645192292,0.14242936452308347,0.14242936452685104,0.14242936452308347,0.14242936451533453,0.14242936450351287,0.14242936451533453,0.14242936452308347,0.1424293645192292,0.14242936450351287,0.14242936445609392,0.14242936450351287,0.1424293645192292,0.14242936452308347,0.14242936451533453,0.14242936450351287,0.14242936451533453,0.14242936452308347,0.14242936452685104,0.14242936452308347,0.1424293645192292,0.14242936452308347,0.14242936452685104,0.1413096028644539,0.1413096028617955,0.14130960285879893,0.1413096028617955,0.1413096028644539,0.1413096028617955,0.1413096028556879,0.14130960284532507,0.1413096028556879,0.1413096028617955,0.14130960285879893,0.14130960284532507,0.1413096028001904,0.14130960284532507,0.14130960285879893,0.1413096028617955,0.1413096028556879,0.14130960284532507,0.1413096028556879,0.1413096028617955,0.1413096028644539,0.1413096028617955,0.14130960285879893,0.1413096028617955,0.1413096028644539,0.14021174698444777,0.1402117469840766,0.14021174698301586,0.1402117469840766,0.14021174698444777,0.1402117469840766,0.14021174698176003,0.14021174697535602,0.14021174698176003,0.1402117469840766,0.14021174698301586,0.14021174697535602,0.14021174693809452,0.14021174697535602,0.14021174698301586,0.1402117469840766,0.14021174698176003,0.14021174697535602,0.14021174698176003,0.1402117469840766,0.14021174698444777,0.1402117469840766,0.14021174698301586,0.1402117469840766,0.14021174698444777,0.13913530738053398,0.13913530738481628,0.13913530738832985,0.13913530738481628,0.13913530738053398,0.13913530738481628,0.13913530739167407,0.13913530739815855,0.13913530739167407,0.13913530738481628,0.13913530738832985,0.13913530739815855,0.13913530740851995,0.13913530739815855,0.13913530738832985,0.13913530738481628,0.13913530739167407,0.13913530739815855,0.13913530739167407,0.13913530738481628,0.13913530738053398,0.13913530738481628,0.13913530738832985,0.13913530738481628,0.13913530738053398,0.13807980395945701,0.13807980397100914,0.13807980398254935,0.13807980397100914,0.13807980395945701,0.13807980397100914,0.13807980399421604,0.13807980402582093,0.13807980399421604,0.13807980397100914,0.13807980398254935,0.13807980402582093,0.1380798041143319,0.13807980402582093,0.13807980398254935,0.13807980397100914,0.13807980399421604,0.13807980402582093,0.13807980399421604,0.13807980397100914,0.13807980395945701,0.13807980397100914,0.13807980398254935,0.13807980397100914,0.13807980395945701,0.13704476610127278,0.137044766120097,0.13704476614286973,0.137044766120097,0.13704476610127278,0.137044766120097,0.13704476616647196,0.13704476625940656,0.13704476616647196,0.137044766120097,0.13704476614286973,0.13704476625940656,0.13704476677401778,0.13704476625940656,0.13704476614286973,0.137044766120097,0.13704476616647196,0.13704476625940656,0.13704476616647196,0.137044766120097,0.13704476610127278,0.137044766120097,0.13704476614286973,0.137044766120097,0.13704476610127278,0.13602973269643323,0.13602973270954966,0.13602973272237695,0.13602973270954966,0.13602973269643323,0.13602973270954966,0.1360297327352399,0.13602973276955616,0.1360297327352399,0.13602973270954966,0.13602973272237695,0.13602973276955616,0.13602973286470288,0.13602973276955616,0.13602973272237695,0.13602973270954966,0.1360297327352399,0.13602973276955616,0.1360297327352399,0.13602973270954966,0.13602973269643323,0.13602973270954966,0.13602973272237695,0.13602973270954966,0.13602973269643323,0.1350342521782444,0.1350342521864535,0.1350342521932267,0.1350342521864535,0.1350342521782444,0.1350342521864535,0.1350342521996526,0.13503425221272883,0.13503425219965245,0.1350342521864535,0.1350342521932267,0.13503425221272883,0.1350342522364915,0.13503425221272883,0.1350342521932267,0.1350342521864535,0.13503425219965245,0.13503425221272883,0.1350342521996526,0.1350342521864535,0.1350342521782444,0.1350342521864535,0.1350342521932267,0.1350342521864535,0.1350342521782444
0.1653324877770116,0.1653324877770116,0.1653324877770116,0.1653324877770116,0.1653324877770116,0.1653324877770116,0.1653324877770116,0.1653324877770116,0.1653324877770116,0.1653324877770116,0.1653324877770116,0.1653324877770116,0.16533248777701134,0.1653324877770116,0.1653324877770116,0.1653324877770116,0.1653324877770116,0.1653324877770116,0.1653324877770116,0.1653324877770116,0.1653324877770116,0.1653324877770116,0.1653324877770116,0.1653324877770116,0.1653324877770116,0.16375749405839468,0.16375749405839446,0.16375749405839446,0.16375749405839446,0.16375749405839446,0.16375749405839446,0.16375749405839446,0.1637574940583942,0.16375749405839446,0.16375749405839446,0.16375749405839446,0.1637574940583942,0.1637574940583942,0.1637574940583942,0.16375749405839446,0.16375749405839446,0.16375749405839446,0.1637574940583942,0.16375749405839446,0.16375749405839446,0.16375749405839446,0.16375749405839446,0.16375749405839446,0.16375749405839446,0.16375749405839446,0.16221388427168032,0.1622138842716801,0.16221388427167988,0.1622138842716801,0.16221388427168032,0.1622138842716801,0.16221388427167968,0.1622138842716794,0.16221388427167968,0.1622138842716801,0.16221388427167988,0.1622138842716794,0.1622138842716794,0.1622138842716794,0.16221388427167988,0.1622138842716801,0.16221388427167968,0.1622138842716794,0.16221388427167968,0.1622138842716801,0.16221388427168032,0.1622138842716801,0.16221388427167988,0.1622138842716801,0.16221388427168032,0.16070106737391,0.16070106737390913,0.16070106737390846,0.16070106737390913,0.16070106737391,0.16070106737390913,0.16070106737390802,0.16070106737390735,0.16070106737390802,0.16070106737390913,0.16070106737390846,0.16070106737390735,0.1607010673739067,0.16070106737390735,0.16070106737390846,0.16070106737390913,0.16070106737390802,0.16070106737390735,0.16070106737390802,0.16070106737390913,0.16070106737391,0.16070106737390913,0.16070106737390846,0.16070106737390913,0.16070106737391,0.15921845174006324,0.1592184517400602,0.15921845174005822,0.1592184517400602,0.15921845174006324,0.1592184517400602,0.15921845174005692,0.15921845174005497,0.15921845174005692,0.1592184517400602,0.15921845174005822,0.15921845174005497,0.1592184517400528,0.15921845174005497,0.15921845174005822,0.1592184517400602,0.15921845174005692,0.15921845174005497,0.15921845174005692,0.1592184517400602,0.15921845174006324,0.1592184517400602,0.15921845174005822,0.1592184517400602,0.15921845174006324,0.15776544651491067,0.15776544651490151,0.15776544651489577,0.15776544651490151,0.15776544651491067,0.15776544651490151,0.15776544651489147,0.15776544651488508,0.15776544651489147,0.15776544651490151,0.15776544651489577,0.15776544651488508,0.15776544651487825,0.15776544651488508,0.15776544651489577,0.15776544651490151,0.15776544651489147,0.15776544651488508,0.15776544651489147,0.15776544651490151,0.15776544651491067,0.15776544651490151,0.15776544651489577,0.15776544651490151,0.15776544651491067,0.15634146282734437,0.15634146282731679,0.1563414628272988,0.15634146282731679,0.15634146282734437,0.15634146282731679,0.15634146282728542,0.15634146282726452,0.15634146282728542,0.15634146282731679,0.1563414628272988,0.15634146282726452,0.15634146282724148,0.15634146282726452,0.1563414628272988,0.15634146282731679,0.15634146282728542,0.15634146282726452,0.15634146282728542,0.15634146282731679,0.15634146282734437,0.15634146282731679,0.1563414628272988,0.15634146282731679,0.15634146282734437,0.1549459148774531,0.15494591487737175,0.15494591487731743,0.15494591487737175,0.1549459148774531,0.15494591487737175,0.1549459148772744,0.15494591487720635,0.1549459148772744,0.15494591487737175,0.15494591487731743,0.15494591487720635,0.15494591487712744,0.15494591487720635,0.15494591487731743,0.15494591487737175,0.1549459148772744,0.15494591487720635,0.1549459148772744,0.15494591487737175,0.1549459148774531,0.15494591487737175,0.15494591487731743,0.15494591487737175,0.1549459148774531,0.15357822090607695,0.1535782209058446,0.15357822090568332,0.1535782209058446,0.15357822090607695,0.1535782209058446,0.15357822090554674,0.15357822090532544,0.15357822090554674,0.1535782209058446,0.15357822090568332,0.15357822090532544,0.15357822090504622,0.15357822090532544,0.15357822090568332,0.1535782209058446,0.15357822090554674,0.15357822090532544,0.15357822090554674,0.1535782209058446,0.15357822090607695,0.1535782209058446,0.15357822090568332,0.1535782209058446,0.15357822090607695,0.15223780405603707,0.1522378040554052,0.15223780405493634,0.1522378040554052,0.15223780405603707,0.1522378040554052,0.15223780405451667,0.1522378040537799,0.15223780405451667,0.1522378040554052,0.15223780405493634,0.1522378040537799,0.15223780405271323,0.1522378040537799,0.15223780405493634,0.1522378040554052,0.15223780405451667,0.1522378040537799,0.15223780405451667,0.1522378040554052,0.15223780405603707,0.1522378040554052,0.15223780405493634,0.1522378040554052,0.15223780405603707,0.15092409313376023,0.1509240931321648,0.1509240931308587,0.1509240931321648,0.15092409313376023,0.1509240931321648,0.15092409312962748,0.15092409312713131,0.15092409312962748,0.1509240931321648,0.1509240931308587,0.15092409312713131,0.15092409312261465,0.15092409312713131,0.1509240931308587,0.1509240931321648,0.15092409312962748,0.15092409312713131,0.15092409312962748,0.1509240931321648,0.15092409313376023,0.1509240931321648,0.1509240931308587,0.1509240931321648,0.15092409313376023,0.14963652327952792,0.14963652327597654,0.14963652327264698,0.14963652327597654,0.14963652327952792,0.14963652327597654,0.14963652326935578,0.14963652326103288,0.14963652326935578,0.14963652327597654,0.14963652327264698,0.14963652326103288,0.14963652323942248,0.14963652326103288,0.14963652327264698,0.14963652327597654,0.14963652326935578,0.14963652326103288,0.14963652326935578,0.14963652327597654,0.14963652327952792,0.14963652327597654,0.14963652327264698,0.14963652327597654,0.14963652327952792,0.14837453655380795,0.14837453654754085,0.1483745365406614,0.14837453654754085,0.14837453655380795,0.14837453654754085,0.14837453653364294,0.1483745365093892,0.14837453653364294,0.14837453654754085,0.1483745365406614,0.1483745365093892,0.14837453639220083,0.1483745365093892,0.1483745365406614,0.14837453654754085,0.14837453653364294,0.1483745365093892,0.14837453653364294,0.14837453654754085,0.14837453655380795,0.14837453654754085,0.1483745365406614,0.14837453654754085,0.14837453655380795,0.14713758244513853,0.14713758243815783,0.14713758243077998,0.14713758243815783,0.14713758244513853,0.14713758243815783,0.14713758242328576,0.14713758239936678,0.14713758242328576,0.14713758243815783,0.14713758243077998,0.14713758239936678,0.14713758229818888,0.14713758239936678,0.14713758243077998,0.14713758243815783,0.14713758242328576,0.14713758239936678,0.14713758242328576,0.14713758243815783,0.14713758244513853,0.14713758243815783,0.14713758243077998,0.14713758243815783,0.14713758244513853,0.14592511830226343,0.14592511829590743,0.14592511828945443,0.14592511829590743,0.14592511830226343,0.14592511829590743,0.14592511828295843,0.14592511826333684,0.14592511828295843,0.14592511829590743,0.14592511828945443,0.14592511826333684,0.14592511818511078,0.14592511826333684,0.14592511828945443,0.14592511829590743,0.14592511828295843,0.14592511826333684,0.14592511828295843,0.14592511829590743,0.14592511830226343,0.14592511829590743,0.14592511828945443,0.14592511829590743,0.14592511830226343,0.14473660970889948,0.14473660970351757,0.14473660969816884,0.14473660970351757,0.14473660970889948,0.14473660970351757,0.144736609692818,0.14473660967703225,0.144736609692818,0.14473660970351757,0.14473660969816884,0.14473660967703225,0.14473660961540394,0.14473660967703225,0.14473660969816884,0.14473660970351757,0.144736609692818,0.14473660967703225,0.144736609692818,0.14473660970351757,0.14473660970889948,0.14473660970351757,0.14473660969816884,0.14473660970351757,0.14473660970889948,0.14357153080051419,0.14357153079601492,0.14357153079154664,0.14357153079601492,0.14357153080051419,0.14357153079601492,0.14357153078707666,0.1435715307739027,0.14357153078707666,0.14357153079601492,0.14357153079154664,0.1435715307739027,0.14357153072246787,0.1435715307739027,0.14357153079154664,0.14357153079601492,0.14357153078707666,0.1435715307739027,0.14357153078707666,0.14357153079601492,0.14357153080051419,0.14357153079601492,0.14357153079154664,0.14357153079601492,0.14357153080051419,0.14242936452660343,0.14242936452290128,0.14242936451911548,0.14242936452290128,0.14242936452660343,0.14242936452290128,0.14242936451529023,0.14242936450368582,0.14242936451529023,0.14242936452290128,0.14242936451911548,0.14242936450368582,0.14242936445713833,0.14242936450368582,0.14242936451911548,0.14242936452290128,0.14242936451529023,0.14242936450368582,0.14242936451529023,0.14242936452290128,0.14242936452660343,0.14242936452290128,0.14242936451911548,0.14242936452290128,0.14242936452660343,0.14130960286355973,0.14130960286096264,0.14130960285803382,0.14130960286096264,0.14130960286355973,0.14130960286096264,0.14130960285499236,0.14130960284485897,0.14130960285499236,0.14130960286096264,0.14130960285803382,0.14130960284485897,0.14130960280074314,0.14130960284485897,0.14130960285803382,0.14130960286096264,0.14130960285499236,0.14130960284485897,0.14130960285499236,0.14130960286096264,0.14130960286355973,0.14130960286096264,0.14130960285803382,0.14130960286096264,0.14130960286355973,0.1402117469827714,0.14021174698243646,0.1402117469814214,0.14021174698243646,0.1402117469827714,0.14021174698243646,0.14021174698021394,0.14021174697399408,0.14021174698021394,0.14021174698243646,0.1402117469814214,0.14021174697399408,0.14021174693767574,0.14021174697399408,0.1402117469814214,0.14021174698243646,0.14021174698021394,0.14021174697399408,0.14021174698021394,0.14021174698243646,0.1402117469827714,0.14021174698243646,0.1402117469814214,0.14021174698243646,0.1402117469827714,0.13913530737798932,0.13913530738225077,0.13913530738574914,0.13913530738225077,0.13913530737798932,0.13913530738225077,0.13913530738907978,0.1391353073955467,0.13913530738907978,0.13913530738225077,0.13913530738574914,0.1391353073955467,0.13913530740591948,0.1391353073955467,0.13913530738574914,0.13913530738225077,0.13913530738907978,0.1391353073955467,0.13913530738907978,0.13913530738225077,0.13913530737798932,0.13913530738225077,0.13913530738574914,0.13913530738225077,0.13913530737798932,0.13807980395607491,0.13807980396752909,0.13807980397896974,0.13807980396752909,0.13807980395607491,0.13807980396752909,0.13807980399053538,0.1380798040218618,0.13807980399053538,0.13807980396752909,0.13807980397896974,0.1380798040218618,0.13807980410958018,0.1380798040218618,0.13807980397896974,0.13807980396752909,0.13807980399053538,0.1380798040218618,0.13807980399053538,0.13807980396752909,0.13807980395607491,0.13807980396752909,0.13807980397896974,0.13807980396752909,0.13807980395607491,0.13704476609724328,0.1370447661158975,0.13704476613846298,0.1370447661158975,0.13704476609724328,0.1370447661158975,0.13704476616185024,0.13704476625393297,0.13704476616185024,0.1370447661158975,0.13704476613846298,0.13704476625393297,0.13704476676382576,0.13704476625393297,0.13704476613846298,0.1370447661158975,0.13704476616185024,0.13704476625393297,0.13704476616185024,0.1370447661158975,0.13704476609724328,0.1370447661158975,0.13704476613846298,0.1370447661158975,0.13704476609724328,0.13602973269209676,0.13602973270509375,0.1360297327178039,0.13602973270509375,0.13602973269209676,0.13602973270509375,0.13602973273054922,0.13602973276455066,0.13602973273054922,0.13602973270509375,0.1360297327178039,0.13602973276455066,0.136029732858823,0.13602973276455066,0.1360297327178039,0.13602973270509375,0.13602973273054922,0.13602973276455066,0.13602973273054922,0.13602973270509375,0.13602973269209676,0.13602973270509375,0.1360297327178039,0.13602973270509375,0.13602973269209676,0.13503425217384132,0.13503425218197537,0.13503425218868656,0.13503425218197537,0.13503425217384132,0.13503425218197537,0.13503425219505355,0.13503425220800988,0.13503425219505355,0.13503425218197537,0.13503425218868656,0.13503425220800988,0.13503425223155432,0.13503425220800988,0.13503425218868656,0.13503425218197537,0.13503425219505355,0.13503425220800988,0.13503425219505355,0.13503425218197537,0.13503425217384132,0.13503425218197537,0.13503425218868656,0.13503425218197537,0.13503425217384132
0.16533248777865148,0.16533248777865148,0.16533248777865148,0.16533248777865148,0.16533248777865148,0.16533248777865148,0.16533248777865125,0.16533248777865125,0.16533248777865125,0.16533248777865148,0.16533248777865148,0.16533248777865125,0.16533248777865125,0.16533248777865125,0.16533248777865125,0.16533248777865148,0.16533248777865125,0.16533248777865125,0.16533248777865125,0.16533248777865148,0.16533248777865148,0.16533248777865148,0.16533248777865125,0.16533248777865148,0.16533248777865148,0.16375749406000167,0.16375749406000167,0.16375749406000145,0.16375749406000167,0.16375749406000167,0.16375749406000167,0.16375749406000145,0.16375749406000145,0.16375749406000145,0.16375749406000167,0.16375749406000145,0.16375749406000145,0.16375749406000145,0.16375749406000145,0.16375749406000145,0.16375749406000167,0.16375749406000145,0.16375749406000145,0.16375749406000145,0.16375749406000167,0.16375749406000167,0.16375749406000167,0.16375749406000145,0.16375749406000167,0.16375749406000167,0.16221388427325528,0.16221388427325506,0.1622138842732548,0.16221388427325506,0.16221388427325528,0.16221388427325506,0.1622138842732546,0.16221388427325437,0.1622138842732546,0.16221388427325506,0.1622138842732548,0.16221388427325437,0.16221388427325437,0.16221388427325437,0.1622138842732548,0.16221388427325506,0.1622138842732546,0.16221388427325437,0.1622138842732546,0.16221388427325506,0.16221388427325528,0.16221388427325506,0.1622138842732548,0.16221388427325506,0.16221388427325528,0.1607010673754533,0.16070106737545242,0.16070106737545176,0.16070106737545242,0.1607010673754533,0.16070106737545242,0.1607010673754513,0.16070106737545065,0.1607010673754513,0.16070106737545242,0.16070106737545176,0.16070106737545065,0.16070106737544998,0.16070106737545065,0.16070106737545176,0.16070106737545242,0.1607010673754513,0.16070106737545065,0.1607010673754513,0.16070106737545242,0.1607010673754533,0.16070106737545242,0.16070106737545176,0.16070106737545242,0.1607010673754533,0.1592184517415755,0.15921845174157245,0.15921845174157048,0.15921845174157245,0.1592184517415755,0.15921845174157245,0.15921845174156918,0.15921845174156724,0.15921845174156918,0.15921845174157245,0.15921845174157048,0.15921845174156724,0.15921845174156504,0.15921845174156724,0.15921845174157048,0.15921845174157245,0.15921845174156918,0.15921845174156724,0.15921845174156918,0.15921845174157245,0.1592184517415755,0.15921845174157245,0.15921845174157048,0.15921845174157245,0.1592184517415755,0.15776544651639254,0.15776544651638333,0.1577654465163774,0.15776544651638333,0.15776544651639254,0.15776544651638333,0.15776544651637334,0.15776544651636693,0.15776544651637334,0.15776544651638333,0.1577654465163774,0.15776544651636693,0.1577654465163601,0.15776544651636693,0.1577654465163774,0.15776544651638333,0.15776544651637334,0.15776544651636693,0.15776544651637334,0.15776544651638333,0.15776544651639254,0.15776544651638333,0.1577654465163774,0.15776544651638333,0.15776544651639254,0.156341462828796,0.1563414628287684,0.15634146282875064,0.1563414628287684,0.156341462828796,0.1563414628287684,0.15634146282873723,0.15634146282871655,0.15634146282873723,0.1563414628287684,0.15634146282875064,0.15634146282871655,0.15634146282869354,0.15634146282871655,0.15634146282875064,0.1563414628287684,0.15634146282873723,0.15634146282871655,0.15634146282873723,0.1563414628287684,0.156341462828796,0.1563414628287684,0.15634146282875064,0.1563414628287684,0.156341462828796,0.15494591487887513,0.15494591487879397,0.15494591487873988,0.15494591487879397,0.15494591487887513,0.15494591487879397,0.15494591487869702,0.1549459148786292,0.15494591487869702,0.15494591487879397,0.15494591487873988,0.1549459148786292,0.1549459148785505,0.1549459148786292,0.15494591487873988,0.15494591487879397,0.15494591487869702,0.1549459148786292,0.15494591487869702,0.15494591487879397,0.15494591487887513,0.15494591487879397,0.15494591487873988,0.15494591487879397,0.15494591487887513,0.1535782209074692,0.15357822090723763,0.15357822090707676,0.15357822090723763,0.1535782209074692,0.15357822090723763,0.15357822090694082,0.15357822090672027,0.15357822090694082,0.15357822090723763,0.15357822090707676,0.15357822090672027,0.1535782209064419,0.15357822090672027,0.15357822090707676,0.15357822090723763,0.15357822090694082,0.15357822090672027,0.15357822090694082,0.15357822090723763,0.1535782209074692,0.15357822090723763,0.15357822090707676,0.15357822090723763,0.1535782209074692,0.1522378040573984,0.1522378040567687,0.15223780405630144,0.1522378040567687,0.1522378040573984,0.1522378040567687,0.15223780405588333,0.15223780405514872,0.15223780405588333,0.1522378040567687,0.15223780405630144,0.15223780405514872,0.1522378040540856,0.15223780405514872,0.15223780405630144,0.1522378040567687,0.15223780405588333,0.15223780405514872,0.15223780405588333,0.1522378040567687,0.1522378040573984,0.1522378040567687,0.15223780405630144,0.1522378040567687,0.1522378040573984,0.15092409313508715,0.15092409313349708,0.15092409313219526,0.15092409313349708,0.15092409313508715,0.15092409313349708,0.1509240931309681,0.15092409312847999,0.1509240931309681,0.15092409313349708,0.15092409313219526,0.15092409312847999,0.15092409312397745,0.15092409312847999,0.15092409313219526,0.15092409313349708,0.1509240931309681,0.15092409312847999,0.1509240931309681,0.15092409313349708,0.15092409313508715,0.15092409313349708,0.15092409313219526,0.15092409313349708,0.15092409313508715,0.14963652328080917,0.14963652327727026,0.14963652327395205,0.14963652327727026,0.14963652328080917,0.14963652327727026,0.1496365232706718,0.14963652326237578,0.1496365232706718,0.14963652327727026,0.14963652327395205,0.14963652326237578,0.1496365232408323,0.14963652326237578,0.14963652327395205,0.14963652327727026,0.1496365232706718,0.14963652326237578,0.1496365232706718,0.14963652327727026,0.14963652328080917,0.14963652327727026,0.14963652327395205,0.14963652327727026,0.14963652328080917,0.14837453655501817,0.14837453654877478,0.1483745365419196,0.14837453654877478,0.14837453655501817,0.14837453654877478,0.1483745365349256,0.1483745365107512,0.1483745365349256,0.14837453654877478,0.1483745365419196,0.1483745365107512,0.14837453639390438,0.1483745365107512,0.1483745365419196,0.14837453654877478,0.1483745365349256,0.1483745365107512,0.1483745365349256,0.14837453654877478,0.14837453655501817,0.14837453654877478,0.1483745365419196,0.14837453654877478,0.14837453655501817,0.14713758244622882,0.14713758243928027,0.1471375824319346,0.14713758243928027,0.14713758244622882,0.14713758243928027,0.14713758242447286,0.1471375824006518,0.14713758242447286,0.14713758243928027,0.1471375824319346,0.1471375824006518,0.14713758229983995,0.1471375824006518,0.1471375824319346,0.14713758243928027,0.14713758242447286,0.1471375824006518,0.14713758242447286,0.14713758243928027,0.14713758244622882,0.14713758243928027,0.1471375824319346,0.14713758243928027,0.14713758244622882,0.1459251183031664,0.14592511829685048,0.1459251182904371,0.14592511829685048,0.1459251183031664,0.14592511829685048,0.14592511828398053,0.14592511826447574,0.14592511828398053,0.14592511829685048,0.1459251182904371,0.14592511826447574,0.14592511818671602,0.14592511826447574,0.1459251182904371,0.14592511829685048,0.14592511828398053,0.14592511826447574,0.14592511828398053,0.14592511829685048,0.1459251183031664,0.14592511829685048,0.1459251182904371,0.14592511829685048,0.1459251183031664,0.14473660970953064,0.14473660970419777,0.14473660969889812,0.14473660970419777,0.14473660970953064,0.14473660970419777,0.14473660969359634,0.14473660967795615,0.14473660969359634,0.14473660970419777,0.14473660969889812,0.14473660967795615,0.14473660961686335,0.14473660967795615,0.14473660969889812,0.14473660970419777,0.14473660969359634,0.14473660967795615,0.14473660969359634,0.14473660970419777,0.14473660970953064,0.14473660970419777,0.14473660969889812,0.14473660970419777,0.14473660970953064,0.1435715308007688,0.14357153079632842,0.14357153079191987,0.14357153079632842,0.1435715308007688,0.14357153079632842,0.14357153078750995,0.14357153077451887,0.14357153078750995,0.14357153079632842,0.14357153079191987,0.14357153077451887,0.1435715307238159,0.14357153077451887,0.14357153079191987,0.14357153079632842,0.14357153078750995,0.14357153077451887,0.14357153078750995,0.14357153079632842,0.1435715308007688,0.14357153079632842,0.14357153079191987,0.14357153079632842,0.1435715308007688,0.1424293645263553,0.1424293645227183,0.1424293645190004,0.1424293645227183,0.1424293645263553,0.1424293645227183,0.14242936451524427,0.14242936450385557,0.14242936451524427,0.1424293645227183,0.1424293645190004,0.14242936450385557,0.14242936445822568,0.14242936450385557,0.1424293645190004,0.1424293645227183,0.14242936451524427,0.14242936450385557,0.14242936451524427,0.1424293645227183,0.1424293645263553,0.1424293645227183,0.1424293645190004,0.1424293645227183,0.1424293645263553,0.141309602862668,0.14130960286013192,0.14130960285727004,0.14130960286013192,0.141309602862668,0.14130960286013192,0.14130960285429764,0.14130960284439206,0.14130960285429764,0.14130960286013192,0.14130960285727004,0.14130960284439206,0.14130960280125646,0.14130960284439206,0.14130960285727004,0.14130960286013192,0.14130960285429764,0.14130960284439206,0.14130960285429764,0.14130960286013192,0.141309602862668,0.14130960286013192,0.14130960285727004,0.14130960286013192,0.141309602862668,0.14021174698110128,0.1402117469808025,0.1402117469798327,0.1402117469808025,0.14021174698110128,0.1402117469808025,0.140211746978673,0.14021174697263553,0.140211746978673,0.1402117469808025,0.1402117469798327,0.14021174697263553,0.14021174693722535,0.14021174697263553,0.1402117469798327,0.1402117469808025,0.140211746978673,0.14021174697263553,0.140211746978673,0.1402117469808025,0.14021174698110128,0.1402117469808025,0.1402117469798327,0.1402117469808025,0.14021174698110128,0.1391353073754559,0.13913530737969662,0.13913530738317983,0.13913530737969662,0.1391353073754559,0.13913530737969662,0.13913530738649654,0.1391353073929459,0.13913530738649654,0.13913530737969662,0.13913530738317983,0.1391353073929459,0.13913530740332944,0.1391353073929459,0.13913530738317983,0.13913530737969662,0.13913530738649654,0.1391353073929459,0.13913530738649654,0.13913530737969662,0.1391353073754559,0.13913530737969662,0.13913530738317983,0.13913530737969662,0.1391353073754559,0.13807980395270883,0.13807980396406547,0.1380798039754072,0.13807980396406547,0.13807980395270883,0.13807980396406547,0.13807980398687236,0.1380798040179219,0.13807980398687236,0.13807980396406547,0.1380798039754072,0.1380798040179219,0.13807980410485204,0.1380798040179219,0.1380798039754072,0.13807980396406547,0.13807980398687236,0.1380798040179219,0.13807980398687236,0.13807980396406547,0.13807980395270883,0.13807980396406547,0.1380798039754072,0.13807980396406547,0.13807980395270883,0.13704476609323352,0.1370447661117187,0.13704476613407815,0.1370447661117187,0.13704476609323352,0.1370447661117187,0.13704476615725147,0.13704476624848733,0.13704476615725147,0.1370447661117187,0.13704476613407815,0.13704476624848733,0.13704476675366115,0.13704476624848733,0.13704476613407815,0.1370447661117187,0.13704476615725147,0.13704476624848733,0.13704476615725147,0.1370447661117187,0.13704476609323352,0.1370447661117187,0.13704476613407815,0.1370447661117187,0.13704476609323352,0.13602973268778193,0.13602973270066024,0.13602973271325375,0.13602973270066024,0.13602973268778193,0.13602973270066024,0.136029732725882,0.1360297327595705,0.136029732725882,0.13602973270066024,0.13602973271325375,0.1360297327595705,0.13602973285297354,0.1360297327595705,0.13602973271325375,0.13602973270066024,0.136029732725882,0.1360297327595705,0.136029732725882,0.13602973270066024,0.13602973268778193,0.13602973270066024,0.13602973271325375,0.13602973270066024,0.13602973268778193,0.1350342521694601,0.13503425217751963,0.13503425218416928,0.13503425217751963,0.1350342521694601,0.13503425217751963,0.1350342521904777,0.13503425220331486,0.1350342521904777,0.13503425217751963,0.13503425218416928,0.13503425220331486,0.1350342522266423,0.13503425220331486,0.13503425218416928,0.13503425217751963,0.1350342521904777,0.13503425220331486,0.1350342521904777,0.13503425217751963,0.1350342521694601,0.13503425217751963,0.13503425218416928,0.13503425217751963,0.1350342521694601
0.1653324877802838,0.1653324877802838,0.1653324877802838,0.1653324877802838,0.1653324877802838,0.1653324877802838,0.1653324877802838,0.1653324877802838,0.1653324877802838,0.1653324877802838,0.1653324877802838,0.1653324877802838,0.16533248778028356,0.1653324877802838,0.1653324877802838,0.1653324877802838,0.1653324877802838,0.1653324877802838,0.1653324877802838,0.1653324877802838,0.1653324877802838,0.1653324877802838,0.1653324877802838,0.1653324877802838,0.1653324877802838,0.16375749406160148,0.16375749406160126,0.16375749406160126,0.16375749406160126,0.16375749406160148,0.16375749406160126,0.16375749406160126,0.16375749406160126,0.16375749406160126,0.16375749406160126,0.16375749406160126,0.16375749406160126,0.16375749406160103,0.16375749406160126,0.16375749406160126,0.16375749406160126,0.16375749406160126,0.16375749406160126,0.16375749406160126,0.16375749406160126,0.16375749406160148,0.16375749406160126,0.16375749406160126,0.16375749406160126,0.16375749406160148,0.16221388427482322,0.16221388427482272,0.16221388427482253,0.16221388427482272,0.16221388427482297,0.16221388427482272,0.16221388427482253,0.16221388427482233,0.16221388427482253,0.16221388427482272,0.16221388427482253,0.16221388427482233,0.16221388427482208,0.16221388427482233,0.16221388427482253,0.16221388427482272,0.16221388427482253,0.16221388427482233,0.16221388427482253,0.16221388427482272,0.16221388427482297,0.16221388427482272,0.16221388427482253,0.16221388427482272,0.16221388427482297,0.16070106737698975,0.1607010673769886,0.1607010673769882,0.1607010673769886,0.16070106737698975,0.1607010673769886,0.16070106737698772,0.16070106737698706,0.16070106737698772,0.1607010673769886,0.1607010673769882,0.16070106737698706,0.1607010673769864,0.16070106737698706,0.1607010673769882,0.1607010673769886,0.16070106737698772,0.16070106737698706,0.16070106737698772,0.1607010673769886,0.16070106737698975,0.1607010673769886,0.1607010673769882,0.1607010673769886,0.16070106737698975,0.1592184517430808,0.15921845174307775,0.1592184517430758,0.15921845174307775,0.1592184517430808,0.15921845174307775,0.15921845174307447,0.15921845174307253,0.15921845174307447,0.15921845174307775,0.1592184517430758,0.15921845174307253,0.1592184517430706,0.15921845174307253,0.1592184517430758,0.15921845174307775,0.15921845174307447,0.15921845174307253,0.15921845174307447,0.15921845174307775,0.1592184517430808,0.15921845174307775,0.1592184517430758,0.15921845174307775,0.1592184517430808,0.15776544651786753,0.15776544651785837,0.1577654465178524,0.15776544651785837,0.15776544651786753,0.15776544651785837,0.15776544651784835,0.15776544651784194,0.15776544651784835,0.15776544651785837,0.1577654465178524,0.15776544651784194,0.15776544651783508,0.15776544651784194,0.1577654465178524,0.15776544651785837,0.15776544651784835,0.15776544651784194,0.15776544651784835,0.15776544651785837,0.15776544651786753,0.15776544651785837,0.1577654465178524,0.15776544651785837,0.15776544651786753,0.15634146283024114,0.15634146283021355,0.15634146283019576,0.15634146283021355,0.15634146283024114,0.15634146283021355,0.15634146283018238,0.1563414628301619,0.15634146283018238,0.15634146283021355,0.15634146283019576,0.1563414628301619,0.1563414628301389,0.1563414628301619,0.15634146283019576,0.15634146283021355,0.15634146283018238,0.1563414628301619,0.15634146283018238,0.15634146283021355,0.15634146283024114,0.15634146283021355,0.15634146283019576,0.15634146283021355,0.15634146283024114,0.15494591488029058,0.15494591488020965,0.15494591488015574,0.15494591488020965,0.15494591488029058,0.15494591488020965,0.15494591488011292,0.1549459148800455,0.15494591488011292,0.15494591488020965,0.15494591488015574,0.1549459148800455,0.1549459148799672,0.1549459148800455,0.15494591488015574,0.15494591488020965,0.15494591488011292,0.1549459148800455,0.15494591488011292,0.15494591488020965,0.15494591488029058,0.15494591488020965,0.15494591488015574,0.15494591488020965,0.15494591488029058,0.15357822090885503,0.15357822090862425,0.153578220908464,0.15357822090862425,0.15357822090885503,0.15357822090862425,0.15357822090832843,0.1535782209081085,0.15357822090832843,0.15357822090862425,0.153578220908464,0.1535782209081085,0.15357822090783113,0.1535782209081085,0.153578220908464,0.15357822090862425,0.15357822090832843,0.1535782209081085,0.15357822090832843,0.15357822090862425,0.15357822090885503,0.15357822090862425,0.153578220908464,0.15357822090862425,0.15357822090885503,0.15223780405875365,0.15223780405812612,0.15223780405766038,0.15223780405812612,0.15223780405875365,0.15223780405812612,0.1522378040572435,0.15223780405651144,0.1522378040572435,0.15223780405812612,0.15223780405766038,0.15223780405651144,0.15223780405545145,0.15223780405651144,0.15223780405766038,0.15223780405812612,0.1522378040572435,0.15223780405651144,0.1522378040572435,0.15223780405812612,0.15223780405875365,0.15223780405812612,0.15223780405766038,0.15223780405812612,0.15223780405875365,0.15092409313640784,0.15092409313482302,0.15092409313352562,0.15092409313482302,0.15092409313640784,0.15092409313482302,0.1509240931323027,0.15092409312982252,0.1509240931323027,0.15092409313482302,0.15092409313352562,0.15092409312982252,0.15092409312533406,0.15092409312982252,0.15092409313352562,0.15092409313482302,0.1509240931323027,0.15092409312982252,0.1509240931323027,0.15092409313482302,0.15092409313640784,0.15092409313482302,0.15092409313352562,0.15092409313482302,0.15092409313640784,0.14963652328208452,0.14963652327855792,0.14963652327525107,0.14963652327855792,0.14963652328208452,0.14963652327855792,0.14963652327198176,0.1496365232637126,0.14963652327198176,0.14963652327855792,0.14963652327525107,0.1496365232637126,0.1496365232422357,0.1496365232637126,0.14963652327525107,0.14963652327855792,0.14963652327198176,0.1496365232637126,0.14963652327198176,0.14963652327855792,0.14963652328208452,0.14963652327855792,0.14963652327525107,0.14963652327855792,0.14963652328208452,0.14837453655622262,0.14837453655000277,0.14837453654317187,0.14837453655000277,0.14837453655622262,0.14837453655000277,0.14837453653620236,0.14837453651210708,0.14837453653620236,0.14837453655000277,0.14837453654317187,0.14837453651210708,0.14837453639563408,0.14837453651210708,0.14837453654317187,0.14837453655000277,0.14837453653620236,0.14837453651210708,0.14837453653620236,0.14837453655000277,0.14837453655622262,0.14837453655000277,0.14837453654317187,0.14837453655000277,0.14837453655622262,0.1471375824473137,0.14713758244039712,0.14713758243308378,0.14713758244039712,0.1471375824473137,0.14713758244039712,0.14713758242565417,0.14713758240193087,0.14713758242565417,0.14713758244039712,0.14713758243308378,0.14713758240193087,0.14713758230152665,0.14713758240193087,0.14713758243308378,0.14713758244039712,0.14713758242565417,0.14713758240193087,0.14713758242565417,0.14713758244039712,0.1471375824473137,0.14713758244039712,0.14713758243308378,0.14713758244039712,0.1471375824473137,0.14592511830406474,0.1459251182977885,0.14592511829141452,0.1459251182977885,0.14592511830406474,0.1459251182977885,0.14592511828499763,0.14592511826560897,0.14592511828499763,0.1459251182977885,0.14592511829141452,0.14592511826560897,0.14592511818830847,0.14592511826560897,0.14592511829141452,0.1459251182977885,0.14592511828499763,0.14592511826560897,0.14592511828499763,0.1459251182977885,0.14592511830406474,0.1459251182977885,0.14592511829141452,0.1459251182977885,0.14592511830406474,0.1447366097101578,0.14473660970487398,0.14473660969962301,0.14473660970487398,0.1447366097101578,0.14473660970487398,0.14473660969436994,0.14473660967887497,0.14473660969436994,0.14473660970487398,0.14473660969962301,0.14473660967887497,0.1447366096183559,0.14473660967887497,0.14473660969962301,0.14473660970487398,0.14473660969436994,0.14473660967887497,0.14473660969436994,0.14473660970487398,0.1447366097101578,0.14473660970487398,0.14473660969962301,0.14473660970487398,0.1447366097101578,0.14357153080102084,0.1435715307966388,0.1435715307922898,0.1435715307966388,0.14357153080102084,0.1435715307966388,0.1435715307879396,0.1435715307751306,0.1435715307879396,0.1435715307966388,0.1435715307922898,0.1435715307751306,0.1435715307251713,0.1435715307751306,0.1435715307922898,0.1435715307966388,0.1435715307879396,0.1435715307751306,0.1435715307879396,0.1435715307966388,0.14357153080102084,0.1435715307966388,0.1435715307922898,0.1435715307966388,0.14357153080102084,0.1424293645261067,0.14242936452253407,0.1424293645188838,0.14242936452253407,0.1424293645261067,0.14242936452253407,0.1424293645151961,0.142429364504022,0.1424293645151961,0.14242936452253407,0.1424293645188838,0.142429364504022,0.14242936445927898,0.142429364504022,0.1424293645188838,0.14242936452253407,0.1424293645151961,0.142429364504022,0.1424293645151961,0.14242936452253407,0.1424293645261067,0.14242936452253407,0.1424293645188838,0.14242936452253407,0.1424293645261067,0.1413096028617787,0.14130960285930302,0.14130960285650776,0.14130960285930302,0.1413096028617787,0.14130960285930302,0.14130960285360378,0.1413096028439238,0.14130960285360378,0.14130960285930302,0.14130960285650776,0.1413096028439238,0.14130960280177074,0.1413096028439238,0.14130960285650776,0.14130960285930302,0.14130960285360378,0.1413096028439238,0.14130960285360378,0.14130960285930302,0.1413096028617787,0.14130960285930302,0.14130960285650776,0.14130960285930302,0.1413096028617787,0.14021174697943764,0.14021174697917432,0.14021174697824956,0.14021174697917432,0.14021174697943764,0.14021174697917432,0.14021174697713723,0.14021174697128053,0.14021174697713723,0.14021174697917432,0.14021174697824956,0.14021174697128053,0.1402117469367882,0.14021174697128053,0.14021174697824956,0.14021174697917432,0.14021174697713723,0.14021174697128053,0.14021174697713723,0.14021174697917432,0.14021174697943764,0.14021174697917432,0.14021174697824956,0.14021174697917432,0.14021174697943764,0.13913530737293353,0.13913530737715338,0.13913530738062158,0.13913530737715338,0.13913530737293353,0.13913530737715338,0.13913530738392454,0.13913530739035607,0.13913530738392454,0.13913530737715338,0.13913530738062158,0.13913530739035607,0.13913530740074984,0.13913530739035607,0.13913530738062158,0.13913530737715338,0.13913530738392454,0.13913530739035607,0.13913530738392454,0.13913530737715338,0.13913530737293353,0.13913530737715338,0.13913530738062158,0.13913530737715338,0.13913530737293353,0.13807980394935854,0.13807980396061825,0.13807980397186156,0.13807980396061825,0.13807980394935854,0.13807980396061825,0.13807980398322672,0.13807980401400086,0.13807980398322672,0.13807980396061825,0.13807980397186156,0.13807980401400086,0.1380798041001473,0.13807980401400086,0.13807980397186156,0.13807980396061825,0.13807980398322672,0.13807980401400086,0.13807980398322672,0.13807980396061825,0.13807980394935854,0.13807980396061825,0.13807980397186156,0.13807980396061825,0.13807980394935854,0.13704476608924335,0.13704476610756056,0.13704476612971503,0.13704476610756056,0.13704476608924335,0.13704476610756056,0.13704476615267566,0.1370447662430697,0.13704476615267566,0.13704476610756056,0.13704476612971503,0.1370447662430697,0.13704476674356889,0.1370447662430697,0.13704476612971503,0.13704476610756056,0.13704476615267566,0.1370447662430697,0.13704476615267566,0.13704476610756056,0.13704476608924335,0.13704476610756056,0.13704476612971503,0.13704476610756056,0.13704476608924335,0.13602973268348842,0.13602973269624863,0.1360297327087263,0.13602973269624863,0.13602973268348842,0.13602973269624863,0.13602973272123825,0.13602973275461555,0.13602973272123825,0.13602973269624863,0.1360297327087263,0.13602973275461555,0.13602973284715436,0.1360297327546157,0.1360297327087263,0.13602973269624863,0.13602973272123825,0.1360297327546157,0.13602973272123825,0.13602973269624863,0.13602973268348842,0.13602973269624863,0.1360297327087263,0.13602973269624863,0.13602973268348842,0.13503425216510073,0.1350342521730861,0.13503425217967446,0.1350342521730861,0.13503425216510073,0.1350342521730861,0.1350342521859247,0.13503425219864343,0.1350342521859247,0.1350342521730861,0.13503425217967446,0.13503425219864343,0.13503425222175516,0.13503425219864343,0.13503425217967446,0.1350342521730861,0.1350342521859247,0.13503425219864343,0.1350342521859247,0.1350342521730861,0.13503425216510073,0.1350342521730861,0.13503425217967446,0.1350342521730861,0.13503425216510073
0.16533248778190882,0.16533248778190882,0.16533248778190882,0.16533248778190882,0.16533248778190882,0.16533248778190882,0.16533248778190882,0.16533248778190882,0.16533248778190882,0.16533248778190882,0.16533248778190882,0.16533248778190882,0.16533248778190882,0.16533248778190882,0.16533248778190882,0.16533248778190882,0.16533248778190882,0.16533248778190882,0.16533248778190882,0.16533248778190882,0.16533248778190882,0.16533248778190882,0.16533248778190882,0.16533248778190882,0.16533248778190882,0.16375749406319415,0.16375749406319393,0.16375749406319393,0.16375749406319393,0.16375749406319415,0.16375749406319393,0.16375749406319393,0.16375749406319393,0.16375749406319393,0.16375749406319393,0.16375749406319393,0.16375749406319393,0.16375749406319368,0.16375749406319393,0.16375749406319393,0.16375749406319393,0.16375749406319393,0.16375749406319393,0.16375749406319393,0.16375749406319393,0.16375749406319415,0.16375749406319393,0.16375749406319393,0.16375749406319393,0.16375749406319415,0.16221388427638386,0.16221388427638342,0.16221388427638342,0.16221388427638342,0.16221388427638386,0.16221388427638342,0.1622138842763832,0.16221388427638297,0.1622138842763832,0.16221388427638342,0.16221388427638342,0.16221388427638297,0.16221388427638272,0.16221388427638297,0.16221388427638342,0.16221388427638342,0.1622138842763832,0.16221388427638297,0.1622138842763832,0.16221388427638342,0.16221388427638386,0.16221388427638342,0.16221388427638342,0.16221388427638342,0.16221388427638386,0.16070106737851902,0.16070106737851816,0.16070106737851747,0.16070106737851816,0.16070106737851902,0.16070106737851816,0.16070106737851703,0.16070106737851636,0.16070106737851703,0.16070106737851816,0.16070106737851747,0.16070106737851636,0.1607010673785157,0.16070106737851636,0.16070106737851747,0.16070106737851816,0.16070106737851703,0.16070106737851636,0.16070106737851703,0.16070106737851816,0.16070106737851902,0.16070106737851816,0.16070106737851747,0.16070106737851816,0.16070106737851902,0.15921845174457933,0.1592184517445763,0.15921845174457455,0.1592184517445763,0.15921845174457933,0.1592184517445763,0.15921845174457325,0.15921845174457128,0.15921845174457325,0.1592184517445763,0.15921845174457455,0.15921845174457128,0.1592184517445691,0.15921845174457128,0.15921845174457455,0.1592184517445763,0.15921845174457325,0.15921845174457128,0.15921845174457325,0.1592184517445763,0.15921845174457933,0.1592184517445763,0.15921845174457455,0.1592184517445763,0.15921845174457933,0.15776544651933572,0.15776544651932678,0.15776544651932078,0.15776544651932678,0.15776544651933572,0.15776544651932678,0.15776544651931673,0.15776544651931032,0.15776544651931673,0.15776544651932678,0.15776544651932078,0.15776544651931032,0.1577654465193035,0.15776544651931032,0.15776544651932078,0.15776544651932678,0.15776544651931673,0.15776544651931032,0.15776544651931673,0.15776544651932678,0.15776544651933572,0.15776544651932678,0.15776544651932078,0.15776544651932678,0.15776544651933572,0.1563414628316796,0.1563414628316522,0.15634146283163441,0.1563414628316522,0.1563414628316796,0.1563414628316522,0.15634146283162126,0.15634146283160055,0.15634146283162126,0.1563414628316522,0.15634146283163441,0.15634146283160055,0.15634146283157777,0.15634146283160055,0.15634146283163441,0.1563414628316522,0.15634146283162126,0.15634146283160055,0.15634146283162126,0.1563414628316522,0.1563414628316796,0.1563414628316522,0.15634146283163441,0.1563414628316522,0.1563414628316796,0.1549459148816997,0.15494591488161896,0.15494591488156526,0.15494591488161896,0.1549459148816997,0.15494591488161896,0.15494591488152265,0.15494591488145543,0.15494591488152265,0.15494591488161896,0.15494591488156526,0.15494591488145543,0.15494591488137735,0.15494591488145543,0.15494591488156526,0.15494591488161896,0.15494591488152265,0.15494591488145543,0.15494591488152265,0.15494591488161896,0.1549459148816997,0.15494591488161896,0.15494591488156526,0.15494591488161896,0.1549459148816997,0.15357822091023463,0.15357822091000467,0.153578220909845,0.15357822091000467,0.15357822091023463,0.15357822091000467,0.15357822090970982,0.1535782209094907,0.15357822090970982,0.15357822091000467,0.153578220909845,0.1535782209094907,0.15357822090921416,0.1535782209094907,0.153578220909845,0.15357822091000467,0.15357822090970982,0.1535782209094907,0.15357822090970982,0.15357822091000467,0.15357822091023463,0.15357822091000467,0.153578220909845,0.15357822091000467,0.15357822091023463,0.1522378040601028,0.15223780405947723,0.15223780405901308,0.15223780405947723,0.1522378040601028,0.15223780405947723,0.15223780405859755,0.15223780405786785,0.15223780405859755,0.15223780405947723,0.15223780405901308,0.15223780405786785,0.15223780405681142,0.15223780405786785,0.15223780405901308,0.15223780405947723,0.15223780405859755,0.15223780405786785,0.15223780405859755,0.15223780405947723,0.1522378040601028,0.15223780405947723,0.15223780405901308,0.15223780405947723,0.1522378040601028,0.1509240931377224,0.1509240931361432,0.15092409313485003,0.1509240931361432,0.1509240931377224,0.1509240931361432,0.15092409313363114,0.15092409313115906,0.15092409313363114,0.1509240931361432,0.15092409313485003,0.15092409313115906,0.1509240931266847,0.15092409313115906,0.15092409313485003,0.1509240931361432,0.15092409313363114,0.15092409313115906,0.15092409313363114,0.1509240931361432,0.1509240931377224,0.1509240931361432,0.15092409313485003,0.1509240931361432,0.1509240931377224,0.14963652328335406,0.14963652327983992,0.14963652327654417,0.14963652327983992,0.14963652328335406,0.14963652327983992,0.1496365232732859,0.14963652326504334,0.1496365232732859,0.14963652327983992,0.14963652327654417,0.14963652326504334,0.14963652324363322,0.14963652326504334,0.14963652327654417,0.14963652327983992,0.1496365232732859,0.14963652326504334,0.1496365232732859,0.14963652327983992,0.14963652328335406,0.14963652327983992,0.14963652327654417,0.14963652327983992,0.14963652328335406,0.14837453655742172,0.148374536551225,0.14837453654441857,0.148374536551225,0.14837453655742172,0.148374536551225,0.14837453653747354,0.1483745365134568,0.14837453653747354,0.148374536551225,0.14837453654441857,0.1483745365134568,0.14837453639732892,0.1483745365134568,0.14837453654441857,0.148374536551225,0.14837453653747354,0.1483745365134568,0.14837453653747354,0.148374536551225,0.14837453655742172,0.148374536551225,0.14837453654441857,0.148374536551225,0.14837453655742172,0.14713758244839348,0.14713758244150868,0.1471375824342275,0.14713758244150868,0.14713758244839348,0.14713758244150868,0.14713758242683006,0.14713758240320407,0.14713758242683006,0.14713758244150868,0.1471375824342275,0.14713758240320407,0.14713758230320226,0.14713758240320407,0.1471375824342275,0.14713758244150868,0.14713758242683006,0.14713758240320407,0.14713758242683006,0.14713758244150868,0.14713758244839348,0.14713758244150868,0.1471375824342275,0.14713758244150868,0.14713758244839348,0.14592511830495827,0.14592511829872173,0.1459251182923871,0.14592511829872173,0.14592511830495827,0.14592511829872173,0.1459251182860094,0.1459251182667368,0.1459251182860094,0.14592511829872173,0.1459251182923871,0.1459251182667368,0.1459251181898754,0.1459251182667368,0.1459251182923871,0.14592511829872173,0.1459251182860094,0.1459251182667368,0.1459251182860094,0.14592511829872173,0.14592511830495827,0.14592511829872173,0.1459251182923871,0.14592511829872173,0.14592511830495827,0.14473660971078148,0.1447366097055462,0.14473660970034374,0.1447366097055462,0.14473660971078148,0.1447366097055462,0.14473660969513935,0.14473660967978874,0.14473660969513935,0.1447366097055462,0.14473660970034374,0.14473660967978874,0.14473660961984694,0.14473660967978874,0.14473660970034374,0.1447366097055462,0.14473660969513935,0.14473660967978874,0.14473660969513935,0.1447366097055462,0.14473660971078148,0.1447366097055462,0.14473660970034374,0.1447366097055462,0.14473660971078148,0.1435715308012705,0.14357153079694662,0.1435715307926567,0.14357153079694662,0.1435715308012705,0.14357153079694662,0.14357153078836601,0.14357153077573803,0.14357153078836601,0.14357153079694662,0.1435715307926567,0.14357153077573803,0.14357153072650988,0.14357153077573803,0.1435715307926567,0.14357153079694662,0.14357153078836601,0.14357153077573803,0.14357153078836601,0.14357153079694662,0.1435715308012705,0.14357153079694662,0.1435715307926567,0.14357153079694662,0.1435715308012705,0.14242936452585775,0.1424293645223494,0.14242936451876603,0.1424293645223494,0.14242936452585775,0.1424293645223494,0.14242936451514662,0.14242936450418556,0.14242936451514662,0.1424293645223494,0.14242936451876603,0.14242936450418556,0.1424293644603276,0.14242936450418556,0.14242936451876603,0.1424293645223494,0.14242936451514662,0.14242936450418556,0.14242936451514662,0.1424293645223494,0.14242936452585775,0.1424293645223494,0.14242936451876603,0.1424293645223494,0.14242936452585775,0.1413096028608921,0.1413096028584764,0.1413096028557471,0.1413096028584764,0.1413096028608921,0.1413096028584764,0.14130960285291103,0.14130960284345506,0.14130960285291103,0.1413096028584764,0.1413096028557471,0.14130960284345506,0.14130960280227023,0.14130960284345506,0.1413096028557471,0.1413096028584764,0.14130960285291103,0.14130960284345506,0.14130960285291103,0.1413096028584764,0.1413096028608921,0.1413096028584764,0.1413096028557471,0.1413096028584764,0.1413096028608921,0.14021174697778063,0.1402117469775526,0.14021174697667219,0.1402117469775526,0.14021174697778063,0.1402117469775526,0.1402117469756068,0.1402117469699292,0.1402117469756068,0.1402117469775526,0.14021174697667219,0.1402117469699292,0.14021174693636024,0.1402117469699292,0.14021174697667219,0.1402117469775526,0.1402117469756068,0.1402117469699292,0.1402117469756068,0.1402117469775526,0.14021174697778063,0.1402117469775526,0.14021174697667219,0.1402117469775526,0.14021174697778063,0.13913530737042273,0.1391353073746217,0.1391353073780747,0.1391353073746217,0.13913530737042273,0.1391353073746217,0.13913530738136407,0.13913530738777774,0.13913530738136407,0.1391353073746217,0.1391353073780747,0.13913530738777774,0.13913530739818117,0.13913530738777774,0.1391353073780747,0.1391353073746217,0.13913530738136407,0.13913530738777774,0.13913530738136407,0.1391353073746217,0.13913530737042273,0.1391353073746217,0.1391353073780747,0.1391353073746217,0.13913530737042273,0.13807980394602454,0.13807980395718766,0.13807980396833314,0.13807980395718766,0.13807980394602454,0.13807980395718766,0.1380798039795989,0.13807980401009926,0.1380798039795989,0.13807980395718766,0.13807980396833314,0.13807980401009926,0.13807980409546644,0.13807980401009926,0.13807980396833314,0.13807980395718766,0.1380798039795989,0.13807980401009926,0.1380798039795989,0.13807980395718766,0.13807980394602454,0.13807980395718766,0.13807980396833314,0.13807980395718766,0.13807980394602454,0.13704476608527316,0.13704476610342323,0.13704476612537417,0.13704476610342323,0.13704476608527316,0.13704476610342323,0.1370447661481233,0.13704476623768005,0.1370447661481233,0.13704476610342323,0.13704476612537417,0.13704476623768005,0.13704476673353136,0.13704476623768005,0.13704476612537417,0.13704476610342323,0.1370447661481233,0.13704476623768005,0.1370447661481233,0.13704476610342323,0.13704476608527316,0.13704476610342323,0.13704476612537417,0.13704476610342323,0.13704476608527316,0.13602973267921678,0.1360297326918594,0.13602973270422192,0.1360297326918594,0.13602973267921678,0.1360297326918594,0.13602973271661817,0.1360297327496864,0.13602973271661817,0.1360297326918594,0.13602973270422192,0.1360297327496864,0.13602973284136577,0.1360297327496864,0.13602973270422192,0.1360297326918594,0.13602973271661817,0.1360297327496864,0.13602973271661817,0.1360297326918594,0.13602973267921678,0.1360297326918594,0.13602973270422192,0.1360297326918594,0.13602973267921678,0.1350342521607636,0.13503425216867523,0.13503425217520276,0.13503425216867523,0.1350342521607636,0.13503425216867523,0.13503425218139511,0.13503425219399592,0.13503425218139511,0.13503425216867523,0.13503425217520276,0.13503425219399592,0.13503425221689327,0.13503425219399592,0.13503425217520276,0.13503425216867523,0.13503425218139511,0.13503425219399592,0.13503425218139511,0.13503425216867523,0.1350342521607636,0.13503425216867523,0.13503425217520276,0.13503425216867523,0.1350342521607636
0.16533248778352652,0.16533248778352652,0.1653324877835263,0.16533248778352652,0.16533248778352652,0.16533248778352652,0.1653324877835263,0.1653324877835263,0.1653324877835263,0.16533248778352652,0.1653324877835263,0.1653324877835263,0.1653324877835263,0.1653324877835263,0.1653324877835263,0.16533248778352652,0.1653324877835263,0.1653324877835263,0.1653324877835263,0.16533248778352652,0.16533248778352652,0.16533248778352652,0.1653324877835263,0.16533248778352652,0.16533248778352652,0.1637574940647794,0.1637574940647794,0.16375749406477919,0.1637574940647794,0.1637574940647794,0.1637574940647794,0.16375749406477919,0.16375749406477919,0.16375749406477919,0.1637574940647794,0.16375749406477919,0.16375749406477919,0.16375749406477919,0.16375749406477919,0.16375749406477919,0.1637574940647794,0.16375749406477919,0.16375749406477919,0.16375749406477919,0.1637574940647794,0.1637574940647794,0.1637574940647794,0.16375749406477919,0.1637574940647794,0.1637574940647794,0.16221388427793754,0.16221388427793706,0.16221388427793684,0.16221388427793706,0.16221388427793754,0.16221388427793706,0.16221388427793684,0.1622138842779366,0.16221388427793684,0.16221388427793706,0.16221388427793684,0.1622138842779366,0.16221388427793637,0.1622138842779366,0.16221388427793684,0.16221388427793706,0.16221388427793684,0.1622138842779366,0.16221388427793684,0.16221388427793706,0.16221388427793754,0.16221388427793706,0.16221388427793684,0.16221388427793706,0.16221388427793754,0.16070106738004145,0.16070106738004053,0.1607010673800399,0.16070106738004053,0.16070106738004145,0.16070106738004053,0.16070106738003945,0.16070106738003878,0.16070106738003945,0.16070106738004053,0.1607010673800399,0.16070106738003878,0.16070106738003812,0.16070106738003878,0.1607010673800399,0.16070106738004053,0.16070106738003945,0.16070106738003878,0.16070106738003945,0.16070106738004053,0.16070106738004145,0.16070106738004053,0.1607010673800399,0.16070106738004053,0.16070106738004145,0.15921845174607113,0.15921845174606808,0.15921845174606633,0.15921845174606808,0.15921845174607113,0.15921845174606808,0.15921845174606505,0.15921845174606308,0.15921845174606505,0.15921845174606808,0.15921845174606633,0.15921845174606308,0.15921845174606092,0.15921845174606283,0.15921845174606633,0.15921845174606808,0.15921845174606505,0.15921845174606283,0.15921845174606505,0.15921845174606808,0.15921845174607113,0.15921845174606808,0.15921845174606633,0.15921845174606808,0.15921845174607113,0.1577654465207973,0.15776544652078836,0.1577654465207826,0.15776544652078836,0.1577654465207973,0.15776544652078836,0.1577654465207783,0.15776544652077212,0.1577654465207783,0.15776544652078836,0.1577654465207826,0.15776544652077212,0.1577654465207653,0.15776544652077212,0.1577654465207826,0.15776544652078836,0.1577654465207783,0.15776544652077212,0.1577654465207783,0.15776544652078836,0.1577654465207973,0.15776544652078836,0.1577654465207826,0.15776544652078836,0.1577654465207973,0.15634146283311154,0.15634146283308414,0.15634146283306657,0.15634146283308437,0.15634146283311154,0.15634146283308414,0.15634146283305342,0.15634146283303293,0.15634146283305342,0.15634146283308437,0.15634146283306657,0.15634146283303293,0.15634146283300993,0.15634146283303293,0.15634146283306657,0.15634146283308437,0.15634146283305342,0.15634146283303293,0.15634146283305342,0.15634146283308437,0.15634146283311154,0.15634146283308437,0.15634146283306657,0.15634146283308437,0.15634146283311154,0.15494591488310225,0.15494591488302192,0.1549459148829684,0.15494591488302192,0.15494591488310225,0.15494591488302192,0.154945914882926,0.1549459148828588,0.154945914882926,0.15494591488302192,0.1549459148829684,0.1549459148828588,0.15494591488278092,0.1549459148828588,0.1549459148829684,0.15494591488302192,0.154945914882926,0.1549459148828588,0.154945914882926,0.15494591488302192,0.15494591488310225,0.15494591488302192,0.1549459148829684,0.15494591488302192,0.15494591488310225,0.153578220911608,0.15357822091137882,0.15357822091121956,0.15357822091137882,0.153578220911608,0.15357822091137882,0.1535782209110848,0.15357822091086648,0.1535782209110848,0.15357822091137882,0.15357822091121956,0.15357822091086648,0.15357822091059073,0.1535782209108663,0.15357822091121956,0.15357822091137882,0.1535782209110848,0.1535782209108663,0.1535782209110848,0.15357822091137882,0.153578220911608,0.15357822091137882,0.15357822091121956,0.15357822091137882,0.153578220911608,0.1522378040614456,0.15223780406082224,0.15223780406035967,0.15223780406082224,0.1522378040614456,0.15223780406082224,0.1522378040599455,0.15223780405921816,0.1522378040599455,0.15223780406082224,0.15223780406035967,0.15223780405921816,0.1522378040581649,0.15223780405921816,0.15223780406035967,0.15223780406082224,0.1522378040599455,0.15223780405921816,0.1522378040599455,0.15223780406082224,0.1522378040614456,0.15223780406082224,0.15223780406035967,0.15223780406082224,0.1522378040614456,0.15092409313903118,0.15092409313745714,0.15092409313616842,0.15092409313745714,0.15092409313903118,0.15092409313745714,0.15092409313495342,0.15092409313248925,0.15092409313495342,0.15092409313745714,0.15092409313616842,0.15092409313248925,0.15092409312802915,0.15092409313248925,0.15092409313616842,0.15092409313745714,0.15092409313495342,0.15092409313248925,0.15092409313495342,0.15092409313745714,0.15092409313903118,0.15092409313745714,0.15092409313616842,0.15092409313745714,0.15092409313903118,0.14963652328461768,0.14963652328111585,0.14963652327783128,0.14963652328111585,0.14963652328461768,0.14963652328111585,0.14963652327458396,0.1496365232663681,0.14963652327458396,0.14963652328111585,0.14963652327783128,0.1496365232663681,0.1496365232450243,0.1496365232663681,0.14963652327783128,0.14963652328111585,0.14963652327458396,0.1496365232663681,0.14963652327458396,0.14963652328111585,0.14963652328461768,0.14963652328111585,0.14963652327783128,0.14963652328111585,0.14963652328461768,0.14837453655861485,0.14837453655244168,0.14837453654565938,0.14837453655244168,0.14837453655861485,0.14837453655244168,0.1483745365387386,0.14837453651480065,0.1483745365387386,0.14837453655244168,0.14837453654565938,0.14837453651480065,0.14837453639904713,0.14837453651480065,0.14837453654565938,0.14837453655244168,0.1483745365387386,0.14837453651480065,0.1483745365387386,0.14837453655244168,0.14837453655861485,0.14837453655244168,0.14837453654565938,0.14837453655244168,0.14837453655861485,0.14713758244946779,0.14713758244261496,0.14713758243536576,0.14713758244261496,0.14713758244946779,0.14713758244261496,0.14713758242800049,0.14713758240447153,0.14713758242800049,0.14713758244261496,0.14713758243536576,0.14713758240447153,0.14713758230485297,0.14713758240447153,0.14713758243536576,0.14713758244261496,0.14713758242800049,0.14713758240447153,0.14713758242800049,0.14713758244261496,0.14713758244946779,0.14713758244261496,0.14713758243536576,0.14713758244261496,0.14713758244946779,0.14592511830584715,0.14592511829965016,0.1459251182933549,0.14592511829965016,0.14592511830584715,0.14592511829965016,0.14592511828701618,0.14592511826785895,0.14592511828701618,0.14592511829965016,0.1459251182933549,0.14592511826785895,0.14592511819145912,0.14592511826785895,0.1459251182933549,0.14592511829965016,0.14592511828701618,0.14592511826785895,0.14592511828701618,0.14592511829965016,0.14592511830584715,0.14592511829965016,0.1459251182933549,0.14592511829965016,0.14592511830584715,0.1447366097114013,0.14473660970621438,0.14473660970106028,0.14473660970621438,0.1447366097114013,0.14473660970621438,0.14473660969590424,0.1447366096806973,0.14473660969590424,0.14473660970621438,0.14473660970106028,0.1447366096806973,0.14473660962132692,0.1447366096806973,0.14473660970106028,0.14473660970621438,0.14473660969590424,0.1447366096806973,0.14473660969590424,0.14473660970621438,0.1447366097114013,0.14473660970621438,0.14473660970106028,0.14473660970621438,0.1447366097114013,0.1435715308015179,0.1435715307972517,0.14357153079302062,0.1435715307972517,0.1435715308015179,0.1435715307972517,0.14357153078878918,0.14357153077634122,0.14357153078878918,0.1435715307972517,0.14357153079302062,0.14357153077634122,0.14357153072783843,0.14357153077634122,0.14357153079302062,0.1435715307972517,0.14357153078878918,0.14357153077634122,0.14357153078878918,0.1435715307972517,0.1435715308015179,0.1435715307972517,0.14357153079302062,0.1435715307972517,0.1435715308015179,0.14242936452560864,0.14242936452216384,0.1424293645186471,0.14242936452216384,0.14242936452560864,0.14242936452216384,0.1424293645150953,0.1424293645043459,0.1424293645150953,0.14242936452216384,0.1424293645186471,0.1424293645043459,0.14242936446137355,0.1424293645043459,0.1424293645186471,0.14242936452216384,0.1424293645150953,0.1424293645043459,0.1424293645150953,0.14242936452216384,0.14242936452560864,0.14242936452216384,0.1424293645186471,0.14242936452216384,0.14242936452560864,0.14130960286000807,0.1413096028576521,0.14130960285498825,0.1413096028576521,0.14130960286000807,0.1413096028576521,0.14130960285221966,0.14130960284298572,0.14130960285221966,0.1413096028576521,0.14130960285498825,0.14130960284298572,0.14130960280276672,0.14130960284298572,0.14130960285498825,0.1413096028576521,0.14130960285221966,0.14130960284298572,0.14130960285221966,0.1413096028576521,0.14130960286000807,0.1413096028576521,0.14130960285498825,0.1413096028576521,0.14130960286000807,0.14021174697613037,0.14021174697593733,0.14021174697510091,0.14021174697593733,0.14021174697613037,0.14021174697593733,0.14021174697408195,0.14021174696858194,0.14021174697408195,0.14021174697593733,0.14021174697510091,0.14021174696858194,0.1402117469358894,0.14021174696858194,0.14021174697510091,0.14021174697593733,0.14021174697408195,0.14021174696858194,0.14021174697408195,0.14021174697593733,0.14021174697613037,0.14021174697593733,0.14021174697510091,0.14021174697593733,0.14021174697613037,0.13913530736792332,0.13913530737210156,0.13913530737553953,0.13913530737210156,0.13913530736792332,0.13913530737210156,0.13913530737881497,0.13913530738521077,0.13913530737881497,0.13913530737210156,0.13913530737553953,0.13913530738521077,0.13913530739562321,0.13913530738521077,0.13913530737553953,0.13913530737210156,0.13913530737881497,0.13913530738521077,0.13913530737881497,0.13913530737210156,0.13913530736792332,0.13913530737210156,0.13913530737553953,0.13913530737210156,0.13913530736792332,0.13807980394270664,0.13807980395377398,0.13807980396482206,0.13807980395377398,0.13807980394270664,0.13807980395377398,0.13807980397598893,0.13807980400621703,0.13807980397598893,0.13807980395377398,0.13807980396482206,0.13807980400621703,0.13807980409080933,0.13807980400621703,0.13807980396482206,0.13807980395377398,0.13807980397598893,0.13807980400621703,0.13807980397598893,0.13807980395377398,0.13807980394270664,0.13807980395377398,0.13807980396482206,0.13807980395377398,0.13807980394270664,0.13704476608132285,0.13704476609930674,0.13704476612105532,0.13704476609930674,0.13704476608132285,0.13704476609930674,0.1370447661435942,0.13704476623231882,0.1370447661435942,0.13704476609930674,0.13704476612105532,0.13704476623231882,0.1370447667235499,0.13704476623231882,0.13704476612105532,0.13704476609930674,0.1370447661435942,0.13704476623231882,0.1370447661435942,0.13704476609930674,0.13704476608132285,0.13704476609930674,0.13704476612105532,0.13704476609930674,0.13704476608132285,0.13602973267496685,0.1360297326874928,0.1360297326997407,0.1360297326874928,0.13602973267496685,0.1360297326874928,0.13602973271202198,0.13602973274478258,0.13602973271202198,0.1360297326874928,0.1360297326997407,0.13602973274478258,0.1360297328356077,0.13602973274478258,0.1360297326997407,0.1360297326874928,0.13602973271202198,0.13602973274478258,0.13602973271202198,0.1360297326874928,0.13602973267496685,0.1360297326874928,0.1360297326997407,0.1360297326874928,0.13602973267496685,0.13503425215644865,0.13503425216428708,0.13503425217075404,0.13503425216428708,0.13503425215644865,0.13503425216428708,0.1350342521768889,0.13503425218937246,0.1350342521768889,0.13503425216428708,0.13503425217075404,0.13503425218937246,0.1350342522120566,0.13503425218937246,0.13503425217075404,0.13503425216428708,0.1350342521768889,0.13503425218937246,0.1350342521768889,0.13503425216428708,0.13503425215644865,0.13503425216428708,0.13503425217075404,0.13503425216428708,0.13503425215644865
0.16533248778513668,0.1653324877851364,0.1653324877851364,0.1653324877851364,0.16533248778513668,0.1653324877851364,0.1653324877851364,0.1653324877851364,0.1653324877851364,0.1653324877851364,0.1653324877851364,0.1653324877851364,0.1653324877851364,0.1653324877851364,0.1653324877851364,0.1653324877851364,0.1653324877851364,0.1653324877851364,0.1653324877851364,0.16533248778513668,0.16533248778513668,0.1653324877851364,0.1653324877851364,0.16533248778513668,0.16533248778513668,0.1637574940663575,0.16375749406635726,0.16375749406635726,0.16375749406635726,0.1637574940663575,0.16375749406635726,0.16375749406635726,0.16375749406635726,0.16375749406635726,0.16375749406635726,0.16375749406635726,0.16375749406635726,0.163757494066357,0.163757494066357,0.16375749406635726,0.16375749406635726,0.16375749406635726,0.163757494066357,0.16375749406635726,0.16375749406635726,0.1637574940663575,0.16375749406635726,0.16375749406635726,0.16375749406635726,0.1637574940663575,0.16221388427948388,0.16221388427948344,0.16221388427948322,0.16221388427948344,0.16221388427948388,0.16221388427948344,0.16221388427948322,0.162213884279483,0.16221388427948322,0.16221388427948344,0.16221388427948322,0.162213884279483,0.1622138842794828,0.162213884279483,0.16221388427948322,0.16221388427948344,0.16221388427948322,0.162213884279483,0.16221388427948322,0.16221388427948344,0.16221388427948388,0.16221388427948344,0.16221388427948322,0.16221388427948344,0.16221388427948388,0.16070106738155673,0.16070106738155587,0.16070106738155518,0.16070106738155587,0.16070106738155673,0.16070106738155587,0.16070106738155476,0.16070106738155432,0.16070106738155476,0.16070106738155587,0.16070106738155518,0.16070106738155432,0.16070106738155363,0.16070106738155432,0.16070106738155518,0.16070106738155587,0.16070106738155476,0.16070106738155432,0.16070106738155476,0.16070106738155587,0.16070106738155673,0.16070106738155587,0.16070106738155518,0.16070106738155587,0.16070106738155673,0.15921845174755597,0.15921845174755292,0.15921845174755117,0.15921845174755292,0.15921845174755597,0.15921845174755292,0.15921845174754987,0.15921845174754792,0.15921845174754987,0.15921845174755292,0.15921845174755117,0.15921845174754792,0.15921845174754573,0.15921845174754792,0.15921845174755117,0.15921845174755292,0.15921845174754987,0.15921845174754792,0.15921845174754987,0.15921845174755292,0.15921845174755597,0.15921845174755292,0.15921845174755117,0.15921845174755292,0.15921845174755597,0.15776544652225227,0.15776544652224309,0.1577654465222373,0.15776544652224309,0.15776544652225227,0.15776544652224309,0.15776544652223326,0.15776544652222688,0.15776544652223326,0.15776544652224309,0.1577654465222373,0.15776544652222688,0.15776544652222027,0.15776544652222688,0.1577654465222373,0.15776544652224309,0.15776544652223326,0.15776544652222688,0.15776544652223326,0.15776544652224309,0.15776544652225227,0.15776544652224309,0.1577654465222373,0.15776544652224309,0.15776544652225227,0.15634146283453682,0.15634146283450964,0.15634146283449207,0.15634146283450964,0.15634146283453682,0.15634146283450964,0.1563414628344789,0.1563414628344584,0.1563414628344789,0.15634146283450964,0.15634146283449207,0.1563414628344584,0.1563414628344356,0.1563414628344584,0.15634146283449207,0.15634146283450964,0.1563414628344789,0.1563414628344584,0.1563414628344789,0.15634146283450964,0.15634146283453682,0.15634146283450964,0.15634146283449207,0.15634146283450964,0.15634146283453682,0.15494591488449846,0.15494591488441833,0.15494591488436504,0.15494591488441833,0.15494591488449846,0.15494591488441833,0.15494591488432263,0.15494591488425583,0.15494591488432263,0.15494591488441833,0.15494591488436504,0.15494591488425583,0.15494591488417814,0.15494591488425583,0.15494591488436504,0.15494591488441833,0.15494591488432263,0.15494591488425583,0.15494591488432263,0.15494591488441833,0.15494591488449846,0.15494591488441833,0.15494591488436504,0.15494591488441833,0.15494591488449846,0.15357822091297493,0.15357822091274637,0.1535782209125877,0.15357822091274637,0.15357822091297493,0.15357822091274637,0.15357822091245354,0.15357822091223583,0.15357822091245354,0.15357822091274637,0.1535782209125877,0.15357822091223583,0.15357822091196108,0.15357822091223583,0.1535782209125877,0.15357822091274637,0.15357822091245354,0.15357822091223583,0.15357822091245354,0.15357822091274637,0.15357822091297493,0.15357822091274637,0.1535782209125877,0.15357822091274637,0.15357822091297493,0.15223780406278237,0.15223780406216095,0.15223780406169993,0.15223780406216095,0.15223780406278237,0.15223780406216095,0.15223780406128715,0.1522378040605622,0.15223780406128715,0.15223780406216095,0.15223780406169993,0.1522378040605622,0.15223780405951226,0.1522378040605622,0.15223780406169993,0.15223780406216095,0.15223780406128715,0.1522378040605622,0.15223780406128715,0.15223780406216095,0.15223780406278237,0.15223780406216095,0.15223780406169993,0.15223780406216095,0.15223780406278237,0.1509240931403336,0.15092409313876515,0.1509240931374807,0.15092409313876515,0.1509240931403336,0.15092409313876515,0.15092409313626973,0.15092409313381347,0.15092409313626973,0.15092409313876515,0.1509240931374807,0.15092409313381347,0.15092409312936725,0.15092409313381347,0.1509240931374807,0.15092409313876515,0.15092409313626973,0.15092409313381347,0.15092409313626973,0.15092409313876515,0.1509240931403336,0.15092409313876515,0.1509240931374807,0.15092409313876515,0.1509240931403336,0.14963652328587548,0.1496365232823859,0.1496365232791125,0.1496365232823859,0.14963652328587548,0.1496365232823859,0.14963652327587595,0.14963652326768656,0.14963652327587595,0.1496365232823859,0.1496365232791125,0.14963652326768656,0.14963652324640914,0.14963652326768656,0.1496365232791125,0.1496365232823859,0.14963652327587595,0.14963652326768656,0.14963652327587595,0.1496365232823859,0.14963652328587548,0.1496365232823859,0.1496365232791125,0.1496365232823859,0.14963652328587548,0.14837453655980246,0.14837453655365246,0.14837453654689442,0.14837453655365246,0.14837453655980246,0.14837453655365246,0.1483745365399979,0.1483745365161382,0.1483745365399979,0.14837453655365246,0.14837453654689442,0.1483745365161382,0.1483745364007121,0.1483745365161382,0.14837453654689442,0.14837453655365246,0.1483745365399979,0.1483745365161382,0.1483745365399979,0.14837453655365246,0.14837453655980246,0.14837453655365246,0.14837453654689442,0.14837453655365246,0.14837453655980246,0.14713758245053685,0.1471375824437156,0.1471375824364984,0.1471375824437156,0.14713758245053685,0.1471375824437156,0.14713758242916528,0.14713758240573313,0.14713758242916528,0.1471375824437156,0.1471375824364984,0.14713758240573313,0.14713758230650695,0.14713758240573313,0.1471375824364984,0.1471375824437156,0.14713758242916528,0.14713758240573313,0.14713758242916528,0.1471375824437156,0.14713758245053685,0.1471375824437156,0.1471375824364984,0.1471375824437156,0.14713758245053685,0.14592511830673144,0.1459251183005738,0.1459251182943175,0.1459251183005738,0.14592511830673144,0.1459251183005738,0.1459251182880178,0.1459251182689756,0.1459251182880178,0.1459251183005738,0.1459251182943175,0.1459251182689756,0.14592511819298531,0.1459251182689756,0.1459251182943175,0.1459251183005738,0.1459251182880178,0.1459251182689756,0.1459251182880178,0.1459251183005738,0.14592511830673144,0.1459251183005738,0.1459251182943175,0.1459251183005738,0.14592511830673144,0.14473660971201727,0.1447366097068787,0.1447366097017726,0.1447366097068787,0.14473660971201727,0.1447366097068787,0.14473660969666474,0.14473660968160093,0.14473660969666474,0.1447366097068787,0.1447366097017726,0.14473660968160093,0.14473660962278775,0.14473660968160093,0.1447366097017726,0.1447366097068787,0.14473660969666474,0.14473660968160093,0.14473660969666474,0.1447366097068787,0.14473660971201727,0.1447366097068787,0.1447366097017726,0.1447366097068787,0.14473660971201727,0.14357153080176296,0.14357153079755425,0.1435715307933815,0.14357153079755425,0.14357153080176296,0.14357153079755425,0.14357153078920892,0.14357153077694013,0.14357153078920892,0.14357153079755425,0.1435715307933815,0.14357153077694013,0.14357153072915804,0.14357153077694013,0.1435715307933815,0.14357153079755425,0.14357153078920892,0.14357153077694013,0.14357153078920892,0.14357153079755425,0.14357153080176296,0.14357153079755425,0.1435715307933815,0.14357153079755425,0.14357153080176296,0.1424293645253592,0.14242936452197763,0.14242936451852717,0.14242936452197763,0.1424293645253592,0.14242936452197763,0.14242936451504262,0.14242936450450344,0.14242936451504262,0.14242936452197763,0.14242936451852717,0.14242936450450344,0.14242936446237905,0.14242936450450344,0.14242936451852717,0.14242936452197763,0.14242936451504262,0.14242936450450344,0.14242936451504262,0.14242936452197763,0.1424293645253592,0.14242936452197763,0.14242936451852717,0.14242936452197763,0.1424293645253592,0.1413096028591269,0.14130960285682995,0.14130960285423105,0.14130960285682995,0.1413096028591269,0.14130960285682995,0.14130960285152938,0.14130960284251567,0.14130960285152938,0.14130960285682995,0.14130960285423105,0.14130960284251567,0.14130960280324173,0.14130960284251567,0.14130960285423105,0.14130960285682995,0.14130960285152938,0.14130960284251567,0.14130960285152938,0.14130960285682995,0.1413096028591269,0.14130960285682995,0.14130960285423105,0.14130960285682995,0.1413096028591269,0.14021174697448688,0.14021174697432837,0.14021174697353564,0.14021174697432837,0.14021174697448688,0.14021174697432837,0.14021174697256278,0.14021174696723854,0.14021174697256278,0.14021174697432837,0.14021174697353564,0.14021174696723854,0.14021174693545208,0.14021174696723854,0.14021174697353564,0.14021174697432837,0.14021174697256278,0.14021174696723854,0.14021174697256278,0.14021174697432837,0.14021174697448688,0.14021174697432837,0.14021174697353564,0.14021174697432837,0.14021174697448688,0.13913530736543542,0.13913530736959312,0.13913530737301594,0.13913530736959312,0.13913530736543542,0.13913530736959312,0.1391353073762776,0.1391353073826555,0.1391353073762776,0.13913530736959312,0.13913530737301594,0.1391353073826555,0.13913530739307636,0.1391353073826555,0.13913530737301594,0.13913530736959312,0.1391353073762776,0.1391353073826555,0.1391353073762776,0.13913530736959312,0.13913530736543542,0.13913530736959312,0.13913530737301594,0.13913530736959312,0.13913530736543542,0.1380798039394052,0.138079803950377,0.13807980396132835,0.138079803950377,0.1380798039394052,0.138079803950377,0.13807980397239691,0.1380798040023543,0.13807980397239691,0.138079803950377,0.13807980396132835,0.1380798040023543,0.13807980408617623,0.1380798040023543,0.13807980396132835,0.138079803950377,0.13807980397239691,0.1380798040023543,0.13807980397239691,0.138079803950377,0.1380798039394052,0.138079803950377,0.13807980396132835,0.138079803950377,0.1380798039394052,0.1370447660773926,0.13704476609521138,0.13704476611675864,0.13704476609521138,0.1370447660773926,0.13704476609521138,0.13704476613908861,0.1370447662269857,0.13704476613908861,0.13704476609521138,0.13704476611675864,0.1370447662269857,0.13704476671361457,0.1370447662269857,0.13704476611675864,0.13704476609521138,0.13704476613908861,0.1370447662269857,0.13704476613908861,0.13704476609521138,0.1370447660773926,0.13704476609521138,0.13704476611675864,0.13704476609521138,0.1370447660773926,0.13602973267073878,0.13602973268314858,0.1360297326952827,0.13602973268314858,0.13602973267073878,0.13602973268314858,0.13602973270744964,0.13602973273990457,0.13602973270744964,0.13602973268314858,0.1360297326952827,0.13602973273990457,0.1360297328298804,0.13602973273990457,0.1360297326952827,0.13602973268314858,0.13602973270744964,0.13602973273990457,0.13602973270744964,0.13602973268314858,0.13602973267073878,0.13602973268314858,0.1360297326952827,0.13602973268314858,0.13602973267073878,0.13503425215215595,0.13503425215992154,0.13503425216632825,0.13503425215992154,0.13503425215215595,0.13503425215992154,0.13503425217240594,0.13503425218477308,0.13503425217240594,0.13503425215992154,0.13503425216632825,0.13503425218477308,0.13503425220724533,0.13503425218477308,0.13503425216632825,0.13503425215992154,0.13503425217240594,0.13503425218477308,0.13503425217240594,0.13503425215992154,0.13503425215215595,0.13503425215992154,0.13503425216632825,0.13503425215992154,0.13503425215215595
0.165332487786739,0.165332487786739,0.165332487786739,0.165332487786739,0.165332487786739,0.165332487786739,0.165332487786739,0.16533248778673879,0.165332487786739,0.165332487786739,0.165332487786739,0.16533248778673879,0.16533248778673879,0.16533248778673879,0.165332487786739,0.165332487786739,0.165332487786739,0.16533248778673879,0.165332487786739,0.165332487786739,0.165332487786739,0.165332487786739,0.165332487786739,0.165332487786739,0.165332487786739,0.16375749406792792,0.1637574940679277,0.1637574940679277,0.1637574940679277,0.16375749406792792,0.1637574940679277,0.1637574940679277,0.16375749406792744,0.1637574940679277,0.1637574940679277,0.1637574940679277,0.16375749406792744,0.16375749406792744,0.16375749406792744,0.1637574940679277,0.1637574940679277,0.1637574940679277,0.16375749406792744,0.1637574940679277,0.1637574940679277,0.16375749406792792,0.1637574940679277,0.1637574940679277,0.1637574940679277,0.16375749406792792,0.16221388428102282,0.1622138842810226,0.16221388428102235,0.1622138842810226,0.16221388428102282,0.1622138842810226,0.16221388428102212,0.16221388428102193,0.16221388428102212,0.1622138842810226,0.16221388428102235,0.16221388428102193,0.16221388428102168,0.16221388428102193,0.16221388428102235,0.1622138842810226,0.16221388428102212,0.16221388428102193,0.16221388428102212,0.1622138842810226,0.16221388428102282,0.1622138842810226,0.16221388428102235,0.1622138842810226,0.16221388428102282,0.16070106738306494,0.16070106738306383,0.1607010673830634,0.16070106738306383,0.16070106738306494,0.16070106738306383,0.16070106738306295,0.16070106738306228,0.16070106738306295,0.16070106738306383,0.1607010673830634,0.16070106738306228,0.1607010673830616,0.16070106738306228,0.1607010673830634,0.16070106738306383,0.16070106738306295,0.16070106738306228,0.16070106738306295,0.16070106738306406,0.16070106738306494,0.16070106738306383,0.1607010673830634,0.16070106738306406,0.16070106738306494,0.1592184517490336,0.1592184517490308,0.15921845174902882,0.1592184517490308,0.1592184517490336,0.1592184517490308,0.15921845174902752,0.15921845174902555,0.15921845174902752,0.1592184517490308,0.15921845174902882,0.15921845174902555,0.1592184517490236,0.15921845174902555,0.15921845174902882,0.1592184517490308,0.15921845174902752,0.15921845174902555,0.15921845174902752,0.1592184517490308,0.1592184517490336,0.1592184517490308,0.15921845174902882,0.1592184517490308,0.1592184517490336,0.15776544652370017,0.157765446523691,0.15776544652368524,0.157765446523691,0.15776544652370017,0.157765446523691,0.15776544652368116,0.157765446523675,0.15776544652368116,0.157765446523691,0.15776544652368524,0.157765446523675,0.1577654465236682,0.157765446523675,0.15776544652368524,0.157765446523691,0.15776544652368116,0.157765446523675,0.15776544652368116,0.157765446523691,0.15776544652370017,0.157765446523691,0.15776544652368524,0.157765446523691,0.15776544652370017,0.1563414628359554,0.15634146283592823,0.15634146283591066,0.15634146283592823,0.1563414628359554,0.15634146283592823,0.15634146283589748,0.15634146283587722,0.15634146283589748,0.15634146283592823,0.15634146283591066,0.15634146283587722,0.1563414628358544,0.15634146283587722,0.15634146283591066,0.15634146283592823,0.15634146283589748,0.15634146283587722,0.15634146283589748,0.15634146283592823,0.1563414628359554,0.15634146283592823,0.15634146283591066,0.15634146283592823,0.1563414628359554,0.1549459148858879,0.15494591488580797,0.1549459148857549,0.15494591488580797,0.1549459148858879,0.15494591488580797,0.1549459148857127,0.15494591488564607,0.1549459148857127,0.15494591488580797,0.1549459148857549,0.15494591488564607,0.1549459148855686,0.15494591488564607,0.1549459148857549,0.15494591488580797,0.1549459148857127,0.15494591488564607,0.1549459148857127,0.15494591488580797,0.1549459148858879,0.15494591488580797,0.1549459148857549,0.15494591488580797,0.1549459148858879,0.15357822091433523,0.15357822091410747,0.15357822091394943,0.15357822091410747,0.15357822091433523,0.15357822091410747,0.15357822091381546,0.15357822091359855,0.15357822091381546,0.15357822091410747,0.15357822091394943,0.15357822091359855,0.1535782209133246,0.15357822091359855,0.15357822091394943,0.15357822091410747,0.15357822091381546,0.15357822091359855,0.15357822091381546,0.15357822091410747,0.15357822091433523,0.15357822091410747,0.15357822091394943,0.15357822091410747,0.15357822091433523,0.15223780406411258,0.15223780406349335,0.1522378040630337,0.15223780406349335,0.15223780406411258,0.15223780406349335,0.15223780406262233,0.1522378040618997,0.15223780406262233,0.15223780406349335,0.1522378040630337,0.1522378040618997,0.15223780406085313,0.1522378040618997,0.1522378040630337,0.15223780406349335,0.15223780406262233,0.1522378040618997,0.15223780406262233,0.15223780406349335,0.15223780406411258,0.15223780406349335,0.1522378040630337,0.15223780406349335,0.15223780406411258,0.1509240931416298,0.15092409314006677,0.15092409313878657,0.15092409314006677,0.1509240931416298,0.15092409314006677,0.15092409313757965,0.1509240931351313,0.15092409313757965,0.15092409314006677,0.15092409313878657,0.1509240931351313,0.15092409313069916,0.1509240931351313,0.15092409313878657,0.15092409314006677,0.15092409313757965,0.1509240931351313,0.15092409313757965,0.15092409314006677,0.1509240931416298,0.15092409314006677,0.15092409313878657,0.15092409314006677,0.1509240931416298,0.149636523287127,0.14963652328364976,0.1496365232803875,0.14963652328364976,0.149636523287127,0.14963652328364976,0.14963652327716173,0.1496365232689988,0.14963652327716173,0.14963652328364976,0.1496365232803875,0.1496365232689988,0.14963652324778737,0.1496365232689988,0.1496365232803875,0.14963652328364976,0.14963652327716173,0.1496365232689988,0.14963652327716173,0.14963652328364976,0.149636523287127,0.14963652328364976,0.1496365232803875,0.14963652328364976,0.149636523287127,0.14837453656098412,0.14837453655485747,0.14837453654812335,0.14837453655485747,0.14837453656098412,0.14837453655485747,0.14837453654125093,0.14837453651746957,0.14837453654125093,0.14837453655485747,0.14837453654812335,0.14837453651746957,0.14837453640242568,0.14837453651746957,0.14837453654812335,0.14837453655485747,0.14837453654125093,0.14837453651746957,0.14837453654125093,0.14837453655485747,0.14837453656098412,0.14837453655485747,0.14837453654812335,0.14837453655485747,0.14837453656098412,0.14713758245160044,0.14713758244481084,0.1471375824376254,0.14713758244481084,0.14713758245160044,0.14713758244481084,0.14713758243032404,0.14713758240698854,0.14713758243032404,0.14713758244481084,0.1471375824376254,0.14713758240698854,0.14713758230811952,0.14713758240698854,0.1471375824376254,0.14713758244481084,0.14713758243032404,0.14713758240698854,0.14713758243032404,0.14713758244481084,0.14713758245160044,0.14713758244481084,0.1471375824376254,0.14713758244481084,0.14713758245160044,0.1459251183076107,0.14592511830149224,0.14592511829527477,0.14592511830149224,0.1459251183076107,0.14592511830149224,0.14592511828901406,0.14592511827008656,0.14592511828901406,0.14592511830149224,0.14592511829527477,0.14592511827008656,0.1459251181945692,0.14592511827008656,0.14592511829527477,0.14592511830149224,0.14592511828901406,0.14592511827008656,0.14592511828901406,0.14592511830149224,0.1459251183076107,0.14592511830149224,0.14592511829527477,0.14592511830149224,0.1459251183076107,0.14473660971262925,0.14473660970753868,0.14473660970248056,0.14473660970753868,0.14473660971262925,0.14473660970753868,0.14473660969742075,0.14473660968249935,0.14473660969742075,0.14473660970753868,0.14473660970248056,0.14473660968249935,0.1447366096242313,0.14473660968249935,0.14473660970248056,0.14473660970753868,0.14473660969742075,0.14473660968249935,0.14473660969742075,0.14473660970753868,0.14473660971262925,0.14473660970753868,0.14473660970248056,0.14473660970753868,0.14473660971262925,0.1435715308020054,0.1435715307978539,0.1435715307937393,0.1435715307978539,0.1435715308020054,0.1435715307978539,0.14357153078962526,0.14357153077753457,0.14357153078962526,0.1435715307978539,0.1435715307937393,0.14357153077753457,0.14357153073048792,0.14357153077753457,0.1435715307937393,0.1435715307978539,0.14357153078962526,0.14357153077753457,0.14357153078962526,0.1435715307978539,0.1435715308020054,0.1435715307978539,0.1435715307937393,0.1435715307978539,0.1435715308020054,0.1424293645251094,0.1424293645217906,0.14242936451840585,0.1424293645217906,0.1424293645251094,0.1424293645217906,0.1424293645149881,0.14242936450465793,0.1424293645149881,0.1424293645217906,0.14242936451840585,0.14242936450465793,0.14242936446341173,0.14242936450465793,0.14242936451840585,0.1424293645217906,0.1424293645149881,0.14242936450465793,0.1424293645149881,0.1424293645217906,0.1424293645251094,0.1424293645217906,0.14242936451840585,0.1424293645217906,0.1424293645251094,0.14130960285824845,0.14130960285601007,0.14130960285347566,0.14130960285601007,0.14130960285824845,0.14130960285601007,0.14130960285084027,0.1413096028420451,0.14130960285084027,0.14130960285601007,0.14130960285347566,0.1413096028420451,0.14130960280371438,0.1413096028420451,0.14130960285347566,0.14130960285601007,0.14130960285084027,0.1413096028420451,0.14130960285084027,0.14130960285601007,0.14130960285824845,0.14130960285601007,0.14130960285347566,0.14130960285601007,0.14130960285824845,0.14021174697285016,0.14021174697272581,0.14021174697197633,0.14021174697272581,0.14021174697285016,0.14021174697272581,0.14021174697104927,0.1402117469658992,0.14021174697104927,0.14021174697272581,0.14021174697197633,0.1402117469658992,0.14021174693498556,0.1402117469658992,0.14021174697197633,0.14021174697272581,0.14021174697104927,0.1402117469658992,0.14021174697104927,0.14021174697272581,0.14021174697285016,0.14021174697272581,0.14021174697197633,0.14021174697272581,0.14021174697285016,0.13913530736295907,0.13913530736709606,0.1391353073705038,0.13913530736709606,0.13913530736295907,0.13913530736709606,0.13913530737375193,0.1391353073801115,0.13913530737375193,0.13913530736709606,0.1391353073705038,0.1391353073801115,0.13913530739054025,0.1391353073801115,0.1391353073705038,0.13913530736709606,0.13913530737375193,0.1391353073801115,0.13913530737375193,0.13913530736709606,0.13913530736295907,0.13913530736709606,0.1391353073705038,0.13913530736709606,0.13913530736295907,0.13807980393611988,0.13807980394699695,0.13807980395785202,0.13807980394699695,0.13807980393611988,0.13807980394699695,0.13807980396882277,0.13807980399851086,0.13807980396882277,0.13807980394699695,0.13807980395785202,0.13807980399851086,0.138079804081567,0.13807980399851086,0.13807980395785202,0.13807980394699695,0.13807980396882277,0.13807980399851086,0.13807980396882277,0.13807980394699695,0.13807980393611988,0.13807980394699695,0.13807980395785202,0.13807980394699695,0.13807980393611988,0.13704476607348226,0.1370447660911369,0.13704476611248406,0.1370447660911369,0.13704476607348226,0.1370447660911369,0.13704476613460617,0.13704476622168088,0.13704476613460617,0.1370447660911369,0.13704476611248406,0.13704476622168088,0.13704476670374865,0.13704476622168088,0.13704476611248406,0.1370447660911369,0.13704476613460617,0.13704476622168088,0.13704476613460617,0.1370447660911369,0.13704476607348226,0.1370447660911369,0.13704476611248406,0.1370447660911369,0.13704476607348226,0.13602973266653234,0.1360297326788269,0.13602973269084773,0.1360297326788269,0.13602973266653234,0.1360297326788269,0.13602973270290103,0.13602973273505206,0.13602973270290103,0.1360297326788269,0.13602973269084773,0.13602973273505206,0.13602973282418365,0.13602973273505206,0.13602973269084773,0.1360297326788269,0.13602973270290103,0.13602973273505206,0.13602973270290103,0.1360297326788269,0.13602973266653234,0.1360297326788269,0.13602973269084773,0.1360297326788269,0.13602973266653234,0.1350342521478855,0.13503425215557868,0.13503425216192544,0.13503425215557868,0.1350342521478855,0.13503425215557868,0.1350342521679464,0.1350342521801977,0.1350342521679464,0.13503425215557868,0.13503425216192544,0.1350342521801977,0.13503425220245924,0.1350342521801977,0.13503425216192544,0.13503425215557868,0.1350342521679464,0.1350342521801977,0.1350342521679464,0.13503425215557868,0.1350342521478855,0.13503425215557868,0.13503425216192544,0.13503425215557868,0.1350342521478855
0.16533248778833384,0.16533248778833384,0.16533248778833384,0.16533248778833384,0.16533248778833384,0.16533248778833384,0.16533248778833384,0.16533248778833384,0.16533248778833384,0.16533248778833384,0.16533248778833384,0.16533248778833384,0.16533248778833384,0.16533248778833384,0.16533248778833384,0.16533248778833384,0.16533248778833384,0.16533248778833384,0.16533248778833384,0.16533248778833384,0.16533248778833384,0.16533248778833384,0.16533248778833384,0.16533248778833384,0.16533248778833384,0.16375749406949097,0.16375749406949075,0.16375749406949075,0.16375749406949075,0.16375749406949097,0.16375749406949075,0.16375749406949075,0.16375749406949075,0.16375749406949075,0.16375749406949075,0.16375749406949075,0.16375749406949075,0.16375749406949053,0.16375749406949075,0.16375749406949075,0.16375749406949075,0.16375749406949075,0.16375749406949075,0.16375749406949075,0.16375749406949075,0.16375749406949097,0.16375749406949075,0.16375749406949075,0.16375749406949075,0.16375749406949097,0.16221388428255448,0.16221388428255426,0.16221388428255398,0.16221388428255426,0.16221388428255448,0.16221388428255426,0.16221388428255398,0.1622138842825538,0.16221388428255398,0.16221388428255426,0.16221388428255398,0.1622138842825538,0.16221388428255357,0.1622138842825538,0.16221388428255398,0.16221388428255426,0.16221388428255398,0.1622138842825538,0.16221388428255398,0.16221388428255426,0.16221388428255448,0.16221388428255426,0.16221388428255398,0.16221388428255426,0.16221388428255448,0.1607010673845658,0.16070106738456494,0.16070106738456424,0.16070106738456494,0.1607010673845658,0.16070106738456494,0.16070106738456405,0.16070106738456338,0.16070106738456405,0.16070106738456494,0.16070106738456424,0.16070106738456338,0.1607010673845627,0.16070106738456338,0.16070106738456424,0.16070106738456494,0.16070106738456405,0.16070106738456338,0.16070106738456405,0.16070106738456494,0.1607010673845658,0.16070106738456494,0.16070106738456424,0.16070106738456494,0.1607010673845658,0.1592184517505045,0.15921845175050145,0.1592184517504997,0.15921845175050145,0.1592184517505045,0.15921845175050145,0.1592184517504984,0.15921845175049643,0.1592184517504984,0.15921845175050145,0.1592184517504997,0.15921845175049643,0.15921845175049426,0.15921845175049643,0.1592184517504997,0.15921845175050145,0.1592184517504984,0.15921845175049643,0.1592184517504984,0.15921845175050145,0.1592184517505045,0.15921845175050145,0.1592184517504997,0.15921845175050145,0.1592184517505045,0.15776544652514105,0.15776544652513208,0.15776544652512633,0.15776544652513208,0.15776544652514105,0.15776544652513208,0.15776544652512225,0.1577654465251161,0.15776544652512225,0.15776544652513208,0.15776544652512633,0.1577654465251161,0.15776544652510927,0.1577654465251161,0.15776544652512633,0.15776544652513208,0.15776544652512225,0.1577654465251161,0.15776544652512225,0.15776544652513208,0.15776544652514105,0.15776544652513208,0.15776544652512633,0.15776544652513208,0.15776544652514105,0.15634146283736708,0.1563414628373401,0.15634146283732253,0.1563414628373401,0.15634146283736708,0.1563414628373401,0.15634146283730957,0.15634146283728909,0.15634146283730957,0.1563414628373401,0.15634146283732253,0.15634146283728909,0.1563414628372665,0.15634146283728909,0.15634146283732253,0.1563414628373401,0.15634146283730957,0.15634146283728909,0.15634146283730957,0.1563414628373401,0.15634146283736708,0.1563414628373401,0.15634146283732253,0.1563414628373401,0.15634146283736708,0.1549459148872708,0.15494591488719126,0.1549459148871382,0.15494591488719126,0.1549459148872708,0.15494591488719126,0.1549459148870962,0.15494591488702977,0.1549459148870962,0.15494591488719126,0.1549459148871382,0.15494591488702977,0.1549459148869525,0.15494591488702977,0.1549459148871382,0.15494591488719126,0.1549459148870962,0.15494591488702977,0.1549459148870962,0.15494591488719126,0.1549459148872708,0.15494591488719126,0.1549459148871382,0.15494591488719126,0.1549459148872708,0.15357822091568912,0.1535782209154622,0.15357822091530468,0.1535782209154622,0.15357822091568912,0.1535782209154622,0.15357822091517115,0.15357822091495485,0.15357822091517115,0.1535782209154622,0.15357822091530468,0.15357822091495485,0.1535782209146819,0.15357822091495485,0.15357822091530468,0.1535782209154622,0.15357822091517115,0.15357822091495485,0.15357822091517115,0.1535782209154622,0.15357822091568912,0.1535782209154622,0.15357822091530468,0.1535782209154622,0.15357822091568912,0.15223780406543655,0.15223780406481924,0.15223780406436122,0.15223780406481924,0.15223780406543655,0.15223780406481924,0.15223780406395118,0.15223780406323092,0.15223780406395118,0.15223780406481924,0.15223780406436122,0.15223780406323092,0.15223780406218768,0.15223780406323092,0.15223780406436122,0.15223780406481924,0.15223780406395118,0.15223780406323092,0.15223780406395118,0.15223780406481924,0.15223780406543655,0.15223780406481924,0.15223780406436122,0.15223780406481924,0.15223780406543655,0.15092409314291988,0.15092409314136204,0.15092409314008629,0.15092409314136204,0.15092409314291988,0.15092409314136204,0.15092409313888322,0.15092409313644295,0.15092409313888322,0.15092409314136204,0.15092409314008629,0.15092409313644295,0.1509240931320247,0.15092409313644295,0.15092409314008629,0.15092409314136204,0.15092409313888322,0.15092409313644295,0.15092409313888322,0.15092409314136204,0.15092409314291988,0.15092409314136204,0.15092409314008629,0.15092409314136204,0.15092409314291988,0.1496365232883725,0.14963652328490756,0.14963652328165644,0.14963652328490756,0.1496365232883725,0.14963652328490756,0.14963652327844146,0.149636523270305,0.14963652327844146,0.14963652328490756,0.14963652328165644,0.149636523270305,0.14963652324915938,0.149636523270305,0.14963652328165644,0.14963652328490756,0.14963652327844146,0.149636523270305,0.14963652327844146,0.14963652328490756,0.1496365232883725,0.14963652328490756,0.14963652328165644,0.14963652328490756,0.1496365232883725,0.14837453656216004,0.14837453655605656,0.14837453654934632,0.14837453655605656,0.14837453656216004,0.14837453655605656,0.14837453654249821,0.14837453651879468,0.14837453654249821,0.14837453655605656,0.14837453654934632,0.14837453651879468,0.14837453640409107,0.14837453651879468,0.14837453654934632,0.14837453655605656,0.14837453654249821,0.14837453651879468,0.14837453654249821,0.14837453655605656,0.14837453656216004,0.14837453655605656,0.14837453654934632,0.14837453655605656,0.14837453656216004,0.1471375824526588,0.14713758244590058,0.14713758243874675,0.14713758244590058,0.1471375824526588,0.14713758244590058,0.1471375824314774,0.147137582408238,0.1471375824314774,0.14713758244590058,0.14713758243874675,0.147137582408238,0.14713758230978205,0.147137582408238,0.14713758243874675,0.14713758244590058,0.1471375824314774,0.147137582408238,0.1471375824314774,0.14713758244590058,0.1471375824526588,0.14713758244590058,0.14713758243874675,0.14713758244590058,0.1471375824526588,0.14592511830848537,0.14592511830240587,0.14592511829622726,0.14592511830240587,0.14592511830848537,0.14592511830240587,0.14592511829000532,0.14592511827119178,0.14592511829000532,0.14592511830240587,0.14592511829622726,0.14592511827119178,0.14592511819612689,0.14592511827119178,0.14592511829622726,0.14592511830240587,0.14592511829000532,0.14592511827119178,0.14592511829000532,0.14592511830240587,0.14592511830848537,0.14592511830240587,0.14592511829622726,0.14592511830240587,0.14592511830848537,0.14473660971323773,0.14473660970819482,0.14473660970318436,0.14473660970819482,0.14473660971323773,0.14473660970819482,0.14473660969817215,0.1447366096833927,0.14473660969817215,0.14473660970819482,0.14473660970318436,0.1447366096833927,0.14473660962569088,0.1447366096833927,0.14473660970318436,0.14473660970819482,0.14473660969817215,0.1447366096833927,0.14473660969817215,0.14473660970819482,0.14473660971323773,0.14473660970819482,0.14473660970318436,0.14473660970819482,0.14473660971323773,0.14357153080224566,0.14357153079815094,0.14357153079409402,0.14357153079815094,0.14357153080224566,0.14357153079815094,0.14357153079003848,0.14357153077812493,0.14357153079003848,0.14357153079815094,0.14357153079409402,0.14357153077812493,0.1435715307317872,0.14357153077812493,0.14357153079409402,0.14357153079815094,0.14357153079003848,0.14357153077812493,0.14357153079003848,0.14357153079815094,0.14357153080224566,0.14357153079815094,0.14357153079409402,0.14357153079815094,0.14357153080224566,0.14242936452485946,0.14242936452160324,0.14242936451828375,0.14242936452160324,0.14242936452485946,0.14242936452160324,0.14242936451493224,0.14242936450480942,0.14242936451493224,0.14242936452160324,0.14242936451828375,0.14242936450480942,0.14242936446442733,0.14242936450480942,0.14242936451828375,0.14242936452160324,0.14242936451493224,0.14242936450480942,0.14242936451493224,0.14242936452160324,0.14242936452485946,0.14242936452160324,0.14242936451828375,0.14242936452160324,0.14242936452485946,0.14130960285737285,0.14130960285519267,0.14130960285272223,0.14130960285519267,0.14130960285737285,0.14130960285519267,0.14130960285015245,0.14130960284157426,0.14130960285015245,0.14130960285519267,0.14130960285272223,0.14130960284157426,0.14130960280420055,0.14130960284157426,0.14130960285272223,0.14130960285519267,0.14130960285015245,0.14130960284157426,0.14130960285015245,0.14130960285519267,0.14130960285737285,0.14130960285519267,0.14130960285272223,0.14130960285519267,0.14130960285737285,0.1402117469712202,0.1402117469711301,0.1402117469704233,0.1402117469711299,0.1402117469712202,0.1402117469711301,0.1402117469695414,0.14021174696456418,0.1402117469695414,0.1402117469711299,0.1402117469704233,0.14021174696456418,0.14021174693451613,0.14021174696456418,0.1402117469704233,0.1402117469711299,0.1402117469695414,0.14021174696456418,0.1402117469695414,0.1402117469711299,0.1402117469712202,0.1402117469711299,0.1402117469704233,0.1402117469711299,0.1402117469712202,0.1391353073604944,0.13913530736461086,0.1391353073680036,0.13913530736461086,0.1391353073604944,0.13913530736461086,0.1391353073712378,0.13913530737757934,0.1391353073712378,0.13913530736461086,0.1391353073680036,0.13913530737757934,0.13913530738801552,0.13913530737757934,0.1391353073680036,0.13913530736461086,0.1391353073712378,0.13913530737757934,0.1391353073712378,0.13913530736461086,0.1391353073604944,0.13913530736461086,0.1391353073680036,0.13913530736461086,0.1391353073604944,0.13807980393285113,0.13807980394363378,0.1380798039543932,0.13807980394363378,0.13807980393285113,0.13807980394363378,0.13807980396526673,0.13807980399468722,0.13807980396526673,0.13807980394363378,0.1380798039543932,0.13807980399468722,0.1380798040769818,0.13807980399468722,0.1380798039543932,0.13807980394363378,0.13807980396526673,0.13807980399468722,0.13807980396526673,0.13807980394363378,0.13807980393285113,0.13807980394363378,0.1380798039543932,0.13807980394363378,0.13807980393285096,0.13704476606959218,0.13704476608708363,0.13704476610823166,0.13704476608708363,0.13704476606959218,0.13704476608708363,0.1370447661301473,0.13704476621640432,0.1370447661301473,0.13704476608708363,0.13704476610823166,0.13704476621640432,0.1370447666939374,0.13704476621640432,0.13704476610823166,0.13704476608708363,0.1370447661301473,0.13704476621640432,0.1370447661301473,0.13704476608708363,0.13704476606959218,0.13704476608708363,0.13704476610823166,0.13704476608708363,0.13704476606959218,0.13602973266234797,0.1360297326745277,0.1360297326864361,0.1360297326745277,0.13602973266234797,0.1360297326745277,0.13602973269837637,0.13602973273022537,0.13602973269837654,0.1360297326745277,0.1360297326864361,0.13602973273022537,0.13602973281851774,0.1360297327302255,0.1360297326864361,0.1360297326745277,0.13602973269837654,0.1360297327302255,0.13602973269837654,0.1360297326745277,0.13602973266234797,0.1360297326745277,0.1360297326864361,0.1360297326745277,0.13602973266234797,0.1350342521436374,0.13503425215125864,0.1350342521575459,0.13503425215125864,0.1350342521436374,0.13503425215125864,0.1350342521635104,0.1350342521756466,0.1350342521635104,0.13503425215125864,0.1350342521575459,0.1350342521756466,0.13503425219769857,0.1350342521756466,0.1350342521575459,0.13503425215125864,0.1350342521635104,0.1350342521756466,0.1350342521635104,0.13503425215125864,0.1350342521436374,0.13503425215125864,0.1350342521575459,0.13503425215125864,0.1350342521436374
0.16533248778992107,0.16533248778992107,0.16533248778992107,0.16533248778992107,0.16533248778992107,0.16533248778992107,0.16533248778992107,0.16533248778992107,0.16533248778992107,0.16533248778992107,0.16533248778992107,0.16533248778992107,0.16533248778992107,0.16533248778992107,0.16533248778992107,0.16533248778992107,0.16533248778992107,0.16533248778992107,0.16533248778992107,0.16533248778992107,0.16533248778992107,0.16533248778992107,0.16533248778992107,0.16533248778992107,0.1653324877899213,0.16375749407104664,0.1637574940710464,0.1637574940710464,0.1637574940710464,0.16375749407104664,0.1637574940710464,0.1637574940710464,0.16375749407104614,0.1637574940710464,0.1637574940710464,0.1637574940710464,0.16375749407104614,0.16375749407104614,0.16375749407104614,0.1637574940710464,0.1637574940710464,0.1637574940710464,0.16375749407104614,0.1637574940710464,0.1637574940710464,0.16375749407104664,0.1637574940710464,0.1637574940710464,0.1637574940710464,0.16375749407104664,0.1622138842840791,0.16221388428407865,0.16221388428407865,0.16221388428407865,0.1622138842840791,0.16221388428407865,0.16221388428407843,0.16221388428407818,0.16221388428407843,0.16221388428407865,0.16221388428407865,0.16221388428407818,0.16221388428407796,0.16221388428407818,0.16221388428407865,0.16221388428407865,0.16221388428407843,0.16221388428407818,0.16221388428407843,0.16221388428407865,0.1622138842840791,0.16221388428407865,0.16221388428407865,0.16221388428407865,0.1622138842840791,0.1607010673860598,0.1607010673860589,0.16070106738605822,0.1607010673860589,0.1607010673860598,0.1607010673860589,0.16070106738605777,0.16070106738605713,0.16070106738605777,0.1607010673860589,0.16070106738605822,0.16070106738605713,0.16070106738605647,0.16070106738605713,0.16070106738605822,0.1607010673860589,0.16070106738605777,0.16070106738605713,0.16070106738605777,0.1607010673860589,0.1607010673860598,0.1607010673860589,0.16070106738605822,0.1607010673860589,0.1607010673860598,0.15921845175196822,0.15921845175196517,0.15921845175196342,0.15921845175196517,0.15921845175196822,0.15921845175196517,0.15921845175196211,0.15921845175196014,0.15921845175196211,0.15921845175196517,0.15921845175196342,0.15921845175196014,0.1592184517519582,0.15921845175196014,0.15921845175196342,0.15921845175196517,0.15921845175196211,0.15921845175196014,0.15921845175196211,0.15921845175196517,0.15921845175196822,0.15921845175196517,0.15921845175196342,0.15921845175196517,0.15921845175196822,0.15776544652657531,0.15776544652656635,0.15776544652656058,0.15776544652656635,0.15776544652657531,0.15776544652656635,0.15776544652655652,0.15776544652655036,0.15776544652655652,0.15776544652656635,0.15776544652656058,0.15776544652655036,0.15776544652654353,0.15776544652655036,0.15776544652656058,0.15776544652656635,0.15776544652655652,0.15776544652655036,0.15776544652655652,0.15776544652656635,0.15776544652657531,0.15776544652656635,0.15776544652656058,0.15776544652656635,0.15776544652657531,0.1563414628387723,0.1563414628387453,0.1563414628387277,0.1563414628387453,0.1563414628387723,0.1563414628387453,0.15634146283871478,0.1563414628386945,0.15634146283871478,0.1563414628387453,0.1563414628387277,0.1563414628386945,0.15634146283867192,0.1563414628386945,0.1563414628387277,0.1563414628387453,0.15634146283871478,0.1563414628386945,0.15634146283871478,0.1563414628387453,0.1563414628387723,0.1563414628387453,0.1563414628387277,0.1563414628387453,0.1563414628387723,0.15494591488864712,0.1549459148885678,0.1549459148885149,0.1549459148885678,0.15494591488864712,0.1549459148885678,0.1549459148884729,0.15494591488840673,0.1549459148884729,0.1549459148885678,0.1549459148885149,0.15494591488840673,0.15494591488832984,0.15494591488840673,0.1549459148885149,0.1549459148885678,0.1549459148884729,0.15494591488840673,0.1549459148884729,0.1549459148885678,0.15494591488864712,0.1549459148885678,0.1549459148885149,0.1549459148885678,0.15494591488864712,0.15357822091703677,0.15357822091681045,0.15357822091665338,0.15357822091681045,0.15357822091703677,0.15357822091681045,0.15357822091652043,0.15357822091630471,0.15357822091652043,0.15357822091681045,0.15357822091665338,0.15357822091630471,0.15357822091603276,0.15357822091630471,0.15357822091665338,0.15357822091681045,0.15357822091652043,0.15357822091630471,0.15357822091652043,0.15357822091681045,0.15357822091703677,0.15357822091681045,0.15357822091665338,0.15357822091681045,0.15357822091703677,0.15223780406675416,0.15223780406613904,0.1522378040656826,0.15223780406613904,0.15223780406675416,0.15223780406613904,0.15223780406527374,0.1522378040645559,0.15223780406527374,0.15223780406613904,0.1522378040656826,0.1522378040645559,0.15223780406351597,0.1522378040645559,0.1522378040656826,0.15223780406613904,0.15223780406527374,0.1522378040645559,0.15223780406527374,0.15223780406613904,0.15223780406675416,0.15223780406613904,0.1522378040656826,0.15223780406613904,0.15223780406675416,0.15092409314420394,0.15092409314265132,0.1509240931413798,0.15092409314265132,0.15092409314420394,0.15092409314265132,0.1509240931401808,0.15092409313774827,0.1509240931401808,0.15092409314265132,0.1509240931413798,0.15092409313774827,0.15092409313334393,0.15092409313774827,0.1509240931413798,0.15092409314265132,0.1509240931401808,0.15092409313774827,0.1509240931401808,0.15092409314265132,0.15092409314420394,0.15092409314265132,0.1509240931413798,0.15092409314265132,0.15092409314420394,0.14963652328961216,0.14963652328615945,0.14963652328291935,0.14963652328615945,0.14963652328961216,0.14963652328615945,0.14963652327971513,0.14963652327160493,0.14963652327971513,0.14963652328615945,0.14963652328291935,0.14963652327160493,0.14963652325052512,0.14963652327160493,0.14963652328291935,0.14963652328615945,0.14963652327971513,0.14963652327160493,0.14963652327971513,0.14963652328615945,0.14963652328961216,0.14963652328615945,0.14963652328291935,0.14963652328615945,0.14963652328961216,0.1483745365633304,0.14837453655724991,0.14837453655056357,0.14837453655724991,0.1483745365633304,0.14837453655724991,0.14837453654373936,0.14837453652011368,0.14837453654373936,0.14837453655724991,0.14837453655056357,0.14837453652011368,0.1483745364057609,0.14837453652011368,0.14837453655056357,0.14837453655724991,0.14837453654373936,0.14837453652011368,0.14837453654373936,0.14837453655724991,0.1483745365633304,0.14837453655724991,0.14837453655056357,0.14837453655724991,0.1483745365633304,0.14713758245371183,0.1471375824469849,0.14713758243986266,0.1471375824469849,0.14713758245371183,0.1471375824469849,0.14713758243262492,0.14713758240948144,0.14713758243262492,0.1471375824469849,0.14713758243986266,0.14713758240948144,0.1471375823114077,0.14713758240948144,0.14713758243986266,0.1471375824469849,0.14713758243262492,0.14713758240948144,0.14713758243262492,0.1471375824469849,0.14713758245371183,0.1471375824469849,0.14713758243986266,0.1471375824469849,0.14713758245371183,0.14592511830935537,0.1459251183033147,0.14592511829717472,0.1459251183033147,0.14592511830935537,0.1459251183033147,0.14592511829099125,0.1459251182722915,0.14592511829099125,0.1459251183033147,0.14592511829717472,0.1459251182722915,0.14592511819767764,0.1459251182722915,0.14592511829717472,0.1459251183033147,0.14592511829099125,0.1459251182722915,0.14592511829099125,0.1459251183033147,0.14592511830935537,0.1459251183033147,0.14592511829717472,0.1459251183033147,0.14592511830935537,0.14473660971384236,0.14473660970884694,0.14473660970388397,0.14473660970884694,0.14473660971384236,0.14473660970884694,0.14473660969891922,0.14473660968428095,0.14473660969891922,0.14473660970884694,0.14473660970388397,0.14473660968428095,0.14473660962717053,0.14473660968428095,0.14473660970388397,0.14473660970884694,0.14473660969891922,0.14473660968428095,0.14473660969891922,0.14473660970884694,0.14473660971384236,0.14473660970884694,0.14473660970388397,0.14473660970884694,0.14473660971384236,0.14357153080248367,0.14357153079844542,0.14357153079444598,0.14357153079844542,0.14357153080248367,0.14357153079844542,0.14357153079044832,0.14357153077871096,0.14357153079044832,0.14357153079844542,0.14357153079444598,0.14357153077871096,0.14357153073308318,0.14357153077871096,0.14357153079444598,0.14357153079844542,0.14357153079044832,0.14357153077871096,0.14357153079044832,0.14357153079844542,0.14357153080248367,0.14357153079844542,0.14357153079444598,0.14357153079844542,0.14357153080248367,0.14242936452460953,0.1424293645214152,0.14242936451816063,0.1424293645214152,0.14242936452460953,0.1424293645214152,0.14242936451487503,0.14242936450495838,0.14242936451487503,0.1424293645214152,0.14242936451816063,0.14242936450495838,0.14242936446543383,0.14242936450495838,0.14242936451816063,0.1424293645214152,0.14242936451487503,0.14242936450495838,0.14242936451487503,0.1424293645214152,0.14242936452460953,0.1424293645214152,0.14242936451816063,0.1424293645214152,0.14242936452460953,0.14130960285650035,0.14130960285437777,0.1413096028519708,0.14130960285437777,0.14130960285650035,0.14130960285437777,0.14130960284946648,0.14130960284110325,0.14130960284946648,0.14130960285437777,0.1413096028519708,0.14130960284110325,0.14130960280468638,0.14130960284110325,0.1413096028519708,0.14130960285437777,0.14130960284946648,0.14130960284110325,0.14130960284946648,0.14130960285437777,0.14130960285650035,0.14130960285437777,0.1413096028519708,0.14130960285437777,0.14130960285650035,0.1402117469695975,0.14021174696954092,0.14021174696887653,0.14021174696954092,0.1402117469695975,0.14021174696954092,0.14021174696803948,0.14021174696323335,0.14021174696803948,0.14021174696954092,0.14021174696887653,0.14021174696323335,0.14021174693406946,0.14021174696323335,0.14021174696887653,0.14021174696954092,0.14021174696803948,0.14021174696323335,0.14021174696803948,0.14021174696954092,0.1402117469695975,0.14021174696954092,0.14021174696887653,0.14021174696954092,0.1402117469695975,0.13913530735804164,0.1391353073621375,0.13913530736551524,0.1391353073621375,0.13913530735804164,0.1391353073621375,0.13913530736873583,0.13913530737505903,0.13913530736873583,0.1391353073621375,0.13913530736551524,0.13913530737505903,0.13913530738550217,0.13913530737505903,0.13913530736551524,0.1391353073621375,0.13913530736873583,0.13913530737505903,0.13913530736873583,0.1391353073621375,0.13913530735804164,0.1391353073621375,0.13913530736551524,0.1391353073621375,0.13913530735804164,0.13807980392959882,0.1380798039402877,0.1380798039509519,0.1380798039402877,0.13807980392959882,0.1380798039402877,0.13807980396172867,0.13807980399088313,0.13807980396172867,0.1380798039402877,0.1380798039509519,0.13807980399088313,0.1380798040724208,0.13807980399088313,0.1380798039509519,0.1380798039402877,0.13807980396172867,0.13807980399088313,0.13807980396172867,0.1380798039402877,0.13807980392959882,0.1380798039402877,0.1380798039509519,0.1380798039402877,0.13807980392959882,0.1370447660657223,0.13704476608305136,0.13704476610400174,0.13704476608305136,0.1370447660657223,0.13704476608305136,0.13704476612571215,0.1370447662111562,0.13704476612571215,0.13704476608305136,0.13704476610400174,0.1370447662111562,0.13704476668414722,0.1370447662111562,0.13704476610400174,0.13704476608305136,0.13704476612571215,0.1370447662111562,0.13704476612571215,0.13704476608305136,0.1370447660657223,0.13704476608305136,0.13704476610400174,0.13704476608305136,0.1370447660657223,0.13602973265818566,0.13602973267025134,0.1360297326820479,0.13602973267025134,0.13602973265818566,0.13602973267025134,0.1360297326938759,0.13602973272542457,0.1360297326938759,0.13602973267025134,0.1360297326820479,0.13602973272542457,0.13602973281288258,0.13602973272542457,0.1360297326820479,0.13602973267025134,0.1360297326938759,0.13602973272542457,0.1360297326938759,0.13602973267025134,0.13602973265818566,0.13602973267025134,0.1360297326820479,0.13602973267025134,0.13602973265818566,0.13503425213941184,0.1350342521469614,0.13503425215318957,0.1350342521469614,0.13503425213941184,0.1350342521469614,0.13503425215909792,0.13503425217111964,0.13503425215909792,0.1350342521469614,0.13503425215318957,0.13503425217111964,0.13503425219296347,0.13503425217111964,0.13503425215318957,0.1350342521469614,0.13503425215909792,0.13503425217111964,0.13503425215909792,0.1350342521469614,0.13503425213941184,0.1350342521469614,0.13503425215318957,0.1350342521469614,0.13503425213941184
0.16533248766206157,0.1653324876620611,0.16533248766206063,0.1653324876620611,0.16533248766206157,0.1653324876620611,0.16533248766206038,0.16533248766206013,0.16533248766206038,0.1653324876620611,0.16533248766206063,0.16533248766206013,0.16533248766205969,0.16533248766206013,0.16533248766206063,0.1653324876620611,0.16533248766206038,0.16533248766206013,0.16533248766206038,0.1653324876620611,0.16533248766206157,0.1653324876620611,0.16533248766206063,0.1653324876620611,0.16533248766206157,0.16375749394471664,0.16375749394471525,0.16375749394471434,0.16375749394471525,0.16375749394471664,0.16375749394471525,0.16375749394471387,0.16375749394471295,0.16375749394471387,0.16375749394471525,0.16375749394471434,0.16375749394471295,0.16375749394471226,0.16375749394471295,0.16375749394471434,0.16375749394471525,0.16375749394471387,0.16375749394471295,0.16375749394471387,0.16375749394471525,0.16375749394471664,0.16375749394471525,0.16375749394471434,0.16375749394471525,0.16375749394471664,0.16221388415837568,0.16221388415837185,0.16221388415836935,0.16221388415837185,0.16221388415837568,0.16221388415837185,0.16221388415836777,0.16221388415836527,0.16221388415836777,0.16221388415837185,0.16221388415836935,0.16221388415836527,0.16221388415836277,0.16221388415836527,0.16221388415836935,0.16221388415837185,0.16221388415836777,0.16221388415836527,0.16221388415836777,0.16221388415837185,0.16221388415837568,0.16221388415837185,0.16221388415836935,0.16221388415837185,0.16221388415837568,0.1607010672600611,0.16070106726004954,0.16070106726004244,0.16070106726004954,0.1607010672600611,0.16070106726004954,0.16070106726003752,0.16070106726002975,0.16070106726003752,0.16070106726004954,0.16070106726004244,0.16070106726002975,0.16070106726002176,0.16070106726002975,0.16070106726004244,0.16070106726004954,0.16070106726003752,0.16070106726002975,0.16070106726003752,0.16070106726004954,0.1607010672600611,0.16070106726004954,0.16070106726004244,0.16070106726004954,0.1607010672600611,0.1592184516247519,0.15921845162471815,0.1592184516246966,0.15921845162471815,0.1592184516247519,0.15921845162471815,0.15921845162468115,0.15921845162465742,0.15921845162468115,0.15921845162471815,0.1592184516246966,0.15921845162465742,0.15921845162463216,0.15921845162465742,0.1592184516246966,0.15921845162471815,0.15921845162468115,0.15921845162465742,0.15921845162468115,0.15921845162471815,0.1592184516247519,0.15921845162471815,0.1592184516246966,0.15921845162471815,0.1592184516247519,0.15776544639725665,0.1577654463971579,0.15776544639709367,0.1577654463971579,0.15776544639725665,0.1577654463971579,0.15776544639704543,0.15776544639697118,0.15776544639704543,0.1577654463971579,0.15776544639709367,0.15776544639697118,0.15776544639688922,0.15776544639697118,0.15776544639709367,0.1577654463971579,0.15776544639704543,0.15776544639697118,0.15776544639704543,0.1577654463971579,0.15776544639725665,0.1577654463971579,0.15776544639709367,0.1577654463971579,0.15776544639725665,0.1563414627065919,0.1563414627063092,0.15634146270611995,0.1563414627063092,0.1563414627065919,0.1563414627063092,0.1563414627059688,0.1563414627057333,0.1563414627059688,0.1563414627063092,0.15634146270611995,0.1563414627057333,0.15634146270545773,0.1563414627057333,0.15634146270611995,0.1563414627063092,0.1563414627059688,0.1563414627057333,0.1563414627059688,0.1563414627063092,0.1563414627065919,0.1563414627063092,0.15634146270611995,0.1563414627063092,0.1563414627065919,0.15494591475319588,0.15494591475241448,0.1549459147518638,0.15494591475241448,0.15494591475319588,0.15494591475241448,0.15494591475139455,0.15494591475063052,0.15494591475139455,0.15494591475241448,0.1549459147518638,0.15494591475063052,0.15494591474964708,0.15494591475063052,0.1549459147518638,0.15494591475241448,0.15494591475139455,0.15494591475063052,0.15494591475139455,0.15494591475241448,0.15494591475319588,0.15494591475241448,0.1549459147518638,0.15494591475241448,0.15494591475319588,0.15357822077882438,0.153578220776777,0.15357822077521524,0.153578220776777,0.15357822077882438,0.153578220776777,0.15357822077379127,0.15357822077124778,0.15357822077379127,0.153578220776777,0.15357822077521524,0.15357822077124778,0.1535782207674322,0.15357822077124778,0.15357822077521524,0.153578220776777,0.15357822077379127,0.15357822077124778,0.15357822077379127,0.153578220776777,0.15357822077882438,0.153578220776777,0.15357822077521524,0.153578220776777,0.15357822077882438,0.15223780392855107,0.15223780392365155,0.15223780391943978,0.15223780392365155,0.15223780392855107,0.15223780392365155,0.15223780391534944,0.1522378039067277,0.15223780391534944,0.15223780392365155,0.15223780391943978,0.1522378039067277,0.1522378038902048,0.1522378039067277,0.15223780391943978,0.15223780392365155,0.15223780391534944,0.1522378039067277,0.15223780391534944,0.15223780392365155,0.15223780392855107,0.15223780392365155,0.15223780391943978,0.15223780392365155,0.15223780392855107,0.15092409301409776,0.1509240930038703,0.15092409299359943,0.1509240930038703,0.15092409301409776,0.1509240930038703,0.15092409298322015,0.15092409295462092,0.15092409298322015,0.1509240930038703,0.15092409299359943,0.15092409295462092,0.15092409287354383,0.15092409295462092,0.15092409299359943,0.1509240930038703,0.15092409298322015,0.15092409295462092,0.15092409298322015,0.1509240930038703,0.15092409301409776,0.1509240930038703,0.15092409299359943,0.1509240930038703,0.15092409301409776,0.1496365231851492,0.14963652316975268,0.14963652315074671,0.14963652316975268,0.1496365231851492,0.14963652316975268,0.14963652313098294,0.14963652305144576,0.14963652313098294,0.14963652316975268,0.14963652315074671,0.14963652305144576,0.1496365226019883,0.14963652305144576,0.14963652315074671,0.14963652316975268,0.14963652313098294,0.14963652305144576,0.14963652313098294,0.14963652316975268,0.1496365231851492,0.14963652316975268,0.14963652315074671,0.14963652316975268,0.1496365231851492,0.14837453650922924,0.14837453650056417,0.148374536492246,0.14837453650056417,0.14837453650922924,0.14837453650056417,0.1483745364838915,0.14837453646356213,0.1483745364838915,0.14837453650056417,0.148374536492246,0.14837453646356213,0.14837453642558895,0.14837453646356213,0.148374536492246,0.14837453650056417,0.1483745364838915,0.14837453646356213,0.1483745364838915,0.14837453650056417,0.14837453650922924,0.14837453650056417,0.148374536492246,0.14837453650056417,0.14837453650922924,0.1471375824558779,0.14713758245299466,0.14713758245108655,0.14713758245299466,0.1471375824558779,0.14713758245299466,0.14713758244940203,0.14713758244881928,0.14713758244940203,0.14713758245299466,0.14713758245108655,0.14713758244881928,0.1471375824698568,0.14713758244881928,0.14713758245108655,0.14713758245299466,0.14713758244940203,0.14713758244881928,0.14713758244940203,0.14713758245299466,0.1471375824558779,0.14713758245299466,0.14713758245108655,0.14713758245299466,0.1471375824558779,0.1459251183607098,0.14592511836043076,0.14592511836071317,0.14592511836043076,0.1459251183607098,0.14592511836043076,0.14592511836116864,0.14592511836437255,0.14592511836116864,0.14592511836043076,0.14592511836071317,0.14592511836437255,0.14592511838365407,0.14592511836437255,0.14592511836071317,0.14592511836043076,0.14592511836116864,0.14592511836437255,0.14592511836116864,0.14592511836043076,0.1459251183607098,0.14592511836043076,0.14592511836071317,0.14592511836043076,0.1459251183607098,0.14473660980348682,0.14473660980392702,0.14473660980457495,0.14473660980392702,0.14473660980348682,0.14473660980392702,0.14473660980530106,0.144736609807997,0.14473660980530106,0.14473660980392702,0.14473660980457495,0.144736609807997,0.14473660981926822,0.144736609807997,0.14473660980457495,0.14473660980392702,0.14473660980530106,0.144736609807997,0.14473660980530106,0.14473660980392702,0.14473660980348682,0.14473660980392702,0.14473660980457495,0.14473660980392702,0.14473660980348682,0.14357153092029834,0.14357153092074323,0.14357153092119943,0.14357153092074323,0.14357153092029834,0.14357153092074323,0.1435715309216645,0.14357153092302674,0.1435715309216645,0.14357153092074323,0.14357153092119943,0.14357153092302674,0.14357153092724262,0.14357153092302674,0.14357153092119943,0.14357153092074323,0.1435715309216645,0.14357153092302674,0.1435715309216645,0.14357153092074323,0.14357153092029834,0.14357153092074323,0.14357153092119943,0.14357153092074323,0.14357153092029834,0.1424293646625649,0.14242936466296985,0.1424293646632505,0.14242936466296985,0.1424293646625649,0.14242936466296985,0.14242936466348655,0.14242936466383313,0.14242936466348655,0.14242936466296985,0.1424293646632505,0.14242936466383313,0.14242936466334966,0.14242936466383313,0.1424293646632505,0.14242936466296985,0.14242936466348655,0.14242936466383313,0.14242936466348655,0.14242936466296985,0.1424293646625649,0.14242936466296985,0.1424293646632505,0.14242936466296985,0.1424293646625649,0.14130960300854373,0.14130960300934053,0.14130960300982687,0.14130960300934053,0.14130960300854373,0.14130960300934053,0.14130960301020418,0.14130960301045087,0.14130960301020418,0.14130960300934053,0.14130960300982687,0.14130960301045087,0.14130960300827974,0.14130960301045087,0.14130960300982687,0.14130960300934053,0.14130960301020418,0.14130960301045087,0.14130960301020418,0.14130960300934053,0.14130960300854373,0.14130960300934053,0.14130960300982687,0.14130960300934053,0.14130960300854373,0.1402117471312521,0.14021174713352058,0.1402117471351481,0.14021174713352058,0.1402117471312521,0.14021174713352058,0.1402117471365826,0.14021174713868714,0.1402117471365826,0.14021174713352058,0.1402117471351481,0.14021174713868714,0.14021174713898996,0.14021174713868714,0.1402117471351481,0.14021174713352058,0.1402117471365826,0.14021174713868714,0.1402117471365826,0.14021174713352058,0.1402117471312521,0.14021174713352058,0.1402117471351481,0.14021174713352058,0.1402117471312521,0.13913530752623676,0.13913530753218273,0.13913530753717257,0.13913530753218273,0.13913530752623676,0.13913530753218273,0.13913530754195025,0.1391353075517837,0.13913530754195025,0.13913530753218273,0.13913530753717257,0.1391353075517837,0.1391353075700219,0.1391353075517837,0.13913530753717257,0.13913530753218273,0.13913530754195025,0.1391353075517837,0.13913530754195025,0.13913530753218273,0.13913530752623676,0.13913530753218273,0.13913530753717257,0.13913530753218273,0.13913530752623676,0.1380798041024238,0.13807980411527657,0.13807980412799026,0.13807980411527657,0.1380798041024238,0.13807980411527657,0.1380798041408007,0.13807980417516053,0.1380798041408007,0.13807980411527657,0.13807980412799026,0.13807980417516053,0.13807980427045843,0.13807980417516053,0.13807980412799026,0.13807980411527657,0.1380798041408007,0.13807980417516053,0.1380798041408007,0.13807980411527657,0.1380798041024238,0.13807980411527657,0.13807980412799026,0.13807980411527657,0.1380798041024238,0.13704476624079015,0.1370447662609715,0.13704476628526902,0.1370447662609715,0.13704476624079015,0.1370447662609715,0.13704476631042087,0.1370447664091205,0.13704476631042087,0.1370447662609715,0.13704476628526902,0.1370447664091205,0.13704476695423293,0.1370447664091205,0.13704476628526902,0.1370447662609715,0.13704476631042087,0.1370447664091205,0.13704476631042087,0.1370447662609715,0.13704476624079015,0.1370447662609715,0.13704476628526902,0.1370447662609715,0.13704476624079015,0.13602973283182176,0.13602973284581285,0.13602973285947162,0.13602973284581285,0.13602973283182176,0.13602973284581285,0.1360297328731466,0.13602973290961398,0.1360297328731466,0.13602973284581285,0.13602973285947162,0.13602973290961398,0.13602973301053525,0.13602973290961398,0.13602973285947162,0.13602973284581285,0.1360297328731466,0.13602973290961398,0.1360297328731466,0.13602973284581285,0.13602973283182176,0.13602973284581285,0.13602973285947162,0.13602973284581285,0.13602973283182176,0.13503425230990593,0.1350342523186529,0.13503425232586191,0.1350342523186529,0.13503425230990593,0.1350342523186529,0.13503425233270985,0.13503425234661262,0.13503425233270985,0.1350342523186529,0.13503425232586191,0.13503425234661262,0.135034252371846,0.13503425234661262,0.13503425232586191,0.1350342523186529,0.13503425233270985,0.13503425234661262,0.13503425233270985,0.1350342523186529,0.13503425230990593,0.1350342523186529,0.13503425232586191,0.1350342523186529,0.13503425230990593
0.165332487601455,0.1653324876014543,0.16533248760145408,0.1653324876014543,0.165332487601455,0.1653324876014543,0.1653324876014538,0.16533248760145333,0.1653324876014538,0.1653324876014543,0.16533248760145408,0.16533248760145333,0.1653324876014531,0.16533248760145333,0.16533248760145408,0.1653324876014543,0.1653324876014538,0.16533248760145333,0.1653324876014538,0.1653324876014543,0.165332487601455,0.1653324876014543,0.16533248760145408,0.1653324876014543,0.165332487601455,0.16375749388598557,0.1637574938859842,0.16375749388598348,0.1637574938859842,0.16375749388598557,0.1637574938859842,0.1637574938859828,0.16375749388598212,0.1637574938859828,0.1637574938859842,0.16375749388598348,0.16375749388598212,0.16375749388598118,0.16375749388598212,0.16375749388598348,0.1637574938859842,0.1637574938859828,0.16375749388598212,0.1637574938859828,0.1637574938859842,0.16375749388598557,0.1637574938859842,0.16375749388598348,0.1637574938859842,0.16375749388598557,0.1622138841020635,0.16221388410205967,0.1622138841020574,0.16221388410205967,0.1622138841020635,0.16221388410205967,0.16221388410205556,0.1622138841020533,0.16221388410205556,0.16221388410205967,0.1622138841020574,0.1622138841020533,0.1622138841020506,0.1622138841020533,0.1622138841020574,0.16221388410205967,0.16221388410205556,0.1622138841020533,0.16221388410205556,0.16221388410205967,0.1622138841020635,0.16221388410205967,0.1622138841020574,0.16221388410205967,0.1622138841020635,0.16070106720672747,0.16070106720671617,0.16070106720670901,0.16070106720671617,0.16070106720672747,0.16070106720671617,0.16070106720670413,0.1607010672066966,0.16070106720670413,0.16070106720671617,0.16070106720670901,0.1607010672066966,0.1607010672066886,0.1607010672066966,0.16070106720670901,0.16070106720671617,0.16070106720670413,0.1607010672066966,0.16070106720670413,0.16070106720671617,0.16070106720672747,0.16070106720671617,0.16070106720670901,0.16070106720671617,0.16070106720672747,0.1592184515749677,0.15921845157493436,0.15921845157491304,0.15921845157493436,0.1592184515749677,0.15921845157493436,0.1592184515748978,0.1592184515748743,0.1592184515748978,0.15921845157493436,0.15921845157491304,0.1592184515748743,0.15921845157484923,0.1592184515748743,0.15921845157491304,0.15921845157493436,0.1592184515748978,0.1592184515748743,0.1592184515748978,0.15921845157493436,0.1592184515749677,0.15921845157493436,0.15921845157491304,0.15921845157493436,0.1592184515749677,0.1577654463515965,0.157765446351499,0.15776544635143583,0.157765446351499,0.1577654463515965,0.157765446351499,0.15776544635138806,0.15776544635131462,0.15776544635138806,0.157765446351499,0.15776544635143583,0.15776544635131462,0.15776544635123357,0.15776544635131462,0.15776544635143583,0.157765446351499,0.15776544635138806,0.15776544635131462,0.15776544635138806,0.157765446351499,0.1577654463515965,0.157765446351499,0.15776544635143583,0.157765446351499,0.1577654463515965,0.15634146266562515,0.15634146266534704,0.15634146266516075,0.15634146266534704,0.15634146266562515,0.15634146266534704,0.15634146266501078,0.15634146266477786,0.15634146266501078,0.15634146266534704,0.15634146266516075,0.15634146266477786,0.15634146266450435,0.15634146266477786,0.15634146266516075,0.15634146266534704,0.15634146266501078,0.15634146266477786,0.15634146266501078,0.15634146266534704,0.15634146266562515,0.15634146266534704,0.15634146266516075,0.15634146266534704,0.15634146266562515,0.15494591471747338,0.1549459147167067,0.15494591471616467,0.1549459147167067,0.15494591471747338,0.1549459147167067,0.15494591471569927,0.15494591471494185,0.15494591471569927,0.1549459147167067,0.15494591471616467,0.15494591471494185,0.15494591471396474,0.15494591471494204,0.15494591471616467,0.1549459147167067,0.15494591471569927,0.15494591471494204,0.15494591471569927,0.1549459147167067,0.15494591471747338,0.1549459147167067,0.15494591471616467,0.1549459147167067,0.15494591471747338,0.15357822074885338,0.1535782207468536,0.15357822074531877,0.1535782207468536,0.15357822074885338,0.1535782207468536,0.1535782207439062,0.15357822074138122,0.1535782207439062,0.1535782207468536,0.15357822074531877,0.15357822074138122,0.1535782207375827,0.15357822074138122,0.15357822074531877,0.1535782207468536,0.1535782207439062,0.15357822074138122,0.1535782207439062,0.1535782207468536,0.15357822074885338,0.1535782207468536,0.15357822074531877,0.1535782207468536,0.15357822074885338,0.15223780390494274,0.15223780390004304,0.15223780389587024,0.15223780390004304,0.15223780390494274,0.15223780390004304,0.15223780389181651,0.15223780388323452,0.15223780389181651,0.15223780390004304,0.15223780389587024,0.15223780388323452,0.15223780386676122,0.15223780388323452,0.15223780389587024,0.15223780390004304,0.15223780389181651,0.15223780388323452,0.15223780389181651,0.15223780390004304,0.15223780390494274,0.15223780390004304,0.15223780389587024,0.15223780390004304,0.15223780390494274,0.15092409299744666,0.15092409298721784,0.15092409297693368,0.15092409298721784,0.15092409299744666,0.15092409298721784,0.1509240929665617,0.15092409293806242,0.1509240929665617,0.15092409298721784,0.15092409297693368,0.15092409293806242,0.15092409285717706,0.15092409293806242,0.15092409297693368,0.15092409298721784,0.1509240929665617,0.15092409293806242,0.1509240929665617,0.15092409298721784,0.15092409299744666,0.15092409298721784,0.15092409297693368,0.15092409298721784,0.15092409299744666,0.14963652317586199,0.1496365231604802,0.1496365231414941,0.1496365231604802,0.14963652317586199,0.1496365231604802,0.14963652312175507,0.14963652304232852,0.14963652312175507,0.1496365231604802,0.1496365231414941,0.14963652304232852,0.14963652259357027,0.14963652304232852,0.1496365231414941,0.1496365231604802,0.14963652312175507,0.14963652304232852,0.14963652312175507,0.1496365231604802,0.14963652317586199,0.1496365231604802,0.1496365231414941,0.1496365231604802,0.14963652317586199,0.14837453650759688,0.1483745364989455,0.1483745364906401,0.1483745364989455,0.14837453650759688,0.1483745364989455,0.14837453648229917,0.14837453646199833,0.14837453648229917,0.1483745364989455,0.1483745364906401,0.14837453646199833,0.14837453642428702,0.14837453646199833,0.1483745364906401,0.1483745364989455,0.14837453648229917,0.14837453646199833,0.14837453648229917,0.1483745364989455,0.14837453650759688,0.1483745364989455,0.1483745364906401,0.1483745364989455,0.14837453650759688,0.14713758246207878,0.14713758245921044,0.147137582457315,0.14713758245921044,0.14713758246207878,0.14713758245921044,0.14713758245564287,0.14713758245508515,0.14713758245564287,0.14713758245921044,0.147137582457315,0.14713758245508515,0.14713758247345507,0.14713758245508515,0.147137582457315,0.14713758245921044,0.14713758245564287,0.14713758245508515,0.14713758245564287,0.14713758245921044,0.14713758246207878,0.14713758245921044,0.147137582457315,0.14713758245921044,0.14713758246207878,0.14592511837478558,0.14592511837452934,0.1459251183748333,0.14592511837452934,0.14592511837478558,0.14592511837452934,0.14592511837531,0.14592511837857192,0.14592511837531,0.14592511837452934,0.1459251183748333,0.14592511837857192,0.1459251183981209,0.14592511837857192,0.1459251183748333,0.14592511837452934,0.14592511837531,0.14592511837857192,0.14592511837531,0.14592511837452934,0.14592511837478558,0.14592511837452934,0.1459251183748333,0.14592511837452934,0.14592511837478558,0.1447366098253146,0.1447366098257901,0.14473660982647307,0.1447366098257901,0.1447366098253146,0.1447366098257901,0.14473660982723396,0.14473660983003342,0.14473660982723396,0.1447366098257901,0.14473660982647307,0.14473660983003342,0.14473660984262735,0.14473660983003342,0.14473660982647307,0.1447366098257901,0.14473660982723396,0.14473660983003342,0.14473660982723396,0.1447366098257901,0.1447366098253146,0.1447366098257901,0.14473660982647307,0.1447366098257901,0.1447366098253146,0.14357153094957148,0.1435715309500648,0.14357153095057062,0.1435715309500648,0.14357153094957148,0.1435715309500648,0.143571530951086,0.14357153095260122,0.143571530951086,0.1435715309500648,0.14357153095057062,0.14357153095260122,0.14357153095823033,0.14357153095260122,0.14357153095057062,0.1435715309500648,0.143571530951086,0.14357153095260122,0.143571530951086,0.1435715309500648,0.14357153094957148,0.1435715309500648,0.14357153095057062,0.1435715309500648,0.14357153094957148,0.14242936469878106,0.1424293646992444,0.1424293646995866,0.1424293646992444,0.14242936469878106,0.1424293646992444,0.14242936469988518,0.1424293647004294,0.14242936469988518,0.1424293646992444,0.1424293646995866,0.1424293647004294,0.14242936470122589,0.1424293647004294,0.1424293646995866,0.1424293646992444,0.14242936469988518,0.1424293647004294,0.14242936469988518,0.1424293646992444,0.14242936469878106,0.1424293646992444,0.1424293646995866,0.1424293646992444,0.14242936469878106,0.14130960305100845,0.1413096030518622,0.14130960305241216,0.1413096030518622,0.14130960305100845,0.1413096030518622,0.14130960305285475,0.1413096030533192,0.14130960305285475,0.1413096030518622,0.14130960305241216,0.1413096030533192,0.14130960305224655,0.1413096030533192,0.14130960305241216,0.1413096030518622,0.14130960305285475,0.1413096030533192,0.14130960305285475,0.1413096030518622,0.14130960305100845,0.1413096030518622,0.14130960305241216,0.1413096030518622,0.14130960305100845,0.14021174717909984,0.14021174718140253,0.14021174718307344,0.14021174718140253,0.14021174717909984,0.14021174718140253,0.14021174718455423,0.1402117471868358,0.14021174718455423,0.14021174718140253,0.14021174718307344,0.1402117471868358,0.14021174718788443,0.1402117471868358,0.14021174718307344,0.14021174718140253,0.14021174718455423,0.1402117471868358,0.14021174718455423,0.14021174718140253,0.14021174717909984,0.14021174718140253,0.14021174718307344,0.14021174718140253,0.14021174717909984,0.13913530757848247,0.1391353075844077,0.1391353075893827,0.1391353075844077,0.13913530757848247,0.1391353075844077,0.13913530759414663,0.13913530760396237,0.13913530759414663,0.1391353075844077,0.1391353075893827,0.13913530760396237,0.13913530762220958,0.13913530760396237,0.1391353075893827,0.1391353075844077,0.13913530759414663,0.13913530760396237,0.13913530759414663,0.1391353075844077,0.13913530757848247,0.1391353075844077,0.1391353075893827,0.1391353075844077,0.13913530757848247,0.138079804158039,0.13807980417079643,0.13807980418341337,0.13807980417079643,0.138079804158039,0.13807980417079643,0.138079804196126,0.1380798042302151,0.138079804196126,0.13807980417079643,0.13807980418341337,0.1380798042302151,0.1380798043247347,0.1380798042302151,0.13807980418341337,0.13807980417079643,0.138079804196126,0.1380798042302151,0.138079804196126,0.13807980417079643,0.138079804158039,0.13807980417079643,0.13807980418341337,0.13807980417079643,0.138079804158039,0.13704476629875725,0.1370447663187744,0.13704476634287183,0.1370447663187744,0.13704476629875725,0.1370447663187744,0.137044766367817,0.13704476646569688,0.137044766367817,0.1370447663187744,0.13704476634287183,0.13704476646569688,0.13704476700662974,0.13704476646569688,0.13704476634287183,0.1370447663187744,0.137044766367817,0.13704476646569688,0.137044766367817,0.1370447663187744,0.13704476629875725,0.1370447663187744,0.13704476634287183,0.1370447663187744,0.13704476629875725,0.1360297328911452,0.13602973290501702,0.13602973291855694,0.13602973290501702,0.1360297328911452,0.13602973290501702,0.13602973293211904,0.13602973296825957,0.13602973293211904,0.13602973290501702,0.13602973291855694,0.13602973296825957,0.1360297330683153,0.13602973296825957,0.13602973291855694,0.13602973290501702,0.13602973293211904,0.13602973296825957,0.13602973293211904,0.13602973290501702,0.1360297328911452,0.13602973290501702,0.13602973291855694,0.13602973290501702,0.1360297328911452,0.13503425236942124,0.13503425237808894,0.13503425238523328,0.13503425237808894,0.13503425236942124,0.13503425237808894,0.13503425239201058,0.13503425240578484,0.13503425239201058,0.13503425237808894,0.13503425238523328,0.13503425240578484,0.13503425243079067,0.13503425240578484,0.13503425238523328,0.13503425237808894,0.13503425239201058,0.13503425240578484,0.13503425239201058,0.13503425237808894,0.13503425236942124,0.13503425237808894,0.13503425238523328,0.13503425237808894,0.13503425236942124
0.1653324875827544,0.16533248758275368,0.16533248758275346,0.16533248758275368,0.1653324875827544,0.16533248758275368,0.1653324875827532,0.16533248758275298,0.1653324875827532,0.16533248758275368,0.16533248758275346,0.16533248758275298,0.1653324875827525,0.16533248758275298,0.16533248758275346,0.16533248758275368,0.1653324875827532,0.16533248758275298,0.1653324875827532,0.16533248758275368,0.1653324875827544,0.16533248758275368,0.16533248758275346,0.16533248758275368,0.1653324875827544,0.16375749386789237,0.1637574938678912,0.16375749386789026,0.1637574938678912,0.16375749386789237,0.1637574938678912,0.1637574938678898,0.16375749386788913,0.1637574938678898,0.1637574938678912,0.16375749386789026,0.16375749386788913,0.16375749386788818,0.16375749386788913,0.16375749386789026,0.1637574938678912,0.1637574938678898,0.16375749386788913,0.1637574938678898,0.1637574938678912,0.16375749386789237,0.1637574938678912,0.16375749386789026,0.1637574938678912,0.16375749386789237,0.16221388408476853,0.1622138840847649,0.16221388408476264,0.1622138840847649,0.16221388408476853,0.1622138840847649,0.16221388408476103,0.16221388408475856,0.16221388408476103,0.1622138840847649,0.16221388408476264,0.16221388408475856,0.16221388408475607,0.16221388408475856,0.16221388408476264,0.1622138840847649,0.16221388408476103,0.16221388408475856,0.16221388408476103,0.1622138840847649,0.16221388408476853,0.1622138840847649,0.16221388408476264,0.1622138840847649,0.16221388408476875,0.16070106719042612,0.160701067190415,0.1607010671904081,0.160701067190415,0.16070106719042612,0.160701067190415,0.16070106719040322,0.1607010671903957,0.16070106719040322,0.160701067190415,0.1607010671904081,0.1607010671903957,0.1607010671903879,0.1607010671903957,0.1607010671904081,0.160701067190415,0.16070106719040322,0.1607010671903957,0.16070106719040322,0.160701067190415,0.16070106719042612,0.160701067190415,0.1607010671904081,0.160701067190415,0.16070106719042612,0.1592184515598564,0.15921845155982375,0.15921845155980305,0.15921845155982375,0.1592184515598564,0.15921845155982375,0.1592184515597878,0.15921845155976475,0.1592184515597878,0.15921845155982375,0.15921845155980305,0.15921845155976475,0.15921845155974013,0.15921845155976475,0.15921845155980305,0.15921845155982375,0.1592184515597878,0.15921845155976475,0.1592184515597878,0.15921845155982375,0.1592184515598564,0.15921845155982375,0.15921845155980305,0.15921845155982375,0.1592184515598564,0.1577654463378701,0.15776544633777514,0.15776544633771325,0.15776544633777514,0.1577654463378701,0.15776544633777514,0.1577654463376659,0.15776544633759376,0.1577654463376659,0.15776544633777514,0.15776544633771325,0.15776544633759376,0.15776544633751355,0.15776544633759376,0.15776544633771325,0.15776544633777514,0.1577654463376659,0.15776544633759376,0.1577654463376659,0.15776544633777514,0.1577654463378701,0.15776544633777514,0.15776544633771325,0.15776544633777514,0.1577654463378701,0.15634146265347104,0.15634146265320129,0.15634146265301874,0.15634146265320129,0.15634146265347104,0.15634146265320129,0.1563414626528707,0.15634146265264046,0.1563414626528707,0.15634146265320129,0.15634146265301874,0.15634146265264046,0.15634146265236967,0.15634146265264046,0.15634146265301874,0.15634146265320129,0.1563414626528707,0.15634146265264046,0.1563414626528707,0.15634146265320129,0.15634146265347104,0.15634146265320129,0.15634146265301874,0.15634146265320129,0.15634146265347104,0.1549459147070696,0.1549459147063222,0.15494591470579183,0.1549459147063222,0.1549459147070696,0.1549459147063222,0.15494591470533073,0.15494591470458088,0.15494591470533073,0.1549459147063222,0.15494591470579183,0.15494591470458088,0.15494591470361055,0.15494591470458088,0.15494591470579183,0.1549459147063222,0.15494591470533073,0.15494591470458088,0.15494591470533073,0.1549459147063222,0.1549459147070696,0.1549459147063222,0.15494591470579183,0.1549459147063222,0.1549459147070696,0.15357822074041677,0.15357822073841798,0.15357822073690022,0.15357822073841798,0.15357822074041677,0.15357822073841798,0.15357822073550054,0.1535782207329898,0.15357822073550054,0.15357822073841798,0.15357822073690022,0.1535782207329898,0.15357822072920893,0.1535782207329898,0.15357822073690022,0.15357822073841798,0.15357822073550054,0.1535782207329898,0.15357822073550054,0.15357822073841798,0.15357822074041677,0.15357822073841798,0.15357822073690022,0.15357822073841798,0.15357822074041677,0.15223780389864566,0.15223780389375718,0.1522378038895822,0.15223780389375718,0.15223780389864566,0.15223780389375718,0.15223780388556177,0.15223780387701027,0.15223780388556177,0.15223780389375718,0.1522378038895822,0.15223780387701027,0.15223780386059718,0.15223780387701027,0.1522378038895822,0.15223780389375718,0.15223780388556177,0.15223780387701027,0.15223780388556177,0.15223780389375718,0.15223780389864566,0.15223780389375718,0.1522378038895822,0.15223780389375718,0.15223780389864566,0.15092409299341,0.1509240929832082,0.15092409297295623,0.1509240929832082,0.15092409299341,0.1509240929832082,0.15092409296259912,0.1509240929342098,0.15092409296259912,0.1509240929832082,0.15092409297295623,0.1509240929342098,0.15092409285360844,0.1509240929342098,0.15092409297295623,0.1509240929832082,0.15092409296259912,0.1509240929342098,0.15092409296259912,0.1509240929832082,0.15092409299341,0.1509240929832082,0.15092409297295623,0.1509240929832082,0.15092409299341,0.14963652317415,0.14963652315881246,0.14963652313988424,0.14963652315881246,0.14963652317415,0.14963652315881246,0.14963652312020195,0.14963652304102576,0.14963652312020195,0.14963652315881246,0.14963652313988424,0.14963652304102576,0.14963652259385862,0.14963652304102576,0.14963652313988424,0.14963652315881246,0.14963652312020195,0.14963652304102576,0.14963652312020195,0.14963652315881246,0.14963652317415,0.14963652315881246,0.14963652313988424,0.14963652315881246,0.14963652317415,0.14837453650820698,0.14837453649957894,0.14837453649129378,0.14837453649957894,0.14837453650820698,0.14837453649957894,0.14837453648297189,0.1483745364627044,0.14837453648297189,0.14837453649957894,0.14837453649129378,0.1483745364627044,0.1483745364249188,0.1483745364627044,0.14837453649129378,0.14837453649957894,0.14837453648297189,0.1483745364627044,0.14837453648297189,0.14837453649957894,0.14837453650820698,0.14837453649957894,0.14837453649129378,0.14837453649957894,0.14837453650820698,0.1471375824650131,0.14713758246215652,0.14713758246026803,0.14713758246215652,0.1471375824650131,0.14713758246215652,0.1471375824586013,0.14713758245804037,0.1471375824586013,0.14713758246215652,0.14713758246026803,0.14713758245804037,0.14713758247627004,0.14713758245804037,0.14713758246026803,0.14713758246215652,0.1471375824586013,0.14713758245804037,0.1471375824586013,0.14713758246215652,0.1471375824650131,0.14713758246215652,0.14713758246026803,0.14713758246215652,0.1471375824650131,0.14592511838002528,0.14592511837978472,0.14592511838010186,0.14592511837978472,0.14592511838002528,0.14592511837978472,0.14592511838059083,0.145925118383882,0.14592511838059083,0.14592511837978472,0.14592511838010186,0.145925118383882,0.1459251184034149,0.145925118383882,0.14592511838010186,0.14592511837978472,0.14592511838059083,0.145925118383882,0.14592511838059083,0.14592511837978472,0.14592511838002528,0.14592511837978472,0.14592511838010186,0.14592511837978472,0.14592511838002528,0.1447366098327864,0.1447366098332898,0.14473660983400022,0.1447366098332898,0.1447366098327864,0.1447366098332898,0.1447366098347883,0.14473660983766787,0.1447366098347883,0.1447366098332898,0.14473660983400022,0.14473660983766787,0.1447366098506357,0.14473660983766787,0.14473660983400022,0.1447366098332898,0.1447366098347883,0.14473660983766787,0.1447366098347883,0.1447366098332898,0.1447366098327864,0.1447366098332898,0.14473660983400022,0.1447366098332898,0.1447366098327864,0.14357153095912642,0.14357153095966235,0.1435715309602118,0.14357153095966235,0.14357153095912642,0.14357153095966235,0.143571530960771,0.14357153096242156,0.143571530960771,0.14357153095966235,0.1435715309602118,0.14357153096242156,0.1435715309686778,0.14357153096242156,0.1435715309602118,0.14357153095966235,0.143571530960771,0.14357153096242156,0.143571530960771,0.14357153095966235,0.14357153095912642,0.14357153095966235,0.1435715309602118,0.14357153095966235,0.14357153095912642,0.14242936471018902,0.14242936471070555,0.14242936471110412,0.14242936471070555,0.14242936471018902,0.14242936471070555,0.14242936471146045,0.14242936471218748,0.14242936471146045,0.14242936471070555,0.14242936471110412,0.14242936471218748,0.14242936471381196,0.14242936471218748,0.14242936471110412,0.14242936471070555,0.14242936471146045,0.14242936471218748,0.14242936471146045,0.14242936471070555,0.14242936471018902,0.14242936471070555,0.14242936471110412,0.14242936471070555,0.14242936471018902,0.1413096030639626,0.14130960306486914,0.14130960306547816,0.14130960306486914,0.1413096030639626,0.14130960306486914,0.14130960306598175,0.14130960306665097,0.14130960306598175,0.14130960306486914,0.14130960306547816,0.14130960306665097,0.14130960306648863,0.14130960306665097,0.14130960306547816,0.14130960306486914,0.14130960306598175,0.14130960306665097,0.14130960306598175,0.14130960306486914,0.1413096030639626,0.14130960306486914,0.14130960306547816,0.14130960306486914,0.1413096030639626,0.14021174719324025,0.14021174719557344,0.14021174719728433,0.14021174719557344,0.14021174719324025,0.14021174719557344,0.14021174719880752,0.14021174720125534,0.14021174719880752,0.14021174719557344,0.14021174719728433,0.14021174720125534,0.14021174720318907,0.14021174720125534,0.14021174719728433,0.14021174719557344,0.14021174719880752,0.14021174720125534,0.14021174719880752,0.14021174719557344,0.14021174719324025,0.14021174719557344,0.14021174719728433,0.14021174719557344,0.14021174719324025,0.13913530759344175,0.13913530759934312,0.13913530760430057,0.13913530759934312,0.13913530759344175,0.13913530759934312,0.13913530760904835,0.1391353076188407,0.13913530760904835,0.13913530759934312,0.13913530760430057,0.1391353076188407,0.13913530763708506,0.1391353076188407,0.13913530760430057,0.13913530759934312,0.13913530760904835,0.1391353076188407,0.13913530760904835,0.13913530759934312,0.13913530759344175,0.13913530759934312,0.13913530760430057,0.13913530759934312,0.13913530759344175,0.13807980417351134,0.13807980418616986,0.1380798041986865,0.13807980418616986,0.13807980417351134,0.13807980418616986,0.1380798042112976,0.138079804245107,0.1380798042112976,0.13807980418616986,0.1380798041986865,0.138079804245107,0.13807980433883,0.138079804245107,0.1380798041986865,0.13807980418616986,0.1380798042112976,0.138079804245107,0.1380798042112976,0.13807980418616986,0.13807980417351134,0.13807980418616986,0.1380798041986865,0.13807980418616986,0.13807980417351134,0.13704476631454737,0.13704476633439466,0.13704476635828533,0.13704476633439466,0.13704476631454737,0.13704476633439466,0.1370447663830163,0.13704476648004796,0.1370447663830163,0.13704476633439466,0.13704476635828533,0.13704476648004796,0.13704476701625296,0.13704476648004796,0.13704476635828533,0.13704476633439466,0.1370447663830163,0.13704476648004796,0.13704476638301616,0.13704476633439466,0.13704476631454737,0.13704476633439466,0.13704476635828533,0.13704476633439466,0.13704476631454737,0.13602973290716505,0.13602973292091652,0.13602973293433743,0.13602973292091652,0.13602973290716505,0.13602973292091652,0.1360297329477825,0.13602973298360188,0.1360297329477825,0.13602973292091652,0.13602973293433743,0.13602973298360188,0.13602973308277935,0.13602973298360188,0.13602973293433743,0.13602973292091652,0.1360297329477825,0.13602973298360188,0.1360297329477825,0.13602973292091652,0.13602973290716505,0.13602973292091652,0.13602973293433743,0.13602973292091652,0.13602973290716505,0.13503425238545896,0.13503425239404962,0.1350342524011305,0.13503425239404962,0.13503425238545896,0.13503425239404962,0.1350342524078446,0.13503425242149542,0.1350342524078446,0.13503425239404962,0.1350342524011305,0.13503425242149542,0.1350342524462787,0.13503425242149542,0.1350342524011305,0.13503425239404962,0.1350342524078446,0.13503425242149542,0.1350342524078446,0.13503425239404962,0.13503425238545896,0.13503425239404962,0.1350342524011305,0.13503425239404962,0.13503425238545896
0.16533248757825553,0.16533248757825483,0.16533248757825458,0.16533248757825483,0.16533248757825553,0.16533248757825483,0.16533248757825433,0.1653324875782541,0.16533248757825433,0.16533248757825483,0.16533248757825458,0.1653324875782541,0.16533248757825364,0.1653324875782541,0.16533248757825458,0.16533248757825483,0.16533248757825433,0.1653324875782541,0.16533248757825433,0.16533248757825483,0.16533248757825553,0.16533248757825483,0.16533248757825458,0.16533248757825483,0.16533248757825553,0.16375749386356261,0.16375749386356125,0.16375749386356056,0.16375749386356125,0.16375749386356261,0.16375749386356125,0.1637574938635601,0.16375749386355914,0.1637574938635601,0.16375749386356125,0.16375749386356056,0.16375749386355914,0.16375749386355848,0.16375749386355914,0.16375749386356056,0.16375749386356125,0.1637574938635601,0.16375749386355914,0.1637574938635601,0.16375749386356125,0.16375749386356261,0.16375749386356125,0.16375749386356056,0.16375749386356125,0.16375749386356261,0.16221388408067225,0.16221388408066864,0.16221388408066637,0.16221388408066864,0.16221388408067225,0.16221388408066864,0.16221388408066476,0.16221388408066248,0.16221388408066476,0.16221388408066864,0.16221388408066637,0.16221388408066248,0.16221388408065998,0.16221388408066248,0.16221388408066637,0.16221388408066864,0.16221388408066476,0.16221388408066248,0.16221388408066476,0.16221388408066864,0.16221388408067225,0.16221388408066864,0.16221388408066637,0.16221388408066864,0.16221388408067225,0.16070106718662905,0.1607010671866182,0.16070106718661153,0.1607010671866182,0.16070106718662905,0.1607010671866182,0.16070106718660684,0.16070106718659952,0.16070106718660684,0.1607010671866182,0.16070106718661153,0.16070106718659952,0.16070106718659175,0.16070106718659952,0.16070106718661153,0.1607010671866182,0.16070106718660684,0.16070106718659952,0.16070106718660684,0.1607010671866182,0.16070106718662905,0.1607010671866182,0.16070106718661153,0.1607010671866182,0.16070106718662905,0.15921845155642497,0.15921845155639341,0.15921845155637315,0.15921845155639341,0.15921845155642497,0.15921845155639341,0.15921845155635833,0.1592184515563357,0.15921845155635833,0.15921845155639341,0.15921845155637315,0.1592184515563357,0.1592184515563113,0.1592184515563357,0.15921845155637315,0.15921845155639341,0.15921845155635833,0.1592184515563357,0.15921845155635833,0.15921845155639341,0.15921845155642497,0.15921845155639341,0.15921845155637315,0.15921845155639341,0.15921845155642475,0.15776544633486822,0.15776544633477732,0.15776544633471715,0.15776544633477732,0.15776544633486822,0.15776544633477732,0.15776544633467043,0.15776544633459938,0.15776544633467043,0.15776544633477732,0.15776544633471715,0.15776544633459938,0.1577654463345202,0.15776544633459938,0.15776544633471715,0.15776544633477732,0.15776544633467043,0.15776544633459938,0.15776544633467043,0.15776544633477732,0.15776544633486822,0.15776544633477732,0.15776544633471715,0.15776544633477732,0.15776544633486822,0.15634146265096616,0.1563414626507012,0.1563414626505233,0.1563414626507012,0.15634146265096616,0.1563414626507012,0.15634146265037666,0.15634146265014937,0.15634146265037666,0.1563414626507012,0.1563414626505233,0.15634146265014937,0.15634146264988089,0.15634146265014937,0.1563414626505233,0.1563414626507012,0.15634146265037666,0.15634146265014937,0.15634146265037666,0.1563414626507012,0.15634146265096616,0.1563414626507012,0.1563414626505233,0.1563414626507012,0.15634146265096616,0.1549459147051348,0.1549459147043893,0.15494591470386446,0.1549459147043893,0.1549459147051348,0.1549459147043893,0.15494591470340785,0.15494591470266314,0.15494591470340785,0.1549459147043893,0.15494591470386446,0.15494591470266314,0.15494591470169852,0.15494591470266314,0.15494591470386446,0.1549459147043893,0.15494591470340785,0.15494591470266314,0.15494591470340785,0.1549459147043893,0.1549459147051348,0.1549459147043893,0.15494591470386446,0.1549459147043893,0.1549459147051348,0.1535782207391093,0.15357822073711852,0.15357822073560215,0.15357822073711852,0.1535782207391093,0.15357822073711852,0.15357822073421676,0.15357822073171784,0.15357822073421676,0.15357822073711852,0.15357822073560215,0.15357822073171784,0.15357822072795607,0.15357822073171784,0.15357822073560215,0.15357822073711852,0.15357822073421676,0.15357822073171784,0.15357822073421676,0.15357822073711852,0.1535782207391093,0.15357822073711852,0.15357822073560215,0.15357822073711852,0.1535782207391093,0.15223780389800456,0.1522378038931375,0.15223780388898067,0.1522378038931375,0.15223780389800456,0.1522378038931375,0.15223780388497932,0.15223780387646796,0.15223780388497932,0.1522378038931375,0.15223780388898067,0.15223780387646796,0.15223780386013286,0.15223780387646796,0.15223780388898067,0.1522378038931375,0.15223780388497932,0.15223780387646796,0.15223780388497932,0.1522378038931375,0.15223780389800456,0.1522378038931375,0.15223780388898067,0.1522378038931375,0.15223780389800456,0.15092409299343934,0.15092409298328113,0.15092409297307605,0.15092409298328113,0.15092409299343934,0.15092409298328113,0.1509240929627585,0.15092409293450615,0.1509240929627585,0.15092409298328113,0.15092409297307605,0.15092409293450615,0.15092409285428868,0.15092409293450615,0.15092409297307605,0.15092409298328113,0.1509240929627585,0.15092409293450615,0.1509240929627585,0.15092409298328113,0.15092409299343934,0.15092409298328113,0.15092409297307605,0.15092409298328113,0.15092409299343934,0.1496365231747978,0.14963652315952533,0.1496365231406799,0.14963652315952533,0.1496365231747978,0.14963652315952533,0.1496365231210825,0.14963652304226613,0.1496365231210825,0.14963652315952533,0.1496365231406799,0.14963652304226613,0.14963652259720484,0.14963652304226613,0.1496365231406799,0.14963652315952533,0.1496365231210825,0.14963652304226613,0.1496365231210825,0.14963652315952533,0.1496365231747978,0.14963652315952533,0.1496365231406799,0.14963652315952533,0.1496365231747978,0.14837453650936713,0.14837453650076765,0.1483745364925064,0.14837453650076765,0.14837453650936713,0.14837453650076765,0.14837453648420787,0.14837453646397225,0.14837453648420787,0.14837453650076765,0.1483745364925064,0.14837453646397225,0.14837453642601225,0.14837453646397225,0.1483745364925064,0.14837453650076765,0.14837453648420787,0.14837453646397225,0.14837453648420787,0.14837453650076765,0.14837453650936713,0.14837453650076765,0.1483745364925064,0.14837453650076765,0.14837453650936713,0.14713758246663894,0.14713758246378947,0.14713758246190167,0.14713758246378947,0.14713758246663894,0.14713758246378947,0.1471375824602339,0.1471375824596408,0.1471375824602339,0.14713758246378947,0.14713758246190167,0.1471375824596408,0.14713758247763062,0.1471375824596408,0.14713758246190167,0.14713758246378947,0.1471375824602339,0.1471375824596408,0.1471375824602339,0.14713758246378947,0.14713758246663894,0.14713758246378947,0.14713758246190167,0.14713758246378947,0.14713758246663894,0.14592511838209885,0.14592511838186667,0.14592511838218858,0.14592511838186667,0.14592511838209885,0.14592511838186667,0.1459251183826813,0.14592511838597283,0.1459251183826813,0.14592511838186667,0.14592511838218858,0.14592511838597283,0.14592511840544733,0.14592511838597283,0.14592511838218858,0.14592511838186667,0.1459251183826813,0.14592511838597283,0.1459251183826813,0.14592511838186667,0.14592511838209885,0.14592511838186667,0.14592511838218858,0.14592511838186667,0.14592511838209885,0.1447366098352723,0.14473660983579667,0.144736609836527,0.14473660983579667,0.1447366098352723,0.14473660983579667,0.1447366098373348,0.14473660984027145,0.1447366098373348,0.14473660983579667,0.144736609836527,0.14473660984027145,0.14473660985346495,0.14473660984027145,0.144736609836527,0.14473660983579667,0.1447366098373348,0.14473660984027145,0.1447366098373348,0.14473660983579667,0.1447366098352723,0.14473660983579667,0.144736609836527,0.14473660983579667,0.1447366098352723,0.14357153096194653,0.14357153096251876,0.14357153096310565,0.14357153096251876,0.14357153096194653,0.14357153096251876,0.14357153096370284,0.14357153096547076,0.14357153096370284,0.14357153096251876,0.14357153096310565,0.14357153096547076,0.14357153097224906,0.14357153096547076,0.14357153096310565,0.14357153096251876,0.14357153096370284,0.14357153096547076,0.14357153096370284,0.14357153096251876,0.14357153096194653,0.14357153096251876,0.14357153096310565,0.14357153096251876,0.14357153096194653,0.14242936471321463,0.14242936471377926,0.1424293647142295,0.14242936471377926,0.14242936471321463,0.14242936471377926,0.14242936471463832,0.1424293647155336,0.14242936471463832,0.14242936471377926,0.1424293647142295,0.1424293647155336,0.14242936471783968,0.1424293647155336,0.1424293647142295,0.14242936471377926,0.14242936471463832,0.1424293647155336,0.14242936471463832,0.14242936471377926,0.14242936471321463,0.14242936471377926,0.1424293647142295,0.14242936471377926,0.14242936471321463,0.14130960306702248,0.14130960306797752,0.14130960306864115,0.14130960306797752,0.14130960306702248,0.14130960306797752,0.14130960306920182,0.1413096030700628,0.14130960306920182,0.14130960306797752,0.14130960306864115,0.1413096030700628,0.14130960307074683,0.1413096030700628,0.14130960306864115,0.14130960306797752,0.14130960306920182,0.1413096030700628,0.14130960306920182,0.14130960306797752,0.14130960306702248,0.14130960306797752,0.14130960306864115,0.14130960306797752,0.14130960306702248,0.1402117471961433,0.14021174719850354,0.1402117472002509,0.14021174719850354,0.1402117471961433,0.14021174719850354,0.14021174720181312,0.14021174720441637,0.14021174720181312,0.14021174719850354,0.1402117472002509,0.14021174720441637,0.1402117472071448,0.14021174720441637,0.1402117472002509,0.14021174719850354,0.14021174720181312,0.14021174720441637,0.14021174720181312,0.14021174719850354,0.1402117471961433,0.14021174719850354,0.1402117472002509,0.14021174719850354,0.1402117471961433,0.139135307596022,0.13913530760189707,0.13913530760683446,0.13913530760189707,0.139135307596022,0.13913530760189707,0.1391353076115639,0.13913530762132778,0.1391353076115639,0.13913530760189707,0.13913530760683446,0.13913530762132778,0.13913530763955792,0.13913530762132778,0.13913530760683446,0.13913530760189707,0.1391353076115639,0.13913530762132778,0.1391353076115639,0.13913530760189707,0.139135307596022,0.13913530760189707,0.13913530760683446,0.13913530760189707,0.139135307596022,0.13807980417569618,0.1380798041882527,0.1380798042006664,0.1380798041882527,0.13807980417569618,0.1380798041882527,0.1380798042131728,0.13807980424669583,0.1380798042131728,0.1380798041882527,0.1380798042006664,0.13807980424669583,0.13807980433960582,0.13807980424669583,0.1380798042006664,0.1380798041882527,0.1380798042131728,0.13807980424669583,0.13807980421317295,0.1380798041882527,0.13807980417569618,0.1380798041882527,0.1380798042006664,0.1380798041882527,0.13807980417569618,0.13704476631640497,0.13704476633607837,0.1370447663597577,0.13704476633607837,0.13704476631640497,0.13704476633607837,0.13704476638426943,0.13704476648043412,0.13704476638426943,0.13704476633607837,0.1370447663597577,0.13704476648043412,0.13704476701182236,0.13704476648043412,0.1370447663597577,0.13704476633607837,0.13704476638426943,0.13704476648043412,0.13704476638426943,0.13704476633607837,0.13704476631640497,0.13704476633607837,0.1370447663597577,0.13704476633607837,0.13704476631640497,0.13602973290890108,0.13602973292253015,0.1360297329358312,0.13602973292253015,0.13602973290890108,0.13602973292253015,0.13602973294915638,0.1360297329846528,0.13602973294915638,0.13602973292253015,0.1360297329358312,0.1360297329846528,0.1360297330829383,0.1360297329846528,0.1360297329358312,0.13602973292253015,0.13602973294915638,0.1360297329846528,0.13602973294915638,0.13602973292253015,0.13602973290890108,0.13602973292253015,0.1360297329358312,0.13602973292253015,0.13602973290890108,0.13503425238716762,0.13503425239568118,0.13503425240269845,0.13503425239568118,0.13503425238716762,0.13503425239568118,0.13503425240935119,0.13503425242287856,0.13503425240935119,0.13503425239568118,0.13503425240269845,0.13503425242287856,0.1350342524474378,0.13503425242287856,0.13503425240269845,0.13503425239568118,0.13503425240935119,0.13503425242287856,0.13503425240935119,0.13503425239568118,0.13503425238716762,0.13503425239568118,0.13503425240269845,0.13503425239568118,0.13503425238716762
0.16533248757861682,0.16533248757861635,0.1653324875786161,0.16533248757861635,0.16533248757861682,0.16533248757861635,0.1653324875786159,0.16533248757861566,0.1653324875786159,0.16533248757861635,0.1653324875786161,0.16533248757861566,0.1653324875786154,0.16533248757861566,0.1653324875786161,0.16533248757861635,0.1653324875786159,0.16533248757861566,0.1653324875786159,0.16533248757861635,0.16533248757861682,0.16533248757861635,0.1653324875786161,0.16533248757861635,0.16533248757861682,0.16375749386394495,0.16375749386394403,0.1637574938639433,0.16375749386394403,0.16375749386394495,0.16375749386394403,0.16375749386394287,0.16375749386394217,0.16375749386394287,0.16375749386394403,0.1637574938639433,0.16375749386394217,0.16375749386394123,0.16375749386394217,0.1637574938639433,0.16375749386394403,0.16375749386394287,0.16375749386394217,0.16375749386394287,0.16375749386394403,0.16375749386394495,0.16375749386394403,0.1637574938639433,0.16375749386394403,0.16375749386394495,0.1622138840810993,0.16221388408109613,0.16221388408109408,0.16221388408109613,0.1622138840810993,0.16221388408109613,0.16221388408109272,0.16221388408109047,0.16221388408109272,0.16221388408109613,0.16221388408109408,0.16221388408109047,0.1622138840810882,0.16221388408109047,0.16221388408109408,0.16221388408109613,0.16221388408109272,0.16221388408109047,0.16221388408109272,0.16221388408109613,0.1622138840810993,0.16221388408109613,0.16221388408109408,0.16221388408109613,0.1622138840810993,0.16070106718712493,0.16070106718711494,0.16070106718710847,0.16070106718711494,0.16070106718712493,0.16070106718711494,0.16070106718710403,0.16070106718709715,0.16070106718710403,0.16070106718711494,0.16070106718710847,0.16070106718709715,0.16070106718708982,0.16070106718709715,0.16070106718710847,0.16070106718711494,0.16070106718710403,0.16070106718709715,0.16070106718710403,0.16070106718711494,0.16070106718712493,0.16070106718711494,0.16070106718710847,0.16070106718711494,0.16070106718712493,0.1592184515570139,0.1592184515569834,0.159218451556964,0.1592184515569834,0.1592184515570139,0.1592184515569834,0.15921845155694966,0.15921845155692746,0.15921845155694966,0.1592184515569834,0.159218451556964,0.15921845155692746,0.1592184515569035,0.15921845155692746,0.159218451556964,0.1592184515569834,0.15921845155694966,0.15921845155692746,0.15921845155694966,0.1592184515569834,0.1592184515570139,0.1592184515569834,0.159218451556964,0.1592184515569834,0.1592184515570139,0.15776544633557615,0.1577654463354855,0.1577654463354266,0.1577654463354855,0.15776544633557615,0.1577654463354855,0.15776544633538073,0.15776544633531053,0.15776544633538073,0.1577654463354855,0.1577654463354266,0.15776544633531053,0.15776544633523198,0.15776544633531053,0.1577654463354266,0.1577654463354855,0.15776544633538073,0.15776544633531053,0.15776544633538073,0.1577654463354855,0.15776544633557615,0.1577654463354855,0.1577654463354266,0.1577654463354855,0.15776544633557615,0.15634146265181617,0.1563414626515529,0.156341462651376,0.1563414626515529,0.15634146265181617,0.1563414626515529,0.15634146265123108,0.15634146265100526,0.15634146265123108,0.1563414626515529,0.156341462651376,0.15634146265100526,0.15634146265073864,0.15634146265100526,0.156341462651376,0.1563414626515529,0.15634146265123108,0.15634146265100526,0.15634146265123108,0.1563414626515529,0.15634146265181617,0.1563414626515529,0.156341462651376,0.1563414626515529,0.15634146265181617,0.1549459147061472,0.15494591470540595,0.15494591470488295,0.15494591470540595,0.1549459147061472,0.15494591470540595,0.1549459147044309,0.15494591470369046,0.1549459147044309,0.15494591470540595,0.15494591470488295,0.15494591470369046,0.154945914702732,0.15494591470369046,0.15494591470488295,0.15494591470540595,0.1549459147044309,0.15494591470369046,0.1549459147044309,0.15494591470540595,0.1549459147061472,0.15494591470540595,0.15494591470488295,0.15494591470540595,0.1549459147061472,0.15357822074029728,0.15357822073831795,0.15357822073681024,0.15357822073831795,0.15357822074029728,0.15357822073831795,0.15357822073543326,0.15357822073294922,0.15357822073543326,0.15357822073831795,0.15357822073681024,0.15357822073294922,0.15357822072920993,0.15357822073294922,0.15357822073681024,0.15357822073831795,0.15357822073543326,0.15357822073294922,0.15357822073543326,0.15357822073831795,0.15357822074029728,0.15357822073831795,0.15357822073681024,0.15357822073831795,0.15357822074029728,0.15223780389936337,0.15223780389452407,0.1522378038903914,0.15223780389452407,0.15223780389936337,0.15223780389452407,0.1522378038864131,0.15223780387795213,0.1522378038864131,0.15223780389452407,0.1522378038903914,0.15223780387795213,0.15223780386171487,0.15223780387795213,0.1522378038903914,0.15223780389452407,0.1522378038864131,0.15223780387795213,0.1522378038864131,0.15223780389452407,0.15223780389936337,0.15223780389452407,0.1522378038903914,0.15223780389452407,0.15223780389936337,0.15092409299492845,0.150924092984827,0.15092409297468076,0.150924092984827,0.15092409299492845,0.150924092984827,0.1509240929644201,0.15092409293633596,0.1509240929644201,0.150924092984827,0.15092409297468076,0.15092409293633596,0.15092409285660197,0.15092409293633596,0.15092409297468076,0.150924092984827,0.1509240929644201,0.15092409293633596,0.1509240929644201,0.150924092984827,0.15092409299492845,0.150924092984827,0.15092409297468076,0.150924092984827,0.15092409299492845,0.14963652317631257,0.14963652316112194,0.14963652314238127,0.14963652316112194,0.14963652317631257,0.14963652316112194,0.1496365231228928,0.149636523044534,0.1496365231228928,0.14963652316112194,0.14963652314238127,0.149636523044534,0.1496365226021598,0.149636523044534,0.14963652314238127,0.14963652316112194,0.1496365231228928,0.149636523044534,0.1496365231228928,0.14963652316112194,0.14963652317631257,0.14963652316112194,0.14963652314238127,0.14963652316112194,0.14963652317631257,0.1483745365107456,0.14837453650217874,0.14837453649394436,0.14837453650217874,0.1483745365107456,0.14837453650217874,0.14837453648567162,0.14837453646546528,0.14837453648567162,0.14837453650217874,0.14837453649394436,0.14837453646546528,0.1483745364272623,0.14837453646546528,0.14837453649394436,0.14837453650217874,0.14837453648567162,0.14837453646546528,0.14837453648567162,0.14837453650217874,0.1483745365107456,0.14837453650217874,0.14837453649394436,0.14837453650217874,0.1483745365107456,0.1471375824678137,0.14713758246496694,0.14713758246307299,0.14713758246496694,0.1471375824678137,0.14713758246496694,0.14713758246139721,0.14713758246074307,0.14713758246139721,0.14713758246496694,0.14713758246307299,0.14713758246074307,0.14713758247828934,0.14713758246074307,0.14713758246307299,0.14713758246496694,0.14713758246139721,0.14713758246074307,0.14713758246139721,0.14713758246496694,0.1471375824678137,0.14713758246496694,0.14713758246307299,0.14713758246496694,0.1471375824678137,0.14592511838305897,0.14592511838282748,0.14592511838314604,0.14592511838282748,0.14592511838305897,0.14592511838282748,0.14592511838363392,0.14592511838689767,0.14592511838363392,0.14592511838282748,0.14592511838314604,0.14592511838689767,0.1459251184062146,0.14592511838689767,0.14592511838314604,0.14592511838282748,0.14592511838363392,0.14592511838689767,0.14592511838363392,0.14592511838282748,0.14592511838305897,0.14592511838282748,0.14592511838314604,0.14592511838282748,0.14592511838305897,0.1447366098360046,0.14473660983654255,0.1447366098372856,0.14473660983654255,0.1447366098360046,0.14473660983654255,0.14473660983810563,0.1447366098410768,0.14473660983810563,0.14473660983654255,0.1447366098372856,0.1447366098410768,0.14473660985442552,0.1447366098410768,0.1447366098372856,0.14473660983654255,0.14473660983810563,0.1447366098410768,0.14473660983810563,0.14473660983654255,0.1447366098360046,0.14473660983654255,0.1447366098372856,0.14473660983654255,0.1447366098360046,0.1435715309624053,0.1435715309630078,0.14357153096362635,0.1435715309630078,0.1435715309624053,0.1435715309630078,0.14357153096425554,0.1435715309661234,0.14357153096425554,0.1435715309630078,0.14357153096362635,0.1435715309661234,0.14357153097329167,0.1435715309661234,0.14357153096362635,0.1435715309630078,0.14357153096425554,0.1435715309661234,0.14357153096425554,0.1435715309630078,0.1435715309624053,0.1435715309630078,0.14357153096362635,0.1435715309630078,0.1435715309624053,0.14242936471331324,0.142429364713921,0.14242936471441772,0.142429364713921,0.14242936471331324,0.142429364713921,0.14242936471487416,0.14242936471592346,0.14242936471487416,0.142429364713921,0.14242936471441772,0.14242936471592346,0.14242936471889586,0.14242936471592346,0.14242936471441772,0.142429364713921,0.14242936471487416,0.14242936471592346,0.14242936471487416,0.142429364713921,0.14242936471331324,0.142429364713921,0.14242936471441772,0.142429364713921,0.14242936471331324,0.1413096030666406,0.14130960306763987,0.14130960306835416,0.14130960306763987,0.1413096030666406,0.14130960306763987,0.14130960306896728,0.1413096030700072,0.14130960306896728,0.14130960306763987,0.14130960306835416,0.1413096030700072,0.14130960307150697,0.1413096030700072,0.14130960306835416,0.14130960306763987,0.14130960306896728,0.1413096030700072,0.14130960306896728,0.14130960306763987,0.1413096030666406,0.14130960306763987,0.14130960306835416,0.14130960306763987,0.1413096030666406,0.1402117471951508,0.14021174719753474,0.14021174719931512,0.14021174719753474,0.1402117471951508,0.14021174719753474,0.140211747200913,0.14021174720366122,0.140211747200913,0.14021174719753474,0.14021174719931512,0.14021174720366122,0.14021174720712898,0.14021174720366122,0.14021174719931512,0.14021174719753474,0.140211747200913,0.14021174720366122,0.140211747200913,0.14021174719753474,0.1402117471951508,0.14021174719753474,0.14021174719931512,0.14021174719753474,0.1402117471951508,0.13913530759432371,0.13913530760016987,0.13913530760508494,0.13913530760016987,0.13913530759432371,0.13913530760016987,0.1391353076097937,0.13913530761952436,0.1391353076097937,0.13913530760016987,0.13913530760508494,0.13913530761952436,0.1391353076377292,0.13913530761952436,0.13913530760508494,0.13913530760016987,0.1391353076097937,0.13913530761952436,0.1391353076097937,0.13913530760016987,0.13913530759432371,0.13913530760016987,0.13913530760508494,0.13913530760016987,0.13913530759432371,0.13807980417329832,0.13807980418575017,0.13807980419805846,0.13807980418575017,0.13807980417329832,0.13807980418575017,0.13807980421045804,0.1380798042436882,0.13807980421045804,0.13807980418575017,0.13807980419805846,0.1380798042436882,0.13807980433576994,0.1380798042436882,0.13807980419805846,0.13807980418575017,0.13807980421045804,0.1380798042436882,0.13807980421045804,0.13807980418575017,0.13807980417329832,0.13807980418575017,0.13807980419805846,0.13807980418575017,0.13807980417329832,0.1370447663134656,0.13704476633296184,0.13704476635642587,0.13704476633296184,0.1370447663134656,0.13704476633296184,0.13704476638071414,0.13704476647599623,0.13704476638071414,0.13704476633296184,0.13704476635642587,0.13704476647599623,0.13704476700247814,0.13704476647599623,0.13704476635642587,0.13704476633296184,0.13704476638071414,0.13704476647599623,0.13704476638071414,0.13704476633296184,0.1370447663134656,0.13704476633296184,0.13704476635642587,0.13704476633296184,0.1370447663134656,0.13602973290572543,0.1360297329192303,0.13602973293240933,0.1360297329192303,0.13602973290572543,0.1360297329192303,0.1360297329456127,0.13602973298078214,0.1360297329456127,0.1360297329192303,0.13602973293240933,0.13602973298078214,0.13602973307816169,0.13602973298078214,0.13602973293240933,0.1360297329192303,0.1360297329456127,0.13602973298078214,0.1360297329456127,0.1360297329192303,0.13602973290572543,0.1360297329192303,0.13602973293240933,0.1360297329192303,0.13602973290572543,0.13503425238395314,0.13503425239238862,0.13503425239934141,0.13503425239238862,0.13503425238395314,0.13503425239238862,0.13503425240593267,0.13503425241933534,0.13503425240593267,0.13503425239238862,0.13503425239934141,0.13503425241933534,0.13503425244366773,0.13503425241933534,0.13503425239934141,0.13503425239238862,0.13503425240593267,0.13503425241933534,0.13503425240593267,0.13503425239238862,0.13503425238395314,0.13503425239238862,0.13503425239934141,0.13503425239238862,0.13503425238395314
0.1653324875807787,0.16533248758077823,0.165332487580778,0.16533248758077823,0.1653324875807787,0.16533248758077823,0.16533248758077776,0.16533248758077754,0.16533248758077776,0.16533248758077823,0.165332487580778,0.16533248758077754,0.16533248758077726,0.16533248758077754,0.165332487580778,0.16533248758077823,0.16533248758077776,0.16533248758077754,0.16533248758077776,0.16533248758077823,0.1653324875807787,0.16533248758077823,0.165332487580778,0.16533248758077823,0.1653324875807787,0.16375749386607535,0.1637574938660742,0.1637574938660735,0.1637574938660742,0.16375749386607535,0.1637574938660742,0.16375749386607302,0.16375749386607233,0.16375749386607302,0.1637574938660742,0.1637574938660735,0.16375749386607233,0.16375749386607166,0.16375749386607233,0.1637574938660735,0.1637574938660742,0.16375749386607302,0.16375749386607233,0.16375749386607302,0.1637574938660742,0.16375749386607535,0.1637574938660742,0.1637574938660735,0.1637574938660742,0.16375749386607535,0.16221388408320808,0.16221388408320492,0.16221388408320286,0.16221388408320492,0.16221388408320808,0.16221388408320492,0.1622138840832015,0.16221388408319923,0.1622138840832015,0.16221388408320492,0.16221388408320286,0.16221388408319923,0.1622138840831972,0.16221388408319923,0.16221388408320286,0.16221388408320492,0.1622138840832015,0.16221388408319923,0.1622138840832015,0.16221388408320492,0.16221388408320808,0.16221388408320492,0.16221388408320286,0.16221388408320492,0.16221388408320808,0.16070106718922225,0.16070106718921226,0.16070106718920604,0.16070106718921226,0.16070106718922225,0.16070106718921226,0.16070106718920182,0.16070106718919494,0.16070106718920182,0.16070106718921226,0.16070106718920604,0.16070106718919494,0.16070106718918784,0.16070106718919494,0.16070106718920604,0.16070106718921226,0.16070106718920182,0.16070106718919494,0.16070106718920182,0.16070106718921226,0.16070106718922225,0.16070106718921226,0.16070106718920604,0.16070106718921226,0.16070106718922225,0.15921845155910985,0.15921845155907982,0.15921845155906064,0.15921845155907982,0.15921845155910985,0.15921845155907982,0.1592184515590467,0.15921845155902514,0.1592184515590467,0.15921845155907982,0.15921845155906064,0.15921845155902514,0.15921845155900163,0.15921845155902514,0.15921845155906064,0.15921845155907982,0.1592184515590467,0.15921845155902514,0.1592184515590467,0.15921845155907982,0.15921845155910985,0.15921845155907982,0.15921845155906064,0.15921845155907982,0.15921845155910985,0.15776544633768022,0.15776544633759057,0.15776544633753212,0.15776544633759057,0.15776544633768022,0.15776544633759057,0.15776544633748732,0.15776544633741732,0.15776544633748732,0.15776544633759057,0.15776544633753212,0.15776544633741732,0.15776544633733944,0.15776544633741732,0.15776544633753212,0.15776544633759057,0.15776544633748732,0.15776544633741732,0.15776544633748732,0.15776544633759057,0.15776544633768022,0.15776544633759057,0.15776544633753212,0.15776544633759057,0.15776544633768022,0.15634146265393672,0.15634146265367535,0.1563414626534999,0.15634146265367535,0.15634146265393672,0.15634146265367535,0.15634146265335624,0.1563414626531321,0.15634146265335624,0.15634146265367535,0.1563414626534999,0.1563414626531321,0.15634146265286736,0.1563414626531321,0.1563414626534999,0.15634146265367535,0.15634146265335624,0.1563414626531321,0.15634146265335624,0.15634146265367535,0.15634146265393672,0.15634146265367535,0.1563414626534999,0.15634146265367535,0.15634146265393672,0.15494591470828956,0.15494591470755345,0.15494591470703414,0.15494591470755345,0.15494591470828956,0.15494591470755345,0.15494591470658556,0.15494591470585045,0.15494591470658556,0.15494591470755345,0.15494591470703414,0.15494591470585045,0.15494591470489874,0.15494591470585045,0.15494591470703414,0.15494591470755345,0.15494591470658556,0.15494591470585045,0.15494591470658556,0.15494591470755345,0.15494591470828956,0.15494591470755345,0.15494591470703414,0.15494591470755345,0.15494591470828956,0.15357822074245914,0.1535782207404937,0.1535782207389966,0.1535782207404937,0.15357822074245914,0.1535782207404937,0.15357822073762947,0.1535782207351631,0.15357822073762947,0.1535782207404937,0.1535782207389966,0.1535782207351631,0.15357822073145072,0.1535782207351631,0.1535782207389966,0.1535782207404937,0.15357822073762947,0.1535782207351631,0.15357822073762947,0.1535782207404937,0.15357822074245914,0.1535782207404937,0.1535782207389966,0.1535782207404937,0.15357822074245914,0.15223780390152425,0.15223780389671843,0.15223780389261488,0.15223780389671843,0.15223780390152425,0.15223780389671843,0.15223780388866434,0.1522378038802638,0.15223780388866434,0.15223780389671843,0.15223780389261488,0.1522378038802638,0.15223780386414426,0.1522378038802638,0.15223780389261488,0.15223780389671843,0.15223780388866434,0.1522378038802638,0.15223780388866434,0.15223780389671843,0.15223780390152425,0.15223780389671843,0.15223780389261488,0.15223780389671843,0.15223780390152425,0.1509240929970255,0.15092409298699272,0.15092409297691686,0.15092409298699272,0.1509240929970255,0.15092409298699272,0.15092409296672665,0.15092409293884318,0.15092409296672665,0.15092409298699272,0.15092409297691686,0.15092409293884318,0.15092409285969083,0.15092409293884318,0.15092409297691686,0.15092409298699272,0.15092409296672665,0.15092409293884318,0.15092409296672665,0.15092409298699272,0.1509240929970255,0.15092409298699272,0.15092409297691686,0.15092409298699272,0.1509240929970255,0.14963652317820852,0.14963652316311582,0.14963652314450054,0.14963652316311582,0.14963652317820852,0.14963652316311582,0.1496365231251429,0.1496365230473349,0.1496365231251429,0.14963652316311582,0.14963652314450054,0.1496365230473349,0.14963652260822105,0.1496365230473349,0.14963652314450054,0.14963652316311582,0.1496365231251429,0.1496365230473349,0.1496365231251429,0.14963652316311582,0.14963652317820852,0.14963652316311582,0.14963652314450054,0.14963652316311582,0.14963652317820852,0.14837453651223864,0.1483745365037083,0.148374536495503,0.1483745365037083,0.14837453651223864,0.1483745365037083,0.14837453648725843,0.14837453646707766,0.14837453648725843,0.1483745365037083,0.148374536495503,0.14837453646707766,0.14837453642850695,0.14837453646707766,0.148374536495503,0.1483745365037083,0.14837453648725843,0.14837453646707766,0.14837453648725843,0.1483745365037083,0.14837453651223864,0.1483745365037083,0.148374536495503,0.1483745365037083,0.14837453651223864,0.1471375824688246,0.14713758246597572,0.14713758246406938,0.14713758246597572,0.1471375824688246,0.14713758246597572,0.1471375824623785,0.147137582461635,0.1471375824623785,0.14713758246597572,0.14713758246406938,0.147137582461635,0.14713758247866335,0.147137582461635,0.14713758246406938,0.14713758246597572,0.1471375824623785,0.147137582461635,0.1471375824623785,0.14713758246597572,0.1471375824688246,0.14713758246597572,0.14713758246406938,0.14713758246597572,0.1471375824688246,0.1459251183835848,0.1459251183833467,0.14592511838365352,0.1459251183833467,0.1459251183835848,0.1459251183833467,0.14592511838412825,0.14592511838733607,0.14592511838412825,0.1459251183833467,0.14592511838365352,0.14592511838733607,0.14592511840637257,0.14592511838733607,0.14592511838365352,0.1459251183833467,0.14592511838412825,0.14592511838733607,0.14592511838412825,0.1459251183833467,0.1459251183835848,0.1459251183833467,0.14592511838365352,0.1459251183833467,0.1459251183835848,0.14473660983604905,0.14473660983659367,0.14473660983734216,0.14473660983659367,0.14473660983604905,0.14473660983659367,0.14473660983816705,0.1447366098411501,0.14473660983816705,0.14473660983659367,0.14473660983734216,0.1447366098411501,0.14473660985452605,0.1447366098411501,0.14473660983734216,0.14473660983659367,0.14473660983816705,0.1447366098411501,0.14473660983816705,0.14473660983659367,0.14473660983604905,0.14473660983659367,0.14473660983734216,0.14473660983659367,0.14473660983604905,0.1435715309619426,0.14357153096256955,0.1435715309632138,0.14357153096256955,0.1435715309619426,0.14357153096256955,0.14357153096386902,0.1435715309658195,0.14357153096386902,0.14357153096256955,0.1435715309632138,0.1435715309658195,0.14357153097335495,0.1435715309658195,0.1435715309632138,0.14357153096256955,0.14357153096386902,0.1435715309658195,0.14357153096386902,0.14357153096256955,0.1435715309619426,0.14357153096256955,0.1435715309632138,0.14357153096256955,0.1435715309619426,0.1424293647122782,0.14242936471292406,0.14242936471346238,0.14242936471292406,0.1424293647122782,0.14242936471292406,0.1424293647139616,0.1424293647151503,0.1424293647139616,0.14242936471292406,0.14242936471346238,0.1424293647151503,0.14242936471873363,0.1424293647151503,0.14242936471346238,0.14242936471292406,0.1424293647139616,0.1424293647151503,0.1424293647139616,0.14242936471292406,0.1424293647122782,0.14242936471292406,0.14242936471346238,0.14242936471292406,0.1424293647122782,0.1413096030649361,0.14130960306597531,0.14130960306673582,0.14130960306597531,0.1413096030649361,0.14130960306597531,0.14130960306739732,0.14130960306860332,0.14130960306739732,0.14130960306597531,0.14130960306673582,0.14130960306860332,0.14130960307082888,0.14130960306860332,0.14130960306673582,0.14130960306597531,0.14130960306739732,0.14130960306860332,0.14130960306739732,0.14130960306597531,0.1413096030649361,0.14130960306597531,0.14130960306673582,0.14130960306597531,0.1413096030649361,0.14021174719267201,0.1402117471950763,0.14021174719688634,0.1402117471950763,0.14021174719267201,0.1402117471950763,0.14021174719851645,0.140211747201399,0.14021174719851645,0.1402117471950763,0.14021174719688634,0.140211747201399,0.14021174720558918,0.140211747201399,0.14021174719688634,0.1402117471950763,0.14021174719851645,0.140211747201399,0.14021174719851645,0.1402117471950763,0.14021174719267201,0.1402117471950763,0.14021174719688634,0.1402117471950763,0.14021174719267201,0.13913530759100287,0.13913530759681775,0.13913530760170847,0.13913530759681775,0.13913530759100287,0.13913530759681775,0.1391353076063946,0.13913530761608703,0.1391353076063946,0.13913530759681775,0.13913530760170847,0.13913530761608703,0.13913530763425563,0.13913530761608703,0.13913530760170847,0.13913530759681775,0.1391353076063946,0.13913530761608703,0.1391353076063946,0.13913530759681775,0.13913530759100287,0.13913530759681775,0.13913530760170847,0.13913530759681775,0.13913530759100287,0.13807980416917143,0.13807980418151614,0.13807980419371652,0.13807980418151614,0.13807980416917143,0.13807980418151614,0.1380798042060068,0.13807980423893854,0.1380798042060068,0.13807980418151614,0.13807980419371652,0.13807980423893854,0.1380798043301768,0.13807980423893854,0.13807980419371652,0.13807980418151614,0.1380798042060068,0.13807980423893854,0.1380798042060068,0.13807980418151614,0.13807980416917143,0.13807980418151614,0.13807980419371652,0.13807980418151614,0.13807980416917143,0.1370447663087227,0.1370447663280388,0.13704476635128388,0.1370447663280388,0.1370447663087227,0.1370447663280388,0.137044766375345,0.1370447664697302,0.137044766375345,0.1370447663280388,0.13704476635128388,0.1370447664697302,0.1370447669912486,0.1370447664697302,0.13704476635128388,0.1370447663280388,0.137044766375345,0.1370447664697302,0.137044766375345,0.1370447663280388,0.1370447663087227,0.1370447663280388,0.13704476635128388,0.1370447663280388,0.1370447663087227,0.13602973290070858,0.13602973291408715,0.13602973292714263,0.13602973291408715,0.13602973290070858,0.13602973291408715,0.13602973294022178,0.13602973297505958,0.13602973294022178,0.13602973291408715,0.13602973292714263,0.13602973297505958,0.13602973307151914,0.13602973297505958,0.13602973292714263,0.13602973291408715,0.13602973294022178,0.13602973297505958,0.13602973294022178,0.13602973291408715,0.13602973290070858,0.13602973291408715,0.13602973292714263,0.13602973291408715,0.13602973290070858,0.13503425237889544,0.13503425238725184,0.13503425239413927,0.13503425238725184,0.13503425237889544,0.13503425238725184,0.13503425240066838,0.13503425241394454,0.13503425240066838,0.13503425238725184,0.13503425239413927,0.13503425241394454,0.13503425243804706,0.13503425241394454,0.13503425239413927,0.13503425238725184,0.13503425240066838,0.13503425241394454,0.13503425240066838,0.13503425238725184,0.13503425237889544,0.13503425238725184,0.13503425239413927,0.13503425238725184,0.13503425237889544
0.1653324875837262,0.16533248758372573,0.16533248758372546,0.16533248758372573,0.1653324875837262,0.16533248758372573,0.16533248758372524,0.165332487583725,0.16533248758372524,0.16533248758372573,0.16533248758372546,0.165332487583725,0.1653324875837248,0.165332487583725,0.16533248758372546,0.16533248758372573,0.16533248758372524,0.165332487583725,0.16533248758372524,0.16533248758372573,0.1653324875837262,0.16533248758372573,0.16533248758372546,0.16533248758372573,0.1653324875837262,0.16375749386896946,0.1637574938689683,0.16375749386896762,0.1637574938689683,0.16375749386896946,0.1637574938689683,0.16375749386896712,0.16375749386896643,0.16375749386896712,0.1637574938689683,0.16375749386896762,0.16375749386896643,0.16375749386896576,0.16375749386896643,0.16375749386896762,0.1637574938689683,0.16375749386896712,0.16375749386896643,0.16375749386896712,0.1637574938689683,0.16375749386896946,0.1637574938689683,0.16375749386896762,0.1637574938689683,0.16375749386896946,0.162213884086054,0.16221388408605084,0.16221388408604878,0.16221388408605084,0.162213884086054,0.16221388408605084,0.16221388408604742,0.1622138840860454,0.16221388408604742,0.16221388408605084,0.16221388408604878,0.1622138840860454,0.16221388408604312,0.1622138840860454,0.16221388408604878,0.16221388408605084,0.16221388408604742,0.1622138840860454,0.16221388408604742,0.16221388408605084,0.162213884086054,0.16221388408605084,0.16221388408604878,0.16221388408605084,0.162213884086054,0.16070106719202518,0.1607010671920154,0.1607010671920092,0.1607010671920154,0.16070106719202518,0.1607010671920154,0.16070106719200494,0.16070106719199828,0.16070106719200494,0.1607010671920154,0.1607010671920092,0.16070106719199828,0.16070106719199118,0.16070106719199828,0.1607010671920092,0.1607010671920154,0.16070106719200494,0.16070106719199828,0.16070106719200494,0.1607010671920154,0.16070106719202518,0.1607010671920154,0.1607010671920092,0.1607010671920154,0.16070106719202518,0.15921845156187506,0.15921845156184547,0.15921845156182632,0.15921845156184547,0.15921845156187506,0.15921845156184547,0.15921845156181258,0.15921845156179124,0.15921845156181258,0.15921845156184547,0.15921845156182632,0.15921845156179124,0.15921845156176814,0.15921845156179124,0.15921845156182632,0.15921845156184547,0.15921845156181258,0.15921845156179124,0.15921845156181258,0.15921845156184547,0.15921845156187506,0.15921845156184547,0.15921845156182632,0.15921845156184547,0.15921845156187506,0.15776544634041237,0.1577654463403236,0.1577654463402658,0.1577654463403236,0.15776544634041237,0.1577654463403236,0.1577654463402214,0.1577654463401523,0.1577654463402214,0.1577654463403236,0.1577654463402658,0.1577654463401523,0.15776544634007503,0.1577654463401523,0.1577654463402658,0.1577654463403236,0.1577654463402214,0.1577654463401523,0.1577654463402214,0.1577654463403236,0.15776544634041237,0.1577654463403236,0.1577654463402658,0.1577654463403236,0.15776544634041237,0.15634146265663965,0.15634146265638055,0.15634146265620638,0.15634146265638055,0.15634146265663965,0.15634146265638055,0.15634146265606438,0.1563414626558419,0.15634146265606438,0.15634146265638055,0.15634146265620638,0.1563414626558419,0.15634146265557947,0.1563414626558419,0.15634146265620638,0.15634146265638055,0.15634146265606438,0.1563414626558419,0.15634146265606438,0.15634146265638055,0.15634146265663965,0.15634146265638055,0.15634146265620638,0.15634146265638055,0.15634146265663965,0.15494591471096328,0.15494591471023353,0.15494591470971855,0.15494591471023353,0.15494591471096328,0.15494591471023353,0.15494591470927366,0.1549459147085447,0.15494591470927366,0.15494591471023353,0.15494591470971855,0.1549459147085447,0.15494591470760097,0.1549459147085447,0.15494591470971855,0.15494591471023353,0.15494591470927366,0.1549459147085447,0.15494591470927366,0.15494591471023353,0.15494591471096328,0.15494591471023353,0.15494591470971855,0.15494591471023353,0.15494591471096328,0.153578220745096,0.15357822074314684,0.153578220741662,0.15357822074314684,0.153578220745096,0.15357822074314684,0.15357822074030633,0.15357822073786065,0.15357822074030633,0.15357822074314684,0.153578220741662,0.15357822073786065,0.1535782207341796,0.15357822073786065,0.153578220741662,0.15357822074314684,0.15357822074030633,0.15357822073786065,0.15357822074030633,0.15357822074314684,0.153578220745096,0.15357822074314684,0.153578220741662,0.15357822074314684,0.153578220745096,0.15223780390409516,0.1522378038993283,0.15223780389525846,0.1522378038993283,0.15223780390409516,0.1522378038993283,0.15223780389134037,0.1522378038830103,0.15223780389134037,0.1522378038993283,0.15223780389525846,0.1522378038830103,0.15223780386702795,0.1522378038830103,0.15223780389525846,0.1522378038993283,0.15223780389134037,0.1522378038830103,0.15223780389134037,0.1522378038993283,0.15223780390409516,0.1522378038993283,0.15223780389525846,0.1522378038993283,0.15223780390409516,0.1509240929994528,0.15092409298949952,0.15092409297950568,0.15092409298949952,0.1509240929994528,0.15092409298949952,0.15092409296939804,0.15092409294174816,0.15092409296939804,0.15092409298949952,0.15092409297950568,0.15092409294174816,0.1509240928632737,0.15092409294174816,0.15092409297950568,0.15092409298949952,0.15092409296939804,0.15092409294174816,0.15092409296939804,0.15092409298949952,0.1509240929994528,0.15092409298949952,0.15092409297950568,0.15092409298949952,0.1509240929994528,0.14963652318032888,0.1496365231653491,0.1496365231468794,0.1496365231653491,0.14963652318032888,0.1496365231653491,0.1496365231276736,0.14963652305050734,0.1496365231276736,0.1496365231653491,0.1496365231468794,0.14963652305050734,0.14963652261517896,0.14963652305050734,0.1496365231468794,0.1496365231653491,0.1496365231276736,0.14963652305050734,0.1496365231276736,0.1496365231653491,0.14963652318032888,0.1496365231653491,0.1496365231468794,0.1496365231653491,0.14963652318032888,0.14837453651381619,0.14837453650532567,0.1483745364971515,0.14837453650532567,0.14837453651381619,0.14837453650532567,0.1483745364889373,0.1483745364687786,0.1483745364889373,0.14837453650532567,0.1483745364971515,0.1483745364687786,0.14837453642975018,0.1483745364687786,0.1483745364971515,0.14837453650532567,0.1483745364889373,0.1483745364687786,0.1483745364889373,0.14837453650532567,0.14837453651381619,0.14837453650532567,0.1483745364971515,0.14837453650532567,0.14837453651381619,0.14713758246977032,0.1471375824669147,0.1471375824649893,0.1471375824669147,0.14713758246977032,0.1471375824669147,0.14713758246327646,0.14713758246241576,0.14713758246327646,0.1471375824669147,0.1471375824649893,0.14713758246241576,0.14713758247874764,0.14713758246241576,0.1471375824649893,0.1471375824669147,0.14713758246327646,0.14713758246241576,0.14713758246327646,0.1471375824669147,0.14713758246977032,0.1471375824669147,0.1471375824649893,0.1471375824669147,0.14713758246977032,0.14592511838390443,0.14592511838365266,0.14592511838393968,0.14592511838365266,0.14592511838390443,0.14592511838365266,0.14592511838439268,0.14592511838751734,0.14592511838439268,0.14592511838365266,0.14592511838393968,0.14592511838751734,0.14592511840615763,0.14592511838751734,0.14592511838393968,0.14592511838365266,0.14592511838439268,0.14592511838751734,0.14592511838439268,0.14592511838365266,0.14592511838390443,0.14592511838365266,0.14592511838393968,0.14592511838365266,0.14592511838390443,0.14473660983576106,0.14473660983630532,0.14473660983705205,0.14473660983630532,0.14473660983576106,0.14473660983630532,0.14473660983787467,0.1447366098408478,0.14473660983787467,0.14473660983630532,0.14473660983705205,0.1447366098408478,0.1447366098541745,0.1447366098408478,0.14473660983705205,0.14473660983630532,0.14473660983787467,0.1447366098408478,0.14473660983787467,0.14473660983630532,0.14473660983576106,0.14473660983630532,0.14473660983705205,0.14473660983630532,0.14473660983576106,0.14357153096103673,0.14357153096168218,0.14357153096234626,0.14357153096168218,0.14357153096103673,0.14357153096168218,0.14357153096302167,0.14357153096503752,0.14357153096302167,0.14357153096168218,0.14357153096234626,0.14357153096503752,0.14357153097284572,0.14357153096503752,0.14357153096234626,0.14357153096168218,0.14357153096302167,0.14357153096503752,0.14357153096302167,0.14357153096168218,0.14357153096103673,0.14357153096168218,0.14357153096234626,0.14357153096168218,0.14357153096103673,0.1424293647107037,0.14242936471138276,0.1424293647119578,0.14242936471138276,0.1424293647107037,0.14242936471138276,0.14242936471249512,0.14242936471380913,0.14242936471249512,0.14242936471138276,0.1424293647119578,0.14242936471380913,0.14242936471794085,0.14242936471380913,0.1424293647119578,0.14242936471138276,0.14242936471249512,0.14242936471380913,0.14242936471249512,0.14242936471138276,0.1424293647107037,0.14242936471138276,0.1424293647119578,0.14242936471138276,0.1424293647107037,0.14130960306261003,0.14130960306368515,0.1413096030644879,0.14130960306368515,0.14130960306261003,0.14130960306368515,0.1413096030651936,0.14130960306655277,0.1413096030651936,0.14130960306368515,0.1413096030644879,0.14130960306655277,0.1413096030694788,0.14130960306655277,0.1413096030644879,0.14130960306368515,0.1413096030651936,0.14130960306655277,0.1413096030651936,0.14130960306368515,0.14130960306261003,0.14130960306368515,0.1413096030644879,0.14130960306368515,0.14130960306261003,0.14021174718950358,0.14021174719192478,0.14021174719376112,0.14021174719192478,0.14021174718950358,0.14021174719192478,0.14021174719542023,0.14021174719842663,0.14021174719542023,0.14021174719192478,0.14021174719376112,0.14021174719842663,0.14021174720331211,0.14021174719842663,0.14021174719376112,0.14021174719192478,0.14021174719542023,0.14021174719842663,0.14021174719542023,0.14021174719192478,0.14021174718950358,0.14021174719192478,0.14021174719376112,0.14021174719192478,0.14021174718950358,0.13913530758693765,0.13913530759271872,0.13913530759758302,0.13913530759271872,0.13913530758693765,0.13913530759271872,0.13913530760224432,0.13913530761189388,0.13913530760224432,0.13913530759271872,0.13913530759758302,0.13913530761189388,0.13913530763001541,0.13913530761189388,0.13913530759758302,0.13913530759271872,0.13913530760224432,0.13913530761189388,0.13913530760224432,0.13913530759271872,0.13913530758693765,0.13913530759271872,0.13913530759758302,0.13913530759271872,0.13913530758693765,0.13807980416425772,0.1380798041764928,0.13807980418858293,0.1380798041764928,0.13807980416425772,0.1380798041764928,0.13807980420076174,0.13807980423338925,0.13807980420076174,0.1380798041764928,0.13807980418858293,0.13807980423338925,0.13807980432376957,0.13807980423338925,0.13807980418858293,0.1380798041764928,0.13807980420076174,0.13807980423338925,0.13807980420076174,0.1380798041764928,0.13807980416425772,0.1380798041764928,0.13807980418858293,0.1380798041764928,0.13807980416425772,0.1370447663031646,0.13704476632229745,0.13704476634531995,0.13704476632229745,0.1370447663031646,0.13704476632229745,0.13704476636915056,0.13704476646262492,0.13704476636915056,0.13704476632229745,0.13704476634531995,0.13704476646262492,0.13704476697909485,0.13704476646262492,0.13704476634531995,0.13704476632229745,0.13704476636915056,0.13704476646262492,0.13704476636915056,0.13704476632229745,0.1370447663031646,0.13704476632229745,0.13704476634531995,0.13704476632229745,0.1370447663031646,0.13602973289486392,0.1360297329081144,0.13602973292104417,0.1360297329081144,0.13602973289486392,0.1360297329081144,0.13602973293399748,0.13602973296849877,0.13602973293399748,0.1360297329081144,0.13602973292104417,0.13602973296849877,0.1360297330640246,0.13602973296849877,0.13602973292104417,0.1360297329081144,0.13602973293399748,0.13602973296849877,0.13602973293399748,0.1360297329081144,0.13602973289486392,0.1360297329081144,0.13602973292104417,0.1360297329081144,0.13602973289486392,0.13503425237301198,0.1350342523812879,0.13503425238810893,0.1350342523812879,0.13503425237301198,0.1350342523812879,0.13503425239457503,0.13503425240772296,0.13503425239457503,0.1350342523812879,0.13503425238810893,0.13503425240772296,0.13503425243159234,0.13503425240772296,0.13503425238810893,0.1350342523812879,0.13503425239457503,0.13503425240772296,0.13503425239457503,0.1350342523812879,0.13503425237301198,0.1350342523812879,0.13503425238810893,0.1350342523812879,0.13503425237301198
0.16533248758711616,0.1653324875871157,0.16533248758711544,0.1653324875871157,0.16533248758711616,0.1653324875871157,0.16533248758711522,0.16533248758711497,0.16533248758711522,0.1653324875871157,0.16533248758711544,0.16533248758711497,0.16533248758711475,0.16533248758711497,0.16533248758711544,0.1653324875871157,0.16533248758711522,0.16533248758711497,0.16533248758711522,0.1653324875871157,0.16533248758711616,0.1653324875871157,0.16533248758711544,0.1653324875871157,0.16533248758711616,0.16375749387229493,0.163757493872294,0.1637574938722933,0.163757493872294,0.16375749387229493,0.163757493872294,0.16375749387229285,0.16375749387229213,0.16375749387229285,0.163757493872294,0.1637574938722933,0.16375749387229213,0.16375749387229147,0.16375749387229213,0.1637574938722933,0.163757493872294,0.16375749387229285,0.16375749387229213,0.16375749387229285,0.163757493872294,0.16375749387229493,0.163757493872294,0.1637574938722933,0.163757493872294,0.16375749387229493,0.16221388408931905,0.1622138840893159,0.16221388408931384,0.1622138840893159,0.16221388408931905,0.1622138840893159,0.16221388408931248,0.16221388408931045,0.16221388408931248,0.1622138840893159,0.16221388408931384,0.16221388408931045,0.1622138840893084,0.16221388408931045,0.16221388408931384,0.1622138840893159,0.16221388408931248,0.16221388408931045,0.16221388408931248,0.1622138840893159,0.16221388408931905,0.1622138840893159,0.16221388408931384,0.1622138840893159,0.16221388408931905,0.16070106719523353,0.16070106719522373,0.1607010671952175,0.16070106719522373,0.16070106719523353,0.16070106719522373,0.1607010671952133,0.16070106719520685,0.1607010671952133,0.16070106719522373,0.1607010671952175,0.16070106719520685,0.16070106719519997,0.16070106719520685,0.1607010671952175,0.16070106719522373,0.1607010671952133,0.16070106719520685,0.1607010671952133,0.16070106719522373,0.16070106719523353,0.16070106719522373,0.1607010671952175,0.16070106719522373,0.16070106719523353,0.15921845156503023,0.1592184515650006,0.1592184515649819,0.1592184515650006,0.15921845156503023,0.1592184515650006,0.1592184515649682,0.1592184515649473,0.1592184515649682,0.1592184515650006,0.1592184515649819,0.1592184515649473,0.15921845156492462,0.1592184515649473,0.1592184515649819,0.1592184515650006,0.1592184515649682,0.1592184515649473,0.1592184515649682,0.1592184515650006,0.15921845156503023,0.1592184515650006,0.1592184515649819,0.1592184515650006,0.15921845156503023,0.15776544634351752,0.15776544634342962,0.15776544634337222,0.15776544634342962,0.15776544634351752,0.15776544634342962,0.15776544634332829,0.1577654463432602,0.15776544634332829,0.15776544634342962,0.15776544634337222,0.1577654463432602,0.15776544634318362,0.1577654463432602,0.15776544634337222,0.15776544634342962,0.15776544634332829,0.1577654463432602,0.15776544634332829,0.15776544634342962,0.15776544634351752,0.15776544634342962,0.15776544634337222,0.15776544634342962,0.15776544634351752,0.15634146265969656,0.15634146265944,0.15634146265926746,0.15634146265944,0.15634146265969656,0.15634146265944,0.15634146265912716,0.15634146265890655,0.15634146265912716,0.15634146265944,0.15634146265926746,0.15634146265890655,0.15634146265864662,0.15634146265890655,0.15634146265926746,0.15634146265944,0.15634146265912716,0.15634146265890655,0.15634146265912716,0.15634146265944,0.15634146265969656,0.15634146265944,0.15634146265926746,0.15634146265944,0.15634146265969656,0.15494591471397068,0.15494591471324767,0.1549459147127376,0.15494591471324767,0.15494591471397068,0.15494591471324767,0.154945914712297,0.154945914711575,0.154945914712297,0.15494591471324767,0.1549459147127376,0.154945914711575,0.1549459147106405,0.154945914711575,0.1549459147127376,0.15494591471324767,0.154945914712297,0.154945914711575,0.154945914712297,0.15494591471324767,0.15494591471397068,0.15494591471324767,0.1549459147127376,0.15494591471324767,0.15494591471397068,0.1535782207480426,0.1535782207461117,0.15357822074464111,0.1535782207461117,0.1535782207480426,0.1535782207461117,0.15357822074329827,0.1535782207408761,0.15357822074329827,0.1535782207461117,0.15357822074464111,0.1535782207408761,0.15357822073723082,0.1535782207408761,0.15357822074464111,0.1535782207461117,0.15357822074329827,0.1535782207408761,0.15357822074329827,0.1535782207461117,0.1535782207480426,0.1535782207461117,0.15357822074464111,0.1535782207461117,0.1535782207480426,0.152237803906946,0.15223780390222363,0.15223780389819194,0.15223780390222363,0.152237803906946,0.15223780390222363,0.15223780389431105,0.15223780388606112,0.15223780389431105,0.15223780390222363,0.15223780389819194,0.15223780388606112,0.15223780387023506,0.15223780388606112,0.15223780389819194,0.15223780390222363,0.15223780389431105,0.15223780388606112,0.15223780389431105,0.15223780390222363,0.152237803906946,0.15223780390222363,0.15223780389819194,0.15223780390222363,0.152237803906946,0.1509240930021184,0.15092409299225557,0.1509240929823547,0.15092409299225557,0.1509240930021184,0.15092409299225557,0.1509240929723416,0.15092409294495737,0.1509240929723416,0.15092409299225557,0.1509240929823547,0.15092409294495737,0.15092409286725597,0.15092409294495737,0.1509240929823547,0.15092409299225557,0.1509240929723416,0.15092409294495737,0.1509240929723416,0.15092409299225557,0.1509240930021184,0.15092409299225557,0.1509240929823547,0.15092409299225557,0.1509240930021184,0.14963652318262174,0.14963652316777012,0.1496365231494655,0.14963652316777012,0.14963652318262174,0.14963652316777012,0.1496365231304325,0.14963652305399688,0.1496365231304325,0.14963652316777012,0.1496365231494655,0.14963652305399688,0.1496365226229416,0.14963652305399688,0.1496365231494655,0.14963652316777012,0.1496365231304325,0.14963652305399688,0.1496365231304325,0.14963652316777012,0.14963652318262174,0.14963652316777012,0.1496365231494655,0.14963652316777012,0.14963652318262174,0.1483745365154682,0.14837453650702104,0.14837453649888044,0.14837453650702104,0.1483745365154682,0.14837453650702104,0.14837453649069848,0.14837453647055832,0.14837453649069848,0.14837453650702104,0.14837453649888044,0.14837453647055832,0.1483745364309826,0.14837453647055832,0.14837453649888044,0.14837453650702104,0.14837453649069848,0.14837453647055832,0.14837453649069848,0.14837453650702104,0.1483745365154682,0.14837453650702104,0.14837453649888044,0.14837453650702104,0.1483745365154682,0.14713758247068479,0.14713758246781733,0.14713758246586686,0.14713758246781733,0.14713758247068479,0.14713758246781733,0.14713758246412537,0.1471375824631197,0.14713758246412537,0.14713758246781733,0.14713758246586686,0.1471375824631197,0.14713758247861483,0.1471375824631197,0.14713758246586686,0.14713758246781733,0.14713758246412537,0.1471375824631197,0.14713758246412537,0.14713758246781733,0.14713758247068479,0.14713758246781733,0.14713758246586686,0.14713758246781733,0.14713758247068479,0.14592511838409478,0.14592511838382216,0.1459251183840814,0.14592511838382216,0.14592511838409478,0.14592511838382216,0.14592511838450467,0.14592511838751876,0.14592511838450467,0.14592511838382216,0.1459251183840814,0.14592511838751876,0.14592511840564623,0.14592511838751876,0.1459251183840814,0.14592511838382216,0.14592511838450467,0.14592511838751876,0.14592511838450467,0.14592511838382216,0.14592511838409478,0.14592511838382216,0.1459251183840814,0.14592511838382216,0.14592511838409478,0.14473660983526013,0.1447366098357972,0.14473660983653505,0.1447366098357972,0.14473660983526013,0.1447366098357972,0.1447366098373481,0.1447366098402894,0.1447366098373481,0.1447366098357972,0.14473660983653505,0.1447366098402894,0.1447366098534824,0.1447366098402894,0.14473660983653505,0.1447366098357972,0.1447366098373481,0.1447366098402894,0.1447366098373481,0.1447366098357972,0.14473660983526013,0.1447366098357972,0.14473660983653505,0.1447366098357972,0.14473660983526013,0.143571530959848,0.14357153096050612,0.14357153096118405,0.14357153096050612,0.143571530959848,0.14357153096050612,0.143571530961874,0.14357153096393846,0.143571530961874,0.14357153096050612,0.14357153096118405,0.14357153096393846,0.1435715309719871,0.14357153096393846,0.14357153096118405,0.14357153096050612,0.143571530961874,0.14357153096393846,0.143571530961874,0.14357153096050612,0.143571530959848,0.14357153096050612,0.14357153096118405,0.14357153096050612,0.143571530959848,0.1424293647087888,0.14242936470949621,0.1424293647101033,0.14242936470949621,0.1424293647087888,0.14242936470949621,0.14242936471067366,0.14242936471209888,0.14242936471067366,0.14242936470949621,0.1424293647101033,0.14242936471209888,0.14242936471670836,0.14242936471209888,0.1424293647101033,0.14242936470949621,0.14242936471067366,0.14242936471209888,0.14242936471067366,0.14242936470949621,0.1424293647087888,0.14242936470949621,0.1424293647101033,0.14242936470949621,0.1424293647087888,0.141309603059897,0.14130960306100368,0.14130960306184462,0.14130960306100368,0.141309603059897,0.14130960306100368,0.14130960306259013,0.1413096030640902,0.14130960306259013,0.14130960306100368,0.14130960306184462,0.1413096030640902,0.14130960306764925,0.1413096030640902,0.14130960306184462,0.14130960306100368,0.14130960306259013,0.1413096030640902,0.14130960306259013,0.14130960306100368,0.141309603059897,0.14130960306100368,0.14130960306184462,0.14130960306100368,0.141309603059897,0.1402117471859113,0.1402117471883461,0.1402117471902055,0.1402117471883461,0.1402117471859113,0.1402117471883461,0.14021174719189025,0.14021174719501,0.14021174719189025,0.1402117471883461,0.1402117471902055,0.14021174719501,0.14021174720052182,0.14021174719501,0.1402117471902055,0.1402117471883461,0.14021174719189025,0.14021174719501,0.14021174719189025,0.1402117471883461,0.1402117471859113,0.1402117471883461,0.1402117471902055,0.1402117471883461,0.1402117471859113,0.13913530758242026,0.13913530758816509,0.13913530759300094,0.13913530758816509,0.13913530758242026,0.13913530758816509,0.13913530759763554,0.1391353076072375,0.13913530759763554,0.13913530758816509,0.13913530759300094,0.1391353076072375,0.13913530762530116,0.1391353076072375,0.13913530759300094,0.13913530758816509,0.13913530759763554,0.1391353076072375,0.13913530759763554,0.13913530758816509,0.13913530758242026,0.13913530758816509,0.13913530759300094,0.13913530758816509,0.13913530758242026,0.13807980415887078,0.13807980417099394,0.13807980418297183,0.13807980417099394,0.13807980415887078,0.13807980417099394,0.13807980419503701,0.13807980422735475,0.13807980419503701,0.13807980417099394,0.13807980418297183,0.13807980422735475,0.1380798043168628,0.13807980422735475,0.13807980418297183,0.13807980417099394,0.13807980419503701,0.13807980422735475,0.13807980419503701,0.13807980417099394,0.13807980415887078,0.13807980417099394,0.13807980418297183,0.13807980417099394,0.13807980415887078,0.1370447662971204,0.137044766316067,0.13704476633886373,0.137044766316067,0.1370447662971204,0.137044766316067,0.13704476636246005,0.1370447664550103,0.13704476636246005,0.137044766316067,0.13704476633886373,0.1370447664550103,0.13704476696636178,0.1370447664550103,0.13704476633886373,0.137044766316067,0.13704476636246005,0.1370447664550103,0.13704476636246005,0.137044766316067,0.1370447662971204,0.137044766316067,0.13704476633886373,0.137044766316067,0.1370447662971204,0.13602973288852915,0.13602973290164933,0.13602973291445172,0.13602973290164933,0.13602973288852915,0.13602973290164933,0.13602973292727724,0.13602973296143708,0.13602973292727724,0.13602973290164933,0.13602973291445172,0.13602973296143708,0.13602973305601582,0.13602973296143708,0.13602973291445172,0.13602973290164933,0.13602973292727724,0.13602973296143708,0.13602973292727724,0.13602973290164933,0.13602973288852915,0.13602973290164933,0.13602973291445172,0.13602973290164933,0.13602973288852915,0.13503425236664165,0.13503425237483613,0.13503425238158975,0.13503425237483613,0.13503425236664165,0.13503425237483613,0.13503425238799197,0.1350342524010097,0.13503425238799197,0.13503425237483613,0.13503425238158975,0.1350342524010097,0.13503425242464265,0.1350342524010097,0.13503425238158975,0.13503425237483613,0.13503425238799197,0.1350342524010097,0.13503425238799197,0.13503425237483613,0.13503425236664165,0.13503425237483613,0.13503425238158975,0.13503425237483613,0.13503425236664165
0.1653324875908332,0.16533248759083274,0.1653324875908325,0.16533248759083274,0.1653324875908332,0.16533248759083274,0.16533248759083224,0.16533248759083202,0.16533248759083224,0.16533248759083274,0.1653324875908325,0.16533248759083202,0.1653324875908318,0.16533248759083202,0.1653324875908325,0.16533248759083274,0.16533248759083224,0.16533248759083202,0.16533248759083224,0.16533248759083274,0.1653324875908332,0.16533248759083274,0.1653324875908325,0.16533248759083274,0.1653324875908332,0.1637574938759405,0.16375749387593935,0.16375749387593863,0.16375749387593935,0.1637574938759405,0.16375749387593935,0.1637574938759384,0.1637574938759377,0.1637574938759384,0.16375749387593935,0.16375749387593863,0.1637574938759377,0.16375749387593702,0.1637574938759377,0.16375749387593863,0.16375749387593935,0.1637574938759384,0.1637574938759377,0.1637574938759382,0.16375749387593935,0.1637574938759405,0.16375749387593935,0.16375749387593863,0.16375749387593935,0.1637574938759405,0.16221388409289625,0.16221388409289308,0.16221388409289103,0.16221388409289308,0.16221388409289625,0.16221388409289308,0.16221388409288967,0.16221388409288764,0.16221388409288967,0.16221388409289308,0.16221388409289103,0.16221388409288764,0.1622138840928856,0.16221388409288764,0.16221388409289103,0.16221388409289308,0.16221388409288967,0.16221388409288764,0.16221388409288967,0.16221388409289308,0.16221388409289625,0.16221388409289308,0.16221388409289103,0.16221388409289308,0.16221388409289625,0.16070106719874552,0.16070106719873598,0.16070106719872995,0.16070106719873598,0.16070106719874552,0.16070106719873598,0.16070106719872576,0.16070106719871932,0.16070106719872576,0.16070106719873598,0.16070106719872995,0.16070106719871932,0.1607010671987124,0.16070106719871932,0.16070106719872995,0.16070106719873598,0.16070106719872576,0.16070106719871932,0.16070106719872576,0.16070106719873598,0.16070106719874552,0.16070106719873598,0.16070106719872995,0.16070106719873598,0.16070106719874552,0.15921845156848038,0.15921845156845144,0.1592184515684327,0.15921845156845144,0.15921845156848038,0.15921845156845144,0.1592184515684194,0.1592184515683985,0.1592184515684194,0.15921845156845144,0.1592184515684327,0.1592184515683985,0.1592184515683761,0.1592184515683985,0.1592184515684327,0.15921845156845144,0.1592184515684194,0.1592184515683985,0.1592184515684194,0.15921845156845144,0.15921845156848038,0.15921845156845144,0.1592184515684327,0.15921845156845144,0.15921845156848038,0.1577654463469086,0.15776544634682174,0.15776544634676498,0.15776544634682174,0.1577654463469086,0.15776544634682174,0.15776544634672168,0.15776544634665446,0.15776544634672168,0.15776544634682174,0.15776544634676498,0.15776544634665446,0.1577654463465787,0.15776544634665446,0.15776544634676498,0.15776544634682174,0.15776544634672168,0.15776544634665446,0.15776544634672168,0.15776544634682174,0.1577654463469086,0.15776544634682174,0.15776544634676498,0.15776544634682174,0.1577654463469086,0.15634146266302973,0.15634146266277607,0.15634146266260543,0.15634146266277607,0.15634146266302973,0.15634146266277607,0.15634146266246682,0.15634146266224871,0.15634146266246682,0.15634146266277607,0.15634146266260543,0.15634146266224871,0.15634146266199153,0.15634146266224871,0.15634146266260543,0.15634146266277607,0.15634146266246682,0.15634146266224871,0.15634146266246682,0.15634146266277607,0.15634146266302973,0.15634146266277607,0.15634146266260543,0.15634146266277607,0.15634146266302973,0.15494591471724342,0.15494591471652822,0.15494591471602367,0.15494591471652822,0.15494591471724342,0.15494591471652822,0.1549459147155878,0.15494591471487382,0.1549459147155878,0.15494591471652822,0.15494591471602367,0.15494591471487382,0.15494591471394958,0.15494591471487382,0.15494591471602367,0.15494591471652822,0.1549459147155878,0.15494591471487382,0.1549459147155878,0.15494591471652822,0.15494591471724342,0.15494591471652822,0.15494591471602367,0.15494591471652822,0.15494591471724342,0.1535782207512418,0.1535782207493314,0.1535782207478765,0.1535782207493314,0.1535782207512418,0.1535782207493314,0.1535782207465483,0.15357822074415226,0.1535782207465483,0.1535782207493314,0.1535782207478765,0.15357822074415226,0.1535782207405471,0.15357822074415226,0.1535782207478765,0.1535782207493314,0.1535782207465483,0.15357822074415226,0.1535782207465483,0.1535782207493314,0.1535782207512418,0.1535782207493314,0.1535782207478765,0.1535782207493314,0.1535782207512418,0.15223780391003164,0.15223780390535868,0.15223780390137012,0.15223780390535868,0.15223780391003164,0.15223780390535868,0.15223780389753078,0.15223780388937078,0.15223780389753078,0.15223780390535868,0.15223780390137012,0.15223780388937078,0.15223780387371988,0.15223780388937078,0.15223780390137012,0.15223780390535868,0.15223780389753078,0.15223780388937078,0.15223780389753078,0.15223780390535868,0.15223780391003164,0.15223780390535868,0.15223780390137012,0.15223780390535868,0.15223780391003164,0.15092409300498943,0.15092409299522788,0.15092409298543102,0.15092409299522788,0.15092409300498943,0.15092409299522788,0.1509240929755238,0.15092409294843706,0.1509240929755238,0.15092409299522788,0.15092409298543102,0.15092409294843706,0.15092409287160247,0.15092409294843706,0.15092409298543102,0.15092409299522788,0.1509240929755238,0.15092409294843706,0.1509240929755238,0.15092409299522788,0.15092409300498943,0.15092409299522788,0.15092409298543102,0.15092409299522788,0.15092409300498943,0.14963652318506845,0.14963652317035964,0.14963652315223955,0.14963652317035964,0.14963652318506845,0.14963652317035964,0.14963652313339962,0.14963652305778255,0.14963652313339962,0.14963652317035964,0.14963652315223955,0.14963652305778255,0.14963652263160276,0.14963652305778255,0.14963652315223955,0.14963652317035964,0.14963652313339962,0.14963652305778255,0.14963652313339962,0.14963652317035964,0.14963652318506845,0.14963652317035964,0.14963652315223955,0.14963652317035964,0.14963652318506845,0.14837453651719124,0.1483745365087904,0.14837453650068555,0.1483745365087904,0.14837453651719124,0.1483745365087904,0.1483745364925379,0.14837453647241292,0.1483745364925379,0.1483745365087904,0.14837453650068555,0.14837453647241292,0.1483745364322236,0.14837453647241292,0.14837453650068555,0.1483745365087904,0.1483745364925379,0.14837453647241292,0.1483745364925379,0.1483745365087904,0.14837453651719124,0.1483745365087904,0.14837453650068555,0.1483745365087904,0.14837453651719124,0.14713758247157874,0.1471375824686953,0.1471375824667132,0.1471375824686953,0.14713758247157874,0.1471375824686953,0.14713758246493625,0.14713758246375877,0.14713758246493625,0.1471375824686953,0.1471375824667132,0.14713758246375877,0.14713758247822592,0.14713758246375877,0.1471375824667132,0.1471375824686953,0.14713758246493625,0.14713758246375877,0.14713758246493625,0.1471375824686953,0.14713758247157874,0.1471375824686953,0.1471375824667132,0.1471375824686953,0.14713758247157874,0.14592511838418204,0.14592511838388145,0.14592511838410527,0.14592511838388145,0.14592511838418204,0.14592511838388145,0.14592511838449043,0.1459251183873676,0.14592511838449043,0.14592511838388145,0.14592511838410527,0.1459251183873676,0.14592511840489622,0.1459251183873676,0.14592511838410527,0.14592511838388145,0.14592511838449043,0.1459251183873676,0.14592511838449043,0.14592511838388145,0.14592511838418204,0.14592511838388145,0.14592511838410527,0.14592511838388145,0.14592511838418204,0.1447366098345867,0.14473660983511,0.14473660983583192,0.14473660983511,0.1447366098345867,0.14473660983511,0.1447366098366284,0.14473660983951633,0.1447366098366284,0.14473660983511,0.14473660983583192,0.14473660983951633,0.14473660985249168,0.14473660983951633,0.14473660983583192,0.14473660983511,0.1447366098366284,0.14473660983951633,0.1447366098366284,0.14473660983511,0.1447366098345867,0.14473660983511,0.14473660983583192,0.14473660983511,0.1447366098345867,0.14357153095843087,0.14357153095909597,0.1435715309597823,0.14357153095909597,0.14357153095843087,0.14357153095909597,0.14357153096048078,0.1435715309625771,0.14357153096048078,0.14357153095909597,0.1435715309597823,0.1435715309625771,0.1435715309707578,0.1435715309625771,0.1435715309597823,0.14357153095909597,0.14357153096048078,0.1435715309625771,0.14357153096048078,0.14357153095909597,0.14357153095843087,0.14357153095909597,0.1435715309597823,0.14357153095909597,0.14357153095843087,0.14242936470660117,0.14242936470733206,0.14242936470796633,0.14242936470733206,0.14242936470660117,0.14242936470733206,0.14242936470856518,0.14242936471008755,0.14242936470856518,0.14242936470733206,0.14242936470796633,0.14242936471008755,0.1424293647151503,0.14242936471008755,0.14242936470796633,0.14242936470733206,0.14242936470856518,0.14242936471008755,0.14242936470856518,0.14242936470733206,0.14242936470660117,0.14242936470733206,0.14242936470796633,0.14242936470733206,0.14242936470660117,0.14130960305687643,0.1413096030580109,0.14130960305888554,0.1413096030580109,0.14130960305687643,0.1413096030580109,0.14130960305966708,0.14130960306129528,0.14130960305966708,0.1413096030580109,0.14130960305888554,0.14130960306129528,0.14130960306545182,0.14130960306129528,0.14130960305888554,0.1413096030580109,0.14130960305966708,0.14130960306129528,0.14130960305966708,0.1413096030580109,0.14130960305687643,0.1413096030580109,0.14130960305888554,0.1413096030580109,0.14130960305687643,0.14021174718198545,0.1402117471844307,0.1402117471863096,0.1402117471844307,0.14021174718198545,0.1402117471844307,0.14021174718801663,0.1402117471912396,0.14021174718801663,0.1402117471844307,0.1402117471863096,0.1402117471912396,0.14021174719731805,0.1402117471912396,0.1402117471863096,0.1402117471844307,0.14021174718801663,0.1402117471912396,0.14021174718801663,0.1402117471844307,0.14021174718198545,0.1402117471844307,0.1402117471863096,0.1402117471844307,0.14021174718198545,0.1391353075775504,0.13913530758325682,0.13913530758806184,0.13913530758325682,0.1391353075775504,0.13913530758325682,0.13913530759266765,0.13913530760221743,0.13913530759266765,0.13913530758325682,0.13913530758806184,0.13913530760221743,0.13913530762021278,0.13913530760221743,0.13913530758806184,0.13913530758325682,0.13913530759266765,0.13913530760221743,0.13913530759266765,0.13913530758325682,0.1391353075775504,0.13913530758325682,0.13913530758806184,0.13913530758325682,0.1391353075775504,0.138079804153118,0.13807980416512672,0.13807980417699,0.13807980416512672,0.138079804153118,0.13807980416512672,0.13807980418893936,0.1380798042209421,0.13807980418893936,0.13807980416512672,0.13807980417699,0.1380798042209421,0.1380798043095639,0.1380798042209421,0.13807980417699,0.13807980416512672,0.13807980418893936,0.1380798042209421,0.13807980418893936,0.13807980416512672,0.138079804153118,0.13807980416512672,0.13807980417699,0.13807980416512672,0.138079804153118,0.13704476629070186,0.13704476630945933,0.13704476633202695,0.13704476630945933,0.13704476629070186,0.13704476630945933,0.13704476635538562,0.137044766446999,0.13704476635538562,0.13704476630945933,0.13704476633202695,0.137044766446999,0.1370447669531524,0.137044766446999,0.13704476633202695,0.13704476630945933,0.13704476635538562,0.137044766446999,0.13704476635538562,0.13704476630945933,0.13704476629070186,0.13704476630945933,0.13704476633202695,0.13704476630945933,0.13704476629070186,0.13602973288181874,0.13602973289480697,0.1360297329074801,0.13602973289480697,0.13602973288181874,0.13602973289480697,0.13602973292017592,0.13602973295398965,0.13602973292017592,0.13602973289480697,0.1360297329074801,0.13602973295398965,0.1360297330476083,0.13602973295398965,0.1360297329074801,0.13602973289480697,0.13602973292017592,0.13602973295398965,0.13602973292017592,0.13602973289480697,0.13602973288181874,0.13602973289480697,0.1360297329074801,0.13602973289480697,0.13602973288181874,0.13503425235989946,0.1350342523680112,0.13503425237469663,0.1350342523680112,0.13503425235989946,0.1350342523680112,0.13503425238103392,0.13503425239391978,0.13503425238103392,0.1350342523680112,0.13503425237469663,0.13503425239391978,0.13503425241731284,0.13503425239391978,0.13503425237469663,0.1350342523680112,0.13503425238103392,0.13503425239391978,0.13503425238103392,0.1350342523680112,0.13503425235989946,0.1350342523680112,0.13503425237469663,0.1350342523680112,0.13503425235989946
0.16533248759483624,0.1653324875948358,0.16533248759483554,0.1653324875948358,0.16533248759483624,0.1653324875948358,0.16533248759483532,0.16533248759483507,0.16533248759483532,0.1653324875948358,0.16533248759483554,0.16533248759483507,0.16533248759483485,0.16533248759483507,0.16533248759483554,0.1653324875948358,0.16533248759483532,0.16533248759483507,0.16533248759483532,0.1653324875948358,0.16533248759483624,0.1653324875948358,0.16533248759483554,0.1653324875948358,0.16533248759483624,0.16375749387986593,0.16375749387986502,0.16375749387986427,0.16375749387986502,0.16375749387986593,0.16375749387986502,0.16375749387986385,0.16375749387986313,0.16375749387986385,0.16375749387986502,0.16375749387986427,0.16375749387986313,0.16375749387986244,0.16375749387986313,0.16375749387986427,0.16375749387986502,0.16375749387986385,0.16375749387986313,0.16375749387986385,0.16375749387986477,0.16375749387986593,0.16375749387986502,0.16375749387986427,0.16375749387986477,0.16375749387986593,0.16221388409674725,0.1622138840967443,0.16221388409674228,0.1622138840967443,0.16221388409674725,0.1622138840967443,0.16221388409674092,0.16221388409673887,0.16221388409674092,0.1622138840967443,0.16221388409674228,0.16221388409673887,0.16221388409673684,0.16221388409673887,0.16221388409674228,0.1622138840967443,0.16221388409674092,0.16221388409673887,0.16221388409674092,0.1622138840967443,0.16221388409674725,0.1622138840967443,0.16221388409674228,0.1622138840967443,0.16221388409674725,0.1607010672025257,0.16070106720251612,0.16070106720251012,0.16070106720251612,0.1607010672025257,0.16070106720251612,0.1607010672025059,0.1607010672024997,0.1607010672025059,0.16070106720251612,0.16070106720251012,0.1607010672024997,0.1607010672024928,0.1607010672024997,0.16070106720251012,0.16070106720251612,0.1607010672025059,0.1607010672024997,0.1607010672025059,0.16070106720251612,0.1607010672025257,0.16070106720251612,0.16070106720251012,0.16070106720251612,0.1607010672025257,0.15921845157219222,0.15921845157216372,0.1592184515721452,0.15921845157216372,0.15921845157219222,0.15921845157216372,0.1592184515721319,0.15921845157211145,0.1592184515721319,0.15921845157216372,0.1592184515721452,0.15921845157211145,0.15921845157208944,0.15921845157211145,0.1592184515721452,0.15921845157216372,0.1592184515721319,0.15921845157211145,0.1592184515721319,0.15921845157216372,0.15921845157219222,0.15921845157216372,0.1592184515721452,0.15921845157216372,0.15921845157219222,0.15776544635055484,0.15776544635046905,0.15776544635041317,0.15776544635046905,0.15776544635055484,0.15776544635046905,0.1577654463503705,0.15776544635030412,0.1577654463503705,0.15776544635046905,0.15776544635041317,0.15776544635030412,0.15776544635022946,0.15776544635030412,0.15776544635041317,0.15776544635046905,0.1577654463503705,0.15776544635030412,0.1577654463503705,0.15776544635046905,0.15776544635055484,0.15776544635046905,0.15776544635041317,0.15776544635046905,0.15776544635055484,0.1563414626666113,0.15634146266636081,0.15634146266619225,0.15634146266636081,0.15634146266661153,0.15634146266636081,0.1563414626660555,0.1563414626658399,0.1563414626660555,0.15634146266636081,0.15634146266619225,0.1563414626658399,0.15634146266558585,0.1563414626658399,0.15634146266619225,0.15634146266636081,0.1563414626660555,0.1563414626658399,0.1563414626660555,0.15634146266636081,0.15634146266661153,0.15634146266636081,0.15634146266619225,0.15634146266636081,0.15634146266661153,0.154945914720757,0.1549459147200504,0.154945914719552,0.1549459147200504,0.154945914720757,0.1549459147200504,0.15494591471912142,0.15494591471841604,0.15494591471912142,0.1549459147200504,0.154945914719552,0.15494591471841604,0.15494591471750307,0.15494591471841604,0.154945914719552,0.1549459147200504,0.15494591471912142,0.15494591471841604,0.15494591471912142,0.1549459147200504,0.154945914720757,0.1549459147200504,0.154945914719552,0.1549459147200504,0.154945914720757,0.1535782207546728,0.1535782207527849,0.15357822075134744,0.1535782207527849,0.1535782207546728,0.1535782207527849,0.15357822075003516,0.15357822074766841,0.15357822075003516,0.1535782207527849,0.15357822075134744,0.15357822074766841,0.15357822074410768,0.15357822074766841,0.15357822075134744,0.1535782207527849,0.15357822075003516,0.15357822074766841,0.15357822075003516,0.1535782207527849,0.1535782207546728,0.1535782207527849,0.15357822075134744,0.1535782207527849,0.1535782207546728,0.1522378039133354,0.15223780390871716,0.15223780390477604,0.15223780390871716,0.1522378039133354,0.15223780390871716,0.15223780390098254,0.15223780389292177,0.15223780390098254,0.15223780390871716,0.15223780390477604,0.15223780389292177,0.15223780387746477,0.15223780389292177,0.15223780390477604,0.15223780390871716,0.15223780390098254,0.15223780389292177,0.15223780390098254,0.15223780390871716,0.1522378039133354,0.15223780390871716,0.15223780390477604,0.15223780390871716,0.1522378039133354,0.1509240930080538,0.15092409299840392,0.15092409298872203,0.15092409299840392,0.1509240930080538,0.15092409299840392,0.15092409297893172,0.15092409295217432,0.15092409297893172,0.15092409299840392,0.15092409298872203,0.15092409295217432,0.15092409287629852,0.15092409295217432,0.15092409298872203,0.15092409299840392,0.15092409297893172,0.15092409295217432,0.15092409297893172,0.15092409299840392,0.1509240930080538,0.15092409299840392,0.15092409298872203,0.15092409299840392,0.1509240930080538,0.14963652318766157,0.14963652317311005,0.1496365231551936,0.14963652317311005,0.14963652318766157,0.14963652317311005,0.14963652313656695,0.14963652306185446,0.14963652313656695,0.14963652317311005,0.1496365231551936,0.14963652306185446,0.1496365226410309,0.14963652306185446,0.1496365231551936,0.14963652317311005,0.14963652313656695,0.14963652306185446,0.14963652313656695,0.14963652317311005,0.14963652318766157,0.14963652317311005,0.1496365231551936,0.14963652317311005,0.14963652318766157,0.1483745365189832,0.148374536510632,0.148374536502565,0.148374536510632,0.1483745365189832,0.148374536510632,0.14837453649445384,0.14837453647434073,0.14837453649445384,0.148374536510632,0.148374536502565,0.14837453647434073,0.1483745364334212,0.14837453647434073,0.148374536502565,0.148374536510632,0.14837453649445384,0.14837453647434073,0.14837453649445384,0.148374536510632,0.1483745365189832,0.148374536510632,0.148374536502565,0.148374536510632,0.1483745365189832,0.1471375824724565,0.14713758246955236,0.1471375824675325,0.14713758246955236,0.1471375824724565,0.14713758246955236,0.14713758246571376,0.1471375824643375,0.14713758246571376,0.14713758246955236,0.1471375824675325,0.1471375824643375,0.14713758247773656,0.1471375824643375,0.1471375824675325,0.14713758246955236,0.14713758246571376,0.1471375824643375,0.14713758246571376,0.14713758246955236,0.1471375824724565,0.14713758246955236,0.1471375824675325,0.14713758246955236,0.1471375824724565,0.14592511838417596,0.1459251183838405,0.14592511838402106,0.1459251183838405,0.14592511838417596,0.1459251183838405,0.1459251183843603,0.14592511838707395,0.1459251183843603,0.1459251183838405,0.14592511838402106,0.14592511838707395,0.1459251184038248,0.14592511838707395,0.14592511838402106,0.1459251183838405,0.1459251183843603,0.14592511838707395,0.1459251183843603,0.1459251183838405,0.14592511838417596,0.1459251183838405,0.14592511838402106,0.1459251183838405,0.14592511838417596,0.1447366098337562,0.14473660983425873,0.14473660983495812,0.14473660983425873,0.1447366098337562,0.14473660983425873,0.14473660983573086,0.14473660983854428,0.14473660983573086,0.14473660983425873,0.14473660983495812,0.14473660983854428,0.14473660985121817,0.14473660983854428,0.14473660983495812,0.14473660983425873,0.14473660983573086,0.14473660983854428,0.14473660983573086,0.14473660983425873,0.1447366098337562,0.14473660983425873,0.14473660983495812,0.14473660983425873,0.1447366098337562,0.14357153095680564,0.1435715309574721,0.143571530958161,0.1435715309574721,0.14357153095680564,0.1435715309574721,0.14357153095886258,0.14357153096097391,0.14357153095886258,0.1435715309574721,0.143571530958161,0.14357153096097391,0.14357153096925324,0.14357153096097391,0.143571530958161,0.1435715309574721,0.14357153095886258,0.14357153096097391,0.14357153095886258,0.1435715309574721,0.14357153095680564,0.1435715309574721,0.143571530958161,0.1435715309574721,0.14357153095680564,0.14242936470416556,0.14242936470491527,0.14242936470557183,0.14242936470491527,0.14242936470416556,0.14242936470491527,0.14242936470619436,0.14242936470780024,0.14242936470619436,0.14242936470491527,0.14242936470557183,0.14242936470780024,0.14242936471324952,0.14242936470780024,0.14242936470557183,0.14242936470491527,0.14242936470619436,0.14242936470780024,0.14242936470619436,0.14242936470491527,0.14242936470416556,0.14242936470491527,0.14242936470557183,0.14242936470491527,0.14242936470416556,0.1413096030535774,0.14130960305473558,0.14130960305563997,0.14130960305473558,0.1413096030535774,0.14130960305473558,0.14130960305645326,0.14130960305819726,0.14130960305645326,0.14130960305473558,0.14130960305563997,0.14130960305819726,0.14130960306290394,0.14130960305819726,0.14130960305563997,0.14130960305473558,0.14130960305645326,0.14130960305819726,0.14130960305645326,0.14130960305473558,0.1413096030535774,0.14130960305473558,0.14130960305563997,0.14130960305473558,0.1413096030535774,0.14021174717775886,0.1402117471802112,0.14021174718210655,0.1402117471802112,0.14021174717775886,0.1402117471802112,0.14021174718383278,0.14021174718714846,0.14021174718383278,0.1402117471802112,0.14021174718210655,0.14021174718714846,0.14021174719375964,0.14021174718714846,0.14021174718210655,0.1402117471802112,0.14021174718383278,0.14021174718714846,0.14021174718383278,0.1402117471802112,0.14021174717775886,0.1402117471802112,0.14021174718210655,0.1402117471802112,0.14021174717775886,0.13913530757236403,0.13913530757802947,0.13913530758280193,0.13913530757802947,0.13913530757236403,0.13913530757802947,0.1391353075873769,0.13913530759686993,0.1391353075873769,0.13913530757802947,0.13913530758280193,0.13913530759686993,0.1391353076147865,0.13913530759686993,0.13913530758280193,0.13913530757802947,0.1391353075873769,0.13913530759686993,0.1391353075873769,0.13913530757802947,0.13913530757236403,0.13913530757802947,0.13913530758280193,0.13913530757802947,0.13913530757236403,0.13807980414703758,0.1380798041589297,0.13807980417067625,0.1380798041589297,0.13807980414703758,0.1380798041589297,0.13807980418250762,0.13807980421418986,0.13807980418250762,0.1380798041589297,0.13807980417067625,0.13807980421418986,0.13807980430191183,0.13807980421418986,0.13807980417067625,0.1380798041589297,0.13807980418250762,0.13807980421418986,0.13807980418250762,0.1380798041589297,0.13807980414703758,0.1380798041589297,0.13807980417067625,0.1380798041589297,0.13807980414703758,0.13704476628394963,0.13704476630251522,0.13704476632485035,0.13704476630251522,0.13704476628394963,0.13704476630251522,0.13704476634796806,0.13704476643863178,0.13704476634796806,0.13704476630251522,0.13704476632485035,0.13704476643863178,0.1370447669395021,0.13704476643863178,0.13704476632485035,0.13704476630251522,0.13704476634796806,0.13704476643863178,0.13704476634796806,0.13704476630251522,0.13704476628394963,0.13704476630251522,0.13704476632485035,0.13704476630251522,0.13704476628394963,0.1360297328747741,0.13602973288762837,0.13602973290017062,0.13602973288762837,0.1360297328747741,0.13602973288762837,0.1360297329127349,0.13602973294619794,0.1360297329127349,0.13602973288762837,0.13602973290017062,0.13602973294619794,0.13602973303884383,0.13602973294619794,0.13602973290017062,0.13602973288762837,0.1360297329127349,0.13602973294619794,0.1360297329127349,0.13602973288762837,0.1360297328747741,0.13602973288762837,0.13602973290017062,0.13602973288762837,0.1360297328747741,0.13503425235282676,0.1350342523608545,0.1350342523674708,0.1350342523608545,0.13503425235282676,0.1350342523608545,0.13503425237374245,0.1350342523864946,0.13503425237374245,0.1350342523608545,0.1350342523674708,0.1350342523864946,0.13503425240964484,0.1350342523864946,0.1350342523674708,0.1350342523608545,0.13503425237374245,0.1350342523864946,0.13503425237374245,0.1350342523608545,0.13503425235282676,0.1350342523608545,0.1350342523674708,0.1350342523608545,0.13503425235282676
0.1653324875991095,0.16533248759910907,0.16533248759910882,0.16533248759910907,0.1653324875991095,0.16533248759910907,0.1653324875991086,0.16533248759910835,0.1653324875991086,0.16533248759910907,0.16533248759910882,0.16533248759910835,0.1653324875991081,0.16533248759910835,0.16533248759910882,0.16533248759910907,0.1653324875991086,0.16533248759910835,0.1653324875991086,0.16533248759910907,0.1653324875991095,0.16533248759910907,0.16533248759910882,0.16533248759910907,0.1653324875991095,0.16375749388405617,0.163757493884055,0.16375749388405456,0.163757493884055,0.16375749388405617,0.163757493884055,0.1637574938840541,0.16375749388405336,0.1637574938840541,0.163757493884055,0.16375749388405456,0.16375749388405336,0.1637574938840527,0.16375749388405336,0.16375749388405456,0.163757493884055,0.1637574938840541,0.16375749388405336,0.1637574938840541,0.163757493884055,0.16375749388405617,0.163757493884055,0.16375749388405456,0.163757493884055,0.16375749388405617,0.1622138841008578,0.16221388410085463,0.1622138841008528,0.16221388410085463,0.1622138841008578,0.16221388410085463,0.1622138841008515,0.16221388410084941,0.1622138841008515,0.16221388410085463,0.1622138841008528,0.16221388410084941,0.1622138841008474,0.16221388410084941,0.1622138841008528,0.16221388410085463,0.1622138841008515,0.16221388410084941,0.1622138841008515,0.16221388410085463,0.1622138841008578,0.16221388410085463,0.1622138841008528,0.16221388410085463,0.1622138841008578,0.16070106720655933,0.16070106720654997,0.1607010672065442,0.16070106720654997,0.16070106720655933,0.16070106720654997,0.16070106720654,0.16070106720653377,0.16070106720654,0.16070106720654997,0.1607010672065442,0.16070106720653377,0.1607010672065271,0.16070106720653377,0.1607010672065442,0.16070106720654997,0.16070106720654,0.16070106720653377,0.16070106720654,0.16070106720654997,0.16070106720655933,0.16070106720654997,0.1607010672065442,0.16070106720654997,0.16070106720655933,0.1592184515761525,0.1592184515761242,0.15921845157610612,0.1592184515761242,0.1592184515761525,0.1592184515761242,0.15921845157609307,0.1592184515760728,0.15921845157609307,0.1592184515761242,0.15921845157610612,0.1592184515760728,0.15921845157605105,0.1592184515760728,0.15921845157610612,0.1592184515761242,0.15921845157609307,0.1592184515760728,0.15921845157609307,0.1592184515761242,0.1592184515761525,0.1592184515761242,0.15921845157610612,0.1592184515761242,0.1592184515761525,0.1577654463544439,0.15776544635435918,0.15776544635430417,0.15776544635435918,0.1577654463544439,0.15776544635435918,0.15776544635426187,0.15776544635419662,0.15776544635426187,0.15776544635435918,0.15776544635430417,0.15776544635419662,0.157765446354123,0.15776544635419662,0.15776544635430417,0.15776544635435918,0.15776544635426187,0.15776544635419662,0.15776544635426187,0.15776544635435918,0.1577654463544439,0.15776544635435918,0.15776544635430417,0.15776544635435918,0.1577654463544439,0.15634146267043003,0.15634146267018267,0.15634146267001642,0.15634146267018267,0.15634146267043003,0.15634146267018267,0.15634146266988155,0.1563414626696689,0.15634146266988155,0.15634146267018267,0.15634146267001642,0.1563414626696689,0.15634146266941837,0.1563414626696689,0.15634146267001642,0.15634146267018267,0.15634146266988155,0.1563414626696689,0.15634146266988155,0.15634146267018267,0.15634146267043003,0.15634146267018267,0.15634146267001642,0.15634146267018267,0.15634146267043003,0.1549459147245013,0.15494591472380412,0.1549459147233121,0.15494591472380412,0.1549459147245013,0.15494591472380412,0.1549459147228875,0.15494591472219152,0.1549459147228875,0.15494591472380412,0.1549459147233121,0.15494591472219152,0.15494591472129104,0.15494591472219152,0.1549459147233123,0.15494591472380412,0.1549459147228875,0.15494591472219152,0.1549459147228875,0.15494591472380412,0.1549459147245013,0.15494591472380412,0.1549459147233123,0.15494591472380412,0.1549459147245013,0.15357822075832636,0.15357822075646332,0.15357822075504476,0.15357822075646332,0.15357822075832636,0.15357822075646332,0.15357822075375013,0.15357822075141514,0.15357822075375013,0.15357822075646332,0.15357822075504476,0.15357822075141514,0.15357822074790278,0.15357822075141514,0.15357822075504476,0.15357822075646332,0.15357822075375013,0.15357822075141514,0.15357822075375013,0.15357822075646332,0.15357822075832636,0.15357822075646332,0.15357822075504476,0.15357822075646332,0.15357822075832636,0.15223780391684916,0.15223780391229075,0.1522378039084016,0.15223780391229075,0.15223780391684916,0.15223780391229075,0.15223780390465852,0.1522378038967064,0.15223780390465852,0.15223780391229075,0.1522378039084016,0.1522378038967064,0.1522378038814614,0.1522378038967064,0.1522378039084016,0.15223780391229075,0.15223780390465852,0.1522378038967064,0.15223780390465852,0.15223780391229075,0.15223780391684916,0.15223780391229075,0.1522378039084016,0.15223780391229075,0.15223780391684916,0.15092409301130524,0.15092409300177753,0.15092409299222143,0.15092409300177753,0.15092409301130524,0.15092409300177753,0.15092409298255902,0.15092409295616158,0.15092409298255902,0.15092409300177753,0.15092409299222143,0.15092409295616158,0.15092409288133565,0.15092409295616158,0.15092409299222143,0.15092409300177753,0.15092409298255902,0.15092409295616158,0.15092409298255902,0.15092409300177753,0.15092409301130524,0.15092409300177753,0.15092409299222143,0.15092409300177753,0.15092409301130524,0.14963652319039725,0.14963652317601722,0.1496365231583233,0.14963652317601722,0.14963652319039725,0.14963652317601722,0.14963652313992962,0.1496365230662066,0.14963652313992962,0.14963652317601722,0.1496365231583233,0.1496365230662066,0.14963652265123514,0.1496365230662066,0.1496365231583233,0.14963652317601722,0.14963652313992962,0.1496365230662066,0.14963652313992962,0.14963652317601722,0.14963652319039725,0.14963652317601722,0.1496365231583233,0.14963652317601722,0.14963652319039725,0.1483745365208426,0.14837453651254462,0.14837453650451743,0.14837453651254462,0.1483745365208426,0.14837453651254462,0.14837453649644483,0.14837453647634025,0.14837453649644483,0.14837453651254462,0.14837453650451743,0.14837453647634025,0.1483745364346162,0.14837453647634025,0.14837453650451743,0.14837453651254462,0.14837453649644483,0.14837453647634025,0.14837453649644483,0.14837453651254462,0.1483745365208426,0.14837453651254462,0.14837453650451743,0.14837453651254462,0.1483745365208426,0.14713758247331898,0.14713758247038994,0.1471375824683265,0.14713758247038994,0.14713758247331898,0.14713758247038994,0.14713758246645928,0.14713758246485834,0.14713758246645928,0.14713758247038994,0.1471375824683265,0.14713758246485834,0.14713758247698722,0.14713758246485834,0.1471375824683265,0.14713758247038994,0.14713758246645928,0.14713758246485834,0.14713758246645928,0.14713758247038994,0.14713758247331898,0.14713758247038994,0.1471375824683265,0.14713758247038994,0.14713758247331898,0.14592511838408015,0.14592511838370284,0.14592511838383282,0.14592511838370284,0.14592511838408015,0.14592511838370284,0.1459251183841181,0.14592511838664252,0.1459251183841181,0.14592511838370284,0.14592511838383282,0.14592511838664252,0.14592511840256447,0.14592511838664252,0.14592511838383282,0.14592511838370284,0.1459251183841181,0.14592511838664252,0.1459251183841181,0.14592511838370284,0.14592511838408015,0.14592511838370284,0.14592511838383282,0.14592511838370284,0.14592511838408015,0.14473660983277437,0.14473660983324982,0.1447366098339196,0.14473660983324982,0.14473660983277437,0.14473660983324982,0.14473660983466213,0.14473660983737985,0.14473660983466213,0.14473660983324982,0.1447366098339196,0.14473660983737985,0.14473660984967984,0.14473660983737985,0.1447366098339196,0.14473660983324982,0.14473660983466213,0.14473660983737985,0.14473660983466213,0.14473660983324982,0.14473660983277437,0.14473660983324982,0.1447366098339196,0.14473660983324982,0.14473660983277437,0.14357153095498054,0.14357153095564257,0.14357153095632855,0.14357153095564257,0.14357153095498054,0.14357153095564257,0.14357153095702754,0.1435715309591379,0.14357153095702754,0.14357153095564257,0.14357153095632855,0.1435715309591379,0.14357153096743583,0.1435715309591379,0.14357153095632855,0.14357153095564257,0.14357153095702754,0.1435715309591379,0.14357153095702754,0.14357153095564257,0.14357153095498054,0.14357153095564257,0.14357153095632855,0.14357153095564257,0.14357153095498054,0.1424293647014921,0.1424293647022557,0.14242936470293005,0.1424293647022557,0.1424293647014921,0.1424293647022557,0.14242936470357156,0.14242936470524706,0.14242936470357156,0.1424293647022557,0.14242936470293005,0.14242936470524706,0.14242936471105314,0.14242936470524706,0.14242936470293005,0.1424293647022557,0.14242936470357156,0.14242936470524706,0.14242936470357156,0.1424293647022557,0.1424293647014921,0.1424293647022557,0.14242936470293005,0.1424293647022557,0.1424293647014921,0.14130960305001194,0.14130960305118953,0.14130960305211973,0.14130960305118953,0.14130960305001194,0.14130960305118953,0.1413096030529608,0.1413096030548081,0.1413096030529608,0.14130960305118953,0.14130960305211973,0.1413096030548081,0.14130960306001064,0.1413096030548081,0.14130960305211973,0.14130960305118953,0.1413096030529608,0.1413096030548081,0.1413096030529608,0.14130960305118953,0.14130960305001194,0.14130960305118953,0.14130960305211973,0.14130960305118953,0.14130960305001194,0.14021174717324472,0.14021174717570112,0.1402117471776097,0.14021174717570112,0.14021174717324472,0.14021174717570112,0.14021174717935156,0.14021174718275012,0.14021174717935156,0.14021174717570112,0.1402117471776097,0.14021174718275012,0.1402117471898441,0.14021174718275012,0.1402117471776097,0.14021174717570112,0.14021174717935156,0.14021174718275012,0.14021174717935156,0.14021174717570112,0.14021174717324472,0.14021174717570112,0.1402117471776097,0.14021174717570112,0.14021174717324472,0.13913530756687562,0.1391353075724981,0.13913530757723577,0.1391353075724981,0.13913530756687562,0.1391353075724981,0.139135307581778,0.13913530759120984,0.139135307581778,0.1391353075724981,0.13913530757723577,0.13913530759120984,0.1391353076090371,0.13913530759120984,0.13913530757723577,0.1391353075724981,0.139135307581778,0.13913530759120984,0.139135307581778,0.1391353075724981,0.13913530756687562,0.1391353075724981,0.13913530757723577,0.1391353075724981,0.13913530756687562,0.13807980414064508,0.13807980415241844,0.13807980416404622,0.13807980415241844,0.13807980414064508,0.13807980415241844,0.13807980417575758,0.13807980420711424,0.13807980417575758,0.13807980415241844,0.13807980416404622,0.13807980420711424,0.138079804293923,0.13807980420711424,0.13807980416404622,0.13807980415241844,0.13807980417575758,0.13807980420711424,0.13807980417575758,0.13807980415241844,0.13807980414064508,0.13807980415241844,0.13807980416404622,0.13807980415241844,0.13807980414064508,0.13704476627687973,0.13704476629525075,0.13704476631735035,0.13704476629525075,0.13704476627687973,0.13704476629525075,0.13704476634022406,0.13704476642992564,0.13704476634022406,0.13704476629525075,0.13704476631735035,0.13704476642992564,0.1370447669254805,0.13704476642992564,0.13704476631735035,0.13704476629525075,0.13704476634022406,0.13704476642992564,0.13704476634022406,0.13704476629525075,0.13704476627687973,0.13704476629525075,0.13704476631735035,0.13704476629525075,0.13704476627687973,0.1360297328674121,0.13602973288013057,0.1360297328925401,0.13602973288013057,0.1360297328674121,0.13602973288013057,0.1360297329049714,0.13602973293807896,0.1360297329049714,0.13602973288013057,0.1360297328925401,0.13602973293807896,0.13602973302973956,0.13602973293807896,0.1360297328925401,0.13602973288013057,0.1360297329049714,0.13602973293807896,0.1360297329049714,0.13602973288013057,0.1360297328674121,0.13602973288013057,0.1360297328925401,0.13602973288013057,0.1360297328674121,0.13503425234544025,0.13503425235338304,0.13503425235992914,0.13503425235338304,0.13503425234544025,0.13503425235338304,0.13503425236613434,0.13503425237875114,0.13503425236613434,0.13503425235338304,0.13503425235992914,0.13503425237875114,0.13503425240165517,0.13503425237875114,0.13503425235992914,0.13503425235338304,0.13503425236613434,0.13503425237875114,0.13503425236613434,0.13503425235338304,0.13503425234544025,0.13503425235338304,0.13503425235992914,0.13503425235338304,0.13503425234544025
0.1653324876036445,0.16533248760364402,0.1653324876036438,0.16533248760364402,0.1653324876036445,0.16533248760364402,0.16533248760364355,0.1653324876036433,0.16533248760364355,0.16533248760364402,0.1653324876036438,0.1653324876036433,0.16533248760364305,0.1653324876036433,0.1653324876036438,0.16533248760364402,0.16533248760364355,0.1653324876036433,0.16533248760364355,0.16533248760364402,0.1653324876036445,0.16533248760364402,0.1653324876036438,0.16533248760364402,0.1653324876036445,0.16375749388850294,0.16375749388850175,0.16375749388850108,0.16375749388850175,0.16375749388850294,0.16375749388850175,0.16375749388850083,0.16375749388850014,0.16375749388850083,0.16375749388850175,0.16375749388850108,0.16375749388850014,0.16375749388849944,0.16375749388850014,0.16375749388850108,0.16375749388850175,0.16375749388850083,0.16375749388850014,0.16375749388850083,0.16375749388850175,0.16375749388850294,0.16375749388850175,0.16375749388850108,0.16375749388850175,0.1637574938885027,0.1622138841052193,0.16221388410521634,0.16221388410521453,0.16221388410521634,0.1622138841052193,0.16221388410521634,0.16221388410521317,0.16221388410521137,0.16221388410521317,0.16221388410521634,0.16221388410521453,0.16221388410521137,0.16221388410520932,0.16221388410521137,0.16221388410521453,0.16221388410521634,0.16221388410521317,0.16221388410521137,0.16221388410521317,0.16221388410521634,0.1622138841052193,0.16221388410521634,0.16221388410521453,0.16221388410521634,0.1622138841052193,0.16070106721083907,0.16070106721083,0.1607010672108242,0.16070106721083,0.16070106721083907,0.16070106721083,0.1607010672108202,0.16070106721081398,0.1607010672108202,0.16070106721083,0.1607010672108242,0.16070106721081398,0.16070106721080754,0.16070106721081398,0.1607010672108242,0.16070106721083,0.1607010672108202,0.16070106721081398,0.1607010672108202,0.16070106721083,0.16070106721083907,0.16070106721083,0.1607010672108242,0.16070106721083,0.16070106721083907,0.15921845158035355,0.1592184515803257,0.15921845158030784,0.1592184515803257,0.15921845158035355,0.1592184515803257,0.159218451580295,0.1592184515802752,0.159218451580295,0.1592184515803257,0.15921845158030784,0.1592184515802752,0.15921845158025386,0.1592184515802752,0.15921845158030784,0.1592184515803257,0.159218451580295,0.1592184515802752,0.159218451580295,0.1592184515803257,0.15921845158035355,0.1592184515803257,0.15921845158030784,0.1592184515803257,0.15921845158035355,0.15776544635856873,0.1577654463584853,0.15776544635843112,0.1577654463584853,0.15776544635856873,0.1577654463584853,0.1577654463583897,0.15776544635832548,0.1577654463583897,0.1577654463584853,0.15776544635843112,0.15776544635832548,0.15776544635825293,0.15776544635832548,0.15776544635843112,0.1577654463584853,0.1577654463583897,0.15776544635832548,0.1577654463583897,0.1577654463584853,0.15776544635856873,0.1577654463584853,0.15776544635843112,0.1577654463584853,0.15776544635856873,0.15634146267447915,0.15634146267423554,0.1563414626740718,0.15634146267423554,0.15634146267447915,0.15634146267423554,0.15634146267393906,0.15634146267372953,0.15634146267393906,0.15634146267423554,0.1563414626740718,0.15634146267372953,0.15634146267348278,0.15634146267372953,0.1563414626740718,0.15634146267423554,0.15634146267393906,0.15634146267372953,0.15634146267393906,0.15634146267423554,0.15634146267447915,0.15634146267423554,0.1563414626740718,0.15634146267423554,0.15634146267447915,0.15494591472847064,0.1549459147277835,0.15494591472729863,0.1549459147277835,0.15494591472847064,0.1549459147277835,0.15494591472688035,0.15494591472619465,0.15494591472688035,0.1549459147277835,0.15494591472729863,0.15494591472619465,0.15494591472530753,0.15494591472619465,0.15494591472729863,0.1549459147277835,0.15494591472688035,0.15494591472619465,0.15494591472688035,0.1549459147277835,0.15494591472847064,0.1549459147277835,0.15494591472729863,0.1549459147277835,0.15494591472847064,0.1535782207621972,0.1535782207603611,0.15357822075896344,0.1535782207603611,0.1535782207621972,0.1535782207603611,0.15357822075768765,0.1535782207553872,0.15357822075768765,0.1535782207603611,0.15357822075896344,0.1535782207553872,0.15357822075192748,0.1535782207553872,0.15357822075896344,0.1535782207603611,0.15357822075768765,0.1535782207553872,0.15357822075768765,0.1535782207603611,0.1535782207621972,0.1535782207603611,0.15357822075896344,0.1535782207603611,0.1535782207621972,0.15223780392056885,0.1522378039160754,0.15223780391224237,0.1522378039160754,0.15223780392056885,0.1522378039160754,0.15223780390855376,0.15223780390071956,0.15223780390855376,0.1522378039160754,0.15223780391224237,0.15223780390071956,0.15223780388570485,0.15223780390071956,0.15223780391224237,0.1522378039160754,0.15223780390855376,0.15223780390071956,0.15223780390855376,0.1522378039160754,0.15223780392056885,0.1522378039160754,0.15223780391224237,0.1522378039160754,0.15223780392056885,0.1509240930147402,0.1509240930053448,0.1509240929959251,0.1509240930053448,0.1509240930147402,0.1509240930053448,0.1509240929864016,0.15092409296039486,0.1509240929864016,0.1509240930053448,0.1509240929959251,0.15092409296039486,0.15092409288670808,0.15092409296039486,0.1509240929959251,0.1509240930053448,0.1509240929864016,0.15092409296039486,0.1509240929864016,0.1509240930053448,0.1509240930147402,0.1509240930053448,0.1509240929959251,0.1509240930053448,0.1509240930147402,0.1496365231932728,0.1496365231790785,0.14963652316162565,0.1496365231790785,0.1496365231932728,0.1496365231790785,0.14963652314348422,0.1496365230708348,0.14963652314348422,0.1496365231790785,0.14963652316162565,0.1496365230708348,0.149636522662216,0.1496365230708348,0.14963652316162565,0.1496365231790785,0.14963652314348422,0.1496365230708348,0.14963652314348422,0.1496365231790785,0.1496365231932728,0.1496365231790785,0.14963652316162565,0.1496365231790785,0.1496365231932728,0.14837453652276872,0.1483745365145269,0.14837453650654198,0.1483745365145269,0.14837453652276872,0.1483745365145269,0.14837453649850976,0.14837453647841095,0.14837453649850976,0.1483745365145269,0.14837453650654198,0.14837453647841095,0.1483745364357832,0.14837453647841095,0.14837453650654198,0.1483745365145269,0.14837453649850976,0.14837453647841095,0.14837453649850976,0.1483745365145269,0.14837453652276872,0.1483745365145269,0.14837453650654198,0.1483745365145269,0.14837453652276872,0.1471375824741675,0.14713758247120906,0.14713758246909586,0.14713758247120906,0.1471375824741675,0.14713758247120906,0.1471375824671741,0.14713758246532263,0.1471375824671741,0.14713758247120906,0.14713758246909586,0.14713758246532263,0.14713758247609818,0.14713758246532263,0.14713758246909586,0.14713758247120906,0.1471375824671741,0.14713758246532263,0.1471375824671741,0.14713758247120906,0.1471375824741675,0.14713758247120906,0.14713758246909586,0.14713758247120906,0.1471375824741675,0.1459251183838971,0.14592511838347152,0.14592511838354297,0.14592511838347152,0.1459251183838971,0.14592511838347152,0.14592511838376693,0.14592511838607644,0.14592511838376693,0.14592511838347152,0.14592511838354297,0.14592511838607644,0.1459251184010292,0.14592511838607644,0.14592511838354297,0.14592511838347152,0.14592511838376693,0.14592511838607644,0.14592511838376693,0.14592511838347152,0.1459251183838971,0.14592511838347152,0.14592511838354297,0.14592511838347152,0.1459251183838971,0.14473660983164519,0.14473660983208697,0.1447366098327206,0.14473660983208697,0.14473660983164519,0.14473660983208697,0.1447366098334258,0.14473660983602726,0.1447366098334258,0.14473660983208697,0.1447366098327206,0.14473660983602726,0.14473660984784883,0.14473660983602726,0.1447366098327206,0.14473660983208697,0.1447366098334258,0.14473660983602726,0.1447366098334258,0.14473660983208697,0.14473660983164519,0.14473660983208697,0.1447366098327206,0.14473660983208697,0.14473660983164519,0.1435715309529602,0.1435715309536123,0.14357153095428993,0.1435715309536123,0.1435715309529602,0.1435715309536123,0.14357153095498087,0.14357153095707376,0.14357153095498087,0.1435715309536123,0.14357153095428993,0.14357153095707376,0.14357153096535083,0.14357153095707376,0.14357153095428993,0.1435715309536123,0.14357153095498087,0.14357153095707376,0.14357153095498087,0.1435715309536123,0.1435715309529602,0.1435715309536123,0.14357153095428993,0.1435715309536123,0.1435715309529602,0.14242936469858647,0.1424293646993593,0.1424293647000469,0.1424293646993593,0.14242936469858647,0.1424293646993593,0.14242936470070283,0.14242936470243453,0.14242936470070283,0.1424293646993593,0.1424293647000469,0.14242936470243453,0.1424293647085095,0.14242936470243453,0.1424293647000469,0.1424293646993593,0.14242936470070283,0.14242936470243453,0.14242936470070283,0.1424293646993593,0.14242936469858647,0.1424293646993593,0.1424293647000469,0.1424293646993593,0.14242936469858647,0.14130960304618648,0.1413096030473797,0.14130960304833146,0.1413096030473797,0.14130960304618648,0.1413096030473797,0.1413096030491962,0.14130960305113477,0.1413096030491962,0.1413096030473797,0.14130960304833146,0.14130960305113477,0.1413096030567674,0.14130960305113477,0.14130960304833146,0.1413096030473797,0.1413096030491962,0.14130960305113477,0.1413096030491962,0.1413096030473797,0.14130960304618648,0.1413096030473797,0.14130960304833146,0.1413096030473797,0.14130960304618648,0.1402117471684507,0.14021174717090787,0.14021174717282628,0.14021174717090787,0.1402117471684507,0.14021174717090787,0.1402117471745807,0.14021174717805185,0.1402117471745807,0.14021174717090787,0.14021174717282628,0.14021174717805185,0.1402117471855988,0.14021174717805185,0.14021174717282628,0.14021174717090787,0.1402117471745807,0.14021174717805185,0.1402117471745807,0.14021174717090787,0.1402117471684507,0.14021174717090787,0.14021174717282628,0.14021174717090787,0.1402117471684507,0.1391353075610935,0.13913530756667056,0.13913530757137155,0.13913530756667056,0.1391353075610935,0.13913530756667056,0.13913530757587916,0.13913530758524523,0.13913530757587916,0.13913530756667056,0.13913530757137155,0.13913530758524523,0.13913530760297288,0.13913530758524523,0.13913530757137155,0.13913530756667056,0.13913530757587916,0.13913530758524523,0.13913530757587916,0.13913530756667056,0.1391353075610935,0.13913530756667056,0.13913530757137155,0.13913530756667056,0.1391353075610935,0.13807980413394927,0.1380798041456016,0.1380798041571086,0.1380798041456016,0.13807980413394927,0.1380798041456016,0.13807980416869778,0.13807980419972388,0.13807980416869778,0.1380798041456016,0.1380798041571086,0.13807980419972388,0.13807980428560643,0.13807980419972388,0.1380798041571086,0.1380798041456016,0.13807980416869778,0.13807980419972388,0.13807980416869778,0.1380798041456016,0.13807980413394927,0.1380798041456016,0.1380798041571086,0.1380798041456016,0.13807980413394927,0.1370447662695014,0.1370447662876752,0.13704476630953613,0.1370447662876752,0.1370447662695014,0.1370447662876752,0.13704476633216242,0.13704476642089022,0.13704476633216242,0.1370447662876752,0.13704476630953613,0.13704476642089022,0.1370447669110601,0.13704476642089022,0.13704476630953613,0.1370447662876752,0.13704476633216242,0.13704476642089022,0.13704476633216242,0.1370447662876752,0.1370447662695014,0.1370447662876752,0.13704476630953613,0.1370447662876752,0.1370447662695014,0.13602973285974165,0.13602973287232278,0.13602973288459766,0.13602973287232278,0.13602973285974165,0.13602973287232278,0.13602973289689416,0.13602973292964207,0.13602973289689416,0.13602973287232278,0.13602973288459766,0.13602973292964207,0.13602973302030544,0.13602973292964207,0.13602973288459766,0.13602973287232278,0.13602973289689416,0.13602973292964207,0.13602973289689416,0.13602973287232278,0.13602973285974165,0.13602973287232278,0.13602973288459766,0.13602973287232278,0.13602973285974165,0.1350342523377491,0.13503425234560593,0.13503425235208094,0.13503425234560576,0.1350342523377491,0.13503425234560593,0.13503425235821873,0.13503425237069833,0.13503425235821873,0.13503425234560593,0.13503425235208094,0.13503425237069833,0.13503425239335337,0.13503425237069833,0.13503425235208094,0.13503425234560576,0.13503425235821873,0.13503425237069833,0.13503425235821873,0.13503425234560576,0.1350342523377491,0.13503425234560593,0.13503425235208094,0.13503425234560576,0.1350342523377491
0.16533248760843622,0.16533248760843597,0.16533248760843575,0.16533248760843597,0.16533248760843622,0.16533248760843597,0.16533248760843552,0.16533248760843527,0.16533248760843552,0.16533248760843597,0.16533248760843575,0.16533248760843527,0.16533248760843502,0.16533248760843527,0.16533248760843575,0.16533248760843597,0.16533248760843552,0.16533248760843527,0.16533248760843552,0.16533248760843597,0.16533248760843622,0.16533248760843597,0.16533248760843575,0.16533248760843597,0.16533248760843622,0.1637574938932011,0.16375749389320016,0.16375749389319946,0.16375749389320016,0.1637574938932011,0.16375749389320016,0.1637574938931992,0.16375749389319855,0.1637574938931992,0.16375749389320016,0.16375749389319946,0.16375749389319855,0.16375749389319785,0.16375749389319855,0.16375749389319946,0.16375749389320016,0.1637574938931992,0.16375749389319855,0.1637574938931992,0.16375749389320016,0.1637574938932011,0.16375749389320016,0.16375749389319946,0.16375749389320016,0.1637574938932011,0.16221388410982765,0.1622138841098247,0.16221388410982288,0.1622138841098247,0.16221388410982765,0.1622138841098247,0.16221388410982154,0.16221388410981968,0.16221388410982154,0.1622138841098247,0.16221388410982288,0.16221388410981968,0.16221388410981766,0.16221388410981968,0.16221388410982288,0.1622138841098247,0.16221388410982154,0.16221388410981968,0.16221388410982154,0.1622138841098247,0.16221388410982765,0.1622138841098247,0.16221388410982288,0.1622138841098247,0.16221388410982765,0.1607010672153606,0.16070106721535168,0.1607010672153459,0.16070106721535168,0.1607010672153606,0.16070106721535168,0.1607010672153419,0.16070106721533592,0.1607010672153419,0.16070106721535168,0.1607010672153459,0.16070106721533592,0.16070106721532945,0.16070106721533592,0.1607010672153459,0.16070106721535168,0.1607010672153419,0.16070106721533592,0.1607010672153419,0.16070106721535168,0.1607010672153606,0.16070106721535168,0.1607010672153459,0.16070106721535168,0.1607010672153606,0.15921845158479128,0.15921845158476386,0.15921845158474643,0.15921845158476386,0.15921845158479128,0.15921845158476386,0.1592184515847338,0.1592184515847142,0.1592184515847338,0.15921845158476386,0.15921845158474643,0.1592184515847142,0.15921845158469333,0.1592184515847142,0.15921845158474643,0.15921845158476386,0.1592184515847338,0.1592184515847142,0.1592184515847338,0.15921845158476386,0.15921845158479128,0.15921845158476386,0.15921845158474643,0.15921845158476386,0.15921845158479128,0.15776544636292505,0.15776544636284315,0.1577654463627898,0.15776544636284315,0.15776544636292505,0.15776544636284315,0.15776544636274906,0.1577654463626861,0.15776544636274906,0.15776544636284315,0.1577654463627898,0.1577654463626861,0.15776544636261483,0.1577654463626861,0.1577654463627898,0.15776544636284315,0.15776544636274906,0.1577654463626861,0.15776544636274906,0.15776544636284315,0.15776544636292505,0.15776544636284315,0.1577654463627898,0.15776544636284315,0.15776544636292505,0.15634146267875476,0.15634146267851515,0.15634146267835392,0.15634146267851515,0.15634146267875476,0.15634146267851515,0.15634146267822366,0.15634146267801724,0.15634146267822366,0.15634146267851515,0.15634146267835392,0.15634146267801724,0.1563414626777745,0.15634146267801724,0.15634146267835392,0.15634146267851515,0.15634146267822366,0.15634146267801724,0.15634146267822366,0.15634146267851515,0.15634146267875476,0.15634146267851515,0.15634146267835392,0.15634146267851515,0.15634146267875476,0.15494591473266048,0.1549459147319844,0.15494591473150734,0.1549459147319844,0.15494591473266048,0.1549459147319844,0.1549459147310958,0.15494591473042119,0.1549459147310958,0.1549459147319844,0.15494591473150734,0.15494591473042119,0.15494591472954836,0.15494591473042119,0.15494591473150734,0.1549459147319844,0.1549459147310958,0.15494591473042119,0.1549459147310958,0.1549459147319844,0.15494591473266048,0.1549459147319844,0.15494591473150734,0.1549459147319844,0.15494591473266048,0.15357822076628191,0.15357822076447478,0.15357822076309918,0.15357822076447478,0.15357822076628191,0.15357822076447478,0.15357822076184394,0.15357822075958064,0.15357822076184394,0.15357822076447478,0.15357822076309918,0.15357822075958064,0.15357822075617772,0.15357822075958064,0.15357822076309918,0.15357822076447478,0.15357822076184394,0.15357822075958064,0.15357822076184394,0.15357822076447478,0.15357822076628191,0.15357822076447478,0.15357822076309918,0.15357822076447478,0.15357822076628191,0.1522378039244905,0.1522378039200671,0.15223780391629468,0.1522378039200671,0.1522378039244905,0.1522378039200671,0.15223780391266478,0.15223780390495753,0.15223780391266478,0.1522378039200671,0.15223780391629468,0.15223780390495753,0.15223780389019081,0.15223780390495753,0.15223780391629468,0.1522378039200671,0.15223780391266478,0.15223780390495753,0.15223780391266478,0.1522378039200671,0.1522378039244905,0.1522378039200671,0.15223780391629468,0.1522378039200671,0.1522378039244905,0.15092409301835572,0.1509240930091027,0.15092409299982978,0.1509240930091027,0.15092409301835572,0.1509240930091027,0.15092409299045562,0.15092409296486942,0.15092409299045562,0.1509240930091027,0.15092409299982978,0.15092409296486942,0.15092409289241004,0.15092409296486942,0.15092409299982978,0.1509240930091027,0.15092409299045562,0.15092409296486942,0.15092409299045562,0.1509240930091027,0.15092409301835572,0.1509240930091027,0.15092409299982978,0.1509240930091027,0.15092409301835572,0.14963652319628604,0.1496365231822912,0.14963652316509762,0.1496365231822912,0.14963652319628604,0.1496365231822912,0.14963652314722786,0.14963652307573433,0.14963652314722786,0.1496365231822912,0.14963652316509762,0.14963652307573433,0.14963652267398647,0.14963652307573433,0.14963652316509762,0.1496365231822912,0.14963652314722786,0.14963652307573433,0.14963652314722786,0.1496365231822912,0.14963652319628604,0.1496365231822912,0.14963652316509762,0.1496365231822912,0.14963652319628604,0.14837453652476046,0.14837453651657814,0.14837453650863733,0.14837453651657814,0.14837453652476046,0.14837453651657814,0.14837453650064755,0.1483745364805515,0.14837453650064755,0.14837453651657814,0.14837453650863733,0.1483745364805515,0.1483745364369471,0.1483745364805515,0.14837453650863733,0.14837453651657814,0.14837453650064755,0.1483745364805515,0.14837453650064755,0.14837453651657814,0.14837453652476046,0.14837453651657814,0.14837453650863733,0.14837453651657814,0.14837453652476046,0.14713758247500208,0.14713758247200961,0.14713758246984115,0.14713758247200961,0.14713758247500208,0.14713758247200961,0.14713758246785857,0.1471375824657312,0.14713758246785857,0.14713758247200961,0.14713758246984115,0.1471375824657312,0.14713758247499134,0.1471375824657312,0.14713758246984115,0.14713758247200961,0.14713758246785857,0.1471375824657312,0.14713758246785857,0.14713758247200961,0.14713758247500208,0.14713758247200961,0.14713758246984115,0.14713758247200961,0.14713758247500208,0.14592511838362807,0.14592511838314748,0.14592511838315333,0.14592511838314748,0.14592511838362807,0.14592511838314748,0.1459251183833081,0.14592511838537756,0.1459251183833081,0.14592511838314748,0.14592511838315333,0.14592511838537756,0.14592511839927227,0.14592511838537756,0.14592511838315333,0.14592511838314748,0.1459251183833081,0.14592511838537756,0.1459251183833081,0.14592511838314748,0.14592511838362807,0.14592511838314748,0.14592511838315333,0.14592511838314748,0.14592511838362807,0.14473660983037062,0.14473660983077244,0.14473660983136327,0.14473660983077244,0.14473660983037062,0.14473660983077244,0.1447366098320245,0.14473660983448947,0.1447366098320245,0.14473660983077244,0.14473660983136327,0.14473660983448947,0.1447366098457626,0.14473660983448947,0.14473660983136327,0.14473660983077244,0.1447366098320245,0.14473660983448947,0.1447366098320245,0.14473660983077244,0.14473660983037062,0.14473660983077244,0.14473660983136327,0.14473660983077244,0.14473660983037062,0.14357153095074773,0.14357153095138442,0.14357153095204836,0.14357153095138442,0.14357153095074773,0.14357153095138442,0.14357153095272562,0.14357153095478511,0.14357153095272562,0.14357153095138442,0.14357153095204836,0.14357153095478511,0.14357153096297476,0.14357153095478511,0.14357153095204836,0.14357153095138442,0.14357153095272562,0.14357153095478511,0.14357153095272562,0.14357153095138442,0.14357153095074773,0.14357153095138442,0.14357153095204836,0.14357153095138442,0.14357153095074773,0.14242936469545253,0.14242936469623005,0.14242936469692621,0.14242936469623005,0.14242936469545253,0.14242936469623005,0.14242936469759188,0.14242936469936618,0.14242936469759188,0.14242936469623005,0.14242936469692621,0.14242936469936618,0.14242936470564446,0.14242936469936618,0.14242936469692621,0.14242936469623005,0.14242936469759188,0.14242936469936618,0.14242936469759188,0.14242936469623005,0.14242936469545253,0.14242936469623005,0.14242936469692621,0.14242936469623005,0.14242936469545253,0.14130960304210544,0.14130960304331014,0.14130960304427984,0.14130960304331014,0.14130960304210544,0.14130960304331014,0.14130960304516432,0.1413096030471815,0.14130960304516432,0.14130960304331014,0.14130960304427984,0.1413096030471815,0.14130960305322018,0.1413096030471815,0.14130960304427984,0.14130960304331014,0.14130960304516432,0.1413096030471815,0.14130960304516432,0.14130960304331014,0.14130960304210544,0.14130960304331014,0.14130960304427984,0.14130960304331014,0.14130960304210544,0.14021174716338156,0.14021174716583631,0.1402117471677615,0.14021174716583631,0.14021174716338156,0.14021174716583631,0.14021174716952528,0.14021174717305865,0.14021174716952528,0.14021174716583631,0.1402117471677615,0.14021174717305865,0.14021174718100488,0.14021174717305865,0.1402117471677615,0.14021174716583631,0.14021174716952528,0.14021174717305865,0.14021174716952528,0.14021174716583631,0.14021174716338156,0.14021174716583631,0.1402117471677615,0.14021174716583631,0.14021174716338156,0.13913530755502276,0.1391353075605521,0.1391353075652145,0.1391353075605521,0.13913530755502276,0.1391353075605521,0.13913530756968545,0.13913530757898146,0.13913530756968545,0.1391353075605521,0.1391353075652145,0.13913530757898146,0.13913530759659942,0.13913530757898146,0.1391353075652145,0.1391353075605521,0.13913530756968545,0.13913530757898146,0.13913530756968545,0.1391353075605521,0.13913530755502276,0.1391353075605521,0.1391353075652145,0.1391353075605521,0.13913530755502276,0.13807980412695584,0.13807980413848486,0.1380798041498691,0.13807980413848486,0.13807980412695584,0.13807980413848486,0.13807980416133425,0.13807980419202467,0.13807980416133425,0.13807980413848486,0.1380798041498691,0.13807980419202467,0.13807980427696848,0.13807980419202467,0.1380798041498691,0.13807980413848486,0.13807980416133425,0.13807980419202467,0.13807980416133425,0.13807980413848486,0.13807980412695584,0.13807980413848486,0.1380798041498691,0.13807980413848486,0.13807980412695584,0.1370447662618205,0.13704476627979437,0.13704476630141368,0.13704476627979437,0.1370447662618205,0.13704476627979437,0.13704476632378973,0.13704476641153188,0.13704476632378973,0.13704476627979437,0.13704476630141368,0.13704476641153188,0.13704476689624365,0.13704476641153188,0.13704476630141368,0.13704476627979437,0.13704476632378973,0.13704476641153188,0.13704476632378973,0.13704476627979437,0.1370447662618205,0.13704476627979437,0.13704476630141368,0.13704476627979437,0.1370447662618205,0.13602973285176875,0.1360297328642108,0.13602973287634954,0.1360297328642108,0.13602973285176875,0.1360297328642108,0.1360297328885096,0.13602973292089357,0.13602973288850975,0.1360297328642108,0.13602973287634954,0.13602973292089357,0.13602973301054794,0.13602973292089357,0.13602973287634954,0.1360297328642108,0.13602973288850975,0.13602973292089357,0.1360297328885096,0.1360297328642108,0.13602973285176875,0.1360297328642108,0.13602973287634954,0.1360297328642108,0.13602973285176875,0.13503425232975916,0.13503425233752886,0.13503425234393207,0.13503425233752886,0.13503425232975916,0.13503425233752886,0.13503425235000158,0.13503425236234254,0.13503425235000158,0.13503425233752886,0.13503425234393207,0.13503425236234254,0.13503425238474545,0.13503425236234254,0.13503425234393207,0.13503425233752886,0.13503425235000158,0.13503425236234254,0.13503425235000158,0.13503425233752886,0.13503425232975916,0.13503425233752886,0.13503425234393207,0.13503425233752886,0.13503425232975916
0.1653324876134807,0.1653324876134802,0.16533248761348,0.1653324876134802,0.1653324876134807,0.1653324876134802,0.16533248761348,0.16533248761347974,0.16533248761348,0.1653324876134802,0.16533248761348,0.16533248761347974,0.16533248761347952,0.16533248761347974,0.16533248761348,0.1653324876134802,0.16533248761348,0.16533248761347974,0.16533248761348,0.16533248761348043,0.1653324876134807,0.1653324876134802,0.16533248761348,0.16533248761348043,0.1653324876134807,0.1637574938981472,0.16375749389814603,0.16375749389814556,0.16375749389814603,0.1637574938981472,0.16375749389814603,0.1637574938981451,0.1637574938981444,0.1637574938981451,0.16375749389814603,0.16375749389814556,0.1637574938981444,0.16375749389814392,0.1637574938981444,0.16375749389814556,0.16375749389814603,0.1637574938981451,0.1637574938981444,0.1637574938981451,0.16375749389814603,0.1637574938981472,0.16375749389814603,0.16375749389814556,0.16375749389814603,0.1637574938981472,0.16221388411467852,0.16221388411467558,0.16221388411467377,0.16221388411467558,0.16221388411467852,0.16221388411467558,0.1622138841146724,0.16221388411467058,0.1622138841146724,0.16221388411467558,0.16221388411467377,0.16221388411467058,0.16221388411466856,0.16221388411467058,0.16221388411467377,0.16221388411467558,0.1622138841146724,0.16221388411467058,0.1622138841146724,0.16221388411467558,0.16221388411467852,0.16221388411467558,0.16221388411467377,0.16221388411467558,0.16221388411467852,0.16070106722011976,0.16070106722011088,0.1607010672201053,0.16070106722011088,0.16070106722011976,0.16070106722011088,0.1607010672201013,0.1607010672200953,0.1607010672201013,0.16070106722011088,0.1607010672201053,0.1607010672200953,0.16070106722008912,0.1607010672200953,0.1607010672201053,0.16070106722011088,0.1607010672201013,0.1607010672200953,0.1607010672201013,0.16070106722011088,0.16070106722011976,0.16070106722011088,0.1607010672201053,0.16070106722011088,0.16070106722011976,0.15921845158946174,0.15921845158943496,0.15921845158941778,0.15921845158943496,0.15921845158946174,0.15921845158943496,0.15921845158940537,0.15921845158938622,0.15921845158940537,0.15921845158943496,0.15921845158941778,0.15921845158938622,0.15921845158936554,0.15921845158938622,0.15921845158941778,0.15921845158943496,0.15921845158940537,0.15921845158938622,0.15921845158940537,0.15921845158943496,0.15921845158946174,0.15921845158943496,0.15921845158941778,0.15921845158943496,0.15921845158946174,0.1577654463675095,0.15776544636742884,0.15776544636737658,0.15776544636742884,0.1577654463675095,0.15776544636742884,0.15776544636733666,0.1577654463672748,0.15776544636733666,0.15776544636742884,0.15776544636737658,0.1577654463672748,0.15776544636720502,0.1577654463672748,0.15776544636737658,0.15776544636742884,0.15776544636733666,0.1577654463672748,0.15776544636733666,0.15776544636742884,0.1577654463675095,0.15776544636742884,0.15776544636737658,0.15776544636742884,0.1577654463675095,0.1563414626832535,0.15634146268301785,0.15634146268285953,0.15634146268301785,0.1563414626832535,0.15634146268301785,0.15634146268273177,0.15634146268252894,0.15634146268273177,0.15634146268301785,0.15634146268285953,0.15634146268252894,0.15634146268229032,0.15634146268252894,0.15634146268285953,0.15634146268301785,0.15634146268273177,0.15634146268252894,0.15634146268273177,0.15634146268301785,0.1563414626832535,0.15634146268301785,0.15634146268285953,0.15634146268301785,0.1563414626832535,0.15494591473706773,0.15494591473640335,0.15494591473593466,0.15494591473640335,0.15494591473706773,0.15494591473640335,0.15494591473553032,0.1549459147348676,0.15494591473553032,0.15494591473640335,0.15494591473593466,0.1549459147348676,0.15494591473401034,0.1549459147348676,0.15494591473593466,0.15494591473640335,0.15494591473553032,0.1549459147348676,0.15494591473553032,0.15494591473640335,0.15494591473706773,0.15494591473640335,0.15494591473593466,0.15494591473640335,0.15494591473706792,0.15357822077057678,0.1535782207688005,0.15357822076744884,0.1535782207688005,0.15357822077057678,0.1535782207688005,0.15357822076621547,0.15357822076399194,0.15357822076621547,0.1535782207688005,0.15357822076744884,0.15357822076399194,0.15357822076064973,0.15357822076399194,0.15357822076744884,0.1535782207688005,0.15357822076621547,0.15357822076399194,0.15357822076621547,0.1535782207688005,0.15357822077057678,0.1535782207688005,0.15357822076744884,0.1535782207688005,0.15357822077057678,0.15223780392861133,0.15223780392426275,0.15223780392055508,0.15223780392426275,0.15223780392861133,0.15223780392426275,0.15223780391698816,0.1522378039094167,0.15223780391698816,0.15223780392426275,0.15223780392055508,0.1522378039094167,0.15223780389491556,0.15223780390941652,0.15223780392055508,0.15223780392426275,0.15223780391698816,0.15223780390941652,0.15223780391698816,0.15223780392426275,0.15223780392861133,0.15223780392426275,0.15223780392055508,0.15223780392426275,0.15223780392861133,0.1509240930221489,0.1509240930130481,0.15092409300393222,0.1509240930130481,0.1509240930221489,0.1509240930130481,0.15092409299471798,0.15092409296958206,0.15092409299471798,0.1509240930130481,0.15092409300393222,0.15092409296958206,0.15092409289843686,0.15092409296958206,0.15092409300393222,0.1509240930130481,0.15092409299471798,0.15092409296958206,0.15092409299471798,0.1509240930130481,0.1509240930221489,0.1509240930130481,0.15092409300393222,0.1509240930130481,0.1509240930221489,0.14963652319943485,0.14963652318565313,0.14963652316873693,0.14963652318565313,0.14963652319943485,0.14963652318565313,0.1496365231511576,0.14963652308090106,0.1496365231511576,0.14963652318565313,0.14963652316873693,0.14963652308090106,0.14963652268647662,0.14963652308090106,0.14963652316873693,0.14963652318565313,0.1496365231511576,0.14963652308090106,0.1496365231511576,0.14963652318565313,0.14963652319943485,0.14963652318565313,0.14963652316873693,0.14963652318565313,0.14963652319943485,0.14837453652681687,0.148374536518697,0.14837453651080254,0.148374536518697,0.14837453652681687,0.148374536518697,0.14837453650285726,0.1483745364827614,0.14837453650285726,0.148374536518697,0.14837453651080254,0.1483745364827614,0.14837453643810744,0.1483745364827614,0.14837453651080254,0.148374536518697,0.14837453650285726,0.1483745364827614,0.14837453650285726,0.148374536518697,0.14837453652681687,0.148374536518697,0.14837453651080254,0.148374536518697,0.14837453652681687,0.1471375824758226,0.14713758247279238,0.14713758247056272,0.14713758247279238,0.1471375824758226,0.14713758247279238,0.14713758246851327,0.14713758246608505,0.14713758246851327,0.14713758247279238,0.14713758247056272,0.14713758246608505,0.14713758247368122,0.14713758246608505,0.14713758247056272,0.14713758247279238,0.14713758246851327,0.14713758246608505,0.14713758246851327,0.14713758247279238,0.1471375824758226,0.14713758247279238,0.14713758247056272,0.14713758247279238,0.1471375824758226,0.1459251183832746,0.1459251183827324,0.14592511838266525,0.1459251183827324,0.1459251183832746,0.1459251183827324,0.14592511838274327,0.1459251183845481,0.14592511838274327,0.1459251183827324,0.14592511838266525,0.1459251183845481,0.1459251183972676,0.1459251183845481,0.14592511838266525,0.1459251183827324,0.14592511838274327,0.1459251183845481,0.14592511838274327,0.1459251183827324,0.1459251183832746,0.1459251183827324,0.14592511838266525,0.1459251183827324,0.1459251183832746,0.14473660982895326,0.14473660982930864,0.14473660982985012,0.14473660982930864,0.14473660982895326,0.14473660982930864,0.14473660983046086,0.14473660983276912,0.14473660983046086,0.14473660982930864,0.14473660982985012,0.14473660983276912,0.1447366098433957,0.14473660983276912,0.14473660982985012,0.14473660982930864,0.14473660983046086,0.14473660983276912,0.14473660983046086,0.14473660982930864,0.14473660982895326,0.14473660982930864,0.14473660982985012,0.14473660982930864,0.14473660982895326,0.14357153094834615,0.14357153094896213,0.14357153094960673,0.14357153094896213,0.14357153094834615,0.14357153094896213,0.14357153095026517,0.14357153095227537,0.14357153095026517,0.14357153094896213,0.14357153094960673,0.14357153095227537,0.14357153096029632,0.14357153095227537,0.14357153094960673,0.14357153094896213,0.14357153095026517,0.14357153095227537,0.14357153095026517,0.14357153094896213,0.14357153094834615,0.14357153094896213,0.14357153094960673,0.14357153094896213,0.14357153094834615,0.1424293646920936,0.14242936469287132,0.14242936469357134,0.14242936469287132,0.1424293646920936,0.14242936469287132,0.14242936469424236,0.14242936469604583,0.14242936469424236,0.14242936469287132,0.14242936469357134,0.14242936469604583,0.14242936470252007,0.14242936469604583,0.14242936469357134,0.14242936469287132,0.14242936469424236,0.14242936469604583,0.14242936469424236,0.14242936469287132,0.1424293646920936,0.14242936469287132,0.14242936469357134,0.14242936469287132,0.1424293646920936,0.14130960303777274,0.14130960303898518,0.1413096030399685,0.14130960303898518,0.14130960303777274,0.14130960303898518,0.14130960304086865,0.14130960304295276,0.14130960304086865,0.14130960303898518,0.1413096030399685,0.14130960304295276,0.14130960304931806,0.14130960304295276,0.1413096030399685,0.14130960303898518,0.14130960304086865,0.14130960304295276,0.14130960304086865,0.14130960303898518,0.14130960303777274,0.14130960303898518,0.1413096030399685,0.14130960303898518,0.14130960303777274,0.14021174715804166,0.14021174716049076,0.14021174716241952,0.14021174716049076,0.14021174715804166,0.14021174716049076,0.14021174716418944,0.14021174716777537,0.14021174716418944,0.14021174716049076,0.14021174716241952,0.14021174716777537,0.1402117471760894,0.14021174716777537,0.14021174716241952,0.14021174716049076,0.14021174716418944,0.14021174716777537,0.14021174716418944,0.14021174716049076,0.14021174715804166,0.14021174716049076,0.14021174716241952,0.14021174716049076,0.14021174715804166,0.1391353075486681,0.13913530755414777,0.13913530755876938,0.13913530755414777,0.1391353075486681,0.13913530755414777,0.1391353075632019,0.13913530757242332,0.1391353075632019,0.13913530755414777,0.13913530755876938,0.13913530757242332,0.13913530758992154,0.13913530757242332,0.13913530755876938,0.13913530755414777,0.1391353075632019,0.13913530757242332,0.1391353075632019,0.13913530755414777,0.1391353075486681,0.13913530755414777,0.13913530755876938,0.13913530755414777,0.1391353075486681,0.13807980411966983,0.1380798041310734,0.13807980414233284,0.1380798041310734,0.13807980411966983,0.1380798041310734,0.13807980415367194,0.13807980418402205,0.13807980415367194,0.1380798041310734,0.13807980414233284,0.13807980418402205,0.13807980426801467,0.13807980418402205,0.13807980414233284,0.1380798041310734,0.13807980415367194,0.13807980418402205,0.13807980415367194,0.1380798041310734,0.13807980411966983,0.1380798041310734,0.13807980414233284,0.1380798041310734,0.13807980411966983,0.13704476625384218,0.1370447662716137,0.13704476629298856,0.1370447662716137,0.13704476625384218,0.1370447662716137,0.13704476631511095,0.13704476640185634,0.13704476631511114,0.1370447662716137,0.13704476629298856,0.13704476640185634,0.13704476688105668,0.13704476640185634,0.13704476629298856,0.1370447662716137,0.13704476631511114,0.13704476640185634,0.13704476631511114,0.1370447662716137,0.13704476625384218,0.1370447662716137,0.13704476629298856,0.1370447662716137,0.13704476625384218,0.1360297328434989,0.13602973285580003,0.13602973286780115,0.13602973285580003,0.1360297328434989,0.13602973285580003,0.13602973287982328,0.1360297329118391,0.13602973287982328,0.13602973285580003,0.13602973286780115,0.1360297329118391,0.1360297330004728,0.1360297329118391,0.13602973286780115,0.13602973285580003,0.13602973287982328,0.1360297329118391,0.13602973287982328,0.13602973285580003,0.1360297328434989,0.13602973285580003,0.13602973286780115,0.13602973285580003,0.1360297328434989,0.13503425232147578,0.13503425232915725,0.1350342523354878,0.13503425232915725,0.13503425232147578,0.13503425232915725,0.13503425234148841,0.13503425235368915,0.13503425234148841,0.13503425232915725,0.1350342523354878,0.13503425235368915,0.13503425237583702,0.13503425235368915,0.1350342523354878,0.13503425232915725,0.13503425234148841,0.13503425235368915,0.13503425234148841,0.13503425232915725,0.13503425232147578,0.13503425232915725,0.1350342523354878,0.13503425232915725,0.13503425232147578
0.1653324876187746,0.16533248761877412,0.1653324876187739,0.16533248761877412,0.1653324876187746,0.16533248761877412,0.1653324876187739,0.16533248761877367,0.1653324876187739,0.16533248761877412,0.1653324876187739,0.16533248761877367,0.16533248761877342,0.16533248761877367,0.1653324876187739,0.16533248761877412,0.1653324876187739,0.16533248761877367,0.1653324876187739,0.16533248761877412,0.1653324876187746,0.16533248761877412,0.1653324876187739,0.16533248761877412,0.1653324876187746,0.16375749390333752,0.1637574939033366,0.1637574939033359,0.1637574939033366,0.16375749390333752,0.1637574939033366,0.16375749390333544,0.163757493903335,0.16375749390333544,0.1637574939033366,0.1637574939033359,0.163757493903335,0.16375749390333427,0.163757493903335,0.1637574939033359,0.1637574939033366,0.16375749390333544,0.163757493903335,0.16375749390333544,0.1637574939033366,0.16375749390333752,0.1637574939033366,0.1637574939033359,0.1637574939033366,0.16375749390333752,0.16221388411976878,0.16221388411976584,0.16221388411976403,0.16221388411976584,0.16221388411976878,0.16221388411976584,0.1622138841197629,0.1622138841197611,0.1622138841197629,0.16221388411976584,0.16221388411976403,0.1622138841197611,0.162213884119759,0.1622138841197611,0.16221388411976403,0.16221388411976584,0.1622138841197629,0.1622138841197611,0.1622138841197629,0.16221388411976584,0.16221388411976878,0.16221388411976584,0.16221388411976403,0.16221388411976584,0.16221388411976878,0.1607010672251133,0.16070106722510466,0.1607010672250991,0.16070106722510466,0.1607010672251133,0.16070106722510466,0.1607010672250953,0.16070106722508953,0.1607010672250953,0.16070106722510466,0.1607010672250991,0.16070106722508953,0.16070106722508332,0.16070106722508953,0.1607010672250991,0.16070106722510466,0.1607010672250953,0.16070106722508953,0.1607010672250953,0.16070106722510466,0.1607010672251133,0.16070106722510466,0.1607010672250991,0.16070106722510466,0.1607010672251133,0.15921845159436188,0.15921845159433556,0.15921845159431858,0.15921845159433556,0.15921845159436188,0.15921845159433556,0.1592184515943064,0.15921845159428766,0.1592184515943064,0.15921845159433556,0.15921845159431858,0.15921845159428766,0.15921845159426742,0.15921845159428766,0.15921845159431858,0.15921845159433556,0.1592184515943064,0.15921845159428766,0.1592184515943064,0.15921845159433556,0.15921845159436188,0.15921845159433556,0.15921845159431858,0.15921845159433556,0.15921845159436188,0.1577654463723184,0.15776544637223944,0.157765446372188,0.15776544637223944,0.1577654463723184,0.15776544637223944,0.15776544637214898,0.1577654463720884,0.15776544637214898,0.15776544637223944,0.157765446372188,0.1577654463720884,0.1577654463720201,0.1577654463720884,0.157765446372188,0.15776544637223944,0.15776544637214898,0.1577654463720884,0.15776544637214898,0.15776544637223944,0.1577654463723184,0.15776544637223944,0.157765446372188,0.15776544637223944,0.1577654463723184,0.15634146268797156,0.15634146268774052,0.15634146268758514,0.15634146268774052,0.15634146268797156,0.15634146268774052,0.15634146268745988,0.15634146268726104,0.15634146268745988,0.15634146268774052,0.15634146268758514,0.15634146268726104,0.15634146268702703,0.15634146268726104,0.15634146268758514,0.15634146268774052,0.15634146268745988,0.15634146268726104,0.15634146268745988,0.15634146268774052,0.15634146268797156,0.15634146268774052,0.15634146268758514,0.15634146268774052,0.15634146268797156,0.15494591474168937,0.15494591474103725,0.15494591474057742,0.15494591474103725,0.15494591474168937,0.15494591474103725,0.15494591474018085,0.15494591473953062,0.15494591474018085,0.15494591474103725,0.15494591474057742,0.15494591473953062,0.1549459147386898,0.15494591473953062,0.15494591474057742,0.15494591474103725,0.15494591474018085,0.15494591473953062,0.15494591474018085,0.15494591474103725,0.15494591474168937,0.15494591474103725,0.15494591474057742,0.15494591474103725,0.15494591474168937,0.15357822077507888,0.15357822077333555,0.15357822077200897,0.15357822077333555,0.15357822077507888,0.15357822077333555,0.1535782207707991,0.15357822076861796,0.1535782207707991,0.15357822077333555,0.15357822077200897,0.15357822076861796,0.1535782207653404,0.15357822076861796,0.1535782207720092,0.15357822077333555,0.1535782207707991,0.15357822076861796,0.1535782207707991,0.15357822077333555,0.15357822077507888,0.15357822077333555,0.1535782207720092,0.15357822077333555,0.15357822077507888,0.1522378039329282,0.15223780392865915,0.15223780392502057,0.15223780392865915,0.1522378039329282,0.15223780392865915,0.15223780392152056,0.15223780391409364,0.15223780392152056,0.15223780392865915,0.15223780392502057,0.15223780391409364,0.1522378038998755,0.15223780391409364,0.15223780392502057,0.15223780392865915,0.15223780392152056,0.15223780391409364,0.15223780392152056,0.15223780392865915,0.1522378039329282,0.15223780392865915,0.15223780392502057,0.15223780392865915,0.1522378039329282,0.15092409302611687,0.1509240930171781,0.15092409300822934,0.1509240930171781,0.15092409302611687,0.1509240930171781,0.15092409299918524,0.15092409297452894,0.15092409299918524,0.1509240930171781,0.15092409300822934,0.15092409297452894,0.15092409290478334,0.15092409297452894,0.15092409300822934,0.1509240930171781,0.15092409299918524,0.15092409297452894,0.15092409299918524,0.1509240930171781,0.15092409302611687,0.1509240930171781,0.15092409300822934,0.1509240930171781,0.15092409302611687,0.14963652320271678,0.14963652318916176,0.14963652317254053,0.14963652318916176,0.14963652320271678,0.14963652318916176,0.14963652315527018,0.14963652308633119,0.14963652315527018,0.14963652318916176,0.14963652317254053,0.14963652308633119,0.1496365226997219,0.14963652308633119,0.14963652317254053,0.14963652318916176,0.14963652315527018,0.14963652308633119,0.14963652315527018,0.14963652318916176,0.14963652320271678,0.14963652318916176,0.14963652317254053,0.14963652318916176,0.14963652320271678,0.1483745365289365,0.14837453652088242,0.14837453651303614,0.14837453652088242,0.1483745365289365,0.14837453652088242,0.14837453650513754,0.14837453648503907,0.14837453650513754,0.14837453652088242,0.14837453651303614,0.14837453648503907,0.14837453643924609,0.14837453648503907,0.14837453651303614,0.14837453652088242,0.14837453650513754,0.14837453648503907,0.14837453650513754,0.14837453652088242,0.1483745365289365,0.14837453652088242,0.14837453651303614,0.14837453652088242,0.1483745365289365,0.14713758247662914,0.14713758247355696,0.14713758247126046,0.14713758247355696,0.14713758247662914,0.14713758247355696,0.14713758246913797,0.1471375824663848,0.14713758246913797,0.14713758247355696,0.14713758247126046,0.1471375824663848,0.14713758247220143,0.1471375824663848,0.14713758247126046,0.14713758247355696,0.14713758246913797,0.1471375824663848,0.14713758246913797,0.14713758247355696,0.14713758247662914,0.14713758247355696,0.14713758247126046,0.14713758247355696,0.14713758247662914,0.1459251183828371,0.14592511838222688,0.1459251183820796,0.14592511838222688,0.1459251183828371,0.14592511838222688,0.14592511838207375,0.14592511838358943,0.14592511838207375,0.14592511838222688,0.1459251183820796,0.14592511838358943,0.14592511839506264,0.14592511838358943,0.1459251183820796,0.14592511838222688,0.14592511838207375,0.14592511838358943,0.14592511838207375,0.14592511838222688,0.1459251183828371,0.14592511838222688,0.1459251183820796,0.14592511838222688,0.1459251183828371,0.14473660982739436,0.14473660982769704,0.14473660982818298,0.14473660982769704,0.14473660982739436,0.14473660982769704,0.14473660982873648,0.14473660983086845,0.14473660982873648,0.14473660982769704,0.14473660982818298,0.14473660983086845,0.1447366098407937,0.14473660983086845,0.14473660982818298,0.14473660982769704,0.14473660982873648,0.14473660983086845,0.14473660982873648,0.14473660982769704,0.14473660982739436,0.14473660982769704,0.14473660982818298,0.14473660982769704,0.14473660982739436,0.14357153094575772,0.14357153094634753,0.14357153094696748,0.14357153094634753,0.14357153094575772,0.14357153094634753,0.1435715309476016,0.143571530949547,0.1435715309476016,0.14357153094634753,0.14357153094696748,0.143571530949547,0.14357153095732067,0.143571530949547,0.14357153094696748,0.14357153094634753,0.1435715309476016,0.143571530949547,0.1435715309476016,0.14357153094634753,0.14357153094575772,0.14357153094634753,0.14357153094696748,0.14357153094634753,0.14357153094575772,0.14242936468851278,0.14242936468928577,0.1424293646899855,0.14242936468928577,0.14242936468851278,0.14242936468928577,0.14242936469065717,0.14242936469247677,0.14242936469065717,0.14242936468928577,0.1424293646899855,0.14242936469247677,0.14242936469906892,0.14242936469247677,0.1424293646899855,0.14242936468928577,0.14242936469065717,0.14242936469247677,0.14242936469065717,0.14242936468928577,0.14242936468851278,0.14242936468928577,0.1424293646899855,0.14242936468928577,0.14242936468851278,0.1413096030331917,0.1413096030344078,0.14130960303540097,0.1413096030344078,0.1413096030331917,0.1413096030344078,0.14130960303631296,0.14130960303845183,0.14130960303631296,0.1413096030344078,0.14130960303540097,0.14130960303845183,0.14130960304510282,0.14130960303845183,0.14130960303540097,0.1413096030344078,0.14130960303631296,0.14130960303845183,0.14130960303631296,0.1413096030344078,0.1413096030331917,0.1413096030344078,0.14130960303540097,0.1413096030344078,0.1413096030331917,0.14021174715243456,0.14021174715487497,0.14021174715680407,0.14021174715487497,0.14021174715243456,0.14021174715487497,0.140211747158577,0.14021174716220539,0.140211747158577,0.14021174715487497,0.14021174715680407,0.14021174716220539,0.1402117471708308,0.14021174716220539,0.14021174715680407,0.14021174715487497,0.140211747158577,0.14021174716220539,0.140211747158577,0.14021174715487497,0.14021174715243456,0.14021174715487497,0.14021174715680407,0.14021174715487497,0.14021174715243456,0.13913530754203357,0.13913530754746123,0.13913530755204032,0.13913530754746123,0.13913530754203357,0.13913530754746123,0.1391353075564325,0.13913530756557518,0.1391353075564325,0.13913530754746123,0.13913530755204032,0.13913530756557518,0.1391353075829436,0.13913530756557518,0.13913530755204032,0.13913530754746123,0.1391353075564325,0.13913530756557518,0.1391353075564325,0.13913530754746123,0.13913530754203357,0.13913530754746123,0.13913530755204032,0.13913530754746123,0.13913530754203357,0.13807980411209528,0.13807980412337142,0.13807980413450416,0.13807980412337142,0.13807980411209528,0.13807980412337142,0.13807980414571552,0.13807980417572055,0.13807980414571552,0.13807980412337142,0.13807980413450416,0.13807980417572055,0.13807980425874986,0.13807980417572055,0.13807980413450416,0.13807980412337142,0.13807980414571552,0.13807980417572055,0.13807980414571552,0.13807980412337142,0.13807980411209528,0.13807980412337142,0.13807980413450416,0.13807980412337142,0.13807980411209528,0.1370447662455709,0.13704476626313764,0.13704476628426512,0.13704476626313764,0.1370447662455709,0.13704476626313764,0.13704476630613135,0.13704476639186855,0.13704476630613135,0.13704476626313764,0.13704476628426512,0.13704476639186855,0.1370447668654852,0.13704476639186855,0.13704476628426512,0.13704476626313764,0.13704476630613135,0.13704476639186855,0.13704476630613135,0.13704476626313764,0.1370447662455709,0.13704476626313764,0.13704476628426512,0.13704476626313764,0.1370447662455709,0.13602973283493644,0.13602973284709505,0.13602973285895703,0.13602973284709505,0.13602973283493644,0.13602973284709505,0.13602973287083947,0.13602973290248296,0.13602973287083947,0.13602973284709505,0.13602973285895703,0.13602973290248296,0.13602973299008517,0.13602973290248296,0.13602973285895703,0.13602973284709505,0.13602973287083947,0.13602973290248296,0.13602973287083947,0.13602973284709505,0.13602973283493644,0.13602973284709505,0.13602973285895703,0.13602973284709505,0.13602973283493644,0.13503425231290325,0.13503425232049568,0.13503425232675265,0.13503425232049568,0.13503425231290325,0.13503425232049568,0.1350342523326835,0.13503425234474237,0.1350342523326835,0.13503425232049568,0.13503425232675265,0.13503425234474237,0.13503425236663258,0.13503425234474237,0.13503425232675265,0.13503425232049568,0.1350342523326835,0.13503425234474237,0.1350342523326835,0.13503425232049568,0.13503425231290325,0.13503425232049568,0.13503425232675265,0.13503425232049568,0.13503425231290325
0.16533248762431277,0.16533248762431252,0.16533248762431227,0.16533248762431252,0.16533248762431277,0.16533248762431252,0.16533248762431205,0.16533248762431182,0.16533248762431205,0.16533248762431252,0.16533248762431227,0.16533248762431182,0.16533248762431157,0.16533248762431182,0.16533248762431227,0.16533248762431252,0.16533248762431205,0.16533248762431182,0.16533248762431205,0.16533248762431252,0.16533248762431277,0.16533248762431252,0.16533248762431227,0.16533248762431252,0.16533248762431277,0.16375749390876726,0.16375749390876634,0.16375749390876562,0.16375749390876634,0.16375749390876726,0.16375749390876634,0.1637574939087654,0.1637574939087647,0.1637574939087654,0.16375749390876634,0.16375749390876562,0.1637574939087647,0.16375749390876423,0.1637574939087647,0.16375749390876562,0.16375749390876634,0.1637574939087654,0.1637574939087647,0.1637574939087654,0.16375749390876634,0.16375749390876726,0.16375749390876634,0.16375749390876562,0.16375749390876634,0.16375749390876726,0.16221388412509366,0.16221388412509094,0.1622138841250891,0.16221388412509094,0.16221388412509366,0.16221388412509094,0.16221388412508797,0.16221388412508617,0.16221388412508797,0.16221388412509094,0.1622138841250891,0.16221388412508617,0.16221388412508433,0.16221388412508617,0.1622138841250891,0.16221388412509094,0.16221388412508797,0.16221388412508617,0.16221388412508797,0.16221388412509094,0.16221388412509366,0.16221388412509094,0.1622138841250891,0.16221388412509094,0.16221388412509366,0.16070106723033678,0.16070106723032834,0.160701067230323,0.16070106723032834,0.16070106723033678,0.16070106723032834,0.16070106723031924,0.16070106723031344,0.16070106723031924,0.16070106723032834,0.160701067230323,0.16070106723031344,0.16070106723030747,0.16070106723031344,0.160701067230323,0.16070106723032834,0.16070106723031924,0.16070106723031344,0.16070106723031924,0.16070106723032834,0.16070106723033678,0.16070106723032834,0.160701067230323,0.16070106723032834,0.16070106723033678,0.15921845159948717,0.1592184515994615,0.15921845159944495,0.1592184515994615,0.15921845159948717,0.1592184515994615,0.159218451599433,0.15921845159941467,0.159218451599433,0.1592184515994615,0.15921845159944495,0.15921845159941467,0.15921845159939488,0.15921845159941467,0.15921845159944495,0.1592184515994615,0.159218451599433,0.15921845159941467,0.159218451599433,0.1592184515994615,0.15921845159948717,0.1592184515994615,0.15921845159944495,0.1592184515994615,0.15921845159948717,0.15776544637734813,0.15776544637727088,0.15776544637722054,0.15776544637727088,0.15776544637734813,0.15776544637727088,0.15776544637718215,0.15776544637712303,0.15776544637718215,0.15776544637727088,0.15776544637722054,0.15776544637712303,0.15776544637705625,0.15776544637712303,0.15776544637722054,0.15776544637727088,0.15776544637718215,0.15776544637712303,0.15776544637718215,0.15776544637727088,0.15776544637734813,0.15776544637727088,0.15776544637722054,0.15776544637727088,0.15776544637734813,0.15634146269290566,0.1563414626926794,0.15634146269252716,0.1563414626926794,0.15634146269290566,0.1563414626926794,0.15634146269240465,0.15634146269220994,0.15634146269240465,0.1563414626926794,0.15634146269252716,0.15634146269220994,0.1563414626919808,0.15634146269220994,0.15634146269252716,0.1563414626926794,0.15634146269240465,0.15634146269220994,0.15634146269240465,0.1563414626926794,0.15634146269290566,0.1563414626926794,0.15634146269252716,0.1563414626926794,0.15634146269290566,0.15494591474652147,0.15494591474588268,0.15494591474543204,0.15494591474588268,0.15494591474652147,0.15494591474588268,0.1549459147450439,0.15494591474440697,0.1549459147450439,0.15494591474588268,0.15494591474543204,0.15494591474440697,0.15494591474358355,0.15494591474440697,0.15494591474543204,0.15494591474588268,0.1549459147450439,0.15494591474440697,0.1549459147450439,0.15494591474588268,0.15494591474652147,0.15494591474588268,0.15494591474543204,0.15494591474588268,0.15494591474652147,0.15357822077978484,0.15357822077807626,0.1535782207767768,0.15357822077807626,0.15357822077978484,0.15357822077807626,0.1535782207755914,0.15357822077345545,0.1535782207755914,0.15357822077807626,0.1535782207767768,0.15357822077345545,0.1535782207702462,0.15357822077345545,0.1535782207767768,0.15357822077807626,0.1535782207755914,0.15357822077345545,0.1535782207755914,0.15357822077807626,0.15357822077978484,0.15357822077807626,0.1535782207767768,0.15357822077807626,0.15357822077978484,0.152237803937438,0.1522378039332534,0.15223780392968803,0.1522378039332534,0.152237803937438,0.1522378039332534,0.15223780392625869,0.15223780391898528,0.15223780392625869,0.1522378039332534,0.15223780392968803,0.15223780391898528,0.15223780390506697,0.15223780391898528,0.15223780392968803,0.1522378039332534,0.15223780392625869,0.15223780391898528,0.15223780392625869,0.1522378039332534,0.152237803937438,0.1522378039332534,0.15223780392968803,0.1522378039332534,0.152237803937438,0.1509240930302571,0.15092409302149007,0.1509240930127186,0.15092409302149007,0.1509240930302571,0.15092409302149007,0.15092409300385487,0.1509240929797067,0.15092409300385487,0.15092409302149007,0.1509240930127186,0.1509240929797067,0.15092409291144487,0.1509240929797067,0.1509240930127186,0.15092409302149007,0.15092409300385487,0.1509240929797067,0.15092409300385487,0.15092409302149007,0.1509240930302571,0.15092409302149007,0.1509240930127186,0.15092409302149007,0.1509240930302571,0.14963652320613033,0.14963652319281542,0.14963652317650655,0.14963652319281542,0.14963652320613033,0.14963652319281542,0.14963652315956372,0.14963652309202052,0.14963652315956372,0.14963652319281542,0.14963652317650655,0.14963652309202052,0.14963652271369313,0.14963652309202052,0.14963652317650655,0.14963652319281542,0.14963652315956372,0.14963652309202052,0.14963652315956372,0.14963652319281542,0.14963652320613033,0.14963652319281542,0.14963652317650655,0.14963652319281542,0.14963652320613033,0.14837453653111915,0.14837453652313365,0.1483745365153379,0.14837453652313365,0.14837453653111915,0.14837453652313365,0.14837453650748753,0.14837453648738425,0.14837453650748753,0.14837453652313365,0.1483745365153379,0.14837453648738425,0.14837453644035975,0.14837453648738425,0.1483745365153379,0.14837453652313365,0.14837453650748753,0.14837453648738425,0.14837453650748753,0.14837453652313365,0.14837453653111915,0.14837453652313365,0.1483745365153379,0.14837453652313365,0.14837453653111915,0.14713758247742248,0.1471375824743043,0.1471375824719355,0.1471375824743043,0.14713758247742248,0.1471375824743043,0.1471375824697342,0.14713758246663167,0.1471375824697342,0.1471375824743043,0.1471375824719355,0.14713758246663167,0.14713758247055744,0.14713758246663167,0.1471375824719355,0.1471375824743043,0.1471375824697342,0.14713758246663167,0.1471375824697342,0.1471375824743043,0.14713758247742248,0.1471375824743043,0.1471375824719355,0.1471375824743043,0.14713758247742248,0.14592511838231753,0.14592511838163302,0.14592511838139852,0.14592511838163302,0.14592511838231753,0.14592511838163302,0.1459251183813013,0.14592511838250394,0.1459251183813013,0.14592511838163302,0.14592511838139852,0.14592511838250394,0.1459251183925699,0.14592511838250394,0.14592511838139852,0.14592511838163302,0.1459251183813013,0.14592511838250394,0.1459251183813013,0.14592511838163302,0.14592511838231753,0.14592511838163302,0.14592511838139852,0.14592511838163302,0.14592511838231753,0.14473660982569672,0.14473660982594053,0.14473660982636438,0.14473660982594053,0.14473660982569672,0.14473660982594053,0.1447366098268545,0.14473660982879008,0.1447366098268545,0.14473660982594053,0.14473660982636438,0.14473660982879008,0.1447366098379283,0.14473660982879008,0.14473660982636438,0.14473660982594053,0.1447366098268545,0.14473660982879008,0.1447366098268545,0.14473660982594053,0.14473660982569672,0.14473660982594053,0.14473660982636438,0.14473660982594053,0.14473660982569672,0.14357153094298533,0.1435715309435437,0.14357153094413386,0.1435715309435437,0.14357153094298533,0.1435715309435437,0.14357153094473837,0.14357153094660335,0.14357153094473837,0.1435715309435437,0.14357153094413386,0.14357153094660335,0.14357153095410924,0.14357153094660335,0.14357153094413386,0.1435715309435437,0.14357153094473837,0.14357153094660335,0.14357153094473837,0.1435715309435437,0.14357153094298533,0.1435715309435437,0.14357153094413386,0.1435715309435437,0.14357153094298533,0.14242936468471337,0.14242936468547748,0.14242936468617196,0.14242936468547748,0.14242936468471337,0.14242936468547748,0.14242936468683998,0.14242936468866257,0.14242936468683998,0.14242936468547748,0.14242936468617196,0.14242936468866257,0.1424293646953171,0.14242936468866257,0.14242936468617196,0.14242936468547748,0.14242936468683998,0.14242936468866257,0.14242936468683998,0.14242936468547748,0.14242936468471337,0.14242936468547748,0.14242936468617196,0.14242936468547748,0.14242936468471337,0.14130960302836612,0.14130960302958218,0.14130960303058113,0.14130960302958218,0.14130960302836612,0.14130960302958218,0.14130960303150114,0.1413096030336828,0.14130960303150114,0.14130960302958218,0.14130960303058113,0.1413096030336828,0.14130960304059612,0.1413096030336828,0.14130960303058113,0.14130960302958218,0.14130960303150114,0.1413096030336828,0.14130960303150114,0.14130960302958218,0.14130960302836612,0.14130960302958218,0.14130960303058113,0.14130960302958218,0.14130960302836612,0.1402117471465645,0.1402117471489933,0.1402117471509196,0.1402117471489933,0.1402117471465645,0.1402117471489933,0.14021174715269244,0.14021174715635334,0.14021174715269244,0.1402117471489933,0.1402117471509196,0.14021174715635334,0.1402117471652213,0.14021174715635334,0.1402117471509196,0.1402117471489933,0.14021174715269244,0.14021174715635334,0.14021174715269244,0.1402117471489933,0.1402117471465645,0.1402117471489933,0.1402117471509196,0.1402117471489933,0.1402117471465645,0.13913530753512393,0.13913530754049735,0.139135307545032,0.13913530754049735,0.13913530753512393,0.13913530754049735,0.139135307549382,0.13913530755844147,0.139135307549382,0.13913530754049735,0.139135307545032,0.13913530755844147,0.13913530757567044,0.13913530755844147,0.139135307545032,0.13913530754049735,0.139135307549382,0.13913530755844147,0.139135307549382,0.13913530754049735,0.13913530753512393,0.13913530754049735,0.139135307545032,0.13913530754049735,0.13913530753512393,0.1380798041042373,0.13807980411538404,0.13807980412638823,0.13807980411538404,0.1380798041042373,0.13807980411538404,0.1380798041374698,0.13807980416712504,0.1380798041374698,0.13807980411538404,0.13807980412638823,0.13807980416712504,0.13807980424917946,0.13807980416712504,0.13807980412638823,0.13807980411538404,0.1380798041374698,0.13807980416712504,0.1380798041374698,0.13807980411538404,0.1380798041042373,0.13807980411538404,0.13807980412638823,0.13807980411538404,0.1380798041042373,0.13704476623701198,0.1370447662543713,0.13704476627524867,0.1370447662543713,0.13704476623701198,0.1370447662543713,0.13704476629685583,0.13704476638157434,0.13704476629685583,0.1370447662543713,0.13704476627524867,0.13704476638157434,0.13704476684955597,0.13704476638157434,0.13704476627524867,0.1370447662543713,0.13704476629685583,0.13704476638157434,0.13704476629685583,0.1370447662543713,0.13704476623701198,0.1370447662543713,0.13704476627524867,0.1370447662543713,0.13704476623701198,0.13602973282608655,0.1360297328381011,0.13602973284982234,0.1360297328381011,0.13602973282608655,0.1360297328381011,0.1360297328615637,0.13602973289283102,0.1360297328615637,0.1360297328381011,0.13602973284982234,0.13602973289283102,0.13602973297939097,0.13602973289283102,0.13602973284982234,0.1360297328381011,0.1360297328615637,0.13602973289283102,0.1360297328615637,0.1360297328381011,0.13602973282608655,0.1360297328381011,0.13602973284982234,0.1360297328381011,0.13602973282608655,0.13503425230404673,0.13503425231154909,0.13503425231773175,0.13503425231154909,0.13503425230404673,0.13503425231154909,0.13503425232359215,0.13503425233550767,0.13503425232359215,0.13503425231154909,0.13503425231773175,0.13503425233550767,0.13503425235713756,0.13503425233550767,0.13503425231773175,0.13503425231154909,0.13503425232359215,0.13503425233550767,0.13503425232359215,0.13503425231154909,0.13503425230404673,0.13503425231154909,0.13503425231773175,0.13503425231154909,0.13503425230404673
0.16533248763009187,0.16533248763009162,0.1653324876300914,0.16533248763009162,0.16533248763009187,0.16533248763009162,0.16533248763009115,0.16533248763009092,0.16533248763009115,0.16533248763009162,0.1653324876300914,0.16533248763009092,0.16533248763009067,0.16533248763009092,0.1653324876300914,0.16533248763009162,0.16533248763009115,0.16533248763009092,0.16533248763009115,0.16533248763009162,0.16533248763009187,0.16533248763009162,0.1653324876300914,0.16533248763009162,0.16533248763009187,0.16375749391443312,0.1637574939144322,0.16375749391443176,0.1637574939144322,0.16375749391443312,0.1637574939144322,0.16375749391443128,0.1637574939144308,0.16375749391443128,0.1637574939144322,0.16375749391443176,0.1637574939144308,0.16375749391443012,0.1637574939144308,0.16375749391443176,0.1637574939144322,0.16375749391443128,0.1637574939144308,0.16375749391443128,0.1637574939144322,0.16375749391443312,0.1637574939144322,0.16375749391443176,0.1637574939144322,0.16375749391443312,0.16221388413064997,0.16221388413064725,0.1622138841306454,0.16221388413064725,0.16221388413064997,0.16221388413064725,0.16221388413064428,0.16221388413064244,0.16221388413064428,0.16221388413064725,0.1622138841306454,0.16221388413064244,0.16221388413064064,0.16221388413064244,0.1622138841306454,0.16221388413064725,0.16221388413064428,0.16221388413064244,0.16221388413064428,0.16221388413064725,0.16221388413064997,0.16221388413064725,0.1622138841306454,0.16221388413064725,0.16221388413064997,0.1607010672357871,0.16070106723577865,0.16070106723577354,0.16070106723577865,0.1607010672357871,0.16070106723577865,0.16070106723576977,0.16070106723576422,0.16070106723576977,0.16070106723577865,0.16070106723577354,0.16070106723576422,0.16070106723575842,0.16070106723576422,0.16070106723577354,0.16070106723577865,0.16070106723576977,0.16070106723576422,0.16070106723576977,0.16070106723577865,0.1607010672357871,0.16070106723577865,0.16070106723577354,0.16070106723577865,0.1607010672357871,0.15921845160483472,0.1592184516048095,0.15921845160479337,0.1592184516048095,0.15921845160483472,0.1592184516048095,0.15921845160478162,0.15921845160476375,0.15921845160478162,0.1592184516048095,0.15921845160479337,0.15921845160476375,0.15921845160474438,0.15921845160476375,0.15921845160479337,0.1592184516048095,0.15921845160478162,0.15921845160476375,0.15921845160478162,0.1592184516048095,0.15921845160483472,0.1592184516048095,0.15921845160479337,0.1592184516048095,0.15921845160483472,0.15776544638259526,0.15776544638251952,0.15776544638247025,0.15776544638251952,0.15776544638259526,0.15776544638251952,0.1577654463824329,0.15776544638237508,0.1577654463824329,0.15776544638251952,0.15776544638247025,0.15776544638237508,0.15776544638231,0.15776544638237508,0.15776544638247025,0.15776544638251952,0.1577654463824329,0.15776544638237508,0.1577654463824329,0.15776544638251952,0.15776544638259526,0.15776544638251952,0.15776544638247025,0.15776544638251952,0.15776544638259526,0.1563414626980524,0.15634146269783117,0.1563414626976823,0.15634146269783117,0.1563414626980524,0.15634146269783117,0.15634146269756247,0.1563414626973724,0.15634146269756247,0.15634146269783117,0.1563414626976823,0.1563414626973724,0.15634146269714821,0.1563414626973724,0.1563414626976823,0.15634146269783117,0.15634146269756247,0.1563414626973724,0.15634146269756247,0.15634146269783117,0.1563414626980524,0.15634146269783117,0.1563414626976823,0.15634146269783117,0.1563414626980524,0.15494591475156091,0.15494591475093608,0.1549459147504955,0.15494591475093608,0.15494591475156091,0.15494591475093608,0.15494591475011596,0.15494591474949318,0.15494591475011596,0.15494591475093608,0.1549459147504955,0.15494591474949318,0.15494591474868818,0.15494591474949318,0.1549459147504955,0.15494591475093608,0.15494591475011596,0.15494591474949318,0.15494591475011596,0.15494591475093608,0.15494591475156091,0.15494591475093608,0.1549459147504955,0.15494591475093608,0.15494591475156091,0.1535782207846914,0.1535782207830198,0.15357822078174868,0.1535782207830198,0.1535782207846914,0.1535782207830198,0.15357822078058941,0.15357822077850086,0.15357822078058941,0.1535782207830198,0.15357822078174868,0.15357822077850086,0.15357822077536407,0.15357822077850086,0.15357822078174868,0.1535782207830198,0.15357822078058941,0.15357822077850086,0.15357822078058941,0.1535782207830198,0.1535782207846914,0.1535782207830198,0.15357822078174868,0.1535782207830198,0.1535782207846914,0.1522378039421381,0.1522378039380423,0.1522378039345541,0.1522378039380423,0.1522378039421381,0.1522378039380423,0.15223780393119996,0.15223780392408814,0.15223780393119996,0.1522378039380423,0.1522378039345541,0.15223780392408814,0.15223780391048636,0.15223780392408814,0.1522378039345541,0.1522378039380423,0.15223780393119996,0.15223780392408814,0.15223780393119996,0.1522378039380423,0.1522378039421381,0.1522378039380423,0.1522378039345541,0.1522378039380423,0.1522378039421381,0.15092409303456736,0.15092409302598125,0.1509240930173967,0.15092409302598125,0.15092409303456736,0.15092409302598125,0.1509240930087234,0.15092409298511175,0.1509240930087234,0.15092409302598125,0.1509240930173967,0.15092409298511175,0.1509240929184166,0.15092409298511175,0.1509240930173967,0.15092409302598125,0.1509240930087234,0.15092409298511175,0.1509240930087234,0.15092409302598125,0.15092409303456736,0.15092409302598125,0.1509240930173967,0.15092409302598125,0.15092409303456736,0.14963652320967358,0.14963652319661144,0.14963652318063236,0.14963652319661144,0.14963652320967358,0.14963652319661144,0.14963652316403497,0.1496365230979655,0.14963652316403497,0.14963652319661144,0.14963652318063236,0.1496365230979655,0.14963652272840178,0.1496365230979655,0.14963652318063236,0.14963652319661144,0.14963652316403497,0.1496365230979655,0.14963652316403497,0.14963652319661144,0.14963652320967358,0.14963652319661144,0.14963652318063236,0.14963652319661144,0.14963652320967358,0.1483745365333633,0.14837453652544952,0.14837453651770643,0.14837453652544952,0.1483745365333633,0.14837453652544952,0.14837453650990645,0.14837453648979576,0.14837453650990645,0.14837453652544952,0.14837453651770643,0.14837453648979576,0.14837453644147305,0.14837453648979576,0.14837453651770643,0.14837453652544952,0.14837453650990645,0.14837453648979576,0.14837453650990645,0.14837453652544952,0.1483745365333633,0.14837453652544952,0.14837453651770643,0.14837453652544952,0.1483745365333633,0.1471375824782025,0.1471375824750342,0.14713758247258765,0.1471375824750342,0.1471375824782025,0.1471375824750342,0.14713758247030168,0.1471375824668264,0.14713758247030168,0.1471375824750342,0.14713758247258765,0.1471375824668264,0.14713758246874523,0.1471375824668264,0.14713758247258765,0.1471375824750342,0.14713758247030168,0.1471375824668264,0.14713758247030168,0.1471375824750342,0.1471375824782025,0.1471375824750342,0.14713758247258765,0.1471375824750342,0.1471375824782025,0.14592511838171654,0.14592511838095157,0.14592511838062322,0.14592511838095157,0.14592511838171654,0.14592511838095157,0.14592511838042738,0.1459251183812931,0.14592511838042738,0.14592511838095157,0.14592511838062322,0.1459251183812931,0.14592511838989292,0.1459251183812931,0.14592511838062322,0.14592511838095157,0.14592511838042738,0.1459251183812931,0.14592511838042738,0.14592511838095157,0.14592511838171654,0.14592511838095157,0.14592511838062322,0.14592511838095157,0.14592511838171654,0.14473660982386166,0.14473660982404074,0.14473660982439612,0.14473660982404074,0.14473660982386166,0.14473660982404074,0.14473660982481645,0.14473660982653663,0.14473660982481645,0.14473660982404074,0.14473660982439612,0.14473660982653663,0.14473660983479442,0.14473660982653663,0.14473660982439612,0.14473660982404074,0.14473660982481645,0.14473660982653663,0.14473660982481645,0.14473660982404074,0.14473660982386166,0.14473660982404074,0.14473660982439612,0.14473660982404074,0.14473660982386166,0.14357153094003142,0.14357153094055317,0.14357153094110842,0.14357153094055317,0.14357153094003142,0.14357153094055317,0.1435715309416782,0.14357153094344735,0.1435715309416782,0.14357153094055317,0.14357153094110842,0.14357153094344735,0.14357153095060912,0.14357153094344735,0.14357153094110842,0.14357153094055317,0.1435715309416782,0.14357153094344735,0.1435715309416782,0.14357153094055317,0.14357153094003142,0.14357153094055317,0.14357153094110842,0.14357153094055317,0.14357153094003142,0.14242936468069822,0.14242936468144893,0.14242936468213419,0.14242936468144893,0.14242936468069822,0.14242936468144893,0.14242936468279396,0.14242936468460635,0.14242936468279396,0.14242936468144893,0.14242936468213419,0.14242936468460635,0.1424293646912879,0.14242936468460635,0.14242936468213419,0.14242936468144893,0.14242936468279396,0.14242936468460635,0.14242936468279396,0.14242936468144893,0.14242936468069822,0.14242936468144893,0.14242936468213419,0.14242936468144893,0.14242936468069822,0.1413096030232996,0.1413096030245117,0.14130960302551263,0.1413096030245117,0.1413096030232996,0.1413096030245117,0.1413096030264366,0.14130960302864917,0.1413096030264366,0.1413096030245117,0.14130960302551263,0.14130960302864917,0.14130960303574258,0.14130960302864917,0.14130960302551263,0.1413096030245117,0.1413096030264366,0.14130960302864917,0.1413096030264366,0.1413096030245117,0.1413096030232996,0.1413096030245117,0.14130960302551263,0.1413096030245117,0.1413096030232996,0.14021174714043544,0.1402117471428494,0.14021174714476992,0.1402117471428494,0.14021174714043544,0.1402117471428494,0.1402117471465395,0.14021174715022333,0.1402117471465395,0.1402117471428494,0.14021174714476992,0.14021174715022333,0.14021174715933812,0.14021174715022333,0.14021174714476992,0.1402117471428494,0.1402117471465395,0.14021174715022333,0.1402117471465395,0.1402117471428494,0.14021174714043544,0.1402117471428494,0.14021174714476992,0.1402117471428494,0.14021174714043544,0.13913530752794312,0.13913530753326026,0.13913530753774858,0.13913530753326026,0.13913530752794312,0.13913530753326026,0.1391353075420546,0.13913530755102682,0.1391353075420546,0.13913530753326026,0.13913530753774858,0.13913530755102682,0.13913530756810621,0.13913530755102682,0.13913530753774858,0.13913530753326026,0.1391353075420546,0.13913530755102682,0.1391353075420546,0.13913530753326026,0.13913530752794312,0.13913530753326026,0.13913530753774858,0.13913530753326026,0.13913530752794312,0.13807980409610013,0.13807980410711548,0.13807980411798917,0.13807980410711548,0.13807980409610013,0.13807980410711548,0.13807980412893928,0.13807980415824056,0.13807980412893928,0.13807980410711548,0.13807980411798917,0.13807980415824056,0.13807980423930843,0.13807980415824056,0.13807980411798917,0.13807980410711548,0.13807980412893928,0.13807980415824056,0.13807980412893928,0.13807980410711548,0.13807980409610013,0.13807980410711548,0.13807980411798917,0.13807980410711548,0.13807980409610013,0.13704476622816963,0.13704476624531958,0.13704476626594397,0.13704476624531958,0.13704476622816963,0.13704476624531958,0.13704476628728934,0.13704476637097868,0.13704476628728934,0.13704476624531958,0.13704476626594397,0.13704476637097868,0.1370447668332535,0.13704476637097868,0.13704476626594397,0.13704476624531958,0.13704476628728934,0.13704476637097868,0.13704476628728934,0.13704476624531958,0.13704476622816963,0.13704476624531958,0.13704476626594397,0.13704476624531958,0.13704476622816963,0.13602973281695394,0.13602973282882294,0.1360297328404018,0.13602973282882294,0.13602973281695394,0.13602973282882294,0.1360297328520008,0.13602973288288817,0.1360297328520008,0.13602973282882294,0.1360297328404018,0.13602973288288817,0.1360297329683953,0.13602973288288817,0.1360297328404018,0.13602973282882294,0.1360297328520008,0.13602973288288817,0.1360297328520008,0.13602973282882294,0.13602973281695394,0.13602973282882294,0.1360297328404018,0.13602973282882294,0.13602973281695394,0.1350342522949112,0.13503425230232255,0.13503425230843025,0.13503425230232255,0.1350342522949112,0.13503425230232255,0.13503425231421926,0.13503425232599003,0.13503425231421926,0.13503425230232255,0.13503425230843025,0.13503425232599003,0.13503425234735686,0.13503425232599003,0.13503425230843025,0.13503425230232255,0.13503425231421926,0.13503425232599003,0.13503425231421926,0.13503425230232244,0.1350342522949112,0.13503425230232255,0.13503425230843025,0.13503425230232244,0.1350342522949112
0.1653324876361086,0.16533248763610836,0.1653324876361081,0.16533248763610836,0.1653324876361086,0.16533248763610836,0.1653324876361079,0.16533248763610767,0.1653324876361079,0.16533248763610836,0.1653324876361081,0.16533248763610767,0.16533248763610742,0.16533248763610767,0.1653324876361081,0.16533248763610836,0.1653324876361079,0.16533248763610767,0.1653324876361079,0.16533248763610836,0.1653324876361086,0.16533248763610836,0.1653324876361081,0.16533248763610836,0.1653324876361086,0.16375749392033193,0.16375749392033098,0.16375749392033054,0.16375749392033098,0.16375749392033193,0.16375749392033098,0.16375749392033007,0.1637574939203296,0.16375749392033007,0.16375749392033098,0.16375749392033054,0.1637574939203296,0.1637574939203289,0.1637574939203296,0.16375749392033054,0.16375749392033098,0.16375749392033007,0.1637574939203296,0.16375749392033007,0.16375749392033098,0.16375749392033193,0.16375749392033098,0.16375749392033054,0.16375749392033098,0.16375749392033193,0.1622138841364343,0.16221388413643156,0.16221388413643,0.16221388413643156,0.1622138841364343,0.16221388413643156,0.16221388413642884,0.16221388413642726,0.16221388413642884,0.16221388413643156,0.16221388413643,0.16221388413642726,0.16221388413642546,0.16221388413642726,0.16221388413643,0.16221388413643156,0.16221388413642884,0.16221388413642726,0.16221388413642884,0.16221388413643156,0.1622138841364343,0.16221388413643156,0.16221388413643,0.16221388413643156,0.1622138841364343,0.16070106724146066,0.16070106724145264,0.16070106724144756,0.16070106724145264,0.16070106724146066,0.16070106724145264,0.160701067241444,0.16070106724143846,0.160701067241444,0.16070106724145264,0.16070106724144756,0.16070106724143846,0.16070106724143265,0.16070106724143846,0.16070106724144756,0.16070106724145264,0.160701067241444,0.16070106724143846,0.160701067241444,0.16070106724145264,0.16070106724146066,0.16070106724145264,0.16070106724144756,0.16070106724145264,0.16070106724146066,0.15921845161040088,0.15921845161037626,0.1592184516103606,0.15921845161037626,0.15921845161040088,0.15921845161037626,0.15921845161034928,0.15921845161033163,0.15921845161034928,0.15921845161037626,0.1592184516103606,0.15921845161033163,0.15921845161031292,0.15921845161033163,0.1592184516103606,0.15921845161037626,0.15921845161034928,0.15921845161033163,0.15921845161034928,0.15921845161037626,0.15921845161040088,0.15921845161037626,0.1592184516103606,0.15921845161037626,0.15921845161040088,0.15776544638805665,0.15776544638798282,0.15776544638793458,0.15776544638798282,0.15776544638805665,0.15776544638798282,0.1577654463878981,0.1577654463878418,0.1577654463878981,0.15776544638798282,0.15776544638793458,0.1577654463878418,0.1577654463877782,0.1577654463878418,0.15776544638793458,0.15776544638798282,0.1577654463878981,0.1577654463878418,0.1577654463878981,0.15776544638798282,0.15776544638805665,0.15776544638798282,0.15776544638793458,0.15776544638798282,0.15776544638805665,0.15634146270340865,0.15634146270319266,0.15634146270304752,0.15634146270319266,0.15634146270340865,0.15634146270319266,0.15634146270293045,0.15634146270274496,0.15634146270293045,0.15634146270319266,0.15634146270304752,0.15634146270274496,0.15634146270252625,0.15634146270274496,0.15634146270304752,0.15634146270319266,0.15634146270293045,0.15634146270274496,0.15634146270293045,0.15634146270319266,0.15634146270340865,0.15634146270319266,0.15634146270304752,0.15634146270319266,0.15634146270340865,0.15494591475680494,0.15494591475619465,0.15494591475576452,0.15494591475619465,0.15494591475680494,0.15494591475619465,0.15494591475539418,0.15494591475478595,0.15494591475539418,0.15494591475619465,0.15494591475576452,0.15494591475478595,0.15494591475400046,0.15494591475478617,0.15494591475576452,0.15494591475619465,0.15494591475539418,0.15494591475478617,0.15494591475539418,0.15494591475619465,0.15494591475680494,0.15494591475619465,0.15494591475576452,0.15494591475619465,0.15494591475680494,0.15357822078979586,0.15357822078816322,0.15357822078692182,0.15357822078816322,0.15357822078979586,0.15357822078816322,0.15357822078579003,0.15357822078375127,0.15357822078579003,0.15357822078816322,0.15357822078692182,0.15357822078375127,0.15357822078069042,0.15357822078375127,0.15357822078692182,0.15357822078816322,0.15357822078579003,0.15357822078375127,0.15357822078579003,0.15357822078816322,0.15357822078979586,0.15357822078816322,0.15357822078692182,0.15357822078816322,0.15357822078979586,0.15223780394702524,0.1522378039430231,0.1522378039396162,0.1522378039430231,0.15223780394702524,0.1522378039430231,0.1522378039363406,0.15223780392939926,0.1522378039363406,0.1522378039430231,0.1522378039396162,0.15223780392939926,0.1522378039161305,0.15223780392939926,0.1522378039396162,0.1522378039430231,0.1522378039363406,0.15223780392939926,0.1522378039363406,0.1522378039430231,0.15223780394702524,0.1522378039430231,0.1522378039396162,0.1522378039430231,0.15223780394702524,0.15092409303904442,0.15092409303064894,0.15092409302226098,0.15092409303064894,0.15092409303904442,0.15092409303064894,0.15092409301378812,0.15092409299074075,0.15092409301378812,0.15092409303064894,0.15092409302226098,0.15092409299074075,0.15092409292569375,0.15092409299074075,0.15092409302226098,0.15092409303064894,0.15092409301378812,0.15092409299074075,0.15092409301378812,0.15092409303064894,0.15092409303904442,0.15092409303064894,0.15092409302226098,0.15092409303064894,0.15092409303904442,0.14963652321334406,0.149636523200548,0.1496365231849157,0.149636523200548,0.14963652321334406,0.149636523200548,0.1496365231686815,0.14963652310416195,0.1496365231686815,0.149636523200548,0.1496365231849157,0.14963652310416195,0.14963652274380965,0.14963652310416195,0.1496365231849157,0.149636523200548,0.1496365231686815,0.14963652310416195,0.1496365231686815,0.149636523200548,0.14963652321334406,0.149636523200548,0.1496365231849157,0.149636523200548,0.14963652321334406,0.14837453653566804,0.14837453652782934,0.14837453652014074,0.14837453652782934,0.14837453653566804,0.14837453652782934,0.1483745365123932,0.1483745364922729,0.1483745365123932,0.14837453652782934,0.14837453652014074,0.1483745364922729,0.14837453644259835,0.1483745364922729,0.14837453652014074,0.14837453652782934,0.1483745365123932,0.1483745364922729,0.1483745365123932,0.14837453652782934,0.14837453653566804,0.14837453652782934,0.14837453652014074,0.14837453652782934,0.14837453653566804,0.14713758247896908,0.14713758247574685,0.14713758247321726,0.14713758247574685,0.14713758247896908,0.14713758247574685,0.14713758247084102,0.14713758246696954,0.14713758247084102,0.14713758247574685,0.14713758247321726,0.14713758246696954,0.14713758246671796,0.14713758246696954,0.14713758247321726,0.14713758247574685,0.14713758247084102,0.14713758246696954,0.14713758247084102,0.14713758247574685,0.14713758247896908,0.14713758247574685,0.14713758247321726,0.14713758247574685,0.14713758247896908,0.1459251183810356,0.14592511838018396,0.14592511837975464,0.14592511838018396,0.1459251183810356,0.14592511838018396,0.14592511837945335,0.14592511837995886,0.14592511837945335,0.14592511838018396,0.14592511837975464,0.14592511837995886,0.14592511838698263,0.14592511837995886,0.14592511837975464,0.14592511838018396,0.14592511837945335,0.14592511837995886,0.14592511837945335,0.14592511838018396,0.1459251183810356,0.14592511838018396,0.14592511837975464,0.14592511838018396,0.1459251183810356,0.14473660982189132,0.14473660982199957,0.1447366098222804,0.14473660982199957,0.14473660982189132,0.14473660982199957,0.14473660982262462,0.14473660982411038,0.14473660982262462,0.14473660982199957,0.1447366098222804,0.14473660982411038,0.144736609831438,0.14473660982411038,0.1447366098222804,0.14473660982199957,0.14473660982262462,0.14473660982411038,0.14473660982262462,0.14473660982199957,0.14473660982189132,0.14473660982199957,0.1447366098222804,0.14473660982199957,0.14473660982189132,0.1435715309368987,0.1435715309373785,0.14357153093789354,0.1435715309373785,0.1435715309368987,0.1435715309373785,0.1435715309384233,0.14357153094008174,0.1435715309384233,0.1435715309373785,0.14357153093789354,0.14357153094008174,0.14357153094687064,0.14357153094008174,0.14357153093789354,0.1435715309373785,0.1435715309384233,0.14357153094008174,0.1435715309384233,0.1435715309373785,0.1435715309368987,0.1435715309373785,0.14357153093789354,0.1435715309373785,0.1435715309368987,0.14242936467647072,0.14242936467720327,0.1424293646778748,0.14242936467720327,0.14242936467647072,0.14242936467720327,0.142429364678522,0.14242936468031137,0.142429364678522,0.14242936467720327,0.1424293646778748,0.14242936468031137,0.14242936468695755,0.14242936468031137,0.1424293646778748,0.14242936467720327,0.142429364678522,0.14242936468031137,0.142429364678522,0.14242936467720327,0.14242936467647072,0.14242936467720327,0.1424293646778748,0.14242936467720327,0.14242936467647072,0.14130960301799522,0.14130960301919962,0.1413096030201989,0.14130960301919962,0.14130960301799522,0.14130960301919962,0.14130960302112286,0.14130960302335452,0.14130960302112286,0.14130960301919962,0.1413096030201989,0.14130960302335452,0.1413096030305915,0.14130960302335452,0.1413096030201989,0.14130960301919962,0.14130960302112286,0.14130960302335452,0.14130960302112286,0.14130960301919962,0.14130960301799522,0.14130960301919962,0.1413096030201989,0.14130960301919962,0.14130960301799522,0.14021174713405127,0.14021174713644732,0.14021174713835866,0.14021174713644732,0.14021174713405127,0.14021174713644732,0.14021174714012213,0.14021174714381884,0.14021174714012213,0.14021174713644732,0.14021174713835866,0.14021174714381884,0.14021174715312312,0.14021174714381884,0.14021174713835866,0.14021174713644732,0.14021174714012213,0.14021174714381884,0.14021174714012213,0.14021174713644732,0.14021174713405127,0.14021174713644732,0.14021174713835866,0.14021174713644732,0.14021174713405127,0.13913530752049522,0.13913530752575407,0.13913530753019432,0.13913530752575407,0.13913530752049522,0.13913530752575407,0.1391353075344545,0.13913530754333514,0.1391353075344545,0.13913530752575407,0.13913530753019432,0.13913530754333514,0.1391353075602555,0.13913530754333514,0.13913530753019432,0.13913530752575407,0.1391353075344545,0.13913530754333514,0.1391353075344545,0.13913530752575407,0.13913530752049522,0.13913530752575407,0.13913530753019432,0.13913530752575407,0.13913530752049522,0.13807980408768833,0.1380798040985704,0.1380798041093118,0.1380798040985704,0.13807980408768833,0.1380798040985704,0.13807980412012874,0.1380798041490714,0.13807980412012874,0.1380798040985704,0.1380798041093118,0.1380798041490714,0.13807980422914193,0.1380798041490714,0.1380798041093118,0.1380798040985704,0.13807980412012874,0.1380798041490714,0.13807980412012874,0.1380798040985704,0.13807980408768833,0.1380798040985704,0.1380798041093118,0.1380798040985704,0.13807980408768833,0.13704476621904876,0.13704476623598677,0.13704476625635587,0.13704476623598677,0.13704476621904876,0.13704476623598677,0.1370447662774367,0.13704476636008703,0.1370447662774367,0.13704476623598677,0.13704476625635587,0.13704476636008703,0.13704476681662153,0.13704476636008703,0.13704476625635587,0.13704476623598677,0.1370447662774367,0.13704476636008703,0.1370447662774367,0.13704476623598677,0.13704476621904876,0.13704476623598677,0.13704476625635587,0.13704476623598677,0.13704476621904876,0.13602973280754324,0.13602973281926523,0.1360297328307005,0.13602973281926523,0.13602973280754324,0.13602973281926523,0.13602973284215544,0.13602973287265915,0.13602973284215544,0.13602973281926523,0.1360297328307005,0.13602973287265915,0.13602973295710344,0.13602973287265915,0.1360297328307005,0.13602973281926523,0.13602973284215544,0.13602973287265915,0.13602973284215544,0.13602973281926523,0.13602973280754324,0.13602973281926523,0.1360297328307005,0.13602973281926523,0.13602973280754324,0.13503425228550114,0.1350342522928204,0.1350342522988523,0.1350342522928204,0.13503425228550114,0.1350342522928204,0.13503425230456953,0.13503425231619406,0.13503425230456953,0.1350342522928204,0.1350342522988523,0.13503425231619406,0.1350342523372953,0.13503425231619406,0.1350342522988523,0.1350342522928204,0.13503425230456953,0.13503425231619406,0.13503425230456953,0.1350342522928204,0.13503425228550114,0.1350342522928204,0.1350342522988523,0.1350342522928204,0.13503425228550114
0.16533248764235944,0.16533248764235894,0.16533248764235872,0.16533248764235894,0.16533248764235944,0.16533248764235894,0.16533248764235872,0.1653324876423585,0.16533248764235872,0.16533248764235894,0.16533248764235872,0.1653324876423585,0.16533248764235825,0.1653324876423585,0.16533248764235872,0.16533248764235894,0.16533248764235872,0.1653324876423585,0.16533248764235872,0.16533248764235894,0.16533248764235944,0.16533248764235894,0.16533248764235872,0.16533248764235894,0.16533248764235944,0.16375749392645989,0.16375749392645894,0.1637574939264585,0.16375749392645894,0.16375749392645989,0.16375749392645894,0.16375749392645805,0.16375749392645755,0.16375749392645805,0.16375749392645894,0.1637574939264585,0.16375749392645755,0.16375749392645714,0.16375749392645755,0.1637574939264585,0.16375749392645894,0.16375749392645805,0.16375749392645755,0.16375749392645805,0.16375749392645894,0.16375749392645989,0.16375749392645894,0.1637574939264585,0.16375749392645894,0.16375749392645989,0.16221388414244323,0.16221388414244076,0.16221388414243917,0.16221388414244076,0.16221388414244323,0.16221388414244076,0.16221388414243806,0.16221388414243645,0.16221388414243806,0.16221388414244076,0.16221388414243917,0.16221388414243645,0.16221388414243465,0.16221388414243645,0.16221388414243917,0.16221388414244076,0.16221388414243806,0.16221388414243645,0.16221388414243806,0.16221388414244076,0.16221388414244323,0.16221388414244076,0.16221388414243917,0.16221388414244076,0.16221388414244323,0.16070106724735436,0.1607010672473466,0.16070106724734146,0.1607010672473466,0.16070106724735436,0.1607010672473466,0.16070106724733815,0.1607010672473328,0.16070106724733815,0.1607010672473466,0.16070106724734146,0.1607010672473328,0.16070106724732725,0.1607010672473328,0.16070106724734146,0.1607010672473466,0.16070106724733815,0.1607010672473328,0.16070106724733815,0.1607010672473466,0.16070106724735436,0.1607010672473466,0.16070106724734146,0.1607010672473466,0.16070106724735436,0.1592184516161828,0.15921845161615863,0.15921845161614337,0.15921845161615863,0.1592184516161828,0.15921845161615863,0.1592184516161323,0.1592184516161153,0.1592184516161323,0.15921845161615863,0.15921845161614337,0.1592184516161153,0.15921845161609702,0.1592184516161153,0.15921845161614337,0.15921845161615863,0.1592184516161323,0.1592184516161153,0.1592184516161323,0.15921845161615863,0.1592184516161828,0.15921845161615863,0.15921845161614337,0.15921845161615863,0.1592184516161828,0.15776544639372883,0.15776544639365692,0.15776544639361018,0.15776544639365692,0.15776544639372883,0.15776544639365692,0.1577654463935746,0.15776544639351975,0.1577654463935746,0.15776544639365692,0.15776544639361018,0.15776544639351975,0.15776544639345805,0.15776544639351975,0.15776544639361018,0.15776544639365692,0.1577654463935746,0.15776544639351975,0.1577654463935746,0.15776544639365692,0.15776544639372883,0.15776544639365692,0.15776544639361018,0.15776544639365692,0.15776544639372883,0.15634146270897153,0.15634146270876098,0.15634146270861943,0.15634146270876098,0.15634146270897153,0.15634146270876098,0.15634146270850544,0.15634146270832497,0.15634146270850544,0.15634146270876098,0.15634146270861943,0.15634146270832497,0.1563414627081117,0.15634146270832497,0.15634146270861943,0.15634146270876098,0.15634146270850544,0.15634146270832497,0.15634146270850544,0.15634146270876098,0.15634146270897153,0.15634146270876098,0.15634146270861943,0.15634146270876098,0.15634146270897153,0.1549459147622502,0.15494591476165548,0.15494591476123595,0.15494591476165548,0.1549459147622502,0.15494591476165548,0.1549459147608755,0.15494591476028263,0.1549459147608755,0.15494591476165548,0.15494591476123595,0.15494591476028263,0.1549459147595174,0.15494591476028263,0.15494591476123595,0.15494591476165548,0.1549459147608755,0.15494591476028263,0.1549459147608755,0.15494591476165548,0.1549459147622502,0.15494591476165548,0.15494591476123595,0.15494591476165548,0.1549459147622502,0.1535782207950951,0.153578220793503,0.15357822079229294,0.153578220793503,0.1535782207950951,0.153578220793503,0.1535782207911899,0.15357822078920358,0.1535782207911899,0.153578220793503,0.15357822079229294,0.15357822078920358,0.15357822078622266,0.15357822078920358,0.15357822079229294,0.153578220793503,0.1535782207911899,0.15357822078920358,0.1535782207911899,0.153578220793503,0.1535782207950951,0.153578220793503,0.15357822079229294,0.153578220793503,0.1535782207950951,0.1522378039520968,0.1522378039481929,0.15223780394487124,0.1522378039481929,0.1522378039520968,0.1522378039481929,0.1522378039416781,0.15223780393491532,0.1522378039416781,0.1522378039481929,0.15223780394487124,0.15223780393491532,0.15223780392199573,0.15223780393491532,0.15223780394487124,0.1522378039481929,0.1522378039416781,0.15223780393491532,0.1522378039416781,0.1522378039481929,0.1522378039520968,0.1522378039481929,0.15223780394487124,0.1522378039481929,0.1522378039520968,0.15092409304368629,0.15092409303549045,0.15092409302730853,0.15092409303549045,0.15092409304368629,0.15092409303549045,0.15092409301904577,0.15092409299659007,0.15092409301904577,0.15092409303549045,0.15092409302730853,0.15092409299659007,0.15092409293327183,0.15092409299659007,0.15092409302730853,0.15092409303549045,0.15092409301904577,0.15092409299659007,0.15092409301904577,0.15092409303549045,0.15092409304368629,0.15092409303549045,0.15092409302730853,0.15092409303549045,0.15092409304368629,0.1496365232171403,0.14963652320462295,0.14963652318935386,0.14963652320462295,0.1496365232171403,0.14963652320462295,0.1496365231735005,0.14963652311060632,0.1496365231735005,0.14963652320462295,0.14963652318935386,0.14963652311060632,0.14963652275989142,0.14963652311060632,0.14963652318935386,0.14963652320462295,0.1496365231735005,0.14963652311060632,0.1496365231735005,0.14963652320462295,0.1496365232171403,0.14963652320462295,0.14963652318935386,0.14963652320462295,0.1496365232171403,0.14837453653803284,0.1483745365302718,0.14837453652263974,0.1483745365302718,0.14837453653803284,0.1483745365302718,0.14837453651494667,0.1483745364948147,0.14837453651494667,0.1483745365302718,0.14837453652263974,0.1483745364948147,0.14837453644369086,0.1483745364948147,0.14837453652263974,0.1483745365302718,0.14837453651494667,0.1483745364948147,0.14837453651494667,0.1483745365302718,0.14837453653803284,0.1483745365302718,0.14837453652263974,0.1483745365302718,0.14837453653803284,0.14713758247972278,0.1471375824764428,0.14713758247382488,0.1471375824764428,0.14713758247972278,0.1471375824764428,0.14713758247135275,0.14713758246706238,0.14713758247135275,0.1471375824764428,0.14713758247382488,0.14713758246706238,0.14713758246457168,0.14713758246706238,0.14713758247382488,0.1471375824764428,0.14713758247135275,0.14713758246706238,0.14713758247135275,0.1471375824764428,0.14713758247972278,0.1471375824764428,0.14713758247382488,0.1471375824764428,0.14713758247972278,0.14592511838027564,0.1459251183793312,0.14592511837879416,0.1459251183793312,0.14592511838027564,0.1459251183793312,0.14592511837838035,0.14592511837850303,0.14592511837838035,0.1459251183793312,0.14592511837879416,0.14592511837850303,0.14592511838383407,0.14592511837850303,0.14592511837879416,0.1459251183793312,0.14592511837838035,0.14592511837850303,0.14592511837838035,0.1459251183793312,0.14592511838027564,0.1459251183793312,0.14592511837879416,0.1459251183793312,0.14592511838027564,0.1447366098197875,0.1447366098198191,0.14473660982001932,0.14473660981981892,0.1447366098197875,0.1447366098198191,0.14473660982028114,0.14473660982151362,0.14473660982028114,0.1447366098198191,0.14473660982001932,0.14473660982151362,0.1447366098277934,0.14473660982151362,0.14473660982001932,0.14473660981981892,0.14473660982028114,0.14473660982151362,0.14473660982028114,0.14473660981981892,0.1447366098197875,0.1447366098198191,0.14473660982001932,0.14473660981981892,0.1447366098197875,0.14357153093358935,0.14357153093402228,0.143571530934492,0.14357153093402228,0.14357153093358935,0.14357153093402228,0.14357153093497674,0.1435715309365094,0.14357153093497674,0.14357153093402228,0.143571530934492,0.1435715309365094,0.14357153094282862,0.1435715309365094,0.143571530934492,0.14357153093402228,0.14357153093497674,0.1435715309365094,0.14357153093497674,0.14357153093402228,0.14357153093358935,0.14357153093402228,0.143571530934492,0.14357153093402228,0.14357153093358935,0.14242936467203335,0.14242936467274375,0.14242936467339717,0.14242936467274375,0.14242936467203335,0.14242936467274375,0.1424293646740274,0.14242936467578107,0.1424293646740274,0.14242936467274375,0.14242936467339717,0.14242936467578107,0.14242936468234352,0.14242936467578107,0.14242936467339717,0.14242936467274375,0.1424293646740274,0.14242936467578107,0.1424293646740274,0.14242936467274375,0.14242936467203335,0.14242936467274375,0.14242936467339717,0.14242936467274375,0.14242936467203335,0.14130960301245685,0.14130960301364973,0.14130960301464324,0.14130960301364973,0.14130960301245685,0.14130960301364973,0.1413096030155636,0.14130960301780282,0.1413096030155636,0.14130960301364973,0.14130960301464324,0.14130960301780282,0.1413096030251505,0.14130960301780282,0.14130960301464324,0.14130960301364973,0.1413096030155636,0.14130960301780282,0.1413096030155636,0.14130960301364973,0.14130960301245685,0.14130960301364973,0.14130960301464324,0.14130960301364973,0.14130960301245685,0.14021174712741538,0.14021174712979065,0.1402117471316902,0.14021174712979065,0.14021174712741538,0.14021174712979065,0.14021174713344414,0.14021174713714407,0.14021174713344414,0.14021174712979065,0.1402117471316902,0.14021174713714407,0.14021174714658835,0.14021174713714407,0.1402117471316902,0.14021174712979065,0.14021174713344414,0.14021174713714407,0.14021174713344414,0.14021174712979065,0.14021174712741538,0.14021174712979065,0.1402117471316902,0.14021174712979065,0.14021174712741538,0.13913530751278463,0.139135307517983,0.13913530752237313,0.139135307517983,0.13913530751278463,0.139135307517983,0.13913530752658573,0.13913530753537087,0.13913530752658573,0.139135307517983,0.13913530752237313,0.13913530753537087,0.1391353075521227,0.13913530753537087,0.13913530752237313,0.139135307517983,0.13913530752658573,0.13913530753537087,0.13913530752658573,0.139135307517983,0.13913530751278463,0.139135307517983,0.13913530752237313,0.139135307517983,0.13913530751278463,0.13807980407900633,0.138079804089753,0.13807980410036066,0.138079804089753,0.13807980407900633,0.138079804089753,0.13807980411104254,0.13807980413962256,0.13807980411104254,0.138079804089753,0.13807980410036066,0.13807980413962256,0.13807980421868468,0.13807980413962256,0.13807980410036066,0.138079804089753,0.13807980411104254,0.13807980413962256,0.13807980411104254,0.138079804089753,0.13807980407900633,0.138079804089753,0.13807980410036066,0.138079804089753,0.13807980407900633,0.1370447662096539,0.137044766226378,0.1370447662464891,0.137044766226378,0.1370447662096539,0.137044766226378,0.13704476626730291,0.13704476634890414,0.13704476626730291,0.137044766226378,0.1370447662464891,0.13704476634890414,0.13704476679964442,0.13704476634890414,0.1370447662464891,0.137044766226378,0.13704476626730291,0.13704476634890414,0.13704476626730291,0.137044766226378,0.1370447662096539,0.137044766226378,0.1370447662464891,0.137044766226378,0.1370447662096539,0.13602973279785924,0.13602973280943256,0.13602973282072292,0.13602973280943256,0.13602973279785924,0.13602973280943256,0.1360297328320326,0.1360297328621491,0.1360297328320326,0.13602973280943256,0.13602973282072292,0.1360297328621491,0.1360297329455206,0.1360297328621491,0.13602973282072292,0.13602973280943256,0.1360297328320326,0.1360297328621491,0.1360297328320326,0.13602973280943256,0.13602973279785924,0.13602973280943256,0.13602973282072292,0.13602973280943256,0.13602973279785924,0.13503425227582097,0.13503425228304752,0.13503425228900298,0.13503425228304752,0.13503425227582097,0.13503425228304752,0.13503425229464752,0.13503425230612448,0.13503425229464752,0.13503425228304752,0.13503425228900298,0.13503425230612448,0.13503425232695768,0.13503425230612448,0.13503425228900298,0.13503425228304752,0.13503425229464752,0.13503425230612448,0.13503425229464752,0.13503425228304752,0.13503425227582097,0.13503425228304752,0.13503425228900298,0.13503425228304752,0.13503425227582097
0.16533248764884034,0.1653324876488399,0.16533248764883968,0.1653324876488399,0.16533248764884034,0.1653324876488399,0.16533248764883968,0.16533248764883943,0.16533248764883968,0.1653324876488399,0.16533248764883968,0.16533248764883943,0.1653324876488392,0.16533248764883943,0.16533248764883968,0.1653324876488399,0.16533248764883968,0.16533248764883943,0.16533248764883968,0.1653324876488399,0.16533248764884034,0.1653324876488399,0.16533248764883968,0.1653324876488399,0.16533248764884034,0.1637574939328136,0.1637574939328127,0.16375749393281222,0.1637574939328127,0.1637574939328136,0.1637574939328127,0.16375749393281178,0.1637574939328113,0.16375749393281178,0.1637574939328127,0.16375749393281222,0.1637574939328113,0.16375749393281086,0.1637574939328113,0.16375749393281222,0.1637574939328127,0.16375749393281178,0.1637574939328113,0.16375749393281178,0.1637574939328127,0.1637574939328136,0.1637574939328127,0.16375749393281222,0.1637574939328127,0.1637574939328136,0.16221388414867347,0.16221388414867097,0.1622138841486694,0.16221388414867097,0.16221388414867347,0.16221388414867097,0.1622138841486685,0.16221388414866666,0.1622138841486685,0.16221388414867097,0.1622138841486694,0.16221388414866666,0.16221388414866508,0.16221388414866666,0.1622138841486694,0.16221388414867097,0.1622138841486685,0.16221388414866666,0.1622138841486685,0.16221388414867097,0.16221388414867347,0.16221388414867097,0.1622138841486694,0.16221388414867097,0.16221388414867347,0.1607010672534647,0.16070106725345715,0.16070106725345223,0.16070106725345715,0.1607010672534647,0.16070106725345715,0.16070106725344893,0.1607010672534438,0.16070106725344893,0.16070106725345715,0.16070106725345223,0.1607010672534438,0.16070106725343825,0.1607010672534438,0.16070106725345223,0.16070106725345715,0.16070106725344893,0.1607010672534438,0.16070106725344893,0.16070106725345715,0.1607010672534647,0.16070106725345715,0.16070106725345223,0.16070106725345715,0.1607010672534647,0.15921845162217674,0.15921845162215345,0.15921845162213843,0.15921845162215345,0.15921845162217674,0.15921845162215345,0.15921845162212778,0.15921845162211123,0.15921845162212778,0.15921845162215345,0.15921845162213843,0.15921845162211123,0.1592184516220934,0.15921845162211123,0.15921845162213843,0.15921845162215345,0.15921845162212778,0.15921845162211123,0.15921845162212778,0.15921845162215345,0.15921845162217674,0.15921845162215345,0.15921845162213843,0.15921845162215345,0.15921845162217674,0.15776544639960904,0.15776544639953904,0.1577654463994936,0.15776544639953904,0.15776544639960904,0.15776544639953904,0.15776544639945905,0.1577654463994057,0.15776544639945905,0.15776544639953904,0.1577654463994936,0.1577654463994057,0.15776544639934598,0.1577654463994057,0.1577654463994936,0.15776544639953904,0.15776544639945905,0.1577654463994057,0.15776544639945905,0.15776544639953904,0.15776544639960904,0.15776544639953904,0.1577654463994936,0.15776544639953904,0.15776544639960904,0.15634146271473745,0.15634146271453253,0.15634146271439492,0.15634146271453253,0.15634146271473745,0.15634146271453253,0.1563414627142843,0.15634146271410884,0.1563414627142843,0.15634146271453253,0.15634146271439492,0.15634146271410884,0.15634146271390142,0.15634146271410884,0.15634146271439492,0.15634146271453253,0.1563414627142843,0.15634146271410884,0.1563414627142843,0.15634146271453253,0.15634146271473745,0.15634146271453253,0.15634146271439492,0.15634146271453253,0.15634146271473745,0.1549459147678936,0.15494591476731487,0.15494591476690686,0.15494591476731487,0.1549459147678936,0.15494591476731487,0.15494591476655642,0.15494591476597974,0.15494591476655642,0.15494591476731487,0.15494591476690686,0.15494591476597974,0.15494591476523584,0.15494591476597974,0.15494591476690686,0.15494591476731487,0.15494591476655642,0.15494591476597974,0.15494591476655642,0.15494591476731487,0.1549459147678936,0.15494591476731487,0.15494591476690686,0.15494591476731487,0.1549459147678936,0.15357822080058614,0.15357822079903663,0.1535782207978591,0.15357822079903663,0.15357822080058614,0.15357822079903663,0.1535782207967862,0.15357822079485448,0.1535782207967862,0.15357822079903663,0.1535782207978591,0.15357822079485448,0.15357822079195693,0.15357822079485448,0.1535782207978591,0.15357822079903663,0.1535782207967862,0.15357822079485448,0.1535782207967862,0.15357822079903663,0.15357822080058614,0.15357822079903663,0.1535782207978591,0.15357822079903663,0.15357822080058614,0.15223780395735007,0.1522378039535487,0.152237803950316,0.1522378039535487,0.15223780395735007,0.1522378039535487,0.1522378039472093,0.15223780394063327,0.1522378039472093,0.1522378039535487,0.152237803950316,0.15223780394063327,0.15223780392807887,0.15223780394063327,0.152237803950316,0.1522378039535487,0.1522378039472093,0.15223780394063327,0.1522378039472093,0.1522378039535487,0.15223780395735007,0.1522378039535487,0.152237803950316,0.1522378039535487,0.15223780395735007,0.1509240930484902,0.15092409304050292,0.15092409303253665,0.15092409304050292,0.1509240930484902,0.15092409304050292,0.15092409302449325,0.15092409300265644,0.15092409302449325,0.15092409304050292,0.15092409303253665,0.15092409300265644,0.15092409294114587,0.15092409300265644,0.15092409303253665,0.15092409304050292,0.15092409302449325,0.15092409300265644,0.15092409302449325,0.15092409304050292,0.1509240930484902,0.15092409304050292,0.15092409303253665,0.15092409304050292,0.1509240930484902,0.14963652322106002,0.14963652320883383,0.14963652319394444,0.14963652320883383,0.14963652322106002,0.14963652320883383,0.1496365231784891,0.1496365231172946,0.1496365231784891,0.14963652320883383,0.14963652319394444,0.1496365231172946,0.14963652277668774,0.1496365231172946,0.14963652319394444,0.14963652320883383,0.1496365231784891,0.1496365231172946,0.1496365231784891,0.14963652320883383,0.14963652322106002,0.14963652320883383,0.14963652319394444,0.14963652320883383,0.14963652322106002,0.14837453654045624,0.148374536532776,0.14837453652520266,0.148374536532776,0.14837453654045624,0.148374536532776,0.14837453651756577,0.14837453649742002,0.14837453651756577,0.148374536532776,0.14837453652520266,0.14837453649742002,0.1483745364448077,0.14837453649742002,0.14837453652520266,0.148374536532776,0.14837453651756577,0.14837453649742002,0.14837453651756577,0.148374536532776,0.14837453654045624,0.148374536532776,0.14837453652520266,0.148374536532776,0.14837453654045624,0.14713758248046338,0.1471375824771218,0.1471375824744104,0.1471375824771218,0.14713758248046338,0.1471375824771218,0.14713758247183686,0.14713758246710526,0.14713758247183686,0.1471375824771218,0.1471375824744104,0.14713758246710526,0.1471375824622481,0.14713758246710526,0.1471375824744104,0.1471375824771218,0.14713758247183686,0.14713758246710526,0.14713758247183686,0.1471375824771218,0.14713758248046338,0.1471375824771218,0.1471375824744104,0.1471375824771218,0.14713758248046338,0.1459251183794375,0.1459251183783944,0.1459251183777432,0.1459251183783944,0.1459251183794375,0.1459251183783944,0.14592511837720992,0.14592511837692698,0.14592511837720992,0.1459251183783944,0.1459251183777432,0.14592511837692698,0.14592511838051392,0.14592511837692698,0.1459251183777432,0.1459251183783944,0.14592511837720992,0.14592511837692698,0.14592511837720992,0.1459251183783944,0.1459251183794375,0.1459251183783944,0.1459251183777432,0.1459251183783944,0.1459251183794375,0.14473660981755201,0.1447366098175009,0.14473660981761452,0.1447366098175009,0.14473660981755201,0.1447366098175009,0.14473660981778802,0.1447366098187484,0.14473660981778802,0.1447366098175009,0.14473660981761452,0.1447366098187484,0.14473660982395434,0.1447366098187484,0.14473660981761452,0.1447366098175009,0.14473660981778802,0.1447366098187484,0.14473660981778802,0.1447366098175009,0.14473660981755201,0.1447366098175009,0.14473660981761452,0.1447366098175009,0.14473660981755201,0.14357153093010586,0.14357153093048675,0.14357153093090613,0.14357153093048675,0.14357153093010586,0.14357153093048675,0.14357153093134095,0.14357153093273278,0.14357153093134095,0.14357153093048675,0.14357153093090613,0.14357153093273278,0.14357153093853284,0.14357153093273278,0.14357153093090613,0.14357153093048675,0.14357153093134095,0.14357153093273278,0.14357153093134095,0.14357153093048675,0.14357153093010586,0.14357153093048675,0.14357153093090613,0.14357153093048675,0.14357153093010586,0.14242936466738945,0.1424293646680732,0.14242936466870398,0.1424293646680732,0.14242936466738945,0.1424293646680732,0.14242936466931308,0.14242936467101824,0.14242936466931308,0.1424293646680732,0.14242936466870398,0.14242936467101824,0.14242936467744316,0.14242936467101824,0.14242936466870398,0.1424293646680732,0.14242936466931308,0.14242936467101824,0.14242936466931308,0.1424293646680732,0.14242936466738945,0.1424293646680732,0.14242936466870398,0.1424293646680732,0.14242936466738945,0.14130960300668738,0.14130960300786496,0.1413096030088493,0.14130960300786496,0.14130960300668738,0.14130960300786496,0.14130960300976209,0.141309603011997,0.14130960300976209,0.14130960300786496,0.1413096030088493,0.141309603011997,0.14130960301939632,0.141309603011997,0.1413096030088493,0.14130960300786496,0.14130960300976209,0.141309603011997,0.14130960300976209,0.14130960300786496,0.14130960300668738,0.14130960300786496,0.1413096030088493,0.14130960300786496,0.14130960300668738,0.1402117471205318,0.14021174712288337,0.14021174712476764,0.14021174712288337,0.1402117471205318,0.14021174712288337,0.1402117471265093,0.14021174713020296,0.1402117471265093,0.14021174712288337,0.14021174712476764,0.14021174713020296,0.14021174713973672,0.14021174713020296,0.14021174712476764,0.14021174712288337,0.1402117471265093,0.14021174713020296,0.1402117471265093,0.14021174712288337,0.1402117471205318,0.14021174712288337,0.14021174712476764,0.14021174712288337,0.1402117471205318,0.13913530750481515,0.1391353075099511,0.13913530751428935,0.1391353075099511,0.13913530750481515,0.1391353075099511,0.1391353075184526,0.13913530752713815,0.1391353075184526,0.1391353075099511,0.13913530751428935,0.13913530752713815,0.13913530754371176,0.13913530752713815,0.13913530751428935,0.1391353075099511,0.1391353075184526,0.13913530752713815,0.1391353075184526,0.1391353075099511,0.13913530750481515,0.1391353075099511,0.13913530751428935,0.1391353075099511,0.13913530750481515,0.1380798040700583,0.13807980408066806,0.13807980409114004,0.13807980408066806,0.1380798040700583,0.13807980408066806,0.13807980410168516,0.13807980412989823,0.13807980410168516,0.13807980408066806,0.13807980409114004,0.13807980412989823,0.13807980420794186,0.13807980412989823,0.13807980409114004,0.13807980408066806,0.13807980410168516,0.13807980412989823,0.13807980410168516,0.13807980408066806,0.1380798040700583,0.13807980408066806,0.13807980409114004,0.13807980408066806,0.1380798040700583,0.13704476619998945,0.13704476621649736,0.13704476623634818,0.13704476621649736,0.13704476619998945,0.13704476621649736,0.1370447662568924,0.13704476633743531,0.1370447662568924,0.13704476621649736,0.13704476623634818,0.13704476633743531,0.13704476678230973,0.13704476633743531,0.13704476623634818,0.13704476621649736,0.1370447662568924,0.13704476633743531,0.1370447662568924,0.13704476621649736,0.13704476619998945,0.13704476621649736,0.13704476623634818,0.13704476621649736,0.13704476619998945,0.1360297327879062,0.13602973279932973,0.13602973281047379,0.13602973279932973,0.1360297327879062,0.13602973279932973,0.13602973282163694,0.13602973285136247,0.13602973282163694,0.13602973279932973,0.13602973281047379,0.13602973285136247,0.13602973293365186,0.13602973285136247,0.13602973281047379,0.13602973279932973,0.13602973282163694,0.13602973285136247,0.13602973282163694,0.13602973279932973,0.1360297327879062,0.13602973279932973,0.13602973281047379,0.13602973279932973,0.1360297327879062,0.1350342522658756,0.1350342522730084,0.13503425227888644,0.1350342522730084,0.1350342522658756,0.1350342522730084,0.13503425228445787,0.13503425229578583,0.13503425228445787,0.1350342522730084,0.13503425227888644,0.13503425229578583,0.13503425231634877,0.13503425229578583,0.13503425227888644,0.1350342522730084,0.13503425228445787,0.13503425229578583,0.13503425228445787,0.1350342522730084,0.1350342522658756,0.1350342522730084,0.13503425227888644,0.1350342522730084,0.1350342522658756
0.16533248765554834,0.16533248765554806,0.16533248765554784,0.16533248765554806,0.16533248765554834,0.16533248765554806,0.1653324876555476,0.16533248765554737,0.1653324876555476,0.16533248765554806,0.16533248765554784,0.16533248765554737,0.16533248765554714,0.16533248765554737,0.16533248765554784,0.16533248765554806,0.1653324876555476,0.16533248765554737,0.1653324876555476,0.16533248765554806,0.16533248765554834,0.16533248765554806,0.16533248765554784,0.16533248765554806,0.16533248765554834,0.16375749393938985,0.16375749393938893,0.16375749393938846,0.16375749393938893,0.16375749393938985,0.16375749393938893,0.163757493939388,0.16375749393938754,0.163757493939388,0.16375749393938893,0.16375749393938846,0.16375749393938754,0.16375749393938707,0.16375749393938754,0.16375749393938846,0.16375749393938893,0.163757493939388,0.16375749393938754,0.16375749393938824,0.16375749393938893,0.16375749393938985,0.16375749393938893,0.16375749393938846,0.16375749393938893,0.16375749393938985,0.16221388415512175,0.16221388415511925,0.16221388415511767,0.16221388415511925,0.16221388415512175,0.16221388415511925,0.16221388415511678,0.1622138841551152,0.16221388415511678,0.16221388415511925,0.16221388415511767,0.1622138841551152,0.16221388415511334,0.1622138841551152,0.16221388415511767,0.16221388415511925,0.16221388415511678,0.1622138841551152,0.16221388415511678,0.16221388415511925,0.16221388415512175,0.16221388415511925,0.16221388415511767,0.16221388415511925,0.16221388415512175,0.16070106725978872,0.16070106725978114,0.1607010672597765,0.16070106725978114,0.16070106725978872,0.16070106725978114,0.1607010672597734,0.1607010672597683,0.1607010672597734,0.16070106725978114,0.1607010672597765,0.1607010672597683,0.16070106725976294,0.1607010672597683,0.1607010672597765,0.16070106725978114,0.1607010672597734,0.1607010672597683,0.1607010672597734,0.16070106725978114,0.16070106725978872,0.16070106725978114,0.1607010672597765,0.16070106725978114,0.16070106725978872,0.15921845162837994,0.15921845162835732,0.15921845162834272,0.15921845162835732,0.15921845162837994,0.15921845162835732,0.15921845162833226,0.15921845162831635,0.15921845162833226,0.15921845162835732,0.15921845162834272,0.15921845162831635,0.15921845162829917,0.15921845162831635,0.15921845162834272,0.15921845162835732,0.15921845162833226,0.15921845162831635,0.15921845162833226,0.15921845162835732,0.15921845162837994,0.15921845162835732,0.15921845162834272,0.15921845162835732,0.15921845162837994,0.15776544640569387,0.15776544640562604,0.15776544640558185,0.15776544640562604,0.15776544640569387,0.15776544640562604,0.15776544640554835,0.1577654464054965,0.15776544640554835,0.15776544640562604,0.15776544640558185,0.1577654464054965,0.15776544640543871,0.1577654464054965,0.15776544640558185,0.15776544640562604,0.15776544640554835,0.1577654464054965,0.15776544640554835,0.15776544640562604,0.15776544640569387,0.15776544640562604,0.15776544640558185,0.15776544640562604,0.15776544640569387,0.15634146272070348,0.15634146272050461,0.156341462720371,0.15634146272050461,0.15634146272070348,0.15634146272050461,0.15634146272026372,0.15634146272009375,0.15634146272026372,0.15634146272050461,0.156341462720371,0.15634146272009375,0.15634146271989235,0.15634146272009375,0.156341462720371,0.15634146272050461,0.15634146272026372,0.15634146272009375,0.15634146272026372,0.15634146272050461,0.15634146272070348,0.15634146272050461,0.156341462720371,0.15634146272050461,0.15634146272070348,0.15494591477373232,0.15494591477317038,0.15494591477277406,0.15494591477317038,0.15494591477373232,0.15494591477317038,0.1549459147724343,0.1549459147718746,0.1549459147724343,0.15494591477317038,0.15494591477277406,0.1549459147718746,0.15494591477115263,0.1549459147718746,0.15494591477277406,0.15494591477317038,0.1549459147724343,0.1549459147718746,0.1549459147724343,0.15494591477317038,0.15494591477373232,0.15494591477317038,0.15494591477277406,0.15494591477317038,0.15494591477373232,0.15357822080626599,0.15357822080476086,0.15357822080361727,0.15357822080476086,0.15357822080626599,0.15357822080476086,0.15357822080257588,0.15357822080070122,0.15357822080257588,0.15357822080476086,0.15357822080361727,0.15357822080070122,0.15357822079789085,0.15357822080070122,0.15357822080361727,0.15357822080476086,0.15357822080257588,0.15357822080070122,0.15357822080257588,0.15357822080476086,0.15357822080626599,0.15357822080476086,0.15357822080361727,0.15357822080476086,0.15357822080626599,0.15223780396278203,0.15223780395908776,0.15223780395594777,0.15223780395908776,0.15223780396278203,0.15223780395908776,0.1522378039529312,0.15223780394654987,0.1522378039529312,0.15223780395908776,0.15223780395594777,0.15223780394654987,0.15223780393437633,0.15223780394654987,0.15223780395594777,0.15223780395908776,0.1522378039529312,0.15223780394654987,0.1522378039529312,0.15223780395908776,0.15223780396278203,0.15223780395908776,0.15223780395594777,0.15223780395908776,0.15223780396278203,0.15092409305345342,0.15092409304568397,0.15092409303794227,0.15092409304568397,0.15092409305345342,0.15092409304568397,0.15092409303012808,0.15092409300893658,0.15092409303012808,0.15092409304568397,0.15092409303794227,0.15092409300893658,0.15092409294931158,0.15092409300893658,0.15092409303794227,0.15092409304568397,0.15092409303012808,0.15092409300893658,0.15092409303012808,0.15092409304568397,0.15092409305345342,0.15092409304568397,0.15092409303794227,0.15092409304568397,0.15092409305345342,0.1496365232251015,0.1496365232131786,0.14963652319868534,0.1496365232131786,0.1496365232251015,0.1496365232131786,0.14963652318364504,0.14963652312422301,0.14963652318364504,0.1496365232131786,0.14963652319868534,0.14963652312422301,0.14963652279412634,0.14963652312422301,0.14963652319868534,0.1496365232131786,0.14963652318364504,0.14963652312422301,0.14963652318364504,0.1496365232131786,0.1496365232251015,0.1496365232131786,0.14963652319868534,0.1496365232131786,0.1496365232251015,0.14837453654293745,0.14837453653534097,0.14837453652782823,0.14837453653534097,0.14837453654293745,0.14837453653534097,0.1483745365202497,0.14837453650008806,0.1483745365202497,0.14837453653534097,0.14837453652782823,0.14837453650008806,0.1483745364459091,0.14837453650008806,0.14837453652782823,0.14837453653534097,0.1483745365202497,0.14837453650008806,0.1483745365202497,0.14837453653534097,0.14837453654293745,0.14837453653534097,0.14837453652782823,0.14837453653534097,0.14837453654293745,0.1471375824811909,0.1471375824777841,0.14713758247497427,0.1471375824777841,0.1471375824811909,0.1471375824777841,0.14713758247229408,0.14713758246709888,0.14713758247229408,0.1471375824777841,0.14713758247497427,0.14713758246709888,0.1471375824597294,0.14713758246709888,0.14713758247497427,0.1471375824777841,0.14713758247229408,0.14713758246709888,0.14713758247229408,0.1471375824777841,0.1471375824811909,0.1471375824777841,0.14713758247497427,0.1471375824777841,0.1471375824811909,0.14592511837852226,0.1459251183773748,0.14592511837660274,0.1459251183773748,0.14592511837852226,0.1459251183773748,0.14592511837594355,0.14592511837523253,0.14592511837594355,0.1459251183773748,0.14592511837660274,0.14592511837523253,0.1459251183769455,0.14592511837523253,0.14592511837660274,0.1459251183773748,0.14592511837594355,0.14592511837523253,0.14592511837594355,0.1459251183773748,0.14592511837852226,0.1459251183773748,0.14592511837660274,0.1459251183773748,0.14592511837852226,0.14473660981518655,0.14473660981504707,0.1447366098150682,0.14473660981504707,0.14473660981518655,0.14473660981504707,0.14473660981514727,0.14473660981581754,0.14473660981514727,0.14473660981504707,0.1447366098150682,0.14473660981581754,0.144736609819843,0.14473660981581754,0.1447366098150682,0.14473660981504707,0.14473660981514727,0.14473660981581754,0.14473660981514727,0.14473660981504707,0.14473660981518655,0.14473660981504707,0.1447366098150682,0.14473660981504707,0.14473660981518655,0.1435715309264507,0.14357153092677447,0.14357153092713856,0.14357153092677447,0.1435715309264507,0.14357153092677447,0.1435715309275183,0.1435715309287549,0.1435715309275183,0.14357153092677447,0.14357153092713856,0.1435715309287549,0.1435715309339937,0.1435715309287549,0.14357153092713856,0.14357153092677447,0.1435715309275183,0.1435715309287549,0.1435715309275183,0.14357153092677447,0.1435715309264507,0.14357153092677447,0.14357153092713856,0.14357153092677447,0.1435715309264507,0.1424293646625416,0.1424293646631943,0.14242936466379838,0.1424293646631943,0.1424293646625416,0.1424293646631943,0.1424293646643822,0.14242936466602615,0.1424293646643822,0.1424293646631943,0.14242936466379838,0.14242936466602615,0.14242936467229939,0.14242936466602615,0.14242936466379838,0.1424293646631943,0.1424293646643822,0.14242936466602615,0.1424293646643822,0.1424293646631943,0.1424293646625416,0.1424293646631943,0.14242936466379838,0.1424293646631943,0.1424293646625416,0.14130960300069048,0.14130960300184914,0.14130960300282014,0.14130960300184914,0.14130960300069048,0.14130960300184914,0.14130960300372175,0.14130960300594086,0.14130960300372175,0.14130960300184914,0.14130960300282014,0.14130960300594086,0.14130960301332984,0.14130960300594086,0.14130960300282014,0.14130960300184914,0.14130960300372175,0.14130960300594086,0.14130960300372175,0.14130960300184914,0.14130960300069048,0.14130960300184914,0.14130960300282014,0.14130960300184914,0.14130960300069048,0.14021174711340428,0.14021174711572892,0.14021174711759524,0.14021174711572892,0.14021174711340428,0.14021174711572892,0.14021174711932147,0.14021174712299916,0.14021174711932147,0.14021174711572892,0.14021174711759524,0.14021174712299916,0.14021174713258402,0.14021174712299916,0.14021174711759524,0.14021174711572892,0.14021174711932147,0.14021174712299916,0.14021174711932147,0.14021174711572892,0.14021174711340428,0.14021174711572892,0.14021174711759524,0.14021174711572892,0.14021174711340428,0.1391353074965908,0.13913530750166223,0.13913530750594708,0.13913530750166223,0.1391353074965908,0.13913530750166223,0.13913530751005923,0.1391353075186411,0.13913530751005923,0.13913530750166223,0.13913530750594708,0.1391353075186411,0.13913530753502715,0.1391353075186411,0.13913530750594708,0.13913530750166223,0.13913530751005923,0.1391353075186411,0.13913530751005923,0.13913530750166223,0.1391353074965908,0.13913530750166223,0.13913530750594708,0.13913530750166223,0.1391353074965908,0.13807980406084852,0.1380798040713194,0.13807980408165413,0.1380798040713194,0.13807980406084852,0.1380798040713194,0.13807980409206097,0.1380798041199033,0.13807980409206097,0.1380798040713194,0.13807980408165413,0.1380798041199033,0.13807980419691795,0.1380798041199033,0.13807980408165413,0.1380798040713194,0.13807980409206097,0.1380798041199033,0.13807980409206097,0.1380798040713194,0.13807980406084852,0.1380798040713194,0.13807980408165413,0.1380798040713194,0.13807980406084852,0.13704476619006004,0.13704476620634976,0.13704476622593767,0.13704476620634976,0.13704476619006004,0.13704476620634976,0.13704476624620993,0.13704476632568555,0.13704476624620993,0.13704476620634976,0.13704476622593767,0.13704476632568555,0.13704476676466137,0.13704476632568555,0.13704476622593767,0.13704476620634976,0.13704476624620993,0.13704476632568555,0.13704476624620993,0.13704476620634976,0.13704476619006004,0.13704476620634976,0.13704476622593767,0.13704476620634976,0.13704476619006004,0.136029732777689,0.13602973278896113,0.1360297327999576,0.13602973278896113,0.136029732777689,0.13602973278896113,0.1360297328109728,0.13602973284030426,0.1360297328109728,0.13602973278896113,0.1360297327999576,0.13602973284030426,0.13602973292150236,0.13602973284030426,0.1360297327999576,0.13602973278896113,0.1360297328109728,0.13602973284030426,0.1360297328109728,0.13602973278896113,0.136029732777689,0.13602973278896113,0.1360297327999576,0.13602973278896113,0.136029732777689,0.135034252255669,0.13503425226270735,0.13503425226850757,0.13503425226270735,0.135034252255669,0.13503425226270735,0.13503425227400515,0.13503425228518293,0.13503425227400515,0.13503425226270746,0.13503425226850757,0.13503425228518293,0.13503425230547314,0.13503425228518293,0.13503425226850757,0.13503425226270735,0.13503425227400515,0.13503425228518293,0.13503425227400515,0.13503425226270735,0.135034252255669,0.13503425226270746,0.13503425226850757,0.13503425226270735,0.135034252255669
0.1653324876624795,0.16533248766247902,0.16533248766247882,0.16533248766247902,0.1653324876624795,0.16533248766247902,0.16533248766247882,0.16533248766247854,0.16533248766247882,0.16533248766247902,0.16533248766247882,0.16533248766247854,0.16533248766247832,0.16533248766247854,0.16533248766247882,0.16533248766247902,0.16533248766247882,0.16533248766247854,0.16533248766247882,0.16533248766247902,0.1653324876624795,0.16533248766247902,0.16533248766247882,0.16533248766247902,0.1653324876624795,0.1637574939461844,0.1637574939461837,0.16375749394618325,0.1637574939461837,0.1637574939461844,0.1637574939461837,0.16375749394618305,0.1637574939461823,0.16375749394618305,0.1637574939461837,0.16375749394618325,0.1637574939461823,0.16375749394618186,0.1637574939461823,0.16375749394618325,0.1637574939461837,0.16375749394618305,0.1637574939461823,0.16375749394618305,0.1637574939461837,0.1637574939461844,0.1637574939461837,0.16375749394618325,0.1637574939461837,0.1637574939461844,0.162213884161784,0.16221388416178173,0.16221388416178015,0.16221388416178173,0.162213884161784,0.16221388416178173,0.16221388416177926,0.16221388416177765,0.16221388416177926,0.16221388416178173,0.16221388416178015,0.16221388416177765,0.1622138841617761,0.16221388416177765,0.16221388416178015,0.16221388416178173,0.16221388416177926,0.16221388416177765,0.16221388416177926,0.16221388416178173,0.162213884161784,0.16221388416178173,0.16221388416178015,0.16221388416178173,0.162213884161784,0.16070106726632244,0.1607010672663151,0.16070106726631067,0.1607010672663151,0.16070106726632244,0.1607010672663151,0.1607010672663076,0.16070106726630268,0.1607010672663076,0.1607010672663151,0.16070106726631067,0.16070106726630268,0.16070106726629757,0.16070106726630268,0.16070106726631067,0.1607010672663151,0.1607010672663076,0.16070106726630268,0.1607010672663076,0.1607010672663151,0.16070106726632244,0.1607010672663151,0.16070106726631067,0.1607010672663151,0.16070106726632244,0.15921845163478843,0.15921845163476667,0.1592184516347525,0.15921845163476667,0.15921845163478843,0.15921845163476667,0.1592184516347425,0.15921845163472706,0.1592184516347425,0.15921845163476667,0.1592184516347525,0.15921845163472706,0.1592184516347105,0.15921845163472706,0.1592184516347525,0.15921845163476667,0.1592184516347425,0.15921845163472706,0.1592184516347425,0.15921845163476667,0.15921845163478843,0.15921845163476667,0.1592184516347525,0.15921845163476667,0.15921845163478843,0.15776544641197995,0.1577654464119142,0.15776544641187154,0.1577654464119142,0.15776544641197995,0.1577654464119142,0.1577654464118391,0.15776544641178897,0.1577654464118391,0.1577654464119142,0.15776544641187154,0.15776544641178897,0.15776544641173326,0.15776544641178897,0.15776544641187154,0.1577654464119142,0.1577654464118391,0.15776544641178897,0.1577654464118391,0.1577654464119142,0.15776544641197995,0.1577654464119142,0.15776544641187154,0.1577654464119142,0.15776544641197995,0.15634146272686647,0.15634146272667387,0.15634146272654445,0.15634146272667387,0.15634146272686647,0.15634146272667387,0.15634146272644053,0.15634146272627616,0.15634146272644053,0.15634146272667387,0.15634146272654445,0.15634146272627616,0.1563414627260811,0.15634146272627616,0.15634146272654445,0.15634146272667387,0.15634146272644053,0.15634146272627616,0.15634146272644073,0.15634146272667387,0.15634146272686647,0.15634146272667387,0.15634146272654445,0.15634146272667387,0.15634146272686647,0.15494591477976305,0.15494591477921835,0.15494591477883451,0.15494591477921835,0.15494591477976305,0.15494591477921835,0.1549459147785056,0.15494591477796354,0.1549459147785056,0.15494591477921835,0.15494591477883451,0.15494591477796354,0.15494591477726452,0.15494591477796354,0.15494591477883451,0.15494591477921835,0.1549459147785056,0.15494591477796354,0.1549459147785056,0.15494591477921835,0.15494591477976305,0.15494591477921835,0.15494591477883451,0.15494591477921835,0.15494591477976305,0.15357822081213163,0.1535782208106725,0.15357822080956465,0.1535782208106725,0.15357822081213163,0.1535782208106725,0.15357822080855582,0.15357822080674058,0.15357822080855582,0.1535782208106725,0.15357822080956465,0.15357822080674058,0.15357822080402078,0.15357822080674058,0.15357822080956465,0.1535782208106725,0.15357822080855582,0.15357822080674058,0.15357822080855582,0.1535782208106725,0.15357822081213163,0.1535782208106725,0.15357822080956465,0.1535782208106725,0.15357822081213163,0.1522378039683898,0.15223780396480693,0.1522378039617636,0.15223780396480693,0.1522378039683898,0.15223780396480693,0.1522378039588407,0.15223780395266193,0.1522378039588407,0.15223780396480693,0.1522378039617636,0.15223780395266193,0.15223780394088485,0.15223780395266193,0.1522378039617636,0.15223780396480693,0.1522378039588407,0.15223780395266193,0.1522378039588407,0.15223780396480693,0.1522378039683898,0.15223780396480693,0.1522378039617636,0.15223780396480693,0.1522378039683898,0.15092409305857393,0.15092409305103055,0.15092409304352286,0.15092409305103055,0.15092409305857393,0.15092409305103055,0.15092409303594692,0.1509240930154272,0.15092409303594692,0.15092409305103055,0.15092409304352286,0.1509240930154272,0.15092409295776438,0.1509240930154272,0.15092409304352286,0.15092409305103055,0.15092409303594692,0.1509240930154272,0.15092409303594692,0.15092409305103055,0.15092409305857393,0.15092409305103055,0.15092409304352286,0.15092409305103055,0.15092409305857393,0.14963652322926266,0.14963652321765555,0.1496365232035741,0.14963652321765555,0.14963652322926266,0.14963652321765555,0.14963652318896567,0.14963652313138795,0.14963652318896567,0.14963652321765555,0.1496365232035741,0.14963652313138795,0.1496365228122546,0.14963652313138795,0.1496365232035741,0.14963652321765555,0.14963652318896567,0.14963652313138795,0.14963652318896567,0.14963652321765555,0.14963652322926266,0.14963652321765555,0.1496365232035741,0.14963652321765555,0.14963652322926266,0.1483745365454757,0.1483745365379656,0.1483745365305157,0.1483745365379656,0.1483745365454757,0.1483745365379656,0.14837453652299723,0.14837453650281815,0.14837453652299723,0.1483745365379656,0.1483745365305157,0.14837453650281815,0.14837453644697213,0.14837453650281815,0.1483745365305157,0.1483745365379656,0.14837453652299723,0.14837453650281815,0.14837453652299723,0.1483745365379656,0.1483745365454757,0.1483745365379656,0.1483745365305157,0.1483745365379656,0.1483745365454757,0.14713758248190575,0.1471375824784301,0.1471375824755167,0.1471375824784301,0.14713758248190575,0.1471375824784301,0.14713758247272443,0.1471375824670442,0.14713758247272443,0.1471375824784301,0.1471375824755167,0.1471375824670442,0.14713758245708375,0.1471375824670442,0.1471375824755167,0.1471375824784301,0.14713758247272443,0.1471375824670442,0.14713758247272443,0.1471375824784301,0.14713758248190575,0.1471375824784301,0.1471375824755167,0.1471375824784301,0.14713758248190575,0.14592511837753117,0.14592511837627348,0.14592511837537409,0.14592511837627348,0.14592511837753117,0.14592511837627348,0.14592511837458205,0.14592511837342126,0.14592511837458205,0.14592511837627348,0.14592511837537409,0.14592511837342126,0.1459251183731497,0.14592511837342126,0.14592511837537409,0.14592511837627348,0.14592511837458205,0.14592511837342126,0.14592511837458205,0.14592511837627348,0.14592511837753117,0.14592511837627348,0.14592511837537409,0.14592511837627348,0.14592511837753117,0.1447366098126929,0.14473660981245953,0.14473660981238223,0.14473660981245953,0.1447366098126929,0.14473660981245953,0.14473660981236092,0.14473660981272277,0.14473660981236092,0.14473660981245953,0.14473660981238223,0.14473660981272277,0.14473660981552602,0.14473660981272277,0.14473660981238223,0.14473660981245953,0.14473660981236092,0.14473660981272277,0.14473660981236092,0.14473660981245953,0.1447366098126929,0.14473660981245953,0.14473660981238223,0.14473660981245953,0.1447366098126929,0.14357153092262617,0.14357153092288813,0.14357153092319186,0.14357153092288813,0.14357153092262617,0.14357153092288813,0.14357153092351166,0.14357153092457842,0.14357153092351166,0.14357153092288813,0.14357153092319186,0.14357153092457842,0.1435715309291772,0.14357153092457842,0.14357153092319186,0.14357153092288813,0.14357153092351166,0.14357153092457842,0.14357153092351166,0.14357153092288813,0.14357153092262617,0.14357153092288813,0.14357153092319186,0.14357153092288813,0.14357153092262617,0.14242936465749295,0.1424293646581104,0.14242936465868347,0.1424293646581104,0.14242936465749295,0.1424293646581104,0.14242936465923753,0.14242936466080786,0.14242936465923753,0.1424293646581104,0.14242936465868347,0.14242936466080786,0.14242936466685768,0.14242936466080786,0.14242936465868347,0.1424293646581104,0.14242936465923753,0.14242936466080786,0.14242936465923753,0.1424293646581104,0.14242936465749295,0.1424293646581104,0.14242936465868347,0.1424293646581104,0.14242936465749295,0.14130960299446937,0.14130960299560535,0.1413096029965594,0.14130960299560535,0.14130960299446937,0.14130960299560535,0.14130960299744605,0.14130960299963788,0.14130960299744605,0.14130960299560535,0.1413096029965594,0.14130960299963788,0.14130960300697717,0.14130960299963788,0.1413096029965594,0.14130960299560535,0.14130960299744605,0.14130960299963788,0.14130960299744605,0.14130960299560535,0.14130960299446937,0.14130960299560535,0.1413096029965594,0.14130960299560535,0.14130960299446937,0.14021174710603632,0.14021174710833129,0.14021174711017648,0.14021174710833129,0.14021174710603632,0.14021174710833129,0.14021174711188433,0.14021174711553652,0.14021174711188433,0.14021174710833129,0.14021174711017648,0.14021174711553652,0.14021174712516027,0.14021174711553652,0.14021174711017648,0.14021174710833129,0.14021174711188433,0.14021174711553652,0.14021174711188433,0.14021174710833129,0.14021174710603632,0.14021174710833129,0.14021174711017648,0.14021174710833129,0.14021174710603632,0.13913530748811567,0.13913530749312086,0.1391353074973502,0.13913530749312086,0.13913530748811567,0.13913530749312086,0.13913530750140973,0.1391353075098839,0.13913530750140973,0.13913530749312086,0.1391353074973502,0.1391353075098839,0.13913530752607325,0.1391353075098839,0.1391353074973502,0.13913530749312086,0.13913530750140973,0.1391353075098839,0.13913530750140973,0.13913530749312086,0.13913530748811567,0.13913530749312086,0.1391353074973502,0.13913530749312086,0.13913530748811567,0.1380798040513815,0.13807980406171178,0.13807980407190762,0.13807980406171178,0.1380798040513815,0.13807980406171178,0.13807980408217477,0.13807980410964218,0.13807980408217477,0.13807980406171178,0.13807980407190762,0.13807980410964218,0.13807980418561824,0.13807980410964218,0.13807980407190762,0.13807980406171178,0.13807980408217477,0.13807980410964218,0.13807980408217477,0.13807980406171178,0.1380798040513815,0.13807980406171178,0.13807980407190762,0.13807980406171178,0.1380798040513815,0.13704476617987002,0.13704476619593958,0.13704476621526268,0.13704476619593958,0.13704476617987002,0.13704476619593958,0.13704476623526063,0.13704476631365978,0.13704476623526063,0.13704476619593958,0.13704476621526268,0.13704476631365978,0.1370447667466845,0.13704476631365978,0.13704476621526268,0.13704476619593958,0.13704476623526063,0.13704476631365978,0.13704476623526063,0.13704476619593958,0.13704476617987002,0.13704476619593958,0.13704476621526268,0.13704476619593958,0.13704476617987002,0.13602973276721206,0.1360297327783318,0.1360297327891793,0.1360297327783318,0.13602973276721206,0.1360297327783318,0.13602973280004527,0.13602973282897954,0.13602973280004527,0.1360297327783318,0.1360297327891793,0.13602973282897954,0.13602973290907747,0.13602973282897954,0.1360297327891793,0.1360297327783318,0.13602973280004527,0.13602973282897954,0.13602973280004527,0.1360297327783318,0.13602973276721206,0.1360297327783318,0.1360297327891793,0.1360297327783318,0.13602973276721206,0.13503425224520618,0.13503425225214932,0.13503425225787105,0.13503425225214932,0.13503425224520618,0.13503425225214932,0.13503425226329405,0.1350342522743203,0.13503425226329405,0.13503425225214932,0.13503425225787105,0.1350342522743203,0.13503425229433574,0.1350342522743203,0.13503425225787105,0.13503425225214932,0.13503425226329405,0.1350342522743203,0.13503425226329405,0.13503425225214932,0.13503425224520618,0.13503425225214932,0.13503425225787105,0.13503425225214932,0.13503425224520618
0.16533248766963016,0.16533248766962969,0.16533248766962969,0.16533248766962969,0.16533248766963016,0.16533248766962969,0.16533248766962946,0.1653324876696292,0.16533248766962946,0.1653324876696299,0.16533248766962969,0.1653324876696292,0.165332487669629,0.1653324876696292,0.16533248766962969,0.16533248766962969,0.16533248766962946,0.1653324876696292,0.16533248766962946,0.16533248766962969,0.16533248766963016,0.1653324876696299,0.16533248766962969,0.16533248766962969,0.16533248766963016,0.16375749395319453,0.16375749395319383,0.1637574939531934,0.16375749395319383,0.16375749395319453,0.16375749395319383,0.16375749395319292,0.16375749395319245,0.16375749395319292,0.16375749395319383,0.1637574939531934,0.16375749395319245,0.16375749395319197,0.16375749395319245,0.1637574939531934,0.16375749395319383,0.16375749395319292,0.16375749395319245,0.16375749395319292,0.16375749395319383,0.16375749395319453,0.16375749395319383,0.1637574939531934,0.16375749395319383,0.16375749395319453,0.16221388416865729,0.16221388416865504,0.16221388416865368,0.16221388416865504,0.16221388416865729,0.16221388416865504,0.16221388416865254,0.16221388416865118,0.16221388416865254,0.16221388416865504,0.16221388416865368,0.16221388416865118,0.1622138841686496,0.16221388416865118,0.16221388416865368,0.16221388416865504,0.16221388416865254,0.16221388416865118,0.16221388416865254,0.16221388416865504,0.16221388416865729,0.16221388416865504,0.16221388416865368,0.16221388416865504,0.16221388416865729,0.1607010672730628,0.16070106727305591,0.16070106727305145,0.16070106727305591,0.1607010672730628,0.16070106727305591,0.16070106727304834,0.1607010672730437,0.16070106727304834,0.16070106727305591,0.16070106727305145,0.1607010672730437,0.16070106727303882,0.1607010672730437,0.16070106727305145,0.16070106727305591,0.16070106727304834,0.1607010672730437,0.16070106727304834,0.16070106727305591,0.1607010672730628,0.16070106727305591,0.16070106727305145,0.16070106727305591,0.1607010672730628,0.1592184516413996,0.1592184516413783,0.15921845164136478,0.1592184516413783,0.1592184516413996,0.1592184516413783,0.1592184516413552,0.1592184516413402,0.1592184516413552,0.1592184516413783,0.15921845164136478,0.1592184516413402,0.1592184516413243,0.1592184516413402,0.15921845164136478,0.1592184516413783,0.1592184516413552,0.1592184516413402,0.1592184516413552,0.1592184516413783,0.1592184516413996,0.1592184516413783,0.15921845164136478,0.1592184516413783,0.1592184516413996,0.15776544641846416,0.15776544641840062,0.15776544641835943,0.15776544641840062,0.15776544641846416,0.15776544641840062,0.15776544641832804,0.15776544641827983,0.15776544641832804,0.15776544641840062,0.15776544641835943,0.15776544641827983,0.15776544641822607,0.15776544641827983,0.15776544641835943,0.15776544641840062,0.15776544641832804,0.15776544641827983,0.15776544641832804,0.15776544641840062,0.15776544641846416,0.15776544641840062,0.15776544641835943,0.15776544641840062,0.15776544641846416,0.1563414627332231,0.156341462733037,0.156341462732912,0.156341462733037,0.1563414627332231,0.156341462733037,0.1563414627328118,0.1563414627326531,0.1563414627328118,0.156341462733037,0.156341462732912,0.1563414627326531,0.1563414627324647,0.1563414627326531,0.156341462732912,0.156341462733037,0.1563414627328118,0.1563414627326531,0.1563414627328118,0.156341462733037,0.1563414627332231,0.156341462733037,0.156341462732912,0.156341462733037,0.1563414627332231,0.15494591478598255,0.15494591478545608,0.15494591478508513,0.15494591478545608,0.15494591478598255,0.15494591478545608,0.1549459147847675,0.1549459147842437,0.1549459147847675,0.15494591478545608,0.15494591478508513,0.1549459147842437,0.15494591478356864,0.1549459147842437,0.15494591478508513,0.15494591478545608,0.1549459147847675,0.1549459147842437,0.1549459147847675,0.15494591478545608,0.15494591478598255,0.15494591478545608,0.15494591478508513,0.15494591478545608,0.15494591478598255,0.1535782208181802,0.15357822081676908,0.15357822081569777,0.15357822081676908,0.1535782208181802,0.15357822081676908,0.1535782208147229,0.15357822081296932,0.1535782208147229,0.15357822081676908,0.15357822081569777,0.15357822081296932,0.1535782208103435,0.15357822081296932,0.15357822081569777,0.15357822081676908,0.1535782208147229,0.15357822081296932,0.1535782208147229,0.15357822081676908,0.1535782208181802,0.15357822081676908,0.15357822081569777,0.15357822081676908,0.1535782208181802,0.15223780397417078,0.15223780397070344,0.15223780396776052,0.15223780397070344,0.15223780397417078,0.15223780397070344,0.15223780396493486,0.1522378039589665,0.15223780396493486,0.15223780397070344,0.15223780396776052,0.1522378039589665,0.1522378039476012,0.1522378039589665,0.15223780396776052,0.15223780397070344,0.15223780396493486,0.1522378039589665,0.15223780396493486,0.15223780397070344,0.15223780397417078,0.15223780397070344,0.15223780396776052,0.15223780397070344,0.15223780397417078,0.15092409306384874,0.15092409305654053,0.15092409304927557,0.15092409305654053,0.15092409306384874,0.15092409305654053,0.15092409304194712,0.1509240930221246,0.15092409304194712,0.15092409305654053,0.15092409304927557,0.1509240930221246,0.1509240929664994,0.1509240930221246,0.15092409304927557,0.15092409305654053,0.15092409304194712,0.1509240930221246,0.15092409304194712,0.15092409305654053,0.15092409306384874,0.15092409305654053,0.15092409304927557,0.15092409305654053,0.15092409306384874,0.1496365232335418,0.149636523222262,0.14963652320860826,0.149636523222262,0.1496365232335418,0.149636523222262,0.14963652319444815,0.14963652313878567,0.14963652319444815,0.149636523222262,0.14963652320860826,0.14963652313878567,0.14963652283104742,0.14963652313878567,0.14963652320860826,0.149636523222262,0.14963652319444815,0.14963652313878567,0.14963652319444815,0.149636523222262,0.1496365232335418,0.149636523222262,0.14963652320860826,0.149636523222262,0.1496365232335418,0.14837453654806976,0.14837453654064917,0.14837453653326396,0.14837453654064917,0.14837453654806976,0.14837453654064917,0.14837453652580737,0.14837453650560922,0.14837453652580737,0.14837453654064917,0.14837453653326396,0.14837453650560922,0.14837453644806226,0.14837453650560922,0.14837453653326396,0.14837453654064917,0.14837453652580737,0.14837453650560922,0.14837453652580737,0.14837453654064917,0.14837453654806976,0.14837453654064917,0.14837453653326396,0.14837453654064917,0.14837453654806976,0.14713758248260786,0.14713758247905973,0.14713758247603803,0.14713758247905973,0.14713758248260786,0.14713758247905973,0.14713758247312841,0.14713758246694192,0.14713758247312841,0.14713758247905973,0.14713758247603803,0.14713758246694192,0.14713758245427172,0.14713758246694192,0.14713758247603803,0.14713758247905973,0.14713758247312841,0.14713758246694192,0.14713758247312841,0.14713758247905973,0.14713758248260786,0.14713758247905973,0.14713758247603803,0.14713758247905973,0.14713758248260786,0.14592511837646507,0.1459251183750913,0.14592511837405855,0.1459251183750913,0.14592511837646507,0.1459251183750913,0.14592511837312727,0.14592511837149497,0.14592511837312727,0.1459251183750913,0.14592511837405855,0.14592511837149497,0.14592511836913757,0.14592511837149497,0.14592511837405855,0.1459251183750913,0.14592511837312727,0.14592511837149497,0.14592511837312727,0.1459251183750913,0.14592511837646507,0.1459251183750913,0.14592511837405855,0.1459251183750913,0.14592511837646507,0.1447366098100731,0.14473660980973987,0.14473660980955852,0.14473660980973987,0.1447366098100731,0.14473660980973987,0.1447366098094311,0.1447366098094667,0.1447366098094311,0.14473660980973987,0.14473660980955852,0.1447366098094667,0.14473660981096084,0.1447366098094667,0.14473660980955852,0.14473660980973987,0.1447366098094311,0.1447366098094667,0.1447366098094311,0.14473660980973987,0.1447366098100731,0.14473660980973987,0.14473660980955852,0.14473660980973987,0.1447366098100731,0.14357153091863478,0.14357153091882985,0.14357153091906857,0.14357153091882985,0.14357153091863478,0.14357153091882985,0.14357153091932334,0.14357153092020594,0.14357153091932334,0.14357153091882985,0.14357153091906857,0.14357153092020594,0.1435715309241318,0.14357153092020594,0.14357153091906857,0.14357153091882985,0.14357153091932334,0.14357153092020594,0.14357153091932334,0.14357153091882985,0.14357153091863478,0.14357153091882985,0.14357153091906857,0.14357153091882985,0.14357153091863478,0.14242936465224615,0.14242936465282421,0.1424293646533622,0.14242936465282421,0.14242936465224615,0.14242936465282421,0.1424293646538824,0.14242936465536668,0.1424293646538824,0.14242936465282421,0.1424293646533622,0.14242936465536668,0.14242936466112274,0.14242936465536668,0.1424293646533622,0.14242936465282421,0.1424293646538824,0.14242936465536668,0.1424293646538824,0.14242936465282421,0.14242936465224615,0.14242936465282421,0.1424293646533622,0.14242936465282421,0.14242936465224615,0.14130960298802725,0.14130960298913692,0.14130960299007042,0.14130960298913692,0.14130960298802725,0.14130960298913692,0.1413096029909383,0.1413096029930915,0.1413096029909383,0.14130960298913692,0.14130960299007042,0.1413096029930915,0.141309603000365,0.1413096029930915,0.14130960299007042,0.14130960298913692,0.1413096029909383,0.1413096029930915,0.1413096029909383,0.14130960298913692,0.14130960298802725,0.14130960298913692,0.14130960299007042,0.14130960298913692,0.14130960298802725,0.1402117470984318,0.14021174710069403,0.14021174710251522,0.14021174710069403,0.1402117470984318,0.14021174710069403,0.1402117471042016,0.14021174710781897,0.1402117471042016,0.14021174710069403,0.14021174710251522,0.14021174710781897,0.14021174711738693,0.14021174710781897,0.14021174710251522,0.14021174710069403,0.1402117471042016,0.14021174710781897,0.1402117471042016,0.14021174710069403,0.1402117470984318,0.14021174710069403,0.14021174710251522,0.14021174710069403,0.1402117470984318,0.1391353074793939,0.13913530748433064,0.13913530748850306,0.13913530748433064,0.1391353074793939,0.13913530748433064,0.13913530749250802,0.13913530750087072,0.13913530749250802,0.13913530748433064,0.13913530748850306,0.13913530750087072,0.13913530751685427,0.13913530750087072,0.13913530748850306,0.13913530748433064,0.13913530749250802,0.13913530750087072,0.13913530749250802,0.13913530748433064,0.1391353074793939,0.13913530748433064,0.13913530748850306,0.13913530748433064,0.1391353074793939,0.13807980404166165,0.13807980405184941,0.13807980406190482,0.13807980405184941,0.13807980404166165,0.13807980405184941,0.13807980407203055,0.13807980409911955,0.13807980407203055,0.13807980405184941,0.13807980406190482,0.13807980409911955,0.13807980417404733,0.13807980409911955,0.13807980406190482,0.13807980405184941,0.13807980407203055,0.13807980409911955,0.13807980407203055,0.13807980405184941,0.13807980404166165,0.13807980405184941,0.13807980406190482,0.13807980405184941,0.13807980404166165,0.13704476616942426,0.13704476618527156,0.13704476620432735,0.13704476618527156,0.13704476616942426,0.13704476618527156,0.1370447662240487,0.13704476630136336,0.1370447662240487,0.13704476618527156,0.13704476620432735,0.13704476630136336,0.13704476672840532,0.13704476630136336,0.13704476620432735,0.13704476618527156,0.1370447662240487,0.13704476630136336,0.1370447662240487,0.13704476618527156,0.13704476616942426,0.13704476618527156,0.13704476620432735,0.13704476618527156,0.13704476616942426,0.13602973275647998,0.13602973276744584,0.13602973277814334,0.13602973276744584,0.13602973275647998,0.13602973276744584,0.136029732788859,0.13602973281739275,0.136029732788859,0.13602973276744584,0.13602973277814334,0.13602973281739275,0.13602973289638212,0.13602973281739275,0.13602973277814334,0.13602973276744584,0.136029732788859,0.13602973281739275,0.136029732788859,0.13602973276744584,0.13602973275647998,0.13602973276744584,0.13602973277814334,0.13602973276744584,0.13602973275647998,0.13503425223449153,0.1350342522413386,0.1350342522469811,0.1350342522413386,0.13503425223449153,0.1350342522413386,0.13503425225232918,0.13503425226320276,0.13503425225232918,0.1350342522413386,0.1350342522469811,0.13503425226320276,0.13503425228294108,0.13503425226320276,0.1350342522469811,0.1350342522413386,0.13503425225232918,0.13503425226320276,0.135034252252329,0.1350342522413386,0.13503425223449153,0.1350342522413386,0.1350342522469811,0.1350342522413386,0.13503425223449153
0.1653324876769977,0.16533248767699724,0.16533248767699724,0.16533248767699724,0.1653324876769977,0.16533248767699724,0.165332487676997,0.16533248767699674,0.165332487676997,0.16533248767699724,0.16533248767699724,0.16533248767699674,0.16533248767699651,0.16533248767699674,0.16533248767699724,0.16533248767699724,0.165332487676997,0.16533248767699674,0.165332487676997,0.16533248767699724,0.1653324876769977,0.16533248767699724,0.16533248767699724,0.16533248767699724,0.1653324876769977,0.16375749396041697,0.16375749396041628,0.1637574939604158,0.16375749396041628,0.16375749396041697,0.16375749396041628,0.16375749396041536,0.16375749396041492,0.16375749396041536,0.16375749396041628,0.1637574939604158,0.16375749396041492,0.16375749396041442,0.16375749396041492,0.1637574939604158,0.16375749396041628,0.16375749396041536,0.16375749396041492,0.16375749396041536,0.16375749396041628,0.16375749396041697,0.16375749396041628,0.1637574939604158,0.16375749396041628,0.16375749396041697,0.16221388417573868,0.1622138841757364,0.1622138841757351,0.1622138841757364,0.16221388417573868,0.1622138841757364,0.16221388417573415,0.1622138841757328,0.16221388417573415,0.1622138841757364,0.1622138841757351,0.1622138841757328,0.1622138841757312,0.1622138841757328,0.1622138841757351,0.1622138841757364,0.16221388417573415,0.1622138841757328,0.16221388417573415,0.1622138841757364,0.16221388417573868,0.1622138841757364,0.1622138841757351,0.1622138841757364,0.16221388417573868,0.16070106728000708,0.16070106728000041,0.1607010672799962,0.16070106728000041,0.16070106728000708,0.16070106728000041,0.1607010672799933,0.16070106727998865,0.1607010672799933,0.16070106728000041,0.1607010672799962,0.16070106727998865,0.16070106727998396,0.16070106727998865,0.1607010672799962,0.16070106728000041,0.1607010672799933,0.16070106727998865,0.1607010672799933,0.16070106728000041,0.16070106728000708,0.16070106728000041,0.1607010672799962,0.16070106728000041,0.16070106728000708,0.15921845164821025,0.1592184516481898,0.1592184516481769,0.1592184516481898,0.15921845164821025,0.1592184516481898,0.15921845164816756,0.1592184516481532,0.15921845164816756,0.1592184516481898,0.1592184516481769,0.1592184516481532,0.15921845164813775,0.1592184516481532,0.1592184516481769,0.1592184516481898,0.15921845164816756,0.1592184516481532,0.15921845164816756,0.1592184516481898,0.15921845164821025,0.1592184516481898,0.1592184516481769,0.1592184516481898,0.15921845164821025,0.15776544642514387,0.15776544642508264,0.15776544642504273,0.15776544642508264,0.15776544642514387,0.15776544642508264,0.15776544642501267,0.15776544642496615,0.15776544642501267,0.15776544642508264,0.15776544642504273,0.15776544642496615,0.15776544642491452,0.15776544642496615,0.15776544642504273,0.15776544642508264,0.15776544642501267,0.15776544642496615,0.15776544642501267,0.15776544642508264,0.15776544642514387,0.15776544642508264,0.15776544642504273,0.15776544642508264,0.15776544642514387,0.15634146273977087,0.15634146273959168,0.15634146273947103,0.15634146273959168,0.15634146273977087,0.15634146273959168,0.1563414627393746,0.15634146273922175,0.1563414627393746,0.15634146273959168,0.15634146273947103,0.15634146273922175,0.15634146273904048,0.15634146273922175,0.15634146273947103,0.15634146273959168,0.1563414627393746,0.15634146273922175,0.1563414627393746,0.15634146273959168,0.15634146273977087,0.15634146273959168,0.15634146273947103,0.15634146273959168,0.15634146273977087,0.1549459147923885,0.15494591479188088,0.1549459147915231,0.15494591479188088,0.1549459147923885,0.15494591479188088,0.15494591479121733,0.15494591479071235,0.15494591479121733,0.15494591479188088,0.1549459147915231,0.15494591479071235,0.15494591479006212,0.15494591479071235,0.1549459147915231,0.15494591479188088,0.15494591479121733,0.15494591479071235,0.15494591479121733,0.15494591479188088,0.1549459147923885,0.15494591479188088,0.1549459147915231,0.15494591479188088,0.1549459147923885,0.15357822082440895,0.15357822082304745,0.1535782208220145,0.15357822082304745,0.15357822082440895,0.15357822082304745,0.15357822082107456,0.15357822081938508,0.15357822082107456,0.15357822082304745,0.1535782208220145,0.15357822081938508,0.15357822081685665,0.15357822081938508,0.1535782208220145,0.15357822082304745,0.15357822082107456,0.15357822081938508,0.15357822082107456,0.15357822082304745,0.15357822082440895,0.15357822082304745,0.1535782208220145,0.15357822082304745,0.15357822082440895,0.1522378039801222,0.15223780397677478,0.15223780397393574,0.15223780397677478,0.1522378039801222,0.15223780397677478,0.15223780397121092,0.15223780396546063,0.15223780397121092,0.15223780397677478,0.15223780397393574,0.15223780396546063,0.15223780395452188,0.15223780396546063,0.15223780397393574,0.15223780397677478,0.15223780397121092,0.15223780396546063,0.15223780397121092,0.15223780397677478,0.1522378039801222,0.15223780397677478,0.15223780397393574,0.15223780397677478,0.1522378039801222,0.15092409306927576,0.15092409306221125,0.1509240930551978,0.15092409306221125,0.15092409306927576,0.15092409306221125,0.15092409304812576,0.15092409302902593,0.15092409304812576,0.15092409306221125,0.1509240930551978,0.15092409302902593,0.1509240929755128,0.15092409302902593,0.1509240930551978,0.15092409306221125,0.15092409304812576,0.15092409302902593,0.15092409304812576,0.15092409306221125,0.15092409306927576,0.15092409306221125,0.1509240930551978,0.15092409306221125,0.15092409306927576,0.1496365232379367,0.14963652322699628,0.14963652321378557,0.14963652322699628,0.1496365232379367,0.14963652322699628,0.14963652320009005,0.14963652314641238,0.14963652320009005,0.14963652322699628,0.14963652321378557,0.14963652314641238,0.14963652285045745,0.14963652314641238,0.14963652321378557,0.14963652322699628,0.14963652320009005,0.14963652314641238,0.14963652320009005,0.14963652322699628,0.1496365232379367,0.14963652322699628,0.14963652321378557,0.14963652322699628,0.1496365232379367,0.14837453655071886,0.14837453654339036,0.14837453653607188,0.14837453654339036,0.14837453655071886,0.14837453654339036,0.14837453652867927,0.14837453650846033,0.14837453652867927,0.14837453654339036,0.14837453653607188,0.14837453650846033,0.14837453644910378,0.14837453650846033,0.14837453653607188,0.14837453654339036,0.14837453652867927,0.14837453650846033,0.14837453652867927,0.14837453654339036,0.14837453655071886,0.14837453654339036,0.14837453653607188,0.14837453654339036,0.14837453655071886,0.14713758248329725,0.14713758247967318,0.14713758247653833,0.14713758247967318,0.14713758248329725,0.14713758247967318,0.14713758247350628,0.14713758246679243,0.14713758247350628,0.14713758247967318,0.14713758247653833,0.14713758246679243,0.14713758245129924,0.14713758246679243,0.14713758247653833,0.14713758247967318,0.14713758247350628,0.14713758246679243,0.14713758247350628,0.14713758247967318,0.14713758248329725,0.14713758247967318,0.14713758247653833,0.14713758247967318,0.14713758248329725,0.14592511837532493,0.14592511837382954,0.145925118372657,0.14592511837382954,0.14592511837532493,0.14592511837382954,0.14592511837158006,0.14592511836945504,0.14592511837158006,0.14592511837382954,0.145925118372657,0.14592511836945504,0.14592511836497568,0.14592511836945504,0.145925118372657,0.14592511837382954,0.14592511837158006,0.14592511836945504,0.14592511837158006,0.14592511837382954,0.14592511837532493,0.14592511837382954,0.145925118372657,0.14592511837382954,0.14592511837532493,0.1447366098073283,0.14473660980689002,0.14473660980659867,0.14473660980689002,0.1447366098073283,0.14473660980689002,0.14473660980635938,0.1447366098060511,0.14473660980635938,0.14473660980689002,0.14473660980659867,0.1447366098060511,0.14473660980617242,0.1447366098060511,0.14473660980659867,0.14473660980689002,0.14473660980635938,0.1447366098060511,0.14473660980635938,0.14473660980689002,0.1447366098073283,0.14473660980689002,0.14473660980659867,0.14473660980689002,0.1447366098073283,0.14357153091447863,0.143571530914602,0.1435715309147707,0.143571530914602,0.14357153091447863,0.143571530914602,0.14357153091495586,0.14357153091563998,0.14357153091495586,0.143571530914602,0.1435715309147707,0.14357153091563998,0.14357153091882371,0.14357153091563998,0.1435715309147707,0.143571530914602,0.14357153091495586,0.14357153091563998,0.14357153091495586,0.143571530914602,0.14357153091447863,0.143571530914602,0.1435715309147707,0.143571530914602,0.14357153091447863,0.14242936464680395,0.1424293646473384,0.14242936464783695,0.1424293646473384,0.14242936464680395,0.1424293646473384,0.14242936464831907,0.1424293646497052,0.14242936464831907,0.1424293646473384,0.14242936464783695,0.1424293646497052,0.1424293646551786,0.1424293646497052,0.14242936464783695,0.1424293646473384,0.14242936464831907,0.1424293646497052,0.14242936464831907,0.1424293646473384,0.14242936464680395,0.1424293646473384,0.14242936464783695,0.1424293646473384,0.14242936464680395,0.14130960298136738,0.14130960298244694,0.1413096029833561,0.14130960298244694,0.14130960298136738,0.14130960298244694,0.14130960298420162,0.14130960298630482,0.14130960298420162,0.14130960298244694,0.1413096029833561,0.14130960298630482,0.14130960299341566,0.14130960298630482,0.1413096029833561,0.14130960298244694,0.14130960298420162,0.14130960298630482,0.14130960298420162,0.14130960298244694,0.14130960298136738,0.14130960298244694,0.1413096029833561,0.14130960298244694,0.14130960298136738,0.14021174709059378,0.1402117470928205,0.14021174709461479,0.1402117470928205,0.14021174709059378,0.1402117470928205,0.14021174709627682,0.14021174709985001,0.14021174709627682,0.1402117470928205,0.14021174709461479,0.14021174709985001,0.14021174710937814,0.14021174709985001,0.14021174709461479,0.1402117470928205,0.14021174709627682,0.14021174709985001,0.14021174709627682,0.1402117470928205,0.14021174709059378,0.1402117470928205,0.14021174709461479,0.1402117470928205,0.14021174709059378,0.13913530747042913,0.1391353074752955,0.1391353074794091,0.1391353074752955,0.13913530747042913,0.1391353074752955,0.13913530748335792,0.13913530749160521,0.13913530748335792,0.1391353074752955,0.1391353074794091,0.13913530749160521,0.13913530750737368,0.13913530749160521,0.1391353074794091,0.1391353074752955,0.13913530748335792,0.13913530749160521,0.13913530748335792,0.1391353074752955,0.13913530747042913,0.1391353074752955,0.1391353074794091,0.1391353074752955,0.13913530747042913,0.1380798040316925,0.1380798040417364,0.13807980405164974,0.1380798040417364,0.1380798040316925,0.1380798040417364,0.13807980406163256,0.13807980408833936,0.13807980406163256,0.1380798040417364,0.13807980405164974,0.13807980408833936,0.13807980416220977,0.13807980408833936,0.13807980405164974,0.1380798040417364,0.13807980406163256,0.13807980408833936,0.13807980406163256,0.1380798040417364,0.1380798040316925,0.1380798040417364,0.13807980405164974,0.1380798040417364,0.1380798040316925,0.13704476615872624,0.13704476617434974,0.13704476619313613,0.13704476617434974,0.13704476615872624,0.13704476617434974,0.1370447662125788,0.13704476628880047,0.1370447662125788,0.13704476617434974,0.13704476619313613,0.13704476628880047,0.137044766709821,0.13704476628880047,0.13704476619313613,0.13704476617434974,0.1370447662125788,0.13704476628880047,0.1370447662125788,0.13704476617434974,0.13704476615872624,0.13704476617434974,0.13704476619313613,0.13704476617434974,0.13704476615872624,0.13602973274549682,0.13602973275630761,0.13602973276685393,0.13602973275630761,0.13602973274549682,0.13602973275630761,0.1360297327774181,0.1360297328055485,0.1360297327774181,0.13602973275630761,0.13602973276685393,0.1360297328055485,0.13602973288342105,0.1360297328055485,0.13602973276685393,0.13602973275630761,0.1360297327774181,0.1360297328055485,0.1360297327774181,0.13602973275630761,0.13602973274549682,0.13602973275630761,0.13602973276685393,0.13602973275630761,0.13602973274549682,0.1350342522235292,0.1350342522302794,0.1350342522358422,0.1350342522302794,0.1350342522235292,0.1350342522302794,0.13503425224111457,0.13503425225183444,0.13503425224111457,0.1350342522302794,0.1350342522358422,0.13503425225183444,0.1350342522712936,0.13503425225183444,0.1350342522358422,0.1350342522302794,0.13503425224111457,0.13503425225183444,0.13503425224111457,0.1350342522302794,0.1350342522235292,0.1350342522302794,0.1350342522358422,0.1350342522302794,0.1350342522235292
0.16533248768457762,0.16533248768457717,0.16533248768457717,0.16533248768457717,0.16533248768457762,0.16533248768457717,0.1653324876845769,0.16533248768457667,0.1653324876845769,0.16533248768457717,0.16533248768457717,0.16533248768457667,0.16533248768457667,0.16533248768457667,0.16533248768457717,0.16533248768457717,0.1653324876845769,0.16533248768457667,0.1653324876845769,0.16533248768457717,0.16533248768457762,0.16533248768457717,0.16533248768457717,0.16533248768457717,0.16533248768457762,0.16375749396784758,0.1637574939678469,0.1637574939678464,0.1637574939678469,0.16375749396784758,0.1637574939678469,0.16375749396784617,0.16375749396784572,0.16375749396784617,0.1637574939678469,0.1637574939678464,0.16375749396784572,0.16375749396784525,0.16375749396784572,0.1637574939678464,0.1637574939678469,0.16375749396784617,0.16375749396784572,0.16375749396784617,0.1637574939678469,0.16375749396784758,0.1637574939678469,0.1637574939678464,0.1637574939678469,0.16375749396784758,0.1622138841830241,0.16221388418302182,0.16221388418302068,0.16221388418302182,0.1622138841830241,0.16221388418302182,0.16221388418301977,0.1622138841830184,0.16221388418301977,0.16221388418302182,0.16221388418302068,0.1622138841830184,0.1622138841830168,0.1622138841830184,0.16221388418302068,0.16221388418302182,0.16221388418301977,0.1622138841830184,0.16221388418301977,0.16221388418302182,0.1622138841830241,0.16221388418302182,0.16221388418302068,0.16221388418302182,0.1622138841830241,0.16070106728715128,0.16070106728714487,0.16070106728714062,0.16070106728714487,0.16070106728715128,0.16070106728714487,0.16070106728713798,0.16070106728713351,0.16070106728713798,0.16070106728714487,0.16070106728714062,0.16070106728713351,0.16070106728712907,0.16070106728713351,0.16070106728714062,0.16070106728714487,0.16070106728713798,0.16070106728713351,0.16070106728713798,0.16070106728714487,0.16070106728715128,0.16070106728714487,0.16070106728714062,0.16070106728714487,0.16070106728715128,0.1592184516552168,0.15921845165519719,0.15921845165518458,0.15921845165519719,0.1592184516552168,0.15921845165519719,0.15921845165517567,0.15921845165516196,0.15921845165517567,0.15921845165519719,0.15921845165518458,0.15921845165516196,0.15921845165514714,0.15921845165516196,0.15921845165518458,0.15921845165519719,0.15921845165517567,0.15921845165516196,0.15921845165517567,0.15921845165519719,0.1592184516552168,0.15921845165519719,0.15921845165518458,0.15921845165519719,0.1592184516552168,0.1577654464320152,0.1577654464319563,0.15776544643191812,0.1577654464319563,0.1577654464320152,0.1577654464319563,0.1577654464318893,0.1577654464318447,0.1577654464318893,0.1577654464319563,0.15776544643191812,0.1577654464318447,0.157765446431795,0.1577654464318447,0.15776544643191812,0.1577654464319563,0.1577654464318893,0.1577654464318447,0.1577654464318893,0.1577654464319563,0.1577654464320152,0.1577654464319563,0.15776544643191812,0.1577654464319563,0.1577654464320152,0.1563414627465064,0.1563414627463339,0.15634146274621807,0.1563414627463339,0.1563414627465064,0.1563414627463339,0.15634146274612543,0.15634146274597885,0.15634146274612543,0.1563414627463339,0.15634146274621807,0.15634146274597885,0.15634146274580485,0.15634146274597885,0.15634146274621807,0.1563414627463339,0.15634146274612543,0.15634146274597885,0.15634146274612543,0.1563414627463339,0.1563414627465064,0.1563414627463339,0.15634146274621807,0.1563414627463339,0.1563414627465064,0.15494591479897749,0.15494591479848913,0.15494591479814504,0.15494591479848932,0.15494591479897749,0.15494591479848913,0.15494591479785158,0.15494591479736608,0.15494591479785158,0.15494591479848932,0.15494591479814504,0.15494591479736608,0.15494591479674166,0.15494591479736608,0.15494591479814504,0.15494591479848932,0.15494591479785158,0.15494591479736608,0.15494591479785158,0.15494591479848932,0.15494591479897749,0.15494591479848932,0.15494591479814504,0.15494591479848932,0.15494591479897749,0.15357822083081485,0.15357822082950454,0.15357822082851116,0.15357822082950454,0.15357822083081485,0.15357822082950454,0.15357822082760758,0.15357822082598416,0.15357822082760758,0.15357822082950454,0.15357822082851116,0.15357822082598416,0.1535782208235566,0.15357822082598416,0.15357822082851116,0.15357822082950454,0.15357822082760758,0.15357822082598416,0.1535782208276078,0.15357822082950454,0.15357822083081485,0.15357822082950454,0.15357822082851116,0.15357822082950454,0.15357822083081485,0.15223780398624157,0.15223780398301792,0.15223780398028638,0.15223780398301792,0.15223780398624157,0.15223780398301792,0.15223780397766587,0.15223780397214134,0.15223780397766587,0.15223780398301792,0.15223780398028638,0.15223780397214134,0.15223780396164394,0.15223780397214134,0.15223780398028638,0.15223780398301792,0.15223780397766587,0.15223780397214134,0.15223780397766587,0.15223780398301792,0.15223780398624157,0.15223780398301792,0.15223780398028638,0.15223780398301792,0.15223780398624157,0.15092409307485252,0.15092409306803972,0.15092409306128676,0.15092409306803972,0.15092409307485252,0.15092409306803972,0.15092409305447999,0.15092409303612786,0.15092409305447999,0.15092409306803972,0.15092409306128676,0.15092409303612786,0.1509240929847998,0.15092409303612786,0.15092409306128676,0.15092409306803972,0.15092409305447999,0.15092409303612786,0.15092409305447999,0.15092409306803972,0.15092409307485252,0.15092409306803972,0.15092409306128676,0.15092409306803972,0.15092409307485252,0.14963652324244595,0.1496365232318563,0.14963652321910412,0.1496365232318563,0.14963652324244595,0.1496365232318563,0.14963652320588886,0.14963652315426462,0.14963652320588886,0.1496365232318563,0.14963652321910412,0.14963652315426462,0.14963652287052093,0.14963652315426462,0.14963652321910412,0.1496365232318563,0.14963652320588886,0.14963652315426462,0.14963652320588886,0.1496365232318563,0.14963652324244595,0.1496365232318563,0.14963652321910412,0.1496365232318563,0.14963652324244595,0.1483745365534221,0.14837453654618868,0.14837453653893876,0.14837453654618868,0.1483745365534221,0.14837453654618868,0.14837453653161195,0.14837453651137059,0.14837453653161195,0.14837453654618868,0.14837453653893876,0.14837453651137059,0.14837453645019538,0.14837453651137059,0.14837453653893876,0.14837453654618868,0.14837453653161195,0.14837453651137059,0.14837453653161195,0.14837453654618868,0.1483745365534221,0.14837453654618868,0.14837453653893876,0.14837453654618868,0.1483745365534221,0.14713758248397427,0.14713758248027084,0.14713758247701808,0.14713758248027084,0.14713758248397427,0.14713758248027084,0.1471375824738587,0.14713758246659697,0.1471375824738587,0.14713758248027084,0.14713758247701808,0.14713758246659697,0.1471375824481742,0.14713758246659697,0.14713758247701808,0.14713758248027084,0.1471375824738587,0.14713758246659697,0.1471375824738587,0.14713758248027084,0.14713758248397427,0.14713758248027084,0.14713758247701808,0.14713758248027084,0.14713758248397427,0.14592511837411196,0.14592511837248962,0.14592511837117103,0.14592511837248962,0.14592511837411196,0.14592511837248962,0.14592511836994204,0.14592511836730335,0.14592511836994204,0.14592511837248962,0.14592511837117103,0.14592511836730335,0.14592511836058372,0.14592511836730335,0.14592511837117103,0.14592511837248962,0.14592511836994204,0.14592511836730335,0.14592511836994204,0.14592511837248962,0.14592511837411196,0.14592511837248962,0.14592511837117103,0.14592511837248962,0.14592511837411196,0.1447366098044608,0.14473660980391198,0.14473660980350514,0.14473660980391198,0.1447366098044608,0.14473660980391198,0.144736609803148,0.1447366098024786,0.144736609803148,0.14473660980391198,0.14473660980350514,0.1447366098024786,0.1447366098011276,0.1447366098024786,0.14473660980350514,0.14473660980391198,0.144736609803148,0.1447366098024786,0.144736609803148,0.14473660980391198,0.1447366098044608,0.14473660980391198,0.14473660980350514,0.14473660980391198,0.1447366098044608,0.14357153091016023,0.14357153091020713,0.14357153091030123,0.14357153091020713,0.14357153091016023,0.14357153091020713,0.14357153091041178,0.14357153091088354,0.14357153091041178,0.14357153091020713,0.14357153091030123,0.14357153091088354,0.14357153091327535,0.14357153091088354,0.14357153091030123,0.14357153091020713,0.14357153091041178,0.14357153091088354,0.14357153091041178,0.14357153091020713,0.14357153091016023,0.14357153091020713,0.14357153091030123,0.14357153091020713,0.14357153091016023,0.14242936464116948,0.1424293646416563,0.14242936464211142,0.1424293646416563,0.14242936464116948,0.1424293646416563,0.14242936464255124,0.14242936464382683,0.14242936464255124,0.1424293646416563,0.14242936464211142,0.14242936464382683,0.1424293646489141,0.14242936464382683,0.14242936464211142,0.1424293646416563,0.14242936464255124,0.14242936464382683,0.14242936464255124,0.1424293646416563,0.14242936464116948,0.1424293646416563,0.14242936464211142,0.1424293646416563,0.14242936464116948,0.14130960297449321,0.1413096029755392,0.14130960297642042,0.1413096029755392,0.14130960297449321,0.1413096029755392,0.14130960297723996,0.1413096029792818,0.14130960297723996,0.1413096029755392,0.14130960297642042,0.1413096029792818,0.14130960298621123,0.1413096029792818,0.14130960297642042,0.1413096029755392,0.14130960297723996,0.1413096029792818,0.14130960297723996,0.1413096029755392,0.14130960297449321,0.1413096029755392,0.14130960297642042,0.1413096029755392,0.14130960297449321,0.1402117470825268,0.14021174708471515,0.1402117470864794,0.14021174708471515,0.1402117470825268,0.14021174708471515,0.1402117470881142,0.1402117470916337,0.1402117470881142,0.14021174708471515,0.1402117470864794,0.1402117470916337,0.14021174710105153,0.1402117470916337,0.1402117470864794,0.14021174708471515,0.1402117470881142,0.1402117470916337,0.1402117470881142,0.14021174708471515,0.1402117470825268,0.14021174708471515,0.1402117470864794,0.14021174708471515,0.1402117470825268,0.1391353074612256,0.13913530746601985,0.13913530747007305,0.13913530746601985,0.1391353074612256,0.13913530746601985,0.1391353074739642,0.13913530748209207,0.1391353074739642,0.13913530746601985,0.13913530747007305,0.13913530748209207,0.13913530749763667,0.13913530748209207,0.13913530747007305,0.13913530746601985,0.1391353074739642,0.13913530748209207,0.1391353074739642,0.13913530746601985,0.1391353074612256,0.13913530746601985,0.13913530747007305,0.13913530746601985,0.1391353074612256,0.13807980402147899,0.13807980403137732,0.13807980404114725,0.13807980403137732,0.13807980402147899,0.13807980403137732,0.13807980405098572,0.13807980407730677,0.13807980405098572,0.13807980403137732,0.13807980404114725,0.13807980407730677,0.13807980415011095,0.13807980407730677,0.13807980404114725,0.13807980403137732,0.13807980405098572,0.13807980407730677,0.13807980405098572,0.13807980403137732,0.13807980402147899,0.13807980403137732,0.13807980404114725,0.13807980403137732,0.13807980402147899,0.1370447661477815,0.1370447661631792,0.13704476618169417,0.1370447661631792,0.1370447661477815,0.1370447661631792,0.13704476620085607,0.1370447662759771,0.13704476620085607,0.1370447661631792,0.13704476618169417,0.1370447662759771,0.13704476669091498,0.1370447662759771,0.13704476618169417,0.1370447661631792,0.13704476620085607,0.1370447662759771,0.13704476620085607,0.1370447661631792,0.1370447661477815,0.1370447661631792,0.13704476618169417,0.1370447661631792,0.1370447661477815,0.1360297327342676,0.13602973274492244,0.1360297327553162,0.13602973274492244,0.1360297327342676,0.13602973274492244,0.136029732765728,0.1360297327934521,0.136029732765728,0.13602973274492244,0.1360297327553162,0.1360297327934521,0.13602973287019993,0.1360297327934521,0.1360297327553162,0.13602973274492244,0.136029732765728,0.1360297327934521,0.136029732765728,0.13602973274492244,0.1360297327342676,0.13602973274492244,0.1360297327553162,0.13602973274492244,0.1360297327342676,0.1350342522123242,0.1350342522189769,0.13503425222445928,0.1350342522189769,0.1350342522123242,0.1350342522189769,0.13503425222965543,0.13503425224022048,0.13503425222965543,0.1350342522189769,0.13503425222445928,0.13503425224022048,0.13503425225939866,0.13503425224022048,0.13503425222445928,0.1350342522189769,0.13503425222965543,0.13503425224022048,0.13503425222965543,0.1350342522189769,0.1350342522123242,0.1350342522189769,0.13503425222445928,0.1350342522189769,0.1350342522123242
0.1653324876923678,0.16533248769236755,0.16533248769236733,0.16533248769236755,0.1653324876923678,0.16533248769236755,0.16533248769236733,0.1653324876923671,0.16533248769236733,0.16533248769236755,0.16533248769236733,0.1653324876923671,0.16533248769236686,0.1653324876923671,0.16533248769236733,0.16533248769236755,0.16533248769236733,0.1653324876923671,0.16533248769236733,0.16533248769236755,0.1653324876923678,0.16533248769236755,0.16533248769236733,0.16533248769236755,0.1653324876923678,0.16375749397548425,0.16375749397548378,0.1637574939754833,0.16375749397548378,0.1637574939754845,0.16375749397548378,0.1637574939754831,0.16375749397548264,0.1637574939754831,0.16375749397548378,0.1637574939754833,0.16375749397548264,0.16375749397548217,0.16375749397548264,0.1637574939754833,0.16375749397548378,0.1637574939754831,0.16375749397548264,0.1637574939754831,0.16375749397548378,0.1637574939754845,0.16375749397548378,0.1637574939754833,0.16375749397548378,0.16375749397548425,0.16221388419051141,0.1622138841905094,0.16221388419050825,0.1622138841905094,0.16221388419051141,0.1622138841905094,0.16221388419050733,0.162213884190506,0.16221388419050733,0.1622138841905094,0.16221388419050825,0.162213884190506,0.16221388419050464,0.162213884190506,0.16221388419050825,0.1622138841905094,0.16221388419050733,0.162213884190506,0.16221388419050733,0.1622138841905094,0.16221388419051141,0.1622138841905094,0.16221388419050825,0.1622138841905094,0.16221388419051141,0.1607010672944932,0.160701067294487,0.16070106729448325,0.160701067294487,0.1607010672944932,0.160701067294487,0.16070106729448058,0.16070106729447634,0.16070106729448058,0.160701067294487,0.16070106729448325,0.16070106729447634,0.16070106729447214,0.16070106729447634,0.16070106729448325,0.160701067294487,0.16070106729448058,0.16070106729447634,0.16070106729448058,0.160701067294487,0.1607010672944932,0.160701067294487,0.16070106729448325,0.160701067294487,0.1607010672944932,0.1592184516624169,0.1592184516623982,0.15921845166238624,0.1592184516623982,0.1592184516624169,0.1592184516623982,0.15921845166237775,0.15921845166236445,0.15921845166237775,0.1592184516623982,0.15921845166238624,0.15921845166236445,0.1592184516623503,0.15921845166236445,0.15921845166238624,0.1592184516623982,0.15921845166237775,0.15921845166236445,0.15921845166237775,0.1592184516623982,0.1592184516624169,0.1592184516623982,0.15921845166238624,0.1592184516623982,0.1592184516624169,0.15776544643907597,0.15776544643901966,0.15776544643898296,0.15776544643901966,0.15776544643907597,0.15776544643901966,0.15776544643895543,0.15776544643891277,0.15776544643895543,0.15776544643901966,0.15776544643898296,0.15776544643891277,0.15776544643886517,0.15776544643891277,0.15776544643898296,0.15776544643901966,0.15776544643895543,0.15776544643891277,0.15776544643895543,0.15776544643901966,0.15776544643907597,0.15776544643901966,0.15776544643898296,0.15776544643901966,0.15776544643907597,0.1563414627534268,0.15634146275326138,0.15634146275315056,0.15634146275326138,0.1563414627534268,0.15634146275326138,0.1563414627530619,0.1563414627529216,0.1563414627530619,0.15634146275326138,0.15634146275315056,0.1563414627529216,0.15634146275275496,0.1563414627529216,0.15634146275315056,0.15634146275326138,0.1563414627530619,0.1563414627529216,0.1563414627530619,0.15634146275326138,0.1563414627534268,0.15634146275326138,0.15634146275315056,0.15634146275326138,0.1563414627534268,0.15494591480574657,0.15494591480527833,0.15494591480494838,0.15494591480527833,0.15494591480574657,0.15494591480527833,0.1549459148046674,0.1549459148042022,0.1549459148046674,0.15494591480527833,0.15494591480494838,0.1549459148042022,0.1549459148036042,0.1549459148042022,0.15494591480494838,0.15494591480527833,0.1549459148046674,0.1549459148042022,0.1549459148046674,0.15494591480527833,0.15494591480574657,0.15494591480527833,0.15494591480494838,0.15494591480527833,0.15494591480574657,0.15357822083739467,0.15357822083613756,0.1535782208351848,0.15357822083613756,0.15357822083739486,0.15357822083613756,0.15357822083431896,0.15357822083276362,0.15357822083431896,0.15357822083613756,0.1535782208351848,0.15357822083276362,0.15357822083044026,0.15357822083276362,0.1535782208351848,0.15357822083613756,0.15357822083431896,0.15357822083276362,0.15357822083431896,0.15357822083613756,0.15357822083739486,0.15357822083613756,0.1535782208351848,0.15357822083613756,0.15357822083739486,0.15223780399252526,0.15223780398942957,0.15223780398680925,0.15223780398942957,0.15223780399252526,0.15223780398942957,0.1522378039842964,0.15223780397900494,0.1522378039842964,0.15223780398942957,0.15223780398680925,0.15223780397900494,0.1522378039689634,0.15223780397900494,0.15223780398680925,0.15223780398942957,0.1522378039842964,0.15223780397900494,0.1522378039842964,0.15223780398942957,0.15223780399252526,0.15223780398942957,0.15223780398680925,0.15223780398942957,0.15223780399252526,0.15092409308057586,0.15092409307402332,0.15092409306753912,0.15092409307402332,0.15092409308057586,0.15092409307402332,0.15092409306100643,0.15092409304342663,0.15092409306100643,0.15092409307402332,0.15092409306753912,0.15092409304342663,0.1509240929943553,0.15092409304342663,0.15092409306753912,0.15092409307402332,0.15092409306100643,0.15092409304342663,0.15092409306100643,0.15092409307402332,0.15092409308057586,0.15092409307402332,0.15092409306753912,0.15092409307402332,0.15092409308057586,0.1496365232470666,0.14963652323683943,0.1496365232245605,0.14963652323683943,0.1496365232470666,0.14963652323683943,0.1496365232118414,0.14963652316233797,0.1496365232118414,0.14963652323683943,0.1496365232245605,0.14963652316233797,0.14963652289120916,0.14963652316233797,0.1496365232245605,0.14963652323683943,0.1496365232118414,0.14963652316233797,0.1496365232118414,0.14963652323683943,0.1496365232470666,0.14963652323683943,0.1496365232245605,0.14963652323683943,0.1496365232470666,0.14837453655617777,0.1483745365490424,0.1483745365418629,0.1483745365490424,0.14837453655617777,0.1483745365490424,0.1483745365346037,0.1483745365143388,0.1483745365346037,0.1483745365490424,0.1483745365418629,0.1483745365143388,0.148374536451277,0.1483745365143388,0.1483745365418629,0.1483745365490424,0.1483745365346037,0.1483745365143388,0.1483745365346037,0.1483745365490424,0.14837453655617777,0.1483745365490424,0.1483745365418629,0.1483745365490424,0.14837453655617777,0.1471375824846382,0.14713758248085193,0.14713758247747658,0.14713758248085193,0.1471375824846382,0.14713758248085193,0.14713758247418496,0.1471375824663552,0.14713758247418496,0.14713758248085193,0.14713758247747658,0.1471375824663552,0.1471375824448935,0.1471375824663552,0.14713758247747658,0.14713758248085193,0.14713758247418496,0.1471375824663552,0.14713758247418496,0.14713758248085193,0.1471375824846382,0.14713758248085193,0.14713758247747658,0.14713758248085193,0.1471375824846382,0.14592511837282635,0.14592511837107153,0.14592511836960106,0.14592511837107153,0.14592511837282635,0.14592511837107153,0.14592511836821376,0.14592511836504068,0.14592511836821376,0.14592511837107153,0.14592511836960106,0.14592511836504068,0.14592511835601052,0.14592511836504068,0.14592511836960106,0.14592511837107153,0.14592511836821376,0.14592511836504068,0.14592511836821376,0.14592511837107153,0.14592511837282635,0.14592511837107153,0.14592511836960106,0.14592511837107153,0.14592511837282635,0.1447366098014718,0.14473660980080694,0.1447366098002791,0.14473660980080694,0.1447366098014718,0.14473660980080694,0.14473660979979858,0.14473660979875075,0.14473660979979858,0.14473660980080694,0.1447366098002791,0.14473660979875075,0.14473660979588115,0.14473660979875075,0.1447366098002791,0.14473660980080694,0.14473660979979858,0.14473660979875075,0.14473660979979858,0.14473660980080694,0.1447366098014718,0.14473660980080694,0.1447366098002791,0.14473660980080694,0.1447366098014718,0.1435715309056817,0.1435715309056473,0.14357153090566202,0.1435715309056473,0.1435715309056817,0.1435715309056473,0.14357153090569333,0.14357153090593872,0.14357153090569333,0.1435715309056473,0.14357153090566202,0.14357153090593872,0.14357153090750593,0.14357153090593872,0.14357153090566202,0.1435715309056473,0.14357153090569333,0.14357153090593872,0.14357153090569333,0.1435715309056473,0.1435715309056817,0.1435715309056473,0.14357153090566202,0.1435715309056473,0.1435715309056817,0.1424293646353453,0.14242936463578013,0.14242936463618758,0.14242936463578013,0.1424293646353453,0.14242936463578013,0.1424293646365813,0.14242936463773442,0.1424293646365813,0.14242936463578013,0.14242936463618758,0.14242936463773442,0.1424293646423924,0.14242936463773442,0.14242936463618758,0.14242936463578013,0.1424293646365813,0.14242936463773442,0.1424293646365813,0.14242936463578013,0.1424293646353453,0.14242936463578013,0.14242936463618758,0.14242936463578013,0.1424293646353453,0.14130960296740752,0.14130960296841652,0.14130960296926615,0.14130960296841652,0.14130960296740752,0.14130960296841652,0.14130960297005593,0.1413096029720254,0.14130960297005593,0.14130960296841652,0.14130960296926615,0.1413096029720254,0.14130960297873363,0.1413096029720254,0.14130960296926615,0.14130960296841652,0.14130960297005593,0.1413096029720254,0.14130960297005593,0.14130960296841652,0.14130960296740752,0.14130960296841652,0.14130960296926615,0.14130960296841652,0.14130960296740752,0.1402117470742337,0.14021174707638095,0.14021174707811232,0.14021174707638095,0.1402117470742337,0.14021174707638095,0.14021174707971695,0.14021174708317358,0.14021174707971695,0.14021174707638095,0.14021174707811232,0.14021174708317358,0.14021174709243883,0.14021174708317358,0.14021174707811232,0.14021174707638095,0.14021174707971695,0.14021174708317358,0.14021174707971695,0.14021174707638095,0.1402117470742337,0.14021174707638095,0.14021174707811232,0.14021174707638095,0.1402117470742337,0.13913530745178726,0.1391353074565075,0.13913530746049843,0.1391353074565075,0.13913530745178726,0.1391353074565075,0.13913530746433028,0.13913530747233516,0.13913530746433028,0.1391353074565075,0.13913530746049843,0.13913530747233516,0.13913530748764705,0.13913530747233516,0.13913530746049843,0.1391353074565075,0.13913530746433028,0.13913530747233516,0.13913530746433028,0.1391353074565075,0.13913530745178726,0.1391353074565075,0.13913530746049843,0.1391353074565075,0.13913530745178726,0.13807980401102518,0.13807980402077635,0.13807980403040132,0.13807980402077635,0.13807980401102518,0.13807980402077635,0.1380798040400942,0.13807980406602596,0.1380798040400942,0.13807980402077635,0.13807980403040132,0.13807980406602596,0.13807980413775525,0.13807980406602596,0.13807980403040132,0.13807980402077635,0.1380798040400942,0.13807980406602596,0.1380798040400942,0.13807980402077635,0.13807980401102518,0.13807980402077635,0.13807980403040132,0.13807980402077635,0.13807980401102518,0.1370447661365941,0.1370447661517642,0.13704476617000597,0.1370447661517642,0.1370447661365941,0.1370447661517642,0.13704476618888492,0.1370447662628977,0.13704476618888492,0.1370447661517642,0.13704476617000597,0.1370447662628977,0.13704476667171264,0.1370447662628977,0.13704476617000597,0.1370447661517642,0.13704476618888492,0.1370447662628977,0.13704476618888492,0.1370447661517642,0.1370447661365941,0.1370447661517642,0.13704476617000597,0.1370447661517642,0.1370447661365941,0.13602973272279656,0.13602973273329408,0.13602973274353442,0.13602973273329408,0.13602973272279656,0.13602973273329408,0.1360297327537925,0.13602973278110742,0.1360297327537925,0.13602973273329408,0.13602973274353442,0.13602973278110742,0.1360297328567233,0.13602973278110742,0.13602973274353442,0.13602973273329408,0.1360297327537925,0.13602973278110742,0.1360297327537925,0.13602973273329408,0.13602973272279656,0.13602973273329408,0.13602973274353442,0.13602973273329408,0.13602973272279656,0.13503425220087983,0.13503425220743429,0.13503425221283574,0.13503425220743429,0.13503425220087983,0.13503425220743429,0.13503425221795515,0.13503425222836443,0.13503425221795515,0.13503425220743429,0.13503425221283574,0.13503425222836443,0.13503425224725968,0.13503425222836443,0.13503425221283574,0.13503425220743429,0.13503425221795515,0.13503425222836443,0.13503425221795515,0.13503425220743429,0.13503425220087983,0.13503425220743429,0.13503425221283574,0.13503425220743429,0.13503425220087983
0.16533248770036355,0.16533248770036307,0.16533248770036307,0.16533248770036307,0.16533248770036355,0.16533248770036307,0.1653324877003628,0.1653324877003628,0.1653324877003628,0.16533248770036307,0.16533248770036307,0.1653324877003628,0.1653324877003626,0.1653324877003628,0.16533248770036307,0.16533248770036307,0.1653324877003628,0.1653324877003628,0.1653324877003628,0.16533248770036307,0.16533248770036355,0.16533248770036307,0.16533248770036307,0.16533248770036307,0.16533248770036355,0.1637574939833224,0.1637574939833217,0.16375749398332123,0.1637574939833217,0.1637574939833224,0.1637574939833217,0.16375749398332098,0.16375749398332054,0.16375749398332098,0.1637574939833217,0.16375749398332123,0.16375749398332054,0.16375749398332032,0.16375749398332054,0.16375749398332123,0.1637574939833217,0.16375749398332098,0.16375749398332054,0.16375749398332098,0.1637574939833217,0.1637574939833224,0.1637574939833217,0.16375749398332123,0.1637574939833217,0.1637574939833224,0.16221388419819602,0.16221388419819396,0.16221388419819283,0.16221388419819396,0.16221388419819602,0.16221388419819396,0.16221388419819194,0.1622138841981908,0.1622138841981922,0.16221388419819396,0.16221388419819283,0.1622138841981908,0.16221388419818944,0.1622138841981908,0.16221388419819283,0.16221388419819396,0.1622138841981922,0.1622138841981908,0.1622138841981922,0.16221388419819396,0.16221388419819602,0.16221388419819396,0.16221388419819283,0.16221388419819396,0.16221388419819602,0.16070106730202843,0.16070106730202244,0.16070106730201886,0.16070106730202244,0.16070106730202843,0.16070106730202244,0.16070106730201622,0.16070106730201222,0.16070106730201622,0.16070106730202244,0.16070106730201886,0.16070106730201222,0.16070106730200823,0.16070106730201222,0.16070106730201886,0.16070106730202244,0.16070106730201622,0.16070106730201222,0.16070106730201622,0.16070106730202244,0.16070106730202843,0.16070106730202244,0.16070106730201886,0.16070106730202244,0.16070106730202843,0.15921845166980644,0.1592184516697886,0.15921845166977705,0.1592184516697886,0.15921845166980644,0.1592184516697886,0.159218451669769,0.15921845166975637,0.159218451669769,0.1592184516697886,0.15921845166977705,0.15921845166975637,0.15921845166974288,0.15921845166975637,0.15921845166977705,0.1592184516697886,0.159218451669769,0.15921845166975637,0.159218451669769,0.1592184516697886,0.15921845166980644,0.1592184516697886,0.15921845166977705,0.1592184516697886,0.15921845166980644,0.15776544644632218,0.15776544644626841,0.15776544644623341,0.15776544644626841,0.15776544644632218,0.15776544644626841,0.15776544644620719,0.15776544644616644,0.15776544644620719,0.15776544644626841,0.15776544644623341,0.15776544644616644,0.15776544644612098,0.15776544644616644,0.15776544644623341,0.15776544644626841,0.15776544644620719,0.15776544644616644,0.15776544644620719,0.15776544644626841,0.15776544644632218,0.15776544644626841,0.15776544644623341,0.15776544644626841,0.15776544644632218,0.1563414627605287,0.1563414627603708,0.1563414627602648,0.1563414627603708,0.1563414627605287,0.1563414627603708,0.15634146276018032,0.1563414627600467,0.15634146276018032,0.1563414627603708,0.1563414627602648,0.1563414627600467,0.15634146275988778,0.1563414627600467,0.1563414627602648,0.1563414627603708,0.15634146276018032,0.1563414627600467,0.15634146276018032,0.1563414627603708,0.1563414627605287,0.1563414627603708,0.1563414627602648,0.1563414627603708,0.1563414627605287,0.15494591481269318,0.15494591481224557,0.15494591481193018,0.15494591481224557,0.15494591481269318,0.15494591481224557,0.15494591481166214,0.15494591481121783,0.15494591481166214,0.15494591481224557,0.15494591481193018,0.15494591481121783,0.15494591481064734,0.15494591481121783,0.15494591481193018,0.15494591481224557,0.15494591481166214,0.15494591481121783,0.15494591481166214,0.15494591481224557,0.15494591481269318,0.15494591481224557,0.15494591481193018,0.15494591481224557,0.15494591481269318,0.1535782208441466,0.15357822084294415,0.15357822084203335,0.15357822084294415,0.1535782208441466,0.15357822084294415,0.15357822084120626,0.15357822083972142,0.15357822084120626,0.15357822084294415,0.15357822084203335,0.15357822083972142,0.15357822083750552,0.15357822083972142,0.15357822084203335,0.15357822084294415,0.15357822084120626,0.15357822083972142,0.15357822084120626,0.15357822084294415,0.1535782208441466,0.15357822084294415,0.15357822084203335,0.15357822084294415,0.1535782208441466,0.15223780399897197,0.15223780399600834,0.1522378039935024,0.15223780399600834,0.15223780399897197,0.15223780399600834,0.15223780399110073,0.15223780398604944,0.15223780399110073,0.15223780399600834,0.1522378039935024,0.15223780398604944,0.15223780397647832,0.15223780398604944,0.1522378039935024,0.15223780399600834,0.15223780399110073,0.15223780398604944,0.15223780399110073,0.15223780399600834,0.15223780399897197,0.15223780399600834,0.1522378039935024,0.15223780399600834,0.15223780399897197,0.1509240930864449,0.1509240930801607,0.1509240930739535,0.1509240930801607,0.1509240930864449,0.1509240930801607,0.1509240930677035,0.15092409305092,0.1509240930677035,0.1509240930801607,0.1509240930739535,0.15092409305092,0.15092409300417667,0.15092409305092,0.1509240930739535,0.1509240930801607,0.1509240930677035,0.15092409305092,0.1509240930677035,0.1509240930801607,0.1509240930864449,0.1509240930801607,0.1509240930739535,0.1509240930801607,0.1509240930864449,0.1496365232517984,0.14963652324194487,0.149636523230154,0.14963652324194487,0.1496365232517984,0.14963652324194487,0.14963652321794674,0.1496365231706306,0.14963652321794674,0.14963652324194487,0.149636523230154,0.1496365231706306,0.14963652291250965,0.1496365231706306,0.149636523230154,0.14963652324194487,0.14963652321794674,0.1496365231706306,0.14963652321794674,0.14963652324194487,0.1496365232517984,0.14963652324194487,0.149636523230154,0.14963652324194487,0.1496365232517984,0.14837453655898647,0.1483745365519515,0.14837453654484464,0.1483745365519515,0.14837453655898647,0.1483745365519515,0.14837453653765498,0.14837453651736487,0.14837453653765498,0.1483745365519515,0.14837453654484464,0.14837453651736487,0.14837453645232387,0.14837453651736487,0.14837453654484464,0.1483745365519515,0.14837453653765498,0.14837453651736487,0.14837453653765498,0.1483745365519515,0.14837453655898647,0.1483745365519515,0.14837453654484464,0.1483745365519515,0.14837453655898647,0.14713758248529038,0.147137582481418,0.14713758247791564,0.147137582481418,0.14713758248529038,0.147137582481418,0.1471375824744867,0.14713758246606906,0.1471375824744867,0.147137582481418,0.14713758247791564,0.14713758246606906,0.14713758244144273,0.14713758246606906,0.14713758247791564,0.147137582481418,0.1471375824744867,0.14713758246606906,0.1471375824744867,0.147137582481418,0.14713758248529038,0.147137582481418,0.14713758247791564,0.147137582481418,0.14713758248529038,0.14592511837147037,0.14592511836957772,0.14592511836794916,0.14592511836957756,0.14592511837147037,0.14592511836957772,0.14592511836639735,0.14592511836266991,0.14592511836639735,0.14592511836957756,0.14592511836794916,0.14592511836266991,0.14592511835122698,0.14592511836266991,0.14592511836794916,0.14592511836957756,0.14592511836639735,0.14592511836266991,0.14592511836639735,0.14592511836957756,0.14592511837147037,0.14592511836957756,0.14592511836794916,0.14592511836957756,0.14592511837147037,0.14473660979836359,0.1447366097975776,0.14473660979692304,0.1447366097975776,0.14473660979836359,0.1447366097975776,0.1447366097963137,0.14473660979487052,0.1447366097963137,0.1447366097975776,0.14473660979692304,0.14473660979487052,0.14473660979042716,0.14473660979487052,0.14473660979692304,0.1447366097975776,0.1447366097963137,0.14473660979487052,0.1447366097963137,0.1447366097975776,0.14473660979836359,0.1447366097975776,0.14473660979692304,0.1447366097975776,0.14473660979836359,0.14357153090104574,0.14357153090092545,0.143571530900856,0.14357153090092545,0.14357153090104574,0.14357153090092545,0.14357153090080346,0.14357153090080876,0.14357153090080346,0.14357153090092545,0.143571530900856,0.14357153090080876,0.1435715309014708,0.14357153090080876,0.143571530900856,0.14357153090092545,0.14357153090080346,0.14357153090080876,0.14357153090080346,0.14357153090092545,0.14357153090104574,0.14357153090092545,0.143571530900856,0.14357153090092545,0.14357153090104574,0.1424293646293344,0.14242936462971317,0.14242936463006917,0.14242936462971317,0.1424293646293344,0.14242936462971317,0.14242936463041256,0.14242936463143116,0.14242936463041256,0.14242936462971317,0.14242936463006917,0.14242936463143116,0.1424293646356256,0.14242936463143116,0.14242936463006917,0.14242936462971317,0.14242936463041256,0.14242936463143116,0.14242936463041256,0.14242936462971317,0.1424293646293344,0.14242936462971317,0.14242936463006917,0.14242936462971317,0.1424293646293344,0.1413096029601141,0.1413096029610825,0.14130960296189676,0.1413096029610825,0.1413096029601141,0.1413096029610825,0.1413096029626533,0.14130960296453923,0.1413096029626533,0.1413096029610825,0.14130960296189676,0.14130960296453923,0.14130960297098252,0.14130960296453923,0.14130960296189676,0.1413096029610825,0.1413096029626533,0.14130960296453923,0.1413096029626533,0.1413096029610825,0.1413096029601141,0.1413096029610825,0.14130960296189676,0.1413096029610825,0.1413096029601141,0.14021174706571843,0.14021174706782147,0.1402117470695174,0.14021174706782147,0.14021174706571843,0.14021174706782147,0.1402117470710888,0.14021174707447331,0.1402117470710888,0.14021174706782147,0.1402117470695174,0.14021174707447331,0.14021174708355266,0.14021174707447331,0.1402117470695174,0.14021174706782147,0.1402117470710888,0.14021174707447331,0.1402117470710888,0.14021174706782147,0.14021174706571843,0.14021174706782147,0.1402117470695174,0.14021174706782147,0.14021174706571843,0.13913530744211777,0.13913530744676214,0.13913530745068933,0.13913530744676214,0.13913530744211777,0.13913530744676214,0.13913530745446015,0.13913530746233838,0.13913530745446015,0.13913530744676214,0.13913530745068933,0.13913530746233838,0.13913530747740865,0.13913530746233838,0.13913530745068933,0.13913530744676214,0.13913530745446015,0.13913530746233838,0.13913530745446015,0.13913530744676214,0.13913530744211777,0.13913530744676214,0.13913530745068933,0.13913530744676214,0.13913530744211777,0.1380798040003351,0.1380798040099374,0.1380798040194162,0.1380798040099374,0.1380798040003351,0.1380798040099374,0.1380798040289619,0.13807980405450127,0.1380798040289619,0.1380798040099374,0.1380798040194162,0.13807980405450127,0.13807980412514745,0.13807980405450127,0.1380798040194162,0.1380798040099374,0.1380798040289619,0.13807980405450127,0.1380798040289619,0.1380798040099374,0.1380798040003351,0.1380798040099374,0.1380798040194162,0.1380798040099374,0.1380798040003351,0.137044766125168,0.1370447661401088,0.13704476615807537,0.1370447661401088,0.137044766125168,0.1370447661401088,0.13704476617666972,0.137044766249567,0.13704476617666972,0.1370447661401088,0.13704476615807537,0.137044766249567,0.13704476665221638,0.137044766249567,0.13704476615807537,0.1370447661401088,0.13704476617666972,0.137044766249567,0.13704476617666972,0.1370447661401088,0.137044766125168,0.1370447661401088,0.13704476615807537,0.1370447661401088,0.137044766125168,0.13602973271108829,0.13602973272142732,0.1360297327315133,0.13602973272142732,0.13602973271108829,0.13602973272142732,0.13602973274161678,0.13602973276852,0.13602973274161678,0.13602973272142732,0.1360297327315133,0.13602973276852,0.1360297328429964,0.13602973276852,0.1360297327315133,0.13602973272142732,0.13602973274161678,0.13602973276852,0.13602973274161678,0.13602973272142732,0.13602973271108829,0.13602973272142732,0.1360297327315133,0.13602973272142732,0.13602973271108829,0.13503425218920195,0.1350342521956575,0.13503425220097753,0.1350342521956575,0.13503425218920195,0.1350342521956575,0.1350342522060197,0.13503425221627208,0.1350342522060197,0.1350342521956575,0.13503425220097753,0.13503425221627208,0.13503425223488244,0.13503425221627208,0.13503425220097753,0.1350342521956575,0.1350342522060197,0.13503425221627208,0.1350342522060197,0.1350342521956575,0.13503425218920195,0.1350342521956575,0.13503425220097753,0.1350342521956575,0.13503425218920195
0.1653324877085615,0.16533248770856127,0.16533248770856104,0.16533248770856127,0.1653324877085615,0.16533248770856127,0.16533248770856104,0.16533248770856082,0.16533248770856104,0.16533248770856127,0.16533248770856104,0.16533248770856082,0.16533248770856082,0.16533248770856082,0.16533248770856104,0.16533248770856127,0.16533248770856104,0.16533248770856082,0.16533248770856104,0.16533248770856127,0.1653324877085615,0.16533248770856127,0.16533248770856104,0.16533248770856127,0.1653324877085615,0.16375749399135875,0.16375749399135803,0.1637574939913578,0.16375749399135803,0.16375749399135875,0.16375749399135803,0.16375749399135758,0.1637574939913571,0.16375749399135758,0.16375749399135803,0.1637574939913578,0.1637574939913571,0.16375749399135664,0.1637574939913571,0.1637574939913578,0.16375749399135803,0.16375749399135758,0.1637574939913571,0.16375749399135758,0.16375749399135803,0.16375749399135875,0.16375749399135803,0.1637574939913578,0.16375749399135803,0.16375749399135875,0.16221388420607485,0.16221388420607302,0.1622138842060719,0.16221388420607302,0.16221388420607485,0.16221388420607302,0.16221388420607122,0.16221388420607008,0.16221388420607122,0.16221388420607302,0.1622138842060719,0.16221388420607008,0.1622138842060687,0.16221388420607008,0.1622138842060719,0.16221388420607302,0.16221388420607122,0.16221388420607008,0.16221388420607122,0.16221388420607302,0.16221388420607485,0.16221388420607302,0.1622138842060719,0.16221388420607302,0.16221388420607485,0.16070106730975403,0.16070106730974848,0.1607010673097449,0.16070106730974848,0.16070106730975403,0.16070106730974848,0.16070106730974246,0.16070106730973868,0.16070106730974246,0.16070106730974848,0.1607010673097449,0.16070106730973868,0.16070106730973469,0.16070106730973868,0.1607010673097449,0.16070106730974848,0.16070106730974246,0.16070106730973868,0.16070106730974246,0.16070106730974848,0.16070106730975403,0.16070106730974848,0.1607010673097449,0.16070106730974848,0.16070106730975403,0.15921845167738258,0.15921845167736537,0.1592184516773545,0.15921845167736537,0.15921845167738258,0.15921845167736537,0.15921845167734686,0.15921845167733464,0.15921845167734686,0.15921845167736537,0.1592184516773545,0.15921845167733464,0.15921845167732182,0.15921845167733464,0.1592184516773545,0.15921845167736537,0.15921845167734686,0.15921845167733464,0.15921845167734686,0.15921845167736537,0.15921845167738258,0.15921845167736537,0.1592184516773545,0.15921845167736537,0.15921845167738258,0.15776544645375126,0.15776544645370003,0.15776544645366675,0.15776544645370003,0.15776544645375126,0.15776544645370003,0.15776544645364157,0.15776544645360296,0.15776544645364157,0.15776544645370003,0.15776544645366675,0.15776544645360296,0.15776544645355983,0.15776544645360296,0.15776544645366675,0.15776544645370003,0.15776544645364157,0.15776544645360296,0.15776544645364157,0.15776544645370003,0.15776544645375126,0.15776544645370003,0.15776544645366675,0.15776544645370003,0.15776544645375126,0.15634146276780939,0.156341462767659,0.15634146276755825,0.156341462767659,0.15634146276780939,0.156341462767659,0.15634146276747796,0.15634146276735103,0.15634146276747796,0.156341462767659,0.15634146276755825,0.15634146276735103,0.15634146276720023,0.15634146276735103,0.15634146276755825,0.156341462767659,0.15634146276747796,0.15634146276735103,0.15634146276747796,0.156341462767659,0.15634146276780939,0.156341462767659,0.15634146276755825,0.156341462767659,0.15634146276780939,0.15494591481981393,0.15494591481938746,0.15494591481908723,0.15494591481938746,0.15494591481981393,0.15494591481938746,0.15494591481883233,0.15494591481840972,0.15494591481883233,0.15494591481938746,0.15494591481908723,0.15494591481840972,0.15494591481786726,0.15494591481840972,0.15494591481908723,0.15494591481938746,0.15494591481883233,0.15494591481840972,0.15494591481883233,0.15494591481938746,0.15494591481981393,0.15494591481938746,0.15494591481908723,0.15494591481938746,0.15494591481981393,0.15357822085106707,0.15357822084992084,0.1535782208490536,0.15357822084992084,0.15357822085106707,0.15357822084992084,0.1535782208482665,0.15357822084685396,0.1535782208482665,0.15357822084992084,0.1535782208490536,0.15357822084685396,0.15357822084474873,0.15357822084685396,0.1535782208490536,0.15357822084992084,0.1535782208482665,0.15357822084685396,0.1535782208482665,0.15357822084992084,0.15357822085106707,0.15357822084992084,0.1535782208490536,0.15357822084992084,0.15357822085106707,0.15223780400557826,0.15223780400275047,0.1522378040003626,0.15223780400275047,0.15223780400557826,0.15223780400275047,0.15223780399807554,0.15223780399327166,0.15223780399807554,0.15223780400275047,0.1522378040003626,0.15223780399327166,0.152237803984185,0.15223780399327166,0.1522378040003626,0.15223780400275047,0.15223780399807554,0.15223780399327166,0.15223780399807554,0.15223780400275047,0.15223780400557826,0.15223780400275047,0.1522378040003626,0.15223780400275047,0.15223780400557826,0.15092409309245627,0.15092409308644836,0.15092409308052665,0.15092409308644836,0.15092409309245627,0.15092409308644836,0.15092409307456775,0.15092409305860457,0.15092409307456775,0.15092409308644836,0.15092409308052665,0.15092409305860457,0.15092409301425866,0.15092409305860457,0.15092409308052665,0.15092409308644836,0.15092409307456775,0.15092409305860457,0.15092409307456775,0.15092409308644836,0.15092409309245627,0.15092409308644836,0.15092409308052665,0.15092409308644836,0.15092409309245627,0.14963652325663895,0.14963652324717,0.14963652323588153,0.14963652324717,0.14963652325663895,0.14963652324717,0.14963652322420143,0.14963652317913784,0.14963652322420143,0.14963652324717,0.14963652323588153,0.14963652317913784,0.14963652293438948,0.14963652317913784,0.14963652323588153,0.14963652324717,0.14963652322420143,0.14963652317913784,0.14963652322420143,0.14963652324717,0.14963652325663895,0.14963652324717,0.14963652323588153,0.14963652324717,0.14963652325663895,0.14837453656184646,0.14837453655491475,0.1483745365478822,0.14837453655491475,0.14837453656184646,0.14837453655491475,0.14837453654076407,0.14837453652044766,0.14837453654076407,0.14837453655491475,0.1483745365478822,0.14837453652044766,0.14837453645338658,0.14837453652044766,0.1483745365478822,0.14837453655491475,0.14837453654076407,0.14837453652044766,0.14837453654076407,0.14837453655491475,0.14837453656184646,0.14837453655491475,0.1483745365478822,0.14837453655491475,0.14837453656184646,0.14713758248593017,0.14713758248196843,0.14713758247833456,0.14713758248196843,0.14713758248593017,0.14713758248196843,0.14713758247476372,0.14713758246573863,0.14713758247476372,0.14713758248196843,0.14713758247833456,0.14713758246573863,0.14713758243785827,0.14713758246573863,0.14713758247833456,0.14713758248196843,0.14713758247476372,0.14713758246573863,0.14713758247476372,0.14713758248196843,0.14713758248593017,0.14713758248196843,0.14713758247833456,0.14713758248196843,0.14713758248593017,0.14592511837004407,0.14592511836800826,0.14592511836621608,0.14592511836800826,0.14592511837004407,0.14592511836800826,0.14592511836449382,0.14592511836019162,0.14592511836449382,0.14592511836800826,0.14592511836621608,0.14592511836019162,0.1459251183462597,0.14592511836019162,0.14592511836621608,0.14592511836800826,0.14592511836449382,0.14592511836019162,0.14592511836449382,0.14592511836800826,0.14592511837004407,0.14592511836800826,0.14592511836621608,0.14592511836800826,0.14592511837004407,0.14473660979513756,0.14473660979422484,0.1447366097934385,0.14473660979422484,0.14473660979513756,0.14473660979422484,0.14473660979269473,0.14473660979083963,0.14473660979269473,0.14473660979422484,0.1447366097934385,0.14473660979083963,0.14473660978474487,0.14473660979083963,0.1447366097934385,0.14473660979422484,0.14473660979269473,0.14473660979083963,0.14473660979269473,0.14473660979422484,0.14473660979513756,0.14473660979422484,0.1447366097934385,0.14473660979422484,0.14473660979513756,0.14357153089625407,0.14357153089604327,0.14357153089588534,0.14357153089604327,0.14357153089625407,0.14357153089604327,0.14357153089574434,0.1435715308954957,0.14357153089574434,0.14357153089604327,0.14357153089588534,0.1435715308954957,0.1435715308952031,0.1435715308954957,0.14357153089588534,0.14357153089604327,0.14357153089574434,0.1435715308954957,0.14357153089574434,0.14357153089604327,0.14357153089625407,0.14357153089604327,0.14357153089588534,0.14357153089604327,0.14357153089625407,0.14242936462313951,0.14242936462345823,0.14242936462375852,0.14242936462345823,0.14242936462313951,0.14242936462345823,0.14242936462404754,0.14242936462491967,0.14242936462404754,0.14242936462345823,0.14242936462375852,0.14242936462491967,0.14242936462859712,0.14242936462491967,0.14242936462375852,0.14242936462345823,0.14242936462404754,0.14242936462491967,0.14242936462404754,0.14242936462345823,0.14242936462313951,0.14242936462345823,0.14242936462375852,0.14242936462345823,0.14242936462313951,0.14130960295261563,0.14130960295353995,0.14130960295431555,0.14130960295353995,0.14130960295261563,0.14130960295353995,0.14130960295503492,0.1413096029568263,0.14130960295503492,0.14130960295353995,0.14130960295431555,0.1413096029568263,0.14130960296294853,0.1413096029568263,0.14130960295431555,0.14130960295353995,0.14130960295503492,0.1413096029568263,0.14130960295503492,0.14130960295353995,0.14130960295261563,0.14130960295353995,0.14130960295431555,0.14130960295353995,0.14130960295261563,0.14021174705698433,0.14021174705904063,0.14021174706069783,0.14021174705904063,0.14021174705698433,0.14021174705904063,0.14021174706223327,0.14021174706553655,0.14021174706223327,0.14021174705904063,0.14021174706069783,0.14021174706553655,0.1402117470743732,0.14021174706553655,0.14021174706069783,0.14021174705904063,0.14021174706223327,0.14021174706553655,0.14021174706223327,0.14021174705904063,0.14021174705698433,0.14021174705904063,0.14021174706069783,0.14021174705904063,0.14021174705698433,0.13913530743222108,0.13913530743678765,0.13913530744064956,0.13913530743678765,0.13913530743222108,0.13913530743678765,0.1391353074443579,0.1391353074521057,0.1391353074443579,0.13913530743678765,0.13913530744064956,0.1391353074521057,0.13913530746692584,0.1391353074521057,0.13913530744064956,0.13913530743678765,0.1391353074443579,0.1391353074521057,0.1391353074443579,0.13913530743678765,0.13913530743222108,0.13913530743678765,0.13913530744064956,0.13913530743678765,0.13913530743222108,0.13807980398941275,0.13807980399886496,0.13807980400819614,0.13807980399886496,0.13807980398941275,0.13807980399886496,0.13807980401759337,0.13807980404273704,0.13807980401759337,0.13807980399886496,0.13807980400819614,0.13807980404273704,0.138079804112292,0.13807980404273704,0.13807980400819614,0.13807980399886496,0.13807980401759337,0.13807980404273704,0.13807980401759337,0.13807980399886496,0.13807980398941275,0.13807980399886496,0.13807980400819614,0.13807980399886496,0.13807980398941275,0.13704476611350774,0.13704476612821778,0.1370447661459073,0.13704476612821778,0.13704476611350774,0.13704476612821778,0.13704476616421507,0.13704476623598996,0.13704476616421507,0.13704476612821778,0.1370447661459073,0.13704476623598996,0.13704476663244206,0.13704476623598996,0.1370447661459073,0.13704476612821778,0.13704476616421507,0.13704476623598996,0.13704476616421507,0.13704476612821778,0.13704476611350774,0.13704476612821778,0.1370447661459073,0.13704476612821778,0.13704476611350774,0.1360297326991468,0.13602973270932658,0.13602973271925708,0.13602973270932658,0.1360297326991468,0.13602973270932658,0.13602973272920502,0.1360297327556939,0.13602973272920502,0.13602973270932658,0.13602973271925708,0.1360297327556939,0.13602973282902409,0.1360297327556939,0.13602973271925708,0.13602973270932658,0.13602973272920502,0.1360297327556939,0.13602973272920502,0.13602973270932658,0.1360297326991468,0.13602973270932658,0.13602973271925708,0.13602973270932658,0.1360297326991468,0.13503425217729415,0.13503425218365026,0.1350342521888884,0.13503425218365026,0.13503425217729415,0.13503425218365026,0.13503425219385293,0.13503425220394732,0.13503425219385293,0.13503425218365026,0.1350342521888884,0.13503425220394732,0.13503425222227125,0.13503425220394732,0.1350342521888884,0.13503425218365026,0.13503425219385293,0.13503425220394732,0.13503425219385293,0.13503425218365026,0.13503425217729415,0.13503425218365026,0.1350342521888884,0.13503425218365026,0.13503425217729415
0.16533248771695888,0.16533248771695866,0.1653324877169584,0.16533248771695866,0.16533248771695888,0.16533248771695866,0.1653324877169584,0.1653324877169582,0.1653324877169584,0.16533248771695866,0.1653324877169584,0.1653324877169582,0.16533248771695797,0.1653324877169582,0.1653324877169584,0.16533248771695866,0.1653324877169584,0.1653324877169582,0.1653324877169584,0.16533248771695866,0.16533248771695888,0.16533248771695866,0.1653324877169584,0.16533248771695866,0.16533248771695888,0.1637574939995903,0.16375749399958983,0.16375749399958936,0.16375749399958983,0.1637574939995903,0.16375749399958983,0.1637574939995891,0.1637574939995889,0.1637574939995891,0.16375749399958983,0.16375749399958936,0.1637574939995889,0.16375749399958844,0.1637574939995889,0.16375749399958936,0.16375749399958983,0.1637574939995891,0.1637574939995889,0.1637574939995891,0.16375749399958983,0.1637574939995903,0.16375749399958983,0.16375749399958936,0.16375749399958983,0.1637574939995903,0.16221388421414498,0.1622138842141434,0.1622138842141423,0.1622138842141434,0.16221388421414498,0.1622138842141434,0.1622138842141416,0.16221388421414046,0.1622138842141416,0.1622138842141434,0.1622138842141423,0.16221388421414046,0.16221388421413932,0.16221388421414046,0.1622138842141423,0.1622138842141434,0.1622138842141416,0.16221388421414046,0.1622138842141416,0.1622138842141434,0.16221388421414498,0.1622138842141434,0.1622138842141423,0.1622138842141434,0.16221388421414498,0.1607010673176669,0.16070106731766154,0.1607010673176582,0.16070106731766154,0.1607010673176669,0.16070106731766154,0.160701067317656,0.16070106731765246,0.160701067317656,0.16070106731766154,0.1607010673176582,0.16070106731765246,0.16070106731764866,0.16070106731765246,0.1607010673176582,0.16070106731766154,0.160701067317656,0.16070106731765246,0.160701067317656,0.16070106731766154,0.1607010673176669,0.16070106731766154,0.1607010673176582,0.16070106731766154,0.1607010673176669,0.15921845168514198,0.15921845168512588,0.15921845168511542,0.15921845168512588,0.15921845168514198,0.15921845168512588,0.15921845168510826,0.1592184516850967,0.15921845168510826,0.15921845168512588,0.15921845168511542,0.1592184516850967,0.15921845168508472,0.1592184516850967,0.15921845168511542,0.15921845168512588,0.15921845168510826,0.1592184516850967,0.15921845168510826,0.15921845168512588,0.15921845168514198,0.15921845168512588,0.15921845168511542,0.15921845168512588,0.15921845168514198,0.1577654464613597,0.1577654464613111,0.1577654464612797,0.1577654464613111,0.1577654464613597,0.1577654464613111,0.15776544646125604,0.15776544646121934,0.15776544646125604,0.1577654464613111,0.1577654464612797,0.15776544646121934,0.1577654464611786,0.15776544646121934,0.1577654464612797,0.1577654464613111,0.15776544646125604,0.15776544646121934,0.15776544646125604,0.1577654464613111,0.1577654464613597,0.1577654464613111,0.1577654464612797,0.1577654464613111,0.1577654464613597,0.15634146277526573,0.1563414627751233,0.15634146277502775,0.1563414627751233,0.15634146277526573,0.1563414627751233,0.15634146277495162,0.1563414627748318,0.15634146277495162,0.1563414627751233,0.15634146277502775,0.1563414627748318,0.156341462774689,0.1563414627748318,0.15634146277502775,0.1563414627751233,0.15634146277495162,0.1563414627748318,0.15634146277495162,0.1563414627751233,0.15634146277526573,0.1563414627751233,0.15634146277502775,0.1563414627751233,0.15634146277526573,0.15494591482710582,0.1549459148267015,0.15494591482641684,0.1549459148267015,0.15494591482710582,0.1549459148267015,0.15494591482617523,0.1549459148257748,0.15494591482617523,0.1549459148267015,0.15494591482641684,0.1549459148257748,0.15494591482526163,0.1549459148257748,0.15494591482641684,0.1549459148267015,0.15494591482617523,0.1549459148257748,0.15494591482617523,0.1549459148267015,0.15494591482710582,0.1549459148267015,0.15494591482641684,0.1549459148267015,0.15494591482710582,0.1535782208581534,0.1535782208570652,0.1535782208562424,0.1535782208570652,0.1535782208581534,0.1535782208570652,0.15357822085549644,0.15357822085415845,0.15357822085549666,0.1535782208570652,0.1535782208562424,0.15357822085415845,0.15357822085216688,0.15357822085415845,0.1535782208562424,0.1535782208570652,0.15357822085549666,0.15357822085415845,0.15357822085549666,0.1535782208570652,0.1535782208581534,0.1535782208570652,0.1535782208562424,0.1535782208570652,0.1535782208581534,0.1522378040123415,0.15223780400965364,0.15223780400738723,0.15223780400965364,0.15223780401234166,0.15223780400965364,0.15223780400521766,0.1522378040006685,0.15223780400521766,0.15223780400965364,0.15223780400738723,0.1522378040006685,0.1522378039920798,0.1522378040006685,0.15223780400738723,0.15223780400965364,0.15223780400521766,0.1522378040006685,0.15223780400521766,0.15223780400965364,0.15223780401234166,0.15223780400965364,0.15223780400738723,0.15223780400965364,0.15223780401234166,0.15092409309860771,0.15092409309288396,0.1509240930872559,0.15092409309288396,0.15092409309860771,0.15092409309288396,0.1509240930815962,0.1509240930664769,0.1509240930815962,0.15092409309288396,0.1509240930872559,0.1509240930664769,0.15092409302459706,0.1509240930664769,0.1509240930872559,0.15092409309288396,0.1509240930815962,0.1509240930664769,0.1509240930815962,0.15092409309288396,0.15092409309860771,0.15092409309288396,0.1509240930872559,0.15092409309288396,0.15092409309860771,0.14963652326158597,0.1496365232525126,0.14963652324174104,0.1496365232525126,0.14963652326158597,0.1496365232525126,0.14963652323060286,0.14963652318785634,0.14963652323060286,0.1496365232525126,0.14963652324174104,0.14963652318785634,0.1496365229568961,0.14963652318785634,0.14963652324174104,0.1496365232525126,0.14963652323060286,0.14963652318785634,0.14963652323060286,0.1496365232525126,0.14963652326158597,0.1496365232525126,0.14963652324174104,0.1496365232525126,0.14963652326158597,0.1483745365647567,0.148374536557931,0.14837453655097463,0.148374536557931,0.1483745365647567,0.148374536557931,0.1483745365439297,0.14837453652358584,0.1483745365439297,0.148374536557931,0.14837453655097463,0.14837453652358584,0.1483745364544522,0.14837453652358584,0.14837453655097463,0.148374536557931,0.1483745365439297,0.14837453652358584,0.1483745365439297,0.148374536557931,0.1483745365647567,0.148374536557931,0.14837453655097463,0.148374536557931,0.1483745365647567,0.14713758248655742,0.14713758248250322,0.1471375824787335,0.14713758248250322,0.14713758248655742,0.14713758248250322,0.14713758247501604,0.1471375824653644,0.14713758247501604,0.14713758248250322,0.1471375824787335,0.1471375824653644,0.1471375824341679,0.1471375824653644,0.1471375824787335,0.14713758248250322,0.14713758247501604,0.1471375824653644,0.14713758247501604,0.14713758248250322,0.14713758248655742,0.14713758248250322,0.1471375824787335,0.14713758248250322,0.14713758248655742,0.14592511836854852,0.14592511836636457,0.14592511836440267,0.1459251183663644,0.14592511836854852,0.14592511836636457,0.14592511836250396,0.14592511835760757,0.14592511836250396,0.1459251183663644,0.14592511836440267,0.14592511835760757,0.14592511834107927,0.14592511835760757,0.14592511836440267,0.1459251183663644,0.14592511836250396,0.14592511835760757,0.14592511836250396,0.1459251183663644,0.14592511836854852,0.1459251183663644,0.14592511836440267,0.1459251183663644,0.14592511836854852,0.14473660979179512,0.1447366097907508,0.14473660978982705,0.1447366097907508,0.14473660979179512,0.1447366097907508,0.14473660978894365,0.14473660978665984,0.14473660978894365,0.1447366097907508,0.14473660978982705,0.14473660978665984,0.1447366097788416,0.14473660978665984,0.14473660978982705,0.1447366097907508,0.14473660978894365,0.14473660978665984,0.14473660978894365,0.1447366097907508,0.14473660979179512,0.1447366097907508,0.14473660978982705,0.1447366097907508,0.14473660979179512,0.14357153089130922,0.1435715308910033,0.1435715308907521,0.1435715308910033,0.14357153089130922,0.1435715308910033,0.14357153089051802,0.14357153089000213,0.14357153089051802,0.1435715308910033,0.1435715308907521,0.14357153089000213,0.14357153088869398,0.14357153089000213,0.1435715308907521,0.1435715308910033,0.14357153089051802,0.14357153089000213,0.14357153089051802,0.1435715308910033,0.14357153089130922,0.1435715308910033,0.1435715308907521,0.1435715308910033,0.14357153089130922,0.1424293646167629,0.14242936461701755,0.14242936461725828,0.14242936461701755,0.1424293646167629,0.14242936461701755,0.14242936461748895,0.14242936461820288,0.14242936461748895,0.14242936461701755,0.14242936461725828,0.14242936461820288,0.14242936462133718,0.14242936461820288,0.14242936461725828,0.14242936461701755,0.14242936461748895,0.14242936461820288,0.14242936461748895,0.14242936461701755,0.1424293646167629,0.14242936461701755,0.14242936461725828,0.14242936461701755,0.1424293646167629,0.14130960294491535,0.14130960294579192,0.1413096029465253,0.14130960294579192,0.14130960294491535,0.14130960294579192,0.14130960294720438,0.14130960294888997,0.14130960294720438,0.14130960294579192,0.1413096029465253,0.14130960294888997,0.1413096029546731,0.14130960294888997,0.1413096029465253,0.14130960294579192,0.14130960294720438,0.14130960294888997,0.14130960294720438,0.14130960294579192,0.14130960294491535,0.14130960294579192,0.1413096029465253,0.14130960294579192,0.14130960294491535,0.1402117470480348,0.1402117470500416,0.14021174705165748,0.1402117470500416,0.1402117470480348,0.1402117470500416,0.1402117470531541,0.14021174705636688,0.1402117470531541,0.1402117470500416,0.14021174705165748,0.14021174705636688,0.14021174706492057,0.14021174705636688,0.14021174705165748,0.1402117470500416,0.1402117470531541,0.14021174705636688,0.1402117470531541,0.1402117470500416,0.1402117470480348,0.1402117470500416,0.14021174705165748,0.1402117470500416,0.1402117470480348,0.13913530742210078,0.139135307426588,0.13913530743038302,0.139135307426588,0.13913530742210078,0.139135307426588,0.1391353074340272,0.1391353074416409,0.1391353074340272,0.139135307426588,0.13913530743038302,0.1391353074416409,0.13913530745620237,0.1391353074416409,0.13913530743038302,0.139135307426588,0.1391353074340272,0.1391353074416409,0.1391353074340272,0.139135307426588,0.13913530742210078,0.139135307426588,0.13913530743038302,0.139135307426588,0.13913530742210078,0.1380798039782623,0.13807980398756292,0.13807980399674524,0.13807980398756292,0.1380798039782623,0.13807980398756292,0.13807980400599282,0.13807980403073777,0.13807980400599282,0.13807980398756292,0.13807980399674524,0.13807980403073777,0.13807980409919396,0.13807980403073777,0.13807980399674524,0.13807980398756292,0.13807980400599282,0.13807980403073777,0.13807980400599282,0.13807980398756292,0.1380798039782623,0.13807980398756292,0.13807980399674524,0.13807980398756292,0.1380798039782623,0.13704476610161745,0.13704476611609528,0.137044766133506,0.13704476611609528,0.13704476610161745,0.13704476611609528,0.1370447661515255,0.13704476622217132,0.1370447661515255,0.13704476611609528,0.137044766133506,0.13704476622217132,0.13704476661237872,0.13704476622217132,0.137044766133506,0.13704476611609528,0.1370447661515255,0.13704476622217132,0.1370447661515255,0.13704476611609528,0.13704476610161745,0.13704476611609528,0.137044766133506,0.13704476611609528,0.13704476610161745,0.13602973268697674,0.1360297326969961,0.13602973270677032,0.1360297326969961,0.13602973268697674,0.1360297326969961,0.13602973271656152,0.1360297327426338,0.13602973271656152,0.1360297326969961,0.13602973270677032,0.1360297327426338,0.13602973281481126,0.1360297327426338,0.13602973270677032,0.1360297326969961,0.13602973271656152,0.1360297327426338,0.13602973271656152,0.1360297326969961,0.13602973268697674,0.1360297326969961,0.13602973270677032,0.1360297326969961,0.13602973268697674,0.13503425216516085,0.13503425217141693,0.13503425217657258,0.13503425217141693,0.13503425216516085,0.13503425217141693,0.13503425218145887,0.13503425219139448,0.13503425218145887,0.13503425217141693,0.13503425217657258,0.13503425219139448,0.13503425220943027,0.13503425219139448,0.13503425217657258,0.13503425217141693,0.13503425218145887,0.13503425219139448,0.13503425218145887,0.13503425217141693,0.13503425216516085,0.13503425217141693,0.13503425217657258,0.13503425217141693,0.13503425216516085
0.16533248772555217,0.1653324877255519,0.1653324877255519,0.1653324877255519,0.16533248772555217,0.1653324877255519,0.16533248772555167,0.16533248772555167,0.16533248772555167,0.1653324877255519,0.1653324877255519,0.16533248772555167,0.16533248772555142,0.16533248772555167,0.16533248772555167,0.1653324877255519,0.16533248772555167,0.16533248772555167,0.16533248772555167,0.1653324877255519,0.16533248772555217,0.1653324877255519,0.16533248772555167,0.1653324877255519,0.16533248772555217,0.16375749400801404,0.16375749400801357,0.16375749400801312,0.16375749400801357,0.16375749400801404,0.16375749400801357,0.16375749400801287,0.16375749400801265,0.16375749400801287,0.16375749400801357,0.16375749400801312,0.16375749400801265,0.1637574940080122,0.16375749400801265,0.16375749400801312,0.16375749400801357,0.16375749400801287,0.16375749400801265,0.16375749400801287,0.16375749400801357,0.16375749400801404,0.16375749400801357,0.16375749400801312,0.16375749400801357,0.16375749400801404,0.16221388422240351,0.16221388422240193,0.1622138842224008,0.16221388422240193,0.16221388422240351,0.16221388422240193,0.16221388422240013,0.1622138842223992,0.16221388422240013,0.16221388422240193,0.1622138842224008,0.1622138842223992,0.16221388422239807,0.1622138842223992,0.1622138842224008,0.16221388422240193,0.16221388422240013,0.1622138842223992,0.16221388422240013,0.16221388422240193,0.16221388422240351,0.16221388422240193,0.1622138842224008,0.16221388422240193,0.16221388422240351,0.16070106732576436,0.16070106732575926,0.16070106732575615,0.16070106732575926,0.16070106732576436,0.16070106732575926,0.1607010673257539,0.1607010673257506,0.1607010673257539,0.16070106732575926,0.16070106732575615,0.1607010673257506,0.16070106732574702,0.1607010673257506,0.16070106732575615,0.16070106732575926,0.1607010673257539,0.1607010673257506,0.1607010673257539,0.16070106732575926,0.16070106732576436,0.16070106732575926,0.16070106732575615,0.16070106732575926,0.16070106732576436,0.15921845169308213,0.1592184516930669,0.1592184516930571,0.1592184516930669,0.15921845169308213,0.1592184516930669,0.15921845169305013,0.15921845169303944,0.15921845169305013,0.1592184516930669,0.1592184516930571,0.15921845169303944,0.15921845169302815,0.15921845169303944,0.1592184516930571,0.1592184516930669,0.15921845169305013,0.15921845169303944,0.15921845169305013,0.1592184516930669,0.15921845169308213,0.1592184516930669,0.1592184516930571,0.1592184516930669,0.15921845169308213,0.15776544646914512,0.15776544646909924,0.15776544646906956,0.15776544646909924,0.15776544646914512,0.15776544646909924,0.1577654464690474,0.15776544646901283,0.1577654464690474,0.15776544646909924,0.15776544646906956,0.15776544646901283,0.15776544646897442,0.15776544646901283,0.15776544646906956,0.15776544646909924,0.1577654464690474,0.15776544646901283,0.1577654464690474,0.15776544646909924,0.15776544646914512,0.15776544646909924,0.15776544646906956,0.15776544646909924,0.15776544646914512,0.15634146278289496,0.1563414627827605,0.1563414627826704,0.1563414627827605,0.15634146278289496,0.1563414627827605,0.1563414627825989,0.15634146278248595,0.1563414627825989,0.1563414627827605,0.1563414627826704,0.15634146278248595,0.1563414627823517,0.15634146278248595,0.1563414627826704,0.1563414627827605,0.1563414627825989,0.15634146278248595,0.1563414627825989,0.1563414627827605,0.15634146278289496,0.1563414627827605,0.1563414627826704,0.1563414627827605,0.15634146278289496,0.15494591483456677,0.1549459148341848,0.15494591483391615,0.1549459148341848,0.15494591483456677,0.1549459148341848,0.15494591483368844,0.15494591483331097,0.15494591483368844,0.1549459148341848,0.15494591483391615,0.15494591483331097,0.15494591483282752,0.15494591483331097,0.15494591483391615,0.1549459148341848,0.15494591483368844,0.15494591483331097,0.15494591483368844,0.1549459148341848,0.15494591483456677,0.1549459148341848,0.15494591483391615,0.1549459148341848,0.15494591483456677,0.15357822086540301,0.15357822086437434,0.15357822086359724,0.15357822086437434,0.15357822086540301,0.15357822086437434,0.15357822086289388,0.15357822086163242,0.15357822086289388,0.15357822086437434,0.15357822086359724,0.15357822086163242,0.15357822085975772,0.15357822086163242,0.15357822086359724,0.15357822086437434,0.15357822086289388,0.15357822086163242,0.15357822086289388,0.15357822086437434,0.15357822086540301,0.15357822086437434,0.15357822086359724,0.15357822086437434,0.15357822086540301,0.1522378040192594,0.15223780401671524,0.15223780401457324,0.15223780401671524,0.1522378040192594,0.15223780401671524,0.1522378040125249,0.15223780400823717,0.1522378040125249,0.15223780401671524,0.15223780401457324,0.15223780400823717,0.15223780400016027,0.15223780400823717,0.15223780401457324,0.15223780401671524,0.1522378040125249,0.15223780400823717,0.1522378040125249,0.15223780401671524,0.1522378040192594,0.15223780401671524,0.15223780401457324,0.15223780401671524,0.1522378040192594,0.15092409310489707,0.15092409309946522,0.1509240930941387,0.15092409309946522,0.15092409310489707,0.15092409309946522,0.1509240930887867,0.15092409307453397,0.1509240930887867,0.15092409309946522,0.1509240930941387,0.15092409307453397,0.15092409303518778,0.15092409307453397,0.1509240930941387,0.15092409309946522,0.1509240930887867,0.15092409307453397,0.1509240930887867,0.15092409309946522,0.15092409310489707,0.15092409309946522,0.1509240930941387,0.15092409309946522,0.15092409310489707,0.1496365232666381,0.14963652325797086,0.14963652324773044,0.14963652325797086,0.1496365232666381,0.14963652325797086,0.14963652323714896,0.14963652319678278,0.14963652323714896,0.14963652325797086,0.14963652324773044,0.14963652319678278,0.14963652297996793,0.14963652319678278,0.14963652324773044,0.14963652325797086,0.14963652323714896,0.14963652319678278,0.14963652323714896,0.14963652325797086,0.1496365232666381,0.14963652325797086,0.14963652324773044,0.14963652325797086,0.1496365232666381,0.1483745365677164,0.1483745365609993,0.14837453655412133,0.1483745365609993,0.1483745365677164,0.1483745365609993,0.14837453654715127,0.1483745365267789,0.14837453654715127,0.1483745365609993,0.14837453655412133,0.1483745365267789,0.1483745364554647,0.1483745365267789,0.14837453655412133,0.1483745365609993,0.14837453654715127,0.1483745365267789,0.14837453654715127,0.1483745365609993,0.1483745365677164,0.1483745365609993,0.14837453655412133,0.1483745365609993,0.1483745365677164,0.1471375824871727,0.14713758248302278,0.14713758247911296,0.14713758248302278,0.1471375824871727,0.14713758248302278,0.1471375824752442,0.14713758246494715,0.1471375824752442,0.14713758248302278,0.14713758247911296,0.14713758246494715,0.1471375824303613,0.14713758246494715,0.14713758247911296,0.14713758248302278,0.1471375824752442,0.14713758246494715,0.1471375824752442,0.14713758248302278,0.1471375824871727,0.14713758248302278,0.14713758247911296,0.14713758248302278,0.1471375824871727,0.14592511836698477,0.1459251183646473,0.14592511836251018,0.1459251183646473,0.14592511836698477,0.1459251183646473,0.14592511836042915,0.14592511835491914,0.14592511836042915,0.1459251183646473,0.14592511836251018,0.14592511835491914,0.1459251183357621,0.14592511835491914,0.14592511836251018,0.1459251183646473,0.14592511836042915,0.14592511835491914,0.14592511836042915,0.1459251183646473,0.14592511836698477,0.1459251183646473,0.14592511836251018,0.1459251183646473,0.14592511836698477,0.14473660978833813,0.14473660978715697,0.1447366097860908,0.14473660978715697,0.14473660978833813,0.14473660978715697,0.1447366097850622,0.14473660978233346,0.1447366097850622,0.14473660978715697,0.1447366097860908,0.14473660978233346,0.14473660977271277,0.14473660978233346,0.1447366097860908,0.14473660978715697,0.1447366097850622,0.14473660978233346,0.1447366097850622,0.14473660978715697,0.14473660978833813,0.14473660978715697,0.1447366097860908,0.14473660978715697,0.14473660978833813,0.14357153088621336,0.1435715308858078,0.14357153088545874,0.1435715308858078,0.14357153088621336,0.1435715308858078,0.14357153088512695,0.14357153088433056,0.14357153088512695,0.1435715308858078,0.14357153088545874,0.14357153088433056,0.143571530881985,0.14357153088433056,0.14357153088545874,0.1435715308858078,0.14357153088512695,0.14357153088433056,0.14357153088512695,0.1435715308858078,0.14357153088621336,0.1435715308858078,0.14357153088545874,0.1435715308858078,0.14357153088621336,0.14242936461020764,0.14242936461039438,0.1424293646105715,0.14242936461039438,0.14242936461020764,0.14242936461039438,0.14242936461073993,0.14242936461128378,0.14242936461073993,0.14242936461039438,0.1424293646105715,0.14242936461128378,0.14242936461379874,0.14242936461128378,0.1424293646105715,0.14242936461039438,0.14242936461073993,0.14242936461128378,0.14242936461073993,0.14242936461039438,0.14242936461020764,0.14242936461039438,0.1424293646105715,0.14242936461039438,0.14242936461020764,0.14130960293701655,0.14130960293784187,0.14130960293852932,0.14130960293784187,0.14130960293701655,0.14130960293784187,0.14130960293916447,0.1413096029407338,0.14130960293916447,0.14130960293784187,0.14130960293852932,0.1413096029407338,0.14130960294608683,0.1413096029407338,0.14130960293852932,0.14130960293784187,0.14130960293916447,0.1413096029407338,0.14130960293916447,0.14130960293784187,0.14130960293701655,0.14130960293784187,0.14130960293852932,0.14130960293784187,0.14130960293701655,0.14021174703887354,0.14021174704082806,0.14021174704239964,0.14021174704082806,0.14021174703887354,0.14021174704082806,0.1402117470438546,0.1402117470469681,0.1402117470438546,0.14021174704082806,0.14021174704239964,0.1402117470469681,0.14021174705522135,0.1402117470469681,0.14021174704239964,0.14021174704082806,0.1402117470438546,0.1402117470469681,0.1402117470438546,0.14021174704082806,0.14021174703887354,0.14021174704082806,0.14021174704239964,0.14021174704082806,0.14021174703887354,0.13913530741176108,0.139135307416167,0.1391353074198934,0.139135307416167,0.13913530741176108,0.139135307416167,0.1391353074234721,0.13913530743094812,0.1391353074234721,0.139135307416167,0.1391353074198934,0.13913530743094812,0.13913530744524236,0.13913530743094812,0.1391353074198934,0.139135307416167,0.1391353074234721,0.13913530743094812,0.1391353074234721,0.139135307416167,0.13913530741176108,0.139135307416167,0.1391353074198934,0.139135307416167,0.13913530741176108,0.138079803966888,0.1380798039760356,0.1380798039850677,0.1380798039760356,0.138079803966888,0.1380798039760356,0.13807980399416428,0.13807980401850747,0.13807980399416428,0.1380798039760356,0.1380798039850677,0.13807980401850747,0.1380798040858576,0.13807980401850747,0.1380798039850677,0.1380798039760356,0.13807980399416428,0.13807980401850747,0.13807980399416428,0.1380798039760356,0.138079803966888,0.1380798039760356,0.1380798039850677,0.1380798039760356,0.138079803966888,0.1370447660895017,0.13704476610374586,0.13704476612087604,0.13704476610374586,0.1370447660895017,0.13704476610374586,0.13704476613860544,0.13704476620811615,0.13704476613860544,0.13704476610374586,0.13704476612087604,0.13704476620811615,0.1370447665920753,0.13704476620811615,0.13704476612087604,0.13704476610374586,0.13704476613860544,0.13704476620811615,0.13704476613860544,0.13704476610374586,0.1370447660895017,0.13704476610374586,0.13704476612087604,0.13704476610374586,0.1370447660895017,0.13602973267458243,0.1360297326844403,0.13602973269405735,0.1360297326844403,0.13602973267458243,0.1360297326844403,0.13602973270369112,0.13602973272934457,0.13602973270369112,0.1360297326844403,0.13602973269405735,0.13602973272934457,0.13602973280036287,0.13602973272934457,0.13602973269405735,0.1360297326844403,0.13602973270369112,0.13602973272934457,0.13602973270369112,0.1360297326844403,0.13602973267458243,0.1360297326844403,0.13602973269405735,0.1360297326844403,0.13602973267458243,0.13503425215280646,0.13503425215896178,0.1350342521640345,0.13503425215896178,0.13503425215280646,0.13503425215896178,0.13503425216884224,0.13503425217861817,0.13503425216884224,0.13503425215896178,0.1350342521640345,0.13503425217861817,0.13503425219636425,0.13503425217861817,0.1350342521640345,0.13503425215896178,0.13503425216884224,0.13503425217861817,0.13503425216884224,0.13503425215896178,0.13503425215280646,0.13503425215896178,0.1350342521640345,0.13503425215896178,0.13503425215280646
0.1653324877343382,0.16533248773433798,0.16533248773433798,0.16533248773433798,0.1653324877343382,0.16533248773433798,0.16533248773433798,0.16533248773433773,0.16533248773433798,0.16533248773433798,0.16533248773433798,0.16533248773433773,0.1653324877343375,0.16533248773433773,0.16533248773433798,0.16533248773433798,0.16533248773433798,0.16533248773433773,0.16533248773433798,0.16533248773433798,0.1653324877343382,0.16533248773433798,0.16533248773433798,0.16533248773433798,0.1653324877343382,0.1637574940166268,0.16375749401662631,0.16375749401662584,0.16375749401662631,0.1637574940166268,0.16375749401662631,0.16375749401662562,0.16375749401662537,0.16375749401662562,0.16375749401662631,0.16375749401662584,0.16375749401662537,0.16375749401662493,0.16375749401662537,0.16375749401662584,0.16375749401662631,0.16375749401662562,0.16375749401662537,0.16375749401662562,0.16375749401662631,0.1637574940166268,0.16375749401662631,0.16375749401662584,0.16375749401662631,0.1637574940166268,0.162213884230847,0.16221388423084562,0.1622138842308445,0.16221388423084562,0.162213884230847,0.16221388423084562,0.16221388423084404,0.1622138842308429,0.16221388423084404,0.16221388423084562,0.1622138842308445,0.1622138842308429,0.16221388423084201,0.1622138842308429,0.1622138842308445,0.16221388423084562,0.16221388423084404,0.1622138842308429,0.16221388423084404,0.16221388423084562,0.162213884230847,0.16221388423084562,0.1622138842308445,0.16221388423084562,0.162213884230847,0.1607010673340431,0.16070106733403822,0.16070106733403533,0.16070106733403822,0.1607010673340431,0.16070106733403822,0.16070106733403333,0.16070106733403025,0.16070106733403333,0.16070106733403822,0.16070106733403533,0.16070106733403025,0.1607010673340269,0.16070106733403025,0.16070106733403533,0.16070106733403822,0.16070106733403333,0.16070106733403025,0.16070106733403333,0.16070106733403822,0.1607010673340431,0.16070106733403822,0.16070106733403533,0.16070106733403822,0.1607010673340431,0.1592184517011999,0.15921845170118554,0.15921845170117638,0.15921845170118554,0.1592184517011999,0.15921845170118554,0.15921845170116988,0.15921845170115984,0.15921845170116988,0.15921845170118554,0.15921845170117638,0.15921845170115984,0.15921845170114918,0.15921845170115984,0.15921845170117638,0.15921845170118554,0.15921845170116988,0.15921845170115984,0.15921845170116988,0.15921845170118554,0.1592184517011999,0.15921845170118554,0.15921845170117638,0.15921845170118554,0.1592184517011999,0.1577654464771044,0.1577654464770613,0.15776544647703356,0.1577654464770613,0.1577654464771044,0.1577654464770613,0.15776544647701266,0.1577654464769802,0.15776544647701266,0.1577654464770613,0.15776544647703356,0.1577654464769802,0.15776544647694438,0.1577654464769802,0.15776544647703356,0.1577654464770613,0.15776544647701266,0.1577654464769802,0.15776544647701266,0.1577654464770613,0.1577654464771044,0.1577654464770613,0.15776544647703356,0.1577654464770613,0.1577654464771044,0.15634146279069447,0.15634146279056815,0.15634146279048367,0.15634146279056815,0.15634146279069447,0.15634146279056815,0.15634146279041633,0.15634146279031075,0.15634146279041633,0.15634146279056815,0.15634146279048367,0.15634146279031075,0.15634146279018507,0.15634146279031075,0.15634146279048367,0.15634146279056815,0.15634146279041633,0.15634146279031075,0.15634146279041633,0.15634146279056815,0.15634146279069447,0.15634146279056815,0.15634146279048367,0.15634146279056815,0.15634146279069447,0.15494591484219353,0.15494591484183448,0.1549459148415822,0.15494591484183448,0.15494591484219353,0.15494591484183448,0.1549459148413687,0.15494591484101516,0.1549459148413687,0.15494591484183448,0.1549459148415822,0.15494591484101516,0.15494591484056205,0.15494591484101516,0.1549459148415822,0.15494591484183448,0.1549459148413687,0.15494591484101516,0.1549459148413687,0.15494591484183448,0.15494591484219353,0.15494591484183448,0.1549459148415822,0.15494591484183448,0.15494591484219353,0.15357822087281314,0.1535782208718457,0.15357822087111542,0.1535782208718457,0.15357822087281314,0.1535782208718457,0.15357822087045564,0.1535782208692725,0.15357822087045564,0.1535782208718457,0.15357822087111542,0.1535782208692725,0.1535782208675177,0.1535782208692725,0.15357822087111542,0.1535782208718457,0.15357822087045564,0.1535782208692725,0.15357822087045564,0.1535782208718457,0.15357822087281314,0.1535782208718457,0.15357822087111542,0.1535782208718457,0.15357822087281314,0.15223780402632928,0.15223780402393236,0.15223780402191847,0.15223780402393236,0.15223780402632928,0.15223780402393236,0.15223780401999418,0.15223780401597473,0.15223780401999418,0.15223780402393236,0.15223780402191847,0.15223780401597473,0.152237804008423,0.15223780401597473,0.15223780402191847,0.15223780402393236,0.15223780401999418,0.15223780401597473,0.15223780401999418,0.15223780402393236,0.15223780402632928,0.15223780402393236,0.15223780402191847,0.15223780402393236,0.15223780402632928,0.1509240931113219,0.15092409310618965,0.15092409310117277,0.15092409310618965,0.1509240931113219,0.15092409310618965,0.15092409309613622,0.15092409308277305,0.15092409309613622,0.15092409310618965,0.15092409310117277,0.15092409308277305,0.15092409304602641,0.15092409308277305,0.15092409310117277,0.15092409310618965,0.15092409309613622,0.15092409308277305,0.15092409309613622,0.15092409310618965,0.1509240931113219,0.15092409310618965,0.15092409310117277,0.15092409310618965,0.1509240931113219,0.14963652327179328,0.149636523263543,0.14963652325384733,0.149636523263543,0.14963652327179328,0.149636523263543,0.14963652324383722,0.1496365232059138,0.14963652324383722,0.149636523263543,0.14963652325384733,0.1496365232059138,0.14963652300363517,0.1496365232059138,0.14963652325384733,0.149636523263543,0.14963652324383722,0.1496365232059138,0.14963652324383722,0.149636523263543,0.14963652327179328,0.149636523263543,0.14963652325384733,0.149636523263543,0.14963652327179328,0.14837453657072489,0.14837453656411878,0.14837453655732089,0.14837453656411878,0.14837453657072489,0.14837453656411878,0.14837453655042773,0.14837453653002586,0.14837453655042773,0.14837453656411878,0.14837453655732089,0.14837453653002586,0.14837453645649493,0.14837453653002586,0.14837453655732089,0.14837453656411878,0.14837453655042773,0.14837453653002586,0.14837453655042773,0.14837453656411878,0.14837453657072489,0.14837453656411878,0.14837453655732089,0.14837453656411878,0.14837453657072489,0.1471375824877758,0.14713758248352704,0.1471375824794728,0.14713758248352704,0.1471375824877758,0.14713758248352704,0.14713758247544842,0.14713758246448758,0.14713758247544842,0.14713758248352704,0.1471375824794728,0.14713758246448758,0.14713758242637553,0.14713758246448758,0.1471375824794728,0.14713758248352704,0.14713758247544842,0.14713758246448758,0.14713758247544842,0.14713758248352704,0.1471375824877758,0.14713758248352704,0.1471375824794728,0.14713758248352704,0.1471375824877758,0.14592511836535352,0.14592511836285776,0.14592511836053992,0.14592511836285776,0.14592511836535352,0.14592511836285776,0.14592511835827066,0.1459251183521278,0.14592511835827066,0.14592511836285776,0.14592511836053992,0.1459251183521278,0.14592511833021843,0.1459251183521278,0.14592511836053992,0.14592511836285776,0.14592511835827066,0.1459251183521278,0.14592511835827066,0.14592511836285776,0.14592511836535352,0.14592511836285776,0.14592511836053992,0.14592511836285776,0.14592511836535352,0.14473660978476827,0.14473660978344516,0.14473660978223116,0.14473660978344516,0.14473660978476827,0.14473660978344516,0.14473660978105224,0.1447366097778627,0.14473660978105224,0.14473660978344516,0.14473660978223116,0.1447366097778627,0.14473660976639618,0.1447366097778627,0.14473660978223116,0.14473660978344516,0.14473660978105224,0.1447366097778627,0.14473660978105224,0.14473660978344516,0.14473660978476827,0.14473660978344516,0.14473660978223116,0.14473660978344516,0.14473660978476827,0.14357153088096855,0.1435715308804588,0.1435715308800076,0.1435715308804588,0.14357153088096855,0.1435715308804588,0.1435715308795738,0.14357153087848365,0.1435715308795738,0.1435715308804588,0.1435715308800076,0.14357153087848365,0.14357153087502017,0.14357153087848365,0.1435715308800076,0.1435715308804588,0.1435715308795738,0.14357153087848365,0.1435715308795738,0.1435715308804588,0.14357153088096855,0.1435715308804588,0.1435715308800076,0.1435715308804588,0.14357153088096855,0.14242936460347624,0.142429364603591,0.14242936460370073,0.142429364603591,0.14242936460347624,0.142429364603591,0.14242936460380287,0.14242936460416541,0.14242936460380287,0.142429364603591,0.14242936460370073,0.14242936460416541,0.1424293646060553,0.14242936460416541,0.14242936460370073,0.142429364603591,0.14242936460380287,0.14242936460416541,0.14242936460380287,0.142429364603591,0.14242936460347624,0.142429364603591,0.14242936460370073,0.142429364603591,0.14242936460347624,0.1413096029289219,0.14130960292969288,0.141309602930331,0.14130960292969288,0.1413096029289219,0.14130960292969288,0.1413096029309185,0.14130960293236053,0.1413096029309185,0.14130960292969288,0.141309602930331,0.14130960293236053,0.1413096029372529,0.14130960293236053,0.141309602930331,0.14130960292969288,0.1413096029309185,0.14130960293236053,0.1413096029309185,0.14130960292969288,0.1413096029289219,0.14130960292969288,0.141309602930331,0.14130960292969288,0.1413096029289219,0.14021174702950379,0.14021174703140332,0.14021174703292796,0.14021174703140332,0.14021174702950379,0.14021174703140332,0.14021174703433845,0.14021174703734357,0.14021174703433845,0.14021174703140332,0.14021174703292796,0.14021174703734357,0.140211747045253,0.14021174703734357,0.14021174703292796,0.14021174703140332,0.14021174703433845,0.14021174703734357,0.14021174703433845,0.14021174703140332,0.14021174702950379,0.14021174703140332,0.14021174703292796,0.14021174703140332,0.14021174702950379,0.13913530740120553,0.13913530740552846,0.1391353074091848,0.13913530740552846,0.13913530740120553,0.13913530740552846,0.1391353074126963,0.13913530742003127,0.1391353074126963,0.13913530740552846,0.1391353074091848,0.13913530742003127,0.13913530743404978,0.13913530742003127,0.1391353074091848,0.13913530740552846,0.1391353074126963,0.13913530742003127,0.1391353074126963,0.13913530740552846,0.13913530740120553,0.13913530740552846,0.1391353074091848,0.13913530740552846,0.13913530740120553,0.13807980395529368,0.138079803964287,0.13807980397316763,0.138079803964287,0.13807980395529368,0.138079803964287,0.13807980398211211,0.13807980400605066,0.13807980398211211,0.138079803964287,0.13807980397316763,0.13807980400605066,0.13807980407228776,0.13807980400605066,0.13807980397316763,0.138079803964287,0.13807980398211211,0.13807980400605066,0.13807980398211211,0.138079803964287,0.13807980395529368,0.138079803964287,0.13807980397316763,0.138079803964287,0.13807980395529368,0.13704476607716454,0.13704476609117353,0.13704476610802166,0.13704476609117353,0.13704476607716454,0.13704476609117353,0.13704476612545946,0.13704476619382894,0.13704476612545946,0.13704476609117353,0.13704476610802166,0.13704476619382894,0.13704476657149803,0.13704476619382894,0.13704476610802166,0.13704476609117353,0.13704476612545946,0.13704476619382894,0.13704476612545946,0.13704476609117353,0.13704476607716454,0.13704476609117353,0.13704476610802166,0.13704476609117353,0.13704476607716454,0.1360297326619679,0.13602973267166366,0.13602973268112253,0.13602973267166366,0.1360297326619679,0.13602973267166366,0.1360297326905981,0.13602973271583033,0.1360297326905981,0.13602973267166366,0.13602973268112253,0.13602973271583033,0.13602973278568364,0.13602973271583033,0.13602973268112253,0.13602973267166366,0.1360297326905981,0.13602973271583033,0.1360297326905981,0.13602973267166366,0.1360297326619679,0.13602973267166366,0.13602973268112253,0.13602973267166366,0.1360297326619679,0.13503425214023485,0.13503425214628914,0.1350342521512785,0.13503425214628914,0.13503425214023485,0.13503425214628914,0.13503425215600728,0.13503425216562265,0.13503425215600728,0.13503425214628914,0.1350342521512785,0.13503425216562265,0.1350342521830776,0.13503425216562265,0.1350342521512785,0.13503425214628914,0.13503425215600728,0.13503425216562265,0.13503425215600728,0.13503425214628914,0.13503425214023485,0.13503425214628914,0.1350342521512785,0.13503425214628914,0.13503425214023485
0.165332487743314,0.16533248774331374,0.16533248774331374,0.16533248774331374,0.165332487743314,0.16533248774331374,0.16533248774331352,0.16533248774331352,0.16533248774331352,0.16533248774331374,0.16533248774331374,0.16533248774331352,0.16533248774331327,0.16533248774331352,0.16533248774331374,0.16533248774331374,0.16533248774331352,0.16533248774331352,0.16533248774331352,0.16533248774331374,0.165332487743314,0.16533248774331374,0.16533248774331374,0.16533248774331374,0.165332487743314,0.16375749402542522,0.16375749402542475,0.1637574940254243,0.16375749402542475,0.16375749402542522,0.16375749402542475,0.1637574940254243,0.1637574940254238,0.1637574940254243,0.16375749402542475,0.1637574940254243,0.1637574940254238,0.1637574940254236,0.1637574940254238,0.1637574940254243,0.16375749402542475,0.1637574940254243,0.1637574940254238,0.1637574940254243,0.16375749402542475,0.16375749402542522,0.16375749402542475,0.1637574940254243,0.16375749402542475,0.16375749402542522,0.16221388423947272,0.16221388423947114,0.16221388423947022,0.16221388423947114,0.16221388423947272,0.16221388423947114,0.16221388423946978,0.1622138842394689,0.16221388423946978,0.16221388423947114,0.16221388423947022,0.1622138842394689,0.16221388423946798,0.1622138842394689,0.16221388423947022,0.16221388423947114,0.16221388423946978,0.1622138842394689,0.16221388423946978,0.16221388423947114,0.16221388423947272,0.16221388423947114,0.16221388423947022,0.16221388423947114,0.16221388423947272,0.16070106734250003,0.1607010673424956,0.16070106734249295,0.1607010673424956,0.16070106734250003,0.1607010673424956,0.16070106734249115,0.16070106734248804,0.16070106734249115,0.1607010673424956,0.16070106734249295,0.16070106734248804,0.16070106734248515,0.16070106734248804,0.16070106734249295,0.1607010673424956,0.16070106734249115,0.16070106734248804,0.16070106734249115,0.1607010673424956,0.16070106734250003,0.1607010673424956,0.16070106734249295,0.1607010673424956,0.16070106734250003,0.1592184517094923,0.15921845170947882,0.15921845170947033,0.15921845170947882,0.1592184517094923,0.15921845170947882,0.15921845170946422,0.1592184517094551,0.15921845170946422,0.15921845170947882,0.15921845170947033,0.1592184517094551,0.15921845170944507,0.1592184517094551,0.15921845170947033,0.15921845170947882,0.15921845170946422,0.1592184517094551,0.15921845170946422,0.15921845170947882,0.1592184517094923,0.15921845170947882,0.15921845170947033,0.15921845170947882,0.1592184517094923,0.15776544648523458,0.15776544648519447,0.15776544648516866,0.15776544648519447,0.15776544648523458,0.15776544648519447,0.157765446485149,0.15776544648511892,0.157765446485149,0.15776544648519447,0.15776544648516866,0.15776544648511892,0.15776544648508561,0.15776544648511892,0.15776544648516844,0.15776544648519447,0.157765446485149,0.15776544648511892,0.157765446485149,0.15776544648519447,0.15776544648523458,0.15776544648519447,0.15776544648516844,0.15776544648519447,0.15776544648523458,0.156341462798661,0.15634146279854308,0.15634146279846425,0.15634146279854308,0.156341462798661,0.15634146279854308,0.1563414627984017,0.15634146279830322,0.1563414627984017,0.15634146279854308,0.15634146279846425,0.15634146279830322,0.15634146279818673,0.15634146279830322,0.15634146279846425,0.15634146279854308,0.1563414627984017,0.15634146279830322,0.1563414627984017,0.15634146279854308,0.156341462798661,0.15634146279854308,0.15634146279846425,0.15634146279854308,0.156341462798661,0.1549459148499832,0.15494591484964793,0.15494591484941247,0.15494591484964793,0.1549459148499832,0.15494591484964793,0.15494591484921347,0.15494591484888434,0.15494591484921347,0.15494591484964793,0.15494591484941247,0.15494591484888434,0.1549459148484624,0.15494591484888434,0.15494591484941247,0.15494591484964793,0.15494591484921347,0.15494591484888434,0.15494591484921347,0.15494591484964793,0.1549459148499832,0.15494591484964793,0.15494591484941247,0.15494591484964793,0.1549459148499832,0.1535782208803809,0.1535782208794761,0.15357822087879403,0.1535782208794761,0.1535782208803809,0.1535782208794761,0.15357822087817888,0.15357822087707623,0.15357822087817888,0.1535782208794761,0.15357822087879403,0.15357822087707623,0.1535782208754444,0.15357822087707623,0.15357822087879403,0.1535782208794761,0.15357822087817888,0.15357822087707623,0.15357822087817888,0.1535782208794761,0.1535782208803809,0.1535782208794761,0.15357822087879403,0.1535782208794761,0.1535782208803809,0.15223780403354836,0.15223780403130263,0.15223780402941964,0.15223780403130263,0.15223780403354836,0.15223780403130263,0.15223780402762271,0.15223780402387843,0.15223780402762271,0.15223780403130263,0.15223780402941964,0.15223780402387843,0.15223780401686504,0.15223780402387843,0.15223780402941964,0.15223780403130263,0.15223780402762271,0.15223780402387843,0.15223780402762271,0.15223780403130263,0.15223780403354836,0.15223780403130263,0.15223780402941964,0.15223780403130263,0.15223780403354836,0.15092409311788002,0.1509240931130547,0.15092409310835497,0.1509240931130547,0.15092409311788002,0.1509240931130547,0.15092409310364213,0.15092409309119068,0.15092409310364213,0.1509240931130547,0.15092409310835497,0.15092409309119068,0.15092409305710927,0.15092409309119068,0.15092409310835497,0.1509240931130547,0.15092409310364213,0.15092409309119068,0.15092409310364213,0.1509240931130547,0.15092409311788002,0.1509240931130547,0.15092409310835497,0.1509240931130547,0.15092409311788002,0.14963652327705,0.14963652326922683,0.14963652326008972,0.14963652326922683,0.14963652327705,0.14963652326922683,0.14963652325066523,0.14963652321524568,0.14963652325066523,0.14963652326922683,0.14963652326008972,0.14963652321524568,0.1496365230278222,0.14963652321524568,0.14963652326008972,0.14963652326922683,0.14963652325066523,0.14963652321524568,0.14963652325066523,0.14963652326922683,0.14963652327705,0.14963652326922683,0.14963652326008972,0.14963652326922683,0.14963652327705,0.14837453657378097,0.1483745365672887,0.1483745365605725,0.1483745365672887,0.14837453657378097,0.1483745365672887,0.1483745365537579,0.14837453653332586,0.1483745365537579,0.1483745365672887,0.1483745365605725,0.14837453653332586,0.14837453645754764,0.14837453653332586,0.1483745365605725,0.1483745365672887,0.1483745365537579,0.14837453653332586,0.1483745365537579,0.1483745365672887,0.14837453657378097,0.1483745365672887,0.1483745365605725,0.1483745365672887,0.14837453657378097,0.14713758248836675,0.14713758248401623,0.14713758247981326,0.14713758248401623,0.14713758248836675,0.14713758248401623,0.14713758247562878,0.1471375824639858,0.14713758247562878,0.14713758248401623,0.14713758247981326,0.1471375824639858,0.1471375824222434,0.1471375824639858,0.14713758247981326,0.14713758248401623,0.14713758247562878,0.1471375824639858,0.14713758247562878,0.14713758248401623,0.14713758248836675,0.14713758248401623,0.14713758247981326,0.14713758248401623,0.14713758248836675,0.14592511836365585,0.14592511836099664,0.14592511835849234,0.14592511836099664,0.14592511836365585,0.14592511836099664,0.14592511835602937,0.14592511834923497,0.14592511835602937,0.14592511836099664,0.14592511835849234,0.14592511834923497,0.1459251183244773,0.14592511834923497,0.14592511835849234,0.14592511836099664,0.14592511835602937,0.14592511834923497,0.14592511835602937,0.14592511836099664,0.14592511836365585,0.14592511836099664,0.14592511835849234,0.14592511836099664,0.14592511836365585,0.14473660978108685,0.14473660977961694,0.14473660977825006,0.14473660977961694,0.14473660978108685,0.14473660977961694,0.1447366097769156,0.14473660977324918,0.1447366097769156,0.14473660977961694,0.14473660977825006,0.14473660977324918,0.14473660975988148,0.14473660977324918,0.14473660977825006,0.14473660977961694,0.1447366097769156,0.14473660977324918,0.1447366097769156,0.14473660977961694,0.14473660978108685,0.14473660977961694,0.14473660977825006,0.14473660977961694,0.14473660978108685,0.14357153087557695,0.14357153087495875,0.14357153087440092,0.14357153087495875,0.14357153087557695,0.14357153087495875,0.14357153087386051,0.14357153087246355,0.14357153087386051,0.14357153087495875,0.14357153087440092,0.14357153087246355,0.1435715308678353,0.14357153087246355,0.14357153087440092,0.14357153087495875,0.14357153087386051,0.14357153087246355,0.14357153087386051,0.14357153087495875,0.14357153087557695,0.14357153087495875,0.14357153087440092,0.14357153087495875,0.14357153087557695,0.14242936459657143,0.14242936459661035,0.14242936459664876,0.14242936459661035,0.14242936459657143,0.14242936459661035,0.14242936459668082,0.14242936459685007,0.14242936459668082,0.14242936459661035,0.14242936459664876,0.14242936459685007,0.14242936459803002,0.14242936459685007,0.14242936459664876,0.14242936459661035,0.14242936459668082,0.14242936459685007,0.14242936459668082,0.14242936459661035,0.14242936459657143,0.14242936459661035,0.14242936459664876,0.14242936459661035,0.14242936459657143,0.14130960292063477,0.14130960292134773,0.14130960292193306,0.14130960292134773,0.14130960292063477,0.14130960292134773,0.14130960292246955,0.1413096029237736,0.14130960292246955,0.14130960292134773,0.14130960292193306,0.1413096029237736,0.141309602928152,0.1413096029237736,0.14130960292193306,0.14130960292134773,0.14130960292246955,0.1413096029237736,0.14130960292246955,0.14130960292134773,0.14130960292063477,0.14130960292134773,0.14130960292193306,0.14130960292134773,0.14130960292063477,0.14021174701992906,0.1402117470217709,0.1402117470232457,0.1402117470217709,0.14021174701992906,0.1402117470217709,0.1402117470246091,0.14021174702749684,0.1402117470246091,0.1402117470217709,0.1402117470232457,0.14021174702749684,0.1402117470350157,0.14021174702749684,0.14021174702324585,0.1402117470217709,0.1402117470246091,0.14021174702749684,0.1402117470246091,0.1402117470217709,0.14021174701992906,0.1402117470217709,0.14021174702324585,0.1402117470217709,0.14021174701992906,0.1391353073904378,0.13913530739467597,0.13913530739826085,0.13913530739467597,0.1391353073904378,0.13913530739467597,0.1391353074017039,0.13913530740889404,0.1391353074017039,0.13913530739467597,0.13913530739826085,0.13913530740889404,0.13913530742262872,0.13913530740889404,0.13913530739826085,0.13913530739467597,0.1391353074017039,0.13913530740889404,0.1391353074017039,0.13913530739467597,0.1391353073904378,0.13913530739467597,0.13913530739826085,0.13913530739467597,0.1391353073904378,0.13807980394348357,0.13807980395232108,0.13807980396104913,0.13807980395232108,0.13807980394348357,0.13807980395232108,0.13807980396984043,0.1380798039933717,0.13807980396984043,0.13807980395232108,0.13807980396104913,0.1380798039933717,0.1380798040584889,0.1380798039933717,0.13807980396104913,0.13807980395232108,0.13807980396984043,0.1380798039933717,0.13807980396984043,0.13807980395232108,0.13807980394348357,0.13807980395232108,0.13807980396104913,0.13807980395232108,0.13807980394348357,0.1370447660646103,0.13704476607838256,0.13704476609494728,0.13704476607838256,0.1370447660646103,0.13704476607838256,0.13704476611209196,0.1370447661793146,0.13704476611209196,0.13704476607838256,0.13704476609494728,0.1370447661793146,0.1370447665506389,0.1370447661793146,0.13704476609494728,0.13704476607838256,0.13704476611209196,0.1370447661793146,0.13704476611209196,0.13704476607838256,0.1370447660646103,0.13704476607838256,0.13704476609494728,0.13704476607838256,0.1370447660646103,0.13602973264913773,0.13602973265867024,0.1360297326679703,0.13602973265867024,0.13602973264913773,0.13602973265867024,0.13602973267728677,0.13602973270209584,0.13602973267728677,0.13602973265867024,0.1360297326679703,0.13602973270209584,0.1360297327707785,0.13602973270209584,0.1360297326679703,0.13602973265867024,0.13602973267728677,0.13602973270209584,0.13602973267728677,0.13602973265867024,0.13602973264913773,0.13602973265867024,0.1360297326679703,0.13602973265867024,0.13602973264913773,0.13503425212745077,0.13503425213340314,0.13503425213830875,0.13503425213340314,0.13503425212745077,0.13503425213340314,0.13503425214295828,0.13503425215241233,0.1350342521429581,0.13503425213340314,0.13503425213830875,0.13503425215241233,0.13503425216957446,0.13503425215241233,0.13503425213830875,0.13503425213340314,0.1350342521429581,0.13503425215241233,0.1350342521429581,0.13503425213340314,0.13503425212745077,0.13503425213340314,0.13503425213830875,0.13503425213340314,0.13503425212745077
0.16533248775247597,0.16533248775247572,0.16533248775247572,0.16533248775247572,0.16533248775247597,0.16533248775247572,0.16533248775247553,0.16533248775247553,0.16533248775247553,0.16533248775247572,0.16533248775247572,0.16533248775247553,0.16533248775247525,0.16533248775247553,0.16533248775247572,0.16533248775247572,0.16533248775247553,0.16533248775247553,0.16533248775247553,0.16533248775247572,0.16533248775247597,0.16533248775247572,0.16533248775247572,0.16533248775247572,0.16533248775247597,0.16375749403440615,0.16375749403440568,0.16375749403440545,0.16375749403440568,0.16375749403440615,0.16375749403440568,0.1637574940344052,0.16375749403440498,0.1637574940344052,0.16375749403440568,0.16375749403440545,0.16375749403440498,0.1637574940344045,0.16375749403440498,0.16375749403440545,0.16375749403440568,0.1637574940344052,0.16375749403440498,0.1637574940344052,0.16375749403440568,0.16375749403440615,0.16375749403440568,0.16375749403440545,0.16375749403440568,0.16375749403440615,0.16221388424827707,0.1622138842482757,0.16221388424827482,0.1622138842482757,0.16221388424827707,0.1622138842482757,0.16221388424827435,0.16221388424827343,0.16221388424827435,0.1622138842482757,0.16221388424827482,0.16221388424827343,0.16221388424827254,0.16221388424827343,0.16221388424827482,0.1622138842482757,0.16221388424827435,0.16221388424827343,0.16221388424827435,0.1622138842482757,0.16221388424827707,0.1622138842482757,0.16221388424827482,0.1622138842482757,0.16221388424827707,0.16070106735113224,0.16070106735112824,0.16070106735112558,0.16070106735112824,0.16070106735113224,0.16070106735112824,0.16070106735112402,0.1607010673511211,0.16070106735112402,0.16070106735112824,0.16070106735112558,0.1607010673511211,0.16070106735111847,0.1607010673511211,0.16070106735112558,0.16070106735112824,0.16070106735112402,0.1607010673511211,0.16070106735112402,0.16070106735112824,0.16070106735113224,0.16070106735112824,0.16070106735112558,0.16070106735112824,0.16070106735113224,0.15921845171795604,0.15921845171794385,0.15921845171793603,0.15921845171794385,0.15921845171795604,0.15921845171794385,0.15921845171793036,0.15921845171792165,0.15921845171793036,0.15921845171794385,0.15921845171793603,0.15921845171792165,0.15921845171791252,0.15921845171792165,0.15921845171793603,0.15921845171794385,0.15921845171793036,0.15921845171792165,0.15921845171793036,0.15921845171794385,0.15921845171795604,0.15921845171794385,0.15921845171793603,0.15921845171794385,0.15921845171795604,0.15776544649353288,0.15776544649349575,0.15776544649347166,0.15776544649349575,0.15776544649353288,0.15776544649349575,0.15776544649345353,0.15776544649342578,0.15776544649345353,0.15776544649349575,0.15776544649347166,0.15776544649342578,0.15776544649339505,0.15776544649342578,0.15776544649347166,0.15776544649349575,0.15776544649345353,0.15776544649342578,0.15776544649345353,0.15776544649349575,0.15776544649353288,0.15776544649349575,0.15776544649347166,0.15776544649349575,0.15776544649353288,0.1563414628067919,0.15634146280668254,0.15634146280660954,0.15634146280668254,0.1563414628067919,0.15634146280668254,0.15634146280655162,0.15634146280646066,0.15634146280655162,0.15634146280668254,0.15634146280660954,0.15634146280646066,0.1563414628063532,0.15634146280646066,0.15634146280660954,0.15634146280668254,0.15634146280655162,0.15634146280646066,0.15634146280655162,0.15634146280668254,0.1563414628067919,0.15634146280668254,0.15634146280660954,0.15634146280668254,0.1563414628067919,0.15494591485793313,0.15494591485762205,0.15494591485740378,0.15494591485762205,0.15494591485793313,0.15494591485762205,0.15494591485721976,0.15494591485691542,0.15494591485721976,0.15494591485762205,0.15494591485740378,0.15494591485691542,0.15494591485652565,0.15494591485691542,0.15494591485740378,0.15494591485762205,0.15494591485721976,0.15494591485691542,0.15494591485721976,0.15494591485762205,0.15494591485793313,0.15494591485762205,0.15494591485740378,0.15494591485762205,0.15494591485793313,0.15357822088810372,0.1535782208872632,0.15357822088663034,0.1535782208872632,0.15357822088810394,0.1535782208872632,0.15357822088606093,0.15357822088504067,0.15357822088606093,0.1535782208872632,0.15357822088663034,0.15357822088504067,0.15357822088353473,0.15357822088504067,0.15357822088663034,0.1535782208872632,0.15357822088606093,0.15357822088504067,0.15357822088606093,0.1535782208872632,0.15357822088810394,0.1535782208872632,0.15357822088663034,0.1535782208872632,0.15357822088810394,0.15223780404091408,0.15223780403882306,0.15223780403707451,0.15223780403882306,0.15223780404091408,0.15223780403882306,0.1522378040354077,0.1522378040319453,0.1522378040354077,0.15223780403882306,0.15223780403707451,0.1522378040319453,0.15223780402548326,0.1522378040319453,0.15223780403707451,0.15223780403882306,0.1522378040354077,0.1522378040319453,0.1522378040354077,0.15223780403882306,0.15223780404091408,0.15223780403882306,0.15223780403707451,0.15223780403882306,0.15223780404091408,0.15092409312456875,0.1509240931200579,0.15092409311568322,0.1509240931200579,0.15092409312456875,0.1509240931200579,0.15092409311130164,0.15092409309978372,0.15092409311130164,0.1509240931200579,0.15092409311568322,0.15092409309978372,0.15092409306843155,0.15092409309978372,0.15092409311568322,0.1509240931200579,0.15092409311130164,0.15092409309978372,0.15092409311130164,0.1509240931200579,0.15092409312456875,0.1509240931200579,0.15092409311568322,0.1509240931200579,0.15092409312456875,0.14963652328240595,0.1496365232750204,0.14963652326645524,0.1496365232750204,0.14963652328240595,0.1496365232750204,0.14963652325763033,0.1496365232247751,0.14963652325763033,0.1496365232750204,0.14963652326645524,0.1496365232247751,0.14963652305260242,0.1496365232247751,0.14963652326645524,0.1496365232750204,0.14963652325763033,0.1496365232247751,0.14963652325763033,0.1496365232750204,0.14963652328240595,0.1496365232750204,0.14963652326645524,0.1496365232750204,0.14963652328240595,0.14837453657688357,0.14837453657050748,0.14837453656387525,0.14837453657050748,0.14837453657688357,0.14837453657050748,0.14837453655714095,0.14837453653667754,0.14837453655714095,0.14837453657050748,0.14837453656387525,0.14837453653667754,0.14837453645855359,0.14837453653667754,0.14837453656387525,0.14837453657050748,0.14837453655714095,0.14837453653667754,0.14837453655714095,0.14837453657050748,0.14837453657688357,0.14837453657050748,0.14837453656387525,0.14837453657050748,0.14837453657688357,0.14713758248894532,0.14713758248449002,0.1471375824801344,0.14713758248449002,0.14713758248894532,0.14713758248449002,0.14713758247578537,0.14713758246344266,0.14713758247578537,0.14713758248449002,0.1471375824801344,0.14713758246344266,0.14713758241803185,0.14713758246344266,0.1471375824801344,0.14713758248449002,0.14713758247578537,0.14713758246344266,0.14713758247578537,0.14713758248449002,0.14713758248894532,0.14713758248449002,0.1471375824801344,0.14713758248449002,0.14713758248894532,0.14592511836189231,0.14592511835906483,0.14592511835636876,0.14592511835906483,0.14592511836189231,0.14592511835906483,0.14592511835370636,0.14592511834624172,0.14592511835370636,0.14592511835906483,0.14592511835636876,0.14592511834624172,0.14592511831858623,0.14592511834624172,0.14592511835636876,0.14592511835906483,0.14592511835370636,0.14592511834624172,0.14592511835370636,0.14592511835906483,0.14592511836189231,0.14592511835906483,0.14592511835636876,0.14592511835906483,0.14592511836189231,0.14473660977729524,0.14473660977567368,0.14473660977414882,0.14473660977567368,0.14473660977729524,0.14473660977567368,0.14473660977265362,0.14473660976849478,0.14473660977265362,0.14473660977567368,0.14473660977414882,0.14473660976849478,0.14473660975313513,0.14473660976849478,0.14473660977414882,0.14473660977567368,0.14473660977265362,0.14473660976849478,0.14473660977265362,0.14473660977567368,0.14473660977729524,0.14473660977567368,0.14473660977414882,0.14473660977567368,0.14473660977729524,0.14357153087004043,0.14357153086930927,0.14357153086864058,0.14357153086930927,0.14357153087004043,0.14357153086930927,0.1435715308679893,0.14357153086627253,0.1435715308679893,0.14357153086930927,0.14357153086864058,0.14357153086627253,0.14357153086045196,0.14357153086627253,0.14357153086864058,0.14357153086930927,0.1435715308679893,0.14357153086627253,0.1435715308679893,0.14357153086930927,0.14357153087004043,0.14357153086930927,0.14357153086864058,0.14357153086930927,0.14357153087004043,0.14242936458949548,0.14242936458945474,0.14242936458941782,0.14242936458945474,0.14242936458949548,0.14242936458945474,0.14242936458937602,0.14242936458934083,0.14242936458937602,0.14242936458945474,0.14242936458941782,0.14242936458934083,0.14242936458977815,0.14242936458934083,0.14242936458941782,0.14242936458945474,0.14242936458937602,0.14242936458934083,0.14242936458937602,0.14242936458945474,0.14242936458949548,0.14242936458945474,0.14242936458941782,0.14242936458945474,0.14242936458949548,0.14130960291215788,0.14130960291280947,0.14130960291333855,0.14130960291280947,0.14130960291215788,0.14130960291280947,0.14130960291382064,0.141309602914976,0.14130960291382064,0.14130960291280947,0.14130960291333855,0.141309602914976,0.14130960291883418,0.141309602914976,0.14130960291333855,0.14130960291280947,0.14130960291382064,0.141309602914976,0.14130960291382064,0.14130960291280947,0.14130960291215788,0.14130960291280947,0.14130960291333855,0.14130960291280947,0.14130960291215788,0.14021174701015263,0.140211747011934,0.14021174701335637,0.140211747011934,0.14021174701015263,0.140211747011934,0.14021174701466962,0.14021174701743108,0.14021174701466962,0.140211747011934,0.14021174701335637,0.14021174701743108,0.1402117470245296,0.14021174701743108,0.14021174701335637,0.140211747011934,0.14021174701466962,0.14021174701743108,0.14021174701466962,0.140211747011934,0.14021174701015263,0.140211747011934,0.14021174701335637,0.140211747011934,0.14021174701015263,0.13913530737946136,0.1391353073836132,0.139135307387125,0.1391353073836132,0.13913530737946136,0.1391353073836132,0.13913530739049804,0.13913530739754018,0.13913530739049804,0.1391353073836132,0.139135307387125,0.13913530739754018,0.13913530741098284,0.13913530739754018,0.139135307387125,0.1391353073836132,0.13913530739049804,0.13913530739754018,0.13913530739049804,0.13913530738361338,0.13913530737946136,0.1391353073836132,0.139135307387125,0.13913530738361338,0.13913530737946136,0.1380798039314612,0.1380798039401418,0.13807980394871605,0.1380798039401418,0.1380798039314612,0.1380798039401418,0.1380798039573531,0.13807980398047426,0.1380798039573531,0.1380798039401418,0.13807980394871605,0.13807980398047426,0.13807980404446527,0.13807980398047426,0.13807980394871605,0.1380798039401418,0.1380798039573531,0.13807980398047426,0.1380798039573531,0.1380798039401418,0.1380798039314612,0.1380798039401418,0.13807980394871605,0.1380798039401418,0.1380798039314612,0.1370447660518426,0.1370447660653772,0.13704476608165703,0.1370447660653772,0.1370447660518426,0.1370447660653772,0.13704476609850702,0.13704476616457753,0.13704476609850702,0.1370447660653772,0.13704476608165703,0.13704476616457753,0.13704476652956663,0.13704476616457753,0.13704476608165703,0.1370447660653772,0.13704476609850702,0.13704476616457753,0.13704476609850702,0.1370447660653772,0.1370447660518426,0.1370447660653772,0.13704476608165703,0.1370447660653772,0.1370447660518426,0.1360297326360957,0.13602973264546436,0.13602973265460475,0.13602973264546436,0.1360297326360957,0.13602973264546436,0.13602973266376137,0.13602973268814514,0.13602973266376137,0.13602973264546436,0.13602973265460475,0.13602973268814514,0.13602973275565214,0.13602973268814514,0.13602973265460475,0.13602973264546436,0.13602973266376137,0.13602973268814514,0.13602973266376137,0.13602973264546436,0.1360297326360957,0.13602973264546436,0.13602973265460475,0.13602973264546436,0.1360297326360957,0.13503425211445774,0.13503425212030803,0.1350342521251294,0.13503425212030803,0.13503425211445774,0.13503425212030803,0.13503425212969905,0.13503425213899123,0.13503425212969905,0.13503425212030803,0.1350342521251294,0.13503425213899123,0.13503425215585946,0.13503425213899123,0.1350342521251294,0.13503425212030803,0.13503425212969905,0.13503425213899123,0.13503425212969905,0.13503425212030803,0.13503425211445774,0.13503425212030803,0.1350342521251294,0.13503425212030803,0.13503425211445774
0.16533248776182105,0.16533248776182086,0.16533248776182086,0.16533248776182086,0.16533248776182105,0.16533248776182086,0.1653324877618206,0.1653324877618206,0.1653324877618206,0.16533248776182086,0.16533248776182086,0.1653324877618206,0.1653324877618206,0.1653324877618206,0.16533248776182086,0.16533248776182086,0.1653324877618206,0.1653324877618206,0.1653324877618206,0.16533248776182086,0.16533248776182105,0.16533248776182086,0.16533248776182086,0.16533248776182086,0.16533248776182105,0.16375749404356654,0.1637574940435661,0.16375749404356585,0.1637574940435661,0.16375749404356654,0.1637574940435661,0.16375749404356563,0.16375749404356538,0.16375749404356563,0.1637574940435661,0.16375749404356585,0.16375749404356538,0.16375749404356515,0.16375749404356538,0.16375749404356585,0.1637574940435661,0.16375749404356563,0.16375749404356538,0.16375749404356563,0.1637574940435661,0.16375749404356654,0.1637574940435661,0.16375749404356585,0.1637574940435661,0.16375749404356654,0.16221388425725736,0.16221388425725597,0.16221388425725528,0.16221388425725597,0.16221388425725736,0.16221388425725597,0.16221388425725486,0.16221388425725392,0.16221388425725486,0.16221388425725597,0.16221388425725528,0.16221388425725392,0.16221388425725328,0.16221388425725392,0.16221388425725528,0.16221388425725597,0.16221388425725486,0.16221388425725392,0.16221388425725486,0.16221388425725597,0.16221388425725736,0.16221388425725597,0.16221388425725528,0.16221388425725597,0.16221388425725736,0.16070106735993683,0.16070106735993303,0.1607010673599306,0.16070106735993303,0.16070106735993683,0.16070106735993303,0.16070106735992903,0.16070106735992662,0.16070106735992903,0.16070106735993303,0.1607010673599306,0.16070106735992662,0.16070106735992393,0.16070106735992662,0.1607010673599306,0.16070106735993303,0.16070106735992903,0.16070106735992662,0.16070106735992903,0.16070106735993303,0.16070106735993683,0.16070106735993303,0.1607010673599306,0.16070106735993303,0.16070106735993683,0.15921845172658874,0.15921845172657742,0.15921845172657026,0.15921845172657742,0.15921845172658874,0.15921845172657742,0.15921845172656504,0.15921845172655716,0.15921845172656504,0.15921845172657742,0.15921845172657026,0.15921845172655716,0.1592184517265487,0.15921845172655716,0.15921845172657026,0.15921845172657742,0.15921845172656504,0.15921845172655716,0.15921845172656504,0.15921845172657742,0.15921845172658874,0.15921845172657742,0.15921845172657026,0.15921845172657742,0.15921845172658874,0.15776544650199614,0.157765446501962,0.15776544650194005,0.157765446501962,0.15776544650199614,0.157765446501962,0.15776544650192337,0.157765446501898,0.15776544650192337,0.157765446501962,0.15776544650194005,0.157765446501898,0.15776544650186983,0.157765446501898,0.15776544650194005,0.157765446501962,0.15776544650192337,0.157765446501898,0.15776544650192337,0.157765446501962,0.15776544650199614,0.157765446501962,0.15776544650194005,0.157765446501962,0.15776544650199614,0.15634146281508424,0.15634146281498368,0.15634146281491654,0.15634146281498368,0.15634146281508424,0.15634146281498368,0.15634146281486364,0.1563414628147802,0.15634146281486364,0.15634146281498368,0.15634146281491654,0.1563414628147802,0.15634146281468211,0.1563414628147802,0.15634146281491654,0.15634146281498368,0.15634146281486364,0.1563414628147802,0.15634146281486364,0.15634146281498368,0.15634146281508424,0.15634146281498368,0.15634146281491654,0.15634146281498368,0.15634146281508424,0.15494591486604065,0.15494591486575435,0.15494591486555373,0.15494591486575435,0.15494591486604065,0.15494591486575435,0.15494591486538487,0.15494591486510614,0.15494591486538487,0.15494591486575435,0.15494591486555373,0.15494591486510614,0.15494591486474896,0.15494591486510614,0.15494591486555373,0.15494591486575435,0.15494591486538487,0.15494591486510614,0.15494591486538487,0.15494591486575435,0.15494591486604065,0.15494591486575435,0.15494591486555373,0.15494591486575435,0.15494591486604065,0.153578220895979,0.15357822089520393,0.15357822089462167,0.15357822089520393,0.15357822089597917,0.15357822089520393,0.1535782208940989,0.15357822089316295,0.1535782208940989,0.15357822089520393,0.15357822089462167,0.15357822089316295,0.15357822089178597,0.15357822089316295,0.15357822089462167,0.15357822089520393,0.1535782208940989,0.15357822089316295,0.1535782208940989,0.15357822089520393,0.15357822089597917,0.15357822089520393,0.15357822089462167,0.15357822089520393,0.15357822089597917,0.1522378040484241,0.15223780404649132,0.15223780404488022,0.15223780404649132,0.1522378040484241,0.15223780404649132,0.1522378040433466,0.1522378040401726,0.1522378040433466,0.15223780404649132,0.15223780404488022,0.1522378040401726,0.1522378040342745,0.1522378040401726,0.15223780404488022,0.15223780404649132,0.1522378040433466,0.1522378040401726,0.1522378040433466,0.15223780404649132,0.1522378040484241,0.15223780404649132,0.15223780404488022,0.15223780404649132,0.1522378040484241,0.15092409313138636,0.1509240931271971,0.15092409312315483,0.1509240931271971,0.15092409313138636,0.1509240931271971,0.1509240931191124,0.15092409310854982,0.1509240931191124,0.1509240931271971,0.15092409312315483,0.15092409310854982,0.15092409307998997,0.15092409310854982,0.15092409312315483,0.1509240931271971,0.1509240931191124,0.15092409310854982,0.1509240931191124,0.1509240931271971,0.15092409313138636,0.1509240931271971,0.15092409312315483,0.1509240931271971,0.15092409313138636,0.1496365232878601,0.14963652328092206,0.14963652327294197,0.14963652328092206,0.1496365232878601,0.14963652328092206,0.14963652326473062,0.14963652323449894,0.14963652326473062,0.14963652328092206,0.14963652327294197,0.14963652323449894,0.1496365230779678,0.14963652323449894,0.14963652327294197,0.14963652328092206,0.14963652326473062,0.14963652323449894,0.14963652326473062,0.14963652328092206,0.1496365232878601,0.14963652328092206,0.14963652327294197,0.14963652328092206,0.1496365232878601,0.14837453658003213,0.14837453657377483,0.14837453656722824,0.14837453657377483,0.14837453658003213,0.14837453657377483,0.148374536560576,0.14837453654008076,0.148374536560576,0.14837453657377483,0.14837453656722824,0.14837453654008076,0.14837453645955567,0.14837453654008076,0.14837453656722824,0.14837453657377483,0.148374536560576,0.14837453654008076,0.148374536560576,0.14837453657377483,0.14837453658003213,0.14837453657377483,0.14837453656722824,0.14837453657377483,0.14837453658003213,0.1471375824895121,0.14713758248494904,0.1471375824804367,0.14713758248494904,0.1471375824895121,0.14713758248494904,0.14713758247591888,0.14713758246285882,0.14713758247591888,0.14713758248494904,0.1471375824804367,0.14713758246285882,0.14713758241363303,0.14713758246285882,0.1471375824804367,0.14713758248494904,0.14713758247591888,0.14713758246285882,0.14713758247591888,0.14713758248494904,0.1471375824895121,0.14713758248494904,0.1471375824804367,0.14713758248494904,0.1471375824895121,0.1459251183600641,0.14592511835706357,0.14592511835417038,0.14592511835706357,0.1459251183600641,0.14592511835706357,0.145925118351303,0.14592511834315017,0.145925118351303,0.14592511835706357,0.14592511835417038,0.14592511834315017,0.14592511831250177,0.14592511834315017,0.14592511835417038,0.14592511835706357,0.145925118351303,0.14592511834315017,0.145925118351303,0.14592511835706357,0.1459251183600641,0.14592511835706357,0.14592511835417038,0.14592511835706357,0.1459251183600641,0.14473660977339547,0.14473660977161748,0.14473660976992958,0.14473660977161748,0.14473660977339547,0.14473660977161748,0.14473660976826858,0.1447366097636018,0.14473660976826858,0.14473660977161748,0.14473660976992958,0.1447366097636018,0.14473660974621422,0.1447366097636018,0.14473660976992958,0.14473660977161748,0.14473660976826858,0.1447366097636018,0.14473660976826858,0.14473660977161748,0.14473660977339547,0.14473660977161748,0.14473660976992958,0.14473660977161748,0.14473660977339547,0.14357153086436156,0.14357153086351315,0.14357153086272914,0.14357153086351315,0.14357153086436156,0.14357153086351315,0.14357153086196253,0.14357153085991348,0.14357153086196253,0.14357153086351315,0.14357153086272914,0.14357153085991348,0.1435715308528236,0.14357153085991348,0.14357153086272914,0.14357153086351315,0.14357153086196253,0.14357153085991348,0.14357153086196253,0.14357153086351315,0.14357153086436156,0.14357153086351315,0.14357153086272914,0.14357153086351315,0.14357153086436156,0.14242936458225147,0.14242936458212713,0.14242936458201122,0.14242936458212713,0.14242936458225147,0.14242936458212713,0.14242936458189145,0.14242936458164052,0.14242936458189145,0.14242936458212713,0.14242936458201122,0.14242936458164052,0.14242936458129743,0.14242936458164052,0.14242936458201122,0.14242936458212713,0.14242936458189145,0.14242936458164052,0.14242936458189145,0.14242936458212713,0.14242936458225147,0.14242936458212713,0.14242936458201122,0.14242936458212713,0.14242936458225147,0.14130960290349448,0.14130960290408145,0.14130960290455083,0.14130960290408145,0.14130960290349448,0.14130960290408145,0.141309602904975,0.141309602905971,0.141309602904975,0.14130960290408145,0.14130960290455083,0.141309602905971,0.14130960290922034,0.141309602905971,0.14130960290455083,0.14130960290408145,0.141309602904975,0.141309602905971,0.141309602904975,0.14130960290408145,0.14130960290349448,0.14130960290408145,0.14130960290455083,0.14130960290408145,0.14130960290349448,0.14021174700017783,0.14021174700189631,0.14021174700326342,0.14021174700189631,0.14021174700017783,0.14021174700189631,0.1402117470045239,0.14021174700715028,0.1402117470045239,0.14021174700189631,0.14021174700326342,0.14021174700715028,0.14021174701376485,0.14021174700715028,0.14021174700326342,0.14021174700189631,0.1402117470045239,0.14021174700715028,0.1402117470045239,0.14021174700189631,0.14021174700017783,0.14021174700189631,0.14021174700326342,0.14021174700189631,0.14021174700017783,0.1391353073682803,0.13913530737234425,0.13913530737578145,0.13913530737234425,0.1391353073682803,0.13913530737234425,0.139135307379083,0.13913530738597366,0.139135307379083,0.13913530737234425,0.13913530737578145,0.13913530738597366,0.13913530739911623,0.13913530738597366,0.13913530737578145,0.13913530737234425,0.139135307379083,0.13913530738597366,0.139135307379083,0.13913530737234425,0.1391353073682803,0.13913530737234425,0.13913530737578145,0.13913530737234425,0.1391353073682803,0.13807980391923091,0.13807980392775338,0.1380798039361729,0.13807980392775338,0.13807980391923091,0.13807980392775338,0.13807980394465444,0.13807980396736302,0.13807980394465444,0.13807980392775338,0.1380798039361729,0.13807980396736302,0.13807980403022163,0.13807980396736302,0.1380798039361729,0.13807980392775338,0.13807980394465444,0.13807980396736302,0.13807980394465444,0.13807980392775338,0.13807980391923091,0.13807980392775338,0.1380798039361729,0.13807980392775338,0.13807980391923091,0.13704476603886628,0.1370447660521619,0.1370447660681554,0.1370447660521619,0.13704476603886628,0.1370447660521619,0.13704476608470936,0.13704476614962272,0.13704476608470936,0.1370447660521619,0.1370447660681554,0.13704476614962272,0.13704476650822767,0.13704476614962272,0.1370447660681554,0.1370447660521619,0.13704476608470936,0.13704476614962272,0.13704476608470936,0.1370447660521619,0.13704476603886628,0.1370447660521619,0.1370447660681554,0.1370447660521619,0.13704476603886628,0.13602973262284626,0.1360297326320503,0.13602973264103024,0.1360297326320503,0.13602973262284626,0.1360297326320503,0.13602973265002655,0.1360297326739832,0.13602973265002655,0.1360297326320503,0.13602973264103024,0.1360297326739832,0.13602973274030924,0.1360297326739832,0.13602973264103024,0.1360297326320503,0.13602973265002655,0.1360297326739832,0.13602973265002655,0.1360297326320503,0.13602973262284626,0.1360297326320503,0.13602973264103024,0.1360297326320503,0.13602973262284626,0.13503425210126055,0.13503425210700823,0.13503425211174502,0.13503425210700823,0.13503425210126055,0.13503425210700823,0.13503425211623457,0.13503425212536396,0.13503425211623457,0.13503425210700823,0.13503425211174502,0.13503425212536396,0.13503425214193693,0.13503425212536396,0.13503425211174502,0.13503425210700823,0.13503425211623457,0.13503425212536396,0.13503425211623457,0.13503425210700823,0.13503425210126055,0.13503425210700823,0.13503425211174502,0.13503425210700823,0.13503425210126055
0.165332487771346,0.16533248777134577,0.16533248777134577,0.16533248777134577,0.165332487771346,0.16533248777134577,0.16533248777134577,0.16533248777134554,0.16533248777134577,0.16533248777134577,0.16533248777134577,0.16533248777134554,0.16533248777134554,0.16533248777134554,0.16533248777134577,0.16533248777134577,0.16533248777134577,0.16533248777134554,0.16533248777134577,0.16533248777134577,0.165332487771346,0.16533248777134577,0.16533248777134577,0.16533248777134577,0.165332487771346,0.16375749405290319,0.16375749405290274,0.1637574940529025,0.16375749405290274,0.16375749405290319,0.16375749405290274,0.1637574940529025,0.16375749405290227,0.1637574940529025,0.16375749405290274,0.1637574940529025,0.16375749405290227,0.16375749405290183,0.16375749405290227,0.1637574940529025,0.16375749405290274,0.1637574940529025,0.16375749405290227,0.1637574940529025,0.16375749405290274,0.16375749405290319,0.16375749405290274,0.1637574940529025,0.16375749405290274,0.16375749405290319,0.1622138842664103,0.16221388426640918,0.16221388426640848,0.16221388426640918,0.1622138842664103,0.16221388426640918,0.16221388426640806,0.16221388426640715,0.16221388426640806,0.16221388426640918,0.16221388426640848,0.16221388426640715,0.16221388426640648,0.16221388426640715,0.16221388426640848,0.16221388426640918,0.16221388426640806,0.16221388426640715,0.16221388426640806,0.16221388426640918,0.1622138842664103,0.16221388426640918,0.16221388426640848,0.16221388426640918,0.1622138842664103,0.16070106736891046,0.16070106736890713,0.1607010673689049,0.16070106736890713,0.16070106736891046,0.16070106736890713,0.16070106736890336,0.16070106736890113,0.16070106736890336,0.16070106736890713,0.1607010673689049,0.16070106736890113,0.16070106736889891,0.16070106736890113,0.1607010673689049,0.16070106736890713,0.16070106736890336,0.16070106736890113,0.16070106736890336,0.16070106736890713,0.16070106736891046,0.16070106736890713,0.1607010673689049,0.16070106736890713,0.16070106736891046,0.15921845173538712,0.1592184517353769,0.15921845173537036,0.1592184517353769,0.15921845173538712,0.1592184517353769,0.15921845173536556,0.15921845173535837,0.15921845173536556,0.1592184517353769,0.15921845173537036,0.15921845173535837,0.15921845173535074,0.15921845173535837,0.15921845173537036,0.1592184517353769,0.15921845173536556,0.15921845173535837,0.15921845173536556,0.1592184517353769,0.15921845173538712,0.1592184517353769,0.15921845173537036,0.1592184517353769,0.15921845173538712,0.15776544651062177,0.15776544651059082,0.15776544651057056,0.15776544651059082,0.15776544651062177,0.15776544651059082,0.1577654465105556,0.15776544651053256,0.1577654465105556,0.15776544651059082,0.15776544651057056,0.15776544651053256,0.15776544651050697,0.15776544651053256,0.15776544651057056,0.15776544651059082,0.1577654465105556,0.15776544651053256,0.1577654465105556,0.15776544651059082,0.15776544651062177,0.15776544651059082,0.15776544651057056,0.15776544651059082,0.15776544651062177,0.15634146282353528,0.15634146282344372,0.15634146282338265,0.15634146282344372,0.15634146282353528,0.15634146282344372,0.15634146282333455,0.15634146282325906,0.15634146282333455,0.15634146282344372,0.15634146282338265,0.15634146282325906,0.1563414628231706,0.15634146282325906,0.15634146282338265,0.15634146282344372,0.15634146282333455,0.15634146282325906,0.15634146282333455,0.15634146282344372,0.15634146282353528,0.15634146282344372,0.15634146282338265,0.15634146282344372,0.15634146282353528,0.1549459148743029,0.1549459148740418,0.1549459148738592,0.1549459148740418,0.1549459148743029,0.1549459148740418,0.15494591487370593,0.15494591487345324,0.15494591487370593,0.1549459148740418,0.1549459148738592,0.15494591487345324,0.15494591487312945,0.15494591487345344,0.1549459148738592,0.1549459148740418,0.15494591487370593,0.15494591487345344,0.15494591487370593,0.1549459148740418,0.1549459148743029,0.1549459148740418,0.1549459148738592,0.1549459148740418,0.1549459148743029,0.15357822090400405,0.15357822090329612,0.15357822090276527,0.15357822090329612,0.15357822090400405,0.15357822090329612,0.15357822090229029,0.15357822090144052,0.15357822090229029,0.15357822090329612,0.15357822090276527,0.15357822090144052,0.15357822090019507,0.15357822090144052,0.15357822090276527,0.15357822090329612,0.15357822090229029,0.15357822090144052,0.15357822090229029,0.15357822090329612,0.15357822090400405,0.15357822090329612,0.15357822090276527,0.15357822090329612,0.15357822090400405,0.15223780405607584,0.15223780405430487,0.1522378040528341,0.15223780405430487,0.15223780405607584,0.15223780405430487,0.15223780405143672,0.15223780404855733,0.15223780405143672,0.15223780405430487,0.1522378040528341,0.15223780404855733,0.152237804043236,0.15223780404855733,0.1522378040528341,0.15223780405430487,0.15223780405143672,0.15223780404855733,0.15223780405143672,0.15223780405430487,0.15223780405607584,0.15223780405430487,0.1522378040528341,0.15223780405430487,0.15223780405607584,0.1509240931383303,0.15092409313446997,0.15092409313076746,0.15092409313446997,0.1509240931383303,0.15092409313446997,0.1509240931270719,0.1509240931174855,0.1509240931270719,0.15092409313446997,0.15092409313076746,0.1509240931174855,0.15092409309178026,0.1509240931174855,0.15092409313076746,0.15092409313446997,0.1509240931270719,0.1509240931174855,0.1509240931270719,0.15092409313446997,0.1509240931383303,0.15092409313446997,0.15092409313076746,0.15092409313446997,0.1509240931383303,0.14963652329341026,0.1496365232869296,0.1496365232795476,0.1496365232869296,0.14963652329341026,0.1496365232869296,0.14963652327196364,0.14963652324441373,0.14963652327196364,0.1496365232869296,0.1496365232795476,0.14963652324441373,0.14963652310368206,0.14963652324441373,0.1496365232795476,0.1496365232869296,0.14963652327196364,0.14963652324441373,0.14963652327196364,0.1496365232869296,0.14963652329341026,0.1496365232869296,0.1496365232795476,0.1496365232869296,0.14963652329341026,0.14837453658322555,0.14837453657708966,0.14837453657063035,0.14837453657708966,0.14837453658322555,0.14837453657708966,0.14837453656406208,0.1483745365435342,0.14837453656406208,0.14837453657708966,0.14837453657063035,0.1483745365435342,0.14837453646070858,0.1483745365435342,0.14837453657063035,0.14837453657708966,0.14837453656406208,0.1483745365435342,0.14837453656406208,0.14837453657708966,0.14837453658322555,0.14837453657708966,0.14837453657063035,0.14837453657708966,0.14837453658322555,0.1471375824900665,0.14713758248539285,0.14713758248072006,0.14713758248539285,0.1471375824900665,0.14713758248539285,0.14713758247602932,0.14713758246223466,0.14713758247602932,0.14713758248539285,0.14713758248072006,0.14713758246223466,0.14713758240913286,0.14713758246223466,0.14713758248072006,0.14713758248539285,0.14713758247602932,0.14713758246223466,0.14713758247602932,0.14713758248539285,0.1471375824900665,0.14713758248539285,0.14713758248072006,0.14713758248539285,0.1471375824900665,0.14592511835817185,0.14592511835499358,0.14592511835189792,0.14592511835499358,0.14592511835817185,0.14592511835499358,0.14592511834882027,0.14592511833996102,0.14592511834882027,0.14592511835499358,0.14592511835189792,0.14592511833996102,0.14592511830626703,0.14592511833996102,0.14592511835189792,0.14592511835499358,0.14592511834882027,0.14592511833996102,0.14592511834882027,0.14592511835499358,0.14592511835817185,0.14592511835499358,0.14592511835189792,0.14592511835499358,0.14592511835817185,0.14473660976938885,0.14473660976744943,0.1447366097655938,0.14473660976744943,0.14473660976938885,0.14473660976744943,0.14473660976376188,0.144736609758572,0.14473660976376188,0.14473660976744943,0.1447366097655938,0.144736609758572,0.14473660973907357,0.144736609758572,0.1447366097655938,0.14473660976744943,0.14473660976376188,0.144736609758572,0.14473660976376188,0.14473660976744943,0.14473660976938885,0.14473660976744943,0.1447366097655938,0.14473660976744943,0.14473660976938885,0.14357153085854216,0.14357153085757227,0.1435715308566685,0.14357153085757227,0.14357153085854216,0.14357153085757227,0.14357153085578245,0.14357153085338806,0.14357153085578245,0.14357153085757227,0.1435715308566685,0.14357153085338806,0.14357153084500268,0.14357153085338806,0.1435715308566685,0.14357153085757227,0.14357153085578245,0.14357153085338806,0.14357153085578245,0.14357153085757227,0.14357153085854216,0.14357153085757227,0.1435715308566685,0.14357153085757227,0.14357153085854216,0.14242936457484134,0.14242936457462982,0.142429364574431,0.14242936457462982,0.14242936457484134,0.14242936457462982,0.14242936457422972,0.14242936457375163,0.14242936457422972,0.14242936457462982,0.142429364574431,0.14242936457375163,0.1424293645725866,0.14242936457375163,0.142429364574431,0.14242936457462982,0.14242936457422972,0.14242936457375163,0.14242936457422972,0.14242936457462982,0.14242936457484134,0.14242936457462982,0.142429364574431,0.14242936457462982,0.14242936457484134,0.14130960289464736,0.14130960289516625,0.14130960289557248,0.14130960289516625,0.14130960289464736,0.14130960289516625,0.1413096028959353,0.1413096028967614,0.1413096028959353,0.14130960289516625,0.14130960289557248,0.1413096028967614,0.14130960289940453,0.1413096028967614,0.14130960289557248,0.14130960289516625,0.1413096028959353,0.1413096028967614,0.1413096028959353,0.14130960289516625,0.14130960289464736,0.14130960289516625,0.14130960289557248,0.14130960289516625,0.14130960289464736,0.14021174699000793,0.14021174699166078,0.14021174699296982,0.14021174699166078,0.14021174699000793,0.14021174699166078,0.14021174699417505,0.14021174699665767,0.14021174699417505,0.14021174699166078,0.14021174699296982,0.14021174699665767,0.14021174700275016,0.14021174699665767,0.14021174699296982,0.14021174699166078,0.14021174699417505,0.14021174699665767,0.14021174699417505,0.14021174699166078,0.14021174699000793,0.14021174699166078,0.14021174699296982,0.14021174699166078,0.14021174699000793,0.139135307356898,0.1391353073608723,0.13913530736423343,0.1391353073608723,0.139135307356898,0.1391353073608723,0.13913530736746207,0.13913530737419796,0.13913530736746207,0.1391353073608723,0.13913530736423343,0.13913530737419796,0.13913530738703253,0.13913530737419796,0.13913530736423343,0.1391353073608723,0.13913530736746207,0.13913530737419796,0.13913530736746207,0.1391353073608723,0.139135307356898,0.1391353073608723,0.13913530736423343,0.1391353073608723,0.139135307356898,0.13807980390679644,0.1380798039151595,0.13807980392342306,0.1380798039151595,0.13807980390679644,0.1380798039151595,0.13807980393174818,0.138079803954042,0.13807980393174818,0.1380798039151595,0.13807980392342306,0.138079803954042,0.13807980401576245,0.138079803954042,0.13807980392342306,0.1380798039151595,0.13807980393174818,0.138079803954042,0.13807980393174832,0.1380798039151595,0.13807980390679644,0.1380798039151595,0.13807980392342306,0.1380798039151595,0.13807980390679644,0.137044766025685,0.13704476603874038,0.13704476605444643,0.13704476603874038,0.137044766025685,0.13704476603874038,0.13704476607070315,0.1370447661344546,0.13704476607070315,0.13704476603874038,0.13704476605444643,0.1370447661344546,0.13704476648664146,0.1370447661344546,0.13704476605444643,0.13704476603874038,0.13704476607070315,0.1370447661344546,0.13704476607070315,0.13704476603874038,0.137044766025685,0.13704476603874038,0.13704476605444643,0.13704476603874038,0.137044766025685,0.1360297326093936,0.13602973261843226,0.13602973262725115,0.13602973261843226,0.1360297326093936,0.13602973261843226,0.13602973263608614,0.1360297326596141,0.13602973263608614,0.13602973261843226,0.13602973262725115,0.1360297326596141,0.13602973272475463,0.1360297326596141,0.13602973262725115,0.13602973261843226,0.13602973263608614,0.1360297326596141,0.13602973263608614,0.13602973261843226,0.1360297326093936,0.13602973261843226,0.13602973262725115,0.13602973261843226,0.1360297326093936,0.13503425208786304,0.13503425209350756,0.13503425209815942,0.13503425209350756,0.13503425208786304,0.13503425209350756,0.13503425210256856,0.13503425211153441,0.13503425210256856,0.13503425209350756,0.13503425209815942,0.13503425211153441,0.13503425212781114,0.13503425211153441,0.13503425209815942,0.13503425209350756,0.13503425210256856,0.13503425211153441,0.13503425210256856,0.13503425209350756,0.13503425208786304,0.13503425209350756,0.13503425209815942,0.13503425209350756,0.13503425208786304
0.1653324877810477,0.1653324877810477,0.16533248778104748,0.1653324877810477,0.1653324877810477,0.1653324877810477,0.16533248778104748,0.16533248778104748,0.16533248778104748,0.1653324877810477,0.16533248778104748,0.16533248778104748,0.16533248778104723,0.16533248778104748,0.16533248778104748,0.1653324877810477,0.16533248778104748,0.16533248778104748,0.16533248778104748,0.1653324877810477,0.1653324877810477,0.1653324877810477,0.16533248778104748,0.1653324877810477,0.1653324877810477,0.16375749406241308,0.16375749406241263,0.16375749406241238,0.16375749406241263,0.16375749406241308,0.16375749406241263,0.16375749406241238,0.16375749406241216,0.16375749406241238,0.16375749406241263,0.16375749406241238,0.16375749406241216,0.16375749406241194,0.16375749406241216,0.16375749406241238,0.16375749406241263,0.16375749406241238,0.16375749406241216,0.16375749406241238,0.16375749406241263,0.16375749406241308,0.16375749406241263,0.16375749406241238,0.16375749406241263,0.16375749406241308,0.16221388427573286,0.16221388427573194,0.16221388427573127,0.16221388427573194,0.16221388427573286,0.16221388427573194,0.16221388427573083,0.16221388427573014,0.16221388427573083,0.16221388427573194,0.16221388427573127,0.16221388427573014,0.16221388427572947,0.16221388427573014,0.16221388427573127,0.16221388427573194,0.16221388427573083,0.16221388427573014,0.16221388427573083,0.16221388427573194,0.16221388427573286,0.16221388427573194,0.16221388427573127,0.16221388427573194,0.16221388427573286,0.1607010673780503,0.16070106737804718,0.1607010673780454,0.16070106737804718,0.1607010673780503,0.16070106737804718,0.16070106737804407,0.16070106737804207,0.16070106737804407,0.16070106737804718,0.1607010673780454,0.16070106737804207,0.16070106737803982,0.16070106737804207,0.1607010673780454,0.16070106737804718,0.16070106737804407,0.16070106737804207,0.16070106737804407,0.16070106737804718,0.1607010673780503,0.16070106737804718,0.1607010673780454,0.16070106737804718,0.1607010673780503,0.15921845174434834,0.15921845174433918,0.15921845174433333,0.15921845174433918,0.15921845174434834,0.15921845174433918,0.15921845174432897,0.15921845174432264,0.15921845174432897,0.15921845174433918,0.15921845174433333,0.15921845174432264,0.1592184517443157,0.15921845174432264,0.1592184517443331,0.15921845174433918,0.15921845174432897,0.15921845174432264,0.15921845174432897,0.15921845174433918,0.15921845174434834,0.15921845174433918,0.1592184517443331,0.15921845174433918,0.15921845174434834,0.1577654465194068,0.15776544651937882,0.15776544651936092,0.15776544651937882,0.1577654465194068,0.15776544651937882,0.15776544651934749,0.15776544651932678,0.15776544651934749,0.15776544651937882,0.15776544651936092,0.15776544651932678,0.15776544651930396,0.15776544651932678,0.15776544651936092,0.15776544651937882,0.15776544651934749,0.15776544651932678,0.15776544651934749,0.15776544651937882,0.1577654465194068,0.15776544651937882,0.15776544651936092,0.15776544651937882,0.1577654465194068,0.15634146283214212,0.15634146283205974,0.15634146283200495,0.15634146283205974,0.15634146283214212,0.15634146283205974,0.15634146283196187,0.15634146283189412,0.15634146283196187,0.15634146283205974,0.15634146283200495,0.15634146283189412,0.15634146283181527,0.15634146283189412,0.15634146283200495,0.15634146283205974,0.15634146283196187,0.15634146283189412,0.15634146283196187,0.15634146283205974,0.15634146283214212,0.15634146283205974,0.15634146283200495,0.15634146283205974,0.15634146283214212,0.15494591488271697,0.15494591488248172,0.15494591488231757,0.15494591488248172,0.15494591488271697,0.15494591488248172,0.15494591488218026,0.15494591488195422,0.15494591488218026,0.15494591488248172,0.15494591488231757,0.15494591488195422,0.15494591488166487,0.15494591488195422,0.15494591488231757,0.15494591488248172,0.15494591488218026,0.15494591488195422,0.15494591488218026,0.15494591488248172,0.15494591488271697,0.15494591488248172,0.15494591488231757,0.15494591488248172,0.15494591488271697,0.15357822091217618,0.1535782209115365,0.1535782209110585,0.1535782209115365,0.15357822091217618,0.1535782209115365,0.1535782209106317,0.1535782209098705,0.1535782209106317,0.1535782209115365,0.1535782209110585,0.1535782209098705,0.15357822090875964,0.1535782209098705,0.1535782209110585,0.1535782209115365,0.1535782209106317,0.1535782209098705,0.1535782209106317,0.1535782209115365,0.15357822091217618,0.1535782209115365,0.1535782209110585,0.1535782209115365,0.15357822091217618,0.15223780406386692,0.1522378040622613,0.15223780406093404,0.1522378040622613,0.15223780406386692,0.1522378040622613,0.15223780405967602,0.15223780405709744,0.15223780405967602,0.1522378040622613,0.15223780406093404,0.15223780405709744,0.15223780405236503,0.15223780405709744,0.15223780406093404,0.1522378040622613,0.15223780405967602,0.15223780405709744,0.15223780405967602,0.1522378040622613,0.15223780406386692,0.1522378040622613,0.15223780406093404,0.1522378040622613,0.15223780406386692,0.1509240931453985,0.15092409314187405,0.1509240931385186,0.15092409314187405,0.1509240931453985,0.15092409314187405,0.15092409313517724,0.15092409312658822,0.15092409313517724,0.15092409314187405,0.1509240931385186,0.15092409312658822,0.15092409310379862,0.15092409312658822,0.1509240931385186,0.15092409314187405,0.15092409313517724,0.15092409312658822,0.15092409313517724,0.15092409314187405,0.1509240931453985,0.15092409314187405,0.1509240931385186,0.15092409314187405,0.1509240931453985,0.149636523299055,0.14963652329304156,0.14963652328627047,0.14963652329304156,0.149636523299055,0.14963652329304156,0.14963652327932692,0.14963652325451648,0.14963652327932692,0.14963652329304156,0.14963652328627047,0.14963652325451648,0.1496365231299791,0.14963652325451648,0.14963652328627047,0.14963652329304156,0.14963652327932692,0.14963652325451648,0.14963652327932692,0.14963652329304156,0.149636523299055,0.14963652329304156,0.14963652328627047,0.14963652329304156,0.149636523299055,0.14837453658646307,0.14837453658045097,0.1483745365740808,0.14837453658045097,0.14837453658646307,0.14837453658045097,0.14837453656759836,0.1483745365470371,0.14837453656759836,0.14837453658045097,0.1483745365740808,0.1483745365470371,0.1483745364618152,0.1483745365470371,0.1483745365740808,0.14837453658045097,0.14837453656759836,0.1483745365470371,0.14837453656759836,0.14837453658045097,0.14837453658646307,0.14837453658045097,0.1483745365740808,0.14837453658045097,0.14837453658646307,0.14713758249060893,0.1471375824858219,0.14713758248098474,0.1471375824858219,0.14713758249060893,0.1471375824858219,0.14713758247611688,0.1471375824615707,0.14713758247611688,0.1471375824858219,0.14713758248098474,0.1471375824615707,0.14713758240451386,0.1471375824615707,0.14713758248098474,0.1471375824858219,0.14713758247611688,0.1471375824615707,0.14713758247611688,0.1471375824858219,0.14713758249060893,0.1471375824858219,0.14713758248098474,0.1471375824858219,0.14713758249060893,0.14592511835621635,0.1459251183528557,0.14592511834955266,0.1459251183528557,0.14592511835621635,0.1459251183528557,0.14592511834625918,0.14592511833667596,0.14592511834625918,0.1459251183528557,0.14592511834955266,0.14592511833667596,0.14592511829984567,0.14592511833667596,0.14592511834955266,0.1459251183528557,0.14592511834625918,0.14592511833667596,0.14592511834625918,0.1459251183528557,0.14592511835621635,0.1459251183528557,0.14592511834955266,0.1459251183528557,0.14592511835621635,0.1447366097652768,0.14473660976317138,0.14473660976114294,0.14473660976317138,0.1447366097652768,0.14473660976317138,0.14473660975913544,0.14473660975340724,0.14473660975913544,0.14473660976317138,0.14473660976114294,0.14473660975340724,0.1447366097317629,0.14473660975340724,0.14473660976114294,0.14473660976317138,0.14473660975913544,0.14473660975340724,0.14473660975913544,0.14473660976317138,0.1447366097652768,0.14473660976317138,0.14473660976114294,0.14473660976317138,0.1447366097652768,0.14357153085258417,0.14357153085148855,0.143571530850461,0.14357153085148855,0.14357153085258417,0.14357153085148855,0.14357153084945112,0.14357153084669907,0.14357153084945112,0.14357153085148855,0.143571530850461,0.14357153084669907,0.14357153083696447,0.14357153084669907,0.143571530850461,0.14357153085148855,0.14357153084945112,0.14357153084669907,0.14357153084945112,0.14357153085148855,0.14357153085258417,0.14357153085148855,0.143571530850461,0.14357153085148855,0.14357153085258417,0.14242936456726818,0.1424293645669654,0.14242936456668004,0.1424293645669654,0.14242936456726818,0.1424293645669654,0.14242936456639352,0.14242936456567706,0.14242936456639352,0.1424293645669654,0.14242936456668004,0.14242936456567706,0.14242936456364474,0.14242936456567706,0.14242936456668004,0.1424293645669654,0.14242936456639352,0.14242936456567706,0.14242936456639352,0.1424293645669654,0.14242936456726818,0.1424293645669654,0.14242936456668004,0.1424293645669654,0.14242936456726818,0.14130960288561933,0.141309602886067,0.14130960288640682,0.141309602886067,0.14130960288561933,0.141309602886067,0.141309602886705,0.14130960288735067,0.141309602886705,0.141309602886067,0.14130960288640682,0.14130960288735067,0.14130960288931524,0.14130960288735067,0.14130960288640682,0.141309602886067,0.141309602886705,0.14130960288735067,0.141309602886705,0.141309602886067,0.14130960288561933,0.141309602886067,0.14130960288640682,0.141309602886067,0.14130960288561933,0.14021174697964647,0.14021174698123112,0.1402117469824795,0.14021174698123112,0.14021174697964647,0.14021174698123112,0.14021174698362635,0.14021174698595645,0.14021174698362635,0.14021174698123112,0.1402117469824795,0.14021174698595645,0.14021174699150227,0.14021174698595645,0.1402117469824795,0.14021174698123112,0.14021174698362635,0.14021174698595645,0.14021174698362635,0.14021174698123112,0.14021174697964647,0.14021174698123112,0.1402117469824795,0.14021174698123112,0.14021174697964647,0.1391353073453182,0.13913530734920126,0.13913530735248494,0.13913530734920126,0.1391353073453182,0.13913530734920126,0.13913530735563942,0.1391353073622172,0.13913530735563942,0.13913530734920126,0.13913530735248494,0.1391353073622172,0.13913530737473553,0.1391353073622172,0.13913530735248494,0.13913530734920126,0.13913530735563942,0.1391353073622172,0.13913530735563942,0.13913530734920126,0.1391353073453182,0.13913530734920126,0.13913530735248494,0.13913530734920126,0.1391353073453182,0.13807980389416163,0.13807980390236427,0.13807980391047106,0.13807980390236427,0.13807980389416163,0.13807980390236427,0.13807980391863867,0.13807980394051514,0.13807980391863867,0.13807980390236427,0.13807980391047106,0.13807980394051514,0.138079804001092,0.13807980394051514,0.13807980391047106,0.13807980390236427,0.13807980391863867,0.13807980394051514,0.13807980391863867,0.13807980390236427,0.13807980389416163,0.13807980390236427,0.13807980391047106,0.13807980390236427,0.13807980389416163,0.13704476601230292,0.137044766025117,0.1370447660405343,0.137044766025117,0.13704476601230292,0.137044766025117,0.13704476605649257,0.1370447661190777,0.13704476605649257,0.137044766025117,0.1370447660405343,0.1370447661190777,0.13704476646485106,0.1370447661190777,0.1370447660405343,0.137044766025117,0.13704476605649257,0.1370447661190777,0.13704476605649257,0.137044766025117,0.13704476601230292,0.137044766025117,0.1370447660405343,0.137044766025117,0.13704476601230292,0.13602973259574186,0.13602973260461443,0.13602973261327156,0.13602973260461443,0.13602973259574186,0.13602973260461443,0.13602973262194476,0.1360297326450424,0.13602973262194476,0.13602973260461443,0.13602973261327156,0.1360297326450424,0.13602973270899305,0.1360297326450424,0.13602973261327156,0.13602973260461443,0.13602973262194476,0.1360297326450424,0.13602973262194476,0.13602973260461443,0.13602973259574186,0.13602973260461443,0.13602973261327156,0.13602973260461443,0.13602973259574186,0.13503425207426925,0.13503425207981024,0.13503425208437697,0.13503425207981024,0.13503425207426925,0.13503425207981024,0.13503425208870537,0.13503425209750722,0.13503425208870537,0.13503425207981024,0.13503425208437697,0.13503425209750722,0.13503425211348644,0.13503425209750722,0.13503425208437697,0.13503425207981024,0.13503425208870537,0.13503425209750722,0.13503425208870537,0.13503425207981024,0.13503425207426925,0.13503425207981024,0.13503425208437697,0.13503425207981024,0.13503425207426925
0.16533248779092308,0.16533248779092308,0.16533248779092283,0.16533248779092308,0.16533248779092308,0.16533248779092308,0.16533248779092283,0.16533248779092283,0.16533248779092283,0.16533248779092308,0.16533248779092283,0.16533248779092283,0.16533248779092283,0.16533248779092283,0.16533248779092283,0.16533248779092308,0.16533248779092283,0.16533248779092283,0.16533248779092283,0.16533248779092308,0.16533248779092308,0.16533248779092308,0.16533248779092283,0.16533248779092308,0.16533248779092308,0.1637574940720932,0.16375749407209275,0.16375749407209275,0.16375749407209275,0.1637574940720932,0.16375749407209275,0.1637574940720925,0.16375749407209225,0.1637574940720925,0.16375749407209275,0.16375749407209275,0.16375749407209225,0.16375749407209203,0.16375749407209225,0.16375749407209275,0.16375749407209275,0.1637574940720925,0.16375749407209225,0.1637574940720925,0.16375749407209275,0.1637574940720932,0.16375749407209275,0.16375749407209275,0.16375749407209275,0.1637574940720932,0.16221388428522224,0.16221388428522132,0.16221388428522088,0.16221388428522132,0.16221388428522224,0.16221388428522132,0.1622138842852204,0.16221388428521996,0.1622138842852204,0.16221388428522132,0.16221388428522088,0.16221388428521996,0.16221388428521927,0.16221388428521996,0.16221388428522088,0.16221388428522132,0.1622138842852204,0.16221388428521996,0.1622138842852204,0.16221388428522132,0.16221388428522224,0.16221388428522132,0.16221388428522088,0.16221388428522132,0.16221388428522224,0.1607010673873536,0.16070106738735093,0.16070106738734916,0.16070106738735093,0.1607010673873536,0.16070106738735093,0.16070106738734805,0.1607010673873463,0.16070106738734805,0.16070106738735093,0.16070106738734916,0.1607010673873463,0.16070106738734452,0.1607010673873463,0.16070106738734916,0.16070106738735093,0.16070106738734805,0.1607010673873463,0.16070106738734805,0.16070106738735093,0.1607010673873536,0.16070106738735093,0.16070106738734916,0.16070106738735093,0.1607010673873536,0.15921845175346958,0.1592184517534613,0.1592184517534561,0.1592184517534613,0.15921845175346958,0.1592184517534613,0.1592184517534524,0.15921845175344673,0.1592184517534524,0.1592184517534613,0.1592184517534561,0.15921845175344673,0.15921845175344085,0.15921845175344673,0.1592184517534561,0.1592184517534613,0.1592184517534524,0.15921845175344673,0.1592184517534524,0.1592184517534613,0.15921845175346958,0.1592184517534613,0.1592184517534561,0.1592184517534613,0.15921845175346958,0.1577654465283484,0.15776544652832367,0.15776544652830765,0.15776544652832367,0.1577654465283484,0.15776544652832367,0.1577654465282959,0.15776544652827756,0.1577654465282959,0.15776544652832367,0.15776544652830765,0.15776544652827756,0.1577654465282575,0.15776544652827756,0.15776544652830765,0.15776544652832367,0.1577654465282959,0.15776544652827756,0.1577654465282959,0.15776544652832367,0.1577654465283484,0.15776544652832367,0.15776544652830765,0.15776544652832367,0.1577654465283484,0.15634146284090225,0.15634146284082925,0.15634146284078074,0.15634146284082925,0.15634146284090225,0.15634146284082925,0.1563414628407427,0.1563414628406831,0.1563414628407427,0.15634146284082925,0.15634146284078074,0.1563414628406831,0.15634146284061387,0.1563414628406831,0.15634146284078074,0.15634146284082925,0.1563414628407427,0.1563414628406831,0.1563414628407427,0.15634146284082925,0.15634146284090225,0.15634146284082925,0.15634146284078074,0.15634146284082925,0.15634146284090225,0.15494591489128068,0.15494591489107185,0.15494591489092635,0.15494591489107185,0.15494591489128068,0.15494591489107185,0.15494591489080503,0.15494591489060647,0.15494591489080503,0.15494591489107185,0.15494591489092635,0.15494591489060647,0.15494591489035253,0.15494591489060647,0.15494591489092635,0.15494591489107185,0.15494591489080503,0.15494591489060647,0.15494591489080503,0.15494591489107185,0.15494591489128068,0.15494591489107185,0.15494591489092635,0.15494591489107185,0.15494591489128068,0.15357822092049267,0.15357822091992307,0.15357822091949871,0.15357822091992307,0.15357822092049267,0.15357822091992307,0.15357822091912132,0.1535782209184503,0.15357822091912132,0.15357822091992307,0.15357822091949871,0.1535782209184503,0.15357822091747703,0.1535782209184503,0.15357822091949871,0.15357822091992307,0.15357822091912132,0.1535782209184503,0.15357822091912132,0.15357822091992307,0.15357822092049267,0.15357822091992307,0.15357822091949871,0.15357822091992307,0.15357822092049267,0.15223780407179485,0.15223780407035792,0.15223780406917709,0.15223780407035792,0.15223780407179485,0.15223780407035792,0.15223780406806137,0.15223780406578988,0.15223780406806137,0.15223780407035792,0.15223780406917709,0.15223780406578988,0.1522378040616586,0.15223780406578988,0.15223780406917709,0.15223780407035792,0.15223780406806137,0.15223780406578988,0.15223780406806137,0.15223780407035792,0.15223780407179485,0.15223780407035792,0.15223780406917709,0.15223780407035792,0.15223780407179485,0.15092409315258884,0.1509240931494072,0.15092409314640595,0.1509240931494072,0.15092409315258884,0.1509240931494072,0.15092409314342628,0.15092409313585475,0.15092409314342628,0.1509240931494072,0.15092409314640595,0.15092409313585475,0.1509240931160409,0.15092409313585475,0.15092409314640595,0.1509240931494072,0.15092409314342628,0.15092409313585475,0.15092409314342628,0.1509240931494072,0.15092409315258884,0.1509240931494072,0.15092409314640595,0.1509240931494072,0.15092409315258884,0.14963652330479255,0.14963652329925578,0.14963652329310811,0.14963652329925578,0.14963652330479255,0.14963652329925578,0.14963652328681842,0.1496365232648036,0.14963652328681842,0.14963652329925578,0.14963652329310811,0.1496365232648036,0.14963652315685072,0.1496365232648036,0.14963652329310811,0.14963652329925578,0.14963652328681842,0.1496365232648036,0.14963652328681842,0.14963652329925578,0.14963652330479255,0.14963652329925578,0.14963652329310811,0.14963652329925578,0.14963652330479255,0.14837453658974398,0.14837453658385807,0.14837453657757893,0.14837453658385807,0.14837453658974398,0.14837453658385807,0.14837453657118355,0.14837453655058858,0.14837453657118355,0.14837453658385807,0.14837453657757893,0.14837453655058858,0.14837453646291734,0.14837453655058858,0.14837453657757893,0.14837453658385807,0.14837453657118355,0.14837453655058858,0.14837453657118355,0.14837453658385807,0.14837453658974398,0.14837453658385807,0.14837453657757893,0.14837453658385807,0.14837453658974398,0.14713758249113956,0.14713758248623626,0.14713758248123074,0.14713758248623626,0.14713758249113956,0.14713758248623626,0.14713758247618175,0.14713758246086767,0.14713758247618175,0.14713758248623626,0.14713758248123074,0.14713758246086767,0.14713758239978333,0.14713758246086767,0.14713758248123074,0.14713758248623626,0.14713758247618175,0.14713758246086767,0.14713758247618175,0.14713758248623626,0.14713758249113956,0.14713758248623626,0.14713758248123074,0.14713758248623626,0.14713758249113956,0.1459251183541987,0.14592511835065114,0.14592511834713526,0.14592511835065114,0.1459251183541987,0.14592511835065114,0.14592511834362082,0.14592511833329627,0.14592511834362082,0.14592511835065114,0.14592511834713526,0.14592511833329627,0.1459251182932486,0.14592511833329627,0.14592511834713526,0.14592511835065114,0.14592511834362082,0.14592511833329627,0.14592511834362082,0.14592511835065114,0.1459251183541987,0.14592511835065114,0.14592511834713526,0.14592511835065114,0.1459251183541987,0.14473660976106106,0.14473660975878477,0.1447366097565788,0.14473660975878477,0.14473660976106106,0.14473660975878477,0.14473660975439082,0.14473660974810945,0.14473660975439082,0.14473660975878477,0.1447366097565788,0.14473660974810945,0.1447366097242328,0.14473660974810945,0.1447366097565788,0.14473660975878477,0.14473660975439082,0.14473660974810945,0.14473660975439082,0.14473660975878477,0.14473660976106106,0.14473660975878477,0.1447366097565788,0.14473660975878477,0.14473660976106106,0.14357153084649016,0.14357153084526447,0.14357153084410895,0.14357153084526447,0.14357153084649016,0.14357153084526447,0.14357153084297106,0.14357153083984875,0.14357153084297106,0.14357153084526447,0.14357153084410895,0.14357153083984875,0.14357153082873617,0.14357153083984875,0.14357153084410895,0.14357153084526447,0.14357153084297106,0.14357153083984875,0.14357153084297106,0.14357153084526447,0.14357153084649016,0.14357153084526447,0.14357153084410895,0.14357153084526447,0.14357153084649016,0.14242936455953414,0.14242936455913657,0.14242936455876096,0.14242936455913657,0.14242936455953414,0.14242936455913657,0.1424293645583854,0.14242936455741945,0.1424293645583854,0.14242936455913657,0.14242936455876096,0.14242936455741945,0.14242936455444605,0.14242936455741945,0.14242936455876096,0.14242936455913657,0.1424293645583854,0.14242936455741945,0.1424293645583854,0.14242936455913657,0.14242936455953414,0.14242936455913657,0.14242936455876096,0.14242936455913657,0.14242936455953414,0.1413096028764137,0.1413096028767867,0.14130960287705677,0.1413096028767867,0.1413096028764137,0.1413096028767867,0.14130960287728686,0.14130960287774177,0.14130960287728686,0.1413096028767867,0.14130960287705677,0.14130960287774177,0.1413096028789947,0.14130960287774177,0.14130960287705677,0.1413096028767867,0.14130960287728686,0.14130960287774177,0.14130960287728686,0.1413096028767867,0.1413096028764137,0.1413096028767867,0.14130960287705677,0.1413096028767867,0.1413096028764137,0.14021174696909666,0.14021174697061034,0.14021174697179556,0.14021174697061034,0.14021174696909666,0.14021174697061034,0.14021174697288158,0.14021174697505046,0.14021174697288158,0.14021174697061034,0.14021174697179556,0.14021174697505046,0.14021174698001285,0.14021174697505062,0.14021174697179556,0.14021174697061034,0.14021174697288158,0.14021174697505062,0.14021174697288158,0.14021174697061034,0.14021174696909666,0.14021174697061034,0.14021174697179556,0.14021174697061034,0.14021174696909666,0.13913530733354454,0.1391353073373348,0.13913530734053975,0.1391353073373348,0.13913530733354454,0.1391353073373348,0.1391353073436185,0.13913530735003485,0.1391353073436185,0.1391353073373348,0.13913530734053975,0.13913530735003485,0.13913530736222954,0.13913530735003485,0.13913530734053975,0.1391353073373348,0.1391353073436185,0.13913530735003485,0.1391353073436185,0.1391353073373348,0.13913530733354454,0.1391353073373348,0.13913530734053975,0.1391353073373348,0.13913530733354454,0.13807980388133057,0.13807980388937163,0.13807980389732064,0.13807980388937163,0.13807980388133057,0.13807980388937163,0.1380798039053299,0.138079803926787,0.1380798039053299,0.13807980388937163,0.13807980389732064,0.138079803926787,0.13807980398621483,0.138079803926787,0.13807980389732064,0.13807980388937163,0.1380798039053299,0.138079803926787,0.1380798039053299,0.13807980388937163,0.13807980388133057,0.13807980388937163,0.13807980389732064,0.13807980388937163,0.13807980388133057,0.1370447659987242,0.1370447660112961,0.13704476602642363,0.1370447660112961,0.1370447659987242,0.1370447660112961,0.13704476604208224,0.13704476610349697,0.13704476604208224,0.1370447660112961,0.13704476602642363,0.13704476610349697,0.1370447664428044,0.13704476610349697,0.13704476602642363,0.1370447660112961,0.13704476604208224,0.13704476610349697,0.13704476604208224,0.13704476601129625,0.1370447659987242,0.1370447660112961,0.13704476602642363,0.13704476601129625,0.1370447659987242,0.1360297325818951,0.13602973259060097,0.13602973259909587,0.13602973259060097,0.1360297325818951,0.13602973259060097,0.1360297326076067,0.13602973263027238,0.1360297326076067,0.13602973259060097,0.13602973259909587,0.13602973263027238,0.13602973269302912,0.13602973263027238,0.13602973259909587,0.13602973259060097,0.1360297326076067,0.13602973263027238,0.1360297326076067,0.13602973259060097,0.1360297325818951,0.13602973259060097,0.13602973259909587,0.13602973259060097,0.1360297325818951,0.13503425206048375,0.13503425206592076,0.13503425207040198,0.13503425206592076,0.13503425206048375,0.13503425206592076,0.1350342520746493,0.13503425208328648,0.1350342520746493,0.13503425206592076,0.13503425207040198,0.13503425208328648,0.1350342520989671,0.13503425208328648,0.13503425207040198,0.13503425206592076,0.1350342520746493,0.13503425208328648,0.1350342520746493,0.13503425206592076,0.13503425206048375,0.13503425206592076,0.13503425207040198,0.13503425206592076,0.13503425206048375
0.16533248779608245,0.16533248779608245,0.16533248779608223,0.16533248779608245,0.16533248779608245,0.16533248779608245,0.16533248779608223,0.16533248779608223,0.16533248779608223,0.16533248779608245,0.16533248779608223,0.16533248779608223,0.16533248779608223,0.16533248779608223,0.16533248779608223,0.16533248779608245,0.16533248779608223,0.16533248779608223,0.16533248779608223,0.16533248779608245,0.16533248779608245,0.16533248779608245,0.16533248779608223,0.16533248779608245,0.16533248779608245,0.16375749407710732,0.16375749407710705,0.16375749407710682,0.16375749407710705,0.16375749407710732,0.16375749407710705,0.16375749407710682,0.1637574940771066,0.16375749407710682,0.16375749407710705,0.16375749407710682,0.1637574940771066,0.16375749407710638,0.1637574940771066,0.16375749407710682,0.16375749407710705,0.16375749407710682,0.1637574940771066,0.16375749407710682,0.16375749407710705,0.16375749407710732,0.16375749407710705,0.16375749407710682,0.16375749407710705,0.16375749407710732,0.16221388429005973,0.1622138842900588,0.1622138842900584,0.1622138842900588,0.16221388429005973,0.1622138842900588,0.16221388429005792,0.16221388429005726,0.16221388429005792,0.1622138842900588,0.1622138842900584,0.16221388429005726,0.16221388429005681,0.16221388429005726,0.1622138842900584,0.1622138842900588,0.16221388429005792,0.16221388429005726,0.16221388429005792,0.1622138842900588,0.16221388429005973,0.1622138842900588,0.1622138842900584,0.1622138842900588,0.16221388429005973,0.1607010673919815,0.16070106739197884,0.16070106739197726,0.16070106739197884,0.1607010673919815,0.16070106739197884,0.16070106739197593,0.16070106739197418,0.16070106739197593,0.16070106739197884,0.16070106739197726,0.16070106739197418,0.16070106739197237,0.16070106739197418,0.16070106739197726,0.16070106739197884,0.16070106739197593,0.16070106739197418,0.16070106739197593,0.16070106739197884,0.1607010673919815,0.16070106739197884,0.16070106739197726,0.16070106739197884,0.1607010673919815,0.15921845175785507,0.1592184517578468,0.15921845175784155,0.1592184517578468,0.15921845175785507,0.1592184517578468,0.15921845175783783,0.1592184517578322,0.15921845175783783,0.1592184517578468,0.15921845175784155,0.1592184517578322,0.15921845175782612,0.1592184517578322,0.15921845175784155,0.1592184517578468,0.15921845175783783,0.1592184517578322,0.15921845175783783,0.1592184517578468,0.15921845175785507,0.1592184517578468,0.15921845175784155,0.1592184517578468,0.15921845175785507,0.1577654465324585,0.15776544653243374,0.15776544653241775,0.15776544653243374,0.1577654465324585,0.15776544653243374,0.15776544653240582,0.15776544653238725,0.15776544653240582,0.15776544653243374,0.15776544653241775,0.15776544653238725,0.15776544653236696,0.15776544653238725,0.15776544653241775,0.15776544653243374,0.15776544653240582,0.15776544653238725,0.15776544653240582,0.15776544653243374,0.1577654465324585,0.15776544653243374,0.15776544653241775,0.15776544653243374,0.1577654465324585,0.15634146284470463,0.15634146284463146,0.15634146284458275,0.15634146284463146,0.15634146284470463,0.15634146284463146,0.15634146284454448,0.15634146284448425,0.15634146284454448,0.15634146284463146,0.15634146284458275,0.15634146284448425,0.15634146284441314,0.15634146284448425,0.15634146284458275,0.15634146284463146,0.15634146284454448,0.15634146284448425,0.15634146284454448,0.15634146284463146,0.15634146284470463,0.15634146284463146,0.15634146284458275,0.15634146284463146,0.15634146284470463,0.15494591489474424,0.15494591489453519,0.1549459148943895,0.15494591489453519,0.15494591489474424,0.15494591489453519,0.15494591489426757,0.15494591489406673,0.15494591489426757,0.15494591489453519,0.1549459148943895,0.15494591489406673,0.15494591489381324,0.15494591489406673,0.1549459148943895,0.15494591489453519,0.15494591489426757,0.15494591489406673,0.15494591489426757,0.15494591489453519,0.15494591489474424,0.15494591489453519,0.1549459148943895,0.15494591489453519,0.15494591489474424,0.1535782209235875,0.1535782209230189,0.15357822092259574,0.1535782209230189,0.1535782209235875,0.1535782209230189,0.15357822092221712,0.15357822092154894,0.15357822092221712,0.1535782209230189,0.15357822092259574,0.15357822092154894,0.15357822092057846,0.15357822092154894,0.15357822092259574,0.1535782209230189,0.15357822092221712,0.15357822092154894,0.15357822092221712,0.1535782209230189,0.1535782209235875,0.1535782209230189,0.15357822092259574,0.1535782209230189,0.1535782209235875,0.15223780407449117,0.15223780407305873,0.15223780407188164,0.15223780407305873,0.15223780407449117,0.15223780407305873,0.1522378040707693,0.15223780406850487,0.1522378040707693,0.15223780407305873,0.15223780407188164,0.15223780406850487,0.152237804064386,0.15223780406850487,0.15223780407188164,0.15223780407305873,0.1522378040707693,0.15223780406850487,0.1522378040707693,0.15223780407305873,0.15223780407449117,0.15223780407305873,0.15223780407188164,0.15223780407305873,0.15223780407449117,0.15092409315485253,0.15092409315168248,0.15092409314869104,0.15092409315168248,0.15092409315485253,0.15092409315168248,0.15092409314572378,0.15092409313817481,0.15092409314572378,0.15092409315168248,0.15092409314869104,0.15092409313817481,0.1509240931184204,0.15092409313817481,0.15092409314869104,0.15092409315168248,0.15092409314572378,0.15092409313817481,0.15092409314572378,0.15092409315168248,0.15092409315485253,0.15092409315168248,0.15092409314869104,0.15092409315168248,0.15092409315485253,0.14963652330657995,0.1496365233010642,0.14963652329493826,0.1496365233010642,0.14963652330657995,0.1496365233010642,0.14963652328867127,0.1496365232667294,0.14963652328867127,0.1496365233010642,0.14963652329493826,0.1496365232667294,0.1496365231593156,0.1496365232667294,0.14963652329493826,0.1496365233010642,0.14963652328867127,0.1496365232667294,0.14963652328867127,0.1496365233010642,0.14963652330657995,0.1496365233010642,0.14963652329493826,0.1496365233010642,0.14963652330657995,0.14837453659099586,0.14837453658513705,0.14837453657888497,0.14837453658513705,0.14837453659099586,0.14837453658513705,0.14837453657251717,0.1483745365520047,0.14837453657251717,0.14837453658513705,0.14837453657888497,0.1483745365520047,0.14837453646459775,0.1483745365520047,0.14837453657888497,0.14837453658513705,0.14837453657251717,0.1483745365520047,0.14837453657251717,0.14837453658513705,0.14837453659099586,0.14837453658513705,0.14837453657888497,0.14837453658513705,0.14837453659099586,0.1471375824917897,0.14713758248691858,0.147137582481945,0.14713758248691858,0.1471375824917897,0.14713758248691858,0.14713758247692799,0.14713758246170805,0.14713758247692799,0.14713758248691858,0.147137582481945,0.14713758246170805,0.1471375824009314,0.14713758246170805,0.147137582481945,0.14713758248691858,0.14713758247692799,0.14713758246170805,0.14713758247692799,0.14713758248691858,0.1471375824917897,0.14713758248691858,0.147137582481945,0.14713758248691858,0.1471375824917897,0.14592511835417626,0.14592511835066646,0.14592511834718866,0.14592511835066646,0.14592511835417626,0.14592511835066646,0.14592511834371233,0.1459251183335021,0.14592511834371233,0.14592511835066646,0.14592511834718866,0.1459251183335021,0.1459251182938695,0.1459251183335021,0.14592511834718866,0.14592511835066646,0.14592511834371233,0.1459251183335021,0.14592511834371233,0.14592511835066646,0.14592511835417626,0.14592511835066646,0.14592511834718866,0.14592511835066646,0.14592511835417626,0.14473660976028954,0.14473660975805672,0.14473660975589492,0.14473660975805672,0.14473660976028954,0.14473660975805672,0.14473660975375127,0.14473660974760744,0.14473660975375127,0.14473660975805672,0.14473660975589492,0.14473660974760744,0.14473660972429372,0.14473660974760744,0.14473660975589492,0.14473660975805672,0.14473660975375127,0.14473660974760744,0.14473660975375127,0.14473660975805672,0.14473660976028954,0.14473660975805672,0.14473660975589492,0.14473660975805672,0.14473660976028954,0.14357153084488958,0.14357153084370958,0.14357153084260058,0.14357153084370958,0.14357153084488958,0.14357153084370958,0.14357153084150992,0.14357153083853239,0.14357153084150992,0.14357153084370958,0.14357153084260058,0.14357153083853239,0.1435715308279725,0.14357153083853239,0.14357153084260058,0.14357153084370958,0.14357153084150992,0.14357153083853239,0.14357153084150992,0.14357153084370958,0.14357153084488958,0.14357153084370958,0.14357153084260058,0.14357153084370958,0.14357153084488958,0.14242936455702726,0.1424293645566738,0.14242936455634367,0.1424293645566738,0.14242936455702726,0.1424293645566738,0.1424293645560142,0.1424293645551902,0.1424293645560142,0.1424293645566738,0.14242936455634367,0.1424293645551902,0.1424293645527969,0.1424293645551902,0.14242936455634367,0.1424293645566738,0.1424293645560142,0.1424293645551902,0.1424293645560142,0.1424293645566738,0.14242936455702726,0.1424293645566738,0.14242936455634367,0.1424293645566738,0.14242936455702726,0.14130960287293393,0.1413096028733438,0.14130960287365463,0.1413096028733438,0.14130960287293393,0.1413096028733438,0.1413096028739265,0.1413096028745194,0.1413096028739265,0.1413096028733438,0.14130960287365463,0.1413096028745194,0.14130960287637342,0.1413096028745194,0.14130960287365463,0.1413096028733438,0.1413096028739265,0.1413096028745194,0.1413096028739265,0.1413096028733438,0.14130960287293393,0.1413096028733438,0.14130960287365463,0.1413096028733438,0.14130960287293393,0.14021174696459915,0.14021174696612992,0.14021174696733854,0.14021174696612992,0.14021174696459915,0.14021174696612992,0.1402117469684497,0.14021174697071967,0.1402117469684497,0.14021174696612992,0.14021174696733854,0.14021174697071967,0.14021174697618985,0.14021174697071967,0.14021174696733854,0.14021174696612992,0.1402117469684497,0.14021174697071967,0.1402117469684497,0.14021174696612992,0.14021174696459915,0.14021174696612992,0.14021174696733854,0.14021174696612992,0.14021174696459915,0.1391353073280336,0.1391353073317993,0.1391353073349848,0.1391353073317993,0.1391353073280336,0.1391353073317993,0.13913530733804536,0.1391353073444304,0.13913530733804536,0.1391353073317993,0.1391353073349848,0.1391353073444304,0.1391353073565908,0.1391353073444304,0.1391353073349848,0.1391353073317993,0.13913530733804536,0.1391353073444304,0.13913530733804536,0.1391353073317993,0.1391353073280336,0.1391353073317993,0.1391353073349848,0.1391353073317993,0.1391353073280336,0.13807980387490332,0.1380798038828605,0.13807980389072483,0.1380798038828605,0.13807980387490332,0.1380798038828605,0.1380798038986484,0.13807980391987137,0.1380798038986484,0.1380798038828605,0.13807980389072483,0.13807980391987137,0.13807980397863842,0.13807980391987137,0.13807980389072483,0.1380798038828605,0.1380798038986484,0.13807980391987137,0.1380798038986484,0.1380798038828605,0.13807980387490332,0.1380798038828605,0.13807980389072483,0.1380798038828605,0.13807980387490332,0.13704476599160875,0.13704476600403936,0.13704476601899523,0.13704476600403936,0.13704476599160875,0.13704476600403936,0.13704476603447596,0.13704476609518784,0.13704476603447596,0.13704476600403936,0.13704476601899523,0.13704476609518784,0.1370447664305872,0.13704476609518784,0.13704476601899523,0.13704476600403936,0.13704476603447596,0.13704476609518784,0.13704476603447596,0.13704476600403936,0.13704476599160875,0.13704476600403936,0.13704476601899523,0.13704476600403936,0.13704476599160875,0.13602973257444503,0.13602973258305232,0.1360297325914506,0.13602973258305232,0.13602973257444503,0.13602973258305232,0.1360297325998642,0.1360297326222716,0.1360297325998642,0.13602973258305232,0.1360297325914506,0.1360297326222716,0.13602973268430923,0.1360297326222716,0.1360297325914506,0.13602973258305232,0.1360297325998642,0.1360297326222716,0.1360297325998642,0.13602973258305232,0.13602973257444503,0.13602973258305232,0.1360297325914506,0.13602973258305232,0.13602973257444503,0.1350342520529728,0.13503425205834824,0.13503425206277853,0.13503425205834824,0.1350342520529728,0.13503425205834824,0.13503425206697792,0.13503425207551695,0.13503425206697792,0.13503425205834824,0.13503425206277853,0.13503425207551695,0.13503425209101858,0.13503425207551695,0.13503425206277853,0.13503425205834824,0.13503425206697792,0.13503425207551695,0.13503425206697792,0.13503425205834824,0.1350342520529728,0.13503425205834824,0.13503425206277853,0.13503425205834824,0.1350342520529728
0.16533248779888743,0.16533248779888718,0.16533248779888718,0.16533248779888718,0.16533248779888743,0.16533248779888718,0.16533248779888718,0.16533248779888718,0.16533248779888718,0.16533248779888718,0.16533248779888718,0.16533248779888718,0.16533248779888696,0.16533248779888696,0.16533248779888718,0.16533248779888718,0.16533248779888718,0.16533248779888696,0.16533248779888718,0.16533248779888718,0.16533248779888743,0.16533248779888718,0.16533248779888718,0.16533248779888718,0.16533248779888743,0.1637574940798418,0.16375749407984136,0.16375749407984114,0.16375749407984136,0.1637574940798418,0.16375749407984136,0.16375749407984114,0.16375749407984092,0.16375749407984114,0.16375749407984136,0.16375749407984114,0.16375749407984092,0.16375749407984067,0.16375749407984092,0.16375749407984114,0.16375749407984136,0.16375749407984114,0.16375749407984092,0.16375749407984114,0.16375749407984136,0.1637574940798418,0.16375749407984136,0.16375749407984114,0.16375749407984136,0.1637574940798418,0.16221388429271277,0.16221388429271186,0.1622138842927114,0.16221388429271186,0.16221388429271277,0.16221388429271186,0.16221388429271094,0.1622138842927105,0.16221388429271094,0.16221388429271186,0.1622138842927114,0.1622138842927105,0.16221388429270983,0.1622138842927105,0.1622138842927114,0.16221388429271186,0.16221388429271094,0.1622138842927105,0.16221388429271094,0.16221388429271186,0.16221388429271277,0.16221388429271186,0.1622138842927114,0.16221388429271186,0.16221388429271277,0.1607010673945427,0.1607010673945398,0.16070106739453827,0.1607010673945398,0.1607010673945427,0.1607010673945398,0.16070106739453716,0.16070106739453516,0.16070106739453716,0.1607010673945398,0.16070106739453827,0.16070106739453516,0.16070106739453338,0.16070106739453516,0.16070106739453827,0.1607010673945398,0.16070106739453716,0.16070106739453516,0.16070106739453716,0.1607010673945398,0.1607010673945427,0.1607010673945398,0.16070106739453827,0.1607010673945398,0.1607010673945427,0.1592184517603131,0.1592184517603048,0.15921845176029956,0.1592184517603048,0.1592184517603131,0.1592184517603048,0.15921845176029586,0.1592184517602902,0.15921845176029586,0.1592184517603048,0.15921845176029956,0.1592184517602902,0.1592184517602839,0.1592184517602902,0.15921845176029956,0.1592184517603048,0.15921845176029586,0.1592184517602902,0.15921845176029586,0.1592184517603048,0.1592184517603131,0.1592184517603048,0.15921845176029956,0.1592184517603048,0.1592184517603131,0.15776544653480282,0.15776544653477784,0.15776544653476182,0.15776544653477784,0.15776544653480282,0.15776544653477784,0.15776544653474986,0.1577654465347311,0.15776544653474986,0.15776544653477784,0.15776544653476182,0.1577654465347311,0.15776544653471058,0.1577654465347311,0.15776544653476182,0.15776544653477784,0.15776544653474986,0.1577654465347311,0.15776544653474986,0.15776544653477784,0.15776544653480282,0.15776544653477784,0.15776544653476182,0.15776544653477784,0.15776544653480282,0.1563414628469243,0.15634146284685133,0.1563414628468024,0.15634146284685133,0.1563414628469243,0.15634146284685133,0.15634146284676392,0.15634146284670286,0.15634146284676392,0.15634146284685133,0.1563414628468024,0.15634146284670286,0.15634146284663158,0.15634146284670286,0.1563414628468024,0.15634146284685133,0.15634146284676392,0.15634146284670286,0.15634146284676392,0.15634146284685133,0.1563414628469243,0.15634146284685133,0.1563414628468024,0.15634146284685133,0.1563414628469243,0.15494591489682943,0.1549459148966208,0.1549459148964755,0.1549459148966208,0.15494591489682943,0.1549459148966208,0.15494591489635295,0.15494591489615295,0.15494591489635295,0.1549459148966208,0.1549459148964755,0.15494591489615295,0.15494591489590026,0.15494591489615295,0.1549459148964755,0.1549459148966208,0.15494591489635295,0.15494591489615295,0.15494591489635295,0.1549459148966208,0.15494591489682943,0.1549459148966208,0.1549459148964755,0.1549459148966208,0.15494591489682943,0.15357822092552803,0.15357822092496104,0.15357822092453927,0.15357822092496104,0.15357822092552803,0.15357822092496104,0.1535782209241613,0.1535782209234953,0.1535782209241613,0.15357822092496104,0.15357822092453927,0.1535782209234953,0.15357822092252782,0.1535782209234953,0.15357822092453927,0.15357822092496104,0.1535782209241613,0.1535782209234953,0.1535782209241613,0.15357822092496104,0.15357822092552803,0.15357822092496104,0.15357822092453927,0.15357822092496104,0.15357822092552803,0.1522378040762751,0.15223780407484763,0.15223780407367424,0.15223780407484763,0.1522378040762751,0.15223780407484763,0.15223780407256546,0.15223780407030793,0.15223780407256546,0.15223780407484763,0.15223780407367424,0.15223780407030793,0.15223780406620147,0.15223780407030793,0.15223780407367424,0.15223780407484763,0.15223780407256546,0.15223780407030793,0.15223780407256546,0.15223780407484763,0.1522378040762751,0.15223780407484763,0.15223780407367424,0.15223780407484763,0.1522378040762751,0.1509240931564632,0.15092409315330416,0.1509240931503224,0.15092409315330416,0.1509240931564632,0.15092409315330416,0.1509240931473661,0.1509240931398397,0.1509240931473661,0.15092409315330416,0.1509240931503224,0.1509240931398397,0.15092409312014374,0.1509240931398397,0.1509240931503224,0.15092409315330416,0.1509240931473661,0.1509240931398397,0.1509240931473661,0.15092409315330416,0.1509240931564632,0.15092409315330416,0.1509240931503224,0.15092409315330416,0.1509240931564632,0.14963652330798824,0.14963652330249275,0.14963652329638796,0.14963652330249275,0.14963652330798824,0.14963652330249275,0.14963652329014254,0.14963652326827045,0.14963652329014254,0.14963652330249275,0.14963652329638796,0.14963652326827045,0.1496365231612299,0.14963652326827045,0.14963652329638796,0.14963652330249275,0.14963652329014254,0.14963652326827045,0.14963652329014254,0.14963652330249275,0.14963652330798824,0.14963652330249275,0.14963652329638796,0.14963652330249275,0.14963652330798824,0.1483745365921557,0.14837453658632316,0.14837453658009792,0.14837453658632316,0.1483745365921557,0.14837453658632316,0.14837453657375688,0.14837453655332575,0.14837453657375688,0.14837453658632316,0.14837453658009792,0.14837453655332575,0.148374536466252,0.14837453655332575,0.14837453658009792,0.14837453658632316,0.14837453657375688,0.14837453655332575,0.14837453657375688,0.14837453658632316,0.1483745365921557,0.14837453658632316,0.14837453658009792,0.14837453658632316,0.1483745365921557,0.14713758249264297,0.1471375824878034,0.14713758248286127,0.1471375824878034,0.14713758249264297,0.1471375824878034,0.14713758247787587,0.1471375824627491,0.14713758247787587,0.1471375824878034,0.14713758248286127,0.1471375824627491,0.14713758240233923,0.1471375824627491,0.14713758248286127,0.1471375824878034,0.14713758247787587,0.1471375824627491,0.14713758247787587,0.1471375824878034,0.14713758249264297,0.1471375824878034,0.14713758248286127,0.1471375824878034,0.14713758249264297,0.14592511835465527,0.145925118351183,0.1459251183477428,0.145925118351183,0.14592511835465527,0.145925118351183,0.14592511834430422,0.14592511833420707,0.14592511834430422,0.145925118351183,0.1459251183477428,0.14592511833420707,0.1459251182950034,0.14592511833420707,0.1459251183477428,0.145925118351183,0.14592511834430422,0.14592511833420707,0.14592511834430422,0.145925118351183,0.14592511835465527,0.145925118351183,0.1459251183477428,0.145925118351183,0.14592511835465527,0.14473660976031663,0.14473660975812655,0.14473660975600855,0.14473660975812655,0.14473660976031663,0.14473660975812655,0.14473660975390906,0.14473660974790106,0.14473660975390906,0.14473660975812655,0.14473660975600855,0.14473660974790106,0.14473660972514832,0.14473660974790106,0.14473660975600855,0.14473660975812655,0.14473660975390906,0.14473660974790106,0.14473660975390906,0.14473660975812655,0.14473660976031663,0.14473660975812655,0.14473660975600855,0.14473660975812655,0.14473660976031663,0.14357153084437674,0.14357153084324192,0.1435715308421793,0.14357153084324192,0.14357153084437674,0.14357153084324192,0.14357153084113536,0.14357153083830157,0.14357153084113536,0.14357153084324192,0.1435715308421793,0.14357153083830157,0.1435715308283094,0.14357153083830157,0.1435715308421793,0.14357153084324192,0.14357153084113536,0.14357153083830157,0.14357153084113536,0.14357153084324192,0.14357153084437674,0.14357153084324192,0.1435715308421793,0.14357153084324192,0.14357153084437674,0.14242936455588337,0.1424293645555735,0.14242936455528865,0.1424293645555735,0.14242936455588337,0.1424293645555735,0.14242936455500535,0.1424293645543226,0.14242936455500535,0.1424293645555735,0.14242936455528865,0.1424293645543226,0.1424293645525097,0.1424293645543226,0.14242936455528865,0.1424293645555735,0.14242936455500535,0.1424293645543226,0.14242936455500535,0.1424293645555735,0.14242936455588337,0.1424293645555735,0.14242936455528865,0.1424293645555735,0.14242936455588337,0.14130960287107203,0.1413096028715187,0.14130960287186986,0.1413096028715187,0.14130960287107203,0.1413096028715187,0.14130960287218347,0.1413096028729134,0.14130960287218347,0.1413096028715187,0.14130960287186986,0.1413096028729134,0.14130960287532426,0.1413096028729134,0.14130960287186986,0.1413096028715187,0.14130960287218347,0.1413096028729134,0.14130960287218347,0.1413096028715187,0.14130960287107203,0.1413096028715187,0.14130960287186986,0.1413096028715187,0.14130960287107203,0.14021174696194832,0.14021174696349603,0.14021174696472782,0.14021174696349603,0.14021174696194832,0.14021174696349603,0.14021174696586405,0.1402117469682338,0.14021174696586405,0.14021174696349603,0.14021174696472782,0.1402117469682338,0.14021174697424127,0.1402117469682338,0.14021174696472782,0.14021174696349603,0.14021174696586405,0.1402117469682338,0.14021174696586405,0.14021174696349603,0.14021174696194832,0.14021174696349603,0.14021174696472782,0.14021174696349603,0.14021174696194832,0.13913530732456522,0.13913530732830678,0.13913530733147297,0.13913530732830678,0.13913530732456522,0.13913530732830678,0.13913530733451565,0.13913530734086924,0.13913530733451565,0.13913530732830678,0.13913530733147297,0.13913530734086924,0.13913530735299548,0.13913530734086924,0.13913530733147297,0.13913530732830678,0.13913530733451565,0.13913530734086924,0.13913530733451565,0.13913530732830678,0.13913530732456522,0.13913530732830678,0.13913530733147297,0.13913530732830678,0.13913530732456522,0.13807980387067595,0.1380798038785499,0.13807980388633048,0.1380798038785499,0.13807980387067595,0.1380798038785499,0.13807980389416907,0.13807980391515984,0.13807980389416907,0.1380798038785499,0.13807980388633048,0.13807980391515984,0.13807980397327166,0.13807980391515984,0.13807980388633048,0.1380798038785499,0.13807980389416907,0.13807980391515984,0.13807980389416907,0.1380798038785499,0.13807980387067595,0.1380798038785499,0.13807980388633048,0.1380798038785499,0.13807980387067595,0.13704476598680487,0.13704476599909565,0.13704476601388152,0.13704476599909565,0.13704476598680487,0.13704476599909565,0.13704476602918605,0.13704476608920155,0.13704476602918605,0.13704476599909565,0.13704476601388152,0.13704476608920155,0.13704476642074245,0.13704476608920155,0.13704476601388152,0.13704476599909565,0.13704476602918605,0.13704476608920155,0.13704476602918605,0.13704476599909565,0.13704476598680487,0.13704476599909565,0.13704476601388152,0.13704476599909565,0.13704476598680487,0.13602973256936837,0.1360297325778776,0.13602973258618012,0.1360297325778776,0.13602973256936837,0.1360297325778776,0.13602973259449744,0.13602973261664822,0.13602973259449744,0.1360297325778776,0.13602973258618012,0.13602973261664822,0.13602973267797253,0.13602973261664822,0.13602973258618012,0.1360297325778776,0.13602973259449744,0.13602973261664822,0.1360297325944976,0.1360297325778776,0.13602973256936837,0.1360297325778776,0.13602973258618012,0.1360297325778776,0.13602973256936837,0.1350342520478443,0.1350342520531585,0.1350342520575382,0.1350342520531585,0.1350342520478443,0.1350342520531585,0.13503425206168976,0.13503425207013098,0.13503425206168976,0.1350342520531585,0.1350342520575382,0.13503425207013098,0.13503425208545475,0.13503425207013098,0.1350342520575382,0.1350342520531585,0.13503425206168976,0.13503425207013098,0.13503425206168976,0.1350342520531585,0.1350342520478443,0.1350342520531585,0.1350342520575382,0.1350342520531585,0.1350342520478443
0.1653324878008945,0.16533248780089424,0.16533248780089424,0.16533248780089424,0.1653324878008945,0.16533248780089424,0.16533248780089424,0.16533248780089424,0.16533248780089424,0.1653324878008945,0.16533248780089424,0.16533248780089424,0.16533248780089402,0.16533248780089424,0.16533248780089424,0.16533248780089424,0.16533248780089424,0.16533248780089424,0.16533248780089424,0.16533248780089424,0.1653324878008945,0.1653324878008945,0.16533248780089424,0.16533248780089424,0.1653324878008945,0.16375749408180384,0.1637574940818036,0.16375749408180337,0.1637574940818036,0.16375749408180384,0.1637574940818036,0.16375749408180337,0.16375749408180315,0.16375749408180337,0.1637574940818036,0.16375749408180337,0.16375749408180315,0.16375749408180293,0.16375749408180315,0.16375749408180337,0.1637574940818036,0.16375749408180337,0.16375749408180315,0.16375749408180337,0.1637574940818036,0.16375749408180384,0.1637574940818036,0.16375749408180337,0.1637574940818036,0.16375749408180384,0.16221388429462683,0.1622138842946259,0.16221388429462547,0.1622138842946259,0.16221388429462683,0.1622138842946259,0.162213884294625,0.16221388429462455,0.162213884294625,0.1622138842946259,0.16221388429462547,0.16221388429462455,0.16221388429462386,0.16221388429462455,0.16221388429462547,0.1622138842946259,0.162213884294625,0.16221388429462455,0.162213884294625,0.1622138842946259,0.16221388429462683,0.1622138842946259,0.16221388429462547,0.1622138842946259,0.16221388429462683,0.16070106739640524,0.16070106739640258,0.16070106739640078,0.16070106739640258,0.16070106739640524,0.16070106739640258,0.1607010673963997,0.16070106739639792,0.1607010673963997,0.16070106739640258,0.16070106739640078,0.16070106739639792,0.1607010673963961,0.16070106739639792,0.16070106739640078,0.16070106739640258,0.1607010673963997,0.16070106739639792,0.1607010673963997,0.16070106739640258,0.16070106739640524,0.16070106739640258,0.16070106739640078,0.16070106739640258,0.16070106739640524,0.15921845176212102,0.15921845176211294,0.1592184517621075,0.15921845176211294,0.15921845176212102,0.15921845176211294,0.15921845176210378,0.15921845176209815,0.15921845176210378,0.15921845176211294,0.1592184517621075,0.15921845176209815,0.15921845176209182,0.15921845176209815,0.1592184517621075,0.15921845176211294,0.15921845176210378,0.15921845176209815,0.15921845176210378,0.15921845176211294,0.15921845176212102,0.15921845176211294,0.1592184517621075,0.15921845176211294,0.15921845176212102,0.1577654465365526,0.15776544653652788,0.15776544653651187,0.15776544653652788,0.1577654465365526,0.15776544653652788,0.1577654465364997,0.15776544653648114,0.1577654465364997,0.15776544653652788,0.15776544653651187,0.15776544653648114,0.15776544653646046,0.15776544653648114,0.15776544653651187,0.15776544653652788,0.1577654465364997,0.15776544653648114,0.1577654465364997,0.15776544653652788,0.1577654465365526,0.15776544653652788,0.15776544653651187,0.15776544653652788,0.1577654465365526,0.15634146284861306,0.15634146284854009,0.15634146284849135,0.15634146284854009,0.15634146284861306,0.15634146284854009,0.15634146284845268,0.15634146284839182,0.15634146284845268,0.15634146284854009,0.15634146284849135,0.15634146284839182,0.1563414628483207,0.15634146284839182,0.15634146284849135,0.15634146284854009,0.15634146284845268,0.15634146284839182,0.15634146284845268,0.15634146284854009,0.15634146284861306,0.15634146284854009,0.15634146284849135,0.15634146284854009,0.15634146284861306,0.1549459148984535,0.1549459148982455,0.1549459148981006,0.1549459148982455,0.1549459148984535,0.1549459148982455,0.15494591489797807,0.15494591489777884,0.15494591489797807,0.1549459148982455,0.1549459148981006,0.15494591489777884,0.154945914897527,0.15494591489777884,0.1549459148981006,0.1549459148982455,0.15494591489797807,0.15494591489777884,0.15494591489797807,0.1549459148982455,0.1549459148984535,0.1549459148982455,0.1549459148981006,0.1549459148982455,0.1549459148984535,0.15357822092708356,0.1535782209265186,0.15357822092609802,0.1535782209265186,0.15357822092708356,0.1535782209265186,0.15357822092572104,0.15357822092505724,0.15357822092572104,0.1535782209265186,0.15357822092609802,0.15357822092505724,0.1535782209240926,0.15357822092505724,0.15357822092609802,0.1535782209265186,0.15357822092572104,0.15357822092505724,0.15357822092572104,0.1535782209265186,0.15357822092708356,0.1535782209265186,0.15357822092609802,0.1535782209265186,0.15357822092708356,0.15223780407775614,0.15223780407633317,0.15223780407516355,0.15223780407633317,0.15223780407775614,0.15223780407633317,0.1522378040740583,0.15223780407180784,0.1522378040740583,0.15223780407633317,0.15223780407516355,0.15223780407180784,0.15223780406771356,0.15223780407180784,0.15223780407516355,0.15223780407633317,0.1522378040740583,0.15223780407180784,0.1522378040740583,0.15223780407633317,0.15223780407775614,0.15223780407633317,0.15223780407516355,0.15223780407633317,0.15223780407775614,0.15092409315785785,0.1509240931547094,0.1509240931517373,0.1509240931547094,0.15092409315785785,0.1509240931547094,0.1509240931487908,0.15092409314128738,0.1509240931487908,0.1509240931547094,0.1509240931517373,0.15092409314128738,0.15092409312164967,0.15092409314128738,0.1509240931517373,0.1509240931547094,0.1509240931487908,0.15092409314128738,0.1509240931487908,0.1509240931547094,0.15092409315785785,0.1509240931547094,0.1509240931517373,0.1509240931547094,0.15092409315785785,0.14963652330927268,0.14963652330379704,0.14963652329771285,0.14963652330379704,0.14963652330927268,0.14963652330379704,0.14963652329148844,0.1496365232696846,0.14963652329148844,0.14963652330379704,0.14963652329771285,0.1496365232696846,0.1496365231629506,0.1496365232696846,0.14963652329771285,0.14963652330379704,0.14963652329148844,0.1496365232696846,0.14963652329148844,0.14963652330379704,0.14963652330927268,0.14963652330379704,0.14963652329771285,0.14963652330379704,0.14963652330927268,0.14837453659328712,0.14837453658748073,0.1483745365812818,0.14837453658748073,0.14837453659328712,0.14837453658748073,0.14837453657496727,0.14837453655461655,0.14837453657496727,0.14837453658748073,0.1483745365812818,0.14837453655461655,0.14837453646784082,0.14837453655461655,0.1483745365812818,0.14837453658748073,0.14837453657496727,0.14837453655461655,0.14837453657496727,0.14837453658748073,0.14837453659328712,0.14837453658748073,0.1483745365812818,0.14837453658748073,0.14837453659328712,0.14713758249356595,0.14713758248875786,0.14713758248384676,0.14713758248875786,0.14713758249356595,0.14713758248875786,0.14713758247889244,0.14713758246385794,0.14713758247889244,0.14713758248875786,0.14713758248384676,0.14713758246385794,0.14713758240377361,0.14713758246385794,0.14713758248384676,0.14713758248875786,0.14713758247889244,0.14713758246385794,0.14713758247889244,0.14713758248875786,0.14713758249356595,0.14713758248875786,0.14713758248384676,0.14713758248875786,0.14713758249356595,0.14592511835530342,0.1459251183518682,0.1459251183484654,0.1459251183518682,0.14592511835530342,0.1459251183518682,0.145925118345064,0.1459251183350789,0.145925118345064,0.1459251183518682,0.1459251183484654,0.1459251183350789,0.14592511829633356,0.1459251183350789,0.1459251183484654,0.1459251183518682,0.145925118345064,0.1459251183350789,0.145925118345064,0.1459251183518682,0.14592511835530342,0.1459251183518682,0.1459251183484654,0.1459251183518682,0.14592511835530342,0.1447366097606111,0.14473660975846359,0.14473660975638908,0.14473660975846359,0.1447366097606111,0.14473660975846359,0.14473660975433322,0.14473660974845998,0.14473660975433322,0.14473660975846359,0.14473660975638908,0.14473660974845998,0.14473660972622757,0.14473660974845998,0.14473660975638908,0.14473660975846359,0.14473660975433322,0.14473660974845998,0.14473660975433322,0.14473660975846359,0.1447366097606111,0.14473660975846359,0.14473660975638908,0.14473660975846359,0.1447366097606111,0.14357153084422772,0.14357153084313773,0.1435715308421213,0.14357153084313773,0.14357153084422772,0.14357153084313773,0.14357153084112373,0.1435715308384326,0.14357153084112373,0.14357153084313773,0.1435715308421213,0.1435715308384326,0.1435715308290378,0.1435715308384326,0.1435715308421213,0.14357153084313773,0.14357153084112373,0.1435715308384326,0.14357153084112373,0.14357153084313773,0.14357153084422772,0.14357153084313773,0.1435715308421213,0.14357153084313773,0.14357153084422772,0.14242936455519523,0.14242936455492886,0.14242936455468913,0.14242936455492886,0.14242936455519523,0.14242936455492886,0.1424293645544514,0.1424293645539096,0.1424293645544514,0.14242936455492886,0.14242936455468913,0.1424293645539096,0.14242936455266,0.1424293645539096,0.14242936455468913,0.14242936455492886,0.1424293645544514,0.1424293645539096,0.1424293645544514,0.14242936455492886,0.14242936455519523,0.14242936455492886,0.14242936455468913,0.14242936455492886,0.14242936455519523,0.1413096028697517,0.14130960287023486,0.14130960287062633,0.14130960287023486,0.1413096028697517,0.14130960287023486,0.14130960287098124,0.14130960287184746,0.14130960287098124,0.14130960287023486,0.14130960287062633,0.14130960287184746,0.1413096028748677,0.14130960287184746,0.14130960287062633,0.14130960287023486,0.14130960287098124,0.14130960287184746,0.14130960287098124,0.14130960287023486,0.1413096028697517,0.14130960287023486,0.14130960287062633,0.14130960287023486,0.1413096028697517,0.1402117469599167,0.14021174696148117,0.14021174696273572,0.14021174696148117,0.1402117469599167,0.14021174696148117,0.14021174696389657,0.14021174696636504,0.14021174696389657,0.14021174696148117,0.14021174696273572,0.14021174696636504,0.14021174697288674,0.14021174696636504,0.14021174696273572,0.14021174696148117,0.14021174696389657,0.14021174696636504,0.14021174696389657,0.14021174696148117,0.1402117469599167,0.14021174696148117,0.14021174696273572,0.14021174696148117,0.1402117469599167,0.13913530732178322,0.13913530732550058,0.13913530732864782,0.13913530732550058,0.13913530732178322,0.13913530732550058,0.1391353073316725,0.1391353073379951,0.1391353073316725,0.13913530732550058,0.13913530732864782,0.1391353073379951,0.139135307350087,0.1391353073379951,0.13913530732864782,0.13913530732550058,0.1391353073316725,0.1391353073379951,0.1391353073316725,0.13913530732550058,0.13913530732178322,0.13913530732550058,0.13913530732864782,0.13913530732550058,0.13913530732178322,0.13807980386718957,0.13807980387498084,0.13807980388267818,0.13807980387498084,0.13807980386718957,0.13807980387498084,0.1380798038904326,0.1380798039111931,0.1380798038904326,0.13807980387498084,0.13807980388267818,0.1380798039111931,0.138079803968655,0.1380798039111931,0.13807980388267818,0.13807980387498084,0.1380798038904326,0.1380798039111931,0.1380798038904326,0.13807980387498084,0.13807980386718957,0.13807980387498084,0.13807980388267818,0.13807980387498084,0.13807980386718957,0.13704476598278115,0.1370447659949331,0.13704476600955054,0.1370447659949331,0.13704476598278115,0.1370447659949331,0.13704476602468002,0.13704476608400515,0.13704476602468002,0.1370447659949331,0.13704476600955054,0.13704476608400515,0.13704476641172725,0.13704476608400515,0.13704476600955054,0.1370447659949331,0.13704476602468002,0.13704476608400515,0.13704476602468002,0.1370447659949331,0.13704476598278115,0.1370447659949331,0.13704476600955054,0.1370447659949331,0.13704476598278115,0.13602973256509276,0.1360297325735049,0.13602973258171233,0.1360297325735049,0.13602973256509276,0.1360297325735049,0.13602973258993417,0.13602973261183,0.13602973258993417,0.1360297325735049,0.13602973258171233,0.13602973261183,0.13602973267244678,0.13602973261183,0.13602973258171233,0.1360297325735049,0.13602973258993417,0.13602973261183,0.13602973258993417,0.1360297325735049,0.13602973256509276,0.1360297325735049,0.13602973258171233,0.1360297325735049,0.13602973256509276,0.13503425204352018,0.1350342520487735,0.13503425205310293,0.1350342520487735,0.13503425204352018,0.1350342520487735,0.13503425205720682,0.13503425206555109,0.13503425205720682,0.1350342520487735,0.13503425205310293,0.13503425206555109,0.13503425208069822,0.13503425206555109,0.13503425205310293,0.1350342520487735,0.13503425205720682,0.13503425206555109,0.13503425205720682,0.1350342520487735,0.13503425204352018,0.1350342520487735,0.13503425205310293,0.1350342520487735,0.13503425204352018
0.16533248780262783,0.16533248780262783,0.16533248780262758,0.16533248780262783,0.16533248780262783,0.16533248780262783,0.16533248780262758,0.16533248780262758,0.16533248780262758,0.16533248780262783,0.16533248780262758,0.16533248780262758,0.16533248780262735,0.16533248780262758,0.16533248780262758,0.16533248780262783,0.16533248780262758,0.16533248780262758,0.16533248780262758,0.16533248780262783,0.16533248780262783,0.16533248780262783,0.16533248780262758,0.16533248780262783,0.16533248780262783,0.16375749408350104,0.1637574940835008,0.16375749408350057,0.1637574940835008,0.16375749408350104,0.1637574940835008,0.16375749408350035,0.16375749408350035,0.16375749408350035,0.1637574940835008,0.16375749408350057,0.16375749408350035,0.1637574940835001,0.16375749408350035,0.16375749408350057,0.1637574940835008,0.16375749408350035,0.16375749408350035,0.16375749408350035,0.1637574940835008,0.16375749408350104,0.1637574940835008,0.16375749408350057,0.1637574940835008,0.16375749408350104,0.162213884296287,0.1622138842962861,0.16221388429628564,0.1622138842962861,0.162213884296287,0.1622138842962861,0.1622138842962852,0.16221388429628472,0.1622138842962852,0.1622138842962861,0.16221388429628564,0.16221388429628472,0.16221388429628408,0.16221388429628472,0.16221388429628564,0.1622138842962861,0.1622138842962852,0.16221388429628472,0.1622138842962852,0.1622138842962861,0.162213884296287,0.1622138842962861,0.16221388429628564,0.1622138842962861,0.162213884296287,0.16070106739802784,0.16070106739802517,0.1607010673980234,0.16070106739802517,0.16070106739802784,0.16070106739802517,0.16070106739802228,0.1607010673980203,0.16070106739802228,0.16070106739802517,0.1607010673980234,0.1607010673980203,0.16070106739801848,0.1607010673980203,0.1607010673980234,0.16070106739802517,0.16070106739802228,0.1607010673980203,0.16070106739802228,0.16070106739802517,0.16070106739802784,0.16070106739802517,0.1607010673980234,0.16070106739802517,0.16070106739802784,0.1592184517637051,0.1592184517636968,0.15921845176369162,0.1592184517636968,0.1592184517637051,0.1592184517636968,0.15921845176368793,0.15921845176368224,0.15921845176368793,0.1592184517636968,0.15921845176369162,0.15921845176368224,0.15921845176367594,0.15921845176368224,0.15921845176369162,0.1592184517636968,0.15921845176368793,0.15921845176368224,0.15921845176368793,0.1592184517636968,0.1592184517637051,0.1592184517636968,0.15921845176369162,0.1592184517636968,0.1592184517637051,0.15776544653809763,0.15776544653807287,0.15776544653805688,0.15776544653807287,0.15776544653809763,0.15776544653807287,0.15776544653804472,0.15776544653802616,0.15776544653804472,0.15776544653807287,0.15776544653805688,0.15776544653802616,0.15776544653800545,0.15776544653802616,0.15776544653805688,0.15776544653807287,0.15776544653804472,0.15776544653802616,0.15776544653804472,0.15776544653807287,0.15776544653809763,0.15776544653807287,0.15776544653805688,0.15776544653807287,0.15776544653809763,0.156341462850118,0.15634146285004522,0.15634146284999648,0.15634146285004522,0.156341462850118,0.15634146285004522,0.15634146284995803,0.15634146284989717,0.15634146284995803,0.15634146285004522,0.15634146284999648,0.15634146284989717,0.15634146284982628,0.15634146284989717,0.1563414628499967,0.15634146285004522,0.15634146284995803,0.15634146284989717,0.15634146284995803,0.15634146285004522,0.156341462850118,0.15634146285004522,0.1563414628499967,0.15634146285004522,0.156341462850118,0.15494591489991733,0.1549459148997097,0.1549459148995655,0.1549459148997097,0.15494591489991733,0.1549459148997097,0.15494591489944312,0.15494591489924453,0.15494591489944312,0.1549459148997097,0.1549459148995655,0.15494591489924453,0.15494591489899348,0.15494591489924453,0.1549459148995655,0.1549459148997097,0.15494591489944312,0.15494591489924453,0.15494591489944312,0.1549459148997097,0.15494591489991733,0.1549459148997097,0.1549459148995655,0.1549459148997097,0.15494591489991733,0.15357822092850432,0.15357822092794096,0.153578220927522,0.15357822092794096,0.15357822092850432,0.15357822092794096,0.15357822092714601,0.15357822092648424,0.15357822092714601,0.15357822092794096,0.153578220927522,0.15357822092648424,0.1535782209255226,0.15357822092648424,0.153578220927522,0.15357822092794096,0.15357822092714601,0.15357822092648424,0.15357822092714601,0.15357822092794096,0.15357822092850432,0.15357822092794096,0.153578220927522,0.15357822092794096,0.15357822092850432,0.15223780407912965,0.15223780407771123,0.15223780407654536,0.15223780407771123,0.15223780407912965,0.15223780407771123,0.15223780407544346,0.1522378040731999,0.15223780407544346,0.15223780407771123,0.15223780407654536,0.1522378040731999,0.15223780406911802,0.1522378040731999,0.15223780407654536,0.15223780407771123,0.15223780407544346,0.1522378040731999,0.15223780407544346,0.15223780407771123,0.15223780407912965,0.15223780407771123,0.15223780407654536,0.15223780407771123,0.15223780407912965,0.15092409315917413,0.1509240931560363,0.15092409315307365,0.1509240931560363,0.15092409315917413,0.1509240931560363,0.1509240931501366,0.15092409314265595,0.1509240931501366,0.1509240931560363,0.15092409315307365,0.15092409314265595,0.15092409312307611,0.15092409314265595,0.15092409315307365,0.1509240931560363,0.1509240931501366,0.15092409314265595,0.1509240931501366,0.1509240931560363,0.15092409315917413,0.1509240931560363,0.15092409315307365,0.1509240931560363,0.15092409315917413,0.1496365233105095,0.14963652330505328,0.14963652329898974,0.14963652330505328,0.1496365233105095,0.14963652330505328,0.1496365232927859,0.14963652327104998,0.1496365232927859,0.14963652330505328,0.14963652329898974,0.14963652327104998,0.14963652316465043,0.14963652327104998,0.14963652329898974,0.14963652330505328,0.1496365232927859,0.14963652327104998,0.1496365232927859,0.14963652330505328,0.1496365233105095,0.14963652330505328,0.14963652329898974,0.14963652330505328,0.1496365233105095,0.14837453659440336,0.14837453658862274,0.14837453658244995,0.14837453658862274,0.14837453659440336,0.14837453658862274,0.1483745365761617,0.1483745365558905,0.1483745365761617,0.14837453658862274,0.14837453658244995,0.1483745365558905,0.14837453646942858,0.1483745365558905,0.14837453658244995,0.14837453658862274,0.1483745365761617,0.1483745365558905,0.1483745365761617,0.14837453658862274,0.14837453659440336,0.14837453658862274,0.14837453658244995,0.14837453658862274,0.14837453659440336,0.14713758249450712,0.14713758248973008,0.14713758248484987,0.14713758248973008,0.14713758249450712,0.14713758248973008,0.14713758247992642,0.14713758246498332,0.14713758247992642,0.14713758248973008,0.14713758248484987,0.14713758246498332,0.14713758240525757,0.14713758246498332,0.14713758248484987,0.14713758248973008,0.14713758247992642,0.14713758246498332,0.14713758247992642,0.14713758248973008,0.14713758249450712,0.14713758248973008,0.14713758248484987,0.14713758248973008,0.14713758249450712,0.1459251183560039,0.14592511835260535,0.14592511834923944,0.14592511835260535,0.1459251183560039,0.14592511835260535,0.1459251183458751,0.14592511833600072,0.1459251183458751,0.14592511835260535,0.14592511834923944,0.14592511833600072,0.14592511829769467,0.14592511833600072,0.14592511834923944,0.14592511835260535,0.1459251183458751,0.14592511833600072,0.1459251183458751,0.14592511835260535,0.1459251183560039,0.14592511835260535,0.14592511834923944,0.14592511835260535,0.1459251183560039,0.14473660976099245,0.14473660975888705,0.14473660975685546,0.14473660975888705,0.14473660976099245,0.14473660975888705,0.1447366097548429,0.14473660974910302,0.1447366097548429,0.14473660975888705,0.14473660975685546,0.14473660974910302,0.14473660972743913,0.14473660974910302,0.14473660975685546,0.14473660975888705,0.1447366097548429,0.14473660974910302,0.1447366097548429,0.14473660975888705,0.14473660976099245,0.14473660975888705,0.14473660975685546,0.14473660975888705,0.14473660976099245,0.1435715308441995,0.14357153084315413,0.14357153084218344,0.14357153084315413,0.1435715308441995,0.14357153084315413,0.14357153084123186,0.14357153083868263,0.14357153084123186,0.14357153084315413,0.14357153084218344,0.14357153083868263,0.14357153082988774,0.14357153083868263,0.14357153084218344,0.14357153084315413,0.14357153084123186,0.14357153083868263,0.14357153084123186,0.14357153084315413,0.1435715308441995,0.14357153084315413,0.14357153084218344,0.14357153084315413,0.1435715308441995,0.14242936455466113,0.142429364554438,0.1424293645542431,0.142429364554438,0.14242936455466113,0.142429364554438,0.14242936455405084,0.14242936455364874,0.14242936455405084,0.142429364554438,0.1424293645542431,0.14242936455364874,0.14242936455294702,0.14242936455364874,0.1424293645542431,0.142429364554438,0.14242936455405084,0.14242936455364874,0.14242936455405084,0.142429364554438,0.14242936455466113,0.142429364554438,0.1424293645542431,0.142429364554438,0.14242936455466113,0.14130960286861668,0.1413096028691361,0.14130960286956748,0.1413096028691361,0.14130960286861668,0.1413096028691361,0.1413096028699637,0.1413096028709653,0.1413096028699637,0.1413096028691361,0.14130960286956748,0.1413096028709653,0.14130960287458075,0.1413096028709653,0.14130960286956748,0.1413096028691361,0.1413096028699637,0.1413096028709653,0.1413096028699637,0.1413096028691361,0.14130960286861668,0.1413096028691361,0.14130960286956748,0.1413096028691361,0.14130960286861668,0.14021174695809938,0.14021174695968047,0.14021174696095776,0.14021174695968047,0.14021174695809938,0.14021174695968047,0.14021174696214297,0.14021174696470898,0.14021174696214297,0.14021174695968047,0.14021174696095776,0.14021174696470898,0.14021174697172767,0.14021174696470898,0.14021174696095776,0.14021174695968047,0.14021174696214297,0.14021174696470898,0.14021174696214297,0.14021174695968047,0.14021174695809938,0.14021174695968047,0.14021174696095776,0.14021174695968047,0.14021174695809938,0.13913530731924176,0.13913530732293508,0.13913530732606333,0.13913530732293508,0.13913530731924176,0.13913530732293508,0.13913530732907028,0.13913530733536175,0.13913530732907028,0.13913530732293508,0.13913530732606333,0.13913530733536175,0.13913530734741902,0.13913530733536175,0.13913530732606333,0.13913530732293508,0.13913530732907028,0.13913530733536175,0.13913530732907028,0.13913530732293508,0.13913530731924176,0.13913530732293508,0.13913530732606333,0.13913530732293508,0.13913530731924176,0.13807980386396498,0.13807980387167443,0.1380798038792893,0.13807980387167443,0.13807980386396498,0.13807980387167443,0.13807980388695998,0.13807980390749225,0.13807980388695998,0.13807980387167443,0.1380798038792893,0.13807980390749225,0.13807980396430936,0.13807980390749225,0.1380798038792893,0.13807980387167443,0.13807980388695998,0.13807980390749225,0.13807980388695998,0.13807980387167426,0.13807980386396498,0.13807980387167443,0.1380798038792893,0.13807980387167426,0.13807980386396498,0.1370447659790349,0.13704476599104926,0.1370447660054994,0.13704476599104926,0.1370447659790349,0.13704476599104926,0.1370447660204556,0.13704476607909608,0.1370447660204556,0.13704476599104926,0.1370447660054994,0.13704476607909608,0.13704476640301047,0.13704476607909608,0.1370447660054994,0.13704476599104926,0.1370447660204556,0.13704476607909608,0.1370447660204556,0.13704476599104926,0.1370447659790349,0.13704476599104926,0.1370447660054994,0.13704476599104926,0.1370447659790349,0.13602973256110312,0.13602973256941894,0.13602973257753212,0.13602973256941894,0.13602973256110312,0.13602973256941894,0.13602973258565915,0.13602973260730222,0.1360297325856593,0.13602973256941894,0.13602973257753212,0.13602973260730222,0.13602973266721705,0.13602973260730222,0.13602973257753212,0.13602973256941894,0.1360297325856593,0.13602973260730222,0.1360297325856593,0.13602973256941894,0.13602973256110312,0.13602973256941894,0.13602973257753212,0.13602973256941894,0.13602973256110312,0.13503425203948358,0.1350342520446765,0.13503425204895603,0.1350342520446765,0.13503425203948358,0.1350342520446765,0.1350342520530127,0.13503425206126057,0.1350342520530127,0.1350342520446765,0.13503425204895603,0.13503425206126057,0.13503425207623254,0.13503425206126057,0.13503425204895603,0.1350342520446765,0.1350342520530127,0.13503425206126057,0.1350342520530127,0.1350342520446765,0.13503425203948358,0.1350342520446765,0.13503425204895603,0.1350342520446765,0.13503425203948358
0.1653324878042632,0.165332487804263,0.165332487804263,0.165332487804263,0.1653324878042632,0.165332487804263,0.165332487804263,0.16533248780426274,0.165332487804263,0.165332487804263,0.165332487804263,0.16533248780426274,0.16533248780426274,0.16533248780426274,0.165332487804263,0.165332487804263,0.165332487804263,0.16533248780426274,0.165332487804263,0.165332487804263,0.1653324878042632,0.165332487804263,0.165332487804263,0.165332487804263,0.1653324878042632,0.16375749408510318,0.1637574940851027,0.1637574940851027,0.1637574940851027,0.16375749408510318,0.1637574940851027,0.16375749408510248,0.16375749408510226,0.16375749408510248,0.1637574940851027,0.1637574940851027,0.16375749408510226,0.16375749408510226,0.16375749408510226,0.1637574940851027,0.1637574940851027,0.16375749408510248,0.16375749408510226,0.16375749408510248,0.1637574940851027,0.16375749408510318,0.1637574940851027,0.1637574940851027,0.1637574940851027,0.16375749408510318,0.16221388429785605,0.16221388429785516,0.16221388429785472,0.16221388429785516,0.16221388429785605,0.16221388429785516,0.16221388429785424,0.16221388429785355,0.16221388429785424,0.16221388429785516,0.16221388429785472,0.16221388429785355,0.1622138842978531,0.16221388429785355,0.16221388429785472,0.16221388429785516,0.16221388429785424,0.16221388429785355,0.16221388429785424,0.16221388429785516,0.16221388429785605,0.16221388429785516,0.16221388429785472,0.16221388429785516,0.16221388429785605,0.1607010673995638,0.16070106739956114,0.16070106739955936,0.16070106739956114,0.1607010673995638,0.16070106739956114,0.16070106739955825,0.16070106739955625,0.16070106739955825,0.16070106739956114,0.16070106739955936,0.16070106739955625,0.16070106739955448,0.16070106739955647,0.16070106739955936,0.16070106739956114,0.16070106739955825,0.16070106739955647,0.16070106739955825,0.16070106739956114,0.1607010673995638,0.16070106739956114,0.16070106739955936,0.16070106739956114,0.1607010673995638,0.15921845176520824,0.15921845176519994,0.15921845176519472,0.15921845176519994,0.15921845176520824,0.15921845176519994,0.15921845176519106,0.15921845176518515,0.15921845176519106,0.15921845176519994,0.15921845176519472,0.15921845176518515,0.15921845176517904,0.15921845176518515,0.15921845176519472,0.15921845176519994,0.15921845176519106,0.15921845176518515,0.15921845176519106,0.15921845176519994,0.15921845176520824,0.15921845176519994,0.15921845176519472,0.15921845176519994,0.15921845176520824,0.1577654465395675,0.15776544653954297,0.15776544653952695,0.15776544653954297,0.1577654465395675,0.15776544653954297,0.15776544653951502,0.15776544653949648,0.15776544653951502,0.15776544653954297,0.15776544653952695,0.15776544653949648,0.15776544653947555,0.15776544653949648,0.15776544653952695,0.15776544653954297,0.15776544653951502,0.15776544653949648,0.15776544653951502,0.15776544653954297,0.1577654465395675,0.15776544653954297,0.15776544653952695,0.15776544653954297,0.1577654465395675,0.15634146285155498,0.15634146285148243,0.1563414628514339,0.15634146285148243,0.15634146285155498,0.15634146285148243,0.15634146285139544,0.1563414628513348,0.15634146285139564,0.15634146285148243,0.1563414628514339,0.1563414628513348,0.1563414628512641,0.1563414628513348,0.1563414628514339,0.15634146285148243,0.15634146285139564,0.1563414628513348,0.15634146285139544,0.15634146285148243,0.15634146285155498,0.15634146285148243,0.1563414628514339,0.15634146285148243,0.15634146285155498,0.15494591490132092,0.15494591490111415,0.15494591490097026,0.15494591490111415,0.15494591490132092,0.15494591490111415,0.15494591490084833,0.15494591490065038,0.15494591490084833,0.15494591490111415,0.15494591490097026,0.15494591490065038,0.15494591490039994,0.15494591490065038,0.15494591490097026,0.15494591490111415,0.15494591490084833,0.15494591490065038,0.15494591490084833,0.15494591490111415,0.15494591490132092,0.15494591490111415,0.15494591490097026,0.15494591490111415,0.15494591490132092,0.15357822092987344,0.15357822092931192,0.15357822092889414,0.15357822092931192,0.15357822092987344,0.15357822092931192,0.1535782209285194,0.1535782209278596,0.1535782209285194,0.15357822092931192,0.15357822092889414,0.1535782209278596,0.1535782209269008,0.1535782209278596,0.15357822092889414,0.15357822092931192,0.1535782209285194,0.1535782209278596,0.1535782209285194,0.15357822092931192,0.15357822092987344,0.15357822092931192,0.15357822092889414,0.15357822092931192,0.15357822092987344,0.15223780408046067,0.152237804079047,0.15223780407788465,0.152237804079047,0.15223780408046067,0.152237804079047,0.1522378040767863,0.1522378040745494,0.1522378040767863,0.152237804079047,0.15223780407788465,0.1522378040745494,0.15223780407047957,0.1522378040745494,0.15223780407788465,0.152237804079047,0.1522378040767863,0.1522378040745494,0.1522378040767863,0.152237804079047,0.15223780408046067,0.152237804079047,0.15223780407788465,0.152237804079047,0.15223780408046067,0.15092409316045785,0.15092409315733024,0.1509240931543772,0.15092409315733024,0.15092409316045785,0.15092409315733024,0.15092409315144942,0.15092409314399155,0.15092409315144942,0.15092409315733024,0.1509240931543772,0.15092409314399155,0.1509240931244692,0.15092409314399155,0.1509240931543772,0.15092409315733024,0.15092409315144942,0.15092409314399155,0.15092409315144942,0.15092409315733024,0.15092409316045785,0.15092409315733024,0.1509240931543772,0.15092409315733024,0.15092409316045785,0.14963652331172417,0.14963652330628743,0.14963652330024413,0.14963652330628743,0.14963652331172417,0.14963652330628743,0.1496365232940609,0.1496365232723921,0.1496365232940609,0.14963652330628743,0.14963652330024413,0.1496365232723921,0.149636523166297,0.1496365232723921,0.14963652330024413,0.14963652330628743,0.1496365232940609,0.1496365232723921,0.1496365232940609,0.14963652330628743,0.14963652331172417,0.14963652330628743,0.14963652330024413,0.14963652330628743,0.14963652331172417,0.14837453659550848,0.14837453658975341,0.1483745365836066,0.14837453658975341,0.14837453659550848,0.14837453658975341,0.14837453657734448,0.1483745365571524,0.14837453657734448,0.14837453658975341,0.1483745365836066,0.1483745365571524,0.14837453647102072,0.1483745365571524,0.1483745365836066,0.14837453658975341,0.14837453657734448,0.1483745365571524,0.14837453657734448,0.14837453658975341,0.14837453659550848,0.14837453658975341,0.1483745365836066,0.14837453658975341,0.14837453659550848,0.147137582495449,0.1471375824907027,0.14713758248585335,0.1471375824907027,0.147137582495449,0.1471375824907027,0.1471375824809604,0.14713758246610775,0.1471375824809604,0.1471375824907027,0.14713758248585335,0.14713758246610775,0.14713758240673752,0.14713758246610775,0.14713758248585335,0.1471375824907027,0.1471375824809604,0.14713758246610775,0.1471375824809604,0.1471375824907027,0.147137582495449,0.1471375824907027,0.14713758248585335,0.1471375824907027,0.147137582495449,0.1459251183567174,0.1459251183533554,0.14592511835002595,0.14592511835335556,0.1459251183567174,0.1459251183533554,0.14592511834669827,0.14592511833693378,0.14592511834669827,0.14592511835335556,0.14592511835002595,0.14592511833693378,0.14592511829905475,0.14592511833693378,0.14592511835002595,0.14592511835335556,0.14592511834669827,0.14592511833693378,0.14592511834669827,0.14592511835335556,0.1459251183567174,0.14592511835335556,0.14592511835002595,0.14592511835335556,0.1459251183567174,0.14473660976139988,0.14473660975933617,0.14473660975734734,0.14473660975933617,0.14473660976139988,0.14473660975933617,0.14473660975537772,0.1447366097497698,0.14473660975537772,0.14473660975933617,0.14473660975734734,0.1447366097497698,0.14473660972863756,0.1447366097497698,0.14473660975734734,0.14473660975933617,0.14473660975537772,0.1447366097497698,0.14473660975537772,0.14473660975933617,0.14473660976139988,0.14473660975933617,0.14473660975734734,0.14473660975933617,0.14473660976139988,0.1435715308442108,0.14357153084320975,0.14357153084228438,0.14357153084320975,0.1435715308442108,0.14357153084320975,0.14357153084137866,0.1435715308389701,0.14357153084137866,0.14357153084320975,0.14357153084228438,0.1435715308389701,0.14357153083072416,0.1435715308389701,0.14357153084228438,0.14357153084320975,0.14357153084137866,0.1435715308389701,0.14357153084137866,0.14357153084320975,0.1435715308442108,0.14357153084320975,0.14357153084228438,0.14357153084320975,0.1435715308442108,0.14242936455418,0.14242936455399985,0.14242936455384952,0.14242936455399985,0.14242936455418,0.14242936455399985,0.1424293645537024,0.1424293645534397,0.1424293645537024,0.14242936455399985,0.14242936455384952,0.1424293645534397,0.14242936455330837,0.1424293645534397,0.14242936455384952,0.14242936455399985,0.1424293645537024,0.1424293645534397,0.1424293645537024,0.14242936455399985,0.14242936455418,0.14242936455399985,0.14242936455384952,0.14242936455399985,0.14242936455418,0.14130960286754818,0.14130960286810373,0.1413096028685748,0.14130960286810373,0.14130960286754818,0.14130960286810373,0.14130960286901176,0.14130960287014788,0.14130960286901176,0.14130960286810373,0.1413096028685748,0.14130960287014788,0.14130960287433503,0.14130960287014788,0.1413096028685748,0.14130960286810373,0.14130960286901176,0.14130960287014788,0.14130960286901176,0.14130960286810373,0.14130960286754818,0.14130960286810373,0.1413096028685748,0.14130960286810373,0.14130960286754818,0.14021174695636157,0.14021174695795907,0.14021174695925878,0.14021174695795907,0.14021174695636157,0.14021174695795907,0.14021174696046804,0.1402117469631305,0.14021174696046804,0.14021174695795907,0.14021174695925878,0.1402117469631305,0.14021174697063726,0.1402117469631305,0.14021174695925878,0.14021174695795907,0.14021174696046804,0.1402117469631305,0.14021174696046804,0.14021174695795907,0.14021174695636157,0.14021174695795907,0.14021174695925878,0.14021174695795907,0.14021174695636157,0.13913530731679197,0.13913530732046145,0.13913530732357102,0.13913530732046145,0.13913530731679197,0.13913530732046145,0.13913530732656013,0.1391353073328207,0.13913530732656013,0.13913530732046145,0.13913530732357102,0.1391353073328207,0.13913530734484336,0.1391353073328207,0.13913530732357102,0.13913530732046145,0.13913530732656013,0.1391353073328207,0.13913530732656013,0.13913530732046145,0.13913530731679197,0.13913530732046145,0.13913530732357102,0.13913530732046145,0.13913530731679197,0.1380798038608431,0.13807980386847113,0.13807980387600427,0.13807980386847113,0.1380798038608431,0.13807980386847113,0.138079803883592,0.1380798039038978,0.138079803883592,0.13807980386847113,0.13807980387600427,0.1380798039038978,0.13807980396007533,0.1380798039038978,0.13807980387600427,0.13807980386847113,0.138079803883592,0.1380798039038978,0.138079803883592,0.13807980386847113,0.1380798038608431,0.13807980386847113,0.13807980387600427,0.13807980386847113,0.1380798038608431,0.1370447659753993,0.13704476598727697,0.13704476600156146,0.13704476598727697,0.1370447659753993,0.13704476598727697,0.1370447660163455,0.13704476607430696,0.1370447660163455,0.13704476598727697,0.13704476600156146,0.13704476607430696,0.1370447663944631,0.13704476607430696,0.13704476600156146,0.13704476598727697,0.1370447660163455,0.13704476607430696,0.1370447660163455,0.13704476598727697,0.1370447659753993,0.13704476598727697,0.13704476600156146,0.13704476598727697,0.1370447659753993,0.136029732557228,0.1360297325654484,0.13602973257346793,0.1360297325654484,0.136029732557228,0.1360297325654484,0.13602973258150117,0.1360297326028933,0.13602973258150117,0.1360297325654484,0.13602973257346793,0.1360297326028933,0.1360297326621119,0.1360297326028933,0.13602973257346793,0.1360297325654484,0.13602973258150117,0.1360297326028933,0.13602973258150117,0.1360297325654484,0.136029732557228,0.1360297325654484,0.13602973257346793,0.1360297325654484,0.136029732557228,0.135034252035562,0.135034252040695,0.1350342520449251,0.135034252040695,0.135034252035562,0.135034252040695,0.135034252048935,0.13503425205708722,0.135034252048935,0.135034252040695,0.1350342520449251,0.13503425205708722,0.1350342520718854,0.13503425205708722,0.1350342520449251,0.135034252040695,0.135034252048935,0.13503425205708722,0.135034252048935,0.135034252040695,0.135034252035562,0.135034252040695,0.1350342520449251,0.135034252040695,0.135034252035562
0.16533248780585755,0.16533248780585755,0.16533248780585733,0.16533248780585755,0.16533248780585755,0.16533248780585755,0.16533248780585733,0.16533248780585733,0.16533248780585733,0.16533248780585755,0.16533248780585733,0.16533248780585733,0.16533248780585733,0.16533248780585733,0.16533248780585733,0.16533248780585755,0.16533248780585733,0.16533248780585733,0.16533248780585733,0.16533248780585755,0.16533248780585755,0.16533248780585755,0.16533248780585733,0.16533248780585755,0.16533248780585755,0.16375749408666554,0.1637574940866653,0.16375749408666507,0.1637574940866653,0.16375749408666554,0.1637574940866653,0.16375749408666485,0.16375749408666485,0.16375749408666485,0.1637574940866653,0.16375749408666507,0.16375749408666485,0.16375749408666462,0.16375749408666485,0.16375749408666507,0.1637574940866653,0.16375749408666485,0.16375749408666485,0.16375749408666485,0.1637574940866653,0.16375749408666554,0.1637574940866653,0.16375749408666507,0.1637574940866653,0.16375749408666554,0.1622138842993868,0.16221388429938594,0.16221388429938524,0.16221388429938594,0.1622138842993868,0.16221388429938594,0.162213884299385,0.1622138842993843,0.162213884299385,0.16221388429938594,0.16221388429938524,0.1622138842993843,0.16221388429938388,0.1622138842993843,0.16221388429938546,0.16221388429938594,0.162213884299385,0.1622138842993843,0.162213884299385,0.16221388429938594,0.1622138842993868,0.16221388429938594,0.16221388429938546,0.16221388429938594,0.1622138842993868,0.1607010674010631,0.16070106740106044,0.16070106740105866,0.16070106740106044,0.1607010674010631,0.16070106740106044,0.16070106740105755,0.16070106740105577,0.16070106740105755,0.16070106740106044,0.16070106740105866,0.16070106740105577,0.160701067401054,0.16070106740105577,0.16070106740105866,0.16070106740106044,0.16070106740105755,0.16070106740105577,0.16070106740105755,0.16070106740106044,0.1607010674010631,0.16070106740106044,0.16070106740105866,0.16070106740106044,0.1607010674010631,0.15921845176667648,0.15921845176666846,0.15921845176666324,0.15921845176666846,0.15921845176667648,0.15921845176666846,0.1592184517666595,0.15921845176665367,0.1592184517666595,0.15921845176666846,0.15921845176666324,0.15921845176665367,0.15921845176664753,0.15921845176665367,0.15921845176666324,0.15921845176666846,0.1592184517666595,0.15921845176665367,0.1592184517666595,0.15921845176666846,0.15921845176667648,0.15921845176666846,0.15921845176666324,0.15921845176666846,0.15921845176667648,0.1577654465410054,0.15776544654098068,0.1577654465409649,0.15776544654098068,0.1577654465410054,0.15776544654098068,0.1577654465409529,0.15776544654093436,0.1577654465409529,0.15776544654098068,0.1577654465409649,0.15776544654093436,0.15776544654091365,0.15776544654093436,0.1577654465409649,0.15776544654098068,0.1577654465409529,0.15776544654093436,0.1577654465409529,0.15776544654098068,0.1577654465410054,0.15776544654098068,0.1577654465409649,0.15776544654098068,0.1577654465410054,0.15634146285296227,0.1563414628528899,0.15634146285284162,0.1563414628528899,0.15634146285296227,0.1563414628528899,0.15634146285280337,0.15634146285274272,0.15634146285280337,0.1563414628528899,0.15634146285284162,0.15634146285274272,0.15634146285267222,0.15634146285274272,0.15634146285284162,0.1563414628528899,0.15634146285280337,0.15634146285274272,0.15634146285280337,0.1563414628528899,0.15634146285296227,0.1563414628528899,0.15634146285284162,0.1563414628528899,0.15634146285296227,0.15494591490269763,0.1549459149024915,0.15494591490234805,0.1549459149024915,0.15494591490269763,0.1549459149024915,0.1549459149022265,0.15494591490202916,0.1549459149022265,0.1549459149024915,0.15494591490234805,0.15494591490202916,0.15494591490177953,0.15494591490202916,0.15494591490234805,0.1549459149024915,0.1549459149022265,0.15494591490202916,0.1549459149022265,0.1549459149024915,0.15494591490269763,0.1549459149024915,0.15494591490234805,0.1549459149024915,0.15494591490269763,0.1535782209312187,0.15357822093065876,0.15357822093024243,0.15357822093065876,0.1535782209312187,0.15357822093065876,0.15357822092986886,0.15357822092921108,0.15357822092986886,0.15357822093065876,0.15357822093024243,0.15357822092921108,0.15357822092825507,0.15357822092921108,0.15357822093024243,0.15357822093065876,0.15357822092986886,0.15357822092921108,0.15357822092986886,0.15357822093065876,0.1535782209312187,0.15357822093065876,0.15357822093024243,0.15357822093065876,0.1535782209312187,0.15223780408177107,0.15223780408036167,0.1522378040792031,0.15223780408036167,0.15223780408177107,0.15223780408036167,0.15223780407810805,0.15223780407587809,0.15223780407810805,0.15223780408036167,0.1522378040792031,0.15223780407587809,0.15223780407182025,0.15223780407587809,0.1522378040792031,0.15223780408036167,0.15223780407810805,0.15223780407587809,0.15223780407810805,0.15223780408036167,0.15223780408177107,0.15223780408036167,0.1522378040792031,0.15223780408036167,0.15223780408177107,0.15092409316172414,0.15092409315860697,0.15092409315566319,0.15092409315860697,0.15092409316172414,0.15092409315860697,0.1509240931527449,0.15092409314530955,0.1509240931527449,0.15092409315860697,0.15092409315566319,0.15092409314530955,0.15092409312584415,0.15092409314530955,0.15092409315566319,0.15092409315860697,0.1509240931527449,0.15092409314530955,0.1509240931527449,0.15092409315860697,0.15092409316172414,0.15092409315860697,0.15092409315566319,0.15092409315860697,0.15092409316172414,0.14963652331292523,0.1496365233075078,0.14963652330148472,0.1496365233075078,0.14963652331292523,0.1496365233075078,0.1496365232953219,0.14963652327371965,0.1496365232953219,0.1496365233075078,0.14963652330148472,0.14963652327371965,0.14963652316794127,0.14963652327371965,0.14963652330148472,0.1496365233075078,0.1496365232953219,0.14963652327371965,0.1496365232953219,0.1496365233075078,0.14963652331292523,0.1496365233075078,0.14963652330148472,0.1496365233075078,0.14963652331292523,0.14837453659660435,0.14837453659087468,0.1483745365847536,0.14837453659087468,0.14837453659660435,0.14837453659087468,0.14837453657851726,0.14837453655840357,0.14837453657851726,0.14837453659087468,0.1483745365847536,0.14837453655840357,0.14837453647258378,0.14837453655840357,0.1483745365847536,0.14837453659087468,0.14837453657851726,0.14837453655840357,0.14837453657851726,0.14837453659087468,0.14837453659660435,0.14837453659087468,0.1483745365847536,0.14837453659087468,0.14837453659660435,0.14713758249638637,0.14713758249167055,0.14713758248685135,0.14713758249167055,0.14713758249638637,0.14713758249167055,0.14713758248198897,0.14713758246722605,0.14713758248198897,0.14713758249167055,0.14713758248685135,0.14713758246722605,0.14713758240820837,0.14713758246722605,0.14713758248685135,0.14713758249167055,0.14713758248198897,0.14713758246722605,0.14713758248198897,0.14713758249167055,0.14713758249638637,0.14713758249167055,0.14713758248685135,0.14713758249167055,0.14713758249638637,0.14592511835743163,0.14592511835410574,0.14592511835081243,0.14592511835410574,0.14592511835743163,0.14592511835410574,0.14592511834752112,0.14592511833786523,0.14592511834752112,0.14592511835410574,0.14592511835081243,0.14592511833786523,0.1459251183004073,0.14592511833786523,0.14592511835081243,0.14592511835410574,0.14592511834752112,0.14592511833786523,0.14592511834752112,0.14592511835410574,0.14592511835743163,0.14592511835410574,0.14592511835081243,0.14592511835410574,0.14592511835743163,0.14473660976181354,0.14473660975979138,0.14473660975784483,0.14473660975979138,0.14473660976181354,0.14473660975979138,0.1447366097559178,0.14473660975044075,0.1447366097559178,0.14473660975979138,0.14473660975784483,0.14473660975044075,0.14473660972988106,0.14473660975044075,0.14473660975784483,0.14473660975979138,0.1447366097559178,0.14473660975044075,0.1447366097559178,0.14473660975979138,0.14473660976181354,0.14473660975979138,0.14473660975784483,0.14473660975979138,0.14473660976181354,0.14357153084423507,0.14357153084327787,0.1435715308423975,0.14357153084327787,0.14357153084423507,0.14357153084327787,0.14357153084153731,0.14357153083926852,0.14357153084153731,0.14357153084327787,0.1435715308423975,0.14357153083926852,0.14357153083160418,0.14357153083926852,0.1435715308423975,0.14357153084327787,0.14357153084153731,0.14357153083926852,0.14357153084153731,0.14357153084327787,0.14357153084423507,0.14357153084327787,0.1435715308423975,0.14357153084327787,0.14357153084423507,0.14242936455371868,0.1424293645535813,0.14242936455347527,0.1424293645535813,0.14242936455371868,0.1424293645535813,0.1424293645533731,0.1424293645532488,0.1424293645533731,0.1424293645535813,0.14242936455347527,0.1424293645532488,0.1424293645536967,0.1424293645532488,0.14242936455347527,0.1424293645535813,0.1424293645533731,0.1424293645532488,0.1424293645533731,0.1424293645535813,0.14242936455371868,0.1424293645535813,0.14242936455347527,0.1424293645535813,0.14242936455371868,0.14130960286650696,0.1413096028670982,0.14130960286760855,0.1413096028670982,0.14130960286650696,0.1413096028670982,0.14130960286808614,0.14130960286935598,0.14130960286808614,0.1413096028670982,0.14130960286760855,0.14130960286935598,0.14130960287412253,0.14130960286935598,0.14130960286760855,0.1413096028670982,0.14130960286808614,0.14130960286935598,0.14130960286808614,0.1413096028670982,0.14130960286650696,0.1413096028670982,0.14130960286760855,0.1413096028670982,0.14130960286650696,0.14021174695465874,0.1402117469562724,0.14021174695759434,0.1402117469562724,0.14021174695465874,0.1402117469562724,0.14021174695882743,0.14021174696158487,0.14021174695882743,0.1402117469562724,0.14021174695759434,0.14021174696158487,0.14021174696960428,0.14021174696158487,0.14021174695759434,0.1402117469562724,0.14021174695882743,0.14021174696158487,0.14021174695882743,0.1402117469562724,0.14021174695465874,0.1402117469562724,0.14021174695759434,0.1402117469562724,0.14021174695465874,0.13913530731438487,0.1391353073180306,0.1391353073211214,0.1391353073180306,0.13913530731438487,0.1391353073180306,0.13913530732409296,0.1391353073303227,0.13913530732409296,0.1391353073180306,0.1391353073211214,0.1391353073303227,0.13913530734231044,0.1391353073303227,0.1391353073211214,0.1391353073180306,0.13913530732409296,0.1391353073303227,0.13913530732409296,0.1391353073180306,0.13913530731438487,0.1391353073180306,0.1391353073211214,0.1391353073180306,0.13913530731438487,0.1380798038577708,0.1380798038653182,0.1380798038727701,0.1380798038653182,0.1380798038577708,0.1380798038653182,0.1380798038802755,0.13807980390035646,0.1380798038802755,0.1380798038653182,0.1380798038727701,0.13807980390035646,0.13807980395589944,0.13807980390035646,0.1380798038727701,0.1380798038653182,0.1380798038802755,0.13807980390035646,0.1380798038802755,0.1380798038653182,0.1380798038577708,0.1380798038653182,0.1380798038727701,0.1380798038653182,0.1380798038577708,0.13704476597181858,0.1370447659835608,0.13704476599768078,0.1370447659835608,0.13704476597181858,0.1370447659835608,0.1370447660122942,0.13704476606958185,0.1370447660122942,0.1370447659835608,0.13704476599768078,0.13704476606958185,0.13704476638600968,0.13704476606958185,0.13704476599768078,0.1370447659835608,0.1370447660122942,0.13704476606958185,0.1370447660122942,0.1370447659835608,0.13704476597181858,0.1370447659835608,0.13704476599768078,0.1370447659835608,0.13704476597181858,0.13602973255341058,0.13602973256153614,0.13602973256946277,0.13602973256153614,0.13602973255341058,0.13602973256153614,0.13602973257740283,0.13602973259854612,0.13602973257740283,0.13602973256153614,0.13602973256946277,0.13602973259854612,0.13602973265707408,0.13602973259854612,0.13602973256946277,0.13602973256153614,0.13602973257740283,0.13602973259854612,0.13602973257740283,0.13602973256153614,0.13602973255341058,0.13602973256153614,0.13602973256946277,0.13602973256153614,0.13602973255341058,0.13503425203169853,0.13503425203677213,0.13503425204095323,0.13503425203677213,0.13503425203169853,0.13503425203677213,0.13503425204491634,0.13503425205297379,0.13503425204491634,0.13503425203677213,0.13503425204095323,0.13503425205297379,0.13503425206759959,0.13503425205297379,0.13503425204095323,0.13503425203677213,0.13503425204491634,0.13503425205297379,0.13503425204491634,0.13503425203677213,0.13503425203169853,0.13503425203677213,0.13503425204095323,0.13503425203677213,0.13503425203169853
0.16533248780743062,0.16533248780743062,0.1653324878074304,0.16533248780743062,0.16533248780743062,0.16533248780743062,0.1653324878074304,0.1653324878074304,0.1653324878074304,0.16533248780743062,0.1653324878074304,0.1653324878074304,0.16533248780743018,0.1653324878074304,0.1653324878074304,0.16533248780743062,0.1653324878074304,0.1653324878074304,0.1653324878074304,0.16533248780743062,0.16533248780743062,0.16533248780743062,0.1653324878074304,0.16533248780743062,0.16533248780743062,0.16375749408820706,0.16375749408820683,0.1637574940882066,0.16375749408820683,0.16375749408820706,0.16375749408820683,0.1637574940882066,0.1637574940882064,0.1637574940882066,0.16375749408820683,0.1637574940882066,0.1637574940882064,0.16375749408820614,0.1637574940882064,0.1637574940882066,0.16375749408820683,0.1637574940882066,0.1637574940882064,0.1637574940882066,0.16375749408820683,0.16375749408820706,0.16375749408820683,0.1637574940882066,0.16375749408820683,0.16375749408820706,0.1622138843008974,0.16221388430089648,0.16221388430089578,0.16221388430089648,0.1622138843008974,0.16221388430089648,0.1622138843008956,0.1622138843008949,0.1622138843008956,0.16221388430089648,0.16221388430089578,0.1622138843008949,0.16221388430089445,0.1622138843008949,0.16221388430089578,0.16221388430089648,0.1622138843008956,0.1622138843008949,0.1622138843008956,0.16221388430089648,0.1622138843008974,0.16221388430089648,0.16221388430089578,0.16221388430089648,0.1622138843008974,0.16070106740254309,0.16070106740254042,0.16070106740253864,0.16070106740254042,0.16070106740254309,0.16070106740254042,0.16070106740253756,0.16070106740253576,0.16070106740253756,0.16070106740254042,0.16070106740253864,0.16070106740253576,0.16070106740253376,0.16070106740253576,0.16070106740253864,0.16070106740254042,0.16070106740253756,0.16070106740253576,0.16070106740253756,0.16070106740254042,0.16070106740254309,0.16070106740254042,0.16070106740253864,0.16070106740254042,0.16070106740254309,0.15921845176812627,0.15921845176811822,0.159218451768113,0.15921845176811822,0.15921845176812627,0.15921845176811822,0.1592184517681093,0.15921845176810343,0.1592184517681093,0.15921845176811822,0.159218451768113,0.15921845176810343,0.15921845176809732,0.15921845176810343,0.159218451768113,0.15921845176811822,0.1592184517681093,0.15921845176810343,0.1592184517681093,0.15921845176811822,0.15921845176812627,0.15921845176811822,0.159218451768113,0.15921845176811822,0.15921845176812627,0.15776544654242536,0.15776544654240082,0.1577654465423848,0.15776544654240082,0.15776544654242536,0.15776544654240082,0.1577654465423731,0.15776544654235453,0.1577654465423731,0.15776544654240082,0.1577654465423848,0.15776544654235453,0.15776544654233385,0.15776544654235453,0.1577654465423848,0.15776544654240082,0.1577654465423731,0.15776544654235453,0.1577654465423731,0.15776544654240082,0.15776544654242536,0.15776544654240082,0.1577654465423848,0.15776544654240082,0.15776544654242536,0.15634146285435283,0.1563414628542807,0.1563414628542326,0.1563414628542807,0.15634146285435283,0.1563414628542807,0.1563414628541943,0.1563414628541339,0.1563414628541943,0.1563414628542807,0.1563414628542326,0.1563414628541339,0.15634146285406364,0.1563414628541339,0.1563414628542326,0.1563414628542807,0.1563414628541943,0.1563414628541339,0.1563414628541943,0.1563414628542807,0.15634146285435283,0.1563414628542807,0.1563414628542326,0.1563414628542807,0.15634146285435283,0.1549459149040586,0.15494591490385307,0.1549459149037102,0.15494591490385307,0.1549459149040586,0.15494591490385307,0.1549459149035889,0.15494591490339216,0.1549459149035889,0.15494591490385307,0.1549459149037102,0.15494591490339216,0.15494591490314316,0.15494591490339216,0.1549459149037102,0.15494591490385307,0.1549459149035889,0.15494591490339216,0.1549459149035889,0.15494591490385307,0.1549459149040586,0.15494591490385307,0.1549459149037102,0.15494591490385307,0.1549459149040586,0.15357822093254928,0.15357822093199117,0.153578220931576,0.15357822093199117,0.15357822093254928,0.15357822093199117,0.15357822093120366,0.1535782209305479,0.15357822093120366,0.15357822093199117,0.153578220931576,0.1535782209305479,0.1535782209295947,0.1535782209305479,0.153578220931576,0.15357822093199117,0.15357822093120366,0.1535782209305479,0.15357822093120366,0.15357822093199117,0.15357822093254928,0.15357822093199117,0.153578220931576,0.15357822093199117,0.15357822093254928,0.15223780408306803,0.15223780408166318,0.15223780408050833,0.15223780408166318,0.15223780408306803,0.15223780408166318,0.15223780407941667,0.15223780407719334,0.15223780407941667,0.15223780408166318,0.15223780408050833,0.15223780407719334,0.15223780407314752,0.15223780407719334,0.15223780408050833,0.15223780408166318,0.15223780407941667,0.15223780407719334,0.15223780407941667,0.15223780408166318,0.15223780408306803,0.15223780408166318,0.15223780408050833,0.15223780408166318,0.15223780408306803,0.15092409316297853,0.15092409315987157,0.15092409315693725,0.15092409315987157,0.15092409316297853,0.15092409315987157,0.150924093154028,0.15092409314661523,0.150924093154028,0.15092409315987157,0.15092409315693725,0.15092409314661523,0.15092409312720653,0.15092409314661523,0.15092409315693725,0.15092409315987157,0.150924093154028,0.15092409314661523,0.150924093154028,0.15092409315987157,0.15092409316297853,0.15092409315987157,0.15092409315693725,0.15092409315987157,0.15092409316297853,0.1496365233141161,0.14963652330871774,0.1496365233027147,0.14963652330871774,0.1496365233141161,0.14963652330871774,0.14963652329657212,0.14963652327503624,0.14963652329657212,0.14963652330871774,0.1496365233027147,0.14963652327503624,0.14963652316952844,0.14963652327503624,0.1496365233027147,0.14963652330871774,0.14963652329657212,0.14963652327503624,0.14963652329657212,0.14963652330871774,0.1496365233141161,0.14963652330871774,0.1496365233027147,0.14963652330871774,0.1496365233141161,0.14837453659769184,0.1483745365919874,0.1483745365858917,0.1483745365919874,0.14837453659769184,0.1483745365919874,0.14837453657968094,0.1483745365596453,0.14837453657968094,0.1483745365919874,0.1483745365858917,0.1483745365596453,0.14837453647413762,0.1483745365596453,0.1483745365858917,0.1483745365919874,0.14837453657968094,0.1483745365596453,0.14837453657968094,0.1483745365919874,0.14837453659769184,0.1483745365919874,0.1483745365858917,0.1483745365919874,0.14837453659769184,0.14713758249731754,0.1471375824926319,0.14713758248784284,0.1471375824926319,0.14713758249731754,0.1471375824926319,0.1471375824830104,0.1471375824683367,0.1471375824830104,0.1471375824926319,0.14713758248784284,0.1471375824683367,0.14713758240967129,0.1471375824683367,0.14713758248784284,0.1471375824926319,0.1471375824830104,0.1471375824683367,0.1471375824830104,0.1471375824926319,0.14713758249731754,0.1471375824926319,0.14713758248784284,0.1471375824926319,0.14713758249731754,0.1459251183581423,0.14592511835485236,0.14592511835159505,0.14592511835485236,0.1459251183581423,0.14592511835485236,0.14592511834833952,0.14592511833879132,0.14592511834833952,0.14592511835485236,0.14592511835159505,0.14592511833879132,0.14592511830179655,0.14592511833879132,0.14592511835159505,0.14592511835485236,0.14592511834833952,0.14592511833879132,0.14592511834833952,0.14592511835485236,0.1459251183581423,0.14592511835485236,0.14592511835159505,0.14592511835485236,0.1459251183581423,0.14473660976222757,0.14473660976024644,0.14473660975834177,0.14473660976024644,0.14473660976222757,0.14473660976024644,0.14473660975645677,0.14473660975110947,0.14473660975645677,0.14473660976024644,0.14473660975834177,0.14473660975110947,0.14473660973108599,0.14473660975110947,0.14473660975834177,0.14473660976024644,0.14473660975645677,0.14473660975110947,0.14473660975645677,0.14473660976024644,0.14473660976222757,0.14473660976024644,0.14473660975834177,0.14473660976024644,0.14473660976222757,0.14357153084426347,0.14357153084334992,0.14357153084251437,0.14357153084334992,0.14357153084426347,0.14357153084334992,0.14357153084169935,0.14357153083956933,0.14357153084169935,0.14357153084334992,0.14357153084251437,0.14357153083956933,0.14357153083246166,0.14357153083956933,0.14357153084251437,0.14357153084334992,0.14357153084169935,0.14357153083956933,0.14357153084169935,0.14357153084334992,0.14357153084426347,0.14357153084334992,0.14357153084251437,0.14357153084334992,0.14357153084426347,0.14242936455326644,0.14242936455317148,0.1424293645531094,0.14242936455317148,0.14242936455326644,0.14242936455317148,0.14242936455305205,0.14242936455306565,0.14242936455305205,0.14242936455317148,0.1424293645531094,0.14242936455306565,0.1424293645540562,0.14242936455306565,0.1424293645531094,0.14242936455317148,0.14242936455305205,0.14242936455306565,0.14242936455305205,0.14242936455317148,0.14242936455326644,0.14242936455317148,0.1424293645531094,0.14242936455317148,0.14242936455326644,0.14130960286548003,0.14130960286610664,0.14130960286665628,0.14130960286610664,0.14130960286548003,0.14130960286610664,0.141309602867174,0.14130960286857658,0.141309602867174,0.14130960286610664,0.14130960286665628,0.14130960286857658,0.14130960287393868,0.14130960286857658,0.14130960286665628,0.14130960286610664,0.141309602867174,0.14130960286857658,0.141309602867174,0.14130960286610664,0.14130960286548003,0.14130960286610664,0.14130960286665628,0.14130960286610664,0.14130960286548003,0.1402117469529759,0.14021174695460567,0.1402117469559494,0.14021174695460567,0.1402117469529759,0.14021174695460567,0.14021174695720603,0.14021174696005748,0.14021174695720603,0.14021174695460567,0.1402117469559494,0.14021174696005748,0.14021174696853406,0.14021174696005748,0.1402117469559494,0.14021174695460567,0.14021174695720603,0.14021174696005748,0.14021174695720603,0.14021174695460567,0.1402117469529759,0.14021174695460567,0.1402117469559494,0.14021174695460567,0.1402117469529759,0.13913530731200402,0.1391353073156262,0.13913530731869847,0.1391353073156262,0.13913530731200402,0.1391353073156262,0.1391353073216525,0.13913530732785126,0.1391353073216525,0.1391353073156262,0.13913530731869847,0.13913530732785126,0.13913530733980406,0.13913530732785126,0.13913530731869847,0.1391353073156262,0.1391353073216525,0.13913530732785126,0.1391353073216525,0.1391353073156262,0.13913530731200402,0.1391353073156262,0.13913530731869847,0.1391353073156262,0.13913530731200402,0.1380798038547306,0.13807980386219798,0.13807980386956928,0.13807980386219798,0.1380798038547306,0.13807980386219798,0.13807980387699315,0.13807980389685082,0.13807980387699315,0.13807980386219798,0.13807980386956928,0.13807980389685082,0.13807980395176417,0.13807980389685082,0.13807980386956928,0.13807980386219798,0.13807980387699315,0.13807980389685082,0.13807980387699315,0.13807980386219798,0.1380798038547306,0.13807980386219798,0.13807980386956928,0.13807980386219798,0.1380798038547306,0.13704476596827442,0.13704476597988235,0.13704476599383902,0.13704476597988235,0.13704476596827442,0.13704476597988235,0.1370447660082831,0.13704476606490235,0.1370447660082831,0.13704476597988235,0.13704476599383902,0.13704476606490235,0.13704476637760765,0.13704476606490235,0.13704476599383902,0.13704476597988235,0.1370447660082831,0.13704476606490235,0.1370447660082831,0.13704476597988235,0.13704476596827442,0.13704476597988235,0.13704476599383902,0.13704476597988235,0.13704476596827442,0.1360297325496318,0.13602973255766324,0.13602973256549772,0.13602973255766324,0.1360297325496318,0.13602973255766324,0.13602973257334536,0.13602973259424173,0.13602973257334536,0.13602973255766324,0.13602973256549772,0.13602973259424173,0.13602973265208454,0.13602973259424173,0.13602973256549772,0.13602973255766324,0.13602973257334536,0.13602973259424173,0.13602973257334536,0.13602973255766324,0.1360297325496318,0.13602973255766324,0.13602973256549772,0.13602973255766324,0.1360297325496318,0.1350342520278741,0.13503425203288874,0.1350342520370212,0.13503425203288874,0.1350342520278741,0.13503425203288874,0.13503425204093816,0.13503425204890146,0.13503425204093816,0.13503425203288874,0.1350342520370212,0.13503425204890146,0.13503425206335617,0.13503425204890146,0.1350342520370212,0.13503425203288874,0.13503425204093816,0.13503425204890146,0.13503425204093816,0.13503425203288874,0.1350342520278741,0.13503425203288874,0.1350342520370212,0.13503425203288874,0.1350342520278741
0.16533248780898885,0.16533248780898863,0.16533248780898863,0.16533248780898863,0.16533248780898885,0.16533248780898863,0.16533248780898863,0.1653324878089884,0.16533248780898863,0.16533248780898863,0.16533248780898863,0.1653324878089884,0.1653324878089884,0.1653324878089884,0.16533248780898863,0.16533248780898863,0.16533248780898863,0.1653324878089884,0.16533248780898863,0.16533248780898863,0.16533248780898885,0.16533248780898863,0.16533248780898863,0.16533248780898863,0.16533248780898885,0.16375749408973403,0.1637574940897338,0.16375749408973356,0.1637574940897338,0.16375749408973403,0.1637574940897338,0.16375749408973356,0.16375749408973334,0.16375749408973356,0.1637574940897338,0.16375749408973356,0.16375749408973334,0.16375749408973309,0.16375749408973334,0.16375749408973356,0.1637574940897338,0.16375749408973356,0.16375749408973334,0.16375749408973334,0.1637574940897338,0.16375749408973403,0.1637574940897338,0.16375749408973356,0.1637574940897338,0.16375749408973403,0.16221388430239367,0.16221388430239278,0.1622138843023921,0.16221388430239278,0.16221388430239367,0.16221388430239278,0.16221388430239186,0.1622138843023912,0.16221388430239186,0.16221388430239278,0.1622138843023921,0.1622138843023912,0.16221388430239075,0.1622138843023912,0.1622138843023921,0.16221388430239278,0.16221388430239186,0.1622138843023912,0.16221388430239186,0.16221388430239278,0.16221388430239367,0.16221388430239278,0.1622138843023921,0.16221388430239278,0.16221388430239367,0.16070106740400908,0.16070106740400641,0.16070106740400486,0.16070106740400641,0.16070106740400908,0.16070106740400641,0.16070106740400375,0.16070106740400178,0.16070106740400375,0.16070106740400641,0.16070106740400486,0.16070106740400178,0.16070106740399998,0.16070106740400178,0.16070106740400486,0.16070106740400641,0.16070106740400375,0.16070106740400178,0.16070106740400375,0.16070106740400641,0.16070106740400908,0.16070106740400641,0.16070106740400486,0.16070106740400641,0.16070106740400908,0.1592184517695628,0.15921845176955451,0.1592184517695493,0.15921845176955451,0.1592184517695628,0.15921845176955451,0.15921845176954558,0.15921845176953991,0.15921845176954558,0.15921845176955451,0.1592184517695493,0.15921845176953991,0.1592184517695338,0.15921845176953991,0.1592184517695493,0.15921845176955451,0.15921845176954558,0.15921845176953991,0.15921845176954558,0.15921845176955451,0.1592184517695628,0.15921845176955451,0.1592184517695493,0.15921845176955451,0.1592184517695628,0.15776544654383232,0.157765446543808,0.157765446543792,0.157765446543808,0.15776544654383232,0.157765446543808,0.15776544654378027,0.15776544654376168,0.15776544654378027,0.157765446543808,0.157765446543792,0.15776544654376168,0.1577654465437412,0.15776544654376168,0.157765446543792,0.157765446543808,0.15776544654378027,0.15776544654376168,0.15776544654378027,0.157765446543808,0.15776544654383232,0.157765446543808,0.157765446543792,0.157765446543808,0.15776544654383232,0.15634146285573086,0.15634146285565892,0.15634146285561082,0.15634146285565892,0.15634146285573086,0.15634146285565892,0.15634146285557277,0.15634146285551254,0.15634146285557277,0.15634146285565892,0.15634146285561082,0.15634146285551254,0.15634146285544248,0.15634146285551254,0.15634146285561082,0.15634146285565892,0.15634146285557277,0.15634146285551254,0.15634146285557277,0.15634146285565892,0.15634146285573086,0.15634146285565892,0.15634146285561082,0.15634146285565892,0.15634146285573086,0.15494591490540766,0.15494591490520274,0.15494591490506032,0.15494591490520274,0.15494591490540766,0.15494591490520274,0.15494591490493942,0.15494591490474327,0.15494591490493942,0.15494591490520274,0.15494591490506032,0.15494591490474327,0.1549459149044951,0.15494591490474327,0.15494591490506032,0.15494591490520274,0.15494591490493942,0.15494591490474327,0.15494591490493942,0.15494591490520274,0.15494591490540766,0.15494591490520274,0.15494591490506032,0.15494591490520274,0.15494591490540766,0.15357822093386841,0.15357822093331208,0.15357822093289816,0.15357822093331208,0.15357822093386841,0.15357822093331208,0.15357822093252702,0.15357822093187307,0.15357822093252702,0.15357822093331208,0.15357822093289816,0.15357822093187307,0.15357822093092288,0.15357822093187307,0.15357822093289816,0.15357822093331208,0.15357822093252702,0.15357822093187307,0.15357822093252702,0.15357822093331208,0.15357822093386841,0.15357822093331208,0.15357822093289816,0.15357822093331208,0.15357822093386841,0.1522378040843542,0.15223780408295387,0.15223780408180235,0.15223780408295387,0.1522378040843542,0.15223780408295387,0.15223780408071425,0.15223780407849763,0.15223780408071425,0.15223780408295387,0.15223780408180235,0.15223780407849763,0.1522378040744636,0.15223780407849763,0.15223780408180235,0.15223780408295387,0.15223780408071425,0.15223780407849763,0.15223780408071425,0.15223780408295387,0.1522378040843542,0.15223780408295387,0.15223780408180235,0.15223780408295387,0.1522378040843542,0.15092409316422267,0.15092409316112593,0.15092409315820107,0.15092409316112593,0.15092409316422267,0.15092409316112593,0.15092409315530073,0.15092409314791033,0.15092409315530073,0.15092409316112593,0.15092409315820107,0.15092409314791033,0.15092409312855795,0.15092409314791033,0.15092409315820107,0.15092409316112593,0.15092409315530073,0.15092409314791033,0.15092409315530073,0.15092409316112593,0.15092409316422267,0.15092409316112593,0.15092409315820107,0.15092409316112593,0.15092409316422267,0.1496365233152973,0.14963652330991806,0.14963652330393504,0.14963652330991806,0.1496365233152973,0.14963652330991806,0.14963652329781232,0.14963652327634244,0.14963652329781232,0.14963652330991806,0.14963652330393504,0.14963652327634244,0.14963652317117268,0.14963652327634244,0.14963652330393504,0.14963652330991806,0.14963652329781232,0.14963652327634244,0.14963652329781232,0.14963652330991806,0.1496365233152973,0.14963652330991806,0.14963652330393504,0.14963652330991806,0.1496365233152973,0.14837453659877084,0.1483745365930914,0.14837453658702113,0.1483745365930914,0.14837453659877084,0.1483745365930914,0.14837453658083574,0.14837453656087737,0.14837453658083574,0.1483745365930914,0.14837453658702113,0.14837453656087737,0.14837453647568455,0.14837453656087737,0.14837453658702113,0.1483745365930914,0.14837453658083574,0.14837453656087737,0.14837453658083574,0.1483745365930914,0.14837453659877084,0.1483745365930914,0.14837453658702113,0.1483745365930914,0.14837453659877084,0.14713758249824163,0.14713758249358613,0.14713758248882688,0.14713758249358613,0.14713758249824163,0.14713758249358613,0.14713758248402442,0.14713758246943898,0.14713758248402442,0.14713758249358613,0.14713758248882688,0.14713758246943898,0.14713758241111927,0.14713758246943898,0.14713758248882688,0.14713758249358613,0.14713758248402442,0.14713758246943898,0.14713758248402442,0.14713758249358613,0.14713758249824163,0.14713758249358613,0.14713758248882688,0.14713758249358613,0.14713758249824163,0.1459251183588483,0.14592511835559363,0.14592511835237193,0.14592511835559363,0.1459251183588483,0.14592511835559363,0.14592511834915217,0.14592511833971086,0.14592511834915217,0.14592511835559363,0.14592511835237193,0.14592511833971086,0.14592511830309715,0.14592511833971086,0.14592511835237193,0.14592511835559363,0.14592511834915217,0.14592511833971086,0.14592511834915217,0.14592511835559363,0.1459251183588483,0.14592511835559363,0.14592511835237193,0.14592511835559363,0.1459251183588483,0.1447366097626392,0.14473660976069888,0.14473660975883557,0.14473660976069888,0.1447366097626392,0.14473660976069888,0.14473660975699248,0.14473660975177396,0.14473660975699248,0.14473660976069888,0.14473660975883557,0.14473660975177396,0.14473660973227362,0.14473660975177396,0.14473660975883557,0.14473660976069888,0.14473660975699248,0.14473660975177396,0.14473660975699248,0.14473660976069888,0.1447366097626392,0.14473660976069888,0.14473660975883557,0.14473660976069888,0.1447366097626392,0.14357153084429292,0.14357153084342278,0.14357153084263158,0.14357153084342278,0.14357153084429292,0.14357153084342278,0.1435715308418614,0.1435715308398693,0.1435715308418614,0.14357153084342278,0.14357153084263158,0.1435715308398693,0.14357153083336305,0.1435715308398693,0.14357153084263158,0.14357153084342278,0.1435715308418614,0.1435715308398693,0.1435715308418614,0.14357153084342278,0.14357153084429292,0.14357153084342278,0.14357153084263158,0.14357153084342278,0.14357153084429292,0.1424293645528192,0.14242936455276636,0.14242936455274807,0.14242936455276636,0.1424293645528192,0.14242936455276636,0.142429364552735,0.14242936455288563,0.142429364552735,0.14242936455276636,0.14242936455274807,0.14242936455288563,0.14242936455443683,0.14242936455288563,0.14242936455274807,0.14242936455276636,0.142429364552735,0.14242936455288563,0.142429364552735,0.14242936455276636,0.1424293645528192,0.14242936455276636,0.14242936455274807,0.14242936455276636,0.1424293645528192,0.14130960286446265,0.14130960286512445,0.14130960286571292,0.14130960286512445,0.14130960286446265,0.14130960286512445,0.1413096028662706,0.14130960286780508,0.1413096028662706,0.14130960286512445,0.14130960286571292,0.14130960286780508,0.1413096028737469,0.14130960286780508,0.14130960286571292,0.14130960286512445,0.1413096028662706,0.14130960286780508,0.1413096028662706,0.14130960286512445,0.14130960286446265,0.14130960286512445,0.14130960286571292,0.14130960286512445,0.14130960286446265,0.1402117469513079,0.14021174695295333,0.1402117469543188,0.14021174695295333,0.1402117469513079,0.14021174695295333,0.14021174695559868,0.14021174695854283,0.14021174695559868,0.14021174695295333,0.1402117469543188,0.14021174695854283,0.14021174696750735,0.14021174695854283,0.1402117469543188,0.14021174695295333,0.14021174695559868,0.14021174695854283,0.14021174695559868,0.14021174695295333,0.1402117469513079,0.14021174695295333,0.1402117469543188,0.14021174695295333,0.1402117469513079,0.1391353073096434,0.1391353073132422,0.1391353073162958,0.1391353073132422,0.1391353073096434,0.1391353073132422,0.13913530731923243,0.1391353073254005,0.13913530731923243,0.1391353073132422,0.1391353073162958,0.1391353073254005,0.13913530733731788,0.1391353073254005,0.1391353073162958,0.1391353073132422,0.13913530731923243,0.1391353073254005,0.13913530731923243,0.1391353073132422,0.1391353073096434,0.1391353073132422,0.1391353073162958,0.1391353073132422,0.1391353073096434,0.13807980385171578,0.13807980385910384,0.13807980386639512,0.13807980385910384,0.13807980385171578,0.13807980385910384,0.13807980387373786,0.13807980389337432,0.13807980387373786,0.13807980385910384,0.13807980386639512,0.13807980389337432,0.13807980394766284,0.13807980389337432,0.13807980386639512,0.13807980385910384,0.13807980387373786,0.13807980389337432,0.13807980387373786,0.13807980385910384,0.13807980385171578,0.13807980385910384,0.13807980386639512,0.13807980385910384,0.13807980385171578,0.13704476596475984,0.13704476597623447,0.13704476599002918,0.13704476597623447,0.13704476596475984,0.13704476597623447,0.13704476600430546,0.13704476606026134,0.13704476600430546,0.13704476597623447,0.13704476599002918,0.13704476606026134,0.13704476636927204,0.13704476606026134,0.13704476599002918,0.13704476597623447,0.13704476600430546,0.13704476606026134,0.13704476600430546,0.13704476597623447,0.13704476596475984,0.13704476597623447,0.13704476599002918,0.13704476597623447,0.13704476596475984,0.13602973254588444,0.13602973255382256,0.1360297325615658,0.1360297325538227,0.13602973254588444,0.13602973255382256,0.13602973256932172,0.13602973258997308,0.13602973256932172,0.1360297325538227,0.1360297325615658,0.13602973258997308,0.13602973264713614,0.13602973258997308,0.1360297325615658,0.1360297325538227,0.13602973256932172,0.13602973258997308,0.13602973256932172,0.1360297325538227,0.13602973254588444,0.1360297325538227,0.1360297325615658,0.1360297325538227,0.13602973254588444,0.13503425202408165,0.13503425202903785,0.13503425203312186,0.13503425202903785,0.13503425202408165,0.13503425202903785,0.1350342520369931,0.1350342520448631,0.1350342520369931,0.13503425202903785,0.13503425203312186,0.1350342520448631,0.13503425205914815,0.1350342520448631,0.135034252033122,0.13503425202903785,0.1350342520369931,0.1350342520448631,0.1350342520369931,0.13503425202903785,0.13503425202408165,0.13503425202903785,0.135034252033122,0.13503425202903785,0.13503425202408165
0.16533248781053436,0.1653324878105341,0.1653324878105341,0.1653324878105341,0.16533248781053436,0.1653324878105341,0.1653324878105341,0.1653324878105341,0.1653324878105341,0.1653324878105341,0.1653324878105341,0.1653324878105341,0.16533248781053386,0.1653324878105341,0.1653324878105341,0.1653324878105341,0.1653324878105341,0.1653324878105341,0.1653324878105341,0.16533248781053436,0.16533248781053436,0.1653324878105341,0.1653324878105341,0.16533248781053436,0.16533248781053436,0.16375749409124876,0.1637574940912485,0.16375749409124826,0.1637574940912485,0.16375749409124876,0.1637574940912485,0.16375749409124804,0.16375749409124804,0.16375749409124826,0.1637574940912485,0.16375749409124826,0.16375749409124804,0.16375749409124782,0.16375749409124804,0.16375749409124826,0.1637574940912485,0.16375749409124826,0.16375749409124804,0.16375749409124804,0.1637574940912485,0.16375749409124876,0.1637574940912485,0.16375749409124826,0.1637574940912485,0.16375749409124876,0.16221388430387798,0.16221388430387707,0.16221388430387637,0.16221388430387707,0.16221388430387798,0.16221388430387707,0.16221388430387615,0.16221388430387546,0.16221388430387615,0.16221388430387707,0.16221388430387637,0.16221388430387546,0.16221388430387504,0.16221388430387546,0.16221388430387637,0.16221388430387707,0.16221388430387615,0.16221388430387546,0.16221388430387615,0.16221388430387707,0.16221388430387798,0.16221388430387707,0.16221388430387637,0.16221388430387707,0.16221388430387798,0.16070106740546353,0.16070106740546083,0.16070106740545928,0.16070106740546083,0.16070106740546353,0.16070106740546083,0.16070106740545795,0.16070106740545617,0.16070106740545795,0.16070106740546083,0.16070106740545928,0.16070106740545617,0.16070106740545442,0.16070106740545617,0.16070106740545928,0.16070106740546083,0.16070106740545795,0.16070106740545617,0.16070106740545795,0.16070106740546083,0.16070106740546353,0.16070106740546083,0.16070106740545928,0.16070106740546083,0.16070106740546353,0.1592184517709875,0.15921845177097946,0.15921845177097424,0.15921845177097946,0.1592184517709875,0.15921845177097946,0.15921845177097074,0.15921845177096489,0.15921845177097074,0.15921845177097946,0.15921845177097424,0.15921845177096489,0.15921845177095878,0.15921845177096489,0.15921845177097424,0.15921845177097946,0.15921845177097074,0.15921845177096489,0.15921845177097074,0.15921845177097946,0.1592184517709875,0.15921845177097946,0.15921845177097424,0.15921845177097946,0.1592184517709875,0.15776544654522817,0.15776544654520386,0.15776544654518806,0.15776544654520386,0.15776544654522817,0.15776544654520386,0.15776544654517632,0.15776544654515798,0.15776544654517632,0.15776544654520386,0.15776544654518806,0.15776544654515798,0.1577654465451375,0.15776544654515798,0.15776544654518806,0.15776544654520386,0.15776544654517632,0.15776544654515798,0.15776544654517632,0.15776544654520386,0.15776544654522817,0.15776544654520386,0.15776544654518806,0.15776544654520386,0.15776544654522817,0.15634146285709796,0.15634146285702627,0.15634146285697859,0.15634146285702627,0.15634146285709796,0.15634146285702627,0.15634146285694053,0.1563414628568805,0.15634146285694053,0.15634146285702627,0.15634146285697859,0.1563414628568805,0.15634146285681066,0.1563414628568805,0.15634146285697859,0.15634146285702627,0.15634146285694053,0.1563414628568805,0.15634146285694053,0.15634146285702627,0.15634146285709796,0.15634146285702627,0.15634146285697859,0.15634146285702627,0.15634146285709796,0.15494591490674628,0.15494591490654197,0.15494591490639995,0.15494591490654197,0.15494591490674628,0.15494591490654197,0.1549459149062792,0.15494591490608373,0.1549459149062792,0.15494591490654197,0.15494591490639995,0.15494591490608373,0.15494591490583637,0.15494591490608373,0.15494591490639995,0.15494591490654197,0.1549459149062792,0.15494591490608373,0.1549459149062792,0.15494591490654197,0.15494591490674628,0.15494591490654197,0.15494591490639995,0.15494591490654197,0.15494591490674628,0.15357822093517753,0.15357822093462278,0.15357822093421025,0.15357822093462278,0.15357822093517753,0.15357822093462278,0.15357822093384013,0.15357822093318818,0.15357822093384013,0.15357822093462278,0.15357822093421025,0.15357822093318818,0.15357822093224077,0.15357822093318818,0.15357822093421025,0.15357822093462278,0.15357822093384013,0.15357822093318818,0.15357822093384013,0.15357822093462278,0.15357822093517753,0.15357822093462278,0.15357822093421025,0.15357822093462278,0.15357822093517753,0.15223780408563048,0.15223780408423468,0.15223780408308674,0.15223780408423468,0.15223780408563048,0.15223780408423468,0.15223780408200194,0.15223780407979204,0.15223780408200194,0.15223780408423468,0.15223780408308674,0.15223780407979204,0.1522378040757698,0.15223780407979204,0.15223780408308674,0.15223780408423468,0.15223780408200194,0.15223780407979204,0.15223780408200194,0.15223780408423468,0.15223780408563048,0.15223780408423468,0.15223780408308674,0.15223780408423468,0.15223780408563048,0.15092409316545738,0.15092409316237085,0.15092409315945524,0.15092409316237085,0.15092409316545738,0.15092409316237085,0.15092409315656394,0.15092409314919594,0.15092409315656394,0.15092409316237085,0.15092409315945524,0.15092409314919594,0.15092409312989952,0.15092409314919594,0.15092409315945524,0.15092409316237085,0.15092409315656394,0.15092409314919594,0.15092409315656394,0.15092409316237085,0.15092409316545738,0.15092409316237085,0.15092409315945524,0.15092409316237085,0.15092409316545738,0.14963652331646982,0.14963652331110947,0.14963652330514632,0.14963652331110947,0.14963652331646982,0.14963652331110947,0.14963652329904364,0.149636523277639,0.14963652329904364,0.14963652331110947,0.14963652330514632,0.149636523277639,0.14963652317276024,0.149636523277639,0.14963652330514632,0.14963652331110947,0.14963652329904364,0.149636523277639,0.14963652329904364,0.14963652331110947,0.14963652331646982,0.14963652331110947,0.14963652330514632,0.14963652331110947,0.14963652331646982,0.14837453659984187,0.14837453659418728,0.14837453658814218,0.14837453659418728,0.14837453659984187,0.14837453659418728,0.148374536581982,0.14837453656210053,0.148374536581982,0.14837453659418728,0.14837453658814218,0.14837453656210053,0.1483745364772376,0.14837453656210053,0.14837453658814218,0.14837453659418728,0.148374536581982,0.14837453656210053,0.148374536581982,0.14837453659418728,0.14837453659984187,0.14837453659418728,0.14837453658814218,0.14837453659418728,0.14837453659984187,0.14713758249915918,0.14713758249453326,0.14713758248980383,0.14713758249453326,0.14713758249915918,0.14713758249453326,0.14713758248503078,0.14713758247053293,0.14713758248503078,0.14713758249453326,0.14713758248980383,0.14713758247053293,0.14713758241252528,0.14713758247053293,0.14713758248980383,0.14713758249453326,0.14713758248503078,0.14713758247053293,0.14713758248503078,0.14713758249453326,0.14713758249915918,0.14713758249453326,0.14713758248980383,0.14713758249453326,0.14713758249915918,0.145925118359549,0.1459251183563296,0.1459251183531433,0.1459251183563296,0.145925118359549,0.1459251183563296,0.1459251183499588,0.1459251183406234,0.1459251183499588,0.1459251183563296,0.1459251183531433,0.1459251183406234,0.14592511830444047,0.1459251183406234,0.1459251183531433,0.1459251183563296,0.1459251183499588,0.1459251183406234,0.1459251183499588,0.1459251183563296,0.145925118359549,0.1459251183563296,0.1459251183531433,0.1459251183563296,0.145925118359549,0.144736609763048,0.144736609761148,0.14473660975932606,0.144736609761148,0.144736609763048,0.144736609761148,0.14473660975752453,0.1447366097524334,0.14473660975752453,0.144736609761148,0.14473660975932606,0.1447366097524334,0.1447366097334541,0.1447366097524334,0.14473660975932606,0.144736609761148,0.14473660975752453,0.1447366097524334,0.14473660975752453,0.144736609761148,0.144736609763048,0.144736609761148,0.14473660975932606,0.144736609761148,0.144736609763048,0.1435715308443225,0.14357153084349536,0.14357153084274824,0.14357153084349536,0.1435715308443225,0.14357153084349536,0.14357153084202257,0.14357153084016755,0.14357153084202257,0.14357153084349536,0.14357153084274824,0.14357153084016755,0.14357153083421145,0.14357153084016755,0.14357153084274824,0.14357153084349536,0.14357153084202257,0.14357153084016755,0.14357153084202257,0.14357153084349536,0.1435715308443225,0.14357153084349536,0.14357153084274824,0.14357153084349536,0.1435715308443225,0.14242936455237581,0.1424293645523646,0.14242936455238991,0.1424293645523646,0.14242936455237581,0.1424293645523646,0.14242936455242095,0.14242936455270797,0.14242936455242095,0.1424293645523646,0.14242936455238991,0.14242936455270797,0.1424293645548146,0.14242936455270797,0.14242936455238991,0.1424293645523646,0.14242936455242095,0.14242936455270797,0.14242936455242095,0.1424293645523646,0.14242936455237581,0.1424293645523646,0.14242936455238991,0.1424293645523646,0.14242936455237581,0.14130960286345332,0.14130960286415015,0.14130960286477692,0.14130960286415015,0.14130960286345332,0.14130960286415015,0.14130960286537442,0.14130960286703964,0.14130960286537442,0.14130960286415015,0.14130960286477692,0.14130960286703964,0.1413096028735382,0.14130960286703964,0.14130960286477692,0.14130960286415015,0.14130960286537442,0.14130960286703964,0.14130960286537442,0.14130960286415015,0.14130960286345332,0.14130960286415015,0.14130960286477692,0.14130960286415015,0.14130960286345332,0.14021174694965263,0.1402117469513137,0.14021174695270047,0.1402117469513137,0.14021174694965263,0.1402117469513137,0.14021174695400324,0.14021174695703897,0.14021174695400324,0.1402117469513137,0.14021174695270047,0.14021174695703897,0.14021174696647662,0.14021174695703897,0.14021174695270047,0.1402117469513137,0.14021174695400324,0.14021174695703897,0.14021174695400324,0.1402117469513137,0.14021174694965263,0.1402117469513137,0.14021174695270047,0.1402117469513137,0.14021174694965263,0.13913530730730114,0.1391353073108765,0.13913530731391163,0.1391353073108765,0.13913530730730114,0.1391353073108765,0.1391353073168307,0.13913530732296828,0.1391353073168307,0.1391353073108765,0.13913530731391163,0.13913530732296828,0.1391353073348499,0.13913530732296828,0.13913530731391163,0.1391353073108765,0.1391353073168307,0.13913530732296828,0.1391353073168307,0.1391353073108765,0.13913530730730114,0.1391353073108765,0.13913530731391163,0.1391353073108765,0.13913530730730114,0.13807980384872443,0.1380798038560337,0.1380798038632456,0.1380798038560337,0.13807980384872443,0.1380798038560337,0.13807980387050792,0.13807980388992466,0.13807980387050792,0.1380798038560337,0.1380798038632456,0.13807980388992466,0.13807980394359304,0.13807980388992466,0.1380798038632456,0.1380798038560337,0.13807980387050792,0.13807980388992466,0.13807980387050792,0.1380798038560337,0.13807980384872443,0.1380798038560337,0.1380798038632456,0.1380798038560337,0.13807980384872443,0.13704476596127266,0.13704476597261483,0.13704476598624904,0.13704476597261483,0.13704476596127266,0.13704476597261483,0.13704476600035848,0.13704476605565652,0.13704476600035848,0.13704476597261483,0.13704476598624904,0.13704476605565652,0.1370447663610347,0.13704476605565652,0.13704476598624904,0.13704476597261483,0.13704476600035848,0.13704476605565652,0.13704476600035848,0.13704476597261483,0.13704476596127266,0.13704476597261483,0.13704476598624904,0.13704476597261483,0.13704476596127266,0.13602973254216633,0.13602973255001186,0.13602973255766443,0.13602973255001186,0.13602973254216633,0.13602973255001186,0.13602973256532924,0.13602973258573772,0.13602973256532924,0.13602973255001186,0.13602973255766443,0.13602973258573772,0.1360297326422262,0.13602973258573772,0.13602973255766443,0.13602973255001186,0.13602973256532924,0.13602973258573772,0.13602973256532924,0.13602973255001202,0.13602973254216633,0.13602973255001186,0.13602973255766443,0.13602973255001202,0.13602973254216633,0.13503425202031863,0.1350342520252169,0.1350342520292531,0.1350342520252169,0.13503425202031863,0.1350342520252169,0.13503425203307873,0.13503425204085617,0.13503425203307873,0.1350342520252169,0.1350342520292531,0.13503425204085617,0.13503425205497274,0.13503425204085617,0.1350342520292531,0.1350342520252169,0.13503425203307873,0.13503425204085617,0.13503425203307873,0.1350342520252169,0.13503425202031863,0.1350342520252169,0.1350342520292531,0.1350342520252169,0.13503425202031863
0.16533248781206852,0.16533248781206825,0.16533248781206825,0.16533248781206825,0.16533248781206852,0.16533248781206825,0.16533248781206825,0.16533248781206802,0.16533248781206802,0.16533248781206825,0.16533248781206825,0.16533248781206802,0.16533248781206802,0.16533248781206802,0.16533248781206825,0.16533248781206825,0.16533248781206802,0.16533248781206802,0.16533248781206825,0.16533248781206825,0.16533248781206852,0.16533248781206825,0.16533248781206825,0.16533248781206825,0.16533248781206852,0.16375749409275211,0.1637574940927519,0.16375749409275164,0.1637574940927519,0.16375749409275211,0.1637574940927519,0.16375749409275164,0.16375749409275142,0.16375749409275164,0.1637574940927519,0.16375749409275164,0.16375749409275142,0.1637574940927512,0.16375749409275142,0.16375749409275164,0.1637574940927519,0.16375749409275164,0.16375749409275142,0.16375749409275164,0.1637574940927519,0.16375749409275211,0.1637574940927519,0.16375749409275164,0.1637574940927519,0.16375749409275211,0.16221388430535114,0.16221388430535025,0.16221388430534978,0.16221388430535025,0.16221388430535114,0.16221388430535025,0.16221388430534933,0.16221388430534886,0.16221388430534933,0.16221388430535025,0.16221388430534978,0.16221388430534886,0.1622138843053482,0.16221388430534886,0.16221388430534978,0.16221388430535025,0.16221388430534933,0.16221388430534886,0.16221388430534933,0.16221388430535025,0.16221388430535114,0.16221388430535025,0.16221388430534978,0.16221388430535025,0.16221388430535114,0.1607010674069071,0.1607010674069044,0.16070106740690285,0.1607010674069044,0.1607010674069071,0.1607010674069044,0.16070106740690152,0.16070106740689974,0.16070106740690152,0.1607010674069044,0.16070106740690285,0.16070106740689974,0.16070106740689796,0.16070106740689974,0.16070106740690285,0.1607010674069044,0.16070106740690152,0.16070106740689974,0.16070106740690152,0.1607010674069044,0.1607010674069071,0.1607010674069044,0.16070106740690285,0.1607010674069044,0.1607010674069071,0.15921845177240201,0.15921845177239374,0.15921845177238875,0.15921845177239374,0.15921845177240201,0.15921845177239374,0.15921845177238503,0.1592184517723794,0.15921845177238503,0.15921845177239374,0.15921845177238875,0.1592184517723794,0.1592184517723733,0.1592184517723794,0.15921845177238875,0.15921845177239374,0.15921845177238503,0.1592184517723794,0.15921845177238503,0.15921845177239374,0.15921845177240201,0.15921845177239374,0.15921845177238875,0.15921845177239374,0.15921845177240201,0.15776544654661379,0.15776544654658947,0.15776544654657368,0.15776544654658947,0.15776544654661379,0.15776544654658947,0.15776544654656194,0.15776544654654362,0.15776544654656194,0.15776544654658947,0.15776544654657368,0.15776544654654362,0.1577654465465231,0.15776544654654362,0.15776544654657368,0.15776544654658947,0.15776544654656194,0.15776544654654362,0.15776544654656194,0.15776544654658947,0.15776544654661379,0.15776544654658947,0.15776544654657368,0.15776544654658947,0.15776544654661379,0.1563414628584551,0.15634146285838357,0.1563414628583359,0.15634146285838357,0.1563414628584551,0.15634146285838357,0.15634146285829806,0.15634146285823824,0.15634146285829806,0.15634146285838357,0.1563414628583359,0.15634146285823824,0.1563414628581686,0.15634146285823824,0.1563414628583359,0.15634146285838357,0.15634146285829806,0.15634146285823824,0.15634146285829806,0.15634146285838357,0.1563414628584551,0.15634146285838357,0.1563414628583359,0.15634146285838357,0.1563414628584551,0.15494591490807486,0.15494591490787116,0.15494591490772955,0.15494591490787116,0.15494591490807486,0.15494591490787116,0.15494591490760945,0.15494591490741436,0.15494591490760945,0.15494591490787116,0.15494591490772955,0.15494591490741436,0.1549459149071678,0.15494591490741436,0.15494591490772955,0.15494591490787116,0.15494591490760945,0.15494591490741436,0.15494591490760945,0.15494591490787116,0.15494591490807486,0.15494591490787116,0.15494591490772955,0.15494591490787116,0.15494591490807486,0.15357822093647677,0.15357822093592405,0.15357822093551254,0.15357822093592385,0.15357822093647677,0.15357822093592405,0.1535782209351436,0.15357822093449366,0.1535782209351436,0.15357822093592385,0.15357822093551254,0.15357822093449366,0.1535782209335491,0.15357822093449366,0.15357822093551254,0.15357822093592385,0.1535782209351436,0.15357822093449366,0.1535782209351436,0.15357822093592385,0.15357822093647677,0.15357822093592385,0.15357822093551254,0.15357822093592385,0.15357822093647677,0.15223780408689733,0.15223780408550588,0.15223780408436166,0.15223780408550588,0.15223780408689733,0.15223780408550588,0.15223780408328025,0.1522378040810768,0.15223780408328025,0.15223780408550588,0.15223780408436166,0.1522378040810768,0.15223780407706639,0.1522378040810768,0.15223780408436166,0.15223780408550588,0.15223780408328025,0.1522378040810768,0.15223780408328025,0.15223780408550588,0.15223780408689733,0.15223780408550588,0.15223780408436166,0.15223780408550588,0.15223780408689733,0.15092409316668318,0.15092409316360667,0.15092409316070016,0.15092409316360667,0.15092409316668318,0.15092409316360667,0.15092409315781793,0.1509240931504719,0.15092409315781793,0.15092409316360667,0.15092409316070016,0.1509240931504719,0.15092409313123123,0.1509240931504719,0.15092409316070016,0.15092409316360667,0.15092409315781793,0.1509240931504719,0.15092409315781793,0.15092409316360667,0.15092409316668318,0.15092409316360667,0.15092409316070016,0.15092409316360667,0.15092409316668318,0.1496365233176338,0.14963652331229219,0.1496365233063487,0.14963652331229219,0.1496365233176338,0.14963652331229219,0.1496365233002659,0.14963652327892626,0.1496365233002659,0.14963652331229219,0.1496365233063487,0.14963652327892626,0.1496365231743444,0.14963652327892626,0.1496365233063487,0.14963652331229219,0.1496365233002659,0.14963652327892626,0.1496365233002659,0.14963652331229219,0.1496365233176338,0.14963652331229219,0.1496365233063487,0.14963652331229219,0.1496365233176338,0.1483745366009049,0.14837453659527497,0.1483745365892549,0.14837453659527497,0.1483745366009049,0.14837453659527497,0.14837453658311991,0.14837453656331465,0.14837453658311991,0.14837453659527497,0.1483745365892549,0.14837453656331465,0.1483745364787247,0.14837453656331465,0.1483745365892549,0.14837453659527497,0.14837453658311991,0.14837453656331465,0.14837453658311991,0.14837453659527497,0.1483745366009049,0.14837453659527497,0.1483745365892549,0.14837453659527497,0.1483745366009049,0.14713758250006964,0.14713758249547335,0.14713758249077333,0.14713758249547335,0.14713758250006964,0.14713758249547335,0.1471375824860297,0.14713758247161887,0.1471375824860297,0.14713758249547335,0.14713758249077333,0.14713758247161887,0.14713758241398672,0.14713758247161887,0.14713758249077333,0.14713758249547335,0.1471375824860297,0.14713758247161887,0.1471375824860297,0.14713758249547335,0.14713758250006964,0.14713758249547335,0.14713758249077333,0.14713758249547335,0.14713758250006964,0.14592511836024452,0.14592511835706,0.14592511835390862,0.14592511835706,0.14592511836024452,0.14592511835706,0.1459251183507594,0.1459251183415289,0.1459251183507594,0.14592511835706,0.14592511835390862,0.1459251183415289,0.14592511830578556,0.1459251183415289,0.14592511835390862,0.14592511835706,0.1459251183507594,0.1459251183415289,0.1459251183507594,0.14592511835706,0.14592511836024452,0.14592511835706,0.14592511835390862,0.14592511835706,0.14592511836024452,0.14473660976345362,0.1447366097615938,0.1447366097598127,0.1447366097615938,0.14473660976345362,0.1447366097615938,0.14473660975805236,0.14473660975308764,0.14473660975805236,0.1447366097615938,0.1447366097598127,0.14473660975308764,0.14473660973462443,0.14473660975308764,0.1447366097598127,0.1447366097615938,0.14473660975805236,0.14473660975308764,0.14473660975805236,0.1447366097615938,0.14473660976345362,0.1447366097615938,0.1447366097598127,0.1447366097615938,0.14473660976345362,0.1435715308443516,0.14357153084356722,0.14357153084286411,0.14357153084356722,0.1435715308443516,0.14357153084356722,0.14357153084218255,0.14357153084046356,0.14357153084218255,0.14357153084356722,0.14357153084286411,0.14357153084046356,0.14357153083506152,0.14357153084046356,0.14357153084286411,0.14357153084356722,0.14357153084218255,0.14357153084046356,0.14357153084218255,0.14357153084356722,0.1435715308443516,0.14357153084356722,0.14357153084286411,0.14357153084356722,0.1435715308443516,0.1424293645519353,0.14242936455196584,0.14242936455203428,0.14242936455196584,0.1424293645519353,0.14242936455196584,0.14242936455210928,0.14242936455253183,0.14242936455210928,0.14242936455196584,0.14242936455203428,0.14242936455253183,0.14242936455519103,0.14242936455253183,0.14242936455203428,0.14242936455196584,0.14242936455210928,0.14242936455253183,0.14242936455210928,0.14242936455196584,0.1424293645519353,0.14242936455196584,0.14242936455203428,0.14242936455196584,0.1424293645519353,0.1413096028624512,0.1413096028631826,0.1413096028638477,0.1413096028631826,0.1413096028624512,0.1413096028631826,0.1413096028644845,0.14130960286627964,0.1413096028644845,0.1413096028631826,0.1413096028638477,0.14130960286627964,0.14130960287332373,0.14130960286627964,0.1413096028638477,0.1413096028631826,0.1413096028644845,0.14130960286627964,0.1413096028644845,0.1413096028631826,0.1413096028624512,0.1413096028631826,0.1413096028638477,0.1413096028631826,0.1413096028624512,0.1402117469480093,0.14021174694968583,0.1402117469510936,0.14021174694968583,0.1402117469480093,0.14021174694968583,0.1402117469524191,0.14021174695554497,0.1402117469524191,0.14021174694968583,0.1402117469510936,0.14021174695554497,0.14021174696546218,0.14021174695554497,0.1402117469510936,0.14021174694968583,0.1402117469524191,0.14021174695554497,0.1402117469524191,0.14021174694968583,0.1402117469480093,0.14021174694968583,0.1402117469510936,0.14021174694968583,0.1402117469480093,0.13913530730497578,0.13913530730852808,0.1391353073115447,0.13913530730852808,0.13913530730497578,0.13913530730852808,0.13913530731444654,0.13913530732055343,0.13913530731444654,0.13913530730852808,0.1391353073115447,0.13913530732055343,0.13913530733239918,0.13913530732055343,0.1391353073115447,0.13913530730852808,0.13913530731444654,0.13913530732055343,0.13913530731444654,0.13913530730852808,0.13913530730497578,0.13913530730852808,0.1391353073115447,0.13913530730852808,0.13913530730497578,0.13807980384575524,0.1380798038529862,0.13807980386011937,0.1380798038529862,0.13807980384575524,0.1380798038529862,0.13807980386730181,0.1380798038865006,0.13807980386730181,0.1380798038529862,0.13807980386011937,0.1380798038865006,0.13807980393955357,0.1380798038865006,0.13807980386011937,0.1380798038529862,0.13807980386730181,0.1380798038865006,0.13807980386730181,0.1380798038529862,0.13807980384575524,0.1380798038529862,0.13807980386011937,0.1380798038529862,0.13807980384575524,0.13704476595781132,0.13704476596902226,0.13704476598249699,0.13704476596902226,0.13704476595781132,0.13704476596902226,0.1370447659964412,0.13704476605108634,0.1370447659964412,0.13704476596902226,0.13704476598249699,0.13704476605108634,0.1370447663528584,0.13704476605108634,0.13704476598249699,0.13704476596902226,0.1370447659964412,0.13704476605108634,0.1370447659964412,0.13704476596902226,0.13704476595781132,0.13704476596902226,0.13704476598249699,0.13704476596902226,0.13704476595781132,0.13602973253847608,0.13602973254622977,0.1360297325537923,0.13602973254622977,0.13602973253847608,0.13602973254622977,0.1360297325613669,0.13602973258153414,0.1360297325613669,0.13602973254622977,0.1360297325537923,0.13602973258153414,0.13602973263735343,0.13602973258153414,0.1360297325537923,0.13602973254622977,0.1360297325613669,0.13602973258153414,0.1360297325613669,0.13602973254622977,0.13602973253847608,0.13602973254622977,0.1360297325537923,0.13602973254622977,0.13602973253847608,0.135034252016584,0.1350342520214245,0.13503425202541314,0.1350342520214245,0.135034252016584,0.1350342520214245,0.13503425202919375,0.13503425203687933,0.13503425202919375,0.1350342520214245,0.13503425202541314,0.13503425203687933,0.13503425205082878,0.13503425203687933,0.13503425202541314,0.1350342520214245,0.13503425202919375,0.13503425203687933,0.13503425202919375,0.1350342520214245,0.135034252016584,0.1350342520214245,0.13503425202541314,0.1350342520214245,0.135034252016584
0.16533248781359133,0.16533248781359133,0.16533248781359108,0.16533248781359133,0.16533248781359133,0.16533248781359133,0.16533248781359108,0.16533248781359108,0.16533248781359108,0.16533248781359133,0.16533248781359108,0.16533248781359108,0.16533248781359083,0.16533248781359108,0.16533248781359108,0.16533248781359133,0.16533248781359108,0.16533248781359108,0.16533248781359108,0.16533248781359133,0.16533248781359133,0.16533248781359133,0.16533248781359108,0.16533248781359133,0.16533248781359133,0.16375749409424462,0.1637574940942444,0.16375749409424414,0.1637574940942444,0.16375749409424462,0.1637574940942444,0.16375749409424414,0.16375749409424392,0.16375749409424414,0.1637574940942444,0.16375749409424414,0.16375749409424392,0.1637574940942437,0.16375749409424392,0.16375749409424414,0.1637574940942444,0.16375749409424414,0.16375749409424392,0.16375749409424414,0.1637574940942444,0.16375749409424462,0.1637574940942444,0.16375749409424414,0.1637574940942444,0.16375749409424462,0.16221388430681363,0.16221388430681274,0.1622138843068123,0.16221388430681274,0.16221388430681363,0.16221388430681274,0.16221388430681186,0.16221388430681138,0.16221388430681186,0.16221388430681274,0.1622138843068123,0.16221388430681138,0.16221388430681072,0.16221388430681138,0.1622138843068123,0.16221388430681274,0.16221388430681186,0.16221388430681138,0.16221388430681186,0.16221388430681274,0.16221388430681363,0.16221388430681274,0.1622138843068123,0.16221388430681274,0.16221388430681363,0.16070106740834017,0.1607010674083375,0.16070106740833595,0.1607010674083375,0.16070106740834017,0.1607010674083375,0.16070106740833487,0.16070106740833306,0.16070106740833487,0.1607010674083375,0.16070106740833595,0.16070106740833306,0.16070106740833107,0.16070106740833306,0.16070106740833595,0.1607010674083375,0.16070106740833487,0.16070106740833306,0.16070106740833487,0.1607010674083375,0.16070106740834017,0.1607010674083375,0.16070106740833595,0.1607010674083375,0.16070106740834017,0.15921845177380609,0.15921845177379804,0.1592184517737928,0.15921845177379804,0.15921845177380609,0.15921845177379804,0.1592184517737891,0.15921845177378344,0.1592184517737891,0.15921845177379804,0.1592184517737928,0.15921845177378344,0.15921845177377755,0.15921845177378344,0.1592184517737928,0.15921845177379804,0.1592184517737891,0.15921845177378344,0.1592184517737891,0.15921845177379804,0.15921845177380609,0.15921845177379804,0.1592184517737928,0.15921845177379804,0.15921845177380609,0.15776544654798938,0.15776544654796526,0.15776544654794947,0.15776544654796526,0.15776544654798938,0.15776544654796526,0.15776544654793775,0.1577654465479194,0.15776544654793775,0.15776544654796526,0.15776544654794947,0.1577654465479194,0.15776544654789912,0.1577654465479194,0.15776544654794947,0.15776544654796526,0.15776544654793775,0.1577654465479194,0.15776544654793775,0.15776544654796526,0.15776544654798938,0.15776544654796526,0.15776544654794947,0.15776544654796526,0.15776544654798938,0.15634146285980235,0.15634146285973105,0.1563414628596836,0.15634146285973105,0.15634146285980235,0.15634146285973105,0.15634146285964576,0.15634146285958614,0.15634146285964576,0.15634146285973105,0.1563414628596836,0.15634146285958614,0.1563414628595167,0.15634146285958614,0.1563414628596836,0.15634146285973105,0.15634146285964576,0.15634146285958614,0.15634146285964576,0.15634146285973105,0.15634146285980235,0.15634146285973105,0.1563414628596836,0.15634146285973105,0.15634146285980235,0.154945914909394,0.1549459149091909,0.15494591490904971,0.1549459149091909,0.154945914909394,0.1549459149091909,0.15494591490892984,0.15494591490873555,0.15494591490892984,0.1549459149091909,0.15494591490904971,0.15494591490873555,0.15494591490848963,0.15494591490873555,0.15494591490904971,0.1549459149091909,0.15494591490892984,0.15494591490873555,0.15494591490892984,0.1549459149091909,0.154945914909394,0.1549459149091909,0.15494591490904971,0.1549459149091909,0.154945914909394,0.1535782209377668,0.15357822093721568,0.15357822093680557,0.15357822093721568,0.1535782209377668,0.15357822093721568,0.15357822093643783,0.1535782209357899,0.15357822093643783,0.15357822093721568,0.15357822093680557,0.1535782209357899,0.15357822093484796,0.1535782209357899,0.15357822093680557,0.15357822093721568,0.15357822093643783,0.1535782209357899,0.15357822093643783,0.15357822093721568,0.1535782209377668,0.15357822093721568,0.15357822093680557,0.15357822093721568,0.1535782209377668,0.15223780408815515,0.1522378040867682,0.15223780408562754,0.1522378040867682,0.15223780408815515,0.1522378040867682,0.15223780408454923,0.15223780408235252,0.15223780408454923,0.1522378040867682,0.15223780408562754,0.15223780408235252,0.1522378040783539,0.15223780408235252,0.15223780408562754,0.1522378040867682,0.15223780408454923,0.15223780408235252,0.15223780408454923,0.1522378040867682,0.15223780408815515,0.1522378040867682,0.15223780408562754,0.1522378040867682,0.15223780408815515,0.1509240931679001,0.15092409316483382,0.1509240931619364,0.15092409316483382,0.1509240931679001,0.15092409316483382,0.15092409315906302,0.150924093151739,0.15092409315906302,0.15092409316483382,0.1509240931619364,0.150924093151739,0.15092409313255367,0.150924093151739,0.1509240931619364,0.15092409316483382,0.15092409315906302,0.150924093151739,0.15092409315906302,0.15092409316483382,0.1509240931679001,0.15092409316483382,0.1509240931619364,0.15092409316483382,0.1509240931679001,0.1496365233187893,0.14963652331346639,0.14963652330754237,0.14963652331346639,0.1496365233187893,0.14963652331346639,0.14963652330147942,0.14963652328020466,0.14963652330147942,0.14963652331346639,0.14963652330754237,0.14963652328020466,0.14963652317591378,0.14963652328020466,0.14963652330754237,0.14963652331346639,0.14963652330147942,0.14963652328020466,0.14963652330147942,0.14963652331346639,0.1496365233187893,0.14963652331346639,0.14963652330754237,0.14963652331346639,0.1496365233187893,0.14837453660196037,0.14837453659635508,0.14837453659035982,0.14837453659635508,0.14837453660196037,0.14837453659635508,0.1483745365842497,0.1483745365645202,0.1483745365842497,0.14837453659635508,0.14837453659035982,0.1483745365645202,0.1483745364802203,0.1483745365645202,0.14837453659035982,0.14837453659635508,0.1483745365842497,0.1483745365645202,0.1483745365842497,0.14837453659635508,0.14837453660196037,0.14837453659635508,0.14837453659035982,0.14837453659635508,0.14837453660196037,0.14713758250097356,0.1471375824964067,0.14713758249173575,0.1471375824964067,0.14713758250097356,0.1471375824964067,0.14713758248702138,0.14713758247269665,0.14713758248702138,0.1471375824964067,0.14713758249173575,0.14713758247269665,0.147137582415422,0.14713758247269665,0.14713758249173575,0.1471375824964067,0.14713758248702138,0.14713758247269665,0.14713758248702138,0.1471375824964067,0.14713758250097356,0.1471375824964067,0.14713758249173575,0.1471375824964067,0.14713758250097356,0.14592511836093466,0.1459251183577849,0.14592511835466826,0.1459251183577849,0.14592511836093466,0.1459251183577849,0.1459251183515539,0.14592511834242758,0.1459251183515539,0.1459251183577849,0.14592511835466826,0.14592511834242758,0.14592511830709004,0.14592511834242758,0.14592511835466826,0.1459251183577849,0.1459251183515539,0.14592511834242758,0.1459251183515539,0.1459251183577849,0.14592511836093466,0.1459251183577849,0.14592511835466826,0.1459251183577849,0.14592511836093466,0.14473660976385597,0.14473660976203612,0.14473660976029568,0.14473660976203612,0.14473660976385597,0.14473660976203612,0.144736609758576,0.14473660975373678,0.144736609758576,0.14473660976203612,0.14473660976029568,0.14473660975373678,0.14473660973579147,0.14473660975373678,0.14473660976029568,0.14473660976203612,0.144736609758576,0.14473660975373678,0.144736609758576,0.14473660976203612,0.14473660976385597,0.14473660976203612,0.14473660976029568,0.14473660976203612,0.14473660976385597,0.1435715308443805,0.14357153084363855,0.14357153084297875,0.14357153084363855,0.1435715308443805,0.14357153084363855,0.14357153084234117,0.14357153084075736,0.14357153084234117,0.14357153084363855,0.14357153084297875,0.14357153084075736,0.1435715308359171,0.14357153084075736,0.14357153084297875,0.14357153084363855,0.14357153084234117,0.14357153084075736,0.14357153084234117,0.14357153084363855,0.1435715308443805,0.14357153084363855,0.14357153084297875,0.14357153084363855,0.1435715308443805,0.142429364551498,0.14242936455156963,0.142429364551681,0.14242936455156963,0.142429364551498,0.14242936455156963,0.1424293645517996,0.14242936455235689,0.1424293645517996,0.14242936455156963,0.142429364551681,0.14242936455235689,0.14242936455556277,0.14242936455235689,0.142429364551681,0.14242936455156963,0.1424293645517996,0.14242936455235689,0.1424293645517996,0.14242936455156963,0.142429364551498,0.14242936455156963,0.142429364551681,0.14242936455156963,0.142429364551498,0.14130960286145589,0.14130960286222163,0.1413096028629247,0.14130960286222163,0.14130960286145589,0.14130960286222163,0.1413096028636005,0.14130960286552494,0.1413096028636005,0.14130960286222163,0.1413096028629247,0.14130960286552494,0.14130960287315203,0.14130960286552494,0.1413096028629247,0.14130960286222163,0.1413096028636005,0.14130960286552494,0.1413096028636005,0.14130960286222163,0.14130960286145589,0.14130960286222163,0.1413096028629247,0.14130960286222163,0.14130960286145589,0.14021174694637759,0.14021174694806932,0.1402117469494978,0.14021174694806932,0.14021174694637759,0.14021174694806932,0.1402117469508456,0.1402117469540605,0.1402117469508456,0.14021174694806932,0.1402117469494978,0.1402117469540605,0.14021174696442532,0.1402117469540605,0.1402117469494978,0.14021174694806932,0.1402117469508456,0.1402117469540605,0.1402117469508456,0.14021174694806932,0.14021174694637759,0.14021174694806932,0.1402117469494978,0.14021174694806932,0.14021174694637759,0.1391353073026672,0.13913530730619628,0.13913530730919468,0.13913530730619628,0.1391353073026672,0.13913530730619628,0.13913530731207926,0.13913530731815552,0.13913530731207926,0.13913530730619628,0.13913530730919468,0.13913530731815552,0.13913530732996507,0.13913530731815552,0.13913530730919468,0.13913530730619628,0.13913530731207926,0.13913530731815552,0.13913530731207926,0.13913530730619628,0.1391353073026672,0.13913530730619628,0.13913530730919468,0.13913530730619628,0.1391353073026672,0.13807980384280757,0.13807980384996088,0.13807980385701574,0.13807980384996088,0.13807980384280757,0.13807980384996088,0.13807980386411894,0.13807980388310145,0.13807980386411894,0.13807980384996088,0.13807980385701574,0.13807980388310145,0.1380798039355439,0.13807980388310145,0.13807980385701574,0.13807980384996088,0.13807980386411894,0.13807980388310145,0.13807980386411894,0.13807980384996088,0.13807980384280757,0.13807980384996088,0.13807980385701574,0.13807980384996088,0.13807980384280757,0.1370447659543755,0.13704476596545617,0.13704476597877258,0.13704476596545617,0.1370447659543755,0.13704476596545617,0.13704476599255278,0.13704476604655005,0.13704476599255278,0.13704476596545617,0.13704476597877258,0.13704476604655005,0.1370447663447185,0.13704476604655005,0.13704476597877258,0.13704476596545617,0.13704476599255278,0.13704476604655005,0.13704476599255278,0.13704476596545617,0.1370447659543755,0.13704476596545617,0.13704476597877258,0.13704476596545617,0.1370447659543755,0.13602973253481299,0.13602973254247558,0.1360297325499486,0.13602973254247558,0.13602973253481299,0.13602973254247558,0.13602973255743375,0.13602973257736167,0.13602973255743375,0.13602973254247558,0.1360297325499486,0.13602973257736167,0.13602973263251686,0.13602973257736167,0.1360297325499486,0.13602973254247558,0.13602973255743375,0.13602973257736167,0.13602973255743375,0.13602973254247558,0.13602973253481299,0.13602973254247558,0.1360297325499486,0.13602973254247558,0.13602973253481299,0.13503425201287683,0.13503425201766028,0.13503425202160171,0.13503425201766028,0.13503425201287683,0.13503425201766028,0.13503425202533756,0.1350342520329319,0.13503425202533756,0.13503425201766028,0.13503425202160171,0.1350342520329319,0.13503425204671565,0.1350342520329319,0.13503425202160171,0.13503425201766028,0.13503425202533756,0.1350342520329319,0.13503425202533756,0.13503425201766028,0.13503425201287683,0.13503425201766028,0.13503425202160171,0.13503425201766028,0.13503425201287683
0.16533248781510354,0.16533248781510332,0.16533248781510332,0.16533248781510332,0.16533248781510354,0.16533248781510332,0.16533248781510332,0.16533248781510332,0.16533248781510332,0.16533248781510332,0.16533248781510332,0.16533248781510332,0.16533248781510307,0.16533248781510332,0.16533248781510332,0.16533248781510332,0.16533248781510332,0.16533248781510332,0.16533248781510332,0.16533248781510332,0.16533248781510354,0.16533248781510332,0.16533248781510332,0.16533248781510332,0.16533248781510354,0.16375749409572674,0.16375749409572624,0.16375749409572624,0.16375749409572624,0.16375749409572674,0.16375749409572624,0.16375749409572601,0.1637574940957258,0.16375749409572601,0.16375749409572624,0.16375749409572624,0.1637574940957258,0.1637574940957258,0.1637574940957258,0.16375749409572624,0.16375749409572624,0.16375749409572601,0.1637574940957258,0.16375749409572601,0.16375749409572624,0.16375749409572674,0.16375749409572624,0.16375749409572624,0.16375749409572624,0.16375749409572674,0.16221388430826597,0.16221388430826506,0.1622138843082646,0.16221388430826506,0.16221388430826597,0.16221388430826506,0.16221388430826414,0.1622138843082637,0.16221388430826414,0.16221388430826506,0.1622138843082646,0.1622138843082637,0.16221388430826303,0.1622138843082637,0.1622138843082646,0.16221388430826506,0.16221388430826414,0.1622138843082637,0.16221388430826414,0.16221388430826506,0.16221388430826597,0.16221388430826506,0.1622138843082646,0.16221388430826506,0.16221388430826597,0.16070106740976328,0.16070106740976062,0.16070106740975884,0.16070106740976062,0.16070106740976328,0.16070106740976062,0.16070106740975773,0.16070106740975595,0.16070106740975773,0.16070106740976062,0.16070106740975884,0.16070106740975595,0.1607010674097542,0.16070106740975595,0.16070106740975884,0.16070106740976062,0.16070106740975773,0.16070106740975595,0.16070106740975773,0.16070106740976062,0.16070106740976328,0.16070106740976062,0.16070106740975884,0.16070106740976062,0.16070106740976328,0.15921845177520033,0.1592184517751923,0.15921845177518706,0.1592184517751923,0.15921845177520033,0.1592184517751923,0.15921845177518335,0.1592184517751779,0.1592184517751836,0.1592184517751923,0.15921845177518706,0.1592184517751779,0.15921845177517183,0.1592184517751779,0.15921845177518706,0.1592184517751923,0.1592184517751836,0.1592184517751779,0.1592184517751836,0.1592184517751923,0.15921845177520033,0.1592184517751923,0.15921845177518706,0.1592184517751923,0.15921845177520033,0.15776544654935515,0.15776544654933103,0.15776544654931546,0.15776544654933103,0.15776544654935515,0.15776544654933103,0.15776544654930372,0.1577654465492856,0.15776544654930372,0.15776544654933103,0.15776544654931546,0.1577654465492856,0.1577654465492651,0.1577654465492856,0.15776544654931546,0.15776544654933103,0.15776544654930372,0.1577654465492856,0.15776544654930372,0.15776544654933103,0.15776544654935515,0.15776544654933103,0.15776544654931546,0.15776544654933103,0.15776544654935515,0.1563414628611402,0.15634146286106912,0.15634146286102188,0.15634146286106912,0.1563414628611402,0.15634146286106912,0.15634146286098424,0.15634146286092462,0.15634146286098424,0.15634146286106912,0.15634146286102188,0.15634146286092462,0.1563414628608554,0.15634146286092462,0.15634146286102188,0.15634146286106912,0.15634146286098424,0.15634146286092462,0.15634146286098424,0.15634146286106912,0.1563414628611402,0.15634146286106912,0.15634146286102188,0.15634146286106912,0.1563414628611402,0.15494591491070372,0.15494591491050144,0.15494591491036067,0.15494591491050144,0.15494591491070372,0.15494591491050144,0.15494591491024118,0.1549459149100473,0.15494591491024118,0.15494591491050144,0.15494591491036067,0.1549459149100473,0.15494591490980222,0.1549459149100473,0.15494591491036067,0.15494591491050144,0.15494591491024118,0.1549459149100473,0.15494591491024118,0.15494591491050144,0.15494591491070372,0.15494591491050144,0.15494591491036067,0.15494591491050144,0.15494591491070372,0.15357822093904777,0.15357822093849846,0.15357822093808957,0.15357822093849846,0.15357822093904777,0.15357822093849846,0.1535782209377228,0.1535782209370769,0.1535782209377228,0.15357822093849846,0.15357822093808957,0.1535782209370769,0.15357822093613774,0.1535782209370769,0.15357822093808957,0.15357822093849846,0.1535782209377228,0.1535782209370769,0.1535782209377228,0.15357822093849846,0.15357822093904777,0.15357822093849846,0.15357822093808957,0.15357822093849846,0.15357822093904777,0.1522378040894043,0.15223780408802168,0.15223780408688453,0.15223780408802168,0.1522378040894043,0.15223780408802168,0.15223780408580942,0.15223780408361937,0.15223780408580942,0.15223780408802168,0.15223780408688453,0.15223780408361937,0.1522378040796324,0.15223780408361937,0.15223780408688453,0.15223780408802168,0.15223780408580942,0.15223780408361937,0.15223780408580942,0.15223780408802168,0.1522378040894043,0.15223780408802168,0.15223780408688453,0.15223780408802168,0.1522378040894043,0.15092409316910857,0.15092409316605213,0.15092409316316371,0.15092409316605213,0.15092409316910857,0.15092409316605213,0.15092409316029942,0.15092409315299724,0.15092409316029942,0.15092409316605213,0.15092409316316371,0.15092409315299724,0.1509240931338671,0.15092409315299724,0.15092409316316371,0.15092409316605213,0.15092409316029942,0.15092409315299724,0.15092409316029942,0.15092409316605213,0.15092409316910857,0.15092409316605213,0.15092409316316371,0.15092409316605213,0.15092409316910857,0.14963652331993682,0.14963652331463248,0.14963652330872795,0.14963652331463248,0.14963652331993682,0.14963652331463248,0.14963652330268445,0.14963652328147398,0.14963652330268445,0.14963652331463248,0.14963652330872795,0.14963652328147398,0.14963652317748544,0.14963652328147398,0.14963652330872795,0.14963652331463248,0.14963652330268445,0.14963652328147398,0.14963652330268445,0.14963652331463248,0.14963652331993682,0.14963652331463248,0.14963652330872795,0.14963652331463248,0.14963652331993682,0.14837453660300842,0.1483745365974272,0.1483745365914566,0.1483745365974272,0.14837453660300842,0.1483745365974272,0.1483745365853713,0.14837453656571725,0.1483745365853713,0.1483745365974272,0.1483745365914566,0.14837453656571725,0.14837453648175447,0.14837453656571725,0.1483745365914566,0.1483745365974272,0.1483745365853713,0.14837453656571725,0.1483745365853713,0.1483745365974272,0.14837453660300842,0.1483745365974272,0.1483745365914566,0.1483745365974272,0.14837453660300842,0.14713758250187095,0.14713758249733314,0.1471375824926911,0.14713758249733314,0.14713758250187095,0.14713758249733314,0.1471375824880058,0.1471375824737668,0.1471375824880058,0.14713758249733314,0.1471375824926911,0.1471375824737668,0.1471375824168046,0.1471375824737668,0.1471375824926911,0.14713758249733314,0.1471375824880058,0.1471375824737668,0.1471375824880058,0.14713758249733314,0.14713758250187095,0.14713758249733314,0.1471375824926911,0.14713758249733314,0.14713758250187095,0.1459251183616199,0.14592511835850444,0.14592511835542235,0.14592511835850444,0.1459251183616199,0.14592511835850444,0.14592511835234237,0.1459251183433193,0.14592511835234237,0.14592511835850444,0.14592511835542235,0.1459251183433193,0.1459251183083771,0.1459251183433193,0.14592511835542235,0.14592511835850444,0.14592511835234237,0.1459251183433193,0.14592511835234237,0.14592511835850444,0.1459251183616199,0.14592511835850444,0.14592511835542235,0.14592511835850444,0.1459251183616199,0.14473660976425534,0.1447366097624749,0.14473660976077463,0.1447366097624749,0.14473660976425534,0.1447366097624749,0.14473660975909564,0.14473660975438085,0.14473660975909564,0.1447366097624749,0.14473660976077463,0.14473660975438085,0.14473660973697214,0.14473660975438085,0.14473660976077463,0.1447366097624749,0.14473660975909564,0.14473660975438085,0.14473660975909564,0.1447366097624749,0.14473660976425534,0.1447366097624749,0.14473660976077463,0.1447366097624749,0.14473660976425534,0.14357153084440874,0.14357153084370888,0.14357153084309238,0.14357153084370888,0.14357153084440874,0.14357153084370888,0.14357153084249843,0.14357153084104896,0.14357153084249843,0.14357153084370888,0.14357153084309238,0.14357153084104896,0.14357153083674837,0.14357153084104896,0.14357153084309238,0.14357153084370888,0.14357153084249843,0.14357153084104896,0.14357153084249843,0.14357153084370888,0.14357153084440874,0.14357153084370888,0.14357153084309238,0.14357153084370888,0.14357153084440874,0.14242936455106317,0.14242936455117589,0.14242936455133004,0.14242936455117589,0.14242936455106317,0.14242936455117589,0.14242936455149177,0.14242936455218308,0.14242936455149177,0.14242936455117589,0.14242936455133004,0.14242936455218308,0.1424293645559412,0.14242936455218308,0.14242936455133004,0.14242936455117589,0.14242936455149177,0.14242936455218308,0.14242936455149177,0.14242936455117589,0.14242936455106317,0.14242936455117589,0.14242936455133004,0.14242936455117589,0.14242936455106317,0.14130960286046726,0.14130960286126706,0.1413096028620078,0.14130960286126706,0.14130960286046726,0.14130960286126706,0.1413096028627224,0.14130960286477479,0.1413096028627224,0.14130960286126706,0.1413096028620078,0.14130960286477479,0.14130960287296437,0.14130960286477479,0.1413096028620078,0.14130960286126706,0.1413096028627224,0.14130960286477479,0.1413096028627224,0.14130960286126706,0.14130960286046726,0.14130960286126706,0.1413096028620078,0.14130960286126706,0.14130960286046726,0.140211746944757,0.1402117469464637,0.14021174694791272,0.1402117469464637,0.140211746944757,0.1402117469464637,0.14021174694928257,0.14021174695258518,0.14021174694928257,0.1402117469464637,0.14021174694791272,0.14021174695258518,0.14021174696340494,0.14021174695258518,0.14021174694791272,0.1402117469464637,0.14021174694928257,0.14021174695258518,0.14021174694928257,0.1402117469464637,0.140211746944757,0.1402117469464637,0.14021174694791272,0.1402117469464637,0.140211746944757,0.13913530730037457,0.13913530730388088,0.13913530730686097,0.13913530730388088,0.13913530730037457,0.13913530730388088,0.1391353073097283,0.1391353073157742,0.1391353073097283,0.13913530730388088,0.13913530730686097,0.1391353073157742,0.13913530732754706,0.1391353073157742,0.13913530730686097,0.13913530730388088,0.1391353073097283,0.1391353073157742,0.1391353073097283,0.13913530730388088,0.13913530730037457,0.13913530730388088,0.13913530730686097,0.13913530730388088,0.13913530730037457,0.13807980383988103,0.13807980384695712,0.13807980385393442,0.13807980384695712,0.13807980383988103,0.13807980384695712,0.13807980386095906,0.13807980387972665,0.13807980386095906,0.13807980384695712,0.13807980385393442,0.13807980387972665,0.13807980393156288,0.13807980387972665,0.13807980385393442,0.13807980384695712,0.13807980386095906,0.13807980387972665,0.13807980386095906,0.13807980384695712,0.13807980383988103,0.13807980384695712,0.13807980385393442,0.13807980384695712,0.13807980383988103,0.13704476595096451,0.13704476596191578,0.13704476597507528,0.13704476596191578,0.13704476595096451,0.13704476596191578,0.13704476598869245,0.13704476604204696,0.13704476598869245,0.13704476596191578,0.13704476597507528,0.13704476604204696,0.13704476633665458,0.13704476604204696,0.13704476597507528,0.13704476596191578,0.13704476598869245,0.13704476604204696,0.13704476598869245,0.13704476596191578,0.13704476595096451,0.13704476596191578,0.13704476597507528,0.13704476596191578,0.13704476595096451,0.13602973253117645,0.1360297325387485,0.13602973254613315,0.1360297325387485,0.13602973253117645,0.1360297325387485,0.13602973255352926,0.13602973257321982,0.13602973255352926,0.1360297325387485,0.13602973254613315,0.13602973257321982,0.1360297326277161,0.13602973257321982,0.13602973254613315,0.1360297325387485,0.13602973255352926,0.13602973257321982,0.13602973255352926,0.1360297325387485,0.13602973253117645,0.1360297325387485,0.13602973254613315,0.1360297325387485,0.13602973253117645,0.1350342520091966,0.13503425201392333,0.13503425201781813,0.13503425201392333,0.1350342520091966,0.13503425201392333,0.13503425202150932,0.13503425202901329,0.13503425202150932,0.13503425201392333,0.13503425201781813,0.13503425202901329,0.13503425204263253,0.13503425202901329,0.13503425201781813,0.13503425201392333,0.13503425202150932,0.13503425202901329,0.13503425202150932,0.13503425201392333,0.1350342520091966,0.13503425201392333,0.13503425201781813,0.13503425201392333,0.1350342520091966
0.16533248781660514,0.16533248781660514,0.16533248781660514,0.16533248781660514,0.16533248781660514,0.16533248781660514,0.1653324878166049,0.1653324878166049,0.1653324878166049,0.16533248781660514,0.16533248781660514,0.1653324878166049,0.1653324878166049,0.1653324878166049,0.16533248781660514,0.16533248781660514,0.1653324878166049,0.1653324878166049,0.1653324878166049,0.16533248781660514,0.16533248781660514,0.16533248781660514,0.16533248781660514,0.16533248781660514,0.16533248781660514,0.1637574940971984,0.16375749409719792,0.16375749409719792,0.16375749409719792,0.1637574940971984,0.16375749409719792,0.16375749409719773,0.16375749409719748,0.16375749409719773,0.16375749409719792,0.16375749409719792,0.16375749409719748,0.16375749409719748,0.16375749409719748,0.16375749409719792,0.16375749409719792,0.16375749409719773,0.16375749409719748,0.16375749409719773,0.16375749409719792,0.1637574940971984,0.16375749409719792,0.16375749409719792,0.16375749409719792,0.1637574940971984,0.1622138843097081,0.16221388430970718,0.1622138843097067,0.16221388430970718,0.1622138843097081,0.16221388430970718,0.1622138843097063,0.16221388430970582,0.1622138843097063,0.16221388430970718,0.1622138843097067,0.16221388430970582,0.16221388430970513,0.16221388430970582,0.1622138843097067,0.16221388430970718,0.1622138843097063,0.16221388430970582,0.1622138843097063,0.16221388430970718,0.1622138843097081,0.16221388430970718,0.1622138843097067,0.16221388430970718,0.1622138843097081,0.1607010674111764,0.16070106741117374,0.16070106741117196,0.16070106741117374,0.1607010674111764,0.16070106741117374,0.16070106741117085,0.16070106741116907,0.16070106741117085,0.16070106741117374,0.16070106741117196,0.16070106741116907,0.1607010674111673,0.16070106741116907,0.16070106741117196,0.16070106741117374,0.16070106741117085,0.16070106741116907,0.16070106741117085,0.16070106741117374,0.1607010674111764,0.16070106741117374,0.16070106741117196,0.16070106741117374,0.1607010674111764,0.1592184517765848,0.15921845177657676,0.15921845177657173,0.15921845177657676,0.1592184517765848,0.15921845177657676,0.15921845177656804,0.15921845177656235,0.15921845177656804,0.15921845177657676,0.15921845177657173,0.15921845177656235,0.1592184517765565,0.15921845177656235,0.15921845177657173,0.15921845177657676,0.15921845177656804,0.15921845177656235,0.15921845177656804,0.15921845177657676,0.1592184517765848,0.15921845177657676,0.15921845177657173,0.15921845177657676,0.1592184517765848,0.15776544655071173,0.1577654465506876,0.15776544655067207,0.1577654465506876,0.15776544655071173,0.1577654465506876,0.15776544655066033,0.1577654465506422,0.15776544655066033,0.1577654465506876,0.15776544655067207,0.1577654465506422,0.1577654465506219,0.1577654465506422,0.15776544655067207,0.1577654465506876,0.15776544655066033,0.1577654465506422,0.15776544655066033,0.1577654465506876,0.15776544655071173,0.1577654465506876,0.15776544655067207,0.1577654465506876,0.15776544655071173,0.1563414628624689,0.156341462862398,0.15634146286235073,0.156341462862398,0.1563414628624689,0.156341462862398,0.1563414628623131,0.15634146286225392,0.1563414628623131,0.156341462862398,0.15634146286235073,0.15634146286225392,0.15634146286218492,0.15634146286225392,0.15634146286235073,0.156341462862398,0.1563414628623131,0.15634146286225392,0.1563414628623131,0.156341462862398,0.1563414628624689,0.156341462862398,0.15634146286235073,0.156341462862398,0.1563414628624689,0.15494591491200463,0.15494591491180276,0.15494591491166237,0.15494591491180276,0.15494591491200463,0.15494591491180276,0.1549459149115433,0.1549459149113501,0.1549459149115433,0.15494591491180276,0.15494591491166237,0.1549459149113501,0.15494591491110557,0.1549459149113501,0.15494591491166237,0.15494591491180276,0.1549459149115433,0.1549459149113501,0.1549459149115433,0.15494591491180276,0.15494591491200463,0.15494591491180276,0.15494591491166237,0.15494591491180276,0.15494591491200463,0.1535782209403199,0.15357822093977222,0.1535782209393647,0.15357822093977222,0.1535782209403199,0.15357822093977222,0.15357822093899898,0.15357822093835485,0.15357822093899898,0.15357822093977222,0.1535782209393647,0.15357822093835485,0.15357822093741874,0.15357822093835485,0.1535782209393647,0.15357822093977222,0.15357822093899898,0.15357822093835485,0.15357822093899898,0.15357822093977222,0.1535782209403199,0.15357822093977222,0.1535782209393647,0.15357822093977222,0.1535782209403199,0.15223780409064477,0.15223780408926652,0.1522378040881327,0.15223780408926652,0.15223780409064477,0.15223780408926652,0.1522378040870611,0.1522378040848774,0.1522378040870611,0.15223780408926652,0.1522378040881327,0.1522378040848774,0.152237804080902,0.1522378040848774,0.1522378040881327,0.15223780408926652,0.1522378040870611,0.1522378040848774,0.1522378040870611,0.15223780408926652,0.15223780409064477,0.15223780408926652,0.1522378040881327,0.15223780408926652,0.15223780409064477,0.15092409317030872,0.15092409316726213,0.15092409316438277,0.15092409316726213,0.15092409317030872,0.15092409316726213,0.15092409316152738,0.15092409315424676,0.15092409316152738,0.15092409316726213,0.15092409316438277,0.15092409315424676,0.1509240931351716,0.15092409315424676,0.15092409316438277,0.15092409316726213,0.15092409316152738,0.15092409315424676,0.15092409316152738,0.15092409316726213,0.15092409317030872,0.15092409316726213,0.15092409316438277,0.15092409316726213,0.15092409317030872,0.14963652332107627,0.14963652331579044,0.1496365233099052,0.14963652331579044,0.14963652332107627,0.14963652331579044,0.14963652330388116,0.1496365232827348,0.14963652330388116,0.14963652331579044,0.1496365233099052,0.1496365232827348,0.14963652317902723,0.1496365232827348,0.1496365233099052,0.14963652331579044,0.14963652330388116,0.1496365232827348,0.14963652330388116,0.14963652331579044,0.14963652332107627,0.14963652331579044,0.1496365233099052,0.14963652331579044,0.14963652332107627,0.14837453660404884,0.14837453659849192,0.14837453659254599,0.14837453659849212,0.14837453660404884,0.14837453659849192,0.1483745365864853,0.14837453656690616,0.1483745365864853,0.14837453659849212,0.14837453659254599,0.14837453656690616,0.1483745364832297,0.14837453656690616,0.14837453659254599,0.14837453659849212,0.1483745365864853,0.14837453656690616,0.1483745365864853,0.14837453659849192,0.14837453660404884,0.14837453659849212,0.14837453659254599,0.14837453659849192,0.14837453660404884,0.147137582502762,0.14713758249825307,0.1471375824936397,0.14713758249825307,0.147137582502762,0.14713758249825307,0.14713758248898312,0.1471375824748291,0.14713758248898312,0.14713758249825307,0.1471375824936397,0.1471375824748291,0.14713758241821626,0.1471375824748291,0.1471375824936397,0.14713758249825307,0.14713758248898312,0.1471375824748291,0.14713758248898312,0.14713758249825307,0.147137582502762,0.14713758249825307,0.1471375824936397,0.14713758249825307,0.147137582502762,0.1459251183622999,0.14592511835921868,0.14592511835617075,0.14592511835921868,0.1459251183622999,0.14592511835921868,0.14592511835312497,0.1459251183442045,0.14592511835312497,0.14592511835921868,0.14592511835617075,0.1459251183442045,0.14592511830969015,0.1459251183442045,0.14592511835617075,0.14592511835921868,0.14592511835312497,0.1459251183442045,0.14592511835312497,0.14592511835921868,0.1459251183622999,0.14592511835921868,0.14592511835617075,0.14592511835921868,0.1459251183622999,0.14473660976465155,0.14473660976291028,0.1447366097612501,0.14473660976291028,0.14473660976465155,0.14473660976291028,0.14473660975961108,0.14473660975501992,0.14473660975961108,0.14473660976291028,0.1447366097612501,0.14473660975501992,0.14473660973810584,0.14473660975501992,0.1447366097612501,0.14473660976291028,0.14473660975961108,0.14473660975501992,0.14473660975961108,0.14473660976291028,0.14473660976465155,0.14473660976291028,0.1447366097612501,0.14473660976291028,0.14473660976465155,0.14357153084443647,0.14357153084377836,0.1435715308432048,0.14357153084377836,0.14357153084443647,0.14357153084377836,0.1435715308426543,0.14357153084133795,0.1435715308426543,0.14357153084377836,0.1435715308432048,0.14357153084133795,0.14357153083760582,0.14357153084133795,0.1435715308432048,0.14357153084377836,0.1435715308426543,0.14357153084133795,0.1435715308426543,0.14357153084377836,0.14357153084443647,0.14357153084377836,0.1435715308432048,0.14357153084377836,0.14357153084443647,0.1424293645506312,0.1424293645507847,0.14242936455098115,0.1424293645507847,0.1424293645506312,0.1424293645507847,0.1424293645511858,0.1424293645520103,0.1424293645511858,0.1424293645507847,0.14242936455098115,0.1424293645520103,0.14242936455630928,0.1424293645520103,0.14242936455098115,0.1424293645507847,0.1424293645511858,0.1424293645520103,0.1424293645511858,0.1424293645507847,0.1424293645506312,0.1424293645507847,0.14242936455098115,0.1424293645507847,0.1424293645506312,0.14130960285948507,0.14130960286031874,0.14130960286109667,0.14130960286031874,0.14130960285948507,0.14130960286031874,0.14130960286184976,0.14130960286402927,0.14130960286184976,0.14130960286031874,0.14130960286109667,0.14130960286402927,0.14130960287275582,0.14130960286402927,0.14130960286109667,0.14130960286031874,0.14130960286184976,0.14130960286402927,0.14130960286184976,0.14130960286031874,0.14130960285948507,0.14130960286031874,0.14130960286109667,0.14130960286031874,0.14130960285948507,0.14021174694314736,0.14021174694486874,0.1402117469463381,0.14021174694486874,0.14021174694314736,0.14021174694486874,0.1402117469477297,0.14021174695111877,0.1402117469477297,0.14021174694486874,0.1402117469463381,0.14021174695111877,0.1402117469623716,0.14021174695111877,0.1402117469463381,0.14021174694486874,0.1402117469477297,0.14021174695111877,0.1402117469477297,0.14021174694486874,0.14021174694314736,0.14021174694486874,0.1402117469463381,0.14021174694486874,0.14021174694314736,0.1391353072980981,0.13913530730158144,0.13913530730454335,0.13913530730158144,0.1391353072980981,0.13913530730158144,0.13913530730739362,0.13913530731340887,0.13913530730739362,0.13913530730158144,0.13913530730454335,0.13913530731340887,0.13913530732514504,0.13913530731340887,0.13913530730454335,0.13913530730158144,0.13913530730739362,0.13913530731340887,0.13913530730739362,0.13913530730158144,0.1391353072980981,0.13913530730158144,0.13913530730454335,0.13913530730158144,0.1391353072980981,0.1380798038369751,0.13807980384397472,0.138079803850875,0.13807980384397472,0.1380798038369751,0.13807980384397472,0.13807980385782148,0.13807980387637575,0.13807980385782148,0.13807980384397472,0.138079803850875,0.13807980387637575,0.13807980392761074,0.13807980387637575,0.138079803850875,0.13807980384397472,0.13807980385782148,0.13807980387637575,0.13807980385782148,0.13807980384397472,0.1380798038369751,0.13807980384397472,0.138079803850875,0.13807980384397472,0.1380798038369751,0.1370447659475778,0.1370447659584009,0.1370447659714046,0.1370447659584009,0.1370447659475778,0.1370447659584009,0.13704476598486015,0.13704476603757684,0.13704476598486015,0.1370447659584009,0.1370447659714046,0.13704476603757684,0.13704476632863827,0.13704476603757684,0.1370447659714046,0.1370447659584009,0.13704476598486015,0.13704476603757684,0.13704476598486015,0.1370447659584009,0.1370447659475778,0.1370447659584009,0.1370447659714046,0.1370447659584009,0.1370447659475778,0.13602973252756612,0.13602973253504844,0.13602973254234507,0.13602973253504844,0.13602973252756612,0.13602973253504844,0.13602973254965295,0.13602973256910805,0.13602973254965295,0.13602973253504844,0.13602973254234507,0.13602973256910805,0.13602973262295034,0.13602973256910805,0.13602973254234507,0.13602973253504844,0.13602973254965295,0.13602973256910805,0.13602973254965295,0.13602973253504844,0.13602973252756612,0.13602973253504844,0.13602973254234507,0.13602973253504844,0.13602973252756612,0.13503425200554298,0.13503425201021355,0.13503425201406166,0.13503425201021355,0.13503425200554298,0.13503425201021355,0.135034252017709,0.13503425202512304,0.13503425201770888,0.13503425201021355,0.13503425201406166,0.13503425202512304,0.13503425203857908,0.13503425202512304,0.13503425201406166,0.13503425201021355,0.13503425201770888,0.13503425202512304,0.135034252017709,0.13503425201021355,0.13503425200554298,0.13503425201021355,0.13503425201406166,0.13503425201021355,0.13503425200554298
0.1653324878180966,0.16533248781809634,0.16533248781809634,0.16533248781809634,0.1653324878180966,0.16533248781809634,0.16533248781809634,0.16533248781809634,0.16533248781809634,0.16533248781809634,0.16533248781809634,0.16533248781809634,0.16533248781809612,0.16533248781809634,0.16533248781809634,0.16533248781809634,0.16533248781809634,0.16533248781809634,0.16533248781809634,0.16533248781809634,0.1653324878180966,0.16533248781809634,0.16533248781809634,0.16533248781809634,0.1653324878180966,0.16375749409865992,0.16375749409865967,0.16375749409865945,0.16375749409865967,0.16375749409865992,0.16375749409865967,0.16375749409865922,0.16375749409865922,0.16375749409865922,0.16375749409865967,0.16375749409865945,0.16375749409865922,0.163757494098659,0.163757494098659,0.16375749409865945,0.16375749409865967,0.16375749409865922,0.163757494098659,0.16375749409865922,0.16375749409865967,0.16375749409865992,0.16375749409865967,0.16375749409865945,0.16375749409865967,0.16375749409865992,0.16221388431114023,0.16221388431113956,0.16221388431113887,0.16221388431113956,0.16221388431114023,0.16221388431113956,0.16221388431113865,0.16221388431113795,0.16221388431113865,0.16221388431113956,0.16221388431113887,0.16221388431113795,0.1622138843111375,0.16221388431113795,0.16221388431113887,0.16221388431113956,0.16221388431113865,0.16221388431113795,0.16221388431113865,0.16221388431113956,0.16221388431114023,0.16221388431113956,0.16221388431113887,0.16221388431113956,0.16221388431114023,0.16070106741257975,0.1607010674125771,0.16070106741257553,0.1607010674125771,0.16070106741257975,0.1607010674125771,0.1607010674125744,0.16070106741257262,0.1607010674125744,0.1607010674125771,0.16070106741257553,0.16070106741257262,0.16070106741257062,0.16070106741257262,0.16070106741257553,0.1607010674125771,0.1607010674125744,0.16070106741257262,0.1607010674125744,0.1607010674125771,0.16070106741257975,0.1607010674125771,0.16070106741257553,0.1607010674125771,0.16070106741257975,0.1592184517779599,0.15921845177795182,0.15921845177794686,0.15921845177795182,0.1592184517779599,0.15921845177795182,0.15921845177794314,0.15921845177793748,0.15921845177794314,0.15921845177795182,0.15921845177794686,0.15921845177793748,0.1592184517779316,0.15921845177793748,0.15921845177794686,0.15921845177795182,0.15921845177794314,0.15921845177793748,0.15921845177794314,0.15921845177795182,0.1592184517779599,0.15921845177795182,0.15921845177794686,0.15921845177795182,0.1592184517779599,0.15776544655205874,0.15776544655203462,0.15776544655201905,0.15776544655203462,0.15776544655205874,0.15776544655203462,0.15776544655200753,0.15776544655198937,0.15776544655200753,0.15776544655203462,0.15776544655201905,0.15776544655198937,0.15776544655196914,0.15776544655198937,0.15776544655201905,0.15776544655203462,0.15776544655200753,0.15776544655198937,0.15776544655200753,0.15776544655203462,0.15776544655205874,0.15776544655203462,0.15776544655201905,0.15776544655203462,0.15776544655205874,0.15634146286378814,0.1563414628637177,0.1563414628636704,0.1563414628637177,0.15634146286378814,0.1563414628637177,0.15634146286363299,0.1563414628635738,0.15634146286363299,0.1563414628637177,0.1563414628636704,0.1563414628635738,0.15634146286350523,0.1563414628635738,0.15634146286367062,0.1563414628637177,0.15634146286363299,0.1563414628635738,0.15634146286363299,0.1563414628637177,0.15634146286378814,0.1563414628637177,0.15634146286367062,0.1563414628637177,0.15634146286378814,0.15494591491329632,0.15494591491309526,0.1549459149129553,0.15494591491309526,0.15494591491329632,0.15494591491309526,0.15494591491283646,0.154945914912644,0.15494591491283646,0.15494591491309526,0.1549459149129553,0.154945914912644,0.15494591491240015,0.154945914912644,0.1549459149129553,0.15494591491309526,0.15494591491283646,0.154945914912644,0.15494591491283646,0.15494591491309526,0.15494591491329632,0.15494591491309526,0.1549459149129553,0.15494591491309526,0.15494591491329632,0.1535782209415834,0.15357822094103732,0.15357822094063103,0.15357822094103732,0.1535782209415834,0.15357822094103732,0.1535782209402665,0.15357822093962417,0.1535782209402665,0.15357822094103732,0.15357822094063103,0.15357822093962417,0.15357822093869067,0.15357822093962417,0.15357822094063103,0.15357822094103732,0.1535782209402665,0.15357822093962417,0.1535782209402665,0.15357822094103732,0.1535782209415834,0.15357822094103732,0.15357822094063103,0.15357822094103732,0.1535782209415834,0.15223780409187657,0.15223780409050264,0.1522378040893724,0.15223780409050264,0.15223780409187657,0.15223780409050264,0.15223780408830395,0.15223780408612692,0.15223780408830395,0.15223780409050264,0.1522378040893724,0.15223780408612692,0.15223780408216298,0.15223780408612692,0.1522378040893724,0.15223780409050264,0.15223780408830395,0.15223780408612692,0.15223780408830395,0.15223780409050264,0.15223780409187657,0.15223780409050264,0.1522378040893724,0.15223780409050264,0.15223780409187657,0.15092409317150057,0.15092409316846384,0.15092409316559358,0.15092409316846384,0.15092409317150057,0.15092409316846384,0.15092409316274685,0.15092409315548802,0.15092409316274685,0.15092409316846384,0.15092409316559358,0.15092409315548802,0.1509240931364673,0.15092409315548802,0.15092409316559358,0.15092409316846384,0.15092409316274685,0.15092409315548802,0.15092409316274685,0.15092409316846384,0.15092409317150057,0.15092409316846384,0.15092409316559358,0.15092409316846384,0.15092409317150057,0.14963652332220773,0.14963652331694025,0.14963652331107427,0.14963652331694025,0.14963652332220773,0.14963652331694025,0.14963652330506974,0.1496365232839869,0.14963652330506974,0.14963652331694025,0.14963652331107427,0.1496365232839869,0.14963652318062404,0.1496365232839869,0.14963652331107427,0.14963652331694025,0.14963652330506974,0.1496365232839869,0.14963652330506974,0.14963652331694025,0.14963652332220773,0.14963652331694025,0.14963652331107427,0.14963652331694025,0.14963652332220773,0.14837453660508207,0.1483745365995494,0.14837453659362757,0.1483745365995494,0.14837453660508207,0.1483745365995494,0.14837453658759137,0.1483745365680867,0.14837453658759137,0.1483745365995494,0.14837453659362757,0.1483745365680867,0.14837453648472904,0.1483745365680867,0.14837453659362757,0.1483745365995494,0.14837453658759137,0.1483745365680867,0.14837453658759137,0.1483745365995494,0.14837453660508207,0.1483745365995494,0.14837453659362757,0.1483745365995494,0.14837453660508207,0.14713758250364645,0.14713758249916625,0.14713758249458161,0.14713758249916625,0.14713758250364645,0.14713758249916625,0.14713758248995354,0.14713758247588402,0.14713758248995354,0.14713758249916625,0.14713758249458161,0.14713758247588402,0.1471375824195574,0.14713758247588402,0.14713758249458161,0.14713758249916625,0.14713758248995354,0.14713758247588402,0.14713758248995354,0.14713758249916625,0.14713758250364645,0.14713758249916625,0.14713758249458161,0.14713758249916625,0.14713758250364645,0.14592511836297492,0.14592511835992758,0.14592511835691366,0.14592511835992758,0.14592511836297492,0.14592511835992758,0.14592511835390187,0.14592511834508307,0.14592511835390187,0.14592511835992758,0.14592511835691366,0.14592511834508307,0.1459251183109722,0.14592511834508307,0.14592511835691366,0.14592511835992758,0.14592511835390187,0.14592511834508307,0.14592511835390187,0.14592511835992758,0.14592511836297492,0.14592511835992758,0.14592511835691366,0.14592511835992758,0.14592511836297492,0.14473660976504446,0.14473660976334227,0.14473660976172156,0.14473660976334227,0.14473660976504446,0.14473660976334227,0.14473660976012268,0.14473660975565386,0.14473660976012268,0.14473660976334227,0.14473660976172156,0.14473660975565386,0.14473660973923744,0.14473660975565386,0.14473660976172156,0.14473660976334227,0.14473660976012268,0.14473660975565386,0.14473660976012268,0.14473660976334227,0.14473660976504446,0.14473660976334227,0.14473660976172156,0.14473660976334227,0.14473660976504446,0.1435715308444635,0.14357153084384697,0.143571530843316,0.14357153084384697,0.1435715308444635,0.14357153084384697,0.1435715308428085,0.14357153084162474,0.1435715308428085,0.14357153084384697,0.143571530843316,0.14357153084162474,0.14357153083839327,0.14357153084162474,0.143571530843316,0.14357153084384697,0.1435715308428085,0.14357153084162474,0.1435715308428085,0.14357153084384697,0.1435715308444635,0.14357153084384697,0.143571530843316,0.14357153084384697,0.1435715308444635,0.14242936455020158,0.1424293645503955,0.14242936455063407,0.1424293645503955,0.14242936455020158,0.1424293645503955,0.14242936455088148,0.14242936455183836,0.14242936455088148,0.1424293645503955,0.14242936455063407,0.14242936455183836,0.1424293645566936,0.14242936455183836,0.14242936455063407,0.1424293645503955,0.14242936455088148,0.14242936455183836,0.14242936455088148,0.1424293645503955,0.14242936455020158,0.1424293645503955,0.14242936455063407,0.1424293645503955,0.14242936455020158,0.1413096028585093,0.14130960285937635,0.14130960286019129,0.14130960285937635,0.1413096028585093,0.14130960285937635,0.14130960286098254,0.14130960286328803,0.14130960286098254,0.14130960285937635,0.14130960286019129,0.14130960286328803,0.14130960287257277,0.14130960286328803,0.14130960286019129,0.14130960285937635,0.14130960286098254,0.14130960286328803,0.14130960286098254,0.14130960285937635,0.1413096028585093,0.14130960285937635,0.14130960286019129,0.14130960285937635,0.1413096028585093,0.14021174694154823,0.14021174694328428,0.1402117469447736,0.14021174694328428,0.14021174694154823,0.14021174694328428,0.1402117469461865,0.14021174694966085,0.1402117469461865,0.14021174694328428,0.1402117469447736,0.14021174694966085,0.14021174696136782,0.14021174694966085,0.1402117469447736,0.14021174694328428,0.1402117469461865,0.14021174694966085,0.1402117469461865,0.14021174694328428,0.14021174694154823,0.14021174694328428,0.1402117469447736,0.14021174694328428,0.14021174694154823,0.13913530729583706,0.13913530729929768,0.1391353073022414,0.13913530729929768,0.13913530729583706,0.13913530729929768,0.13913530730507462,0.13913530731105947,0.13913530730507462,0.13913530729929768,0.1391353073022414,0.13913530731105947,0.1391353073227583,0.13913530731105947,0.1391353073022414,0.13913530729929768,0.13913530730507462,0.13913530731105947,0.13913530730507462,0.13913530729929768,0.13913530729583706,0.13913530729929768,0.1391353073022414,0.13913530729929768,0.13913530729583706,0.13807980383408963,0.13807980384101312,0.1380798038478368,0.13807980384101312,0.13807980383408963,0.13807980384101312,0.13807980385470578,0.13807980387304855,0.13807980385470578,0.13807980384101312,0.1380798038478368,0.13807980387304855,0.1380798039236865,0.13807980387304855,0.1380798038478368,0.13807980384101312,0.13807980385470578,0.13807980387304855,0.13807980385470578,0.13807980384101312,0.13807980383408963,0.13807980384101312,0.1380798038478368,0.13807980384101312,0.13807980383408963,0.13704476594421527,0.13704476595491083,0.13704476596776005,0.13704476595491083,0.13704476594421527,0.13704476595491083,0.1370447659810552,0.13704476603313878,0.1370447659810552,0.13704476595491083,0.13704476596776005,0.13704476603313878,0.1370447663206919,0.13704476603313878,0.13704476596776005,0.13704476595491083,0.1370447659810552,0.13704476603313878,0.1370447659810552,0.13704476595491083,0.13704476594421527,0.13704476595491083,0.13704476596776005,0.13704476595491083,0.13704476594421527,0.13602973252398162,0.13602973253137476,0.1360297325385842,0.13602973253137476,0.13602973252398162,0.13602973253137476,0.13602973254580453,0.13602973256502565,0.13602973254580453,0.13602973253137476,0.1360297325385842,0.13602973256502565,0.13602973261821918,0.13602973256502565,0.1360297325385842,0.13602973253137476,0.13602973254580453,0.13602973256502565,0.13602973254580453,0.13602973253137476,0.13602973252398162,0.13602973253137476,0.1360297325385842,0.13602973253137476,0.13602973252398162,0.1350342520019155,0.13503425200653008,0.13503425201033226,0.13503425200653008,0.1350342520019155,0.13503425200653008,0.13503425201393576,0.1350342520212607,0.13503425201393576,0.13503425200653008,0.13503425201033226,0.1350342520212607,0.1350342520345547,0.1350342520212607,0.13503425201033226,0.13503425200653008,0.13503425201393576,0.1350342520212607,0.13503425201393576,0.13503425200653021,0.1350342520019155,0.13503425200653008,0.13503425201033226,0.13503425200653021,0.1350342520019155
0.16533248781957788,0.16533248781957763,0.16533248781957763,0.16533248781957763,0.16533248781957788,0.16533248781957763,0.16533248781957763,0.16533248781957738,0.16533248781957763,0.16533248781957763,0.16533248781957763,0.16533248781957738,0.16533248781957738,0.16533248781957738,0.16533248781957763,0.16533248781957763,0.16533248781957763,0.16533248781957738,0.16533248781957763,0.16533248781957763,0.16533248781957788,0.16533248781957763,0.16533248781957763,0.16533248781957763,0.16533248781957788,0.1637574941001115,0.16375749410011123,0.163757494100111,0.16375749410011123,0.1637574941001115,0.16375749410011123,0.163757494100111,0.16375749410011078,0.163757494100111,0.16375749410011123,0.163757494100111,0.16375749410011078,0.16375749410011056,0.16375749410011078,0.163757494100111,0.16375749410011123,0.163757494100111,0.16375749410011078,0.163757494100111,0.16375749410011123,0.1637574941001115,0.16375749410011123,0.163757494100111,0.16375749410011123,0.1637574941001115,0.16221388431256284,0.16221388431256195,0.1622138843125615,0.16221388431256195,0.16221388431256284,0.16221388431256195,0.16221388431256104,0.16221388431256062,0.16221388431256104,0.16221388431256195,0.1622138843125615,0.16221388431256062,0.16221388431255993,0.16221388431256062,0.1622138843125615,0.16221388431256195,0.16221388431256104,0.16221388431256062,0.16221388431256104,0.16221388431256195,0.16221388431256284,0.16221388431256195,0.1622138843125615,0.16221388431256195,0.16221388431256284,0.16070106741397353,0.16070106741397108,0.1607010674139693,0.16070106741397108,0.16070106741397353,0.16070106741397108,0.16070106741396822,0.16070106741396642,0.16070106741396822,0.16070106741397108,0.1607010674139693,0.16070106741396642,0.16070106741396464,0.16070106741396642,0.1607010674139693,0.16070106741397108,0.16070106741396822,0.16070106741396642,0.16070106741396822,0.16070106741397108,0.16070106741397353,0.16070106741397108,0.1607010674139693,0.16070106741397108,0.16070106741397353,0.15921845177932564,0.1592184517793176,0.15921845177931257,0.1592184517793176,0.15921845177932564,0.1592184517793176,0.15921845177930888,0.15921845177930322,0.15921845177930888,0.1592184517793176,0.15921845177931257,0.15921845177930322,0.15921845177929733,0.15921845177930322,0.15921845177931257,0.1592184517793176,0.15921845177930888,0.15921845177930322,0.15921845177930888,0.1592184517793176,0.15921845177932564,0.1592184517793176,0.15921845177931257,0.1592184517793176,0.15921845177932564,0.15776544655339655,0.15776544655337268,0.15776544655335728,0.15776544655337268,0.15776544655339655,0.15776544655337268,0.15776544655334554,0.15776544655332764,0.15776544655334554,0.15776544655337268,0.15776544655335728,0.15776544655332764,0.15776544655330738,0.15776544655332764,0.15776544655335728,0.15776544655337268,0.15776544655334554,0.15776544655332764,0.15776544655334554,0.15776544655337268,0.15776544655339655,0.15776544655337268,0.15776544655335728,0.15776544655337268,0.15776544655339655,0.1563414628650988,0.15634146286502837,0.15634146286498132,0.15634146286502837,0.1563414628650988,0.15634146286502837,0.15634146286494408,0.1563414628648851,0.15634146286494408,0.15634146286502837,0.15634146286498132,0.1563414628648851,0.15634146286481654,0.1563414628648851,0.15634146286498132,0.15634146286502837,0.15634146286494408,0.1563414628648851,0.15634146286494408,0.15634146286502837,0.1563414628650988,0.15634146286502837,0.15634146286498132,0.15634146286502837,0.1563414628650988,0.15494591491457937,0.15494591491437898,0.1549459149142394,0.15494591491437898,0.15494591491457937,0.15494591491437898,0.15494591491412096,0.15494591491392892,0.15494591491412096,0.15494591491437898,0.1549459149142394,0.15494591491392892,0.1549459149136859,0.15494591491392892,0.1549459149142394,0.15494591491437898,0.15494591491412096,0.15494591491392892,0.15494591491412096,0.15494591491437898,0.15494591491457937,0.15494591491437898,0.1549459149142394,0.15494591491437898,0.15494591491457937,0.15357822094283827,0.1535782209422938,0.1535782209418887,0.1535782209422938,0.15357822094283827,0.1535782209422938,0.15357822094152518,0.15357822094088508,0.15357822094152518,0.1535782209422938,0.1535782209418887,0.15357822094088508,0.15357822093995419,0.15357822094088508,0.1535782209418887,0.1535782209422938,0.15357822094152518,0.15357822094088508,0.15357822094152518,0.1535782209422938,0.15357822094283827,0.1535782209422938,0.1535782209418887,0.1535782209422938,0.15357822094283827,0.15223780409310014,0.15223780409173054,0.15223780409060383,0.15223780409173054,0.15223780409310014,0.15223780409173054,0.15223780408953855,0.15223780408736778,0.15223780408953855,0.15223780409173054,0.15223780409060383,0.15223780408736778,0.15223780408341525,0.15223780408736778,0.15223780409060383,0.15223780409173054,0.15223780408953855,0.15223780408736778,0.15223780408953855,0.15223780409173054,0.15223780409310014,0.15223780409173054,0.15223780409060383,0.15223780409173054,0.15223780409310014,0.15092409317268413,0.15092409316965724,0.15092409316679603,0.15092409316965724,0.15092409317268413,0.15092409316965724,0.150924093163958,0.1509240931567206,0.150924093163958,0.15092409316965724,0.15092409316679603,0.1509240931567206,0.15092409313775423,0.1509240931567206,0.15092409316679603,0.15092409316965724,0.150924093163958,0.1509240931567206,0.150924093163958,0.15092409316965724,0.15092409317268413,0.15092409316965724,0.15092409316679603,0.15092409316965724,0.15092409317268413,0.14963652332333166,0.1496365233180823,0.14963652331223545,0.1496365233180823,0.14963652332333166,0.1496365233180823,0.14963652330625019,0.14963652328523086,0.14963652330625019,0.1496365233180823,0.14963652331223545,0.14963652328523086,0.14963652318213483,0.14963652328523086,0.14963652331223545,0.1496365233180823,0.14963652330625019,0.14963652328523086,0.14963652330625019,0.1496365233180823,0.14963652332333166,0.1496365233180823,0.14963652331223545,0.1496365233180823,0.14963652332333166,0.14837453660610822,0.1483745366005993,0.1483745365947019,0.1483745366005993,0.14837453660610822,0.1483745366005993,0.14837453658869001,0.14837453656925928,0.14837453658869001,0.1483745366005993,0.1483745365947019,0.14837453656925928,0.1483745364861746,0.14837453656925928,0.1483745365947019,0.1483745366005993,0.14837453658869001,0.14837453656925928,0.14837453658869001,0.1483745366005993,0.14837453660610822,0.1483745366005993,0.1483745365947019,0.1483745366005993,0.14837453660610822,0.14713758250452477,0.14713758250007308,0.14713758249551676,0.14713758250007308,0.14713758250452477,0.14713758250007308,0.14713758249091702,0.14713758247693143,0.14713758249091702,0.14713758250007308,0.14713758249551676,0.14713758247693143,0.14713758242095526,0.14713758247693143,0.14713758249551676,0.14713758250007308,0.14713758249091702,0.14713758247693143,0.14713758249091702,0.14713758250007308,0.14713758250452477,0.14713758250007308,0.14713758249551676,0.14713758250007308,0.14713758250452477,0.145925118363645,0.14592511836063127,0.14592511835765098,0.14592511836063127,0.145925118363645,0.14592511836063127,0.14592511835467306,0.14592511834595503,0.14592511835467306,0.14592511836063127,0.14592511835765098,0.14592511834595503,0.1459251183122288,0.14592511834595503,0.14592511835765098,0.14592511836063127,0.14592511835467306,0.14592511834595503,0.14592511835467306,0.14592511836063127,0.145925118363645,0.14592511836063127,0.14592511835765098,0.14592511836063127,0.145925118363645,0.14473660976543443,0.14473660976377078,0.14473660976218952,0.14473660976377078,0.14473660976543443,0.14473660976377078,0.1447366097606301,0.14473660975628277,0.1447366097606301,0.14473660976377078,0.14473660976218952,0.14473660975628277,0.14473660974034672,0.14473660975628277,0.14473660976218952,0.14473660976377078,0.1447366097606301,0.14473660975628277,0.1447366097606301,0.14473660976377078,0.14473660976543443,0.14473660976377078,0.14473660976218952,0.14473660976377078,0.14473660976543443,0.14357153084448984,0.14357153084391458,0.14357153084342605,0.14357153084391458,0.14357153084448984,0.14357153084391458,0.14357153084296112,0.14357153084190893,0.14357153084296112,0.14357153084391458,0.14357153084342605,0.14357153084190893,0.14357153083923294,0.14357153084190893,0.14357153084342605,0.14357153084391458,0.14357153084296112,0.14357153084190893,0.14357153084296112,0.14357153084391458,0.14357153084448984,0.14357153084391458,0.14357153084342605,0.14357153084391458,0.14357153084448984,0.1424293645497745,0.14242936455000849,0.14242936455028882,0.14242936455000849,0.1424293645497745,0.14242936455000849,0.14242936455057872,0.14242936455166708,0.14242936455057872,0.14242936455000849,0.14242936455028882,0.14242936455166708,0.1424293645570551,0.14242936455166708,0.14242936455028882,0.14242936455000849,0.14242936455057872,0.14242936455166708,0.14242936455057872,0.14242936455000849,0.1424293645497745,0.14242936455000849,0.14242936455028882,0.14242936455000849,0.1424293645497745,0.14130960285753943,0.14130960285843988,0.1413096028592915,0.14130960285843988,0.14130960285753943,0.14130960285843988,0.14130960286012056,0.1413096028625512,0.14130960286012056,0.14130960285843988,0.1413096028592915,0.1413096028625512,0.14130960287237493,0.1413096028625512,0.1413096028592915,0.14130960285843988,0.14130960286012056,0.1413096028625512,0.14130960286012056,0.14130960285843988,0.14130960285753943,0.14130960285843988,0.1413096028592915,0.14130960285843988,0.14130960285753943,0.14021174693995972,0.14021174694171012,0.14021174694321897,0.14021174694171012,0.14021174693995972,0.14021174694171012,0.14021174694465313,0.1402117469482115,0.14021174694465313,0.14021174694171012,0.14021174694321897,0.1402117469482115,0.14021174696034192,0.1402117469482115,0.14021174694321897,0.14021174694171012,0.14021174694465313,0.1402117469482115,0.14021174694465313,0.14021174694171012,0.14021174693995972,0.14021174694171012,0.14021174694321897,0.14021174694171012,0.14021174693995972,0.13913530729359141,0.13913530729702922,0.1391353072999551,0.13913530729702922,0.13913530729359141,0.13913530729702922,0.13913530730277124,0.13913530730872556,0.13913530730277124,0.13913530729702922,0.1391353072999551,0.13913530730872556,0.13913530732038695,0.13913530730872556,0.1391353072999551,0.13913530729702922,0.13913530730277124,0.13913530730872556,0.13913530730277124,0.13913530729702922,0.13913530729359141,0.13913530729702922,0.1391353072999551,0.13913530729702922,0.13913530729359141,0.13807980383122398,0.13807980383807217,0.13807980384481988,0.13807980383807217,0.13807980383122398,0.13807980383807217,0.13807980385161192,0.13807980386974464,0.13807980385161192,0.13807980383807217,0.13807980384481988,0.13807980386974464,0.13807980391978983,0.13807980386974464,0.13807980384481988,0.13807980383807217,0.13807980385161192,0.13807980386974464,0.13807980385161192,0.13807980383807217,0.13807980383122398,0.13807980383807217,0.13807980384481988,0.13807980383807217,0.13807980383122398,0.1370447659408763,0.13704476595144552,0.1370447659641412,0.13704476595144552,0.1370447659408763,0.13704476595144552,0.1370447659772773,0.13704476602873264,0.1370447659772773,0.13704476595144552,0.1370447659641412,0.13704476602873264,0.13704476631278978,0.13704476602873264,0.1370447659641412,0.13704476595144552,0.1370447659772773,0.13704476602873264,0.1370447659772773,0.13704476595144552,0.1370447659408763,0.13704476595144552,0.1370447659641412,0.13704476595144552,0.1370447659408763,0.13602973252042244,0.13602973252772718,0.13602973253484996,0.13602973252772718,0.13602973252042244,0.13602973252772718,0.13602973254198353,0.13602973256097253,0.13602973254198353,0.13602973252772718,0.13602973253484996,0.13602973256097253,0.13602973261352222,0.13602973256097253,0.13602973253484996,0.13602973252772718,0.13602973254198353,0.13602973256097253,0.13602973254198353,0.13602973252772718,0.13602973252042244,0.13602973252772718,0.13602973253484996,0.13602973252772718,0.13602973252042244,0.13503425199831365,0.13503425200287292,0.13503425200662938,0.13503425200287292,0.13503425199831365,0.13503425200287292,0.13503425201018943,0.13503425201742605,0.13503425201018943,0.13503425200287292,0.13503425200662938,0.13503425201742605,0.13503425203055916,0.13503425201742605,0.13503425200662938,0.13503425200287292,0.13503425201018943,0.13503425201742605,0.13503425201018943,0.13503425200287292,0.13503425199831365,0.13503425200287292,0.13503425200662938,0.13503425200287292,0.13503425199831365
0.16533248782104878,0.16533248782104878,0.16533248782104878,0.16533248782104878,0.16533248782104878,0.16533248782104878,0.16533248782104853,0.16533248782104853,0.16533248782104853,0.16533248782104878,0.16533248782104878,0.16533248782104853,0.16533248782104853,0.16533248782104853,0.16533248782104878,0.16533248782104878,0.16533248782104853,0.16533248782104853,0.16533248782104853,0.16533248782104878,0.16533248782104878,0.16533248782104878,0.16533248782104878,0.16533248782104878,0.16533248782104878,0.16375749410155332,0.16375749410155288,0.16375749410155288,0.16375749410155288,0.16375749410155332,0.16375749410155288,0.16375749410155266,0.16375749410155238,0.16375749410155266,0.16375749410155288,0.16375749410155288,0.16375749410155238,0.16375749410155216,0.16375749410155238,0.16375749410155288,0.16375749410155288,0.16375749410155266,0.16375749410155238,0.16375749410155266,0.16375749410155288,0.16375749410155332,0.16375749410155288,0.16375749410155288,0.16375749410155288,0.1637574941015531,0.16221388431397574,0.16221388431397485,0.16221388431397438,0.16221388431397485,0.16221388431397574,0.16221388431397485,0.16221388431397393,0.16221388431397346,0.16221388431397393,0.16221388431397485,0.16221388431397438,0.16221388431397346,0.16221388431397277,0.16221388431397346,0.16221388431397438,0.16221388431397485,0.16221388431397393,0.16221388431397346,0.16221388431397393,0.16221388431397485,0.16221388431397574,0.16221388431397485,0.16221388431397438,0.16221388431397485,0.16221388431397574,0.160701067415358,0.16070106741535534,0.16070106741535375,0.16070106741535534,0.160701067415358,0.16070106741535534,0.16070106741535267,0.16070106741535087,0.16070106741535267,0.16070106741535534,0.16070106741535375,0.16070106741535087,0.1607010674153491,0.16070106741535087,0.16070106741535375,0.16070106741535534,0.16070106741535267,0.16070106741535087,0.16070106741535267,0.16070106741535534,0.160701067415358,0.16070106741535534,0.16070106741535375,0.16070106741535534,0.160701067415358,0.15921845178068203,0.15921845178067395,0.15921845178066896,0.15921845178067395,0.15921845178068203,0.15921845178067395,0.15921845178066527,0.15921845178065983,0.15921845178066527,0.15921845178067395,0.15921845178066896,0.15921845178065983,0.1592184517806537,0.15921845178065983,0.15921845178066896,0.15921845178067395,0.15921845178066527,0.15921845178065983,0.15921845178066527,0.15921845178067395,0.15921845178068203,0.15921845178067395,0.15921845178066896,0.15921845178067395,0.15921845178068203,0.1577654465547254,0.1577654465547015,0.15776544655468616,0.1577654465547015,0.1577654465547254,0.1577654465547015,0.1577654465546744,0.1577654465546565,0.1577654465546744,0.1577654465547015,0.15776544655468616,0.1577654465546565,0.15776544655463645,0.1577654465546565,0.15776544655468616,0.1577654465547015,0.1577654465546744,0.1577654465546565,0.1577654465546744,0.1577654465547015,0.1577654465547254,0.1577654465547015,0.15776544655468616,0.1577654465547015,0.1577654465547254,0.1563414628664003,0.15634146286633005,0.15634146286628323,0.15634146286633005,0.1563414628664003,0.15634146286633005,0.15634146286624598,0.15634146286618722,0.15634146286624598,0.15634146286633005,0.15634146286628323,0.15634146286618722,0.15634146286611886,0.15634146286618722,0.15634146286628323,0.15634146286633005,0.15634146286624598,0.15634146286618722,0.15634146286624598,0.15634146286633005,0.1563414628664003,0.15634146286633005,0.15634146286628323,0.15634146286633005,0.1563414628664003,0.15494591491585366,0.15494591491565385,0.15494591491551468,0.15494591491565385,0.15494591491585366,0.15494591491565385,0.15494591491539667,0.15494591491520526,0.15494591491539667,0.15494591491565385,0.15494591491551468,0.15494591491520526,0.154945914914963,0.15494591491520526,0.15494591491551468,0.15494591491565385,0.15494591491539667,0.15494591491520526,0.15494591491539667,0.15494591491565385,0.15494591491585366,0.15494591491565385,0.15494591491551468,0.15494591491565385,0.15494591491585366,0.15357822094408452,0.15357822094354184,0.15357822094313797,0.15357822094354184,0.15357822094408452,0.15357822094354184,0.15357822094277543,0.15357822094213713,0.15357822094277543,0.15357822094354184,0.15357822094313797,0.15357822094213713,0.15357822094120924,0.15357822094213713,0.15357822094313797,0.15357822094354184,0.15357822094277543,0.15357822094213713,0.15357822094277543,0.15357822094354184,0.15357822094408452,0.15357822094354184,0.15357822094313797,0.15357822094354184,0.15357822094408452,0.15223780409431523,0.15223780409294993,0.1522378040918266,0.15223780409294993,0.15223780409431523,0.15223780409294993,0.15223780409076465,0.15223780408860038,0.15223780409076465,0.15223780409294993,0.1522378040918266,0.15223780408860038,0.15223780408465926,0.15223780408860038,0.1522378040918266,0.15223780409294993,0.15223780409076465,0.15223780408860038,0.15223780409076465,0.15223780409294993,0.15223780409431523,0.15223780409294993,0.1522378040918266,0.15223780409294993,0.15223780409431523,0.1509240931738598,0.15092409317084274,0.1509240931679902,0.15092409317084274,0.1509240931738598,0.15092409317084274,0.15092409316516084,0.15092409315794506,0.15092409316516084,0.15092409317084274,0.1509240931679902,0.15092409315794506,0.15092409313903254,0.15092409315794506,0.1509240931679902,0.15092409317084274,0.15092409316516084,0.15092409315794506,0.15092409316516084,0.15092409317084274,0.1509240931738598,0.15092409317084274,0.1509240931679902,0.15092409317084274,0.1509240931738598,0.1496365233244478,0.14963652331921662,0.14963652331338886,0.14963652331921662,0.1496365233244478,0.14963652331921662,0.14963652330742272,0.14963652328646634,0.14963652330742272,0.14963652331921662,0.14963652331338886,0.14963652328646634,0.14963652318362822,0.14963652328646634,0.14963652331338886,0.14963652331921662,0.14963652330742272,0.14963652328646634,0.14963652330742272,0.14963652331921662,0.1496365233244478,0.14963652331921662,0.14963652331338886,0.14963652331921662,0.1496365233244478,0.14837453660712718,0.14837453660164196,0.14837453659576869,0.14837453660164196,0.14837453660712718,0.14837453660164196,0.14837453658978086,0.1483745365704237,0.14837453658978086,0.14837453660164196,0.14837453659576869,0.1483745365704237,0.14837453648762386,0.1483745365704237,0.14837453659576869,0.14837453660164196,0.14837453658978086,0.1483745365704237,0.14837453658978086,0.14837453660164196,0.14837453660712718,0.14837453660164196,0.14837453659576869,0.14837453660164196,0.14837453660712718,0.14713758250539674,0.1471375825009734,0.1471375824964452,0.1471375825009734,0.14713758250539674,0.1471375825009734,0.1471375824918738,0.14713758247797143,0.1471375824918738,0.1471375825009734,0.1471375824964452,0.14713758247797143,0.14713758242230898,0.14713758247797143,0.1471375824964452,0.1471375825009734,0.1471375824918738,0.14713758247797143,0.1471375824918738,0.1471375825009734,0.14713758250539674,0.1471375825009734,0.1471375824964452,0.1471375825009734,0.14713758250539674,0.14592511836431007,0.1459251183613298,0.14592511835838284,0.1459251183613298,0.14592511836431007,0.1459251183613298,0.14592511835543837,0.14592511834682062,0.14592511835543837,0.1459251183613298,0.14592511835838284,0.14592511834682062,0.14592511831349253,0.14592511834682062,0.14592511835838284,0.1459251183613298,0.14592511835543837,0.14592511834682062,0.14592511835543837,0.1459251183613298,0.14592511836431007,0.1459251183613298,0.14592511835838284,0.1459251183613298,0.14592511836431007,0.14473660976582103,0.1447366097641958,0.14473660976265368,0.1447366097641958,0.14473660976582103,0.1447366097641958,0.1447366097611335,0.1447366097569068,0.1447366097611335,0.1447366097641958,0.14473660976265368,0.1447366097569068,0.14473660974146957,0.1447366097569068,0.14473660976265368,0.1447366097641958,0.1447366097611335,0.1447366097569068,0.1447366097611335,0.1447366097641958,0.14473660976582103,0.1447366097641958,0.14473660976265368,0.1447366097641958,0.14473660976582103,0.14357153084451535,0.14357153084398114,0.14357153084353452,0.14357153084398114,0.14357153084451535,0.14357153084398114,0.14357153084311222,0.1435715308421908,0.14357153084311222,0.14357153084398114,0.14357153084353452,0.1435715308421908,0.14357153084006863,0.1435715308421908,0.14357153084353452,0.14357153084398114,0.14357153084311222,0.1435715308421908,0.14357153084311222,0.14357153084398114,0.14357153084451535,0.14357153084398114,0.14357153084353452,0.14357153084398114,0.14357153084451535,0.14242936454934943,0.14242936454962335,0.14242936454994526,0.14242936454962335,0.14242936454934943,0.14242936454962335,0.1424293645502774,0.14242936455149646,0.1424293645502774,0.14242936454962335,0.14242936454994526,0.14242936455149646,0.14242936455741595,0.14242936455149646,0.14242936454994526,0.14242936454962335,0.1424293645502774,0.14242936455149646,0.1424293645502774,0.14242936454962335,0.14242936454934943,0.14242936454962335,0.14242936454994526,0.14242936454962335,0.14242936454934943,0.1413096028565755,0.14130960285750888,0.14130960285839697,0.14130960285750888,0.1413096028565755,0.14130960285750888,0.14130960285926356,0.1413096028618182,0.14130960285926356,0.14130960285750888,0.14130960285839697,0.1413096028618182,0.14130960287220024,0.1413096028618182,0.14130960285839697,0.14130960285750888,0.14130960285926356,0.1413096028618182,0.14130960285926356,0.14130960285750888,0.1413096028565755,0.14130960285750888,0.14130960285839697,0.14130960285750888,0.1413096028565755,0.14021174693838123,0.14021174694014582,0.14021174694167401,0.14021174694014582,0.14021174693838123,0.14021174694014582,0.140211746943129,0.14021174694677008,0.140211746943129,0.14021174694014582,0.14021174694167401,0.14021174694677008,0.14021174695933458,0.14021174694677008,0.14021174694167401,0.14021174694014582,0.140211746943129,0.14021174694677008,0.140211746943129,0.14021174694014582,0.14021174693838123,0.14021174694014582,0.14021174694167401,0.14021174694014582,0.14021174693838123,0.13913530729136062,0.13913530729477597,0.13913530729768367,0.13913530729477597,0.13913530729136062,0.13913530729477597,0.1391353073004829,0.1391353073064067,0.1391353073004829,0.13913530729477597,0.13913530729768367,0.1391353073064067,0.1391353073180303,0.1391353073064067,0.13913530729768367,0.13913530729477597,0.1391353073004829,0.1391353073064067,0.1391353073004829,0.13913530729477597,0.13913530729136062,0.13913530729477597,0.13913530729768367,0.13913530729477597,0.13913530729136062,0.13807980382837803,0.13807980383515117,0.13807980384182356,0.13807980383515117,0.13807980382837803,0.13807980383515117,0.13807980384853918,0.13807980386646335,0.13807980384853918,0.13807980383515117,0.13807980384182356,0.13807980386646335,0.13807980391592048,0.13807980386646335,0.13807980384182356,0.13807980383515117,0.13807980384853918,0.13807980386646335,0.13807980384853918,0.13807980383515117,0.13807980382837803,0.13807980383515117,0.13807980384182356,0.13807980383515117,0.13807980382837803,0.1370447659375605,0.13704476594800427,0.13704476596054774,0.13704476594800427,0.1370447659375605,0.13704476594800427,0.13704476597352586,0.1370447660243577,0.13704476597352586,0.13704476594800427,0.13704476596054774,0.1370447660243577,0.13704476630497447,0.1370447660243577,0.13704476596054774,0.13704476594800427,0.13704476597352586,0.1370447660243577,0.13704476597352586,0.13704476594800427,0.1370447659375605,0.13704476594800427,0.13704476596054774,0.13704476594800427,0.1370447659375605,0.13602973251688802,0.13602973252410508,0.136029732531142,0.13602973252410508,0.13602973251688802,0.13602973252410508,0.1360297325381892,0.1360297325569481,0.1360297325381892,0.13602973252410508,0.136029732531142,0.1360297325569481,0.13602973260885862,0.1360297325569481,0.136029732531142,0.13602973252410508,0.1360297325381892,0.1360297325569481,0.1360297325381892,0.13602973252410508,0.13602973251688802,0.13602973252410508,0.136029732531142,0.13602973252410508,0.13602973251688802,0.13503425199473723,0.13503425199924138,0.13503425200295233,0.13503425199924138,0.13503425199473723,0.13503425199924138,0.13503425200646937,0.13503425201361827,0.13503425200646937,0.13503425199924138,0.13503425200295233,0.13503425201361827,0.13503425202659186,0.13503425201361827,0.13503425200295233,0.13503425199924138,0.13503425200646937,0.13503425201361827,0.13503425200646937,0.13503425199924138,0.13503425199473723,0.13503425199924138,0.13503425200295233,0.13503425199924138,0.13503425199473723
0.16533248782250998,0.16533248782250998,0.16533248782250978,0.16533248782250998,0.16533248782250998,0.16533248782250998,0.16533248782250978,0.16533248782250978,0.16533248782250978,0.16533248782250998,0.16533248782250978,0.16533248782250978,0.16533248782250978,0.16533248782250978,0.16533248782250978,0.16533248782250998,0.16533248782250978,0.16533248782250978,0.16533248782250978,0.16533248782250998,0.16533248782250998,0.16533248782250998,0.16533248782250978,0.16533248782250998,0.16533248782250998,0.16375749410298523,0.16375749410298504,0.16375749410298476,0.16375749410298504,0.16375749410298523,0.16375749410298504,0.16375749410298476,0.1637574941029845,0.16375749410298476,0.16375749410298504,0.16375749410298476,0.1637574941029845,0.1637574941029843,0.1637574941029845,0.16375749410298476,0.16375749410298504,0.16375749410298476,0.1637574941029845,0.16375749410298476,0.16375749410298504,0.16375749410298523,0.16375749410298504,0.16375749410298476,0.16375749410298504,0.16375749410298523,0.1622138843153791,0.1622138843153782,0.16221388431537748,0.1622138843153782,0.1622138843153791,0.1622138843153782,0.16221388431537728,0.1622138843153766,0.16221388431537728,0.1622138843153782,0.16221388431537748,0.1622138843153766,0.16221388431537614,0.1622138843153766,0.16221388431537748,0.1622138843153782,0.16221388431537728,0.1622138843153766,0.16221388431537728,0.1622138843153782,0.1622138843153791,0.1622138843153782,0.16221388431537748,0.1622138843153782,0.16221388431537886,0.16070106741673312,0.16070106741673046,0.16070106741672868,0.16070106741673046,0.16070106741673312,0.16070106741673046,0.16070106741672757,0.16070106741672602,0.16070106741672757,0.16070106741673046,0.16070106741672868,0.16070106741672602,0.16070106741672402,0.16070106741672602,0.1607010674167289,0.16070106741673046,0.16070106741672757,0.16070106741672602,0.16070106741672757,0.16070106741673046,0.16070106741673312,0.16070106741673046,0.1607010674167289,0.16070106741673046,0.16070106741673312,0.15921845178202926,0.1592184517820212,0.15921845178201616,0.1592184517820212,0.15921845178202926,0.1592184517820212,0.15921845178201272,0.15921845178200703,0.15921845178201272,0.1592184517820212,0.15921845178201616,0.15921845178200703,0.1592184517820012,0.15921845178200703,0.15921845178201616,0.1592184517820212,0.15921845178201272,0.15921845178200703,0.15921845178201272,0.1592184517820212,0.15921845178202926,0.1592184517820212,0.15921845178201616,0.1592184517820212,0.15921845178202926,0.1577654465560453,0.15776544655602162,0.15776544655600605,0.15776544655602162,0.1577654465560453,0.15776544655602162,0.1577654465559945,0.1577654465559766,0.1577654465559945,0.15776544655602162,0.15776544655600605,0.1577654465559766,0.15776544655595653,0.1577654465559766,0.15776544655600605,0.15776544655602162,0.1577654465559945,0.1577654465559766,0.1577654465559945,0.15776544655602162,0.1577654465560453,0.15776544655602162,0.15776544655600605,0.15776544655602162,0.1577654465560453,0.156341462867693,0.15634146286762315,0.15634146286757652,0.15634146286762315,0.156341462867693,0.15634146286762315,0.1563414628675393,0.15634146286748074,0.1563414628675393,0.15634146286762315,0.15634146286757652,0.15634146286748074,0.1563414628674126,0.15634146286748074,0.15634146286757652,0.15634146286762315,0.1563414628675393,0.15634146286748074,0.1563414628675393,0.15634146286762315,0.156341462867693,0.15634146286762315,0.15634146286757652,0.15634146286762315,0.156341462867693,0.1549459149171195,0.15494591491692034,0.15494591491678159,0.15494591491692034,0.1549459149171195,0.15494591491692034,0.15494591491666376,0.15494591491647294,0.15494591491666376,0.15494591491692034,0.15494591491678159,0.15494591491647294,0.15494591491623136,0.15494591491647294,0.15494591491678159,0.15494591491692034,0.15494591491666376,0.15494591491647294,0.15494591491666376,0.15494591491692034,0.1549459149171195,0.15494591491692034,0.15494591491678159,0.15494591491692034,0.1549459149171195,0.1535782209453223,0.15357822094478144,0.15357822094437876,0.15357822094478144,0.1535782209453223,0.15357822094478144,0.15357822094401746,0.15357822094338094,0.15357822094401746,0.15357822094478144,0.15357822094437876,0.15357822094338094,0.15357822094245568,0.15357822094338094,0.15357822094437876,0.15357822094478144,0.15357822094401746,0.15357822094338094,0.15357822094401746,0.15357822094478144,0.1535782209453223,0.15357822094478144,0.15357822094437876,0.15357822094478144,0.1535782209453223,0.15223780409552246,0.15223780409416132,0.1522378040930415,0.15223780409416132,0.15223780409552246,0.15223780409416132,0.15223780409198268,0.15223780408982474,0.15223780409198268,0.15223780409416132,0.1522378040930415,0.15223780408982474,0.15223780408589502,0.15223780408982474,0.1522378040930415,0.15223780409416132,0.15223780409198268,0.15223780408982474,0.15223780409198268,0.15223780409416132,0.15223780409552246,0.15223780409416132,0.1522378040930415,0.15223780409416132,0.15223780409552246,0.15092409317502753,0.1509240931720201,0.15092409316917646,0.1509240931720201,0.15092409317502753,0.1509240931720201,0.15092409316635577,0.15092409315916122,0.15092409316635577,0.1509240931720201,0.15092409316917646,0.15092409315916122,0.15092409314030272,0.15092409315916122,0.15092409316917646,0.1509240931720201,0.15092409316635577,0.15092409315916122,0.15092409316635577,0.1509240931720201,0.15092409317502753,0.1509240931720201,0.15092409316917646,0.1509240931720201,0.15092409317502753,0.1496365233255564,0.1496365233203432,0.14963652331453434,0.1496365233203432,0.1496365233255564,0.1496365233203432,0.1496365233085873,0.1496365232876937,0.1496365233085873,0.1496365233203432,0.14963652331453434,0.1496365232876937,0.14963652318516055,0.1496365232876937,0.14963652331453434,0.1496365233203432,0.1496365233085873,0.1496365232876937,0.1496365233085873,0.1496365233203432,0.1496365233255564,0.1496365233203432,0.14963652331453434,0.1496365233203432,0.1496365233255564,0.14837453660813926,0.1483745366026776,0.14837453659682823,0.1483745366026776,0.14837453660813926,0.1483745366026776,0.1483745365908645,0.14837453657158053,0.1483745365908645,0.1483745366026776,0.14837453659682823,0.14837453657158053,0.1483745364890978,0.14837453657158053,0.14837453659682823,0.1483745366026776,0.1483745365908645,0.14837453657158053,0.1483745365908645,0.1483745366026776,0.14837453660813926,0.1483745366026776,0.14837453659682823,0.1483745366026776,0.14837453660813926,0.1471375825062627,0.14713758250186748,0.1471375824973673,0.14713758250186748,0.1471375825062627,0.14713758250186748,0.1471375824928237,0.14713758247900413,0.1471375824928237,0.14713758250186748,0.1471375824973673,0.14713758247900413,0.14713758242365288,0.14713758247900413,0.1471375824973673,0.14713758250186748,0.1471375824928237,0.14713758247900413,0.1471375824928237,0.14713758250186748,0.1471375825062627,0.14713758250186748,0.1471375824973673,0.14713758250186748,0.1471375825062627,0.14592511836497032,0.14592511836202318,0.1459251183591095,0.14592511836202318,0.14592511836497032,0.14592511836202318,0.14592511835619834,0.14592511834767993,0.14592511835619834,0.14592511836202318,0.1459251183591095,0.14592511834767993,0.1459251183147468,0.14592511834767993,0.1459251183591095,0.14592511836202318,0.14592511835619834,0.14592511834767993,0.14592511835619834,0.14592511836202318,0.14592511836497032,0.14592511836202318,0.1459251183591095,0.14592511836202318,0.14592511836497032,0.1447366097662047,0.14473660976461752,0.14473660976311414,0.14473660976461752,0.1447366097662047,0.14473660976461752,0.14473660976163308,0.14473660975752609,0.14473660976163308,0.14473660976461752,0.14473660976311414,0.14473660975752609,0.14473660974261515,0.14473660975752609,0.14473660976311414,0.14473660976461752,0.14473660976163308,0.14473660975752609,0.14473660976163308,0.14473660976461752,0.1447366097662047,0.14473660976461752,0.14473660976311414,0.14473660976461752,0.1447366097662047,0.14357153084454016,0.14357153084404667,0.143571530843642,0.14357153084404667,0.14357153084454016,0.14357153084404667,0.1435715308432616,0.14357153084247004,0.1435715308432616,0.14357153084404667,0.143571530843642,0.14357153084247004,0.14357153084087046,0.14357153084247004,0.143571530843642,0.14357153084404667,0.1435715308432616,0.14357153084247004,0.1435715308432616,0.14357153084404667,0.14357153084454016,0.14357153084404667,0.143571530843642,0.14357153084404667,0.14357153084454016,0.14242936454892682,0.1424293645492402,0.1424293645496034,0.1424293645492402,0.14242936454892682,0.1424293645492402,0.14242936454997732,0.14242936455132638,0.14242936454997732,0.1424293645492402,0.1424293645496034,0.14242936455132638,0.14242936455778885,0.14242936455132638,0.1424293645496034,0.1424293645492402,0.14242936454997732,0.14242936455132638,0.14242936454997732,0.1424293645492402,0.14242936454892682,0.1424293645492402,0.1424293645496034,0.1424293645492402,0.14242936454892682,0.1413096028556175,0.14130960285658356,0.14130960285750754,0.14130960285658356,0.1413096028556175,0.14130960285658356,0.14130960285841143,0.1413096028610893,0.14130960285841143,0.14130960285658356,0.14130960285750754,0.1413096028610893,0.14130960287202723,0.1413096028610893,0.14130960285750754,0.14130960285658356,0.14130960285841143,0.1413096028610893,0.14130960285841143,0.14130960285658356,0.1413096028556175,0.14130960285658356,0.14130960285750754,0.14130960285658356,0.1413096028556175,0.14021174693681304,0.14021174693859148,0.14021174694013872,0.14021174693859148,0.14021174693681304,0.14021174693859148,0.14021174694161417,0.14021174694533686,0.14021174694161417,0.14021174693859148,0.14021174694013872,0.14021174694533686,0.14021174695830546,0.14021174694533686,0.14021174694013872,0.14021174693859148,0.14021174694161417,0.14021174694533686,0.14021174694161417,0.14021174693859148,0.14021174693681304,0.14021174693859148,0.14021174694013872,0.14021174693859148,0.14021174693681304,0.13913530728914467,0.1391353072925376,0.13913530729542742,0.1391353072925376,0.13913530728914467,0.1391353072925376,0.13913530729820955,0.139135307304103,0.13913530729820955,0.1391353072925376,0.13913530729542742,0.139135307304103,0.13913530731568835,0.139135307304103,0.13913530729542742,0.1391353072925376,0.13913530729820955,0.139135307304103,0.13913530729820955,0.1391353072925376,0.13913530728914467,0.1391353072925376,0.13913530729542742,0.1391353072925376,0.13913530728914467,0.1380798038255515,0.1380798038322502,0.13807980383884783,0.1380798038322502,0.1380798038255515,0.1380798038322502,0.1380798038454875,0.13807980386320468,0.1380798038454875,0.1380798038322502,0.13807980383884783,0.13807980386320468,0.13807980391207791,0.13807980386320468,0.13807980383884783,0.1380798038322502,0.1380798038454875,0.13807980386320468,0.1380798038454875,0.1380798038322502,0.1380798038255515,0.1380798038322502,0.13807980383884783,0.1380798038322502,0.1380798038255515,0.13704476593426776,0.137044765944587,0.13704476595697934,0.137044765944587,0.13704476593426776,0.137044765944587,0.13704476596980072,0.13704476602001392,0.13704476596980072,0.137044765944587,0.13704476595697934,0.13704476602001392,0.13704476629720141,0.13704476602001392,0.13704476595697934,0.137044765944587,0.13704476596980072,0.13704476602001392,0.13704476596980072,0.137044765944587,0.13704476593426776,0.137044765944587,0.13704476595697934,0.137044765944587,0.13704476593426776,0.1360297325133785,0.13602973252050848,0.13602973252746012,0.13602973252050848,0.1360297325133785,0.13602973252050848,0.13602973253442174,0.1360297325529521,0.13602973253442174,0.13602973252050848,0.13602973252746012,0.1360297325529521,0.1360297326042284,0.1360297325529521,0.13602973252746012,0.13602973252050848,0.13602973253442174,0.1360297325529521,0.13602973253442174,0.13602973252050848,0.1360297325133785,0.13602973252050848,0.13602973252746012,0.13602973252050848,0.1360297325133785,0.13503425199118566,0.13503425199563543,0.13503425199930136,0.13503425199563543,0.1350342519911858,0.13503425199563543,0.13503425200277552,0.1350342520098374,0.13503425200277552,0.13503425199563543,0.13503425199930136,0.1350342520098374,0.13503425202265276,0.1350342520098374,0.13503425199930136,0.13503425199563543,0.13503425200277552,0.1350342520098374,0.13503425200277552,0.13503425199563543,0.1350342519911858,0.13503425199563543,0.13503425199930136,0.13503425199563543,0.1350342519911858
0.16533248782396182,0.16533248782396157,0.16533248782396157,0.16533248782396157,0.16533248782396182,0.16533248782396157,0.16533248782396157,0.16533248782396134,0.16533248782396157,0.16533248782396157,0.16533248782396157,0.16533248782396134,0.16533248782396134,0.16533248782396134,0.16533248782396157,0.16533248782396157,0.16533248782396157,0.16533248782396134,0.16533248782396157,0.16533248782396157,0.16533248782396182,0.16533248782396157,0.16533248782396157,0.16533248782396157,0.16533248782396182,0.1637574941044079,0.16375749410440765,0.16375749410440743,0.16375749410440765,0.1637574941044079,0.16375749410440765,0.16375749410440743,0.1637574941044072,0.16375749410440743,0.16375749410440765,0.16375749410440743,0.1637574941044072,0.16375749410440696,0.1637574941044072,0.16375749410440743,0.16375749410440765,0.16375749410440743,0.1637574941044072,0.16375749410440743,0.16375749410440765,0.1637574941044079,0.16375749410440765,0.16375749410440743,0.16375749410440765,0.1637574941044079,0.16221388431677314,0.16221388431677225,0.16221388431677178,0.16221388431677225,0.16221388431677314,0.16221388431677225,0.16221388431677133,0.1622138843167709,0.16221388431677133,0.16221388431677225,0.16221388431677178,0.1622138843167709,0.1622138843167702,0.1622138843167709,0.16221388431677178,0.16221388431677225,0.16221388431677133,0.1622138843167709,0.16221388431677133,0.16221388431677225,0.16221388431677314,0.16221388431677225,0.16221388431677178,0.16221388431677225,0.16221388431677314,0.16070106741809914,0.16070106741809648,0.16070106741809492,0.16070106741809648,0.16070106741809914,0.16070106741809648,0.16070106741809378,0.16070106741809204,0.16070106741809378,0.16070106741809648,0.16070106741809492,0.16070106741809204,0.16070106741809023,0.16070106741809204,0.16070106741809492,0.16070106741809648,0.16070106741809378,0.16070106741809204,0.16070106741809378,0.16070106741809648,0.16070106741809914,0.16070106741809648,0.16070106741809492,0.16070106741809648,0.16070106741809914,0.15921845178336755,0.15921845178335972,0.1592184517833547,0.15921845178335972,0.15921845178336755,0.15921845178335972,0.15921845178335123,0.1592184517833456,0.15921845178335123,0.15921845178335972,0.1592184517833547,0.1592184517833456,0.15921845178333968,0.1592184517833456,0.1592184517833547,0.15921845178335972,0.15921845178335123,0.1592184517833456,0.15921845178335123,0.15921845178335972,0.15921845178336755,0.15921845178335972,0.1592184517833547,0.15921845178335972,0.15921845178336755,0.15776544655735666,0.15776544655733277,0.15776544655731742,0.15776544655733277,0.15776544655735666,0.15776544655733277,0.1577654465573059,0.1577654465572882,0.1577654465573059,0.15776544655733277,0.15776544655731742,0.1577654465572882,0.15776544655726812,0.1577654465572882,0.15776544655731742,0.15776544655733277,0.1577654465573059,0.1577654465572882,0.1577654465573059,0.15776544655733277,0.15776544655735666,0.15776544655733277,0.15776544655731742,0.15776544655733277,0.15776544655735666,0.15634146286897752,0.15634146286890768,0.15634146286886128,0.15634146286890768,0.15634146286897752,0.15634146286890768,0.15634146286882428,0.1563414628687657,0.15634146286882428,0.15634146286890768,0.15634146286886128,0.1563414628687657,0.15634146286869774,0.1563414628687657,0.15634146286886128,0.15634146286890768,0.15634146286882428,0.1563414628687657,0.15634146286882428,0.15634146286890768,0.15634146286897752,0.15634146286890768,0.15634146286886128,0.15634146286890768,0.15634146286897752,0.154945914918377,0.1549459149181784,0.15494591491804008,0.1549459149181784,0.154945914918377,0.1549459149181784,0.15494591491792264,0.15494591491773246,0.15494591491792264,0.1549459149181784,0.15494591491804008,0.15494591491773246,0.1549459149174915,0.15494591491773246,0.15494591491804008,0.1549459149181784,0.15494591491792264,0.15494591491773246,0.15494591491792264,0.1549459149181784,0.154945914918377,0.1549459149181784,0.15494591491804008,0.1549459149181784,0.154945914918377,0.1535782209465523,0.153578220946013,0.15357822094561152,0.153578220946013,0.1535782209465523,0.153578220946013,0.15357822094525123,0.15357822094461676,0.15357822094525123,0.153578220946013,0.15357822094561152,0.15357822094461676,0.15357822094369408,0.15357822094461676,0.15357822094561152,0.153578220946013,0.15357822094525123,0.15357822094461676,0.15357822094525123,0.153578220946013,0.1535782209465523,0.153578220946013,0.15357822094561152,0.153578220946013,0.1535782209465523,0.15223780409672158,0.15223780409536478,0.1522378040942483,0.15223780409536478,0.15223780409672158,0.15223780409536478,0.15223780409319268,0.15223780409104118,0.15223780409319268,0.15223780409536478,0.1522378040942483,0.15223780409104118,0.1522378040871227,0.15223780409104118,0.1522378040942483,0.15223780409536478,0.15223780409319268,0.15223780409104118,0.15223780409319268,0.15223780409536478,0.15223780409672158,0.15223780409536478,0.1522378040942483,0.15223780409536478,0.15223780409672158,0.15092409317618777,0.15092409317318997,0.15092409317035502,0.15092409317318997,0.15092409317618777,0.15092409317318997,0.15092409316754302,0.15092409316036967,0.15092409316754302,0.15092409317318997,0.15092409317035502,0.15092409316036967,0.1509240931415646,0.15092409316036967,0.15092409317035502,0.15092409317318997,0.15092409316754302,0.15092409316036967,0.15092409316754302,0.15092409317318997,0.15092409317618777,0.15092409317318997,0.15092409317035502,0.15092409317318997,0.15092409317618777,0.14963652332665764,0.14963652332146257,0.14963652331567245,0.14963652332146257,0.14963652332665764,0.14963652332146257,0.14963652330974428,0.1496365232889131,0.14963652330974428,0.14963652332146257,0.14963652331567245,0.1496365232889131,0.14963652318662482,0.1496365232889131,0.14963652331567245,0.14963652332146257,0.14963652330974428,0.1496365232889131,0.14963652330974428,0.14963652332146257,0.14963652332665764,0.14963652332146257,0.14963652331567245,0.14963652332146257,0.14963652332665764,0.1483745366091445,0.14837453660370634,0.1483745365978807,0.14837453660370634,0.1483745366091445,0.14837453660370634,0.14837453659194086,0.1483745365727296,0.14837453659194086,0.14837453660370634,0.1483745365978807,0.1483745365727296,0.14837453649055837,0.1483745365727296,0.1483745365978807,0.14837453660370634,0.14837453659194086,0.1483745365727296,0.14837453659194086,0.14837453660370634,0.1483745366091445,0.14837453660370634,0.1483745365978807,0.14837453660370634,0.1483745366091445,0.14713758250712283,0.14713758250275544,0.14713758249828301,0.14713758250275544,0.14713758250712283,0.14713758250275544,0.1471375824937674,0.14713758248002998,0.1471375824937674,0.14713758250275544,0.14713758249828301,0.14713758248002998,0.14713758242503003,0.14713758248002998,0.14713758249828301,0.14713758250275544,0.1471375824937674,0.14713758248002998,0.1471375824937674,0.14713758250275544,0.14713758250712283,0.14713758250275544,0.14713758249828301,0.14713758250275544,0.14713758250712283,0.14592511836562577,0.14592511836271158,0.14592511835983088,0.14592511836271158,0.14592511836562577,0.14592511836271158,0.1459251183569528,0.14592511834853306,0.1459251183569528,0.14592511836271158,0.14592511835983088,0.14592511834853306,0.14592511831596014,0.14592511834853306,0.14592511835983088,0.14592511836271158,0.1459251183569528,0.14592511834853306,0.1459251183569528,0.14592511836271158,0.14592511836562577,0.14592511836271158,0.14592511835983088,0.14592511836271158,0.14592511836562577,0.1447366097665854,0.14473660976503594,0.1447366097635711,0.14473660976503594,0.1447366097665854,0.14473660976503594,0.1447366097621288,0.14473660975814048,0.1447366097621288,0.14473660976503594,0.1447366097635711,0.14473660975814048,0.14473660974371796,0.14473660975814048,0.1447366097635711,0.14473660976503594,0.1447366097621288,0.14473660975814048,0.1447366097621288,0.14473660976503594,0.1447366097665854,0.14473660976503594,0.1447366097635711,0.14473660976503594,0.1447366097665854,0.14357153084456445,0.14357153084411117,0.14357153084374794,0.14357153084411117,0.14357153084456445,0.14357153084411117,0.14357153084340962,0.1435715308427469,0.14357153084340962,0.14357153084411117,0.14357153084374794,0.1435715308427469,0.14357153084166752,0.1435715308427469,0.14357153084374794,0.14357153084411117,0.14357153084340962,0.1435715308427469,0.14357153084340962,0.14357153084411117,0.14357153084456445,0.14357153084411117,0.14357153084374794,0.14357153084411117,0.14357153084456445,0.14242936454850647,0.14242936454885907,0.1424293645492632,0.14242936454885907,0.14242936454850647,0.14242936454885907,0.1424293645496789,0.14242936455115693,0.1424293645496789,0.14242936454885907,0.1424293645492632,0.14242936455115693,0.14242936455814634,0.14242936455115693,0.1424293645492632,0.14242936454885907,0.1424293645496789,0.14242936455115693,0.1424293645496789,0.14242936454885907,0.14242936454850647,0.14242936454885907,0.1424293645492632,0.14242936454885907,0.14242936454850647,0.14130960285466523,0.14130960285566355,0.14130960285662353,0.14130960285566355,0.14130960285466523,0.14130960285566355,0.1413096028575641,0.14130960286036415,0.1413096028575641,0.14130960285566355,0.14130960285662353,0.14130960286036415,0.14130960287182248,0.14130960286036415,0.14130960285662353,0.14130960285566355,0.1413096028575641,0.14130960286036415,0.1413096028575641,0.14130960285566355,0.14130960285466523,0.14130960285566355,0.14130960285662353,0.14130960285566355,0.14130960285466523,0.1402117469352547,0.14021174693704685,0.14021174693861294,0.14021174693704685,0.1402117469352547,0.14021174693704685,0.1402117469401087,0.14021174694391156,0.1402117469401087,0.14021174693704685,0.14021174693861294,0.14021174694391156,0.14021174695729538,0.14021174694391156,0.14021174693861294,0.14021174693704685,0.1402117469401087,0.14021174694391156,0.1402117469401087,0.14021174693704685,0.1402117469352547,0.14021174693704685,0.14021174693861294,0.14021174693704685,0.1402117469352547,0.13913530728694343,0.1391353072903139,0.13913530729318585,0.1391353072903139,0.13913530728694343,0.1391353072903139,0.13913530729595122,0.13913530730181417,0.13913530729595122,0.1391353072903139,0.13913530729318585,0.13913530730181417,0.1391353073133611,0.13913530730181417,0.13913530729318585,0.1391353072903139,0.13913530729595122,0.13913530730181417,0.13913530729595122,0.1391353072903139,0.13913530728694343,0.1391353072903139,0.13913530729318585,0.1391353072903139,0.13913530728694343,0.13807980382274412,0.13807980382936905,0.13807980383589227,0.13807980382936905,0.13807980382274412,0.13807980382936905,0.13807980384245672,0.13807980385996851,0.13807980384245672,0.13807980382936905,0.13807980383589227,0.13807980385996851,0.1380798039082622,0.13807980385996851,0.13807980383589227,0.13807980382936905,0.13807980384245672,0.13807980385996851,0.13807980384245672,0.13807980382936905,0.13807980382274412,0.13807980382936905,0.13807980383589227,0.13807980382936905,0.13807980382274412,0.13704476593099785,0.13704476594119366,0.1370447659534359,0.13704476594119366,0.13704476593099785,0.13704476594119366,0.1370447659661016,0.1370447660157007,0.1370447659661016,0.13704476594119366,0.1370447659534359,0.1370447660157007,0.13704476628948875,0.1370447660157007,0.1370447659534359,0.13704476594119366,0.1370447659661016,0.1370447660157007,0.1370447659661016,0.13704476594119366,0.13704476593099785,0.13704476594119366,0.1370447659534359,0.13704476594119366,0.13704476593099785,0.13602973250989345,0.13602973251693692,0.13602973252380388,0.13602973251693692,0.13602973250989345,0.13602973251693692,0.13602973253068065,0.1360297325489842,0.13602973253068065,0.13602973251693692,0.13602973252380388,0.1360297325489842,0.13602973259963114,0.1360297325489842,0.13602973252380388,0.13602973251693692,0.13602973253068065,0.1360297325489842,0.13602973253068065,0.13602973251693692,0.13602973250989345,0.13602973251693692,0.13602973252380388,0.13602973251693692,0.13602973250989345,0.1350342519876591,0.1350342519920546,0.13503425199567576,0.1350342519920546,0.1350342519876591,0.1350342519920546,0.13503425199910757,0.13503425200608302,0.13503425199910757,0.1350342519920546,0.13503425199567576,0.13503425200608302,0.13503425201874117,0.13503425200608302,0.13503425199567592,0.1350342519920546,0.13503425199910757,0.13503425200608302,0.13503425199910757,0.1350342519920546,0.1350342519876591,0.1350342519920546,0.13503425199567592,0.1350342519920546,0.1350342519876591
0.1653324878254037,0.1653324878254037,0.1653324878254037,0.1653324878254037,0.1653324878254037,0.1653324878254037,0.16533248782540347,0.16533248782540347,0.16533248782540347,0.1653324878254037,0.1653324878254037,0.16533248782540347,0.16533248782540347,0.16533248782540347,0.1653324878254037,0.1653324878254037,0.16533248782540347,0.16533248782540347,0.16533248782540347,0.1653324878254037,0.1653324878254037,0.1653324878254037,0.1653324878254037,0.1653324878254037,0.1653324878254037,0.16375749410582108,0.16375749410582086,0.1637574941058206,0.16375749410582086,0.16375749410582108,0.16375749410582086,0.1637574941058206,0.16375749410582036,0.1637574941058206,0.16375749410582086,0.1637574941058206,0.16375749410582036,0.16375749410582016,0.16375749410582036,0.1637574941058206,0.16375749410582086,0.1637574941058206,0.16375749410582036,0.1637574941058206,0.16375749410582086,0.16375749410582108,0.16375749410582086,0.1637574941058206,0.16375749410582086,0.16375749410582108,0.16221388431815792,0.16221388431815723,0.16221388431815656,0.16221388431815723,0.16221388431815792,0.16221388431815723,0.16221388431815634,0.16221388431815564,0.16221388431815634,0.16221388431815723,0.16221388431815656,0.16221388431815564,0.1622138843181552,0.16221388431815564,0.16221388431815656,0.16221388431815723,0.16221388431815634,0.16221388431815564,0.16221388431815634,0.16221388431815723,0.16221388431815792,0.16221388431815723,0.16221388431815656,0.16221388431815723,0.16221388431815792,0.16070106741945606,0.1607010674194536,0.16070106741945184,0.1607010674194536,0.16070106741945606,0.1607010674194536,0.1607010674194507,0.16070106741944915,0.1607010674194507,0.1607010674194536,0.16070106741945184,0.16070106741944915,0.16070106741944715,0.16070106741944915,0.16070106741945184,0.1607010674194536,0.1607010674194507,0.16070106741944915,0.1607010674194507,0.1607010674194536,0.16070106741945606,0.1607010674194536,0.16070106741945184,0.1607010674194536,0.16070106741945606,0.15921845178469715,0.1592184517846893,0.1592184517846843,0.1592184517846893,0.15921845178469715,0.1592184517846893,0.15921845178468083,0.15921845178467517,0.15921845178468083,0.1592184517846893,0.1592184517846843,0.15921845178467517,0.15921845178466928,0.15921845178467517,0.1592184517846843,0.1592184517846893,0.15921845178468083,0.15921845178467517,0.15921845178468083,0.1592184517846893,0.15921845178469715,0.1592184517846893,0.1592184517846843,0.1592184517846893,0.15921845178469715,0.15776544655865926,0.15776544655863559,0.15776544655862024,0.15776544655863559,0.15776544655865926,0.15776544655863559,0.15776544655860872,0.15776544655859082,0.15776544655860872,0.15776544655863559,0.15776544655862024,0.15776544655859082,0.15776544655857094,0.15776544655859082,0.15776544655862024,0.15776544655863559,0.15776544655860872,0.15776544655859082,0.15776544655860872,0.15776544655863559,0.15776544655865926,0.15776544655863559,0.15776544655862024,0.15776544655863559,0.15776544655865926,0.1563414628702533,0.15634146287018388,0.15634146287013745,0.15634146287018388,0.1563414628702533,0.15634146287018388,0.15634146287010045,0.15634146287004233,0.15634146287010045,0.15634146287018388,0.15634146287013745,0.15634146287004233,0.15634146286997458,0.15634146287004233,0.15634146287013745,0.15634146287018388,0.15634146287010045,0.15634146287004233,0.15634146287010045,0.15634146287018388,0.1563414628702533,0.15634146287018388,0.15634146287013745,0.15634146287018388,0.1563414628702533,0.15494591491962625,0.1549459149194283,0.15494591491929038,0.1549459149194283,0.15494591491962625,0.1549459149194283,0.15494591491917334,0.15494591491898357,0.15494591491917334,0.1549459149194283,0.15494591491929038,0.15494591491898357,0.1549459149187434,0.15494591491898357,0.15494591491929038,0.1549459149194283,0.15494591491917334,0.15494591491898357,0.15494591491917334,0.1549459149194283,0.15494591491962625,0.1549459149194283,0.15494591491929038,0.1549459149194283,0.15494591491962625,0.153578220947774,0.15357822094723633,0.15357822094683604,0.15357822094723633,0.153578220947774,0.15357822094723633,0.15357822094647694,0.1535782209458443,0.15357822094647694,0.15357822094723633,0.15357822094683604,0.1535782209458443,0.15357822094492424,0.1535782209458443,0.15357822094683604,0.15357822094723633,0.15357822094647694,0.1535782209458443,0.15357822094647694,0.15357822094723633,0.153578220947774,0.15357822094723633,0.15357822094683604,0.15357822094723633,0.153578220947774,0.15223780409791288,0.15223780409656018,0.15223780409544707,0.15223780409656018,0.15223780409791288,0.15223780409656018,0.15223780409439475,0.1522378040922494,0.15223780409439475,0.15223780409656018,0.15223780409544707,0.1522378040922494,0.15223780408834214,0.1522378040922494,0.15223780409544707,0.15223780409656018,0.15223780409439475,0.1522378040922494,0.15223780409439475,0.15223780409656018,0.15223780409791288,0.15223780409656018,0.15223780409544707,0.15223780409656018,0.15223780409791288,0.15092409317734007,0.15092409317435193,0.15092409317152583,0.15092409317435193,0.15092409317734007,0.15092409317435193,0.15092409316872232,0.1509240931615702,0.15092409316872232,0.15092409317435193,0.15092409317152583,0.1509240931615702,0.15092409314281818,0.1509240931615702,0.15092409317152583,0.15092409317435193,0.15092409316872232,0.1509240931615702,0.15092409316872232,0.15092409317435193,0.15092409317734007,0.15092409317435193,0.15092409317152583,0.15092409317435193,0.15092409317734007,0.14963652332775168,0.14963652332257435,0.14963652331680297,0.14963652332257435,0.14963652332775168,0.14963652332257435,0.14963652331089372,0.14963652329012475,0.14963652331089372,0.14963652332257435,0.14963652331680297,0.14963652329012475,0.14963652318815526,0.14963652329012475,0.14963652331680297,0.14963652332257435,0.14963652331089372,0.14963652329012475,0.14963652331089372,0.14963652332257435,0.14963652332775168,0.14963652332257435,0.14963652331680297,0.14963652332257435,0.14963652332775168,0.14837453661014305,0.14837453660472827,0.14837453659892613,0.14837453660472827,0.14837453661014305,0.14837453660472827,0.14837453659301023,0.14837453657387123,0.14837453659301023,0.14837453660472827,0.14837453659892613,0.14837453657387123,0.14837453649197968,0.14837453657387123,0.14837453659892613,0.14837453660472827,0.14837453659301023,0.14837453657387123,0.14837453659301023,0.14837453660472827,0.14837453661014305,0.14837453660472827,0.14837453659892613,0.14837453660472827,0.14837453661014305,0.14713758250797682,0.1471375825036372,0.1471375824991924,0.1471375825036372,0.14713758250797682,0.1471375825036372,0.1471375824947044,0.1471375824810487,0.1471375824947044,0.1471375825036372,0.1471375824991924,0.1471375824810487,0.14713758242636849,0.1471375824810487,0.1471375824991924,0.1471375825036372,0.1471375824947044,0.1471375824810487,0.1471375824947044,0.1471375825036372,0.14713758250797682,0.1471375825036372,0.1471375824991924,0.1471375825036372,0.14713758250797682,0.1459251183662766,0.1459251183633952,0.14592511836054706,0.1459251183633952,0.1459251183662766,0.1459251183633952,0.14592511835770175,0.14592511834937993,0.14592511835770175,0.1459251183633952,0.14592511836054706,0.14592511834937993,0.14592511831723756,0.14592511834937993,0.14592511836054706,0.1459251183633952,0.14592511835770175,0.14592511834937993,0.14592511835770175,0.1459251183633952,0.1459251183662766,0.1459251183633952,0.14592511836054706,0.1459251183633952,0.1459251183662766,0.14473660976696295,0.14473660976545102,0.1447366097640244,0.14473660976545102,0.14473660976696295,0.14473660976545102,0.14473660976262048,0.1447366097587502,0.14473660976262048,0.14473660976545102,0.1447366097640244,0.1447366097587502,0.14473660974477157,0.1447366097587502,0.1447366097640244,0.14473660976545102,0.14473660976262048,0.1447366097587502,0.14473660976262048,0.14473660976545102,0.14473660976696295,0.14473660976545102,0.1447366097640244,0.14473660976545102,0.14473660976696295,0.14357153084458774,0.14357153084417468,0.14357153084385266,0.14357153084417468,0.14357153084458774,0.14357153084417468,0.14357153084355576,0.14357153084302118,0.14357153084355576,0.14357153084417468,0.14357153084385266,0.14357153084302118,0.1435715308424861,0.14357153084302118,0.14357153084385266,0.14357153084417468,0.14357153084355576,0.14357153084302118,0.14357153084355576,0.14357153084417468,0.14357153084458774,0.14357153084417468,0.14357153084385266,0.14357153084417468,0.14357153084458774,0.1424293645480879,0.1424293645484798,0.14242936454892452,0.1424293645484798,0.1424293645480879,0.1424293645484798,0.14242936454938146,0.14242936455098787,0.14242936454938146,0.1424293645484798,0.14242936454892452,0.14242936455098787,0.1424293645584805,0.14242936455098787,0.14242936454892452,0.1424293645484798,0.14242936454938146,0.14242936455098787,0.14242936454938146,0.1424293645484798,0.1424293645480879,0.1424293645484798,0.14242936454892452,0.1424293645484798,0.1424293645480879,0.1413096028537184,0.14130960285474894,0.14130960285574432,0.14130960285474894,0.1413096028537184,0.14130960285474894,0.14130960285672156,0.14130960285964264,0.14130960285672156,0.14130960285474894,0.14130960285574432,0.14130960285964264,0.14130960287162528,0.14130960285964264,0.14130960285574432,0.14130960285474894,0.14130960285672156,0.14130960285964264,0.14130960285672156,0.14130960285474894,0.1413096028537184,0.14130960285474894,0.14130960285574432,0.14130960285474894,0.1413096028537184,0.14021174693370603,0.14021174693551172,0.14021174693709618,0.14021174693551172,0.14021174693370603,0.14021174693551172,0.14021174693861183,0.1402117469424938,0.14021174693861183,0.14021174693551172,0.14021174693709618,0.1402117469424938,0.14021174695625818,0.1402117469424938,0.14021174693709618,0.14021174693551172,0.14021174693861183,0.1402117469424938,0.14021174693861183,0.14021174693551172,0.14021174693370603,0.14021174693551172,0.14021174693709618,0.14021174693551172,0.14021174693370603,0.13913530728475645,0.1391353072881046,0.13913530729095885,0.1391353072881046,0.13913530728475645,0.1391353072881046,0.13913530729370732,0.1391353072995399,0.13913530729370732,0.1391353072881046,0.13913530729095885,0.1391353072995399,0.13913530731104776,0.1391353072995399,0.13913530729095885,0.1391353072881046,0.13913530729370732,0.1391353072995399,0.13913530729370732,0.1391353072881046,0.13913530728475645,0.1391353072881046,0.13913530729095885,0.1391353072881046,0.13913530728475645,0.13807980381995574,0.1380798038265073,0.1380798038329567,0.1380798038265073,0.13807980381995574,0.1380798038265073,0.1380798038394463,0.13807980385675403,0.1380798038394463,0.1380798038265073,0.1380798038329567,0.13807980385675403,0.1380798039044725,0.13807980385675403,0.1380798038329567,0.1380798038265073,0.1380798038394463,0.13807980385675403,0.1380798038394463,0.1380798038265073,0.13807980381995574,0.1380798038265073,0.1380798038329567,0.1380798038265073,0.13807980381995574,0.13704476592775025,0.13704476593782322,0.13704476594991663,0.13704476593782322,0.13704476592775025,0.13704476593782322,0.137044765962428,0.1370447660114177,0.137044765962428,0.13704476593782322,0.13704476594991663,0.1370447660114177,0.13704476628183324,0.1370447660114177,0.13704476594991663,0.13704476593782322,0.137044765962428,0.1370447660114177,0.137044765962428,0.13704476593782322,0.13704476592775025,0.13704476593782322,0.13704476594991663,0.13704476593782322,0.13704476592775025,0.13602973250643224,0.13602973251339,0.13602973252017297,0.13602973251339,0.13602973250643224,0.13602973251339,0.13602973252696537,0.1360297325450439,0.13602973252696537,0.13602973251339,0.13602973252017297,0.1360297325450439,0.13602973259506626,0.1360297325450439,0.13602973252017297,0.13602973251339,0.13602973252696537,0.1360297325450439,0.13602973252696537,0.13602973251339,0.13602973250643224,0.13602973251339,0.13602973252017297,0.13602973251339,0.13602973250643224,0.13503425198415686,0.13503425198849867,0.1350342519920754,0.1350342519884985,0.13503425198415686,0.13503425198849867,0.13503425199546504,0.13503425200235464,0.13503425199546504,0.1350342519884985,0.1350342519920754,0.13503425200235464,0.1350342520148569,0.13503425200235464,0.1350342519920754,0.1350342519884985,0.13503425199546504,0.13503425200235464,0.13503425199546504,0.13503425198849867,0.13503425198415686,0.1350342519884985,0.1350342519920754,0.13503425198849867,0.13503425198415686
0.16533248782683635,0.16533248782683635,0.16533248782683635,0.16533248782683635,0.16533248782683635,0.16533248782683635,0.16533248782683635,0.16533248782683613,0.16533248782683613,0.16533248782683635,0.16533248782683635,0.16533248782683613,0.16533248782683613,0.16533248782683613,0.16533248782683635,0.16533248782683635,0.16533248782683613,0.16533248782683613,0.16533248782683613,0.16533248782683635,0.16533248782683635,0.16533248782683635,0.16533248782683635,0.16533248782683635,0.16533248782683663,0.16375749410722523,0.16375749410722498,0.16375749410722476,0.16375749410722498,0.16375749410722523,0.16375749410722498,0.16375749410722476,0.16375749410722454,0.16375749410722476,0.16375749410722498,0.16375749410722476,0.16375749410722454,0.16375749410722432,0.16375749410722454,0.16375749410722476,0.16375749410722498,0.16375749410722476,0.16375749410722454,0.16375749410722476,0.16375749410722498,0.16375749410722523,0.16375749410722498,0.16375749410722476,0.16375749410722498,0.16375749410722523,0.16221388431953407,0.16221388431953315,0.1622138843195325,0.16221388431953315,0.16221388431953407,0.16221388431953315,0.16221388431953226,0.16221388431953182,0.16221388431953226,0.16221388431953315,0.1622138843195325,0.16221388431953182,0.16221388431953113,0.16221388431953182,0.16221388431953274,0.16221388431953315,0.16221388431953226,0.16221388431953182,0.16221388431953226,0.16221388431953315,0.16221388431953407,0.16221388431953315,0.16221388431953274,0.16221388431953315,0.16221388431953382,0.16070106742080428,0.16070106742080184,0.1607010674208003,0.16070106742080184,0.16070106742080428,0.16070106742080184,0.16070106742079898,0.1607010674207974,0.16070106742079898,0.16070106742080184,0.1607010674208003,0.1607010674207974,0.16070106742079562,0.1607010674207974,0.1607010674208003,0.16070106742080184,0.16070106742079898,0.1607010674207974,0.16070106742079898,0.16070106742080184,0.16070106742080428,0.16070106742080184,0.1607010674208003,0.16070106742080184,0.16070106742080428,0.15921845178601826,0.1592184517860104,0.1592184517860054,0.1592184517860104,0.15921845178601826,0.1592184517860104,0.1592184517860019,0.15921845178599625,0.1592184517860019,0.1592184517860104,0.1592184517860054,0.15921845178599625,0.1592184517859904,0.15921845178599625,0.1592184517860054,0.1592184517860104,0.1592184517860019,0.15921845178599625,0.1592184517860019,0.1592184517860104,0.15921845178601826,0.1592184517860104,0.1592184517860054,0.1592184517860104,0.15921845178601826,0.15776544655995334,0.15776544655992966,0.15776544655991454,0.15776544655992966,0.15776544655995334,0.15776544655992966,0.15776544655990302,0.15776544655988528,0.15776544655990302,0.15776544655992966,0.15776544655991454,0.15776544655988528,0.15776544655986544,0.15776544655988528,0.15776544655991454,0.15776544655992966,0.15776544655990302,0.15776544655988528,0.15776544655990302,0.15776544655992966,0.15776544655995334,0.15776544655992966,0.15776544655991454,0.15776544655992966,0.15776544655995334,0.1563414628715209,0.1563414628714517,0.1563414628714055,0.1563414628714517,0.1563414628715209,0.1563414628714517,0.15634146287136869,0.15634146287131054,0.15634146287136869,0.1563414628714517,0.1563414628714055,0.15634146287131054,0.156341462871243,0.15634146287131054,0.1563414628714055,0.1563414628714517,0.15634146287136869,0.15634146287131054,0.15634146287136869,0.1563414628714517,0.1563414628715209,0.1563414628714517,0.1563414628714055,0.1563414628714517,0.1563414628715209,0.15494591492086732,0.15494591492066997,0.15494591492053247,0.15494591492066997,0.15494591492086732,0.15494591492066997,0.15494591492041587,0.1549459149202267,0.15494591492041587,0.15494591492066997,0.15494591492053247,0.1549459149202267,0.15494591491998716,0.1549459149202267,0.15494591492053247,0.15494591492066997,0.15494591492041587,0.1549459149202267,0.15494591492041587,0.15494591492066997,0.15494591492086732,0.15494591492066997,0.15494591492053247,0.15494591492066997,0.15494591492086732,0.1535782209489879,0.15357822094845186,0.15357822094805276,0.15357822094845186,0.1535782209489879,0.15357822094845186,0.1535782209476947,0.1535782209470638,0.1535782209476947,0.15357822094845186,0.15357822094805276,0.1535782209470638,0.1535782209461466,0.1535782209470638,0.15357822094805276,0.15357822094845186,0.1535782209476947,0.1535782209470638,0.1535782209476947,0.15357822094845186,0.1535782209489879,0.15357822094845186,0.15357822094805276,0.15357822094845186,0.1535782209489879,0.15223780409909646,0.15223780409774793,0.15223780409663815,0.15223780409774793,0.15223780409909646,0.15223780409774793,0.15223780409558899,0.1522378040934501,0.15223780409558899,0.15223780409774793,0.15223780409663815,0.1522378040934501,0.1522378040895539,0.1522378040934501,0.15223780409663815,0.15223780409774793,0.15223780409558899,0.1522378040934501,0.15223780409558899,0.15223780409774793,0.15223780409909646,0.15223780409774793,0.15223780409663815,0.15223780409774793,0.15223780409909646,0.15092409317848504,0.15092409317550637,0.15092409317268915,0.15092409317550637,0.15092409317848504,0.15092409317550637,0.1509240931698941,0.15092409316276284,0.1509240931698941,0.15092409317550637,0.15092409317268915,0.15092409316276284,0.15092409314406388,0.15092409316276284,0.15092409317268915,0.15092409317550637,0.1509240931698941,0.15092409316276284,0.1509240931698941,0.15092409317550637,0.15092409317848504,0.15092409317550637,0.15092409317268915,0.15092409317550637,0.15092409317848504,0.14963652332883834,0.1496365233236788,0.14963652331792612,0.1496365233236788,0.14963652332883834,0.1496365233236788,0.14963652331203578,0.14963652329132845,0.14963652331203578,0.1496365233236788,0.14963652331792612,0.14963652329132845,0.14963652318966036,0.14963652329132845,0.14963652331792612,0.1496365233236788,0.14963652331203578,0.14963652329132845,0.14963652331203578,0.1496365233236788,0.14963652332883834,0.1496365233236788,0.14963652331792612,0.1496365233236788,0.14963652332883834,0.14837453661113476,0.14837453660574315,0.14837453659996475,0.14837453660574315,0.14837453661113476,0.14837453660574315,0.14837453659407235,0.14837453657500527,0.14837453659407235,0.14837453660574315,0.14837453659996475,0.14837453657500527,0.14837453649338356,0.14837453657500527,0.14837453659996475,0.14837453660574315,0.14837453659407235,0.14837453657500527,0.14837453659407235,0.14837453660574315,0.14837453661113476,0.14837453660574315,0.14837453659996475,0.14837453660574315,0.14837453661113476,0.14713758250882497,0.14713758250451298,0.14713758250009562,0.14713758250451298,0.14713758250882497,0.14713758250451298,0.14713758249563502,0.14713758248206052,0.14713758249563502,0.14713758250451298,0.14713758250009562,0.14713758248206052,0.14713758242770492,0.14713758248206052,0.14713758250009562,0.14713758250451298,0.14713758249563502,0.14713758248206052,0.14713758249563502,0.14713758250451298,0.14713758250882497,0.14713758250451298,0.14713758250009562,0.14713758250451298,0.14713758250882497,0.14592511836692262,0.1459251183640736,0.14592511836125804,0.1459251183640736,0.14592511836692262,0.1459251183640736,0.14592511835844535,0.14592511835022093,0.14592511835844535,0.1459251183640736,0.14592511836125804,0.14592511835022093,0.14592511831844093,0.14592511835022093,0.14592511836125804,0.1459251183640736,0.14592511835844535,0.14592511835022093,0.14592511835844535,0.1459251183640736,0.14592511836692262,0.1459251183640736,0.14592511836125804,0.1459251183640736,0.14592511836692262,0.14473660976733735,0.14473660976586278,0.14473660976447422,0.14473660976586278,0.14473660976733735,0.14473660976586278,0.14473660976310854,0.14473660975935504,0.14473660976310854,0.14473660976586278,0.14473660976447422,0.14473660975935504,0.14473660974587296,0.14473660975935504,0.14473660976447422,0.14473660976586278,0.14473660976310854,0.14473660975935504,0.14473660976310854,0.14473660976586278,0.14473660976733735,0.14473660976586278,0.14473660976447422,0.14473660976586278,0.14473660976733735,0.1435715308446103,0.14357153084423713,0.1435715308439558,0.14357153084423713,0.1435715308446103,0.14357153084423713,0.14357153084370036,0.14357153084329308,0.14357153084370036,0.14357153084423713,0.1435715308439558,0.14357153084329308,0.14357153084329702,0.14357153084329308,0.14357153084395596,0.14357153084423713,0.14357153084370036,0.14357153084329308,0.14357153084370036,0.14357153084423713,0.1435715308446103,0.14357153084423713,0.14357153084395596,0.14357153084423713,0.1435715308446103,0.14242936454767158,0.142429364548102,0.14242936454858715,0.142429364548102,0.14242936454767158,0.142429364548102,0.1424293645490852,0.14242936455081912,0.1424293645490852,0.142429364548102,0.14242936454858715,0.14242936455081912,0.14242936455884972,0.14242936455081912,0.14242936454858715,0.142429364548102,0.1424293645490852,0.14242936455081912,0.1424293645490852,0.142429364548102,0.14242936454767158,0.142429364548102,0.14242936454858715,0.142429364548102,0.14242936454767158,0.14130960285277716,0.14130960285383945,0.14130960285487001,0.14130960285383945,0.14130960285277716,0.14130960285383945,0.14130960285588345,0.14130960285892474,0.14130960285588345,0.14130960285383945,0.14130960285487001,0.14130960285892474,0.14130960287143368,0.14130960285892474,0.14130960285487001,0.14130960285383945,0.14130960285588345,0.14130960285892474,0.14130960285588345,0.14130960285383945,0.14130960285277716,0.14130960285383945,0.14130960285487001,0.14130960285383945,0.14130960285277716,0.14021174693216684,0.14021174693398597,0.14021174693558863,0.14021174693398597,0.14021174693216684,0.14021174693398597,0.14021174693712393,0.1402117469410835,0.14021174693712393,0.14021174693398597,0.14021174693558863,0.1402117469410835,0.14021174695523747,0.1402117469410835,0.14021174693558863,0.14021174693398597,0.14021174693712393,0.1402117469410835,0.14021174693712393,0.14021174693398597,0.14021174693216684,0.14021174693398597,0.14021174693558863,0.14021174693398597,0.14021174693216684,0.13913530728258366,0.13913530728590973,0.13913530728874593,0.13913530728590973,0.1391353072825835,0.13913530728590973,0.13913530729147777,0.13913530729727985,0.13913530729147777,0.13913530728590973,0.13913530728874593,0.13913530729727985,0.1391353073087485,0.13913530729727985,0.13913530728874593,0.13913530728590973,0.13913530729147777,0.13913530729727985,0.13913530729147777,0.13913530728590973,0.1391353072825835,0.13913530728590973,0.13913530728874593,0.13913530728590973,0.1391353072825835,0.13807980381718574,0.13807980382366464,0.1380798038300407,0.13807980382366464,0.13807980381718574,0.13807980382366464,0.13807980383645618,0.13807980385356128,0.13807980383645618,0.13807980382366464,0.1380798038300407,0.13807980385356128,0.13807980390070873,0.13807980385356128,0.1380798038300407,0.13807980382366464,0.13807980383645618,0.13807980385356128,0.13807980383645618,0.13807980382366464,0.13807980381718574,0.13807980382366464,0.1380798038300407,0.13807980382366464,0.13807980381718574,0.13704476592452458,0.13704476593447593,0.1370447659464217,0.13704476593447593,0.13704476592452458,0.13704476593447593,0.13704476595877968,0.13704476600716456,0.13704476595877968,0.13704476593447593,0.1370447659464217,0.13704476600716456,0.1370447662742262,0.13704476600716456,0.1370447659464217,0.13704476593447593,0.13704476595877968,0.13704476600716456,0.13704476595877968,0.13704476593447593,0.13704476592452458,0.13704476593447593,0.1370447659464217,0.13704476593447593,0.13704476592452458,0.13602973250299488,0.13602973250986752,0.136029732516567,0.13602973250986752,0.13602973250299488,0.13602973250986752,0.13602973252327574,0.13602973254113096,0.13602973252327574,0.13602973250986752,0.136029732516567,0.13602973254113096,0.13602973259053344,0.13602973254113096,0.136029732516567,0.13602973250986752,0.13602973252327574,0.13602973254113096,0.13602973252327574,0.13602973250986752,0.13602973250299488,0.13602973250986752,0.136029732516567,0.13602973250986752,0.13602973250299488,0.13503425198067856,0.135034251984967,0.13503425198849983,0.135034251984967,0.13503425198067856,0.135034251984967,0.13503425199184754,0.13503425199865216,0.13503425199184754,0.135034251984967,0.13503425198849983,0.13503425199865216,0.13503425201099958,0.13503425199865216,0.13503425198849983,0.135034251984967,0.13503425199184754,0.13503425199865216,0.13503425199184754,0.135034251984967,0.13503425198067856,0.135034251984967,0.13503425198849983,0.135034251984967,0.13503425198067856
0.16533248782825985,0.16533248782825985,0.16533248782825985,0.16533248782825985,0.16533248782825985,0.16533248782825985,0.16533248782825963,0.16533248782825963,0.16533248782825963,0.16533248782825985,0.16533248782825985,0.16533248782825963,0.16533248782825963,0.16533248782825963,0.16533248782825985,0.16533248782825985,0.16533248782825963,0.16533248782825963,0.16533248782825963,0.16533248782825985,0.16533248782825985,0.16533248782825985,0.16533248782825985,0.16533248782825985,0.16533248782825985,0.16375749410862034,0.16375749410862012,0.1637574941086199,0.16375749410862012,0.16375749410862034,0.16375749410862012,0.16375749410861964,0.16375749410861942,0.16375749410861964,0.16375749410862012,0.1637574941086199,0.16375749410861942,0.16375749410861942,0.16375749410861942,0.1637574941086199,0.16375749410862012,0.16375749410861964,0.16375749410861942,0.16375749410861964,0.1637574941086199,0.16375749410862034,0.16375749410862012,0.1637574941086199,0.1637574941086199,0.16375749410862034,0.16221388432090095,0.16221388432090025,0.16221388432089956,0.16221388432090025,0.16221388432090095,0.16221388432090025,0.16221388432089934,0.16221388432089867,0.16221388432089934,0.16221388432090025,0.16221388432089956,0.16221388432089867,0.16221388432089823,0.1622138843208989,0.16221388432089956,0.16221388432090025,0.16221388432089934,0.1622138843208989,0.16221388432089934,0.16221388432090025,0.16221388432090095,0.16221388432090025,0.16221388432089956,0.16221388432090025,0.16221388432090095,0.16070106742214385,0.16070106742214144,0.16070106742213966,0.16070106742214144,0.16070106742214385,0.16070106742214144,0.16070106742213852,0.16070106742213697,0.16070106742213852,0.16070106742214144,0.16070106742213966,0.16070106742213697,0.16070106742213522,0.16070106742213697,0.16070106742213966,0.16070106742214144,0.16070106742213852,0.16070106742213697,0.16070106742213852,0.16070106742214144,0.16070106742214385,0.16070106742214144,0.16070106742213966,0.16070106742214144,0.16070106742214385,0.15921845178733066,0.1592184517873228,0.15921845178731803,0.1592184517873228,0.15921845178733066,0.1592184517873228,0.1592184517873143,0.15921845178730887,0.1592184517873143,0.1592184517873228,0.15921845178731803,0.15921845178730887,0.159218451787303,0.15921845178730887,0.15921845178731803,0.1592184517873228,0.1592184517873143,0.15921845178730887,0.1592184517873143,0.1592184517873228,0.15921845178733066,0.1592184517873228,0.15921845178731803,0.1592184517873228,0.15921845178733066,0.15776544656123911,0.15776544656121563,0.1577654465612005,0.15776544656121563,0.15776544656123911,0.15776544656121563,0.157765446561189,0.15776544656117125,0.157765446561189,0.15776544656121563,0.1577654465612005,0.15776544656117125,0.15776544656115143,0.15776544656117125,0.1577654465612005,0.15776544656121563,0.157765446561189,0.15776544656117125,0.157765446561189,0.15776544656121563,0.15776544656123911,0.15776544656121563,0.1577654465612005,0.15776544656121563,0.15776544656123911,0.15634146287278056,0.15634146287271133,0.15634146287266515,0.15634146287271133,0.15634146287278056,0.15634146287271133,0.15634146287262854,0.15634146287257064,0.15634146287262854,0.15634146287271133,0.15634146287266515,0.15634146287257064,0.1563414628725033,0.15634146287257064,0.15634146287266515,0.15634146287271133,0.15634146287262854,0.15634146287257064,0.15634146287262854,0.15634146287271133,0.15634146287278056,0.15634146287271133,0.15634146287266515,0.15634146287271133,0.15634146287278056,0.1549459149221006,0.15494591492190368,0.15494591492176657,0.15494591492190368,0.1549459149221006,0.15494591492190368,0.15494591492165039,0.15494591492146162,0.15494591492165039,0.15494591492190368,0.15494591492176657,0.15494591492146162,0.15494591492122287,0.15494591492146162,0.15494591492176657,0.15494591492190368,0.15494591492165039,0.15494591492146162,0.15494591492165039,0.15494591492190368,0.1549459149221006,0.15494591492190368,0.15494591492176657,0.15494591492190368,0.1549459149221006,0.15357822095019377,0.15357822094965953,0.15357822094926163,0.15357822094965953,0.15357822095019377,0.15357822094965953,0.15357822094890455,0.15357822094827572,0.15357822094890455,0.15357822094965953,0.15357822094926163,0.15357822094827572,0.15357822094736087,0.15357822094827572,0.15357822094926163,0.15357822094965953,0.15357822094890455,0.15357822094827572,0.15357822094890455,0.15357822094965953,0.15357822095019377,0.15357822094965953,0.15357822094926163,0.15357822094965953,0.15357822095019377,0.15223780410027238,0.15223780409892798,0.15223780409782176,0.15223780409892798,0.15223780410027238,0.15223780409892798,0.1522378040967755,0.15223780409464296,0.1522378040967755,0.15223780409892798,0.15223780409782176,0.15223780409464296,0.15223780409075796,0.15223780409464296,0.15223780409782176,0.15223780409892798,0.1522378040967755,0.15223780409464296,0.1522378040967755,0.15223780409892798,0.15223780410027238,0.15223780409892798,0.15223780409782176,0.15223780409892798,0.15223780410027238,0.1509240931796227,0.15092409317665345,0.15092409317384473,0.15092409317665345,0.1509240931796227,0.15092409317665345,0.1509240931710584,0.15092409316394795,0.1509240931710584,0.15092409317665345,0.15092409317384473,0.15092409316394795,0.15092409314530184,0.15092409316394795,0.15092409317384473,0.15092409317665345,0.1509240931710584,0.15092409316394795,0.1509240931710584,0.15092409317665345,0.1509240931796227,0.15092409317665345,0.15092409317384473,0.15092409317665345,0.1509240931796227,0.1496365233299182,0.14963652332477625,0.1496365233190421,0.14963652332477625,0.1496365233299182,0.14963652332477625,0.14963652331317046,0.1496365232925246,0.14963652331317046,0.14963652332477625,0.1496365233190421,0.1496365232925246,0.14963652319113144,0.1496365232925246,0.1496365233190421,0.14963652332477625,0.14963652331317046,0.1496365232925246,0.14963652331317046,0.14963652332477625,0.1496365233299182,0.14963652332477625,0.1496365233190421,0.14963652332477625,0.1496365233299182,0.14837453661211997,0.14837453660675154,0.14837453660099648,0.14837453660675154,0.14837453661211997,0.14837453660675154,0.14837453659512745,0.14837453657613206,0.14837453659512745,0.14837453660675154,0.14837453660099648,0.14837453657613206,0.14837453649479615,0.14837453657613206,0.14837453660099648,0.14837453660675154,0.14837453659512745,0.14837453657613206,0.14837453659512745,0.14837453660675154,0.14837453661211997,0.14837453660675154,0.14837453660099648,0.14837453660675154,0.14837453661211997,0.14713758250966733,0.14713758250538272,0.14713758250099265,0.14713758250538272,0.14713758250966733,0.14713758250538272,0.1471375824965593,0.14713758248306544,0.1471375824965593,0.14713758250538272,0.14713758250099265,0.14713758248306544,0.14713758242900796,0.14713758248306544,0.14713758250099265,0.14713758250538272,0.1471375824965593,0.14713758248306544,0.1471375824965593,0.14713758250538272,0.14713758250966733,0.14713758250538272,0.14713758250099265,0.14713758250538272,0.14713758250966733,0.145925118367564,0.1459251183647474,0.14592511836196406,0.1459251183647474,0.145925118367564,0.1459251183647474,0.1459251183591836,0.14592511835105587,0.1459251183591836,0.1459251183647474,0.14592511836196406,0.14592511835105587,0.1459251183196904,0.14592511835105587,0.14592511836196406,0.1459251183647474,0.1459251183591836,0.14592511835105587,0.1459251183591836,0.1459251183647474,0.145925118367564,0.1459251183647474,0.14592511836196406,0.1459251183647474,0.145925118367564,0.14473660976770897,0.14473660976627137,0.1447366097649204,0.14473660976627137,0.14473660976770897,0.14473660976627137,0.14473660976359257,0.14473660975995548,0.14473660976359257,0.14473660976627137,0.1447366097649204,0.14473660975995548,0.14473660974693195,0.14473660975995548,0.1447366097649204,0.14473660976627137,0.14473660976359257,0.14473660975995548,0.14473660976359257,0.14473660976627137,0.14473660976770897,0.14473660976627137,0.1447366097649204,0.14473660976627137,0.14473660976770897,0.14357153084463203,0.14357153084429838,0.1435715308440578,0.14357153084429838,0.14357153084463203,0.14357153084429838,0.1435715308438434,0.14357153084356242,0.1435715308438434,0.14357153084429838,0.1435715308440578,0.14357153084356242,0.14357153084407576,0.14357153084356242,0.1435715308440578,0.14357153084429838,0.1435715308438434,0.14357153084356242,0.1435715308438434,0.14357153084429838,0.14357153084463203,0.14357153084429838,0.1435715308440578,0.14357153084429838,0.14357153084463203,0.14242936454725721,0.14242936454772606,0.14242936454825147,0.14242936454772606,0.14242936454725721,0.14242936454772606,0.14242936454879013,0.14242936455065067,0.14242936454879013,0.14242936454772606,0.14242936454825147,0.14242936455065067,0.14242936455919328,0.14242936455065067,0.14242936454825147,0.14242936454772606,0.14242936454879013,0.14242936455065067,0.14242936454879013,0.14242936454772606,0.14242936454725721,0.14242936454772606,0.14242936454825147,0.14242936454772606,0.14242936454725721,0.14130960285184138,0.14130960285293523,0.14130960285400063,0.14130960285293523,0.14130960285184138,0.14130960285293523,0.1413096028550499,0.14130960285821045,0.1413096028550499,0.14130960285293523,0.14130960285400063,0.14130960285821045,0.1413096028712467,0.14130960285821045,0.14130960285400063,0.14130960285293523,0.1413096028550499,0.14130960285821045,0.1413096028550499,0.14130960285293523,0.14130960285184138,0.14130960285293523,0.14130960285400063,0.14130960285293523,0.14130960285184138,0.1402117469306372,0.14021174693246935,0.14021174693408994,0.14021174693246935,0.1402117469306372,0.14021174693246935,0.1402117469356446,0.14021174693968075,0.1402117469356446,0.14021174693246935,0.14021174693408994,0.14021174693968075,0.14021174695424543,0.14021174693968075,0.14021174693408994,0.14021174693246935,0.1402117469356446,0.14021174693968075,0.1402117469356446,0.14021174693246935,0.1402117469306372,0.14021174693246935,0.14021174693408994,0.14021174693246935,0.1402117469306372,0.1391353072804248,0.13913530728372872,0.13913530728654736,0.13913530728372872,0.1391353072804248,0.13913530728372872,0.13913530728926232,0.13913530729503404,0.13913530728926232,0.13913530728372872,0.13913530728654736,0.13913530729503404,0.13913530730646315,0.13913530729503404,0.13913530728654736,0.13913530728372872,0.13913530728926232,0.13913530729503404,0.13913530728926232,0.13913530728372872,0.1391353072804248,0.13913530728372872,0.13913530728654736,0.13913530728372872,0.1391353072804248,0.1380798038144344,0.13807980382084084,0.13807980382714422,0.13807980382084084,0.1380798038144344,0.13807980382084084,0.13807980383348603,0.13807980385039004,0.13807980383348603,0.13807980382084084,0.13807980382714422,0.13807980385039004,0.1380798038969707,0.13807980385039004,0.13807980382714422,0.13807980382084084,0.13807980383348603,0.13807980385039004,0.13807980383348603,0.13807980382084084,0.1380798038144344,0.13807980382084084,0.13807980382714422,0.13807980382084084,0.1380798038144344,0.13704476592132095,0.13704476593115156,0.13704476594295048,0.13704476593115156,0.13704476592132095,0.13704476593115156,0.13704476595515655,0.13704476600294102,0.13704476595515655,0.13704476593115156,0.13704476594295048,0.13704476600294102,0.13704476626665202,0.13704476600294102,0.13704476594295048,0.13704476593115156,0.13704476595515655,0.13704476600294102,0.13704476595515655,0.13704476593115156,0.13704476592132095,0.13704476593115156,0.13704476594295048,0.13704476593115156,0.13704476592132095,0.13602973249958097,0.13602973250636902,0.13602973251298592,0.13602973250636902,0.13602973249958097,0.13602973250636902,0.13602973251961176,0.13602973253724507,0.13602973251961176,0.13602973250636902,0.13602973251298592,0.13602973253724507,0.13602973258603251,0.13602973253724507,0.13602973251298592,0.13602973250636902,0.13602973251961176,0.13602973253724507,0.13602973251961176,0.13602973250636902,0.13602973249958097,0.13602973250636902,0.13602973251298592,0.13602973250636902,0.13602973249958097,0.13503425197722424,0.13503425198145974,0.13503425198494887,0.13503425198145974,0.13503425197722424,0.13503425198145974,0.13503425198825517,0.13503425199497515,0.13503425198825517,0.13503425198145974,0.13503425198494887,0.13503425199497515,0.13503425200716912,0.13503425199497515,0.13503425198494887,0.13503425198145974,0.13503425198825517,0.13503425199497515,0.13503425198825517,0.13503425198145974,0.13503425197722424,0.13503425198145974,0.13503425198494887,0.13503425198145974,0.13503425197722438
0.16533248782967414,0.16533248782967414,0.16533248782967389,0.16533248782967414,0.16533248782967414,0.16533248782967414,0.16533248782967389,0.16533248782967389,0.16533248782967389,0.16533248782967414,0.16533248782967389,0.16533248782967389,0.16533248782967389,0.16533248782967389,0.16533248782967389,0.16533248782967414,0.16533248782967389,0.16533248782967389,0.16533248782967389,0.16533248782967414,0.16533248782967414,0.16533248782967414,0.16533248782967389,0.16533248782967414,0.16533248782967414,0.16375749411000623,0.163757494110006,0.16375749411000579,0.163757494110006,0.16375749411000623,0.163757494110006,0.16375749411000579,0.16375749411000554,0.16375749411000579,0.163757494110006,0.16375749411000579,0.16375749411000554,0.1637574941100053,0.16375749411000554,0.16375749411000579,0.163757494110006,0.16375749411000579,0.16375749411000554,0.16375749411000579,0.163757494110006,0.16375749411000623,0.163757494110006,0.16375749411000579,0.163757494110006,0.16375749411000623,0.1622138843222592,0.16221388432225828,0.1622138843222578,0.16221388432225828,0.1622138843222592,0.16221388432225828,0.1622138843222576,0.16221388432225692,0.1622138843222576,0.16221388432225828,0.1622138843222578,0.16221388432225692,0.16221388432225647,0.16221388432225692,0.1622138843222578,0.16221388432225828,0.1622138843222576,0.16221388432225692,0.1622138843222576,0.16221388432225828,0.1622138843222592,0.16221388432225828,0.1622138843222578,0.16221388432225828,0.1622138843222592,0.16070106742347479,0.16070106742347212,0.16070106742347057,0.16070106742347212,0.16070106742347479,0.16070106742347212,0.16070106742346946,0.1607010674234677,0.16070106742346946,0.16070106742347212,0.16070106742347057,0.1607010674234677,0.1607010674234659,0.1607010674234677,0.16070106742347057,0.16070106742347212,0.16070106742346946,0.1607010674234677,0.16070106742346946,0.16070106742347212,0.16070106742347479,0.16070106742347212,0.16070106742347057,0.16070106742347212,0.16070106742347479,0.1592184517886348,0.15921845178862692,0.15921845178862193,0.15921845178862692,0.1592184517886348,0.15921845178862692,0.15921845178861846,0.1592184517886128,0.15921845178861846,0.15921845178862692,0.15921845178862193,0.1592184517886128,0.1592184517886069,0.1592184517886128,0.15921845178862193,0.15921845178862692,0.15921845178861846,0.1592184517886128,0.15921845178861846,0.15921845178862692,0.1592184517886348,0.15921845178862692,0.15921845178862193,0.15921845178862692,0.1592184517886348,0.15776544656251656,0.15776544656249328,0.15776544656247796,0.15776544656249328,0.15776544656251656,0.15776544656249328,0.15776544656246663,0.15776544656244892,0.15776544656246663,0.15776544656249328,0.15776544656247796,0.15776544656244892,0.1577654465624293,0.15776544656244892,0.15776544656247796,0.15776544656249328,0.15776544656246663,0.15776544656244892,0.15776544656246663,0.15776544656249328,0.15776544656251656,0.15776544656249328,0.15776544656247796,0.15776544656249328,0.15776544656251656,0.15634146287403186,0.15634146287396286,0.15634146287391687,0.15634146287396286,0.15634146287403186,0.15634146287396286,0.15634146287388026,0.15634146287382256,0.15634146287388026,0.15634146287396286,0.15634146287391687,0.15634146287382256,0.15634146287375544,0.15634146287382256,0.15634146287391687,0.15634146287396286,0.15634146287388026,0.15634146287382256,0.15634146287388026,0.15634146287396286,0.15634146287403186,0.15634146287396286,0.15634146287391687,0.15634146287396286,0.15634146287403186,0.15494591492332568,0.15494591492312934,0.15494591492299287,0.15494591492312934,0.15494591492332568,0.15494591492312934,0.15494591492287668,0.15494591492268875,0.15494591492287668,0.15494591492312934,0.15494591492299287,0.15494591492268875,0.1549459149224506,0.15494591492268875,0.15494591492299287,0.15494591492312934,0.15494591492287668,0.15494591492268875,0.15494591492287668,0.15494591492312934,0.15494591492332568,0.15494591492312934,0.15494591492299287,0.15494591492312934,0.15494591492332568,0.153578220951392,0.15357822095085916,0.15357822095046267,0.15357822095085916,0.153578220951392,0.15357822095085916,0.1535782209501066,0.15357822094947957,0.1535782209501066,0.15357822095085916,0.15357822095046267,0.15357822094947957,0.15357822094856752,0.15357822094947957,0.15357822095046267,0.15357822095085916,0.1535782209501066,0.15357822094947957,0.1535782209501066,0.15357822095085916,0.153578220951392,0.15357822095085916,0.15357822095046267,0.15357822095085916,0.153578220951392,0.1522378041014406,0.15223780410010035,0.15223780409899745,0.15223780410010035,0.1522378041014406,0.15223780410010035,0.1522378040979544,0.15223780409582816,0.1522378040979544,0.15223780410010035,0.15223780409899745,0.15223780409582816,0.15223780409195414,0.15223780409582816,0.15223780409899745,0.15223780410010035,0.1522378040979544,0.15223780409582816,0.1522378040979544,0.15223780410010035,0.1522378041014406,0.15223780410010035,0.15223780409899745,0.15223780410010035,0.1522378041014406,0.1509240931807528,0.15092409317779304,0.150924093174993,0.15092409317779304,0.1509240931807528,0.15092409317779304,0.15092409317221497,0.15092409316512553,0.15092409317221497,0.15092409317779304,0.150924093174993,0.15092409316512553,0.1509240931465317,0.15092409316512553,0.150924093174993,0.15092409317779304,0.15092409317221497,0.15092409316512553,0.15092409317221497,0.15092409317779304,0.1509240931807528,0.15092409317779304,0.150924093174993,0.15092409317779304,0.1509240931807528,0.14963652333099087,0.1496365233258665,0.1496365233201507,0.1496365233258665,0.14963652333099087,0.1496365233258665,0.1496365233142976,0.149636523293713,0.1496365233142976,0.1496365233258665,0.1496365233201507,0.149636523293713,0.14963652319263218,0.149636523293713,0.1496365233201507,0.1496365233258665,0.1496365233142976,0.149636523293713,0.1496365233142976,0.1496365233258665,0.14963652333099087,0.1496365233258665,0.1496365233201507,0.1496365233258665,0.14963652333099087,0.14837453661309868,0.14837453660775304,0.14837453660202135,0.14837453660775304,0.14837453661309868,0.14837453660775304,0.14837453659617586,0.14837453657725144,0.14837453659617586,0.14837453660775304,0.14837453660202135,0.14837453657725144,0.1483745364962397,0.14837453657725144,0.14837453660202135,0.14837453660775304,0.14837453659617586,0.14837453657725144,0.14837453659617586,0.14837453660775304,0.14837453661309868,0.14837453660775304,0.14837453660202135,0.14837453660775304,0.14837453661309868,0.14713758251050402,0.14713758250624653,0.14713758250188366,0.14713758250624653,0.14713758251050402,0.14713758250624653,0.14713758249747738,0.14713758248406367,0.14713758249747738,0.14713758250624653,0.14713758250188366,0.14713758248406367,0.14713758243031733,0.14713758248406367,0.14713758250188366,0.14713758250624653,0.14713758249747738,0.14713758248406367,0.14713758249747738,0.14713758250624653,0.14713758251050402,0.14713758250624653,0.14713758250188366,0.14713758250624653,0.14713758251050402,0.14592511836820096,0.1459251183654162,0.14592511836266508,0.1459251183654162,0.14592511836820096,0.1459251183654162,0.1459251183599167,0.14592511835188476,0.1459251183599167,0.1459251183654162,0.14592511836266508,0.14592511835188476,0.14592511832088806,0.14592511835188476,0.14592511836266508,0.1459251183654162,0.1459251183599167,0.14592511835188476,0.1459251183599167,0.1459251183654162,0.14592511836820096,0.1459251183654162,0.14592511836266508,0.1459251183654162,0.14592511836820096,0.14473660976807745,0.14473660976667668,0.14473660976536304,0.14473660976667668,0.14473660976807745,0.14473660976667668,0.14473660976407293,0.14473660976055103,0.14473660976407293,0.14473660976667668,0.14473660976536304,0.14473660976055103,0.1447366097480194,0.14473660976055103,0.14473660976536304,0.14473660976667668,0.14473660976407293,0.14473660976055103,0.14473660976407293,0.14473660976667668,0.14473660976807745,0.14473660976667668,0.14473660976536304,0.14473660976667668,0.14473660976807745,0.14357153084465293,0.1435715308443586,0.1435715308441584,0.1435715308443586,0.14357153084465293,0.1435715308443586,0.14357153084398458,0.14357153084382918,0.14357153084398458,0.1435715308443586,0.1435715308441584,0.14357153084382918,0.14357153084484575,0.14357153084382918,0.1435715308441584,0.1435715308443586,0.14357153084398458,0.14357153084382918,0.14357153084398458,0.1435715308443586,0.14357153084465293,0.1435715308443586,0.1435715308441584,0.1435715308443586,0.14357153084465293,0.1424293645468447,0.14242936454735183,0.14242936454791696,0.14242936454735183,0.1424293645468447,0.14242936454735183,0.14242936454849606,0.14242936455048258,0.14242936454849606,0.14242936454735183,0.14242936454791696,0.14242936455048258,0.14242936455954955,0.14242936455048258,0.14242936454791696,0.14242936454735183,0.14242936454849606,0.14242936455048258,0.14242936454849606,0.14242936454735183,0.1424293645468447,0.14242936454735183,0.14242936454791696,0.14242936454735183,0.1424293645468447,0.14130960285091082,0.14130960285203575,0.1413096028531357,0.14130960285203575,0.14130960285091082,0.14130960285203575,0.1413096028542207,0.14130960285749933,0.1413096028542207,0.14130960285203575,0.1413096028531357,0.14130960285749933,0.14130960287105507,0.14130960285749933,0.1413096028531357,0.14130960285203575,0.1413096028542207,0.14130960285749933,0.1413096028542207,0.14130960285203575,0.14130960285091082,0.14130960285203575,0.1413096028531357,0.14130960285203575,0.14130960285091082,0.14021174692911692,0.1402117469309618,0.14021174693260013,0.1402117469309618,0.14021174692911692,0.1402117469309618,0.14021174693417365,0.14021174693828528,0.14021174693417365,0.1402117469309618,0.14021174693260013,0.14021174693828528,0.14021174695324243,0.14021174693828528,0.14021174693260013,0.1402117469309618,0.14021174693417365,0.14021174693828528,0.14021174693417365,0.1402117469309618,0.14021174692911692,0.1402117469309618,0.14021174693260013,0.1402117469309618,0.14021174692911692,0.1391353072782797,0.1391353072815618,0.13913530728436274,0.13913530728156165,0.1391353072782797,0.1391353072815618,0.13913530728706092,0.13913530729280227,0.13913530728706092,0.13913530728156165,0.13913530728436274,0.13913530729280227,0.1391353073041914,0.13913530729280227,0.13913530728436274,0.13913530728156165,0.13913530728706092,0.13913530729280227,0.13913530728706092,0.13913530728156165,0.1391353072782797,0.13913530728156165,0.13913530728436274,0.13913530728156165,0.1391353072782797,0.13807980381170115,0.13807980381803583,0.13807980382426696,0.13807980381803583,0.13807980381170115,0.13807980381803583,0.1380798038305356,0.13807980384724006,0.1380798038305356,0.13807980381803583,0.13807980382426696,0.13807980384724006,0.13807980389325789,0.13807980384724006,0.13807980382426696,0.13807980381803583,0.1380798038305356,0.13807980384724006,0.1380798038305356,0.13807980381803583,0.13807980381170115,0.13807980381803583,0.13807980382426696,0.13807980381803583,0.13807980381170115,0.1370447659181389,0.13704476592784953,0.13704476593950296,0.13704476592784953,0.1370447659181389,0.13704476592784953,0.1370447659515579,0.13704476599874688,0.1370447659515579,0.13704476592784953,0.13704476593950296,0.13704476599874688,0.13704476625917136,0.13704476599874688,0.13704476593950296,0.13704476592784953,0.1370447659515579,0.13704476599874688,0.1370447659515579,0.13704476592784953,0.1370447659181389,0.13704476592784953,0.13704476593950296,0.13704476592784953,0.1370447659181389,0.13602973249619027,0.13602973250289457,0.1360297325094293,0.13602973250289457,0.13602973249619027,0.13602973250289457,0.13602973251597267,0.1360297325333859,0.13602973251597267,0.13602973250289457,0.1360297325094293,0.1360297325333859,0.13602973258156276,0.13602973253338607,0.1360297325094293,0.13602973250289457,0.13602973251597267,0.13602973253338607,0.13602973251597267,0.13602973250289457,0.13602973249619027,0.13602973250289457,0.1360297325094293,0.13602973250289457,0.13602973249619027,0.13503425197379346,0.1350342519779765,0.13503425198142216,0.1350342519779765,0.13503425197379346,0.1350342519779765,0.13503425198468724,0.13503425199132343,0.13503425198468724,0.1350342519779765,0.13503425198142216,0.13503425199132343,0.13503425200336489,0.13503425199132343,0.13503425198142216,0.1350342519779765,0.13503425198468724,0.13503425199132343,0.13503425198468724,0.1350342519779765,0.13503425197379346,0.1350342519779765,0.13503425198142216,0.1350342519779765,0.13503425197379346
0.16533248783107943,0.16533248783107943,0.16533248783107918,0.16533248783107943,0.16533248783107943,0.16533248783107943,0.16533248783107918,0.16533248783107918,0.16533248783107918,0.16533248783107943,0.16533248783107918,0.16533248783107918,0.16533248783107918,0.16533248783107918,0.16533248783107918,0.16533248783107943,0.16533248783107918,0.16533248783107918,0.16533248783107918,0.16533248783107943,0.16533248783107943,0.16533248783107943,0.16533248783107918,0.16533248783107943,0.16533248783107943,0.16375749411138354,0.16375749411138335,0.1637574941113831,0.16375749411138335,0.16375749411138354,0.16375749411138335,0.16375749411138285,0.16375749411138285,0.16375749411138285,0.16375749411138335,0.1637574941113831,0.16375749411138285,0.16375749411138263,0.16375749411138285,0.1637574941113831,0.16375749411138335,0.16375749411138285,0.16375749411138285,0.16375749411138285,0.16375749411138335,0.16375749411138354,0.16375749411138335,0.1637574941113831,0.16375749411138335,0.16375749411138354,0.1622138843236088,0.16221388432360817,0.16221388432360745,0.16221388432360817,0.1622138843236088,0.16221388432360817,0.16221388432360725,0.16221388432360656,0.16221388432360725,0.16221388432360817,0.16221388432360745,0.16221388432360656,0.1622138843236061,0.16221388432360656,0.16221388432360745,0.16221388432360817,0.16221388432360725,0.16221388432360656,0.16221388432360725,0.16221388432360817,0.1622138843236088,0.16221388432360817,0.16221388432360745,0.16221388432360817,0.1622138843236088,0.16070106742479726,0.16070106742479484,0.16070106742479306,0.16070106742479484,0.16070106742479726,0.16070106742479484,0.16070106742479193,0.16070106742479037,0.16070106742479193,0.16070106742479484,0.16070106742479306,0.16070106742479037,0.16070106742478862,0.16070106742479037,0.16070106742479306,0.16070106742479484,0.16070106742479193,0.16070106742479037,0.16070106742479193,0.16070106742479484,0.16070106742479726,0.16070106742479484,0.16070106742479306,0.16070106742479484,0.16070106742479726,0.15921845178993038,0.15921845178992278,0.15921845178991778,0.15921845178992278,0.15921845178993038,0.15921845178992278,0.15921845178991428,0.15921845178990862,0.15921845178991428,0.15921845178992278,0.15921845178991778,0.15921845178990862,0.159218451789903,0.15921845178990862,0.15921845178991778,0.15921845178992278,0.15921845178991428,0.15921845178990862,0.15921845178991428,0.15921845178992278,0.15921845178993038,0.15921845178992278,0.15921845178991778,0.15921845178992278,0.15921845178993038,0.15776544656378608,0.15776544656376285,0.1577654465637477,0.15776544656376285,0.15776544656378608,0.15776544656376285,0.15776544656373617,0.15776544656371866,0.15776544656373617,0.15776544656376285,0.1577654465637477,0.15776544656371866,0.15776544656369884,0.15776544656371866,0.1577654465637477,0.15776544656376285,0.15776544656373617,0.15776544656371866,0.15776544656373617,0.15776544656376285,0.15776544656378608,0.15776544656376285,0.1577654465637477,0.15776544656376285,0.15776544656378608,0.1563414628752752,0.15634146287520642,0.15634146287516063,0.15634146287520642,0.1563414628752752,0.15634146287520642,0.15634146287512424,0.15634146287506653,0.15634146287512424,0.15634146287520642,0.15634146287516063,0.15634146287506653,0.15634146287499961,0.15634146287506653,0.15634146287516063,0.15634146287520642,0.15634146287512424,0.15634146287506653,0.15634146287512424,0.15634146287520642,0.1563414628752752,0.15634146287520642,0.15634146287516063,0.15634146287520642,0.1563414628752752,0.15494591492454318,0.15494591492434748,0.1549459149242112,0.15494591492434748,0.15494591492454318,0.15494591492434748,0.15494591492409562,0.1549459149239081,0.15494591492409562,0.15494591492434748,0.1549459149242112,0.1549459149239081,0.1549459149236706,0.1549459149239081,0.1549459149242112,0.15494591492434748,0.15494591492409562,0.1549459149239081,0.15494591492409562,0.15494591492434748,0.15494591492454318,0.15494591492434748,0.1549459149242112,0.15494591492434748,0.15494591492454318,0.1535782209525828,0.15357822095205156,0.1535782209516561,0.15357822095205156,0.1535782209525828,0.15357822095205156,0.1535782209513012,0.153578220950676,0.1535782209513012,0.15357822095205156,0.1535782209516561,0.153578220950676,0.1535782209497666,0.153578220950676,0.1535782209516561,0.15357822095205156,0.1535782209513012,0.153578220950676,0.1535782209513012,0.15357822095205156,0.1535782209525828,0.15357822095205156,0.1535782209516561,0.15357822095205156,0.1535782209525828,0.15223780410260157,0.15223780410126542,0.15223780410016588,0.15223780410126542,0.15223780410260157,0.15223780410126542,0.15223780409912596,0.15223780409700582,0.15223780409912596,0.15223780410126542,0.15223780410016588,0.15223780409700582,0.15223780409314286,0.15223780409700582,0.15223780410016588,0.15223780410126542,0.15223780409912596,0.15223780409700582,0.15223780409912596,0.15223780410126542,0.15223780410260157,0.15223780410126542,0.15223780410016588,0.15223780410126542,0.15223780410260157,0.1509240931818758,0.15092409317892547,0.15092409317613412,0.15092409317892547,0.1509240931818758,0.15092409317892547,0.15092409317336458,0.1509240931662956,0.15092409317336458,0.15092409317892547,0.15092409317613412,0.1509240931662956,0.15092409314775423,0.1509240931662956,0.15092409317613412,0.15092409317892547,0.15092409317336458,0.1509240931662956,0.15092409317336458,0.15092409317892547,0.1509240931818758,0.15092409317892547,0.15092409317613412,0.15092409317892547,0.1509240931818758,0.14963652333205674,0.14963652332694977,0.1496365233212525,0.14963652332694977,0.14963652333205674,0.14963652332694977,0.14963652331541794,0.1496365232948942,0.14963652331541794,0.14963652332694977,0.1496365233212525,0.1496365232948942,0.149636523194049,0.1496365232948942,0.1496365233212525,0.14963652332694977,0.14963652331541794,0.1496365232948942,0.14963652331541794,0.14963652332694977,0.14963652333205674,0.14963652332694977,0.1496365233212525,0.14963652332694977,0.14963652333205674,0.14837453661407113,0.14837453660874825,0.14837453660303973,0.14837453660874825,0.14837453661407113,0.14837453660874825,0.1483745365972174,0.14837453657836397,0.1483745365972174,0.14837453660874825,0.14837453660303973,0.14837453657836397,0.1483745364976085,0.14837453657836397,0.14837453660303973,0.14837453660874825,0.1483745365972174,0.14837453657836397,0.1483745365972174,0.14837453660874825,0.14837453661407113,0.14837453660874825,0.14837453660303973,0.14837453660874825,0.14837453661407113,0.14713758251133507,0.14713758250710485,0.1471375825027687,0.14713758250710485,0.14713758251133507,0.14713758250710485,0.14713758249838949,0.14713758248505532,0.14713758249838949,0.14713758250710485,0.1471375825027687,0.14713758248505532,0.1471375824316249,0.14713758248505532,0.1471375825027687,0.14713758250710485,0.14713758249838949,0.14713758248505532,0.14713758249838949,0.14713758250710485,0.14713758251133507,0.14713758250710485,0.1471375825027687,0.14713758250710485,0.14713758251133507,0.14592511836883326,0.14592511836608038,0.14592511836336117,0.14592511836608038,0.14592511836883343,0.14592511836608038,0.14592511836064462,0.14592511835270794,0.14592511836064462,0.14592511836608038,0.14592511836336117,0.14592511835270794,0.14592511832206773,0.14592511835270794,0.14592511836336117,0.14592511836608038,0.14592511836064462,0.14592511835270794,0.14592511836064462,0.14592511836608038,0.14592511836883343,0.14592511836608038,0.14592511836336117,0.14592511836608038,0.14592511836883343,0.14473660976844316,0.14473660976707883,0.14473660976580238,0.14473660976707883,0.14473660976844316,0.14473660976707883,0.14473660976454963,0.14473660976114225,0.14473660976454963,0.14473660976707883,0.14473660976580238,0.14473660976114225,0.14473660974910038,0.14473660976114225,0.14473660976580238,0.14473660976707883,0.14473660976454963,0.14473660976114225,0.14473660976454963,0.14473660976707883,0.14473660976844316,0.14473660976707883,0.14473660976580238,0.14473660976707883,0.14473660976844316,0.1435715308446731,0.1435715308444178,0.14357153084425767,0.1435715308444178,0.1435715308446731,0.1435715308444178,0.14357153084412433,0.14357153084409371,0.14357153084412433,0.1435715308444178,0.14357153084425767,0.14357153084409371,0.14357153084562946,0.14357153084409371,0.14357153084425767,0.1435715308444178,0.14357153084412433,0.14357153084409371,0.14357153084412433,0.1435715308444178,0.1435715308446731,0.1435715308444178,0.14357153084425767,0.1435715308444178,0.1435715308446731,0.1424293645464342,0.14242936454697924,0.14242936454758398,0.14242936454697924,0.1424293645464342,0.14242936454697924,0.14242936454820315,0.14242936455031466,0.14242936454820315,0.14242936454697924,0.14242936454758398,0.14242936455031466,0.14242936455989935,0.14242936455031466,0.14242936454758398,0.14242936454697924,0.14242936454820315,0.14242936455031466,0.14242936454820315,0.14242936454697924,0.1424293645464342,0.14242936454697924,0.14242936454758398,0.14242936454697924,0.1424293645464342,0.14130960284998553,0.14130960285114158,0.14130960285227573,0.14130960285114158,0.14130960284998553,0.14130960285114158,0.14130960285339605,0.1413096028567918,0.14130960285339605,0.14130960285114158,0.14130960285227573,0.1413096028567918,0.14130960287086103,0.1413096028567918,0.14130960285227573,0.14130960285114158,0.14130960285339605,0.1413096028567918,0.14130960285339605,0.14130960285114158,0.14130960284998553,0.14130960285114158,0.14130960285227573,0.14130960285114158,0.14130960284998553,0.14021174692760582,0.14021174692946345,0.14021174693111904,0.14021174692946345,0.14021174692760582,0.14021174692946345,0.1402117469327114,0.14021174693689706,0.1402117469327114,0.14021174692946345,0.14021174693111904,0.14021174693689706,0.14021174695222752,0.14021174693689706,0.14021174693111904,0.14021174692946345,0.1402117469327114,0.14021174693689706,0.1402117469327114,0.14021174692946345,0.14021174692760582,0.14021174692946345,0.14021174693111904,0.14021174692946345,0.14021174692760582,0.13913530727614867,0.13913530727940862,0.1391353072821919,0.13913530727940862,0.13913530727614867,0.13913530727940862,0.13913530728487358,0.13913530729058446,0.13913530728487358,0.13913530727940862,0.1391353072821919,0.13913530729058446,0.13913530730193321,0.13913530729058446,0.1391353072821919,0.13913530727940862,0.13913530728487358,0.13913530729058446,0.13913530728487358,0.13913530727940862,0.13913530727614867,0.13913530727940862,0.1391353072821919,0.13913530727940862,0.1391353072761485,0.13807980380898607,0.13807980381524942,0.13807980382140894,0.13807980381524942,0.13807980380898607,0.13807980381524942,0.13807980382760485,0.138079803844111,0.13807980382760485,0.13807980381524942,0.13807980382140894,0.138079803844111,0.1380798038895704,0.138079803844111,0.13807980382140894,0.13807980381524942,0.13807980382760485,0.138079803844111,0.13807980382760485,0.13807980381524942,0.13807980380898607,0.13807980381524942,0.13807980382140894,0.13807980381524942,0.13807980380898607,0.13704476591497844,0.1370447659245699,0.13704476593607884,0.1370447659245699,0.13704476591497844,0.1370447659245699,0.13704476594798404,0.13704476599458174,0.13704476594798404,0.1370447659245699,0.13704476593607884,0.13704476599458174,0.13704476625172426,0.13704476599458174,0.13704476593607884,0.1370447659245699,0.13704476594798404,0.13704476599458174,0.13704476594798404,0.1370447659245699,0.13704476591497844,0.1370447659245699,0.13704476593607884,0.1370447659245699,0.13704476591497844,0.13602973249282288,0.13602973249944378,0.13602973250589695,0.13602973249944378,0.13602973249282288,0.13602973249944378,0.13602973251235861,0.13602973252955358,0.13602973251235861,0.13602973249944378,0.13602973250589695,0.13602973252955358,0.13602973257712445,0.13602973252955358,0.13602973250589695,0.13602973249944378,0.13602973251235861,0.13602973252955358,0.13602973251235861,0.13602973249944378,0.13602973249282288,0.13602973249944378,0.13602973250589695,0.13602973249944378,0.13602973249282288,0.13503425197038624,0.13503425197451704,0.1350342519779196,0.13503425197451704,0.13503425197038624,0.13503425197451704,0.13503425198114385,0.135034251987697,0.13503425198114385,0.13503425197451704,0.1350342519779196,0.135034251987697,0.1350342519995871,0.135034251987697,0.1350342519779196,0.13503425197451704,0.13503425198114385,0.135034251987697,0.13503425198114385,0.13503425197451704,0.13503425197038624,0.13503425197451704,0.1350342519779196,0.13503425197451704,0.13503425197038624
0.16533248783247578,0.16533248783247578,0.16533248783247553,0.16533248783247578,0.16533248783247578,0.16533248783247578,0.16533248783247553,0.16533248783247553,0.16533248783247553,0.16533248783247578,0.16533248783247553,0.16533248783247553,0.16533248783247528,0.16533248783247553,0.16533248783247553,0.16533248783247578,0.16533248783247553,0.16533248783247553,0.16533248783247553,0.16533248783247578,0.16533248783247578,0.16533248783247578,0.16533248783247553,0.16533248783247578,0.16533248783247578,0.16375749411275184,0.16375749411275162,0.16375749411275137,0.16375749411275162,0.16375749411275184,0.16375749411275162,0.16375749411275137,0.16375749411275115,0.16375749411275137,0.16375749411275162,0.16375749411275137,0.16375749411275115,0.16375749411275095,0.16375749411275115,0.16375749411275137,0.16375749411275162,0.16375749411275137,0.16375749411275115,0.16375749411275137,0.16375749411275162,0.16375749411275184,0.16375749411275162,0.16375749411275137,0.16375749411275162,0.16375749411275184,0.16221388432494985,0.16221388432494893,0.16221388432494846,0.16221388432494893,0.16221388432494985,0.16221388432494893,0.16221388432494827,0.16221388432494757,0.16221388432494827,0.16221388432494893,0.16221388432494846,0.16221388432494757,0.1622138843249471,0.16221388432494757,0.16221388432494846,0.16221388432494893,0.16221388432494827,0.16221388432494757,0.16221388432494827,0.16221388432494893,0.16221388432494985,0.16221388432494893,0.16221388432494846,0.16221388432494893,0.16221388432494985,0.16070106742611132,0.16070106742610865,0.1607010674261071,0.16070106742610865,0.16070106742611132,0.16070106742610865,0.16070106742610596,0.16070106742610418,0.16070106742610596,0.16070106742610865,0.1607010674261071,0.16070106742610418,0.16070106742610243,0.1607010674261044,0.1607010674261071,0.16070106742610865,0.16070106742610596,0.1607010674261044,0.16070106742610596,0.16070106742610865,0.16070106742611132,0.16070106742610865,0.1607010674261071,0.16070106742610865,0.16070106742611132,0.159218451791218,0.15921845179121014,0.15921845179120514,0.15921845179121014,0.159218451791218,0.15921845179121014,0.15921845179120164,0.1592184517911962,0.15921845179120164,0.15921845179121014,0.15921845179120514,0.1592184517911962,0.15921845179119035,0.1592184517911962,0.15921845179120514,0.15921845179121014,0.15921845179120164,0.1592184517911962,0.15921845179120164,0.15921845179121014,0.159218451791218,0.15921845179121014,0.15921845179120514,0.15921845179121014,0.159218451791218,0.15776544656504732,0.15776544656502403,0.1577654465650089,0.15776544656502403,0.15776544656504732,0.15776544656502403,0.15776544656499758,0.1577654465649801,0.15776544656499758,0.15776544656502403,0.1577654465650089,0.1577654465649801,0.15776544656496047,0.1577654465649801,0.1577654465650089,0.15776544656502403,0.15776544656499758,0.1577654465649801,0.15776544656499758,0.15776544656502403,0.15776544656504732,0.15776544656502403,0.1577654465650089,0.15776544656502403,0.15776544656504732,0.15634146287651063,0.15634146287644224,0.15634146287639644,0.15634146287644224,0.15634146287651063,0.15634146287644224,0.15634146287636005,0.15634146287630257,0.15634146287636005,0.15634146287644224,0.15634146287639644,0.15634146287630257,0.15634146287623585,0.15634146287630257,0.15634146287639644,0.15634146287644224,0.15634146287636005,0.15634146287630257,0.15634146287636005,0.15634146287644224,0.15634146287651063,0.15634146287644224,0.15634146287639644,0.15634146287644224,0.15634146287651063,0.15494591492575271,0.15494591492555762,0.15494591492542195,0.15494591492555762,0.15494591492575271,0.15494591492555762,0.15494591492530657,0.15494591492511944,0.15494591492530657,0.15494591492555762,0.15494591492542195,0.15494591492511944,0.15494591492488277,0.15494591492511944,0.15494591492542195,0.15494591492555762,0.15494591492530657,0.15494591492511944,0.15494591492530657,0.15494591492555762,0.15494591492575271,0.15494591492555762,0.15494591492542195,0.15494591492555762,0.15494591492575271,0.15357822095376575,0.15357822095323614,0.15357822095284188,0.15357822095323614,0.15357822095376575,0.15357822095323614,0.153578220952488,0.15357822095186457,0.153578220952488,0.15357822095323614,0.15357822095284188,0.15357822095186457,0.15357822095095777,0.15357822095186457,0.15357822095284188,0.15357822095323614,0.153578220952488,0.15357822095186457,0.153578220952488,0.15357822095323614,0.15357822095376575,0.15357822095323614,0.15357822095284188,0.15357822095323614,0.15357822095376575,0.15223780410375504,0.15223780410242305,0.15223780410132684,0.15223780410242305,0.15223780410375504,0.15223780410242305,0.1522378041002899,0.15223780409817603,0.1522378041002899,0.15223780410242305,0.15223780410132684,0.15223780409817603,0.15223780409432408,0.15223780409817603,0.15223780410132684,0.15223780410242305,0.1522378041002899,0.15223780409817603,0.1522378041002899,0.15223780410242305,0.15223780410375504,0.15223780410242305,0.15223780410132684,0.15223780410242305,0.15223780410375504,0.15092409318299166,0.1509240931800506,0.15092409317726774,0.1509240931800506,0.15092409318299166,0.1509240931800506,0.15092409317450645,0.15092409316745833,0.15092409317450645,0.1509240931800506,0.15092409317726774,0.15092409316745833,0.15092409314896885,0.15092409316745833,0.15092409317726774,0.1509240931800506,0.15092409317450645,0.15092409316745833,0.15092409317450645,0.1509240931800506,0.15092409318299166,0.1509240931800506,0.15092409317726774,0.1509240931800506,0.15092409318299166,0.1496365233331156,0.14963652332802602,0.1496365233223471,0.14963652332802602,0.1496365233331156,0.14963652332802602,0.14963652331653088,0.14963652329606783,0.14963652331653088,0.14963652332802602,0.1496365233223471,0.14963652329606783,0.14963652319550722,0.14963652329606783,0.1496365233223471,0.14963652332802602,0.14963652331653088,0.14963652329606783,0.14963652331653088,0.14963652332802602,0.1496365233331156,0.14963652332802602,0.1496365233223471,0.14963652332802602,0.1496365233331156,0.14837453661503708,0.148374536609737,0.14837453660405125,0.148374536609737,0.14837453661503708,0.148374536609737,0.1483745365982521,0.14837453657946909,0.1483745365982521,0.148374536609737,0.14837453660405125,0.14837453657946909,0.14837453649901164,0.14837453657946909,0.14837453660405125,0.148374536609737,0.1483745365982521,0.14837453657946909,0.1483745365982521,0.148374536609737,0.14837453661503708,0.148374536609737,0.14837453660405125,0.148374536609737,0.14837453661503708,0.14713758251216055,0.147137582507957,0.14713758250364792,0.147137582507957,0.14713758251216055,0.147137582507957,0.14713758249929523,0.14713758248604045,0.14713758249929523,0.147137582507957,0.14713758250364792,0.14713758248604045,0.1471375824328954,0.14713758248604045,0.14713758250364792,0.147137582507957,0.14713758249929523,0.14713758248604045,0.14713758249929523,0.147137582507957,0.14713758251216055,0.147137582507957,0.14713758250364792,0.147137582507957,0.14713758251216055,0.14592511836946112,0.14592511836673994,0.14592511836405223,0.14592511836673994,0.14592511836946112,0.14592511836673994,0.14592511836136737,0.14592511835352523,0.14592511836136737,0.14592511836673994,0.14592511836405223,0.14592511835352523,0.14592511832328303,0.14592511835352523,0.14592511836405223,0.14592511836673994,0.14592511836136737,0.14592511835352523,0.14592511836136737,0.14592511836673994,0.14592511836946112,0.14592511836673994,0.14592511836405223,0.14592511836673994,0.14592511836946112,0.14473660976880587,0.1447366097674777,0.14473660976623823,0.1447366097674777,0.14473660976880587,0.1447366097674777,0.14473660976502248,0.1447366097617289,0.14473660976502248,0.1447366097674777,0.14473660976623823,0.1447366097617289,0.1447366097501299,0.1447366097617289,0.14473660976623823,0.1447366097674777,0.14473660976502248,0.1447366097617289,0.14473660976502248,0.1447366097674777,0.14473660976880587,0.1447366097674777,0.14473660976623823,0.1447366097674777,0.14473660976880587,0.1435715308446923,0.14357153084447563,0.14357153084435553,0.14357153084447563,0.1435715308446923,0.14357153084447563,0.14357153084426227,0.14357153084435553,0.14357153084426227,0.14357153084447563,0.14357153084435553,0.14357153084435553,0.14357153084639349,0.14357153084435553,0.14357153084435553,0.14357153084447563,0.14357153084426227,0.14357153084435553,0.14357153084426227,0.14357153084447563,0.1435715308446923,0.14357153084447563,0.14357153084435553,0.14357153084447563,0.1435715308446923,0.1424293645460254,0.142429364546608,0.142429364547252,0.142429364546608,0.1424293645460254,0.142429364546608,0.14242936454791127,0.1424293645501469,0.14242936454791127,0.142429364546608,0.142429364547252,0.1424293645501469,0.1424293645602457,0.1424293645501469,0.142429364547252,0.142429364546608,0.14242936454791127,0.1424293645501469,0.14242936454791127,0.142429364546608,0.1424293645460254,0.142429364546608,0.142429364547252,0.142429364546608,0.1424293645460254,0.14130960284906535,0.14130960285025196,0.1413096028514202,0.14130960285025196,0.14130960284906535,0.14130960285025196,0.14130960285257538,0.14130960285608735,0.14130960285257538,0.14130960285025196,0.1413096028514202,0.14130960285608735,0.1413096028706712,0.14130960285608735,0.1413096028514202,0.14130960285025196,0.14130960285257538,0.14130960285608735,0.14130960285257538,0.14130960285025196,0.14130960284906535,0.14130960285025196,0.1413096028514202,0.14130960285025196,0.14130960284906535,0.14021174692610375,0.1402117469279738,0.14021174692964647,0.1402117469279738,0.14021174692610375,0.1402117469279738,0.14021174693125724,0.14021174693551575,0.14021174693125724,0.1402117469279738,0.14021174692964647,0.14021174693551575,0.14021174695120403,0.14021174693551575,0.14021174692964647,0.1402117469279738,0.14021174693125724,0.14021174693551575,0.14021174693125724,0.1402117469279738,0.14021174692610375,0.1402117469279738,0.14021174692964647,0.1402117469279738,0.14021174692610375,0.13913530727403076,0.13913530727726892,0.13913530728003476,0.13913530727726892,0.13913530727403076,0.13913530727726892,0.1391353072826997,0.13913530728838006,0.1391353072826997,0.13913530727726892,0.13913530728003476,0.13913530728838006,0.13913530729968837,0.13913530728838006,0.13913530728003476,0.13913530727726892,0.1391353072826997,0.13913530728838006,0.1391353072826997,0.13913530727726892,0.13913530727403076,0.13913530727726892,0.13913530728003476,0.13913530727726892,0.13913530727403076,0.13807980380628884,0.13807980381248133,0.13807980381856952,0.13807980381248133,0.13807980380628884,0.13807980381248133,0.13807980382469331,0.13807980384100274,0.13807980382469331,0.13807980381248133,0.13807980381856952,0.13807980384100274,0.13807980388590754,0.13807980384100274,0.13807980381856952,0.13807980381248133,0.13807980382469331,0.13807980384100274,0.13807980382469331,0.13807980381248133,0.13807980380628884,0.13807980381248133,0.13807980381856952,0.13807980381248133,0.13807980380628884,0.13704476591183912,0.13704476592131226,0.1370447659326779,0.13704476592131226,0.13704476591183912,0.13704476592131226,0.13704476594443438,0.13704476599044518,0.13704476594443438,0.13704476592131226,0.1370447659326779,0.13704476599044518,0.1370447662443283,0.13704476599044518,0.1370447659326779,0.13704476592131226,0.13704476594443438,0.13704476599044518,0.13704476594443438,0.13704476592131226,0.13704476591183912,0.13704476592131226,0.1370447659326779,0.13704476592131226,0.13704476591183912,0.13602973248947797,0.13602973249601644,0.13602973250238864,0.13602973249601644,0.13602973248947797,0.13602973249601644,0.13602973250876904,0.13602973252574732,0.13602973250876904,0.13602973249601644,0.13602973250238864,0.13602973252574732,0.13602973257271672,0.13602973252574732,0.13602973250238864,0.13602973249601644,0.13602973250876904,0.13602973252574732,0.13602973250876904,0.13602973249601644,0.13602973248947797,0.13602973249601644,0.13602973250238864,0.13602973249601644,0.13602973248947797,0.1350342519670021,0.13503425197108104,0.13503425197444086,0.13503425197108104,0.1350342519670021,0.13503425197108104,0.13503425197762464,0.1350342519840951,0.13503425197762464,0.13503425197108104,0.13503425197444086,0.1350342519840951,0.13503425199583502,0.1350342519840951,0.13503425197444086,0.13503425197108104,0.13503425197762464,0.1350342519840951,0.13503425197762464,0.13503425197108104,0.1350342519670021,0.13503425197108104,0.13503425197444086,0.13503425197108104,0.1350342519670021
0.16533248783386315,0.16533248783386315,0.1653324878338629,0.16533248783386315,0.16533248783386315,0.16533248783386315,0.1653324878338629,0.1653324878338629,0.1653324878338629,0.16533248783386315,0.1653324878338629,0.1653324878338629,0.1653324878338629,0.1653324878338629,0.1653324878338629,0.16533248783386315,0.1653324878338629,0.1653324878338629,0.1653324878338629,0.16533248783386315,0.16533248783386315,0.16533248783386315,0.1653324878338629,0.16533248783386315,0.16533248783386315,0.1637574941141116,0.1637574941141114,0.16375749411411114,0.1637574941141114,0.1637574941141116,0.1637574941141114,0.16375749411411114,0.16375749411411092,0.16375749411411114,0.1637574941141114,0.16375749411411114,0.16375749411411092,0.16375749411411067,0.16375749411411092,0.16375749411411114,0.1637574941141114,0.16375749411411114,0.16375749411411092,0.16375749411411114,0.1637574941141114,0.1637574941141116,0.1637574941141114,0.16375749411411114,0.1637574941141114,0.1637574941141116,0.16221388432628225,0.16221388432628134,0.1622138843262809,0.16221388432628134,0.16221388432628225,0.16221388432628134,0.16221388432628067,0.16221388432627998,0.16221388432628067,0.16221388432628134,0.1622138843262809,0.16221388432627998,0.1622138843262795,0.16221388432627998,0.1622138843262809,0.16221388432628134,0.16221388432628067,0.16221388432627998,0.16221388432628067,0.16221388432628134,0.16221388432628225,0.16221388432628134,0.1622138843262809,0.16221388432628134,0.16221388432628225,0.16070106742741688,0.16070106742741422,0.1607010674274127,0.16070106742741422,0.16070106742741688,0.16070106742741422,0.16070106742741155,0.16070106742741,0.16070106742741155,0.16070106742741422,0.1607010674274127,0.16070106742741,0.16070106742740822,0.16070106742741,0.1607010674274127,0.16070106742741422,0.16070106742741155,0.16070106742741,0.16070106742741155,0.16070106742741422,0.16070106742741688,0.16070106742741422,0.1607010674274127,0.16070106742741422,0.16070106742741688,0.15921845179249708,0.15921845179248945,0.15921845179248445,0.15921845179248945,0.15921845179249708,0.15921845179248945,0.15921845179248098,0.1592184517924755,0.15921845179248098,0.15921845179248945,0.15921845179248445,0.1592184517924755,0.15921845179246963,0.1592184517924755,0.15921845179248445,0.15921845179248945,0.15921845179248098,0.1592184517924755,0.15921845179248098,0.15921845179248945,0.15921845179249708,0.15921845179248945,0.15921845179248445,0.15921845179248945,0.15921845179249708,0.15776544656630062,0.1577654465662774,0.15776544656626246,0.1577654465662774,0.15776544656630062,0.1577654465662774,0.15776544656625113,0.15776544656623342,0.15776544656625113,0.1577654465662774,0.15776544656626246,0.15776544656623342,0.15776544656621402,0.15776544656623342,0.15776544656626246,0.1577654465662774,0.15776544656625113,0.15776544656623342,0.15776544656625113,0.1577654465662774,0.15776544656630062,0.1577654465662774,0.15776544656626246,0.1577654465662774,0.15776544656630062,0.15634146287773829,0.1563414628776699,0.15634146287762432,0.1563414628776699,0.15634146287773829,0.1563414628776699,0.15634146287758816,0.15634146287753084,0.15634146287758816,0.1563414628776699,0.15634146287762432,0.15634146287753084,0.15634146287746437,0.15634146287753084,0.15634146287762432,0.1563414628776699,0.15634146287758816,0.15634146287753084,0.15634146287758816,0.1563414628776699,0.15634146287773829,0.1563414628776699,0.15634146287762432,0.1563414628776699,0.15634146287773829,0.15494591492695461,0.15494591492676013,0.15494591492662468,0.15494591492676013,0.15494591492695461,0.15494591492676013,0.15494591492650972,0.15494591492632323,0.15494591492650972,0.15494591492676013,0.15494591492662468,0.15494591492632323,0.15494591492608736,0.15494591492632323,0.15494591492662468,0.15494591492676013,0.15494591492650972,0.15494591492632323,0.15494591492650972,0.15494591492676013,0.15494591492695461,0.15494591492676013,0.15494591492662468,0.15494591492676013,0.15494591492695461,0.15357822095494109,0.15357822095441329,0.1535782209540202,0.15357822095441329,0.15357822095494109,0.15357822095441329,0.15357822095366735,0.15357822095304574,0.15357822095366735,0.15357822095441329,0.1535782209540202,0.15357822095304574,0.15357822095214155,0.15357822095304574,0.1535782209540202,0.15357822095441329,0.15357822095366735,0.15357822095304574,0.15357822095366735,0.15357822095441329,0.15357822095494109,0.15357822095441329,0.1535782209540202,0.15357822095441329,0.15357822095494109,0.15223780410490106,0.15223780410357338,0.1522378041024803,0.15223780410357338,0.15223780410490106,0.15223780410357338,0.15223780410144652,0.15223780409933876,0.15223780410144652,0.15223780410357338,0.1522378041024803,0.15223780409933876,0.15223780409549761,0.15223780409933876,0.1522378041024803,0.15223780410357338,0.15223780410144652,0.15223780409933876,0.15223780410144652,0.15223780410357338,0.15223780410490106,0.15223780410357338,0.1522378041024803,0.15223780410357338,0.15223780410490106,0.15092409318410016,0.15092409318116856,0.1509240931783942,0.15092409318116856,0.15092409318410016,0.15092409318116856,0.1509240931756414,0.15092409316861352,0.1509240931756414,0.15092409318116856,0.1509240931783942,0.15092409316861352,0.15092409315017596,0.15092409316861352,0.1509240931783942,0.15092409318116856,0.1509240931756414,0.15092409316861352,0.1509240931756414,0.15092409318116856,0.15092409318410016,0.15092409318116856,0.1509240931783942,0.15092409318116856,0.15092409318410016,0.14963652333416766,0.1496365233290955,0.14963652332343472,0.1496365233290955,0.14963652333416766,0.1496365233290955,0.14963652331763683,0.14963652329723431,0.14963652331763683,0.1496365233290955,0.14963652332343472,0.14963652329723431,0.14963652319697357,0.14963652329723431,0.14963652332343472,0.1496365233290955,0.14963652331763683,0.14963652329723431,0.14963652331763683,0.1496365233290955,0.14963652333416766,0.1496365233290955,0.14963652332343472,0.1496365233290955,0.14963652333416766,0.1483745366159967,0.14837453661071906,0.1483745366050563,0.14837453661071906,0.1483745366159967,0.14837453661071906,0.14837453659928013,0.14837453658056737,0.14837453659928013,0.14837453661071906,0.1483745366050563,0.14837453658056737,0.1483745365004085,0.14837453658056737,0.1483745366050563,0.14837453661071906,0.14837453659928013,0.14837453658056737,0.14837453659928013,0.14837453661071906,0.1483745366159967,0.14837453661071906,0.1483745366050563,0.14837453661071906,0.1483745366159967,0.14713758251298037,0.14713758250880354,0.14713758250452097,0.14713758250880354,0.14713758251298037,0.14713758250880354,0.14713758250019499,0.14713758248701886,0.14713758250019499,0.14713758250880354,0.14713758250452097,0.14713758248701886,0.1471375824341857,0.14713758248701886,0.14713758250452097,0.14713758250880354,0.14713758250019499,0.14713758248701886,0.14713758250019499,0.14713758250880354,0.14713758251298037,0.14713758250880354,0.14713758250452097,0.14713758250880354,0.14713758251298037,0.1459251183700845,0.14592511836739447,0.14592511836473832,0.14592511836739447,0.1459251183700845,0.14592511836739447,0.145925118362085,0.14592511835433686,0.145925118362085,0.14592511836739447,0.14592511836473832,0.14592511835433686,0.14592511832446875,0.14592511835433686,0.14592511836473832,0.14592511836739447,0.145925118362085,0.14592511835433686,0.145925118362085,0.14592511836739447,0.1459251183700845,0.14592511836739447,0.14592511836473832,0.14592511836739447,0.1459251183700845,0.14473660976916541,0.1447366097678734,0.14473660976667038,0.1447366097678734,0.14473660976916541,0.1447366097678734,0.14473660976549166,0.14473660976231084,0.14473660976549166,0.1447366097678734,0.14473660976667038,0.14473660976231084,0.14473660975116778,0.14473660976231084,0.14473660976667038,0.1447366097678734,0.14473660976549166,0.14473660976231084,0.14473660976549166,0.1447366097678734,0.14473660976916541,0.1447366097678734,0.14473660976667038,0.1447366097678734,0.14473660976916541,0.14357153084471058,0.14357153084453247,0.14357153084445168,0.14357153084453247,0.14357153084471058,0.14357153084453247,0.14357153084439864,0.14357153084461494,0.14357153084439864,0.14357153084453247,0.14357153084445168,0.14357153084461494,0.1435715308471551,0.14357153084461494,0.14357153084445168,0.14357153084453247,0.14357153084439864,0.14357153084461494,0.14357153084439864,0.14357153084453247,0.14357153084471058,0.14357153084453247,0.14357153084445168,0.14357153084453247,0.14357153084471058,0.14242936454561844,0.14242936454623845,0.14242936454692137,0.14242936454623845,0.14242936454561844,0.14242936454623845,0.14242936454762023,0.14242936454997915,0.14242936454762023,0.14242936454623845,0.14242936454692137,0.14242936454997915,0.1424293645605747,0.14242936454997915,0.14242936454692137,0.14242936454623845,0.14242936454762023,0.14242936454997915,0.14242936454762023,0.14242936454623845,0.14242936454561844,0.14242936454623845,0.14242936454692137,0.14242936454623845,0.14242936454561844,0.14130960284815008,0.14130960284936714,0.14130960285056887,0.14130960284936714,0.14130960284815008,0.14130960284936714,0.1413096028517588,0.1413096028553861,0.1413096028517588,0.14130960284936714,0.14130960285056887,0.1413096028553861,0.14130960287048058,0.1413096028553861,0.14130960285056887,0.14130960284936714,0.1413096028517588,0.1413096028553861,0.1413096028517588,0.14130960284936714,0.14130960284815008,0.14130960284936714,0.14130960285056887,0.14130960284936714,0.14130960284815008,0.14021174692461055,0.1402117469264927,0.14021174692818228,0.1402117469264927,0.14021174692461055,0.1402117469264927,0.14021174692981112,0.1402117469341414,0.14021174692981112,0.1402117469264927,0.14021174692818228,0.1402117469341414,0.14021174695019653,0.1402117469341414,0.14021174692818228,0.1402117469264927,0.14021174692981112,0.1402117469341414,0.14021174692981112,0.1402117469264927,0.14021174692461055,0.1402117469264927,0.14021174692818228,0.1402117469264927,0.14021174692461055,0.1391353072719263,0.1391353072751426,0.1391353072778909,0.1391353072751426,0.1391353072719263,0.1391353072751426,0.13913530728053927,0.13913530728618922,0.13913530728053927,0.1391353072751426,0.1391353072778909,0.13913530728618922,0.13913530729745646,0.13913530728618922,0.1391353072778909,0.1391353072751426,0.13913530728053927,0.13913530728618922,0.13913530728053927,0.1391353072751426,0.1391353072719263,0.1391353072751426,0.1391353072778909,0.1391353072751426,0.1391353072719263,0.13807980380360893,0.1380798038097312,0.13807980381574866,0.1380798038097312,0.13807980380360893,0.1380798038097312,0.13807980382180088,0.13807980383791493,0.13807980382180088,0.1380798038097312,0.13807980381574866,0.13807980383791493,0.13807980388226918,0.13807980383791493,0.13807980381574866,0.1380798038097312,0.13807980382180088,0.13807980383791493,0.13807980382180088,0.1380798038097312,0.13807980380360893,0.1380798038097312,0.13807980381574866,0.1380798038097312,0.13807980380360893,0.13704476590872047,0.13704476591807657,0.1370447659292997,0.13704476591807657,0.13704476590872047,0.13704476591807657,0.13704476594090856,0.1370447659863369,0.13704476594090856,0.13704476591807657,0.1370447659292997,0.1370447659863369,0.1370447662369986,0.1370447659863369,0.1370447659292997,0.13704476591807657,0.13704476594090856,0.1370447659863369,0.13704476594090856,0.13704476591807657,0.13704476590872047,0.13704476591807657,0.1370447659292997,0.13704476591807657,0.13704476590872047,0.1360297324861557,0.13602973249261205,0.13602973249890402,0.13602973249261205,0.1360297324861557,0.13602973249261205,0.13602973250520392,0.13602973252196704,0.13602973250520392,0.13602973249261205,0.13602973249890402,0.13602973252196704,0.13602973256833956,0.13602973252196704,0.13602973249890402,0.13602973249261205,0.13602973250520392,0.13602973252196704,0.13602973250520392,0.13602973249261205,0.1360297324861557,0.13602973249261205,0.13602973249890402,0.13602973249261205,0.1360297324861557,0.1350342519636407,0.13503425196766825,0.13503425197098567,0.13503425196766825,0.1350342519636407,0.13503425196766825,0.13503425197412908,0.13503425198051755,0.13503425197412908,0.13503425196766825,0.13503425197098567,0.13503425198051755,0.13503425199210858,0.13503425198051755,0.13503425197098567,0.13503425196766825,0.13503425197412908,0.13503425198051755,0.13503425197412908,0.13503425196766825,0.1350342519636407,0.13503425196766825,0.13503425197098567,0.13503425196766825,0.1350342519636407
0.16533248783524176,0.16533248783524176,0.16533248783524176,0.16533248783524176,0.16533248783524176,0.16533248783524176,0.16533248783524154,0.16533248783524154,0.16533248783524154,0.16533248783524176,0.16533248783524176,0.16533248783524154,0.16533248783524154,0.16533248783524154,0.16533248783524176,0.16533248783524176,0.16533248783524154,0.16533248783524154,0.16533248783524154,0.16533248783524176,0.16533248783524176,0.16533248783524176,0.16533248783524176,0.16533248783524176,0.16533248783524176,0.16375749411546278,0.16375749411546256,0.16375749411546234,0.16375749411546256,0.16375749411546278,0.16375749411546256,0.1637574941154621,0.1637574941154621,0.1637574941154621,0.16375749411546256,0.16375749411546234,0.1637574941154621,0.16375749411546187,0.1637574941154621,0.16375749411546234,0.16375749411546256,0.1637574941154621,0.1637574941154621,0.1637574941154621,0.16375749411546256,0.16375749411546278,0.16375749411546256,0.16375749411546234,0.16375749411546256,0.16375749411546278,0.16221388432760625,0.1622138843276056,0.1622138843276049,0.1622138843276056,0.16221388432760625,0.1622138843276056,0.1622138843276047,0.16221388432760422,0.1622138843276047,0.1622138843276056,0.1622138843276049,0.16221388432760422,0.16221388432760353,0.16221388432760422,0.1622138843276049,0.1622138843276056,0.1622138843276047,0.16221388432760422,0.1622138843276047,0.1622138843276056,0.16221388432760625,0.1622138843276056,0.1622138843276049,0.1622138843276056,0.16221388432760625,0.1607010674287143,0.16070106742871182,0.16070106742871026,0.16070106742871182,0.1607010674287143,0.16070106742871182,0.16070106742870915,0.1607010674287074,0.16070106742870915,0.16070106742871182,0.16070106742871026,0.1607010674287074,0.16070106742870563,0.1607010674287074,0.16070106742871026,0.16070106742871182,0.16070106742870915,0.1607010674287074,0.16070106742870915,0.16070106742871182,0.1607010674287143,0.16070106742871182,0.16070106742871026,0.16070106742871182,0.1607010674287143,0.15921845179376834,0.1592184517937607,0.15921845179375568,0.1592184517937607,0.15921845179376834,0.1592184517937607,0.1592184517937522,0.15921845179374675,0.1592184517937522,0.1592184517937607,0.15921845179375568,0.15921845179374675,0.1592184517937411,0.15921845179374675,0.15921845179375568,0.1592184517937607,0.1592184517937522,0.15921845179374675,0.1592184517937522,0.1592184517937607,0.15921845179376834,0.1592184517937607,0.15921845179375568,0.1592184517937607,0.15921845179376834,0.15776544656754607,0.1577654465675228,0.15776544656750785,0.1577654465675228,0.15776544656754607,0.1577654465675228,0.15776544656749655,0.15776544656747907,0.15776544656749655,0.1577654465675228,0.15776544656750785,0.15776544656747907,0.15776544656745964,0.15776544656747907,0.15776544656750785,0.1577654465675228,0.15776544656749655,0.15776544656747907,0.15776544656749655,0.1577654465675228,0.15776544656754607,0.1577654465675228,0.15776544656750785,0.1577654465675228,0.15776544656754607,0.15634146287895823,0.15634146287889006,0.15634146287884468,0.15634146287889006,0.15634146287895823,0.15634146287889006,0.15634146287880848,0.1563414628787512,0.15634146287880848,0.15634146287889006,0.15634146287884468,0.1563414628787512,0.15634146287868492,0.1563414628787512,0.15634146287884468,0.15634146287889006,0.15634146287880848,0.1563414628787512,0.15634146287880848,0.15634146287889006,0.15634146287895823,0.15634146287889006,0.15634146287884468,0.15634146287889006,0.15634146287895823,0.15494591492814896,0.1549459149279551,0.15494591492782003,0.1549459149279551,0.15494591492814896,0.1549459149279551,0.1549459149277055,0.15494591492751963,0.1549459149277055,0.1549459149279551,0.15494591492782003,0.15494591492751963,0.15494591492728438,0.15494591492751963,0.15494591492782003,0.1549459149279551,0.1549459149277055,0.15494591492751963,0.1549459149277055,0.1549459149279551,0.15494591492814896,0.1549459149279551,0.15494591492782003,0.1549459149279551,0.15494591492814896,0.1535782209561094,0.153578220955583,0.15357822095519094,0.153578220955583,0.1535782209561094,0.153578220955583,0.15357822095483925,0.15357822095421944,0.15357822095483925,0.153578220955583,0.15357822095519094,0.15357822095421944,0.15357822095331788,0.15357822095421944,0.15357822095519094,0.153578220955583,0.15357822095483925,0.15357822095421944,0.15357822095483925,0.153578220955583,0.1535782209561094,0.153578220955583,0.15357822095519094,0.153578220955583,0.15357822095610918,0.15223780410604018,0.15223780410471643,0.15223780410362653,0.15223780410471643,0.15223780410604018,0.15223780410471643,0.15223780410259585,0.15223780410049423,0.15223780410259585,0.15223780410471643,0.15223780410362653,0.15223780410049423,0.15223780409666413,0.15223780410049423,0.15223780410362653,0.15223780410471643,0.15223780410259585,0.15223780410049423,0.15223780410259585,0.15223780410471643,0.15223780410604018,0.15223780410471643,0.15223780410362653,0.15223780410471643,0.15223780410604018,0.15092409318520195,0.1509240931822796,0.15092409317951372,0.1509240931822796,0.15092409318520195,0.1509240931822796,0.15092409317676903,0.15092409316976177,0.15092409317676903,0.1509240931822796,0.15092409317951372,0.15092409316976177,0.15092409315137575,0.15092409316976177,0.15092409317951372,0.1509240931822796,0.15092409317676903,0.15092409316976177,0.15092409317676903,0.1509240931822796,0.15092409318520195,0.1509240931822796,0.15092409317951372,0.1509240931822796,0.15092409318520195,0.1496365233352131,0.14963652333015814,0.14963652332451532,0.14963652333015814,0.1496365233352131,0.14963652333015814,0.14963652331873598,0.1496365232983934,0.14963652331873598,0.14963652333015814,0.14963652332451532,0.1496365232983934,0.14963652319838489,0.1496365232983934,0.14963652332451532,0.14963652333015814,0.14963652331873598,0.1496365232983934,0.14963652331873598,0.14963652333015814,0.1496365233352131,0.14963652333015814,0.14963652332451532,0.14963652333015814,0.1496365233352131,0.14837453661695021,0.148374536611695,0.14837453660605504,0.148374536611695,0.14837453661695021,0.148374536611695,0.14837453660030167,0.14837453658165858,0.14837453660030167,0.148374536611695,0.14837453660605504,0.14837453658165858,0.14837453650174748,0.14837453658165858,0.14837453660605504,0.148374536611695,0.14837453660030167,0.14837453658165858,0.14837453660030167,0.148374536611695,0.14837453661695021,0.148374536611695,0.14837453660605504,0.148374536611695,0.14837453661695021,0.14713758251379455,0.14713758250964462,0.1471375825053884,0.14713758250964462,0.14713758251379455,0.14713758250964462,0.1471375825010889,0.14713758248799091,0.1471375825010889,0.14713758250964462,0.1471375825053884,0.14713758248799091,0.14713758243546185,0.14713758248799091,0.1471375825053884,0.14713758250964462,0.1471375825010889,0.14713758248799091,0.1471375825010889,0.14713758250964462,0.14713758251379455,0.14713758250964462,0.1471375825053884,0.14713758250964462,0.14713758251379455,0.14592511837070346,0.14592511836804462,0.14592511836541958,0.14592511836804462,0.14592511837070346,0.14592511836804462,0.1459251183627976,0.1459251183551428,0.1459251183627976,0.14592511836804462,0.14592511836541958,0.1459251183551428,0.14592511832564056,0.1459251183551428,0.14592511836541958,0.14592511836804462,0.1459251183627976,0.1459251183551428,0.1459251183627976,0.14592511836804462,0.14592511837070346,0.14592511836804462,0.14592511836541958,0.14592511836804462,0.14592511837070346,0.14473660976952218,0.14473660976826577,0.14473660976709946,0.14473660976826577,0.14473660976952218,0.14473660976826577,0.1447366097659572,0.14473660976288844,0.1447366097659572,0.14473660976826577,0.14473660976709946,0.14473660976288844,0.14473660975222116,0.14473660976288844,0.14473660976709946,0.14473660976826577,0.1447366097659572,0.14473660976288844,0.1447366097659572,0.14473660976826577,0.14473660976952218,0.14473660976826577,0.14473660976709946,0.14473660976826577,0.14473660976952218,0.1435715308447282,0.14357153084458824,0.14357153084454666,0.14357153084458824,0.1435715308447282,0.14357153084458824,0.14357153084453314,0.14357153084487176,0.14357153084453314,0.14357153084458824,0.14357153084454666,0.14357153084487176,0.14357153084794805,0.14357153084487176,0.14357153084454666,0.14357153084458824,0.14357153084453314,0.14357153084487176,0.14357153084453314,0.14357153084458824,0.1435715308447282,0.14357153084458824,0.14357153084454666,0.14357153084458824,0.1435715308447282,0.14242936454521332,0.14242936454587024,0.14242936454659189,0.14242936454587024,0.14242936454521332,0.14242936454587024,0.14242936454733002,0.14242936454981156,0.14242936454733002,0.14242936454587024,0.14242936454659189,0.14242936454981156,0.14242936456091476,0.14242936454981156,0.14242936454659189,0.14242936454587024,0.14242936454733002,0.14242936454981156,0.14242936454733002,0.14242936454587024,0.14242936454521332,0.14242936454587024,0.14242936454659189,0.14242936454587024,0.14242936454521332,0.14130960284723992,0.1413096028484871,0.14130960284972224,0.1413096028484871,0.14130960284723992,0.1413096028484871,0.14130960285094651,0.1413096028546879,0.14130960285094651,0.1413096028484871,0.14130960284972224,0.1413096028546879,0.14130960287028702,0.1413096028546879,0.14130960284972224,0.1413096028484871,0.14130960285094651,0.1413096028546879,0.14130960285094651,0.1413096028484871,0.14130960284723992,0.1413096028484871,0.14130960284972224,0.1413096028484871,0.14130960284723992,0.14021174692312638,0.14021174692502048,0.1402117469267265,0.14021174692502048,0.14021174692312638,0.14021174692502048,0.14021174692837307,0.14021174693277397,0.14021174692837307,0.14021174692502048,0.1402117469267265,0.14021174693277397,0.1402117469491892,0.14021174693277397,0.1402117469267265,0.14021174692502048,0.14021174692837307,0.14021174693277397,0.14021174692837307,0.14021174692502048,0.14021174692312638,0.14021174692502048,0.1402117469267265,0.14021174692502048,0.14021174692312638,0.13913530726983495,0.13913530727302958,0.1391353072757605,0.13913530727302958,0.13913530726983495,0.13913530727302958,0.13913530727839227,0.13913530728401188,0.13913530727839227,0.13913530727302958,0.1391353072757605,0.13913530728401188,0.13913530729523768,0.13913530728401188,0.1391353072757605,0.13913530727302958,0.13913530727839227,0.13913530728401188,0.13913530727839227,0.13913530727302958,0.13913530726983495,0.13913530727302958,0.1391353072757605,0.13913530727302958,0.13913530726983495,0.1380798038009467,0.13807980380699905,0.13807980381294646,0.13807980380699905,0.1380798038009467,0.13807980380699905,0.13807980381892732,0.1380798038348476,0.13807980381892732,0.13807980380699905,0.13807980381294646,0.1380798038348476,0.13807980387865548,0.1380798038348476,0.13807980381294646,0.13807980380699905,0.13807980381892732,0.1380798038348476,0.13807980381892732,0.13807980380699905,0.1380798038009467,0.13807980380699905,0.13807980381294646,0.13807980380699905,0.1380798038009467,0.13704476590562284,0.13704476591486245,0.13704476592594433,0.13704476591486245,0.13704476590562284,0.13704476591486245,0.13704476593740664,0.1370447659822569,0.13704476593740664,0.13704476591486245,0.13704476592594433,0.1370447659822569,0.13704476622971207,0.1370447659822569,0.13704476592594433,0.13704476591486245,0.13704476593740664,0.1370447659822569,0.13704476593740664,0.13704476591486245,0.13704476590562284,0.13704476591486245,0.13704476592594433,0.13704476591486245,0.13704476590562284,0.13602973248285571,0.13602973248923061,0.13602973249544295,0.13602973248923061,0.13602973248285571,0.13602973248923061,0.13602973250166278,0.13602973251821238,0.13602973250166278,0.13602973248923061,0.13602973249544295,0.13602973251821238,0.13602973256399267,0.13602973251821254,0.13602973249544295,0.13602973248923061,0.13602973250166278,0.13602973251821254,0.13602973250166278,0.13602973248923061,0.13602973248285571,0.13602973248923061,0.13602973249544295,0.13602973248923061,0.13602973248285571,0.13503425196030192,0.1350342519642786,0.1350342519675539,0.1350342519642786,0.13503425196030205,0.1350342519642786,0.13503425197065738,0.1350342519769645,0.13503425197065738,0.1350342519642786,0.1350342519675539,0.1350342519769645,0.13503425198840754,0.1350342519769645,0.1350342519675539,0.1350342519642786,0.13503425197065738,0.1350342519769645,0.13503425197065738,0.1350342519642786,0.13503425196030205,0.1350342519642786,0.1350342519675539,0.1350342519642786,0.13503425196030205
0.16533248783661195,0.1653324878366117,0.1653324878366117,0.1653324878366117,0.16533248783661195,0.1653324878366117,0.1653324878366117,0.1653324878366117,0.1653324878366117,0.1653324878366117,0.1653324878366117,0.1653324878366117,0.16533248783661145,0.1653324878366117,0.1653324878366117,0.1653324878366117,0.1653324878366117,0.1653324878366117,0.1653324878366117,0.1653324878366117,0.16533248783661195,0.1653324878366117,0.1653324878366117,0.1653324878366117,0.16533248783661195,0.1637574941168054,0.16375749411680518,0.16375749411680496,0.16375749411680518,0.1637574941168054,0.16375749411680518,0.16375749411680496,0.1637574941168047,0.16375749411680496,0.16375749411680518,0.16375749411680496,0.1637574941168047,0.1637574941168045,0.1637574941168047,0.16375749411680496,0.16375749411680518,0.16375749411680496,0.1637574941168047,0.16375749411680496,0.16375749411680518,0.1637574941168054,0.16375749411680518,0.16375749411680496,0.16375749411680518,0.1637574941168054,0.16221388432892211,0.1622138843289212,0.16221388432892078,0.1622138843289212,0.16221388432892211,0.1622138843289212,0.16221388432892028,0.16221388432891984,0.16221388432892028,0.1622138843289212,0.16221388432892078,0.16221388432891984,0.16221388432891942,0.16221388432891984,0.16221388432892078,0.1622138843289212,0.16221388432892028,0.16221388432891984,0.16221388432892028,0.1622138843289212,0.16221388432892211,0.1622138843289212,0.16221388432892078,0.1622138843289212,0.16221388432892211,0.16070106743000365,0.16070106743000098,0.1607010674299994,0.16070106743000098,0.16070106743000365,0.16070106743000098,0.16070106742999832,0.16070106742999676,0.16070106742999832,0.16070106743000098,0.1607010674299994,0.16070106742999676,0.160701067429995,0.16070106742999676,0.1607010674299994,0.16070106743000098,0.16070106742999832,0.16070106742999676,0.16070106742999832,0.16070106743000098,0.16070106743000365,0.16070106743000098,0.1607010674299994,0.16070106743000098,0.16070106743000365,0.15921845179503152,0.1592184517950239,0.15921845179501887,0.1592184517950239,0.15921845179503152,0.1592184517950239,0.1592184517950154,0.15921845179501018,0.1592184517950154,0.1592184517950239,0.15921845179501887,0.15921845179501018,0.1592184517950043,0.15921845179501018,0.15921845179501887,0.1592184517950239,0.1592184517950154,0.15921845179501018,0.1592184517950154,0.1592184517950239,0.15921845179503152,0.1592184517950239,0.15921845179501887,0.1592184517950239,0.15921845179503152,0.1577654465687836,0.15776544656876054,0.15776544656874564,0.15776544656876054,0.1577654465687836,0.15776544656876054,0.1577654465687343,0.15776544656871683,0.1577654465687343,0.15776544656876054,0.15776544656874564,0.15776544656871683,0.15776544656869737,0.15776544656871683,0.15776544656874564,0.15776544656876054,0.1577654465687343,0.15776544656871683,0.1577654465687343,0.15776544656876054,0.1577654465687836,0.15776544656876054,0.15776544656874564,0.15776544656876054,0.1577654465687836,0.1563414628801704,0.15634146288010242,0.15634146288005707,0.15634146288010242,0.1563414628801704,0.15634146288010242,0.1563414628800211,0.156341462879964,0.1563414628800211,0.15634146288010242,0.15634146288005707,0.156341462879964,0.15634146287989795,0.156341462879964,0.15634146288005707,0.15634146288010242,0.1563414628800211,0.156341462879964,0.1563414628800211,0.15634146288010242,0.1563414628801704,0.15634146288010242,0.15634146288005707,0.15634146288010242,0.1563414628801704,0.15494591492933593,0.15494591492914248,0.15494591492900803,0.15494591492914248,0.15494591492933593,0.15494591492914248,0.15494591492889367,0.1549459149287084,0.15494591492889367,0.15494591492914248,0.15494591492900803,0.1549459149287084,0.15494591492847376,0.1549459149287084,0.15494591492900803,0.15494591492914248,0.15494591492889367,0.1549459149287084,0.15494591492889367,0.15494591492914248,0.15494591492933593,0.15494591492914248,0.15494591492900803,0.15494591492914248,0.15494591492933593,0.15357822095727006,0.15357822095674528,0.15357822095635462,0.15357822095674528,0.15357822095727006,0.15357822095674528,0.15357822095600376,0.15357822095538576,0.15357822095600376,0.15357822095674528,0.15357822095635462,0.15357822095538576,0.15357822095448678,0.15357822095538576,0.15357822095635462,0.15357822095674528,0.15357822095600376,0.15357822095538576,0.15357822095600376,0.15357822095674528,0.15357822095727006,0.15357822095674528,0.15357822095635462,0.15357822095674528,0.15357822095727006,0.1522378041071718,0.1522378041058522,0.15223780410476564,0.1522378041058522,0.1522378041071718,0.1522378041058522,0.15223780410373813,0.1522378041016424,0.15223780410373813,0.1522378041058522,0.15223780410476564,0.1522378041016424,0.1522378040978233,0.1522378041016424,0.15223780410476564,0.1522378041058522,0.15223780410373813,0.1522378041016424,0.15223780410373813,0.1522378041058522,0.1522378041071718,0.1522378041058522,0.15223780410476564,0.1522378041058522,0.1522378041071718,0.15092409318629657,0.15092409318338346,0.15092409318062608,0.15092409318338346,0.15092409318629657,0.15092409318338346,0.15092409317788968,0.1509240931709027,0.15092409317788968,0.15092409318338346,0.15092409318062608,0.1509240931709027,0.1509240931525682,0.1509240931709027,0.15092409318062608,0.15092409318338346,0.15092409317788968,0.1509240931709027,0.15092409317788968,0.15092409318338346,0.15092409318629657,0.15092409318338346,0.15092409318062608,0.15092409318338346,0.15092409318629657,0.14963652333625194,0.14963652333121416,0.1496365233255893,0.14963652333121416,0.14963652333625194,0.14963652333121416,0.14963652331982794,0.14963652329954527,0.14963652331982794,0.14963652333121416,0.1496365233255893,0.14963652329954527,0.14963652319984727,0.14963652329954527,0.1496365233255893,0.14963652333121416,0.14963652331982794,0.14963652329954527,0.14963652331982794,0.14963652333121416,0.14963652333625194,0.14963652333121416,0.1496365233255893,0.14963652333121416,0.14963652333625194,0.14837453661789743,0.14837453661266464,0.1483745366070473,0.14837453661266464,0.14837453661789743,0.14837453661266464,0.14837453660131672,0.14837453658274297,0.14837453660131672,0.14837453661266464,0.1483745366070473,0.14837453658274297,0.14837453650311744,0.14837453658274297,0.1483745366070473,0.14837453661266464,0.14837453660131672,0.14837453658274297,0.14837453660131672,0.14837453661266464,0.14837453661789743,0.14837453661266464,0.1483745366070473,0.14837453661266464,0.14837453661789743,0.14713758251460346,0.14713758251047987,0.14713758250624998,0.14713758251047987,0.14713758251460346,0.14713758251047987,0.14713758250197684,0.1471375824889566,0.14713758250197684,0.14713758251047987,0.14713758250624998,0.1471375824889566,0.14713758243675434,0.1471375824889566,0.14713758250624998,0.14713758251047987,0.14713758250197684,0.1471375824889566,0.14713758250197684,0.14713758251047987,0.14713758251460346,0.14713758251047987,0.14713758250624998,0.14713758251047987,0.14713758251460346,0.14592511837131797,0.14592511836869027,0.14592511836609606,0.14592511836869027,0.14592511837131797,0.14592511836869027,0.14592511836350502,0.145925118355943,0.14592511836350502,0.14592511836869027,0.14592511836609606,0.145925118355943,0.1459251183267679,0.145925118355943,0.14592511836609606,0.14592511836869027,0.14592511836350502,0.145925118355943,0.14592511836350502,0.14592511836869027,0.14592511837131797,0.14592511836869027,0.14592511836609606,0.14592511836869027,0.14592511837131797,0.1447366097698762,0.1447366097686552,0.144736609767525,0.1447366097686552,0.1447366097698762,0.1447366097686552,0.14473660976641906,0.14473660976346167,0.14473660976641906,0.1447366097686552,0.144736609767525,0.14473660976346167,0.14473660975326674,0.14473660976346167,0.144736609767525,0.1447366097686552,0.14473660976641906,0.14473660976346167,0.14473660976641906,0.1447366097686552,0.1447366097698762,0.1447366097686552,0.144736609767525,0.1447366097686552,0.1447366097698762,0.1435715308447448,0.14357153084464283,0.14357153084464025,0.14357153084464283,0.1435715308447448,0.14357153084464283,0.1435715308446661,0.14357153084512606,0.1435715308446661,0.14357153084464283,0.14357153084464025,0.14357153084512606,0.14357153084867014,0.14357153084512606,0.14357153084464025,0.14357153084464283,0.1435715308446661,0.14357153084512606,0.1435715308446661,0.14357153084464283,0.1435715308447448,0.14357153084464283,0.14357153084464025,0.14357153084464283,0.1435715308447448,0.1424293645448099,0.14242936454550353,0.14242936454626362,0.14242936454550353,0.1424293645448099,0.14242936454550353,0.1424293645470408,0.142429364549644,0.1424293645470408,0.14242936454550353,0.14242936454626362,0.142429364549644,0.14242936456125008,0.142429364549644,0.14242936454626362,0.14242936454550353,0.1424293645470408,0.142429364549644,0.1424293645470408,0.14242936454550353,0.1424293645448099,0.14242936454550353,0.14242936454626362,0.14242936454550353,0.1424293645448099,0.14130960284633473,0.14130960284761163,0.14130960284887983,0.14130960284761163,0.14130960284633473,0.14130960284761163,0.14130960285013816,0.14130960285399274,0.14130960285013816,0.14130960284761163,0.14130960284887983,0.14130960285399274,0.14130960287009672,0.14130960285399274,0.14130960284887983,0.14130960284761163,0.14130960285013816,0.14130960285399274,0.14130960285013816,0.14130960284761163,0.14130960284633473,0.14130960284761163,0.14130960284887983,0.14130960284761163,0.14130960284633473,0.14021174692165075,0.14021174692355678,0.1402117469252791,0.14021174692355678,0.14021174692165075,0.14021174692355678,0.14021174692694308,0.14021174693141317,0.14021174692694308,0.14021174692355678,0.1402117469252791,0.14021174693141317,0.14021174694817798,0.14021174693141317,0.1402117469252791,0.14021174692355678,0.14021174692694308,0.14021174693141317,0.14021174692694308,0.14021174692355678,0.14021174692165075,0.14021174692355678,0.1402117469252791,0.14021174692355678,0.14021174692165075,0.13913530726775672,0.13913530727092985,0.13913530727364323,0.13913530727092985,0.13913530726775672,0.13913530727092985,0.13913530727625856,0.13913530728184767,0.13913530727625856,0.13913530727092985,0.13913530727364323,0.13913530728184767,0.13913530729303186,0.13913530728184767,0.13913530727364323,0.13913530727092985,0.13913530727625856,0.13913530728184767,0.13913530727625856,0.13913530727092985,0.13913530726775672,0.13913530727092985,0.13913530727364323,0.13913530727092985,0.13913530726775672,0.1380798037983017,0.13807980380428492,0.13807980381016255,0.13807980380428492,0.1380798037983017,0.13807980380428492,0.1380798038160727,0.1380798038318004,0.1380798038160727,0.13807980380428492,0.13807980381016255,0.1380798038318004,0.1380798038750658,0.1380798038318004,0.13807980381016255,0.13807980380428492,0.1380798038160727,0.1380798038318004,0.1380798038160727,0.13807980380428492,0.1380798037983017,0.13807980380428492,0.13807980381016255,0.13807980380428492,0.1380798037983017,0.13704476590254566,0.13704476591166975,0.13704476592261144,0.13704476591166975,0.13704476590254566,0.13704476591166975,0.13704476593392842,0.13704476597820486,0.13704476593392842,0.13704476591166975,0.13704476592261144,0.13704476597820486,0.13704476622248243,0.13704476597820486,0.13704476592261144,0.13704476591166975,0.13704476593392842,0.13704476597820486,0.13704476593392842,0.13704476591166975,0.13704476590254566,0.13704476591166975,0.13704476592261144,0.13704476591166975,0.13704476590254566,0.1360297324795779,0.13602973248587213,0.13602973249200534,0.13602973248587213,0.1360297324795779,0.13602973248587213,0.13602973249814582,0.13602973251448355,0.13602973249814582,0.13602973248587213,0.13602973249200534,0.13602973251448355,0.1360297325596757,0.13602973251448355,0.13602973249200534,0.13602973248587213,0.13602973249814582,0.13602973251448355,0.13602973249814582,0.13602973248587213,0.1360297324795779,0.13602973248587213,0.13602973249200534,0.13602973248587213,0.1360297324795779,0.1350342519569858,0.13503425196091187,0.13503425196414534,0.13503425196091187,0.1350342519569858,0.13503425196091187,0.13503425196720922,0.13503425197343547,0.13503425196720906,0.13503425196091187,0.13503425196414534,0.13503425197343547,0.13503425198473185,0.13503425197343547,0.13503425196414534,0.13503425196091187,0.13503425196720906,0.13503425197343547,0.13503425196720922,0.13503425196091187,0.1350342519569858,0.13503425196091187,0.13503425196414534,0.13503425196091187,0.1350342519569858
0.16533248783797333,0.16533248783797308,0.16533248783797308,0.16533248783797308,0.16533248783797333,0.16533248783797308,0.16533248783797308,0.16533248783797308,0.16533248783797308,0.16533248783797308,0.16533248783797308,0.16533248783797308,0.16533248783797286,0.16533248783797308,0.16533248783797308,0.16533248783797308,0.16533248783797308,0.16533248783797308,0.16533248783797308,0.16533248783797308,0.16533248783797333,0.16533248783797308,0.16533248783797308,0.16533248783797308,0.16533248783797333,0.1637574941181397,0.16375749411813947,0.16375749411813925,0.16375749411813947,0.1637574941181397,0.16375749411813947,0.16375749411813906,0.16375749411813906,0.16375749411813906,0.16375749411813947,0.16375749411813925,0.16375749411813906,0.1637574941181388,0.16375749411813906,0.16375749411813925,0.16375749411813947,0.16375749411813906,0.16375749411813906,0.16375749411813906,0.16375749411813947,0.1637574941181397,0.16375749411813947,0.16375749411813925,0.16375749411813947,0.1637574941181397,0.1622138843302296,0.1622138843302287,0.16221388433022824,0.1622138843302287,0.1622138843302296,0.1622138843302287,0.16221388433022801,0.16221388433022732,0.16221388433022801,0.1622138843302287,0.16221388433022824,0.16221388433022732,0.16221388433022688,0.16221388433022732,0.16221388433022824,0.1622138843302287,0.16221388433022801,0.16221388433022732,0.16221388433022801,0.1622138843302287,0.1622138843302296,0.1622138843302287,0.16221388433022824,0.1622138843302287,0.1622138843302296,0.16070106743128482,0.16070106743128237,0.1607010674312806,0.16070106743128237,0.16070106743128482,0.16070106743128237,0.16070106743127968,0.16070106743127793,0.16070106743127968,0.16070106743128237,0.1607010674312806,0.16070106743127793,0.16070106743127616,0.16070106743127793,0.1607010674312806,0.16070106743128237,0.16070106743127968,0.16070106743127793,0.16070106743127968,0.16070106743128237,0.16070106743128482,0.16070106743128237,0.1607010674312806,0.16070106743128237,0.16070106743128482,0.15921845179628688,0.15921845179627925,0.15921845179627445,0.15921845179627925,0.15921845179628688,0.15921845179627925,0.15921845179627098,0.15921845179626554,0.15921845179627098,0.15921845179627925,0.15921845179627445,0.15921845179626554,0.15921845179625965,0.15921845179626554,0.15921845179627445,0.15921845179627925,0.15921845179627098,0.15921845179626554,0.15921845179627098,0.15921845179627925,0.15921845179628688,0.15921845179627925,0.15921845179627445,0.15921845179627925,0.15921845179628688,0.15776544657001346,0.15776544656999042,0.15776544656997546,0.15776544656999042,0.15776544657001346,0.15776544656999042,0.15776544656996438,0.1577654465699469,0.15776544656996438,0.15776544656999042,0.15776544656997546,0.1577654465699469,0.15776544656992747,0.1577654465699469,0.15776544656997546,0.15776544656999042,0.15776544656996438,0.1577654465699469,0.15776544656996438,0.15776544656999042,0.15776544657001346,0.15776544656999042,0.15776544656997546,0.15776544656999042,0.15776544657001346,0.15634146288137507,0.15634146288130732,0.15634146288126216,0.15634146288130732,0.15634146288137507,0.15634146288130732,0.1563414628812262,0.15634146288116932,0.1563414628812262,0.15634146288130732,0.15634146288126216,0.15634146288116932,0.15634146288110343,0.15634146288116932,0.15634146288126216,0.15634146288130732,0.1563414628812262,0.15634146288116932,0.1563414628812262,0.15634146288130732,0.15634146288137507,0.15634146288130732,0.15634146288126216,0.15634146288130732,0.15634146288137507,0.15494591493051552,0.1549459149303227,0.15494591493018844,0.1549459149303227,0.15494591493051552,0.1549459149303227,0.1549459149300745,0.15494591492988966,0.1549459149300745,0.1549459149303227,0.15494591493018844,0.15494591492988966,0.15494591492965565,0.15494591492988966,0.15494591493018844,0.1549459149303227,0.1549459149300745,0.15494591492988966,0.1549459149300745,0.1549459149303227,0.15494591493051552,0.1549459149303227,0.15494591493018844,0.1549459149303227,0.15494591493051552,0.15357822095842372,0.1535782209579005,0.1535782209575109,0.1535782209579005,0.15357822095842372,0.1535782209579005,0.1535782209571612,0.15357822095654483,0.1535782209571612,0.1535782209579005,0.1535782209575109,0.15357822095654483,0.15357822095564846,0.15357822095654483,0.1535782209575109,0.1535782209579005,0.1535782209571612,0.15357822095654483,0.1535782209571612,0.1535782209579005,0.15357822095842372,0.1535782209579005,0.1535782209575109,0.1535782209579005,0.15357822095842372,0.15223780410829654,0.15223780410698087,0.15223780410589766,0.15223780410698087,0.15223780410829654,0.15223780410698087,0.15223780410487311,0.15223780410278365,0.15223780410487311,0.15223780410698087,0.15223780410589766,0.15223780410278365,0.15223780409897522,0.15223780410278365,0.15223780410589766,0.15223780410698087,0.15223780410487311,0.15223780410278365,0.15223780410487311,0.15223780410698087,0.15223780410829654,0.15223780410698087,0.15223780410589766,0.15223780410698087,0.15223780410829654,0.15092409318738445,0.1509240931844806,0.1509240931817315,0.1509240931844806,0.15092409318738445,0.1509240931844806,0.1509240931790034,0.15092409317203667,0.1509240931790034,0.1509240931844806,0.1509240931817315,0.15092409317203667,0.1509240931537533,0.15092409317203667,0.1509240931817315,0.1509240931844806,0.1509240931790034,0.15092409317203667,0.1509240931790034,0.1509240931844806,0.15092409318738445,0.1509240931844806,0.1509240931817315,0.1509240931844806,0.15092409318738445,0.14963652333728414,0.14963652333226338,0.1496365233266567,0.14963652333226338,0.14963652333728414,0.14963652333226338,0.14963652332091326,0.1496365233006902,0.14963652332091326,0.14963652333226338,0.1496365233266567,0.1496365233006902,0.1496365232012474,0.1496365233006902,0.1496365233266567,0.14963652333226338,0.14963652332091326,0.1496365233006902,0.14963652332091326,0.14963652333226338,0.14963652333728414,0.14963652333226338,0.1496365233266567,0.14963652333226338,0.14963652333728414,0.14837453661883854,0.14837453661362798,0.14837453660803326,0.14837453661362798,0.14837453661883854,0.14837453661362798,0.14837453660232527,0.14837453658382063,0.14837453660232527,0.14837453661362798,0.14837453660803326,0.14837453658382063,0.1483745365044902,0.14837453658382063,0.14837453660803326,0.14837453661362798,0.14837453660232527,0.14837453658382063,0.14837453660232527,0.14837453661362798,0.14837453661883854,0.14837453661362798,0.14837453660803326,0.14837453661362798,0.14837453661883854,0.14713758251540712,0.14713758251130968,0.14713758250710596,0.14713758251130968,0.14713758251540712,0.14713758251130968,0.147137582502859,0.1471375824899161,0.147137582502859,0.14713758251130968,0.14713758250710596,0.1471375824899161,0.14713758243797254,0.1471375824899161,0.14713758250710596,0.14713758251130968,0.147137582502859,0.1471375824899161,0.147137582502859,0.14713758251130968,0.14713758251540712,0.14713758251130968,0.14713758250710596,0.14713758251130968,0.14713758251540712,0.14592511837192818,0.1459251183693311,0.1459251183667679,0.1459251183693311,0.14592511837192818,0.1459251183693311,0.14592511836420768,0.14592511835673772,0.14592511836420768,0.1459251183693311,0.1459251183667679,0.14592511835673772,0.14592511832797395,0.14592511835673772,0.1459251183667679,0.1459251183693311,0.14592511836420768,0.14592511835673772,0.14592511836420768,0.1459251183693311,0.14592511837192818,0.1459251183693311,0.1459251183667679,0.1459251183693311,0.14592511837192818,0.14473660977022723,0.14473660976904165,0.14473660976794706,0.14473660976904165,0.14473660977022723,0.14473660976904165,0.14473660976687724,0.14473660976403036,0.14473660976687724,0.14473660976904165,0.14473660976794706,0.14473660976403036,0.14473660975424227,0.14473660976403036,0.14473660976794706,0.14473660976904165,0.14473660976687724,0.14473660976403036,0.14473660976687724,0.14473660976904165,0.14473660977022723,0.14473660976904165,0.14473660976794706,0.14473660976904165,0.14473660977022723,0.14357153084476057,0.1435715308446962,0.14357153084473248,0.1435715308446962,0.14357153084476057,0.1435715308446962,0.14357153084479732,0.14357153084537794,0.14357153084479732,0.1435715308446962,0.14357153084473248,0.14357153084537794,0.14357153084943466,0.14357153084537794,0.14357153084473248,0.1435715308446962,0.14357153084479732,0.14357153084537794,0.14357153084479732,0.1435715308446962,0.14357153084476057,0.1435715308446962,0.14357153084473248,0.1435715308446962,0.14357153084476057,0.1424293645444081,0.14242936454513833,0.1424293645459365,0.14242936454513833,0.1424293645444081,0.14242936454513833,0.14242936454675245,0.14242936454947655,0.14242936454675245,0.14242936454513833,0.1424293645459365,0.14242936454947655,0.1424293645615646,0.14242936454947655,0.1424293645459365,0.14242936454513833,0.14242936454675245,0.14242936454947655,0.14242936454675245,0.14242936454513833,0.1424293645444081,0.14242936454513833,0.1424293645459365,0.14242936454513833,0.1424293645444081,0.14130960284543442,0.1413096028467408,0.1413096028480417,0.1413096028467408,0.14130960284543442,0.1413096028467408,0.14130960284933375,0.14130960285330066,0.14130960284933375,0.1413096028467408,0.1413096028480417,0.14130960285330066,0.14130960286989608,0.14130960285330066,0.1413096028480417,0.1413096028467408,0.14130960284933375,0.14130960285330066,0.14130960284933375,0.1413096028467408,0.14130960284543442,0.1413096028467408,0.1413096028480417,0.1413096028467408,0.14130960284543442,0.14021174692018398,0.14021174692210145,0.14021174692383975,0.14021174692210145,0.14021174692018398,0.14021174692210145,0.140211746925521,0.14021174693005928,0.140211746925521,0.14021174692210145,0.14021174692383975,0.14021174693005928,0.14021174694716967,0.14021174693005928,0.14021174692383975,0.14021174692210145,0.140211746925521,0.14021174693005928,0.140211746925521,0.14021174692210145,0.14021174692018398,0.14021174692210145,0.14021174692383975,0.14021174692210145,0.14021174692018398,0.13913530726569165,0.13913530726884313,0.13913530727153908,0.13913530726884313,0.13913530726569165,0.13913530726884313,0.13913530727413798,0.13913530727969656,0.13913530727413798,0.13913530726884313,0.13913530727153908,0.13913530727969656,0.1391353072908387,0.13913530727969656,0.13913530727153908,0.13913530726884313,0.13913530727413798,0.13913530727969656,0.13913530727413798,0.13913530726884313,0.13913530726569165,0.13913530726884313,0.13913530727153908,0.13913530726884313,0.13913530726569165,0.13807980379567392,0.13807980380158813,0.1380798038073966,0.13807980380158813,0.13807980379567392,0.13807980380158813,0.1380798038132367,0.13807980382877322,0.1380798038132367,0.13807980380158813,0.1380798038073966,0.13807980382877322,0.1380798038715,0.13807980382877322,0.1380798038073966,0.13807980380158813,0.1380798038132367,0.13807980382877322,0.1380798038132367,0.13807980380158813,0.13807980379567392,0.13807980380158813,0.1380798038073966,0.13807980380158813,0.13807980379567392,0.13704476589948905,0.13704476590849834,0.13704476591930093,0.13704476590849834,0.13704476589948905,0.13704476590849834,0.13704476593047343,0.13704476597418042,0.13704476593047343,0.13704476590849834,0.13704476591930093,0.13704476597418042,0.1370447662152917,0.13704476597418042,0.13704476591930093,0.13704476590849834,0.13704476593047343,0.13704476597418042,0.13704476593047343,0.13704476590849818,0.13704476589948905,0.13704476590849834,0.13704476591930093,0.13704476590849818,0.13704476589948905,0.136029732476322,0.13602973248253603,0.13602973248859077,0.13602973248253603,0.136029732476322,0.13602973248253603,0.1360297324946524,0.1360297325107799,0.1360297324946524,0.13602973248253603,0.13602973248859077,0.1360297325107799,0.13602973255538864,0.1360297325107799,0.13602973248859077,0.13602973248253603,0.1360297324946524,0.1360297325107799,0.1360297324946524,0.13602973248253603,0.136029732476322,0.13602973248253603,0.13602973248859077,0.13602973248253603,0.136029732476322,0.1350342519536919,0.13503425195756766,0.13503425196075977,0.13503425195756766,0.1350342519536919,0.13503425195756766,0.13503425196378416,0.1350342519699304,0.13503425196378416,0.13503425195756766,0.13503425196075977,0.1350342519699304,0.135034251981081,0.1350342519699304,0.13503425196075977,0.13503425195756766,0.13503425196378416,0.1350342519699304,0.13503425196378416,0.13503425195756766,0.1350342519536919,0.13503425195756766,0.13503425196075977,0.13503425195756766,0.1350342519536919
0.16533248783932628,0.16533248783932628,0.16533248783932603,0.16533248783932628,0.16533248783932628,0.16533248783932628,0.16533248783932603,0.16533248783932603,0.16533248783932603,0.16533248783932628,0.16533248783932603,0.16533248783932603,0.16533248783932578,0.16533248783932603,0.16533248783932603,0.16533248783932628,0.16533248783932603,0.16533248783932603,0.16533248783932603,0.16533248783932628,0.16533248783932628,0.16533248783932628,0.16533248783932603,0.16533248783932628,0.16533248783932628,0.1637574941194657,0.16375749411946525,0.16375749411946525,0.16375749411946525,0.1637574941194657,0.16375749411946525,0.163757494119465,0.16375749411946477,0.163757494119465,0.16375749411946525,0.16375749411946525,0.16375749411946477,0.16375749411946477,0.16375749411946477,0.16375749411946525,0.16375749411946525,0.163757494119465,0.16375749411946477,0.163757494119465,0.16375749411946525,0.1637574941194657,0.16375749411946525,0.16375749411946525,0.16375749411946525,0.16375749411946544,0.16221388433152892,0.162213884331528,0.16221388433152753,0.162213884331528,0.16221388433152892,0.162213884331528,0.1622138843315273,0.16221388433152667,0.1622138843315273,0.162213884331528,0.16221388433152753,0.16221388433152667,0.1622138843315262,0.16221388433152667,0.16221388433152753,0.162213884331528,0.1622138843315273,0.16221388433152667,0.1622138843315273,0.162213884331528,0.16221388433152892,0.162213884331528,0.16221388433152753,0.162213884331528,0.16221388433152892,0.16070106743255796,0.16070106743255552,0.16070106743255397,0.16070106743255552,0.16070106743255796,0.16070106743255552,0.16070106743255286,0.16070106743255105,0.16070106743255286,0.16070106743255552,0.16070106743255397,0.16070106743255105,0.1607010674325493,0.16070106743255105,0.16070106743255397,0.16070106743255552,0.16070106743255286,0.16070106743255105,0.16070106743255286,0.16070106743255552,0.16070106743255796,0.16070106743255552,0.16070106743255397,0.16070106743255552,0.16070106743255796,0.15921845179753438,0.15921845179752678,0.15921845179752198,0.15921845179752678,0.15921845179753438,0.15921845179752678,0.1592184517975185,0.15921845179751304,0.1592184517975185,0.15921845179752678,0.15921845179752198,0.15921845179751304,0.15921845179750718,0.15921845179751304,0.15921845179752198,0.15921845179752678,0.1592184517975185,0.15921845179751304,0.1592184517975185,0.15921845179752678,0.15921845179753438,0.15921845179752678,0.15921845179752198,0.15921845179752678,0.15921845179753438,0.15776544657123565,0.15776544657121258,0.15776544657119787,0.15776544657121258,0.15776544657123565,0.15776544657121258,0.15776544657118655,0.15776544657116925,0.15776544657118655,0.15776544657121258,0.15776544657119787,0.15776544657116925,0.15776544657114985,0.15776544657116925,0.15776544657119787,0.15776544657121258,0.15776544657118655,0.15776544657116925,0.15776544657118655,0.15776544657121258,0.15776544657123565,0.15776544657121258,0.15776544657119787,0.15776544657121258,0.15776544657123565,0.1563414628825722,0.15634146288250464,0.1563414628824595,0.15634146288250464,0.1563414628825722,0.15634146288250464,0.15634146288242373,0.15634146288236708,0.15634146288242373,0.15634146288250464,0.1563414628824595,0.15634146288236708,0.1563414628823014,0.15634146288236708,0.1563414628824595,0.15634146288250464,0.15634146288242373,0.15634146288236708,0.15634146288242373,0.15634146288250464,0.1563414628825722,0.15634146288250464,0.1563414628824595,0.15634146288250464,0.1563414628825722,0.15494591493168752,0.1549459149314953,0.15494591493136148,0.1549459149314953,0.15494591493168752,0.1549459149314953,0.15494591493124796,0.15494591493106372,0.15494591493124796,0.1549459149314953,0.15494591493136148,0.15494591493106372,0.15494591493083032,0.15494591493106372,0.15494591493136148,0.1549459149314953,0.15494591493124796,0.15494591493106372,0.15494591493124796,0.1549459149314953,0.15494591493168752,0.1549459149314953,0.15494591493136148,0.1549459149314953,0.15494591493168752,0.1535782209595699,0.15357822095904833,0.1535782209586599,0.15357822095904833,0.1535782209595699,0.15357822095904833,0.15357822095831122,0.15357822095769688,0.15357822095831122,0.15357822095904833,0.1535782209586599,0.15357822095769688,0.1535782209568029,0.15357822095769688,0.1535782209586599,0.15357822095904833,0.15357822095831122,0.15357822095769688,0.15357822095831122,0.15357822095904833,0.1535782209595699,0.15357822095904833,0.1535782209586599,0.15357822095904833,0.1535782209595699,0.1522378041094142,0.15223780410810264,0.1522378041070226,0.15223780410810264,0.1522378041094142,0.15223780410810264,0.152237804106001,0.15223780410391766,0.152237804106001,0.15223780410810264,0.1522378041070226,0.15223780410391766,0.15223780410011983,0.15223780410391766,0.1522378041070226,0.15223780410810264,0.152237804106001,0.15223780410391766,0.152237804106001,0.15223780410810264,0.1522378041094142,0.15223780410810264,0.1522378041070226,0.15223780410810264,0.1522378041094142,0.15092409318846556,0.1509240931855708,0.15092409318283018,0.1509240931855708,0.15092409318846556,0.1509240931855708,0.1509240931801102,0.15092409317316352,0.1509240931801102,0.1509240931855708,0.15092409318283018,0.15092409317316352,0.15092409315493105,0.15092409317316352,0.15092409318283018,0.1509240931855708,0.1509240931801102,0.15092409317316352,0.1509240931801102,0.1509240931855708,0.15092409318846556,0.1509240931855708,0.15092409318283018,0.1509240931855708,0.15092409318846556,0.14963652333830973,0.14963652333330602,0.14963652332771707,0.14963652333330602,0.14963652333830973,0.14963652333330602,0.14963652332199182,0.14963652330182808,0.14963652332199182,0.14963652333330602,0.14963652332771707,0.14963652330182808,0.14963652320266932,0.14963652330182808,0.14963652332771707,0.14963652333330602,0.14963652332199182,0.14963652330182808,0.14963652332199182,0.14963652333330602,0.14963652333830973,0.14963652333330602,0.14963652332771707,0.14963652333330602,0.14963652333830973,0.1483745366197737,0.14837453661458502,0.14837453660901273,0.14837453661458502,0.1483745366197737,0.14837453661458502,0.14837453660332736,0.1483745365848915,0.14837453660332736,0.14837453661458502,0.14837453660901273,0.1483745365848915,0.14837453650582383,0.1483745365848915,0.14837453660901273,0.14837453661458502,0.14837453660332736,0.1483745365848915,0.14837453660332736,0.14837453661458502,0.1483745366197737,0.14837453661458502,0.14837453660901273,0.14837453661458502,0.1483745366197737,0.14713758251620532,0.14713758251213385,0.1471375825079561,0.14713758251213385,0.14713758251620532,0.14713758251213385,0.1471375825037351,0.14713758249086908,0.1471375825037351,0.14713758251213385,0.1471375825079561,0.14713758249086908,0.14713758243926595,0.14713758249086908,0.1471375825079561,0.14713758251213385,0.1471375825037351,0.14713758249086908,0.1471375825037351,0.14713758251213385,0.14713758251620532,0.14713758251213385,0.1471375825079561,0.14713758251213385,0.14713758251620532,0.14592511837253397,0.1459251183699677,0.1459251183674349,0.1459251183699677,0.14592511837253397,0.1459251183699677,0.14592511836490532,0.1459251183575269,0.14592511836490532,0.1459251183699677,0.1459251183674349,0.1459251183575269,0.14592511832910163,0.1459251183575269,0.1459251183674349,0.1459251183699677,0.14592511836490532,0.1459251183575269,0.14592511836490532,0.1459251183699677,0.14592511837253397,0.1459251183699677,0.1459251183674349,0.1459251183699677,0.14592511837253397,0.14473660977057543,0.14473660976942482,0.1447366097683658,0.14473660976942482,0.14473660977057543,0.14473660976942482,0.14473660976733196,0.14473660976459468,0.14473660976733196,0.14473660976942482,0.1447366097683658,0.14473660976459468,0.14473660975527003,0.14473660976459468,0.1447366097683658,0.14473660976942482,0.14473660976733196,0.14473660976459468,0.14473660976733196,0.14473660976942482,0.14473660977057543,0.14473660976942482,0.1447366097683658,0.14473660976942482,0.14473660977057543,0.14357153084477528,0.1435715308447484,0.1435715308448232,0.1435715308447484,0.14357153084477528,0.1435715308447484,0.14357153084492688,0.14357153084562724,0.14357153084492688,0.1435715308447484,0.1435715308448232,0.14357153084562724,0.1435715308501838,0.14357153084562724,0.1435715308448232,0.1435715308447484,0.14357153084492688,0.14357153084562724,0.14357153084492688,0.1435715308447484,0.14357153084477528,0.1435715308447484,0.1435715308448232,0.1435715308447484,0.14357153084477528,0.14242936454400787,0.1424293645447743,0.1424293645456104,0.1424293645447743,0.14242936454400787,0.1424293645447743,0.1424293645464649,0.142429364549309,0.1424293645464649,0.1424293645447743,0.1424293645456104,0.142429364549309,0.1424293645619011,0.142429364549309,0.1424293645456104,0.1424293645447743,0.1424293645464649,0.142429364549309,0.1424293645464649,0.1424293645447743,0.14242936454400787,0.1424293645447743,0.1424293645456104,0.1424293645447743,0.14242936454400787,0.14130960284453875,0.14130960284587438,0.1413096028472077,0.14130960284587438,0.14130960284453875,0.14130960284587438,0.1413096028485331,0.14130960285261124,0.1413096028485331,0.14130960284587438,0.1413096028472077,0.14130960285261124,0.14130960286970679,0.14130960285261124,0.1413096028472077,0.14130960284587438,0.1413096028485331,0.14130960285261124,0.1413096028485331,0.14130960284587438,0.14130960284453875,0.14130960284587438,0.1413096028472077,0.14130960284587438,0.14130960284453875,0.1402117469187256,0.14021174692065436,0.14021174692240831,0.14021174692065436,0.1402117469187256,0.14021174692065436,0.14021174692410662,0.14021174692871186,0.14021174692410662,0.14021174692065436,0.14021174692240831,0.14021174692871186,0.14021174694615537,0.14021174692871186,0.14021174692240831,0.14021174692065436,0.14021174692410662,0.14021174692871186,0.14021174692410662,0.14021174692065436,0.1402117469187256,0.14021174692065436,0.14021174692240831,0.14021174692065436,0.1402117469187256,0.139135307263639,0.13913530726676918,0.13913530726944773,0.13913530726676918,0.139135307263639,0.13913530726676918,0.13913530727203036,0.1391353072775584,0.13913530727203036,0.13913530726676918,0.13913530726944773,0.1391353072775584,0.13913530728865803,0.1391353072775584,0.13913530726944773,0.13913530726676918,0.13913530727203036,0.1391353072775584,0.13913530727203036,0.13913530726676918,0.139135307263639,0.13913530726676918,0.13913530726944773,0.13913530726676918,0.139135307263639,0.13807980379306303,0.13807980379890883,0.1380798038046485,0.13807980379890883,0.13807980379306303,0.13807980379890883,0.13807980381041912,0.13807980382576573,0.13807980381041912,0.13807980379890883,0.1380798038046485,0.13807980382576573,0.13807980386795793,0.13807980382576573,0.1380798038046485,0.13807980379890883,0.13807980381041912,0.13807980382576573,0.13807980381041896,0.13807980379890883,0.13807980379306303,0.13807980379890883,0.1380798038046485,0.13807980379890883,0.13807980379306303,0.13704476589645254,0.13704476590534775,0.1370447659160123,0.13704476590534775,0.13704476589645254,0.13704476590534775,0.13704476592704162,0.13704476597018342,0.13704476592704162,0.13704476590534775,0.1370447659160123,0.13704476597018342,0.13704476620816602,0.13704476597018342,0.1370447659160123,0.13704476590534775,0.13704476592704162,0.13704476597018342,0.13704476592704162,0.13704476590534775,0.13704476589645254,0.13704476590534775,0.1370447659160123,0.13704476590534775,0.13704476589645237,0.1360297324730879,0.13602973247922226,0.13602973248519906,0.13602973247922226,0.1360297324730879,0.13602973247922226,0.13602973249118255,0.1360297325071013,0.13602973249118255,0.13602973247922226,0.13602973248519906,0.1360297325071013,0.1360297325511309,0.1360297325071013,0.13602973248519906,0.13602973247922226,0.13602973249118255,0.1360297325071013,0.13602973249118255,0.13602973247922226,0.1360297324730879,0.13602973247922226,0.13602973248519906,0.13602973247922226,0.1360297324730879,0.13503425195041993,0.13503425195424587,0.13503425195739674,0.13503425195424587,0.13503425195041993,0.13503425195424587,0.13503425196038218,0.13503425196644891,0.13503425196038218,0.13503425195424587,0.13503425195739674,0.13503425196644891,0.13503425197745483,0.13503425196644891,0.13503425195739674,0.13503425195424587,0.13503425196038218,0.13503425196644891,0.13503425196038218,0.13503425195424587,0.13503425195041993,0.13503425195424587,0.13503425195739674,0.13503425195424587,0.13503425195041993
0.1653324878406709,0.16533248784067067,0.16533248784067067,0.16533248784067067,0.1653324878406709,0.16533248784067067,0.16533248784067067,0.16533248784067045,0.16533248784067067,0.16533248784067067,0.16533248784067067,0.16533248784067045,0.16533248784067045,0.16533248784067045,0.16533248784067067,0.16533248784067067,0.16533248784067067,0.16533248784067045,0.16533248784067067,0.16533248784067067,0.1653324878406709,0.16533248784067067,0.16533248784067067,0.16533248784067067,0.1653324878406709,0.16375749412078333,0.1637574941207831,0.1637574941207829,0.1637574941207831,0.16375749412078333,0.1637574941207831,0.16375749412078267,0.16375749412078267,0.1637574941207829,0.1637574941207831,0.1637574941207829,0.16375749412078267,0.16375749412078242,0.16375749412078267,0.1637574941207829,0.1637574941207831,0.1637574941207829,0.16375749412078267,0.16375749412078267,0.1637574941207831,0.16375749412078333,0.1637574941207831,0.1637574941207829,0.1637574941207831,0.16375749412078333,0.16221388433282027,0.16221388433281936,0.16221388433281894,0.16221388433281936,0.16221388433282027,0.16221388433281936,0.16221388433281847,0.16221388433281803,0.16221388433281847,0.16221388433281936,0.16221388433281894,0.16221388433281803,0.16221388433281755,0.16221388433281803,0.16221388433281894,0.16221388433281936,0.16221388433281847,0.16221388433281803,0.16221388433281847,0.16221388433281936,0.16221388433282027,0.16221388433281936,0.16221388433281894,0.16221388433281936,0.16221388433282027,0.16070106743382334,0.16070106743382093,0.16070106743381937,0.16070106743382093,0.16070106743382334,0.16070106743382093,0.16070106743381823,0.16070106743381646,0.16070106743381823,0.16070106743382093,0.16070106743381937,0.16070106743381646,0.16070106743381468,0.16070106743381646,0.16070106743381937,0.16070106743382093,0.16070106743381823,0.16070106743381646,0.16070106743381823,0.16070106743382093,0.16070106743382334,0.16070106743382093,0.16070106743381937,0.16070106743382093,0.16070106743382334,0.15921845179877409,0.15921845179876645,0.15921845179876165,0.15921845179876645,0.15921845179877409,0.15921845179876645,0.15921845179875818,0.15921845179875294,0.15921845179875818,0.15921845179876645,0.15921845179876165,0.15921845179875294,0.15921845179874708,0.15921845179875294,0.15921845179876165,0.15921845179876645,0.15921845179875818,0.15921845179875294,0.15921845179875818,0.15921845179876645,0.15921845179877409,0.15921845179876645,0.15921845179876165,0.15921845179876645,0.15921845179877409,0.15776544657245012,0.15776544657242728,0.15776544657241257,0.15776544657242728,0.15776544657245012,0.15776544657242728,0.15776544657240127,0.1577654465723842,0.15776544657240127,0.15776544657242728,0.15776544657241257,0.1577654465723842,0.1577654465723648,0.1577654465723842,0.15776544657241257,0.15776544657242728,0.15776544657240127,0.1577654465723842,0.15776544657240127,0.15776544657242728,0.15776544657245012,0.15776544657242728,0.15776544657241257,0.15776544657242728,0.15776544657245034,0.15634146288376183,0.15634146288369447,0.15634146288364972,0.15634146288369447,0.15634146288376183,0.15634146288369447,0.15634146288361397,0.15634146288355752,0.15634146288361397,0.15634146288369447,0.15634146288364972,0.15634146288355752,0.15634146288349188,0.15634146288355752,0.15634146288364972,0.15634146288369447,0.15634146288361397,0.15634146288355752,0.15634146288361397,0.15634146288369447,0.15634146288376183,0.15634146288369447,0.15634146288364972,0.15634146288369447,0.15634146288376183,0.15494591493285237,0.15494591493266074,0.15494591493252735,0.15494591493266074,0.15494591493285237,0.15494591493266074,0.154945914932414,0.15494591493223037,0.154945914932414,0.15494591493266074,0.15494591493252735,0.15494591493223037,0.15494591493199758,0.15494591493223037,0.15494591493252735,0.15494591493266074,0.154945914932414,0.15494591493223037,0.154945914932414,0.15494591493266074,0.15494591493285237,0.15494591493266074,0.15494591493252735,0.15494591493266074,0.15494591493285237,0.15357822096070908,0.1535782209601891,0.1535782209598019,0.1535782209601891,0.15357822096070908,0.1535782209601891,0.15357822095945423,0.15357822095884147,0.15357822095945423,0.1535782209601891,0.1535782209598019,0.15357822095884147,0.15357822095795012,0.15357822095884147,0.1535782209598019,0.1535782209601891,0.15357822095945423,0.15357822095884147,0.15357822095945423,0.1535782209601891,0.15357822096070908,0.1535782209601891,0.1535782209598019,0.1535782209601891,0.15357822096070908,0.15223780411052495,0.15223780410921733,0.15223780410814064,0.15223780410921733,0.15223780411052495,0.15223780410921733,0.152237804107122,0.15223780410504456,0.152237804107122,0.15223780410921733,0.15223780410814064,0.15223780410504456,0.15223780410125756,0.15223780410504456,0.15223780410814064,0.15223780410921733,0.152237804107122,0.15223780410504456,0.152237804107122,0.15223780410921733,0.15223780411052495,0.15223780410921733,0.15223780410814064,0.15223780410921733,0.15223780411052495,0.15092409318953995,0.15092409318665426,0.15092409318392191,0.15092409318665426,0.15092409318953995,0.15092409318665426,0.15092409318121006,0.15092409317428343,0.15092409318121006,0.15092409318665426,0.15092409318392191,0.15092409317428343,0.1509240931561017,0.15092409317428343,0.15092409318392191,0.15092409318665426,0.15092409318121006,0.15092409317428343,0.15092409318121006,0.15092409318665426,0.15092409318953995,0.15092409318665426,0.15092409318392191,0.15092409318665426,0.15092409318953995,0.14963652333932909,0.1496365233343422,0.14963652332877103,0.1496365233343422,0.14963652333932909,0.1496365233343422,0.14963652332306374,0.14963652330295898,0.14963652332306374,0.1496365233343422,0.14963652332877103,0.14963652330295898,0.14963652320408027,0.14963652330295898,0.14963652332877103,0.1496365233343422,0.14963652332306374,0.14963652330295898,0.14963652332306374,0.1496365233343422,0.14963652333932909,0.1496365233343422,0.14963652332877103,0.1496365233343422,0.14963652333932909,0.14837453662070277,0.14837453661553615,0.14837453660998626,0.14837453661553615,0.14837453662070277,0.14837453661553615,0.14837453660432334,0.14837453658595565,0.14837453660432334,0.14837453661553615,0.14837453660998626,0.14837453658595565,0.14837453650718024,0.14837453658595565,0.14837453660998626,0.14837453661553615,0.14837453660432334,0.14837453658595565,0.14837453660432334,0.14837453661553615,0.14837453662070277,0.14837453661553615,0.14837453660998626,0.14837453661553615,0.14837453662070277,0.14713758251699807,0.14713758251295275,0.14713758250880082,0.14713758251295275,0.14713758251699807,0.14713758251295275,0.1471375825046056,0.14713758249181605,0.1471375825046056,0.14713758251295275,0.14713758250880082,0.14713758249181605,0.14713758244051955,0.14713758249181605,0.14713758250880082,0.14713758251295275,0.1471375825046056,0.14713758249181605,0.1471375825046056,0.14713758251295275,0.14713758251699807,0.14713758251295275,0.14713758250880082,0.14713758251295275,0.14713758251699807,0.14592511837313565,0.14592511837059965,0.14592511836809732,0.14592511837059965,0.14592511837313565,0.14592511837059965,0.14592511836559818,0.14592511835831054,0.14592511836559818,0.14592511837059965,0.14592511836809732,0.14592511835831054,0.1459251183302437,0.14592511835831054,0.14592511836809732,0.14592511837059965,0.14592511836559818,0.14592511835831054,0.14592511836559818,0.14592511837059965,0.14592511837313565,0.14592511837059965,0.14592511836809732,0.14592511837059965,0.14592511837313565,0.14473660977092068,0.1447366097698048,0.14473660976878142,0.1447366097698048,0.14473660977092068,0.1447366097698048,0.144736609767783,0.1447366097651548,0.144736609767783,0.1447366097698048,0.14473660976878142,0.1447366097651548,0.1447366097562915,0.1447366097651548,0.14473660976878142,0.1447366097698048,0.144736609767783,0.1447366097651548,0.144736609767783,0.1447366097698048,0.14473660977092068,0.1447366097698048,0.14473660976878142,0.1447366097698048,0.14473660977092068,0.1435715308447893,0.14357153084479957,0.1435715308449125,0.14357153084479957,0.1435715308447893,0.14357153084479957,0.1435715308450547,0.14357153084587415,0.1435715308450547,0.14357153084479957,0.1435715308449125,0.14357153084587415,0.14357153085090846,0.14357153084587415,0.1435715308449125,0.14357153084479957,0.1435715308450547,0.14357153084587415,0.1435715308450547,0.14357153084479957,0.1435715308447893,0.14357153084479957,0.1435715308449125,0.14357153084479957,0.1435715308447893,0.14242936454360927,0.14242936454441163,0.14242936454528546,0.14242936454441163,0.14242936454360927,0.14242936454441163,0.14242936454617805,0.1424293645491414,0.14242936454617805,0.14242936454441163,0.14242936454528546,0.1424293645491414,0.1424293645622252,0.1424293645491414,0.14242936454528546,0.14242936454441163,0.14242936454617805,0.1424293645491414,0.14242936454617805,0.14242936454441163,0.14242936454360927,0.14242936454441163,0.14242936454528546,0.14242936454441163,0.14242936454360927,0.14130960284364782,0.1413096028450126,0.14130960284637795,0.1413096028450126,0.14130960284364782,0.1413096028450126,0.14130960284773644,0.1413096028519249,0.14130960284773644,0.1413096028450126,0.14130960284637795,0.1413096028519249,0.14130960286949693,0.1413096028519249,0.14130960284637795,0.1413096028450126,0.14130960284773644,0.1413096028519249,0.14130960284773644,0.1413096028450126,0.14130960284364782,0.1413096028450126,0.14130960284637795,0.1413096028450126,0.14130960284364782,0.14021174691727578,0.14021174691921584,0.1402117469209851,0.14021174691921584,0.14021174691727578,0.14021174691921584,0.14021174692270003,0.14021174692737087,0.14021174692270003,0.14021174691921584,0.1402117469209851,0.14021174692737087,0.1402117469451477,0.14021174692737087,0.1402117469209851,0.14021174691921584,0.14021174692270003,0.14021174692737087,0.14021174692270003,0.14021174691921584,0.14021174691727578,0.14021174691921584,0.1402117469209851,0.14021174691921584,0.14021174691727578,0.1391353072615994,0.13913530726470802,0.13913530726736936,0.13913530726470802,0.1391353072615994,0.13913530726470802,0.1391353072699355,0.13913530727543322,0.1391353072699355,0.13913530726470802,0.13913530726736936,0.13913530727543322,0.13913530728648998,0.13913530727543322,0.13913530726736936,0.13913530726470802,0.1391353072699355,0.13913530727543322,0.1391353072699355,0.13913530726470802,0.1391353072615994,0.13913530726470802,0.13913530726736936,0.13913530726470802,0.1391353072615994,0.13807980379046902,0.13807980379624693,0.13807980380191834,0.13807980379624693,0.13807980379046902,0.13807980379624693,0.1380798038076197,0.13807980382277796,0.1380798038076197,0.13807980379624693,0.13807980380191834,0.13807980382277796,0.1380798038644394,0.13807980382277796,0.13807980380191834,0.13807980379624693,0.1380798038076197,0.13807980382277796,0.1380798038076197,0.13807980379624693,0.13807980379046902,0.13807980379624693,0.13807980380191834,0.13807980379624693,0.13807980379046902,0.13704476589343603,0.13704476590221834,0.13704476591274573,0.13704476590221834,0.13704476589343603,0.13704476590221834,0.1370447659236327,0.13704476596621365,0.1370447659236327,0.13704476590221834,0.13704476591274573,0.13704476596621365,0.13704476620107564,0.13704476596621365,0.1370447659127456,0.13704476590221834,0.1370447659236327,0.13704476596621365,0.1370447659236327,0.13704476590221834,0.13704476589343603,0.13704476590221834,0.1370447659127456,0.13704476590221834,0.13704476589343603,0.13602973246987526,0.13602973247593061,0.13602973248183017,0.13602973247593061,0.13602973246987526,0.13602973247593061,0.13602973248773612,0.13602973250344758,0.13602973248773612,0.13602973247593061,0.13602973248183017,0.13602973250344758,0.1360297325469024,0.13602973250344758,0.13602973248183017,0.13602973247593061,0.13602973248773612,0.13602973250344758,0.13602973248773612,0.13602973247593061,0.13602973246987526,0.13602973247593061,0.13602973248183017,0.13602973247593061,0.13602973246987526,0.1350342519471701,0.1350342519509464,0.13503425195405647,0.1350342519509464,0.1350342519471701,0.1350342519509464,0.13503425195700303,0.13503425196299082,0.13503425195700303,0.1350342519509464,0.13503425195405647,0.13503425196299082,0.13503425197385327,0.13503425196299082,0.13503425195405647,0.1350342519509464,0.13503425195700303,0.13503425196299082,0.13503425195700303,0.1350342519509464,0.1350342519471701,0.1350342519509464,0.13503425195405647,0.1350342519509464,0.1350342519471701
0.16533248784200708,0.16533248784200708,0.16533248784200708,0.16533248784200708,0.16533248784200708,0.16533248784200708,0.16533248784200685,0.16533248784200685,0.16533248784200685,0.16533248784200708,0.16533248784200708,0.16533248784200685,0.16533248784200685,0.16533248784200685,0.16533248784200708,0.16533248784200708,0.16533248784200685,0.16533248784200685,0.16533248784200685,0.16533248784200708,0.16533248784200708,0.16533248784200708,0.16533248784200708,0.16533248784200708,0.16533248784200708,0.1637574941220929,0.16375749412209267,0.16375749412209245,0.16375749412209267,0.1637574941220929,0.16375749412209267,0.16375749412209245,0.1637574941220922,0.16375749412209245,0.16375749412209267,0.16375749412209245,0.1637574941220922,0.16375749412209198,0.1637574941220922,0.16375749412209245,0.16375749412209267,0.16375749412209245,0.1637574941220922,0.16375749412209245,0.16375749412209267,0.1637574941220929,0.16375749412209267,0.16375749412209245,0.16375749412209267,0.1637574941220929,0.16221388433410372,0.16221388433410283,0.16221388433410236,0.16221388433410283,0.16221388433410372,0.16221388433410283,0.16221388433410192,0.16221388433410147,0.16221388433410192,0.16221388433410283,0.16221388433410236,0.16221388433410147,0.162213884334101,0.16221388433410147,0.16221388433410236,0.16221388433410283,0.16221388433410192,0.16221388433410147,0.16221388433410192,0.16221388433410283,0.16221388433410372,0.16221388433410283,0.16221388433410236,0.16221388433410283,0.16221388433410372,0.16070106743508095,0.16070106743507825,0.16070106743507673,0.16070106743507825,0.16070106743508095,0.16070106743507825,0.16070106743507584,0.16070106743507406,0.16070106743507584,0.16070106743507825,0.16070106743507673,0.16070106743507406,0.1607010674350723,0.16070106743507406,0.16070106743507673,0.16070106743507825,0.16070106743507584,0.16070106743507406,0.16070106743507584,0.16070106743507825,0.16070106743508095,0.16070106743507825,0.16070106743507673,0.16070106743507825,0.16070106743508095,0.15921845180000635,0.15921845179999872,0.15921845179999394,0.15921845179999872,0.15921845180000635,0.15921845179999872,0.15921845179999045,0.159218451799985,0.15921845179999045,0.15921845179999872,0.15921845179999394,0.159218451799985,0.15921845179997934,0.159218451799985,0.15921845179999394,0.15921845179999872,0.15921845179999045,0.159218451799985,0.15921845179999045,0.15921845179999872,0.15921845180000635,0.15921845179999872,0.15921845179999394,0.15921845179999872,0.15921845180000635,0.15776544657365735,0.15776544657363453,0.1577654465736198,0.15776544657363453,0.15776544657365735,0.15776544657363453,0.15776544657360872,0.15776544657359143,0.15776544657360872,0.15776544657363453,0.1577654465736198,0.15776544657359143,0.15776544657357222,0.15776544657359143,0.1577654465736198,0.15776544657363453,0.15776544657360872,0.15776544657359143,0.15776544657360872,0.15776544657363453,0.15776544657365735,0.15776544657363453,0.1577654465736198,0.15776544657363453,0.15776544657365735,0.15634146288494433,0.15634146288487719,0.15634146288483244,0.15634146288487719,0.15634146288494433,0.15634146288487719,0.1563414628847967,0.15634146288474043,0.1563414628847967,0.15634146288487719,0.15634146288483244,0.15634146288474043,0.156341462884675,0.15634146288474043,0.15634146288483244,0.15634146288487719,0.1563414628847967,0.15634146288474043,0.1563414628847967,0.15634146288487719,0.15634146288494433,0.15634146288487719,0.15634146288483244,0.15634146288487719,0.15634146288494433,0.15494591493401003,0.15494591493381904,0.15494591493368604,0.15494591493381904,0.15494591493401003,0.15494591493381904,0.1549459149335731,0.15494591493338988,0.1549459149335731,0.15494591493381904,0.15494591493368604,0.15494591493338988,0.15494591493315793,0.15494591493338988,0.15494591493368604,0.15494591493381904,0.1549459149335731,0.15494591493338988,0.1549459149335731,0.15494591493381904,0.15494591493401003,0.15494591493381904,0.15494591493368604,0.15494591493381904,0.15494591493401003,0.15357822096184146,0.15357822096132287,0.15357822096093687,0.15357822096132287,0.15357822096184146,0.15357822096132287,0.1535782209605902,0.15357822095997925,0.15357822096059,0.15357822096132287,0.15357822096093687,0.15357822095997925,0.15357822095909052,0.15357822095997925,0.15357822096093687,0.15357822096132287,0.15357822096059,0.15357822095997925,0.15357822096059,0.15357822096132287,0.15357822096184146,0.15357822096132287,0.15357822096093687,0.15357822096132287,0.15357822096184146,0.15223780411162885,0.15223780411032536,0.1522378041092518,0.15223780411032536,0.15223780411162885,0.15223780411032536,0.15223780410823612,0.15223780410616475,0.15223780410823612,0.15223780411032536,0.1522378041092518,0.15223780410616475,0.1522378041023884,0.15223780410616475,0.1522378041092518,0.15223780411032536,0.15223780410823612,0.15223780410616475,0.15223780410823612,0.15223780411032536,0.15223780411162885,0.15223780411032536,0.1522378041092518,0.15223780411032536,0.15223780411162885,0.15092409319060757,0.15092409318773092,0.1509240931850069,0.15092409318773092,0.15092409319060757,0.15092409318773092,0.1509240931823031,0.1509240931753966,0.1509240931823031,0.15092409318773092,0.1509240931850069,0.1509240931753966,0.1509240931572654,0.1509240931753966,0.1509240931850069,0.15092409318773092,0.1509240931823031,0.1509240931753966,0.1509240931823031,0.15092409318773092,0.15092409319060757,0.15092409318773092,0.1509240931850069,0.15092409318773092,0.15092409319060757,0.149636523340342,0.14963652333537195,0.14963652332981836,0.14963652333537195,0.149636523340342,0.14963652333537195,0.14963652332412902,0.14963652330408292,0.14963652332412902,0.14963652333537195,0.14963652332981836,0.14963652330408292,0.14963652320545548,0.14963652330408292,0.14963652332981836,0.14963652333537195,0.14963652332412902,0.14963652330408292,0.14963652332412902,0.14963652333537195,0.149636523340342,0.14963652333537195,0.14963652332981836,0.14963652333537195,0.149636523340342,0.14837453662162592,0.14837453661648134,0.1483745366109535,0.14837453661648134,0.14837453662162592,0.14837453661648134,0.14837453660531283,0.14837453658701316,0.14837453660531283,0.14837453661648134,0.1483745366109535,0.14837453658701316,0.1483745365085263,0.14837453658701316,0.1483745366109535,0.14837453661648134,0.14837453660531283,0.14837453658701316,0.14837453660531283,0.14837453661648134,0.14837453662162592,0.14837453661648134,0.1483745366109535,0.14837453661648134,0.14837453662162592,0.14713758251778575,0.1471375825137662,0.14713758250963987,0.1471375825137662,0.14713758251778575,0.1471375825137662,0.1471375825054705,0.14713758249275685,0.1471375825054705,0.1471375825137662,0.14713758250963987,0.14713758249275685,0.1471375824417312,0.14713758249275685,0.14713758250963987,0.1471375825137662,0.1471375825054705,0.14713758249275685,0.1471375825054705,0.1471375825137662,0.14713758251778575,0.1471375825137662,0.14713758250963987,0.1471375825137662,0.14713758251778575,0.14592511837373304,0.14592511837122715,0.14592511836875507,0.14592511837122715,0.14592511837373304,0.14592511837122715,0.14592511836628622,0.14592511835908886,0.14592511836628622,0.14592511837122715,0.14592511836875507,0.14592511835908886,0.14592511833139402,0.14592511835908886,0.14592511836875507,0.14592511837122715,0.14592511836628622,0.14592511835908886,0.14592511836628622,0.14592511837122715,0.14592511837373304,0.14592511837122715,0.14592511836875507,0.14592511837122715,0.14592511837373304,0.14473660977126318,0.14473660977018182,0.1447366097691935,0.14473660977018182,0.14473660977126318,0.14473660977018182,0.14473660976823052,0.14473660976571054,0.14473660976823052,0.14473660977018182,0.1447366097691935,0.14473660976571054,0.14473660975729322,0.14473660976571054,0.1447366097691935,0.14473660977018182,0.14473660976823052,0.14473660976571054,0.14473660976823052,0.14473660977018182,0.14473660977126318,0.14473660977018182,0.1447366097691935,0.14473660977018182,0.14473660977126318,0.14357153084480231,0.14357153084484953,0.14357153084500027,0.14357153084484953,0.14357153084480231,0.14357153084484953,0.14357153084518098,0.14357153084611848,0.14357153084518098,0.14357153084484953,0.14357153084500027,0.14357153084611848,0.14357153085163143,0.14357153084611848,0.14357153084500027,0.14357153084484953,0.14357153084518098,0.14357153084611848,0.14357153084518098,0.14357153084484953,0.14357153084480231,0.14357153084484953,0.14357153084500027,0.14357153084484953,0.14357153084480231,0.14242936454321237,0.14242936454405047,0.1424293645449615,0.14242936454405047,0.14242936454321237,0.14242936454405047,0.14242936454589203,0.1424293645489738,0.14242936454589203,0.14242936454405047,0.1424293645449615,0.1424293645489738,0.1424293645625589,0.1424293645489738,0.1424293645449615,0.14242936454405047,0.14242936454589203,0.1424293645489738,0.14242936454589203,0.14242936454405047,0.14242936454321237,0.14242936454405047,0.1424293645449615,0.14242936454405047,0.14242936454321237,0.1413096028427617,0.14130960284415506,0.1413096028455522,0.14130960284415506,0.1413096028427617,0.14130960284415506,0.14130960284694358,0.1413096028512414,0.14130960284694358,0.14130960284415506,0.1413096028455522,0.1413096028512414,0.1413096028693231,0.1413096028512414,0.1413096028455522,0.14130960284415506,0.14130960284694358,0.1413096028512414,0.14130960284694358,0.14130960284415506,0.1413096028427617,0.14130960284415506,0.1413096028455522,0.14130960284415506,0.1413096028427617,0.14021174691583435,0.14021174691778518,0.14021174691956978,0.14021174691778518,0.14021174691583435,0.14021174691778518,0.140211746921301,0.14021174692603652,0.140211746921301,0.14021174691778518,0.14021174691956978,0.14021174692603652,0.14021174694414232,0.14021174692603652,0.14021174691956978,0.14021174691778518,0.140211746921301,0.14021174692603652,0.140211746921301,0.14021174691778518,0.14021174691583435,0.14021174691778518,0.14021174691956978,0.14021174691778518,0.14021174691583435,0.1391353072595722,0.13913530726265966,0.1391353072653038,0.13913530726265966,0.1391353072595722,0.13913530726265966,0.1391353072678535,0.1391353072733207,0.1391353072678535,0.13913530726265966,0.1391353072653038,0.1391353072733207,0.1391353072843343,0.1391353072733207,0.1391353072653038,0.13913530726265966,0.1391353072678535,0.1391353072733207,0.1391353072678535,0.13913530726265966,0.1391353072595722,0.13913530726265966,0.1391353072653038,0.13913530726265966,0.1391353072595722,0.13807980378789178,0.13807980379360224,0.13807980379920576,0.13807980379360224,0.13807980378789178,0.13807980379360224,0.13807980380483856,0.13807980381980967,0.13807980380483856,0.13807980379360224,0.13807980379920576,0.13807980381980967,0.13807980386094432,0.13807980381980967,0.13807980379920576,0.13807980379360224,0.13807980380483856,0.13807980381980967,0.13807980380483856,0.13807980379360224,0.13807980378789178,0.13807980379360224,0.13807980379920576,0.13807980379360224,0.13807980378789178,0.13704476589043932,0.13704476589910958,0.13704476590950074,0.13704476589910958,0.13704476589043932,0.13704476589910958,0.13704476592024664,0.13704476596227078,0.13704476592024664,0.13704476589910958,0.13704476590950074,0.13704476596227078,0.13704476619406522,0.13704476596227078,0.13704476590950074,0.13704476589910958,0.13704476592024664,0.13704476596227078,0.13704476592024664,0.13704476589910958,0.13704476589043932,0.13704476589910958,0.13704476590950074,0.13704476589910958,0.13704476589043932,0.13602973246668407,0.136029732472661,0.13602973247848377,0.136029732472661,0.13602973246668407,0.136029732472661,0.13602973248431277,0.13602973249981862,0.13602973248431277,0.136029732472661,0.13602973247848377,0.13602973249981862,0.13602973254270295,0.13602973249981862,0.13602973247848377,0.136029732472661,0.13602973248431277,0.13602973249981862,0.13602973248431277,0.136029732472661,0.13602973246668407,0.136029732472661,0.13602973247848377,0.136029732472661,0.13602973246668407,0.13503425194394186,0.13503425194766905,0.1350342519507386,0.13503425194766905,0.13503425194394186,0.13503425194766905,0.1350342519536467,0.13503425195955607,0.1350342519536467,0.13503425194766905,0.1350342519507386,0.13503425195955607,0.13503425197027613,0.13503425195955607,0.1350342519507386,0.13503425194766905,0.1350342519536467,0.13503425195955607,0.1350342519536467,0.13503425194766905,0.13503425194394186,0.13503425194766905,0.1350342519507386,0.13503425194766905,0.13503425194394186
0.1653324878433352,0.1653324878433352,0.16533248784333496,0.1653324878433352,0.1653324878433352,0.1653324878433352,0.16533248784333496,0.16533248784333496,0.16533248784333496,0.1653324878433352,0.16533248784333496,0.16533248784333496,0.16533248784333496,0.16533248784333496,0.16533248784333496,0.1653324878433352,0.16533248784333496,0.16533248784333496,0.16533248784333496,0.1653324878433352,0.1653324878433352,0.1653324878433352,0.16533248784333496,0.1653324878433352,0.1653324878433352,0.1637574941233946,0.16375749412339413,0.16375749412339413,0.16375749412339413,0.1637574941233946,0.16375749412339413,0.1637574941233939,0.1637574941233939,0.1637574941233939,0.16375749412339413,0.16375749412339413,0.1637574941233939,0.16375749412339366,0.16375749412339366,0.16375749412339413,0.16375749412339413,0.1637574941233939,0.16375749412339366,0.1637574941233939,0.16375749412339413,0.1637574941233946,0.16375749412339413,0.16375749412339413,0.16375749412339413,0.1637574941233946,0.162213884335379,0.16221388433537834,0.1622138843353779,0.16221388433537834,0.162213884335379,0.16221388433537834,0.16221388433537742,0.16221388433537698,0.16221388433537742,0.16221388433537834,0.1622138843353779,0.16221388433537698,0.16221388433537628,0.16221388433537698,0.1622138843353779,0.16221388433537834,0.16221388433537742,0.16221388433537698,0.16221388433537742,0.16221388433537834,0.162213884335379,0.16221388433537834,0.1622138843353779,0.16221388433537834,0.162213884335379,0.16070106743633078,0.16070106743632812,0.16070106743632653,0.16070106743632812,0.16070106743633078,0.16070106743632812,0.16070106743632545,0.1607010674363239,0.16070106743632545,0.16070106743632812,0.16070106743632653,0.1607010674363239,0.16070106743632212,0.1607010674363239,0.16070106743632653,0.16070106743632812,0.16070106743632545,0.1607010674363239,0.16070106743632545,0.16070106743632812,0.16070106743633078,0.16070106743632812,0.16070106743632653,0.16070106743632812,0.16070106743633078,0.1592184518012308,0.15921845180122338,0.15921845180121857,0.15921845180122338,0.1592184518012308,0.15921845180122338,0.1592184518012151,0.15921845180120967,0.1592184518012151,0.15921845180122338,0.15921845180121857,0.15921845180120967,0.159218451801204,0.15921845180120967,0.15921845180121857,0.15921845180122338,0.1592184518012151,0.15921845180120967,0.1592184518012151,0.15921845180122338,0.1592184518012308,0.15921845180122338,0.15921845180121857,0.15921845180122338,0.1592184518012308,0.15776544657485714,0.1577654465748343,0.15776544657481958,0.1577654465748343,0.15776544657485714,0.1577654465748343,0.15776544657480848,0.1577654465747914,0.15776544657480848,0.1577654465748343,0.15776544657481958,0.1577654465747914,0.1577654465747722,0.1577654465747914,0.15776544657481958,0.1577654465748343,0.15776544657480848,0.1577654465747914,0.15776544657480848,0.1577654465748343,0.15776544657485714,0.1577654465748343,0.15776544657481958,0.1577654465748343,0.15776544657485714,0.1563414628861195,0.15634146288605258,0.1563414628860078,0.15634146288605258,0.1563414628861195,0.15634146288605258,0.15634146288597228,0.15634146288591624,0.15634146288597228,0.15634146288605258,0.1563414628860078,0.15634146288591624,0.15634146288585102,0.15634146288591624,0.1563414628860078,0.15634146288605258,0.15634146288597228,0.15634146288591624,0.15634146288597228,0.15634146288605258,0.1563414628861195,0.15634146288605258,0.1563414628860078,0.15634146288605258,0.1563414628861195,0.15494591493516072,0.15494591493497012,0.15494591493483753,0.15494591493497012,0.15494591493516072,0.15494591493497012,0.15494591493472482,0.15494591493454224,0.15494591493472482,0.15494591493497012,0.15494591493483753,0.15494591493454224,0.15494591493431087,0.15494591493454224,0.15494591493483753,0.15494591493497012,0.15494591493472482,0.15494591493454224,0.15494591493472482,0.15494591493497012,0.15494591493516072,0.15494591493497012,0.15494591493483753,0.15494591493497012,0.15494591493516072,0.15357822096296658,0.1535782209624496,0.1535782209620648,0.1535782209624496,0.15357822096296658,0.1535782209624496,0.15357822096171914,0.15357822096110998,0.15357822096171914,0.1535782209624496,0.1535782209620648,0.15357822096110998,0.15357822096022367,0.15357822096110998,0.1535782209620648,0.1535782209624496,0.15357822096171914,0.15357822096110998,0.15357822096171914,0.1535782209624496,0.15357822096296658,0.1535782209624496,0.1535782209620648,0.1535782209624496,0.15357822096296658,0.15223780411272603,0.1522378041114263,0.15223780411035606,0.1522378041114263,0.15223780411272603,0.1522378041114263,0.1522378041093435,0.1522378041072779,0.1522378041093435,0.1522378041114263,0.15223780411035606,0.1522378041072779,0.15223780410351215,0.1522378041072779,0.15223780411035606,0.1522378041114263,0.1522378041093435,0.1522378041072779,0.1522378041093435,0.1522378041114263,0.15223780411272603,0.1522378041114263,0.15223780411035606,0.1522378041114263,0.15223780411272603,0.1509240931916686,0.15092409318880107,0.1509240931860853,0.15092409318880107,0.1509240931916686,0.15092409318880107,0.15092409318338967,0.150924093176503,0.15092409318338967,0.15092409318880107,0.1509240931860853,0.150924093176503,0.15092409315842195,0.150924093176503,0.1509240931860853,0.15092409318880107,0.15092409318338967,0.150924093176503,0.15092409318338967,0.15092409318880107,0.1509240931916686,0.15092409318880107,0.1509240931860853,0.15092409318880107,0.1509240931916686,0.1496365233413485,0.14963652333639527,0.14963652333085947,0.14963652333639527,0.1496365233413485,0.14963652333639527,0.14963652332518768,0.14963652330520022,0.14963652332518768,0.14963652333639527,0.14963652333085947,0.14963652330520022,0.14963652320686038,0.14963652330520022,0.14963652333085947,0.14963652333639527,0.14963652332518768,0.14963652330520022,0.14963652332518768,0.14963652333639527,0.1496365233413485,0.14963652333639527,0.14963652333085947,0.14963652333639527,0.1496365233413485,0.1483745366225433,0.1483745366174204,0.1483745366119146,0.1483745366174204,0.1483745366225433,0.1483745366174204,0.14837453660629615,0.14837453658806432,0.14837453660629615,0.1483745366174204,0.1483745366119146,0.14837453658806432,0.14837453650983012,0.14837453658806432,0.1483745366119146,0.1483745366174204,0.14837453660629615,0.14837453658806432,0.14837453660629615,0.1483745366174204,0.1483745366225433,0.1483745366174204,0.1483745366119146,0.1483745366174204,0.1483745366225433,0.14713758251856832,0.1471375825145744,0.14713758251047368,0.1471375825145744,0.14713758251856832,0.1471375825145744,0.14713758250632974,0.14713758249369166,0.14713758250632974,0.1471375825145744,0.14713758251047368,0.14713758249369166,0.14713758244295957,0.14713758249369166,0.14713758251047368,0.1471375825145744,0.14713758250632974,0.14713758249369166,0.14713758250632974,0.1471375825145744,0.14713758251856832,0.1471375825145744,0.14713758251047368,0.1471375825145744,0.14713758251856832,0.14592511837432617,0.14592511837185035,0.14592511836940839,0.14592511837185035,0.14592511837432617,0.14592511837185035,0.14592511836696945,0.14592511835986186,0.14592511836696945,0.14592511837185035,0.14592511836940839,0.14592511835986186,0.14592511833251956,0.14592511835986186,0.14592511836940839,0.14592511837185035,0.14592511836696945,0.14592511835986186,0.14592511836696945,0.14592511837185035,0.14592511837432617,0.14592511837185035,0.14592511836940839,0.14592511837185035,0.14592511837432617,0.14473660977160302,0.14473660977055605,0.14473660976960268,0.14473660977055605,0.14473660977160302,0.14473660977055605,0.14473660976867458,0.14473660976626215,0.14473660976867458,0.14473660977055605,0.14473660976960268,0.14473660976626215,0.1447366097582709,0.14473660976626215,0.14473660976960268,0.14473660977055605,0.14473660976867458,0.14473660976626215,0.14473660976867458,0.14473660977055605,0.14473660977160302,0.14473660977055605,0.14473660976960268,0.14473660977055605,0.14473660977160302,0.1435715308448146,0.14357153084489832,0.14357153084508686,0.14357153084489832,0.1435715308448146,0.14357153084489832,0.14357153084530555,0.14357153084636046,0.14357153084530555,0.14357153084489832,0.14357153084508686,0.14357153084636046,0.14357153085237284,0.14357153084636046,0.14357153084508686,0.14357153084489832,0.14357153084530555,0.14357153084636046,0.14357153084530555,0.14357153084489832,0.1435715308448146,0.14357153084489832,0.14357153084508686,0.14357153084489832,0.1435715308448146,0.14242936454281716,0.14242936454369065,0.1424293645446386,0.14242936454369065,0.14242936454281716,0.14242936454369065,0.14242936454560687,0.14242936454880623,0.14242936454560687,0.14242936454369065,0.1424293645446386,0.14242936454880623,0.14242936456284186,0.14242936454880623,0.14242936454463875,0.14242936454369065,0.14242936454560687,0.14242936454880623,0.14242936454560687,0.14242936454369065,0.14242936454281716,0.14242936454369065,0.14242936454463875,0.14242936454369065,0.14242936454281716,0.14130960284188032,0.14130960284330213,0.14130960284473068,0.14130960284330213,0.14130960284188032,0.14130960284330213,0.14130960284615462,0.14130960285056068,0.14130960284615462,0.14130960284330213,0.14130960284473068,0.14130960285056068,0.14130960286911454,0.14130960285056068,0.14130960284473068,0.14130960284330213,0.14130960284615462,0.14130960285056068,0.14130960284615462,0.14130960284330213,0.14130960284188032,0.14130960284330213,0.14130960284473068,0.14130960284330213,0.14130960284188032,0.1402117469144013,0.14021174691636296,0.14021174691816238,0.14021174691636296,0.1402117469144013,0.14021174691636296,0.1402117469199097,0.14021174692470859,0.1402117469199097,0.14021174691636296,0.14021174691816238,0.14021174692470859,0.14021174694311705,0.14021174692470859,0.14021174691816238,0.14021174691636296,0.1402117469199097,0.14021174692470859,0.1402117469199097,0.14021174691636296,0.1402117469144013,0.14021174691636296,0.14021174691816238,0.14021174691636296,0.1402117469144013,0.1391353072575577,0.13913530726062384,0.13913530726325085,0.13913530726062384,0.1391353072575577,0.13913530726062384,0.13913530726578413,0.13913530727122095,0.13913530726578413,0.13913530726062384,0.13913530726325085,0.13913530727122095,0.13913530728219106,0.13913530727122095,0.13913530726325085,0.13913530726062384,0.13913530726578413,0.13913530727122095,0.13913530726578413,0.13913530726062384,0.1391353072575577,0.13913530726062384,0.13913530726325085,0.13913530726062384,0.1391353072575577,0.13807980378533108,0.1380798037909746,0.13807980379651083,0.1380798037909746,0.13807980378533108,0.1380798037909746,0.13807980380207543,0.13807980381686077,0.13807980380207543,0.1380798037909746,0.13807980379651083,0.13807980381686077,0.13807980385747234,0.13807980381686077,0.13807980379651083,0.1380798037909746,0.13807980380207543,0.13807980381686077,0.13807980380207543,0.1380798037909746,0.13807980378533108,0.1380798037909746,0.13807980379651083,0.1380798037909746,0.13807980378533108,0.13704476588746267,0.13704476589602133,0.13704476590627748,0.13704476589602133,0.13704476588746267,0.13704476589602133,0.13704476591688336,0.137044765958355,0.13704476591688336,0.13704476589602133,0.13704476590627748,0.137044765958355,0.13704476618707154,0.137044765958355,0.13704476590627748,0.13704476589602133,0.13704476591688336,0.137044765958355,0.13704476591688336,0.13704476589602133,0.13704476588746267,0.13704476589602133,0.13704476590627748,0.13704476589602133,0.13704476588746267,0.13602973246351438,0.13602973246941347,0.13602973247515987,0.13602973246941347,0.13602973246351438,0.13602973246941347,0.1360297324809124,0.13602973249621428,0.1360297324809124,0.13602973246941347,0.13602973247515987,0.13602973249621428,0.13602973253853246,0.13602973249621428,0.13602973247515987,0.13602973246941347,0.1360297324809124,0.13602973249621428,0.1360297324809124,0.13602973246941347,0.13602973246351438,0.13602973246941347,0.13602973247515987,0.13602973246941347,0.13602973246351438,0.1350342519407353,0.1350342519444138,0.13503425194744298,0.1350342519444138,0.1350342519407353,0.1350342519444138,0.1350342519503129,0.13503425195614463,0.1350342519503129,0.1350342519444138,0.13503425194744298,0.13503425195614463,0.13503425196672322,0.13503425195614463,0.13503425194744298,0.1350342519444138,0.1350342519503129,0.13503425195614463,0.1350342519503129,0.1350342519444138,0.1350342519407353,0.1350342519444138,0.13503425194744298,0.1350342519444138,0.1350342519407353
0.16533248784465507,0.16533248784465485,0.16533248784465485,0.16533248784465485,0.16533248784465507,0.16533248784465485,0.16533248784465485,0.16533248784465485,0.16533248784465485,0.16533248784465485,0.16533248784465485,0.16533248784465485,0.16533248784465462,0.16533248784465485,0.16533248784465485,0.16533248784465485,0.16533248784465485,0.16533248784465485,0.16533248784465485,0.16533248784465485,0.16533248784465507,0.16533248784465485,0.16533248784465485,0.16533248784465485,0.16533248784465507,0.16375749412468799,0.1637574941246877,0.1637574941246875,0.1637574941246877,0.16375749412468799,0.1637574941246877,0.1637574941246875,0.16375749412468726,0.1637574941246875,0.1637574941246877,0.1637574941246875,0.16375749412468726,0.16375749412468704,0.16375749412468726,0.1637574941246875,0.1637574941246877,0.1637574941246875,0.16375749412468726,0.1637574941246875,0.1637574941246877,0.16375749412468799,0.1637574941246877,0.1637574941246875,0.1637574941246877,0.16375749412468799,0.16221388433664657,0.1622138843366459,0.16221388433664521,0.1622138843366459,0.16221388433664657,0.1622138843366459,0.162213884336645,0.16221388433664455,0.162213884336645,0.1622138843366459,0.16221388433664521,0.16221388433664455,0.16221388433664388,0.16221388433664455,0.16221388433664521,0.1622138843366459,0.162213884336645,0.16221388433664455,0.162213884336645,0.1622138843366459,0.16221388433664657,0.1622138843366459,0.16221388433664521,0.1622138843366459,0.16221388433664657,0.16070106743757265,0.16070106743757018,0.16070106743756862,0.16070106743757018,0.16070106743757265,0.16070106743757018,0.16070106743756754,0.16070106743756596,0.16070106743756754,0.16070106743757018,0.16070106743756862,0.16070106743756596,0.1607010674375642,0.16070106743756596,0.16070106743756862,0.16070106743757018,0.16070106743756754,0.16070106743756596,0.16070106743756754,0.16070106743757018,0.16070106743757265,0.16070106743757018,0.16070106743756862,0.16070106743757018,0.16070106743757265,0.1592184518024478,0.15921845180244018,0.1592184518024354,0.15921845180244018,0.1592184518024478,0.15921845180244018,0.1592184518024319,0.1592184518024267,0.15921845180243216,0.15921845180244018,0.1592184518024354,0.1592184518024267,0.15921845180242103,0.1592184518024267,0.1592184518024354,0.15921845180244018,0.15921845180243216,0.1592184518024267,0.15921845180243216,0.15921845180244018,0.1592184518024478,0.15921845180244018,0.1592184518024354,0.15921845180244018,0.1592184518024478,0.1577654465760492,0.1577654465760266,0.15776544657601188,0.1577654465760266,0.1577654465760492,0.1577654465760266,0.15776544657600078,0.1577654465759837,0.15776544657600078,0.1577654465760266,0.15776544657601188,0.1577654465759837,0.1577654465759645,0.1577654465759837,0.15776544657601188,0.1577654465760266,0.15776544657600078,0.1577654465759837,0.15776544657600078,0.1577654465760266,0.1577654465760492,0.1577654465760266,0.15776544657601188,0.1577654465760266,0.1577654465760492,0.15634146288728717,0.15634146288722042,0.1563414628871759,0.15634146288722042,0.15634146288728717,0.15634146288722042,0.15634146288714057,0.15634146288708453,0.15634146288714057,0.15634146288722042,0.1563414628871759,0.15634146288708453,0.1563414628870195,0.15634146288708453,0.1563414628871759,0.15634146288722042,0.15634146288714057,0.15634146288708453,0.15634146288714057,0.15634146288722042,0.15634146288728717,0.15634146288722042,0.1563414628871759,0.15634146288722042,0.15634146288728717,0.15494591493630402,0.15494591493611407,0.15494591493598187,0.15494591493611407,0.15494591493630402,0.15494591493611407,0.15494591493586957,0.15494591493568738,0.15494591493586957,0.15494591493611407,0.15494591493598187,0.15494591493568738,0.15494591493545684,0.15494591493568738,0.15494591493598187,0.15494591493611407,0.15494591493586957,0.15494591493568738,0.15494591493586957,0.15494591493611407,0.15494591493630402,0.15494591493611407,0.15494591493598187,0.15494591493611407,0.15494591493630402,0.15357822096408488,0.15357822096356952,0.15357822096318569,0.15357822096356952,0.15357822096408488,0.15357822096356952,0.15357822096284104,0.1535782209622337,0.15357822096284104,0.15357822096356952,0.15357822096318569,0.1535782209622337,0.1535782209613498,0.1535782209622337,0.15357822096318569,0.15357822096356952,0.15357822096284104,0.1535782209622337,0.15357822096284104,0.15357822096356952,0.15357822096408488,0.15357822096356952,0.15357822096318569,0.15357822096356952,0.15357822096408488,0.15223780411381632,0.1522378041125205,0.15223780411145343,0.1522378041125205,0.15223780411381632,0.1522378041125205,0.15223780411044385,0.15223780410838433,0.15223780411044385,0.1522378041125205,0.15223780411145343,0.15223780410838433,0.152237804104629,0.15223780410838433,0.15223780411145343,0.1522378041125205,0.15223780411044385,0.15223780410838433,0.15223780411044385,0.1522378041125205,0.15223780411381632,0.1522378041125205,0.15223780411145343,0.1522378041125205,0.15223780411381632,0.15092409319272312,0.15092409318986444,0.1509240931871568,0.15092409318986444,0.15092409319272312,0.15092409318986444,0.15092409318446923,0.15092409317760244,0.15092409318446923,0.15092409318986444,0.1509240931871568,0.15092409317760244,0.15092409315957156,0.15092409317760244,0.1509240931871568,0.15092409318986444,0.15092409318446923,0.15092409317760244,0.15092409318446923,0.15092409318986444,0.15092409319272312,0.15092409318986444,0.1509240931871568,0.15092409318986444,0.15092409319272312,0.14963652334234875,0.14963652333741218,0.14963652333189373,0.14963652333741218,0.14963652334234875,0.14963652333741218,0.14963652332623975,0.1496365233063107,0.14963652332623975,0.14963652333741218,0.14963652333189373,0.1496365233063107,0.14963652320825807,0.1496365233063107,0.14963652333189373,0.14963652333741218,0.14963652332623975,0.1496365233063107,0.14963652332623975,0.14963652333741218,0.14963652334234875,0.14963652333741218,0.14963652333189373,0.14963652333741218,0.14963652334234875,0.14837453662345473,0.14837453661835337,0.14837453661286962,0.14837453661835337,0.14837453662345473,0.14837453661835337,0.1483745366072734,0.14837453658910885,0.1483745366072734,0.14837453661835337,0.14837453661286962,0.14837453658910885,0.14837453651116264,0.14837453658910885,0.14837453661286962,0.14837453661835337,0.1483745366072734,0.14837453658910885,0.1483745366072734,0.14837453661835337,0.14837453662345473,0.14837453661835337,0.14837453661286962,0.14837453661835337,0.14837453662345473,0.14713758251934544,0.14713758251537698,0.14713758251130168,0.14713758251537698,0.14713758251934544,0.14713758251537698,0.14713758250718315,0.14713758249462028,0.14713758250718315,0.14713758251537698,0.14713758251130168,0.14713758249462028,0.1471375824441685,0.14713758249462028,0.14713758251130168,0.14713758251537698,0.14713758250718315,0.14713758249462028,0.14713758250718315,0.14713758251537698,0.14713758251934544,0.14713758251537698,0.14713758251130168,0.14713758251537698,0.14713758251934544,0.1459251183749152,0.14592511837246913,0.14592511837005692,0.14592511837246913,0.1459251183749152,0.14592511837246913,0.14592511836764788,0.1459251183606295,0.14592511836764788,0.14592511837246913,0.14592511837005692,0.1459251183606295,0.14592511833365507,0.1459251183606295,0.14592511837005692,0.14592511837246913,0.14592511836764788,0.1459251183606295,0.14592511836764788,0.14592511837246913,0.1459251183749152,0.14592511837246913,0.14592511837005692,0.14592511837246913,0.1459251183749152,0.1447366097719399,0.14473660977092698,0.14473660977000816,0.14473660977092698,0.1447366097719399,0.14473660977092698,0.14473660976911515,0.14473660976680935,0.14473660976911515,0.14473660977092698,0.14473660977000816,0.14473660976680935,0.14473660975923808,0.14473660976680935,0.14473660977000816,0.14473660977092698,0.14473660976911515,0.14473660976680935,0.14473660976911515,0.14473660977092698,0.1447366097719399,0.14473660977092698,0.14473660977000816,0.14473660977092698,0.1447366097719399,0.14357153084482593,0.14357153084494587,0.1435715308451719,0.14357153084494587,0.14357153084482593,0.14357153084494587,0.1435715308454284,0.14357153084659982,0.1435715308454284,0.14357153084494587,0.1435715308451719,0.14357153084659982,0.14357153085305577,0.14357153084659982,0.1435715308451719,0.14357153084494587,0.1435715308454284,0.14357153084659982,0.1435715308454284,0.14357153084494587,0.14357153084482593,0.14357153084494587,0.1435715308451719,0.14357153084494587,0.14357153084482593,0.14242936454242328,0.1424293645433318,0.14242936454431668,0.1424293645433318,0.14242936454242328,0.1424293645433318,0.14242936454532237,0.14242936454863833,0.14242936454532237,0.1424293645433318,0.14242936454431668,0.14242936454863833,0.14242936456318409,0.14242936454863833,0.14242936454431668,0.1424293645433318,0.14242936454532237,0.14242936454863833,0.14242936454532237,0.1424293645433318,0.14242936454242328,0.1424293645433318,0.14242936454431668,0.1424293645433318,0.14242936454242328,0.14130960284100338,0.14130960284245314,0.1413096028439131,0.14130960284245314,0.14130960284100338,0.14130960284245314,0.14130960284536911,0.14130960284988256,0.14130960284536911,0.14130960284245314,0.1413096028439131,0.14130960284988256,0.14130960286891325,0.14130960284988256,0.1413096028439131,0.14130960284245314,0.14130960284536911,0.14130960284988256,0.14130960284536911,0.14130960284245314,0.14130960284100338,0.14130960284245314,0.1413096028439131,0.14130960284245314,0.14130960284100338,0.14021174691297647,0.1402117469149486,0.14021174691676255,0.1402117469149486,0.14021174691297647,0.1402117469149486,0.1402117469185255,0.1402117469233868,0.1402117469185255,0.1402117469149486,0.14021174691676255,0.1402117469233868,0.14021174694212132,0.1402117469233868,0.14021174691676255,0.1402117469149486,0.1402117469185255,0.1402117469233868,0.1402117469185255,0.1402117469149486,0.14021174691297647,0.1402117469149486,0.14021174691676255,0.1402117469149486,0.14021174691297647,0.1391353072555554,0.1391353072586003,0.1391353072612101,0.1391353072586003,0.1391353072555554,0.1391353072586003,0.13913530726372725,0.13913530726913342,0.13913530726372725,0.1391353072586003,0.1391353072612101,0.13913530726913342,0.13913530728005988,0.13913530726913342,0.1391353072612101,0.1391353072586003,0.13913530726372725,0.13913530726913342,0.13913530726372725,0.1391353072586003,0.1391353072555554,0.1391353072586003,0.1391353072612101,0.1391353072586003,0.1391353072555554,0.13807980378278656,0.13807980378836354,0.1380798037938331,0.13807980378836354,0.13807980378278656,0.13807980378836354,0.13807980379932994,0.1380798038139308,0.13807980379932994,0.13807980378836354,0.1380798037938331,0.1380798038139308,0.13807980385402327,0.1380798038139308,0.1380798037938331,0.13807980378836354,0.13807980379932994,0.1380798038139308,0.13807980379932994,0.13807980378836354,0.13807980378278656,0.13807980378836354,0.1380798037938331,0.13807980378836354,0.13807980378278656,0.1370447658845052,0.13704476589295347,0.13704476590307554,0.13704476589295347,0.1370447658845052,0.13704476589295347,0.13704476591354228,0.13704476595446552,0.13704476591354228,0.13704476589295347,0.13704476590307554,0.13704476595446552,0.1370447661801382,0.13704476595446552,0.13704476590307554,0.13704476589295347,0.13704476591354228,0.13704476595446552,0.13704476591354228,0.13704476589295347,0.1370447658845052,0.13704476589295347,0.13704476590307554,0.13704476589295347,0.1370447658845052,0.13602973246036523,0.13602973246618727,0.13602973247185807,0.13602973246618727,0.13602973246036523,0.13602973246618727,0.1360297324775347,0.13602973249263395,0.1360297324775347,0.13602973246618727,0.13602973247185807,0.13602973249263395,0.1360297325343903,0.13602973249263395,0.13602973247185807,0.13602973246618727,0.1360297324775347,0.13602973249263395,0.1360297324775347,0.13602973246618727,0.13602973246036523,0.13602973246618727,0.13602973247185807,0.13602973246618727,0.13602973246036523,0.1350342519375499,0.13503425194118,0.13503425194416926,0.13503425194118,0.1350342519375499,0.13503425194118,0.13503425194700133,0.13503425195275584,0.13503425194700133,0.13503425194118,0.13503425194416926,0.13503425195275584,0.1350342519631942,0.13503425195275584,0.13503425194416926,0.13503425194118,0.13503425194700133,0.13503425195275584,0.13503425194700133,0.13503425194118,0.1350342519375499,0.13503425194118,0.13503425194416926,0.13503425194118,0.1350342519375499
0.1653324878459665,0.16533248784596624,0.16533248784596624,0.16533248784596624,0.1653324878459665,0.16533248784596624,0.16533248784596624,0.165332487845966,0.16533248784596624,0.16533248784596624,0.16533248784596624,0.165332487845966,0.165332487845966,0.165332487845966,0.16533248784596624,0.16533248784596624,0.16533248784596624,0.165332487845966,0.16533248784596624,0.16533248784596624,0.1653324878459665,0.16533248784596624,0.16533248784596624,0.16533248784596624,0.1653324878459665,0.16375749412597324,0.16375749412597276,0.16375749412597276,0.16375749412597276,0.16375749412597324,0.16375749412597276,0.16375749412597254,0.1637574941259723,0.16375749412597254,0.16375749412597276,0.16375749412597276,0.1637574941259723,0.1637574941259723,0.1637574941259723,0.16375749412597276,0.16375749412597276,0.16375749412597254,0.1637574941259723,0.16375749412597254,0.16375749412597276,0.16375749412597324,0.16375749412597276,0.16375749412597276,0.16375749412597276,0.16375749412597324,0.162213884337906,0.16221388433790532,0.16221388433790465,0.16221388433790532,0.162213884337906,0.16221388433790532,0.1622138843379044,0.16221388433790396,0.1622138843379044,0.16221388433790532,0.16221388433790465,0.16221388433790396,0.1622138843379033,0.16221388433790396,0.16221388433790465,0.16221388433790532,0.1622138843379044,0.16221388433790396,0.1622138843379044,0.16221388433790532,0.162213884337906,0.16221388433790532,0.16221388433790465,0.16221388433790532,0.162213884337906,0.1607010674388069,0.16070106743880425,0.1607010674388027,0.16070106743880425,0.1607010674388069,0.16070106743880425,0.1607010674388018,0.16070106743880003,0.1607010674388018,0.16070106743880425,0.1607010674388027,0.16070106743880003,0.16070106743879825,0.16070106743880003,0.1607010674388027,0.16070106743880425,0.1607010674388018,0.16070106743880003,0.1607010674388018,0.16070106743880425,0.1607010674388069,0.16070106743880425,0.1607010674388027,0.16070106743880425,0.1607010674388069,0.159218451803657,0.1592184518036494,0.1592184518036446,0.1592184518036494,0.159218451803657,0.1592184518036494,0.15921845180364136,0.1592184518036359,0.15921845180364136,0.1592184518036494,0.1592184518036446,0.1592184518036359,0.15921845180363023,0.1592184518036359,0.1592184518036446,0.1592184518036494,0.15921845180364136,0.1592184518036359,0.15921845180364136,0.1592184518036494,0.159218451803657,0.1592184518036494,0.1592184518036446,0.1592184518036494,0.159218451803657,0.15776544657723404,0.15776544657721145,0.1577654465771967,0.15776544657721145,0.15776544657723404,0.15776544657721145,0.1577654465771856,0.15776544657716854,0.1577654465771856,0.15776544657721145,0.1577654465771967,0.15776544657716854,0.15776544657714955,0.15776544657716854,0.1577654465771967,0.15776544657721145,0.1577654465771856,0.15776544657716854,0.1577654465771856,0.15776544657721145,0.15776544657723404,0.15776544657721145,0.1577654465771967,0.15776544657721145,0.15776544657723404,0.1563414628884477,0.1563414628883812,0.15634146288833686,0.1563414628883812,0.1563414628884477,0.1563414628883812,0.15634146288830153,0.15634146288824569,0.15634146288830153,0.1563414628883812,0.15634146288833686,0.15634146288824569,0.15634146288818088,0.15634146288824569,0.15634146288833686,0.1563414628883812,0.15634146288830153,0.15634146288824569,0.15634146288830153,0.1563414628883812,0.1563414628884477,0.1563414628883812,0.15634146288833686,0.1563414628883812,0.1563414628884477,0.15494591493744037,0.15494591493725102,0.15494591493711904,0.15494591493725102,0.15494591493744037,0.15494591493725102,0.15494591493700716,0.15494591493682558,0.15494591493700716,0.15494591493725102,0.15494591493711904,0.15494591493682558,0.15494591493659543,0.15494591493682558,0.15494591493711904,0.15494591493725102,0.15494591493700716,0.15494591493682558,0.15494591493700716,0.15494591493725102,0.15494591493744037,0.15494591493725102,0.15494591493711904,0.15494591493725102,0.15494591493744037,0.15357822096519613,0.15357822096468238,0.15357822096429957,0.15357822096468238,0.15357822096519613,0.15357822096468238,0.15357822096395596,0.1535782209633504,0.15357822096395596,0.15357822096468238,0.15357822096429957,0.1535782209633504,0.1535782209624691,0.1535782209633504,0.15357822096429957,0.15357822096468238,0.15357822096395596,0.1535782209633504,0.15357822096395596,0.15357822096468238,0.15357822096519613,0.15357822096468238,0.15357822096429957,0.15357822096468238,0.15357822096519613,0.15223780411489973,0.15223780411360804,0.15223780411254395,0.15223780411360804,0.15223780411489973,0.15223780411360804,0.1522378041115373,0.15223780410948368,0.1522378041115373,0.15223780411360804,0.15223780411254395,0.15223780410948368,0.15223780410573898,0.15223780410948368,0.15223780411254395,0.15223780411360804,0.1522378041115373,0.15223780410948368,0.1522378041115373,0.15223780411360804,0.15223780411489973,0.15223780411360804,0.15223780411254395,0.15223780411360804,0.15223780411489973,0.15092409319377106,0.15092409319092123,0.15092409318822192,0.15092409319092123,0.15092409319377106,0.15092409319092123,0.15092409318554226,0.15092409317869532,0.15092409318554226,0.15092409319092123,0.15092409318822192,0.15092409317869532,0.15092409316071423,0.15092409317869532,0.15092409318822192,0.15092409319092123,0.15092409318554226,0.15092409317869532,0.15092409318554226,0.15092409319092123,0.15092409319377106,0.15092409319092123,0.15092409318822192,0.15092409319092123,0.15092409319377106,0.14963652334334276,0.1496365233384228,0.14963652333292177,0.1496365233384228,0.14963652334334276,0.1496365233384228,0.1496365233272854,0.14963652330741437,0.1496365233272854,0.1496365233384228,0.14963652333292177,0.14963652330741437,0.14963652320960966,0.14963652330741437,0.14963652333292177,0.1496365233384228,0.1496365233272854,0.14963652330741437,0.1496365233272854,0.1496365233384228,0.14963652334334276,0.1496365233384228,0.14963652333292177,0.1496365233384228,0.14963652334334276,0.14837453662436048,0.14837453661928074,0.14837453661381889,0.14837453661928074,0.14837453662436048,0.14837453661928074,0.14837453660824435,0.14837453659014688,0.14837453660824435,0.14837453661928074,0.14837453661381889,0.14837453659014688,0.14837453651243823,0.14837453659014688,0.14837453661381889,0.14837453661928074,0.14837453660824435,0.14837453659014688,0.14837453660824435,0.14837453661928074,0.14837453662436048,0.14837453661928074,0.14837453661381889,0.14837453661928074,0.14837453662436048,0.14713758252011766,0.14713758251617462,0.14713758251212458,0.14713758251617462,0.14713758252011766,0.14713758251617462,0.1471375825080311,0.1471375824955431,0.1471375825080311,0.14713758251617462,0.14713758251212458,0.1471375824955431,0.14713758244543554,0.1471375824955431,0.14713758251212458,0.14713758251617462,0.1471375825080311,0.1471375824955431,0.1471375825080311,0.14713758251617462,0.14713758252011766,0.14713758251617462,0.14713758251212458,0.14713758251617462,0.14713758252011766,0.14592511837550015,0.14592511837308364,0.14592511837070096,0.14592511837308364,0.14592511837550015,0.14592511837308364,0.14592511836832167,0.14592511836139177,0.14592511836832167,0.14592511837308364,0.14592511837070096,0.14592511836139177,0.14592511833473593,0.14592511836139177,0.14592511837070096,0.14592511837308364,0.14592511836832167,0.14592511836139177,0.14592511836832167,0.14592511837308364,0.14592511837550015,0.14592511837308364,0.14592511837070096,0.14592511837308364,0.14592511837550015,0.14473660977227415,0.1447366097712949,0.14473660977041067,0.1447366097712949,0.14473660977227415,0.1447366097712949,0.14473660976955222,0.14473660976735253,0.14473660976955222,0.1447366097712949,0.14473660977041067,0.14473660976735253,0.1447366097602489,0.14473660976735253,0.14473660977041067,0.1447366097712949,0.14473660976955222,0.14473660976735253,0.14473660976955222,0.1447366097712949,0.14473660977227415,0.1447366097712949,0.14473660977041067,0.1447366097712949,0.14473660977227415,0.14357153084483634,0.14357153084499258,0.1435715308452556,0.14357153084499258,0.14357153084483634,0.14357153084499258,0.14357153084554955,0.14357153084683702,0.14357153084554955,0.14357153084499258,0.1435715308452556,0.14357153084683702,0.14357153085376842,0.14357153084683702,0.1435715308452556,0.14357153084499258,0.14357153084554955,0.14357153084683702,0.14357153084554955,0.14357153084499258,0.14357153084483634,0.14357153084499258,0.1435715308452556,0.14357153084499258,0.14357153084483634,0.14242936454203106,0.1424293645429745,0.14242936454399593,0.1424293645429745,0.14242936454203106,0.1424293645429745,0.14242936454503852,0.14242936454847055,0.14242936454503852,0.1424293645429745,0.14242936454399593,0.14242936454847055,0.142429364563485,0.14242936454847055,0.14242936454399593,0.1424293645429745,0.14242936454503852,0.14242936454847055,0.14242936454503852,0.1424293645429745,0.14242936454203106,0.1424293645429745,0.14242936454399593,0.1424293645429745,0.14242936454203106,0.14130960284013108,0.1413096028416088,0.1413096028430995,0.1413096028416088,0.14130960284013108,0.1413096028416088,0.14130960284458743,0.14130960284920727,0.14130960284458743,0.1413096028416088,0.1413096028430995,0.14130960284920727,0.14130960286870717,0.14130960284920727,0.1413096028430995,0.1413096028416088,0.14130960284458743,0.14130960284920727,0.14130960284458743,0.1413096028416088,0.14130960284013108,0.1413096028416088,0.1413096028430995,0.1413096028416088,0.14130960284013108,0.14021174691155988,0.14021174691354232,0.14021174691537058,0.14021174691354232,0.14021174691155988,0.14021174691354232,0.14021174691714922,0.1402117469220716,0.14021174691714922,0.14021174691354232,0.14021174691537058,0.1402117469220716,0.1402117469411264,0.1402117469220716,0.14021174691537058,0.14021174691354232,0.14021174691714922,0.1402117469220716,0.14021174691714922,0.14021174691354232,0.14021174691155988,0.14021174691354232,0.14021174691537058,0.14021174691354232,0.14021174691155988,0.13913530725356554,0.13913530725658946,0.13913530725918216,0.13913530725658946,0.13913530725356554,0.13913530725658946,0.13913530726168302,0.13913530726705867,0.13913530726168302,0.13913530725658946,0.13913530725918216,0.13913530726705867,0.13913530727794088,0.13913530726705867,0.13913530725918216,0.13913530725658946,0.13913530726168302,0.13913530726705867,0.13913530726168302,0.13913530725658946,0.13913530725356554,0.13913530725658946,0.13913530725918216,0.13913530725658946,0.13913530725356554,0.13807980378025878,0.13807980378576973,0.13807980379117274,0.13807980378576973,0.13807980378025878,0.13807980378576973,0.13807980379660245,0.13807980381102022,0.13807980379660245,0.13807980378576973,0.13807980379117274,0.13807980381102022,0.13807980385059715,0.13807980381102022,0.13807980379117274,0.13807980378576973,0.13807980379660245,0.13807980381102022,0.13807980379660245,0.13807980378576973,0.13807980378025878,0.13807980378576973,0.13807980379117274,0.13807980378576973,0.13807980378025878,0.1370447658815675,0.137044765889906,0.137044765899895,0.137044765889906,0.1370447658815675,0.137044765889906,0.13704476591022385,0.13704476595060266,0.13704476591022385,0.137044765889906,0.137044765899895,0.13704476595060266,0.13704476617326994,0.13704476595060266,0.137044765899895,0.137044765889906,0.13704476591022385,0.13704476595060266,0.13704476591022385,0.137044765889906,0.1370447658815675,0.137044765889906,0.137044765899895,0.137044765889906,0.1370447658815675,0.13602973245723746,0.13602973246298267,0.13602973246857847,0.13602973246298267,0.13602973245723746,0.13602973246298267,0.13602973247417982,0.13602973248907824,0.13602973247417982,0.13602973246298267,0.13602973246857847,0.13602973248907824,0.13602973253027673,0.13602973248907824,0.13602973246857847,0.13602973246298267,0.13602973247417982,0.13602973248907824,0.13602973247417982,0.13602973246298267,0.13602973245723746,0.13602973246298267,0.13602973246857847,0.13602973246298267,0.13602973245723746,0.1350342519343859,0.135034251937968,0.13503425194091764,0.135034251937968,0.1350342519343859,0.135034251937968,0.13503425194371213,0.13503425194939,0.13503425194371213,0.135034251937968,0.13503425194091764,0.13503425194939,0.13503425195968916,0.13503425194939,0.13503425194091764,0.135034251937968,0.13503425194371213,0.13503425194939,0.13503425194371213,0.135034251937968,0.1350342519343859,0.135034251937968,0.13503425194091764,0.135034251937968,0.13503425193438603
0.16533248784726984,0.16533248784726984,0.16533248784726984,0.16533248784726984,0.16533248784726984,0.16533248784726984,0.16533248784726962,0.16533248784726962,0.16533248784726962,0.16533248784726984,0.16533248784726984,0.16533248784726962,0.16533248784726962,0.16533248784726962,0.16533248784726984,0.16533248784726984,0.16533248784726962,0.16533248784726962,0.16533248784726962,0.16533248784726984,0.16533248784726984,0.16533248784726984,0.16533248784726984,0.16533248784726984,0.16533248784726984,0.16375749412725063,0.1637574941272504,0.16375749412725019,0.1637574941272504,0.16375749412725063,0.1637574941272504,0.16375749412725019,0.16375749412724996,0.16375749412725019,0.1637574941272504,0.16375749412725019,0.16375749412724996,0.16375749412724971,0.16375749412724996,0.16375749412725019,0.1637574941272504,0.16375749412725019,0.16375749412724996,0.16375749412725019,0.1637574941272504,0.16375749412725063,0.1637574941272504,0.16375749412725019,0.1637574941272504,0.16375749412725063,0.16221388433915795,0.16221388433915726,0.16221388433915657,0.16221388433915726,0.16221388433915795,0.16221388433915726,0.16221388433915637,0.1622138843391559,0.16221388433915637,0.16221388433915726,0.16221388433915657,0.1622138843391559,0.1622138843391552,0.1622138843391559,0.16221388433915657,0.16221388433915726,0.16221388433915637,0.1622138843391559,0.16221388433915637,0.16221388433915726,0.16221388433915795,0.16221388433915726,0.16221388433915657,0.16221388433915726,0.16221388433915795,0.16070106744003362,0.16070106744003118,0.16070106744002963,0.16070106744003118,0.16070106744003362,0.16070106744003118,0.16070106744002852,0.16070106744002674,0.16070106744002852,0.16070106744003118,0.16070106744002963,0.16070106744002674,0.16070106744002519,0.16070106744002674,0.16070106744002963,0.16070106744003118,0.16070106744002852,0.16070106744002674,0.16070106744002852,0.16070106744003118,0.16070106744003362,0.16070106744003118,0.16070106744002963,0.16070106744003118,0.16070106744003362,0.15921845180485905,0.15921845180485142,0.15921845180484662,0.15921845180485142,0.15921845180485905,0.15921845180485142,0.15921845180484337,0.15921845180483793,0.15921845180484337,0.15921845180485142,0.15921845180484662,0.15921845180483793,0.15921845180483224,0.15921845180483793,0.15921845180484662,0.15921845180485142,0.15921845180484337,0.15921845180483793,0.15921845180484337,0.15921845180485142,0.15921845180485905,0.15921845180485142,0.15921845180484662,0.15921845180485142,0.15921845180485905,0.15776544657841163,0.15776544657838903,0.15776544657837452,0.15776544657838903,0.15776544657841163,0.15776544657838903,0.15776544657836342,0.15776544657834635,0.15776544657836342,0.15776544657838903,0.15776544657837452,0.15776544657834635,0.15776544657832736,0.15776544657834635,0.15776544657837452,0.15776544657838903,0.15776544657836342,0.15776544657834635,0.15776544657836342,0.15776544657838903,0.15776544657841163,0.15776544657838903,0.15776544657837452,0.15776544657838903,0.15776544657841163,0.15634146288960113,0.15634146288953485,0.1563414628894905,0.15634146288953485,0.15634146288960113,0.15634146288953485,0.15634146288945536,0.15634146288939976,0.15634146288945536,0.15634146288953485,0.1563414628894905,0.15634146288939976,0.15634146288933515,0.15634146288939976,0.1563414628894905,0.15634146288953485,0.15634146288945536,0.15634146288939976,0.15634146288945536,0.15634146288953485,0.15634146288960113,0.15634146288953485,0.1563414628894905,0.15634146288953485,0.15634146288960113,0.15494591493856974,0.1549459149383808,0.15494591493824944,0.1549459149383808,0.15494591493856974,0.1549459149383808,0.15494591493813775,0.1549459149379566,0.15494591493813775,0.1549459149383808,0.15494591493824944,0.1549459149379566,0.15494591493772727,0.1549459149379566,0.15494591493824944,0.1549459149383808,0.15494591493813775,0.1549459149379566,0.15494591493813775,0.1549459149383808,0.15494591493856974,0.1549459149383808,0.15494591493824944,0.1549459149383808,0.15494591493856974,0.15357822096630055,0.15357822096578844,0.15357822096540685,0.15357822096578844,0.15357822096630055,0.15357822096578844,0.15357822096506418,0.15357822096446025,0.15357822096506418,0.15357822096578844,0.15357822096540685,0.15357822096446025,0.15357822096358156,0.15357822096446025,0.15357822096540685,0.15357822096578844,0.15357822096506418,0.15357822096446025,0.15357822096506418,0.15357822096578844,0.15357822096630055,0.15357822096578844,0.15357822096540685,0.15357822096578844,0.15357822096630055,0.15223780411597662,0.1522378041146887,0.15223780411362792,0.1522378041146887,0.15223780411597662,0.1522378041146887,0.15223780411262425,0.15223780411057652,0.15223780411262425,0.1522378041146887,0.15223780411362792,0.15223780411057652,0.1522378041068423,0.15223780411057652,0.15223780411362792,0.1522378041146887,0.15223780411262425,0.15223780411057652,0.15223780411262425,0.1522378041146887,0.15223780411597662,0.1522378041146887,0.15223780411362792,0.1522378041146887,0.15223780411597662,0.15092409319481245,0.1509240931919717,0.15092409318928046,0.1509240931919717,0.15092409319481245,0.1509240931919717,0.1509240931866087,0.15092409317978128,0.1509240931866087,0.1509240931919717,0.15092409318928046,0.15092409317978128,0.15092409316184993,0.15092409317978128,0.15092409318928046,0.1509240931919717,0.1509240931866087,0.15092409317978128,0.1509240931866087,0.1509240931919717,0.15092409319481245,0.1509240931919717,0.15092409318928046,0.1509240931919717,0.15092409319481245,0.14963652334433056,0.14963652333942704,0.1496365233339436,0.14963652333942704,0.14963652334433056,0.14963652333942704,0.14963652332832458,0.14963652330851127,0.14963652332832458,0.14963652333942704,0.1496365233339436,0.14963652330851127,0.1496365232109858,0.14963652330851127,0.1496365233339436,0.14963652333942704,0.14963652332832458,0.14963652330851127,0.14963652332832458,0.14963652333942704,0.14963652334433056,0.14963652333942704,0.1496365233339436,0.14963652333942704,0.14963652334433056,0.14837453662526043,0.148374536620202,0.14837453661476185,0.148374536620202,0.14837453662526043,0.148374536620202,0.14837453660920935,0.14837453659117864,0.14837453660920935,0.148374536620202,0.14837453661476185,0.14837453659117864,0.14837453651375704,0.14837453659117864,0.14837453661476185,0.148374536620202,0.14837453660920935,0.14837453659117864,0.14837453660920935,0.148374536620202,0.14837453662526043,0.148374536620202,0.14837453661476185,0.148374536620202,0.14837453662526043,0.14713758252088463,0.14713758251696682,0.14713758251294187,0.14713758251696682,0.14713758252088463,0.14713758251696682,0.14713758250887365,0.14713758249645975,0.14713758250887365,0.14713758251696682,0.14713758251294187,0.14713758249645975,0.14713758244663414,0.14713758249645975,0.14713758251294187,0.14713758251696682,0.14713758250887365,0.14713758249645975,0.14713758250887365,0.14713758251696682,0.14713758252088463,0.14713758251696682,0.14713758251294187,0.14713758251696682,0.14713758252088463,0.14592511837608083,0.14592511837369368,0.14592511837134056,0.14592511837369368,0.14592511837608083,0.14592511837369368,0.14592511836899086,0.14592511836214891,0.14592511836899086,0.14592511837369368,0.14592511837134056,0.14592511836214891,0.1459251183358695,0.14592511836214891,0.14592511837134056,0.14592511837369368,0.14592511836899086,0.14592511836214891,0.14592511836899086,0.14592511837369368,0.14592511837608083,0.14592511837369368,0.14592511837134056,0.14592511837369368,0.14592511837608083,0.14473660977260544,0.14473660977166009,0.14473660977081004,0.14473660977166009,0.14473660977260544,0.14473660977166009,0.14473660976998598,0.14473660976789138,0.14473660976998598,0.14473660977166009,0.14473660977081004,0.14473660976789138,0.14473660976117608,0.14473660976789138,0.14473660977081004,0.14473660977166009,0.14473660976998598,0.14473660976789138,0.14473660976998598,0.14473660977166009,0.14473660977260544,0.14473660977166009,0.14473660977081004,0.14473660977166009,0.14473660977260544,0.14357153084484595,0.14357153084503793,0.14357153084533789,0.14357153084503793,0.14357153084484595,0.14357153084503793,0.14357153084566915,0.1435715308470716,0.14357153084566915,0.14357153084503793,0.14357153084533789,0.1435715308470716,0.14357153085449534,0.1435715308470716,0.14357153084533789,0.14357153084503793,0.14357153084566915,0.1435715308470716,0.14357153084566915,0.14357153084503793,0.14357153084484595,0.14357153084503793,0.14357153084533789,0.14357153084503793,0.14357153084484595,0.14242936454164037,0.14242936454261837,0.14242936454367602,0.14242936454261837,0.14242936454164037,0.14242936454261837,0.14242936454475555,0.14242936454830263,0.14242936454475555,0.14242936454261837,0.14242936454367602,0.14242936454830263,0.14242936456382072,0.14242936454830263,0.14242936454367602,0.14242936454261837,0.14242936454475555,0.14242936454830263,0.14242936454475555,0.14242936454261837,0.14242936454164037,0.14242936454261837,0.14242936454367602,0.14242936454261837,0.14242936454164037,0.14130960283926336,0.14130960284076852,0.14130960284229,0.14130960284076852,0.14130960283926336,0.14130960284076852,0.1413096028438095,0.14130960284853478,0.1413096028438095,0.14130960284076852,0.14130960284229,0.14130960284853478,0.14130960286851788,0.14130960284853478,0.14130960284229,0.14130960284076852,0.1413096028438095,0.14130960284853478,0.1413096028438095,0.14130960284076852,0.14130960283926336,0.14130960284076852,0.14130960284229,0.14130960284076852,0.14130960283926336,0.14021174691015148,0.14021174691214391,0.14021174691398625,0.14021174691214391,0.14021174691015148,0.14021174691214391,0.14021174691578,0.14021174692076238,0.14021174691578,0.14021174691214391,0.14021174691398625,0.14021174692076238,0.1402117469400834,0.14021174692076238,0.14021174691398625,0.14021174691214391,0.14021174691578,0.14021174692076238,0.14021174691578,0.14021174691214391,0.14021174691015148,0.14021174691214391,0.14021174691398625,0.14021174691214391,0.14021174691015148,0.13913530725158788,0.13913530725459075,0.13913530725716639,0.13913530725459075,0.13913530725158788,0.13913530725459075,0.13913530725965095,0.13913530726499626,0.13913530725965095,0.13913530725459075,0.13913530725716639,0.13913530726499626,0.13913530727583387,0.13913530726499626,0.13913530725716639,0.13913530725459075,0.13913530725965095,0.13913530726499626,0.13913530725965095,0.13913530725459075,0.13913530725158788,0.13913530725459075,0.13913530725716639,0.13913530725459075,0.13913530725158788,0.13807980377774695,0.13807980378319232,0.13807980378852944,0.13807980378319232,0.13807980377774695,0.13807980378319232,0.13807980379389234,0.1380798038081284,0.13807980379389234,0.13807980378319232,0.13807980378852944,0.1380798038081284,0.1380798038471937,0.1380798038081284,0.13807980378852944,0.13807980378319232,0.13807980379389234,0.1380798038081284,0.13807980379389234,0.13807980378319232,0.13807980377774695,0.13807980378319232,0.13807980378852944,0.13807980378319232,0.13807980377774695,0.13704476587864892,0.13704476588687856,0.13704476589673548,0.13704476588687856,0.13704476587864892,0.13704476588687856,0.1370447659069273,0.1370447659467659,0.1370447659069273,0.13704476588687856,0.13704476589673548,0.1370447659467659,0.1370447661664432,0.1370447659467659,0.13704476589673548,0.13704476588687856,0.1370447659069273,0.1370447659467659,0.1370447659069273,0.13704476588687856,0.13704476587864892,0.13704476588687856,0.13704476589673548,0.13704476588687856,0.13704476587864892,0.1360297324541304,0.13602973245979938,0.1360297324653208,0.13602973245979938,0.1360297324541304,0.13602973245979938,0.13602973247084743,0.13602973248554617,0.13602973247084743,0.13602973245979938,0.1360297324653208,0.13602973248554617,0.13602973252619135,0.13602973248554617,0.1360297324653208,0.13602973245979938,0.13602973247084743,0.13602973248554617,0.13602973247084743,0.13602973245979938,0.1360297324541304,0.13602973245979938,0.1360297324653208,0.13602973245979938,0.1360297324541304,0.13503425193124305,0.1350342519347775,0.1350342519376878,0.1350342519347775,0.13503425193124305,0.1350342519347775,0.13503425194044483,0.13503425194604665,0.13503425194044483,0.1350342519347775,0.1350342519376878,0.13503425194604665,0.13503425195620763,0.13503425194604665,0.1350342519376878,0.1350342519347775,0.13503425194044483,0.13503425194604665,0.13503425194044483,0.1350342519347775,0.13503425193124305,0.1350342519347775,0.1350342519376878,0.1350342519347775,0.13503425193124305
0.16533248770875242,0.16533248770875075,0.16533248770874984,0.16533248770875075,0.16533248770875242,0.16533248770875075,0.16533248770874912,0.16533248770874817,0.16533248770874912,0.16533248770875075,0.16533248770874984,0.16533248770874817,0.165332487708747,0.16533248770874817,0.16533248770874984,0.16533248770875075,0.16533248770874912,0.16533248770874817,0.16533248770874912,0.16533248770875075,0.16533248770875242,0.16533248770875075,0.16533248770874984,0.16533248770875075,0.16533248770875242,0.16375749399048561,0.16375749399048192,0.16375749399047962,0.16375749399048192,0.16375749399048561,0.16375749399048192,0.16375749399047798,0.16375749399047543,0.16375749399047798,0.16375749399048192,0.16375749399047962,0.16375749399047543,0.16375749399047315,0.16375749399047543,0.16375749399047962,0.16375749399048192,0.16375749399047798,0.16375749399047543,0.16375749399047798,0.16375749399048192,0.16375749399048561,0.16375749399048192,0.16375749399047962,0.16375749399048192,0.16375749399048561,0.16221388420324864,0.16221388420323773,0.16221388420323096,0.16221388420323773,0.16221388420324864,0.16221388420323773,0.16221388420322622,0.16221388420321894,0.16221388420322622,0.16221388420323773,0.16221388420323096,0.16221388420321894,0.16221388420321148,0.16221388420321894,0.16221388420323096,0.16221388420323773,0.16221388420322622,0.16221388420321894,0.16221388420322622,0.16221388420323773,0.16221388420324864,0.16221388420323773,0.16221388420323096,0.16221388420323773,0.16221388420324864,0.1607010673040749,0.16070106730404293,0.16070106730402248,0.16070106730404293,0.1607010673040749,0.16070106730404293,0.16070106730400782,0.1607010673039854,0.16070106730400782,0.16070106730404293,0.16070106730402248,0.1607010673039854,0.1607010673039616,0.1607010673039854,0.16070106730402248,0.16070106730404293,0.16070106730400782,0.1607010673039854,0.16070106730400782,0.16070106730404293,0.1607010673040749,0.16070106730404293,0.16070106730402248,0.16070106730404293,0.1607010673040749,0.1592184516679735,0.1592184516678801,0.15921845166781956,0.1592184516678801,0.1592184516679735,0.1592184516678801,0.15921845166777385,0.15921845166770374,0.15921845166777385,0.1592184516678801,0.15921845166781956,0.15921845166770374,0.15921845166762622,0.15921845166770374,0.15921845166781956,0.1592184516678801,0.15921845166777385,0.15921845166770374,0.15921845166777385,0.1592184516678801,0.1592184516679735,0.1592184516678801,0.15921845166781956,0.1592184516678801,0.1592184516679735,0.1577654464398343,0.15776544643956736,0.15776544643938878,0.15776544643956736,0.1577654464398343,0.15776544643956736,0.1577654464392458,0.15776544643902307,0.1577654464392458,0.15776544643956736,0.15776544643938878,0.15776544643902307,0.1577654464387621,0.15776544643902307,0.15776544643938878,0.15776544643956736,0.1577654464392458,0.15776544643902307,0.1577654464392458,0.15776544643956736,0.1577654464398343,0.15776544643956736,0.15776544643938878,0.15776544643956736,0.1577654464398343,0.1563414627488938,0.1563414627481567,0.15634146274763686,0.1563414627481567,0.1563414627488938,0.1563414627481567,0.1563414627471931,0.15634146274647023,0.1563414627471931,0.1563414627481567,0.15634146274763686,0.15634146274647023,0.15634146274553865,0.15634146274647023,0.15634146274763686,0.1563414627481567,0.1563414627471931,0.15634146274647023,0.1563414627471931,0.1563414627481567,0.1563414627488938,0.1563414627481567,0.15634146274763686,0.1563414627481567,0.1563414627488938,0.15494591479616499,0.15494591479423533,0.1549459147927619,0.15494591479423533,0.15494591479616499,0.15494591479423533,0.15494591479141567,0.15494591478900835,0.15494591479141567,0.15494591479423533,0.1549459147927619,0.15494591478900835,0.15494591478538947,0.15494591478900835,0.1549459147927619,0.15494591479423533,0.15494591479141567,0.15494591478900835,0.15494591479141567,0.15494591479423533,0.15494591479616499,0.15494591479423533,0.1549459147927619,0.15494591479423533,0.15494591479616499,0.15357822082478595,0.1535782208201772,0.15357822081620753,0.1535782208201772,0.15357822082478595,0.1535782208201772,0.1535782208123437,0.15357822080418002,0.1535782208123437,0.1535782208201772,0.15357822081620753,0.15357822080418002,0.15357822078848815,0.15357822080418002,0.15357822081620753,0.1535782208201772,0.1535782208123437,0.15357822080418002,0.1535782208123437,0.1535782208201772,0.15357822082478595,0.1535782208201772,0.15357822081620753,0.1535782208201772,0.15357822082478595,0.15223780398303996,0.1522378039734527,0.152237803963779,0.1522378039734527,0.15223780398303996,0.1522378039734527,0.15223780395399236,0.15223780392691083,0.15223780395399236,0.1522378039734527,0.152237803963779,0.15223780392691083,0.1522378038498104,0.15223780392691083,0.152237803963779,0.1522378039734527,0.15223780395399236,0.15223780392691083,0.15223780395399236,0.1522378039734527,0.15223780398303996,0.1522378039734527,0.152237803963779,0.1522378039734527,0.15223780398303996,0.1509240930871631,0.15092409307289997,0.15092409305512586,0.15092409307289997,0.1509240930871631,0.15092409307289997,0.15092409303661247,0.15092409296143042,0.15092409303661247,0.15092409307289997,0.15092409305512586,0.15092409296143042,0.1509240925335766,0.15092409296143042,0.15092409305512586,0.15092409307289997,0.15092409303661247,0.15092409296143042,0.15092409303661247,0.15092409307289997,0.1509240930871631,0.15092409307289997,0.15092409305512586,0.15092409307289997,0.1509240930871631,0.14963652328552451,0.14963652327817126,0.1496365232711519,0.14963652327817126,0.14963652328552451,0.14963652327817126,0.1496365232640949,0.14963652324752852,0.1496365232640949,0.14963652327817126,0.1496365232711519,0.14963652324752852,0.1496365232234353,0.14963652324752852,0.1496365232711519,0.14963652327817126,0.1496365232640949,0.14963652324752852,0.1496365232640949,0.14963652327817126,0.14963652328552451,0.14963652327817126,0.1496365232711519,0.14963652327817126,0.14963652328552451,0.1483745366208025,0.1483745366194568,0.1483745366190413,0.1483745366194568,0.1483745366208025,0.1483745366194568,0.14837453661883818,0.14837453662250272,0.14837453661883818,0.1483745366194568,0.1483745366190413,0.14837453662250272,0.14837453666042286,0.14837453662250272,0.1483745366190413,0.1483745366194568,0.14837453661883818,0.14837453662250272,0.14837453661883818,0.1483745366194568,0.1483745366208025,0.1483745366194568,0.1483745366190413,0.1483745366194568,0.1483745366208025,0.1471375825638149,0.14713758256545545,0.14713758256762063,0.14713758256545545,0.1471375825638149,0.14713758256545545,0.14713758256994947,0.14713758257862486,0.14713758256994947,0.14713758256545545,0.14713758256762063,0.14713758257862486,0.14713758261951096,0.14713758257862486,0.14713758256762063,0.14713758256545545,0.14713758256994947,0.14713758257862486,0.14713758256994947,0.14713758256545545,0.1471375825638149,0.14713758256545545,0.14713758256762063,0.14713758256545545,0.1471375825638149,0.14592511845574332,0.14592511845861658,0.14592511846168904,0.14592511845861658,0.14592511845574332,0.14592511845861658,0.14592511846484063,0.14592511847474723,0.14592511846484063,0.14592511845861658,0.14592511846168904,0.14592511847474723,0.14592511851463733,0.14592511847474723,0.14592511846168904,0.14592511845861658,0.14592511846484063,0.14592511847474723,0.14592511846484063,0.14592511845861658,0.14592511845574332,0.14592511845861658,0.14592511846168904,0.14592511845861658,0.14592511845574332,0.14473660987904194,0.14473660988246692,0.14473660988595585,0.14473660988246692,0.14473660987904194,0.14473660988246692,0.1447366098894765,0.1447366099001237,0.1447366098894765,0.14473660988246692,0.14473660988595585,0.1447366099001237,0.14473660994203713,0.1447366099001237,0.14473660988595585,0.14473660988246692,0.1447366098894765,0.1447366099001237,0.1447366098894765,0.14473660988246692,0.14473660987904194,0.14473660988246692,0.14473660988595585,0.14473660988246692,0.14473660987904194,0.14357153097003367,0.14357153097378908,0.143571530977582,0.14357153097378908,0.14357153097003367,0.14357153097378908,0.14357153098139128,0.14357153099289882,0.14357153098139128,0.14357153097378908,0.143571530977582,0.14357153099289882,0.14357153103870302,0.14357153099289882,0.143571530977582,0.14357153097378908,0.14357153098139128,0.14357153099289882,0.14357153098139128,0.14357153097378908,0.14357153097003367,0.14357153097378908,0.143571530977582,0.14357153097378908,0.14357153097003367,0.1424293646793485,0.14242936468330797,0.14242936468731773,0.14242936468330797,0.1424293646793485,0.14242936468330797,0.1424293646913406,0.14242936470360862,0.1424293646913406,0.14242936468330797,0.14242936468731773,0.14242936470360862,0.14242936475317297,0.14242936470360862,0.14242936468731773,0.14242936468330797,0.1424293646913406,0.14242936470360862,0.1424293646913406,0.14242936468330797,0.1424293646793485,0.14242936468330797,0.14242936468731773,0.14242936468330797,0.1424293646793485,0.14130960298460654,0.14130960298860668,0.14130960299264364,0.14130960298860668,0.14130960298460654,0.14130960298860668,0.14130960299667947,0.14130960300911605,0.14130960299667947,0.14130960298860668,0.14130960299264364,0.14130960300911605,0.1413096030607843,0.14130960300911605,0.14130960299264364,0.14130960298860668,0.14130960299667947,0.14130960300911605,0.14130960299667947,0.14130960298860668,0.14130960298460654,0.14130960298860668,0.14130960299264364,0.14130960298860668,0.14130960298460654,0.1402117470594031,0.14021174706333364,0.14021174706710343,0.14021174706333364,0.1402117470594031,0.14021174706333364,0.14021174707081466,0.14021174708165843,0.14021174707081466,0.14021174706333364,0.14021174706710343,0.14021174708165843,0.14021174712527007,0.14021174708165843,0.14021174706710343,0.14021174706333364,0.14021174707081466,0.14021174708165843,0.14021174707081466,0.14021174706333364,0.1402117470594031,0.14021174706333364,0.14021174706710343,0.14021174706333364,0.1402117470594031,0.13913530740232463,0.1391353074067464,0.13913530741056243,0.1391353074067464,0.13913530740232463,0.1391353074067464,0.1391353074142463,0.13913530742231203,0.1391353074142463,0.1391353074067464,0.13913530741056243,0.13913530742231203,0.1391353074392566,0.13913530742231203,0.13913530741056243,0.1391353074067464,0.1391353074142463,0.13913530742231203,0.1391353074142463,0.1391353074067464,0.13913530740232463,0.1391353074067464,0.13913530741056243,0.1391353074067464,0.13913530740232463,0.13807980392876998,0.13807980393570438,0.13807980394243577,0.13807980393570438,0.13807980392876998,0.13807980393570438,0.13807980394917668,0.13807980396689373,0.13807980394917668,0.13807980393570438,0.13807980394243577,0.13807980396689373,0.13807980401503392,0.13807980396689373,0.13807980394243577,0.13807980393570438,0.13807980394917668,0.13807980396689373,0.13807980394917668,0.13807980393570438,0.13807980392876998,0.13807980393570438,0.13807980394243577,0.13807980393570438,0.13807980392876998,0.13704476602875926,0.13704476603886004,0.13704476605089508,0.13704476603886004,0.13704476602875926,0.13704476603886004,0.137044766063321,0.13704476611171232,0.137044766063321,0.13704476603886004,0.13704476605089508,0.13704476611171232,0.1370447663780116,0.13704476611171232,0.13704476605089508,0.13704476603886004,0.137044766063321,0.13704476611171232,0.137044766063321,0.13704476603886004,0.13704476602875926,0.13704476603886004,0.13704476605089508,0.13704476603886004,0.13704476602875926,0.13602973260145057,0.13602973260837223,0.1360297326151015,0.13602973260837223,0.13602973260145057,0.13602973260837223,0.13602973262182205,0.13602973263970303,0.13602973262182205,0.13602973260837223,0.1360297326151015,0.13602973263970303,0.1360297326890231,0.13602973263970303,0.1360297326151015,0.13602973260837223,0.13602973262182205,0.13602973263970303,0.13602973262182205,0.13602973260837223,0.13602973260145057,0.13602973260837223,0.1360297326151015,0.13602973260837223,0.13602973260145057,0.13503425207523326,0.13503425207954556,0.13503425208309183,0.13503425207954556,0.13503425207523326,0.13503425207954556,0.13503425208646075,0.13503425209328046,0.13503425208646075,0.13503425207954556,0.13503425208309183,0.13503425209328046,0.13503425210563164,0.13503425209328046,0.13503425208309183,0.13503425207954556,0.13503425208646075,0.13503425209328046,0.13503425208646075,0.13503425207954556,0.13503425207523326,0.13503425207954556,0.13503425208309183,0.13503425207954556,0.13503425207523326
0.16533248764971564,0.16533248764971398,0.16533248764971306,0.16533248764971398,0.16533248764971564,0.16533248764971398,0.16533248764971234,0.16533248764971115,0.16533248764971234,0.16533248764971398,0.16533248764971306,0.16533248764971115,0.1653324876497102,0.16533248764971115,0.16533248764971306,0.16533248764971398,0.16533248764971234,0.16533248764971115,0.16533248764971234,0.16533248764971398,0.16533248764971564,0.16533248764971398,0.16533248764971306,0.16533248764971398,0.16533248764971564,0.16375749393329816,0.1637574939332945,0.16375749393329217,0.1637574939332945,0.16375749393329816,0.1637574939332945,0.16375749393329075,0.16375749393328823,0.16375749393329075,0.1637574939332945,0.16375749393329217,0.16375749393328823,0.1637574939332857,0.16375749393328823,0.16375749393329217,0.1637574939332945,0.16375749393329075,0.16375749393328823,0.16375749393329075,0.1637574939332945,0.16375749393329816,0.1637574939332945,0.16375749393329217,0.1637574939332945,0.16375749393329816,0.16221388414846016,0.16221388414844953,0.1622138841484427,0.16221388414844953,0.16221388414846016,0.16221388414844953,0.16221388414843818,0.16221388414843094,0.16221388414843818,0.16221388414844953,0.1622138841484427,0.16221388414843094,0.16221388414842347,0.16221388414843094,0.1622138841484427,0.16221388414844953,0.16221388414843818,0.16221388414843094,0.16221388414843818,0.16221388414844953,0.16221388414846016,0.16221388414844953,0.1622138841484427,0.16221388414844953,0.16221388414846016,0.16070106725224928,0.16070106725221797,0.16070106725219774,0.16070106725221797,0.16070106725224928,0.16070106725221797,0.1607010672521833,0.1607010672521611,0.1607010672521833,0.16070106725221797,0.16070106725219774,0.1607010672521611,0.16070106725213756,0.1607010672521611,0.16070106725219774,0.16070106725221797,0.1607010672521833,0.1607010672521611,0.1607010672521833,0.16070106725221797,0.16070106725224928,0.16070106725221797,0.16070106725219774,0.16070106725221797,0.16070106725224928,0.15921845161968237,0.1592184516195905,0.15921845161953083,0.1592184516195905,0.15921845161968237,0.1592184516195905,0.15921845161948556,0.15921845161941633,0.15921845161948556,0.1592184516195905,0.15921845161953083,0.15921845161941633,0.15921845161933967,0.15921845161941633,0.15921845161953083,0.1592184516195905,0.15921845161948556,0.15921845161941633,0.15921845161948556,0.1592184516195905,0.15921845161968237,0.1592184516195905,0.15921845161953083,0.1592184516195905,0.15921845161968237,0.15776544639564702,0.157765446395385,0.15776544639520895,0.157765446395385,0.15776544639564702,0.157765446395385,0.1577654463950675,0.1577654463948471,0.1577654463950675,0.157765446395385,0.15776544639520895,0.1577654463948471,0.15776544639458828,0.1577654463948471,0.15776544639520895,0.157765446395385,0.1577654463950675,0.1577654463948471,0.1577654463950675,0.157765446395385,0.15776544639564702,0.157765446395385,0.15776544639520895,0.157765446395385,0.15776544639564702,0.15634146270936508,0.1563414627086426,0.15634146270813137,0.1563414627086426,0.15634146270936508,0.1563414627086426,0.1563414627076914,0.1563414627069754,0.1563414627076914,0.1563414627086426,0.15634146270813137,0.1563414627069754,0.1563414627060499,0.1563414627069754,0.15634146270813137,0.1563414627086426,0.1563414627076914,0.1563414627069754,0.1563414627076914,0.1563414627086426,0.15634146270936508,0.1563414627086426,0.15634146270813137,0.1563414627086426,0.15634146270936508,0.15494591476181307,0.1549459147599283,0.15494591475848107,0.1549459147599283,0.15494591476181307,0.1549459147599283,0.15494591475714636,0.15494591475475686,0.15494591475714636,0.1549459147599283,0.15494591475848107,0.15494591475475686,0.15494591475115457,0.15494591475475686,0.15494591475848107,0.1549459147599283,0.15494591475714636,0.15494591475475686,0.15494591475714636,0.1549459147599283,0.15494591476181307,0.1549459147599283,0.15494591475848107,0.1549459147599283,0.15494591476181307,0.1535782207962363,0.15357822079162572,0.153578220787688,0.15357822079162572,0.1535782207962363,0.15357822079162572,0.15357822078386055,0.15357822077573385,0.15357822078386033,0.15357822079162572,0.153578220787688,0.15357822077573385,0.15357822076009034,0.15357822077573385,0.153578220787688,0.15357822079162572,0.15357822078386033,0.15357822077573385,0.15357822078386033,0.15357822079162572,0.1535782207962363,0.15357822079162572,0.153578220787688,0.15357822079162572,0.1535782207962363,0.1522378039608776,0.15223780395129016,0.15223780394160805,0.15223780395129016,0.1522378039608776,0.15223780395129016,0.1522378039318269,0.15223780390484254,0.1522378039318269,0.15223780395129016,0.15223780394160805,0.15223780390484254,0.15223780382793525,0.15223780390484254,0.15223780394160805,0.15223780395129016,0.1522378039318269,0.15223780390484254,0.1522378039318269,0.15223780395129016,0.1522378039608776,0.15223780395129016,0.15223780394160805,0.15223780395129016,0.1522378039608776,0.15092409307181884,0.15092409305756996,0.1509240930398163,0.15092409305756996,0.15092409307181884,0.15092409305756996,0.15092409302132745,0.15092409294626113,0.15092409302132745,0.15092409305756996,0.1509240930398163,0.15092409294626113,0.15092409251914157,0.15092409294626113,0.1509240930398163,0.15092409305756996,0.15092409302132745,0.15092409294626113,0.15092409302132745,0.15092409305756996,0.15092409307181884,0.15092409305756996,0.1509240930398163,0.15092409305756996,0.15092409307181884,0.14963652327732735,0.14963652326998297,0.1496365232629712,0.14963652326998297,0.14963652327732735,0.14963652326998297,0.1496365232559225,0.14963652323936824,0.1496365232559225,0.14963652326998297,0.1496365232629712,0.14963652323936824,0.1496365232154565,0.14963652323936824,0.1496365232629712,0.14963652326998297,0.1496365232559225,0.14963652323936824,0.1496365232559225,0.14963652326998297,0.14963652327732735,0.14963652326998297,0.1496365232629712,0.14963652326998297,0.14963652327732735,0.14837453661999073,0.148374536618651,0.14837453661823902,0.148374536618651,0.14837453661999073,0.148374536618651,0.1483745366180392,0.14837453662170133,0.1483745366180392,0.148374536618651,0.14837453661823902,0.14837453662170133,0.1483745366561273,0.14837453662170133,0.14837453661823902,0.148374536618651,0.1483745366180392,0.14837453662170133,0.1483745366180392,0.148374536618651,0.14837453661999073,0.148374536618651,0.14837453661823902,0.148374536618651,0.14837453661999073,0.14713758257051243,0.14713758257216297,0.14713758257433684,0.14713758257216297,0.14713758257051243,0.14713758257216297,0.14713758257667386,0.14713758258536944,0.14713758257667386,0.14713758257216297,0.14713758257433684,0.14713758258536944,0.14713758262609078,0.14713758258536944,0.14713758257433684,0.14713758257216297,0.14713758257667386,0.14713758258536944,0.14713758257667386,0.14713758257216297,0.14713758257051243,0.14713758257216297,0.14713758257433684,0.14713758257216297,0.14713758257051243,0.1459251184699343,0.14592511847282555,0.14592511847591602,0.14592511847282555,0.1459251184699343,0.14592511847282555,0.1459251184790852,0.145925118489044,0.1459251184790852,0.14592511847282555,0.14592511847591602,0.145925118489044,0.1459251185299266,0.145925118489044,0.14592511847591602,0.14592511847282555,0.1459251184790852,0.145925118489044,0.1459251184790852,0.14592511847282555,0.1459251184699343,0.14592511847282555,0.14592511847591602,0.14592511847282555,0.1459251184699343,0.14473660990055381,0.1447366099040057,0.14473660990752202,0.1447366099040057,0.14473660990055381,0.1447366099040057,0.14473660991107043,0.14473660992180298,0.14473660991107043,0.1447366099040057,0.14473660990752202,0.14473660992180298,0.14473660996475182,0.14473660992180298,0.14473660990752202,0.1447366099040057,0.14473660991107043,0.14473660992180298,0.14473660991107043,0.1447366099040057,0.14473660990055381,0.1447366099040057,0.14473660990752202,0.1447366099040057,0.14473660990055381,0.14357153099852807,0.14357153100231684,0.14357153100614464,0.14357153100231684,0.14357153099852807,0.14357153100231684,0.1435715310099894,0.1435715310216076,0.1435715310099894,0.14357153100231684,0.14357153100614464,0.1435715310216076,0.14357153106831133,0.1435715310216076,0.14357153100614464,0.14357153100231684,0.1435715310099894,0.1435715310216076,0.1435715310099894,0.14357153100231684,0.14357153099852807,0.14357153100231684,0.14357153100614464,0.14357153100231684,0.14357153099852807,0.14242936471432294,0.1424293647183173,0.1424293647223643,0.1424293647183173,0.14242936471432294,0.1424293647183173,0.14242936472642526,0.1424293647388154,0.14242936472642526,0.1424293647183173,0.1424293647223643,0.1424293647388154,0.14242936478925491,0.1424293647388154,0.1424293647223643,0.1424293647183173,0.14242936472642526,0.1424293647388154,0.14242936472642526,0.1424293647183173,0.14242936471432294,0.1424293647183173,0.1424293647223643,0.1424293647183173,0.14242936471432294,0.14130960302540424,0.14130960302943252,0.1413096030335014,0.14130960302943252,0.14130960302540424,0.14130960302943252,0.14130960303756995,0.14130960305011936,0.14130960303756995,0.14130960302943252,0.1413096030335014,0.14130960305011936,0.1413096031024981,0.14130960305011936,0.1413096030335014,0.14130960302943252,0.14130960303756995,0.14130960305011936,0.14130960303756995,0.14130960302943252,0.14130960302540424,0.14130960302943252,0.1413096030335014,0.14130960302943252,0.14130960302540424,0.14021174710523474,0.14021174710917397,0.140211747112956,0.14021174710917397,0.14021174710523474,0.14021174710917397,0.14021174711668047,0.14021174712757664,0.14021174711668047,0.14021174710917397,0.140211747112956,0.14021174712757664,0.1402117471719307,0.14021174712757664,0.140211747112956,0.14021174710917397,0.14021174711668047,0.14021174712757664,0.14021174711668047,0.14021174710917397,0.14021174710523474,0.14021174710917397,0.140211747112956,0.14021174710917397,0.14021174710523474,0.13913530745230238,0.13913530745670058,0.139135307460497,0.13913530745670058,0.13913530745230238,0.13913530745670058,0.13913530746416233,0.1391353074721916,0.13913530746416233,0.13913530745670058,0.139135307460497,0.1391353074721916,0.13913530748907588,0.1391353074721916,0.139135307460497,0.13913530745670058,0.13913530746416233,0.1391353074721916,0.13913530746416233,0.13913530745670058,0.13913530745230238,0.13913530745670058,0.139135307460497,0.13913530745670058,0.13913530745230238,0.13807980398194453,0.13807980398880945,0.13807980399547112,0.13807980398880945,0.13807980398194453,0.13807980398880945,0.13807980400214162,0.13807980401966627,0.13807980400214162,0.13807980398880945,0.13807980399547112,0.13807980401966627,0.13807980406725823,0.13807980401966627,0.13807980399547112,0.13807980398880945,0.13807980400214162,0.13807980401966627,0.13807980400214162,0.13807980398880945,0.13807980398194453,0.13807980398880945,0.13807980399547112,0.13807980398880945,0.13807980398194453,0.13704476608416297,0.1370447660941491,0.13704476610604546,0.1370447660941491,0.13704476608416297,0.1370447660941491,0.13704476611832891,0.13704476616615785,0.13704476611832891,0.1370447660941491,0.13704476610604546,0.13704476616615785,0.13704476642934654,0.13704476616615785,0.13704476610604546,0.1370447660941491,0.13704476611832891,0.13704476616615785,0.13704476611832891,0.1370447660941491,0.13704476608416297,0.1370447660941491,0.13704476610604546,0.1370447660941491,0.13704476608416297,0.13602973265811796,0.1360297326649564,0.13602973267160284,0.1360297326649564,0.13602973265811796,0.1360297326649564,0.13602973267824597,0.1360297326958969,0.13602973267824597,0.1360297326649564,0.13602973267160284,0.1360297326958969,0.13602973274461663,0.1360297326958969,0.13602973267160284,0.1360297326649564,0.13602973267824597,0.1360297326958969,0.13602973267824597,0.1360297326649564,0.13602973265811796,0.1360297326649564,0.13602973267160284,0.1360297326649564,0.13602973265811796,0.13503425213206843,0.135034252136325,0.13503425213982567,0.135034252136325,0.13503425213206843,0.135034252136325,0.1350342521431434,0.13503425214987244,0.1350342521431434,0.135034252136325,0.13503425213982567,0.13503425214987244,0.13503425216206333,0.13503425214987244,0.13503425213982567,0.135034252136325,0.1350342521431434,0.13503425214987244,0.1350342521431434,0.135034252136325,0.13503425213206843,0.135034252136325,0.13503425213982567,0.135034252136325,0.13503425213206843
0.1653324876316267,0.16533248763162509,0.16533248763162411,0.16533248763162509,0.1653324876316267,0.16533248763162509,0.16533248763162342,0.16533248763162245,0.16533248763162342,0.16533248763162509,0.16533248763162411,0.16533248763162245,0.16533248763162153,0.16533248763162245,0.16533248763162411,0.16533248763162509,0.16533248763162342,0.16533248763162245,0.16533248763162342,0.16533248763162509,0.1653324876316267,0.16533248763162509,0.16533248763162411,0.16533248763162509,0.1653324876316267,0.16375749391579608,0.16375749391579242,0.16375749391579034,0.16375749391579242,0.16375749391579608,0.16375749391579242,0.1637574939157887,0.1637574939157864,0.1637574939157887,0.16375749391579264,0.16375749391579034,0.1637574939157864,0.16375749391578387,0.1637574939157864,0.16375749391579034,0.16375749391579242,0.1637574939157887,0.1637574939157864,0.1637574939157887,0.16375749391579264,0.16375749391579608,0.16375749391579264,0.16375749391579034,0.16375749391579264,0.16375749391579608,0.16221388413172846,0.16221388413171806,0.16221388413171148,0.16221388413171806,0.16221388413172846,0.16221388413171806,0.16221388413170693,0.16221388413169993,0.16221388413170693,0.16221388413171806,0.16221388413171148,0.16221388413169993,0.16221388413169244,0.16221388413169993,0.16221388413171148,0.16221388413171806,0.16221388413170693,0.16221388413169993,0.16221388413170693,0.16221388413171806,0.16221388413172846,0.16221388413171806,0.16221388413171148,0.16221388413171806,0.16221388413172846,0.16070106723647576,0.1607010672364449,0.16070106723642533,0.1607010672364449,0.16070106723647576,0.1607010672364449,0.16070106723641112,0.16070106723638933,0.16070106723641112,0.1607010672364449,0.16070106723642533,0.16070106723638933,0.160701067236366,0.16070106723638933,0.16070106723642533,0.1607010672364449,0.16070106723641112,0.16070106723638933,0.16070106723641112,0.1607010672364449,0.16070106723647576,0.1607010672364449,0.16070106723642533,0.1607010672364449,0.16070106723647576,0.1592184516050553,0.15921845160496578,0.15921845160490747,0.15921845160496578,0.1592184516050553,0.15921845160496578,0.15921845160486262,0.15921845160479448,0.15921845160486262,0.15921845160496578,0.15921845160490747,0.15921845160479448,0.1592184516047187,0.15921845160479448,0.15921845160490747,0.15921845160496578,0.15921845160486262,0.15921845160479448,0.1592184516048628,0.15921845160496578,0.1592184516050553,0.15921845160496578,0.15921845160490747,0.15921845160496578,0.1592184516050553,0.1577654463823503,0.15776544638209644,0.15776544638192444,0.15776544638209644,0.1577654463823503,0.15776544638209644,0.15776544638178427,0.15776544638156684,0.15776544638178427,0.15776544638209644,0.15776544638192444,0.15776544638156684,0.1577654463813106,0.15776544638156684,0.15776544638192444,0.15776544638209644,0.15776544638178427,0.15776544638156684,0.15776544638178427,0.15776544638209644,0.1577654463823503,0.15776544638209644,0.15776544638192444,0.15776544638209644,0.1577654463823503,0.1563414626975796,0.1563414626968743,0.1563414626963739,0.1563414626968743,0.1563414626975796,0.1563414626968743,0.15634146269593835,0.15634146269522906,0.15634146269593835,0.1563414626968743,0.1563414626963739,0.15634146269522906,0.15634146269431004,0.15634146269522906,0.1563414626963739,0.1563414626968743,0.15634146269593835,0.15634146269522906,0.15634146269593835,0.1563414626968743,0.1563414626975796,0.1563414626968743,0.1563414626963739,0.1563414626968743,0.1563414626975796,0.15494591475175623,0.1549459147498723,0.1549459147484392,0.1549459147498723,0.15494591475175623,0.1549459147498723,0.15494591474711678,0.1549459147447406,0.15494591474711678,0.1549459147498723,0.1549459147484392,0.1549459147447406,0.15494591474115552,0.1549459147447406,0.1549459147484392,0.1549459147498723,0.15494591474711678,0.1549459147447406,0.15494591474711678,0.1549459147498723,0.15494591475175623,0.1549459147498723,0.1549459147484392,0.1549459147498723,0.15494591475175623,0.15357822078808064,0.15357822078348154,0.15357822077954364,0.15357822078348154,0.15357822078808064,0.15357822078348154,0.15357822077574668,0.1535782207676501,0.15357822077574668,0.15357822078348154,0.15357822077954364,0.1535782207676501,0.15357822075206648,0.1535782207676501,0.15357822077954364,0.15357822078348154,0.15357822077574668,0.1535782207676501,0.15357822077574668,0.15357822078348154,0.15357822078808064,0.15357822078348154,0.15357822077954364,0.15357822078348154,0.15357822078808064,0.15223780395475708,0.15223780394519643,0.15223780393554617,0.15223780394519643,0.1522378039547569,0.15223780394519643,0.15223780392578154,0.1522378038989053,0.15223780392578154,0.15223780394519643,0.15223780393554617,0.1522378038989053,0.15223780382228105,0.1522378038989053,0.15223780393554617,0.15223780394519643,0.15223780392578154,0.1522378038989053,0.15223780392578154,0.15223780394519643,0.1522378039547569,0.15223780394519643,0.15223780393554617,0.15223780394519643,0.1522378039547569,0.15092409306781612,0.1509240930536097,0.1509240930359124,0.1509240930536097,0.15092409306781612,0.1509240930536097,0.15092409301747925,0.15092409294266204,0.15092409301747925,0.1509240930536097,0.1509240930359124,0.15092409294266204,0.1509240925171082,0.15092409294266204,0.1509240930359124,0.1509240930536097,0.15092409301747925,0.15092409294266204,0.15092409301747925,0.1509240930536097,0.15092409306781612,0.1509240930536097,0.1509240930359124,0.1509240930536097,0.15092409306781612,0.14963652327546847,0.14963652326814186,0.14963652326114482,0.14963652326814186,0.14963652327546847,0.14963652326814186,0.14963652325410975,0.14963652323757137,0.14963652325410975,0.14963652326814186,0.14963652326114482,0.14963652323757137,0.1496365232135182,0.14963652323757137,0.14963652326114482,0.14963652326814186,0.14963652325410975,0.14963652323757137,0.14963652325410975,0.14963652326814186,0.14963652327546847,0.14963652326814186,0.14963652326114482,0.14963652326814186,0.14963652327546847,0.14837453662031988,0.14837453661898273,0.1483745366185685,0.14837453661898273,0.14837453662031988,0.14837453661898273,0.14837453661836522,0.14837453662199693,0.14837453661836522,0.14837453661898273,0.1483745366185685,0.14837453662199693,0.14837453665609596,0.14837453662199693,0.1483745366185685,0.14837453661898273,0.14837453661836522,0.14837453662199693,0.14837453661836522,0.14837453661898273,0.14837453662031988,0.14837453661898273,0.1483745366185685,0.14837453661898273,0.14837453662031988,0.14713758257306617,0.14713758257471943,0.14713758257689386,0.14713758257471943,0.14713758257306617,0.14713758257471943,0.14713758257923054,0.1471375825879177,0.14713758257923054,0.14713758257471943,0.14713758257689386,0.1471375825879177,0.1471375826284674,0.1471375825879177,0.14713758257689386,0.14713758257471943,0.14713758257923054,0.1471375825879177,0.14713758257923054,0.14713758257471943,0.14713758257306617,0.14713758257471943,0.14713758257689386,0.14713758257471943,0.14713758257306617,0.1459251184747084,0.14592511847761047,0.1459251184807113,0.14592511847761047,0.1459251184747084,0.14592511847761047,0.14592511848389064,0.14592511849387896,0.14592511848389064,0.14592511847761047,0.1459251184807113,0.14592511849387896,0.14592511853491918,0.14592511849387896,0.1459251184807113,0.14592511847761047,0.14592511848389064,0.14592511849387896,0.14592511848389064,0.14592511847761047,0.1459251184747084,0.14592511847761047,0.1459251184807113,0.14592511847761047,0.1459251184747084,0.14473660990748308,0.14473660991095558,0.14473660991449352,0.14473660991095558,0.14473660990748308,0.14473660991095558,0.14473660991806359,0.14473660992886406,0.14473660991806359,0.14473660991095558,0.14473660991449352,0.14473660992886406,0.14473660997213023,0.14473660992886406,0.14473660991449352,0.14473660991095558,0.14473660991806359,0.14473660992886406,0.14473660991806359,0.14473660991095558,0.14473660990748308,0.14473660991095558,0.14473660991449352,0.14473660991095558,0.14473660990748308,0.14357153100748038,0.14357153101129738,0.14357153101515513,0.14357153101129738,0.14357153100748038,0.14357153101129738,0.1435715310190303,0.14357153103074505,0.1435715310190303,0.14357153101129738,0.14357153101515513,0.14357153103074505,0.14357153107787074,0.14357153103074505,0.14357153101515513,0.14357153101129738,0.1435715310190303,0.14357153103074505,0.1435715310190303,0.14357153101129738,0.14357153100748038,0.14357153101129738,0.14357153101515513,0.14357153101129738,0.14357153100748038,0.142429364725101,0.14242936472912607,0.1424293647332061,0.14242936472912607,0.142429364725101,0.14242936472912607,0.14242936473730095,0.14242936474980047,0.14242936473730095,0.14242936472912607,0.1424293647332061,0.14242936474980047,0.14242936480068924,0.14242936474980047,0.1424293647332061,0.14242936472912607,0.14242936473730095,0.14242936474980047,0.14242936473730095,0.14242936472912607,0.142429364725101,0.14242936472912607,0.1424293647332061,0.14242936472912607,0.142429364725101,0.1413096030377561,0.1413096030418087,0.14130960304590573,0.1413096030418087,0.1413096030377561,0.1413096030418087,0.14130960305000356,0.1413096030626541,0.14130960305000356,0.1413096030418087,0.14130960304590573,0.1413096030626541,0.1413096031154511,0.1413096030626541,0.14130960304590573,0.1413096030418087,0.14130960305000356,0.1413096030626541,0.14130960305000356,0.1413096030418087,0.1413096030377561,0.1413096030418087,0.14130960304590573,0.1413096030418087,0.1413096030377561,0.14021174711887044,0.1402117471228153,0.14021174712660656,0.1402117471228153,0.14021174711887044,0.1402117471228153,0.14021174713034165,0.14021174714128073,0.14021174713034165,0.1402117471228153,0.14021174712660656,0.14021174714128073,0.1402117471858568,0.14021174714128073,0.14021174712660656,0.1402117471228153,0.14021174713034165,0.14021174714128073,0.14021174713034146,0.1402117471228153,0.14021174711887044,0.1402117471228153,0.14021174712660656,0.1402117471228153,0.14021174711887044,0.1391353074669214,0.13913530747129368,0.1391353074750686,0.13913530747129368,0.1391353074669214,0.13913530747129368,0.1391353074787134,0.1391353074867017,0.1391353074787134,0.13913530747129368,0.1391353074750686,0.1391353074867017,0.13913530750351674,0.1391353074867017,0.1391353074750686,0.13913530747129368,0.1391353074787134,0.1391353074867017,0.1391353074787134,0.13913530747129368,0.1391353074669214,0.13913530747129368,0.1391353074750686,0.13913530747129368,0.1391353074669214,0.13807980399726524,0.13807980400405762,0.13807980401064687,0.13807980400405762,0.13807980399726524,0.13807980400405762,0.13807980401724404,0.13807980403456963,0.13807980401724404,0.13807980400405762,0.13807980401064687,0.13807980403456963,0.13807980408160078,0.13807980403456963,0.13807980401064687,0.13807980400405762,0.13807980401724404,0.13807980403456963,0.13807980401724404,0.13807980400405762,0.13807980399726524,0.13807980400405762,0.13807980401064687,0.13807980400405762,0.13807980399726524,0.13704476609995778,0.13704476610982533,0.13704476612157848,0.13704476610982533,0.13704476609995778,0.13704476610982533,0.13704476613371386,0.13704476618095937,0.13704476613371386,0.13704476610982533,0.13704476612157848,0.13704476618095937,0.1370447664408771,0.13704476618095937,0.13704476612157848,0.13704476610982533,0.13704476613371386,0.13704476618095937,0.13704476613371386,0.13704476610982533,0.13704476609995778,0.13704476610982533,0.13704476612157848,0.13704476610982533,0.13704476609995778,0.13602973267422086,0.13602973268097582,0.1360297326875398,0.13602973268097582,0.13602973267422086,0.13602973268097582,0.13602973269410223,0.13602973271153024,0.13602973269410223,0.13602973268097582,0.1360297326875398,0.13602973271153024,0.13602973275964447,0.13602973271153024,0.1360297326875398,0.13602973268097582,0.13602973269410223,0.13602973271153024,0.13602973269410223,0.13602973268097582,0.13602973267422086,0.13602973268097582,0.1360297326875398,0.13602973268097582,0.13602973267422086,0.1350342521482188,0.13503425215242168,0.13503425215587847,0.13503425215242168,0.1350342521482188,0.13503425215242168,0.13503425215915174,0.13503425216579493,0.13503425215915174,0.13503425215242168,0.13503425215587847,0.13503425216579493,0.13503425217783113,0.13503425216579493,0.13503425215587847,0.13503425215242168,0.13503425215915174,0.13503425216579493,0.13503425215915174,0.13503425215242168,0.1350342521482188,0.13503425215242168,0.13503425215587847,0.13503425215242168,0.1350342521482188
0.1653324876272246,0.16533248762722294,0.165332487627222,0.16533248762722294,0.1653324876272246,0.16533248762722294,0.16533248762722152,0.16533248762722036,0.16533248762722152,0.16533248762722294,0.165332487627222,0.16533248762722036,0.16533248762721942,0.16533248762722036,0.165332487627222,0.16533248762722294,0.16533248762722152,0.16533248762722036,0.16533248762722152,0.16533248762722294,0.1653324876272246,0.16533248762722294,0.165332487627222,0.16533248762722294,0.1653324876272246,0.163757493911558,0.16375749391155453,0.1637574939115522,0.16375749391155453,0.163757493911558,0.16375749391155453,0.1637574939115508,0.16375749391154848,0.1637574939115508,0.16375749391155453,0.1637574939115522,0.16375749391154848,0.16375749391154595,0.16375749391154848,0.1637574939115522,0.16375749391155453,0.1637574939115508,0.16375749391154848,0.1637574939115508,0.16375749391155453,0.163757493911558,0.16375749391155453,0.1637574939115522,0.16375749391155453,0.163757493911558,0.16221388412771628,0.1622138841277061,0.16221388412769974,0.1622138841277061,0.16221388412771628,0.1622138841277061,0.16221388412769522,0.16221388412768842,0.16221388412769522,0.1622138841277061,0.16221388412769974,0.16221388412768842,0.16221388412768117,0.16221388412768842,0.16221388412769974,0.1622138841277061,0.16221388412769522,0.16221388412768842,0.16221388412769522,0.1622138841277061,0.16221388412771628,0.1622138841277061,0.16221388412769974,0.1622138841277061,0.16221388412771628,0.16070106723275226,0.1607010672327227,0.1607010672327036,0.1607010672327227,0.16070106723275226,0.1607010672327227,0.16070106723268937,0.16070106723266805,0.16070106723268937,0.1607010672327227,0.1607010672327036,0.16070106723266805,0.16070106723264518,0.16070106723266805,0.1607010672327036,0.1607010672327227,0.16070106723268937,0.16070106723266805,0.16070106723268937,0.1607010672327227,0.16070106723275226,0.1607010672327227,0.1607010672327036,0.1607010672327227,0.16070106723275226,0.15921845160168285,0.15921845160159706,0.15921845160154025,0.15921845160159706,0.15921845160168285,0.15921845160159706,0.15921845160149603,0.159218451601429,0.15921845160149603,0.15921845160159706,0.15921845160154025,0.159218451601429,0.1592184516013541,0.159218451601429,0.15921845160154025,0.15921845160159706,0.15921845160149603,0.159218451601429,0.15921845160149603,0.15921845160159706,0.15921845160168285,0.15921845160159706,0.15921845160154025,0.15921845160159706,0.15921845160168285,0.15776544637939538,0.15776544637914533,0.1577654463789774,0.15776544637914533,0.15776544637939538,0.15776544637914533,0.15776544637883894,0.15776544637862405,0.15776544637883894,0.15776544637914533,0.1577654463789774,0.15776544637862405,0.15776544637836995,0.15776544637862405,0.1577654463789774,0.15776544637914533,0.15776544637883894,0.15776544637862405,0.15776544637883894,0.15776544637914533,0.15776544637939538,0.15776544637914533,0.1577654463789774,0.15776544637914533,0.15776544637939538,0.1563414626951128,0.15634146269440977,0.1563414626939142,0.15634146269440977,0.1563414626951128,0.15634146269440977,0.15634146269348279,0.1563414626927783,0.15634146269348279,0.15634146269440977,0.1563414626939142,0.1563414626927783,0.15634146269186494,0.1563414626927783,0.1563414626939142,0.15634146269440977,0.15634146269348279,0.1563414626927783,0.15634146269348279,0.15634146269440977,0.1563414626951128,0.15634146269440977,0.1563414626939142,0.15634146269440977,0.1563414626951128,0.1549459147498356,0.15494591474795968,0.1549459147465286,0.15494591474795968,0.1549459147498356,0.15494591474795968,0.15494591474521952,0.15494591474285502,0.15494591474521952,0.15494591474795968,0.1549459147465286,0.15494591474285502,0.1549459147392886,0.15494591474285502,0.1549459147465286,0.15494591474795968,0.15494591474521952,0.15494591474285502,0.15494591474521952,0.15494591474795968,0.1549459147498356,0.15494591474795968,0.1549459147465286,0.15494591474795968,0.1549459147498356,0.15357822078674827,0.15357822078217023,0.1535782207782504,0.15357822078217023,0.15357822078674827,0.15357822078217023,0.15357822077447192,0.1535782207664151,0.15357822077447192,0.15357822078217023,0.1535782207782504,0.1535782207664151,0.1535782207509084,0.1535782207664151,0.1535782207782504,0.15357822078217023,0.15357822077447192,0.1535782207664151,0.15357822077447192,0.15357822078217023,0.15357822078674827,0.15357822078217023,0.1535782207782504,0.15357822078217023,0.15357822078674827,0.1522378039540225,0.1522378039445047,0.15223780393490033,0.1522378039445047,0.1522378039540225,0.1522378039445047,0.15223780392517489,0.15223780389843308,0.15223780392517489,0.1522378039445047,0.15223780393490033,0.15223780389843308,0.1522378038221887,0.15223780389843308,0.15223780393490033,0.1522378039445047,0.15223780392517489,0.15223780389843308,0.15223780392517489,0.1522378039445047,0.1522378039540225,0.1522378039445047,0.15223780393490033,0.1522378039445047,0.1522378039540225,0.1509240930676371,0.1509240930534926,0.15092409303587553,0.1509240930534926,0.1509240930676371,0.1509240930534926,0.15092409301752482,0.15092409294306117,0.15092409301752482,0.1509240930534926,0.15092409303587553,0.15092409294306117,0.1509240925196202,0.15092409294306117,0.15092409303587553,0.1509240930534926,0.15092409301752482,0.15092409294306117,0.15092409301752482,0.1509240930534926,0.1509240930676371,0.1509240930534926,0.15092409303587553,0.1509240930534926,0.1509240930676371,0.14963652327575305,0.14963652326844895,0.14963652326147026,0.14963652326844895,0.14963652327575305,0.14963652326844895,0.1496365232544526,0.14963652323792873,0.1496365232544526,0.14963652326844895,0.14963652326147026,0.14963652323792873,0.14963652321365092,0.14963652323792873,0.14963652326147026,0.14963652326844895,0.1496365232544526,0.14963652323792873,0.1496365232544526,0.14963652326844895,0.14963652327575305,0.14963652326844895,0.14963652326147026,0.14963652326844895,0.14963652327575305,0.14837453662104436,0.14837453661970534,0.14837453661928296,0.14837453661970534,0.14837453662104436,0.14837453661970534,0.14837453661906966,0.14837453662264263,0.14837453661906966,0.14837453661970534,0.14837453661928296,0.14837453662264263,0.14837453665639047,0.14837453662264263,0.14837453661928296,0.14837453661970534,0.14837453661906966,0.14837453662264263,0.14837453661906966,0.14837453661970534,0.14837453662104436,0.14837453661970534,0.14837453661928296,0.14837453661970534,0.14837453662104436,0.14713758257424459,0.14713758257589346,0.14713758257806012,0.14713758257589346,0.14713758257424459,0.14713758257589346,0.1471375825803882,0.14713758258903928,0.1471375825803882,0.14713758257589346,0.14713758257806012,0.14713758258903928,0.14713758262932208,0.14713758258903928,0.14713758257806012,0.14713758257589346,0.1471375825803882,0.14713758258903928,0.1471375825803882,0.14713758257589346,0.14713758257424459,0.14713758257589346,0.14713758257806012,0.14713758257589346,0.14713758257424459,0.14592511847634643,0.1459251184792524,0.14592511848235626,0.1459251184792524,0.14592511847634643,0.1459251184792524,0.14592511848553844,0.14592511849553408,0.14592511848553844,0.1459251184792524,0.14592511848235626,0.14592511849553408,0.14592511853660403,0.14592511849553408,0.14592511848235626,0.1459251184792524,0.14592511848553844,0.14592511849553408,0.14592511848553844,0.1459251184792524,0.14592511847634643,0.1459251184792524,0.14592511848235626,0.1459251184792524,0.14592511847634643,0.14473660990955464,0.14473660991304196,0.14473660991659545,0.14473660991304196,0.14473660990955464,0.14473660991304196,0.14473660992018123,0.14473660993103246,0.14473660992018123,0.14473660991304196,0.14473660991659545,0.14473660993103246,0.14473660997452803,0.14473660993103246,0.14473660991659545,0.14473660991304196,0.14473660992018123,0.14473660993103246,0.14473660992018123,0.14473660991304196,0.14473660990955464,0.14473660991304196,0.14473660991659545,0.14473660991304196,0.14473660990955464,0.14357153100992043,0.14357153101376108,0.14357153101764378,0.14357153101376108,0.14357153100992043,0.14357153101376108,0.14357153102154446,0.14357153103334186,0.14357153102154446,0.14357153101376108,0.14357153101764378,0.14357153103334186,0.14357153108081047,0.14357153103334186,0.14357153101764378,0.14357153101376108,0.14357153102154446,0.14357153103334186,0.14357153102154446,0.14357153101376108,0.14357153100992043,0.14357153101376108,0.14357153101764378,0.14357153101376108,0.14357153100992043,0.1424293647278107,0.14242936473186193,0.14242936473597084,0.14242936473186193,0.1424293647278107,0.14242936473186193,0.14242936474009535,0.14242936475269186,0.14242936474009535,0.14242936473186193,0.14242936473597084,0.14242936475269186,0.14242936480399276,0.14242936475269186,0.14242936473597084,0.14242936473186193,0.14242936474009535,0.14242936475269186,0.14242936474009535,0.14242936473186193,0.1424293647278107,0.14242936473186193,0.14242936473597084,0.14242936473186193,0.1424293647278107,0.1413096030406124,0.14130960304468573,0.14130960304880705,0.14130960304468573,0.1413096030406124,0.14130960304468573,0.1413096030529304,0.14130960306567059,0.1413096030529304,0.14130960304468573,0.14130960304880705,0.14130960306567059,0.14130960311884533,0.14130960306567059,0.14130960304880705,0.14130960304468573,0.1413096030529304,0.14130960306567059,0.1413096030529304,0.14130960304468573,0.1413096030406124,0.14130960304468573,0.14130960304880705,0.14130960304468573,0.1413096030406124,0.14021174712174445,0.1402117471256921,0.14021174712948975,0.1402117471256921,0.14021174712174445,0.1402117471256921,0.14021174713323226,0.1402117471442052,0.14021174713323226,0.1402117471256921,0.14021174712948975,0.1402117471442052,0.1402117471889211,0.1402117471442052,0.14021174712948975,0.1402117471256921,0.14021174713323226,0.1402117471442052,0.14021174713323226,0.1402117471256921,0.14021174712174445,0.1402117471256921,0.14021174712948975,0.1402117471256921,0.14021174712174445,0.13913530746970448,0.13913530747404895,0.13913530747780062,0.13913530747404895,0.13913530746970448,0.13913530747404895,0.13913530748142294,0.1391353074893665,0.13913530748142294,0.13913530747404895,0.13913530747780062,0.1391353074893665,0.13913530750610342,0.1391353074893665,0.13913530747780062,0.13913530747404895,0.13913530748142294,0.1391353074893665,0.13913530748142294,0.13913530747404895,0.13913530746970448,0.13913530747404895,0.13913530747780062,0.13913530747404895,0.13913530746970448,0.13807980399989614,0.13807980400661424,0.13807980401312908,0.13807980400661424,0.13807980399989614,0.13807980400661424,0.13807980401965106,0.13807980403677259,0.13807980401965106,0.13807980400661424,0.13807980401312908,0.13807980403677259,0.13807980408323275,0.13807980403677275,0.13807980401312908,0.13807980400661424,0.13807980401965106,0.13807980403677275,0.13807980401965106,0.13807980400661424,0.13807980399989614,0.13807980400661424,0.13807980401312908,0.13807980400661424,0.13807980399989614,0.13704476610245778,0.13704476611220445,0.13704476612381133,0.13704476611220445,0.13704476610245778,0.13704476611220445,0.13704476613579514,0.13704476618244468,0.13704476613579514,0.13704476611220445,0.13704476612381133,0.13704476618244468,0.13704476643905553,0.13704476618244468,0.13704476612381133,0.13704476611220445,0.13704476613579514,0.13704476618244468,0.13704476613579514,0.13704476611220445,0.13704476610245778,0.13704476611220445,0.13704476612381133,0.13704476611220445,0.13704476610245778,0.13602973267669646,0.13602973268336688,0.13602973268984794,0.13602973268336688,0.13602973267669646,0.13602973268336688,0.13602973269632795,0.13602973271353333,0.13602973269632795,0.13602973268336688,0.13602973268984794,0.13602973271353333,0.13602973276103458,0.13602973271353333,0.13602973268984794,0.13602973268336688,0.13602973269632795,0.13602973271353333,0.13602973269632795,0.13602973268336688,0.13602973267669646,0.13602973268336688,0.13602973268984794,0.13602973268336688,0.13602973267669646,0.13503425215069606,0.1350342521548456,0.13503425215825834,0.1350342521548456,0.13503425215069606,0.1350342521548456,0.13503425216148907,0.13503425216804701,0.13503425216148907,0.1350342521548456,0.13503425215825834,0.13503425216804701,0.13503425217992907,0.13503425216804701,0.13503425215825834,0.1350342521548456,0.13503425216148907,0.13503425216804701,0.13503425216148907,0.1350342521548456,0.13503425215069606,0.1350342521548456,0.13503425215825834,0.1350342521548456,0.13503425215069606
0.16533248762752714,0.16533248762752595,0.165332487627525,0.16533248762752595,0.16533248762752714,0.16533248762752595,0.16533248762752453,0.16533248762752362,0.16533248762752453,0.16533248762752595,0.165332487627525,0.16533248762752362,0.16533248762752267,0.16533248762752362,0.165332487627525,0.16533248762752595,0.16533248762752453,0.16533248762752362,0.16533248762752453,0.16533248762752595,0.16533248762752714,0.16533248762752595,0.165332487627525,0.16533248762752595,0.16533248762752714,0.16375749391188157,0.16375749391187852,0.16375749391187647,0.16375749391187852,0.16375749391188157,0.16375749391187852,0.16375749391187508,0.16375749391187303,0.16375749391187508,0.1637574939118783,0.16375749391187647,0.16375749391187303,0.16375749391187067,0.16375749391187303,0.16375749391187647,0.16375749391187852,0.16375749391187508,0.16375749391187303,0.16375749391187508,0.16375749391187852,0.16375749391188157,0.1637574939118783,0.16375749391187647,0.16375749391187852,0.16375749391188157,0.1622138841280837,0.16221388412807422,0.16221388412806811,0.16221388412807422,0.1622138841280837,0.16221388412807422,0.1622138841280638,0.16221388412805723,0.1622138841280638,0.16221388412807422,0.16221388412806811,0.16221388412805723,0.16221388412805018,0.16221388412805723,0.16221388412806811,0.16221388412807422,0.1622138841280638,0.16221388412805723,0.1622138841280638,0.16221388412807422,0.1622138841280837,0.16221388412807422,0.16221388412806811,0.16221388412807422,0.1622138841280837,0.16070106723318678,0.16070106723315813,0.1607010672331397,0.16070106723315813,0.16070106723318678,0.16070106723315813,0.16070106723312613,0.160701067233105,0.16070106723312613,0.16070106723315813,0.1607010672331397,0.160701067233105,0.16070106723308258,0.160701067233105,0.1607010672331397,0.16070106723315813,0.16070106723312613,0.160701067233105,0.16070106723312613,0.16070106723315813,0.16070106723318678,0.16070106723315813,0.1607010672331397,0.16070106723315813,0.16070106723318678,0.15921845160220952,0.15921845160212394,0.1592184516020684,0.15921845160212394,0.15921845160220952,0.15921845160212394,0.15921845160202486,0.15921845160195847,0.15921845160202486,0.15921845160212394,0.1592184516020684,0.15921845160195847,0.15921845160188444,0.15921845160195847,0.1592184516020684,0.15921845160212394,0.15921845160202486,0.15921845160195847,0.15921845160202486,0.15921845160212394,0.15921845160220952,0.15921845160212394,0.1592184516020684,0.15921845160212394,0.15921845160220952,0.15776544638003698,0.15776544637978865,0.15776544637962156,0.15776544637978865,0.15776544638003698,0.15776544637978865,0.1577654463794846,0.15776544637927123,0.1577654463794846,0.15776544637978865,0.15776544637962156,0.15776544637927123,0.15776544637901901,0.15776544637927123,0.15776544637962178,0.15776544637978865,0.1577654463794846,0.15776544637927123,0.1577654463794846,0.15776544637978865,0.15776544638003698,0.15776544637978865,0.15776544637962178,0.15776544637978865,0.15776544638003698,0.1563414626958896,0.15634146269519078,0.15634146269469706,0.15634146269519078,0.1563414626958896,0.15634146269519078,0.15634146269426985,0.1563414626935698,0.15634146269426985,0.15634146269519078,0.15634146269469706,0.1563414626935698,0.15634146269266225,0.1563414626935698,0.15634146269469706,0.15634146269519078,0.15634146269426985,0.1563414626935698,0.15634146269426985,0.15634146269519078,0.1563414626958896,0.15634146269519078,0.15634146269469706,0.15634146269519078,0.1563414626958896,0.15494591475076128,0.15494591474889682,0.15494591474747418,0.15494591474889682,0.15494591475076128,0.15494591474889682,0.15494591474617347,0.1549459147438235,0.15494591474617347,0.15494591474889682,0.15494591474747418,0.1549459147438235,0.15494591474027902,0.1549459147438235,0.15494591474747418,0.15494591474889682,0.15494591474617347,0.1549459147438235,0.15494591474617347,0.15494591474889682,0.15494591475076128,0.15494591474889682,0.15494591474747418,0.15494591474889682,0.15494591475076128,0.15357822078782057,0.15357822078326946,0.1535782207793733,0.15357822078326946,0.15357822078782057,0.15357822078326946,0.15357822077561736,0.15357822076760994,0.15357822077561736,0.15357822078326946,0.1535782207793733,0.15357822076760994,0.15357822075219923,0.15357822076760994,0.1535782207793733,0.15357822078326946,0.15357822077561736,0.15357822076760994,0.15357822077561736,0.15357822078326946,0.15357822078782057,0.15357822078326946,0.1535782207793733,0.15357822078326946,0.15357822078782057,0.15223780395520353,0.15223780394574085,0.15223780393619357,0.15223780394574085,0.15223780395520353,0.15223780394574085,0.15223780392652383,0.15223780389994657,0.15223780392652383,0.15223780394574085,0.15223780393619357,0.15223780389994657,0.15223780382417798,0.15223780389994657,0.15223780393619357,0.15223780394574085,0.15223780392652383,0.15223780389994657,0.15223780392652383,0.15223780394574085,0.15223780395520353,0.15223780394574085,0.15223780393619357,0.15223780394574085,0.15223780395520353,0.15092409306882798,0.15092409305476184,0.15092409303724583,0.15092409305476184,0.15092409306882798,0.15092409305476184,0.15092409301900062,0.15092409294498438,0.15092409301900062,0.15092409305476184,0.15092409303724583,0.15092409294498438,0.1509240925241909,0.15092409294498438,0.15092409303724583,0.15092409305476184,0.15092409301900062,0.15092409294498438,0.15092409301900062,0.15092409305476184,0.15092409306882798,0.15092409305476184,0.15092409303724583,0.15092409305476184,0.15092409306882798,0.14963652327680227,0.149636523269525,0.1496365232625669,0.149636523269525,0.14963652327680227,0.149636523269525,0.14963652325556914,0.149636523239057,0.14963652325556914,0.149636523269525,0.1496365232625669,0.149636523239057,0.14963652321444168,0.149636523239057,0.1496365232625669,0.149636523269525,0.14963652325556914,0.149636523239057,0.14963652325556914,0.149636523269525,0.14963652327680227,0.149636523269525,0.1496365232625669,0.149636523269525,0.14963652327680227,0.14837453662190134,0.14837453662055602,0.14837453662011882,0.14837453662055602,0.14837453662190134,0.14837453662055602,0.14837453661988864,0.1483745366233754,0.14837453661988864,0.14837453662055602,0.14837453662011882,0.1483745366233754,0.14837453665658729,0.1483745366233754,0.14837453662011882,0.14837453662055602,0.14837453661988864,0.1483745366233754,0.14837453661988864,0.14837453662055602,0.14837453662190134,0.14837453662055602,0.14837453662011882,0.14837453662055602,0.14837453662190134,0.14713758257492124,0.1471375825765585,0.1471375825787095,0.1471375825765585,0.14713758257492124,0.1471375825765585,0.14713758258102055,0.14713758258960805,0.14713758258102055,0.1471375825765585,0.1471375825787095,0.14713758258960805,0.14713758262959328,0.14713758258960805,0.1471375825787095,0.1471375825765585,0.14713758258102055,0.14713758258960805,0.14713758258102055,0.1471375825765585,0.14713758257492124,0.1471375825765585,0.1471375825787095,0.1471375825765585,0.14713758257492124,0.1459251184768612,0.14592511847976417,0.1459251184828641,0.14592511847976417,0.1459251184768612,0.14592511847976417,0.1459251184860418,0.14592511849602266,0.1459251184860418,0.14592511847976417,0.1459251184828641,0.14592511849602266,0.1459251185370442,0.14592511849602266,0.1459251184828641,0.14592511847976417,0.1459251184860418,0.14592511849602266,0.1459251184860418,0.14592511847976417,0.1459251184768612,0.14592511847976417,0.1459251184828641,0.14592511847976417,0.1459251184768612,0.14473660990990286,0.14473660991339926,0.14473660991696252,0.14473660991339926,0.14473660990990286,0.14473660991339926,0.14473660992055845,0.14473660993144338,0.14473660992055845,0.14473660991339926,0.14473660991696252,0.14473660993144338,0.14473660997509322,0.14473660993144338,0.14473660991696252,0.14473660991339926,0.14473660992055845,0.14473660993144338,0.14473660992055845,0.14473660991339926,0.14473660990990286,0.14473660991339926,0.14473660991696252,0.14473660991339926,0.14473660990990286,0.14357153101006725,0.14357153101392636,0.1435715310178293,0.14357153101392636,0.14357153101006725,0.14357153101392636,0.143571531021751,0.14357153103361683,0.143571531021751,0.14357153101392636,0.1435715310178293,0.14357153103361683,0.14357153108139395,0.14357153103361683,0.1435715310178293,0.14357153101392636,0.143571531021751,0.14357153103361683,0.143571531021751,0.14357153101392636,0.14357153101006725,0.14357153101392636,0.1435715310178293,0.14357153101392636,0.14357153101006725,0.14242936472769513,0.14242936473176848,0.14242936473590206,0.14242936473176848,0.14242936472769513,0.14242936473176848,0.1424293647400519,0.14242936475273313,0.1424293647400519,0.14242936473176848,0.14242936473590206,0.14242936475273313,0.1424293648043917,0.14242936475273313,0.14242936473590206,0.14242936473176848,0.1424293647400519,0.14242936475273313,0.1424293647400519,0.14242936473176848,0.14242936472769513,0.14242936473176848,0.14242936473590206,0.14242936473176848,0.14242936472769513,0.14130960304015963,0.14130960304425005,0.14130960304839196,0.14130960304425005,0.14130960304015963,0.14130960304425005,0.14130960305253715,0.14130960306535578,0.14130960305253715,0.14130960304425005,0.14130960304839196,0.14130960306535578,0.14130960311891227,0.14130960306535578,0.14130960304839196,0.14130960304425005,0.14130960305253715,0.14130960306535578,0.14130960305253715,0.14130960304425005,0.14130960304015963,0.14130960304425005,0.14130960304839196,0.14130960304425005,0.14130960304015963,0.14021174712088322,0.1402117471248305,0.14021174712863171,0.1402117471248305,0.14021174712088322,0.1402117471248305,0.1402117471323789,0.14021174714337653,0.1402117471323789,0.1402117471248305,0.14021174712863171,0.14021174714337653,0.14021174718821788,0.14021174714337653,0.14021174712863171,0.1402117471248305,0.1402117471323789,0.14021174714337653,0.1402117471323789,0.1402117471248305,0.14021174712088322,0.1402117471248305,0.14021174712863171,0.1402117471248305,0.14021174712088322,0.13913530746839264,0.13913530747270703,0.13913530747643374,0.13913530747270703,0.13913530746839264,0.13913530747270703,0.13913530748003222,0.13913530748792705,0.13913530748003222,0.13913530747270703,0.13913530747643374,0.13913530748792705,0.139135307504577,0.13913530748792705,0.13913530747643374,0.13913530747270703,0.13913530748003222,0.13913530748792705,0.13913530748003222,0.13913530747270703,0.13913530746839264,0.13913530747270703,0.13913530747643374,0.13913530747270703,0.13913530746839264,0.1380798039981473,0.1380798040047891,0.13807980401122782,0.1380798040047891,0.1380798039981473,0.1380798040047891,0.1380798040176729,0.1380798040345868,0.1380798040176729,0.1380798040047891,0.13807980401122782,0.1380798040345868,0.1380798040804662,0.1380798040345868,0.13807980401122782,0.1380798040047891,0.1380798040176729,0.1380798040345868,0.1380798040176729,0.1380798040047891,0.1380798039981473,0.1380798040047891,0.13807980401122782,0.1380798040047891,0.1380798039981473,0.1370447661003771,0.13704476611000063,0.13704476612145883,0.13704476611000063,0.1370447661003771,0.13704476611000063,0.13704476613328875,0.1370447661793324,0.13704476613328861,0.13704476611000063,0.13704476612145883,0.1370447661793324,0.13704476643260113,0.1370447661793324,0.13704476612145883,0.13704476611000063,0.13704476613328861,0.1370447661793324,0.13704476613328861,0.13704476611000063,0.1370447661003771,0.13704476611000063,0.13704476612145883,0.13704476611000063,0.1370447661003771,0.1360297326744833,0.13602973268106797,0.1360297326874652,0.13602973268106797,0.1360297326744833,0.13602973268106797,0.1360297326938613,0.1360297327108421,0.1360297326938613,0.13602973268106797,0.1360297326874652,0.1360297327108421,0.1360297327577228,0.1360297327108421,0.1360297326874652,0.13602973268106797,0.1360297326938613,0.1360297327108421,0.1360297326938613,0.13602973268106797,0.1360297326744833,0.13602973268106797,0.1360297326874652,0.13602973268106797,0.1360297326744833,0.13503425214847262,0.1350342521525685,0.13503425215593698,0.1350342521525685,0.13503425214847262,0.1350342521525685,0.13503425215912526,0.13503425216559764,0.13503425215912526,0.1350342521525685,0.13503425215593698,0.13503425216559764,0.13503425217732426,0.13503425216559764,0.13503425215593698,0.1350342521525685,0.13503425215912526,0.13503425216559764,0.13503425215912526,0.1350342521525685,0.13503425214847262,0.1350342521525685,0.13503425215593698,0.1350342521525685,0.13503425214847262
0.16533248762958966,0.16533248762958827,0.16533248762958733,0.16533248762958827,0.16533248762958966,0.16533248762958827,0.16533248762958686,0.16533248762958588,0.16533248762958686,0.16533248762958827,0.16533248762958733,0.16533248762958588,0.16533248762958516,0.16533248762958588,0.16533248762958733,0.16533248762958827,0.16533248762958686,0.16533248762958588,0.16533248762958686,0.16533248762958827,0.16533248762958966,0.16533248762958827,0.16533248762958733,0.16533248762958827,0.16533248762958966,0.1637574939139139,0.1637574939139109,0.16375749391390879,0.1637574939139109,0.1637574939139139,0.1637574939139109,0.1637574939139074,0.16375749391390534,0.1637574939139074,0.1637574939139109,0.16375749391390879,0.16375749391390534,0.16375749391390326,0.16375749391390534,0.16375749391390879,0.1637574939139109,0.1637574939139074,0.16375749391390534,0.1637574939139074,0.1637574939139109,0.1637574939139139,0.1637574939139109,0.16375749391390879,0.1637574939139109,0.1637574939139139,0.1622138841300955,0.1622138841300862,0.1622138841300803,0.1622138841300862,0.1622138841300955,0.1622138841300862,0.16221388413007598,0.16221388413006965,0.16221388413007598,0.1622138841300862,0.1622138841300803,0.16221388413006965,0.16221388413006285,0.16221388413006965,0.1622138841300803,0.1622138841300862,0.16221388413007598,0.16221388413006965,0.16221388413007598,0.1622138841300862,0.1622138841300955,0.1622138841300862,0.1622138841300803,0.1622138841300862,0.1622138841300955,0.16070106723518793,0.1607010672351595,0.16070106723514127,0.1607010672351595,0.16070106723518793,0.1607010672351595,0.16070106723512817,0.1607010672351075,0.16070106723512817,0.1607010672351595,0.16070106723514127,0.1607010672351075,0.1607010672350853,0.1607010672351075,0.16070106723514127,0.1607010672351595,0.16070106723512817,0.1607010672351075,0.16070106723512817,0.1607010672351595,0.16070106723518793,0.1607010672351595,0.16070106723514127,0.1607010672351595,0.16070106723518793,0.1592184516042088,0.15921845160412434,0.15921845160406903,0.15921845160412434,0.1592184516042088,0.15921845160412434,0.15921845160402637,0.1592184516039604,0.15921845160402637,0.15921845160412434,0.15921845160406903,0.1592184516039604,0.1592184516038868,0.1592184516039604,0.15921845160406903,0.15921845160412434,0.15921845160402637,0.1592184516039604,0.15921845160402637,0.15921845160412434,0.1592184516042088,0.15921845160412434,0.15921845160406903,0.15921845160412434,0.1592184516042088,0.15776544638204307,0.15776544638179665,0.15776544638163087,0.15776544638179665,0.15776544638204307,0.15776544638179665,0.15776544638149517,0.1577654463812833,0.15776544638149517,0.15776544638179665,0.15776544638163087,0.1577654463812833,0.1577654463810332,0.1577654463812833,0.15776544638163087,0.15776544638179665,0.15776544638149517,0.1577654463812833,0.15776544638149517,0.15776544638179665,0.15776544638204307,0.15776544638179665,0.15776544638163087,0.15776544638179665,0.15776544638204307,0.1563414626979081,0.1563414626972143,0.15634146269672436,0.1563414626972143,0.1563414626979081,0.1563414626972143,0.1563414626963005,0.15634146269560564,0.1563414626963005,0.1563414626972143,0.15634146269672436,0.15634146269560564,0.1563414626947048,0.15634146269560564,0.15634146269672436,0.1563414626972143,0.1563414626963005,0.15634146269560564,0.1563414626963005,0.1563414626972143,0.1563414626979081,0.1563414626972143,0.15634146269672436,0.1563414626972143,0.1563414626979081,0.15494591475279074,0.15494591475093958,0.1549459147495274,0.15494591475093958,0.15494591475279074,0.15494591475093958,0.15494591474823632,0.15494591474590358,0.15494591474823632,0.15494591475093958,0.1549459147495274,0.15494591474590358,0.15494591474238553,0.15494591474590358,0.1549459147495274,0.15494591475093958,0.15494591474823632,0.15494591474590358,0.15494591474823632,0.15494591475093958,0.15494591475279074,0.15494591475093958,0.1549459147495274,0.15494591475093958,0.15494591475279074,0.15357822078984124,0.15357822078532268,0.15357822078145464,0.15357822078532268,0.15357822078984124,0.15357822078532268,0.153578220777726,0.1535782207697776,0.153578220777726,0.15357822078532268,0.15357822078145464,0.1535782207697776,0.15357822075448202,0.1535782207697776,0.15357822078145464,0.15357822078532268,0.153578220777726,0.1535782207697776,0.153578220777726,0.15357822078532268,0.15357822078984124,0.15357822078532268,0.15357822078145464,0.15357822078532268,0.15357822078984124,0.1522378039571554,0.15223780394775888,0.15223780393828007,0.15223780394775888,0.1522378039571554,0.15223780394775888,0.15223780392867903,0.15223780390229785,0.15223780392867903,0.15223780394775888,0.15223780393828007,0.15223780390229785,0.1522378038270991,0.15223780390229785,0.15223780393828007,0.15223780394775888,0.15223780392867903,0.15223780390229785,0.15223780392867903,0.15223780394775888,0.1522378039571554,0.15223780394775888,0.15223780393828007,0.15223780394775888,0.1522378039571554,0.15092409307057894,0.1509240930566063,0.15092409303921153,0.1509240930566063,0.15092409307057894,0.1509240930566063,0.15092409302109264,0.1509240929476135,0.15092409302109264,0.1509240930566063,0.15092409303921153,0.1509240929476135,0.1509240925299889,0.1509240929476135,0.15092409303921153,0.1509240930566063,0.15092409302109264,0.1509240929476135,0.15092409302109264,0.1509240930566063,0.15092409307057894,0.1509240930566063,0.15092409303921153,0.1509240930566063,0.15092409307057894,0.14963652327816085,0.14963652327091384,0.14963652326397864,0.14963652327091384,0.14963652327816085,0.14963652327091384,0.14963652325700294,0.14963652324049875,0.14963652325700294,0.14963652327091384,0.14963652326397864,0.14963652324049875,0.14963652321544327,0.14963652324049875,0.14963652326397864,0.14963652327091384,0.14963652325700294,0.14963652324049875,0.14963652325700294,0.14963652327091384,0.14963652327816085,0.14963652327091384,0.14963652326397864,0.14963652327091384,0.14963652327816085,0.14837453662280237,0.14837453662144634,0.148374536620988,0.14837453662144634,0.14837453662280237,0.14837453662144634,0.14837453662073427,0.1483745366241071,0.14837453662073427,0.14837453662144634,0.148374536620988,0.1483745366241071,0.14837453665667938,0.1483745366241071,0.148374536620988,0.14837453662144634,0.14837453662073427,0.1483745366241071,0.14837453662073427,0.14837453662144634,0.14837453662280237,0.14837453662144634,0.148374536620988,0.14837453662144634,0.14837453662280237,0.14713758257538248,0.14713758257700088,0.14713758257912826,0.14713758257700088,0.14713758257538248,0.14713758257700088,0.14713758258141404,0.14713758258991086,0.14713758258141404,0.14713758257700088,0.14713758257912826,0.14713758258991086,0.14713758262944962,0.14713758258991086,0.14713758257912826,0.14713758257700088,0.14713758258141404,0.14713758258991086,0.14713758258141404,0.14713758257700088,0.14713758257538248,0.14713758257700088,0.14713758257912826,0.14713758257700088,0.14713758257538248,0.14592511847691372,0.14592511847980674,0.1459251184828956,0.14592511847980674,0.14592511847691372,0.14592511847980674,0.14592511848606196,0.14592511849600628,0.14592511848606196,0.14592511847980674,0.1459251184828956,0.14592511849600628,0.14592511853688303,0.14592511849600628,0.1459251184828956,0.14592511847980674,0.14592511848606196,0.14592511849600628,0.14592511848606196,0.14592511847980674,0.14592511847691372,0.14592511847980674,0.1459251184828956,0.14592511847980674,0.14592511847691372,0.1447366099095583,0.14473660991305784,0.14473660991662532,0.14473660991305784,0.1447366099095583,0.14473660991305784,0.14473660992022538,0.14473660993112705,0.14473660992022538,0.14473660991305784,0.14473660991662532,0.14473660993112705,0.14473660997485335,0.14473660993112705,0.14473660991662532,0.14473660991305784,0.14473660992022538,0.14473660993112705,0.14473660992022538,0.14473660991305784,0.1447366099095583,0.14473660991305784,0.14473660991662532,0.14473660991305784,0.1447366099095583,0.14357153100930783,0.1435715310131805,0.14357153101709896,0.1435715310131805,0.14357153100930783,0.1435715310131805,0.14357153102103679,0.14357153103295756,0.14357153102103679,0.1435715310131805,0.14357153101709896,0.14357153103295756,0.14357153108098156,0.14357153103295756,0.14357153101709896,0.1435715310131805,0.14357153102103679,0.14357153103295756,0.14357153102103679,0.1435715310131805,0.14357153100930783,0.1435715310131805,0.14357153101709896,0.1435715310131805,0.14357153100930783,0.14242936472647877,0.14242936473057022,0.14242936473472412,0.14242936473057022,0.14242936472647877,0.14242936473057022,0.14242936473889542,0.1424293647516486,0.14242936473889542,0.14242936473057022,0.14242936473472412,0.1424293647516486,0.1424293648036202,0.1424293647516486,0.14242936473472412,0.14242936473057022,0.14242936473889542,0.1424293647516486,0.14242936473889542,0.14242936473057022,0.14242936472647877,0.14242936473057022,0.14242936473472412,0.14242936473057022,0.14242936472647877,0.1413096030384329,0.1413096030425368,0.14130960304669582,0.1413096030425368,0.1413096030384329,0.1413096030425368,0.14130960305085913,0.14130960306374468,0.14130960305085913,0.1413096030425368,0.14130960304669582,0.14130960306374468,0.14130960311763335,0.14130960306374468,0.14130960304669582,0.1413096030425368,0.14130960305085913,0.14130960306374468,0.14130960305085913,0.1413096030425368,0.1413096030384329,0.1413096030425368,0.14130960304669582,0.1413096030425368,0.1413096030384329,0.1402117471185984,0.14021174712254297,0.14021174712634482,0.14021174712254297,0.1402117471185984,0.14021174712254297,0.14021174713009363,0.1402117471411072,0.14021174713009363,0.14021174712254297,0.14021174712634482,0.1402117471411072,0.14021174718606935,0.1402117471411072,0.14021174712634482,0.14021174712254297,0.14021174713009363,0.1402117471411072,0.14021174713009363,0.14021174712254297,0.1402117471185984,0.14021174712254297,0.14021174712634482,0.14021174712254297,0.1402117471185984,0.13913530746553351,0.13913530746981612,0.1391353074735161,0.13913530746981612,0.13913530746553351,0.13913530746981612,0.1391353074770891,0.13913530748493178,0.1391353074770891,0.13913530746981612,0.1391353074735161,0.13913530748493178,0.1391353075014861,0.13913530748493178,0.1391353074735161,0.13913530746981612,0.1391353074770891,0.13913530748493178,0.1391353074770891,0.13913530746981612,0.13913530746553351,0.13913530746981612,0.1391353074735161,0.13913530746981612,0.13913530746553351,0.13807980399475467,0.1380798040013185,0.13807980400767952,0.1380798040013185,0.13807980399475467,0.1380798040013185,0.13807980401404632,0.13807980403074877,0.13807980401404632,0.1380798040013185,0.13807980400767952,0.13807980403074877,0.13807980407603854,0.13807980403074877,0.13807980400767952,0.1380798040013185,0.13807980401404632,0.13807980403074877,0.13807980401404632,0.1380798040013185,0.13807980399475467,0.1380798040013185,0.13807980400767952,0.1380798040013185,0.13807980399475467,0.13704476609658553,0.1370447661060841,0.13704476611739144,0.1370447661060841,0.13704476609658553,0.1370447661060841,0.13704476612906508,0.13704476617449463,0.13704476612906508,0.1370447661060841,0.13704476611739144,0.13704476617449463,0.13704476642436117,0.13704476617449463,0.13704476611739144,0.1370447661060841,0.13704476612906508,0.13704476617449463,0.13704476612906508,0.1370447661060841,0.13704476609658553,0.1370447661060841,0.13704476611739144,0.1370447661060841,0.13704476609658553,0.13602973267052465,0.13602973267702242,0.13602973268333468,0.13602973267702242,0.13602973267052465,0.13602973267702242,0.13602973268964574,0.13602973270639948,0.13602973268964574,0.13602973267702242,0.13602973268333468,0.13602973270639948,0.1360297327526514,0.13602973270639948,0.13602973268333468,0.13602973267702242,0.13602973268964574,0.13602973270639948,0.13602973268964574,0.13602973267702242,0.13602973267052465,0.13602973267702242,0.13602973268333468,0.13602973267702242,0.13602973267052465,0.13503425214450193,0.13503425214854342,0.13503425215186696,0.13503425214854342,0.13503425214450193,0.13503425214854342,0.13503425215501275,0.13503425216139842,0.13503425215501275,0.13503425214854342,0.13503425215186696,0.13503425216139842,0.1350342521729678,0.13503425216139842,0.13503425215186696,0.13503425214854342,0.13503425215501275,0.13503425216139842,0.13503425215501275,0.13503425214854342,0.13503425214450193,0.13503425214854342,0.13503425215186696,0.13503425214854342,0.13503425214450193
0.16533248763242883,0.16533248763242742,0.16533248763242672,0.16533248763242742,0.16533248763242883,0.16533248763242742,0.16533248763242625,0.1653324876324253,0.16533248763242625,0.16533248763242742,0.16533248763242672,0.1653324876324253,0.16533248763242436,0.1653324876324253,0.16533248763242672,0.16533248763242742,0.16533248763242625,0.1653324876324253,0.16533248763242625,0.16533248763242742,0.16533248763242883,0.16533248763242742,0.16533248763242672,0.16533248763242742,0.16533248763242883,0.16375749391670183,0.1637574939166986,0.16375749391669675,0.1637574939166986,0.16375749391670183,0.1637574939166986,0.16375749391669536,0.16375749391669328,0.16375749391669536,0.1637574939166986,0.16375749391669675,0.16375749391669328,0.1637574939166912,0.16375749391669328,0.16375749391669675,0.1637574939166986,0.16375749391669536,0.16375749391669328,0.16375749391669536,0.1637574939166986,0.16375749391670183,0.1637574939166986,0.16375749391669675,0.1637574939166986,0.16375749391670183,0.1622138841328369,0.16221388413282764,0.16221388413282195,0.16221388413282764,0.1622138841328369,0.16221388413282764,0.1622138841328179,0.16221388413281151,0.1622138841328179,0.16221388413282764,0.16221388413282195,0.16221388413281151,0.16221388413280474,0.16221388413281151,0.16221388413282195,0.16221388413282764,0.1622138841328179,0.16221388413281151,0.1622138841328179,0.16221388413282764,0.1622138841328369,0.16221388413282764,0.16221388413282195,0.16221388413282764,0.1622138841328369,0.160701067237888,0.16070106723785998,0.160701067237842,0.16070106723785998,0.160701067237888,0.16070106723785998,0.1607010672378289,0.16070106723780866,0.1607010672378289,0.16070106723785998,0.160701067237842,0.16070106723780866,0.1607010672377867,0.16070106723780866,0.160701067237842,0.16070106723785998,0.1607010672378289,0.16070106723780866,0.1607010672378289,0.16070106723785998,0.160701067237888,0.16070106723785998,0.160701067237842,0.16070106723785998,0.160701067237888,0.15921845160687237,0.15921845160678855,0.15921845160673387,0.15921845160678855,0.15921845160687237,0.15921845160678855,0.15921845160669185,0.15921845160662654,0.15921845160669185,0.15921845160678855,0.15921845160673387,0.15921845160662654,0.15921845160655362,0.15921845160662654,0.15921845160673387,0.15921845160678855,0.15921845160669185,0.15921845160662654,0.15921845160669185,0.15921845160678855,0.15921845160687237,0.15921845160678855,0.15921845160673387,0.15921845160678855,0.15921845160687237,0.1577654463846737,0.15776544638442916,0.1577654463842651,0.15776544638442916,0.1577654463846737,0.15776544638442916,0.15776544638413065,0.1577654463839207,0.15776544638413065,0.15776544638442916,0.1577654463842651,0.1577654463839207,0.15776544638367257,0.1577654463839207,0.1577654463842651,0.15776544638442916,0.15776544638413065,0.1577654463839207,0.15776544638413065,0.15776544638442916,0.1577654463846737,0.15776544638442916,0.1577654463842651,0.15776544638442916,0.1577654463846737,0.15634146270050606,0.1563414626998183,0.15634146269933252,0.1563414626998183,0.15634146270050606,0.1563414626998183,0.15634146269891225,0.15634146269822344,0.15634146269891225,0.1563414626998183,0.15634146269933252,0.15634146269822344,0.15634146269733035,0.15634146269822344,0.15634146269933252,0.1563414626998183,0.15634146269891225,0.15634146269822344,0.15634146269891225,0.1563414626998183,0.15634146270050606,0.1563414626998183,0.15634146269933252,0.1563414626998183,0.15634146270050606,0.1549459147553487,0.1549459147535131,0.15494591475211303,0.1549459147535131,0.1549459147553487,0.1549459147535131,0.15494591475083302,0.15494591474852035,0.15494591475083302,0.1549459147535131,0.15494591475211303,0.15494591474852035,0.15494591474503303,0.15494591474852035,0.15494591475211303,0.1549459147535131,0.15494591475083302,0.15494591474852035,0.15494591475083302,0.1549459147535131,0.1549459147553487,0.1549459147535131,0.15494591475211303,0.1549459147535131,0.1549459147553487,0.15357822079233108,0.1535782207878505,0.153578220784015,0.1535782207878505,0.15357822079233108,0.1535782207878505,0.15357822078031808,0.15357822077243838,0.15357822078031808,0.1535782207878505,0.153578220784015,0.15357822077243838,0.15357822075727673,0.15357822077243838,0.153578220784015,0.1535782207878505,0.15357822078031808,0.15357822077243838,0.15357822078031808,0.1535782207878505,0.15357822079233108,0.1535782207878505,0.153578220784015,0.1535782207878505,0.15357822079233108,0.1522378039595023,0.15223780395018274,0.15223780394078346,0.15223780395018274,0.1522378039595023,0.15223780395018274,0.15223780393126274,0.1522378039051091,0.15223780393126274,0.15223780395018274,0.15223780394078346,0.1522378039051091,0.1522378038305731,0.1522378039051091,0.15223780394078346,0.15223780395018274,0.15223780393126274,0.1522378039051091,0.15223780393126274,0.15223780395018274,0.1522378039595023,0.15223780395018274,0.15223780394078346,0.15223780395018274,0.1522378039595023,0.15092409307262544,0.15092409305876087,0.15092409304150647,0.15092409305876087,0.15092409307262544,0.15092409305876087,0.15092409302353443,0.15092409295067977,0.15092409302353443,0.15092409305876087,0.15092409304150647,0.15092409295067977,0.15092409253676947,0.15092409295067977,0.15092409304150647,0.15092409305876087,0.15092409302353443,0.15092409295067977,0.15092409302353443,0.15092409305876087,0.15092409307262544,0.15092409305876087,0.15092409304150647,0.15092409305876087,0.15092409307262544,0.14963652327968147,0.14963652327246774,0.1496365232655575,0.14963652327246774,0.14963652327968147,0.14963652327246774,0.14963652325860602,0.14963652324210616,0.14963652325860602,0.14963652327246774,0.1496365232655575,0.14963652324210616,0.1496365232165184,0.14963652324210616,0.1496365232655575,0.14963652327246774,0.14963652325860602,0.14963652324210616,0.14963652325860602,0.14963652327246774,0.14963652327968147,0.14963652327246774,0.1496365232655575,0.14963652327246774,0.14963652327968147,0.14837453662372235,0.14837453662235056,0.14837453662186498,0.14837453662235056,0.14837453662372235,0.14837453662235056,0.14837453662158107,0.14837453662481284,0.14837453662158107,0.14837453662235056,0.14837453662186498,0.14837453662481284,0.1483745366565932,0.14837453662481284,0.14837453662186498,0.14837453662235056,0.14837453662158107,0.14837453662481284,0.14837453662158107,0.14837453662235056,0.14837453662372235,0.14837453662235056,0.14837453662186498,0.14837453662235056,0.14837453662372235,0.14713758257572615,0.14713758257731893,0.14713758257941473,0.14713758257731893,0.14713758257572615,0.14713758257731893,0.14713758258166706,0.14713758259004672,0.14713758258166706,0.14713758257731893,0.14713758257941473,0.14713758259004672,0.1471375826290756,0.14713758259004672,0.14713758257941473,0.14713758257731893,0.14713758258166706,0.14713758259004672,0.14713758258166706,0.14713758257731893,0.14713758257572615,0.14713758257731893,0.14713758257941473,0.14713758257731893,0.14713758257572615,0.1459251184767264,0.14592511847960285,0.14592511848267375,0.14592511847960285,0.1459251184767264,0.14592511847960285,0.14592511848582138,0.14592511849570766,0.14592511848582138,0.14592511847960285,0.14592511848267375,0.14592511849570766,0.14592511853635295,0.14592511849570766,0.14592511848267375,0.14592511847960285,0.14592511848582138,0.14592511849570766,0.14592511848582138,0.14592511847960285,0.1459251184767264,0.14592511847960285,0.14592511848267375,0.14592511847960285,0.1459251184767264,0.14473660990886517,0.14473660991236226,0.144736609915928,0.14473660991236226,0.14473660990886517,0.14473660991236226,0.14473660991952667,0.14473660993042872,0.14473660991952667,0.14473660991236226,0.144736609915928,0.14473660993042872,0.14473660997420004,0.14473660993042872,0.144736609915928,0.14473660991236226,0.14473660991952667,0.14473660993042872,0.14473660991952667,0.14473660991236226,0.14473660990886517,0.14473660991236226,0.144736609915928,0.14473660991236226,0.14473660990886517,0.14357153100810408,0.1435715310119856,0.14357153101591505,0.1435715310119856,0.14357153100810408,0.1435715310119856,0.14357153101986417,0.14357153103182596,0.14357153101986417,0.1435715310119856,0.14357153101591505,0.14357153103182596,0.1435715310800343,0.14357153103182596,0.14357153101591505,0.1435715310119856,0.14357153101986417,0.14357153103182596,0.14357153101986417,0.1435715310119856,0.14357153100810408,0.1435715310119856,0.14357153101591505,0.1435715310119856,0.14357153100810408,0.14242936472473514,0.1424293647288402,0.14242936473301052,0.1424293647288402,0.14242936472473514,0.1424293647288402,0.14242936473719894,0.1424293647500122,0.14242936473719894,0.1424293647288402,0.14242936473301052,0.1424293647500122,0.14242936480226678,0.1424293647500122,0.14242936473301052,0.1424293647288402,0.14242936473719894,0.1424293647500122,0.14242936473719894,0.1424293647288402,0.14242936472473514,0.1424293647288402,0.14242936473301052,0.1424293647288402,0.14242936472473514,0.141309603036108,0.1413096030402218,0.1413096030443943,0.1413096030402218,0.141309603036108,0.1413096030402218,0.14130960304857207,0.14130960306151355,0.14130960304857207,0.1413096030402218,0.1413096030443943,0.14130960306151355,0.14130960311567903,0.14130960306151355,0.1413096030443943,0.1413096030402218,0.14130960304857207,0.14130960306151355,0.14130960304857207,0.1413096030402218,0.141309603036108,0.1413096030402218,0.1413096030443943,0.1413096030402218,0.141309603036108,0.14021174711565731,0.14021174711959608,0.14021174712339585,0.14021174711959608,0.14021174711565731,0.14021174711959608,0.14021174712714368,0.14021174713816434,0.14021174712714368,0.14021174711959608,0.14021174712339585,0.14021174713816434,0.1402117471831752,0.14021174713816434,0.14021174712339585,0.14021174711959608,0.14021174712714368,0.14021174713816434,0.14021174712714368,0.14021174711959608,0.14021174711565731,0.14021174711959608,0.14021174712339585,0.14021174711959608,0.14021174711565731,0.13913530746197156,0.13913530746622066,0.1391353074698925,0.13913530746622066,0.13913530746197156,0.13913530746622066,0.13913530747343833,0.13913530748122485,0.13913530747343833,0.13913530746622066,0.1391353074698925,0.13913530748122485,0.13913530749767558,0.13913530748122485,0.1391353074698925,0.13913530746622066,0.13913530747343833,0.13913530748122485,0.13913530747343833,0.13913530746622066,0.13913530746197156,0.13913530746622066,0.1391353074698925,0.13913530746622066,0.13913530746197156,0.13807980399062406,0.13807980399710834,0.13807980400339048,0.13807980399710834,0.13807980399062406,0.13807980399710834,0.13807980400967756,0.13807980402616496,0.13807980400967756,0.13807980399710834,0.13807980400339048,0.13807980402616496,0.1380798040708561,0.13807980402616496,0.13807980400339048,0.13807980399710834,0.13807980400967756,0.13807980402616496,0.13807980400967756,0.13807980399710834,0.13807980399062406,0.13807980399710834,0.13807980400339048,0.13807980399710834,0.13807980399062406,0.13704476609203287,0.13704476610140476,0.13704476611255914,0.13704476610140476,0.13704476609203287,0.13704476610140476,0.13704476612407437,0.13704476616888178,0.13704476612407437,0.13704476610140476,0.13704476611255914,0.13704476616888178,0.13704476641531826,0.13704476616888178,0.13704476611255914,0.13704476610140476,0.13704476612407437,0.13704476616888178,0.13704476612407437,0.13704476610140476,0.13704476609203287,0.13704476610140476,0.13704476611255914,0.13704476610140476,0.13704476609203287,0.13602973266579485,0.1360297326722045,0.13602973267843071,0.1360297326722045,0.13602973266579485,0.1360297326722045,0.13602973268465576,0.13602973270117957,0.13602973268465576,0.1360297326722045,0.13602973267843071,0.13602973270117957,0.13602973274679508,0.13602973270117974,0.13602973267843088,0.1360297326722045,0.13602973268465576,0.13602973270117974,0.13602973268465576,0.1360297326722045,0.13602973266579485,0.1360297326722045,0.13602973267843088,0.1360297326722045,0.13602973266579485,0.13503425213976233,0.1350342521437488,0.13503425214702688,0.1350342521437488,0.13503425213976233,0.1350342521437488,0.1350342521501295,0.13503425215642775,0.1350342521501295,0.1350342521437488,0.13503425214702688,0.13503425215642775,0.13503425216783801,0.13503425215642775,0.13503425214702688,0.1350342521437488,0.1350342521501295,0.13503425215642775,0.1350342521501295,0.1350342521437488,0.13503425213976233,0.1350342521437488,0.13503425214702688,0.1350342521437488,0.13503425213976233
0.1653324876357166,0.16533248763571542,0.1653324876357145,0.16533248763571542,0.1653324876357166,0.16533248763571542,0.16533248763571404,0.16533248763571332,0.16533248763571404,0.16533248763571542,0.1653324876357145,0.16533248763571332,0.16533248763571237,0.16533248763571332,0.1653324876357145,0.16533248763571542,0.16533248763571404,0.16533248763571332,0.16533248763571404,0.16533248763571542,0.1653324876357166,0.16533248763571542,0.1653324876357145,0.16533248763571542,0.1653324876357166,0.16375749391992714,0.16375749391992414,0.1637574939199223,0.16375749391992414,0.16375749391992714,0.16375749391992414,0.16375749391992092,0.16375749391991884,0.16375749391992092,0.16375749391992414,0.1637574939199223,0.16375749391991884,0.16375749391991673,0.16375749391991884,0.1637574939199223,0.16375749391992414,0.16375749391992092,0.16375749391991884,0.16375749391992092,0.16375749391992414,0.16375749391992714,0.16375749391992414,0.1637574939199223,0.16375749391992414,0.16375749391992714,0.1622138841360036,0.16221388413599452,0.16221388413598864,0.16221388413599452,0.1622138841360036,0.16221388413599452,0.16221388413598478,0.16221388413597845,0.16221388413598478,0.16221388413599452,0.16221388413598864,0.16221388413597845,0.16221388413597185,0.16221388413597845,0.16221388413598864,0.16221388413599452,0.16221388413598478,0.16221388413597845,0.16221388413598478,0.16221388413599452,0.1622138841360036,0.16221388413599452,0.16221388413598864,0.16221388413599452,0.1622138841360036,0.16070106724099947,0.1607010672409717,0.1607010672409539,0.1607010672409717,0.16070106724099947,0.1607010672409717,0.16070106724094083,0.16070106724092104,0.16070106724094083,0.1607010672409717,0.1607010672409539,0.16070106724092104,0.16070106724089928,0.16070106724092104,0.1607010672409539,0.1607010672409717,0.16070106724094083,0.16070106724092104,0.16070106724094083,0.1607010672409717,0.16070106724099947,0.1607010672409717,0.1607010672409539,0.1607010672409717,0.16070106724099947,0.15921845160993148,0.15921845160984854,0.15921845160979434,0.15921845160984854,0.15921845160993148,0.15921845160984854,0.15921845160975295,0.1592184516096883,0.15921845160975295,0.15921845160984854,0.15921845160979434,0.1592184516096883,0.159218451609616,0.1592184516096883,0.15921845160979434,0.15921845160984854,0.15921845160975295,0.1592184516096883,0.15921845160975295,0.15921845160984854,0.15921845160993148,0.15921845160984854,0.15921845160979434,0.15921845160984854,0.15921845160993148,0.1577654463876822,0.15776544638744044,0.15776544638727785,0.15776544638744044,0.1577654463876822,0.15776544638744044,0.15776544638714493,0.1577654463869369,0.15776544638714493,0.15776544638744044,0.15776544638727785,0.1577654463869369,0.1577654463866913,0.1577654463869369,0.15776544638727785,0.15776544638744044,0.15776544638714493,0.1577654463869369,0.15776544638714493,0.15776544638744044,0.1577654463876822,0.15776544638744044,0.15776544638727785,0.15776544638744044,0.1577654463876822,0.15634146270346305,0.15634146270278176,0.15634146270230084,0.15634146270278176,0.15634146270346305,0.15634146270278176,0.1563414627018847,0.1563414627012028,0.15634146270188493,0.15634146270278176,0.15634146270230084,0.1563414627012028,0.1563414627003187,0.1563414627012028,0.15634146270230084,0.15634146270278176,0.15634146270188493,0.1563414627012028,0.15634146270188493,0.15634146270278176,0.15634146270346305,0.15634146270278176,0.15634146270230084,0.15634146270278176,0.15634146270346305,0.15494591475824335,0.1549459147564256,0.15494591475503902,0.1549459147564256,0.15494591475824335,0.1549459147564256,0.15494591475377173,0.15494591475148184,0.15494591475377173,0.1549459147564256,0.15494591475503902,0.15494591475148184,0.15494591474802935,0.15494591475148184,0.15494591475503902,0.1549459147564256,0.15494591475377173,0.15494591475148184,0.15494591475377173,0.1549459147564256,0.15494591475824335,0.1549459147564256,0.15494591475503902,0.1549459147564256,0.15494591475824335,0.15357822079512984,0.15357822079069203,0.15357822078689387,0.15357822079069203,0.15357822079512984,0.15357822079069203,0.15357822078323288,0.15357822077543115,0.15357822078323288,0.15357822079069203,0.15357822078689387,0.15357822077543115,0.15357822076042194,0.15357822077543115,0.15357822078689387,0.15357822079069203,0.15357822078323288,0.15357822077543115,0.15357822078323288,0.15357822079069203,0.15357822079512984,0.15357822079069203,0.15357822078689387,0.15357822079069203,0.15357822079512984,0.1522378039621183,0.15223780395288614,0.15223780394357703,0.15223780395288614,0.1522378039621183,0.15223780395288614,0.15223780393414804,0.1522378039082528,0.15223780393414804,0.15223780395288614,0.15223780394357703,0.1522378039082528,0.1522378038344711,0.1522378039082528,0.15223780394357703,0.15223780395288614,0.15223780393414804,0.1522378039082528,0.15223780393414804,0.15223780395288614,0.1522378039621183,0.15223780395288614,0.15223780394357703,0.15223780395288614,0.1522378039621183,0.15092409307487797,0.15092409306113608,0.15092409304404086,0.15092409306113608,0.15092409307487797,0.15092409306113608,0.15092409302623572,0.15092409295409118,0.15092409302623572,0.15092409306113608,0.15092409304404086,0.15092409295409118,0.1509240925443751,0.15092409295409118,0.15092409304404086,0.15092409306113608,0.15092409302623572,0.15092409295409118,0.15092409302623572,0.15092409306113608,0.15092409307487797,0.15092409306113608,0.15092409304404086,0.15092409306113608,0.15092409307487797,0.14963652328131422,0.14963652327413696,0.14963652326725393,0.14963652327413696,0.14963652328131422,0.14963652327413696,0.14963652326032853,0.14963652324382964,0.14963652326032853,0.14963652327413696,0.14963652326725393,0.14963652324382964,0.14963652321765725,0.14963652324382964,0.14963652326725393,0.14963652327413696,0.14963652326032853,0.14963652324382964,0.14963652326032853,0.14963652327413696,0.14963652328131422,0.14963652327413696,0.14963652326725393,0.14963652327413696,0.14963652328131422,0.14837453662465233,0.14837453662326053,0.14837453662274142,0.14837453662326053,0.14837453662465233,0.14837453662326053,0.14837453662242062,0.14837453662548464,0.14837453662242062,0.14837453662326053,0.14837453662274142,0.14837453662548464,0.14837453665635378,0.14837453662548464,0.14837453662274142,0.14837453662326053,0.14837453662242062,0.14837453662548464,0.14837453662242062,0.14837453662326053,0.14837453662465233,0.14837453662326053,0.14837453662274142,0.14837453662326053,0.14837453662465233,0.14713758257598578,0.14713758257754583,0.14713758257960238,0.14713758257754583,0.14713758257598578,0.14713758257754583,0.1471375825818135,0.14713758259004947,0.1471375825818135,0.14713758257754583,0.14713758257960238,0.14713758259004947,0.14713758262845195,0.14713758259004947,0.14713758257960238,0.14713758257754583,0.1471375825818135,0.14713758259004947,0.1471375825818135,0.14713758257754583,0.14713758257598578,0.14713758257754583,0.14713758257960238,0.14713758257754583,0.14713758257598578,0.14592511847637366,0.1459251184792268,0.14592511848227274,0.1459251184792268,0.14592511847637366,0.1459251184792268,0.1459251184853949,0.14592511849520218,0.1459251184853949,0.1459251184792268,0.14592511848227274,0.14592511849520218,0.1459251185355139,0.14592511849520218,0.14592511848227274,0.1459251184792268,0.1459251184853949,0.14592511849520218,0.1459251184853949,0.1459251184792268,0.14592511847637366,0.1459251184792268,0.14592511848227274,0.1459251184792268,0.14592511847637366,0.14473660990793846,0.14473660991142737,0.14473660991498594,0.14473660991142737,0.14473660990793846,0.14473660991142737,0.14473660991857765,0.14473660992946344,0.14473660991857765,0.14473660991142737,0.14473660991498594,0.14473660992946344,0.1447366099731899,0.14473660992946344,0.14473660991498594,0.14473660991142737,0.14473660991857765,0.14473660992946344,0.14473660991857765,0.14473660991142737,0.14473660990793846,0.14473660991142737,0.14473660991498594,0.14473660991142737,0.14473660990793846,0.1435715310066106,0.14357153101049622,0.14357153101443168,0.14357153101049622,0.1435715310066106,0.14357153101049622,0.14357153101838746,0.14357153103037698,0.14357153101838746,0.14357153101049622,0.14357153101443168,0.14357153103037698,0.14357153107873452,0.14357153103037698,0.14357153101443168,0.14357153101049622,0.14357153101838746,0.14357153103037698,0.14357153101838746,0.14357153101049622,0.1435715310066106,0.14357153101049622,0.14357153101443168,0.14357153101049622,0.1435715310066106,0.14242936472265535,0.14242936472677015,0.14242936473095272,0.14242936472677015,0.14242936472265535,0.14242936472677015,0.14242936473515422,0.14242936474801493,0.14242936473515422,0.14242936472677015,0.14242936473095272,0.14242936474801493,0.1424293648004782,0.14242936474801493,0.14242936473095272,0.14242936472677015,0.14242936473515422,0.14242936474801493,0.14242936473515422,0.14242936472677015,0.14242936472265535,0.14242936472677015,0.14242936473095272,0.14242936472677015,0.14242936472265535,0.14130960303341045,0.14130960303753082,0.141309603041713,0.14130960303753082,0.14130960303341045,0.14130960303753082,0.14130960304590162,0.14130960305888768,0.14130960304590162,0.14130960303753082,0.141309603041713,0.14130960305888768,0.14130960311327587,0.14130960305888768,0.141309603041713,0.14130960303753082,0.14130960304590162,0.14130960305888768,0.14130960304590162,0.14130960303753082,0.14130960303341045,0.14130960303753082,0.141309603041713,0.14130960303753082,0.14130960303341045,0.14021174711231552,0.1402117471162459,0.14021174712004067,0.1402117471162459,0.14021174711231552,0.1402117471162459,0.14021174712378479,0.140211747134804,0.14021174712378479,0.1402117471162459,0.14021174712004067,0.140211747134804,0.14021174717982388,0.140211747134804,0.14021174712004067,0.1402117471162459,0.14021174712378479,0.140211747134804,0.14021174712378479,0.1402117471162459,0.14021174711231552,0.1402117471162459,0.14021174712004067,0.1402117471162459,0.14021174711231552,0.13913530745798872,0.13913530746220254,0.13913530746584435,0.13913530746220254,0.13913530745798872,0.13913530746220254,0.13913530746936154,0.1391353074770888,0.13913530746936154,0.13913530746220254,0.13913530746584435,0.1391353074770888,0.13913530749342728,0.1391353074770888,0.13913530746584435,0.13913530746220254,0.13913530746936154,0.1391353074770888,0.13913530746936154,0.13913530746220254,0.13913530745798872,0.13913530746220254,0.13913530746584435,0.13913530746220254,0.13913530745798872,0.1380798039860584,0.1380798039924616,0.13807980399866326,0.1380798039924616,0.1380798039860584,0.1380798039924616,0.13807980400486897,0.1380798040211382,0.13807980400486897,0.1380798039924616,0.13807980399866326,0.1380798040211382,0.13807980406522222,0.1380798040211382,0.13807980399866326,0.1380798039924616,0.13807980400486897,0.1380798040211382,0.13807980400486897,0.1380798039924616,0.1380798039860584,0.1380798039924616,0.13807980399866326,0.1380798039924616,0.1380798039860584,0.13704476608703636,0.13704476609627975,0.13704476610727942,0.13704476609627975,0.13704476608703636,0.13704476609627975,0.13704476611863436,0.13704476616281205,0.13704476611863436,0.13704476609627975,0.13704476610727942,0.13704476616281205,0.13704476640576377,0.13704476616281205,0.13704476610727942,0.13704476609627975,0.13704476611863436,0.13704476616281205,0.13704476611863436,0.13704476609627975,0.13704476608703636,0.13704476609627975,0.13704476610727942,0.13704476609627975,0.13704476608703636,0.13602973266061907,0.13602973266693952,0.13602973267307886,0.13602973266693952,0.13602973266061907,0.13602973266693952,0.1360297326792165,0.1360297326955079,0.1360297326792165,0.13602973266693952,0.13602973267307886,0.1360297326955079,0.1360297327404794,0.1360297326955079,0.13602973267307886,0.13602973266693952,0.1360297326792165,0.1360297326955079,0.1360297326792165,0.13602973266693952,0.13602973266061907,0.13602973266693952,0.13602973267307886,0.13602973266693952,0.13602973266061907,0.13503425213458006,0.13503425213851067,0.13503425214174303,0.13503425213851067,0.13503425213458006,0.13503425213851067,0.1350342521448019,0.1350342521510115,0.1350342521448019,0.13503425213851067,0.13503425214174303,0.1350342521510115,0.1350342521622609,0.1350342521510115,0.13503425214174303,0.13503425213851067,0.1350342521448019,0.1350342521510115,0.1350342521448019,0.13503425213851067,0.13503425213458006,0.13503425213851067,0.13503425214174303,0.13503425213851067,0.13503425213458006
0.16533248763934022,0.16533248763933903,0.16533248763933833,0.16533248763933903,0.16533248763934022,0.16533248763933903,0.1653324876393376,0.1653324876393369,0.1653324876393376,0.16533248763933903,0.16533248763933833,0.1653324876393369,0.16533248763933597,0.1653324876393369,0.16533248763933833,0.16533248763933903,0.1653324876393376,0.1653324876393369,0.1653324876393376,0.16533248763933903,0.16533248763934022,0.16533248763933903,0.16533248763933833,0.16533248763933903,0.16533248763934022,0.16375749392348113,0.16375749392347788,0.16375749392347605,0.16375749392347788,0.16375749392348113,0.16375749392347788,0.1637574939234749,0.1637574939234728,0.1637574939234749,0.16375749392347788,0.16375749392347605,0.1637574939234728,0.16375749392347075,0.1637574939234728,0.16375749392347605,0.16375749392347788,0.1637574939234749,0.1637574939234728,0.1637574939234749,0.16375749392347788,0.16375749392348113,0.16375749392347788,0.16375749392347605,0.16375749392347788,0.16375749392348113,0.1622138841394908,0.16221388413948173,0.16221388413947607,0.16221388413948173,0.1622138841394908,0.16221388413948173,0.162213884139472,0.16221388413946589,0.162213884139472,0.16221388413948173,0.16221388413947607,0.16221388413946589,0.1622138841394595,0.16221388413946589,0.16221388413947607,0.16221388413948173,0.162213884139472,0.16221388413946589,0.162213884139472,0.16221388413948173,0.1622138841394908,0.16221388413948173,0.16221388413947607,0.16221388413948173,0.1622138841394908,0.16070106724442285,0.16070106724439553,0.16070106724437797,0.16070106724439553,0.16070106724442285,0.16070106724439553,0.1607010672443651,0.16070106724434552,0.1607010672443651,0.16070106724439553,0.16070106724437797,0.16070106724434552,0.1607010672443242,0.16070106724434552,0.16070106724437797,0.16070106724439553,0.1607010672443651,0.16070106724434552,0.1607010672443651,0.16070106724439553,0.16070106724442285,0.16070106724439553,0.16070106724437797,0.16070106724439553,0.16070106724442285,0.15921845161329412,0.15921845161321202,0.15921845161315848,0.15921845161321202,0.15921845161329412,0.15921845161321202,0.15921845161311757,0.15921845161305376,0.15921845161311757,0.15921845161321202,0.15921845161315848,0.15921845161305376,0.15921845161298237,0.15921845161305376,0.15921845161315848,0.15921845161321202,0.15921845161311757,0.15921845161305376,0.15921845161311757,0.15921845161321202,0.15921845161329412,0.15921845161321202,0.15921845161315848,0.15921845161321202,0.15921845161329412,0.15776544639098514,0.15776544639074597,0.1577654463905853,0.15776544639074597,0.15776544639098514,0.15776544639074597,0.15776544639045406,0.15776544639024814,0.15776544639045406,0.15776544639074597,0.1577654463905853,0.15776544639024814,0.15776544639000534,0.15776544639024814,0.1577654463905853,0.15776544639074597,0.15776544639045406,0.15776544639024814,0.15776544639045406,0.15776544639074597,0.15776544639098514,0.15776544639074597,0.1577654463905853,0.15776544639074597,0.15776544639098514,0.15634146270670377,0.15634146270603025,0.15634146270555452,0.15634146270603025,0.15634146270670377,0.15634146270603025,0.1563414627051432,0.15634146270446864,0.1563414627051432,0.15634146270603025,0.15634146270555452,0.15634146270446864,0.15634146270359456,0.15634146270446864,0.15634146270555452,0.15634146270603025,0.1563414627051432,0.15634146270446864,0.1563414627051432,0.15634146270603025,0.15634146270670377,0.15634146270603025,0.15634146270555452,0.15634146270603025,0.15634146270670377,0.15494591476140956,0.15494591475961167,0.1549459147582405,0.15494591475961167,0.15494591476140956,0.15494591475961167,0.1549459147569869,0.15494591475472283,0.1549459147569869,0.15494591475961167,0.1549459147582405,0.15494591475472283,0.15494591475130925,0.15494591475472283,0.1549459147582405,0.15494591475961167,0.1549459147569869,0.15494591475472283,0.1549459147569869,0.15494591475961167,0.15494591476140956,0.15494591475961167,0.1549459147582405,0.15494591475961167,0.15494591476140956,0.15357822079818267,0.15357822079379282,0.15357822079003625,0.15357822079379282,0.15357822079818267,0.15357822079379282,0.15357822078641586,0.15357822077870129,0.15357822078641586,0.15357822079379282,0.15357822079003625,0.15357822077870129,0.1535782207638626,0.15357822077870129,0.15357822079003625,0.15357822079379282,0.15357822078641586,0.15357822077870129,0.15357822078641586,0.15357822079379282,0.15357822079818267,0.15357822079379282,0.15357822079003625,0.15357822079379282,0.15357822079818267,0.15223780396496006,0.15223780395582573,0.1522378039466174,0.15223780395582573,0.15223780396496006,0.15223780395582573,0.15223780393729092,0.1522378039116851,0.15223780393729092,0.15223780395582573,0.1522378039466174,0.1522378039116851,0.15223780383874763,0.1522378039116851,0.1522378039466174,0.15223780395582573,0.15223780393729092,0.1522378039116851,0.15223780393729092,0.15223780395582573,0.15223780396496006,0.15223780395582573,0.1522378039466174,0.15223780395582573,0.15223780396496006,0.15092409307730645,0.15092409306370133,0.150924093046784,0.15092409306370133,0.15092409307730645,0.15092409306370133,0.1509240930291654,0.1509240929578151,0.1509240930291654,0.15092409306370133,0.150924093046784,0.1509240929578151,0.15092409255283215,0.1509240929578151,0.150924093046784,0.15092409306370133,0.1509240930291654,0.1509240929578151,0.1509240930291654,0.15092409306370133,0.15092409307730645,0.15092409306370133,0.150924093046784,0.15092409306370133,0.15092409307730645,0.1496365232830426,0.14963652327590507,0.14963652326905116,0.14963652327590507,0.1496365232830426,0.14963652327590507,0.14963652326215376,0.14963652324565244,0.14963652326215376,0.14963652327590507,0.14963652326905116,0.14963652324565244,0.14963652321877094,0.14963652324565244,0.14963652326905116,0.14963652327590507,0.14963652326215376,0.14963652324565244,0.14963652326215376,0.14963652327590507,0.1496365232830426,0.14963652327590507,0.14963652326905116,0.14963652327590507,0.1496365232830426,0.14837453662558975,0.14837453662417327,0.14837453662361488,0.14837453662417327,0.14837453662558975,0.14837453662417327,0.14837453662325067,0.1483745366261209,0.14837453662325067,0.14837453662417327,0.14837453662361488,0.1483745366261209,0.14837453665590564,0.1483745366261209,0.14837453662361488,0.14837453662417327,0.14837453662325067,0.1483745366261209,0.14837453662325067,0.14837453662417327,0.14837453662558975,0.14837453662417327,0.14837453662361488,0.14837453662417327,0.14837453662558975,0.14713758257617268,0.14713758257769316,0.14713758257970302,0.14713758257769316,0.14713758257617268,0.14713758257769316,0.14713758258186488,0.14713758258993156,0.14713758258186488,0.14713758257769316,0.14713758257970302,0.14713758258993156,0.1471375826275838,0.14713758258993156,0.14713758257970302,0.14713758257769316,0.14713758258186488,0.14713758258993156,0.14713758258186488,0.14713758257769316,0.14713758257617268,0.14713758257769316,0.14713758257970302,0.14713758257769316,0.14713758257617268,0.1459251184758813,0.1459251184787045,0.14592511848171894,0.1459251184787045,0.1459251184758813,0.1459251184787045,0.14592511848480855,0.14592511849451592,0.14592511848480855,0.1459251184787045,0.14592511848171894,0.14592511849451592,0.14592511853444712,0.14592511849451592,0.14592511848171894,0.1459251184787045,0.14592511848480855,0.14592511849451592,0.14592511848480855,0.1459251184787045,0.1459251184758813,0.1459251184787045,0.14592511848171894,0.1459251184787045,0.1459251184758813,0.14473660990681822,0.14473660991029333,0.14473660991383916,0.14473660991029333,0.14473660990681822,0.14473660991029333,0.14473660991741827,0.14473660992827145,0.14473660991741827,0.14473660991029333,0.14473660991383916,0.14473660992827145,0.14473660997187293,0.14473660992827145,0.14473660991383916,0.14473660991029333,0.14473660991741827,0.14473660992827145,0.14473660991741827,0.14473660991029333,0.14473660990681822,0.14473660991029333,0.14473660991383916,0.14473660991029333,0.14473660990681822,0.14357153100488013,0.14357153100876527,0.14357153101270223,0.14357153100876527,0.14357153100488013,0.14357153100876527,0.1435715310166601,0.14357153102866363,0.1435715310166601,0.14357153100876527,0.14357153101270223,0.14357153102866363,0.14357153107712795,0.14357153102866363,0.14357153101270223,0.14357153100876527,0.1435715310166601,0.14357153102866363,0.1435715310166601,0.14357153100876527,0.14357153100488013,0.14357153100876527,0.14357153101270223,0.14357153100876527,0.14357153100488013,0.14242936472030532,0.14242936472442566,0.14242936472861628,0.14242936472442566,0.14242936472030532,0.14242936472442566,0.14242936473282683,0.14242936474572296,0.14242936473282683,0.14242936472442566,0.14242936472861628,0.14242936474572296,0.14242936479834156,0.14242936474572296,0.14242936472861628,0.14242936472442566,0.14242936473282683,0.14242936474572296,0.14242936473282683,0.14242936472442566,0.14242936472030532,0.14242936472442566,0.14242936472861628,0.14242936472442566,0.14242936472030532,0.14130960303041715,0.1413096030345405,0.14130960303872894,0.1413096030345405,0.14130960303041715,0.1413096030345405,0.14130960304292478,0.14130960305594456,0.14130960304292478,0.1413096030345405,0.14130960303872894,0.14130960305594456,0.141309603110562,0.14130960305594456,0.14130960303872894,0.1413096030345405,0.14130960304292478,0.14130960305594456,0.14130960304292478,0.1413096030345405,0.14130960303041715,0.1413096030345405,0.14130960303872894,0.1413096030345405,0.14130960303041715,0.14021174710866038,0.14021174711257964,0.1402117471163668,0.14021174711257964,0.14021174710866038,0.14021174711257964,0.14021174712010434,0.14021174713111323,0.14021174712010434,0.14021174711257964,0.1402117471163668,0.14021174713111323,0.14021174717609666,0.14021174713111323,0.1402117471163668,0.14021174711257964,0.14021174712010434,0.14021174713111323,0.14021174712010434,0.14021174711257964,0.14021174710866038,0.14021174711257964,0.1402117471163668,0.14021174711257964,0.14021174710866038,0.13913530745368083,0.13913530745785732,0.13913530746146782,0.13913530745785732,0.13913530745368083,0.13913530745785732,0.1391353074649548,0.13913530747261899,0.1391353074649548,0.13913530745785732,0.13913530746146782,0.13913530747261899,0.13913530748883732,0.13913530747261899,0.13913530746146782,0.13913530745785732,0.1391353074649548,0.13913530747261899,0.1391353074649548,0.13913530745785732,0.13913530745368083,0.13913530745785732,0.13913530746146782,0.13913530745785732,0.13913530745368083,0.13807980398115985,0.13807980398748043,0.13807980399360037,0.13807980398748043,0.13807980398115985,0.13807980398748043,0.1380798039997236,0.1380798040157713,0.1380798039997236,0.13807980398748043,0.13807980399360037,0.1380798040157713,0.13807980405924025,0.1380798040157713,0.13807980399360037,0.13807980398748043,0.1380798039997236,0.1380798040157713,0.1380798039997236,0.13807980398748043,0.13807980398115985,0.13807980398748043,0.13807980399360037,0.13807980398748043,0.13807980398115985,0.1370447660817034,0.13704476609081684,0.13704476610165972,0.13704476609081684,0.1370447660817034,0.13704476609081684,0.13704476611285243,0.13704476615639322,0.13704476611285243,0.13704476609081684,0.13704476610165972,0.13704476615639322,0.13704476639581978,0.13704476615639322,0.13704476610165972,0.13704476609081684,0.13704476611285243,0.13704476615639322,0.13704476611285243,0.13704476609081684,0.1370447660817034,0.13704476609081684,0.13704476610165972,0.13704476609081684,0.1370447660817034,0.1360297326551075,0.13602973266133792,0.13602973266738907,0.13602973266133792,0.1360297326551075,0.13602973266133792,0.13602973267343849,0.1360297326894947,0.13602973267343849,0.13602973266133792,0.13602973266738907,0.1360297326894947,0.13602973273381522,0.1360297326894947,0.13602973266738907,0.13602973266133792,0.13602973267343849,0.1360297326894947,0.13602973267343849,0.13602973266133792,0.1360297326551075,0.13602973266133792,0.13602973266738907,0.13602973266133792,0.1360297326551075,0.13503425212906614,0.13503425213294043,0.13503425213612627,0.13503425213294043,0.13503425212906614,0.13503425213294043,0.1350342521391411,0.13503425214526107,0.1350342521391411,0.13503425213294043,0.13503425213612627,0.13503425214526107,0.13503425215634776,0.13503425214526107,0.13503425213612627,0.13503425213294043,0.1350342521391411,0.13503425214526107,0.1350342521391411,0.13503425213294043,0.13503425212906614,0.13503425213294043,0.13503425213612627,0.13503425213294043,0.13503425212906614
0.16533248764325856,0.16533248764325736,0.16533248764325667,0.16533248764325736,0.16533248764325856,0.16533248764325736,0.16533248764325595,0.16533248764325525,0.16533248764325595,0.16533248764325736,0.16533248764325667,0.16533248764325525,0.1653324876432543,0.16533248764325525,0.16533248764325667,0.16533248764325736,0.16533248764325595,0.16533248764325525,0.16533248764325595,0.16533248764325736,0.16533248764325856,0.16533248764325736,0.16533248764325667,0.16533248764325736,0.16533248764325856,0.16375749392732353,0.1637574939273205,0.16375749392731867,0.1637574939273205,0.16375749392732353,0.1637574939273205,0.16375749392731728,0.16375749392731545,0.16375749392731728,0.1637574939273205,0.16375749392731867,0.16375749392731545,0.16375749392731334,0.16375749392731545,0.16375749392731867,0.1637574939273205,0.16375749392731728,0.16375749392731545,0.16375749392731728,0.1637574939273205,0.16375749392732353,0.1637574939273205,0.16375749392731867,0.1637574939273205,0.16375749392732353,0.16221388414326043,0.16221388414325139,0.16221388414324592,0.16221388414325139,0.16221388414326043,0.16221388414325139,0.16221388414324184,0.16221388414323573,0.16221388414324184,0.16221388414325139,0.16221388414324592,0.16221388414323573,0.16221388414322938,0.16221388414323573,0.16221388414324592,0.16221388414325139,0.16221388414324184,0.16221388414323573,0.16221388414324184,0.16221388414325139,0.16221388414326043,0.16221388414325139,0.16221388414324592,0.16221388414325139,0.16221388414326043,0.16070106724812258,0.1607010672480955,0.16070106724807814,0.1607010672480955,0.16070106724812258,0.1607010672480955,0.1607010672480657,0.16070106724804614,0.1607010672480657,0.1607010672480955,0.16070106724807814,0.16070106724804614,0.16070106724802527,0.16070106724804614,0.16070106724807814,0.1607010672480955,0.1607010672480657,0.16070106724804614,0.1607010672480657,0.1607010672480955,0.16070106724812258,0.1607010672480955,0.16070106724807814,0.1607010672480955,0.16070106724812258,0.15921845161692627,0.1592184516168453,0.15921845161679263,0.1592184516168453,0.15921845161692627,0.1592184516168453,0.1592184516167521,0.1592184516166892,0.1592184516167521,0.1592184516168453,0.15921845161679263,0.1592184516166892,0.15921845161661866,0.1592184516166892,0.15921845161679263,0.1592184516168453,0.1592184516167521,0.1592184516166892,0.1592184516167521,0.1592184516168453,0.15921845161692627,0.1592184516168453,0.15921845161679263,0.1592184516168453,0.15921845161692627,0.15776544639455115,0.15776544639431497,0.15776544639415602,0.15776544639431497,0.15776544639455115,0.15776544639431497,0.1577654463940267,0.15776544639382337,0.1577654463940267,0.15776544639431497,0.15776544639415602,0.15776544639382337,0.15776544639358353,0.15776544639382337,0.15776544639415602,0.15776544639431497,0.1577654463940267,0.15776544639382337,0.1577654463940267,0.15776544639431497,0.15776544639455115,0.15776544639431497,0.15776544639415602,0.15776544639431497,0.15776544639455115,0.15634146271020025,0.15634146270953486,0.15634146270906502,0.15634146270953486,0.15634146271020025,0.15634146270953486,0.1563414627086587,0.1563414627079927,0.1563414627086587,0.15634146270953486,0.15634146270906502,0.1563414627079927,0.15634146270712954,0.1563414627079927,0.15634146270906502,0.15634146270953486,0.1563414627086587,0.1563414627079927,0.1563414627086587,0.15634146270953486,0.15634146271020025,0.15634146270953486,0.15634146270906502,0.15634146270953486,0.15634146271020025,0.1549459147648221,0.15494591476304617,0.15494591476169176,0.15494591476304617,0.1549459147648221,0.15494591476304617,0.15494591476045397,0.15494591475821795,0.15494591476045397,0.15494591476304617,0.15494591476169176,0.15494591475821795,0.15494591475484742,0.15494591475821795,0.15494591476169176,0.15494591476304617,0.15494591476045397,0.15494591475821795,0.15494591476045397,0.15494591476304617,0.1549459147648221,0.15494591476304617,0.15494591476169176,0.15494591476304617,0.1549459147648221,0.15357822080146843,0.15357822079713163,0.15357822079342107,0.15357822079713163,0.15357822080146843,0.15357822079713163,0.15357822078984504,0.15357822078222708,0.15357822078984504,0.15357822079713163,0.15357822079342107,0.15357822078222708,0.153578220767577,0.15357822078222708,0.15357822079342107,0.15357822079713163,0.15357822078984504,0.15357822078222708,0.15357822078984504,0.15357822079713163,0.15357822080146843,0.15357822079713163,0.15357822079342107,0.15357822079713163,0.15357822080146843,0.15223780396801107,0.15223780395898442,0.1522378039498875,0.15223780395898442,0.15223780396801107,0.15223780395898442,0.15223780394067424,0.15223780391538783,0.15223780394067424,0.15223780395898442,0.1522378039498875,0.15223780391538783,0.15223780384338342,0.15223780391538783,0.1522378039498875,0.15223780395898442,0.15223780394067424,0.15223780391538783,0.15223780394067424,0.15223780395898442,0.15223780396801107,0.15223780395898442,0.1522378039498875,0.15223780395898442,0.15223780396801107,0.1509240930798987,0.15092409306644408,0.15092409304972315,0.15092409306644408,0.1509240930798987,0.15092409306644408,0.1509240930323102,0.15092409296183748,0.1509240930323102,0.15092409306644408,0.15092409304972315,0.15092409296183748,0.15092409256206993,0.15092409296183748,0.15092409304972315,0.15092409306644408,0.1509240930323102,0.15092409296183748,0.1509240930323102,0.15092409306644408,0.1509240930798987,0.15092409306644408,0.15092409304972315,0.15092409306644408,0.1509240930798987,0.1496365232848597,0.1496365232777651,0.14963652327094237,0.1496365232777651,0.1496365232848597,0.1496365232777651,0.14963652326407487,0.14963652324756765,0.14963652326407487,0.1496365232777651,0.14963652327094237,0.14963652324756765,0.14963652321991455,0.14963652324756765,0.14963652327094237,0.1496365232777651,0.14963652326407487,0.14963652324756765,0.14963652326407487,0.1496365232777651,0.1496365232848597,0.1496365232777651,0.14963652327094237,0.1496365232777651,0.1496365232848597,0.1483745366265338,0.14837453662508843,0.14837453662448424,0.14837453662508843,0.1483745366265338,0.14837453662508843,0.1483745366240706,0.14837453662672098,0.1483745366240706,0.14837453662508843,0.14837453662448424,0.14837453662672098,0.1483745366553354,0.14837453662672098,0.14837453662448424,0.14837453662508843,0.1483745366240706,0.14837453662672098,0.1483745366240706,0.14837453662508843,0.1483745366265338,0.14837453662508843,0.14837453662448424,0.14837453662508843,0.1483745366265338,0.14713758257629184,0.147137582577766,0.1471375825797215,0.147137582577766,0.14713758257629184,0.147137582577766,0.14713758258182658,0.14713758258969833,0.14713758258182658,0.147137582577766,0.1471375825797215,0.14713758258969833,0.1471375826265095,0.14713758258969833,0.1471375825797215,0.147137582577766,0.14713758258182658,0.14713758258969833,0.14713758258182658,0.147137582577766,0.14713758257629184,0.147137582577766,0.1471375825797215,0.147137582577766,0.14713758257629184,0.14592511847525952,0.1459251184780464,0.14592511848102255,0.1459251184780464,0.14592511847525952,0.1459251184780464,0.14592511848407297,0.14592511849365958,0.14592511848407297,0.1459251184780464,0.14592511848102255,0.14592511849365958,0.14592511853308157,0.14592511849365958,0.14592511848102255,0.1459251184780464,0.14592511848407297,0.14592511849365958,0.14592511848407297,0.1459251184780464,0.14592511847525952,0.1459251184780464,0.14592511848102255,0.1459251184780464,0.14592511847525952,0.1447366099055194,0.1447366099089753,0.14473660991250278,0.1447366099089753,0.1447366099055194,0.1447366099089753,0.14473660991606396,0.14473660992686824,0.14473660991606396,0.1447366099089753,0.14473660991250278,0.14473660992686824,0.14473660997030968,0.14473660992686824,0.14473660991250278,0.1447366099089753,0.14473660991606396,0.14473660992686824,0.14473660991606396,0.1447366099089753,0.1447366099055194,0.1447366099089753,0.14473660991250278,0.1447366099089753,0.1447366099055194,0.14357153100293304,0.1435715310068127,0.14357153101074657,0.1435715310068127,0.14357153100293304,0.1435715310068127,0.14357153101470202,0.14357153102670628,0.14357153101470202,0.1435715310068127,0.14357153101074657,0.14357153102670628,0.1435715310751894,0.14357153102670628,0.14357153101074657,0.1435715310068127,0.14357153101470202,0.14357153102670628,0.14357153101470202,0.1435715310068127,0.14357153100293304,0.1435715310068127,0.14357153101074657,0.1435715310068127,0.14357153100293304,0.1424293647177092,0.14242936472183101,0.14242936472602583,0.14242936472183101,0.1424293647177092,0.14242936472183101,0.1424293647302413,0.1424293647431607,0.1424293647302413,0.14242936472183101,0.14242936472602583,0.1424293647431607,0.1424293647959259,0.1424293647431607,0.14242936472602583,0.14242936472183101,0.1424293647302413,0.1424293647431607,0.1424293647302413,0.14242936472183101,0.1424293647177092,0.14242936472183101,0.14242936472602583,0.14242936472183101,0.1424293647177092,0.14130960302715695,0.14130960303127962,0.14130960303547085,0.14130960303127962,0.14130960302715695,0.14130960303127962,0.14130960303967052,0.14130960305271265,0.14130960303967052,0.14130960303127962,0.14130960303547085,0.14130960305271265,0.1413096031074539,0.14130960305271265,0.14130960303547085,0.14130960303127962,0.14130960303967052,0.14130960305271265,0.14130960303967052,0.14130960303127962,0.14130960302715695,0.14130960303127962,0.14130960303547085,0.14130960303127962,0.14130960302715695,0.1402117471047242,0.14021174710862974,0.14021174711240644,0.14021174710862974,0.1402117471047242,0.14021174710862974,0.14021174711613493,0.14021174712712514,0.14021174711613493,0.14021174710862974,0.14021174711240644,0.14021174712712514,0.1402117471720942,0.14021174712712514,0.14021174711240644,0.14021174710862974,0.14021174711613493,0.14021174712712514,0.14021174711613493,0.14021174710862974,0.1402117471047242,0.14021174710862974,0.14021174711240644,0.14021174710862974,0.1402117471047242,0.13913530744908323,0.13913530745322084,0.13913530745679845,0.13913530745322084,0.13913530744908323,0.13913530745322084,0.13913530746025385,0.13913530746785158,0.13913530746025385,0.13913530745322084,0.13913530745679845,0.13913530746785158,0.13913530748394168,0.13913530746785158,0.13913530745679845,0.13913530745322084,0.13913530746025385,0.13913530746785158,0.13913530746025385,0.13913530745322084,0.13913530744908323,0.13913530745322084,0.13913530745679845,0.13913530745322084,0.13913530744908323,0.13807980397596675,0.13807980398220346,0.13807980398824013,0.13807980398220346,0.13807980397596675,0.13807980398220346,0.1380798039942796,0.1380798040101025,0.1380798039942796,0.13807980398220346,0.13807980398824013,0.1380798040101025,0.13807980405294867,0.1380798040101025,0.13807980398824013,0.13807980398220346,0.1380798039942796,0.1380798040101025,0.1380798039942796,0.13807980398220346,0.13807980397596675,0.13807980398220346,0.13807980398824013,0.13807980398220346,0.13807980397596675,0.13704476607607413,0.13704476608505572,0.13704476609574018,0.13704476608505572,0.13704476607607413,0.13704476608505572,0.13704476610676872,0.1370447661496659,0.13704476610676872,0.13704476608505572,0.13704476609574018,0.1370447661496659,0.13704476638552163,0.1370447661496659,0.13704476609574018,0.13704476608505572,0.13704476610676872,0.1370447661496659,0.13704476610676872,0.13704476608505572,0.13704476607607413,0.13704476608505572,0.13704476609574018,0.13704476608505572,0.13704476607607413,0.1360297326493013,0.13602973265544033,0.13602973266140247,0.13602973265544033,0.1360297326493013,0.13602973265544033,0.1360297326673627,0.13602973268318125,0.1360297326673627,0.13602973265544033,0.13602973266140247,0.13602973268318125,0.13602973272684393,0.13602973268318125,0.13602973266140247,0.13602973265544033,0.1360297326673627,0.13602973268318125,0.1360297326673627,0.13602973265544033,0.1360297326493013,0.13602973265544033,0.13602973266140247,0.13602973265544033,0.1360297326493013,0.1350342521232615,0.13503425212707876,0.13503425213021747,0.13503425212707876,0.1350342521232615,0.13503425212707876,0.1350342521331879,0.13503425213921716,0.13503425213318776,0.13503425212707876,0.13503425213021747,0.13503425213921716,0.13503425215013945,0.13503425213921716,0.13503425213021747,0.13503425212707876,0.13503425213318776,0.13503425213921716,0.13503425213318776,0.13503425212707876,0.1350342521232615,0.13503425212707876,0.13503425213021747,0.13503425212707876,0.1350342521232615
0.16533248764745606,0.16533248764745487,0.16533248764745415,0.16533248764745487,0.16533248764745606,0.16533248764745487,0.1653324876474537,0.16533248764745276,0.1653324876474537,0.16533248764745487,0.16533248764745415,0.16533248764745276,0.16533248764745206,0.16533248764745276,0.16533248764745415,0.16533248764745487,0.1653324876474537,0.16533248764745276,0.1653324876474537,0.16533248764745487,0.16533248764745606,0.16533248764745487,0.16533248764745415,0.16533248764745487,0.16533248764745606,0.16375749393143932,0.16375749393143652,0.16375749393143443,0.16375749393143652,0.16375749393143932,0.16375749393143652,0.1637574939314333,0.16375749393143146,0.1637574939314333,0.16375749393143652,0.16375749393143443,0.16375749393143146,0.16375749393142935,0.16375749393143146,0.16375749393143443,0.16375749393143652,0.1637574939314333,0.16375749393143146,0.1637574939314333,0.16375749393143632,0.16375749393143932,0.16375749393143652,0.16375749393143443,0.16375749393143632,0.16375749393143932,0.16221388414729776,0.16221388414728893,0.1622138841472835,0.16221388414728893,0.16221388414729776,0.16221388414728893,0.16221388414727964,0.1622138841472735,0.16221388414727964,0.16221388414728893,0.1622138841472835,0.1622138841472735,0.1622138841472674,0.1622138841472735,0.1622138841472835,0.16221388414728893,0.16221388414727964,0.1622138841472735,0.16221388414727964,0.16221388414728893,0.16221388414729776,0.16221388414728893,0.1622138841472835,0.16221388414728893,0.16221388414729776,0.16070106725208447,0.1607010672520578,0.1607010672520407,0.1607010672520578,0.16070106725208447,0.1607010672520578,0.16070106725202848,0.16070106725200936,0.16070106725202848,0.1607010672520578,0.1607010672520407,0.16070106725200936,0.16070106725198868,0.16070106725200936,0.1607010672520407,0.1607010672520578,0.16070106725202848,0.16070106725200936,0.16070106725202848,0.1607010672520578,0.16070106725208447,0.1607010672520578,0.1607010672520407,0.1607010672520578,0.16070106725208447,0.15921845162081516,0.15921845162073525,0.1592184516206832,0.15921845162073525,0.15921845162081516,0.15921845162073525,0.15921845162064335,0.15921845162058154,0.15921845162064335,0.15921845162073525,0.1592184516206832,0.15921845162058154,0.1592184516205121,0.15921845162058154,0.1592184516206832,0.15921845162073525,0.15921845162064335,0.15921845162058154,0.15921845162064335,0.15921845162073525,0.15921845162081516,0.15921845162073525,0.1592184516206832,0.15921845162073525,0.15921845162081516,0.15776544639836768,0.1577654463981347,0.15776544639797807,0.1577654463981347,0.15776544639836768,0.1577654463981347,0.15776544639785067,0.1577654463976501,0.15776544639785067,0.1577654463981347,0.15776544639797807,0.1577654463976501,0.1577654463974135,0.1577654463976501,0.15776544639797807,0.1577654463981347,0.15776544639785067,0.1577654463976501,0.15776544639785067,0.1577654463981347,0.15776544639836768,0.1577654463981347,0.15776544639797807,0.1577654463981347,0.15776544639836768,0.15634146271394075,0.15634146271328458,0.1563414627128212,0.15634146271328458,0.15634146271394075,0.15634146271328458,0.15634146271242055,0.15634146271176375,0.15634146271242055,0.15634146271328458,0.1563414627128212,0.15634146271176375,0.15634146271091245,0.15634146271176375,0.1563414627128212,0.15634146271328458,0.15634146271242055,0.15634146271176375,0.15634146271242055,0.15634146271328458,0.15634146271394075,0.15634146271328458,0.1563414627128212,0.15634146271328458,0.15634146271394075,0.1549459147684709,0.15494591476671893,0.15494591476538316,0.15494591476671893,0.1549459147684709,0.15494591476671893,0.1549459147641622,0.15494591476195713,0.1549459147641622,0.15494591476671893,0.15494591476538316,0.15494591476195713,0.15494591475863376,0.15494591476195713,0.15494591476538316,0.15494591476671893,0.1549459147641622,0.15494591476195713,0.1549459147641622,0.15494591476671893,0.1549459147684709,0.15494591476671893,0.15494591476538316,0.15494591476671893,0.1549459147684709,0.1535782208049784,0.15357822080069944,0.15357822079703906,0.15357822080069944,0.1535782208049784,0.15357822080069944,0.15357822079351183,0.15357822078599911,0.15357822079351183,0.15357822080069944,0.15357822079703906,0.15357822078599911,0.15357822077155509,0.15357822078599911,0.15357822079703906,0.15357822080069944,0.15357822079351183,0.15357822078599911,0.15357822079351183,0.15357822080069944,0.1535782208049784,0.15357822080069944,0.15357822079703906,0.15357822080069944,0.1535782208049784,0.15223780397126346,0.1522378039623547,0.1522378039533792,0.1522378039623547,0.15223780397126346,0.1522378039623547,0.15223780394428996,0.15223780391935296,0.15223780394428996,0.1522378039623547,0.1522378039533792,0.15223780391935296,0.15223780384836896,0.15223780391935296,0.1522378039533792,0.1522378039623547,0.15223780394428996,0.15223780391935296,0.15223780394428996,0.1522378039623547,0.15223780397126346,0.1522378039623547,0.1522378039533792,0.1522378039623547,0.15223780397126346,0.15092409308264898,0.1509240930693589,0.1509240930528523,0.1509240930693589,0.15092409308264898,0.1509240930693589,0.1509240930356639,0.1509240929661504,0.1509240930356639,0.1509240930693589,0.1509240930528523,0.1509240929661504,0.1509240925720686,0.1509240929661504,0.1509240930528523,0.1509240930693589,0.1509240930356639,0.1509240929661504,0.1509240930356639,0.1509240930693589,0.15092409308264898,0.1509240930693589,0.1509240930528523,0.1509240930693589,0.15092409308264898,0.14963652328676266,0.149636523279714,0.14963652327292457,0.149636523279714,0.14963652328676266,0.149636523279714,0.14963652326608878,0.14963652324957272,0.14963652326608878,0.149636523279714,0.14963652327292457,0.14963652324957272,0.14963652322104903,0.14963652324957272,0.14963652327292457,0.149636523279714,0.14963652326608878,0.14963652324957272,0.14963652326608878,0.149636523279714,0.14963652328676266,0.149636523279714,0.14963652327292457,0.149636523279714,0.14963652328676266,0.14837453662748382,0.14837453662600505,0.14837453662534975,0.14837453662600505,0.14837453662748382,0.14837453662600505,0.14837453662488012,0.14837453662728553,0.14837453662488012,0.14837453662600505,0.14837453662534975,0.14837453662728553,0.14837453665459183,0.14837453662728553,0.14837453662534975,0.14837453662600505,0.14837453662488012,0.14837453662728553,0.14837453662488012,0.14837453662600505,0.14837453662748382,0.14837453662600505,0.14837453662534975,0.14837453662600505,0.14837453662748382,0.1471375825763449,0.14713758257776618,0.14713758257966011,0.14713758257776618,0.1471375825763449,0.14713758257776618,0.1471375825817007,0.14713758258935228,0.1471375825817007,0.14713758257776618,0.14713758257966011,0.14713758258935228,0.14713758262519575,0.14713758258935228,0.14713758257966011,0.14713758257776618,0.1471375825817007,0.14713758258935228,0.1471375825817007,0.14713758257776618,0.1471375825763449,0.14713758257776618,0.14713758257966011,0.14713758257776618,0.1471375825763449,0.14592511847451234,0.1459251184772565,0.14592511848018777,0.1459251184772565,0.14592511847451234,0.1459251184772565,0.14592511848319242,0.145925118492638,0.14592511848319242,0.1459251184772565,0.14592511848018777,0.145925118492638,0.14592511853149573,0.145925118492638,0.14592511848018777,0.1459251184772565,0.14592511848319242,0.145925118492638,0.14592511848319242,0.1459251184772565,0.14592511847451234,0.1459251184772565,0.14592511848018777,0.1459251184772565,0.14592511847451234,0.14473660990404827,0.14473660990747939,0.14473660991098333,0.14473660990747939,0.14473660990404827,0.14473660990747939,0.14473660991452092,0.14473660992526063,0.14473660991452092,0.14473660990747939,0.14473660991098333,0.14473660992526063,0.14473660996848092,0.14473660992526063,0.14473660991098333,0.14473660990747939,0.14473660991452092,0.14473660992526063,0.14473660991452092,0.14473660990747939,0.14473660990404827,0.14473660990747939,0.14473660991098333,0.14473660990747939,0.14473660990404827,0.14357153100077719,0.1435715310046471,0.14357153100857328,0.1435715310046471,0.14357153100077719,0.1435715310046471,0.1435715310125217,0.14357153102451328,0.1435715310125217,0.1435715310046471,0.14357153100857328,0.14357153102451328,0.14357153107297213,0.14357153102451328,0.14357153100857328,0.1435715310046471,0.1435715310125217,0.14357153102451328,0.1435715310125217,0.1435715310046471,0.14357153100077719,0.1435715310046471,0.14357153100857328,0.1435715310046471,0.14357153100077719,0.1424293647148772,0.1424293647189965,0.14242936472319134,0.1424293647189965,0.1424293647148772,0.1424293647189965,0.14242936472740778,0.14242936474033827,0.14242936472740778,0.1424293647189965,0.14242936472319134,0.14242936474033827,0.1424293647932095,0.14242936474033827,0.14242936472319134,0.1424293647189965,0.14242936472740778,0.14242936474033827,0.14242936472740778,0.1424293647189965,0.1424293647148772,0.1424293647189965,0.14242936472319134,0.1424293647189965,0.1424293647148772,0.1413096030236415,0.14130960302776008,0.1413096030319505,0.14130960302776008,0.1413096030236415,0.14130960302776008,0.14130960303615012,0.14130960304920392,0.14130960303615012,0.14130960302776008,0.1413096030319505,0.14130960304920392,0.1413096031040255,0.14130960304920392,0.1413096030319505,0.14130960302776008,0.14130960303615012,0.14130960304920392,0.14130960303615012,0.14130960302776008,0.1413096030236415,0.14130960302776008,0.1413096030319505,0.14130960302776008,0.1413096030236415,0.14021174710052003,0.14021174710440928,0.1402117471081729,0.14021174710440928,0.14021174710052003,0.14021174710440928,0.1402117471118893,0.14021174712285256,0.1402117471118893,0.14021174710440928,0.1402117471081729,0.14021174712285256,0.1402117471677017,0.14021174712285256,0.1402117471081729,0.14021174710440928,0.1402117471118893,0.14021174712285256,0.1402117471118893,0.14021174710440928,0.14021174710052003,0.14021174710440928,0.1402117471081729,0.14021174710440928,0.14021174710052003,0.13913530744421024,0.13913530744830738,0.1391353074518505,0.13913530744830738,0.13913530744421024,0.13913530744830738,0.13913530745527283,0.13913530746280087,0.13913530745527283,0.13913530744830738,0.1391353074518505,0.13913530746280087,0.13913530747875497,0.13913530746280087,0.1391353074518505,0.13913530744830738,0.13913530745527283,0.13913530746280087,0.13913530745527283,0.13913530744830738,0.13913530744421024,0.13913530744830738,0.1391353074518505,0.13913530744830738,0.13913530744421024,0.13807980397049424,0.13807980397664568,0.13807980398259803,0.13807980397664568,0.13807980397049424,0.13807980397664568,0.13807980398855255,0.13807980400414768,0.13807980398855255,0.13807980397664568,0.13807980398259803,0.13807980400414768,0.1380798040463633,0.13807980400414768,0.13807980398259803,0.13807980397664568,0.13807980398855255,0.13807980400414768,0.13807980398855255,0.13807980397664568,0.13807980397049424,0.13807980397664568,0.13807980398259803,0.13807980397664568,0.13807980397049424,0.1370447660701643,0.13704476607901275,0.13704476608953695,0.13704476607901275,0.1370447660701643,0.13704476607901275,0.13704476610039962,0.13704476614264652,0.13704476610039962,0.13704476607901275,0.13704476608953695,0.13704476614264652,0.13704476637491775,0.13704476614264652,0.13704476608953695,0.13704476607901275,0.13704476610039962,0.13704476614264652,0.13704476610039962,0.13704476607901275,0.1370447660701643,0.13704476607901275,0.13704476608953695,0.13704476607901275,0.1370447660701643,0.1360297326432164,0.1360297326492633,0.13602973265513538,0.1360297326492633,0.1360297326432164,0.1360297326492633,0.1360297326610054,0.13602973267658405,0.13602973266100557,0.1360297326492633,0.13602973265513538,0.13602973267658405,0.13602973271958213,0.13602973267658405,0.13602973265513538,0.1360297326492633,0.13602973266100557,0.13602973267658405,0.1360297326610054,0.1360297326492633,0.1360297326432164,0.1360297326492633,0.13602973265513538,0.1360297326492633,0.1360297326432164,0.13503425211718204,0.1350342521209417,0.13503425212403303,0.1350342521209417,0.13503425211718204,0.1350342521209417,0.1350342521269584,0.13503425213289613,0.1350342521269584,0.1350342521209417,0.13503425212403303,0.13503425213289613,0.13503425214365247,0.13503425213289613,0.13503425212403303,0.1350342521209417,0.1350342521269584,0.13503425213289613,0.1350342521269584,0.1350342521209417,0.13503425211718204,0.1350342521209417,0.13503425212403303,0.1350342521209417,0.13503425211718204
0.1653324876519247,0.16533248765192354,0.16533248765192285,0.16533248765192354,0.1653324876519247,0.16533248765192354,0.16533248765192235,0.16533248765192143,0.16533248765192235,0.16533248765192354,0.16533248765192285,0.16533248765192143,0.1653324876519207,0.16533248765192143,0.16533248765192285,0.16533248765192354,0.16533248765192235,0.16533248765192143,0.16533248765192235,0.16533248765192354,0.1653324876519247,0.16533248765192354,0.16533248765192285,0.16533248765192354,0.1653324876519247,0.16375749393582106,0.16375749393581807,0.1637574939358162,0.16375749393581807,0.16375749393582106,0.16375749393581807,0.16375749393581504,0.16375749393581318,0.16375749393581504,0.16375749393581807,0.1637574939358162,0.16375749393581318,0.16375749393581113,0.16375749393581318,0.1637574939358162,0.16375749393581807,0.16375749393581504,0.16375749393581318,0.16375749393581504,0.16375749393581807,0.16375749393582106,0.16375749393581807,0.1637574939358162,0.16375749393581807,0.16375749393582106,0.16221388415159554,0.16221388415158694,0.16221388415158153,0.16221388415158694,0.16221388415159554,0.16221388415158694,0.16221388415157767,0.16221388415157176,0.16221388415157767,0.16221388415158694,0.16221388415158153,0.16221388415157176,0.16221388415156565,0.16221388415157176,0.16221388415158153,0.16221388415158694,0.16221388415157767,0.16221388415157176,0.16221388415157767,0.16221388415158694,0.16221388415159554,0.16221388415158694,0.16221388415158153,0.16221388415158694,0.16221388415159554,0.16070106725630137,0.16070106725627514,0.16070106725625827,0.16070106725627514,0.16070106725630137,0.16070106725627514,0.16070106725624606,0.16070106725622738,0.16070106725624606,0.16070106725627514,0.16070106725625827,0.16070106725622738,0.16070106725620714,0.16070106725622738,0.16070106725625827,0.16070106725627514,0.16070106725624606,0.16070106725622738,0.16070106725624606,0.16070106725627514,0.16070106725630137,0.16070106725627514,0.16070106725625827,0.16070106725627514,0.16070106725630137,0.15921845162495352,0.1592184516248749,0.15921845162482376,0.1592184516248749,0.15921845162495352,0.1592184516248749,0.1592184516247846,0.1592184516247236,0.1592184516247846,0.1592184516248749,0.15921845162482376,0.1592184516247236,0.15921845162465523,0.1592184516247236,0.15921845162482376,0.1592184516248749,0.1592184516247846,0.1592184516247236,0.1592184516247846,0.1592184516248749,0.15921845162495352,0.1592184516248749,0.15921845162482376,0.1592184516248749,0.15921845162495352,0.15776544640242826,0.1577654464021987,0.15776544640204443,0.1577654464021987,0.15776544640242826,0.1577654464021987,0.1577654464019192,0.1577654464017216,0.1577654464019192,0.1577654464021987,0.15776544640204443,0.1577654464017216,0.15776544640148862,0.1577654464017216,0.15776544640204443,0.1577654464021987,0.1577654464019192,0.1577654464017216,0.1577654464019192,0.1577654464021987,0.15776544640242826,0.1577654464021987,0.15776544640204443,0.1577654464021987,0.15776544640242826,0.15634146271791943,0.15634146271727287,0.1563414627168166,0.15634146271727287,0.15634146271791943,0.15634146271727287,0.15634146271642202,0.15634146271577504,0.15634146271642202,0.15634146271727287,0.1563414627168166,0.15634146271577504,0.15634146271493693,0.15634146271577504,0.1563414627168166,0.15634146271727287,0.15634146271642202,0.15634146271577504,0.15634146271642202,0.1563414627172731,0.15634146271791943,0.15634146271727287,0.1563414627168166,0.1563414627172731,0.15634146271791943,0.15494591477235026,0.15494591477062433,0.15494591476930825,0.15494591477062433,0.15494591477235026,0.15494591477062433,0.1549459147681059,0.15494591476593422,0.1549459147681059,0.15494591477062433,0.15494591476930825,0.15494591476593422,0.1549459147626619,0.15494591476593422,0.15494591476930825,0.15494591477062433,0.1549459147681059,0.15494591476593422,0.1549459147681059,0.15494591477062433,0.15494591477235026,0.15494591477062433,0.15494591476930825,0.15494591477062433,0.15494591477235026,0.15357822080870684,0.15357822080449074,0.1535782208008848,0.15357822080449074,0.15357822080870684,0.15357822080449074,0.1535782207974104,0.15357822079001196,0.1535782207974104,0.15357822080449074,0.1535782208008848,0.15357822079001196,0.15357822077579147,0.15357822079001196,0.1535782208008848,0.15357822080449074,0.1535782207974104,0.15357822079001196,0.1535782207974104,0.15357822080449074,0.15357822080870684,0.15357822080449074,0.1535782208008848,0.15357822080449074,0.15357822080870684,0.15223780397471268,0.15223780396593148,0.15223780395708808,0.15223780396593148,0.15223780397471268,0.15223780396593148,0.15223780394813285,0.15223780392357458,0.15223780394813285,0.15223780396593148,0.15223780395708808,0.15223780392357458,0.152237803853697,0.15223780392357458,0.15223780395708808,0.15223780396593148,0.15223780394813285,0.15223780392357458,0.15223780394813285,0.15223780396593148,0.15223780397471268,0.15223780396593148,0.15223780395708808,0.15223780396593148,0.15223780397471268,0.15092409308555377,0.1509240930724416,0.15092409305616725,0.1509240930724416,0.15092409308555377,0.1509240930724416,0.1509240930392221,0.15092409297074846,0.1509240930392221,0.1509240930724416,0.15092409305616725,0.15092409297074846,0.15092409258284858,0.15092409297074846,0.15092409305616725,0.1509240930724416,0.1509240930392221,0.15092409297074846,0.1509240930392221,0.1509240930724416,0.15092409308555377,0.1509240930724416,0.15092409305616725,0.1509240930724416,0.15092409308555377,0.14963652328874935,0.14963652328174964,0.1496365232749954,0.14963652328174964,0.14963652328874935,0.14963652328174964,0.1496365232681933,0.1496365232516655,0.1496365232681933,0.14963652328174964,0.1496365232749954,0.1496365232516655,0.14963652322221282,0.1496365232516655,0.1496365232749954,0.14963652328174964,0.1496365232681933,0.1496365232516655,0.1496365232681933,0.14963652328174964,0.14963652328874935,0.14963652328174964,0.1496365232749954,0.14963652328174964,0.14963652328874935,0.14837453662843916,0.14837453662692301,0.14837453662621058,0.14837453662692301,0.14837453662843916,0.14837453662692301,0.14837453662567907,0.14837453662781427,0.14837453662567907,0.14837453662692301,0.14837453662621058,0.14837453662781427,0.14837453665364703,0.14837453662781427,0.14837453662621058,0.14837453662692301,0.14837453662567907,0.14837453662781427,0.14837453662567907,0.14837453662692301,0.14837453662843916,0.14837453662692301,0.14837453662621058,0.14837453662692301,0.14837453662843916,0.14713758257633291,0.14713758257769477,0.14713758257951973,0.14713758257769477,0.14713758257633291,0.14713758257769477,0.14713758258148832,0.14713758258889503,0.14713758258148832,0.14713758257769477,0.14713758257951973,0.14713758258889503,0.14713758262363533,0.14713758258889503,0.14713758257951973,0.14713758257769477,0.14713758258148832,0.14713758258889503,0.14713758258148832,0.14713758257769477,0.14713758257633291,0.14713758257769477,0.14713758257951973,0.14713758257769477,0.14713758257633291,0.14592511847364217,0.14592511847633735,0.14592511847921716,0.14592511847633735,0.14592511847364217,0.14592511847633735,0.1459251184821693,0.14592511849145373,0.1459251184821693,0.14592511847633735,0.14592511847921716,0.14592511849145373,0.14592511852967094,0.14592511849145373,0.14592511847921716,0.14592511847633735,0.1459251184821693,0.14592511849145373,0.1459251184821693,0.14592511847633735,0.14592511847364217,0.14592511847633735,0.14592511847921716,0.14592511847633735,0.14592511847364217,0.14473660990240822,0.14473660990580933,0.14473660990928408,0.14473660990580933,0.14473660990240822,0.14473660990580933,0.14473660991279272,0.1447366099234521,0.14473660991279272,0.14473660990580933,0.14473660990928408,0.1447366099234521,0.14473660996638354,0.1447366099234521,0.14473660990928408,0.14473660990580933,0.14473660991279272,0.1447366099234521,0.14473660991279272,0.14473660990580933,0.14473660990240822,0.14473660990580933,0.14473660990928408,0.14473660990580933,0.14473660990240822,0.14357153099841702,0.14357153100227238,0.14357153100618641,0.14357153100227238,0.14357153099841702,0.14357153100227238,0.14357153101012338,0.1435715310220893,0.14357153101012338,0.14357153100227238,0.14357153100618641,0.1435715310220893,0.14357153107050605,0.1435715310220893,0.14357153100618641,0.14357153100227238,0.14357153101012338,0.1435715310220893,0.14357153101012338,0.14357153100227238,0.14357153099841702,0.14357153100227238,0.14357153100618641,0.14357153100227238,0.14357153099841702,0.14242936471181455,0.14242936471592732,0.1424293647201181,0.14242936471592732,0.14242936471181455,0.14242936471592732,0.14242936472433138,0.1424293647372612,0.14242936472433138,0.14242936471592732,0.1424293647201181,0.1424293647372612,0.1424293647901675,0.1424293647372612,0.1424293647201181,0.14242936471592732,0.14242936472433138,0.1424293647372612,0.14242936472433138,0.14242936471592732,0.14242936471181455,0.14242936471592732,0.1424293647201181,0.14242936471592732,0.14242936471181455,0.14130960301987672,0.14130960302398787,0.14130960302817386,0.14130960302398787,0.14130960301987672,0.14130960302398787,0.1413096030323702,0.1413096030454245,0.1413096030323702,0.14130960302398787,0.14130960302817386,0.1413096030454245,0.14130960310029753,0.1413096030454245,0.14130960302817386,0.14130960302398787,0.1413096030323702,0.1413096030454245,0.1413096030323702,0.14130960302398787,0.14130960301987672,0.14130960302398787,0.14130960302817386,0.14130960302398787,0.14130960301987672,0.14021174709605477,0.140211747099925,0.14021174710367285,0.140211747099925,0.14021174709605477,0.140211747099925,0.14021174710737486,0.14021174711830267,0.14021174710737486,0.140211747099925,0.14021174710367285,0.14021174711830267,0.140211747163016,0.14021174711830267,0.14021174710367285,0.140211747099925,0.14021174710737486,0.14021174711830267,0.14021174710737486,0.140211747099925,0.14021174709605477,0.140211747099925,0.14021174710367285,0.140211747099925,0.14021174709605477,0.13913530743906954,0.13913530744312447,0.1391353074466317,0.13913530744312447,0.13913530743906954,0.13913530744312447,0.13913530745001942,0.13913530745747438,0.13913530745001942,0.13913530744312447,0.1391353074466317,0.13913530745747438,0.13913530747328492,0.13913530745747438,0.1391353074466317,0.13913530744312447,0.13913530745001942,0.13913530745747438,0.13913530745001942,0.13913530744312447,0.13913530743906954,0.13913530744312447,0.1391353074466317,0.13913530744312447,0.13913530743906954,0.13807980396475059,0.13807980397081518,0.13807980397668193,0.13807980397081518,0.13807980396475059,0.13807980397081518,0.13807980398255026,0.13807980399791472,0.13807980398255026,0.13807980397081518,0.13807980397668193,0.13807980399791472,0.1380798040394928,0.13807980399791472,0.13807980397668193,0.13807980397081518,0.13807980398255026,0.13807980399791472,0.13807980398255026,0.13807980397081518,0.13807980396475059,0.13807980397081518,0.13807980397668193,0.13807980397081518,0.13807980396475059,0.1370447660639824,0.13704476607269625,0.13704476608305854,0.13704476607269625,0.1370447660639824,0.13704476607269625,0.13704476609375363,0.13704476613534403,0.13704476609375363,0.13704476607269625,0.13704476608305854,0.13704476613534403,0.13704476636399138,0.13704476613534403,0.13704476608305854,0.13704476607269625,0.13704476609375363,0.13704476613534403,0.13704476609375363,0.13704476607269625,0.1370447660639824,0.13704476607269625,0.13704476608305854,0.13704476607269625,0.1370447660639824,0.13602973263686136,0.13602973264281518,0.13602973264859633,0.13602973264281518,0.13602973263686136,0.13602973264281518,0.13602973265437557,0.13602973266971172,0.13602973265437557,0.13602973264281518,0.13602973264859633,0.13602973266971172,0.136029732712039,0.13602973266971172,0.13602973264859633,0.13602973264281518,0.13602973265437557,0.13602973266971172,0.13602973265437557,0.13602973264281518,0.13602973263686136,0.13602973264281518,0.13602973264859633,0.13602973264281518,0.13602973263686136,0.13503425211083658,0.13503425211453807,0.13503425211758144,0.13503425211453807,0.13503425211083658,0.13503425211453807,0.1350342521204613,0.13503425212630676,0.1350342521204613,0.13503425211453807,0.13503425211758144,0.13503425212630676,0.13503425213689535,0.13503425212630676,0.13503425211758144,0.13503425211453807,0.1350342521204613,0.13503425212630676,0.1350342521204613,0.13503425211453807,0.13503425211083658,0.13503425211453807,0.13503425211758144,0.13503425211453807,0.13503425211083658
0.16533248765665912,0.16533248765665792,0.16533248765665723,0.16533248765665792,0.16533248765665912,0.16533248765665792,0.16533248765665648,0.1653324876566558,0.16533248765665648,0.16533248765665792,0.16533248765665723,0.1653324876566558,0.1653324876566551,0.1653324876566558,0.16533248765665723,0.16533248765665792,0.16533248765665648,0.1653324876566558,0.16533248765665676,0.16533248765665792,0.16533248765665912,0.16533248765665792,0.16533248765665723,0.16533248765665792,0.16533248765665912,0.16375749394046302,0.16375749394046002,0.16375749394045816,0.16375749394046002,0.16375749394046302,0.16375749394046002,0.16375749394045702,0.16375749394045516,0.16375749394045702,0.16375749394046002,0.16375749394045816,0.16375749394045516,0.1637574939404533,0.16375749394045516,0.16375749394045816,0.16375749394046002,0.16375749394045702,0.16375749394045516,0.16375749394045702,0.16375749394046002,0.16375749394046302,0.16375749394046002,0.16375749394045816,0.16375749394046002,0.16375749394046302,0.16221388415614837,0.16221388415613977,0.1622138841561343,0.16221388415613977,0.16221388415614837,0.16221388415613977,0.1622138841561307,0.1622138841561248,0.1622138841561307,0.16221388415613977,0.1622138841561343,0.1622138841561248,0.1622138841561189,0.1622138841561248,0.1622138841561343,0.16221388415613977,0.1622138841561307,0.1622138841561248,0.1622138841561307,0.16221388415613977,0.16221388415614837,0.16221388415613977,0.1622138841561343,0.16221388415613977,0.16221388415614837,0.16070106726076797,0.16070106726074218,0.16070106726072575,0.16070106726074218,0.16070106726076797,0.16070106726074218,0.16070106726071376,0.16070106726069533,0.16070106726071376,0.16070106726074218,0.16070106726072575,0.16070106726069533,0.16070106726067532,0.16070106726069533,0.16070106726072575,0.16070106726074218,0.16070106726071376,0.16070106726069533,0.16070106726071376,0.16070106726074218,0.16070106726076797,0.16070106726074218,0.16070106726072575,0.16070106726074218,0.16070106726076797,0.15921845162933637,0.15921845162925907,0.15921845162920878,0.15921845162925907,0.15921845162933637,0.15921845162925907,0.15921845162917048,0.1592184516291106,0.15921845162917048,0.15921845162925907,0.15921845162920878,0.1592184516291106,0.1592184516290433,0.1592184516291106,0.15921845162920878,0.15921845162925907,0.15921845162917048,0.1592184516291106,0.15921845162917048,0.15921845162925907,0.15921845162933637,0.15921845162925907,0.15921845162920878,0.15921845162925907,0.15921845162933637,0.15776544640672807,0.15776544640650256,0.15776544640635062,0.15776544640650256,0.15776544640672807,0.15776544640650256,0.15776544640622753,0.15776544640603313,0.15776544640622753,0.15776544640650256,0.15776544640635062,0.15776544640603313,0.1577654464058042,0.15776544640603313,0.15776544640635062,0.15776544640650256,0.15776544640622753,0.15776544640603313,0.15776544640622753,0.15776544640650256,0.15776544640672807,0.15776544640650256,0.15776544640635062,0.15776544640650256,0.15776544640672807,0.15634146272213145,0.15634146272149557,0.15634146272104663,0.15634146272149557,0.15634146272213145,0.15634146272149557,0.15634146272065874,0.15634146272002242,0.15634146272065874,0.15634146272149557,0.15634146272104663,0.15634146272002242,0.15634146271919833,0.15634146272002242,0.15634146272104663,0.15634146272149557,0.15634146272065874,0.15634146272002242,0.15634146272065874,0.15634146272149557,0.15634146272213145,0.15634146272149557,0.15634146272104663,0.15634146272149557,0.15634146272213145,0.15494591477645567,0.15494591477475758,0.15494591477346326,0.15494591477475758,0.15494591477645567,0.15494591477475758,0.1549459147722806,0.154945914770145,0.1549459147722806,0.15494591477475758,0.15494591477346326,0.154945914770145,0.15494591476692757,0.154945914770145,0.15494591477346326,0.15494591477475758,0.1549459147722806,0.154945914770145,0.1549459147722806,0.15494591477475758,0.15494591477645567,0.15494591477475758,0.15494591477346326,0.15494591477475758,0.15494591477645567,0.15357822081265018,0.1535782208085016,0.15357822080495429,0.1535782208085016,0.15357822081265018,0.1535782208085016,0.15357822080153674,0.1535782207942612,0.15357822080153674,0.1535782208085016,0.15357822080495429,0.1535782207942612,0.15357822078028133,0.1535782207942612,0.15357822080495429,0.1535782208085016,0.15357822080153674,0.1535782207942612,0.15357822080153674,0.1535782208085016,0.15357822081265018,0.1535782208085016,0.15357822080495429,0.1535782208085016,0.15357822081265018,0.15223780397835537,0.15223780396971157,0.1522378039610099,0.15223780396971157,0.15223780397835537,0.15223780396971157,0.15223780395219935,0.15223780392804856,0.15223780395219935,0.15223780396971157,0.1522378039610099,0.15223780392804856,0.15223780385936225,0.15223780392804856,0.1522378039610099,0.15223780396971157,0.15223780395219935,0.15223780392804856,0.15223780395219935,0.15223780396971157,0.15223780397835537,0.15223780396971157,0.1522378039610099,0.15223780396971157,0.15223780397835537,0.1509240930886106,0.15092409307568957,0.15092409305966506,0.15092409307568957,0.1509240930886106,0.15092409307568957,0.15092409304298196,0.15092409297562723,0.15092409304298196,0.15092409307568957,0.15092409305966506,0.15092409297562723,0.15092409259438422,0.15092409297562723,0.15092409305966506,0.15092409307568957,0.15092409304298196,0.15092409297562723,0.15092409304298174,0.15092409307568957,0.1509240930886106,0.15092409307568957,0.15092409305966506,0.15092409307568957,0.1509240930886106,0.14963652329081814,0.14963652328387042,0.1496365232771534,0.14963652328387042,0.14963652329081814,0.14963652328387042,0.14963652327038704,0.14963652325384427,0.14963652327038704,0.14963652328387042,0.1496365232771534,0.14963652325384427,0.14963652322335283,0.14963652325384427,0.1496365232771534,0.14963652328387042,0.14963652327038704,0.14963652325384427,0.14963652327038704,0.14963652328387042,0.14963652329081814,0.14963652328387042,0.1496365232771534,0.14963652328387042,0.14963652329081814,0.14837453662940012,0.14837453662784222,0.14837453662706682,0.14837453662784222,0.14837453662940012,0.14837453662784222,0.14837453662646746,0.14837453662830796,0.14837453662646746,0.14837453662784222,0.14837453662706682,0.14837453662830796,0.14837453665254932,0.14837453662830796,0.14837453662706682,0.14837453662784222,0.14837453662646746,0.14837453662830796,0.14837453662646746,0.14837453662784222,0.14837453662940012,0.14837453662784222,0.14837453662706682,0.14837453662784222,0.14837453662940012,0.14713758257625695,0.1471375825775529,0.1471375825793019,0.1471375825775529,0.14713758257625695,0.1471375825775529,0.14713758258119095,0.14713758258832843,0.14713758258119095,0.1471375825775529,0.1471375825793019,0.14713758258832843,0.14713758262189885,0.14713758258832843,0.1471375825793019,0.1471375825775529,0.14713758258119095,0.14713758258832843,0.14713758258119095,0.1471375825775529,0.14713758257625695,0.1471375825775529,0.1471375825793019,0.1471375825775529,0.14713758257625695,0.14592511847265086,0.14592511847529066,0.14592511847811263,0.14592511847529066,0.14592511847265086,0.14592511847529066,0.14592511848100584,0.14592511849010953,0.14592511848100584,0.14592511847529066,0.14592511847811263,0.14592511849010953,0.14592511852762408,0.14592511849010953,0.14592511847811263,0.14592511847529066,0.14592511848100584,0.14592511849010953,0.14592511848100584,0.14592511847529066,0.14592511847265086,0.14592511847529066,0.14592511847811263,0.14592511847529066,0.14592511847265086,0.14473660990060216,0.14473660990396764,0.1447366099074082,0.14473660990396764,0.14473660990060216,0.14473660990396764,0.1447366099108826,0.14473660992144585,0.1447366099108826,0.14473660990396764,0.1447366099074082,0.14473660992144585,0.14473660996401838,0.14473660992144585,0.1447366099074082,0.14473660990396764,0.1447366099108826,0.14473660992144585,0.1447366099108826,0.14473660990396764,0.14473660990060216,0.14473660990396764,0.1447366099074082,0.14473660990396764,0.14473660990060216,0.14357153099585615,0.1435715309996925,0.14357153100358977,0.1435715309996925,0.14357153099585615,0.1435715309996925,0.14357153100751066,0.14357153101943776,0.14357153100751066,0.1435715309996925,0.14357153100358977,0.14357153101943776,0.14357153106773915,0.14357153101943776,0.14357153100358977,0.1435715309996925,0.14357153100751066,0.14357153101943776,0.14357153100751066,0.1435715309996925,0.14357153099585615,0.1435715309996925,0.14357153100358977,0.1435715309996925,0.14357153099585615,0.1424293647085251,0.1424293647126273,0.1424293647168104,0.1424293647126273,0.1424293647085251,0.1424293647126273,0.14242936472101642,0.14242936473393367,0.14242936472101642,0.1424293647126273,0.1424293647168104,0.14242936473393367,0.14242936478677923,0.14242936473393367,0.1424293647168104,0.1424293647126273,0.14242936472101642,0.14242936473393367,0.14242936472101642,0.1424293647126273,0.1424293647085251,0.1424293647126273,0.1424293647168104,0.1424293647126273,0.1424293647085251,0.14130960301586704,0.1413096030199675,0.14130960302414558,0.1413096030199675,0.14130960301586704,0.1413096030199675,0.1413096030283352,0.14130960304137916,0.1413096030283352,0.1413096030199675,0.14130960302414558,0.14130960304137916,0.14130960309627666,0.14130960304137916,0.14130960302414558,0.1413096030199675,0.1413096030283352,0.14130960304137916,0.1413096030283352,0.1413096030199675,0.14130960301586704,0.1413096030199675,0.14130960302414558,0.1413096030199675,0.14130960301586704,0.14021174709133344,0.14021174709518205,0.14021174709891168,0.14021174709518205,0.14021174709133344,0.14021174709518205,0.14021174710259648,0.1402117471134809,0.14021174710259648,0.14021174709518205,0.14021174709891168,0.1402117471134809,0.14021174715805473,0.1402117471134809,0.14021174709891168,0.14021174709518205,0.14021174710259648,0.1402117471134809,0.14021174710259648,0.14021174709518205,0.14021174709133344,0.14021174709518205,0.14021174709891168,0.14021174709518205,0.14021174709133344,0.13913530743366637,0.13913530743767752,0.13913530744114727,0.13913530743767752,0.13913530743366637,0.13913530743767752,0.13913530744449923,0.1391353074518777,0.13913530744449923,0.13913530743767752,0.13913530744114727,0.1391353074518777,0.1391353074675371,0.1391353074518777,0.13913530744114727,0.13913530743767752,0.13913530744449923,0.1391353074518777,0.13913530744449923,0.13913530743767752,0.13913530743366637,0.13913530743767752,0.13913530744114727,0.13913530743767752,0.13913530743366637,0.13807980395874134,0.13807980396471786,0.13807980397049782,0.13807980396471786,0.13807980395874134,0.13807980396471786,0.13807980397627884,0.13807980399140996,0.13807980397627884,0.13807980396471786,0.13807980397049782,0.13807980399140996,0.13807980403234338,0.13807980399140996,0.13807980397049782,0.13807980396471786,0.13807980397627884,0.13807980399140996,0.13807980397627884,0.13807980396471786,0.13807980395874134,0.13807980396471786,0.13807980397049782,0.13807980396471786,0.13807980395874134,0.13704476605753435,0.137044766066112,0.13704476607631083,0.137044766066112,0.13704476605753435,0.137044766066112,0.13704476608683702,0.1370447661277648,0.13704476608683702,0.137044766066112,0.13704476607631083,0.1370447661277648,0.13704476635274893,0.1370447661277648,0.13704476607631083,0.137044766066112,0.13704476608683702,0.1370447661277648,0.13704476608683702,0.137044766066112,0.13704476605753435,0.137044766066112,0.13704476607631083,0.137044766066112,0.13704476605753435,0.13602973263024254,0.13602973263610213,0.13602973264179172,0.13602973263610213,0.13602973263024254,0.13602973263610213,0.13602973264747895,0.13602973266257057,0.13602973264747895,0.13602973263610213,0.13602973264179172,0.13602973266257057,0.13602973270422106,0.13602973266257057,0.13602973264179172,0.13602973263610213,0.13602973264747895,0.13602973266257057,0.13602973264747895,0.13602973263610213,0.13602973263024254,0.13602973263610213,0.13602973264179172,0.13602973263610213,0.13602973263024254,0.13503425210423112,0.1350342521078738,0.13503425211086892,0.1350342521078738,0.13503425210423112,0.1350342521078738,0.13503425211370287,0.13503425211945502,0.13503425211370287,0.1350342521078738,0.13503425211086892,0.13503425211945502,0.1350342521298744,0.13503425211945502,0.13503425211086892,0.1350342521078738,0.13503425211370287,0.13503425211945502,0.13503425211370287,0.1350342521078738,0.13503425210423112,0.1350342521078738,0.13503425211086892,0.1350342521078738,0.13503425210423112
0.16533248766165448,0.16533248766165332,0.1653324876616526,0.16533248766165332,0.16533248766165448,0.16533248766165332,0.16533248766165212,0.16533248766165118,0.16533248766165212,0.16533248766165332,0.1653324876616526,0.16533248766165118,0.16533248766165046,0.16533248766165118,0.1653324876616526,0.16533248766165332,0.16533248766165212,0.16533248766165118,0.16533248766165212,0.16533248766165332,0.16533248766165448,0.16533248766165332,0.1653324876616526,0.16533248766165332,0.16533248766165448,0.1637574939453608,0.1637574939453578,0.16375749394535616,0.1637574939453578,0.1637574939453608,0.1637574939453578,0.163757493945355,0.16375749394535316,0.163757493945355,0.1637574939453578,0.16375749394535616,0.16375749394535316,0.16375749394535108,0.16375749394535316,0.16375749394535616,0.1637574939453578,0.163757493945355,0.16375749394535316,0.163757493945355,0.1637574939453578,0.1637574939453608,0.1637574939453578,0.16375749394535616,0.1637574939453578,0.1637574939453608,0.16221388416095187,0.1622138841609435,0.16221388416093804,0.1622138841609435,0.16221388416095187,0.1622138841609435,0.16221388416093444,0.16221388416092875,0.16221388416093444,0.1622138841609435,0.16221388416093804,0.16221388416092875,0.16221388416092283,0.16221388416092875,0.16221388416093804,0.1622138841609435,0.16221388416093444,0.16221388416092875,0.16221388416093444,0.1622138841609435,0.16221388416095187,0.1622138841609435,0.16221388416093804,0.1622138841609435,0.16221388416095187,0.16070106726548028,0.16070106726545494,0.16070106726543873,0.16070106726545494,0.16070106726548028,0.16070106726545494,0.16070106726542696,0.16070106726540873,0.16070106726542696,0.16070106726545494,0.16070106726543873,0.16070106726540873,0.1607010672653894,0.16070106726540873,0.16070106726543873,0.16070106726545494,0.16070106726542696,0.16070106726540873,0.16070106726542696,0.16070106726545494,0.16070106726548028,0.16070106726545494,0.16070106726543873,0.16070106726545494,0.16070106726548028,0.1592184516339598,0.15921845163388404,0.15921845163383463,0.15921845163388404,0.1592184516339598,0.15921845163388404,0.15921845163379694,0.1592184516337384,0.15921845163379694,0.15921845163388404,0.15921845163383463,0.1592184516337384,0.15921845163367243,0.1592184516337384,0.15921845163383463,0.15921845163388404,0.15921845163379694,0.1592184516337384,0.15921845163379694,0.15921845163388404,0.1592184516339598,0.15921845163388404,0.15921845163383463,0.15921845163388404,0.1592184516339598,0.157765446411263,0.15776544641104154,0.1577654464108926,0.15776544641104154,0.157765446411263,0.15776544641104154,0.15776544641077184,0.15776544641058088,0.15776544641077184,0.15776544641104154,0.1577654464108926,0.15776544641058088,0.15776544641035598,0.15776544641058088,0.1577654464108926,0.15776544641104154,0.15776544641077184,0.15776544641058088,0.15776544641077184,0.15776544641104154,0.157765446411263,0.15776544641104154,0.1577654464108926,0.15776544641104154,0.157765446411263,0.15634146272657312,0.1563414627259485,0.15634146272550747,0.1563414627259485,0.15634146272657312,0.1563414627259485,0.15634146272512672,0.1563414627245019,0.15634146272512672,0.1563414627259485,0.15634146272550747,0.1563414627245019,0.15634146272369265,0.1563414627245019,0.15634146272550747,0.1563414627259485,0.15634146272512672,0.1563414627245019,0.15634146272512672,0.1563414627259485,0.15634146272657312,0.1563414627259485,0.15634146272550747,0.1563414627259485,0.15634146272657312,0.1549459147807834,0.15494591477911526,0.15494591477784386,0.15494591477911526,0.1549459147807834,0.15494591477911526,0.15494591477668251,0.15494591477458544,0.15494591477668251,0.15494591477911526,0.15494591477784386,0.15494591477458544,0.15494591477142683,0.15494591477458544,0.15494591477784386,0.15494591477911526,0.15494591477668251,0.15494591477458544,0.15494591477668251,0.15494591477911526,0.1549459147807834,0.15494591477911526,0.15494591477784386,0.15494591477911526,0.1549459147807834,0.15357822081680464,0.15357822081272832,0.1535782208092437,0.15357822081272832,0.15357822081680464,0.15357822081272832,0.15357822080588698,0.153578220798743,0.15357822080588698,0.15357822081272832,0.1535782208092437,0.153578220798743,0.15357822078502062,0.153578220798743,0.1535782208092437,0.15357822081272832,0.15357822080588698,0.153578220798743,0.15357822080588698,0.15357822081272832,0.15357822081680464,0.15357822081272832,0.1535782208092437,0.15357822081272832,0.15357822081680464,0.15223780398218845,0.15223780397369127,0.15223780396514136,0.15223780397369127,0.15223780398218845,0.15223780397369127,0.15223780395648534,0.15223780393277053,0.15223780395648534,0.15223780397369127,0.15223780396514136,0.15223780393277053,0.15223780386535915,0.15223780393277053,0.15223780396514136,0.15223780397369127,0.15223780395648534,0.15223780393277053,0.15223780395648534,0.15223780397369127,0.15223780398218845,0.15223780397369127,0.15223780396514136,0.15223780397369127,0.15223780398218845,0.15092409309181654,0.15092409307910004,0.1509240930633425,0.15092409307910004,0.15092409309181654,0.15092409307910004,0.1509240930469393,0.15092409298078183,0.1509240930469393,0.15092409307910004,0.1509240930633425,0.15092409298078183,0.15092409260664927,0.15092409298078183,0.1509240930633425,0.15092409307910004,0.1509240930469393,0.15092409298078183,0.1509240930469393,0.15092409307910004,0.15092409309181654,0.15092409307910004,0.1509240930633425,0.15092409307910004,0.15092409309181654,0.14963652329296762,0.14963652328607496,0.14963652327939728,0.14963652328607496,0.14963652329296762,0.14963652328607496,0.14963652327266816,0.14963652325610802,0.14963652327266816,0.14963652328607496,0.14963652327939728,0.14963652325610802,0.1496365232245367,0.14963652325610802,0.14963652327939728,0.14963652328607496,0.14963652327266816,0.14963652325610802,0.14963652327266816,0.14963652328607496,0.14963652329296762,0.14963652328607496,0.14963652327939728,0.14963652328607496,0.14963652329296762,0.14837453663036587,0.14837453662876224,0.14837453662791858,0.14837453662876224,0.14837453663036587,0.14837453662876224,0.14837453662724512,0.14837453662876707,0.14837453662724512,0.14837453662876224,0.14837453662791858,0.14837453662876707,0.14837453665129738,0.14837453662876707,0.14837453662791858,0.14837453662876224,0.14837453662724512,0.14837453662876707,0.14837453662724512,0.14837453662876224,0.14837453663036587,0.14837453662876224,0.14837453662791858,0.14837453662876224,0.14837453663036587,0.14713758257611764,0.14713758257734144,0.14713758257900708,0.14713758257734144,0.14713758257611764,0.14713758257734144,0.14713758258080967,0.14713758258765375,0.14713758258080967,0.14713758257734144,0.14713758257900708,0.14713758258765375,0.1471375826199246,0.14713758258765375,0.14713758257900708,0.14713758257734144,0.14713758258080967,0.14713758258765375,0.14713758258080967,0.14713758257734144,0.14713758257611764,0.14713758257734144,0.14713758257900708,0.14713758257734144,0.14713758257611764,0.14592511847153994,0.14592511847411846,0.14592511847687614,0.14592511847411846,0.14592511847153994,0.14592511847411846,0.145925118479704,0.145925118488607,0.145925118479704,0.14592511847411846,0.14592511847687614,0.145925118488607,0.1459251185253208,0.145925118488607,0.14592511847687614,0.14592511847411846,0.145925118479704,0.145925118488607,0.145925118479704,0.14592511847411846,0.14592511847153994,0.14592511847411846,0.14592511847687614,0.14592511847411846,0.14592511847153994,0.144736609898632,0.14473660990195683,0.14473660990535778,0.14473660990195683,0.144736609898632,0.14473660990195683,0.14473660990879256,0.14473660991924442,0.14473660990879256,0.14473660990195683,0.14473660990535778,0.14473660991924442,0.14473660996139961,0.14473660991924442,0.14473660990535778,0.14473660990195683,0.14473660990879256,0.14473660991924442,0.14473660990879256,0.14473660990195683,0.144736609898632,0.14473660990195683,0.14473660990535778,0.14473660990195683,0.144736609898632,0.1435715309930973,0.14357153099691003,0.1435715310007861,0.14357153099691003,0.1435715309930973,0.14357153099691003,0.14357153100468661,0.14357153101656167,0.14357153100468661,0.14357153099691003,0.1435715310007861,0.14357153101656167,0.1435715310646718,0.14357153101656167,0.1435715310007861,0.14357153099691003,0.14357153100468661,0.14357153101656167,0.14357153100468661,0.14357153099691003,0.1435715309930973,0.14357153099691003,0.1435715310007861,0.14357153099691003,0.1435715309930973,0.14242936470501238,0.14242936470910017,0.14242936471327114,0.14242936470910017,0.14242936470501238,0.14242936470910017,0.14242936471746628,0.14242936473035886,0.14242936471746628,0.14242936470910017,0.14242936471327114,0.14242936473035886,0.14242936478315962,0.14242936473035886,0.14242936471327114,0.14242936470910017,0.14242936471746628,0.14242936473035886,0.14242936471746628,0.14242936470910017,0.14242936470501238,0.14242936470910017,0.14242936471327114,0.14242936470910017,0.14242936470501238,0.14130960301161657,0.14130960301570272,0.14130960301986947,0.14130960301570272,0.14130960301161657,0.14130960301570272,0.1413096030240487,0.1413096030370718,0.1413096030240487,0.14130960301570272,0.14130960301986947,0.1413096030370718,0.1413096030919287,0.1413096030370718,0.14130960301986947,0.14130960301570272,0.1413096030240487,0.1413096030370718,0.1413096030240487,0.14130960301570272,0.14130960301161657,0.14130960301570272,0.14130960301986947,0.14130960301570272,0.14130960301161657,0.14021174708636025,0.14021174709018466,0.14021174709389336,0.14021174709018466,0.14021174708636025,0.14021174709018466,0.14021174709755846,0.14021174710839127,0.14021174709755846,0.14021174709018466,0.14021174709389336,0.14021174710839127,0.1402117471527445,0.14021174710839127,0.14021174709389336,0.14021174709018466,0.14021174709755846,0.14021174710839127,0.14021174709755846,0.14021174709018466,0.14021174708636025,0.14021174709018466,0.14021174709389336,0.14021174709018466,0.14021174708636025,0.13913530742800534,0.1391353074319711,0.13913530743540212,0.1391353074319711,0.13913530742800534,0.1391353074319711,0.1391353074387168,0.1391353074460157,0.1391353074387168,0.1391353074319711,0.13913530743540212,0.1391353074460157,0.13913530746151667,0.1391353074460157,0.13913530743540212,0.1391353074319711,0.1391353074387168,0.1391353074460157,0.1391353074387168,0.1391353074319711,0.13913530742800534,0.1391353074319711,0.13913530743540212,0.1391353074319711,0.13913530742800534,0.13807980395247132,0.1380798039583587,0.13807980396405073,0.1380798039583587,0.13807980395247132,0.1380798039583587,0.1380798039697431,0.13807980398463823,0.1380798039697431,0.1380798039583587,0.13807980396405073,0.13807980398463823,0.13807980402492062,0.13807980398463823,0.13807980396405073,0.1380798039583587,0.1380798039697431,0.13807980398463823,0.1380798039697431,0.1380798039583587,0.13807980395247132,0.1380798039583587,0.13807980396405073,0.1380798039583587,0.13807980395247132,0.13704476605082513,0.1370447660592655,0.13704476606929936,0.1370447660592655,0.13704476605082513,0.1370447660592655,0.1370447660796548,0.13704476611991442,0.1370447660796548,0.1370447660592655,0.13704476606929936,0.13704476611991442,0.13704476634121762,0.13704476611991442,0.13704476606929936,0.1370447660592655,0.1370447660796548,0.13704476611991442,0.1370447660796548,0.1370447660592655,0.13704476605082513,0.1370447660592655,0.13704476606929936,0.1370447660592655,0.13704476605082513,0.13602973262336474,0.13602973262912946,0.13602973263472645,0.13602973262912946,0.13602973262336474,0.13602973262912946,0.1360297326403211,0.13602973265516596,0.1360297326403211,0.13602973262912946,0.13602973263472645,0.13602973265516596,0.13602973269613414,0.13602973265516596,0.13602973263472645,0.13602973262912946,0.1360297326403211,0.13602973265516596,0.1360297326403211,0.13602973262912946,0.13602973262336474,0.13602973262912946,0.13602973263472645,0.13602973262912946,0.13602973262336474,0.13503425209737047,0.13503425210095404,0.13503425210390033,0.13503425210095404,0.13503425209737063,0.13503425210095404,0.13503425210668807,0.1350342521123462,0.13503425210668796,0.13503425210095404,0.13503425210390033,0.1350342521123462,0.1350342521225951,0.1350342521123462,0.13503425210390033,0.13503425210095404,0.13503425210668796,0.1350342521123462,0.13503425210668807,0.13503425210095404,0.13503425209737063,0.13503425210095404,0.13503425210390033,0.13503425210095404,0.13503425209737063
0.16533248766690686,0.1653324876669057,0.16533248766690498,0.1653324876669057,0.16533248766690686,0.1653324876669057,0.1653324876669045,0.1653324876669038,0.1653324876669045,0.1653324876669057,0.16533248766690498,0.1653324876669038,0.16533248766690284,0.1653324876669038,0.16533248766690498,0.1653324876669057,0.1653324876669045,0.1653324876669038,0.1653324876669045,0.1653324876669057,0.16533248766690686,0.1653324876669057,0.16533248766690498,0.1653324876669057,0.16533248766690686,0.1637574939505102,0.16375749395050765,0.1637574939505058,0.1637574939505074,0.1637574939505102,0.16375749395050765,0.16375749395050462,0.1637574939505028,0.16375749395050462,0.16375749395050765,0.1637574939505058,0.1637574939505028,0.16375749395050093,0.1637574939505028,0.1637574939505058,0.1637574939505074,0.16375749395050462,0.1637574939505028,0.16375749395050462,0.1637574939505074,0.1637574939505102,0.16375749395050765,0.1637574939505058,0.1637574939505074,0.1637574939505102,0.16221388416600202,0.16221388416599383,0.16221388416598867,0.16221388416599383,0.16221388416600202,0.16221388416599383,0.162213884165985,0.16221388416597934,0.162213884165985,0.16221388416599383,0.16221388416598867,0.16221388416597934,0.16221388416597365,0.16221388416597934,0.16221388416598867,0.16221388416599383,0.162213884165985,0.16221388416597934,0.162213884165985,0.16221388416599383,0.16221388416600202,0.16221388416599383,0.16221388416598867,0.16221388416599383,0.16221388416600202,0.16070106727043407,0.16070106727040917,0.1607010672703934,0.16070106727040917,0.16070106727043407,0.16070106727040917,0.16070106727038186,0.1607010672703643,0.16070106727038186,0.16070106727040917,0.1607010672703934,0.1607010672703643,0.1607010672703452,0.1607010672703643,0.1607010672703934,0.16070106727040917,0.16070106727038186,0.1607010672703643,0.16070106727038186,0.16070106727040917,0.16070106727043407,0.16070106727040917,0.1607010672703934,0.16070106727040917,0.16070106727043407,0.1592184516388199,0.15921845163874565,0.1592184516386971,0.15921845163874565,0.1592184516388199,0.15921845163874565,0.1592184516386603,0.15921845163860304,0.1592184516386603,0.15921845163874565,0.1592184516386971,0.15921845163860304,0.15921845163853837,0.15921845163860304,0.1592184516386971,0.15921845163874565,0.1592184516386603,0.15921845163860304,0.1592184516386603,0.15921845163874565,0.1592184516388199,0.15921845163874565,0.1592184516386971,0.15921845163874565,0.1592184516388199,0.15776544641602966,0.15776544641581244,0.15776544641566628,0.15776544641581244,0.15776544641602966,0.15776544641581244,0.15776544641554807,0.15776544641536094,0.15776544641554807,0.15776544641581244,0.15776544641566628,0.15776544641536094,0.15776544641514034,0.15776544641536094,0.15776544641566628,0.15776544641581244,0.15776544641554807,0.15776544641536094,0.15776544641554807,0.15776544641581244,0.15776544641602966,0.15776544641581244,0.15776544641566628,0.15776544641581244,0.15776544641602966,0.15634146273124058,0.1563414627306281,0.15634146273019567,0.1563414627306281,0.15634146273124058,0.1563414627306281,0.15634146272982222,0.1563414627292095,0.15634146272982222,0.1563414627306281,0.15634146273019567,0.1563414627292095,0.15634146272841637,0.1563414627292095,0.15634146273019567,0.1563414627306281,0.15634146272982222,0.1563414627292095,0.15634146272982222,0.1563414627306281,0.15634146273124058,0.1563414627306281,0.15634146273019567,0.1563414627306281,0.15634146273124058,0.15494591478533004,0.15494591478369385,0.15494591478244685,0.15494591478369385,0.15494591478533004,0.15494591478369385,0.15494591478130784,0.15494591477925196,0.15494591478130784,0.15494591478369385,0.15494591478244685,0.15494591477925196,0.15494591477615605,0.15494591477925196,0.15494591478244685,0.15494591478369385,0.15494591478130784,0.15494591477925196,0.15494591478130784,0.15494591478369385,0.15494591478533004,0.15494591478369385,0.15494591478244685,0.15494591478369385,0.15494591478533004,0.15357822082116696,0.15357822081716735,0.1535782208137496,0.15357822081716735,0.15357822082116696,0.15357822081716735,0.15357822081045758,0.15357822080345357,0.15357822081045758,0.15357822081716735,0.1535782208137496,0.15357822080345357,0.15357822079000533,0.15357822080345357,0.1535782208137496,0.15357822081716735,0.15357822081045758,0.15357822080345357,0.15357822081045758,0.15357822081716735,0.15357822082116696,0.15357822081716735,0.1535782208137496,0.15357822081716735,0.15357822082116696,0.15223780398620848,0.15223780397786763,0.1522378039694791,0.15223780397786763,0.15223780398620848,0.15223780397786763,0.15223780396098763,0.152237803937737,0.15223780396098763,0.15223780397786763,0.1522378039694791,0.152237803937737,0.15223780387168243,0.152237803937737,0.1522378039694791,0.15223780397786763,0.15223780396098763,0.152237803937737,0.15223780396098763,0.15223780397786763,0.15223780398620848,0.15223780397786763,0.1522378039694791,0.15223780397786763,0.15223780398620848,0.1509240930951695,0.15092409308267038,0.15092409306719706,0.15092409308267038,0.1509240930951695,0.15092409308267038,0.15092409305109172,0.1509240929862083,0.15092409305109172,0.15092409308267038,0.15092409306719706,0.1509240929862083,0.15092409261966716,0.1509240929862083,0.15092409306719706,0.15092409308267038,0.15092409305109172,0.1509240929862083,0.1509240930510915,0.15092409308267038,0.1509240930951695,0.15092409308267038,0.15092409306719706,0.15092409308267038,0.1509240930951695,0.14963652329519656,0.14963652328836174,0.14963652328172528,0.14963652328836174,0.14963652329519656,0.14963652328836174,0.14963652327503565,0.14963652325845528,0.1496365232750355,0.14963652328836174,0.14963652328172528,0.14963652325845528,0.14963652322570598,0.14963652325845528,0.14963652328172528,0.14963652328836174,0.1496365232750355,0.14963652325845528,0.1496365232750355,0.14963652328836174,0.14963652329519656,0.14963652328836174,0.14963652328172528,0.14963652328836174,0.14963652329519656,0.14837453663133626,0.14837453662968275,0.14837453662876535,0.14837453662968275,0.14837453663133626,0.14837453662968275,0.14837453662801217,0.14837453662919184,0.14837453662801217,0.14837453662968275,0.14837453662876535,0.14837453662919184,0.14837453664988148,0.14837453662919184,0.14837453662876535,0.14837453662968275,0.14837453662801217,0.14837453662919184,0.14837453662801217,0.14837453662968275,0.14837453663133626,0.14837453662968275,0.14837453662876535,0.14837453662968275,0.14837453663133626,0.14713758257591564,0.147137582577061,0.1471375825786365,0.147137582577061,0.14713758257591564,0.147137582577061,0.14713758258034518,0.14713758258687246,0.14713758258034518,0.147137582577061,0.1471375825786365,0.14713758258687246,0.14713758261782137,0.14713758258687246,0.1471375825786365,0.147137582577061,0.14713758258034518,0.14713758258687246,0.14713758258034518,0.147137582577061,0.14713758257591564,0.147137582577061,0.1471375825786365,0.147137582577061,0.14713758257591564,0.14592511847031092,0.1459251184728218,0.14592511847550915,0.1459251184728218,0.14592511847031092,0.1459251184728218,0.14592511847826523,0.14592511848694836,0.14592511847826523,0.1459251184728218,0.14592511847550915,0.14592511848694836,0.1459251185227736,0.14592511848694836,0.14592511847550915,0.1459251184728218,0.14592511847826523,0.14592511848694836,0.14592511847826523,0.1459251184728218,0.14592511847031092,0.1459251184728218,0.14592511847550915,0.1459251184728218,0.14592511847031092,0.14473660989650006,0.1447366098997788,0.14473660990313486,0.1447366098997788,0.14473660989650006,0.1447366098997788,0.14473660990652515,0.1447366099168501,0.14473660990652515,0.1447366098997788,0.14473660990313486,0.1447366099168501,0.14473660995856752,0.1447366099168501,0.14473660990313486,0.1447366098997788,0.14473660990652515,0.1447366099168501,0.14473660990652515,0.1447366098997788,0.14473660989650006,0.1447366098997788,0.14473660990313486,0.1447366098997788,0.14473660989650006,0.14357153099014303,0.14357153099392755,0.14357153099777809,0.14357153099392755,0.14357153099014303,0.14357153099392755,0.14357153100165365,0.14357153101346418,0.14357153100165365,0.14357153099392755,0.14357153099777809,0.14357153101346418,0.1435715310613977,0.14357153101346418,0.14357153099777809,0.14357153099392755,0.14357153100165365,0.14357153101346418,0.14357153100165365,0.14357153099392755,0.14357153099014303,0.14357153099392755,0.14357153099777809,0.14357153099392755,0.14357153099014303,0.14242936470127956,0.14242936470534873,0.14242936470950393,0.14242936470534873,0.14242936470127956,0.14242936470534873,0.14242936471368414,0.14242936472654014,0.14242936471368414,0.14242936470534873,0.14242936470950393,0.14242936472654014,0.14242936477923626,0.14242936472654014,0.14242936470950393,0.14242936470534873,0.14242936471368414,0.14242936472654014,0.14242936471368414,0.14242936470534873,0.14242936470127956,0.14242936470534873,0.14242936470950393,0.14242936470534873,0.14242936470127956,0.14130960300712883,0.14130960301119722,0.1413096030153493,0.14130960301119722,0.14130960300712883,0.14130960301119722,0.14130960301951473,0.1413096030325059,0.14130960301951473,0.14130960301119722,0.1413096030153493,0.1413096030325059,0.14130960308725013,0.1413096030325059,0.1413096030153493,0.14130960301119722,0.14130960301951473,0.1413096030325059,0.14130960301951473,0.14130960301119722,0.14130960300712883,0.14130960301119722,0.1413096030153493,0.14130960301119722,0.14130960300712883,0.14021174708113904,0.14021174708493672,0.140211747088622,0.14021174708493672,0.14021174708113904,0.14021174708493672,0.14021174709226483,0.14021174710303813,0.14021174709226483,0.14021174708493672,0.140211747088622,0.14021174710303813,0.14021174714718435,0.14021174710303813,0.140211747088622,0.14021174708493672,0.14021174709226483,0.14021174710303813,0.14021174709226483,0.14021174708493672,0.14021174708113904,0.14021174708493672,0.140211747088622,0.14021174708493672,0.14021174708113904,0.13913530742209068,0.13913530742600935,0.13913530742940036,0.13913530742600935,0.13913530742209068,0.13913530742600935,0.13913530743267627,0.13913530743989266,0.13913530743267627,0.13913530742600935,0.13913530742940036,0.13913530743989266,0.13913530745522792,0.13913530743989266,0.13913530742940036,0.13913530742600935,0.13913530743267627,0.13913530743989266,0.13913530743267627,0.13913530742600935,0.13913530742209068,0.13913530742600935,0.13913530742940036,0.13913530742600935,0.13913530742209068,0.13807980394594516,0.13807980395174202,0.13807980395734504,0.13807980395174202,0.13807980394594516,0.13807980395174202,0.13807980396294792,0.1380798039776043,0.13807980396294792,0.13807980395174202,0.13807980395734504,0.1380798039776043,0.13807980401722916,0.1380798039776043,0.13807980395734504,0.13807980395174202,0.13807980396294792,0.1380798039776043,0.13807980396294792,0.13807980395174202,0.13807980394594516,0.13807980395174202,0.13807980395734504,0.13807980395174202,0.13807980394594516,0.13704476604385957,0.13704476605216126,0.1370447660620288,0.13704476605216126,0.13704476604385957,0.13704476605216126,0.13704476607221217,0.13704476611179806,0.13704476607221217,0.13704476605216126,0.1370447660620288,0.13704476611179806,0.1370447663293898,0.13704476611179806,0.1370447660620288,0.13704476605216126,0.13704476607221217,0.13704476611179806,0.13704476607221217,0.13704476605216126,0.13704476604385957,0.13704476605216126,0.1370447660620288,0.13704476605216126,0.13704476604385957,0.13602973261623266,0.13602973262190168,0.1360297326274053,0.13602973262190168,0.13602973261623266,0.13602973262190168,0.13602973263290663,0.13602973264750295,0.13602973263290663,0.13602973262190168,0.1360297326274053,0.13602973264750295,0.1360297326877834,0.13602973264750295,0.1360297326274053,0.13602973262190168,0.13602973263290663,0.13602973264750295,0.13602973263290663,0.13602973262190168,0.13602973261623266,0.13602973262190168,0.1360297326274053,0.13602973262190168,0.13602973261623266,0.1350342520902596,0.1350342520937835,0.1350342520966805,0.1350342520937835,0.1350342520902596,0.1350342520937835,0.1350342520994216,0.135034252104985,0.1350342520994216,0.1350342520937835,0.1350342520966805,0.135034252104985,0.13503425211506187,0.135034252104985,0.1350342520966805,0.1350342520937835,0.1350342520994216,0.135034252104985,0.1350342520994216,0.1350342520937835,0.1350342520902596,0.1350342520937835,0.1350342520966805,0.1350342520937835,0.1350342520902596
0.16533248767241224,0.16533248767241104,0.16533248767241035,0.16533248767241104,0.16533248767241224,0.16533248767241104,0.16533248767240985,0.16533248767240916,0.16533248767240985,0.16533248767241104,0.16533248767241035,0.16533248767240916,0.16533248767240846,0.16533248767240916,0.16533248767241035,0.16533248767241104,0.16533248767240985,0.16533248767240916,0.16533248767240985,0.16533248767241104,0.16533248767241224,0.16533248767241104,0.16533248767241035,0.16533248767241104,0.16533248767241224,0.16375749395590777,0.16375749395590522,0.1637574939559034,0.16375749395590522,0.16375749395590777,0.16375749395590522,0.16375749395590222,0.1637574939559006,0.16375749395590222,0.16375749395590522,0.1637574939559034,0.1637574939559006,0.16375749395589875,0.1637574939559006,0.1637574939559034,0.16375749395590522,0.16375749395590222,0.1637574939559006,0.16375749395590222,0.16375749395590522,0.16375749395590777,0.16375749395590522,0.1637574939559034,0.16375749395590522,0.16375749395590777,0.16221388417129515,0.16221388417128696,0.162213884171282,0.16221388417128696,0.16221388417129515,0.16221388417128696,0.16221388417127858,0.16221388417127314,0.16221388417127858,0.16221388417128696,0.162213884171282,0.16221388417127314,0.16221388417126728,0.16221388417127314,0.162213884171282,0.16221388417128696,0.16221388417127858,0.16221388417127314,0.16221388417127858,0.16221388417128696,0.16221388417129515,0.16221388417128696,0.162213884171282,0.16221388417128696,0.16221388417129515,0.160701067275626,0.1607010672756018,0.16070106727558625,0.1607010672756018,0.160701067275626,0.1607010672756018,0.1607010672755749,0.16070106727555758,0.1607010672755749,0.1607010672756018,0.16070106727558625,0.16070106727555758,0.16070106727553893,0.16070106727555758,0.16070106727558625,0.1607010672756018,0.1607010672755749,0.16070106727555758,0.1607010672755749,0.1607010672756018,0.160701067275626,0.1607010672756018,0.16070106727558625,0.1607010672756018,0.160701067275626,0.15921845164391296,0.15921845164384024,0.159218451643793,0.15921845164384024,0.15921845164391296,0.15921845164384024,0.15921845164375684,0.15921845164370088,0.15921845164375684,0.15921845164384024,0.159218451643793,0.15921845164370088,0.15921845164363777,0.15921845164370088,0.159218451643793,0.15921845164384024,0.15921845164375684,0.15921845164370088,0.15921845164375684,0.15921845164384024,0.15921845164391296,0.15921845164384024,0.159218451643793,0.15921845164384024,0.15921845164391296,0.15776544642102416,0.15776544642081167,0.1577654464206685,0.15776544642081167,0.15776544642102416,0.15776544642081167,0.15776544642055307,0.15776544642036955,0.15776544642055307,0.15776544642081167,0.1577654464206685,0.15776544642036955,0.15776544642015386,0.15776544642036955,0.1577654464206685,0.15776544642081167,0.15776544642055307,0.15776544642036955,0.15776544642055307,0.15776544642081167,0.15776544642102416,0.15776544642081167,0.1577654464206685,0.15776544642081167,0.15776544642102416,0.15634146273613053,0.15634146273553062,0.15634146273510718,0.15634146273553062,0.15634146273613053,0.15634146273553062,0.15634146273474164,0.15634146273414212,0.15634146273474164,0.15634146273553062,0.15634146273510718,0.15634146273414212,0.15634146273336574,0.15634146273414212,0.15634146273510718,0.15634146273553062,0.15634146273474164,0.15634146273414212,0.15634146273474164,0.15634146273553062,0.15634146273613053,0.15634146273553062,0.15634146273510718,0.15634146273553062,0.15634146273613053,0.15494591479009204,0.15494591478848965,0.15494591478726868,0.15494591478848965,0.15494591479009204,0.15494591478848965,0.15494591478615347,0.15494591478414102,0.15494591478615347,0.15494591478848965,0.15494591478726868,0.15494591478414102,0.1549459147811115,0.15494591478414102,0.15494591478726868,0.15494591478848965,0.15494591478615347,0.15494591478414102,0.15494591478615347,0.15494591478848965,0.15494591479009204,0.15494591478848965,0.15494591478726868,0.15494591478848965,0.15494591479009204,0.15357822082573394,0.15357822082181585,0.1535782208184686,0.15357822082181585,0.15357822082573394,0.15357822082181585,0.15357822081524508,0.15357822080838948,0.15357822081524508,0.15357822082181585,0.1535782208184686,0.15357822080838948,0.15357822079523167,0.15357822080838948,0.1535782208184686,0.15357822082181585,0.15357822081524508,0.15357822080838948,0.15357822081524508,0.15357822082181585,0.15357822082573394,0.15357822082181585,0.1535782208184686,0.15357822082181585,0.15357822082573394,0.15223780399041298,0.15223780398223746,0.15223780397401998,0.15223780398223746,0.15223780399041298,0.15223780398223746,0.15223780396570294,0.15223780394294398,0.15223780396570294,0.15223780398223746,0.15223780397401998,0.15223780394294398,0.1522378038783273,0.15223780394294398,0.15223780397401998,0.15223780398223746,0.15223780396570294,0.15223780394294398,0.15223780396570294,0.15223780398223746,0.15223780399041298,0.15223780398223746,0.15223780397401998,0.15223780398223746,0.15223780399041298,0.1509240930986671,0.15092409308639818,0.15092409307122562,0.15092409308639818,0.1509240930986671,0.15092409308639818,0.1509240930554357,0.15092409299190251,0.1509240930554357,0.15092409308639818,0.15092409307122562,0.15092409299190251,0.15092409263340306,0.15092409299190251,0.15092409307122562,0.15092409308639818,0.1509240930554357,0.15092409299190251,0.1509240930554357,0.15092409308639818,0.1509240930986671,0.15092409308639818,0.15092409307122562,0.15092409308639818,0.1509240930986671,0.14963652329750357,0.14963652329072963,0.14963652328413626,0.14963652329072963,0.14963652329750357,0.14963652329072963,0.14963652327748792,0.14963652326088484,0.14963652327748792,0.14963652329072963,0.14963652328413626,0.14963652326088484,0.14963652322684673,0.14963652326088484,0.14963652328413626,0.14963652329072963,0.14963652327748792,0.14963652326088484,0.14963652327748792,0.14963652329072963,0.14963652329750357,0.14963652329072963,0.14963652328413626,0.14963652329072963,0.14963652329750357,0.14837453663231145,0.14837453663060424,0.1483745366296075,0.14837453663060424,0.14837453663231145,0.14837453663060424,0.1483745366287689,0.1483745366295827,0.1483745366287689,0.14837453663060424,0.1483745366296075,0.1483745366295827,0.1483745366483325,0.1483745366295827,0.1483745366296075,0.14837453663060424,0.1483745366287689,0.1483745366295827,0.1483745366287689,0.14837453663060424,0.14837453663231145,0.14837453663060424,0.1483745366296075,0.14837453663060424,0.14837453663231145,0.14713758257565188,0.14713758257671258,0.14713758257819126,0.14713758257671258,0.14713758257565188,0.14713758257671258,0.14713758257979892,0.14713758258598597,0.14713758257979892,0.14713758257671258,0.14713758257819126,0.14713758258598597,0.1471375826154128,0.14713758258598597,0.14713758257819126,0.14713758257671258,0.14713758257979892,0.14713758258598597,0.14713758257979892,0.14713758257671258,0.14713758257565188,0.14713758257671258,0.14713758257819126,0.14713758257671258,0.14713758257565188,0.14592511846896564,0.145925118471403,0.1459251184740138,0.145925118471403,0.14592511846896564,0.145925118471403,0.14592511847669168,0.145925118485136,0.14592511847669168,0.145925118471403,0.1459251184740138,0.145925118485136,0.14592511852001183,0.145925118485136,0.1459251184740138,0.145925118471403,0.14592511847669168,0.145925118485136,0.14592511847669168,0.145925118471403,0.14592511846896564,0.145925118471403,0.1459251184740138,0.145925118471403,0.14592511846896564,0.14473660989420875,0.14473660989743634,0.14473660990074247,0.14473660989743634,0.14473660989420875,0.14473660989743634,0.14473660990408285,0.1447366099142659,0.14473660990408285,0.14473660989743634,0.14473660990074247,0.1447366099142659,0.14473660995544588,0.1447366099142659,0.14473660990074247,0.14473660989743634,0.14473660990408285,0.1447366099142659,0.14473660990408285,0.14473660989743634,0.14473660989420875,0.14473660989743634,0.14473660990074247,0.14473660989743634,0.14473660989420875,0.14357153098699627,0.1435715309907484,0.14357153099456904,0.1435715309907484,0.14357153098699627,0.1435715309907484,0.14357153099841533,0.1435715310101482,0.14357153099841533,0.1435715309907484,0.14357153099456904,0.1435715310101482,0.14357153105780468,0.1435715310101482,0.14357153099456904,0.1435715309907484,0.14357153099841533,0.1435715310101482,0.14357153099841533,0.1435715309907484,0.14357153098699627,0.1435715309907484,0.14357153099456904,0.1435715309907484,0.14357153098699627,0.14242936469732984,0.14242936470137685,0.14242936470551226,0.14242936470137685,0.14242936469732984,0.14242936470137685,0.14242936470967354,0.14242936472248122,0.14242936470967354,0.14242936470137685,0.14242936470551226,0.14242936472248122,0.14242936477499937,0.14242936472248122,0.14242936470551226,0.14242936470137685,0.14242936470967354,0.14242936472248122,0.14242936470967354,0.14242936470137685,0.14242936469732984,0.14242936470137685,0.14242936470551226,0.14242936470137685,0.14242936469732984,0.1413096030024075,0.14130960300645498,0.14130960301058884,0.14130960300645498,0.1413096030024075,0.14130960300645498,0.14130960301473716,0.14130960302768558,0.14130960301473716,0.14130960300645498,0.14130960301058884,0.14130960302768558,0.14130960308229412,0.14130960302768558,0.14130960301058884,0.14130960300645498,0.14130960301473716,0.14130960302768558,0.14130960301473716,0.14130960300645498,0.1413096030024075,0.14130960300645498,0.14130960301058884,0.14130960300645498,0.1413096030024075,0.14021174707567416,0.1402117470794428,0.1402117470831021,0.1402117470794428,0.14021174707567416,0.1402117470794428,0.14021174708672,0.14021174709742587,0.14021174708672,0.1402117470794428,0.1402117470831021,0.14021174709742587,0.1402117471412799,0.14021174709742587,0.1402117470831021,0.1402117470794428,0.14021174708672,0.14021174709742587,0.14021174708672,0.1402117470794428,0.14021174707567416,0.1402117470794428,0.1402117470831021,0.1402117470794428,0.14021174707567416,0.13913530741592733,0.13913530741979727,0.13913530742314686,0.13913530741979727,0.13913530741592733,0.13913530741979727,0.13913530742638278,0.1391353074335135,0.13913530742638278,0.13913530741979727,0.13913530742314686,0.1391353074335135,0.13913530744867592,0.1391353074335135,0.13913530742314686,0.13913530741979727,0.13913530742638278,0.1391353074335135,0.13913530742638278,0.13913530741979727,0.13913530741592733,0.13913530741979727,0.13913530742314686,0.13913530741979727,0.13913530741592733,0.13807980393916783,0.13807980394487288,0.13807980395038585,0.13807980394487288,0.13807980393916783,0.13807980394487288,0.13807980395589817,0.13807980397031347,0.13807980395589817,0.13807980394487288,0.13807980395038585,0.13807980397031347,0.13807980400927505,0.13807980397031347,0.13807980395038585,0.13807980394487288,0.13807980395589817,0.13807980397031347,0.13807980395589817,0.13807980394487304,0.13807980393916783,0.13807980394487288,0.13807980395038585,0.13807980394487304,0.13807980393916783,0.13704476603664267,0.1370447660448045,0.13704476605450436,0.1370447660448045,0.13704476603664267,0.1370447660448045,0.1370447660645142,0.13704476610342156,0.1370447660645142,0.1370447660448045,0.13704476605450436,0.13704476610342156,0.13704476631725473,0.13704476610342156,0.13704476605450436,0.1370447660448045,0.1370447660645142,0.13704476610342156,0.1370447660645142,0.1370447660448045,0.13704476603664267,0.1370447660448045,0.13704476605450436,0.1370447660448045,0.13704476603664267,0.13602973260885173,0.1360297326144243,0.13602973261983403,0.1360297326144243,0.13602973260885173,0.1360297326144243,0.13602973262524107,0.1360297326395869,0.13602973262524107,0.1360297326144243,0.13602973261983403,0.1360297326395869,0.13602973267917462,0.1360297326395869,0.13602973261983403,0.1360297326144243,0.13602973262524107,0.1360297326395869,0.13602973262524107,0.1360297326144243,0.13602973260885173,0.1360297326144243,0.13602973261983403,0.1360297326144243,0.13602973260885173,0.13503425208290362,0.1350342520863673,0.13503425208921474,0.1350342520863673,0.13503425208290362,0.1350342520863673,0.1350342520919089,0.13503425209737677,0.1350342520919089,0.1350342520863673,0.13503425208921474,0.13503425209737677,0.1350342521072805,0.13503425209737677,0.13503425208921474,0.1350342520863673,0.1350342520919089,0.13503425209737677,0.1350342520919089,0.1350342520863673,0.13503425208290362,0.1350342520863673,0.13503425208921474,0.1350342520863673,0.13503425208290362
0.16533248767816608,0.16533248767816489,0.1653324876781642,0.16533248767816489,0.16533248767816608,0.16533248767816489,0.1653324876781637,0.165332487678163,0.1653324876781637,0.16533248767816489,0.1653324876781642,0.165332487678163,0.1653324876781623,0.165332487678163,0.1653324876781642,0.16533248767816489,0.1653324876781637,0.165332487678163,0.1653324876781637,0.16533248767816489,0.16533248767816608,0.16533248767816489,0.1653324876781642,0.16533248767816489,0.16533248767816608,0.1637574939615489,0.16375749396154635,0.16375749396154474,0.16375749396154635,0.1637574939615489,0.16375749396154635,0.16375749396154357,0.1637574939615417,0.16375749396154357,0.16375749396154635,0.16375749396154474,0.1637574939615417,0.1637574939615401,0.1637574939615417,0.16375749396154451,0.16375749396154635,0.16375749396154357,0.1637574939615417,0.16375749396154357,0.16375749396154635,0.1637574939615489,0.16375749396154635,0.16375749396154451,0.16375749396154635,0.1637574939615489,0.16221388417682672,0.16221388417681903,0.16221388417681404,0.16221388417681903,0.16221388417682672,0.16221388417681903,0.16221388417681065,0.1622138841768052,0.16221388417681065,0.16221388417681903,0.16221388417681404,0.1622138841768052,0.16221388417679974,0.1622138841768052,0.16221388417681404,0.16221388417681903,0.16221388417681065,0.1622138841768052,0.16221388417681065,0.16221388417681903,0.16221388417682672,0.16221388417681903,0.16221388417681404,0.16221388417681903,0.16221388417682672,0.16070106728105166,0.16070106728102787,0.16070106728101277,0.16070106728102787,0.16070106728105166,0.16070106728102787,0.16070106728100186,0.16070106728098502,0.16070106728100186,0.16070106728102787,0.16070106728101277,0.16070106728098502,0.16070106728096678,0.16070106728098502,0.16070106728101277,0.16070106728102787,0.16070106728100186,0.16070106728098502,0.16070106728100186,0.16070106728102787,0.16070106728105166,0.16070106728102787,0.16070106728101277,0.16070106728102787,0.16070106728105166,0.15921845164923504,0.15921845164916384,0.1592184516491177,0.15921845164916384,0.15921845164923504,0.15921845164916384,0.15921845164908244,0.15921845164902798,0.15921845164908244,0.15921845164916384,0.1592184516491177,0.15921845164902798,0.15921845164896614,0.15921845164902798,0.1592184516491177,0.15921845164916384,0.15921845164908244,0.15921845164902798,0.15921845164908244,0.15921845164916384,0.15921845164923504,0.15921845164916384,0.1592184516491177,0.15921845164916384,0.15921845164923504,0.15776544642624274,0.15776544642603493,0.15776544642589516,0.15776544642603493,0.15776544642624274,0.15776544642603493,0.1577654464257823,0.15776544642560306,0.1577654464257823,0.15776544642603493,0.15776544642589516,0.15776544642560306,0.15776544642539225,0.15776544642560306,0.15776544642589516,0.15776544642603493,0.1577654464257823,0.15776544642560306,0.1577654464257823,0.15776544642603493,0.15776544642624274,0.15776544642603493,0.15776544642589516,0.15776544642603493,0.15776544642624274,0.15634146274123903,0.15634146274065266,0.15634146274023863,0.15634146274065266,0.15634146274123903,0.15634146274065266,0.15634146273988173,0.15634146273929558,0.15634146273988173,0.15634146274065266,0.15634146274023863,0.15634146273929558,0.15634146273853694,0.15634146273929558,0.15634146274023863,0.15634146274065266,0.15634146273988173,0.15634146273929558,0.15634146273988173,0.15634146274065266,0.15634146274123903,0.15634146274065266,0.15634146274023863,0.15634146274065266,0.15634146274123903,0.15494591479506595,0.154945914793499,0.1549459147923053,0.154945914793499,0.15494591479506595,0.154945914793499,0.15494591479121547,0.15494591478924896,0.15494591479121547,0.154945914793499,0.1549459147923053,0.15494591478924896,0.1549459147862893,0.15494591478924896,0.1549459147923053,0.154945914793499,0.15494591479121547,0.15494591478924896,0.15494591479121547,0.154945914793499,0.15494591479506595,0.154945914793499,0.1549459147923053,0.154945914793499,0.15494591479506595,0.15357822083050193,0.15357822082666964,0.15357822082339712,0.15357822082666964,0.15357822083050193,0.15357822082666964,0.1535782208202459,0.15357822081354697,0.1535782208202459,0.15357822082666964,0.15357822082339712,0.15357822081354697,0.1535782208006956,0.15357822081354697,0.15357822082339712,0.15357822082666964,0.1535782208202459,0.15357822081354697,0.1535782208202459,0.15357822082666964,0.15357822083050193,0.15357822082666964,0.15357822082339712,0.15357822082666964,0.15357822083050193,0.15223780399479836,0.15223780398679743,0.15223780397876047,0.15223780398679743,0.15223780399479836,0.15223780398679743,0.15223780397062728,0.15223780394838718,0.15223780397062728,0.15223780398679743,0.15223780397876047,0.15223780394838718,0.15223780388528835,0.15223780394838718,0.15223780397876047,0.15223780398679743,0.15223780397062728,0.15223780394838718,0.15223780397062728,0.15223780398679743,0.15223780399479836,0.15223780398679743,0.15223780397876047,0.15223780398679743,0.15223780399479836,0.15092409310230676,0.1509240930902803,0.1509240930754253,0.1509240930902803,0.15092409310230676,0.1509240930902803,0.15092409305996832,0.1509240929978597,0.15092409305996832,0.1509240930902803,0.1509240930754253,0.1509240929978597,0.15092409264782825,0.1509240929978597,0.1509240930754253,0.1509240930902803,0.15092409305996832,0.1509240929978597,0.15092409305996832,0.1509240930902803,0.15092409310230676,0.1509240930902803,0.1509240930754253,0.1509240930902803,0.15092409310230676,0.14963652329988697,0.14963652329317675,0.14963652328662858,0.14963652329317675,0.14963652329988697,0.14963652329317675,0.14963652328002314,0.1496365232633949,0.14963652328002314,0.14963652329317675,0.14963652328662858,0.1496365232633949,0.14963652322803986,0.1496365232633949,0.14963652328662858,0.14963652329317675,0.14963652328002314,0.1496365232633949,0.14963652328002314,0.14963652329317675,0.14963652329988697,0.14963652329317675,0.14963652328662858,0.14963652329317675,0.14963652329988697,0.1483745366332904,0.1483745366315255,0.14837453663044448,0.1483745366315255,0.1483745366332904,0.1483745366315255,0.14837453662951483,0.14837453662994,0.14837453662951483,0.1483745366315255,0.14837453663044448,0.14837453662994,0.14837453664664693,0.14837453662994,0.14837453663044448,0.1483745366315255,0.14837453662951483,0.14837453662994,0.14837453662951483,0.1483745366315255,0.1483745366332904,0.1483745366315255,0.14837453663044448,0.1483745366315255,0.1483745366332904,0.14713758257532653,0.14713758257629658,0.1471375825776717,0.14713758257629658,0.14713758257532653,0.14713758257629658,0.1471375825791713,0.14713758258499507,0.1471375825791713,0.14713758257629658,0.1471375825776717,0.14713758258499507,0.1471375826128476,0.14713758258499507,0.1471375825776717,0.14713758257629658,0.1471375825791713,0.14713758258499507,0.1471375825791713,0.14713758257629658,0.14713758257532653,0.14713758257629658,0.1471375825776717,0.14713758257629658,0.14713758257532653,0.1459251184675048,0.14592511846986292,0.1459251184723909,0.14592511846986292,0.1459251184675048,0.14592511846986292,0.14592511847498457,0.14592511848317108,0.14592511847498457,0.14592511846986292,0.1459251184723909,0.14592511848317108,0.14592511851701873,0.14592511848317108,0.1459251184723909,0.14592511846986292,0.14592511847498457,0.14592511848317108,0.14592511847498457,0.14592511846986292,0.1459251184675048,0.14592511846986292,0.1459251184723909,0.14592511846986292,0.1459251184675048,0.14473660989175963,0.14473660989493103,0.14473660989818202,0.14473660989493103,0.14473660989175963,0.14473660989493103,0.1447366099014674,0.14473660991149354,0.1447366099014674,0.14473660989493103,0.14473660989818202,0.14473660991149354,0.1447366099520879,0.14473660991149354,0.14473660989818202,0.14473660989493103,0.1447366099014674,0.14473660991149354,0.1447366099014674,0.14473660989493103,0.14473660989175963,0.14473660989493103,0.14473660989818202,0.14473660989493103,0.14473660989175963,0.1435715309836594,0.14357153098737463,0.14357153099116082,0.14357153098737463,0.1435715309836594,0.14357153098737463,0.14357153099497355,0.14357153100661607,0.14357153099497355,0.14357153098737463,0.14357153099116082,0.14357153100661607,0.14357153105395565,0.14357153100661607,0.14357153099116082,0.14357153098737463,0.14357153099497355,0.14357153100661607,0.14357153099497355,0.14357153098737463,0.1435715309836594,0.14357153098737463,0.14357153099116082,0.14357153098737463,0.1435715309836594,0.14242936469316606,0.14242936469718676,0.14242936470129852,0.14242936469718676,0.14242936469316606,0.14242936469718676,0.14242936470543693,0.14242936471818476,0.14242936470543693,0.14242936469718676,0.14242936470129852,0.14242936471818476,0.1424293647704989,0.14242936471818476,0.14242936470129852,0.14242936469718676,0.14242936470543693,0.14242936471818476,0.14242936470543693,0.14242936469718676,0.14242936469316606,0.14242936469718676,0.14242936470129852,0.14242936469718676,0.14242936469316606,0.14130960299745576,0.1413096030014789,0.14130960300559123,0.1413096030014789,0.14130960299745576,0.1413096030014789,0.14130960300971898,0.14130960302261425,0.14130960300971898,0.1413096030014789,0.14130960300559123,0.14130960302261425,0.14130960307707183,0.14130960302261425,0.14130960300559123,0.1413096030014789,0.14130960300971898,0.14130960302261425,0.14130960300971898,0.1413096030014789,0.14130960299745576,0.1413096030014789,0.14130960300559123,0.1413096030014789,0.14130960299745576,0.14021174706996906,0.1402117470737061,0.14021174707733686,0.1402117470737061,0.14021174706996906,0.1402117470737061,0.14021174708092748,0.14021174709155823,0.14021174708092748,0.1402117470737061,0.14021174707733686,0.14021174709155823,0.14021174713511683,0.14021174709155823,0.14021174707733686,0.1402117470737061,0.14021174708092748,0.14021174709155823,0.14021174708092748,0.1402117470737061,0.14021174706996906,0.1402117470737061,0.14021174707733686,0.1402117470737061,0.14021174706996906,0.13913530740951857,0.13913530741333857,0.13913530741664515,0.13913530741333857,0.13913530740951857,0.13913530741333857,0.13913530741983995,0.13913530742688193,0.13913530741983995,0.13913530741333857,0.13913530741664515,0.13913530742688193,0.13913530744186464,0.13913530742688193,0.13913530741664515,0.13913530741333857,0.13913530741983995,0.13913530742688193,0.13913530741983995,0.13913530741333857,0.13913530740951857,0.13913530741333857,0.13913530741664515,0.13913530741333857,0.13913530740951857,0.13807980393214322,0.13807980393775554,0.13807980394317734,0.13807980393775554,0.13807980393214322,0.13807980393775554,0.1380798039485982,0.1380798039627701,0.1380798039485982,0.13807980393775554,0.13807980394317734,0.1380798039627701,0.13807980400106254,0.1380798039627701,0.13807980394317734,0.13807980393775554,0.1380798039485982,0.1380798039627701,0.1380798039485982,0.13807980393775554,0.13807980393214322,0.13807980393775554,0.13807980394317734,0.13807980393775554,0.13807980393214322,0.13704476602917876,0.13704476603719962,0.13704476604673038,0.13704476603719962,0.13704476602917876,0.13704476603719962,0.13704476605656557,0.13704476609478933,0.13704476605656557,0.13704476603719962,0.13704476604673038,0.13704476609478933,0.13704476630485363,0.13704476609478933,0.13704476604673038,0.13704476603719962,0.13704476605656557,0.13704476609478933,0.13704476605656557,0.13704476603719962,0.13704476602917876,0.13704476603719962,0.13704476604673038,0.13704476603719962,0.13704476602917876,0.136029732601226,0.13602973260670148,0.13602973261201637,0.13602973260670148,0.13602973260122614,0.13602973260670148,0.13602973261732876,0.13602973263142226,0.13602973261732876,0.13602973260670148,0.13602973261201637,0.13602973263142226,0.1360297326703125,0.13602973263142226,0.13602973261201637,0.13602973260670148,0.13602973261732876,0.13602973263142226,0.13602973261732876,0.13602973260670148,0.13602973260122614,0.13602973260670148,0.13602973261201637,0.13602973260670148,0.13602973260122614,0.1350342520753067,0.13503425207870967,0.13503425208150718,0.13503425207870967,0.1350342520753067,0.13503425207870967,0.13503425208415398,0.13503425208952577,0.13503425208415398,0.13503425207870967,0.13503425208150718,0.13503425208952577,0.13503425209925518,0.13503425208952577,0.13503425208150718,0.13503425207870967,0.13503425208415398,0.13503425208952577,0.13503425208415398,0.13503425207870967,0.1350342520753067,0.13503425207870967,0.13503425208150718,0.13503425207870967,0.1350342520753067
0.1653324876841649,0.16533248768416392,0.16533248768416323,0.16533248768416392,0.1653324876841649,0.16533248768416392,0.16533248768416275,0.16533248768416203,0.16533248768416275,0.16533248768416392,0.16533248768416323,0.16533248768416203,0.16533248768416134,0.16533248768416203,0.16533248768416323,0.16533248768416392,0.16533248768416275,0.16533248768416203,0.16533248768416275,0.16533248768416392,0.1653324876841649,0.16533248768416392,0.16533248768416323,0.16533248768416392,0.1653324876841649,0.16375749396743008,0.16375749396742756,0.16375749396742595,0.16375749396742756,0.16375749396743008,0.16375749396742756,0.16375749396742476,0.16375749396742317,0.16375749396742476,0.16375749396742756,0.16375749396742595,0.16375749396742317,0.1637574939674213,0.16375749396742317,0.16375749396742595,0.16375749396742756,0.16375749396742476,0.16375749396742317,0.16375749396742476,0.16375749396742756,0.16375749396743008,0.16375749396742756,0.16375749396742595,0.16375749396742756,0.16375749396743008,0.16221388418259383,0.16221388418258614,0.1622138841825814,0.16221388418258614,0.16221388418259383,0.16221388418258614,0.16221388418257798,0.16221388418257277,0.16221388418257798,0.16221388418258614,0.1622138841825814,0.16221388418257277,0.16221388418256732,0.16221388418257277,0.1622138841825814,0.16221388418258614,0.16221388418257798,0.16221388418257277,0.16221388418257798,0.16221388418258614,0.16221388418259383,0.16221388418258614,0.1622138841825814,0.16221388418258614,0.16221388418259383,0.16070106728670766,0.16070106728668454,0.16070106728666966,0.16070106728668454,0.16070106728670766,0.16070106728668454,0.160701067286659,0.16070106728664255,0.160701067286659,0.16070106728668454,0.16070106728666966,0.16070106728664255,0.1607010672866248,0.16070106728664255,0.16070106728666966,0.16070106728668454,0.160701067286659,0.16070106728664255,0.160701067286659,0.16070106728668454,0.16070106728670766,0.16070106728668454,0.16070106728666966,0.16070106728668454,0.16070106728670766,0.15921845165478266,0.15921845165471324,0.15921845165466816,0.15921845165471324,0.15921845165478266,0.15921845165471324,0.15921845165463377,0.15921845165458062,0.15921845165463377,0.15921845165471324,0.15921845165466816,0.15921845165458062,0.15921845165452053,0.15921845165458062,0.15921845165466816,0.15921845165471324,0.15921845165463377,0.15921845165458062,0.15921845165463377,0.15921845165471324,0.15921845165478266,0.15921845165471324,0.15921845165466816,0.15921845165471324,0.15921845165478266,0.15776544643168192,0.15776544643147924,0.15776544643134266,0.15776544643147924,0.15776544643168192,0.15776544643147924,0.15776544643123278,0.15776544643105803,0.15776544643123278,0.15776544643147924,0.15776544643134266,0.15776544643105803,0.15776544643085236,0.15776544643105803,0.15776544643134266,0.15776544643147924,0.15776544643123278,0.15776544643105803,0.15776544643123278,0.15776544643147924,0.15776544643168192,0.15776544643147924,0.15776544643134266,0.15776544643147924,0.15776544643168192,0.15634146274656288,0.15634146274599056,0.15634146274558677,0.15634146274599056,0.15634146274656288,0.15634146274599056,0.1563414627452386,0.1563414627446667,0.1563414627452386,0.15634146274599056,0.15634146274558677,0.1563414627446667,0.15634146274392685,0.1563414627446667,0.15634146274558677,0.15634146274599056,0.1563414627452386,0.1563414627446667,0.1563414627452386,0.15634146274599056,0.15634146274656288,0.15634146274599056,0.15634146274558677,0.15634146274599056,0.15634146274656288,0.15494591480024825,0.15494591479871886,0.15494591479755404,0.15494591479871886,0.15494591480024825,0.15494591479871886,0.1549459147964906,0.15494591479457245,0.1549459147964906,0.15494591479871886,0.15494591479755404,0.15494591479457245,0.1549459147916864,0.15494591479457245,0.15494591479755404,0.15494591479871886,0.1549459147964906,0.15494591479457245,0.1549459147964906,0.15494591479871886,0.15494591480024825,0.15494591479871886,0.15494591479755404,0.15494591479871886,0.15494591480024825,0.153578220835468,0.15357822083172604,0.15357822082853206,0.15357822083172604,0.153578220835468,0.15357822083172604,0.15357822082545675,0.15357822081892253,0.15357822082545675,0.15357822083172604,0.15357822082853206,0.15357822081892253,0.15357822080639333,0.15357822081892253,0.15357822082853206,0.15357822083172604,0.15357822082545675,0.15357822081892253,0.15357822082545675,0.15357822083172604,0.153578220835468,0.15357822083172604,0.15357822082853206,0.15357822083172604,0.153578220835468,0.1522378039993623,0.1522378039915448,0.1522378039836976,0.1522378039915448,0.1522378039993623,0.1522378039915448,0.1522378039757579,0.15223780395406342,0.1522378039757579,0.1522378039915448,0.1522378039836976,0.15223780395406342,0.15223780389256059,0.15223780395406342,0.1522378039836976,0.1522378039915448,0.1522378039757579,0.15223780395406342,0.1522378039757579,0.1522378039915448,0.1522378039993623,0.1522378039915448,0.1522378039836976,0.1522378039915448,0.1522378039993623,0.15092409310608623,0.15092409309431484,0.15092409307979357,0.15092409309431484,0.15092409310608623,0.15092409309431484,0.15092409306468657,0.15092409300407597,0.15092409306468657,0.15092409309431484,0.15092409307979357,0.15092409300407597,0.15092409266295626,0.15092409300407597,0.15092409307979357,0.15092409309431484,0.15092409306468657,0.15092409300407597,0.15092409306468657,0.15092409309431484,0.15092409310608623,0.15092409309431484,0.15092409307979357,0.15092409309431484,0.15092409310608623,0.14963652330234561,0.14963652329570218,0.14963652328920088,0.14963652329570218,0.14963652330234561,0.14963652329570218,0.14963652328264043,0.14963652326598478,0.14963652328264043,0.14963652329570218,0.14963652328920088,0.14963652326598478,0.14963652322923598,0.14963652326598478,0.14963652328920088,0.14963652329570218,0.14963652328264043,0.14963652326598478,0.14963652328264043,0.14963652329570218,0.14963652330234561,0.14963652329570218,0.14963652328920088,0.14963652329570218,0.14963652330234561,0.14837453663427339,0.14837453663244712,0.14837453663127642,0.14837453663244712,0.14837453663427339,0.14837453663244712,0.14837453663025005,0.14837453663026393,0.14837453663025005,0.14837453663244712,0.14837453663127642,0.14837453663026393,0.14837453664477693,0.14837453663026393,0.14837453663127642,0.14837453663244712,0.14837453663025005,0.14837453663026393,0.14837453663025005,0.14837453663244712,0.14837453663427339,0.14837453663244712,0.14837453663127642,0.14837453663244712,0.14837453663427339,0.14713758257494067,0.1471375825758141,0.1471375825770788,0.1471375825758141,0.14713758257494067,0.1471375825758141,0.14713758257846377,0.14713758258390164,0.14713758257846377,0.1471375825758141,0.1471375825770788,0.14713758258390164,0.1471375826100986,0.14713758258390164,0.1471375825770788,0.1471375825758141,0.14713758257846377,0.14713758258390164,0.14713758257846377,0.1471375825758141,0.14713758257494067,0.1471375825758141,0.1471375825770788,0.1471375825758141,0.14713758257494067,0.14592511846593054,0.1459251184682032,0.1459251184706423,0.1459251184682032,0.14592511846593054,0.1459251184682032,0.1459251184731457,0.14592511848105585,0.1459251184731457,0.1459251184682032,0.1459251184706423,0.14592511848105585,0.14592511851378726,0.14592511848105585,0.1459251184706423,0.1459251184682032,0.1459251184731457,0.14592511848105585,0.1459251184731457,0.1459251184682032,0.14592511846593054,0.1459251184682032,0.1459251184706423,0.1459251184682032,0.14592511846593054,0.14473660988915518,0.1447366098922651,0.1447366098954561,0.1447366098922651,0.14473660988915518,0.1447366098922651,0.1447366098986814,0.1447366099085356,0.1447366098986814,0.1447366098922651,0.1447366098954561,0.1447366099085356,0.14473660994847576,0.1447366099085356,0.1447366098954561,0.1447366098922651,0.1447366098986814,0.1447366099085356,0.1447366098986814,0.1447366098922651,0.14473660988915518,0.1447366098922651,0.1447366098954561,0.1447366098922651,0.14473660988915518,0.14357153098013517,0.14357153098380895,0.14357153098755648,0.14357153098380895,0.14357153098013517,0.14357153098380895,0.1435715309913314,0.1435715310028711,0.1435715309913314,0.14357153098380895,0.14357153098755648,0.1435715310028711,0.1435715310498543,0.1435715310028711,0.14357153098755648,0.14357153098380895,0.1435715309913314,0.1435715310028711,0.1435715309913314,0.14357153098380895,0.14357153098013517,0.14357153098380895,0.14357153098755648,0.14357153098380895,0.14357153098013517,0.14242936468879142,0.14242936469278206,0.14242936469686635,0.14242936469278206,0.14242936468879142,0.14242936469278206,0.14242936470097808,0.14242936471365428,0.14242936470097808,0.14242936469278206,0.14242936469686635,0.14242936471365428,0.14242936476572401,0.14242936471365428,0.14242936469686635,0.14242936469278206,0.14242936470097808,0.14242936471365428,0.14242936470097808,0.14242936469278206,0.14242936468879142,0.14242936469278206,0.14242936469686635,0.14242936469278206,0.14242936468879142,0.1413096029922772,0.1413096029962729,0.14130960300036038,0.1413096029962729,0.1413096029922772,0.1413096029962729,0.14130960300446396,0.14130960301729542,0.14130960300446396,0.1413096029962729,0.14130960300036038,0.14130960301729542,0.14130960307151175,0.14130960301729542,0.14130960300036038,0.1413096029962729,0.14130960300446396,0.14130960301729542,0.14130960300446396,0.1413096029962729,0.1413096029922772,0.1413096029962729,0.14130960300036038,0.1413096029962729,0.1413096029922772,0.14021174706402786,0.14021174706773085,0.1402117470713307,0.14021174706773068,0.14021174706402786,0.14021174706773085,0.14021174707489145,0.1402117470854395,0.14021174707489145,0.14021174706773068,0.1402117470713307,0.1402117470854395,0.14021174712867637,0.1402117470854395,0.1402117470713307,0.14021174706773068,0.14021174707489145,0.1402117470854395,0.14021174707489145,0.14021174706773068,0.14021174706402786,0.14021174706773068,0.1402117470713307,0.14021174706773068,0.14021174706402786,0.13913530740286903,0.13913530740663746,0.13913530740989993,0.13913530740663746,0.13913530740286903,0.13913530740663746,0.13913530741305222,0.13913530742000282,0.13913530741305222,0.13913530740663746,0.13913530740989993,0.13913530742000282,0.13913530743479877,0.13913530742000282,0.13913530740989993,0.13913530740663746,0.13913530741305222,0.13913530742000282,0.13913530741305222,0.13913530740663746,0.13913530740286903,0.13913530740663746,0.13913530740989993,0.13913530740663746,0.13913530740286903,0.13807980392487612,0.1380798039303945,0.1380798039357242,0.1380798039303945,0.13807980392487612,0.1380798039303945,0.1380798039410525,0.1380798039549788,0.1380798039410525,0.1380798039303945,0.1380798039357242,0.1380798039549788,0.1380798039925968,0.1380798039549788,0.1380798039357242,0.1380798039303945,0.1380798039410525,0.1380798039549788,0.1380798039410525,0.1380798039303945,0.13807980392487612,0.1380798039303945,0.1380798039357242,0.1380798039303945,0.13807980392487612,0.13704476602147247,0.1370447660293513,0.13704476603871196,0.1370447660293513,0.13704476602147247,0.1370447660293513,0.13704476604837107,0.137044766085907,0.13704476604837107,0.1370447660293513,0.13704476603871196,0.137044766085907,0.13704476629217893,0.137044766085907,0.13704476603871196,0.1370447660293513,0.13704476604837107,0.137044766085907,0.13704476604837107,0.1370447660293513,0.13704476602147247,0.1370447660293513,0.13704476603871196,0.1370447660293513,0.13704476602147247,0.1360297325933605,0.13602973259873802,0.13602973260395762,0.13602973259873802,0.1360297325933605,0.13602973259873802,0.13602973260917442,0.13602973262301415,0.13602973260917442,0.13602973259873802,0.13602973260395762,0.13602973262301415,0.13602973266120238,0.13602973262301415,0.13602973260395762,0.13602973259873802,0.13602973260917442,0.13602973262301415,0.13602973260917442,0.13602973259873802,0.1360297325933605,0.13602973259873802,0.13602973260395762,0.13602973259873802,0.1360297325933605,0.13503425206747352,0.1350342520708155,0.13503425207356276,0.1350342520708155,0.13503425206747352,0.1350342520708155,0.13503425207616185,0.135034252081437,0.13503425207616185,0.1350342520708155,0.13503425207356276,0.135034252081437,0.1350342520909908,0.135034252081437,0.13503425207356276,0.1350342520708155,0.13503425207616185,0.135034252081437,0.13503425207616185,0.1350342520708155,0.13503425206747352,0.1350342520708155,0.13503425207356276,0.1350342520708155,0.13503425206747352
0.16533248769040462,0.16533248769040343,0.16533248769040274,0.16533248769040343,0.16533248769040462,0.16533248769040343,0.16533248769040249,0.1653324876904018,0.16533248769040249,0.16533248769040343,0.16533248769040274,0.1653324876904018,0.16533248769040107,0.1653324876904018,0.16533248769040274,0.16533248769040343,0.16533248769040249,0.1653324876904018,0.16533248769040249,0.16533248769040343,0.16533248769040462,0.16533248769040343,0.16533248769040274,0.16533248769040343,0.16533248769040462,0.16375749397354722,0.16375749397354467,0.16375749397354303,0.16375749397354467,0.16375749397354722,0.16375749397354467,0.1637574939735419,0.16375749397354028,0.1637574939735419,0.16375749397354467,0.16375749397354303,0.16375749397354028,0.16375749397353864,0.16375749397354028,0.16375749397354303,0.16375749397354467,0.1637574939735419,0.16375749397354028,0.1637574939735419,0.16375749397354467,0.16375749397354722,0.16375749397354467,0.16375749397354303,0.16375749397354467,0.16375749397354722,0.16221388418859195,0.16221388418858446,0.1622138841885797,0.16221388418858446,0.16221388418859195,0.16221388418858446,0.16221388418857652,0.16221388418857155,0.16221388418857652,0.16221388418858446,0.1622138841885797,0.16221388418857155,0.1622138841885661,0.16221388418857155,0.1622138841885797,0.16221388418858446,0.16221388418857652,0.16221388418857155,0.16221388418857652,0.16221388418858446,0.16221388418859195,0.16221388418858446,0.1622138841885797,0.16221388418858446,0.16221388418859195,0.16070106729259004,0.16070106729256758,0.16070106729255318,0.16070106729256758,0.16070106729259004,0.16070106729256758,0.16070106729254272,0.16070106729252673,0.16070106729254272,0.16070106729256758,0.16070106729255318,0.16070106729252673,0.16070106729250963,0.16070106729252673,0.16070106729255318,0.16070106729256758,0.16070106729254272,0.16070106729252673,0.16070106729254272,0.16070106729256758,0.16070106729259004,0.16070106729256758,0.16070106729255318,0.16070106729256758,0.16070106729259004,0.15921845166055193,0.15921845166048446,0.1592184516604405,0.15921845166048446,0.15921845166055193,0.15921845166048446,0.15921845166040718,0.15921845166035536,0.159218451660407,0.15921845166048446,0.1592184516604405,0.15921845166035536,0.15921845166029705,0.15921845166035536,0.1592184516604405,0.15921845166048446,0.159218451660407,0.15921845166035536,0.159218451660407,0.15921845166048446,0.15921845166055193,0.15921845166048446,0.1592184516604405,0.15921845166048446,0.15921845166055193,0.15776544643733786,0.15776544643714052,0.1577654464370078,0.15776544643714052,0.15776544643733786,0.15776544643714052,0.1577654464369007,0.15776544643673063,0.1577654464369007,0.15776544643714052,0.1577654464370078,0.15776544643673063,0.15776544643653048,0.15776544643673063,0.1577654464370078,0.15776544643714052,0.1577654464369007,0.15776544643673063,0.1577654464369007,0.15776544643714052,0.15776544643733786,0.15776544643714052,0.1577654464370078,0.15776544643714052,0.15776544643733786,0.15634146275209834,0.15634146275154087,0.15634146275114752,0.15634146275154087,0.15634146275209834,0.15634146275154087,0.15634146275080857,0.15634146275025174,0.15634146275080857,0.15634146275154087,0.15634146275114752,0.15634146275025174,0.15634146274953156,0.15634146275025174,0.15634146275114752,0.15634146275154087,0.15634146275080857,0.15634146275025174,0.15634146275080857,0.15634146275154087,0.15634146275209834,0.15634146275154087,0.15634146275114752,0.15634146275154087,0.15634146275209834,0.15494591480563571,0.15494591480414546,0.15494591480301095,0.15494591480414546,0.15494591480563571,0.15494591480414546,0.15494591480197542,0.1549459148001077,0.15494591480197542,0.15494591480414546,0.15494591480301095,0.1549459148001077,0.15494591479729866,0.1549459148001077,0.15494591480301095,0.15494591480414546,0.15494591480197542,0.1549459148001077,0.15494591480197542,0.15494591480414546,0.15494591480563571,0.15494591480414546,0.15494591480301095,0.15494591480414546,0.15494591480563571,0.15357822084062883,0.15357822083698153,0.15357822083386968,0.15357822083698153,0.15357822084062883,0.15357822083698153,0.1535782208308743,0.15357822082451256,0.1535782208308743,0.15357822083698153,0.15357822083386968,0.15357822082451256,0.1535782208123214,0.15357822082451256,0.15357822083386968,0.15357822083698153,0.1535782208308743,0.15357822082451256,0.1535782208308743,0.15357822083698153,0.15357822084062883,0.15357822083698153,0.15357822083386968,0.15357822083698153,0.15357822084062883,0.1522378040041014,0.1522378039964764,0.15223780398882802,0.1522378039964764,0.1522378040041014,0.1522378039964764,0.15223780398109107,0.15223780395996883,0.15223780398109107,0.1522378039964764,0.15223780398882802,0.15223780395996883,0.1522378039001391,0.15223780395996883,0.15223780398882802,0.1522378039964764,0.15223780398109107,0.15223780395996883,0.15223780398109107,0.1522378039964764,0.1522378040041014,0.1522378039964764,0.15223780398882802,0.1522378039964764,0.1522378040041014,0.15092409311000313,0.15092409309849908,0.15092409308432758,0.15092409309849908,0.15092409311000313,0.15092409309849908,0.15092409306958732,0.15092409301054727,0.15092409306958732,0.15092409309849908,0.15092409308432758,0.15092409301054727,0.15092409267878165,0.15092409301054727,0.15092409308432758,0.15092409309849908,0.15092409306958732,0.15092409301054727,0.15092409306958732,0.15092409309849908,0.15092409311000313,0.15092409309849908,0.15092409308432758,0.15092409309849908,0.15092409311000313,0.1496365233048782,0.14963652329830412,0.14963652329185184,0.14963652329830412,0.1496365233048782,0.14963652329830412,0.14963652328533827,0.14963652326865298,0.14963652328533827,0.14963652329830412,0.14963652329185184,0.14963652326865298,0.14963652323043364,0.14963652326865298,0.14963652329185184,0.14963652329830412,0.14963652328533827,0.14963652326865298,0.14963652328533827,0.14963652329830412,0.1496365233048782,0.14963652329830412,0.14963652329185184,0.14963652329830412,0.1496365233048782,0.1483745366352599,0.14837453663336841,0.14837453663210298,0.14837453663336841,0.1483745366352599,0.14837453663336841,0.1483745366309745,0.1483745366305551,0.1483745366309745,0.14837453663336841,0.14837453663210298,0.1483745366305551,0.14837453664278225,0.1483745366305551,0.14837453663210298,0.14837453663336841,0.1483745366309745,0.1483745366305551,0.1483745366309745,0.14837453663336841,0.1483745366352599,0.14837453663336841,0.14837453663210298,0.14837453663336841,0.1483745366352599,0.14713758257449489,0.14713758257526566,0.14713758257641354,0.14713758257526566,0.14713758257449489,0.14713758257526566,0.1471375825776768,0.14713758258270654,0.1471375825776768,0.14713758257526566,0.14713758257641354,0.14713758258270654,0.14713758260709833,0.14713758258270654,0.14713758257641354,0.14713758257526566,0.1471375825776768,0.14713758258270654,0.1471375825776768,0.14713758257526566,0.14713758257449489,0.14713758257526566,0.14713758257641354,0.14713758257526566,0.14713758257449489,0.14592511846424394,0.14592511846642556,0.14592511846876996,0.14592511846642556,0.14592511846424394,0.14592511846642556,0.14592511847117703,0.1459251184787923,0.14592511847117703,0.14592511846642556,0.14592511846876996,0.1459251184787923,0.1459251185103385,0.1459251184787923,0.14592511846876996,0.14592511846642556,0.14592511847117703,0.1459251184787923,0.14592511847117703,0.14592511846642556,0.14592511846424394,0.14592511846642556,0.14592511846876996,0.14592511846642556,0.14592511846424394,0.14473660988639728,0.14473660988944073,0.14473660989256656,0.14473660988944073,0.14473660988639728,0.14473660988944073,0.1447366098957268,0.14473660990539478,0.1447366098957268,0.14473660988944073,0.14473660989256656,0.14473660990539478,0.14473660994464543,0.14473660990539478,0.14473660989256656,0.14473660988944073,0.1447366098957268,0.14473660990539478,0.1447366098957268,0.14473660988944073,0.14473660988639728,0.14473660988944073,0.14473660989256656,0.14473660988944073,0.14473660988639728,0.14357153097642594,0.14357153098005404,0.1435715309837588,0.14357153098005404,0.14357153097642594,0.14357153098005404,0.14357153098749145,0.14357153099891565,0.14357153098749145,0.14357153098005404,0.1435715309837588,0.14357153099891565,0.1435715310454801,0.14357153099891565,0.1435715309837588,0.14357153098005404,0.14357153098749145,0.14357153099891565,0.14357153098749145,0.14357153098005404,0.14357153097642594,0.14357153098005404,0.1435715309837588,0.14357153098005404,0.14357153097642594,0.14242936468420894,0.14242936468816572,0.1424293646922186,0.14242936468816572,0.14242936468420894,0.14242936468816572,0.14242936469629983,0.1424293647088928,0.14242936469629983,0.14242936468816572,0.1424293646922186,0.1424293647088928,0.14242936476067214,0.1424293647088928,0.1424293646922186,0.14242936468816572,0.14242936469629983,0.1424293647088928,0.14242936469629983,0.14242936468816572,0.14242936468420894,0.14242936468816572,0.1424293646922186,0.14242936468816572,0.14242936468420894,0.14130960298687553,0.14130960299084044,0.14130960299489945,0.14130960299084044,0.14130960298687553,0.14130960299084044,0.14130960299897574,0.14130960301173287,0.14130960299897574,0.14130960299084044,0.14130960299489945,0.14130960301173287,0.14130960306570625,0.14130960301173287,0.14130960299489945,0.14130960299084044,0.14130960299897574,0.14130960301173287,0.14130960299897574,0.14130960299084044,0.14130960298687553,0.14130960299084044,0.14130960299489945,0.14130960299084044,0.14130960298687553,0.14021174705785444,0.14021174706152084,0.14021174706508743,0.14021174706152084,0.14021174705785444,0.14021174706152084,0.14021174706861597,0.14021174707907372,0.14021174706861597,0.14021174706152084,0.14021174706508743,0.14021174707907372,0.1402117471219441,0.14021174707907372,0.14021174706508743,0.14021174706152084,0.14021174706861597,0.14021174707907372,0.14021174706861597,0.14021174706152084,0.14021174705785444,0.14021174706152084,0.14021174706508743,0.14021174706152084,0.14021174705785444,0.13913530739598293,0.1391353073996984,0.13913530740291552,0.1391353073996984,0.13913530739598293,0.1391353073996984,0.13913530740602398,0.13913530741288002,0.13913530740602398,0.1391353073996984,0.13913530740291552,0.13913530741288002,0.1391353074274831,0.13913530741288002,0.13913530740291552,0.1391353073996984,0.13913530740602398,0.13913530741288002,0.13913530740602398,0.1391353073996984,0.13913530739598293,0.1391353073996984,0.13913530740291552,0.1391353073996984,0.13913530739598293,0.1380798039173707,0.1380798039227942,0.13807980392803104,0.1380798039227942,0.1380798039173707,0.1380798039227942,0.13807980393326602,0.13807980394694455,0.13807980393326602,0.1380798039227942,0.13807980392803104,0.13807980394694455,0.138079803983883,0.13807980394694455,0.13807980392803104,0.1380798039227942,0.13807980393326602,0.13807980394694455,0.13807980393326602,0.1380798039227942,0.1380798039173707,0.1380798039227942,0.13807980392803104,0.1380798039227942,0.1380798039173707,0.1370447660135285,0.1370447660212643,0.13704476603045376,0.1370447660212643,0.1370447660135285,0.1370447660212643,0.13704476603993573,0.13704476607677973,0.13704476603993573,0.1370447660212643,0.13704476603045376,0.13704476607677973,0.13704476627924425,0.13704476607677973,0.13704476603045376,0.1370447660212643,0.13704476603993573,0.13704476607677973,0.13704476603993573,0.1370447660212643,0.1370447660135285,0.1370447660212643,0.13704476603045376,0.1370447660212643,0.1370447660135285,0.13602973258525985,0.1360297325905388,0.13602973259566237,0.1360297325905388,0.13602973258525985,0.1360297325905388,0.1360297326007833,0.13602973261436763,0.1360297326007833,0.1360297325905388,0.13602973259566237,0.13602973261436763,0.13602973265184984,0.13602973261436763,0.13602973259566237,0.1360297325905388,0.1360297326007833,0.13602973261436763,0.1360297326007833,0.1360297325905388,0.13602973258525985,0.1360297325905388,0.13602973259566237,0.1360297325905388,0.13602973258525985,0.13503425205940903,0.13503425206268962,0.13503425206538625,0.13503425206268962,0.13503425205940903,0.13503425206268962,0.13503425206793743,0.13503425207311529,0.13503425206793743,0.13503425206268962,0.13503425206538625,0.13503425207311529,0.13503425208249256,0.13503425207311529,0.13503425206538625,0.13503425206268962,0.13503425206793743,0.13503425207311529,0.13503425206793743,0.13503425206268962,0.13503425205940903,0.13503425206268962,0.13503425206538625,0.13503425206268962,0.13503425205940903
0.1653324876968813,0.16533248769688036,0.16533248769687967,0.16533248769688036,0.1653324876968813,0.16533248769688036,0.16533248769687944,0.1653324876968787,0.16533248769687944,0.16533248769688036,0.16533248769687967,0.1653324876968787,0.165332487696878,0.1653324876968787,0.16533248769687967,0.16533248769688036,0.16533248769687944,0.1653324876968787,0.16533248769687944,0.16533248769688036,0.1653324876968813,0.16533248769688036,0.16533248769687967,0.16533248769688036,0.1653324876968813,0.16375749397989678,0.16375749397989423,0.16375749397989284,0.16375749397989423,0.16375749397989678,0.16375749397989423,0.1637574939798917,0.1637574939798901,0.1637574939798917,0.16375749397989423,0.16375749397989284,0.1637574939798901,0.16375749397988845,0.1637574939798901,0.16375749397989284,0.16375749397989423,0.1637574939798917,0.1637574939798901,0.1637574939798917,0.16375749397989423,0.16375749397989678,0.16375749397989423,0.16375749397989284,0.16375749397989423,0.16375749397989678,0.16221388419481786,0.1622138841948106,0.16221388419480606,0.1622138841948106,0.16221388419481786,0.1622138841948106,0.1622138841948029,0.1622138841947979,0.1622138841948029,0.1622138841948106,0.16221388419480606,0.1622138841947979,0.1622138841947929,0.1622138841947979,0.16221388419480606,0.1622138841948106,0.1622138841948029,0.1622138841947979,0.1622138841948029,0.1622138841948106,0.16221388419481786,0.1622138841948106,0.16221388419480606,0.1622138841948106,0.16221388419481786,0.16070106729869568,0.16070106729867392,0.16070106729865993,0.16070106729867392,0.16070106729869568,0.16070106729867392,0.16070106729864994,0.16070106729863437,0.16070106729864994,0.16070106729867392,0.16070106729865993,0.16070106729863437,0.1607010672986175,0.16070106729863437,0.16070106729865993,0.16070106729867392,0.16070106729864994,0.16070106729863437,0.16070106729864994,0.16070106729867392,0.16070106729869568,0.16070106729867392,0.16070106729865993,0.16070106729867392,0.16070106729869568,0.1592184516665398,0.15921845166647408,0.1592184516664314,0.15921845166647408,0.1592184516665398,0.15921845166647408,0.15921845166639897,0.1592184516663489,0.15921845166639897,0.15921845166647408,0.1592184516664314,0.1592184516663489,0.15921845166629228,0.1592184516663489,0.1592184516664314,0.15921845166647408,0.15921845166639897,0.1592184516663489,0.15921845166639897,0.15921845166647408,0.1592184516665398,0.15921845166647408,0.1592184516664314,0.15921845166647408,0.1592184516665398,0.15776544644320764,0.15776544644301582,0.15776544644288676,0.15776544644301582,0.15776544644320764,0.15776544644301582,0.15776544644278284,0.1577654464426179,0.15776544644278284,0.15776544644301582,0.15776544644288676,0.1577654464426179,0.15776544644242307,0.1577654464426179,0.15776544644288676,0.15776544644301582,0.15776544644278284,0.1577654464426179,0.15776544644278284,0.15776544644301582,0.15776544644320764,0.15776544644301582,0.15776544644288676,0.15776544644301582,0.15776544644320764,0.1563414627578421,0.15634146275730007,0.15634146275691785,0.15634146275730007,0.1563414627578421,0.15634146275730007,0.15634146275658872,0.15634146275604732,0.15634146275658872,0.15634146275730007,0.15634146275691785,0.15634146275604732,0.15634146275534788,0.15634146275604754,0.15634146275691785,0.15634146275730007,0.15634146275658872,0.15634146275604754,0.15634146275658872,0.15634146275730007,0.1563414627578421,0.15634146275730007,0.15634146275691785,0.15634146275730007,0.1563414627578421,0.1549459148112246,0.15494591480977551,0.1549459148086724,0.15494591480977551,0.15494591481122483,0.15494591480977551,0.15494591480766598,0.1549459148058511,0.15494591480766598,0.15494591480977551,0.1549459148086724,0.1549459148058511,0.15494591480312286,0.1549459148058511,0.1549459148086724,0.15494591480977551,0.15494591480766598,0.1549459148058511,0.15494591480766598,0.15494591480977551,0.15494591481122483,0.15494591480977551,0.1549459148086724,0.15494591480977551,0.15494591481122483,0.1535782208459807,0.1535782208424326,0.15357822083940653,0.1535782208424326,0.15357822084598088,0.1535782208424326,0.1535782208364945,0.15357822083031333,0.1535782208364945,0.1535782208424326,0.15357822083940653,0.15357822083031333,0.15357822081847544,0.15357822083031333,0.15357822083940653,0.1535782208424326,0.1535782208364945,0.15357822083031333,0.1535782208364945,0.1535782208424326,0.15357822084598088,0.1535782208424326,0.15357822083940653,0.1535782208424326,0.15357822084598088,0.15223780400901252,0.15223780400158854,0.15223780399414819,0.15223780400158854,0.15223780400901252,0.15223780400158854,0.15223780398662323,0.15223780396609898,0.15223780398662323,0.15223780400158854,0.15223780399414819,0.15223780396609898,0.15223780390801878,0.15223780396609898,0.15223780399414819,0.15223780400158854,0.15223780398662323,0.15223780396609898,0.15223780398662323,0.15223780400158854,0.15223780400901252,0.15223780400158854,0.15223780399414819,0.15223780400158854,0.15223780400901252,0.150924093114055,0.15092409310283014,0.1509240930890242,0.15092409310283014,0.150924093114055,0.15092409310283014,0.15092409307466711,0.15092409301726878,0.15092409307466711,0.15092409310283014,0.1509240930890242,0.15092409301726878,0.15092409269527246,0.15092409301726878,0.1509240930890242,0.15092409310283014,0.15092409307466711,0.15092409301726878,0.15092409307466711,0.15092409310283014,0.150924093114055,0.15092409310283014,0.1509240930890242,0.15092409310283014,0.1509240931140548,0.14963652330748303,0.14963652330098118,0.14963652329457974,0.14963652330098118,0.14963652330748303,0.14963652330098118,0.1496365232881146,0.1496365232713977,0.1496365232881146,0.14963652330098118,0.14963652329457974,0.1496365232713977,0.14963652323165455,0.1496365232713977,0.14963652329457974,0.14963652330098118,0.1496365232881146,0.1496365232713977,0.1496365232881146,0.14963652330098118,0.14963652330748303,0.14963652330098118,0.14963652329457974,0.14963652330098118,0.14963652330748303,0.14837453663624933,0.14837453663428893,0.14837453663292363,0.14837453663428893,0.14837453663624933,0.14837453663428893,0.14837453663168784,0.14837453663081326,0.14837453663168784,0.14837453663428893,0.14837453663292363,0.14837453663081326,0.14837453664062333,0.14837453663081326,0.14837453663292363,0.14837453663428893,0.14837453663168784,0.14837453663081326,0.14837453663168784,0.14837453663428893,0.14837453663624933,0.14837453663428893,0.14837453663292363,0.14837453663428893,0.14837453663624933,0.14713758257398935,0.14713758257465184,0.14713758257567638,0.14713758257465184,0.14713758257398935,0.14713758257465184,0.1471375825768114,0.14713758258141096,0.1471375825768114,0.14713758257465184,0.14713758257567638,0.14713758258141096,0.14713758260398166,0.14713758258141096,0.14713758257567638,0.14713758257465184,0.1471375825768114,0.14713758258141096,0.1471375825768114,0.14713758257465184,0.14713758257398935,0.14713758257465184,0.14713758257567638,0.14713758257465184,0.14713758257398935,0.14592511846244602,0.14592511846453096,0.14592511846677475,0.14592511846453096,0.14592511846244602,0.14592511846453096,0.14592511846907943,0.14592511847638184,0.14592511846907943,0.14592511846453096,0.14592511846677475,0.14592511847638184,0.14592511850664455,0.14592511847638184,0.14592511846677475,0.14592511846453096,0.14592511846907943,0.14592511847638184,0.14592511846907943,0.14592511846453096,0.14592511846244602,0.14592511846453096,0.14592511846677475,0.14592511846453096,0.14592511846244602,0.14473660988348772,0.14473660988645978,0.14473660988951562,0.14473660988645978,0.14473660988348772,0.14473660988645978,0.14473660989260587,0.14473660990207274,0.14473660989260587,0.14473660988645978,0.14473660988951562,0.14473660990207274,0.14473660994057616,0.14473660990207274,0.14473660988951562,0.14473660988645978,0.14473660989260587,0.14473660990207274,0.14473660989260587,0.14473660988645978,0.14473660988348772,0.14473660988645978,0.14473660988951562,0.14473660988645978,0.14473660988348772,0.14357153097253433,0.14357153097611244,0.14357153097977002,0.14357153097611244,0.14357153097253433,0.14357153097611244,0.1435715309834563,0.14357153099475248,0.1435715309834563,0.14357153097611244,0.14357153097977002,0.14357153099475248,0.14357153104085046,0.14357153099475248,0.14357153097977002,0.14357153097611244,0.1435715309834563,0.14357153099475248,0.1435715309834563,0.14357153097611244,0.14357153097253433,0.14357153097611244,0.14357153097977002,0.14357153097611244,0.14357153097253433,0.14242936467942163,0.14242936468334064,0.1424293646873585,0.14242936468334064,0.14242936467942163,0.14242936468334064,0.14242936469140535,0.14242936470390352,0.14242936469140535,0.14242936468334064,0.1424293646873585,0.14242936470390352,0.1424293647553217,0.14242936470390352,0.1424293646873585,0.14242936468334064,0.14242936469140535,0.14242936470390352,0.14242936469140535,0.14242936468334064,0.14242936467942163,0.14242936468334064,0.1424293646873585,0.14242936468334064,0.14242936467942163,0.1413096029812539,0.1413096029851848,0.14130960298921222,0.1413096029851848,0.1413096029812539,0.1413096029851848,0.14130960299325776,0.14130960300593,0.14130960299325776,0.1413096029851848,0.14130960298921222,0.14130960300593,0.14130960305957813,0.14130960300593,0.14130960298921222,0.1413096029851848,0.14130960299325776,0.14130960300593,0.14130960299325776,0.1413096029851848,0.1413096029812539,0.1413096029851848,0.14130960298921222,0.1413096029851848,0.1413096029812539,0.1402117470514524,0.14021174705508008,0.1402117470586109,0.14021174705508008,0.1402117470514524,0.14021174705508008,0.14021174706210474,0.14021174707246475,0.14021174706210474,0.14021174705508008,0.1402117470586109,0.14021174707246475,0.14021174711496392,0.14021174707246475,0.1402117470586109,0.14021174705508008,0.14021174706210474,0.14021174707246475,0.14021174706210474,0.14021174705508008,0.1402117470514524,0.14021174705508008,0.1402117470586109,0.14021174705508008,0.1402117470514524,0.13913530738886443,0.1391353073925255,0.13913530739569596,0.1391353073925255,0.13913530738886443,0.1391353073925255,0.13913530739875954,0.1391353074055185,0.13913530739875954,0.1391353073925255,0.13913530739569596,0.1391353074055185,0.1391353074199217,0.1391353074055185,0.13913530739569596,0.1391353073925255,0.13913530739875954,0.1391353074055185,0.13913530739875954,0.1391353073925255,0.13913530738886443,0.1391353073925255,0.13913530739569596,0.1391353073925255,0.13913530738886443,0.13807980390963182,0.13807980391495953,0.13807980392010238,0.13807980391495953,0.13807980390963182,0.13807980391495953,0.1380798039252431,0.13807980393867186,0.1380798039252431,0.13807980391495953,0.13807980392010238,0.13807980393867186,0.13807980397492628,0.13807980393867186,0.13807980392010238,0.13807980391495953,0.1380798039252431,0.13807980393867186,0.1380798039252431,0.13807980391495953,0.13807980390963182,0.13807980391495953,0.13807980392010238,0.13807980391495953,0.13807980390963182,0.13704476600535162,0.13704476601294344,0.1370447660219605,0.13704476601294344,0.13704476600535162,0.13704476601294344,0.13704476603126445,0.13704476606741256,0.13704476603126445,0.13704476601294344,0.1370447660219605,0.13704476606741256,0.13704476626603032,0.13704476606741256,0.1370447660219605,0.13704476601294344,0.13704476603126445,0.13704476606741256,0.13704476603126445,0.13704476601294344,0.13704476600535162,0.13704476601294344,0.1370447660219605,0.13704476601294344,0.13704476600535162,0.13602973257692852,0.13602973258210846,0.1360297325871356,0.13602973258210846,0.13602973257692852,0.13602973258210846,0.1360297325921599,0.13602973260548745,0.1360297325921599,0.13602973258210846,0.1360297325871356,0.13602973260548745,0.13602973264225976,0.13602973260548745,0.1360297325871356,0.13602973258210846,0.1360297325921599,0.13602973260548745,0.1360297325921599,0.13602973258210846,0.13602973257692852,0.13602973258210846,0.1360297325871356,0.13602973258210846,0.13602973257692852,0.1350342520511173,0.13503425205433614,0.1350342520569819,0.13503425205433614,0.1350342520511173,0.13503425205433614,0.13503425205948494,0.13503425206456485,0.13503425205948494,0.13503425205433614,0.1350342520569819,0.13503425206456485,0.13503425207376474,0.13503425206456485,0.1350342520569819,0.13503425205433614,0.13503425205948494,0.13503425206456485,0.13503425205948494,0.13503425205433614,0.1350342520511173,0.13503425205433614,0.1350342520569819,0.13503425205433614,0.1350342520511173
0.16533248770359066,0.16533248770358974,0.16533248770358924,0.16533248770358974,0.16533248770359066,0.16533248770358974,0.16533248770358877,0.16533248770358808,0.16533248770358877,0.16533248770358974,0.16533248770358924,0.16533248770358808,0.16533248770358736,0.16533248770358808,0.16533248770358924,0.16533248770358974,0.16533248770358877,0.16533248770358808,0.16533248770358877,0.16533248770358974,0.16533248770359066,0.16533248770358974,0.16533248770358924,0.16533248770358974,0.16533248770359066,0.16375749398647416,0.16375749398647182,0.16375749398647022,0.16375749398647182,0.16375749398647416,0.16375749398647182,0.1637574939864693,0.1637574939864677,0.1637574939864693,0.16375749398647182,0.16375749398647022,0.1637574939864677,0.1637574939864663,0.1637574939864677,0.16375749398647022,0.16375749398647182,0.1637574939864693,0.1637574939864677,0.1637574939864693,0.16375749398647182,0.16375749398647416,0.16375749398647182,0.16375749398647022,0.16375749398647182,0.16375749398647416,0.16221388420126706,0.16221388420126,0.1622138842012555,0.16221388420126,0.16221388420126706,0.16221388420126,0.16221388420125255,0.16221388420124777,0.16221388420125255,0.16221388420126,0.1622138842012555,0.16221388420124777,0.16221388420124278,0.16221388420124777,0.1622138842012555,0.16221388420126,0.16221388420125255,0.16221388420124777,0.16221388420125255,0.16221388420126,0.16221388420126706,0.16221388420126,0.1622138842012555,0.16221388420126,0.16221388420126706,0.16070106730502018,0.16070106730499883,0.1607010673049853,0.16070106730499883,0.16070106730502018,0.16070106730499883,0.16070106730497555,0.16070106730496042,0.16070106730497555,0.16070106730499883,0.1607010673049853,0.16070106730496042,0.16070106730494418,0.16070106730496042,0.1607010673049853,0.16070106730499883,0.16070106730497555,0.16070106730496042,0.16070106730497555,0.16070106730499883,0.16070106730502018,0.16070106730499883,0.1607010673049853,0.16070106730499883,0.16070106730502018,0.1592184516727417,0.15921845167267815,0.15921845167263676,0.15921845167267815,0.1592184516727417,0.15921845167267815,0.1592184516726052,0.15921845167255663,0.1592184516726052,0.15921845167267815,0.15921845167263676,0.15921845167255663,0.15921845167250198,0.15921845167255663,0.15921845167263676,0.15921845167267815,0.1592184516726052,0.15921845167255663,0.1592184516726052,0.15921845167267815,0.1592184516727417,0.15921845167267815,0.15921845167263676,0.15921845167267815,0.1592184516727417,0.15776544644928694,0.15776544644910087,0.15776544644897564,0.15776544644910087,0.15776544644928694,0.15776544644910087,0.1577654464488749,0.1577654464487151,0.1577654464488749,0.15776544644910087,0.15776544644897564,0.1577654464487151,0.15776544644852628,0.1577654464487151,0.15776544644897583,0.15776544644910087,0.1577654464488749,0.1577654464487151,0.1577654464488749,0.15776544644910087,0.15776544644928694,0.15776544644910087,0.15776544644897583,0.15776544644910087,0.15776544644928694,0.15634146276379057,0.15634146276326466,0.1563414627628937,0.15634146276326466,0.15634146276379057,0.15634146276326466,0.15634146276257482,0.15634146276204994,0.15634146276257482,0.15634146276326466,0.1563414627628937,0.15634146276204994,0.1563414627613716,0.15634146276204994,0.1563414627628937,0.15634146276326466,0.15634146276257482,0.15634146276204994,0.15634146276257482,0.15634146276326466,0.15634146276379057,0.15634146276326466,0.1563414627628937,0.15634146276326466,0.15634146276379057,0.1549459148170121,0.15494591481560566,0.15494591481453548,0.15494591481560566,0.1549459148170121,0.15494591481560566,0.1549459148135594,0.15494591481179965,0.1549459148135594,0.15494591481560566,0.15494591481453548,0.15494591481179965,0.15494591480915562,0.15494591481179965,0.15494591481453548,0.15494591481560566,0.1549459148135594,0.15494591481179965,0.1549459148135594,0.15494591481560566,0.1549459148170121,0.15494591481560566,0.15494591481453548,0.15494591481560566,0.1549459148170121,0.15357822085152137,0.15357822084807632,0.15357822084514,0.15357822084807632,0.15357822085152137,0.15357822084807632,0.15357822084231493,0.15357822083632178,0.15357822084231493,0.15357822084807632,0.15357822084514,0.15357822083632178,0.15357822082485242,0.15357822083632178,0.15357822084514,0.15357822084807632,0.15357822084231493,0.15357822083632178,0.15357822084231493,0.15357822084807632,0.15357822085152137,0.15357822084807632,0.15357822084514,0.15357822084807632,0.15357822085152137,0.15223780401409373,0.1522378040068794,0.15223780399965559,0.1522378040068794,0.15223780401409373,0.1522378040068794,0.15223780399235165,0.15223780397245099,0.15223780399235165,0.1522378040068794,0.15223780399965559,0.15223780397245099,0.1522378039161951,0.15223780397245099,0.15223780399965559,0.1522378040068794,0.15223780399235165,0.15223780397245099,0.15223780399235165,0.1522378040068794,0.15223780401409373,0.1522378040068794,0.15223780399965559,0.1522378040068794,0.15223780401409373,0.15092409311823982,0.15092409310730606,0.15092409309388116,0.15092409310730606,0.15092409311823982,0.15092409310730606,0.150924093079924,0.15092409302423745,0.150924093079924,0.15092409310730606,0.15092409309388116,0.15092409302423745,0.1509240927124248,0.15092409302423745,0.15092409309388116,0.15092409310730606,0.150924093079924,0.15092409302423745,0.150924093079924,0.15092409310730606,0.15092409311823982,0.15092409310730606,0.15092409309388116,0.15092409310730606,0.15092409311823982,0.14963652331015934,0.14963652330373253,0.14963652329738367,0.14963652330373253,0.14963652331015934,0.14963652330373253,0.14963652329096902,0.14963652327421825,0.14963652329096902,0.14963652330373253,0.14963652329738367,0.14963652327421825,0.1496365232328785,0.14963652327421825,0.14963652329738367,0.14963652330373253,0.14963652329096902,0.14963652327421825,0.14963652329096902,0.14963652330373253,0.14963652331015934,0.14963652330373253,0.14963652329738367,0.14963652330373253,0.14963652331015911,0.14837453663724198,0.14837453663520908,0.14837453663373906,0.14837453663520908,0.14837453663724198,0.14837453663520908,0.1483745366323906,0.14837453663103936,0.1483745366323906,0.14837453663520908,0.14837453663373906,0.14837453663103936,0.1483745366382724,0.14837453663103936,0.14837453663373906,0.14837453663520908,0.1483745366323906,0.14837453663103936,0.1483745366323906,0.14837453663520908,0.14837453663724198,0.14837453663520908,0.14837453663373906,0.14837453663520908,0.14837453663724198,0.14713758257342532,0.1471375825739739,0.14713758257486856,0.1471375825739739,0.14713758257342532,0.1471375825739739,0.14713758257586876,0.14713758258001636,0.14713758257586876,0.1471375825739739,0.14713758257486856,0.14713758258001636,0.14713758260059792,0.14713758258001636,0.14713758257486856,0.1471375825739739,0.14713758257586876,0.14713758258001636,0.14713758257586876,0.1471375825739739,0.14713758257342532,0.1471375825739739,0.14713758257486856,0.1471375825739739,0.14713758257342532,0.14592511846053893,0.14592511846252135,0.1459251184646588,0.14592511846252135,0.14592511846053893,0.14592511846252135,0.14592511846685524,0.1459251184738268,0.14592511846685524,0.14592511846252135,0.1459251184646588,0.1459251184738268,0.1459251185027898,0.1459251184738268,0.1459251184646588,0.14592511846252135,0.14592511846685524,0.1459251184738268,0.14592511846685524,0.14592511846252135,0.14592511846053893,0.14592511846252135,0.1459251184646588,0.14592511846252135,0.14592511846053893,0.14473660988042888,0.14473660988332468,0.14473660988630546,0.14473660988332468,0.14473660988042888,0.14473660988332468,0.14473660988932083,0.14473660989857232,0.14473660988932083,0.14473660988332468,0.14473660988630546,0.14473660989857232,0.14473660993622636,0.14473660989857232,0.14473660988630546,0.14473660988332468,0.14473660988932083,0.14473660989857232,0.14473660988932083,0.14473660988332468,0.14473660988042888,0.14473660988332468,0.14473660988630546,0.14473660988332468,0.14473660988042888,0.14357153096846303,0.14357153097198694,0.14357153097559314,0.14357153097198694,0.14357153096846303,0.14357153097198694,0.14357153097922876,0.14357153099038467,0.14357153097922876,0.14357153097198694,0.14357153097559314,0.14357153099038467,0.14357153103599019,0.14357153099038467,0.14357153097559314,0.14357153097198694,0.14357153097922876,0.14357153099038467,0.14357153097922876,0.14357153097198694,0.14357153096846303,0.14357153097198694,0.14357153097559314,0.14357153097198694,0.14357153096846303,0.1424293646744327,0.1424293646783101,0.14242936468228884,0.1424293646783101,0.1424293646744327,0.1424293646783101,0.14242936468629763,0.14242936469868964,0.14242936468629763,0.1424293646783101,0.14242936468228884,0.14242936469868964,0.1424293647497161,0.14242936469868964,0.14242936468228884,0.1424293646783101,0.14242936468629763,0.14242936469868964,0.14242936468629763,0.1424293646783101,0.1424293646744327,0.1424293646783101,0.14242936468228884,0.1424293646783101,0.1424293646744327,0.14130960297541584,0.14130960297930958,0.14130960298330217,0.14130960297930958,0.14130960297541584,0.14130960297930958,0.14130960298731365,0.14130960299989068,0.14130960298731365,0.14130960297930958,0.14130960298330217,0.14130960299989068,0.14130960305319273,0.14130960299989068,0.14130960298330217,0.14130960297930958,0.14130960298731365,0.14130960299989068,0.14130960298731365,0.14130960297930958,0.14130960297541584,0.14130960297930958,0.14130960298330217,0.14130960297930958,0.14130960297541584,0.1402117470448257,0.1402117470484123,0.14021174705190487,0.1402117470484123,0.1402117470448257,0.1402117470484123,0.1402117470553618,0.14021174706561665,0.1402117470553618,0.1402117470484123,0.14021174705190487,0.14021174706561665,0.14021174710768045,0.14021174706561665,0.14021174705190487,0.1402117470484123,0.1402117470553618,0.14021174706561665,0.1402117470553618,0.1402117470484123,0.1402117470448257,0.1402117470484123,0.14021174705190487,0.1402117470484123,0.1402117470448257,0.13913530738151758,0.13913530738512286,0.13913530738824542,0.13913530738512286,0.13913530738151758,0.13913530738512286,0.13913530739126284,0.13913530739792188,0.13913530739126284,0.13913530738512286,0.13913530738824542,0.13913530739792188,0.13913530741211905,0.13913530739792188,0.13913530738824542,0.13913530738512286,0.13913530739126284,0.13913530739792188,0.13913530739126284,0.13913530738512286,0.13913530738151758,0.13913530738512286,0.13913530738824542,0.13913530738512286,0.13913530738151758,0.1380798039016636,0.13807980390689428,0.13807980391194255,0.13807980390689428,0.1380798039016636,0.13807980390689428,0.13807980391698838,0.1380798039301655,0.13807980391698838,0.13807980390689428,0.13807980391194255,0.1380798039301655,0.13807980396573122,0.1380798039301655,0.13807980391194255,0.13807980390689428,0.13807980391698838,0.1380798039301655,0.13807980391698838,0.13807980390689428,0.1380798039016636,0.13807980390689428,0.13807980391194255,0.13807980390689428,0.1380798039016636,0.1370447659969464,0.13704476600439316,0.13704476601323703,0.13704476600439316,0.1370447659969464,0.13704476600439316,0.13704476602236187,0.13704476605781046,0.13704476602236187,0.13704476600439316,0.13704476601323703,0.13704476605781046,0.13704476625257006,0.13704476605781046,0.13704476601323703,0.13704476600439316,0.13704476602236187,0.13704476605781046,0.13704476602236187,0.13704476600439316,0.1370447659969464,0.13704476600439316,0.13704476601323703,0.13704476600439316,0.1370447659969464,0.13602973256837148,0.13602973257345166,0.13602973257838186,0.13602973257345166,0.13602973256837148,0.13602973257345166,0.1360297325833091,0.13602973259637854,0.1360297325833091,0.13602973257345166,0.13602973257838186,0.13602973259637854,0.13602973263243753,0.13602973259637854,0.13602973257838186,0.13602973257345166,0.1360297325833091,0.13602973259637854,0.1360297325833091,0.13602973257345166,0.13602973256837148,0.13602973257345166,0.13602973257838186,0.13602973257345166,0.13602973256837148,0.1350342520426037,0.13503425204576025,0.13503425204835498,0.13503425204576025,0.1350342520426037,0.13503425204576025,0.1350342520508096,0.13503425205579112,0.1350342520508096,0.13503425204576025,0.13503425204835498,0.13503425205579112,0.13503425206481257,0.13503425205579112,0.13503425204835498,0.13503425204576025,0.1350342520508096,0.13503425205579112,0.1350342520508096,0.13503425204576025,0.1350342520426037,0.13503425204576025,0.13503425204835498,0.13503425204576025,0.1350342520426037
0.1653324877105287,0.16533248771052775,0.16533248771052728,0.16533248771052775,0.1653324877105287,0.16533248771052775,0.16533248771052683,0.16533248771052633,0.16533248771052683,0.16533248771052775,0.16533248771052728,0.16533248771052633,0.16533248771052564,0.16533248771052633,0.16533248771052728,0.16533248771052775,0.16533248771052683,0.16533248771052633,0.16533248771052683,0.16533248771052775,0.1653324877105287,0.16533248771052775,0.16533248771052728,0.16533248771052775,0.1653324877105287,0.16375749399327566,0.16375749399327336,0.16375749399327194,0.16375749399327336,0.16375749399327566,0.16375749399327336,0.16375749399327102,0.16375749399326942,0.16375749399327102,0.16375749399327336,0.16375749399327194,0.16375749399326942,0.16375749399326803,0.16375749399326942,0.16375749399327194,0.16375749399327336,0.16375749399327102,0.16375749399326942,0.16375749399327102,0.16375749399327336,0.16375749399327566,0.16375749399327336,0.16375749399327194,0.16375749399327336,0.16375749399327566,0.16221388420793562,0.16221388420792884,0.16221388420792454,0.16221388420792884,0.16221388420793562,0.16221388420792884,0.1622138842079216,0.16221388420791705,0.1622138842079216,0.16221388420792884,0.16221388420792454,0.16221388420791705,0.16221388420791227,0.16221388420791705,0.16221388420792454,0.16221388420792884,0.1622138842079216,0.16221388420791705,0.1622138842079216,0.16221388420792884,0.16221388420793562,0.16221388420792884,0.16221388420792454,0.16221388420792884,0.16221388420793562,0.16070106731155945,0.16070106731153902,0.1607010673115259,0.16070106731153902,0.16070106731155945,0.16070106731153902,0.16070106731151637,0.1607010673115019,0.16070106731151637,0.16070106731153902,0.1607010673115259,0.1607010673115019,0.16070106731148615,0.1607010673115019,0.1607010673115259,0.16070106731153902,0.16070106731151637,0.1607010673115019,0.16070106731151637,0.16070106731153902,0.16070106731155945,0.16070106731153902,0.1607010673115259,0.16070106731153902,0.16070106731155945,0.15921845167915433,0.15921845167909274,0.15921845167905266,0.15921845167909274,0.15921845167915433,0.15921845167909274,0.1592184516790224,0.1592184516789754,0.1592184516790224,0.15921845167909274,0.15921845167905266,0.1592184516789754,0.1592184516789227,0.1592184516789754,0.15921845167905266,0.15921845167909274,0.1592184516790224,0.1592184516789754,0.1592184516790224,0.15921845167909274,0.15921845167915433,0.15921845167909274,0.15921845167905266,0.15921845167909274,0.15921845167915433,0.15776544645557233,0.15776544645539228,0.1577654464552713,0.15776544645539228,0.15776544645557233,0.15776544645539228,0.15776544645517376,0.15776544645501928,0.15776544645517376,0.15776544645539228,0.1577654464552713,0.15776544645501928,0.15776544645483664,0.15776544645501928,0.1577654464552713,0.15776544645539228,0.15776544645517376,0.15776544645501928,0.15776544645517376,0.15776544645539228,0.15776544645557233,0.15776544645539228,0.1577654464552713,0.15776544645539228,0.15776544645557233,0.15634146276994,0.156341462769431,0.15634146276907196,0.156341462769431,0.15634146276994,0.156341462769431,0.15634146276876354,0.1563414627682556,0.15634146276876354,0.156341462769431,0.15634146276907196,0.1563414627682556,0.15634146276759964,0.1563414627682556,0.15634146276907196,0.156341462769431,0.15634146276876354,0.1563414627682556,0.15634146276876354,0.156341462769431,0.15634146276994,0.156341462769431,0.15634146276907196,0.156341462769431,0.15634146276994,0.15494591482299427,0.15494591482163228,0.15494591482059636,0.15494591482163228,0.15494591482299427,0.15494591482163228,0.15494591481965184,0.15494591481794948,0.15494591481965184,0.15494591482163228,0.15494591482059636,0.15494591481794948,0.15494591481539294,0.15494591481794948,0.15494591482059636,0.15494591482163228,0.15494591481965184,0.15494591481794948,0.15494591481965184,0.15494591482163228,0.15494591482299427,0.15494591482163228,0.15494591482059636,0.15494591482163228,0.15494591482299427,0.15357822085724682,0.15357822085390918,0.15357822085106604,0.15357822085390918,0.15357822085724682,0.15357822085390918,0.1535782208483314,0.15357822084253403,0.1535782208483314,0.15357822085390918,0.15357822085106604,0.15357822084253403,0.1535782208314479,0.15357822084253403,0.15357822085106604,0.15357822085390918,0.1535782208483314,0.15357822084253403,0.1535782208483314,0.15357822085390918,0.15357822085724682,0.15357822085390918,0.15357822085106604,0.15357822085390918,0.15357822085724682,0.15223780401934106,0.15223780401234482,0.1522378040053466,0.15223780401234482,0.15223780401934106,0.15223780401234482,0.15223780399827255,0.1522378039790207,0.15223780399827255,0.15223780401234482,0.1522378040053466,0.1522378039790207,0.1522378039246627,0.1522378039790207,0.1522378040053466,0.15223780401234482,0.15223780399827255,0.1522378039790207,0.15223780399827255,0.15223780401234482,0.15223780401934106,0.15223780401234482,0.1522378040053466,0.15223780401234482,0.15223780401934106,0.15092409312255503,0.150924093111924,0.15092409309889554,0.150924093111924,0.15092409312255503,0.150924093111924,0.1509240930853541,0.1509240930314486,0.1509240930853541,0.150924093111924,0.15092409309889554,0.1509240930314486,0.15092409273026045,0.1509240930314486,0.15092409309889554,0.150924093111924,0.1509240930853541,0.1509240930314486,0.1509240930853541,0.150924093111924,0.15092409312255503,0.150924093111924,0.15092409309889554,0.150924093111924,0.15092409312255503,0.149636523312905,0.14963652330655614,0.14963652330026192,0.14963652330655614,0.149636523312905,0.14963652330655614,0.14963652329389943,0.14963652327711313,0.14963652329389943,0.14963652330655614,0.14963652330026192,0.14963652327711313,0.14963652323407275,0.14963652327711313,0.14963652330026192,0.14963652330655614,0.14963652329389943,0.14963652327711313,0.14963652329389943,0.14963652330655614,0.149636523312905,0.14963652330655614,0.14963652330026192,0.14963652330655614,0.149636523312905,0.14837453663823702,0.14837453663612798,0.14837453663454858,0.14837453663612798,0.14837453663823702,0.14837453663612798,0.1483745366330821,0.14837453663123323,0.1483745366330821,0.14837453663612798,0.14837453663454858,0.14837453663123323,0.14837453663586517,0.14837453663123323,0.14837453663454858,0.14837453663612798,0.1483745366330821,0.14837453663123323,0.1483745366330821,0.14837453663612798,0.14837453663823702,0.14837453663612798,0.14837453663454858,0.14837453663612798,0.14837453663823702,0.14713758257280293,0.1471375825732318,0.14713758257399062,0.1471375825732318,0.14713758257280293,0.1471375825732318,0.1471375825748495,0.14713758257852386,0.1471375825748495,0.1471375825732318,0.14713758257399062,0.14713758257852386,0.14713758259705562,0.14713758257852386,0.14713758257399062,0.1471375825732318,0.1471375825748495,0.14713758257852386,0.1471375825748495,0.1471375825732318,0.14713758257280293,0.1471375825732318,0.14713758257399062,0.1471375825732318,0.14713758257280293,0.14592511845852343,0.1459251184603979,0.1459251184624232,0.1459251184603979,0.14592511845852343,0.1459251184603979,0.14592511846450568,0.14592511847112857,0.14592511846450568,0.1459251184603979,0.1459251184624232,0.14592511847112857,0.14592511849867743,0.14592511847112857,0.1459251184624232,0.1459251184603979,0.14592511846450568,0.14592511847112857,0.14592511846450568,0.1459251184603979,0.14592511845852343,0.1459251184603979,0.1459251184624232,0.1459251184603979,0.14592511845852343,0.1447366098772224,0.14473660988003706,0.14473660988293804,0.14473660988003706,0.1447366098772224,0.14473660988003706,0.1447366098858738,0.14473660989489542,0.1447366098858738,0.14473660988003706,0.14473660988293804,0.14473660989489542,0.14473660993167692,0.14473660989489542,0.14473660988293804,0.14473660988003706,0.1447366098858738,0.14473660989489542,0.1447366098858738,0.14473660988003706,0.1447366098772224,0.14473660988003706,0.14473660988293804,0.14473660988003706,0.1447366098772224,0.1435715309642143,0.14357153096767983,0.14357153097123043,0.14357153096767983,0.1435715309642143,0.14357153096767983,0.14357153097481115,0.1435715309858144,0.14357153097481115,0.14357153096767983,0.14357153097123043,0.1435715309858144,0.14357153103086842,0.1435715309858144,0.14357153097123043,0.14357153096767983,0.14357153097481115,0.1435715309858144,0.14357153097481115,0.14357153096767983,0.1435715309642143,0.14357153096767983,0.14357153097123043,0.14357153096767983,0.1435715309642143,0.14242936466924463,0.1424293646730769,0.1424293646770129,0.1424293646730769,0.14242936466924463,0.1424293646730769,0.14242936468097955,0.14242936469325396,0.14242936468097955,0.1424293646730769,0.1424293646770129,0.14242936469325396,0.14242936474385268,0.14242936469325396,0.1424293646770129,0.1424293646730769,0.14242936468097955,0.14242936469325396,0.14242936468097955,0.1424293646730769,0.14242936466924463,0.1424293646730769,0.1424293646770129,0.1424293646730769,0.14242936466924463,0.14130960296936484,0.14130960297321793,0.14130960297717235,0.14130960297321793,0.14130960296936484,0.14130960297321793,0.1413096029811465,0.14130960299361794,0.1413096029811465,0.14130960297321793,0.14130960297717235,0.14130960299361794,0.1413096030465327,0.14130960299361794,0.14130960297717235,0.14130960297321793,0.1413096029811465,0.14130960299361794,0.1413096029811465,0.14130960297321793,0.14130960296936484,0.14130960297321793,0.14130960297717235,0.14130960297321793,0.14130960296936484,0.1402117470379781,0.14021174704152098,0.14021174704497325,0.14021174704152098,0.1402117470379781,0.14021174704152098,0.14021174704839082,0.14021174705853331,0.14021174704839082,0.14021174704152098,0.14021174704497325,0.14021174705853331,0.1402117471001422,0.14021174705853331,0.14021174704497325,0.14021174704152098,0.14021174704839082,0.14021174705853331,0.14021174704839082,0.14021174704152098,0.1402117470379781,0.14021174704152098,0.14021174704497325,0.14021174704152098,0.1402117470379781,0.13913530737394625,0.1391353073774946,0.13913530738056815,0.1391353073774946,0.13913530737394625,0.1391353073774946,0.13913530738353827,0.13913530739009453,0.13913530738353827,0.1391353073774946,0.13913530738056815,0.13913530739009453,0.1391353074040795,0.13913530739009453,0.13913530738056815,0.1391353073774946,0.13913530738353827,0.13913530739009453,0.13913530738353827,0.1391353073774946,0.13913530737394625,0.1391353073774946,0.13913530738056815,0.1391353073774946,0.13913530737394625,0.1380798038934703,0.13807980389860328,0.13807980390355606,0.13807980389860328,0.1380798038934703,0.13807980389860328,0.13807980390850608,0.13807980392142985,0.13807980390850608,0.13807980389860328,0.13807980390355606,0.13807980392142985,0.13807980395630284,0.13807980392142985,0.13807980390355606,0.13807980389860328,0.13807980390850608,0.13807980392142985,0.13807980390850608,0.13807980389860328,0.1380798038934703,0.13807980389860328,0.13807980390355606,0.13807980389860328,0.1380798038934703,0.13704476598831705,0.1370447659956182,0.13704476600428778,0.1370447659956182,0.13704476598831705,0.1370447659956182,0.13704476601323265,0.1370447660479785,0.13704476601323265,0.1370447659956182,0.13704476600428778,0.1370447660479785,0.13704476623887582,0.1370447660479785,0.13704476600428778,0.1370447659956182,0.13704476601323265,0.1370447660479785,0.13704476601323265,0.1370447659956182,0.13704476598831705,0.1370447659956182,0.13704476600428778,0.1370447659956182,0.13704476598831705,0.13602973255959314,0.1360297325645731,0.13602973256940581,0.1360297325645731,0.13602973255959314,0.1360297325645731,0.1360297325742355,0.1360297325870457,0.1360297325742355,0.1360297325645731,0.13602973256940581,0.1360297325870457,0.1360297326223882,0.1360297325870457,0.13602973256940581,0.1360297325645731,0.1360297325742355,0.1360297325870457,0.1360297325742355,0.1360297325645731,0.13602973255959314,0.1360297325645731,0.13602973256940581,0.1360297325645731,0.13602973255959314,0.13503425203387237,0.13503425203696665,0.1350342520395099,0.13503425203696665,0.13503425203387237,0.13503425203696665,0.1350342520419158,0.13503425204679856,0.1350342520419158,0.13503425203696665,0.1350342520395099,0.13503425204679856,0.13503425205564074,0.13503425204679856,0.1350342520395099,0.13503425203696665,0.1350342520419158,0.13503425204679856,0.1350342520419158,0.13503425203696665,0.13503425203387237,0.13503425203696665,0.1350342520395099,0.13503425203696665,0.13503425203387237
0.16533248771769232,0.1653324877176914,0.16533248771769068,0.1653324877176914,0.16533248771769232,0.1653324877176914,0.16533248771769046,0.16533248771768974,0.16533248771769046,0.1653324877176914,0.16533248771769068,0.16533248771768974,0.16533248771768927,0.16533248771768974,0.16533248771769068,0.1653324877176914,0.16533248771769046,0.16533248771768974,0.16533248771769046,0.1653324877176914,0.16533248771769232,0.1653324877176914,0.16533248771769068,0.1653324877176914,0.16533248771769232,0.16375749400029804,0.1637574940002957,0.16375749400029435,0.1637574940002957,0.16375749400029804,0.1637574940002957,0.16375749400029363,0.16375749400029202,0.1637574940002934,0.1637574940002957,0.16375749400029435,0.16375749400029202,0.16375749400029063,0.16375749400029202,0.16375749400029435,0.1637574940002957,0.1637574940002934,0.16375749400029202,0.16375749400029363,0.1637574940002957,0.16375749400029804,0.1637574940002957,0.16375749400029435,0.1637574940002957,0.16375749400029804,0.16221388421482075,0.16221388421481414,0.16221388421481006,0.16221388421481414,0.16221388421482075,0.16221388421481414,0.1622138842148073,0.16221388421480282,0.1622138842148073,0.16221388421481414,0.16221388421481006,0.16221388421480282,0.16221388421479827,0.16221388421480282,0.16221388421481006,0.16221388421481414,0.1622138842148073,0.16221388421480282,0.1622138842148073,0.16221388421481414,0.16221388421482075,0.16221388421481414,0.16221388421481006,0.16221388421481414,0.16221388421482075,0.1607010673183109,0.16070106731829092,0.1607010673182785,0.16070106731829092,0.1607010673183109,0.16070106731829092,0.16070106731826936,0.16070106731825537,0.16070106731826936,0.16070106731829092,0.1607010673182785,0.16070106731825537,0.16070106731824024,0.16070106731825537,0.1607010673182785,0.16070106731829092,0.16070106731826936,0.16070106731825537,0.16070106731826936,0.16070106731829092,0.1607010673183109,0.16070106731829092,0.1607010673182785,0.16070106731829092,0.1607010673183109,0.15921845168577445,0.15921845168571502,0.15921845168567625,0.15921845168571502,0.15921845168577445,0.15921845168571502,0.1592184516856471,0.1592184516856018,0.1592184516856471,0.15921845168571502,0.15921845168567625,0.1592184516856018,0.15921845168555107,0.1592184516856018,0.15921845168567625,0.15921845168571502,0.1592184516856471,0.1592184516856018,0.1592184516856471,0.15921845168571502,0.15921845168577445,0.15921845168571502,0.15921845168567625,0.15921845168571502,0.15921845168577445,0.15776544646206087,0.15776544646188695,0.15776544646177001,0.15776544646188695,0.15776544646206087,0.15776544646188695,0.15776544646167615,0.15776544646152724,0.15776544646167615,0.15776544646188695,0.15776544646177001,0.15776544646152724,0.157765446461351,0.15776544646152724,0.15776544646177001,0.15776544646188695,0.15776544646167615,0.15776544646152724,0.15776544646167615,0.15776544646188695,0.15776544646206087,0.15776544646188695,0.15776544646177001,0.15776544646188695,0.15776544646206087,0.1563414627762874,0.156341462775796,0.1563414627754493,0.156341462775796,0.1563414627762874,0.156341462775796,0.15634146277515196,0.1563414627746616,0.15634146277515196,0.156341462775796,0.1563414627754493,0.1563414627746616,0.15634146277402863,0.1563414627746616,0.1563414627754493,0.156341462775796,0.15634146277515196,0.1563414627746616,0.15634146277515196,0.156341462775796,0.1563414627762874,0.156341462775796,0.1563414627754493,0.156341462775796,0.1563414627762874,0.15494591482916845,0.15494591482785258,0.1549459148268521,0.15494591482785258,0.15494591482916845,0.15494591482785258,0.15494591482594017,0.15494591482429743,0.15494591482594017,0.15494591482785258,0.1549459148268521,0.15494591482429743,0.1549459148218317,0.15494591482429743,0.1549459148268521,0.15494591482785258,0.15494591482594017,0.15494591482429743,0.1549459148259404,0.15494591482785258,0.15494591482916845,0.15494591482785258,0.1549459148268521,0.15494591482785258,0.15494591482916845,0.1535782208631546,0.15357822085992826,0.15357822085718192,0.15357822085992826,0.1535782208631546,0.15357822085992826,0.15357822085454104,0.15357822084894696,0.15357822085454104,0.15357822085992826,0.15357822085718192,0.15357822084894696,0.1535782208382587,0.15357822084894696,0.15357822085718192,0.15357822085992826,0.15357822085454104,0.15357822084894696,0.15357822085454104,0.15357822085992826,0.1535782208631546,0.15357822085992826,0.15357822085718192,0.15357822085992826,0.1535782208631546,0.15223780402475257,0.1522378040179825,0.1522378040112185,0.1522378040179825,0.15223780402475257,0.1522378040179825,0.15223780400438325,0.15223780398580475,0.15223780400438325,0.1522378040179825,0.1522378040112185,0.15223780398580475,0.15223780393341735,0.15223780398580475,0.1522378040112185,0.1522378040179825,0.15223780400438325,0.15223780398580475,0.15223780400438325,0.1522378040179825,0.15223780402475257,0.1522378040179825,0.1522378040112185,0.1522378040179825,0.15223780402475257,0.15092409312699837,0.1509240931166816,0.15092409310406463,0.1509240931166816,0.15092409312699837,0.1509240931166816,0.15092409309095495,0.1509240930388984,0.15092409309095495,0.1509240931166816,0.15092409310406463,0.1509240930388984,0.15092409274873578,0.1509240930388984,0.15092409310406463,0.1509240931166816,0.15092409309095495,0.1509240930388984,0.15092409309095495,0.1509240931166816,0.15092409312699837,0.1509240931166816,0.15092409310406463,0.1509240931166816,0.15092409312699837,0.14963652331571933,0.14963652330945082,0.14963652330321314,0.14963652330945082,0.14963652331571933,0.14963652330945082,0.14963652329690455,0.1496365232800808,0.14963652329690455,0.14963652330945082,0.14963652330321314,0.1496365232800808,0.1496365232353139,0.1496365232800808,0.14963652330321314,0.14963652330945082,0.14963652329690455,0.1496365232800808,0.14963652329690455,0.14963652330945082,0.14963652331571933,0.14963652330945082,0.14963652330321314,0.14963652330945082,0.14963652331571933,0.14837453663923447,0.14837453663704572,0.14837453663535202,0.14837453663704572,0.14837453663923447,0.14837453663704572,0.14837453663376263,0.14837453663139538,0.14837453663376263,0.14837453663704572,0.14837453663535202,0.14837453663139538,0.14837453663331598,0.14837453663139538,0.14837453663535202,0.14837453663704572,0.14837453663376263,0.14837453663139538,0.14837453663376263,0.14837453663704572,0.14837453663923447,0.14837453663704572,0.14837453663535202,0.14837453663704572,0.14837453663923447,0.147137582572123,0.14713758257242654,0.1471375825730431,0.14713758257242654,0.147137582572123,0.14713758257242654,0.14713758257375448,0.14713758257693454,0.14713758257375448,0.14713758257242654,0.1471375825730431,0.14713758257693454,0.14713758259336107,0.14713758257693454,0.1471375825730431,0.14713758257242654,0.14713758257375448,0.14713758257693454,0.14713758257375448,0.14713758257242654,0.147137582572123,0.14713758257242654,0.1471375825730431,0.14713758257242654,0.147137582572123,0.1459251184564009,0.14592511845816214,0.14592511846006959,0.14592511845816214,0.1459251184564009,0.14592511845816214,0.14592511846203238,0.1459251184682892,0.14592511846203238,0.14592511845816214,0.14592511846006959,0.1459251184682892,0.14592511849437362,0.1459251184682892,0.14592511846006959,0.14592511845816214,0.14592511846203238,0.1459251184682892,0.14592511846203238,0.14592511845816214,0.1459251184564009,0.14592511845816214,0.14592511846006959,0.14592511845816214,0.1459251184564009,0.14473660987387035,0.14473660987659892,0.14473660987941547,0.14473660987659892,0.14473660987387035,0.14473660987659892,0.14473660988226653,0.1447366098910443,0.14473660988226653,0.14473660987659892,0.14473660987941547,0.1447366098910443,0.14473660992693316,0.1447366098910443,0.14473660987941547,0.14473660987659892,0.14473660988226653,0.1447366098910443,0.14473660988226653,0.14473660987659892,0.14473660987387035,0.14473660987659892,0.14473660987941547,0.14473660987659892,0.14473660987387035,0.14357153095979086,0.1435715309631936,0.14357153096668432,0.1435715309631936,0.14357153095979086,0.1435715309631936,0.143571530970206,0.14357153098104444,0.143571530970206,0.1435715309631936,0.14357153096668432,0.14357153098104444,0.143571531025477,0.14357153098104444,0.14357153096668432,0.1435715309631936,0.143571530970206,0.14357153098104444,0.143571530970206,0.1435715309631936,0.14357153095979086,0.1435715309631936,0.14357153096668432,0.1435715309631936,0.14357153095979086,0.14242936466386064,0.14242936466764394,0.14242936467153341,0.14242936466764394,0.14242936466386064,0.14242936466764394,0.14242936467545447,0.14242936468759954,0.14242936467545447,0.14242936466764394,0.14242936467153341,0.14242936468759954,0.1424293647377106,0.14242936468759954,0.14242936467153341,0.14242936466764394,0.14242936467545447,0.14242936468759954,0.14242936467545447,0.14242936466764394,0.14242936466386064,0.14242936466764394,0.14242936467153341,0.14242936466764394,0.14242936466386064,0.14130960296310394,0.14130960296691347,0.14130960297082645,0.14130960296691347,0.14130960296310394,0.14130960296691347,0.14130960297475997,0.14130960298711545,0.14130960297475997,0.14130960296691347,0.14130960297082645,0.14130960298711545,0.14130960303956067,0.14130960298711545,0.14130960297082645,0.14130960296691347,0.14130960297475997,0.14130960298711545,0.14130960297475997,0.14130960296691347,0.14130960296310394,0.14130960296691347,0.14130960297082645,0.14130960296691347,0.14130960296310394,0.14021174703091313,0.14021174703441036,0.14021174703781975,0.14021174703441036,0.14021174703091313,0.14021174703441036,0.14021174704119574,0.14021174705121872,0.14021174704119574,0.14021174703441036,0.14021174703781975,0.14021174705121872,0.1402117470923532,0.14021174705121872,0.14021174703781975,0.14021174703441036,0.14021174704119574,0.14021174705121872,0.14021174704119574,0.14021174703441036,0.14021174703091313,0.14021174703441036,0.14021174703781975,0.14021174703441036,0.14021174703091313,0.13913530736615481,0.13913530736964466,0.1391353073726679,0.13913530736964466,0.13913530736615481,0.13913530736964466,0.13913530737558966,0.13913530738204077,0.13913530737558966,0.13913530736964466,0.1391353073726679,0.13913530738204077,0.13913530739580757,0.13913530738204077,0.1391353073726679,0.13913530736964466,0.13913530737558966,0.13913530738204077,0.13913530737558966,0.13913530736964466,0.13913530736615481,0.13913530736964466,0.1391353073726679,0.13913530736964466,0.13913530736615481,0.1380798038850562,0.13807980389009056,0.13807980389494723,0.13807980389009056,0.1380798038850562,0.13807980389009056,0.1380798038998008,0.13807980391246955,0.1380798038998008,0.13807980389009056,0.13807980389494723,0.13807980391246955,0.13807980394664593,0.13807980391246955,0.13807980389494723,0.13807980389009056,0.1380798038998008,0.13807980391246955,0.1380798038998008,0.13807980389009056,0.1380798038850562,0.13807980389009056,0.13807980389494723,0.13807980389009056,0.1380798038850562,0.13704476597946819,0.1370447659866229,0.13704476599511753,0.1370447659866229,0.13704476597946819,0.1370447659866229,0.13704476600388157,0.13704476603792196,0.13704476600388157,0.1370447659866229,0.13704476599511753,0.13704476603792196,0.13704476622493134,0.13704476603792196,0.13704476599511753,0.1370447659866229,0.13704476600388157,0.13704476603792196,0.13704476600388157,0.1370447659866229,0.13704476597946819,0.1370447659866229,0.13704476599511753,0.1370447659866229,0.13704476597946819,0.13602973255059786,0.13602973255547735,0.13602973256021206,0.13602973255547735,0.13602973255059786,0.13602973255547735,0.13602973256494383,0.1360297325774938,0.13602973256494383,0.13602973255547735,0.13602973256021206,0.1360297325774938,0.13602973261211687,0.1360297325774938,0.13602973256021206,0.13602973255547735,0.13602973256494383,0.1360297325774938,0.13602973256494397,0.13602973255547735,0.13602973255059786,0.13602973255547735,0.13602973256021206,0.13602973255547735,0.13602973255059786,0.13503425202492766,0.13503425202795932,0.1350342520304511,0.13503425202795932,0.13503425202492766,0.13503425202795932,0.13503425203280803,0.1350342520375915,0.13503425203280803,0.13503425202795932,0.1350342520304511,0.1350342520375915,0.135034252046254,0.1350342520375915,0.1350342520304511,0.13503425202795932,0.13503425203280803,0.1350342520375915,0.13503425203280803,0.13503425202795932,0.13503425202492766,0.13503425202795932,0.1350342520304511,0.13503425202795932,0.13503425202492766
0.1653324877250771,0.16533248772507617,0.1653324877250757,0.16533248772507617,0.1653324877250771,0.16533248772507617,0.16533248772507522,0.16533248772507472,0.16533248772507522,0.16533248772507617,0.1653324877250757,0.16533248772507472,0.16533248772507403,0.16533248772507472,0.1653324877250757,0.16533248772507617,0.16533248772507522,0.16533248772507472,0.16533248772507522,0.16533248772507617,0.1653324877250771,0.16533248772507617,0.1653324877250757,0.16533248772507617,0.1653324877250771,0.16375749400753736,0.16375749400753528,0.1637574940075339,0.16375749400753528,0.16375749400753736,0.16375749400753528,0.16375749400753298,0.16375749400753156,0.16375749400753298,0.16375749400753528,0.1637574940075339,0.16375749400753156,0.16375749400753023,0.16375749400753156,0.1637574940075339,0.16375749400753528,0.16375749400753298,0.16375749400753156,0.16375749400753298,0.16375749400753528,0.16375749400753736,0.16375749400753528,0.1637574940075339,0.16375749400753528,0.16375749400753736,0.16221388422191843,0.16221388422191207,0.16221388422190822,0.16221388422191207,0.16221388422191843,0.16221388422191207,0.16221388422190552,0.1622138842219012,0.16221388422190552,0.16221388422191207,0.16221388422190822,0.1622138842219012,0.16221388422189692,0.1622138842219012,0.16221388422190822,0.16221388422191207,0.16221388422190552,0.1622138842219012,0.16221388422190552,0.16221388422191207,0.16221388422191843,0.16221388422191207,0.16221388422190822,0.16221388422191207,0.16221388422191843,0.16070106732527029,0.1607010673252514,0.1607010673252392,0.1607010673252514,0.16070106732527029,0.1607010673252514,0.16070106732523035,0.16070106732521697,0.16070106732523035,0.1607010673252514,0.1607010673252392,0.16070106732521697,0.16070106732520253,0.16070106732521697,0.1607010673252392,0.1607010673252514,0.16070106732523035,0.16070106732521697,0.16070106732523035,0.1607010673252514,0.16070106732527029,0.1607010673252514,0.1607010673252392,0.1607010673252514,0.16070106732527029,0.15921845169259835,0.1592184516925411,0.15921845169250406,0.1592184516925411,0.15921845169259835,0.1592184516925411,0.15921845169247578,0.15921845169243223,0.15921845169247578,0.1592184516925411,0.15921845169250406,0.15921845169243223,0.15921845169238366,0.15921845169243223,0.15921845169250406,0.1592184516925411,0.15921845169247578,0.15921845169243223,0.15921845169247578,0.1592184516925413,0.15921845169259835,0.1592184516925411,0.15921845169250406,0.1592184516925413,0.15921845169259835,0.15776544646874868,0.15776544646858118,0.15776544646846874,0.15776544646858118,0.15776544646874868,0.15776544646858118,0.15776544646837826,0.1577654464682351,0.15776544646837826,0.15776544646858118,0.15776544646846874,0.1577654464682351,0.15776544646806548,0.1577654464682351,0.15776544646846874,0.15776544646858118,0.15776544646837826,0.1577654464682351,0.15776544646837826,0.15776544646858118,0.15776544646874868,0.15776544646858118,0.15776544646846874,0.15776544646858118,0.15776544646874868,0.15634146278282954,0.1563414627823563,0.15634146278202235,0.1563414627823563,0.15634146278282954,0.1563414627823563,0.15634146278173633,0.15634146278126415,0.15634146278173633,0.1563414627823563,0.15634146278202235,0.15634146278126415,0.15634146278065522,0.15634146278126415,0.15634146278202235,0.1563414627823563,0.15634146278173633,0.15634146278126415,0.15634146278173633,0.1563414627823563,0.15634146278282954,0.1563414627823563,0.15634146278202235,0.1563414627823563,0.15634146278282954,0.15494591483553077,0.15494591483426287,0.15494591483329928,0.15494591483426287,0.15494591483553077,0.15494591483426287,0.15494591483242134,0.1549459148308403,0.15494591483242134,0.15494591483426287,0.15494591483329928,0.1549459148308403,0.1549459148284688,0.1549459148308403,0.15494591483329928,0.15494591483426287,0.15494591483242134,0.1549459148308403,0.15494591483242134,0.15494591483426287,0.15494591483553077,0.15494591483426287,0.15494591483329928,0.15494591483426287,0.15494591483553097,0.15357822086924114,0.1535782208661303,0.1535782208634842,0.1535782208661303,0.15357822086924114,0.1535782208661303,0.1535782208609407,0.15357822085555708,0.1535782208609407,0.1535782208661303,0.1535782208634842,0.15357822085555708,0.15357822084528136,0.15357822085555708,0.1535782208634842,0.1535782208661303,0.1535782208609407,0.15357822085555708,0.1535782208609407,0.1535782208661303,0.15357822086924114,0.1535782208661303,0.1535782208634842,0.1535782208661303,0.15357822086924114,0.1522378040303249,0.15223780402378947,0.15223780401726797,0.15223780402378947,0.1522378040303249,0.15223780402378947,0.15223780401068013,0.15223780399279965,0.15223780401068013,0.15223780402378947,0.15223780401726797,0.15223780399279965,0.15223780394245406,0.15223780399279965,0.15223780401726797,0.15223780402378947,0.15223780401068013,0.15223780399279965,0.15223780401068013,0.15223780402378947,0.1522378040303249,0.15223780402378947,0.15223780401726797,0.15223780402378947,0.1522378040303249,0.15092409313156788,0.15092409312157656,0.15092409310938615,0.15092409312157656,0.15092409313156788,0.15092409312157656,0.15092409309672344,0.15092409304658277,0.15092409309672344,0.15092409312157656,0.15092409310938615,0.15092409304658277,0.15092409276782157,0.15092409304658277,0.15092409310938615,0.15092409312157656,0.15092409309672344,0.15092409304658277,0.15092409309672344,0.15092409312157656,0.15092409313156788,0.15092409312157656,0.15092409310938615,0.15092409312157656,0.15092409313156788,0.14963652331860097,0.14963652331241548,0.1496365233062362,0.14963652331241548,0.14963652331860097,0.14963652331241548,0.1496365232999832,0.14963652328312033,0.1496365232999832,0.14963652331241548,0.1496365233062362,0.14963652328312033,0.14963652323653462,0.14963652328312033,0.1496365233062362,0.14963652331241548,0.1496365232999832,0.14963652328312033,0.1496365232999832,0.14963652331241548,0.14963652331860097,0.14963652331241548,0.1496365233062362,0.14963652331241548,0.14963652331860097,0.14837453664023398,0.14837453663796218,0.14837453663614927,0.14837453663796218,0.14837453664023398,0.14837453663796218,0.14837453663443204,0.14837453663152622,0.14837453663443204,0.14837453663796218,0.14837453663614927,0.14837453663152622,0.14837453663058847,0.14837453663152622,0.14837453663614927,0.14837453663796218,0.14837453663443204,0.14837453663152622,0.14837453663443204,0.14837453663796218,0.14837453664023398,0.14837453663796218,0.14837453663614927,0.14837453663796218,0.14837453664023398,0.14713758257138604,0.14713758257155896,0.14713758257202728,0.14713758257155896,0.14713758257138604,0.14713758257155896,0.1471375825725846,0.14713758257524967,0.1471375825725846,0.14713758257155896,0.14713758257202728,0.14713758257524967,0.14713758258941767,0.14713758257524967,0.14713758257202728,0.14713758257155896,0.1471375825725846,0.14713758257524967,0.1471375825725846,0.14713758257155896,0.14713758257138604,0.14713758257155896,0.14713758257202728,0.14713758257155896,0.14713758257138604,0.14592511845417314,0.14592511845581543,0.14592511845759948,0.14592511845581543,0.14592511845417314,0.14592511845581543,0.14592511845943673,0.14592511846531034,0.14592511845943673,0.14592511845581543,0.14592511845759948,0.14592511846531034,0.1459251184898791,0.14592511846531034,0.14592511845759948,0.14592511845581543,0.14592511845943673,0.14592511846531034,0.14592511845943673,0.14592511845581543,0.14592511845417314,0.14592511845581543,0.14592511845759948,0.14592511845581543,0.14592511845417314,0.14473660987037484,0.14473660987301262,0.14473660987573977,0.14473660987301262,0.14473660987037484,0.14473660987301262,0.14473660987850168,0.14473660988702147,0.14473660987850168,0.1447366098730128,0.14473660987573977,0.14473660988702147,0.144736609921944,0.14473660988702147,0.14473660987573977,0.14473660987301262,0.14473660987850168,0.14473660988702147,0.14473660987850168,0.1447366098730128,0.14473660987037484,0.1447366098730128,0.14473660987573977,0.1447366098730128,0.14473660987037484,0.14357153095519493,0.14357153095853079,0.14357153096195782,0.14357153095853079,0.14357153095519493,0.14357153095853079,0.14357153096541636,0.14357153097607772,0.14357153096541636,0.14357153095853079,0.14357153096195782,0.14357153097607772,0.14357153101984926,0.14357153097607772,0.14357153096195782,0.14357153095853079,0.14357153096541636,0.14357153097607772,0.14357153096541636,0.14357153095853079,0.14357153095519493,0.14357153095853079,0.14357153096195782,0.14357153095853079,0.14357153095519493,0.14242936465828387,0.14242936466201436,0.14242936466585351,0.14242936466201436,0.14242936465828387,0.14242936466201436,0.14242936466972508,0.14242936468172973,0.14242936466972508,0.14242936466201436,0.14242936466585351,0.14242936468172973,0.1424293647312924,0.14242936468172973,0.14242936466585351,0.14242936466201436,0.14242936466972508,0.14242936468172973,0.14242936466972508,0.14242936466201436,0.14242936465828387,0.14242936466201436,0.14242936466585351,0.14242936466201436,0.14242936465828387,0.14130960295663683,0.14130960296039966,0.14130960296426803,0.14130960296039966,0.14130960295663683,0.14130960296039966,0.14130960296815764,0.14130960298038683,0.14130960296815764,0.14130960296039966,0.14130960296426803,0.14130960298038683,0.1413096030323539,0.14130960298038683,0.14130960296426803,0.14130960296039966,0.14130960296815764,0.14130960298038683,0.14130960296815764,0.14130960296039966,0.14130960295663683,0.14130960296039966,0.14130960296426803,0.14130960296039966,0.14130960295663683,0.14021174702363481,0.140211747027084,0.1402117470304484,0.140211747027084,0.14021174702363481,0.140211747027084,0.14021174703378034,0.14021174704367695,0.14021174703378034,0.140211747027084,0.1402117470304484,0.14021174704367695,0.14021174708428089,0.14021174704367695,0.1402117470304484,0.140211747027084,0.14021174703378034,0.14021174704367695,0.14021174703378034,0.140211747027084,0.14021174702363481,0.140211747027084,0.1402117470304484,0.140211747027084,0.14021174702363481,0.1391353073581474,0.13913530736157748,0.13913530736454935,0.13913530736157748,0.1391353073581474,0.13913530736157748,0.13913530736742177,0.13913530737376506,0.13913530736742177,0.13913530736157748,0.13913530736454935,0.13913530737376506,0.13913530738730764,0.13913530737376506,0.13913530736454935,0.13913530736157748,0.13913530736742177,0.13913530737376506,0.13913530736742177,0.13913530736157748,0.1391353073581474,0.13913530736157748,0.13913530736454935,0.13913530736157748,0.1391353073581474,0.13807980387642613,0.1380798038813611,0.13807980388612087,0.1380798038813611,0.13807980387642613,0.1380798038813611,0.1380798038908771,0.13807980390328942,0.1380798038908771,0.1380798038813611,0.13807980388612087,0.13807980390328942,0.13807980393676578,0.13807980390328942,0.13807980388612087,0.1380798038813611,0.1380798038908771,0.13807980390328942,0.1380798038908771,0.1380798038813611,0.13807980387642613,0.1380798038813611,0.13807980388612087,0.1380798038813611,0.13807980387642613,0.13704476597040463,0.1370447659774123,0.13704476598573118,0.1370447659774123,0.13704476597040463,0.1370447659774123,0.13704476599431367,0.13704476602764573,0.13704476599431367,0.1370447659774123,0.13704476598573118,0.13704476602764573,0.13704476621076211,0.13704476602764573,0.13704476598573118,0.1370447659774123,0.13704476599431367,0.13704476602764573,0.13704476599431367,0.1370447659774123,0.13704476597040463,0.1370447659774123,0.13704476598573118,0.1370447659774123,0.13704476597040463,0.13602973254139067,0.1360297325461691,0.13602973255080553,0.1360297325461691,0.13602973254139067,0.1360297325461691,0.13602973255543904,0.13602973256772763,0.13602973255543904,0.1360297325461691,0.13602973255080553,0.13602973256772763,0.1360297326016289,0.13602973256772763,0.13602973255080553,0.1360297325461691,0.13602973255543904,0.13602973256772763,0.13602973255543904,0.1360297325461691,0.13602973254139067,0.1360297325461691,0.13602973255080553,0.1360297325461691,0.13602973254139067,0.1350342520157747,0.13503425201874322,0.13503425202118322,0.13503425201874322,0.1350342520157747,0.13503425201874322,0.13503425202349129,0.1350342520281752,0.13503425202349129,0.13503425201874322,0.13503425202118322,0.1350342520281752,0.13503425203665703,0.1350342520281752,0.13503425202118322,0.13503425201874322,0.13503425202349129,0.1350342520281752,0.13503425202349115,0.13503425201874322,0.1350342520157747,0.13503425201874322,0.13503425202118322,0.13503425201874322,0.1350342520157747
0.16533248773267897,0.16533248773267828,0.16533248773267778,0.16533248773267828,0.16533248773267897,0.16533248773267828,0.1653324877326773,0.16533248773267686,0.1653324877326773,0.16533248773267828,0.16533248773267778,0.16533248773267686,0.16533248773267614,0.16533248773267686,0.16533248773267778,0.16533248773267828,0.1653324877326773,0.16533248773267686,0.1653324877326773,0.16533248773267828,0.16533248773267897,0.16533248773267828,0.16533248773267778,0.16533248773267828,0.16533248773267897,0.16375749401498946,0.1637574940149874,0.1637574940149862,0.1637574940149874,0.16375749401498946,0.1637574940149874,0.16375749401498532,0.16375749401498393,0.16375749401498532,0.1637574940149874,0.1637574940149862,0.16375749401498393,0.16375749401498277,0.16375749401498393,0.1637574940149862,0.1637574940149874,0.16375749401498532,0.16375749401498393,0.16375749401498532,0.1637574940149874,0.16375749401498946,0.1637574940149874,0.1637574940149862,0.1637574940149874,0.16375749401498946,0.16221388422922464,0.16221388422921854,0.16221388422921493,0.16221388422921854,0.16221388422922464,0.16221388422921854,0.1622138842292122,0.16221388422920813,0.1622138842292122,0.16221388422921854,0.16221388422921493,0.16221388422920813,0.16221388422920383,0.16221388422920813,0.16221388422921493,0.16221388422921854,0.1622138842292122,0.16221388422920813,0.1622138842292122,0.16221388422921854,0.16221388422922464,0.16221388422921854,0.16221388422921493,0.16221388422921854,0.16221388422922464,0.16070106733243428,0.16070106733241607,0.16070106733240427,0.16070106733241607,0.16070106733243428,0.16070106733241607,0.16070106733239586,0.16070106733238299,0.16070106733239586,0.16070106733241607,0.16070106733240427,0.16070106733238299,0.1607010673323692,0.16070106733238299,0.16070106733240427,0.16070106733241607,0.16070106733239586,0.16070106733238299,0.16070106733239586,0.16070106733241607,0.16070106733243428,0.16070106733241607,0.16070106733240427,0.16070106733241607,0.16070106733243428,0.15921845169962232,0.15921845169956747,0.15921845169953197,0.15921845169956747,0.15921845169962232,0.15921845169956747,0.159218451699505,0.1592184516994632,0.159218451699505,0.15921845169956747,0.15921845169953197,0.1592184516994632,0.1592184516994168,0.1592184516994632,0.15921845169953197,0.15921845169956747,0.159218451699505,0.1592184516994632,0.159218451699505,0.15921845169956747,0.15921845169962232,0.15921845169956747,0.15921845169953197,0.15921845169956747,0.15921845169962232,0.15776544647563215,0.15776544647547147,0.1577654464753633,0.15776544647547147,0.15776544647563215,0.15776544647547147,0.1577654464752769,0.15776544647513951,0.1577654464752769,0.15776544647547147,0.1577654464753633,0.15776544647513951,0.1577654464749767,0.15776544647513951,0.1577654464753633,0.15776544647547147,0.1577654464752769,0.15776544647513951,0.1577654464752769,0.15776544647547147,0.15776544647563215,0.15776544647547147,0.1577654464753633,0.15776544647547147,0.15776544647563215,0.15634146278956276,0.15634146278910796,0.15634146278878738,0.15634146278910796,0.15634146278956276,0.15634146278910796,0.15634146278851305,0.1563414627880599,0.15634146278851305,0.15634146278910796,0.15634146278878738,0.1563414627880599,0.15634146278747568,0.1563414627880599,0.15634146278878738,0.15634146278910796,0.15634146278851305,0.1563414627880599,0.15634146278851305,0.15634146278910796,0.15634146278956276,0.15634146278910796,0.15634146278878738,0.15634146278910796,0.15634146278956276,0.15494591484207834,0.15494591484086004,0.15494591483993436,0.15494591484086004,0.15494591484207834,0.15494591484086004,0.15494591483909145,0.15494591483757414,0.15494591483909145,0.15494591484086004,0.15494591483993436,0.15494591483757414,0.15494591483530004,0.15494591483757414,0.15494591483993436,0.15494591484086004,0.15494591483909145,0.15494591483757414,0.15494591483909145,0.15494591484086004,0.15494591484207834,0.15494591484086004,0.15494591483993436,0.15494591484086004,0.15494591484207834,0.1535782208755032,0.15357822087251188,0.15357822086996958,0.15357822087251188,0.1535782208755032,0.15357822087251188,0.15357822086752676,0.1535782208623611,0.15357822086752676,0.15357822087251188,0.15357822086996958,0.1535782208623611,0.15357822085251152,0.1535782208623611,0.15357822086996958,0.15357822087251188,0.15357822086752676,0.1535782208623611,0.15357822086752676,0.15357822087251188,0.1535782208755032,0.15357822087251188,0.15357822086996958,0.15357822087251188,0.1535782208755032,0.1522378040360553,0.15223780402976234,0.15223780402349185,0.15223780402976234,0.1522378040360553,0.15223780402976234,0.15223780401715972,0.15223780400000123,0.15223780401715972,0.15223780402976234,0.15223780402349185,0.15223780400000123,0.1522378039517677,0.15223780400000123,0.15223780402349185,0.15223780402976234,0.15223780401715972,0.15223780400000123,0.15223780401715972,0.15223780402976234,0.1522378040360553,0.15223780402976234,0.15223780402349185,0.15223780402976234,0.1522378040360553,0.15092409313626104,0.15092409312660637,0.15092409311485677,0.15092409312660637,0.15092409313626104,0.15092409312660637,0.1509240931026567,0.15092409305449772,0.1509240931026567,0.15092409312660637,0.15092409311485677,0.15092409305449772,0.15092409278750962,0.15092409305449772,0.15092409311485677,0.15092409312660637,0.1509240931026567,0.15092409305449772,0.1509240931026567,0.15092409312660637,0.15092409313626104,0.15092409312660637,0.15092409311485677,0.15092409312660637,0.15092409313626104,0.1496365233215482,0.14963652331544838,0.14963652330932925,0.14963652331544838,0.1496365233215482,0.14963652331544838,0.1496365233031337,0.14963652328623017,0.1496365233031337,0.14963652331544838,0.14963652330932925,0.14963652328623017,0.14963652323779808,0.14963652328623017,0.14963652330932925,0.14963652331544838,0.1496365233031337,0.14963652328623017,0.1496365233031337,0.14963652331544838,0.1496365233215482,0.14963652331544838,0.14963652330932925,0.14963652331544838,0.1496365233215482,0.14837453664123476,0.1483745366388766,0.14837453663694009,0.1483745366388766,0.14837453664123476,0.1483745366388766,0.14837453663508993,0.14837453663162536,0.14837453663508993,0.1483745366388766,0.14837453663694009,0.14837453663162536,0.14837453662774772,0.14837453663162536,0.14837453663694009,0.1483745366388766,0.14837453663508993,0.14837453663162536,0.14837453663508993,0.1483745366388766,0.14837453664123476,0.1483745366388766,0.14837453663694009,0.1483745366388766,0.14837453664123476,0.14713758257059253,0.14713758257062923,0.14713758257094334,0.14713758257062923,0.14713758257059253,0.14713758257062923,0.1471375825713406,0.14713758257347018,0.1471375825713406,0.14713758257062923,0.14713758257094334,0.14713758257347018,0.14713758258534018,0.14713758257347018,0.14713758257094334,0.14713758257062923,0.1471375825713406,0.14713758257347018,0.1471375825713406,0.14713758257062923,0.14713758257059253,0.14713758257062923,0.14713758257094334,0.14713758257062923,0.14713758257059253,0.14592511845184086,0.14592511845335887,0.14592511845501416,0.14592511845335887,0.14592511845184086,0.14592511845335887,0.14592511845672038,0.1459251184621935,0.14592511845672038,0.14592511845335887,0.14592511845501416,0.1459251184621935,0.14592511848515827,0.1459251184621935,0.14592511845501416,0.14592511845335887,0.14592511845672038,0.1459251184621935,0.14592511845672038,0.14592511845335887,0.14592511845184086,0.14592511845335887,0.14592511845501416,0.14592511845335887,0.14592511845184086,0.14473660986673756,0.14473660986927986,0.14473660987191297,0.14473660986927986,0.14473660986673756,0.14473660986927986,0.1447366098745806,0.1447366098828286,0.1447366098745806,0.14473660986927986,0.14473660987191297,0.1447366098828286,0.1447366099167084,0.1447366098828286,0.14473660987191297,0.14473660986927986,0.1447366098745806,0.1447366098828286,0.1447366098745806,0.14473660986927986,0.14473660986673756,0.14473660986927986,0.14473660987191297,0.14473660986927986,0.14473660986673756,0.1435715309504291,0.14357153095369393,0.14357153095705288,0.14357153095369393,0.1435715309504291,0.14357153095369393,0.14357153096044417,0.14357153097091646,0.14357153096044417,0.14357153095369393,0.14357153095705288,0.14357153097091646,0.14357153101399087,0.14357153097091646,0.14357153095705288,0.14357153095369393,0.14357153096044417,0.14357153097091646,0.14357153096044417,0.14357153095369393,0.1435715309504291,0.14357153095369393,0.14357153095705288,0.14357153095369393,0.1435715309504291,0.14242936465251674,0.14242936465619083,0.14242936465997616,0.14242936465619083,0.14242936465251674,0.14242936465619083,0.14242936466379452,0.14242936467564737,0.14242936466379452,0.14242936465619083,0.14242936465997616,0.14242936467564737,0.14242936472463602,0.14242936467564737,0.14242936465997616,0.14242936465619083,0.14242936466379452,0.14242936467564737,0.14242936466379452,0.14242936465619083,0.14242936465251674,0.14242936465619083,0.14242936465997616,0.14242936465619083,0.14242936465251674,0.14130960294996675,0.14130960295367972,0.1413096029575001,0.14130960295367972,0.14130960294996675,0.14130960295367972,0.14130960296134254,0.14130960297343553,0.14130960296134254,0.14130960295367972,0.1413096029575001,0.14130960297343553,0.1413096030249117,0.14130960297343553,0.1413096029575001,0.14130960295367972,0.14130960296134254,0.14130960297343553,0.14130960296134254,0.14130960295367972,0.14130960294996675,0.14130960295367972,0.1413096029575001,0.14130960295367972,0.14130960294996675,0.14021174701614686,0.14021174701954575,0.1402117470228627,0.14021174701954575,0.14021174701614686,0.14021174701954575,0.14021174702614858,0.14021174703591166,0.14021174702614858,0.14021174701954575,0.1402117470228627,0.14021174703591166,0.14021174707596587,0.14021174703591166,0.1402117470228627,0.14021174701954575,0.14021174702614858,0.14021174703591166,0.14021174702614858,0.14021174701954575,0.14021174701614686,0.14021174701954575,0.1402117470228627,0.14021174701954575,0.14021174701614686,0.1391353073499278,0.13913530735329682,0.13913530735621638,0.13913530735329682,0.1391353073499278,0.13913530735329682,0.1391353073590382,0.13913530736527127,0.1391353073590382,0.13913530735329682,0.13913530735621638,0.13913530736527127,0.13913530737858398,0.13913530736527127,0.13913530735621638,0.13913530735329682,0.1391353073590382,0.13913530736527127,0.1391353073590382,0.13913530735329682,0.1391353073499278,0.13913530735329682,0.13913530735621638,0.13913530735329682,0.1391353073499278,0.13807980386758395,0.13807980387241878,0.13807980387708102,0.13807980387241878,0.13807980386758395,0.13807980387241878,0.13807980388173957,0.13807980389389388,0.13807980388173957,0.13807980387241878,0.13807980387708102,0.13807980389389388,0.13807980392666716,0.13807980389389388,0.13807980387708102,0.13807980387241878,0.13807980388173957,0.13807980389389388,0.13807980388173957,0.13807980387241878,0.13807980386758395,0.13807980387241878,0.13807980387708102,0.13807980387241878,0.13807980386758395,0.1370447659611308,0.13704476596799053,0.13704476597613305,0.13704476596799053,0.1370447659611308,0.13704476596799053,0.1370447659845334,0.13704476601715496,0.1370447659845334,0.13704476596799053,0.13704476597613305,0.13704476601715496,0.1370447661963539,0.13704476601715496,0.13704476597613305,0.13704476596799053,0.1370447659845334,0.13704476601715496,0.1370447659845334,0.13704476596799053,0.1370447659611308,0.13704476596799053,0.13704476597613305,0.13704476596799053,0.1370447659611308,0.1360297325319758,0.13602973253665285,0.13602973254119075,0.13602973253665285,0.1360297325319758,0.13602973253665285,0.13602973254572565,0.136029732557752,0.13602973254572565,0.13602973253665285,0.13602973254119075,0.136029732557752,0.13602973259092915,0.136029732557752,0.13602973254119075,0.13602973253665285,0.13602973254572565,0.136029732557752,0.13602973254572565,0.13602973253665285,0.1360297325319758,0.13602973253665285,0.13602973254119075,0.13602973253665285,0.1360297325319758,0.13503425200641747,0.13503425200932292,0.13503425201171104,0.13503425200932292,0.13503425200641747,0.13503425200932292,0.13503425201396982,0.1350342520185537,0.13503425201396982,0.13503425200932292,0.13503425201171104,0.1350342520185537,0.1350342520268545,0.1350342520185537,0.13503425201171104,0.13503425200932292,0.13503425201396982,0.1350342520185537,0.13503425201396982,0.13503425200932292,0.13503425200641747,0.13503425200932292,0.13503425201171104,0.13503425200932292,0.13503425200641747
0.16533248774049467,0.16533248774049392,0.16533248774049347,0.16533248774049392,0.16533248774049467,0.16533248774049392,0.165332487740493,0.16533248774049253,0.16533248774049325,0.16533248774049392,0.16533248774049347,0.16533248774049253,0.16533248774049203,0.16533248774049253,0.16533248774049347,0.16533248774049392,0.16533248774049325,0.16533248774049253,0.165332487740493,0.16533248774049392,0.16533248774049467,0.16533248774049392,0.16533248774049347,0.16533248774049392,0.16533248774049467,0.16375749402265113,0.16375749402264908,0.16375749402264791,0.16375749402264908,0.16375749402265113,0.16375749402264908,0.16375749402264697,0.1637574940226458,0.16375749402264697,0.16375749402264908,0.16375749402264791,0.1637574940226458,0.16375749402264442,0.1637574940226458,0.16375749402264791,0.16375749402264908,0.16375749402264697,0.1637574940226458,0.16375749402264697,0.16375749402264908,0.16375749402265113,0.16375749402264908,0.16375749402264791,0.16375749402264908,0.16375749402265113,0.16221388423673605,0.16221388423673017,0.16221388423672656,0.16221388423673017,0.16221388423673605,0.16221388423673017,0.16221388423672403,0.16221388423672017,0.16221388423672403,0.16221388423673017,0.16221388423672656,0.16221388423672017,0.1622138842367161,0.16221388423672017,0.16221388423672656,0.16221388423673017,0.16221388423672403,0.16221388423672017,0.16221388423672403,0.16221388423673017,0.16221388423673605,0.16221388423673017,0.16221388423672656,0.16221388423673017,0.16221388423673605,0.1607010673397991,0.16070106733978154,0.16070106733977044,0.16070106733978154,0.1607010673397991,0.16070106733978154,0.16070106733976244,0.16070106733975,0.16070106733976244,0.16070106733978154,0.16070106733977044,0.16070106733975,0.16070106733973688,0.16070106733975,0.16070106733977044,0.16070106733978154,0.16070106733976244,0.16070106733975,0.16070106733976244,0.16070106733978154,0.1607010673397991,0.16070106733978154,0.16070106733977044,0.16070106733978154,0.1607010673397991,0.15921845170684312,0.15921845170679066,0.1592184517067567,0.15921845170679066,0.15921845170684312,0.15921845170679066,0.1592184517067308,0.15921845170669094,0.1592184517067308,0.15921845170679066,0.1592184517067567,0.15921845170669094,0.15921845170664653,0.15921845170669094,0.1592184517067567,0.15921845170679066,0.1592184517067308,0.15921845170669094,0.1592184517067308,0.15921845170679066,0.15921845170684312,0.15921845170679066,0.1592184517067567,0.15921845170679066,0.15921845170684312,0.15776544648270807,0.15776544648255422,0.15776544648245097,0.15776544648255422,0.15776544648270807,0.15776544648255422,0.1577654464823682,0.15776544648223717,0.1577654464823682,0.15776544648255422,0.15776544648245097,0.15776544648223717,0.15776544648208143,0.15776544648223717,0.15776544648245097,0.15776544648255422,0.1577654464823682,0.15776544648223717,0.1577654464823682,0.15776544648255422,0.15776544648270807,0.15776544648255422,0.15776544648245097,0.15776544648255422,0.15776544648270807,0.15634146279648356,0.1563414627960482,0.15634146279574124,0.1563414627960482,0.15634146279648356,0.1563414627960482,0.15634146279547903,0.15634146279504532,0.15634146279547903,0.1563414627960482,0.15634146279574124,0.15634146279504532,0.1563414627944868,0.15634146279504532,0.15634146279574124,0.1563414627960482,0.15634146279547903,0.15634146279504532,0.15634146279547903,0.1563414627960482,0.15634146279648356,0.1563414627960482,0.15634146279574124,0.1563414627960482,0.15634146279648356,0.1549459148488077,0.15494591484764042,0.15494591484675427,0.15494591484764042,0.1549459148488077,0.15494591484764042,0.15494591484594766,0.15494591484449613,0.15494591484594766,0.15494591484764042,0.15494591484675427,0.15494591484449613,0.15494591484232262,0.15494591484449613,0.15494591484675427,0.15494591484764042,0.15494591484594766,0.15494591484449613,0.15494591484594766,0.15494591484764042,0.1549459148488077,0.15494591484764042,0.15494591484675427,0.15494591484764042,0.1549459148488077,0.15357822088193804,0.15357822087907,0.15357822087663478,0.15357822087907,0.15357822088193804,0.15357822087907,0.15357822087429596,0.15357822086935521,0.15357822087429596,0.15357822087907,0.15357822087663478,0.15357822086935521,0.15357822085994632,0.15357822086935521,0.15357822087663478,0.15357822087907,0.15357822087429596,0.15357822086935521,0.15357822087429596,0.15357822087907,0.15357822088193804,0.15357822087907,0.15357822087663478,0.15357822087907,0.15357822088193804,0.1522378040419412,0.15223780403589862,0.15223780402988715,0.15223780403589862,0.1522378040419412,0.15223780403589862,0.1522378040238194,0.1522378040074063,0.1522378040238194,0.15223780403589862,0.15223780402988715,0.1522378040074063,0.15223780396135417,0.1522378040074063,0.15223780402988715,0.15223780403589862,0.1522378040238194,0.1522378040074063,0.1522378040238194,0.15223780403589862,0.1522378040419412,0.15223780403589862,0.15223780402988715,0.15223780403589862,0.1522378040419412,0.15092409314107555,0.15092409313176833,0.15092409312047422,0.15092409313176833,0.15092409314107555,0.15092409313176833,0.15092409310875182,0.15092409306263932,0.15092409310875182,0.15092409313176833,0.15092409312047422,0.15092409306263932,0.15092409280785535,0.15092409306263932,0.15092409312047422,0.15092409313176833,0.15092409310875182,0.15092409306263932,0.15092409310875182,0.15092409313176833,0.15092409314107555,0.15092409313176833,0.15092409312047422,0.15092409313176833,0.15092409314107555,0.14963652332455973,0.14963652331854838,0.1496365233124913,0.14963652331854838,0.14963652332455973,0.14963652331854838,0.14963652330635493,0.14963652328940907,0.14963652330635493,0.14963652331854838,0.1496365233124913,0.14963652328940907,0.14963652323902277,0.14963652328940907,0.1496365233124913,0.14963652331854838,0.14963652330635493,0.14963652328940907,0.14963652330635493,0.14963652331854838,0.14963652332455973,0.14963652331854838,0.1496365233124913,0.14963652331854838,0.14963652332455973,0.14837453664223682,0.14837453663978897,0.14837453663772424,0.14837453663978897,0.14837453664223682,0.14837453663978897,0.14837453663573655,0.1483745366316936,0.14837453663573655,0.14837453663978897,0.14837453663772424,0.1483745366316936,0.1483745366247465,0.1483745366316936,0.14837453663772424,0.14837453663978897,0.14837453663573655,0.1483745366316936,0.14837453663573655,0.14837453663978897,0.14837453664223682,0.14837453663978897,0.14837453663772424,0.14837453663978897,0.14837453664223682,0.14713758256974294,0.14713758256963813,0.14713758256979215,0.14713758256963813,0.14713758256974294,0.14713758256963813,0.14713758257002324,0.1471375825715973,0.14713758257002324,0.14713758256963813,0.14713758256979215,0.1471375825715973,0.14713758258107543,0.1471375825715973,0.14713758256979215,0.14713758256963813,0.14713758257002324,0.1471375825715973,0.14713758257002324,0.14713758256963813,0.14713758256974294,0.14713758256963813,0.14713758256979215,0.14713758256963813,0.14713758256974294,0.14592511844940548,0.14592511845079403,0.14592511845231487,0.14592511845079403,0.14592511844940548,0.14592511845079403,0.1459251184538845,0.14592511845894046,0.1459251184538845,0.14592511845079403,0.14592511845231487,0.14592511845894046,0.14592511848020878,0.14592511845894046,0.14592511845231487,0.14592511845079403,0.1459251184538845,0.14592511845894046,0.1459251184538845,0.14592511845079403,0.14592511844940548,0.14592511845079403,0.14592511845231487,0.14592511845079403,0.14592511844940548,0.1447366098629603,0.14473660986540243,0.1447366098679367,0.14473660986540243,0.1447366098629603,0.14473660986540243,0.14473660987050593,0.14473660987846834,0.14473660987050593,0.14473660986540243,0.1447366098679367,0.14473660987846834,0.1447366099112476,0.14473660987846834,0.1447366098679367,0.14473660986540243,0.14473660987050593,0.14473660987846834,0.14473660987050593,0.14473660986540243,0.1447366098629603,0.14473660986540243,0.1447366098679367,0.14473660986540243,0.1447366098629603,0.14357153094549557,0.1435715309486853,0.1435715309519722,0.1435715309486853,0.14357153094549557,0.1435715309486853,0.14357153095529213,0.14357153096556335,0.14357153095529213,0.1435715309486853,0.1435715309519722,0.14357153096556335,0.14357153100792833,0.14357153096556335,0.1435715309519722,0.1435715309486853,0.14357153095529213,0.14357153096556335,0.14357153095529213,0.1435715309486853,0.14357153094549557,0.1435715309486853,0.1435715309519722,0.1435715309486853,0.14357153094549557,0.1424293646465624,0.14242936465017658,0.14242936465390402,0.14242936465017658,0.1424293646465624,0.14242936465017658,0.14242936465766556,0.14242936466935552,0.14242936465766556,0.14242936465017658,0.14242936465390402,0.14242936466935552,0.1424293647177144,0.14242936466935552,0.14242936465390402,0.14242936465017658,0.14242936465766556,0.14242936466935552,0.14242936465766556,0.14242936465017658,0.1424293646465624,0.14242936465017658,0.14242936465390402,0.14242936465017658,0.1424293646465624,0.14130960294309686,0.14130960294675687,0.1413096029505261,0.14130960294675687,0.14130960294309686,0.14130960294675687,0.14130960295431835,0.14130960296626466,0.14130960295431835,0.14130960294675687,0.1413096029505261,0.14130960296626466,0.14130960301714363,0.14130960296626466,0.1413096029505261,0.14130960294675687,0.14130960295431835,0.14130960296626466,0.14130960295431835,0.14130960294675687,0.14130960294309686,0.14130960294675687,0.1413096029505261,0.14130960294675687,0.14130960294309686,0.14021174700845268,0.14021174701179917,0.14021174701506664,0.14021174701179917,0.14021174700845268,0.14021174701179917,0.1402117470183041,0.14021174702792688,0.1402117470183041,0.14021174701179917,0.14021174701506664,0.14021174702792688,0.1402117470674277,0.14021174702792688,0.14021174701506664,0.14021174701179917,0.1402117470183041,0.14021174702792688,0.1402117470183041,0.14021174701179917,0.14021174700845268,0.14021174701179917,0.14021174701506664,0.14021174701179917,0.14021174700845268,0.13913530734150012,0.13913530734480703,0.1391353073476731,0.13913530734480703,0.13913530734150012,0.13913530734480703,0.13913530735044322,0.13913530735656374,0.13913530735044322,0.13913530734480703,0.1391353073476731,0.13913530735656374,0.139135307369641,0.13913530735656374,0.1391353073476731,0.13913530734480703,0.13913530735044322,0.13913530735656374,0.13913530735044322,0.13913530734480703,0.13913530734150012,0.13913530734480703,0.1391353073476731,0.13913530734480703,0.13913530734150012,0.13807980385853422,0.1380798038632681,0.1380798038678322,0.1380798038632681,0.13807980385853422,0.1380798038632681,0.13807980387239244,0.1380798038842875,0.13807980387239244,0.1380798038632681,0.1380798038678322,0.1380798038842875,0.13807980391635472,0.1380798038842875,0.1380798038678322,0.1380798038632681,0.13807980387239244,0.1380798038842875,0.13807980387239244,0.1380798038632681,0.13807980385853422,0.1380798038632681,0.1380798038678322,0.1380798038632681,0.13807980385853422,0.13704476595165097,0.13704476595836243,0.13704476596632797,0.13704476595836243,0.13704476595165097,0.13704476595836243,0.1370447659745456,0.13704476600645454,0.1370447659745456,0.13704476595836243,0.13704476596632797,0.13704476600645454,0.1370447661817249,0.13704476600645454,0.13704476596632797,0.13704476595836243,0.1370447659745456,0.13704476600645454,0.1370447659745456,0.13704476595836243,0.13704476595165097,0.13704476595836243,0.13704476596632797,0.13704476595836243,0.13704476595165097,0.136029732522358,0.13602973252693334,0.13602973253137224,0.13602973252693334,0.136029732522358,0.13602973252693334,0.1360297325358083,0.13602973254757175,0.1360297325358083,0.13602973252693334,0.13602973253137224,0.13602973254757175,0.13602973258002277,0.13602973254757175,0.13602973253137224,0.13602973252693334,0.1360297325358083,0.13602973254757175,0.1360297325358083,0.13602973252693334,0.136029732522358,0.13602973252693334,0.13602973253137224,0.13602973252693334,0.136029732522358,0.13503425199686075,0.13503425199970293,0.13503425200203892,0.13503425199970293,0.13503425199686075,0.13503425199970293,0.13503425200424832,0.13503425200873215,0.13503425200424832,0.13503425199970293,0.13503425200203892,0.13503425200873215,0.13503425201685118,0.13503425200873215,0.13503425200203892,0.13503425199970293,0.13503425200424832,0.13503425200873215,0.13503425200424832,0.13503425199970293,0.13503425199686075,0.13503425199970293,0.13503425200203892,0.13503425199970293,0.13503425199686075
0.16533248774852083,0.16533248774851986,0.1653324877485194,0.16533248774851986,0.16533248774852083,0.16533248774851986,0.16533248774851916,0.1653324877485187,0.16533248774851916,0.16533248774851986,0.1653324877485194,0.1653324877485187,0.16533248774851822,0.1653324877485187,0.1653324877485194,0.16533248774851986,0.16533248774851916,0.1653324877485187,0.16533248774851916,0.16533248774851986,0.16533248774852083,0.16533248774851986,0.1653324877485194,0.16533248774851986,0.16533248774852083,0.16375749403051867,0.1637574940305168,0.16375749403051565,0.1637574940305168,0.16375749403051867,0.1637574940305168,0.16375749403051493,0.16375749403051354,0.16375749403051493,0.1637574940305168,0.16375749403051565,0.16375749403051354,0.16375749403051237,0.16375749403051354,0.16375749403051565,0.1637574940305168,0.16375749403051493,0.16375749403051354,0.16375749403051493,0.1637574940305168,0.16375749403051867,0.1637574940305168,0.16375749403051565,0.1637574940305168,0.16375749403051867,0.16221388424444919,0.16221388424444375,0.16221388424444036,0.16221388424444375,0.16221388424444919,0.16221388424444375,0.16221388424443783,0.16221388424443423,0.16221388424443783,0.16221388424444375,0.16221388424444036,0.16221388424443423,0.1622138842444304,0.16221388424443423,0.16221388424444036,0.16221388424444375,0.16221388424443783,0.16221388424443423,0.16221388424443783,0.16221388424444375,0.16221388424444919,0.16221388424444375,0.16221388424444036,0.16221388424444375,0.16221388424444919,0.16070106734736161,0.16070106734734496,0.16070106734733433,0.16070106734734496,0.16070106734736161,0.16070106734734496,0.16070106734732675,0.16070106734731499,0.16070106734732675,0.16070106734734496,0.16070106734733433,0.16070106734731499,0.1607010673473023,0.16070106734731499,0.16070106734733433,0.16070106734734496,0.16070106734732675,0.16070106734731499,0.16070106734732675,0.16070106734734496,0.16070106734736161,0.16070106734734496,0.16070106734733433,0.16070106734734496,0.16070106734736161,0.1592184517142577,0.15921845171420762,0.15921845171417517,0.15921845171420762,0.1592184517142577,0.15921845171420762,0.15921845171415056,0.15921845171411247,0.15921845171415056,0.15921845171420762,0.15921845171417517,0.15921845171411247,0.15921845171407026,0.15921845171411247,0.15921845171417517,0.15921845171420762,0.15921845171415056,0.15921845171411247,0.15921845171415056,0.15921845171420762,0.1592184517142577,0.15921845171420762,0.15921845171417517,0.15921845171420762,0.1592184517142577,0.15776544648997348,0.1577654464898269,0.15776544648972832,0.1577654464898269,0.15776544648997348,0.1577654464898269,0.15776544648964938,0.15776544648952476,0.15776544648964938,0.1577654464898269,0.15776544648972832,0.15776544648952476,0.1577654464893765,0.15776544648952476,0.15776544648972832,0.1577654464898269,0.15776544648964938,0.15776544648952476,0.1577654464896496,0.1577654464898269,0.15776544648997348,0.1577654464898269,0.15776544648972832,0.1577654464898269,0.15776544648997348,0.15634146280358924,0.15634146280317374,0.156341462802881,0.15634146280317374,0.15634146280358924,0.15634146280317374,0.1563414628026311,0.15634146280221747,0.1563414628026311,0.15634146280317374,0.156341462802881,0.15634146280221747,0.1563414628016855,0.15634146280221747,0.156341462802881,0.15634146280317374,0.1563414628026311,0.15634146280221747,0.1563414628026311,0.15634146280317374,0.15634146280358924,0.15634146280317374,0.156341462802881,0.15634146280317374,0.15634146280358924,0.15494591485571596,0.15494591485460155,0.1549459148537558,0.15494591485460155,0.15494591485571596,0.15494591485460155,0.15494591485298648,0.15494591485160297,0.15494591485298648,0.15494591485460155,0.1549459148537558,0.15494591485160297,0.15494591484953316,0.15494591485160297,0.1549459148537558,0.15494591485460155,0.15494591485298648,0.15494591485160297,0.15494591485298648,0.15494591485460155,0.15494591485571596,0.15494591485460155,0.1549459148537558,0.15494591485460155,0.15494591485571596,0.15357822088854278,0.15357822088580184,0.1535782208834771,0.15357822088580184,0.15357822088854278,0.15357822088580184,0.15357822088124534,0.15357822087653658,0.15357822088124534,0.15357822088580184,0.1535782208834771,0.15357822087653658,0.15357822086758177,0.15357822087653658,0.1535782208834771,0.15357822088580184,0.15357822088124534,0.15357822087653658,0.15357822088124534,0.15357822088580184,0.15357822088854278,0.15357822088580184,0.1535782208834771,0.15357822088580184,0.15357822088854278,0.15223780404797943,0.1522378040421953,0.15223780403645096,0.1522378040421953,0.15223780404797943,0.1522378040421953,0.15223780403065562,0.15223780401501139,0.15223780403065562,0.1522378040421953,0.15223780403645096,0.15223780401501139,0.15223780397120834,0.15223780401501139,0.15223780403645096,0.1522378040421953,0.15223780403065562,0.15223780401501139,0.15223780403065562,0.1522378040421953,0.15223780404797943,0.1522378040421953,0.15223780403645096,0.1522378040421953,0.15223780404797943,0.1509240931460091,0.15092409313706032,0.15092409312623578,0.15092409313706032,0.1509240931460091,0.15092409313706032,0.1509240931150059,0.15092409307100374,0.1509240931150059,0.15092409313706032,0.15092409312623578,0.15092409307100374,0.15092409282877808,0.15092409307100374,0.15092409312623578,0.15092409313706032,0.1509240931150059,0.15092409307100374,0.1509240931150059,0.15092409313706032,0.1509240931460091,0.15092409313706032,0.15092409312623578,0.15092409313706032,0.1509240931460091,0.14963652332763425,0.14963652332171387,0.14963652331572044,0.14963652332171387,0.14963652332763425,0.14963652332171387,0.1496365233096452,0.14963652329265545,0.1496365233096452,0.14963652332171387,0.14963652331572044,0.14963652329265545,0.1496365232403265,0.14963652329265545,0.14963652331572044,0.14963652332171387,0.1496365233096452,0.14963652329265545,0.1496365233096452,0.14963652332171387,0.14963652332763425,0.14963652332171387,0.14963652331572044,0.14963652332171387,0.14963652332763425,0.14837453664323944,0.14837453664069858,0.1483745366385013,0.14837453664069858,0.14837453664323944,0.14837453664069858,0.1483745366363713,0.14837453663173064,0.1483745366363713,0.14837453664069858,0.1483745366385013,0.14837453663173064,0.1483745366216148,0.14837453663173064,0.1483745366385013,0.14837453664069858,0.1483745366363713,0.14837453663173064,0.1483745366363713,0.14837453664069858,0.14837453664323944,0.14837453664069858,0.1483745366385013,0.14837453664069858,0.14837453664323944,0.14713758256883755,0.14713758256858633,0.14713758256857432,0.14713758256858633,0.14713758256883755,0.14713758256858633,0.147137582568633,0.14713758256963178,0.147137582568633,0.14713758256858633,0.14713758256857432,0.14713758256963178,0.1471375825766241,0.14713758256963178,0.14713758256857432,0.14713758256858633,0.147137582568633,0.14713758256963178,0.147137582568633,0.14713758256858633,0.14713758256883755,0.14713758256858633,0.14713758256857432,0.14713758256858633,0.14713758256883755,0.14592511844686806,0.1459251184481218,0.14592511844950307,0.1459251184481218,0.14592511844686806,0.1459251184481218,0.14592511845093079,0.14592511845555278,0.14592511845093079,0.1459251184481218,0.14592511844950307,0.14592511845555278,0.14592511847512524,0.14592511845555278,0.14592511844950307,0.1459251184481218,0.14592511845093079,0.14592511845555278,0.14592511845093079,0.1459251184481218,0.14592511844686806,0.1459251184481218,0.14592511844950307,0.1459251184481218,0.14592511844686806,0.1447366098590448,0.144736609861382,0.14473660986381315,0.144736609861382,0.1447366098590448,0.144736609861382,0.14473660986627884,0.1447366098739421,0.14473660986627884,0.144736609861382,0.14473660986381315,0.1447366098739421,0.14473660990558904,0.1447366098739421,0.14473660986381315,0.144736609861382,0.14473660986627884,0.1447366098739421,0.14473660986627884,0.144736609861382,0.1447366098590448,0.144736609861382,0.14473660986381315,0.144736609861382,0.1447366098590448,0.1435715309403966,0.14357153094350708,0.14357153094671768,0.14357153094350708,0.1435715309403966,0.14357153094350708,0.1435715309499623,0.1435715309600205,0.1435715309499623,0.14357153094350708,0.14357153094671768,0.1435715309600205,0.14357153100159167,0.1435715309600205,0.14357153094671768,0.14357153094350708,0.1435715309499623,0.1435715309600205,0.1435715309499623,0.14357153094350708,0.1435715309403966,0.14357153094350708,0.14357153094671768,0.14357153094350708,0.1435715309403966,0.14242936464042333,0.1424293646439738,0.14242936464763983,0.1424293646439738,0.14242936464042333,0.1424293646439738,0.1424293646513408,0.14242936466285663,0.1424293646513408,0.1424293646439738,0.14242936464763983,0.14242936466285663,0.1424293647105717,0.14242936466285663,0.14242936464763983,0.1424293646439738,0.1424293646513408,0.14242936466285663,0.1424293646513408,0.1424293646439738,0.14242936464042333,0.1424293646439738,0.14242936464763983,0.1424293646439738,0.14242936464042333,0.14130960293603007,0.14130960293963402,0.14130960294334896,0.14130960293963402,0.14130960293603007,0.14130960293963402,0.1413096029470876,0.1413096029588775,0.1413096029470876,0.14130960293963402,0.14130960294334896,0.1413096029588775,0.14130960300915354,0.1413096029588775,0.14130960294334896,0.14130960293963402,0.1413096029470876,0.1413096029588775,0.1413096029470876,0.14130960293963402,0.14130960293603007,0.14130960293963402,0.14130960294334896,0.14130960293963402,0.14130960293603007,0.14021174700055566,0.14021174700384748,0.14021174700706332,0.14021174700384748,0.14021174700055566,0.14021174700384748,0.14021174701025016,0.14021174701972605,0.14021174701025016,0.14021174700384748,0.14021174700706332,0.14021174701972605,0.14021174705861073,0.14021174701972605,0.14021174700706332,0.14021174700384748,0.14021174701025016,0.14021174701972605,0.14021174701025016,0.14021174700384748,0.14021174700055566,0.14021174700384748,0.14021174700706332,0.14021174700384748,0.14021174700055566,0.13913530733286783,0.1391353073361115,0.13913530733892288,0.1391353073361115,0.13913530733286783,0.1391353073361115,0.1391353073416405,0.13913530734764606,0.1391353073416405,0.1391353073361115,0.13913530733892288,0.13913530734764606,0.13913530736048224,0.13913530734764606,0.13913530733892288,0.1391353073361115,0.1391353073416405,0.13913530734764606,0.1391353073416405,0.1391353073361115,0.13913530733286783,0.1391353073361115,0.13913530733892288,0.1391353073361115,0.13913530733286783,0.1380798038492804,0.13807980385391289,0.13807980385837823,0.13807980385391289,0.1380798038492804,0.13807980385391289,0.13807980386283955,0.13807980387447433,0.13807980386283955,0.13807980385391289,0.13807980385837823,0.13807980387447433,0.13807980390583285,0.13807980387447433,0.13807980385837823,0.13807980385391289,0.13807980386283955,0.13807980387447433,0.13807980386283955,0.13807980385391289,0.1380798038492804,0.13807980385391289,0.13807980385837823,0.13807980385391289,0.1380798038492804,0.1370447659419692,0.13704476594853202,0.1370447659563201,0.13704476594853202,0.1370447659419692,0.13704476594853202,0.13704476596435422,0.13704476599554918,0.13704476596435422,0.13704476594853202,0.1370447659563201,0.13704476599554918,0.1370447661668718,0.13704476599554918,0.1370447659563201,0.13704476594853202,0.13704476596435422,0.13704476599554918,0.13704476596435422,0.13704476594853202,0.1370447659419692,0.13704476594853202,0.1370447659563201,0.13704476594853202,0.1370447659419692,0.13602973251254127,0.13602973251701447,0.13602973252135422,0.13602973251701447,0.13602973251254127,0.13602973251701447,0.13602973252569098,0.1360297325371911,0.13602973252569098,0.13602973251701447,0.13602973252135422,0.1360297325371911,0.13602973256891437,0.1360297325371911,0.13602973252135422,0.13602973251701447,0.13602973252569098,0.1360297325371911,0.13602973252569098,0.13602973251701447,0.13602973251254127,0.13602973251701447,0.13602973252135422,0.13602973251701447,0.13602973251254127,0.13503425198710853,0.1350342519898872,0.13503425199217087,0.1350342519898872,0.13503425198710853,0.1350342519898872,0.1350342519943308,0.1350342519987142,0.1350342519943308,0.1350342519898872,0.13503425199217087,0.1350342519987142,0.1350342520066513,0.1350342519987142,0.13503425199217087,0.1350342519898872,0.1350342519943308,0.1350342519987142,0.1350342519943308,0.1350342519898872,0.13503425198710853,0.1350342519898872,0.13503425199217087,0.1350342519898872,0.13503425198710853
0.16533248775675277,0.16533248775675208,0.1653324877567516,0.16533248775675208,0.16533248775675277,0.16533248775675208,0.16533248775675113,0.16533248775675066,0.16533248775675113,0.16533248775675208,0.1653324877567516,0.16533248775675066,0.1653324877567502,0.16533248775675066,0.1653324877567516,0.16533248775675208,0.16533248775675113,0.16533248775675066,0.16533248775675113,0.16533248775675208,0.16533248775675277,0.16533248775675208,0.1653324877567516,0.16533248775675208,0.16533248775675277,0.16375749403858805,0.16375749403858644,0.1637574940385853,0.16375749403858644,0.16375749403858805,0.16375749403858644,0.1637574940385846,0.16375749403858345,0.1637574940385846,0.16375749403858644,0.1637574940385853,0.16375749403858345,0.16375749403858228,0.16375749403858345,0.1637574940385853,0.16375749403858644,0.1637574940385846,0.16375749403858345,0.1637574940385846,0.16375749403858644,0.16375749403858805,0.16375749403858644,0.1637574940385853,0.16375749403858644,0.16375749403858805,0.16221388425236044,0.16221388425235522,0.1622138842523518,0.16221388425235522,0.16221388425236044,0.16221388425235522,0.1622138842523496,0.16221388425234615,0.1622138842523496,0.16221388425235522,0.1622138842523518,0.16221388425234615,0.1622138842523423,0.16221388425234615,0.1622138842523518,0.16221388425235522,0.1622138842523496,0.16221388425234615,0.1622138842523496,0.16221388425235522,0.16221388425236044,0.16221388425235522,0.1622138842523518,0.16221388425235522,0.16221388425236044,0.1607010673551181,0.1607010673551021,0.1607010673550921,0.1607010673551021,0.1607010673551181,0.1607010673551021,0.16070106735508477,0.1607010673550737,0.16070106735508477,0.1607010673551021,0.1607010673550921,0.1607010673550737,0.16070106735506168,0.1607010673550737,0.1607010673550921,0.1607010673551021,0.16070106735508477,0.1607010673550737,0.16070106735508477,0.1607010673551021,0.1607010673551181,0.1607010673551021,0.1607010673550921,0.1607010673551021,0.1607010673551181,0.1592184517218619,0.1592184517218142,0.1592184517217835,0.1592184517218142,0.1592184517218619,0.1592184517218142,0.15921845172176022,0.15921845172172405,0.15921845172176022,0.1592184517218142,0.1592184517217835,0.15921845172172405,0.159218451721684,0.15921845172172405,0.1592184517217835,0.1592184517218142,0.15921845172176022,0.15921845172172405,0.15921845172176022,0.1592184517218142,0.1592184517218619,0.1592184517218142,0.1592184517217835,0.1592184517218142,0.1592184517218619,0.15776544649742452,0.15776544649728516,0.1577654464971915,0.15776544649728516,0.15776544649742452,0.15776544649728516,0.15776544649711685,0.15776544649699864,0.15776544649711685,0.15776544649728516,0.1577654464971915,0.15776544649699864,0.15776544649685803,0.15776544649699864,0.1577654464971915,0.15776544649728516,0.15776544649711685,0.15776544649699864,0.15776544649711685,0.15776544649728516,0.15776544649742452,0.15776544649728516,0.1577654464971915,0.15776544649728516,0.15776544649742452,0.15634146281087596,0.15634146281048097,0.15634146281020264,0.15634146281048097,0.15634146281087596,0.15634146281048097,0.15634146280996572,0.15634146280957303,0.15634146280996572,0.15634146281048097,0.15634146281020264,0.15634146280957303,0.15634146280906805,0.15634146280957303,0.15634146281020264,0.15634146281048097,0.15634146280996572,0.15634146280957303,0.15634146280996572,0.15634146281048097,0.15634146281087596,0.15634146281048097,0.15634146281020264,0.15634146281048097,0.15634146281087596,0.15494591486279985,0.15494591486173953,0.15494591486093556,0.15494591486173953,0.15494591486279985,0.15494591486173953,0.1549459148602046,0.1549459148588912,0.1549459148602046,0.15494591486173953,0.15494591486093556,0.1549459148588912,0.15494591485692832,0.1549459148588912,0.15494591486093556,0.15494591486173953,0.1549459148602046,0.1549459148588912,0.1549459148602046,0.15494591486173953,0.15494591486279985,0.15494591486173953,0.15494591486093556,0.15494591486173953,0.15494591486279985,0.1535782208953138,0.15357822089270384,0.15357822089049294,0.15357822089270384,0.1535782208953138,0.15357822089270384,0.15357822088837145,0.1535782208839017,0.15357822088837145,0.15357822089270384,0.15357822089049294,0.1535782208839017,0.15357822087541464,0.1535782208839017,0.15357822089049294,0.15357822089270384,0.15357822088837145,0.1535782208839017,0.15357822088837145,0.15357822089270384,0.1535782208953138,0.15357822089270384,0.15357822089049294,0.15357822089270384,0.1535782208953138,0.15223780405416767,0.15223780404864926,0.1522378040431801,0.15223780404864926,0.15223780405416767,0.15223780404864926,0.15223780403766543,0.15223780402281276,0.15223780403766543,0.15223780404864926,0.1522378040431801,0.15223780402281276,0.15223780398132608,0.15223780402281276,0.1522378040431801,0.15223780404864926,0.15223780403766543,0.15223780402281276,0.15223780403766543,0.15223780404864926,0.15223780405416767,0.15223780404864926,0.1522378040431801,0.15223780404864926,0.15223780405416767,0.15092409315105976,0.15092409314247981,0.15092409313213873,0.15092409314247981,0.15092409315105976,0.15092409314247981,0.15092409312141603,0.15092409307958735,0.15092409312141603,0.15092409314247981,0.15092409313213873,0.15092409307958735,0.15092409285031608,0.15092409307958712,0.15092409313213873,0.15092409314247981,0.15092409312141603,0.15092409307958712,0.15092409312141603,0.15092409314247981,0.15092409315105976,0.15092409314247981,0.15092409313213873,0.15092409314247981,0.15092409315105976,0.14963652333077057,0.1496365233249438,0.1496365233190158,0.1496365233249438,0.14963652333077057,0.1496365233249438,0.14963652331300314,0.14963652329596838,0.14963652331300314,0.1496365233249438,0.1496365233190158,0.14963652329596838,0.14963652324155063,0.14963652329596838,0.1496365233190158,0.1496365233249438,0.14963652331300314,0.14963652329596838,0.14963652331300314,0.1496365233249438,0.14963652333077057,0.1496365233249438,0.1496365233190158,0.1496365233249438,0.14963652333077057,0.14837453664424285,0.14837453664160577,0.14837453663927153,0.14837453664160577,0.14837453664424285,0.14837453664160577,0.14837453663699418,0.14837453663173694,0.14837453663699418,0.14837453664160577,0.14837453663927153,0.14837453663173694,0.14837453661839986,0.14837453663173694,0.14837453663927153,0.14837453664160577,0.14837453663699418,0.14837453663173694,0.14837453663699418,0.14837453664160577,0.14837453664424285,0.14837453664160577,0.14837453663927153,0.14837453664160577,0.14837453664424285,0.14713758256787748,0.14713758256747422,0.14713758256729056,0.14713758256747422,0.14713758256787748,0.14713758256747422,0.14713758256717122,0.14713758256757486,0.14713758256717122,0.14713758256747422,0.14713758256729056,0.14713758256757486,0.14713758257199003,0.14713758256757486,0.14713758256729056,0.14713758256747422,0.14713758256717122,0.14713758256757486,0.14713758256717122,0.14713758256747422,0.14713758256787748,0.14713758256747422,0.14713758256729056,0.14713758256747422,0.14713758256787748,0.14592511844423023,0.1459251184453442,0.14592511844658013,0.1459251184453442,0.14592511844423023,0.1459251184453442,0.1459251184478604,0.1459251184520323,0.1459251184478604,0.1459251184453442,0.14592511844658013,0.1459251184520323,0.14592511846977993,0.1459251184520323,0.14592511844658013,0.1459251184453442,0.1459251184478604,0.1459251184520323,0.1459251184478604,0.1459251184453442,0.14592511844423023,0.1459251184453442,0.14592511844658013,0.1459251184453442,0.14592511844423023,0.14473660985499315,0.14473660985722112,0.1447366098595442,0.14473660985722112,0.14473660985499315,0.14473660985722112,0.144736609861902,0.14473660986925263,0.144736609861902,0.14473660985722112,0.1447366098595442,0.14473660986925263,0.14473660989972242,0.14473660986925263,0.1447366098595442,0.14473660985722112,0.144736609861902,0.14473660986925263,0.144736609861902,0.14473660985722112,0.14473660985499315,0.14473660985722112,0.1447366098595442,0.14473660985722112,0.14473660985499315,0.1435715309351347,0.14357153093816202,0.14357153094129252,0.14357153093816202,0.1435715309351347,0.14357153093816202,0.14357153094445776,0.14357153095429112,0.14357153094445776,0.14357153093816202,0.14357153094129252,0.14357153095429112,0.14357153099497733,0.14357153095429112,0.14357153094129252,0.14357153093816202,0.14357153094445776,0.14357153095429112,0.14357153094445776,0.14357153093816202,0.1435715309351347,0.14357153093816202,0.14357153094129252,0.14357153093816202,0.1435715309351347,0.14242936463410277,0.1424293646375858,0.1424293646411869,0.1424293646375858,0.14242936463410277,0.1424293646375858,0.14242936464482361,0.1424293646561541,0.14242936464482361,0.1424293646375858,0.1424293646411869,0.1424293646561541,0.14242936470314915,0.1424293646561541,0.1424293646411869,0.1424293646375858,0.14242936464482361,0.1424293646561541,0.14242936464482361,0.1424293646375858,0.14242936463410277,0.1424293646375858,0.1424293646411869,0.1424293646375858,0.14242936463410277,0.14130960292877023,0.14130960293231512,0.14130960293597267,0.14130960293231512,0.14130960292877023,0.14130960293231512,0.14130960293965475,0.14130960295127787,0.14130960293965455,0.14130960293231512,0.14130960293597267,0.14130960295127787,0.14130960300090098,0.14130960295127787,0.14130960293597267,0.14130960293231512,0.14130960293965455,0.14130960295127787,0.14130960293965455,0.14130960293231512,0.14130960292877023,0.14130960293231512,0.14130960293597267,0.14130960293231512,0.14130960292877023,0.14021174699246008,0.14021174699569516,0.14021174699885716,0.14021174699569516,0.14021174699246008,0.14021174699569516,0.1402117470019911,0.14021174701131348,0.1402117470019911,0.14021174699569516,0.14021174699885716,0.14021174701131348,0.1402117470495717,0.14021174701131348,0.14021174699885716,0.14021174699569516,0.1402117470019911,0.14021174701131348,0.1402117470019911,0.14021174699569516,0.14021174699246008,0.14021174699569516,0.14021174699885716,0.14021174699569516,0.14021174699246008,0.1391353073240357,0.13913530732721485,0.13913530732997076,0.13913530732721485,0.1391353073240357,0.13913530732721485,0.1391353073326346,0.13913530733852303,0.1391353073326346,0.13913530732721485,0.13913530732997076,0.13913530733852303,0.139135307351113,0.13913530733852303,0.13913530732997076,0.13913530732721485,0.1391353073326346,0.13913530733852303,0.1391353073326346,0.13913530732721485,0.1391353073240357,0.13913530732721485,0.13913530732997076,0.13913530732721485,0.1391353073240357,0.13807980383982785,0.13807980384435817,0.1380798038487243,0.13807980384435817,0.13807980383982785,0.13807980384435817,0.1380798038530862,0.13807980386445942,0.1380798038530862,0.13807980384435817,0.1380798038487243,0.13807980386445942,0.13807980389510724,0.13807980386445942,0.1380798038487243,0.13807980384435817,0.1380798038530862,0.13807980386445942,0.1380798038530862,0.13807980384435817,0.13807980383982785,0.13807980384435817,0.1380798038487243,0.13807980384435817,0.13807980383982785,0.1370447659320907,0.1370447659385042,0.13704476594611442,0.1370447659385042,0.1370447659320907,0.1370447659385042,0.13704476595396484,0.13704476598444415,0.13704476595396484,0.1370447659385042,0.13704476594611442,0.13704476598444415,0.137044766151858,0.13704476598444415,0.13704476594611442,0.1370447659385042,0.13704476595396484,0.13704476598444415,0.13704476595396484,0.1370447659385042,0.1370447659320907,0.1370447659385042,0.13704476594611442,0.1370447659385042,0.1370447659320907,0.13602973250253056,0.13602973250690148,0.13602973251114192,0.13602973250690148,0.13602973250253056,0.13602973250690148,0.13602973251537936,0.13602973252661543,0.13602973251537936,0.13602973250690148,0.13602973251114192,0.13602973252661543,0.13602973255760972,0.13602973252661543,0.13602973251114192,0.13602973250690148,0.13602973251537936,0.13602973252661543,0.13602973251537936,0.13602973250690148,0.13602973250253056,0.13602973250690148,0.13602973251114192,0.13602973250690148,0.13602973250253056,0.13503425197716573,0.1350342519798808,0.1350342519821121,0.1350342519798808,0.13503425197716573,0.1350342519798808,0.1350342519842225,0.13503425198850524,0.1350342519842225,0.1350342519798808,0.1350342519821121,0.13503425198850524,0.13503425199625999,0.13503425198850524,0.1350342519821121,0.1350342519798808,0.1350342519842225,0.13503425198850524,0.1350342519842225,0.1350342519798808,0.13503425197716573,0.1350342519798808,0.1350342519821121,0.1350342519798808,0.13503425197716573
0.16533248776518744,0.16533248776518675,0.16533248776518625,0.16533248776518675,0.16533248776518744,0.16533248776518675,0.16533248776518603,0.16533248776518555,0.16533248776518603,0.16533248776518675,0.16533248776518625,0.16533248776518555,0.1653324877651851,0.16533248776518555,0.16533248776518625,0.16533248776518675,0.16533248776518603,0.16533248776518555,0.16533248776518603,0.16533248776518675,0.16533248776518744,0.16533248776518675,0.16533248776518625,0.16533248776518675,0.16533248776518744,0.16375749404685616,0.16375749404685455,0.16375749404685364,0.16375749404685455,0.16375749404685616,0.16375749404685455,0.16375749404685294,0.16375749404685178,0.16375749404685294,0.16375749404685455,0.16375749404685364,0.16375749404685178,0.1637574940468506,0.16375749404685178,0.16375749404685364,0.16375749404685455,0.16375749404685294,0.16375749404685178,0.16375749404685294,0.16375749404685455,0.16375749404685616,0.16375749404685455,0.16375749404685364,0.16375749404685455,0.16375749404685616,0.16221388426046596,0.16221388426046096,0.16221388426045802,0.16221388426046096,0.16221388426046596,0.16221388426046096,0.16221388426045574,0.16221388426045258,0.16221388426045574,0.16221388426046096,0.16221388426045802,0.16221388426045258,0.16221388426044894,0.16221388426045258,0.16221388426045802,0.16221388426046096,0.16221388426045574,0.16221388426045258,0.16221388426045574,0.16221388426046096,0.16221388426046596,0.16221388426046096,0.16221388426045802,0.16221388426046096,0.16221388426046596,0.16070106736306497,0.16070106736305007,0.16070106736304052,0.16070106736305007,0.16070106736306497,0.16070106736305007,0.16070106736303363,0.16070106736302298,0.16070106736303363,0.16070106736305007,0.16070106736304052,0.16070106736302298,0.16070106736301187,0.16070106736302298,0.16070106736304052,0.16070106736305007,0.16070106736303363,0.16070106736302298,0.16070106736303363,0.16070106736305007,0.16070106736306497,0.16070106736305007,0.16070106736304052,0.16070106736305007,0.16070106736306497,0.1592184517296525,0.1592184517296076,0.15921845172957844,0.1592184517296076,0.1592184517296525,0.1592184517296076,0.15921845172955645,0.15921845172952245,0.15921845172955645,0.1592184517296076,0.15921845172957844,0.15921845172952245,0.1592184517294846,0.15921845172952245,0.15921845172957844,0.1592184517296076,0.15921845172955645,0.15921845172952245,0.15921845172955645,0.1592184517296076,0.1592184517296525,0.1592184517296076,0.15921845172957844,0.1592184517296076,0.1592184517296525,0.15776544650505797,0.15776544650492613,0.1577654465048378,0.15776544650492613,0.15776544650505797,0.15776544650492613,0.15776544650476715,0.15776544650465557,0.15776544650476715,0.15776544650492613,0.1577654465048378,0.15776544650465557,0.15776544650452284,0.15776544650465557,0.1577654465048378,0.15776544650492613,0.15776544650476715,0.15776544650465557,0.15776544650476715,0.15776544650492613,0.15776544650505797,0.15776544650492613,0.1577654465048378,0.15776544650492613,0.15776544650505797,0.15634146281834066,0.1563414628179668,0.1563414628177035,0.1563414628179668,0.15634146281834066,0.1563414628179668,0.15634146281747957,0.15634146281710817,0.15634146281747957,0.1563414628179668,0.1563414628177035,0.15634146281710817,0.15634146281663122,0.15634146281710817,0.1563414628177035,0.1563414628179668,0.15634146281747957,0.15634146281710817,0.15634146281747957,0.1563414628179668,0.15634146281834066,0.1563414628179668,0.1563414628177035,0.1563414628179668,0.15634146281834066,0.15494591487005588,0.1549459148690515,0.1549459148682904,0.1549459148690515,0.15494591487005588,0.1549459148690515,0.15494591486759934,0.15494591486635767,0.15494591486759934,0.1549459148690515,0.1549459148682904,0.15494591486635767,0.15494591486450468,0.15494591486635767,0.1549459148682904,0.1549459148690515,0.15494591486759934,0.15494591486635767,0.15494591486759934,0.1549459148690515,0.15494591487005588,0.1549459148690515,0.1549459148682904,0.1549459148690515,0.15494591487005588,0.15357822090224849,0.1535782208997733,0.1535782208976793,0.1535782208997733,0.15357822090224849,0.1535782208997733,0.15357822089567147,0.15357822089144718,0.15357822089567147,0.1535782208997733,0.1535782208976793,0.15357822089144718,0.15357822088344117,0.15357822089144718,0.1535782208976793,0.1535782208997733,0.15357822089567147,0.15357822089144718,0.15357822089567147,0.1535782208997733,0.15357822090224849,0.1535782208997733,0.1535782208976793,0.1535782208997733,0.15357822090224849,0.15223780406050277,0.15223780405525797,0.15223780405007165,0.15223780405525797,0.15223780406050277,0.15223780405525797,0.15223780404484555,0.15223780403080717,0.15223780404484555,0.15223780405525797,0.15223780405007165,0.15223780403080717,0.15223780399170248,0.15223780403080717,0.15223780405007165,0.15223780405525797,0.15223780404484555,0.15223780403080717,0.15223780404484555,0.15223780405525797,0.15223780406050277,0.15223780405525797,0.15223780405007165,0.15223780405525797,0.15223780406050277,0.15092409315622515,0.15092409314802452,0.15092409313818062,0.15092409314802452,0.15092409315622515,0.15092409314802452,0.15092409312797958,0.15092409308838564,0.15092409312797958,0.15092409314802452,0.15092409313818062,0.15092409308838564,0.15092409287244185,0.15092409308838564,0.15092409313818062,0.15092409314802452,0.15092409312797958,0.15092409308838564,0.15092409312797958,0.15092409314802452,0.15092409315622515,0.15092409314802452,0.15092409313818062,0.15092409314802452,0.15092409315622515,0.14963652333396724,0.1496365233282363,0.14963652332237584,0.1496365233282363,0.14963652333396724,0.1496365233282363,0.14963652331642743,0.14963652329934618,0.14963652331642743,0.1496365233282363,0.14963652332237584,0.14963652329934618,0.14963652324282392,0.14963652329934618,0.14963652332237584,0.1496365233282363,0.14963652331642743,0.14963652329934618,0.14963652331642743,0.1496365233282363,0.14963652333396724,0.1496365233282363,0.14963652332237584,0.1496365233282363,0.14963652333396724,0.14837453664524622,0.1483745366425096,0.14837453664003417,0.1483745366425096,0.14837453664524622,0.1483745366425096,0.14837453663760522,0.1483745366317125,0.14837453663760522,0.1483745366425096,0.14837453664003417,0.1483745366317125,0.14837453661501948,0.1483745366317125,0.14837453664003417,0.1483745366425096,0.14837453663760522,0.1483745366317125,0.14837453663760522,0.1483745366425096,0.14837453664524622,0.1483745366425096,0.14837453664003417,0.1483745366425096,0.14837453664524622,0.14713758256686257,0.14713758256630252,0.1471375825659414,0.14713758256630252,0.14713758256686257,0.14713758256630252,0.14713758256563803,0.1471375825654277,0.14713758256563803,0.14713758256630252,0.1471375825659414,0.1471375825654277,0.14713758256718573,0.1471375825654277,0.1471375825659414,0.14713758256630252,0.14713758256563803,0.1471375825654277,0.14713758256563803,0.14713758256630252,0.14713758256686257,0.14713758256630252,0.1471375825659414,0.14713758256630252,0.14713758256686257,0.14592511844149286,0.1459251184424617,0.14592511844354752,0.1459251184424617,0.14592511844149286,0.1459251184424617,0.14592511844467504,0.14592511844838021,0.14592511844467504,0.1459251184424617,0.14592511844354752,0.14592511844838021,0.14592511846424075,0.14592511844838021,0.14592511844354752,0.1459251184424617,0.14592511844467504,0.14592511844838021,0.14592511844467504,0.1459251184424617,0.14592511844149286,0.1459251184424617,0.14592511844354752,0.1459251184424617,0.14592511844149286,0.1447366098508071,0.14473660985292106,0.14473660985513156,0.14473660985292106,0.1447366098508071,0.14473660985292106,0.144736609857377,0.14473660986440154,0.144736609857377,0.14473660985292106,0.14473660985513156,0.14473660986440154,0.14473660989365225,0.14473660986440154,0.14473660985513156,0.14473660985292106,0.144736609857377,0.14473660986440154,0.144736609857377,0.14473660985292106,0.1447366098508071,0.14473660985292106,0.14473660985513156,0.14473660985292106,0.1447366098508071,0.1435715309297123,0.14357153093265218,0.1435715309356985,0.14357153093265218,0.1435715309297123,0.14357153093265218,0.14357153093878042,0.1435715309483771,0.14357153093878042,0.14357153093265218,0.1435715309356985,0.1435715309483771,0.1435715309882047,0.1435715309483771,0.1435715309356985,0.14357153093265218,0.14357153093878042,0.1435715309483771,0.14357153093878042,0.14357153093265218,0.1435715309297123,0.14357153093265218,0.1435715309356985,0.14357153093265218,0.1435715309297123,0.14242936462760322,0.14242936463101527,0.1424293646345478,0.14242936463101527,0.14242936462760322,0.14242936463101527,0.14242936463811656,0.1424293646492506,0.14242936463811656,0.14242936463101527,0.1424293646345478,0.1424293646492506,0.1424293646954802,0.1424293646492506,0.1424293646345478,0.14242936463101527,0.14242936463811656,0.1424293646492506,0.14242936463811656,0.14242936463101527,0.14242936462760322,0.14242936463101527,0.1424293646345478,0.14242936463101527,0.14242936462760322,0.14130960292132028,0.14130960292480302,0.14130960292840003,0.14130960292480302,0.14130960292132028,0.14130960292480302,0.14130960293202205,0.14130960294346873,0.14130960293202205,0.14130960292480302,0.14130960292840003,0.14130960294346873,0.141309602992394,0.14130960294346873,0.14130960292840003,0.14130960292480302,0.14130960293202205,0.14130960294346873,0.14130960293202205,0.14130960292480302,0.14130960292132028,0.14130960292480302,0.14130960292840003,0.14130960292480302,0.14130960292132028,0.14021174698416916,0.14021174698734531,0.14021174699045139,0.14021174698734531,0.14021174698416916,0.14021174698734531,0.1402117469935305,0.14021174700269257,0.1402117469935305,0.14021174698734531,0.14021174699045139,0.14021174700269257,0.14021174704029593,0.14021174700269257,0.14021174699045139,0.14021174698734531,0.1402117469935305,0.14021174700269257,0.1402117469935305,0.14021174698734531,0.14021174698416916,0.14021174698734531,0.14021174699045139,0.14021174698734531,0.14021174698416916,0.13913530731500737,0.13913530731812074,0.13913530732082002,0.13913530731812074,0.13913530731500737,0.13913530731812074,0.1391353073234295,0.13913530732919838,0.1391353073234295,0.13913530731812074,0.13913530732082002,0.13913530732919838,0.13913530734153678,0.13913530732919838,0.13913530732082002,0.13913530731812074,0.1391353073234295,0.13913530732919838,0.1391353073234295,0.13913530731812074,0.13913530731500737,0.13913530731812074,0.13913530732082002,0.13913530731812074,0.13913530731500737,0.13807980383018006,0.1380798038346076,0.13807980383887403,0.1380798038346076,0.13807980383018006,0.1380798038346076,0.13807980384313612,0.13807980385424717,0.13807980384313612,0.1380798038346076,0.13807980383887403,0.13807980385424717,0.1380798038841821,0.13807980385424717,0.13807980383887403,0.1380798038346076,0.13807980384313612,0.13807980385424717,0.13807980384313612,0.1380798038346076,0.13807980383018006,0.1380798038346076,0.13807980383887403,0.1380798038346076,0.13807980383018006,0.13704476592201942,0.1370447659282833,0.13704476593571535,0.1370447659282833,0.13704476592201942,0.1370447659282833,0.13704476594338183,0.13704476597314438,0.13704476594338183,0.1370447659282833,0.13704476593571535,0.13704476597314438,0.13704476613659625,0.13704476597314438,0.13704476593571535,0.1370447659282833,0.13704476594338183,0.13704476597314438,0.13704476594338183,0.1370447659282833,0.13704476592201942,0.1370447659282833,0.13704476593571535,0.1370447659282833,0.13704476592201942,0.13602973249233008,0.13602973249659867,0.13602973250073952,0.13602973249659867,0.13602973249233008,0.13602973249659867,0.13602973250487738,0.13602973251584907,0.13602973250487738,0.13602973249659867,0.13602973250073952,0.13602973251584907,0.13602973254611347,0.13602973251584907,0.13602973250073952,0.13602973249659867,0.13602973250487738,0.13602973251584907,0.13602973250487738,0.13602973249659867,0.13602973249233008,0.13602973249659867,0.13602973250073952,0.13602973249659867,0.13602973249233008,0.13503425196703664,0.13503425196968796,0.13503425197186691,0.13503425196968796,0.13503425196703664,0.13503425196968796,0.1350342519739276,0.13503425197810956,0.1350342519739276,0.13503425196968796,0.13503425197186691,0.13503425197810956,0.1350342519856818,0.13503425197810956,0.13503425197186691,0.13503425196968796,0.1350342519739276,0.13503425197810956,0.1350342519739276,0.13503425196968796,0.13503425196703664,0.13503425196968796,0.13503425197186691,0.13503425196968796,0.13503425196703664
0.16533248777382034,0.16533248777381987,0.1653324877738194,0.16533248777381987,0.16533248777382034,0.16533248777381987,0.16533248777381915,0.16533248777381868,0.16533248777381915,0.16533248777381987,0.1653324877738194,0.16533248777381868,0.1653324877738182,0.16533248777381868,0.1653324877738194,0.16533248777381987,0.16533248777381915,0.16533248777381868,0.16533248777381915,0.16533248777381987,0.16533248777382034,0.16533248777381987,0.1653324877738194,0.16533248777381987,0.16533248777382034,0.16375749405531878,0.16375749405531717,0.16375749405531623,0.16375749405531717,0.16375749405531878,0.16375749405531717,0.16375749405531556,0.16375749405531462,0.16375749405531556,0.16375749405531717,0.16375749405531623,0.16375749405531462,0.16375749405531345,0.16375749405531462,0.16375749405531623,0.16375749405531717,0.16375749405531556,0.16375749405531462,0.16375749405531556,0.16375749405531717,0.16375749405531878,0.16375749405531717,0.16375749405531623,0.16375749405531717,0.16375749405531878,0.1622138842687621,0.16221388426875757,0.1622138842687546,0.16221388426875757,0.1622138842687621,0.16221388426875757,0.16221388426875258,0.16221388426874941,0.16221388426875258,0.16221388426875757,0.1622138842687546,0.16221388426874941,0.16221388426874625,0.16221388426874941,0.1622138842687546,0.16221388426875757,0.16221388426875258,0.16221388426874941,0.16221388426875258,0.16221388426875757,0.1622138842687621,0.16221388426875757,0.1622138842687546,0.16221388426875757,0.1622138842687621,0.16070106737119866,0.16070106737118442,0.16070106737117557,0.16070106737118442,0.16070106737119844,0.16070106737118442,0.1607010673711691,0.1607010673711591,0.1607010673711691,0.16070106737118442,0.16070106737117557,0.1607010673711591,0.16070106737114867,0.1607010673711591,0.16070106737117557,0.16070106737118442,0.1607010673711691,0.1607010673711591,0.1607010673711691,0.16070106737118442,0.16070106737119844,0.16070106737118442,0.16070106737117557,0.16070106737118442,0.16070106737119844,0.1592184517376261,0.1592184517375839,0.15921845173755644,0.1592184517375839,0.1592184517376261,0.1592184517375839,0.15921845173753577,0.15921845173750376,0.15921845173753577,0.1592184517375839,0.15921845173755644,0.15921845173750376,0.15921845173746826,0.15921845173750376,0.15921845173755644,0.1592184517375839,0.15921845173753577,0.15921845173750376,0.15921845173753577,0.1592184517375839,0.1592184517376261,0.1592184517375839,0.15921845173755644,0.1592184517375839,0.1592184517376261,0.15776544651287022,0.15776544651274627,0.15776544651266305,0.15776544651274627,0.15776544651287022,0.15776544651274627,0.15776544651259672,0.15776544651249194,0.15776544651259672,0.15776544651274627,0.15776544651266305,0.15776544651249194,0.15776544651236735,0.15776544651249194,0.15776544651266305,0.15776544651274627,0.15776544651259672,0.15776544651249194,0.15776544651259672,0.15776544651274627,0.15776544651287022,0.15776544651274627,0.15776544651266305,0.15776544651274627,0.15776544651287022,0.15634146282597997,0.15634146282562783,0.1563414628253798,0.15634146282562783,0.15634146282597997,0.15634146282562783,0.15634146282516925,0.15634146282481984,0.15634146282516925,0.15634146282562783,0.1563414628253798,0.15634146282481984,0.15634146282437172,0.15634146282481984,0.1563414628253798,0.15634146282562783,0.15634146282516925,0.15634146282481984,0.15634146282516925,0.15634146282562783,0.15634146282597997,0.15634146282562783,0.1563414628253798,0.15634146282562783,0.15634146282597997,0.15494591487748116,0.15494591487653417,0.1549459148758171,0.15494591487653417,0.15494591487748116,0.15494591487653417,0.15494591487516687,0.15494591487399917,0.15494591487516687,0.15494591487653417,0.1549459148758171,0.15494591487399917,0.1549459148722587,0.15494591487399917,0.1549459148758171,0.15494591487653417,0.15494591487516687,0.15494591487399917,0.15494591487516687,0.15494591487653417,0.15494591487748116,0.15494591487653417,0.1549459148758171,0.15494591487653417,0.15494591487748116,0.1535782209093439,0.15357822090700707,0.15357822090503298,0.15357822090700687,0.1535782209093439,0.15357822090700707,0.15357822090314185,0.15357822089916998,0.15357822090314185,0.15357822090700687,0.15357822090503298,0.15357822089916998,0.153578220891658,0.15357822089916998,0.15357822090503298,0.15357822090700687,0.15357822090314185,0.15357822089916998,0.15357822090314185,0.15357822090700707,0.1535782209093439,0.15357822090700687,0.15357822090503298,0.15357822090700707,0.1535782209093439,0.1522378040669823,0.1522378040620184,0.15223780405712262,0.1522378040620184,0.1522378040669823,0.1522378040620184,0.15223780405219317,0.15223780403899098,0.15223780405219317,0.1522378040620184,0.15223780405712262,0.15223780403899098,0.15223780400233297,0.15223780403899098,0.15223780405712262,0.1522378040620184,0.15223780405219317,0.15223780403899098,0.15223780405219317,0.1522378040620184,0.1522378040669823,0.1522378040620184,0.15223780405712262,0.1522378040620184,0.1522378040669823,0.15092409316150307,0.15092409315369212,0.15092409314435906,0.15092409315369212,0.15092409316150307,0.15092409315369212,0.15092409313469357,0.15092409309739538,0.15092409313469357,0.15092409315369212,0.15092409314435906,0.15092409309739538,0.15092409289508796,0.15092409309739538,0.15092409314435906,0.15092409315369212,0.15092409313469357,0.15092409309739538,0.15092409313469357,0.15092409315369212,0.15092409316150307,0.15092409315369212,0.15092409314435906,0.15092409315369212,0.15092409316150307,0.14963652333722305,0.14963652333159064,0.1496365233257992,0.14963652333159064,0.14963652333722305,0.14963652333159064,0.1496365233199168,0.14963652330278787,0.1496365233199168,0.14963652333159064,0.1496365233257992,0.14963652330278787,0.14963652324412463,0.14963652330278787,0.1496365233257992,0.14963652333159064,0.1496365233199168,0.14963652330278787,0.1496365233199168,0.14963652333159064,0.14963652333722305,0.14963652333159064,0.1496365233257992,0.14963652333159064,0.14963652333722305,0.14837453664624922,0.14837453664341013,0.1483745366407892,0.14837453664341013,0.14837453664624922,0.14837453664341013,0.14837453663820424,0.1483745366316578,0.14837453663820424,0.14837453664341013,0.1483745366407892,0.1483745366316578,0.14837453661151986,0.1483745366316578,0.1483745366407892,0.14837453664341013,0.14837453663820424,0.1483745366316578,0.14837453663820424,0.14837453664341013,0.14837453664624922,0.14837453664341013,0.1483745366407892,0.14837453664341013,0.14837453664624922,0.1471375825657939,0.1471375825650718,0.1471375825645279,0.1471375825650718,0.1471375825657939,0.1471375825650718,0.14713758256403472,0.1471375825631911,0.14713758256403472,0.1471375825650718,0.1471375825645279,0.1471375825631911,0.14713758256223397,0.1471375825631911,0.1471375825645279,0.1471375825650718,0.14713758256403472,0.1471375825631911,0.14713758256403472,0.1471375825650718,0.1471375825657939,0.1471375825650718,0.1471375825645279,0.1471375825650718,0.1471375825657939,0.14592511843865735,0.14592511843947628,0.14592511844040648,0.14592511843947628,0.14592511843865735,0.14592511843947628,0.14592511844137607,0.14592511844459846,0.14592511844137607,0.14592511843947628,0.14592511844040648,0.14592511844459846,0.14592511845855263,0.14592511844459846,0.14592511844040648,0.14592511843947628,0.14592511844137607,0.14592511844459846,0.14592511844137607,0.14592511843947628,0.14592511843865735,0.14592511843947628,0.14592511844040648,0.14592511843947628,0.14592511843865735,0.1447366098464884,0.1447366098484838,0.14473660985057754,0.1447366098484838,0.1447366098464884,0.1447366098484838,0.14473660985270603,0.1447366098593913,0.14473660985270603,0.1447366098484838,0.14473660985057754,0.1447366098593913,0.14473660988732606,0.1447366098593913,0.14473660985057754,0.1447366098484838,0.14473660985270603,0.1447366098593913,0.14473660985270603,0.1447366098484838,0.1447366098464884,0.1447366098484838,0.14473660985057754,0.1447366098484838,0.1447366098464884,0.14357153092413164,0.1435715309269803,0.14357153092993852,0.1435715309269803,0.14357153092413164,0.1435715309269803,0.14357153093293298,0.1435715309422814,0.14357153093293298,0.1435715309269803,0.14357153092993852,0.1435715309422814,0.14357153098120976,0.1435715309422814,0.14357153092993852,0.1435715309269803,0.14357153093293298,0.1435715309422814,0.14357153093293298,0.1435715309269803,0.14357153092413164,0.1435715309269803,0.14357153092993852,0.1435715309269803,0.14357153092413164,0.14242936462092753,0.14242936462426528,0.1424293646277255,0.14242936462426528,0.14242936462092753,0.14242936462426528,0.1424293646312226,0.1424293646421493,0.1424293646312226,0.14242936462426528,0.1424293646277255,0.1424293646421493,0.14242936468758916,0.1424293646421493,0.1424293646277255,0.14242936462426528,0.1424293646312226,0.1424293646421493,0.1424293646312226,0.14242936462426528,0.14242936462092753,0.14242936462426528,0.1424293646277255,0.14242936462426528,0.14242936462092753,0.14130960291368364,0.14130960291710107,0.14130960292063444,0.14130960291710107,0.14130960291368364,0.14130960291710107,0.14130960292419364,0.1413096029354538,0.14130960292419364,0.14130960291710107,0.14130960292063444,0.1413096029354538,0.14130960298363293,0.1413096029354538,0.14130960292063444,0.14130960291710107,0.14130960292419364,0.1413096029354538,0.14130960292419364,0.14130960291710107,0.14130960291368364,0.14130960291710107,0.14130960292063444,0.14130960291710107,0.14130960291368364,0.14021174697568659,0.14021174697880184,0.14021174698184982,0.14021174697880184,0.14021174697568659,0.14021174697880184,0.14021174698487204,0.14021174699386751,0.14021174698487204,0.14021174697880184,0.14021174698184982,0.14021174699386751,0.14021174703079445,0.14021174699386751,0.14021174698184982,0.14021174697880184,0.14021174698487204,0.14021174699386751,0.14021174698487204,0.14021174697880184,0.14021174697568659,0.14021174697880184,0.14021174698184982,0.14021174697880184,0.14021174697568659,0.13913530730578658,0.1391353073088334,0.13913530731147514,0.1391353073088334,0.13913530730578658,0.1391353073088334,0.13913530731402912,0.13913530731967624,0.13913530731402912,0.1391353073088334,0.13913530731147514,0.13913530731967624,0.13913530733175836,0.13913530731967624,0.13913530731147514,0.1391353073088334,0.13913530731402912,0.13913530731967624,0.13913530731402912,0.1391353073088334,0.13913530730578658,0.1391353073088334,0.13913530731147514,0.1391353073088334,0.13913530730578658,0.13807980382034163,0.1380798038246659,0.1380798038288323,0.1380798038246659,0.13807980382034163,0.1380798038246659,0.1380798038329941,0.13807980384384186,0.1380798038329941,0.1380798038246659,0.1380798038288323,0.13807980384384186,0.1380798038730625,0.13807980384384186,0.1380798038288323,0.1380798038246659,0.1380798038329941,0.13807980384384186,0.1380798038329941,0.1380798038246659,0.13807980382034163,0.1380798038246659,0.1380798038288323,0.1380798038246659,0.13807980382034163,0.1370447659117599,0.13704476591787387,0.13704476592512743,0.13704476591787387,0.1370447659117599,0.13704476591787387,0.1370447659326096,0.13704476596165474,0.1370447659326096,0.13704476591787387,0.13704476592512743,0.13704476596165474,0.13704476612117072,0.13704476596165474,0.13704476592512743,0.13704476591787387,0.1370447659326096,0.13704476596165474,0.1370447659326096,0.13704476591787387,0.1370447659117599,0.13704476591787387,0.13704476592512743,0.13704476591787387,0.1370447659117599,0.13602973248194453,0.13602973248611056,0.13602973249015177,0.13602973248611056,0.13602973248194453,0.13602973248611056,0.13602973249418984,0.13602973250489692,0.13602973249418984,0.13602973248611056,0.13602973249015177,0.13602973250489692,0.13602973253443082,0.13602973250489692,0.13602973249015177,0.13602973248611056,0.13602973249418984,0.13602973250489692,0.13602973249418984,0.13602973248611056,0.13602973248194453,0.13602973248611056,0.13602973249015177,0.13602973248611056,0.13602973248194453,0.13503425195672591,0.13503425195931332,0.13503425196143978,0.13503425195931332,0.13503425195672591,0.13503425195931332,0.13503425196345073,0.1350342519675318,0.13503425196345073,0.13503425195931332,0.13503425196143978,0.1350342519675318,0.13503425197492125,0.1350342519675318,0.13503425196143978,0.13503425195931332,0.13503425196345073,0.1350342519675318,0.13503425196345073,0.13503425195931332,0.13503425195672591,0.13503425195931332,0.13503425196143978,0.13503425195931332,0.13503425195672591
0.1653324877826477,0.16533248778264723,0.16533248778264678,0.16533248778264723,0.1653324877826477,0.16533248778264723,0.1653324877826465,0.16533248778264628,0.1653324877826465,0.16533248778264723,0.16533248778264678,0.16533248778264628,0.1653324877826458,0.16533248778264628,0.16533248778264678,0.16533248778264723,0.1653324877826465,0.16533248778264628,0.1653324877826465,0.16533248778264723,0.1653324877826477,0.16533248778264723,0.16533248778264678,0.16533248778264723,0.1653324877826477,0.16375749406397175,0.16375749406397033,0.16375749406396942,0.16375749406397033,0.16375749406397175,0.16375749406397033,0.16375749406396875,0.1637574940639678,0.16375749406396875,0.16375749406397033,0.16375749406396942,0.1637574940639678,0.16375749406396686,0.1637574940639678,0.16375749406396942,0.16375749406397033,0.16375749406396875,0.1637574940639678,0.16375749406396875,0.16375749406397033,0.16375749406397175,0.16375749406397033,0.16375749406396942,0.16375749406397033,0.16375749406397175,0.16221388427724504,0.16221388427724073,0.16221388427723799,0.16221388427724073,0.16221388427724504,0.16221388427724073,0.16221388427723615,0.1622138842772332,0.16221388427723615,0.16221388427724073,0.16221388427723799,0.1622138842772332,0.16221388427723005,0.1622138842772332,0.16221388427723799,0.16221388427724073,0.16221388427723615,0.1622138842772332,0.16221388427723593,0.16221388427724073,0.16221388427724504,0.16221388427724073,0.16221388427723799,0.16221388427724073,0.16221388427724504,0.16070106737951495,0.16070106737950185,0.16070106737949338,0.16070106737950185,0.16070106737951495,0.16070106737950185,0.1607010673794874,0.16070106737947829,0.1607010673794874,0.16070106737950185,0.16070106737949338,0.16070106737947829,0.1607010673794683,0.16070106737947829,0.16070106737949338,0.16070106737950185,0.1607010673794874,0.16070106737947829,0.1607010673794874,0.16070106737950185,0.16070106737951495,0.16070106737950185,0.16070106737949338,0.16070106737950185,0.16070106737951495,0.15921845174577873,0.15921845174573912,0.15921845174571342,0.15921845174573912,0.15921845174577873,0.15921845174573912,0.15921845174569407,0.15921845174566443,0.15921845174569407,0.15921845174573912,0.15921845174571342,0.15921845174566443,0.15921845174563112,0.15921845174566443,0.15921845174571342,0.15921845174573912,0.15921845174569407,0.15921845174566443,0.15921845174569407,0.15921845174573912,0.15921845174577873,0.15921845174573912,0.15921845174571342,0.15921845174573912,0.15921845174577873,0.1577654465208577,0.15776544652074162,0.15776544652066374,0.15776544652074162,0.1577654465208577,0.15776544652074162,0.15776544652060165,0.15776544652050412,0.15776544652060165,0.15776544652074162,0.15776544652066374,0.15776544652050412,0.15776544652038782,0.15776544652050412,0.15776544652066374,0.15776544652074162,0.15776544652060165,0.15776544652050412,0.15776544652060165,0.15776544652074162,0.1577654465208577,0.15776544652074162,0.15776544652066374,0.15776544652074162,0.1577654465208577,0.15634146283379008,0.15634146283346012,0.15634146283322783,0.15634146283346012,0.15634146283379008,0.15634146283346012,0.15634146283303083,0.15634146283270445,0.15634146283303083,0.15634146283346012,0.15634146283322783,0.15634146283270445,0.1563414628322856,0.15634146283270445,0.15634146283322783,0.15634146283346012,0.15634146283303083,0.15634146283270445,0.15634146283303083,0.15634146283346012,0.15634146283379008,0.15634146283346012,0.15634146283322783,0.15634146283346012,0.15634146283379008,0.15494591488507184,0.1549459148841837,0.1549459148835119,0.1549459148841837,0.15494591488507184,0.1549459148841837,0.15494591488290368,0.1549459148818114,0.15494591488290368,0.1549459148841837,0.1549459148835119,0.1549459148818114,0.15494591488018689,0.1549459148818114,0.1549459148835119,0.1549459148841837,0.15494591488290368,0.1549459148818114,0.15494591488290368,0.1549459148841837,0.15494591488507184,0.1549459148841837,0.1549459148835119,0.1549459148841837,0.15494591488507184,0.15357822091659612,0.15357822091440113,0.15357822091255055,0.15357822091440113,0.15357822091659612,0.15357822091440113,0.1535782209107789,0.15357822090706594,0.1535782209107789,0.15357822091440113,0.15357822091255055,0.15357822090706594,0.15357822090006112,0.15357822090706594,0.15357822091255055,0.15357822091440113,0.1535782209107789,0.15357822090706594,0.1535782209107789,0.15357822091440113,0.15357822091659612,0.15357822091440113,0.15357822091255055,0.15357822091440113,0.15357822091659612,0.15223780407360302,0.15223780406892728,0.1522378040643297,0.15223780406892728,0.15223780407360302,0.15223780406892728,0.15223780405970438,0.15223780404736018,0.15223780405970438,0.15223780406892728,0.1522378040643297,0.15223780404736018,0.15223780401321288,0.15223780404736018,0.1522378040643297,0.15223780406892728,0.15223780405970438,0.15223780404736018,0.15223780405970438,0.15223780406892728,0.15223780407360302,0.15223780406892728,0.1522378040643297,0.15223780406892728,0.15223780407360302,0.15092409316689095,0.15092409315947994,0.1509240931506708,0.15092409315947994,0.15092409316689095,0.15092409315947994,0.15092409314155497,0.15092409310661253,0.15092409314155497,0.15092409315947994,0.1509240931506708,0.15092409310661253,0.15092409291834388,0.15092409310661253,0.1509240931506708,0.15092409315947994,0.15092409314155497,0.15092409310661253,0.15092409314155497,0.15092409315947994,0.15092409316689095,0.15092409315947994,0.1509240931506708,0.15092409315947994,0.15092409316689095,0.14963652334053656,0.1496365233350049,0.1496365233292844,0.1496365233350049,0.14963652334053656,0.1496365233350049,0.14963652332346966,0.14963652330629199,0.14963652332346966,0.1496365233350049,0.1496365233292844,0.14963652330629199,0.14963652324537713,0.14963652330629199,0.1496365233292844,0.1496365233350049,0.14963652332346966,0.14963652330629199,0.14963652332346966,0.1496365233350049,0.14963652334053656,0.1496365233350049,0.1496365233292844,0.1496365233350049,0.14963652334053656,0.14837453664725184,0.14837453664430714,0.14837453664153646,0.14837453664430714,0.14837453664725184,0.14837453664430714,0.14837453663879097,0.14837453663157257,0.14837453663879097,0.14837453664430714,0.14837453664153646,0.14837453663157257,0.14837453660795524,0.14837453663157257,0.14837453664153646,0.14837453664430714,0.14837453663879097,0.14837453663157257,0.14837453663879097,0.14837453664430714,0.14837453664725184,0.14837453664430714,0.14837453664153646,0.14837453664430714,0.14837453664725184,0.1471375825646718,0.14713758256378276,0.14713758256305032,0.14713758256378276,0.1471375825646718,0.14713758256378276,0.14713758256236167,0.14713758256086626,0.14713758256236167,0.14713758256378276,0.14713758256305032,0.14713758256086626,0.14713758255707654,0.14713758256086626,0.14713758256305032,0.14713758256378276,0.14713758256236167,0.14713758256086626,0.14713758256236167,0.14713758256378295,0.1471375825646718,0.14713758256378276,0.14713758256305032,0.14713758256378295,0.1471375825646718,0.14592511843572517,0.145925118436389,0.1459251184371586,0.145925118436389,0.14592511843572517,0.145925118436389,0.14592511843796485,0.1459251184406889,0.14592511843796485,0.145925118436389,0.1459251184371586,0.1459251184406889,0.14592511845264322,0.1459251184406889,0.1459251184371586,0.145925118436389,0.14592511843796485,0.1459251184406889,0.14592511843796485,0.145925118436389,0.14592511843572517,0.145925118436389,0.1459251184371586,0.145925118436389,0.14592511843572517,0.14473660984203945,0.144736609843912,0.14473660984588424,0.144736609843912,0.14473660984203945,0.144736609843912,0.14473660984789125,0.1447366098542239,0.14473660984789125,0.144736609843912,0.14473660984588424,0.1447366098542239,0.1447366098808094,0.1447366098542239,0.14473660984588424,0.144736609843912,0.14473660984789125,0.1447366098542239,0.14473660984789125,0.144736609843912,0.14473660984203945,0.144736609843912,0.14473660984588424,0.144736609843912,0.14473660984203945,0.14357153091839556,0.14357153092114897,0.14357153092401526,0.14357153092114897,0.14357153091839556,0.14357153092114897,0.14357153092691835,0.14357153093600666,0.14357153092691835,0.14357153092114897,0.14357153092401526,0.14357153093600666,0.14357153097391212,0.14357153093600666,0.14357153092401526,0.14357153092114897,0.14357153092691835,0.14357153093600666,0.14357153092691835,0.14357153092114897,0.14357153091839556,0.14357153092114897,0.14357153092401526,0.14357153092114897,0.14357153091839556,0.14242936461407954,0.14242936461733913,0.14242936462072353,0.14242936461733913,0.14242936461407954,0.14242936461733913,0.14242936462414552,0.14242936463485378,0.14242936462414552,0.14242936461733913,0.14242936462072353,0.14242936463485378,0.14242936467944867,0.14242936463485378,0.14242936462072353,0.14242936461733913,0.14242936462414552,0.14242936463485378,0.14242936462414552,0.14242936461733913,0.14242936461407954,0.14242936461733913,0.14242936462072353,0.14242936461733913,0.14242936461407954,0.14130960290586408,0.1413096029092136,0.14130960291268022,0.1413096029092136,0.14130960290586408,0.1413096029092136,0.14130960291617314,0.1413096029272369,0.14130960291617314,0.1413096029092136,0.14130960291268022,0.1413096029272369,0.14130960297465192,0.1413096029272369,0.14130960291268022,0.1413096029092136,0.14130960291617314,0.1413096029272369,0.14130960291617314,0.1413096029092136,0.14130960290586408,0.1413096029092136,0.14130960291268022,0.1413096029092136,0.14130960290586408,0.14021174696701716,0.14021174697006933,0.14021174697305722,0.14021174697006933,0.14021174696701716,0.14021174697006933,0.14021174697602024,0.140211746984843,0.14021174697602024,0.14021174697006933,0.14021174697305722,0.140211746984843,0.14021174702106412,0.140211746984843,0.14021174697305722,0.14021174697006933,0.14021174697602024,0.140211746984843,0.14021174697602024,0.14021174697006933,0.14021174696701716,0.14021174697006933,0.14021174697305722,0.14021174697006933,0.14021174696701716,0.13913530729637877,0.13913530729935758,0.13913530730194099,0.13913530729935758,0.13913530729637877,0.13913530729935758,0.13913530730443852,0.13913530730996201,0.13913530730443852,0.13913530729935758,0.13913530730194099,0.13913530730996201,0.13913530732178278,0.13913530730996201,0.13913530730194099,0.13913530729935758,0.13913530730443852,0.13913530730996201,0.13913530730443852,0.13913530729935758,0.13913530729637877,0.13913530729935758,0.13913530730194099,0.13913530729935758,0.13913530729637877,0.13807980381031756,0.13807980381453827,0.13807980381860405,0.13807980381453827,0.13807980381031756,0.13807980381453827,0.13807980382266524,0.13807980383324914,0.13807980382266524,0.13807980381453827,0.13807980381860405,0.13807980383324914,0.1380798038617541,0.13807980383324914,0.13807980381860405,0.13807980381453827,0.13807980382266524,0.13807980383324914,0.13807980382266524,0.13807980381453827,0.13807980381031756,0.13807980381453827,0.13807980381860405,0.13807980381453827,0.13807980381031756,0.1370447659013175,0.13704476590728143,0.1370447659143563,0.13704476590728143,0.1370447659013175,0.13704476590728143,0.13704476592165393,0.13704476594998125,0.13704476592165393,0.13704476590728143,0.1370447659143563,0.13704476594998125,0.13704476610554725,0.13704476594998125,0.1370447659143563,0.13704476590728143,0.13704476592165393,0.13704476594998125,0.13704476592165393,0.13704476590728143,0.1370447659013175,0.13704476590728143,0.1370447659143563,0.13704476590728143,0.1370447659013175,0.13602973247137898,0.1360297324754423,0.13602973247938377,0.1360297324754423,0.13602973247137898,0.1360297324754423,0.13602973248332226,0.13602973249376446,0.13602973248332226,0.1360297324754423,0.13602973247938377,0.13602973249376446,0.13602973252256734,0.13602973249376446,0.13602973247938377,0.1360297324754423,0.13602973248332226,0.13602973249376446,0.13602973248332226,0.1360297324754423,0.13602973247137898,0.1360297324754423,0.13602973247938377,0.1360297324754423,0.13602973247137898,0.13503425194623794,0.1350342519487616,0.13503425195083543,0.1350342519487616,0.13503425194623794,0.1350342519487616,0.13503425195279678,0.13503425195677696,0.13503425195279678,0.1350342519487616,0.13503425195083543,0.13503425195677696,0.13503425196398364,0.13503425195677696,0.13503425195083543,0.1350342519487616,0.13503425195279678,0.13503425195677696,0.13503425195279678,0.1350342519487616,0.13503425194623794,0.1350342519487616,0.13503425195083543,0.1350342519487616,0.13503425194623794
0.1653324877916695,0.16533248779166881,0.16533248779166854,0.16533248779166881,0.1653324877916695,0.16533248779166881,0.16533248779166831,0.16533248779166784,0.16533248779166831,0.16533248779166881,0.16533248779166854,0.16533248779166784,0.16533248779166762,0.16533248779166784,0.16533248779166854,0.16533248779166881,0.16533248779166831,0.16533248779166784,0.16533248779166831,0.16533248779166881,0.1653324877916695,0.16533248779166881,0.16533248779166854,0.16533248779166881,0.1653324877916695,0.16375749407281506,0.16375749407281368,0.16375749407281273,0.16375749407281368,0.16375749407281506,0.16375749407281368,0.1637574940728123,0.16375749407281134,0.1637574940728123,0.16375749407281368,0.16375749407281273,0.16375749407281134,0.1637574940728104,0.16375749407281134,0.16375749407281273,0.16375749407281368,0.1637574940728123,0.16375749407281134,0.1637574940728123,0.16375749407281368,0.16375749407281506,0.16375749407281368,0.16375749407281273,0.16375749407281368,0.16375749407281506,0.16221388428591405,0.16221388428590996,0.16221388428590747,0.16221388428590996,0.16221388428591405,0.16221388428590996,0.16221388428590588,0.16221388428590316,0.16221388428590588,0.1622138842859102,0.16221388428590747,0.16221388428590316,0.16221388428590022,0.16221388428590316,0.16221388428590747,0.16221388428590996,0.16221388428590588,0.16221388428590316,0.16221388428590588,0.16221388428590996,0.16221388428591405,0.1622138842859102,0.16221388428590747,0.16221388428590996,0.16221388428591405,0.16070106738801385,0.16070106738800163,0.16070106738799386,0.16070106738800163,0.16070106738801385,0.16070106738800163,0.16070106738798806,0.16070106738797965,0.16070106738798806,0.16070106738800163,0.16070106738799386,0.16070106738797965,0.1607010673879703,0.16070106738797965,0.16070106738799386,0.16070106738800163,0.16070106738798806,0.16070106738797965,0.16070106738798806,0.16070106738800163,0.16070106738801385,0.16070106738800163,0.16070106738799386,0.16070106738800163,0.16070106738801385,0.15921845175410967,0.1592184517540729,0.15921845175404892,0.1592184517540729,0.15921845175410967,0.1592184517540729,0.15921845175403107,0.15921845175400345,0.15921845175403107,0.1592184517540729,0.15921845175404892,0.15921845175400345,0.15921845175397273,0.15921845175400345,0.15921845175404892,0.1592184517540729,0.15921845175403107,0.15921845175400345,0.15921845175403107,0.1592184517540729,0.15921845175410967,0.1592184517540729,0.15921845175404892,0.1592184517540729,0.15921845175410967,0.15776544652901967,0.15776544652891147,0.15776544652883914,0.15776544652891147,0.15776544652901967,0.15776544652891147,0.15776544652878152,0.15776544652869087,0.15776544652878152,0.15776544652891147,0.15776544652883914,0.15776544652869087,0.15776544652858332,0.15776544652869087,0.15776544652883914,0.15776544652891147,0.15776544652878152,0.15776544652869087,0.15776544652878152,0.15776544652891147,0.15776544652901967,0.15776544652891147,0.15776544652883914,0.15776544652891147,0.15776544652901967,0.15634146284177025,0.15634146284146286,0.15634146284124684,0.15634146284146286,0.15634146284177025,0.15634146284146286,0.15634146284106387,0.1563414628407609,0.15634146284106387,0.15634146284146286,0.15634146284124684,0.1563414628407609,0.15634146284037234,0.1563414628407609,0.15634146284124684,0.15634146284146286,0.15634146284106387,0.1563414628407609,0.15634146284106387,0.15634146284146286,0.15634146284177025,0.15634146284146286,0.15634146284124684,0.15634146284146286,0.15634146284177025,0.15494591489282689,0.15494591489199896,0.15494591489137371,0.15494591489199916,0.15494591489282689,0.15494591489199896,0.1549459148908085,0.1549459148897939,0.1549459148908085,0.15494591489199916,0.15494591489137371,0.1549459148897939,0.15494591488828785,0.1549459148897939,0.15494591489137371,0.15494591489199916,0.1549459148908085,0.1549459148897939,0.1549459148908085,0.15494591489199916,0.15494591489282689,0.15494591489199916,0.15494591489137371,0.15494591489199916,0.15494591489282689,0.15357822092400425,0.15357822092195483,0.15357822092023038,0.15357822092195483,0.15357822092400425,0.15357822092195483,0.15357822091858167,0.1535782209151338,0.15357822091858167,0.15357822092195483,0.15357822092023038,0.1535782209151338,0.15357822090864856,0.1535782209151338,0.15357822092023038,0.15357822092195483,0.15357822091858167,0.1535782209151338,0.15357822091858167,0.15357822092195483,0.15357822092400425,0.15357822092195483,0.15357822092023038,0.15357822092195483,0.15357822092400425,0.15223780408036344,0.1522378040759832,0.1522378040716911,0.1522378040759832,0.15223780408036344,0.1522378040759832,0.15223780406737758,0.15223780405591267,0.15223780406737758,0.1522378040759832,0.1522378040716911,0.15223780405591267,0.15223780402433865,0.15223780405591267,0.1522378040716911,0.1522378040759832,0.15223780406737758,0.15223780405591267,0.15223780406737758,0.1522378040759832,0.15223780408036344,0.1522378040759832,0.1522378040716911,0.1522378040759832,0.15223780408036344,0.15092409317238742,0.1509240931653862,0.15092409315711397,0.1509240931653862,0.15092409317238742,0.1509240931653862,0.15092409314856162,0.1509240931160334,0.15092409314856162,0.1509240931653862,0.15092409315711397,0.1509240931160334,0.1509240929421228,0.1509240931160334,0.15092409315711397,0.1509240931653862,0.15092409314856162,0.1509240931160334,0.15092409314856162,0.1509240931653862,0.15092409317238742,0.1509240931653862,0.15092409315711397,0.1509240931653862,0.15092409317238742,0.14963652334390642,0.14963652333847802,0.1496365233328299,0.14963652333847802,0.14963652334390642,0.14963652333847802,0.14963652332708458,0.14963652330985697,0.14963652332708458,0.14963652333847802,0.1496365233328299,0.14963652330985697,0.14963652324666118,0.14963652330985697,0.1496365233328299,0.14963652333847802,0.14963652332708458,0.14963652330985697,0.14963652332708458,0.14963652333847802,0.14963652334390642,0.14963652333847802,0.1496365233328299,0.14963652333847802,0.14963652334390642,0.1483745366482528,0.14837453664519967,0.14837453664227518,0.14837453664519967,0.1483745366482528,0.14837453664519967,0.14837453663936476,0.14837453663145692,0.14837453663936476,0.14837453664519967,0.14837453664227518,0.14837453663145692,0.14837453660420935,0.14837453663145692,0.14837453664227518,0.14837453664519967,0.14837453663936476,0.14837453663145692,0.14837453663936476,0.14837453664519967,0.1483745366482528,0.14837453664519967,0.14837453664227518,0.14837453664519967,0.1483745366482528,0.14713758256349593,0.14713758256243523,0.14713758256150877,0.14713758256243523,0.14713758256349593,0.14713758256243523,0.14713758256061918,0.14713758255845333,0.14713758256061918,0.14713758256243523,0.14713758256150877,0.14713758255845333,0.14713758255179796,0.14713758255845333,0.14713758256150877,0.14713758256243523,0.14713758256061918,0.14713758255845333,0.14713758256061918,0.14713758256243523,0.14713758256349593,0.14713758256243523,0.14713758256150877,0.14713758256243523,0.14713758256349593,0.14592511843269612,0.14592511843320005,0.14592511843380387,0.14592511843320005,0.14592511843269612,0.14592511843320005,0.14592511843444186,0.14592511843665165,0.14592511843444186,0.14592511843320005,0.14592511843380387,0.14592511843665165,0.14592511844653455,0.14592511843665165,0.14592511843380387,0.14592511843320005,0.14592511843444186,0.14592511843665165,0.14592511843444186,0.14592511843320005,0.14592511843269612,0.14592511843320005,0.14592511843380387,0.14592511843320005,0.14592511843269612,0.14473660983745995,0.1447366098392051,0.14473660984105166,0.1447366098392051,0.14473660983745995,0.1447366098392051,0.144736609842933,0.14473660984890013,0.144736609842933,0.1447366098392051,0.14473660984105166,0.14473660984890013,0.1447366098740999,0.14473660984890013,0.14473660984105166,0.1447366098392051,0.144736609842933,0.14473660984890013,0.144736609842933,0.1447366098392051,0.14473660983745995,0.1447366098392051,0.14473660984105166,0.1447366098392051,0.14473660983745995,0.14357153091250432,0.14357153091515845,0.1435715309179288,0.14357153091515845,0.14357153091250432,0.14357153091515845,0.14357153092073674,0.1435715309295535,0.14357153092073674,0.14357153091515845,0.1435715309179288,0.1435715309295535,0.14357153096647554,0.1435715309295535,0.1435715309179288,0.14357153091515845,0.14357153092073674,0.1435715309295535,0.14357153092073674,0.14357153091515845,0.14357153091250432,0.14357153091515845,0.1435715309179288,0.14357153091515845,0.14357153091250432,0.14242936460705896,0.14242936461023703,0.14242936461354191,0.14242936461023703,0.14242936460705896,0.14242936461023703,0.1424293646168852,0.14242936462736416,0.1424293646168852,0.14242936461023703,0.14242936461354191,0.14242936462736416,0.14242936467108352,0.14242936462736416,0.14242936461354191,0.14242936461023703,0.1424293646168852,0.14242936462736416,0.1424293646168852,0.14242936461023703,0.14242936460705896,0.14242936461023703,0.14242936461354191,0.14242936461023703,0.14242936460705896,0.141309602897862,0.14130960290114047,0.1413096029045372,0.14130960290114047,0.141309602897862,0.14130960290114047,0.14130960290796105,0.14130960291881875,0.14130960290796105,0.14130960290114047,0.1413096029045372,0.14130960291881875,0.1413096029654007,0.14130960291881875,0.1413096029045372,0.14130960290114047,0.14130960290796105,0.14130960291881875,0.14130960290796105,0.14130960290114047,0.141309602897862,0.14130960290114047,0.1413096029045372,0.14130960290114047,0.141309602897862,0.14021174695816083,0.1402117469611482,0.14021174696407365,0.1402117469611482,0.14021174695816083,0.1402117469611482,0.1402117469669757,0.14021174697561933,0.1402117469669757,0.1402117469611482,0.14021174696407365,0.14021174697561933,0.14021174701111627,0.14021174697561933,0.14021174696407365,0.1402117469611482,0.1402117469669757,0.14021174697561933,0.1402117469669757,0.1402117469611482,0.14021174695816083,0.1402117469611482,0.14021174696407365,0.1402117469611482,0.14021174695816083,0.13913530728678408,0.13913530728969412,0.13913530729221804,0.13913530728969412,0.13913530728678408,0.13913530728969412,0.1391353072946585,0.1391353073000563,0.1391353072946585,0.13913530728969412,0.13913530729221804,0.1391353073000563,0.13913530731161078,0.1391353073000563,0.13913530729221804,0.13913530728969412,0.1391353072946585,0.1391353073000563,0.1391353072946585,0.13913530728969412,0.13913530728678408,0.13913530728969412,0.13913530729221804,0.13913530728969412,0.13913530728678408,0.13807980380010904,0.13807980380422552,0.1380798038081904,0.13807980380422552,0.13807980380010904,0.13807980380422552,0.1380798038121508,0.1380798038224702,0.1380798038121508,0.13807980380422552,0.1380798038081904,0.1380798038224702,0.1380798038502586,0.1380798038224702,0.1380798038081904,0.13807980380422552,0.1380798038121508,0.1380798038224702,0.1380798038121508,0.13807980380422552,0.13807980380010904,0.13807980380422552,0.1380798038081904,0.13807980380422552,0.13807980380010904,0.13704476589069356,0.13704476589650727,0.13704476590340317,0.13704476589650727,0.13704476589069356,0.13704476589650727,0.1370447659105164,0.13704476593812565,0.1370447659105164,0.13704476589650727,0.13704476590340317,0.13704476593812565,0.13704476608975102,0.13704476593812565,0.13704476590340317,0.13704476589650727,0.1370447659105164,0.13704476593812565,0.1370447659105164,0.13704476589650727,0.13704476589069356,0.13704476589650727,0.13704476590340317,0.13704476589650727,0.13704476589069356,0.1360297324606353,0.136029732464596,0.13602973246843758,0.136029732464596,0.1360297324606353,0.136029732464596,0.13602973247227632,0.1360297324824537,0.13602973247227632,0.136029732464596,0.13602973246843758,0.1360297324824537,0.13602973251052553,0.1360297324824537,0.13602973246843758,0.136029732464596,0.13602973247227632,0.1360297324824537,0.13602973247227632,0.136029732464596,0.1360297324606353,0.136029732464596,0.13602973246843758,0.136029732464596,0.1360297324606353,0.13503425193557556,0.13503425193803528,0.13503425194005658,0.13503425193803528,0.13503425193557556,0.13503425193803528,0.13503425194196808,0.13503425194584737,0.13503425194196808,0.13503425193803528,0.13503425194005658,0.13503425194584737,0.13503425195287105,0.13503425194584737,0.13503425194005658,0.13503425193803528,0.13503425194196808,0.13503425194584737,0.13503425194196808,0.13503425193803528,0.13503425193557556,0.13503425193803528,0.13503425194005658,0.13503425193803528,0.13503425193557556
0.16533248780087773,0.16533248780087706,0.1653324878008768,0.16533248780087706,0.16533248780087773,0.16533248780087706,0.16533248780087653,0.1653324878008763,0.16533248780087653,0.16533248780087706,0.1653324878008768,0.1653324878008763,0.16533248780087584,0.1653324878008763,0.1653324878008768,0.16533248780087706,0.16533248780087653,0.1653324878008763,0.16533248780087653,0.16533248780087706,0.16533248780087773,0.16533248780087706,0.1653324878008768,0.16533248780087706,0.16533248780087773,0.16375749408184107,0.16375749408183993,0.16375749408183923,0.16375749408183993,0.16375749408184107,0.16375749408183993,0.16375749408183854,0.16375749408183785,0.16375749408183854,0.16375749408183993,0.16375749408183923,0.16375749408183785,0.16375749408183693,0.16375749408183785,0.16375749408183923,0.16375749408183993,0.16375749408183854,0.16375749408183785,0.16375749408183854,0.16375749408183993,0.16375749408184107,0.16375749408183993,0.16375749408183923,0.16375749408183993,0.16375749408184107,0.16221388429476263,0.16221388429475875,0.1622138842947565,0.16221388429475875,0.16221388429476263,0.16221388429475875,0.16221388429475492,0.1622138842947524,0.16221388429475492,0.16221388429475875,0.1622138842947565,0.1622138842947524,0.1622138842947497,0.1622138842947524,0.1622138842947565,0.16221388429475875,0.16221388429475492,0.1622138842947524,0.16221388429475492,0.16221388429475875,0.16221388429476263,0.16221388429475875,0.1622138842947565,0.16221388429475875,0.16221388429476263,0.16070106739668827,0.16070106739667692,0.16070106739666984,0.16070106739667692,0.16070106739668827,0.16070106739667692,0.1607010673966647,0.1607010673966567,0.1607010673966647,0.16070106739667692,0.16070106739666984,0.1607010673966567,0.16070106739664827,0.1607010673966567,0.16070106739666984,0.16070106739667692,0.1607010673966647,0.1607010673966567,0.1607010673966647,0.16070106739667692,0.16070106739668827,0.16070106739667692,0.16070106739666984,0.16070106739667692,0.16070106739668827,0.15921845176261284,0.15921845176257887,0.15921845176255686,0.15921845176257887,0.15921845176261284,0.15921845176257887,0.15921845176254032,0.15921845176251484,0.15921845176254032,0.15921845176257887,0.15921845176255686,0.15921845176251484,0.15921845176248656,0.15921845176251484,0.15921845176255686,0.15921845176257887,0.15921845176254032,0.15921845176251484,0.15921845176254032,0.15921845176257887,0.15921845176261284,0.15921845176257887,0.15921845176255686,0.15921845176257887,0.15921845176261284,0.15776544653734997,0.15776544653725014,0.15776544653718336,0.15776544653725014,0.15776544653734997,0.15776544653725014,0.1577654465371302,0.1577654465370468,0.1577654465371302,0.15776544653725014,0.15776544653718336,0.1577654465370468,0.157765446536948,0.1577654465370468,0.15776544653718336,0.15776544653725014,0.1577654465371302,0.1577654465370468,0.1577654465371302,0.15776544653725014,0.15776544653734997,0.15776544653725014,0.15776544653718336,0.15776544653725014,0.15776544653734997,0.15634146284991493,0.156341462849631,0.1563414628494315,0.156341462849631,0.15634146284991493,0.156341462849631,0.15634146284926295,0.1563414628489838,0.15634146284926295,0.156341462849631,0.1563414628494315,0.1563414628489838,0.15634146284862602,0.1563414628489838,0.1563414628494315,0.156341462849631,0.15634146284926295,0.1563414628489838,0.15634146284926295,0.156341462849631,0.15634146284991493,0.156341462849631,0.1563414628494315,0.156341462849631,0.15634146284991493,0.15494591490074158,0.15494591489997553,0.15494591489939763,0.15494591489997553,0.15494591490074158,0.15494591489997553,0.15494591489887646,0.15494591489794138,0.15494591489887646,0.15494591489997553,0.15494591489939763,0.15494591489794138,0.15494591489655687,0.15494591489794138,0.15494591489939763,0.15494591489997553,0.15494591489887646,0.15494591489794138,0.15494591489887646,0.15494591489997553,0.15494591490074158,0.15494591489997553,0.15494591489939763,0.15494591489997553,0.15494591490074158,0.15357822093156376,0.15357822092966336,0.1535782209280685,0.15357822092966336,0.15357822093156376,0.15357822092966336,0.1535782209265451,0.15357822092336915,0.1535782209265451,0.15357822092966336,0.1535782209280685,0.15357822092336915,0.15357822091741596,0.15357822092336915,0.1535782209280685,0.15357822092966336,0.1535782209265451,0.15357822092336915,0.1535782209265451,0.15357822092966336,0.15357822093156376,0.15357822092966336,0.1535782209280685,0.15357822092966336,0.15357822093156376,0.15223780408725993,0.1522378040831822,0.1522378040792031,0.1522378040831822,0.15223780408725993,0.1522378040831822,0.15223780407520882,0.15223780406464443,0.15223780407520882,0.1522378040831822,0.1522378040792031,0.15223780406464443,0.15223780403570533,0.15223780406464443,0.1522378040792031,0.1522378040831822,0.15223780407520882,0.15223780406464443,0.15223780407520882,0.1522378040831822,0.15223780408725993,0.1522378040831822,0.1522378040792031,0.1522378040831822,0.15223780408725993,0.15092409317799002,0.15092409317140837,0.15092409316368596,0.15092409317140837,0.15092409317799002,0.15092409317140837,0.15092409315571065,0.1509240931256547,0.15092409315571065,0.15092409317140837,0.15092409316368596,0.1509240931256547,0.15092409296649034,0.1509240931256547,0.15092409316368596,0.15092409317140837,0.15092409315571065,0.1509240931256547,0.15092409315571065,0.15092409317140837,0.15092409317799002,0.15092409317140837,0.15092409316368596,0.15092409317140837,0.15092409317799002,0.1496365233473315,0.14963652334200897,0.14963652333643496,0.14963652334200897,0.1496365233473315,0.14963652334200897,0.14963652333076058,0.14963652331348207,0.14963652333076058,0.14963652334200897,0.14963652333643496,0.14963652331348207,0.14963652324793486,0.14963652331348207,0.14963652333643496,0.14963652334200897,0.14963652333076058,0.14963652331348207,0.14963652333076058,0.14963652334200897,0.1496365233473315,0.14963652334200897,0.14963652333643496,0.14963652334200897,0.1496365233473315,0.14837453664925285,0.14837453664608816,0.14837453664300593,0.14837453664608816,0.14837453664925285,0.14837453664608816,0.1483745366399261,0.14837453663131142,0.1483745366399261,0.14837453664608816,0.14837453664300593,0.14837453663131142,0.14837453660034633,0.14837453663131142,0.14837453664300593,0.14837453664608816,0.1483745366399261,0.14837453663131142,0.1483745366399261,0.148374536646088,0.14837453664925285,0.14837453664608816,0.14837453664300593,0.148374536646088,0.14837453664925285,0.14713758256226755,0.14713758256103046,0.14713758255990492,0.14713758256103046,0.14713758256226755,0.14713758256103046,0.14713758255880863,0.14713758255595447,0.14713758255880863,0.14713758256103046,0.14713758255990492,0.14713758255595447,0.1471375825463328,0.14713758255595447,0.14713758255990492,0.14713758256103046,0.14713758255880863,0.14713758255595447,0.14713758255880863,0.14713758256103046,0.14713758256226755,0.14713758256103046,0.14713758255990492,0.14713758256103046,0.14713758256226755,0.14592511842957287,0.1459251184299119,0.14592511843034514,0.1459251184299119,0.14592511842957287,0.1459251184299119,0.1459251184308097,0.14592511843248976,0.1459251184308097,0.1459251184299119,0.14592511843034514,0.14592511843248976,0.14592511844024658,0.14592511843248976,0.14592511843034514,0.1459251184299119,0.1459251184308097,0.14592511843248976,0.1459251184308097,0.1459251184299119,0.14592511842957287,0.1459251184299119,0.14592511843034514,0.1459251184299119,0.14592511842957287,0.14473660983275377,0.14473660983436729,0.14473660983608366,0.14473660983436729,0.14473660983275377,0.14473660983436729,0.14473660983783473,0.14473660984342326,0.14473660983783473,0.14473660983436729,0.14473660983608366,0.14473660984342326,0.14473660986717674,0.14473660984342326,0.14473660983608366,0.14473660983436729,0.14473660983783473,0.14473660984342326,0.14473660983783473,0.14473660983436729,0.14473660983275377,0.14473660983436729,0.14473660983608366,0.14473660983436729,0.14473660983275377,0.14357153090646216,0.14357153090901328,0.14357153091168368,0.14357153090901328,0.14357153090646216,0.14357153090901328,0.14357153091439256,0.14357153092292613,0.14357153091439256,0.14357153090901328,0.14357153091168368,0.14357153092292613,0.1435715309587695,0.14357153092292613,0.14357153091168368,0.14357153090901328,0.14357153091439256,0.14357153092292613,0.14357153091439256,0.14357153090901328,0.14357153090646216,0.14357153090901328,0.14357153091168368,0.14357153090901328,0.14357153090646216,0.14242936459987113,0.1424293646029643,0.14242936460618616,0.1424293646029643,0.14242936459987113,0.1424293646029643,0.14242936460944708,0.14242936461968564,0.14242936460944708,0.1424293646029643,0.14242936460618616,0.14242936461968564,0.14242936466245637,0.14242936461968564,0.14242936460618616,0.1424293646029643,0.14242936460944708,0.14242936461968564,0.14242936460944708,0.1424293646029643,0.14242936459987113,0.1424293646029643,0.14242936460618616,0.1424293646029643,0.14242936459987113,0.14130960288968347,0.14130960289288774,0.14130960289621178,0.14130960289288774,0.14130960288968347,0.14130960289288774,0.14130960289956324,0.141309602910205,0.14130960289956324,0.14130960289288774,0.14130960289621178,0.141309602910205,0.14130960295591993,0.141309602910205,0.14130960289621178,0.14130960289288774,0.14130960289956324,0.141309602910205,0.14130960289956324,0.14130960289288774,0.14130960288968347,0.14130960289288774,0.14130960289621178,0.14130960289288774,0.14130960288968347,0.14021174694912436,0.14021174695204466,0.1402117469549061,0.14021174695204466,0.14021174694912436,0.14021174695204466,0.14021174695774494,0.14021174696620348,0.14021174695774494,0.14021174695204466,0.1402117469549061,0.14021174696620348,0.1402117470009278,0.14021174696620348,0.1402117469549061,0.14021174695204466,0.14021174695774494,0.14021174696620348,0.14021174695774494,0.14021174695204466,0.14021174694912436,0.14021174695204466,0.1402117469549061,0.14021174695204466,0.14021174694912436,0.1391353072770096,0.13913530727984977,0.13913530728231344,0.13913530727984977,0.1391353072770096,0.13913530727984977,0.13913530728469573,0.13913530728996593,0.13913530728469573,0.13913530727984977,0.13913530728231344,0.13913530728996593,0.13913530730124973,0.13913530728996593,0.13913530728231344,0.13913530727984977,0.13913530728469573,0.13913530728996593,0.13913530728469573,0.13913530727984977,0.1391353072770096,0.13913530727984977,0.13913530728231344,0.13913530727984977,0.1391353072770096,0.13807980378972295,0.13807980379373466,0.1380798037975986,0.13807980379373466,0.13807980378972295,0.13807980379373466,0.13807980380145773,0.13807980381151216,0.13807980380145773,0.13807980379373466,0.1380798037975986,0.13807980381151216,0.13807980383858318,0.13807980381151216,0.1380798037975986,0.13807980379373466,0.13807980380145773,0.13807980381151216,0.13807980380145773,0.13807980379373466,0.13807980378972295,0.13807980379373466,0.1380798037975986,0.13807980379373466,0.13807980378972295,0.13704476587989506,0.1370447658855584,0.13704476589227552,0.1370447658855584,0.13704476587989506,0.1370447658855584,0.13704476589920414,0.13704476592609563,0.13704476589920414,0.1370447658855584,0.13704476589227552,0.13704476592609563,0.13704476607376523,0.13704476592609563,0.13704476589227552,0.1370447658855584,0.13704476589920414,0.13704476592609563,0.13704476589920414,0.1370447658855584,0.13704476587989506,0.1370447658855584,0.13704476589227552,0.1370447658855584,0.13704476587989506,0.1360297324497204,0.13602973245357824,0.13602973245732006,0.13602973245357824,0.1360297324497204,0.13602973245357824,0.1360297324610589,0.13602973247097164,0.1360297324610589,0.13602973245357824,0.13602973245732006,0.13602973247097164,0.13602973249831282,0.13602973247097164,0.13602973245732006,0.13602973245357824,0.1360297324610589,0.13602973247097164,0.1360297324610589,0.13602973245357824,0.1360297324497204,0.13602973245357824,0.13602973245732006,0.13602973245357824,0.1360297324497204,0.13503425192474508,0.1350342519271409,0.1350342519291096,0.1350342519271409,0.13503425192474508,0.1350342519271409,0.1350342519309715,0.13503425193474972,0.13503425193097132,0.1350342519271409,0.1350342519291096,0.13503425193474972,0.1350342519415908,0.13503425193474972,0.1350342519291096,0.1350342519271409,0.13503425193097132,0.13503425193474972,0.13503425193097132,0.1350342519271409,0.13503425192474508,0.1350342519271409,0.1350342519291096,0.1350342519271409,0.13503425192474508
0.16533248781027027,0.16533248781026982,0.16533248781026957,0.16533248781026982,0.16533248781027027,0.16533248781026982,0.16533248781026932,0.16533248781026913,0.16533248781026932,0.16533248781026982,0.16533248781026957,0.16533248781026913,0.1653324878102686,0.16533248781026913,0.16533248781026957,0.16533248781026982,0.16533248781026932,0.16533248781026913,0.16533248781026932,0.16533248781026982,0.16533248781027027,0.16533248781026982,0.16533248781026957,0.16533248781026982,0.16533248781027027,0.16375749409104798,0.16375749409104684,0.16375749409104615,0.16375749409104684,0.16375749409104798,0.16375749409104684,0.16375749409104567,0.16375749409104498,0.16375749409104567,0.16375749409104684,0.16375749409104615,0.16375749409104498,0.1637574940910443,0.16375749409104498,0.16375749409104615,0.16375749409104684,0.16375749409104567,0.16375749409104498,0.16375749409104567,0.16375749409104684,0.16375749409104798,0.16375749409104684,0.16375749409104615,0.16375749409104684,0.16375749409104798,0.16221388430378797,0.16221388430378458,0.1622138843037823,0.16221388430378458,0.16221388430378797,0.16221388430378458,0.16221388430378095,0.16221388430377867,0.16221388430378095,0.16221388430378458,0.1622138843037823,0.16221388430377867,0.1622138843037762,0.16221388430377867,0.1622138843037823,0.16221388430378458,0.16221388430378095,0.16221388430377867,0.16221388430378095,0.16221388430378458,0.16221388430378797,0.16221388430378458,0.1622138843037823,0.16221388430378458,0.16221388430378797,0.16070106740553616,0.16070106740552573,0.1607010674055193,0.16070106740552573,0.16070106740553616,0.16070106740552573,0.16070106740551462,0.1607010674055073,0.16070106740551462,0.16070106740552573,0.1607010674055193,0.1607010674055073,0.1607010674054995,0.1607010674055073,0.1607010674055193,0.16070106740552573,0.16070106740551462,0.1607010674055073,0.16070106740551462,0.16070106740552573,0.16070106740553616,0.16070106740552573,0.1607010674055193,0.16070106740552573,0.16070106740553616,0.15921845177128555,0.15921845177125465,0.15921845177123442,0.15921845177125465,0.15921845177128555,0.15921845177125465,0.15921845177121938,0.1592184517711961,0.15921845177121938,0.15921845177125465,0.15921845177123442,0.1592184517711961,0.1592184517711704,0.1592184517711961,0.15921845177123442,0.15921845177125465,0.15921845177121938,0.1592184517711961,0.15921845177121938,0.15921845177125465,0.15921845177128555,0.15921845177125465,0.15921845177123442,0.15921845177125465,0.15921845177128555,0.1577654465458461,0.15776544654575475,0.15776544654569374,0.15776544654575475,0.1577654465458461,0.15776544654575475,0.1577654465456453,0.15776544654556934,0.1577654465456453,0.15776544654575475,0.15776544654569374,0.15776544654556934,0.15776544654547953,0.15776544654556934,0.15776544654569374,0.15776544654575475,0.1577654465456453,0.15776544654556934,0.1577654465456453,0.15776544654575475,0.1577654465458461,0.15776544654575475,0.15776544654569374,0.15776544654575475,0.1577654465458461,0.1563414628582215,0.15634146285796138,0.15634146285777886,0.15634146285796138,0.1563414628582215,0.15634146285796138,0.15634146285762493,0.15634146285737047,0.15634146285762493,0.15634146285796138,0.15634146285777886,0.15634146285737047,0.15634146285704423,0.15634146285737047,0.15634146285777886,0.15634146285796138,0.15634146285762493,0.15634146285737047,0.15634146285762493,0.15634146285796138,0.1563414628582215,0.15634146285796138,0.15634146285777886,0.15634146285796138,0.1563414628582215,0.15494591490881301,0.1549459149081101,0.15494591490758097,0.1549459149081101,0.15494591490881301,0.1549459149081101,0.1549459149071047,0.15494591490625076,0.1549459149071047,0.1549459149081101,0.15494591490758097,0.15494591490625076,0.1549459149049906,0.15494591490625076,0.15494591490758097,0.1549459149081101,0.1549459149071047,0.15494591490625076,0.1549459149071047,0.1549459149081101,0.15494591490881301,0.1549459149081101,0.15494591490758097,0.1549459149081101,0.15494591490881301,0.15357822093927212,0.15357822093752396,0.15357822093606144,0.15357822093752396,0.15357822093927212,0.15357822093752396,0.1535782209346664,0.15357822093176862,0.1535782209346664,0.15357822093752396,0.15357822093606144,0.15357822093176862,0.1535782209263597,0.15357822093176862,0.15357822093606144,0.15357822093752396,0.1535782209346664,0.15357822093176862,0.1535782209346664,0.15357822093752396,0.15357822093927212,0.15357822093752396,0.15357822093606144,0.15357822093752396,0.15357822093927212,0.15223780409429025,0.15223780409052196,0.1522378040868629,0.15223780409052196,0.15223780409429025,0.15223780409052196,0.15223780408319537,0.15223780407355222,0.15223780408319537,0.15223780409052196,0.1522378040868629,0.15223780407355222,0.1522378040473084,0.15223780407355222,0.1522378040868629,0.15223780409052196,0.15223780408319537,0.15223780407355222,0.15223780408319537,0.15223780409052196,0.15223780409429025,0.15223780409052196,0.1522378040868629,0.15223780409052196,0.15223780409429025,0.1509240931836966,0.150924093177544,0.15092409317038433,0.150924093177544,0.1509240931836966,0.150924093177544,0.15092409316299918,0.1509240931354722,0.15092409316299918,0.150924093177544,0.15092409317038433,0.1509240931354722,0.15092409299133244,0.1509240931354722,0.15092409317038433,0.150924093177544,0.15092409316299918,0.1509240931354722,0.15092409316299918,0.150924093177544,0.1509240931836966,0.150924093177544,0.15092409317038433,0.150924093177544,0.1509240931836966,0.14963652335081043,0.1496365233455959,0.1496365233400979,0.1496365233455959,0.14963652335081043,0.1496365233455959,0.1496365233344961,0.14963652331716581,0.1496365233344961,0.1496365233455959,0.1496365233400979,0.14963652331716581,0.14963652324923482,0.14963652331716581,0.1496365233400979,0.1496365233455959,0.1496365233344961,0.14963652331716581,0.1496365233344961,0.1496365233455959,0.14963652335081043,0.1496365233455959,0.1496365233400979,0.1496365233455959,0.14963652335081043,0.14837453665025085,0.14837453664697162,0.1483745366437278,0.14837453664697162,0.14837453665025085,0.14837453664697162,0.1483745366404747,0.14837453663113573,0.1483745366404747,0.14837453664697162,0.1483745366437278,0.14837453663113573,0.14837453659640695,0.14837453663113573,0.1483745366437278,0.14837453664697162,0.1483745366404747,0.14837453663113573,0.1483745366404747,0.14837453664697162,0.14837453665025085,0.14837453664697162,0.1483745366437278,0.14837453664697162,0.14837453665025085,0.14713758256098705,0.1471375825595685,0.14713758255823858,0.1471375825595685,0.14713758256098705,0.1471375825595685,0.14713758255693027,0.14713758255336962,0.14713758255693027,0.1471375825595685,0.14713758255823858,0.14713758255336962,0.1471375825406798,0.14713758255336962,0.14713758255823858,0.1471375825595685,0.14713758255693027,0.14713758255336962,0.14713758255693027,0.1471375825595685,0.14713758256098705,0.1471375825595685,0.14713758255823858,0.1471375825595685,0.14713758256098705,0.1459251184263558,0.1459251184265253,0.1459251184267828,0.1459251184265253,0.1459251184263558,0.1459251184265253,0.14592511842706896,0.14592511842820408,0.14592511842706896,0.1459251184265253,0.1459251184267828,0.14592511842820408,0.14592511843376915,0.14592511842820408,0.1459251184267828,0.1459251184265253,0.14592511842706896,0.14592511842820408,0.14592511842706896,0.1459251184265253,0.1459251184263558,0.1459251184265253,0.1459251184267828,0.1459251184265253,0.1459251184263558,0.14473660982792166,0.14473660982939907,0.14473660983098105,0.14473660982939907,0.14473660982792166,0.14473660982939907,0.1447366098325975,0.14473660983779493,0.1447366098325975,0.14473660982939907,0.14473660983098105,0.14473660983779493,0.14473660986004513,0.14473660983779493,0.14473660983098105,0.14473660982939907,0.1447366098325975,0.14473660983779493,0.1447366098325975,0.14473660982939907,0.14473660982792166,0.14473660982939907,0.14473660983098105,0.14473660982939907,0.14473660982792166,0.14357153090027058,0.1435715309027146,0.14357153090528132,0.1435715309027146,0.14357153090027058,0.1435715309027146,0.14357153090788718,0.14357153091612626,0.14357153090788718,0.1435715309027146,0.14357153090528132,0.14357153091612626,0.14357153095084663,0.14357153091612626,0.14357153090528132,0.1435715309027146,0.14357153090788718,0.14357153091612626,0.14357153090788718,0.1435715309027146,0.14357153090027058,0.1435715309027146,0.14357153090528132,0.1435715309027146,0.14357153090027058,0.14242936459251804,0.14242936459552247,0.14242936459865776,0.14242936459552247,0.14242936459251804,0.14242936459552247,0.14242936460183298,0.14242936461182043,0.14242936460183298,0.14242936459552247,0.14242936459865776,0.14242936461182043,0.14242936465360562,0.14242936461182043,0.14242936459865776,0.14242936459552247,0.14242936460183298,0.14242936461182043,0.14242936460183298,0.14242936459552247,0.14242936459251804,0.14242936459552247,0.14242936459865776,0.14242936459552247,0.14242936459251804,0.14130960288133024,0.14130960288445774,0.14130960288770575,0.14130960288445774,0.14130960288133024,0.14130960288445774,0.1413096028909819,0.14130960290139802,0.1413096028909819,0.14130960288445774,0.14130960288770575,0.14130960290139802,0.14130960294619735,0.14130960290139802,0.14130960288770575,0.14130960288445774,0.1413096028909819,0.14130960290139802,0.1413096028909819,0.14130960288445774,0.14130960288133024,0.14130960288445774,0.14130960288770575,0.14130960288445774,0.14130960288133024,0.1402117469399102,0.1402117469427615,0.14021174694555663,0.1402117469427615,0.1402117469399102,0.1402117469427615,0.14021174694833052,0.1402117469565978,0.14021174694833052,0.1402117469427615,0.14021174694555663,0.1402117469565978,0.1402117469905357,0.1402117469565978,0.14021174694555663,0.1402117469427615,0.14021174694833052,0.1402117469565978,0.14021174694833052,0.1402117469427615,0.1402117469399102,0.1402117469427615,0.14021174694555663,0.1402117469427615,0.1402117469399102,0.13913530726705786,0.13913530726982737,0.13913530727223003,0.13913530726982737,0.13913530726705786,0.13913530726982737,0.1391353072745533,0.13913530727969387,0.1391353072745533,0.13913530726982737,0.13913530727223003,0.13913530727969387,0.13913530729070256,0.13913530727969387,0.13913530727223003,0.13913530726982737,0.1391353072745533,0.13913530727969387,0.1391353072745533,0.13913530726982737,0.13913530726705786,0.13913530726982737,0.13913530727223003,0.13913530726982737,0.13913530726705786,0.13807980377916232,0.13807980378306922,0.1380798037868316,0.13807980378306922,0.13807980377916232,0.13807980378306922,0.13807980379058934,0.1380798038003785,0.13807980379058934,0.13807980378306922,0.1380798037868316,0.1380798038003785,0.13807980382673196,0.1380798038003785,0.1380798037868316,0.13807980378306922,0.13807980379058934,0.1380798038003785,0.13807980379058934,0.13807980378306922,0.13807980377916232,0.13807980378306922,0.1380798037868316,0.13807980378306922,0.13807980377916232,0.1370447658689254,0.13704476587443817,0.13704476588097667,0.13704476587443817,0.1370447658689254,0.13704476587443817,0.13704476588772074,0.1370447659138947,0.13704476588772074,0.13704476587443817,0.13704476588097667,0.1370447659138947,0.13704476605761312,0.1370447659138947,0.13704476588097667,0.13704476587443817,0.13704476588772074,0.1370447659138947,0.13704476588772074,0.13704476587443817,0.1370447658689254,0.13704476587443817,0.13704476588097667,0.13704476587443817,0.1370447658689254,0.13602973243863747,0.13602973244239255,0.13602973244603467,0.13602973244239255,0.13602973243863747,0.13602973244239255,0.1360297324496739,0.13602973245932196,0.1360297324496739,0.13602973244239255,0.13602973244603467,0.13602973245932196,0.1360297324859331,0.13602973245932196,0.13602973244603467,0.13602973244239255,0.1360297324496739,0.13602973245932196,0.1360297324496739,0.13602973244239255,0.13602973243863747,0.13602973244239255,0.13602973244603467,0.13602973244239255,0.13602973243863747,0.13503425191374996,0.13503425191608187,0.1350342519179982,0.13503425191608187,0.13503425191374996,0.13503425191608187,0.13503425191981025,0.13503425192348772,0.13503425191981025,0.13503425191608187,0.1350342519179982,0.13503425192348772,0.13503425193014595,0.13503425192348772,0.1350342519179982,0.13503425191608187,0.13503425191981025,0.13503425192348772,0.13503425191981025,0.13503425191608187,0.13503425191374996,0.13503425191608187,0.1350342519179982,0.13503425191608187,0.13503425191374996
0.16533248781984314,0.16533248781984264,0.16533248781984242,0.16533248781984264,0.16533248781984314,0.16533248781984264,0.16533248781984217,0.16533248781984194,0.16533248781984217,0.16533248781984264,0.16533248781984242,0.16533248781984194,0.16533248781984144,0.16533248781984194,0.16533248781984242,0.16533248781984264,0.16533248781984217,0.16533248781984194,0.16533248781984217,0.16533248781984264,0.16533248781984314,0.16533248781984264,0.16533248781984242,0.16533248781984264,0.16533248781984314,0.16375749410043136,0.16375749410043042,0.16375749410042972,0.16375749410043042,0.16375749410043136,0.16375749410043042,0.16375749410042925,0.16375749410042859,0.16375749410042925,0.16375749410043042,0.16375749410042972,0.16375749410042859,0.1637574941004279,0.16375749410042859,0.16375749410042972,0.16375749410043042,0.16375749410042925,0.16375749410042859,0.16375749410042925,0.16375749410043042,0.16375749410043136,0.16375749410043042,0.16375749410042972,0.16375749410043042,0.16375749410043136,0.16221388431298628,0.16221388431298311,0.16221388431298128,0.16221388431298311,0.16221388431298628,0.16221388431298311,0.16221388431297995,0.1622138843129779,0.16221388431297995,0.16221388431298311,0.16221388431298128,0.1622138843129779,0.16221388431297565,0.1622138843129779,0.16221388431298128,0.16221388431298311,0.16221388431297995,0.1622138843129779,0.16221388431297995,0.16221388431298311,0.16221388431298628,0.16221388431298311,0.16221388431298128,0.16221388431298311,0.16221388431298628,0.16070106741455337,0.160701067414544,0.16070106741453805,0.160701067414544,0.16070106741455337,0.160701067414544,0.1607010674145338,0.16070106741452736,0.1607010674145338,0.160701067414544,0.16070106741453805,0.16070106741452736,0.16070106741452048,0.16070106741452736,0.16070106741453805,0.160701067414544,0.1607010674145338,0.16070106741452736,0.1607010674145338,0.160701067414544,0.16070106741455337,0.160701067414544,0.16070106741453805,0.160701067414544,0.16070106741455337,0.15921845178012445,0.15921845178009636,0.15921845178007807,0.15921845178009636,0.15921845178012445,0.15921845178009636,0.15921845178006458,0.15921845178004368,0.15921845178006458,0.15921845178009636,0.15921845178007807,0.15921845178004368,0.1592184517800204,0.15921845178004368,0.15921845178007807,0.15921845178009636,0.15921845178006458,0.15921845178004368,0.15921845178006458,0.15921845178009636,0.15921845178012445,0.15921845178009636,0.15921845178007807,0.15921845178009636,0.15921845178012445,0.1577654465545048,0.15776544655442223,0.15776544655436697,0.15776544655442223,0.1577654465545048,0.15776544655442223,0.1577654465543232,0.1577654465542547,0.1577654465543232,0.15776544655442223,0.15776544655436697,0.1577654465542547,0.1577654465541743,0.1577654465542547,0.15776544655436697,0.15776544655442223,0.1577654465543232,0.1577654465542547,0.1577654465543232,0.15776544655442223,0.1577654465545048,0.15776544655442223,0.15776544655436697,0.15776544655442223,0.1577654465545048,0.15634146286668638,0.15634146286645068,0.1563414628662855,0.15634146286645068,0.15634146286668638,0.15634146286645068,0.15634146286614664,0.15634146286591746,0.15634146286614664,0.15634146286645068,0.1563414628662855,0.15634146286591746,0.15634146286562348,0.15634146286591746,0.1563414628662855,0.15634146286645068,0.15634146286614664,0.15634146286591746,0.15634146286614664,0.15634146286645068,0.15634146286668638,0.15634146286645068,0.1563414628662855,0.15634146286645068,0.15634146286668638,0.15494591491703796,0.1549459149163996,0.15494591491592005,0.1549459149163996,0.15494591491703796,0.1549459149163996,0.1549459149154897,0.15494591491471918,0.1549459149154897,0.1549459149163996,0.15494591491592005,0.15494591491471918,0.1549459149135859,0.15494591491471918,0.15494591491592005,0.1549459149163996,0.1549459149154897,0.15494591491471918,0.1549459149154897,0.1549459149163996,0.15494591491703796,0.1549459149163996,0.15494591491592005,0.1549459149163996,0.15494591491703796,0.1535782209471261,0.1535782209455338,0.15357822094420642,0.1535782209455338,0.1535782209471261,0.1535782209455338,0.15357822094294252,0.15357822094032897,0.15357822094294252,0.1535782209455338,0.15357822094420642,0.15357822094032897,0.1535782209354766,0.15357822094032897,0.15357822094420642,0.1535782209455338,0.15357822094294252,0.15357822094032897,0.15357822094294252,0.1535782209455338,0.1535782209471261,0.1535782209455338,0.15357822094420642,0.1535782209455338,0.1535782209471261,0.15223780410145124,0.15223780409799928,0.1522378040946674,0.15223780409799928,0.15223780410145124,0.15223780409799928,0.1522378040913339,0.15223780408263224,0.1522378040913339,0.15223780409799928,0.1522378040946674,0.15223780408263224,0.15223780405914358,0.15223780408263224,0.1522378040946674,0.15223780409799928,0.1522378040913339,0.15223780408263224,0.1522378040913339,0.15223780409799928,0.15223780410145124,0.15223780409799928,0.1522378040946674,0.15223780409799928,0.15223780410145124,0.15092409318950464,0.15092409318379074,0.150924093177206,0.15092409318379074,0.15092409318950464,0.15092409318379074,0.15092409317042407,0.1509240931454824,0.15092409317042407,0.15092409318379074,0.150924093177206,0.1509240931454824,0.15092409301664392,0.1509240931454824,0.150924093177206,0.15092409318379074,0.15092409317042407,0.1509240931454824,0.15092409317042407,0.15092409318379074,0.15092409318950464,0.15092409318379074,0.150924093177206,0.15092409318379074,0.15092409318950464,0.14963652335434177,0.14963652334923747,0.14963652334381697,0.14963652334923747,0.14963652335434177,0.14963652334923747,0.1496365233382895,0.14963652332090646,0.1496365233382895,0.14963652334923747,0.14963652334381697,0.14963652332090646,0.14963652325061588,0.14963652332090646,0.14963652334381697,0.14963652334923747,0.1496365233382895,0.14963652332090646,0.1496365233382895,0.14963652334923747,0.14963652335434177,0.14963652334923747,0.14963652334381697,0.14963652334923747,0.14963652335434177,0.14837453665124664,0.14837453664785008,0.14837453664444059,0.14837453664785008,0.14837453665124664,0.14837453664785008,0.14837453664100994,0.14837453663093,0.14837453664100994,0.14837453664785008,0.14837453664444059,0.14837453663093,0.14837453659235064,0.14837453663093,0.14837453664444059,0.14837453664785008,0.14837453664100994,0.14837453663093,0.14837453664100994,0.14837453664785008,0.14837453665124664,0.14837453664785008,0.14837453664444059,0.14837453664785008,0.14837453665124664,0.1471375825596546,0.14713758255805,0.14713758255651047,0.14713758255805,0.1471375825596546,0.14713758255805,0.1471375825549849,0.14713758255070036,0.1471375825549849,0.14713758255805,0.14713758255651047,0.14713758255070036,0.1471375825348871,0.14713758255070036,0.14713758255651047,0.14713758255805,0.1471375825549849,0.14713758255070036,0.1471375825549849,0.14713758255805,0.1471375825596546,0.14713758255805,0.14713758255651047,0.14713758255805,0.1471375825596546,0.14592511842304628,0.14592511842304148,0.14592511842311823,0.14592511842304148,0.14592511842304628,0.14592511842304148,0.14592511842322098,0.14592511842379613,0.14592511842322098,0.14592511842304148,0.14592511842311823,0.14592511842379613,0.14592511842714712,0.14592511842379613,0.14592511842311823,0.14592511842304148,0.14592511842322098,0.14592511842379613,0.14592511842322098,0.14592511842304148,0.14592511842304628,0.14592511842304148,0.14592511842311823,0.14592511842304148,0.14592511842304628,0.14473660982296568,0.14473660982430275,0.14473660982574593,0.14473660982430275,0.14473660982296568,0.14473660982430275,0.1447366098272235,0.144736609832017,0.1447366098272235,0.14473660982430275,0.14473660982574593,0.144736609832017,0.14473660985270967,0.144736609832017,0.14473660982574593,0.14473660982430275,0.1447366098272235,0.144736609832017,0.1447366098272235,0.14473660982430275,0.14473660982296568,0.14473660982430275,0.14473660982574593,0.14473660982430275,0.14473660982296568,0.1435715308939321,0.1435715308962652,0.14357153089872426,0.1435715308962652,0.1435715308939321,0.1435715308962652,0.14357153090122335,0.1435715309091565,0.14357153090122335,0.1435715308962652,0.14357153089872426,0.1435715309091565,0.1435715309427557,0.1435715309091565,0.14357153089872426,0.1435715308962652,0.14357153090122335,0.1435715309091565,0.14357153090122335,0.1435715308962652,0.1435715308939321,0.1435715308962652,0.14357153089872426,0.1435715308962652,0.1435715308939321,0.1424293645850024,0.14242936458791475,0.14242936459096012,0.14242936458791475,0.1424293645850024,0.14242936458791475,0.14242936459404576,0.14242936460377134,0.14242936459404576,0.14242936458791475,0.14242936459096012,0.14242936460377134,0.14242936464454012,0.14242936460377134,0.14242936459096012,0.14242936458791475,0.14242936459404576,0.14242936460377134,0.14242936459404576,0.14242936458791475,0.1424293645850024,0.14242936458791475,0.14242936459096012,0.14242936458791475,0.1424293645850024,0.14130960287280597,0.1413096028758537,0.1413096028790228,0.1413096028758537,0.14130960287280597,0.1413096028758537,0.14130960288222064,0.14130960289240144,0.14130960288222064,0.1413096028758537,0.1413096028790228,0.14130960289240144,0.14130960293627348,0.14130960289240144,0.1413096028790228,0.1413096028758537,0.14130960288222064,0.14130960289240144,0.14130960288222064,0.1413096028758537,0.14130960287280597,0.1413096028758537,0.1413096028790228,0.1413096028758537,0.14130960287280597,0.14021174693052207,0.1402117469333024,0.1402117469360295,0.1402117469333024,0.14021174693052207,0.1402117469333024,0.14021174693873628,0.14021174694680652,0.14021174693873628,0.1402117469333024,0.1402117469360295,0.14021174694680652,0.14021174697994251,0.14021174694680652,0.1402117469360295,0.1402117469333024,0.14021174693873628,0.14021174694680652,0.14021174693873628,0.1402117469333024,0.14021174693052207,0.1402117469333024,0.1402117469360295,0.1402117469333024,0.14021174693052207,0.1391353072569335,0.1391353072596312,0.13913530726197187,0.1391353072596312,0.1391353072569335,0.1391353072596312,0.13913530726423556,0.13913530726924456,0.13913530726423556,0.1391353072596312,0.13913530726197187,0.13913530726924456,0.13913530727997403,0.13913530726924456,0.13913530726197187,0.1391353072596312,0.13913530726423556,0.13913530726924456,0.13913530726423556,0.1391353072596312,0.1391353072569335,0.1391353072596312,0.13913530726197187,0.1391353072596312,0.1391353072569335,0.13807980376843176,0.13807980377223336,0.13807980377589418,0.13807980377223336,0.13807980376843176,0.13807980377223336,0.13807980377955037,0.1380798037890741,0.13807980377955037,0.13807980377223336,0.13807980377589418,0.1380798037890741,0.1380798038147099,0.1380798037890741,0.13807980377589418,0.13807980377223336,0.13807980377955037,0.1380798037890741,0.13807980377955037,0.13807980377223336,0.13807980376843176,0.13807980377223336,0.13807980377589418,0.13807980377223336,0.13807980376843176,0.1370447658577892,0.13704476586315179,0.13704476586951145,0.13704476586315179,0.1370447658577892,0.13704476586315179,0.13704476587607112,0.1370447659015287,0.13704476587607126,0.13704476586315179,0.13704476586951145,0.1370447659015287,0.13704476604129665,0.1370447659015287,0.13704476586951145,0.13704476586315179,0.13704476587607126,0.1370447659015287,0.13704476587607126,0.13704476586315179,0.1370447658577892,0.13704476586315179,0.13704476586951145,0.13704476586315179,0.1370447658577892,0.13602973242739158,0.1360297324310441,0.1360297324345864,0.1360297324310441,0.13602973242739158,0.1360297324310441,0.1360297324381262,0.1360297324475099,0.1360297324381262,0.1360297324310441,0.1360297324345864,0.1360297324475099,0.13602973247339192,0.1360297324475099,0.1360297324345864,0.1360297324310441,0.1360297324381262,0.1360297324475099,0.1360297324381262,0.1360297324310441,0.13602973242739158,0.1360297324310441,0.1360297324345864,0.1360297324310441,0.13602973242739158,0.13503425190259513,0.13503425190486315,0.135034251906727,0.13503425190486315,0.13503425190259513,0.13503425190486315,0.13503425190848944,0.13503425191206614,0.13503425190848944,0.13503425190486315,0.135034251906727,0.13503425191206614,0.13503425191854207,0.13503425191206614,0.135034251906727,0.13503425190486315,0.13503425190848944,0.13503425191206614,0.13503425190848944,0.13503425190486315,0.13503425190259513,0.13503425190486315,0.135034251906727,0.13503425190486315,0.13503425190259513
0.16533248782959342,0.16533248782959295,0.1653324878295927,0.16533248782959295,0.16533248782959342,0.16533248782959295,0.16533248782959248,0.16533248782959223,0.16533248782959248,0.16533248782959295,0.1653324878295927,0.16533248782959223,0.165332487829592,0.16533248782959223,0.1653324878295927,0.16533248782959295,0.16533248782959248,0.16533248782959223,0.16533248782959248,0.16533248782959295,0.16533248782959342,0.16533248782959295,0.1653324878295927,0.16533248782959295,0.16533248782959342,0.16375749410998863,0.1637574941099877,0.16375749410998727,0.1637574941099877,0.16375749410998863,0.1637574941099877,0.1637574941099868,0.16375749410998636,0.1637574941099868,0.1637574941099877,0.16375749410998727,0.16375749410998636,0.16375749410998564,0.16375749410998636,0.16375749410998727,0.1637574941099877,0.1637574941099868,0.16375749410998636,0.1637574941099868,0.1637574941099877,0.16375749410998863,0.1637574941099877,0.16375749410998727,0.1637574941099877,0.16375749410998863,0.16221388432235506,0.16221388432235237,0.16221388432235054,0.16221388432235237,0.16221388432235506,0.16221388432235237,0.1622138843223494,0.1622138843223476,0.1622138843223494,0.16221388432235237,0.16221388432235054,0.1622138843223476,0.16221388432234576,0.1622138843223476,0.16221388432235054,0.16221388432235237,0.1622138843223494,0.1622138843223476,0.1622138843223494,0.16221388432235237,0.16221388432235506,0.16221388432235237,0.16221388432235054,0.16221388432235237,0.16221388432235506,0.1607010674237376,0.16070106742372917,0.16070106742372406,0.16070106742372917,0.1607010674237376,0.16070106742372917,0.16070106742372026,0.16070106742371448,0.16070106742372026,0.16070106742372917,0.16070106742372406,0.16070106742371448,0.16070106742370827,0.16070106742371448,0.16070106742372406,0.16070106742372917,0.16070106742372026,0.16070106742371448,0.16070106742372026,0.16070106742372917,0.1607010674237376,0.16070106742372917,0.16070106742372406,0.16070106742372917,0.1607010674237376,0.15921845178912658,0.15921845178910157,0.15921845178908525,0.15921845178910157,0.15921845178912658,0.15921845178910157,0.15921845178907326,0.15921845178905455,0.15921845178907326,0.15921845178910157,0.15921845178908525,0.15921845178905455,0.15921845178903407,0.15921845178905455,0.15921845178908525,0.15921845178910157,0.15921845178907326,0.15921845178905455,0.15921845178907326,0.15921845178910157,0.15921845178912658,0.15921845178910157,0.15921845178908525,0.15921845178910157,0.15921845178912658,0.15776544656332328,0.15776544656324948,0.15776544656320018,0.15776544656324948,0.15776544656332328,0.15776544656324948,0.15776544656316135,0.15776544656310054,0.15776544656316135,0.15776544656324948,0.15776544656320018,0.15776544656310054,0.15776544656302946,0.15776544656310054,0.15776544656320018,0.15776544656324948,0.15776544656316135,0.15776544656310054,0.15776544656316135,0.15776544656324948,0.15776544656332328,0.15776544656324948,0.15776544656320018,0.15776544656324948,0.15776544656332328,0.1563414628753074,0.15634146287509643,0.15634146287494904,0.15634146287509643,0.1563414628753074,0.15634146287509643,0.15634146287482542,0.15634146287462175,0.15634146287482542,0.15634146287509643,0.15634146287494904,0.15634146287462175,0.1563414628743608,0.15634146287462175,0.15634146287494904,0.15634146287509643,0.15634146287482542,0.15634146287462175,0.15634146287482542,0.15634146287509643,0.1563414628753074,0.15634146287509643,0.15634146287494904,0.15634146287509643,0.1563414628753074,0.15494591492541374,0.15494591492484136,0.15494591492441245,0.15494591492484136,0.15494591492541374,0.15494591492484136,0.154945914924029,0.15494591492334334,0.154945914924029,0.15494591492484136,0.15494591492441245,0.15494591492334334,0.15494591492233997,0.15494591492334334,0.15494591492441245,0.15494591492484136,0.154945914924029,0.15494591492334334,0.154945914924029,0.15494591492484136,0.15494591492541374,0.15494591492484136,0.15494591492441245,0.15494591492484136,0.15494591492541374,0.15357822095512325,0.15357822095369003,0.15357822095250084,0.15357822095369003,0.15357822095512325,0.15357822095369003,0.1535782209513713,0.15357822094904774,0.1535782209513713,0.15357822095369003,0.15357822095250084,0.15357822094904774,0.15357822094476356,0.15357822094904774,0.15357822095250084,0.15357822095369003,0.1535782209513713,0.15357822094904774,0.1535782209513713,0.15357822095369003,0.15357822095512325,0.15357822095369003,0.15357822095250084,0.15357822095369003,0.15357822095512325,0.1522378041087408,0.15223780410561186,0.1522378041026142,0.15223780410561186,0.1522378041087408,0.15223780410561186,0.15223780409962204,0.1522378040918817,0.15223780409962204,0.15223780410561186,0.1522378041026142,0.1522378040918817,0.15223780407120668,0.1522378040918817,0.1522378041026142,0.15223780410561186,0.15223780409962204,0.1522378040918817,0.15223780409962204,0.15223780410561186,0.1522378041087408,0.15223780410561186,0.1522378041026142,0.15223780410561186,0.1522378041087408,0.15092409319541242,0.15092409319014669,0.15092409318414918,0.15092409319014669,0.15092409319541242,0.15092409319014669,0.15092409317798344,0.15092409315568173,0.15092409317798344,0.15092409319014669,0.15092409318414918,0.15092409315568173,0.15092409304251989,0.15092409315568173,0.15092409318414918,0.15092409319014669,0.15092409317798344,0.15092409315568173,0.15092409317798344,0.15092409319014669,0.15092409319541242,0.15092409319014669,0.15092409318414918,0.15092409319014669,0.15092409319541242,0.14963652335792435,0.14963652335293273,0.14963652334759145,0.14963652335293273,0.14963652335792435,0.14963652335293273,0.1496365233421398,0.14963652332470326,0.1496365233421398,0.14963652335293273,0.14963652334759145,0.14963652332470326,0.14963652325205443,0.14963652332470326,0.14963652334759145,0.14963652335293273,0.1496365233421398,0.14963652332470326,0.1496365233421398,0.14963652335293273,0.14963652335792435,0.14963652335293273,0.14963652334759145,0.14963652335293273,0.14963652335792435,0.14837453665223982,0.1483745366487232,0.14837453664514427,0.1483745366487232,0.14837453665223982,0.1483745366487232,0.148374536641532,0.14837453663069466,0.148374536641532,0.1483745366487232,0.14837453664514427,0.14837453663069466,0.1483745365881566,0.14837453663069466,0.14837453664514427,0.1483745366487232,0.148374536641532,0.14837453663069466,0.148374536641532,0.1483745366487232,0.14837453665223982,0.1483745366487232,0.14837453664514427,0.1483745366487232,0.14837453665223982,0.14713758255827072,0.14713758255647563,0.14713758255472134,0.14713758255647563,0.14713758255827072,0.14713758255647563,0.14713758255297307,0.14713758254794718,0.14713758255297307,0.14713758255647563,0.14713758255472134,0.14713758254794718,0.1471375825289602,0.14713758254794718,0.14713758255472134,0.14713758255647563,0.14713758255297307,0.14713758254794718,0.14713758255297307,0.14713758255647563,0.14713758255827072,0.14713758255647563,0.14713758255472134,0.14713758255647563,0.14713758255827072,0.14592511841964528,0.14592511841946149,0.14592511841935288,0.14592511841946149,0.14592511841964528,0.14592511841946149,0.14592511841926742,0.14592511841926742,0.14592511841926742,0.14592511841946149,0.14592511841935288,0.14592511841926742,0.14592511842031444,0.14592511841926742,0.14592511841935288,0.14592511841946149,0.14592511841926742,0.14592511841926742,0.14592511841926742,0.14592511841946149,0.14592511841964528,0.14592511841946149,0.14592511841935288,0.14592511841946149,0.14592511841964528,0.14473660981788752,0.14473660981907985,0.14473660982038009,0.14473660981907985,0.14473660981788752,0.14473660981907985,0.14473660982171452,0.14473660982609138,0.14473660982171452,0.14473660981907985,0.14473660982038009,0.14473660982609138,0.14473660984519846,0.14473660982609138,0.14473660982038009,0.14473660981907985,0.14473660982171452,0.14473660982609138,0.14473660982171452,0.14473660981907985,0.14473660981788752,0.14473660981907985,0.14473660982038009,0.14473660981907985,0.14473660981788752,0.1435715308874486,0.14357153088966707,0.1435715308920146,0.14357153088966707,0.1435715308874486,0.14357153088966707,0.14357153089440314,0.14357153090201885,0.14357153089440314,0.14357153088966707,0.1435715308920146,0.14357153090201885,0.14357153093442132,0.14357153090201885,0.1435715308920146,0.14357153088966707,0.14357153089440314,0.14357153090201885,0.14357153089440314,0.14357153088966707,0.1435715308874486,0.14357153088966707,0.1435715308920146,0.14357153088966707,0.1435715308874486,0.14242936457732677,0.14242936458014366,0.1424293645830954,0.14242936458014366,0.14242936457732677,0.14242936458014366,0.1424293645860881,0.14242936459554095,0.1424293645860881,0.14242936458014366,0.1424293645830954,0.14242936459554095,0.14242936463523995,0.14242936459554095,0.1424293645830954,0.14242936458014366,0.1424293645860881,0.14242936459554095,0.1424293645860881,0.14242936458014366,0.14242936457732677,0.14242936458014366,0.1424293645830954,0.14242936458014366,0.14242936457732677,0.14130960286411362,0.1413096028670786,0.14130960287016583,0.1413096028670786,0.14130960286411362,0.1413096028670786,0.14130960287328226,0.14130960288321814,0.14130960287328226,0.1413096028670786,0.14130960287016583,0.14130960288321814,0.14130960292610392,0.14130960288321814,0.14130960287016583,0.1413096028670786,0.14130960287328226,0.14130960288321814,0.14130960287328226,0.1413096028670786,0.14130960286411362,0.1413096028670786,0.14130960287016583,0.1413096028670786,0.14130960286411362,0.1402117469209633,0.14021174692367092,0.1402117469263279,0.14021174692367092,0.1402117469209633,0.14021174692367092,0.14021174692896582,0.14021174693683303,0.14021174692896582,0.14021174692367092,0.1402117469263279,0.14021174693683303,0.14021174696913472,0.14021174693683303,0.1402117469263279,0.14021174692367092,0.14021174692896582,0.14021174693683303,0.14021174692896582,0.14021174692367092,0.1402117469209633,0.14021174692367092,0.1402117469263279,0.14021174692367092,0.1402117469209633,0.13913530724663978,0.1391353072492649,0.139135307251543,0.1391353072492649,0.13913530724663978,0.1391353072492649,0.13913530725374612,0.13913530725862197,0.13913530725374612,0.1391353072492649,0.139135307251543,0.13913530725862197,0.13913530726906778,0.13913530725862197,0.139135307251543,0.1391353072492649,0.13913530725374612,0.13913530725862197,0.13913530725374612,0.1391353072492649,0.13913530724663978,0.1391353072492649,0.139135307251543,0.1391353072492649,0.13913530724663978,0.13807980375753495,0.1380798037612313,0.1380798037647903,0.1380798037612313,0.13807980375753495,0.1380798037612313,0.13807980376834492,0.1380798037776029,0.13807980376834492,0.1380798037612313,0.1380798037647903,0.1380798037776029,0.13807980380252133,0.1380798037776029,0.1380798037647903,0.1380798037612313,0.13807980376834492,0.1380798037776029,0.13807980376834492,0.1380798037612313,0.13807980375753495,0.1380798037612313,0.1380798037647903,0.1380798037612313,0.13807980375753495,0.13704476584649064,0.1370447658517029,0.13704476585788422,0.1370447658517029,0.13704476584649064,0.1370447658517029,0.13704476586425973,0.13704476588900166,0.13704476586425973,0.1370447658517029,0.13704476585788422,0.13704476588900166,0.1370447660248398,0.13704476588900166,0.13704476585788422,0.1370447658517029,0.13704476586425973,0.13704476588900166,0.13704476586425973,0.1370447658517029,0.13704476584649064,0.1370447658517029,0.13704476585788422,0.1370447658517029,0.13704476584649064,0.13602973241598673,0.13602973241953664,0.13602973242297953,0.13602973241953664,0.13602973241598673,0.13602973241953664,0.13602973242641972,0.13602973243553965,0.13602973242641972,0.13602973241953664,0.13602973242297953,0.13602973243553965,0.13602973246069358,0.13602973243553965,0.13602973242297953,0.13602973241953664,0.13602973242641972,0.13602973243553965,0.13602973242641972,0.13602973241953664,0.13602973241598673,0.13602973241953664,0.13602973242297953,0.13602973241953664,0.13602973241598673,0.13503425189128443,0.1350342518934887,0.1350342518953002,0.1350342518934887,0.13503425189128443,0.1350342518934887,0.13503425189701307,0.13503425190048915,0.13503425189701307,0.1350342518934887,0.1350342518953002,0.13503425190048915,0.13503425190678298,0.13503425190048915,0.1350342518953002,0.1350342518934887,0.13503425189701307,0.13503425190048915,0.13503425189701307,0.1350342518934887,0.13503425189128443,0.1350342518934887,0.1350342518953002,0.1350342518934887,0.13503425189128443
0.16533248783951718,0.16533248783951693,0.1653324878395167,0.16533248783951693,0.16533248783951718,0.16533248783951693,0.16533248783951646,0.1653324878395162,0.16533248783951646,0.16533248783951693,0.1653324878395167,0.1653324878395162,0.16533248783951598,0.1653324878395162,0.1653324878395167,0.16533248783951693,0.16533248783951646,0.1653324878395162,0.16533248783951646,0.16533248783951693,0.16533248783951718,0.16533248783951693,0.1653324878395167,0.16533248783951693,0.16533248783951718,0.16375749411971618,0.16375749411971524,0.1637574941197148,0.16375749411971524,0.16375749411971618,0.16375749411971524,0.16375749411971455,0.16375749411971385,0.16375749411971455,0.16375749411971524,0.1637574941197148,0.16375749411971385,0.1637574941197134,0.16375749411971385,0.1637574941197148,0.16375749411971524,0.16375749411971455,0.16375749411971385,0.16375749411971455,0.16375749411971524,0.16375749411971618,0.16375749411971524,0.1637574941197148,0.16375749411971524,0.16375749411971618,0.16221388433189046,0.16221388433188796,0.16221388433188658,0.16221388433188796,0.16221388433189046,0.16221388433188796,0.1622138843318855,0.16221388433188388,0.1622138843318855,0.16221388433188796,0.16221388433188658,0.16221388433188388,0.16221388433188227,0.16221388433188388,0.16221388433188658,0.16221388433188796,0.1622138843318855,0.16221388433188388,0.1622138843318855,0.16221388433188796,0.16221388433189046,0.16221388433188796,0.16221388433188658,0.16221388433188796,0.16221388433189046,0.16070106743308513,0.1607010674330778,0.16070106743307314,0.1607010674330778,0.16070106743308513,0.1607010674330778,0.1607010674330698,0.1607010674330647,0.1607010674330698,0.1607010674330778,0.16070106743307314,0.1607010674330647,0.16070106743305937,0.1607010674330647,0.16070106743307314,0.1607010674330778,0.1607010674330698,0.1607010674330647,0.1607010674330698,0.1607010674330778,0.16070106743308513,0.1607010674330778,0.16070106743307314,0.1607010674330778,0.16070106743308513,0.15921845179828856,0.15921845179826657,0.1592184517982524,0.15921845179826657,0.15921845179828856,0.15921845179826657,0.15921845179824196,0.15921845179822564,0.15921845179824196,0.15921845179826657,0.1592184517982524,0.15921845179822564,0.1592184517982078,0.15921845179822564,0.1592184517982524,0.15921845179826657,0.15921845179824196,0.15921845179822564,0.15921845179824196,0.15921845179826657,0.15921845179828856,0.15921845179826657,0.1592184517982524,0.15921845179826657,0.15921845179828856,0.1577654465722982,0.15776544657223332,0.15776544657219024,0.15776544657223332,0.1577654465722982,0.15776544657223332,0.15776544657215633,0.15776544657210317,0.15776544657215633,0.15776544657223332,0.15776544657219024,0.15776544657210317,0.1577654465720413,0.15776544657210317,0.15776544657219024,0.15776544657223332,0.15776544657215633,0.15776544657210317,0.15776544657215633,0.15776544657223332,0.1577654465722982,0.15776544657223332,0.15776544657219024,0.15776544657223332,0.1577654465722982,0.1563414628840809,0.15634146288389544,0.156341462883766,0.15634146288389544,0.1563414628840809,0.15634146288389544,0.15634146288365788,0.15634146288348078,0.15634146288365788,0.15634146288389544,0.156341462883766,0.15634146288348078,0.15634146288325368,0.15634146288348078,0.156341462883766,0.15634146288389544,0.15634146288365788,0.15634146288348078,0.15634146288365788,0.15634146288389544,0.1563414628840809,0.15634146288389544,0.156341462883766,0.15634146288389544,0.1563414628840809,0.15494591493393747,0.15494591493343232,0.15494591493305523,0.15494591493343232,0.15494591493393747,0.15494591493343232,0.15494591493271917,0.15494591493212054,0.15494591493271917,0.15494591493343232,0.15494591493305523,0.15494591493212054,0.1549459149312498,0.15494591493212054,0.15494591493305523,0.15494591493343232,0.15494591493271917,0.15494591493212054,0.15494591493271917,0.15494591493343232,0.15494591493393747,0.15494591493343232,0.15494591493305523,0.15494591493343232,0.15494591493393747,0.1535782209632608,0.1535782209619901,0.1535782209609419,0.1535782209619901,0.1535782209632608,0.1535782209619901,0.15357822095994933,0.15357822095792178,0.15357822095994933,0.1535782209619901,0.1535782209609419,0.15357822095792178,0.15357822095421744,0.15357822095792178,0.1535782209609419,0.1535782209619901,0.15357822095994933,0.15357822095792178,0.15357822095994933,0.1535782209619901,0.1535782209632608,0.1535782209619901,0.1535782209609419,0.1535782209619901,0.1535782209632608,0.15223780411615634,0.15223780411335727,0.15223780411070054,0.15223780411335727,0.15223780411615634,0.15223780411335727,0.15223780410805657,0.1522378041012973,0.15223780410805657,0.15223780411335727,0.15223780411070054,0.1522378041012973,0.1522378040834938,0.1522378041012973,0.15223780411070054,0.15223780411335727,0.15223780410805657,0.1522378041012973,0.15223780410805657,0.15223780411335727,0.15223780411615634,0.15223780411335727,0.15223780411070054,0.15223780411335727,0.15223780411615634,0.15092409320141822,0.1509240931966095,0.1509240931912114,0.1509240931966095,0.15092409320141822,0.1509240931966095,0.1509240931856742,0.15092409316606697,0.1509240931856742,0.1509240931966095,0.1509240931912114,0.15092409316606697,0.15092409306892138,0.15092409316606697,0.1509240931912114,0.1509240931966095,0.1509240931856742,0.15092409316606697,0.1509240931856742,0.1509240931966095,0.15092409320141822,0.1509240931966095,0.1509240931912114,0.1509240931966095,0.15092409320141822,0.14963652336155703,0.14963652335668054,0.14963652335142005,0.14963652335668054,0.14963652336155703,0.14963652335668054,0.1496365233460457,0.1496365233285549,0.1496365233460457,0.14963652335668054,0.14963652335142005,0.1496365233285549,0.1496365232534408,0.1496365233285549,0.14963652335142005,0.14963652335668054,0.1496365233460457,0.1496365233285549,0.1496365233460457,0.14963652335668054,0.14963652336155703,0.14963652335668054,0.14963652335142005,0.14963652335668054,0.14963652336155703,0.14837453665323022,0.14837453664959072,0.14837453664583872,0.14837453664959072,0.14837453665323022,0.14837453664959072,0.14837453664204092,0.14837453663042963,0.14837453664204092,0.14837453664959072,0.14837453664583872,0.14837453663042963,0.14837453658388922,0.14837453663042963,0.14837453664583872,0.14837453664959072,0.14837453664204092,0.14837453663042963,0.14837453664204092,0.14837453664959072,0.14837453665323022,0.14837453664959072,0.14837453664583872,0.14837453664959072,0.14837453665323022,0.14713758255683618,0.14713758255484596,0.1471375825528719,0.14713758255484596,0.14713758255683618,0.14713758255484596,0.14713758255089585,0.14713758254511153,0.14713758255089585,0.14713758255484596,0.1471375825528719,0.14713758254511153,0.14713758252286033,0.14713758254511153,0.1471375825528719,0.14713758255484596,0.14713758255089585,0.14713758254511153,0.14713758255089585,0.14713758255484596,0.14713758255683618,0.14713758255484596,0.1471375825528719,0.14713758255484596,0.14713758255683618,0.14592511841615433,0.14592511841578681,0.14592511841548803,0.14592511841578681,0.14592511841615433,0.14592511841578681,0.14592511841520933,0.14592511841461958,0.14592511841520933,0.14592511841578681,0.14592511841548803,0.14592511841461958,0.14592511841329123,0.14592511841461958,0.14592511841548803,0.14592511841578681,0.14592511841520933,0.14592511841461958,0.14592511841520933,0.14592511841578681,0.14592511841615433,0.14592511841578681,0.14592511841548803,0.14592511841578681,0.14592511841615433,0.14473660981268874,0.14473660981373235,0.14473660981488526,0.14473660981373235,0.14473660981268874,0.14473660981373235,0.1447366098160724,0.14473660982002015,0.1447366098160724,0.14473660981373235,0.14473660981488526,0.14473660982002015,0.14473660983749348,0.14473660982002015,0.14473660981488526,0.14473660981373235,0.1447366098160724,0.14473660982002015,0.1447366098160724,0.14473660981373235,0.14473660981268874,0.14473660981373235,0.14473660981488526,0.14473660981373235,0.14473660981268874,0.14357153088082258,0.14357153088292268,0.143571530885155,0.14357153088292268,0.14357153088082258,0.14357153088292268,0.1435715308874291,0.14357153089471628,0.1435715308874291,0.14357153088292268,0.143571530885155,0.14357153089471628,0.1435715309258542,0.14357153089471628,0.143571530885155,0.14357153088292268,0.1435715308874291,0.14357153089471628,0.1435715308874291,0.14357153088292268,0.14357153088082258,0.14357153088292268,0.143571530885155,0.14357153088292268,0.14357153088082258,0.14242936456949423,0.14242936457221217,0.1424293645750668,0.14242936457221217,0.14242936456949407,0.14242936457221217,0.14242936457796304,0.14242936458713254,0.14242936457796304,0.14242936457221217,0.1424293645750668,0.14242936458713254,0.14242936462572672,0.14242936458713254,0.1424293645750668,0.14242936457221217,0.14242936457796304,0.14242936458713254,0.14242936457796304,0.14242936457221217,0.14242936456949407,0.14242936457221217,0.1424293645750668,0.14242936457221217,0.14242936456949407,0.14130960285525648,0.1413096028581358,0.14130960286113828,0.1413096028581358,0.14130960285525648,0.1413096028581358,0.14130960286417038,0.14130960287385183,0.14130960286417038,0.1413096028581358,0.14130960286113828,0.14130960287385183,0.14130960291569092,0.14130960287385183,0.14130960286113828,0.1413096028581358,0.14130960286417038,0.14130960287385183,0.14130960286417038,0.1413096028581358,0.14130960285525648,0.1413096028581358,0.14130960286113828,0.1413096028581358,0.14130960285525648,0.14021174691123783,0.14021174691387062,0.14021174691645566,0.14021174691387062,0.14021174691123783,0.14021174691387062,0.1402117469190228,0.14021174692668134,0.1402117469190228,0.14021174691387062,0.14021174691645566,0.14021174692668134,0.14021174695814162,0.14021174692668134,0.14021174691645566,0.14021174691387062,0.1402117469190228,0.14021174692668134,0.1402117469190228,0.14021174691387062,0.14021174691123783,0.14021174691387062,0.14021174691645566,0.14021174691387062,0.14021174691123783,0.13913530723618084,0.1391353072387326,0.13913530724094714,0.1391353072387326,0.13913530723618084,0.1391353072387326,0.13913530724308906,0.13913530724783005,0.13913530724308906,0.1391353072387326,0.13913530724094714,0.13913530724783005,0.13913530725798828,0.13913530724783005,0.13913530724094714,0.1391353072387326,0.13913530724308906,0.13913530724783005,0.13913530724308906,0.1391353072387326,0.13913530723618084,0.1391353072387326,0.13913530724094714,0.1391353072387326,0.13913530723618084,0.13807980374647663,0.13807980375006726,0.13807980375352452,0.13807980375006726,0.13807980374647663,0.13807980375006726,0.1380798037569773,0.1380798037659695,0.1380798037569773,0.13807980375006726,0.13807980375352452,0.1380798037659695,0.13807980379017118,0.1380798037659695,0.13807980375352452,0.13807980375006726,0.1380798037569773,0.1380798037659695,0.1380798037569773,0.13807980375006726,0.13807980374647663,0.13807980375006726,0.13807980375352452,0.13807980375006726,0.13807980374647663,0.13704476583503428,0.13704476584009648,0.13704476584609945,0.13704476584009648,0.13704476583503428,0.13704476584009648,0.13704476585229114,0.13704476587631906,0.13704476585229114,0.13704476584009648,0.13704476584609945,0.13704476587631906,0.13704476600824878,0.13704476587631906,0.13704476584609945,0.13704476584009648,0.13704476585229114,0.13704476587631906,0.13704476585229114,0.13704476584009648,0.13704476583503428,0.13704476584009648,0.13704476584609945,0.13704476584009648,0.13704476583503428,0.13602973240442756,0.13602973240787505,0.1360297324112186,0.13602973240787505,0.13602973240442756,0.13602973240787505,0.13602973241455965,0.13602973242341626,0.13602973241455965,0.13602973240787505,0.1360297324112186,0.13602973242341626,0.13602973244784372,0.13602973242341626,0.1360297324112186,0.13602973240787505,0.13602973241455965,0.13602973242341626,0.13602973241455965,0.13602973240787505,0.13602973240442756,0.13602973240787505,0.1360297324112186,0.13602973240787505,0.13602973240442756,0.13503425187982251,0.13503425188196333,0.13503425188372242,0.13503425188196333,0.13503425187982251,0.13503425188196333,0.13503425188538576,0.13503425188876153,0.13503425188538576,0.13503425188196333,0.13503425188372242,0.13503425188876153,0.13503425189487359,0.13503425188876153,0.13503425188372242,0.13503425188196333,0.13503425188538576,0.13503425188876153,0.13503425188538576,0.13503425188196333,0.13503425187982251,0.13503425188196333,0.13503425188372242,0.13503425188196333,0.13503425187982251
0.1653324878439818,0.1653324878439816,0.16533248784398133,0.1653324878439816,0.1653324878439818,0.1653324878439816,0.1653324878439811,0.16533248784398086,0.1653324878439811,0.1653324878439816,0.16533248784398133,0.16533248784398086,0.16533248784398064,0.16533248784398086,0.16533248784398133,0.1653324878439816,0.1653324878439811,0.16533248784398086,0.1653324878439811,0.1653324878439816,0.1653324878439818,0.1653324878439816,0.16533248784398133,0.1653324878439816,0.1653324878439818,0.16375749412404592,0.16375749412404522,0.16375749412404478,0.16375749412404522,0.16375749412404592,0.16375749412404522,0.16375749412404428,0.16375749412404383,0.16375749412404428,0.16375749412404522,0.16375749412404478,0.16375749412404383,0.16375749412404336,0.16375749412404383,0.16375749412404478,0.16375749412404522,0.16375749412404428,0.16375749412404383,0.16375749412404428,0.16375749412404522,0.16375749412404592,0.16375749412404522,0.16375749412404478,0.16375749412404522,0.16375749412404592,0.16221388433605063,0.1622138843360482,0.16221388433604655,0.1622138843360482,0.16221388433605063,0.1622138843360482,0.16221388433604567,0.16221388433604408,0.16221388433604567,0.1622138843360482,0.16221388433604655,0.16221388433604408,0.16221388433604225,0.16221388433604408,0.16221388433604655,0.1622138843360482,0.16221388433604567,0.16221388433604408,0.16221388433604567,0.1622138843360482,0.16221388433605063,0.1622138843360482,0.16221388433604655,0.1622138843360482,0.16221388433605063,0.16070106743703988,0.16070106743703236,0.1607010674370277,0.16070106743703236,0.16070106743703988,0.16070106743703236,0.16070106743702434,0.16070106743701923,0.16070106743702434,0.16070106743703236,0.1607010674370277,0.16070106743701923,0.1607010674370139,0.16070106743701923,0.1607010674370277,0.16070106743703236,0.16070106743702434,0.16070106743701923,0.16070106743702434,0.16070106743703236,0.16070106743703988,0.16070106743703236,0.1607010674370277,0.16070106743703236,0.16070106743703988,0.15921845180200195,0.15921845180197994,0.1592184518019656,0.15921845180197994,0.15921845180200195,0.15921845180197994,0.1592184518019549,0.15921845180193836,0.1592184518019549,0.15921845180197994,0.1592184518019656,0.15921845180193836,0.15921845180192007,0.15921845180193836,0.1592184518019656,0.15921845180197994,0.1592184518019549,0.15921845180193836,0.1592184518019549,0.15921845180197994,0.15921845180200195,0.15921845180197994,0.1592184518019656,0.15921845180197994,0.15921845180200195,0.1577654465757347,0.15776544657566965,0.1577654465756261,0.15776544657566965,0.1577654465757347,0.15776544657566965,0.15776544657559174,0.15776544657553757,0.15776544657559174,0.15776544657566965,0.1577654465756261,0.15776544657553757,0.15776544657547398,0.15776544657553757,0.1577654465756261,0.15776544657566965,0.15776544657559174,0.15776544657553757,0.15776544657559174,0.15776544657566965,0.1577654465757347,0.15776544657566965,0.1577654465756261,0.15776544657566965,0.1577654465757347,0.1563414628872056,0.15634146288701992,0.15634146288689027,0.15634146288701992,0.1563414628872056,0.15634146288701992,0.1563414628867813,0.1563414628866021,0.1563414628867813,0.15634146288701992,0.15634146288689027,0.1563414628866021,0.15634146288637543,0.1563414628866021,0.15634146288689027,0.15634146288701992,0.1563414628867813,0.1563414628866021,0.1563414628867813,0.15634146288701992,0.1563414628872056,0.15634146288701992,0.15634146288689027,0.15634146288701992,0.1563414628872056,0.15494591493671694,0.15494591493621243,0.15494591493583637,0.15494591493621243,0.15494591493671694,0.15494591493621243,0.15494591493549842,0.15494591493490228,0.15494591493549842,0.15494591493621243,0.15494591493583637,0.15494591493490228,0.15494591493403337,0.15494591493490228,0.15494591493583637,0.15494591493621243,0.15494591493549842,0.15494591493490228,0.15494591493549842,0.15494591493621243,0.15494591493671694,0.15494591493621243,0.15494591493583637,0.15494591493621243,0.15494591493671694,0.1535782209656623,0.15357822096439458,0.15357822096334897,0.15357822096439458,0.1535782209656623,0.15357822096439458,0.15357822096235882,0.15357822096033594,0.15357822096235882,0.15357822096439458,0.15357822096334897,0.15357822096033594,0.15357822095664045,0.15357822096033594,0.15357822096334897,0.15357822096439458,0.15357822096235882,0.15357822096033594,0.15357822096235882,0.15357822096439458,0.1535782209656623,0.15357822096439458,0.15357822096334897,0.15357822096439458,0.1535782209656623,0.15223780411814403,0.15223780411535284,0.1522378041127028,0.15223780411535284,0.15223780411814403,0.15223780411535284,0.1522378041100683,0.1522378041033242,0.1522378041100683,0.15223780411535284,0.1522378041127028,0.1522378041033242,0.1522378040855626,0.1522378041033242,0.1522378041127028,0.15223780411535284,0.1522378041100683,0.1522378041033242,0.1522378041100683,0.15223780411535284,0.15223780411814403,0.15223780411535284,0.1522378041127028,0.15223780411535284,0.15223780411814403,0.15092409320295,0.15092409319815517,0.15092409319277175,0.15092409319815517,0.15092409320295,0.15092409319815517,0.15092409318725036,0.15092409316769426,0.15092409318725036,0.15092409319815517,0.15092409319277175,0.15092409316769426,0.15092409307091095,0.15092409316769426,0.15092409319277175,0.15092409319815517,0.15092409318725036,0.15092409316769426,0.15092409318725036,0.15092409319815517,0.15092409320295,0.15092409319815517,0.15092409319277175,0.15092409319815517,0.15092409320295,0.14963652336258335,0.14963652335772276,0.14963652335247893,0.14963652335772276,0.14963652336258335,0.14963652335772276,0.1496365233471214,0.14963652332968164,0.1496365233471214,0.14963652335772276,0.14963652335247893,0.14963652332968164,0.14963652325476987,0.14963652332968164,0.14963652335247893,0.14963652335772276,0.1496365233471214,0.14963652332968164,0.1496365233471214,0.14963652335772276,0.14963652336258335,0.14963652335772276,0.14963652335247893,0.14963652335772276,0.14963652336258335,0.14837453665370132,0.14837453665007888,0.14837453664634373,0.14837453665007888,0.14837453665370132,0.14837453665007888,0.14837453664256317,0.1483745366310036,0.14837453664256317,0.14837453665007888,0.14837453664634373,0.1483745366310036,0.14837453658459068,0.1483745366310036,0.14837453664634373,0.14837453665007888,0.14837453664256317,0.1483745366310036,0.14837453664256317,0.14837453665007888,0.14837453665370132,0.14837453665007888,0.14837453664634373,0.14837453665007888,0.14837453665370132,0.14713758255670722,0.1471375825547337,0.14713758255277706,0.1471375825547337,0.14713758255670722,0.1471375825547337,0.147137582550819,0.14713758254509024,0.147137582550819,0.1471375825547337,0.14713758255277706,0.14713758254509024,0.14713758252304016,0.14713758254509024,0.14713758255277706,0.1471375825547337,0.147137582550819,0.14713758254509024,0.147137582550819,0.1471375825547337,0.14713758255670722,0.1471375825547337,0.14713758255277706,0.1471375825547337,0.14713758255670722,0.14592511841538738,0.14592511841503378,0.14592511841475048,0.14592511841503378,0.14592511841538738,0.14592511841503378,0.14592511841448763,0.1459251184139524,0.14592511841448763,0.14592511841503378,0.14592511841475048,0.1459251184139524,0.14592511841286476,0.1459251184139524,0.14592511841475048,0.14592511841503378,0.14592511841448763,0.1459251184139524,0.14592511841448763,0.14592511841503378,0.14592511841538738,0.14592511841503378,0.14592511841475048,0.14592511841503378,0.14592511841538738,0.14473660981125952,0.1447366098123089,0.14473660981346828,0.1447366098123089,0.14473660981125952,0.1447366098123089,0.14473660981466202,0.14473660981863248,0.14473660981466202,0.1447366098123089,0.14473660981346828,0.14473660981863248,0.1447366098361985,0.14473660981863248,0.14473660981346828,0.1447366098123089,0.14473660981466202,0.14473660981863248,0.14473660981466202,0.1447366098123089,0.14473660981125952,0.1447366098123089,0.14473660981346828,0.1447366098123089,0.14473660981125952,0.14357153087873192,0.14357153088082705,0.1435715308830539,0.14357153088082705,0.14357153087873192,0.14357153088082705,0.14357153088532235,0.14357153089258934,0.14357153088532235,0.14357153088082705,0.1435715308830539,0.14357153089258934,0.14357153092363623,0.14357153089258934,0.1435715308830539,0.14357153088082705,0.14357153088532235,0.14357153089258934,0.14357153088532235,0.14357153088082705,0.14357153087873192,0.14357153088082705,0.1435715308830539,0.14357153088082705,0.14357153087873192,0.14242936456677313,0.14242936456947763,0.14242936457231803,0.14242936456947763,0.14242936456677313,0.14242936456947763,0.14242936457519983,0.1424293645843242,0.14242936457519983,0.14242936456947763,0.14242936457231803,0.1424293645843242,0.14242936462274827,0.1424293645843242,0.14242936457231803,0.14242936456947763,0.14242936457519983,0.1424293645843242,0.14242936457519983,0.14242936456947763,0.14242936456677313,0.14242936456947763,0.14242936457231803,0.14242936456947763,0.14242936456677313,0.14130960285196356,0.14130960285482347,0.14130960285780456,0.14130960285482347,0.14130960285196356,0.14130960285482347,0.1413096028608148,0.1413096028704227,0.1413096028608148,0.14130960285482347,0.14130960285780456,0.1413096028704227,0.14130960291191266,0.1413096028704227,0.14130960285780456,0.14130960285482347,0.1413096028608148,0.1413096028704227,0.1413096028608148,0.14130960285482347,0.14130960285196356,0.14130960285482347,0.14130960285780456,0.14130960285482347,0.14130960285196356,0.14021174690745292,0.14021174691006666,0.14021174691263139,0.14021174691006666,0.14021174690745292,0.14021174691006666,0.1402117469151777,0.14021174692276792,0.1402117469151777,0.14021174691006666,0.14021174691263139,0.14021174692276792,0.14021174695386907,0.14021174692276792,0.14021174691263139,0.14021174691006666,0.1402117469151777,0.14021174692276792,0.1402117469151777,0.14021174691006666,0.14021174690745292,0.14021174691006666,0.14021174691263139,0.14021174691006666,0.14021174690745292,0.13913530723199294,0.13913530723453,0.13913530723673137,0.13913530723453,0.13913530723199294,0.13913530723453,0.13913530723886036,0.13913530724357098,0.13913530723886036,0.13913530723453,0.13913530723673137,0.13913530724357098,0.13913530725365789,0.13913530724357098,0.13913530723673137,0.13913530723453,0.13913530723886036,0.13913530724357098,0.13913530723886036,0.13913530723453,0.13913530723199294,0.13913530723453,0.13913530723673137,0.13913530723453,0.13913530723199294,0.13807980374197346,0.13807980374554935,0.13807980374899265,0.13807980374554935,0.13807980374197346,0.13807980374554935,0.13807980375243178,0.13807980376138962,0.13807980375243178,0.13807980374554935,0.13807980374899265,0.13807980376138962,0.13807980378550305,0.13807980376138962,0.13807980374899265,0.13807980374554935,0.13807980375243178,0.13807980376138962,0.13807980375243178,0.13807980374554935,0.13807980374197346,0.13807980374554935,0.13807980374899265,0.13807980374554935,0.13807980374197362,0.13704476583031225,0.1370447658353563,0.13704476584133846,0.1370447658353563,0.13704476583031225,0.1370447658353563,0.13704476584750871,0.13704476587145456,0.13704476584750871,0.1370447658353563,0.13704476584133846,0.13704476587145456,0.13704476600292675,0.13704476587145456,0.13704476584133846,0.1370447658353563,0.13704476584750871,0.13704476587145456,0.13704476584750871,0.1370447658353563,0.13704476583031225,0.1370447658353563,0.13704476584133846,0.1370447658353563,0.13704476583031225,0.1360297323995964,0.13602973240303207,0.13602973240636443,0.13602973240303207,0.1360297323995964,0.13602973240303207,0.13602973240969402,0.13602973241852168,0.13602973240969402,0.13602973240303207,0.13602973240636443,0.13602973241852168,0.13602973244286837,0.13602973241852168,0.13602973240636443,0.13602973240303207,0.13602973240969402,0.13602973241852168,0.13602973240969402,0.13602973240303207,0.1360297323995964,0.13602973240303207,0.13602973240636443,0.13602973240303207,0.1360297323995964,0.13503425187498405,0.13503425187711784,0.13503425187887125,0.13503425187711784,0.13503425187498405,0.13503425187711784,0.1350342518805296,0.13503425188389456,0.1350342518805296,0.13503425187711784,0.13503425187887125,0.13503425188389456,0.13503425188998672,0.13503425188389456,0.13503425187887125,0.13503425187711784,0.1350342518805296,0.13503425188389456,0.1350342518805296,0.13503425187711784,0.13503425187498405,0.13503425187711784,0.13503425187887125,0.13503425187711784,0.13503425187498405
0.16533248784592633,0.16533248784592589,0.16533248784592566,0.16533248784592589,0.16533248784592633,0.16533248784592589,0.16533248784592566,0.1653324878459254,0.16533248784592566,0.16533248784592589,0.16533248784592566,0.1653324878459254,0.16533248784592516,0.1653324878459254,0.16533248784592566,0.16533248784592589,0.16533248784592566,0.1653324878459254,0.16533248784592566,0.16533248784592589,0.16533248784592633,0.16533248784592589,0.16533248784592566,0.16533248784592589,0.16533248784592633,0.163757494125936,0.1637574941259353,0.1637574941259346,0.1637574941259353,0.163757494125936,0.1637574941259353,0.16375749412593438,0.1637574941259339,0.16375749412593438,0.1637574941259353,0.1637574941259346,0.1637574941259339,0.1637574941259332,0.1637574941259339,0.1637574941259346,0.1637574941259353,0.16375749412593438,0.1637574941259339,0.16375749412593438,0.1637574941259353,0.163757494125936,0.1637574941259353,0.1637574941259346,0.1637574941259353,0.163757494125936,0.1622138843378745,0.16221388433787223,0.16221388433787065,0.16221388433787223,0.1622138843378745,0.16221388433787223,0.1622138843378695,0.16221388433786793,0.1622138843378695,0.16221388433787223,0.16221388433787065,0.16221388433786793,0.1622138843378661,0.16221388433786793,0.16221388433787065,0.16221388433787223,0.1622138843378695,0.16221388433786793,0.1622138843378695,0.16221388433787223,0.1622138843378745,0.16221388433787223,0.16221388433787065,0.16221388433787223,0.1622138843378745,0.1607010674387858,0.16070106743877846,0.16070106743877358,0.16070106743877846,0.1607010674387858,0.16070106743877846,0.16070106743877025,0.16070106743876514,0.16070106743877025,0.16070106743877846,0.16070106743877358,0.16070106743876514,0.16070106743875956,0.16070106743876514,0.16070106743877358,0.16070106743877846,0.16070106743877025,0.16070106743876514,0.16070106743877025,0.16070106743877846,0.1607010674387858,0.16070106743877846,0.16070106743877358,0.16070106743877846,0.1607010674387858,0.15921845180365787,0.1592184518036359,0.15921845180362154,0.1592184518036359,0.15921845180365787,0.1592184518036359,0.15921845180361066,0.1592184518035939,0.15921845180361066,0.1592184518036359,0.15921845180362154,0.1592184518035939,0.15921845180357513,0.1592184518035939,0.15921845180362154,0.1592184518036359,0.15921845180361066,0.1592184518035939,0.15921845180361066,0.1592184518036359,0.15921845180365787,0.1592184518036359,0.15921845180362154,0.1592184518036359,0.15921845180365787,0.1577654465772889,0.1577654465772236,0.15776544657718009,0.1577654465772236,0.1577654465772889,0.1577654465772236,0.1577654465771455,0.15776544657709068,0.1577654465771455,0.1577654465772236,0.15776544657718009,0.15776544657709068,0.1577654465770271,0.15776544657709068,0.15776544657718009,0.1577654465772236,0.1577654465771455,0.15776544657709068,0.1577654465771455,0.1577654465772236,0.1577654465772889,0.1577654465772236,0.15776544657718009,0.1577654465772236,0.1577654465772889,0.15634146288864653,0.15634146288846087,0.15634146288833164,0.15634146288846087,0.15634146288864653,0.15634146288846087,0.15634146288822165,0.1563414628880435,0.15634146288822165,0.15634146288846087,0.15634146288833164,0.1563414628880435,0.15634146288781745,0.1563414628880435,0.15634146288833164,0.15634146288846087,0.15634146288822165,0.1563414628880435,0.15634146288822165,0.15634146288846087,0.15634146288864653,0.15634146288846087,0.15634146288833164,0.15634146288846087,0.15634146288864653,0.15494591493803345,0.1549459149375299,0.1549459149371545,0.1549459149375299,0.15494591493803345,0.1549459149375299,0.15494591493681736,0.15494591493622248,0.15494591493681736,0.1549459149375299,0.1549459149371545,0.15494591493622248,0.1549459149353554,0.15494591493622248,0.1549459149371545,0.1549459149375299,0.15494591493681736,0.15494591493622248,0.15494591493681736,0.1549459149375299,0.15494591493803345,0.1549459149375299,0.1549459149371545,0.1549459149375299,0.15494591493803345,0.15357822096684123,0.15357822096557674,0.15357822096453375,0.15357822096557674,0.15357822096684123,0.15357822096557674,0.15357822096354604,0.15357822096152793,0.15357822096354604,0.15357822096557674,0.15357822096453375,0.15357822096152793,0.15357822095784085,0.15357822096152793,0.15357822096453375,0.15357822096557674,0.15357822096354604,0.15357822096152793,0.15357822096354604,0.15357822096557674,0.15357822096684123,0.15357822096557674,0.15357822096453375,0.15357822096557674,0.15357822096684123,0.15223780411916993,0.15223780411638604,0.1522378041137425,0.15223780411638604,0.15223780411916993,0.15223780411638604,0.15223780411111568,0.1522378041043869,0.15223780411111568,0.15223780411638604,0.1522378041137425,0.1522378041043869,0.15223780408666626,0.1522378041043869,0.1522378041137425,0.15223780411638604,0.15223780411111568,0.1522378041043869,0.15223780411111568,0.15223780411638604,0.15223780411916993,0.15223780411638604,0.1522378041137425,0.15223780411638604,0.15223780411916993,0.15092409320379963,0.15092409319901773,0.15092409319364816,0.15092409319901773,0.15092409320379963,0.15092409319901773,0.15092409318814087,0.15092409316863262,0.15092409318814087,0.15092409319901773,0.15092409319364816,0.15092409316863262,0.15092409307213678,0.15092409316863262,0.15092409319364816,0.15092409319901773,0.15092409318814087,0.15092409316863262,0.15092409318814087,0.15092409319901773,0.15092409320379963,0.15092409319901773,0.15092409319364816,0.15092409319901773,0.15092409320379963,0.14963652336322303,0.14963652335837777,0.1496365233531496,0.14963652335837777,0.14963652336322303,0.14963652335837777,0.14963652334780797,0.14963652333041738,0.14963652334780797,0.14963652335837777,0.1496365233531496,0.14963652333041738,0.14963652325564758,0.14963652333041738,0.1496365233531496,0.14963652335837777,0.14963652334780797,0.14963652333041738,0.14963652334780797,0.14963652335837777,0.14963652336322303,0.14963652335837777,0.1496365233531496,0.14963652335837777,0.14963652336322303,0.14837453665409367,0.14837453665048733,0.1483745366467687,0.14837453665048733,0.14837453665409367,0.14837453665048733,0.14837453664300462,0.14837453663149472,0.14837453664300462,0.14837453665048733,0.1483745366467687,0.14837453663149472,0.14837453658527808,0.14837453663149472,0.1483745366467687,0.14837453665048733,0.14837453664300462,0.14837453663149472,0.14837453664300462,0.14837453665048733,0.14837453665409367,0.14837453665048733,0.1483745366467687,0.14837453665048733,0.14837453665409367,0.1471375825568153,0.14713758255485776,0.14713758255291803,0.14713758255485776,0.1471375825568153,0.14713758255485776,0.14713758255097684,0.1471375825453017,0.14713758255097684,0.14713758255485776,0.14713758255291803,0.1471375825453017,0.14713758252345527,0.1471375825453017,0.14713758255291803,0.14713758255485776,0.14713758255097684,0.1471375825453017,0.14713758255097684,0.14713758255485776,0.1471375825568153,0.14713758255485776,0.14713758255291803,0.14713758255485776,0.1471375825568153,0.1459251184151757,0.14592511841483558,0.1459251184145669,0.14592511841483558,0.1459251184151757,0.14592511841483558,0.14592511841431938,0.14592511841383646,0.14592511841431938,0.14592511841483558,0.1459251184145669,0.14592511841383646,0.1459251184129748,0.14592511841383646,0.1459251184145669,0.14592511841483558,0.14592511841431938,0.14592511841383646,0.14592511841431938,0.14592511841483558,0.1459251184151757,0.14592511841483558,0.1459251184145669,0.14592511841483558,0.1459251184151757,0.1447366098107008,0.14473660981175576,0.14473660981292139,0.14473660981175576,0.1447366098107008,0.14473660981175576,0.14473660981412162,0.14473660981811426,0.14473660981412162,0.14473660981175576,0.14473660981292139,0.14473660981811426,0.14473660983575723,0.14473660981811426,0.14473660981292139,0.14473660981175576,0.14473660981412162,0.14473660981811426,0.14473660981412162,0.14473660981175576,0.1447366098107008,0.14473660981175576,0.14473660981292139,0.14473660981175576,0.1447366098107008,0.143571530877817,0.14357153087990748,0.14357153088212937,0.14357153087990748,0.143571530877817,0.14357153087990748,0.14357153088439253,0.1435715308916407,0.14357153088439253,0.14357153087990748,0.14357153088212937,0.1435715308916407,0.1435715309226005,0.1435715308916407,0.14357153088212937,0.14357153087990748,0.14357153088439253,0.1435715308916407,0.14357153088439253,0.14357153087990748,0.143571530877817,0.14357153087990748,0.14357153088212937,0.14357153087990748,0.143571530877817,0.14242936456551653,0.1424293645682081,0.1424293645710349,0.1424293645682081,0.14242936456551653,0.1424293645682081,0.14242936457390276,0.14242936458298402,0.14242936457390276,0.1424293645682081,0.1424293645710349,0.14242936458298402,0.14242936462123282,0.14242936458298402,0.1424293645710349,0.1424293645682081,0.14242936457390276,0.14242936458298402,0.14242936457390276,0.1424293645682081,0.14242936456551653,0.1424293645682081,0.1424293645710349,0.1424293645682081,0.14242936456551653,0.14130960285039984,0.14130960285324096,0.14130960285620153,0.14130960285324096,0.14130960285039984,0.14130960285324096,0.14130960285919067,0.14130960286872707,0.14130960285919067,0.14130960285324096,0.14130960285620153,0.14130960286872707,0.1413096029099075,0.14130960286872707,0.14130960285620153,0.14130960285324096,0.14130960285919067,0.14130960286872707,0.14130960285919067,0.14130960285324096,0.14130960285039984,0.14130960285324096,0.14130960285620153,0.14130960285324096,0.14130960285039984,0.14021174690563254,0.14021174690822774,0.14021174691077246,0.14021174690822774,0.14021174690563254,0.14021174690822774,0.14021174691329882,0.14021174692082222,0.14021174691329882,0.14021174690822774,0.14021174691077246,0.14021174692082222,0.14021174695161348,0.14021174692082222,0.14021174691077246,0.14021174690822774,0.14021174691329882,0.14021174692082222,0.14021174691329882,0.14021174690822774,0.14021174690563254,0.14021174690822774,0.14021174691077246,0.14021174690822774,0.14021174690563254,0.1391353072299686,0.13913530723249146,0.13913530723468004,0.13913530723249146,0.1391353072299686,0.13913530723249146,0.1391353072367965,0.1391353072414776,0.1391353072367965,0.13913530723249146,0.13913530723468004,0.1391353072414776,0.13913530725149476,0.1391353072414776,0.13913530723468004,0.13913530723249146,0.1391353072367965,0.1391353072414776,0.1391353072367965,0.13913530723249146,0.1391353072299686,0.13913530723249146,0.13913530723468004,0.13913530723249146,0.1391353072299686,0.13807980373979267,0.1380798037433541,0.13807980374678394,0.1380798037433541,0.13807980373979267,0.1380798037433541,0.13807980375020973,0.13807980375913423,0.13807980375020973,0.1380798037433541,0.13807980374678394,0.13807980375913423,0.13807980378316176,0.13807980375913423,0.13807980374678394,0.1380798037433541,0.13807980375020973,0.13807980375913423,0.13807980375020973,0.1380798037433541,0.13807980373979267,0.1380798037433541,0.13807980374678394,0.1380798037433541,0.13807980373979267,0.13704476582802494,0.13704476583305153,0.13704476583901348,0.13704476583305153,0.13704476582802494,0.13704476583305153,0.13704476584516273,0.13704476586902936,0.13704476584516273,0.13704476583305153,0.13704476583901348,0.13704476586902936,0.13704476600008256,0.13704476586902936,0.13704476583901348,0.13704476583305153,0.13704476584516273,0.13704476586902936,0.13704476584516273,0.13704476583305153,0.13704476582802494,0.13704476583305153,0.13704476583901348,0.13704476583305153,0.13704476582802494,0.13602973239726196,0.13602973240068605,0.13602973240400737,0.13602973240068605,0.13602973239726196,0.13602973240068605,0.13602973240732588,0.13602973241612495,0.13602973240732588,0.13602973240068605,0.13602973240400737,0.13602973241612495,0.13602973244039243,0.13602973241612495,0.13602973240400737,0.13602973240068605,0.13602973240732588,0.13602973241612495,0.13602973240732588,0.13602973240068605,0.13602973239726196,0.13602973240068605,0.13602973240400737,0.13602973240068605,0.13602973239726196,0.13503425187265156,0.13503425187477816,0.13503425187652585,0.13503425187477833,0.13503425187265156,0.13503425187477816,0.13503425187817908,0.1350342518815331,0.13503425187817908,0.13503425187477833,0.13503425187652585,0.1350342518815331,0.1350342518876055,0.1350342518815331,0.13503425187652585,0.13503425187477833,0.13503425187817908,0.1350342518815331,0.13503425187817908,0.13503425187477833,0.13503425187265156,0.13503425187477833,0.13503425187652585,0.13503425187477833,0.13503425187265156
0.16533248784701993,0.16533248784701943,0.16533248784701943,0.16533248784701943,0.16533248784701993,0.16533248784701943,0.16533248784701923,0.16533248784701896,0.16533248784701923,0.16533248784701943,0.16533248784701943,0.16533248784701896,0.16533248784701873,0.16533248784701896,0.16533248784701943,0.16533248784701943,0.16533248784701923,0.16533248784701896,0.16533248784701923,0.16533248784701943,0.16533248784701993,0.16533248784701943,0.16533248784701943,0.16533248784701943,0.16533248784701993,0.1637574941270027,0.16375749412700177,0.1637574941270013,0.16375749412700177,0.1637574941270027,0.16375749412700177,0.16375749412700086,0.16375749412700036,0.16375749412700086,0.16375749412700177,0.1637574941270013,0.16375749412700036,0.16375749412699994,0.16375749412700036,0.1637574941270013,0.16375749412700177,0.16375749412700086,0.16375749412700036,0.16375749412700086,0.16375749412700177,0.1637574941270027,0.16375749412700177,0.1637574941270013,0.16375749412700177,0.1637574941270027,0.16221388433891018,0.1622138843389079,0.16221388433890635,0.1622138843389079,0.16221388433891018,0.1622138843389079,0.16221388433890518,0.1622138843389036,0.16221388433890518,0.1622138843389079,0.16221388433890635,0.1622138843389036,0.1622138843389018,0.1622138843389036,0.16221388433890635,0.1622138843389079,0.16221388433890518,0.1622138843389036,0.16221388433890518,0.1622138843389079,0.16221388433891018,0.1622138843389079,0.16221388433890635,0.1622138843389079,0.16221388433891018,0.16070106743978682,0.16070106743977927,0.1607010674397746,0.16070106743977927,0.16070106743978682,0.16070106743977927,0.16070106743977128,0.16070106743976592,0.16070106743977128,0.16070106743977927,0.1607010674397746,0.16070106743976592,0.16070106743976037,0.16070106743976592,0.1607010674397746,0.16070106743977927,0.16070106743977128,0.16070106743976592,0.16070106743977128,0.16070106743977927,0.16070106743978682,0.16070106743977927,0.1607010674397746,0.16070106743977927,0.16070106743978682,0.1592184518046204,0.1592184518045982,0.15921845180458383,0.1592184518045982,0.1592184518046204,0.1592184518045982,0.15921845180457295,0.15921845180455596,0.15921845180457295,0.1592184518045982,0.15921845180458383,0.15921845180455596,0.15921845180453703,0.15921845180455596,0.15921845180458383,0.1592184518045982,0.15921845180457295,0.15921845180455596,0.15921845180457295,0.1592184518045982,0.1592184518046204,0.1592184518045982,0.15921845180458383,0.1592184518045982,0.1592184518046204,0.15776544657820873,0.15776544657814362,0.15776544657810032,0.15776544657814362,0.15776544657820873,0.15776544657814362,0.15776544657806535,0.15776544657801073,0.15776544657806535,0.15776544657814362,0.15776544657810032,0.15776544657801073,0.1577654465779471,0.15776544657801073,0.15776544657810032,0.15776544657814362,0.15776544657806535,0.15776544657801073,0.15776544657806535,0.15776544657814362,0.15776544657820873,0.15776544657814362,0.15776544657810032,0.15776544657814362,0.15776544657820873,0.15634146288952022,0.15634146288933493,0.15634146288920592,0.15634146288933493,0.15634146288952022,0.15634146288933493,0.15634146288909614,0.15634146288891837,0.15634146288909614,0.15634146288933493,0.15634146288920592,0.15634146288891837,0.15634146288869274,0.15634146288891837,0.15634146288920592,0.15634146288933493,0.15634146288909614,0.15634146288891837,0.15634146288909614,0.15634146288933493,0.15634146288952022,0.15634146288933493,0.15634146288920592,0.15634146288933493,0.15634146288952022,0.15494591493885623,0.15494591493835397,0.15494591493797955,0.15494591493835397,0.15494591493885623,0.15494591493835397,0.15494591493764306,0.15494591493704957,0.15494591493764306,0.15494591493835397,0.15494591493797955,0.15494591493704957,0.15494591493618454,0.15494591493704957,0.15494591493797955,0.15494591493835397,0.15494591493764306,0.15494591493704957,0.15494591493764306,0.15494591493835397,0.15494591493885623,0.15494591493835397,0.15494591493797955,0.15494591493835397,0.15494591493885623,0.15357822096760787,0.15357822096634635,0.1535782209653058,0.15357822096634635,0.15357822096760787,0.15357822096634635,0.15357822096432044,0.153578220962307,0.15357822096432044,0.15357822096634635,0.1535782209653058,0.153578220962307,0.15357822095862836,0.153578220962307,0.1535782209653058,0.15357822096634635,0.15357822096432044,0.153578220962307,0.15357822096432044,0.15357822096634635,0.15357822096760787,0.15357822096634635,0.1535782209653058,0.15357822096634635,0.15357822096760787,0.15223780411987067,0.15223780411709367,0.15223780411445642,0.15223780411709367,0.15223780411987067,0.15223780411709367,0.1522378041118363,0.1522378041051229,0.1522378041118363,0.15223780411709367,0.15223780411445642,0.1522378041051229,0.15223780408744236,0.1522378041051229,0.15223780411445642,0.15223780411709367,0.1522378041118363,0.1522378041051229,0.1522378041118363,0.15223780411709367,0.15223780411987067,0.15223780411709367,0.15223780411445642,0.15223780411709367,0.15223780411987067,0.15092409320441735,0.15092409319964778,0.15092409319429176,0.15092409319964778,0.15092409320441735,0.15092409319964778,0.15092409318879815,0.15092409316933583,0.15092409318879815,0.15092409319964778,0.15092409319429176,0.15092409316933583,0.15092409307306529,0.15092409316933583,0.15092409319429176,0.15092409319964778,0.15092409318879815,0.15092409316933583,0.15092409318879815,0.15092409319964778,0.15092409320441735,0.15092409319964778,0.15092409319429176,0.15092409319964778,0.15092409320441735,0.1496365233637298,0.14963652335889926,0.1496365233536864,0.14963652335889926,0.1496365233637298,0.14963652335889926,0.1496365233483603,0.14963652333101735,0.1496365233483603,0.14963652335889926,0.1496365233536864,0.14963652333101735,0.14963652325644722,0.14963652333101735,0.1496365233536864,0.14963652335889926,0.1496365233483603,0.14963652333101735,0.1496365233483603,0.14963652335889926,0.1496365233637298,0.14963652335889926,0.1496365233536864,0.14963652335889926,0.1496365233637298,0.1483745366544567,0.14837453665086578,0.14837453664716307,0.14837453665086578,0.1483745366544567,0.14837453665086578,0.14837453664341496,0.14837453663195305,0.14837453664341496,0.14837453665086578,0.14837453664716307,0.14837453663195305,0.1483745365859486,0.14837453663195305,0.14837453664716307,0.14837453665086578,0.14837453664341496,0.14837453663195305,0.14837453664341496,0.14837453665086578,0.1483745366544567,0.14837453665086578,0.14837453664716307,0.14837453665086578,0.1483745366544567,0.14713758255700005,0.14713758255505816,0.1471375825531344,0.14713758255505816,0.14713758255700005,0.14713758255505816,0.14713758255120973,0.14713758254558618,0.14713758255120973,0.14713758255505816,0.1471375825531344,0.14713758254558618,0.147137582523943,0.14713758254558618,0.1471375825531344,0.14713758255505816,0.14713758255120973,0.14713758254558618,0.14713758255120973,0.14713758255505816,0.14713758255700005,0.14713758255505816,0.1471375825531344,0.14713758255505816,0.14713758255700005,0.1459251184151488,0.1459251184148215,0.14592511841456723,0.1459251184148215,0.1459251184151488,0.1459251184148215,0.14592511841433414,0.14592511841390163,0.14592511841433414,0.1459251184148215,0.14592511841456723,0.14592511841390163,0.14592511841326844,0.14592511841390163,0.14592511841456723,0.1459251184148215,0.14592511841433414,0.14592511841390163,0.14592511841433414,0.1459251184148215,0.1459251184151488,0.1459251184148215,0.14592511841456723,0.1459251184148215,0.1459251184151488,0.14473660981043404,0.14473660981149444,0.1447366098126662,0.14473660981149444,0.14473660981043404,0.14473660981149444,0.14473660981387287,0.14473660981788716,0.14473660981387287,0.14473660981149444,0.1447366098126662,0.14473660981788716,0.14473660983565947,0.14473660981788716,0.1447366098126662,0.14473660981149444,0.14473660981387287,0.14473660981788716,0.14473660981387287,0.14473660981149444,0.14473660981043404,0.14473660981149444,0.1447366098126662,0.14473660981149444,0.14473660981043404,0.14357153087729818,0.14357153087938457,0.1435715308816015,0.14357153087938457,0.14357153087729818,0.14357153087938457,0.14357153088385985,0.1435715308910904,0.14357153088385985,0.14357153087938457,0.1435715308816015,0.1435715308910904,0.1435715309219559,0.1435715308910904,0.1435715308816015,0.14357153087938457,0.14357153088385985,0.1435715308910904,0.14357153088385985,0.14357153087938457,0.14357153087729818,0.14357153087938457,0.1435715308816015,0.14357153087938457,0.14357153087729818,0.1424293645647544,0.14242936456743374,0.14242936457024746,0.14242936456743374,0.1424293645647544,0.14242936456743374,0.1424293645731021,0.1424293645821419,0.1424293645731021,0.14242936456743374,0.14242936457024746,0.1424293645821419,0.14242936462021474,0.1424293645821419,0.14242936457024746,0.14242936456743374,0.1424293645731021,0.1424293645821419,0.1424293645731021,0.14242936456743374,0.1424293645647544,0.14242936456743374,0.14242936457024746,0.14242936456743374,0.1424293645647544,0.1413096028494209,0.1413096028522438,0.1413096028551843,0.1413096028522438,0.1413096028494209,0.1413096028522438,0.1413096028581529,0.14130960286761987,0.1413096028581529,0.1413096028522438,0.1413096028551843,0.14130960286761987,0.14130960290848008,0.14130960286761987,0.1413096028551843,0.1413096028522438,0.1413096028581529,0.14130960286761987,0.1413096028581529,0.1413096028522438,0.1413096028494209,0.1413096028522438,0.1413096028551843,0.1413096028522438,0.1413096028494209,0.14021174690447635,0.14021174690705332,0.14021174690957888,0.14021174690705332,0.14021174690447635,0.14021174690705332,0.14021174691208554,0.14021174691954383,0.14021174691208554,0.14021174690705332,0.14021174690957888,0.14021174691954383,0.14021174695002514,0.14021174691954383,0.14021174690957888,0.14021174690705332,0.14021174691208554,0.14021174691954383,0.14021174691208554,0.14021174690705332,0.14021174690447635,0.14021174690705332,0.14021174690957888,0.14021174690705332,0.14021174690447635,0.1391353072286759,0.13913530723118497,0.1391353072333611,0.13913530723118497,0.1391353072286759,0.13913530723118497,0.13913530723546536,0.1391353072401175,0.13913530723546536,0.13913530723118497,0.1391353072333611,0.1391353072401175,0.13913530725006668,0.1391353072401175,0.1391353072333611,0.13913530723118497,0.13913530723546536,0.1391353072401175,0.13913530723546536,0.13913530723118497,0.1391353072286759,0.13913530723118497,0.1391353072333611,0.13913530723118497,0.1391353072286759,0.13807980373839696,0.1380798037419443,0.13807980374536113,0.1380798037419443,0.13807980373839696,0.1380798037419443,0.13807980374877404,0.138079803757666,0.13807980374877404,0.1380798037419443,0.13807980374536113,0.138079803757666,0.13807980378160978,0.138079803757666,0.13807980374536113,0.1380798037419443,0.13807980374877404,0.138079803757666,0.13807980374877404,0.1380798037419443,0.13807980373839696,0.1380798037419443,0.13807980374536113,0.1380798037419443,0.13807980373839696,0.13704476582656092,0.13704476583157052,0.13704476583751268,0.13704476583157052,0.13704476582656092,0.13704476583157052,0.13704476584364186,0.13704476586743142,0.13704476584364186,0.13704476583157052,0.13704476583751268,0.13704476586743142,0.13704476599807255,0.13704476586743142,0.13704476583751268,0.13704476583157052,0.13704476584364186,0.13704476586743142,0.13704476584364186,0.13704476583157052,0.13704476582656092,0.13704476583157052,0.13704476583751268,0.13704476583157052,0.13704476582656092,0.13602973239577182,0.1360297323991847,0.1360297324024953,0.1360297323991847,0.13602973239577182,0.1360297323991847,0.13602973240580293,0.13602973241457378,0.13602973240580293,0.1360297323991847,0.1360297324024953,0.13602973241457378,0.13602973243876376,0.13602973241457378,0.1360297324024953,0.1360297323991847,0.13602973240580293,0.13602973241457378,0.13602973240580293,0.1360297323991847,0.13602973239577182,0.1360297323991847,0.1360297324024953,0.1360297323991847,0.13602973239577182,0.1350342518711665,0.13503425187328624,0.13503425187502824,0.13503425187328624,0.1350342518711665,0.13503425187328624,0.13503425187667623,0.1350342518800195,0.13503425187667623,0.13503425187328624,0.13503425187502824,0.1350342518800195,0.1350342518860725,0.1350342518800195,0.13503425187502824,0.13503425187328624,0.13503425187667623,0.1350342518800195,0.13503425187667623,0.13503425187328624,0.1350342518711665,0.13503425187328624,0.13503425187502824,0.13503425187328624,0.1350342518711665
0.1653324878478204,0.16533248784781993,0.1653324878478197,0.16533248784781993,0.1653324878478204,0.16533248784781993,0.1653324878478197,0.16533248784781943,0.1653324878478197,0.16533248784781993,0.1653324878478197,0.16533248784781943,0.1653324878478192,0.16533248784781943,0.1653324878478197,0.16533248784781993,0.1653324878478197,0.16533248784781943,0.1653324878478197,0.16533248784781993,0.1653324878478204,0.16533248784781993,0.1653324878478197,0.16533248784781993,0.1653324878478204,0.16375749412778537,0.16375749412778445,0.16375749412778398,0.16375749412778445,0.16375749412778537,0.16375749412778445,0.1637574941277835,0.16375749412778307,0.1637574941277835,0.16375749412778445,0.16375749412778398,0.16375749412778307,0.1637574941277826,0.16375749412778307,0.16375749412778398,0.16375749412778445,0.1637574941277835,0.16375749412778307,0.1637574941277835,0.16375749412778445,0.16375749412778537,0.16375749412778445,0.16375749412778398,0.16375749412778445,0.16375749412778537,0.16221388433967407,0.1622138843396716,0.16221388433967002,0.1622138843396716,0.16221388433967407,0.1622138843396716,0.1622138843396691,0.16221388433966727,0.1622138843396691,0.1622138843396716,0.16221388433967002,0.16221388433966727,0.16221388433966571,0.16221388433966727,0.16221388433967002,0.1622138843396716,0.1622138843396691,0.16221388433966727,0.1622138843396691,0.1622138843396716,0.16221388433967407,0.1622138843396716,0.16221388433967002,0.1622138843396716,0.16221388433967407,0.1607010674405306,0.16070106744052304,0.16070106744051837,0.16070106744052304,0.16070106744053037,0.16070106744052304,0.16070106744051504,0.1607010674405097,0.16070106744051504,0.16070106744052304,0.16070106744051837,0.1607010674405097,0.16070106744050394,0.1607010674405097,0.16070106744051837,0.16070106744052304,0.16070106744051504,0.1607010674405097,0.16070106744051504,0.16070106744052304,0.16070106744053037,0.16070106744052304,0.16070106744051837,0.16070106744052304,0.1607010674405306,0.1592184518053428,0.15921845180532057,0.15921845180530622,0.15921845180532057,0.1592184518053428,0.15921845180532057,0.15921845180529534,0.15921845180527835,0.15921845180529534,0.15921845180532057,0.15921845180530622,0.15921845180527835,0.15921845180525965,0.15921845180527835,0.15921845180530622,0.15921845180532057,0.15921845180529534,0.15921845180527835,0.15921845180529534,0.15921845180532057,0.1592184518053428,0.15921845180532057,0.15921845180530622,0.15921845180532057,0.1592184518053428,0.15776544657890879,0.1577654465788437,0.15776544657880037,0.1577654465788437,0.15776544657890879,0.1577654465788437,0.1577654465787654,0.15776544657871097,0.1577654465787654,0.1577654465788437,0.15776544657880037,0.15776544657871097,0.15776544657864763,0.15776544657871097,0.15776544657880037,0.1577654465788437,0.1577654465787654,0.15776544657871097,0.1577654465787654,0.1577654465788437,0.15776544657890879,0.1577654465788437,0.15776544657880037,0.1577654465788437,0.15776544657890879,0.15634146289019601,0.1563414628900112,0.1563414628898826,0.1563414628900112,0.15634146289019601,0.1563414628900112,0.15634146288977302,0.1563414628895955,0.15634146288977302,0.1563414628900112,0.1563414628898826,0.1563414628895955,0.15634146288937048,0.1563414628895955,0.1563414628898826,0.1563414628900112,0.15634146288977302,0.1563414628895955,0.15634146288977302,0.1563414628900112,0.15634146289019601,0.1563414628900112,0.1563414628898826,0.1563414628900112,0.15634146289019601,0.1549459149395061,0.15494591493900503,0.15494591493863147,0.15494591493900503,0.1549459149395061,0.15494591493900503,0.15494591493829576,0.15494591493770352,0.15494591493829576,0.15494591493900503,0.15494591493863147,0.15494591493770352,0.15494591493684054,0.15494591493770352,0.15494591493863147,0.15494591493900503,0.15494591493829576,0.15494591493770352,0.15494591493829576,0.15494591493900503,0.1549459149395061,0.15494591493900503,0.15494591493863147,0.15494591493900503,0.1549459149395061,0.15357822096822826,0.15357822096696977,0.15357822096593163,0.15357822096696977,0.15357822096822826,0.15357822096696977,0.1535782209649487,0.15357822096293966,0.1535782209649487,0.15357822096696977,0.15357822096593163,0.15357822096293966,0.15357822095926926,0.15357822096293966,0.15357822096593163,0.15357822096696977,0.1535782209649487,0.15357822096293966,0.1535782209649487,0.15357822096696977,0.15357822096822826,0.15357822096696977,0.15357822096593163,0.15357822096696977,0.15357822096822826,0.1522378041204545,0.1522378041176842,0.15223780411505325,0.1522378041176842,0.1522378041204545,0.1522378041176842,0.15223780411243942,0.15223780410574117,0.15223780411243942,0.1522378041176842,0.15223780411505325,0.15223780410574117,0.15223780408809984,0.15223780410574117,0.15223780411505325,0.1522378041176842,0.15223780411243942,0.15223780410574117,0.15223780411243942,0.1522378041176842,0.1522378041204545,0.1522378041176842,0.15223780411505325,0.1522378041176842,0.1522378041204545,0.1509240932049498,0.1509240932001924,0.15092409319484928,0.1509240932001924,0.1509240932049498,0.1509240932001924,0.15092409318936884,0.15092409316995123,0.15092409318936884,0.1509240932001924,0.15092409319484928,0.15092409316995123,0.15092409307390603,0.15092409316995123,0.15092409319484928,0.1509240932001924,0.15092409318936884,0.15092409316995123,0.15092409318936884,0.1509240932001924,0.1509240932049498,0.1509240932001924,0.15092409319484928,0.1509240932001924,0.1509240932049498,0.14963652336418493,0.14963652335936894,0.14963652335417085,0.14963652335936894,0.14963652336418493,0.14963652335936894,0.14963652334885966,0.14963652333156305,0.14963652334885966,0.14963652335936894,0.14963652335417085,0.14963652333156305,0.14963652325715762,0.14963652333156305,0.14963652335417085,0.14963652335936894,0.14963652334885966,0.14963652333156305,0.14963652334885966,0.14963652335936894,0.14963652336418493,0.14963652335936894,0.14963652335417085,0.14963652335936894,0.14963652336418493,0.14837453665480366,0.1483745366512279,0.1483745366475404,0.1483745366512279,0.14837453665480366,0.1483745366512279,0.14837453664380784,0.14837453663239228,0.14837453664380784,0.1483745366512279,0.1483745366475404,0.14837453663239228,0.1483745365865181,0.14837453663239228,0.1483745366475404,0.1483745366512279,0.14837453664380784,0.14837453663239228,0.14837453664380784,0.1483745366512279,0.14837453665480366,0.1483745366512279,0.1483745366475404,0.1483745366512279,0.14837453665480366,0.1471375825572064,0.1471375825552792,0.14713758255337125,0.1471375825552792,0.1471375825572064,0.1471375825552792,0.14713758255146242,0.14713758254588846,0.14713758255146242,0.1471375825552792,0.14713758255337125,0.14713758254588846,0.1471375825244464,0.14713758254588846,0.14713758255337125,0.1471375825552792,0.14713758255146242,0.14713758254588846,0.14713758255146242,0.1471375825552792,0.1471375825572064,0.1471375825552792,0.14713758255337125,0.1471375825552792,0.1471375825572064,0.14592511841518174,0.14592511841486694,0.14592511841462635,0.14592511841486694,0.14592511841518174,0.14592511841486694,0.1459251184144077,0.14592511841402345,0.1459251184144077,0.14592511841486694,0.14592511841462635,0.14592511841402345,0.14592511841359768,0.14592511841402345,0.14592511841462635,0.14592511841486694,0.1459251184144077,0.14592511841402345,0.1459251184144077,0.14592511841486694,0.14592511841518174,0.14592511841486694,0.14592511841462635,0.14592511841486694,0.14592511841518174,0.14473660981026631,0.14473660981133213,0.14473660981250983,0.14473660981133213,0.14473660981026631,0.14473660981133213,0.1447366098137226,0.144736609817758,0.1447366098137226,0.14473660981133213,0.14473660981250983,0.144736609817758,0.1447366098356298,0.144736609817758,0.14473660981250983,0.14473660981133213,0.1447366098137226,0.144736609817758,0.1447366098137226,0.14473660981133213,0.14473660981026631,0.14473660981133213,0.14473660981250983,0.14473660981133213,0.14473660981026631,0.1435715308769166,0.14357153087899888,0.14357153088121136,0.14357153087899888,0.1435715308769166,0.14357153087899888,0.1435715308834651,0.1435715308906792,0.1435715308834651,0.14357153087899888,0.14357153088121136,0.1435715308906792,0.14357153092145455,0.1435715308906792,0.14357153088121136,0.14357153087899888,0.1435715308834651,0.1435715308906792,0.1435715308834651,0.14357153087899888,0.1435715308769166,0.14357153087899888,0.14357153088121136,0.14357153087899888,0.1435715308769166,0.1424293645641654,0.14242936456683286,0.142429364569634,0.14242936456683286,0.1424293645641654,0.14242936456683286,0.14242936457247588,0.14242936458147612,0.14242936457247588,0.14242936456683286,0.142429364569634,0.14242936458147612,0.14242936461940045,0.14242936458147612,0.142429364569634,0.14242936456683286,0.14242936457247588,0.14242936458147612,0.14242936457247588,0.14242936456683286,0.1424293645641654,0.14242936456683286,0.142429364569634,0.14242936456683286,0.1424293645641654,0.1413096028486476,0.1413096028514529,0.14130960285437397,0.1413096028514529,0.1413096028486476,0.1413096028514529,0.14130960285732266,0.14130960286672223,0.14130960285732266,0.1413096028514529,0.14130960285437397,0.14130960286672223,0.1413096029072729,0.14130960286672223,0.14130960285437397,0.1413096028514529,0.14130960285732266,0.14130960286672223,0.14130960285732266,0.1413096028514529,0.1413096028486476,0.1413096028514529,0.14130960285437397,0.1413096028514529,0.1413096028486476,0.14021174690355448,0.14021174690611388,0.14021174690862054,0.14021174690611388,0.14021174690355448,0.14021174690611388,0.14021174691110802,0.14021174691850277,0.14021174691110802,0.14021174690611388,0.14021174690862054,0.14021174691850277,0.1402117469487235,0.14021174691850277,0.14021174690862054,0.14021174690611388,0.14021174691110802,0.14021174691850277,0.14021174691110802,0.14021174690611388,0.14021174690355448,0.14021174690611388,0.14021174690862054,0.14021174690611388,0.14021174690355448,0.13913530722764153,0.139135307230137,0.13913530723230091,0.139135307230137,0.13913530722764153,0.139135307230137,0.1391353072343932,0.1391353072390172,0.1391353072343932,0.139135307230137,0.13913530723230091,0.1391353072390172,0.1391353072489,0.1391353072390172,0.13913530723230091,0.139135307230137,0.1391353072343932,0.1391353072390172,0.1391353072343932,0.139135307230137,0.13913530722764153,0.139135307230137,0.13913530723230091,0.139135307230137,0.13913530722764153,0.13807980373727818,0.13807980374081205,0.13807980374421613,0.13807980374081205,0.13807980373727818,0.13807980374081205,0.13807980374761622,0.13807980375647652,0.13807980374761622,0.13807980374081205,0.13807980374421613,0.13807980375647652,0.13807980378033846,0.13807980375647652,0.13807980374421613,0.13807980374081205,0.13807980374761622,0.13807980375647652,0.13807980374761622,0.13807980374081205,0.13807980373727818,0.13807980374081205,0.13807980374421613,0.13807980374081205,0.13807980373727818,0.1370447658253872,0.13704476583038017,0.13704476583630307,0.13704476583038017,0.1370447658253872,0.13704476583038017,0.13704476584241249,0.13704476586612677,0.13704476584241249,0.13704476583038017,0.13704476583630307,0.13704476586612677,0.13704476599634918,0.13704476586612677,0.13704476583630307,0.13704476583038017,0.13704476584241249,0.13704476586612677,0.13704476584241249,0.13704476583038017,0.1370447658253872,0.13704476583038017,0.13704476583630307,0.13704476583038017,0.1370447658253872,0.1360297323945791,0.13602973239798094,0.13602973240128097,0.13602973239798094,0.1360297323945791,0.13602973239798094,0.136029732404578,0.13602973241332145,0.136029732404578,0.13602973239798094,0.13602973240128097,0.13602973241332145,0.13602973243743569,0.13602973241332145,0.13602973240128097,0.13602973239798094,0.136029732404578,0.13602973241332145,0.136029732404578,0.13602973239798094,0.1360297323945791,0.13602973239798094,0.13602973240128097,0.13602973239798094,0.1360297323945791,0.13503425186997964,0.13503425187209264,0.13503425187382923,0.13503425187209264,0.13503425186997964,0.13503425187209264,0.13503425187547194,0.13503425187880458,0.13503425187547194,0.13503425187209278,0.13503425187382923,0.13503425187880458,0.13503425188483867,0.13503425187880458,0.13503425187382923,0.13503425187209264,0.13503425187547194,0.13503425187880458,0.13503425187547194,0.13503425187209278,0.13503425186997964,0.13503425187209278,0.13503425187382923,0.13503425187209278,0.13503425186997964
0.16533248784851348,0.165332487848513,0.16533248784851276,0.165332487848513,0.16533248784851348,0.165332487848513,0.16533248784851276,0.16533248784851254,0.16533248784851276,0.165332487848513,0.16533248784851276,0.16533248784851254,0.16533248784851232,0.16533248784851254,0.16533248784851276,0.165332487848513,0.16533248784851276,0.16533248784851254,0.16533248784851276,0.165332487848513,0.16533248784851348,0.165332487848513,0.16533248784851276,0.165332487848513,0.16533248784851348,0.163757494128464,0.16375749412846308,0.16375749412846258,0.16375749412846308,0.163757494128464,0.16375749412846308,0.16375749412846213,0.16375749412846166,0.16375749412846213,0.16375749412846308,0.16375749412846258,0.16375749412846166,0.1637574941284612,0.16375749412846166,0.16375749412846258,0.16375749412846308,0.16375749412846213,0.16375749412846166,0.16375749412846213,0.16375749412846308,0.163757494128464,0.16375749412846308,0.16375749412846258,0.16375749412846308,0.163757494128464,0.1622138843403378,0.16221388434033554,0.16221388434033393,0.16221388434033554,0.1622138843403378,0.16221388434033554,0.16221388434033282,0.16221388434033124,0.16221388434033282,0.16221388434033554,0.16221388434033393,0.16221388434033124,0.1622138843403294,0.16221388434033124,0.16221388434033393,0.16221388434033554,0.16221388434033282,0.16221388434033124,0.16221388434033282,0.16221388434033554,0.1622138843403378,0.16221388434033554,0.16221388434033393,0.16221388434033554,0.1622138843403378,0.16070106744117907,0.1607010674411717,0.16070106744116705,0.1607010674411717,0.16070106744117907,0.1607010674411717,0.16070106744116372,0.16070106744115842,0.16070106744116372,0.1607010674411717,0.16070106744116705,0.16070106744115842,0.16070106744115262,0.16070106744115842,0.16070106744116705,0.1607010674411717,0.16070106744116372,0.16070106744115842,0.16070106744116372,0.1607010674411717,0.16070106744117907,0.1607010674411717,0.16070106744116705,0.1607010674411717,0.16070106744117907,0.1592184518059759,0.15921845180595393,0.15921845180593955,0.15921845180595393,0.1592184518059759,0.15921845180595393,0.15921845180592845,0.1592184518059117,0.15921845180592845,0.15921845180595393,0.15921845180593955,0.1592184518059117,0.15921845180589275,0.1592184518059117,0.15921845180593955,0.15921845180595393,0.15921845180592845,0.1592184518059117,0.15921845180592845,0.15921845180595393,0.1592184518059759,0.15921845180595393,0.15921845180593955,0.15921845180595393,0.1592184518059759,0.15776544657952607,0.15776544657946098,0.15776544657941788,0.15776544657946098,0.15776544657952607,0.15776544657946098,0.15776544657938288,0.15776544657932867,0.15776544657938288,0.15776544657946098,0.15776544657941788,0.15776544657932867,0.1577654465792653,0.15776544657932867,0.15776544657941788,0.15776544657946098,0.15776544657938288,0.15776544657932867,0.15776544657938288,0.15776544657946098,0.15776544657952607,0.15776544657946098,0.15776544657941788,0.15776544657946098,0.15776544657952607,0.156341462890797,0.15634146289061257,0.15634146289048417,0.15634146289061257,0.156341462890797,0.15634146289061257,0.15634146289037462,0.1563414628901977,0.15634146289037462,0.15634146289061257,0.15634146289048417,0.1563414628901977,0.15634146288997314,0.1563414628901977,0.15634146289048417,0.15634146289061257,0.15634146289037462,0.1563414628901977,0.15634146289037462,0.15634146289061257,0.156341462890797,0.15634146289061257,0.15634146289048417,0.15634146289061257,0.156341462890797,0.15494591494008933,0.1549459149395895,0.15494591493921672,0.1549459149395895,0.15494591494008933,0.1549459149395895,0.15494591493888166,0.15494591493829082,0.15494591493888166,0.1549459149395895,0.15494591493921672,0.15494591493829082,0.15494591493742974,0.15494591493829082,0.15494591493921672,0.1549459149395895,0.15494591493888166,0.15494591493829082,0.15494591493888166,0.1549459149395895,0.15494591494008933,0.1549459149395895,0.15494591493921672,0.1549459149395895,0.15494591494008933,0.15357822096879123,0.15357822096753576,0.1535782209664998,0.15357822096753576,0.15357822096879123,0.15357822096753576,0.1535782209655191,0.15357822096351467,0.1535782209655191,0.15357822096753576,0.1535782209664998,0.15357822096351467,0.1535782209598523,0.15357822096351467,0.1535782209664998,0.15357822096753576,0.1535782209655191,0.15357822096351467,0.1535782209655191,0.15357822096753576,0.15357822096879123,0.15357822096753576,0.1535782209664998,0.15357822096753576,0.15357822096879123,0.15223780412099092,0.1522378041182273,0.15223780411560223,0.1522378041182273,0.15223780412099092,0.1522378041182273,0.1522378041129945,0.15223780410631121,0.1522378041129945,0.1522378041182273,0.15223780411560223,0.15223780410631121,0.15223780408870846,0.15223780410631121,0.15223780411560223,0.1522378041182273,0.1522378041129945,0.15223780410631121,0.1522378041129945,0.1522378041182273,0.15223780412099092,0.1522378041182273,0.15223780411560223,0.1522378041182273,0.15223780412099092,0.150924093205446,0.15092409320070016,0.15092409319536979,0.15092409320070016,0.150924093205446,0.15092409320070016,0.15092409318990224,0.15092409317052866,0.15092409318990224,0.15092409320070016,0.15092409319536979,0.15092409317052866,0.1509240930747246,0.15092409317052866,0.15092409319536979,0.15092409320070016,0.15092409318990224,0.15092409317052866,0.15092409318990224,0.15092409320070016,0.150924093205446,0.15092409320070016,0.15092409319536979,0.15092409320070016,0.150924093205446,0.14963652336461564,0.14963652335981367,0.14963652335463012,0.14963652335981367,0.14963652336461564,0.14963652335981367,0.1496365233493335,0.14963652333208205,0.1496365233493335,0.14963652335981367,0.14963652335463012,0.14963652333208205,0.14963652325787535,0.14963652333208205,0.14963652335463012,0.14963652335981367,0.1496365233493335,0.14963652333208205,0.1496365233493335,0.14963652335981367,0.14963652336461564,0.14963652335981367,0.14963652335463012,0.14963652335981367,0.14963652336461564,0.14837453665513947,0.14837453665157838,0.14837453664790567,0.14837453665157838,0.14837453665513947,0.14837453665157838,0.14837453664418815,0.1483745366328174,0.14837453664418815,0.14837453665157838,0.14837453664790567,0.1483745366328174,0.14837453658713878,0.1483745366328174,0.14837453664790567,0.14837453665157838,0.14837453664418815,0.1483745366328174,0.14837453664418815,0.14837453665157838,0.14837453665513947,0.14837453665157838,0.14837453664790567,0.14837453665157838,0.14837453665513947,0.14713758255741569,0.14713758255550302,0.14713758255361015,0.14713758255550302,0.14713758255741569,0.14713758255550302,0.14713758255171674,0.14713758254619055,0.14713758255171674,0.14713758255550302,0.14713758255361015,0.14713758254619055,0.14713758252493214,0.14713758254619055,0.14713758255361015,0.14713758255550302,0.14713758255171674,0.14713758254619055,0.14713758255171674,0.14713758255550302,0.14713758255741569,0.14713758255550302,0.14713758255361015,0.14713758255550302,0.14713758255741569,0.1459251184152334,0.14592511841493047,0.1459251184147033,0.14592511841493047,0.1459251184152334,0.14592511841493047,0.14592511841449815,0.14592511841416073,0.14592511841449815,0.14592511841493047,0.1459251184147033,0.14592511841416073,0.14592511841394812,0.14592511841416073,0.1459251184147033,0.14592511841493047,0.14592511841449815,0.14592511841416073,0.14592511841449815,0.14592511841493047,0.1459251184152334,0.14592511841493047,0.1459251184147033,0.14592511841493047,0.1459251184152334,0.14473660981013314,0.14473660981120418,0.1447366098123878,0.14473660981120418,0.14473660981013314,0.14473660981120418,0.1447366098136065,0.1447366098176627,0.1447366098136065,0.14473660981120418,0.1447366098123878,0.1447366098176627,0.14473660983562023,0.1447366098176627,0.1447366098123878,0.14473660981120418,0.1447366098136065,0.1447366098176627,0.1447366098136065,0.14473660981120418,0.14473660981013314,0.14473660981120418,0.1447366098123878,0.14473660981120418,0.14473660981013314,0.14357153087658567,0.14357153087866417,0.14357153088087257,0.14357153087866417,0.14357153087658567,0.14357153087866417,0.143571530883122,0.14357153089032074,0.143571530883122,0.14357153087866417,0.14357153088087257,0.14357153089032074,0.14357153092101343,0.14357153089032074,0.14357153088087257,0.14357153087866417,0.143571530883122,0.14357153089032074,0.143571530883122,0.14357153087866417,0.14357153087658567,0.14357153087866417,0.14357153088087257,0.14357153087866417,0.14357153087658567,0.14242936456364222,0.14242936456629807,0.14242936456908728,0.14242936456629807,0.14242936456364222,0.14242936456629807,0.14242936457191677,0.14242936458087924,0.14242936457191677,0.14242936456629807,0.14242936456908728,0.14242936458087924,0.14242936461865816,0.14242936458087924,0.14242936456908728,0.14242936456629807,0.14242936457191677,0.14242936458087924,0.14242936457191677,0.14242936456629807,0.14242936456364222,0.14242936456629807,0.14242936456908728,0.14242936456629807,0.14242936456364222,0.14130960284795357,0.14130960285074157,0.14130960285364375,0.14130960285074157,0.14130960284795357,0.14130960285074157,0.14130960285657304,0.14130960286590696,0.14130960285657304,0.14130960285074157,0.14130960285364375,0.14130960286590696,0.1413096029061685,0.14130960286590696,0.14130960285364375,0.14130960285074157,0.14130960285657304,0.14130960286590696,0.14130960285657304,0.14130960285074157,0.14130960284795357,0.14130960285074157,0.14130960285364375,0.14130960285074157,0.14130960284795357,0.14021174690272303,0.1402117469052652,0.1402117469077535,0.1402117469052652,0.14021174690272303,0.1402117469052652,0.14021174691022226,0.14021174691755478,0.14021174691022226,0.1402117469052652,0.1402117469077535,0.14021174691755478,0.14021174694748392,0.14021174691755478,0.1402117469077535,0.1402117469052652,0.14021174691022226,0.14021174691755478,0.14021174691022226,0.1402117469052652,0.14021174690272303,0.1402117469052652,0.1402117469077535,0.1402117469052652,0.14021174690272303,0.13913530722670692,0.1391353072291893,0.13913530723134118,0.1391353072291893,0.13913530722670692,0.1391353072291893,0.1391353072334218,0.13913530723801826,0.1391353072334218,0.1391353072291893,0.13913530723134118,0.13913530723801826,0.1391353072478359,0.13913530723801826,0.13913530723134118,0.1391353072291893,0.1391353072334218,0.13913530723801826,0.1391353072334218,0.1391353072291893,0.13913530722670692,0.1391353072291893,0.13913530723134118,0.1391353072291893,0.13913530722670692,0.13807980373626688,0.13807980373978737,0.1380798037431789,0.13807980373978737,0.13807980373626688,0.13807980373978737,0.13807980374656673,0.13807980375539602,0.13807980374656673,0.13807980373978737,0.1380798037431789,0.13807980375539602,0.13807980377917797,0.13807980375539602,0.1380798037431789,0.13807980373978737,0.13807980374656673,0.13807980375539602,0.13807980374656673,0.13807980373978737,0.13807980373626688,0.13807980373978737,0.1380798037431789,0.13807980373978737,0.13807980373626688,0.1370447658243261,0.13704476582930283,0.13704476583520686,0.13704476582930283,0.1370447658243261,0.13704476582930283,0.13704476584129696,0.13704476586493783,0.13704476584129696,0.13704476582930283,0.13704476583520686,0.13704476586493783,0.13704476599476434,0.13704476586493783,0.13704476583520686,0.13704476582930283,0.13704476584129696,0.13704476586493783,0.13704476584129696,0.13704476582930283,0.1370447658243261,0.13704476582930283,0.13704476583520686,0.13704476582930283,0.1370447658243261,0.13602973239350152,0.13602973239689276,0.13602973240018237,0.13602973239689276,0.13602973239350152,0.13602973239689276,0.1360297324034691,0.1360297324121854,0.1360297324034691,0.13602973239689276,0.13602973240018237,0.1360297324121854,0.13602973243622582,0.1360297324121854,0.13602973240018237,0.13602973239689276,0.1360297324034691,0.1360297324121854,0.1360297324034691,0.13602973239689276,0.13602973239350152,0.13602973239689276,0.13602973240018237,0.13602973239689276,0.13602973239350152,0.13503425186890827,0.1350342518710147,0.13503425187274573,0.1350342518710147,0.13503425186890827,0.1350342518710147,0.13503425187438334,0.13503425187770587,0.13503425187438334,0.1350342518710147,0.13503425187274573,0.13503425187770587,0.1350342518837214,0.13503425187770587,0.13503425187274573,0.1350342518710147,0.13503425187438334,0.13503425187770587,0.13503425187438334,0.1350342518710147,0.13503425186890827,0.1350342518710147,0.13503425187274573,0.1350342518710147,0.13503425186890827
0.1653324878491608,0.16533248784916033,0.16533248784916008,0.16533248784916033,0.1653324878491608,0.16533248784916033,0.16533248784916008,0.16533248784915985,0.16533248784916008,0.16533248784916033,0.16533248784916008,0.16533248784915985,0.16533248784915963,0.16533248784915985,0.16533248784916008,0.16533248784916033,0.16533248784916008,0.16533248784915985,0.16533248784916008,0.16533248784916033,0.1653324878491608,0.16533248784916033,0.16533248784916008,0.16533248784916033,0.1653324878491608,0.16375749412909796,0.16375749412909724,0.16375749412909676,0.16375749412909724,0.16375749412909796,0.16375749412909724,0.16375749412909632,0.16375749412909585,0.16375749412909632,0.16375749412909724,0.16375749412909676,0.16375749412909585,0.16375749412909515,0.16375749412909585,0.16375749412909676,0.16375749412909724,0.16375749412909632,0.16375749412909585,0.16375749412909632,0.16375749412909724,0.16375749412909796,0.16375749412909724,0.16375749412909676,0.16375749412909724,0.16375749412909796,0.16221388434095868,0.16221388434095638,0.16221388434095482,0.16221388434095638,0.16221388434095868,0.16221388434095638,0.16221388434095366,0.16221388434095207,0.16221388434095366,0.16221388434095638,0.16221388434095482,0.16221388434095207,0.16221388434095027,0.16221388434095207,0.16221388434095482,0.16221388434095638,0.16221388434095366,0.16221388434095207,0.16221388434095366,0.16221388434095638,0.16221388434095868,0.16221388434095638,0.16221388434095482,0.16221388434095638,0.16221388434095868,0.16070106744178686,0.1607010674417793,0.16070106744177465,0.1607010674417793,0.16070106744178686,0.1607010674417793,0.16070106744177132,0.160701067441766,0.16070106744177132,0.1607010674417793,0.16070106744177465,0.160701067441766,0.16070106744176044,0.160701067441766,0.16070106744177465,0.1607010674417793,0.16070106744177132,0.160701067441766,0.16070106744177132,0.1607010674417793,0.16070106744178686,0.1607010674417793,0.16070106744177465,0.1607010674417793,0.16070106744178686,0.1592184518065703,0.15921845180654828,0.1592184518065339,0.15921845180654828,0.1592184518065703,0.15921845180654828,0.15921845180652303,0.15921845180650607,0.15921845180652303,0.15921845180654828,0.1592184518065339,0.15921845180650607,0.15921845180648733,0.15921845180650607,0.1592184518065339,0.15921845180654828,0.15921845180652303,0.15921845180650607,0.15921845180652303,0.15921845180654828,0.1592184518065703,0.15921845180654828,0.1592184518065339,0.15921845180654828,0.1592184518065703,0.15776544658010686,0.15776544658004218,0.15776544657999908,0.15776544658004218,0.15776544658010686,0.15776544658004218,0.15776544657996408,0.1577654465799099,0.15776544657996408,0.15776544658004218,0.15776544657999908,0.1577654465799099,0.15776544657984695,0.1577654465799099,0.15776544657999908,0.15776544658004218,0.15776544657996408,0.1577654465799099,0.15776544657996408,0.15776544658004218,0.15776544658010686,0.15776544658004218,0.15776544657999908,0.15776544658004218,0.15776544658010686,0.1563414628913641,0.1563414628911801,0.1563414628910521,0.1563414628911801,0.1563414628913641,0.1563414628911801,0.15634146289094294,0.15634146289076628,0.15634146289094294,0.1563414628911801,0.1563414628910521,0.15634146289076628,0.1563414628905421,0.15634146289076628,0.1563414628910521,0.1563414628911801,0.15634146289094294,0.15634146289076628,0.15634146289094294,0.1563414628911801,0.1563414628913641,0.1563414628911801,0.1563414628910521,0.1563414628911801,0.1563414628913641,0.15494591494064203,0.1549459149401432,0.15494591493977147,0.1549459149401432,0.15494591494064203,0.1549459149401432,0.15494591493943702,0.15494591493884746,0.15494591493943702,0.1549459149401432,0.15494591493977147,0.15494591493884746,0.15494591493798837,0.15494591493884746,0.15494591493977147,0.1549459149401432,0.15494591493943702,0.15494591493884746,0.15494591493943702,0.1549459149401432,0.15494591494064203,0.1549459149401432,0.15494591493977147,0.1549459149401432,0.15494591494064203,0.15357822096932708,0.1535782209680744,0.15357822096704088,0.1535782209680744,0.15357822096932708,0.1535782209680744,0.15357822096606236,0.15357822096406218,0.15357822096606236,0.1535782209680744,0.15357822096704088,0.15357822096406218,0.15357822096040782,0.15357822096406218,0.15357822096704088,0.1535782209680744,0.15357822096606236,0.15357822096406218,0.15357822096606236,0.1535782209680744,0.15357822096932708,0.1535782209680744,0.15357822096704088,0.1535782209680744,0.15357822096932708,0.15223780412150387,0.15223780411874657,0.1522378041161276,0.15223780411874657,0.15223780412150387,0.15223780411874657,0.15223780411352558,0.15223780410685706,0.15223780411352558,0.15223780411874657,0.1522378041161276,0.15223780410685706,0.1522378040892925,0.15223780410685706,0.1522378041161276,0.15223780411874657,0.15223780411352558,0.15223780410685706,0.15223780411352558,0.15223780411874657,0.15223780412150387,0.15223780411874657,0.1522378041161276,0.15223780411874657,0.15223780412150387,0.1509240932059225,0.15092409320118844,0.1509240931958704,0.15092409320118844,0.1509240932059225,0.15092409320118844,0.1509240931904156,0.15092409317108485,0.1509240931904156,0.15092409320118844,0.1509240931958704,0.15092409317108485,0.15092409307546195,0.15092409317108485,0.1509240931958704,0.15092409320118844,0.1509240931904156,0.15092409317108485,0.1509240931904156,0.15092409320118844,0.1509240932059225,0.15092409320118844,0.1509240931958704,0.15092409320118844,0.1509240932059225,0.1496365233650318,0.14963652336024344,0.1496365233550739,0.14963652336024344,0.1496365233650318,0.14963652336024344,0.14963652334979163,0.1496365233325843,0.14963652334979163,0.14963652336024344,0.1496365233550739,0.1496365233325843,0.1496365232585625,0.1496365233325843,0.1496365233550739,0.14963652336024344,0.14963652334979163,0.1496365233325843,0.14963652334979163,0.14963652336024344,0.1496365233650318,0.14963652336024344,0.1496365233550739,0.14963652336024344,0.1496365233650318,0.14837453665546624,0.14837453665191935,0.14837453664826114,0.14837453665191935,0.14837453665546624,0.14837453665191935,0.14837453664455807,0.14837453663323108,0.14837453664455807,0.14837453665191935,0.14837453664826114,0.14837453663323108,0.14837453658771904,0.14837453663323108,0.14837453664826114,0.14837453665191935,0.14837453664455807,0.14837453663323108,0.14837453664455807,0.14837453665191935,0.14837453665546624,0.14837453665191935,0.14837453664826114,0.14837453665191935,0.14837453665546624,0.14713758255762277,0.14713758255572412,0.14713758255384576,0.14713758255572412,0.14713758255762277,0.14713758255572412,0.14713758255196707,0.1471375825464872,0.14713758255196707,0.14713758255572412,0.14713758255384576,0.1471375825464872,0.1471375825254226,0.1471375825464872,0.14713758255384576,0.14713758255572412,0.14713758255196707,0.1471375825464872,0.14713758255196707,0.14713758255572412,0.14713758255762277,0.14713758255572412,0.14713758255384576,0.14713758255572412,0.14713758255762277,0.14592511841529,0.14592511841499886,0.14592511841478448,0.14592511841499886,0.14592511841529,0.14592511841499886,0.1459251184145927,0.1459251184143005,0.1459251184145927,0.14592511841499886,0.14592511841478448,0.1459251184143005,0.1459251184143377,0.1459251184143005,0.14592511841478448,0.14592511841499886,0.1459251184145927,0.1459251184143005,0.1459251184145927,0.14592511841499886,0.14592511841529,0.14592511841499886,0.14592511841478448,0.14592511841499886,0.14592511841529,0.14473660981001357,0.14473660981108985,0.14473660981227907,0.14473660981108985,0.14473660981001357,0.14473660981108985,0.1447366098135039,0.14473660981758013,0.1447366098135039,0.14473660981108985,0.14473660981227907,0.14473660981758013,0.1447366098356176,0.14473660981758013,0.14473660981227907,0.14473660981108985,0.1447366098135039,0.14473660981758013,0.1447366098135039,0.14473660981108985,0.14473660981001357,0.14473660981108985,0.14473660981227907,0.14473660981108985,0.14473660981001357,0.14357153087627697,0.1435715308783519,0.14357153088055635,0.1435715308783519,0.14357153087627697,0.1435715308783519,0.14357153088280167,0.14357153088998603,0.14357153088280167,0.1435715308783519,0.14357153088055635,0.14357153088998603,0.14357153092061575,0.14357153088998603,0.14357153088055635,0.1435715308783519,0.14357153088280167,0.14357153088998603,0.14357153088280167,0.1435715308783519,0.14357153087627697,0.1435715308783519,0.14357153088055635,0.1435715308783519,0.14357153087627697,0.1424293645631492,0.14242936456579397,0.14242936456857144,0.14242936456579397,0.1424293645631492,0.14242936456579397,0.1424293645713892,0.14242936458031527,0.1424293645713892,0.14242936456579397,0.14242936456857144,0.14242936458031527,0.1424293646179568,0.14242936458031527,0.14242936456857144,0.14242936456579397,0.1424293645713892,0.14242936458031527,0.1424293645713892,0.14242936456579397,0.1424293645631492,0.14242936456579397,0.14242936456857144,0.14242936456579397,0.1424293645631492,0.14130960284729652,0.14130960285006777,0.14130960285295152,0.14130960285006777,0.14130960284729652,0.14130960285006777,0.14130960285586205,0.14130960286513183,0.14130960285586205,0.1413096028500679,0.14130960285295152,0.14130960286513183,0.14130960290505706,0.14130960286513183,0.14130960285295152,0.14130960285006777,0.14130960285586205,0.14130960286513183,0.14130960285586205,0.1413096028500679,0.14130960284729652,0.1413096028500679,0.14130960285295152,0.1413096028500679,0.14130960284729652,0.14021174690193436,0.1402117469044599,0.14021174690693014,0.1402117469044599,0.14021174690193436,0.1402117469044599,0.14021174690938054,0.14021174691665209,0.14021174690938054,0.1402117469044599,0.14021174690693014,0.14021174691665209,0.14021174694629018,0.14021174691665209,0.14021174690693014,0.1402117469044599,0.14021174690938054,0.14021174691665209,0.14021174690938054,0.1402117469044599,0.14021174690193436,0.1402117469044599,0.14021174690693014,0.1402117469044599,0.14021174690193436,0.13913530722581977,0.13913530722828915,0.13913530723042936,0.13913530722828915,0.13913530722581977,0.13913530722828915,0.13913530723249856,0.139135307237068,0.13913530723249856,0.13913530722828915,0.13913530723042936,0.139135307237068,0.1391353072468219,0.139135307237068,0.13913530723042936,0.13913530722828915,0.13913530723249856,0.139135307237068,0.13913530723249856,0.13913530722828915,0.13913530722581977,0.13913530722828915,0.13913530723042936,0.13913530722828915,0.13913530722581977,0.1380798037353062,0.13807980373881373,0.138079803742193,0.13807980373881373,0.1380798037353062,0.13807980373881373,0.13807980374556872,0.13807980375436762,0.13807980374556872,0.13807980373881373,0.138079803742193,0.13807980375436762,0.13807980377807144,0.13807980375436762,0.138079803742193,0.13807980373881373,0.13807980374556872,0.13807980375436762,0.13807980374556872,0.13807980373881373,0.1380798037353062,0.13807980373881373,0.138079803742193,0.13807980373881373,0.1380798037353062,0.13704476582331793,0.13704476582827882,0.13704476583416444,0.13704476582827882,0.13704476582331793,0.13704476582827882,0.13704476584023556,0.13704476586380449,0.13704476584023556,0.13704476582827882,0.13704476583416444,0.13704476586380449,0.13704476599324256,0.13704476586380449,0.13704476583416444,0.13704476582827882,0.13704476584023556,0.13704476586380449,0.13704476584023556,0.13704476582827882,0.13704476582331793,0.13704476582827882,0.13704476583416444,0.13704476582827882,0.13704476582331793,0.13602973239247804,0.13602973239585872,0.13602973239913815,0.13602973239585872,0.13602973239247804,0.13602973239585872,0.13602973240241492,0.13602973241110486,0.13602973240241492,0.13602973239585872,0.13602973239913815,0.13602973241110486,0.13602973243507263,0.13602973241110486,0.13602973239913815,0.13602973239585872,0.13602973240241492,0.13602973241110486,0.13602973240241492,0.13602973239585872,0.13602973239247804,0.13602973239585872,0.13602973239913815,0.13602973239585872,0.13602973239247804,0.1350342518678909,0.13503425186999088,0.13503425187171664,0.13503425186999088,0.1350342518678909,0.13503425186999088,0.1350342518733491,0.13503425187666157,0.13503425187334928,0.13503425186999088,0.13503425187171664,0.13503425187666157,0.13503425188265897,0.13503425187666157,0.13503425187171664,0.13503425186999088,0.13503425187334928,0.13503425187666157,0.13503425187334928,0.13503425186999088,0.1350342518678909,0.13503425186999088,0.13503425187171664,0.13503425186999088,0.1350342518678909
0.1653324878497831,0.1653324878497826,0.16533248784978238,0.1653324878497826,0.1653324878497831,0.1653324878497826,0.16533248784978238,0.16533248784978216,0.16533248784978238,0.1653324878497826,0.16533248784978238,0.16533248784978216,0.1653324878497819,0.16533248784978216,0.16533248784978238,0.1653324878497826,0.16533248784978238,0.16533248784978216,0.16533248784978238,0.1653324878497826,0.1653324878497831,0.1653324878497826,0.16533248784978238,0.1653324878497826,0.1653324878497831,0.16375749412970783,0.16375749412970692,0.16375749412970647,0.16375749412970692,0.16375749412970783,0.16375749412970692,0.163757494129706,0.16375749412970553,0.163757494129706,0.16375749412970692,0.16375749412970647,0.16375749412970553,0.16375749412970508,0.16375749412970553,0.16375749412970647,0.16375749412970692,0.163757494129706,0.16375749412970553,0.163757494129706,0.16375749412970692,0.16375749412970783,0.16375749412970692,0.16375749412970647,0.16375749412970692,0.16375749412970783,0.16221388434155595,0.1622138843415537,0.1622138843415521,0.1622138843415537,0.16221388434155595,0.1622138843415537,0.16221388434155098,0.1622138843415494,0.16221388434155098,0.1622138843415537,0.1622138843415521,0.1622138843415494,0.16221388434154757,0.1622138843415494,0.1622138843415521,0.1622138843415537,0.16221388434155098,0.1622138843415494,0.16221388434155098,0.1622138843415537,0.16221388434155595,0.1622138843415537,0.1622138843415521,0.1622138843415537,0.16221388434155595,0.1607010674423718,0.16070106744236426,0.16070106744235957,0.16070106744236426,0.1607010674423718,0.16070106744236426,0.16070106744235624,0.1607010674423509,0.16070106744235624,0.16070106744236426,0.16070106744235957,0.1607010674423509,0.16070106744234536,0.1607010674423509,0.16070106744235957,0.16070106744236426,0.16070106744235624,0.1607010674423509,0.16070106744235624,0.16070106744236426,0.1607010674423718,0.16070106744236426,0.16070106744235957,0.16070106744236426,0.1607010674423718,0.15921845180714286,0.15921845180712088,0.1592184518071065,0.15921845180712088,0.15921845180714286,0.15921845180712088,0.15921845180709565,0.15921845180707866,0.15921845180709565,0.15921845180712088,0.1592184518071065,0.15921845180707866,0.15921845180706012,0.1592184518070789,0.1592184518071065,0.15921845180712088,0.15921845180709565,0.1592184518070789,0.15921845180709565,0.15921845180712088,0.15921845180714286,0.15921845180712088,0.1592184518071065,0.15921845180712088,0.15921845180714286,0.15776544658066716,0.1577654465806025,0.1577654465805594,0.1577654465806025,0.15776544658066716,0.1577654465806025,0.15776544658052463,0.15776544658047065,0.15776544658052463,0.1577654465806025,0.1577654465805594,0.15776544658047065,0.1577654465804077,0.15776544658047065,0.1577654465805594,0.1577654465806025,0.15776544658052463,0.15776544658047065,0.15776544658052463,0.1577654465806025,0.15776544658066716,0.1577654465806025,0.1577654465805594,0.1577654465806025,0.15776544658066716,0.15634146289191175,0.15634146289172815,0.1563414628916004,0.15634146289172815,0.15634146289191175,0.15634146289172815,0.15634146289149145,0.15634146289131517,0.15634146289149145,0.15634146289172815,0.1563414628916004,0.15634146289131517,0.15634146289109163,0.15634146289131517,0.1563414628916004,0.15634146289172815,0.15634146289149145,0.15634146289131517,0.15634146289149145,0.15634146289172815,0.15634146289191175,0.15634146289172815,0.1563414628916004,0.15634146289172815,0.15634146289191175,0.1549459149411765,0.15494591494067872,0.1549459149403076,0.15494591494067872,0.1549459149411765,0.15494591494067872,0.15494591493997417,0.15494591493938578,0.15494591493997417,0.15494591494067872,0.1549459149403076,0.15494591493938578,0.15494591493852858,0.15494591493938578,0.1549459149403076,0.15494591494067872,0.15494591493997417,0.15494591493938578,0.15494591493997417,0.15494591494067872,0.1549459149411765,0.15494591494067872,0.1549459149403076,0.15494591494067872,0.1549459149411765,0.15357822096984586,0.15357822096859602,0.15357822096756468,0.15357822096859602,0.15357822096984586,0.15357822096859602,0.15357822096658838,0.15357822096459262,0.15357822096658838,0.15357822096859602,0.15357822096756468,0.15357822096459262,0.1535782209609461,0.15357822096459262,0.15357822096756468,0.15357822096859602,0.15357822096658838,0.15357822096459262,0.15357822096658838,0.15357822096859602,0.15357822096984586,0.15357822096859602,0.15357822096756468,0.15357822096859602,0.15357822096984586,0.15223780412200127,0.15223780411925025,0.1522378041166372,0.15223780411925025,0.15223780412200127,0.15223780411925025,0.15223780411404111,0.15223780410738694,0.15223780411404111,0.15223780411925025,0.1522378041166372,0.15223780410738694,0.1522378040898598,0.15223780410738694,0.1522378041166372,0.15223780411925025,0.15223780411404111,0.15223780410738694,0.15223780411404111,0.15223780411925025,0.15223780412200127,0.15223780411925025,0.1522378041166372,0.15223780411925025,0.15223780412200127,0.1509240932063855,0.15092409320166264,0.15092409319635675,0.15092409320166264,0.1509240932063855,0.15092409320166264,0.1509240931909145,0.15092409317162617,0.1509240931909145,0.15092409320166264,0.15092409319635675,0.15092409317162617,0.15092409307624596,0.15092409317162617,0.15092409319635675,0.15092409320166264,0.1509240931909145,0.15092409317162617,0.1509240931909145,0.15092409320166264,0.1509240932063855,0.15092409320166264,0.15092409319635675,0.15092409320166264,0.1509240932063855,0.1496365233654368,0.14963652336066172,0.14963652335550595,0.14963652336066172,0.1496365233654368,0.14963652336066172,0.1496365233502377,0.14963652333307345,0.1496365233502377,0.14963652336066172,0.14963652335550595,0.14963652333307345,0.1496365232592296,0.14963652333307345,0.14963652335550595,0.14963652336066172,0.1496365233502377,0.14963652333307345,0.1496365233502377,0.14963652336066172,0.1496365233654368,0.14963652336066172,0.14963652335550595,0.14963652336066172,0.1496365233654368,0.14837453665578498,0.14837453665225186,0.14837453664860772,0.14837453665225186,0.14837453665578498,0.14837453665225186,0.14837453664491873,0.148374536633634,0.14837453664491873,0.14837453665225186,0.14837453664860772,0.148374536633634,0.14837453658830285,0.148374536633634,0.14837453664860772,0.14837453665225186,0.14837453664491873,0.148374536633634,0.14837453664491873,0.14837453665225186,0.14837453665578498,0.14837453665225186,0.14837453664860772,0.14837453665225186,0.14837453665578498,0.1471375825578255,0.14713758255594045,0.14713758255407627,0.14713758255594045,0.1471375825578255,0.14713758255594045,0.14713758255221193,0.14713758254677695,0.14713758255221193,0.14713758255594045,0.14713758255407627,0.14713758254677695,0.14713758252590692,0.14713758254677695,0.14713758255407627,0.14713758255594045,0.14713758255221193,0.14713758254677695,0.14713758255221193,0.14713758255594045,0.1471375825578255,0.14713758255594045,0.14713758255407627,0.14713758255594045,0.1471375825578255,0.14592511841534753,0.1459251184150676,0.14592511841486586,0.1459251184150676,0.14592511841534753,0.1459251184150676,0.14592511841468672,0.14592511841443814,0.14592511841468672,0.1459251184150676,0.14592511841486586,0.14592511841443814,0.1459251184146397,0.14592511841443814,0.14592511841486586,0.1459251184150676,0.14592511841468672,0.14592511841443814,0.14592511841468672,0.1459251184150676,0.14592511841534753,0.1459251184150676,0.14592511841486586,0.1459251184150676,0.14592511841534753,0.14473660980990047,0.14473660981098163,0.1447366098121766,0.14473660981098163,0.14473660980990047,0.14473660981098163,0.14473660981340716,0.14473660981750333,0.14473660981340716,0.14473660981098163,0.1447366098121766,0.14473660981750333,0.14473660983564116,0.14473660981750333,0.1447366098121766,0.14473660981098163,0.14473660981340716,0.14473660981750333,0.14473660981340716,0.14473660981098163,0.14473660980990047,0.14473660981098163,0.1447366098121766,0.14473660981098163,0.14473660980990047,0.14357153087598043,0.1435715308780521,0.14357153088025262,0.1435715308780521,0.14357153087598043,0.1435715308780521,0.14357153088249422,0.1435715308896652,0.14357153088249422,0.1435715308780521,0.14357153088025262,0.1435715308896652,0.14357153092024053,0.1435715308896652,0.14357153088025262,0.1435715308780521,0.14357153088249422,0.1435715308896652,0.14357153088249422,0.1435715308780521,0.14357153087598043,0.1435715308780521,0.14357153088025262,0.1435715308780521,0.14357153087598043,0.1424293645626736,0.14242936456530783,0.14242936456807406,0.14242936456530783,0.1424293645626736,0.14242936456530783,0.1424293645708804,0.1424293645797714,0.1424293645708804,0.14242936456530783,0.14242936456807406,0.1424293645797714,0.14242936461726902,0.1424293645797714,0.14242936456807406,0.14242936456530783,0.1424293645708804,0.1424293645797714,0.1424293645708804,0.14242936456530783,0.1424293645626736,0.14242936456530783,0.14242936456807406,0.14242936456530783,0.1424293645626736,0.1413096028466617,0.1413096028494168,0.14130960285228247,0.1413096028494168,0.1413096028466617,0.1413096028494168,0.1413096028551746,0.14130960286438188,0.1413096028551746,0.1413096028494168,0.14130960285228247,0.14130960286438188,0.1413096029040571,0.14130960286438188,0.14130960285228247,0.1413096028494168,0.1413096028551746,0.14130960286438188,0.1413096028551746,0.1413096028494168,0.1413096028466617,0.1413096028494168,0.14130960285228247,0.1413096028494168,0.1413096028466617,0.1402117469011718,0.1402117469036807,0.1402117469061334,0.1402117469036807,0.1402117469011718,0.1402117469036807,0.1402117469085659,0.14021174691577776,0.1402117469085659,0.1402117469036807,0.1402117469061334,0.14021174691577776,0.14021174694511965,0.14021174691577776,0.1402117469061334,0.1402117469036807,0.1402117469085659,0.14021174691577776,0.1402117469085659,0.1402117469036807,0.1402117469011718,0.1402117469036807,0.1402117469061334,0.1402117469036807,0.1402117469011718,0.1391353072249612,0.13913530722741796,0.13913530722954678,0.13913530722741796,0.1391353072249612,0.13913530722741796,0.13913530723160478,0.13913530723614762,0.13913530723160478,0.13913530722741796,0.13913530722954678,0.13913530723614762,0.1391353072458391,0.13913530723614762,0.13913530722954678,0.13913530722741796,0.13913530723160478,0.13913530723614762,0.13913530723160478,0.13913530722741796,0.1391353072249612,0.13913530722741796,0.13913530722954678,0.13913530722741796,0.1391353072249612,0.13807980373437645,0.13807980373787107,0.1380798037412384,0.13807980373787107,0.13807980373437645,0.13807980373787107,0.13807980374460235,0.1380798037533715,0.13807980374460235,0.13807980373787107,0.1380798037412384,0.1380798037533715,0.13807980377699872,0.1380798037533715,0.1380798037412384,0.13807980373787107,0.13807980374460235,0.1380798037533715,0.13807980374460235,0.13807980373787107,0.13807980373437645,0.13807980373787107,0.1380798037412384,0.13807980373787107,0.13807980373437645,0.13704476582234215,0.1370447658272874,0.13704476583315492,0.1370447658272874,0.13704476582234215,0.1370447658272874,0.13704476583920763,0.13704476586270603,0.13704476583920763,0.1370447658272874,0.13704476583315492,0.13704476586270603,0.1370447659917728,0.13704476586270603,0.13704476583315492,0.1370447658272874,0.13704476583920763,0.13704476586270603,0.13704476583920763,0.1370447658272874,0.13704476582234215,0.1370447658272874,0.13704476583315492,0.1370447658272874,0.13704476582234215,0.13602973239148738,0.13602973239485763,0.1360297323981272,0.13602973239485763,0.13602973239148738,0.13602973239485763,0.13602973240139415,0.1360297324100581,0.13602973240139415,0.13602973239485763,0.1360297323981272,0.1360297324100581,0.1360297324339551,0.1360297324100581,0.1360297323981272,0.13602973239485763,0.13602973240139415,0.1360297324100581,0.13602973240139415,0.13602973239485763,0.13602973239148738,0.13602973239485763,0.1360297323981272,0.13602973239485763,0.13602973239148738,0.13503425186690612,0.13503425186899984,0.13503425187072032,0.13503425186899984,0.13503425186690612,0.13503425186899984,0.13503425187234797,0.13503425187565046,0.1350342518723481,0.13503425186899984,0.13503425187072032,0.13503425187565046,0.13503425188163018,0.13503425187565046,0.13503425187072032,0.13503425186899984,0.1350342518723481,0.13503425187565046,0.13503425187234797,0.13503425186899984,0.13503425186690612,0.13503425186899984,0.13503425187072032,0.13503425186899984,0.13503425186690612
0.1653324878503889,0.1653324878503884,0.16533248785038818,0.1653324878503884,0.1653324878503889,0.1653324878503884,0.16533248785038818,0.16533248785038793,0.16533248785038818,0.1653324878503884,0.16533248785038818,0.16533248785038793,0.1653324878503877,0.16533248785038793,0.16533248785038818,0.1653324878503884,0.16533248785038818,0.16533248785038793,0.16533248785038818,0.1653324878503884,0.1653324878503889,0.1653324878503884,0.16533248785038818,0.1653324878503884,0.1653324878503889,0.16375749413030133,0.16375749413030039,0.16375749413029994,0.16375749413030039,0.16375749413030133,0.16375749413030039,0.16375749413029972,0.16375749413029925,0.16375749413029972,0.16375749413030039,0.16375749413029994,0.16375749413029925,0.16375749413029855,0.16375749413029925,0.16375749413029994,0.16375749413030039,0.16375749413029972,0.16375749413029925,0.16375749413029972,0.16375749413030063,0.16375749413030133,0.16375749413030039,0.16375749413029994,0.16375749413030063,0.16375749413030133,0.1622138843421376,0.16221388434213513,0.16221388434213352,0.16221388434213513,0.1622138843421376,0.16221388434213513,0.16221388434213263,0.1622138843421308,0.16221388434213263,0.16221388434213513,0.16221388434213352,0.1622138843421308,0.16221388434212922,0.1622138843421308,0.16221388434213352,0.16221388434213513,0.16221388434213263,0.1622138843421308,0.16221388434213263,0.16221388434213513,0.1622138843421376,0.16221388434213513,0.16221388434213352,0.16221388434213513,0.1622138843421376,0.16070106744294116,0.16070106744293383,0.16070106744292917,0.16070106744293383,0.16070106744294116,0.16070106744293383,0.16070106744292584,0.1607010674429205,0.16070106744292584,0.16070106744293383,0.16070106744292917,0.1607010674429205,0.16070106744291496,0.1607010674429205,0.16070106744292917,0.16070106744293383,0.16070106744292584,0.1607010674429205,0.16070106744292584,0.16070106744293383,0.16070106744294116,0.16070106744293383,0.16070106744292917,0.16070106744293383,0.16070106744294116,0.15921845180770045,0.15921845180767846,0.1592184518076643,0.15921845180767846,0.15921845180770045,0.15921845180767846,0.15921845180765343,0.15921845180763644,0.15921845180765343,0.15921845180767846,0.1592184518076643,0.15921845180763644,0.15921845180761793,0.15921845180763644,0.1592184518076643,0.15921845180767846,0.15921845180765343,0.15921845180763644,0.15921845180765343,0.15921845180767846,0.15921845180770045,0.15921845180767846,0.1592184518076643,0.15921845180767846,0.15921845180770045,0.15776544658121294,0.1577654465811485,0.15776544658110542,0.1577654465811485,0.15776544658121294,0.1577654465811485,0.1577654465810706,0.15776544658101688,0.1577654465810706,0.1577654465811485,0.15776544658110542,0.15776544658101688,0.15776544658095393,0.15776544658101688,0.15776544658110542,0.1577654465811485,0.1577654465810706,0.15776544658101688,0.1577654465810706,0.1577654465811485,0.15776544658121294,0.1577654465811485,0.15776544658110542,0.1577654465811485,0.15776544658121294,0.1563414628924456,0.15634146289226244,0.15634146289213488,0.15634146289226244,0.1563414628924456,0.15634146289226244,0.15634146289202613,0.15634146289185008,0.15634146289202613,0.15634146289226244,0.15634146289213488,0.15634146289185008,0.15634146289162718,0.15634146289185008,0.15634146289213488,0.15634146289226244,0.15634146289202613,0.15634146289185008,0.15634146289202613,0.15634146289226244,0.1563414628924456,0.15634146289226244,0.15634146289213488,0.15634146289226244,0.1563414628924456,0.1549459149416974,0.15494591494120066,0.15494591494083054,0.15494591494120066,0.1549459149416974,0.15494591494120066,0.15494591494049775,0.1549459149399106,0.15494591494049775,0.15494591494120066,0.15494591494083054,0.1549459149399106,0.15494591493905502,0.1549459149399106,0.15494591494083054,0.15494591494120066,0.15494591494049775,0.1549459149399106,0.15494591494049775,0.15494591494120066,0.1549459149416974,0.15494591494120066,0.15494591494083054,0.15494591494120066,0.1549459149416974,0.1535782209703518,0.15357822096910476,0.15357822096807583,0.15357822096910476,0.1535782209703518,0.15357822096910476,0.15357822096710155,0.15357822096511017,0.15357822096710155,0.15357822096910476,0.15357822096807583,0.15357822096511017,0.15357822096147133,0.15357822096511017,0.15357822096807583,0.15357822096910476,0.15357822096710155,0.15357822096511017,0.15357822096710155,0.15357822096910476,0.1535782209703518,0.15357822096910476,0.15357822096807583,0.15357822096910476,0.1535782209703518,0.1522378041224867,0.15223780411974194,0.1522378041171346,0.15223780411974194,0.1522378041224867,0.15223780411974194,0.15223780411454402,0.15223780410790425,0.15223780411454402,0.15223780411974194,0.1522378041171346,0.15223780410790425,0.15223780409041385,0.15223780410790425,0.1522378041171346,0.15223780411974194,0.15223780411454402,0.15223780410790425,0.15223780411454402,0.15223780411974194,0.1522378041224867,0.15223780411974194,0.1522378041171346,0.15223780411974194,0.1522378041224867,0.15092409320683756,0.15092409320212585,0.15092409319683192,0.15092409320212585,0.15092409320683756,0.15092409320212585,0.15092409319140182,0.15092409317215516,0.15092409319140182,0.15092409320212585,0.15092409319683192,0.15092409317215516,0.15092409307694782,0.15092409317215516,0.15092409319683192,0.15092409320212585,0.15092409319140182,0.15092409317215516,0.15092409319140182,0.15092409320212585,0.15092409320683756,0.15092409320212585,0.15092409319683192,0.15092409320212585,0.15092409320683756,0.1496365233658322,0.1496365233610701,0.149636523355928,0.1496365233610701,0.1496365233658322,0.1496365233610701,0.14963652335067318,0.14963652333355104,0.14963652335067318,0.1496365233610701,0.149636523355928,0.14963652333355104,0.1496365232598895,0.14963652333355104,0.149636523355928,0.1496365233610701,0.14963652335067318,0.14963652333355104,0.14963652335067318,0.1496365233610701,0.1496365233658322,0.1496365233610701,0.149636523355928,0.1496365233610701,0.1496365233658322,0.14837453665609615,0.14837453665257655,0.14837453664894595,0.14837453665257655,0.14837453665609615,0.14837453665257655,0.14837453664527087,0.14837453663402725,0.14837453664527087,0.14837453665257655,0.14837453664894595,0.14837453663402725,0.14837453658882901,0.14837453663402725,0.14837453664894595,0.14837453665257655,0.14837453664527087,0.14837453663402725,0.14837453664527087,0.14837453665257655,0.14837453665609615,0.14837453665257655,0.14837453664894595,0.14837453665257655,0.14837453665609615,0.14713758255802387,0.1471375825561519,0.14713758255430154,0.1471375825561519,0.14713758255802387,0.1471375825561519,0.147137582552451,0.14713758254705922,0.147137582552451,0.1471375825561519,0.14713758255430154,0.14713758254705922,0.14713758252635795,0.14713758254705922,0.14713758255430154,0.1471375825561519,0.147137582552451,0.14713758254705922,0.147137582552451,0.1471375825561519,0.14713758255802387,0.1471375825561519,0.14713758255430154,0.1471375825561519,0.14713758255802387,0.14592511841540415,0.14592511841513528,0.14592511841494563,0.14592511841513528,0.14592511841540415,0.14592511841513528,0.14592511841477876,0.14592511841457256,0.14592511841477876,0.14592511841513528,0.14592511841494563,0.14592511841457256,0.145925118415001,0.14592511841457256,0.14592511841494563,0.14592511841513528,0.14592511841477876,0.14592511841457256,0.14592511841477876,0.14592511841513528,0.14592511841540415,0.14592511841513528,0.14592511841494563,0.14592511841513528,0.14592511841540415,0.14473660980979103,0.14473660981087708,0.14473660981207762,0.14473660981087708,0.14473660980979103,0.14473660981087708,0.1447366098133138,0.14473660981742933,0.1447366098133138,0.14473660981087708,0.14473660981207762,0.14473660981742933,0.14473660983567888,0.14473660981742933,0.14473660981207762,0.14473660981087708,0.1447366098133138,0.14473660981742933,0.1447366098133138,0.14473660981087708,0.14473660980979103,0.14473660981087708,0.14473660981207762,0.14473660981087708,0.14473660980979103,0.14357153087569247,0.14357153087776087,0.14357153087995797,0.14357153087776087,0.14357153087569247,0.14357153087776087,0.14357153088219593,0.14357153088935445,0.14357153088219593,0.14357153087776087,0.14357153087995797,0.14357153088935445,0.14357153091984592,0.14357153088935445,0.14357153087995797,0.14357153087776087,0.14357153088219593,0.14357153088935445,0.14357153088219593,0.14357153087776087,0.14357153087569247,0.14357153087776087,0.14357153087995797,0.14357153087776087,0.14357153087569247,0.14242936456221114,0.14242936456483493,0.14242936456759042,0.14242936456483493,0.14242936456221114,0.14242936456483493,0.14242936457038552,0.142429364579243,0.14242936457038552,0.14242936456483493,0.14242936456759042,0.142429364579243,0.14242936461660455,0.142429364579243,0.14242936456759042,0.14242936456483493,0.14242936457038552,0.142429364579243,0.14242936457038552,0.14242936456483493,0.14242936456221114,0.14242936456483493,0.14242936456759042,0.14242936456483493,0.14242936456221114,0.14130960284604363,0.14130960284878263,0.14130960285163086,0.14130960284878263,0.14130960284604363,0.14130960284878263,0.14130960285450506,0.14130960286365132,0.14130960285450506,0.14130960284878263,0.14130960285163086,0.14130960286365132,0.1413096029030129,0.14130960286365132,0.14130960285163086,0.14130960284878263,0.14130960285450506,0.14130960286365132,0.14130960285450506,0.14130960284878263,0.14130960284604363,0.14130960284878263,0.14130960285163086,0.14130960284878263,0.14130960284604363,0.1402117469004286,0.14021174690292137,0.1402117469053568,0.14021174690292137,0.1402117469004286,0.14021174690292137,0.14021174690777188,0.14021174691492505,0.14021174690777188,0.14021174690292137,0.1402117469053568,0.14021174691492505,0.1402117469440412,0.14021174691492505,0.1402117469053568,0.14021174690292137,0.14021174690777188,0.14021174691492505,0.14021174690777188,0.14021174690292137,0.1402117469004286,0.14021174690292137,0.1402117469053568,0.14021174690292137,0.1402117469004286,0.13913530722412434,0.13913530722656875,0.13913530722868633,0.13913530722656875,0.13913530722412434,0.13913530722656875,0.13913530723073325,0.13913530723525017,0.13913530723073325,0.13913530722656875,0.13913530722868633,0.13913530723525017,0.13913530724488032,0.13913530723525017,0.13913530722868633,0.13913530722656875,0.13913530723073325,0.13913530723525017,0.13913530723073325,0.13913530722656875,0.13913530722412434,0.13913530722656875,0.13913530722868633,0.13913530722656875,0.13913530722412434,0.1380798037334699,0.138079803736952,0.1380798037403077,0.138079803736952,0.1380798037334699,0.138079803736952,0.13807980374365986,0.1380798037524,0.13807980374365986,0.138079803736952,0.1380798037403077,0.1380798037524,0.13807980377595203,0.1380798037524,0.1380798037403077,0.138079803736952,0.13807980374365986,0.1380798037524,0.13807980374365986,0.138079803736952,0.1380798037334699,0.138079803736952,0.1380798037403077,0.138079803736952,0.1380798037334699,0.1370447658213905,0.13704476582632055,0.13704476583217046,0.13704476582632055,0.1370447658213905,0.13704476582632055,0.1370447658382049,0.13704476586163444,0.1370447658382049,0.13704476582632055,0.13704476583217046,0.13704476586163444,0.13704476599032855,0.13704476586163444,0.13704476583217046,0.13704476582632055,0.1370447658382049,0.13704476586163444,0.1370447658382049,0.13704476582632055,0.1370447658213905,0.13704476582632055,0.13704476583217046,0.13704476582632055,0.1370447658213905,0.13602973239052146,0.13602973239388158,0.13602973239714147,0.13602973239388158,0.13602973239052146,0.13602973239388158,0.1360297324003987,0.13602973240903732,0.1360297324003987,0.13602973239388158,0.13602973239714147,0.13602973240903732,0.13602973243286468,0.13602973240903732,0.13602973239714147,0.13602973239388158,0.1360297324003987,0.13602973240903732,0.1360297324003987,0.13602973239388158,0.13602973239052146,0.13602973239388158,0.13602973239714147,0.13602973239388158,0.13602973239052146,0.13503425186594603,0.13503425186803347,0.13503425186974885,0.13503425186803347,0.13503425186594603,0.13503425186803347,0.13503425187137183,0.13503425187466467,0.13503425187137183,0.13503425186803347,0.13503425186974885,0.13503425187466467,0.13503425188062687,0.13503425187466467,0.13503425186974885,0.13503425186803347,0.13503425187137183,0.13503425187466467,0.13503425187137183,0.13503425186803347,0.13503425186594603,0.13503425186803347,0.13503425186974885,0.13503425186803347,0.13503425186594603
0.16533248785098073,0.16533248785098048,0.16533248785098026,0.16533248785098048,0.16533248785098098,0.16533248785098048,0.16533248785098026,0.16533248785098004,0.16533248785098026,0.16533248785098048,0.16533248785098026,0.16533248785098004,0.1653324878509798,0.16533248785098004,0.16533248785098026,0.16533248785098048,0.16533248785098026,0.16533248785098004,0.16533248785098026,0.16533248785098048,0.16533248785098098,0.16533248785098048,0.16533248785098026,0.16533248785098048,0.16533248785098073,0.16375749413088142,0.16375749413088073,0.16375749413088025,0.16375749413088073,0.16375749413088142,0.16375749413088073,0.16375749413087978,0.1637574941308793,0.16375749413087978,0.16375749413088073,0.16375749413088025,0.1637574941308793,0.16375749413087864,0.1637574941308793,0.16375749413088025,0.16375749413088073,0.16375749413087978,0.1637574941308793,0.16375749413087978,0.16375749413088073,0.16375749413088142,0.16375749413088073,0.16375749413088025,0.16375749413088073,0.16375749413088142,0.1622138843427059,0.1622138843427034,0.16221388434270204,0.1622138843427034,0.1622138843427059,0.1622138843427034,0.16221388434270087,0.1622138843426993,0.16221388434270087,0.1622138843427034,0.16221388434270204,0.1622138843426993,0.16221388434269748,0.1622138843426993,0.16221388434270204,0.1622138843427034,0.16221388434270087,0.1622138843426993,0.16221388434270087,0.1622138843427034,0.1622138843427059,0.1622138843427034,0.16221388434270204,0.1622138843427034,0.1622138843427059,0.1607010674434979,0.16070106744349055,0.16070106744348586,0.16070106744349055,0.1607010674434979,0.16070106744349055,0.16070106744348256,0.16070106744347723,0.16070106744348256,0.16070106744349055,0.16070106744348586,0.16070106744347723,0.16070106744347146,0.16070106744347723,0.16070106744348586,0.16070106744349055,0.16070106744348256,0.16070106744347723,0.16070106744348256,0.16070106744349055,0.1607010674434979,0.16070106744349055,0.16070106744348586,0.16070106744349055,0.1607010674434979,0.15921845180824562,0.15921845180822364,0.15921845180820948,0.15921845180822364,0.15921845180824562,0.15921845180822364,0.15921845180819857,0.15921845180818162,0.15921845180819857,0.15921845180822364,0.15921845180820948,0.15921845180818162,0.1592184518081631,0.15921845180818162,0.15921845180820948,0.15921845180822364,0.15921845180819857,0.15921845180818162,0.15921845180819857,0.15921845180822364,0.15921845180824562,0.15921845180822364,0.15921845180820948,0.15921845180822364,0.15921845180824562,0.15776544658174638,0.15776544658168215,0.15776544658163924,0.15776544658168215,0.15776544658174638,0.15776544658168215,0.15776544658160446,0.1577654465815507,0.15776544658160446,0.15776544658168215,0.15776544658163924,0.1577654465815507,0.15776544658148797,0.1577654465815507,0.15776544658163924,0.15776544658168215,0.15776544658160446,0.1577654465815507,0.15776544658160446,0.15776544658168215,0.15776544658174638,0.15776544658168215,0.15776544658163924,0.15776544658168215,0.15776544658174638,0.15634146289296733,0.15634146289278456,0.15634146289265724,0.15634146289278456,0.15634146289296733,0.15634146289278456,0.1563414628925487,0.15634146289237325,0.1563414628925487,0.15634146289278456,0.15634146289265724,0.15634146289237325,0.15634146289215053,0.15634146289237325,0.15634146289265724,0.15634146289278456,0.1563414628925487,0.15634146289237325,0.1563414628925487,0.15634146289278456,0.15634146289296733,0.15634146289278456,0.15634146289265724,0.15634146289278456,0.15634146289296733,0.15494591494220666,0.15494591494171117,0.15494591494134166,0.15494591494171117,0.15494591494220666,0.15494591494171117,0.15494591494100968,0.15494591494042376,0.15494591494100968,0.15494591494171117,0.15494591494134166,0.15494591494042376,0.15494591493957002,0.15494591494042376,0.15494591494134166,0.15494591494171117,0.15494591494100968,0.15494591494042376,0.15494591494100968,0.15494591494171117,0.15494591494220666,0.15494591494171117,0.15494591494134166,0.15494591494171117,0.15494591494220666,0.15357822097084667,0.15357822096960225,0.15357822096857554,0.15357822096960225,0.15357822097084667,0.15357822096960225,0.15357822096760324,0.1535782209656161,0.15357822096760324,0.15357822096960225,0.15357822096857554,0.1535782209656161,0.15357822096198487,0.1535782209656161,0.15357822096857554,0.15357822096960225,0.15357822096760324,0.1535782209656161,0.15357822096760324,0.15357822096960225,0.15357822097084667,0.15357822096960225,0.15357822096857554,0.15357822096960225,0.15357822097084667,0.15223780412296145,0.15223780412022284,0.15223780411762103,0.15223780412022284,0.15223780412296145,0.15223780412022284,0.15223780411503612,0.15223780410841029,0.15223780411503612,0.15223780412022284,0.15223780411762103,0.15223780410841029,0.15223780409095636,0.1522378041084105,0.15223780411762103,0.15223780412022284,0.15223780411503612,0.1522378041084105,0.15223780411503612,0.15223780412022284,0.15223780412296145,0.15223780412022284,0.15223780411762103,0.15223780412022284,0.15223780412296145,0.1509240932072797,0.1509240932025788,0.15092409319729666,0.1509240932025788,0.1509240932072797,0.1509240932025788,0.15092409319187852,0.15092409317267277,0.15092409319187852,0.1509240932025788,0.15092409319729666,0.15092409317267277,0.1509240930776348,0.15092409317267277,0.15092409319729666,0.1509240932025788,0.15092409319187852,0.15092409317267277,0.15092409319187852,0.1509240932025788,0.1509240932072797,0.1509240932025788,0.15092409319729666,0.1509240932025788,0.1509240932072797,0.14963652336621888,0.1496365233614695,0.1496365233563406,0.1496365233614695,0.14963652336621888,0.1496365233614695,0.1496365233510992,0.1496365233340183,0.1496365233510992,0.1496365233614695,0.1496365233563406,0.1496365233340183,0.14963652326050664,0.1496365233340183,0.1496365233563406,0.1496365233614695,0.1496365233510992,0.1496365233340183,0.1496365233510992,0.1496365233614695,0.14963652336621888,0.1496365233614695,0.1496365233563406,0.1496365233614695,0.14963652336621888,0.14837453665640046,0.14837453665289385,0.14837453664927658,0.14837453665289385,0.14837453665640046,0.14837453665289385,0.1483745366456148,0.14837453663441144,0.1483745366456148,0.14837453665289385,0.14837453664927658,0.14837453663441144,0.14837453658938352,0.14837453663441144,0.14837453664927658,0.14837453665289385,0.1483745366456148,0.14837453663441144,0.1483745366456148,0.14837453665289385,0.14837453665640046,0.14837453665289385,0.14837453664927658,0.14837453665289385,0.14837453665640046,0.14713758255821768,0.14713758255635845,0.14713758255452136,0.14713758255635845,0.14713758255821768,0.14713758255635845,0.14713758255268441,0.14713758254733464,0.14713758255268441,0.14713758255635845,0.14713758255452136,0.14713758254733464,0.14713758252681136,0.14713758254733464,0.14713758255452136,0.14713758255635845,0.14713758255268441,0.14713758254733464,0.14713758255268441,0.14713758255635845,0.14713758255821768,0.14713758255635845,0.14713758255452136,0.14713758255635845,0.14713758255821768,0.1459251184154597,0.1459251184152015,0.14592511841502345,0.1459251184152015,0.1459251184154597,0.1459251184152015,0.14592511841486872,0.1459251184147033,0.14592511841486872,0.1459251184152015,0.14592511841502345,0.1459251184147033,0.14592511841531333,0.1459251184147033,0.14592511841502345,0.1459251184152015,0.14592511841486872,0.1459251184147033,0.14592511841486872,0.1459251184152015,0.1459251184154597,0.1459251184152015,0.14592511841502345,0.1459251184152015,0.1459251184154597,0.14473660980968436,0.14473660981077532,0.1447366098119811,0.14473660981077532,0.14473660980968436,0.14473660981077532,0.14473660981322287,0.1447366098173576,0.14473660981322287,0.14473660981077532,0.1447366098119811,0.1447366098173576,0.14473660983568182,0.1447366098173576,0.1447366098119811,0.14473660981077532,0.14473660981322287,0.1447366098173576,0.14473660981322287,0.14473660981077532,0.14473660980968436,0.14473660981077532,0.1447366098119811,0.14473660981077532,0.14473660980968436,0.14357153087541133,0.14357153087747682,0.14357153087967067,0.14357153087747682,0.14357153087541133,0.14357153087747682,0.14357153088190522,0.14357153088905192,0.14357153088190522,0.14357153087747682,0.14357153087967067,0.14357153088905192,0.14357153091947633,0.14357153088905192,0.14357153087967067,0.14357153087747682,0.14357153088190522,0.14357153088905192,0.14357153088190522,0.14357153087747682,0.14357153087541133,0.14357153087747682,0.14357153087967067,0.14357153087747682,0.14357153087541133,0.14242936456175953,0.14242936456437327,0.14242936456711822,0.14242936456437327,0.14242936456175953,0.14242936456437327,0.14242936456990274,0.14242936457872782,0.14242936456990274,0.14242936456437327,0.14242936456711822,0.14242936457872782,0.14242936461597447,0.14242936457872782,0.14242936456711822,0.14242936456437327,0.14242936456990274,0.14242936457872782,0.14242936456990274,0.14242936456437327,0.14242936456175953,0.14242936456437327,0.14242936456711822,0.14242936456437327,0.14242936456175953,0.14130960284543953,0.1413096028481631,0.1413096028509942,0.1413096028481631,0.14130960284543953,0.1413096028481631,0.1413096028538508,0.14130960286293753,0.1413096028538508,0.1413096028481631,0.1413096028509942,0.14130960286293753,0.141309602902035,0.14130960286293753,0.1413096028509942,0.1413096028481631,0.1413096028538508,0.14130960286293753,0.14130960285385097,0.1413096028481631,0.14130960284543953,0.1413096028481631,0.1413096028509942,0.1413096028481631,0.14130960284543953,0.14021174689970198,0.14021174690217914,0.14021174690459762,0.14021174690217914,0.14021174689970198,0.14021174690217914,0.14021174690699545,0.14021174691409108,0.14021174690699545,0.14021174690217914,0.14021174690459762,0.14021174691409108,0.14021174694290547,0.14021174691409108,0.14021174690459762,0.14021174690217914,0.14021174690699545,0.14021174691409108,0.14021174690699545,0.14021174690217914,0.14021174689970198,0.14021174690217914,0.14021174690459762,0.14021174690217914,0.14021174689970198,0.13913530722330594,0.13913530722573833,0.13913530722784484,0.13913530722573833,0.13913530722330594,0.13913530722573833,0.13913530722988102,0.1391353072343725,0.13913530722988102,0.13913530722573833,0.13913530722784484,0.1391353072343725,0.1391353072439422,0.1391353072343725,0.13913530722784484,0.13913530722573833,0.13913530722988102,0.1391353072343725,0.13913530722988102,0.13913530722573833,0.13913530722330594,0.13913530722573833,0.13913530722784484,0.13913530722573833,0.13913530722330594,0.13807980373258338,0.13807980373605322,0.13807980373939746,0.13807980373605322,0.13807980373258338,0.13807980373605322,0.1380798037427383,0.13807980375144976,0.1380798037427383,0.13807980373605322,0.13807980373939746,0.13807980375144976,0.13807980377492798,0.13807980375144976,0.13807980373939746,0.13807980373605322,0.1380798037427383,0.13807980375144976,0.1380798037427383,0.13807980373605322,0.13807980373258338,0.13807980373605322,0.13807980373939746,0.13807980373605322,0.13807980373258338,0.13704476582045988,0.137044765825375,0.13704476583120742,0.137044765825375,0.13704476582045988,0.137044765825375,0.13704476583722427,0.13704476586058598,0.13704476583722427,0.13704476582537486,0.13704476583120742,0.13704476586058598,0.13704476598889376,0.13704476586058598,0.13704476583120742,0.137044765825375,0.13704476583722427,0.13704476586058598,0.13704476583722427,0.137044765825375,0.13704476582045988,0.13704476582537486,0.13704476583120742,0.137044765825375,0.13704476582045988,0.13602973238957658,0.13602973239292682,0.1360297323961772,0.13602973239292682,0.13602973238957658,0.13602973239292682,0.13602973239942504,0.13602973240803862,0.13602973239942504,0.13602973239292682,0.1360297323961772,0.13602973240803862,0.13602973243179797,0.13602973240803862,0.1360297323961772,0.13602973239292682,0.13602973239942504,0.13602973240803862,0.13602973239942504,0.13602973239292682,0.13602973238957658,0.13602973239292682,0.1360297323961772,0.13602973239292682,0.13602973238957658,0.13503425186500706,0.13503425186708834,0.13503425186879875,0.13503425186708834,0.13503425186500706,0.13503425186708834,0.135034251870417,0.13503425187370038,0.135034251870417,0.13503425186708834,0.13503425186879875,0.13503425187370038,0.13503425187964543,0.13503425187370038,0.13503425186879875,0.13503425186708834,0.135034251870417,0.13503425187370038,0.135034251870417,0.13503425186708834,0.13503425186500706,0.13503425186708834,0.13503425186879875,0.13503425186708834,0.13503425186500706
0.16533248785155988,0.1653324878515596,0.16533248785155938,0.1653324878515596,0.16533248785155988,0.1653324878515596,0.16533248785155916,0.1653324878515589,0.16533248785155916,0.1653324878515596,0.16533248785155938,0.1653324878515589,0.16533248785155868,0.1653324878515589,0.16533248785155938,0.1653324878515596,0.16533248785155916,0.1653324878515589,0.16533248785155916,0.1653324878515596,0.16533248785155988,0.1653324878515596,0.16533248785155938,0.1653324878515596,0.16533248785155988,0.163757494131449,0.16375749413144805,0.1637574941314476,0.16375749413144805,0.163757494131449,0.16375749413144805,0.1637574941314471,0.16375749413144666,0.1637574941314471,0.16375749413144805,0.1637574941314476,0.16375749413144666,0.16375749413144622,0.16375749413144666,0.1637574941314476,0.16375749413144805,0.1637574941314471,0.16375749413144666,0.1637574941314471,0.16375749413144805,0.163757494131449,0.16375749413144805,0.1637574941314476,0.16375749413144805,0.163757494131449,0.16221388434326192,0.16221388434325945,0.16221388434325784,0.16221388434325945,0.16221388434326192,0.16221388434325945,0.1622138843432567,0.16221388434325512,0.1622138843432567,0.16221388434325945,0.16221388434325784,0.16221388434325512,0.16221388434325354,0.16221388434325512,0.16221388434325784,0.16221388434325945,0.1622138843432567,0.16221388434325512,0.1622138843432567,0.16221388434325945,0.16221388434326192,0.16221388434325945,0.16221388434325784,0.16221388434325945,0.16221388434326192,0.16070106744404236,0.16070106744403506,0.16070106744403037,0.16070106744403506,0.16070106744404236,0.16070106744403506,0.16070106744402704,0.1607010674440217,0.16070106744402704,0.16070106744403506,0.16070106744403037,0.1607010674440217,0.16070106744401616,0.1607010674440217,0.16070106744403037,0.16070106744403506,0.16070106744402704,0.1607010674440217,0.16070106744402704,0.16070106744403506,0.16070106744404236,0.16070106744403506,0.16070106744403037,0.16070106744403506,0.16070106744404236,0.1592184518087788,0.15921845180875704,0.15921845180874267,0.15921845180875704,0.1592184518087788,0.15921845180875704,0.159218451808732,0.159218451808715,0.159218451808732,0.15921845180875704,0.15921845180874267,0.159218451808715,0.1592184518086965,0.15921845180871524,0.15921845180874267,0.15921845180875704,0.159218451808732,0.15921845180871524,0.159218451808732,0.15921845180875704,0.1592184518087788,0.15921845180875704,0.15921845180874267,0.15921845180875704,0.1592184518087788,0.1577654465822685,0.15776544658220426,0.15776544658216157,0.15776544658220426,0.1577654465822685,0.15776544658220426,0.1577654465821268,0.15776544658207325,0.1577654465821268,0.15776544658220426,0.15776544658216157,0.15776544658207325,0.15776544658201075,0.15776544658207325,0.15776544658216157,0.15776544658220426,0.1577654465821268,0.15776544658207325,0.1577654465821268,0.15776544658220426,0.1577654465822685,0.15776544658220426,0.15776544658216157,0.15776544658220426,0.1577654465822685,0.15634146289347794,0.15634146289329565,0.15634146289316847,0.15634146289329565,0.15634146289347794,0.15634146289329565,0.15634146289306036,0.15634146289288514,0.15634146289306036,0.15634146289329565,0.15634146289316847,0.15634146289288514,0.15634146289266307,0.15634146289288514,0.15634146289316847,0.15634146289329565,0.15634146289306036,0.15634146289288514,0.15634146289306036,0.15634146289329565,0.15634146289347794,0.15634146289329565,0.15634146289316847,0.15634146289329565,0.15634146289347794,0.1549459149427053,0.1549459149422108,0.15494591494184212,0.1549459149422108,0.1549459149427053,0.1549459149422108,0.15494591494151072,0.15494591494092627,0.15494591494151072,0.1549459149422108,0.15494591494184212,0.15494591494092627,0.15494591494007415,0.15494591494092627,0.15494591494184212,0.1549459149422108,0.15494591494151072,0.15494591494092627,0.15494591494151072,0.1549459149422108,0.1549459149427053,0.1549459149422108,0.15494591494184212,0.1549459149422108,0.1549459149427053,0.1535782209713311,0.1535782209700895,0.15357822096906498,0.1535782209700895,0.1535782209713311,0.1535782209700895,0.1535782209680947,0.1535782209661118,0.1535782209680947,0.1535782209700895,0.15357822096906498,0.1535782209661118,0.15357822096248797,0.1535782209661118,0.15357822096906498,0.1535782209700895,0.1535782209680947,0.1535782209661118,0.1535782209680947,0.1535782209700895,0.1535782209713311,0.1535782209700895,0.15357822096906498,0.1535782209700895,0.1535782209713311,0.1522378041234264,0.15223780412069368,0.15223780411809754,0.15223780412069368,0.1522378041234264,0.15223780412069368,0.15223780411551818,0.15223780410890617,0.15223780411551818,0.15223780412069368,0.15223780411809754,0.15223780410890617,0.15223780409148782,0.15223780410890617,0.15223780411809754,0.15223780412069368,0.15223780411551818,0.15223780410890617,0.15223780411551818,0.15223780412069368,0.1522378041234264,0.15223780412069368,0.15223780411809754,0.15223780412069368,0.1522378041234264,0.15092409320771244,0.15092409320302233,0.15092409319775177,0.15092409320302233,0.15092409320771244,0.15092409320302233,0.15092409319234557,0.15092409317318015,0.15092409319234557,0.15092409320302233,0.15092409319775177,0.15092409317318015,0.15092409307835092,0.15092409317318015,0.15092409319775177,0.15092409320302233,0.15092409319234557,0.15092409317318015,0.15092409319234557,0.15092409320302233,0.15092409320771244,0.15092409320302233,0.15092409319775177,0.15092409320302233,0.15092409320771244,0.14963652336659722,0.1496365233618605,0.14963652335674446,0.1496365233618605,0.14963652336659722,0.1496365233618605,0.14963652335151612,0.14963652333447588,0.14963652335151612,0.1496365233618605,0.14963652335674446,0.14963652333447588,0.14963652326111138,0.14963652333447588,0.14963652335674446,0.1496365233618605,0.14963652335151612,0.14963652333447588,0.14963652335151612,0.1496365233618605,0.14963652336659722,0.1496365233618605,0.14963652335674446,0.1496365233618605,0.14963652336659722,0.1483745366566981,0.14837453665320427,0.14837453664959996,0.14837453665320427,0.1483745366566981,0.14837453665320427,0.14837453664595118,0.14837453663478692,0.14837453664595118,0.14837453665320427,0.14837453664959996,0.14837453663478692,0.1483745365899067,0.14837453663478692,0.14837453664959996,0.14837453665320427,0.14837453664595118,0.14837453663478692,0.14837453664595118,0.14837453665320427,0.1483745366566981,0.14837453665320427,0.14837453664959996,0.14837453665320427,0.1483745366566981,0.14713758255840717,0.14713758255656045,0.14713758255473625,0.14713758255656045,0.14713758255840717,0.14713758255656045,0.1471375825529124,0.14713758254760345,0.1471375825529124,0.14713758255656045,0.14713758255473625,0.14713758254760345,0.14713758252726225,0.14713758254760345,0.14713758255473625,0.14713758255656045,0.1471375825529124,0.14713758254760345,0.1471375825529124,0.14713758255656045,0.14713758255840717,0.14713758255656045,0.14713758255473625,0.14713758255656045,0.14713758255840717,0.145925118415514,0.14592511841526595,0.14592511841509948,0.14592511841526595,0.145925118415514,0.14592511841526595,0.14592511841495648,0.1459251184148306,0.14592511841495648,0.14592511841526595,0.14592511841509948,0.1459251184148306,0.14592511841561248,0.1459251184148306,0.14592511841509948,0.14592511841526595,0.14592511841495648,0.1459251184148306,0.14592511841495648,0.14592511841526595,0.145925118415514,0.14592511841526595,0.14592511841509948,0.14592511841526595,0.145925118415514,0.14473660980957997,0.14473660981067565,0.14473660981188702,0.14473660981067582,0.14473660980957997,0.14473660981067565,0.14473660981313416,0.14473660981728742,0.14473660981313416,0.14473660981067565,0.14473660981188702,0.14473660981728742,0.14473660983570555,0.14473660981728742,0.14473660981188702,0.14473660981067582,0.14473660981313416,0.14473660981728742,0.14473660981313416,0.14473660981067582,0.14473660980957997,0.14473660981067565,0.14473660981188702,0.14473660981067582,0.14473660980957997,0.1435715308751365,0.1435715308771991,0.14357153087938987,0.1435715308771991,0.1435715308751365,0.1435715308771991,0.14357153088162136,0.1435715308887571,0.14357153088162136,0.1435715308771991,0.14357153087938987,0.1435715308887571,0.14357153091912964,0.1435715308887571,0.14357153087938987,0.1435715308771991,0.14357153088162136,0.1435715308887571,0.14357153088162136,0.1435715308771991,0.1435715308751365,0.1435715308771991,0.14357153087938987,0.1435715308771991,0.1435715308751365,0.1424293645613177,0.14242936456392186,0.14242936456665672,0.14242936456392186,0.1424293645613177,0.14242936456392186,0.142429364569431,0.14242936457822458,0.142429364569431,0.14242936456392186,0.14242936456665672,0.14242936457822458,0.14242936461536804,0.14242936457822458,0.14242936456665672,0.14242936456392186,0.142429364569431,0.14242936457822458,0.142429364569431,0.14242936456392186,0.1424293645613177,0.14242936456392186,0.14242936456665672,0.14242936456392186,0.1424293645613177,0.14130960284484861,0.14130960284755686,0.14130960285037136,0.14130960284755686,0.14130960284484861,0.14130960284755686,0.14130960285321087,0.14130960286223906,0.14130960285321087,0.14130960284755686,0.14130960285037136,0.14130960286223906,0.14130960290107947,0.14130960286223906,0.14130960285037136,0.14130960284755686,0.14130960285321087,0.14130960286223906,0.14130960285321087,0.14130960284755686,0.14130960284484861,0.14130960284755686,0.14130960285037136,0.14130960284755686,0.14130960284484861,0.14021174689899085,0.14021174690145255,0.1402117469038544,0.14021174690145255,0.14021174689899085,0.14021174690145255,0.14021174690623528,0.14021174691327445,0.14021174690623528,0.14021174690145255,0.1402117469038544,0.14021174691327445,0.1402117469418275,0.14021174691327445,0.1402117469038544,0.14021174690145255,0.14021174690623528,0.14021174691327445,0.14021174690623528,0.14021174690145255,0.14021174689899085,0.14021174690145255,0.1402117469038544,0.14021174690145255,0.14021174689899085,0.13913530722250478,0.13913530722492504,0.13913530722702094,0.13913530722492504,0.13913530722250478,0.13913530722492504,0.1391353072290465,0.13913530723351286,0.1391353072290465,0.13913530722492504,0.13913530722702094,0.13913530723351286,0.13913530724302345,0.13913530723351286,0.13913530722702094,0.13913530722492504,0.1391353072290465,0.13913530723351286,0.1391353072290465,0.13913530722492504,0.13913530722250478,0.13913530722492504,0.13913530722702094,0.13913530722492504,0.13913530722250478,0.13807980373171516,0.1380798037351729,0.1380798037385058,0.1380798037351729,0.13807980373171516,0.1380798037351729,0.13807980374183548,0.13807980375051887,0.13807980374183548,0.1380798037351729,0.1380798037385058,0.13807980375051887,0.1380798037739247,0.13807980375051887,0.1380798037385058,0.1380798037351729,0.13807980374183548,0.13807980375051887,0.13807980374183548,0.1380798037351729,0.13807980373171516,0.1380798037351729,0.1380798037385058,0.1380798037351729,0.13807980373171516,0.13704476581954841,0.13704476582444866,0.13704476583026418,0.13704476582444866,0.13704476581954841,0.13704476582444866,0.13704476583626352,0.13704476585955877,0.13704476583626352,0.13704476582444866,0.13704476583026418,0.13704476585955877,0.13704476598751658,0.13704476585955877,0.13704476583026418,0.13704476582444866,0.13704476583626352,0.13704476585955877,0.13704476583626352,0.13704476582444866,0.13704476581954841,0.13704476582444866,0.13704476583026418,0.13704476582444866,0.13704476581954841,0.13602973238865124,0.13602973239199165,0.13602973239523264,0.13602973239199165,0.13602973238865124,0.13602973239199165,0.13602973239847121,0.13602973240706034,0.13602973239847121,0.13602973239199165,0.13602973239523264,0.13602973240706034,0.13602973243075273,0.13602973240706034,0.13602973239523264,0.13602973239199165,0.13602973239847121,0.13602973240706034,0.13602973239847121,0.13602973239199165,0.13602973238865124,0.13602973239199165,0.13602973239523264,0.13602973239199165,0.13602973238865124,0.13503425186408707,0.13503425186616236,0.13503425186786794,0.13503425186616236,0.13503425186408707,0.13503425186616236,0.13503425186948154,0.1350342518727557,0.13503425186948154,0.13503425186616236,0.13503425186786794,0.1350342518727557,0.1350342518786839,0.13503425187275553,0.13503425186786794,0.13503425186616236,0.13503425186948154,0.13503425187275553,0.13503425186948154,0.13503425186616236,0.13503425186408707,0.13503425186616236,0.13503425186786794,0.13503425186616236,0.13503425186408707
0.16533248785212765,0.16533248785212717,0.16533248785212692,0.16533248785212717,0.16533248785212765,0.16533248785212717,0.16533248785212692,0.16533248785212667,0.16533248785212692,0.16533248785212717,0.16533248785212692,0.16533248785212667,0.16533248785212645,0.16533248785212667,0.16533248785212692,0.16533248785212717,0.16533248785212692,0.16533248785212667,0.16533248785212692,0.16533248785212717,0.16533248785212765,0.16533248785212717,0.16533248785212692,0.16533248785212717,0.16533248785212765,0.16375749413200522,0.1637574941320043,0.16375749413200383,0.1637574941320043,0.16375749413200522,0.1637574941320043,0.1637574941320036,0.16375749413200288,0.1637574941320036,0.1637574941320043,0.16375749413200383,0.16375749413200288,0.16375749413200247,0.16375749413200288,0.16375749413200383,0.1637574941320043,0.1637574941320036,0.16375749413200288,0.1637574941320036,0.1637574941320043,0.16375749413200522,0.1637574941320043,0.16375749413200383,0.1637574941320043,0.16375749413200522,0.16221388434380685,0.16221388434380438,0.162213884343803,0.16221388434380438,0.16221388434380685,0.16221388434380438,0.16221388434380185,0.16221388434380027,0.16221388434380185,0.16221388434380438,0.162213884343803,0.16221388434380027,0.16221388434379846,0.16221388434380027,0.162213884343803,0.16221388434380438,0.16221388434380185,0.16221388434380027,0.16221388434380185,0.16221388434380438,0.16221388434380685,0.16221388434380438,0.162213884343803,0.16221388434380438,0.16221388434380685,0.1607010674445762,0.16070106744456886,0.16070106744456422,0.16070106744456886,0.1607010674445762,0.16070106744456886,0.1607010674445609,0.16070106744455578,0.1607010674445609,0.16070106744456886,0.16070106744456422,0.16070106744455578,0.16070106744455,0.16070106744455578,0.16070106744456422,0.16070106744456886,0.1607010674445609,0.16070106744455578,0.1607010674445609,0.16070106744456886,0.1607010674445762,0.16070106744456886,0.16070106744456422,0.16070106744456886,0.1607010674445762,0.15921845180930178,0.15921845180927977,0.15921845180926564,0.15921845180927977,0.15921845180930178,0.15921845180927977,0.15921845180925495,0.1592184518092382,0.15921845180925495,0.15921845180927977,0.15921845180926564,0.1592184518092382,0.15921845180921967,0.1592184518092382,0.15921845180926564,0.15921845180927977,0.15921845180925495,0.1592184518092382,0.15921845180925495,0.15921845180927977,0.15921845180930178,0.15921845180927977,0.15921845180926564,0.15921845180927977,0.15921845180930178,0.15776544658278036,0.15776544658271613,0.15776544658267347,0.15776544658271613,0.15776544658278036,0.15776544658271613,0.1577654465826391,0.15776544658258554,0.1577654465826391,0.15776544658271613,0.15776544658267347,0.15776544658258554,0.15776544658252303,0.15776544658258554,0.15776544658267347,0.15776544658271613,0.1577654465826391,0.15776544658258554,0.1577654465826391,0.15776544658271613,0.15776544658278036,0.15776544658271613,0.15776544658267347,0.15776544658271613,0.15776544658278036,0.1563414628939788,0.15634146289379666,0.15634146289366996,0.15634146289379666,0.1563414628939788,0.15634146289379666,0.15634146289356182,0.156341462893387,0.15634146289356182,0.15634146289379666,0.15634146289366996,0.156341462893387,0.15634146289316536,0.156341462893387,0.15634146289366996,0.15634146289379666,0.15634146289356182,0.156341462893387,0.15634146289356182,0.15634146289379666,0.1563414628939788,0.15634146289379666,0.15634146289366996,0.15634146289379666,0.1563414628939788,0.15494591494319426,0.15494591494270074,0.15494591494233292,0.15494591494270074,0.15494591494319426,0.15494591494270074,0.15494591494200216,0.1549459149414187,0.15494591494200216,0.15494591494270074,0.15494591494233292,0.1549459149414187,0.15494591494056867,0.1549459149414187,0.15494591494233292,0.15494591494270074,0.15494591494200216,0.1549459149414187,0.15494591494200216,0.15494591494270074,0.15494591494319426,0.15494591494270074,0.15494591494233292,0.15494591494270074,0.15494591494319426,0.1535782209718061,0.1535782209705671,0.1535782209695446,0.1535782209705671,0.1535782209718061,0.1535782209705671,0.15357822096857654,0.15357822096659762,0.15357822096857654,0.1535782209705671,0.1535782209695446,0.15357822096659762,0.15357822096298124,0.15357822096659762,0.1535782209695446,0.1535782209705671,0.15357822096857654,0.15357822096659762,0.15357822096857654,0.1535782209705671,0.1535782209718061,0.1535782209705671,0.1535782209695446,0.1535782209705671,0.1535782209718061,0.1522378041238821,0.15223780412115526,0.15223780411856466,0.15223780412115526,0.1522378041238821,0.15223780412115526,0.1522378041159908,0.15223780410939233,0.1522378041159908,0.15223780412115526,0.15223780411856466,0.15223780410939233,0.15223780409200946,0.15223780410939233,0.15223780411856466,0.15223780412115526,0.1522378041159908,0.15223780410939233,0.1522378041159908,0.15223780412115526,0.1522378041238821,0.15223780412115526,0.15223780411856466,0.15223780412115526,0.1522378041238821,0.15092409320813685,0.15092409320345718,0.1509240931981982,0.15092409320345718,0.15092409320813685,0.15092409320345718,0.15092409319280337,0.15092409317367786,0.15092409319280337,0.15092409320345718,0.1509240931981982,0.15092409317367786,0.15092409307906954,0.15092409317367786,0.1509240931981982,0.15092409320345718,0.15092409319280337,0.15092409317367786,0.15092409319280337,0.15092409320345718,0.15092409320813685,0.15092409320345718,0.1509240931981982,0.15092409320345718,0.15092409320813685,0.14963652336696823,0.1496365233622436,0.1496365233571402,0.1496365233622436,0.14963652336696823,0.1496365233622436,0.1496365233519247,0.1496365233349242,0.1496365233519247,0.1496365233622436,0.1496365233571402,0.1496365233349242,0.14963652326172816,0.1496365233349242,0.1496365233571402,0.1496365233622436,0.1496365233519247,0.1496365233349242,0.1496365233519247,0.1496365233622436,0.14963652336696823,0.1496365233622436,0.1496365233571402,0.1496365233622436,0.14963652336696823,0.1483745366569896,0.14837453665350822,0.1483745366499167,0.14837453665350822,0.1483745366569896,0.14837453665350822,0.14837453664628053,0.14837453663515446,0.14837453664628053,0.14837453665350822,0.1483745366499167,0.14837453663515446,0.1483745365904132,0.14837453663515446,0.1483745366499167,0.14837453665350822,0.14837453664628053,0.14837453663515446,0.14837453664628053,0.14837453665350822,0.1483745366569896,0.14837453665350822,0.1483745366499167,0.14837453665350822,0.1483745366569896,0.14713758255859263,0.14713758255675807,0.1471375825549464,0.14713758255675807,0.14713758255859263,0.14713758255675807,0.1471375825531353,0.14713758254786596,0.1471375825531353,0.14713758255675807,0.1471375825549464,0.14713758254786596,0.14713758252767953,0.14713758254786596,0.1471375825549464,0.14713758255675807,0.1471375825531353,0.14713758254786596,0.1471375825531353,0.14713758255675807,0.14713758255859263,0.14713758255675807,0.1471375825549464,0.14713758255675807,0.14713758255859263,0.14592511841556688,0.14592511841532918,0.14592511841517372,0.14592511841532918,0.14592511841556688,0.14592511841532918,0.14592511841504197,0.1459251184149547,0.14592511841504197,0.14592511841532918,0.14592511841517372,0.1459251184149547,0.14592511841592729,0.1459251184149547,0.14592511841517372,0.14592511841532918,0.14592511841504197,0.1459251184149547,0.14592511841504197,0.14592511841532918,0.14592511841556688,0.14592511841532918,0.14592511841517372,0.14592511841532918,0.14592511841556688,0.14473660980947808,0.14473660981057843,0.14473660981179484,0.14473660981057843,0.14473660980947808,0.14473660981057843,0.14473660981304742,0.144736609817219,0.14473660981304742,0.14473660981057843,0.14473660981179484,0.144736609817219,0.1447366098356963,0.144736609817219,0.14473660981179484,0.14473660981057843,0.14473660981304742,0.144736609817219,0.14473660981304742,0.14473660981057843,0.14473660980947808,0.14473660981057843,0.14473660981179484,0.14473660981057843,0.14473660980947808,0.14357153087486768,0.14357153087692753,0.1435715308791154,0.14357153087692753,0.14357153087486768,0.14357153087692753,0.143571530881344,0.14357153088846947,0.143571530881344,0.14357153087692753,0.1435715308791154,0.14357153088846947,0.14357153091880862,0.14357153088846947,0.1435715308791154,0.14357153087692753,0.143571530881344,0.14357153088846947,0.143571530881344,0.14357153087692753,0.14357153087486768,0.14357153087692753,0.1435715308791154,0.14357153087692753,0.14357153087486768,0.1424293645608852,0.14242936456348002,0.14242936456620497,0.14242936456348002,0.1424293645608852,0.14242936456348002,0.14242936456896935,0.1424293645777327,0.14242936456896935,0.14242936456348002,0.14242936456620497,0.1424293645777327,0.14242936461474687,0.1424293645777327,0.14242936456620497,0.14242936456348002,0.14242936456896935,0.1424293645777327,0.14242936456896935,0.14242936456348002,0.1424293645608852,0.14242936456348002,0.14242936456620497,0.14242936456348002,0.1424293645608854,0.1413096028442697,0.14130960284696314,0.1413096028497612,0.14130960284696314,0.1413096028442697,0.14130960284696314,0.14130960285258393,0.14130960286155486,0.14130960285258393,0.14130960284696314,0.1413096028497612,0.14130960286155486,0.1413096029001203,0.14130960286155486,0.1413096028497612,0.14130960284696314,0.14130960285258393,0.14130960286155486,0.14130960285258393,0.14130960284696314,0.1413096028442697,0.14130960284696314,0.1413096028497612,0.14130960284696314,0.1413096028442697,0.14021174689829405,0.14021174690074045,0.140211746903126,0.14021174690074045,0.14021174689829405,0.14021174690074045,0.14021174690549032,0.14021174691247384,0.14021174690549032,0.14021174690074045,0.140211746903126,0.14021174691247384,0.14021174694076827,0.14021174691247384,0.140211746903126,0.14021174690074045,0.14021174690549032,0.14021174691247384,0.14021174690549032,0.14021174690074045,0.14021174689829405,0.14021174690074045,0.140211746903126,0.14021174690074045,0.14021174689829405,0.13913530722171943,0.13913530722412815,0.1391353072262133,0.13913530722412815,0.13913530722171943,0.13913530722412815,0.13913530722822845,0.13913530723267029,0.13913530722822845,0.13913530722412815,0.1391353072262133,0.13913530723267029,0.13913530724212236,0.13913530723267029,0.1391353072262133,0.13913530722412815,0.13913530722822845,0.13913530723267029,0.13913530722822845,0.13913530722412815,0.13913530722171943,0.13913530722412815,0.1391353072262133,0.13913530722412815,0.13913530722171943,0.13807980373086412,0.13807980373431006,0.13807980373763182,0.13807980373431006,0.13807980373086412,0.13807980373431006,0.13807980374095052,0.1380798037496063,0.13807980374095052,0.13807980373431006,0.13807980373763182,0.1380798037496063,0.13807980377294113,0.1380798037496063,0.13807980373763182,0.13807980373431006,0.13807980374095052,0.1380798037496063,0.13807980374095052,0.13807980373431006,0.13807980373086412,0.13807980373431006,0.13807980373763182,0.13807980373431006,0.13807980373086412,0.13704476581865485,0.13704476582354067,0.13704476582933947,0.13704476582354067,0.13704476581865485,0.13704476582354067,0.13704476583532166,0.1370447658585517,0.13704476583532166,0.13704476582354067,0.13704476582933947,0.1370447658585517,0.13704476598614868,0.1370447658585517,0.13704476582933947,0.13704476582354067,0.13704476583532166,0.1370447658585517,0.13704476583532166,0.13704476582354067,0.13704476581865485,0.13704476582354067,0.13704476582933947,0.13704476582354067,0.13704476581865485,0.1360297323877439,0.13602973239107496,0.13602973239430668,0.13602973239107496,0.1360297323877439,0.13602973239107496,0.13602973239753605,0.13602973240610128,0.13602973239753605,0.13602973239107496,0.13602973239430668,0.13602973240610128,0.13602973242972793,0.13602973240610128,0.13602973239430668,0.13602973239107496,0.13602973239753605,0.13602973240610128,0.13602973239753605,0.13602973239107496,0.1360297323877439,0.13602973239107496,0.13602973239430668,0.13602973239107496,0.1360297323877439,0.13503425186318535,0.13503425186525478,0.13503425186695556,0.13503425186525478,0.13503425186318535,0.13503425186525478,0.13503425186856463,0.13503425187182952,0.13503425186856463,0.13503425186525478,0.13503425186695556,0.13503425187182952,0.13503425187774123,0.13503425187182952,0.13503425186695556,0.13503425186525478,0.13503425186856463,0.13503425187182952,0.13503425186856463,0.13503425186525478,0.13503425186318535,0.13503425186525478,0.13503425186695556,0.13503425186525478,0.13503425186318535
0.16533248785268456,0.16533248785268412,0.16533248785268387,0.16533248785268412,0.16533248785268456,0.16533248785268412,0.16533248785268387,0.16533248785268362,0.16533248785268387,0.16533248785268412,0.16533248785268387,0.16533248785268362,0.1653324878526834,0.16533248785268362,0.16533248785268387,0.16533248785268412,0.16533248785268387,0.16533248785268362,0.16533248785268387,0.16533248785268412,0.16533248785268456,0.16533248785268412,0.16533248785268387,0.16533248785268412,0.16533248785268456,0.16375749413255083,0.16375749413255014,0.1637574941325497,0.16375749413255014,0.16375749413255083,0.16375749413255014,0.16375749413254923,0.16375749413254875,0.16375749413254923,0.16375749413255014,0.1637574941325497,0.16375749413254875,0.16375749413254828,0.16375749413254875,0.1637574941325497,0.16375749413255014,0.16375749413254923,0.16375749413254875,0.16375749413254923,0.16375749413255014,0.16375749413255083,0.16375749413255014,0.1637574941325497,0.16375749413255014,0.16375749413255083,0.16221388434434159,0.1622138843443391,0.16221388434433773,0.1622138843443391,0.16221388434434159,0.1622138843443391,0.1622138843443366,0.162213884344335,0.1622138843443366,0.1622138843443391,0.16221388434433773,0.162213884344335,0.1622138843443332,0.162213884344335,0.16221388434433773,0.1622138843443391,0.1622138843443366,0.162213884344335,0.1622138843443366,0.1622138843443391,0.16221388434434159,0.1622138843443391,0.16221388434433773,0.1622138843443391,0.16221388434434159,0.16070106744510004,0.16070106744509272,0.16070106744508805,0.16070106744509272,0.16070106744510004,0.16070106744509272,0.16070106744508472,0.16070106744507962,0.16070106744508472,0.16070106744509272,0.16070106744508805,0.16070106744507962,0.16070106744507384,0.16070106744507962,0.16070106744508805,0.16070106744509272,0.16070106744508472,0.16070106744507962,0.16070106744508472,0.16070106744509272,0.16070106744510004,0.16070106744509272,0.16070106744508805,0.16070106744509272,0.16070106744510004,0.1592184518098147,0.15921845180979294,0.15921845180977875,0.15921845180979294,0.1592184518098147,0.15921845180979294,0.15921845180976787,0.1592184518097511,0.15921845180976787,0.15921845180979294,0.15921845180977875,0.1592184518097511,0.15921845180973263,0.1592184518097511,0.15921845180977875,0.15921845180979294,0.15921845180976787,0.1592184518097511,0.15921845180976787,0.15921845180979294,0.1592184518098147,0.15921845180979294,0.15921845180977875,0.15921845180979294,0.1592184518098147,0.1577654465832824,0.15776544658321862,0.15776544658317593,0.15776544658321862,0.1577654465832824,0.15776544658321862,0.1577654465831416,0.15776544658308803,0.1577654465831416,0.15776544658321862,0.15776544658317593,0.15776544658308803,0.15776544658302571,0.15776544658308803,0.15776544658317593,0.15776544658321862,0.1577654465831416,0.15776544658308803,0.1577654465831416,0.15776544658321862,0.1577654465832824,0.15776544658321862,0.15776544658317593,0.15776544658321862,0.1577654465832824,0.15634146289446996,0.15634146289428824,0.15634146289416173,0.15634146289428824,0.15634146289446996,0.15634146289428824,0.15634146289405404,0.15634146289387943,0.15634146289405404,0.15634146289428824,0.15634146289416173,0.15634146289387943,0.15634146289365822,0.15634146289387943,0.15634146289416173,0.15634146289428824,0.15634146289405404,0.15634146289387943,0.15634146289405404,0.15634146289428824,0.15634146289446996,0.15634146289428824,0.15634146289416173,0.15634146289428824,0.15634146289446996,0.154945914943674,0.15494591494318152,0.1549459149428143,0.15494591494318152,0.154945914943674,0.15494591494318152,0.1549459149424842,0.15494591494190213,0.1549459149424842,0.15494591494318152,0.1549459149428143,0.15494591494190213,0.15494591494105353,0.15494591494190213,0.1549459149428143,0.15494591494318152,0.1549459149424842,0.15494591494190213,0.1549459149424842,0.15494591494318152,0.154945914943674,0.15494591494318152,0.1549459149428143,0.15494591494318152,0.154945914943674,0.15357822097227225,0.15357822097103568,0.15357822097001556,0.15357822097103568,0.15357822097227225,0.15357822097103568,0.15357822096904933,0.15357822096707444,0.15357822096904933,0.15357822097103568,0.15357822097001556,0.15357822096707444,0.15357822096346527,0.15357822096707444,0.15357822097001556,0.15357822097103568,0.15357822096904933,0.15357822096707444,0.15357822096904933,0.15357822097103568,0.15357822097227225,0.15357822097103568,0.15357822097001556,0.15357822097103568,0.15357822097227225,0.1522378041243293,0.1522378041216082,0.1522378041190231,0.1522378041216082,0.1522378041243293,0.1522378041216082,0.15223780411645454,0.15223780410986967,0.15223780411645454,0.1522378041216082,0.1522378041190231,0.15223780410986967,0.15223780409252163,0.15223780410986967,0.1522378041190231,0.1522378041216082,0.15223780411645454,0.15223780410986967,0.15223780411645454,0.1522378041216082,0.1522378041243293,0.1522378041216082,0.1522378041190231,0.1522378041216082,0.1522378041243293,0.150924093208553,0.15092409320388372,0.15092409319863592,0.15092409320388372,0.150924093208553,0.15092409320388372,0.15092409319325267,0.15092409317416636,0.15092409319325267,0.15092409320388372,0.15092409319863592,0.15092409317416636,0.15092409307972238,0.15092409317416636,0.15092409319863592,0.15092409320388372,0.15092409319325267,0.15092409317416636,0.15092409319325267,0.15092409320388372,0.150924093208553,0.15092409320388372,0.15092409319863592,0.15092409320388372,0.150924093208553,0.14963652336733183,0.1496365233626193,0.14963652335752822,0.1496365233626193,0.14963652336733183,0.1496365233626193,0.14963652335232538,0.14963652333536379,0.14963652335232538,0.1496365233626193,0.14963652335752822,0.14963652333536379,0.14963652326235155,0.14963652333536379,0.14963652335752822,0.1496365233626193,0.14963652335232538,0.14963652333536379,0.14963652335232538,0.1496365233626193,0.14963652336733183,0.1496365233626193,0.14963652335752822,0.1496365233626193,0.14963652336733183,0.1483745366572754,0.14837453665380623,0.14837453665022693,0.14837453665380623,0.1483745366572754,0.14837453665380623,0.1483745366466032,0.14837453663551417,0.1483745366466032,0.14837453665380623,0.14837453665022693,0.14837453663551417,0.14837453659093341,0.14837453663551417,0.14837453665022693,0.14837453665380623,0.1483745366466032,0.14837453663551417,0.1483745366466032,0.14837453665380623,0.1483745366572754,0.14837453665380623,0.14837453665022693,0.14837453665380623,0.1483745366572754,0.14713758255877413,0.1471375825569514,0.14713758255515205,0.1471375825569514,0.14713758255877413,0.1471375825569514,0.1471375825533533,0.14713758254812245,0.1471375825533533,0.1471375825569514,0.14713758255515205,0.14713758254812245,0.1471375825280815,0.14713758254812245,0.14713758255515205,0.1471375825569514,0.1471375825533533,0.14713758254812245,0.1471375825533533,0.1471375825569514,0.14713758255877413,0.1471375825569514,0.14713758255515205,0.1471375825569514,0.14713758255877413,0.1459251184156187,0.1459251184153908,0.145925118415246,0.1459251184153908,0.1459251184156187,0.1459251184153908,0.14592511841512548,0.1459251184150756,0.14592511841512548,0.1459251184153908,0.145925118415246,0.1459251184150756,0.14592511841622519,0.1459251184150756,0.145925118415246,0.1459251184153908,0.14592511841512548,0.1459251184150756,0.14592511841512548,0.1459251184153908,0.1459251184156187,0.1459251184153908,0.145925118415246,0.1459251184153908,0.1459251184156187,0.14473660980937805,0.14473660981048295,0.14473660981170444,0.14473660981048295,0.14473660980937805,0.14473660981048295,0.1447366098129624,0.14473660981715197,0.1447366098129624,0.14473660981048295,0.14473660981170444,0.14473660981715197,0.14473660983572828,0.14473660981715197,0.14473660981170444,0.14473660981048295,0.1447366098129624,0.14473660981715197,0.1447366098129624,0.14473660981048295,0.14473660980937805,0.14473660981048295,0.14473660981170444,0.14473660981048295,0.14473660980937805,0.14357153087460434,0.14357153087666166,0.14357153087884675,0.14357153087666166,0.14357153087460434,0.14357153087666166,0.1435715308810724,0.14357153088818816,0.1435715308810724,0.14357153087666166,0.14357153087884675,0.14357153088818816,0.1435715309184659,0.14357153088818816,0.14357153087884675,0.14357153087666166,0.1435715308810724,0.14357153088818816,0.1435715308810724,0.14357153087666166,0.14357153087460434,0.14357153087666166,0.14357153087884675,0.14357153087666166,0.14357153087460434,0.14242936456046146,0.14242936456304703,0.14242936456576244,0.14242936456304703,0.14242936456046146,0.14242936456304703,0.1424293645685171,0.14242936457725125,0.1424293645685171,0.14242936456304703,0.14242936456576244,0.14242936457725125,0.1424293646141594,0.14242936457725125,0.14242936456576244,0.14242936456304703,0.1424293645685171,0.14242936457725125,0.1424293645685171,0.14242936456304703,0.14242936456046146,0.14242936456304703,0.14242936456576244,0.14242936456304703,0.14242936456046146,0.14130960284370195,0.1413096028463811,0.14130960284916302,0.1413096028463811,0.14130960284370195,0.1413096028463811,0.1413096028519693,0.14130960286088418,0.1413096028519693,0.1413096028463811,0.14130960284916302,0.14130960286088418,0.1413096028991996,0.14130960286088418,0.14130960284916302,0.1413096028463811,0.1413096028519693,0.14130960286088418,0.1413096028519693,0.1413096028463811,0.14130960284370195,0.1413096028463811,0.14130960284916302,0.1413096028463811,0.14130960284370195,0.1402117468976105,0.14021174690004204,0.1402117469024115,0.14021174690004204,0.1402117468976105,0.14021174690004204,0.14021174690475952,0.1402117469116884,0.14021174690475952,0.14021174690004204,0.1402117469024115,0.1402117469116884,0.14021174693973754,0.1402117469116884,0.1402117469024115,0.14021174690004204,0.14021174690475952,0.1402117469116884,0.14021174690475952,0.14021174690004204,0.1402117468976105,0.14021174690004204,0.1402117469024115,0.14021174690004204,0.1402117468976105,0.13913530722094897,0.1391353072233461,0.13913530722542083,0.1391353072233461,0.13913530722094897,0.1391353072233461,0.13913530722742587,0.13913530723184336,0.13913530722742587,0.1391353072233461,0.13913530722542083,0.13913530723184336,0.1391353072412382,0.13913530723184336,0.13913530722542083,0.1391353072233461,0.13913530722742587,0.13913530723184336,0.13913530722742587,0.1391353072233461,0.13913530722094897,0.1391353072233461,0.13913530722542083,0.1391353072233461,0.13913530722094897,0.1380798037300291,0.13807980373346326,0.13807980373677414,0.13807980373346326,0.1380798037300291,0.13807980373346326,0.13807980374008197,0.13807980374871082,0.13807980374008197,0.13807980373346326,0.13807980373677414,0.13807980374871082,0.13807980377197568,0.13807980374871082,0.13807980373677414,0.13807980373346326,0.13807980374008197,0.13807980374871082,0.13807980374008197,0.13807980373346326,0.1380798037300291,0.13807980373346326,0.13807980373677414,0.13807980373346326,0.1380798037300291,0.1370447658177779,0.1370447658226497,0.13704476582843209,0.1370447658226497,0.1370447658177779,0.1370447658226497,0.1370447658343974,0.13704476585756328,0.1370447658343974,0.1370447658226497,0.13704476582843209,0.13704476585756328,0.13704476598481197,0.13704476585756328,0.13704476582843209,0.1370447658226497,0.1370447658343974,0.13704476585756328,0.1370447658343974,0.1370447658226497,0.1370447658177779,0.1370447658226497,0.13704476582843209,0.1370447658226497,0.1370447658177779,0.1360297323868536,0.13602973239017524,0.13602973239339802,0.13602973239017524,0.1360297323868536,0.13602973239017524,0.13602973239661842,0.13602973240515998,0.13602973239661842,0.13602973239017524,0.13602973239339802,0.13602973240515998,0.13602973242872218,0.13602973240515998,0.13602973239339802,0.13602973239017524,0.13602973239661842,0.13602973240515998,0.13602973239661842,0.13602973239017524,0.1360297323868536,0.13602973239017524,0.13602973239339802,0.13602973239017524,0.1360297323868536,0.13503425186230048,0.13503425186436405,0.13503425186606013,0.13503425186436405,0.13503425186230048,0.13503425186436405,0.1350342518676648,0.13503425187092066,0.1350342518676648,0.13503425186436405,0.13503425186606013,0.13503425187092066,0.13503425187681614,0.13503425187092066,0.13503425186606013,0.13503425186436405,0.1350342518676648,0.13503425187092066,0.1350342518676648,0.13503425186436405,0.13503425186230048,0.13503425186436405,0.13503425186606013,0.13503425186436405,0.13503425186230048
0.16533248785323135,0.16533248785323088,0.16533248785323088,0.16533248785323088,0.16533248785323135,0.16533248785323088,0.16533248785323063,0.1653324878532304,0.16533248785323063,0.16533248785323088,0.16533248785323088,0.1653324878532304,0.16533248785323018,0.1653324878532304,0.16533248785323088,0.16533248785323088,0.16533248785323063,0.1653324878532304,0.16533248785323063,0.16533248785323088,0.16533248785323135,0.16533248785323088,0.16533248785323088,0.16533248785323088,0.16533248785323135,0.16375749413308674,0.16375749413308605,0.16375749413308538,0.16375749413308605,0.16375749413308674,0.16375749413308605,0.1637574941330851,0.16375749413308466,0.1637574941330851,0.16375749413308605,0.16375749413308538,0.16375749413308466,0.163757494133084,0.16375749413308466,0.16375749413308538,0.16375749413308605,0.1637574941330851,0.16375749413308466,0.1637574941330851,0.16375749413308605,0.16375749413308674,0.16375749413308605,0.16375749413308538,0.16375749413308605,0.16375749413308674,0.16221388434486655,0.16221388434486406,0.1622138843448627,0.16221388434486406,0.16221388434486655,0.16221388434486406,0.1622138843448616,0.16221388434486,0.1622138843448616,0.16221388434486406,0.1622138843448627,0.16221388434486,0.16221388434485817,0.16221388434486,0.1622138843448627,0.16221388434486406,0.1622138843448616,0.16221388434486,0.1622138843448616,0.16221388434486406,0.16221388434486655,0.16221388434486406,0.1622138843448627,0.16221388434486406,0.16221388434486655,0.16070106744561433,0.160701067445607,0.16070106744560234,0.160701067445607,0.16070106744561433,0.160701067445607,0.160701067445599,0.1607010674455939,0.160701067445599,0.160701067445607,0.16070106744560234,0.1607010674455939,0.16070106744558812,0.1607010674455939,0.16070106744560234,0.160701067445607,0.160701067445599,0.1607010674455939,0.160701067445599,0.160701067445607,0.16070106744561433,0.160701067445607,0.16070106744560234,0.160701067445607,0.16070106744561433,0.1592184518103183,0.1592184518102965,0.15921845181028235,0.1592184518102965,0.1592184518103183,0.1592184518102965,0.1592184518102717,0.15921845181025493,0.1592184518102717,0.1592184518102965,0.15921845181028235,0.15921845181025493,0.15921845181023642,0.15921845181025493,0.15921845181028235,0.1592184518102965,0.1592184518102717,0.15921845181025493,0.1592184518102717,0.1592184518102965,0.1592184518103183,0.1592184518102965,0.15921845181028235,0.1592184518102965,0.1592184518103183,0.15776544658377548,0.1577654465837117,0.15776544658366926,0.1577654465837117,0.15776544658377548,0.1577654465837117,0.1577654465836349,0.15776544658358155,0.1577654465836349,0.1577654465837117,0.15776544658366926,0.15776544658358155,0.15776544658351924,0.15776544658358155,0.15776544658366926,0.1577654465837117,0.1577654465836349,0.15776544658358155,0.1577654465836349,0.1577654465837117,0.15776544658377548,0.1577654465837117,0.15776544658366926,0.1577654465837117,0.15776544658377548,0.15634146289495238,0.1563414628947711,0.1563414628946448,0.1563414628947711,0.15634146289495238,0.1563414628947711,0.1563414628945373,0.15634146289436313,0.1563414628945373,0.1563414628947711,0.1563414628946448,0.15634146289436313,0.1563414628941423,0.15634146289436313,0.1563414628946448,0.1563414628947711,0.1563414628945373,0.15634146289436313,0.1563414628945373,0.1563414628947711,0.15634146289495238,0.1563414628947711,0.1563414628946448,0.1563414628947711,0.15634146289495238,0.15494591494414495,0.1549459149436535,0.15494591494328708,0.1549459149436535,0.15494591494414495,0.1549459149436535,0.15494591494295776,0.15494591494237678,0.15494591494295776,0.1549459149436535,0.15494591494328708,0.15494591494237678,0.15494591494152998,0.15494591494237678,0.15494591494328708,0.1549459149436535,0.15494591494295776,0.15494591494237678,0.15494591494295776,0.1549459149436535,0.15494591494414495,0.1549459149436535,0.15494591494328708,0.1549459149436535,0.15494591494414495,0.15357822097272997,0.15357822097149598,0.1535782209704777,0.15357822097149598,0.15357822097272997,0.15357822097149598,0.15357822096951368,0.1535782209675428,0.15357822096951368,0.15357822097149598,0.1535782209704777,0.1535782209675428,0.15357822096394086,0.1535782209675428,0.1535782209704777,0.15357822097149598,0.15357822096951368,0.1535782209675428,0.15357822096951368,0.15357822097149598,0.15357822097272997,0.15357822097149598,0.1535782209704777,0.15357822097149598,0.15357822097272997,0.15223780412476845,0.15223780412205304,0.15223780411947327,0.15223780412205304,0.15223780412476845,0.15223780412205304,0.15223780411690985,0.15223780411033833,0.15223780411690985,0.15223780412205304,0.15223780411947327,0.15223780411033833,0.15223780409302476,0.15223780411033833,0.15223780411947327,0.15223780412205304,0.15223780411690985,0.15223780411033833,0.15223780411690985,0.15223780412205304,0.15223780412476845,0.15223780412205304,0.15223780411947327,0.15223780412205304,0.15223780412476845,0.15092409320896177,0.15092409320430256,0.15092409319906594,0.15092409320430256,0.15092409320896177,0.15092409320430256,0.15092409319369388,0.15092409317464633,0.15092409319369388,0.15092409320430256,0.15092409319906594,0.15092409317464633,0.15092409308042307,0.15092409317464633,0.15092409319906594,0.15092409320430256,0.15092409319369388,0.15092409317464633,0.15092409319369388,0.15092409320430256,0.15092409320896177,0.15092409320430256,0.15092409319906594,0.15092409320430256,0.15092409320896177,0.14963652336768862,0.14963652336298783,0.14963652335790922,0.14963652336298783,0.14963652336768862,0.14963652336298783,0.14963652335271868,0.14963652333579547,0.14963652335271868,0.14963652336298783,0.14963652335790922,0.14963652333579547,0.14963652326293733,0.14963652333579547,0.14963652335790922,0.14963652336298783,0.14963652335271868,0.14963652333579547,0.14963652335271868,0.14963652336298783,0.14963652336768862,0.14963652336298783,0.14963652335790922,0.14963652336298783,0.14963652336768862,0.14837453665755565,0.1483745366540983,0.14837453665053107,0.1483745366540983,0.14837453665755565,0.1483745366540983,0.14837453664691974,0.14837453663586703,0.14837453664691974,0.1483745366540983,0.14837453665053107,0.14837453663586703,0.1483745365914255,0.14837453663586703,0.14837453665053107,0.1483745366540983,0.14837453664691974,0.14837453663586703,0.14837453664691974,0.1483745366540983,0.14837453665755565,0.1483745366540983,0.14837453665053107,0.1483745366540983,0.14837453665755565,0.14713758255895232,0.147137582557141,0.1471375825553535,0.147137582557141,0.14713758255895232,0.147137582557141,0.1471375825535669,0.14713758254837353,0.1471375825535669,0.147137582557141,0.1471375825553535,0.14713758254837353,0.14713758252850823,0.14713758254837353,0.1471375825553535,0.147137582557141,0.1471375825535669,0.14713758254837353,0.1471375825535669,0.147137582557141,0.14713758255895232,0.147137582557141,0.1471375825553535,0.147137582557141,0.14713758255895232,0.14592511841566963,0.14592511841545114,0.14592511841531688,0.14592511841545114,0.14592511841566963,0.14592511841545114,0.14592511841520703,0.14592511841519348,0.14592511841520703,0.14592511841545114,0.14592511841531688,0.14592511841519348,0.14592511841649408,0.14592511841519348,0.14592511841531688,0.14592511841545114,0.14592511841520703,0.14592511841519348,0.14592511841520703,0.14592511841545114,0.14592511841566963,0.14592511841545114,0.14592511841531688,0.14592511841545114,0.14592511841566963,0.14473660980927994,0.1447366098103894,0.14473660981161593,0.1447366098103894,0.14473660980927994,0.1447366098103894,0.14473660981287914,0.14473660981708633,0.14473660981287914,0.1447366098103894,0.14473660981161593,0.14473660981708633,0.14473660983574188,0.14473660981708633,0.14473660981161593,0.1447366098103894,0.14473660981287914,0.14473660981708633,0.14473660981287914,0.1447366098103894,0.14473660980927994,0.1447366098103894,0.14473660981161593,0.1447366098103894,0.14473660980927994,0.14357153087434615,0.14357153087640104,0.14357153087858343,0.14357153087640104,0.14357153087434615,0.14357153087640104,0.1435715308808065,0.14357153088791336,0.1435715308808065,0.14357153087640104,0.14357153087858343,0.14357153088791336,0.14357153091816063,0.14357153088791336,0.14357153087858343,0.14357153087640104,0.1435715308808065,0.14357153088791336,0.1435715308808065,0.14357153087640104,0.14357153087434615,0.14357153087640104,0.14357153087858343,0.14357153087640104,0.14357153087434615,0.1424293645600458,0.14242936456262248,0.14242936456532881,0.14242936456262248,0.1424293645600458,0.14242936456262248,0.14242936456807406,0.14242936457677988,0.14242936456807406,0.14242936456262248,0.14242936456532881,0.14242936457677988,0.14242936461357295,0.14242936457677988,0.14242936456532881,0.14242936456262248,0.14242936456807406,0.14242936457677988,0.14242936456807406,0.14242936456262248,0.1424293645600458,0.14242936456262248,0.14242936456532881,0.14242936456262248,0.1424293645600458,0.1413096028431451,0.1413096028458099,0.14130960284857605,0.1413096028458099,0.1413096028431451,0.1413096028458099,0.14130960285136623,0.1413096028602263,0.14130960285136623,0.1413096028458099,0.14130960284857605,0.1413096028602263,0.14130960289831085,0.1413096028602263,0.14130960284857605,0.1413096028458099,0.14130960285136623,0.1413096028602263,0.14130960285136623,0.1413096028458099,0.1413096028431451,0.1413096028458099,0.14130960284857605,0.1413096028458099,0.1413096028431451,0.14021174689693972,0.1402117468993566,0.1402117469017102,0.1402117468993566,0.14021174689693972,0.1402117468993566,0.14021174690404223,0.14021174691091726,0.14021174690404223,0.1402117468993566,0.1402117469017102,0.14021174691091726,0.14021174693871727,0.14021174691091726,0.1402117469017102,0.1402117468993566,0.14021174690404223,0.14021174691091726,0.14021174690404223,0.1402117468993566,0.14021174689693972,0.1402117468993566,0.1402117469017102,0.1402117468993566,0.14021174689693972,0.1391353072201927,0.13913530722257847,0.1391353072246431,0.13913530722257847,0.1391353072201927,0.13913530722257847,0.13913530722663783,0.13913530723103162,0.13913530722663783,0.13913530722257847,0.1391353072246431,0.13913530723103162,0.13913530724036985,0.13913530723103162,0.1391353072246431,0.13913530722257847,0.13913530722663783,0.13913530723103162,0.13913530722663783,0.13913530722257847,0.1391353072201927,0.13913530722257847,0.1391353072246431,0.13913530722257847,0.1391353072201927,0.13807980372920922,0.13807980373263204,0.13807980373593215,0.13807980373263204,0.13807980372920922,0.13807980373263204,0.1380798037392294,0.13807980374783155,0.1380798037392294,0.13807980373263204,0.13807980373593215,0.13807980374783155,0.13807980377102777,0.13807980374783155,0.13807980373593215,0.13807980373263204,0.1380798037392294,0.13807980374783155,0.1380798037392294,0.13807980373263204,0.13807980372920922,0.13807980373263204,0.13807980373593215,0.13807980373263204,0.13807980372920922,0.13704476581691705,0.13704476582177472,0.137044765827541,0.13704476582177472,0.13704476581691705,0.13704476582177472,0.1370447658334897,0.13704476585659264,0.1370447658334897,0.13704476582177472,0.137044765827541,0.13704476585659264,0.13704476598349724,0.13704476585659264,0.137044765827541,0.13704476582177472,0.1370447658334897,0.13704476585659264,0.1370447658334897,0.13704476582177472,0.13704476581691705,0.13704476582177472,0.137044765827541,0.13704476582177472,0.13704476581691705,0.13602973238597954,0.13602973238929178,0.13602973239250576,0.13602973238929178,0.13602973238597954,0.13602973238929178,0.13602973239571736,0.1360297324042358,0.13602973239571736,0.13602973238929178,0.13602973239250576,0.1360297324042358,0.1360297324277344,0.1360297324042358,0.13602973239250576,0.13602973238929178,0.13602973239571736,0.1360297324042358,0.13602973239571736,0.13602973238929178,0.13602973238597954,0.13602973238929178,0.13602973239250576,0.13602973238929178,0.13602973238597954,0.13503425186143153,0.13503425186348955,0.13503425186518095,0.13503425186348955,0.13503425186143153,0.13503425186348955,0.13503425186678122,0.13503425187002818,0.13503425186678122,0.13503425186348955,0.13503425186518095,0.13503425187002818,0.13503425187590787,0.13503425187002818,0.13503425186518095,0.13503425186348955,0.13503425186678122,0.13503425187002818,0.13503425186678122,0.13503425186348955,0.13503425186143153,0.13503425186348955,0.13503425186518095,0.13503425186348955,0.13503425186143153
0.16533248785376847,0.1653324878537682,0.16533248785376797,0.1653324878537682,0.1653324878537687,0.1653324878537682,0.16533248785376797,0.16533248785376775,0.16533248785376797,0.1653324878537682,0.16533248785376797,0.16533248785376775,0.16533248785376753,0.16533248785376775,0.16533248785376797,0.1653324878537682,0.16533248785376797,0.16533248785376775,0.16533248785376797,0.1653324878537682,0.1653324878537687,0.1653324878537682,0.16533248785376797,0.1653324878537682,0.16533248785376847,0.16375749413361312,0.16375749413361246,0.16375749413361199,0.16375749413361246,0.16375749413361312,0.16375749413361246,0.16375749413361151,0.16375749413361107,0.16375749413361151,0.16375749413361246,0.16375749413361199,0.16375749413361107,0.1637574941336106,0.16375749413361107,0.16375749413361199,0.16375749413361246,0.16375749413361151,0.16375749413361107,0.16375749413361151,0.16375749413361246,0.16375749413361312,0.16375749413361246,0.16375749413361199,0.16375749413361246,0.16375749413361312,0.16221388434538225,0.16221388434538,0.16221388434537842,0.16221388434538,0.16221388434538225,0.16221388434538,0.1622138843453775,0.16221388434537568,0.1622138843453775,0.16221388434538,0.16221388434537842,0.16221388434537568,0.16221388434537412,0.16221388434537568,0.16221388434537842,0.16221388434538,0.1622138843453775,0.16221388434537568,0.1622138843453775,0.16221388434538,0.16221388434538225,0.16221388434538,0.16221388434537842,0.16221388434538,0.16221388434538225,0.16070106744611973,0.1607010674461124,0.16070106744610774,0.1607010674461124,0.16070106744611973,0.1607010674461124,0.1607010674461044,0.1607010674460993,0.1607010674461044,0.1607010674461124,0.16070106744610774,0.1607010674460993,0.1607010674460935,0.1607010674460993,0.16070106744610774,0.1607010674461124,0.1607010674461044,0.1607010674460993,0.1607010674461044,0.1607010674461124,0.16070106744611973,0.1607010674461124,0.16070106744610774,0.1607010674461124,0.16070106744611973,0.15921845181081312,0.15921845181079158,0.15921845181077743,0.15921845181079158,0.15921845181081312,0.15921845181079158,0.15921845181076658,0.15921845181075003,0.15921845181076658,0.15921845181079158,0.15921845181077743,0.15921845181075003,0.15921845181073152,0.15921845181075003,0.15921845181077743,0.15921845181079158,0.15921845181076658,0.15921845181075003,0.15921845181076658,0.15921845181079158,0.15921845181081312,0.15921845181079158,0.15921845181077743,0.15921845181079158,0.15921845181081312,0.15776544658426006,0.15776544658419644,0.15776544658415403,0.15776544658419644,0.15776544658426006,0.15776544658419644,0.15776544658411967,0.1577654465840663,0.15776544658411967,0.15776544658419644,0.15776544658415403,0.1577654465840663,0.15776544658400443,0.1577654465840663,0.15776544658415403,0.15776544658419644,0.15776544658411967,0.1577654465840663,0.15776544658411967,0.15776544658419644,0.15776544658426006,0.15776544658419644,0.15776544658415403,0.15776544658419644,0.15776544658426006,0.1563414628954262,0.1563414628952453,0.15634146289511944,0.1563414628952453,0.1563414628954262,0.1563414628952453,0.15634146289501197,0.1563414628948382,0.15634146289501197,0.1563414628952453,0.15634146289511944,0.1563414628948382,0.156341462894618,0.1563414628948382,0.15634146289511944,0.1563414628952453,0.15634146289501197,0.1563414628948382,0.15634146289501197,0.1563414628952453,0.1563414628954262,0.1563414628952453,0.15634146289511944,0.1563414628952453,0.1563414628954262,0.15494591494460785,0.15494591494411725,0.15494591494375165,0.15494591494411725,0.15494591494460785,0.15494591494411725,0.15494591494342297,0.15494591494284318,0.15494591494342297,0.15494591494411725,0.15494591494375165,0.15494591494284318,0.15494591494199805,0.15494591494284318,0.15494591494375165,0.15494591494411725,0.15494591494342297,0.15494591494284318,0.15494591494342297,0.15494591494411725,0.15494591494460785,0.15494591494411725,0.15494591494375165,0.15494591494411725,0.15494591494460785,0.15357822097317964,0.1535782209719483,0.1535782209709322,0.1535782209719483,0.15357822097317964,0.1535782209719483,0.15357822096996998,0.15357822096800292,0.15357822096996998,0.1535782209719483,0.1535782209709322,0.15357822096800292,0.15357822096440824,0.15357822096800292,0.1535782209709322,0.1535782209719483,0.15357822096996998,0.15357822096800292,0.15357822096996998,0.1535782209719483,0.15357822097317964,0.1535782209719483,0.1535782209709322,0.1535782209719483,0.15357822097317964,0.15223780412519994,0.15223780412249022,0.15223780411991555,0.15223780412249022,0.15223780412519994,0.15223780412249022,0.15223780411735766,0.15223780411079918,0.15223780411735766,0.15223780412249022,0.15223780411991555,0.15223780411079918,0.1522378040935196,0.15223780411079918,0.15223780411991555,0.15223780412249022,0.15223780411735766,0.15223780411079918,0.15223780411735766,0.15223780412249022,0.15223780412519994,0.15223780412249022,0.15223780411991555,0.15223780412249022,0.15223780412519994,0.15092409320936323,0.15092409320471425,0.15092409319948843,0.15092409320471425,0.15092409320936323,0.15092409320471425,0.15092409319412758,0.1509240931751182,0.15092409319412758,0.15092409320471425,0.15092409319948843,0.1509240931751182,0.15092409308107146,0.1509240931751182,0.15092409319948843,0.15092409320471425,0.15092409319412758,0.1509240931751182,0.15092409319412775,0.15092409320471425,0.15092409320936323,0.15092409320471425,0.15092409319948843,0.15092409320471425,0.15092409320936323,0.1496365233680394,0.1496365233633501,0.14963652335828342,0.1496365233633501,0.1496365233680394,0.1496365233633501,0.14963652335310498,0.1496365233362194,0.14963652335310498,0.1496365233633501,0.14963652335828342,0.1496365233362194,0.1496365232634855,0.1496365233362194,0.14963652335828342,0.1496365233633501,0.14963652335310498,0.1496365233362194,0.14963652335310498,0.1496365233633501,0.1496365233680394,0.1496365233633501,0.14963652335828342,0.1496365233633501,0.1496365233680394,0.14837453665783085,0.1483745366543852,0.1483745366508298,0.1483745366543852,0.14837453665783085,0.1483745366543852,0.14837453664723016,0.14837453663621303,0.14837453664723016,0.1483745366543852,0.1483745366508298,0.14837453663621303,0.14837453659189528,0.14837453663621303,0.1483745366508298,0.1483745366543852,0.14837453664723016,0.14837453663621303,0.14837453664723016,0.1483745366543852,0.14837453665783085,0.1483745366543852,0.1483745366508298,0.1483745366543852,0.14837453665783085,0.1471375825591269,0.14713758255732687,0.14713758255555118,0.14713758255732687,0.1471375825591269,0.14713758255732687,0.14713758255377618,0.14713758254861933,0.14713758255377618,0.14713758255732687,0.14713758255555118,0.14713758254861933,0.14713758252891168,0.14713758254861933,0.14713758255555118,0.14713758255732687,0.14713758255377618,0.14713758254861933,0.14713758255377618,0.14713758255732687,0.1471375825591269,0.14713758255732687,0.14713758255555118,0.14713758255732687,0.1471375825591269,0.1459251184157193,0.14592511841551029,0.14592511841538633,0.14592511841551029,0.1459251184157193,0.14592511841551029,0.145925118415287,0.1459251184153087,0.145925118415287,0.14592511841551029,0.14592511841538633,0.1459251184153087,0.1459251184167626,0.1459251184153087,0.14592511841538633,0.14592511841551029,0.145925118415287,0.1459251184153087,0.145925118415287,0.14592511841551029,0.1459251184157193,0.14592511841551029,0.14592511841538633,0.14592511841551029,0.1459251184157193,0.14473660980918376,0.14473660981029773,0.1447366098115292,0.14473660981029773,0.14473660980918376,0.14473660981029773,0.14473660981279746,0.1447366098170221,0.14473660981279746,0.14473660981029773,0.1447366098115292,0.1447366098170221,0.1447366098357429,0.1447366098170221,0.1447366098115292,0.14473660981029773,0.14473660981279746,0.1447366098170221,0.14473660981279746,0.14473660981029773,0.14473660980918376,0.14473660981029773,0.1447366098115292,0.14473660981029773,0.14473660980918376,0.14357153087409288,0.1435715308761454,0.14357153087832536,0.1435715308761454,0.14357153087409288,0.1435715308761454,0.14357153088054608,0.14357153088764435,0.14357153088054608,0.1435715308761454,0.14357153087832536,0.14357153088764435,0.14357153091785194,0.14357153088764435,0.14357153087832536,0.1435715308761454,0.14357153088054608,0.14357153088764435,0.14357153088054608,0.1435715308761454,0.14357153087409288,0.1435715308761454,0.14357153087832536,0.1435715308761454,0.14357153087409288,0.14242936455963798,0.1424293645622061,0.14242936456490338,0.1424293645622061,0.14242936455963798,0.1424293645622061,0.1424293645676394,0.14242936457631789,0.1424293645676394,0.1424293645622061,0.14242936456490338,0.14242936457631789,0.14242936461300426,0.14242936457631789,0.14242936456490338,0.1424293645622061,0.1424293645676394,0.14242936457631789,0.1424293645676394,0.1424293645622061,0.14242936455963798,0.1424293645622061,0.14242936456490338,0.1424293645622061,0.14242936455963798,0.1413096028425984,0.14130960284524924,0.1413096028480001,0.14130960284524924,0.1413096028425984,0.14130960284524924,0.14130960285077449,0.1413096028595803,0.14130960285077449,0.14130960284524924,0.1413096028480001,0.1413096028595803,0.14130960289736813,0.1413096028595803,0.1413096028480001,0.14130960284524924,0.14130960285077449,0.1413096028595803,0.14130960285077449,0.14130960284524924,0.1413096028425984,0.14130960284524924,0.1413096028480001,0.14130960284524924,0.1413096028425984,0.14021174689628083,0.14021174689868335,0.1402117469010215,0.14021174689868335,0.14021174689628083,0.14021174689868335,0.14021174690333774,0.1402117469101597,0.14021174690333774,0.14021174689868335,0.1402117469010215,0.1402117469101597,0.14021174693769717,0.1402117469101597,0.1402117469010215,0.14021174689868335,0.14021174690333774,0.1402117469101597,0.14021174690333774,0.14021174689868335,0.14021174689628083,0.14021174689868335,0.1402117469010215,0.14021174689868335,0.14021174689628083,0.13913530721944978,0.13913530722182443,0.13913530722387893,0.13913530722182443,0.13913530721944978,0.13913530722182443,0.1391353072258639,0.1391353072302341,0.1391353072258639,0.13913530722182443,0.13913530722387893,0.1391353072302341,0.1391353072395167,0.1391353072302341,0.13913530722387893,0.13913530722182443,0.1391353072258639,0.1391353072302341,0.1391353072258639,0.13913530722182443,0.13913530721944978,0.13913530722182443,0.13913530722387893,0.13913530722182443,0.13913530721944978,0.13807980372840378,0.1380798037318153,0.13807980373510498,0.1380798037318153,0.13807980372840378,0.1380798037318153,0.1380798037383917,0.13807980374696766,0.1380798037383917,0.1380798037318153,0.13807980373510498,0.13807980374696766,0.13807980377009627,0.13807980374696766,0.13807980373510498,0.1380798037318153,0.1380798037383917,0.13807980374696766,0.1380798037383917,0.1380798037318153,0.13807980372840378,0.1380798037318153,0.13807980373510498,0.1380798037318153,0.13807980372840378,0.13704476581607125,0.13704476582091524,0.13704476582666553,0.13704476582091524,0.13704476581607125,0.13704476582091524,0.137044765832598,0.13704476585563888,0.137044765832598,0.13704476582091524,0.13704476582666553,0.13704476585563888,0.13704476598221177,0.13704476585563888,0.13704476582666553,0.13704476582091524,0.137044765832598,0.13704476585563888,0.137044765832598,0.13704476582091524,0.13704476581607125,0.13704476582091524,0.13704476582666553,0.13704476582091524,0.13704476581607125,0.1360297323851207,0.13602973238842384,0.13602973239162916,0.13602973238842384,0.1360297323851207,0.13602973238842384,0.13602973239483196,0.1360297324033276,0.13602973239483196,0.13602973238842384,0.13602973239162916,0.1360297324033276,0.13602973242676383,0.1360297324033276,0.13602973239162916,0.13602973238842384,0.13602973239483196,0.1360297324033276,0.13602973239483196,0.13602973238842384,0.1360297323851207,0.13602973238842384,0.13602973239162916,0.13602973238842384,0.1360297323851207,0.13503425186057794,0.13503425186263027,0.1350342518643171,0.13503425186263027,0.13503425186057794,0.13503425186263027,0.13503425186591303,0.13503425186915133,0.13503425186591303,0.13503425186263027,0.1350342518643171,0.13503425186915133,0.13503425187501536,0.13503425186915133,0.1350342518643171,0.13503425186263027,0.13503425186591303,0.13503425186915133,0.13503425186591303,0.13503425186263027,0.13503425186057794,0.13503425186263027,0.1350342518643171,0.13503425186263027,0.13503425186057794
0.16533248785429588,0.16533248785429566,0.1653324878542954,0.16533248785429566,0.16533248785429588,0.16533248785429566,0.1653324878542952,0.16533248785429494,0.1653324878542952,0.16533248785429566,0.1653324878542954,0.16533248785429494,0.16533248785429472,0.16533248785429494,0.1653324878542954,0.16533248785429566,0.1653324878542952,0.16533248785429494,0.1653324878542952,0.16533248785429566,0.16533248785429588,0.16533248785429566,0.1653324878542954,0.16533248785429566,0.16533248785429588,0.16375749413413007,0.1637574941341294,0.1637574941341289,0.1637574941341294,0.16375749413413007,0.1637574941341294,0.16375749413412846,0.163757494134128,0.16375749413412846,0.1637574941341294,0.1637574941341289,0.163757494134128,0.16375749413412752,0.163757494134128,0.1637574941341289,0.1637574941341294,0.16375749413412846,0.163757494134128,0.16375749413412846,0.1637574941341294,0.16375749413413007,0.1637574941341294,0.1637574941341289,0.1637574941341294,0.16375749413413007,0.16221388434588888,0.1622138843458866,0.16221388434588505,0.1622138843458866,0.16221388434588888,0.1622138843458866,0.16221388434588413,0.16221388434588233,0.16221388434588413,0.1622138843458866,0.16221388434588505,0.16221388434588233,0.16221388434588074,0.16221388434588255,0.16221388434588505,0.1622138843458866,0.16221388434588413,0.16221388434588255,0.16221388434588413,0.1622138843458866,0.16221388434588888,0.1622138843458866,0.16221388434588505,0.1622138843458866,0.1622138843458891,0.160701067446616,0.16070106744660892,0.16070106744660426,0.16070106744660892,0.160701067446616,0.16070106744660892,0.16070106744660093,0.1607010674465958,0.16070106744660093,0.16070106744660892,0.16070106744660426,0.1607010674465958,0.16070106744659005,0.1607010674465958,0.16070106744660426,0.16070106744660892,0.16070106744660093,0.1607010674465958,0.16070106744660093,0.16070106744660892,0.160701067446616,0.16070106744660892,0.16070106744660426,0.16070106744660892,0.160701067446616,0.15921845181129954,0.15921845181127775,0.15921845181126384,0.15921845181127775,0.15921845181129954,0.15921845181127775,0.15921845181125294,0.1592184518112364,0.15921845181125294,0.15921845181127775,0.15921845181126384,0.1592184518112364,0.1592184518112181,0.1592184518112364,0.15921845181126384,0.15921845181127775,0.15921845181125294,0.1592184518112364,0.15921845181125294,0.15921845181127775,0.15921845181129954,0.15921845181127775,0.15921845181126384,0.15921845181127775,0.15921845181129954,0.15776544658473632,0.1577654465846727,0.15776544658463026,0.1577654465846727,0.15776544658473632,0.1577654465846727,0.15776544658459613,0.15776544658454275,0.15776544658459613,0.1577654465846727,0.15776544658463026,0.15776544658454275,0.1577654465844809,0.15776544658454275,0.15776544658463026,0.1577654465846727,0.15776544658459613,0.15776544658454275,0.15776544658459613,0.1577654465846727,0.15776544658473632,0.1577654465846727,0.15776544658463026,0.1577654465846727,0.15776544658473607,0.1563414628958921,0.15634146289571144,0.15634146289558576,0.15634146289571144,0.1563414628958921,0.15634146289571144,0.1563414628954787,0.15634146289530515,0.1563414628954787,0.15634146289571144,0.15634146289558576,0.15634146289530515,0.15634146289508535,0.15634146289530515,0.15634146289558576,0.15634146289571144,0.1563414628954787,0.15634146289530515,0.1563414628954787,0.15634146289571144,0.1563414628958921,0.15634146289571144,0.15634146289558576,0.15634146289571144,0.1563414628958921,0.15494591494506263,0.15494591494457302,0.15494591494420826,0.15494591494457302,0.15494591494506263,0.15494591494457302,0.15494591494388016,0.15494591494330143,0.15494591494388016,0.15494591494457302,0.15494591494420826,0.15494591494330143,0.1549459149424579,0.15494591494330143,0.15494591494420826,0.15494591494457302,0.15494591494388016,0.15494591494330143,0.15494591494388016,0.15494591494457302,0.15494591494506263,0.15494591494457302,0.15494591494420826,0.15494591494457302,0.15494591494506263,0.1535782209736215,0.15357822097239274,0.1535782209713787,0.15357822097239274,0.1535782209736215,0.15357822097239274,0.15357822097041826,0.15357822096845522,0.15357822097041826,0.15357822097239274,0.1535782209713787,0.15357822096845522,0.15357822096486756,0.15357822096845522,0.1535782209713787,0.15357822097239274,0.15357822097041826,0.15357822096845522,0.15357822097041826,0.15357822097239274,0.1535782209736215,0.15357822097239274,0.1535782209713787,0.15357822097239274,0.1535782209736215,0.15223780412562393,0.15223780412291993,0.1522378041203504,0.15223780412291993,0.15223780412562393,0.15223780412291993,0.1522378041177976,0.15223780411125207,0.1522378041177976,0.15223780412291993,0.1522378041203504,0.15223780411125207,0.1522378040940062,0.15223780411125207,0.1522378041203504,0.15223780412291993,0.1522378041177976,0.15223780411125207,0.1522378041177976,0.15223780412291993,0.15223780412562393,0.15223780412291993,0.1522378041203504,0.15223780412291993,0.15223780412562393,0.15092409320975775,0.15092409320511863,0.15092409319990377,0.15092409320511863,0.15092409320975775,0.15092409320511863,0.15092409319455394,0.1509240931755824,0.15092409319455394,0.15092409320511863,0.15092409319990377,0.1509240931755824,0.15092409308169422,0.1509240931755824,0.15092409319990377,0.15092409320511863,0.15092409319455394,0.1509240931755824,0.15092409319455394,0.15092409320511863,0.15092409320975775,0.15092409320511863,0.15092409319990377,0.15092409320511863,0.15092409320975775,0.1496365233683837,0.14963652336370575,0.1496365233586508,0.14963652336370575,0.1496365233683837,0.14963652336370575,0.14963652335348449,0.14963652333663596,0.14963652335348449,0.14963652336370575,0.1496365233586508,0.14963652333663596,0.14963652326407656,0.14963652333663596,0.1496365233586508,0.14963652336370575,0.14963652335348449,0.14963652333663596,0.14963652335348449,0.14963652336370575,0.1496365233683837,0.14963652336370575,0.1496365233586508,0.14963652336370575,0.1496365233683837,0.14837453665810085,0.14837453665466668,0.14837453665112282,0.14837453665466668,0.14837453665810085,0.14837453665466668,0.14837453664753486,0.14837453663655256,0.14837453664753486,0.14837453665466668,0.14837453665112282,0.14837453663655256,0.14837453659237532,0.14837453663655256,0.14837453665112282,0.14837453665466668,0.14837453664753486,0.14837453663655256,0.14837453664753486,0.14837453665466668,0.14837453665810085,0.14837453665466668,0.14837453665112282,0.14837453665466668,0.14837453665810085,0.14713758255929818,0.14713758255750922,0.1471375825557446,0.14713758255750922,0.14713758255929818,0.14713758255750922,0.1471375825539813,0.14713758254886,0.1471375825539813,0.14713758255750922,0.1471375825557446,0.14713758254886,0.14713758252929662,0.14713758254886,0.1471375825557446,0.14713758255750922,0.1471375825539813,0.14713758254886,0.1471375825539813,0.14713758255750922,0.14713758255929818,0.14713758255750922,0.1471375825557446,0.14713758255750922,0.14713758255929818,0.1459251184157679,0.14592511841556796,0.145925118415454,0.14592511841556796,0.1459251184157679,0.14592511841556796,0.14592511841536496,0.14592511841542122,0.14592511841536496,0.14592511841556796,0.145925118415454,0.14592511841542122,0.14592511841704645,0.14592511841542122,0.145925118415454,0.14592511841556796,0.14592511841536496,0.14592511841542122,0.14592511841536496,0.14592511841556796,0.1459251184157679,0.14592511841556796,0.145925118415454,0.14592511841556796,0.1459251184157679,0.14473660980908917,0.1447366098102075,0.14473660981144384,0.1447366098102075,0.14473660980908917,0.1447366098102075,0.1447366098127172,0.14473660981695893,0.1447366098127172,0.1447366098102075,0.14473660981144384,0.14473660981695893,0.14473660983576964,0.14473660981695893,0.14473660981144384,0.1447366098102075,0.1447366098127172,0.14473660981695893,0.1447366098127172,0.1447366098102075,0.14473660980908917,0.1447366098102075,0.14473660981144384,0.1447366098102075,0.14473660980908917,0.1435715308738441,0.1435715308758944,0.14357153087807212,0.1435715308758944,0.1435715308738441,0.1435715308758944,0.14357153088029043,0.14357153088738067,0.14357153088029043,0.1435715308758944,0.14357153087807212,0.14357153088738067,0.14357153091754957,0.14357153088738067,0.14357153087807212,0.1435715308758944,0.14357153088029043,0.14357153088738067,0.14357153088029043,0.1435715308758944,0.1435715308738441,0.1435715308758944,0.14357153087807212,0.1435715308758944,0.1435715308738441,0.14242936455923738,0.14242936456179695,0.1424293645644855,0.14242936456179695,0.14242936455923738,0.14242936456179695,0.1424293645672128,0.1424293645758646,0.1424293645672128,0.14242936456179695,0.1424293645644855,0.1424293645758646,0.1424293646124683,0.1424293645758646,0.1424293645644855,0.14242936456179695,0.1424293645672128,0.1424293645758646,0.1424293645672128,0.14242936456179695,0.14242936455923738,0.14242936456179695,0.1424293645644855,0.14242936456179695,0.14242936455923738,0.14130960284206123,0.1413096028446983,0.14130960284743402,0.1413096028446983,0.14130960284206123,0.1413096028446983,0.14130960285019276,0.14130960285894578,0.14130960285019276,0.1413096028446983,0.14130960284743402,0.14130960285894578,0.14130960289649727,0.14130960285894578,0.14130960284743402,0.1413096028446983,0.14130960285019276,0.14130960285894578,0.14130960285019276,0.1413096028446983,0.14130960284206123,0.1413096028446983,0.14130960284743402,0.1413096028446983,0.14130960284206123,0.1402117468956334,0.1402117468980217,0.14021174690034457,0.1402117468980217,0.1402117468956334,0.1402117468980217,0.14021174690264532,0.14021174690941504,0.14021174690264532,0.1402117468980217,0.14021174690034457,0.14021174690941504,0.14021174693673386,0.14021174690941504,0.14021174690034457,0.1402117468980217,0.14021174690264532,0.14021174690941504,0.14021174690264532,0.1402117468980217,0.1402117468956334,0.1402117468980217,0.14021174690034457,0.1402117468980217,0.1402117468956334,0.13913530721871958,0.13913530722108322,0.13913530722312775,0.13913530722108322,0.13913530721871958,0.13913530722108322,0.13913530722510303,0.13913530722945,0.13913530722510303,0.13913530722108322,0.13913530722312775,0.13913530722945,0.13913530723867773,0.13913530722945,0.13913530722312775,0.13913530722108322,0.13913530722510303,0.13913530722945,0.13913530722510303,0.13913530722108322,0.13913530721871958,0.13913530722108322,0.13913530722312775,0.13913530722108322,0.13913530721871958,0.13807980372761214,0.1380798037310125,0.1380798037342918,0.1380798037310125,0.13807980372761214,0.1380798037310125,0.13807980373756826,0.13807980374611833,0.13807980373756826,0.1380798037310125,0.1380798037342918,0.13807980374611833,0.13807980376918044,0.13807980374611833,0.1380798037342918,0.1380798037310125,0.13807980373756826,0.13807980374611833,0.13807980373756826,0.1380798037310125,0.13807980372761214,0.1380798037310125,0.1380798037342918,0.1380798037310125,0.13807980372761214,0.13704476581523975,0.1370447658200702,0.13704476582580483,0.1370447658200702,0.13704476581523975,0.1370447658200702,0.13704476583172132,0.1370447658547011,0.13704476583172132,0.1370447658200702,0.13704476582580483,0.1370447658547011,0.13704476598093385,0.1370447658547011,0.13704476582580483,0.1370447658200702,0.13704476583172132,0.1370447658547011,0.13704476583172132,0.1370447658200702,0.13704476581523975,0.1370447658200702,0.13704476582580483,0.1370447658200702,0.13704476581523975,0.13602973238427613,0.1360297323875705,0.13602973239076704,0.13602973238757035,0.13602973238427613,0.1360297323875705,0.13602973239396135,0.1360297324024346,0.13602973239396135,0.13602973238757035,0.13602973239076704,0.1360297324024346,0.1360297324258094,0.1360297324024346,0.13602973239076704,0.13602973238757035,0.13602973239396135,0.1360297324024346,0.13602973239396135,0.13602973238757035,0.13602973238427613,0.13602973238757035,0.13602973239076704,0.13602973238757035,0.13602973238427613,0.13503425185973822,0.13503425186178517,0.13503425186346749,0.13503425186178517,0.13503425185973822,0.13503425186178517,0.13503425186505913,0.13503425186828896,0.13503425186505927,0.13503425186178517,0.13503425186346749,0.13503425186828896,0.13503425187413762,0.13503425186828896,0.13503425186346749,0.13503425186178517,0.13503425186505927,0.13503425186828896,0.13503425186505927,0.13503425186178517,0.13503425185973822,0.13503425186178517,0.13503425186346749,0.13503425186178517,0.13503425185973822
0.16533248785481575,0.16533248785481552,0.1653324878548153,0.16533248785481552,0.16533248785481575,0.16533248785481552,0.16533248785481508,0.16533248785481483,0.16533248785481508,0.16533248785481552,0.1653324878548153,0.16533248785481483,0.1653324878548146,0.16533248785481483,0.1653324878548153,0.16533248785481552,0.16533248785481508,0.16533248785481483,0.16533248785481508,0.16533248785481552,0.16533248785481575,0.16533248785481552,0.1653324878548153,0.16533248785481552,0.16533248785481575,0.16375749413463936,0.1637574941346387,0.16375749413463822,0.1637574941346387,0.16375749413463936,0.1637574941346387,0.16375749413463778,0.16375749413463728,0.16375749413463778,0.1637574941346387,0.16375749413463822,0.16375749413463728,0.16375749413463683,0.16375749413463728,0.16375749413463822,0.1637574941346387,0.16375749413463778,0.16375749413463728,0.16375749413463778,0.1637574941346387,0.16375749413463936,0.1637574941346387,0.16375749413463822,0.1637574941346387,0.16375749413463936,0.1622138843463878,0.16221388434638553,0.16221388434638395,0.16221388434638553,0.1622138843463878,0.16221388434638553,0.16221388434638281,0.16221388434638123,0.16221388434638281,0.16221388434638553,0.16221388434638395,0.16221388434638123,0.16221388434637965,0.16221388434638123,0.16221388434638395,0.16221388434638553,0.16221388434638281,0.16221388434638123,0.16221388434638281,0.16221388434638553,0.1622138843463878,0.16221388434638553,0.16221388434638395,0.16221388434638553,0.1622138843463878,0.16070106744710452,0.16070106744709742,0.16070106744709275,0.16070106744709742,0.16070106744710452,0.16070106744709742,0.16070106744708942,0.16070106744708432,0.16070106744708942,0.16070106744709742,0.16070106744709275,0.16070106744708432,0.16070106744707877,0.16070106744708432,0.16070106744709275,0.16070106744709742,0.16070106744708942,0.16070106744708432,0.16070106744708942,0.16070106744709742,0.16070106744710452,0.16070106744709742,0.16070106744709275,0.16070106744709742,0.16070106744710452,0.15921845181177785,0.1592184518117563,0.15921845181174216,0.1592184518117563,0.15921845181177785,0.1592184518117563,0.1592184518117315,0.15921845181171493,0.1592184518117315,0.1592184518117563,0.15921845181174216,0.15921845181171493,0.15921845181169667,0.15921845181171493,0.15921845181174216,0.1592184518117563,0.1592184518117315,0.15921845181171493,0.1592184518117315,0.1592184518117563,0.15921845181177785,0.1592184518117563,0.15921845181174216,0.1592184518117563,0.15921845181177785,0.15776544658520464,0.15776544658514105,0.1577654465850988,0.15776544658514105,0.15776544658520464,0.15776544658514105,0.15776544658506467,0.15776544658501174,0.15776544658506467,0.15776544658514105,0.1577654465850988,0.15776544658501174,0.15776544658494987,0.15776544658501174,0.1577654465850988,0.15776544658514105,0.15776544658506467,0.15776544658501174,0.15776544658506467,0.15776544658514105,0.15776544658520464,0.15776544658514105,0.1577654465850988,0.15776544658514105,0.15776544658520464,0.15634146289635048,0.15634146289617024,0.15634146289604475,0.15634146289617024,0.15634146289635048,0.15634146289617024,0.15634146289593767,0.15634146289576475,0.15634146289593767,0.15634146289617024,0.15634146289604475,0.15634146289576475,0.1563414628955452,0.15634146289576475,0.15634146289604475,0.15634146289617024,0.15634146289593767,0.15634146289576475,0.15634146289593767,0.15634146289617024,0.15634146289635048,0.15634146289617024,0.15634146289604475,0.15634146289617024,0.15634146289635048,0.15494591494551016,0.15494591494502163,0.15494591494465745,0.15494591494502163,0.15494591494551016,0.15494591494502163,0.15494591494433,0.15494591494375248,0.15494591494433,0.15494591494502163,0.15494591494465745,0.15494591494375248,0.15494591494291063,0.15494591494375248,0.15494591494465745,0.15494591494502163,0.15494591494433,0.15494591494375248,0.15494591494433,0.15494591494502163,0.15494591494551016,0.15494591494502163,0.15494591494465745,0.15494591494502163,0.15494591494551016,0.15357822097405655,0.15357822097282997,0.15357822097181795,0.15357822097282997,0.15357822097405655,0.15357822097282997,0.15357822097085952,0.15357822096890028,0.15357822097085952,0.15357822097282997,0.15357822097181795,0.15357822096890028,0.15357822096531965,0.15357822096890028,0.15357822097181795,0.15357822097282997,0.15357822097085952,0.15357822096890028,0.15357822097085952,0.15357822097282997,0.15357822097405655,0.15357822097282997,0.15357822097181795,0.15357822097282997,0.15357822097405655,0.1522378041260412,0.15223780412334253,0.1522378041207783,0.15223780412334253,0.15223780412604102,0.15223780412334253,0.15223780411823046,0.1522378041116977,0.15223780411823046,0.15223780412334253,0.1522378041207783,0.1522378041116977,0.15223780409448512,0.1522378041116977,0.1522378041207783,0.15223780412334253,0.15223780411823046,0.1522378041116977,0.15223780411823046,0.15223780412334253,0.15223780412604102,0.15223780412334253,0.1522378041207783,0.15223780412334253,0.15223780412604102,0.1509240932101459,0.15092409320551642,0.1509240932003122,0.15092409320551642,0.1509240932101459,0.15092409320551642,0.15092409319497332,0.15092409317603903,0.15092409319497332,0.15092409320551642,0.1509240932003122,0.15092409317603903,0.1509240930823536,0.15092409317603903,0.1509240932003122,0.15092409320551642,0.15092409319497332,0.15092409317603903,0.15092409319497332,0.15092409320551642,0.1509240932101459,0.15092409320551642,0.1509240932003122,0.15092409320551642,0.1509240932101459,0.14963652336872216,0.14963652336405556,0.14963652335901215,0.14963652336405556,0.14963652336872216,0.14963652336405556,0.14963652335385752,0.14963652333704552,0.14963652335385752,0.14963652336405556,0.14963652335901215,0.14963652333704552,0.14963652326461696,0.14963652333704552,0.14963652335901215,0.14963652336405556,0.14963652335385752,0.14963652333704552,0.14963652335385752,0.14963652336405556,0.14963652336872216,0.14963652336405556,0.14963652335901215,0.14963652336405556,0.14963652336872216,0.14837453665836625,0.14837453665494324,0.14837453665141065,0.14837453665494324,0.14837453665836625,0.14837453665494324,0.14837453664783415,0.1483745366368858,0.14837453664783415,0.14837453665494324,0.14837453665141065,0.1483745366368858,0.1483745365928829,0.1483745366368858,0.14837453665141065,0.14837453665494324,0.14837453664783415,0.1483745366368858,0.14837453664783415,0.14837453665494324,0.14837453665836625,0.14837453665494324,0.14837453665141065,0.14837453665494324,0.14837453665836625,0.1471375825594664,0.147137582557688,0.14713758255593462,0.147137582557688,0.1471375825594664,0.147137582557688,0.14713758255418238,0.14713758254909579,0.14713758255418238,0.147137582557688,0.14713758255593462,0.14713758254909579,0.1471375825296563,0.14713758254909579,0.14713758255593462,0.147137582557688,0.14713758255418238,0.14713758254909579,0.14713758255418238,0.147137582557688,0.1471375825594664,0.147137582557688,0.14713758255593462,0.147137582557688,0.1471375825594664,0.14592511841581546,0.1459251184156244,0.14592511841552022,0.1459251184156244,0.14592511841581546,0.1459251184156244,0.14592511841544117,0.14592511841553094,0.14592511841544117,0.1459251184156244,0.14592511841552022,0.14592511841553094,0.14592511841731176,0.14592511841553094,0.14592511841552022,0.1459251184156244,0.14592511841544117,0.14592511841553094,0.14592511841544117,0.1459251184156244,0.14592511841581546,0.1459251184156244,0.14592511841552022,0.1459251184156244,0.14592511841581546,0.14473660980899614,0.14473660981011865,0.14473660981136005,0.14473660981011865,0.14473660980899614,0.14473660981011865,0.1447366098126381,0.14473660981689676,0.1447366098126381,0.14473660981011865,0.14473660981136005,0.14473660981689676,0.144736609835789,0.14473660981689676,0.14473660981136005,0.14473660981011865,0.1447366098126381,0.14473660981689676,0.1447366098126381,0.14473660981011865,0.14473660980899614,0.14473660981011865,0.14473660981136005,0.14473660981011865,0.14473660980899614,0.14357153087359958,0.1435715308756478,0.14357153087782334,0.1435715308756478,0.14357153087359958,0.1435715308756478,0.1435715308800394,0.14357153088712227,0.1435715308800394,0.1435715308756478,0.14357153087782334,0.14357153088712227,0.1435715309172474,0.14357153088712227,0.14357153087782334,0.1435715308756478,0.1435715308800394,0.14357153088712227,0.1435715308800394,0.1435715308756478,0.14357153087359958,0.1435715308756478,0.14357153087782334,0.1435715308756478,0.14357153087359958,0.14242936455884367,0.14242936456139502,0.14242936456407504,0.14242936456139502,0.14242936455884367,0.14242936456139502,0.14242936456679361,0.14242936457541994,0.14242936456679361,0.14242936456139502,0.14242936456407504,0.14242936457541994,0.14242936461192812,0.14242936457541994,0.14242936456407504,0.14242936456139502,0.14242936456679361,0.14242936457541994,0.14242936456679361,0.14242936456139502,0.14242936455884367,0.14242936456139502,0.14242936456407504,0.14242936456139502,0.14242936455884367,0.14130960284153316,0.1413096028441567,0.14130960284687746,0.1413096028441567,0.14130960284153316,0.1413096028441567,0.14130960284962107,0.1413096028583218,0.14130960284962107,0.1413096028441567,0.14130960284687746,0.1413096028583218,0.1413096028956197,0.1413096028583218,0.14130960284687746,0.1413096028441567,0.14130960284962107,0.1413096028583218,0.14130960284962107,0.1413096028441567,0.14130960284153316,0.1413096028441567,0.14130960284687746,0.1413096028441567,0.14130960284153316,0.14021174689499644,0.1402117468973709,0.14021174689967877,0.1402117468973709,0.14021174689499644,0.1402117468973709,0.14021174690196403,0.1402117469086823,0.14021174690196403,0.1402117468973709,0.14021174689967877,0.1402117469086823,0.1402117469357594,0.1402117469086823,0.14021174689967877,0.1402117468973709,0.14021174690196403,0.1402117469086823,0.14021174690196403,0.1402117468973709,0.14021174689499644,0.1402117468973709,0.14021174689967877,0.1402117468973709,0.14021174689499644,0.13913530721800113,0.139135307220354,0.13913530722238873,0.139135307220354,0.13913530721800113,0.139135307220354,0.13913530722435422,0.1391353072286786,0.13913530722435422,0.139135307220354,0.13913530722238873,0.1391353072286786,0.13913530723785208,0.1391353072286786,0.13913530722238873,0.139135307220354,0.13913530722435422,0.1391353072286786,0.13913530722435422,0.139135307220354,0.13913530721800113,0.139135307220354,0.13913530722238873,0.139135307220354,0.13913530721800113,0.13807980372683307,0.13807980373022258,0.13807980373349146,0.13807980373022258,0.13807980372683307,0.13807980373022258,0.13807980373675785,0.1380798037452825,0.13807980373675785,0.13807980373022258,0.13807980373349146,0.1380798037452825,0.1380798037682792,0.1380798037452825,0.13807980373349146,0.13807980373022258,0.13807980373675785,0.1380798037452825,0.13807980373675785,0.13807980373022258,0.13807980372683307,0.13807980373022258,0.13807980373349146,0.13807980373022258,0.13807980372683307,0.13704476581442146,0.1370447658192387,0.137044765824958,0.1370447658192387,0.13704476581442146,0.1370447658192387,0.13704476583085867,0.13704476585377837,0.13704476583085867,0.1370447658192387,0.137044765824958,0.13704476585377837,0.13704476597969883,0.13704476585377837,0.137044765824958,0.1370447658192387,0.13704476583085867,0.13704476585377837,0.13704476583085867,0.1370447658192387,0.13704476581442146,0.1370447658192387,0.137044765824958,0.1370447658192387,0.13704476581442146,0.13602973238344548,0.13602973238673088,0.13602973238991908,0.13602973238673088,0.13602973238344548,0.13602973238673088,0.13602973239310504,0.13602973240155622,0.13602973239310504,0.13602973238673088,0.13602973238991908,0.13602973240155622,0.1360297324248705,0.13602973240155622,0.13602973238991908,0.13602973238673088,0.13602973239310504,0.13602973240155622,0.13602973239310504,0.13602973238673088,0.13602973238344548,0.13602973238673088,0.13602973238991908,0.13602973238673088,0.13602973238344548,0.13503425185891285,0.1350342518609542,0.13503425186263215,0.1350342518609542,0.13503425185891285,0.1350342518609542,0.13503425186421975,0.13503425186744106,0.13503425186421975,0.1350342518609542,0.13503425186263215,0.13503425186744106,0.1350342518732744,0.13503425186744106,0.13503425186263215,0.1350342518609542,0.13503425186421975,0.13503425186744106,0.13503425186421975,0.1350342518609542,0.13503425185891285,0.1350342518609542,0.13503425186263215,0.1350342518609542,0.13503425185891285
0.16533248785532692,0.1653324878553267,0.16533248785532645,0.1653324878553267,0.16533248785532692,0.1653324878553267,0.16533248785532645,0.1653324878553262,0.16533248785532645,0.1653324878553267,0.16533248785532645,0.1653324878553262,0.16533248785532598,0.1653324878553262,0.16533248785532645,0.1653324878553267,0.16533248785532645,0.1653324878553262,0.16533248785532645,0.1653324878553267,0.16533248785532692,0.1653324878553267,0.16533248785532645,0.1653324878553267,0.16533248785532692,0.16375749413514035,0.16375749413513965,0.1637574941351392,0.16375749413513965,0.16375749413514035,0.16375749413513965,0.16375749413513874,0.1637574941351383,0.16375749413513874,0.16375749413513965,0.1637574941351392,0.1637574941351383,0.1637574941351378,0.1637574941351383,0.1637574941351392,0.16375749413513965,0.16375749413513874,0.1637574941351383,0.16375749413513874,0.16375749413513965,0.16375749413514035,0.16375749413513965,0.1637574941351392,0.16375749413513965,0.16375749413514035,0.16221388434687878,0.1622138843468763,0.16221388434687495,0.1622138843468763,0.16221388434687878,0.1622138843468763,0.16221388434687378,0.1622138843468722,0.16221388434687378,0.1622138843468763,0.16221388434687495,0.1622138843468722,0.1622138843468704,0.1622138843468722,0.16221388434687495,0.1622138843468763,0.16221388434687378,0.1622138843468722,0.16221388434687378,0.1622138843468763,0.16221388434687878,0.1622138843468763,0.16221388434687495,0.1622138843468763,0.16221388434687878,0.1607010674475855,0.1607010674475784,0.16070106744757373,0.1607010674475784,0.1607010674475855,0.1607010674475784,0.1607010674475704,0.16070106744756507,0.1607010674475704,0.1607010674475784,0.16070106744757373,0.16070106744756507,0.1607010674475595,0.16070106744756507,0.16070106744757373,0.1607010674475784,0.1607010674475704,0.16070106744756507,0.1607010674475704,0.1607010674475784,0.1607010674475855,0.1607010674475784,0.16070106744757373,0.1607010674475784,0.1607010674475855,0.159218451812249,0.1592184518122272,0.15921845181221328,0.1592184518122272,0.159218451812249,0.1592184518122272,0.15921845181220262,0.15921845181218608,0.15921845181220262,0.1592184518122272,0.15921845181221328,0.15921845181218608,0.1592184518121678,0.15921845181218608,0.15921845181221328,0.1592184518122272,0.15921845181220262,0.15921845181218608,0.15921845181220262,0.1592184518122272,0.159218451812249,0.1592184518122272,0.15921845181221328,0.1592184518122272,0.159218451812249,0.15776544658566571,0.15776544658560238,0.1577654465855603,0.15776544658560238,0.15776544658566571,0.15776544658560238,0.1577654465855262,0.15776544658547326,0.1577654465855262,0.15776544658560238,0.1577654465855603,0.15776544658547326,0.1577654465854114,0.15776544658547326,0.1577654465855603,0.15776544658560238,0.1577654465855262,0.15776544658547326,0.1577654465855262,0.15776544658560238,0.15776544658566571,0.15776544658560238,0.1577654465855603,0.15776544658560238,0.15776544658566571,0.1563414628968015,0.15634146289662168,0.15634146289649642,0.15634146289662168,0.1563414628968015,0.15634146289662168,0.15634146289638978,0.15634146289621706,0.15634146289638978,0.15634146289662168,0.15634146289649642,0.15634146289621706,0.15634146289599793,0.15634146289621706,0.15634146289649642,0.15634146289662168,0.15634146289638978,0.15634146289621706,0.15634146289638978,0.15634146289662168,0.1563414628968015,0.15634146289662168,0.15634146289649642,0.15634146289662168,0.1563414628968015,0.15494591494595078,0.15494591494546325,0.1549459149450997,0.15494591494546325,0.15494591494595078,0.15494591494546325,0.15494591494477283,0.15494591494419657,0.15494591494477283,0.15494591494546325,0.1549459149450997,0.15494591494419657,0.15494591494335636,0.15494591494419657,0.1549459149450997,0.15494591494546325,0.15494591494477283,0.15494591494419657,0.15494591494477283,0.15494591494546325,0.15494591494595078,0.15494591494546325,0.1549459149450997,0.15494591494546325,0.15494591494595078,0.15357822097448454,0.1535782209732606,0.15357822097225055,0.1535782209732606,0.15357822097448454,0.1535782209732606,0.15357822097129395,0.15357822096933854,0.15357822097129395,0.1535782209732606,0.15357822097225055,0.15357822096933854,0.15357822096576473,0.15357822096933854,0.15357822097225055,0.1535782209732606,0.15357822097129395,0.15357822096933854,0.15357822097129395,0.1535782209732606,0.15357822097448454,0.1535782209732606,0.15357822097225055,0.1535782209732606,0.15357822097448454,0.15223780412645183,0.15223780412375867,0.15223780412119955,0.15223780412375867,0.15223780412645183,0.15223780412375867,0.1522378041186566,0.15223780411213667,0.1522378041186566,0.15223780412375867,0.15223780412119955,0.15223780411213667,0.15223780409495694,0.15223780411213667,0.15223780412119955,0.15223780412375867,0.1522378041186566,0.15223780411213667,0.1522378041186566,0.15223780412375867,0.15223780412645183,0.15223780412375867,0.15223780412119955,0.15223780412375867,0.15223780412645183,0.15092409321052788,0.15092409320590822,0.15092409320071443,0.15092409320590822,0.15092409321052788,0.15092409320590822,0.1509240931953862,0.1509240931764887,0.1509240931953862,0.15092409320590822,0.15092409320071443,0.1509240931764887,0.15092409308294089,0.1509240931764887,0.15092409320071443,0.15092409320590822,0.1509240931953862,0.1509240931764887,0.1509240931953862,0.15092409320590822,0.15092409321052788,0.15092409320590822,0.15092409320071443,0.15092409320590822,0.15092409321052788,0.14963652336905534,0.1496365233643997,0.1496365233593678,0.1496365233643997,0.14963652336905534,0.1496365233643997,0.14963652335422473,0.14963652333744865,0.14963652335422473,0.1496365233643997,0.1496365233593678,0.14963652333744865,0.14963652326519822,0.14963652333744865,0.1496365233593678,0.1496365233643997,0.14963652335422473,0.14963652333744865,0.14963652335422473,0.1496365233643997,0.14963652336905534,0.1496365233643997,0.1496365233593678,0.1496365233643997,0.14963652336905534,0.1483745366586272,0.14837453665521527,0.14837453665169364,0.14837453665521527,0.1483745366586272,0.14837453665521527,0.14837453664812827,0.14837453663721345,0.14837453664812827,0.14837453665521527,0.14837453665169364,0.14837453663721345,0.14837453659333233,0.14837453663721345,0.14837453665169364,0.14837453665521527,0.14837453664812827,0.14837453663721345,0.14837453664812827,0.14837453665521527,0.1483745366586272,0.14837453665521527,0.14837453665169364,0.14837453665521527,0.1483745366586272,0.1471375825596317,0.1471375825578638,0.1471375825561212,0.1471375825578638,0.1471375825596317,0.1471375825578638,0.14713758255438,0.1471375825493272,0.14713758255438,0.1471375825578638,0.1471375825561212,0.1471375825493272,0.14713758253003578,0.1471375825493272,0.1471375825561212,0.1471375825578638,0.14713758255438,0.1471375825493272,0.14713758255438,0.1471375825578638,0.1471375825596317,0.1471375825578638,0.1471375825561212,0.1471375825578638,0.1471375825596317,0.14592511841586228,0.14592511841567998,0.14592511841558523,0.14592511841567998,0.14592511841586228,0.14592511841567998,0.1459251184155158,0.1459251184156385,0.1459251184155158,0.14592511841567998,0.14592511841558523,0.1459251184156385,0.14592511841756334,0.1459251184156385,0.14592511841558523,0.14592511841567998,0.1459251184155158,0.1459251184156385,0.1459251184155158,0.14592511841567998,0.14592511841586228,0.14592511841567998,0.14592511841558523,0.14592511841567998,0.14592511841586228,0.14473660980890465,0.14473660981003156,0.14473660981127748,0.14473660981003156,0.14473660980890465,0.14473660981003156,0.14473660981256062,0.14473660981683587,0.14473660981256062,0.14473660981003156,0.14473660981127748,0.14473660981683587,0.14473660983580872,0.14473660981683587,0.14473660981127748,0.14473660981003156,0.14473660981256062,0.14473660981683587,0.14473660981256062,0.14473660981003156,0.14473660980890465,0.14473660981003156,0.14473660981127748,0.14473660981003156,0.14473660980890465,0.14357153087335933,0.1435715308754055,0.14357153087757896,0.1435715308754055,0.14357153087335933,0.1435715308754055,0.14357153087979302,0.14357153088686905,0.14357153087979302,0.1435715308754055,0.14357153087757896,0.14357153088686905,0.14357153091694402,0.14357153088686905,0.14357153087757896,0.1435715308754055,0.14357153087979302,0.14357153088686905,0.14357153087979302,0.1435715308754055,0.14357153087335933,0.1435715308754055,0.14357153087757896,0.1435715308754055,0.14357153087335933,0.1424293645584565,0.1424293645609998,0.14242936456367172,0.14242936456099994,0.1424293645584565,0.1424293645609998,0.14242936456638194,0.1424293645749831,0.14242936456638194,0.1424293645609998,0.14242936456367172,0.1424293645749831,0.14242936461140038,0.1424293645749831,0.14242936456367172,0.14242936456099994,0.14242936456638194,0.1424293645749831,0.14242936456638194,0.14242936456099994,0.1424293645584565,0.1424293645609998,0.14242936456367172,0.14242936456099994,0.1424293645584565,0.1413096028410136,0.14130960284362398,0.1413096028463301,0.14130960284362398,0.1413096028410136,0.14130960284362398,0.14130960284905875,0.1413096028577082,0.14130960284905875,0.14130960284362398,0.1413096028463301,0.1413096028577082,0.14130960289478897,0.1413096028577082,0.1413096028463301,0.14130960284362398,0.14130960284905875,0.1413096028577082,0.14130960284905875,0.14130960284362398,0.1413096028410136,0.14130960284362398,0.1413096028463301,0.14130960284362398,0.1413096028410136,0.14021174689436997,0.14021174689673058,0.14021174689902358,0.14021174689673058,0.14021174689436997,0.14021174689673058,0.14021174690129387,0.14021174690796118,0.14021174690129387,0.14021174689673058,0.14021174689902358,0.14021174690796118,0.140211746934794,0.14021174690796118,0.14021174689902358,0.14021174689673058,0.14021174690129387,0.14021174690796118,0.14021174690129387,0.14021174689673058,0.14021174689436997,0.14021174689673058,0.14021174689902358,0.14021174689673058,0.14021174689436997,0.13913530721729422,0.1391353072196365,0.1391353072216616,0.1391353072196365,0.13913530721729422,0.1391353072196365,0.13913530722361758,0.13913530722791934,0.13913530722361758,0.1391353072196365,0.1391353072216616,0.13913530722791934,0.1391353072370394,0.13913530722791934,0.1391353072216616,0.1391353072196365,0.13913530722361758,0.13913530722791934,0.13913530722361758,0.1391353072196365,0.13913530721729422,0.1391353072196365,0.1391353072216616,0.1391353072196365,0.13913530721729422,0.13807980372606654,0.1380798037294452,0.13807980373270415,0.1380798037294452,0.13807980372606654,0.1380798037294452,0.1380798037359605,0.13807980374446002,0.1380798037359605,0.1380798037294452,0.13807980373270415,0.13807980374446002,0.13807980376739204,0.13807980374446002,0.13807980373270415,0.1380798037294452,0.1380798037359605,0.13807980374446002,0.1380798037359605,0.1380798037294452,0.13807980372606654,0.1380798037294452,0.13807980373270415,0.1380798037294452,0.13807980372606654,0.13704476581361624,0.13704476581842043,0.13704476582412464,0.13704476581842043,0.13704476581361624,0.13704476581842043,0.13704476583000966,0.1370447658528701,0.13704476583000966,0.13704476581842043,0.13704476582412464,0.1370447658528701,0.13704476597844514,0.1370447658528701,0.13704476582412464,0.13704476581842043,0.13704476583000966,0.1370447658528701,0.13704476583000966,0.13704476581842043,0.13704476581361624,0.13704476581842043,0.13704476582412464,0.13704476581842043,0.13704476581361624,0.13602973238262792,0.13602973238590466,0.13602973238908453,0.13602973238590466,0.13602973238262792,0.13602973238590466,0.13602973239226226,0.13602973240069155,0.13602973239226226,0.13602973238590466,0.13602973238908453,0.13602973240069155,0.1360297324239462,0.13602973240069155,0.13602973238908453,0.13602973238590466,0.13602973239226226,0.13602973240069155,0.13602973239226226,0.13602973238590466,0.13602973238262792,0.13602973238590466,0.13602973238908453,0.13602973238590466,0.13602973238262792,0.13503425185810006,0.13503425186013615,0.1350342518618097,0.13503425186013615,0.13503425185810006,0.13503425186013615,0.13503425186339316,0.13503425186660617,0.13503425186339316,0.13503425186013615,0.1350342518618097,0.13503425186660617,0.1350342518724246,0.13503425186660617,0.1350342518618097,0.13503425186013615,0.13503425186339316,0.13503425186660617,0.13503425186339316,0.13503425186013615,0.13503425185810006,0.13503425186013615,0.1350342518618097,0.13503425186013615,0.13503425185810006
0.16533248785582957,0.1653324878558291,0.16533248785582888,0.1653324878558291,0.16533248785582957,0.1653324878558291,0.16533248785582888,0.16533248785582866,0.16533248785582888,0.1653324878558291,0.16533248785582888,0.16533248785582866,0.1653324878558284,0.16533248785582866,0.16533248785582888,0.1653324878558291,0.16533248785582888,0.16533248785582866,0.16533248785582888,0.1653324878558291,0.16533248785582957,0.1653324878558291,0.16533248785582888,0.1653324878558291,0.16533248785582957,0.163757494135633,0.16375749413563231,0.1637574941356316,0.16375749413563231,0.163757494135633,0.16375749413563231,0.16375749413563137,0.16375749413563093,0.16375749413563137,0.16375749413563231,0.1637574941356316,0.16375749413563093,0.1637574941356302,0.16375749413563093,0.1637574941356316,0.16375749413563231,0.16375749413563137,0.16375749413563093,0.16375749413563137,0.16375749413563231,0.163757494135633,0.16375749413563231,0.1637574941356316,0.16375749413563231,0.163757494135633,0.16221388434736136,0.16221388434735912,0.16221388434735753,0.16221388434735912,0.16221388434736136,0.16221388434735912,0.16221388434735662,0.162213884347355,0.16221388434735662,0.16221388434735912,0.16221388434735753,0.162213884347355,0.16221388434735323,0.162213884347355,0.16221388434735753,0.16221388434735912,0.16221388434735662,0.162213884347355,0.16221388434735662,0.16221388434735912,0.16221388434736136,0.16221388434735912,0.16221388434735753,0.16221388434735912,0.16221388434736161,0.16070106744805868,0.16070106744805135,0.16070106744804694,0.16070106744805135,0.16070106744805868,0.16070106744805135,0.16070106744804355,0.16070106744803825,0.16070106744804355,0.16070106744805135,0.16070106744804694,0.16070106744803825,0.1607010674480327,0.16070106744803825,0.16070106744804694,0.16070106744805135,0.16070106744804355,0.16070106744803825,0.16070106744804355,0.16070106744805135,0.16070106744805868,0.16070106744805135,0.16070106744804694,0.16070106744805135,0.16070106744805868,0.15921845181271252,0.15921845181269095,0.15921845181267683,0.15921845181269095,0.15921845181271252,0.15921845181269095,0.15921845181266614,0.1592184518126496,0.15921845181266614,0.15921845181269095,0.15921845181267683,0.1592184518126496,0.1592184518126313,0.1592184518126496,0.15921845181267683,0.15921845181269095,0.15921845181266614,0.1592184518126496,0.15921845181266614,0.15921845181269095,0.15921845181271252,0.15921845181269095,0.15921845181267683,0.15921845181269095,0.15921845181271252,0.15776544658611957,0.1577654465860564,0.15776544658601435,0.1577654465860564,0.15776544658611957,0.1577654465860564,0.15776544658598024,0.1577654465859273,0.15776544658598024,0.1577654465860564,0.15776544658601435,0.1577654465859273,0.15776544658586586,0.1577654465859273,0.15776544658601435,0.1577654465860564,0.15776544658598024,0.1577654465859273,0.15776544658598024,0.1577654465860564,0.15776544658611957,0.1577654465860564,0.15776544658601435,0.1577654465860564,0.15776544658611957,0.15634146289724565,0.15634146289706602,0.15634146289694098,0.15634146289706602,0.15634146289724565,0.15634146289706602,0.15634146289683454,0.15634146289666204,0.15634146289683454,0.15634146289706602,0.15634146289694098,0.15634146289666204,0.15634146289644352,0.15634146289666204,0.15634146289694098,0.15634146289706602,0.15634146289683454,0.15634146289666204,0.15634146289683454,0.15634146289706602,0.15634146289724565,0.15634146289706602,0.15634146289694098,0.15634146289706602,0.15634146289724565,0.1549459149463844,0.1549459149458977,0.15494591494553497,0.1549459149458977,0.1549459149463844,0.1549459149458977,0.15494591494520896,0.1549459149446335,0.15494591494520896,0.1549459149458977,0.15494591494553497,0.1549459149446335,0.15494591494379512,0.1549459149446335,0.15494591494553497,0.1549459149458977,0.15494591494520896,0.1549459149446335,0.15494591494520896,0.1549459149458977,0.1549459149463844,0.1549459149458977,0.15494591494553497,0.1549459149458977,0.1549459149463844,0.1535782209749061,0.15357822097368437,0.15357822097267634,0.15357822097368437,0.1535782209749061,0.15357822097368437,0.15357822097172172,0.15357822096976995,0.15357822097172172,0.15357822097368437,0.15357822097267634,0.15357822096976995,0.15357822096620297,0.15357822096976995,0.15357822097267634,0.15357822097368437,0.15357822097172172,0.15357822096976995,0.15357822097172172,0.15357822097368437,0.1535782209749061,0.15357822097368437,0.15357822097267634,0.15357822097368437,0.1535782209749061,0.15223780412685614,0.1522378041241683,0.1522378041216143,0.1522378041241683,0.15223780412685614,0.1522378041241683,0.15223780411907625,0.15223780411256893,0.15223780411907625,0.1522378041241683,0.1522378041216143,0.15223780411256893,0.15223780409542187,0.15223780411256893,0.1522378041216143,0.1522378041241683,0.15223780411907625,0.15223780411256893,0.15223780411907625,0.1522378041241683,0.15223780412685614,0.1522378041241683,0.1522378041216143,0.1522378041241683,0.15223780412685614,0.1509240932109039,0.15092409320629369,0.1509240932011105,0.15092409320629369,0.1509240932109039,0.15092409320629369,0.15092409319579264,0.15092409317693184,0.15092409319579264,0.15092409320629369,0.1509240932011105,0.15092409317693184,0.1509240930835692,0.15092409317693184,0.1509240932011105,0.15092409320629369,0.15092409319579264,0.15092409317693184,0.15092409319579264,0.15092409320629369,0.1509240932109039,0.15092409320629369,0.1509240932011105,0.15092409320629369,0.1509240932109039,0.14963652336938338,0.14963652336473857,0.14963652335971778,0.14963652336473857,0.14963652336938338,0.14963652336473857,0.14963652335458608,0.14963652333784552,0.14963652335458608,0.14963652336473857,0.14963652335971778,0.14963652333784552,0.14963652326570667,0.14963652333784552,0.14963652335971778,0.14963652336473857,0.14963652335458608,0.14963652333784552,0.14963652335458608,0.14963652336473857,0.14963652336938338,0.14963652336473857,0.14963652335971778,0.14963652336473857,0.14963652336938338,0.14837453665888406,0.1483745366554829,0.1483745366519722,0.1483745366554829,0.14837453665888406,0.1483745366554829,0.14837453664841777,0.14837453663753555,0.14837453664841777,0.1483745366554829,0.1483745366519722,0.14837453663753555,0.14837453659376842,0.14837453663753555,0.1483745366519722,0.1483745366554829,0.14837453664841777,0.14837453663753555,0.14837453664841777,0.1483745366554829,0.14837453665888406,0.1483745366554829,0.1483745366519722,0.1483745366554829,0.14837453665888406,0.14713758255979428,0.14713758255803658,0.14713758255630469,0.14713758255803658,0.14713758255979428,0.14713758255803658,0.1471375825545742,0.14713758254955428,0.1471375825545742,0.14713758255803658,0.14713758255630469,0.14713758254955428,0.14713758253037548,0.14713758254955428,0.14713758255630469,0.14713758255803658,0.1471375825545742,0.14713758254955428,0.1471375825545742,0.14713758255803658,0.14713758255979428,0.14713758255803658,0.14713758255630469,0.14713758255803658,0.14713758255979428,0.14592511841590824,0.14592511841573444,0.14592511841564915,0.14592511841573444,0.14592511841590824,0.14592511841573444,0.14592511841558914,0.14592511841574368,0.14592511841558914,0.14592511841573444,0.14592511841564915,0.14592511841574368,0.1459251184178016,0.14592511841574368,0.14592511841564915,0.14592511841573444,0.14592511841558914,0.14592511841574368,0.14592511841558914,0.14592511841573444,0.14592511841590824,0.14592511841573444,0.14592511841564915,0.14592511841573444,0.14592511841590824,0.14473660980881492,0.14473660980994585,0.14473660981119651,0.14473660980994585,0.14473660980881492,0.14473660980994585,0.14473660981248435,0.144736609816776,0.14473660981248435,0.14473660980994585,0.14473660981119651,0.144736609816776,0.14473660983582373,0.144736609816776,0.14473660981119651,0.14473660980994585,0.14473660981248435,0.144736609816776,0.14473660981248435,0.14473660980994585,0.14473660980881492,0.14473660980994585,0.14473660981119651,0.14473660980994585,0.14473660980881492,0.14357153087312302,0.1435715308751675,0.1435715308773389,0.1435715308751675,0.14357153087312302,0.1435715308751675,0.14357153087955105,0.14357153088662042,0.14357153087955105,0.1435715308751675,0.1435715308773389,0.14357153088662042,0.14357153091666938,0.14357153088662042,0.1435715308773389,0.1435715308751675,0.14357153087955105,0.14357153088662042,0.14357153087955105,0.1435715308751675,0.14357153087312302,0.1435715308751675,0.1435715308773389,0.1435715308751675,0.14357153087312302,0.14242936455807587,0.14242936456061128,0.142429364563275,0.14242936456061128,0.14242936455807587,0.14242936456061128,0.14242936456597716,0.14242936457455396,0.14242936456597716,0.14242936456061128,0.142429364563275,0.14242936457455396,0.14242936461086358,0.14242936457455396,0.142429364563275,0.14242936456061128,0.14242936456597716,0.14242936457455396,0.14242936456597716,0.14242936456061128,0.14242936455807587,0.14242936456061128,0.142429364563275,0.14242936456061128,0.14242936455807587,0.14130960284050242,0.14130960284309999,0.14130960284579164,0.14130960284309999,0.14130960284050242,0.14130960284309999,0.14130960284850552,0.14130960285710442,0.14130960284850552,0.14130960284309999,0.14130960284579164,0.14130960285710442,0.14130960289393932,0.14130960285710442,0.14130960284579164,0.14130960284309999,0.14130960284850552,0.14130960285710442,0.14130960284850552,0.14130960284309999,0.14130960284050242,0.14130960284309999,0.14130960284579164,0.14130960284309999,0.14130960284050242,0.14021174689375335,0.14021174689610055,0.1402117468983789,0.14021174689610055,0.14021174689375335,0.14021174689610055,0.14021174690063418,0.1402117469072512,0.14021174690063418,0.14021174689610055,0.1402117468983789,0.1402117469072512,0.14021174693383712,0.1402117469072512,0.1402117468983789,0.14021174689610055,0.14021174690063418,0.1402117469072512,0.14021174690063418,0.14021174689610055,0.14021174689375335,0.14021174689610055,0.1402117468983789,0.14021174689610055,0.14021174689375335,0.1391353072165987,0.13913530721893036,0.13913530722094594,0.13913530721893036,0.1391353072165987,0.13913530721893036,0.13913530722289247,0.13913530722717207,0.13913530722289247,0.13913530721893036,0.13913530722094594,0.13913530722717207,0.13913530723623935,0.13913530722717207,0.13913530722094594,0.13913530721893036,0.13913530722289247,0.13913530722717207,0.13913530722289247,0.13913530721893036,0.1391353072165987,0.13913530721893036,0.13913530722094594,0.13913530721893036,0.1391353072165987,0.13807980372531195,0.13807980372868023,0.13807980373192913,0.13807980372868023,0.13807980372531195,0.13807980372868023,0.13807980373517567,0.13807980374365056,0.13807980373517567,0.13807980372868023,0.13807980373192913,0.13807980374365056,0.13807980376651882,0.13807980374365056,0.13807980373192913,0.13807980372868023,0.13807980373517567,0.13807980374365056,0.13807980373517567,0.13807980372868023,0.13807980372531195,0.13807980372868023,0.13807980373192913,0.13807980372868023,0.13807980372531195,0.13704476581282382,0.13704476581761493,0.1370447658233041,0.13704476581761493,0.13704476581282382,0.13704476581761493,0.1370447658291739,0.13704476585197595,0.1370447658291739,0.13704476581761493,0.1370447658233041,0.13704476585197595,0.13704476597725632,0.13704476585197595,0.1370447658233041,0.13704476581761493,0.1370447658291739,0.13704476585197595,0.1370447658291739,0.13704476581761493,0.13704476581282382,0.13704476581761493,0.1370447658233041,0.13704476581761493,0.13704476581282382,0.1360297323818229,0.13602973238509117,0.1360297323882628,0.13602973238509117,0.1360297323818229,0.13602973238509117,0.13602973239143237,0.13602973239984015,0.13602973239143237,0.13602973238509117,0.1360297323882628,0.13602973239984015,0.13602973242303604,0.13602973239984015,0.1360297323882628,0.13602973238509117,0.13602973239143237,0.13602973239984015,0.13602973239143237,0.13602973238509117,0.1360297323818229,0.13602973238509117,0.1360297323882628,0.13602973238509117,0.1360297323818229,0.13503425185729967,0.1350342518593305,0.13503425186099982,0.13503425185933066,0.13503425185729967,0.1350342518593305,0.1350342518625792,0.13503425186578402,0.1350342518625792,0.13503425185933066,0.13503425186099982,0.13503425186578402,0.13503425187158782,0.1350342518657842,0.13503425186099982,0.13503425185933066,0.1350342518625792,0.1350342518657842,0.1350342518625792,0.13503425185933066,0.13503425185729967,0.13503425185933066,0.13503425186099982,0.13503425185933066,0.13503425185729967
0.1653324878563249,0.16533248785632468,0.16533248785632443,0.16533248785632468,0.1653324878563249,0.16533248785632468,0.16533248785632443,0.1653324878563242,0.16533248785632443,0.16533248785632468,0.16533248785632443,0.1653324878563242,0.16533248785632396,0.1653324878563242,0.16533248785632443,0.16533248785632468,0.16533248785632443,0.1653324878563242,0.16533248785632443,0.16533248785632468,0.1653324878563249,0.16533248785632468,0.16533248785632443,0.16533248785632468,0.1653324878563249,0.16375749413611845,0.16375749413611776,0.16375749413611732,0.16375749413611776,0.16375749413611845,0.16375749413611776,0.16375749413611684,0.1637574941361164,0.16375749413611684,0.16375749413611776,0.16375749413611732,0.1637574941361164,0.16375749413611593,0.1637574941361164,0.16375749413611732,0.16375749413611776,0.16375749413611684,0.1637574941361164,0.16375749413611684,0.16375749413611776,0.16375749413611845,0.16375749413611776,0.16375749413611732,0.16375749413611776,0.16375749413611845,0.16221388434783715,0.16221388434783493,0.16221388434783332,0.16221388434783493,0.16221388434783715,0.16221388434783493,0.1622138843478324,0.16221388434783082,0.1622138843478324,0.16221388434783493,0.16221388434783332,0.16221388434783082,0.16221388434782902,0.16221388434783082,0.16221388434783332,0.16221388434783493,0.1622138843478324,0.16221388434783082,0.1622138843478324,0.16221388434783493,0.16221388434783715,0.16221388434783493,0.16221388434783332,0.16221388434783493,0.16221388434783715,0.16070106744852475,0.16070106744851742,0.16070106744851298,0.16070106744851764,0.16070106744852475,0.16070106744851742,0.16070106744850965,0.16070106744850454,0.16070106744850965,0.16070106744851764,0.16070106744851298,0.16070106744850454,0.160701067448499,0.16070106744850454,0.16070106744851298,0.16070106744851764,0.16070106744850965,0.16070106744850454,0.16070106744850965,0.16070106744851764,0.16070106744852475,0.16070106744851764,0.16070106744851298,0.16070106744851764,0.16070106744852475,0.15921845181316907,0.1592184518131475,0.15921845181313357,0.1592184518131475,0.15921845181316907,0.1592184518131475,0.1592184518131227,0.15921845181310637,0.1592184518131227,0.1592184518131475,0.15921845181313357,0.15921845181310637,0.15921845181308805,0.15921845181310637,0.15921845181313357,0.1592184518131475,0.1592184518131227,0.15921845181310637,0.1592184518131227,0.1592184518131475,0.15921845181316907,0.1592184518131475,0.15921845181313357,0.1592184518131475,0.15921845181316907,0.15776544658656658,0.15776544658650363,0.15776544658646158,0.1577654465865034,0.15776544658656658,0.15776544658650363,0.15776544658642744,0.15776544658637476,0.15776544658642744,0.1577654465865034,0.15776544658646158,0.15776544658637476,0.1577654465863133,0.15776544658637476,0.15776544658646158,0.1577654465865034,0.15776544658642744,0.15776544658637476,0.15776544658642744,0.1577654465865034,0.15776544658656658,0.1577654465865034,0.15776544658646158,0.1577654465865034,0.15776544658656658,0.1563414628976829,0.15634146289750367,0.15634146289737905,0.15634146289750367,0.1563414628976829,0.15634146289750367,0.1563414628972726,0.15634146289710055,0.1563414628972726,0.15634146289750367,0.15634146289737905,0.15634146289710055,0.15634146289688244,0.15634146289710055,0.15634146289737905,0.15634146289750367,0.1563414628972726,0.15634146289710055,0.1563414628972726,0.15634146289750367,0.1563414628976829,0.15634146289750367,0.15634146289737905,0.15634146289750367,0.1563414628976829,0.1549459149468115,0.1549459149463258,0.1549459149459639,0.1549459149463258,0.1549459149468115,0.1549459149463258,0.15494591494563825,0.15494591494506407,0.15494591494563825,0.1549459149463258,0.1549459149459639,0.15494591494506407,0.1549459149442271,0.15494591494506407,0.1549459149459639,0.1549459149463258,0.15494591494563825,0.15494591494506407,0.15494591494563825,0.1549459149463258,0.1549459149468115,0.1549459149463258,0.1549459149459639,0.1549459149463258,0.1549459149468115,0.15357822097532106,0.15357822097410193,0.1535782209730957,0.15357822097410193,0.15357822097532106,0.15357822097410193,0.1535782209721429,0.15357822097019494,0.1535782209721429,0.15357822097410193,0.1535782209730957,0.15357822097019494,0.1535782209666348,0.15357822097019494,0.1535782209730957,0.15357822097410193,0.1535782209721429,0.15357822097019494,0.1535782209721429,0.15357822097410193,0.15357822097532106,0.15357822097410193,0.1535782209730957,0.15357822097410193,0.15357822097532106,0.15223780412725435,0.1522378041245718,0.15223780412202273,0.1522378041245718,0.15223780412725435,0.1522378041245718,0.15223780411948962,0.1522378041129947,0.15223780411948962,0.1522378041245718,0.15223780412202273,0.1522378041129947,0.1522378040958799,0.1522378041129947,0.15223780412202273,0.1522378041245718,0.15223780411948962,0.1522378041129947,0.15223780411948962,0.1522378041245718,0.15223780412725435,0.1522378041245718,0.15223780412202273,0.1522378041245718,0.15223780412725435,0.1509240932112741,0.15092409320667335,0.15092409320150038,0.15092409320667335,0.1509240932112741,0.15092409320667335,0.15092409319619318,0.15092409317736843,0.15092409319619318,0.15092409320667335,0.15092409320150038,0.15092409317736843,0.15092409308418828,0.15092409317736843,0.15092409320150038,0.15092409320667335,0.15092409319619318,0.15092409317736843,0.15092409319619318,0.15092409320667335,0.1509240932112741,0.15092409320667335,0.15092409320150038,0.15092409320667335,0.1509240932112741,0.14963652336970595,0.1496365233650719,0.1496365233600623,0.1496365233650719,0.14963652336970595,0.1496365233650719,0.14963652335494174,0.14963652333823618,0.14963652335494174,0.1496365233650719,0.1496365233600623,0.14963652333823618,0.1496365232662376,0.14963652333823618,0.1496365233600623,0.1496365233650719,0.14963652335494174,0.14963652333823618,0.14963652335494174,0.1496365233650719,0.14963652336970595,0.1496365233650719,0.1496365233600623,0.1496365233650719,0.14963652336970595,0.1483745366591365,0.14837453665574588,0.14837453665224593,0.14837453665574588,0.1483745366591365,0.14837453665574588,0.1483745366487024,0.14837453663785208,0.1483745366487024,0.14837453665574588,0.14837453665224593,0.14837453663785208,0.1483745365941995,0.14837453663785208,0.14837453665224593,0.14837453665574588,0.1483745366487024,0.14837453663785208,0.1483745366487024,0.14837453665574588,0.1483745366591365,0.14837453665574588,0.14837453665224593,0.14837453665574588,0.1483745366591365,0.14713758255995396,0.14713758255820625,0.14713758255648468,0.14713758255820625,0.14713758255995396,0.14713758255820625,0.14713758255476475,0.14713758254977718,0.14713758255476475,0.14713758255820625,0.14713758255648468,0.14713758254977718,0.1471375825307217,0.14713758254977718,0.14713758255648468,0.14713758255820625,0.14713758255476475,0.14713758254977718,0.14713758255476475,0.14713758255820625,0.14713758255995396,0.14713758255820625,0.14713758255648468,0.14713758255820625,0.14713758255995396,0.14592511841595313,0.1459251184157875,0.1459251184157113,0.1459251184157875,0.14592511841595313,0.1459251184157875,0.14592511841566075,0.14592511841584643,0.14592511841566075,0.1459251184157875,0.1459251184157113,0.14592511841584643,0.14592511841806244,0.14592511841584643,0.1459251184157113,0.1459251184157875,0.14592511841566075,0.14592511841584643,0.14592511841566075,0.1459251184157875,0.14592511841595313,0.1459251184157875,0.1459251184157113,0.1459251184157875,0.14592511841595313,0.1447366098087261,0.1447366098098612,0.14473660981111638,0.1447366098098612,0.1447366098087261,0.1447366098098612,0.14473660981240893,0.14473660981671663,0.14473660981240893,0.1447366098098612,0.14473660981111638,0.14473660981671663,0.14473660983582426,0.14473660981671663,0.14473660981111638,0.1447366098098612,0.14473660981240893,0.14473660981671663,0.14473660981240893,0.1447366098098612,0.1447366098087261,0.1447366098098612,0.14473660981111638,0.1447366098098612,0.1447366098087261,0.14357153087289032,0.14357153087493288,0.14357153087710262,0.14357153087493288,0.14357153087289032,0.14357153087493288,0.14357153087931268,0.14357153088637606,0.14357153087931268,0.14357153087493288,0.14357153087710262,0.14357153088637606,0.14357153091641134,0.14357153088637606,0.14357153087710262,0.14357153087493288,0.14357153087931268,0.14357153088637606,0.14357153087931268,0.14357153087493288,0.14357153087289032,0.14357153087493288,0.14357153087710262,0.14357153087493288,0.14357153087289032,0.14242936455770078,0.14242936456022862,0.1424293645628845,0.14242936456022862,0.14242936455770078,0.14242936456022862,0.14242936456557856,0.14242936457413174,0.14242936456557856,0.14242936456022862,0.1424293645628845,0.14242936457413174,0.14242936461035094,0.14242936457413174,0.1424293645628845,0.14242936456022862,0.14242936456557856,0.14242936457413174,0.14242936456557856,0.14242936456022862,0.14242936455770078,0.14242936456022862,0.1424293645628845,0.14242936456022862,0.14242936455770078,0.14130960283999885,0.1413096028425836,0.1413096028452611,0.1413096028425836,0.14130960283999885,0.1413096028425836,0.14130960284796046,0.14130960285650973,0.14130960284796046,0.1413096028425836,0.1413096028452611,0.14130960285650973,0.14130960289311453,0.14130960285650973,0.1413096028452611,0.1413096028425836,0.14130960284796046,0.14130960285650973,0.14130960284796046,0.1413096028425836,0.14130960283999885,0.1413096028425836,0.1413096028452611,0.1413096028425836,0.14130960283999885,0.14021174689314575,0.1402117468954794,0.1402117468977434,0.1402117468954794,0.14021174689314575,0.1402117468954794,0.140211746899984,0.1402117469065515,0.140211746899984,0.1402117468954794,0.1402117468977434,0.1402117469065515,0.14021174693294217,0.1402117469065515,0.1402117468977434,0.1402117468954794,0.140211746899984,0.1402117469065515,0.140211746899984,0.14021174689547958,0.14021174689314575,0.1402117468954794,0.1402117468977434,0.14021174689547958,0.14021174689314575,0.13913530721591294,0.13913530721823436,0.13913530722024048,0.13913530721823436,0.13913530721591294,0.13913530721823436,0.13913530722217782,0.13913530722643544,0.13913530722217782,0.13913530721823436,0.13913530722024048,0.13913530722643544,0.1391353072354505,0.13913530722643544,0.13913530722024048,0.13913530721823436,0.13913530722217782,0.13913530722643544,0.13913530722217782,0.13913530721823436,0.13913530721591294,0.13913530721823436,0.13913530722024048,0.13913530721823436,0.13913530721591294,0.13807980372456835,0.13807980372792591,0.13807980373116507,0.13807980372792591,0.13807980372456835,0.13807980372792591,0.13807980373440187,0.1380798037428524,0.13807980373440187,0.13807980372792591,0.13807980373116507,0.1380798037428524,0.13807980376565804,0.1380798037428524,0.13807980373116507,0.13807980372792591,0.13807980373440187,0.1380798037428524,0.13807980373440187,0.13807980372792591,0.13807980372456835,0.13807980372792591,0.13807980373116507,0.13807980372792591,0.13807980372456835,0.1370447658120425,0.13704476581682096,0.13704476582249556,0.13704476581682096,0.1370447658120425,0.13704476581682096,0.13704476582834998,0.13704476585109474,0.13704476582834998,0.13704476581682096,0.13704476582249556,0.13704476585109474,0.13704476597605963,0.13704476585109474,0.13704476582249556,0.13704476581682096,0.13704476582834998,0.13704476585109474,0.13704476582834998,0.13704476581682096,0.1370447658120425,0.13704476581682096,0.13704476582249556,0.13704476581682096,0.1370447658120425,0.13602973238102964,0.13602973238428942,0.136029732387453,0.13602973238428942,0.13602973238102964,0.13602973238428942,0.13602973239061453,0.13602973239900115,0.13602973239061453,0.13602973238428942,0.136029732387453,0.13602973239900115,0.13602973242213917,0.13602973239900115,0.136029732387453,0.13602973238428942,0.13602973239061453,0.13602973239900115,0.13602973239061453,0.13602973238428942,0.13602973238102964,0.13602973238428942,0.136029732387453,0.13602973238428942,0.13602973238102964,0.13503425185651113,0.1350342518585369,0.13503425186020193,0.1350342518585369,0.13503425185651113,0.1350342518585369,0.13503425186177737,0.13503425186497417,0.13503425186177737,0.1350342518585369,0.13503425186020193,0.13503425186497417,0.13503425187076332,0.13503425186497417,0.13503425186020193,0.1350342518585369,0.13503425186177737,0.13503425186497417,0.13503425186177737,0.1350342518585369,0.13503425185651113,0.1350342518585369,0.13503425186020193,0.1350342518585369,0.1350342518565113
0.16533248785681365,0.16533248785681315,0.16533248785681293,0.16533248785681315,0.16533248785681343,0.16533248785681315,0.16533248785681293,0.1653324878568127,0.16533248785681293,0.16533248785681315,0.16533248785681293,0.1653324878568127,0.16533248785681248,0.1653324878568127,0.16533248785681293,0.16533248785681315,0.16533248785681293,0.1653324878568127,0.16533248785681293,0.16533248785681315,0.16533248785681343,0.16533248785681315,0.16533248785681293,0.16533248785681315,0.16533248785681343,0.1637574941365972,0.16375749413659654,0.16375749413659607,0.16375749413659654,0.1637574941365972,0.16375749413659654,0.16375749413659563,0.16375749413659516,0.16375749413659563,0.16375749413659654,0.16375749413659607,0.16375749413659516,0.16375749413659468,0.16375749413659516,0.16375749413659607,0.16375749413659654,0.16375749413659563,0.16375749413659516,0.16375749413659563,0.16375749413659654,0.1637574941365972,0.16375749413659654,0.16375749413659607,0.16375749413659654,0.1637574941365972,0.1622138843483064,0.1622138843483039,0.16221388434830256,0.1622138843483039,0.1622138843483064,0.1622138843483039,0.1622138843483014,0.16221388434829984,0.1622138843483014,0.1622138843483039,0.16221388434830256,0.16221388434829984,0.16221388434829825,0.16221388434829984,0.16221388434830256,0.1622138843483039,0.1622138843483014,0.16221388434829984,0.1622138843483014,0.1622138843483039,0.1622138843483064,0.1622138843483039,0.16221388434830256,0.1622138843483039,0.1622138843483064,0.1607010674489842,0.16070106744897708,0.1607010674489726,0.16070106744897708,0.1607010674489842,0.16070106744897708,0.16070106744896928,0.16070106744896395,0.16070106744896928,0.16070106744897708,0.1607010674489726,0.16070106744896395,0.1607010674489584,0.16070106744896395,0.1607010674489726,0.16070106744897708,0.16070106744896928,0.16070106744896395,0.16070106744896928,0.16070106744897708,0.1607010674489842,0.16070106744897708,0.1607010674489726,0.16070106744897708,0.1607010674489842,0.1592184518136191,0.15921845181359753,0.1592184518135836,0.15921845181359753,0.1592184518136191,0.15921845181359753,0.15921845181357291,0.15921845181355662,0.15921845181357291,0.15921845181359753,0.1592184518135836,0.15921845181355662,0.1592184518135383,0.15921845181355662,0.1592184518135836,0.15921845181359753,0.15921845181357291,0.15921845181355662,0.15921845181357291,0.15921845181359753,0.1592184518136191,0.15921845181359753,0.1592184518135836,0.15921845181359753,0.1592184518136191,0.15776544658700736,0.15776544658694444,0.1577654465869024,0.15776544658694444,0.15776544658700736,0.15776544658694444,0.1577654465868685,0.15776544658681577,0.1577654465868685,0.15776544658694444,0.1577654465869024,0.15776544658681577,0.15776544658675454,0.15776544658681577,0.1577654465869024,0.15776544658694444,0.1577654465868685,0.15776544658681577,0.1577654465868685,0.15776544658694444,0.15776544658700736,0.15776544658694444,0.1577654465869024,0.15776544658694444,0.15776544658700736,0.15634146289811407,0.1563414628979353,0.15634146289781087,0.1563414628979353,0.15634146289811407,0.1563414628979353,0.15634146289770465,0.15634146289753295,0.15634146289770465,0.1563414628979353,0.15634146289781087,0.15634146289753295,0.15634146289731507,0.15634146289753295,0.15634146289781087,0.1563414628979353,0.15634146289770465,0.15634146289753295,0.15634146289770465,0.1563414628979353,0.15634146289811407,0.1563414628979353,0.15634146289781087,0.1563414628979353,0.15634146289811407,0.15494591494723264,0.15494591494674798,0.15494591494638668,0.15494591494674798,0.15494591494723264,0.15494591494674798,0.15494591494606166,0.15494591494548865,0.15494591494606166,0.15494591494674798,0.15494591494638668,0.15494591494548865,0.15494591494465318,0.15494591494548865,0.15494591494638668,0.15494591494674798,0.15494591494606166,0.15494591494548865,0.15494591494606166,0.15494591494674798,0.15494591494723264,0.15494591494674798,0.15494591494638668,0.15494591494674798,0.15494591494723264,0.15357822097573037,0.15357822097451343,0.15357822097350926,0.15357822097451343,0.15357822097573037,0.15357822097451343,0.15357822097255824,0.15357822097061408,0.15357822097255824,0.15357822097451343,0.15357822097350926,0.15357822097061408,0.15357822096706036,0.15357822097061408,0.15357822097350926,0.15357822097451343,0.15357822097255824,0.15357822097061408,0.15357822097255824,0.15357822097451343,0.15357822097573037,0.15357822097451343,0.15357822097350926,0.15357822097451343,0.15357822097573037,0.15223780412764681,0.15223780412496962,0.15223780412242527,0.15223780412496962,0.15223780412764681,0.15223780412496962,0.1522378041198973,0.15223780411341456,0.1522378041198973,0.15223780412496962,0.15223780412242527,0.15223780411341456,0.15223780409633164,0.15223780411341456,0.15223780412242527,0.15223780412496962,0.1522378041198973,0.15223780411341456,0.1522378041198973,0.15223780412496962,0.15223780412764681,0.15223780412496962,0.15223780412242527,0.15223780412496962,0.15223780412764681,0.1509240932116391,0.1509240932070476,0.1509240932018849,0.1509240932070476,0.1509240932116391,0.1509240932070476,0.15092409319658787,0.15092409317779903,0.15092409319658787,0.1509240932070476,0.1509240932018849,0.15092409317779903,0.15092409308479,0.15092409317779903,0.1509240932018849,0.1509240932070476,0.15092409319658787,0.15092409317779903,0.15092409319658787,0.1509240932070476,0.1509240932116391,0.1509240932070476,0.1509240932018849,0.1509240932070476,0.1509240932116391,0.149636523370024,0.14963652336540034,0.14963652336040173,0.14963652336540034,0.149636523370024,0.14963652336540034,0.1496365233552923,0.14963652333862115,0.1496365233552923,0.14963652336540034,0.14963652336040173,0.14963652333862115,0.14963652326676513,0.14963652333862115,0.14963652336040173,0.14963652336540034,0.1496365233552923,0.14963652333862115,0.1496365233552923,0.14963652336540034,0.149636523370024,0.14963652336540034,0.14963652336040173,0.14963652336540034,0.149636523370024,0.14837453665938521,0.14837453665600497,0.1483745366525156,0.14837453665600497,0.14837453665938521,0.14837453665600497,0.14837453664898245,0.14837453663816383,0.14837453664898245,0.14837453665600497,0.1483745366525156,0.14837453663816383,0.14837453659466207,0.14837453663816383,0.1483745366525156,0.14837453665600497,0.14837453664898245,0.14837453663816383,0.14837453664898245,0.14837453665600497,0.14837453665938521,0.14837453665600497,0.1483745366525156,0.14837453665600497,0.14837453665938521,0.1471375825601111,0.1471375825583732,0.14713758255666182,0.1471375825583732,0.1471375825601111,0.1471375825583732,0.14713758255495207,0.1471375825499961,0.14713758255495207,0.1471375825583732,0.14713758255666182,0.1471375825499961,0.14713758253109394,0.1471375825499961,0.14713758255666182,0.1471375825583732,0.14713758255495207,0.1471375825499961,0.14713758255495207,0.1471375825583732,0.1471375825601111,0.1471375825583732,0.14713758255666182,0.1471375825583732,0.1471375825601111,0.1459251184159971,0.14592511841583986,0.14592511841577238,0.14592511841583986,0.1459251184159971,0.14592511841583986,0.1459251184157309,0.14592511841594724,0.1459251184157309,0.14592511841583986,0.14592511841577238,0.14592511841594724,0.14592511841831174,0.14592511841594724,0.14592511841577238,0.14592511841583986,0.1459251184157309,0.14592511841594724,0.1459251184157309,0.14592511841583986,0.1459251184159971,0.14592511841583986,0.14592511841577238,0.14592511841583986,0.1459251184159971,0.14473660980863845,0.14473660980977776,0.14473660981103748,0.14473660980977776,0.14473660980863845,0.14473660980977776,0.14473660981233474,0.14473660981665834,0.14473660981233474,0.14473660980977776,0.14473660981103748,0.14473660981665834,0.1447366098358101,0.14473660981665834,0.14473660981103748,0.14473660980977776,0.14473660981233474,0.14473660981665834,0.14473660981233474,0.14473660980977776,0.14473660980863845,0.14473660980977776,0.14473660981103748,0.14473660980977776,0.14473660980863845,0.14357153087266103,0.1435715308747019,0.14357153087686989,0.1435715308747019,0.14357153087266103,0.1435715308747019,0.14357153087907826,0.14357153088613583,0.14357153087907826,0.1435715308747019,0.14357153087686989,0.14357153088613583,0.1435715309161562,0.14357153088613583,0.14357153087686989,0.1435715308747019,0.14357153087907826,0.14357153088613583,0.14357153087907826,0.1435715308747019,0.14357153087266103,0.1435715308747019,0.14357153087686989,0.1435715308747019,0.14357153087266103,0.1424293645573314,0.1424293645598517,0.14242936456250002,0.1424293645598517,0.1424293645573314,0.1424293645598517,0.1424293645651862,0.14242936457371638,0.1424293645651862,0.1424293645598517,0.14242936456250002,0.14242936457371638,0.14242936460985792,0.14242936457371638,0.14242936456250002,0.1424293645598517,0.1424293645651862,0.14242936457371638,0.1424293645651862,0.1424293645598517,0.1424293645573314,0.1424293645598517,0.14242936456250002,0.1424293645598517,0.1424293645573314,0.1413096028395028,0.14130960284207492,0.14130960284473842,0.14130960284207492,0.1413096028395028,0.14130960284207492,0.14130960284742347,0.14130960285592373,0.14130960284742347,0.14130960284207492,0.14130960284473842,0.14130960285592373,0.14130960289230013,0.14130960285592373,0.14130960284473842,0.14130960284207492,0.14130960284742347,0.14130960285592373,0.14130960284742347,0.14130960284207492,0.1413096028395028,0.14130960284207492,0.14130960284473842,0.14130960284207492,0.1413096028395028,0.14021174689254703,0.14021174689486746,0.1402117468971171,0.14021174689486746,0.14021174689254703,0.14021174689486746,0.14021174689934335,0.14021174690586166,0.14021174689934335,0.14021174689486746,0.1402117468971171,0.14021174690586166,0.14021174693199964,0.14021174690586166,0.1402117468971171,0.14021174689486746,0.14021174689934335,0.14021174690586166,0.14021174689934335,0.14021174689486746,0.14021174689254703,0.14021174689486746,0.1402117468971171,0.14021174689486746,0.14021174689254703,0.1391353072152372,0.1391353072175483,0.1391353072195451,0.1391353072175483,0.1391353072152372,0.1391353072175483,0.13913530722147344,0.13913530722570924,0.13913530722147344,0.1391353072175483,0.1391353072195451,0.13913530722570924,0.13913530723467277,0.13913530722570924,0.1391353072195451,0.1391353072175483,0.13913530722147344,0.13913530722570924,0.13913530722147344,0.1391353072175483,0.1391353072152372,0.1391353072175483,0.1391353072195451,0.1391353072175483,0.1391353072152372,0.13807980372383533,0.13807980372718268,0.138079803730412,0.13807980372718268,0.13807980372383533,0.13807980372718268,0.13807980373363937,0.13807980374206572,0.13807980373363937,0.13807980372718268,0.138079803730412,0.13807980374206572,0.13807980376480952,0.13807980374206572,0.138079803730412,0.13807980372718268,0.13807980373363937,0.13807980374206572,0.13807980373363937,0.13807980372718268,0.13807980372383533,0.13807980372718268,0.138079803730412,0.13807980372718268,0.13807980372383533,0.13704476581127256,0.1370447658160384,0.13704476582169842,0.1370447658160384,0.13704476581127256,0.1370447658160384,0.1370447658275381,0.13704476585022599,0.1370447658275381,0.1370447658160384,0.13704476582169842,0.13704476585022599,0.1370447659748711,0.13704476585022599,0.13704476582169842,0.1370447658160384,0.1370447658275381,0.13704476585022599,0.1370447658275381,0.1370447658160384,0.13704476581127256,0.1370447658160384,0.13704476582169842,0.1370447658160384,0.13704476581127256,0.13602973238024774,0.13602973238349914,0.13602973238665483,0.13602973238349914,0.13602973238024774,0.13602973238349914,0.13602973238980828,0.13602973239817404,0.13602973238980828,0.13602973238349914,0.13602973238665483,0.13602973239817404,0.13602973242125496,0.13602973239817404,0.13602973238665467,0.13602973238349914,0.13602973238980828,0.13602973239817404,0.13602973238980828,0.13602973238349914,0.13602973238024774,0.13602973238349914,0.13602973238665467,0.13602973238349914,0.13602973238024774,0.1350342518557339,0.1350342518577545,0.13503425185941534,0.1350342518577545,0.1350342518557339,0.1350342518577545,0.1350342518609868,0.1350342518641757,0.1350342518609868,0.1350342518577545,0.13503425185941534,0.1350342518641757,0.13503425186995052,0.1350342518641757,0.13503425185941534,0.1350342518577545,0.1350342518609868,0.1350342518641757,0.1350342518609868,0.1350342518577545,0.1350342518557339,0.1350342518577545,0.13503425185941534,0.1350342518577545,0.13503425185573406
0.1653324878572953,0.16533248785729504,0.16533248785729482,0.16533248785729504,0.1653324878572953,0.16533248785729504,0.1653324878572946,0.16533248785729435,0.1653324878572946,0.16533248785729504,0.16533248785729482,0.16533248785729435,0.16533248785729412,0.16533248785729435,0.16533248785729482,0.16533248785729504,0.1653324878572946,0.16533248785729435,0.1653324878572946,0.16533248785729504,0.1653324878572953,0.16533248785729504,0.16533248785729482,0.16533248785729504,0.1653324878572953,0.16375749413706953,0.16375749413706858,0.16375749413706814,0.16375749413706858,0.16375749413706953,0.16375749413706858,0.1637574941370679,0.1637574941370672,0.1637574941370679,0.16375749413706858,0.16375749413706814,0.1637574941370672,0.16375749413706675,0.1637574941370672,0.16375749413706814,0.16375749413706858,0.1637574941370679,0.1637574941370672,0.1637574941370679,0.16375749413706858,0.16375749413706953,0.16375749413706858,0.16375749413706814,0.16375749413706858,0.16375749413706953,0.16221388434876902,0.16221388434876655,0.16221388434876516,0.16221388434876655,0.16221388434876902,0.16221388434876655,0.16221388434876408,0.16221388434876247,0.16221388434876408,0.16221388434876655,0.16221388434876516,0.16221388434876247,0.16221388434876063,0.16221388434876247,0.16221388434876516,0.16221388434876655,0.16221388434876408,0.16221388434876247,0.16221388434876408,0.16221388434876655,0.16221388434876902,0.16221388434876655,0.16221388434876516,0.16221388434876655,0.16221388434876902,0.16070106744943757,0.16070106744943025,0.1607010674494258,0.16070106744943025,0.16070106744943757,0.16070106744943025,0.16070106744942247,0.16070106744941737,0.16070106744942247,0.16070106744943025,0.1607010674494258,0.16070106744941737,0.16070106744941182,0.16070106744941737,0.1607010674494258,0.16070106744943025,0.16070106744942247,0.16070106744941737,0.16070106744942247,0.16070106744943025,0.16070106744943757,0.16070106744943025,0.1607010674494258,0.16070106744943025,0.16070106744943757,0.15921845181406302,0.15921845181404146,0.15921845181402752,0.15921845181404146,0.15921845181406302,0.15921845181404146,0.15921845181401706,0.15921845181400054,0.15921845181401706,0.15921845181404146,0.15921845181402752,0.15921845181400054,0.15921845181398245,0.15921845181400054,0.15921845181402752,0.15921845181404146,0.15921845181401706,0.15921845181400054,0.15921845181401706,0.15921845181404146,0.15921845181406302,0.15921845181404146,0.15921845181402752,0.15921845181404146,0.15921845181406302,0.15776544658744202,0.15776544658737907,0.15776544658733727,0.15776544658737907,0.15776544658744202,0.15776544658737907,0.15776544658730332,0.15776544658725083,0.15776544658730332,0.15776544658737907,0.15776544658733727,0.15776544658725083,0.1577654465871896,0.15776544658725083,0.15776544658733727,0.15776544658737907,0.15776544658730332,0.15776544658725083,0.15776544658730332,0.15776544658737907,0.15776544658744202,0.15776544658737907,0.15776544658733727,0.15776544658737907,0.15776544658744202,0.1563414628985394,0.156341462898361,0.15634146289823683,0.156341462898361,0.1563414628985394,0.156341462898361,0.1563414628981308,0.1563414628979593,0.1563414628981308,0.156341462898361,0.15634146289823683,0.1563414628979593,0.15634146289774206,0.1563414628979593,0.15634146289823683,0.156341462898361,0.1563414628981308,0.1563414628979593,0.1563414628981308,0.156341462898361,0.1563414628985394,0.156341462898361,0.15634146289823683,0.156341462898361,0.1563414628985394,0.154945914947648,0.1549459149471642,0.15494591494680351,0.1549459149471642,0.154945914947648,0.1549459149471642,0.1549459149464793,0.15494591494590734,0.1549459149464793,0.1549459149471642,0.15494591494680351,0.15494591494590734,0.15494591494507348,0.15494591494590734,0.15494591494680351,0.1549459149471642,0.1549459149464793,0.15494591494590734,0.1549459149464793,0.1549459149471642,0.154945914947648,0.1549459149471642,0.15494591494680351,0.1549459149471642,0.154945914947648,0.15357822097613405,0.15357822097491955,0.15357822097391716,0.15357822097491955,0.15357822097613405,0.15357822097491955,0.15357822097296797,0.1535782209710274,0.15357822097296797,0.15357822097491955,0.15357822097391716,0.1535782209710274,0.15357822096748033,0.1535782209710274,0.15357822097391716,0.15357822097491955,0.15357822097296797,0.1535782209710274,0.15357822097296797,0.15357822097491955,0.15357822097613405,0.15357822097491955,0.15357822097391716,0.15357822097491955,0.15357822097613405,0.15223780412803403,0.15223780412536192,0.1522378041228225,0.15223780412536192,0.15223780412803403,0.15223780412536192,0.1522378041202992,0.1522378041138287,0.1522378041202992,0.15223780412536192,0.1522378041228225,0.1522378041138287,0.15223780409677748,0.1522378041138287,0.1522378041228225,0.15223780412536192,0.1522378041202992,0.1522378041138287,0.1522378041202992,0.15223780412536192,0.15223780412803403,0.15223780412536192,0.1522378041228225,0.15223780412536192,0.15223780412803403,0.1509240932119991,0.15092409320741687,0.150924093202264,0.15092409320741687,0.1509240932119991,0.15092409320741687,0.1509240931969774,0.15092409317822383,0.1509240931969774,0.15092409320741687,0.150924093202264,0.15092409317822383,0.15092409308537955,0.15092409317822383,0.150924093202264,0.15092409320741687,0.1509240931969774,0.15092409317822383,0.1509240931969774,0.15092409320741687,0.1509240932119991,0.15092409320741687,0.150924093202264,0.15092409320741687,0.1509240932119991,0.1496365233703373,0.14963652336572425,0.1496365233607364,0.14963652336572425,0.1496365233703373,0.14963652336572425,0.14963652335563793,0.14963652333900065,0.14963652335563793,0.14963652336572425,0.1496365233607364,0.14963652333900065,0.1496365232672891,0.14963652333900065,0.1496365233607364,0.14963652336572425,0.14963652335563793,0.14963652333900065,0.14963652335563793,0.14963652336572425,0.1496365233703373,0.14963652336572425,0.1496365233607364,0.14963652336572425,0.1496365233703373,0.1483745366596302,0.14837453665626016,0.14837453665278116,0.14837453665626016,0.1483745366596302,0.14837453665626016,0.14837453664925843,0.14837453663847075,0.14837453664925843,0.14837453665626016,0.14837453665278116,0.14837453663847075,0.1483745365950748,0.14837453663847075,0.14837453665278116,0.14837453665626016,0.14837453664925843,0.14837453663847075,0.14837453664925843,0.14837453665626016,0.1483745366596302,0.14837453665626016,0.14837453665278116,0.14837453665626016,0.1483745366596302,0.1471375825602657,0.1471375825585376,0.147137582556836,0.1471375825585376,0.1471375825602657,0.1471375825585376,0.14713758255513623,0.14713758255021137,0.14713758255513623,0.1471375825585376,0.147137582556836,0.14713758255021137,0.14713758253145126,0.14713758255021137,0.147137582556836,0.1471375825585376,0.14713758255513623,0.14713758255021137,0.14713758255513623,0.1471375825585376,0.1471375825602657,0.1471375825585376,0.147137582556836,0.1471375825585376,0.1471375825602657,0.1459251184160404,0.14592511841589098,0.1459251184158324,0.14592511841589098,0.1459251184160404,0.14592511841589098,0.1459251184157998,0.14592511841604588,0.1459251184157998,0.14592511841589098,0.1459251184158324,0.14592511841604588,0.14592511841856354,0.14592511841604588,0.1459251184158324,0.14592511841589098,0.1459251184157998,0.14592511841604588,0.1459251184157998,0.14592511841589098,0.1459251184160404,0.14592511841589098,0.1459251184158324,0.14592511841589098,0.1459251184160404,0.14473660980855224,0.14473660980969535,0.14473660981095965,0.14473660980969535,0.14473660980855224,0.14473660980969535,0.14473660981226158,0.14473660981660075,0.14473660981226158,0.14473660980969535,0.14473660981095965,0.14473660981660075,0.14473660983582723,0.14473660981660075,0.14473660981095965,0.14473660980969535,0.14473660981226158,0.14473660981660075,0.14473660981226158,0.14473660980969535,0.14473660980855224,0.14473660980969535,0.14473660981095965,0.14473660980969535,0.14473660980855224,0.14357153087243515,0.1435715308744745,0.1435715308766406,0.1435715308744745,0.14357153087243515,0.1435715308744745,0.14357153087884744,0.1435715308858997,0.14357153087884744,0.1435715308744745,0.1435715308766406,0.1435715308858997,0.1435715309158862,0.1435715308858997,0.1435715308766406,0.1435715308744745,0.14357153087884744,0.1435715308858997,0.14357153087884744,0.1435715308744745,0.14357153087243515,0.1435715308744745,0.1435715308766406,0.1435715308744745,0.14357153087243515,0.14242936455696736,0.14242936455948044,0.14242936456212105,0.14242936455948044,0.14242936455696736,0.14242936455948044,0.1424293645647997,0.14242936457330757,0.1424293645647997,0.14242936455948044,0.14242936456212105,0.14242936457330757,0.14242936460940445,0.14242936457330757,0.14242936456212105,0.14242936455948044,0.1424293645647997,0.14242936457330757,0.1424293645647997,0.14242936455948044,0.14242936455696736,0.14242936455948044,0.14242936456212105,0.14242936455948044,0.14242936455696736,0.14130960283901367,0.14130960284157343,0.1413096028442233,0.14130960284157343,0.14130960283901367,0.14130960284157343,0.14130960284689423,0.14130960285534613,0.14130960284689423,0.14130960284157343,0.1413096028442233,0.14130960285534613,0.1413096028915031,0.14130960285534613,0.1413096028442233,0.14130960284157343,0.14130960284689423,0.14130960285534613,0.14130960284689423,0.14130960284157343,0.14130960283901367,0.14130960284157343,0.1413096028442233,0.14130960284157343,0.14130960283901367,0.14021174689195667,0.14021174689426402,0.14021174689649965,0.14021174689426402,0.14021174689195667,0.14021174689426402,0.14021174689871138,0.14021174690518134,0.14021174689871138,0.14021174689426402,0.14021174689649965,0.14021174690518134,0.1402117469311042,0.14021174690518134,0.14021174689649965,0.14021174689426402,0.14021174689871138,0.14021174690518134,0.14021174689871138,0.14021174689426402,0.14021174689195667,0.14021174689426402,0.14021174689649965,0.14021174689426402,0.14021174689195667,0.13913530721457074,0.13913530721687173,0.13913530721885936,0.13913530721687173,0.13913530721457074,0.13913530721687173,0.1391353072207787,0.13913530722499315,0.1391353072207787,0.13913530721687173,0.13913530721885936,0.13913530722499315,0.13913530723390577,0.13913530722499315,0.13913530721885936,0.13913530721687173,0.1391353072207787,0.13913530722499315,0.1391353072207787,0.13913530721687173,0.13913530721457074,0.13913530721687173,0.13913530721885936,0.13913530721687173,0.13913530721457074,0.13807980372311235,0.13807980372644965,0.13807980372966955,0.13807980372644965,0.13807980372311235,0.13807980372644965,0.13807980373288728,0.13807980374129006,0.13807980373288728,0.13807980372644965,0.13807980372966955,0.13807980374129006,0.1380798037639726,0.13807980374129006,0.13807980372966955,0.13807980372644965,0.13807980373288728,0.13807980374129006,0.13807980373288728,0.13807980372644965,0.13807980372311235,0.13807980372644965,0.13807980372966955,0.13807980372644965,0.13807980372311235,0.13704476581051311,0.13704476581526664,0.13704476582091235,0.13704476581526664,0.13704476581051311,0.13704476581526664,0.1370447658267373,0.13704476584936923,0.1370447658267373,0.13704476581526664,0.13704476582091235,0.13704476584936923,0.13704476597371698,0.13704476584936923,0.13704476582091218,0.13704476581526664,0.1370447658267373,0.13704476584936923,0.1370447658267373,0.13704476581526664,0.13704476581051311,0.13704476581526664,0.13704476582091218,0.13704476581526664,0.13704476581051311,0.13602973237947655,0.1360297323827199,0.13602973238586757,0.1360297323827199,0.13602973237947655,0.1360297323827199,0.13602973238901325,0.13602973239735844,0.13602973238901325,0.1360297323827199,0.13602973238586757,0.13602973239735844,0.13602973242038313,0.13602973239735844,0.13602973238586757,0.1360297323827199,0.13602973238901325,0.13602973239735844,0.13602973238901325,0.1360297323827199,0.13602973237947655,0.1360297323827199,0.13602973238586757,0.1360297323827199,0.13602973237947655,0.13503425185496745,0.13503425185698292,0.13503425185863965,0.13503425185698292,0.13503425185496745,0.13503425185698292,0.1350342518602072,0.1350342518633882,0.13503425186020737,0.13503425185698292,0.13503425185863965,0.1350342518633882,0.135034251869149,0.13503425186338835,0.13503425185863965,0.13503425185698292,0.13503425186020737,0.13503425186338835,0.13503425186020737,0.13503425185698292,0.13503425185496745,0.13503425185698292,0.13503425185863965,0.13503425185698292,0.13503425185496745
0.16533248785777083,0.16533248785777035,0.16533248785777008,0.16533248785777035,0.16533248785777083,0.16533248785777035,0.16533248785777008,0.16533248785776986,0.16533248785777008,0.16533248785777035,0.16533248785777008,0.16533248785776986,0.1653324878577696,0.16533248785776986,0.16533248785777008,0.16533248785777035,0.16533248785777008,0.16533248785776986,0.16533248785777008,0.16533248785777035,0.16533248785777083,0.16533248785777035,0.16533248785777008,0.16533248785777035,0.16533248785777083,0.16375749413753535,0.1637574941375344,0.16375749413753393,0.16375749413753465,0.16375749413753535,0.1637574941375344,0.16375749413753374,0.16375749413753327,0.16375749413753374,0.1637574941375344,0.16375749413753393,0.16375749413753327,0.16375749413753254,0.16375749413753327,0.16375749413753393,0.16375749413753465,0.16375749413753374,0.16375749413753327,0.16375749413753374,0.16375749413753465,0.16375749413753535,0.1637574941375344,0.16375749413753393,0.16375749413753465,0.16375749413753535,0.16221388434922535,0.1622138843492231,0.1622138843492215,0.1622138843492231,0.16221388434922535,0.1622138843492231,0.16221388434922057,0.162213884349219,0.16221388434922057,0.1622138843492231,0.1622138843492215,0.162213884349219,0.16221388434921719,0.162213884349219,0.1622138843492215,0.1622138843492231,0.16221388434922057,0.162213884349219,0.16221388434922057,0.1622138843492231,0.16221388434922535,0.1622138843492231,0.1622138843492215,0.1622138843492231,0.16221388434922535,0.1607010674498848,0.16070106744987744,0.160701067449873,0.16070106744987744,0.1607010674498848,0.16070106744987744,0.16070106744986967,0.16070106744986457,0.16070106744986967,0.16070106744987744,0.160701067449873,0.16070106744986457,0.16070106744985901,0.16070106744986457,0.160701067449873,0.16070106744987744,0.16070106744986967,0.16070106744986457,0.16070106744986967,0.16070106744987744,0.1607010674498848,0.16070106744987744,0.160701067449873,0.16070106744987744,0.1607010674498848,0.15921845181450106,0.15921845181447974,0.15921845181446578,0.15921845181447974,0.15921845181450106,0.15921845181447974,0.15921845181445513,0.1592184518144388,0.15921845181445513,0.15921845181447974,0.15921845181446578,0.1592184518144388,0.15921845181442051,0.1592184518144388,0.15921845181446578,0.15921845181447974,0.15921845181445513,0.1592184518144388,0.15921845181445513,0.15921845181447974,0.15921845181450106,0.15921845181447974,0.15921845181446578,0.15921845181447974,0.15921845181450106,0.15776544658787087,0.15776544658780814,0.1577654465877663,0.15776544658780814,0.15776544658787087,0.15776544658780814,0.15776544658773262,0.15776544658768013,0.15776544658773262,0.15776544658780814,0.1577654465877663,0.15776544658768013,0.1577654465876191,0.15776544658768013,0.1577654465877663,0.15776544658780814,0.15776544658773262,0.15776544658768013,0.15776544658773262,0.15776544658780814,0.15776544658787087,0.15776544658780814,0.1577654465877663,0.15776544658780814,0.15776544658787087,0.15634146289895925,0.15634146289878112,0.1563414628986569,0.15634146289878112,0.15634146289895925,0.15634146289878112,0.15634146289855133,0.15634146289838025,0.15634146289855133,0.15634146289878112,0.1563414628986569,0.15634146289838025,0.1563414628981632,0.15634146289838025,0.1563414628986569,0.15634146289878112,0.15634146289855133,0.15634146289838025,0.15634146289855133,0.15634146289878112,0.15634146289895925,0.15634146289878112,0.1563414628986569,0.15634146289878112,0.15634146289895925,0.1549459149480579,0.1549459149475751,0.154945914947215,0.1549459149475751,0.1549459149480579,0.1549459149475751,0.15494591494689144,0.15494591494632048,0.15494591494689144,0.1549459149475751,0.154945914947215,0.15494591494632048,0.15494591494548807,0.15494591494632048,0.154945914947215,0.1549459149475751,0.15494591494689144,0.15494591494632048,0.15494591494689144,0.1549459149475751,0.1549459149480579,0.1549459149475751,0.154945914947215,0.1549459149475751,0.1549459149480579,0.15357822097653234,0.15357822097532023,0.15357822097431983,0.15357822097532023,0.15357822097653234,0.15357822097532023,0.15357822097337226,0.15357822097143534,0.15357822097337226,0.15357822097532023,0.15357822097431983,0.15357822097143534,0.15357822096789486,0.15357822097143534,0.15357822097431983,0.15357822097532023,0.15357822097337226,0.15357822097143534,0.15357822097337226,0.15357822097532023,0.15357822097653234,0.15357822097532023,0.15357822097431983,0.15357822097532023,0.15357822097653234,0.1522378041284161,0.1522378041257491,0.1522378041232146,0.1522378041257491,0.1522378041284161,0.1522378041257491,0.15223780412069604,0.15223780411423754,0.15223780412069604,0.1522378041257491,0.1522378041232146,0.15223780411423754,0.15223780409721782,0.15223780411423754,0.1522378041232146,0.1522378041257491,0.15223780412069604,0.15223780411423754,0.15223780412069604,0.1522378041257491,0.1522378041284161,0.1522378041257491,0.1522378041232146,0.1522378041257491,0.1522378041284161,0.1509240932123541,0.15092409320778108,0.15092409320263805,0.15092409320778108,0.15092409321235425,0.15092409320778108,0.1509240931973617,0.15092409317864305,0.1509240931973617,0.15092409320778108,0.15092409320263805,0.15092409317864305,0.1509240930859838,0.15092409317864305,0.15092409320263805,0.15092409320778108,0.1509240931973617,0.15092409317864305,0.1509240931973617,0.15092409320778108,0.15092409321235425,0.15092409320778108,0.15092409320263805,0.15092409320778108,0.15092409321235425,0.14963652337064667,0.1496365233660436,0.14963652336106653,0.1496365233660436,0.14963652337064667,0.1496365233660436,0.14963652335597885,0.14963652333937522,0.14963652335597885,0.1496365233660436,0.14963652336106653,0.14963652333937522,0.14963652326780455,0.14963652333937522,0.14963652336106653,0.1496365233660436,0.14963652335597885,0.14963652333937522,0.14963652335597885,0.1496365233660436,0.14963652337064667,0.1496365233660436,0.14963652336106653,0.1496365233660436,0.14963652337064667,0.14837453665987185,0.14837453665651185,0.14837453665304284,0.14837453665651185,0.14837453665987185,0.14837453665651185,0.1483745366495305,0.1483745366387732,0.1483745366495305,0.14837453665651185,0.14837453665304284,0.1483745366387732,0.1483745365955061,0.1483745366387732,0.14837453665304284,0.14837453665651185,0.1483745366495305,0.1483745366387732,0.1483745366495305,0.14837453665651185,0.14837453665987185,0.14837453665651185,0.14837453665304284,0.14837453665651185,0.14837453665987185,0.14713758256041812,0.14713758255869946,0.14713758255700768,0.14713758255869946,0.14713758256041812,0.14713758255869946,0.14713758255531773,0.14713758255042314,0.14713758255531773,0.14713758255869946,0.14713758255700768,0.14713758255042314,0.1471375825317361,0.14713758255042314,0.14713758255700768,0.14713758255869946,0.14713758255531773,0.14713758255042314,0.14713758255531773,0.14713758255869946,0.14713758256041812,0.14713758255869946,0.14713758255700768,0.14713758255869946,0.14713758256041812,0.1459251184160829,0.14592511841594155,0.14592511841589148,0.14592511841594155,0.1459251184160829,0.14592511841594155,0.14592511841586767,0.14592511841614275,0.14592511841586767,0.14592511841594155,0.14592511841589148,0.14592511841614275,0.1459251184187868,0.14592511841614275,0.14592511841589148,0.14592511841594155,0.14592511841586767,0.14592511841614275,0.14592511841586767,0.14592511841594155,0.1459251184160829,0.14592511841594155,0.14592511841589148,0.14592511841594155,0.1459251184160829,0.14473660980846725,0.1447366098096144,0.14473660981088302,0.1447366098096144,0.14473660980846725,0.1447366098096144,0.1447366098121895,0.14473660981654418,0.1447366098121895,0.1447366098096144,0.14473660981088302,0.14473660981654418,0.1447366098358775,0.14473660981654418,0.14473660981088302,0.1447366098096144,0.1447366098121895,0.14473660981654418,0.1447366098121895,0.1447366098096144,0.14473660980846725,0.1447366098096144,0.14473660981088302,0.1447366098096144,0.14473660980846725,0.1435715308722127,0.1435715308742503,0.14357153087641508,0.1435715308742503,0.1435715308722127,0.1435715308742503,0.1435715308786202,0.1435715308856675,0.1435715308786202,0.1435715308742503,0.14357153087641508,0.1435715308856675,0.14357153091562236,0.1435715308856675,0.14357153087641508,0.1435715308742503,0.1435715308786202,0.1435715308856675,0.1435715308786202,0.1435715308742503,0.1435715308722127,0.1435715308742503,0.14357153087641508,0.1435715308742503,0.1435715308722127,0.14242936455660854,0.14242936455911442,0.1424293645617478,0.14242936455911442,0.14242936455660854,0.14242936455911442,0.14242936456441907,0.14242936457290498,0.14242936456441907,0.14242936455911442,0.1424293645617478,0.14242936457290498,0.14242936460890238,0.14242936457290498,0.1424293645617478,0.14242936455911442,0.14242936456441907,0.14242936457290498,0.14242936456441907,0.14242936455911442,0.14242936455660854,0.14242936455911442,0.1424293645617478,0.14242936455911442,0.14242936455660854,0.14130960283853147,0.14130960284107905,0.14130960284371544,0.14130960284107905,0.14130960283853147,0.14130960284107905,0.14130960284637253,0.1413096028547766,0.14130960284637253,0.14130960284107905,0.14130960284371544,0.1413096028547766,0.1413096028907114,0.1413096028547766,0.14130960284371544,0.14130960284107905,0.14130960284637253,0.1413096028547766,0.14130960284637253,0.14130960284107905,0.14130960283853147,0.14130960284107905,0.14130960284371544,0.14130960284107905,0.14130960283853147,0.1402117468913744,0.140211746893669,0.14021174689589058,0.140211746893669,0.1402117468913744,0.140211746893669,0.14021174689808832,0.14021174690451038,0.14021174689808832,0.140211746893669,0.14021174689589058,0.14021174690451038,0.1402117469302083,0.14021174690451038,0.14021174689589058,0.140211746893669,0.14021174689808832,0.14021174690451038,0.14021174689808832,0.140211746893669,0.1402117468913744,0.140211746893669,0.14021174689589058,0.140211746893669,0.1402117468913744,0.13913530721391346,0.1391353072162045,0.13913530721818312,0.1391353072162045,0.13913530721391346,0.1391353072162045,0.1391353072200936,0.13913530722428685,0.13913530722009343,0.1391353072162045,0.13913530721818312,0.13913530722428685,0.13913530723314904,0.13913530722428685,0.13913530721818312,0.1391353072162045,0.13913530722009343,0.13913530722428685,0.13913530722009343,0.1391353072162045,0.13913530721391346,0.1391353072162045,0.13913530721818312,0.1391353072162045,0.13913530721391346,0.13807980372239947,0.13807980372572654,0.13807980372893697,0.13807980372572654,0.13807980372239947,0.13807980372572654,0.1380798037321454,0.13807980374052478,0.1380798037321454,0.13807980372572654,0.13807980372893697,0.13807980374052478,0.13807980376314702,0.13807980374052478,0.13807980372893697,0.13807980372572654,0.1380798037321454,0.13807980374052478,0.1380798037321454,0.13807980372572654,0.13807980372239947,0.13807980372572654,0.13807980372893697,0.13807980372572654,0.13807980372239947,0.13704476580976419,0.13704476581450553,0.13704476582013694,0.13704476581450553,0.13704476580976419,0.13704476581450553,0.13704476582594732,0.13704476584852404,0.13704476582594732,0.13704476581450553,0.13704476582013694,0.13704476584852404,0.13704476597257134,0.13704476584852404,0.13704476582013694,0.13704476581450553,0.13704476582594732,0.13704476584852404,0.13704476582594732,0.13704476581450553,0.13704476580976419,0.13704476581450553,0.13704476582013694,0.13704476581450553,0.13704476580976419,0.13602973237871596,0.13602973238195112,0.13602973238509117,0.13602973238195112,0.13602973237871596,0.13602973238195112,0.13602973238822907,0.13602973239655403,0.13602973238822907,0.13602973238195112,0.13602973238509117,0.13602973239655403,0.13602973241952296,0.13602973239655403,0.13602973238509117,0.13602973238195112,0.13602973238822907,0.13602973239655403,0.13602973238822907,0.13602973238195112,0.13602973237871596,0.13602973238195112,0.13602973238509117,0.13602973238195112,0.13602973237871596,0.13503425185421142,0.13503425185622192,0.13503425185787457,0.13503425185622192,0.13503425185421142,0.13503425185622192,0.13503425185943826,0.13503425186261167,0.13503425185943843,0.13503425185622192,0.13503425185787457,0.13503425186261167,0.1350342518683584,0.13503425186261167,0.1350342518578747,0.13503425185622192,0.13503425185943843,0.13503425186261167,0.13503425185943843,0.13503425185622192,0.13503425185421142,0.13503425185622192,0.1350342518578747,0.13503425185622192,0.13503425185421142
0.16533248785823995,0.1653324878582397,0.16533248785823948,0.1653324878582397,0.16533248785823995,0.1653324878582397,0.16533248785823926,0.165332487858239,0.16533248785823926,0.1653324878582397,0.16533248785823948,0.165332487858239,0.16533248785823876,0.165332487858239,0.16533248785823948,0.1653324878582397,0.16533248785823926,0.165332487858239,0.16533248785823926,0.1653324878582397,0.16533248785823995,0.1653324878582397,0.16533248785823948,0.1653324878582397,0.16533248785823995,0.16375749413799515,0.16375749413799445,0.16375749413799376,0.16375749413799445,0.16375749413799515,0.16375749413799445,0.1637574941379935,0.16375749413799304,0.1637574941379935,0.16375749413799445,0.16375749413799376,0.16375749413799304,0.16375749413799237,0.16375749413799304,0.16375749413799376,0.16375749413799445,0.1637574941379935,0.16375749413799304,0.1637574941379935,0.16375749413799445,0.16375749413799515,0.16375749413799445,0.16375749413799376,0.16375749413799445,0.16375749413799515,0.16221388434967599,0.1622138843496737,0.16221388434967213,0.1622138843496737,0.16221388434967599,0.1622138843496737,0.162213884349671,0.1622138843496694,0.162213884349671,0.1622138843496737,0.16221388434967213,0.1622138843496694,0.16221388434966783,0.1622138843496694,0.16221388434967213,0.1622138843496737,0.162213884349671,0.1622138843496694,0.162213884349671,0.1622138843496737,0.16221388434967599,0.1622138843496737,0.16221388434967213,0.1622138843496737,0.16221388434967599,0.16070106745032597,0.16070106745031884,0.16070106745031443,0.16070106745031884,0.16070106745032622,0.16070106745031884,0.1607010674503111,0.16070106745030596,0.1607010674503111,0.16070106745031884,0.16070106745031443,0.16070106745030596,0.1607010674503004,0.16070106745030596,0.16070106745031443,0.16070106745031884,0.1607010674503111,0.16070106745030596,0.1607010674503111,0.16070106745031884,0.16070106745032622,0.16070106745031884,0.16070106745031443,0.16070106745031884,0.16070106745032622,0.15921845181493344,0.15921845181491212,0.1592184518148982,0.15921845181491212,0.15921845181493344,0.15921845181491212,0.1592184518148875,0.15921845181487118,0.1592184518148875,0.15921845181491212,0.1592184518148982,0.15921845181487118,0.1592184518148531,0.15921845181487118,0.1592184518148982,0.15921845181491212,0.1592184518148875,0.15921845181487118,0.1592184518148875,0.15921845181491212,0.15921845181493344,0.15921845181491212,0.1592184518148982,0.15921845181491212,0.15921845181493344,0.1577654465882942,0.1577654465882317,0.15776544658819008,0.1577654465882317,0.1577654465882942,0.1577654465882317,0.15776544658815617,0.15776544658810387,0.15776544658815617,0.1577654465882317,0.15776544658819008,0.15776544658810387,0.15776544658804287,0.15776544658810387,0.15776544658819008,0.1577654465882317,0.15776544658815617,0.15776544658810387,0.15776544658815617,0.1577654465882317,0.1577654465882942,0.1577654465882317,0.15776544658819008,0.1577654465882317,0.1577654465882942,0.15634146289937353,0.1563414628991956,0.15634146289907178,0.1563414628991956,0.15634146289937353,0.1563414628991956,0.1563414628989664,0.15634146289879552,0.1563414628989664,0.1563414628991956,0.15634146289907178,0.15634146289879552,0.15634146289857892,0.15634146289879552,0.15634146289907178,0.1563414628991956,0.1563414628989664,0.15634146289879552,0.1563414628989664,0.1563414628991956,0.15634146289937353,0.1563414628991956,0.15634146289907178,0.1563414628991956,0.15634146289937353,0.1549459149484624,0.15494591494798063,0.15494591494762117,0.15494591494798063,0.1549459149484624,0.15494591494798063,0.1549459149472982,0.1549459149467283,0.1549459149472982,0.15494591494798063,0.15494591494762117,0.1549459149467283,0.15494591494589752,0.1549459149467283,0.15494591494762117,0.15494591494798063,0.1549459149472982,0.1549459149467283,0.1549459149472982,0.15494591494798063,0.1549459149484624,0.15494591494798063,0.15494591494762117,0.15494591494798063,0.1549459149484624,0.15357822097692558,0.1535782209757155,0.1535782209747171,0.1535782209757155,0.15357822097692558,0.1535782209757155,0.15357822097377133,0.15357822097183801,0.15357822097377133,0.1535782209757155,0.1535782209747171,0.15357822097183801,0.15357822096830398,0.15357822097183801,0.1535782209747171,0.1535782209757155,0.15357822097377133,0.15357822097183801,0.15357822097377133,0.1535782209757155,0.15357822097692558,0.1535782209757155,0.1535782209747171,0.1535782209757155,0.15357822097692558,0.15223780412879304,0.15223780412613133,0.15223780412360158,0.15223780412613133,0.15223780412879304,0.15223780412613133,0.15223780412108776,0.15223780411464105,0.15223780412108776,0.15223780412613133,0.15223780412360158,0.15223780411464105,0.15223780409765245,0.15223780411464105,0.15223780412360158,0.15223780412613133,0.15223780412108776,0.15223780411464105,0.15223780412108776,0.15223780412613133,0.15223780412879304,0.15223780412613133,0.15223780412360158,0.15223780412613133,0.15223780412879304,0.15092409321270459,0.15092409320814051,0.1509240932030073,0.15092409320814051,0.15092409321270459,0.15092409320814051,0.15092409319774097,0.15092409317905725,0.15092409319774097,0.15092409320814051,0.1509240932030073,0.15092409317905725,0.15092409308657181,0.15092409317905725,0.1509240932030073,0.15092409320814051,0.15092409319774097,0.15092409317905725,0.15092409319774097,0.15092409320814051,0.15092409321270459,0.15092409320814051,0.1509240932030073,0.15092409320814051,0.15092409321270459,0.14963652337095165,0.14963652336635883,0.14963652336139216,0.14963652336635883,0.14963652337095165,0.14963652336635883,0.14963652335631505,0.1496365233397445,0.14963652335631505,0.14963652336635883,0.14963652336139216,0.1496365233397445,0.14963652326833643,0.1496365233397445,0.14963652336139216,0.14963652336635883,0.14963652335631505,0.1496365233397445,0.14963652335631505,0.14963652336635883,0.14963652337095165,0.14963652336635883,0.14963652336139216,0.14963652336635883,0.14963652337095165,0.14837453666011002,0.14837453665676,0.148374536653301,0.14837453665676,0.14837453666011002,0.14837453665676,0.14837453664979847,0.14837453663907102,0.14837453664979847,0.14837453665676,0.148374536653301,0.14837453663907102,0.14837453659591823,0.14837453663907102,0.148374536653301,0.14837453665676,0.14837453664979847,0.14837453663907102,0.14837453664979847,0.14837453665676,0.14837453666011002,0.14837453665676,0.148374536653301,0.14837453665676,0.14837453666011002,0.14713758256056833,0.14713758255885895,0.1471375825571766,0.14713758255885895,0.14713758256056833,0.14713758255885895,0.14713758255549647,0.14713758255063134,0.14713758255549647,0.14713758255885895,0.1471375825571766,0.14713758255063134,0.1471375825321074,0.14713758255063134,0.1471375825571766,0.14713758255885895,0.14713758255549647,0.14713758255063134,0.14713758255549647,0.14713758255885895,0.14713758256056833,0.14713758255885895,0.1471375825571766,0.14713758255885895,0.14713758256056833,0.1459251184161246,0.14592511841599104,0.14592511841594938,0.14592511841599104,0.1459251184161246,0.14592511841599104,0.14592511841593406,0.14592511841623765,0.14592511841593406,0.14592511841599104,0.14592511841594938,0.14592511841623765,0.14592511841898215,0.14592511841623765,0.14592511841594938,0.14592511841599104,0.14592511841593406,0.14592511841623765,0.14592511841593406,0.14592511841599104,0.1459251184161246,0.14592511841599104,0.14592511841594938,0.14592511841599104,0.1459251184161246,0.14473660980838327,0.14473660980953426,0.14473660981080744,0.14473660980953426,0.14473660980838327,0.14473660980953426,0.14473660981211828,0.14473660981648814,0.14473660981211828,0.14473660980953426,0.14473660981080744,0.14473660981648814,0.14473660983588293,0.14473660981648814,0.14473660981080744,0.14473660980953426,0.14473660981211828,0.14473660981648814,0.14473660981211828,0.14473660980953426,0.14473660980838327,0.14473660980953426,0.14473660981080744,0.14473660980953426,0.14473660980838327,0.14357153087199317,0.14357153087402924,0.14357153087619245,0.14357153087402924,0.14357153087199317,0.14357153087402924,0.1435715308783962,0.1435715308854389,0.1435715308783962,0.14357153087402924,0.14357153087619245,0.1435715308854389,0.1435715309153631,0.1435715308854389,0.14357153087619245,0.14357153087402924,0.1435715308783962,0.1435715308854389,0.1435715308783962,0.14357153087402924,0.14357153087199317,0.14357153087402924,0.14357153087619245,0.14357153087402924,0.14357153087199317,0.14242936455625477,0.14242936455875357,0.14242936456137975,0.14242936455875357,0.14242936455625477,0.14242936455875357,0.14242936456404365,0.14242936457250824,0.14242936456404365,0.14242936455875357,0.14242936456137975,0.14242936457250824,0.14242936460843017,0.14242936457250824,0.14242936456137975,0.14242936455875357,0.14242936456404365,0.14242936457250824,0.14242936456404365,0.14242936455875357,0.14242936455625477,0.14242936455875357,0.14242936456137975,0.14242936455875357,0.14242936455625477,0.14130960283805585,0.14130960284059124,0.1413096028432143,0.14130960284059124,0.14130960283805585,0.14130960284059124,0.1413096028458576,0.14130960285421476,0.1413096028458576,0.14130960284059124,0.1413096028432143,0.14130960285421476,0.14130960288991878,0.14130960285421476,0.1413096028432143,0.14130960284059124,0.1413096028458576,0.14130960285421476,0.1413096028458576,0.14130960284059124,0.14130960283805585,0.14130960284059124,0.1413096028432143,0.14130960284059124,0.14130960283805585,0.14021174689079985,0.1402117468930819,0.14021174689528962,0.1402117468930819,0.14021174689079985,0.1402117468930819,0.1402117468974733,0.14021174690384794,0.1402117468974733,0.1402117468930819,0.14021174689528962,0.14021174690384794,0.14021174692931607,0.14021174690384794,0.14021174689528962,0.1402117468930819,0.1402117468974733,0.14021174690384794,0.1402117468974733,0.1402117468930819,0.14021174689079985,0.1402117468930819,0.14021174689528962,0.1402117468930819,0.14021174689079985,0.1391353072132649,0.13913530721554598,0.1391353072175157,0.13913530721554598,0.1391353072132649,0.13913530721554598,0.13913530721941716,0.1391353072235896,0.13913530721941716,0.13913530721554598,0.1391353072175157,0.1391353072235896,0.13913530723240197,0.1391353072235896,0.1391353072175157,0.13913530721554598,0.13913530721941716,0.1391353072235896,0.13913530721941716,0.13913530721554598,0.1391353072132649,0.13913530721554598,0.1391353072175157,0.13913530721554598,0.1391353072132649,0.13807980372169576,0.13807980372501286,0.13807980372821416,0.13807980372501286,0.13807980372169576,0.13807980372501286,0.1380798037314133,0.13807980373976955,0.1380798037314133,0.13807980372501286,0.13807980372821416,0.13807980373976955,0.13807980376233212,0.13807980373976939,0.13807980372821416,0.13807980372501286,0.1380798037314133,0.13807980373976939,0.1380798037314133,0.13807980372501286,0.13807980372169576,0.13807980372501286,0.13807980372821416,0.13807980372501286,0.13807980372169576,0.13704476580902494,0.13704476581375413,0.13704476581937158,0.13704476581375413,0.13704476580902494,0.13704476581375413,0.13704476582516764,0.13704476584768993,0.13704476582516764,0.13704476581375413,0.13704476581937158,0.13704476584768993,0.1370447659714537,0.13704476584768993,0.13704476581937158,0.13704476581375413,0.13704476582516764,0.13704476584768993,0.13704476582516764,0.13704476581375413,0.13704476580902494,0.13704476581375413,0.13704476581937158,0.13704476581375413,0.13704476580902494,0.1360297323779652,0.13602973238119248,0.13602973238432475,0.13602973238119248,0.1360297323779652,0.13602973238119248,0.13602973238745508,0.13602973239575988,0.13602973238745508,0.13602973238119248,0.13602973238432475,0.13602973239575988,0.13602973241867408,0.13602973239575988,0.13602973238432475,0.13602973238119248,0.13602973238745508,0.13602973239575988,0.13602973238745508,0.13602973238119248,0.1360297323779652,0.13602973238119248,0.13602973238432475,0.13602973238119248,0.1360297323779652,0.1350342518534653,0.13503425185547083,0.1350342518571195,0.13503425185547083,0.1350342518534653,0.13503425185547083,0.13503425185867945,0.13503425186184506,0.13503425185867945,0.13503425185547083,0.1350342518571195,0.13503425186184506,0.1350342518675781,0.13503425186184506,0.1350342518571195,0.13503425185547083,0.13503425185867945,0.13503425186184506,0.13503425185867945,0.13503425185547083,0.1350342518534653,0.13503425185547083,0.1350342518571195,0.13503425185547083,0.1350342518534653
0.16533248785870316,0.16533248785870297,0.16533248785870272,0.16533248785870297,0.16533248785870316,0.16533248785870297,0.1653324878587025,0.1653324878587025,0.1653324878587025,0.16533248785870297,0.16533248785870272,0.1653324878587025,0.16533248785870228,0.16533248785870228,0.16533248785870272,0.16533248785870297,0.1653324878587025,0.16533248785870228,0.1653324878587025,0.16533248785870297,0.16533248785870316,0.16533248785870297,0.16533248785870272,0.16533248785870297,0.16533248785870316,0.16375749413844917,0.16375749413844845,0.16375749413844778,0.16375749413844845,0.16375749413844917,0.16375749413844845,0.16375749413844753,0.16375749413844706,0.16375749413844753,0.16375749413844845,0.16375749413844778,0.16375749413844706,0.16375749413844637,0.16375749413844706,0.16375749413844778,0.16375749413844845,0.16375749413844753,0.16375749413844706,0.16375749413844753,0.16375749413844845,0.16375749413844917,0.16375749413844845,0.16375749413844778,0.16375749413844845,0.16375749413844917,0.16221388435012093,0.16221388435011844,0.16221388435011708,0.16221388435011844,0.16221388435012093,0.16221388435011844,0.16221388435011594,0.16221388435011436,0.16221388435011594,0.16221388435011844,0.16221388435011708,0.16221388435011436,0.16221388435011277,0.16221388435011436,0.16221388435011708,0.16221388435011844,0.16221388435011594,0.16221388435011436,0.16221388435011594,0.16221388435011844,0.16221388435012093,0.16221388435011844,0.16221388435011708,0.16221388435011844,0.16221388435012093,0.16070106745076185,0.16070106745075471,0.1607010674507503,0.16070106745075471,0.16070106745076207,0.16070106745075471,0.16070106745074697,0.16070106745074186,0.16070106745074697,0.16070106745075471,0.1607010674507503,0.16070106745074186,0.16070106745073628,0.16070106745074186,0.1607010674507503,0.16070106745075471,0.16070106745074697,0.16070106745074186,0.16070106745074697,0.16070106745075471,0.16070106745076207,0.16070106745075471,0.1607010674507503,0.16070106745075471,0.16070106745076207,0.15921845181536037,0.15921845181533906,0.15921845181532512,0.15921845181533906,0.15921845181536037,0.15921845181533906,0.15921845181531466,0.15921845181529812,0.15921845181531466,0.15921845181533906,0.15921845181532512,0.15921845181529812,0.15921845181528027,0.15921845181529812,0.15921845181532512,0.15921845181533906,0.15921845181531466,0.15921845181529812,0.15921845181531466,0.15921845181533906,0.15921845181536037,0.15921845181533906,0.15921845181532512,0.15921845181533906,0.15921845181536037,0.1577654465887124,0.1577654465886499,0.1577654465886083,0.1577654465886499,0.1577654465887124,0.1577654465886499,0.15776544658857458,0.1577654465885223,0.15776544658857458,0.1577654465886499,0.1577654465886083,0.1577654465885223,0.15776544658846148,0.1577654465885223,0.1577654465886083,0.1577654465886499,0.15776544658857458,0.1577654465885223,0.15776544658857458,0.1577654465886499,0.1577654465887124,0.1577654465886499,0.1577654465886083,0.1577654465886499,0.1577654465887124,0.1563414628997825,0.156341462899605,0.15634146289948142,0.156341462899605,0.1563414628997825,0.156341462899605,0.15634146289937623,0.1563414628992056,0.15634146289937623,0.156341462899605,0.15634146289948142,0.1563414628992056,0.15634146289898937,0.1563414628992056,0.15634146289948142,0.156341462899605,0.15634146289937623,0.1563414628992056,0.15634146289937623,0.156341462899605,0.1563414628997825,0.156341462899605,0.15634146289948142,0.156341462899605,0.1563414628997825,0.15494591494886203,0.15494591494838106,0.15494591494802246,0.15494591494838106,0.15494591494886203,0.15494591494838106,0.15494591494769988,0.15494591494713097,0.15494591494769988,0.15494591494838106,0.15494591494802246,0.15494591494713097,0.15494591494630183,0.15494591494713097,0.15494591494802246,0.15494591494838106,0.15494591494769988,0.15494591494713097,0.15494591494769988,0.15494591494838106,0.15494591494886203,0.15494591494838106,0.15494591494802246,0.15494591494838106,0.15494591494886203,0.1535782209773138,0.15357822097610613,0.15357822097510937,0.15357822097610613,0.1535782209773138,0.15357822097610613,0.1535782209741656,0.1535782209722357,0.1535782209741656,0.15357822097610613,0.15357822097510937,0.1535782209722357,0.15357822096870807,0.1535782209722357,0.15357822097510937,0.15357822097610613,0.1535782209741656,0.1535782209722357,0.1535782209741656,0.15357822097610613,0.1535782209773138,0.15357822097610613,0.15357822097510937,0.15357822097610613,0.1535782209773138,0.15223780412916546,0.1522378041265087,0.15223780412398363,0.1522378041265087,0.15223780412916546,0.1522378041265087,0.15223780412147453,0.15223780411503987,0.15223780412147453,0.1522378041265087,0.15223780412398363,0.15223780411503987,0.15223780409808194,0.15223780411503987,0.15223780412398363,0.1522378041265087,0.15223780412147453,0.15223780411503987,0.15223780412147453,0.1522378041265087,0.15223780412916546,0.1522378041265087,0.15223780412398363,0.1522378041265087,0.15223780412916546,0.1509240932130505,0.15092409320849529,0.1509240932033721,0.15092409320849529,0.1509240932130505,0.15092409320849529,0.15092409319811562,0.15092409317946626,0.15092409319811562,0.15092409320849529,0.1509240932033721,0.15092409317946626,0.15092409308712743,0.15092409317946626,0.1509240932033721,0.15092409320849529,0.15092409319811562,0.15092409317946626,0.15092409319811562,0.15092409320849529,0.1509240932130505,0.15092409320849529,0.1509240932033721,0.15092409320849529,0.1509240932130505,0.1496365233712527,0.14963652336666983,0.1496365233617136,0.14963652336666983,0.1496365233712527,0.14963652336666983,0.1496365233566471,0.14963652334010924,0.1496365233566471,0.14963652336666983,0.1496365233617136,0.14963652334010924,0.1496365232688305,0.14963652334010924,0.1496365233617136,0.14963652336666983,0.1496365233566471,0.14963652334010924,0.1496365233566471,0.14963652336666983,0.1496365233712527,0.14963652336666983,0.1496365233617136,0.14963652336666983,0.1496365233712527,0.14837453666034503,0.14837453665700465,0.14837453665355546,0.14837453665700465,0.14837453666034503,0.14837453665700465,0.14837453665006292,0.14837453663936495,0.14837453665006292,0.14837453665700465,0.14837453665355546,0.14837453663936495,0.14837453659631356,0.14837453663936495,0.14837453665355546,0.14837453665700465,0.14837453665006292,0.14837453663936495,0.14837453665006292,0.14837453665700465,0.14837453666034503,0.14837453665700465,0.14837453665355546,0.14837453665700465,0.14837453666034503,0.14713758256071638,0.14713758255901607,0.14713758255734322,0.14713758255901607,0.14713758256071638,0.14713758255901607,0.1471375825556725,0.14713758255083642,0.1471375825556725,0.14713758255901607,0.14713758255734322,0.14713758255083642,0.14713758253240006,0.14713758255083642,0.14713758255734322,0.14713758255901607,0.1471375825556725,0.14713758255083642,0.1471375825556725,0.14713758255901607,0.14713758256071638,0.14713758255901607,0.14713758255734322,0.14713758255901607,0.14713758256071638,0.1459251184161657,0.14592511841603967,0.14592511841600617,0.14592511841603967,0.1459251184161657,0.14592511841603967,0.14592511841599942,0.14592511841633096,0.14592511841599942,0.14592511841603967,0.14592511841600617,0.14592511841633096,0.14592511841922398,0.14592511841633096,0.14592511841600617,0.14592511841603967,0.14592511841599942,0.14592511841633096,0.14592511841599926,0.14592511841603967,0.1459251184161657,0.14592511841603967,0.14592511841600617,0.14592511841603967,0.1459251184161657,0.14473660980830036,0.14473660980945519,0.14473660981073255,0.14473660980945519,0.14473660980830036,0.14473660980945519,0.14473660981204794,0.14473660981643283,0.14473660981204794,0.14473660980945519,0.14473660981073255,0.14473660981643283,0.14473660983589198,0.14473660981643283,0.14473660981073255,0.14473660980945519,0.14473660981204794,0.14473660981643283,0.14473660981204794,0.14473660980945519,0.14473660980830036,0.14473660980945519,0.14473660981073255,0.14473660980945519,0.14473660980830036,0.14357153087177657,0.14357153087381125,0.14357153087597307,0.14357153087381125,0.14357153087177657,0.14357153087381125,0.14357153087817548,0.1435715308852137,0.14357153087817548,0.14357153087381125,0.14357153087597307,0.1435715308852137,0.14357153091511174,0.1435715308852137,0.14357153087597307,0.14357153087381125,0.14357153087817548,0.1435715308852137,0.14357153087817548,0.14357153087381125,0.14357153087177657,0.14357153087381125,0.14357153087597307,0.14357153087381125,0.14357153087177657,0.14242936455590552,0.14242936455839744,0.14242936456101657,0.14242936455839744,0.14242936455590552,0.14242936455839744,0.14242936456367342,0.14242936457211738,0.14242936456367342,0.14242936455839744,0.14242936456101657,0.14242936457211738,0.14242936460796765,0.14242936457211738,0.14242936456101657,0.14242936455839744,0.14242936456367342,0.14242936457211738,0.14242936456367342,0.14242936455839744,0.14242936455590552,0.14242936455839744,0.14242936456101657,0.14242936455839744,0.14242936455590552,0.14130960283758628,0.14130960284010985,0.1413096028427196,0.14130960284010985,0.14130960283758628,0.14130960284010985,0.14130960284534957,0.14130960285366018,0.14130960284534957,0.14130960284010985,0.1413096028427196,0.14130960285366018,0.1413096028891389,0.14130960285366018,0.1413096028427196,0.14130960284010985,0.14130960284534957,0.14130960285366018,0.14130960284534957,0.14130960284010985,0.14130960283758628,0.14130960284010985,0.1413096028427196,0.14130960284010985,0.14130960283758628,0.14021174689023272,0.1402117468925022,0.14021174689469634,0.1402117468925022,0.14021174689023272,0.1402117468925022,0.14021174689686616,0.1402117469031939,0.14021174689686616,0.1402117468925022,0.14021174689469634,0.1402117469031939,0.1402117469284482,0.1402117469031939,0.14021174689469634,0.1402117468925022,0.14021174689686616,0.1402117469031939,0.14021174689686616,0.1402117468925022,0.14021174689023272,0.1402117468925022,0.14021174689469634,0.1402117468925022,0.14021174689023272,0.13913530721262454,0.13913530721489598,0.1391353072168567,0.13913530721489598,0.13913530721262454,0.13913530721489598,0.13913530721874945,0.13913530722290116,0.13913530721874945,0.13913530721489598,0.1391353072168567,0.13913530722290116,0.13913530723166423,0.13913530722290116,0.1391353072168567,0.13913530721489598,0.13913530721874945,0.13913530722290116,0.13913530721874945,0.13913530721489598,0.13913530721262454,0.13913530721489598,0.1391353072168567,0.13913530721489598,0.13913530721262454,0.138079803721001,0.13807980372430836,0.13807980372750034,0.13807980372430836,0.138079803721001,0.13807980372430836,0.13807980373069048,0.1380798037390238,0.13807980373069048,0.13807980372430836,0.13807980372750034,0.1380798037390238,0.1380798037615276,0.1380798037390238,0.13807980372750034,0.13807980372430836,0.13807980373069048,0.1380798037390238,0.13807980373069048,0.13807980372430836,0.138079803721001,0.13807980372430836,0.13807980372750034,0.13807980372430836,0.138079803721001,0.13704476580829517,0.1370447658130125,0.1370447658186161,0.13704476581301234,0.13704476580829517,0.1370447658130125,0.13704476582439803,0.13704476584686634,0.13704476582439803,0.13704476581301234,0.1370447658186161,0.13704476584686634,0.13704476597032925,0.13704476584686634,0.1370447658186161,0.13704476581301234,0.13704476582439803,0.13704476584686634,0.13704476582439803,0.13704476581301234,0.13704476580829517,0.13704476581301234,0.1370447658186161,0.13704476581301234,0.13704476580829517,0.13602973237722416,0.13602973238044352,0.1360297323835682,0.13602973238044352,0.13602973237722416,0.13602973238044352,0.13602973238669092,0.136029732394976,0.13602973238669092,0.13602973238044352,0.1360297323835682,0.136029732394976,0.13602973241783595,0.136029732394976,0.1360297323835682,0.13602973238044352,0.13602973238669092,0.136029732394976,0.13602973238669092,0.13602973238044352,0.13602973237722416,0.13602973238044352,0.1360297323835682,0.13602973238044352,0.13602973237722416,0.13503425185272855,0.13503425185472923,0.135034251856374,0.13503425185472923,0.13503425185272855,0.13503425185472923,0.13503425185793014,0.1350342518610883,0.13503425185793028,0.13503425185472923,0.135034251856374,0.1350342518610883,0.1350342518668077,0.1350342518610883,0.135034251856374,0.13503425185472923,0.13503425185793028,0.1350342518610883,0.13503425185793028,0.1350342518547294,0.13503425185272855,0.13503425185472923,0.135034251856374,0.1350342518547294,0.13503425185272855
0.16533248785916077,0.16533248785916027,0.16533248785916027,0.16533248785916027,0.16533248785916077,0.16533248785916027,0.16533248785916005,0.16533248785915983,0.16533248785916005,0.16533248785916027,0.16533248785916027,0.16533248785915983,0.1653324878591596,0.16533248785915983,0.16533248785916027,0.16533248785916027,0.16533248785916005,0.16533248785915983,0.16533248785916005,0.16533248785916027,0.16533248785916077,0.16533248785916027,0.16533248785916027,0.16533248785916027,0.16533248785916077,0.1637574941388974,0.16375749413889673,0.16375749413889623,0.16375749413889673,0.1637574941388974,0.16375749413889673,0.1637574941388958,0.16375749413889532,0.1637574941388958,0.16375749413889673,0.16375749413889623,0.16375749413889532,0.16375749413889487,0.16375749413889532,0.16375749413889623,0.16375749413889673,0.1637574941388958,0.16375749413889532,0.1637574941388958,0.16375749413889673,0.1637574941388974,0.16375749413889673,0.16375749413889623,0.16375749413889673,0.1637574941388974,0.16221388435056025,0.16221388435055775,0.16221388435055636,0.16221388435055775,0.16221388435056025,0.16221388435055775,0.16221388435055528,0.16221388435055367,0.16221388435055528,0.16221388435055775,0.16221388435055636,0.16221388435055367,0.16221388435055206,0.16221388435055367,0.16221388435055636,0.16221388435055775,0.16221388435055528,0.16221388435055367,0.16221388435055528,0.16221388435055775,0.16221388435056025,0.16221388435055775,0.16221388435055636,0.16221388435055775,0.16221388435056025,0.1607010674511924,0.16070106745118526,0.1607010674511806,0.16070106745118526,0.1607010674511924,0.16070106745118526,0.1607010674511775,0.16070106745117238,0.1607010674511775,0.16070106745118526,0.1607010674511806,0.16070106745117238,0.16070106745116686,0.16070106745117238,0.1607010674511806,0.16070106745118526,0.1607010674511775,0.16070106745117238,0.1607010674511775,0.16070106745118526,0.1607010674511924,0.16070106745118526,0.1607010674511806,0.16070106745118526,0.1607010674511924,0.15921845181578187,0.15921845181576055,0.15921845181574684,0.15921845181576055,0.15921845181578187,0.15921845181576055,0.15921845181573616,0.15921845181571984,0.15921845181573616,0.15921845181576055,0.15921845181574684,0.15921845181571984,0.159218451815702,0.15921845181571984,0.15921845181574684,0.15921845181576055,0.15921845181573616,0.15921845181571984,0.15921845181573616,0.15921845181576055,0.15921845181578187,0.15921845181576055,0.15921845181574684,0.15921845181576055,0.15921845181578187,0.15776544658912506,0.15776544658906277,0.15776544658902114,0.15776544658906277,0.15776544658912506,0.15776544658906277,0.15776544658898767,0.15776544658893538,0.15776544658898767,0.15776544658906277,0.15776544658902114,0.15776544658893538,0.15776544658887479,0.15776544658893538,0.15776544658902114,0.15776544658906277,0.15776544658898767,0.15776544658893538,0.15776544658898767,0.15776544658906277,0.15776544658912506,0.15776544658906277,0.15776544658902114,0.15776544658906277,0.15776544658912506,0.15634146290018652,0.15634146290000941,0.15634146289988604,0.15634146290000941,0.15634146290018652,0.15634146290000941,0.15634146289978085,0.15634146289961065,0.15634146289978085,0.15634146290000941,0.15634146289988604,0.15634146289961065,0.15634146289939485,0.15634146289961065,0.15634146289988604,0.15634146290000941,0.15634146289978085,0.15634146289961065,0.15634146289978085,0.15634146290000941,0.15634146290018652,0.15634146290000941,0.15634146289988604,0.15634146290000941,0.15634146290018652,0.15494591494925655,0.15494591494877638,0.15494591494841836,0.15494591494877638,0.15494591494925655,0.15494591494877638,0.15494591494809662,0.15494591494752877,0.15494591494809662,0.15494591494877638,0.15494591494841836,0.15494591494752877,0.154945914946701,0.15494591494752877,0.15494591494841836,0.15494591494877638,0.15494591494809662,0.15494591494752877,0.15494591494809662,0.15494591494877638,0.15494591494925655,0.15494591494877638,0.15494591494841836,0.15494591494877638,0.15494591494925655,0.15357822097769702,0.15357822097649176,0.15357822097549678,0.15357822097649176,0.15357822097769702,0.15357822097649176,0.15357822097455462,0.15357822097262833,0.15357822097455462,0.15357822097649176,0.15357822097549678,0.15357822097262833,0.15357822096910717,0.15357822097262833,0.15357822097549678,0.15357822097649176,0.15357822097455462,0.15357822097262833,0.15357822097455462,0.15357822097649176,0.15357822097769702,0.15357822097649176,0.15357822097549678,0.15357822097649176,0.15357822097769702,0.15223780412953314,0.15223780412688134,0.15223780412436097,0.15223780412688134,0.15223780412953314,0.15223780412688134,0.15223780412185642,0.15223780411543353,0.15223780412185642,0.15223780412688134,0.15223780412436097,0.15223780411543353,0.15223780409850635,0.15223780411543353,0.15223780412436097,0.15223780412688134,0.15223780412185642,0.15223780411543353,0.15223780412185642,0.15223780412688134,0.15223780412953314,0.15223780412688134,0.15223780412436097,0.15223780412688134,0.15223780412953314,0.15092409321339217,0.1509240932088458,0.1509240932037321,0.1509240932088458,0.15092409321339217,0.1509240932088458,0.15092409319848546,0.1509240931798702,0.15092409319848546,0.1509240932088458,0.1509240932037321,0.1509240931798702,0.15092409308773144,0.1509240931798702,0.1509240932037321,0.1509240932088458,0.15092409319848546,0.1509240931798702,0.15092409319848546,0.1509240932088458,0.15092409321339217,0.1509240932088458,0.1509240932037321,0.1509240932088458,0.15092409321339217,0.14963652337154973,0.14963652336697691,0.14963652336203087,0.14963652336697691,0.14963652337154973,0.14963652336697691,0.14963652335697478,0.14963652334046926,0.14963652335697478,0.14963652336697691,0.14963652336203087,0.14963652334046926,0.1496365232692919,0.14963652334046926,0.14963652336203087,0.14963652336697691,0.14963652335697478,0.14963652334046926,0.14963652335697478,0.14963652336697691,0.14963652337154973,0.14963652336697691,0.14963652336203087,0.14963652336697691,0.14963652337154973,0.14837453666057687,0.14837453665724612,0.1483745366538066,0.14837453665724612,0.14837453666057687,0.14837453665724612,0.14837453665032369,0.1483745366396548,0.14837453665032369,0.14837453665724612,0.1483745366538066,0.1483745366396548,0.14837453659671387,0.1483745366396548,0.1483745366538066,0.14837453665724612,0.14837453665032369,0.1483745366396548,0.14837453665032369,0.14837453665724612,0.14837453666057687,0.14837453665724612,0.1483745366538066,0.14837453665724612,0.14837453666057687,0.14713758256086226,0.14713758255917084,0.14713758255750722,0.14713758255917084,0.14713758256086226,0.14713758255917084,0.1471375825558458,0.14713758255103845,0.1471375825558458,0.14713758255917084,0.14713758255750722,0.14713758255103845,0.14713758253277154,0.14713758255103845,0.14713758255750722,0.14713758255917084,0.1471375825558458,0.14713758255103845,0.1471375825558458,0.14713758255917084,0.14713758256086226,0.14713758255917084,0.14713758255750722,0.14713758255917084,0.14713758256086226,0.14592511841620612,0.14592511841608755,0.1459251184160621,0.14592511841608755,0.14592511841620612,0.14592511841608755,0.14592511841606332,0.1459251184164223,0.14592511841606332,0.14592511841608755,0.1459251184160621,0.1459251184164223,0.14592511841941022,0.1459251184164223,0.1459251184160621,0.14592511841608755,0.14592511841606332,0.1459251184164223,0.14592511841606332,0.14592511841608755,0.14592511841620612,0.14592511841608755,0.1459251184160621,0.14592511841608755,0.14592511841620612,0.14473660980821834,0.144736609809377,0.14473660981065872,0.144736609809377,0.14473660980821834,0.144736609809377,0.1447366098119783,0.14473660981637818,0.1447366098119783,0.144736609809377,0.14473660981065872,0.14473660981637818,0.1447366098359026,0.14473660981637818,0.14473660981065872,0.144736609809377,0.1447366098119783,0.14473660981637818,0.1447366098119783,0.144736609809377,0.14473660980821834,0.144736609809377,0.14473660981065872,0.144736609809377,0.14473660980821834,0.14357153087156263,0.14357153087359598,0.14357153087575644,0.14357153087359598,0.14357153087156263,0.14357153087359598,0.1435715308779575,0.14357153088499178,0.1435715308779575,0.14357153087359598,0.14357153087575644,0.14357153088499178,0.1435715309148852,0.14357153088499178,0.14357153087575644,0.14357153087359598,0.1435715308779575,0.14357153088499178,0.1435715308779575,0.14357153087359598,0.14357153087156263,0.14357153087359598,0.14357153087575644,0.14357153087359598,0.14357153087156263,0.1424293645555606,0.14242936455804583,0.14242936456065808,0.14242936455804583,0.1424293645555606,0.14242936455804583,0.14242936456330804,0.14242936457173155,0.14242936456330804,0.14242936455804583,0.14242936456065808,0.14242936457173155,0.1424293646074827,0.14242936457173155,0.14242936456065808,0.14242936455804583,0.14242936456330804,0.14242936457173155,0.14242936456330804,0.14242936455804583,0.1424293645555606,0.14242936455804583,0.14242936456065808,0.14242936455804583,0.1424293645555606,0.1413096028371225,0.14130960283963437,0.14130960284223132,0.14130960283963437,0.1413096028371225,0.14130960283963437,0.14130960284484778,0.14130960285311267,0.14130960284484778,0.14130960283963437,0.14130960284223132,0.14130960285311267,0.14130960288840375,0.14130960285311267,0.14130960284223132,0.14130960283963437,0.14130960284484778,0.14130960285311267,0.14130960284484778,0.14130960283963437,0.1413096028371225,0.14130960283963437,0.14130960284223132,0.14130960283963437,0.1413096028371225,0.1402117468896727,0.14021174689192958,0.14021174689411037,0.14021174689192958,0.1402117468896727,0.14021174689192958,0.1402117468962663,0.14021174690254762,0.1402117468962663,0.14021174689192958,0.14021174689411037,0.14021174690254762,0.14021174692757568,0.14021174690254762,0.14021174689411037,0.14021174689192958,0.1402117468962663,0.14021174690254762,0.1402117468962663,0.14021174689192958,0.1402117468896727,0.14021174689192958,0.14021174689411037,0.14021174689192958,0.1402117468896727,0.13913530721199194,0.13913530721425374,0.13913530721620576,0.13913530721425374,0.13913530721199194,0.13913530721425374,0.13913530721808998,0.13913530722222128,0.13913530721808998,0.13913530721425374,0.13913530721620576,0.13913530722222128,0.1391353072309353,0.13913530722222128,0.13913530721620576,0.13913530721425374,0.13913530721808998,0.13913530722222128,0.13913530721808998,0.13913530721425374,0.13913530721199194,0.13913530721425374,0.13913530721620576,0.13913530721425374,0.13913530721199194,0.1380798037203148,0.13807980372361253,0.13807980372679537,0.13807980372361253,0.1380798037203148,0.13807980372361253,0.13807980372997652,0.1380798037382872,0.13807980372997652,0.13807980372361253,0.13807980372679537,0.1380798037382872,0.13807980376073284,0.1380798037382872,0.13807980372679537,0.13807980372361253,0.13807980372997652,0.1380798037382872,0.13807980372997652,0.13807980372361253,0.1380798037203148,0.13807980372361253,0.13807980372679537,0.13807980372361253,0.1380798037203148,0.13704476580757435,0.13704476581227984,0.13704476581786973,0.13704476581227984,0.13704476580757435,0.13704476581227984,0.13704476582363764,0.13704476584605293,0.13704476582363764,0.13704476581227984,0.13704476581786973,0.13704476584605293,0.13704476596922982,0.13704476584605293,0.13704476581786973,0.13704476581227984,0.13704476582363764,0.13704476584605293,0.13704476582363764,0.13704476581227967,0.13704476580757435,0.13704476581227984,0.13704476581786973,0.13704476581227967,0.1370447658075742,0.13602973237649207,0.13602973237970364,0.13602973238282073,0.13602973237970364,0.13602973237649207,0.13602973237970364,0.13602973238593613,0.13602973239420169,0.13602973238593613,0.1360297323797035,0.13602973238282073,0.13602973239420169,0.13602973241700797,0.13602973239420169,0.13602973238282073,0.13602973237970364,0.13602973238593613,0.13602973239420169,0.13602973238593613,0.1360297323797035,0.13602973237649207,0.1360297323797035,0.13602973238282073,0.1360297323797035,0.13602973237649207,0.13503425185200085,0.13503425185399673,0.13503425185563755,0.13503425185399687,0.13503425185200085,0.13503425185399673,0.13503425185719015,0.13503425186034074,0.13503425185719015,0.13503425185399687,0.13503425185563755,0.13503425186034074,0.13503425186604667,0.13503425186034074,0.13503425185563755,0.13503425185399687,0.13503425185719015,0.13503425186034074,0.13503425185719015,0.13503425185399687,0.13503425185200085,0.13503425185399687,0.13503425185563755,0.13503425185399687,0.13503425185200085
0.1653324878596127,0.16533248785961244,0.16533248785961221,0.16533248785961244,0.1653324878596127,0.16533248785961244,0.165332487859612,0.16533248785961177,0.165332487859612,0.16533248785961244,0.16533248785961221,0.16533248785961177,0.16533248785961177,0.16533248785961177,0.16533248785961221,0.16533248785961244,0.165332487859612,0.16533248785961177,0.165332487859612,0.16533248785961244,0.1653324878596127,0.16533248785961244,0.16533248785961221,0.16533248785961244,0.1653324878596127,0.16375749413934054,0.16375749413933963,0.16375749413933915,0.16375749413933963,0.16375749413934054,0.16375749413933963,0.16375749413933893,0.16375749413933824,0.16375749413933893,0.16375749413933963,0.16375749413933915,0.16375749413933824,0.16375749413933777,0.16375749413933824,0.16375749413933915,0.16375749413933963,0.16375749413933893,0.16375749413933824,0.16375749413933893,0.16375749413933963,0.16375749413934054,0.16375749413933963,0.16375749413933915,0.16375749413933963,0.16375749413934054,0.16221388435099413,0.16221388435099185,0.1622138843509905,0.16221388435099185,0.16221388435099413,0.16221388435099185,0.16221388435098932,0.16221388435098774,0.16221388435098932,0.16221388435099185,0.1622138843509905,0.16221388435098774,0.1622138843509862,0.16221388435098774,0.1622138843509905,0.16221388435099185,0.16221388435098932,0.16221388435098774,0.16221388435098932,0.16221388435099185,0.16221388435099413,0.16221388435099185,0.1622138843509905,0.16221388435099185,0.16221388435099413,0.16070106745161758,0.16070106745161045,0.160701067451606,0.16070106745161045,0.16070106745161758,0.16070106745161045,0.16070106745160267,0.16070106745159757,0.16070106745160267,0.16070106745161045,0.160701067451606,0.16070106745159757,0.16070106745159202,0.16070106745159757,0.160701067451606,0.16070106745161045,0.16070106745160267,0.16070106745159757,0.16070106745160267,0.16070106745161045,0.16070106745161758,0.16070106745161045,0.160701067451606,0.16070106745161045,0.16070106745161758,0.1592184518161984,0.15921845181617725,0.15921845181616334,0.15921845181617725,0.1592184518161984,0.15921845181617725,0.15921845181615285,0.15921845181613653,0.15921845181615285,0.15921845181617725,0.15921845181616334,0.15921845181613653,0.15921845181611846,0.15921845181613653,0.15921845181616334,0.15921845181617725,0.15921845181615285,0.15921845181613653,0.15921845181615285,0.15921845181617725,0.1592184518161984,0.15921845181617725,0.15921845181616334,0.15921845181617725,0.1592184518161984,0.157765446589533,0.15776544658947073,0.15776544658942931,0.15776544658947073,0.157765446589533,0.15776544658947073,0.15776544658939584,0.15776544658934377,0.15776544658939584,0.15776544658947073,0.15776544658942931,0.15776544658934377,0.15776544658928315,0.15776544658934377,0.15776544658942931,0.15776544658947073,0.15776544658939584,0.15776544658934377,0.15776544658939584,0.15776544658947073,0.157765446589533,0.15776544658947073,0.15776544658942931,0.15776544658947073,0.157765446589533,0.15634146290058573,0.15634146290040882,0.15634146290028564,0.15634146290040882,0.15634146290058573,0.15634146290040882,0.15634146290018067,0.15634146290001086,0.15634146290018067,0.15634146290040882,0.15634146290028564,0.15634146290001086,0.1563414628997955,0.15634146290001086,0.15634146290028564,0.15634146290040882,0.15634146290018067,0.15634146290001086,0.15634146290018067,0.15634146290040882,0.15634146290058573,0.15634146290040882,0.15634146290028564,0.15634146290040882,0.15634146290058573,0.15494591494964652,0.1549459149491672,0.1549459149488098,0.1549459149491672,0.15494591494964652,0.1549459149491672,0.15494591494848847,0.15494591494792162,0.15494591494848847,0.1549459149491672,0.1549459149488098,0.15494591494792162,0.15494591494709556,0.15494591494792162,0.1549459149488098,0.1549459149491672,0.15494591494848847,0.15494591494792162,0.15494591494848847,0.1549459149491672,0.15494591494964652,0.1549459149491672,0.1549459149488098,0.1549459149491672,0.15494591494964652,0.15357822097807602,0.15357822097687276,0.1535782209758798,0.15357822097687276,0.15357822097807602,0.15357822097687276,0.15357822097493923,0.15357822097301635,0.15357822097493923,0.15357822097687276,0.1535782209758798,0.15357822097301635,0.1535782209695016,0.15357822097301635,0.1535782209758798,0.15357822097687276,0.15357822097493923,0.15357822097301635,0.15357822097493923,0.15357822097687276,0.15357822097807602,0.15357822097687276,0.1535782209758798,0.15357822097687276,0.15357822097807602,0.15223780412989632,0.1522378041272496,0.1522378041247338,0.1522378041272496,0.15223780412989632,0.1522378041272496,0.15223780412223395,0.1522378041158225,0.15223780412223395,0.1522378041272496,0.1522378041247338,0.1522378041158225,0.15223780409892582,0.1522378041158225,0.1522378041247338,0.1522378041272496,0.15223780412223395,0.1522378041158225,0.15223780412223395,0.1522378041272496,0.15223780412989632,0.1522378041272496,0.1522378041247338,0.1522378041272496,0.15223780412989632,0.1509240932137298,0.15092409320919192,0.15092409320408784,0.15092409320919192,0.1509240932137298,0.15092409320919192,0.15092409319885106,0.15092409318026953,0.15092409319885106,0.15092409320919192,0.15092409320408784,0.15092409318026953,0.15092409308829072,0.15092409318026953,0.15092409320408784,0.15092409320919192,0.15092409319885106,0.15092409318026953,0.15092409319885106,0.15092409320919192,0.1509240932137298,0.15092409320919192,0.15092409320408784,0.15092409320919192,0.1509240932137298,0.14963652337184336,0.14963652336728003,0.14963652336234437,0.14963652336728003,0.14963652337184336,0.14963652336728003,0.1496365233572985,0.1496365233408251,0.1496365233572985,0.14963652336728003,0.14963652336234437,0.1496365233408251,0.14963652326979748,0.1496365233408251,0.14963652336234437,0.14963652336728003,0.1496365233572985,0.1496365233408251,0.1496365233572985,0.14963652336728003,0.14963652337184336,0.14963652336728003,0.14963652336234437,0.14963652336728003,0.14963652337184336,0.14837453666080574,0.1483745366574843,0.14837453665405437,0.1483745366574843,0.14837453666080574,0.1483745366574843,0.14837453665058112,0.14837453663994057,0.14837453665058112,0.1483745366574843,0.14837453665405437,0.14837453663994057,0.14837453659710417,0.14837453663994057,0.14837453665405437,0.1483745366574843,0.14837453665058112,0.14837453663994057,0.14837453665058112,0.1483745366574843,0.14837453666080574,0.1483745366574843,0.14837453665405437,0.1483745366574843,0.14837453666080574,0.14713758256100612,0.14713758255932363,0.1471375825576689,0.14713758255932363,0.14713758256100612,0.14713758255932363,0.14713758255601675,0.14713758255123716,0.14713758255601675,0.14713758255932363,0.1471375825576689,0.14713758255123716,0.1471375825330544,0.14713758255123716,0.1471375825576689,0.14713758255932363,0.14713758255601675,0.14713758255123716,0.14713758255601675,0.14713758255932363,0.14713758256100612,0.14713758255932363,0.1471375825576689,0.14713758255932363,0.14713758256100612,0.14592511841624586,0.14592511841613456,0.14592511841611694,0.14592511841613456,0.14592511841624586,0.14592511841613456,0.14592511841612638,0.14592511841651223,0.14592511841612638,0.14592511841613456,0.14592511841611694,0.14592511841651223,0.14592511841963707,0.14592511841651223,0.14592511841611694,0.14592511841613456,0.14592511841612638,0.14592511841651223,0.14592511841612638,0.14592511841613456,0.14592511841624586,0.14592511841613456,0.14592511841611694,0.14592511841613456,0.14592511841624586,0.14473660980813735,0.14473660980929984,0.1447366098105856,0.14473660980929984,0.14473660980813735,0.14473660980929984,0.14473660981190953,0.14473660981632408,0.14473660981190953,0.14473660980929984,0.1447366098105856,0.14473660981632408,0.14473660983590647,0.14473660981632408,0.1447366098105856,0.14473660980929984,0.14473660981190953,0.14473660981632408,0.14473660981190953,0.14473660980929984,0.14473660980813735,0.14473660980929984,0.1447366098105856,0.14473660980929984,0.14473660980813735,0.1435715308713515,0.14357153087338365,0.14357153087554275,0.14357153087338365,0.1435715308713515,0.14357153087338365,0.14357153087774258,0.14357153088477306,0.14357153087774258,0.14357153087338365,0.14357153087554275,0.14357153088477306,0.14357153091464475,0.14357153088477306,0.14357153087554275,0.14357153087338365,0.14357153087774258,0.14357153088477306,0.14357153087774258,0.14357153087338365,0.1435715308713515,0.14357153087338365,0.14357153087554275,0.14357153087338365,0.1435715308713515,0.14242936455522023,0.14242936455769878,0.1424293645603043,0.14242936455769878,0.14242936455522023,0.14242936455769878,0.14242936456294739,0.1424293645713511,0.14242936456294739,0.14242936455769878,0.1424293645603043,0.1424293645713511,0.14242936460703967,0.1424293645713511,0.1424293645603043,0.14242936455769878,0.14242936456294739,0.1424293645713511,0.14242936456294739,0.14242936455769878,0.14242936455522023,0.14242936455769878,0.1424293645603043,0.14242936455769878,0.14242936455522023,0.14130960283666463,0.14130960283916483,0.1413096028417489,0.14130960283916483,0.14130960283666463,0.14130960283916483,0.14130960284435226,0.14130960285257177,0.14130960284435226,0.14130960283916483,0.1413096028417489,0.14130960285257177,0.1413096028876597,0.14130960285257177,0.1413096028417489,0.14130960283916483,0.14130960284435226,0.14130960285257177,0.14130960284435226,0.14130960283916483,0.14130960283666463,0.14130960283916483,0.1413096028417489,0.14130960283916483,0.14130960283666463,0.14021174688911928,0.1402117468913639,0.14021174689353147,0.1402117468913639,0.14021174688911928,0.1402117468913639,0.1402117468956739,0.1402117469019092,0.1402117468956739,0.1402117468913639,0.14021174689353147,0.1402117469019092,0.14021174692672103,0.1402117469019092,0.14021174689353147,0.1402117468913639,0.1402117468956739,0.1402117469019092,0.1402117468956739,0.1402117468913639,0.14021174688911928,0.1402117468913639,0.14021174689353147,0.1402117468913639,0.14021174688911928,0.13913530721136724,0.13913530721361939,0.13913530721556275,0.13913530721361939,0.13913530721136724,0.13913530721361939,0.13913530721743841,0.13913530722154932,0.13913530721743841,0.13913530721361939,0.13913530721556275,0.13913530722154932,0.1391353072302151,0.13913530722154932,0.13913530721556275,0.13913530721361939,0.13913530721743841,0.13913530722154932,0.13913530721743841,0.13913530721361939,0.13913530721136724,0.13913530721361939,0.13913530721556275,0.13913530721361939,0.13913530721136724,0.13807980371963696,0.13807980372292508,0.13807980372609893,0.13807980372292508,0.13807980371963696,0.13807980372292508,0.1380798037292711,0.13807980373755946,0.1380798037292711,0.13807980372292508,0.13807980372609893,0.13807980373755946,0.13807980375994774,0.13807980373755946,0.13807980372609893,0.13807980372292508,0.1380798037292711,0.13807980373755946,0.1380798037292711,0.13807980372292508,0.13807980371963696,0.13807980372292508,0.13807980372609893,0.13807980372292508,0.13807980371963696,0.13704476580686217,0.13704476581155597,0.13704476581713249,0.13704476581155597,0.13704476580686217,0.13704476581155597,0.13704476582288658,0.13704476584524924,0.13704476582288658,0.13704476581155597,0.13704476581713249,0.13704476584524924,0.13704476596815932,0.13704476584524924,0.13704476581713249,0.13704476581155597,0.13704476582288658,0.13704476584524924,0.13704476582288658,0.13704476581155597,0.13704476580686217,0.13704476581155597,0.13704476581713249,0.13704476581155597,0.13704476580686217,0.13602973237576887,0.13602973237897276,0.13602973238208246,0.13602973237897276,0.13602973237576887,0.13602973237897276,0.13602973238519048,0.13602973239343663,0.13602973238519048,0.13602973237897276,0.13602973238208246,0.13602973239343663,0.13602973241619012,0.13602973239343663,0.13602973238208246,0.13602973237897276,0.13602973238519048,0.13602973239343663,0.13602973238519048,0.13602973237897276,0.13602973237576887,0.13602973237897276,0.13602973238208246,0.13602973237897276,0.13602973237576887,0.13503425185128196,0.1350342518532733,0.13503425185491014,0.1350342518532733,0.13503425185128196,0.1350342518532733,0.13503425185645895,0.13503425185960222,0.13503425185645895,0.1350342518532733,0.13503425185491014,0.13503425185960222,0.13503425186529486,0.13503425185960222,0.13503425185491014,0.1350342518532733,0.13503425185645895,0.13503425185960222,0.13503425185645895,0.1350342518532733,0.13503425185128196,0.1350342518532733,0.13503425185491014,0.1350342518532733,0.13503425185128207
0.1653324878600594,0.1653324878600592,0.1653324878600589,0.1653324878600592,0.1653324878600594,0.1653324878600592,0.1653324878600589,0.16533248786005872,0.1653324878600589,0.1653324878600592,0.1653324878600589,0.16533248786005872,0.16533248786005847,0.16533248786005872,0.1653324878600589,0.1653324878600592,0.1653324878600589,0.16533248786005872,0.1653324878600589,0.1653324878600592,0.1653324878600594,0.1653324878600592,0.1653324878600589,0.1653324878600592,0.1653324878600594,0.1637574941397784,0.16375749413977744,0.163757494139777,0.16375749413977744,0.1637574941397784,0.16375749413977744,0.16375749413977675,0.16375749413977606,0.16375749413977675,0.16375749413977744,0.163757494139777,0.16375749413977606,0.16375749413977558,0.16375749413977606,0.163757494139777,0.16375749413977744,0.16375749413977675,0.16375749413977606,0.16375749413977675,0.16375749413977744,0.1637574941397784,0.16375749413977744,0.163757494139777,0.16375749413977744,0.1637574941397784,0.1622138843514232,0.16221388435142092,0.16221388435141934,0.16221388435142092,0.1622138843514232,0.16221388435142092,0.16221388435141842,0.16221388435141684,0.16221388435141842,0.16221388435142092,0.16221388435141934,0.16221388435141684,0.16221388435141504,0.16221388435141684,0.16221388435141934,0.16221388435142092,0.16221388435141842,0.16221388435141684,0.16221388435141842,0.16221388435142092,0.1622138843514232,0.16221388435142092,0.16221388435141934,0.16221388435142092,0.1622138843514232,0.16070106745203788,0.16070106745203078,0.16070106745202634,0.16070106745203078,0.16070106745203788,0.16070106745203078,0.160701067452023,0.1607010674520179,0.160701067452023,0.16070106745203078,0.16070106745202634,0.1607010674520179,0.16070106745201235,0.1607010674520179,0.16070106745202634,0.16070106745203078,0.160701067452023,0.1607010674520179,0.160701067452023,0.16070106745203078,0.16070106745203788,0.16070106745203078,0.16070106745202634,0.16070106745203078,0.16070106745203788,0.15921845181661007,0.15921845181658895,0.15921845181657523,0.15921845181658895,0.15921845181661007,0.15921845181658895,0.15921845181656458,0.15921845181654848,0.15921845181656458,0.15921845181658895,0.15921845181657523,0.15921845181654848,0.15921845181653038,0.15921845181654848,0.15921845181657523,0.15921845181658895,0.15921845181656458,0.15921845181654848,0.15921845181656458,0.15921845181658895,0.15921845181661007,0.15921845181658895,0.15921845181657523,0.15921845181658895,0.15921845181661007,0.1577654465899363,0.1577654465898742,0.1577654465898328,0.1577654465898742,0.1577654465899363,0.1577654465898742,0.1577654465897993,0.15776544658974725,0.1577654465897993,0.1577654465898742,0.1577654465898328,0.15776544658974725,0.15776544658968664,0.15776544658974725,0.1577654465898328,0.1577654465898742,0.1577654465897993,0.15776544658974725,0.1577654465897993,0.1577654465898742,0.1577654465899363,0.1577654465898742,0.1577654465898328,0.1577654465898742,0.1577654465899363,0.1563414629009801,0.1563414629008036,0.15634146290068088,0.1563414629008036,0.1563414629009801,0.1563414629008036,0.1563414629005761,0.1563414629004065,0.1563414629005761,0.1563414629008036,0.15634146290068088,0.1563414629004065,0.15634146290019132,0.1563414629004065,0.15634146290068088,0.1563414629008036,0.1563414629005761,0.1563414629004065,0.1563414629005761,0.1563414629008036,0.1563414629009801,0.1563414629008036,0.15634146290068088,0.1563414629008036,0.1563414629009801,0.15494591495003182,0.15494591494955345,0.1549459149491967,0.15494591494955345,0.15494591495003182,0.15494591494955345,0.154945914948876,0.15494591494831017,0.154945914948876,0.15494591494955345,0.1549459149491967,0.15494591494831017,0.1549459149474855,0.15494591494831017,0.1549459149491967,0.15494591494955345,0.154945914948876,0.15494591494831017,0.154945914948876,0.15494591494955345,0.15494591495003182,0.15494591494955345,0.1549459149491967,0.15494591494955345,0.15494591495003182,0.1535782209784504,0.15357822097724952,0.15357822097625817,0.15357822097724952,0.1535782209784504,0.15357822097724952,0.15357822097531945,0.15357822097340015,0.15357822097531945,0.15357822097724952,0.15357822097625817,0.15357822097340015,0.15357822096989165,0.15357822097340015,0.15357822097625817,0.15357822097724952,0.15357822097531945,0.15357822097340015,0.15357822097531945,0.15357822097724952,0.1535782209784504,0.15357822097724952,0.15357822097625817,0.15357822097724952,0.1535782209784504,0.15223780413025553,0.15223780412761356,0.1522378041251025,0.15223780412761356,0.15223780413025553,0.15223780412761356,0.15223780412260715,0.1522378041162073,0.15223780412260715,0.15223780412761356,0.1522378041251025,0.1522378041162073,0.15223780409934054,0.1522378041162073,0.1522378041251025,0.15223780412761356,0.15223780412260715,0.1522378041162073,0.15223780412260715,0.15223780412761356,0.15223780413025553,0.15223780412761356,0.1522378041251025,0.15223780412761356,0.15223780413025553,0.15092409321406333,0.15092409320953415,0.15092409320443953,0.15092409320953415,0.15092409321406333,0.15092409320953415,0.15092409319921238,0.15092409318066446,0.15092409319921238,0.15092409320953415,0.15092409320443953,0.15092409318066446,0.1509240930888149,0.15092409318066446,0.15092409320443953,0.15092409320953415,0.15092409319921238,0.15092409318066446,0.15092409319921238,0.15092409320953415,0.15092409321406333,0.15092409320953415,0.15092409320443953,0.15092409320953415,0.15092409321406333,0.14963652337213323,0.1496365233675797,0.1496365233626539,0.1496365233675797,0.14963652337213323,0.1496365233675797,0.14963652335761823,0.14963652334117644,0.14963652335761823,0.1496365233675797,0.1496365233626539,0.14963652334117644,0.1496365232702581,0.14963652334117644,0.1496365233626539,0.1496365233675797,0.14963652335761823,0.14963652334117644,0.14963652335761823,0.1496365233675797,0.14963652337213323,0.1496365233675797,0.1496365233626539,0.1496365233675797,0.14963652337213323,0.14837453666103187,0.14837453665771966,0.1483745366542992,0.14837453665771966,0.14837453666103187,0.14837453665771966,0.1483745366508354,0.14837453664022285,0.1483745366508354,0.14837453665771966,0.1483745366542992,0.14837453664022285,0.14837453659748853,0.14837453664022285,0.1483745366542992,0.14837453665771966,0.1483745366508354,0.14837453664022285,0.1483745366508354,0.14837453665771966,0.14837453666103187,0.14837453665771966,0.1483745366542992,0.14837453665771966,0.14837453666103187,0.1471375825611482,0.1471375825594744,0.1471375825578286,0.1471375825594744,0.1471375825611482,0.1471375825594744,0.1471375825561853,0.14713758255143336,0.1471375825561853,0.1471375825594744,0.1471375825578286,0.14713758255143336,0.14713758253334414,0.14713758255143336,0.1471375825578286,0.1471375825594744,0.1471375825561853,0.14713758255143336,0.1471375825561853,0.1471375825594744,0.1471375825611482,0.1471375825594744,0.1471375825578286,0.1471375825594744,0.1471375825611482,0.14592511841628503,0.1459251184161809,0.14592511841617106,0.1459251184161809,0.14592511841628503,0.1459251184161809,0.14592511841618833,0.14592511841660058,0.14592511841618833,0.1459251184161809,0.14592511841617106,0.14592511841660058,0.14592511841984807,0.14592511841660058,0.14592511841617106,0.1459251184161809,0.14592511841618833,0.14592511841660058,0.14592511841618833,0.1459251184161809,0.14592511841628503,0.1459251184161809,0.14592511841617106,0.1459251184161809,0.14592511841628503,0.1447366098080574,0.14473660980922357,0.14473660981051348,0.14473660980922357,0.1447366098080574,0.14473660980922357,0.14473660981184164,0.14473660981627065,0.14473660981184164,0.14473660980922357,0.14473660981051348,0.14473660981627065,0.14473660983594505,0.14473660981627065,0.14473660981051348,0.14473660980922357,0.14473660981184164,0.14473660981627065,0.14473660981184164,0.14473660980922357,0.1447366098080574,0.14473660980922357,0.14473660981051348,0.14473660980922357,0.1447366098080574,0.14357153087114294,0.14357153087317368,0.14357153087533175,0.14357153087317368,0.14357153087114294,0.14357153087317368,0.14357153087753038,0.14357153088455746,0.14357153087753038,0.14357153087317368,0.14357153087533175,0.14357153088455746,0.14357153091440794,0.14357153088455746,0.14357153087533175,0.14357153087317368,0.14357153087753038,0.14357153088455746,0.14357153087753038,0.14357153087317368,0.14357153087114294,0.14357153087317368,0.14357153087533175,0.14357153087317368,0.14357153087114294,0.1424293645548839,0.14242936455735605,0.14242936455995486,0.14242936455735605,0.1424293645548839,0.14242936455735605,0.14242936456259125,0.14242936457097566,0.14242936456259125,0.14242936455735605,0.14242936455995486,0.14242936457097566,0.1424293646065995,0.14242936457097566,0.14242936455995486,0.14242936455735605,0.14242936456259125,0.14242936457097566,0.14242936456259125,0.14242936455735605,0.1424293645548839,0.14242936455735605,0.14242936455995486,0.14242936455735605,0.1424293645548839,0.14130960283621216,0.14130960283870103,0.14130960284127228,0.14130960283870103,0.14130960283621216,0.14130960283870103,0.1413096028438628,0.1413096028520374,0.1413096028438628,0.14130960283870103,0.14130960284127228,0.1413096028520374,0.14130960288688754,0.1413096028520374,0.14130960284127228,0.14130960283870103,0.1413096028438628,0.1413096028520374,0.1413096028438628,0.14130960283870103,0.14130960283621216,0.14130960283870103,0.14130960284127228,0.14130960283870103,0.14130960283621216,0.14021174688857246,0.140211746890805,0.14021174689295934,0.140211746890805,0.14021174688857246,0.140211746890805,0.14021174689508836,0.14021174690127805,0.14021174689508836,0.140211746890805,0.14021174689295934,0.14021174690127805,0.14021174692588137,0.14021174690127805,0.14021174689295934,0.140211746890805,0.14021174689508836,0.14021174690127805,0.14021174689508836,0.140211746890805,0.14021174688857246,0.140211746890805,0.14021174689295934,0.140211746890805,0.14021174688857263,0.13913530721074965,0.13913530721299244,0.13913530721492726,0.13913530721299244,0.13913530721074965,0.13913530721299244,0.13913530721679457,0.1391353072208854,0.13913530721679457,0.13913530721299244,0.13913530721492726,0.1391353072208854,0.13913530722950315,0.1391353072208854,0.13913530721492726,0.13913530721299244,0.13913530721679457,0.1391353072208854,0.13913530721679457,0.13913530721299244,0.13913530721074965,0.13913530721299244,0.13913530721492726,0.13913530721299244,0.13913530721074965,0.13807980371896703,0.13807980372224568,0.13807980372541057,0.13807980372224568,0.13807980371896703,0.13807980372224568,0.138079803728574,0.13807980373684034,0.138079803728574,0.13807980372224568,0.13807980372541057,0.13807980373684034,0.13807980375917156,0.13807980373684034,0.13807980372541057,0.13807980372224568,0.138079803728574,0.13807980373684034,0.138079803728574,0.13807980372224568,0.13807980371896703,0.13807980372224568,0.13807980372541057,0.13807980372224568,0.13807980371896703,0.13704476580615838,0.13704476581084063,0.1370447658164039,0.13704476581084063,0.13704476580615838,0.13704476581084063,0.13704476582214434,0.137044765844455,0.13704476582214434,0.13704476581084063,0.1370447658164039,0.137044765844455,0.1370447659670649,0.137044765844455,0.1370447658164039,0.13704476581084063,0.13704476582214434,0.137044765844455,0.13704476582214434,0.13704476581084063,0.13704476580615838,0.13704476581084063,0.1370447658164039,0.13704476581084063,0.13704476580615838,0.13602973237505422,0.1360297323782503,0.1360297323813529,0.1360297323782503,0.13602973237505422,0.1360297323782503,0.1360297323844536,0.13602973239268065,0.1360297323844536,0.1360297323782503,0.1360297323813529,0.13602973239268065,0.13602973241538197,0.13602973239268065,0.1360297323813529,0.1360297323782503,0.1360297323844536,0.13602973239268065,0.1360297323844536,0.1360297323782503,0.13602973237505422,0.1360297323782503,0.1360297323813529,0.1360297323782503,0.13602973237505422,0.13503425185057166,0.13503425185255818,0.13503425185419124,0.13503425185255818,0.13503425185057166,0.13503425185255818,0.1350342518557364,0.13503425185887233,0.13503425185573653,0.13503425185255818,0.13503425185419124,0.13503425185887233,0.13503425186455198,0.13503425185887233,0.13503425185419124,0.13503425185255818,0.13503425185573653,0.13503425185887233,0.13503425185573653,0.13503425185255818,0.13503425185057166,0.13503425185255818,0.13503425185419124,0.13503425185255818,0.13503425185057166
0.16533248786050095,0.1653324878605007,0.16533248786050048,0.1653324878605007,0.16533248786050095,0.1653324878605007,0.16533248786050048,0.16533248786050025,0.16533248786050048,0.1653324878605007,0.16533248786050048,0.16533248786050025,0.1653324878605,0.16533248786050025,0.16533248786050048,0.1653324878605007,0.16533248786050048,0.16533248786050025,0.16533248786050048,0.1653324878605007,0.16533248786050095,0.1653324878605007,0.16533248786050048,0.1653324878605007,0.16533248786050095,0.16375749414021087,0.16375749414021018,0.16375749414020974,0.16375749414021018,0.16375749414021087,0.16375749414021018,0.16375749414020951,0.1637574941402088,0.16375749414020951,0.16375749414021018,0.16375749414020974,0.1637574941402088,0.16375749414020835,0.1637574941402088,0.16375749414020974,0.16375749414021018,0.16375749414020951,0.1637574941402088,0.16375749414020951,0.16375749414021018,0.16375749414021087,0.16375749414021018,0.16375749414020974,0.16375749414021018,0.16375749414021087,0.16221388435184728,0.1622138843518448,0.16221388435184347,0.1622138843518448,0.16221388435184728,0.1622138843518448,0.1622138843518423,0.16221388435184075,0.1622138843518423,0.1622138843518448,0.16221388435184347,0.16221388435184075,0.16221388435183914,0.16221388435184075,0.16221388435184347,0.1622138843518448,0.1622138843518423,0.16221388435184075,0.1622138843518423,0.1622138843518448,0.16221388435184728,0.1622138843518448,0.16221388435184347,0.1622138843518448,0.16221388435184728,0.1607010674524533,0.16070106745244622,0.16070106745244175,0.16070106745244622,0.1607010674524533,0.16070106745244622,0.16070106745243842,0.16070106745243332,0.16070106745243842,0.16070106745244622,0.16070106745244175,0.16070106745243332,0.160701067452428,0.16070106745243332,0.16070106745244175,0.16070106745244622,0.16070106745243842,0.16070106745243332,0.16070106745243842,0.16070106745244622,0.1607010674524533,0.16070106745244622,0.16070106745244175,0.16070106745244622,0.1607010674524533,0.15921845181701721,0.15921845181699587,0.15921845181698216,0.15921845181699587,0.15921845181701721,0.15921845181699587,0.1592184518169717,0.15921845181695538,0.1592184518169717,0.15921845181699587,0.15921845181698216,0.15921845181695538,0.15921845181693753,0.15921845181695538,0.15921845181698216,0.15921845181699587,0.1592184518169717,0.15921845181695538,0.1592184518169717,0.15921845181699587,0.15921845181701721,0.15921845181699587,0.15921845181698216,0.15921845181699587,0.15921845181701721,0.15776544659033465,0.15776544659027278,0.15776544659023137,0.15776544659027278,0.15776544659033465,0.15776544659027278,0.15776544659019787,0.15776544659014605,0.15776544659019787,0.15776544659027278,0.15776544659023137,0.15776544659014605,0.15776544659008565,0.15776544659014605,0.15776544659023137,0.15776544659027278,0.15776544659019787,0.15776544659014605,0.15776544659019787,0.15776544659027278,0.15776544659033465,0.15776544659027278,0.15776544659023137,0.15776544659027278,0.15776544659033465,0.1563414629013701,0.156341462901194,0.15634146290107126,0.156341462901194,0.1563414629013701,0.156341462901194,0.1563414629009667,0.15634146290079753,0.1563414629009667,0.156341462901194,0.15634146290107126,0.15634146290079753,0.1563414629005828,0.15634146290079753,0.15634146290107126,0.156341462901194,0.1563414629009667,0.15634146290079753,0.1563414629009667,0.156341462901194,0.1563414629013701,0.156341462901194,0.15634146290107126,0.156341462901194,0.1563414629013701,0.15494591495041277,0.15494591494993507,0.1549459149495791,0.15494591494993507,0.15494591495041277,0.15494591494993507,0.15494591494925902,0.15494591494869422,0.15494591494925902,0.15494591494993507,0.1549459149495791,0.15494591494869422,0.15494591494787077,0.15494591494869422,0.1549459149495791,0.15494591494993507,0.15494591494925902,0.15494591494869422,0.15494591494925902,0.15494591494993507,0.15494591495041277,0.15494591494993507,0.1549459149495791,0.15494591494993507,0.15494591495041277,0.15357822097882054,0.1535782209776217,0.15357822097663235,0.1535782209776217,0.15357822097882054,0.1535782209776217,0.1535782209756952,0.15357822097377938,0.1535782209756952,0.1535782209776217,0.15357822097663235,0.15357822097377938,0.15357822097027707,0.15357822097377938,0.15357822097663235,0.1535782209776217,0.1535782209756952,0.15357822097377938,0.1535782209756952,0.1535782209776217,0.15357822097882054,0.1535782209776217,0.15357822097663235,0.1535782209776217,0.15357822097882054,0.15223780413061047,0.1522378041279734,0.15223780412546684,0.1522378041279734,0.15223780413061047,0.1522378041279734,0.15223780412297602,0.1522378041165876,0.15223780412297602,0.1522378041279734,0.15223780412546684,0.1522378041165876,0.15223780409975074,0.1522378041165876,0.15223780412546684,0.1522378041279734,0.15223780412297602,0.1522378041165876,0.15223780412297602,0.1522378041279734,0.15223780413061047,0.1522378041279734,0.15223780412546684,0.1522378041279734,0.15223780413061047,0.15092409321439287,0.15092409320987235,0.1509240932047872,0.15092409320987235,0.15092409321439287,0.15092409320987235,0.15092409319956945,0.15092409318105496,0.15092409319956945,0.15092409320987235,0.1509240932047872,0.15092409318105496,0.15092409308936008,0.15092409318105496,0.1509240932047872,0.15092409320987235,0.15092409319956945,0.15092409318105496,0.15092409319956945,0.15092409320987235,0.15092409321439287,0.15092409320987235,0.1509240932047872,0.15092409320987235,0.15092409321439287,0.1496365233724197,0.14963652336787564,0.14963652336295982,0.14963652336787564,0.1496365233724197,0.14963652336787564,0.14963652335793418,0.14963652334152377,0.14963652335793418,0.14963652336787564,0.14963652336295982,0.14963652334152377,0.14963652327074917,0.14963652334152377,0.14963652336295982,0.14963652336787564,0.14963652335793418,0.14963652334152377,0.14963652335793418,0.14963652336787564,0.1496365233724197,0.14963652336787564,0.14963652336295982,0.14963652336787564,0.1496365233724197,0.148374536661255,0.14837453665795206,0.14837453665454067,0.14837453665795206,0.148374536661255,0.14837453665795206,0.14837453665108613,0.14837453664050138,0.14837453665108613,0.14837453665795206,0.14837453665454067,0.14837453664050138,0.14837453659787941,0.14837453664050138,0.14837453665454067,0.14837453665795206,0.14837453665108613,0.14837453664050138,0.14837453665108613,0.14837453665795206,0.148374536661255,0.14837453665795206,0.14837453665454067,0.14837453665795206,0.148374536661255,0.14713758256128823,0.1471375825596228,0.14713758255798592,0.1471375825596228,0.14713758256128823,0.1471375825596228,0.14713758255635134,0.14713758255162646,0.14713758255635134,0.1471375825596228,0.14713758255798592,0.14713758255162646,0.1471375825336753,0.14713758255162646,0.14713758255798592,0.1471375825596228,0.14713758255635134,0.14713758255162646,0.14713758255635134,0.1471375825596228,0.14713758256128823,0.1471375825596228,0.14713758255798592,0.1471375825596228,0.14713758256128823,0.1459251184163233,0.14592511841622627,0.1459251184162241,0.14592511841622627,0.1459251184163233,0.14592511841622627,0.14592511841624925,0.1459251184166873,0.14592511841624925,0.14592511841622627,0.1459251184162241,0.1459251184166873,0.14592511842006584,0.1459251184166873,0.1459251184162241,0.14592511841622627,0.14592511841624925,0.1459251184166873,0.14592511841624925,0.14592511841622627,0.1459251184163233,0.14592511841622627,0.1459251184162241,0.14592511841622627,0.1459251184163233,0.14473660980797795,0.14473660980914782,0.14473660981044173,0.14473660980914782,0.14473660980797795,0.14473660980914782,0.14473660981177427,0.14473660981621758,0.14473660981177427,0.14473660980914782,0.14473660981044173,0.14473660981621758,0.1447366098359351,0.14473660981621758,0.14473660981044173,0.14473660980914782,0.14473660981177427,0.14473660981621758,0.14473660981177427,0.14473660980914782,0.14473660980797795,0.14473660980914782,0.14473660981044173,0.14473660980914782,0.14473660980797795,0.14357153087093655,0.14357153087296629,0.14357153087512314,0.14357153087296629,0.14357153087093655,0.14357153087296629,0.14357153087732058,0.14357153088434443,0.14357153087732058,0.14357153087296629,0.14357153087512314,0.14357153088434443,0.14357153091419508,0.14357153088434443,0.14357153087512314,0.14357153087296629,0.14357153087732058,0.14357153088434443,0.14357153087732058,0.14357153087296629,0.14357153087093655,0.14357153087296629,0.14357153087512314,0.14357153087296629,0.14357153087093655,0.1424293645545514,0.14242936455701702,0.14242936455960944,0.14242936455701702,0.1424293645545514,0.14242936455701702,0.1424293645622393,0.14242936457060476,0.1424293645622393,0.14242936455701702,0.14242936455960944,0.14242936457060476,0.1424293646061689,0.14242936457060476,0.14242936455960944,0.14242936455701702,0.1424293645622393,0.14242936457060476,0.1424293645622393,0.14242936455701702,0.1424293645545514,0.14242936455701702,0.14242936455960944,0.14242936455701702,0.1424293645545514,0.14130960283576485,0.14130960283824234,0.1413096028408011,0.14130960283824234,0.14130960283576485,0.14130960283824234,0.14130960284337862,0.14130960285150898,0.14130960284337862,0.14130960283824234,0.1413096028408011,0.14130960285150898,0.14130960288616373,0.14130960285150898,0.1413096028408011,0.14130960283824234,0.14130960284337862,0.14130960285150898,0.14130960284337862,0.14130960283824234,0.14130960283576485,0.14130960283824234,0.1413096028408011,0.14130960283824234,0.14130960283576485,0.14021174688803195,0.1402117468902524,0.14021174689239352,0.1402117468902524,0.14021174688803195,0.1402117468902524,0.1402117468945093,0.14021174690065386,0.1402117468945093,0.1402117468902524,0.14021174689239352,0.14021174690065386,0.14021174692503885,0.14021174690065386,0.14021174689239352,0.1402117468902524,0.1402117468945093,0.14021174690065386,0.1402117468945093,0.1402117468902524,0.14021174688803195,0.1402117468902524,0.14021174689239352,0.1402117468902524,0.14021174688803195,0.13913530721013917,0.13913530721237252,0.1391353072142988,0.13913530721237252,0.13913530721013917,0.13913530721237252,0.1391353072161577,0.1391353072202286,0.1391353072161577,0.13913530721237252,0.1391353072142988,0.1391353072202286,0.13913530722879908,0.1391353072202286,0.1391353072142988,0.13913530721237252,0.1391353072161577,0.1391353072202286,0.1391353072161577,0.13913530721237252,0.13913530721013917,0.13913530721237252,0.1391353072142988,0.13913530721237252,0.13913530721013917,0.1380798037183047,0.13807980372157375,0.13807980372472992,0.13807980372157375,0.1380798037183047,0.13807980372157375,0.1380798037278847,0.1380798037361292,0.1380798037278847,0.13807980372157375,0.13807980372472992,0.1380798037361292,0.13807980375840428,0.1380798037361292,0.13807980372472992,0.13807980372157375,0.1380798037278847,0.1380798037361292,0.1380798037278847,0.13807980372157375,0.1380798037183047,0.13807980372157375,0.13807980372472992,0.13807980372157375,0.1380798037183047,0.13704476580546252,0.1370447658101333,0.1370447658156834,0.1370447658101333,0.13704476580546252,0.1370447658101333,0.13704476582141045,0.1370447658436697,0.13704476582141045,0.1370447658101333,0.1370447658156834,0.1370447658436697,0.137044765965997,0.1370447658436697,0.1370447658156834,0.1370447658101333,0.13704476582141045,0.1370447658436697,0.13704476582141045,0.1370447658101333,0.13704476580546252,0.1370447658101333,0.1370447658156834,0.1370447658101333,0.13704476580546235,0.13602973237434746,0.13602973237753624,0.1360297323806314,0.13602973237753624,0.13602973237434746,0.13602973237753624,0.13602973238372504,0.1360297323919332,0.13602973238372504,0.1360297323775361,0.1360297323806314,0.1360297323919332,0.13602973241458274,0.1360297323919332,0.1360297323806314,0.13602973237753624,0.13602973238372504,0.1360297323919332,0.13602973238372504,0.1360297323775361,0.13602973237434746,0.1360297323775361,0.1360297323806314,0.1360297323775361,0.13602973237434746,0.13503425184986914,0.13503425185185114,0.13503425185348034,0.13503425185185114,0.13503425184986914,0.13503425185185114,0.13503425185502202,0.1350342518581508,0.13503425185502202,0.13503425185185114,0.13503425185348034,0.1350342518581508,0.1350342518638174,0.1350342518581508,0.13503425185348034,0.13503425185185114,0.13503425185502202,0.1350342518581508,0.13503425185502202,0.13503425185185114,0.13503425184986914,0.13503425185185114,0.13503425185348034,0.13503425185185114,0.13503425184986914
0.16533248786093777,0.16533248786093752,0.16533248786093727,0.16533248786093752,0.16533248786093777,0.16533248786093752,0.16533248786093704,0.16533248786093704,0.16533248786093704,0.16533248786093752,0.16533248786093727,0.16533248786093704,0.1653324878609368,0.16533248786093704,0.16533248786093727,0.16533248786093752,0.16533248786093704,0.16533248786093704,0.16533248786093704,0.16533248786093752,0.16533248786093777,0.16533248786093752,0.16533248786093727,0.16533248786093752,0.16533248786093777,0.163757494140639,0.1637574941406383,0.16375749414063784,0.1637574941406383,0.163757494140639,0.1637574941406383,0.16375749414063737,0.16375749414063695,0.16375749414063737,0.1637574941406383,0.16375749414063784,0.16375749414063695,0.16375749414063645,0.16375749414063695,0.16375749414063784,0.1637574941406383,0.16375749414063737,0.16375749414063695,0.16375749414063737,0.1637574941406383,0.163757494140639,0.1637574941406383,0.16375749414063784,0.1637574941406383,0.163757494140639,0.16221388435226666,0.16221388435226416,0.1622138843522628,0.16221388435226416,0.16221388435226666,0.16221388435226416,0.16221388435226167,0.1622138843522601,0.16221388435226167,0.16221388435226416,0.1622138843522628,0.1622138843522601,0.1622138843522585,0.1622138843522601,0.1622138843522628,0.16221388435226416,0.16221388435226167,0.1622138843522601,0.16221388435226167,0.16221388435226416,0.16221388435226666,0.16221388435226416,0.1622138843522628,0.16221388435226416,0.16221388435226666,0.16070106745286428,0.16070106745285717,0.16070106745285273,0.16070106745285717,0.16070106745286428,0.16070106745285717,0.1607010674528494,0.1607010674528443,0.1607010674528494,0.16070106745285717,0.16070106745285273,0.1607010674528443,0.16070106745283874,0.1607010674528443,0.16070106745285273,0.16070106745285717,0.1607010674528494,0.1607010674528443,0.1607010674528494,0.16070106745285717,0.16070106745286428,0.16070106745285717,0.16070106745285273,0.16070106745285717,0.16070106745286428,0.15921845181741956,0.15921845181739844,0.15921845181738473,0.15921845181739844,0.15921845181741956,0.15921845181739844,0.15921845181737426,0.15921845181735816,0.15921845181737426,0.15921845181739844,0.15921845181738473,0.15921845181735816,0.15921845181734007,0.15921845181735816,0.15921845181738473,0.15921845181739844,0.15921845181737426,0.15921845181735816,0.15921845181737426,0.15921845181739844,0.15921845181741956,0.15921845181739844,0.15921845181738473,0.15921845181739844,0.15921845181741956,0.15776544659072894,0.15776544659066707,0.15776544659062566,0.15776544659066707,0.15776544659072894,0.15776544659066707,0.1577654465905924,0.15776544659054056,0.1577654465905924,0.15776544659066707,0.15776544659062566,0.15776544659054056,0.15776544659048017,0.15776544659054056,0.15776544659062566,0.15776544659066707,0.1577654465905924,0.15776544659054056,0.1577654465905924,0.15776544659066707,0.15776544659072894,0.15776544659066707,0.15776544659062566,0.15776544659066707,0.15776544659072894,0.15634146290175588,0.15634146290158002,0.15634146290145745,0.15634146290158002,0.15634146290175588,0.15634146290158002,0.15634146290135312,0.1563414629011842,0.15634146290135312,0.15634146290158002,0.15634146290145745,0.1563414629011842,0.15634146290096984,0.1563414629011842,0.15634146290145745,0.15634146290158002,0.15634146290135312,0.1563414629011842,0.15634146290135312,0.15634146290158002,0.15634146290175588,0.15634146290158002,0.15634146290145745,0.15634146290158002,0.15634146290175588,0.15494591495078944,0.15494591495031276,0.1549459149499574,0.15494591495031276,0.15494591495078944,0.15494591495031276,0.15494591494963772,0.15494591494907395,0.15494591494963772,0.15494591495031276,0.1549459149499574,0.15494591494907395,0.15494591494825216,0.15494591494907395,0.1549459149499574,0.15494591495031276,0.15494591494963772,0.15494591494907395,0.15494591494963772,0.15494591495031276,0.15494591495078944,0.15494591495031276,0.1549459149499574,0.15494591495031276,0.15494591495078944,0.15357822097918666,0.15357822097799004,0.1535782209770025,0.15357822097799004,0.15357822097918666,0.15357822097799004,0.153578220976067,0.15357822097415455,0.153578220976067,0.15357822097799004,0.1535782209770025,0.15357822097415455,0.15357822097065849,0.15357822097415455,0.1535782209770025,0.15357822097799004,0.153578220976067,0.15357822097415455,0.153578220976067,0.15357822097799004,0.15357822097918666,0.15357822097799004,0.1535782209770025,0.15357822097799004,0.15357822097918666,0.1522378041309614,0.15223780412832927,0.15223780412582727,0.15223780412832927,0.1522378041309614,0.15223780412832927,0.1522378041233408,0.15223780411696378,0.1522378041233408,0.15223780412832927,0.15223780412582727,0.15223780411696378,0.15223780410015664,0.15223780411696378,0.15223780412582727,0.15223780412832927,0.1522378041233408,0.15223780411696378,0.1522378041233408,0.15223780412832927,0.1522378041309614,0.15223780412832927,0.15223780412582727,0.15223780412832927,0.1522378041309614,0.1509240932147189,0.15092409321020686,0.15092409320513095,0.15092409321020686,0.1509240932147189,0.15092409321020686,0.1509240931999229,0.15092409318144134,0.1509240931999229,0.15092409321020686,0.15092409320513095,0.15092409318144134,0.15092409308995003,0.15092409318144134,0.15092409320513095,0.15092409321020686,0.1509240931999229,0.15092409318144134,0.1509240931999229,0.15092409321020686,0.1509240932147189,0.15092409321020686,0.15092409320513095,0.15092409321020686,0.1509240932147189,0.14963652337270295,0.14963652336816835,0.14963652336326236,0.14963652336816835,0.14963652337270295,0.14963652336816835,0.14963652335824654,0.14963652334186733,0.14963652335824654,0.14963652336816835,0.14963652336326236,0.14963652334186733,0.14963652327123395,0.14963652334186733,0.14963652336326236,0.14963652336816835,0.14963652335824654,0.14963652334186733,0.14963652335824654,0.14963652336816835,0.14963652337270295,0.14963652336816835,0.14963652336326236,0.14963652336816835,0.14963652337270295,0.14837453666147551,0.14837453665818165,0.1483745366547794,0.14837453665818165,0.14837453666147551,0.14837453665818165,0.1483745366513341,0.1483745366407768,0.1483745366513341,0.14837453665818165,0.1483745366547794,0.1483745366407768,0.14837453659827582,0.1483745366407768,0.1483745366547794,0.14837453665818165,0.1483745366513341,0.1483745366407768,0.1483745366513341,0.14837453665818165,0.14837453666147551,0.14837453665818165,0.1483745366547794,0.14837453665818165,0.14837453666147551,0.14713758256142667,0.1471375825597696,0.14713758255814122,0.1471375825597696,0.14713758256142667,0.1471375825597696,0.1471375825565154,0.147137582551817,0.1471375825565154,0.1471375825597696,0.14713758255814122,0.147137582551817,0.14713758253393125,0.147137582551817,0.14713758255814122,0.1471375825597696,0.1471375825565154,0.147137582551817,0.1471375825565154,0.1471375825597696,0.14713758256142667,0.1471375825597696,0.14713758255814122,0.1471375825597696,0.14713758256142667,0.14592511841636105,0.14592511841627095,0.14592511841627648,0.14592511841627095,0.14592511841636105,0.14592511841627095,0.14592511841630926,0.14592511841677258,0.14592511841630926,0.14592511841627095,0.14592511841627648,0.14592511841677258,0.14592511842025177,0.14592511841677258,0.14592511841627648,0.14592511841627095,0.14592511841630926,0.14592511841677258,0.14592511841630926,0.14592511841627095,0.14592511841636105,0.14592511841627095,0.14592511841627648,0.14592511841627095,0.14592511841636105,0.14473660980789962,0.14473660980907294,0.14473660981037104,0.14473660980907294,0.14473660980789962,0.14473660980907294,0.14473660981170774,0.14473660981616507,0.14473660981170774,0.14473660980907294,0.14473660981037104,0.14473660981616507,0.1447366098359433,0.14473660981616507,0.14473660981037104,0.14473660980907294,0.14473660981170774,0.14473660981616507,0.14473660981170774,0.14473660980907294,0.14473660980789962,0.14473660980907294,0.14473660981037104,0.14473660980907294,0.14473660980789962,0.14357153087073274,0.14357153087276128,0.14357153087491714,0.14357153087276128,0.14357153087073274,0.14357153087276128,0.14357153087711355,0.14357153088413432,0.14357153087711355,0.14357153087276128,0.14357153087491714,0.14357153088413432,0.1435715309139658,0.14357153088413432,0.14357153087491714,0.14357153087276128,0.14357153087711355,0.14357153088413432,0.14357153087711355,0.14357153087276128,0.14357153087073274,0.14357153087276128,0.14357153087491714,0.14357153087276128,0.14357153087073274,0.14242936455422275,0.14242936455668218,0.14242936455926827,0.14242936455668218,0.14242936455422275,0.14242936455668218,0.14242936456189156,0.14242936457023855,0.14242936456189156,0.14242936455668218,0.14242936455926827,0.14242936457023855,0.14242936460572467,0.14242936457023855,0.14242936455926827,0.14242936455668218,0.14242936456189156,0.14242936457023855,0.14242936456189156,0.14242936455668218,0.14242936455422275,0.14242936455668218,0.14242936455926827,0.14242936455668218,0.14242936455422275,0.1413096028353226,0.14130960283778893,0.14130960284033534,0.14130960283778893,0.1413096028353226,0.14130960283778893,0.14130960284290017,0.14130960285098665,0.14130960284290017,0.14130960283778893,0.14130960284033534,0.14130960285098665,0.14130960288543415,0.14130960285098665,0.14130960284033534,0.14130960283778893,0.14130960284290017,0.14130960285098665,0.14130960284290017,0.14130960283778893,0.1413096028353226,0.14130960283778893,0.14130960284033534,0.14130960283778893,0.1413096028353226,0.14021174688749738,0.14021174688970592,0.14021174689183413,0.14021174688970592,0.14021174688749738,0.14021174688970592,0.1402117468939367,0.14021174690003657,0.1402117468939367,0.14021174688970592,0.14021174689183413,0.14021174690003657,0.14021174692422403,0.14021174690003657,0.14021174689183413,0.14021174688970592,0.1402117468939367,0.14021174690003657,0.1402117468939367,0.14021174688970592,0.14021174688749738,0.14021174688970592,0.14021174689183413,0.14021174688970592,0.14021174688749738,0.13913530720953532,0.13913530721175965,0.13913530721367756,0.13913530721175965,0.13913530720953532,0.13913530721175965,0.1391353072155281,0.1391353072195794,0.1391353072155281,0.13913530721175965,0.13913530721367756,0.1391353072195794,0.13913530722810258,0.1391353072195794,0.13913530721367756,0.13913530721175965,0.1391353072155281,0.1391353072195794,0.1391353072155281,0.13913530721175965,0.13913530720953532,0.13913530721175965,0.13913530721367756,0.13913530721175965,0.13913530720953532,0.13807980371764966,0.13807980372090956,0.13807980372405707,0.13807980372090956,0.13807980371764966,0.13807980372090956,0.13807980372720313,0.13807980373542592,0.13807980372720313,0.13807980372090956,0.13807980372405707,0.13807980373542592,0.1380798037576455,0.13807980373542592,0.13807980372405707,0.13807980372090956,0.13807980372720313,0.13807980373542592,0.13807980372720313,0.13807980372090956,0.13807980371764966,0.13807980372090956,0.13807980372405707,0.13807980372090956,0.13807980371764966,0.13704476580477437,0.1370447658094341,0.13704476581497108,0.1370447658094341,0.13704476580477437,0.1370447658094341,0.13704476582068473,0.13704476584289324,0.13704476582068473,0.1370447658094341,0.13704476581497108,0.13704476584289324,0.13704476596496024,0.13704476584289324,0.13704476581497108,0.1370447658094341,0.13704476582068473,0.13704476584289324,0.13704476582068473,0.1370447658094341,0.13704476580477437,0.1370447658094341,0.13704476581497108,0.1370447658094341,0.13704476580477437,0.13602973237364874,0.13602973237682991,0.13602973237991806,0.13602973237682991,0.13602973237364874,0.13602973237682991,0.13602973238300456,0.1360297323911941,0.13602973238300456,0.13602973237682991,0.13602973237991806,0.1360297323911941,0.1360297324137925,0.1360297323911941,0.13602973237991806,0.13602973237682991,0.13602973238300456,0.1360297323911941,0.13602973238300456,0.13602973237682991,0.13602973237364874,0.13602973237682991,0.13602973237991806,0.13602973237682991,0.13602973237364874,0.13503425184917467,0.13503425185115195,0.13503425185277754,0.13503425185115195,0.13503425184917467,0.13503425185115195,0.13503425185431567,0.1350342518574373,0.13503425185431567,0.13503425185115195,0.13503425185277754,0.1350342518574373,0.13503425186309106,0.1350342518574373,0.13503425185277754,0.13503425185115195,0.13503425185431567,0.1350342518574373,0.13503425185431567,0.13503425185115195,0.13503425184917467,0.13503425185115195,0.13503425185277754,0.13503425185115195,0.13503425184917467
0.1653324878613701,0.16533248786136961,0.1653324878613694,0.16533248786136961,0.1653324878613701,0.16533248786136961,0.1653324878613694,0.16533248786136914,0.1653324878613694,0.16533248786136961,0.1653324878613694,0.16533248786136914,0.16533248786136892,0.16533248786136914,0.1653324878613694,0.16533248786136961,0.1653324878613694,0.16533248786136914,0.1653324878613694,0.16533248786136961,0.1653324878613701,0.16533248786136961,0.1653324878613694,0.16533248786136961,0.1653324878613701,0.16375749414106247,0.16375749414106178,0.16375749414106136,0.16375749414106178,0.16375749414106247,0.16375749414106178,0.16375749414106086,0.16375749414106042,0.16375749414106086,0.16375749414106178,0.16375749414106136,0.16375749414106042,0.16375749414105994,0.16375749414106042,0.16375749414106136,0.16375749414106178,0.16375749414106086,0.16375749414106042,0.16375749414106086,0.16375749414106178,0.16375749414106247,0.16375749414106178,0.16375749414106136,0.16375749414106178,0.16375749414106247,0.16221388435268172,0.1622138843526792,0.16221388435267786,0.1622138843526792,0.16221388435268172,0.1622138843526792,0.16221388435267672,0.16221388435267511,0.16221388435267672,0.1622138843526792,0.16221388435267786,0.16221388435267511,0.16221388435267356,0.16221388435267511,0.16221388435267786,0.1622138843526792,0.16221388435267672,0.16221388435267511,0.16221388435267672,0.1622138843526792,0.16221388435268172,0.1622138843526792,0.16221388435267786,0.1622138843526792,0.16221388435268172,0.16070106745327084,0.16070106745326374,0.16070106745325927,0.16070106745326374,0.16070106745327084,0.16070106745326374,0.16070106745325596,0.16070106745325086,0.16070106745325596,0.16070106745326374,0.16070106745325927,0.16070106745325086,0.1607010674532455,0.16070106745325086,0.16070106745325927,0.16070106745326374,0.16070106745325596,0.16070106745325086,0.16070106745325596,0.16070106745326374,0.16070106745327084,0.16070106745326374,0.16070106745325927,0.16070106745326374,0.16070106745327084,0.15921845181781796,0.15921845181779687,0.15921845181778316,0.15921845181779687,0.15921845181781796,0.15921845181779687,0.1592184518177727,0.15921845181775657,0.1592184518177727,0.15921845181779687,0.15921845181778316,0.15921845181775657,0.1592184518177385,0.15921845181775657,0.15921845181778316,0.15921845181779687,0.1592184518177727,0.15921845181775657,0.1592184518177727,0.15921845181779687,0.15921845181781796,0.15921845181779687,0.15921845181778316,0.15921845181779687,0.15921845181781796,0.157765446591119,0.1577654465910571,0.15776544659101593,0.1577654465910571,0.157765446591119,0.1577654465910571,0.15776544659098266,0.157765446590931,0.15776544659098266,0.1577654465910571,0.15776544659101593,0.157765446590931,0.15776544659087086,0.157765446590931,0.15776544659101593,0.1577654465910571,0.15776544659098266,0.157765446590931,0.15776544659098266,0.1577654465910571,0.157765446591119,0.1577654465910571,0.15776544659101593,0.1577654465910571,0.157765446591119,0.1563414629021375,0.15634146290196202,0.15634146290183976,0.15634146290196202,0.1563414629021375,0.15634146290196202,0.1563414629017356,0.15634146290156684,0.1563414629017356,0.15634146290196202,0.15634146290183976,0.15634146290156684,0.15634146290135312,0.15634146290156684,0.15634146290183976,0.15634146290196202,0.1563414629017356,0.15634146290156684,0.1563414629017356,0.15634146290196202,0.1563414629021375,0.15634146290196202,0.15634146290183976,0.15634146290196202,0.1563414629021375,0.15494591495116222,0.15494591495068658,0.1549459149503316,0.15494591495068658,0.15494591495116222,0.15494591495068658,0.15494591495001275,0.1549459149494498,0.15494591495001275,0.15494591495068658,0.1549459149503316,0.1549459149494498,0.15494591494862947,0.1549459149494498,0.1549459149503316,0.15494591495068658,0.15494591495001275,0.1549459149494498,0.15494591495001275,0.15494591495068658,0.15494591495116222,0.15494591495068658,0.1549459149503316,0.15494591495068658,0.15494591495116222,0.15357822097954898,0.15357822097835458,0.15357822097736865,0.15357822097835458,0.15357822097954898,0.15357822097835458,0.15357822097643492,0.15357822097452573,0.15357822097643492,0.15357822097835458,0.15357822097736865,0.15357822097452573,0.15357822097103585,0.15357822097452573,0.15357822097736865,0.15357822097835458,0.15357822097643492,0.15357822097452573,0.15357822097643492,0.15357822097835458,0.15357822097954898,0.15357822097835458,0.15357822097736865,0.15357822097835458,0.15357822097954898,0.15223780413130883,0.15223780412868143,0.15223780412618393,0.15223780412868143,0.15223780413130883,0.15223780412868143,0.15223780412370197,0.15223780411733617,0.15223780412370197,0.15223780412868143,0.15223780412618393,0.15223780411733617,0.1522378041005584,0.15223780411733617,0.15223780412618393,0.15223780412868143,0.15223780412370197,0.15223780411733617,0.15223780412370197,0.15223780412868143,0.15223780413130883,0.15223780412868143,0.15223780412618393,0.15223780412868143,0.15223780413130883,0.15092409321504144,0.15092409321053793,0.15092409320547126,0.15092409321053793,0.15092409321504144,0.15092409321053793,0.15092409320027247,0.1509240931818237,0.15092409320027247,0.15092409321053793,0.15092409320547126,0.1509240931818237,0.1509240930904713,0.1509240931818237,0.15092409320547126,0.15092409321053793,0.15092409320027247,0.1509240931818237,0.15092409320027247,0.15092409321053793,0.15092409321504144,0.15092409321053793,0.15092409320547126,0.15092409321053793,0.15092409321504144,0.14963652337298317,0.1496365233684578,0.1496365233635617,0.1496365233684578,0.14963652337298317,0.1496365233684578,0.14963652335855568,0.14963652334220715,0.14963652335855568,0.1496365233684578,0.1496365233635617,0.14963652334220715,0.14963652327168947,0.14963652334220715,0.1496365233635617,0.1496365233684578,0.14963652335855568,0.14963652334220715,0.14963652335855568,0.1496365233684578,0.14963652337298317,0.1496365233684578,0.1496365233635617,0.1496365233684578,0.14963652337298317,0.1483745366616935,0.1483745366584085,0.1483745366550155,0.1483745366584085,0.1483745366616935,0.1483745366584085,0.1483745366515791,0.14837453664104866,0.1483745366515791,0.14837453665840872,0.1483745366550155,0.14837453664104866,0.1483745365986515,0.14837453664104866,0.1483745366550155,0.1483745366584085,0.1483745366515791,0.14837453664104866,0.1483745366515791,0.1483745366584085,0.1483745366616935,0.14837453665840872,0.1483745366550155,0.1483745366584085,0.1483745366616935,0.14713758256156345,0.14713758255991471,0.1471375825582947,0.14713758255991471,0.14713758256156345,0.14713758255991471,0.14713758255667744,0.14713758255200501,0.14713758255667744,0.14713758255991471,0.1471375825582947,0.14713758255200501,0.1471375825342397,0.14713758255200501,0.1471375825582947,0.14713758255991471,0.14713758255667744,0.14713758255200501,0.14713758255667744,0.14713758255991471,0.14713758256156345,0.14713758255991471,0.1471375825582947,0.14713758255991471,0.14713758256156345,0.14592511841639844,0.1459251184163151,0.14592511841632794,0.1459251184163151,0.14592511841639844,0.1459251184163151,0.14592511841636818,0.14592511841685643,0.14592511841636818,0.1459251184163151,0.14592511841632794,0.14592511841685643,0.14592511842043446,0.14592511841685643,0.14592511841632794,0.1459251184163151,0.14592511841636818,0.14592511841685643,0.14592511841636818,0.1459251184163151,0.14592511841639844,0.1459251184163151,0.14592511841632794,0.1459251184163151,0.14592511841639844,0.14473660980782194,0.14473660980899894,0.14473660981030104,0.14473660980899894,0.14473660980782194,0.14473660980899894,0.14473660981164177,0.14473660981611322,0.14473660981164177,0.14473660980899894,0.14473660981030104,0.14473660981611322,0.1447366098359749,0.14473660981611322,0.14473660981030104,0.14473660980899894,0.14473660981164177,0.14473660981611322,0.14473660981164177,0.14473660980899894,0.14473660980782194,0.14473660980899894,0.14473660981030104,0.14473660980899894,0.14473660980782194,0.14357153087053134,0.1435715308725587,0.14357153087471353,0.1435715308725587,0.14357153087053134,0.1435715308725587,0.14357153087690888,0.14357153088392693,0.14357153087690888,0.1435715308725587,0.14357153087471353,0.14357153088392693,0.1435715309137365,0.14357153088392693,0.14357153087471353,0.1435715308725587,0.14357153087690888,0.14357153088392693,0.14357153087690888,0.1435715308725587,0.14357153087053134,0.1435715308725587,0.14357153087471353,0.1435715308725587,0.14357153087053134,0.14242936455389782,0.14242936455635105,0.1424293645589309,0.14242936455635105,0.14242936455389782,0.14242936455635105,0.14242936456154784,0.1424293645698767,0.14242936456154784,0.14242936455635105,0.1424293645589309,0.1424293645698767,0.14242936460530997,0.1424293645698767,0.1424293645589309,0.14242936455635105,0.14242936456154784,0.1424293645698767,0.14242936456154784,0.14242936455635105,0.14242936455389782,0.14242936455635105,0.1424293645589309,0.14242936455635105,0.14242936455389782,0.1413096028348851,0.14130960283734056,0.14130960283987465,0.14130960283734056,0.1413096028348851,0.14130960283734056,0.141309602842427,0.14130960285047006,0.141309602842427,0.14130960283734056,0.14130960283987465,0.14130960285047006,0.1413096028846947,0.14130960285047006,0.14130960283987465,0.14130960283734056,0.141309602842427,0.14130960285047006,0.141309602842427,0.14130960283734056,0.1413096028348851,0.14130960283734056,0.14130960283987465,0.14130960283734056,0.1413096028348851,0.14021174688696864,0.1402117468891654,0.14021174689128088,0.1402117468891654,0.14021174688696864,0.1402117468891654,0.14021174689337038,0.14021174689942575,0.14021174689337038,0.1402117468891654,0.14021174689128088,0.14021174689942575,0.14021174692341148,0.14021174689942575,0.14021174689128088,0.1402117468891654,0.14021174689337038,0.14021174689942575,0.14021174689337038,0.1402117468891654,0.14021174688696864,0.1402117468891654,0.14021174689128088,0.1402117468891654,0.14021174688696864,0.13913530720893832,0.1391353072111533,0.13913530721306283,0.1391353072111533,0.13913530720893832,0.1391353072111533,0.13913530721490527,0.139135307218937,0.13913530721490527,0.1391353072111533,0.13913530721306283,0.139135307218937,0.13913530722741355,0.139135307218937,0.13913530721306283,0.1391353072111533,0.13913530721490527,0.139135307218937,0.13913530721490527,0.1391353072111533,0.13913530720893832,0.1391353072111533,0.13913530721306283,0.1391353072111533,0.13913530720893832,0.13807980371700174,0.1380798037202525,0.1380798037233913,0.1380798037202525,0.13807980371700174,0.1380798037202525,0.13807980372652887,0.13807980373473042,0.13807980372652887,0.1380798037202525,0.1380798037233913,0.13807980373473042,0.13807980375689496,0.13807980373473042,0.1380798037233913,0.1380798037202525,0.13807980372652887,0.13807980373473042,0.13807980372652887,0.1380798037202525,0.13807980371700174,0.1380798037202525,0.1380798037233913,0.1380798037202525,0.13807980371700174,0.1370447658040937,0.1370447658087423,0.13704476581426636,0.1370447658087423,0.1370447658040937,0.1370447658087423,0.1370447658199668,0.1370447658421253,0.1370447658199668,0.1370447658087423,0.13704476581426636,0.1370447658421253,0.1370447659639084,0.1370447658421253,0.13704476581426636,0.1370447658087423,0.1370447658199668,0.1370447658421253,0.1370447658199668,0.1370447658087423,0.1370447658040937,0.1370447658087423,0.13704476581426636,0.1370447658087423,0.1370447658040937,0.13602973237295762,0.1360297323761315,0.1360297323792125,0.1360297323761315,0.13602973237295762,0.1360297323761315,0.136029732382292,0.136029732390463,0.136029732382292,0.1360297323761315,0.1360297323792125,0.136029732390463,0.13602973241301086,0.136029732390463,0.1360297323792125,0.1360297323761315,0.136029732382292,0.136029732390463,0.136029732382292,0.1360297323761315,0.13602973237295762,0.1360297323761315,0.1360297323792125,0.1360297323761315,0.13602973237295762,0.13503425184848764,0.1350342518504604,0.1350342518520823,0.1350342518504604,0.13503425184848764,0.1350342518504604,0.13503425185361695,0.13503425185673154,0.13503425185361695,0.1350342518504604,0.1350342518520823,0.13503425185673154,0.13503425186237256,0.13503425185673154,0.1350342518520823,0.1350342518504604,0.13503425185361695,0.13503425185673154,0.13503425185361695,0.1350342518504604,0.13503425184848764,0.1350342518504604,0.1350342518520823,0.1350342518504604,0.13503425184848764
0.16533248786179747,0.16533248786179724,0.165332487861797,0.16533248786179724,0.16533248786179747,0.16533248786179724,0.165332487861797,0.16533248786179677,0.165332487861797,0.16533248786179724,0.165332487861797,0.16533248786179677,0.16533248786179652,0.16533248786179677,0.165332487861797,0.16533248786179724,0.165332487861797,0.16533248786179677,0.165332487861797,0.16533248786179724,0.16533248786179747,0.16533248786179724,0.165332487861797,0.16533248786179724,0.16533248786179747,0.16375749414148158,0.16375749414148089,0.16375749414148022,0.16375749414148089,0.16375749414148158,0.16375749414148089,0.16375749414147997,0.16375749414147947,0.16375749414147997,0.16375749414148064,0.16375749414148022,0.16375749414147947,0.1637574941414788,0.16375749414147947,0.16375749414148022,0.16375749414148089,0.16375749414147997,0.16375749414147947,0.16375749414147997,0.16375749414148064,0.16375749414148158,0.16375749414148064,0.16375749414148022,0.16375749414148064,0.16375749414148158,0.16221388435309222,0.16221388435308998,0.16221388435308837,0.16221388435308998,0.16221388435309222,0.16221388435308998,0.16221388435308748,0.16221388435308587,0.16221388435308748,0.16221388435308998,0.16221388435308837,0.16221388435308587,0.16221388435308404,0.16221388435308587,0.16221388435308837,0.16221388435308998,0.16221388435308748,0.16221388435308587,0.16221388435308748,0.16221388435308998,0.16221388435309222,0.16221388435308998,0.16221388435308837,0.16221388435308998,0.16221388435309222,0.16070106745367316,0.16070106745366605,0.16070106745366158,0.16070106745366605,0.16070106745367316,0.16070106745366605,0.16070106745365828,0.16070106745365315,0.16070106745365828,0.16070106745366605,0.16070106745366158,0.16070106745365315,0.16070106745364782,0.16070106745365315,0.16070106745366158,0.16070106745366605,0.16070106745365828,0.16070106745365315,0.16070106745365828,0.16070106745366605,0.16070106745367316,0.16070106745366605,0.16070106745366158,0.16070106745366605,0.16070106745367316,0.15921845181821204,0.15921845181819094,0.15921845181817723,0.15921845181819094,0.15921845181821204,0.15921845181819094,0.15921845181816677,0.15921845181815064,0.15921845181816677,0.15921845181819094,0.15921845181817723,0.15921845181815064,0.15921845181813277,0.15921845181815064,0.15921845181817723,0.15921845181819094,0.15921845181816677,0.15921845181815064,0.15921845181816677,0.15921845181819094,0.15921845181821204,0.15921845181819094,0.15921845181817723,0.15921845181819094,0.15921845181821204,0.15776544659150496,0.1577654465914431,0.15776544659140213,0.1577654465914431,0.15776544659150496,0.1577654465914431,0.15776544659136885,0.1577654465913172,0.15776544659136885,0.1577654465914431,0.15776544659140213,0.1577654465913172,0.15776544659125707,0.1577654465913172,0.15776544659140213,0.1577654465914431,0.15776544659136885,0.1577654465913172,0.15776544659136885,0.1577654465914431,0.15776544659150496,0.1577654465914431,0.15776544659140213,0.1577654465914431,0.15776544659150496,0.15634146290251516,0.1563414629023399,0.156341462902218,0.1563414629023399,0.15634146290251516,0.1563414629023399,0.15634146290211387,0.15634146290194553,0.15634146290211387,0.1563414629023399,0.156341462902218,0.15634146290194553,0.15634146290173204,0.15634146290194553,0.156341462902218,0.1563414629023399,0.15634146290211387,0.15634146290194553,0.15634146290211387,0.1563414629023399,0.15634146290251516,0.1563414629023399,0.156341462902218,0.1563414629023399,0.15634146290251516,0.1549459149515311,0.15494591495105625,0.15494591495070192,0.15494591495105625,0.1549459149515311,0.15494591495105625,0.15494591495038348,0.15494591494982174,0.15494591495038348,0.15494591495105625,0.15494591495070192,0.15494591494982174,0.15494591494900284,0.15494591494982174,0.15494591495070192,0.15494591495105625,0.15494591495038348,0.15494591494982174,0.15494591495038348,0.15494591495105625,0.1549459149515311,0.15494591495105625,0.15494591495070192,0.15494591495105625,0.1549459149515311,0.15357822097990728,0.1535782209787151,0.15357822097773097,0.1535782209787151,0.15357822097990728,0.1535782209787151,0.15357822097679885,0.15357822097489304,0.15357822097679885,0.1535782209787151,0.15357822097773097,0.15357822097489304,0.15357822097140925,0.15357822097489304,0.15357822097773097,0.1535782209787151,0.15357822097679885,0.15357822097489304,0.15357822097679885,0.1535782209787151,0.15357822097990728,0.1535782209787151,0.15357822097773097,0.1535782209787151,0.15357822097990728,0.1522378041316525,0.15223780412902982,0.15223780412653665,0.15223780412902982,0.1522378041316525,0.15223780412902982,0.15223780412405924,0.15223780411770466,0.15223780412405924,0.15223780412902982,0.15223780412653665,0.15223780411770466,0.15223780410095622,0.15223780411770466,0.15223780412653665,0.15223780412902982,0.15223780412405924,0.15223780411770466,0.15223780412405924,0.15223780412902982,0.1522378041316525,0.15223780412902982,0.15223780412653665,0.15223780412902982,0.1522378041316525,0.15092409321536054,0.1509240932108653,0.1509240932058077,0.1509240932108653,0.15092409321536054,0.1509240932108653,0.15092409320061836,0.15092409318220204,0.15092409320061836,0.1509240932108653,0.1509240932058077,0.15092409318220204,0.15092409309101765,0.15092409318220204,0.1509240932058077,0.1509240932108653,0.15092409320061836,0.15092409318220204,0.15092409320061836,0.1509240932108653,0.15092409321536054,0.1509240932108653,0.1509240932058077,0.1509240932108653,0.15092409321536054,0.14963652337326017,0.1496365233687443,0.1496365233638576,0.1496365233687443,0.14963652337326017,0.1496365233687443,0.14963652335886143,0.14963652334254313,0.14963652335886143,0.1496365233687443,0.1496365233638576,0.14963652334254313,0.1496365232721185,0.14963652334254313,0.1496365233638576,0.1496365233687443,0.14963652335886143,0.14963652334254313,0.14963652335886143,0.1496365233687443,0.14963652337326017,0.1496365233687443,0.1496365233638576,0.1496365233687443,0.14963652337326017,0.148374536661909,0.14837453665863296,0.14837453665524863,0.14837453665863296,0.148374536661909,0.14837453665863296,0.14837453665182135,0.1483745366413174,0.14837453665182135,0.14837453665863296,0.14837453665524863,0.1483745366413174,0.14837453659902328,0.1483745366413174,0.14837453665524863,0.14837453665863296,0.14837453665182135,0.1483745366413174,0.14837453665182135,0.14837453665863296,0.148374536661909,0.14837453665863296,0.14837453665524863,0.14837453665863296,0.148374536661909,0.14713758256169843,0.14713758256005768,0.14713758255844622,0.14713758256005768,0.14713758256169843,0.14713758256005768,0.1471375825568373,0.1471375825521905,0.1471375825568373,0.14713758256005768,0.14713758255844622,0.1471375825521905,0.14713758253454834,0.1471375825521905,0.14713758255844622,0.14713758256005768,0.1471375825568373,0.1471375825521905,0.1471375825568373,0.14713758256005768,0.14713758256169843,0.14713758256005768,0.14713758255844622,0.14713758256005768,0.14713758256169843,0.14592511841643513,0.14592511841635855,0.1459251184163785,0.14592511841635855,0.14592511841643513,0.14592511841635855,0.14592511841642622,0.14592511841693886,0.14592511841642622,0.14592511841635855,0.1459251184163785,0.14592511841693886,0.14592511842062195,0.14592511841693886,0.1459251184163785,0.14592511841635855,0.14592511841642622,0.14592511841693886,0.14592511841642622,0.14592511841635855,0.14592511841643513,0.14592511841635855,0.1459251184163785,0.14592511841635855,0.14592511841643513,0.14473660980774497,0.1447366098089256,0.1447366098102316,0.1447366098089256,0.14473660980774497,0.1447366098089256,0.14473660981157652,0.14473660981606173,0.14473660981157652,0.1447366098089256,0.1447366098102316,0.14473660981606173,0.14473660983598693,0.14473660981606173,0.1447366098102316,0.1447366098089256,0.14473660981157652,0.14473660981606173,0.14473660981157652,0.1447366098089256,0.14473660980774497,0.1447366098089256,0.1447366098102316,0.1447366098089256,0.14473660980774497,0.14357153087033184,0.14357153087235816,0.14357153087451197,0.14357153087235816,0.14357153087033184,0.14357153087235816,0.1435715308767065,0.14357153088372193,0.1435715308767065,0.14357153087235816,0.14357153087451197,0.14357153088372193,0.1435715309135356,0.14357153088372193,0.14357153087451197,0.14357153087235816,0.1435715308767065,0.14357153088372193,0.1435715308767065,0.14357153087235816,0.14357153087033184,0.14357153087235816,0.14357153087451197,0.14357153087235816,0.14357153087033184,0.14242936455357624,0.14242936455602342,0.1424293645585971,0.14242936455602342,0.14242936455357624,0.14242936455602342,0.14242936456120797,0.14242936456951907,0.14242936456120797,0.14242936455602342,0.1424293645585971,0.14242936456951907,0.14242936460489933,0.14242936456951907,0.1424293645585971,0.14242936455602342,0.14242936456120797,0.14242936456951907,0.14242936456120797,0.14242936455602342,0.14242936455357624,0.14242936455602342,0.1424293645585971,0.14242936455602342,0.14242936455357624,0.1413096028344524,0.14130960283689686,0.14130960283941876,0.14130960283689686,0.1413096028344524,0.14130960283689686,0.14130960284195862,0.14130960284995872,0.14130960284195862,0.14130960283689686,0.14130960283941876,0.14130960284995872,0.14130960288400857,0.14130960284995872,0.14130960283941876,0.14130960283689686,0.14130960284195862,0.14130960284995872,0.14130960284195862,0.14130960283689686,0.1413096028344524,0.14130960283689686,0.14130960283941876,0.14130960283689686,0.1413096028344524,0.1402117468864454,0.14021174688863053,0.14021174689073324,0.14021174688863053,0.1402117468864454,0.14021174688863053,0.14021174689280985,0.1402117468988212,0.14021174689280985,0.14021174688863053,0.14021174689073324,0.1402117468988212,0.14021174692258667,0.1402117468988212,0.14021174689073324,0.14021174688863053,0.14021174689280985,0.1402117468988212,0.14021174689280985,0.14021174688863053,0.1402117468864454,0.14021174688863053,0.14021174689073324,0.14021174688863053,0.1402117468864454,0.1391353072083473,0.13913530721055326,0.13913530721245457,0.13913530721055326,0.1391353072083473,0.13913530721055326,0.13913530721428882,0.13913530721830122,0.13913530721428882,0.13913530721055326,0.13913530721245457,0.13913530721830122,0.1391353072267316,0.13913530721830122,0.13913530721245457,0.13913530721055326,0.13913530721428882,0.13913530721830122,0.13913530721428882,0.13913530721055326,0.1391353072083473,0.13913530721055326,0.13913530721245457,0.13913530721055326,0.1391353072083473,0.13807980371636064,0.13807980371960224,0.1380798037227325,0.13807980371960224,0.13807980371636064,0.13807980371960224,0.1380798037258617,0.13807980373404202,0.1380798037258617,0.13807980371960224,0.1380798037227325,0.13807980373404202,0.13807980375615217,0.13807980373404202,0.1380798037227325,0.13807980371960224,0.1380798037258617,0.13807980373404202,0.1380798037258617,0.13807980371960224,0.13807980371636064,0.13807980371960224,0.1380798037227325,0.13807980371960224,0.13807980371636064,0.13704476580342032,0.13704476580805783,0.1370447658135691,0.13704476580805783,0.13704476580342032,0.13704476580805783,0.13704476581925648,0.13704476584136524,0.13704476581925648,0.13704476580805783,0.1370447658135691,0.13704476584136524,0.13704476596287546,0.13704476584136524,0.1370447658135691,0.13704476580805783,0.13704476581925648,0.13704476584136524,0.13704476581925648,0.13704476580805783,0.13704476580342032,0.13704476580805783,0.1370447658135691,0.13704476580805783,0.13704476580342015,0.13602973237227367,0.13602973237544025,0.13602973237851437,0.13602973237544025,0.13602973237227367,0.13602973237544025,0.13602973238158686,0.13602973238973953,0.13602973238158686,0.13602973237544025,0.13602973237851437,0.13602973238973953,0.1360297324122376,0.13602973238973953,0.13602973237851437,0.13602973237544025,0.13602973238158686,0.13602973238973953,0.13602973238158686,0.13602973237544025,0.13602973237227367,0.13602973237544025,0.13602973237851437,0.13602973237544025,0.13602973237227367,0.1350342518478079,0.13503425184977613,0.13503425185139425,0.13503425184977613,0.1350342518478079,0.13503425184977613,0.1350342518529255,0.1350342518560331,0.1350342518529255,0.13503425184977613,0.13503425185139425,0.1350342518560331,0.1350342518616617,0.1350342518560331,0.1350342518513944,0.13503425184977613,0.1350342518529255,0.1350342518560331,0.1350342518529255,0.13503425184977613,0.1350342518478079,0.13503425184977613,0.1350342518513944,0.13503425184977613,0.1350342518478079
0.16533248786222082,0.1653324878622206,0.16533248786222035,0.16533248786222035,0.16533248786222082,0.1653324878622206,0.1653324878622201,0.16533248786221988,0.1653324878622201,0.1653324878622206,0.16533248786222035,0.16533248786221988,0.16533248786221966,0.16533248786221988,0.16533248786222035,0.16533248786222035,0.1653324878622201,0.16533248786221988,0.1653324878622201,0.16533248786222035,0.16533248786222082,0.1653324878622206,0.16533248786222035,0.16533248786222035,0.16533248786222082,0.16375749414189628,0.16375749414189558,0.1637574941418951,0.16375749414189558,0.16375749414189628,0.16375749414189558,0.16375749414189467,0.1637574941418942,0.16375749414189467,0.16375749414189558,0.1637574941418951,0.1637574941418942,0.16375749414189372,0.1637574941418942,0.1637574941418951,0.16375749414189558,0.16375749414189467,0.1637574941418942,0.16375749414189467,0.16375749414189558,0.16375749414189628,0.16375749414189558,0.1637574941418951,0.16375749414189558,0.16375749414189628,0.16221388435349865,0.16221388435349637,0.1622138843534948,0.16221388435349637,0.16221388435349865,0.16221388435349637,0.16221388435349388,0.1622138843534923,0.16221388435349388,0.16221388435349637,0.1622138843534948,0.1622138843534923,0.1622138843534905,0.1622138843534923,0.1622138843534948,0.16221388435349637,0.16221388435349388,0.1622138843534923,0.16221388435349388,0.16221388435349637,0.16221388435349865,0.16221388435349637,0.1622138843534948,0.16221388435349637,0.16221388435349865,0.16070106745407126,0.16070106745406434,0.1607010674540597,0.16070106745406434,0.16070106745407126,0.16070106745406434,0.16070106745405657,0.1607010674540515,0.16070106745405657,0.16070106745406434,0.1607010674540597,0.1607010674540515,0.16070106745404616,0.1607010674540515,0.1607010674540597,0.16070106745406434,0.16070106745405657,0.1607010674540515,0.16070106745405657,0.16070106745406434,0.16070106745407126,0.16070106745406434,0.1607010674540597,0.16070106745406434,0.16070106745407126,0.1592184518186022,0.15921845181858107,0.15921845181856736,0.15921845181858107,0.1592184518186022,0.15921845181858107,0.1592184518185569,0.15921845181854083,0.1592184518185569,0.15921845181858107,0.15921845181856736,0.15921845181854083,0.15921845181852295,0.15921845181854083,0.15921845181856736,0.15921845181858107,0.1592184518185569,0.15921845181854083,0.1592184518185569,0.15921845181858107,0.1592184518186022,0.15921845181858107,0.15921845181856736,0.15921845181858107,0.1592184518186022,0.1577654465918869,0.15776544659182523,0.15776544659178426,0.15776544659182523,0.1577654465918869,0.15776544659182523,0.157765446591751,0.15776544659169955,0.157765446591751,0.15776544659182523,0.15776544659178426,0.15776544659169955,0.1577654465916396,0.15776544659169955,0.15776544659178426,0.15776544659182523,0.157765446591751,0.15776544659169955,0.157765446591751,0.15776544659182523,0.1577654465918869,0.15776544659182523,0.15776544659178426,0.15776544659182523,0.1577654465918869,0.15634146290288903,0.15634146290271422,0.1563414629025923,0.15634146290271422,0.15634146290288903,0.15634146290271422,0.1563414629024886,0.15634146290232045,0.1563414629024886,0.15634146290271422,0.1563414629025923,0.15634146290232045,0.15634146290210738,0.15634146290232045,0.1563414629025923,0.15634146290271422,0.1563414629024886,0.15634146290232045,0.1563414629024886,0.15634146290271422,0.15634146290288903,0.15634146290271422,0.1563414629025923,0.15634146290271422,0.15634146290288903,0.15494591495189627,0.15494591495142224,0.15494591495106855,0.15494591495142224,0.15494591495189627,0.15494591495142224,0.15494591495075072,0.15494591495019,0.15494591495075072,0.15494591495142224,0.15494591495106855,0.15494591495019,0.15494591494937254,0.15494591495019,0.15494591495106855,0.15494591495142224,0.15494591495075072,0.15494591495019,0.15494591495075072,0.15494591495142224,0.15494591495189627,0.15494591495142224,0.15494591495106855,0.15494591495142224,0.15494591495189627,0.15357822098026216,0.15357822097907198,0.15357822097808968,0.15357822097907198,0.15357822098026216,0.15357822097907198,0.15357822097715915,0.15357822097525675,0.15357822097715915,0.15357822097907198,0.15357822097808968,0.15357822097525675,0.15357822097177898,0.15357822097525675,0.15357822097808968,0.15357822097907198,0.15357822097715915,0.15357822097525675,0.15357822097715915,0.15357822097907198,0.15357822098026216,0.15357822097907198,0.15357822097808968,0.15357822097907198,0.15357822098026216,0.15223780413199267,0.15223780412937468,0.15223780412688603,0.15223780412937468,0.15223780413199267,0.15223780412937468,0.15223780412441296,0.15223780411806942,0.15223780412441296,0.15223780412937468,0.15223780412688603,0.15223780411806942,0.15223780410135007,0.15223780411806942,0.15223780412688603,0.15223780412937468,0.15223780412441296,0.15223780411806942,0.15223780412441296,0.15223780412937468,0.15223780413199267,0.15223780412937468,0.15223780412688603,0.15223780412937468,0.15223780413199267,0.15092409321567635,0.1509240932111894,0.15092409320614109,0.1509240932111894,0.15092409321567635,0.1509240932111894,0.150924093200961,0.15092409318257688,0.150924093200961,0.1509240932111894,0.15092409320614109,0.15092409318257688,0.15092409309154547,0.15092409318257688,0.15092409320614109,0.1509240932111894,0.150924093200961,0.15092409318257688,0.150924093200961,0.1509240932111894,0.15092409321567635,0.1509240932111894,0.15092409320614109,0.1509240932111894,0.15092409321567635,0.14963652337353453,0.14963652336902755,0.1496365233641505,0.14963652336902755,0.14963652337353453,0.14963652336902755,0.14963652335916397,0.14963652334287575,0.14963652335916397,0.14963652336902755,0.1496365233641505,0.14963652334287575,0.1496365232725719,0.14963652334287575,0.1496365233641505,0.14963652336902755,0.14963652335916397,0.14963652334287575,0.14963652335916397,0.14963652336902755,0.14963652337353453,0.14963652336902755,0.1496365233641505,0.14963652336902755,0.14963652337353453,0.14837453666212233,0.14837453665885497,0.14837453665547937,0.14837453665885497,0.14837453666212233,0.14837453665885497,0.14837453665206096,0.14837453664158334,0.14837453665206096,0.14837453665885497,0.14837453665547937,0.14837453664158334,0.14837453659940875,0.14837453664158334,0.14837453665547937,0.14837453665885497,0.14837453665206096,0.14837453664158334,0.14837453665206096,0.14837453665885497,0.14837453666212233,0.14837453665885497,0.14837453665547937,0.14837453665885497,0.14837453666212233,0.14713758256183196,0.14713758256019924,0.1471375825585959,0.14713758256019924,0.14713758256183196,0.14713758256019924,0.14713758255699533,0.1471375825523738,0.14713758255699533,0.14713758256019924,0.1471375825585959,0.1471375825523738,0.14713758253480355,0.1471375825523738,0.1471375825585959,0.14713758256019924,0.14713758255699533,0.1471375825523738,0.14713758255699533,0.14713758256019924,0.14713758256183196,0.14713758256019924,0.1471375825585959,0.14713758256019924,0.14713758256183196,0.1459251184164713,0.1459251184164013,0.14592511841642855,0.1459251184164013,0.1459251184164713,0.1459251184164013,0.14592511841648356,0.14592511841702024,0.14592511841648356,0.1459251184164013,0.14592511841642855,0.14592511841702024,0.1459251184208376,0.14592511841702024,0.14592511841642855,0.1459251184164013,0.14592511841648356,0.14592511841702024,0.14592511841648356,0.1459251184164013,0.1459251184164713,0.1459251184164013,0.14592511841642855,0.1459251184164013,0.1459251184164713,0.14473660980766884,0.144736609808853,0.14473660981016298,0.144736609808853,0.14473660980766884,0.144736609808853,0.14473660981151173,0.14473660981601058,0.14473660981151173,0.144736609808853,0.14473660981016298,0.14473660981601058,0.14473660983598102,0.14473660981601058,0.14473660981016298,0.144736609808853,0.14473660981151173,0.14473660981601058,0.14473660981151173,0.144736609808853,0.14473660980766884,0.144736609808853,0.14473660981016298,0.144736609808853,0.14473660980766884,0.14357153087013455,0.14357153087215982,0.14357153087431276,0.14357153087215982,0.14357153087013455,0.14357153087215982,0.14357153087650645,0.1435715308835195,0.14357153087650645,0.14357153087215982,0.14357153087431276,0.1435715308835195,0.14357153091330443,0.1435715308835195,0.14357153087431276,0.14357153087215982,0.14357153087650645,0.1435715308835195,0.14357153087650645,0.14357153087215982,0.14357153087013455,0.14357153087215982,0.14357153087431276,0.14357153087215982,0.14357153087013455,0.14242936455325822,0.1424293645556995,0.1424293645582671,0.1424293645556995,0.14242936455325822,0.1424293645556995,0.1424293645608718,0.14242936456916547,0.1424293645608718,0.1424293645556995,0.1424293645582671,0.14242936456916547,0.14242936460449201,0.14242936456916547,0.1424293645582671,0.1424293645556995,0.1424293645608718,0.14242936456916547,0.1424293645608718,0.1424293645556995,0.14242936455325822,0.1424293645556995,0.1424293645582671,0.1424293645556995,0.14242936455325822,0.14130960283402413,0.14130960283645788,0.1413096028389678,0.14130960283645788,0.14130960283402413,0.14130960283645788,0.14130960284149532,0.141309602849453,0.14130960284149532,0.14130960283645788,0.1413096028389678,0.141309602849453,0.14130960288329314,0.141309602849453,0.1413096028389678,0.14130960283645788,0.14130960284149532,0.141309602849453,0.14130960284149532,0.14130960283645788,0.14130960283402413,0.14130960283645788,0.1413096028389678,0.14130960283645788,0.14130960283402413,0.14021174688592775,0.14021174688810112,0.14021174689019128,0.14021174688810112,0.14021174688592775,0.14021174688810112,0.140211746892255,0.1402117468982228,0.140211746892255,0.14021174688810112,0.14021174689019128,0.1402117468982228,0.14021174692179944,0.1402117468982228,0.14021174689019128,0.14021174688810112,0.140211746892255,0.1402117468982228,0.140211746892255,0.14021174688810112,0.14021174688592775,0.14021174688810112,0.14021174689019128,0.14021174688810112,0.14021174688592775,0.13913530720776243,0.13913530720995956,0.13913530721185263,0.13913530720995956,0.13913530720776243,0.13913530720995956,0.1391353072136788,0.13913530721767195,0.1391353072136788,0.13913530720995956,0.13913530721185263,0.13913530721767195,0.13913530722605646,0.13913530721767195,0.13913530721185263,0.13913530720995956,0.1391353072136788,0.13913530721767195,0.1391353072136788,0.13913530720995956,0.13913530720776243,0.13913530720995956,0.13913530721185263,0.13913530720995956,0.13913530720776243,0.1380798037157262,0.1380798037189588,0.13807980372208073,0.1380798037189588,0.1380798037157262,0.1380798037189588,0.1380798037252014,0.13807980373336093,0.1380798037252014,0.1380798037189588,0.13807980372208073,0.13807980373336093,0.1380798037554171,0.13807980373336093,0.13807980372208073,0.1380798037189588,0.1380798037252014,0.13807980373336093,0.1380798037252014,0.1380798037189588,0.1380798037157262,0.1380798037189588,0.13807980372208073,0.1380798037189588,0.1380798037157262,0.13704476580275374,0.13704476580738034,0.13704476581287917,0.13704476580738034,0.13704476580275374,0.13704476580738034,0.1370447658185536,0.1370447658406131,0.1370447658185536,0.13704476580738034,0.13704476581287917,0.1370447658406131,0.13704476596187246,0.1370447658406131,0.13704476581287917,0.13704476580738034,0.1370447658185536,0.1370447658406131,0.1370447658185536,0.13704476580738034,0.13704476580275374,0.13704476580738034,0.13704476581287917,0.13704476580738034,0.13704476580275374,0.1360297323715969,0.1360297323747563,0.13602973237782343,0.1360297323747563,0.1360297323715969,0.1360297323747563,0.13602973238088906,0.1360297323890237,0.13602973238088906,0.1360297323747563,0.13602973237782343,0.1360297323890237,0.13602973241147223,0.1360297323890237,0.13602973237782343,0.1360297323747563,0.13602973238088906,0.1360297323890237,0.13602973238088906,0.1360297323747563,0.1360297323715969,0.1360297323747563,0.13602973237782343,0.1360297323747563,0.1360297323715969,0.1350342518471352,0.13503425184909906,0.13503425185071352,0.13503425184909906,0.1350342518471352,0.13503425184909906,0.13503425185224144,0.13503425185534215,0.13503425185224144,0.13503425184909906,0.13503425185071352,0.13503425185534215,0.1350342518609583,0.13503425185534215,0.13503425185071352,0.13503425184909906,0.13503425185224144,0.13503425185534215,0.13503425185224144,0.13503425184909906,0.1350342518471352,0.13503425184909906,0.13503425185071352,0.13503425184909906,0.1350342518471352
0.16533248786263996,0.16533248786263946,0.16533248786263924,0.16533248786263946,0.16533248786263996,0.16533248786263946,0.16533248786263924,0.16533248786263902,0.16533248786263924,0.16533248786263946,0.16533248786263924,0.16533248786263902,0.16533248786263877,0.16533248786263902,0.16533248786263924,0.16533248786263946,0.16533248786263924,0.16533248786263902,0.16533248786263924,0.16533248786263946,0.16533248786263996,0.16533248786263946,0.16533248786263924,0.16533248786263946,0.16533248786263996,0.16375749414230706,0.16375749414230611,0.16375749414230567,0.16375749414230611,0.16375749414230706,0.16375749414230611,0.16375749414230542,0.16375749414230498,0.16375749414230542,0.16375749414230611,0.16375749414230567,0.16375749414230498,0.16375749414230426,0.16375749414230498,0.16375749414230567,0.16375749414230611,0.16375749414230542,0.16375749414230498,0.16375749414230542,0.16375749414230611,0.16375749414230706,0.16375749414230611,0.16375749414230567,0.16375749414230611,0.16375749414230706,0.16221388435390102,0.16221388435389872,0.1622138843538974,0.16221388435389872,0.16221388435390102,0.16221388435389872,0.16221388435389625,0.16221388435389464,0.16221388435389625,0.16221388435389872,0.1622138843538974,0.16221388435389464,0.16221388435389306,0.16221388435389464,0.1622138843538974,0.16221388435389872,0.16221388435389625,0.16221388435389464,0.16221388435389625,0.16221388435389872,0.16221388435390102,0.16221388435389872,0.1622138843538974,0.16221388435389872,0.16221388435390102,0.16070106745446558,0.16070106745445847,0.160701067454454,0.1607010674544587,0.16070106745446558,0.16070106745445847,0.16070106745445092,0.1607010674544458,0.16070106745445092,0.1607010674544587,0.160701067454454,0.1607010674544458,0.16070106745444046,0.1607010674544458,0.160701067454454,0.1607010674544587,0.16070106745445092,0.1607010674544458,0.16070106745445092,0.1607010674544587,0.16070106745446558,0.1607010674544587,0.160701067454454,0.1607010674544587,0.16070106745446558,0.15921845181898842,0.1592184518189673,0.1592184518189538,0.1592184518189673,0.15921845181898842,0.1592184518189673,0.15921845181894334,0.15921845181892724,0.15921845181894334,0.1592184518189673,0.1592184518189538,0.15921845181892724,0.1592184518189094,0.15921845181892724,0.1592184518189538,0.1592184518189673,0.15921845181894334,0.15921845181892724,0.15921845181894334,0.1592184518189673,0.15921845181898842,0.1592184518189673,0.1592184518189538,0.1592184518189673,0.15921845181898842,0.1577654465922652,0.15776544659220373,0.1577654465921628,0.15776544659220373,0.1577654465922652,0.15776544659220373,0.1577654465921295,0.15776544659207808,0.1577654465921295,0.15776544659220373,0.1577654465921628,0.15776544659207808,0.15776544659201833,0.15776544659207808,0.1577654465921628,0.15776544659220373,0.1577654465921295,0.15776544659207808,0.1577654465921295,0.15776544659220373,0.1577654465922652,0.15776544659220373,0.1577654465921628,0.15776544659220373,0.1577654465922652,0.15634146290325934,0.15634146290308454,0.15634146290296305,0.15634146290308454,0.15634146290325934,0.15634146290308454,0.15634146290285936,0.15634146290269163,0.15634146290285936,0.15634146290308454,0.15634146290296305,0.15634146290269163,0.15634146290247875,0.15634146290269163,0.15634146290296305,0.15634146290308454,0.15634146290285936,0.15634146290269163,0.15634146290285936,0.15634146290308454,0.15634146290325934,0.15634146290308454,0.15634146290296305,0.15634146290308454,0.15634146290325934,0.15494591495225798,0.15494591495178459,0.1549459149514317,0.15494591495178459,0.15494591495225798,0.15494591495178459,0.15494591495111426,0.1549459149505546,0.15494591495111426,0.15494591495178459,0.1549459149514317,0.1549459149505546,0.15494591494973836,0.1549459149505546,0.1549459149514317,0.15494591495178459,0.15494591495111426,0.1549459149505546,0.15494591495111426,0.15494591495178459,0.15494591495225798,0.15494591495178459,0.1549459149514317,0.15494591495178459,0.15494591495225798,0.15357822098061366,0.15357822097942547,0.15357822097844476,0.15357822097942547,0.15357822098061366,0.15357822097942547,0.15357822097751606,0.15357822097561688,0.15357822097751606,0.15357822097942547,0.15357822097844476,0.15357822097561688,0.15357822097214513,0.15357822097561688,0.15357822097844476,0.15357822097942547,0.15357822097751606,0.15357822097561688,0.15357822097751606,0.15357822097942547,0.15357822098061366,0.15357822097942547,0.15357822097844476,0.15357822097942547,0.15357822098061366,0.15223780413232962,0.15223780412971621,0.1522378041272319,0.15223780412971621,0.15223780413232962,0.15223780412971621,0.15223780412476312,0.1522378041184308,0.15223780412476312,0.15223780412971621,0.1522378041272319,0.1522378041184308,0.15223780410174023,0.1522378041184308,0.1522378041272319,0.15223780412971621,0.15223780412476312,0.1522378041184308,0.15223780412476312,0.15223780412971621,0.15223780413232962,0.15223780412971621,0.1522378041272319,0.15223780412971621,0.15223780413232962,0.1509240932159891,0.15092409321151024,0.150924093206471,0.15092409321151024,0.1509240932159891,0.15092409321151024,0.15092409320129993,0.15092409318294805,0.15092409320129993,0.15092409321151024,0.150924093206471,0.15092409318294805,0.15092409309209665,0.15092409318294805,0.150924093206471,0.15092409321151024,0.15092409320129993,0.15092409318294805,0.15092409320129993,0.15092409321151024,0.1509240932159891,0.15092409321151024,0.150924093206471,0.15092409321151024,0.1509240932159891,0.1496365233738059,0.14963652336930794,0.14963652336444036,0.14963652336930794,0.1496365233738059,0.14963652336930794,0.14963652335946329,0.14963652334320512,0.14963652335946329,0.14963652336930794,0.14963652336444036,0.14963652334320512,0.1496365232730501,0.14963652334320512,0.14963652336444036,0.14963652336930794,0.14963652335946329,0.14963652334320512,0.14963652335946329,0.14963652336930794,0.1496365233738059,0.14963652336930794,0.14963652336444036,0.14963652336930794,0.1496365233738059,0.14837453666233325,0.1483745366590744,0.14837453665570752,0.1483745366590744,0.14837453666233325,0.1483745366590744,0.14837453665229783,0.14837453664184613,0.14837453665229783,0.1483745366590744,0.14837453665570752,0.14837453664184613,0.1483745365997566,0.14837453664184613,0.14837453665570752,0.1483745366590744,0.14837453665229783,0.14837453664184613,0.14837453665229783,0.1483745366590744,0.14837453666233325,0.1483745366590744,0.14837453665570752,0.1483745366590744,0.14837453666233325,0.14713758256196383,0.1471375825603391,0.14713758255874376,0.1471375825603391,0.14713758256196383,0.1471375825603391,0.14713758255715137,0.1471375825525547,0.14713758255715137,0.1471375825603391,0.14713758255874376,0.1471375825525547,0.14713758253510964,0.1471375825525547,0.14713758255874376,0.1471375825603391,0.14713758255715137,0.1471375825525547,0.14713758255715137,0.1471375825603391,0.14713758256196383,0.1471375825603391,0.14713758255874376,0.1471375825603391,0.14713758256196383,0.1459251184165069,0.1459251184164435,0.14592511841647768,0.1459251184164435,0.1459251184165069,0.1459251184164435,0.14592511841653982,0.14592511841710018,0.14592511841653982,0.1459251184164435,0.14592511841647768,0.14592511841710018,0.14592511842100248,0.14592511841710018,0.14592511841647768,0.1459251184164435,0.14592511841653982,0.14592511841710018,0.14592511841653982,0.1459251184164435,0.1459251184165069,0.1459251184164435,0.14592511841647768,0.1459251184164435,0.1459251184165069,0.14473660980759345,0.14473660980878092,0.14473660981009473,0.14473660980878092,0.14473660980759345,0.14473660980878092,0.14473660981144768,0.14473660981595998,0.14473660981144768,0.14473660980878092,0.14473660981009473,0.14473660981595998,0.14473660983596773,0.14473660981595998,0.14473660981009473,0.14473660980878092,0.14473660981144768,0.14473660981595998,0.14473660981144768,0.14473660980878092,0.14473660980759345,0.14473660980878092,0.14473660981009473,0.14473660980878092,0.14473660980759345,0.1435715308699393,0.1435715308719636,0.14357153087411564,0.1435715308719636,0.1435715308699393,0.1435715308719636,0.14357153087630845,0.14357153088331948,0.14357153087630845,0.1435715308719636,0.14357153087411564,0.14357153088331948,0.14357153091312633,0.14357153088331948,0.14357153087411564,0.1435715308719636,0.14357153087630845,0.14357153088331948,0.14357153087630845,0.1435715308719636,0.1435715308699393,0.1435715308719636,0.14357153087411564,0.1435715308719636,0.1435715308699393,0.1424293645529435,0.14242936455537875,0.14242936455794047,0.14242936455537875,0.1424293645529435,0.14242936455537875,0.14242936456053912,0.1424293645688157,0.14242936456053912,0.14242936455537875,0.14242936455794047,0.1424293645688157,0.1424293646040815,0.1424293645688157,0.14242936455794047,0.14242936455537875,0.14242936456053912,0.1424293645688157,0.14242936456053912,0.14242936455537875,0.1424293645529435,0.14242936455537875,0.14242936455794047,0.14242936455537875,0.1424293645529435,0.1413096028336003,0.14130960283602337,0.1413096028385213,0.14130960283602337,0.1413096028336003,0.14130960283602337,0.1413096028410366,0.1413096028489522,0.1413096028410366,0.14130960283602337,0.1413096028385213,0.1413096028489522,0.1413096028825922,0.1413096028489522,0.1413096028385213,0.14130960283602337,0.1413096028410366,0.1413096028489522,0.1413096028410366,0.14130960283602337,0.1413096028336003,0.14130960283602337,0.1413096028385213,0.14130960283602337,0.1413096028336003,0.14021174688541513,0.14021174688757704,0.14021174688965482,0.14021174688757704,0.14021174688541513,0.14021174688757704,0.14021174689170576,0.1402117468976302,0.14021174689170576,0.14021174688757704,0.14021174688965482,0.1402117468976302,0.14021174692099508,0.1402117468976302,0.14021174688965482,0.14021174688757704,0.14021174689170576,0.1402117468976302,0.14021174689170576,0.14021174688757704,0.14021174688541513,0.14021174688757704,0.14021174688965482,0.14021174688757704,0.14021174688541513,0.1391353072071836,0.13913530720937156,0.13913530721125655,0.13913530720937156,0.1391353072071836,0.13913530720937156,0.13913530721307485,0.13913530721704898,0.13913530721307485,0.13913530720937156,0.13913530721125655,0.13913530721704898,0.13913530722538794,0.13913530721704898,0.13913530721125655,0.13913530720937156,0.13913530721307485,0.13913530721704898,0.13913530721307485,0.13913530720937156,0.1391353072071836,0.13913530720937156,0.13913530721125655,0.13913530720937156,0.1391353072071836,0.13807980371509812,0.13807980371832174,0.1380798037214353,0.13807980371832174,0.13807980371509812,0.13807980371832174,0.13807980372454773,0.1380798037326865,0.13807980372454773,0.13807980371832174,0.1380798037214353,0.1380798037326865,0.13807980375468948,0.1380798037326865,0.1380798037214353,0.13807980371832174,0.13807980372454773,0.1380798037326865,0.13807980372454773,0.13807980371832174,0.13807980371509812,0.13807980371832174,0.1380798037214353,0.13807980371832174,0.13807980371509812,0.1370447658020939,0.13704476580670985,0.13704476581219605,0.13704476580670985,0.1370447658020939,0.13704476580670985,0.1370447658178577,0.13704476583986872,0.1370447658178577,0.13704476580670985,0.13704476581219605,0.13704476583986872,0.13704476596086868,0.13704476583986872,0.13704476581219605,0.13704476580670985,0.1370447658178577,0.13704476583986872,0.1370447658178577,0.13704476580670985,0.1370447658020939,0.13704476580670985,0.13704476581219605,0.13704476580670985,0.1370447658020939,0.13602973237092694,0.1360297323740792,0.13602973237713947,0.1360297323740792,0.13602973237092694,0.1360297323740792,0.13602973238019822,0.13602973238831514,0.13602973238019822,0.1360297323740792,0.13602973237713947,0.13602973238831514,0.13602973241071462,0.13602973238831514,0.13602973237713947,0.1360297323740792,0.13602973238019822,0.13602973238831514,0.13602973238019822,0.1360297323740792,0.13602973237092694,0.1360297323740792,0.13602973237713947,0.1360297323740792,0.13602973237092694,0.13503425184646925,0.13503425184842868,0.13503425185003967,0.13503425184842868,0.13503425184646925,0.13503425184842868,0.13503425185156406,0.13503425185465803,0.13503425185156406,0.13503425184842868,0.13503425185003967,0.13503425185465803,0.1350342518602619,0.13503425185465803,0.13503425185003967,0.13503425184842868,0.13503425185156406,0.13503425185465803,0.1350342518515642,0.13503425184842868,0.13503425184646925,0.13503425184842868,0.13503425185003967,0.13503425184842868,0.13503425184646925
0.16533248786305504,0.16533248786305457,0.16533248786305435,0.16533248786305457,0.16533248786305504,0.16533248786305457,0.16533248786305435,0.1653324878630541,0.16533248786305435,0.16533248786305457,0.16533248786305435,0.1653324878630541,0.16533248786305388,0.1653324878630541,0.16533248786305435,0.16533248786305457,0.16533248786305435,0.1653324878630541,0.16533248786305435,0.16533248786305457,0.16533248786305504,0.16533248786305457,0.16533248786305435,0.16533248786305457,0.1653324878630548,0.16375749414271365,0.16375749414271296,0.1637574941427125,0.16375749414271296,0.16375749414271365,0.16375749414271296,0.16375749414271226,0.16375749414271157,0.16375749414271226,0.16375749414271296,0.1637574941427125,0.16375749414271157,0.16375749414271112,0.16375749414271157,0.1637574941427125,0.16375749414271296,0.16375749414271226,0.16375749414271157,0.16375749414271226,0.16375749414271296,0.16375749414271365,0.16375749414271296,0.1637574941427125,0.16375749414271296,0.16375749414271365,0.16221388435429973,0.16221388435429723,0.16221388435429587,0.16221388435429723,0.16221388435429973,0.16221388435429723,0.16221388435429498,0.16221388435429338,0.16221388435429498,0.16221388435429723,0.16221388435429587,0.16221388435429338,0.16221388435429157,0.16221388435429338,0.16221388435429587,0.16221388435429723,0.16221388435429498,0.16221388435429338,0.16221388435429498,0.16221388435429723,0.16221388435429973,0.16221388435429723,0.16221388435429587,0.16221388435429723,0.16221388435429973,0.16070106745485613,0.16070106745484902,0.16070106745484458,0.16070106745484924,0.16070106745485613,0.16070106745484902,0.16070106745484145,0.16070106745483634,0.16070106745484145,0.16070106745484902,0.16070106745484458,0.16070106745483634,0.160701067454831,0.16070106745483634,0.16070106745484458,0.16070106745484924,0.16070106745484145,0.16070106745483634,0.16070106745484145,0.16070106745484924,0.16070106745485613,0.16070106745484902,0.16070106745484458,0.16070106745484924,0.16070106745485613,0.15921845181937094,0.15921845181935004,0.15921845181933633,0.15921845181935004,0.15921845181937094,0.15921845181935004,0.15921845181932587,0.15921845181931,0.15921845181932587,0.15921845181935004,0.15921845181933633,0.15921845181931,0.15921845181929214,0.15921845181931,0.15921845181933633,0.15921845181935004,0.15921845181932587,0.15921845181931,0.15921845181932587,0.15921845181935004,0.15921845181937094,0.15921845181935004,0.15921845181933633,0.15921845181935004,0.15921845181937094,0.15776544659263986,0.15776544659257846,0.15776544659253766,0.15776544659257846,0.15776544659263986,0.15776544659257846,0.15776544659250438,0.15776544659245317,0.15776544659250438,0.15776544659257846,0.15776544659253766,0.15776544659245317,0.15776544659239344,0.15776544659245317,0.15776544659253766,0.15776544659257846,0.15776544659250438,0.15776544659245317,0.15776544659250438,0.15776544659257846,0.15776544659263986,0.15776544659257846,0.15776544659253766,0.15776544659257846,0.15776544659263986,0.1563414629036259,0.15634146290345152,0.15634146290333023,0.15634146290345152,0.1563414629036259,0.15634146290345152,0.15634146290322673,0.15634146290305923,0.15634146290322673,0.15634146290345152,0.15634146290333023,0.15634146290305923,0.15634146290284678,0.15634146290305923,0.15634146290333023,0.15634146290345152,0.15634146290322673,0.15634146290305923,0.15634146290322673,0.15634146290345152,0.1563414629036259,0.15634146290345152,0.15634146290333023,0.15634146290345152,0.1563414629036259,0.154945914952616,0.15494591495214366,0.15494591495179133,0.15494591495214366,0.154945914952616,0.15494591495214366,0.15494591495147453,0.15494591495091567,0.15494591495147453,0.15494591495214366,0.15494591495179133,0.15494591495091567,0.15494591495010107,0.15494591495091567,0.15494591495179133,0.15494591495214366,0.15494591495147453,0.15494591495091567,0.15494591495147453,0.15494591495214366,0.154945914952616,0.15494591495214366,0.15494591495179133,0.15494591495214366,0.154945914952616,0.15357822098096152,0.15357822097977553,0.15357822097879664,0.15357822097977553,0.15357822098096152,0.15357822097977553,0.15357822097786955,0.15357822097597357,0.15357822097786955,0.15357822097977553,0.15357822097879664,0.15357822097597357,0.15357822097250784,0.15357822097597357,0.15357822097879664,0.15357822097977553,0.15357822097786955,0.15357822097597357,0.15357822097786955,0.15357822097977553,0.15357822098096152,0.15357822097977553,0.15357822097879664,0.15357822097977553,0.15357822098096152,0.15223780413266327,0.15223780413005458,0.1522378041275746,0.15223780413005458,0.15223780413266327,0.15223780413005458,0.15223780412511018,0.15223780411878868,0.15223780412511018,0.15223780413005458,0.1522378041275746,0.15223780411878868,0.1522378041021268,0.15223780411878868,0.1522378041275746,0.15223780413005458,0.15223780412511018,0.15223780411878868,0.15223780412511018,0.15223780413005458,0.15223780413266327,0.15223780413005458,0.1522378041275746,0.15223780413005458,0.15223780413266327,0.15092409321629868,0.15092409321182818,0.15092409320679778,0.15092409321182818,0.15092409321629868,0.15092409321182818,0.15092409320163602,0.15092409318331576,0.15092409320163602,0.15092409321182818,0.15092409320679778,0.15092409318331576,0.15092409309260055,0.15092409318331576,0.15092409320679778,0.15092409321182818,0.15092409320163602,0.15092409318331576,0.15092409320163602,0.15092409321182818,0.15092409321629868,0.15092409321182818,0.15092409320679778,0.15092409321182818,0.15092409321629868,0.14963652337407457,0.14963652336958572,0.14963652336472738,0.14963652336958572,0.14963652337407457,0.14963652336958572,0.14963652335975977,0.14963652334353109,0.14963652335975977,0.14963652336958572,0.14963652336472738,0.14963652334353109,0.14963652327348936,0.14963652334353109,0.14963652336472738,0.14963652336958572,0.14963652335975977,0.14963652334353109,0.14963652335975977,0.14963652336958572,0.14963652337407457,0.14963652336958572,0.14963652336472738,0.14963652336958572,0.14963652337407457,0.1483745366625421,0.14837453665929182,0.14837453665593345,0.14837453665929182,0.1483745366625421,0.14837453665929182,0.14837453665253225,0.14837453664210615,0.14837453665253225,0.14837453665929182,0.14837453665593345,0.14837453664210615,0.14837453660010003,0.14837453664210615,0.14837453665593345,0.14837453665929182,0.14837453665253225,0.14837453664210615,0.14837453665253225,0.14837453665929182,0.1483745366625421,0.14837453665929182,0.14837453665593345,0.14837453665929182,0.1483745366625421,0.14713758256209444,0.14713758256047751,0.14713758255889,0.14713758256047751,0.14713758256209444,0.14713758256047751,0.1471375825573056,0.1471375825527335,0.1471375825573056,0.14713758256047751,0.14713758255889,0.1471375825527335,0.14713758253539305,0.1471375825527335,0.14713758255889,0.14713758256047751,0.1471375825573056,0.1471375825527335,0.1471375825573056,0.14713758256047751,0.14713758256209444,0.14713758256047751,0.14713758255889,0.14713758256047751,0.14713758256209444,0.14592511841654215,0.14592511841648517,0.1459251184165263,0.14592511841648517,0.14592511841654215,0.14592511841648517,0.14592511841659558,0.1459251184171791,0.14592511841659558,0.14592511841648517,0.1459251184165263,0.1459251184171791,0.14592511842119105,0.1459251184171791,0.1459251184165263,0.14592511841648517,0.14592511841659558,0.1459251184171791,0.14592511841659558,0.14592511841648517,0.14592511841654215,0.14592511841648517,0.1459251184165263,0.14592511841648517,0.14592511841654215,0.14473660980751857,0.1447366098087097,0.14473660981002737,0.1447366098087097,0.14473660980751857,0.1447366098087097,0.14473660981138411,0.14473660981590988,0.14473660981138411,0.1447366098087097,0.14473660981002737,0.14473660981590988,0.14473660983600073,0.14473660981590988,0.14473660981002737,0.1447366098087097,0.14473660981138411,0.14473660981590988,0.14473660981138411,0.1447366098087097,0.14473660980751857,0.1447366098087097,0.14473660981002737,0.1447366098087097,0.14473660980751857,0.14357153086974594,0.14357153087176933,0.14357153087392058,0.14357153087176933,0.14357153086974594,0.14357153087176933,0.1435715308761127,0.14357153088312166,0.1435715308761127,0.14357153087176933,0.14357153087392058,0.14357153088312166,0.14357153091288796,0.14357153088312166,0.14357153087392058,0.14357153087176933,0.1435715308761127,0.14357153088312166,0.1435715308761127,0.14357153087176933,0.14357153086974594,0.14357153087176933,0.14357153087392058,0.14357153087176933,0.14357153086974594,0.1424293645526318,0.14242936455506136,0.14242936455761723,0.14242936455506136,0.1424293645526318,0.14242936455506136,0.14242936456021002,0.14242936456846977,0.14242936456021002,0.14242936455506136,0.14242936455761723,0.14242936456846977,0.14242936460366867,0.14242936456846977,0.14242936455761723,0.14242936455506136,0.14242936456021002,0.14242936456846977,0.14242936456021002,0.14242936455506136,0.1424293645526318,0.14242936455506136,0.14242936455761723,0.14242936455506136,0.1424293645526318,0.1413096028331806,0.14130960283559316,0.1413096028380794,0.14130960283559296,0.1413096028331806,0.14130960283559316,0.14130960284058253,0.1413096028484563,0.14130960284058253,0.14130960283559296,0.1413096028380794,0.1413096028484563,0.14130960288191313,0.1413096028484563,0.1413096028380794,0.14130960283559296,0.14130960284058253,0.1413096028484563,0.14130960284058253,0.14130960283559316,0.1413096028331806,0.14130960283559296,0.1413096028380794,0.14130960283559316,0.1413096028331806,0.14021174688490767,0.14021174688705831,0.14021174688912347,0.14021174688705831,0.14021174688490767,0.14021174688705831,0.14021174689116186,0.14021174689704338,0.14021174689116186,0.14021174688705831,0.14021174688912347,0.14021174689704338,0.14021174692019625,0.14021174689704338,0.14021174688912347,0.14021174688705831,0.14021174689116186,0.14021174689704338,0.14021174689116186,0.14021174688705831,0.14021174688490767,0.14021174688705831,0.14021174688912347,0.14021174688705831,0.14021174688490767,0.13913530720661027,0.13913530720878953,0.13913530721066647,0.13913530720878953,0.13913530720661027,0.13913530720878953,0.13913530721247672,0.13913530721643202,0.13913530721247672,0.13913530720878953,0.13913530721066647,0.13913530721643202,0.13913530722472578,0.13913530721643202,0.13913530721066647,0.13913530720878953,0.13913530721247672,0.13913530721643202,0.13913530721247672,0.13913530720878953,0.13913530720661027,0.13913530720878953,0.13913530721066647,0.13913530720878953,0.13913530720661027,0.13807980371447612,0.13807980371769102,0.1380798037207962,0.13807980371769088,0.13807980371447612,0.13807980371769102,0.1380798037239006,0.13807980373201872,0.1380798037239006,0.13807980371769102,0.1380798037207962,0.13807980373201872,0.13807980375396886,0.13807980373201872,0.1380798037207962,0.13807980371769088,0.1380798037239006,0.13807980373201872,0.1380798037239006,0.13807980371769088,0.13807980371447612,0.13807980371769102,0.1380798037207962,0.13807980371769088,0.13807980371447612,0.13704476580144073,0.13704476580604588,0.13704476581151978,0.13704476580604588,0.13704476580144073,0.13704476580604588,0.13704476581716882,0.1370447658391316,0.13704476581716882,0.13704476580604588,0.13704476581151978,0.1370447658391316,0.13704476595984438,0.1370447658391316,0.13704476581151978,0.13704476580604588,0.13704476581716882,0.1370447658391316,0.13704476581716882,0.13704476580604588,0.13704476580144073,0.13704476580604588,0.13704476581151978,0.13704476580604588,0.13704476580144057,0.13602973237026358,0.13602973237340868,0.13602973237646224,0.13602973237340868,0.13602973237026358,0.13602973237340868,0.1360297323795143,0.13602973238761346,0.1360297323795143,0.13602973237340868,0.13602973237646224,0.13602973238761346,0.1360297324099646,0.13602973238761346,0.13602973237646224,0.13602973237340868,0.1360297323795143,0.13602973238761346,0.1360297323795143,0.13602973237340868,0.13602973237026358,0.13602973237340868,0.13602973237646224,0.13602973237340868,0.13602973237026358,0.13503425184580986,0.13503425184776507,0.13503425184937237,0.13503425184776507,0.13503425184580986,0.13503425184776507,0.13503425185089354,0.13503425185398063,0.13503425185089354,0.13503425184776507,0.13503425184937237,0.13503425185398063,0.1350342518595724,0.13503425185398063,0.13503425184937237,0.13503425184776507,0.13503425185089354,0.13503425185398063,0.13503425185089354,0.13503425184776507,0.13503425184580986,0.13503425184776507,0.13503425184937237,0.13503425184776507,0.13503425184580986
0.1653324878634659,0.16533248786346563,0.1653324878634654,0.16533248786346563,0.1653324878634659,0.16533248786346563,0.1653324878634654,0.1653324878634652,0.1653324878634654,0.16533248786346563,0.1653324878634654,0.1653324878634652,0.16533248786346497,0.1653324878634652,0.1653324878634654,0.16533248786346563,0.1653324878634654,0.1653324878634652,0.1653324878634654,0.16533248786346563,0.1653324878634659,0.16533248786346563,0.1653324878634654,0.16533248786346563,0.1653324878634659,0.16375749414311658,0.16375749414311586,0.1637574941431154,0.16375749414311586,0.16375749414311658,0.16375749414311586,0.16375749414311494,0.16375749414311447,0.16375749414311494,0.16375749414311586,0.1637574941431154,0.16375749414311447,0.163757494143114,0.16375749414311447,0.1637574941431154,0.16375749414311586,0.16375749414311494,0.16375749414311447,0.16375749414311494,0.16375749414311586,0.16375749414311658,0.16375749414311586,0.1637574941431154,0.16375749414311586,0.16375749414311658,0.16221388435469436,0.1622138843546921,0.1622138843546905,0.1622138843546921,0.16221388435469436,0.1622138843546921,0.16221388435468964,0.16221388435468803,0.16221388435468964,0.1622138843546921,0.1622138843546905,0.16221388435468803,0.16221388435468642,0.16221388435468803,0.1622138843546905,0.1622138843546921,0.16221388435468964,0.16221388435468803,0.16221388435468964,0.1622138843546921,0.16221388435469436,0.1622138843546921,0.1622138843546905,0.1622138843546921,0.16221388435469436,0.16070106745524287,0.1607010674552358,0.16070106745523133,0.1607010674552358,0.16070106745524287,0.1607010674552358,0.16070106745522822,0.1607010674552231,0.16070106745522822,0.1607010674552358,0.16070106745523133,0.1607010674552231,0.16070106745521778,0.1607010674552231,0.16070106745523133,0.1607010674552358,0.16070106745522822,0.1607010674552231,0.16070106745522822,0.1607010674552358,0.16070106745524287,0.1607010674552358,0.16070106745523133,0.1607010674552358,0.16070106745524287,0.15921845181974978,0.15921845181972888,0.15921845181971536,0.15921845181972888,0.15921845181974978,0.15921845181972888,0.15921845181970493,0.1592184518196888,0.15921845181970493,0.15921845181972888,0.15921845181971536,0.1592184518196888,0.15921845181967118,0.1592184518196888,0.15921845181971536,0.15921845181972888,0.15921845181970493,0.1592184518196888,0.15921845181970493,0.15921845181972888,0.15921845181974978,0.15921845181972888,0.15921845181971536,0.15921845181972888,0.15921845181974978,0.15776544659301095,0.1577654465929497,0.15776544659290873,0.1577654465929497,0.15776544659301095,0.1577654465929497,0.15776544659287564,0.15776544659282443,0.15776544659287564,0.1577654465929497,0.15776544659290873,0.15776544659282443,0.15776544659276492,0.15776544659282443,0.15776544659290873,0.1577654465929497,0.15776544659287564,0.15776544659282443,0.15776544659287564,0.1577654465929497,0.15776544659301095,0.1577654465929497,0.15776544659290873,0.1577654465929497,0.15776544659301095,0.1563414629039889,0.15634146290381493,0.15634146290369388,0.15634146290381493,0.1563414629039889,0.15634146290381493,0.15634146290359058,0.1563414629034233,0.15634146290359058,0.15634146290381493,0.15634146290369388,0.1563414629034233,0.15634146290321124,0.1563414629034233,0.15634146290369388,0.15634146290381493,0.15634146290359058,0.1563414629034233,0.15634146290359058,0.15634146290381493,0.1563414629039889,0.15634146290381493,0.15634146290369388,0.15634146290381493,0.1563414629039889,0.15494591495297075,0.154945914952499,0.1549459149521473,0.154945914952499,0.15494591495297075,0.154945914952499,0.1549459149518311,0.15494591495127327,0.1549459149518311,0.154945914952499,0.1549459149521473,0.15494591495127327,0.1549459149504599,0.15494591495127327,0.1549459149521473,0.154945914952499,0.1549459149518311,0.15494591495127327,0.1549459149518311,0.154945914952499,0.15494591495297075,0.154945914952499,0.1549459149521473,0.154945914952499,0.15494591495297075,0.1535782209813062,0.15357822098012242,0.15357822097914509,0.15357822098012242,0.1535782209813062,0.15357822098012242,0.1535782209782194,0.15357822097632687,0.1535782209782194,0.15357822098012242,0.15357822097914509,0.15357822097632687,0.15357822097286694,0.15357822097632687,0.15357822097914509,0.15357822098012242,0.1535782209782194,0.15357822097632687,0.1535782209782194,0.15357822098012242,0.1535782209813062,0.15357822098012242,0.15357822097914509,0.15357822098012242,0.1535782209813062,0.15223780413299356,0.1522378041303896,0.15223780412791393,0.1522378041303896,0.15223780413299356,0.1522378041303896,0.15223780412545385,0.15223780411914317,0.15223780412545385,0.1522378041303896,0.15223780412791393,0.15223780411914317,0.15223780410250964,0.15223780411914317,0.15223780412791393,0.1522378041303896,0.15223780412545385,0.15223780411914317,0.15223780412545385,0.1522378041303896,0.15223780413299356,0.1522378041303896,0.15223780412791393,0.1522378041303896,0.15223780413299356,0.15092409321660544,0.1509240932121428,0.15092409320712133,0.1509240932121428,0.15092409321660544,0.1509240932121428,0.15092409320196862,0.15092409318368,0.15092409320196862,0.1509240932121428,0.15092409320712133,0.15092409318368,0.15092409309308633,0.15092409318368,0.15092409320712133,0.1509240932121428,0.15092409320196862,0.15092409318368,0.15092409320196862,0.1509240932121428,0.15092409321660544,0.1509240932121428,0.15092409320712133,0.1509240932121428,0.15092409321660544,0.1496365233743406,0.14963652336986044,0.14963652336501138,0.14963652336986044,0.1496365233743406,0.14963652336986044,0.14963652336005343,0.14963652334385386,0.14963652336005343,0.14963652336986044,0.14963652336501138,0.14963652334385386,0.149636523273935,0.14963652334385386,0.14963652336501138,0.14963652336986044,0.14963652336005343,0.14963652334385386,0.14963652336005343,0.14963652336986044,0.1496365233743406,0.14963652336986044,0.14963652336501138,0.14963652336986044,0.1496365233743406,0.14837453666274858,0.1483745366595066,0.14837453665615677,0.1483745366595066,0.14837453666274858,0.1483745366595066,0.1483745366527643,0.1483745366423634,0.1483745366527643,0.1483745366595066,0.14837453665615677,0.1483745366423634,0.14837453660046865,0.1483745366423634,0.14837453665615677,0.1483745366595066,0.1483745366527643,0.1483745366423634,0.1483745366527643,0.1483745366595066,0.14837453666274858,0.1483745366595066,0.14837453665615677,0.1483745366595066,0.14837453666274858,0.14713758256222342,0.14713758256061413,0.1471375825590346,0.14713758256061413,0.14713758256222342,0.14713758256061413,0.147137582557458,0.14713758255290985,0.147137582557458,0.14713758256061413,0.1471375825590346,0.14713758255290985,0.1471375825356621,0.14713758255290985,0.1471375825590346,0.14713758256061413,0.147137582557458,0.14713758255290985,0.147137582557458,0.14713758256061413,0.14713758256222342,0.14713758256061413,0.1471375825590346,0.14713758256061413,0.14713758256222342,0.14592511841657668,0.1459251184165261,0.14592511841657402,0.1459251184165261,0.14592511841657668,0.1459251184165261,0.14592511841665023,0.14592511841725672,0.14592511841665023,0.1459251184165261,0.14592511841657402,0.14592511841725672,0.1459251184213641,0.14592511841725672,0.14592511841657402,0.1459251184165261,0.14592511841665023,0.14592511841725672,0.14592511841665023,0.1459251184165261,0.14592511841657668,0.1459251184165261,0.14592511841657402,0.1459251184165261,0.14592511841657668,0.14473660980744438,0.1447366098086388,0.14473660980996034,0.1447366098086388,0.14473660980744438,0.1447366098086388,0.14473660981132114,0.14473660981586012,0.14473660981132114,0.1447366098086388,0.14473660980996034,0.14473660981586012,0.14473660983603215,0.14473660981586012,0.14473660980996034,0.1447366098086388,0.14473660981132114,0.14473660981586012,0.14473660981132114,0.1447366098086388,0.14473660980744438,0.1447366098086388,0.14473660980996034,0.1447366098086388,0.14473660980744438,0.1435715308695543,0.14357153087157684,0.1435715308737274,0.14357153087157684,0.1435715308695543,0.14357153087157684,0.14357153087591884,0.14357153088292593,0.14357153087591884,0.14357153087157684,0.1435715308737274,0.14357153088292593,0.14357153091267183,0.14357153088292593,0.1435715308737274,0.14357153087157684,0.14357153087591884,0.14357153088292593,0.14357153087591884,0.14357153087157684,0.1435715308695543,0.14357153087157684,0.1435715308737274,0.14357153087157684,0.1435715308695543,0.14242936455232313,0.14242936455474683,0.142429364557297,0.14242936455474683,0.14242936455232313,0.14242936455474683,0.1424293645598841,0.14242936456812724,0.1424293645598841,0.14242936455474683,0.142429364557297,0.14242936456812724,0.14242936460328234,0.14242936456812724,0.142429364557297,0.14242936455474683,0.1424293645598841,0.14242936456812724,0.1424293645598841,0.14242936455474683,0.14242936455232313,0.14242936455474683,0.142429364557297,0.14242936455474683,0.14242936455232313,0.1413096028327648,0.14130960283516683,0.14130960283764138,0.14130960283516683,0.1413096028327648,0.14130960283516683,0.1413096028401327,0.14130960284796507,0.1413096028401327,0.14130960283516683,0.14130960283764138,0.14130960284796507,0.14130960288121627,0.14130960284796507,0.14130960283764138,0.14130960283516683,0.1413096028401327,0.14130960284796507,0.1413096028401327,0.14130960283516683,0.1413096028327648,0.14130960283516683,0.14130960283764138,0.14130960283516683,0.1413096028327648,0.14021174688440488,0.14021174688654423,0.14021174688859714,0.14021174688654423,0.14021174688440488,0.14021174688654423,0.14021174689062296,0.1402117468964619,0.14021174689062296,0.14021174688654423,0.14021174688859714,0.1402117468964619,0.14021174691941368,0.14021174689646174,0.14021174688859714,0.14021174688654423,0.14021174689062296,0.14021174689646174,0.14021174689062296,0.14021174688654423,0.14021174688440488,0.14021174688654423,0.14021174688859714,0.14021174688654423,0.14021174688440488,0.13913530720604234,0.1391353072082129,0.1391353072100818,0.1391353072082129,0.13913530720604234,0.1391353072082129,0.13913530721188427,0.13913530721582074,0.13913530721188427,0.1391353072082129,0.1391353072100818,0.13913530721582074,0.13913530722406978,0.13913530721582074,0.1391353072100818,0.1391353072082129,0.13913530721188427,0.13913530721582074,0.13913530721188427,0.1391353072082129,0.13913530720604234,0.1391353072082129,0.1391353072100818,0.1391353072082129,0.13913530720604234,0.1380798037138601,0.13807980371706607,0.13807980372016318,0.13807980371706607,0.1380798037138601,0.13807980371706607,0.13807980372325934,0.13807980373135717,0.13807980372325934,0.13807980371706607,0.13807980372016318,0.13807980373135717,0.1380798037532552,0.13807980373135717,0.13807980372016318,0.13807980371706607,0.13807980372325934,0.13807980373135717,0.13807980372325934,0.13807980371706607,0.1380798037138601,0.13807980371706607,0.13807980372016318,0.13807980371706607,0.1380798037138601,0.1370447658007935,0.13704476580538813,0.1370447658108499,0.13704476580538813,0.1370447658007935,0.13704476580538813,0.1370447658164863,0.13704476583840136,0.1370447658164863,0.13704476580538813,0.1370447658108499,0.13704476583840136,0.13704476595887163,0.13704476583840136,0.1370447658108499,0.13704476580538813,0.1370447658164863,0.13704476583840136,0.1370447658164863,0.13704476580538813,0.1370447658007935,0.13704476580538813,0.1370447658108499,0.13704476580538813,0.1370447658007935,0.13602973236960644,0.1360297323727447,0.13602973237579155,0.1360297323727447,0.13602973236960644,0.1360297323727447,0.13602973237883687,0.13602973238691846,0.13602973237883687,0.1360297323727447,0.13602973237579155,0.13602973238691846,0.13602973240922162,0.13602973238691846,0.13602973237579155,0.1360297323727447,0.13602973237883687,0.13602973238691846,0.13602973237883687,0.1360297323727447,0.13602973236960644,0.1360297323727447,0.13602973237579155,0.1360297323727447,0.13602973236960644,0.13503425184515674,0.13503425184710757,0.1350342518487115,0.13503425184710757,0.13503425184515674,0.13503425184710757,0.13503425185022935,0.13503425185330972,0.13503425185022935,0.13503425184710757,0.1350342518487115,0.13503425185330972,0.13503425185888945,0.13503425185330972,0.1350342518487115,0.13503425184710757,0.13503425185022935,0.13503425185330972,0.13503425185022935,0.13503425184710757,0.13503425184515674,0.13503425184710757,0.1350342518487115,0.13503425184710757,0.13503425184515674
0.16533248786387322,0.16533248786387272,0.16533248786387272,0.16533248786387272,0.16533248786387322,0.16533248786387272,0.1653324878638725,0.16533248786387228,0.1653324878638725,0.16533248786387272,0.16533248786387272,0.16533248786387228,0.16533248786387203,0.16533248786387228,0.1653324878638725,0.16533248786387272,0.1653324878638725,0.16533248786387228,0.1653324878638725,0.16533248786387272,0.16533248786387322,0.16533248786387272,0.1653324878638725,0.16533248786387272,0.16533248786387322,0.16375749414351554,0.16375749414351484,0.16375749414351437,0.16375749414351484,0.16375749414351554,0.16375749414351484,0.16375749414351415,0.16375749414351345,0.16375749414351415,0.16375749414351484,0.16375749414351437,0.16375749414351345,0.16375749414351298,0.16375749414351345,0.16375749414351437,0.16375749414351484,0.16375749414351415,0.16375749414351345,0.16375749414351415,0.16375749414351484,0.16375749414351554,0.16375749414351484,0.16375749414351437,0.16375749414351484,0.16375749414351554,0.16221388435508538,0.16221388435508313,0.16221388435508152,0.16221388435508313,0.16221388435508538,0.16221388435508313,0.1622138843550806,0.16221388435507902,0.1622138843550806,0.16221388435508313,0.16221388435508152,0.16221388435507902,0.16221388435507744,0.16221388435507902,0.16221388435508152,0.16221388435508313,0.1622138843550806,0.16221388435507902,0.1622138843550806,0.16221388435508313,0.16221388435508538,0.16221388435508313,0.16221388435508152,0.16221388435508313,0.16221388435508538,0.1607010674556259,0.160701067455619,0.16070106745561455,0.160701067455619,0.1607010674556261,0.160701067455619,0.16070106745561122,0.16070106745560633,0.16070106745561122,0.160701067455619,0.16070106745561455,0.16070106745560633,0.16070106745560075,0.16070106745560633,0.16070106745561455,0.160701067455619,0.16070106745561122,0.16070106745560633,0.16070106745561122,0.160701067455619,0.1607010674556261,0.160701067455619,0.16070106745561455,0.160701067455619,0.1607010674556261,0.15921845182012512,0.15921845182010422,0.15921845182009073,0.15921845182010422,0.15921845182012512,0.15921845182010422,0.15921845182008026,0.15921845182006417,0.15921845182008026,0.15921845182010422,0.15921845182009073,0.15921845182006417,0.1592184518200465,0.15921845182006436,0.15921845182009073,0.15921845182010422,0.15921845182008026,0.15921845182006436,0.15921845182008026,0.15921845182010422,0.15921845182012512,0.15921845182010422,0.15921845182009073,0.15921845182010422,0.15921845182012512,0.15776544659337835,0.15776544659331732,0.15776544659327657,0.15776544659331732,0.15776544659337835,0.15776544659331732,0.1577654465932435,0.1577654465931925,0.1577654465932435,0.15776544659331732,0.15776544659327657,0.1577654465931925,0.15776544659313274,0.1577654465931925,0.15776544659327657,0.15776544659331732,0.1577654465932435,0.1577654465931925,0.1577654465932435,0.15776544659331732,0.15776544659337835,0.15776544659331732,0.15776544659327657,0.15776544659331732,0.15776544659337835,0.1563414629043488,0.15634146290417505,0.15634146290405396,0.15634146290417505,0.1563414629043488,0.15634146290417505,0.1563414629039509,0.156341462903784,0.1563414629039509,0.15634146290417505,0.15634146290405396,0.156341462903784,0.1563414629035724,0.156341462903784,0.15634146290405396,0.15634146290417505,0.1563414629039509,0.156341462903784,0.1563414629039509,0.15634146290417505,0.1563414629043488,0.15634146290417505,0.15634146290405396,0.15634146290417505,0.1563414629043488,0.154945914953322,0.15494591495285126,0.1549459149525002,0.15494591495285126,0.154945914953322,0.15494591495285126,0.1549459149521844,0.15494591495162763,0.1549459149521844,0.15494591495285126,0.1549459149525002,0.15494591495162763,0.15494591495081567,0.15494591495162763,0.1549459149525002,0.15494591495285126,0.1549459149521844,0.15494591495162763,0.1549459149521844,0.15494591495285126,0.154945914953322,0.15494591495285126,0.1549459149525002,0.15494591495285126,0.154945914953322,0.1535782209816476,0.15357822098046583,0.15357822097949037,0.15357822098046583,0.1535782209816476,0.15357822098046583,0.15357822097856627,0.15357822097667692,0.15357822097856627,0.15357822098046583,0.15357822097949037,0.15357822097667692,0.15357822097322305,0.15357822097667692,0.15357822097949037,0.15357822098046583,0.15357822097856627,0.15357822097667692,0.15357822097856627,0.15357822098046583,0.1535782209816476,0.15357822098046583,0.15357822097949037,0.15357822098046583,0.1535782209816476,0.15223780413332094,0.15223780413072147,0.15223780412825014,0.15223780413072147,0.15223780413332094,0.15223780413072147,0.15223780412579418,0.15223780411949453,0.15223780412579418,0.15223780413072147,0.15223780412825014,0.15223780411949453,0.15223780410288934,0.15223780411949453,0.15223780412825014,0.15223780413072147,0.15223780412579418,0.15223780411949453,0.15223780412579418,0.15223780413072147,0.15223780413332094,0.15223780413072147,0.15223780412825014,0.15223780413072147,0.15223780413332094,0.1509240932169091,0.1509240932124546,0.15092409320744193,0.1509240932124546,0.1509240932169091,0.1509240932124546,0.15092409320229813,0.15092409318404112,0.15092409320229813,0.1509240932124546,0.15092409320744193,0.15092409318404112,0.15092409309363788,0.15092409318404112,0.15092409320744193,0.1509240932124546,0.15092409320229813,0.15092409318404112,0.15092409320229813,0.1509240932124546,0.1509240932169091,0.1509240932124546,0.15092409320744193,0.1509240932124546,0.1509240932169091,0.149636523374604,0.14963652337013272,0.14963652336529276,0.14963652337013272,0.149636523374604,0.14963652337013272,0.14963652336034405,0.14963652334417377,0.14963652336034405,0.14963652337013272,0.14963652336529276,0.14963652334417377,0.14963652327440016,0.14963652334417377,0.14963652336529276,0.14963652337013272,0.14963652336034405,0.14963652334417377,0.14963652336034405,0.14963652337013272,0.149636523374604,0.14963652337013272,0.14963652336529276,0.14963652337013272,0.149636523374604,0.148374536662953,0.14837453665971934,0.14837453665637804,0.14837453665971934,0.148374536662953,0.14837453665971934,0.14837453665299374,0.14837453664261785,0.14837453665299374,0.14837453665971934,0.14837453665637804,0.14837453664261785,0.1483745366007917,0.14837453664261785,0.14837453665637804,0.14837453665971934,0.14837453665299374,0.14837453664261785,0.14837453665299374,0.14837453665971934,0.148374536662953,0.14837453665971934,0.14837453665637804,0.14837453665971934,0.148374536662953,0.14713758256235113,0.14713758256074927,0.1471375825591774,0.14713758256074927,0.14713758256235113,0.14713758256074927,0.14713758255760878,0.14713758255308443,0.14713758255760878,0.14713758256074927,0.1471375825591774,0.14713758255308443,0.1471375825359202,0.14713758255308443,0.1471375825591774,0.14713758256074927,0.14713758255760878,0.14713758255308443,0.14713758255760878,0.14713758256074927,0.14713758256235113,0.14713758256074927,0.1471375825591774,0.14713758256074927,0.14713758256235113,0.14592511841661088,0.14592511841656655,0.14592511841662123,0.14592511841656655,0.14592511841661088,0.14592511841656655,0.1459251184167042,0.1459251184173331,0.1459251184167042,0.14592511841656655,0.14592511841662123,0.1459251184173331,0.14592511842153327,0.1459251184173331,0.14592511841662123,0.14592511841656655,0.1459251184167042,0.1459251184173331,0.1459251184167042,0.14592511841656655,0.14592511841661088,0.14592511841656655,0.14592511841662123,0.14592511841656655,0.14592511841661088,0.1447366098073709,0.14473660980856867,0.14473660980989383,0.14473660980856867,0.1447366098073709,0.14473660980856867,0.14473660981125847,0.14473660981581055,0.14473660981125847,0.14473660980856867,0.14473660980989383,0.14473660981581055,0.14473660983601191,0.14473660981581055,0.14473660980989383,0.14473660980856867,0.14473660981125847,0.14473660981581055,0.14473660981125847,0.14473660980856867,0.1447366098073709,0.14473660980856867,0.14473660980989383,0.14473660980856867,0.1447366098073709,0.14357153086936453,0.14357153087138624,0.14357153087353608,0.14357153087138624,0.14357153086936453,0.14357153087138624,0.14357153087572666,0.14357153088273222,0.14357153087572666,0.14357153087138624,0.14357153087353608,0.14357153088273222,0.14357153091252536,0.14357153088273222,0.14357153087353608,0.14357153087138624,0.14357153087572666,0.14357153088273222,0.14357153087572666,0.14357153087138624,0.14357153086936453,0.14357153087138624,0.14357153087353608,0.14357153087138624,0.14357153086936453,0.14242936455201735,0.14242936455443547,0.14242936455697996,0.14242936455443547,0.14242936455201735,0.14242936455443547,0.14242936455956112,0.14242936456778837,0.14242936455956112,0.14242936455443547,0.14242936455697996,0.14242936456778837,0.14242936460286618,0.14242936456778837,0.14242936455697996,0.14242936455443547,0.14242936455956112,0.14242936456778837,0.14242936455956112,0.14242936455443547,0.14242936455201735,0.14242936455443547,0.14242936455697996,0.14242936455443547,0.14242936455201735,0.141309602832353,0.14130960283474467,0.1413096028372077,0.14130960283474467,0.141309602832353,0.14130960283474467,0.1413096028396872,0.1413096028474784,0.1413096028396872,0.14130960283474467,0.1413096028372077,0.1413096028474784,0.14130960288053637,0.1413096028474784,0.1413096028372077,0.14130960283474467,0.1413096028396872,0.1413096028474784,0.1413096028396872,0.14130960283474467,0.141309602832353,0.14130960283474467,0.1413096028372077,0.14130960283474467,0.141309602832353,0.14021174688390678,0.14021174688603483,0.14021174688807564,0.14021174688603483,0.14021174688390678,0.14021174688603483,0.14021174689008903,0.14021174689588561,0.14021174689008903,0.14021174688603483,0.14021174688807564,0.14021174689588561,0.1402117469186416,0.14021174689588561,0.14021174688807564,0.14021174688603483,0.14021174689008903,0.14021174689588561,0.14021174689008903,0.14021174688603483,0.14021174688390678,0.14021174688603483,0.14021174688807564,0.14021174688603483,0.14021174688390678,0.13913530720547979,0.13913530720764164,0.13913530720950262,0.13913530720764164,0.13913530720547979,0.13913530720764164,0.13913530721129733,0.1391353072152152,0.13913530721129733,0.13913530720764164,0.13913530720950262,0.1391353072152152,0.1391353072234198,0.1391353072152152,0.13913530720950262,0.13913530720764164,0.13913530721129733,0.1391353072152152,0.13913530721129733,0.13913530720764164,0.13913530720547979,0.13913530720764164,0.13913530720950262,0.13913530720764164,0.13913530720547979,0.1380798037132497,0.13807980371644715,0.13807980371953618,0.13807980371644715,0.1380798037132497,0.13807980371644715,0.1380798037226243,0.13807980373070194,0.1380798037226243,0.13807980371644715,0.13807980371953618,0.13807980373070194,0.13807980375254805,0.13807980373070194,0.13807980371953618,0.13807980371644715,0.1380798037226243,0.13807980373070194,0.1380798037226243,0.13807980371644715,0.1380798037132497,0.13807980371644715,0.13807980371953618,0.13807980371644715,0.1380798037132497,0.1370447658001525,0.13704476580473665,0.13704476581018624,0.13704476580473665,0.1370447658001525,0.13704476580473665,0.13704476581581035,0.13704476583767827,0.13704476581581018,0.13704476580473665,0.13704476581018624,0.13704476583767827,0.13704476595789342,0.13704476583767827,0.13704476581018624,0.13704476580473665,0.13704476581581018,0.13704476583767827,0.13704476581581018,0.13704476580473665,0.1370447658001525,0.13704476580473665,0.13704476581018624,0.13704476580473665,0.1370447658001525,0.1360297323689556,0.13602973237208685,0.136029732375127,0.13602973237208685,0.1360297323689556,0.13602973237208685,0.13602973237816576,0.13602973238623003,0.13602973237816576,0.13602973237208685,0.136029732375127,0.13602973238623003,0.1360297324084858,0.13602973238623003,0.136029732375127,0.13602973237208685,0.13602973237816576,0.13602973238623003,0.13602973237816576,0.13602973237208685,0.1360297323689556,0.13602973237208685,0.136029732375127,0.13602973237208685,0.1360297323689556,0.1350342518445098,0.13503425184645637,0.1350342518480568,0.13503425184645637,0.1350342518445098,0.13503425184645637,0.13503425184957127,0.13503425185264517,0.13503425184957138,0.13503425184645637,0.1350342518480568,0.13503425185264517,0.13503425185821297,0.13503425185264517,0.1350342518480568,0.13503425184645637,0.13503425184957138,0.13503425185264517,0.13503425184957138,0.13503425184645637,0.1350342518445098,0.13503425184645637,0.1350342518480568,0.13503425184645637,0.1350342518445098
0.16533248786427673,0.1653324878642765,0.1653324878642763,0.1653324878642765,0.16533248786427673,0.1653324878642765,0.16533248786427604,0.16533248786427582,0.16533248786427604,0.1653324878642765,0.1653324878642763,0.16533248786427582,0.16533248786427557,0.16533248786427582,0.1653324878642763,0.1653324878642765,0.16533248786427604,0.16533248786427582,0.16533248786427604,0.1653324878642765,0.16533248786427673,0.1653324878642765,0.1653324878642763,0.1653324878642765,0.16533248786427673,0.16375749414391125,0.16375749414391033,0.1637574941439099,0.16375749414391033,0.16375749414391125,0.16375749414391033,0.16375749414390964,0.16375749414390894,0.16375749414390964,0.16375749414391033,0.1637574941439099,0.16375749414390894,0.1637574941439085,0.16375749414390894,0.1637574941439099,0.16375749414391033,0.16375749414390964,0.16375749414390894,0.16375749414390964,0.16375749414391033,0.16375749414391125,0.16375749414391033,0.1637574941439099,0.16375749414391033,0.16375749414391125,0.16221388435547301,0.16221388435547077,0.16221388435546916,0.16221388435547077,0.16221388435547301,0.16221388435547077,0.16221388435546824,0.16221388435546666,0.16221388435546824,0.16221388435547077,0.16221388435546916,0.16221388435546666,0.16221388435546508,0.16221388435546666,0.16221388435546916,0.16221388435547077,0.16221388435546824,0.16221388435546666,0.16221388435546824,0.16221388435547077,0.16221388435547301,0.16221388435547077,0.16221388435546916,0.16221388435547077,0.16221388435547301,0.16070106745600574,0.16070106745599863,0.16070106745599422,0.16070106745599888,0.16070106745600574,0.16070106745599863,0.16070106745599108,0.16070106745598597,0.16070106745599108,0.16070106745599888,0.16070106745599422,0.16070106745598597,0.16070106745598067,0.16070106745598597,0.16070106745599422,0.16070106745599888,0.16070106745599108,0.16070106745598597,0.16070106745599108,0.16070106745599888,0.16070106745600574,0.16070106745599888,0.16070106745599422,0.16070106745599888,0.16070106745600574,0.15921845182049718,0.1592184518204763,0.1592184518204628,0.1592184518204763,0.15921845182049718,0.1592184518204763,0.15921845182045236,0.15921845182043645,0.15921845182045236,0.1592184518204763,0.1592184518204628,0.15921845182043645,0.1592184518204188,0.15921845182043645,0.1592184518204628,0.1592184518204763,0.15921845182045236,0.15921845182043645,0.15921845182045236,0.1592184518204763,0.15921845182049718,0.1592184518204763,0.1592184518204628,0.1592184518204763,0.15921845182049718,0.15776544659374278,0.15776544659368175,0.157765446593641,0.15776544659368175,0.15776544659374278,0.15776544659368175,0.15776544659360814,0.15776544659355715,0.15776544659360814,0.15776544659368175,0.157765446593641,0.15776544659355715,0.15776544659349762,0.15776544659355715,0.157765446593641,0.15776544659368175,0.15776544659360814,0.15776544659355715,0.15776544659360814,0.15776544659368175,0.15776544659374278,0.15776544659368175,0.157765446593641,0.15776544659368175,0.15776544659374278,0.15634146290470533,0.15634146290453196,0.15634146290441112,0.15634146290453196,0.15634146290470533,0.15634146290453196,0.15634146290430825,0.15634146290414155,0.15634146290430825,0.15634146290453196,0.15634146290441112,0.15634146290414155,0.15634146290393036,0.15634146290414155,0.15634146290441112,0.15634146290453196,0.15634146290430825,0.15634146290414155,0.15634146290430825,0.15634146290453196,0.15634146290470533,0.15634146290453196,0.15634146290441112,0.15634146290453196,0.15634146290470533,0.15494591495367038,0.15494591495320045,0.15494591495284982,0.15494591495320045,0.15494591495367038,0.15494591495320045,0.15494591495253462,0.15494591495197865,0.15494591495253462,0.15494591495320045,0.15494591495284982,0.15494591495197865,0.15494591495116816,0.15494591495197865,0.15494591495284982,0.15494591495320045,0.15494591495253462,0.15494591495197865,0.15494591495253462,0.15494591495320045,0.15494591495367038,0.15494591495320045,0.15494591495284982,0.15494591495320045,0.15494591495367038,0.153578220981986,0.15357822098080626,0.1535782209798324,0.15357822098080626,0.153578220981986,0.15357822098080626,0.1535782209789099,0.15357822097702378,0.1535782209789099,0.15357822098080626,0.1535782209798324,0.15357822097702378,0.15357822097357574,0.15357822097702378,0.1535782209798324,0.15357822098080626,0.1535782209789099,0.15357822097702378,0.1535782209789099,0.15357822098080626,0.153578220981986,0.15357822098080626,0.1535782209798324,0.15357822098080626,0.153578220981986,0.1522378041336453,0.1522378041310504,0.1522378041285834,0.1522378041310504,0.1522378041336453,0.1522378041310504,0.15223780412613155,0.15223780411984275,0.15223780412613155,0.1522378041310504,0.1522378041285834,0.15223780411984275,0.1522378041032655,0.15223780411984275,0.1522378041285834,0.1522378041310504,0.15223780412613155,0.15223780411984275,0.15223780412613155,0.1522378041310504,0.1522378041336453,0.1522378041310504,0.1522378041285834,0.1522378041310504,0.1522378041336453,0.15092409321721006,0.15092409321276345,0.15092409320775968,0.15092409321276345,0.15092409321721006,0.15092409321276345,0.15092409320262493,0.150924093184399,0.15092409320262493,0.15092409321276345,0.15092409320775968,0.150924093184399,0.15092409309413368,0.150924093184399,0.15092409320775968,0.15092409321276345,0.15092409320262493,0.150924093184399,0.15092409320262493,0.15092409321276345,0.15092409321721006,0.15092409321276345,0.15092409320775968,0.15092409321276345,0.15092409321721006,0.1496365233748649,0.14963652337040256,0.14963652336557165,0.14963652337040256,0.1496365233748649,0.14963652337040256,0.14963652336063202,0.1496365233444907,0.14963652336063202,0.14963652337040256,0.14963652336557165,0.1496365233444907,0.14963652327481616,0.1496365233444907,0.14963652336557165,0.14963652337040256,0.14963652336063202,0.1496365233444907,0.14963652336063202,0.14963652337040256,0.1496365233748649,0.14963652337040256,0.14963652336557165,0.14963652337040256,0.1496365233748649,0.14837453666315553,0.14837453665993008,0.14837453665659692,0.14837453665993008,0.14837453666315553,0.14837453665993008,0.14837453665322112,0.1483745366428699,0.14837453665322112,0.14837453665993008,0.14837453665659692,0.1483745366428699,0.14837453660117994,0.1483745366428699,0.14837453665659692,0.14837453665993008,0.14837453665322112,0.1483745366428699,0.14837453665322112,0.14837453665993008,0.14837453666315553,0.14837453665993008,0.14837453665659692,0.14837453665993008,0.14837453666315553,0.1471375825624774,0.14713758256088313,0.1471375825593189,0.14713758256088313,0.1471375825624774,0.14713758256088313,0.14713758255775794,0.14713758255325682,0.14713758255775794,0.14713758256088313,0.1471375825593189,0.14713758255325682,0.14713758253620488,0.14713758255325682,0.1471375825593189,0.14713758256088313,0.14713758255775794,0.14713758255325682,0.14713758255775794,0.14713758256088313,0.1471375825624774,0.14713758256088313,0.1471375825593189,0.14713758256088313,0.1471375825624774,0.14592511841664454,0.14592511841660627,0.14592511841666767,0.14592511841660627,0.14592511841664454,0.14592511841660627,0.14592511841675743,0.14592511841740843,0.14592511841675743,0.14592511841660627,0.14592511841666767,0.14592511841740843,0.14592511842173378,0.14592511841740843,0.14592511841666767,0.14592511841660627,0.14592511841675743,0.14592511841740843,0.14592511841675743,0.14592511841660627,0.14592511841664454,0.14592511841660627,0.14592511841666767,0.14592511841660627,0.14592511841664454,0.1447366098072979,0.144736609808499,0.14473660980982803,0.144736609808499,0.1447366098072979,0.144736609808499,0.14473660981119651,0.1447366098157615,0.14473660981119651,0.144736609808499,0.14473660980982803,0.1447366098157615,0.14473660983605185,0.1447366098157615,0.14473660980982803,0.144736609808499,0.14473660981119651,0.1447366098157615,0.14473660981119651,0.144736609808499,0.1447366098072979,0.144736609808499,0.14473660980982803,0.144736609808499,0.1447366098072979,0.14357153086917665,0.14357153087119734,0.1435715308733465,0.14357153087119734,0.14357153086917665,0.14357153087119734,0.14357153087553656,0.14357153088254057,0.14357153087553656,0.14357153087119734,0.1435715308733465,0.14357153088254057,0.14357153091228958,0.14357153088254057,0.1435715308733465,0.14357153087119734,0.14357153087553656,0.14357153088254057,0.14357153087553656,0.14357153087119734,0.14357153086917665,0.14357153087119734,0.1435715308733465,0.14357153087119734,0.14357153086917665,0.14242936455171437,0.142429364554127,0.14242936455666574,0.142429364554127,0.14242936455171437,0.142429364554127,0.1424293645592414,0.14242936456745273,0.1424293645592414,0.142429364554127,0.14242936455666574,0.14242936456745273,0.14242936460247396,0.14242936456745273,0.14242936455666574,0.142429364554127,0.1424293645592414,0.14242936456745273,0.1424293645592414,0.142429364554127,0.14242936455171437,0.142429364554127,0.14242936455666574,0.142429364554127,0.14242936455171437,0.14130960283194494,0.14130960283432625,0.14130960283677796,0.14130960283432625,0.14130960283194494,0.14130960283432625,0.1413096028392456,0.1413096028469962,0.1413096028392456,0.14130960283432625,0.14130960283677796,0.1413096028469962,0.1413096028798535,0.1413096028469962,0.14130960283677796,0.14130960283432625,0.1413096028392456,0.1413096028469962,0.1413096028392456,0.14130960283432625,0.14130960283194494,0.14130960283432625,0.14130960283677796,0.14130960283432625,0.14130960283194494,0.14021174688341317,0.14021174688553026,0.140211746887559,0.14021174688553026,0.14021174688341317,0.14021174688553026,0.14021174688955998,0.14021174689531443,0.14021174688955998,0.14021174688553026,0.140211746887559,0.14021174689531443,0.14021174691787727,0.14021174689531443,0.140211746887559,0.14021174688553026,0.14021174688955998,0.14021174689531443,0.14021174688955998,0.14021174688553026,0.14021174688341317,0.14021174688553026,0.140211746887559,0.14021174688553026,0.14021174688341317,0.13913530720492226,0.13913530720707543,0.13913530720892867,0.13913530720707543,0.13913530720492226,0.13913530720707543,0.13913530721071565,0.13913530721461514,0.13913530721071565,0.13913530720707543,0.13913530720892867,0.13913530721461514,0.13913530722277548,0.13913530721461514,0.13913530720892867,0.13913530720707543,0.13913530721071565,0.13913530721461514,0.13913530721071565,0.13913530720707543,0.13913530720492226,0.13913530720707543,0.13913530720892867,0.13913530720707543,0.13913530720492226,0.13807980371264506,0.13807980371583378,0.13807980371891476,0.13807980371583378,0.13807980371264506,0.13807980371583378,0.138079803721995,0.13807980373005263,0.138079803721995,0.13807980371583378,0.13807980371891476,0.13807980373005263,0.13807980375184745,0.13807980373005263,0.13807980371891476,0.13807980371583378,0.138079803721995,0.13807980373005263,0.138079803721995,0.13807980371583378,0.13807980371264506,0.13807980371583378,0.13807980371891476,0.13807980371583378,0.13807980371264506,0.13704476579951744,0.13704476580409108,0.13704476580952882,0.13704476580409108,0.13704476579951744,0.13704476580409108,0.13704476581514044,0.13704476583696168,0.13704476581514044,0.13704476580409108,0.13704476580952882,0.13704476583696168,0.13704476595693146,0.13704476583696168,0.13704476580952882,0.13704476580409108,0.13704476581514044,0.13704476583696168,0.13704476581514044,0.13704476580409108,0.13704476579951744,0.13704476580409108,0.13704476580952882,0.13704476580409108,0.13704476579951744,0.13602973236831073,0.13602973237143512,0.1360297323744687,0.13602973237143512,0.13602973236831073,0.13602973237143512,0.1360297323775009,0.13602973238554802,0.1360297323775009,0.13602973237143512,0.1360297323744687,0.13602973238554802,0.13602973240775665,0.13602973238554802,0.1360297323744687,0.13602973237143512,0.1360297323775009,0.13602973238554802,0.1360297323775009,0.13602973237143512,0.13602973236831073,0.13602973237143512,0.1360297323744687,0.13602973237143512,0.13602973236831073,0.1350342518438688,0.13503425184581117,0.13503425184740822,0.13503425184581117,0.1350342518438688,0.13503425184581117,0.13503425184891948,0.13503425185198667,0.13503425184891948,0.13503425184581117,0.13503425184740822,0.13503425185198667,0.13503425185754275,0.13503425185198667,0.13503425184740822,0.13503425184581117,0.13503425184891948,0.13503425185198667,0.13503425184891948,0.13503425184581117,0.1350342518438688,0.13503425184581117,0.13503425184740822,0.13503425184581117,0.1350342518438688
0.16533248786467675,0.1653324878646765,0.16533248786467628,0.1653324878646765,0.16533248786467675,0.1653324878646765,0.16533248786467628,0.16533248786467603,0.16533248786467628,0.1653324878646765,0.16533248786467628,0.16533248786467603,0.1653324878646758,0.16533248786467603,0.16533248786467628,0.1653324878646765,0.16533248786467628,0.16533248786467603,0.16533248786467628,0.1653324878646765,0.16533248786467675,0.1653324878646765,0.16533248786467628,0.1653324878646765,0.16533248786467675,0.1637574941443033,0.16375749414430238,0.1637574941443019,0.16375749414430238,0.1637574941443033,0.16375749414430238,0.16375749414430169,0.16375749414430124,0.16375749414430169,0.16375749414430238,0.1637574941443019,0.16375749414430124,0.16375749414430052,0.16375749414430124,0.1637574941443019,0.16375749414430238,0.16375749414430169,0.16375749414430124,0.16375749414430169,0.16375749414430238,0.1637574941443033,0.16375749414430238,0.1637574941443019,0.16375749414430238,0.1637574941443033,0.1622138843558572,0.16221388435585496,0.16221388435585338,0.16221388435585496,0.1622138843558572,0.16221388435585496,0.16221388435585246,0.16221388435585088,0.16221388435585246,0.16221388435585496,0.16221388435585338,0.16221388435585088,0.1622138843558493,0.16221388435585088,0.16221388435585338,0.16221388435585496,0.16221388435585246,0.16221388435585088,0.16221388435585246,0.16221388435585496,0.1622138843558572,0.16221388435585496,0.16221388435585338,0.16221388435585496,0.1622138843558572,0.1607010674563821,0.16070106745637522,0.16070106745637075,0.16070106745637522,0.1607010674563821,0.16070106745637522,0.16070106745636764,0.16070106745636253,0.16070106745636764,0.16070106745637522,0.16070106745637075,0.16070106745636253,0.1607010674563572,0.16070106745636253,0.16070106745637075,0.16070106745637522,0.16070106745636764,0.16070106745636253,0.16070106745636764,0.16070106745637522,0.1607010674563821,0.16070106745637522,0.16070106745637075,0.16070106745637522,0.1607010674563821,0.1592184518208658,0.15921845182084512,0.1592184518208316,0.15921845182084512,0.1592184518208658,0.15921845182084512,0.15921845182082114,0.15921845182080527,0.15921845182082114,0.15921845182084512,0.1592184518208316,0.15921845182080527,0.15921845182078764,0.15921845182080527,0.1592184518208316,0.15921845182084512,0.15921845182082114,0.15921845182080527,0.15921845182082114,0.15921845182084512,0.1592184518208658,0.15921845182084512,0.1592184518208316,0.15921845182084512,0.1592184518208658,0.15776544659410402,0.15776544659404299,0.15776544659400243,0.15776544659404299,0.15776544659410402,0.15776544659404299,0.15776544659396957,0.1577654465939186,0.15776544659396957,0.15776544659404299,0.15776544659400243,0.1577654465939186,0.15776544659385905,0.1577654465939186,0.15776544659400243,0.15776544659404299,0.15776544659396957,0.1577654465939186,0.15776544659396957,0.15776544659404299,0.15776544659410402,0.15776544659404299,0.15776544659400243,0.15776544659404299,0.15776544659410402,0.1563414629050587,0.15634146290488557,0.15634146290476514,0.15634146290488557,0.1563414629050587,0.15634146290488557,0.15634146290466225,0.15634146290449602,0.15634146290466225,0.15634146290488557,0.15634146290476514,0.15634146290449602,0.15634146290428502,0.15634146290449602,0.15634146290476514,0.15634146290488557,0.15634146290466225,0.15634146290449602,0.15634146290466225,0.15634146290488557,0.1563414629050587,0.15634146290488557,0.15634146290476514,0.15634146290488557,0.1563414629050587,0.15494591495401566,0.15494591495354637,0.15494591495319657,0.15494591495354637,0.15494591495401566,0.15494591495354637,0.15494591495288199,0.15494591495232685,0.15494591495288199,0.15494591495354637,0.15494591495319657,0.15494591495232685,0.15494591495151777,0.15494591495232685,0.15494591495319657,0.15494591495354637,0.15494591495288199,0.15494591495232685,0.15494591495288199,0.15494591495354637,0.15494591495401566,0.15494591495354637,0.15494591495319657,0.15494591495354637,0.15494591495401566,0.15357822098232163,0.15357822098114388,0.1535782209801716,0.15357822098114388,0.15357822098232163,0.15357822098114388,0.15357822097925075,0.15357822097736784,0.15357822097925075,0.15357822098114388,0.1535782209801716,0.15357822097736784,0.15357822097392557,0.15357822097736784,0.1535782209801716,0.15357822098114388,0.15357822097925075,0.15357822097736784,0.15357822097925075,0.15357822098114388,0.15357822098232163,0.15357822098114388,0.1535782209801716,0.15357822098114388,0.15357822098232163,0.15223780413396695,0.15223780413137655,0.1522378041289137,0.15223780413137655,0.15223780413396695,0.15223780413137655,0.15223780412646618,0.152237804120188,0.15223780412646618,0.15223780413137655,0.1522378041289137,0.152237804120188,0.1522378041036387,0.152237804120188,0.1522378041289137,0.15223780413137655,0.15223780412646618,0.152237804120188,0.15223780412646618,0.15223780413137655,0.15223780413396695,0.15223780413137655,0.1522378041289137,0.15223780413137655,0.15223780413396695,0.1509240932175085,0.1509240932130698,0.15092409320807454,0.1509240932130698,0.1509240932175085,0.1509240932130698,0.15092409320294864,0.1509240931847538,0.15092409320294864,0.1509240932130698,0.15092409320807454,0.1509240931847538,0.15092409309464783,0.1509240931847538,0.15092409320807454,0.1509240932130698,0.15092409320294864,0.1509240931847538,0.15092409320294886,0.1509240932130698,0.1509240932175085,0.1509240932130698,0.15092409320807454,0.1509240932130698,0.1509240932175085,0.14963652337512362,0.14963652337066974,0.1496365233658479,0.14963652337066974,0.14963652337512362,0.14963652337066974,0.14963652336091754,0.14963652334480476,0.14963652336091754,0.14963652337066974,0.1496365233658479,0.14963652334480476,0.14963652327522192,0.14963652334480476,0.1496365233658479,0.14963652337066974,0.14963652336091754,0.14963652334480476,0.14963652336091754,0.14963652337066974,0.14963652337512362,0.14963652337066974,0.1496365233658479,0.14963652337066974,0.14963652337512362,0.1483745366633561,0.14837453666013894,0.14837453665681397,0.14837453666013894,0.1483745366633561,0.14837453666013894,0.1483745366534463,0.14837453664311956,0.1483745366534463,0.14837453666013894,0.14837453665681397,0.14837453664311956,0.14837453660150596,0.14837453664311956,0.14837453665681397,0.14837453666013894,0.1483745366534463,0.14837453664311956,0.1483745366534463,0.14837453666013894,0.1483745366633561,0.14837453666013894,0.14837453665681397,0.14837453666013894,0.1483745366633561,0.14713758256260234,0.14713758256101558,0.14713758255945897,0.14713758256101558,0.14713758256260234,0.14713758256101558,0.14713758255790543,0.1471375825534276,0.14713758255790543,0.14713758256101558,0.14713758255945897,0.1471375825534276,0.1471375825364668,0.1471375825534276,0.14713758255945897,0.14713758256101558,0.14713758255790543,0.1471375825534276,0.14713758255790543,0.14713758256101558,0.14713758256260234,0.14713758256101558,0.14713758255945897,0.14713758256101558,0.14713758256260234,0.14592511841667782,0.1459251184166458,0.14592511841671363,0.1459251184166458,0.14592511841667782,0.1459251184166458,0.14592511841680994,0.14592511841748287,0.14592511841680994,0.1459251184166458,0.14592511841671363,0.14592511841748287,0.1459251184218814,0.14592511841748287,0.14592511841671363,0.1459251184166458,0.14592511841680994,0.14592511841748287,0.14592511841680994,0.1459251184166458,0.14592511841667782,0.1459251184166458,0.14592511841671363,0.1459251184166458,0.14592511841667782,0.1447366098072255,0.14473660980843006,0.14473660980976258,0.14473660980843006,0.1447366098072255,0.14473660980843006,0.1447366098111349,0.14473660981571282,0.1447366098111349,0.14473660980843006,0.14473660980976258,0.14473660981571282,0.14473660983605835,0.14473660981571282,0.14473660980976258,0.14473660980843006,0.1447366098111349,0.14473660981571282,0.1447366098111349,0.14473660980843006,0.1447366098072255,0.14473660980843006,0.14473660980976258,0.14473660980843006,0.1447366098072255,0.14357153086899033,0.1435715308710103,0.14357153087315877,0.1435715308710103,0.14357153086899033,0.1435715308710103,0.14357153087534835,0.14357153088235097,0.14357153087534835,0.1435715308710103,0.14357153087315877,0.14357153088235097,0.14357153091214206,0.14357153088235097,0.14357153087315877,0.1435715308710103,0.14357153087534835,0.14357153088235097,0.14357153087534835,0.1435715308710103,0.14357153086899033,0.1435715308710103,0.14357153087315877,0.1435715308710103,0.14357153086899033,0.14242936455141428,0.14242936455382132,0.14242936455635474,0.14242936455382132,0.14242936455141428,0.14242936455382132,0.14242936455892485,0.14242936456712058,0.14242936455892485,0.14242936455382132,0.14242936455635474,0.14242936456712058,0.14242936460209585,0.14242936456712058,0.14242936455635474,0.14242936455382132,0.14242936455892485,0.14242936456712058,0.14242936455892485,0.14242936455382132,0.14242936455141428,0.14242936455382132,0.14242936455635474,0.14242936455382132,0.14242936455141428,0.1413096028315405,0.1413096028339118,0.141309602836352,0.1413096028339118,0.1413096028315405,0.1413096028339118,0.1413096028388081,0.14130960284651842,0.1413096028388081,0.1413096028339118,0.141309602836352,0.14130960284651842,0.1413096028791943,0.14130960284651842,0.141309602836352,0.1413096028339118,0.1413096028388081,0.14130960284651842,0.1413096028388081,0.1413096028339118,0.1413096028315405,0.1413096028339118,0.141309602836352,0.1413096028339118,0.1413096028315405,0.1402117468829241,0.14021174688503021,0.14021174688704685,0.14021174688503021,0.1402117468829241,0.14021174688503021,0.14021174688903573,0.14021174689474827,0.14021174688903573,0.14021174688503021,0.14021174688704685,0.14021174689474827,0.14021174691712632,0.14021174689474827,0.14021174688704685,0.14021174688503021,0.14021174688903573,0.14021174689474827,0.14021174688903573,0.14021174688503021,0.1402117468829241,0.14021174688503021,0.14021174688704685,0.14021174688503021,0.1402117468829241,0.13913530720437,0.13913530720651462,0.13913530720835993,0.13913530720651462,0.13913530720437,0.13913530720651462,0.13913530721013917,0.13913530721402034,0.13913530721013917,0.13913530720651462,0.13913530720835993,0.13913530721402034,0.13913530722213685,0.13913530721402034,0.13913530720835993,0.13913530720651462,0.13913530721013917,0.13913530721402034,0.13913530721013917,0.13913530720651462,0.13913530720437,0.13913530720651462,0.13913530720835993,0.13913530720651462,0.13913530720437,0.1380798037120458,0.13807980371522605,0.13807980371829912,0.13807980371522605,0.1380798037120458,0.13807980371522605,0.13807980372137124,0.13807980372940923,0.13807980372137124,0.13807980371522605,0.13807980371829912,0.13807980372940923,0.1380798037511533,0.13807980372940923,0.13807980371829912,0.13807980371522605,0.13807980372137124,0.13807980372940923,0.13807980372137124,0.13807980371522605,0.1380798037120458,0.13807980371522605,0.13807980371829912,0.13807980371522605,0.1380798037120458,0.137044765798888,0.13704476580345148,0.13704476580887717,0.13704476580345148,0.137044765798888,0.13704476580345148,0.1370447658144768,0.13704476583625166,0.1370447658144768,0.13704476580345148,0.13704476580887717,0.13704476583625166,0.13704476595596493,0.13704476583625166,0.13704476580887717,0.13704476580345148,0.1370447658144768,0.13704476583625166,0.1370447658144768,0.13704476580345148,0.137044765798888,0.13704476580345148,0.13704476580887717,0.13704476580345148,0.137044765798888,0.13602973236767169,0.1360297323707893,0.13602973237381635,0.1360297323707893,0.13602973236767169,0.1360297323707893,0.13602973237684216,0.13602973238487212,0.13602973237684216,0.1360297323707893,0.13602973237381635,0.13602973238487212,0.1360297324070344,0.13602973238487212,0.13602973237381635,0.1360297323707893,0.13602973237684216,0.13602973238487212,0.13602973237684216,0.1360297323707893,0.13602973236767169,0.1360297323707893,0.13602973237381635,0.1360297323707893,0.13602973236767169,0.13503425184323367,0.13503425184517182,0.13503425184676537,0.13503425184517182,0.13503425184323367,0.13503425184517182,0.13503425184827353,0.13503425185133433,0.13503425184827353,0.13503425184517182,0.13503425184676537,0.13503425185133433,0.13503425185687853,0.13503425185133433,0.1350342518467655,0.13503425184517182,0.13503425184827353,0.13503425185133433,0.13503425184827353,0.13503425184517182,0.13503425184323367,0.13503425184517182,0.1350342518467655,0.13503425184517182,0.13503425184323367
0.16533248786507346,0.16533248786507318,0.16533248786507296,0.16533248786507318,0.16533248786507346,0.16533248786507318,0.16533248786507274,0.16533248786507249,0.16533248786507274,0.16533248786507318,0.16533248786507296,0.16533248786507249,0.16533248786507249,0.16533248786507249,0.16533248786507296,0.16533248786507318,0.16533248786507274,0.16533248786507249,0.16533248786507274,0.16533248786507318,0.16533248786507346,0.16533248786507318,0.16533248786507296,0.16533248786507318,0.16533248786507346,0.16375749414469187,0.16375749414469115,0.1637574941446907,0.16375749414469115,0.16375749414469187,0.16375749414469115,0.16375749414469046,0.1637574941446898,0.16375749414469046,0.16375749414469115,0.1637574941446907,0.1637574941446898,0.16375749414468932,0.1637574941446898,0.1637574941446907,0.16375749414469115,0.16375749414469046,0.1637574941446898,0.16375749414469046,0.16375749414469115,0.16375749414469187,0.16375749414469115,0.1637574941446907,0.16375749414469115,0.16375749414469187,0.16221388435623804,0.16221388435623577,0.1622138843562344,0.16221388435623577,0.16221388435623804,0.16221388435623577,0.16221388435623327,0.16221388435623169,0.16221388435623327,0.16221388435623577,0.1622138843562344,0.16221388435623169,0.1622138843562301,0.16221388435623169,0.1622138843562344,0.16221388435623577,0.16221388435623327,0.16221388435623169,0.16221388435623327,0.16221388435623577,0.16221388435623804,0.16221388435623577,0.1622138843562344,0.16221388435623577,0.16221388435623804,0.1607010674567553,0.16070106745674845,0.16070106745674395,0.16070106745674845,0.1607010674567553,0.16070106745674845,0.16070106745674087,0.16070106745673576,0.16070106745674087,0.16070106745674845,0.16070106745674395,0.16070106745673576,0.1607010674567304,0.16070106745673576,0.16070106745674395,0.16070106745674845,0.16070106745674087,0.16070106745673576,0.16070106745674087,0.16070106745674845,0.1607010674567553,0.16070106745674845,0.16070106745674395,0.16070106745674845,0.1607010674567553,0.15921845182123157,0.15921845182121067,0.15921845182119715,0.15921845182121067,0.15921845182123157,0.15921845182121067,0.1592184518211869,0.15921845182117103,0.1592184518211869,0.15921845182121067,0.15921845182119715,0.15921845182117103,0.1592184518211534,0.15921845182117103,0.15921845182119715,0.15921845182121067,0.1592184518211869,0.15921845182117103,0.1592184518211869,0.15921845182121067,0.15921845182123157,0.15921845182121067,0.15921845182119715,0.15921845182121067,0.15921845182123157,0.15776544659446204,0.15776544659440123,0.1577654465943607,0.15776544659440123,0.15776544659446204,0.15776544659440123,0.15776544659432784,0.15776544659427708,0.15776544659432784,0.15776544659440123,0.1577654465943607,0.15776544659427708,0.15776544659421773,0.15776544659427708,0.1577654465943607,0.15776544659440123,0.15776544659432784,0.15776544659427708,0.15776544659432784,0.15776544659440123,0.15776544659446204,0.15776544659440123,0.1577654465943607,0.15776544659440123,0.15776544659446204,0.15634146290540918,0.15634146290523643,0.15634146290511602,0.15634146290523643,0.15634146290540918,0.15634146290523643,0.15634146290501355,0.15634146290484732,0.15634146290501355,0.15634146290523643,0.15634146290511602,0.15634146290484732,0.15634146290463674,0.15634146290484752,0.15634146290511602,0.15634146290523643,0.15634146290501355,0.15634146290484752,0.15634146290501355,0.15634146290523643,0.15634146290540918,0.15634146290523643,0.15634146290511602,0.15634146290523643,0.15634146290540918,0.15494591495435792,0.15494591495388965,0.15494591495354024,0.15494591495388965,0.15494591495435792,0.15494591495388965,0.15494591495322604,0.15494591495267215,0.15494591495322604,0.15494591495388965,0.15494591495354024,0.15494591495267215,0.1549459149518643,0.15494591495267215,0.15494591495354024,0.15494591495388965,0.15494591495322604,0.15494591495267215,0.15494591495322604,0.15494591495388965,0.15494591495435792,0.15494591495388965,0.15494591495354024,0.15494591495388965,0.15494591495435792,0.1535782209826542,0.1535782209814785,0.15357822098050802,0.1535782209814785,0.1535782209826542,0.1535782209814785,0.15357822097958873,0.15357822097770885,0.15357822097958873,0.1535782209814785,0.15357822098050802,0.15357822097770885,0.15357822097427243,0.15357822097770885,0.15357822098050802,0.1535782209814785,0.15357822097958873,0.15357822097770885,0.15357822097958873,0.1535782209814785,0.1535782209826542,0.1535782209814785,0.15357822098050802,0.1535782209814785,0.1535782209826542,0.15223780413428584,0.15223780413169977,0.15223780412924123,0.15223780413169977,0.15223780413428584,0.15223780413169977,0.15223780412679785,0.1522378041205303,0.15223780412679785,0.15223780413169977,0.15223780412924123,0.1522378041205303,0.15223780410400897,0.1522378041205303,0.15223780412924123,0.15223780413169977,0.15223780412679785,0.1522378041205303,0.15223780412679785,0.15223780413169977,0.15223780413428584,0.15223780413169977,0.15223780412924123,0.15223780413169977,0.15223780413428584,0.15092409321780426,0.15092409321337347,0.15092409320838687,0.15092409321337347,0.15092409321780426,0.15092409321337347,0.15092409320326985,0.1509240931851057,0.15092409320326985,0.15092409321337347,0.15092409320838687,0.1509240931851057,0.1509240930951276,0.1509240931851057,0.15092409320838687,0.15092409321337347,0.15092409320326985,0.1509240931851057,0.15092409320326985,0.15092409321337347,0.15092409321780426,0.15092409321337347,0.15092409320838687,0.15092409321337347,0.15092409321780426,0.14963652337538,0.14963652337093464,0.14963652336612188,0.14963652337093464,0.14963652337538,0.14963652337093464,0.1496365233612006,0.14963652334511598,0.1496365233612006,0.14963652337093464,0.14963652336612188,0.14963652334511598,0.14963652327566704,0.14963652334511598,0.14963652336612188,0.14963652337093464,0.1496365233612006,0.14963652334511598,0.1496365233612006,0.14963652337093464,0.14963652337538,0.14963652337093464,0.14963652336612188,0.14963652337093464,0.14963652337538,0.14837453666355493,0.14837453666034559,0.14837453665702874,0.14837453666034559,0.14837453666355493,0.14837453666034559,0.14837453665366926,0.14837453664336678,0.14837453665366926,0.14837453666034559,0.14837453665702874,0.14837453664336678,0.14837453660187253,0.14837453664336678,0.14837453665702874,0.14837453666034559,0.14837453665366926,0.14837453664336678,0.14837453665366926,0.14837453666034559,0.14837453666355493,0.14837453666034559,0.14837453665702874,0.14837453666034559,0.14837453666355493,0.14713758256272627,0.14713758256114676,0.14713758255959739,0.14713758256114676,0.14713758256272627,0.14713758256114676,0.14713758255805148,0.14713758255359635,0.14713758255805148,0.14713758256114676,0.14713758255959739,0.14713758255359635,0.14713758253670314,0.14713758255359635,0.14713758255959739,0.14713758256114676,0.14713758255805148,0.14713758255359635,0.14713758255805148,0.14713758256114676,0.14713758256272627,0.14713758256114676,0.14713758255959739,0.14713758256114676,0.14713758256272627,0.1459251184167106,0.1459251184166846,0.14592511841675884,0.1459251184166846,0.1459251184167106,0.1459251184166846,0.1459251184168618,0.14592511841755623,0.1459251184168618,0.1459251184166846,0.14592511841675884,0.14592511841755623,0.1459251184220525,0.14592511841755623,0.14592511841675884,0.1459251184166846,0.1459251184168618,0.14592511841755623,0.1459251184168618,0.1459251184166846,0.1459251184167106,0.1459251184166846,0.14592511841675884,0.1459251184166846,0.1459251184167106,0.14473660980715375,0.14473660980836145,0.14473660980969782,0.14473660980836145,0.14473660980715375,0.14473660980836145,0.14473660981107378,0.14473660981566427,0.14473660981107378,0.14473660980836145,0.14473660980969782,0.14473660981566427,0.1447366098360648,0.14473660981566427,0.14473660980969782,0.14473660980836145,0.14473660981107378,0.14473660981566427,0.14473660981107378,0.14473660980836145,0.14473660980715375,0.14473660980836145,0.14473660980969782,0.14473660980836145,0.14473660980715375,0.1435715308688057,0.14357153087082497,0.1435715308729728,0.14357153087082497,0.1435715308688057,0.14357153087082497,0.14357153087516167,0.1435715308821633,0.14357153087516167,0.14357153087082497,0.1435715308729728,0.1435715308821633,0.1435715309119061,0.1435715308821633,0.1435715308729728,0.14357153087082497,0.14357153087516167,0.1435715308821633,0.14357153087516167,0.14357153087082497,0.1435715308688057,0.14357153087082497,0.1435715308729728,0.14357153087082497,0.1435715308688057,0.14242936455111685,0.1424293645535184,0.1424293645560464,0.1424293645535184,0.14242936455111685,0.1424293645535184,0.14242936455861102,0.14242936456679142,0.14242936455861102,0.1424293645535184,0.1424293645560464,0.14242936456679142,0.14242936460173652,0.14242936456679142,0.1424293645560464,0.1424293645535184,0.14242936455861102,0.14242936456679142,0.14242936455861102,0.1424293645535184,0.14242936455111685,0.1424293645535184,0.1424293645560464,0.1424293645535184,0.14242936455111685,0.14130960283113989,0.14130960283350094,0.14130960283592994,0.14130960283350094,0.14130960283113989,0.14130960283350094,0.1413096028383744,0.14130960284604477,0.1413096028383744,0.14130960283350094,0.14130960283592994,0.14130960284604477,0.14130960287855487,0.14130960284604477,0.14130960283592994,0.14130960283350094,0.1413096028383744,0.14130960284604477,0.1413096028383744,0.14130960283350094,0.14130960283113989,0.14130960283350094,0.14130960283592994,0.14130960283350094,0.14130960283113989,0.14021174688243937,0.14021174688453436,0.14021174688653923,0.14021174688453436,0.14021174688243937,0.14021174688453436,0.14021174688851587,0.14021174689418694,0.14021174688851587,0.14021174688453436,0.14021174688653923,0.14021174689418694,0.14021174691635116,0.14021174689418694,0.14021174688653923,0.14021174688453436,0.14021174688851587,0.14021174689418694,0.14021174688851587,0.14021174688453436,0.14021174688243937,0.14021174688453436,0.14021174688653923,0.14021174688453436,0.14021174688243937,0.1391353072038223,0.13913530720595854,0.13913530720779613,0.13913530720595854,0.1391353072038223,0.13913530720595854,0.13913530720956774,0.1391353072134309,0.13913530720956774,0.13913530720595854,0.13913530720779613,0.1391353072134309,0.13913530722150377,0.1391353072134309,0.13913530720779613,0.13913530720595854,0.13913530720956774,0.1391353072134309,0.13913530720956774,0.13913530720595854,0.1391353072038223,0.13913530720595854,0.13913530720779613,0.13913530720595854,0.1391353072038223,0.138079803711452,0.1380798037146237,0.13807980371768885,0.1380798037146237,0.138079803711452,0.1380798037146237,0.13807980372075326,0.13807980372877152,0.13807980372075326,0.1380798037146237,0.13807980371768885,0.13807980372877152,0.13807980375046525,0.13807980372877152,0.13807980371768885,0.1380798037146237,0.13807980372075326,0.13807980372877152,0.13807980372075326,0.1380798037146237,0.138079803711452,0.1380798037146237,0.13807980371768885,0.1380798037146237,0.138079803711452,0.13704476579826433,0.13704476580281744,0.13704476580823144,0.13704476580281744,0.13704476579826433,0.13704476580281744,0.13704476581381891,0.13704476583554803,0.13704476581381891,0.13704476580281744,0.13704476580823144,0.13704476583554803,0.13704476595501408,0.13704476583554803,0.13704476580823144,0.13704476580281744,0.13704476581381891,0.13704476583554803,0.13704476581381891,0.13704476580281744,0.13704476579826433,0.13704476580281744,0.13704476580823144,0.13704476580281744,0.1370447657982642,0.13602973236703841,0.13602973237014923,0.1360297323731698,0.13602973237014923,0.13602973236703841,0.13602973237014923,0.13602973237618923,0.13602973238420235,0.13602973237618923,0.13602973237014923,0.1360297323731698,0.13602973238420235,0.13602973240631852,0.13602973238420235,0.1360297323731698,0.13602973237014923,0.13602973237618923,0.13602973238420235,0.13602973237618923,0.13602973237014923,0.13602973236703841,0.13602973237014923,0.1360297323731698,0.13602973237014923,0.13602973236703841,0.13503425184260415,0.1350342518445383,0.1350342518461285,0.1350342518445383,0.13503425184260415,0.1350342518445383,0.1350342518476333,0.13503425185068763,0.1350342518476333,0.1350342518445383,0.1350342518461285,0.13503425185068763,0.13503425185622045,0.13503425185068763,0.1350342518461285,0.1350342518445383,0.1350342518476333,0.13503425185068763,0.1350342518476333,0.1350342518445383,0.13503425184260415,0.1350342518445383,0.1350342518461285,0.1350342518445383,0.13503425184260415
0.16533248786546662,0.16533248786546614,0.16533248786546587,0.16533248786546614,0.16533248786546662,0.16533248786546614,0.16533248786546587,0.16533248786546567,0.16533248786546587,0.16533248786546614,0.16533248786546587,0.16533248786546567,0.16533248786546542,0.16533248786546567,0.16533248786546587,0.16533248786546614,0.16533248786546587,0.16533248786546567,0.16533248786546587,0.16533248786546614,0.16533248786546662,0.16533248786546614,0.16533248786546587,0.16533248786546614,0.16533248786546662,0.1637574941450772,0.16375749414507626,0.1637574941450758,0.16375749414507626,0.1637574941450772,0.16375749414507626,0.16375749414507557,0.1637574941450751,0.16375749414507557,0.16375749414507626,0.1637574941450758,0.1637574941450751,0.16375749414507443,0.1637574941450751,0.1637574941450758,0.16375749414507626,0.16375749414507557,0.1637574941450751,0.16375749414507557,0.16375749414507626,0.1637574941450772,0.16375749414507626,0.1637574941450758,0.16375749414507626,0.1637574941450772,0.16221388435661546,0.16221388435661319,0.16221388435661183,0.16221388435661319,0.16221388435661546,0.16221388435661319,0.1622138843566107,0.16221388435660933,0.1622138843566107,0.16221388435661319,0.16221388435661183,0.16221388435660933,0.16221388435660752,0.16221388435660933,0.16221388435661183,0.16221388435661319,0.1622138843566107,0.16221388435660933,0.1622138843566107,0.16221388435661319,0.16221388435661546,0.16221388435661319,0.16221388435661183,0.16221388435661319,0.16221388435661546,0.16070106745712517,0.1607010674571183,0.16070106745711385,0.1607010674571183,0.16070106745712517,0.1607010674571183,0.16070106745711074,0.16070106745710563,0.16070106745711074,0.1607010674571183,0.16070106745711385,0.16070106745710563,0.1607010674571003,0.16070106745710563,0.16070106745711385,0.1607010674571183,0.16070106745711074,0.16070106745710563,0.16070106745711074,0.1607010674571183,0.16070106745712517,0.1607010674571183,0.16070106745711385,0.1607010674571183,0.16070106745712517,0.15921845182159383,0.15921845182157318,0.15921845182155964,0.15921845182157318,0.15921845182159383,0.15921845182157318,0.15921845182154942,0.15921845182153352,0.15921845182154942,0.15921845182157318,0.15921845182155964,0.15921845182153352,0.1592184518215159,0.15921845182153352,0.15921845182155964,0.15921845182157318,0.15921845182154942,0.15921845182153352,0.15921845182154942,0.15921845182157318,0.15921845182159383,0.15921845182157318,0.15921845182155964,0.15921845182157318,0.15921845182159383,0.15776544659481687,0.15776544659475628,0.15776544659471575,0.15776544659475628,0.15776544659481687,0.15776544659475628,0.1577654465946829,0.15776544659463212,0.1577654465946829,0.15776544659475628,0.15776544659471575,0.15776544659463212,0.157765446594573,0.15776544659463212,0.15776544659471575,0.15776544659475628,0.1577654465946829,0.15776544659463212,0.1577654465946829,0.15776544659475628,0.15776544659481687,0.15776544659475628,0.15776544659471575,0.15776544659475628,0.15776544659481687,0.1563414629057565,0.156341462905584,0.15634146290546397,0.156341462905584,0.1563414629057565,0.156341462905584,0.1563414629053615,0.15634146290519568,0.1563414629053615,0.156341462905584,0.15634146290546397,0.15634146290519568,0.15634146290498552,0.15634146290519568,0.15634146290546397,0.156341462905584,0.1563414629053615,0.15634146290519568,0.1563414629053615,0.156341462905584,0.1563414629057565,0.156341462905584,0.15634146290546397,0.156341462905584,0.1563414629057565,0.15494591495469726,0.15494591495422966,0.15494591495388105,0.15494591495422966,0.15494591495469726,0.15494591495422966,0.1549459149535675,0.15494591495301438,0.1549459149535675,0.15494591495422966,0.15494591495388105,0.15494591495301438,0.15494591495220794,0.15494591495301438,0.15494591495388105,0.15494591495422966,0.1549459149535675,0.15494591495301438,0.1549459149535675,0.15494591495422966,0.15494591495469726,0.15494591495422966,0.15494591495388105,0.15494591495422966,0.15494591495469726,0.15357822098298402,0.1535782209818103,0.15357822098084142,0.1535782209818103,0.15357822098298402,0.1535782209818103,0.15357822097992357,0.15357822097804708,0.15357822097992357,0.1535782209818103,0.15357822098084142,0.15357822097804708,0.1535782209746163,0.15357822097804708,0.15357822098084142,0.1535782209818103,0.15357822097992357,0.15357822097804708,0.15357822097992357,0.1535782209818103,0.15357822098298402,0.1535782209818103,0.15357822098084142,0.1535782209818103,0.15357822098298402,0.15223780413460195,0.1522378041320204,0.152237804129566,0.1522378041320204,0.15223780413460195,0.1522378041320204,0.15223780412712679,0.15223780412086965,0.15223780412712679,0.1522378041320204,0.152237804129566,0.15223780412086965,0.15223780410437607,0.15223780412086965,0.152237804129566,0.1522378041320204,0.15223780412712679,0.15223780412086965,0.15223780412712679,0.1522378041320204,0.15223780413460195,0.1522378041320204,0.152237804129566,0.1522378041320204,0.15223780413460195,0.1509240932180975,0.15092409321367442,0.1509240932086965,0.15092409321367442,0.1509240932180975,0.15092409321367442,0.15092409320358838,0.15092409318545486,0.15092409320358838,0.15092409321367442,0.1509240932086965,0.15092409318545486,0.15092409309567187,0.15092409318545486,0.1509240932086965,0.15092409321367442,0.15092409320358838,0.15092409318545486,0.15092409320358838,0.15092409321367442,0.1509240932180975,0.15092409321367442,0.1509240932086965,0.15092409321367442,0.1509240932180975,0.1496365233756341,0.14963652337119746,0.1496365233663934,0.14963652337119746,0.1496365233756341,0.14963652337119746,0.1496365233614812,0.14963652334542477,0.149636523361481,0.14963652337119746,0.1496365233663934,0.14963652334542477,0.14963652327606447,0.14963652334542477,0.1496365233663934,0.14963652337119746,0.149636523361481,0.14963652334542477,0.149636523361481,0.14963652337119746,0.1496365233756341,0.14963652337119746,0.1496365233663934,0.14963652337119746,0.1496365233756341,0.14837453666375194,0.14837453666055056,0.1483745366572417,0.14837453666055056,0.14837453666375178,0.14837453666055056,0.14837453665389036,0.14837453664361178,0.14837453665389036,0.14837453666055056,0.1483745366572417,0.14837453664361178,0.14837453660220462,0.14837453664361178,0.1483745366572417,0.14837453666055056,0.14837453665389036,0.14837453664361178,0.14837453665389036,0.14837453666055056,0.14837453666375178,0.14837453666055056,0.1483745366572417,0.14837453666055056,0.14837453666375178,0.1471375825628489,0.14713758256127643,0.14713758255973472,0.14713758256127643,0.1471375825628489,0.14713758256127643,0.14713758255819606,0.1471375825537633,0.14713758255819606,0.14713758256127643,0.14713758255973472,0.1471375825537633,0.14713758253695275,0.1471375825537633,0.14713758255973472,0.14713758256127643,0.14713758255819606,0.1471375825537633,0.14713758255819606,0.14713758256127643,0.1471375825628489,0.14713758256127643,0.14713758255973472,0.14713758256127643,0.1471375825628489,0.1459251184167432,0.14592511841672307,0.14592511841680372,0.14592511841672307,0.1459251184167432,0.14592511841672307,0.14592511841691305,0.14592511841762867,0.14592511841691305,0.14592511841672307,0.14592511841680372,0.14592511841762867,0.14592511842225053,0.14592511841762867,0.14592511841680372,0.14592511841672307,0.14592511841691305,0.14592511841762867,0.14592511841691305,0.14592511841672307,0.1459251184167432,0.14592511841672307,0.14592511841680372,0.14592511841672307,0.1459251184167432,0.14473660980708253,0.14473660980829356,0.14473660980963357,0.14473660980829356,0.14473660980708253,0.14473660980829356,0.14473660981101322,0.14473660981561629,0.14473660981101322,0.14473660980829356,0.14473660980963357,0.14473660981561629,0.1447366098360693,0.14473660981561629,0.14473660980963357,0.14473660980829356,0.14473660981101322,0.14473660981561629,0.14473660981101322,0.14473660980829356,0.14473660980708253,0.14473660980829356,0.14473660980963357,0.14473660980829356,0.14473660980708253,0.14357153086862276,0.1435715308706412,0.1435715308727885,0.1435715308706412,0.14357153086862276,0.1435715308706412,0.14357153087497684,0.14357153088197744,0.14357153087497684,0.1435715308706412,0.1435715308727885,0.14357153088197744,0.1435715309117143,0.14357153088197744,0.1435715308727885,0.1435715308706412,0.14357153087497684,0.14357153088197744,0.14357153087497684,0.1435715308706412,0.14357153086862276,0.1435715308706412,0.1435715308727885,0.1435715308706412,0.14357153086862276,0.14242936455082195,0.1424293645532181,0.14242936455574076,0.1424293645532181,0.14242936455082195,0.1424293645532181,0.14242936455830016,0.1424293645664655,0.14242936455830016,0.1424293645532181,0.14242936455574076,0.1424293645664655,0.1424293646013594,0.1424293645664655,0.14242936455574076,0.1424293645532181,0.14242936455830016,0.1424293645664655,0.14242936455830016,0.1424293645532181,0.14242936455082195,0.1424293645532181,0.14242936455574076,0.1424293645532181,0.14242936455082195,0.14130960283074254,0.1413096028330936,0.1413096028355114,0.1413096028330936,0.14130960283074254,0.1413096028330936,0.1413096028379445,0.14130960284557506,0.1413096028379445,0.1413096028330936,0.1413096028355114,0.14130960284557506,0.14130960287789043,0.14130960284557506,0.1413096028355114,0.1413096028330936,0.1413096028379445,0.14130960284557506,0.1413096028379445,0.1413096028330936,0.14130960283074254,0.1413096028330936,0.1413096028355114,0.1413096028330936,0.14130960283074254,0.14021174688195867,0.14021174688404286,0.1402117468860358,0.14021174688404286,0.14021174688195867,0.14021174688404286,0.1402117468880005,0.14021174689363033,0.1402117468880005,0.14021174688404286,0.1402117468860358,0.14021174689363033,0.14021174691562116,0.14021174689363033,0.1402117468860358,0.14021174688404286,0.1402117468880005,0.14021174689363033,0.1402117468880005,0.14021174688404286,0.14021174688195867,0.14021174688404286,0.1402117468860358,0.14021174688404286,0.14021174688195867,0.1391353072032795,0.13913530720540723,0.13913530720723719,0.13913530720540723,0.1391353072032795,0.13913530720540723,0.13913530720900125,0.13913530721284623,0.13913530720900125,0.13913530720540723,0.13913530720723719,0.13913530721284623,0.13913530722087591,0.13913530721284623,0.13913530720723719,0.13913530720540723,0.13913530720900125,0.13913530721284623,0.13913530720900125,0.13913530720540723,0.1391353072032795,0.13913530720540723,0.13913530720723719,0.13913530720540723,0.1391353072032795,0.13807980371086317,0.13807980371402648,0.13807980371708373,0.13807980371402648,0.13807980371086317,0.13807980371402648,0.13807980372014036,0.13807980372813927,0.13807980372014036,0.13807980371402648,0.13807980371708373,0.13807980372813927,0.13807980374978304,0.13807980372813927,0.13807980371708373,0.13807980371402648,0.13807980372014036,0.13807980372813927,0.13807980372014036,0.13807980371402648,0.13807980371086317,0.13807980371402648,0.13807980371708373,0.13807980371402648,0.13807980371086317,0.1370447657976458,0.13704476580218908,0.13704476580759137,0.13704476580218908,0.1370447657976458,0.13704476580218908,0.13704476581316682,0.13704476583485062,0.13704476581316682,0.13704476580218908,0.13704476580759137,0.13704476583485062,0.13704476595404344,0.13704476583485048,0.13704476580759137,0.13704476580218908,0.13704476581316682,0.13704476583485048,0.13704476581316682,0.13704476580218908,0.1370447657976458,0.13704476580218908,0.13704476580759137,0.13704476580218908,0.1370447657976458,0.1360297323664105,0.13602973236951463,0.13602973237252894,0.13602973236951463,0.1360297323664105,0.13602973236951463,0.13602973237554195,0.13602973238353835,0.13602973237554195,0.13602973236951463,0.13602973237252894,0.13602973238353835,0.13602973240560876,0.13602973238353835,0.13602973237252894,0.13602973236951463,0.13602973237554195,0.13602973238353835,0.13602973237554195,0.13602973236951463,0.1360297323664105,0.13602973236951463,0.13602973237252894,0.13602973236951463,0.1360297323664105,0.13503425184198012,0.13503425184391005,0.1350342518454969,0.13503425184391005,0.13503425184198012,0.13503425184391005,0.13503425184699863,0.1350342518500467,0.13503425184699863,0.13503425184391005,0.1350342518454969,0.1350342518500467,0.13503425185556792,0.1350342518500467,0.1350342518454969,0.13503425184391005,0.13503425184699863,0.1350342518500467,0.13503425184699863,0.13503425184391005,0.13503425184198012,0.13503425184391005,0.1350342518454969,0.13503425184391005,0.13503425184198012
0.16533248786585644,0.16533248786585622,0.16533248786585597,0.16533248786585622,0.16533248786585644,0.16533248786585622,0.16533248786585575,0.1653324878658555,0.16533248786585575,0.16533248786585622,0.16533248786585597,0.1653324878658555,0.1653324878658555,0.1653324878658555,0.16533248786585597,0.16533248786585622,0.16533248786585575,0.1653324878658555,0.16533248786585575,0.16533248786585622,0.16533248786585644,0.16533248786585622,0.16533248786585597,0.16533248786585622,0.16533248786585644,0.1637574941454593,0.16375749414545857,0.16375749414545812,0.16375749414545857,0.1637574941454593,0.16375749414545857,0.16375749414545765,0.16375749414545718,0.16375749414545765,0.16375749414545857,0.16375749414545812,0.16375749414545718,0.16375749414545673,0.16375749414545718,0.16375749414545812,0.16375749414545857,0.16375749414545765,0.16375749414545718,0.16375749414545765,0.16375749414545857,0.1637574941454593,0.16375749414545857,0.16375749414545812,0.16375749414545857,0.1637574941454593,0.16221388435699016,0.1622138843569879,0.1622138843569863,0.1622138843569879,0.16221388435699016,0.1622138843569879,0.16221388435698542,0.1622138843569838,0.16221388435698542,0.1622138843569879,0.1622138843569863,0.1622138843569838,0.1622138843569822,0.1622138843569838,0.1622138843569863,0.1622138843569879,0.16221388435698542,0.1622138843569838,0.16221388435698542,0.1622138843569879,0.16221388435699016,0.1622138843569879,0.1622138843569863,0.1622138843569879,0.16221388435699016,0.16070106745749219,0.16070106745748527,0.16070106745748086,0.16070106745748527,0.16070106745749219,0.16070106745748527,0.16070106745747773,0.16070106745747262,0.16070106745747773,0.16070106745748527,0.16070106745748086,0.16070106745747262,0.16070106745746732,0.16070106745747262,0.16070106745748086,0.16070106745748527,0.16070106745747773,0.16070106745747262,0.16070106745747773,0.16070106745748527,0.16070106745749219,0.16070106745748527,0.16070106745748086,0.16070106745748527,0.16070106745749219,0.1592184518219533,0.15921845182193262,0.15921845182191932,0.15921845182193262,0.1592184518219533,0.15921845182193262,0.15921845182190889,0.15921845182189298,0.15921845182190889,0.15921845182193262,0.15921845182191932,0.15921845182189298,0.15921845182187555,0.15921845182189298,0.15921845182191932,0.15921845182193262,0.15921845182190889,0.15921845182189298,0.15921845182190889,0.15921845182193262,0.1592184518219533,0.15921845182193262,0.15921845182191932,0.15921845182193262,0.1592184518219533,0.15776544659516914,0.15776544659510836,0.157765446595068,0.15776544659510836,0.15776544659516914,0.15776544659510836,0.15776544659503536,0.1577654465949846,0.15776544659503536,0.15776544659510836,0.157765446595068,0.1577654465949846,0.15776544659492547,0.1577654465949846,0.157765446595068,0.15776544659510836,0.15776544659503536,0.1577654465949846,0.15776544659503536,0.15776544659510836,0.15776544659516914,0.15776544659510836,0.157765446595068,0.15776544659510836,0.15776544659516914,0.15634146290610113,0.156341462905929,0.156341462905809,0.156341462905929,0.15634146290610113,0.156341462905929,0.15634146290570675,0.15634146290554135,0.15634146290570675,0.156341462905929,0.156341462905809,0.15634146290554135,0.15634146290533138,0.15634146290554135,0.156341462905809,0.156341462905929,0.15634146290570675,0.15634146290554135,0.15634146290570675,0.156341462905929,0.15634146290610113,0.156341462905929,0.156341462905809,0.156341462905929,0.15634146290610113,0.154945914955034,0.15494591495456717,0.15494591495421897,0.15494591495456717,0.154945914955034,0.15494591495456717,0.15494591495390606,0.15494591495335375,0.15494591495390606,0.15494591495456717,0.15494591495421897,0.15494591495335375,0.15494591495254878,0.15494591495335375,0.15494591495421897,0.15494591495456717,0.15494591495390606,0.15494591495335375,0.15494591495390606,0.15494591495456717,0.154945914955034,0.15494591495456717,0.15494591495421897,0.15494591495456717,0.154945914955034,0.1535782209833112,0.15357822098213927,0.153578220981172,0.15357822098213927,0.1535782209833112,0.15357822098213927,0.15357822098025595,0.1535782209783825,0.15357822098025595,0.15357822098213927,0.153578220981172,0.1535782209783825,0.15357822097495752,0.1535782209783825,0.153578220981172,0.15357822098213927,0.15357822098025595,0.1535782209783825,0.15357822098025595,0.15357822098213927,0.1535782209833112,0.15357822098213927,0.153578220981172,0.15357822098213927,0.1535782209833112,0.15223780413491553,0.1522378041323383,0.15223780412988824,0.1522378041323383,0.15223780413491553,0.1522378041323383,0.15223780412745314,0.15223780412120644,0.15223780412745314,0.1522378041323383,0.15223780412988824,0.15223780412120644,0.15223780410474025,0.15223780412120644,0.15223780412988824,0.1522378041323383,0.15223780412745314,0.15223780412120644,0.15223780412745314,0.1522378041323383,0.15223780413491553,0.1522378041323383,0.15223780412988824,0.1522378041323383,0.15223780413491553,0.15092409321838843,0.15092409321397307,0.15092409320900363,0.15092409321397307,0.15092409321838843,0.15092409321397307,0.150924093203904,0.15092409318580097,0.150924093203904,0.15092409321397307,0.15092409320900363,0.15092409318580097,0.1509240930961169,0.15092409318580097,0.15092409320900363,0.15092409321397307,0.150924093203904,0.15092409318580097,0.150924093203904,0.15092409321397307,0.15092409321838843,0.15092409321397307,0.15092409320900363,0.15092409321397307,0.15092409321838843,0.14963652337588598,0.14963652337145764,0.14963652336666264,0.14963652337145764,0.14963652337588598,0.14963652337145764,0.14963652336175917,0.14963652334573088,0.14963652336175917,0.14963652337145764,0.14963652336666264,0.14963652334573088,0.1496365232765028,0.14963652334573088,0.14963652336666264,0.14963652337145764,0.14963652336175917,0.14963652334573088,0.14963652336175917,0.14963652337145764,0.14963652337588598,0.14963652337145764,0.14963652336666264,0.14963652337145764,0.14963652337588598,0.14837453666394693,0.14837453666075368,0.1483745366574528,0.14837453666075368,0.14837453666394693,0.14837453666075368,0.14837453665410924,0.14837453664385436,0.14837453665410924,0.14837453666075368,0.1483745366574528,0.14837453664385436,0.148374536602559,0.14837453664385436,0.1483745366574528,0.14837453666075368,0.14837453665410924,0.14837453664385436,0.14837453665410924,0.14837453666075368,0.14837453666394693,0.14837453666075368,0.1483745366574528,0.14837453666075368,0.14837453666394693,0.14713758256297038,0.14713758256140505,0.14713758255987042,0.14713758256140505,0.14713758256297038,0.14713758256140505,0.14713758255833922,0.14713758255392861,0.14713758255833922,0.14713758256140505,0.14713758255987042,0.14713758255392861,0.14713758253721687,0.14713758255392861,0.14713758255987042,0.14713758256140505,0.14713758255833922,0.14713758255392861,0.14713758255833922,0.14713758256140505,0.14713758256297038,0.14713758256140505,0.14713758255987042,0.14713758256140505,0.14713758256297038,0.14592511841677505,0.1459251184167608,0.14592511841684772,0.1459251184167608,0.14592511841677505,0.1459251184167608,0.14592511841696362,0.1459251184177001,0.14592511841696362,0.1459251184167608,0.14592511841684772,0.1459251184177001,0.1459251184223848,0.1459251184177001,0.14592511841684772,0.1459251184167608,0.14592511841696362,0.1459251184177001,0.14592511841696362,0.1459251184167608,0.14592511841677505,0.1459251184167608,0.14592511841684772,0.1459251184167608,0.14592511841677505,0.14473660980701183,0.144736609808226,0.1447366098095695,0.144736609808226,0.14473660980701183,0.144736609808226,0.14473660981095302,0.14473660981556863,0.14473660981095302,0.144736609808226,0.1447366098095695,0.14473660981556863,0.1447366098360824,0.14473660981556863,0.1447366098095695,0.144736609808226,0.14473660981095302,0.14473660981556863,0.14473660981095302,0.144736609808226,0.14473660980701183,0.144736609808226,0.1447366098095695,0.144736609808226,0.14473660980701183,0.1435715308684412,0.14357153087045899,0.14357153087260574,0.14357153087045899,0.1435715308684412,0.14357153087045899,0.1435715308747936,0.14357153088179314,0.1435715308747936,0.14357153087045899,0.14357153087260574,0.14357153088179314,0.14357153091154848,0.14357153088179314,0.14357153087260574,0.14357153087045899,0.1435715308747936,0.14357153088179314,0.1435715308747936,0.14357153087045899,0.1435715308684412,0.14357153087045899,0.14357153087260574,0.14357153087045899,0.1435715308684412,0.14242936455052937,0.14242936455292035,0.14242936455543778,0.14242936455292035,0.14242936455052937,0.14242936455292035,0.14242936455799168,0.14242936456614225,0.14242936455799168,0.14242936455292035,0.14242936455543778,0.14242936456614225,0.14242936460098835,0.14242936456614225,0.14242936455543778,0.14242936455292035,0.14242936455799168,0.14242936456614225,0.14242936455799168,0.14242936455292035,0.14242936455052937,0.14242936455292035,0.14242936455543778,0.14242936455292035,0.14242936455052937,0.14130960283034846,0.14130960283268948,0.14130960283509628,0.14130960283268948,0.14130960283034846,0.14130960283268948,0.14130960283751803,0.14130960284510913,0.14130960283751803,0.14130960283268948,0.14130960283509628,0.14130960284510913,0.14130960287722763,0.14130960284510913,0.14130960283509628,0.14130960283268948,0.14130960283751803,0.14130960284510913,0.14130960283751803,0.14130960283268948,0.14130960283034846,0.14130960283268948,0.14130960283509628,0.14130960283268948,0.14130960283034846,0.14021174688148202,0.1402117468835554,0.14021174688553656,0.1402117468835554,0.14021174688148202,0.1402117468835554,0.14021174688748916,0.14021174689307803,0.14021174688748916,0.1402117468835554,0.14021174688553656,0.14021174689307803,0.14021174691486135,0.14021174689307803,0.14021174688553656,0.1402117468835554,0.14021174688748916,0.14021174689307803,0.14021174688748916,0.1402117468835554,0.14021174688148202,0.1402117468835554,0.14021174688553656,0.1402117468835554,0.14021174688148202,0.13913530720274112,0.13913530720486048,0.13913530720668268,0.13913530720486048,0.13913530720274112,0.13913530720486048,0.1391353072084393,0.1391353072122664,0.1391353072084393,0.13913530720486048,0.13913530720668268,0.1391353072122664,0.1391353072202531,0.1391353072122664,0.13913530720668285,0.13913530720486048,0.1391353072084393,0.1391353072122664,0.1391353072084393,0.13913530720486048,0.13913530720274112,0.13913530720486048,0.13913530720668285,0.13913530720486048,0.13913530720274112,0.13807980371027911,0.1380798037134342,0.1380798037164837,0.1380798037134342,0.13807980371027911,0.1380798037134342,0.1380798037195326,0.13807980372751227,0.1380798037195326,0.1380798037134342,0.1380798037164837,0.13807980372751227,0.13807980374910644,0.13807980372751227,0.1380798037164837,0.1380798037134342,0.1380798037195326,0.13807980372751227,0.1380798037195326,0.1380798037134342,0.13807980371027911,0.1380798037134342,0.1380798037164837,0.1380798037134342,0.13807980371027911,0.13704476579703265,0.13704476580156572,0.13704476580695663,0.13704476580156572,0.13704476579703265,0.13704476580156572,0.1370447658125202,0.1370447658341588,0.1370447658125202,0.13704476580156572,0.13704476580695663,0.1370447658341588,0.1370447659531274,0.1370447658341588,0.13704476580695663,0.13704476580156572,0.1370447658125202,0.1370447658341588,0.1370447658125202,0.13704476580156572,0.13704476579703265,0.13704476580156572,0.13704476580695663,0.13704476580156572,0.13704476579703265,0.13602973236578786,0.13602973236888555,0.13602973237189345,0.13602973236888555,0.13602973236578786,0.13602973236888555,0.13602973237490004,0.13602973238288005,0.13602973237490004,0.13602973236888555,0.13602973237189345,0.13602973238288005,0.13602973240490515,0.13602973238288005,0.1360297323718933,0.13602973236888555,0.13602973237490004,0.13602973238288005,0.13602973237490004,0.13602973236888555,0.13602973236578786,0.13602973236888555,0.1360297323718933,0.13602973236888555,0.13602973236578786,0.13503425184136125,0.1350342518432872,0.1350342518448707,0.1350342518432872,0.13503425184136125,0.1350342518432872,0.13503425184636936,0.13503425184941098,0.13503425184636936,0.1350342518432872,0.1350342518448707,0.13503425184941098,0.13503425185492096,0.13503425184941098,0.1350342518448707,0.1350342518432872,0.13503425184636936,0.13503425184941098,0.13503425184636936,0.1350342518432872,0.13503425184136125,0.1350342518432872,0.1350342518448707,0.1350342518432872,0.13503425184136125
0.16533248786624347,0.16533248786624302,0.16533248786624277,0.16533248786624302,0.16533248786624347,0.16533248786624302,0.16533248786624277,0.1653324878662425,0.16533248786624277,0.16533248786624302,0.16533248786624277,0.1653324878662425,0.1653324878662423,0.1653324878662425,0.16533248786624277,0.16533248786624302,0.16533248786624277,0.1653324878662425,0.16533248786624277,0.16533248786624302,0.16533248786624347,0.16533248786624302,0.16533248786624277,0.16533248786624302,0.16533248786624347,0.1637574941458386,0.16375749414583765,0.16375749414583718,0.16375749414583765,0.16375749414583837,0.16375749414583765,0.16375749414583698,0.1637574941458365,0.16375749414583698,0.16375749414583765,0.16375749414583718,0.1637574941458365,0.16375749414583582,0.1637574941458365,0.16375749414583718,0.16375749414583765,0.16375749414583698,0.1637574941458365,0.16375749414583698,0.16375749414583765,0.16375749414583837,0.16375749414583765,0.16375749414583718,0.16375749414583765,0.16375749414583837,0.16221388435736167,0.1622138843573594,0.16221388435735784,0.1622138843573594,0.16221388435736167,0.1622138843573594,0.1622138843573569,0.16221388435735531,0.1622138843573569,0.1622138843573594,0.16221388435735784,0.16221388435735531,0.16221388435735373,0.16221388435735531,0.16221388435735784,0.1622138843573594,0.1622138843573569,0.16221388435735531,0.1622138843573569,0.1622138843573594,0.16221388435736167,0.1622138843573594,0.16221388435735784,0.1622138843573594,0.16221388435736167,0.16070106745785628,0.1607010674578494,0.160701067457845,0.1607010674578494,0.16070106745785628,0.1607010674578494,0.16070106745784166,0.16070106745783674,0.16070106745784166,0.1607010674578494,0.160701067457845,0.16070106745783674,0.16070106745783141,0.16070106745783674,0.160701067457845,0.1607010674578494,0.16070106745784166,0.16070106745783674,0.16070106745784166,0.1607010674578494,0.16070106745785628,0.1607010674578494,0.160701067457845,0.1607010674578494,0.16070106745785628,0.15921845182231015,0.15921845182228944,0.15921845182227595,0.15921845182228944,0.15921845182231015,0.15921845182228944,0.1592184518222657,0.15921845182224983,0.1592184518222657,0.15921845182228944,0.15921845182227595,0.15921845182224983,0.1592184518222324,0.15921845182224983,0.15921845182227595,0.15921845182228944,0.1592184518222657,0.15921845182224983,0.1592184518222657,0.15921845182228944,0.15921845182231015,0.15921845182228944,0.15921845182227595,0.15921845182228944,0.15921845182231015,0.15776544659551842,0.15776544659545783,0.1577654465954175,0.15776544659545783,0.15776544659551842,0.15776544659545783,0.15776544659538488,0.1577654465953343,0.15776544659538488,0.15776544659545783,0.1577654465954175,0.1577654465953343,0.1577654465952752,0.1577654465953341,0.1577654465954175,0.15776544659545783,0.15776544659538488,0.1577654465953341,0.15776544659538488,0.15776544659545783,0.15776544659551842,0.15776544659545783,0.1577654465954175,0.15776544659545783,0.15776544659551842,0.156341462906443,0.15634146290627113,0.1563414629061513,0.15634146290627113,0.156341462906443,0.15634146290627113,0.15634146290604928,0.15634146290588405,0.15634146290604928,0.15634146290627113,0.1563414629061513,0.15634146290588405,0.15634146290567455,0.15634146290588405,0.1563414629061513,0.15634146290627113,0.15634146290604928,0.15634146290588405,0.15634146290604928,0.15634146290627113,0.156341462906443,0.15634146290627113,0.1563414629061513,0.15634146290627113,0.156341462906443,0.1549459149553678,0.15494591495490181,0.15494591495455426,0.15494591495490181,0.1549459149553678,0.15494591495490181,0.1549459149542417,0.15494591495369045,0.1549459149542417,0.15494591495490181,0.15494591495455426,0.15494591495369045,0.1549459149528867,0.15494591495369045,0.15494591495455426,0.15494591495490181,0.1549459149542417,0.15494591495369045,0.1549459149542417,0.15494591495490181,0.1549459149553678,0.15494591495490181,0.15494591495455426,0.15494591495490181,0.1549459149553678,0.15357822098363555,0.15357822098246585,0.15357822098150017,0.15357822098246585,0.15357822098363555,0.15357822098246585,0.15357822098058552,0.1535782209787153,0.15357822098058552,0.15357822098246585,0.15357822098150017,0.1535782209787153,0.15357822097529594,0.1535782209787153,0.15357822098150017,0.15357822098246585,0.15357822098058552,0.1535782209787153,0.15357822098058552,0.15357822098246585,0.15357822098363555,0.15357822098246585,0.15357822098150017,0.15357822098246585,0.15357822098363555,0.15223780413522633,0.15223780413265384,0.15223780413020768,0.15223780413265384,0.15223780413522633,0.15223780413265384,0.15223780412777677,0.15223780412154048,0.15223780412777677,0.15223780413265384,0.15223780413020768,0.15223780412154048,0.15223780410510163,0.15223780412154048,0.15223780413020768,0.15223780413265384,0.15223780412777677,0.15223780412154048,0.15223780412777677,0.15223780413265384,0.15223780413522633,0.15223780413265384,0.15223780413020768,0.15223780413265384,0.15223780413522633,0.15092409321867684,0.15092409321426917,0.15092409320930825,0.15092409321426917,0.15092409321867684,0.15092409321426917,0.1509240932042173,0.15092409318614455,0.1509240932042173,0.15092409321426917,0.15092409320930825,0.15092409318614455,0.15092409309666055,0.15092409318614455,0.15092409320930825,0.15092409321426917,0.1509240932042173,0.15092409318614455,0.1509240932042173,0.15092409321426917,0.15092409321867684,0.15092409321426917,0.15092409320930825,0.15092409321426917,0.15092409321867684,0.14963652337613575,0.1496365233717159,0.14963652336692945,0.1496365233717159,0.14963652337613575,0.1496365233717159,0.14963652336203503,0.1496365233460344,0.14963652336203503,0.1496365233717159,0.14963652336692945,0.1496365233460344,0.14963652327694976,0.1496365233460344,0.14963652336692945,0.1496365233717159,0.14963652336203503,0.1496365233460344,0.14963652336203503,0.1496365233717159,0.14963652337613575,0.1496365233717159,0.14963652336692945,0.1496365233717159,0.14963652337613575,0.1483745366641404,0.14837453666095493,0.14837453665766182,0.14837453666095493,0.1483745366641404,0.14837453666095493,0.14837453665432626,0.14837453664409475,0.14837453665432626,0.14837453666095493,0.14837453665766182,0.14837453664409475,0.14837453660285774,0.14837453664409475,0.14837453665766182,0.14837453666095493,0.14837453665432626,0.14837453664409475,0.14837453665432626,0.14837453666095493,0.1483745366641404,0.14837453666095493,0.14837453665766182,0.14837453666095493,0.1483745366641404,0.14713758256309048,0.1471375825615322,0.14713758256000484,0.1471375825615322,0.14713758256309048,0.1471375825615322,0.14713758255848075,0.14713758255409207,0.14713758255848075,0.1471375825615322,0.14713758256000484,0.14713758255409207,0.14713758253746356,0.14713758255409207,0.14713758256000484,0.1471375825615322,0.14713758255848075,0.14713758255409207,0.14713758255848075,0.1471375825615322,0.14713758256309048,0.1471375825615322,0.14713758256000484,0.1471375825615322,0.14713758256309048,0.14592511841680658,0.14592511841679823,0.14592511841689132,0.14592511841679823,0.14592511841680658,0.14592511841679823,0.14592511841701347,0.14592511841777042,0.14592511841701347,0.14592511841679823,0.14592511841689132,0.14592511841777042,0.14592511842254877,0.14592511841777042,0.14592511841689132,0.14592511841679823,0.14592511841701347,0.14592511841777042,0.14592511841701347,0.14592511841679823,0.14592511841680658,0.14592511841679823,0.14592511841689132,0.14592511841679823,0.14592511841680658,0.1447366098069415,0.144736609808159,0.14473660980950598,0.144736609808159,0.1447366098069415,0.144736609808159,0.14473660981089295,0.14473660981552094,0.14473660981089295,0.144736609808159,0.14473660980950598,0.14473660981552094,0.14473660983608416,0.14473660981552094,0.14473660980950598,0.144736609808159,0.14473660981089295,0.14473660981552094,0.14473660981089295,0.144736609808159,0.1447366098069415,0.144736609808159,0.14473660980950598,0.144736609808159,0.1447366098069415,0.14357153086826102,0.1435715308702781,0.14357153087242439,0.1435715308702781,0.14357153086826102,0.1435715308702781,0.14357153087461189,0.14357153088161057,0.14357153087461189,0.1435715308702781,0.14357153087242439,0.14357153088161057,0.14357153091134384,0.14357153088161057,0.14357153087242439,0.1435715308702781,0.14357153087461189,0.14357153088161057,0.14357153087461189,0.1435715308702781,0.14357153086826102,0.1435715308702781,0.14357153087242439,0.1435715308702781,0.14357153086826102,0.14242936455023936,0.1424293645526251,0.1424293645551372,0.1424293645526251,0.14242936455023936,0.1424293645526251,0.142429364557686,0.1424293645658218,0.142429364557686,0.1424293645526251,0.1424293645551372,0.1424293645658218,0.14242936460061828,0.1424293645658218,0.1424293645551372,0.1424293645526251,0.142429364557686,0.1424293645658218,0.142429364557686,0.1424293645526251,0.14242936455023936,0.1424293645526251,0.1424293645551372,0.1424293645526251,0.14242936455023936,0.14130960282995755,0.14130960283228886,0.14130960283468463,0.14130960283228886,0.14130960282995755,0.14130960283228886,0.14130960283709504,0.141309602844647,0.14130960283709504,0.14130960283228886,0.14130960283468463,0.141309602844647,0.1413096028765826,0.141309602844647,0.14130960283468463,0.14130960283228886,0.14130960283709504,0.141309602844647,0.14130960283709504,0.14130960283228886,0.14130960282995755,0.14130960283228886,0.14130960283468463,0.14130960283228886,0.14130960282995755,0.14021174688100907,0.1402117468830718,0.14021174688504134,0.1402117468830718,0.14021174688100907,0.1402117468830718,0.140211746886982,0.14021174689253008,0.140211746886982,0.1402117468830718,0.14021174688504134,0.14021174689253008,0.14021174691411264,0.14021174689253008,0.14021174688504134,0.1402117468830718,0.140211746886982,0.14021174689253008,0.140211746886982,0.1402117468830718,0.14021174688100907,0.1402117468830718,0.14021174688504134,0.1402117468830718,0.14021174688100907,0.13913530720220701,0.13913530720431813,0.1391353072061328,0.13913530720431813,0.13913530720220701,0.13913530720431813,0.13913530720788198,0.1391353072116912,0.13913530720788198,0.13913530720431813,0.1391353072061328,0.1391353072116912,0.13913530721963524,0.1391353072116912,0.1391353072061328,0.13913530720431813,0.13913530720788198,0.1391353072116912,0.13913530720788198,0.13913530720431813,0.13913530720220701,0.13913530720431813,0.1391353072061328,0.13913530720431813,0.13913530720220701,0.13807980370969988,0.13807980371284678,0.13807980371588852,0.13807980371284678,0.13807980370969988,0.13807980371284678,0.13807980371892983,0.1380798037268904,0.13807980371892983,0.13807980371284678,0.13807980371588852,0.1380798037268904,0.1380798037484356,0.1380798037268904,0.13807980371588852,0.13807980371284678,0.13807980371892983,0.1380798037268904,0.13807980371892983,0.13807980371284678,0.13807980370969988,0.13807980371284678,0.13807980371588852,0.13807980371284678,0.13807980370969988,0.13704476579642436,0.13704476580094768,0.13704476580632702,0.13704476580094768,0.13704476579642436,0.13704476580094768,0.13704476581187888,0.137044765833473,0.13704476581187888,0.13704476580094768,0.13704476580632702,0.137044765833473,0.13704476595221138,0.137044765833473,0.13704476580632702,0.13704476580094768,0.13704476581187888,0.137044765833473,0.13704476581187888,0.13704476580094768,0.13704476579642436,0.13704476580094768,0.13704476580632702,0.13704476580094768,0.13704476579642436,0.13602973236517044,0.13602973236826138,0.13602973237126303,0.13602973236826138,0.13602973236517044,0.13602973236826138,0.13602973237426352,0.136029732382227,0.13602973237426352,0.13602973236826138,0.13602973237126303,0.136029732382227,0.13602973240420732,0.136029732382227,0.13602973237126303,0.13602973236826138,0.13602973237426352,0.136029732382227,0.13602973237426352,0.13602973236826138,0.13602973236517044,0.13602973236826138,0.13602973237126303,0.13602973236826138,0.13602973236517044,0.13503425184074763,0.13503425184266948,0.13503425184424978,0.13503425184266948,0.13503425184074763,0.13503425184266948,0.13503425184574522,0.13503425184878068,0.13503425184574522,0.13503425184266948,0.13503425184424978,0.13503425184878068,0.13503425185427925,0.13503425184878068,0.13503425184424978,0.13503425184266948,0.13503425184574522,0.13503425184878068,0.13503425184574522,0.13503425184266948,0.13503425184074763,0.13503425184266948,0.13503425184424978,0.13503425184266948,0.13503425184074763
0.1653324878666272,0.16533248786662694,0.16533248786662672,0.16533248786662694,0.1653324878666272,0.16533248786662694,0.16533248786662672,0.16533248786662647,0.16533248786662672,0.16533248786662694,0.16533248786662672,0.16533248786662647,0.16533248786662624,0.16533248786662647,0.16533248786662672,0.16533248786662694,0.16533248786662672,0.16533248786662647,0.16533248786662672,0.16533248786662694,0.1653324878666272,0.16533248786662694,0.16533248786662672,0.16533248786662694,0.1653324878666272,0.16375749414621468,0.16375749414621396,0.1637574941462135,0.16375749414621396,0.16375749414621468,0.16375749414621396,0.16375749414621305,0.16375749414621257,0.16375749414621305,0.16375749414621396,0.1637574941462135,0.16375749414621257,0.16375749414621213,0.16375749414621257,0.1637574941462135,0.16375749414621396,0.16375749414621305,0.16375749414621257,0.16375749414621305,0.16375749414621396,0.16375749414621468,0.16375749414621396,0.1637574941462135,0.16375749414621396,0.16375749414621468,0.16221388435773026,0.162213884357728,0.16221388435772663,0.162213884357728,0.16221388435773026,0.162213884357728,0.1622138843577255,0.16221388435772388,0.1622138843577255,0.162213884357728,0.16221388435772663,0.16221388435772388,0.16221388435772233,0.16221388435772388,0.16221388435772663,0.162213884357728,0.1622138843577255,0.16221388435772388,0.1622138843577255,0.162213884357728,0.16221388435773026,0.162213884357728,0.16221388435772663,0.162213884357728,0.16221388435773026,0.16070106745821752,0.16070106745821064,0.16070106745820617,0.16070106745821064,0.16070106745821752,0.16070106745821064,0.1607010674582031,0.16070106745819795,0.1607010674582031,0.16070106745821064,0.16070106745820617,0.16070106745819795,0.16070106745819263,0.16070106745819795,0.16070106745820617,0.16070106745821064,0.1607010674582031,0.16070106745819795,0.1607010674582031,0.16070106745821064,0.16070106745821752,0.16070106745821064,0.16070106745820617,0.16070106745821064,0.16070106745821752,0.1592184518226639,0.15921845182264321,0.15921845182262995,0.15921845182264321,0.1592184518226639,0.15921845182264321,0.1592184518226195,0.15921845182260383,0.1592184518226195,0.15921845182264321,0.15921845182262995,0.15921845182260383,0.1592184518225864,0.15921845182260383,0.15921845182262995,0.15921845182264321,0.1592184518226195,0.15921845182260383,0.1592184518226195,0.15921845182264321,0.1592184518226639,0.15921845182264321,0.15921845182262995,0.15921845182264321,0.1592184518226639,0.15776544659586494,0.15776544659580458,0.15776544659576425,0.15776544659580458,0.15776544659586494,0.15776544659580458,0.1577654465957316,0.157765446595681,0.1577654465957316,0.15776544659580458,0.15776544659576425,0.157765446595681,0.1577654465956221,0.157765446595681,0.15776544659576425,0.15776544659580458,0.1577654465957316,0.157765446595681,0.1577654465957316,0.15776544659580458,0.15776544659586494,0.15776544659580458,0.15776544659576425,0.15776544659580458,0.15776544659586494,0.1563414629067822,0.1563414629066105,0.1563414629064911,0.1563414629066105,0.1563414629067822,0.1563414629066105,0.15634146290638906,0.15634146290622425,0.15634146290638906,0.1563414629066105,0.1563414629064911,0.15634146290622425,0.15634146290601497,0.15634146290622425,0.1563414629064911,0.1563414629066105,0.15634146290638906,0.15634146290622425,0.15634146290638906,0.1563414629066105,0.1563414629067822,0.1563414629066105,0.1563414629064911,0.1563414629066105,0.1563414629067822,0.1549459149556992,0.154945914955234,0.15494591495488705,0.154945914955234,0.1549459149556992,0.154945914955234,0.15494591495457494,0.1549459149540247,0.15494591495457494,0.154945914955234,0.15494591495488705,0.1549459149540247,0.15494591495322219,0.1549459149540247,0.15494591495488705,0.154945914955234,0.15494591495457494,0.1549459149540247,0.15494591495457494,0.154945914955234,0.1549459149556992,0.154945914955234,0.15494591495488705,0.154945914955234,0.1549459149556992,0.15357822098395751,0.15357822098278978,0.15357822098182575,0.15357822098278978,0.15357822098395751,0.15357822098278978,0.15357822098091273,0.15357822097904547,0.15357822098091273,0.15357822098278978,0.15357822098182575,0.15357822097904547,0.15357822097563176,0.15357822097904547,0.15357822098182575,0.15357822098278978,0.15357822098091273,0.15357822097904547,0.15357822098091273,0.15357822098278978,0.15357822098395751,0.15357822098278978,0.15357822098182575,0.15357822098278978,0.15357822098395751,0.15223780413553498,0.15223780413296661,0.15223780413052485,0.15223780413296661,0.15223780413553498,0.15223780413296661,0.1522378041280978,0.15223780412187196,0.1522378041280978,0.15223780413296661,0.15223780413052485,0.15223780412187196,0.15223780410546028,0.15223780412187196,0.15223780413052485,0.15223780413296661,0.1522378041280978,0.15223780412187196,0.1522378041280978,0.15223780413296661,0.15223780413553498,0.15223780413296661,0.15223780413052485,0.15223780413296661,0.15223780413553498,0.15092409321896294,0.15092409321456282,0.15092409320961037,0.15092409321456282,0.15092409321896294,0.15092409321456282,0.15092409320452807,0.15092409318648545,0.15092409320452807,0.15092409321456282,0.15092409320961037,0.15092409318648545,0.15092409309714672,0.15092409318648545,0.15092409320961037,0.15092409321456282,0.15092409320452807,0.15092409318648545,0.15092409320452807,0.15092409321456282,0.15092409321896294,0.15092409321456282,0.15092409320961037,0.15092409321456282,0.15092409321896294,0.14963652337638347,0.14963652337197195,0.14963652336719438,0.14963652337197195,0.14963652337638347,0.14963652337197195,0.14963652336230862,0.1496365233463354,0.14963652336230862,0.14963652337197195,0.14963652336719438,0.1496365233463354,0.1496365232773374,0.1496365233463354,0.14963652336719438,0.14963652337197195,0.14963652336230862,0.1496365233463354,0.14963652336230862,0.14963652337197195,0.14963652337638347,0.14963652337197195,0.14963652336719438,0.14963652337197195,0.14963652337638347,0.1483745366643322,0.14837453666115438,0.1483745366578692,0.14837453666115438,0.1483745366643322,0.14837453666115438,0.14837453665454142,0.14837453664433325,0.14837453665454142,0.14837453666115438,0.1483745366578692,0.14837453664433325,0.14837453660320116,0.14837453664433325,0.1483745366578692,0.14837453666115438,0.14837453665454142,0.14837453664433325,0.14837453665454142,0.14837453666115438,0.1483745366643322,0.14837453666115438,0.1483745366578692,0.14837453666115438,0.1483745366643322,0.14713758256320963,0.14713758256165846,0.147137582560138,0.14713758256165846,0.14713758256320963,0.14713758256165846,0.14713758255862117,0.14713758255425394,0.14713758255862117,0.14713758256165846,0.147137582560138,0.14713758255425394,0.14713758253772896,0.14713758255425394,0.147137582560138,0.14713758256165846,0.14713758255862117,0.14713758255425394,0.14713758255862117,0.14713758256165846,0.14713758256320963,0.14713758256165846,0.147137582560138,0.14713758256165846,0.14713758256320963,0.14592511841683792,0.14592511841683506,0.14592511841693442,0.14592511841683506,0.14592511841683792,0.14592511841683506,0.14592511841706263,0.14592511841784006,0.14592511841706263,0.14592511841683506,0.14592511841693442,0.14592511841784006,0.14592511842270048,0.14592511841784006,0.14592511841693442,0.14592511841683506,0.14592511841706263,0.14592511841784006,0.14592511841706263,0.14592511841683506,0.14592511841683792,0.14592511841683506,0.14592511841693442,0.14592511841683506,0.14592511841683792,0.14473660980687167,0.1447366098080923,0.1447366098094428,0.1447366098080923,0.14473660980687167,0.1447366098080923,0.1447366098108336,0.14473660981547365,0.1447366098108336,0.1447366098080923,0.1447366098094428,0.14473660981547365,0.14473660983608835,0.14473660981547365,0.1447366098094428,0.1447366098080923,0.1447366098108336,0.14473660981547365,0.1447366098108336,0.1447366098080923,0.14473660980687167,0.1447366098080923,0.1447366098094428,0.1447366098080923,0.14473660980687167,0.1435715308680824,0.14357153087009877,0.14357153087224453,0.14357153087009877,0.1435715308680824,0.14357153087009877,0.14357153087443153,0.1435715308814297,0.14357153087443153,0.14357153087009877,0.14357153087224453,0.1435715308814297,0.14357153091114638,0.1435715308814297,0.14357153087224453,0.14357153087009877,0.14357153087443153,0.1435715308814297,0.14357153087443153,0.14357153087009877,0.1435715308680824,0.14357153087009877,0.14357153087224453,0.14357153087009877,0.1435715308680824,0.14242936454995148,0.1424293645523322,0.1424293645548391,0.1424293645523322,0.14242936454995148,0.1424293645523322,0.14242936455738273,0.14242936456550426,0.14242936455738273,0.1424293645523322,0.1424293645548391,0.14242936456550426,0.14242936460026484,0.14242936456550426,0.1424293645548391,0.1424293645523322,0.14242936455738273,0.14242936456550426,0.14242936455738273,0.1424293645523322,0.14242936454995148,0.1424293645523322,0.1424293645548391,0.1424293645523322,0.14242936454995148,0.14130960282956972,0.14130960283189117,0.1413096028342761,0.14130960283189117,0.14130960282956972,0.14130960283189117,0.14130960283667532,0.14130960284418845,0.14130960283667532,0.14130960283189117,0.1413096028342761,0.14130960284418845,0.14130960287593625,0.14130960284418845,0.1413096028342761,0.14130960283189117,0.14130960283667532,0.14130960284418845,0.14130960283667532,0.14130960283189117,0.14130960282956972,0.14130960283189117,0.1413096028342761,0.14130960283189117,0.14130960282956972,0.14021174688053997,0.14021174688259208,0.14021174688454985,0.14021174688259208,0.14021174688053997,0.14021174688259208,0.14021174688647875,0.14021174689198634,0.14021174688647875,0.14021174688259208,0.14021174688454985,0.14021174689198634,0.1402117469133917,0.14021174689198634,0.14021174688454985,0.14021174688259208,0.14021174688647875,0.14021174689198634,0.14021174688647875,0.14021174688259208,0.14021174688053997,0.14021174688259208,0.14021174688454985,0.14021174688259208,0.14021174688053997,0.1391353072016772,0.13913530720378006,0.13913530720558728,0.13913530720378006,0.1391353072016772,0.13913530720378006,0.13913530720732906,0.13913530721112058,0.13913530720732906,0.13913530720378006,0.13913530720558728,0.13913530721112058,0.1391353072190222,0.13913530721112058,0.13913530720558728,0.13913530720378006,0.13913530720732906,0.13913530721112058,0.13913530720732906,0.13913530720378006,0.1391353072016772,0.13913530720378006,0.13913530720558728,0.13913530720378006,0.1391353072016772,0.13807980370912545,0.13807980371226414,0.13807980371529813,0.13807980371226414,0.13807980370912545,0.13807980371226414,0.13807980371833198,0.13807980372627351,0.13807980371833198,0.13807980371226414,0.13807980371529813,0.13807980372627351,0.13807980374776999,0.13807980372627351,0.13807980371529813,0.13807980371226414,0.13807980371833198,0.13807980372627351,0.13807980371833198,0.13807980371226414,0.13807980370912545,0.13807980371226414,0.13807980371529813,0.13807980371226414,0.13807980370912545,0.13704476579582103,0.1370447658003345,0.13704476580570243,0.1370447658003345,0.13704476579582103,0.1370447658003345,0.13704476581124278,0.13704476583279263,0.13704476581124278,0.1370447658003345,0.13704476580570243,0.13704476583279263,0.1370447659512821,0.13704476583279263,0.13704476580570243,0.1370447658003345,0.13704476581124278,0.13704476583279263,0.13704476581124278,0.1370447658003345,0.13704476579582103,0.1370447658003345,0.13704476580570243,0.1370447658003345,0.13704476579582103,0.13602973236455787,0.13602973236764243,0.13602973237063784,0.13602973236764243,0.13602973236455787,0.13602973236764243,0.1360297323736322,0.13602973238157942,0.1360297323736322,0.13602973236764243,0.13602973237063784,0.13602973238157942,0.13602973240351518,0.13602973238157942,0.13602973237063784,0.13602973236764243,0.1360297323736322,0.13602973238157942,0.1360297323736322,0.13602973236764243,0.13602973236455787,0.13602973236764243,0.13602973237063784,0.13602973236764243,0.13602973236455787,0.13503425184013884,0.13503425184205675,0.1350342518436338,0.13503425184205675,0.13503425184013884,0.13503425184205675,0.13503425184512619,0.13503425184815537,0.13503425184512619,0.13503425184205675,0.1350342518436338,0.13503425184815537,0.13503425185364282,0.13503425184815537,0.1350342518436338,0.13503425184205675,0.13503425184512619,0.13503425184815537,0.13503425184512619,0.13503425184205675,0.13503425184013884,0.13503425184205675,0.1350342518436338,0.13503425184205675,0.13503425184013884
0.16533248786700783,0.1653324878670076,0.16533248786700735,0.1653324878670076,0.16533248786700783,0.1653324878670076,0.16533248786700713,0.16533248786700713,0.16533248786700713,0.1653324878670076,0.16533248786700735,0.16533248786700713,0.1653324878670069,0.16533248786700713,0.16533248786700735,0.1653324878670076,0.16533248786700713,0.16533248786700713,0.16533248786700713,0.1653324878670076,0.16533248786700783,0.1653324878670076,0.16533248786700735,0.1653324878670076,0.16533248786700783,0.16375749414658772,0.16375749414658705,0.1637574941465866,0.16375749414658705,0.16375749414658772,0.16375749414658705,0.1637574941465861,0.16375749414658566,0.1637574941465861,0.16375749414658705,0.1637574941465866,0.16375749414658566,0.16375749414658522,0.16375749414658566,0.1637574941465866,0.16375749414658705,0.1637574941465861,0.16375749414658566,0.1637574941465861,0.16375749414658705,0.16375749414658772,0.16375749414658705,0.1637574941465866,0.16375749414658705,0.16375749414658772,0.16221388435809586,0.1622138843580936,0.16221388435809206,0.1622138843580936,0.16221388435809586,0.1622138843580936,0.16221388435809114,0.16221388435808953,0.16221388435809114,0.1622138843580936,0.16221388435809206,0.16221388435808953,0.16221388435808795,0.16221388435808953,0.16221388435809206,0.1622138843580936,0.16221388435809114,0.16221388435808953,0.16221388435809114,0.1622138843580936,0.16221388435809586,0.1622138843580936,0.16221388435809206,0.1622138843580936,0.16221388435809586,0.16070106745857562,0.16070106745856874,0.16070106745856452,0.16070106745856874,0.16070106745857562,0.16070106745856874,0.16070106745856116,0.1607010674585563,0.16070106745856116,0.16070106745856874,0.16070106745856452,0.1607010674585563,0.16070106745855098,0.1607010674585563,0.16070106745856452,0.16070106745856874,0.16070106745856116,0.1607010674585563,0.16070106745856116,0.16070106745856874,0.16070106745857562,0.16070106745856874,0.16070106745856452,0.16070106745856874,0.16070106745857562,0.15921845182301486,0.1592184518229942,0.15921845182298092,0.1592184518229942,0.15921845182301486,0.1592184518229942,0.15921845182297067,0.15921845182295477,0.15921845182297067,0.1592184518229942,0.15921845182298092,0.15921845182295477,0.15921845182293737,0.15921845182295477,0.15921845182298092,0.1592184518229942,0.15921845182297067,0.15921845182295477,0.15921845182297067,0.1592184518229942,0.15921845182301486,0.1592184518229942,0.15921845182298092,0.1592184518229942,0.15921845182301486,0.15776544659620867,0.15776544659614827,0.15776544659610817,0.15776544659614827,0.15776544659620867,0.15776544659614827,0.15776544659607553,0.15776544659602518,0.15776544659607553,0.15776544659614827,0.15776544659610817,0.15776544659602518,0.15776544659596628,0.15776544659602518,0.15776544659610817,0.15776544659614827,0.15776544659607553,0.15776544659602518,0.15776544659607553,0.15776544659614827,0.15776544659620867,0.15776544659614827,0.15776544659610817,0.15776544659614827,0.15776544659620867,0.15634146290711884,0.1563414629069474,0.15634146290682796,0.1563414629069474,0.15634146290711884,0.1563414629069474,0.15634146290672635,0.15634146290656156,0.15634146290672635,0.1563414629069474,0.15634146290682796,0.15634146290656156,0.15634146290635287,0.15634146290656156,0.15634146290682796,0.1563414629069474,0.15634146290672635,0.15634146290656156,0.15634146290672635,0.1563414629069474,0.15634146290711884,0.1563414629069474,0.15634146290682796,0.1563414629069474,0.15634146290711884,0.15494591495602789,0.1549459149555633,0.154945914955217,0.1549459149555633,0.15494591495602789,0.1549459149555633,0.1549459149549055,0.15494591495435606,0.1549459149549055,0.1549459149555633,0.154945914955217,0.15494591495435606,0.15494591495355498,0.15494591495435606,0.154945914955217,0.1549459149555633,0.1549459149549055,0.15494591495435606,0.1549459149549055,0.1549459149555633,0.15494591495602789,0.1549459149555633,0.154945914955217,0.1549459149555633,0.15494591495602789,0.15357822098427704,0.15357822098311114,0.1535782209821487,0.15357822098311114,0.15357822098427704,0.15357822098311114,0.15357822098123708,0.15357822097937304,0.15357822098123708,0.15357822098311114,0.1535782209821487,0.15357822097937304,0.15357822097596494,0.15357822097937304,0.1535782209821487,0.15357822098311114,0.15357822098123708,0.15357822097937304,0.15357822098123708,0.15357822098311114,0.15357822098427704,0.15357822098311114,0.1535782209821487,0.15357822098311114,0.15357822098427704,0.15223780413584106,0.15223780413327723,0.15223780413083937,0.15223780413327723,0.15223780413584106,0.15223780413327723,0.15223780412841648,0.15223780412220086,0.15223780412841648,0.15223780413327723,0.15223780413083937,0.15223780412220086,0.15223780410581614,0.15223780412220086,0.15223780413083937,0.15223780413327723,0.15223780412841648,0.15223780412220086,0.15223780412841648,0.15223780413327723,0.15223780413584106,0.15223780413327723,0.15223780413083937,0.15223780413327723,0.15223780413584106,0.15092409321924674,0.1509240932148543,0.15092409320991035,0.1509240932148543,0.15092409321924674,0.1509240932148543,0.15092409320483657,0.15092409318682382,0.15092409320483657,0.1509240932148543,0.15092409320991035,0.15092409318682382,0.1509240930976047,0.15092409318682382,0.15092409320991035,0.1509240932148543,0.15092409320483657,0.15092409318682382,0.15092409320483657,0.1509240932148543,0.15092409321924674,0.1509240932148543,0.15092409320991035,0.1509240932148543,0.15092409321924674,0.14963652337662925,0.14963652337222608,0.149636523367457,0.14963652337222608,0.14963652337662925,0.14963652337222608,0.14963652336257996,0.14963652334663435,0.14963652336257996,0.14963652337222608,0.149636523367457,0.14963652334663435,0.1496365232777458,0.14963652334663435,0.149636523367457,0.14963652337222608,0.14963652336257996,0.14963652334663435,0.14963652336257996,0.14963652337222608,0.14963652337662925,0.14963652337222608,0.149636523367457,0.14963652337222608,0.14963652337662925,0.14837453666452236,0.1483745366613523,0.14837453665807473,0.1483745366613523,0.14837453666452236,0.1483745366613523,0.14837453665475475,0.14837453664456954,0.14837453665475475,0.1483745366613523,0.14837453665807473,0.14837453664456954,0.14837453660355107,0.14837453664456954,0.14837453665807473,0.1483745366613523,0.14837453665475475,0.14837453664456954,0.14837453665475475,0.1483745366613523,0.14837453666452236,0.1483745366613523,0.14837453665807473,0.1483745366613523,0.14837453666452236,0.1471375825633279,0.14713758256178344,0.14713758256027007,0.14713758256178344,0.1471375825633279,0.14713758256178344,0.14713758255876014,0.14713758255441434,0.14713758255876014,0.14713758256178344,0.14713758256027007,0.14713758255441434,0.1471375825379655,0.14713758255441434,0.14713758256027007,0.14713758256178344,0.14713758255876014,0.14713758255441434,0.14713758255876014,0.14713758256178344,0.1471375825633279,0.14713758256178344,0.14713758256027007,0.14713758256178344,0.1471375825633279,0.14592511841686873,0.14592511841687159,0.14592511841697697,0.14592511841687159,0.14592511841686873,0.14592511841687159,0.14592511841711142,0.14592511841790878,0.14592511841711142,0.14592511841687159,0.14592511841697697,0.14592511841790878,0.14592511842287945,0.14592511841790878,0.14592511841697697,0.14592511841687159,0.14592511841711142,0.14592511841790878,0.14592511841711142,0.14592511841687159,0.14592511841686873,0.14592511841687159,0.14592511841697697,0.14592511841687159,0.14592511841686873,0.14473660980680256,0.14473660980802616,0.1447366098093803,0.14473660980802616,0.14473660980680256,0.14473660980802616,0.14473660981077444,0.14473660981542688,0.14473660981077444,0.14473660980802616,0.1447366098093803,0.14473660981542688,0.14473660983610842,0.14473660981542688,0.1447366098093803,0.14473660980802616,0.14473660981077444,0.14473660981542688,0.14473660981077444,0.14473660980802616,0.14473660980680256,0.14473660980802616,0.1447366098093803,0.14473660980802616,0.14473660980680256,0.1435715308679051,0.143571530869921,0.14357153087206623,0.143571530869921,0.1435715308679051,0.143571530869921,0.1435715308742529,0.14357153088125038,0.1435715308742529,0.143571530869921,0.14357153087206623,0.14357153088125038,0.1435715309109898,0.14357153088125038,0.14357153087206623,0.143571530869921,0.1435715308742529,0.14357153088125038,0.1435715308742529,0.143571530869921,0.1435715308679051,0.143571530869921,0.14357153087206623,0.143571530869921,0.1435715308679051,0.14242936454966615,0.14242936455204167,0.14242936455454352,0.14242936455204167,0.14242936454966615,0.14242936455204167,0.14242936455708194,0.1424293645651894,0.14242936455708194,0.14242936455204167,0.14242936455454352,0.1424293645651894,0.1424293645999008,0.1424293645651894,0.14242936455454352,0.14242936455204167,0.14242936455708194,0.1424293645651894,0.14242936455708194,0.14242936455204167,0.14242936454966615,0.14242936455204167,0.14242936455454352,0.14242936455204167,0.14242936454966615,0.14130960282918503,0.14130960283149696,0.14130960283387084,0.14130960283149696,0.14130960282918503,0.14130960283149696,0.14130960283625904,0.14130960284373353,0.14130960283625904,0.14130960283149696,0.14130960283387084,0.14130960284373353,0.14130960287528366,0.14130960284373353,0.14130960283387084,0.14130960283149696,0.14130960283625904,0.14130960284373353,0.14130960283625904,0.14130960283149696,0.14130960282918503,0.14130960283149696,0.14130960283387084,0.14130960283149696,0.14130960282918503,0.14021174688007457,0.1402117468821162,0.14021174688406254,0.1402117468821162,0.14021174688007457,0.1402117468821162,0.1402117468859795,0.14021174689144694,0.1402117468859795,0.1402117468821162,0.14021174688406254,0.14021174689144694,0.14021174691264365,0.14021174689144694,0.14021174688406254,0.1402117468821162,0.1402117468859795,0.14021174689144694,0.1402117468859795,0.1402117468821162,0.14021174688007457,0.1402117468821162,0.14021174688406254,0.1402117468821162,0.14021174688007457,0.1391353072011516,0.1391353072032463,0.13913530720504608,0.1391353072032463,0.1391353072011516,0.1391353072032463,0.13913530720678055,0.13913530721055453,0.13913530720678055,0.1391353072032463,0.13913530720504608,0.13913530721055453,0.13913530721841397,0.13913530721055453,0.13913530720504608,0.1391353072032463,0.13913530720678055,0.13913530721055453,0.13913530720678055,0.1391353072032463,0.1391353072011516,0.1391353072032463,0.13913530720504608,0.1391353072032463,0.1391353072011516,0.13807980370855555,0.13807980371168613,0.13807980371471268,0.13807980371168613,0.13807980370855555,0.13807980371168613,0.13807980371773895,0.13807980372566173,0.13807980371773895,0.13807980371168613,0.13807980371471268,0.13807980372566173,0.13807980374710996,0.13807980372566173,0.13807980371471268,0.13807980371168613,0.13807980371773895,0.13807980372566173,0.13807980371773895,0.13807980371168613,0.13807980370855555,0.13807980371168613,0.13807980371471268,0.13807980371168613,0.13807980370855555,0.13704476579522276,0.13704476579972646,0.13704476580508315,0.13704476579972646,0.13704476579522276,0.13704476579972646,0.13704476581061195,0.137044765832118,0.13704476581061195,0.13704476579972646,0.13704476580508315,0.137044765832118,0.13704476595037215,0.137044765832118,0.13704476580508315,0.13704476579972646,0.13704476581061195,0.137044765832118,0.13704476581061178,0.13704476579972633,0.13704476579522276,0.13704476579972646,0.13704476580508315,0.13704476579972633,0.13704476579522276,0.13602973236395055,0.1360297323670286,0.13602973237001784,0.1360297323670286,0.13602973236395055,0.1360297323670286,0.13602973237300595,0.13602973238093707,0.13602973237300595,0.1360297323670286,0.13602973237001784,0.13602973238093707,0.13602973240282884,0.13602973238093707,0.13602973237001784,0.1360297323670286,0.13602973237300595,0.13602973238093707,0.13602973237300595,0.1360297323670286,0.13602973236395055,0.1360297323670286,0.13602973237001784,0.1360297323670286,0.13602973236395055,0.13503425183953516,0.13503425184144902,0.13503425184302284,0.13503425184144915,0.13503425183953516,0.13503425184144902,0.13503425184451226,0.1350342518475353,0.13503425184451226,0.13503425184144915,0.13503425184302284,0.1350342518475353,0.13503425185301168,0.1350342518475353,0.13503425184302284,0.13503425184144915,0.13503425184451226,0.1350342518475353,0.13503425184451226,0.13503425184144915,0.13503425183953516,0.13503425184144915,0.13503425184302284,0.13503425184144915,0.13503425183953516
0.1653324878673861,0.16533248786738589,0.16533248786738566,0.16533248786738589,0.1653324878673861,0.16533248786738589,0.16533248786738544,0.16533248786738516,0.16533248786738544,0.16533248786738589,0.16533248786738566,0.16533248786738516,0.16533248786738497,0.16533248786738516,0.16533248786738566,0.16533248786738589,0.16533248786738544,0.16533248786738516,0.16533248786738544,0.16533248786738589,0.1653324878673861,0.16533248786738589,0.16533248786738566,0.16533248786738589,0.1653324878673861,0.1637574941469585,0.16375749414695756,0.16375749414695712,0.16375749414695756,0.1637574941469585,0.16375749414695756,0.16375749414695687,0.1637574941469564,0.16375749414695687,0.16375749414695756,0.16375749414695712,0.1637574941469564,0.16375749414695573,0.1637574941469564,0.16375749414695712,0.16375749414695756,0.16375749414695687,0.1637574941469564,0.16375749414695687,0.16375749414695756,0.1637574941469585,0.16375749414695756,0.16375749414695712,0.16375749414695756,0.1637574941469585,0.16221388435845902,0.16221388435845674,0.1622138843584554,0.16221388435845674,0.16221388435845902,0.16221388435845674,0.16221388435845424,0.16221388435845266,0.16221388435845424,0.16221388435845674,0.1622138843584554,0.16221388435845266,0.16221388435845108,0.16221388435845266,0.1622138843584554,0.16221388435845674,0.16221388435845424,0.16221388435845266,0.16221388435845424,0.16221388435845674,0.16221388435845902,0.16221388435845674,0.1622138843584554,0.16221388435845674,0.16221388435845902,0.1607010674589315,0.16070106745892462,0.16070106745892018,0.16070106745892462,0.1607010674589315,0.16070106745892462,0.16070106745891707,0.1607010674589122,0.16070106745891707,0.16070106745892462,0.16070106745892018,0.1607010674589122,0.16070106745890686,0.1607010674589122,0.16070106745892018,0.16070106745892462,0.16070106745891707,0.1607010674589122,0.16070106745891707,0.16070106745892462,0.1607010674589315,0.16070106745892462,0.16070106745892018,0.16070106745892462,0.1607010674589315,0.15921845182336344,0.15921845182334296,0.15921845182332947,0.15921845182334296,0.15921845182336344,0.15921845182334296,0.15921845182331926,0.15921845182330355,0.15921845182331926,0.15921845182334296,0.15921845182332947,0.15921845182330355,0.15921845182328614,0.15921845182330355,0.15921845182332947,0.15921845182334296,0.15921845182331926,0.15921845182330355,0.15921845182331926,0.15921845182334296,0.15921845182336344,0.15921845182334296,0.15921845182332947,0.15921845182334296,0.15921845182336344,0.15776544659655006,0.1577654465964899,0.15776544659644978,0.1577654465964899,0.15776544659655006,0.1577654465964899,0.15776544659641714,0.1577654465963668,0.15776544659641714,0.1577654465964899,0.15776544659644978,0.1577654465963668,0.1577654465963081,0.1577654465963668,0.15776544659644978,0.1577654465964899,0.15776544659641714,0.1577654465963668,0.15776544659641714,0.1577654465964899,0.15776544659655006,0.1577654465964899,0.15776544659644978,0.1577654465964899,0.15776544659655006,0.1563414629074528,0.1563414629072817,0.15634146290716253,0.1563414629072817,0.1563414629074528,0.1563414629072817,0.15634146290706114,0.15634146290689654,0.15634146290706114,0.1563414629072817,0.15634146290716253,0.15634146290689654,0.15634146290668807,0.15634146290689654,0.15634146290716253,0.1563414629072817,0.15634146290706114,0.15634146290689654,0.15634146290706114,0.1563414629072817,0.1563414629074528,0.1563414629072817,0.15634146290716253,0.1563414629072817,0.1563414629074528,0.15494591495635415,0.1549459149558906,0.15494591495554466,0.1549459149558906,0.15494591495635415,0.1549459149558906,0.1549459149552338,0.15494591495468518,0.1549459149552338,0.1549459149558906,0.15494591495554466,0.15494591495468518,0.15494591495388554,0.15494591495468518,0.15494591495554466,0.1549459149558906,0.1549459149552338,0.15494591495468518,0.1549459149552338,0.1549459149558906,0.15494591495635415,0.1549459149558906,0.15494591495554466,0.1549459149558906,0.15494591495635415,0.15357822098459398,0.1535782209834301,0.15357822098246926,0.1535782209834301,0.15357822098459398,0.1535782209834301,0.15357822098155924,0.15357822097969823,0.15357822098155924,0.1535782209834301,0.15357822098246926,0.15357822097969823,0.15357822097629592,0.15357822097969823,0.15357822098246926,0.1535782209834301,0.15357822098155924,0.15357822097969823,0.15357822098155924,0.1535782209834301,0.15357822098459398,0.1535782209834301,0.15357822098246926,0.1535782209834301,0.15357822098459398,0.152237804136145,0.15223780413358529,0.15223780413115157,0.15223780413358529,0.152237804136145,0.15223780413358529,0.1522378041287328,0.15223780412252744,0.1522378041287328,0.15223780413358529,0.15223780413115157,0.15223780412252744,0.1522378041061695,0.15223780412252744,0.15223780413115157,0.15223780413358529,0.1522378041287328,0.15223780412252744,0.1522378041287328,0.15223780413358529,0.152237804136145,0.15223780413358529,0.15223780413115157,0.15223780413358529,0.152237804136145,0.15092409321952857,0.1509240932151437,0.15092409321020786,0.1509240932151437,0.15092409321952857,0.1509240932151437,0.15092409320514272,0.15092409318715969,0.15092409320514272,0.1509240932151437,0.15092409321020786,0.15092409318715969,0.15092409309807506,0.15092409318715969,0.15092409321020786,0.1509240932151437,0.15092409320514272,0.15092409318715969,0.15092409320514272,0.1509240932151437,0.15092409321952857,0.1509240932151437,0.15092409321020786,0.1509240932151437,0.15092409321952857,0.1496365233768732,0.14963652337247793,0.14963652336771754,0.14963652337247793,0.1496365233768732,0.14963652337247793,0.14963652336284922,0.14963652334693062,0.14963652336284922,0.14963652337247793,0.14963652336771754,0.14963652334693062,0.14963652327816973,0.14963652334693062,0.14963652336771754,0.14963652337247793,0.14963652336284922,0.14963652334693062,0.14963652336284922,0.14963652337247793,0.1496365233768732,0.14963652337247793,0.14963652336771754,0.14963652337247793,0.1496365233768732,0.14837453666471104,0.14837453666154837,0.1483745366582786,0.14837453666154837,0.14837453666471104,0.14837453666154837,0.1483745366549662,0.14837453664480382,0.1483745366549662,0.14837453666154837,0.1483745366582786,0.14837453664480382,0.1483745366038183,0.14837453664480382,0.1483745366582786,0.14837453666154837,0.1483745366549662,0.14837453664480382,0.1483745366549662,0.14837453666154837,0.14837453666471104,0.14837453666154837,0.1483745366582786,0.14837453666154837,0.14837453666471104,0.1471375825634447,0.14713758256190715,0.1471375825604007,0.14713758256190715,0.1471375825634447,0.14713758256190715,0.14713758255889783,0.1471375825545731,0.14713758255889783,0.14713758256190715,0.1471375825604007,0.1471375825545731,0.14713758253819872,0.1471375825545731,0.1471375825604007,0.14713758256190715,0.14713758255889783,0.1471375825545731,0.14713758255889783,0.14713758256190715,0.1471375825634447,0.14713758256190715,0.1471375825604007,0.14713758256190715,0.1471375825634447,0.14592511841689915,0.14592511841690753,0.14592511841701883,0.14592511841690753,0.14592511841689915,0.14592511841690753,0.14592511841715952,0.14592511841797645,0.14592511841715952,0.14592511841690753,0.14592511841701883,0.14592511841797645,0.14592511842300462,0.14592511841797645,0.14592511841701883,0.14592511841690753,0.14592511841715952,0.14592511841797645,0.14592511841715952,0.14592511841690753,0.14592511841689915,0.14592511841690753,0.14592511841701883,0.14592511841690753,0.14592511841689915,0.1447366098067336,0.14473660980796035,0.14473660980931782,0.14473660980796035,0.1447366098067336,0.14473660980796035,0.14473660981071562,0.1447366098153801,0.14473660981071562,0.14473660980796035,0.14473660980931782,0.1447366098153801,0.14473660983611855,0.1447366098153801,0.14473660980931782,0.14473660980796035,0.14473660981071562,0.1447366098153801,0.14473660981071562,0.14473660980796035,0.1447366098067336,0.14473660980796035,0.14473660980931782,0.14473660980796035,0.1447366098067336,0.14357153086772903,0.14357153086974425,0.14357153087188915,0.14357153086974425,0.14357153086772903,0.14357153086974425,0.14357153087407543,0.14357153088107258,0.14357153087407543,0.14357153086974425,0.14357153087188915,0.14357153088107258,0.14357153091081631,0.14357153088107258,0.14357153087188915,0.14357153086974425,0.14357153087407543,0.14357153088107258,0.14357153087407543,0.14357153086974425,0.14357153086772903,0.14357153086974425,0.14357153087188915,0.14357153086974425,0.14357153086772903,0.14242936454938276,0.14242936455175315,0.14242936455425012,0.14242936455175315,0.14242936454938276,0.14242936455175315,0.1424293645567835,0.14242936456487704,0.1424293645567835,0.14242936455175315,0.14242936455425012,0.14242936456487704,0.14242936459953928,0.14242936456487704,0.14242936455425012,0.14242936455175315,0.1424293645567835,0.14242936456487704,0.1424293645567835,0.14242936455175315,0.14242936454938276,0.14242936455175315,0.14242936455425012,0.14242936455175315,0.14242936454938276,0.14130960282880317,0.14130960283110536,0.14130960283346855,0.14130960283110536,0.14130960282880317,0.14130960283110536,0.14130960283584576,0.1413096028432819,0.14130960283584576,0.14130960283110536,0.14130960283346855,0.1413096028432819,0.14130960287467167,0.1413096028432819,0.14130960283346855,0.14130960283110536,0.14130960283584576,0.1413096028432819,0.14130960283584576,0.14130960283110536,0.14130960282880317,0.14130960283110536,0.14130960283346855,0.14130960283110536,0.14130960282880317,0.1402117468796126,0.14021174688164373,0.14021174688357846,0.14021174688164373,0.1402117468796126,0.14021174688164373,0.14021174688548382,0.1402117468909113,0.14021174688548382,0.14021174688164373,0.14021174688357846,0.1402117468909113,0.14021174691192076,0.1402117468909113,0.14021174688357846,0.14021174688164373,0.14021174688548382,0.1402117468909113,0.14021174688548382,0.14021174688164373,0.1402117468796126,0.14021174688164373,0.14021174688357846,0.14021174688164373,0.1402117468796126,0.13913530720063,0.13913530720271647,0.13913530720450898,0.13913530720271647,0.13913530720063,0.13913530720271647,0.13913530720623601,0.13913530720999245,0.13913530720623601,0.13913530720271647,0.13913530720450898,0.13913530720999245,0.13913530721780995,0.13913530720999245,0.13913530720450898,0.13913530720271647,0.13913530720623601,0.13913530720999245,0.13913530720623601,0.13913530720271647,0.13913530720063,0.13913530720271647,0.13913530720450898,0.13913530720271647,0.13913530720063,0.13807980370798995,0.13807980371111248,0.13807980371413142,0.13807980371111248,0.13807980370798995,0.13807980371111248,0.13807980371715026,0.13807980372505443,0.13807980371715026,0.13807980371111248,0.13807980371413142,0.13807980372505443,0.1380798037464548,0.13807980372505443,0.13807980371413142,0.13807980371111248,0.13807980371715026,0.13807980372505443,0.13807980371715026,0.13807980371111248,0.13807980370798995,0.13807980371111248,0.13807980371413142,0.13807980371111248,0.13807980370798995,0.13704476579462874,0.1370447657991229,0.13704476580446845,0.1370447657991229,0.13704476579462874,0.1370447657991229,0.13704476580998567,0.13704476583144842,0.13704476580998567,0.1370447657991229,0.13704476580446845,0.13704476583144842,0.13704476594947143,0.13704476583144826,0.13704476580446845,0.1370447657991229,0.13704476580998567,0.13704476583144826,0.13704476580998567,0.1370447657991229,0.13704476579462874,0.1370447657991229,0.13704476580446845,0.1370447657991229,0.13704476579462874,0.13602973236334756,0.13602973236641933,0.1360297323694025,0.13602973236641933,0.13602973236334756,0.13602973236641933,0.13602973237238444,0.1360297323802996,0.13602973237238444,0.13602973236641933,0.1360297323694025,0.1360297323802996,0.13602973240214772,0.1360297323802996,0.1360297323694025,0.13602973236641933,0.13602973237238444,0.1360297323802996,0.13602973237238444,0.13602973236641933,0.13602973236334756,0.13602973236641933,0.1360297323694025,0.13602973236641933,0.13602973236334756,0.13503425183893586,0.13503425184084591,0.13503425184241652,0.13503425184084605,0.13503425183893586,0.13503425184084591,0.13503425184390289,0.13503425184691994,0.13503425184390289,0.13503425184084605,0.13503425184241652,0.13503425184691994,0.13503425185238532,0.13503425184691994,0.13503425184241652,0.13503425184084605,0.13503425184390289,0.13503425184691994,0.13503425184390289,0.13503425184084605,0.13503425183893586,0.13503425184084605,0.13503425184241652,0.13503425184084605,0.13503425183893603
0.16533248786776086,0.16533248786776064,0.1653324878677604,0.16533248786776064,0.16533248786776086,0.16533248786776064,0.1653324878677604,0.16533248786776017,0.1653324878677604,0.16533248786776064,0.1653324878677604,0.16533248786776017,0.16533248786775992,0.16533248786776017,0.1653324878677604,0.16533248786776064,0.1653324878677604,0.16533248786776017,0.1653324878677604,0.16533248786776064,0.16533248786776086,0.16533248786776064,0.1653324878677604,0.16533248786776064,0.16533248786776086,0.16375749414732577,0.1637574941473251,0.16375749414732463,0.1637574941473251,0.16375749414732577,0.1637574941473251,0.16375749414732416,0.1637574941473237,0.16375749414732416,0.1637574941473251,0.16375749414732463,0.1637574941473237,0.16375749414732324,0.1637574941473237,0.16375749414732463,0.1637574941473251,0.16375749414732416,0.1637574941473237,0.16375749414732416,0.1637574941473251,0.16375749414732577,0.1637574941473251,0.16375749414732463,0.1637574941473251,0.16375749414732577,0.162213884358819,0.16221388435881673,0.16221388435881534,0.16221388435881673,0.162213884358819,0.16221388435881673,0.16221388435881445,0.16221388435881287,0.16221388435881445,0.16221388435881673,0.16221388435881534,0.16221388435881287,0.16221388435881126,0.16221388435881287,0.16221388435881534,0.16221388435881673,0.16221388435881445,0.16221388435881287,0.16221388435881445,0.16221388435881673,0.162213884358819,0.16221388435881673,0.16221388435881534,0.16221388435881673,0.162213884358819,0.1607010674592843,0.16070106745927742,0.16070106745927318,0.16070106745927742,0.1607010674592843,0.16070106745927742,0.16070106745926985,0.16070106745926496,0.16070106745926985,0.16070106745927742,0.16070106745927318,0.16070106745926496,0.16070106745925963,0.16070106745926496,0.16070106745927318,0.16070106745927742,0.16070106745926985,0.16070106745926496,0.16070106745926985,0.16070106745927742,0.1607010674592843,0.16070106745927742,0.16070106745927318,0.16070106745927742,0.1607010674592843,0.1592184518237092,0.1592184518236885,0.15921845182367522,0.1592184518236885,0.1592184518237092,0.1592184518236885,0.15921845182366498,0.1592184518236493,0.15921845182366498,0.1592184518236885,0.15921845182367522,0.1592184518236493,0.1592184518236319,0.1592184518236493,0.15921845182367522,0.1592184518236885,0.15921845182366498,0.1592184518236493,0.15921845182366498,0.1592184518236885,0.1592184518237092,0.1592184518236885,0.15921845182367522,0.1592184518236885,0.1592184518237092,0.15776544659688868,0.1577654465968285,0.1577654465967884,0.1577654465968285,0.15776544659688868,0.1577654465968285,0.15776544659675595,0.15776544659670583,0.15776544659675595,0.1577654465968285,0.1577654465967884,0.15776544659670583,0.15776544659664715,0.15776544659670583,0.1577654465967884,0.1577654465968285,0.15776544659675595,0.15776544659670583,0.15776544659675595,0.1577654465968285,0.15776544659688868,0.1577654465968285,0.1577654465967884,0.1577654465968285,0.15776544659688868,0.1563414629077842,0.15634146290761336,0.1563414629074944,0.15634146290761336,0.1563414629077842,0.15634146290761336,0.15634146290739298,0.15634146290722903,0.15634146290739298,0.15634146290761336,0.1563414629074944,0.15634146290722903,0.15634146290702075,0.15634146290722903,0.1563414629074944,0.15634146290761336,0.15634146290739298,0.15634146290722903,0.15634146290739298,0.15634146290761336,0.1563414629077842,0.15634146290761336,0.1563414629074944,0.15634146290761336,0.1563414629077842,0.15494591495667795,0.15494591495621501,0.1549459149558697,0.15494591495621501,0.15494591495667795,0.15494591495621501,0.15494591495555943,0.15494591495501164,0.15494591495555943,0.15494591495621501,0.1549459149558697,0.15494591495501164,0.15494591495421323,0.15494591495501164,0.1549459149558697,0.15494591495621501,0.15494591495555943,0.15494591495501164,0.15494591495555943,0.15494591495621501,0.15494591495667795,0.15494591495621501,0.1549459149558697,0.15494591495621501,0.15494591495667795,0.1535782209849087,0.15357822098374663,0.1535782209827874,0.15357822098374663,0.1535782209849087,0.15357822098374663,0.15357822098187895,0.15357822098002094,0.15357822098187895,0.15357822098374663,0.1535782209827874,0.15357822098002094,0.1535782209766241,0.15357822098002094,0.1535782209827874,0.15357822098374663,0.15357822098187895,0.15357822098002094,0.15357822098187895,0.15357822098374663,0.1535782209849087,0.15357822098374663,0.1535782209827874,0.15357822098374663,0.1535782209849087,0.15223780413644655,0.15223780413389115,0.15223780413146137,0.15223780413389115,0.15223780413644655,0.15223780413389115,0.15223780412904656,0.15223780412285143,0.15223780412904656,0.15223780413389115,0.15223780413146137,0.15223780412285143,0.15223780410652044,0.15223780412285143,0.15223780413146137,0.15223780413389115,0.15223780412904656,0.15223780412285143,0.15223780412904656,0.15223780413389115,0.15223780413644655,0.15223780413389115,0.15223780413146137,0.15223780413389115,0.15223780413644655,0.15092409321980813,0.15092409321543077,0.1509240932105032,0.15092409321543077,0.15092409321980813,0.15092409321543077,0.15092409320544636,0.15092409318749306,0.15092409320544636,0.15092409321543077,0.1509240932105032,0.15092409318749306,0.15092409309857144,0.15092409318749306,0.1509240932105032,0.15092409321543077,0.15092409320544636,0.15092409318749306,0.15092409320544636,0.15092409321543077,0.15092409321980813,0.15092409321543077,0.1509240932105032,0.15092409321543077,0.15092409321980813,0.14963652337711503,0.1496365233727281,0.14963652336797603,0.1496365233727281,0.14963652337711503,0.1496365233727281,0.1496365233631164,0.14963652334722485,0.1496365233631164,0.1496365233727281,0.14963652336797603,0.14963652334722485,0.14963652327856455,0.14963652334722485,0.14963652336797603,0.1496365233727281,0.1496365233631164,0.14963652334722485,0.1496365233631164,0.1496365233727281,0.14963652337711503,0.1496365233727281,0.14963652336797603,0.1496365233727281,0.14963652337711503,0.14837453666489803,0.14837453666174297,0.1483745366584808,0.14837453666174297,0.14837453666489803,0.14837453666174297,0.148374536655176,0.14837453664503622,0.148374536655176,0.14837453666174297,0.1483745366584808,0.14837453664503622,0.14837453660417804,0.14837453664503622,0.1483745366584808,0.14837453666174297,0.148374536655176,0.14837453664503622,0.148374536655176,0.14837453666174297,0.14837453666489803,0.14837453666174297,0.1483745366584808,0.14837453666174297,0.14837453666489803,0.14713758256356077,0.14713758256202977,0.1471375825605302,0.14713758256202977,0.14713758256356077,0.14713758256202977,0.14713758255903425,0.14713758255473042,0.14713758255903425,0.14713758256202977,0.1471375825605302,0.14713758255473042,0.1471375825384289,0.14713758255473042,0.1471375825605302,0.14713758256202977,0.14713758255903425,0.14713758255473042,0.14713758255903425,0.14713758256202977,0.14713758256356077,0.14713758256202977,0.1471375825605302,0.14713758256202977,0.14713758256356077,0.14592511841692907,0.14592511841694317,0.14592511841706032,0.14592511841694317,0.14592511841692907,0.14592511841694317,0.14592511841720684,0.1459251184180434,0.14592511841720684,0.14592511841694317,0.14592511841706032,0.1459251184180434,0.14592511842317468,0.1459251184180434,0.14592511841706032,0.14592511841694317,0.14592511841720684,0.1459251184180434,0.14592511841720684,0.14592511841694317,0.14592511841692907,0.14592511841694317,0.14592511841706032,0.14592511841694317,0.14592511841692907,0.1447366098066652,0.1447366098078949,0.14473660980925585,0.1447366098078949,0.1447366098066652,0.1447366098078949,0.14473660981065734,0.1447366098153335,0.14473660981065734,0.1447366098078949,0.14473660980925585,0.1447366098153335,0.14473660983609657,0.1447366098153335,0.14473660980925585,0.1447366098078949,0.14473660981065734,0.1447366098153335,0.14473660981065734,0.1447366098078949,0.1447366098066652,0.1447366098078949,0.14473660980925585,0.1447366098078949,0.1447366098066652,0.14357153086755434,0.143571530869569,0.1435715308717134,0.143571530869569,0.14357153086755434,0.143571530869569,0.14357153087389937,0.1435715308808962,0.14357153087389937,0.143571530869569,0.1435715308717134,0.1435715308808962,0.14357153091064176,0.1435715308808962,0.1435715308717134,0.143571530869569,0.14357153087389937,0.1435715308808962,0.14357153087389937,0.143571530869569,0.14357153086755434,0.143571530869569,0.1435715308717134,0.143571530869569,0.14357153086755434,0.1424293645491015,0.14242936455146693,0.14242936455395888,0.14242936455146693,0.1424293645491015,0.14242936455146693,0.14242936455648741,0.14242936456456703,0.14242936455648741,0.14242936455146693,0.14242936455395888,0.14242936456456703,0.1424293645991664,0.14242936456456703,0.14242936455395888,0.14242936455146693,0.14242936455648741,0.14242936456456703,0.14242936455648741,0.14242936455146693,0.1424293645491015,0.14242936455146693,0.14242936455395888,0.14242936455146693,0.1424293645491015,0.14130960282842422,0.14130960283071686,0.1413096028330694,0.14130960283071686,0.14130960282842422,0.14130960283071686,0.14130960283543556,0.14130960284283373,0.14130960283543556,0.14130960283071686,0.1413096028330694,0.14130960284283373,0.14130960287403077,0.14130960284283373,0.1413096028330694,0.14130960283071686,0.14130960283543556,0.14130960284283373,0.14130960283543556,0.14130960283071686,0.14130960282842422,0.14130960283071686,0.1413096028330694,0.14130960283071686,0.14130960282842422,0.14021174687915416,0.14021174688117483,0.14021174688309826,0.14021174688117483,0.14021174687915416,0.14021174688117483,0.140211746884992,0.14021174689037963,0.140211746884992,0.14021174688117483,0.14021174688309826,0.14021174689037963,0.14021174691119542,0.14021174689037963,0.14021174688309826,0.14021174688117483,0.140211746884992,0.14021174689037963,0.140211746884992,0.14021174688117483,0.14021174687915416,0.14021174688117483,0.14021174688309826,0.14021174688117483,0.14021174687915416,0.13913530720011236,0.13913530720219072,0.13913530720397582,0.13913530720219072,0.13913530720011236,0.13913530720219072,0.13913530720569559,0.1391353072094348,0.13913530720569559,0.13913530720219072,0.13913530720397582,0.1391353072094348,0.13913530721721057,0.1391353072094348,0.13913530720397582,0.13913530720219072,0.13913530720569559,0.1391353072094348,0.13913530720569559,0.13913530720219072,0.13913530720011236,0.13913530720219072,0.13913530720397582,0.13913530720219072,0.13913530720011236,0.13807980370742867,0.13807980371054318,0.1380798037135547,0.13807980371054318,0.13807980370742867,0.13807980371054318,0.13807980371656606,0.13807980372445178,0.13807980371656606,0.13807980371054318,0.1380798037135547,0.13807980372445178,0.13807980374580484,0.13807980372445178,0.1380798037135547,0.13807980371054318,0.13807980371656606,0.13807980372445178,0.13807980371656606,0.13807980371054318,0.13807980370742867,0.13807980371054318,0.1380798037135547,0.13807980371054318,0.13807980370742867,0.13704476579403957,0.13704476579852398,0.1370447658038585,0.13704476579852398,0.13704476579403957,0.13704476579852398,0.13704476580936445,0.137044765830784,0.13704476580936445,0.13704476579852398,0.1370447658038585,0.137044765830784,0.13704476594857534,0.137044765830784,0.1370447658038585,0.13704476579852398,0.13704476580936445,0.137044765830784,0.13704476580936445,0.13704476579852398,0.13704476579403957,0.13704476579852398,0.1370447658038585,0.13704476579852398,0.13704476579403957,0.13602973236274937,0.13602973236581484,0.1360297323687919,0.13602973236581484,0.13602973236274937,0.13602973236581484,0.13602973237176794,0.13602973237966728,0.13602973237176794,0.13602973236581484,0.1360297323687919,0.13602973237966728,0.13602973240147198,0.13602973237966728,0.1360297323687919,0.13602973236581484,0.13602973237176794,0.13602973237966728,0.13602973237176794,0.13602973236581484,0.13602973236274937,0.13602973236581484,0.1360297323687919,0.13602973236581484,0.13602973236274937,0.13503425183834142,0.13503425184024764,0.13503425184181506,0.13503425184024764,0.13503425183834142,0.13503425184024764,0.13503425184329831,0.13503425184630924,0.13503425184329831,0.13503425184024764,0.13503425184181506,0.13503425184630924,0.135034251851764,0.13503425184630924,0.13503425184181506,0.13503425184024764,0.13503425184329831,0.13503425184630924,0.13503425184329831,0.13503425184024764,0.13503425183834142,0.13503425184024764,0.13503425184181506,0.13503425184024764,0.13503425183834142
0.1653324878681333,0.16533248786813304,0.1653324878681328,0.16533248786813304,0.1653324878681333,0.16533248786813304,0.16533248786813254,0.16533248786813232,0.16533248786813254,0.16533248786813304,0.1653324878681328,0.16533248786813232,0.16533248786813232,0.16533248786813232,0.1653324878681328,0.16533248786813304,0.16533248786813254,0.16533248786813232,0.16533248786813254,0.16533248786813304,0.1653324878681333,0.16533248786813304,0.1653324878681328,0.16533248786813304,0.1653324878681333,0.1637574941476905,0.16375749414768984,0.16375749414768936,0.16375749414768984,0.1637574941476905,0.16375749414768984,0.16375749414768914,0.16375749414768867,0.16375749414768914,0.16375749414768984,0.16375749414768936,0.16375749414768867,0.16375749414768798,0.16375749414768867,0.16375749414768936,0.16375749414768984,0.16375749414768914,0.16375749414768867,0.16375749414768914,0.16375749414768984,0.1637574941476905,0.16375749414768984,0.16375749414768936,0.16375749414768984,0.1637574941476905,0.1622138843591767,0.16221388435917442,0.16221388435917283,0.16221388435917442,0.1622138843591767,0.16221388435917442,0.16221388435917192,0.1622138843591703,0.16221388435917192,0.16221388435917442,0.16221388435917283,0.1622138843591703,0.16221388435916873,0.1622138843591703,0.16221388435917283,0.16221388435917442,0.16221388435917192,0.1622138843591703,0.16221388435917192,0.16221388435917442,0.1622138843591767,0.16221388435917442,0.16221388435917283,0.16221388435917442,0.1622138843591767,0.16070106745963464,0.16070106745962776,0.16070106745962354,0.16070106745962776,0.16070106745963464,0.16070106745962776,0.16070106745962018,0.1607010674596153,0.16070106745962018,0.16070106745962776,0.16070106745962354,0.1607010674596153,0.16070106745960996,0.1607010674596153,0.16070106745962354,0.16070106745962776,0.16070106745962018,0.1607010674596153,0.16070106745962018,0.16070106745962776,0.16070106745963464,0.16070106745962776,0.16070106745962354,0.16070106745962776,0.16070106745963464,0.1592184518240523,0.15921845182403183,0.15921845182401856,0.15921845182403183,0.1592184518240523,0.15921845182403183,0.15921845182400834,0.15921845182399263,0.15921845182400834,0.15921845182403183,0.15921845182401856,0.15921845182399263,0.15921845182397523,0.15921845182399263,0.15921845182401856,0.15921845182403183,0.15921845182400834,0.15921845182399263,0.15921845182400834,0.15921845182403183,0.1592184518240523,0.15921845182403183,0.15921845182401856,0.15921845182403183,0.1592184518240523,0.15776544659722475,0.15776544659716477,0.15776544659712488,0.15776544659716477,0.15776544659722475,0.15776544659716477,0.15776544659709246,0.1577654465970421,0.15776544659709246,0.15776544659716477,0.15776544659712488,0.1577654465970421,0.15776544659698363,0.1577654465970421,0.15776544659712488,0.15776544659716477,0.15776544659709246,0.1577654465970421,0.15776544659709246,0.15776544659716477,0.15776544659722475,0.15776544659716477,0.15776544659712488,0.15776544659716477,0.15776544659722475,0.15634146290811335,0.15634146290794274,0.15634146290782394,0.15634146290794274,0.15634146290811313,0.15634146290794274,0.15634146290772274,0.1563414629075588,0.15634146290772274,0.15634146290794274,0.15634146290782394,0.1563414629075588,0.15634146290735115,0.1563414629075588,0.15634146290782394,0.15634146290794274,0.15634146290772274,0.1563414629075588,0.15634146290772274,0.15634146290794274,0.15634146290811313,0.15634146290794274,0.15634146290782394,0.15634146290794274,0.15634146290811313,0.1549459149569993,0.15494591495653717,0.15494591495619245,0.15494591495653717,0.1549459149569993,0.15494591495653717,0.1549459149558826,0.15494591495533586,0.1549459149558826,0.15494591495653717,0.15494591495619245,0.15494591495533586,0.15494591495453866,0.15494591495533586,0.15494591495619245,0.15494591495653717,0.1549459149558826,0.15494591495533586,0.1549459149558826,0.15494591495653717,0.1549459149569993,0.15494591495653717,0.15494591495619245,0.15494591495653717,0.1549459149569993,0.153578220985221,0.15357822098406093,0.1535782209831033,0.15357822098406093,0.153578220985221,0.15357822098406093,0.1535782209821961,0.15357822098034132,0.1535782209821961,0.15357822098406093,0.1535782209831033,0.15357822098034132,0.15357822097694987,0.15357822098034132,0.1535782209831033,0.15357822098406093,0.1535782209821961,0.15357822098034132,0.1535782209821961,0.15357822098406093,0.153578220985221,0.15357822098406093,0.1535782209831033,0.15357822098406093,0.153578220985221,0.15223780413674573,0.1522378041341947,0.15223780413176904,0.1522378041341947,0.15223780413674573,0.1522378041341947,0.15223780412935817,0.15223780412317306,0.15223780412935817,0.1522378041341947,0.15223780413176904,0.15223780412317306,0.15223780410686866,0.15223780412317306,0.15223780413176904,0.1522378041341947,0.15223780412935817,0.15223780412317306,0.15223780412935817,0.1522378041341947,0.15223780413674573,0.1522378041341947,0.15223780413176904,0.1522378041341947,0.15223780413674573,0.15092409322008551,0.1509240932157155,0.15092409321079625,0.1509240932157155,0.15092409322008551,0.1509240932157155,0.1509240932057479,0.1509240931878239,0.1509240932057479,0.1509240932157155,0.15092409321079625,0.1509240931878239,0.1509240930990188,0.1509240931878239,0.15092409321079625,0.1509240932157155,0.1509240932057479,0.1509240931878239,0.1509240932057479,0.1509240932157155,0.15092409322008551,0.1509240932157155,0.15092409321079625,0.1509240932157155,0.15092409322008551,0.14963652337735497,0.14963652337297617,0.14963652336823263,0.14963652337297617,0.14963652337735497,0.14963652337297617,0.14963652336338149,0.14963652334751681,0.14963652336338149,0.14963652337297617,0.14963652336823263,0.14963652334751681,0.14963652327901852,0.14963652334751681,0.14963652336823263,0.14963652337297617,0.14963652336338149,0.14963652334751681,0.14963652336338149,0.14963652337297617,0.14963652337735497,0.14963652337297617,0.14963652336823263,0.14963652337297617,0.14963652337735497,0.14837453666508355,0.1483745366619359,0.14837453665868114,0.1483745366619359,0.14837453666508355,0.1483745366619359,0.1483745366553841,0.1483745366452664,0.1483745366553841,0.1483745366619359,0.14837453665868114,0.1483745366452664,0.14837453660444155,0.1483745366452664,0.14837453665868114,0.1483745366619359,0.1483745366553841,0.1483745366452664,0.1483745366553841,0.1483745366619359,0.14837453666508355,0.1483745366619359,0.14837453665868114,0.1483745366619359,0.14837453666508355,0.1471375825636756,0.14713758256215131,0.14713758256065845,0.14713758256215131,0.1471375825636756,0.14713758256215131,0.14713758255916942,0.14713758255488613,0.14713758255916942,0.14713758256215131,0.14713758256065845,0.14713758255488613,0.14713758253866868,0.14713758255488613,0.14713758256065845,0.14713758256215131,0.14713758255916942,0.14713758255488613,0.14713758255916942,0.14713758256215131,0.1471375825636756,0.14713758256215131,0.14713758256065845,0.14713758256215131,0.1471375825636756,0.14592511841695882,0.14592511841697822,0.14592511841710126,0.14592511841697822,0.14592511841695882,0.14592511841697822,0.14592511841725367,0.14592511841810946,0.14592511841725367,0.14592511841697822,0.14592511841710126,0.14592511841810946,0.14592511842331288,0.14592511841810946,0.14592511841710126,0.14592511841697822,0.14592511841725367,0.14592511841810946,0.14592511841725367,0.14592511841697822,0.14592511841695882,0.14592511841697822,0.14592511841710126,0.14592511841697822,0.14592511841695882,0.14473660980659694,0.14473660980782976,0.14473660980919423,0.14473660980782976,0.14473660980659694,0.14473660980782976,0.14473660981059902,0.14473660981528708,0.14473660981059902,0.14473660980782976,0.14473660980919423,0.14473660981528708,0.14473660983611802,0.14473660981528708,0.14473660980919423,0.14473660980782976,0.14473660981059902,0.14473660981528708,0.14473660981059902,0.14473660980782976,0.14473660980659694,0.14473660980782976,0.14473660980919423,0.14473660980782976,0.14473660980659694,0.1435715308673808,0.14357153086939484,0.14357153087153904,0.14357153086939484,0.1435715308673808,0.14357153086939484,0.1435715308737245,0.1435715308807211,0.1435715308737245,0.14357153086939484,0.14357153087153904,0.1435715308807211,0.1435715309104494,0.1435715308807211,0.14357153087153904,0.14357153086939484,0.1435715308737245,0.1435715308807211,0.1435715308737245,0.14357153086939484,0.1435715308673808,0.14357153086939484,0.14357153087153904,0.14357153086939484,0.1435715308673808,0.14242936454882235,0.14242936455118277,0.1424293645536699,0.14242936455118277,0.14242936454882235,0.14242936455118277,0.14242936455619337,0.14242936456425953,0.14242936455619337,0.14242936455118277,0.1424293645536699,0.14242936456425953,0.14242936459882818,0.14242936456425953,0.1424293645536699,0.14242936455118277,0.14242936455619337,0.14242936456425953,0.14242936455619337,0.14242936455118277,0.14242936454882235,0.14242936455118277,0.1424293645536699,0.14242936455118277,0.14242936454882235,0.14130960282804794,0.14130960283033103,0.14130960283267305,0.14130960283033103,0.14130960282804794,0.14130960283033103,0.1413096028350282,0.14130960284238853,0.1413096028350282,0.14130960283033103,0.14130960283267305,0.14130960284238853,0.1413096028734311,0.14130960284238853,0.14130960283267305,0.14130960283033103,0.1413096028350282,0.14130960284238853,0.1413096028350282,0.14130960283033103,0.14130960282804794,0.14130960283033103,0.14130960283267305,0.14130960283033103,0.14130960282804794,0.14021174687869895,0.14021174688070928,0.14021174688262145,0.14021174688070928,0.14021174687869895,0.14021174688070928,0.14021174688450355,0.14021174688985152,0.14021174688450355,0.14021174688070928,0.14021174688262145,0.14021174688985152,0.14021174691049737,0.14021174688985152,0.14021174688262145,0.14021174688070928,0.14021174688450355,0.14021174688985152,0.14021174688450355,0.14021174688070928,0.14021174687869895,0.14021174688070928,0.14021174688262145,0.14021174688070928,0.14021174687869895,0.13913530719959832,0.1391353072016688,0.13913530720344647,0.1391353072016688,0.13913530719959832,0.1391353072016688,0.13913530720515913,0.1391353072088811,0.13913530720515913,0.1391353072016688,0.13913530720344647,0.1391353072088811,0.13913530721661543,0.1391353072088811,0.13913530720344647,0.1391353072016688,0.13913530720515913,0.1391353072088811,0.13913530720515913,0.1391353072016688,0.13913530719959832,0.1391353072016688,0.13913530720344647,0.1391353072016688,0.13913530719959832,0.13807980370687145,0.13807980370997805,0.13807980371298215,0.13807980370997805,0.13807980370687145,0.13807980370997805,0.1380798037159862,0.13807980372385362,0.1380798037159862,0.13807980370997805,0.13807980371298215,0.13807980372385362,0.1380798037451594,0.13807980372385362,0.13807980371298215,0.13807980370997805,0.1380798037159862,0.13807980372385362,0.1380798037159862,0.13807980370997805,0.13807980370687145,0.13807980370997805,0.13807980371298215,0.13807980370997805,0.13807980370687145,0.13704476579345454,0.1370447657979295,0.13704476580325306,0.1370447657979295,0.13704476579345454,0.1370447657979295,0.1370447658087478,0.13704476583012462,0.1370447658087478,0.1370447657979295,0.13704476580325306,0.13704476583012462,0.1370447659476672,0.13704476583012462,0.13704476580325306,0.1370447657979295,0.1370447658087478,0.13704476583012462,0.1370447658087478,0.1370447657979295,0.13704476579345454,0.1370447657979295,0.13704476580325306,0.1370447657979295,0.13704476579345454,0.13602973236215563,0.13602973236521468,0.13602973236818577,0.13602973236521468,0.13602973236215563,0.13602973236521468,0.13602973237115581,0.13602973237903954,0.13602973237115581,0.13602973236521468,0.13602973236818577,0.13602973237903954,0.1360297324008013,0.13602973237903954,0.13602973236818577,0.13602973236521468,0.13602973237115581,0.13602973237903954,0.13602973237115581,0.13602973236521468,0.13602973236215563,0.13602973236521468,0.13602973236818577,0.13602973236521468,0.13602973236215563,0.13503425183775136,0.13503425183965362,0.13503425184121778,0.13503425183965362,0.13503425183775136,0.13503425183965362,0.13503425184269832,0.13503425184570322,0.13503425184269832,0.13503425183965362,0.13503425184121778,0.13503425184570322,0.13503425185114712,0.13503425184570322,0.13503425184121778,0.13503425183965362,0.13503425184269832,0.13503425184570322,0.13503425184269832,0.13503425183965362,0.13503425183775136,0.13503425183965362,0.13503425184121778,0.13503425183965362,0.13503425183775136
0.16533248786850283,0.16533248786850258,0.16533248786850235,0.16533248786850258,0.16533248786850283,0.16533248786850258,0.16533248786850235,0.1653324878685021,0.16533248786850235,0.16533248786850258,0.16533248786850235,0.1653324878685021,0.16533248786850185,0.1653324878685021,0.16533248786850235,0.16533248786850258,0.16533248786850235,0.1653324878685021,0.16533248786850235,0.16533248786850258,0.16533248786850283,0.16533248786850258,0.16533248786850235,0.16533248786850258,0.16533248786850283,0.16375749414805296,0.16375749414805202,0.16375749414805157,0.16375749414805202,0.16375749414805296,0.16375749414805202,0.16375749414805135,0.16375749414805088,0.16375749414805135,0.16375749414805202,0.16375749414805157,0.16375749414805088,0.1637574941480504,0.16375749414805088,0.16375749414805157,0.16375749414805202,0.16375749414805135,0.16375749414805088,0.16375749414805135,0.16375749414805202,0.16375749414805296,0.16375749414805202,0.16375749414805157,0.16375749414805202,0.16375749414805296,0.16221388435953166,0.16221388435952938,0.1622138843595278,0.16221388435952938,0.16221388435953166,0.16221388435952938,0.16221388435952688,0.1622138843595253,0.16221388435952688,0.16221388435952938,0.1622138843595278,0.1622138843595253,0.1622138843595237,0.1622138843595253,0.1622138843595278,0.16221388435952938,0.16221388435952688,0.1622138843595253,0.16221388435952688,0.16221388435952938,0.16221388435953166,0.16221388435952938,0.1622138843595278,0.16221388435952938,0.16221388435953166,0.16070106745998253,0.16070106745997564,0.1607010674599712,0.16070106745997564,0.16070106745998253,0.16070106745997564,0.1607010674599681,0.16070106745996318,0.1607010674599681,0.16070106745997564,0.1607010674599712,0.16070106745996318,0.16070106745995785,0.16070106745996318,0.16070106745997143,0.16070106745997564,0.1607010674599681,0.16070106745996318,0.1607010674599681,0.16070106745997564,0.16070106745998253,0.16070106745997564,0.16070106745997143,0.16070106745997564,0.16070106745998253,0.15921845182439304,0.15921845182437255,0.15921845182435929,0.15921845182437255,0.15921845182439304,0.15921845182437255,0.15921845182434927,0.1592184518243336,0.15921845182434927,0.15921845182437255,0.15921845182435929,0.1592184518243336,0.15921845182431618,0.1592184518243336,0.15921845182435929,0.15921845182437255,0.15921845182434927,0.1592184518243336,0.15921845182434927,0.15921845182437255,0.15921845182439304,0.15921845182437255,0.15921845182435929,0.15921845182437255,0.15921845182439304,0.15776544659755867,0.1577654465974987,0.1577654465974588,0.1577654465974987,0.15776544659755867,0.1577654465974987,0.15776544659742636,0.15776544659737624,0.15776544659742636,0.1577654465974987,0.1577654465974588,0.15776544659737624,0.15776544659731778,0.15776544659737624,0.1577654465974588,0.1577654465974987,0.15776544659742636,0.15776544659737624,0.15776544659742636,0.1577654465974987,0.15776544659755867,0.1577654465974987,0.1577654465974588,0.1577654465974987,0.15776544659755867,0.15634146290843998,0.15634146290826953,0.15634146290815099,0.15634146290826953,0.15634146290843998,0.15634146290826953,0.15634146290804998,0.15634146290788647,0.15634146290804998,0.15634146290826953,0.15634146290815099,0.15634146290788647,0.15634146290767906,0.15634146290788647,0.15634146290815099,0.15634146290826953,0.15634146290804998,0.15634146290788647,0.15634146290804998,0.15634146290826953,0.15634146290843998,0.15634146290826953,0.15634146290815099,0.15634146290826953,0.15634146290843998,0.15494591495731835,0.15494591495685708,0.15494591495651297,0.15494591495685708,0.15494591495731835,0.15494591495685708,0.15494591495620355,0.1549459149556576,0.15494591495620355,0.15494591495685708,0.15494591495651297,0.1549459149556576,0.15494591495486185,0.1549459149556576,0.15494591495651297,0.15494591495685708,0.15494591495620355,0.1549459149556576,0.15494591495620355,0.15494591495685708,0.15494591495731835,0.15494591495685708,0.15494591495651297,0.15494591495685708,0.15494591495731835,0.15357822098553092,0.15357822098437282,0.15357822098341684,0.15357822098437282,0.15357822098553092,0.15357822098437282,0.15357822098251123,0.15357822098065924,0.15357822098251123,0.15357822098437282,0.15357822098341684,0.15357822098065924,0.15357822097727344,0.15357822098065924,0.15357822098341684,0.15357822098437282,0.15357822098251123,0.15357822098065924,0.15357822098251123,0.15357822098437282,0.15357822098553092,0.15357822098437282,0.15357822098341684,0.15357822098437282,0.15357822098553092,0.15223780413704294,0.15223780413449606,0.15223780413207433,0.15223780413449606,0.15223780413704294,0.15223780413449606,0.1522378041296674,0.15223780412349255,0.1522378041296674,0.15223780413449606,0.15223780413207433,0.15223780412349255,0.15223780410721452,0.15223780412349255,0.15223780413207433,0.15223780413449606,0.1522378041296674,0.15223780412349255,0.1522378041296674,0.15223780413449606,0.15223780413704294,0.15223780413449606,0.15223780413207433,0.15223780413449606,0.15223780413704294,0.15092409322036085,0.1509240932159983,0.15092409321108738,0.1509240932159983,0.15092409322036085,0.1509240932159983,0.15092409320604733,0.15092409318815264,0.15092409320604733,0.1509240932159983,0.15092409321108738,0.15092409318815264,0.15092409309952293,0.15092409318815264,0.15092409321108738,0.1509240932159983,0.15092409320604733,0.15092409318815264,0.15092409320604733,0.1509240932159983,0.15092409322036085,0.1509240932159983,0.15092409321108738,0.1509240932159983,0.15092409322036085,0.14963652337759323,0.14963652337322236,0.14963652336848712,0.14963652337322236,0.14963652337759323,0.14963652337322236,0.1496365233636445,0.14963652334780647,0.1496365233636445,0.14963652337322236,0.14963652336848712,0.14963652334780647,0.14963652327937269,0.14963652334780647,0.14963652336848712,0.14963652337322236,0.1496365233636445,0.14963652334780647,0.1496365233636445,0.14963652337322236,0.14963652337759323,0.14963652337322236,0.14963652336848712,0.14963652337322236,0.14963652337759323,0.14837453666526756,0.14837453666212735,0.14837453665888,0.14837453666212735,0.14837453666526756,0.14837453666212735,0.1483745366555904,0.1483745366454951,0.1483745366555904,0.14837453666212735,0.14837453665888,0.1483745366454951,0.14837453660477296,0.1483745366454951,0.14837453665888,0.14837453666212735,0.1483745366555904,0.1483745366454951,0.1483745366555904,0.14837453666212735,0.14837453666526756,0.14837453666212735,0.14837453665888,0.14837453666212735,0.14837453666526756,0.14713758256378948,0.1471375825622719,0.14713758256078563,0.1471375825622719,0.14713758256378948,0.1471375825622719,0.1471375825593033,0.14713758255504034,0.1471375825593033,0.1471375825622719,0.14713758256078563,0.14713758255504034,0.14713758253892317,0.14713758255504034,0.14713758256078563,0.1471375825622719,0.1471375825593033,0.14713758255504034,0.1471375825593033,0.1471375825622719,0.14713758256378948,0.1471375825622719,0.14713758256078563,0.1471375825622719,0.14713758256378948,0.14592511841698805,0.14592511841701294,0.1459251184171415,0.14592511841701294,0.14592511841698805,0.14592511841701294,0.1459251184173,0.14592511841817482,0.1459251184173,0.14592511841701294,0.1459251184171415,0.14592511841817482,0.14592511842346867,0.14592511841817482,0.1459251184171415,0.14592511841701294,0.1459251184173,0.14592511841817482,0.1459251184173,0.14592511841701278,0.14592511841698805,0.14592511841701294,0.1459251184171415,0.14592511841701278,0.14592511841698805,0.1447366098065292,0.1447366098077652,0.1447366098091328,0.1447366098077652,0.1447366098065292,0.1447366098077652,0.14473660981054123,0.144736609815241,0.14473660981054123,0.1447366098077652,0.1447366098091328,0.144736609815241,0.14473660983615086,0.144736609815241,0.1447366098091328,0.1447366098077652,0.14473660981054123,0.144736609815241,0.14473660981054123,0.1447366098077652,0.1447366098065292,0.1447366098077652,0.1447366098091328,0.1447366098077652,0.1447366098065292,0.1435715308672085,0.143571530869222,0.1435715308713657,0.143571530869222,0.1435715308672085,0.143571530869222,0.14357153087355098,0.14357153088054744,0.14357153087355098,0.143571530869222,0.1435715308713657,0.14357153088054744,0.14357153091028257,0.14357153088054744,0.1435715308713657,0.143571530869222,0.14357153087355098,0.14357153088054744,0.14357153087355098,0.143571530869222,0.1435715308672085,0.143571530869222,0.1435715308713657,0.143571530869222,0.1435715308672085,0.14242936454854505,0.1424293645509006,0.14242936455338284,0.1424293645509006,0.14242936454854505,0.1424293645509006,0.14242936455590147,0.1424293645639544,0.14242936455590147,0.1424293645509006,0.14242936455338284,0.1424293645639544,0.14242936459847108,0.1424293645639544,0.14242936455338284,0.1424293645509006,0.14242936455590147,0.1424293645639544,0.14242936455590147,0.1424293645509006,0.14242936454854505,0.1424293645509006,0.14242936455338284,0.1424293645509006,0.14242936454854505,0.14130960282767427,0.141309602829948,0.14130960283227947,0.141309602829948,0.14130960282767427,0.141309602829948,0.14130960283462377,0.14130960284194644,0.14130960283462377,0.141309602829948,0.14130960283227947,0.14130960284194644,0.1413096028727668,0.14130960284194644,0.14130960283227947,0.141309602829948,0.14130960283462377,0.14130960284194644,0.14130960283462377,0.141309602829948,0.14130960282767427,0.141309602829948,0.14130960283227947,0.141309602829948,0.14130960282767427,0.1402117468782471,0.14021174688024698,0.1402117468821478,0.14021174688024698,0.1402117468782471,0.14021174688024698,0.14021174688401852,0.14021174688932714,0.14021174688401852,0.14021174688024698,0.1402117468821478,0.14021174688932714,0.14021174690980462,0.14021174688932714,0.1402117468821478,0.14021174688024698,0.14021174688401852,0.14021174688932714,0.14021174688401852,0.14021174688024698,0.1402117468782471,0.14021174688024698,0.1402117468821478,0.14021174688024698,0.1402117468782471,0.13913530719908812,0.13913530720115053,0.13913530720292105,0.13913530720115053,0.13913530719908812,0.13913530720115053,0.13913530720462644,0.13913530720833117,0.13913530720462644,0.13913530720115053,0.13913530720292105,0.13913530720833117,0.13913530721602443,0.13913530720833117,0.13913530720292105,0.13913530720115053,0.13913530720462644,0.13913530720833117,0.13913530720462644,0.13913530720115053,0.13913530719908812,0.13913530720115053,0.13913530720292105,0.13913530720115053,0.13913530719908812,0.13807980370631828,0.13807980370941708,0.13807980371241374,0.13807980370941708,0.13807980370631828,0.13807980370941708,0.13807980371541054,0.13807980372325965,0.13807980371541054,0.13807980370941708,0.13807980371241374,0.13807980372325965,0.13807980374451892,0.13807980372325965,0.13807980371241374,0.13807980370941708,0.13807980371541054,0.13807980372325965,0.13807980371541054,0.13807980370941708,0.13807980370631828,0.13807980370941708,0.13807980371241374,0.13807980370941708,0.13807980370631828,0.1370447657928739,0.13704476579733946,0.13704476580265204,0.13704476579733946,0.1370447657928739,0.13704476579733946,0.13704476580813568,0.13704476582947023,0.13704476580813568,0.13704476579733946,0.13704476580265204,0.13704476582947023,0.1370447659467954,0.13704476582947023,0.13704476580265204,0.13704476579733946,0.13704476580813568,0.13704476582947023,0.13704476580813568,0.13704476579733946,0.1370447657928739,0.13704476579733946,0.13704476580265204,0.13704476579733946,0.1370447657928739,0.1360297323615662,0.13602973236461915,0.13602973236758412,0.13602973236461915,0.1360297323615662,0.13602973236461915,0.13602973237054822,0.13602973237841642,0.13602973237054822,0.13602973236461915,0.13602973236758412,0.13602973237841642,0.13602973240013566,0.13602973237841642,0.13602973236758412,0.13602973236461915,0.13602973237054822,0.13602973237841642,0.13602973237054822,0.13602973236461915,0.1360297323615662,0.13602973236461915,0.13602973236758412,0.13602973236461915,0.1360297323615662,0.1350342518371655,0.13503425183906398,0.1350342518406251,0.13503425183906398,0.1350342518371655,0.13503425183906398,0.13503425184210255,0.13503425184510162,0.1350342518421027,0.13503425183906398,0.1350342518406251,0.13503425184510162,0.1350342518505348,0.13503425184510162,0.1350342518406251,0.13503425183906398,0.1350342518421027,0.13503425184510162,0.1350342518421027,0.13503425183906398,0.1350342518371655,0.13503425183906398,0.1350342518406251,0.13503425183906398,0.1350342518371655
0.16533248786887,0.16533248786886978,0.16533248786886953,0.16533248786886978,0.16533248786887,0.16533248786886978,0.1653324878688693,0.16533248786886906,0.1653324878688693,0.16533248786886978,0.16533248786886953,0.16533248786886906,0.16533248786886906,0.16533248786886906,0.16533248786886953,0.16533248786886978,0.1653324878688693,0.16533248786886906,0.1653324878688693,0.16533248786886978,0.16533248786887,0.16533248786886978,0.16533248786886953,0.16533248786886978,0.16533248786887,0.1637574941484126,0.1637574941484119,0.16375749414841143,0.1637574941484119,0.1637574941484126,0.1637574941484119,0.1637574941484112,0.1637574941484105,0.1637574941484112,0.1637574941484119,0.16375749414841143,0.1637574941484105,0.16375749414841007,0.1637574941484105,0.16375749414841143,0.1637574941484119,0.1637574941484112,0.1637574941484105,0.1637574941484112,0.1637574941484119,0.1637574941484126,0.1637574941484119,0.16375749414841143,0.1637574941484119,0.1637574941484126,0.16221388435988413,0.16221388435988188,0.16221388435988052,0.16221388435988188,0.16221388435988413,0.16221388435988188,0.16221388435987938,0.16221388435987802,0.16221388435987938,0.16221388435988188,0.16221388435988052,0.16221388435987802,0.16221388435987644,0.16221388435987802,0.16221388435988052,0.16221388435988188,0.16221388435987938,0.16221388435987802,0.16221388435987938,0.16221388435988188,0.16221388435988413,0.16221388435988188,0.16221388435988052,0.16221388435988188,0.16221388435988413,0.16070106746032795,0.1607010674603211,0.16070106746031687,0.1607010674603211,0.16070106746032795,0.1607010674603211,0.1607010674603135,0.16070106746030866,0.1607010674603135,0.1607010674603211,0.16070106746031687,0.16070106746030866,0.1607010674603033,0.16070106746030866,0.16070106746031687,0.1607010674603211,0.1607010674603135,0.16070106746030866,0.1607010674603135,0.1607010674603211,0.16070106746032795,0.1607010674603211,0.16070106746031687,0.1607010674603211,0.16070106746032795,0.15921845182473154,0.1592184518247111,0.15921845182469782,0.1592184518247111,0.15921845182473154,0.1592184518247111,0.15921845182468758,0.15921845182467215,0.15921845182468758,0.1592184518247111,0.15921845182469782,0.15921845182467215,0.15921845182465472,0.15921845182467215,0.15921845182469782,0.1592184518247111,0.15921845182468758,0.15921845182467215,0.15921845182468758,0.1592184518247111,0.15921845182473154,0.1592184518247111,0.15921845182469782,0.1592184518247111,0.15921845182473154,0.15776544659789002,0.15776544659783026,0.15776544659779038,0.15776544659783026,0.15776544659789002,0.15776544659783026,0.15776544659775815,0.15776544659770803,0.15776544659775815,0.15776544659783026,0.15776544659779038,0.15776544659770803,0.15776544659764977,0.15776544659770803,0.15776544659779038,0.15776544659783026,0.15776544659775815,0.15776544659770803,0.15776544659775815,0.15776544659783026,0.15776544659789002,0.15776544659783026,0.15776544659779038,0.15776544659783026,0.15776544659789002,0.1563414629087643,0.1563414629085943,0.15634146290847595,0.1563414629085943,0.1563414629087643,0.1563414629085943,0.15634146290837514,0.15634146290821185,0.15634146290837514,0.1563414629085943,0.15634146290847595,0.15634146290821185,0.1563414629080046,0.15634146290821185,0.15634146290847595,0.1563414629085943,0.15634146290837514,0.15634146290821185,0.15634146290837514,0.1563414629085943,0.1563414629087643,0.1563414629085943,0.15634146290847595,0.1563414629085943,0.1563414629087643,0.1549459149576354,0.15494591495717472,0.15494591495683127,0.15494591495717472,0.1549459149576354,0.15494591495717472,0.1549459149565222,0.1549459149559773,0.1549459149565222,0.15494591495717472,0.15494591495683127,0.1549459149559773,0.15494591495518276,0.1549459149559773,0.15494591495683127,0.15494591495717472,0.1549459149565222,0.1549459149559773,0.1549459149565222,0.15494591495717472,0.1549459149576354,0.15494591495717472,0.15494591495683127,0.15494591495717472,0.1549459149576354,0.15357822098583898,0.15357822098468274,0.15357822098372814,0.15357822098468274,0.15357822098583898,0.15357822098468274,0.15357822098282414,0.15357822098097518,0.15357822098282414,0.15357822098468274,0.15357822098372814,0.15357822098097518,0.153578220977595,0.15357822098097518,0.15357822098372814,0.15357822098468274,0.15357822098282414,0.15357822098097518,0.15357822098282414,0.15357822098468274,0.15357822098583898,0.15357822098468274,0.15357822098372814,0.15357822098468274,0.15357822098583898,0.15223780413733803,0.15223780413479526,0.15223780413237767,0.15223780413479526,0.15223780413733803,0.15223780413479526,0.15223780412997465,0.15223780412380986,0.15223780412997465,0.15223780413479526,0.15223780413237767,0.15223780412380986,0.1522378041075582,0.15223780412380986,0.15223780413237767,0.15223780413479526,0.15223780412997465,0.15223780412380986,0.15223780412997465,0.15223780413479526,0.15223780413733803,0.15223780413479526,0.15223780413237767,0.15223780413479526,0.15223780413733803,0.1509240932206344,0.15092409321627923,0.15092409321137634,0.15092409321627923,0.1509240932206344,0.15092409321627923,0.15092409320634462,0.15092409318847907,0.15092409320634462,0.15092409321627923,0.15092409321137634,0.15092409318847907,0.15092409310000734,0.15092409318847907,0.15092409321137634,0.15092409321627923,0.15092409320634462,0.15092409318847907,0.15092409320634462,0.15092409321627923,0.1509240932206344,0.15092409321627923,0.15092409321137634,0.15092409321627923,0.1509240932206344,0.14963652337782976,0.14963652337346683,0.14963652336873992,0.14963652337346683,0.14963652337782976,0.14963652337346683,0.14963652336390582,0.14963652334809427,0.14963652336390582,0.14963652337346683,0.14963652336873992,0.14963652334809427,0.1496365232798021,0.14963652334809427,0.14963652336873992,0.14963652337346683,0.14963652336390582,0.14963652334809427,0.14963652336390582,0.14963652337346683,0.14963652337782976,0.14963652337346683,0.14963652336873992,0.14963652337346683,0.14963652337782976,0.1483745366654503,0.1483745366623175,0.14837453665907738,0.1483745366623175,0.1483745366654503,0.1483745366623175,0.14837453665579517,0.14837453664572176,0.14837453665579517,0.1483745366623175,0.14837453665907738,0.14837453664572176,0.1483745366050915,0.14837453664572176,0.14837453665907738,0.1483745366623175,0.14837453665579517,0.14837453664572176,0.14837453665579517,0.1483745366623175,0.1483745366654503,0.1483745366623175,0.14837453665907738,0.1483745366623175,0.1483745366654503,0.14713758256390247,0.14713758256239146,0.14713758256091183,0.14713758256239146,0.14713758256390247,0.14713758256239146,0.14713758255943607,0.1471375825551933,0.14713758255943607,0.14713758256239146,0.14713758256091183,0.1471375825551933,0.1471375825391753,0.1471375825551933,0.14713758256091183,0.14713758256239146,0.14713758255943607,0.1471375825551933,0.14713758255943607,0.14713758256239146,0.14713758256390247,0.14713758256239146,0.14713758256091183,0.14713758256239146,0.14713758256390247,0.14592511841701686,0.14592511841704714,0.14592511841718156,0.14592511841704714,0.14592511841701686,0.14592511841704714,0.14592511841734576,0.14592511841823927,0.14592511841734576,0.14592511841704714,0.14592511841718156,0.14592511841823927,0.1459251184236145,0.14592511841823927,0.14592511841718156,0.14592511841704714,0.14592511841734576,0.14592511841823927,0.14592511841734576,0.14592511841704714,0.14592511841701686,0.14592511841704714,0.14592511841718156,0.14592511841704714,0.14592511841701686,0.14473660980646183,0.14473660980770078,0.14473660980907188,0.14473660980770078,0.14473660980646183,0.14473660980770078,0.14473660981048364,0.1447366098151951,0.14473660981048364,0.14473660980770078,0.14473660980907188,0.1447366098151951,0.14473660983612324,0.1447366098151951,0.14473660980907188,0.14473660980770078,0.14473660981048364,0.1447366098151951,0.14473660981048364,0.14473660980770078,0.14473660980646183,0.14473660980770078,0.14473660980907188,0.14473660980770078,0.14473660980646183,0.1435715308670374,0.14357153086905036,0.14357153087119373,0.14357153086905036,0.1435715308670374,0.14357153086905036,0.14357153087337884,0.14357153088037514,0.14357153087337884,0.14357153086905036,0.14357153087119373,0.14357153088037514,0.1435715309100978,0.14357153088037514,0.14357153087119373,0.14357153086905036,0.14357153087337884,0.14357153088037514,0.14357153087337884,0.14357153086905036,0.1435715308670374,0.14357153086905036,0.14357153087119373,0.14357153086905036,0.1435715308670374,0.14242936454826977,0.14242936455062047,0.14242936455309801,0.14242936455062047,0.14242936454826977,0.14242936455062047,0.14242936455561178,0.14242936456365146,0.14242936455561178,0.14242936455062047,0.14242936455309801,0.14242936456365146,0.142429364598151,0.14242936456365146,0.14242936455309801,0.14242936455062047,0.14242936455561178,0.14242936456365146,0.14242936455561178,0.14242936455062047,0.14242936454826977,0.14242936455062047,0.14242936455309801,0.14242936455062047,0.14242936454826977,0.1413096028273034,0.14130960282956775,0.1413096028318887,0.14130960282956775,0.1413096028273034,0.14130960282956775,0.1413096028342223,0.14130960284150765,0.1413096028342223,0.14130960282956775,0.1413096028318887,0.14130960284150765,0.14130960287218036,0.14130960284150765,0.1413096028318887,0.14130960282956775,0.1413096028342223,0.14130960284150765,0.1413096028342223,0.14130960282956775,0.1413096028273034,0.14130960282956775,0.1413096028318887,0.14130960282956775,0.1413096028273034,0.14021174687779836,0.14021174687978805,0.1402117468816776,0.14021174687978805,0.14021174687779836,0.14021174687978805,0.14021174688353685,0.14021174688880628,0.14021174688353685,0.14021174687978805,0.1402117468816776,0.14021174688880628,0.14021174690907415,0.14021174688880628,0.1402117468816776,0.14021174687978805,0.14021174688353685,0.14021174688880628,0.14021174688353685,0.14021174687978805,0.14021174687779836,0.14021174687978805,0.1402117468816776,0.14021174687978805,0.14021174687779836,0.13913530719858153,0.13913530720063602,0.13913530720239928,0.13913530720063602,0.13913530719858153,0.13913530720063602,0.13913530720409756,0.13913530720778539,0.13913530720409756,0.13913530720063602,0.13913530720239928,0.13913530720778539,0.1391353072154375,0.13913530720778539,0.13913530720239928,0.13913530720063602,0.13913530720409756,0.13913530720778539,0.13913530720409756,0.13913530720063602,0.13913530719858153,0.13913530720063602,0.13913530720239928,0.13913530720063602,0.13913530719858153,0.13807980370576914,0.13807980370886003,0.13807980371184955,0.13807980370886003,0.13807980370576914,0.13807980370886003,0.13807980371483905,0.1380798037226702,0.13807980371483905,0.13807980370886003,0.13807980371184955,0.1380798037226702,0.13807980374388312,0.1380798037226702,0.13807980371184955,0.13807980370886003,0.13807980371483905,0.1380798037226702,0.13807980371483905,0.13807980370886003,0.13807980370576914,0.13807980370886003,0.13807980371184955,0.13807980370886003,0.13807980370576914,0.13704476579229752,0.13704476579675365,0.13704476580205543,0.13704476579675365,0.13704476579229752,0.13704476579675365,0.13704476580752797,0.13704476582882058,0.13704476580752797,0.13704476579675365,0.13704476580205543,0.13704476582882058,0.13704476594590567,0.13704476582882058,0.13704476580205543,0.13704476579675365,0.13704476580752797,0.13704476582882058,0.13704476580752797,0.13704476579675365,0.13704476579229752,0.13704476579675365,0.13704476580205543,0.13704476579675365,0.13704476579229752,0.1360297323609811,0.1360297323640278,0.13602973236698698,0.1360297323640278,0.1360297323609811,0.1360297323640278,0.13602973236994526,0.13602973237779795,0.13602973236994526,0.1360297323640278,0.13602973236698698,0.13602973237779795,0.136029732399475,0.13602973237779795,0.13602973236698698,0.1360297323640278,0.13602973236994526,0.13602973237779795,0.13602973236994526,0.1360297323640278,0.1360297323609811,0.1360297323640278,0.13602973236698698,0.1360297323640278,0.1360297323609811,0.13503425183658407,0.13503425183847872,0.13503425184003676,0.13503425183847872,0.13503425183658407,0.13503425183847872,0.13503425184151127,0.13503425184450452,0.13503425184151127,0.13503425183847872,0.13503425184003676,0.13503425184450452,0.13503425184992707,0.13503425184450452,0.13503425184003676,0.13503425183847872,0.13503425184151127,0.13503425184450452,0.13503425184151127,0.13503425183847872,0.13503425183658407,0.13503425183847872,0.13503425184003676,0.13503425183847872,0.13503425183658407
0.16533248786923463,0.16533248786923435,0.16533248786923413,0.16533248786923435,0.16533248786923463,0.16533248786923435,0.16533248786923413,0.16533248786923388,0.16533248786923413,0.16533248786923435,0.16533248786923413,0.16533248786923388,0.16533248786923366,0.16533248786923388,0.16533248786923413,0.16533248786923435,0.16533248786923413,0.16533248786923388,0.16533248786923413,0.16533248786923435,0.16533248786923463,0.16533248786923435,0.16533248786923413,0.16533248786923435,0.16533248786923463,0.1637574941487702,0.16375749414876925,0.1637574941487688,0.16375749414876925,0.1637574941487702,0.16375749414876925,0.16375749414876853,0.16375749414876808,0.16375749414876853,0.16375749414876925,0.1637574941487688,0.16375749414876808,0.1637574941487674,0.16375749414876808,0.1637574941487688,0.16375749414876925,0.16375749414876853,0.16375749414876808,0.16375749414876853,0.16375749414876925,0.1637574941487702,0.16375749414876925,0.1637574941487688,0.16375749414876925,0.1637574941487702,0.16221388436023434,0.1622138843602321,0.16221388436023074,0.1622138843602321,0.16221388436023434,0.1622138843602321,0.16221388436022982,0.16221388436022824,0.16221388436022982,0.1622138843602321,0.16221388436023074,0.16221388436022824,0.16221388436022666,0.16221388436022824,0.16221388436023074,0.1622138843602321,0.16221388436022982,0.16221388436022824,0.16221388436022982,0.1622138843602321,0.16221388436023434,0.1622138843602321,0.16221388436023074,0.1622138843602321,0.16221388436023434,0.1607010674606712,0.16070106746066434,0.1607010674606601,0.16070106746066434,0.1607010674606712,0.16070106746066434,0.16070106746065677,0.16070106746065188,0.16070106746065677,0.16070106746066434,0.1607010674606601,0.16070106746065188,0.16070106746064655,0.16070106746065188,0.1607010674606601,0.16070106746066434,0.16070106746065677,0.16070106746065188,0.16070106746065677,0.16070106746066434,0.1607010674606712,0.16070106746066434,0.1607010674606601,0.16070106746066434,0.1607010674606712,0.15921845182506772,0.15921845182504746,0.1592184518250342,0.15921845182504746,0.15921845182506772,0.15921845182504746,0.15921845182502398,0.1592184518250083,0.15921845182502398,0.15921845182504746,0.1592184518250342,0.1592184518250083,0.1592184518249911,0.1592184518250083,0.1592184518250342,0.15921845182504746,0.15921845182502398,0.1592184518250083,0.15921845182502398,0.15921845182504746,0.15921845182506772,0.15921845182504746,0.1592184518250342,0.15921845182504746,0.15921845182506772,0.15776544659821948,0.15776544659815972,0.15776544659811984,0.15776544659815972,0.15776544659821948,0.15776544659815972,0.1577654465980876,0.1577654465980377,0.1577654465980876,0.15776544659815972,0.15776544659811984,0.1577654465980377,0.15776544659797942,0.1577654465980377,0.15776544659811984,0.15776544659815972,0.1577654465980876,0.1577654465980377,0.1577654465980876,0.15776544659815972,0.15776544659821948,0.15776544659815972,0.15776544659811984,0.15776544659815972,0.15776544659821948,0.15634146290908674,0.15634146290891693,0.1563414629087988,0.15634146290891693,0.15634146290908674,0.15634146290891693,0.15634146290869802,0.1563414629085349,0.15634146290869802,0.15634146290891693,0.1563414629087988,0.1563414629085349,0.15634146290832812,0.1563414629085349,0.1563414629087988,0.15634146290891693,0.15634146290869802,0.1563414629085349,0.15634146290869802,0.15634146290891693,0.15634146290908674,0.15634146290891693,0.1563414629087988,0.15634146290891693,0.15634146290908674,0.15494591495795015,0.1549459149574903,0.15494591495714724,0.1549459149574903,0.15494591495795015,0.1549459149574903,0.15494591495683904,0.15494591495629492,0.15494591495683904,0.1549459149574903,0.15494591495714724,0.15494591495629492,0.15494591495550164,0.15494591495629492,0.15494591495714724,0.1549459149574903,0.15494591495683904,0.15494591495629492,0.15494591495683904,0.1549459149574903,0.15494591495795015,0.1549459149574903,0.15494591495714724,0.1549459149574903,0.15494591495795015,0.15357822098614488,0.15357822098499044,0.15357822098403764,0.15357822098499044,0.15357822098614488,0.15357822098499044,0.15357822098313484,0.1535782209812891,0.15357822098313484,0.15357822098499044,0.15357822098403764,0.1535782209812891,0.15357822097791432,0.1535782209812891,0.15357822098403764,0.15357822098499044,0.15357822098313484,0.1535782209812891,0.15357822098313484,0.15357822098499044,0.15357822098614488,0.15357822098499044,0.15357822098403764,0.15357822098499044,0.15357822098614488,0.15223780413763113,0.15223780413509266,0.15223780413267882,0.15223780413509266,0.15223780413763113,0.15223780413509266,0.15223780413027996,0.152237804124125,0.15223780413027996,0.15223780413509266,0.15223780413267882,0.152237804124125,0.1522378041078995,0.152237804124125,0.15223780413267882,0.15223780413509266,0.15223780413027996,0.152237804124125,0.15223780413027996,0.15223780413509266,0.15223780413763113,0.15223780413509266,0.15223780413267882,0.15223780413509266,0.15223780413763113,0.15092409322090602,0.15092409321655817,0.15092409321166342,0.15092409321655817,0.15092409322090602,0.15092409321655817,0.15092409320664,0.15092409318880337,0.15092409320664,0.15092409321655817,0.15092409321166342,0.15092409318880337,0.15092409310045338,0.15092409318880337,0.15092409321166342,0.15092409321655817,0.15092409320664,0.15092409318880337,0.15092409320664,0.15092409321655817,0.15092409322090602,0.15092409321655817,0.15092409321166342,0.15092409321655817,0.15092409322090602,0.1496365233780646,0.14963652337370964,0.14963652336899125,0.14963652337370964,0.1496365233780646,0.14963652337370964,0.14963652336416544,0.14963652334838015,0.14963652336416544,0.14963652337370964,0.14963652336899125,0.14963652334838015,0.14963652328017424,0.14963652334838015,0.14963652336899103,0.14963652337370964,0.14963652336416544,0.14963652334838015,0.14963652336416544,0.14963652337370964,0.1496365233780646,0.14963652337370964,0.14963652336899103,0.14963652337370964,0.1496365233780646,0.14837453666563155,0.14837453666250616,0.14837453665927344,0.14837453666250616,0.14837453666563155,0.14837453666250616,0.14837453665599848,0.14837453664594694,0.14837453665599848,0.14837453666250616,0.14837453665927344,0.14837453664594694,0.14837453660539918,0.14837453664594694,0.14837453665927344,0.14837453666250616,0.14837453665599848,0.14837453664594694,0.14837453665599848,0.14837453666250616,0.14837453666563155,0.14837453666250616,0.14837453665927344,0.14837453666250616,0.14837453666563155,0.14713758256401474,0.14713758256251008,0.147137582561037,0.14713758256251008,0.14713758256401474,0.14713758256251008,0.14713758255956777,0.14713758255534498,0.14713758255956777,0.14713758256251008,0.147137582561037,0.14713758255534498,0.1471375825393935,0.14713758255534498,0.147137582561037,0.14713758256251008,0.14713758255956777,0.14713758255534498,0.14713758255956777,0.14713758256251008,0.14713758256401474,0.14713758256251008,0.147137582561037,0.14713758256251008,0.14713758256401474,0.14592511841704556,0.14592511841708114,0.1459251184172211,0.14592511841708114,0.14592511841704556,0.14592511841708114,0.14592511841739098,0.14592511841830322,0.14592511841739098,0.14592511841708114,0.1459251184172211,0.14592511841830322,0.14592511842374112,0.14592511841830322,0.1459251184172211,0.14592511841708114,0.14592511841739098,0.14592511841830322,0.14592511841739098,0.14592511841708114,0.14592511841704556,0.14592511841708114,0.1459251184172211,0.14592511841708114,0.14592511841704556,0.14473660980639497,0.14473660980763692,0.14473660980901132,0.14473660980763692,0.14473660980639497,0.14473660980763692,0.14473660981042655,0.14473660981514938,0.14473660981042655,0.14473660980763692,0.14473660980901132,0.14473660981514938,0.14473660983611908,0.14473660981514938,0.14473660980901132,0.14473660980763692,0.14473660981042655,0.14473660981514938,0.14473660981042655,0.14473660980763692,0.14473660980639497,0.14473660980763692,0.14473660980901132,0.14473660980763692,0.14473660980639497,0.14357153086686747,0.14357153086887994,0.14357153087102295,0.14357153086887994,0.14357153086686747,0.14357153086887994,0.14357153087320773,0.1435715308802042,0.14357153087320773,0.14357153086887994,0.14357153087102295,0.1435715308802042,0.14357153090994465,0.1435715308802042,0.14357153087102295,0.14357153086887994,0.14357153087320773,0.1435715308802042,0.14357153087320773,0.14357153086887994,0.14357153086686747,0.14357153086887994,0.14357153087102295,0.14357153086887994,0.14357153086686747,0.14242936454799632,0.14242936455034233,0.142429364552815,0.14242936455034233,0.14242936454799632,0.14242936455034233,0.14242936455532407,0.14242936456335084,0.14242936455532407,0.14242936455034233,0.142429364552815,0.14242936456335084,0.14242936459779568,0.14242936456335084,0.142429364552815,0.14242936455034233,0.14242936455532407,0.14242936456335084,0.14242936455532407,0.14242936455034233,0.14242936454799632,0.14242936455034233,0.142429364552815,0.14242936455034233,0.14242936454799632,0.14130960282693497,0.14130960282919,0.14130960283150057,0.14130960282919,0.14130960282693497,0.14130960282919,0.14130960283382346,0.14130960284107164,0.14130960283382346,0.14130960282919,0.14130960283150057,0.14130960284107164,0.14130960287155786,0.14130960284107164,0.14130960283150057,0.14130960282919,0.14130960283382346,0.14130960284107164,0.14130960283382346,0.14130960282919,0.14130960282693497,0.14130960282919,0.14130960283150057,0.14130960282919,0.14130960282693497,0.14021174687735266,0.1402117468793322,0.1402117468812106,0.1402117468793322,0.14021174687735266,0.1402117468793322,0.1402117468830584,0.140211746888289,0.1402117468830584,0.1402117468793322,0.1402117468812106,0.140211746888289,0.14021174690838675,0.140211746888289,0.1402117468812106,0.1402117468793322,0.1402117468830584,0.140211746888289,0.1402117468830584,0.1402117468793322,0.14021174687735266,0.1402117468793322,0.1402117468812106,0.1402117468793322,0.14021174687735266,0.1391353071980784,0.13913530720012515,0.13913530720188116,0.13913530720012515,0.1391353071980784,0.13913530720012515,0.1391353072035723,0.1391353072072432,0.1391353072035723,0.13913530720012515,0.13913530720188116,0.1391353072072432,0.13913530721485454,0.1391353072072432,0.13913530720188116,0.13913530720012515,0.1391353072035723,0.1391353072072432,0.1391353072035723,0.13913530720012515,0.1391353071980784,0.13913530720012515,0.13913530720188116,0.13913530720012515,0.1391353071980784,0.13807980370522385,0.138079803708307,0.13807980371128925,0.138079803708307,0.13807980370522385,0.138079803708307,0.13807980371427162,0.13807980372208475,0.13807980371427162,0.138079803708307,0.13807980371128925,0.13807980372208475,0.13807980374325163,0.13807980372208475,0.13807980371128925,0.138079803708307,0.13807980371427162,0.13807980372208475,0.13807980371427162,0.138079803708307,0.13807980370522385,0.138079803708307,0.13807980371128925,0.138079803708307,0.13807980370522385,0.13704476579172523,0.1370447657961721,0.13704476580146324,0.1370447657961721,0.13704476579172523,0.1370447657961721,0.13704476580692468,0.1370447658281756,0.13704476580692468,0.1370447657961721,0.13704476580146324,0.1370447658281756,0.13704476594504678,0.1370447658281756,0.13704476580146324,0.1370447657961721,0.13704476580692468,0.1370447658281756,0.13704476580692468,0.1370447657961721,0.13704476579172523,0.1370447657961721,0.13704476580146324,0.1370447657961721,0.13704476579172523,0.1360297323604002,0.13602973236344076,0.1360297323663941,0.13602973236344076,0.1360297323604002,0.13602973236344076,0.13602973236934657,0.13602973237718388,0.13602973236934657,0.13602973236344076,0.1360297323663941,0.13602973237718388,0.13602973239881908,0.13602973237718388,0.1360297323663941,0.13602973236344076,0.13602973236934657,0.13602973237718388,0.13602973236934657,0.13602973236344076,0.1360297323604002,0.13602973236344076,0.1360297323663941,0.13602973236344076,0.1360297323604002,0.13503425183600687,0.13503425183789772,0.1350342518394527,0.13503425183789772,0.13503425183600687,0.13503425183789772,0.1350342518409243,0.13503425184391168,0.1350342518409243,0.13503425183789772,0.1350342518394527,0.13503425184391168,0.1350342518493237,0.13503425184391168,0.1350342518394527,0.13503425183789772,0.1350342518409243,0.13503425184391168,0.1350342518409243,0.13503425183789772,0.13503425183600687,0.13503425183789772,0.1350342518394527,0.13503425183789772,0.13503425183600687
0.16533248786959684,0.16533248786959662,0.1653324878695964,0.1653324878695964,0.16533248786959684,0.16533248786959662,0.16533248786959615,0.1653324878695959,0.16533248786959615,0.16533248786959662,0.1653324878695964,0.1653324878695959,0.16533248786959567,0.1653324878695959,0.1653324878695964,0.1653324878695964,0.16533248786959615,0.1653324878695959,0.16533248786959615,0.1653324878695964,0.16533248786959684,0.16533248786959662,0.1653324878695964,0.1653324878695964,0.16533248786959684,0.16375749414912497,0.16375749414912427,0.16375749414912358,0.16375749414912427,0.16375749414912497,0.16375749414912427,0.16375749414912336,0.16375749414912288,0.16375749414912336,0.16375749414912427,0.16375749414912358,0.16375749414912288,0.1637574941491224,0.16375749414912288,0.16375749414912358,0.16375749414912427,0.16375749414912336,0.16375749414912288,0.16375749414912336,0.16375749414912427,0.16375749414912497,0.16375749414912427,0.16375749414912358,0.16375749414912427,0.16375749414912497,0.16221388436058207,0.16221388436057982,0.16221388436057846,0.16221388436057982,0.16221388436058207,0.16221388436057982,0.16221388436057754,0.16221388436057593,0.16221388436057754,0.16221388436057982,0.16221388436057846,0.16221388436057593,0.16221388436057435,0.16221388436057593,0.16221388436057846,0.16221388436057982,0.16221388436057754,0.16221388436057593,0.16221388436057754,0.16221388436057982,0.16221388436058207,0.16221388436057982,0.16221388436057846,0.16221388436057982,0.16221388436058207,0.16070106746101198,0.1607010674610051,0.16070106746100066,0.1607010674610051,0.16070106746101198,0.1607010674610051,0.16070106746099752,0.16070106746099266,0.16070106746099752,0.1607010674610051,0.16070106746100066,0.16070106746099266,0.16070106746098733,0.16070106746099266,0.16070106746100066,0.1607010674610051,0.16070106746099752,0.16070106746099266,0.16070106746099752,0.1607010674610051,0.16070106746101198,0.1607010674610051,0.16070106746100066,0.1607010674610051,0.16070106746101198,0.15921845182540167,0.15921845182538125,0.15921845182536798,0.15921845182538125,0.15921845182540167,0.15921845182538125,0.15921845182535796,0.15921845182534228,0.15921845182535796,0.15921845182538125,0.15921845182536798,0.15921845182534228,0.15921845182532507,0.15921845182534228,0.15921845182536798,0.15921845182538125,0.15921845182535796,0.15921845182534228,0.15921845182535796,0.15921845182538125,0.15921845182540167,0.15921845182538125,0.15921845182536798,0.15921845182538125,0.15921845182540167,0.15776544659854635,0.1577654465984866,0.1577654465984469,0.1577654465984866,0.15776544659854635,0.1577654465984866,0.1577654465984147,0.15776544659836497,0.1577654465984147,0.1577654465984866,0.1577654465984469,0.15776544659836497,0.15776544659830674,0.15776544659836497,0.1577654465984469,0.1577654465984866,0.1577654465984147,0.15776544659836497,0.1577654465984147,0.1577654465984866,0.15776544659854635,0.1577654465984866,0.1577654465984469,0.1577654465984866,0.15776544659854635,0.15634146290940668,0.15634146290923728,0.15634146290911916,0.15634146290923728,0.15634146290940668,0.15634146290923728,0.15634146290901857,0.1563414629088559,0.15634146290901857,0.15634146290923728,0.15634146290911916,0.1563414629088559,0.1563414629086495,0.1563414629088559,0.15634146290911916,0.15634146290923728,0.15634146290901857,0.1563414629088559,0.15634146290901857,0.15634146290923728,0.15634146290940668,0.15634146290923728,0.15634146290911916,0.15634146290923728,0.15634146290940668,0.15494591495826268,0.15494591495780366,0.1549459149574612,0.15494591495780366,0.15494591495826268,0.15494591495780366,0.15494591495715337,0.15494591495661011,0.15494591495715337,0.15494591495780366,0.1549459149574612,0.15494591495661011,0.15494591495581805,0.15494591495661011,0.1549459149574612,0.15494591495780366,0.15494591495715337,0.15494591495661011,0.15494591495715337,0.15494591495780366,0.15494591495826268,0.15494591495780366,0.1549459149574612,0.15494591495780366,0.15494591495826268,0.15357822098644855,0.1535782209852961,0.15357822098434473,0.1535782209852961,0.15357822098644855,0.1535782209852961,0.15357822098344354,0.15357822098160062,0.15357822098344354,0.1535782209852961,0.15357822098434473,0.15357822098160062,0.15357822097823126,0.15357822098160062,0.15357822098434473,0.1535782209852961,0.15357822098344354,0.15357822098160062,0.15357822098344354,0.1535782209852961,0.15357822098644855,0.1535782209852961,0.15357822098434473,0.1535782209852961,0.15357822098644855,0.15223780413792207,0.15223780413538793,0.15223780413297802,0.15223780413538793,0.15223780413792207,0.15223780413538793,0.15223780413058288,0.15223780412443794,0.15223780413058288,0.15223780413538793,0.15223780413297802,0.15223780412443794,0.15223780410823867,0.15223780412443794,0.15223780413297802,0.15223780413538793,0.15223780413058288,0.15223780412443794,0.15223780413058288,0.15223780413538793,0.15223780413792207,0.15223780413538793,0.15223780413297802,0.15223780413538793,0.15223780413792207,0.15092409322117573,0.15092409321683523,0.15092409321194836,0.15092409321683523,0.15092409322117573,0.15092409321683523,0.15092409320693323,0.15092409318912553,0.15092409320693323,0.15092409321683523,0.15092409321194836,0.15092409318912553,0.15092409310089322,0.15092409318912553,0.15092409321194836,0.15092409321683523,0.15092409320693323,0.15092409318912553,0.15092409320693323,0.15092409321683523,0.15092409322117573,0.15092409321683523,0.15092409321194836,0.15092409321683523,0.15092409322117573,0.14963652337829772,0.1496365233739507,0.14963652336924024,0.1496365233739507,0.14963652337829772,0.1496365233739507,0.14963652336442296,0.14963652334866379,0.14963652336442296,0.1496365233739507,0.14963652336924024,0.14963652334866379,0.14963652328055785,0.14963652334866379,0.14963652336924024,0.1496365233739507,0.14963652336442296,0.14963652334866379,0.14963652336442296,0.1496365233739507,0.14963652337829772,0.1496365233739507,0.14963652336924024,0.1496365233739507,0.14963652337829772,0.14837453666581152,0.14837453666269315,0.14837453665946768,0.14837453666269315,0.14837453666581152,0.14837453666269315,0.14837453665620032,0.14837453664617026,0.14837453665620032,0.14837453666269315,0.14837453665946768,0.14837453664617026,0.1483745366057172,0.14837453664617026,0.14837453665946768,0.14837453666269315,0.14837453665620032,0.14837453664617026,0.14837453665620032,0.14837453666269315,0.14837453666581152,0.14837453666269315,0.14837453665946768,0.14837453666269315,0.14837453666581152,0.14713758256412574,0.14713758256262763,0.1471375825611609,0.14713758256262743,0.14713758256412574,0.14713758256262763,0.1471375825596984,0.14713758255549522,0.1471375825596984,0.14713758256262763,0.1471375825611609,0.14713758255549522,0.1471375825396322,0.14713758255549522,0.1471375825611609,0.14713758256262743,0.1471375825596984,0.14713758255549522,0.1471375825596984,0.14713758256262763,0.14713758256412574,0.14713758256262763,0.1471375825611609,0.14713758256262763,0.14713758256412574,0.14592511841707384,0.1459251184171146,0.1459251184172601,0.1459251184171146,0.14592511841707384,0.1459251184171146,0.14592511841743566,0.14592511841836625,0.14592511841743566,0.1459251184171146,0.1459251184172601,0.14592511841836625,0.14592511842389425,0.14592511841836625,0.1459251184172601,0.1459251184171146,0.14592511841743566,0.14592511841836625,0.14592511841743566,0.1459251184171146,0.14592511841707384,0.1459251184171146,0.1459251184172601,0.1459251184171146,0.14592511841707384,0.1447366098063283,0.1447366098075732,0.14473660980895092,0.1447366098075732,0.1447366098063283,0.1447366098075732,0.14473660981036948,0.1447366098151038,0.14473660981036948,0.1447366098075732,0.14473660980895092,0.1447366098151038,0.14473660983613776,0.1447366098151038,0.14473660980895092,0.1447366098075732,0.14473660981036948,0.1447366098151038,0.14473660981036948,0.1447366098075732,0.1447366098063283,0.1447366098075732,0.14473660980895092,0.1447366098075732,0.1447366098063283,0.1435715308666986,0.14357153086871052,0.14357153087085336,0.14357153086871052,0.1435715308666986,0.14357153086871052,0.1435715308730378,0.14357153088003444,0.1435715308730378,0.14357153086871052,0.14357153087085336,0.14357153088003444,0.14357153090978825,0.14357153088003444,0.14357153087085336,0.14357153086871052,0.1435715308730378,0.14357153088003444,0.1435715308730378,0.14357153086871052,0.1435715308666986,0.14357153086871052,0.14357153087085336,0.14357153086871052,0.1435715308666986,0.14242936454772473,0.14242936455006605,0.14242936455253402,0.14242936455006605,0.14242936454772473,0.14242936455006605,0.1424293645550384,0.14242936456305222,0.1424293645550384,0.14242936455006605,0.14242936455253402,0.14242936456305222,0.1424293645974585,0.14242936456305222,0.14242936455253402,0.14242936455006605,0.1424293645550384,0.14242936456305222,0.1424293645550384,0.14242936455006605,0.14242936454772473,0.14242936455006605,0.14242936455253402,0.14242936455006605,0.14242936454772473,0.14130960282656907,0.14130960282881483,0.14130960283111504,0.14130960282881483,0.14130960282656907,0.14130960282881483,0.14130960283342744,0.14130960284063843,0.14130960283342744,0.14130960282881483,0.14130960283111504,0.14130960284063843,0.14130960287095096,0.14130960284063843,0.14130960283111504,0.14130960282881483,0.14130960283342744,0.14130960284063843,0.14130960283342744,0.14130960282881483,0.14130960282656907,0.14130960282881483,0.14130960283111504,0.14130960282881483,0.14130960282656907,0.14021174687691002,0.14021174687887938,0.1402117468807467,0.14021174687887938,0.14021174687691002,0.14021174687887938,0.1402117468825832,0.1402117468877749,0.1402117468825832,0.14021174687887938,0.1402117468807467,0.1402117468877749,0.14021174690767094,0.1402117468877749,0.1402117468807467,0.14021174687887938,0.1402117468825832,0.1402117468877749,0.1402117468825832,0.14021174687887938,0.14021174687691002,0.14021174687887938,0.1402117468807467,0.14021174687887938,0.14021174687691002,0.13913530719757877,0.1391353071996176,0.13913530720136652,0.1391353071996176,0.13913530719757877,0.1391353071996176,0.1391353072030507,0.1391353072067045,0.1391353072030507,0.1391353071996176,0.13913530720136652,0.1391353072067045,0.1391353072142754,0.1391353072067045,0.13913530720136652,0.1391353071996176,0.1391353072030507,0.1391353072067045,0.1391353072030507,0.1391353071996176,0.13913530719757877,0.1391353071996176,0.13913530720136652,0.1391353071996176,0.13913530719757877,0.1380798037046823,0.13807980370775785,0.13807980371073278,0.13807980370775785,0.1380798037046823,0.13807980370775785,0.138079803713708,0.13807980372150336,0.138079803713708,0.13807980370775785,0.13807980371073278,0.13807980372150336,0.13807980374262466,0.13807980372150336,0.13807980371073278,0.13807980370775785,0.138079803713708,0.13807980372150336,0.138079803713708,0.13807980370775785,0.1380798037046823,0.13807980370775785,0.13807980371073278,0.13807980370775785,0.1380798037046823,0.13704476579115674,0.1370447657955945,0.137044765800875,0.1370447657955945,0.13704476579115674,0.1370447657955945,0.13704476580632563,0.13704476582753522,0.13704476580632563,0.1370447657955945,0.137044765800875,0.13704476582753522,0.13704476594417972,0.13704476582753522,0.137044765800875,0.1370447657955945,0.13704476580632563,0.13704476582753522,0.13704476580632563,0.1370447657955945,0.13704476579115674,0.1370447657955945,0.137044765800875,0.1370447657955945,0.13704476579115674,0.13602973235982332,0.1360297323628579,0.1360297323658053,0.1360297323628579,0.13602973235982332,0.1360297323628579,0.13602973236875193,0.13602973237657404,0.13602973236875193,0.1360297323628579,0.1360297323658053,0.13602973237657404,0.1360297323981678,0.13602973237657404,0.1360297323658053,0.1360297323628579,0.13602973236875193,0.13602973237657404,0.13602973236875193,0.1360297323628579,0.13602973235982332,0.1360297323628579,0.1360297323658053,0.1360297323628579,0.13602973235982332,0.13503425183543347,0.13503425183732065,0.13503425183887255,0.13503425183732065,0.13503425183543347,0.13503425183732065,0.13503425184034137,0.13503425184332288,0.13503425184034137,0.13503425183732065,0.13503425183887255,0.13503425184332288,0.1350342518487245,0.13503425184332288,0.13503425183887255,0.13503425183732065,0.13503425184034137,0.13503425184332288,0.13503425184034137,0.13503425183732065,0.13503425183543347,0.13503425183732065,0.13503425183887255,0.13503425183732065,0.13503425183543347
0.16533248786995652,0.16533248786995602,0.16533248786995602,0.16533248786995602,0.16533248786995652,0.16533248786995602,0.16533248786995577,0.16533248786995555,0.16533248786995577,0.16533248786995602,0.16533248786995602,0.16533248786995555,0.16533248786995533,0.16533248786995555,0.16533248786995602,0.16533248786995602,0.16533248786995577,0.16533248786995555,0.16533248786995577,0.16533248786995602,0.16533248786995652,0.16533248786995602,0.16533248786995602,0.16533248786995602,0.16533248786995652,0.16375749414947746,0.16375749414947655,0.16375749414947607,0.16375749414947655,0.16375749414947746,0.16375749414947655,0.16375749414947582,0.16375749414947538,0.16375749414947582,0.16375749414947655,0.16375749414947607,0.16375749414947538,0.16375749414947494,0.16375749414947538,0.16375749414947607,0.16375749414947655,0.16375749414947582,0.16375749414947538,0.16375749414947582,0.16375749414947655,0.16375749414947746,0.16375749414947655,0.16375749414947607,0.16375749414947655,0.16375749414947746,0.1622138843609275,0.16221388436092526,0.16221388436092393,0.16221388436092526,0.1622138843609275,0.16221388436092526,0.162213884360923,0.1622138843609214,0.162213884360923,0.16221388436092526,0.16221388436092393,0.1622138843609214,0.16221388436091982,0.1622138843609214,0.16221388436092393,0.16221388436092526,0.162213884360923,0.1622138843609214,0.162213884360923,0.16221388436092526,0.1622138843609275,0.16221388436092526,0.16221388436092393,0.16221388436092526,0.1622138843609275,0.16070106746135032,0.1607010674613434,0.16070106746133922,0.1607010674613434,0.16070106746135032,0.1607010674613434,0.16070106746133608,0.1607010674613312,0.16070106746133608,0.1607010674613434,0.16070106746133922,0.1607010674613312,0.1607010674613259,0.1607010674613312,0.16070106746133922,0.1607010674613434,0.16070106746133608,0.1607010674613312,0.16070106746133608,0.1607010674613434,0.16070106746135032,0.1607010674613434,0.16070106746133922,0.1607010674613434,0.16070106746135032,0.1592184518257333,0.15921845182571281,0.1592184518256998,0.15921845182571281,0.1592184518257333,0.15921845182571281,0.15921845182568953,0.15921845182567385,0.15921845182568953,0.15921845182571281,0.1592184518256998,0.15921845182567385,0.15921845182565664,0.15921845182567385,0.1592184518256998,0.15921845182571281,0.15921845182568953,0.15921845182567385,0.15921845182568953,0.15921845182571281,0.1592184518257333,0.15921845182571281,0.1592184518256998,0.15921845182571281,0.1592184518257333,0.1577654465988711,0.15776544659881156,0.15776544659877187,0.15776544659881156,0.1577654465988711,0.15776544659881156,0.15776544659873964,0.15776544659868993,0.15776544659873964,0.15776544659881156,0.15776544659877187,0.15776544659868993,0.1577654465986319,0.15776544659868993,0.15776544659877187,0.15776544659881156,0.15776544659873964,0.15776544659868993,0.15776544659873964,0.15776544659881156,0.1577654465988711,0.15776544659881156,0.15776544659877187,0.15776544659881156,0.1577654465988711,0.1563414629097245,0.15634146290955533,0.15634146290943762,0.15634146290955533,0.1563414629097245,0.15634146290955533,0.15634146290933726,0.15634146290917456,0.15634146290933726,0.15634146290955533,0.15634146290943762,0.15634146290917456,0.15634146290896836,0.15634146290917456,0.15634146290943762,0.15634146290955533,0.15634146290933726,0.15634146290917456,0.15634146290933726,0.15634146290955533,0.1563414629097245,0.15634146290955533,0.15634146290943762,0.15634146290955533,0.1563414629097245,0.15494591495857338,0.15494591495811494,0.1549459149577731,0.15494591495811494,0.15494591495857338,0.15494591495811494,0.1549459149574657,0.15494591495692325,0.1549459149574657,0.15494591495811494,0.1549459149577731,0.15494591495692325,0.1549459149561326,0.15494591495692325,0.1549459149577731,0.15494591495811494,0.1549459149574657,0.15494591495692325,0.1549459149574657,0.15494591495811494,0.15494591495857338,0.15494591495811494,0.1549459149577731,0.15494591495811494,0.15494591495857338,0.15357822098675022,0.15357822098559978,0.1535782209846498,0.15357822098559978,0.15357822098675022,0.15357822098559978,0.15357822098375024,0.15357822098191032,0.15357822098375024,0.15357822098559978,0.1535782209846498,0.15357822098191032,0.15357822097854618,0.15357822098191032,0.1535782209846498,0.15357822098559978,0.15357822098375024,0.15357822098191032,0.15357822098375024,0.15357822098559978,0.15357822098675022,0.15357822098559978,0.1535782209846498,0.15357822098559978,0.15357822098675022,0.1522378041382112,0.15223780413568122,0.15223780413327526,0.15223780413568122,0.1522378041382112,0.15223780413568122,0.15223780413088406,0.15223780412474897,0.15223780413088406,0.15223780413568122,0.15223780413327526,0.15223780412474897,0.15223780410857546,0.15223780412474897,0.15223780413327526,0.15223780413568122,0.15223780413088406,0.15223780412474897,0.15223780413088406,0.15223780413568122,0.1522378041382112,0.15223780413568122,0.15223780413327526,0.15223780413568122,0.1522378041382112,0.1509240932214435,0.1509240932171103,0.15092409321223157,0.1509240932171103,0.1509240932214435,0.1509240932171103,0.15092409320722472,0.1509240931894456,0.15092409320722472,0.1509240932171103,0.15092409321223157,0.1509240931894456,0.15092409310139887,0.1509240931894456,0.15092409321223157,0.1509240932171103,0.15092409320722472,0.1509240931894456,0.15092409320722472,0.1509240932171103,0.1509240932214435,0.1509240932171103,0.15092409321223157,0.1509240932171103,0.1509240932214435,0.14963652337852937,0.1496365233741901,0.14963652336948796,0.1496365233741901,0.14963652337852937,0.1496365233741901,0.1496365233646788,0.1496365233489457,0.1496365233646788,0.1496365233741901,0.14963652336948796,0.1496365233489457,0.14963652328095947,0.1496365233489457,0.14963652336948796,0.1496365233741901,0.1496365233646788,0.1496365233489457,0.1496365233646788,0.1496365233741901,0.14963652337852937,0.1496365233741901,0.14963652336948796,0.1496365233741901,0.14963652337852937,0.14837453666599015,0.14837453666287903,0.1483745366596608,0.14837453666287903,0.14837453666599015,0.14837453666287903,0.14837453665640046,0.14837453664639189,0.14837453665640046,0.14837453666287903,0.1483745366596608,0.14837453664639189,0.1483745366059965,0.14837453664639189,0.1483745366596608,0.14837453666287903,0.14837453665640046,0.14837453664639189,0.14837453665640046,0.14837453666287903,0.14837453666599015,0.14837453666287903,0.1483745366596608,0.14837453666287903,0.14837453666599015,0.14713758256423598,0.14713758256274406,0.1471375825612841,0.14713758256274406,0.14713758256423598,0.14713758256274406,0.14713758255982792,0.14713758255564416,0.14713758255982792,0.14713758256274406,0.1471375825612841,0.14713758255564416,0.14713758253983908,0.14713758255564416,0.1471375825612841,0.14713758256274406,0.14713758255982792,0.14713758255564416,0.14713758255982792,0.14713758256274406,0.14713758256423598,0.14713758256274406,0.1471375825612841,0.14713758256274406,0.14713758256423598,0.14592511841710162,0.14592511841714775,0.14592511841729872,0.14592511841714775,0.14592511841710162,0.14592511841714775,0.14592511841748002,0.14592511841842856,0.14592511841748002,0.14592511841714775,0.14592511841729872,0.14592511841842856,0.1459251184240349,0.14592511841842856,0.14592511841729872,0.14592511841714775,0.14592511841748002,0.14592511841842856,0.14592511841748002,0.14592511841714775,0.14592511841710162,0.14592511841714775,0.14592511841729872,0.14592511841714775,0.14592511841710162,0.14473660980626216,0.14473660980750983,0.14473660980889086,0.14473660980750983,0.14473660980626216,0.14473660980750983,0.14473660981031275,0.14473660981505843,0.14473660981031275,0.14473660980750983,0.14473660980889086,0.14473660981505843,0.14473660983614753,0.14473660981505843,0.14473660980889086,0.14473660980750983,0.14473660981031275,0.14473660981505843,0.14473660981031275,0.14473660980750983,0.14473660980626216,0.14473660980750983,0.14473660980889086,0.14473660980750983,0.14473660980626216,0.14357153086653074,0.14357153086854216,0.14357153087068483,0.14357153086854216,0.14357153086653074,0.14357153086854216,0.1435715308728691,0.1435715308798659,0.1435715308728691,0.14357153086854216,0.14357153087068483,0.1435715308798659,0.14357153090961097,0.1435715308798659,0.14357153087068483,0.14357153086854216,0.1435715308728691,0.1435715308798659,0.1435715308728691,0.14357153086854216,0.14357153086653074,0.14357153086854216,0.14357153087068483,0.14357153086854216,0.14357153086653074,0.142429364547455,0.14242936454979144,0.14242936455225486,0.14242936454979144,0.142429364547455,0.14242936454979144,0.14242936455475455,0.14242936456275582,0.14242936455475455,0.14242936454979144,0.14242936455225486,0.14242936456275582,0.14242936459711647,0.14242936456275582,0.14242936455225486,0.14242936454979144,0.14242936455475455,0.14242936456275582,0.14242936455475455,0.14242936454979144,0.142429364547455,0.14242936454979144,0.14242936455225486,0.14242936454979144,0.142429364547455,0.14130960282620544,0.141309602828442,0.14130960283073202,0.141309602828442,0.14130960282620544,0.141309602828442,0.14130960283303387,0.14130960284020821,0.14130960283303387,0.141309602828442,0.14130960283073202,0.14130960284020821,0.14130960287033276,0.14130960284020821,0.14130960283073202,0.141309602828442,0.14130960283303387,0.14130960284020821,0.14130960283303387,0.141309602828442,0.14130960282620544,0.141309602828442,0.14130960283073202,0.141309602828442,0.14130960282620544,0.14021174687647026,0.14021174687842966,0.140211746880286,0.14021174687842966,0.14021174687647026,0.14021174687842966,0.14021174688211122,0.1402117468872642,0.14021174688211122,0.14021174687842966,0.140211746880286,0.1402117468872642,0.1402117469070064,0.1402117468872642,0.140211746880286,0.14021174687842966,0.14021174688211122,0.1402117468872642,0.14021174688211122,0.14021174687842966,0.14021174687647026,0.14021174687842966,0.140211746880286,0.14021174687842966,0.14021174687647026,0.13913530719708245,0.13913530719911354,0.13913530720085532,0.13913530719911354,0.13913530719708245,0.13913530719911354,0.13913530720253242,0.13913530720616962,0.13913530720253242,0.13913530719911354,0.13913530720085532,0.13913530720616962,0.13913530721370002,0.13913530720616962,0.13913530720085532,0.13913530719911354,0.13913530720253242,0.13913530720616962,0.13913530720253242,0.13913530719911354,0.13913530719708245,0.13913530719911354,0.13913530720085532,0.13913530719911354,0.13913530719708245,0.13807980370414444,0.13807980370721226,0.13807980371018022,0.13807980370721226,0.13807980370414444,0.13807980370721226,0.13807980371314832,0.138079803720926,0.13807980371314832,0.13807980370721226,0.13807980371018022,0.138079803720926,0.138079803742002,0.138079803720926,0.13807980371018022,0.13807980370721226,0.13807980371314832,0.138079803720926,0.13807980371314832,0.13807980370721226,0.13807980370414444,0.13807980370721226,0.13807980371018022,0.13807980370721226,0.13807980370414444,0.13704476579059235,0.13704476579502087,0.13704476580029087,0.13704476579502087,0.13704476579059235,0.13704476579502087,0.1370447658057307,0.13704476582689923,0.1370447658057307,0.13704476579502087,0.13704476580029087,0.13704476582689923,0.13704476594330625,0.13704476582689923,0.13704476580029087,0.13704476579502087,0.1370447658057307,0.13704476582689923,0.1370447658057307,0.13704476579502087,0.13704476579059235,0.13704476579502087,0.13704476580029087,0.13704476579502087,0.13704476579059235,0.13602973235925045,0.13602973236227892,0.13602973236522065,0.13602973236227892,0.13602973235925045,0.13602973236227892,0.13602973236816146,0.13602973237596852,0.13602973236816146,0.13602973236227892,0.13602973236522065,0.13602973237596852,0.1360297323975211,0.13602973237596852,0.13602973236522065,0.13602973236227892,0.13602973236816146,0.13602973237596852,0.13602973236816146,0.13602973236227892,0.13602973235925045,0.13602973236227892,0.13602973236522065,0.13602973236227892,0.13602973235925045,0.13503425183486414,0.13503425183674772,0.1350342518382965,0.13503425183674772,0.13503425183486414,0.13503425183674772,0.13503425183976242,0.13503425184273823,0.13503425183976256,0.13503425183674772,0.1350342518382965,0.13503425184273823,0.13503425184812948,0.13503425184273823,0.1350342518382965,0.13503425183674772,0.13503425183976256,0.13503425184273823,0.13503425183976256,0.13503425183674772,0.13503425183486414,0.13503425183674772,0.1350342518382965,0.13503425183674772,0.13503425183486414
0.1653324878703138,0.16533248787031354,0.1653324878703133,0.16533248787031354,0.1653324878703138,0.16533248787031354,0.16533248787031307,0.16533248787031307,0.16533248787031307,0.16533248787031354,0.1653324878703133,0.16533248787031307,0.16533248787031282,0.16533248787031307,0.1653324878703133,0.16533248787031354,0.16533248787031307,0.16533248787031307,0.16533248787031307,0.16533248787031354,0.1653324878703138,0.16533248787031354,0.1653324878703133,0.16533248787031354,0.1653324878703138,0.16375749414982765,0.16375749414982693,0.16375749414982646,0.16375749414982693,0.16375749414982765,0.16375749414982693,0.16375749414982602,0.16375749414982554,0.16375749414982602,0.16375749414982693,0.16375749414982646,0.16375749414982554,0.1637574941498251,0.16375749414982554,0.16375749414982646,0.16375749414982693,0.16375749414982602,0.16375749414982554,0.16375749414982602,0.16375749414982693,0.16375749414982765,0.16375749414982693,0.16375749414982646,0.16375749414982693,0.16375749414982765,0.1622138843612707,0.16221388436126846,0.1622138843612671,0.16221388436126846,0.1622138843612707,0.16221388436126846,0.1622138843612662,0.1622138843612646,0.1622138843612662,0.16221388436126846,0.1622138843612671,0.1622138843612646,0.162213884361263,0.1622138843612646,0.1622138843612671,0.16221388436126846,0.1622138843612662,0.1622138843612646,0.1622138843612662,0.16221388436126846,0.1622138843612707,0.16221388436126846,0.1622138843612671,0.16221388436126846,0.1622138843612707,0.16070106746168666,0.16070106746167975,0.16070106746167556,0.16070106746167975,0.16070106746168666,0.16070106746167975,0.16070106746167243,0.16070106746166757,0.16070106746167243,0.16070106746167975,0.16070106746167556,0.16070106746166757,0.1607010674616622,0.16070106746166757,0.16070106746167556,0.16070106746167975,0.16070106746167243,0.16070106746166757,0.16070106746167243,0.16070106746167975,0.16070106746168666,0.16070106746167975,0.16070106746167556,0.16070106746167975,0.16070106746168666,0.15921845182606267,0.15921845182604244,0.15921845182602917,0.15921845182604244,0.15921845182606267,0.15921845182604244,0.15921845182601915,0.1592184518260035,0.15921845182601915,0.15921845182604244,0.15921845182602917,0.1592184518260035,0.15921845182598626,0.1592184518260035,0.15921845182602917,0.15921845182604244,0.15921845182601915,0.1592184518260035,0.15921845182601915,0.15921845182604244,0.15921845182606267,0.15921845182604244,0.15921845182602917,0.15921845182604244,0.15921845182606267,0.1577654465991937,0.15776544659913438,0.1577654465990947,0.15776544659913438,0.1577654465991937,0.15776544659913438,0.1577654465990627,0.15776544659901298,0.1577654465990627,0.15776544659913438,0.1577654465990947,0.15776544659901298,0.15776544659895492,0.15776544659901298,0.1577654465990947,0.15776544659913438,0.1577654465990627,0.15776544659901298,0.1577654465990627,0.15776544659913438,0.1577654465991937,0.15776544659913438,0.1577654465990947,0.15776544659913438,0.1577654465991937,0.15634146291004028,0.15634146290987153,0.1563414629097538,0.15634146290987153,0.15634146291004028,0.15634146290987153,0.15634146290965364,0.15634146290949136,0.15634146290965364,0.15634146290987153,0.1563414629097538,0.15634146290949136,0.1563414629092856,0.15634146290949136,0.1563414629097538,0.15634146290987153,0.15634146290965364,0.15634146290949136,0.15634146290965364,0.15634146290987153,0.15634146291004028,0.15634146290987153,0.1563414629097538,0.15634146290987153,0.15634146291004028,0.1549459149588818,0.15494591495842416,0.15494591495808277,0.15494591495842416,0.1549459149588818,0.15494591495842416,0.154945914957776,0.15494591495723456,0.154945914957776,0.15494591495842416,0.15494591495808277,0.15494591495723456,0.15494591495644494,0.15494591495723456,0.15494591495808277,0.15494591495842416,0.154945914957776,0.15494591495723456,0.154945914957776,0.15494591495842416,0.1549459149588818,0.15494591495842416,0.15494591495808277,0.15494591495842416,0.1549459149588818,0.15357822098705007,0.15357822098590126,0.15357822098495308,0.15357822098590126,0.15357822098705007,0.15357822098590126,0.15357822098405471,0.1535782209822178,0.15357822098405471,0.15357822098590126,0.15357822098495308,0.1535782209822178,0.1535782209788593,0.1535782209822178,0.15357822098495308,0.15357822098590126,0.15357822098405471,0.1535782209822178,0.15357822098405471,0.15357822098590126,0.15357822098705007,0.15357822098590126,0.15357822098495308,0.15357822098590126,0.15357822098705007,0.15223780413849838,0.15223780413597254,0.15223780413357052,0.15223780413597254,0.15223780413849838,0.15223780413597254,0.15223780413118304,0.152237804125058,0.15223780413118304,0.15223780413597254,0.15223780413357052,0.152237804125058,0.15223780410891027,0.152237804125058,0.15223780413357052,0.15223780413597254,0.15223780413118304,0.152237804125058,0.15223780413118304,0.15223780413597254,0.15223780413849838,0.15223780413597254,0.15223780413357052,0.15223780413597254,0.15223780413849838,0.15092409322170972,0.1509240932173837,0.15092409321251282,0.1509240932173837,0.15092409322170972,0.1509240932173837,0.1509240932075141,0.15092409318976352,0.1509240932075141,0.1509240932173837,0.15092409321251282,0.15092409318976352,0.15092409310183022,0.15092409318976352,0.15092409321251282,0.1509240932173837,0.1509240932075141,0.15092409318976352,0.1509240932075141,0.1509240932173837,0.15092409322170972,0.1509240932173837,0.15092409321251282,0.1509240932173837,0.15092409322170972,0.1496365233787593,0.14963652337442776,0.14963652336973376,0.14963652337442776,0.1496365233787593,0.14963652337442776,0.1496365233649329,0.14963652334922553,0.1496365233649329,0.14963652337442776,0.14963652336973376,0.14963652334922553,0.14963652328134974,0.14963652334922553,0.14963652336973376,0.14963652337442776,0.1496365233649329,0.14963652334922553,0.1496365233649329,0.14963652337442776,0.1496365233787593,0.14963652337442776,0.14963652336973376,0.14963652337442776,0.1496365233787593,0.14837453666616754,0.14837453666306344,0.14837453665985242,0.14837453666306344,0.14837453666616754,0.14837453666306344,0.14837453665659933,0.14837453664661207,0.14837453665659933,0.14837453666306344,0.14837453665985242,0.14837453664661207,0.14837453660632507,0.14837453664661207,0.14837453665985242,0.14837453666306344,0.14837453665659933,0.14837453664661207,0.14837453665659933,0.14837453666306344,0.14837453666616754,0.14837453666306344,0.14837453665985242,0.14837453666306344,0.14837453666616754,0.14713758256434536,0.14713758256285978,0.14713758256140597,0.14713758256285978,0.14713758256434536,0.14713758256285978,0.14713758255995635,0.14713758255579185,0.14713758255995635,0.14713758256285978,0.14713758256140597,0.14713758255579185,0.14713758254006817,0.14713758255579185,0.14713758256140597,0.14713758256285978,0.14713758255995635,0.14713758255579185,0.14713758255995635,0.14713758256285978,0.14713758256434536,0.14713758256285978,0.14713758256140597,0.14713758256285978,0.14713758256434536,0.1459251184171292,0.14592511841718034,0.14592511841733702,0.14592511841718034,0.1459251184171292,0.14592511841718034,0.14592511841752365,0.14592511841849018,0.14592511841752365,0.14592511841718034,0.14592511841733702,0.14592511841849018,0.14592511842418626,0.14592511841849018,0.14592511841733702,0.14592511841718034,0.14592511841752365,0.14592511841849018,0.14592511841752365,0.14592511841718034,0.1459251184171292,0.14592511841718034,0.14592511841733702,0.14592511841718034,0.1459251184171292,0.14473660980619615,0.14473660980744682,0.144736609808831,0.14473660980744682,0.14473660980619615,0.14473660980744682,0.14473660981025638,0.1447366098150132,0.14473660981025638,0.14473660980744682,0.144736609808831,0.1447366098150132,0.1447366098361547,0.1447366098150132,0.144736609808831,0.14473660980744682,0.14473660981025638,0.1447366098150132,0.14473660981025638,0.14473660980744682,0.14473660980619615,0.14473660980744682,0.144736609808831,0.14473660980744682,0.14473660980619615,0.14357153086636407,0.14357153086837499,0.14357153087051733,0.14357153086837499,0.14357153086636407,0.14357153086837499,0.14357153087270141,0.14357153087969857,0.14357153087270141,0.14357153086837499,0.14357153087051733,0.14357153087969857,0.14357153090945218,0.14357153087969857,0.14357153087051733,0.14357153086837499,0.14357153087270141,0.14357153087969857,0.14357153087270141,0.14357153086837499,0.14357153086636407,0.14357153086837499,0.14357153087051733,0.14357153086837499,0.14357153086636407,0.1424293645471869,0.14242936454951885,0.14242936455197758,0.14242936454951885,0.1424293645471869,0.14242936454951885,0.14242936455447255,0.1424293645624614,0.14242936455447255,0.14242936454951885,0.14242936455197758,0.1424293645624614,0.1424293645968224,0.1424293645624614,0.14242936455197758,0.14242936454951885,0.14242936455447255,0.1424293645624614,0.14242936455447255,0.14242936454951885,0.1424293645471869,0.14242936454951885,0.14242936455197758,0.14242936454951885,0.1424293645471869,0.14130960282584426,0.14130960282807178,0.14130960283035143,0.14130960282807178,0.14130960282584426,0.14130960282807178,0.1413096028326428,0.14130960283978058,0.1413096028326428,0.14130960282807178,0.14130960283035143,0.14130960283978058,0.1413096028697428,0.14130960283978058,0.14130960283035143,0.14130960282807178,0.1413096028326428,0.14130960283978058,0.1413096028326428,0.14130960282807178,0.14130960282584426,0.14130960282807178,0.14130960283035143,0.14130960282807178,0.14130960282584426,0.14021174687603344,0.14021174687798266,0.14021174687982804,0.14021174687798266,0.14021174687603344,0.14021174687798266,0.14021174688164215,0.1402117468867566,0.14021174688164215,0.14021174687798266,0.14021174687982804,0.1402117468867566,0.14021174690628704,0.1402117468867566,0.14021174687982804,0.14021174687798266,0.14021174688164215,0.1402117468867566,0.14021174688164215,0.14021174687798266,0.14021174687603344,0.14021174687798266,0.14021174687982804,0.14021174687798266,0.14021174687603344,0.1391353071965893,0.13913530719861267,0.13913530720034747,0.13913530719861267,0.1391353071965893,0.13913530719861267,0.1391353072020176,0.13913530720563805,0.1391353072020176,0.13913530719861267,0.13913530720034747,0.13913530720563805,0.13913530721312845,0.13913530720563805,0.13913530720034747,0.13913530719861267,0.1391353072020176,0.13913530720563805,0.1391353072020176,0.13913530719861267,0.1391353071965893,0.13913530719861267,0.13913530720034747,0.13913530719861267,0.1391353071965893,0.1380798037036102,0.1380798037066704,0.13807980370963122,0.1380798037066704,0.1380798037036102,0.1380798037066704,0.13807980371259232,0.13807980372035247,0.13807980371259232,0.1380798037066704,0.13807980370963122,0.13807980372035247,0.13807980374138354,0.13807980372035247,0.13807980370963122,0.1380798037066704,0.13807980371259232,0.13807980372035247,0.13807980371259232,0.1380798037066704,0.1380798037036102,0.1380798037066704,0.13807980370963122,0.1380798037066704,0.1380798037036102,0.13704476579003166,0.13704476579445116,0.13704476579971067,0.13704476579445116,0.13704476579003166,0.13704476579445116,0.13704476580513972,0.13704476582626765,0.13704476580513972,0.13704476579445116,0.13704476579971067,0.13704476582626765,0.1370447659424749,0.13704476582626765,0.13704476579971053,0.13704476579445116,0.13704476580513972,0.13704476582626765,0.13704476580513972,0.13704476579445116,0.13704476579003166,0.13704476579445116,0.13704476579971053,0.13704476579445116,0.13704476579003166,0.13602973235868143,0.13602973236170396,0.1360297323646399,0.13602973236170396,0.13602973235868143,0.13602973236170396,0.13602973236757504,0.13602973237536717,0.13602973236757504,0.13602973236170396,0.1360297323646399,0.13602973237536717,0.13602973239687877,0.13602973237536717,0.1360297323646399,0.13602973236170396,0.13602973236757504,0.13602973237536717,0.13602973236757504,0.13602973236170396,0.13602973235868143,0.13602973236170396,0.1360297323646399,0.13602973236170396,0.13602973235868143,0.13503425183429865,0.13503425183617854,0.1350342518377244,0.13503425183617854,0.13503425183429865,0.13503425183617854,0.13503425183918757,0.13503425184215753,0.13503425183918757,0.13503425183617854,0.1350342518377244,0.13503425184215753,0.13503425184753856,0.13503425184215753,0.1350342518377244,0.13503425183617854,0.13503425183918757,0.13503425184215753,0.13503425183918757,0.13503425183617854,0.13503425183429865,0.13503425183617854,0.1350342518377244,0.13503425183617854,0.1350342518342988
0.16533248787066895,0.16533248787066868,0.16533248787066848,0.16533248787066868,0.16533248787066895,0.16533248787066868,0.16533248787066823,0.165332487870668,0.16533248787066823,0.16533248787066868,0.16533248787066848,0.165332487870668,0.165332487870668,0.165332487870668,0.16533248787066848,0.16533248787066868,0.16533248787066823,0.165332487870668,0.16533248787066823,0.16533248787066868,0.16533248787066895,0.16533248787066868,0.16533248787066848,0.16533248787066868,0.16533248787066895,0.1637574941501757,0.16375749415017501,0.16375749415017457,0.16375749415017501,0.1637574941501757,0.16375749415017501,0.1637574941501741,0.16375749415017365,0.1637574941501741,0.16375749415017501,0.16375749415017457,0.16375749415017365,0.16375749415017318,0.16375749415017365,0.16375749415017457,0.16375749415017501,0.1637574941501741,0.16375749415017365,0.1637574941501741,0.16375749415017501,0.1637574941501757,0.16375749415017501,0.16375749415017457,0.16375749415017501,0.1637574941501757,0.16221388436161188,0.1622138843616096,0.16221388436160822,0.1622138843616096,0.16221388436161188,0.1622138843616096,0.16221388436160714,0.16221388436160575,0.16221388436160714,0.1622138843616096,0.16221388436160822,0.16221388436160575,0.16221388436160392,0.16221388436160575,0.16221388436160822,0.1622138843616096,0.16221388436160714,0.16221388436160575,0.16221388436160714,0.1622138843616096,0.16221388436161188,0.1622138843616096,0.16221388436160822,0.1622138843616096,0.16221388436161188,0.16070106746202079,0.1607010674620141,0.16070106746200966,0.1607010674620141,0.16070106746202079,0.1607010674620141,0.16070106746200655,0.16070106746200166,0.16070106746200655,0.1607010674620141,0.16070106746200966,0.16070106746200166,0.16070106746199633,0.16070106746200166,0.16070106746200966,0.1607010674620141,0.16070106746200655,0.16070106746200166,0.16070106746200655,0.1607010674620141,0.16070106746202079,0.1607010674620141,0.16070106746200966,0.1607010674620141,0.16070106746202079,0.15921845182639013,0.1592184518263699,0.1592184518263566,0.1592184518263699,0.15921845182639013,0.1592184518263699,0.15921845182634659,0.1592184518263309,0.15921845182634659,0.1592184518263699,0.1592184518263566,0.1592184518263309,0.15921845182631394,0.1592184518263309,0.1592184518263566,0.1592184518263699,0.15921845182634659,0.1592184518263309,0.15921845182634659,0.1592184518263699,0.15921845182639013,0.1592184518263699,0.1592184518263566,0.1592184518263699,0.15921845182639013,0.1577654465995144,0.1577654465994551,0.1577654465994156,0.1577654465994551,0.1577654465995144,0.1577654465994551,0.1577654465993836,0.1577654465993339,0.1577654465993836,0.1577654465994551,0.1577654465994156,0.1577654465993339,0.15776544659927605,0.1577654465993339,0.1577654465994156,0.1577654465994551,0.1577654465993836,0.1577654465993339,0.1577654465993836,0.1577654465994551,0.1577654465995144,0.1577654465994551,0.1577654465994156,0.1577654465994551,0.1577654465995144,0.15634146291035414,0.15634146291018558,0.15634146291006829,0.15634146291018558,0.15634146291035414,0.15634146291018558,0.15634146290996812,0.15634146290980605,0.15634146290996812,0.15634146291018558,0.15634146291006829,0.15634146290980605,0.15634146290960074,0.15634146290980605,0.15634146291006829,0.15634146291018558,0.15634146290996812,0.15634146290980605,0.15634146290996812,0.15634146291018558,0.15634146291035414,0.15634146291018558,0.15634146291006829,0.15634146291018558,0.15634146291035414,0.15494591495918839,0.15494591495873158,0.15494591495839075,0.15494591495873158,0.15494591495918839,0.15494591495873158,0.15494591495808438,0.15494591495754378,0.15494591495808438,0.15494591495873158,0.15494591495839075,0.15494591495754378,0.1549459149567556,0.15494591495754378,0.15494591495839075,0.15494591495873158,0.15494591495808438,0.15494591495754378,0.15494591495808438,0.15494591495873158,0.15494591495918839,0.15494591495873158,0.15494591495839075,0.15494591495873158,0.15494591495918839,0.15357822098734794,0.1535782209862011,0.15357822098525434,0.1535782209862011,0.15357822098734794,0.1535782209862011,0.15357822098435758,0.15357822098252347,0.15357822098435758,0.1535782209862011,0.15357822098525434,0.15357822098252347,0.1535782209791702,0.15357822098252347,0.15357822098525434,0.1535782209862011,0.15357822098435758,0.15357822098252347,0.15357822098435758,0.1535782209862011,0.15357822098734794,0.1535782209862011,0.15357822098525434,0.1535782209862011,0.15357822098734794,0.15223780413878402,0.15223780413626212,0.15223780413386404,0.15223780413626212,0.15223780413878402,0.15223780413626212,0.15223780413148047,0.15223780412536508,0.15223780413148047,0.15223780413626212,0.15223780413386404,0.15223780412536508,0.15223780410924312,0.15223780412536508,0.15223780413386404,0.15223780413626212,0.15223780413148047,0.15223780412536508,0.15223780413148047,0.15223780413626212,0.15223780413878402,0.15223780413626212,0.15223780413386404,0.15223780413626212,0.15223780413878402,0.15092409322197423,0.15092409321765532,0.15092409321279257,0.15092409321765532,0.15092409322197423,0.15092409321765532,0.15092409320780173,0.1509240931900797,0.15092409320780173,0.15092409321765532,0.15092409321279257,0.1509240931900797,0.15092409310228902,0.1509240931900797,0.15092409321279257,0.15092409321765532,0.15092409320780173,0.1509240931900797,0.15092409320780173,0.15092409321765532,0.15092409322197423,0.15092409321765532,0.15092409321279257,0.15092409321765532,0.15092409322197423,0.14963652337898792,0.14963652337466393,0.14963652336997807,0.14963652337466393,0.14963652337898792,0.14963652337466393,0.14963652336518535,0.14963652334950386,0.14963652336518535,0.14963652337466393,0.14963652336997807,0.14963652334950386,0.14963652328172186,0.14963652334950386,0.14963652336997807,0.14963652337466393,0.14963652336518535,0.14963652334950386,0.14963652336518535,0.14963652337466393,0.14963652337898792,0.14963652337466393,0.14963652336997807,0.14963652337466393,0.14963652337898792,0.14837453666634381,0.14837453666324674,0.14837453666004277,0.14837453666324674,0.14837453666634381,0.14837453666324674,0.14837453665679667,0.14837453664683078,0.14837453665679667,0.14837453666324674,0.14837453666004277,0.14837453664683078,0.14837453660663047,0.14837453664683078,0.14837453666004277,0.14837453666324674,0.14837453665679667,0.14837453664683078,0.14837453665679667,0.14837453666324674,0.14837453666634381,0.14837453666324674,0.14837453666004277,0.14837453666324674,0.14837453666634381,0.14713758256445417,0.14713758256297477,0.1471375825615273,0.14713758256297477,0.14713758256445417,0.14713758256297477,0.14713758256008386,0.14713758255593862,0.14713758256008386,0.14713758256297477,0.1471375825615273,0.14713758255593862,0.14713758254028542,0.14713758255593862,0.1471375825615273,0.14713758256297477,0.14713758256008386,0.14713758255593862,0.14713758256008386,0.14713758256297477,0.14713758256445417,0.14713758256297477,0.1471375825615273,0.14713758256297477,0.14713758256445417,0.14592511841715664,0.14592511841721292,0.14592511841737477,0.14592511841721292,0.14592511841715664,0.14592511841721292,0.14592511841756708,0.14592511841855124,0.14592511841756708,0.14592511841721292,0.14592511841737477,0.14592511841855124,0.145925118424328,0.14592511841855124,0.14592511841737477,0.14592511841721292,0.14592511841756708,0.14592511841855124,0.14592511841756708,0.14592511841721292,0.14592511841715664,0.14592511841721292,0.14592511841737477,0.14592511841721292,0.14592511841715664,0.1447366098061307,0.14473660980738434,0.14473660980877165,0.14473660980738434,0.1447366098061307,0.14473660980738434,0.14473660981020034,0.14473660981496833,0.14473660981020034,0.14473660980738434,0.14473660980877165,0.14473660981496833,0.14473660983617162,0.14473660981496833,0.14473660980877165,0.14473660980738434,0.14473660981020034,0.14473660981496833,0.14473660981020034,0.14473660980738434,0.1447366098061307,0.14473660980738434,0.14473660980877165,0.14473660980738434,0.1447366098061307,0.14357153086619842,0.14357153086820884,0.14357153087035102,0.14357153086820884,0.14357153086619842,0.14357153086820884,0.14357153087253507,0.14357153087953256,0.14357153087253507,0.14357153086820884,0.14357153087035102,0.14357153087953256,0.14357153090929253,0.14357153087953256,0.14357153087035102,0.14357153086820884,0.14357153087253507,0.14357153087953256,0.14357153087253507,0.14357153086820884,0.14357153086619842,0.14357153086820884,0.14357153087035102,0.14357153086820884,0.14357153086619842,0.1424293645469207,0.14242936454924793,0.14242936455170213,0.14242936454924793,0.1424293645469207,0.14242936454924793,0.14242936455419275,0.142429364562169,0.14242936455419275,0.14242936454924793,0.14242936455170213,0.142429364562169,0.14242936459645048,0.142429364562169,0.14242936455170213,0.14242936454924793,0.14242936455419275,0.142429364562169,0.14242936455419275,0.14242936454924793,0.1424293645469207,0.14242936454924793,0.14242936455170213,0.14242936454924793,0.1424293645469207,0.14130960282548555,0.14130960282770386,0.14130960282997332,0.14130960282770386,0.14130960282548555,0.14130960282770386,0.1413096028322543,0.14130960283935579,0.1413096028322543,0.14130960282770386,0.14130960282997332,0.14130960283935579,0.1413096028691563,0.14130960283935579,0.14130960282997332,0.14130960282770386,0.1413096028322543,0.14130960283935579,0.1413096028322543,0.14130960282770386,0.14130960282548555,0.14130960282770386,0.14130960282997332,0.14130960282770386,0.14130960282548555,0.1402117468755995,0.14021174687753873,0.14021174687937316,0.14021174687753873,0.1402117468755995,0.14021174687753873,0.1402117468811761,0.14021174688625238,0.1402117468811761,0.14021174687753873,0.14021174687937316,0.14021174688625238,0.14021174690558788,0.14021174688625238,0.14021174687937316,0.14021174687753873,0.1402117468811761,0.14021174688625238,0.1402117468811761,0.14021174687753873,0.1402117468755995,0.14021174687753873,0.14021174687937316,0.14021174687753873,0.1402117468755995,0.13913530719609962,0.13913530719811523,0.13913530719984296,0.13913530719811523,0.13913530719609962,0.13913530719811523,0.13913530720150627,0.1391353072051101,0.13913530720150627,0.13913530719811523,0.13913530719984296,0.1391353072051101,0.1391353072125605,0.1391353072051101,0.13913530719984296,0.13913530719811523,0.13913530720150627,0.1391353072051101,0.13913530720150627,0.13913530719811523,0.13913530719609962,0.13913530719811523,0.13913530719984296,0.13913530719811523,0.13913530719609962,0.13807980370307948,0.13807980370613224,0.13807980370908593,0.13807980370613224,0.13807980370307948,0.13807980370613224,0.1380798037120401,0.13807980371978285,0.1380798037120401,0.13807980370613224,0.13807980370908593,0.13807980371978285,0.13807980374076925,0.13807980371978285,0.13807980370908593,0.13807980370613224,0.1380798037120401,0.13807980371978285,0.1380798037120401,0.13807980370613224,0.13807980370307948,0.13807980370613224,0.13807980370908593,0.13807980370613224,0.13807980370307948,0.13704476578947475,0.13704476579388528,0.13704476579913444,0.13704476579388528,0.13704476578947475,0.13704476579388528,0.13704476580455283,0.13704476582564032,0.13704476580455283,0.13704476579388528,0.13704476579913444,0.13704476582564032,0.13704476594161602,0.13704476582564032,0.13704476579913444,0.13704476579388528,0.13704476580455283,0.13704476582564032,0.13704476580455283,0.13704476579388528,0.13704476578947475,0.13704476579388528,0.13704476579913444,0.13704476579388528,0.13704476578947475,0.13602973235811636,0.13602973236113292,0.13602973236406313,0.13602973236113292,0.13602973235811636,0.13602973236113292,0.13602973236699278,0.13602973237477,0.13602973236699265,0.13602973236113292,0.13602973236406313,0.13602973237477,0.13602973239624103,0.13602973237477,0.13602973236406313,0.13602973236113292,0.13602973236699265,0.13602973237477,0.13602973236699278,0.13602973236113292,0.13602973235811636,0.13602973236113292,0.13602973236406313,0.13602973236113292,0.13602973235811636,0.1350342518337371,0.13503425183561335,0.13503425183715628,0.13503425183561335,0.1350342518337371,0.13503425183561335,0.1350342518386165,0.1350342518415809,0.1350342518386165,0.13503425183561335,0.13503425183715628,0.1350342518415809,0.1350342518469518,0.1350342518415809,0.13503425183715628,0.13503425183561335,0.1350342518386165,0.1350342518415809,0.1350342518386165,0.13503425183561335,0.1350342518337371,0.13503425183561335,0.13503425183715628,0.13503425183561335,0.13503425183373724
0.16533248787102175,0.1653324878710215,0.16533248787102126,0.1653324878710215,0.16533248787102175,0.1653324878710215,0.16533248787102126,0.16533248787102103,0.16533248787102126,0.1653324878710215,0.16533248787102126,0.16533248787102103,0.1653324878710208,0.16533248787102103,0.16533248787102126,0.1653324878710215,0.16533248787102126,0.16533248787102103,0.16533248787102126,0.1653324878710215,0.16533248787102175,0.1653324878710215,0.16533248787102126,0.1653324878710215,0.16533248787102175,0.16375749415052152,0.1637574941505208,0.16375749415052032,0.1637574941505208,0.16375749415052152,0.1637574941505208,0.16375749415051985,0.1637574941505194,0.16375749415051985,0.1637574941505208,0.16375749415052032,0.1637574941505194,0.16375749415051893,0.1637574941505194,0.16375749415052032,0.1637574941505208,0.16375749415051985,0.1637574941505194,0.16375749415051985,0.1637574941505208,0.16375749415052152,0.1637574941505208,0.16375749415052032,0.1637574941505208,0.16375749415052152,0.16221388436195075,0.16221388436194847,0.1622138843619471,0.16221388436194847,0.16221388436195075,0.16221388436194847,0.162213884361946,0.16221388436194462,0.162213884361946,0.16221388436194847,0.1622138843619471,0.16221388436194462,0.16221388436194303,0.16221388436194462,0.1622138843619471,0.16221388436194847,0.162213884361946,0.16221388436194462,0.162213884361946,0.16221388436194847,0.16221388436195075,0.16221388436194847,0.1622138843619471,0.16221388436194847,0.16221388436195075,0.16070106746235288,0.160701067462346,0.1607010674623418,0.160701067462346,0.16070106746235288,0.160701067462346,0.1607010674623387,0.16070106746233379,0.1607010674623387,0.160701067462346,0.1607010674623418,0.16070106746233379,0.16070106746232846,0.16070106746233379,0.1607010674623418,0.160701067462346,0.1607010674623387,0.16070106746233379,0.1607010674623387,0.160701067462346,0.16070106746235288,0.160701067462346,0.1607010674623418,0.160701067462346,0.16070106746235288,0.1592184518267154,0.15921845182669517,0.1592184518266821,0.15921845182669517,0.1592184518267154,0.15921845182669517,0.15921845182667188,0.1592184518266564,0.15921845182667188,0.15921845182669517,0.1592184518266821,0.1592184518266564,0.1592184518266392,0.1592184518266564,0.1592184518266821,0.15921845182669517,0.15921845182667188,0.1592184518266564,0.15921845182667188,0.15921845182669517,0.1592184518267154,0.15921845182669517,0.1592184518266821,0.15921845182669517,0.1592184518267154,0.1577654465998332,0.15776544659977385,0.15776544659973438,0.15776544659977385,0.1577654465998332,0.15776544659977385,0.15776544659970235,0.1577654465996529,0.15776544659970235,0.15776544659977385,0.15776544659973438,0.1577654465996529,0.15776544659959504,0.1577654465996529,0.15776544659973438,0.15776544659977385,0.15776544659970235,0.1577654465996529,0.15776544659970235,0.15776544659977385,0.1577654465998332,0.15776544659977385,0.15776544659973438,0.15776544659977385,0.1577654465998332,0.15634146291066614,0.1563414629104978,0.15634146291038048,0.1563414629104978,0.15634146291066614,0.1563414629104978,0.15634146291028053,0.15634146291011888,0.15634146291028053,0.1563414629104978,0.15634146291038048,0.15634146291011888,0.15634146290991377,0.15634146291011888,0.15634146291038048,0.1563414629104978,0.15634146291028053,0.15634146291011888,0.15634146291028053,0.1563414629104978,0.15634146291066614,0.1563414629104978,0.15634146291038048,0.1563414629104978,0.15634146291066614,0.1549459149594931,0.15494591495903692,0.15494591495869672,0.15494591495903692,0.1549459149594931,0.15494591495903692,0.15494591495839075,0.15494591495785098,0.15494591495839075,0.15494591495903692,0.15494591495869672,0.15494591495785098,0.15494591495706403,0.15494591495785098,0.15494591495869672,0.15494591495903692,0.15494591495839075,0.15494591495785098,0.15494591495839075,0.15494591495903692,0.1549459149594931,0.15494591495903692,0.15494591495869672,0.15494591495903692,0.1549459149594931,0.15357822098764398,0.15357822098649895,0.1535782209855538,0.15357822098649895,0.15357822098764398,0.15357822098649895,0.15357822098465823,0.15357822098282717,0.15357822098465823,0.15357822098649895,0.1535782209855538,0.15357822098282717,0.1535782209794793,0.15357822098282717,0.1535782209855538,0.15357822098649895,0.15357822098465823,0.15357822098282717,0.15357822098465823,0.15357822098649895,0.15357822098764398,0.15357822098649895,0.1535782209855538,0.15357822098649895,0.15357822098764398,0.15223780413906746,0.15223780413654966,0.15223780413415552,0.15223780413654966,0.15223780413906746,0.15223780413654966,0.15223780413177573,0.15223780412567017,0.15223780413177573,0.15223780413654966,0.15223780413415552,0.15223780412567017,0.15223780410957402,0.15223780412567017,0.15223780413415552,0.15223780413654966,0.15223780413177573,0.15223780412567017,0.15223780413177573,0.15223780413654966,0.15223780413906746,0.15223780413654966,0.15223780413415552,0.15223780413654966,0.15223780413906746,0.150924093222237,0.15092409321792521,0.15092409321307018,0.15092409321792521,0.150924093222237,0.15092409321792521,0.15092409320808767,0.1509240931903938,0.15092409320808767,0.15092409321792521,0.15092409321307018,0.1509240931903938,0.1509240931027279,0.1509240931903938,0.15092409321307018,0.15092409321792521,0.15092409320808767,0.1509240931903938,0.15092409320808767,0.15092409321792521,0.150924093222237,0.15092409321792521,0.15092409321307018,0.15092409321792521,0.150924093222237,0.14963652337921482,0.1496365233748986,0.14963652337022065,0.1496365233748986,0.14963652337921482,0.1496365233748986,0.14963652336543626,0.1496365233497803,0.14963652336543626,0.1496365233748986,0.14963652337022065,0.1496365233497803,0.14963652328210797,0.1496365233497803,0.14963652337022065,0.1496365233748986,0.14963652336543626,0.1496365233497803,0.14963652336543626,0.1496365233748986,0.14963652337921482,0.1496365233748986,0.14963652337022065,0.1496365233748986,0.14963652337921482,0.14837453666651854,0.14837453666342854,0.1483745366602318,0.14837453666342854,0.14837453666651854,0.14837453666342854,0.14837453665699277,0.14837453664704778,0.14837453665699277,0.14837453666342854,0.1483745366602318,0.14837453664704778,0.148374536606945,0.14837453664704778,0.1483745366602318,0.14837453666342854,0.14837453665699277,0.14837453664704778,0.14837453665699277,0.14837453666342854,0.14837453666651854,0.14837453666342854,0.1483745366602318,0.14837453666342854,0.14837453666651854,0.1471375825645619,0.14713758256308865,0.14713758256164738,0.14713758256308865,0.1471375825645619,0.14713758256308865,0.14713758256021028,0.14713758255608397,0.14713758256021028,0.14713758256308865,0.14713758256164738,0.14713758255608397,0.14713758254050177,0.14713758255608397,0.14713758256164738,0.14713758256308865,0.14713758256021028,0.14713758255608397,0.14713758256021028,0.14713758256308865,0.1471375825645619,0.14713758256308865,0.14713758256164738,0.14713758256308865,0.1471375825645619,0.14592511841718372,0.14592511841724495,0.14592511841741235,0.14592511841724495,0.14592511841718372,0.14592511841724495,0.1459251184176098,0.1459251184186116,0.1459251184176098,0.14592511841724495,0.14592511841741235,0.1459251184186116,0.1459251184244562,0.1459251184186116,0.14592511841741235,0.14592511841724495,0.1459251184176098,0.1459251184186116,0.1459251184176098,0.14592511841724495,0.14592511841718372,0.14592511841724495,0.14592511841741235,0.14592511841724495,0.14592511841718372,0.14473660980606545,0.14473660980732203,0.14473660980871247,0.14473660980732203,0.14473660980606545,0.14473660980732203,0.1447366098101443,0.1447366098149235,0.1447366098101443,0.14473660980732203,0.14473660980871247,0.1447366098149235,0.1447366098361599,0.1447366098149235,0.14473660980871247,0.14473660980732203,0.1447366098101443,0.1447366098149235,0.1447366098101443,0.14473660980732203,0.14473660980606545,0.14473660980732203,0.14473660980871247,0.14473660980732203,0.14473660980606545,0.14357153086603364,0.14357153086804372,0.1435715308701857,0.14357153086804372,0.14357153086603364,0.14357153086804372,0.14357153087236946,0.14357153087936744,0.14357153087236946,0.14357153086804372,0.1435715308701857,0.14357153087936744,0.14357153090915548,0.14357153087936744,0.1435715308701857,0.14357153086804372,0.14357153087236946,0.14357153087936744,0.14357153087236946,0.14357153086804372,0.14357153086603364,0.14357153086804372,0.1435715308701857,0.14357153086804372,0.14357153086603364,0.142429364546656,0.14242936454897867,0.14242936455142852,0.14242936454897867,0.142429364546656,0.14242936454897867,0.14242936455391444,0.14242936456187866,0.14242936455391444,0.14242936454897867,0.14242936455142852,0.14242936456187866,0.14242936459613945,0.14242936456187866,0.14242936455142852,0.14242936454897867,0.14242936455391444,0.14242936456187866,0.14242936455391444,0.14242936454897867,0.142429364546656,0.14242936454897867,0.14242936455142852,0.14242936454897867,0.142429364546656,0.141309602825129,0.14130960282733826,0.1413096028295977,0.14130960282733826,0.141309602825129,0.14130960282733826,0.14130960283186814,0.14130960283893343,0.14130960283186814,0.14130960282733826,0.1413096028295977,0.14130960283893343,0.14130960286855454,0.14130960283893343,0.1413096028295977,0.14130960282733826,0.14130960283186814,0.14130960283893343,0.14130960283186814,0.14130960282733826,0.141309602825129,0.14130960282733826,0.1413096028295977,0.14130960282733826,0.141309602825129,0.14021174687516816,0.14021174687709753,0.14021174687892116,0.14021174687709753,0.14021174687516816,0.14021174687709753,0.14021174688071283,0.14021174688575103,0.14021174688071283,0.14021174687709753,0.14021174687892116,0.14021174688575103,0.14021174690492674,0.14021174688575103,0.14021174687892116,0.14021174687709753,0.14021174688071283,0.14021174688575103,0.14021174688071283,0.14021174687709753,0.14021174687516816,0.14021174687709753,0.14021174687892116,0.14021174687709753,0.14021174687516816,0.13913530719561296,0.139135307197621,0.13913530719934156,0.139135307197621,0.13913530719561296,0.139135307197621,0.13913530720099793,0.13913530720458533,0.13913530720099793,0.139135307197621,0.13913530719934156,0.13913530720458533,0.13913530721199605,0.13913530720458533,0.13913530719934156,0.139135307197621,0.13913530720099793,0.13913530720458533,0.13913530720099793,0.139135307197621,0.13913530719561296,0.139135307197621,0.13913530719934156,0.139135307197621,0.13913530719561296,0.13807980370255216,0.13807980370559736,0.1380798037085442,0.13807980370559736,0.13807980370255216,0.13807980370559736,0.1380798037114914,0.1380798037192168,0.1380798037114914,0.13807980370559736,0.1380798037085442,0.1380798037192168,0.13807980374015902,0.1380798037192168,0.1380798037085442,0.13807980370559736,0.1380798037114914,0.1380798037192168,0.1380798037114914,0.13807980370559736,0.13807980370255216,0.13807980370559736,0.1380798037085442,0.13807980370559736,0.13807980370255216,0.13704476578892144,0.137044765793323,0.13704476579856184,0.137044765793323,0.13704476578892144,0.137044765793323,0.13704476580396976,0.1370447658250173,0.13704476580396976,0.137044765793323,0.13704476579856184,0.1370447658250173,0.1370447659407819,0.1370447658250173,0.13704476579856184,0.137044765793323,0.13704476580396976,0.1370447658250173,0.13704476580396976,0.137044765793323,0.13704476578892144,0.137044765793323,0.13704476579856184,0.137044765793323,0.13704476578892144,0.13602973235755478,0.13602973236056554,0.1360297323634901,0.13602973236056554,0.13602973235755478,0.13602973236056554,0.1360297323664141,0.13602973237417657,0.1360297323664141,0.13602973236056554,0.1360297323634901,0.13602973237417657,0.1360297323956073,0.13602973237417657,0.1360297323634901,0.13602973236056554,0.1360297323664141,0.13602973237417657,0.1360297323664141,0.13602973236056554,0.13602973235755478,0.13602973236056554,0.1360297323634901,0.13602973236056554,0.13602973235755478,0.1350342518331792,0.13503425183505177,0.13503425183659168,0.13503425183505177,0.1350342518331792,0.13503425183505177,0.13503425183804924,0.13503425184100792,0.13503425183804924,0.13503425183505177,0.13503425183659168,0.13503425184100792,0.13503425184636877,0.1350342518410081,0.13503425183659168,0.13503425183505177,0.13503425183804924,0.1350342518410081,0.13503425183804924,0.13503425183505177,0.1350342518331792,0.13503425183505177,0.13503425183659168,0.13503425183505177,0.1350342518331792
0.16533248787137267,0.1653324878713722,0.16533248787137197,0.1653324878713722,0.16533248787137267,0.1653324878713722,0.16533248787137197,0.16533248787137172,0.16533248787137197,0.1653324878713722,0.16533248787137197,0.16533248787137172,0.16533248787137148,0.16533248787137172,0.16533248787137197,0.1653324878713722,0.16533248787137197,0.16533248787137172,0.16533248787137197,0.1653324878713722,0.16533248787137267,0.1653324878713722,0.16533248787137197,0.1653324878713722,0.16533248787137267,0.16375749415086518,0.1637574941508645,0.16375749415086402,0.1637574941508645,0.16375749415086518,0.1637574941508645,0.16375749415086358,0.1637574941508631,0.16375749415086358,0.1637574941508645,0.16375749415086402,0.1637574941508631,0.16375749415086266,0.1637574941508631,0.16375749415086402,0.1637574941508645,0.16375749415086358,0.1637574941508631,0.16375749415086358,0.1637574941508645,0.16375749415086518,0.1637574941508645,0.16375749415086402,0.1637574941508645,0.16375749415086518,0.1622138843622876,0.16221388436228532,0.16221388436228396,0.16221388436228532,0.1622138843622876,0.16221388436228532,0.16221388436228285,0.16221388436228146,0.16221388436228285,0.16221388436228532,0.16221388436228396,0.16221388436228146,0.16221388436227968,0.16221388436228146,0.16221388436228396,0.16221388436228532,0.16221388436228285,0.16221388436228146,0.16221388436228285,0.16221388436228532,0.1622138843622876,0.16221388436228532,0.16221388436228396,0.16221388436228532,0.1622138843622876,0.16070106746268278,0.16070106746267615,0.1607010674626719,0.16070106746267615,0.160701067462683,0.16070106746267615,0.16070106746266857,0.1607010674626639,0.1607010674626688,0.16070106746267615,0.1607010674626719,0.1607010674626639,0.16070106746265858,0.1607010674626639,0.1607010674626719,0.16070106746267615,0.1607010674626688,0.1607010674626639,0.1607010674626688,0.16070106746267615,0.160701067462683,0.16070106746267615,0.1607010674626719,0.16070106746267615,0.160701067462683,0.15921845182703873,0.15921845182701846,0.1592184518270054,0.15921845182701846,0.15921845182703873,0.15921845182701846,0.1592184518269954,0.15921845182697994,0.1592184518269954,0.15921845182701846,0.1592184518270054,0.15921845182697994,0.15921845182696273,0.15921845182697994,0.1592184518270054,0.15921845182701846,0.1592184518269954,0.15921845182697994,0.1592184518269954,0.15921845182701846,0.15921845182703873,0.15921845182701846,0.1592184518270054,0.15921845182701846,0.15921845182703873,0.1577654466001498,0.15776544660009068,0.15776544660005123,0.15776544660009068,0.1577654466001498,0.15776544660009068,0.15776544660001923,0.15776544659996972,0.15776544660001923,0.15776544660009068,0.15776544660005123,0.15776544659996972,0.1577654465999121,0.15776544659996972,0.15776544660005123,0.15776544660009068,0.15776544660001923,0.15776544659996972,0.15776544660001923,0.15776544660009068,0.1577654466001498,0.15776544660009068,0.15776544660005123,0.15776544660009068,0.1577654466001498,0.15634146291097603,0.1563414629108081,0.156341462910691,0.1563414629108079,0.15634146291097603,0.1563414629108081,0.15634146291059126,0.15634146291042963,0.15634146291059126,0.1563414629108079,0.156341462910691,0.15634146291042963,0.1563414629102249,0.15634146291042963,0.156341462910691,0.1563414629108079,0.15634146291059126,0.15634146291042963,0.15634146291059126,0.1563414629108079,0.15634146291097603,0.1563414629108079,0.156341462910691,0.1563414629108079,0.15634146291097603,0.1549459149597958,0.15494591495934043,0.15494591495900065,0.15494591495934043,0.1549459149597958,0.15494591495934043,0.1549459149586953,0.15494591495815654,0.1549459149586953,0.15494591495934043,0.15494591495900065,0.15494591495815654,0.1549459149573708,0.15494591495815654,0.15494591495900065,0.15494591495934043,0.1549459149586953,0.15494591495815654,0.1549459149586953,0.15494591495934043,0.1549459149597958,0.15494591495934043,0.15494591495900065,0.15494591495934043,0.1549459149597958,0.1535782209879382,0.15357822098679502,0.15357822098585125,0.15357822098679502,0.1535782209879382,0.15357822098679502,0.1535782209849573,0.15357822098312923,0.1535782209849573,0.15357822098679502,0.15357822098585125,0.15357822098312923,0.15357822097978657,0.15357822098312923,0.15357822098585125,0.15357822098679502,0.1535782209849573,0.15357822098312923,0.1535782209849573,0.15357822098679502,0.1535782209879382,0.15357822098679502,0.15357822098585125,0.15357822098679502,0.1535782209879382,0.15223780413934934,0.15223780413683569,0.15223780413444526,0.15223780413683569,0.15223780413934934,0.15223780413683569,0.15223780413206942,0.1522378041259735,0.15223780413206942,0.15223780413683569,0.15223780413444526,0.1522378041259735,0.15223780410990273,0.1522378041259735,0.15223780413444526,0.15223780413683569,0.15223780413206942,0.1522378041259735,0.15223780413206942,0.15223780413683569,0.15223780413934934,0.15223780413683569,0.15223780413444526,0.15223780413683569,0.15223780413934934,0.15092409322249797,0.15092409321819336,0.15092409321334627,0.15092409321819336,0.15092409322249797,0.15092409321819336,0.1509240932083716,0.15092409319070615,0.1509240932083716,0.15092409321819336,0.15092409321334627,0.15092409319070615,0.15092409310320073,0.15092409319070615,0.15092409321334627,0.15092409321819336,0.1509240932083716,0.15092409319070615,0.1509240932083716,0.15092409321819336,0.15092409322249797,0.15092409321819336,0.15092409321334627,0.15092409321819336,0.15092409322249797,0.1496365233794402,0.1496365233751317,0.1496365233704619,0.1496365233751317,0.1496365233794402,0.1496365233751317,0.14963652336568548,0.14963652335005484,0.14963652336568548,0.1496365233751317,0.1496365233704619,0.14963652335005484,0.14963652328246838,0.14963652335005484,0.1496365233704619,0.1496365233751317,0.14963652336568548,0.14963652335005484,0.14963652336568548,0.1496365233751317,0.1496365233794402,0.1496365233751317,0.1496365233704619,0.1496365233751317,0.1496365233794402,0.1483745366666924,0.14837453666360942,0.14837453666041936,0.14837453666360942,0.1483745366666924,0.14837453666360942,0.14837453665718758,0.14837453664726333,0.14837453665718758,0.14837453666360942,0.14837453666041936,0.14837453664726333,0.14837453660722985,0.14837453664726333,0.14837453666041936,0.14837453666360942,0.14837453665718758,0.14837453664726333,0.14837453665718758,0.14837453666360942,0.1483745366666924,0.14837453666360942,0.14837453666041936,0.14837453666360942,0.1483745366666924,0.14713758256466888,0.14713758256320184,0.14713758256176673,0.14713758256320184,0.14713758256466888,0.14713758256320184,0.147137582560336,0.1471375825562282,0.147137582560336,0.14713758256320184,0.14713758256176673,0.1471375825562282,0.14713758254075066,0.1471375825562282,0.14713758256176673,0.14713758256320184,0.147137582560336,0.1471375825562282,0.147137582560336,0.14713758256320184,0.14713758256466888,0.14713758256320184,0.14713758256176673,0.14713758256320184,0.14713758256466888,0.14592511841721062,0.14592511841727668,0.14592511841744937,0.14592511841727668,0.14592511841721062,0.14592511841727668,0.1459251184176522,0.14592511841867145,0.1459251184176522,0.14592511841727668,0.14592511841744937,0.14592511841867145,0.14592511842458797,0.14592511841867145,0.14592511841744937,0.14592511841727668,0.1459251184176522,0.14592511841867145,0.1459251184176522,0.14592511841727668,0.14592511841721062,0.14592511841727668,0.14592511841744937,0.14592511841727668,0.14592511841721062,0.14473660980600067,0.14473660980725989,0.14473660980865366,0.14473660980725989,0.14473660980600067,0.14473660980725989,0.14473660981008882,0.14473660981487899,0.14473660981008882,0.14473660980725989,0.14473660980865366,0.14473660981487899,0.14473660983617145,0.14473660981487899,0.14473660980865366,0.14473660980725989,0.14473660981008882,0.14473660981487899,0.14473660981008882,0.14473660980725989,0.14473660980600067,0.14473660980725989,0.14473660980865366,0.14473660980725989,0.14473660980600067,0.14357153086587007,0.1435715308678796,0.14357153087002142,0.1435715308678796,0.14357153086587007,0.1435715308678796,0.14357153087220517,0.14357153087920352,0.14357153087220517,0.1435715308678796,0.14357153087002142,0.14357153087920352,0.14357153090898386,0.14357153087920352,0.14357153087002142,0.1435715308678796,0.14357153087220517,0.14357153087920352,0.14357153087220517,0.1435715308678796,0.14357153086587007,0.1435715308678796,0.14357153087002142,0.1435715308678796,0.14357153086587007,0.14242936454639313,0.1424293645487111,0.14242936455115643,0.1424293645487111,0.14242936454639313,0.1424293645487111,0.142429364553638,0.1424293645615901,0.142429364553638,0.1424293645487111,0.14242936455115643,0.1424293645615901,0.14242936459580918,0.1424293645615901,0.14242936455115643,0.1424293645487111,0.142429364553638,0.1424293645615901,0.142429364553638,0.1424293645487111,0.14242936454639313,0.1424293645487111,0.14242936455115643,0.1424293645487111,0.14242936454639313,0.14130960282477456,0.14130960282697497,0.1413096028292242,0.14130960282697497,0.14130960282477456,0.14130960282697497,0.14130960283148444,0.1413096028385137,0.14130960283148444,0.14130960282697497,0.1413096028292242,0.1413096028385137,0.14130960286797759,0.1413096028385137,0.1413096028292242,0.14130960282697497,0.14130960283148444,0.1413096028385137,0.14130960283148444,0.14130960282697497,0.14130960282477456,0.14130960282697497,0.1413096028292242,0.14130960282697497,0.14130960282477456,0.1402117468747397,0.1402117468766591,0.1402117468784719,0.1402117468766591,0.1402117468747397,0.1402117468766591,0.14021174688025262,0.14021174688525276,0.14021174688025262,0.1402117468766591,0.1402117468784719,0.14021174688525276,0.14021174690424676,0.14021174688525276,0.1402117468784719,0.1402117468766591,0.14021174688025262,0.14021174688525276,0.14021174688025262,0.1402117468766591,0.1402117468747397,0.1402117468766591,0.1402117468784719,0.1402117468766591,0.1402117468747397,0.13913530719512932,0.13913530719712972,0.13913530719884332,0.13913530719712972,0.13913530719512932,0.13913530719712972,0.13913530720049294,0.1391353072040639,0.13913530720049294,0.13913530719712972,0.13913530719884332,0.1391353072040639,0.13913530721143508,0.1391353072040639,0.13913530719884332,0.13913530719712972,0.13913530720049294,0.1391353072040639,0.13913530720049294,0.13913530719712972,0.13913530719512932,0.13913530719712972,0.13913530719884332,0.13913530719712972,0.13913530719512932,0.1380798037020283,0.138079803705066,0.1380798037080059,0.138079803705066,0.1380798037020283,0.138079803705066,0.13807980371094625,0.13807980371865444,0.13807980371094625,0.138079803705066,0.1380798037080059,0.13807980371865444,0.13807980373955264,0.13807980371865444,0.1380798037080059,0.138079803705066,0.13807980371094625,0.13807980371865444,0.13807980371094625,0.138079803705066,0.1380798037020283,0.138079803705066,0.1380798037080059,0.138079803705066,0.1380798037020283,0.13704476578837185,0.13704476579276456,0.1370447657979931,0.13704476579276456,0.13704476578837185,0.13704476579276456,0.1370447658033905,0.13704476582439834,0.1370447658033905,0.13704476579276456,0.1370447657979931,0.13704476582439834,0.13704476593994874,0.13704476582439834,0.1370447657979931,0.13704476579276456,0.1370447658033905,0.13704476582439834,0.1370447658033905,0.13704476579276456,0.13704476578837185,0.13704476579276456,0.1370447657979931,0.13704476579276456,0.13704476578837185,0.13602973235699714,0.13602973236000193,0.13602973236292099,0.13602973236000193,0.13602973235699714,0.13602973236000193,0.1360297323658393,0.13602973237358718,0.1360297323658393,0.13602973236000193,0.13602973236292099,0.13602973237358718,0.1360297323949781,0.13602973237358718,0.13602973236292099,0.13602973236000193,0.1360297323658393,0.13602973237358718,0.1360297323658393,0.13602973236000193,0.13602973235699714,0.13602973236000193,0.13602973236292099,0.13602973236000193,0.136029732356997,0.13503425183262494,0.13503425183449388,0.13503425183603082,0.13503425183449388,0.13503425183262494,0.13503425183449388,0.13503425183748563,0.13503425184043893,0.13503425183748563,0.13503425183449388,0.13503425183603082,0.13503425184043893,0.13503425184578965,0.13503425184043893,0.13503425183603082,0.13503425183449388,0.13503425183748563,0.13503425184043893,0.13503425183748563,0.13503425183449388,0.13503425183262494,0.13503425183449388,0.13503425183603082,0.13503425183449388,0.13503425183262494
0.16533248787172122,0.16533248787172075,0.16533248787172075,0.16533248787172075,0.16533248787172122,0.16533248787172075,0.1653324878717205,0.16533248787172028,0.1653324878717205,0.16533248787172075,0.16533248787172075,0.16533248787172028,0.16533248787172003,0.16533248787172028,0.16533248787172075,0.16533248787172075,0.1653324878717205,0.16533248787172028,0.1653324878717205,0.16533248787172075,0.16533248787172122,0.16533248787172075,0.16533248787172075,0.16533248787172075,0.16533248787172122,0.1637574941512068,0.16375749415120613,0.16375749415120563,0.16375749415120613,0.1637574941512068,0.16375749415120613,0.1637574941512054,0.16375749415120472,0.1637574941512054,0.16375749415120613,0.16375749415120563,0.16375749415120472,0.16375749415120425,0.16375749415120472,0.16375749415120563,0.16375749415120613,0.1637574941512054,0.16375749415120472,0.1637574941512054,0.16375749415120613,0.1637574941512068,0.16375749415120613,0.16375749415120563,0.16375749415120613,0.1637574941512068,0.1622138843626224,0.16221388436262013,0.16221388436261877,0.16221388436262013,0.1622138843626224,0.16221388436262013,0.1622138843626176,0.16221388436261627,0.1622138843626176,0.16221388436262013,0.16221388436261877,0.16221388436261627,0.1622138843626147,0.16221388436261627,0.16221388436261877,0.16221388436262013,0.1622138843626176,0.16221388436261627,0.1622138843626176,0.16221388436262013,0.1622138843626224,0.16221388436262013,0.16221388436261877,0.16221388436262013,0.1622138843626224,0.16070106746301088,0.16070106746300425,0.1607010674629998,0.16070106746300425,0.16070106746301088,0.16070106746300425,0.1607010674629967,0.16070106746299204,0.1607010674629967,0.16070106746300425,0.1607010674629998,0.16070106746299204,0.16070106746298668,0.16070106746299204,0.16070106746300003,0.16070106746300425,0.1607010674629967,0.16070106746299204,0.1607010674629967,0.16070106746300425,0.16070106746301088,0.16070106746300425,0.16070106746300003,0.16070106746300425,0.16070106746301088,0.15921845182736008,0.15921845182734004,0.15921845182732697,0.15921845182734004,0.15921845182736008,0.15921845182734004,0.15921845182731675,0.1592184518273013,0.15921845182731675,0.15921845182734004,0.15921845182732697,0.1592184518273013,0.1592184518272843,0.1592184518273013,0.15921845182732697,0.15921845182734004,0.15921845182731675,0.1592184518273013,0.15921845182731675,0.15921845182734004,0.15921845182736008,0.15921845182734004,0.15921845182732697,0.15921845182734004,0.15921845182736008,0.15776544660046474,0.15776544660040562,0.15776544660036615,0.15776544660040562,0.15776544660046474,0.15776544660040562,0.15776544660033437,0.15776544660028485,0.15776544660033437,0.15776544660040562,0.15776544660036615,0.15776544660028485,0.15776544660022726,0.15776544660028485,0.15776544660036615,0.15776544660040562,0.15776544660033437,0.15776544660028485,0.15776544660033437,0.15776544660040562,0.15776544660046474,0.15776544660040562,0.15776544660036615,0.15776544660040562,0.15776544660046474,0.15634146291128423,0.15634146291111634,0.15634146291099965,0.15634146291111634,0.15634146291128423,0.15634146291111634,0.1563414629108999,0.1563414629107387,0.1563414629108999,0.15634146291111634,0.15634146291099965,0.1563414629107387,0.1563414629105342,0.1563414629107387,0.15634146291099965,0.15634146291111634,0.1563414629108999,0.1563414629107387,0.1563414629108999,0.15634146291111634,0.15634146291128423,0.15634146291111634,0.15634146291099965,0.15634146291111634,0.15634146291128423,0.15494591496009683,0.15494591495964208,0.15494591495930313,0.15494591495964208,0.15494591496009683,0.15494591495964208,0.15494591495899798,0.15494591495846002,0.15494591495899798,0.15494591495964208,0.15494591495930313,0.15494591495846002,0.15494591495767576,0.15494591495846002,0.15494591495930313,0.15494591495964208,0.15494591495899798,0.15494591495846002,0.15494591495899798,0.15494591495964208,0.15494591496009683,0.15494591495964208,0.15494591495930313,0.15494591495964208,0.15494591496009683,0.15357822098823062,0.15357822098708926,0.15357822098614707,0.15357822098708926,0.15357822098823062,0.15357822098708926,0.15357822098525453,0.15357822098342927,0.15357822098525453,0.15357822098708926,0.15357822098614707,0.15357822098342927,0.15357822098009208,0.15357822098342927,0.15357822098614707,0.15357822098708926,0.15357822098525453,0.15357822098342927,0.15357822098525453,0.15357822098708926,0.15357822098823062,0.15357822098708926,0.15357822098614707,0.15357822098708926,0.15357822098823062,0.15223780413962962,0.1522378041371199,0.15223780413473345,0.1522378041371199,0.15223780413962962,0.1522378041371199,0.15223780413236132,0.15223780412627505,0.15223780413236132,0.1522378041371199,0.15223780413473345,0.15223780412627505,0.15223780411022972,0.15223780412627505,0.15223780413473345,0.1522378041371199,0.15223780413236132,0.15223780412627505,0.15223780413236132,0.1522378041371199,0.15223780413962962,0.1522378041371199,0.15223780413473345,0.1522378041371199,0.15223780413962962,0.15092409322275768,0.15092409321845998,0.15092409321362077,0.15092409321845998,0.15092409322275768,0.15092409321845998,0.15092409320865424,0.15092409319101655,0.15092409320865424,0.15092409321845998,0.15092409321362077,0.15092409319101655,0.15092409310363306,0.15092409319101655,0.15092409321362077,0.15092409321845998,0.15092409320865424,0.15092409319101655,0.15092409320865424,0.15092409321845998,0.15092409322275768,0.15092409321845998,0.15092409321362077,0.15092409321845998,0.15092409322275768,0.14963652337966443,0.14963652337536354,0.1496365233707015,0.14963652337536354,0.14963652337966443,0.14963652337536354,0.1496365233659332,0.1496365233503279,0.1496365233659332,0.14963652337536354,0.1496365233707015,0.1496365233503279,0.14963652328285088,0.1496365233503279,0.1496365233707015,0.14963652337536354,0.1496365233659332,0.1496365233503279,0.1496365233659332,0.14963652337536354,0.14963652337966443,0.14963652337536354,0.1496365233707015,0.14963652337536354,0.14963652337966443,0.14837453666686515,0.148374536663789,0.14837453666060596,0.148374536663789,0.14837453666686515,0.148374536663789,0.14837453665738104,0.14837453664747738,0.14837453665738104,0.148374536663789,0.14837453666060596,0.14837453664747738,0.1483745366075138,0.14837453664747738,0.14837453666060596,0.148374536663789,0.14837453665738104,0.14837453664747738,0.14837453665738104,0.148374536663789,0.14837453666686515,0.148374536663789,0.14837453666060596,0.148374536663789,0.14837453666686515,0.14713758256477533,0.14713758256331408,0.14713758256188536,0.14713758256331408,0.14713758256477533,0.14713758256331408,0.1471375825604606,0.14713758255637152,0.1471375825604606,0.14713758256331408,0.14713758256188536,0.14713758255637152,0.1471375825409492,0.14713758255637152,0.14713758256188536,0.14713758256331408,0.1471375825604606,0.14713758255637152,0.1471375825604606,0.14713758256331408,0.14713758256477533,0.14713758256331408,0.14713758256188536,0.14713758256331408,0.14713758256477533,0.14592511841723713,0.14592511841730818,0.14592511841748607,0.14592511841730818,0.14592511841723713,0.14592511841730818,0.1459251184176944,0.14592511841873057,0.1459251184176944,0.14592511841730818,0.14592511841748607,0.14592511841873057,0.14592511842474984,0.14592511841873057,0.14592511841748607,0.14592511841730818,0.1459251184176944,0.14592511841873057,0.1459251184176944,0.14592511841730818,0.14592511841723713,0.14592511841730818,0.14592511841748607,0.14592511841730818,0.14592511841723713,0.14473660980593608,0.14473660980719827,0.144736609808595,0.14473660980719827,0.14473660980593608,0.14473660980719827,0.14473660981003345,0.14473660981483447,0.14473660981003345,0.14473660980719827,0.144736609808595,0.14473660981483447,0.14473660983617162,0.14473660981483447,0.144736609808595,0.14473660980719827,0.14473660981003345,0.14473660981483447,0.14473660981003345,0.14473660980719827,0.14473660980593608,0.14473660980719827,0.144736609808595,0.14473660980719827,0.14473660980593608,0.14357153086570734,0.14357153086771657,0.1435715308698582,0.14357153086771657,0.14357153086570734,0.14357153086771657,0.14357153087204177,0.1435715308790408,0.14357153087204177,0.14357153086771657,0.1435715308698582,0.1435715308790408,0.143571530908822,0.1435715308790408,0.1435715308698582,0.14357153086771657,0.14357153087204177,0.1435715308790408,0.14357153087204177,0.14357153086771657,0.14357153086570734,0.14357153086771657,0.1435715308698582,0.14357153086771657,0.14357153086570734,0.14242936454613175,0.14242936454844524,0.1424293645508862,0.14242936454844524,0.14242936454613175,0.14242936454844524,0.14242936455336322,0.14242936456130342,0.14242936455336322,0.14242936454844524,0.1424293645508862,0.14242936456130342,0.14242936459549985,0.14242936456130342,0.1424293645508862,0.14242936454844524,0.14242936455336322,0.14242936456130342,0.14242936455336322,0.14242936454844524,0.14242936454613175,0.14242936454844524,0.1424293645508862,0.14242936454844524,0.14242936454613175,0.1413096028244223,0.14130960282661378,0.14130960282885313,0.14130960282661378,0.1413096028244223,0.14130960282661378,0.14130960283110305,0.1413096028380965,0.14130960283110305,0.14130960282661378,0.14130960282885313,0.1413096028380965,0.14130960286737498,0.1413096028380965,0.14130960282885313,0.14130960282661378,0.14130960283110305,0.1413096028380965,0.14130960283110305,0.14130960282661378,0.1413096028244223,0.14130960282661378,0.14130960282885313,0.14130960282661378,0.1413096028244223,0.14021174687431365,0.1402117468762234,0.14021174687802523,0.1402117468762234,0.14021174687431365,0.1402117468762234,0.14021174687979499,0.14021174688475754,0.14021174687979499,0.1402117468762234,0.14021174687802523,0.14021174688475754,0.1402117469035759,0.14021174688475754,0.14021174687802523,0.1402117468762234,0.14021174687979499,0.14021174688475754,0.14021174687979499,0.1402117468762234,0.14021174687431365,0.1402117468762234,0.14021174687802523,0.1402117468762234,0.14021174687431365,0.13913530719464864,0.1391353071966415,0.1391353071983483,0.1391353071966415,0.13913530719464864,0.1391353071966415,0.13913530719999107,0.13913530720354558,0.13913530719999107,0.1391353071966415,0.1391353071983483,0.13913530720354558,0.13913530721087738,0.13913530720354558,0.1391353071983483,0.1391353071966415,0.13913530719999107,0.13913530720354558,0.13913530719999107,0.1391353071966415,0.13913530719464864,0.1391353071966415,0.1391353071983483,0.1391353071966415,0.13913530719464864,0.13807980370150766,0.1380798037045381,0.13807980370747103,0.1380798037045381,0.13807980370150766,0.1380798037045381,0.13807980371040454,0.1380798037180957,0.13807980371040454,0.1380798037045381,0.13807980370747103,0.1380798037180957,0.13807980373895015,0.1380798037180957,0.13807980370747103,0.1380798037045381,0.13807980371040454,0.1380798037180957,0.13807980371040454,0.1380798037045381,0.13807980370150766,0.1380798037045381,0.13807980370747103,0.1380798037045381,0.13807980370150766,0.1370447657878257,0.13704476579220948,0.13704476579742794,0.13704476579220948,0.1370447657878257,0.13704476579220948,0.13704476580281502,0.13704476582378333,0.13704476580281502,0.13704476579220948,0.13704476579742794,0.13704476582378333,0.13704476593912193,0.13704476582378333,0.13704476579742794,0.13704476579220948,0.13704476580281502,0.13704476582378333,0.13704476580281502,0.13704476579220948,0.1370447657878257,0.13704476579220948,0.13704476579742794,0.13704476579220948,0.1370447657878257,0.13602973235644292,0.13602973235944188,0.13602973236235544,0.13602973235944188,0.13602973235644292,0.13602973235944188,0.13602973236526822,0.13602973237300162,0.13602973236526822,0.13602973235944188,0.13602973236235544,0.13602973237300162,0.1360297323943529,0.13602973237300162,0.13602973236235544,0.13602973235944188,0.13602973236526822,0.13602973237300162,0.13602973236526822,0.13602973235944188,0.13602973235644292,0.13602973235944188,0.13602973236235544,0.13602973235944188,0.13602973235644292,0.1350342518320742,0.13503425183393963,0.13503425183547368,0.13503425183393963,0.1350342518320742,0.13503425183393963,0.1350342518369257,0.13503425183987341,0.13503425183692583,0.13503425183393963,0.13503425183547368,0.13503425183987341,0.13503425184521423,0.13503425183987341,0.13503425183547368,0.13503425183393963,0.13503425183692583,0.13503425183987341,0.13503425183692583,0.13503425183393963,0.1350342518320742,0.13503425183393963,0.13503425183547368,0.13503425183393963,0.1350342518320742
0.16533248787206764,0.16533248787206742,0.16533248787206717,0.16533248787206742,0.16533248787206764,0.16533248787206742,0.16533248787206695,0.16533248787206695,0.16533248787206695,0.16533248787206742,0.16533248787206717,0.16533248787206695,0.16533248787206672,0.16533248787206695,0.16533248787206717,0.16533248787206742,0.16533248787206695,0.16533248787206695,0.16533248787206695,0.16533248787206742,0.16533248787206764,0.16533248787206742,0.16533248787206717,0.16533248787206742,0.16533248787206764,0.16375749415154633,0.16375749415154564,0.1637574941515452,0.16375749415154564,0.16375749415154633,0.16375749415154564,0.16375749415154495,0.16375749415154447,0.16375749415154495,0.16375749415154564,0.1637574941515452,0.16375749415154447,0.163757494151544,0.16375749415154447,0.1637574941515452,0.16375749415154564,0.16375749415154495,0.16375749415154447,0.16375749415154495,0.16375749415154564,0.16375749415154633,0.16375749415154564,0.1637574941515452,0.16375749415154564,0.16375749415154633,0.16221388436295517,0.1622138843629529,0.16221388436295153,0.1622138843629529,0.16221388436295517,0.1622138843629529,0.1622138843629504,0.16221388436294903,0.1622138843629504,0.1622138843629529,0.16221388436295153,0.16221388436294903,0.16221388436294745,0.16221388436294903,0.16221388436295153,0.1622138843629529,0.1622138843629504,0.16221388436294903,0.1622138843629504,0.1622138843629529,0.16221388436295517,0.1622138843629529,0.16221388436295153,0.1622138843629529,0.16221388436295517,0.160701067463337,0.16070106746333035,0.16070106746332594,0.16070106746333035,0.160701067463337,0.16070106746333035,0.1607010674633228,0.16070106746331794,0.1607010674633228,0.16070106746333035,0.16070106746332594,0.16070106746331794,0.16070106746331284,0.16070106746331794,0.16070106746332594,0.16070106746333035,0.1607010674633228,0.16070106746331794,0.1607010674633228,0.16070106746333035,0.160701067463337,0.16070106746333035,0.16070106746332594,0.16070106746333035,0.160701067463337,0.15921845182767966,0.15921845182765945,0.15921845182764638,0.15921845182765945,0.15921845182767966,0.15921845182765945,0.15921845182763636,0.1592184518276209,0.15921845182763636,0.15921845182765945,0.15921845182764638,0.1592184518276209,0.1592184518276039,0.1592184518276209,0.15921845182764638,0.15921845182765945,0.15921845182763636,0.1592184518276209,0.15921845182763636,0.15921845182765945,0.15921845182767966,0.15921845182765945,0.15921845182764638,0.15921845182765945,0.15921845182767966,0.15776544660077754,0.15776544660071862,0.15776544660067918,0.15776544660071862,0.15776544660077754,0.15776544660071862,0.15776544660064737,0.15776544660059807,0.15776544660064737,0.15776544660071862,0.15776544660067918,0.15776544660059807,0.15776544660054068,0.15776544660059807,0.15776544660067918,0.15776544660071862,0.15776544660064737,0.15776544660059807,0.15776544660064737,0.15776544660071862,0.15776544660077754,0.15776544660071862,0.15776544660067918,0.15776544660071862,0.15776544660077754,0.15634146291159037,0.1563414629114229,0.15634146291130618,0.1563414629114229,0.15634146291159037,0.1563414629114229,0.15634146291120685,0.15634146291104586,0.15634146291120685,0.1563414629114229,0.15634146291130618,0.15634146291104586,0.15634146291084178,0.15634146291104586,0.15634146291130618,0.1563414629114229,0.15634146291120685,0.15634146291104586,0.15634146291120685,0.1563414629114229,0.15634146291159037,0.1563414629114229,0.15634146291130618,0.1563414629114229,0.15634146291159037,0.15494591496039603,0.15494591495994212,0.15494591495960355,0.15494591495994212,0.15494591496039603,0.15494591495994212,0.15494591495929902,0.1549459149587619,0.15494591495929902,0.15494591495994212,0.15494591495960355,0.1549459149587619,0.15494591495797866,0.1549459149587619,0.15494591495960355,0.15494591495994212,0.15494591495929902,0.1549459149587619,0.15494591495929902,0.15494591495994212,0.15494591496039603,0.15494591495994212,0.15494591495960355,0.15494591495994212,0.15494591496039603,0.15357822098852125,0.15357822098738186,0.1535782209864411,0.15357822098738186,0.15357822098852125,0.15357822098738186,0.15357822098555,0.15357822098372753,0.15357822098555,0.15357822098738186,0.1535782209864411,0.15357822098372753,0.15357822098039553,0.15357822098372753,0.1535782209864411,0.15357822098738186,0.15357822098555,0.15357822098372753,0.15357822098555,0.15357822098738186,0.15357822098852125,0.15357822098738186,0.1535782209864411,0.15357822098738186,0.15357822098852125,0.15223780413990814,0.1522378041374026,0.15223780413501964,0.1522378041374026,0.15223780413990814,0.1522378041374026,0.15223780413265128,0.15223780412657487,0.15223780413265128,0.1522378041374026,0.15223780413501964,0.15223780412657487,0.15223780411055468,0.15223780412657487,0.15223780413501964,0.1522378041374026,0.15223780413265128,0.15223780412657487,0.15223780413265128,0.1522378041374026,0.15223780413990814,0.1522378041374026,0.15223780413501964,0.1522378041374026,0.15223780413990814,0.15092409322301562,0.15092409321872488,0.15092409321389355,0.15092409321872488,0.15092409322301562,0.15092409321872488,0.15092409320893496,0.15092409319132524,0.15092409320893496,0.15092409321872488,0.15092409321389355,0.15092409319132524,0.1509240931040876,0.15092409319132524,0.15092409321389355,0.15092409321872488,0.15092409320893496,0.15092409319132524,0.15092409320893496,0.15092409321872488,0.15092409322301562,0.15092409321872488,0.15092409321389355,0.15092409321872488,0.15092409322301562,0.1496365233798872,0.14963652337559386,0.14963652337093972,0.14963652337559386,0.1496365233798872,0.14963652337559386,0.14963652336617936,0.14963652335059927,0.14963652336617936,0.14963652337559386,0.14963652337093972,0.14963652335059927,0.1496365232832406,0.14963652335059927,0.14963652337093972,0.14963652337559386,0.14963652336617936,0.14963652335059927,0.14963652336617936,0.14963652337559386,0.1496365233798872,0.14963652337559386,0.14963652337093972,0.14963652337559386,0.1496365233798872,0.14837453666703657,0.1483745366639673,0.14837453666079115,0.1483745366639673,0.14837453666703657,0.1483745366639673,0.14837453665757325,0.14837453664769015,0.14837453665757325,0.1483745366639673,0.14837453666079115,0.14837453664769015,0.14837453660779754,0.14837453664769015,0.14837453666079115,0.1483745366639673,0.14837453665757325,0.14837453664769015,0.14837453665757325,0.1483745366639673,0.14837453666703657,0.1483745366639673,0.14837453666079115,0.1483745366639673,0.14837453666703657,0.1471375825648807,0.14713758256342563,0.14713758256200288,0.14713758256342563,0.1471375825648807,0.14713758256342563,0.14713758256058435,0.14713758255651357,0.14713758256058435,0.14713758256342563,0.14713758256200288,0.14713758255651357,0.14713758254116643,0.14713758255651357,0.14713758256200288,0.14713758256342563,0.14713758256058435,0.14713758255651357,0.14713758256058435,0.14713758256342563,0.1471375825648807,0.14713758256342563,0.14713758256200288,0.14713758256342563,0.1471375825648807,0.14592511841726333,0.14592511841733935,0.14592511841752237,0.14592511841733935,0.14592511841726333,0.14592511841733935,0.1459251184177359,0.14592511841878916,0.1459251184177359,0.14592511841733935,0.14592511841752237,0.14592511841878916,0.14592511842485312,0.14592511841878916,0.14592511841752237,0.14592511841733935,0.1459251184177359,0.14592511841878916,0.1459251184177359,0.14592511841733935,0.14592511841726333,0.14592511841733935,0.14592511841752237,0.14592511841733935,0.14592511841726333,0.14473660980587186,0.14473660980713682,0.1447366098085367,0.14473660980713682,0.14473660980587186,0.14473660980713682,0.1447366098099783,0.1447366098147901,0.1447366098099783,0.14473660980713682,0.1447366098085367,0.1447366098147901,0.1447366098361765,0.1447366098147901,0.1447366098085367,0.14473660980713682,0.1447366098099783,0.1447366098147901,0.1447366098099783,0.14473660980713682,0.14473660980587186,0.14473660980713682,0.1447366098085367,0.14473660980713682,0.14473660980587186,0.14357153086554564,0.14357153086755434,0.14357153086969582,0.14357153086755434,0.14357153086554564,0.14357153086755434,0.1435715308718792,0.14357153087887892,0.1435715308718792,0.14357153086755434,0.14357153086969582,0.14357153087887892,0.14357153090864744,0.14357153087887892,0.14357153086969582,0.14357153086755434,0.1435715308718792,0.14357153087887892,0.1435715308718792,0.14357153086755434,0.14357153086554564,0.14357153086755434,0.14357153086969582,0.14357153086755434,0.14357153086554564,0.14242936454587174,0.14242936454818086,0.14242936455061744,0.14242936454818086,0.14242936454587174,0.14242936454818086,0.14242936455308997,0.1424293645610184,0.14242936455308997,0.14242936454818086,0.14242936455061744,0.1424293645610184,0.14242936459517574,0.1424293645610184,0.14242936455061744,0.14242936454818086,0.14242936455308997,0.1424293645610184,0.14242936455308997,0.14242936454818086,0.14242936454587174,0.14242936454818086,0.14242936455061744,0.14242936454818086,0.14242936454587174,0.14130960282407215,0.14130960282625474,0.1413096028284841,0.14130960282625474,0.14130960282407215,0.14130960282625474,0.1413096028307238,0.1413096028376815,0.1413096028307238,0.14130960282625474,0.1413096028284841,0.1413096028376815,0.14130960286679706,0.1413096028376815,0.1413096028284841,0.14130960282625474,0.1413096028307238,0.1413096028376815,0.1413096028307238,0.14130960282625474,0.14130960282407215,0.14130960282625474,0.1413096028284841,0.14130960282625474,0.14130960282407215,0.1402117468738902,0.1402117468757901,0.1402117468775813,0.1402117468757901,0.1402117468738902,0.1402117468757901,0.1402117468793401,0.14021174688426494,0.1402117468793401,0.1402117468757901,0.1402117468775813,0.14021174688426494,0.14021174690290833,0.14021174688426494,0.1402117468775813,0.1402117468757901,0.1402117468793401,0.14021174688426494,0.1402117468793401,0.1402117468757901,0.1402117468738902,0.1402117468757901,0.1402117468775813,0.1402117468757901,0.1402117468738902,0.139135307194171,0.13913530719615624,0.13913530719785625,0.13913530719615624,0.139135307194171,0.13913530719615624,0.13913530719949208,0.13913530720303047,0.13913530719949208,0.13913530719615624,0.13913530719785625,0.13913530720303047,0.13913530721032305,0.13913530720303047,0.13913530719785625,0.13913530719615624,0.13913530719949208,0.13913530720303047,0.13913530719949208,0.13913530719615624,0.139135307194171,0.13913530719615624,0.13913530719785625,0.13913530719615624,0.139135307194171,0.13807980370099013,0.1380798037040133,0.1380798037069394,0.1380798037040133,0.13807980370099013,0.1380798037040133,0.13807980370986608,0.13807980371754033,0.13807980370986608,0.1380798037040133,0.1380798037069394,0.13807980371754033,0.13807980373835155,0.13807980371754033,0.1380798037069394,0.1380798037040133,0.13807980370986608,0.13807980371754033,0.13807980370986608,0.1380798037040133,0.13807980370099013,0.1380798037040133,0.1380798037069394,0.1380798037040133,0.13807980370099013,0.13704476578728278,0.13704476579165803,0.1370447657968663,0.13704476579165803,0.13704476578728278,0.13704476579165803,0.13704476580224306,0.13704476582317227,0.13704476580224306,0.13704476579165803,0.1370447657968663,0.13704476582317227,0.13704476593830867,0.13704476582317227,0.1370447657968663,0.13704476579165803,0.13704476580224306,0.13704476582317227,0.13704476580224306,0.13704476579165803,0.13704476578728278,0.13704476579165803,0.1370447657968663,0.13704476579165803,0.13704476578728278,0.1360297323558921,0.13602973235888527,0.1360297323617933,0.13602973235888527,0.1360297323558921,0.13602973235888527,0.13602973236470056,0.13602973237241966,0.13602973236470056,0.13602973235888527,0.1360297323617933,0.13602973237241966,0.1360297323937316,0.13602973237241966,0.1360297323617933,0.13602973235888527,0.13602973236470056,0.13602973237241966,0.13602973236470056,0.13602973235888527,0.1360297323558921,0.13602973235888527,0.1360297323617933,0.13602973235888527,0.1360297323558921,0.13503425183152698,0.13503425183338874,0.13503425183492002,0.13503425183338874,0.13503425183152698,0.13503425183338874,0.13503425183636938,0.1350342518393116,0.13503425183636938,0.13503425183338874,0.13503425183492002,0.1350342518393116,0.13503425184464243,0.1350342518393116,0.13503425183492002,0.13503425183338874,0.13503425183636938,0.1350342518393116,0.13503425183636938,0.13503425183338874,0.13503425183152698,0.13503425183338874,0.13503425183492002,0.13503425183338874,0.13503425183152698
0.16533248787241217,0.16533248787241173,0.16533248787241173,0.16533248787241173,0.16533248787241217,0.16533248787241173,0.16533248787241148,0.16533248787241125,0.16533248787241148,0.16533248787241173,0.16533248787241173,0.16533248787241125,0.165332487872411,0.16533248787241125,0.16533248787241173,0.16533248787241173,0.16533248787241148,0.16533248787241125,0.16533248787241148,0.16533248787241173,0.16533248787241217,0.16533248787241173,0.16533248787241173,0.16533248787241173,0.16533248787241217,0.163757494151884,0.16375749415188331,0.16375749415188287,0.16375749415188331,0.163757494151884,0.16375749415188331,0.16375749415188237,0.16375749415188193,0.16375749415188237,0.16375749415188331,0.16375749415188287,0.16375749415188193,0.16375749415188148,0.16375749415188193,0.16375749415188287,0.16375749415188331,0.16375749415188237,0.16375749415188193,0.16375749415188237,0.16375749415188331,0.163757494151884,0.16375749415188331,0.16375749415188287,0.16375749415188331,0.163757494151884,0.16221388436328588,0.1622138843632836,0.16221388436328224,0.1622138843632836,0.16221388436328588,0.1622138843632836,0.16221388436328135,0.16221388436327977,0.16221388436328135,0.1622138843632836,0.16221388436328224,0.16221388436327977,0.16221388436327816,0.16221388436327977,0.16221388436328224,0.1622138843632836,0.16221388436328135,0.16221388436327977,0.16221388436328135,0.1622138843632836,0.16221388436328588,0.1622138843632836,0.16221388436328224,0.1622138843632836,0.16221388436328588,0.16070106746366117,0.1607010674636545,0.16070106746365026,0.1607010674636545,0.16070106746366117,0.1607010674636545,0.16070106746364718,0.16070106746364227,0.16070106746364718,0.1607010674636545,0.16070106746365026,0.16070106746364227,0.16070106746363694,0.16070106746364227,0.16070106746365026,0.1607010674636545,0.16070106746364718,0.16070106746364227,0.16070106746364718,0.1607010674636545,0.16070106746366117,0.1607010674636545,0.16070106746365026,0.1607010674636545,0.16070106746366117,0.15921845182799735,0.1592184518279771,0.159218451827964,0.1592184518279771,0.15921845182799735,0.1592184518279771,0.159218451827954,0.15921845182793856,0.159218451827954,0.1592184518279771,0.159218451827964,0.15921845182793856,0.15921845182792158,0.15921845182793856,0.159218451827964,0.1592184518279771,0.159218451827954,0.15921845182793856,0.159218451827954,0.1592184518279771,0.15921845182799735,0.1592184518279771,0.159218451827964,0.1592184518279771,0.15921845182799735,0.15776544660108863,0.15776544660102973,0.15776544660099046,0.15776544660102973,0.15776544660108863,0.15776544660102973,0.15776544660095868,0.15776544660090938,0.15776544660095868,0.15776544660102973,0.15776544660099046,0.15776544660090938,0.15776544660085198,0.15776544660090938,0.15776544660099046,0.15776544660102973,0.15776544660095868,0.15776544660090938,0.15776544660095868,0.15776544660102973,0.15776544660108863,0.15776544660102973,0.15776544660099046,0.15776544660102973,0.15776544660108863,0.15634146291189482,0.15634146291172776,0.1563414629116113,0.15634146291172776,0.15634146291189482,0.15634146291172776,0.15634146291151196,0.15634146291135118,0.15634146291151196,0.15634146291172776,0.1563414629116113,0.15634146291135118,0.15634146291114728,0.15634146291135118,0.1563414629116113,0.15634146291172776,0.15634146291151196,0.15634146291135118,0.15634146291151196,0.15634146291172776,0.15634146291189482,0.15634146291172776,0.1563414629116113,0.15634146291172776,0.15634146291189482,0.15494591496069338,0.1549459149602403,0.15494591495990215,0.1549459149602403,0.15494591496069338,0.1549459149602403,0.15494591495959822,0.15494591495906193,0.15494591495959822,0.1549459149602403,0.15494591495990215,0.15494591495906193,0.1549459149582799,0.15494591495906193,0.15494591495990215,0.1549459149602403,0.15494591495959822,0.15494591495906193,0.15494591495959822,0.1549459149602403,0.15494591496069338,0.1549459149602403,0.15494591495990215,0.1549459149602403,0.15494591496069338,0.15357822098881027,0.15357822098767268,0.15357822098673335,0.15357822098767268,0.15357822098881027,0.15357822098767268,0.15357822098584362,0.15357822098402418,0.15357822098584362,0.15357822098767268,0.15357822098673335,0.15357822098402418,0.15357822098069743,0.15357822098402418,0.15357822098673335,0.15357822098767268,0.15357822098584362,0.15357822098402418,0.15357822098584362,0.15357822098767268,0.15357822098881027,0.15357822098767268,0.15357822098673335,0.15357822098767268,0.15357822098881027,0.1522378041401849,0.15223780413768329,0.15223780413530427,0.15223780413768329,0.1522378041401849,0.15223780413768329,0.15223780413293983,0.15223780412687285,0.15223780413293983,0.15223780413768329,0.15223780413530427,0.15223780412687285,0.1522378041108779,0.15223780412687285,0.15223780413530427,0.15223780413768329,0.15223780413293983,0.15223780412687285,0.15223780413293983,0.15223780413768329,0.1522378041401849,0.15223780413768329,0.15223780413530427,0.15223780413768329,0.1522378041401849,0.150924093223272,0.1509240932189884,0.15092409321416464,0.1509240932189884,0.150924093223272,0.1509240932189884,0.1509240932092139,0.15092409319163197,0.1509240932092139,0.1509240932189884,0.15092409321416464,0.15092409319163197,0.15092409310452146,0.15092409319163197,0.15092409321416464,0.1509240932189884,0.1509240932092139,0.15092409319163197,0.1509240932092139,0.1509240932189884,0.150924093223272,0.1509240932189884,0.15092409321416464,0.1509240932189884,0.150924093223272,0.1496365233801084,0.14963652337582264,0.1496365233711765,0.14963652337582264,0.1496365233801084,0.14963652337582264,0.14963652336642405,0.14963652335086908,0.14963652336642405,0.14963652337582264,0.1496365233711765,0.14963652335086908,0.14963652328363444,0.14963652335086908,0.1496365233711765,0.14963652337582264,0.14963652336642405,0.14963652335086908,0.14963652336642405,0.14963652337582264,0.1496365233801084,0.14963652337582264,0.1496365233711765,0.14963652337582264,0.1496365233801084,0.14837453666720704,0.14837453666414446,0.14837453666097533,0.14837453666414446,0.14837453666720704,0.14837453666414446,0.14837453665776412,0.14837453664790143,0.14837453665776412,0.14837453666414446,0.14837453666097533,0.14837453664790143,0.14837453660808997,0.14837453664790143,0.14837453666097533,0.14837453666414446,0.14837453665776412,0.14837453664790143,0.14837453665776412,0.14837453666414446,0.14837453666720704,0.14837453666414446,0.14837453666097533,0.14837453666414446,0.14837453666720704,0.14713758256498555,0.14713758256353646,0.1471375825621197,0.14713758256353646,0.14713758256498555,0.14713758256353646,0.14713758256070714,0.14713758255665454,0.14713758256070714,0.14713758256353646,0.1471375825621197,0.14713758255665454,0.14713758254138554,0.14713758255665454,0.1471375825621197,0.14713758256353646,0.14713758256070714,0.14713758255665454,0.14713758256070714,0.14713758256353646,0.14713758256498555,0.14713758256353646,0.1471375825621197,0.14713758256353646,0.14713758256498555,0.14592511841728914,0.14592511841737016,0.14592511841755818,0.14592511841737016,0.14592511841728914,0.14592511841737016,0.14592511841777703,0.145925118418847,0.14592511841777703,0.14592511841737016,0.14592511841755818,0.145925118418847,0.14592511842496336,0.145925118418847,0.14592511841755818,0.14592511841737016,0.14592511841777703,0.145925118418847,0.14592511841777703,0.14592511841737016,0.14592511841728914,0.14592511841737016,0.14592511841755818,0.14592511841737016,0.14592511841728914,0.1447366098058078,0.14473660980707553,0.14473660980847858,0.14473660980707553,0.1447366098058078,0.14473660980707553,0.14473660980992334,0.14473660981474595,0.14473660980992334,0.14473660980707553,0.14473660980847858,0.14473660981474595,0.14473660983616096,0.14473660981474595,0.14473660980847858,0.14473660980707553,0.14473660980992334,0.14473660981474595,0.14473660980992334,0.14473660980707553,0.1447366098058078,0.14473660980707553,0.14473660980847858,0.14473660980707553,0.1447366098058078,0.14357153086538463,0.14357153086739297,0.14357153086953428,0.14357153086739297,0.14357153086538463,0.14357153086739297,0.14357153087171767,0.14357153087871807,0.14357153087171767,0.14357153086739297,0.14357153086953428,0.14357153087871807,0.1435715309085054,0.14357153087871807,0.14357153086953428,0.14357153086739297,0.14357153087171767,0.14357153087871807,0.14357153087171767,0.14357153086739297,0.14357153086538463,0.14357153086739297,0.14357153086953428,0.14357153086739297,0.14357153086538463,0.14242936454561342,0.142429364547918,0.1424293645503502,0.142429364547918,0.14242936454561342,0.142429364547918,0.14242936455281854,0.14242936456073524,0.14242936455281854,0.142429364547918,0.1424293645503502,0.14242936456073524,0.14242936459486708,0.14242936456073524,0.1424293645503502,0.142429364547918,0.14242936455281854,0.14242936456073524,0.14242936455281854,0.142429364547918,0.14242936454561342,0.142429364547918,0.1424293645503502,0.142429364547918,0.14242936454561342,0.14130960282372396,0.1413096028258977,0.1413096028281172,0.1413096028258977,0.14130960282372396,0.1413096028258977,0.14130960283034666,0.14130960283726904,0.14130960283034666,0.1413096028258977,0.1413096028281172,0.14130960283726904,0.1413096028662132,0.14130960283726904,0.1413096028281172,0.1413096028258977,0.14130960283034666,0.14130960283726904,0.14130960283034666,0.1413096028258977,0.14130960282372396,0.1413096028258977,0.1413096028281172,0.1413096028258977,0.14130960282372396,0.14021174687346918,0.14021174687535942,0.14021174687713997,0.14021174687535942,0.14021174687346918,0.14021174687535942,0.14021174687888777,0.1402117468837752,0.14021174687888777,0.14021174687535942,0.14021174687713997,0.1402117468837752,0.14021174690224766,0.1402117468837752,0.14021174687713997,0.14021174687535942,0.14021174687888777,0.1402117468837752,0.14021174687888777,0.14021174687535942,0.14021174687346918,0.14021174687535942,0.14021174687713997,0.14021174687535942,0.14021174687346918,0.13913530719369602,0.13913530719567382,0.1391353071973669,0.13913530719567382,0.13913530719369602,0.13913530719567382,0.13913530719899608,0.13913530720251832,0.13913530719899608,0.13913530719567382,0.1391353071973669,0.13913530720251832,0.13913530720977174,0.13913530720251832,0.1391353071973669,0.13913530719567382,0.13913530719899608,0.13913530720251832,0.13913530719899608,0.13913530719567382,0.13913530719369602,0.13913530719567382,0.1391353071973669,0.13913530719567382,0.13913530719369602,0.13807980370047587,0.13807980370349157,0.13807980370641085,0.13807980370349157,0.13807980370047587,0.13807980370349157,0.1380798037093309,0.1380798037169884,0.1380798037093309,0.13807980370349157,0.13807980370641085,0.1380798037169884,0.1380798037377565,0.1380798037169884,0.13807980370641085,0.13807980370349157,0.1380798037093309,0.1380798037169884,0.1380798037093309,0.13807980370349157,0.13807980370047587,0.13807980370349157,0.13807980370641085,0.13807980370349157,0.13807980370047587,0.13704476578674332,0.13704476579110975,0.13704476579630817,0.13704476579110975,0.13704476578674332,0.13704476579110975,0.13704476580167457,0.13704476582256503,0.13704476580167457,0.13704476579110975,0.13704476579630817,0.13704476582256503,0.13704476593747356,0.13704476582256503,0.13704476579630817,0.13704476579110975,0.13704476580167457,0.13704476582256503,0.13704476580167457,0.13704476579110975,0.13704476578674332,0.13704476579110975,0.13704476579630817,0.13704476579110975,0.13704476578674332,0.13602973235534474,0.13602973235833224,0.13602973236123472,0.13602973235833224,0.13602973235534474,0.13602973235833224,0.13602973236413665,0.13602973237184143,0.13602973236413665,0.13602973235833224,0.13602973236123472,0.13602973237184143,0.13602973239311428,0.13602973237184143,0.13602973236123472,0.13602973235833224,0.13602973236413665,0.13602973237184143,0.13602973236413665,0.13602973235833224,0.13602973235534474,0.13602973235833224,0.13602973236123472,0.13602973235833224,0.13602973235534474,0.13503425183098297,0.13503425183284137,0.13503425183436973,0.13503425183284137,0.13503425183098297,0.13503425183284137,0.13503425183581633,0.1350342518387531,0.13503425183581633,0.13503425183284137,0.13503425183436973,0.1350342518387531,0.13503425184407414,0.1350342518387531,0.13503425183436973,0.13503425183284137,0.13503425183581633,0.1350342518387531,0.13503425183581633,0.13503425183284137,0.13503425183098297,0.13503425183284137,0.13503425183436973,0.13503425183284137,0.13503425183098297
0.16533248787275462,0.16533248787275412,0.16533248787275412,0.16533248787275412,0.16533248787275462,0.16533248787275412,0.1653324878727539,0.16533248787275368,0.1653324878727539,0.16533248787275412,0.16533248787275412,0.16533248787275368,0.16533248787275343,0.16533248787275368,0.16533248787275412,0.16533248787275412,0.1653324878727539,0.16533248787275368,0.1653324878727539,0.16533248787275412,0.16533248787275462,0.16533248787275412,0.16533248787275412,0.16533248787275412,0.16533248787275462,0.1637574941522196,0.16375749415221894,0.16375749415221846,0.16375749415221894,0.1637574941522196,0.16375749415221894,0.163757494152218,0.16375749415221752,0.163757494152218,0.16375749415221894,0.16375749415221846,0.16375749415221752,0.16375749415221708,0.16375749415221752,0.16375749415221846,0.16375749415221894,0.163757494152218,0.16375749415221752,0.163757494152218,0.16375749415221894,0.1637574941522196,0.16375749415221894,0.16375749415221846,0.16375749415221894,0.1637574941522196,0.16221388436361478,0.1622138843636125,0.16221388436361114,0.1622138843636125,0.16221388436361478,0.1622138843636125,0.16221388436361026,0.16221388436360867,0.16221388436361026,0.1622138843636125,0.16221388436361114,0.16221388436360867,0.1622138843636071,0.16221388436360867,0.16221388436361114,0.1622138843636125,0.16221388436361026,0.16221388436360867,0.16221388436361026,0.1622138843636125,0.16221388436361478,0.1622138843636125,0.16221388436361114,0.1622138843636125,0.16221388436361478,0.1607010674639835,0.1607010674639766,0.1607010674639724,0.1607010674639766,0.1607010674639835,0.1607010674639766,0.16070106746396928,0.1607010674639644,0.16070106746396928,0.1607010674639766,0.1607010674639724,0.1607010674639644,0.1607010674639593,0.1607010674639644,0.1607010674639724,0.1607010674639766,0.16070106746396928,0.1607010674639644,0.16070106746396928,0.1607010674639766,0.1607010674639835,0.1607010674639766,0.1607010674639724,0.1607010674639766,0.1607010674639835,0.159218451828313,0.15921845182829278,0.15921845182827993,0.15921845182829278,0.159218451828313,0.15921845182829278,0.1592184518282699,0.15921845182825448,0.1592184518282699,0.15921845182829278,0.15921845182827993,0.15921845182825448,0.1592184518282375,0.15921845182825448,0.15921845182827993,0.15921845182829278,0.1592184518282699,0.15921845182825448,0.1592184518282699,0.15921845182829278,0.159218451828313,0.15921845182829278,0.15921845182827993,0.15921845182829278,0.159218451828313,0.1577654466013978,0.15776544660133912,0.15776544660129987,0.15776544660133912,0.1577654466013978,0.15776544660133912,0.15776544660126807,0.157765446601219,0.15776544660126807,0.15776544660133912,0.15776544660129987,0.157765446601219,0.1577654466011616,0.157765446601219,0.15776544660129987,0.15776544660133912,0.15776544660126807,0.157765446601219,0.15776544660126807,0.15776544660133912,0.1577654466013978,0.15776544660133912,0.15776544660129987,0.15776544660133912,0.1577654466013978,0.1563414629121976,0.15634146291203055,0.15634146291191428,0.15634146291203055,0.1563414629121976,0.15634146291203055,0.15634146291181517,0.15634146291165477,0.15634146291181517,0.15634146291203055,0.15634146291191428,0.15634146291165477,0.15634146291145112,0.15634146291165477,0.15634146291191428,0.15634146291203055,0.15634146291181517,0.15634146291165477,0.15634146291181517,0.15634146291203055,0.1563414629121976,0.15634146291203055,0.15634146291191428,0.15634146291203055,0.1563414629121976,0.1549459149609891,0.15494591496053664,0.1549459149601991,0.15494591496053664,0.1549459149609891,0.15494591496053664,0.1549459149598956,0.1549459149593601,0.1549459149598956,0.15494591496053664,0.1549459149601991,0.1549459149593601,0.15494591495857932,0.1549459149593601,0.1549459149601991,0.15494591496053664,0.1549459149598956,0.1549459149593601,0.1549459149598956,0.15494591496053664,0.1549459149609891,0.15494591496053664,0.1549459149601991,0.15494591496053664,0.1549459149609891,0.15357822098909746,0.15357822098796173,0.15357822098702395,0.15357822098796173,0.15357822098909746,0.15357822098796173,0.15357822098613563,0.15357822098431903,0.15357822098613563,0.15357822098796173,0.15357822098702395,0.15357822098431903,0.15357822098099747,0.15357822098431903,0.15357822098702395,0.15357822098796173,0.15357822098613563,0.15357822098431903,0.15357822098613563,0.15357822098796173,0.15357822098909746,0.15357822098796173,0.15357822098702395,0.15357822098796173,0.15357822098909746,0.1522378041404601,0.1522378041379626,0.15223780413558735,0.1522378041379626,0.1522378041404601,0.1522378041379626,0.15223780413322643,0.1522378041271691,0.15223780413322643,0.1522378041379626,0.15223780413558735,0.1522378041271691,0.15223780411119914,0.1522378041271691,0.15223780413558735,0.1522378041379626,0.15223780413322643,0.1522378041271691,0.15223780413322643,0.1522378041379626,0.1522378041404601,0.1522378041379626,0.15223780413558735,0.1522378041379626,0.1522378041404601,0.15092409322352685,0.15092409321925018,0.15092409321443415,0.15092409321925018,0.15092409322352685,0.15092409321925018,0.15092409320949135,0.15092409319193717,0.15092409320949135,0.15092409321925018,0.15092409321443415,0.15092409319193717,0.15092409310497867,0.15092409319193717,0.15092409321443415,0.15092409321925018,0.15092409320949135,0.15092409319193717,0.15092409320949135,0.15092409321925018,0.15092409322352685,0.15092409321925018,0.15092409321443415,0.15092409321925018,0.15092409322352685,0.1496365233803285,0.14963652337605013,0.1496365233714117,0.14963652337605013,0.1496365233803285,0.14963652337605013,0.1496365233666672,0.14963652335113717,0.1496365233666672,0.14963652337605013,0.1496365233714117,0.14963652335113717,0.14963652328398463,0.14963652335113717,0.1496365233714117,0.14963652337605013,0.1496365233666672,0.14963652335113717,0.1496365233666672,0.14963652337605013,0.1496365233803285,0.14963652337605013,0.1496365233714117,0.14963652337605013,0.1496365233803285,0.14837453666737627,0.14837453666432054,0.14837453666115805,0.14837453666432054,0.14837453666737627,0.14837453666432054,0.1483745366579539,0.1483745366481114,0.1483745366579539,0.14837453666432054,0.14837453666115805,0.1483745366481114,0.14837453660838593,0.1483745366481114,0.14837453666115805,0.14837453666432054,0.1483745366579539,0.1483745366481114,0.1483745366579539,0.14837453666432054,0.14837453666737627,0.14837453666432054,0.14837453666115805,0.14837453666432054,0.14837453666737627,0.1471375825650894,0.14713758256364634,0.14713758256223539,0.14713758256364634,0.1471375825650894,0.14713758256364634,0.147137582560829,0.1471375825567944,0.147137582560829,0.14713758256364634,0.14713758256223539,0.1471375825567944,0.14713758254157555,0.1471375825567944,0.14713758256223539,0.14713758256364634,0.147137582560829,0.1471375825567944,0.147137582560829,0.14713758256364634,0.1471375825650894,0.14713758256364634,0.14713758256223539,0.14713758256364634,0.1471375825650894,0.1459251184173148,0.1459251184174006,0.14592511841759379,0.1459251184174006,0.1459251184173148,0.1459251184174006,0.1459251184178178,0.14592511841890435,0.1459251184178178,0.1459251184174006,0.14592511841759379,0.14592511841890435,0.14592511842513498,0.14592511841890435,0.14592511841759379,0.1459251184174006,0.1459251184178178,0.14592511841890435,0.1459251184178178,0.1459251184174006,0.1459251184173148,0.1459251184174006,0.14592511841759379,0.1459251184174006,0.1459251184173148,0.1447366098057441,0.14473660980701464,0.1447366098084208,0.14473660980701464,0.1447366098057441,0.14473660980701464,0.14473660980986872,0.14473660981470196,0.14473660980986872,0.14473660980701464,0.1447366098084208,0.14473660981470196,0.1447366098361828,0.14473660981470196,0.1447366098084208,0.14473660980701464,0.14473660980986872,0.14473660981470196,0.14473660980986872,0.14473660980701464,0.1447366098057441,0.14473660980701464,0.1447366098084208,0.14473660980701464,0.1447366098057441,0.14357153086522462,0.14357153086723265,0.14357153086937377,0.14357153086723265,0.14357153086522462,0.14357153086723265,0.1435715308715572,0.14357153087855826,0.1435715308715572,0.14357153086723265,0.14357153086937377,0.14357153087855826,0.14357153090835073,0.14357153087855826,0.14357153086937377,0.14357153086723265,0.1435715308715572,0.14357153087855826,0.1435715308715572,0.14357153086723265,0.14357153086522462,0.14357153086723265,0.14357153086937377,0.14357153086723265,0.14357153086522462,0.1424293645453564,0.14242936454765665,0.1424293645500845,0.14242936454765665,0.1424293645453564,0.14242936454765665,0.14242936455254845,0.14242936456045374,0.14242936455254845,0.14242936454765665,0.1424293645500845,0.14242936456045374,0.14242936459453928,0.14242936456045374,0.1424293645500845,0.14242936454765665,0.14242936455254845,0.14242936456045374,0.14242936455254845,0.14242936454765665,0.1424293645453564,0.14242936454765665,0.1424293645500845,0.14242936454765665,0.1424293645453564,0.14130960282337793,0.14130960282554278,0.14130960282775237,0.14130960282554278,0.14130960282337793,0.14130960282554278,0.14130960282997185,0.1413096028368587,0.14130960282997168,0.14130960282554278,0.14130960282775237,0.1413096028368587,0.14130960286562325,0.1413096028368587,0.14130960282775237,0.14130960282554278,0.14130960282997168,0.1413096028368587,0.14130960282997168,0.14130960282554278,0.14130960282337793,0.14130960282554278,0.14130960282775237,0.14130960282554278,0.14130960282337793,0.14021174687305074,0.1402117468749311,0.14021174687670102,0.1402117468749311,0.14021174687305074,0.1402117468749311,0.14021174687843804,0.1402117468832882,0.14021174687843804,0.1402117468749311,0.14021174687670102,0.1402117468832882,0.14021174690156862,0.1402117468832882,0.14021174687670102,0.1402117468749311,0.14021174687843804,0.1402117468832882,0.14021174687843804,0.1402117468749311,0.14021174687305074,0.1402117468749311,0.14021174687670102,0.1402117468749311,0.14021174687305074,0.1391353071932239,0.1391353071951943,0.13913530719688055,0.1391353071951943,0.1391353071932239,0.1391353071951943,0.1391353071985031,0.13913530720200906,0.1391353071985031,0.1391353071951943,0.13913530719688055,0.13913530720200906,0.1391353072092237,0.13913530720200906,0.13913530719688055,0.1391353071951943,0.1391353071985031,0.13913530720200906,0.1391353071985031,0.1391353071951943,0.1391353071932239,0.1391353071951943,0.13913530719688055,0.1391353071951943,0.1391353071932239,0.13807980369996453,0.13807980370297313,0.13807980370588555,0.13807980370297313,0.13807980369996453,0.13807980370297313,0.13807980370879894,0.13807980371643971,0.13807980370879894,0.13807980370297313,0.13807980370588555,0.13807980371643971,0.138079803737165,0.13807980371643971,0.13807980370588555,0.13807980370297313,0.13807980370879894,0.13807980371643971,0.13807980370879894,0.13807980370297313,0.13807980369996453,0.13807980370297313,0.13807980370588555,0.13807980370297313,0.13807980369996453,0.1370447657862071,0.13704476579056502,0.1370447657957534,0.13704476579056502,0.1370447657862071,0.13704476579056502,0.13704476580110958,0.13704476582196143,0.13704476580110958,0.13704476579056502,0.1370447657957534,0.13704476582196143,0.13704476593666878,0.13704476582196143,0.1370447657957534,0.13704476579056502,0.13704476580110958,0.13704476582196143,0.13704476580110958,0.13704476579056502,0.1370447657862071,0.13704476579056502,0.1370447657957534,0.13704476579056502,0.1370447657862071,0.13602973235480065,0.13602973235778248,0.13602973236067964,0.13602973235778248,0.13602973235480065,0.13602973235778248,0.13602973236357602,0.13602973237126662,0.13602973236357602,0.13602973235778248,0.13602973236067964,0.13602973237126662,0.1360297323925007,0.13602973237126662,0.13602973236067947,0.13602973235778248,0.13602973236357602,0.13602973237126662,0.13602973236357602,0.13602973235778248,0.13602973235480065,0.13602973235778248,0.13602973236067947,0.13602973235778248,0.13602973235480065,0.13503425183044232,0.13503425183229723,0.13503425183382278,0.13503425183229723,0.13503425183044232,0.13503425183229723,0.13503425183526677,0.13503425183819812,0.13503425183526677,0.13503425183229723,0.13503425183382278,0.13503425183819812,0.13503425184350937,0.13503425183819812,0.13503425183382278,0.13503425183229723,0.13503425183526677,0.13503425183819812,0.13503425183526677,0.13503425183229723,0.13503425183044232,0.13503425183229723,0.13503425183382278,0.13503425183229723,0.13503425183044232
0.16533248787309515,0.16533248787309465,0.16533248787309465,0.16533248787309465,0.16533248787309515,0.16533248787309465,0.16533248787309443,0.16533248787309418,0.16533248787309443,0.16533248787309465,0.16533248787309465,0.16533248787309418,0.16533248787309396,0.16533248787309418,0.16533248787309465,0.16533248787309465,0.16533248787309443,0.16533248787309418,0.16533248787309443,0.16533248787309465,0.16533248787309515,0.16533248787309465,0.16533248787309465,0.16533248787309465,0.16533248787309515,0.16375749415255336,0.16375749415255267,0.1637574941525522,0.16375749415255267,0.16375749415255336,0.16375749415255267,0.16375749415255175,0.16375749415255128,0.16375749415255175,0.16375749415255267,0.1637574941525522,0.16375749415255128,0.1637574941525508,0.16375749415255128,0.1637574941525522,0.16375749415255267,0.16375749415255175,0.16375749415255128,0.16375749415255175,0.16375749415255267,0.16375749415255336,0.16375749415255267,0.1637574941525522,0.16375749415255267,0.16375749415255336,0.16221388436394188,0.1622138843639396,0.16221388436393824,0.1622138843639396,0.16221388436394188,0.1622138843639396,0.1622138843639371,0.16221388436393575,0.16221388436393736,0.1622138843639396,0.16221388436393824,0.16221388436393575,0.16221388436393416,0.16221388436393575,0.16221388436393824,0.1622138843639396,0.16221388436393736,0.16221388436393575,0.16221388436393736,0.1622138843639396,0.16221388436394188,0.1622138843639396,0.16221388436393824,0.1622138843639396,0.16221388436394188,0.16070106746430382,0.16070106746429716,0.16070106746429297,0.16070106746429716,0.16070106746430382,0.16070106746429716,0.16070106746428983,0.16070106746428497,0.16070106746428983,0.16070106746429716,0.16070106746429297,0.16070106746428497,0.16070106746427984,0.16070106746428497,0.16070106746429297,0.16070106746429716,0.16070106746428983,0.16070106746428497,0.16070106746428983,0.16070106746429716,0.16070106746430382,0.16070106746429716,0.16070106746429297,0.16070106746429716,0.16070106746430382,0.15921845182862696,0.15921845182860694,0.15921845182859387,0.15921845182860694,0.15921845182862696,0.15921845182860694,0.15921845182858385,0.1592184518285684,0.15921845182858385,0.15921845182860694,0.15921845182859387,0.1592184518285684,0.1592184518285514,0.1592184518285684,0.15921845182859387,0.15921845182860694,0.15921845182858385,0.1592184518285684,0.15921845182858385,0.15921845182860694,0.15921845182862696,0.15921845182860694,0.15921845182859387,0.15921845182860694,0.15921845182862696,0.15776544660170547,0.1577654466016466,0.15776544660160755,0.1577654466016466,0.15776544660170547,0.1577654466016466,0.15776544660157596,0.1577654466015269,0.15776544660157596,0.1577654466016466,0.15776544660160755,0.1577654466015269,0.1577654466014695,0.1577654466015269,0.15776544660160755,0.1577654466016466,0.15776544660157596,0.1577654466015269,0.15776544660157596,0.1577654466016466,0.15776544660170547,0.1577654466016466,0.15776544660160755,0.1577654466016466,0.15776544660170547,0.1563414629124985,0.15634146291233186,0.15634146291221582,0.15634146291233186,0.1563414629124985,0.15634146291233186,0.15634146291211667,0.15634146291195652,0.15634146291211667,0.15634146291233186,0.15634146291221582,0.15634146291195652,0.15634146291175327,0.15634146291195652,0.15634146291221582,0.15634146291233186,0.15634146291211667,0.15634146291195652,0.15634146291211667,0.15634146291233186,0.1563414629124985,0.15634146291233186,0.15634146291221582,0.15634146291233186,0.1563414629124985,0.15494591496128318,0.1549459149608313,0.1549459149604944,0.1549459149608313,0.15494591496128318,0.1549459149608313,0.1549459149601913,0.15494591495965665,0.1549459149601913,0.1549459149608313,0.1549459149604944,0.15494591495965665,0.1549459149588773,0.15494591495965665,0.1549459149604944,0.1549459149608313,0.1549459149601913,0.15494591495965665,0.1549459149601913,0.1549459149608313,0.15494591496128318,0.1549459149608313,0.1549459149604944,0.1549459149608313,0.15494591496128318,0.15357822098938329,0.1535782209882491,0.153578220987313,0.1535782209882491,0.15357822098938329,0.1535782209882491,0.15357822098642607,0.15357822098461224,0.15357822098642607,0.1535782209882491,0.153578220987313,0.15357822098461224,0.15357822098129573,0.15357822098461224,0.153578220987313,0.1535782209882491,0.15357822098642607,0.15357822098461224,0.15357822098642607,0.1535782209882491,0.15357822098938329,0.1535782209882491,0.153578220987313,0.1535782209882491,0.15357822098938329,0.15223780414073368,0.15223780413824015,0.15223780413586882,0.15223780413824015,0.15223780414073368,0.15223780413824015,0.15223780413351168,0.15223780412746357,0.15223780413351168,0.15223780413824015,0.15223780413586882,0.15223780412746357,0.1522378041115186,0.15223780412746357,0.15223780413586882,0.15223780413824015,0.15223780413351168,0.15223780412746357,0.15223780413351168,0.15223780413824015,0.15223780414073368,0.15223780413824015,0.15223780413586882,0.15223780413824015,0.15223780414073368,0.15092409322378014,0.15092409321951042,0.1509240932147023,0.15092409321951042,0.15092409322378014,0.15092409321951042,0.1509240932097672,0.15092409319224043,0.1509240932097672,0.15092409321951042,0.1509240932147023,0.15092409319224043,0.15092409310542104,0.15092409319224043,0.1509240932147023,0.15092409321951042,0.1509240932097672,0.15092409319224043,0.1509240932097672,0.15092409321951042,0.15092409322378014,0.15092409321951042,0.1509240932147023,0.15092409321951042,0.15092409322378014,0.1496365233805471,0.14963652337627625,0.1496365233716456,0.14963652337627625,0.1496365233805471,0.14963652337627625,0.14963652336690905,0.1496365233514038,0.14963652336690905,0.14963652337627625,0.1496365233716456,0.1496365233514038,0.14963652328434635,0.1496365233514038,0.1496365233716456,0.14963652337627625,0.14963652336690905,0.1496365233514038,0.14963652336690905,0.14963652337627625,0.1496365233805471,0.14963652337627625,0.1496365233716456,0.14963652337627625,0.1496365233805471,0.14837453666754455,0.1483745366644955,0.14837453666133985,0.1483745366644955,0.14837453666754455,0.1483745366644955,0.1483745366581424,0.14837453664832007,0.1483745366581424,0.1483745366644955,0.14837453666133985,0.14837453664832007,0.1483745366086539,0.14837453664832007,0.14837453666133985,0.1483745366644955,0.1483745366581424,0.14837453664832007,0.1483745366581424,0.1483745366644955,0.14837453666754455,0.1483745366644955,0.14837453666133985,0.1483745366644955,0.14837453666754455,0.1471375825651928,0.1471375825637555,0.14713758256235057,0.1471375825637555,0.1471375825651928,0.1471375825637555,0.14713758256095,0.14713758255693338,0.14713758256095,0.1471375825637555,0.14713758256235057,0.14713758255693338,0.14713758254180517,0.14713758255693338,0.14713758256235057,0.1471375825637555,0.14713758256095,0.14713758255693338,0.14713758256095,0.1471375825637555,0.1471375825651928,0.1471375825637555,0.14713758256235057,0.1471375825637555,0.1471375825651928,0.1459251184173402,0.1459251184174307,0.14592511841762906,0.1459251184174307,0.1459251184173402,0.1459251184174307,0.14592511841785805,0.14592511841896114,0.14592511841785805,0.1459251184174307,0.14592511841762906,0.14592511841896114,0.14592511842523578,0.14592511841896114,0.14592511841762906,0.1459251184174307,0.14592511841785805,0.14592511841896114,0.14592511841785805,0.1459251184174307,0.1459251184173402,0.1459251184174307,0.14592511841762906,0.1459251184174307,0.1459251184173402,0.1447366098056807,0.14473660980695388,0.14473660980836306,0.14473660980695388,0.1447366098056807,0.14473660980695388,0.14473660980981423,0.144736609814658,0.14473660980981423,0.14473660980695388,0.14473660980836306,0.144736609814658,0.1447366098361945,0.144736609814658,0.14473660980836306,0.14473660980695388,0.14473660980981423,0.144736609814658,0.14473660980981423,0.14473660980695388,0.1447366098056807,0.14473660980695388,0.14473660980836306,0.14473660980695388,0.1447366098056807,0.1435715308650655,0.14357153086707317,0.14357153086921412,0.14357153086707317,0.1435715308650655,0.14357153086707317,0.14357153087139735,0.14357153087839927,0.14357153087139735,0.14357153086707317,0.14357153086921412,0.14357153087839927,0.14357153090818559,0.14357153087839927,0.14357153086921412,0.14357153086707317,0.14357153087139735,0.14357153087839927,0.14357153087139735,0.14357153086707317,0.1435715308650655,0.14357153086707317,0.14357153086921412,0.14357153086707317,0.1435715308650655,0.1424293645451009,0.14242936454739677,0.14242936454982044,0.14242936454739677,0.1424293645451009,0.14242936454739677,0.14242936455228006,0.14242936456017394,0.14242936455228006,0.14242936454739677,0.14242936454982044,0.14242936456017394,0.14242936459422006,0.14242936456017394,0.14242936454982044,0.14242936454739677,0.14242936455228006,0.14242936456017394,0.14242936455228006,0.14242936454739677,0.1424293645451009,0.14242936454739677,0.14242936454982044,0.14242936454739677,0.1424293645451009,0.1413096028230337,0.14130960282518984,0.14130960282738955,0.14130960282518984,0.1413096028230337,0.14130960282518984,0.14130960282959884,0.14130960283645064,0.14130960282959884,0.14130960282518984,0.14130960282738955,0.14130960283645064,0.14130960286507674,0.14130960283645064,0.14130960282738955,0.14130960282518984,0.14130960282959884,0.14130960283645064,0.14130960282959884,0.14130960282518984,0.1413096028230337,0.14130960282518984,0.14130960282738955,0.14130960282518984,0.1413096028230337,0.14021174687263455,0.14021174687450524,0.1402117468762645,0.14021174687450524,0.14021174687263455,0.14021174687450524,0.1402117468779907,0.1402117468828038,0.1402117468779907,0.14021174687450524,0.1402117468762645,0.1402117468828038,0.14021174690090624,0.1402117468828038,0.1402117468762645,0.14021174687450524,0.1402117468779907,0.1402117468828038,0.1402117468779907,0.14021174687450524,0.14021174687263455,0.14021174687450524,0.1402117468762645,0.14021174687450524,0.14021174687263455,0.13913530719275463,0.13913530719471742,0.13913530719639686,0.13913530719471742,0.13913530719275463,0.13913530719471742,0.1391353071980128,0.1391353072015028,0.1391353071980128,0.13913530719471742,0.13913530719639686,0.1391353072015028,0.1391353072086787,0.1391353072015028,0.13913530719639686,0.13913530719471742,0.1391353071980128,0.1391353072015028,0.1391353071980128,0.13913530719471742,0.13913530719275463,0.13913530719471742,0.13913530719639686,0.13913530719471742,0.13913530719275463,0.13807980369945633,0.1380798037024576,0.13807980370536338,0.1380798037024576,0.13807980369945633,0.1380798037024576,0.1380798037082701,0.1380798037158941,0.1380798037082701,0.1380798037024576,0.13807980370536338,0.1380798037158941,0.1380798037365771,0.1380798037158941,0.13807980370536338,0.1380798037024576,0.1380798037082701,0.1380798037158941,0.1380798037082701,0.1380798037024576,0.13807980369945633,0.1380798037024576,0.13807980370536338,0.1380798037024576,0.13807980369945633,0.13704476578567404,0.13704476579002328,0.13704476579520192,0.13704476579002328,0.13704476578567404,0.13704476579002328,0.1370447658005481,0.13704476582136163,0.1370447658005481,0.13704476579002328,0.13704476579520192,0.13704476582136163,0.13704476593587256,0.13704476582136163,0.13704476579520192,0.13704476579002328,0.1370447658005481,0.13704476582136163,0.1370447658005481,0.13704476579002328,0.13704476578567404,0.13704476579002328,0.13704476579520192,0.13704476579002328,0.13704476578567404,0.13602973235425986,0.13602973235723603,0.1360297323601276,0.13602973235723603,0.13602973235425986,0.13602973235723603,0.1360297323630188,0.13602973237069538,0.1360297323630188,0.13602973235723603,0.1360297323601276,0.13602973237069538,0.13602973239189098,0.13602973237069538,0.1360297323601276,0.13602973235723603,0.1360297323630188,0.13602973237069538,0.1360297323630188,0.13602973235723603,0.13602973235425986,0.13602973235723603,0.1360297323601276,0.13602973235723603,0.13602973235425986,0.13503425182990503,0.13503425183175644,0.13503425183327908,0.13503425183175644,0.13503425182990503,0.13503425183175644,0.1350342518347204,0.13503425183764636,0.1350342518347204,0.13503425183175644,0.13503425183327908,0.13503425183764636,0.13503425184294807,0.13503425183764636,0.13503425183327908,0.13503425183175644,0.1350342518347204,0.13503425183764636,0.1350342518347204,0.13503425183175644,0.13503425182990503,0.13503425183175644,0.13503425183327908,0.13503425183175644,0.13503425182990503
0.16533248787343355,0.1653324878734333,0.16533248787343308,0.1653324878734333,0.16533248787343355,0.1653324878734333,0.16533248787343308,0.16533248787343283,0.16533248787343308,0.1653324878734333,0.16533248787343308,0.16533248787343283,0.16533248787343258,0.16533248787343283,0.16533248787343308,0.1653324878734333,0.16533248787343308,0.16533248787343283,0.16533248787343308,0.1653324878734333,0.16533248787343355,0.1653324878734333,0.16533248787343308,0.1653324878734333,0.16533248787343355,0.16375749415288504,0.16375749415288432,0.16375749415288388,0.16375749415288432,0.16375749415288504,0.16375749415288432,0.16375749415288365,0.16375749415288315,0.16375749415288365,0.16375749415288432,0.16375749415288388,0.16375749415288315,0.1637574941528827,0.16375749415288315,0.16375749415288388,0.16375749415288432,0.16375749415288365,0.16375749415288315,0.16375749415288365,0.16375749415288432,0.16375749415288504,0.16375749415288432,0.16375749415288388,0.16375749415288432,0.16375749415288504,0.16221388436426692,0.16221388436426468,0.16221388436426332,0.16221388436426468,0.16221388436426692,0.16221388436426468,0.1622138843642624,0.16221388436426082,0.1622138843642624,0.16221388436426468,0.16221388436426332,0.16221388436426082,0.1622138843642592,0.16221388436426082,0.16221388436426332,0.16221388436426468,0.1622138843642624,0.16221388436426082,0.1622138843642624,0.16221388436426468,0.16221388436426692,0.16221388436426468,0.16221388436426332,0.16221388436426468,0.16221388436426692,0.16070106746462243,0.16070106746461574,0.16070106746461152,0.16070106746461574,0.16070106746462243,0.16070106746461574,0.1607010674646084,0.16070106746460353,0.1607010674646084,0.16070106746461574,0.16070106746461152,0.16070106746460353,0.16070106746459842,0.16070106746460353,0.16070106746461152,0.16070106746461574,0.1607010674646084,0.16070106746460353,0.1607010674646084,0.16070106746461574,0.16070106746462243,0.16070106746461574,0.16070106746461152,0.16070106746461574,0.16070106746462243,0.15921845182893896,0.15921845182891892,0.15921845182890607,0.15921845182891892,0.15921845182893896,0.15921845182891892,0.15921845182889605,0.1592184518288808,0.15921845182889605,0.15921845182891892,0.15921845182890607,0.1592184518288808,0.15921845182886385,0.1592184518288808,0.15921845182890607,0.15921845182891892,0.15921845182889605,0.1592184518288808,0.15921845182889605,0.15921845182891892,0.15921845182893896,0.15921845182891892,0.15921845182890607,0.15921845182891892,0.15921845182893896,0.157765446602011,0.15776544660195257,0.1577654466019135,0.15776544660195257,0.157765446602011,0.15776544660195257,0.1577654466018817,0.15776544660183286,0.1577654466018817,0.15776544660195257,0.1577654466019135,0.15776544660183286,0.15776544660177566,0.15776544660183286,0.1577654466019135,0.15776544660195257,0.1577654466018817,0.15776544660183286,0.1577654466018817,0.15776544660195257,0.157765446602011,0.15776544660195257,0.1577654466019135,0.15776544660195257,0.157765446602011,0.15634146291279777,0.15634146291263132,0.15634146291251547,0.15634146291263132,0.15634146291279777,0.15634146291263132,0.15634146291241657,0.1563414629122566,0.15634146291241657,0.15634146291263132,0.15634146291251547,0.1563414629122566,0.15634146291205375,0.1563414629122566,0.15634146291251547,0.15634146291263132,0.15634146291241657,0.1563414629122566,0.15634146291241657,0.15634146291263132,0.15634146291279777,0.15634146291263132,0.15634146291251547,0.15634146291263132,0.15634146291279777,0.1549459149615754,0.15494591496112436,0.15494591496078786,0.15494591496112436,0.1549459149615754,0.15494591496112436,0.15494591496048538,0.15494591495995155,0.15494591496048538,0.15494591496112436,0.15494591496078786,0.15494591495995155,0.1549459149591732,0.15494591495995155,0.15494591496078786,0.15494591496112436,0.15494591496048538,0.15494591495995155,0.15494591496048538,0.15494591496112436,0.1549459149615754,0.15494591496112436,0.15494591496078786,0.15494591496112436,0.1549459149615754,0.15357822098966725,0.1535782209885349,0.15357822098760018,0.1535782209885349,0.15357822098966725,0.1535782209885349,0.15357822098671467,0.15357822098490367,0.15357822098671467,0.1535782209885349,0.15357822098760018,0.15357822098490367,0.15357822098159257,0.15357822098490367,0.15357822098760018,0.1535782209885349,0.15357822098671467,0.15357822098490367,0.15357822098671467,0.1535782209885349,0.15357822098966725,0.1535782209885349,0.15357822098760018,0.1535782209885349,0.15357822098966725,0.15223780414100593,0.15223780413851631,0.1522378041361485,0.15223780413851631,0.15223780414100593,0.15223780413851631,0.15223780413379512,0.15223780412775667,0.15223780413379512,0.15223780413851631,0.1522378041361485,0.15223780412775667,0.1522378041118365,0.15223780412775667,0.1522378041361485,0.15223780413851631,0.15223780413379512,0.15223780412775667,0.15223780413379512,0.15223780413851631,0.15223780414100593,0.15223780413851631,0.1522378041361485,0.15223780413851631,0.15223780414100593,0.1509240932240321,0.15092409321976932,0.15092409321496872,0.15092409321976932,0.1509240932240321,0.15092409321976932,0.15092409321004155,0.15092409319254216,0.15092409321004155,0.15092409321976932,0.15092409321496872,0.15092409319254216,0.15092409310586438,0.15092409319254216,0.15092409321496872,0.15092409321976932,0.15092409321004155,0.15092409319254216,0.15092409321004155,0.15092409321976932,0.1509240932240321,0.15092409321976932,0.15092409321496872,0.15092409321976932,0.1509240932240321,0.14963652338076452,0.14963652337650105,0.14963652337187816,0.14963652337650105,0.14963652338076452,0.14963652337650105,0.14963652336714936,0.1496365233516687,0.14963652336714936,0.14963652337650105,0.14963652337187816,0.1496365233516687,0.14963652328471905,0.1496365233516687,0.14963652337187816,0.14963652337650105,0.14963652336714936,0.1496365233516687,0.14963652336714936,0.14963652337650105,0.14963652338076452,0.14963652337650105,0.14963652337187816,0.14963652337650105,0.14963652338076452,0.14837453666771172,0.14837453666466935,0.1483745366615204,0.14837453666466935,0.14837453666771172,0.14837453666466935,0.14837453665832975,0.14837453664852726,0.14837453665832975,0.14837453666466935,0.1483745366615204,0.14837453664852726,0.14837453660894287,0.14837453664852726,0.1483745366615204,0.14837453666466935,0.14837453665832975,0.14837453664852726,0.14837453665832975,0.14837453666466935,0.14837453666771172,0.14837453666466935,0.1483745366615204,0.14837453666466935,0.14837453666771172,0.1471375825652954,0.14713758256386378,0.1471375825624648,0.14713758256386378,0.1471375825652954,0.14713758256386378,0.14713758256107026,0.14713758255707143,0.14713758256107026,0.14713758256386378,0.1471375825624648,0.14713758255707143,0.14713758254202514,0.14713758255707143,0.1471375825624648,0.14713758256386378,0.14713758256107026,0.14713758255707143,0.14713758256107026,0.14713758256386378,0.1471375825652954,0.14713758256386378,0.1471375825624648,0.14713758256386378,0.1471375825652954,0.14592511841736536,0.14592511841746061,0.14592511841766376,0.14592511841746061,0.14592511841736536,0.14592511841746061,0.14592511841789793,0.14592511841901742,0.14592511841789793,0.14592511841746061,0.14592511841766376,0.14592511841901742,0.14592511842536843,0.14592511841901742,0.14592511841766376,0.14592511841746061,0.14592511841789793,0.14592511841901742,0.14592511841789793,0.14592511841746061,0.14592511841736536,0.14592511841746061,0.14592511841766376,0.14592511841746061,0.14592511841736536,0.14473660980561753,0.1447366098068935,0.1447366098083058,0.1447366098068935,0.14473660980561753,0.1447366098068935,0.14473660980975997,0.14473660981461436,0.14473660980975997,0.1447366098068935,0.1447366098083058,0.14473660981461436,0.1447366098361978,0.14473660981461436,0.1447366098083058,0.1447366098068935,0.14473660980975997,0.14473660981461436,0.14473660980975997,0.1447366098068935,0.14473660980561753,0.1447366098068935,0.1447366098083058,0.1447366098068935,0.14473660980561753,0.1435715308649072,0.14357153086691435,0.14357153086905533,0.14357153086691435,0.1435715308649072,0.14357153086691435,0.14357153087123856,0.14357153087824137,0.14357153087123856,0.14357153086691435,0.14357153086905533,0.14357153087824137,0.14357153090804733,0.14357153087824137,0.14357153086905533,0.14357153086691435,0.14357153087123856,0.14357153087824137,0.14357153087123856,0.14357153086691435,0.1435715308649072,0.14357153086691435,0.14357153086905533,0.14357153086691435,0.1435715308649072,0.14242936454484695,0.14242936454713845,0.14242936454955776,0.14242936454713845,0.14242936454484695,0.14242936454713845,0.14242936455201316,0.14242936455989563,0.14242936455201316,0.14242936454713845,0.14242936454955776,0.14242936455989563,0.1424293645938958,0.14242936455989563,0.14242936454955776,0.14242936454713845,0.14242936455201316,0.14242936455989563,0.14242936455201316,0.14242936454713845,0.14242936454484695,0.14242936454713845,0.14242936454955776,0.14242936454713845,0.14242936454484695,0.14130960282269145,0.1413096028248387,0.1413096028270289,0.1413096028248387,0.14130960282269145,0.1413096028248387,0.14130960282922814,0.14130960283604474,0.14130960282922814,0.1413096028248387,0.1413096028270289,0.14130960283604474,0.14130960286449865,0.14130960283604474,0.1413096028270289,0.1413096028248387,0.14130960282922814,0.14130960283604474,0.14130960282922814,0.1413096028248387,0.14130960282269145,0.1413096028248387,0.1413096028270289,0.1413096028248387,0.14130960282269145,0.1402117468722206,0.14021174687408178,0.14021174687583057,0.14021174687408178,0.1402117468722206,0.14021174687408178,0.14021174687754598,0.14021174688232196,0.14021174687754598,0.14021174687408178,0.14021174687583057,0.14021174688232196,0.140211746900257,0.14021174688232196,0.14021174687583057,0.14021174687408178,0.14021174687754598,0.14021174688232196,0.14021174687754598,0.14021174687408178,0.1402117468722206,0.14021174687408178,0.14021174687583057,0.14021174687408178,0.1402117468722206,0.13913530719228787,0.1391353071942434,0.13913530719591607,0.1391353071942434,0.13913530719228787,0.1391353071942434,0.13913530719752532,0.13913530720099937,0.13913530719752532,0.1391353071942434,0.13913530719591607,0.13913530720099937,0.13913530720813685,0.13913530720099937,0.13913530719591607,0.1391353071942434,0.13913530719752532,0.13913530720099937,0.13913530719752532,0.1391353071942434,0.13913530719228787,0.1391353071942434,0.13913530719591607,0.1391353071942434,0.13913530719228787,0.138079803698951,0.1380798037019452,0.1380798037048443,0.1380798037019452,0.138079803698951,0.1380798037019452,0.13807980370774436,0.13807980371535192,0.13807980370774436,0.1380798037019452,0.1380798037048443,0.13807980371535192,0.13807980373599257,0.13807980371535192,0.1380798037048443,0.1380798037019452,0.13807980370774436,0.13807980371535192,0.13807980370774436,0.1380798037019452,0.138079803698951,0.1380798037019452,0.1380798037048443,0.1380798037019452,0.138079803698951,0.13704476578514416,0.13704476578948493,0.13704476579465366,0.13704476578948493,0.13704476578514416,0.13704476578948493,0.13704476579998984,0.13704476582076533,0.13704476579998984,0.13704476578948493,0.13704476579465366,0.13704476582076533,0.13704476593507448,0.13704476582076533,0.13704476579465366,0.13704476578948493,0.13704476579998984,0.13704476582076533,0.13704476579998984,0.13704476578948493,0.13704476578514416,0.13704476578948493,0.13704476579465366,0.13704476578948493,0.13704476578514416,0.13602973235372215,0.13602973235669283,0.13602973235957921,0.13602973235669283,0.13602973235372215,0.13602973235669283,0.13602973236246502,0.13602973237012744,0.13602973236246502,0.13602973235669283,0.13602973235957921,0.13602973237012744,0.1360297323912849,0.13602973237012744,0.13602973235957921,0.13602973235669283,0.13602973236246502,0.13602973237012744,0.13602973236246502,0.13602973235669283,0.13602973235372215,0.13602973235669283,0.13602973235957921,0.13602973235669283,0.13602973235372215,0.13503425182937084,0.13503425183121884,0.1350342518327387,0.13503425183121884,0.13503425182937084,0.13503425183121884,0.13503425183417742,0.13503425183709794,0.13503425183417742,0.13503425183121884,0.1350342518327387,0.13503425183709794,0.13503425184239007,0.13503425183709794,0.1350342518327387,0.13503425183121884,0.13503425183417742,0.13503425183709794,0.13503425183417742,0.13503425183121884,0.13503425182937084,0.13503425183121884,0.1350342518327387,0.13503425183121884,0.13503425182937084
0.16533248787377028,0.16533248787377006,0.16533248787376983,0.16533248787377006,0.16533248787377028,0.16533248787377006,0.16533248787376983,0.16533248787376958,0.16533248787376983,0.16533248787377006,0.16533248787376983,0.16533248787376958,0.16533248787376936,0.16533248787376958,0.16533248787376983,0.16533248787377006,0.16533248787376983,0.16533248787376958,0.16533248787376983,0.16533248787377006,0.16533248787377028,0.16533248787377006,0.16533248787376983,0.16533248787377006,0.16533248787377028,0.16375749415321506,0.1637574941532144,0.16375749415321392,0.1637574941532144,0.16375749415321506,0.1637574941532144,0.1637574941532137,0.16375749415321322,0.1637574941532137,0.1637574941532144,0.16375749415321392,0.16375749415321322,0.16375749415321253,0.16375749415321322,0.16375749415321392,0.1637574941532144,0.1637574941532137,0.16375749415321322,0.1637574941532137,0.1637574941532144,0.16375749415321506,0.1637574941532144,0.16375749415321392,0.1637574941532144,0.16375749415321506,0.1622138843645904,0.16221388436458814,0.16221388436458678,0.16221388436458814,0.1622138843645904,0.16221388436458814,0.16221388436458586,0.16221388436458428,0.16221388436458586,0.16221388436458814,0.16221388436458678,0.16221388436458428,0.1622138843645827,0.16221388436458428,0.16221388436458678,0.16221388436458814,0.16221388436458586,0.16221388436458428,0.16221388436458586,0.16221388436458814,0.1622138843645904,0.16221388436458814,0.16221388436458678,0.16221388436458814,0.1622138843645904,0.1607010674649394,0.16070106746493276,0.16070106746492854,0.16070106746493276,0.1607010674649394,0.16070106746493276,0.16070106746492543,0.16070106746492052,0.16070106746492543,0.16070106746493276,0.16070106746492854,0.16070106746492052,0.16070106746491541,0.16070106746492052,0.16070106746492854,0.16070106746493276,0.16070106746492543,0.16070106746492052,0.16070106746492543,0.16070106746493276,0.1607010674649394,0.16070106746493276,0.16070106746492854,0.16070106746493276,0.1607010674649394,0.15921845182924962,0.15921845182922958,0.15921845182921654,0.15921845182922958,0.15921845182924962,0.15921845182922958,0.15921845182920652,0.15921845182919128,0.15921845182920652,0.15921845182922958,0.15921845182921654,0.15921845182919128,0.1592184518291743,0.15921845182919128,0.15921845182921654,0.15921845182922958,0.15921845182920652,0.15921845182919128,0.15921845182920652,0.15921845182922958,0.15921845182924962,0.15921845182922958,0.15921845182921654,0.15921845182922958,0.15921845182924962,0.15776544660231526,0.15776544660225658,0.15776544660221775,0.15776544660225658,0.15776544660231526,0.15776544660225658,0.1577654466021862,0.15776544660213712,0.1577654466021862,0.15776544660225658,0.15776544660221775,0.15776544660213712,0.15776544660208014,0.15776544660213712,0.15776544660221775,0.15776544660225658,0.1577654466021862,0.15776544660213712,0.1577654466021862,0.15776544660225658,0.15776544660231526,0.15776544660225658,0.15776544660221775,0.15776544660225658,0.15776544660231526,0.15634146291309553,0.15634146291292927,0.15634146291281364,0.15634146291292927,0.15634146291309553,0.15634146291292927,0.15634146291271495,0.15634146291255518,0.15634146291271495,0.15634146291292927,0.15634146291281364,0.15634146291255518,0.1563414629123526,0.15634146291255518,0.15634146291281364,0.15634146291292927,0.15634146291271495,0.15634146291255518,0.15634146291271495,0.15634146291292927,0.15634146291309553,0.15634146291292927,0.15634146291281364,0.15634146291292927,0.15634146291309553,0.15494591496186622,0.15494591496141577,0.1549459149610799,0.15494591496141577,0.15494591496186622,0.15494591496141577,0.1549459149607778,0.1549459149602448,0.1549459149607778,0.15494591496141577,0.1549459149610799,0.1549459149602448,0.1549459149594679,0.1549459149602448,0.1549459149610799,0.15494591496141577,0.1549459149607778,0.1549459149602448,0.1549459149607778,0.15494591496141577,0.15494591496186622,0.15494591496141577,0.1549459149610799,0.15494591496141577,0.15494591496186622,0.15357822098994983,0.15357822098881932,0.15357822098788598,0.15357822098881932,0.15357822098994983,0.15357822098881932,0.15357822098700186,0.15357822098519366,0.15357822098700186,0.15357822098881932,0.15357822098788598,0.15357822098519366,0.15357822098188761,0.15357822098519366,0.15357822098788598,0.15357822098881932,0.15357822098700186,0.15357822098519366,0.15357822098700186,0.15357822098881932,0.15357822098994983,0.15357822098881932,0.15357822098788598,0.15357822098881932,0.15357822098994983,0.15223780414127658,0.15223780413879087,0.15223780413642685,0.15223780413879087,0.15223780414127658,0.15223780413879087,0.15223780413407717,0.152237804128048,0.15223780413407717,0.15223780413879087,0.15223780413642685,0.152237804128048,0.15223780411215262,0.152237804128048,0.15223780413642685,0.15223780413879087,0.15223780413407717,0.152237804128048,0.15223780413407717,0.15223780413879087,0.15223780414127658,0.15223780413879087,0.15223780413642685,0.15223780413879087,0.15223780414127658,0.1509240932242827,0.15092409322002687,0.15092409321523378,0.15092409322002687,0.1509240932242827,0.15092409322002687,0.1509240932103143,0.15092409319284236,0.1509240932103143,0.15092409322002687,0.15092409321523378,0.15092409319284236,0.15092409310627916,0.15092409319284236,0.15092409321523378,0.15092409322002687,0.1509240932103143,0.15092409319284236,0.1509240932103143,0.15092409322002687,0.1509240932242827,0.15092409322002687,0.15092409321523378,0.15092409322002687,0.1509240932242827,0.14963652338098085,0.14963652337672456,0.1496365233721094,0.14963652337672456,0.14963652338098085,0.14963652337672456,0.14963652336738856,0.14963652335193248,0.14963652336738856,0.14963652337672456,0.1496365233721094,0.14963652335193248,0.14963652328510307,0.14963652335193248,0.1496365233721094,0.14963652337672456,0.14963652336738856,0.14963652335193248,0.14963652336738856,0.14963652337672456,0.14963652338098085,0.14963652337672456,0.1496365233721094,0.14963652337672456,0.14963652338098085,0.14837453666787792,0.14837453666484224,0.14837453666169997,0.14837453666484224,0.14837453666787792,0.14837453666484224,0.14837453665851602,0.14837453664873337,0.14837453665851602,0.14837453666484224,0.14837453666169997,0.14837453664873337,0.14837453660922456,0.14837453664873337,0.14837453666169997,0.14837453666484224,0.14837453665851602,0.14837453664873337,0.14837453665851602,0.14837453666484224,0.14837453666787792,0.14837453666484224,0.14837453666169997,0.14837453666484224,0.14837453666787792,0.14713758256539733,0.1471375825639717,0.14713758256257856,0.1471375825639717,0.14713758256539733,0.1471375825639717,0.1471375825611898,0.1471375825572084,0.1471375825611898,0.1471375825639717,0.14713758256257856,0.1471375825572084,0.14713758254221862,0.1471375825572084,0.14713758256257856,0.1471375825639717,0.1471375825611898,0.1471375825572084,0.1471375825611898,0.1471375825639717,0.14713758256539733,0.1471375825639717,0.14713758256257856,0.1471375825639717,0.14713758256539733,0.14592511841739025,0.14592511841749015,0.1459251184176985,0.14592511841749015,0.14592511841739025,0.14592511841749015,0.14592511841793765,0.14592511841907316,0.14592511841793765,0.14592511841749015,0.1459251184176985,0.14592511841907316,0.1459251184254847,0.14592511841907316,0.1459251184176985,0.14592511841749015,0.14592511841793765,0.14592511841907316,0.14592511841793765,0.14592511841749015,0.14592511841739025,0.14592511841749015,0.1459251184176985,0.14592511841749015,0.14592511841739025,0.1447366098055547,0.14473660980683328,0.14473660980824854,0.14473660980683328,0.1447366098055547,0.14473660980683328,0.14473660980970585,0.1447366098145707,0.14473660980970585,0.14473660980683328,0.14473660980824854,0.1447366098145707,0.14473660983620162,0.1447366098145707,0.14473660980824854,0.14473660980683328,0.14473660980970585,0.1447366098145707,0.14473660980970585,0.14473660980683328,0.1447366098055547,0.14473660980683328,0.14473660980824854,0.14473660980683328,0.1447366098055547,0.1435715308647496,0.1435715308667566,0.14357153086889737,0.1435715308667566,0.1435715308647496,0.1435715308667566,0.14357153087108063,0.14357153087808444,0.14357153087108063,0.1435715308667566,0.14357153086889737,0.14357153087808444,0.14357153090789454,0.14357153087808444,0.14357153086889737,0.1435715308667566,0.14357153087108063,0.14357153087808444,0.14357153087108063,0.1435715308667566,0.1435715308647496,0.1435715308667566,0.14357153086889737,0.1435715308667566,0.1435715308647496,0.14242936454459415,0.14242936454688146,0.14242936454929658,0.14242936454688146,0.14242936454459415,0.14242936454688146,0.14242936455174776,0.1424293645596192,0.14242936455174776,0.14242936454688146,0.14242936454929658,0.1424293645596192,0.14242936459360306,0.1424293645596192,0.14242936454929658,0.14242936454688146,0.14242936455174776,0.1424293645596192,0.14242936455174776,0.14242936454688146,0.14242936454459415,0.14242936454688146,0.14242936454929658,0.14242936454688146,0.14242936454459415,0.141309602822351,0.1413096028244897,0.14130960282667004,0.1413096028244897,0.141309602822351,0.1413096028244897,0.1413096028288594,0.14130960283564115,0.1413096028288594,0.1413096028244897,0.14130960282667004,0.14130960283564115,0.14130960286391694,0.14130960283564115,0.14130960282667004,0.1413096028244897,0.1413096028288594,0.14130960283564115,0.1413096028288594,0.1413096028244897,0.141309602822351,0.1413096028244897,0.14130960282667004,0.1413096028244897,0.141309602822351,0.1402117468718091,0.14021174687366075,0.14021174687539908,0.14021174687366075,0.1402117468718091,0.14021174687366075,0.14021174687710367,0.14021174688184274,0.14021174687710367,0.14021174687366075,0.14021174687539908,0.14021174688184274,0.14021174689960375,0.14021174688184274,0.14021174687539908,0.14021174687366075,0.14021174687710367,0.14021174688184274,0.14021174687710367,0.14021174687366075,0.1402117468718091,0.14021174687366075,0.14021174687539908,0.14021174687366075,0.1402117468718091,0.13913530719182382,0.13913530719377207,0.1391353071954381,0.13913530719377207,0.13913530719182382,0.13913530719377207,0.13913530719704054,0.1391353072004988,0.13913530719704054,0.13913530719377207,0.1391353071954381,0.1391353072004988,0.13913530720759787,0.1391353072004988,0.1391353071954381,0.13913530719377207,0.13913530719704054,0.1391353072004988,0.13913530719704054,0.13913530719377207,0.13913530719182382,0.13913530719377207,0.1391353071954381,0.13913530719377207,0.13913530719182382,0.1380798036984487,0.13807980370143574,0.13807980370432818,0.13807980370143574,0.1380798036984487,0.13807980370143574,0.13807980370722156,0.13807980371481285,0.13807980370722156,0.13807980370143574,0.13807980370432818,0.13807980371481285,0.13807980373541162,0.13807980371481285,0.13807980370432818,0.13807980370143574,0.13807980370722156,0.13807980371481285,0.13807980370722156,0.13807980370143574,0.1380798036984487,0.13807980370143574,0.13807980370432818,0.13807980370143574,0.1380798036984487,0.13704476578461736,0.13704476578894975,0.13704476579410876,0.13704476578894975,0.13704476578461736,0.13704476578894975,0.13704476579943503,0.13704476582017266,0.13704476579943503,0.13704476578894975,0.13704476579410876,0.13704476582017266,0.1370447659342556,0.13704476582017266,0.13704476579410876,0.13704476578894975,0.13704476579943503,0.13704476582017266,0.13704476579943503,0.13704476578894975,0.13704476578461736,0.13704476578894975,0.13704476579410876,0.13704476578894975,0.13704476578461736,0.13602973235318774,0.1360297323561529,0.13602973235903393,0.1360297323561529,0.13602973235318774,0.1360297323561529,0.13602973236191437,0.13602973236956306,0.13602973236191437,0.1360297323561529,0.13602973235903393,0.13602973236956306,0.13602973239068264,0.13602973236956306,0.13602973235903393,0.1360297323561529,0.13602973236191437,0.13602973236956306,0.13602973236191437,0.1360297323561529,0.13602973235318774,0.1360297323561529,0.13602973235903393,0.1360297323561529,0.13602973235318774,0.13503425182883985,0.13503425183068452,0.13503425183220158,0.13503425183068452,0.13503425182883985,0.13503425183068452,0.13503425183363765,0.1350342518365529,0.13503425183363765,0.13503425183068452,0.13503425183220158,0.1350342518365529,0.1350342518418355,0.1350342518365529,0.13503425183220158,0.13503425183068452,0.13503425183363765,0.1350342518365529,0.13503425183363765,0.13503425183068452,0.13503425182883985,0.13503425183068452,0.13503425183220158,0.13503425183068452,0.13503425182883985
0.16533248787410515,0.16533248787410493,0.1653324878741047,0.16533248787410493,0.16533248787410515,0.16533248787410493,0.1653324878741047,0.16533248787410446,0.1653324878741047,0.16533248787410493,0.1653324878741047,0.16533248787410446,0.1653324878741042,0.16533248787410446,0.1653324878741047,0.16533248787410493,0.1653324878741047,0.16533248787410446,0.1653324878741047,0.16533248787410493,0.16533248787410515,0.16533248787410493,0.1653324878741047,0.16533248787410493,0.16533248787410515,0.1637574941535433,0.16375749415354257,0.1637574941535421,0.16375749415354257,0.1637574941535433,0.16375749415354257,0.1637574941535419,0.1637574941535414,0.1637574941535419,0.16375749415354257,0.1637574941535421,0.1637574941535414,0.16375749415354096,0.1637574941535414,0.1637574941535421,0.16375749415354257,0.1637574941535419,0.1637574941535414,0.1637574941535419,0.16375749415354257,0.1637574941535433,0.16375749415354257,0.1637574941535421,0.16375749415354257,0.1637574941535433,0.16221388436491208,0.1622138843649098,0.16221388436490844,0.1622138843649098,0.16221388436491208,0.1622138843649098,0.16221388436490752,0.1622138843649059,0.16221388436490752,0.1622138843649098,0.16221388436490844,0.1622138843649059,0.16221388436490436,0.1622138843649059,0.16221388436490844,0.1622138843649098,0.16221388436490752,0.1622138843649059,0.16221388436490752,0.1622138843649098,0.16221388436491208,0.1622138843649098,0.16221388436490844,0.1622138843649098,0.16221388436491208,0.16070106746525464,0.16070106746524798,0.16070106746524354,0.16070106746524798,0.16070106746525464,0.16070106746524798,0.16070106746524043,0.16070106746523574,0.16070106746524043,0.16070106746524798,0.16070106746524354,0.16070106746523574,0.16070106746523044,0.16070106746523574,0.16070106746524354,0.16070106746524798,0.16070106746524043,0.16070106746523574,0.16070106746524043,0.16070106746524798,0.16070106746525464,0.16070106746524798,0.16070106746524354,0.16070106746524798,0.16070106746525464,0.15921845182955835,0.15921845182953834,0.1592184518295255,0.15921845182953834,0.15921845182955835,0.15921845182953834,0.1592184518295155,0.15921845182950023,0.1592184518295155,0.15921845182953834,0.1592184518295255,0.15921845182950023,0.15921845182948324,0.15921845182950023,0.1592184518295255,0.15921845182953834,0.1592184518295155,0.15921845182950023,0.1592184518295155,0.15921845182953834,0.15921845182955835,0.15921845182953834,0.1592184518295255,0.15921845182953834,0.15921845182955835,0.15776544660261763,0.15776544660255917,0.15776544660252032,0.15776544660255917,0.15776544660261763,0.15776544660255917,0.15776544660248876,0.15776544660243988,0.15776544660248876,0.15776544660255917,0.15776544660252032,0.15776544660243988,0.15776544660238292,0.15776544660243988,0.15776544660252032,0.15776544660255917,0.15776544660248876,0.15776544660243988,0.15776544660248876,0.15776544660255917,0.15776544660261763,0.15776544660255917,0.15776544660252032,0.15776544660255917,0.15776544660261763,0.15634146291339163,0.1563414629132256,0.15634146291310996,0.1563414629132256,0.15634146291339163,0.1563414629132256,0.15634146291301146,0.1563414629128521,0.15634146291301146,0.1563414629132256,0.15634146291310996,0.1563414629128521,0.15634146291264972,0.1563414629128521,0.15634146291310996,0.1563414629132256,0.15634146291301146,0.1563414629128521,0.15634146291301146,0.1563414629132256,0.15634146291339163,0.1563414629132256,0.15634146291310996,0.1563414629132256,0.15634146291339163,0.15494591496215537,0.15494591496170576,0.1549459149613703,0.15494591496170576,0.15494591496215537,0.15494591496170576,0.1549459149610688,0.15494591496053664,0.1549459149610688,0.15494591496170576,0.1549459149613703,0.15494591496053664,0.15494591495976073,0.15494591496053664,0.1549459149613703,0.15494591496170576,0.1549459149610688,0.15494591496053664,0.1549459149610686,0.15494591496170576,0.15494591496215537,0.15494591496170576,0.1549459149613703,0.15494591496170576,0.15494591496215537,0.15357822099023083,0.15357822098910207,0.15357822098817017,0.15357822098910207,0.15357822099023083,0.15357822098910207,0.15357822098728746,0.1535782209854821,0.15357822098728746,0.15357822098910207,0.15357822098817017,0.1535782209854821,0.15357822098218124,0.1535782209854821,0.15357822098817017,0.15357822098910207,0.15357822098728746,0.1535782209854821,0.15357822098728746,0.15357822098910207,0.15357822099023083,0.15357822098910207,0.15357822098817017,0.15357822098910207,0.15357822099023083,0.15223780414154567,0.1522378041390639,0.15223780413670362,0.1522378041390639,0.15223780414154567,0.1522378041390639,0.15223780413435747,0.15223780412833793,0.15223780413435747,0.1522378041390639,0.15223780413670362,0.15223780412833793,0.15223780411246715,0.15223780412833793,0.15223780413670362,0.1522378041390639,0.15223780413435747,0.15223780412833793,0.15223780413435747,0.1522378041390639,0.15223780414154567,0.1522378041390639,0.15223780413670362,0.1522378041390639,0.15223780414154567,0.15092409322453196,0.15092409322028288,0.1509240932154973,0.15092409322028288,0.15092409322453196,0.15092409322028288,0.15092409321058578,0.15092409319314098,0.15092409321058578,0.15092409322028288,0.1509240932154973,0.15092409319314098,0.15092409310672114,0.15092409319314098,0.1509240932154973,0.15092409322028288,0.15092409321058578,0.15092409319314098,0.15092409321058578,0.15092409322028288,0.15092409322453196,0.15092409322028288,0.1509240932154973,0.15092409322028288,0.15092409322453196,0.14963652338119565,0.14963652337694675,0.14963652337233932,0.14963652337694675,0.14963652338119565,0.14963652337694675,0.14963652336762623,0.14963652335219454,0.14963652336762623,0.14963652337694675,0.14963652337233932,0.14963652335219454,0.14963652328545968,0.14963652335219454,0.14963652337233932,0.14963652337694675,0.14963652336762623,0.14963652335219454,0.14963652336762623,0.14963652337694675,0.14963652338119565,0.14963652337694675,0.14963652337233932,0.14963652337694675,0.14963652338119565,0.14837453666804326,0.14837453666501405,0.14837453666187844,0.14837453666501405,0.14837453666804326,0.14837453666501405,0.14837453665870115,0.14837453664893835,0.14837453665870115,0.14837453666501405,0.14837453666187844,0.14837453664893835,0.1483745366095124,0.14837453664893835,0.14837453666187844,0.14837453666501405,0.14837453665870115,0.14837453664893835,0.14837453665870115,0.14837453666501405,0.14837453666804326,0.14837453666501405,0.14837453666187844,0.14837453666501405,0.14837453666804326,0.14713758256549872,0.1471375825640787,0.1471375825626912,0.1471375825640787,0.14713758256549872,0.1471375825640787,0.14713758256130824,0.1471375825573445,0.14713758256130824,0.1471375825640787,0.1471375825626912,0.1471375825573445,0.14713758254241371,0.1471375825573445,0.1471375825626912,0.1471375825640787,0.14713758256130824,0.1471375825573445,0.14713758256130824,0.1471375825640787,0.14713758256549872,0.1471375825640787,0.1471375825626912,0.1471375825640787,0.14713758256549872,0.14592511841741485,0.14592511841751954,0.14592511841773254,0.14592511841751954,0.14592511841741485,0.14592511841751954,0.1459251184179768,0.14592511841912817,0.1459251184179768,0.14592511841751954,0.14592511841773254,0.14592511841912817,0.14592511842563355,0.14592511841912817,0.14592511841773254,0.14592511841751954,0.1459251184179768,0.14592511841912817,0.1459251184179768,0.14592511841751954,0.14592511841741485,0.14592511841751954,0.14592511841773254,0.14592511841751954,0.14592511841741485,0.14473660980549202,0.1447366098067734,0.1447366098081916,0.1447366098067734,0.14473660980549202,0.1447366098067734,0.14473660980965192,0.14473660981452727,0.14473660980965192,0.1447366098067734,0.1447366098081916,0.14473660981452727,0.14473660983620618,0.14473660981452727,0.1447366098081916,0.1447366098067734,0.14473660980965192,0.14473660981452727,0.14473660980965192,0.1447366098067734,0.14473660980549202,0.1447366098067734,0.1447366098081916,0.1447366098067734,0.14473660980549202,0.14357153086459304,0.14357153086659952,0.1435715308687403,0.14357153086659952,0.14357153086459304,0.14357153086659952,0.14357153087092356,0.1435715308779282,0.14357153087092356,0.14357153086659952,0.1435715308687403,0.1435715308779282,0.1435715309077385,0.1435715308779282,0.1435715308687403,0.14357153086659952,0.14357153087092356,0.1435715308779282,0.14357153087092356,0.14357153086659952,0.14357153086459304,0.14357153086659952,0.1435715308687403,0.14357153086659952,0.14357153086459304,0.14242936454434285,0.1424293645466256,0.1424293645490367,0.1424293645466256,0.14242936454434285,0.1424293645466256,0.14242936455148372,0.14242936455934407,0.14242936455148372,0.1424293645466256,0.1424293645490367,0.14242936455934407,0.14242936459330816,0.14242936455934407,0.1424293645490367,0.1424293645466256,0.14242936455148372,0.14242936455934407,0.14242936455148372,0.1424293645466256,0.14242936454434285,0.1424293645466256,0.1424293645490367,0.1424293645466256,0.14242936454434285,0.14130960282201238,0.14130960282414254,0.14130960282631316,0.14130960282414254,0.14130960282201238,0.14130960282414254,0.14130960282849248,0.14130960283523952,0.14130960282849248,0.14130960282414254,0.14130960282631316,0.14130960283523952,0.14130960286332997,0.14130960283523952,0.14130960282631316,0.14130960282414254,0.14130960282849248,0.14130960283523952,0.14130960282849248,0.14130960282414254,0.14130960282201238,0.14130960282414254,0.14130960282631316,0.14130960282414254,0.14130960282201238,0.14021174687139984,0.14021174687324184,0.14021174687496968,0.14021174687324184,0.14021174687139984,0.14021174687324184,0.1402117468766636,0.1402117468813659,0.1402117468766636,0.14021174687324184,0.14021174687496968,0.1402117468813659,0.14021174689894003,0.1402117468813659,0.14021174687496968,0.14021174687324184,0.1402117468766636,0.1402117468813659,0.1402117468766636,0.14021174687324184,0.14021174687139984,0.14021174687324184,0.14021174687496968,0.14021174687324184,0.14021174687139984,0.13913530719136227,0.1391353071933031,0.13913530719496248,0.1391353071933031,0.13913530719136227,0.1391353071933031,0.13913530719655848,0.13913530720000072,0.13913530719655848,0.1391353071933031,0.13913530719496248,0.13913530720000072,0.13913530720706166,0.13913530720000072,0.13913530719496248,0.1391353071933031,0.13913530719655848,0.13913530720000072,0.13913530719655848,0.1391353071933031,0.13913530719136227,0.1391353071933031,0.13913530719496248,0.1391353071933031,0.13913530719136227,0.138079803697949,0.13807980370092904,0.13807980370381484,0.13807980370092904,0.138079803697949,0.13807980370092904,0.1380798037067017,0.13807980371427672,0.1380798037067017,0.13807980370092904,0.13807980370381484,0.13807980371427672,0.13807980373483397,0.13807980371427672,0.13807980370381484,0.13807980370092904,0.1380798037067017,0.13807980371427672,0.1380798037067017,0.13807980370092904,0.138079803697949,0.13807980370092904,0.13807980370381484,0.13807980370092904,0.138079803697949,0.13704476578409358,0.13704476578841746,0.13704476579356692,0.13704476578841746,0.13704476578409358,0.13704476578841746,0.13704476579888328,0.13704476581958352,0.1370447657988831,0.13704476578841746,0.13704476579356692,0.13704476581958352,0.1370447659334799,0.13704476581958352,0.13704476579356692,0.13704476578841746,0.1370447657988831,0.13704476581958352,0.1370447657988831,0.13704476578841746,0.13704476578409358,0.13704476578841746,0.13704476579356692,0.13704476578841746,0.13704476578409344,0.13602973235265636,0.13602973235561594,0.13602973235849164,0.13602973235561594,0.13602973235265636,0.13602973235561594,0.136029732361367,0.13602973236900184,0.136029732361367,0.13602973235561594,0.13602973235849164,0.13602973236900184,0.13602973239008367,0.13602973236900184,0.13602973235849164,0.13602973235561594,0.136029732361367,0.13602973236900184,0.136029732361367,0.13602973235561594,0.13602973235265636,0.13602973235561594,0.13602973235849164,0.13602973235561594,0.13602973235265636,0.1350342518283119,0.13503425183015308,0.13503425183166737,0.13503425183015308,0.1350342518283119,0.13503425183015308,0.1350342518331008,0.13503425183601095,0.1350342518331008,0.13503425183015308,0.13503425183166737,0.13503425183601095,0.13503425184128404,0.13503425183601095,0.13503425183166737,0.13503425183015308,0.1350342518331008,0.13503425183601095,0.1350342518331008,0.13503425183015308,0.1350342518283119,0.13503425183015308,0.13503425183166737,0.13503425183015308,0.1350342518283119
0.16533248787443836,0.16533248787443813,0.1653324878744379,0.16533248787443813,0.16533248787443836,0.16533248787443813,0.16533248787443766,0.16533248787443744,0.16533248787443766,0.16533248787443813,0.1653324878744379,0.16533248787443744,0.16533248787443722,0.16533248787443744,0.1653324878744379,0.16533248787443813,0.16533248787443766,0.16533248787443744,0.16533248787443766,0.16533248787443813,0.16533248787443836,0.16533248787443813,0.1653324878744379,0.16533248787443813,0.16533248787443836,0.16375749415386986,0.16375749415386892,0.1637574941538687,0.16375749415386917,0.16375749415386986,0.16375749415386892,0.16375749415386823,0.16375749415386776,0.16375749415386823,0.16375749415386892,0.1637574941538687,0.16375749415386776,0.16375749415386728,0.16375749415386776,0.16375749415386848,0.16375749415386917,0.16375749415386823,0.16375749415386776,0.16375749415386823,0.16375749415386917,0.16375749415386986,0.16375749415386892,0.16375749415386848,0.16375749415386917,0.16375749415386986,0.1622138843652319,0.16221388436522963,0.1622138843652283,0.16221388436522963,0.1622138843652319,0.16221388436522963,0.16221388436522738,0.1622138843652258,0.16221388436522738,0.16221388436522963,0.1622138843652283,0.1622138843652258,0.16221388436522421,0.1622138843652258,0.1622138843652283,0.16221388436522963,0.16221388436522738,0.1622138843652258,0.16221388436522738,0.16221388436522963,0.1622138843652319,0.16221388436522963,0.1622138843652283,0.16221388436522963,0.1622138843652319,0.16070106746556811,0.16070106746556145,0.16070106746555698,0.16070106746556145,0.16070106746556811,0.16070106746556145,0.1607010674655539,0.16070106746554924,0.1607010674655539,0.16070106746556145,0.16070106746555698,0.16070106746554924,0.16070106746554413,0.16070106746554924,0.16070106746555698,0.16070106746556145,0.1607010674655539,0.16070106746554924,0.1607010674655539,0.16070106746556145,0.16070106746556811,0.16070106746556145,0.16070106746555698,0.16070106746556145,0.16070106746556811,0.15921845182986535,0.1592184518298455,0.15921845182983246,0.1592184518298455,0.15921845182986535,0.1592184518298455,0.15921845182982267,0.15921845182980743,0.15921845182982267,0.1592184518298455,0.15921845182983246,0.15921845182980743,0.15921845182979044,0.15921845182980743,0.15921845182983246,0.1592184518298455,0.15921845182982267,0.15921845182980743,0.15921845182982267,0.1592184518298455,0.15921845182986535,0.1592184518298455,0.15921845182983246,0.1592184518298455,0.15921845182986535,0.15776544660291847,0.1577654466028602,0.15776544660282116,0.1577654466028602,0.15776544660291847,0.1577654466028602,0.1577654466027898,0.15776544660274094,0.1577654466027898,0.1577654466028602,0.15776544660282116,0.15776544660274094,0.1577654466026842,0.15776544660274094,0.15776544660282116,0.1577654466028602,0.1577654466027898,0.15776544660274094,0.1577654466027898,0.1577654466028602,0.15776544660291847,0.1577654466028602,0.15776544660282116,0.1577654466028602,0.15776544660291847,0.15634146291368606,0.15634146291352025,0.15634146291340478,0.15634146291352025,0.15634146291368606,0.15634146291352025,0.1563414629133065,0.15634146291314738,0.1563414629133065,0.15634146291352025,0.15634146291340478,0.15634146291314738,0.15634146291294537,0.15634146291314738,0.15634146291340478,0.15634146291352025,0.1563414629133065,0.15634146291314738,0.1563414629133065,0.15634146291352025,0.15634146291368606,0.15634146291352025,0.15634146291340478,0.15634146291352025,0.15634146291368606,0.1549459149624431,0.15494591496199409,0.15494591496165924,0.15494591496199409,0.1549459149624431,0.15494591496199409,0.15494591496135798,0.15494591496082682,0.15494591496135798,0.15494591496199409,0.15494591496165924,0.15494591496082682,0.15494591496005214,0.15494591496082682,0.15494591496165924,0.15494591496199409,0.15494591496135798,0.15494591496082682,0.15494591496135798,0.15494591496199409,0.1549459149624431,0.15494591496199409,0.15494591496165924,0.15494591496199409,0.1549459149624431,0.15357822099051022,0.15357822098938329,0.15357822098845275,0.15357822098938329,0.15357822099051022,0.15357822098938329,0.15357822098757148,0.1535782209857689,0.15357822098757148,0.15357822098938329,0.15357822098845275,0.1535782209857689,0.15357822098247306,0.1535782209857689,0.15357822098845275,0.15357822098938329,0.15357822098757148,0.1535782209857689,0.15357822098757148,0.15357822098938329,0.15357822099051022,0.15357822098938329,0.15357822098845275,0.15357822098938329,0.15357822099051022,0.15223780414181334,0.15223780413933555,0.152237804136979,0.15223780413933555,0.15223780414181334,0.15223780413933555,0.1522378041346366,0.15223780412862611,0.1522378041346366,0.15223780413933555,0.152237804136979,0.15223780412862611,0.15223780411277996,0.15223780412862611,0.152237804136979,0.15223780413933555,0.1522378041346366,0.15223780412862611,0.1522378041346366,0.15223780413933555,0.15223780414181334,0.15223780413933555,0.152237804136979,0.15223780413933555,0.15223780414181334,0.15092409322477965,0.15092409322053754,0.1509240932157595,0.15092409322053754,0.15092409322477965,0.15092409322053754,0.15092409321085565,0.15092409319343789,0.15092409321085565,0.15092409322053754,0.1509240932157595,0.15092409319343789,0.15092409310715038,0.15092409319343789,0.1509240932157595,0.15092409322053754,0.15092409321085565,0.15092409319343789,0.15092409321085565,0.15092409322053754,0.15092409322477965,0.15092409322053754,0.1509240932157595,0.15092409322053754,0.15092409322477965,0.14963652338140948,0.1496365233771678,0.14963652337256791,0.1496365233771678,0.14963652338140948,0.1496365233771678,0.14963652336786262,0.14963652335245528,0.14963652336786262,0.1496365233771678,0.14963652337256791,0.14963652335245528,0.14963652328580626,0.14963652335245528,0.14963652337256791,0.1496365233771678,0.14963652336786262,0.14963652335245528,0.14963652336786262,0.1496365233771678,0.14963652338140948,0.1496365233771678,0.14963652337256791,0.1496365233771678,0.14963652338140948,0.14837453666820746,0.1483745366651849,0.1483745366620558,0.1483745366651849,0.14837453666820746,0.1483745366651849,0.14837453665888517,0.14837453664914185,0.14837453665888517,0.1483745366651849,0.1483745366620558,0.14837453664914185,0.14837453660978628,0.14837453664914185,0.1483745366620558,0.1483745366651849,0.14837453665888517,0.14837453664914185,0.14837453665888517,0.1483745366651849,0.14837453666820746,0.1483745366651849,0.1483745366620558,0.1483745366651849,0.14837453666820746,0.1471375825655993,0.14713758256418497,0.14713758256280327,0.14713758256418497,0.1471375825655993,0.14713758256418497,0.14713758256142612,0.14713758255747963,0.14713758256142612,0.14713758256418497,0.14713758256280327,0.14713758255747963,0.14713758254264114,0.14713758255747963,0.14713758256280327,0.14713758256418497,0.14713758256142612,0.14713758255747963,0.14713758256142612,0.14713758256418497,0.1471375825655993,0.14713758256418497,0.14713758256280327,0.14713758256418497,0.1471375825655993,0.14592511841743921,0.14592511841754857,0.1459251184177665,0.14592511841754857,0.14592511841743921,0.14592511841754857,0.14592511841801564,0.14592511841918285,0.14592511841801564,0.14592511841754857,0.1459251184177665,0.14592511841918285,0.14592511842574343,0.14592511841918285,0.1459251184177665,0.14592511841754857,0.14592511841801564,0.14592511841918285,0.14592511841801564,0.14592511841754857,0.14592511841743921,0.14592511841754857,0.1459251184177665,0.14592511841754857,0.14592511841743921,0.14473660980542954,0.14473660980671355,0.1447366098081349,0.14473660980671355,0.14473660980542954,0.14473660980671355,0.14473660980959832,0.1447366098144838,0.14473660980959832,0.14473660980671355,0.1447366098081349,0.1447366098144838,0.14473660983619518,0.1447366098144838,0.1447366098081349,0.14473660980671355,0.14473660980959832,0.1447366098144838,0.14473660980959832,0.14473660980671355,0.14473660980542954,0.14473660980671355,0.1447366098081349,0.14473660980671355,0.14473660980542954,0.14357153086443716,0.14357153086644328,0.14357153086858407,0.14357153086644328,0.14357153086443716,0.14357153086644328,0.14357153087076732,0.14357153087777302,0.14357153087076732,0.14357153086644328,0.14357153086858407,0.14357153087777302,0.14357153090760844,0.14357153087777302,0.14357153086858407,0.14357153086644328,0.14357153087076732,0.14357153087777302,0.14357153087076732,0.14357153086644328,0.14357153086443716,0.14357153086644328,0.14357153086858407,0.14357153086644328,0.14357153086443716,0.14242936454409275,0.1424293645463713,0.14242936454877825,0.1424293645463713,0.14242936454409275,0.1424293645463713,0.14242936455122102,0.1424293645590705,0.14242936455122102,0.1424293645463713,0.14242936454877825,0.1424293645590705,0.1424293645929797,0.1424293645590705,0.14242936454877825,0.1424293645463713,0.14242936455122102,0.1424293645590705,0.14242936455122102,0.1424293645463713,0.14242936454409275,0.1424293645463713,0.14242936454877825,0.1424293645463713,0.14242936454409275,0.14130960282167554,0.141309602823797,0.14130960282595806,0.141309602823797,0.14130960282167554,0.141309602823797,0.14130960282812752,0.14130960283483987,0.14130960282812752,0.141309602823797,0.14130960282595806,0.14130960283483987,0.1413096028627813,0.14130960283483987,0.14130960282595806,0.141309602823797,0.14130960282812752,0.14130960283483987,0.14130960282812752,0.141309602823797,0.14130960282167554,0.141309602823797,0.14130960282595806,0.141309602823797,0.14130960282167554,0.14021174687099267,0.1402117468728253,0.14021174687454266,0.1402117468728253,0.14021174687099267,0.1402117468728253,0.14021174687622598,0.14021174688089166,0.14021174687622598,0.1402117468728253,0.14021174687454266,0.14021174688089166,0.1402117468982889,0.14021174688089166,0.14021174687454266,0.1402117468728253,0.14021174687622598,0.14021174688089166,0.14021174687622598,0.1402117468728253,0.14021174687099267,0.1402117468728253,0.14021174687454266,0.1402117468728253,0.14021174687099267,0.1391353071909031,0.13913530719283684,0.13913530719448958,0.13913530719283684,0.1391353071909031,0.13913530719283684,0.13913530719607892,0.1391353071995055,0.13913530719607892,0.13913530719283684,0.13913530719448958,0.1391353071995055,0.1391353072065284,0.1391353071995055,0.13913530719448958,0.13913530719283684,0.13913530719607892,0.1391353071995055,0.13913530719607892,0.13913530719283684,0.1391353071909031,0.13913530719283684,0.13913530719448958,0.13913530719283684,0.1391353071909031,0.13807980369745224,0.13807980370042516,0.13807980370330442,0.13807980370042516,0.13807980369745224,0.13807980370042516,0.1380798037061848,0.13807980371374368,0.1380798037061848,0.13807980370042516,0.13807980370330442,0.13807980371374368,0.13807980373425938,0.13807980371374368,0.13807980370330442,0.13807980370042516,0.1380798037061848,0.13807980371374368,0.1380798037061848,0.13807980370042516,0.13807980369745224,0.13807980370042516,0.13807980370330442,0.13807980370042516,0.13807980369745224,0.1370447657835727,0.13704476578788835,0.13704476579302807,0.13704476578788835,0.1370447657835727,0.13704476578788835,0.13704476579833458,0.13704476581899758,0.13704476579833458,0.13704476578788835,0.13704476579302807,0.13704476581899758,0.1370447659326823,0.13704476581899758,0.13704476579302807,0.13704476578788835,0.13704476579833458,0.13704476581899758,0.13704476579833458,0.13704476578788835,0.1370447657835727,0.13704476578788835,0.13704476579302807,0.13704476578788835,0.13704476578357255,0.1360297323521281,0.13602973235508217,0.13602973235795263,0.13602973235508217,0.1360297323521281,0.13602973235508217,0.1360297323608226,0.13602973236844387,0.1360297323608226,0.13602973235508217,0.13602973235795263,0.13602973236844387,0.13602973238948832,0.13602973236844387,0.13602973235795263,0.13602973235508217,0.1360297323608226,0.13602973236844387,0.1360297323608226,0.13602973235508217,0.1360297323521281,0.13602973235508217,0.13602973235795263,0.13602973235508217,0.1360297323521281,0.13503425182778692,0.1350342518296247,0.13503425183113638,0.1350342518296247,0.13503425182778692,0.1350342518296247,0.13503425183256718,0.13503425183547205,0.13503425183256718,0.1350342518296247,0.13503425183113638,0.13503425183547205,0.13503425184073578,0.13503425183547205,0.13503425183113638,0.1350342518296247,0.13503425183256718,0.13503425183547205,0.13503425183256718,0.1350342518296247,0.13503425182778692,0.1350342518296247,0.13503425183113638,0.1350342518296247,0.13503425182778692
0.16533248787476948,0.16533248787476898,0.16533248787476898,0.16533248787476898,0.16533248787476948,0.16533248787476898,0.16533248787476879,0.16533248787476854,0.16533248787476879,0.16533248787476898,0.16533248787476898,0.16533248787476854,0.16533248787476829,0.16533248787476854,0.16533248787476898,0.16533248787476898,0.16533248787476879,0.16533248787476854,0.16533248787476879,0.16533248787476898,0.16533248787476948,0.16533248787476898,0.16533248787476898,0.16533248787476898,0.16533248787476948,0.16375749415419433,0.1637574941541934,0.16375749415419294,0.1637574941541934,0.16375749415419433,0.1637574941541934,0.16375749415419272,0.16375749415419227,0.16375749415419272,0.1637574941541934,0.16375749415419294,0.16375749415419227,0.16375749415419183,0.16375749415419227,0.16375749415419294,0.1637574941541934,0.16375749415419272,0.16375749415419227,0.16375749415419272,0.1637574941541934,0.16375749415419433,0.1637574941541934,0.16375749415419294,0.1637574941541934,0.16375749415419433,0.16221388436554993,0.16221388436554765,0.1622138843655463,0.16221388436554765,0.16221388436554993,0.16221388436554765,0.16221388436554537,0.1622138843655438,0.16221388436554537,0.16221388436554765,0.1622138843655463,0.1622138843655438,0.1622138843655422,0.1622138843655438,0.1622138843655463,0.16221388436554765,0.16221388436554537,0.1622138843655438,0.16221388436554537,0.16221388436554765,0.16221388436554993,0.16221388436554765,0.1622138843655463,0.16221388436554765,0.16221388436554993,0.1607010674658796,0.1607010674658729,0.16070106746586868,0.1607010674658729,0.1607010674658796,0.1607010674658729,0.1607010674658656,0.16070106746586094,0.1607010674658656,0.1607010674658729,0.16070106746586868,0.16070106746586094,0.16070106746585558,0.16070106746586094,0.16070106746586868,0.1607010674658729,0.1607010674658656,0.16070106746586094,0.1607010674658656,0.1607010674658729,0.1607010674658796,0.1607010674658729,0.16070106746586868,0.1607010674658729,0.1607010674658796,0.15921845183017078,0.15921845183015076,0.15921845183013794,0.15921845183015076,0.15921845183017078,0.15921845183015076,0.15921845183012812,0.15921845183011288,0.15921845183012812,0.15921845183015076,0.15921845183013794,0.15921845183011288,0.1592184518300959,0.15921845183011288,0.15921845183013794,0.15921845183015076,0.15921845183012812,0.15921845183011288,0.15921845183012812,0.15921845183015076,0.15921845183017078,0.15921845183015076,0.15921845183013794,0.15921845183015076,0.15921845183017078,0.15776544660321762,0.15776544660315936,0.15776544660312053,0.15776544660315936,0.15776544660321762,0.15776544660315936,0.15776544660308917,0.1577654466030403,0.15776544660308917,0.15776544660315936,0.15776544660312053,0.1577654466030403,0.15776544660298353,0.1577654466030403,0.15776544660312053,0.15776544660315936,0.15776544660308917,0.1577654466030403,0.15776544660308917,0.15776544660315936,0.15776544660321762,0.15776544660315936,0.15776544660312053,0.15776544660315936,0.15776544660321762,0.1563414629139788,0.15634146291381337,0.1563414629136982,0.15634146291381337,0.1563414629139788,0.15634146291381337,0.1563414629135999,0.15634146291344098,0.1563414629135999,0.15634146291381337,0.1563414629136982,0.15634146291344098,0.1563414629132392,0.15634146291344098,0.1563414629136982,0.15634146291381337,0.1563414629135999,0.15634146291344098,0.1563414629135999,0.15634146291381337,0.1563414629139788,0.15634146291381337,0.1563414629136982,0.15634146291381337,0.1563414629139788,0.15494591496272916,0.1549459149622808,0.15494591496194632,0.1549459149622808,0.15494591496272916,0.1549459149622808,0.1549459149616457,0.15494591496111534,0.1549459149616457,0.1549459149622808,0.15494591496194632,0.15494591496111534,0.15494591496034194,0.15494591496111534,0.15494591496194632,0.1549459149622808,0.1549459149616457,0.15494591496111534,0.1549459149616457,0.1549459149622808,0.15494591496272916,0.1549459149622808,0.15494591496194632,0.1549459149622808,0.15494591496272916,0.15357822099078816,0.15357822098966284,0.15357822098873394,0.15357822098966284,0.15357822099078816,0.15357822098966284,0.15357822098785406,0.15357822098605428,0.15357822098785406,0.15357822098966284,0.15357822098873394,0.15357822098605428,0.15357822098276347,0.15357822098605428,0.15357822098873394,0.15357822098966284,0.15357822098785406,0.15357822098605428,0.15357822098785406,0.15357822098966284,0.15357822099078816,0.15357822098966284,0.15357822098873394,0.15357822098966284,0.15357822099078816,0.1522378041420795,0.1522378041396056,0.1522378041372528,0.1522378041396056,0.1522378041420795,0.1522378041396056,0.15223780413491395,0.1522378041289129,0.15223780413491395,0.1522378041396056,0.1522378041372528,0.1522378041289129,0.15223780411309115,0.1522378041289129,0.1522378041372528,0.1522378041396056,0.15223780413491395,0.1522378041289129,0.15223780413491395,0.1522378041396056,0.1522378041420795,0.1522378041396056,0.1522378041372528,0.1522378041396056,0.1522378041420795,0.1509240932250262,0.15092409322079064,0.15092409321602032,0.15092409322079064,0.1509240932250262,0.15092409322079064,0.150924093211124,0.15092409319373343,0.150924093211124,0.15092409322079064,0.15092409321602032,0.15092409319373343,0.15092409310758098,0.15092409319373343,0.15092409321602032,0.15092409322079064,0.150924093211124,0.15092409319373343,0.150924093211124,0.15092409322079064,0.1509240932250262,0.15092409322079064,0.15092409321602032,0.15092409322079064,0.1509240932250262,0.14963652338162203,0.14963652337738767,0.14963652337279543,0.14963652337738767,0.14963652338162203,0.14963652337738767,0.14963652336809763,0.14963652335271455,0.14963652336809763,0.14963652337738767,0.14963652337279543,0.14963652335271455,0.1496365232861835,0.14963652335271455,0.14963652337279543,0.14963652337738767,0.14963652336809763,0.14963652335271455,0.14963652336809763,0.14963652337738767,0.14963652338162203,0.14963652337738767,0.14963652337279543,0.14963652337738767,0.14963652338162203,0.14837453666837075,0.14837453666535488,0.14837453666223224,0.14837453666535488,0.14837453666837075,0.14837453666535488,0.14837453665906813,0.14837453664934439,0.14837453665906813,0.14837453666535488,0.14837453666223224,0.14837453664934439,0.14837453661008151,0.14837453664934439,0.14837453666223224,0.14837453666535488,0.14837453665906813,0.14837453664934439,0.14837453665906813,0.14837453666535488,0.14837453666837075,0.14837453666535488,0.14837453666223224,0.14837453666535488,0.14837453666837075,0.14713758256569925,0.14713758256429066,0.14713758256291462,0.14713758256429066,0.14713758256569925,0.14713758256429066,0.14713758256154327,0.14713758255761386,0.14713758256154327,0.14713758256429066,0.14713758256291462,0.14713758255761386,0.14713758254282408,0.14713758255761386,0.14713758256291462,0.14713758256429066,0.14713758256154327,0.14713758255761386,0.14713758256154327,0.14713758256429066,0.14713758256569925,0.14713758256429066,0.14713758256291462,0.14713758256429066,0.14713758256569925,0.14592511841746345,0.14592511841757722,0.14592511841780018,0.14592511841757722,0.14592511841746345,0.14592511841757722,0.14592511841805408,0.14592511841923714,0.14592511841805408,0.14592511841757722,0.14592511841780018,0.14592511841923714,0.14592511842586772,0.14592511841923714,0.14592511841780018,0.14592511841757722,0.14592511841805408,0.14592511841923714,0.14592511841805408,0.14592511841757722,0.14592511841746345,0.14592511841757722,0.14592511841780018,0.14592511841757722,0.14592511841746345,0.1447366098053676,0.1447366098066542,0.14473660980807834,0.1447366098066542,0.1447366098053676,0.1447366098066542,0.14473660980954492,0.14473660981444067,0.14473660980954492,0.1447366098066542,0.14473660980807834,0.14473660981444067,0.14473660983619938,0.14473660981444067,0.14473660980807834,0.1447366098066542,0.14473660980954492,0.14473660981444067,0.14473660980954492,0.1447366098066542,0.1447366098053676,0.1447366098066542,0.14473660980807834,0.1447366098066542,0.1447366098053676,0.14357153086428195,0.14357153086628793,0.14357153086842853,0.14357153086628793,0.14357153086428195,0.14357153086628793,0.14357153087061178,0.1435715308776185,0.14357153087061178,0.14357153086628793,0.14357153086842853,0.1435715308776185,0.14357153090743613,0.1435715308776185,0.14357153086842853,0.14357153086628793,0.14357153087061178,0.1435715308776185,0.14357153087061178,0.14357153086628793,0.14357153086428195,0.14357153086628793,0.14357153086842853,0.14357153086628793,0.14357153086428195,0.14242936454384397,0.14242936454611835,0.14242936454852123,0.14242936454611835,0.14242936454384397,0.14242936454611835,0.14242936455095997,0.14242936455879837,0.14242936455095997,0.14242936454611835,0.14242936454852123,0.14242936455879837,0.14242936459267724,0.14242936455879837,0.14242936454852123,0.14242936454611835,0.14242936455095997,0.14242936455879837,0.14242936455095997,0.14242936454611835,0.14242936454384397,0.14242936454611835,0.14242936454852123,0.14242936454611835,0.14242936454384397,0.1413096028213405,0.1413096028234534,0.14130960282560479,0.1413096028234534,0.1413096028213405,0.1413096028234534,0.14130960282776456,0.14130960283444252,0.14130960282776456,0.1413096028234534,0.14130960282560479,0.14130960283444252,0.14130960286222985,0.14130960283444252,0.14130960282560479,0.1413096028234534,0.14130960282776456,0.14130960283444252,0.14130960282776456,0.1413096028234534,0.1413096028213405,0.1413096028234534,0.14130960282560479,0.1413096028234534,0.1413096028213405,0.14021174687058763,0.1402117468724109,0.14021174687411775,0.1402117468724109,0.14021174687058763,0.1402117468724109,0.1402117468757906,0.14021174688041968,0.1402117468757906,0.1402117468724109,0.14021174687411775,0.14021174688041968,0.1402117468976555,0.14021174688041968,0.14021174687411775,0.1402117468724109,0.1402117468757906,0.14021174688041968,0.1402117468757906,0.1402117468724109,0.14021174687058763,0.1402117468724109,0.14021174687411775,0.1402117468724109,0.14021174687058763,0.13913530719044667,0.13913530719237308,0.1391353071940192,0.13913530719237308,0.13913530719044667,0.13913530719237308,0.13913530719560205,0.13913530719901285,0.13913530719560205,0.13913530719237308,0.1391353071940192,0.13913530719901285,0.1391353072059979,0.13913530719901285,0.1391353071940192,0.13913530719237308,0.13913530719560205,0.13913530719901285,0.13913530719560205,0.13913530719237308,0.13913530719044667,0.13913530719237308,0.1391353071940192,0.13913530719237308,0.13913530719044667,0.13807980369695813,0.13807980369992406,0.13807980370279682,0.13807980369992406,0.13807980369695813,0.13807980369992406,0.13807980370567083,0.1380798037132136,0.13807980370567083,0.13807980369992406,0.13807980370279682,0.1380798037132136,0.13807980373368822,0.1380798037132136,0.13807980370279682,0.13807980369992406,0.13807980370567083,0.1380798037132136,0.13807980370567083,0.13807980369992406,0.13807980369695813,0.13807980369992406,0.13807980370279682,0.13807980369992406,0.13807980369695813,0.1370447657830547,0.13704476578736216,0.13704476579249242,0.13704476578736216,0.1370447657830547,0.13704476578736216,0.13704476579778918,0.13704476581841524,0.13704476579778904,0.13704476578736216,0.13704476579249242,0.13704476581841524,0.13704476593189868,0.13704476581841524,0.13704476579249242,0.13704476578736216,0.13704476579778904,0.13704476581841524,0.13704476579778904,0.13704476578736216,0.1370447657830547,0.13704476578736216,0.13704476579249242,0.13704476578736216,0.1370447657830547,0.1360297323516028,0.13602973235455135,0.13602973235741658,0.13602973235455135,0.1360297323516028,0.13602973235455135,0.1360297323602815,0.13602973236788907,0.1360297323602815,0.13602973235455135,0.13602973235741658,0.13602973236788907,0.1360297323888965,0.13602973236788907,0.13602973235741658,0.13602973235455135,0.1360297323602815,0.13602973236788907,0.1360297323602815,0.13602973235455135,0.1360297323516028,0.13602973235455135,0.13602973235741658,0.13602973235455135,0.13602973235160262,0.135034251827265,0.13503425182909942,0.1350342518306083,0.13503425182909942,0.135034251827265,0.13503425182909942,0.13503425183203663,0.13503425183493625,0.13503425183203663,0.13503425182909942,0.1350342518306083,0.13503425183493625,0.13503425184019072,0.13503425183493625,0.1350342518306083,0.13503425182909942,0.13503425183203663,0.13503425183493625,0.13503425183203663,0.13503425182909942,0.135034251827265,0.13503425182909942,0.1350342518306083,0.13503425182909942,0.135034251827265
0.16533248787509913,0.1653324878750989,0.16533248787509866,0.1653324878750989,0.16533248787509913,0.1653324878750989,0.16533248787509866,0.16533248787509844,0.16533248787509844,0.1653324878750989,0.16533248787509866,0.16533248787509844,0.1653324878750982,0.16533248787509844,0.16533248787509866,0.1653324878750989,0.16533248787509844,0.16533248787509844,0.16533248787509844,0.1653324878750989,0.16533248787509913,0.1653324878750989,0.16533248787509866,0.1653324878750989,0.16533248787509913,0.16375749415451746,0.16375749415451676,0.1637574941545163,0.16375749415451676,0.16375749415451746,0.16375749415451676,0.16375749415451585,0.16375749415451538,0.16375749415451585,0.16375749415451676,0.1637574941545163,0.16375749415451538,0.1637574941545149,0.16375749415451538,0.1637574941545163,0.16375749415451676,0.16375749415451585,0.16375749415451538,0.16375749415451585,0.16375749415451676,0.16375749415451746,0.16375749415451676,0.1637574941545163,0.16375749415451676,0.16375749415451746,0.1622138843658666,0.1622138843658643,0.16221388436586298,0.1622138843658643,0.1622138843658666,0.1622138843658643,0.16221388436586207,0.16221388436586046,0.16221388436586207,0.1622138843658643,0.16221388436586298,0.16221388436586046,0.1622138843658589,0.16221388436586046,0.16221388436586298,0.1622138843658643,0.16221388436586207,0.16221388436586046,0.16221388436586207,0.1622138843658643,0.1622138843658666,0.1622138843658643,0.16221388436586298,0.1622138843658643,0.1622138843658666,0.16070106746618992,0.16070106746618326,0.16070106746617904,0.16070106746618326,0.16070106746618992,0.16070106746618326,0.16070106746617593,0.16070106746617127,0.16070106746617593,0.16070106746618326,0.16070106746617904,0.16070106746617127,0.16070106746616591,0.16070106746617127,0.16070106746617904,0.16070106746618326,0.16070106746617593,0.16070106746617127,0.16070106746617593,0.16070106746618326,0.16070106746618992,0.16070106746618326,0.16070106746617904,0.16070106746618326,0.16070106746618992,0.15921845183047473,0.1592184518304549,0.15921845183044206,0.1592184518304549,0.15921845183047473,0.1592184518304549,0.15921845183043207,0.1592184518304168,0.15921845183043207,0.1592184518304549,0.15921845183044206,0.1592184518304168,0.15921845183040004,0.1592184518304168,0.15921845183044206,0.1592184518304549,0.15921845183043207,0.1592184518304168,0.15921845183043207,0.1592184518304549,0.15921845183047473,0.1592184518304549,0.15921845183044206,0.1592184518304549,0.15921845183047473,0.15776544660351524,0.15776544660345723,0.15776544660341837,0.15776544660345723,0.15776544660351524,0.15776544660345723,0.157765446603387,0.15776544660333838,0.157765446603387,0.15776544660345723,0.15776544660341837,0.15776544660333838,0.15776544660328162,0.15776544660333838,0.15776544660341837,0.15776544660345723,0.157765446603387,0.15776544660333838,0.157765446603387,0.15776544660345723,0.15776544660351524,0.15776544660345723,0.15776544660341837,0.15776544660345723,0.15776544660351524,0.1563414629142701,0.1563414629141049,0.15634146291398987,0.1563414629141049,0.1563414629142701,0.1563414629141049,0.1563414629138918,0.15634146291373308,0.1563414629138918,0.1563414629141049,0.15634146291398987,0.15634146291373308,0.15634146291353193,0.15634146291373308,0.15634146291398987,0.1563414629141049,0.1563414629138918,0.15634146291373308,0.1563414629138918,0.1563414629141049,0.1563414629142701,0.1563414629141049,0.15634146291398987,0.1563414629141049,0.1563414629142701,0.15494591496301383,0.15494591496256607,0.15494591496223223,0.15494591496256607,0.15494591496301383,0.15494591496256607,0.154945914961932,0.15494591496140248,0.154945914961932,0.15494591496256607,0.15494591496223223,0.15494591496140248,0.1549459149606303,0.15494591496140248,0.15494591496223223,0.15494591496256607,0.154945914961932,0.15494591496140248,0.154945914961932,0.15494591496256607,0.15494591496301383,0.15494591496256607,0.15494591496223223,0.15494591496256607,0.15494591496301383,0.15357822099106472,0.1535782209899412,0.15357822098901372,0.1535782209899412,0.15357822099106472,0.1535782209899412,0.15357822098813503,0.15357822098633808,0.15357822098813503,0.1535782209899412,0.15357822098901372,0.15357822098633808,0.15357822098305252,0.15357822098633808,0.15357822098901372,0.1535782209899412,0.15357822098813503,0.15357822098633808,0.15357822098813503,0.1535782209899412,0.15357822099106472,0.1535782209899412,0.15357822098901372,0.1535782209899412,0.15357822099106472,0.15223780414234445,0.15223780413987428,0.15223780413752502,0.15223780413987428,0.15223780414234445,0.15223780413987428,0.15223780413518992,0.15223780412919832,0.15223780413518992,0.15223780413987428,0.15223780413752502,0.15223780412919832,0.15223780411340096,0.15223780412919832,0.15223780413752502,0.15223780413987428,0.15223780413518992,0.15223780412919832,0.15223780413518992,0.15223780413987428,0.15223780414234445,0.15223780413987428,0.15223780413752502,0.15223780413987428,0.15223780414234445,0.15092409322527142,0.1509240932210426,0.1509240932162798,0.1509240932210426,0.15092409322527142,0.1509240932210426,0.150924093211391,0.15092409319402725,0.150924093211391,0.1509240932210426,0.1509240932162798,0.15092409319402725,0.15092409310802046,0.15092409319402725,0.1509240932162798,0.1509240932210426,0.150924093211391,0.15092409319402725,0.150924093211391,0.1509240932210426,0.15092409322527142,0.1509240932210426,0.1509240932162798,0.1509240932210426,0.15092409322527142,0.14963652338183342,0.14963652337760627,0.14963652337302155,0.14963652337760627,0.14963652338183342,0.14963652337760627,0.1496365233683315,0.14963652335297242,0.1496365233683315,0.14963652337760627,0.14963652337302155,0.14963652335297242,0.14963652328650115,0.14963652335297242,0.14963652337302155,0.14963652337760627,0.1496365233683315,0.14963652335297242,0.1496365233683315,0.14963652337760627,0.14963652338183342,0.14963652337760627,0.14963652337302155,0.14963652337760627,0.14963652338183342,0.1483745366685331,0.1483745366655235,0.14837453666240757,0.1483745366655235,0.1483745366685331,0.1483745366655235,0.1483745366592499,0.1483745366495457,0.1483745366592499,0.1483745366655235,0.14837453666240757,0.1483745366495457,0.14837453661037137,0.1483745366495457,0.14837453666240757,0.1483745366655235,0.1483745366592499,0.1483745366495457,0.1483745366592499,0.1483745366655235,0.1483745366685331,0.1483745366655235,0.14837453666240757,0.1483745366655235,0.1483745366685331,0.14713758256579862,0.1471375825643955,0.14713758256302525,0.1471375825643955,0.14713758256579862,0.1471375825643955,0.14713758256165937,0.14713758255774703,0.14713758256165937,0.1471375825643955,0.14713758256302525,0.14713758255774703,0.147137582543029,0.14713758255774703,0.14713758256302525,0.1471375825643955,0.14713758256165937,0.14713758255774703,0.14713758256165937,0.1471375825643955,0.14713758256579862,0.1471375825643955,0.14713758256302525,0.1471375825643955,0.14713758256579862,0.14592511841748732,0.14592511841760572,0.1459251184178333,0.14592511841760572,0.14592511841748732,0.14592511841760572,0.1459251184180922,0.14592511841929057,0.1459251184180922,0.14592511841760572,0.1459251184178333,0.14592511841929057,0.14592511842597383,0.14592511841929057,0.1459251184178333,0.14592511841760572,0.1459251184180922,0.14592511841929057,0.1459251184180922,0.14592511841760572,0.14592511841748732,0.14592511841760572,0.1459251184178333,0.14592511841760572,0.14592511841748732,0.14473660980530562,0.14473660980659483,0.14473660980802197,0.14473660980659483,0.14473660980530562,0.14473660980659483,0.14473660980949152,0.1447366098143974,0.14473660980949152,0.14473660980659483,0.14473660980802197,0.1447366098143974,0.14473660983622344,0.1447366098143974,0.14473660980802197,0.14473660980659483,0.14473660980949152,0.1447366098143974,0.14473660980949152,0.14473660980659483,0.14473660980530562,0.14473660980659483,0.14473660980802197,0.14473660980659483,0.14473660980530562,0.1435715308641276,0.14357153086613322,0.14357153086827368,0.14357153086613322,0.1435715308641276,0.14357153086613322,0.14357153087045707,0.14357153087746485,0.14357153087045707,0.14357153086613322,0.14357153086827368,0.14357153087746485,0.14357153090728622,0.14357153087746485,0.14357153086827368,0.14357153086613322,0.14357153087045707,0.14357153087746485,0.14357153087045707,0.14357153086613322,0.1435715308641276,0.14357153086613322,0.14357153086827368,0.14357153086613322,0.1435715308641276,0.14242936454359637,0.14242936454586655,0.1424293645482652,0.14242936454586655,0.14242936454359637,0.14242936454586655,0.1424293645507,0.14242936455852778,0.1424293645507,0.14242936454586655,0.1424293645482652,0.14242936455852778,0.14242936459240396,0.14242936455852778,0.1424293645482652,0.14242936454586655,0.1424293645507,0.14242936455852778,0.1424293645507,0.14242936454586655,0.14242936454359637,0.14242936454586655,0.1424293645482652,0.14242936454586655,0.14242936454359637,0.14130960282100716,0.1413096028231115,0.14130960282525332,0.1413096028231115,0.14130960282100716,0.1413096028231115,0.1413096028274032,0.14130960283404684,0.1413096028274032,0.1413096028231115,0.14130960282525332,0.14130960283404684,0.1413096028616639,0.14130960283404684,0.14130960282525332,0.1413096028231115,0.1413096028274032,0.14130960283404684,0.1413096028274032,0.1413096028231115,0.14130960282100716,0.1413096028231115,0.14130960282525332,0.1413096028231115,0.14130960282100716,0.14021174687018462,0.14021174687199842,0.14021174687369511,0.14021174687199842,0.14021174687018462,0.14021174687199842,0.1402117468753573,0.1402117468799501,0.1402117468753573,0.14021174687199842,0.14021174687369511,0.1402117468799501,0.14021174689700486,0.1402117468799501,0.14021174687369511,0.14021174687199842,0.1402117468753573,0.1402117468799501,0.1402117468753573,0.14021174687199842,0.14021174687018462,0.14021174687199842,0.14021174687369511,0.14021174687199842,0.14021174687018462,0.1391353071899924,0.13913530719191172,0.1391353071935512,0.13913530719191172,0.1391353071899924,0.13913530719191172,0.1391353071951274,0.1391353071985227,0.1391353071951274,0.13913530719191172,0.1391353071935512,0.1391353071985227,0.13913530720546996,0.1391353071985227,0.1391353071935512,0.13913530719191172,0.1391353071951274,0.1391353071985227,0.1391353071951274,0.13913530719191172,0.1391353071899924,0.13913530719191172,0.1391353071935512,0.13913530719191172,0.1391353071899924,0.13807980369646664,0.1380798036994256,0.13807980370229203,0.1380798036994256,0.13807980369646664,0.1380798036994256,0.13807980370515952,0.1380798037126863,0.13807980370515952,0.1380798036994256,0.13807980370229203,0.1380798037126863,0.13807980373312015,0.1380798037126863,0.13807980370229203,0.1380798036994256,0.13807980370515952,0.1380798037126863,0.13807980370515952,0.1380798036994256,0.13807980369646664,0.1380798036994256,0.13807980370229203,0.1380798036994256,0.13807980369646664,0.13704476578253943,0.13704476578683866,0.1370447657919595,0.13704476578683866,0.13704476578253943,0.13704476578683866,0.13704476579724656,0.13704476581783598,0.13704476579724656,0.13704476578683866,0.1370447657919595,0.13704476581783598,0.13704476593111795,0.13704476581783598,0.1370447657919595,0.13704476578683866,0.13704476579724656,0.13704476581783598,0.13704476579724656,0.13704476578683866,0.13704476578253943,0.13704476578683866,0.1370447657919595,0.13704476578683866,0.13704476578253943,0.13602973235108018,0.13602973235402338,0.13602973235688337,0.13602973235402338,0.13602973235108018,0.13602973235402338,0.13602973235974325,0.13602973236733737,0.13602973235974325,0.13602973235402338,0.13602973235688337,0.13602973236733737,0.13602973238830782,0.13602973236733737,0.13602973235688337,0.13602973235402338,0.13602973235974325,0.13602973236733737,0.13602973235974325,0.13602973235402338,0.13602973235108018,0.13602973235402338,0.13602973235688337,0.13602973235402338,0.13602973235108018,0.13503425182674583,0.1350342518285769,0.1350342518300832,0.1350342518285769,0.13503425182674583,0.1350342518285769,0.13503425183150886,0.13503425183440335,0.13503425183150886,0.1350342518285769,0.1350342518300832,0.13503425183440335,0.13503425183964848,0.13503425183440335,0.1350342518300832,0.1350342518285769,0.13503425183150886,0.13503425183440335,0.13503425183150886,0.1350342518285769,0.13503425182674583,0.1350342518285769,0.1350342518300832,0.1350342518285769,0.13503425182674583
0.16533248787542693,0.16533248787542645,0.16533248787542645,0.16533248787542645,0.16533248787542693,0.16533248787542645,0.16533248787542623,0.16533248787542598,0.16533248787542623,0.16533248787542645,0.16533248787542645,0.16533248787542598,0.16533248787542576,0.16533248787542598,0.16533248787542645,0.16533248787542645,0.16533248787542623,0.16533248787542598,0.16533248787542623,0.16533248787542645,0.16533248787542693,0.16533248787542645,0.16533248787542645,0.16533248787542645,0.16533248787542693,0.16375749415483848,0.16375749415483778,0.1637574941548373,0.16375749415483778,0.16375749415483848,0.16375749415483778,0.1637574941548371,0.16375749415483665,0.1637574941548371,0.16375749415483778,0.1637574941548373,0.16375749415483665,0.16375749415483618,0.16375749415483665,0.1637574941548373,0.16375749415483778,0.1637574941548371,0.16375749415483665,0.1637574941548371,0.16375749415483778,0.16375749415483848,0.16375749415483778,0.1637574941548373,0.16375749415483778,0.16375749415483848,0.1622138843661812,0.1622138843661792,0.1622138843661778,0.1622138843661792,0.1622138843661812,0.1622138843661792,0.1622138843661767,0.16221388436617531,0.1622138843661767,0.1622138843661792,0.1622138843661778,0.16221388436617531,0.16221388436617373,0.16221388436617531,0.1622138843661778,0.1622138843661792,0.1622138843661767,0.16221388436617531,0.1622138843661767,0.1622138843661792,0.1622138843661812,0.1622138843661792,0.1622138843661778,0.1622138843661792,0.1622138843661812,0.1607010674664983,0.16070106746649182,0.1607010674664874,0.16070106746649182,0.1607010674664983,0.16070106746649182,0.1607010674664845,0.1607010674664796,0.1607010674664845,0.16070106746649182,0.1607010674664874,0.1607010674664796,0.1607010674664745,0.1607010674664796,0.1607010674664876,0.16070106746649182,0.1607010674664845,0.1607010674664796,0.1607010674664845,0.16070106746649182,0.1607010674664983,0.16070106746649182,0.1607010674664876,0.16070106746649182,0.1607010674664983,0.1592184518307769,0.1592184518307571,0.15921845183074426,0.1592184518307571,0.1592184518307769,0.1592184518307571,0.15921845183073424,0.15921845183071923,0.15921845183073424,0.1592184518307571,0.15921845183074426,0.15921845183071923,0.15921845183070246,0.15921845183071923,0.15921845183074426,0.1592184518307571,0.15921845183073424,0.15921845183071923,0.15921845183073424,0.1592184518307571,0.1592184518307769,0.1592184518307571,0.15921845183074426,0.1592184518307571,0.1592184518307769,0.15776544660381142,0.15776544660375316,0.15776544660371455,0.15776544660375316,0.15776544660381142,0.15776544660375316,0.1577654466036832,0.15776544660363473,0.1577654466036832,0.15776544660375316,0.15776544660371455,0.15776544660363473,0.157765446603578,0.15776544660363473,0.15776544660371455,0.15776544660375316,0.1577654466036832,0.15776544660363473,0.1577654466036832,0.15776544660375316,0.15776544660381142,0.15776544660375316,0.15776544660371455,0.15776544660375316,0.15776544660381142,0.1563414629145599,0.1563414629143949,0.1563414629142801,0.1563414629143949,0.1563414629145599,0.1563414629143949,0.15634146291418224,0.15634146291402376,0.15634146291418224,0.1563414629143949,0.1563414629142801,0.15634146291402376,0.15634146291382278,0.15634146291402376,0.1563414629142801,0.1563414629143949,0.15634146291418224,0.15634146291402376,0.15634146291418224,0.1563414629143949,0.1563414629145599,0.1563414629143949,0.1563414629142801,0.1563414629143949,0.1563414629145599,0.15494591496329682,0.15494591496284987,0.15494591496251667,0.15494591496284987,0.15494591496329682,0.15494591496284987,0.15494591496221685,0.15494591496168794,0.15494591496221685,0.15494591496284987,0.15494591496251667,0.15494591496168794,0.15494591496091698,0.15494591496168794,0.15494591496251667,0.15494591496284987,0.15494591496221685,0.15494591496168794,0.15494591496221685,0.15494591496284987,0.15494591496329682,0.15494591496284987,0.15494591496251667,0.15494591496284987,0.15494591496329682,0.1535782209913397,0.15357822099021798,0.15357822098929189,0.15357822099021798,0.1535782209913397,0.15357822099021798,0.1535782209884146,0.1535782209866205,0.1535782209884146,0.15357822099021798,0.15357822098929189,0.1535782209866205,0.1535782209833399,0.1535782209866205,0.15357822098929189,0.15357822099021798,0.1535782209884146,0.1535782209866205,0.1535782209884146,0.15357822099021798,0.1535782209913397,0.15357822099021798,0.15357822098929189,0.15357822099021798,0.1535782209913397,0.1522378041426078,0.15223780414014182,0.15223780413779606,0.15223780414014182,0.1522378041426078,0.15223780414014182,0.1522378041354647,0.15223780412948218,0.1522378041354647,0.15223780414014182,0.15223780413779606,0.15223780412948218,0.15223780411370905,0.15223780412948218,0.15223780413779606,0.15223780414014182,0.1522378041354647,0.15223780412948218,0.1522378041354647,0.15223780414014182,0.1522378041426078,0.15223780414014182,0.15223780413779606,0.15223780414014182,0.1522378041426078,0.15092409322551525,0.15092409322129322,0.15092409321653774,0.15092409322129322,0.15092409322551525,0.15092409322129322,0.15092409321165687,0.15092409319431974,0.15092409321165687,0.15092409322129322,0.15092409321653774,0.15092409319431974,0.15092409310842791,0.15092409319431974,0.15092409321653774,0.15092409322129322,0.15092409321165687,0.15092409319431974,0.15092409321165687,0.15092409322129322,0.15092409322551525,0.15092409322129322,0.15092409321653774,0.15092409322129322,0.15092409322551525,0.1496365233820437,0.1496365233778237,0.14963652337324637,0.1496365233778237,0.1496365233820437,0.1496365233778237,0.1496365233685641,0.149636523353229,0.1496365233685641,0.1496365233778237,0.14963652337324637,0.149636523353229,0.1496365232868863,0.149636523353229,0.14963652337324637,0.1496365233778237,0.1496365233685641,0.149636523353229,0.1496365233685641,0.1496365233778237,0.1496365233820437,0.1496365233778237,0.14963652337324637,0.1496365233778237,0.1496365233820437,0.1483745366686945,0.14837453666569145,0.14837453666258196,0.14837453666569145,0.1483745366686945,0.14837453666569145,0.14837453665943098,0.14837453664974581,0.14837453665943098,0.14837453666569145,0.14837453666258196,0.14837453664974581,0.14837453661062586,0.14837453664974581,0.14837453666258196,0.14837453666569145,0.14837453665943098,0.14837453664974581,0.14837453665943098,0.14837453666569145,0.1483745366686945,0.14837453666569145,0.14837453666258196,0.14837453666569145,0.1483745366686945,0.14713758256589726,0.14713758256449977,0.1471375825631352,0.14713758256449977,0.14713758256589726,0.14713758256449977,0.1471375825617751,0.14713758255787965,0.1471375825617751,0.14713758256449977,0.1471375825631352,0.14713758255787965,0.14713758254324424,0.14713758255787965,0.1471375825631352,0.14713758256449977,0.1471375825617751,0.14713758255787965,0.1471375825617751,0.14713758256449977,0.14713758256589726,0.14713758256449977,0.1471375825631352,0.14713758256449977,0.14713758256589726,0.14592511841751116,0.14592511841763386,0.14592511841786626,0.14592511841763386,0.14592511841751116,0.14592511841763386,0.14592511841812994,0.1459251184193438,0.14592511841812994,0.14592511841763386,0.14592511841786626,0.1459251184193438,0.14592511842611308,0.1459251184193438,0.14592511841786626,0.14592511841763386,0.14592511841812994,0.1459251184193438,0.14592511841812994,0.14592511841763386,0.14592511841751116,0.14592511841763386,0.14592511841786626,0.14592511841763386,0.14592511841751116,0.14473660980524383,0.14473660980653583,0.14473660980796577,0.14473660980653583,0.14473660980524383,0.14473660980653583,0.14473660980943845,0.14473660981435446,0.14473660980943845,0.14473660980653583,0.14473660980796577,0.14473660981435446,0.14473660983620634,0.14473660981435446,0.14473660980796577,0.14473660980653583,0.14473660980943845,0.14473660981435446,0.14473660980943845,0.14473660980653583,0.14473660980524383,0.14473660980653583,0.14473660980796577,0.14473660980653583,0.14473660980524383,0.14357153086397395,0.14357153086597924,0.14357153086811986,0.14357153086597924,0.14357153086397395,0.14357153086597924,0.14357153087030308,0.14357153087731223,0.14357153087030308,0.14357153086597924,0.14357153086811986,0.14357153087731223,0.14357153090716337,0.14357153087731203,0.14357153086811986,0.14357153086597924,0.14357153087030308,0.14357153087731203,0.14357153087030308,0.14357153086597924,0.14357153086397395,0.14357153086597924,0.14357153086811986,0.14357153086597924,0.14357153086397395,0.1424293645433501,0.14242936454561608,0.14242936454801075,0.14242936454561608,0.1424293645433501,0.14242936454561608,0.14242936455044147,0.14242936455825855,0.14242936455044147,0.14242936454561608,0.14242936454801075,0.14242936455825855,0.14242936459209984,0.14242936455825855,0.14242936454801075,0.14242936454561608,0.14242936455044147,0.14242936455825855,0.14242936455044147,0.14242936454561608,0.1424293645433501,0.14242936454561608,0.14242936454801075,0.14242936454561608,0.1424293645433501,0.14130960282067542,0.14130960282277139,0.14130960282490368,0.14130960282277139,0.14130960282067542,0.14130960282277139,0.1413096028270437,0.1413096028336531,0.1413096028270437,0.14130960282277139,0.14130960282490368,0.1413096028336531,0.14130960286108532,0.1413096028336531,0.14130960282490368,0.14130960282277139,0.1413096028270437,0.1413096028336531,0.1413096028270437,0.14130960282277139,0.14130960282067542,0.14130960282277139,0.14130960282490368,0.14130960282277139,0.14130960282067542,0.1402117468697839,0.14021174687158816,0.14021174687327456,0.14021174687158816,0.1402117468697839,0.14021174687158816,0.14021174687492627,0.1402117468794828,0.14021174687492627,0.14021174687158816,0.14021174687327456,0.1402117468794828,0.1402117468963842,0.1402117468794828,0.14021174687327456,0.14021174687158816,0.14021174687492627,0.1402117468794828,0.14021174687492627,0.14021174687158816,0.1402117468697839,0.14021174687158816,0.14021174687327456,0.14021174687158816,0.1402117468697839,0.13913530718954067,0.13913530719145273,0.1391353071930857,0.13913530719145273,0.13913530718954067,0.13913530719145273,0.13913530719465542,0.13913530719803524,0.13913530719465542,0.13913530719145273,0.1391353071930857,0.13913530719803524,0.13913530720494488,0.13913530719803524,0.1391353071930857,0.13913530719145273,0.13913530719465542,0.13913530719803524,0.13913530719465542,0.13913530719145273,0.13913530718954067,0.13913530719145273,0.1391353071930857,0.13913530719145273,0.13913530718954067,0.1380798036959778,0.13807980369892994,0.13807980370178982,0.13807980369892994,0.1380798036959778,0.13807980369892994,0.13807980370465098,0.13807980371216177,0.13807980370465098,0.13807980369892994,0.13807980370178982,0.13807980371216177,0.13807980373255516,0.13807980371216177,0.13807980370178982,0.13807980369892994,0.13807980370465098,0.13807980371216177,0.13807980370465098,0.13807980369892994,0.1380798036959778,0.13807980369892994,0.13807980370178982,0.13807980369892994,0.1380798036959778,0.1370447657820272,0.13704476578631825,0.13704476579142966,0.13704476578631825,0.1370447657820272,0.13704476578631825,0.13704476579670696,0.13704476581726002,0.13704476579670696,0.13704476578631825,0.13704476579142966,0.13704476581726002,0.13704476593035256,0.13704476581726002,0.13704476579142966,0.13704476578631825,0.13704476579670696,0.13704476581726002,0.13704476579670696,0.13704476578631825,0.1370447657820272,0.13704476578631825,0.13704476579142966,0.13704476578631825,0.1370447657820272,0.1360297323505605,0.13602973235349836,0.13602973235635327,0.13602973235349836,0.1360297323505605,0.13602973235349836,0.13602973235920793,0.13602973236678867,0.13602973235920793,0.13602973235349836,0.13602973235635327,0.13602973236678867,0.1360297323877226,0.13602973236678867,0.13602973235635327,0.13602973235349836,0.13602973235920793,0.13602973236678867,0.13602973235920793,0.13602973235349836,0.1360297323505605,0.13602973235349836,0.13602973235635327,0.13602973235349836,0.1360297323505605,0.13503425182622947,0.13503425182805745,0.13503425182956094,0.13503425182805745,0.1350342518262296,0.13503425182805745,0.135034251830984,0.13503425183387352,0.13503425183098414,0.13503425182805745,0.13503425182956094,0.13503425183387352,0.13503425183910944,0.13503425183387352,0.13503425182956094,0.13503425182805745,0.13503425183098414,0.13503425183387352,0.13503425183098414,0.13503425182805745,0.1350342518262296,0.13503425182805745,0.13503425182956094,0.13503425182805745,0.1350342518262296
0.16533248787575308,0.16533248787575283,0.16533248787575258,0.16533248787575283,0.16533248787575308,0.16533248787575283,0.16533248787575258,0.16533248787575236,0.16533248787575258,0.16533248787575283,0.16533248787575258,0.16533248787575236,0.1653324878757521,0.16533248787575236,0.16533248787575258,0.16533248787575283,0.16533248787575258,0.16533248787575236,0.16533248787575258,0.16533248787575283,0.16533248787575308,0.16533248787575283,0.16533248787575258,0.16533248787575283,0.16533248787575308,0.16375749415515836,0.1637574941551577,0.1637574941551572,0.1637574941551577,0.16375749415515836,0.1637574941551577,0.16375749415515675,0.16375749415515628,0.16375749415515675,0.1637574941551577,0.1637574941551572,0.16375749415515628,0.1637574941551558,0.16375749415515628,0.1637574941551572,0.1637574941551577,0.16375749415515675,0.16375749415515628,0.16375749415515675,0.1637574941551577,0.16375749415515836,0.1637574941551577,0.1637574941551572,0.1637574941551577,0.16375749415515836,0.16221388436649473,0.16221388436649245,0.1622138843664911,0.16221388436649245,0.16221388436649473,0.16221388436649245,0.1622138843664902,0.1622138843664886,0.1622138843664902,0.16221388436649245,0.1622138843664911,0.1622138843664886,0.162213884366487,0.1622138843664886,0.1622138843664911,0.16221388436649245,0.1622138843664902,0.1622138843664886,0.1622138843664902,0.16221388436649245,0.16221388436649473,0.16221388436649245,0.1622138843664911,0.16221388436649245,0.16221388436649473,0.1607010674668053,0.16070106746679882,0.1607010674667944,0.16070106746679882,0.1607010674668053,0.16070106746679882,0.16070106746679153,0.1607010674667866,0.16070106746679153,0.16070106746679882,0.1607010674667944,0.1607010674667866,0.1607010674667815,0.1607010674667866,0.1607010674667946,0.16070106746679882,0.16070106746679153,0.1607010674667866,0.16070106746679153,0.16070106746679882,0.1607010674668053,0.16070106746679882,0.1607010674667946,0.16070106746679882,0.1607010674668053,0.15921845183107777,0.15921845183105798,0.15921845183104516,0.15921845183105798,0.15921845183107777,0.15921845183105798,0.15921845183103514,0.1592184518310201,0.15921845183103514,0.15921845183105798,0.15921845183104516,0.1592184518310201,0.15921845183100336,0.1592184518310201,0.15921845183104516,0.15921845183105798,0.15921845183103514,0.1592184518310201,0.15921845183103514,0.15921845183105798,0.15921845183107777,0.15921845183105798,0.15921845183104516,0.15921845183105798,0.15921845183107777,0.15776544660410607,0.15776544660404804,0.15776544660400943,0.15776544660404804,0.15776544660410607,0.15776544660404804,0.15776544660397807,0.15776544660392963,0.15776544660397807,0.15776544660404804,0.15776544660400943,0.15776544660392963,0.1577654466038731,0.15776544660392963,0.15776544660400943,0.15776544660404804,0.15776544660397807,0.15776544660392963,0.15776544660397807,0.15776544660404804,0.15776544660410607,0.15776544660404804,0.15776544660400943,0.15776544660404804,0.15776544660410607,0.15634146291484827,0.15634146291468368,0.15634146291456888,0.15634146291468368,0.15634146291484827,0.15634146291468368,0.1563414629144712,0.15634146291431295,0.1563414629144712,0.15634146291468368,0.15634146291456888,0.15634146291431295,0.1563414629141122,0.15634146291431295,0.15634146291456888,0.15634146291468368,0.1563414629144712,0.15634146291431295,0.1563414629144712,0.15634146291468368,0.15634146291484827,0.15634146291468368,0.15634146291456888,0.15634146291468368,0.15634146291484827,0.15494591496357862,0.1549459149631323,0.15494591496279947,0.1549459149631323,0.15494591496357862,0.1549459149631323,0.15494591496250026,0.15494591496197216,0.15494591496250026,0.1549459149631323,0.15494591496279947,0.15494591496197216,0.15494591496120244,0.15494591496197216,0.15494591496279947,0.1549459149631323,0.15494591496250026,0.15494591496197216,0.15494591496250026,0.1549459149631323,0.15494591496357862,0.1549459149631323,0.15494591496279947,0.1549459149631323,0.15494591496357862,0.15357822099161342,0.15357822099049354,0.15357822098956886,0.15357822099049354,0.15357822099161342,0.15357822099049354,0.15357822098869298,0.15357822098690146,0.15357822098869298,0.15357822099049354,0.15357822098956886,0.15357822098690146,0.15357822098362592,0.15357822098690146,0.15357822098956886,0.15357822099049354,0.15357822098869298,0.15357822098690146,0.15357822098869298,0.15357822099049354,0.15357822099161342,0.15357822099049354,0.15357822098956886,0.15357822099049354,0.15357822099161342,0.15223780414286997,0.15223780414040772,0.15223780413806573,0.15223780414040772,0.15223780414286997,0.15223780414040772,0.15223780413573793,0.15223780412976462,0.15223780413573793,0.15223780414040772,0.15223780413806573,0.15223780412976462,0.15223780411401572,0.15223780412976462,0.15223780413806573,0.15223780414040772,0.15223780413573793,0.15223780412976462,0.15223780413573793,0.15223780414040772,0.15223780414286997,0.15223780414040772,0.15223780413806573,0.15223780414040772,0.15223780414286997,0.15092409322575795,0.15092409322154268,0.15092409321679454,0.15092409322154268,0.15092409322575795,0.15092409322154268,0.15092409321192116,0.15092409319461064,0.15092409321192116,0.15092409322154268,0.15092409321679454,0.15092409319461064,0.1509240931088612,0.15092409319461064,0.15092409321679454,0.15092409322154268,0.15092409321192116,0.15092409319461064,0.15092409321192116,0.15092409322154268,0.15092409322575795,0.15092409322154268,0.15092409321679454,0.15092409322154268,0.15092409322575795,0.1496365233822528,0.14963652337804,0.14963652337347025,0.14963652337804,0.1496365233822528,0.14963652337804,0.14963652336879552,0.14963652335348426,0.14963652336879552,0.14963652337804,0.14963652337347025,0.14963652335348426,0.1496365232872083,0.14963652335348426,0.14963652337347025,0.14963652337804,0.14963652336879552,0.14963652335348426,0.14963652336879552,0.14963652337804,0.1496365233822528,0.14963652337804,0.14963652337347025,0.14963652337804,0.1496365233822528,0.14837453666885517,0.1483745366658586,0.14837453666275544,0.1483745366658586,0.14837453666885517,0.1483745366658586,0.14837453665961076,0.14837453664994488,0.14837453665961076,0.1483745366658586,0.14837453666275544,0.14837453664994488,0.14837453661088937,0.14837453664994488,0.14837453666275544,0.1483745366658586,0.14837453665961076,0.14837453664994488,0.14837453665961076,0.1483745366658586,0.14837453666885517,0.1483745366658586,0.14837453666275544,0.1483745366658586,0.14837453666885517,0.14713758256599552,0.1471375825646035,0.14713758256324452,0.1471375825646035,0.14713758256599552,0.1471375825646035,0.1471375825618899,0.14713758255801118,0.1471375825618899,0.1471375825646035,0.14713758256324452,0.14713758255801118,0.1471375825434263,0.14713758255801118,0.14713758256324452,0.1471375825646035,0.1471375825618899,0.14713758255801118,0.1471375825618899,0.1471375825646035,0.14713758256599552,0.1471375825646035,0.14713758256324452,0.1471375825646035,0.14713758256599552,0.1459251184175347,0.145925118417662,0.14592511841789899,0.145925118417662,0.1459251184175347,0.145925118417662,0.14592511841816735,0.1459251184193965,0.14592511841816735,0.145925118417662,0.14592511841789899,0.1459251184193965,0.1459251184262265,0.1459251184193965,0.14592511841789899,0.145925118417662,0.14592511841816735,0.1459251184193965,0.14592511841816735,0.145925118417662,0.1459251184175347,0.145925118417662,0.14592511841789899,0.145925118417662,0.1459251184175347,0.14473660980518258,0.144736609806477,0.1447366098079099,0.144736609806477,0.14473660980518258,0.144736609806477,0.14473660980938538,0.14473660981431152,0.14473660980938538,0.144736609806477,0.1447366098079099,0.14473660981431152,0.14473660983622466,0.14473660981431152,0.1447366098079099,0.144736609806477,0.14473660980938538,0.14473660981431152,0.14473660980938538,0.144736609806477,0.14473660980518258,0.144736609806477,0.1447366098079099,0.144736609806477,0.14473660980518258,0.14357153086382116,0.1435715308658261,0.14357153086796653,0.1435715308658261,0.14357153086382116,0.1435715308658261,0.14357153087014993,0.14357153087716013,0.14357153087014993,0.1435715308658261,0.14357153086796653,0.14357153087716013,0.1435715309070133,0.14357153087716013,0.14357153086796653,0.1435715308658261,0.14357153087014993,0.14357153087716013,0.14357153087014993,0.1435715308658261,0.14357153086382116,0.1435715308658261,0.14357153086796653,0.1435715308658261,0.14357153086382116,0.14242936454310517,0.14242936454536698,0.14242936454775762,0.14242936454536698,0.14242936454310517,0.14242936454536698,0.14242936455018415,0.14242936455799082,0.14242936455018415,0.14242936454536698,0.14242936454775762,0.14242936455799082,0.14242936459178496,0.14242936455799082,0.14242936454775762,0.14242936454536698,0.14242936455018415,0.14242936455799082,0.14242936455018415,0.14242936454536698,0.14242936454310517,0.14242936454536698,0.14242936454775762,0.14242936454536698,0.14242936454310517,0.1413096028203455,0.1413096028224329,0.14130960282455582,0.1413096028224329,0.1413096028203455,0.1413096028224329,0.14130960282668598,0.14130960283326133,0.14130960282668598,0.1413096028224329,0.14130960282455582,0.14130960283326133,0.141309602860562,0.14130960283326133,0.14130960282455582,0.1413096028224329,0.14130960282668598,0.14130960283326133,0.14130960282668598,0.1413096028224329,0.1413096028203455,0.1413096028224329,0.14130960282455582,0.1413096028224329,0.1413096028203455,0.14021174686938515,0.1402117468711802,0.14021174687285612,0.1402117468711802,0.14021174686938515,0.1402117468711802,0.14021174687449733,0.14021174687901772,0.14021174687449733,0.1402117468711802,0.14021174687285612,0.14021174687901772,0.14021174689574112,0.14021174687901772,0.14021174687285612,0.1402117468711802,0.14021174687449733,0.14021174687901772,0.14021174687449733,0.1402117468711802,0.14021174686938515,0.1402117468711802,0.14021174687285612,0.1402117468711802,0.14021174686938515,0.1391353071890913,0.13913530719099626,0.1391353071926226,0.13913530719099626,0.1391353071890913,0.13913530719099626,0.13913530719418601,0.13913530719755016,0.13913530719418601,0.13913530719099626,0.1391353071926226,0.13913530719755016,0.13913530720442233,0.13913530719755016,0.1391353071926226,0.13913530719099626,0.13913530719418601,0.13913530719755016,0.13913530719418601,0.13913530719099626,0.1391353071890913,0.13913530719099626,0.1391353071926226,0.13913530719099626,0.1391353071890913,0.13807980369549175,0.1380798036984369,0.13807980370129028,0.1380798036984369,0.13807980369549175,0.1380798036984369,0.13807980370414522,0.13807980371164025,0.13807980370414522,0.1380798036984369,0.13807980370129028,0.13807980371164025,0.1380798037319933,0.13807980371164025,0.13807980370129028,0.1380798036984369,0.13807980370414522,0.13807980371164025,0.13807980370414522,0.1380798036984369,0.13807980369549175,0.1380798036984369,0.13807980370129028,0.1380798036984369,0.13807980369549158,0.13704476578151756,0.13704476578580055,0.1370447657909027,0.13704476578580055,0.13704476578151756,0.13704476578580055,0.13704476579617042,0.13704476581668731,0.13704476579617042,0.13704476578580055,0.1370447657909027,0.13704476581668731,0.13704476592958006,0.13704476581668731,0.1370447657909027,0.13704476578580055,0.13704476579617042,0.13704476581668731,0.13704476579617042,0.13704476578580055,0.13704476578151756,0.13704476578580055,0.1370447657909027,0.13704476578580055,0.13704476578151756,0.1360297323500437,0.1360297323529762,0.13602973235582605,0.1360297323529762,0.1360297323500437,0.1360297323529762,0.13602973235867563,0.13602973236624308,0.13602973235867563,0.1360297323529762,0.13602973235582605,0.13602973236624308,0.13602973238714064,0.13602973236624308,0.13602973235582605,0.1360297323529762,0.13602973235867563,0.13602973236624308,0.13602973235867563,0.1360297323529762,0.1360297323500437,0.1360297323529762,0.13602973235582605,0.1360297323529762,0.1360297323500437,0.13503425182571618,0.13503425182754078,0.1350342518290415,0.13503425182754078,0.13503425182571618,0.13503425182754078,0.13503425183046222,0.13503425183334664,0.13503425183046222,0.13503425182754078,0.1350342518290415,0.13503425183334664,0.13503425183857337,0.13503425183334664,0.1350342518290415,0.13503425182754078,0.13503425183046222,0.13503425183334664,0.13503425183046222,0.13503425182754078,0.13503425182571618,0.13503425182754078,0.1350342518290415,0.13503425182754078,0.13503425182571618
0.1653324878760778,0.1653324878760773,0.1653324878760773,0.1653324878760773,0.1653324878760778,0.1653324878760773,0.16533248787607707,0.16533248787607685,0.16533248787607707,0.1653324878760773,0.1653324878760773,0.16533248787607685,0.1653324878760766,0.16533248787607685,0.1653324878760773,0.1653324878760773,0.16533248787607707,0.16533248787607685,0.16533248787607707,0.1653324878760773,0.1653324878760778,0.1653324878760773,0.1653324878760773,0.1653324878760773,0.1653324878760778,0.16375749415547639,0.1637574941554757,0.16375749415547522,0.1637574941554757,0.16375749415547639,0.1637574941554757,0.16375749415547497,0.16375749415547453,0.16375749415547497,0.1637574941554757,0.16375749415547522,0.16375749415547453,0.16375749415547383,0.16375749415547453,0.16375749415547522,0.1637574941554757,0.16375749415547497,0.16375749415547453,0.16375749415547497,0.1637574941554757,0.16375749415547639,0.1637574941554757,0.16375749415547522,0.1637574941554757,0.16375749415547639,0.1622138843668064,0.16221388436680415,0.16221388436680276,0.16221388436680415,0.1622138843668064,0.16221388436680415,0.16221388436680184,0.16221388436680026,0.16221388436680184,0.16221388436680415,0.16221388436680276,0.16221388436680026,0.16221388436679868,0.16221388436680026,0.16221388436680276,0.16221388436680415,0.16221388436680184,0.16221388436680026,0.16221388436680184,0.16221388436680415,0.1622138843668064,0.16221388436680415,0.16221388436680276,0.16221388436680415,0.1622138843668064,0.16070106746711074,0.1607010674671043,0.16070106746710008,0.1607010674671043,0.16070106746711074,0.1607010674671043,0.16070106746709698,0.16070106746709206,0.16070106746709698,0.1607010674671043,0.16070106746710008,0.16070106746709206,0.16070106746708698,0.16070106746709206,0.16070106746710008,0.1607010674671043,0.16070106746709698,0.16070106746709206,0.16070106746709698,0.1607010674671043,0.16070106746711074,0.1607010674671043,0.16070106746710008,0.1607010674671043,0.16070106746711074,0.15921845183137692,0.15921845183135735,0.1592184518313445,0.15921845183135735,0.15921845183137692,0.15921845183135735,0.15921845183133448,0.15921845183131947,0.15921845183133448,0.15921845183135735,0.1592184518313445,0.15921845183131947,0.1592184518313027,0.15921845183131947,0.1592184518313445,0.15921845183135735,0.15921845183133448,0.15921845183131947,0.15921845183133448,0.15921845183135735,0.15921845183137692,0.15921845183135735,0.1592184518313445,0.15921845183135735,0.15921845183137692,0.15776544660439903,0.1577654466043412,0.15776544660430258,0.1577654466043412,0.15776544660439903,0.1577654466043412,0.15776544660427141,0.15776544660422298,0.15776544660427141,0.1577654466043412,0.15776544660430258,0.15776544660422298,0.15776544660416666,0.15776544660422298,0.15776544660430258,0.1577654466043412,0.15776544660427141,0.15776544660422298,0.15776544660427141,0.1577654466043412,0.15776544660439903,0.1577654466043412,0.15776544660430258,0.1577654466043412,0.15776544660439903,0.15634146291513515,0.1563414629149708,0.1563414629148564,0.1563414629149708,0.15634146291513515,0.1563414629149708,0.15634146291475876,0.15634146291460066,0.15634146291475876,0.1563414629149708,0.1563414629148564,0.15634146291460066,0.15634146291440035,0.15634146291460066,0.1563414629148564,0.1563414629149708,0.15634146291475876,0.15634146291460066,0.15634146291475876,0.1563414629149708,0.15634146291513515,0.1563414629149708,0.1563414629148564,0.1563414629149708,0.15634146291513515,0.15494591496385898,0.15494591496341326,0.15494591496308105,0.15494591496341326,0.15494591496385898,0.15494591496341326,0.15494591496278226,0.15494591496225496,0.15494591496278226,0.15494591496341326,0.15494591496308105,0.15494591496225496,0.15494591496148627,0.15494591496225496,0.15494591496308105,0.15494591496341326,0.15494591496278226,0.15494591496225496,0.15494591496278226,0.15494591496341326,0.15494591496385898,0.15494591496341326,0.15494591496308105,0.15494591496341326,0.15494591496385898,0.15357822099188578,0.15357822099076748,0.1535782209898444,0.15357822099076748,0.15357822099188578,0.15357822099076748,0.15357822098896973,0.15357822098718102,0.15357822098896973,0.15357822099076748,0.1535782209898444,0.15357822098718102,0.1535782209839105,0.15357822098718102,0.1535782209898444,0.15357822099076748,0.15357822098896973,0.15357822098718102,0.15357822098896973,0.15357822099076748,0.15357822099188578,0.15357822099076748,0.1535782209898444,0.15357822099076748,0.15357822099188578,0.15223780414313082,0.15223780414067248,0.15223780413833404,0.15223780414067248,0.15223780414313082,0.15223780414067248,0.15223780413600976,0.1522378041300455,0.15223780413600976,0.15223780414067248,0.15223780413833404,0.1522378041300455,0.1522378041143208,0.1522378041300455,0.15223780413833404,0.15223780414067248,0.15223780413600976,0.1522378041300455,0.15223780413600976,0.15223780414067248,0.15223780414313082,0.15223780414067248,0.15223780413833404,0.15223780414067248,0.15223780414313082,0.1509240932259993,0.15092409322179076,0.1509240932170501,0.15092409322179076,0.1509240932259993,0.15092409322179076,0.1509240932121841,0.1509240931949004,0.1509240932121841,0.15092409322179076,0.1509240932170501,0.1509240931949004,0.1509240931092841,0.1509240931949004,0.1509240932170501,0.15092409322179076,0.1509240932121841,0.1509240931949004,0.1509240932121841,0.15092409322179076,0.1509240932259993,0.15092409322179076,0.1509240932170501,0.15092409322179076,0.1509240932259993,0.149636523382461,0.1496365233782552,0.149636523373693,0.1496365233782552,0.149636523382461,0.1496365233782552,0.14963652336902564,0.14963652335373823,0.14963652336902564,0.1496365233782552,0.149636523373693,0.14963652335373823,0.14963652328760746,0.14963652335373823,0.149636523373693,0.1496365233782552,0.14963652336902564,0.14963652335373823,0.14963652336902564,0.1496365233782552,0.149636523382461,0.1496365233782552,0.149636523373693,0.1496365233782552,0.149636523382461,0.14837453666901496,0.14837453666602465,0.1483745366629278,0.14837453666602465,0.14837453666901496,0.14837453666602465,0.14837453665978978,0.1483745366501428,0.14837453665978978,0.14837453666602465,0.1483745366629278,0.1483745366501428,0.1483745366111872,0.1483745366501428,0.1483745366629278,0.14837453666602465,0.14837453665978978,0.1483745366501428,0.14837453665978978,0.14837453666602465,0.14837453666901496,0.14837453666602465,0.1483745366629278,0.14837453666602465,0.14837453666901496,0.14713758256609308,0.14713758256470647,0.14713758256335296,0.14713758256470647,0.14713758256609308,0.14713758256470647,0.14713758256200415,0.14713758255814194,0.14713758256200415,0.14713758256470647,0.14713758256335296,0.14713758255814194,0.14713758254361683,0.14713758255814194,0.14713758256335296,0.14713758256470647,0.14713758256200415,0.14713758255814194,0.14713758256200415,0.14713758256470647,0.14713758256609308,0.14713758256470647,0.14713758256335296,0.14713758256470647,0.14713758256609308,0.14592511841755781,0.1459251184176896,0.14592511841793143,0.1459251184176896,0.14592511841755781,0.1459251184176896,0.14592511841820457,0.14592511841944886,0.14592511841820457,0.1459251184176896,0.14592511841793143,0.14592511841944886,0.14592511842635064,0.14592511841944886,0.14592511841793143,0.1459251184176896,0.14592511841820457,0.14592511841944886,0.14592511841820457,0.1459251184176896,0.14592511841755781,0.1459251184176896,0.14592511841793143,0.1459251184176896,0.14592511841755781,0.1447366098051213,0.14473660980641836,0.14473660980785424,0.14473660980641836,0.1447366098051213,0.14473660980641836,0.14473660980933267,0.14473660981426875,0.14473660980933267,0.14473660980641836,0.14473660980785424,0.14473660981426875,0.14473660983619485,0.14473660981426875,0.14473660980785424,0.14473660980641836,0.14473660980933267,0.14473660981426875,0.14473660980933267,0.14473660980641836,0.1447366098051213,0.14473660980641836,0.14473660980785424,0.14473660980641836,0.1447366098051213,0.14357153086366886,0.14357153086567362,0.14357153086781407,0.14357153086567362,0.14357153086366886,0.14357153086567362,0.14357153086999747,0.14357153087700902,0.14357153086999747,0.14357153086567362,0.14357153086781407,0.14357153087700902,0.1435715309068728,0.14357153087700902,0.14357153086781407,0.14357153086567362,0.14357153086999747,0.14357153087700902,0.14357153086999747,0.14357153086567362,0.14357153086366886,0.14357153086567362,0.14357153086781407,0.14357153086567362,0.14357153086366886,0.14242936454286126,0.14242936454511887,0.14242936454750563,0.14242936454511887,0.14242936454286126,0.14242936454511887,0.14242936454992816,0.14242936455772426,0.14242936454992816,0.14242936454511887,0.14242936454750563,0.14242936455772426,0.14242936459150882,0.14242936455772426,0.14242936454750563,0.14242936454511887,0.14242936454992816,0.14242936455772426,0.14242936454992816,0.14242936454511887,0.14242936454286126,0.14242936454511887,0.14242936454750563,0.14242936454511887,0.14242936454286126,0.14130960282001706,0.1413096028220961,0.14130960282420946,0.1413096028220961,0.14130960282001706,0.1413096028220961,0.1413096028263301,0.1413096028328714,0.1413096028263301,0.1413096028220961,0.14130960282420946,0.1413096028328714,0.1413096028600005,0.1413096028328714,0.14130960282420946,0.1413096028220961,0.1413096028263301,0.1413096028328714,0.1413096028263301,0.1413096028220961,0.14130960282001706,0.1413096028220961,0.14130960282420946,0.1413096028220961,0.14130960282001706,0.1402117468689883,0.140211746870774,0.14021174687243976,0.140211746870774,0.1402117468689883,0.140211746870774,0.1402117468740705,0.14021174687855495,0.1402117468740705,0.140211746870774,0.14021174687243976,0.14021174687855495,0.1402117468951185,0.14021174687855495,0.14021174687243976,0.140211746870774,0.1402117468740705,0.14021174687855495,0.1402117468740705,0.140211746870774,0.1402117468689883,0.140211746870774,0.14021174687243976,0.140211746870774,0.1402117468689883,0.1391353071886442,0.139135307190542,0.13913530719216186,0.139135307190542,0.1391353071886442,0.139135307190542,0.13913530719371878,0.1391353071970676,0.13913530719371878,0.139135307190542,0.13913530719216186,0.1391353071970676,0.13913530720390244,0.1391353071970676,0.13913530719216186,0.139135307190542,0.13913530719371878,0.1391353071970676,0.13913530719371878,0.139135307190542,0.1391353071886442,0.139135307190542,0.13913530719216186,0.139135307190542,0.1391353071886442,0.13807980369500802,0.13807980369794637,0.13807980370079337,0.13807980369794637,0.13807980369500802,0.13807980369794637,0.13807980370364198,0.13807980371112133,0.13807980370364198,0.13807980369794637,0.13807980370079337,0.13807980371112133,0.1380798037314344,0.13807980371112133,0.13807980370079337,0.13807980369794637,0.13807980370364198,0.13807980371112133,0.13807980370364198,0.13807980369794637,0.13807980369500802,0.13807980369794637,0.13807980370079337,0.13807980369794637,0.13807980369500802,0.13704476578101066,0.13704476578528557,0.13704476579037847,0.13704476578528557,0.13704476578101066,0.13704476578528557,0.13704476579563676,0.1370447658161176,0.13704476579563676,0.13704476578528557,0.13704476579037847,0.1370447658161176,0.13704476592883705,0.1370447658161176,0.13704476579037847,0.13704476578528557,0.13704476579563676,0.1370447658161176,0.13704476579563676,0.13704476578528557,0.13704476578101066,0.13704476578528557,0.13704476579037847,0.13704476578528557,0.13704476578101066,0.13602973234952961,0.13602973235245686,0.13602973235530164,0.13602973235245686,0.13602973234952961,0.13602973235245686,0.13602973235814617,0.13602973236570032,0.13602973235814617,0.13602973235245686,0.13602973235530164,0.13602973236570032,0.1360297323865618,0.13602973236570032,0.13602973235530164,0.13602973235245686,0.13602973235814617,0.13602973236570032,0.13602973235814617,0.13602973235245686,0.13602973234952961,0.13602973235245686,0.13602973235530164,0.13602973235245686,0.13602973234952961,0.13503425182520534,0.13503425182702677,0.13503425182852485,0.13503425182702677,0.13503425182520534,0.13503425182702677,0.13503425182994305,0.13503425183282236,0.13503425182994305,0.13503425182702677,0.13503425182852485,0.13503425183282236,0.13503425183804013,0.13503425183282236,0.13503425182852485,0.13503425182702677,0.13503425182994305,0.13503425183282236,0.13503425182994305,0.13503425182702677,0.13503425182520534,0.13503425182702677,0.13503425182852485,0.13503425182702677,0.13503425182520534
0.16533248787640084,0.16533248787640062,0.16533248787640037,0.16533248787640062,0.16533248787640084,0.16533248787640062,0.16533248787640015,0.16533248787639993,0.16533248787640015,0.16533248787640062,0.16533248787640037,0.16533248787639993,0.16533248787639965,0.16533248787639993,0.16533248787640037,0.16533248787640062,0.16533248787640015,0.16533248787639993,0.16533248787640015,0.16533248787640037,0.16533248787640084,0.16533248787640062,0.16533248787640037,0.16533248787640037,0.16533248787640084,0.16375749415579302,0.16375749415579233,0.16375749415579186,0.16375749415579233,0.16375749415579302,0.16375749415579233,0.1637574941557916,0.16375749415579116,0.1637574941557916,0.16375749415579233,0.16375749415579186,0.16375749415579116,0.16375749415579072,0.16375749415579116,0.16375749415579186,0.16375749415579233,0.1637574941557916,0.16375749415579116,0.1637574941557916,0.16375749415579233,0.16375749415579302,0.16375749415579233,0.16375749415579186,0.16375749415579233,0.16375749415579302,0.16221388436711673,0.16221388436711445,0.1622138843671131,0.16221388436711445,0.16221388436711673,0.16221388436711445,0.16221388436711218,0.1622138843671106,0.16221388436711218,0.16221388436711445,0.1622138843671131,0.1622138843671106,0.162213884367109,0.1622138843671106,0.1622138843671131,0.16221388436711445,0.16221388436711218,0.1622138843671106,0.16221388436711218,0.16221388436711445,0.16221388436711673,0.16221388436711445,0.1622138843671131,0.16221388436711445,0.16221388436711673,0.1607010674674149,0.1607010674674082,0.16070106746740398,0.1607010674674082,0.1607010674674149,0.1607010674674082,0.1607010674674011,0.1607010674673962,0.1607010674674011,0.1607010674674082,0.16070106746740398,0.1607010674673962,0.1607010674673911,0.1607010674673962,0.1607010674674042,0.1607010674674082,0.1607010674674011,0.1607010674673962,0.1607010674674011,0.1607010674674082,0.1607010674674149,0.1607010674674082,0.1607010674674042,0.1607010674674082,0.1607010674674149,0.159218451831675,0.1592184518316552,0.15921845183164235,0.1592184518316552,0.159218451831675,0.1592184518316552,0.15921845183163252,0.1592184518316175,0.15921845183163252,0.1592184518316552,0.15921845183164235,0.1592184518316175,0.15921845183160074,0.1592184518316175,0.15921845183164235,0.1592184518316552,0.15921845183163252,0.1592184518316175,0.15921845183163252,0.1592184518316552,0.159218451831675,0.1592184518316552,0.15921845183164235,0.1592184518316552,0.159218451831675,0.15776544660469094,0.1577654466046331,0.15776544660459468,0.1577654466046331,0.15776544660469094,0.1577654466046331,0.15776544660456354,0.1577654466045151,0.15776544660456354,0.1577654466046331,0.15776544660459468,0.1577654466045151,0.15776544660445876,0.1577654466045151,0.15776544660459468,0.1577654466046331,0.15776544660456354,0.1577654466045151,0.15776544660456354,0.1577654466046331,0.15776544660469094,0.1577654466046331,0.15776544660459468,0.1577654466046331,0.15776544660469094,0.15634146291542098,0.15634146291525666,0.15634146291514248,0.15634146291525666,0.15634146291542098,0.15634146291525666,0.15634146291504503,0.15634146291488715,0.15634146291504503,0.15634146291525666,0.15634146291514248,0.15634146291488715,0.15634146291468703,0.15634146291488715,0.15634146291514248,0.15634146291525666,0.15634146291504503,0.15634146291488715,0.15634146291504503,0.15634146291525666,0.15634146291542098,0.15634146291525666,0.15634146291514248,0.15634146291525666,0.15634146291542098,0.1549459149641379,0.15494591496369298,0.1549459149633612,0.15494591496369298,0.1549459149641379,0.15494591496369298,0.1549459149630628,0.15494591496253654,0.1549459149630628,0.15494591496369298,0.1549459149633612,0.15494591496253654,0.15494591496176907,0.15494591496253654,0.1549459149633612,0.15494591496369298,0.1549459149630628,0.15494591496253654,0.1549459149630628,0.15494591496369298,0.1549459149641379,0.15494591496369298,0.1549459149633612,0.15494591496369298,0.1549459149641379,0.1535782209921569,0.15357822099104043,0.15357822099011856,0.15357822099104043,0.1535782209921569,0.15357822099104043,0.15357822098924528,0.1535782209874594,0.15357822098924528,0.15357822099104043,0.15357822099011856,0.1535782209874594,0.15357822098419388,0.1535782209874594,0.15357822099011856,0.15357822099104043,0.15357822098924528,0.1535782209874594,0.15357822098924528,0.15357822099104043,0.1535782209921569,0.15357822099104043,0.15357822099011856,0.15357822099104043,0.1535782209921569,0.15223780414339064,0.15223780414093585,0.15223780413860116,0.15223780414093585,0.15223780414339064,0.15223780414093585,0.1522378041362804,0.15223780413032542,0.1522378041362804,0.15223780414093585,0.15223780413860116,0.15223780413032542,0.15223780411462454,0.15223780413032542,0.15223780413860116,0.15223780414093585,0.1522378041362804,0.15223780413032542,0.1522378041362804,0.15223780414093585,0.15223780414339064,0.15223780414093585,0.15223780413860116,0.15223780414093585,0.15223780414339064,0.15092409322623968,0.15092409322203768,0.1509240932173044,0.15092409322203768,0.15092409322623968,0.15092409322203768,0.1509240932124461,0.15092409319518862,0.1509240932124461,0.15092409322203768,0.1509240932173044,0.15092409319518862,0.15092409310968188,0.15092409319518862,0.1509240932173044,0.15092409322203768,0.1509240932124461,0.15092409319518862,0.1509240932124461,0.15092409322203768,0.15092409322623968,0.15092409322203768,0.1509240932173044,0.15092409322203768,0.15092409322623968,0.14963652338266803,0.14963652337846942,0.1496365233739146,0.14963652337846942,0.14963652338266803,0.14963652337846942,0.14963652336925481,0.14963652335399122,0.14963652336925481,0.14963652337846942,0.1496365233739146,0.14963652335399122,0.14963652328792743,0.14963652335399122,0.1496365233739146,0.14963652337846942,0.14963652336925481,0.14963652335399122,0.14963652336925481,0.14963652337846942,0.14963652338266803,0.14963652337846942,0.1496365233739146,0.14963652337846942,0.14963652338266803,0.14837453666917377,0.1483745366661898,0.1483745366630994,0.1483745366661898,0.14837453666917377,0.1483745366661898,0.1483745366599677,0.1483745366503398,0.1483745366599677,0.1483745366661898,0.1483745366630994,0.1483745366503398,0.1483745366114461,0.1483745366503398,0.1483745366630994,0.1483745366661898,0.1483745366599677,0.1483745366503398,0.1483745366599677,0.1483745366661898,0.14837453666917377,0.1483745366661898,0.1483745366630994,0.1483745366661898,0.14837453666917377,0.14713758256619008,0.14713758256480913,0.14713758256346104,0.14713758256480913,0.14713758256619008,0.14713758256480913,0.1471375825621177,0.14713758255827203,0.1471375825621177,0.14713758256480913,0.14713758256346104,0.14713758255827203,0.14713758254381157,0.14713758255827203,0.14713758256346104,0.14713758256480913,0.1471375825621177,0.14713758255827203,0.1471375825621177,0.14713758256480913,0.14713758256619008,0.14713758256480913,0.14713758256346104,0.14713758256480913,0.14713758256619008,0.145925118417581,0.1459251184177172,0.14592511841796346,0.1459251184177172,0.145925118417581,0.1459251184177172,0.14592511841824143,0.14592511841950068,0.14592511841824143,0.1459251184177172,0.14592511841796346,0.14592511841950068,0.14592511842648134,0.14592511841950068,0.14592511841796346,0.1459251184177172,0.14592511841824143,0.14592511841950068,0.14592511841824143,0.1459251184177172,0.145925118417581,0.1459251184177172,0.14592511841796346,0.1459251184177172,0.145925118417581,0.14473660980506037,0.14473660980636008,0.1447366098077987,0.14473660980636008,0.14473660980506037,0.14473660980636008,0.1447366098092801,0.14473660981422617,0.1447366098092801,0.14473660980636008,0.1447366098077987,0.14473660981422617,0.14473660983620565,0.14473660981422617,0.1447366098077987,0.14473660980636008,0.1447366098092801,0.14473660981422617,0.1447366098092801,0.14473660980636008,0.14473660980506037,0.14473660980636008,0.1447366098077987,0.14473660980636008,0.14473660980506037,0.14357153086351743,0.14357153086552185,0.14357153086766244,0.14357153086552185,0.14357153086351743,0.14357153086552185,0.14357153086984586,0.1435715308768586,0.14357153086984586,0.14357153086552185,0.14357153086766244,0.1435715308768586,0.1435715309067433,0.1435715308768586,0.14357153086766244,0.14357153086552185,0.14357153086984586,0.1435715308768586,0.14357153086984586,0.14357153086552185,0.14357153086351743,0.14357153086552185,0.14357153086766244,0.14357153086552185,0.14357153086351743,0.14242936454261854,0.1424293645448723,0.14242936454725486,0.1424293645448723,0.14242936454261854,0.1424293645448723,0.1424293645496735,0.14242936455745922,0.1424293645496735,0.1424293645448723,0.14242936454725486,0.14242936455745922,0.14242936459119127,0.14242936455745922,0.14242936454725486,0.1424293645448723,0.1424293645496735,0.14242936455745922,0.1424293645496735,0.1424293645448723,0.14242936454261854,0.1424293645448723,0.14242936454725486,0.1424293645448723,0.14242936454261854,0.14130960281969027,0.14130960282176092,0.1413096028238649,0.14130960282176092,0.14130960281969027,0.14130960282176092,0.14130960282597582,0.1413096028324834,0.14130960282597582,0.14130960282176092,0.1413096028238649,0.1413096028324834,0.14130960285943395,0.1413096028324834,0.1413096028238649,0.14130960282176092,0.14130960282597582,0.1413096028324834,0.14130960282597582,0.14130960282176092,0.14130960281969027,0.14130960282176092,0.1413096028238649,0.14130960282176092,0.14130960281969027,0.1402117468685934,0.1402117468703699,0.1402117468720255,0.1402117468703699,0.1402117468685934,0.1402117468703699,0.14021174687364577,0.14021174687809423,0.14021174687364577,0.1402117468703699,0.1402117468720255,0.14021174687809423,0.1402117468944819,0.14021174687809423,0.1402117468720255,0.1402117468703699,0.14021174687364577,0.14021174687809423,0.14021174687364577,0.1402117468703699,0.1402117468685934,0.1402117468703699,0.1402117468720255,0.1402117468703699,0.1402117468685934,0.13913530718819925,0.1391353071900901,0.13913530719170333,0.1391353071900901,0.13913530718819925,0.1391353071900901,0.13913530719325393,0.1391353071965874,0.13913530719325393,0.1391353071900901,0.13913530719170333,0.1391353071965874,0.1391353072033851,0.1391353071965874,0.13913530719170333,0.1391353071900901,0.13913530719325393,0.1391353071965874,0.13913530719325393,0.1391353071900901,0.13913530718819925,0.1391353071900901,0.13913530719170333,0.1391353071900901,0.13913530718819925,0.13807980369452674,0.13807980369745845,0.13807980370029913,0.13807980369745845,0.13807980369452674,0.13807980369745845,0.1380798037031415,0.13807980371060516,0.1380798037031415,0.13807980369745845,0.13807980370029913,0.13807980371060516,0.1380798037308784,0.13807980371060516,0.13807980370029913,0.13807980369745845,0.1380798037031415,0.13807980371060516,0.1380798037031415,0.13807980369745845,0.13807980369452674,0.13807980369745845,0.13807980370029913,0.13807980369745845,0.13807980369452674,0.1370447657805065,0.13704476578477334,0.1370447657898571,0.13704476578477334,0.1370447657805065,0.13704476578477334,0.137044765795106,0.13704476581555095,0.137044765795106,0.13704476578477334,0.1370447657898571,0.13704476581555095,0.13704476592805953,0.13704476581555095,0.13704476578985697,0.13704476578477334,0.137044765795106,0.13704476581555095,0.137044765795106,0.13704476578477334,0.1370447657805065,0.13704476578477334,0.13704476578985697,0.13704476578477334,0.1370447657805065,0.1360297323490183,0.13602973235194035,0.13602973235478008,0.13602973235194035,0.1360297323490183,0.13602973235194035,0.13602973235761953,0.13602973236516055,0.13602973235761953,0.13602973235194035,0.13602973235478008,0.13602973236516055,0.13602973238598626,0.13602973236516072,0.13602973235478008,0.13602973235194035,0.13602973235761953,0.13602973236516072,0.13602973235761953,0.13602973235194035,0.1360297323490183,0.13602973235194035,0.13602973235478008,0.13602973235194035,0.1360297323490183,0.13503425182469747,0.13503425182651566,0.1350342518280111,0.13503425182651566,0.13503425182469747,0.13503425182651566,0.13503425182942685,0.13503425183230117,0.13503425182942685,0.13503425182651566,0.1350342518280111,0.13503425183230117,0.13503425183750992,0.13503425183230117,0.1350342518280111,0.13503425182651566,0.13503425182942685,0.13503425183230117,0.13503425182942685,0.13503425182651566,0.13503425182469747,0.13503425182651566,0.1350342518280111,0.13503425182651566,0.13503425182469747
0.16533248787672228,0.16533248787672203,0.16533248787672178,0.16533248787672203,0.16533248787672228,0.16533248787672203,0.16533248787672156,0.16533248787672133,0.16533248787672156,0.16533248787672203,0.16533248787672178,0.16533248787672133,0.16533248787672108,0.16533248787672133,0.16533248787672178,0.16533248787672203,0.16533248787672156,0.16533248787672133,0.16533248787672156,0.16533248787672203,0.16533248787672228,0.16533248787672203,0.16533248787672178,0.16533248787672203,0.16533248787672228,0.16375749415610802,0.16375749415610735,0.16375749415610685,0.16375749415610735,0.16375749415610802,0.16375749415610735,0.16375749415610663,0.1637574941561062,0.16375749415610663,0.16375749415610735,0.16375749415610685,0.1637574941561062,0.16375749415610572,0.1637574941561062,0.16375749415610685,0.16375749415610735,0.16375749415610663,0.1637574941561062,0.16375749415610663,0.16375749415610735,0.16375749415610802,0.16375749415610735,0.16375749415610685,0.16375749415610735,0.16375749415610802,0.16221388436742545,0.16221388436742318,0.16221388436742182,0.16221388436742318,0.16221388436742545,0.16221388436742318,0.1622138843674209,0.16221388436741932,0.1622138843674209,0.16221388436742318,0.16221388436742182,0.16221388436741932,0.16221388436741774,0.16221388436741932,0.16221388436742182,0.16221388436742318,0.1622138843674209,0.16221388436741932,0.1622138843674209,0.16221388436742318,0.16221388436742545,0.16221388436742318,0.16221388436742182,0.16221388436742318,0.16221388436742545,0.16070106746771742,0.1607010674677108,0.16070106746770657,0.1607010674677108,0.16070106746771742,0.1607010674677108,0.16070106746770343,0.16070106746769877,0.16070106746770343,0.1607010674677108,0.16070106746770657,0.16070106746769877,0.16070106746769366,0.16070106746769877,0.16070106746770657,0.1607010674677108,0.16070106746770343,0.16070106746769877,0.16070106746770343,0.1607010674677108,0.16070106746771742,0.1607010674677108,0.16070106746770657,0.1607010674677108,0.16070106746771742,0.1592184518319713,0.15921845183195152,0.15921845183193886,0.15921845183195152,0.1592184518319713,0.15921845183195152,0.15921845183192906,0.15921845183191383,0.15921845183192906,0.15921845183195152,0.15921845183193886,0.15921845183191383,0.15921845183189728,0.15921845183191383,0.15921845183193886,0.15921845183195152,0.15921845183192906,0.15921845183191383,0.15921845183192906,0.15921845183195152,0.1592184518319713,0.15921845183195152,0.15921845183193886,0.15921845183195152,0.1592184518319713,0.15776544660498132,0.1577654466049235,0.15776544660488506,0.1577654466049235,0.15776544660498132,0.1577654466049235,0.15776544660485392,0.1577654466048057,0.15776544660485392,0.1577654466049235,0.15776544660488506,0.1577654466048057,0.15776544660474937,0.1577654466048057,0.15776544660488506,0.1577654466049235,0.15776544660485392,0.1577654466048057,0.15776544660485392,0.1577654466049235,0.15776544660498132,0.1577654466049235,0.15776544660488506,0.1577654466049235,0.15776544660498132,0.15634146291570497,0.15634146291554102,0.15634146291542705,0.15634146291554102,0.15634146291570497,0.15634146291554102,0.15634146291532963,0.15634146291517217,0.15634146291532963,0.15634146291554102,0.15634146291542705,0.15634146291517217,0.15634146291497247,0.15634146291517217,0.15634146291542705,0.15634146291554102,0.15634146291532963,0.15634146291517217,0.15634146291532963,0.15634146291554102,0.15634146291570497,0.15634146291554102,0.15634146291542705,0.15634146291554102,0.15634146291570497,0.15494591496441557,0.15494591496397128,0.1549459149636401,0.15494591496397128,0.15494591496441557,0.15494591496397128,0.15494591496334215,0.15494591496281648,0.15494591496334215,0.15494591496397128,0.1549459149636401,0.15494591496281648,0.15494591496205026,0.15494591496281648,0.1549459149636401,0.15494591496397128,0.15494591496334215,0.15494591496281648,0.15494591496334215,0.15494591496397128,0.15494591496441557,0.15494591496397128,0.1549459149636401,0.15494591496397128,0.15494591496441557,0.15357822099242643,0.15357822099131177,0.1535782209903913,0.15357822099131177,0.15357822099242643,0.15357822099131177,0.15357822098951943,0.15357822098773638,0.15357822098951943,0.15357822099131177,0.1535782209903913,0.15357822098773638,0.15357822098447568,0.15357822098773638,0.1535782209903913,0.15357822099131177,0.15357822098951943,0.15357822098773638,0.15357822098951943,0.15357822099131177,0.15357822099242643,0.15357822099131177,0.1535782209903913,0.15357822099131177,0.15357822099242643,0.1522378041436489,0.15223780414119806,0.15223780413886687,0.15223780414119806,0.1522378041436489,0.15223780414119806,0.15223780413654966,0.15223780413060375,0.15223780413654966,0.15223780414119806,0.15223780413886687,0.15223780413060375,0.15223780411492668,0.15223780413060375,0.15223780413886687,0.15223780414119806,0.15223780413654966,0.15223780413060375,0.15223780413654966,0.15223780414119806,0.1522378041436489,0.15223780414119806,0.15223780413886687,0.15223780414119806,0.1522378041436489,0.1509240932264787,0.15092409322228328,0.15092409321755734,0.15092409322228328,0.1509240932264787,0.15092409322228328,0.15092409321270653,0.1509240931954755,0.15092409321270653,0.15092409322228328,0.15092409321755734,0.1509240931954755,0.15092409311010052,0.1509240931954755,0.15092409321755734,0.15092409322228328,0.15092409321270653,0.1509240931954755,0.15092409321270653,0.15092409322228328,0.1509240932264787,0.15092409322228328,0.15092409321755734,0.15092409322228328,0.1509240932264787,0.14963652338287395,0.14963652337868233,0.14963652337413488,0.14963652337868233,0.14963652338287395,0.14963652337868233,0.14963652336948266,0.14963652335424252,0.14963652336948266,0.14963652337868233,0.14963652337413488,0.14963652335424252,0.14963652328829766,0.14963652335424252,0.14963652337413488,0.14963652337868233,0.14963652336948266,0.14963652335424252,0.14963652336948266,0.14963652337868233,0.14963652338287395,0.14963652337868233,0.14963652337413488,0.14963652337868233,0.14963652338287395,0.14837453666933187,0.14837453666635417,0.14837453666327008,0.14837453666635417,0.14837453666933187,0.14837453666635417,0.1483745366601447,0.14837453665053552,0.1483745366601447,0.14837453666635417,0.14837453666327008,0.14837453665053552,0.14837453661171723,0.14837453665053552,0.14837453666327008,0.14837453666635417,0.1483745366601447,0.14837453665053552,0.1483745366601447,0.14837453666635417,0.14837453666933187,0.14837453666635417,0.14837453666327008,0.14837453666635417,0.14837453666933187,0.14713758256628653,0.14713758256491086,0.14713758256356824,0.14713758256491086,0.14713758256628653,0.14713758256491086,0.14713758256223033,0.14713758255840115,0.14713758256223033,0.14713758256491086,0.14713758256356824,0.14713758255840115,0.1471375825440083,0.14713758255840115,0.14713758256356824,0.14713758256491086,0.14713758256223033,0.14713758255840115,0.14713758256223033,0.14713758256491086,0.14713758256628653,0.14713758256491086,0.14713758256356824,0.14713758256491086,0.14713758256628653,0.14592511841760378,0.14592511841774425,0.14592511841799533,0.14592511841774425,0.14592511841760378,0.14592511841774425,0.14592511841827777,0.14592511841955197,0.14592511841827777,0.14592511841774425,0.14592511841799533,0.14592511841955197,0.14592511842657338,0.14592511841955197,0.14592511841799533,0.14592511841774425,0.14592511841827777,0.14592511841955197,0.14592511841827777,0.14592511841774425,0.14592511841760378,0.14592511841774425,0.14592511841799533,0.14592511841774425,0.14592511841760378,0.1447366098049996,0.14473660980630176,0.14473660980774322,0.14473660980630176,0.1447366098049996,0.14473660980630176,0.14473660980922756,0.14473660981418338,0.14473660980922756,0.14473660980630176,0.14473660980774322,0.14473660981418338,0.14473660983622486,0.14473660981418338,0.14473660980774322,0.14473660980630176,0.14473660980922756,0.14473660981418338,0.14473660980922756,0.14473660980630176,0.1447366098049996,0.14473660980630176,0.14473660980774322,0.14473660980630176,0.1447366098049996,0.14357153086336652,0.14357153086537075,0.1435715308675112,0.14357153086537075,0.14357153086336652,0.14357153086537075,0.1435715308696948,0.14357153087670868,0.1435715308696948,0.14357153086537075,0.1435715308675112,0.14357153087670868,0.14357153090657543,0.14357153087670868,0.1435715308675112,0.14357153086537075,0.1435715308696948,0.14357153087670868,0.1435715308696948,0.14357153086537075,0.14357153086336652,0.14357153086537075,0.1435715308675112,0.14357153086537075,0.14357153086336652,0.14242936454237679,0.14242936454462654,0.14242936454700522,0.14242936454462654,0.14242936454237679,0.14242936454462654,0.14242936454941987,0.14242936455719535,0.14242936454941987,0.14242936454462654,0.14242936454700522,0.14242936455719535,0.14242936459090813,0.14242936455719535,0.14242936454700522,0.14242936454462654,0.14242936454941987,0.14242936455719535,0.14242936454941987,0.14242936454462654,0.14242936454237679,0.14242936454462654,0.14242936454700522,0.14242936454462654,0.14242936454237679,0.14130960281936494,0.1413096028214272,0.14130960282352184,0.1413096028214272,0.14130960281936494,0.1413096028214272,0.14130960282562305,0.1413096028320969,0.14130960282562305,0.1413096028214272,0.14130960282352184,0.1413096028320969,0.14130960285889826,0.1413096028320969,0.14130960282352184,0.1413096028214272,0.14130960282562305,0.1413096028320969,0.14130960282562305,0.1413096028214272,0.14130960281936494,0.1413096028214272,0.14130960282352184,0.1413096028214272,0.14130960281936494,0.14021174686820026,0.1402117468699676,0.140211746871613,0.1402117468699676,0.14021174686820026,0.1402117468699676,0.14021174687322294,0.14021174687763566,0.14021174687322294,0.1402117468699676,0.140211746871613,0.14021174687763566,0.14021174689384203,0.14021174687763566,0.140211746871613,0.1402117468699676,0.14021174687322294,0.14021174687763566,0.14021174687322294,0.1402117468699676,0.14021174686820026,0.1402117468699676,0.140211746871613,0.1402117468699676,0.14021174686820026,0.13913530718775655,0.13913530718964012,0.13913530719124703,0.13913530718964012,0.13913530718775655,0.13913530718964012,0.1391353071927913,0.13913530719610928,0.1391353071927913,0.13913530718964012,0.13913530719124703,0.13913530719610928,0.13913530720286998,0.13913530719610928,0.13913530719124703,0.13913530718964012,0.1391353071927913,0.13913530719610928,0.1391353071927913,0.13913530718964012,0.13913530718775655,0.13913530718964012,0.13913530719124703,0.13913530718964012,0.13913530718775655,0.13807980369404785,0.1380798036969727,0.13807980369980716,0.1380798036969727,0.13807980369404785,0.1380798036969727,0.13807980370264333,0.13807980371009151,0.13807980370264333,0.1380798036969727,0.13807980369980716,0.13807980371009151,0.1380798037303252,0.13807980371009151,0.13807980369980716,0.1380798036969727,0.13807980370264333,0.13807980371009151,0.13807980370264333,0.1380798036969727,0.13807980369404785,0.1380798036969727,0.13807980369980716,0.1380798036969727,0.13807980369404785,0.13704476578000474,0.1370447657842637,0.1370447657893382,0.1370447657842637,0.13704476578000474,0.1370447657842637,0.13704476579457764,0.13704476581498734,0.13704476579457764,0.1370447657842637,0.1370447657893382,0.13704476581498734,0.13704476592729886,0.13704476581498734,0.1370447657893382,0.1370447657842637,0.13704476579457764,0.13704476581498734,0.13704476579457764,0.1370447657842637,0.13704476578000474,0.1370447657842637,0.1370447657893382,0.1370447657842637,0.13704476578000474,0.13602973234850957,0.13602973235142624,0.13602973235426105,0.13602973235142624,0.13602973234850957,0.13602973235142624,0.13602973235709553,0.13602973236462362,0.13602973235709553,0.13602973235142624,0.13602973235426105,0.13602973236462362,0.13602973238541352,0.13602973236462362,0.13602973235426105,0.13602973235142624,0.13602973235709553,0.13602973236462362,0.13602973235709553,0.13602973235142624,0.13602973234850957,0.13602973235142624,0.13602973235426105,0.13602973235142624,0.13602973234850957,0.13503425182419193,0.1350342518260069,0.13503425182749984,0.1350342518260069,0.13503425182419193,0.1350342518260069,0.13503425182891296,0.13503425183178233,0.13503425182891296,0.1350342518260069,0.13503425182749984,0.13503425183178233,0.13503425183698212,0.13503425183178233,0.13503425182749984,0.1350342518260069,0.13503425182891296,0.13503425183178233,0.13503425182891296,0.1350342518260069,0.13503425182419193,0.1350342518260069,0.13503425182749984,0.1350342518260069,0.13503425182419193
0.16533248787727847,0.16533248787727825,0.165332487877278,0.16533248787727825,0.16533248787727847,0.16533248787727825,0.165332487877278,0.16533248787727778,0.165332487877278,0.16533248787727825,0.165332487877278,0.16533248787727778,0.16533248787727756,0.16533248787727778,0.165332487877278,0.16533248787727825,0.165332487877278,0.16533248787727778,0.165332487877278,0.16533248787727825,0.16533248787727847,0.16533248787727825,0.165332487877278,0.16533248787727825,0.16533248787727847,0.16375749415665547,0.1637574941566548,0.16375749415665433,0.1637574941566548,0.16375749415665547,0.1637574941566548,0.1637574941566541,0.16375749415665364,0.1637574941566541,0.1637574941566548,0.16375749415665433,0.16375749415665364,0.16375749415665294,0.16375749415665364,0.16375749415665433,0.1637574941566548,0.1637574941566541,0.16375749415665364,0.1637574941566541,0.1637574941566548,0.16375749415665547,0.1637574941566548,0.16375749415665433,0.1637574941566548,0.16375749415665547,0.16221388436796585,0.16221388436796358,0.16221388436796222,0.16221388436796358,0.16221388436796585,0.16221388436796358,0.1622138843679613,0.16221388436795994,0.1622138843679613,0.16221388436796358,0.16221388436796222,0.16221388436795994,0.16221388436795836,0.16221388436795994,0.16221388436796222,0.16221388436796358,0.1622138843679613,0.16221388436795994,0.1622138843679613,0.16221388436796358,0.16221388436796585,0.16221388436796358,0.16221388436796222,0.16221388436796358,0.16221388436796585,0.16070106746825283,0.1607010674682464,0.16070106746824217,0.1607010674682464,0.16070106746825283,0.1607010674682464,0.16070106746823906,0.1607010674682344,0.16070106746823906,0.1607010674682464,0.16070106746824217,0.1607010674682344,0.16070106746822949,0.1607010674682344,0.16070106746824217,0.1607010674682464,0.16070106746823906,0.1607010674682344,0.16070106746823906,0.1607010674682464,0.16070106746825283,0.1607010674682464,0.16070106746824217,0.1607010674682464,0.16070106746825283,0.15921845183250383,0.15921845183248426,0.15921845183247163,0.15921845183248426,0.15921845183250383,0.15921845183248426,0.15921845183246183,0.1592184518324468,0.15921845183246183,0.15921845183248426,0.15921845183247163,0.1592184518324468,0.15921845183243025,0.1592184518324468,0.15921845183247163,0.15921845183248426,0.15921845183246183,0.1592184518324468,0.15921845183246183,0.15921845183248426,0.15921845183250383,0.15921845183248426,0.15921845183247163,0.15921845183248426,0.15921845183250383,0.1577654466055128,0.1577654466054554,0.15776544660541703,0.1577654466054554,0.1577654466055128,0.1577654466054554,0.15776544660538608,0.15776544660533806,0.15776544660538608,0.1577654466054554,0.15776544660541703,0.15776544660533806,0.15776544660528194,0.15776544660533806,0.15776544660541703,0.1577654466054554,0.15776544660538608,0.15776544660533806,0.15776544660538608,0.1577654466054554,0.1577654466055128,0.1577654466054554,0.15776544660541703,0.1577654466054554,0.1577654466055128,0.15634146291623735,0.15634146291607406,0.1563414629159603,0.15634146291607406,0.15634146291623735,0.15634146291607406,0.15634146291586348,0.15634146291570644,0.15634146291586348,0.15634146291607406,0.1563414629159603,0.15634146291570644,0.15634146291550735,0.15634146291570644,0.1563414629159603,0.15634146291607406,0.15634146291586348,0.15634146291570644,0.15634146291586348,0.15634146291607406,0.15634146291623735,0.15634146291607406,0.1563414629159603,0.15634146291607406,0.15634146291623735,0.15494591496494942,0.15494591496450677,0.15494591496417662,0.15494591496450677,0.15494591496494942,0.15494591496450677,0.15494591496387966,0.15494591496335586,0.15494591496387966,0.15494591496450677,0.15494591496417662,0.15494591496335586,0.15494591496259189,0.15494591496335586,0.15494591496417662,0.15494591496450677,0.15494591496387966,0.15494591496335586,0.15494591496387966,0.15494591496450677,0.15494591496494942,0.15494591496450677,0.15494591496417662,0.15494591496450677,0.15494591496494942,0.1535782209929607,0.1535782209918498,0.15357822099093257,0.1535782209918498,0.1535782209929607,0.1535782209918498,0.15357822099006352,0.15357822098828627,0.15357822099006352,0.1535782209918498,0.15357822099093257,0.15357822098828627,0.1535782209850362,0.15357822098828627,0.15357822099093257,0.1535782209918498,0.15357822099006352,0.15357822098828627,0.15357822099006352,0.1535782209918498,0.1535782209929607,0.1535782209918498,0.15357822099093257,0.1535782209918498,0.1535782209929607,0.1522378041441768,0.15223780414173482,0.15223780413941174,0.15223780414173482,0.1522378041441768,0.15223780414173482,0.15223780413710222,0.15223780413117616,0.15223780413710222,0.15223780414173482,0.15223780413941174,0.15223780413117616,0.15223780411554888,0.15223780413117616,0.15223780413941174,0.15223780414173482,0.15223780413710222,0.15223780413117616,0.15223780413710222,0.15223780414173482,0.1522378041441768,0.15223780414173482,0.15223780413941174,0.15223780414173482,0.1522378041441768,0.15092409322698397,0.15092409322280456,0.15092409321809594,0.15092409322280456,0.15092409322698397,0.15092409322280456,0.15092409321326253,0.1509240931960892,0.15092409321326253,0.15092409322280456,0.15092409321809594,0.1509240931960892,0.15092409311097177,0.1509240931960892,0.15092409321809594,0.15092409322280456,0.15092409321326253,0.1509240931960892,0.15092409321326253,0.15092409322280456,0.15092409322698397,0.15092409322280456,0.15092409321809594,0.15092409322280456,0.15092409322698397,0.14963652338332398,0.1496365233791526,0.1496365233746261,0.1496365233791526,0.14963652338332398,0.1496365233791526,0.14963652336999544,0.1496365233548226,0.14963652336999544,0.1496365233791526,0.1496365233746261,0.1496365233548226,0.149636523289133,0.1496365233548226,0.1496365233746261,0.1496365233791526,0.14963652336999544,0.1496365233548226,0.14963652336999544,0.1496365233791526,0.14963652338332398,0.1496365233791526,0.1496365233746261,0.1496365233791526,0.14963652338332398,0.14837453666968528,0.14837453666672834,0.14837453666366615,0.14837453666672834,0.14837453666968528,0.14837453666672834,0.14837453666056316,0.1483745366510246,0.14837453666056316,0.14837453666672834,0.14837453666366615,0.1483745366510246,0.1483745366124745,0.1483745366510246,0.14837453666366615,0.14837453666672834,0.14837453666056316,0.1483745366510246,0.14837453666056316,0.14837453666672834,0.14837453666968528,0.14837453666672834,0.14837453666366615,0.14837453666672834,0.14837453666968528,0.1471375825664998,0.14713758256514137,0.14713758256381765,0.14713758256514137,0.1471375825664998,0.14713758256514137,0.14713758256249918,0.14713758255873596,0.14713758256249918,0.14713758256514137,0.14713758256381765,0.14713758255873596,0.14713758254465448,0.14713758255873596,0.14713758256381765,0.14713758256514137,0.14713758256249918,0.14713758255873596,0.14713758256249918,0.14713758256514137,0.1471375825664998,0.14713758256514137,0.14713758256381765,0.14713758256514137,0.1471375825664998,0.14592511841763955,0.14592511841778755,0.14592511841804662,0.14592511841778755,0.14592511841763955,0.14592511841778755,0.14592511841833739,0.14592511841963904,0.14592511841833739,0.14592511841778755,0.14592511841804662,0.14592511841963904,0.14592511842679348,0.14592511841963904,0.14592511841804662,0.14592511841778755,0.14592511841833739,0.14592511841963904,0.14592511841833739,0.14592511841778755,0.14592511841763955,0.14592511841778755,0.14592511841804662,0.14592511841778755,0.14592511841763955,0.14473660980483954,0.14473660980613717,0.1447366098075732,0.14473660980613717,0.14473660980483954,0.14473660980613717,0.1447366098090518,0.14473660981398564,0.1447366098090518,0.14473660980613717,0.1447366098075732,0.14473660981398564,0.14473660983591013,0.14473660981398564,0.1447366098075732,0.14473660980613717,0.1447366098090518,0.14473660981398564,0.1447366098090518,0.14473660980613717,0.14473660980483954,0.14473660980613717,0.1447366098075732,0.14473660980613717,0.14473660980483954,0.14357153086301658,0.14357153086500699,0.1435715308671329,0.14357153086500699,0.14357153086301658,0.14357153086500699,0.14357153086930124,0.1435715308762674,0.14357153086930124,0.14357153086500699,0.1435715308671329,0.1435715308762674,0.14357153090596422,0.1435715308762674,0.1435715308671329,0.14357153086500699,0.14357153086930124,0.1435715308762674,0.14357153086930124,0.14357153086500699,0.14357153086301658,0.14357153086500699,0.1435715308671329,0.14357153086500699,0.14357153086301658,0.1424293645418608,0.14242936454409108,0.14242936454644867,0.14242936454409108,0.1424293645418608,0.14242936454409108,0.14242936454884164,0.1424293645565443,0.14242936454884164,0.14242936454409108,0.14242936454644867,0.1424293645565443,0.14242936458993585,0.1424293645565443,0.14242936454644867,0.14242936454409108,0.14242936454884164,0.1424293645565443,0.14242936454884164,0.14242936454409108,0.1424293645418608,0.14242936454409108,0.14242936454644867,0.14242936454409108,0.1424293645418608,0.1413096028187183,0.14130960282076174,0.14130960282283633,0.14130960282076174,0.1413096028187183,0.14130960282076174,0.14130960282491717,0.1413096028313231,0.14130960282491717,0.14130960282076174,0.14130960282283633,0.1413096028313231,0.14130960285783023,0.1413096028313231,0.14130960282283633,0.14130960282076174,0.14130960282491717,0.1413096028313231,0.14130960282491717,0.14130960282076174,0.1413096028187183,0.14130960282076174,0.14130960282283633,0.14130960282076174,0.1413096028187183,0.14021174686745705,0.1402117468692108,0.14021174687084334,0.1402117468692108,0.14021174686745705,0.1402117468692108,0.1402117468724404,0.14021174687681795,0.1402117468724404,0.1402117468692108,0.14021174687084334,0.14021174687681795,0.1402117468929047,0.14021174687681795,0.14021174687084334,0.1402117468692108,0.1402117468724404,0.14021174687681795,0.1402117468724404,0.1402117468692108,0.14021174686745705,0.1402117468692108,0.14021174687084334,0.1402117468692108,0.14021174686745705,0.1391353071869399,0.1391353071888132,0.13913530719041126,0.1391353071888132,0.1391353071869399,0.1391353071888132,0.13913530719194697,0.13913530719524694,0.13913530719194697,0.1391353071888132,0.13913530719041126,0.13913530719524694,0.13913530720197065,0.13913530719524694,0.13913530719041126,0.1391353071888132,0.13913530719194697,0.13913530719524694,0.13913530719194697,0.1391353071888132,0.1391353071869399,0.1391353071888132,0.13913530719041126,0.1391353071888132,0.1391353071869399,0.13807980369317419,0.13807980369608677,0.13807980369890963,0.13807980369608677,0.13807980369317419,0.13807980369608677,0.13807980370173434,0.13807980370915324,0.13807980370173434,0.13807980369608677,0.13807980369890963,0.13807980370915324,0.13807980372930906,0.13807980370915324,0.13807980369890963,0.13807980369608677,0.13807980370173434,0.13807980370915324,0.13807980370173434,0.13807980369608677,0.13807980369317419,0.13807980369608677,0.13807980369890963,0.13807980369608677,0.13807980369317419,0.13704476577909405,0.1370447657833366,0.1370447657883919,0.1370447657833366,0.13704476577909405,0.1370447657833366,0.13704476579361174,0.13704476581394498,0.13704476579361174,0.1370447657833366,0.1370447657883919,0.13704476581394498,0.13704476592581388,0.13704476581394512,0.1370447657883919,0.1370447657833366,0.13704476579361174,0.13704476581394512,0.13704476579361174,0.1370447657833366,0.13704476577909405,0.1370447657833366,0.1370447657883919,0.1370447657833366,0.13704476577909405,0.1360297323475903,0.13602973235049595,0.13602973235332003,0.13602973235049595,0.1360297323475903,0.13602973235049595,0.13602973235614393,0.13602973236364385,0.13602973235614393,0.13602973235049595,0.13602973235332003,0.13602973236364385,0.13602973238435637,0.13602973236364385,0.13602973235332003,0.13602973235049595,0.13602973235614393,0.13602973236364385,0.13602973235614393,0.13602973235049595,0.1360297323475903,0.13602973235049595,0.13602973235332003,0.13602973235049595,0.1360297323475903,0.13503425182328171,0.13503425182508985,0.13503425182657708,0.13503425182508985,0.13503425182328171,0.13503425182508985,0.13503425182798506,0.1350342518308436,0.13503425182798506,0.13503425182508985,0.13503425182657708,0.1350342518308436,0.13503425183602397,0.1350342518308436,0.13503425182657708,0.13503425182508985,0.13503425182798506,0.1350342518308436,0.13503425182798506,0.13503425182508985,0.13503425182328171,0.13503425182508985,0.13503425182657708,0.13503425182508985,0.13503425182328171
0.16533248787794963,0.16533248787794916,0.16533248787794916,0.16533248787794916,0.16533248787794963,0.16533248787794916,0.16533248787794894,0.16533248787794871,0.16533248787794894,0.16533248787794916,0.16533248787794916,0.16533248787794871,0.16533248787794846,0.16533248787794871,0.16533248787794916,0.16533248787794916,0.16533248787794894,0.16533248787794871,0.16533248787794894,0.16533248787794916,0.16533248787794963,0.16533248787794916,0.16533248787794916,0.16533248787794916,0.16533248787794963,0.16375749415731372,0.16375749415731305,0.16375749415731258,0.16375749415731305,0.16375749415731372,0.16375749415731305,0.16375749415731236,0.1637574941573119,0.16375749415731236,0.16375749415731305,0.16375749415731258,0.1637574941573119,0.16375749415731142,0.1637574941573119,0.16375749415731258,0.16375749415731305,0.16375749415731236,0.1637574941573119,0.16375749415731236,0.16375749415731305,0.16375749415731372,0.16375749415731305,0.16375749415731258,0.16375749415731305,0.16375749415731372,0.16221388436861212,0.16221388436861006,0.1622138843686087,0.16221388436861006,0.16221388436861212,0.16221388436861006,0.16221388436860779,0.16221388436860623,0.16221388436860779,0.16221388436861006,0.1622138843686087,0.16221388436860623,0.16221388436860462,0.16221388436860623,0.1622138843686087,0.16221388436861006,0.16221388436860779,0.16221388436860623,0.16221388436860779,0.16221388436861006,0.16221388436861212,0.16221388436861006,0.1622138843686087,0.16221388436861006,0.16221388436861212,0.16070106746888818,0.16070106746888152,0.16070106746887752,0.16070106746888152,0.16070106746888818,0.16070106746888152,0.16070106746887441,0.16070106746886975,0.16070106746887441,0.16070106746888152,0.16070106746887752,0.16070106746886975,0.16070106746886487,0.16070106746886975,0.16070106746887752,0.16070106746888152,0.16070106746887441,0.16070106746886975,0.16070106746887441,0.16070106746888152,0.16070106746888818,0.16070106746888152,0.16070106746887752,0.16070106746888152,0.16070106746888818,0.1592184518331289,0.15921845183310931,0.15921845183309669,0.15921845183310931,0.1592184518331289,0.15921845183310931,0.1592184518330869,0.1592184518330721,0.1592184518330869,0.15921845183310931,0.15921845183309669,0.1592184518330721,0.15921845183305555,0.1592184518330721,0.15921845183309669,0.15921845183310931,0.1592184518330869,0.1592184518330721,0.1592184518330869,0.15921845183310931,0.1592184518331289,0.15921845183310931,0.15921845183309669,0.15921845183310931,0.1592184518331289,0.15776544660612818,0.15776544660607075,0.1577654466060326,0.15776544660607075,0.15776544660612818,0.15776544660607075,0.15776544660600186,0.15776544660595385,0.15776544660600186,0.15776544660607075,0.1577654466060326,0.15776544660595385,0.15776544660589795,0.15776544660595385,0.1577654466060326,0.15776544660607075,0.15776544660600186,0.15776544660595385,0.15776544660600186,0.15776544660607075,0.15776544660612818,0.15776544660607075,0.1577654466060326,0.15776544660607075,0.15776544660612818,0.15634146291684314,0.15634146291668044,0.15634146291656711,0.15634146291668044,0.15634146291684314,0.15634146291668044,0.15634146291647052,0.15634146291631387,0.15634146291647052,0.15634146291668044,0.15634146291656711,0.15634146291631387,0.15634146291611545,0.15634146291631387,0.15634146291656711,0.15634146291668044,0.15634146291647052,0.15634146291631387,0.15634146291647052,0.15634146291668044,0.15634146291684314,0.15634146291668044,0.15634146291656711,0.15634146291668044,0.15634146291684314,0.15494591496554536,0.15494591496510435,0.1549459149647752,0.15494591496510435,0.15494591496554536,0.15494591496510435,0.1549459149644793,0.15494591496395713,0.1549459149644793,0.15494591496510435,0.1549459149647752,0.15494591496395713,0.1549459149631956,0.15494591496395713,0.1549459149647752,0.15494591496510435,0.1549459149644793,0.15494591496395713,0.1549459149644793,0.15494591496510435,0.15494591496554536,0.15494591496510435,0.1549459149647752,0.15494591496510435,0.15494591496554536,0.1535782209935445,0.15357822099243748,0.15357822099152324,0.15357822099243748,0.1535782209935445,0.15357822099243748,0.15357822099065702,0.1535782209888856,0.15357822099065702,0.15357822099243748,0.15357822099152324,0.1535782209888856,0.15357822098564558,0.1535782209888856,0.15357822099152324,0.15357822099243748,0.15357822099065702,0.1535782209888856,0.15357822099065702,0.15357822099243748,0.1535782209935445,0.15357822099243748,0.15357822099152324,0.15357822099243748,0.1535782209935445,0.15223780414474133,0.1522378041423078,0.1522378041399926,0.1522378041423078,0.15223780414474133,0.1522378041423078,0.15223780413769075,0.1522378041317838,0.15223780413769075,0.1522378041423078,0.1522378041399926,0.1522378041317838,0.15223780411620513,0.1522378041317838,0.1522378041399926,0.1522378041423078,0.15223780413769075,0.1522378041317838,0.15223780413769075,0.1522378041423078,0.15223780414474133,0.1522378041423078,0.1522378041399926,0.1522378041423078,0.15223780414474133,0.15092409322751177,0.1509240932233482,0.15092409321865602,0.1509240932233482,0.15092409322751177,0.1509240932233482,0.15092409321383954,0.15092409319672254,0.15092409321383954,0.1509240932233482,0.15092409321865602,0.15092409319672254,0.15092409311187982,0.15092409319672254,0.15092409321865602,0.1509240932233482,0.15092409321383954,0.15092409319672254,0.15092409321383954,0.1509240932233482,0.15092409322751177,0.1509240932233482,0.15092409321865602,0.1509240932233482,0.15092409322751177,0.1496365233837829,0.1496365233796308,0.14963652337512492,0.1496365233796308,0.1496365233837829,0.1496365233796308,0.14963652337051486,0.14963652335540725,0.14963652337051486,0.1496365233796308,0.14963652337512492,0.14963652335540725,0.14963652328999427,0.14963652335540725,0.14963652337512492,0.1496365233796308,0.14963652337051486,0.14963652335540725,0.14963652337051486,0.1496365233796308,0.1496365233837829,0.1496365233796308,0.14963652337512492,0.1496365233796308,0.1496365233837829,0.14837453667003425,0.14837453666709716,0.14837453666405626,0.14837453666709716,0.14837453667003425,0.14837453666709716,0.14837453666097478,0.14837453665150424,0.14837453666097478,0.14837453666709716,0.14837453666405626,0.14837453665150424,0.1483745366132588,0.14837453665150424,0.14837453666405626,0.14837453666709716,0.14837453666097478,0.14837453665150424,0.14837453666097478,0.14837453666709716,0.14837453667003425,0.14837453666709716,0.14837453666405626,0.14837453666709716,0.14837453667003425,0.14713758256669637,0.14713758256535445,0.1471375825640489,0.14713758256535445,0.14713758256669637,0.14713758256535445,0.14713758256274914,0.14713758255904952,0.14713758256274914,0.14713758256535445,0.1471375825640489,0.14713758255904952,0.1471375825452719,0.14713758255904952,0.1471375825640489,0.14713758256535445,0.14713758256274914,0.14713758255904952,0.14713758256274914,0.14713758256535445,0.14713758256669637,0.14713758256535445,0.1471375825640489,0.14713758256535445,0.14713758256669637,0.14592511841764758,0.14592511841780284,0.14592511841806957,0.14592511841780284,0.14592511841764758,0.14592511841780284,0.14592511841836853,0.14592511841969674,0.14592511841836853,0.14592511841780284,0.14592511841806957,0.14592511841969674,0.14592511842696282,0.14592511841969674,0.14592511841806957,0.14592511841780284,0.14592511841836853,0.14592511841969674,0.14592511841836853,0.14592511841780284,0.14592511841764758,0.14592511841780284,0.14592511841806957,0.14592511841780284,0.14592511841764758,0.1447366098046413,0.1447366098059345,0.1447366098073655,0.1447366098059345,0.1447366098046413,0.1447366098059345,0.14473660980883868,0.14473660981375205,0.14473660980883868,0.1447366098059345,0.1447366098073655,0.14473660981375205,0.14473660983556175,0.14473660981375205,0.1447366098073655,0.1447366098059345,0.14473660980883868,0.14473660981375205,0.14473660980883868,0.1447366098059345,0.1447366098046413,0.1447366098059345,0.1447366098073655,0.1447366098059345,0.1447366098046413,0.14357153086261754,0.14357153086459493,0.14357153086670665,0.14357153086459493,0.14357153086261754,0.14357153086459493,0.1435715308688608,0.14357153087578112,0.1435715308688608,0.14357153086459493,0.14357153086670665,0.14357153087578112,0.14357153090528524,0.14357153087578112,0.14357153086670665,0.14357153086459493,0.1435715308688608,0.14357153087578112,0.1435715308688608,0.14357153086459493,0.14357153086261754,0.14357153086459493,0.14357153086670665,0.14357153086459493,0.14357153086261754,0.1424293645412849,0.14242936454349656,0.1424293645458335,0.14242936454349656,0.1424293645412849,0.14242936454349656,0.14242936454820554,0.14242936455583788,0.14242936454820554,0.14242936454349656,0.1424293645458335,0.14242936455583788,0.14242936458889915,0.14242936455583788,0.1424293645458335,0.14242936454349656,0.14242936454820554,0.14242936455583788,0.14242936454820554,0.14242936454349656,0.1424293645412849,0.14242936454349656,0.1424293645458335,0.14242936454349656,0.1424293645412849,0.1413096028180004,0.14130960282002594,0.14130960282208094,0.14130960282002594,0.1413096028180004,0.14130960282002594,0.14130960282414184,0.1413096028304822,0.14130960282414184,0.14130960282002594,0.14130960282208094,0.1413096028304822,0.14130960285669425,0.1413096028304822,0.14130960282208094,0.14130960282002594,0.14130960282414184,0.1413096028304822,0.14130960282414184,0.14130960282002594,0.1413096028180004,0.14130960282002594,0.14130960282208094,0.14130960282002594,0.1413096028180004,0.1402117468666319,0.14021174686837248,0.14021174686999258,0.14021174686837248,0.1402117468666319,0.14021174686837248,0.14021174687157723,0.1402117468759209,0.14021174687157723,0.14021174686837248,0.14021174686999258,0.1402117468759209,0.14021174689190943,0.1402117468759209,0.14021174686999258,0.14021174686837248,0.14021174687157723,0.1402117468759209,0.14021174687157723,0.14021174686837248,0.1402117468666319,0.14021174686837248,0.14021174686999258,0.14021174686837248,0.1402117468666319,0.1391353071860317,0.13913530718789505,0.13913530718948455,0.13913530718789505,0.1391353071860317,0.13913530718789505,0.13913530719101222,0.13913530719429462,0.13913530719101222,0.13913530718789505,0.13913530718948455,0.13913530719429462,0.13913530720098244,0.13913530719429462,0.13913530718948455,0.13913530718789505,0.13913530719101222,0.13913530719429462,0.13913530719101222,0.13913530718789505,0.1391353071860317,0.13913530718789505,0.13913530718948455,0.13913530718789505,0.1391353071860317,0.13807980369220116,0.13807980369510198,0.13807980369791367,0.13807980369510198,0.13807980369220116,0.13807980369510198,0.13807980370072703,0.1380798037081174,0.13807980370072703,0.13807980369510198,0.13807980369791367,0.1380798037081174,0.13807980372819756,0.1380798037081174,0.13807980369791367,0.13807980369510198,0.13807980370072703,0.1380798037081174,0.13807980370072703,0.13807980369510198,0.13807980369220116,0.13807980369510198,0.13807980369791367,0.13807980369510198,0.13807980369220116,0.13704476577807825,0.13704476578230498,0.1370447657873416,0.13704476578230498,0.13704476577807825,0.13704476578230498,0.13704476579254213,0.1370447658128013,0.13704476579254213,0.13704476578230498,0.1370447657873416,0.1370447658128013,0.13704476592429835,0.1370447658128013,0.1370447657873416,0.13704476578230498,0.13704476579254213,0.1370447658128013,0.13704476579254213,0.13704476578230498,0.13704476577807825,0.13704476578230498,0.1370447657873416,0.13704476578230498,0.13704476577807825,0.13602973234656207,0.13602973234945714,0.13602973235227078,0.13602973234945714,0.13602973234656207,0.13602973234945714,0.1360297323550844,0.13602973236255686,0.1360297323550844,0.13602973234945714,0.13602973235227078,0.13602973236255686,0.13602973238319424,0.13602973236255686,0.13602973235227078,0.13602973234945714,0.1360297323550844,0.13602973236255686,0.1360297323550844,0.13602973234945714,0.13602973234656207,0.13602973234945714,0.13602973235227078,0.13602973234945714,0.13602973234656207,0.13503425182226142,0.13503425182406278,0.13503425182554463,0.13503425182406278,0.13503425182226142,0.13503425182406278,0.13503425182694737,0.13503425182979567,0.13503425182694737,0.13503425182406278,0.13503425182554463,0.13503425182979567,0.13503425183495718,0.13503425182979567,0.13503425182554463,0.13503425182406278,0.13503425182694737,0.13503425182979567,0.13503425182694737,0.13503425182406278,0.13503425182226142,0.13503425182406278,0.13503425182554463,0.13503425182406278,0.13503425182226142
0.16533248787864485,0.16533248787864438,0.16533248787864416,0.16533248787864438,0.16533248787864485,0.16533248787864438,0.16533248787864416,0.16533248787864394,0.16533248787864416,0.16533248787864438,0.16533248787864416,0.16533248787864394,0.16533248787864366,0.16533248787864394,0.16533248787864438,0.16533248787864438,0.16533248787864416,0.16533248787864394,0.16533248787864416,0.16533248787864438,0.16533248787864485,0.16533248787864438,0.16533248787864438,0.16533248787864438,0.16533248787864485,0.16375749415799534,0.1637574941579944,0.16375749415799395,0.1637574941579944,0.16375749415799534,0.1637574941579944,0.16375749415799373,0.1637574941579933,0.16375749415799373,0.1637574941579944,0.16375749415799395,0.1637574941579933,0.1637574941579928,0.1637574941579933,0.16375749415799395,0.1637574941579944,0.16375749415799373,0.1637574941579933,0.16375749415799373,0.1637574941579944,0.16375749415799534,0.1637574941579944,0.16375749415799395,0.1637574941579944,0.16375749415799534,0.1622138843692801,0.16221388436927808,0.16221388436927672,0.16221388436927808,0.1622138843692801,0.16221388436927808,0.1622138843692758,0.16221388436927445,0.1622138843692758,0.16221388436927808,0.16221388436927672,0.16221388436927445,0.16221388436927286,0.16221388436927445,0.16221388436927672,0.16221388436927808,0.1622138843692758,0.16221388436927445,0.1622138843692758,0.16221388436927808,0.1622138843692801,0.16221388436927808,0.16221388436927672,0.16221388436927808,0.1622138843692801,0.1607010674695431,0.16070106746953666,0.16070106746953244,0.16070106746953666,0.1607010674695431,0.16070106746953666,0.16070106746952956,0.16070106746952487,0.16070106746952956,0.16070106746953666,0.16070106746953244,0.16070106746952487,0.16070106746951998,0.16070106746952487,0.16070106746953244,0.16070106746953666,0.16070106746952956,0.16070106746952487,0.16070106746952956,0.16070106746953666,0.1607010674695431,0.16070106746953666,0.16070106746953244,0.16070106746953666,0.1607010674695431,0.15921845183377095,0.1592184518337516,0.15921845183373898,0.1592184518337516,0.15921845183377117,0.1592184518337516,0.1592184518337294,0.15921845183371436,0.1592184518337294,0.1592184518337516,0.15921845183373898,0.15921845183371436,0.159218451833698,0.15921845183371436,0.15921845183373898,0.1592184518337516,0.1592184518337294,0.15921845183371436,0.1592184518337294,0.1592184518337516,0.15921845183377117,0.1592184518337516,0.15921845183373898,0.1592184518337516,0.15921845183377117,0.15776544660675781,0.1577654466067006,0.15776544660666267,0.1577654466067006,0.15776544660675781,0.1577654466067006,0.15776544660663191,0.15776544660658412,0.15776544660663191,0.1577654466067006,0.15776544660666267,0.15776544660658412,0.15776544660652844,0.15776544660658412,0.15776544660666267,0.1577654466067006,0.15776544660663191,0.15776544660658412,0.15776544660663191,0.1577654466067006,0.15776544660675781,0.1577654466067006,0.15776544660666267,0.1577654466067006,0.15776544660675781,0.15634146291746023,0.15634146291729795,0.15634146291718504,0.15634146291729795,0.15634146291746023,0.15634146291729795,0.15634146291708864,0.15634146291693266,0.15634146291708864,0.15634146291729795,0.15634146291718504,0.15634146291693266,0.15634146291673484,0.15634146291693266,0.15634146291718504,0.15634146291729795,0.15634146291708864,0.15634146291693266,0.15634146291708864,0.15634146291729795,0.15634146291746023,0.15634146291729795,0.15634146291718504,0.15634146291729795,0.15634146291746023,0.1549459149661491,0.1549459149657093,0.1549459149653814,0.1549459149657093,0.1549459149661491,0.1549459149657093,0.1549459149650863,0.15494591496456578,0.1549459149650863,0.1549459149657093,0.1549459149653814,0.15494591496456578,0.15494591496380672,0.15494591496456578,0.1549459149653814,0.1549459149657093,0.1549459149650863,0.15494591496456578,0.1549459149650863,0.1549459149657093,0.1549459149661491,0.1549459149657093,0.1549459149653814,0.1549459149657093,0.1549459149661491,0.15357822099413201,0.15357822099302856,0.15357822099211735,0.15357822099302856,0.15357822099413201,0.15357822099302856,0.15357822099125415,0.15357822098948812,0.15357822099125415,0.15357822099302856,0.15357822099211735,0.15357822098948812,0.15357822098625815,0.15357822098948812,0.15357822099211735,0.15357822099302856,0.15357822099125415,0.15357822098948812,0.15357822099125415,0.15357822099302856,0.15357822099413201,0.15357822099302856,0.15357822099211735,0.15357822099302856,0.15357822099413201,0.15223780414530547,0.15223780414288024,0.1522378041405727,0.15223780414288024,0.15223780414530547,0.15223780414288024,0.15223780413827834,0.15223780413238988,0.15223780413827834,0.15223780414288024,0.1522378041405727,0.15223780413238988,0.15223780411685828,0.15223780413238988,0.1522378041405727,0.15223780414288024,0.15223780413827834,0.15223780413238988,0.15223780413827834,0.15223780414288024,0.15223780414530547,0.15223780414288024,0.1522378041405727,0.15223780414288024,0.15223780414530547,0.15092409322803518,0.1509240932238868,0.15092409321921105,0.1509240932238868,0.15092409322803518,0.1509240932238868,0.150924093214411,0.15092409319734856,0.150924093214411,0.1509240932238868,0.15092409321921105,0.15092409319734856,0.1509240931127568,0.15092409319734856,0.15092409321921105,0.1509240932238868,0.150924093214411,0.15092409319734856,0.150924093214411,0.1509240932238868,0.15092409322803518,0.1509240932238868,0.15092409321921105,0.1509240932238868,0.15092409322803518,0.14963652338423405,0.14963652338010086,0.14963652337561464,0.14963652338010086,0.14963652338423405,0.14963652338010086,0.14963652337102465,0.14963652335598,0.14963652337102465,0.14963652338010086,0.14963652337561464,0.14963652335598,0.14963652329083382,0.14963652335598,0.14963652337561464,0.14963652338010086,0.14963652337102465,0.14963652335598,0.14963652337102465,0.14963652338010086,0.14963652338423405,0.14963652338010086,0.14963652337561464,0.14963652338010086,0.14963652338423405,0.14837453667037362,0.14837453666745576,0.14837453666443526,0.14837453666745576,0.14837453667037362,0.14837453666745576,0.14837453666137435,0.1483745366519694,0.14837453666137435,0.14837453666745576,0.14837453666443526,0.1483745366519694,0.1483745366139955,0.1483745366519694,0.14837453666443526,0.14837453666745576,0.14837453666137435,0.1483745366519694,0.14837453666137435,0.14837453666745576,0.14837453667037362,0.14837453666745576,0.14837453666443526,0.14837453666745576,0.14837453667037362,0.14713758256688275,0.14713758256555665,0.1471375825642687,0.14713758256555665,0.14713758256688275,0.14713758256555665,0.14713758256298673,0.14713758255934817,0.14713758256298673,0.14713758256555665,0.1471375825642687,0.14713758255934817,0.14713758254582868,0.14713758255934817,0.1471375825642687,0.14713758256555665,0.14713758256298673,0.14713758255934817,0.14713758256298673,0.14713758256555665,0.14713758256688275,0.14713758256555665,0.1471375825642687,0.14713758256555665,0.14713758256688275,0.14592511841764597,0.14592511841780817,0.14592511841808276,0.14592511841780817,0.14592511841764597,0.14592511841780817,0.14592511841838937,0.14592511841974337,0.14592511841838937,0.14592511841780817,0.14592511841808276,0.14592511841974337,0.14592511842713607,0.14592511841974337,0.14592511841808276,0.14592511841780817,0.14592511841838937,0.14592511841974337,0.14592511841838937,0.14592511841780817,0.14592511841764597,0.14592511841780817,0.14592511841808276,0.14592511841780817,0.14592511841764597,0.1447366098044346,0.14473660980572384,0.14473660980714992,0.14473660980572384,0.1447366098044346,0.14473660980572384,0.14473660980861824,0.14473660981351244,0.14473660980861824,0.14473660980572384,0.14473660980714992,0.14473660981351244,0.14473660983521017,0.14473660981351244,0.14473660980714992,0.14473660980572384,0.14473660980861824,0.14473660981351244,0.14473660980861824,0.14473660980572384,0.1447366098044346,0.14473660980572384,0.14473660980714992,0.14473660980572384,0.1447366098044346,0.14357153086221117,0.14357153086417607,0.14357153086627422,0.14357153086417607,0.14357153086221117,0.14357153086417607,0.1435715308684145,0.1435715308752912,0.1435715308684145,0.14357153086417607,0.14357153086627422,0.1435715308752912,0.1435715309046268,0.1435715308752912,0.14357153086627422,0.14357153086417607,0.1435715308684145,0.1435715308752912,0.1435715308684145,0.14357153086417607,0.14357153086221117,0.14357153086417607,0.14357153086627422,0.14357153086417607,0.14357153086221117,0.14242936454070163,0.14242936454289515,0.1424293645452125,0.14242936454289515,0.14242936454070163,0.14242936454289515,0.14242936454756439,0.14242936455512864,0.14242936454756439,0.14242936454289515,0.1424293645452125,0.14242936455512864,0.14242936458788608,0.14242936455512864,0.1424293645452125,0.14242936454289515,0.14242936454756439,0.14242936455512864,0.14242936454756439,0.14242936454289515,0.14242936454070163,0.14242936454289515,0.1424293645452125,0.14242936454289515,0.14242936454070163,0.14130960281727475,0.14130960281928254,0.14130960282131866,0.14130960281928254,0.14130960281727475,0.14130960281928254,0.14130960282336033,0.141309602829637,0.14130960282336033,0.14130960281928254,0.14130960282131866,0.141309602829637,0.14130960285557656,0.141309602829637,0.14130960282131866,0.14130960281928254,0.14130960282336033,0.141309602829637,0.14130960282336033,0.14130960281928254,0.14130960281727475,0.14130960281928254,0.14130960282131866,0.14130960281928254,0.14130960281727475,0.14021174686579774,0.14021174686752558,0.14021174686913343,0.14021174686752558,0.14021174686579774,0.14021174686752558,0.14021174687070614,0.1402117468750169,0.14021174687070614,0.14021174686752558,0.14021174686913343,0.1402117468750169,0.14021174689087015,0.1402117468750169,0.14021174686913343,0.14021174686752558,0.14021174687070614,0.1402117468750169,0.14021174687070614,0.14021174686752558,0.14021174686579774,0.14021174686752558,0.14021174686913343,0.14021174686752558,0.14021174686579774,0.13913530718511322,0.13913530718696693,0.13913530718854805,0.13913530718696676,0.13913530718511322,0.13913530718696693,0.13913530719006784,0.13913530719333314,0.13913530719006784,0.13913530718696676,0.13913530718854805,0.13913530719333314,0.13913530719998618,0.13913530719333314,0.13913530718854805,0.13913530718696676,0.13913530719006784,0.13913530719333314,0.13913530719006784,0.13913530718696676,0.13913530718511322,0.13913530718696676,0.13913530718854805,0.13913530718696676,0.13913530718511322,0.13807980369121678,0.138079803694106,0.13807980369690664,0.138079803694106,0.13807980369121678,0.138079803694106,0.13807980369970935,0.13807980370707196,0.13807980369970935,0.138079803694106,0.13807980369690664,0.13807980370707196,0.13807980372707862,0.13807980370707196,0.13807980369690664,0.138079803694106,0.13807980369970935,0.13807980370707196,0.13807980369970935,0.138079803694106,0.13807980369121678,0.138079803694106,0.13807980369690664,0.138079803694106,0.13807980369121678,0.13704476577705002,0.13704476578126137,0.13704476578627978,0.13704476578126137,0.13704476577705002,0.13704476578126137,0.13704476579146174,0.1370447658116487,0.1370447657914616,0.13704476578126137,0.13704476578627978,0.1370447658116487,0.13704476592274692,0.1370447658116487,0.13704476578627978,0.13704476578126137,0.1370447657914616,0.1370447658116487,0.13704476579146174,0.13704476578126137,0.13704476577705002,0.13704476578126137,0.13704476578627978,0.13704476578126137,0.13704476577705002,0.13602973234552074,0.13602973234840535,0.13602973235120897,0.13602973234840535,0.13602973234552074,0.13602973234840535,0.13602973235401247,0.1360297323614584,0.13602973235401247,0.13602973234840535,0.13602973235120897,0.1360297323614584,0.1360297323820224,0.1360297323614584,0.13602973235120897,0.13602973234840535,0.13602973235401247,0.1360297323614584,0.13602973235401247,0.13602973234840535,0.13602973234552074,0.13602973234840535,0.13602973235120897,0.13602973234840535,0.13602973234552074,0.13503425182122722,0.1350342518230223,0.13503425182449874,0.1350342518230223,0.13503425182122722,0.1350342518230223,0.13503425182589648,0.13503425182873455,0.13503425182589648,0.1350342518230223,0.13503425182449874,0.13503425182873455,0.13503425183387777,0.13503425182873455,0.13503425182449874,0.1350342518230223,0.13503425182589648,0.13503425182873455,0.13503425182589648,0.1350342518230223,0.13503425182122722,0.1350342518230223,0.13503425182449874,0.1350342518230223,0.13503425182122722
0.16533248787933394,0.1653324878793337,0.16533248787933347,0.1653324878793337,0.16533248787933394,0.1653324878793337,0.16533248787933347,0.16533248787933322,0.16533248787933347,0.1653324878793337,0.16533248787933347,0.16533248787933322,0.165332487879333,0.16533248787933322,0.16533248787933347,0.1653324878793337,0.16533248787933347,0.16533248787933322,0.16533248787933347,0.1653324878793337,0.16533248787933394,0.1653324878793337,0.16533248787933347,0.1653324878793337,0.16533248787933394,0.1637574941586707,0.16375749415867003,0.16375749415866955,0.16375749415867003,0.1637574941586707,0.16375749415867003,0.16375749415866933,0.16375749415866886,0.16375749415866933,0.16375749415867003,0.16375749415866955,0.16375749415866886,0.16375749415866842,0.16375749415866886,0.16375749415866955,0.16375749415867003,0.16375749415866933,0.16375749415866886,0.16375749415866933,0.16375749415867003,0.1637574941586707,0.16375749415867003,0.16375749415866955,0.16375749415867003,0.1637574941586707,0.16221388436994202,0.16221388436993997,0.1622138843699386,0.16221388436993997,0.16221388436994202,0.16221388436993997,0.16221388436993772,0.1622138843699361,0.16221388436993772,0.16221388436993997,0.1622138843699386,0.1622138843699361,0.16221388436993475,0.1622138843699361,0.1622138843699386,0.16221388436993997,0.16221388436993772,0.1622138843699361,0.16221388436993772,0.16221388436993997,0.16221388436994202,0.16221388436993997,0.1622138843699386,0.16221388436993997,0.16221388436994202,0.16070106747019156,0.16070106747018512,0.1607010674701809,0.16070106747018512,0.16070106747019156,0.16070106747018512,0.160701067470178,0.16070106747017335,0.160701067470178,0.16070106747018512,0.1607010674701809,0.16070106747017335,0.16070106747016846,0.16070106747017335,0.1607010674701809,0.16070106747018512,0.160701067470178,0.16070106747017335,0.160701067470178,0.16070106747018512,0.16070106747019156,0.16070106747018512,0.1607010674701809,0.16070106747018512,0.16070106747019156,0.15921845183440628,0.15921845183438665,0.15921845183437425,0.15921845183438665,0.15921845183440628,0.15921845183438665,0.15921845183436467,0.15921845183434966,0.15921845183436467,0.15921845183438665,0.15921845183437425,0.15921845183434966,0.1592184518343333,0.15921845183434966,0.15921845183437425,0.15921845183438665,0.15921845183436467,0.15921845183434966,0.15921845183436467,0.15921845183438665,0.15921845183440628,0.15921845183438665,0.15921845183437425,0.15921845183438665,0.15921845183440628,0.15776544660737957,0.1577654466073228,0.15776544660728484,0.1577654466073228,0.15776544660737957,0.1577654466073228,0.1577654466072541,0.1577654466072065,0.1577654466072541,0.1577654466073228,0.15776544660728484,0.1577654466072065,0.15776544660715106,0.1577654466072065,0.15776544660728484,0.1577654466073228,0.1577654466072541,0.1577654466072065,0.1577654466072541,0.1577654466073228,0.15776544660737957,0.1577654466073228,0.15776544660728484,0.1577654466073228,0.15776544660737957,0.15634146291806872,0.15634146291790707,0.15634146291779435,0.15634146291790707,0.15634146291806872,0.15634146291790707,0.1563414629176984,0.1563414629175428,0.1563414629176984,0.15634146291790707,0.15634146291779435,0.1563414629175428,0.15634146291734563,0.1563414629175428,0.15634146291779435,0.15634146291790707,0.1563414629176984,0.1563414629175428,0.1563414629176984,0.15634146291790707,0.15634146291806872,0.15634146291790707,0.15634146291779435,0.15634146291790707,0.15634146291806872,0.1549459149667432,0.15494591496630483,0.15494591496597798,0.15494591496630483,0.1549459149667432,0.15494591496630483,0.15494591496568388,0.15494591496516502,0.15494591496568388,0.15494591496630483,0.15494591496597798,0.15494591496516502,0.15494591496440818,0.15494591496516502,0.15494591496597798,0.15494591496630483,0.15494591496568388,0.15494591496516502,0.15494591496568388,0.15494591496630483,0.1549459149667432,0.15494591496630483,0.15494591496597798,0.15494591496630483,0.1549459149667432,0.15357822099470925,0.1535782209936092,0.153578220992701,0.1535782209936092,0.15357822099470925,0.1535782209936092,0.15357822099184038,0.15357822099007978,0.15357822099184038,0.1535782209936092,0.153578220992701,0.15357822099007978,0.1535782209868595,0.15357822099007978,0.153578220992701,0.1535782209936092,0.15357822099184038,0.15357822099007978,0.15357822099184038,0.1535782209936092,0.15357822099470925,0.1535782209936092,0.153578220992701,0.1535782209936092,0.15357822099470925,0.15223780414585822,0.152237804143441,0.152237804141141,0.152237804143441,0.15223780414585822,0.152237804143441,0.15223780413885388,0.15223780413298355,0.15223780413885388,0.152237804143441,0.152237804141141,0.15223780413298355,0.15223780411749782,0.15223780413298355,0.152237804141141,0.152237804143441,0.15223780413885388,0.15223780413298355,0.15223780413885388,0.152237804143441,0.15223780414585822,0.152237804143441,0.152237804141141,0.152237804143441,0.15223780414585822,0.150924093228547,0.1509240932244133,0.15092409321975334,0.1509240932244133,0.150924093228547,0.1509240932244133,0.15092409321496908,0.15092409319796013,0.15092409321496908,0.1509240932244133,0.15092409321975334,0.15092409319796013,0.15092409311364446,0.15092409319796013,0.15092409321975334,0.1509240932244133,0.15092409321496908,0.15092409319796013,0.15092409321496908,0.1509240932244133,0.150924093228547,0.1509240932244133,0.15092409321975334,0.1509240932244133,0.150924093228547,0.14963652338467384,0.1496365233805588,0.14963652337609173,0.1496365233805588,0.14963652338467384,0.1496365233805588,0.14963652337152117,0.1496365233565374,0.14963652337152117,0.1496365233805588,0.14963652337609173,0.1496365233565374,0.14963652329163174,0.1496365233565374,0.14963652337609173,0.1496365233805588,0.14963652337152117,0.1496365233565374,0.14963652337152117,0.1496365233805588,0.14963652338467384,0.1496365233805588,0.14963652337609173,0.1496365233805588,0.14963652338467384,0.1483745366707031,0.148374536667804,0.14837453666480294,0.148374536667804,0.1483745366707031,0.148374536667804,0.14837453666176206,0.14837453665242015,0.14837453666176206,0.148374536667804,0.14837453666480294,0.14837453665242015,0.14837453661471384,0.14837453665242015,0.14837453666480294,0.148374536667804,0.14837453666176206,0.14837453665242015,0.14837453666176206,0.148374536667804,0.1483745366707031,0.148374536667804,0.14837453666480294,0.148374536667804,0.1483745366707031,0.14713758256706205,0.14713758256575138,0.1471375825644803,0.14713758256575138,0.14713758256706205,0.14713758256575138,0.14713758256321563,0.14713758255963572,0.14713758256321563,0.14713758256575138,0.1471375825644803,0.14713758255963572,0.14713758254639253,0.14713758255963572,0.1471375825644803,0.14713758256575138,0.14713758256321563,0.14713758255963572,0.14713758256321563,0.14713758256575138,0.14713758256706205,0.14713758256575138,0.1471375825644803,0.14713758256575138,0.14713758256706205,0.1459251184176415,0.14592511841781067,0.14592511841809258,0.14592511841781067,0.1459251184176415,0.14592511841781067,0.14592511841840683,0.14592511841978612,0.14592511841840683,0.14592511841781067,0.14592511841809258,0.14592511841978612,0.1459251184273072,0.14592511841978612,0.14592511841809258,0.14592511841781067,0.14592511841840683,0.14592511841978612,0.14592511841840683,0.14592511841781067,0.1459251184176415,0.14592511841781067,0.14592511841809258,0.14592511841781067,0.1459251184176415,0.14473660980422967,0.14473660980551525,0.14473660980693678,0.14473660980551525,0.14473660980422967,0.14473660980551525,0.14473660980840022,0.1447366098132766,0.14473660980840022,0.14473660980551525,0.14473660980693678,0.1447366098132766,0.14473660983490458,0.1447366098132766,0.14473660980693678,0.14473660980551525,0.14473660980840022,0.1447366098132766,0.14473660980840022,0.14473660980551525,0.14473660980422967,0.14473660980551525,0.14473660980693678,0.14473660980551525,0.14473660980422967,0.14357153086181076,0.14357153086376367,0.143571530865849,0.14357153086376367,0.14357153086181076,0.14357153086376367,0.1435715308679761,0.14357153087481106,0.1435715308679761,0.14357153086376367,0.143571530865849,0.14357153087481106,0.14357153090397265,0.14357153087481106,0.143571530865849,0.14357153086376367,0.1435715308679761,0.14357153087481106,0.1435715308679761,0.14357153086376367,0.14357153086181076,0.14357153086376367,0.143571530865849,0.14357153086376367,0.14357153086181076,0.14242936454012775,0.14242936454230398,0.1424293645446022,0.14242936454230398,0.14242936454012775,0.14242936454230398,0.14242936454693444,0.1424293645544328,0.14242936454693444,0.14242936454230398,0.1424293645446022,0.1424293645544328,0.1424293645869022,0.1424293645544328,0.1424293645446022,0.14242936454230398,0.14242936454693444,0.1424293645544328,0.14242936454693444,0.14242936454230398,0.14242936454012775,0.14242936454230398,0.1424293645446022,0.14242936454230398,0.14242936454012792,0.141309602816561,0.14130960281855184,0.1413096028205695,0.14130960281855184,0.141309602816561,0.14130960281855184,0.14130960282259244,0.14130960282880695,0.14130960282259244,0.14130960281855184,0.1413096028205695,0.14130960282880695,0.1413096028544557,0.14130960282880695,0.1413096028205695,0.14130960281855184,0.14130960282259244,0.14130960282880695,0.14130960282259244,0.14130960281855184,0.141309602816561,0.14130960281855184,0.1413096028205695,0.14130960281855184,0.141309602816561,0.14021174686497714,0.14021174686669252,0.14021174686828863,0.14021174686669252,0.14021174686497714,0.14021174686669252,0.14021174686984972,0.14021174687412838,0.14021174686984972,0.14021174686669252,0.14021174686828863,0.14021174687412838,0.14021174688989088,0.14021174687412838,0.14021174686828863,0.14021174686669252,0.14021174686984972,0.14021174687412838,0.14021174686984972,0.14021174686669252,0.14021174686497714,0.14021174686669252,0.14021174686828863,0.14021174686669252,0.14021174686497714,0.1391353071842093,0.13913530718605352,0.13913530718762673,0.13913530718605352,0.1391353071842093,0.13913530718605352,0.1391353071891386,0.13913530719238748,0.1391353071891386,0.13913530718605352,0.13913530718762673,0.13913530719238748,0.13913530719900682,0.13913530719238748,0.13913530718762673,0.13913530718605352,0.1391353071891386,0.13913530719238748,0.1391353071891386,0.13913530718605352,0.1391353071842093,0.13913530718605352,0.13913530718762673,0.13913530718605352,0.1391353071842093,0.1380798036902476,0.13807980369312564,0.13807980369591563,0.13807980369312564,0.1380798036902476,0.13807980369312564,0.13807980369870776,0.1380798037060434,0.13807980369870776,0.13807980369312564,0.13807980369591563,0.1380798037060434,0.13807980372597844,0.1380798037060434,0.13807980369591563,0.13807980369312564,0.13807980369870776,0.1380798037060434,0.13807980369870776,0.13807980369312564,0.1380798036902476,0.13807980369312564,0.13807980369591563,0.13807980369312564,0.1380798036902476,0.13704476577603775,0.1370447657802339,0.13704476578523467,0.1370447657802339,0.13704476577603775,0.1370447657802339,0.13704476579039837,0.13704476581051508,0.13704476579039837,0.1370447657802339,0.13704476578523467,0.13704476581051508,0.13704476592122547,0.13704476581051508,0.13704476578523467,0.1370447657802339,0.13704476579039837,0.13704476581051508,0.13704476579039837,0.1370447657802339,0.13704476577603775,0.1370447657802339,0.13704476578523467,0.1370447657802339,0.13704476577603775,0.13602973234449503,0.13602973234736948,0.1360297323501633,0.13602973234736948,0.13602973234449503,0.13602973234736948,0.13602973235295698,0.1360297323603771,0.13602973235295698,0.13602973234736948,0.1360297323501633,0.1360297323603771,0.1360297323808698,0.1360297323603771,0.1360297323501633,0.13602973234736948,0.13602973235295698,0.1360297323603771,0.13602973235295698,0.13602973234736948,0.13602973234449503,0.13602973234736948,0.1360297323501633,0.13602973234736948,0.13602973234449503,0.1350342518202085,0.1350342518219972,0.13503425182346862,0.1350342518219972,0.1350342518202085,0.1350342518219972,0.13503425182486142,0.13503425182768966,0.13503425182486156,0.1350342518219972,0.13503425182346862,0.13503425182768966,0.13503425183281506,0.13503425182768966,0.13503425182346862,0.1350342518219972,0.13503425182486156,0.13503425182768966,0.13503425182486156,0.1350342518219972,0.1350342518202085,0.1350342518219972,0.13503425182346862,0.1350342518219972,0.1350342518202085
0.1653324878800084,0.1653324878800079,0.1653324878800079,0.1653324878800079,0.1653324878800084,0.1653324878800079,0.16533248788000768,0.16533248788000743,0.16533248788000768,0.1653324878800079,0.1653324878800079,0.16533248788000743,0.1653324878800072,0.16533248788000743,0.1653324878800079,0.1653324878800079,0.16533248788000768,0.16533248788000743,0.16533248788000768,0.1653324878800079,0.1653324878800084,0.1653324878800079,0.1653324878800079,0.1653324878800079,0.1653324878800084,0.1637574941593315,0.16375749415933077,0.16375749415933033,0.16375749415933077,0.1637574941593315,0.16375749415933077,0.16375749415932986,0.16375749415932941,0.16375749415932986,0.16375749415933077,0.16375749415933033,0.16375749415932941,0.16375749415932894,0.16375749415932941,0.16375749415933033,0.16375749415933077,0.16375749415932986,0.16375749415932941,0.16375749415932986,0.16375749415933077,0.1637574941593315,0.16375749415933077,0.16375749415933033,0.16375749415933077,0.1637574941593315,0.1622138843705894,0.16221388437058737,0.162213884370586,0.16221388437058737,0.1622138843705894,0.16221388437058737,0.16221388437058512,0.1622138843705835,0.16221388437058512,0.16221388437058737,0.162213884370586,0.1622138843705835,0.16221388437058193,0.1622138843705835,0.162213884370586,0.16221388437058737,0.16221388437058512,0.1622138843705835,0.16221388437058512,0.16221388437058737,0.1622138843705894,0.16221388437058737,0.162213884370586,0.16221388437058737,0.1622138843705894,0.16070106747082558,0.16070106747081916,0.16070106747081492,0.16070106747081916,0.16070106747082558,0.16070106747081916,0.16070106747081203,0.16070106747080737,0.16070106747081203,0.16070106747081916,0.16070106747081492,0.16070106747080737,0.16070106747080246,0.16070106747080737,0.16070106747081492,0.16070106747081916,0.16070106747081203,0.16070106747080737,0.16070106747081203,0.16070106747081916,0.16070106747082558,0.16070106747081916,0.16070106747081492,0.16070106747081916,0.16070106747082558,0.15921845183502698,0.15921845183500757,0.15921845183499517,0.15921845183500757,0.15921845183502698,0.15921845183500757,0.1592184518349856,0.1592184518349708,0.1592184518349856,0.15921845183500757,0.15921845183499517,0.1592184518349708,0.15921845183495426,0.1592184518349708,0.15921845183499517,0.15921845183500757,0.1592184518349856,0.1592184518349708,0.1592184518349856,0.15921845183500757,0.15921845183502698,0.15921845183500757,0.15921845183499517,0.15921845183500757,0.15921845183502698,0.15776544660798725,0.1577654466079305,0.1577654466078927,0.1577654466079305,0.15776544660798725,0.1577654466079305,0.1577654466078622,0.15776544660781464,0.1577654466078622,0.1577654466079305,0.1577654466078927,0.15776544660781464,0.15776544660775937,0.15776544660781464,0.1577654466078927,0.1577654466079305,0.1577654466078622,0.15776544660781464,0.1577654466078622,0.1577654466079305,0.15776544660798725,0.1577654466079305,0.1577654466078927,0.1577654466079305,0.15776544660798725,0.156341462918663,0.15634146291850176,0.1563414629183895,0.15634146291850176,0.156341462918663,0.15634146291850176,0.15634146291829373,0.15634146291813875,0.15634146291829373,0.15634146291850176,0.1563414629183895,0.15634146291813875,0.156341462917942,0.15634146291813875,0.1563414629183895,0.15634146291850176,0.15634146291829373,0.15634146291813875,0.15634146291829373,0.15634146291850176,0.156341462918663,0.15634146291850176,0.1563414629183895,0.15634146291850176,0.156341462918663,0.15494591496732316,0.15494591496688623,0.15494591496656018,0.15494591496688623,0.15494591496732316,0.15494591496688623,0.15494591496626714,0.15494591496574966,0.15494591496626714,0.15494591496688623,0.15494591496656018,0.15494591496574966,0.15494591496499532,0.15494591496574966,0.15494591496656018,0.15494591496688623,0.15494591496626714,0.15494591496574966,0.15494591496626714,0.15494591496688623,0.15494591496732316,0.15494591496688623,0.15494591496656018,0.15494591496688623,0.15494591496732316,0.15357822099527219,0.15357822099417578,0.1535782209932702,0.15357822099417578,0.15357822099527219,0.15357822099417578,0.15357822099241217,0.15357822099065702,0.15357822099241217,0.15357822099417578,0.1535782209932702,0.15357822099065702,0.15357822098744614,0.15357822099065702,0.1535782209932702,0.15357822099417578,0.15357822099241217,0.15357822099065702,0.15357822099241217,0.15357822099417578,0.15357822099527219,0.15357822099417578,0.1535782209932702,0.15357822099417578,0.15357822099527219,0.15223780414639698,0.15223780414398763,0.15223780414169485,0.15223780414398763,0.15223780414639698,0.15223780414398763,0.15223780413941507,0.15223780413356247,0.15223780413941507,0.15223780414398763,0.15223780414169485,0.15223780413356247,0.15223780411812138,0.15223780413356247,0.15223780414169485,0.15223780414398763,0.15223780413941507,0.15223780413356247,0.15223780413941507,0.15223780414398763,0.15223780414639698,0.15223780414398763,0.15223780414169485,0.15223780414398763,0.15223780414639698,0.15092409322904532,0.1509240932249261,0.15092409322028136,0.1509240932249261,0.15092409322904532,0.1509240932249261,0.15092409321551273,0.15092409319855565,0.15092409321551273,0.1509240932249261,0.15092409322028136,0.15092409319855565,0.15092409311444738,0.15092409319855565,0.15092409322028136,0.1509240932249261,0.15092409321551273,0.15092409319855565,0.15092409321551273,0.1509240932249261,0.15092409322904532,0.1509240932249261,0.15092409322028136,0.1509240932249261,0.15092409322904532,0.14963652338510192,0.14963652338100428,0.14963652337655572,0.14963652338100428,0.14963652338510192,0.14963652338100428,0.1496365233720041,0.14963652335707953,0.1496365233720041,0.14963652338100428,0.14963652337655572,0.14963652335707953,0.1496365232924085,0.14963652335707953,0.14963652337655572,0.14963652338100428,0.1496365233720041,0.14963652335707953,0.1496365233720041,0.14963652338100428,0.14963652338510192,0.14963652338100428,0.14963652337655572,0.14963652338100428,0.14963652338510192,0.14837453667102338,0.14837453666814204,0.1483745366651601,0.14837453666814204,0.14837453667102338,0.14837453666814204,0.14837453666213846,0.14837453665285733,0.14837453666213846,0.14837453666814204,0.1483745366651601,0.14837453665285733,0.1483745366154027,0.14837453665285733,0.1483745366651601,0.14837453666814204,0.14837453666213846,0.14837453665285733,0.14837453666213846,0.14837453666814204,0.14837453667102338,0.14837453666814204,0.1483745366651601,0.14837453666814204,0.14837453667102338,0.14713758256723608,0.14713758256594012,0.14713758256468543,0.14713758256594012,0.14713758256723608,0.14713758256594012,0.14713758256343742,0.14713758255991402,0.14713758256343742,0.14713758256594012,0.14713758256468543,0.14713758255991402,0.1471375825469473,0.14713758255991402,0.14713758256468543,0.14713758256594012,0.14713758256343742,0.14713758255991402,0.14713758256343742,0.14713758256594012,0.14713758256723608,0.14713758256594012,0.14713758256468543,0.14713758256594012,0.14713758256723608,0.1459251184176369,0.14592511841781264,0.14592511841810163,0.14592511841781264,0.1459251184176369,0.14592511841781264,0.1459251184184234,0.14592511841982708,0.1459251184184234,0.14592511841781264,0.14592511841810163,0.14592511841982708,0.1459251184274101,0.14592511841982708,0.14592511841810163,0.14592511841781264,0.1459251184184234,0.14592511841982708,0.1459251184184234,0.14592511841781264,0.1459251184176369,0.14592511841781264,0.14592511841810163,0.14592511841781264,0.1459251184176369,0.14473660980403,0.1447366098053119,0.14473660980672926,0.1447366098053119,0.14473660980403,0.1447366098053119,0.1447366098081883,0.14473660981304795,0.1447366098081883,0.1447366098053119,0.14473660980672926,0.14473660981304795,0.1447366098345799,0.14473660981304795,0.14473660980672926,0.1447366098053119,0.1447366098081883,0.14473660981304795,0.1447366098081883,0.1447366098053119,0.14473660980403,0.1447366098053119,0.14473660980672926,0.1447366098053119,0.14473660980403,0.1435715308614206,0.14357153086336188,0.14357153086543492,0.14357153086336188,0.1435715308614206,0.14357153086336188,0.14357153086754934,0.14357153087434424,0.14357153086754934,0.14357153086336188,0.14357153086543492,0.14357153087434424,0.14357153090333008,0.14357153087434424,0.14357153086543492,0.14357153086336188,0.14357153086754934,0.14357153087434424,0.14357153086754934,0.14357153086336188,0.1435715308614206,0.14357153086336188,0.14357153086543492,0.14357153086336188,0.1435715308614206,0.14242936453956864,0.14242936454172794,0.1424293645440077,0.14242936454172794,0.14242936453956864,0.14242936454172794,0.14242936454632082,0.14242936455375507,0.14242936454632082,0.14242936454172794,0.1424293645440077,0.14242936455375507,0.14242936458594485,0.14242936455375507,0.1424293645440077,0.14242936454172794,0.14242936454632082,0.14242936455375507,0.14242936454632082,0.14242936454172794,0.14242936453956864,0.14242936454172794,0.1424293645440077,0.14242936454172794,0.14242936453956864,0.14130960281586497,0.14130960281783922,0.14130960281983895,0.14130960281783922,0.14130960281586497,0.14130960281783922,0.1413096028218438,0.14130960282799776,0.1413096028218438,0.14130960281783922,0.14130960281983895,0.14130960282799776,0.141309602853362,0.14130960282799776,0.14130960281983895,0.14130960281783922,0.1413096028218438,0.14130960282799776,0.1413096028218438,0.14130960281783922,0.14130960281586497,0.14130960281783922,0.14130960281983895,0.14130960281783922,0.14130960281586497,0.1402117468641765,0.14021174686588,0.14021174686746463,0.14021174686588,0.1402117468641765,0.14021174686588,0.14021174686901425,0.14021174687326196,0.14021174686901425,0.14021174686588,0.14021174686746463,0.14021174687326196,0.14021174688890367,0.14021174687326196,0.14021174686746463,0.14021174686588,0.14021174686901425,0.14021174687326196,0.14021174686901425,0.14021174686588,0.1402117468641765,0.14021174686588,0.14021174686746463,0.14021174686588,0.1402117468641765,0.1391353071833272,0.13913530718516223,0.13913530718672756,0.13913530718516223,0.1391353071833272,0.13913530718516223,0.13913530718823197,0.13913530719146475,0.13913530718823197,0.13913530718516223,0.13913530718672756,0.13913530719146475,0.13913530719805137,0.13913530719146475,0.13913530718672756,0.13913530718516223,0.13913530718823197,0.13913530719146475,0.13913530718823197,0.13913530718516223,0.1391353071833272,0.13913530718516223,0.13913530718672756,0.13913530718516223,0.1391353071833272,0.1380798036893017,0.1380798036921686,0.13807980369494832,0.1380798036921686,0.1380798036893017,0.1380798036921686,0.13807980369773024,0.13807980370503953,0.13807980369773024,0.1380798036921686,0.13807980369494832,0.13807980370503953,0.1380798037249048,0.13807980370503953,0.13807980369494832,0.1380798036921686,0.13807980369773024,0.13807980370503953,0.13807980369773007,0.1380798036921686,0.1380798036893017,0.1380798036921686,0.13807980369494832,0.1380798036921686,0.1380798036893017,0.13704476577504915,0.13704476577923075,0.13704476578421432,0.13704476577923075,0.13704476577504915,0.13704476577923075,0.13704476578936026,0.1370447658094084,0.13704476578936026,0.13704476577923075,0.13704476578421432,0.1370447658094084,0.1370447659197335,0.1370447658094084,0.13704476578421432,0.13704476577923075,0.13704476578936026,0.1370447658094084,0.13704476578936026,0.13704476577923075,0.13704476577504915,0.13704476577923075,0.13704476578421432,0.13704476577923075,0.13704476577504915,0.13602973234349347,0.13602973234635796,0.1360297323491422,0.13602973234635796,0.13602973234349347,0.13602973234635796,0.13602973235192647,0.1360297323593211,0.13602973235192636,0.13602973234635796,0.1360297323491422,0.1360297323593211,0.13602973237974436,0.1360297323593211,0.1360297323491422,0.13602973234635796,0.13602973235192636,0.1360297323593211,0.13602973235192647,0.13602973234635796,0.13602973234349347,0.13602973234635796,0.1360297323491422,0.13602973234635796,0.13602973234349347,0.13503425181921366,0.1350342518209963,0.13503425182246265,0.1350342518209963,0.13503425181921366,0.1350342518209963,0.13503425182385076,0.13503425182666923,0.13503425182385076,0.1350342518209963,0.13503425182246265,0.13503425182666923,0.1350342518317772,0.13503425182666923,0.13503425182246265,0.1350342518209963,0.13503425182385076,0.13503425182666923,0.13503425182385076,0.1350342518209963,0.13503425181921366,0.1350342518209963,0.13503425182246265,0.1350342518209963,0.13503425181921366
0.16533248788066515,0.1653324878806649,0.16533248788066468,0.1653324878806649,0.16533248788066515,0.1653324878806649,0.16533248788066443,0.1653324878806642,0.16533248788066443,0.1653324878806649,0.16533248788066468,0.1653324878806642,0.1653324878806642,0.1653324878806642,0.16533248788066468,0.1653324878806649,0.16533248788066443,0.1653324878806642,0.16533248788066443,0.16533248788066468,0.16533248788066515,0.1653324878806649,0.16533248788066468,0.16533248788066468,0.16533248788066515,0.16375749415997493,0.16375749415997426,0.1637574941599738,0.16375749415997426,0.16375749415997493,0.16375749415997426,0.16375749415997354,0.1637574941599731,0.16375749415997354,0.16375749415997426,0.1637574941599738,0.1637574941599731,0.16375749415997262,0.1637574941599731,0.1637574941599738,0.16375749415997426,0.16375749415997354,0.1637574941599731,0.16375749415997354,0.16375749415997426,0.16375749415997493,0.16375749415997426,0.1637574941599738,0.16375749415997426,0.16375749415997493,0.1622138843712198,0.16221388437121773,0.1622138843712164,0.16221388437121773,0.1622138843712198,0.16221388437121773,0.1622138843712155,0.1622138843712139,0.1622138843712155,0.16221388437121773,0.1622138843712164,0.1622138843712139,0.16221388437121256,0.1622138843712139,0.1622138843712164,0.16221388437121773,0.1622138843712155,0.1622138843712139,0.1622138843712155,0.16221388437121773,0.1622138843712198,0.16221388437121773,0.1622138843712164,0.16221388437121773,0.1622138843712198,0.16070106747144297,0.1607010674714365,0.16070106747143248,0.1607010674714365,0.16070106747144297,0.1607010674714365,0.16070106747142962,0.16070106747142496,0.16070106747142962,0.1607010674714365,0.16070106747143248,0.16070106747142496,0.16070106747142007,0.16070106747142496,0.16070106747143248,0.1607010674714365,0.16070106747142962,0.16070106747142496,0.16070106747142962,0.1607010674714365,0.16070106747144297,0.1607010674714365,0.16070106747143248,0.1607010674714365,0.16070106747144297,0.15921845183563157,0.15921845183561217,0.1592184518355998,0.15921845183561217,0.15921845183563157,0.15921845183561217,0.1592184518355902,0.1592184518355754,0.1592184518355902,0.15921845183561217,0.1592184518355998,0.1592184518355754,0.15921845183555905,0.1592184518355754,0.1592184518355998,0.15921845183561217,0.1592184518355902,0.1592184518355754,0.1592184518355902,0.15921845183561217,0.15921845183563157,0.15921845183561217,0.1592184518355998,0.15921845183561217,0.15921845183563157,0.1577654466085789,0.15776544660852238,0.1577654466084846,0.15776544660852238,0.1577654466085789,0.15776544660852238,0.15776544660845432,0.1577654466084069,0.15776544660845432,0.15776544660852238,0.1577654466084846,0.1577654466084069,0.15776544660835165,0.1577654466084069,0.1577654466084846,0.15776544660852238,0.15776544660845432,0.1577654466084069,0.15776544660845432,0.15776544660852238,0.1577654466085789,0.15776544660852238,0.1577654466084846,0.15776544660852238,0.1577654466085789,0.15634146291924156,0.1563414629190808,0.15634146291896892,0.1563414629190808,0.15634146291924156,0.1563414629190808,0.15634146291887335,0.15634146291871884,0.15634146291887335,0.1563414629190808,0.15634146291896892,0.15634146291871884,0.15634146291852266,0.15634146291871884,0.15634146291896892,0.1563414629190808,0.15634146291887335,0.15634146291871884,0.15634146291887335,0.1563414629190808,0.15634146291924156,0.1563414629190808,0.15634146291896892,0.1563414629190808,0.15634146291924156,0.15494591496788773,0.15494591496745225,0.15494591496712723,0.15494591496745225,0.15494591496788773,0.15494591496745225,0.1549459149668348,0.15494591496631896,0.1549459149668348,0.15494591496745225,0.15494591496712723,0.15494591496631896,0.15494591496556667,0.15494591496631896,0.15494591496712723,0.15494591496745225,0.1549459149668348,0.15494591496631896,0.1549459149668348,0.15494591496745225,0.15494591496788773,0.15494591496745225,0.15494591496712723,0.15494591496745225,0.15494591496788773,0.15357822099582008,0.1535782209947271,0.15357822099382432,0.1535782209947271,0.15357822099582008,0.1535782209947271,0.15357822099296892,0.1535782209912188,0.15357822099296892,0.1535782209947271,0.15357822099382432,0.1535782209912188,0.15357822098801713,0.1535782209912188,0.15357822099382432,0.1535782209947271,0.15357822099296892,0.1535782209912188,0.15357822099296892,0.1535782209947271,0.15357822099582008,0.1535782209947271,0.15357822099382432,0.1535782209947271,0.15357822099582008,0.15223780414692134,0.1522378041445197,0.152237804142234,0.1522378041445197,0.15223780414692134,0.1522378041445197,0.1522378041399611,0.1522378041341256,0.1522378041399611,0.1522378041445197,0.152237804142234,0.1522378041341256,0.15223780411872842,0.1522378041341256,0.152237804142234,0.1522378041445197,0.1522378041399611,0.1522378041341256,0.1522378041399611,0.1522378041445197,0.15223780414692134,0.1522378041445197,0.152237804142234,0.1522378041445197,0.15223780414692134,0.15092409322953013,0.15092409322542477,0.15092409322079509,0.15092409322542477,0.15092409322953013,0.15092409322542477,0.15092409321604175,0.1509240931991352,0.15092409321604175,0.15092409322542477,0.15092409322079509,0.1509240931991352,0.15092409311527946,0.1509240931991352,0.15092409322079509,0.15092409322542477,0.15092409321604175,0.1509240931991352,0.15092409321604175,0.15092409322542477,0.15092409322953013,0.15092409322542477,0.15092409322079509,0.15092409322542477,0.15092409322953013,0.1496365233855179,0.14963652338143768,0.14963652337700706,0.14963652338143768,0.1496365233855179,0.14963652338143768,0.1496365233724734,0.1496365233576063,0.1496365233724734,0.14963652338143768,0.14963652337700706,0.1496365233576063,0.1496365232931781,0.1496365233576063,0.14963652337700706,0.14963652338143768,0.1496365233724734,0.1496365233576063,0.1496365233724734,0.14963652338143768,0.1496365233855179,0.14963652338143768,0.14963652337700706,0.14963652338143768,0.1496365233855179,0.14837453667133454,0.14837453666847064,0.14837453666550685,0.14837453666847064,0.14837453667133454,0.14837453666847064,0.14837453666250394,0.14837453665328174,0.14837453666250394,0.14837453666847064,0.14837453666550685,0.14837453665328174,0.14837453661605396,0.14837453665328174,0.14837453666550685,0.14837453666847064,0.14837453666250394,0.14837453665328174,0.14837453666250394,0.14837453666847064,0.14837453667133454,0.14837453666847064,0.14837453666550685,0.14837453666847064,0.14837453667133454,0.1471375825674052,0.14713758256612358,0.14713758256488452,0.14713758256612358,0.1471375825674052,0.14713758256612358,0.1471375825636527,0.14713758256018378,0.1471375825636527,0.14713758256612358,0.14713758256488452,0.14713758256018378,0.14713758254746998,0.14713758256018378,0.14713758256488452,0.14713758256612358,0.1471375825636527,0.14713758256018378,0.1471375825636527,0.14713758256612358,0.1471375825674052,0.14713758256612358,0.14713758256488452,0.14713758256612358,0.1471375825674052,0.14592511841763225,0.14592511841781441,0.14592511841811054,0.14592511841781441,0.14592511841763225,0.14592511841781441,0.14592511841843941,0.14592511841986713,0.14592511841843941,0.14592511841781441,0.14592511841811054,0.14592511841986713,0.14592511842759262,0.14592511841986713,0.14592511841811054,0.14592511841781441,0.14592511841843941,0.14592511841986713,0.14592511841843941,0.14592511841781441,0.14592511841763225,0.14592511841781441,0.14592511841811054,0.14592511841781441,0.14592511841763225,0.1447366098038359,0.1447366098051145,0.1447366098065278,0.1447366098051145,0.1447366098038359,0.1447366098051145,0.14473660980798286,0.1447366098128268,0.14473660980798286,0.1447366098051145,0.1447366098065278,0.1447366098128268,0.1447366098342699,0.1447366098128268,0.1447366098065278,0.1447366098051145,0.14473660980798286,0.1447366098128268,0.14473660980798286,0.1447366098051145,0.1447366098038359,0.1447366098051145,0.1447366098065278,0.1447366098051145,0.1447366098038359,0.1435715308610414,0.14357153086297142,0.14357153086503263,0.14357153086297142,0.1435715308610414,0.14357153086297142,0.14357153086713476,0.14357153087389135,0.14357153086713476,0.14357153086297142,0.14357153086503263,0.14357153087389135,0.14357153090272642,0.14357153087389135,0.14357153086503263,0.14357153086297142,0.14357153086713476,0.14357153087389135,0.14357153086713476,0.14357153086297142,0.1435715308610414,0.14357153086297142,0.14357153086503263,0.14357153086297142,0.1435715308610414,0.14242936453902444,0.14242936454116747,0.1424293645434291,0.14242936454116747,0.14242936453902444,0.14242936454116747,0.1424293645457238,0.14242936455309615,0.1424293645457238,0.14242936454116747,0.1424293645434291,0.14242936455309615,0.1424293645849964,0.14242936455309615,0.1424293645434291,0.14242936454116747,0.1424293645457238,0.14242936455309615,0.1424293645457238,0.14242936454116747,0.14242936453902444,0.14242936454116747,0.1424293645434291,0.14242936454116747,0.14242936453902444,0.14130960281518737,0.1413096028171455,0.1413096028191278,0.1413096028171455,0.14130960281518737,0.1413096028171455,0.14130960282111488,0.1413096028272098,0.14130960282111488,0.1413096028171455,0.1413096028191278,0.1413096028272098,0.1413096028523002,0.1413096028272098,0.1413096028191278,0.1413096028171455,0.14130960282111488,0.1413096028272098,0.14130960282111488,0.1413096028171455,0.14130960281518737,0.1413096028171455,0.1413096028191278,0.1413096028171455,0.14130960281518737,0.14021174686339669,0.14021174686508855,0.14021174686666205,0.14021174686508855,0.14021174686339669,0.14021174686508855,0.14021174686820073,0.1402117468724183,0.14021174686820073,0.14021174686508855,0.14021174686666205,0.1402117468724183,0.1402117468879626,0.1402117468724183,0.14021174686666205,0.14021174686508855,0.14021174686820073,0.1402117468724183,0.14021174686820073,0.14021174686508855,0.14021174686339669,0.14021174686508855,0.14021174686666205,0.14021174686508855,0.14021174686339669,0.139135307182468,0.1391353071842939,0.1391353071858516,0.1391353071842939,0.139135307182468,0.1391353071842939,0.1391353071873488,0.13913530719056588,0.1391353071873488,0.1391353071842939,0.1391353071858516,0.13913530719056588,0.13913530719712058,0.13913530719056588,0.1391353071858516,0.1391353071842939,0.1391353071873488,0.13913530719056588,0.1391353071873488,0.1391353071842939,0.139135307182468,0.1391353071842939,0.1391353071858516,0.1391353071842939,0.139135307182468,0.13807980368837985,0.13807980369123618,0.13807980369400583,0.13807980369123618,0.13807980368837985,0.13807980369123618,0.1380798036967775,0.13807980370406117,0.1380798036967775,0.13807980369123618,0.13807980369400583,0.13807980370406117,0.13807980372385842,0.13807980370406117,0.13807980369400583,0.13807980369123618,0.1380798036967775,0.13807980370406117,0.1380798036967775,0.13807980369123618,0.13807980368837985,0.13807980369123618,0.13807980369400583,0.13807980369123618,0.13807980368837985,0.137044765774086,0.1370447657782531,0.1370447657832198,0.1370447657782531,0.137044765774086,0.1370447657782531,0.13704476578834843,0.13704476580832967,0.13704476578834843,0.1370447657782531,0.1370447657832198,0.13704476580832967,0.13704476591828593,0.13704476580832967,0.1370447657832198,0.1370447657782531,0.13704476578834843,0.13704476580832967,0.13704476578834843,0.1370447657782531,0.137044765774086,0.1370447657782531,0.1370447657832198,0.1370447657782531,0.137044765774086,0.1360297323425173,0.13602973234537208,0.13602973234814694,0.13602973234537208,0.1360297323425173,0.13602973234537208,0.13602973235092197,0.13602973235829197,0.1360297323509218,0.13602973234537208,0.13602973234814694,0.13602973235829197,0.1360297323786474,0.13602973235829197,0.13602973234814694,0.13602973234537208,0.1360297323509218,0.13602973235829197,0.13602973235092197,0.13602973234537208,0.1360297323425173,0.13602973234537208,0.13602973234814694,0.13602973234537208,0.1360297323425173,0.13503425181824397,0.1350342518200206,0.135034251821482,0.1350342518200206,0.13503425181824397,0.1350342518200206,0.13503425182286555,0.13503425182567466,0.13503425182286555,0.1350342518200206,0.135034251821482,0.13503425182567466,0.13503425183076564,0.13503425182567466,0.135034251821482,0.1350342518200206,0.13503425182286555,0.13503425182567466,0.13503425182286555,0.1350342518200206,0.13503425181824397,0.1350342518200206,0.135034251821482,0.1350342518200206,0.13503425181824397
0.16533248788130492,0.16533248788130467,0.16533248788130445,0.16533248788130467,0.16533248788130492,0.16533248788130467,0.1653324878813042,0.16533248788130395,0.1653324878813042,0.16533248788130467,0.16533248788130445,0.16533248788130395,0.16533248788130395,0.16533248788130395,0.16533248788130445,0.16533248788130467,0.1653324878813042,0.16533248788130395,0.1653324878813042,0.16533248788130445,0.16533248788130492,0.16533248788130467,0.16533248788130445,0.16533248788130445,0.16533248788130492,0.16375749416060195,0.16375749416060104,0.1637574941606008,0.16375749416060104,0.16375749416060195,0.16375749416060104,0.16375749416060034,0.1637574941605999,0.16375749416060034,0.16375749416060104,0.1637574941606008,0.1637574941605999,0.1637574941605994,0.1637574941605999,0.1637574941606008,0.16375749416060104,0.16375749416060034,0.1637574941605999,0.16375749416060034,0.16375749416060104,0.16375749416060195,0.16375749416060104,0.1637574941606008,0.16375749416060104,0.16375749416060195,0.16221388437183387,0.16221388437183182,0.16221388437183046,0.16221388437183182,0.16221388437183387,0.16221388437183182,0.16221388437182954,0.16221388437182818,0.16221388437182954,0.16221388437183182,0.16221388437183046,0.16221388437182818,0.1622138843718266,0.16221388437182818,0.16221388437183046,0.16221388437183182,0.16221388437182954,0.16221388437182818,0.16221388437182954,0.16221388437183182,0.16221388437183387,0.16221388437183182,0.16221388437183046,0.16221388437183182,0.16221388437183407,0.16070106747204455,0.1607010674720381,0.16070106747203408,0.1607010674720381,0.16070106747204455,0.1607010674720381,0.160701067472031,0.16070106747202653,0.160701067472031,0.1607010674720381,0.16070106747203408,0.16070106747202653,0.16070106747202142,0.16070106747202653,0.16070106747203408,0.1607010674720381,0.160701067472031,0.16070106747202653,0.160701067472031,0.1607010674720381,0.16070106747204455,0.1607010674720381,0.16070106747203408,0.1607010674720381,0.16070106747204455,0.1592184518362205,0.15921845183620134,0.1592184518361887,0.15921845183620134,0.1592184518362205,0.15921845183620134,0.15921845183617936,0.15921845183616454,0.15921845183617936,0.15921845183620134,0.1592184518361887,0.15921845183616454,0.1592184518361482,0.15921845183616454,0.1592184518361887,0.15921845183620134,0.15921845183617936,0.15921845183616454,0.15921845183617936,0.15921845183620134,0.1592184518362205,0.15921845183620134,0.1592184518361887,0.15921845183620134,0.1592184518362205,0.15776544660915542,0.1577654466090989,0.15776544660906136,0.1577654466090989,0.15776544660915542,0.1577654466090989,0.15776544660903102,0.15776544660898367,0.15776544660903102,0.1577654466090989,0.15776544660906136,0.15776544660898367,0.15776544660892863,0.15776544660898367,0.15776544660906136,0.1577654466090989,0.15776544660903102,0.15776544660898367,0.15776544660903102,0.1577654466090989,0.15776544660915542,0.1577654466090989,0.15776544660906136,0.1577654466090989,0.15776544660915542,0.15634146291980514,0.15634146291964496,0.1563414629195333,0.15634146291964496,0.15634146291980514,0.15634146291964496,0.15634146291943815,0.15634146291928405,0.15634146291943815,0.15634146291964496,0.1563414629195333,0.15634146291928405,0.15634146291908851,0.15634146291928405,0.1563414629195333,0.15634146291964496,0.15634146291943815,0.15634146291928405,0.15634146291943815,0.15634146291964496,0.15634146291980514,0.15634146291964496,0.1563414629195333,0.15634146291964496,0.15634146291980514,0.15494591496843774,0.1549459149680033,0.15494591496767932,0.1549459149680033,0.15494591496843774,0.1549459149680033,0.1549459149673879,0.15494591496687352,0.1549459149673879,0.1549459149680033,0.15494591496767932,0.15494591496687352,0.15494591496612348,0.15494591496687352,0.15494591496767932,0.1549459149680033,0.1549459149673879,0.15494591496687352,0.1549459149673879,0.1549459149680033,0.15494591496843774,0.1549459149680033,0.15494591496767932,0.1549459149680033,0.15494591496843774,0.15357822099635374,0.15357822099526416,0.15357822099436397,0.15357822099526416,0.15357822099635374,0.15357822099526416,0.153578220993511,0.15357822099176607,0.153578220993511,0.15357822099526416,0.15357822099436397,0.15357822099176607,0.15357822098857327,0.15357822099176607,0.15357822099436397,0.15357822099526416,0.153578220993511,0.15357822099176607,0.153578220993511,0.15357822099526416,0.15357822099635374,0.15357822099526416,0.15357822099436397,0.15357822099526416,0.15357822099635374,0.15223780414743196,0.1522378041450378,0.15223780414275898,0.1522378041450378,0.15223780414743196,0.1522378041450378,0.15223780414049276,0.1522378041346742,0.15223780414049276,0.1522378041450378,0.15223780414275898,0.1522378041346742,0.15223780411931973,0.1522378041346742,0.15223780414275898,0.1522378041450378,0.15223780414049276,0.1522378041346742,0.15223780414049276,0.1522378041450378,0.15223780414743196,0.1522378041450378,0.15223780414275898,0.1522378041450378,0.15223780414743196,0.15092409323000236,0.15092409322591055,0.15092409322129532,0.15092409322591055,0.15092409323000236,0.15092409322591055,0.15092409321655684,0.15092409319969968,0.15092409321655684,0.15092409322591055,0.15092409322129532,0.15092409319969968,0.15092409311606444,0.15092409319969968,0.15092409322129532,0.15092409322591055,0.15092409321655684,0.15092409319969968,0.15092409321655684,0.15092409322591055,0.15092409323000236,0.15092409322591055,0.15092409322129532,0.15092409322591055,0.15092409323000236,0.1496365233859231,0.14963652338185932,0.14963652337744612,0.14963652338185932,0.1496365233859231,0.14963652338185932,0.1496365233729304,0.14963652335811908,0.1496365233729304,0.14963652338185932,0.14963652337744612,0.14963652335811908,0.14963652329395635,0.14963652335811908,0.14963652337744612,0.14963652338185932,0.1496365233729304,0.14963652335811908,0.1496365233729304,0.14963652338185932,0.1496365233859231,0.14963652338185932,0.14963652337744612,0.14963652338185932,0.1496365233859231,0.14837453667163736,0.14837453666879033,0.14837453666584433,0.14837453666879033,0.14837453667163736,0.14837453666879033,0.14837453666285957,0.14837453665369427,0.14837453666285957,0.14837453666879033,0.14837453666584433,0.14837453665369427,0.14837453661670652,0.14837453665369427,0.14837453666584433,0.14837453666879033,0.14837453666285957,0.14837453665369427,0.14837453666285957,0.14837453666879033,0.14837453667163736,0.14837453666879033,0.14837453666584433,0.14837453666879033,0.14837453667163736,0.14713758256756976,0.147137582566302,0.14713758256507833,0.147137582566302,0.14713758256756976,0.147137582566302,0.14713758256386195,0.14713758256044573,0.14713758256386195,0.147137582566302,0.14713758256507833,0.14713758256044573,0.14713758254797898,0.14713758256044573,0.14713758256507833,0.147137582566302,0.14713758256386195,0.14713758256044573,0.14713758256386195,0.147137582566302,0.14713758256756976,0.147137582566302,0.14713758256507833,0.147137582566302,0.14713758256756976,0.14592511841762798,0.14592511841781655,0.14592511841811961,0.14592511841781655,0.14592511841762798,0.14592511841781655,0.14592511841845562,0.1459251184199065,0.14592511841845562,0.14592511841781655,0.14592511841811961,0.1459251184199065,0.1459251184277294,0.1459251184199065,0.14592511841811961,0.14592511841781655,0.14592511841845562,0.1459251184199065,0.14592511841845562,0.14592511841781655,0.14592511841762798,0.14592511841781655,0.14592511841811961,0.14592511841781655,0.14592511841762798,0.1447366098036474,0.144736609804923,0.1447366098063325,0.144736609804923,0.1447366098036474,0.144736609804923,0.14473660980778372,0.1447366098126128,0.14473660980778372,0.144736609804923,0.1447366098063325,0.1447366098126128,0.1447366098339559,0.1447366098126128,0.1447366098063325,0.144736609804923,0.14473660980778372,0.1447366098126128,0.14473660980778372,0.144736609804923,0.1447366098036474,0.144736609804923,0.1447366098063325,0.144736609804923,0.1447366098036474,0.14357153086067267,0.14357153086259206,0.14357153086464164,0.14357153086259206,0.14357153086067267,0.14357153086259206,0.1435715308667323,0.1435715308734519,0.1435715308667323,0.14357153086259206,0.14357153086464164,0.1435715308734519,0.1435715309021448,0.1435715308734519,0.14357153086464164,0.14357153086259206,0.1435715308667323,0.1435715308734519,0.1435715308667323,0.14357153086259206,0.14357153086067267,0.14357153086259206,0.14357153086464164,0.14357153086259206,0.14357153086067267,0.14242936453849503,0.14242936454062213,0.14242936454286645,0.14242936454062213,0.14242936453849503,0.14242936454062213,0.1424293645451432,0.142429364552455,0.1424293645451432,0.14242936454062213,0.14242936454286645,0.142429364552455,0.14242936458404673,0.142429364552455,0.14242936454286645,0.14242936454062213,0.1424293645451432,0.142429364552455,0.1424293645451432,0.14242936454062213,0.14242936453849503,0.14242936454062213,0.14242936454286645,0.14242936454062213,0.14242936453849503,0.14130960281452787,0.1413096028164702,0.14130960281843558,0.1413096028164702,0.14130960281452787,0.1413096028164702,0.1413096028204054,0.14130960282644275,0.1413096028204054,0.1413096028164702,0.14130960281843558,0.14130960282644275,0.14130960285127592,0.14130960282644275,0.14130960281843558,0.1413096028164702,0.1413096028204054,0.14130960282644275,0.1413096028204054,0.1413096028164702,0.14130960281452787,0.1413096028164702,0.14130960281843558,0.1413096028164702,0.14130960281452787,0.14021174686263752,0.14021174686431792,0.14021174686588064,0.14021174686431792,0.14021174686263752,0.14021174686431792,0.1402117468674085,0.14021174687159674,0.1402117468674085,0.14021174686431792,0.14021174686588064,0.14021174687159674,0.14021174688704122,0.14021174687159674,0.14021174686588064,0.14021174686431792,0.1402117468674085,0.14021174687159674,0.1402117468674085,0.14021174686431792,0.14021174686263752,0.14021174686431792,0.14021174686588064,0.14021174686431792,0.14021174686263752,0.13913530718163097,0.13913530718344816,0.13913530718499859,0.13913530718344816,0.13913530718163097,0.13913530718344816,0.1391353071864885,0.13913530718969025,0.1391353071864885,0.13913530718344816,0.13913530718499859,0.13913530718969025,0.13913530719621392,0.13913530718969025,0.13913530718499859,0.13913530718344816,0.1391353071864885,0.13913530718969025,0.1391353071864885,0.13913530718344816,0.13913530718163097,0.13913530718344816,0.13913530718499859,0.13913530718344816,0.13913530718163097,0.13807980368748185,0.13807980369032777,0.1380798036930875,0.13807980369032777,0.13807980368748185,0.13807980369032777,0.13807980369584943,0.138079803703108,0.13807980369584943,0.13807980369032777,0.1380798036930875,0.138079803703108,0.13807980372283873,0.138079803703108,0.1380798036930875,0.13807980369032777,0.13807980369584943,0.138079803703108,0.13807980369584943,0.13807980369032777,0.13807980368748185,0.13807980369032777,0.1380798036930875,0.13807980369032777,0.13807980368748185,0.13704476577314734,0.13704476577730057,0.13704476578225086,0.13704476577730057,0.13704476577314734,0.13704476577730057,0.13704476578736244,0.1370447658072785,0.13704476578736244,0.13704476577730057,0.13704476578225086,0.1370447658072785,0.13704476591689185,0.1370447658072785,0.13704476578225086,0.13704476577730057,0.13704476578736244,0.1370447658072785,0.13704476578736244,0.13704476577730057,0.13704476577314734,0.13704476577730057,0.13704476578225086,0.13704476577730057,0.13704476577314734,0.13602973234156598,0.1360297323444114,0.13602973234717713,0.1360297323444114,0.13602973234156598,0.1360297323444114,0.13602973234994292,0.13602973235728893,0.13602973234994292,0.1360297323444114,0.13602973234717713,0.13602973235728893,0.13602973237757798,0.13602973235728893,0.13602973234717713,0.1360297323444114,0.13602973234994292,0.13602973235728893,0.13602973234994292,0.1360297323444114,0.13602973234156598,0.1360297323444114,0.13602973234717713,0.1360297323444114,0.13602973234156598,0.1350342518172991,0.13503425181906978,0.13503425182052645,0.13503425181906978,0.1350342518172991,0.13503425181906978,0.13503425182190534,0.13503425182470535,0.13503425182190534,0.13503425181906978,0.13503425182052645,0.13503425182470535,0.1350342518297797,0.13503425182470535,0.13503425182052645,0.13503425181906978,0.13503425182190534,0.13503425182470535,0.13503425182190534,0.13503425181906978,0.1350342518172991,0.13503425181906978,0.13503425182052645,0.13503425181906978,0.1350342518172991
0.16533248788192817,0.16533248788192792,0.16533248788192767,0.16533248788192792,0.16533248788192817,0.16533248788192792,0.16533248788192767,0.16533248788192745,0.16533248788192767,0.16533248788192792,0.16533248788192767,0.16533248788192745,0.1653324878819272,0.16533248788192745,0.16533248788192767,0.16533248788192792,0.16533248788192767,0.16533248788192745,0.16533248788192767,0.16533248788192792,0.16533248788192817,0.16533248788192792,0.16533248788192767,0.16533248788192792,0.16533248788192817,0.1637574941612128,0.1637574941612121,0.16375749416121166,0.1637574941612121,0.1637574941612128,0.1637574941612121,0.1637574941612112,0.1637574941612107,0.1637574941612112,0.16375749416121185,0.16375749416121166,0.1637574941612107,0.16375749416121024,0.1637574941612107,0.16375749416121166,0.1637574941612121,0.1637574941612112,0.1637574941612107,0.1637574941612112,0.1637574941612121,0.1637574941612128,0.16375749416121185,0.16375749416121166,0.1637574941612121,0.1637574941612128,0.16221388437243228,0.16221388437243026,0.1622138843724289,0.16221388437243026,0.16221388437243228,0.16221388437243026,0.16221388437242798,0.1622138843724266,0.16221388437242798,0.16221388437243026,0.1622138843724289,0.1622138843724266,0.16221388437242504,0.1622138843724266,0.1622138843724289,0.16221388437243026,0.16221388437242798,0.1622138843724266,0.16221388437242798,0.16221388437243026,0.16221388437243228,0.16221388437243026,0.1622138843724289,0.16221388437243026,0.16221388437243228,0.1607010674726306,0.16070106747262414,0.16070106747262014,0.16070106747262414,0.1607010674726306,0.16070106747262414,0.16070106747261725,0.1607010674726126,0.16070106747261725,0.16070106747262414,0.16070106747262014,0.1607010674726126,0.1607010674726077,0.1607010674726126,0.16070106747262014,0.16070106747262414,0.16070106747261725,0.1607010674726126,0.16070106747261725,0.16070106747262414,0.1607010674726306,0.16070106747262414,0.16070106747262014,0.16070106747262414,0.1607010674726306,0.1592184518367944,0.15921845183677524,0.15921845183676261,0.15921845183677524,0.1592184518367944,0.15921845183677524,0.15921845183675326,0.15921845183673844,0.15921845183675326,0.15921845183677524,0.15921845183676261,0.15921845183673844,0.1592184518367223,0.15921845183673844,0.15921845183676261,0.15921845183677524,0.15921845183675326,0.15921845183673844,0.15921845183675326,0.15921845183677524,0.1592184518367944,0.15921845183677524,0.15921845183676261,0.15921845183677524,0.1592184518367944,0.15776544660971703,0.1577654466096607,0.15776544660962313,0.1577654466096607,0.15776544660971703,0.1577654466096607,0.15776544660959285,0.1577654466095459,0.15776544660959285,0.1577654466096607,0.15776544660962313,0.1577654466095459,0.15776544660949085,0.1577654466095459,0.15776544660962313,0.1577654466096607,0.15776544660959285,0.1577654466095459,0.15776544660959285,0.1577654466096607,0.15776544660971703,0.1577654466096607,0.15776544660962313,0.1577654466096607,0.15776544660971703,0.15634146292035425,0.1563414629201945,0.15634146292008325,0.1563414629201945,0.15634146292035425,0.1563414629201945,0.15634146291998832,0.1563414629198346,0.15634146291998832,0.1563414629201945,0.15634146292008325,0.1563414629198346,0.1563414629196397,0.1563414629198346,0.15634146292008325,0.1563414629201945,0.15634146291998832,0.1563414629198346,0.15634146291998832,0.1563414629201945,0.15634146292035425,0.1563414629201945,0.15634146292008325,0.1563414629201945,0.15634146292035425,0.15494591496897367,0.1549459149685404,0.15494591496821744,0.1549459149685404,0.15494591496897367,0.1549459149685404,0.15494591496792687,0.15494591496741392,0.15494591496792687,0.1549459149685404,0.15494591496821744,0.15494591496741392,0.1549459149666659,0.15494591496741392,0.15494591496821744,0.1549459149685404,0.15494591496792687,0.15494591496741392,0.15494591496792687,0.1549459149685404,0.15494591496897367,0.1549459149685404,0.15494591496821744,0.1549459149685404,0.15494591496897367,0.1535782209968739,0.15357822099578736,0.15357822099489002,0.15357822099578736,0.1535782209968739,0.15357822099578736,0.15357822099403942,0.15357822099229929,0.15357822099403942,0.15357822099578736,0.15357822099489002,0.15357822099229929,0.15357822098911555,0.15357822099229929,0.15357822099489002,0.15357822099578736,0.15357822099403942,0.15357822099229929,0.15357822099403942,0.15357822099578736,0.1535782209968739,0.15357822099578736,0.15357822099489002,0.15357822099578736,0.1535782209968739,0.15223780414792956,0.1522378041455427,0.15223780414327057,0.1522378041455427,0.15223780414792956,0.1522378041455427,0.15223780414101107,0.15223780413520901,0.15223780414101107,0.1522378041455427,0.15223780414327057,0.15223780413520901,0.15223780411989649,0.15223780413520901,0.15223780414327057,0.1522378041455427,0.15223780414101107,0.15223780413520901,0.15223780414101107,0.1522378041455427,0.15223780414792956,0.1522378041455427,0.15223780414327057,0.1522378041455427,0.15223780414792956,0.1509240932304623,0.15092409322638378,0.15092409322178285,0.15092409322638378,0.1509240932304623,0.15092409322638378,0.15092409321705882,0.15092409320025008,0.15092409321705882,0.15092409322638378,0.15092409322178285,0.15092409320025008,0.15092409311683785,0.15092409320025008,0.15092409322178285,0.15092409322638378,0.15092409321705882,0.15092409320025008,0.15092409321705882,0.15092409322638378,0.1509240932304623,0.15092409322638378,0.15092409322178285,0.15092409322638378,0.1509240932304623,0.14963652338631772,0.14963652338227001,0.149636523377874,0.14963652338227001,0.14963652338631772,0.14963652338227001,0.14963652337337535,0.14963652335861846,0.14963652337337535,0.14963652338227001,0.149636523377874,0.14963652335861846,0.14963652329469376,0.14963652335861846,0.149636523377874,0.14963652338227001,0.14963652337337535,0.14963652335861846,0.14963652337337535,0.14963652338227001,0.14963652338631772,0.14963652338227001,0.149636523377874,0.14963652338227001,0.14963652338631772,0.1483745366719324,0.14837453666910166,0.14837453666617292,0.14837453666910166,0.1483745366719324,0.14837453666910166,0.14837453666320558,0.1483745366540955,0.14837453666320558,0.14837453666910166,0.14837453666617292,0.1483745366540955,0.14837453661733016,0.1483745366540955,0.14837453666617292,0.14837453666910166,0.14837453666320558,0.1483745366540955,0.14837453666320558,0.14837453666910166,0.1483745366719324,0.14837453666910166,0.14837453666617292,0.14837453666910166,0.1483745366719324,0.14713758256773035,0.14713758256647602,0.1471375825652669,0.14713758256647602,0.14713758256773035,0.14713758256647602,0.14713758256406578,0.14713758256070042,0.14713758256406578,0.14713758256647602,0.1471375825652669,0.14713758256070042,0.14713758254845527,0.14713758256070042,0.1471375825652669,0.14713758256647602,0.14713758256406578,0.14713758256070042,0.14713758256406578,0.14713758256647602,0.14713758256773035,0.14713758256647602,0.1471375825652669,0.14713758256647602,0.14713758256773035,0.14592511841762426,0.14592511841781905,0.14592511841812889,0.14592511841781905,0.14592511841762426,0.14592511841781905,0.14592511841847167,0.14592511841994532,0.14592511841847167,0.14592511841781905,0.14592511841812889,0.14592511841994532,0.145925118427872,0.14592511841994532,0.14592511841812889,0.14592511841781905,0.14592511841847167,0.14592511841994532,0.14592511841847167,0.14592511841781905,0.14592511841762426,0.14592511841781905,0.14592511841812889,0.14592511841781905,0.14592511841762426,0.14473660980346448,0.1447366098047371,0.1447366098061431,0.1447366098047371,0.14473660980346448,0.1447366098047371,0.14473660980759065,0.14473660981240594,0.14473660980759065,0.1447366098047371,0.1447366098061431,0.14473660981240594,0.1447366098336874,0.14473660981240594,0.1447366098061431,0.1447366098047371,0.14473660980759065,0.14473660981240594,0.14473660980759065,0.1447366098047371,0.14473660980346448,0.1447366098047371,0.1447366098061431,0.1447366098047371,0.14473660980346448,0.1435715308603142,0.14357153086222313,0.14357153086426178,0.14357153086222313,0.1435715308603142,0.14357153086222313,0.14357153086634097,0.14357153087302532,0.14357153086634097,0.14357153086222313,0.14357153086426178,0.14357153087302532,0.14357153090158578,0.14357153087302532,0.14357153086426178,0.14357153086222313,0.14357153086634097,0.14357153087302532,0.14357153086634097,0.14357153086222313,0.1435715308603142,0.14357153086222313,0.14357153086426178,0.14357153086222313,0.1435715308603142,0.14242936453797983,0.14242936454009153,0.14242936454231875,0.14242936454009153,0.14242936453797983,0.14242936454009153,0.14242936454457805,0.14242936455183114,0.14242936454457805,0.14242936454009153,0.14242936454231875,0.14242936455183114,0.1424293645831803,0.14242936455183114,0.14242936454231875,0.14242936454009153,0.14242936454457805,0.14242936455183114,0.14242936454457805,0.14242936454009153,0.14242936453797983,0.14242936454009153,0.14242936454231875,0.14242936454009153,0.14242936453797983,0.14130960281388547,0.1413096028158125,0.14130960281776128,0.1413096028158125,0.14130960281388547,0.1413096028158125,0.14130960281971428,0.1413096028256954,0.14130960281971428,0.1413096028158125,0.14130960281776128,0.1413096028256954,0.1413096028502628,0.1413096028256954,0.14130960281776128,0.1413096028158125,0.14130960281971428,0.1413096028256954,0.14130960281971428,0.1413096028158125,0.14130960281388547,0.1413096028158125,0.14130960281776128,0.1413096028158125,0.14130960281388547,0.14021174686189786,0.14021174686356713,0.1402117468651192,0.14021174686356713,0.14021174686189786,0.14021174686356713,0.14021174686663657,0.1402117468707961,0.14021174686663657,0.14021174686356713,0.1402117468651192,0.1402117468707961,0.14021174688614496,0.1402117468707961,0.1402117468651192,0.14021174686356713,0.14021174686663657,0.1402117468707961,0.14021174686663657,0.14021174686356713,0.14021174686189786,0.14021174686356713,0.1402117468651192,0.14021174686356713,0.14021174686189786,0.13913530718081527,0.1391353071826239,0.13913530718416692,0.1391353071826239,0.13913530718081527,0.1391353071826239,0.13913530718565,0.1391353071888369,0.13913530718565,0.1391353071826239,0.13913530718416692,0.1391353071888369,0.13913530719533027,0.1391353071888369,0.13913530718416692,0.1391353071826239,0.13913530718565,0.1391353071888369,0.13913530718565,0.1391353071826239,0.13913530718081527,0.1391353071826239,0.13913530718416692,0.1391353071826239,0.13913530718081527,0.13807980368660647,0.13807980368944203,0.13807980369219217,0.13807980368944203,0.13807980368660647,0.13807980368944203,0.1380798036949446,0.1380798037021785,0.1380798036949446,0.13807980368944203,0.13807980369219217,0.1380798037021785,0.13807980372184428,0.1380798037021785,0.13807980369219217,0.13807980368944203,0.1380798036949446,0.1380798037021785,0.1380798036949446,0.13807980368944203,0.13807980368660647,0.13807980368944203,0.13807980369219217,0.13807980368944203,0.13807980368660647,0.13704476577223218,0.13704476577637176,0.13704476578130592,0.13704476577637176,0.13704476577223218,0.13704476577637176,0.13704476578640096,0.13704476580625297,0.13704476578640096,0.13704476577637176,0.13704476578130592,0.13704476580625297,0.13704476591551087,0.13704476580625297,0.13704476578130592,0.13704476577637176,0.13704476578640096,0.13704476580625297,0.13704476578640096,0.13704476577637176,0.13704476577223218,0.13704476577637176,0.13704476578130592,0.13704476577637176,0.13704476577223218,0.1360297323406384,0.1360297323434747,0.13602973234623153,0.1360297323434747,0.1360297323406384,0.1360297323434747,0.13602973234898835,0.1360297323563108,0.13602973234898835,0.1360297323434747,0.13602973234623153,0.1360297323563108,0.13602973237653496,0.1360297323563108,0.13602973234623153,0.1360297323434747,0.13602973234898835,0.1360297323563108,0.13602973234898835,0.1360297323434747,0.1360297323406384,0.1360297323434747,0.13602973234623153,0.1360297323434747,0.1360297323406384,0.13503425181637765,0.13503425181814263,0.1350342518195946,0.13503425181814263,0.13503425181637765,0.13503425181814263,0.13503425182096915,0.1350342518237601,0.13503425182096915,0.13503425181814263,0.1350342518195946,0.1350342518237601,0.1350342518288182,0.1350342518237601,0.1350342518195946,0.13503425181814263,0.13503425182096915,0.1350342518237601,0.13503425182096915,0.13503425181814263,0.13503425181637765,0.13503425181814263,0.1350342518195946,0.13503425181814263,0.13503425181637765
0.1653324878825358,0.1653324878825356,0.16533248788253535,0.1653324878825356,0.1653324878825358,0.1653324878825356,0.16533248788253535,0.1653324878825351,0.16533248788253535,0.1653324878825356,0.16533248788253535,0.1653324878825351,0.16533248788253488,0.1653324878825351,0.16533248788253535,0.1653324878825356,0.16533248788253535,0.1653324878825351,0.16533248788253535,0.1653324878825356,0.1653324878825358,0.1653324878825356,0.16533248788253535,0.1653324878825356,0.1653324878825358,0.16375749416180813,0.16375749416180743,0.163757494161807,0.16375749416180743,0.16375749416180813,0.16375749416180743,0.16375749416180674,0.1637574941618063,0.16375749416180674,0.16375749416180743,0.163757494161807,0.1637574941618063,0.16375749416180582,0.1637574941618063,0.163757494161807,0.16375749416180743,0.16375749416180674,0.1637574941618063,0.16375749416180674,0.16375749416180743,0.16375749416180813,0.16375749416180743,0.163757494161807,0.16375749416180743,0.16375749416180813,0.16221388437301576,0.16221388437301373,0.16221388437301237,0.16221388437301373,0.16221388437301576,0.16221388437301373,0.16221388437301146,0.16221388437300985,0.16221388437301146,0.16221388437301373,0.16221388437301237,0.16221388437300985,0.16221388437300852,0.16221388437300985,0.16221388437301237,0.16221388437301373,0.16221388437301146,0.16221388437300985,0.16221388437301146,0.16221388437301373,0.16221388437301576,0.16221388437301373,0.16221388437301237,0.16221388437301373,0.16221388437301576,0.16070106747320195,0.1607010674731955,0.16070106747319152,0.1607010674731955,0.16070106747320195,0.1607010674731955,0.16070106747318863,0.16070106747318397,0.16070106747318863,0.1607010674731955,0.16070106747319152,0.16070106747318397,0.16070106747317908,0.16070106747318397,0.16070106747319152,0.1607010674731955,0.16070106747318863,0.16070106747318397,0.16070106747318863,0.1607010674731955,0.16070106747320195,0.1607010674731955,0.16070106747319152,0.1607010674731955,0.16070106747320195,0.15921845183735392,0.15921845183733474,0.15921845183732233,0.15921845183733474,0.15921845183735392,0.15921845183733474,0.15921845183731276,0.15921845183729819,0.15921845183731276,0.15921845183733474,0.15921845183732233,0.15921845183729819,0.15921845183728187,0.15921845183729819,0.15921845183732233,0.15921845183733474,0.15921845183731276,0.15921845183729819,0.15921845183731276,0.15921845183733474,0.15921845183735392,0.15921845183733474,0.15921845183732233,0.15921845183733474,0.15921845183735392,0.1577654466102645,0.15776544661020842,0.15776544661017108,0.15776544661020842,0.1577654466102645,0.15776544661020842,0.15776544661014097,0.15776544661009403,0.15776544661014097,0.15776544661020842,0.15776544661017108,0.15776544661009403,0.15776544661003922,0.15776544661009403,0.15776544661017108,0.15776544661020842,0.15776544661014097,0.15776544661009403,0.15776544661014097,0.15776544661020842,0.1577654466102645,0.15776544661020842,0.15776544661017108,0.15776544661020842,0.1577654466102645,0.15634146292088996,0.15634146292073042,0.1563414629206196,0.15634146292073042,0.15634146292088996,0.15634146292073042,0.15634146292052487,0.1563414629203716,0.15634146292052487,0.15634146292073042,0.1563414629206196,0.1563414629203716,0.15634146292017714,0.1563414629203716,0.1563414629206196,0.15634146292073042,0.15634146292052487,0.1563414629203716,0.15634146292052487,0.15634146292073042,0.15634146292088996,0.15634146292073042,0.1563414629206196,0.15634146292073042,0.15634146292088996,0.15494591496949625,0.15494591496906446,0.1549459149687423,0.15494591496906446,0.15494591496949625,0.15494591496906446,0.1549459149684525,0.15494591496794102,0.1549459149684525,0.15494591496906446,0.1549459149687423,0.15494591496794102,0.15494591496719506,0.15494591496794102,0.1549459149687423,0.15494591496906446,0.1549459149684525,0.15494591496794102,0.1549459149684525,0.15494591496906446,0.15494591496949625,0.15494591496906446,0.1549459149687423,0.15494591496906446,0.15494591496949625,0.15357822099738105,0.1535782209962979,0.15357822099540291,0.1535782209962979,0.15357822099738105,0.1535782209962979,0.15357822099455476,0.15357822099281948,0.15357822099455476,0.1535782209962979,0.15357822099540291,0.15357822099281948,0.15357822098964435,0.15357822099281948,0.15357822099540291,0.1535782209962979,0.15357822099455476,0.15357822099281948,0.15357822099455476,0.1535782209962979,0.15357822099738105,0.1535782209962979,0.15357822099540291,0.1535782209962979,0.15357822099738105,0.15223780414841495,0.15223780414603516,0.15223780414376975,0.15223780414603516,0.15223780414841495,0.15223780414603516,0.15223780414151672,0.15223780413573063,0.15223780414151672,0.15223780414603516,0.15223780414376975,0.15223780413573063,0.15223780412045904,0.15223780413573063,0.15223780414376975,0.15223780414603516,0.15223780414151672,0.15223780413573063,0.15223780414151672,0.15223780414603516,0.15223780414841495,0.15223780414603516,0.15223780414376975,0.15223780414603516,0.15223780414841495,0.15092409323091105,0.15092409322684544,0.15092409322225836,0.15092409322684544,0.15092409323091105,0.15092409322684544,0.15092409321754863,0.15092409320078698,0.15092409321754863,0.15092409322684544,0.15092409322225836,0.15092409320078698,0.15092409311761765,0.15092409320078698,0.15092409322225836,0.15092409322684544,0.15092409321754863,0.15092409320078698,0.15092409321754863,0.15092409322684544,0.15092409323091105,0.15092409322684544,0.15092409322225836,0.15092409322684544,0.15092409323091105,0.14963652338670252,0.1496365233826707,0.14963652337829111,0.1496365233826707,0.14963652338670252,0.1496365233826707,0.14963652337380948,0.14963652335910535,0.14963652337380948,0.1496365233826707,0.14963652337829111,0.14963652335910535,0.1496365232953446,0.14963652335910535,0.14963652337829111,0.1496365233826707,0.14963652337380948,0.14963652335910535,0.14963652337380948,0.1496365233826707,0.14963652338670252,0.1496365233826707,0.14963652337829111,0.1496365233826707,0.14963652338670252,0.14837453667222023,0.14837453666940542,0.14837453666649336,0.14837453666940542,0.14837453667222023,0.14837453666940542,0.14837453666354308,0.14837453665448638,0.14837453666354308,0.14837453666940542,0.14837453666649336,0.14837453665448638,0.1483745366179777,0.14837453665448638,0.14837453666649336,0.14837453666940542,0.14837453666354308,0.14837453665448638,0.14837453666354308,0.14837453666940542,0.14837453667222023,0.14837453666940542,0.14837453666649336,0.14837453666940542,0.14837453667222023,0.14713758256788695,0.14713758256664589,0.1471375825654511,0.14713758256664589,0.14713758256788695,0.14713758256664589,0.1471375825642645,0.14713758256094836,0.1471375825642645,0.14713758256664589,0.1471375825654511,0.14713758256094836,0.14713758254893794,0.14713758256094836,0.1471375825654511,0.14713758256664589,0.1471375825642645,0.14713758256094836,0.1471375825642645,0.14713758256664589,0.14713758256788695,0.14713758256664589,0.1471375825654511,0.14713758256664589,0.14713758256788695,0.1459251184176212,0.1459251184178219,0.14592511841813832,0.1459251184178219,0.1459251184176212,0.1459251184178219,0.14592511841848785,0.1459251184199836,0.14592511841848785,0.1459251184178219,0.14592511841813832,0.1459251184199836,0.14592511842796924,0.1459251184199836,0.14592511841813832,0.1459251184178219,0.14592511841848785,0.1459251184199836,0.14592511841848785,0.1459251184178219,0.1459251184176212,0.1459251184178219,0.14592511841813832,0.1459251184178219,0.1459251184176212,0.1447366098032868,0.1447366098045566,0.14473660980595948,0.1447366098045566,0.1447366098032868,0.1447366098045566,0.14473660980740352,0.14473660981220574,0.14473660980740352,0.1447366098045566,0.14473660980595948,0.14473660981220574,0.14473660983342018,0.14473660981220574,0.14473660980595948,0.1447366098045566,0.14473660980740352,0.14473660981220574,0.14473660980740352,0.1447366098045566,0.1447366098032868,0.1447366098045566,0.14473660980595948,0.1447366098045566,0.1447366098032868,0.1435715308599653,0.1435715308618643,0.14357153086389235,0.1435715308618643,0.1435715308599653,0.1435715308618643,0.14357153086596058,0.1435715308726107,0.14357153086596058,0.1435715308618643,0.14357153086389235,0.1435715308726107,0.143571530901036,0.1435715308726107,0.14357153086389235,0.1435715308618643,0.14357153086596058,0.1435715308726107,0.14357153086596058,0.1435715308618643,0.1435715308599653,0.1435715308618643,0.14357153086389235,0.1435715308618643,0.1435715308599653,0.14242936453747795,0.1424293645395745,0.1424293645417853,0.1424293645395745,0.14242936453747795,0.1424293645395745,0.14242936454402766,0.14242936455122351,0.14242936454402766,0.1424293645395745,0.1424293645417853,0.14242936455122351,0.1424293645823184,0.14242936455122351,0.1424293645417853,0.1424293645395745,0.14242936454402766,0.14242936455122351,0.14242936454402766,0.1424293645395745,0.14242936453747795,0.1424293645395745,0.1424293645417853,0.1424293645395745,0.14242936453747795,0.14130960281325933,0.1413096028151714,0.14130960281710406,0.1413096028151714,0.14130960281325933,0.1413096028151714,0.14130960281904062,0.14130960282496666,0.14130960281904062,0.1413096028151714,0.14130960281710406,0.14130960282496666,0.14130960284931549,0.14130960282496666,0.14130960281710406,0.1413096028151714,0.14130960281904062,0.14130960282496666,0.14130960281904062,0.1413096028151714,0.14130960281325933,0.1413096028151714,0.14130960281710406,0.1413096028151714,0.14130960281325933,0.14021174686117657,0.14021174686283505,0.1402117468643768,0.14021174686283505,0.14021174686117657,0.14021174686283505,0.14021174686588386,0.14021174687001547,0.14021174686588386,0.14021174686283505,0.1402117468643768,0.14021174687001547,0.14021174688524482,0.14021174687001547,0.1402117468643768,0.14021174686283505,0.14021174686588386,0.14021174687001547,0.14021174686588386,0.14021174686283505,0.14021174686117657,0.14021174686283505,0.1402117468643768,0.14021174686283505,0.14021174686117657,0.13913530718001965,0.1391353071818199,0.13913530718335598,0.1391353071818199,0.13913530718001965,0.1391353071818199,0.13913530718483227,0.13913530718800446,0.13913530718483227,0.1391353071818199,0.13913530718335598,0.13913530718800446,0.1391353071944684,0.13913530718800446,0.13913530718335598,0.1391353071818199,0.13913530718483227,0.13913530718800446,0.13913530718483227,0.1391353071818199,0.13913530718001965,0.1391353071818199,0.13913530718335598,0.1391353071818199,0.13913530718001965,0.1380798036857525,0.13807980368857814,0.1380798036913188,0.13807980368857814,0.13807980368575234,0.13807980368857814,0.1380798036940618,0.13807980370127185,0.1380798036940618,0.13807980368857814,0.1380798036913188,0.13807980370127185,0.1380798037208739,0.13807980370127185,0.1380798036913188,0.13807980368857814,0.1380798036940618,0.13807980370127185,0.1380798036940618,0.13807980368857814,0.13807980368575234,0.13807980368857814,0.1380798036913188,0.13807980368857814,0.13807980368575234,0.13704476577133926,0.13704476577546545,0.13704476578038383,0.13704476577546545,0.13704476577133926,0.13704476577546545,0.1370447657854627,0.1370447658052522,0.1370447657854627,0.13704476577546545,0.13704476578038383,0.1370447658052522,0.13704476591416503,0.1370447658052522,0.13704476578038383,0.13704476577546545,0.1370447657854627,0.1370447658052522,0.1370447657854627,0.13704476577546545,0.13704476577133926,0.13704476577546545,0.13704476578038383,0.13704476577546545,0.13704476577133926,0.1360297323397333,0.13602973234256052,0.13602973234530855,0.13602973234256052,0.1360297323397333,0.13602973234256052,0.13602973234805674,0.13602973235535623,0.13602973234805674,0.13602973234256052,0.13602973234530855,0.13602973235535623,0.13602973237551688,0.13602973235535623,0.13602973234530855,0.13602973234256052,0.13602973234805674,0.13602973235535623,0.13602973234805674,0.13602973234256052,0.1360297323397333,0.13602973234256052,0.13602973234530855,0.13602973234256052,0.1360297323397333,0.13503425181547843,0.13503425181723783,0.1350342518186853,0.13503425181723783,0.13503425181547843,0.13503425181723783,0.1350342518200554,0.13503425182283757,0.1350342518200554,0.13503425181723783,0.1350342518186853,0.13503425182283757,0.1350342518278798,0.13503425182283757,0.1350342518186853,0.13503425181723783,0.1350342518200554,0.13503425182283757,0.1350342518200554,0.13503425181723783,0.13503425181547843,0.13503425181723783,0.1350342518186853,0.13503425181723783,0.13503425181547843
0.16533248788312907,0.16533248788312885,0.16533248788312863,0.16533248788312885,0.16533248788312907,0.16533248788312885,0.16533248788312863,0.16533248788312838,0.16533248788312863,0.16533248788312885,0.16533248788312863,0.16533248788312838,0.16533248788312815,0.16533248788312838,0.16533248788312863,0.16533248788312885,0.16533248788312863,0.16533248788312838,0.16533248788312863,0.16533248788312885,0.16533248788312907,0.16533248788312885,0.16533248788312863,0.16533248788312885,0.16533248788312907,0.16375749416238936,0.16375749416238866,0.16375749416238822,0.16375749416238866,0.16375749416238936,0.16375749416238866,0.163757494162388,0.16375749416238752,0.163757494162388,0.16375749416238866,0.16375749416238822,0.16375749416238752,0.16375749416238705,0.16375749416238752,0.16375749416238822,0.16375749416238866,0.163757494162388,0.16375749416238752,0.163757494162388,0.16375749416238866,0.16375749416238936,0.16375749416238866,0.16375749416238822,0.16375749416238866,0.16375749416238936,0.16221388437358514,0.1622138843735831,0.16221388437358175,0.1622138843735831,0.16221388437358514,0.1622138843735831,0.16221388437358086,0.16221388437357948,0.16221388437358086,0.1622138843735831,0.16221388437358175,0.16221388437357948,0.1622138843735779,0.16221388437357948,0.16221388437358175,0.1622138843735831,0.16221388437358086,0.16221388437357948,0.16221388437358086,0.1622138843735831,0.16221388437358514,0.1622138843735831,0.16221388437358175,0.1622138843735831,0.16221388437358514,0.1607010674737598,0.16070106747375335,0.16070106747374932,0.16070106747375335,0.1607010674737598,0.16070106747375335,0.16070106747374646,0.1607010674737418,0.16070106747374646,0.16070106747375335,0.16070106747374932,0.1607010674737418,0.1607010674737369,0.1607010674737418,0.16070106747374932,0.16070106747375335,0.16070106747374646,0.1607010674737418,0.16070106747374646,0.16070106747375335,0.1607010674737598,0.16070106747375335,0.16070106747374932,0.16070106747375335,0.1607010674737598,0.15921845183789995,0.15921845183788103,0.15921845183786862,0.15921845183788103,0.15921845183789995,0.15921845183788103,0.15921845183785924,0.15921845183784444,0.15921845183785924,0.15921845183788103,0.15921845183786862,0.15921845183784444,0.15921845183782835,0.15921845183784444,0.15921845183786862,0.15921845183788103,0.15921845183785924,0.15921845183784444,0.15921845183785924,0.15921845183788103,0.15921845183789995,0.15921845183788103,0.15921845183786862,0.15921845183788103,0.15921845183789995,0.15776544661079922,0.15776544661074332,0.157765446610706,0.15776544661074332,0.15776544661079922,0.15776544661074332,0.15776544661067587,0.15776544661062894,0.15776544661067587,0.15776544661074332,0.157765446610706,0.15776544661062894,0.15776544661057432,0.15776544661062894,0.157765446610706,0.15776544661074332,0.15776544661067587,0.15776544661062894,0.15776544661067587,0.15776544661074332,0.15776544661079922,0.15776544661074332,0.157765446610706,0.15776544661074332,0.15776544661079922,0.15634146292141277,0.1563414629212538,0.156341462921143,0.1563414629212538,0.15634146292141277,0.1563414629212538,0.1563414629210487,0.15634146292089585,0.1563414629210487,0.1563414629212538,0.156341462921143,0.15634146292089585,0.156341462920702,0.15634146292089585,0.156341462921143,0.1563414629212538,0.1563414629210487,0.15634146292089585,0.1563414629210487,0.1563414629212538,0.15634146292141277,0.1563414629212538,0.156341462921143,0.1563414629212538,0.15634146292141277,0.15494591497000634,0.15494591496957577,0.1549459149692546,0.15494591496957577,0.15494591497000634,0.15494591496957577,0.15494591496896545,0.15494591496845558,0.15494591496896545,0.15494591496957577,0.1549459149692546,0.15494591496845558,0.15494591496771148,0.15494591496845558,0.1549459149692546,0.15494591496957577,0.15494591496896545,0.15494591496845558,0.15494591496896545,0.15494591496957577,0.15494591497000634,0.15494591496957577,0.1549459149692546,0.15494591496957577,0.15494591497000634,0.15357822099787632,0.153578220996796,0.15357822099590365,0.153578220996796,0.15357822099787632,0.153578220996796,0.15357822099505788,0.15357822099332744,0.15357822099505788,0.153578220996796,0.15357822099590365,0.15357822099332744,0.15357822099016052,0.15357822099332744,0.15357822099590365,0.153578220996796,0.15357822099505788,0.15357822099332744,0.15357822099505788,0.153578220996796,0.15357822099787632,0.153578220996796,0.15357822099590365,0.153578220996796,0.15357822099787632,0.15223780414888877,0.15223780414651605,0.15223780414425694,0.15223780414651605,0.15223780414888877,0.15223780414651605,0.1522378041420102,0.15223780413623986,0.1522378041420102,0.15223780414651605,0.15223780414425694,0.15223780413623986,0.15223780412100862,0.15223780413623986,0.15223780414425694,0.15223780414651605,0.1522378041420102,0.15223780413623986,0.1522378041420102,0.15223780414651605,0.15223780414888877,0.15223780414651605,0.15223780414425694,0.15223780414651605,0.15223780414888877,0.15092409323134898,0.1509240932272961,0.15092409322272274,0.1509240932272961,0.15092409323134898,0.1509240932272961,0.1509240932180265,0.15092409320131134,0.1509240932180265,0.1509240932272961,0.15092409322272274,0.15092409320131134,0.150924093118327,0.15092409320131134,0.15092409322272274,0.1509240932272961,0.1509240932180265,0.15092409320131134,0.1509240932180265,0.1509240932272961,0.15092409323134898,0.1509240932272961,0.15092409322272274,0.1509240932272961,0.15092409323134898,0.14963652338707822,0.14963652338306171,0.14963652337869823,0.14963652338306171,0.14963652338707822,0.14963652338306171,0.14963652337423283,0.14963652335958033,0.14963652337423283,0.14963652338306171,0.14963652337869823,0.14963652335958033,0.1496365232960646,0.14963652335958033,0.14963652337869823,0.14963652338306171,0.14963652337423283,0.14963652335958033,0.14963652337423283,0.14963652338306171,0.14963652338707822,0.14963652338306171,0.14963652337869823,0.14963652338306171,0.14963652338707822,0.1483745366725012,0.1483745366697016,0.1483745366668058,0.1483745366697018,0.1483745366725012,0.1483745366697016,0.14837453666387204,0.14837453665486725,0.14837453666387204,0.1483745366697016,0.1483745366668058,0.14837453665486725,0.14837453661855854,0.14837453665486725,0.1483745366668058,0.1483745366697018,0.14837453666387204,0.14837453665486725,0.14837453666387204,0.1483745366697018,0.1483745366725012,0.1483745366697016,0.1483745366668058,0.1483745366697018,0.1483745366725012,0.1471375825680399,0.14713758256681134,0.1471375825656306,0.14713758256681134,0.1471375825680399,0.14713758256681134,0.14713758256445833,0.1471375825611898,0.14713758256445833,0.14713758256681134,0.1471375825656306,0.1471375825611898,0.14713758254935774,0.1471375825611898,0.1471375825656306,0.14713758256681134,0.14713758256445833,0.1471375825611898,0.14713758256445833,0.14713758256681134,0.1471375825680399,0.14713758256681134,0.1471375825656306,0.14713758256681134,0.1471375825680399,0.14592511841761835,0.1459251184178251,0.14592511841814793,0.1459251184178251,0.14592511841761835,0.1459251184178251,0.14592511841850409,0.14592511842002154,0.14592511841850409,0.1459251184178251,0.14592511841814793,0.14592511842002154,0.14592511842814498,0.14592511842002154,0.14592511841814793,0.1459251184178251,0.14592511841850409,0.14592511842002154,0.14592511841850409,0.1459251184178251,0.14592511841761835,0.1459251184178251,0.14592511841814793,0.1459251184178251,0.14592511841761835,0.14473660980311398,0.14473660980438105,0.14473660980578074,0.14473660980438105,0.14473660980311398,0.14473660980438105,0.14473660980722164,0.14473660981201167,0.14473660980722164,0.14473660980438105,0.14473660980578074,0.14473660981201167,0.14473660983314876,0.14473660981201167,0.14473660980578074,0.14473660980438105,0.14473660980722164,0.14473660981201167,0.14473660980722164,0.14473660980438105,0.14473660980311398,0.14473660980438105,0.14473660980578074,0.14473660980438105,0.14473660980311398,0.1435715308596253,0.14357153086151472,0.14357153086353233,0.14357153086151472,0.1435715308596253,0.14357153086151472,0.14357153086559013,0.1435715308722074,0.14357153086559013,0.14357153086151472,0.14357153086353233,0.1435715308722074,0.14357153090048347,0.1435715308722074,0.14357153086353233,0.14357153086151472,0.14357153086559013,0.1435715308722074,0.14357153086559013,0.14357153086151472,0.1435715308596253,0.14357153086151472,0.14357153086353233,0.14357153086151472,0.1435715308596253,0.14242936453698846,0.1424293645390704,0.14242936454126492,0.1424293645390704,0.14242936453698846,0.1424293645390704,0.14242936454349103,0.14242936455063088,0.14242936454349103,0.1424293645390704,0.14242936454126492,0.14242936455063088,0.14242936458145547,0.14242936455063088,0.14242936454126492,0.1424293645390704,0.14242936454349103,0.14242936455063088,0.14242936454349103,0.1424293645390704,0.14242936453698846,0.1424293645390704,0.14242936454126492,0.1424293645390704,0.14242936453698846,0.14130960281264834,0.14130960281454577,0.1413096028164628,0.14130960281454577,0.14130960281264834,0.14130960281454577,0.1413096028183831,0.14130960282425536,0.1413096028183831,0.14130960281454577,0.1413096028164628,0.14130960282425536,0.14130960284834762,0.14130960282425536,0.1413096028164628,0.14130960281454577,0.1413096028183831,0.14130960282425536,0.1413096028183831,0.14130960281454577,0.14130960281264834,0.14130960281454577,0.1413096028164628,0.14130960281454577,0.14130960281264834,0.14021174686047239,0.14021174686212037,0.14021174686365195,0.14021174686212037,0.14021174686047239,0.14021174686212037,0.1402117468651492,0.14021174686925356,0.1402117468651492,0.14021174686212037,0.14021174686365195,0.14021174686925356,0.14021174688441537,0.14021174686925356,0.14021174686365195,0.14021174686212037,0.1402117468651492,0.14021174686925356,0.1402117468651492,0.14021174686212037,0.14021174686047239,0.14021174686212037,0.14021174686365195,0.14021174686212037,0.14021174686047239,0.13913530717924272,0.1391353071810349,0.139135307182564,0.1391353071810349,0.13913530717924272,0.1391353071810349,0.13913530718403364,0.1391353071871916,0.13913530718403364,0.1391353071810349,0.139135307182564,0.1391353071871916,0.13913530719362677,0.1391353071871916,0.139135307182564,0.1391353071810349,0.13913530718403364,0.1391353071871916,0.13913530718403364,0.1391353071810349,0.13913530717924272,0.1391353071810349,0.139135307182564,0.1391353071810349,0.13913530717924272,0.1380798036849184,0.13807980368773423,0.13807980369046577,0.13807980368773423,0.1380798036849184,0.13807980368773423,0.1380798036931996,0.13807980370038608,0.1380798036931996,0.13807980368773423,0.13807980369046577,0.13807980370038608,0.1380798037199258,0.13807980370038608,0.13807980369046577,0.13807980368773423,0.1380798036931996,0.13807980370038608,0.1380798036931996,0.13807980368773423,0.1380798036849184,0.13807980368773423,0.13807980369046577,0.13807980368773423,0.1380798036849184,0.13704476577046698,0.13704476577458014,0.13704476577948313,0.13704476577458014,0.13704476577046698,0.13704476577458014,0.13704476578454622,0.13704476580427444,0.13704476578454622,0.13704476577458014,0.13704476577948313,0.13704476580427444,0.1370447659128619,0.13704476580427444,0.13704476577948313,0.13704476577458014,0.13704476578454622,0.13704476580427444,0.13704476578454622,0.13704476577458014,0.13704476577046698,0.13704476577458014,0.13704476577948313,0.13704476577458014,0.13704476577046698,0.13602973233884924,0.13602973234166751,0.13602973234440702,0.13602973234166751,0.13602973233884924,0.13602973234166751,0.13602973234714671,0.13602973235442356,0.13602973234714671,0.13602973234166751,0.13602973234440702,0.13602973235442356,0.1360297323745222,0.13602973235442356,0.13602973234440702,0.13602973234166751,0.13602973234714671,0.13602973235442356,0.13602973234714671,0.13602973234166751,0.13602973233884924,0.13602973234166751,0.13602973234440702,0.13602973234166751,0.13602973233884924,0.13503425181460013,0.13503425181635412,0.13503425181779705,0.13503425181635412,0.13503425181460013,0.13503425181635412,0.1350342518191629,0.13503425182193649,0.1350342518191629,0.13503425181635412,0.13503425181779705,0.13503425182193649,0.13503425182696316,0.13503425182193649,0.13503425181779705,0.13503425181635412,0.1350342518191629,0.13503425182193649,0.1350342518191629,0.13503425181635412,0.13503425181460013,0.13503425181635412,0.13503425181779705,0.13503425181635412,0.13503425181460013
0.16533248788370844,0.1653324878837082,0.16533248788370797,0.1653324878837082,0.16533248788370844,0.1653324878837082,0.16533248788370775,0.16533248788370775,0.16533248788370775,0.1653324878837082,0.16533248788370797,0.16533248788370775,0.1653324878837075,0.16533248788370775,0.16533248788370797,0.1653324878837082,0.16533248788370775,0.16533248788370775,0.16533248788370775,0.1653324878837082,0.16533248788370844,0.1653324878837082,0.16533248788370797,0.1653324878837082,0.16533248788370844,0.16375749416295718,0.16375749416295649,0.163757494162956,0.16375749416295649,0.16375749416295718,0.16375749416295649,0.1637574941629558,0.16375749416295535,0.1637574941629558,0.16375749416295649,0.163757494162956,0.16375749416295535,0.16375749416295485,0.16375749416295535,0.163757494162956,0.16375749416295649,0.1637574941629558,0.16375749416295535,0.1637574941629558,0.16375749416295649,0.16375749416295718,0.16375749416295649,0.163757494162956,0.16375749416295649,0.16375749416295718,0.16221388437414147,0.1622138843741394,0.16221388437413803,0.1622138843741394,0.16221388437414147,0.1622138843741394,0.1622138843741371,0.16221388437413553,0.1622138843741371,0.1622138843741394,0.16221388437413803,0.16221388437413553,0.16221388437413417,0.16221388437413553,0.16221388437413803,0.1622138843741394,0.1622138843741371,0.16221388437413553,0.1622138843741371,0.1622138843741394,0.16221388437414147,0.1622138843741394,0.16221388437413803,0.1622138843741394,0.16221388437414147,0.1607010674743045,0.16070106747429827,0.16070106747429408,0.16070106747429827,0.1607010674743045,0.16070106747429827,0.16070106747429116,0.16070106747428672,0.16070106747429116,0.16070106747429827,0.16070106747429408,0.16070106747428672,0.16070106747428184,0.16070106747428672,0.16070106747429408,0.16070106747429827,0.16070106747429116,0.16070106747428672,0.16070106747429116,0.16070106747429827,0.1607010674743045,0.16070106747429827,0.16070106747429408,0.16070106747429827,0.1607010674743045,0.15921845183843336,0.1592184518384144,0.15921845183840203,0.1592184518384144,0.15921845183843336,0.1592184518384144,0.15921845183839267,0.15921845183837807,0.15921845183839267,0.1592184518384144,0.15921845183840203,0.15921845183837807,0.15921845183836195,0.15921845183837807,0.15921845183840203,0.1592184518384144,0.15921845183839267,0.15921845183837807,0.15921845183839267,0.1592184518384144,0.15921845183843336,0.1592184518384144,0.15921845183840203,0.1592184518384144,0.15921845183843336,0.15776544661132133,0.15776544661126543,0.15776544661122832,0.15776544661126543,0.15776544661132133,0.15776544661126543,0.15776544661119823,0.1577654466111515,0.15776544661119823,0.15776544661126543,0.15776544661122832,0.1577654466111515,0.1577654466110971,0.1577654466111515,0.15776544661122832,0.15776544661126543,0.15776544661119823,0.1577654466111515,0.15776544661119823,0.15776544661126543,0.15776544661132133,0.15776544661126543,0.15776544661122832,0.15776544661126543,0.15776544661132133,0.15634146292192339,0.15634146292176487,0.15634146292165446,0.15634146292176487,0.15634146292192339,0.15634146292176487,0.15634146292156037,0.15634146292140794,0.15634146292156037,0.15634146292176487,0.15634146292165446,0.15634146292140794,0.1563414629212145,0.15634146292140794,0.15634146292165446,0.15634146292176487,0.15634146292156037,0.15634146292140794,0.15634146292156037,0.15634146292176487,0.15634146292192339,0.15634146292176487,0.15634146292165446,0.15634146292176487,0.15634146292192339,0.1549459149705047,0.15494591497007537,0.15494591496975485,0.15494591497007537,0.1549459149705047,0.15494591497007537,0.15494591496946672,0.1549459149689581,0.15494591496946672,0.15494591497007537,0.15494591496975485,0.1549459149689581,0.15494591496821603,0.1549459149689581,0.15494591496975485,0.15494591497007537,0.15494591496946672,0.1549459149689581,0.15494591496946672,0.15494591497007537,0.1549459149705047,0.15494591497007537,0.15494591496975485,0.15494591497007537,0.1549459149705047,0.15357822099835994,0.15357822099728283,0.1535782209963929,0.15357822099728283,0.15357822099835994,0.15357822099728283,0.15357822099554935,0.1535782209938235,0.15357822099554935,0.15357822099728283,0.1535782209963929,0.1535782209938235,0.15357822099066504,0.1535782209938235,0.1535782209963929,0.15357822099728283,0.15357822099554935,0.1535782209938235,0.15357822099554935,0.15357822099728283,0.15357822099835994,0.15357822099728283,0.1535782209963929,0.15357822099728283,0.15357822099835994,0.15223780414935173,0.15223780414698573,0.1522378041447329,0.15223780414698573,0.15223780414935173,0.15223780414698573,0.15223780414249244,0.15223780413673765,0.15223780414249244,0.15223780414698573,0.1522378041447329,0.15223780413673765,0.1522378041215458,0.15223780413673765,0.1522378041447329,0.15223780414698573,0.15223780414249244,0.15223780413673765,0.15223780414249244,0.15223780414698573,0.15223780414935173,0.15223780414698573,0.1522378041447329,0.15223780414698573,0.15223780414935173,0.1509240932317767,0.15092409322773634,0.15092409322317613,0.15092409322773634,0.1509240932317767,0.15092409322773634,0.15092409321849357,0.15092409320182373,0.15092409321849357,0.15092409322773634,0.15092409322317613,0.15092409320182373,0.15092409311906357,0.15092409320182373,0.15092409322317613,0.15092409322773634,0.15092409321849357,0.15092409320182373,0.15092409321849357,0.15092409322773634,0.1509240932317767,0.15092409322773634,0.15092409322317613,0.15092409322773634,0.1509240932317767,0.14963652338744504,0.14963652338344346,0.14963652337909586,0.14963652338344346,0.14963652338744504,0.14963652338344346,0.14963652337464634,0.14963652336004415,0.14963652337464634,0.14963652338344346,0.14963652337909586,0.14963652336004415,0.14963652329673266,0.14963652336004415,0.14963652337909586,0.14963652338344346,0.14963652337464634,0.14963652336004415,0.14963652337464634,0.14963652338344346,0.14963652338744504,0.14963652338344346,0.14963652337909586,0.14963652338344346,0.14963652338744504,0.1483745366727755,0.1483745366699909,0.14837453666711087,0.1483745366699909,0.1483745366727755,0.1483745366699909,0.14837453666419306,0.14837453665523864,0.14837453666419306,0.1483745366699909,0.14837453666711087,0.14837453665523864,0.1483745366191306,0.14837453665523864,0.14837453666711087,0.1483745366699909,0.14837453666419306,0.14837453665523864,0.14837453666419306,0.1483745366699909,0.1483745366727755,0.1483745366699909,0.14837453666711087,0.1483745366699909,0.1483745366727755,0.1471375825681894,0.1471375825669732,0.1471375825658059,0.1471375825669732,0.1471375825681894,0.1471375825669732,0.14713758256464746,0.1471375825614252,0.14713758256464746,0.1471375825669732,0.1471375825658059,0.1471375825614252,0.14713758254982295,0.1471375825614252,0.1471375825658059,0.1471375825669732,0.14713758256464746,0.1471375825614252,0.14713758256464746,0.1471375825669732,0.1471375825681894,0.1471375825669732,0.1471375825658059,0.1471375825669732,0.1471375825681894,0.14592511841761605,0.1459251184178285,0.14592511841815753,0.1459251184178285,0.14592511841761605,0.1459251184178285,0.1459251184185201,0.14592511842005892,0.1459251184185201,0.1459251184178285,0.14592511841815753,0.14592511842005892,0.1459251184282689,0.14592511842005892,0.14592511841815753,0.1459251184178285,0.1459251184185201,0.14592511842005892,0.1459251184185201,0.1459251184178285,0.14592511841761605,0.1459251184178285,0.14592511841815753,0.1459251184178285,0.14592511841761605,0.14473660980294553,0.1447366098042103,0.1447366098056069,0.1447366098042103,0.14473660980294553,0.1447366098042103,0.14473660980704484,0.14473660981182346,0.14473660980704484,0.1447366098042103,0.1447366098056069,0.14473660981182346,0.14473660983290612,0.14473660981182346,0.1447366098056069,0.1447366098042103,0.14473660980704484,0.14473660981182346,0.14473660980704484,0.1447366098042103,0.14473660980294553,0.1447366098042103,0.1447366098056069,0.1447366098042103,0.14473660980294553,0.1435715308592937,0.1435715308611737,0.14357153086318153,0.1435715308611737,0.1435715308592937,0.1435715308611737,0.14357153086522925,0.1435715308718147,0.14357153086522925,0.1435715308611737,0.14357153086318153,0.1435715308718147,0.14357153089997424,0.1435715308718147,0.14357153086318153,0.1435715308611737,0.14357153086522925,0.1435715308718147,0.14357153086522925,0.1435715308611737,0.1435715308592937,0.1435715308611737,0.14357153086318153,0.1435715308611737,0.1435715308592937,0.14242936453651067,0.1424293645385784,0.1424293645407573,0.1424293645385784,0.14242936453651067,0.1424293645385784,0.14242936454296712,0.14242936455005245,0.14242936454296712,0.1424293645385784,0.1424293645407573,0.14242936455005245,0.14242936458062894,0.14242936455005245,0.1424293645407573,0.1424293645385784,0.14242936454296712,0.14242936455005245,0.14242936454296712,0.1424293645385784,0.14242936453651067,0.1424293645385784,0.1424293645407573,0.1424293645385784,0.14242936453651067,0.14130960281205182,0.14130960281393495,0.14130960281583635,0.14130960281393495,0.14130960281205182,0.14130960281393495,0.14130960281774102,0.14130960282356048,0.14130960281774102,0.14130960281393495,0.14130960281583635,0.14130960282356048,0.14130960284738353,0.14130960282356048,0.14130960281583635,0.14130960281393495,0.14130960281774102,0.14130960282356048,0.14130960281774102,0.14130960281393495,0.14130960281205182,0.14130960281393495,0.14130960281583635,0.14130960281393495,0.14130960281205182,0.14021174685978463,0.14021174686142215,0.14021174686294405,0.14021174686142215,0.14021174685978463,0.14021174686142215,0.14021174686443147,0.1402117468685092,0.14021174686443147,0.14021174686142215,0.14021174686294405,0.1402117468685092,0.1402117468835741,0.1402117468685092,0.14021174686294405,0.14021174686142215,0.14021174686443147,0.1402117468685092,0.14021174686443147,0.14021174686142215,0.14021174685978463,0.14021174686142215,0.14021174686294405,0.14021174686142215,0.14021174685978463,0.13913530717848374,0.13913530718026787,0.13913530718179018,0.13913530718026787,0.13913530717848374,0.13913530718026787,0.13913530718325334,0.13913530718639758,0.13913530718325334,0.13913530718026787,0.13913530718179018,0.13913530718639758,0.13913530719280442,0.13913530718639758,0.13913530718179018,0.13913530718026787,0.13913530718325334,0.13913530718639758,0.13913530718325334,0.13913530718026787,0.13913530717848374,0.13913530718026787,0.13913530718179018,0.13913530718026787,0.13913530717848374,0.13807980368410336,0.13807980368690975,0.13807980368963194,0.13807980368690975,0.13807980368410336,0.13807980368690975,0.13807980369235695,0.13807980369952047,0.13807980369235695,0.13807980368690975,0.13807980368963194,0.13807980369952047,0.13807980371899928,0.13807980369952047,0.13807980368963194,0.13807980368690975,0.13807980369235695,0.13807980369952047,0.13807980369235695,0.13807980368690959,0.13807980368410336,0.13807980368690975,0.13807980368963194,0.13807980368690959,0.13807980368410336,0.13704476576961447,0.13704476577371488,0.1370447657786028,0.13704476577371488,0.13704476576961447,0.13704476577371488,0.13704476578365038,0.1370447658033186,0.13704476578365038,0.13704476577371488,0.1370447657786028,0.1370447658033186,0.1370447659115656,0.1370447658033186,0.1370447657786028,0.13704476577371488,0.13704476578365038,0.1370447658033186,0.13704476578365038,0.13704476577371488,0.13704476576961447,0.13704476577371488,0.1370447657786028,0.13704476577371488,0.13704476576961447,0.13602973233798504,0.1360297323407948,0.13602973234352583,0.1360297323407948,0.13602973233798504,0.1360297323407948,0.13602973234625715,0.13602973235351193,0.13602973234625715,0.1360297323407948,0.13602973234352583,0.13602973235351193,0.13602973237354957,0.13602973235351193,0.13602973234352583,0.1360297323407948,0.13602973234625715,0.13602973235351193,0.13602973234625715,0.1360297323407948,0.13602973233798504,0.1360297323407948,0.13602973234352583,0.1360297323407948,0.13602973233798504,0.1350342518137417,0.13503425181549025,0.13503425181692869,0.13503425181549025,0.1350342518137417,0.13503425181549025,0.13503425181829043,0.13503425182105566,0.13503425181829043,0.13503425181549025,0.13503425181692869,0.13503425182105566,0.135034251826067,0.13503425182105566,0.13503425181692869,0.13503425181549025,0.13503425181829043,0.13503425182105566,0.13503425181829043,0.13503425181549025,0.1350342518137417,0.13503425181549025,0.13503425181692869,0.13503425181549025,0.1350342518137417
0.16533248788427435,0.16533248788427388,0.16533248788427388,0.16533248788427388,0.16533248788427435,0.16533248788427388,0.16533248788427365,0.16533248788427338,0.16533248788427365,0.16533248788427388,0.16533248788427388,0.16533248788427338,0.16533248788427338,0.16533248788427338,0.16533248788427388,0.16533248788427388,0.16533248788427365,0.16533248788427338,0.16533248788427365,0.16533248788427388,0.16533248788427435,0.16533248788427388,0.16533248788427388,0.16533248788427388,0.16533248788427435,0.1637574941635118,0.16375749416351112,0.16375749416351065,0.16375749416351112,0.1637574941635118,0.16375749416351112,0.1637574941635102,0.16375749416350974,0.1637574941635102,0.16375749416351112,0.16375749416351065,0.16375749416350974,0.16375749416350927,0.16375749416350974,0.16375749416351065,0.16375749416351112,0.1637574941635102,0.16375749416350974,0.1637574941635102,0.16375749416351112,0.1637574941635118,0.16375749416351112,0.16375749416351065,0.16375749416351112,0.1637574941635118,0.162213884374685,0.16221388437468273,0.16221388437468137,0.16221388437468273,0.162213884374685,0.16221388437468273,0.16221388437468046,0.1622138843746791,0.16221388437468046,0.16221388437468273,0.16221388437468137,0.1622138843746791,0.16221388437467774,0.1622138843746791,0.1622138843746816,0.16221388437468273,0.16221388437468046,0.1622138843746791,0.1622138843746807,0.16221388437468273,0.162213884374685,0.16221388437468273,0.1622138843746816,0.16221388437468273,0.162213884374685,0.16070106747483698,0.1607010674748308,0.16070106747482676,0.1607010674748308,0.16070106747483698,0.1607010674748308,0.16070106747482366,0.16070106747481924,0.16070106747482366,0.1607010674748308,0.16070106747482676,0.16070106747481924,0.16070106747481433,0.16070106747481924,0.16070106747482676,0.1607010674748308,0.16070106747482366,0.16070106747481924,0.16070106747482366,0.1607010674748308,0.16070106747483698,0.1607010674748308,0.16070106747482676,0.1607010674748308,0.16070106747483698,0.15921845183895503,0.1592184518389361,0.15921845183892366,0.1592184518389361,0.15921845183895503,0.1592184518389361,0.15921845183891428,0.1592184518388997,0.15921845183891428,0.1592184518389361,0.15921845183892366,0.1592184518388997,0.15921845183888358,0.1592184518388997,0.15921845183892366,0.1592184518389361,0.15921845183891428,0.1592184518388997,0.15921845183891428,0.1592184518389361,0.15921845183895503,0.1592184518389361,0.15921845183892366,0.1592184518389361,0.15921845183895503,0.15776544661183173,0.15776544661177622,0.1577654466117391,0.15776544661177622,0.15776544661183173,0.15776544661177622,0.15776544661170902,0.15776544661166253,0.15776544661170902,0.15776544661177622,0.1577654466117391,0.15776544661166253,0.1577654466116081,0.15776544661166253,0.1577654466117391,0.15776544661177622,0.15776544661170902,0.15776544661166253,0.15776544661170902,0.15776544661177622,0.15776544661183173,0.15776544661177622,0.1577654466117391,0.15776544661177622,0.15776544661183173,0.15634146292242254,0.15634146292226445,0.15634146292215423,0.15634146292226445,0.15634146292242254,0.15634146292226445,0.15634146292206058,0.15634146292190856,0.15634146292206058,0.15634146292226445,0.15634146292215423,0.15634146292190856,0.15634146292171552,0.15634146292190856,0.15634146292215423,0.15634146292226445,0.15634146292206058,0.15634146292190856,0.15634146292206058,0.15634146292226445,0.15634146292242254,0.15634146292226445,0.15634146292215423,0.15634146292226445,0.15634146292242254,0.15494591497099183,0.15494591497056373,0.15494591497024424,0.15494591497056373,0.15494591497099183,0.15494591497056373,0.15494591496995672,0.15494591496944932,0.15494591496995672,0.15494591497056373,0.15494591497024424,0.15494591496944932,0.1549459149687093,0.15494591496944932,0.15494591497024424,0.15494591497056373,0.15494591496995672,0.15494591496944932,0.15494591496995672,0.15494591497056373,0.15494591497099183,0.15494591497056373,0.15494591497024424,0.15494591497056373,0.15494591497099183,0.15357822099883295,0.1535782209977586,0.1535782209968711,0.1535782209977586,0.15357822099883295,0.1535782209977586,0.15357822099602997,0.15357822099430854,0.15357822099602997,0.1535782209977586,0.1535782209968711,0.15357822099430854,0.1535782209911583,0.15357822099430854,0.1535782209968711,0.1535782209977586,0.15357822099602997,0.15357822099430854,0.15357822099602997,0.1535782209977586,0.15357822099883295,0.1535782209977586,0.1535782209968711,0.1535782209977586,0.15357822099883295,0.15223780414980423,0.15223780414744492,0.15223780414519822,0.15223780414744492,0.15223780414980423,0.15223780414744492,0.1522378041429639,0.15223780413722424,0.1522378041429639,0.15223780414744492,0.15223780414519822,0.15223780413722424,0.15223780412207116,0.15223780413722424,0.15223780414519822,0.15223780414744492,0.1522378041429639,0.15223780413722424,0.1522378041429639,0.15223780414744492,0.15223780414980423,0.15223780414744492,0.15223780414519822,0.15223780414744492,0.15223780414980423,0.1509240932321951,0.15092409322816677,0.15092409322361963,0.15092409322816677,0.1509240932321951,0.15092409322816677,0.1509240932189504,0.15092409320232494,0.1509240932189504,0.15092409322816677,0.15092409322361963,0.15092409320232494,0.15092409311980284,0.15092409320232494,0.15092409322361963,0.15092409322816677,0.1509240932189504,0.15092409320232494,0.1509240932189504,0.15092409322816677,0.1509240932321951,0.15092409322816677,0.15092409322361963,0.15092409322816677,0.1509240932321951,0.14963652338780375,0.14963652338381692,0.14963652337948444,0.14963652338381692,0.14963652338780375,0.14963652338381692,0.14963652337505062,0.1496365233604974,0.14963652337505062,0.14963652338381692,0.14963652337948444,0.1496365233604974,0.14963652329737573,0.1496365233604974,0.14963652337948444,0.14963652338381692,0.14963652337505062,0.1496365233604974,0.14963652337505062,0.14963652338381692,0.14963652338780375,0.14963652338381692,0.14963652337948444,0.14963652338381692,0.14963652338780375,0.14837453667304365,0.1483745366702737,0.14837453666740905,0.1483745366702737,0.14837453667304365,0.1483745366702737,0.14837453666450678,0.14837453665560132,0.14837453666450678,0.1483745366702737,0.14837453666740905,0.14837453665560132,0.14837453661968625,0.14837453665560132,0.14837453666740905,0.1483745366702737,0.14837453666450678,0.14837453665560132,0.14837453666450678,0.1483745366702737,0.14837453667304365,0.1483745366702737,0.14837453666740905,0.1483745366702737,0.14837453667304365,0.1471375825683358,0.1471375825671316,0.14713758256597717,0.1471375825671316,0.1471375825683358,0.1471375825671316,0.1471375825648322,0.14713758256165482,0.1471375825648322,0.1471375825671316,0.14713758256597717,0.14713758256165482,0.1471375825502595,0.14713758256165482,0.14713758256597717,0.1471375825671316,0.1471375825648322,0.14713758256165482,0.1471375825648322,0.1471375825671316,0.1471375825683358,0.1471375825671316,0.14713758256597717,0.1471375825671316,0.1471375825683358,0.1459251184176139,0.14592511841783223,0.14592511841816752,0.14592511841783223,0.1459251184176139,0.14592511841783223,0.14592511841853628,0.14592511842009576,0.14592511841853628,0.14592511841783223,0.14592511841816752,0.14592511842009576,0.14592511842839642,0.14592511842009576,0.14592511841816752,0.14592511841783223,0.14592511841853628,0.14592511842009576,0.14592511841853628,0.14592511841783223,0.1459251184176139,0.14592511841783223,0.14592511841816752,0.14592511841783223,0.1459251184176139,0.14473660980278144,0.1447366098040438,0.14473660980543773,0.1447366098040438,0.14473660980278144,0.1447366098040438,0.14473660980687272,0.14473660981164055,0.14473660980687272,0.1447366098040438,0.14473660980543773,0.14473660981164055,0.14473660983266315,0.14473660981164055,0.14473660980543773,0.1447366098040438,0.14473660980687272,0.14473660981164055,0.14473660980687272,0.1447366098040438,0.14473660980278144,0.1447366098040438,0.14473660980543773,0.1447366098040438,0.14473660980278144,0.14357153085897012,0.14357153086084104,0.14357153086283914,0.14357153086084104,0.14357153085897012,0.14357153086084104,0.1435715308648771,0.1435715308714321,0.1435715308648771,0.14357153086084104,0.14357153086283914,0.1435715308714321,0.1435715308994734,0.1435715308714321,0.14357153086283914,0.14357153086084104,0.1435715308648771,0.1435715308714321,0.1435715308648771,0.14357153086084104,0.14357153085897012,0.14357153086084104,0.14357153086283914,0.14357153086084104,0.14357153085897012,0.142429364536044,0.14242936453809776,0.14242936454026126,0.14242936453809776,0.142429364536044,0.14242936453809776,0.14242936454245547,0.14242936454948746,0.14242936454245547,0.14242936453809776,0.14242936454026126,0.14242936454948746,0.142429364579836,0.14242936454948746,0.14242936454026126,0.14242936453809776,0.14242936454245547,0.14242936454948746,0.14242936454245547,0.14242936453809776,0.142429364536044,0.14242936453809776,0.14242936454026126,0.14242936453809776,0.142429364536044,0.14130960281146865,0.14130960281333793,0.1413096028152242,0.14130960281333793,0.14130960281146865,0.14130960281333793,0.14130960281711324,0.14130960282288124,0.14130960281711324,0.14130960281333793,0.1413096028152242,0.14130960282288124,0.14130960284647878,0.14130960282288124,0.1413096028152242,0.14130960281333793,0.14130960281711324,0.14130960282288124,0.14130960281711324,0.14130960281333793,0.14130960281146865,0.14130960281333793,0.1413096028152242,0.14130960281333793,0.14130960281146865,0.1402117468591122,0.14021174686073976,0.14021174686225182,0.14021174686073976,0.1402117468591122,0.14021174686073976,0.1402117468637297,0.14021174686778132,0.1402117468637297,0.14021174686073976,0.14021174686225182,0.14021174686778132,0.14021174688274912,0.14021174686778132,0.14021174686225182,0.14021174686073976,0.1402117468637297,0.14021174686778132,0.1402117468637297,0.14021174686073976,0.1402117468591122,0.14021174686073976,0.14021174686225182,0.14021174686073976,0.1402117468591122,0.13913530717774159,0.13913530717951797,0.13913530718103362,0.13913530717951797,0.13913530717774159,0.13913530717951797,0.13913530718249031,0.13913530718562092,0.13913530718249031,0.13913530717951797,0.13913530718103362,0.13913530718562092,0.13913530719200026,0.13913530718562092,0.13913530718103362,0.13913530717951797,0.13913530718249031,0.13913530718562092,0.13913530718249031,0.13913530717951797,0.13913530717774159,0.13913530717951797,0.13913530718103362,0.13913530717951797,0.13913530717774159,0.13807980368330627,0.1380798036861032,0.13807980368881673,0.1380798036861032,0.13807980368330627,0.1380798036861032,0.13807980369153275,0.13807980369867365,0.13807980369153275,0.1380798036861032,0.13807980368881673,0.13807980369867365,0.13807980371809261,0.13807980369867365,0.13807980368881673,0.1380798036861032,0.13807980369153275,0.13807980369867365,0.13807980369153275,0.1380798036861032,0.13807980368330627,0.1380798036861032,0.13807980368881673,0.1380798036861032,0.13807980368330627,0.13704476576878075,0.13704476577286845,0.13704476577774163,0.13704476577286845,0.13704476576878075,0.13704476577286845,0.13704476578277386,0.13704476580238323,0.13704476578277386,0.13704476577286845,0.13704476577774163,0.13704476580238323,0.13704476591033088,0.13704476580238323,0.1370447657777415,0.13704476577286845,0.13704476578277386,0.13704476580238323,0.13704476578277386,0.13704476577286845,0.13704476576878075,0.13704476577286845,0.1370447657777415,0.13704476577286845,0.13704476576878075,0.1360297323371396,0.13602973233994073,0.1360297323426637,0.13602973233994073,0.1360297323371396,0.13602973233994073,0.13602973234538682,0.1360297323526198,0.13602973234538682,0.13602973233994073,0.1360297323426637,0.1360297323526198,0.13602973237259783,0.1360297323526198,0.1360297323426637,0.13602973233994073,0.13602973234538682,0.1360297323526198,0.13602973234538682,0.13602973233994073,0.1360297323371396,0.13602973233994073,0.1360297323426637,0.13602973233994073,0.1360297323371396,0.1350342518129014,0.1350342518146447,0.13503425181607887,0.13503425181464487,0.1350342518129014,0.1350342518146447,0.1350342518174367,0.1350342518201936,0.1350342518174367,0.13503425181464487,0.13503425181607887,0.1350342518201936,0.13503425182519002,0.1350342518201936,0.13503425181607903,0.13503425181464487,0.1350342518174367,0.1350342518201936,0.1350342518174367,0.13503425181464487,0.1350342518129014,0.13503425181464487,0.13503425181607903,0.13503425181464487,0.1350342518129014
0.16533248788482843,0.16533248788482818,0.16533248788482796,0.16533248788482818,0.16533248788482843,0.16533248788482818,0.16533248788482774,0.16533248788482774,0.16533248788482774,0.16533248788482818,0.16533248788482796,0.16533248788482774,0.1653324878848275,0.16533248788482774,0.16533248788482796,0.16533248788482818,0.16533248788482774,0.16533248788482774,0.16533248788482774,0.16533248788482818,0.16533248788482843,0.16533248788482818,0.16533248788482796,0.16533248788482818,0.16533248788482843,0.16375749416405463,0.16375749416405394,0.16375749416405347,0.16375749416405394,0.16375749416405463,0.16375749416405394,0.16375749416405327,0.16375749416405277,0.16375749416405327,0.16375749416405394,0.16375749416405347,0.16375749416405277,0.16375749416405233,0.16375749416405277,0.16375749416405347,0.16375749416405394,0.16375749416405327,0.16375749416405277,0.16375749416405327,0.16375749416405394,0.16375749416405463,0.16375749416405394,0.16375749416405347,0.16375749416405394,0.16375749416405463,0.16221388437521678,0.16221388437521475,0.1622138843752134,0.16221388437521475,0.16221388437521678,0.16221388437521475,0.16221388437521247,0.16221388437521111,0.16221388437521247,0.16221388437521475,0.1622138843752134,0.16221388437521111,0.16221388437520978,0.16221388437521111,0.1622138843752136,0.16221388437521475,0.16221388437521247,0.16221388437521111,0.1622138843752127,0.16221388437521475,0.16221388437521678,0.16221388437521475,0.1622138843752136,0.16221388437521475,0.162213884375217,0.16070106747535817,0.16070106747535196,0.16070106747534774,0.16070106747535196,0.16070106747535817,0.16070106747535196,0.16070106747534482,0.1607010674753404,0.16070106747534482,0.16070106747535196,0.16070106747534774,0.1607010674753404,0.16070106747533552,0.1607010674753404,0.16070106747534774,0.16070106747535196,0.16070106747534482,0.1607010674753404,0.16070106747534482,0.16070106747535196,0.16070106747535817,0.16070106747535196,0.16070106747534774,0.16070106747535196,0.16070106747535817,0.15921845183946534,0.15921845183944638,0.15921845183943398,0.15921845183944638,0.15921845183946534,0.15921845183944638,0.15921845183942462,0.15921845183941025,0.15921845183942462,0.15921845183944638,0.15921845183943398,0.15921845183941025,0.15921845183939415,0.15921845183941025,0.15921845183943398,0.15921845183944638,0.15921845183942462,0.15921845183941025,0.15921845183942462,0.15921845183944638,0.15921845183946534,0.15921845183944638,0.15921845183943398,0.15921845183944638,0.15921845183946534,0.15776544661233122,0.15776544661227576,0.15776544661223882,0.15776544661227576,0.15776544661233122,0.15776544661227576,0.15776544661220895,0.15776544661216244,0.15776544661220895,0.15776544661227576,0.15776544661223882,0.15776544661216244,0.15776544661210823,0.15776544661216244,0.15776544661223882,0.15776544661227576,0.15776544661220895,0.15776544661216244,0.15776544661220895,0.15776544661227576,0.15776544661233122,0.15776544661227576,0.15776544661223882,0.15776544661227576,0.15776544661233122,0.156341462922911,0.15634146292275333,0.15634146292264353,0.15634146292275333,0.156341462922911,0.15634146292275333,0.15634146292254988,0.15634146292239828,0.15634146292254988,0.15634146292275333,0.15634146292264353,0.15634146292239828,0.15634146292220588,0.15634146292239828,0.15634146292264353,0.15634146292275333,0.15634146292254988,0.15634146292239828,0.15634146292254988,0.15634146292275333,0.156341462922911,0.15634146292275333,0.15634146292264353,0.15634146292275333,0.156341462922911,0.1549459149714687,0.15494591497104163,0.15494591497072296,0.15494591497104163,0.1549459149714687,0.15494591497104163,0.15494591497043625,0.1549459149699303,0.15494591497043625,0.15494591497104163,0.15494591497072296,0.1549459149699303,0.15494591496919213,0.1549459149699303,0.15494591497072296,0.15494591497104163,0.15494591497043625,0.1549459149699303,0.15494591497043625,0.15494591497104163,0.1549459149714687,0.15494591497104163,0.15494591497072296,0.15494591497104163,0.1549459149714687,0.1535782209992957,0.15357822099822438,0.15357822099733928,0.15357822099822438,0.1535782209992957,0.15357822099822438,0.15357822099650034,0.15357822099478333,0.15357822099650034,0.15357822099822438,0.15357822099733928,0.15357822099478333,0.15357822099164095,0.15357822099478333,0.15357822099733928,0.15357822099822438,0.15357822099650034,0.15357822099478333,0.15357822099650034,0.15357822099822438,0.1535782209992957,0.15357822099822438,0.15357822099733928,0.15357822099822438,0.1535782209992957,0.15223780415024715,0.1522378041478943,0.1522378041456539,0.1522378041478943,0.15223780415024715,0.1522378041478943,0.1522378041434255,0.1522378041377006,0.1522378041434255,0.1522378041478943,0.1522378041456539,0.1522378041377006,0.1522378041225855,0.1522378041377006,0.1522378041456539,0.1522378041478943,0.1522378041434255,0.1522378041377006,0.1522378041434255,0.1522378041478943,0.15223780415024715,0.1522378041478943,0.1522378041456539,0.1522378041478943,0.15223780415024715,0.1509240932326043,0.1509240932285879,0.1509240932240537,0.1509240932285879,0.1509240932326043,0.1509240932285879,0.1509240932193974,0.15092409320281572,0.1509240932193974,0.1509240932285879,0.1509240932240537,0.15092409320281572,0.15092409312049448,0.15092409320281572,0.1509240932240537,0.1509240932285879,0.1509240932193974,0.15092409320281572,0.1509240932193974,0.1509240932285879,0.1509240932326043,0.1509240932285879,0.1509240932240537,0.1509240932285879,0.1509240932326043,0.14963652338815467,0.149636523384182,0.1496365233798647,0.149636523384182,0.14963652338815467,0.149636523384182,0.14963652337544617,0.1496365233609408,0.14963652337544617,0.149636523384182,0.1496365233798647,0.1496365233609408,0.14963652329800653,0.1496365233609408,0.1496365233798647,0.149636523384182,0.14963652337544617,0.1496365233609408,0.14963652337544617,0.149636523384182,0.14963652338815467,0.149636523384182,0.1496365233798647,0.149636523384182,0.14963652338815467,0.14837453667330588,0.14837453667055023,0.1483745366677006,0.14837453667055023,0.14837453667330588,0.14837453667055023,0.1483745366648135,0.14837453665595587,0.1483745366648135,0.14837453667055023,0.1483745366677006,0.14837453665595587,0.14837453662028188,0.14837453665595587,0.1483745366677006,0.14837453667055023,0.1483745366648135,0.14837453665595587,0.1483745366648135,0.14837453667055023,0.14837453667330588,0.14837453667055023,0.1483745366677006,0.14837453667055023,0.14837453667330588,0.14713758256847898,0.14713758256728637,0.14713758256614487,0.14713758256728637,0.14713758256847898,0.14713758256728637,0.14713758256501275,0.147137582561879,0.14713758256501275,0.14713758256728637,0.14713758256614487,0.147137582561879,0.1471375825506695,0.147137582561879,0.14713758256614487,0.14713758256728637,0.14713758256501275,0.147137582561879,0.14713758256501275,0.14713758256728637,0.14713758256847898,0.14713758256728637,0.14713758256614487,0.14713758256728637,0.14713758256847898,0.1459251184176123,0.14592511841783595,0.14592511841817732,0.14592511841783595,0.1459251184176123,0.14592511841783595,0.14592511841855235,0.14592511842013228,0.14592511841855235,0.14592511841783595,0.14592511841817732,0.14592511842013228,0.1459251184285394,0.14592511842013228,0.14592511841817732,0.14592511841783595,0.14592511841855235,0.14592511842013228,0.14592511841855235,0.14592511841783595,0.1459251184176123,0.14592511841783595,0.14592511841817732,0.14592511841783595,0.1459251184176123,0.14473660980262137,0.14473660980388145,0.1447366098052728,0.14473660980388145,0.14473660980262137,0.14473660980388145,0.14473660980670516,0.14473660981146286,0.14473660980670516,0.14473660980388145,0.1447366098052728,0.14473660981146286,0.1447366098324331,0.14473660981146286,0.1447366098052728,0.14473660980388145,0.14473660980670516,0.14473660981146286,0.14473660980670516,0.14473660980388145,0.14473660980262137,0.14473660980388145,0.1447366098052728,0.14473660980388145,0.14473660980262137,0.14357153085865387,0.1435715308605161,0.14357153086250493,0.1435715308605161,0.14357153085865387,0.1435715308605161,0.14357153086453334,0.14357153087105876,0.14357153086453334,0.1435715308605161,0.14357153086250493,0.14357153087105876,0.14357153089896332,0.14357153087105876,0.14357153086250493,0.1435715308605161,0.14357153086453334,0.14357153087105876,0.14357153086453334,0.1435715308605161,0.14357153085865387,0.1435715308605161,0.14357153086250493,0.1435715308605161,0.14357153085865387,0.14242936453558772,0.14242936453762808,0.14242936453977664,0.14242936453762808,0.14242936453558772,0.14242936453762808,0.14242936454195526,0.14242936454893523,0.14242936454195526,0.14242936453762808,0.14242936453977664,0.14242936454893523,0.1424293645790301,0.14242936454893523,0.14242936453977664,0.14242936453762808,0.14242936454195526,0.14242936454893523,0.14242936454195526,0.14242936453762808,0.14242936453558772,0.14242936453762808,0.14242936453977664,0.14242936453762808,0.14242936453558772,0.1413096028108984,0.14130960281275393,0.14130960281462537,0.14130960281275393,0.1413096028108984,0.14130960281275393,0.14130960281649946,0.1413096028222165,0.14130960281649946,0.14130960281275393,0.14130960281462537,0.1413096028222165,0.1413096028455915,0.1413096028222165,0.14130960281462537,0.14130960281275393,0.14130960281649946,0.1413096028222165,0.14130960281649946,0.14130960281275393,0.1413096028108984,0.14130960281275393,0.14130960281462537,0.14130960281275393,0.1413096028108984,0.14021174685845444,0.14021174686007198,0.14021174686157453,0.14021174686007198,0.14021174685845444,0.14021174686007198,0.14021174686304308,0.1402117468670694,0.14021174686304308,0.14021174686007198,0.14021174686157453,0.1402117468670694,0.14021174688196367,0.1402117468670694,0.14021174686157453,0.14021174686007198,0.14021174686304308,0.1402117468670694,0.14021174686304308,0.14021174686007198,0.14021174685845444,0.14021174686007198,0.14021174686157453,0.14021174686007198,0.14021174685845444,0.13913530717701522,0.13913530717878403,0.13913530718029318,0.13913530717878403,0.13913530717701522,0.13913530717878403,0.13913530718174355,0.1391353071848609,0.13913530718174355,0.13913530717878403,0.13913530718029318,0.1391353071848609,0.13913530719121317,0.1391353071848609,0.13913530718029318,0.13913530717878403,0.13913530718174355,0.1391353071848609,0.13913530718174355,0.13913530717878403,0.13913530717701522,0.13913530717878403,0.13913530718029318,0.13913530717878403,0.13913530717701522,0.13807980368252595,0.13807980368531375,0.13807980368801845,0.13807980368531375,0.13807980368252595,0.13807980368531375,0.13807980369072592,0.1380798036978448,0.13807980369072592,0.13807980368531375,0.13807980368801845,0.1380798036978448,0.138079803717205,0.1380798036978448,0.13807980368801845,0.13807980368531375,0.13807980369072592,0.1380798036978448,0.13807980369072592,0.13807980368531375,0.13807980368252595,0.13807980368531375,0.13807980368801845,0.13807980368531375,0.13807980368252595,0.13704476576796443,0.13704476577203986,0.13704476577689845,0.13704476577203986,0.13704476576796443,0.13704476577203986,0.13704476578191577,0.13704476580146735,0.13704476578191577,0.13704476577203986,0.13704476577689845,0.13704476580146735,0.13704476590907427,0.13704476580146735,0.13704476577689845,0.13704476577203986,0.13704476578191577,0.13704476580146735,0.13704476578191577,0.13704476577203986,0.13704476576796443,0.13704476577203986,0.13704476577689845,0.13704476577203986,0.13704476576796443,0.1360297323363119,0.13602973233910484,0.13602973234181975,0.13602973233910484,0.1360297323363119,0.13602973233910484,0.1360297323445347,0.1360297323517465,0.1360297323445347,0.13602973233910484,0.13602973234181975,0.1360297323517465,0.1360297323716659,0.1360297323517465,0.13602973234181961,0.13602973233910484,0.1360297323445347,0.1360297323517465,0.1360297323445347,0.13602973233910484,0.1360297323363119,0.13602973233910484,0.13602973234181961,0.13602973233910484,0.1360297323363119,0.13503425181207926,0.13503425181381745,0.13503425181524736,0.13503425181381745,0.13503425181207926,0.13503425181381745,0.13503425181660111,0.1350342518193498,0.13503425181660111,0.13503425181381745,0.13503425181524736,0.1350342518193498,0.13503425182433157,0.1350342518193498,0.13503425181524736,0.13503425181381745,0.13503425181660111,0.1350342518193498,0.13503425181660111,0.13503425181381745,0.13503425181207926,0.13503425181381745,0.13503425181524736,0.13503425181381745,0.13503425181207926
0.16533248788537097,0.16533248788537075,0.1653324878853705,0.16533248788537075,0.16533248788537097,0.16533248788537075,0.1653324878853705,0.16533248788537025,0.1653324878853705,0.16533248788537075,0.1653324878853705,0.16533248788537025,0.16533248788537003,0.16533248788537025,0.1653324878853705,0.16533248788537075,0.1653324878853705,0.16533248788537025,0.1653324878853705,0.16533248788537075,0.16533248788537097,0.16533248788537075,0.1653324878853705,0.16533248788537075,0.16533248788537097,0.16375749416458638,0.16375749416458565,0.16375749416458546,0.16375749416458565,0.16375749416458638,0.16375749416458565,0.163757494164585,0.16375749416458452,0.163757494164585,0.16375749416458565,0.16375749416458546,0.16375749416458452,0.16375749416458407,0.16375749416458452,0.16375749416458546,0.16375749416458565,0.163757494164585,0.16375749416458452,0.163757494164585,0.16375749416458565,0.16375749416458638,0.16375749416458565,0.16375749416458546,0.16375749416458565,0.16375749416458638,0.16221388437573792,0.1622138843757359,0.1622138843757345,0.1622138843757359,0.16221388437573792,0.1622138843757359,0.16221388437573359,0.16221388437573223,0.16221388437573359,0.1622138843757359,0.1622138843757345,0.16221388437573223,0.16221388437573067,0.16221388437573223,0.1622138843757345,0.1622138843757359,0.16221388437573359,0.16221388437573223,0.16221388437573359,0.1622138843757359,0.16221388437573792,0.1622138843757359,0.1622138843757345,0.1622138843757359,0.16221388437573792,0.16070106747586846,0.16070106747586224,0.16070106747585802,0.16070106747586224,0.16070106747586846,0.16070106747586224,0.1607010674758551,0.1607010674758507,0.1607010674758551,0.16070106747586224,0.16070106747585802,0.1607010674758507,0.1607010674758458,0.1607010674758507,0.16070106747585824,0.16070106747586224,0.1607010674758551,0.1607010674758507,0.1607010674758551,0.16070106747586224,0.16070106747586846,0.16070106747586224,0.16070106747585824,0.16070106747586224,0.16070106747586846,0.159218451839965,0.15921845183994604,0.15921845183993388,0.15921845183994604,0.159218451839965,0.15921845183994604,0.1592184518399245,0.15921845183990993,0.1592184518399245,0.15921845183994604,0.15921845183993388,0.15921845183990993,0.15921845183989403,0.15921845183990993,0.15921845183993388,0.15921845183994604,0.1592184518399245,0.15921845183990993,0.1592184518399245,0.15921845183994604,0.159218451839965,0.15921845183994604,0.15921845183993388,0.15921845183994604,0.159218451839965,0.15776544661282046,0.1577654466127652,0.1577654466127283,0.1577654466127652,0.15776544661282046,0.1577654466127652,0.15776544661269842,0.1577654466126521,0.15776544661269842,0.1577654466127652,0.1577654466127283,0.1577654466126521,0.15776544661259792,0.1577654466126521,0.1577654466127283,0.1577654466127652,0.15776544661269842,0.1577654466126521,0.15776544661269842,0.1577654466127652,0.15776544661282046,0.1577654466127652,0.1577654466127283,0.1577654466127652,0.15776544661282046,0.15634146292338943,0.15634146292323217,0.1563414629231226,0.15634146292323217,0.15634146292338943,0.15634146292323217,0.15634146292302936,0.15634146292287818,0.15634146292302936,0.15634146292323217,0.1563414629231226,0.15634146292287818,0.1563414629226862,0.15634146292287818,0.1563414629231226,0.15634146292323217,0.15634146292302936,0.15634146292287818,0.15634146292302936,0.15634146292323217,0.15634146292338943,0.15634146292323217,0.1563414629231226,0.15634146292323217,0.15634146292338943,0.15494591497193577,0.1549459149715097,0.15494591497119184,0.1549459149715097,0.15494591497193577,0.1549459149715097,0.15494591497090596,0.15494591497040122,0.15494591497090596,0.1549459149715097,0.15494591497119184,0.15494591497040122,0.15494591496966492,0.15494591497040122,0.15494591497119184,0.1549459149715097,0.15494591497090596,0.15494591497040122,0.15494591497090596,0.1549459149715097,0.15494591497193577,0.1549459149715097,0.15494591497119184,0.1549459149715097,0.15494591497193577,0.153578220999749,0.1535782209986805,0.15357822099779778,0.1535782209986805,0.153578220999749,0.1535782209986805,0.1535782209969609,0.15357822099524848,0.1535782209969609,0.1535782209986805,0.15357822099779778,0.15357822099524848,0.15357822099211393,0.15357822099524848,0.15357822099779778,0.1535782209986805,0.1535782209969609,0.15357822099524848,0.1535782209969609,0.1535782209986805,0.153578220999749,0.1535782209986805,0.15357822099779778,0.1535782209986805,0.153578220999749,0.15223780415068078,0.15223780414833443,0.15223780414609994,0.15223780414833443,0.15223780415068078,0.15223780414833443,0.15223780414387741,0.15223780413816732,0.15223780414387741,0.15223780414833443,0.15223780414609994,0.15223780413816732,0.1522378041230896,0.15223780413816732,0.15223780414609994,0.15223780414833443,0.15223780414387741,0.15223780413816732,0.15223780414387741,0.15223780414833443,0.15223780415068078,0.15223780414833443,0.15223780414609994,0.15223780414833443,0.15223780415068078,0.15092409323300518,0.15092409322900036,0.1509240932244787,0.15092409322900036,0.15092409323300518,0.15092409322900036,0.15092409321983513,0.15092409320329628,0.15092409321983513,0.15092409322900036,0.1509240932244787,0.15092409320329628,0.15092409312116584,0.15092409320329628,0.1509240932244787,0.15092409322900036,0.15092409321983513,0.15092409320329628,0.15092409321983513,0.15092409322900036,0.15092409323300518,0.15092409322900036,0.1509240932244787,0.15092409322900036,0.15092409323300518,0.14963652338849825,0.1496365233845396,0.1496365233802368,0.1496365233845396,0.14963652338849825,0.1496365233845396,0.14963652337583322,0.14963652336137492,0.14963652337583322,0.1496365233845396,0.1496365233802368,0.14963652336137492,0.14963652329868382,0.14963652336137492,0.1496365233802368,0.1496365233845396,0.14963652337583322,0.14963652336137492,0.14963652337583322,0.1496365233845396,0.14963652338849825,0.1496365233845396,0.1496365233802368,0.1496365233845396,0.14963652338849825,0.14837453667356257,0.14837453667082098,0.1483745366679858,0.14837453667082098,0.14837453667356257,0.14837453667082098,0.14837453666511355,0.14837453665630224,0.14837453666511355,0.14837453667082098,0.1483745366679858,0.14837453665630224,0.14837453662079675,0.14837453665630224,0.1483745366679858,0.14837453667082098,0.14837453666511355,0.14837453665630224,0.14837453666511355,0.14837453667082098,0.14837453667356257,0.14837453667082098,0.1483745366679858,0.14837453667082098,0.14837453667356257,0.1471375825686192,0.14713758256743806,0.14713758256630888,0.14713758256743806,0.1471375825686192,0.14713758256743806,0.14713758256518952,0.14713758256209808,0.14713758256518952,0.14713758256743806,0.14713758256630888,0.14713758256209808,0.1471375825510993,0.14713758256209808,0.14713758256630888,0.14713758256743806,0.14713758256518952,0.14713758256209808,0.14713758256518952,0.14713758256743806,0.1471375825686192,0.14713758256743806,0.14713758256630888,0.14713758256743806,0.1471375825686192,0.14592511841761072,0.14592511841784006,0.14592511841818728,0.14592511841784006,0.14592511841761072,0.14592511841784006,0.14592511841856834,0.14592511842016806,0.14592511841856834,0.14592511841784006,0.14592511841818728,0.14592511842016806,0.14592511842862133,0.14592511842016806,0.14592511841818728,0.14592511841784006,0.14592511841856834,0.14592511842016806,0.14592511841856834,0.14592511841784006,0.14592511841761072,0.14592511841784006,0.14592511841818728,0.14592511841784006,0.14592511841761072,0.144736609802465,0.14473660980372313,0.14473660980511205,0.14473660980372313,0.144736609802465,0.14473660980372313,0.14473660980654177,0.14473660981128988,0.14473660980654177,0.14473660980372313,0.14473660980511205,0.14473660981128988,0.14473660983223044,0.14473660981128988,0.14473660980511205,0.14473660980372313,0.14473660980654177,0.14473660981128988,0.14473660980654177,0.14473660980372313,0.144736609802465,0.14473660980372313,0.14473660980511205,0.14473660980372313,0.144736609802465,0.14357153085834487,0.14357153086019855,0.1435715308621783,0.14357153086019855,0.14357153085834487,0.14357153086019855,0.14357153086419744,0.1435715308706944,0.14357153086419744,0.14357153086019855,0.1435715308621783,0.1435715308706944,0.1435715308984972,0.1435715308706944,0.1435715308621783,0.14357153086019855,0.14357153086419744,0.1435715308706944,0.14357153086419744,0.14357153086019855,0.14357153085834487,0.14357153086019855,0.1435715308621783,0.14357153086019855,0.14357153085834487,0.14242936453514132,0.14242936453716842,0.14242936453930224,0.14242936453716842,0.14242936453514132,0.14242936453716842,0.1424293645414659,0.14242936454839492,0.1424293645414659,0.14242936453716842,0.14242936453930224,0.14242936454839492,0.14242936457825708,0.14242936454839492,0.14242936453930224,0.14242936453716842,0.1424293645414659,0.14242936454839492,0.1424293645414659,0.14242936453716842,0.14242936453514132,0.14242936453716842,0.14242936453930224,0.14242936453716842,0.14242936453514132,0.14130960281034008,0.14130960281218224,0.14130960281403906,0.14130960281218224,0.14130960281034008,0.14130960281218224,0.14130960281589836,0.14130960282156568,0.14130960281589836,0.14130960281218224,0.14130960281403906,0.14130960282156568,0.14130960284472457,0.14130960282156568,0.14130960281403906,0.14130960281218224,0.14130960281589836,0.14130960282156568,0.14130960281589836,0.14130960281218224,0.14130960281034008,0.14130960281218224,0.14130960281403906,0.14130960281218224,0.14130960281034008,0.14021174685781024,0.14021174685941795,0.1402117468609113,0.14021174685941795,0.14021174685781024,0.14021174685941795,0.14021174686237065,0.14021174686637197,0.14021174686237065,0.14021174685941795,0.1402117468609113,0.14021174686637197,0.14021174688116855,0.14021174686637197,0.1402117468609113,0.14021174685941795,0.14021174686237065,0.14021174686637197,0.14021174686237065,0.14021174685941795,0.14021174685781024,0.14021174685941795,0.1402117468609113,0.14021174685941795,0.14021174685781024,0.1391353071763037,0.1391353071780649,0.13913530717956776,0.1391353071780649,0.1391353071763037,0.1391353071780649,0.1391353071810121,0.13913530718411632,0.1391353071810121,0.1391353071780649,0.13913530717956776,0.13913530718411632,0.1391353071904422,0.13913530718411632,0.13913530717956776,0.1391353071780649,0.1391353071810121,0.13913530718411632,0.1391353071810121,0.1391353071780649,0.1391353071763037,0.1391353071780649,0.13913530717956776,0.1391353071780649,0.1391353071763037,0.13807980368176145,0.13807980368454023,0.1380798036872364,0.13807980368454023,0.13807980368176145,0.13807980368454023,0.13807980368993553,0.13807980369703254,0.13807980368993553,0.13807980368454023,0.1380798036872364,0.13807980369703254,0.1380798037163352,0.13807980369703254,0.1380798036872364,0.13807980368454023,0.13807980368993553,0.13807980369703254,0.13807980368993536,0.13807980368454023,0.13807980368176145,0.13807980368454023,0.1380798036872364,0.13807980368454023,0.13807980368176145,0.13704476576716468,0.13704476577122796,0.13704476577607227,0.13704476577122796,0.13704476576716468,0.13704476577122796,0.13704476578107483,0.13704476580056985,0.13704476578107483,0.13704476577122796,0.13704476577607227,0.13704476580056985,0.13704476590788534,0.13704476580056985,0.13704476577607227,0.13704476577122796,0.13704476578107483,0.13704476580056985,0.13704476578107483,0.13704476577122796,0.13704476576716468,0.13704476577122796,0.13704476577607227,0.13704476577122796,0.13704476576716468,0.13602973233550106,0.13602973233828564,0.13602973234099267,0.13602973233828564,0.13602973233550106,0.13602973233828564,0.13602973234369983,0.13602973235089064,0.13602973234369983,0.13602973233828564,0.13602973234099267,0.13602973235089064,0.1360297323707525,0.13602973235089064,0.13602973234099267,0.13602973233828564,0.13602973234369983,0.13602973235089064,0.13602973234369983,0.13602973233828564,0.13602973233550106,0.13602973233828564,0.13602973234099267,0.13602973233828564,0.13602973233550106,0.1350342518112736,0.1350342518130067,0.13503425181443238,0.1350342518130067,0.1350342518112736,0.1350342518130067,0.13503425181578216,0.13503425181852297,0.13503425181578216,0.1350342518130067,0.13503425181443238,0.13503425181852297,0.13503425182349044,0.13503425181852297,0.13503425181443238,0.1350342518130067,0.13503425181578216,0.13503425181852297,0.13503425181578216,0.1350342518130067,0.1350342518112736,0.1350342518130067,0.13503425181443238,0.1350342518130067,0.1350342518112736
0.16533248788590288,0.16533248788590263,0.1653324878859024,0.16533248788590263,0.16533248788590288,0.16533248788590263,0.16533248788590219,0.16533248788590219,0.16533248788590219,0.16533248788590263,0.1653324878859024,0.16533248788590219,0.16533248788590194,0.16533248788590219,0.1653324878859024,0.16533248788590263,0.16533248788590219,0.16533248788590219,0.16533248788590219,0.16533248788590263,0.16533248788590288,0.16533248788590263,0.1653324878859024,0.16533248788590263,0.16533248788590288,0.1637574941651075,0.16375749416510674,0.16375749416510652,0.16375749416510674,0.1637574941651075,0.16375749416510674,0.16375749416510607,0.1637574941651056,0.16375749416510607,0.16375749416510674,0.16375749416510652,0.1637574941651056,0.16375749416510516,0.1637574941651056,0.16375749416510652,0.16375749416510674,0.16375749416510607,0.1637574941651056,0.16375749416510607,0.16375749416510674,0.1637574941651075,0.16375749416510674,0.16375749416510652,0.16375749416510674,0.1637574941651075,0.16221388437624837,0.16221388437624634,0.16221388437624498,0.16221388437624634,0.16221388437624837,0.16221388437624634,0.16221388437624407,0.16221388437624273,0.16221388437624407,0.16221388437624634,0.16221388437624498,0.16221388437624273,0.16221388437624115,0.16221388437624273,0.16221388437624498,0.16221388437624634,0.16221388437624407,0.16221388437624273,0.16221388437624407,0.16221388437624634,0.16221388437624837,0.16221388437624634,0.16221388437624498,0.16221388437624634,0.16221388437624837,0.16070106747636853,0.1607010674763623,0.1607010674763583,0.1607010674763623,0.16070106747636853,0.1607010674763623,0.1607010674763554,0.16070106747635074,0.1607010674763554,0.1607010674763623,0.1607010674763583,0.16070106747635074,0.16070106747634608,0.16070106747635074,0.1607010674763583,0.1607010674763623,0.1607010674763554,0.16070106747635074,0.1607010674763554,0.1607010674763623,0.16070106747636853,0.1607010674763623,0.1607010674763583,0.1607010674763623,0.16070106747636853,0.15921845184045466,0.15921845184043595,0.15921845184042374,0.15921845184043595,0.15921845184045466,0.15921845184043595,0.15921845184041436,0.1592184518403998,0.15921845184041436,0.15921845184043595,0.15921845184042374,0.1592184518403998,0.15921845184038388,0.1592184518403998,0.15921845184042374,0.15921845184043595,0.15921845184041436,0.1592184518403998,0.15921845184041436,0.15921845184043595,0.15921845184045466,0.15921845184043595,0.15921845184042374,0.15921845184043595,0.15921845184045466,0.15776544661329991,0.15776544661324465,0.15776544661320793,0.15776544661324465,0.15776544661329991,0.15776544661324465,0.15776544661317807,0.15776544661313177,0.15776544661317807,0.15776544661324465,0.15776544661320793,0.15776544661313177,0.15776544661307798,0.15776544661313177,0.15776544661320793,0.15776544661324465,0.15776544661317807,0.15776544661313177,0.15776544661317807,0.15776544661324465,0.15776544661329991,0.15776544661324465,0.15776544661320793,0.15776544661324465,0.15776544661329991,0.15634146292385845,0.15634146292370163,0.15634146292359227,0.15634146292370163,0.15634146292385845,0.15634146292370163,0.15634146292349924,0.15634146292334822,0.15634146292349924,0.15634146292370163,0.15634146292359227,0.15634146292334822,0.1563414629231569,0.15634146292334822,0.15634146292359227,0.15634146292370163,0.15634146292349924,0.15634146292334822,0.15634146292349924,0.15634146292370163,0.15634146292385845,0.15634146292370163,0.15634146292359227,0.15634146292370163,0.15634146292385845,0.15494591497239338,0.15494591497196855,0.1549459149716515,0.15494591497196855,0.15494591497239338,0.15494591497196855,0.15494591497136623,0.15494591497086294,0.15494591497136623,0.15494591497196855,0.1549459149716515,0.15494591497086294,0.15494591497012825,0.15494591497086294,0.1549459149716515,0.15494591497196855,0.15494591497136623,0.15494591497086294,0.15494591497136623,0.15494591497196855,0.15494591497239338,0.15494591497196855,0.1549459149716515,0.15494591497196855,0.15494591497239338,0.15357822100019325,0.15357822099912757,0.15357822099824708,0.15357822099912757,0.15357822100019325,0.15357822099912757,0.1535782209974124,0.1535782209957042,0.1535782209974124,0.15357822099912757,0.15357822099824708,0.1535782209957042,0.15357822099257748,0.1535782209957042,0.15357822099824708,0.15357822099912757,0.1535782209974124,0.1535782209957042,0.1535782209974124,0.15357822099912757,0.15357822100019325,0.15357822099912757,0.15357822099824708,0.15357822099912757,0.15357822100019325,0.15223780415110597,0.15223780414876592,0.15223780414653731,0.15223780414876592,0.15223780415110597,0.15223780414876592,0.1522378041443205,0.15223780413862475,0.1522378041443205,0.15223780414876592,0.15223780414653731,0.15223780413862475,0.15223780412358368,0.15223780413862475,0.15223780414653731,0.15223780414876592,0.1522378041443205,0.15223780413862475,0.1522378041443205,0.15223780414876592,0.15223780415110597,0.15223780414876592,0.15223780414653731,0.15223780414876592,0.15223780415110597,0.15092409323339798,0.15092409322940473,0.15092409322489522,0.15092409322940473,0.15092409323339798,0.15092409322940473,0.15092409322026418,0.15092409320376762,0.15092409322026418,0.15092409322940473,0.15092409322489522,0.15092409320376762,0.1509240931218013,0.15092409320376762,0.15092409322489522,0.15092409322940473,0.15092409322026418,0.15092409320376762,0.15092409322026418,0.15092409322940473,0.15092409323339798,0.15092409322940473,0.15092409322489522,0.15092409322940473,0.15092409323339798,0.14963652338883482,0.14963652338488997,0.14963652338060154,0.14963652338488997,0.14963652338883482,0.14963652338488997,0.14963652337621253,0.1496365233618002,0.14963652337621253,0.14963652338488997,0.14963652338060154,0.1496365233618002,0.14963652329929777,0.1496365233618002,0.14963652338060154,0.14963652338488997,0.14963652337621253,0.1496365233618002,0.14963652337621253,0.14963652338488997,0.14963652338883482,0.14963652338488997,0.14963652338060154,0.14963652338488997,0.14963652338883482,0.14837453667381426,0.14837453667108602,0.1483745366682651,0.14837453667108602,0.14837453667381426,0.14837453667108602,0.1483745366654075,0.14837453665664138,0.1483745366654075,0.14837453667108602,0.1483745366682651,0.14837453665664138,0.14837453662129602,0.14837453665664138,0.1483745366682651,0.14837453667108602,0.1483745366654075,0.14837453665664138,0.1483745366654075,0.14837453667108602,0.14837453667381426,0.14837453667108602,0.1483745366682651,0.14837453667108602,0.14837453667381426,0.1471375825687567,0.14713758256758666,0.14713758256646964,0.14713758256758666,0.1471375825687567,0.14713758256758666,0.14713758256536263,0.14713758256231244,0.14713758256536263,0.14713758256758666,0.14713758256646964,0.14713758256231244,0.14713758255147497,0.14713758256231244,0.14713758256646964,0.14713758256758666,0.14713758256536263,0.14713758256231244,0.14713758256536263,0.14713758256758666,0.1471375825687567,0.14713758256758666,0.14713758256646964,0.14713758256758666,0.1471375825687567,0.14592511841760963,0.14592511841784434,0.14592511841819725,0.14592511841784434,0.14592511841760963,0.14592511841784434,0.1459251184185842,0.1459251184202037,0.1459251184185842,0.14592511841784434,0.14592511841819725,0.1459251184202037,0.14592511842878655,0.1459251184202037,0.14592511841819725,0.14592511841784434,0.1459251184185842,0.1459251184202037,0.1459251184185842,0.14592511841784434,0.14592511841760963,0.14592511841784434,0.14592511841819725,0.14592511841784434,0.14592511841760963,0.14473660980231226,0.1447366098035683,0.14473660980495495,0.1447366098035683,0.14473660980231226,0.1447366098035683,0.14473660980638242,0.14473660981112146,0.14473660980638242,0.1447366098035683,0.14473660980495495,0.14473660981112146,0.14473660983197736,0.14473660981112146,0.14473660980495495,0.1447366098035683,0.14473660980638242,0.14473660981112146,0.14473660980638242,0.1447366098035683,0.14473660980231226,0.1447366098035683,0.14473660980495495,0.1447366098035683,0.14473660980231226,0.1435715308580425,0.14357153085988797,0.14357153086185903,0.14357153085988797,0.1435715308580425,0.14357153085988797,0.14357153086386923,0.14357153087033833,0.14357153086386923,0.14357153085988797,0.14357153086185903,0.14357153087033833,0.1435715308980405,0.14357153087033833,0.14357153086185903,0.14357153085988797,0.14357153086386923,0.14357153087033833,0.14357153086386923,0.14357153085988797,0.1435715308580425,0.14357153085988797,0.14357153086185903,0.14357153085988797,0.1435715308580425,0.1424293645347043,0.14242936453671853,0.1424293645388379,0.14242936453671853,0.1424293645347043,0.14242936453671853,0.14242936454098695,0.142429364547866,0.14242936454098695,0.14242936453671853,0.1424293645388379,0.142429364547866,0.1424293645775118,0.142429364547866,0.1424293645388379,0.14242936453671853,0.14242936454098695,0.142429364547866,0.14242936454098695,0.14242936453671853,0.1424293645347043,0.14242936453671853,0.1424293645388379,0.14242936453671853,0.1424293645347043,0.14130960280979338,0.14130960281162225,0.1413096028134649,0.14130960281162225,0.14130960280979338,0.14130960281162225,0.14130960281530958,0.14130960282092803,0.14130960281530958,0.14130960281162225,0.1413096028134649,0.14130960282092803,0.14130960284385374,0.14130960282092803,0.1413096028134649,0.14130960281162225,0.14130960281530958,0.14130960282092803,0.14130960281530958,0.14130960281162225,0.14130960280979338,0.14130960281162225,0.1413096028134649,0.14130960281162225,0.14130960280979338,0.1402117468571791,0.14021174685877727,0.14021174686026164,0.14021174685877727,0.1402117468571791,0.14021174685877727,0.14021174686171192,0.1402117468656889,0.14021174686171192,0.14021174685877727,0.14021174686026164,0.1402117468656889,0.14021174688042645,0.1402117468656889,0.14021174686026164,0.14021174685877727,0.14021174686171192,0.1402117468656889,0.14021174686171192,0.14021174685877727,0.1402117468571791,0.14021174685877727,0.14021174686026164,0.14021174685877727,0.1402117468571791,0.13913530717560643,0.1391353071773604,0.13913530717885692,0.1391353071773604,0.13913530717560643,0.1391353071773604,0.13913530718029524,0.13913530718338665,0.13913530718029524,0.1391353071773604,0.13913530717885692,0.13913530718338665,0.1391353071896866,0.13913530718338665,0.13913530717885692,0.1391353071773604,0.13913530718029524,0.13913530718338665,0.13913530718029524,0.1391353071773604,0.13913530717560643,0.1391353071773604,0.13913530717885692,0.1391353071773604,0.13913530717560643,0.13807980368101228,0.1380798036837821,0.13807980368647005,0.1380798036837821,0.13807980368101228,0.1380798036837821,0.13807980368916062,0.1380798036962364,0.13807980368916062,0.1380798036837821,0.13807980368647005,0.1380798036962364,0.13807980371548248,0.1380798036962364,0.13807980368647005,0.1380798036837821,0.13807980368916062,0.1380798036962364,0.13807980368916062,0.1380798036837821,0.13807980368101228,0.1380798036837821,0.13807980368647005,0.1380798036837821,0.1380798036810121,0.13704476576638075,0.13704476577043204,0.1370447657752623,0.13704476577043204,0.1370447657663806,0.13704476577043204,0.13704476578025063,0.13704476579968983,0.13704476578025063,0.13704476577043204,0.1370447657752623,0.13704476579968983,0.13704476590669135,0.13704476579968983,0.1370447657752623,0.13704476577043204,0.13704476578025063,0.13704476579968983,0.13704476578025063,0.13704476577043204,0.1370447657663806,0.13704476577043204,0.1370447657752623,0.13704476577043204,0.1370447657663806,0.13602973233470617,0.1360297323374827,0.13602973234018198,0.1360297323374827,0.13602973233470605,0.1360297323374827,0.13602973234288124,0.13602973235005164,0.13602973234288124,0.1360297323374827,0.13602973234018198,0.13602973235005164,0.136029732369857,0.13602973235005164,0.13602973234018184,0.1360297323374827,0.13602973234288124,0.13602973235005164,0.13602973234288124,0.1360297323374827,0.13602973233470605,0.1360297323374827,0.13602973234018184,0.1360297323374827,0.13602973233470605,0.13503425181048379,0.1350342518122119,0.13503425181363365,0.1350342518122119,0.13503425181048379,0.1350342518122119,0.13503425181497947,0.13503425181771253,0.1350342518149796,0.1350342518122119,0.13503425181363365,0.13503425181771253,0.13503425182266576,0.13503425181771253,0.13503425181363365,0.1350342518122119,0.1350342518149796,0.13503425181771253,0.1350342518149796,0.1350342518122119,0.13503425181048379,0.1350342518122119,0.13503425181363365,0.1350342518122119,0.13503425181048379
0.16533248788642396,0.1653324878864237,0.16533248788642346,0.1653324878864237,0.16533248788642396,0.1653324878864237,0.16533248788642324,0.16533248788642324,0.16533248788642324,0.1653324878864237,0.16533248788642346,0.16533248788642324,0.165332487886423,0.16533248788642324,0.16533248788642346,0.1653324878864237,0.16533248788642324,0.16533248788642324,0.16533248788642324,0.1653324878864237,0.16533248788642396,0.1653324878864237,0.16533248788642346,0.1653324878864237,0.16533248788642396,0.16375749416561816,0.16375749416561747,0.163757494165617,0.16375749416561747,0.16375749416561816,0.16375749416561747,0.16375749416561677,0.1637574941656163,0.16375749416561677,0.16375749416561747,0.163757494165617,0.1637574941656163,0.16375749416561583,0.1637574941656163,0.163757494165617,0.16375749416561747,0.16375749416561677,0.1637574941656163,0.16375749416561677,0.16375749416561747,0.16375749416561816,0.16375749416561747,0.163757494165617,0.16375749416561747,0.16375749416561816,0.16221388437674866,0.16221388437674664,0.16221388437674528,0.16221388437674664,0.16221388437674866,0.16221388437674664,0.16221388437674436,0.162213884376743,0.16221388437674436,0.16221388437674664,0.16221388437674528,0.162213884376743,0.1622138843767416,0.162213884376743,0.16221388437674528,0.16221388437674664,0.16221388437674436,0.162213884376743,0.16221388437674436,0.16221388437674664,0.16221388437674866,0.16221388437674664,0.16221388437674528,0.16221388437674664,0.16221388437674866,0.16070106747685858,0.16070106747685237,0.16070106747684837,0.16070106747685237,0.16070106747685858,0.16070106747685237,0.16070106747684548,0.16070106747684104,0.16070106747684548,0.16070106747685237,0.16070106747684837,0.16070106747684104,0.16070106747683613,0.16070106747684104,0.16070106747684837,0.16070106747685237,0.16070106747684548,0.16070106747684104,0.16070106747684548,0.16070106747685237,0.16070106747685858,0.16070106747685237,0.16070106747684837,0.16070106747685237,0.16070106747685858,0.15921845184093472,0.15921845184091601,0.1592184518409038,0.15921845184091601,0.15921845184093472,0.15921845184091601,0.15921845184089445,0.15921845184088004,0.15921845184089445,0.15921845184091601,0.1592184518409038,0.15921845184088004,0.15921845184086394,0.15921845184088004,0.1592184518409038,0.15921845184091601,0.15921845184089445,0.15921845184088004,0.15921845184089445,0.15921845184091601,0.15921845184093472,0.15921845184091601,0.1592184518409038,0.15921845184091601,0.15921845184093472,0.15776544661376973,0.1577654466137147,0.157765446613678,0.1577654466137147,0.15776544661376973,0.1577654466137147,0.15776544661364833,0.15776544661360223,0.15776544661364833,0.1577654466137147,0.157765446613678,0.15776544661360223,0.1577654466135485,0.15776544661360223,0.157765446613678,0.1577654466137147,0.15776544661364833,0.15776544661360223,0.15776544661364833,0.1577654466137147,0.15776544661376973,0.1577654466137147,0.157765446613678,0.1577654466137147,0.15776544661376973,0.15634146292431808,0.15634146292416146,0.15634146292405252,0.15634146292416146,0.15634146292431808,0.15634146292416146,0.15634146292395965,0.15634146292380913,0.15634146292395965,0.15634146292416146,0.15634146292405252,0.15634146292380913,0.1563414629236182,0.15634146292380913,0.15634146292405252,0.15634146292416146,0.15634146292395965,0.15634146292380913,0.15634146292395965,0.15634146292416146,0.15634146292431808,0.15634146292416146,0.15634146292405252,0.15634146292416146,0.15634146292431808,0.15494591497284196,0.15494591497241836,0.15494591497210194,0.15494591497241836,0.15494591497284196,0.15494591497241836,0.1549459149718175,0.15494591497131543,0.1549459149718175,0.15494591497241836,0.15494591497210194,0.15494591497131543,0.1549459149705826,0.15494591497131543,0.15494591497210194,0.15494591497241836,0.1549459149718175,0.15494591497131543,0.1549459149718175,0.15494591497241836,0.15494591497284196,0.15494591497241836,0.15494591497210194,0.15494591497241836,0.15494591497284196,0.15357822100062865,0.1535782209995658,0.15357822099868754,0.1535782209995658,0.15357822100062865,0.1535782209995658,0.153578220997855,0.1535782209961511,0.153578220997855,0.1535782209995658,0.15357822099868754,0.1535782209961511,0.15357822099303198,0.1535782209961511,0.15357822099868754,0.1535782209995658,0.153578220997855,0.1535782209961511,0.153578220997855,0.1535782209995658,0.15357822100062865,0.1535782209995658,0.15357822099868754,0.1535782209995658,0.15357822100062865,0.15223780415152266,0.15223780414918894,0.15223780414696603,0.15223780414918894,0.15223780415152266,0.15223780414918894,0.15223780414475493,0.15223780413907315,0.15223780414475493,0.15223780414918894,0.15223780414696603,0.15223780413907315,0.15223780412406848,0.15223780413907315,0.15223780414696603,0.15223780414918894,0.15223780414475493,0.15223780413907315,0.15223780414475493,0.15223780414918894,0.15223780415152266,0.15223780414918894,0.15223780414696603,0.15223780414918894,0.15223780415152266,0.15092409323378303,0.150924093229801,0.15092409322530365,0.150924093229801,0.15092409323378303,0.150924093229801,0.15092409322068495,0.1509240932042298,0.15092409322068495,0.150924093229801,0.15092409322530365,0.1509240932042298,0.1509240931224825,0.1509240932042298,0.15092409322530365,0.150924093229801,0.15092409322068495,0.1509240932042298,0.15092409322068495,0.150924093229801,0.15092409323378303,0.150924093229801,0.15092409322530365,0.150924093229801,0.15092409323378303,0.14963652338916478,0.14963652338523334,0.1496365233809589,0.14963652338523334,0.14963652338916478,0.14963652338523334,0.14963652337658426,0.14963652336221675,0.14963652337658426,0.14963652338523334,0.1496365233809589,0.14963652336221675,0.14963652329987354,0.14963652336221675,0.1496365233809589,0.14963652338523334,0.14963652337658426,0.14963652336221675,0.14963652337658426,0.14963652338523334,0.14963652338916478,0.14963652338523334,0.1496365233809589,0.14963652338523334,0.14963652338916478,0.14837453667406092,0.148374536671346,0.14837453666853884,0.148374536671346,0.14837453667406092,0.148374536671346,0.1483745366656953,0.1483745366569733,0.1483745366656953,0.148374536671346,0.14837453666853884,0.1483745366569733,0.14837453662181996,0.1483745366569733,0.14837453666853884,0.148374536671346,0.1483745366656953,0.1483745366569733,0.1483745366656953,0.148374536671346,0.14837453667406092,0.148374536671346,0.14837453666853884,0.148374536671346,0.14837453667406092,0.1471375825688915,0.14713758256773235,0.14713758256662715,0.14713758256773235,0.1471375825688915,0.14713758256773235,0.1471375825655321,0.14713758256252207,0.1471375825655321,0.14713758256773235,0.14713758256662715,0.14713758256252207,0.14713758255189097,0.14713758256252207,0.14713758256662715,0.14713758256773235,0.1471375825655321,0.14713758256252207,0.1471375825655321,0.14713758256773235,0.1471375825688915,0.14713758256773235,0.14713758256662715,0.14713758256773235,0.1471375825688915,0.14592511841760875,0.1459251184178486,0.1459251184182074,0.1459251184178486,0.14592511841760875,0.1459251184178486,0.1459251184186002,0.14592511842023875,0.1459251184186002,0.1459251184178486,0.1459251184182074,0.14592511842023875,0.1459251184288893,0.14592511842023875,0.1459251184182074,0.1459251184178486,0.1459251184186002,0.14592511842023875,0.1459251184186002,0.1459251184178486,0.14592511841760875,0.1459251184178486,0.1459251184182074,0.1459251184178486,0.14592511841760875,0.14473660980216302,0.14473660980341715,0.14473660980480169,0.14473660980341715,0.14473660980216302,0.14473660980341715,0.1447366098062267,0.14473660981095737,0.1447366098062267,0.14473660980341715,0.14473660980480169,0.14473660981095737,0.1447366098318016,0.14473660981095737,0.14473660980480169,0.14473660980341715,0.1447366098062267,0.14473660981095737,0.1447366098062267,0.14473660980341715,0.14473660980216302,0.14473660980341715,0.14473660980480169,0.14473660980341715,0.14473660980216302,0.1435715308577465,0.14357153085958388,0.1435715308615464,0.14357153085958388,0.1435715308577465,0.14357153085958388,0.14357153086354807,0.1435715308699903,0.14357153086354807,0.14357153085958388,0.1435715308615464,0.1435715308699903,0.14357153089756566,0.1435715308699903,0.1435715308615464,0.14357153085958388,0.14357153086354807,0.1435715308699903,0.14357153086354807,0.14357153085958388,0.1435715308577465,0.14357153085958388,0.1435715308615464,0.14357153085958388,0.1435715308577465,0.1424293645342762,0.14242936453627766,0.14242936453838312,0.14242936453627766,0.1424293645342762,0.14242936453627766,0.1424293645405176,0.1424293645473478,0.1424293645405176,0.14242936453627766,0.14242936453838312,0.1424293645473478,0.14242936457677738,0.1424293645473478,0.14242936453838312,0.14242936453627766,0.1424293645405176,0.1424293645473478,0.1424293645405176,0.14242936453627766,0.1424293645342762,0.14242936453627766,0.14242936453838312,0.14242936453627766,0.1424293645342762,0.1413096028092574,0.14130960281107344,0.1413096028129021,0.14130960281107344,0.1413096028092574,0.14130960281107344,0.14130960281473243,0.14130960282030272,0.14130960281473243,0.14130960281107344,0.1413096028129021,0.14130960282030272,0.1413096028429995,0.14130960282030272,0.1413096028129021,0.14130960281107344,0.14130960281473243,0.14130960282030272,0.14130960281473243,0.14130960281107344,0.1413096028092574,0.14130960281107344,0.1413096028129021,0.14130960281107344,0.1413096028092574,0.1402117468565602,0.1402117468581492,0.14021174685962448,0.1402117468581492,0.1402117468565602,0.1402117468581492,0.1402117468610661,0.1402117468650189,0.1402117468610661,0.1402117468581492,0.14021174685962448,0.1402117468650189,0.14021174687964985,0.1402117468650189,0.14021174685962448,0.1402117468581492,0.1402117468610661,0.1402117468650189,0.1402117468610661,0.1402117468581492,0.1402117468565602,0.1402117468581492,0.14021174685962448,0.1402117468581492,0.1402117468565602,0.13913530717492276,0.13913530717666941,0.1391353071781598,0.13913530717666941,0.13913530717492276,0.13913530717666941,0.13913530717959227,0.1391353071826712,0.13913530717959227,0.13913530717666941,0.1391353071781598,0.1391353071826712,0.1391353071889457,0.1391353071826712,0.1391353071781598,0.13913530717666941,0.13913530717959227,0.1391353071826712,0.13913530717959227,0.13913530717666941,0.13913530717492276,0.13913530717666941,0.1391353071781598,0.13913530717666941,0.13913530717492276,0.13807980368027736,0.13807980368303852,0.13807980368571826,0.13807980368303852,0.13807980368027736,0.13807980368303852,0.13807980368840075,0.1380798036954556,0.13807980368840075,0.13807980368303852,0.13807980368571826,0.1380798036954556,0.13807980371464587,0.13807980369545547,0.13807980368571826,0.13807980368303852,0.13807980368840075,0.13807980369545547,0.13807980368840075,0.13807980368303852,0.13807980368027736,0.13807980368303852,0.13807980368571826,0.13807980368303852,0.13807980368027736,0.13704476576561175,0.1370447657696513,0.13704476577446792,0.1370447657696513,0.13704476576561175,0.1370447657696513,0.1370447657794419,0.13704476579882643,0.1370447657794419,0.1370447657696513,0.13704476577446792,0.13704476579882643,0.13704476590551684,0.13704476579882643,0.13704476577446792,0.1370447657696513,0.1370447657794419,0.13704476579882643,0.1370447657794419,0.1370447657696513,0.13704476576561175,0.1370447657696513,0.13704476577446792,0.1370447657696513,0.13704476576561175,0.13602973233392637,0.136029732336695,0.13602973233938664,0.136029732336695,0.13602973233392637,0.136029732336695,0.1360297323420783,0.13602973234922858,0.1360297323420783,0.136029732336695,0.13602973233938664,0.13602973234922858,0.13602973236897828,0.13602973234922858,0.13602973233938664,0.136029732336695,0.1360297323420783,0.13602973234922858,0.1360297323420783,0.136029732336695,0.13602973233392637,0.136029732336695,0.13602973233938664,0.136029732336695,0.13602973233392637,0.13503425180970902,0.13503425181143228,0.13503425181284992,0.13503425181143228,0.13503425180970902,0.13503425181143228,0.1350342518141921,0.13503425181691728,0.1350342518141921,0.13503425181143228,0.13503425181284992,0.13503425181691728,0.13503425182185663,0.13503425181691742,0.13503425181284992,0.13503425181143228,0.1350342518141921,0.13503425181691742,0.1350342518141921,0.13503425181143228,0.13503425180970902,0.13503425181143228,0.13503425181284992,0.13503425181143228,0.13503425180970902
0.16533248788693533,0.16533248788693508,0.16533248788693486,0.16533248788693508,0.16533248788693533,0.16533248788693508,0.16533248788693464,0.16533248788693464,0.16533248788693464,0.16533248788693508,0.16533248788693486,0.16533248788693464,0.1653324878869344,0.1653324878869344,0.16533248788693486,0.16533248788693508,0.16533248788693464,0.1653324878869344,0.16533248788693464,0.16533248788693508,0.16533248788693533,0.16533248788693508,0.16533248788693486,0.16533248788693508,0.16533248788693533,0.16375749416611934,0.16375749416611865,0.1637574941661182,0.16375749416611865,0.16375749416611934,0.16375749416611865,0.16375749416611796,0.16375749416611748,0.16375749416611796,0.16375749416611865,0.1637574941661182,0.16375749416611748,0.16375749416611704,0.16375749416611748,0.1637574941661182,0.16375749416611865,0.16375749416611796,0.16375749416611748,0.16375749416611796,0.16375749416611865,0.16375749416611934,0.16375749416611865,0.1637574941661182,0.16375749416611865,0.16375749416611934,0.16221388437723966,0.1622138843772376,0.16221388437723624,0.1622138843772376,0.16221388437723966,0.1622138843772376,0.16221388437723533,0.16221388437723397,0.16221388437723533,0.1622138843772376,0.16221388437723624,0.16221388437723397,0.1622138843772324,0.16221388437723397,0.16221388437723624,0.1622138843772376,0.16221388437723533,0.16221388437723397,0.16221388437723533,0.1622138843772376,0.16221388437723966,0.1622138843772376,0.16221388437723624,0.1622138843772376,0.16221388437723966,0.16070106747733956,0.16070106747733331,0.16070106747732935,0.16070106747733331,0.16070106747733956,0.16070106747733331,0.16070106747732643,0.160701067477322,0.16070106747732643,0.16070106747733331,0.16070106747732935,0.160701067477322,0.16070106747731713,0.160701067477322,0.16070106747732935,0.16070106747733331,0.16070106747732643,0.160701067477322,0.16070106747732643,0.16070106747733331,0.16070106747733956,0.16070106747733331,0.16070106747732935,0.16070106747733331,0.16070106747733956,0.15921845184140562,0.15921845184138692,0.15921845184137473,0.15921845184138692,0.15921845184140562,0.15921845184138692,0.15921845184136557,0.159218451841351,0.15921845184136557,0.15921845184138692,0.15921845184137473,0.159218451841351,0.1592184518413351,0.159218451841351,0.15921845184137473,0.15921845184138692,0.15921845184136557,0.159218451841351,0.15921845184136557,0.15921845184138692,0.15921845184140562,0.15921845184138692,0.15921845184137473,0.15921845184138692,0.15921845184140562,0.15776544661423084,0.1577654466141758,0.1577654466141393,0.1577654466141758,0.15776544661423084,0.1577654466141758,0.15776544661410963,0.15776544661406355,0.15776544661410963,0.1577654466141758,0.1577654466141393,0.15776544661406355,0.15776544661400999,0.15776544661406355,0.1577654466141393,0.1577654466141758,0.15776544661410963,0.15776544661406355,0.15776544661410963,0.1577654466141758,0.15776544661423084,0.1577654466141758,0.1577654466141393,0.1577654466141758,0.15776544661423084,0.15634146292476891,0.15634146292461293,0.15634146292450418,0.15634146292461293,0.15634146292476891,0.15634146292461293,0.15634146292441153,0.15634146292426143,0.15634146292441153,0.15634146292461293,0.15634146292450418,0.15634146292426143,0.15634146292407092,0.15634146292426143,0.15634146292450418,0.15634146292461293,0.15634146292441153,0.15634146292426143,0.15634146292441153,0.15634146292461293,0.15634146292476891,0.15634146292461293,0.15634146292450418,0.15634146292461293,0.15634146292476891,0.15494591497328236,0.15494591497285956,0.15494591497254417,0.15494591497285956,0.15494591497328236,0.15494591497285956,0.15494591497226037,0.1549459149717593,0.15494591497226037,0.15494591497285956,0.15494591497254417,0.1549459149717593,0.1549459149710283,0.1549459149717593,0.15494591497254417,0.15494591497285956,0.15494591497226037,0.1549459149717593,0.15494591497226037,0.15494591497285956,0.15494591497328236,0.15494591497285956,0.15494591497254417,0.15494591497285956,0.15494591497328236,0.15357822100105606,0.15357822099999602,0.15357822099911994,0.15357822099999602,0.15357822100105606,0.15357822099999602,0.15357822099828944,0.15357822099658971,0.15357822099828944,0.15357822099999602,0.15357822099911994,0.15357822099658971,0.15357822099347787,0.15357822099658971,0.15357822099911994,0.15357822099999602,0.15357822099828944,0.15357822099658971,0.15357822099828944,0.15357822099999602,0.15357822100105606,0.15357822099999602,0.15357822099911994,0.15357822099999602,0.15357822100105606,0.1522378041519315,0.15223780414960386,0.1522378041473867,0.15223780414960386,0.1522378041519315,0.15223780414960386,0.15223780414518107,0.15223780413951352,0.15223780414518107,0.15223780414960386,0.1522378041473867,0.15223780413951352,0.15223780412454427,0.15223780413951352,0.1522378041473867,0.15223780414960386,0.15223780414518107,0.15223780413951352,0.15223780414518107,0.15223780414960386,0.1522378041519315,0.15223780414960386,0.1522378041473867,0.15223780414960386,0.1522378041519315,0.15092409323416095,0.1509240932301899,0.15092409322570433,0.1509240932301899,0.15092409323416095,0.1509240932301899,0.1509240932210976,0.15092409320468336,0.1509240932210976,0.1509240932301899,0.15092409322570433,0.15092409320468336,0.15092409312314423,0.15092409320468336,0.15092409322570433,0.1509240932301899,0.1509240932210976,0.15092409320468336,0.1509240932210976,0.1509240932301899,0.15092409323416095,0.1509240932301899,0.15092409322570433,0.1509240932301899,0.15092409323416095,0.1496365233894885,0.1496365233855701,0.14963652338130964,0.1496365233855701,0.1496365233894885,0.1496365233855701,0.14963652337694883,0.14963652336262553,0.14963652337694883,0.1496365233855701,0.14963652338130964,0.14963652336262553,0.1496365233004599,0.14963652336262553,0.14963652338130964,0.1496365233855701,0.14963652337694883,0.14963652336262553,0.14963652337694883,0.1496365233855701,0.1496365233894885,0.1496365233855701,0.14963652338130964,0.1496365233855701,0.1496365233894885,0.14837453667430278,0.14837453667160067,0.14837453666880718,0.14837453667160067,0.14837453667430278,0.14837453667160067,0.14837453666597739,0.14837453665729877,0.14837453666597739,0.14837453667160067,0.14837453666880718,0.14837453665729877,0.14837453662234462,0.14837453665729877,0.14837453666880718,0.14837453667160067,0.14837453666597739,0.14837453665729877,0.14837453666597739,0.14837453667160067,0.14837453667430278,0.14837453667160067,0.14837453666880718,0.14837453667160067,0.14837453667430278,0.14713758256902376,0.14713758256787512,0.14713758256678136,0.14713758256787512,0.14713758256902376,0.14713758256787512,0.14713758256569817,0.14713758256272735,0.14713758256569817,0.14713758256787512,0.14713758256678136,0.14713758256272735,0.1471375825522372,0.14713758256272735,0.14713758256678136,0.14713758256787512,0.14713758256569817,0.14713758256272735,0.14713758256569817,0.14713758256787512,0.14713758256902376,0.14713758256787512,0.14713758256678136,0.14713758256787512,0.14713758256902376,0.14592511841760805,0.14592511841785305,0.14592511841821737,0.14592511841785305,0.14592511841760805,0.14592511841785305,0.14592511841861588,0.14592511842027348,0.14592511841861588,0.14592511841785305,0.14592511841821737,0.14592511842027348,0.14592511842901482,0.14592511842027348,0.14592511841821737,0.14592511841785305,0.14592511841861588,0.14592511842027348,0.14592511841861588,0.14592511841785305,0.14592511841760805,0.14592511841785305,0.14592511841821737,0.14592511841785305,0.14592511841760805,0.14473660980201675,0.14473660980326913,0.14473660980465156,0.14473660980326913,0.14473660980201675,0.14473660980326913,0.1447366098060745,0.1447366098107971,0.1447366098060745,0.14473660980326913,0.14473660980465156,0.1447366098107971,0.14473660983159126,0.1447366098107971,0.14473660980465156,0.14473660980326913,0.1447366098060745,0.1447366098107971,0.1447366098060745,0.14473660980326913,0.14473660980201675,0.14473660980326913,0.14473660980465156,0.14473660980326913,0.14473660980201675,0.14357153085745644,0.14357153085928598,0.14357153086124025,0.14357153085928598,0.14357153085745644,0.14357153085928598,0.14357153086323338,0.14357153086964977,0.14357153086323338,0.14357153085928598,0.14357153086124025,0.14357153086964977,0.14357153089712898,0.14357153086964977,0.14357153086124025,0.14357153085928598,0.14357153086323338,0.14357153086964977,0.14357153086323338,0.14357153085928598,0.14357153085745644,0.14357153085928598,0.14357153086124025,0.14357153085928598,0.14357153085745644,0.1424293645338565,0.14242936453584537,0.1424293645379371,0.14242936453584537,0.1424293645338565,0.14242936453584537,0.14242936454005764,0.1424293645468397,0.14242936454005764,0.14242936453584537,0.1424293645379371,0.1424293645468397,0.14242936457604363,0.1424293645468397,0.1424293645379371,0.14242936453584537,0.14242936454005764,0.1424293645468397,0.14242936454005764,0.14242936453584537,0.1424293645338565,0.14242936453584537,0.1424293645379371,0.14242936453584537,0.1424293645338565,0.1413096028087316,0.14130960281053495,0.14130960281234983,0.14130960281053495,0.1413096028087316,0.14130960281053495,0.14130960281416619,0.1413096028196893,0.14130960281416619,0.14130960281053495,0.14130960281234983,0.1413096028196893,0.14130960284216915,0.1413096028196893,0.14130960281234983,0.14130960281053495,0.14130960281416619,0.1413096028196893,0.14130960281416619,0.14130960281053495,0.1413096028087316,0.14130960281053495,0.14130960281234983,0.14130960281053495,0.1413096028087316,0.14021174685595295,0.14021174685753274,0.1402117468589995,0.14021174685753274,0.14021174685595295,0.14021174685753274,0.14021174686043222,0.14021174686436164,0.14021174686043222,0.14021174685753274,0.1402117468589995,0.14021174686436164,0.14021174687893712,0.14021174686436164,0.1402117468589995,0.14021174685753274,0.14021174686043222,0.14021174686436164,0.14021174686043222,0.14021174685753274,0.14021174685595295,0.14021174685753274,0.1402117468589995,0.14021174685753274,0.14021174685595295,0.13913530717425174,0.13913530717599126,0.13913530717747563,0.13913530717599126,0.13913530717425174,0.13913530717599126,0.13913530717890243,0.13913530718196887,0.13913530717890243,0.13913530717599126,0.13913530717747563,0.13913530718196887,0.13913530718821854,0.13913530718196887,0.13913530717747563,0.13913530717599126,0.13913530717890243,0.13913530718196887,0.13913530717890243,0.13913530717599126,0.13913530717425174,0.13913530717599126,0.13913530717747563,0.13913530717599126,0.13913530717425174,0.13807980367955597,0.13807980368230874,0.13807980368498024,0.13807980368230874,0.13807980367955597,0.13807980368230874,0.13807980368765468,0.13807980369468895,0.13807980368765468,0.13807980368230874,0.13807980368498024,0.13807980369468895,0.1380798037138246,0.13807980369468895,0.13807980368498024,0.13807980368230874,0.13807980368765468,0.13807980369468895,0.13807980368765468,0.13807980368230874,0.13807980367955597,0.13807980368230874,0.13807980368498024,0.13807980368230874,0.13807980367955597,0.13704476576485672,0.13704476576888502,0.13704476577368796,0.13704476576888502,0.13704476576485672,0.13704476576888502,0.13704476577864813,0.13704476579797864,0.13704476577864813,0.13704476576888502,0.13704476577368796,0.13704476579797864,0.1370447659043791,0.13704476579797864,0.13704476577368796,0.13704476576888502,0.13704476577864813,0.13704476579797864,0.13704476577864813,0.13704476576888502,0.13704476576485672,0.13704476576888502,0.13704476577368796,0.13704476576888502,0.13704476576485672,0.13602973233316087,0.13602973233592172,0.13602973233860577,0.13602973233592172,0.13602973233316087,0.13602973233592172,0.13602973234128998,0.13602973234842025,0.13602973234128998,0.13602973233592172,0.13602973233860577,0.13602973234842025,0.1360297323681154,0.13602973234842025,0.13602973233860577,0.13602973233592172,0.13602973234128998,0.13602973234842025,0.13602973234128998,0.13602973233592172,0.13602973233316087,0.13602973233592172,0.13602973233860577,0.13602973233592172,0.13602973233316087,0.13503425180894843,0.13503425181066686,0.1350342518120806,0.13503425181066686,0.13503425180894843,0.13503425181066686,0.13503425181341894,0.13503425181613665,0.13503425181341894,0.13503425181066686,0.1350342518120806,0.13503425181613665,0.13503425182106227,0.13503425181613665,0.1350342518120806,0.13503425181066686,0.13503425181341894,0.13503425181613665,0.13503425181341894,0.13503425181066686,0.13503425180894843,0.13503425181066686,0.1350342518120806,0.13503425181066686,0.13503425180894843
0.16533248788743726,0.16533248788743704,0.1653324878874368,0.16533248788743704,0.16533248788743726,0.16533248788743704,0.1653324878874368,0.16533248788743657,0.1653324878874368,0.16533248788743704,0.1653324878874368,0.16533248788743657,0.16533248788743635,0.16533248788743657,0.1653324878874368,0.16533248788743704,0.1653324878874368,0.16533248788743657,0.16533248788743657,0.16533248788743704,0.16533248788743726,0.16533248788743704,0.1653324878874368,0.16533248788743704,0.16533248788743726,0.16375749416661128,0.16375749416661062,0.16375749416661015,0.16375749416661062,0.16375749416661128,0.16375749416661062,0.16375749416660967,0.16375749416660945,0.16375749416660967,0.16375749416661062,0.16375749416661015,0.16375749416660945,0.16375749416660876,0.16375749416660945,0.16375749416661015,0.16375749416661062,0.16375749416660967,0.16375749416660945,0.16375749416660967,0.16375749416661062,0.16375749416661128,0.16375749416661062,0.16375749416661015,0.16375749416661062,0.16375749416661128,0.16221388437772155,0.16221388437771952,0.16221388437771816,0.16221388437771952,0.16221388437772155,0.16221388437771952,0.16221388437771725,0.1622138843777159,0.16221388437771725,0.16221388437771952,0.16221388437771816,0.1622138843777159,0.16221388437771453,0.1622138843777159,0.16221388437771816,0.16221388437771952,0.16221388437771725,0.1622138843777159,0.16221388437771725,0.16221388437771952,0.16221388437772155,0.16221388437771952,0.16221388437771816,0.16221388437771952,0.16221388437772155,0.16070106747781163,0.1607010674778054,0.16070106747780138,0.1607010674778054,0.16070106747781163,0.1607010674778054,0.16070106747779853,0.16070106747779409,0.16070106747779853,0.1607010674778054,0.16070106747780138,0.16070106747779409,0.1607010674777892,0.16070106747779409,0.16070106747780138,0.1607010674778054,0.16070106747779853,0.16070106747779409,0.16070106747779853,0.1607010674778054,0.16070106747781163,0.1607010674778054,0.16070106747780138,0.1607010674778054,0.16070106747781163,0.15921845184186806,0.15921845184184932,0.15921845184183714,0.15921845184184932,0.15921845184186806,0.15921845184184932,0.15921845184182803,0.15921845184181363,0.15921845184182803,0.15921845184184932,0.15921845184183714,0.15921845184181363,0.15921845184179775,0.15921845184181363,0.15921845184183714,0.15921845184184932,0.15921845184182803,0.15921845184181363,0.15921845184182803,0.15921845184184932,0.15921845184186806,0.15921845184184932,0.15921845184183714,0.15921845184184932,0.15921845184186806,0.15776544661468336,0.15776544661462855,0.15776544661459208,0.15776544661462855,0.15776544661468336,0.15776544661462855,0.15776544661456263,0.15776544661451675,0.15776544661456263,0.15776544661462855,0.15776544661459208,0.15776544661451675,0.15776544661446318,0.15776544661451675,0.15776544661459208,0.15776544661462855,0.15776544661456263,0.15776544661451675,0.15776544661456263,0.15776544661462855,0.15776544661468336,0.15776544661462855,0.15776544661459208,0.15776544661462855,0.15776544661468336,0.1563414629252118,0.15634146292505602,0.1563414629249477,0.15634146292505602,0.1563414629252118,0.15634146292505602,0.1563414629248553,0.15634146292470555,0.1563414629248553,0.15634146292505602,0.1563414629249477,0.15634146292470555,0.15634146292451548,0.15634146292470555,0.1563414629249477,0.15634146292505602,0.1563414629248553,0.15634146292470555,0.1563414629248553,0.15634146292505602,0.1563414629252118,0.15634146292505602,0.1563414629249477,0.15634146292505602,0.1563414629252118,0.15494591497371457,0.15494591497329283,0.15494591497297824,0.15494591497329283,0.15494591497371457,0.15494591497329283,0.15494591497269503,0.1549459149721954,0.15494591497269503,0.15494591497329283,0.15494591497297824,0.1549459149721954,0.15494591497146604,0.1549459149721954,0.15494591497297824,0.15494591497329283,0.15494591497269503,0.1549459149721954,0.15494591497269503,0.15494591497329283,0.15494591497371457,0.15494591497329283,0.15494591497297824,0.15494591497329283,0.15494591497371457,0.15357822100147564,0.15357822100041818,0.15357822099954432,0.15357822100041818,0.15357822100147564,0.15357822100041818,0.15357822099871585,0.15357822099702012,0.15357822099871585,0.15357822100041818,0.15357822099954432,0.15357822099702012,0.1535782209939159,0.15357822099702012,0.15357822099954432,0.15357822100041818,0.15357822099871585,0.15357822099702012,0.15357822099871585,0.15357822100041818,0.15357822100147564,0.15357822100041818,0.15357822099954432,0.15357822100041818,0.15357822100147564,0.15223780415233304,0.1522378041500113,0.1522378041477996,0.1522378041500113,0.15223780415233304,0.1522378041500113,0.15223780414559976,0.15223780413994575,0.15223780414559976,0.1522378041500113,0.1522378041477996,0.15223780413994575,0.15223780412501176,0.15223780413994575,0.1522378041477996,0.1522378041500113,0.15223780414559976,0.15223780413994575,0.15223780414559976,0.1522378041500113,0.15223780415233304,0.1522378041500113,0.1522378041477996,0.1522378041500113,0.15223780415233304,0.15092409323453193,0.15092409323057152,0.15092409322609787,0.15092409323057152,0.15092409323453193,0.15092409323057152,0.1509240932215029,0.15092409320512884,0.1509240932215029,0.15092409323057152,0.15092409322609787,0.15092409320512884,0.15092409312377061,0.15092409320512884,0.15092409322609787,0.15092409323057152,0.1509240932215029,0.15092409320512884,0.1509240932215029,0.15092409323057152,0.15092409323453193,0.15092409323057152,0.15092409322609787,0.15092409323057152,0.15092409323453193,0.14963652338980635,0.1496365233859006,0.1496365233816536,0.1496365233859006,0.14963652338980635,0.1496365233859006,0.14963652337730673,0.14963652336302657,0.14963652337730673,0.1496365233859006,0.1496365233816536,0.14963652336302657,0.14963652330103414,0.14963652336302657,0.1496365233816536,0.1496365233859006,0.14963652337730673,0.14963652336302657,0.14963652337730673,0.1496365233859006,0.14963652338980635,0.1496365233859006,0.1496365233816536,0.1496365233859006,0.14963652338980635,0.14837453667454018,0.14837453667185085,0.14837453666907055,0.14837453667185085,0.14837453667454018,0.14837453667185085,0.14837453666625428,0.14837453665761752,0.14837453666625428,0.14837453667185085,0.14837453666907055,0.14837453665761752,0.14837453662283537,0.14837453665761752,0.14837453666907055,0.14837453667185085,0.14837453666625428,0.14837453665761752,0.14837453666625428,0.14837453667185085,0.14837453667454018,0.14837453667185085,0.14837453666907055,0.14837453667185085,0.14837453667454018,0.14713758256915363,0.14713758256801537,0.14713758256693288,0.14713758256801537,0.14713758256915363,0.14713758256801537,0.1471375825658611,0.14713758256292842,0.1471375825658611,0.14713758256801537,0.14713758256693288,0.14713758256292842,0.14713758255263049,0.14713758256292842,0.14713758256693288,0.14713758256801537,0.1471375825658611,0.14713758256292842,0.1471375825658611,0.14713758256801537,0.14713758256915363,0.14713758256801537,0.14713758256693288,0.14713758256801537,0.14713758256915363,0.1459251184176075,0.14592511841785769,0.14592511841822753,0.14592511841785769,0.1459251184176075,0.14592511841785769,0.14592511841863173,0.14592511842030767,0.14592511841863173,0.14592511841785769,0.14592511841822753,0.14592511842030767,0.1459251184291329,0.14592511842030767,0.14592511841822753,0.14592511841785769,0.14592511841863173,0.14592511842030767,0.14592511841863173,0.14592511841785769,0.1459251184176075,0.14592511841785769,0.14592511841822753,0.14592511841785769,0.1459251184176075,0.1447366098018736,0.14473660980312444,0.14473660980450478,0.14473660980312444,0.1447366098018736,0.14473660980312444,0.1447366098059258,0.1447366098106409,0.1447366098059258,0.14473660980312444,0.14473660980450478,0.1447366098106409,0.14473660983139156,0.1447366098106409,0.14473660980450478,0.14473660980312444,0.1447366098059258,0.1447366098106409,0.1447366098059258,0.14473660980312444,0.1447366098018736,0.14473660980312444,0.14473660980450478,0.14473660980312444,0.1447366098018736,0.14357153085717206,0.14357153085899405,0.1435715308609403,0.14357153085899405,0.14357153085717206,0.14357153085899405,0.1435715308629252,0.14357153086931645,0.1435715308629252,0.14357153085899405,0.1435715308609403,0.14357153086931645,0.14357153089670152,0.14357153086931645,0.1435715308609403,0.14357153085899405,0.1435715308629252,0.14357153086931645,0.1435715308629252,0.14357153085899405,0.14357153085717206,0.14357153085899405,0.1435715308609403,0.14357153085899405,0.14357153085717206,0.14242936453344465,0.14242936453542146,0.1424293645374996,0.14242936453542146,0.14242936453344465,0.14242936453542146,0.1424293645396062,0.1424293645463413,0.1424293645396062,0.14242936453542146,0.1424293645374996,0.1424293645463413,0.1424293645753166,0.1424293645463413,0.1424293645374996,0.14242936453542146,0.1424293645396062,0.1424293645463413,0.1424293645396062,0.14242936453542146,0.14242936453344465,0.14242936453542146,0.1424293645374996,0.14242936453542146,0.14242936453344465,0.14130960280821564,0.14130960281000668,0.14130960281180793,0.14130960281000668,0.14130960280821564,0.14130960281000668,0.14130960281361046,0.14130960281908703,0.14130960281361046,0.14130960281000668,0.14130960281180793,0.14130960281908703,0.14130960284134977,0.14130960281908703,0.14130960281180793,0.14130960281000668,0.14130960281361046,0.14130960281908703,0.14130960281361046,0.14130960281000668,0.14130960280821564,0.14130960281000668,0.14130960281180793,0.14130960281000668,0.14130960280821564,0.14021174685535695,0.14021174685692772,0.14021174685838575,0.14021174685692772,0.14021174685535695,0.14021174685692772,0.1402117468598101,0.14021174686371646,0.1402117468598101,0.14021174685692772,0.14021174685838575,0.14021174686371646,0.14021174687819954,0.14021174686371646,0.14021174685838575,0.14021174685692772,0.1402117468598101,0.14021174686371646,0.1402117468598101,0.14021174685692772,0.14021174685535695,0.14021174685692772,0.14021174685838575,0.14021174685692772,0.14021174685535695,0.13913530717359288,0.1391353071753256,0.13913530717680414,0.1391353071753256,0.13913530717359288,0.1391353071753256,0.1391353071782251,0.1391353071812795,0.1391353071782251,0.1391353071753256,0.13913530717680414,0.1391353071812795,0.13913530718750466,0.1391353071812795,0.13913530717680414,0.1391353071753256,0.1391353071782251,0.1391353071812795,0.1391353071782251,0.1391353071753256,0.13913530717359288,0.1391353071753256,0.13913530717680414,0.1391353071753256,0.13913530717359288,0.13807980367884776,0.13807980368159214,0.1380798036842556,0.13807980368159214,0.13807980367884776,0.13807980368159214,0.13807980368692213,0.13807980369393622,0.13807980368692213,0.13807980368159214,0.1380798036842556,0.13807980369393622,0.1380798037130181,0.13807980369393622,0.1380798036842556,0.13807980368159214,0.13807980368692213,0.13807980369393622,0.13807980368692213,0.13807980368159214,0.13807980367884776,0.13807980368159214,0.1380798036842556,0.13807980368159214,0.13807980367884776,0.1370447657641155,0.13704476576813227,0.137044765772922,0.13704476576813227,0.1370447657641155,0.13704476576813227,0.13704476577786845,0.13704476579714592,0.13704476577786845,0.13704476576813227,0.137044765772922,0.13704476579714592,0.13704476590326423,0.13704476579714592,0.137044765772922,0.13704476576813227,0.13704476577786845,0.13704476579714592,0.13704476577786828,0.13704476576813227,0.1370447657641155,0.13704476576813227,0.137044765772922,0.13704476576813227,0.1370447657641155,0.13602973233240906,0.13602973233516233,0.1360297323378389,0.13602973233516233,0.13602973233240906,0.13602973233516233,0.1360297323405158,0.13602973234762655,0.1360297323405158,0.13602973233516233,0.1360297323378389,0.13602973234762655,0.13602973236726787,0.13602973234762655,0.1360297323378389,0.13602973233516233,0.1360297323405158,0.13602973234762655,0.1360297323405158,0.13602973233516233,0.13602973233240906,0.13602973233516233,0.1360297323378389,0.13602973233516233,0.13602973233240906,0.13503425180820144,0.1350342518099152,0.13503425181132495,0.1350342518099152,0.13503425180820144,0.1350342518099152,0.13503425181265968,0.13503425181536993,0.13503425181265968,0.1350342518099152,0.13503425181132495,0.13503425181536993,0.1350342518202821,0.13503425181536993,0.13503425181132495,0.1350342518099152,0.13503425181265968,0.13503425181536993,0.13503425181265968,0.1350342518099152,0.13503425180820144,0.1350342518099152,0.13503425181132495,0.1350342518099152,0.13503425180820144
0.16533248788793026,0.16533248788793,0.16533248788792979,0.16533248788793,0.16533248788793026,0.16533248788793,0.16533248788792979,0.16533248788792956,0.16533248788792979,0.16533248788793,0.16533248788792979,0.16533248788792956,0.1653324878879293,0.16533248788792956,0.16533248788792979,0.16533248788793,0.16533248788792979,0.16533248788792956,0.16533248788792979,0.16533248788793,0.16533248788793026,0.16533248788793,0.16533248788792979,0.16533248788793,0.16533248788793026,0.16375749416709448,0.1637574941670938,0.16375749416709331,0.1637574941670938,0.16375749416709448,0.1637574941670938,0.16375749416709284,0.1637574941670924,0.16375749416709284,0.1637574941670938,0.16375749416709331,0.1637574941670924,0.16375749416709193,0.1637574941670924,0.16375749416709331,0.1637574941670938,0.16375749416709284,0.1637574941670924,0.16375749416709284,0.1637574941670938,0.16375749416709448,0.1637574941670938,0.16375749416709331,0.1637574941670938,0.16375749416709448,0.16221388437819487,0.16221388437819284,0.1622138843781917,0.16221388437819284,0.16221388437819487,0.16221388437819284,0.1622138843781908,0.16221388437818918,0.1622138843781908,0.16221388437819284,0.1622138843781917,0.16221388437818918,0.16221388437818784,0.16221388437818943,0.1622138843781917,0.16221388437819284,0.1622138843781908,0.16221388437818943,0.1622138843781908,0.16221388437819284,0.16221388437819487,0.16221388437819284,0.1622138843781917,0.16221388437819284,0.16221388437819487,0.16070106747827528,0.16070106747826904,0.16070106747826504,0.16070106747826904,0.16070106747827528,0.16070106747826904,0.16070106747826238,0.16070106747825794,0.16070106747826238,0.16070106747826904,0.16070106747826504,0.16070106747825794,0.16070106747825305,0.16070106747825794,0.16070106747826526,0.16070106747826904,0.16070106747826238,0.16070106747825794,0.16070106747826238,0.16070106747826904,0.16070106747827528,0.16070106747826904,0.16070106747826526,0.16070106747826904,0.16070106747827528,0.15921845184232222,0.1592184518423035,0.1592184518422913,0.1592184518423035,0.15921845184232222,0.1592184518423035,0.15921845184228217,0.1592184518422678,0.15921845184228217,0.1592184518423035,0.1592184518422913,0.1592184518422678,0.15921845184225214,0.1592184518422678,0.1592184518422913,0.1592184518423035,0.15921845184228217,0.1592184518422678,0.15921845184228217,0.1592184518423035,0.15921845184232222,0.1592184518423035,0.1592184518422913,0.1592184518423035,0.15921845184232222,0.15776544661512804,0.1577654466150734,0.15776544661503694,0.1577654466150734,0.15776544661512804,0.1577654466150734,0.15776544661500747,0.1577654466149616,0.15776544661500747,0.1577654466150734,0.15776544661503694,0.1577654466149616,0.15776544661490827,0.1577654466149616,0.15776544661503694,0.1577654466150734,0.15776544661500747,0.1577654466149616,0.15776544661500747,0.1577654466150734,0.15776544661512804,0.1577654466150734,0.15776544661503694,0.1577654466150734,0.15776544661512804,0.15634146292564674,0.1563414629254914,0.15634146292538328,0.1563414629254914,0.15634146292564674,0.1563414629254914,0.15634146292529108,0.15634146292514153,0.15634146292529108,0.1563414629254914,0.15634146292538328,0.15634146292514153,0.1563414629249521,0.15634146292514153,0.15634146292538328,0.1563414629254914,0.15634146292529108,0.15634146292514153,0.15634146292529108,0.1563414629254914,0.15634146292564674,0.1563414629254914,0.15634146292538328,0.1563414629254914,0.15634146292564674,0.15494591497413898,0.15494591497371846,0.1549459149734045,0.15494591497371846,0.15494591497413898,0.15494591497371846,0.1549459149731221,0.15494591497262353,0.1549459149731221,0.15494591497371846,0.1549459149734045,0.15494591497262353,0.154945914971896,0.15494591497262353,0.1549459149734045,0.15494591497371846,0.1549459149731221,0.15494591497262353,0.1549459149731221,0.15494591497371846,0.15494591497413898,0.15494591497371846,0.1549459149734045,0.15494591497371846,0.15494591497413898,0.15357822100188775,0.15357822100083293,0.15357822099996127,0.15357822100083293,0.15357822100188775,0.15357822100083293,0.15357822099913482,0.1535782209974431,0.15357822099913482,0.15357822100083293,0.15357822099996127,0.1535782209974431,0.15357822099434612,0.1535782209974431,0.15357822099996127,0.15357822100083293,0.15357822099913482,0.1535782209974431,0.15357822099913482,0.15357822100083293,0.15357822100188775,0.15357822100083293,0.15357822099996127,0.15357822100083293,0.15357822100188775,0.1522378041527275,0.15223780415041172,0.1522378041482055,0.15223780415041172,0.1522378041527275,0.15223780415041172,0.15223780414601096,0.15223780414037033,0.15223780414601096,0.15223780415041172,0.1522378041482055,0.15223780414037033,0.15223780412547097,0.15223780414037033,0.1522378041482055,0.15223780415041172,0.15223780414601096,0.15223780414037033,0.15223780414601096,0.15223780415041172,0.1522378041527275,0.15223780415041172,0.1522378041482055,0.15223780415041172,0.1522378041527275,0.1509240932348962,0.15092409323094655,0.1509240932264843,0.15092409323094655,0.1509240932348962,0.15092409323094655,0.1509240932219011,0.15092409320556657,0.1509240932219011,0.15092409323094655,0.1509240932264843,0.15092409320556657,0.15092409312439647,0.15092409320556657,0.1509240932264843,0.15092409323094655,0.1509240932219011,0.15092409320556657,0.1509240932219011,0.15092409323094655,0.1509240932348962,0.15092409323094655,0.1509240932264843,0.15092409323094655,0.1509240932348962,0.14963652339011832,0.14963652338622527,0.14963652338199168,0.14963652338622527,0.14963652339011832,0.14963652338622527,0.14963652337765806,0.14963652336342043,0.14963652337765806,0.14963652338622527,0.14963652338199168,0.14963652336342043,0.14963652330162786,0.14963652336342043,0.14963652338199168,0.14963652338622527,0.14963652337765806,0.14963652336342043,0.14963652337765806,0.14963652338622527,0.14963652339011832,0.14963652338622527,0.14963652338199168,0.14963652338622527,0.14963652339011832,0.14837453667477316,0.14837453667209624,0.1483745366693289,0.14837453667209624,0.14837453667477316,0.14837453667209624,0.14837453666652578,0.14837453665793038,0.14837453666652578,0.14837453667209624,0.1483745366693289,0.14837453665793038,0.14837453662330075,0.14837453665793038,0.1483745366693289,0.14837453667209624,0.14837453666652578,0.14837453665793038,0.14837453666652578,0.14837453667209624,0.14837453667477316,0.14837453667209624,0.1483745366693289,0.14837453667209624,0.14837453667477316,0.14713758256928114,0.14713758256815307,0.14713758256708148,0.14713758256815307,0.14713758256928114,0.14713758256815307,0.14713758256602094,0.14713758256312537,0.14713758256602094,0.14713758256815307,0.14713758256708148,0.14713758256312537,0.1471375825529936,0.14713758256312537,0.14713758256708148,0.14713758256815307,0.14713758256602094,0.14713758256312537,0.14713758256602094,0.14713758256815307,0.14713758256928114,0.14713758256815307,0.14713758256708148,0.14713758256815307,0.14713758256928114,0.14592511841760716,0.1459251184178623,0.1459251184182377,0.1459251184178623,0.14592511841760716,0.1459251184178623,0.14592511841864722,0.14592511842034153,0.14592511841864722,0.1459251184178623,0.1459251184182377,0.14592511842034153,0.14592511842927658,0.14592511842034153,0.1459251184182377,0.1459251184178623,0.14592511841864722,0.14592511842034153,0.14592511841864722,0.1459251184178623,0.14592511841760716,0.1459251184178623,0.1459251184182377,0.1459251184178623,0.14592511841760716,0.14473660980173328,0.14473660980298253,0.14473660980436112,0.14473660980298253,0.14473660980173328,0.14473660980298253,0.14473660980578001,0.14473660981048816,0.14473660980578001,0.14473660980298253,0.14473660980436112,0.14473660981048816,0.14473660983121564,0.14473660981048816,0.14473660980436112,0.14473660980298253,0.14473660980578001,0.14473660981048816,0.14473660980578001,0.14473660980298253,0.14473660980173328,0.14473660980298253,0.14473660980436112,0.14473660980298253,0.14473660980173328,0.14357153085689314,0.14357153085870764,0.14357153086064617,0.14357153085870764,0.14357153085689314,0.14357153085870764,0.14357153086262303,0.1435715308689898,0.14357153086262303,0.14357153085870764,0.14357153086064617,0.1435715308689898,0.14357153089629496,0.1435715308689898,0.14357153086064617,0.14357153085870764,0.14357153086262303,0.1435715308689898,0.14357153086262303,0.14357153085870764,0.14357153085689314,0.14357153085870764,0.14357153086064617,0.14357153085870764,0.14357153085689314,0.1424293645330404,0.1424293645350051,0.14242936453707014,0.1424293645350051,0.1424293645330404,0.1424293645350051,0.14242936453916316,0.14242936454585195,0.14242936453916316,0.1424293645350051,0.14242936453707014,0.14242936454585195,0.14242936457461589,0.14242936454585195,0.14242936453707014,0.1424293645350051,0.14242936453916316,0.14242936454585195,0.14242936453916316,0.1424293645350051,0.1424293645330404,0.1424293645350051,0.14242936453707014,0.1424293645350051,0.1424293645330404,0.14130960280770893,0.14130960280948765,0.14130960281127572,0.14130960280948765,0.14130960280770893,0.14130960280948765,0.1413096028130646,0.14130960281849544,0.1413096028130646,0.14130960280948765,0.14130960281127572,0.14130960281849544,0.14130960284053978,0.14130960281849544,0.14130960281127572,0.14130960280948765,0.1413096028130646,0.14130960281849544,0.1413096028130646,0.14130960280948765,0.14130960280770893,0.14130960280948765,0.14130960281127572,0.14130960280948765,0.14130960280770893,0.1402117468547716,0.14021174685633334,0.14021174685778298,0.14021174685633334,0.1402117468547716,0.14021174685633334,0.14021174685919896,0.14021174686308274,0.14021174685919896,0.14021174685633334,0.14021174685778298,0.14021174686308274,0.14021174687749197,0.14021174686308274,0.14021174685778298,0.14021174685633334,0.14021174685919896,0.14021174686308274,0.14021174685919896,0.14021174685633334,0.1402117468547716,0.14021174685633334,0.14021174685778298,0.14021174685633334,0.1402117468547716,0.13913530717294573,0.1391353071746715,0.13913530717614417,0.1391353071746715,0.13913530717294573,0.1391353071746715,0.1391353071775596,0.13913530718060196,0.1391353071775596,0.1391353071746715,0.13913530717614417,0.13913530718060196,0.1391353071868033,0.13913530718060196,0.13913530717614417,0.1391353071746715,0.1391353071775596,0.13913530718060196,0.1391353071775596,0.1391353071746715,0.13913530717294573,0.1391353071746715,0.13913530717614417,0.1391353071746715,0.13913530717294573,0.13807980367815192,0.13807980368088793,0.13807980368354364,0.13807980368088793,0.13807980367815192,0.13807980368088793,0.13807980368620246,0.13807980369319636,0.13807980368620246,0.13807980368088793,0.13807980368354364,0.13807980369319636,0.13807980371222536,0.13807980369319636,0.13807980368354364,0.13807980368088793,0.13807980368620246,0.13807980369319636,0.1380798036862023,0.13807980368088793,0.13807980367815192,0.13807980368088793,0.13807980368354364,0.13807980368088793,0.13807980367815192,0.13704476576338695,0.13704476576739275,0.13704476577216923,0.13704476576739275,0.13704476576338695,0.13704476576739275,0.13704476577710217,0.13704476579632763,0.13704476577710217,0.13704476576739275,0.13704476577216923,0.13704476579632763,0.13704476590215114,0.1370447657963275,0.13704476577216923,0.13704476576739275,0.13704476577710217,0.1370447657963275,0.13704476577710217,0.13704476576739275,0.13704476576338695,0.13704476576739275,0.13704476577216923,0.13704476576739275,0.13704476576338695,0.13602973233167023,0.1360297323344159,0.13602973233708532,0.1360297323344159,0.13602973233167023,0.1360297323344159,0.13602973233975496,0.13602973234684643,0.13602973233975496,0.1360297323344159,0.13602973233708532,0.13602973234684643,0.1360297323664348,0.13602973234684643,0.13602973233708532,0.1360297323344159,0.13602973233975496,0.13602973234684643,0.13602973233975496,0.1360297323344159,0.13602973233167023,0.1360297323344159,0.13602973233708532,0.1360297323344159,0.13602973233167023,0.13503425180746748,0.1350342518091764,0.13503425181058235,0.1350342518091764,0.13503425180746748,0.1350342518091764,0.13503425181191356,0.13503425181461648,0.13503425181191356,0.1350342518091764,0.13503425181058235,0.13503425181461648,0.13503425181951534,0.13503425181461648,0.13503425181058248,0.1350342518091764,0.13503425181191356,0.13503425181461648,0.13503425181191356,0.1350342518091764,0.13503425180746748,0.1350342518091764,0.13503425181058248,0.1350342518091764,0.13503425180746748
0.16533248788841498,0.16533248788841473,0.1653324878884145,0.16533248788841473,0.16533248788841498,0.16533248788841473,0.1653324878884143,0.1653324878884143,0.1653324878884143,0.16533248788841473,0.1653324878884145,0.1653324878884143,0.16533248788841406,0.1653324878884143,0.1653324878884145,0.16533248788841473,0.1653324878884143,0.1653324878884143,0.1653324878884143,0.16533248788841473,0.16533248788841498,0.16533248788841473,0.1653324878884145,0.16533248788841473,0.16533248788841498,0.1637574941675693,0.16375749416756857,0.16375749416756813,0.16375749416756857,0.1637574941675693,0.16375749416756857,0.16375749416756794,0.16375749416756744,0.16375749416756794,0.16375749416756857,0.16375749416756813,0.16375749416756744,0.163757494167567,0.16375749416756744,0.16375749416756813,0.16375749416756857,0.16375749416756794,0.16375749416756744,0.16375749416756794,0.16375749416756857,0.1637574941675693,0.16375749416756857,0.16375749416756813,0.16375749416756857,0.1637574941675693,0.16221388437866024,0.1622138843786582,0.16221388437865683,0.1622138843786582,0.16221388437866024,0.1622138843786582,0.16221388437865594,0.16221388437865458,0.16221388437865594,0.1622138843786582,0.16221388437865683,0.16221388437865458,0.1622138843786532,0.16221388437865458,0.16221388437865683,0.1622138843786582,0.16221388437865594,0.16221388437865458,0.16221388437865594,0.1622138843786582,0.16221388437866024,0.1622138843786582,0.16221388437865683,0.1622138843786582,0.16221388437866024,0.16070106747873114,0.16070106747872492,0.16070106747872093,0.16070106747872492,0.16070106747873114,0.16070106747872492,0.16070106747871804,0.16070106747871354,0.16070106747871804,0.16070106747872492,0.16070106747872093,0.16070106747871354,0.1607010674787089,0.16070106747871354,0.16070106747872093,0.16070106747872492,0.16070106747871804,0.16070106747871354,0.16070106747871804,0.16070106747872492,0.16070106747873114,0.16070106747872492,0.16070106747872093,0.16070106747872492,0.16070106747873114,0.15921845184276856,0.15921845184275002,0.15921845184273783,0.15921845184275002,0.15921845184276856,0.15921845184275002,0.1592184518427287,0.15921845184271433,0.1592184518427287,0.15921845184275002,0.15921845184273783,0.15921845184271433,0.15921845184269867,0.15921845184271433,0.15921845184273783,0.15921845184275002,0.1592184518427287,0.15921845184271433,0.1592184518427287,0.15921845184275002,0.15921845184276856,0.15921845184275002,0.15921845184273783,0.15921845184275002,0.15921845184276856,0.15776544661556502,0.15776544661551062,0.15776544661547412,0.15776544661551062,0.15776544661556502,0.15776544661551062,0.1577654466154447,0.15776544661539904,0.1577654466154447,0.15776544661551062,0.15776544661547412,0.15776544661539904,0.15776544661534586,0.15776544661539904,0.15776544661547412,0.15776544661551062,0.1577654466154447,0.15776544661539904,0.1577654466154447,0.15776544661551062,0.15776544661556502,0.15776544661551062,0.15776544661547412,0.15776544661551062,0.15776544661556502,0.15634146292607418,0.15634146292591922,0.15634146292581133,0.15634146292591922,0.15634146292607418,0.15634146292591922,0.1563414629257193,0.1563414629255704,0.1563414629257193,0.15634146292591922,0.15634146292581133,0.1563414629255704,0.15634146292538117,0.1563414629255704,0.15634146292581133,0.15634146292591922,0.1563414629257193,0.1563414629255704,0.1563414629257193,0.15634146292591922,0.15634146292607418,0.15634146292591922,0.15634146292581133,0.15634146292591922,0.15634146292607418,0.1549459149745564,0.15494591497413673,0.1549459149738236,0.15494591497413673,0.1549459149745564,0.15494591497413673,0.1549459149735418,0.15494591497304444,0.1549459149735418,0.15494591497413673,0.1549459149738236,0.15494591497304444,0.15494591497231877,0.15494591497304444,0.1549459149738236,0.15494591497413673,0.1549459149735418,0.15494591497304444,0.1549459149735418,0.15494591497413673,0.1549459149745564,0.15494591497413673,0.1549459149738236,0.15494591497413673,0.1549459149745564,0.15357822100229307,0.15357822100124063,0.153578221000371,0.15357822100124063,0.15357822100229307,0.15357822100124063,0.15357822099954674,0.15357822099785906,0.15357822099954674,0.15357822100124063,0.153578221000371,0.15357822099785906,0.1535782209947691,0.15357822099785906,0.153578221000371,0.15357822100124063,0.15357822099954674,0.15357822099785906,0.15357822099954674,0.15357822100124063,0.15357822100229307,0.15357822100124063,0.153578221000371,0.15357822100124063,0.15357822100229307,0.15223780415311508,0.15223780415080518,0.15223780414860433,0.15223780415080518,0.15223780415311508,0.15223780415080518,0.15223780414641508,0.15223780414078783,0.15223780414641508,0.15223780415080518,0.15223780414860433,0.15223780414078783,0.15223780412592253,0.15223780414078783,0.15223780414860433,0.15223780415080518,0.15223780414641508,0.15223780414078783,0.15223780414641508,0.15223780415080518,0.15223780415311508,0.15223780415080518,0.15223780414860433,0.15223780415080518,0.15223780415311508,0.15092409323525424,0.1509240932313152,0.15092409322686415,0.1509240932313152,0.15092409323525424,0.1509240932313152,0.15092409322229253,0.15092409320599698,0.15092409322229253,0.1509240932313152,0.15092409322686415,0.15092409320599698,0.1509240931250379,0.15092409320599698,0.15092409322686415,0.1509240932313152,0.15092409322229253,0.15092409320599698,0.15092409322229253,0.1509240932313152,0.15092409323525424,0.1509240932313152,0.15092409322686415,0.1509240932313152,0.15092409323525424,0.149636523390425,0.14963652338654446,0.14963652338232372,0.14963652338654446,0.149636523390425,0.14963652338654446,0.14963652337800334,0.1496365233638073,0.14963652337800334,0.14963652338654446,0.14963652338232372,0.1496365233638073,0.14963652330216937,0.1496365233638073,0.14963652338232372,0.14963652338654446,0.14963652337800334,0.1496365233638073,0.14963652337800334,0.14963652338654446,0.149636523390425,0.14963652338654446,0.14963652338232372,0.14963652338654446,0.149636523390425,0.14837453667500222,0.14837453667233755,0.1483745366695828,0.14837453667233755,0.14837453667500222,0.14837453667233755,0.14837453666679268,0.14837453665823747,0.14837453666679268,0.14837453667233755,0.1483745366695828,0.14837453665823747,0.14837453662377684,0.14837453665823747,0.1483745366695828,0.14837453667233755,0.14837453666679268,0.14837453665823747,0.14837453666679268,0.14837453667233755,0.14837453667500222,0.14837453667233755,0.1483745366695828,0.14837453667233755,0.14837453667500222,0.1471375825694065,0.1471375825682884,0.14713758256722753,0.1471375825682884,0.1471375825694065,0.1471375825682884,0.1471375825661779,0.14713758256331863,0.1471375825661779,0.1471375825682884,0.14713758256722753,0.14713758256331863,0.14713758255334275,0.14713758256331863,0.14713758256722753,0.1471375825682884,0.1471375825661779,0.14713758256331863,0.1471375825661779,0.1471375825682884,0.1471375825694065,0.1471375825682884,0.14713758256722753,0.1471375825682884,0.1471375825694065,0.14592511841760716,0.14592511841786712,0.14592511841824765,0.14592511841786712,0.14592511841760716,0.14592511841786712,0.1459251184186627,0.1459251184203748,0.1459251184186627,0.14592511841786712,0.14592511841824765,0.1459251184203748,0.14592511842934763,0.1459251184203748,0.14592511841824765,0.14592511841786712,0.1459251184186627,0.1459251184203748,0.1459251184186627,0.14592511841786712,0.14592511841760716,0.14592511841786712,0.14592511841824765,0.14592511841786712,0.14592511841760716,0.14473660980159572,0.14473660980284342,0.14473660980422026,0.14473660980284342,0.14473660980159572,0.14473660980284342,0.1447366098056376,0.14473660981033895,0.1447366098056376,0.14473660980284342,0.14473660980422026,0.14473660981033895,0.1447366098310058,0.14473660981033895,0.14473660980422026,0.14473660980284342,0.1447366098056376,0.14473660981033895,0.1447366098056376,0.14473660980284342,0.14473660980159572,0.14473660980284342,0.14473660980422026,0.14473660980284342,0.14473660980159572,0.14357153085661936,0.14357153085842667,0.1435715308603575,0.14357153085842667,0.14357153085661936,0.14357153085842667,0.14357153086232666,0.14357153086866964,0.14357153086232666,0.14357153085842667,0.1435715308603575,0.14357153086866964,0.14357153089590807,0.14357153086866964,0.1435715308603575,0.14357153085842667,0.14357153086232666,0.14357153086866964,0.14357153086232666,0.14357153085842667,0.14357153085661936,0.14357153085842667,0.1435715308603575,0.14357153085842667,0.14357153085661936,0.14242936453264352,0.14242936453459648,0.14242936453664842,0.14242936453459648,0.14242936453264352,0.14242936453459648,0.1424293645387282,0.1424293645453715,0.1424293645387282,0.14242936453459648,0.14242936453664842,0.1424293645453715,0.14242936457393296,0.1424293645453715,0.14242936453664842,0.14242936453459648,0.1424293645387282,0.1424293645453715,0.1424293645387282,0.14242936453459648,0.14242936453264352,0.14242936453459648,0.14242936453664842,0.14242936453459648,0.14242936453264352,0.14130960280721125,0.14130960280897795,0.1413096028107529,0.14130960280897795,0.14130960280721125,0.14130960280897795,0.14130960281252844,0.14130960281791421,0.14130960281252844,0.14130960280897795,0.1413096028107529,0.14130960281791421,0.14130960283975888,0.14130960281791421,0.1413096028107529,0.14130960280897795,0.14130960281252844,0.14130960281791421,0.14130960281252844,0.14130960280897795,0.14130960280721125,0.14130960280897795,0.1413096028107529,0.14130960280897795,0.14130960280721125,0.14021174685419624,0.14021174685574944,0.1402117468571907,0.14021174685574944,0.14021174685419624,0.14021174685574944,0.14021174685859847,0.14021174686245996,0.14021174685859847,0.14021174685574944,0.1402117468571907,0.14021174686245996,0.14021174687679874,0.14021174686245996,0.1402117468571907,0.14021174685574944,0.14021174685859847,0.14021174686245996,0.14021174685859847,0.14021174685574944,0.14021174685419624,0.14021174685574944,0.1402117468571907,0.14021174685574944,0.14021174685419624,0.13913530717230965,0.13913530717402864,0.1391353071754956,0.13913530717402864,0.13913530717230965,0.13913530717402864,0.13913530717690548,0.1391353071799363,0.13913530717690548,0.13913530717402864,0.1391353071754956,0.1391353071799363,0.13913530718611392,0.1391353071799363,0.1391353071754956,0.13913530717402864,0.13913530717690548,0.1391353071799363,0.13913530717690548,0.13913530717402864,0.13913530717230965,0.13913530717402864,0.1391353071754956,0.13913530717402864,0.13913530717230965,0.13807980367746786,0.13807980368019565,0.13807980368284362,0.13807980368019565,0.13807980367746786,0.13807980368019565,0.13807980368549483,0.13807980369246922,0.13807980368549483,0.13807980368019565,0.13807980368284362,0.13807980369246922,0.13807980371144596,0.13807980369246922,0.13807980368284362,0.13807980368019565,0.13807980368549483,0.13807980369246922,0.13807980368549483,0.13807980368019565,0.13807980367746786,0.13807980368019565,0.13807980368284362,0.13807980368019565,0.13807980367746786,0.13704476576267086,0.1370447657666657,0.13704476577142924,0.13704476576666555,0.13704476576267086,0.1370447657666657,0.1370447657763488,0.13704476579552288,0.1370447657763488,0.1370447657666657,0.13704476577142924,0.13704476579552288,0.13704476590105596,0.13704476579552288,0.13704476577142924,0.13704476576666555,0.1370447657763488,0.13704476579552288,0.1370447657763488,0.13704476576666555,0.13704476576267086,0.1370447657666657,0.13704476577142924,0.13704476576666555,0.13704476576267086,0.13602973233094395,0.1360297323336823,0.13602973233634444,0.1360297323336823,0.13602973233094395,0.1360297323336823,0.13602973233900686,0.13602973234607943,0.13602973233900686,0.1360297323336823,0.13602973233634444,0.13602973234607943,0.13602973236561577,0.13602973234607943,0.13602973233634444,0.1360297323336823,0.13602973233900686,0.13602973234607943,0.13602973233900686,0.1360297323336823,0.13602973233094395,0.1360297323336823,0.13602973233634444,0.1360297323336823,0.13602973233094395,0.13503425180674578,0.13503425180845016,0.13503425180985248,0.13503425180845016,0.13503425180674578,0.13503425180845016,0.1350342518111799,0.13503425181387566,0.13503425181118,0.13503425180845016,0.13503425180985248,0.13503425181387566,0.1350342518187615,0.13503425181387566,0.13503425180985248,0.13503425180845016,0.13503425181118,0.13503425181387566,0.13503425181118,0.13503425180845016,0.13503425180674578,0.13503425180845016,0.13503425180985248,0.13503425180845016,0.13503425180674578
0.1653324878888912,0.16533248788889096,0.16533248788889074,0.16533248788889096,0.1653324878888912,0.16533248788889096,0.16533248788889074,0.16533248788889052,0.16533248788889074,0.16533248788889096,0.16533248788889074,0.16533248788889052,0.16533248788889024,0.16533248788889052,0.16533248788889074,0.16533248788889096,0.16533248788889074,0.16533248788889052,0.16533248788889074,0.16533248788889096,0.1653324878888912,0.16533248788889096,0.16533248788889074,0.16533248788889096,0.1653324878888912,0.16375749416803603,0.16375749416803534,0.1637574941680349,0.16375749416803534,0.16375749416803603,0.16375749416803534,0.16375749416803465,0.1637574941680342,0.16375749416803465,0.16375749416803534,0.1637574941680349,0.1637574941680342,0.16375749416803373,0.1637574941680342,0.1637574941680349,0.16375749416803534,0.16375749416803465,0.1637574941680342,0.16375749416803465,0.16375749416803534,0.16375749416803603,0.16375749416803534,0.1637574941680349,0.16375749416803534,0.16375749416803603,0.16221388437911766,0.1622138843791154,0.16221388437911427,0.16221388437911563,0.16221388437911766,0.1622138843791154,0.16221388437911335,0.16221388437911202,0.16221388437911335,0.16221388437911563,0.16221388437911427,0.16221388437911202,0.1622138843791104,0.16221388437911202,0.16221388437911427,0.16221388437911563,0.16221388437911335,0.16221388437911202,0.16221388437911335,0.16221388437911563,0.16221388437911766,0.16221388437911563,0.16221388437911427,0.16221388437911563,0.16221388437911766,0.1607010674791792,0.16070106747917298,0.160701067479169,0.16070106747917298,0.1607010674791792,0.16070106747917298,0.1607010674791661,0.16070106747916166,0.1607010674791661,0.16070106747917298,0.160701067479169,0.16070106747916166,0.16070106747915697,0.16070106747916166,0.160701067479169,0.16070106747917298,0.1607010674791661,0.16070106747916166,0.1607010674791661,0.16070106747917298,0.1607010674791792,0.16070106747917298,0.160701067479169,0.16070106747917298,0.1607010674791792,0.15921845184320743,0.15921845184318872,0.15921845184317676,0.15921845184318872,0.15921845184320743,0.15921845184318872,0.1592184518431676,0.15921845184315325,0.1592184518431676,0.15921845184318872,0.15921845184317676,0.15921845184315325,0.15921845184313757,0.15921845184315325,0.15921845184317676,0.15921845184318872,0.1592184518431676,0.15921845184315325,0.1592184518431676,0.15921845184318872,0.15921845184320743,0.15921845184318872,0.15921845184317676,0.15921845184318872,0.15921845184320743,0.1577654466159947,0.15776544661594033,0.15776544661590405,0.15776544661594033,0.1577654466159947,0.15776544661594033,0.1577654466158746,0.15776544661582917,0.1577654466158746,0.15776544661594033,0.15776544661590405,0.15776544661582917,0.15776544661577604,0.15776544661582917,0.15776544661590405,0.15776544661594033,0.1577654466158746,0.15776544661582917,0.1577654466158746,0.15776544661594033,0.1577654466159947,0.15776544661594033,0.15776544661590405,0.15776544661594033,0.1577654466159947,0.15634146292649448,0.15634146292633994,0.15634146292623224,0.15634146292633994,0.15634146292649448,0.15634146292633994,0.15634146292614046,0.15634146292599177,0.15634146292614046,0.15634146292633994,0.15634146292623224,0.15634146292599177,0.15634146292580317,0.15634146292599177,0.15634146292623224,0.15634146292633994,0.15634146292614046,0.15634146292599177,0.15634146292614046,0.15634146292633994,0.15634146292649448,0.15634146292633994,0.15634146292623224,0.15634146292633994,0.15634146292649448,0.1549459149749667,0.15494591497454802,0.15494591497423568,0.15494591497454802,0.1549459149749667,0.15494591497454802,0.15494591497395455,0.15494591497345842,0.15494591497395455,0.15494591497454802,0.15494591497423568,0.15494591497345842,0.15494591497273416,0.15494591497345842,0.15494591497423568,0.15494591497454802,0.15494591497395455,0.15494591497345842,0.15494591497395455,0.15494591497454802,0.1549459149749667,0.15494591497454802,0.15494591497423568,0.15494591497454802,0.1549459149749667,0.15357822100269133,0.15357822100164154,0.1535782210007741,0.15357822100164154,0.15357822100269133,0.15357822100164154,0.15357822099995164,0.15357822099826776,0.15357822099995164,0.15357822100164154,0.1535782210007741,0.15357822099826776,0.15357822099518503,0.15357822099826776,0.1535782210007741,0.15357822100164154,0.15357822099995164,0.15357822099826776,0.15357822099995164,0.15357822100164154,0.15357822100269133,0.15357822100164154,0.1535782210007741,0.15357822100164154,0.15357822100269133,0.15223780415349616,0.15223780415119217,0.15223780414899662,0.15223780415119217,0.15223780415349616,0.15223780415119217,0.15223780414681248,0.15223780414119842,0.15223780414681248,0.15223780415119217,0.15223780414899662,0.15223780414119842,0.15223780412636678,0.15223780414119842,0.15223780414899662,0.15223780415119217,0.15223780414681248,0.15223780414119842,0.15223780414681248,0.15223780415119217,0.15223780415349616,0.15223780415119217,0.15223780414899662,0.15223780415119217,0.15223780415349616,0.15092409323560632,0.1509240932316775,0.15092409322723765,0.1509240932316775,0.15092409323560632,0.1509240932316775,0.1509240932226774,0.15092409320642025,0.1509240932226774,0.1509240932316775,0.15092409322723765,0.15092409320642025,0.15092409312560146,0.15092409320642025,0.15092409322723765,0.1509240932316775,0.1509240932226774,0.15092409320642025,0.1509240932226774,0.1509240932316775,0.15092409323560632,0.1509240932316775,0.15092409322723765,0.1509240932316775,0.15092409323560632,0.1496365233907264,0.14963652338685793,0.14963652338265007,0.14963652338685793,0.1496365233907264,0.14963652338685793,0.14963652337834274,0.14963652336418773,0.14963652337834274,0.14963652338685793,0.14963652338265007,0.14963652336418773,0.14963652330273852,0.14963652336418773,0.14963652338265007,0.14963652338685793,0.14963652337834274,0.14963652336418773,0.14963652337834274,0.14963652338685793,0.1496365233907264,0.14963652338685793,0.14963652338265007,0.14963652338685793,0.1496365233907264,0.14837453667522738,0.14837453667257458,0.14837453666983244,0.14837453667257458,0.14837453667522738,0.14837453667257458,0.14837453666705472,0.14837453665853897,0.14837453666705472,0.14837453667257458,0.14837453666983244,0.14837453665853897,0.1483745366242448,0.1483745366585388,0.14837453666983244,0.14837453667257458,0.14837453666705472,0.1483745366585388,0.14837453666705472,0.14837453667257458,0.14837453667522738,0.14837453667257458,0.14837453666983244,0.14837453667257458,0.14837453667522738,0.14713758256952986,0.14713758256842138,0.14713758256737103,0.14713758256842138,0.14713758256952986,0.14713758256842138,0.14713758256633214,0.14713758256350828,0.14713758256633214,0.14713758256842138,0.14713758256737103,0.14713758256350828,0.14713758255370787,0.14713758256350828,0.14713758256737103,0.14713758256842138,0.14713758256633214,0.14713758256350828,0.14713758256633214,0.14713758256842138,0.14713758256952986,0.14713758256842138,0.14713758256737103,0.14713758256842138,0.14713758256952986,0.14592511841760716,0.14592511841787192,0.14592511841825778,0.14592511841787192,0.14592511841760716,0.14592511841787192,0.1459251184186782,0.14592511842040792,0.1459251184186782,0.14592511841787192,0.14592511841825778,0.14592511842040792,0.1459251184294616,0.14592511842040792,0.14592511841825778,0.14592511841787192,0.1459251184186782,0.14592511842040792,0.1459251184186782,0.14592511841787192,0.14592511841760716,0.14592511841787192,0.14592511841825778,0.14592511841787192,0.14592511841760716,0.1447366098014608,0.14473660980270708,0.1447366098040822,0.14473660980270708,0.1447366098014608,0.14473660980270708,0.1447366098054978,0.14473660981019298,0.1447366098054978,0.14473660980270708,0.1447366098040822,0.14473660981019298,0.14473660983082481,0.14473660981019298,0.1447366098040822,0.14473660980270708,0.1447366098054978,0.14473660981019298,0.1447366098054978,0.14473660980270708,0.1447366098014608,0.14473660980270708,0.1447366098040822,0.14473660980270708,0.1447366098014608,0.14357153085635052,0.1435715308581508,0.14357153086007415,0.1435715308581508,0.14357153085635052,0.1435715308581508,0.14357153086203575,0.14357153086835547,0.14357153086203575,0.1435715308581508,0.14357153086007415,0.14357153086835547,0.143571530895481,0.14357153086835547,0.14357153086007415,0.1435715308581508,0.14357153086203575,0.14357153086835547,0.14357153086203575,0.1435715308581508,0.14357153085635052,0.1435715308581508,0.14357153086007415,0.1435715308581508,0.14357153085635052,0.1424293645322533,0.14242936453419486,0.14242936453623403,0.14242936453419486,0.1424293645322533,0.14242936453419486,0.14242936453830074,0.14242936454489946,0.14242936453830074,0.14242936453419486,0.14242936453623403,0.14242936454489946,0.14242936457324065,0.14242936454489946,0.14242936453623403,0.14242936453419486,0.14242936453830074,0.14242936454489946,0.14242936453830074,0.14242936453419486,0.1424293645322533,0.14242936453419486,0.14242936453623403,0.14242936453419486,0.1424293645322533,0.14130960280672183,0.14130960280847682,0.1413096028102389,0.14130960280847682,0.14130960280672183,0.14130960280847682,0.14130960281200133,0.14130960281734253,0.14130960281200133,0.14130960280847682,0.1413096028102389,0.14130960281734253,0.14130960283899363,0.14130960281734253,0.1413096028102389,0.14130960280847682,0.14130960281200133,0.14130960281734253,0.14130960281200133,0.14130960280847682,0.14130960280672183,0.14130960280847682,0.1413096028102389,0.14130960280847682,0.14130960280672183,0.14021174685363058,0.1402117468551752,0.14021174685660842,0.1402117468551752,0.14021174685363058,0.1402117468551752,0.1402117468580081,0.14021174686184754,0.1402117468580081,0.1402117468551752,0.14021174685660842,0.14021174686184754,0.14021174687609905,0.14021174686184754,0.14021174685660842,0.1402117468551752,0.1402117468580081,0.14021174686184754,0.1402117468580081,0.1402117468551752,0.14021174685363058,0.1402117468551752,0.14021174685660842,0.1402117468551752,0.14021174685363058,0.13913530717168415,0.1391353071733965,0.13913530717485778,0.1391353071733965,0.13913530717168415,0.1391353071733965,0.1391353071762623,0.13913530717928158,0.1391353071762623,0.1391353071733965,0.13913530717485778,0.13913530717928158,0.13913530718543596,0.13913530717928158,0.13913530717485778,0.1391353071733965,0.1391353071762623,0.13913530717928158,0.1391353071762623,0.1391353071733965,0.13913530717168415,0.1391353071733965,0.13913530717485778,0.1391353071733965,0.13913530717168415,0.138079803676795,0.1380798036795149,0.13807980368215522,0.1380798036795149,0.138079803676795,0.1380798036795149,0.13807980368479886,0.13807980369175385,0.13807980368479886,0.1380798036795149,0.13807980368215522,0.13807980369175385,0.1380798037106793,0.13807980369175385,0.13807980368215522,0.1380798036795149,0.13807980368479886,0.13807980369175385,0.13807980368479886,0.1380798036795149,0.138079803676795,0.1380798036795149,0.13807980368215522,0.1380798036795149,0.138079803676795,0.13704476576196642,0.1370447657659505,0.1370447657707013,0.1370447657659505,0.13704476576196642,0.1370447657659505,0.13704476577560779,0.13704476579473124,0.13704476577560779,0.1370447657659505,0.1370447657707013,0.13704476579473124,0.1370447658999897,0.13704476579473124,0.1370447657707013,0.1370447657659505,0.13704476577560779,0.13704476579473124,0.13704476577560779,0.13704476576595034,0.13704476576196642,0.1370447657659505,0.1370447657707013,0.13704476576595034,0.13704476576196642,0.13602973233022944,0.13602973233296045,0.1360297323356156,0.13602973233296045,0.13602973233022944,0.13602973233296045,0.13602973233827104,0.13602973234532495,0.13602973233827104,0.13602973233296045,0.1360297323356156,0.13602973234532495,0.13602973236480986,0.13602973234532495,0.1360297323356156,0.13602973233296045,0.13602973233827104,0.13602973234532495,0.13602973233827104,0.13602973233296045,0.13602973233022944,0.13602973233296045,0.1360297323356156,0.13602973233296045,0.13602973233022944,0.13503425180603593,0.13503425180773582,0.13503425180913428,0.13503425180773582,0.13503425180603593,0.13503425180773582,0.13503425181045836,0.13503425181314693,0.13503425181045836,0.13503425180773582,0.13503425180913428,0.13503425181314693,0.13503425181801992,0.13503425181314693,0.13503425180913428,0.13503425180773582,0.13503425181045836,0.13503425181314693,0.13503425181045836,0.13503425180773582,0.13503425180603593,0.13503425180773582,0.13503425180913428,0.13503425180773582,0.13503425180603593
0.1653324878893599,0.16533248788935964,0.1653324878893594,0.16533248788935964,0.1653324878893599,0.16533248788935964,0.16533248788935917,0.16533248788935917,0.16533248788935917,0.16533248788935964,0.1653324878893594,0.16533248788935917,0.16533248788935895,0.16533248788935917,0.1653324878893594,0.16533248788935964,0.16533248788935917,0.16533248788935917,0.16533248788935917,0.16533248788935964,0.1653324878893599,0.16533248788935964,0.1653324878893594,0.16533248788935964,0.1653324878893599,0.1637574941684951,0.16375749416849447,0.163757494168494,0.16375749416849447,0.1637574941684951,0.16375749416849447,0.16375749416849378,0.1637574941684933,0.16375749416849378,0.16375749416849447,0.163757494168494,0.1637574941684933,0.16375749416849283,0.1637574941684933,0.163757494168494,0.16375749416849447,0.16375749416849378,0.1637574941684933,0.16375749416849378,0.16375749416849447,0.1637574941684951,0.16375749416849447,0.163757494168494,0.16375749416849447,0.1637574941684951,0.16221388437956738,0.16221388437956535,0.16221388437956422,0.16221388437956535,0.16221388437956738,0.16221388437956535,0.1622138843795633,0.16221388437956194,0.1622138843795633,0.16221388437956535,0.16221388437956422,0.16221388437956194,0.16221388437956036,0.16221388437956194,0.16221388437956422,0.16221388437956535,0.1622138843795633,0.16221388437956194,0.1622138843795633,0.16221388437956558,0.16221388437956738,0.16221388437956535,0.16221388437956422,0.16221388437956558,0.1622138843795676,0.16070106747961996,0.16070106747961374,0.16070106747960974,0.16070106747961374,0.16070106747961996,0.16070106747961374,0.16070106747960686,0.16070106747960264,0.16070106747960686,0.16070106747961374,0.16070106747960974,0.16070106747960264,0.16070106747959775,0.16070106747960264,0.16070106747960974,0.16070106747961374,0.16070106747960686,0.16070106747960264,0.16070106747960686,0.16070106747961374,0.16070106747961996,0.16070106747961374,0.16070106747960974,0.16070106747961374,0.16070106747961996,0.15921845184363898,0.15921845184362046,0.1592184518436085,0.15921845184362046,0.15921845184363898,0.15921845184362046,0.15921845184359937,0.15921845184358496,0.15921845184359937,0.15921845184362046,0.1592184518436085,0.15921845184358496,0.15921845184356928,0.15921845184358496,0.1592184518436085,0.15921845184362046,0.15921845184359937,0.15921845184358496,0.15921845184359937,0.15921845184362046,0.15921845184363898,0.15921845184362046,0.1592184518436085,0.15921845184362046,0.15921845184363898,0.1577654466164174,0.157765446616363,0.15776544661632697,0.157765446616363,0.1577654466164174,0.157765446616363,0.1577654466162975,0.15776544661625208,0.1577654466162975,0.157765446616363,0.15776544661632697,0.15776544661625208,0.15776544661619915,0.15776544661625208,0.15776544661632697,0.157765446616363,0.1577654466162975,0.15776544661625208,0.1577654466162975,0.157765446616363,0.1577654466164174,0.157765446616363,0.15776544661632697,0.157765446616363,0.1577654466164174,0.15634146292690787,0.15634146292675374,0.15634146292664625,0.15634146292675374,0.15634146292690787,0.15634146292675374,0.15634146292655468,0.15634146292640644,0.15634146292655468,0.15634146292675374,0.15634146292664625,0.15634146292640644,0.15634146292621823,0.15634146292640644,0.15634146292664625,0.15634146292675374,0.15634146292655468,0.15634146292640644,0.15634146292655468,0.15634146292675374,0.15634146292690787,0.15634146292675374,0.15634146292664625,0.15634146292675374,0.15634146292690787,0.15494591497537039,0.15494591497495275,0.15494591497464105,0.15494591497495275,0.15494591497537039,0.15494591497495275,0.15494591497436072,0.15494591497386562,0.15494591497436072,0.15494591497495275,0.15494591497464105,0.15494591497386562,0.15494591497314303,0.15494591497386562,0.15494591497464105,0.15494591497495275,0.15494591497436072,0.15494591497386562,0.15494591497436072,0.15494591497495275,0.15494591497537039,0.15494591497495275,0.15494591497464105,0.15494591497495275,0.15494591497537039,0.15357822100308316,0.153578221002036,0.15357822100117055,0.153578221002036,0.15357822100308316,0.153578221002036,0.1535782210003499,0.15357822099867005,0.1535782210003499,0.153578221002036,0.15357822100117055,0.15357822099867005,0.15357822099559412,0.15357822099867005,0.15357822100117055,0.153578221002036,0.1535782210003499,0.15357822099867005,0.1535782210003499,0.153578221002036,0.15357822100308316,0.153578221002036,0.15357822100117055,0.153578221002036,0.15357822100308316,0.15223780415387114,0.15223780415157265,0.1522378041493824,0.15223780415157265,0.15223780415387114,0.15223780415157265,0.15223780414720361,0.15223780414160235,0.15223780414720361,0.15223780415157265,0.1522378041493824,0.15223780414160235,0.15223780412680415,0.15223780414160235,0.1522378041493824,0.15223780415157265,0.15223780414720361,0.15223780414160235,0.15223780414720361,0.15223780415157265,0.15223780415387114,0.15223780415157265,0.1522378041493824,0.15223780415157265,0.15223780415387114,0.15092409323595282,0.15092409323203404,0.15092409322760517,0.15092409323203404,0.15092409323595282,0.15092409323203404,0.1509240932230561,0.15092409320683675,0.1509240932230561,0.15092409323203404,0.15092409322760517,0.15092409320683675,0.15092409312622707,0.15092409320683675,0.15092409322760517,0.15092409323203404,0.1509240932230561,0.15092409320683675,0.1509240932230561,0.15092409323203404,0.15092409323595282,0.15092409323203404,0.15092409322760517,0.15092409323203404,0.15092409323595282,0.1496365233910229,0.14963652338716654,0.14963652338297115,0.14963652338716654,0.1496365233910229,0.14963652338716654,0.14963652337867647,0.14963652336456176,0.14963652337867647,0.14963652338716654,0.14963652338297115,0.14963652336456176,0.14963652330324737,0.14963652336456176,0.14963652338297115,0.14963652338716654,0.14963652337867647,0.14963652336456176,0.14963652337867647,0.14963652338716654,0.1496365233910229,0.14963652338716654,0.14963652338297115,0.14963652338716654,0.1496365233910229,0.14837453667544886,0.14837453667280753,0.14837453667007763,0.14837453667280753,0.14837453667544886,0.14837453667280753,0.14837453666731232,0.14837453665883515,0.14837453666731232,0.14837453667280753,0.14837453667007763,0.14837453665883515,0.1483745366246894,0.14837453665883515,0.14837453667007763,0.14837453667280753,0.14837453666731232,0.14837453665883515,0.14837453666731232,0.14837453667280753,0.14837453667544886,0.14837453667280753,0.14837453667007763,0.14837453667280753,0.14837453667544886,0.147137582569651,0.14713758256855217,0.147137582567512,0.14713758256855217,0.147137582569651,0.14713758256855217,0.14713758256648363,0.1471375825636945,0.14713758256648363,0.14713758256855217,0.147137582567512,0.1471375825636945,0.1471375825540258,0.1471375825636945,0.147137582567512,0.14713758256855217,0.14713758256648363,0.1471375825636945,0.14713758256648363,0.14713758256855217,0.147137582569651,0.14713758256855217,0.147137582567512,0.14713758256855217,0.147137582569651,0.14592511841760716,0.14592511841787675,0.14592511841826777,0.14592511841787675,0.14592511841760716,0.14592511841787675,0.14592511841869352,0.1459251184204405,0.14592511841869352,0.14592511841787675,0.14592511841826777,0.1459251184204405,0.14592511842957642,0.1459251184204405,0.14592511841826777,0.14592511841787675,0.14592511841869352,0.1459251184204405,0.14592511841869352,0.14592511841787675,0.14592511841760716,0.14592511841787675,0.14592511841826777,0.14592511841787675,0.14592511841760716,0.14473660980132816,0.14473660980257322,0.14473660980394673,0.14473660980257322,0.14473660980132816,0.14473660980257322,0.14473660980536077,0.14473660981005004,0.14473660980536077,0.14473660980257322,0.14473660980394673,0.14473660981005004,0.1447366098306794,0.14473660981005004,0.14473660980394673,0.14473660980257322,0.14473660980536077,0.14473660981005004,0.14473660980536077,0.14473660980257322,0.14473660980132816,0.14473660980257322,0.14473660980394673,0.14473660980257322,0.14473660980132816,0.14357153085608618,0.1435715308578796,0.14357153085979574,0.1435715308578796,0.14357153085608618,0.1435715308578796,0.14357153086175004,0.1435715308680473,0.14357153086175004,0.1435715308578796,0.14357153085979574,0.1435715308680473,0.14357153089508792,0.1435715308680473,0.14357153085979574,0.1435715308578796,0.14357153086175004,0.1435715308680473,0.14357153086175004,0.1435715308578796,0.14357153085608618,0.1435715308578796,0.14357153085979574,0.1435715308578796,0.14357153085608618,0.14242936453186963,0.14242936453379998,0.1424293645358266,0.14242936453379998,0.14242936453186963,0.14242936453379998,0.14242936453788038,0.1424293645444351,0.14242936453788038,0.14242936453379998,0.1424293645358266,0.1424293645444351,0.1424293645725834,0.1424293645444351,0.1424293645358266,0.14242936453379998,0.14242936453788038,0.1424293645444351,0.14242936453788038,0.14242936453379998,0.14242936453186963,0.14242936453379998,0.1424293645358266,0.14242936453379998,0.14242936453186963,0.14130960280624058,0.14130960280798377,0.14130960280973318,0.14130960280798377,0.14130960280624058,0.14130960280798377,0.14130960281148258,0.14130960281678007,0.14130960281148258,0.14130960280798377,0.14130960280973318,0.14130960281678007,0.14130960283822508,0.14130960281678007,0.14130960280973318,0.14130960280798377,0.14130960281148258,0.14130960281678007,0.14130960281148258,0.14130960280798377,0.14130960280624058,0.14130960280798377,0.14130960280973318,0.14130960280798377,0.14130960280624058,0.14021174685307408,0.1402117468546102,0.14021174685603535,0.1402117468546102,0.14021174685307408,0.1402117468546102,0.1402117468574271,0.1402117468612451,0.1402117468574271,0.1402117468546102,0.14021174685603535,0.1402117468612451,0.1402117468754452,0.1402117468612451,0.14021174685603535,0.1402117468546102,0.1402117468574271,0.1402117468612451,0.1402117468574271,0.1402117468546102,0.14021174685307408,0.1402117468546102,0.14021174685603535,0.1402117468546102,0.14021174685307408,0.13913530717106862,0.1391353071727745,0.13913530717423023,0.1391353071727745,0.13913530717106862,0.1391353071727745,0.13913530717562936,0.13913530717863726,0.13913530717562936,0.1391353071727745,0.13913530717423023,0.13913530717863726,0.13913530718476888,0.13913530717863726,0.13913530717423023,0.1391353071727745,0.13913530717562936,0.13913530717863726,0.13913530717562936,0.1391353071727745,0.13913530717106862,0.1391353071727745,0.13913530717423023,0.1391353071727745,0.13913530717106862,0.13807980367613296,0.13807980367884495,0.13807980368147785,0.13807980367884495,0.13807980367613296,0.13807980367884495,0.13807980368411388,0.13807980369104997,0.13807980368411388,0.13807980367884495,0.13807980368147785,0.13807980369104997,0.1380798037099247,0.13807980369104997,0.13807980368147785,0.13807980367884495,0.13807980368411388,0.13807980369104997,0.13807980368411388,0.13807980367884495,0.13807980367613296,0.13807980367884495,0.13807980368147785,0.13807980367884495,0.13807980367613296,0.13704476576127328,0.13704476576524655,0.13704476576998487,0.13704476576524655,0.13704476576127328,0.13704476576524655,0.13704476577487842,0.137044765793952,0.13704476577487842,0.13704476576524655,0.13704476576998487,0.137044765793952,0.13704476589894887,0.137044765793952,0.13704476576998487,0.13704476576524655,0.13704476577487842,0.137044765793952,0.13704476577487842,0.13704476576524655,0.13704476576127328,0.13704476576524655,0.13704476576998487,0.13704476576524655,0.13704476576127328,0.1360297323295264,0.1360297323322501,0.1360297323348984,0.1360297323322501,0.1360297323295264,0.1360297323322501,0.1360297323375468,0.1360297323445824,0.1360297323375468,0.1360297323322501,0.1360297323348984,0.1360297323445824,0.1360297323640166,0.1360297323445824,0.1360297323348984,0.1360297323322501,0.1360297323375468,0.1360297323445824,0.1360297323375468,0.1360297323322501,0.1360297323295264,0.1360297323322501,0.1360297323348984,0.1360297323322501,0.1360297323295264,0.1350342518053372,0.13503425180703268,0.1350342518084275,0.13503425180703268,0.1350342518053372,0.13503425180703268,0.13503425180974807,0.13503425181242965,0.13503425180974807,0.13503425180703268,0.1350342518084275,0.13503425181242965,0.13503425181729004,0.13503425181242965,0.1350342518084275,0.13503425180703268,0.13503425180974807,0.13503425181242965,0.13503425180974807,0.13503425180703268,0.1350342518053372,0.13503425180703268,0.1350342518084275,0.13503425180703268,0.1350342518053372
0.165332487889821,0.16533248788982077,0.16533248788982052,0.16533248788982077,0.165332487889821,0.16533248788982077,0.16533248788982052,0.1653324878898203,0.16533248788982052,0.16533248788982077,0.16533248788982052,0.1653324878898203,0.16533248788982005,0.1653324878898203,0.16533248788982052,0.16533248788982077,0.16533248788982052,0.1653324878898203,0.16533248788982052,0.16533248788982077,0.165332487889821,0.16533248788982077,0.16533248788982052,0.16533248788982077,0.165332487889821,0.16375749416894705,0.1637574941689464,0.16375749416894617,0.1637574941689464,0.16375749416894705,0.1637574941689464,0.1637574941689457,0.16375749416894522,0.1637574941689457,0.1637574941689464,0.16375749416894617,0.16375749416894522,0.16375749416894478,0.16375749416894522,0.16375749416894617,0.1637574941689464,0.1637574941689457,0.16375749416894522,0.1637574941689457,0.1637574941689464,0.16375749416894705,0.1637574941689464,0.16375749416894617,0.1637574941689464,0.16375749416894705,0.16221388438001033,0.16221388438000825,0.16221388438000692,0.16221388438000825,0.16221388438001033,0.16221388438000825,0.16221388438000625,0.16221388438000464,0.16221388438000625,0.16221388438000825,0.16221388438000692,0.16221388438000464,0.16221388438000328,0.16221388438000464,0.16221388438000717,0.16221388438000825,0.16221388438000625,0.16221388438000464,0.16221388438000625,0.16221388438000825,0.16221388438001033,0.16221388438000825,0.16221388438000717,0.16221388438000825,0.16221388438001033,0.16070106748005383,0.16070106748004762,0.1607010674800436,0.16070106748004762,0.16070106748005383,0.16070106748004762,0.1607010674800407,0.1607010674800365,0.1607010674800407,0.16070106748004762,0.1607010674800436,0.1607010674800365,0.1607010674800316,0.1607010674800365,0.1607010674800436,0.16070106748004762,0.1607010674800407,0.1607010674800365,0.1607010674800407,0.16070106748004762,0.16070106748005383,0.16070106748004762,0.1607010674800436,0.16070106748004762,0.16070106748005383,0.15921845184406394,0.15921845184404546,0.15921845184403347,0.15921845184404546,0.15921845184406394,0.15921845184404546,0.15921845184402433,0.15921845184401018,0.15921845184402433,0.15921845184404546,0.15921845184403347,0.15921845184401018,0.15921845184399452,0.15921845184401018,0.15921845184403347,0.15921845184404546,0.15921845184402433,0.15921845184401018,0.15921845184402433,0.15921845184404546,0.15921845184406394,0.15921845184404546,0.15921845184403347,0.15921845184404546,0.15921845184406394,0.15776544661683328,0.1577654466167791,0.157765446616743,0.1577654466167791,0.15776544661683328,0.1577654466167791,0.1577654466167138,0.15776544661666858,0.1577654466167138,0.1577654466167791,0.157765446616743,0.15776544661666858,0.15776544661661562,0.15776544661666858,0.157765446616743,0.1577654466167791,0.1577654466167138,0.15776544661666858,0.1577654466167138,0.1577654466167791,0.15776544661683328,0.1577654466167791,0.157765446616743,0.1577654466167791,0.15776544661683328,0.156341462927315,0.1563414629271611,0.15634146292705403,0.1563414629271611,0.156341462927315,0.1563414629271611,0.15634146292696263,0.1563414629268146,0.15634146292696263,0.1563414629271611,0.15634146292705403,0.1563414629268146,0.15634146292662682,0.1563414629268146,0.15634146292705403,0.1563414629271611,0.15634146292696263,0.1563414629268146,0.15634146292696263,0.1563414629271611,0.156341462927315,0.1563414629271611,0.15634146292705403,0.1563414629271611,0.156341462927315,0.15494591497576757,0.15494591497535115,0.15494591497504007,0.15494591497535115,0.15494591497576757,0.15494591497535115,0.15494591497476035,0.15494591497426644,0.15494591497476035,0.15494591497535115,0.15494591497504007,0.15494591497426644,0.15494591497354548,0.15494591497426644,0.15494591497504007,0.15494591497535115,0.15494591497476035,0.15494591497426644,0.15494591497476035,0.15494591497535115,0.15494591497576757,0.15494591497535115,0.15494591497504007,0.15494591497535115,0.15494591497576757,0.15357822100346902,0.15357822100242421,0.1535782210015608,0.15357822100242421,0.15357822100346902,0.15357822100242421,0.15357822100074217,0.15357822099906615,0.15357822100074217,0.15357822100242421,0.1535782210015608,0.15357822099906615,0.15357822099599705,0.15357822099906615,0.1535782210015608,0.15357822100242421,0.15357822100074217,0.15357822099906615,0.15357822100074217,0.15357822100242421,0.15357822100346902,0.15357822100242421,0.1535782210015608,0.15357822100242421,0.15357822100346902,0.15223780415424024,0.15223780415194746,0.15223780414976235,0.15223780415194746,0.15223780415424024,0.15223780415194746,0.15223780414758842,0.15223780414200017,0.15223780414758842,0.15223780415194746,0.15223780414976235,0.15223780414200017,0.15223780412723467,0.15223780414200017,0.15223780414976235,0.15223780415194746,0.15223780414758842,0.15223780414200017,0.15223780414758842,0.15223780415194746,0.15223780415424024,0.15223780415194746,0.15223780414976235,0.15223780415194746,0.15223780415424024,0.1509240932362937,0.15092409323238495,0.1509240932279669,0.15092409323238495,0.1509240932362937,0.15092409323238495,0.15092409322342884,0.1509240932072469,0.15092409322342884,0.15092409323238495,0.1509240932279669,0.1509240932072469,0.15092409312679408,0.1509240932072469,0.1509240932279669,0.15092409323238495,0.15092409322342884,0.1509240932072469,0.15092409322342884,0.15092409323238495,0.1509240932362937,0.15092409323238495,0.1509240932279669,0.15092409323238495,0.1509240932362937,0.14963652339131486,0.14963652338747,0.1496365233832869,0.14963652338747,0.14963652339131486,0.14963652338747,0.1496365233790049,0.1496365233649297,0.1496365233790049,0.14963652338747,0.1496365233832869,0.1496365233649297,0.14963652330380725,0.1496365233649297,0.1496365233832869,0.14963652338747,0.1496365233790049,0.1496365233649297,0.1496365233790049,0.14963652338747,0.14963652339131486,0.14963652338747,0.1496365233832869,0.14963652338747,0.14963652339131486,0.14837453667566664,0.1483745366730368,0.14837453667031875,0.1483745366730368,0.14837453667566664,0.1483745366730368,0.14837453666756567,0.1483745366591263,0.14837453666756567,0.1483745366730368,0.14837453667031875,0.1483745366591263,0.14837453662516553,0.1483745366591263,0.14837453667031875,0.1483745366730368,0.14837453666756567,0.1483745366591263,0.14837453666756567,0.1483745366730368,0.14837453667566664,0.1483745366730368,0.14837453667031875,0.1483745366730368,0.14837453667566664,0.14713758256977036,0.14713758256868079,0.1471375825676508,0.14713758256868079,0.14713758256977036,0.14713758256868079,0.1471375825666326,0.14713758256387738,0.1471375825666326,0.14713758256868079,0.1471375825676508,0.14713758256387738,0.1471375825543873,0.14713758256387738,0.1471375825676508,0.14713758256868079,0.1471375825666326,0.14713758256387738,0.1471375825666326,0.14713758256868079,0.14713758256977036,0.14713758256868079,0.1471375825676508,0.14713758256868079,0.14713758256977036,0.14592511841760733,0.14592511841788172,0.14592511841827777,0.14592511841788172,0.14592511841760733,0.14592511841788172,0.14592511841870864,0.14592511842047257,0.14592511841870864,0.14592511841788172,0.14592511841827777,0.14592511842047257,0.1459251184296644,0.14592511842047257,0.14592511841827777,0.14592511841788172,0.14592511841870864,0.14592511842047257,0.14592511841870864,0.14592511841788172,0.14592511841760733,0.14592511841788172,0.14592511841827777,0.14592511841788172,0.14592511841760733,0.14473660980119793,0.14473660980244177,0.14473660980381392,0.14473660980244177,0.14473660980119793,0.14473660980244177,0.14473660980522637,0.14473660980991007,0.14473660980522637,0.14473660980244177,0.14473660980381392,0.14473660980991007,0.14473660983050257,0.14473660980991007,0.14473660980381392,0.14473660980244177,0.14473660980522637,0.14473660980991007,0.14473660980522637,0.14473660980244177,0.14473660980119793,0.14473660980244177,0.14473660980381392,0.14473660980244177,0.14473660980119793,0.1435715308558264,0.14357153085761318,0.14357153085952212,0.14357153085761318,0.1435715308558264,0.14357153085761318,0.1435715308614692,0.1435715308677446,0.1435715308614692,0.14357153085761318,0.14357153085952212,0.1435715308677446,0.14357153089467964,0.1435715308677446,0.14357153085952212,0.14357153085761318,0.1435715308614692,0.1435715308677446,0.1435715308614692,0.14357153085761318,0.1435715308558264,0.14357153085761318,0.14357153085952212,0.14357153085761318,0.1435715308558264,0.14242936453149255,0.14242936453341162,0.142429364535426,0.14242936453341162,0.14242936453149255,0.14242936453341162,0.14242936453746705,0.14242936454397867,0.14242936453746705,0.14242936453341162,0.142429364535426,0.14242936454397867,0.14242936457192784,0.14242936454397867,0.142429364535426,0.14242936453341162,0.14242936453746705,0.14242936454397867,0.14242936453746705,0.14242936453341162,0.14242936453149255,0.14242936453341162,0.142429364535426,0.14242936453341162,0.14242936453149255,0.1413096028057671,0.14130960280749874,0.14130960280923568,0.14130960280749874,0.1413096028057671,0.14130960280749874,0.14130960281097243,0.14130960281622662,0.14130960281097243,0.14130960280749874,0.14130960280923568,0.14130960281622662,0.1413096028374715,0.14130960281622662,0.14130960280923568,0.14130960280749874,0.14130960281097243,0.14130960281622662,0.14130960281097243,0.14130960280749874,0.1413096028057671,0.14130960280749874,0.14130960280923568,0.14130960280749874,0.1413096028057671,0.14021174685252646,0.14021174685405435,0.1402117468554716,0.14021174685405435,0.14021174685252646,0.14021174685405435,0.14021174685685547,0.1402117468606522,0.14021174685685547,0.14021174685405435,0.1402117468554716,0.1402117468606522,0.14021174687477567,0.1402117468606522,0.1402117468554716,0.14021174685405435,0.14021174685685547,0.1402117468606522,0.14021174685685547,0.14021174685405435,0.14021174685252646,0.14021174685405435,0.1402117468554716,0.14021174685405435,0.14021174685252646,0.13913530717046274,0.1391353071721623,0.1391353071736125,0.1391353071721623,0.13913530717046274,0.1391353071721623,0.13913530717500638,0.1391353071780031,0.13913530717500638,0.1391353071721623,0.1391353071736125,0.1391353071780031,0.1391353071841122,0.1391353071780031,0.1391353071736125,0.1391353071721623,0.13913530717500638,0.1391353071780031,0.13913530717500638,0.1391353071721623,0.13913530717046274,0.1391353071721623,0.1391353071736125,0.1391353071721623,0.13913530717046274,0.13807980367548134,0.13807980367818543,0.13807980368081088,0.13807980367818543,0.13807980367548134,0.13807980367818543,0.13807980368343975,0.13807980369035694,0.13807980368343975,0.13807980367818543,0.13807980368081088,0.13807980369035694,0.1380798037091819,0.13807980369035694,0.13807980368081088,0.13807980367818543,0.13807980368343975,0.13807980369035694,0.13807980368343975,0.13807980367818543,0.13807980367548134,0.13807980367818543,0.13807980368081088,0.13807980367818543,0.13807980367548134,0.1370447657605908,0.1370447657645537,0.13704476576927957,0.1370447657645537,0.1370447657605908,0.1370447657645537,0.1370447657741605,0.13704476579318497,0.1370447657741605,0.1370447657645537,0.13704476576927957,0.13704476579318497,0.13704476589792,0.13704476579318497,0.13704476576927957,0.1370447657645537,0.1370447657741605,0.13704476579318497,0.1370447657741605,0.1370447657645537,0.1370447657605908,0.1370447657645537,0.13704476576927957,0.1370447657645537,0.1370447657605908,0.13602973232883422,0.13602973233155097,0.13602973233419222,0.13602973233155097,0.13602973232883422,0.13602973233155097,0.1360297323368338,0.13602973234385132,0.1360297323368338,0.13602973233155097,0.13602973233419222,0.13602973234385132,0.1360297323632356,0.13602973234385132,0.13602973233419222,0.13602973233155097,0.1360297323368338,0.13602973234385132,0.1360297323368338,0.13602973233155097,0.13602973232883422,0.13602973233155097,0.13602973233419222,0.13602973233155097,0.13602973232883422,0.13503425180464945,0.13503425180634054,0.1350342518077317,0.13503425180634054,0.13503425180464945,0.13503425180634054,0.13503425180904888,0.1350342518117236,0.13503425180904888,0.13503425180634054,0.1350342518077317,0.1350342518117236,0.13503425181657142,0.1350342518117236,0.1350342518077317,0.13503425180634054,0.13503425180904888,0.1350342518117236,0.13503425180904888,0.13503425180634054,0.13503425180464945,0.13503425180634054,0.1350342518077317,0.13503425180634054,0.13503425180464945
0.16533248789027527,0.16533248789027502,0.1653324878902748,0.16533248789027502,0.16533248789027527,0.16533248789027502,0.1653324878902748,0.16533248789027458,0.1653324878902748,0.16533248789027502,0.1653324878902748,0.16533248789027458,0.16533248789027433,0.16533248789027458,0.1653324878902748,0.16533248789027502,0.1653324878902748,0.16533248789027458,0.1653324878902748,0.16533248789027502,0.16533248789027527,0.16533248789027502,0.1653324878902748,0.16533248789027502,0.16533248789027527,0.1637574941693923,0.16375749416939162,0.16375749416939117,0.16375749416939162,0.1637574941693923,0.16375749416939162,0.16375749416939092,0.16375749416939045,0.16375749416939092,0.16375749416939162,0.16375749416939117,0.16375749416939045,0.16375749416939,0.16375749416939045,0.16375749416939117,0.16375749416939162,0.16375749416939092,0.16375749416939045,0.16375749416939092,0.16375749416939162,0.1637574941693923,0.16375749416939162,0.16375749416939117,0.16375749416939162,0.1637574941693923,0.16221388438044645,0.1622138843804444,0.1622138843804433,0.1622138843804444,0.16221388438044645,0.1622138843804444,0.16221388438044237,0.162213884380441,0.16221388438044237,0.1622138843804444,0.1622138843804433,0.162213884380441,0.1622138843804394,0.162213884380441,0.1622138843804433,0.1622138843804444,0.16221388438044237,0.162213884380441,0.16221388438044237,0.1622138843804444,0.16221388438044645,0.1622138843804444,0.1622138843804433,0.1622138843804444,0.16221388438044645,0.16070106748048102,0.1607010674804748,0.16070106748047103,0.1607010674804748,0.16070106748048102,0.1607010674804748,0.16070106748046814,0.1607010674804637,0.16070106748046814,0.1607010674804748,0.16070106748047103,0.1607010674804637,0.1607010674804588,0.1607010674804637,0.16070106748047103,0.1607010674804748,0.16070106748046814,0.1607010674804637,0.16070106748046814,0.1607010674804748,0.16070106748048102,0.1607010674804748,0.16070106748047103,0.1607010674804748,0.16070106748048102,0.1592184518444824,0.15921845184446393,0.1592184518444519,0.15921845184446393,0.1592184518444824,0.15921845184446393,0.15921845184444278,0.15921845184442862,0.15921845184444278,0.15921845184446393,0.1592184518444519,0.15921845184442862,0.1592184518444132,0.15921845184442862,0.1592184518444519,0.15921845184446393,0.15921845184444278,0.15921845184442862,0.15921845184444278,0.15921845184446393,0.1592184518444824,0.15921845184446393,0.1592184518444519,0.15921845184446393,0.1592184518444824,0.15776544661724318,0.15776544661718897,0.1577654466171531,0.15776544661718897,0.15776544661724318,0.15776544661718897,0.15776544661712386,0.15776544661707864,0.15776544661712386,0.15776544661718897,0.1577654466171531,0.15776544661707864,0.15776544661702593,0.15776544661707864,0.1577654466171531,0.15776544661718897,0.15776544661712386,0.15776544661707864,0.15776544661712386,0.15776544661718897,0.15776544661724318,0.15776544661718897,0.1577654466171531,0.15776544661718897,0.15776544661724318,0.15634146292771584,0.15634146292756237,0.15634146292745532,0.15634146292756237,0.15634146292771584,0.15634146292756237,0.15634146292736414,0.1563414629272165,0.15634146292736414,0.15634146292756237,0.15634146292745532,0.1563414629272165,0.15634146292702916,0.1563414629272165,0.15634146292745532,0.15634146292756237,0.15634146292736414,0.1563414629272165,0.15634146292736414,0.15634146292756237,0.15634146292771584,0.15634146292756237,0.15634146292745532,0.15634146292756237,0.15634146292771564,0.15494591497615898,0.1549459149757434,0.1549459149754331,0.1549459149757434,0.15494591497615898,0.1549459149757434,0.154945914975154,0.15494591497466112,0.154945914975154,0.1549459149757434,0.1549459149754331,0.15494591497466112,0.15494591497394183,0.15494591497466112,0.1549459149754331,0.1549459149757434,0.154945914975154,0.15494591497466112,0.154945914975154,0.1549459149757434,0.15494591497615898,0.1549459149757434,0.1549459149754331,0.1549459149757434,0.15494591497615898,0.15357822100384877,0.15357822100280663,0.153578221001945,0.15357822100280663,0.15357822100384877,0.15357822100280663,0.15357822100112836,0.15357822099945614,0.15357822100112836,0.15357822100280663,0.153578221001945,0.15357822099945614,0.1535782209963939,0.15357822099945614,0.153578221001945,0.15357822100280663,0.15357822100112836,0.15357822099945614,0.15357822100112836,0.15357822100280663,0.15357822100384877,0.15357822100280663,0.153578221001945,0.15357822100280663,0.15357822100384877,0.1522378041546038,0.15223780415231633,0.15223780415013632,0.15223780415231633,0.1522378041546038,0.15223780415231633,0.15223780414796775,0.15223780414239185,0.15223780414796775,0.15223780415231633,0.15223780415013632,0.15223780414239185,0.15223780412765883,0.15223780414239185,0.15223780415013632,0.15223780415231633,0.15223780414796775,0.15223780414239185,0.15223780414796775,0.15223780415231633,0.1522378041546038,0.15223780415231633,0.15223780415013632,0.15223780415231633,0.1522378041546038,0.1509240932366294,0.15092409323273048,0.1509240932283232,0.15092409323273048,0.1509240932366294,0.15092409323273048,0.15092409322379596,0.15092409320765107,0.15092409322379596,0.15092409323273048,0.1509240932283232,0.15092409320765107,0.15092409312739483,0.15092409320765107,0.1509240932283232,0.15092409323273048,0.15092409322379596,0.15092409320765107,0.15092409322379596,0.15092409323273048,0.1509240932366294,0.15092409323273048,0.1509240932283232,0.15092409323273048,0.1509240932366294,0.14963652339160205,0.14963652338776876,0.14963652338359795,0.14963652338776876,0.14963652339160205,0.14963652338776876,0.14963652337932826,0.149636523365292,0.14963652337932826,0.14963652338776876,0.14963652338359795,0.149636523365292,0.14963652330430188,0.149636523365292,0.14963652338359795,0.14963652338776876,0.14963652337932826,0.149636523365292,0.14963652337932826,0.14963652338776876,0.14963652339160205,0.14963652338776876,0.14963652338359795,0.14963652338776876,0.14963652339160205,0.14837453667588105,0.1483745366732625,0.14837453667055617,0.1483745366732625,0.14837453667588105,0.1483745366732625,0.14837453666781492,0.14837453665941266,0.14837453666781492,0.1483745366732625,0.14837453667055617,0.14837453665941266,0.14837453662557215,0.14837453665941266,0.14837453667055617,0.1483745366732625,0.14837453666781492,0.14837453665941266,0.14837453666781492,0.1483745366732625,0.14837453667588105,0.1483745366732625,0.14837453667055617,0.1483745366732625,0.14837453667588105,0.1471375825698879,0.14713758256880738,0.1471375825677872,0.14713758256880738,0.1471375825698879,0.14713758256880738,0.1471375825667792,0.14713758256405707,0.1471375825667792,0.14713758256880738,0.1471375825677872,0.14713758256405707,0.14713758255469556,0.14713758256405707,0.1471375825677872,0.14713758256880738,0.1471375825667792,0.14713758256405707,0.1471375825667792,0.14713758256880738,0.1471375825698879,0.14713758256880738,0.1471375825677872,0.14713758256880738,0.1471375825698879,0.1459251184176077,0.14592511841788672,0.14592511841828773,0.14592511841788672,0.1459251184176077,0.14592511841788672,0.1459251184187238,0.14592511842050443,0.1459251184187238,0.14592511841788672,0.14592511841828773,0.14592511842050443,0.1459251184297903,0.14592511842050443,0.14592511841828773,0.14592511841788672,0.1459251184187238,0.14592511842050443,0.1459251184187238,0.14592511841788672,0.1459251184176077,0.14592511841788672,0.14592511841828773,0.14592511841788672,0.1459251184176077,0.14473660980107014,0.14473660980231262,0.14473660980368336,0.14473660980231262,0.14473660980107014,0.14473660980231262,0.1447366098050944,0.14473660980977288,0.1447366098050944,0.14473660980231262,0.14473660980368336,0.14473660980977288,0.14473660983032227,0.14473660980977288,0.14473660980368336,0.14473660980231262,0.1447366098050944,0.14473660980977288,0.1447366098050944,0.14473660980231262,0.14473660980107014,0.14473660980231262,0.14473660980368336,0.14473660980231262,0.14473660980107014,0.14357153085557098,0.14357153085735103,0.14357153085925328,0.14357153085735103,0.14357153085557098,0.14357153085735103,0.14357153086119323,0.1435715308674472,0.14357153086119323,0.14357153085735103,0.14357153085925328,0.1435715308674472,0.14357153089431401,0.1435715308674472,0.14357153085925328,0.14357153085735103,0.14357153086119323,0.1435715308674472,0.14357153086119323,0.14357153085735103,0.14357153085557098,0.14357153085735103,0.14357153085925328,0.14357153085735103,0.14357153085557098,0.14242936453112115,0.14242936453302935,0.1424293645350316,0.14242936453302935,0.14242936453112115,0.14242936453302935,0.14242936453706023,0.14242936454352925,0.14242936453706023,0.14242936453302935,0.1424293645350316,0.14242936454352925,0.142429364571283,0.14242936454352925,0.1424293645350316,0.14242936453302935,0.14242936453706023,0.14242936454352925,0.14242936453706023,0.14242936453302935,0.14242936453112115,0.14242936453302935,0.1424293645350316,0.14242936453302935,0.14242936453112115,0.14130960280530083,0.14130960280702132,0.14130960280874588,0.14130960280702132,0.14130960280530083,0.14130960280702132,0.14130960281047,0.14130960281568156,0.14130960281047,0.14130960280702132,0.14130960280874588,0.14130960281568156,0.14130960283672073,0.14130960281568156,0.14130960280874588,0.14130960280702132,0.14130960281047,0.14130960281568156,0.14130960281047,0.14130960280702132,0.14130960280530083,0.14130960280702132,0.14130960280874588,0.14130960280702132,0.14130960280530083,0.14021174685198723,0.1402117468535069,0.1402117468549164,0.1402117468535069,0.14021174685198723,0.1402117468535069,0.14021174685629254,0.14021174686006843,0.14021174685629254,0.1402117468535069,0.1402117468549164,0.14021174686006843,0.14021174687412566,0.14021174686006843,0.1402117468549164,0.1402117468535069,0.14021174685629254,0.14021174686006843,0.14021174685629254,0.1402117468535069,0.14021174685198723,0.1402117468535069,0.1402117468549164,0.1402117468535069,0.14021174685198723,0.1391353071698662,0.13913530717155942,0.13913530717300424,0.13913530717155942,0.1391353071698662,0.13913530717155942,0.13913530717439307,0.1391353071773787,0.13913530717439307,0.13913530717155942,0.13913530717300424,0.1391353071773787,0.1391353071834657,0.1391353071773787,0.13913530717300424,0.13913530717155942,0.13913530717439307,0.1391353071773787,0.13913530717439307,0.13913530717155942,0.1391353071698662,0.13913530717155942,0.13913530717300424,0.13913530717155942,0.1391353071698662,0.13807980367483946,0.13807980367753594,0.1380798036801541,0.13807980367753594,0.13807980367483946,0.13807980367753594,0.1380798036827757,0.13807980368967443,0.1380798036827757,0.13807980367753594,0.1380798036801541,0.13807980368967443,0.1380798037084501,0.13807980368967443,0.1380798036801541,0.13807980367753594,0.1380798036827757,0.13807980368967443,0.1380798036827757,0.13807980367753594,0.13807980367483946,0.13807980367753594,0.1380798036801541,0.13807980367753594,0.13807980367483946,0.1370447657599186,0.13704476576387103,0.13704476576858488,0.13704476576387103,0.1370447657599186,0.13704476576387103,0.1370447657734532,0.13704476579242916,0.1370447657734532,0.13704476576387103,0.13704476576858488,0.13704476579242916,0.13704476589688946,0.13704476579242916,0.13704476576858488,0.13704476576387103,0.1370447657734532,0.13704476579242916,0.1370447657734532,0.13704476576387103,0.1370447657599186,0.13704476576387103,0.13704476576858488,0.13704476576387103,0.1370447657599186,0.13602973232815238,0.13602973233086207,0.13602973233349663,0.13602973233086207,0.13602973232815238,0.13602973233086207,0.1360297323361315,0.136029732343131,0.1360297323361315,0.13602973233086207,0.13602973233349663,0.136029732343131,0.1360297323624662,0.136029732343131,0.13602973233349663,0.13602973233086207,0.1360297323361315,0.136029732343131,0.1360297323361315,0.13602973233086207,0.13602973232815238,0.13602973233086207,0.13602973233349663,0.13602973233086207,0.13602973232815238,0.13503425180397194,0.13503425180565862,0.13503425180704628,0.13503425180565862,0.13503425180397194,0.13503425180565862,0.13503425180836012,0.13503425181102807,0.13503425180836012,0.13503425180565862,0.13503425180704628,0.13503425181102807,0.13503425181586348,0.13503425181102807,0.13503425180704628,0.13503425180565862,0.13503425180836012,0.13503425181102807,0.13503425180836012,0.13503425180565862,0.13503425180397194,0.13503425180565862,0.13503425180704628,0.13503425180565862,0.13503425180397194
0.16533248789072272,0.16533248789072247,0.16533248789072225,0.16533248789072225,0.16533248789072272,0.16533248789072247,0.165332487890722,0.16533248789072175,0.165332487890722,0.16533248789072247,0.16533248789072225,0.16533248789072175,0.16533248789072175,0.16533248789072175,0.16533248789072225,0.16533248789072225,0.165332487890722,0.16533248789072175,0.165332487890722,0.16533248789072225,0.16533248789072272,0.16533248789072247,0.16533248789072225,0.16533248789072225,0.16533248789072272,0.1637574941698306,0.16375749416982993,0.16375749416982946,0.16375749416982993,0.1637574941698306,0.16375749416982993,0.1637574941698292,0.16375749416982877,0.1637574941698292,0.16375749416982993,0.16375749416982946,0.16375749416982877,0.16375749416982827,0.16375749416982877,0.16375749416982946,0.16375749416982993,0.1637574941698292,0.16375749416982877,0.1637574941698292,0.16375749416982993,0.1637574941698306,0.16375749416982993,0.16375749416982946,0.16375749416982993,0.1637574941698306,0.162213884380876,0.16221388438087395,0.16221388438087259,0.16221388438087395,0.162213884380876,0.16221388438087395,0.1622138843808717,0.16221388438087034,0.1622138843808717,0.16221388438087395,0.16221388438087259,0.16221388438087034,0.16221388438086898,0.16221388438087034,0.16221388438087259,0.16221388438087395,0.1622138843808717,0.16221388438087034,0.1622138843808717,0.16221388438087395,0.162213884380876,0.16221388438087395,0.16221388438087259,0.16221388438087395,0.162213884380876,0.1607010674809018,0.16070106748089555,0.16070106748089177,0.16070106748089555,0.1607010674809018,0.16070106748089555,0.1607010674808889,0.16070106748088445,0.1607010674808889,0.16070106748089555,0.16070106748089177,0.16070106748088445,0.16070106748087978,0.16070106748088445,0.16070106748089177,0.16070106748089555,0.1607010674808889,0.16070106748088445,0.1607010674808889,0.16070106748089555,0.1607010674809018,0.16070106748089555,0.16070106748089177,0.16070106748089555,0.1607010674809018,0.15921845184489455,0.15921845184487626,0.15921845184486427,0.15921845184487604,0.15921845184489455,0.15921845184487626,0.15921845184485517,0.15921845184484099,0.15921845184485517,0.15921845184487626,0.15921845184486427,0.15921845184484099,0.15921845184482533,0.15921845184484099,0.15921845184486427,0.15921845184487604,0.15921845184485517,0.15921845184484099,0.15921845184485517,0.15921845184487626,0.15921845184489455,0.15921845184487626,0.15921845184486427,0.15921845184487626,0.15921845184489455,0.15776544661764663,0.15776544661759268,0.15776544661755681,0.15776544661759268,0.15776544661764663,0.15776544661759268,0.15776544661752756,0.15776544661748257,0.15776544661752756,0.15776544661759268,0.15776544661755681,0.15776544661748257,0.15776544661742986,0.15776544661748257,0.15776544661755681,0.15776544661759268,0.15776544661752756,0.15776544661748257,0.15776544661752756,0.15776544661759268,0.15776544661764663,0.15776544661759268,0.15776544661755681,0.15776544661759268,0.15776544661764663,0.15634146292811044,0.15634146292795736,0.15634146292785073,0.15634146292795736,0.15634146292811044,0.15634146292795736,0.15634146292775977,0.15634146292761233,0.15634146292775977,0.15634146292795736,0.15634146292785073,0.15634146292761233,0.1563414629274254,0.15634146292761233,0.15634146292785073,0.15634146292795736,0.15634146292775977,0.15634146292761233,0.15634146292775977,0.15634146292795736,0.15634146292811044,0.15634146292795736,0.15634146292785073,0.15634146292795736,0.15634146292811044,0.15494591497654447,0.1549459149761297,0.15494591497582022,0.1549459149761297,0.15494591497654447,0.1549459149761297,0.15494591497554175,0.1549459149750499,0.15494591497554175,0.1549459149761297,0.15494591497582022,0.1549459149750499,0.15494591497433222,0.1549459149750499,0.15494591497582022,0.1549459149761297,0.15494591497554175,0.1549459149750499,0.15494591497554175,0.1549459149761297,0.15494591497654447,0.1549459149761297,0.15494591497582022,0.1549459149761297,0.15494591497654447,0.15357822100422297,0.15357822100318322,0.1535782210023236,0.15357822100318322,0.15357822100422297,0.15357822100318322,0.15357822100150875,0.15357822099984017,0.15357822100150875,0.15357822100318322,0.1535782210023236,0.15357822099984017,0.15357822099678473,0.15357822099984017,0.1535782210023236,0.15357822100318322,0.15357822100150875,0.15357822099984017,0.15357822100150875,0.15357822100318322,0.15357822100422297,0.15357822100318322,0.1535782210023236,0.15357822100318322,0.15357822100422297,0.15223780415496185,0.15223780415267968,0.1522378041505048,0.1522378041526799,0.15223780415496185,0.15223780415267968,0.15223780414834115,0.15223780414277788,0.15223780414834115,0.1522378041526799,0.1522378041505048,0.15223780414277788,0.15223780412807672,0.15223780414277788,0.1522378041505048,0.1522378041526799,0.15223780414834115,0.15223780414277788,0.15223780414834115,0.1522378041526799,0.15223780415496185,0.1522378041526799,0.1522378041505048,0.1522378041526799,0.15223780415496185,0.15092409323695985,0.15092409323307077,0.15092409322867414,0.15092409323307077,0.15092409323695985,0.15092409323307077,0.15092409322415748,0.15092409320804906,0.15092409322415748,0.15092409323307077,0.15092409322867414,0.15092409320804906,0.15092409312795313,0.15092409320804906,0.15092409322867414,0.15092409323307077,0.15092409322415748,0.15092409320804906,0.15092409322415748,0.15092409323307077,0.15092409323695985,0.15092409323307077,0.15092409322867414,0.15092409323307077,0.15092409323695985,0.14963652339188493,0.1496365233880632,0.14963652338390426,0.1496365233880632,0.14963652339188493,0.1496365233880632,0.14963652337964667,0.14963652336564878,0.14963652337964667,0.1496365233880632,0.14963652338390426,0.14963652336564878,0.14963652330485874,0.14963652336564878,0.14963652338390426,0.1496365233880632,0.14963652337964667,0.14963652336564878,0.14963652337964667,0.1496365233880632,0.14963652339188493,0.1496365233880632,0.14963652338390426,0.1496365233880632,0.14963652339188493,0.14837453667609213,0.14837453667348452,0.14837453667078987,0.14837453667348452,0.14837453667609213,0.14837453667348452,0.14837453666806033,0.14837453665969436,0.14837453666806033,0.14837453667348452,0.14837453667078987,0.14837453665969436,0.14837453662602046,0.14837453665969436,0.14837453667078987,0.14837453667348452,0.14837453666806033,0.14837453665969436,0.14837453666806033,0.14837453667348452,0.14837453667609213,0.14837453667348452,0.14837453667078987,0.14837453667348452,0.14837453667609213,0.14713758257000342,0.14713758256893203,0.14713758256792145,0.14713758256893203,0.14713758257000342,0.14713758256893203,0.14713758256692325,0.14713758256423362,0.14713758256692325,0.14713758256893203,0.14713758256792145,0.14713758256423362,0.14713758255502835,0.14713758256423362,0.14713758256792145,0.14713758256893203,0.14713758256692325,0.14713758256423362,0.14713758256692325,0.14713758256893203,0.14713758257000342,0.14713758256893203,0.14713758256792145,0.14713758256893203,0.14713758257000342,0.14592511841760822,0.14592511841789169,0.14592511841829767,0.14592511841789169,0.14592511841760822,0.14592511841789169,0.14592511841873856,0.14592511842053593,0.14592511841873856,0.14592511841789169,0.14592511841829767,0.14592511842053593,0.14592511842988715,0.14592511842053593,0.14592511841829767,0.14592511841789169,0.14592511841873856,0.14592511842053593,0.14592511841873856,0.14592511841789169,0.14592511841760822,0.14592511841789169,0.14592511841829767,0.14592511841789169,0.14592511841760822,0.14473660980094433,0.14473660980218553,0.14473660980355504,0.14473660980218553,0.14473660980094433,0.14473660980218553,0.14473660980496472,0.14473660980963832,0.14473660980496472,0.14473660980218553,0.14473660980355504,0.14473660980963832,0.14473660983016798,0.14473660980963832,0.14473660980355504,0.14473660980218553,0.14473660980496472,0.14473660980963832,0.14473660980496472,0.14473660980218553,0.14473660980094433,0.14473660980218553,0.14473660980355504,0.14473660980218553,0.14473660980094433,0.14357153085531957,0.14357153085709318,0.1435715308589886,0.14357153085709318,0.14357153085531957,0.14357153085709318,0.14357153086092164,0.14357153086715496,0.14357153086092164,0.14357153085709318,0.1435715308589886,0.14357153086715496,0.14357153089393532,0.14357153086715496,0.1435715308589886,0.14357153085709318,0.14357153086092164,0.14357153086715496,0.14357153086092164,0.14357153085709318,0.14357153085531957,0.14357153085709318,0.1435715308589886,0.14357153085709318,0.14357153085531957,0.1424293645307556,0.14242936453265304,0.14242936453464328,0.14242936453265304,0.1424293645307556,0.14242936453265304,0.1424293645366598,0.14242936454308688,0.1424293645366598,0.14242936453265304,0.14242936453464328,0.14242936454308688,0.14242936457064806,0.14242936454308688,0.14242936453464328,0.14242936453265304,0.1424293645366598,0.14242936454308688,0.1424293645366598,0.14242936453265304,0.1424293645307556,0.14242936453265304,0.14242936453464328,0.14242936453265304,0.1424293645307556,0.14130960280484164,0.1413096028065511,0.14130960280826335,0.1413096028065511,0.14130960280484164,0.1413096028065511,0.14130960280997512,0.14130960281514462,0.14130960280997512,0.1413096028065511,0.14130960280826335,0.14130960281514462,0.14130960283598423,0.14130960281514462,0.14130960280826335,0.1413096028065511,0.14130960280997512,0.14130960281514462,0.14130960280997512,0.1413096028065511,0.14130960280484164,0.1413096028065511,0.14130960280826335,0.1413096028065511,0.14130960280484164,0.14021174685145607,0.14021174685296764,0.14021174685436943,0.14021174685296764,0.14021174685145607,0.14021174685296764,0.14021174685573798,0.14021174685949325,0.14021174685573798,0.14021174685296764,0.14021174685436943,0.14021174685949325,0.14021174687346757,0.14021174685949325,0.14021174685436943,0.14021174685296764,0.14021174685573798,0.14021174685949325,0.14021174685573798,0.14021174685296764,0.14021174685145607,0.14021174685296764,0.14021174685436943,0.14021174685296764,0.14021174685145607,0.1391353071692785,0.1391353071709652,0.13913530717240483,0.1391353071709652,0.1391353071692785,0.1391353071709652,0.13913530717378864,0.13913530717676334,0.13913530717378864,0.1391353071709652,0.13913530717240483,0.13913530717676334,0.13913530718282852,0.13913530717676334,0.13913530717240483,0.1391353071709652,0.13913530717378864,0.13913530717676334,0.13913530717378864,0.1391353071709652,0.1391353071692785,0.1391353071709652,0.13913530717240483,0.1391353071709652,0.1391353071692785,0.13807980367420689,0.13807980367689576,0.1380798036795068,0.13807980367689576,0.13807980367420689,0.13807980367689576,0.13807980368212144,0.13807980368900172,0.13807980368212144,0.13807980367689576,0.1380798036795068,0.13807980368900172,0.13807980370772902,0.13807980368900172,0.1380798036795068,0.13807980367689576,0.13807980368212144,0.13807980368900172,0.13807980368212144,0.13807980367689576,0.13807980367420689,0.13807980367689576,0.1380798036795068,0.13807980367689576,0.13807980367420689,0.13704476575925634,0.13704476576319857,0.13704476576790023,0.13704476576319857,0.13704476575925634,0.13704476576319857,0.13704476577275626,0.13704476579168434,0.13704476577275626,0.13704476576319857,0.13704476576790023,0.13704476579168434,0.13704476589589942,0.13704476579168418,0.13704476576790023,0.13704476576319857,0.13704476577275626,0.13704476579168418,0.13704476577275626,0.13704476576319857,0.13704476575925634,0.13704476576319857,0.13704476576790023,0.13704476576319857,0.13704476575925634,0.13602973232748033,0.1360297323301832,0.13602973233281104,0.1360297323301832,0.13602973232748033,0.1360297323301832,0.13602973233543936,0.13602973234242127,0.13602973233543936,0.1360297323301832,0.13602973233281104,0.13602973234242127,0.13602973236170768,0.13602973234242127,0.13602973233281104,0.1360297323301832,0.13602973233543936,0.13602973234242127,0.13602973233543936,0.1360297323301832,0.13602973232748033,0.1360297323301832,0.13602973233281104,0.1360297323301832,0.13602973232748033,0.1350342518033042,0.13503425180498668,0.13503425180637083,0.13503425180498668,0.13503425180330433,0.13503425180498668,0.13503425180768142,0.1350342518103425,0.13503425180768142,0.13503425180498668,0.13503425180637083,0.1350342518103425,0.1350342518151659,0.1350342518103425,0.13503425180637083,0.13503425180498668,0.13503425180768142,0.1350342518103425,0.13503425180768142,0.13503425180498668,0.13503425180330433,0.13503425180498668,0.13503425180637083,0.13503425180498668,0.13503425180330433
0.16533248789116353,0.16533248789116328,0.16533248789116306,0.16533248789116328,0.16533248789116353,0.16533248789116328,0.1653324878911628,0.1653324878911628,0.1653324878911628,0.16533248789116328,0.16533248789116306,0.1653324878911628,0.16533248789116256,0.1653324878911628,0.16533248789116306,0.16533248789116328,0.1653324878911628,0.1653324878911628,0.1653324878911628,0.16533248789116328,0.16533248789116353,0.16533248789116328,0.16533248789116306,0.16533248789116328,0.16533248789116353,0.16375749417026267,0.16375749417026197,0.1637574941702615,0.16375749417026197,0.16375749417026267,0.16375749417026197,0.16375749417026128,0.1637574941702608,0.16375749417026128,0.16375749417026197,0.1637574941702615,0.1637574941702608,0.16375749417026034,0.1637574941702608,0.1637574941702615,0.16375749417026197,0.16375749417026128,0.1637574941702608,0.16375749417026128,0.16375749417026197,0.16375749417026267,0.16375749417026197,0.1637574941702615,0.16375749417026197,0.16375749417026267,0.16221388438129922,0.16221388438129716,0.16221388438129603,0.16221388438129739,0.16221388438129922,0.16221388438129716,0.16221388438129514,0.16221388438129378,0.16221388438129514,0.16221388438129739,0.16221388438129603,0.16221388438129378,0.1622138843812924,0.16221388438129378,0.16221388438129603,0.16221388438129739,0.16221388438129514,0.16221388438129378,0.16221388438129514,0.16221388438129739,0.16221388438129922,0.16221388438129739,0.16221388438129603,0.16221388438129739,0.16221388438129922,0.16070106748131652,0.16070106748131033,0.16070106748130653,0.16070106748131033,0.16070106748131652,0.16070106748131033,0.16070106748130367,0.16070106748129923,0.16070106748130367,0.16070106748131033,0.16070106748130653,0.16070106748129923,0.16070106748129453,0.16070106748129923,0.16070106748130653,0.16070106748131033,0.16070106748130367,0.16070106748129923,0.16070106748130367,0.16070106748131033,0.16070106748131652,0.16070106748131033,0.16070106748130653,0.16070106748131033,0.16070106748131652,0.1592184518453008,0.1592184518452823,0.15921845184527056,0.1592184518452823,0.1592184518453008,0.1592184518452823,0.1592184518452614,0.15921845184524724,0.1592184518452614,0.1592184518452823,0.15921845184527056,0.15921845184524724,0.15921845184523178,0.15921845184524724,0.15921845184527056,0.1592184518452823,0.1592184518452614,0.15921845184524724,0.1592184518452614,0.1592184518452823,0.1592184518453008,0.1592184518452823,0.15921845184527056,0.1592184518452823,0.1592184518453008,0.15776544661804437,0.1577654466179906,0.15776544661795472,0.1577654466179906,0.15776544661804437,0.1577654466179906,0.15776544661792571,0.1577654466178805,0.15776544661792571,0.1577654466179906,0.15776544661795472,0.1577654466178805,0.15776544661782801,0.1577654466178805,0.15776544661795472,0.1577654466179906,0.15776544661792571,0.1577654466178805,0.15776544661792571,0.1577654466179906,0.15776544661804437,0.1577654466179906,0.15776544661795472,0.1577654466179906,0.15776544661804437,0.1563414629284996,0.15634146292834694,0.1563414629282405,0.15634146292834694,0.1563414629284996,0.15634146292834694,0.15634146292814974,0.15634146292800274,0.15634146292814974,0.15634146292834694,0.1563414629282405,0.15634146292800274,0.156341462927816,0.15634146292800274,0.1563414629282405,0.15634146292834694,0.15634146292814974,0.15634146292800274,0.15634146292814974,0.15634146292834694,0.1563414629284996,0.15634146292834694,0.1563414629282405,0.15634146292834694,0.1563414629284996,0.1549459149769242,0.15494591497651045,0.1549459149762016,0.15494591497651045,0.1549459149769242,0.15494591497651045,0.15494591497592372,0.1549459149754331,0.15494591497592372,0.15494591497651045,0.1549459149762016,0.1549459149754331,0.1549459149747171,0.1549459149754331,0.1549459149762016,0.15494591497651045,0.15494591497592372,0.1549459149754331,0.15494591497592372,0.15494591497651045,0.1549459149769242,0.15494591497651045,0.1549459149762016,0.15494591497651045,0.1549459149769242,0.1535782210045919,0.15357822100355437,0.15357822100269675,0.15357822100355437,0.1535782210045919,0.15357822100355437,0.15357822100188373,0.15357822100021895,0.15357822100188373,0.15357822100355437,0.15357822100269675,0.15357822100021895,0.15357822099717017,0.15357822100021895,0.15357822100269675,0.15357822100355437,0.15357822100188373,0.15357822100021895,0.15357822100188373,0.15357822100355437,0.1535782210045919,0.15357822100355437,0.15357822100269675,0.15357822100355437,0.1535782210045919,0.15223780415531477,0.15223780415303795,0.15223780415086796,0.15223780415303795,0.15223780415531477,0.15223780415303795,0.15223780414870922,0.15223780414315816,0.15223780414870922,0.15223780415303795,0.15223780415086796,0.15223780414315816,0.15223780412848892,0.15223780414315816,0.15223780415086796,0.15223780415303795,0.15223780414870922,0.15223780414315816,0.15223780414870922,0.15223780415303795,0.15223780415531477,0.15223780415303795,0.15223780415086796,0.15223780415303795,0.15223780415531477,0.1509240932372859,0.15092409323340628,0.15092409322901984,0.15092409323340628,0.1509240932372859,0.15092409323340628,0.150924093224514,0.15092409320844147,0.150924093224514,0.15092409323340628,0.15092409322901984,0.15092409320844147,0.15092409312851704,0.15092409320844147,0.15092409322901984,0.15092409323340628,0.150924093224514,0.15092409320844147,0.150924093224514,0.15092409323340628,0.1509240932372859,0.15092409323340628,0.15092409322901984,0.15092409323340628,0.1509240932372859,0.14963652339216363,0.14963652338835304,0.14963652338420605,0.14963652338835304,0.14963652339216363,0.14963652338835304,0.14963652337996036,0.1496365233660003,0.14963652337996036,0.14963652338835304,0.14963652338420605,0.1496365233660003,0.14963652330537625,0.1496365233660003,0.14963652338420605,0.14963652338835304,0.14963652337996036,0.1496365233660003,0.14963652337996036,0.14963652338835304,0.14963652339216363,0.14963652338835304,0.14963652338420605,0.14963652338835304,0.14963652339216363,0.14837453667630027,0.1483745366737034,0.14837453667102005,0.1483745366737034,0.14837453667630027,0.1483745366737034,0.1483745366683018,0.14837453665997158,0.1483745366683018,0.1483745366737034,0.14837453667102005,0.14837453665997158,0.14837453662641428,0.14837453665997158,0.14837453667102005,0.1483745366737034,0.1483745366683018,0.14837453665997158,0.1483745366683018,0.1483745366737034,0.14837453667630027,0.1483745366737034,0.14837453667102005,0.1483745366737034,0.14837453667630027,0.1471375825701175,0.14713758256905482,0.1471375825680539,0.14713758256905482,0.1471375825701175,0.14713758256905482,0.1471375825670653,0.14713758256440748,0.1471375825670653,0.14713758256905482,0.1471375825680539,0.14713758256440748,0.14713758255534717,0.14713758256440748,0.1471375825680539,0.14713758256905482,0.1471375825670653,0.14713758256440748,0.1471375825670653,0.14713758256905482,0.1471375825701175,0.14713758256905482,0.1471375825680539,0.14713758256905482,0.1471375825701175,0.14592511841760875,0.14592511841789668,0.1459251184183075,0.14592511841789668,0.14592511841760875,0.14592511841789668,0.14592511841875352,0.14592511842056693,0.14592511841875352,0.14592511841789668,0.1459251184183075,0.14592511842056693,0.14592511842996728,0.14592511842056693,0.1459251184183075,0.14592511841789668,0.14592511841875352,0.14592511842056693,0.14592511841875352,0.14592511841789668,0.14592511841760875,0.14592511841789668,0.1459251184183075,0.14592511841789668,0.14592511841760875,0.14473660980082037,0.14473660980206074,0.14473660980342903,0.14473660980206074,0.14473660980082037,0.14473660980206074,0.1447366098048375,0.1447366098095063,0.1447366098048375,0.14473660980206074,0.14473660980342903,0.1447366098095063,0.1447366098300189,0.1447366098095063,0.14473660980342903,0.14473660980206074,0.1447366098048375,0.1447366098095063,0.1447366098048375,0.14473660980206074,0.14473660980082037,0.14473660980206074,0.14473660980342903,0.14473660980206074,0.14473660980082037,0.14357153085507196,0.14357153085683924,0.14357153085872815,0.14357153085683924,0.14357153085507196,0.14357153085683924,0.14357153086065452,0.14357153086686747,0.14357153086065452,0.14357153085683924,0.14357153085872815,0.14357153086686747,0.14357153089356983,0.14357153086686747,0.14357153085872815,0.14357153085683924,0.14357153086065452,0.14357153086686747,0.14357153086065452,0.14357153085683924,0.14357153085507196,0.14357153085683924,0.14357153085872815,0.14357153085683924,0.14357153085507196,0.14242936453039562,0.14242936453228233,0.14242936453426094,0.14242936453228233,0.14242936453039562,0.14242936453228233,0.14242936453626526,0.14242936454265107,0.14242936453626526,0.14242936453228233,0.14242936453426094,0.14242936454265107,0.14242936457000388,0.14242936454265107,0.14242936453426094,0.14242936453228233,0.14242936453626526,0.14242936454265107,0.14242936453626526,0.14242936453228233,0.14242936453039562,0.14242936453228233,0.14242936453426094,0.14242936453228233,0.14242936453039562,0.14130960280438937,0.14130960280608765,0.14130960280778804,0.14130960280608765,0.14130960280438937,0.14130960280608765,0.14130960280948748,0.14130960281461552,0.14130960280948748,0.14130960280608765,0.14130960280778804,0.14130960281461552,0.14130960283529348,0.14130960281461552,0.14130960280778804,0.14130960280608765,0.14130960280948748,0.14130960281461552,0.14130960280948748,0.14130960280608765,0.14130960280438937,0.14130960280608765,0.14130960280778804,0.14130960280608765,0.1413096028043892,0.14021174685093266,0.14021174685243618,0.14021174685383037,0.14021174685243618,0.14021174685093266,0.14021174685243618,0.1402117468551915,0.1402117468589266,0.1402117468551915,0.14021174685243618,0.14021174685383037,0.1402117468589266,0.14021174687285082,0.1402117468589266,0.14021174685383037,0.14021174685243618,0.1402117468551915,0.1402117468589266,0.1402117468551915,0.14021174685243618,0.14021174685093266,0.14021174685243618,0.14021174685383037,0.14021174685243618,0.14021174685093266,0.13913530716869915,0.1391353071703799,0.13913530717181413,0.1391353071703799,0.13913530716869915,0.1391353071703799,0.13913530717319286,0.139135307176157,0.13913530717319286,0.1391353071703799,0.13913530717181413,0.139135307176157,0.1391353071822008,0.139135307176157,0.13913530717181413,0.1391353071703799,0.13913530717319286,0.139135307176157,0.13913530717319286,0.1391353071703799,0.13913530716869915,0.1391353071703799,0.13913530717181413,0.1391353071703799,0.13913530716869915,0.1380798036735836,0.13807980367626507,0.138079803678869,0.13807980367626507,0.1380798036735836,0.13807980367626507,0.13807980368147646,0.13807980368833878,0.13807980368147646,0.13807980367626507,0.138079803678869,0.13807980368833878,0.13807980370701814,0.13807980368833878,0.138079803678869,0.13807980367626507,0.13807980368147646,0.13807980368833878,0.13807980368147646,0.13807980367626507,0.1380798036735836,0.13807980367626507,0.138079803678869,0.13807980367626507,0.1380798036735836,0.13704476575860347,0.13704476576253552,0.13704476576722552,0.13704476576253552,0.13704476575860347,0.13704476576253552,0.1370447657720692,0.13704476579094999,0.1370447657720692,0.13704476576253552,0.13704476576722552,0.13704476579094999,0.1370447658948769,0.13704476579094999,0.13704476576722552,0.13704476576253552,0.1370447657720692,0.13704476579094999,0.1370447657720692,0.13704476576253552,0.13704476575860347,0.13704476576253552,0.13704476576722552,0.13704476576253552,0.13704476575860347,0.13602973232681817,0.13602973232951418,0.13602973233213544,0.13602973232951418,0.13602973232681817,0.13602973232951418,0.13602973233475701,0.13602973234172167,0.13602973233475701,0.13602973232951418,0.13602973233213544,0.13602973234172167,0.13602973236096025,0.13602973234172167,0.13602973233213544,0.13602973232951418,0.13602973233475701,0.13602973234172167,0.13602973233475701,0.13602973232951418,0.13602973232681817,0.13602973232951418,0.13602973233213544,0.13602973232951418,0.13602973232681817,0.13503425180264625,0.13503425180432438,0.13503425180570514,0.13503425180432438,0.13503425180264625,0.13503425180432438,0.13503425180701237,0.1350342518096669,0.13503425180701237,0.13503425180432438,0.13503425180570514,0.1350342518096669,0.13503425181447815,0.1350342518096669,0.13503425180570514,0.13503425180432438,0.13503425180701237,0.1350342518096669,0.13503425180701237,0.13503425180432438,0.13503425180264625,0.13503425180432438,0.13503425180570514,0.13503425180432438,0.13503425180264625
0.16533248789159796,0.16533248789159774,0.16533248789159774,0.16533248789159774,0.16533248789159796,0.16533248789159774,0.1653324878915975,0.16533248789159727,0.1653324878915975,0.16533248789159774,0.16533248789159774,0.16533248789159727,0.16533248789159705,0.16533248789159727,0.16533248789159774,0.16533248789159774,0.1653324878915975,0.16533248789159727,0.1653324878915975,0.16533248789159774,0.16533248789159796,0.16533248789159774,0.16533248789159774,0.16533248789159774,0.16533248789159796,0.1637574941706887,0.163757494170688,0.16375749417068755,0.163757494170688,0.1637574941706887,0.163757494170688,0.16375749417068727,0.16375749417068683,0.16375749417068727,0.163757494170688,0.16375749417068755,0.16375749417068683,0.16375749417068639,0.16375749417068683,0.16375749417068755,0.163757494170688,0.16375749417068727,0.16375749417068683,0.16375749417068727,0.163757494170688,0.1637574941706887,0.163757494170688,0.16375749417068755,0.163757494170688,0.1637574941706887,0.16221388438171652,0.16221388438171447,0.16221388438171333,0.16221388438171447,0.16221388438171652,0.16221388438171447,0.16221388438171244,0.16221388438171108,0.16221388438171244,0.16221388438171447,0.16221388438171333,0.16221388438171108,0.16221388438170972,0.16221388438171108,0.16221388438171333,0.16221388438171447,0.16221388438171244,0.16221388438171108,0.16221388438171244,0.16221388438171447,0.16221388438171652,0.16221388438171447,0.16221388438171333,0.16221388438171447,0.16221388438171652,0.1607010674817253,0.1607010674817193,0.1607010674817153,0.1607010674817193,0.1607010674817253,0.1607010674817193,0.16070106748171242,0.16070106748170798,0.16070106748171242,0.1607010674817193,0.1607010674817153,0.16070106748170798,0.1607010674817033,0.16070106748170798,0.1607010674817153,0.1607010674817193,0.16070106748171242,0.16070106748170798,0.16070106748171242,0.1607010674817193,0.1607010674817253,0.1607010674817193,0.1607010674817153,0.1607010674817193,0.1607010674817253,0.1592184518457012,0.1592184518456829,0.15921845184567093,0.1592184518456829,0.1592184518457012,0.1592184518456829,0.15921845184566177,0.15921845184564784,0.15921845184566177,0.1592184518456829,0.15921845184567093,0.15921845184564784,0.1592184518456324,0.15921845184564784,0.15921845184567093,0.1592184518456829,0.15921845184566177,0.15921845184564784,0.15921845184566177,0.1592184518456829,0.1592184518457012,0.1592184518456829,0.15921845184567093,0.1592184518456829,0.1592184518457012,0.1577654466184363,0.15776544661838277,0.1577654466183469,0.15776544661838277,0.1577654466184363,0.15776544661838277,0.1577654466183179,0.1577654466182731,0.1577654466183179,0.15776544661838277,0.1577654466183469,0.1577654466182731,0.15776544661822062,0.1577654466182731,0.1577654466183469,0.15776544661838277,0.1577654466183179,0.1577654466182731,0.1577654466183179,0.15776544661838277,0.1577654466184363,0.15776544661838277,0.1577654466183469,0.15776544661838277,0.1577654466184363,0.1563414629288833,0.15634146292873086,0.15634146292862464,0.15634146292873086,0.1563414629288833,0.15634146292873086,0.1563414629285341,0.1563414629283873,0.1563414629285341,0.15634146292873086,0.15634146292862464,0.1563414629283873,0.1563414629282012,0.1563414629283873,0.15634146292862464,0.15634146292873086,0.1563414629285341,0.1563414629283873,0.1563414629285341,0.15634146292873086,0.1563414629288833,0.15634146292873086,0.15634146292862464,0.15634146292873086,0.1563414629288833,0.15494591497729882,0.1549459149768861,0.15494591497657786,0.1549459149768861,0.15494591497729882,0.1549459149768861,0.1549459149763006,0.154945914975811,0.1549459149763006,0.1549459149768861,0.15494591497657786,0.154945914975811,0.1549459149750964,0.154945914975811,0.15494591497657786,0.1549459149768861,0.1549459149763006,0.154945914975811,0.1549459149763006,0.1549459149768861,0.15494591497729882,0.1549459149768861,0.15494591497657786,0.1549459149768861,0.15494591497729882,0.15357822100495544,0.15357822100392052,0.15357822100306467,0.15357822100392052,0.15357822100495544,0.15357822100392052,0.1535782210022535,0.15357822100059232,0.1535782210022535,0.15357822100392052,0.15357822100306467,0.15357822100059232,0.15357822099754995,0.15357822100059232,0.15357822100306467,0.15357822100392052,0.1535782210022535,0.15357822100059232,0.1535782210022535,0.15357822100392052,0.15357822100495544,0.15357822100392052,0.15357822100306467,0.15357822100392052,0.15357822100495544,0.15223780415566257,0.15223780415339125,0.1522378041512262,0.15223780415339125,0.15223780415566257,0.15223780415339125,0.15223780414907223,0.15223780414353336,0.15223780414907223,0.15223780415339125,0.1522378041512262,0.15223780414353336,0.15223780412889518,0.15223780414353336,0.1522378041512262,0.15223780415339125,0.15223780414907223,0.15223780414353336,0.15223780414907223,0.15223780415339125,0.15223780415566257,0.15223780415339125,0.1522378041512262,0.15223780415339125,0.15223780415566257,0.1509240932376071,0.15092409323373693,0.15092409322936093,0.15092409323373693,0.1509240932376071,0.15092409323373693,0.1509240932248655,0.15092409320882846,0.1509240932248655,0.15092409323373693,0.15092409322936093,0.15092409320882846,0.15092409312906763,0.15092409320882846,0.15092409322936093,0.15092409323373693,0.1509240932248655,0.15092409320882846,0.1509240932248655,0.15092409323373693,0.1509240932376071,0.15092409323373693,0.15092409322936093,0.15092409323373693,0.1509240932376071,0.14963652339243838,0.14963652338863892,0.14963652338450328,0.14963652338863892,0.14963652339243838,0.14963652338863892,0.1496365233802695,0.1496365233663467,0.1496365233802695,0.14963652338863892,0.14963652338450328,0.1496365233663467,0.14963652330586086,0.1496365233663467,0.14963652338450328,0.14963652338863892,0.1496365233802695,0.1496365233663467,0.1496365233802695,0.14963652338863892,0.14963652339243838,0.14963652338863892,0.14963652338450328,0.14963652338863892,0.14963652339243838,0.14837453667650524,0.14837453667391898,0.1483745366712467,0.14837453667391898,0.14837453667650524,0.14837453667391898,0.14837453666853995,0.14837453666024458,0.14837453666853995,0.14837453667391898,0.1483745366712467,0.14837453666024458,0.14837453662684574,0.14837453666024458,0.1483745366712467,0.14837453667391898,0.14837453666853995,0.14837453666024458,0.14837453666853995,0.14837453667391898,0.14837453667650524,0.14837453667391898,0.1483745366712467,0.14837453667391898,0.14837453667650524,0.14713758257022977,0.14713758256917578,0.14713758256818413,0.14713758256917578,0.14713758257022977,0.14713758256917578,0.147137582567205,0.14713758256457823,0.147137582567205,0.14713758256917578,0.14713758256818413,0.14713758256457823,0.14713758255562961,0.14713758256457823,0.14713758256818413,0.14713758256917578,0.147137582567205,0.14713758256457823,0.147137582567205,0.14713758256917578,0.14713758257022977,0.14713758256917578,0.14713758256818413,0.14713758256917578,0.14713758257022977,0.1459251184176093,0.14592511841790165,0.14592511841831726,0.14592511841790165,0.1459251184176093,0.14592511841790165,0.14592511841876815,0.14592511842059758,0.14592511841876815,0.14592511841790165,0.14592511841831726,0.14592511842059758,0.1459251184300857,0.14592511842059758,0.14592511841831726,0.14592511841790165,0.14592511841876815,0.14592511842059758,0.14592511841876815,0.14592511841790165,0.1459251184176093,0.14592511841790165,0.14592511841831726,0.14592511841790165,0.1459251184176093,0.14473660980069852,0.14473660980193787,0.1447366098033049,0.14473660980193787,0.14473660980069852,0.14473660980193787,0.14473660980471215,0.14473660980937683,0.14473660980471215,0.14473660980193787,0.1447366098033049,0.14473660980937683,0.14473660982986894,0.14473660980937683,0.1447366098033049,0.14473660980193787,0.14473660980471215,0.14473660980937683,0.14473660980471215,0.14473660980193787,0.14473660980069852,0.14473660980193787,0.1447366098033049,0.14473660980193787,0.14473660980069852,0.14357153085482816,0.14357153085658925,0.14357153085847166,0.14357153085658925,0.14357153085482816,0.14357153085658925,0.14357153086039154,0.1435715308665848,0.14357153086039154,0.14357153085658925,0.14357153085847166,0.1435715308665848,0.14357153089323377,0.1435715308665848,0.14357153085847166,0.14357153085658925,0.14357153086039154,0.1435715308665848,0.14357153086039154,0.14357153085658925,0.14357153085482816,0.14357153085658925,0.14357153085847166,0.14357153085658925,0.14357153085482816,0.14242936453004065,0.14242936453191712,0.1424293645338842,0.14242936453191712,0.14242936453004065,0.14242936453191712,0.14242936453587657,0.14242936454222163,0.14242936453587657,0.14242936453191712,0.1424293645338842,0.14242936454222163,0.14242936456939242,0.14242936454222163,0.1424293645338842,0.14242936453191712,0.14242936453587657,0.14242936454222163,0.14242936453587657,0.14242936453191712,0.14242936453004065,0.14242936453191712,0.1424293645338842,0.14242936453191712,0.14242936453004065,0.14130960280394333,0.1413096028056309,0.14130960280731947,0.1413096028056309,0.14130960280394333,0.1413096028056309,0.14130960280900676,0.14130960281409366,0.14130960280900676,0.1413096028056309,0.14130960280731947,0.14130960281409366,0.1413096028345608,0.14130960281409366,0.14130960280731947,0.1413096028056309,0.14130960280900676,0.14130960281409366,0.14130960280900676,0.1413096028056309,0.14130960280394333,0.1413096028056309,0.14130960280731947,0.1413096028056309,0.14130960280394333,0.14021174685041665,0.14021174685191226,0.14021174685329904,0.14021174685191226,0.14021174685041665,0.14021174685191226,0.14021174685465274,0.14021174685836785,0.14021174685465274,0.14021174685191226,0.14021174685329904,0.14021174685836785,0.14021174687220467,0.14021174685836785,0.14021174685329904,0.14021174685191226,0.14021174685465274,0.14021174685836785,0.14021174685465274,0.14021174685191226,0.14021174685041665,0.14021174685191226,0.14021174685329904,0.14021174685191226,0.14021174685041665,0.13913530716812805,0.1391353071698026,0.13913530717123182,0.1391353071698026,0.13913530716812805,0.1391353071698026,0.13913530717260564,0.13913530717555916,0.13913530717260564,0.1391353071698026,0.13913530717123182,0.13913530717555916,0.1391353071815818,0.13913530717555916,0.13913530717123182,0.1391353071698026,0.13913530717260564,0.13913530717555916,0.13913530717260564,0.1391353071698026,0.13913530716812805,0.1391353071698026,0.13913530717123182,0.1391353071698026,0.13913530716812805,0.13807980367296904,0.13807980367564301,0.13807980367823997,0.13807980367564301,0.13807980367296904,0.13807980367564301,0.13807980368084047,0.1380798036876851,0.13807980368084047,0.13807980367564301,0.13807980367823997,0.1380798036876851,0.13807980370631703,0.1380798036876851,0.13807980367823997,0.13807980367564301,0.13807980368084047,0.1380798036876851,0.13807980368084047,0.13807980367564301,0.13807980367296904,0.13807980367564301,0.13807980367823997,0.13807980367564301,0.13807980367296904,0.13704476575795957,0.1370447657618819,0.13704476576656002,0.13704476576188174,0.13704476575795957,0.1370447657618819,0.1370447657713917,0.1370447657902258,0.1370447657713917,0.1370447657618819,0.13704476576656002,0.1370447657902258,0.13704476589391998,0.1370447657902258,0.13704476576656002,0.13704476576188174,0.1370447657713917,0.1370447657902258,0.1370447657713917,0.13704476576188174,0.13704476575795957,0.1370447657618819,0.13704476576656002,0.13704476576188174,0.13704476575795957,0.1360297323261651,0.13602973232885435,0.1360297323314691,0.13602973232885435,0.1360297323261651,0.13602973232885435,0.13602973233408427,0.13602973234103158,0.13602973233408427,0.13602973232885435,0.1360297323314691,0.13602973234103158,0.13602973236022292,0.13602973234103158,0.1360297323314691,0.13602973232885435,0.13602973233408427,0.13602973234103158,0.13602973233408427,0.13602973232885435,0.1360297323261651,0.13602973232885435,0.1360297323314691,0.13602973232885435,0.1360297323261651,0.13503425180199724,0.13503425180367126,0.13503425180504852,0.13503425180367126,0.13503425180199724,0.13503425180367126,0.13503425180635253,0.1350342518090005,0.13503425180635253,0.13503425180367126,0.13503425180504852,0.1350342518090005,0.13503425181380002,0.1350342518090005,0.13503425180504852,0.13503425180367126,0.13503425180635253,0.1350342518090005,0.13503425180635253,0.13503425180367126,0.13503425180199724,0.13503425180367126,0.13503425180504852,0.13503425180367126,0.13503425180199724
0.16533248789202676,0.16533248789202631,0.16533248789202631,0.16533248789202631,0.16533248789202676,0.16533248789202631,0.16533248789202606,0.16533248789202581,0.16533248789202606,0.16533248789202631,0.16533248789202631,0.16533248789202581,0.16533248789202581,0.16533248789202581,0.16533248789202631,0.16533248789202631,0.16533248789202606,0.16533248789202581,0.16533248789202606,0.16533248789202631,0.16533248789202676,0.16533248789202631,0.16533248789202631,0.16533248789202631,0.16533248789202676,0.16375749417110846,0.16375749417110802,0.16375749417110752,0.16375749417110802,0.16375749417110846,0.16375749417110802,0.16375749417110708,0.16375749417110685,0.16375749417110708,0.16375749417110802,0.16375749417110752,0.16375749417110685,0.16375749417110638,0.16375749417110685,0.16375749417110752,0.16375749417110802,0.16375749417110708,0.16375749417110685,0.1637574941711073,0.16375749417110802,0.16375749417110846,0.16375749417110802,0.16375749417110752,0.16375749417110802,0.16375749417110846,0.16221388438212814,0.16221388438212614,0.16221388438212475,0.16221388438212614,0.16221388438212814,0.16221388438212614,0.16221388438212384,0.16221388438212248,0.16221388438212409,0.16221388438212614,0.16221388438212475,0.16221388438212248,0.16221388438212112,0.16221388438212248,0.16221388438212475,0.16221388438212614,0.16221388438212409,0.16221388438212248,0.16221388438212409,0.16221388438212614,0.16221388438212814,0.16221388438212614,0.16221388438212475,0.16221388438212614,0.16221388438212814,0.1607010674821285,0.16070106748212226,0.16070106748211851,0.16070106748212226,0.1607010674821285,0.16070106748212226,0.16070106748211563,0.1607010674821112,0.16070106748211563,0.16070106748212226,0.16070106748211851,0.1607010674821112,0.16070106748210652,0.1607010674821114,0.16070106748211851,0.16070106748212226,0.16070106748211563,0.1607010674821114,0.16070106748211563,0.16070106748212226,0.1607010674821285,0.16070106748212226,0.16070106748211851,0.16070106748212226,0.1607010674821285,0.15921845184609612,0.15921845184607783,0.15921845184606587,0.15921845184607783,0.15921845184609612,0.15921845184607783,0.15921845184605693,0.15921845184604277,0.15921845184605693,0.15921845184607783,0.15921845184606587,0.15921845184604277,0.15921845184602731,0.15921845184604277,0.15921845184606587,0.15921845184607783,0.15921845184605693,0.15921845184604277,0.15921845184605693,0.15921845184607783,0.15921845184609612,0.15921845184607783,0.15921845184606587,0.15921845184607783,0.15921845184609612,0.15776544661882314,0.1577654466187696,0.15776544661873373,0.1577654466187696,0.15776544661882314,0.1577654466187696,0.15776544661870495,0.15776544661866015,0.15776544661870495,0.1577654466187696,0.15776544661873373,0.15776544661866015,0.15776544661860786,0.15776544661866015,0.15776544661873373,0.1577654466187696,0.15776544661870495,0.15776544661866015,0.15776544661870495,0.1577654466187696,0.15776544661882314,0.1577654466187696,0.15776544661873373,0.1577654466187696,0.15776544661882314,0.15634146292926157,0.15634146292910953,0.15634146292900353,0.15634146292910953,0.15634146292926157,0.15634146292910953,0.15634146292891318,0.15634146292876683,0.15634146292891318,0.15634146292910953,0.15634146292900353,0.15634146292876683,0.15634146292858092,0.15634146292876683,0.15634146292900353,0.15634146292910953,0.15634146292891318,0.15634146292876683,0.15634146292891318,0.15634146292910953,0.15634146292926157,0.15634146292910953,0.15634146292900353,0.15634146292910953,0.15634146292926157,0.15494591497766813,0.15494591497725618,0.1549459149769488,0.15494591497725618,0.15494591497766813,0.15494591497725618,0.15494591497667212,0.1549459149761836,0.15494591497667212,0.15494591497725618,0.1549459149769488,0.1549459149761836,0.15494591497547064,0.1549459149761836,0.1549459149769488,0.15494591497725618,0.15494591497667212,0.1549459149761836,0.15494591497667212,0.15494591497725618,0.15494591497766813,0.15494591497725618,0.1549459149769488,0.15494591497725618,0.15494591497766813,0.15357822100531415,0.1535782210042814,0.15357822100342763,0.1535782210042814,0.15357822100531415,0.1535782210042814,0.15357822100261803,0.15357822100096047,0.15357822100261803,0.1535782210042814,0.15357822100342763,0.15357822100096047,0.1535782209979247,0.15357822100096047,0.15357822100342763,0.1535782210042814,0.15357822100261803,0.15357822100096047,0.15357822100261803,0.1535782210042814,0.15357822100531415,0.1535782210042814,0.15357822100342763,0.1535782210042814,0.15357822100531415,0.15223780415600568,0.15223780415373947,0.15223780415157934,0.15223780415373947,0.15223780415600568,0.15223780415373947,0.15223780414943025,0.1522378041439034,0.15223780414943025,0.15223780415373947,0.15223780415157934,0.1522378041439034,0.15223780412929636,0.1522378041439034,0.15223780415157934,0.15223780415373947,0.15223780414943025,0.1522378041439034,0.15223780414943025,0.15223780415373947,0.15223780415600568,0.15223780415373947,0.15223780415157934,0.15223780415373947,0.15223780415600568,0.1509240932379237,0.15092409323406317,0.15092409322969721,0.15092409323406317,0.1509240932379237,0.15092409323406317,0.150924093225212,0.15092409320921024,0.150924093225212,0.15092409323406317,0.15092409322969721,0.15092409320921024,0.1509240931296329,0.15092409320921024,0.15092409322969721,0.15092409323406317,0.150924093225212,0.15092409320921024,0.150924093225212,0.15092409323406317,0.1509240932379237,0.15092409323406317,0.15092409322969721,0.15092409323406317,0.1509240932379237,0.14963652339270936,0.14963652338892067,0.14963652338479655,0.14963652338892067,0.14963652339270936,0.14963652338892067,0.14963652338057432,0.149636523366688,0.14963652338057432,0.14963652338892067,0.14963652338479655,0.149636523366688,0.14963652330637273,0.149636523366688,0.14963652338479655,0.14963652338892067,0.14963652338057432,0.149636523366688,0.14963652338057432,0.14963652338892067,0.14963652339270936,0.14963652338892067,0.14963652338479655,0.14963652338892067,0.14963652339270936,0.14837453667670722,0.14837453667413153,0.14837453667147002,0.14837453667413153,0.14837453667670722,0.14837453667413153,0.14837453666877437,0.1483745366605135,0.14837453666877437,0.14837453667413153,0.14837453667147002,0.1483745366605135,0.148374536627274,0.1483745366605135,0.14837453667147002,0.14837453667413153,0.14837453666877437,0.1483745366605135,0.14837453666877437,0.14837453667413153,0.14837453667670722,0.14837453667413153,0.14837453667147002,0.14837453667413153,0.14837453667670722,0.14713758257034057,0.14713758256929496,0.1471375825683124,0.14713758256929496,0.14713758257034057,0.14713758256929496,0.14713758256734272,0.14713758256474646,0.14713758256734272,0.14713758256929496,0.1471375825683124,0.14713758256474646,0.1471375825559201,0.14713758256474646,0.1471375825683124,0.14713758256929496,0.14713758256734272,0.14713758256474646,0.14713758256734272,0.14713758256929496,0.14713758257034057,0.14713758256929496,0.1471375825683124,0.14713758256929496,0.14713758257034057,0.1459251184176098,0.14592511841790665,0.14592511841832706,0.14592511841790665,0.1459251184176098,0.14592511841790665,0.14592511841878275,0.145925118420628,0.14592511841878275,0.14592511841790665,0.14592511841832706,0.145925118420628,0.14592511843019823,0.145925118420628,0.14592511841832706,0.14592511841790665,0.14592511841878275,0.145925118420628,0.14592511841878275,0.14592511841790665,0.1459251184176098,0.14592511841790665,0.14592511841832706,0.14592511841790665,0.1459251184176098,0.14473660980057862,0.1447366098018167,0.14473660980318276,0.1447366098018167,0.14473660980057862,0.1447366098018167,0.1447366098045889,0.1447366098092494,0.1447366098045889,0.1447366098018167,0.14473660980318276,0.1447366098092494,0.1447366098297211,0.1447366098092494,0.14473660980318276,0.1447366098018167,0.1447366098045889,0.1447366098092494,0.1447366098045889,0.1447366098018167,0.14473660980057862,0.1447366098018167,0.14473660980318276,0.1447366098018167,0.14473660980057862,0.1435715308545879,0.14357153085634283,0.14357153085821908,0.14357153085634283,0.1435715308545879,0.14357153085634283,0.1435715308601325,0.14357153086630642,0.1435715308601325,0.14357153085634283,0.14357153085821908,0.14357153086630642,0.14357153089287664,0.14357153086630642,0.14357153085821908,0.14357153085634283,0.1435715308601325,0.14357153086630642,0.1435715308601325,0.14357153085634283,0.1435715308545879,0.14357153085634283,0.14357153085821908,0.14357153085634283,0.1435715308545879,0.1424293645296909,0.1424293645315571,0.1424293645335126,0.1424293645315571,0.1424293645296909,0.1424293645315571,0.14242936453549343,0.1424293645417984,0.14242936453549343,0.1424293645315571,0.1424293645335126,0.1424293645417984,0.14242936456878164,0.1424293645417984,0.1424293645335126,0.1424293645315571,0.14242936453549343,0.1424293645417984,0.14242936453549343,0.1424293645315571,0.1424293645296909,0.1424293645315571,0.1424293645335126,0.1424293645315571,0.1424293645296909,0.14130960280350371,0.1413096028051806,0.14130960280685734,0.1413096028051806,0.14130960280350371,0.1413096028051806,0.14130960280853275,0.14130960281357924,0.14130960280853275,0.1413096028051806,0.14130960280685734,0.14130960281357924,0.14130960283386312,0.14130960281357924,0.14130960280685734,0.1413096028051806,0.14130960280853275,0.14130960281357924,0.14130960280853275,0.1413096028051806,0.14130960280350371,0.1413096028051806,0.14130960280685734,0.1413096028051806,0.14130960280350371,0.14021174684990756,0.1402117468513956,0.14021174685277496,0.1402117468513956,0.14021174684990756,0.1402117468513956,0.14021174685412144,0.14021174685781687,0.14021174685412144,0.1402117468513956,0.14021174685277496,0.14021174685781687,0.14021174687160368,0.14021174685781687,0.14021174685277496,0.1402117468513956,0.14021174685412144,0.14021174685781687,0.14021174685412144,0.1402117468513956,0.14021174684990756,0.1402117468513956,0.14021174685277496,0.1402117468513956,0.14021174684990756,0.1391353071675647,0.13913530716923325,0.1391353071706574,0.13913530716923325,0.1391353071675647,0.13913530716923325,0.1391353071720263,0.13913530717496939,0.1391353071720263,0.13913530716923325,0.1391353071706574,0.13913530717496939,0.13913530718097117,0.13913530717496939,0.1391353071706574,0.13913530716923325,0.1391353071720263,0.13913530717496939,0.1391353071720263,0.13913530716923325,0.1391353071675647,0.13913530716923325,0.1391353071706574,0.13913530716923325,0.1391353071675647,0.13807980367236267,0.13807980367502937,0.13807980367761952,0.13807980367502937,0.13807980367236267,0.13807980367502937,0.1380798036802132,0.13807980368704012,0.1380798036802132,0.13807980367502937,0.13807980367761952,0.13807980368704012,0.13807980370562542,0.13807980368704012,0.13807980367761952,0.13807980367502937,0.1380798036802132,0.13807980368704012,0.1380798036802132,0.13807980367502937,0.13807980367236267,0.13807980367502937,0.13807980367761952,0.13807980367502937,0.13807980367236267,0.13704476575732452,0.13704476576123695,0.1370447657659035,0.13704476576123695,0.13704476575732452,0.13704476576123695,0.13704476577072336,0.13704476578951139,0.13704476577072336,0.13704476576123695,0.1370447657659035,0.13704476578951139,0.13704476589295483,0.13704476578951139,0.1370447657659035,0.13704476576123695,0.13704476577072336,0.13704476578951139,0.13704476577072336,0.13704476576123695,0.13704476575732452,0.13704476576123695,0.1370447657659035,0.13704476576123695,0.13704476575732452,0.1360297323255208,0.1360297323282034,0.1360297323308117,0.1360297323282034,0.1360297323255208,0.1360297323282034,0.13602973233342044,0.1360297323403509,0.13602973233342044,0.1360297323282034,0.1360297323308117,0.1360297323403509,0.13602973235949542,0.1360297323403509,0.1360297323308117,0.1360297323282034,0.13602973233342044,0.1360297323403509,0.13602973233342044,0.1360297323282034,0.1360297323255208,0.1360297323282034,0.1360297323308117,0.1360297323282034,0.1360297323255208,0.135034251801357,0.13503425180302692,0.13503425180440082,0.13503425180302692,0.135034251801357,0.13503425180302692,0.1350342518057016,0.1350342518083431,0.1350342518057016,0.13503425180302692,0.13503425180440082,0.1350342518083431,0.13503425181313086,0.1350342518083431,0.13503425180440082,0.13503425180302692,0.1350342518057016,0.1350342518083431,0.1350342518057016,0.13503425180302692,0.135034251801357,0.13503425180302692,0.13503425180440082,0.13503425180302692,0.135034251801357
0.16533248789244964,0.16533248789244942,0.1653324878924492,0.16533248789244942,0.16533248789244964,0.16533248789244942,0.16533248789244895,0.16533248789244895,0.16533248789244895,0.16533248789244942,0.1653324878924492,0.16533248789244895,0.16533248789244873,0.16533248789244895,0.1653324878924492,0.16533248789244942,0.16533248789244895,0.16533248789244895,0.16533248789244895,0.16533248789244942,0.16533248789244964,0.16533248789244942,0.1653324878924492,0.16533248789244942,0.16533248789244964,0.16375749417152316,0.1637574941715225,0.16375749417152202,0.1637574941715225,0.16375749417152316,0.1637574941715225,0.16375749417152177,0.16375749417152133,0.16375749417152177,0.1637574941715225,0.16375749417152202,0.16375749417152133,0.16375749417152086,0.16375749417152133,0.16375749417152202,0.1637574941715225,0.16375749417152177,0.16375749417152133,0.16375749417152177,0.1637574941715225,0.16375749417152316,0.1637574941715225,0.16375749417152202,0.1637574941715225,0.16375749417152316,0.16221388438253437,0.16221388438253231,0.16221388438253098,0.16221388438253231,0.16221388438253437,0.16221388438253231,0.16221388438253007,0.1622138843825287,0.16221388438253007,0.16221388438253231,0.16221388438253098,0.1622138843825287,0.16221388438252735,0.1622138843825287,0.16221388438253098,0.16221388438253231,0.16221388438253007,0.1622138843825287,0.16221388438253007,0.16221388438253231,0.16221388438253437,0.16221388438253231,0.16221388438253098,0.16221388438253231,0.16221388438253437,0.16070106748252638,0.16070106748252017,0.1607010674825164,0.16070106748252017,0.16070106748252638,0.16070106748252017,0.1607010674825135,0.16070106748250926,0.1607010674825135,0.16070106748252017,0.1607010674825164,0.16070106748250926,0.16070106748250437,0.16070106748250926,0.1607010674825164,0.16070106748252017,0.1607010674825135,0.16070106748250926,0.1607010674825135,0.16070106748252017,0.16070106748252638,0.16070106748252017,0.1607010674825164,0.16070106748252017,0.16070106748252638,0.15921845184648584,0.15921845184646755,0.15921845184645578,0.15921845184646755,0.15921845184648584,0.15921845184646755,0.15921845184644665,0.1592184518464327,0.15921845184644665,0.15921845184646755,0.15921845184645578,0.1592184518464327,0.15921845184641728,0.1592184518464327,0.15921845184645578,0.15921845184646755,0.15921845184644665,0.1592184518464327,0.15921845184644665,0.15921845184646755,0.15921845184648584,0.15921845184646755,0.15921845184645578,0.15921845184646755,0.15921845184648584,0.15776544661920466,0.15776544661915132,0.15776544661911568,0.15776544661915132,0.15776544661920466,0.15776544661915132,0.15776544661908665,0.15776544661904207,0.15776544661908665,0.15776544661915132,0.15776544661911568,0.15776544661904207,0.15776544661898978,0.15776544661904207,0.15776544661911568,0.15776544661915132,0.15776544661908665,0.15776544661904207,0.15776544661908665,0.15776544661915132,0.15776544661920466,0.15776544661915132,0.15776544661911568,0.15776544661915132,0.15776544661920466,0.15634146292963483,0.15634146292948323,0.1563414629293774,0.15634146292948323,0.15634146292963483,0.15634146292948323,0.15634146292928727,0.15634146292914114,0.15634146292928727,0.15634146292948323,0.1563414629293774,0.15634146292914114,0.15634146292895587,0.15634146292914114,0.1563414629293774,0.15634146292948323,0.15634146292928727,0.15634146292914114,0.15634146292928727,0.15634146292948323,0.15634146292963483,0.15634146292948323,0.1563414629293774,0.15634146292948323,0.15634146292963483,0.15494591497803267,0.15494591497762178,0.154945914977315,0.15494591497762178,0.15494591497803267,0.15494591497762178,0.15494591497703877,0.15494591497655144,0.15494591497703877,0.15494591497762178,0.154945914977315,0.15494591497655144,0.1549459149758399,0.15494591497655144,0.154945914977315,0.15494591497762178,0.15494591497703877,0.15494591497655144,0.15494591497703877,0.15494591497762178,0.15494591497803267,0.15494591497762178,0.154945914977315,0.15494591497762178,0.15494591497803267,0.15357822100566804,0.1535782210046375,0.15357822100378574,0.1535782210046375,0.15357822100566804,0.1535782210046375,0.15357822100297794,0.15357822100132398,0.15357822100297794,0.1535782210046375,0.15357822100378574,0.15357822100132398,0.15357822099829446,0.15357822100132398,0.15357822100378574,0.1535782210046375,0.15357822100297794,0.15357822100132398,0.15357822100297794,0.1535782210046375,0.15357822100566804,0.1535782210046375,0.15357822100378574,0.1535782210046375,0.15357822100566804,0.15223780415634425,0.15223780415408333,0.15223780415192795,0.15223780415408333,0.15223780415634425,0.15223780415408333,0.15223780414978338,0.15223780414426855,0.15223780414978338,0.15223780415408333,0.15223780415192795,0.15223780414426855,0.1522378041296922,0.15223780414426855,0.15223780415192795,0.15223780415408333,0.15223780414978338,0.15223780414426855,0.15223780414978338,0.15223780415408333,0.15223780415634425,0.15223780415408333,0.15223780415192795,0.15223780415408333,0.15223780415634425,0.1509240932382364,0.15092409323438497,0.150924093230029,0.15092409323438497,0.1509240932382364,0.15092409323438497,0.15092409322555406,0.15092409320958702,0.15092409322555406,0.15092409323438497,0.150924093230029,0.15092409320958702,0.1509240931301451,0.15092409320958702,0.150924093230029,0.15092409323438497,0.15092409322555406,0.15092409320958702,0.15092409322555406,0.15092409323438497,0.1509240932382364,0.15092409323438497,0.150924093230029,0.15092409323438497,0.1509240932382364,0.1496365233929767,0.1496365233891986,0.14963652338508585,0.1496365233891986,0.1496365233929767,0.1496365233891986,0.14963652338087516,0.14963652336702496,0.14963652338087516,0.1496365233891986,0.14963652338508585,0.14963652336702496,0.14963652330683183,0.14963652336702496,0.14963652338508585,0.1496365233891986,0.14963652338087516,0.14963652336702496,0.14963652338087516,0.1496365233891986,0.1496365233929767,0.1496365233891986,0.14963652338508585,0.1496365233891986,0.1496365233929767,0.14837453667690667,0.14837453667434114,0.14837453667169057,0.14837453667434114,0.14837453667690667,0.14837453667434114,0.14837453666900569,0.14837453666077852,0.14837453666900569,0.14837453667434114,0.14837453667169057,0.14837453666077852,0.14837453662764136,0.14837453666077852,0.14837453667169057,0.14837453667434114,0.14837453666900569,0.14837453666077852,0.14837453666900569,0.14837453667434114,0.14837453667690667,0.14837453667434114,0.14837453667169057,0.14837453667434114,0.14837453667690667,0.14713758257044993,0.14713758256941267,0.14713758256843898,0.14713758256941267,0.14713758257044993,0.14713758256941267,0.1471375825674784,0.14713758256491213,0.1471375825674784,0.14713758256941267,0.14713758256843898,0.14713758256491213,0.14713758255626216,0.14713758256491213,0.14713758256843898,0.14713758256941267,0.1471375825674784,0.14713758256491213,0.1471375825674784,0.14713758256941267,0.14713758257044993,0.14713758256941267,0.14713758256843898,0.14713758256941267,0.14713758257044993,0.14592511841761072,0.1459251184179118,0.14592511841833686,0.1459251184179118,0.14592511841761072,0.1459251184179118,0.14592511841879716,0.1459251184206581,0.14592511841879716,0.1459251184179118,0.14592511841833686,0.1459251184206581,0.14592511843029476,0.1459251184206581,0.14592511841833686,0.1459251184179118,0.14592511841879716,0.1459251184206581,0.14592511841879716,0.1459251184179118,0.14592511841761072,0.1459251184179118,0.14592511841833686,0.1459251184179118,0.14592511841761072,0.14473660980046044,0.1447366098016977,0.14473660980306266,0.1447366098016977,0.14473660980046044,0.1447366098016977,0.14473660980446776,0.14473660980912442,0.14473660980446776,0.1447366098016977,0.14473660980306266,0.14473660980912442,0.14473660982956227,0.14473660980912442,0.14473660980306266,0.1447366098016977,0.14473660980446776,0.14473660980912442,0.14473660980446776,0.1447366098016977,0.14473660980046044,0.1447366098016977,0.14473660980306266,0.1447366098016977,0.14473660980046044,0.14357153085435106,0.1435715308561002,0.14357153085797014,0.1435715308561002,0.14357153085435106,0.1435715308561002,0.14357153085987734,0.14357153086603228,0.14357153085987734,0.1435715308561002,0.14357153085797014,0.14357153086603228,0.1435715308925096,0.14357153086603228,0.14357153085797014,0.1435715308561002,0.14357153085987734,0.14357153086603228,0.14357153085987734,0.1435715308561002,0.14357153085435106,0.1435715308561002,0.14357153085797014,0.1435715308561002,0.14357153085435106,0.14242936452934615,0.1424293645312022,0.14242936453314642,0.1424293645312022,0.14242936452934615,0.1424293645312022,0.14242936453511568,0.14242936454138103,0.14242936453511568,0.1424293645312022,0.14242936453314642,0.14242936454138103,0.14242936456819436,0.14242936454138103,0.14242936453314642,0.1424293645312022,0.14242936453511568,0.14242936454138103,0.14242936453511568,0.1424293645312022,0.14242936452934615,0.1424293645312022,0.14242936453314642,0.1424293645312022,0.14242936452934615,0.14130960280307,0.1413096028047364,0.14130960280640179,0.1413096028047364,0.14130960280307,0.1413096028047364,0.14130960280806532,0.1413096028130715,0.14130960280806532,0.1413096028047364,0.14130960280640179,0.1413096028130715,0.14130960283318353,0.1413096028130715,0.14130960280640179,0.1413096028047364,0.14130960280806532,0.1413096028130715,0.14130960280806532,0.1413096028047364,0.14130960280307,0.1413096028047364,0.14130960280640179,0.1413096028047364,0.14130960280307,0.14021174684940574,0.14021174685088603,0.14021174685225815,0.14021174685088603,0.14021174684940574,0.14021174685088603,0.14021174685359736,0.14021174685727328,0.14021174685359736,0.14021174685088603,0.14021174685225815,0.14021174685727328,0.1402117468709859,0.14021174685727328,0.14021174685225815,0.14021174685088603,0.14021174685359736,0.14021174685727328,0.14021174685359736,0.14021174685088603,0.14021174684940574,0.14021174685088603,0.14021174685225815,0.14021174685088603,0.14021174684940574,0.13913530716700911,0.13913530716867165,0.13913530717009068,0.13913530716867165,0.13913530716700911,0.13913530716867165,0.13913530717145473,0.1391353071743877,0.13913530717145473,0.13913530716867165,0.13913530717009068,0.1391353071743877,0.13913530718036893,0.1391353071743877,0.13913530717009068,0.13913530716867165,0.13913530717145473,0.1391353071743877,0.13913530717145473,0.13913530716867165,0.13913530716700911,0.13913530716867165,0.13913530717009068,0.13913530716867165,0.13913530716700911,0.1380798036717645,0.1380798036744241,0.1380798036770074,0.1380798036744241,0.1380798036717645,0.1380798036744241,0.13807980367959427,0.13807980368640382,0.13807980367959427,0.1380798036744241,0.1380798036770074,0.13807980368640382,0.13807980370494305,0.13807980368640382,0.1380798036770074,0.1380798036744241,0.13807980367959427,0.13807980368640382,0.13807980367959427,0.1380798036744241,0.1380798036717645,0.1380798036744241,0.1380798036770074,0.1380798036744241,0.1380798036717645,0.13704476575669797,0.13704476576060065,0.13704476576525582,0.13704476576060065,0.13704476575669797,0.13704476576060065,0.1370447657700638,0.1370447657888065,0.1370447657700638,0.13704476576060065,0.13704476576525582,0.1370447657888065,0.13704476589197084,0.1370447657888065,0.13704476576525582,0.13704476576060065,0.1370447657700638,0.1370447657888065,0.1370447657700638,0.13704476576060065,0.13704476575669797,0.13704476576060065,0.13704476576525582,0.13704476576060065,0.13704476575669797,0.13602973232488513,0.13602973232756116,0.13602973233016324,0.13602973232756116,0.13602973232488513,0.13602973232756116,0.13602973233276555,0.1360297323396792,0.13602973233276555,0.13602973232756116,0.13602973233016324,0.1360297323396792,0.1360297323587776,0.1360297323396792,0.13602973233016324,0.13602973232756116,0.13602973233276555,0.1360297323396792,0.13602973233276555,0.13602973232756116,0.13602973232488513,0.13602973232756116,0.13602973233016324,0.13602973232756116,0.13602973232488513,0.13503425180072523,0.13503425180239123,0.13503425180376177,0.13503425180239123,0.13503425180072523,0.13503425180239123,0.13503425180505935,0.13503425180769457,0.13503425180505935,0.13503425180239123,0.13503425180376177,0.13503425180769457,0.13503425181247072,0.13503425180769457,0.13503425180376177,0.13503425180239123,0.13503425180505935,0.13503425180769457,0.13503425180505935,0.13503425180239123,0.13503425180072523,0.13503425180239123,0.13503425180376177,0.13503425180239123,0.13503425180072523
0.1653324878928669,0.16533248789286661,0.16533248789286642,0.16533248789286661,0.1653324878928669,0.16533248789286661,0.16533248789286642,0.16533248789286617,0.16533248789286642,0.16533248789286661,0.16533248789286642,0.16533248789286617,0.16533248789286595,0.16533248789286617,0.16533248789286642,0.16533248789286661,0.16533248789286642,0.16533248789286617,0.16533248789286642,0.16533248789286661,0.1653324878928669,0.16533248789286661,0.16533248789286642,0.16533248789286661,0.1653324878928669,0.16375749417193186,0.16375749417193117,0.16375749417193092,0.16375749417193117,0.16375749417193186,0.16375749417193117,0.16375749417193047,0.16375749417193025,0.16375749417193047,0.16375749417193117,0.16375749417193092,0.16375749417193025,0.16375749417192978,0.16375749417193025,0.16375749417193092,0.16375749417193117,0.16375749417193047,0.16375749417193025,0.16375749417193047,0.16375749417193117,0.16375749417193186,0.16375749417193117,0.16375749417193092,0.16375749417193117,0.16375749417193186,0.1622138843829349,0.16221388438293285,0.16221388438293172,0.16221388438293285,0.1622138843829349,0.16221388438293285,0.16221388438293083,0.16221388438292944,0.16221388438293083,0.16221388438293285,0.16221388438293172,0.16221388438292944,0.16221388438292786,0.16221388438292944,0.16221388438293172,0.16221388438293285,0.16221388438293083,0.16221388438292944,0.16221388438293083,0.16221388438293285,0.1622138843829349,0.16221388438293285,0.16221388438293172,0.16221388438293285,0.1622138843829349,0.16070106748291893,0.1607010674829127,0.16070106748290894,0.1607010674829127,0.16070106748291893,0.1607010674829127,0.16070106748290605,0.16070106748290183,0.16070106748290605,0.1607010674829127,0.16070106748290894,0.16070106748290183,0.16070106748289695,0.16070106748290183,0.16070106748290894,0.1607010674829127,0.16070106748290605,0.16070106748290183,0.16070106748290605,0.1607010674829127,0.16070106748291893,0.1607010674829127,0.16070106748290894,0.1607010674829127,0.16070106748291893,0.15921845184687033,0.15921845184685204,0.15921845184684028,0.15921845184685204,0.15921845184687033,0.15921845184685204,0.15921845184683114,0.15921845184681718,0.15921845184683114,0.15921845184685204,0.15921845184684028,0.15921845184681718,0.15921845184680175,0.15921845184681718,0.15921845184684028,0.15921845184685204,0.15921845184683114,0.15921845184681718,0.15921845184683114,0.15921845184685204,0.15921845184687033,0.15921845184685204,0.15921845184684028,0.15921845184685204,0.15921845184687033,0.15776544661958106,0.15776544661952768,0.1577654466194923,0.15776544661952768,0.15776544661958106,0.15776544661952768,0.15776544661946346,0.15776544661941888,0.15776544661946346,0.15776544661952768,0.1577654466194923,0.15776544661941888,0.1577654466193668,0.15776544661941888,0.1577654466194923,0.15776544661952768,0.15776544661946346,0.15776544661941888,0.15776544661946346,0.15776544661952768,0.15776544661958106,0.15776544661952768,0.1577654466194923,0.15776544661952768,0.15776544661958106,0.15634146293000328,0.15634146292985188,0.15634146292974627,0.15634146292985188,0.15634146293000328,0.15634146292985188,0.15634146292965637,0.15634146292951062,0.15634146292965637,0.15634146292985188,0.15634146292974627,0.15634146292951062,0.15634146292932555,0.15634146292951062,0.15634146292974627,0.15634146292985188,0.15634146292965637,0.15634146292951062,0.15634146292965637,0.15634146292985188,0.15634146293000328,0.15634146292985188,0.15634146292974627,0.15634146292985188,0.15634146293000328,0.15494591497839233,0.15494591497798227,0.1549459149776761,0.15494591497798227,0.15494591497839233,0.15494591497798227,0.15494591497740068,0.15494591497691437,0.15494591497740068,0.15494591497798227,0.1549459149776761,0.15494591497691437,0.15494591497620427,0.15494591497691437,0.1549459149776761,0.15494591497798227,0.15494591497740068,0.15494591497691437,0.15494591497740068,0.15494591497798227,0.15494591497839233,0.15494591497798227,0.1549459149776761,0.15494591497798227,0.15494591497839233,0.1535782210060171,0.153578221004989,0.15357822100413904,0.153578221004989,0.1535782210060171,0.153578221004989,0.15357822100333302,0.1535782210016825,0.15357822100333302,0.153578221004989,0.15357822100413904,0.1535782210016825,0.1535782209986594,0.1535782210016825,0.15357822100413904,0.153578221004989,0.15357822100333302,0.1535782210016825,0.15357822100333302,0.153578221004989,0.1535782210060171,0.153578221004989,0.15357822100413904,0.153578221004989,0.1535782210060171,0.15223780415667829,0.1522378041544225,0.15223780415227184,0.1522378041544225,0.15223780415667829,0.1522378041544225,0.152237804150132,0.15223780414462895,0.152237804150132,0.1522378041544225,0.15223780415227184,0.15223780414462895,0.15223780413008273,0.15223780414462895,0.15223780415227184,0.1522378041544225,0.152237804150132,0.15223780414462895,0.152237804150132,0.1522378041544225,0.15223780415667829,0.1522378041544225,0.15223780415227184,0.1522378041544225,0.15223780415667829,0.1509240932385447,0.1509240932347023,0.15092409323035638,0.1509240932347023,0.1509240932385447,0.1509240932347023,0.15092409322589148,0.15092409320995898,0.15092409322589148,0.1509240932347023,0.15092409323035638,0.15092409320995898,0.15092409313070207,0.15092409320995898,0.15092409323035638,0.1509240932347023,0.15092409322589148,0.15092409320995898,0.15092409322589148,0.1509240932347023,0.1509240932385447,0.1509240932347023,0.15092409323035638,0.1509240932347023,0.1509240932385447,0.14963652339324027,0.1496365233894728,0.14963652338537117,0.1496365233894728,0.14963652339324027,0.1496365233894728,0.14963652338117184,0.14963652336735717,0.14963652338117184,0.1496365233894728,0.14963652338537117,0.14963652336735717,0.149636523307314,0.14963652336735717,0.14963652338537117,0.1496365233894728,0.14963652338117184,0.14963652336735717,0.14963652338117184,0.1496365233894728,0.14963652339324027,0.1496365233894728,0.14963652338537117,0.1496365233894728,0.14963652339324027,0.1483745366771031,0.14837453667454797,0.14837453667190775,0.14837453667454797,0.1483745366771031,0.14837453667454797,0.14837453666923361,0.14837453666103967,0.14837453666923361,0.14837453667454797,0.14837453667190775,0.14837453666103967,0.14837453662804817,0.14837453666103967,0.14837453667190775,0.14837453667454797,0.14837453666923361,0.14837453666103967,0.14837453666923361,0.14837453667454797,0.1483745366771031,0.14837453667454797,0.14837453667190775,0.14837453667454797,0.1483745366771031,0.14713758257055748,0.14713758256952858,0.1471375825685638,0.14713758256952858,0.14713758257055748,0.14713758256952858,0.14713758256761209,0.14713758256507525,0.14713758256761209,0.14713758256952858,0.1471375825685638,0.14713758256507525,0.14713758255655138,0.14713758256507525,0.1471375825685638,0.14713758256952858,0.14713758256761209,0.14713758256507525,0.14713758256761209,0.14713758256952858,0.14713758257055748,0.14713758256952858,0.1471375825685638,0.14713758256952858,0.14713758257055748,0.1459251184176114,0.1459251184179168,0.1459251184183463,0.1459251184179168,0.1459251184176114,0.1459251184179168,0.1459251184188114,0.14592511842068767,0.1459251184188114,0.1459251184179168,0.1459251184183463,0.14592511842068767,0.14592511843038342,0.14592511842068767,0.1459251184183463,0.1459251184179168,0.1459251184188114,0.14592511842068767,0.1459251184188114,0.1459251184179168,0.1459251184176114,0.1459251184179168,0.1459251184183463,0.1459251184179168,0.1459251184176114,0.14473660980034384,0.14473660980158018,0.1447366098029443,0.14473660980158018,0.14473660980034384,0.14473660980158018,0.14473660980434838,0.14473660980900138,0.14473660980434838,0.14473660980158018,0.1447366098029443,0.14473660980900138,0.14473660982941408,0.14473660980900138,0.1447366098029443,0.14473660980158018,0.14473660980434838,0.14473660980900138,0.14473660980434838,0.14473660980158018,0.14473660980034384,0.14473660980158018,0.1447366098029443,0.14473660980158018,0.14473660980034384,0.14357153085411753,0.14357153085586083,0.14357153085772473,0.14357153085586083,0.14357153085411753,0.14357153085586083,0.14357153085962582,0.14357153086576227,0.14357153085962582,0.14357153085586083,0.14357153085772473,0.14357153086576227,0.14357153089219152,0.14357153086576227,0.14357153085772473,0.14357153085586083,0.14357153085962582,0.14357153086576227,0.14357153085962565,0.14357153085586083,0.14357153085411753,0.14357153085586083,0.14357153085772473,0.14357153085586083,0.14357153085411753,0.1424293645290058,0.1424293645308519,0.14242936453278507,0.1424293645308519,0.1424293645290058,0.1424293645308519,0.14242936453474275,0.14242936454096922,0.14242936453474275,0.1424293645308519,0.14242936453278507,0.14242936454096922,0.1424293645675978,0.14242936454096922,0.14242936453278507,0.1424293645308519,0.14242936453474275,0.14242936454096922,0.14242936453474275,0.1424293645308519,0.1424293645290058,0.1424293645308519,0.14242936453278507,0.1424293645308519,0.1424293645290058,0.1413096028026421,0.1413096028042979,0.14130960280595195,0.1413096028042979,0.1413096028026421,0.1413096028042979,0.14130960280760388,0.14130960281257038,0.14130960280760388,0.1413096028042979,0.14130960280595195,0.14130960281257038,0.141309602832466,0.14130960281257038,0.14130960280595195,0.1413096028042979,0.14130960280760388,0.14130960281257038,0.14130960280760388,0.1413096028042979,0.1413096028026421,0.1413096028042979,0.14130960280595195,0.1413096028042979,0.1413096028026421,0.14021174684891022,0.14021174685038296,0.14021174685174795,0.14021174685038296,0.14021174684891022,0.14021174685038296,0.1402117468530799,0.1402117468567368,0.1402117468530799,0.14021174685038296,0.14021174685174795,0.1402117468567368,0.14021174687040683,0.1402117468567368,0.14021174685174795,0.14021174685038296,0.1402117468530799,0.1402117468567368,0.1402117468530799,0.14021174685038296,0.14021174684891022,0.14021174685038296,0.14021174685174795,0.14021174685038296,0.14021174684891022,0.13913530716646047,0.1391353071681173,0.1391353071695313,0.1391353071681173,0.13913530716646047,0.1391353071681173,0.1391353071708906,0.13913530717381345,0.1391353071708906,0.1391353071681173,0.1391353071695313,0.13913530717381345,0.13913530717977426,0.13913530717381345,0.1391353071695313,0.1391353071681173,0.1391353071708906,0.13913530717381345,0.1391353071708906,0.1391353071681173,0.13913530716646047,0.1391353071681173,0.1391353071695313,0.1391353071681173,0.13913530716646047,0.13807980367117398,0.1380798036738264,0.13807980367640305,0.1380798036738264,0.13807980367117398,0.1380798036738264,0.13807980367898323,0.13807980368577574,0.13807980367898323,0.1380798036738264,0.13807980367640305,0.13807980368577574,0.13807980370426942,0.13807980368577574,0.13807980367640305,0.1380798036738264,0.13807980367898323,0.13807980368577574,0.13807980367898323,0.1380798036738264,0.13807980367117398,0.1380798036738264,0.13807980367640305,0.1380798036738264,0.13807980367117398,0.1370447657560793,0.13704476575997243,0.13704476576461636,0.13704476575997243,0.1370447657560793,0.13704476575997243,0.13704476576941277,0.13704476578811048,0.13704476576941277,0.13704476575997243,0.13704476576461636,0.13704476578811048,0.13704476589106315,0.13704476578811048,0.13704476576461636,0.13704476575997243,0.13704476576941277,0.13704476578811048,0.13704476576941277,0.13704476575997243,0.1370447657560793,0.13704476575997243,0.13704476576461636,0.13704476575997243,0.1370447657560793,0.13602973232425758,0.136029732326927,0.1360297323295228,0.136029732326927,0.1360297323242574,0.136029732326927,0.1360297323321189,0.13602973233901597,0.1360297323321189,0.136029732326927,0.1360297323295228,0.13602973233901597,0.13602973235806878,0.13602973233901597,0.1360297323295228,0.136029732326927,0.1360297323321189,0.13602973233901597,0.1360297323321189,0.136029732326927,0.1360297323242574,0.136029732326927,0.1360297323295228,0.136029732326927,0.1360297323242574,0.1350342518001017,0.13503425180176354,0.13503425180313075,0.13503425180176354,0.1350342518001017,0.13503425180176354,0.13503425180442527,0.13503425180705403,0.13503425180442527,0.13503425180176354,0.13503425180313075,0.13503425180705403,0.13503425181181897,0.13503425180705403,0.13503425180313075,0.13503425180176354,0.13503425180442527,0.13503425180705403,0.13503425180442527,0.13503425180176354,0.1350342518001017,0.13503425180176354,0.13503425180313075,0.13503425180176354,0.1350342518001017
0.16533248789327867,0.16533248789327845,0.16533248789327845,0.16533248789327845,0.16533248789327867,0.16533248789327845,0.1653324878932782,0.16533248789327798,0.1653324878932782,0.16533248789327845,0.16533248789327845,0.16533248789327798,0.16533248789327798,0.16533248789327798,0.16533248789327845,0.16533248789327845,0.1653324878932782,0.16533248789327798,0.1653324878932782,0.16533248789327845,0.16533248789327867,0.16533248789327845,0.16533248789327845,0.16533248789327845,0.16533248789327867,0.16375749417233568,0.16375749417233498,0.16375749417233454,0.16375749417233498,0.16375749417233568,0.16375749417233498,0.1637574941723343,0.16375749417233382,0.1637574941723343,0.16375749417233498,0.16375749417233454,0.16375749417233382,0.1637574941723334,0.16375749417233382,0.16375749417233454,0.16375749417233498,0.1637574941723343,0.16375749417233382,0.1637574941723343,0.16375749417233498,0.16375749417233568,0.16375749417233498,0.16375749417233454,0.16375749417233498,0.16375749417233568,0.16221388438333045,0.16221388438332843,0.1622138843833273,0.16221388438332843,0.16221388438333045,0.16221388438332843,0.16221388438332637,0.16221388438332504,0.16221388438332637,0.16221388438332843,0.1622138843833273,0.16221388438332504,0.1622138843833234,0.16221388438332504,0.1622138843833273,0.16221388438332843,0.16221388438332637,0.16221388438332504,0.16221388438332637,0.16221388438332843,0.16221388438333045,0.16221388438332843,0.1622138843833273,0.16221388438332843,0.16221388438333045,0.16070106748330637,0.16070106748330035,0.16070106748329635,0.16070106748330035,0.16070106748330637,0.16070106748330035,0.16070106748329369,0.16070106748328924,0.16070106748329369,0.16070106748330035,0.16070106748329635,0.16070106748328924,0.1607010674832846,0.16070106748328924,0.16070106748329635,0.16070106748330035,0.16070106748329369,0.16070106748328924,0.16070106748329369,0.16070106748330035,0.16070106748330637,0.16070106748330035,0.16070106748329635,0.16070106748330035,0.16070106748330637,0.1592184518472498,0.15921845184723174,0.15921845184721997,0.15921845184723174,0.1592184518472498,0.15921845184723174,0.15921845184721084,0.1592184518471969,0.15921845184721084,0.15921845184723174,0.15921845184721997,0.1592184518471969,0.15921845184718145,0.1592184518471969,0.15921845184721997,0.15921845184723174,0.15921845184721084,0.1592184518471969,0.15921845184721084,0.15921845184723174,0.1592184518472498,0.15921845184723174,0.15921845184721997,0.15921845184723174,0.1592184518472498,0.15776544661995273,0.1577654466198996,0.1577654466198642,0.1577654466198996,0.15776544661995273,0.1577654466198996,0.15776544661983538,0.15776544661979078,0.15776544661983538,0.1577654466198996,0.1577654466198642,0.15776544661979078,0.15776544661973893,0.15776544661979078,0.1577654466198642,0.1577654466198996,0.15776544661983538,0.15776544661979078,0.15776544661983538,0.1577654466198996,0.15776544661995273,0.1577654466198996,0.1577654466198642,0.1577654466198996,0.15776544661995273,0.15634146293036694,0.15634146293021572,0.15634146293011053,0.15634146293021572,0.15634146293036694,0.15634146293021572,0.15634146293002085,0.1563414629298753,0.15634146293002085,0.15634146293021572,0.15634146293011053,0.1563414629298753,0.15634146292969067,0.1563414629298753,0.15634146293011053,0.15634146293021572,0.15634146293002085,0.1563414629298753,0.15634146293002085,0.15634146293021572,0.15634146293036694,0.15634146293021572,0.15634146293011053,0.15634146293021572,0.15634146293036694,0.1549459149787475,0.15494591497833823,0.15494591497803267,0.15494591497833823,0.1549459149787475,0.15494591497833823,0.15494591497775786,0.1549459149772726,0.15494591497775786,0.15494591497833823,0.15494591497803267,0.1549459149772726,0.15494591497656393,0.1549459149772726,0.15494591497803267,0.15494591497833823,0.15494591497775786,0.1549459149772726,0.15494591497775786,0.15494591497833823,0.1549459149787475,0.15494591497833823,0.15494591497803267,0.15494591497833823,0.1549459149787475,0.15357822100636195,0.15357822100533605,0.15357822100448787,0.15357822100533605,0.15357822100636195,0.15357822100533605,0.1535782210036835,0.15357822100203658,0.1535782210036835,0.15357822100533605,0.15357822100448787,0.15357822100203658,0.1535782209990199,0.15357822100203658,0.15357822100448787,0.15357822100533605,0.1535782210036835,0.15357822100203658,0.1535782210036835,0.15357822100533605,0.15357822100636195,0.15357822100533605,0.15357822100448787,0.15357822100533605,0.15357822100636195,0.1522378041570082,0.15223780415475732,0.1522378041526114,0.15223780415475732,0.1522378041570082,0.15223780415475732,0.15223780415047625,0.15223780414498486,0.15223780415047625,0.15223780415475732,0.1522378041526114,0.15223780414498486,0.15223780413046872,0.15223780414498486,0.1522378041526114,0.15223780415475732,0.15223780415047625,0.15223780414498486,0.15223780415047625,0.15223780415475732,0.1522378041570082,0.15223780415475732,0.1522378041526114,0.15223780415475732,0.1522378041570082,0.15092409323884912,0.1509240932350158,0.15092409323067954,0.1509240932350158,0.15092409323884912,0.1509240932350158,0.15092409322622483,0.1509240932103261,0.15092409322622483,0.1509240932350158,0.15092409323067954,0.1509240932103261,0.15092409313122948,0.1509240932103261,0.15092409323067954,0.1509240932350158,0.15092409322622483,0.1509240932103261,0.15092409322622483,0.1509240932350158,0.15092409323884912,0.1509240932350158,0.15092409323067954,0.1509240932350158,0.15092409323884912,0.14963652339350045,0.14963652338974356,0.14963652338565273,0.14963652338974356,0.14963652339350045,0.14963652338974356,0.14963652338146452,0.14963652336768524,0.14963652338146452,0.14963652338974356,0.14963652338565273,0.14963652336768524,0.14963652330779953,0.14963652336768524,0.14963652338565273,0.14963652338974356,0.14963652338146452,0.14963652336768524,0.14963652338146452,0.14963652338974356,0.14963652339350045,0.14963652338974356,0.14963652338565273,0.14963652338974356,0.14963652339350045,0.14837453667729714,0.1483745366747518,0.148374536672122,0.1483745366747518,0.14837453667729714,0.1483745366747518,0.14837453666945846,0.14837453666129727,0.14837453666945846,0.1483745366747518,0.148374536672122,0.14837453666129727,0.14837453662844197,0.14837453666129727,0.148374536672122,0.1483745366747518,0.14837453666945846,0.14837453666129727,0.14837453666945846,0.1483745366747518,0.14837453667729714,0.1483745366747518,0.148374536672122,0.1483745366747518,0.14837453667729714,0.14713758257066392,0.14713758256964302,0.14713758256868675,0.14713758256964302,0.14713758257066392,0.14713758256964302,0.14713758256774398,0.147137582565236,0.14713758256774398,0.14713758256964302,0.14713758256868675,0.147137582565236,0.1471375825568173,0.147137582565236,0.14713758256868675,0.14713758256964302,0.14713758256774398,0.147137582565236,0.14713758256774398,0.14713758256964302,0.14713758257066392,0.14713758256964302,0.14713758256868675,0.14713758256964302,0.14713758257066392,0.14592511841761213,0.1459251184179218,0.14592511841835593,0.1459251184179218,0.14592511841761213,0.1459251184179218,0.1459251184188255,0.14592511842071687,0.1459251184188255,0.1459251184179218,0.14592511841835593,0.14592511842071687,0.1459251184304739,0.14592511842071687,0.14592511841835593,0.1459251184179218,0.1459251184188255,0.14592511842071687,0.1459251184188255,0.1459251184179218,0.14592511841761213,0.1459251184179218,0.14592511841835593,0.1459251184179218,0.14592511841761213,0.144736609800229,0.14473660980146463,0.1447366098028277,0.14473660980146463,0.144736609800229,0.14473660980146463,0.14473660980423075,0.14473660980888056,0.14473660980423075,0.14473660980146463,0.1447366098028277,0.14473660980888056,0.144736609829291,0.14473660980888056,0.1447366098028277,0.14473660980146463,0.14473660980423075,0.14473660980888056,0.14473660980423075,0.14473660980146463,0.144736609800229,0.14473660980146463,0.1447366098028277,0.14473660980146463,0.144736609800229,0.1435715308538872,0.14357153085562468,0.14357153085748278,0.14357153085562468,0.1435715308538872,0.14357153085562468,0.14357153085937768,0.14357153086549618,0.14357153085937768,0.14357153085562468,0.14357153085748278,0.14357153086549618,0.14357153089185187,0.14357153086549618,0.14357153085748278,0.14357153085562468,0.14357153085937768,0.14357153086549618,0.14357153085937768,0.14357153085562468,0.1435715308538872,0.14357153085562468,0.14357153085748278,0.14357153085562468,0.1435715308538872,0.14242936452866994,0.14242936453050617,0.14242936453242844,0.14242936453050617,0.14242936452866994,0.14242936453050617,0.14242936453437505,0.1424293645405627,0.14242936453437505,0.14242936453050617,0.14242936453242844,0.1424293645405627,0.14242936456699795,0.1424293645405627,0.14242936453242844,0.14242936453050617,0.14242936453437505,0.1424293645405627,0.14242936453437505,0.14242936453050617,0.14242936452866994,0.14242936453050617,0.14242936453242844,0.14242936453050617,0.14242936452866994,0.14130960280221974,0.14130960280386537,0.14130960280550792,0.14130960280386537,0.14130960280221974,0.14130960280386537,0.14130960280714827,0.14130960281207566,0.14130960280714827,0.14130960280386537,0.14130960280550792,0.14130960281207566,0.14130960283182176,0.14130960281207566,0.14130960280550792,0.14130960280386537,0.14130960280714827,0.14130960281207566,0.14130960280714827,0.14130960280386537,0.14130960280221974,0.14130960280386537,0.14130960280550792,0.14130960280386537,0.14130960280221974,0.14021174684842114,0.14021174684988644,0.14021174685124435,0.14021174684988644,0.14021174684842114,0.14021174684988644,0.14021174685256937,0.14021174685620724,0.14021174685256937,0.14021174684988644,0.14021174685124435,0.14021174685620724,0.14021174686979682,0.14021174685620724,0.14021174685124435,0.14021174684988644,0.14021174685256937,0.14021174685620724,0.14021174685256937,0.14021174684988644,0.14021174684842114,0.14021174684988644,0.14021174685124435,0.14021174684988644,0.14021174684842114,0.13913530716591893,0.13913530716756992,0.1391353071689792,0.13913530716756992,0.13913530716591893,0.13913530716756992,0.1391353071703337,0.13913530717324663,0.1391353071703337,0.13913530716756992,0.1391353071689792,0.13913530717324663,0.13913530717918735,0.13913530717324663,0.1391353071689792,0.13913530716756992,0.1391353071703337,0.13913530717324663,0.1391353071703337,0.13913530716756992,0.13913530716591893,0.13913530716756992,0.1391353071689792,0.13913530716756992,0.13913530716591893,0.13807980367059103,0.1380798036732365,0.13807980367580644,0.1380798036732365,0.13807980367059103,0.1380798036732365,0.13807980367838,0.1380798036851556,0.13807980367838,0.1380798036732365,0.13807980367580644,0.1380798036851556,0.1380798037036043,0.1380798036851556,0.13807980367580644,0.1380798036732365,0.13807980367838,0.1380798036851556,0.13807980367838,0.1380798036732365,0.13807980367059103,0.1380798036732365,0.13807980367580644,0.1380798036732365,0.13807980367059103,0.13704476575546856,0.13704476575935226,0.13704476576398492,0.13704476575935226,0.13704476575546856,0.13704476575935226,0.13704476576876978,0.1370447657874231,0.13704476576876978,0.13704476575935226,0.13704476576398492,0.1370447657874231,0.1370447658900991,0.1370447657874231,0.13704476576398492,0.13704476575935226,0.13704476576876978,0.1370447657874231,0.13704476576876978,0.13704476575935226,0.13704476575546856,0.13704476575935226,0.13704476576398492,0.13704476575935226,0.13704476575546856,0.13602973232363788,0.13602973232630106,0.1360297323288906,0.13602973232630106,0.13602973232363788,0.13602973232630106,0.13602973233148055,0.13602973233836124,0.13602973233148055,0.13602973232630106,0.1360297323288906,0.13602973233836124,0.13602973235736904,0.13602973233836124,0.1360297323288906,0.13602973232630106,0.13602973233148055,0.13602973233836124,0.13602973233148055,0.13602973232630106,0.13602973232363788,0.13602973232630106,0.1360297323288906,0.13602973232630106,0.13602973232363788,0.1350342517994859,0.13503425180114378,0.13503425180250778,0.13503425180114378,0.1350342517994859,0.13503425180114378,0.1350342518037992,0.13503425180642184,0.13503425180379935,0.13503425180114378,0.13503425180250778,0.13503425180642184,0.13503425181117534,0.13503425180642184,0.13503425180250778,0.13503425180114378,0.13503425180379935,0.13503425180642184,0.13503425180379935,0.13503425180114378,0.1350342517994859,0.13503425180114378,0.13503425180250778,0.13503425180114378,0.1350342517994859
0.16533248789368554,0.16533248789368532,0.16533248789368504,0.16533248789368532,0.16533248789368554,0.16533248789368532,0.16533248789368504,0.16533248789368482,0.16533248789368504,0.16533248789368532,0.16533248789368504,0.16533248789368482,0.16533248789368457,0.16533248789368482,0.16533248789368504,0.16533248789368532,0.16533248789368504,0.16533248789368482,0.16533248789368504,0.16533248789368532,0.16533248789368554,0.16533248789368532,0.16533248789368504,0.16533248789368532,0.16533248789368554,0.1637574941727342,0.1637574941727335,0.16375749417273305,0.1637574941727335,0.1637574941727342,0.1637574941727335,0.1637574941727328,0.16375749417273236,0.1637574941727328,0.1637574941727335,0.16375749417273305,0.16375749417273236,0.1637574941727319,0.16375749417273236,0.16375749417273305,0.1637574941727335,0.1637574941727328,0.16375749417273236,0.1637574941727328,0.1637574941727335,0.1637574941727342,0.1637574941727335,0.16375749417273305,0.1637574941727335,0.1637574941727342,0.16221388438372103,0.16221388438371898,0.16221388438371784,0.16221388438371898,0.16221388438372103,0.16221388438371898,0.16221388438371692,0.1622138843837156,0.16221388438371692,0.16221388438371898,0.16221388438371784,0.1622138843837156,0.162213884383714,0.1622138843837156,0.16221388438371784,0.16221388438371898,0.16221388438371692,0.1622138843837156,0.16221388438371692,0.16221388438371898,0.16221388438372103,0.16221388438371898,0.16221388438371784,0.16221388438371898,0.16221388438372103,0.16070106748368912,0.1607010674836829,0.16070106748367916,0.1607010674836829,0.16070106748368912,0.1607010674836829,0.16070106748367624,0.16070106748367202,0.16070106748367624,0.1607010674836829,0.16070106748367916,0.16070106748367202,0.16070106748366736,0.16070106748367202,0.16070106748367916,0.1607010674836829,0.16070106748367624,0.16070106748367202,0.16070106748367624,0.1607010674836829,0.16070106748368912,0.1607010674836829,0.16070106748367916,0.1607010674836829,0.16070106748368912,0.15921845184762473,0.15921845184760663,0.1592184518475949,0.15921845184760663,0.15921845184762473,0.15921845184760663,0.15921845184758573,0.1592184518475718,0.15921845184758573,0.15921845184760663,0.1592184518475949,0.1592184518475718,0.15921845184755656,0.1592184518475718,0.1592184518475949,0.15921845184760663,0.15921845184758573,0.1592184518475718,0.15921845184758573,0.15921845184760663,0.15921845184762473,0.15921845184760663,0.1592184518475949,0.15921845184760663,0.15921845184762473,0.15776544662031994,0.15776544662026679,0.1577654466202314,0.15776544662026679,0.15776544662031994,0.15776544662026679,0.1577654466202028,0.15776544662015818,0.1577654466202028,0.15776544662026679,0.1577654466202314,0.15776544662015818,0.15776544662010636,0.15776544662015818,0.1577654466202314,0.15776544662026679,0.1577654466202028,0.15776544662015818,0.1577654466202028,0.15776544662026679,0.15776544662031994,0.15776544662026679,0.1577654466202314,0.15776544662026679,0.15776544662031994,0.15634146293072596,0.1563414629305752,0.15634146293047022,0.1563414629305752,0.15634146293072596,0.1563414629305752,0.1563414629303805,0.15634146293023538,0.1563414629303805,0.1563414629305752,0.15634146293047022,0.15634146293023538,0.15634146293005138,0.15634146293023538,0.15634146293047022,0.1563414629305752,0.1563414629303805,0.15634146293023538,0.1563414629303805,0.1563414629305752,0.15634146293072596,0.1563414629305752,0.15634146293047022,0.1563414629305752,0.15634146293072596,0.15494591497909813,0.15494591497868968,0.15494591497838497,0.15494591497868968,0.15494591497909813,0.15494591497868968,0.15494591497811055,0.15494591497762633,0.15494591497811055,0.15494591497868968,0.15494591497838497,0.15494591497762633,0.15494591497691929,0.15494591497762633,0.15494591497838497,0.15494591497868968,0.15494591497811055,0.15494591497762633,0.15494591497811055,0.15494591497868968,0.15494591497909813,0.15494591497868968,0.15494591497838497,0.15494591497868968,0.15494591497909813,0.15357822100670238,0.15357822100567867,0.15357822100483234,0.15357822100567867,0.15357822100670238,0.15357822100567867,0.15357822100402974,0.15357822100238624,0.15357822100402974,0.15357822100567867,0.15357822100483234,0.15357822100238624,0.15357822099937563,0.15357822100238624,0.15357822100483234,0.15357822100567867,0.15357822100402974,0.15357822100238624,0.15357822100402974,0.15357822100567867,0.15357822100670238,0.15357822100567867,0.15357822100483234,0.15357822100567867,0.15357822100670238,0.15223780415733396,0.15223780415508803,0.1522378041529466,0.15223780415508803,0.15223780415733396,0.15223780415508803,0.1522378041508162,0.1522378041453362,0.1522378041508162,0.15223780415508803,0.1522378041529466,0.1522378041453362,0.1522378041308498,0.1522378041453362,0.1522378041529466,0.15223780415508803,0.1522378041508162,0.1522378041453362,0.1522378041508162,0.15223780415508803,0.15223780415733396,0.15223780415508803,0.1522378041529466,0.15223780415508803,0.15223780415733396,0.1509240932391497,0.15092409323532543,0.1509240932309988,0.15092409323532543,0.1509240932391497,0.15092409323532543,0.15092409322655376,0.15092409321068898,0.15092409322655376,0.15092409323532543,0.1509240932309988,0.15092409321068898,0.1509240931317631,0.15092409321068898,0.1509240932309988,0.15092409323532543,0.15092409322655376,0.15092409321068898,0.15092409322655376,0.15092409323532543,0.1509240932391497,0.15092409323532543,0.1509240932309988,0.15092409323532543,0.1509240932391497,0.1496365233937574,0.14963652339001074,0.14963652338593086,0.14963652339001074,0.1496365233937574,0.14963652339001074,0.14963652338175365,0.14963652336800895,0.14963652338175365,0.14963652339001074,0.14963652338593086,0.14963652336800895,0.1496365233082749,0.14963652336800895,0.14963652338593086,0.14963652339001074,0.14963652338175365,0.14963652336800895,0.14963652338175365,0.14963652339001074,0.1496365233937574,0.14963652339001074,0.14963652338593086,0.14963652339001074,0.1496365233937574,0.1483745366774886,0.1483745366749531,0.14837453667233363,0.1483745366749531,0.1483745366774886,0.1483745366749531,0.14837453666968028,0.14837453666155134,0.14837453666968028,0.1483745366749531,0.14837453667233363,0.14837453666155134,0.14837453662882913,0.14837453666155134,0.14837453667233363,0.1483745366749531,0.14837453666968028,0.14837453666155134,0.14837453666968028,0.1483745366749531,0.1483745366774886,0.1483745366749531,0.14837453667233363,0.1483745366749531,0.1483745366774886,0.14713758257076875,0.14713758256975581,0.14713758256880813,0.14713758256975581,0.14713758257076875,0.14713758256975581,0.14713758256787404,0.14713758256539422,0.14713758256787404,0.14713758256975581,0.14713758256880813,0.14713758256539422,0.1471375825570898,0.14713758256539422,0.14713758256880813,0.14713758256975581,0.14713758256787404,0.14713758256539422,0.14713758256787404,0.14713758256975581,0.14713758257076875,0.14713758256975581,0.14713758256880813,0.14713758256975581,0.14713758257076875,0.14592511841761302,0.1459251184179266,0.14592511841836517,0.1459251184179266,0.14592511841761302,0.1459251184179266,0.1459251184188395,0.1459251184207457,0.1459251184188395,0.1459251184179266,0.14592511841836517,0.1459251184207457,0.14592511843057432,0.1459251184207457,0.14592511841836517,0.1459251184179266,0.1459251184188395,0.1459251184207457,0.1459251184188395,0.1459251184179266,0.14592511841761302,0.1459251184179266,0.14592511841836517,0.1459251184179266,0.14592511841761302,0.14473660980011574,0.1447366098013505,0.14473660980271266,0.1447366098013505,0.14473660980011574,0.1447366098013505,0.14473660980411485,0.14473660980876135,0.14473660980411485,0.1447366098013505,0.14473660980271266,0.14473660980876135,0.14473660982913936,0.14473660980876135,0.14473660980271266,0.1447366098013505,0.14473660980411485,0.14473660980876135,0.14473660980411485,0.1447366098013505,0.14473660980011574,0.1447366098013505,0.14473660980271266,0.1447366098013505,0.14473660980011574,0.14357153085365962,0.14357153085539182,0.14357153085724395,0.14357153085539182,0.14357153085365962,0.14357153085539182,0.143571530859133,0.14357153086523386,0.143571530859133,0.14357153085539182,0.14357153085724395,0.14357153086523386,0.14357153089152724,0.14357153086523386,0.14357153085724395,0.14357153085539182,0.143571530859133,0.14357153086523386,0.143571530859133,0.14357153085539182,0.14357153085365962,0.14357153085539182,0.14357153085724395,0.14357153085539182,0.14357153085365962,0.1424293645283385,0.14242936453016497,0.1424293645320765,0.14242936453016497,0.1424293645283385,0.14242936453016497,0.14242936453401184,0.14242936454016147,0.14242936453401184,0.14242936453016497,0.1424293645320765,0.14242936454016147,0.1424293645664289,0.14242936454016147,0.1424293645320765,0.14242936453016497,0.14242936453401184,0.14242936454016147,0.14242936453401184,0.14242936453016497,0.1424293645283385,0.14242936453016497,0.1424293645320765,0.14242936453016497,0.1424293645283385,0.14130960280180246,0.14130960280343793,0.14130960280506943,0.14130960280343793,0.14130960280180246,0.14130960280343793,0.14130960280669846,0.14130960281158703,0.14130960280669846,0.14130960280343793,0.14130960280506943,0.14130960281158703,0.1413096028311279,0.14130960281158703,0.14130960280506943,0.14130960280343793,0.14130960280669846,0.14130960281158703,0.14130960280669846,0.14130960280343793,0.14130960280180246,0.14130960280343793,0.14130960280506943,0.14130960280343793,0.14130960280180246,0.14021174684793802,0.14021174684939605,0.1402117468507469,0.14021174684939605,0.14021174684793802,0.14021174684939605,0.14021174685206497,0.14021174685568427,0.14021174685206497,0.14021174684939605,0.1402117468507469,0.14021174685568427,0.1402117468692271,0.14021174685568427,0.1402117468507469,0.14021174684939605,0.14021174685206497,0.14021174685568427,0.14021174685206497,0.14021174684939605,0.14021174684793802,0.14021174684939605,0.1402117468507469,0.14021174684939605,0.14021174684793802,0.13913530716538403,0.13913530716702935,0.1391353071684337,0.13913530716702935,0.13913530716538403,0.13913530716702935,0.13913530716978365,0.13913530717268657,0.13913530716978365,0.13913530716702935,0.1391353071684337,0.13913530717268657,0.1391353071786077,0.13913530717268657,0.1391353071684337,0.13913530716702935,0.13913530716978365,0.13913530717268657,0.13913530716978365,0.13913530716702935,0.13913530716538403,0.13913530716702935,0.1391353071684337,0.13913530716702935,0.13913530716538403,0.13807980367001518,0.13807980367265368,0.13807980367521697,0.13807980367265368,0.13807980367001518,0.13807980367265368,0.13807980367778416,0.13807980368454287,0.13807980367778416,0.13807980367265368,0.13807980367521697,0.13807980368454287,0.13807980370294706,0.13807980368454287,0.13807980367521697,0.13807980367265368,0.13807980367778416,0.13807980368454287,0.13807980367778416,0.13807980367265368,0.13807980367001518,0.13807980367265368,0.13807980367521697,0.13807980367265368,0.13807980367001518,0.13704476575486524,0.13704476575873956,0.13704476576336125,0.13704476575873956,0.13704476575486524,0.13704476575873956,0.1370447657681347,0.13704476578674424,0.1370447657681347,0.13704476575873956,0.13704476576336125,0.13704476578674424,0.137044765889199,0.13704476578674424,0.13704476576336125,0.13704476575873956,0.1370447657681347,0.13704476578674424,0.1370447657681347,0.13704476575873956,0.13704476575486524,0.13704476575873956,0.13704476576336125,0.13704476575873956,0.13704476575486524,0.13602973232302581,0.13602973232568255,0.13602973232826598,0.13602973232568255,0.13602973232302581,0.13602973232568255,0.13602973233084983,0.13602973233771443,0.13602973233084983,0.13602973232568255,0.13602973232826598,0.13602973233771443,0.13602973235667745,0.13602973233771443,0.13602973232826598,0.13602973232568255,0.13602973233084983,0.13602973233771443,0.13602973233084983,0.13602973232568255,0.13602973232302581,0.13602973232568255,0.13602973232826598,0.13602973232568255,0.13602973232302581,0.13503425179887768,0.13503425180053164,0.13503425180189238,0.13503425180053164,0.13503425179887768,0.13503425180053164,0.13503425180318077,0.13503425180579726,0.1350342518031809,0.13503425180053164,0.13503425180189238,0.13503425180579726,0.13503425181053966,0.13503425180579726,0.13503425180189238,0.13503425180053164,0.1350342518031809,0.13503425180579726,0.1350342518031809,0.13503425180053164,0.13503425179887768,0.13503425180053164,0.13503425180189238,0.13503425180053164,0.13503425179887768
0.16533248789408742,0.16533248789408717,0.16533248789408694,0.16533248789408717,0.16533248789408742,0.16533248789408717,0.16533248789408672,0.16533248789408672,0.16533248789408672,0.16533248789408717,0.16533248789408694,0.16533248789408672,0.16533248789408644,0.16533248789408672,0.16533248789408694,0.16533248789408717,0.16533248789408672,0.16533248789408672,0.16533248789408672,0.16533248789408717,0.16533248789408742,0.16533248789408717,0.16533248789408694,0.16533248789408717,0.16533248789408742,0.16375749417312807,0.16375749417312738,0.16375749417312693,0.16375749417312738,0.16375749417312807,0.16375749417312738,0.1637574941731267,0.16375749417312624,0.1637574941731267,0.16375749417312738,0.16375749417312693,0.16375749417312624,0.16375749417312577,0.16375749417312624,0.16375749417312693,0.16375749417312738,0.1637574941731267,0.16375749417312624,0.1637574941731267,0.16375749417312738,0.16375749417312807,0.16375749417312738,0.16375749417312693,0.16375749417312738,0.16375749417312807,0.1622138843841068,0.16221388438410478,0.16221388438410364,0.16221388438410478,0.1622138843841068,0.16221388438410478,0.16221388438410272,0.1622138843841014,0.16221388438410272,0.16221388438410478,0.16221388438410364,0.1622138843841014,0.16221388438410003,0.1622138843841014,0.16221388438410364,0.16221388438410478,0.16221388438410272,0.1622138843841014,0.16221388438410272,0.16221388438410478,0.1622138843841068,0.16221388438410478,0.16221388438410364,0.16221388438410478,0.1622138843841068,0.160701067484067,0.160701067484061,0.16070106748405724,0.160701067484061,0.160701067484067,0.160701067484061,0.16070106748405438,0.16070106748405014,0.16070106748405438,0.160701067484061,0.16070106748405724,0.16070106748405014,0.16070106748404525,0.16070106748405014,0.16070106748405724,0.160701067484061,0.16070106748405438,0.16070106748405014,0.16070106748405438,0.160701067484061,0.160701067484067,0.160701067484061,0.16070106748405724,0.160701067484061,0.160701067484067,0.15921845184799505,0.15921845184797698,0.15921845184796524,0.15921845184797698,0.15921845184799505,0.15921845184797698,0.15921845184795608,0.15921845184794237,0.15921845184795608,0.15921845184797698,0.15921845184796524,0.15921845184794237,0.15921845184792693,0.15921845184794237,0.15921845184796524,0.15921845184797698,0.15921845184795608,0.15921845184794237,0.15921845184795608,0.15921845184797698,0.15921845184799505,0.15921845184797698,0.15921845184796524,0.15921845184797698,0.15921845184799505,0.15776544662068243,0.15776544662062952,0.1577654466205941,0.15776544662062952,0.15776544662068243,0.15776544662062952,0.15776544662056552,0.1577654466205211,0.15776544662056552,0.15776544662062952,0.1577654466205941,0.1577654466205211,0.1577654466204695,0.1577654466205211,0.1577654466205941,0.15776544662062952,0.15776544662056552,0.1577654466205211,0.15776544662056552,0.15776544662062952,0.15776544662068243,0.15776544662062952,0.1577654466205941,0.15776544662062952,0.15776544662068243,0.1563414629310808,0.15634146293093026,0.1563414629308255,0.15634146293093026,0.1563414629310808,0.15634146293093026,0.15634146293073597,0.15634146293059129,0.15634146293073597,0.15634146293093026,0.1563414629308255,0.15634146293059129,0.15634146293040746,0.15634146293059129,0.1563414629308255,0.15634146293093026,0.15634146293073597,0.15634146293059129,0.15634146293073597,0.15634146293093026,0.1563414629310808,0.15634146293093026,0.1563414629308255,0.15634146293093026,0.1563414629310808,0.15494591497944446,0.15494591497903706,0.15494591497873295,0.15494591497903706,0.15494591497944446,0.15494591497903706,0.15494591497845916,0.15494591497797572,0.15494591497845916,0.15494591497903706,0.15494591497873295,0.15494591497797572,0.15494591497727034,0.15494591497797572,0.15494591497873295,0.15494591497903706,0.15494591497845916,0.15494591497797572,0.15494591497845916,0.15494591497903706,0.15494591497944446,0.15494591497903706,0.15494591497873295,0.15494591497903706,0.15494591497944446,0.15357822100703877,0.15357822100601728,0.15357822100517257,0.15357822100601728,0.15357822100703877,0.15357822100601728,0.15357822100437177,0.15357822100273172,0.15357822100437177,0.15357822100601728,0.15357822100517257,0.15357822100273172,0.1535782209997273,0.15357822100273172,0.15357822100517257,0.15357822100601728,0.15357822100437177,0.15357822100273172,0.15357822100437177,0.15357822100601728,0.15357822100703877,0.15357822100601728,0.15357822100517257,0.15357822100601728,0.15357822100703877,0.1522378041576556,0.15223780415541477,0.1522378041532781,0.15223780415541477,0.1522378041576556,0.15223780415541477,0.152237804151152,0.15223780414568341,0.152237804151152,0.15223780415541477,0.1522378041532781,0.15223780414568341,0.15223780413122656,0.15223780414568341,0.1522378041532781,0.15223780415541477,0.152237804151152,0.15223780414568341,0.152237804151152,0.15223780415541477,0.1522378041576556,0.15223780415541477,0.1522378041532781,0.15223780415541477,0.1522378041576556,0.15092409323944678,0.15092409323563122,0.15092409323131406,0.15092409323563122,0.15092409323944678,0.15092409323563122,0.150924093226879,0.15092409321104744,0.150924093226879,0.15092409323563122,0.15092409323131406,0.15092409321104744,0.15092409313227456,0.15092409321104744,0.15092409323131406,0.15092409323563122,0.150924093226879,0.15092409321104744,0.150924093226879,0.15092409323563122,0.15092409323944678,0.15092409323563122,0.15092409323131406,0.15092409323563122,0.15092409323944678,0.14963652339401118,0.1496365233902745,0.14963652338620542,0.1496365233902745,0.14963652339401118,0.1496365233902745,0.14963652338203895,0.1496365233683287,0.14963652338203895,0.1496365233902745,0.14963652338620542,0.1496365233683287,0.14963652330872057,0.1496365233683287,0.14963652338620542,0.1496365233902745,0.14963652338203895,0.1496365233683287,0.14963652338203895,0.1496365233902745,0.14963652339401118,0.1496365233902745,0.14963652338620542,0.1496365233902745,0.14963652339401118,0.14837453667767783,0.14837453667515196,0.14837453667254252,0.14837453667515196,0.14837453667767783,0.14837453667515196,0.14837453666989933,0.1483745366618021,0.14837453666989933,0.14837453667515196,0.14837453667254252,0.1483745366618021,0.148374536629227,0.1483745366618021,0.14837453667254252,0.14837453667515196,0.14837453666989933,0.1483745366618021,0.14837453666989933,0.14837453667515196,0.14837453667767783,0.14837453667515196,0.14837453667254252,0.14837453667515196,0.14837453667767783,0.14713758257087248,0.14713758256986736,0.147137582568928,0.14713758256986736,0.14713758257087248,0.14713758256986736,0.14713758256800227,0.14713758256555048,0.14713758256800227,0.14713758256986736,0.147137582568928,0.14713758256555048,0.14713758255741677,0.14713758256555048,0.147137582568928,0.14713758256986736,0.14713758256800227,0.14713758256555048,0.14713758256800227,0.14713758256986736,0.14713758257087248,0.14713758256986736,0.147137582568928,0.14713758256986736,0.14713758257087248,0.14592511841761374,0.1459251184179316,0.1459251184183746,0.1459251184179316,0.14592511841761374,0.1459251184179316,0.14592511841885325,0.14592511842077438,0.14592511841885325,0.1459251184179316,0.1459251184183746,0.14592511842077438,0.14592511843066586,0.14592511842077438,0.1459251184183746,0.1459251184179316,0.14592511841885325,0.14592511842077438,0.14592511841885325,0.1459251184179316,0.14592511841761374,0.1459251184179316,0.1459251184183746,0.1459251184179316,0.14592511841761374,0.14473660980000383,0.1447366098012379,0.14473660980259923,0.1447366098012379,0.14473660980000383,0.1447366098012379,0.1447366098040007,0.14473660980864425,0.1447366098040007,0.1447366098012379,0.14473660980259923,0.14473660980864425,0.14473660982901976,0.14473660980864425,0.14473660980259923,0.1447366098012379,0.1447366098040007,0.14473660980864425,0.1447366098040007,0.1447366098012379,0.14473660980000383,0.1447366098012379,0.14473660980259923,0.1447366098012379,0.14473660980000383,0.1435715308534353,0.14357153085516183,0.1435715308570083,0.14357153085516183,0.1435715308534353,0.14357153085516183,0.14357153085889157,0.14357153086497515,0.14357153085889157,0.14357153085516183,0.1435715308570083,0.14357153086497515,0.14357153089121497,0.14357153086497515,0.1435715308570083,0.14357153085516183,0.14357153085889157,0.14357153086497515,0.14357153085889157,0.14357153085516183,0.1435715308534353,0.14357153085516183,0.1435715308570083,0.14357153085516183,0.1435715308534353,0.14242936452801117,0.14242936452982813,0.1424293645317289,0.14242936452982813,0.14242936452801117,0.14242936452982813,0.14242936453365335,0.14242936453976524,0.14242936453365335,0.14242936452982813,0.1424293645317289,0.14242936453976524,0.1424293645658552,0.14242936453976524,0.1424293645317289,0.14242936452982813,0.14242936453365335,0.14242936453976524,0.14242936453365335,0.14242936452982813,0.14242936452801117,0.14242936452982813,0.1424293645317289,0.14242936452982813,0.14242936452801117,0.14130960280139065,0.14130960280301608,0.14130960280463642,0.14130960280301608,0.14130960280139065,0.14130960280301608,0.14130960280625424,0.1413096028111045,0.14130960280625424,0.14130960280301608,0.14130960280463642,0.1413096028111045,0.14130960283047792,0.1413096028111045,0.14130960280463642,0.14130960280301608,0.14130960280625424,0.1413096028111045,0.14130960280625424,0.14130960280301608,0.14130960280139065,0.14130960280301608,0.14130960280463642,0.14130960280301608,0.14130960280139065,0.14021174684746088,0.14021174684891166,0.14021174685025553,0.14021174684891166,0.14021174684746088,0.14021174684891166,0.1402117468515667,0.14021174685516763,0.1402117468515667,0.14021174684891166,0.14021174685025553,0.14021174685516763,0.14021174686863952,0.14021174685516763,0.14021174685025553,0.14021174684891166,0.1402117468515667,0.14021174685516763,0.1402117468515667,0.14021174684891166,0.14021174684746088,0.14021174684891166,0.14021174685025553,0.14021174684891166,0.14021174684746088,0.13913530716485578,0.13913530716649541,0.139135307167895,0.13913530716649541,0.13913530716485578,0.13913530716649541,0.13913530716924039,0.13913530717213352,0.13913530716924039,0.13913530716649541,0.139135307167895,0.13913530717213352,0.13913530717803502,0.13913530717213352,0.139135307167895,0.13913530716649541,0.13913530716924039,0.13913530717213352,0.13913530716924039,0.13913530716649541,0.13913530716485578,0.13913530716649541,0.139135307167895,0.13913530716649541,0.13913530716485578,0.13807980366944633,0.138079803672078,0.1380798036746348,0.138079803672078,0.13807980366944633,0.138079803672078,0.13807980367719547,0.13807980368393774,0.13807980367719547,0.138079803672078,0.1380798036746348,0.13807980368393774,0.13807980370229792,0.13807980368393774,0.1380798036746348,0.138079803672078,0.13807980367719547,0.13807980368393774,0.13807980367719547,0.138079803672078,0.13807980366944633,0.138079803672078,0.1380798036746348,0.138079803672078,0.13807980366944633,0.1370447657542694,0.1370447657581343,0.13704476576274519,0.1370447657581343,0.13704476575426924,0.1370447657581343,0.13704476576750738,0.13704476578607344,0.13704476576750738,0.1370447657581343,0.13704476576274519,0.13704476578607344,0.13704476588828038,0.13704476578607344,0.13704476576274519,0.1370447657581343,0.13704476576750738,0.13704476578607344,0.13704476576750738,0.1370447657581343,0.13704476575426924,0.1370447657581343,0.13704476576274519,0.1370447657581343,0.13704476575426924,0.13602973232242102,0.13602973232507168,0.136029732327649,0.13602973232507168,0.13602973232242102,0.13602973232507168,0.1360297323302269,0.13602973233707535,0.1360297323302269,0.13602973232507168,0.136029732327649,0.13602973233707535,0.1360297323559944,0.13602973233707535,0.136029732327649,0.13602973232507168,0.1360297323302269,0.13602973233707535,0.1360297323302269,0.13602973232507168,0.13602973232242102,0.13602973232507168,0.136029732327649,0.13602973232507168,0.13602973232242102,0.13503425179827677,0.1350342517999268,0.13503425180128448,0.1350342517999268,0.13503425179827677,0.1350342517999268,0.13503425180256992,0.13503425180518014,0.13503425180256992,0.1350342517999268,0.13503425180128448,0.13503425180518014,0.13503425180991155,0.13503425180518014,0.13503425180128448,0.1350342517999268,0.13503425180256992,0.13503425180518014,0.13503425180256992,0.1350342517999268,0.13503425179827677,0.1350342517999268,0.13503425180128448,0.1350342517999268,0.13503425179827677
0.16533248789448457,0.16533248789448432,0.1653324878944841,0.16533248789448432,0.16533248789448457,0.16533248789448432,0.16533248789448388,0.16533248789448388,0.16533248789448388,0.16533248789448432,0.1653324878944841,0.16533248789448388,0.16533248789448363,0.16533248789448388,0.1653324878944841,0.16533248789448432,0.16533248789448388,0.16533248789448388,0.16533248789448388,0.16533248789448432,0.16533248789448457,0.16533248789448432,0.1653324878944841,0.16533248789448432,0.16533248789448457,0.1637574941735171,0.1637574941735164,0.1637574941735162,0.1637574941735164,0.1637574941735171,0.1637574941735164,0.16375749417351573,0.16375749417351548,0.16375749417351573,0.1637574941735164,0.1637574941735162,0.16375749417351548,0.163757494173515,0.16375749417351548,0.1637574941735162,0.1637574941735164,0.16375749417351573,0.16375749417351548,0.16375749417351573,0.1637574941735164,0.1637574941735171,0.1637574941735164,0.1637574941735162,0.1637574941735164,0.1637574941735171,0.1622138843844883,0.16221388438448628,0.16221388438448492,0.16221388438448628,0.1622138843844883,0.16221388438448628,0.162213884384484,0.16221388438448264,0.162213884384484,0.16221388438448628,0.16221388438448492,0.16221388438448264,0.16221388438448128,0.16221388438448264,0.16221388438448492,0.16221388438448628,0.162213884384484,0.16221388438448264,0.162213884384484,0.16221388438448628,0.1622138843844883,0.16221388438448628,0.16221388438448492,0.16221388438448628,0.1622138843844883,0.16070106748444069,0.16070106748443466,0.16070106748443092,0.16070106748443466,0.16070106748444069,0.16070106748443466,0.160701067484428,0.16070106748442378,0.160701067484428,0.16070106748443466,0.16070106748443092,0.16070106748442378,0.1607010674844189,0.16070106748442378,0.16070106748443092,0.16070106748443466,0.160701067484428,0.16070106748442378,0.160701067484428,0.16070106748443466,0.16070106748444069,0.16070106748443466,0.16070106748443092,0.16070106748443466,0.16070106748444069,0.15921845184836103,0.15921845184834296,0.1592184518483312,0.15921845184834296,0.15921845184836103,0.15921845184834296,0.1592184518483223,0.15921845184830838,0.1592184518483223,0.15921845184834296,0.1592184518483312,0.15921845184830838,0.1592184518482931,0.15921845184830838,0.1592184518483312,0.15921845184834296,0.1592184518483223,0.15921845184830838,0.1592184518483223,0.15921845184834296,0.15921845184836103,0.15921845184834296,0.1592184518483312,0.15921845184834296,0.15921845184836103,0.1577654466210409,0.157765446620988,0.15776544662095277,0.157765446620988,0.1577654466210409,0.157765446620988,0.1577654466209242,0.15776544662087982,0.1577654466209242,0.157765446620988,0.15776544662095277,0.15776544662087982,0.15776544662082817,0.15776544662087982,0.15776544662095277,0.157765446620988,0.1577654466209242,0.15776544662087982,0.1577654466209242,0.157765446620988,0.1577654466210409,0.157765446620988,0.15776544662095277,0.157765446620988,0.1577654466210409,0.15634146293143147,0.15634146293128134,0.1563414629311768,0.15634146293128134,0.15634146293143147,0.15634146293128134,0.1563414629310875,0.156341462930943,0.1563414629310875,0.15634146293128134,0.1563414629311768,0.156341462930943,0.15634146293075962,0.156341462930943,0.1563414629311768,0.15634146293128134,0.1563414629310875,0.156341462930943,0.1563414629310875,0.15634146293128134,0.15634146293143147,0.15634146293128134,0.1563414629311768,0.15634146293128134,0.15634146293143147,0.1549459149797869,0.15494591497938032,0.15494591497907684,0.15494591497938032,0.1549459149797869,0.15494591497938032,0.15494591497880364,0.15494591497832122,0.15494591497880364,0.15494591497938032,0.15494591497907684,0.15494591497832122,0.15494591497761706,0.15494591497832122,0.15494591497907684,0.15494591497938032,0.15494591497880364,0.15494591497832122,0.15494591497880364,0.15494591497938032,0.1549459149797869,0.15494591497938032,0.15494591497907684,0.15494591497938032,0.1549459149797869,0.15357822100737117,0.1535782210063519,0.15357822100550897,0.1535782210063519,0.15357822100737117,0.1535782210063519,0.1535782210047098,0.1535782210030731,0.1535782210047098,0.1535782210063519,0.15357822100550897,0.1535782210030731,0.15357822100007495,0.1535782210030731,0.15357822100550897,0.1535782210063519,0.1535782210047098,0.1535782210030731,0.1535782210047098,0.1535782210063519,0.15357822100737117,0.1535782210063519,0.15357822100550897,0.1535782210063519,0.15357822100737117,0.15223780415797367,0.15223780415573757,0.1522378041536054,0.15223780415573757,0.15223780415797367,0.15223780415573757,0.15223780415148386,0.1522378041460267,0.15223780415148386,0.15223780415573757,0.1522378041536054,0.1522378041460267,0.15223780413159896,0.1522378041460267,0.1522378041536054,0.15223780415573757,0.15223780415148386,0.1522378041460267,0.15223780415148386,0.15223780415573757,0.15223780415797367,0.15223780415573757,0.1522378041536054,0.15223780415573757,0.15223780415797367,0.1509240932397402,0.1509240932359333,0.1509240932316258,0.1509240932359333,0.1509240932397402,0.1509240932359333,0.1509240932272002,0.15092409321140163,0.1509240932272002,0.1509240932359333,0.1509240932316258,0.15092409321140163,0.15092409313277827,0.15092409321140163,0.1509240932316258,0.1509240932359333,0.1509240932272002,0.15092409321140163,0.1509240932272002,0.1509240932359333,0.1509240932397402,0.1509240932359333,0.1509240932316258,0.1509240932359333,0.1509240932397402,0.1496365233942619,0.14963652339053546,0.14963652338647673,0.14963652339053546,0.1496365233942619,0.14963652339053546,0.14963652338232106,0.14963652336864464,0.14963652338232106,0.14963652339053546,0.14963652338647673,0.14963652336864464,0.1496365233091657,0.14963652336864464,0.14963652338647673,0.14963652339053546,0.14963652338232106,0.14963652336864464,0.14963652338232106,0.14963652339053546,0.1496365233942619,0.14963652339053546,0.14963652338647673,0.14963652339053546,0.1496365233942619,0.14837453667786465,0.14837453667534842,0.1483745366727488,0.14837453667534842,0.14837453667786465,0.14837453667534842,0.1483745366701158,0.14837453666204953,0.1483745366701158,0.14837453667534842,0.1483745366727488,0.14837453666204953,0.14837453662959046,0.14837453666204953,0.1483745366727488,0.14837453667534842,0.1483745366701158,0.14837453666204953,0.1483745366701158,0.14837453667534842,0.14837453667786465,0.14837453667534842,0.1483745366727488,0.14837453667534842,0.14837453667786465,0.14713758257097492,0.14713758256997744,0.14713758256904644,0.14713758256997744,0.14713758257097492,0.14713758256997744,0.1471375825681291,0.1471375825657045,0.1471375825681291,0.14713758256997744,0.14713758256904644,0.1471375825657045,0.14713758255768436,0.1471375825657045,0.14713758256904644,0.14713758256997744,0.1471375825681291,0.1471375825657045,0.1471375825681291,0.14713758256997744,0.14713758257097492,0.14713758256997744,0.14713758256904644,0.14713758256997744,0.14713758257097492,0.1459251184176148,0.14592511841793657,0.14592511841838388,0.14592511841793657,0.1459251184176148,0.14592511841793657,0.14592511841886716,0.14592511842080289,0.14592511841886716,0.14592511841793657,0.14592511841838388,0.14592511842080289,0.1459251184307581,0.14592511842080289,0.14592511841838388,0.14592511841793657,0.14592511841886716,0.14592511842080289,0.14592511841886716,0.14592511841793657,0.1459251184176148,0.14592511841793657,0.14592511841838388,0.14592511841793657,0.1459251184176148,0.14473660979989372,0.1447366098011269,0.1447366098024875,0.1447366098011269,0.14473660979989372,0.1447366098011269,0.1447366098038881,0.14473660980852904,0.1447366098038881,0.1447366098011269,0.1447366098024875,0.14473660980852904,0.1447366098288622,0.14473660980852904,0.1447366098024875,0.1447366098011269,0.1447366098038881,0.14473660980852904,0.1447366098038881,0.1447366098011269,0.14473660979989372,0.1447366098011269,0.1447366098024875,0.1447366098011269,0.14473660979989372,0.1435715308532137,0.14357153085493493,0.14357153085677576,0.14357153085493493,0.1435715308532137,0.14357153085493493,0.14357153085865318,0.14357153086472002,0.14357153085865318,0.14357153085493493,0.14357153085677576,0.14357153086472002,0.14357153089090732,0.14357153086472002,0.14357153085677576,0.14357153085493493,0.14357153085865318,0.14357153086472002,0.14357153085865318,0.14357153085493493,0.1435715308532137,0.14357153085493493,0.14357153085677576,0.14357153085493493,0.1435715308532137,0.14242936452768792,0.14242936452949528,0.14242936453138552,0.14242936452949528,0.14242936452768792,0.14242936452949528,0.14242936453329924,0.14242936453937405,0.14242936453329924,0.14242936452949528,0.14242936453138552,0.14242936453937405,0.1424293645652731,0.14242936453937405,0.14242936453138552,0.14242936452949528,0.14242936453329924,0.14242936453937405,0.14242936453329924,0.14242936452949528,0.14242936452768792,0.14242936452949528,0.14242936453138552,0.14242936452949528,0.14242936452768792,0.14130960280098376,0.14130960280259916,0.14130960280420862,0.14130960280259916,0.14130960280098376,0.14130960280259916,0.14130960280581528,0.14130960281062757,0.14130960280581528,0.14130960280259916,0.14130960280420862,0.14130960281062757,0.14130960282981872,0.14130960281062757,0.14130960280420862,0.14130960280259916,0.14130960280581528,0.14130960281062757,0.14130960280581528,0.14130960280259916,0.14130960280098376,0.14130960280259916,0.14130960280420862,0.14130960280259916,0.14130960280098376,0.14021174684698953,0.14021174684843307,0.1402117468497702,0.14021174684843307,0.14021174684698953,0.14021174684843307,0.14021174685107457,0.1402117468546573,0.14021174685107457,0.14021174684843307,0.1402117468497702,0.1402117468546573,0.1402117468680527,0.1402117468546573,0.1402117468497702,0.14021174684843307,0.14021174685107457,0.1402117468546573,0.14021174685107457,0.14021174684843307,0.14021174684698953,0.14021174684843307,0.1402117468497702,0.14021174684843307,0.14021174684698953,0.1391353071643337,0.13913530716596778,0.13913530716736264,0.13913530716596778,0.1391353071643337,0.13913530716596778,0.13913530716870343,0.13913530717158706,0.13913530716870343,0.13913530716596778,0.13913530716736264,0.13913530717158706,0.1391353071774693,0.13913530717158706,0.13913530716736264,0.13913530716596778,0.13913530716870343,0.13913530717158706,0.13913530716870343,0.13913530716596778,0.1391353071643337,0.13913530716596778,0.13913530716736264,0.13913530716596778,0.1391353071643337,0.1380798036688843,0.13807980367150918,0.13807980367405961,0.13807980367150918,0.1380798036688843,0.13807980367150918,0.1380798036766139,0.13807980368333975,0.13807980367661374,0.13807980367150918,0.13807980367405961,0.13807980368333975,0.13807980370165648,0.13807980368333975,0.13807980367405961,0.13807980367150918,0.13807980367661374,0.13807980368333975,0.13807980367661374,0.13807980367150918,0.1380798036688843,0.13807980367150918,0.13807980367405961,0.13807980367150918,0.1380798036688843,0.1370447657536804,0.1370447657575363,0.13704476576213628,0.1370447657575363,0.1370447657536804,0.1370447657575363,0.13704476576688734,0.13704476578541055,0.13704476576688734,0.1370447657575363,0.13704476576213628,0.13704476578541055,0.13704476588739886,0.13704476578541055,0.13704476576213628,0.1370447657575363,0.13704476576688734,0.13704476578541055,0.13704476576688734,0.1370447657575363,0.1370447657536804,0.1370447657575363,0.13704476576213628,0.1370447657575363,0.1370447657536804,0.13602973232182355,0.13602973232446794,0.1360297323270393,0.13602973232446794,0.13602973232182355,0.13602973232446794,0.13602973232961107,0.1360297323364439,0.13602973232961107,0.13602973232446794,0.1360297323270393,0.1360297323364439,0.1360297323553194,0.1360297323364439,0.1360297323270393,0.13602973232446794,0.13602973232961107,0.1360297323364439,0.13602973232961107,0.13602973232446794,0.13602973232182355,0.13602973232446794,0.1360297323270393,0.13602973232446794,0.13602973232182355,0.1350342517976829,0.13503425179932926,0.13503425180068374,0.13503425179932926,0.1350342517976829,0.13503425179932926,0.1350342518019661,0.13503425180457032,0.1350342518019661,0.13503425179932926,0.13503425180068374,0.13503425180457032,0.13503425180929077,0.13503425180457032,0.13503425180068374,0.13503425179932926,0.1350342518019661,0.13503425180457032,0.1350342518019661,0.13503425179932926,0.1350342517976829,0.13503425179932926,0.13503425180068374,0.13503425179932926,0.1350342517976829
0.16533248789487678,0.16533248789487656,0.1653324878948763,0.16533248789487656,0.16533248789487678,0.16533248789487656,0.1653324878948763,0.1653324878948761,0.1653324878948763,0.16533248789487656,0.1653324878948763,0.1653324878948761,0.16533248789487584,0.1653324878948761,0.1653324878948763,0.16533248789487656,0.1653324878948763,0.1653324878948761,0.1653324878948763,0.16533248789487656,0.16533248789487678,0.16533248789487656,0.1653324878948763,0.16533248789487656,0.16533248789487678,0.16375749417390173,0.16375749417390106,0.1637574941739006,0.16375749417390106,0.16375749417390173,0.16375749417390106,0.16375749417390034,0.1637574941738999,0.16375749417390034,0.16375749417390106,0.1637574941739006,0.1637574941738999,0.16375749417389943,0.1637574941738999,0.1637574941739006,0.16375749417390106,0.16375749417390034,0.1637574941738999,0.16375749417390034,0.16375749417390106,0.16375749417390173,0.16375749417390106,0.1637574941739006,0.16375749417390106,0.16375749417390173,0.16221388438486506,0.162213884384863,0.16221388438486167,0.162213884384863,0.16221388438486506,0.162213884384863,0.16221388438486098,0.16221388438485962,0.16221388438486098,0.162213884384863,0.16221388438486167,0.16221388438485962,0.162213884384858,0.16221388438485962,0.16221388438486167,0.162213884384863,0.16221388438486098,0.16221388438485962,0.16221388438486098,0.162213884384863,0.16221388438486506,0.162213884384863,0.16221388438486167,0.162213884384863,0.16221388438486506,0.1607010674848099,0.1607010674848039,0.1607010674847999,0.1607010674848039,0.1607010674848099,0.1607010674848039,0.16070106748479723,0.1607010674847928,0.16070106748479723,0.1607010674848039,0.1607010674847999,0.1607010674847928,0.16070106748478813,0.1607010674847928,0.1607010674847999,0.1607010674848039,0.16070106748479723,0.1607010674847928,0.16070106748479723,0.1607010674848039,0.1607010674848099,0.1607010674848039,0.1607010674847999,0.1607010674848039,0.1607010674848099,0.15921845184872246,0.1592184518487046,0.15921845184869285,0.1592184518487046,0.15921845184872246,0.1592184518487046,0.1592184518486839,0.15921845184866998,0.1592184518486839,0.1592184518487046,0.15921845184869285,0.15921845184866998,0.15921845184865474,0.15921845184866998,0.15921845184869285,0.1592184518487046,0.1592184518486839,0.15921845184866998,0.1592184518486839,0.1592184518487046,0.15921845184872246,0.1592184518487046,0.15921845184869285,0.1592184518487046,0.15921845184872246,0.15776544662139486,0.15776544662134218,0.15776544662130698,0.15776544662134218,0.15776544662139486,0.15776544662134218,0.15776544662127837,0.15776544662123423,0.15776544662127837,0.15776544662134218,0.15776544662130698,0.15776544662123423,0.15776544662118278,0.15776544662123423,0.15776544662130698,0.15776544662134218,0.15776544662127837,0.15776544662123423,0.15776544662127837,0.15776544662134218,0.15776544662139486,0.15776544662134218,0.15776544662130698,0.15776544662134218,0.15776544662139486,0.15634146293177795,0.156341462931628,0.15634146293152368,0.156341462931628,0.15634146293177795,0.156341462931628,0.1563414629314346,0.15634146293129053,0.1563414629314346,0.156341462931628,0.15634146293152368,0.15634146293129053,0.15634146293110737,0.15634146293129053,0.15634146293152368,0.156341462931628,0.1563414629314346,0.15634146293129053,0.1563414629314346,0.156341462931628,0.15634146293177795,0.156341462931628,0.15634146293152368,0.156341462931628,0.15634146293177795,0.15494591498012522,0.1549459149797195,0.1549459149794166,0.1549459149797195,0.15494591498012522,0.1549459149797195,0.1549459149791438,0.15494591497866264,0.15494591497914403,0.1549459149797195,0.1549459149794166,0.15494591497866264,0.15494591497795993,0.15494591497866264,0.1549459149794166,0.1549459149797195,0.15494591497914403,0.15494591497866264,0.15494591497914403,0.1549459149797195,0.15494591498012522,0.1549459149797195,0.1549459149794166,0.1549459149797195,0.15494591498012522,0.15357822100769958,0.15357822100668247,0.15357822100584137,0.15357822100668247,0.15357822100769958,0.15357822100668247,0.153578221005044,0.15357822100341054,0.153578221005044,0.15357822100668247,0.15357822100584137,0.15357822100341054,0.1535782210004184,0.15357822100341054,0.15357822100584137,0.15357822100668247,0.153578221005044,0.15357822100341054,0.153578221005044,0.15357822100668247,0.15357822100769958,0.15357822100668247,0.15357822100584137,0.15357822100668247,0.15357822100769958,0.15223780415828786,0.15223780415605664,0.152237804153929,0.15223780415605664,0.15223780415828786,0.15223780415605664,0.152237804151812,0.15223780414636587,0.152237804151812,0.15223780415605664,0.152237804153929,0.15223780414636587,0.15223780413196705,0.15223780414636587,0.152237804153929,0.15223780415605664,0.152237804151812,0.15223780414636587,0.152237804151812,0.15223780415605664,0.15223780415828786,0.15223780415605664,0.152237804153929,0.15223780415605664,0.15223780415828786,0.15092409324003014,0.15092409323623196,0.15092409323193373,0.15092409323623196,0.15092409324003014,0.15092409323623196,0.15092409322751776,0.15092409321175196,0.15092409322751776,0.15092409323623196,0.15092409323193373,0.15092409321175196,0.1509240931332945,0.15092409321175196,0.15092409323193373,0.15092409323623196,0.15092409322751776,0.15092409321175196,0.15092409322751776,0.15092409323623196,0.15092409324003014,0.15092409323623196,0.15092409323193373,0.15092409323623196,0.15092409324003014,0.1496365233945096,0.14963652339079297,0.14963652338674469,0.14963652339079297,0.1496365233945096,0.14963652339079297,0.14963652338259958,0.14963652336895664,0.14963652338259958,0.14963652339079297,0.14963652338674469,0.14963652336895664,0.14963652330962723,0.14963652336895664,0.14963652338674469,0.14963652339079297,0.14963652338259958,0.14963652336895664,0.14963652338259958,0.14963652339079297,0.1496365233945096,0.14963652339079297,0.14963652338674469,0.14963652339079297,0.1496365233945096,0.14837453667804903,0.14837453667554226,0.14837453667295247,0.14837453667554226,0.14837453667804903,0.14837453667554226,0.14837453667032932,0.14837453666229378,0.14837453667032932,0.14837453667554226,0.14837453667295247,0.14837453666229378,0.14837453662997557,0.14837453666229378,0.14837453667295247,0.14837453667554226,0.14837453667032932,0.14837453666229378,0.14837453667032932,0.14837453667554226,0.14837453667804903,0.14837453667554226,0.14837453667295247,0.14837453667554226,0.14837453667804903,0.14713758257107595,0.14713758257008608,0.1471375825691631,0.14713758257008608,0.14713758257107595,0.14713758257008608,0.14713758256825407,0.14713758256585638,0.14713758256825407,0.14713758257008608,0.1471375825691631,0.14713758256585638,0.14713758255792414,0.14713758256585638,0.1471375825691631,0.14713758257008608,0.14713758256825407,0.14713758256585638,0.14713758256825407,0.14713758257008608,0.14713758257107595,0.14713758257008608,0.1471375825691631,0.14713758257008608,0.14713758257107595,0.14592511841761552,0.14592511841794137,0.14592511841839312,0.14592511841794137,0.14592511841761552,0.14592511841794137,0.14592511841888067,0.14592511842083064,0.14592511841888067,0.14592511841794137,0.14592511841839312,0.14592511842083064,0.1459251184308619,0.14592511842083064,0.14592511841839312,0.14592511841794137,0.14592511841888067,0.14592511842083064,0.14592511841888067,0.14592511841794137,0.14592511841761552,0.14592511841794137,0.14592511841839312,0.14592511841794137,0.14592511841761552,0.1447366097997846,0.14473660980101713,0.14473660980237701,0.14473660980101713,0.1447366097997846,0.14473660980101713,0.14473660980377692,0.1447366098084152,0.14473660980377692,0.14473660980101713,0.14473660980237701,0.1447366098084152,0.144736609828737,0.1447366098084152,0.14473660980237701,0.14473660980101713,0.14473660980377692,0.1447366098084152,0.14473660980377692,0.14473660980101713,0.1447366097997846,0.14473660980101713,0.14473660980237701,0.14473660980101713,0.1447366097997846,0.14357153085299484,0.1435715308547106,0.14357153085654595,0.1435715308547106,0.14357153085299484,0.1435715308547106,0.14357153085841792,0.14357153086446814,0.14357153085841792,0.1435715308547106,0.14357153085654595,0.14357153086446814,0.14357153089059058,0.14357153086446814,0.14357153085654595,0.1435715308547106,0.14357153085841792,0.14357153086446814,0.14357153085841792,0.1435715308547106,0.14357153085299484,0.1435715308547106,0.14357153085654595,0.1435715308547106,0.14357153085299484,0.14242936452736837,0.1424293645291665,0.14242936453104632,0.1424293645291665,0.14242936452736837,0.1424293645291665,0.1424293645329493,0.1424293645389872,0.1424293645329493,0.1424293645291665,0.14242936453104632,0.1424293645389872,0.1424293645647425,0.1424293645389872,0.14242936453104632,0.1424293645291665,0.1424293645329493,0.1424293645389872,0.1424293645329493,0.1424293645291665,0.14242936452736837,0.1424293645291665,0.14242936453104632,0.1424293645291665,0.14242936452736837,0.1413096028005815,0.14130960280218716,0.14130960280378577,0.14130960280218716,0.1413096028005815,0.14130960280218716,0.14130960280538143,0.14130960281015603,0.14130960280538143,0.14130960280218716,0.14130960280378577,0.14130960281015603,0.1413096028291622,0.14130960281015603,0.14130960280378577,0.14130960280218716,0.14130960280538143,0.14130960281015603,0.14130960280538143,0.14130960280218716,0.1413096028005815,0.14130960280218716,0.14130960280378577,0.14130960280218716,0.1413096028005815,0.14021174684652368,0.14021174684796012,0.14021174684929028,0.14021174684796012,0.14021174684652368,0.14021174684796012,0.14021174685058804,0.14021174685415272,0.14021174685058804,0.14021174684796012,0.14021174684929028,0.14021174685415272,0.14021174686751267,0.14021174685415272,0.14021174684929028,0.14021174684796012,0.14021174685058804,0.14021174685415272,0.14021174685058804,0.14021174684796012,0.14021174684652368,0.14021174684796012,0.14021174684929028,0.14021174684796012,0.14021174684652368,0.13913530716381778,0.13913530716544634,0.13913530716683645,0.13913530716544634,0.13913530716381778,0.13913530716544634,0.13913530716817266,0.1391353071710468,0.13913530716817266,0.13913530716544634,0.13913530716683645,0.1391353071710468,0.13913530717690992,0.1391353071710468,0.13913530716683645,0.13913530716544634,0.13913530716817266,0.1391353071710468,0.13913530716817266,0.13913530716544634,0.13913530716381778,0.13913530716544634,0.13913530716683645,0.13913530716544634,0.13913530716381778,0.13807980366832864,0.1380798036709468,0.1380798036734909,0.1380798036709468,0.13807980366832864,0.1380798036709468,0.13807980367603886,0.13807980368274844,0.13807980367603886,0.1380798036709468,0.1380798036734909,0.13807980368274844,0.13807980370102224,0.13807980368274844,0.1380798036734909,0.1380798036709468,0.13807980367603886,0.13807980368274844,0.13807980367603886,0.1380798036709468,0.13807980366832864,0.1380798036709468,0.1380798036734909,0.1380798036709468,0.13807980366832864,0.13704476575309824,0.13704476575694502,0.13704476576153435,0.13704476575694502,0.13704476575309824,0.13704476575694502,0.1370447657662745,0.13704476578475513,0.1370447657662745,0.13704476575694502,0.13704476576153435,0.13704476578475513,0.13704476588650547,0.13704476578475513,0.13704476576153435,0.13704476575694502,0.1370447657662745,0.13704476578475513,0.1370447657662745,0.13704476575694502,0.13704476575309824,0.13704476575694502,0.13704476576153435,0.13704476575694502,0.13704476575309824,0.1360297323212328,0.13602973232387108,0.13602973232643645,0.13602973232387108,0.1360297323212328,0.13602973232387108,0.13602973232900245,0.13602973233581941,0.13602973232900245,0.13602973232387108,0.13602973232643645,0.13602973233581941,0.13602973235465202,0.13602973233581941,0.13602973232643645,0.13602973232387108,0.13602973232900245,0.13602973233581941,0.13602973232900245,0.13602973232387108,0.1360297323212328,0.13602973232387108,0.13602973232643645,0.13602973232387108,0.1360297323212328,0.1350342517970959,0.13503425179873832,0.1350342518000897,0.13503425179873832,0.1350342517970959,0.13503425179873832,0.13503425180136916,0.1350342518039675,0.13503425180136933,0.13503425179873832,0.1350342518000897,0.1350342518039675,0.13503425180867715,0.1350342518039675,0.1350342518000897,0.13503425179873832,0.13503425180136933,0.1350342518039675,0.13503425180136933,0.13503425179873832,0.1350342517970959,0.13503425179873832,0.1350342518000897,0.13503425179873832,0.1350342517970959
0.16533248789526478,0.16533248789526453,0.16533248789526428,0.16533248789526453,0.16533248789526478,0.16533248789526453,0.16533248789526428,0.16533248789526403,0.16533248789526428,0.16533248789526453,0.16533248789526428,0.16533248789526403,0.1653324878952638,0.16533248789526403,0.16533248789526428,0.16533248789526453,0.16533248789526428,0.16533248789526403,0.16533248789526428,0.16533248789526453,0.16533248789526478,0.16533248789526453,0.16533248789526428,0.16533248789526453,0.16533248789526478,0.16375749417428198,0.16375749417428126,0.16375749417428084,0.16375749417428126,0.16375749417428198,0.16375749417428126,0.1637574941742806,0.16375749417428012,0.1637574941742806,0.16375749417428126,0.16375749417428084,0.16375749417428012,0.16375749417427968,0.16375749417428012,0.16375749417428084,0.16375749417428126,0.1637574941742806,0.16375749417428012,0.1637574941742806,0.16375749417428126,0.16375749417428198,0.16375749417428126,0.16375749417428084,0.16375749417428126,0.16375749417428198,0.16221388438523748,0.16221388438523543,0.16221388438523432,0.16221388438523568,0.16221388438523748,0.16221388438523543,0.1622138843852334,0.16221388438523204,0.1622138843852334,0.16221388438523568,0.16221388438523432,0.16221388438523204,0.16221388438523068,0.16221388438523204,0.16221388438523432,0.16221388438523568,0.1622138843852334,0.16221388438523204,0.1622138843852334,0.16221388438523568,0.16221388438523748,0.16221388438523568,0.16221388438523432,0.16221388438523568,0.16221388438523748,0.16070106748517488,0.1607010674851689,0.16070106748516488,0.1607010674851689,0.16070106748517488,0.1607010674851689,0.16070106748516222,0.16070106748515778,0.16070106748516222,0.1607010674851689,0.16070106748516488,0.16070106748515778,0.16070106748515312,0.16070106748515778,0.16070106748516488,0.1607010674851689,0.16070106748516222,0.16070106748515778,0.16070106748516222,0.1607010674851689,0.16070106748517488,0.1607010674851689,0.16070106748516488,0.1607010674851689,0.16070106748517488,0.15921845184908015,0.15921845184906205,0.15921845184905054,0.15921845184906205,0.15921845184908015,0.15921845184906205,0.1592184518490414,0.1592184518490277,0.1592184518490414,0.15921845184906205,0.15921845184905054,0.1592184518490277,0.15921845184901243,0.1592184518490277,0.15921845184905054,0.15921845184906205,0.1592184518490414,0.1592184518490277,0.1592184518490414,0.15921845184906205,0.15921845184908015,0.15921845184906205,0.15921845184905054,0.15921845184906205,0.15921845184908015,0.15776544662174502,0.15776544662169234,0.15776544662165734,0.15776544662169234,0.15776544662174502,0.15776544662169234,0.15776544662162872,0.1577654466215848,0.15776544662162872,0.15776544662169234,0.15776544662165734,0.1577654466215848,0.15776544662153336,0.1577654466215848,0.15776544662165734,0.15776544662169234,0.15776544662162872,0.1577654466215848,0.15776544662162872,0.15776544662169234,0.15776544662174502,0.15776544662169234,0.15776544662165734,0.15776544662169234,0.15776544662174502,0.15634146293212048,0.15634146293197096,0.15634146293186685,0.15634146293197096,0.15634146293212048,0.15634146293197096,0.15634146293177795,0.1563414629316341,0.15634146293177795,0.15634146293197096,0.15634146293186685,0.1563414629316341,0.15634146293145132,0.1563414629316341,0.15634146293186685,0.15634146293197096,0.15634146293177795,0.1563414629316341,0.15634146293177795,0.15634146293197096,0.15634146293212048,0.15634146293197096,0.15634146293186685,0.15634146293197096,0.15634146293212048,0.15494591498045968,0.15494591498005475,0.1549459149797525,0.15494591498005475,0.15494591498045968,0.15494591498005475,0.15494591497948051,0.15494591497900018,0.15494591497948051,0.15494591498005475,0.1549459149797525,0.15494591497900018,0.15494591497829888,0.15494591497900018,0.1549459149797525,0.15494591498005475,0.15494591497948051,0.15494591497900018,0.15494591497948051,0.15494591498005475,0.15494591498045968,0.15494591498005475,0.1549459149797525,0.15494591498005475,0.15494591498045968,0.15357822100802432,0.15357822100700946,0.15357822100617013,0.15357822100700946,0.15357822100802432,0.15357822100700946,0.1535782210053742,0.15357822100374416,0.1535782210053742,0.15357822100700946,0.15357822100617013,0.15357822100374416,0.153578221000758,0.15357822100374416,0.15357822100617013,0.15357822100700946,0.1535782210053742,0.15357822100374416,0.1535782210053742,0.15357822100700946,0.15357822100802432,0.15357822100700946,0.15357822100617013,0.15357822100700946,0.15357822100802432,0.15223780415859864,0.1522378041563722,0.1522378041542489,0.1522378041563722,0.15223780415859864,0.1522378041563722,0.15223780415213642,0.1522378041467013,0.15223780415213642,0.1522378041563722,0.1522378041542489,0.1522378041467013,0.1522378041323312,0.1522378041467013,0.1522378041542489,0.1522378041563722,0.15223780415213642,0.1522378041467013,0.15223780415213642,0.1522378041563722,0.15223780415859864,0.1522378041563722,0.1522378041542489,0.1522378041563722,0.15223780415859864,0.15092409324031683,0.15092409323652714,0.15092409323223832,0.15092409323652714,0.15092409324031683,0.15092409323652714,0.15092409322783182,0.15092409321209826,0.15092409322783182,0.15092409323652714,0.15092409323223832,0.15092409321209826,0.15092409313376504,0.15092409321209826,0.15092409323223832,0.15092409323652714,0.15092409322783182,0.15092409321209826,0.15092409322783182,0.15092409323652714,0.15092409324031683,0.15092409323652714,0.15092409323223832,0.15092409323652714,0.15092409324031683,0.14963652339475447,0.1496365233910477,0.14963652338700958,0.1496365233910477,0.14963652339475447,0.1496365233910477,0.14963652338287506,0.14963652336926503,0.14963652338287506,0.1496365233910477,0.14963652338700958,0.14963652336926503,0.14963652331010713,0.14963652336926503,0.14963652338700978,0.1496365233910477,0.14963652338287506,0.14963652336926503,0.14963652338287506,0.1496365233910477,0.14963652339475447,0.1496365233910477,0.14963652338700978,0.1496365233910477,0.14963652339475447,0.14837453667823142,0.14837453667573391,0.14837453667315373,0.14837453667573391,0.14837453667823142,0.14837453667573391,0.14837453667054037,0.14837453666253506,0.14837453667054037,0.14837453667573391,0.14837453667315373,0.14837453666253506,0.14837453663033048,0.14837453666253506,0.14837453667315373,0.14837453667573391,0.14837453667054037,0.14837453666253506,0.14837453667054037,0.14837453667573391,0.14837453667823142,0.14837453667573391,0.14837453667315373,0.14837453667573391,0.14837453667823142,0.14713758257117585,0.14713758257019344,0.14713758256927845,0.14713758257019344,0.14713758257117585,0.14713758257019344,0.1471375825683776,0.14713758256600643,0.1471375825683776,0.14713758257019344,0.14713758256927845,0.14713758256600643,0.14713758255821008,0.14713758256600643,0.14713758256927845,0.14713758257019344,0.1471375825683776,0.14713758256600643,0.1471375825683776,0.14713758257019344,0.14713758257117585,0.14713758257019344,0.14713758256927845,0.14713758257019344,0.14713758257117585,0.14592511841761657,0.14592511841794636,0.14592511841840222,0.14592511841794636,0.14592511841761657,0.14592511841794636,0.1459251184188942,0.14592511842085842,0.1459251184188942,0.14592511841794636,0.14592511841840222,0.14592511842085842,0.14592511843095646,0.14592511842085842,0.14592511841840222,0.14592511841794636,0.1459251184188942,0.14592511842085842,0.1459251184188942,0.14592511841794636,0.14592511841761657,0.14592511841794636,0.14592511841840222,0.14592511841794636,0.14592511841761657,0.1447366097996771,0.14473660980090888,0.1447366098022681,0.14473660980090888,0.1447366097996771,0.14473660980090888,0.1447366098036673,0.14473660980830313,0.1447366098036673,0.14473660980090888,0.1447366098022681,0.14473660980830313,0.1447366098286225,0.14473660980830313,0.1447366098022681,0.14473660980090888,0.1447366098036673,0.14473660980830313,0.1447366098036673,0.14473660980090888,0.1447366097996771,0.14473660980090888,0.1447366098022681,0.14473660980090888,0.1447366097996771,0.14357153085277854,0.14357153085448915,0.14357153085631907,0.14357153085448915,0.14357153085277854,0.14357153085448915,0.14357153085818555,0.14357153086421953,0.14357153085818555,0.14357153085448915,0.14357153085631907,0.14357153086421953,0.14357153089026495,0.14357153086421953,0.14357153085631907,0.14357153085448915,0.14357153085818555,0.14357153086421953,0.14357153085818555,0.14357153085448915,0.14357153085277854,0.14357153085448915,0.14357153085631907,0.14357153085448915,0.14357153085277854,0.14242936452705265,0.14242936452884156,0.14242936453071114,0.14242936452884156,0.14242936452705265,0.14242936452884156,0.1424293645326034,0.14242936453860505,0.1424293645326034,0.14242936452884156,0.14242936453071114,0.14242936453860505,0.1424293645641881,0.14242936453860505,0.14242936453071114,0.14242936452884156,0.1424293645326034,0.14242936453860505,0.1424293645326034,0.14242936452884156,0.14242936452705265,0.14242936452884156,0.14242936453071114,0.14242936452884156,0.14242936452705265,0.14130960280018398,0.1413096028017798,0.14130960280336788,0.1413096028017798,0.14130960280018398,0.1413096028017798,0.1413096028049525,0.14130960280968993,0.1413096028049525,0.1413096028017798,0.14130960280336788,0.14130960280968993,0.14130960282853655,0.14130960280968993,0.14130960280336788,0.1413096028017798,0.1413096028049525,0.14130960280968993,0.1413096028049525,0.1413096028017798,0.14130960280018398,0.1413096028017798,0.14130960280336788,0.1413096028017798,0.14130960280018398,0.140211746846063,0.1402117468474925,0.14021174684881604,0.1402117468474925,0.140211746846063,0.1402117468474925,0.1402117468501072,0.14021174685365395,0.1402117468501072,0.1402117468474925,0.14021174684881604,0.14021174685365395,0.14021174686695184,0.14021174685365395,0.14021174684881604,0.1402117468474925,0.1402117468501072,0.14021174685365395,0.1402117468501072,0.1402117468474925,0.140211746846063,0.1402117468474925,0.14021174684881604,0.1402117468474925,0.140211746846063,0.13913530716330758,0.13913530716493075,0.13913530716631625,0.13913530716493075,0.13913530716330758,0.13913530716493075,0.13913530716764802,0.1391353071705127,0.13913530716764802,0.13913530716493075,0.13913530716631625,0.1391353071705127,0.139135307176357,0.1391353071705127,0.13913530716631625,0.13913530716493075,0.13913530716764802,0.1391353071705127,0.13913530716764802,0.13913530716493075,0.13913530716330758,0.13913530716493075,0.13913530716631625,0.13913530716493075,0.13913530716330758,0.13807980366777933,0.13807980367039085,0.13807980367292857,0.13807980367039085,0.13807980366777933,0.13807980367039085,0.13807980367547032,0.1380798036821639,0.13807980367547032,0.13807980367039085,0.13807980367292857,0.1380798036821639,0.13807980370039508,0.1380798036821639,0.13807980367292857,0.13807980367039085,0.13807980367547032,0.1380798036821639,0.13807980367547032,0.13807980367039085,0.13807980366777933,0.13807980367039085,0.13807980367292857,0.13807980367039085,0.13807980366777933,0.13704476575252264,0.13704476575636043,0.13704476576093927,0.13704476575636043,0.13704476575252264,0.13704476575636043,0.13704476576566846,0.13704476578410726,0.13704476576566846,0.13704476575636043,0.13704476576093927,0.13704476578410726,0.13704476588561373,0.13704476578410726,0.13704476576093927,0.13704476575636043,0.13704476576566846,0.13704476578410726,0.13704476576566846,0.13704476575636043,0.13704476575252264,0.13704476575636043,0.13704476576093927,0.13704476575636043,0.13704476575252264,0.13602973232064874,0.13602973232328106,0.13602973232584062,0.13602973232328106,0.13602973232064874,0.13602973232328106,0.13602973232840065,0.13602973233520227,0.13602973232840065,0.13602973232328106,0.13602973232584062,0.13602973233520227,0.13602973235399204,0.13602973233520227,0.13602973232584062,0.13602973232328106,0.13602973232840065,0.13602973233520227,0.13602973232840065,0.13602973232328106,0.13602973232064874,0.13602973232328106,0.13602973232584062,0.13602973232328106,0.13602973232064874,0.1350342517965155,0.13503425179815426,0.13503425179950257,0.13503425179815426,0.1350342517965155,0.13503425179815426,0.13503425180077908,0.13503425180337145,0.13503425180077908,0.13503425179815426,0.13503425179950257,0.13503425180337145,0.1350342518080704,0.13503425180337145,0.13503425179950257,0.13503425179815426,0.13503425180077908,0.13503425180337145,0.13503425180077908,0.13503425179815426,0.1350342517965155,0.13503425179815426,0.13503425179950257,0.13503425179815426,0.1350342517965155
0.16533248789564797,0.16533248789564778,0.16533248789564753,0.16533248789564778,0.16533248789564797,0.16533248789564778,0.16533248789564753,0.16533248789564728,0.16533248789564753,0.16533248789564778,0.16533248789564753,0.16533248789564728,0.16533248789564706,0.16533248789564728,0.16533248789564753,0.16533248789564778,0.16533248789564753,0.16533248789564728,0.16533248789564753,0.16533248789564778,0.16533248789564797,0.16533248789564778,0.16533248789564753,0.16533248789564778,0.16533248789564797,0.16375749417465738,0.1637574941746569,0.16375749417465643,0.1637574941746569,0.16375749417465738,0.1637574941746569,0.1637574941746562,0.16375749417465574,0.1637574941746562,0.1637574941746569,0.16375749417465643,0.16375749417465574,0.16375749417465527,0.16375749417465574,0.16375749417465643,0.1637574941746569,0.1637574941746562,0.16375749417465574,0.1637574941746562,0.1637574941746569,0.16375749417465738,0.1637574941746569,0.16375749417465643,0.1637574941746569,0.16375749417465738,0.16221388438560563,0.16221388438560355,0.16221388438560244,0.16221388438560355,0.16221388438560563,0.16221388438560355,0.16221388438560153,0.16221388438560017,0.16221388438560153,0.16221388438560355,0.16221388438560244,0.16221388438560017,0.1622138843855988,0.16221388438560017,0.16221388438560244,0.16221388438560355,0.16221388438560153,0.16221388438560017,0.16221388438560153,0.16221388438560355,0.16221388438560563,0.16221388438560355,0.16221388438560244,0.16221388438560355,0.16221388438560563,0.16070106748553545,0.16070106748552943,0.16070106748552568,0.16070106748552943,0.16070106748553545,0.16070106748552943,0.1607010674855228,0.16070106748551855,0.1607010674855228,0.16070106748552943,0.16070106748552568,0.16070106748551855,0.16070106748551388,0.16070106748551855,0.16070106748552568,0.16070106748552943,0.1607010674855228,0.16070106748551855,0.1607010674855228,0.16070106748552943,0.16070106748553545,0.16070106748552943,0.16070106748552568,0.16070106748552943,0.16070106748553545,0.1592184518494335,0.15921845184941544,0.1592184518494039,0.15921845184941544,0.1592184518494335,0.15921845184941544,0.15921845184939498,0.15921845184938105,0.15921845184939498,0.15921845184941544,0.1592184518494039,0.15921845184938105,0.15921845184936603,0.15921845184938105,0.1592184518494039,0.15921845184941544,0.15921845184939498,0.15921845184938105,0.15921845184939498,0.15921845184941544,0.1592184518494335,0.15921845184941544,0.1592184518494039,0.15921845184941544,0.1592184518494335,0.1577654466220911,0.15776544662203842,0.15776544662200342,0.15776544662203842,0.1577654466220911,0.15776544662203842,0.15776544662197503,0.15776544662193107,0.15776544662197503,0.15776544662203842,0.15776544662200342,0.15776544662193107,0.15776544662187986,0.15776544662193107,0.15776544662200342,0.15776544662203842,0.15776544662197503,0.15776544662193107,0.15776544662197503,0.15776544662203842,0.1577654466220911,0.15776544662203842,0.15776544662200342,0.15776544662203842,0.1577654466220911,0.15634146293245904,0.1563414629323099,0.156341462932206,0.1563414629323099,0.15634146293245904,0.1563414629323099,0.15634146293211731,0.1563414629319737,0.15634146293211731,0.1563414629323099,0.156341462932206,0.1563414629319737,0.15634146293179135,0.1563414629319737,0.156341462932206,0.1563414629323099,0.15634146293211731,0.1563414629319737,0.15634146293211731,0.1563414629323099,0.15634146293245904,0.1563414629323099,0.156341462932206,0.1563414629323099,0.15634146293245904,0.15494591498079044,0.15494591498038635,0.15494591498008467,0.15494591498038635,0.15494591498079044,0.15494591498038635,0.15494591497981314,0.1549459149793338,0.15494591497981314,0.15494591498038635,0.15494591498008467,0.1549459149793338,0.15494591497863394,0.1549459149793338,0.15494591498008467,0.15494591498038635,0.15494591497981314,0.1549459149793338,0.15494591497981314,0.15494591498038635,0.15494591498079044,0.15494591498038635,0.15494591498008467,0.15494591498038635,0.15494591498079044,0.15357822100834548,0.15357822100733262,0.1535782210064951,0.15357822100733262,0.15357822100834548,0.15357822100733262,0.15357822100570095,0.15357822100407412,0.15357822100570095,0.15357822100733262,0.1535782210064951,0.15357822100407412,0.1535782210010938,0.15357822100407412,0.1535782210064951,0.15357822100733262,0.15357822100570095,0.15357822100407412,0.15357822100570095,0.15357822100733262,0.15357822100834548,0.15357822100733262,0.1535782210064951,0.15357822100733262,0.15357822100834548,0.15223780415890592,0.15223780415668417,0.1522378041545654,0.15223780415668417,0.15223780415890592,0.15223780415668417,0.15223780415245705,0.15223780414703314,0.15223780415245705,0.15223780415668417,0.1522378041545654,0.15223780414703314,0.15223780413269125,0.15223780414703314,0.1522378041545654,0.15223780415668417,0.15223780415245705,0.15223780414703314,0.15223780415245705,0.15223780415668417,0.15223780415890592,0.15223780415668417,0.1522378041545654,0.15223780415668417,0.15223780415890592,0.15092409324060044,0.15092409323681902,0.1509240932325395,0.15092409323681902,0.15092409324060044,0.15092409323681902,0.15092409322814226,0.1509240932124409,0.15092409322814226,0.15092409323681902,0.1509240932325395,0.1509240932124409,0.1509240931342649,0.1509240932124409,0.1509240932325395,0.15092409323681902,0.15092409322814226,0.1509240932124409,0.15092409322814226,0.15092409323681902,0.15092409324060044,0.15092409323681902,0.1509240932325395,0.15092409323681902,0.15092409324060044,0.1496365233949967,0.14963652339129954,0.14963652338727168,0.14963652339129954,0.1496365233949967,0.14963652339129954,0.14963652338314756,0.1496365233695702,0.14963652338314756,0.14963652339129954,0.14963652338727168,0.1496365233695702,0.14963652331050703,0.1496365233695702,0.14963652338727168,0.14963652339129954,0.14963652338314756,0.1496365233695702,0.14963652338314756,0.14963652339129954,0.1496365233949967,0.14963652339129954,0.14963652338727168,0.14963652339129954,0.1496365233949967,0.1483745366784119,0.1483745366759233,0.14837453667335276,0.1483745366759233,0.1483745366784119,0.1483745366759233,0.1483745366707491,0.1483745366627736,0.1483745366707491,0.1483745366759233,0.14837453667335276,0.1483745366627736,0.14837453663069874,0.1483745366627736,0.14837453667335276,0.1483745366759233,0.1483745366707491,0.1483745366627736,0.1483745366707491,0.1483745366759233,0.1483745366784119,0.1483745366759233,0.14837453667335276,0.1483745366759233,0.1483745366784119,0.14713758257127466,0.1471375825702997,0.1471375825693927,0.1471375825702997,0.14713758257127466,0.1471375825702997,0.14713758256849968,0.14713758256615447,0.14713758256849968,0.1471375825702997,0.1471375825693927,0.14713758256615447,0.1471375825584682,0.14713758256615447,0.1471375825693927,0.1471375825702997,0.14713758256849968,0.14713758256615447,0.14713758256849968,0.1471375825702997,0.14713758257127466,0.1471375825702997,0.1471375825693927,0.1471375825702997,0.14713758257127466,0.14592511841761766,0.14592511841795133,0.14592511841841146,0.14592511841795133,0.14592511841761766,0.14592511841795133,0.1459251184189077,0.14592511842088604,0.1459251184189077,0.14592511841795133,0.14592511841841146,0.14592511842088604,0.14592511843103906,0.14592511842088604,0.14592511841841146,0.14592511841795133,0.1459251184189077,0.14592511842088604,0.1459251184189077,0.14592511841795133,0.14592511841761766,0.14592511841795133,0.14592511841841146,0.14592511841795133,0.14592511841761766,0.14473660979957095,0.14473660980080222,0.14473660980216077,0.14473660980080222,0.14473660979957095,0.14473660980080222,0.14473660980355926,0.14473660980819303,0.14473660980355926,0.14473660980080222,0.14473660980216077,0.14473660980819303,0.1447366098285204,0.14473660980819303,0.14473660980216077,0.14473660980080222,0.14473660980355926,0.14473660980819303,0.14473660980355926,0.14473660980080222,0.14473660979957095,0.14473660980080222,0.14473660980216077,0.14473660980080222,0.14473660979957095,0.14357153085256502,0.14357153085427052,0.14357153085609506,0.14357153085427052,0.14357153085256502,0.14357153085427052,0.14357153085795626,0.14357153086397414,0.14357153085795626,0.14357153085427052,0.14357153085609506,0.14357153086397414,0.14357153088995794,0.14357153086397414,0.14357153085609506,0.14357153085427052,0.14357153085795626,0.14357153086397414,0.14357153085795626,0.14357153085427052,0.14357153085256502,0.14357153085427052,0.14357153085609506,0.14357153085427052,0.14357153085256502,0.1424293645267408,0.14242936452852065,0.14242936453037985,0.14242936452852065,0.1424293645267408,0.14242936452852065,0.14242936453226185,0.14242936453822747,0.14242936453226185,0.14242936452852065,0.14242936453037985,0.14242936453822747,0.14242936456363367,0.14242936453822747,0.14242936453037985,0.14242936452852065,0.14242936453226185,0.14242936453822747,0.14242936453226185,0.14242936452852065,0.1424293645267408,0.14242936452852065,0.14242936453037985,0.14242936452852065,0.1424293645267408,0.14130960279979107,0.14130960280137733,0.1413096028029547,0.14130960280137733,0.14130960279979107,0.14130960280137733,0.14130960280452864,0.1413096028092291,0.14130960280452864,0.14130960280137733,0.1413096028029547,0.1413096028092291,0.14130960282790894,0.1413096028092291,0.1413096028029547,0.14130960280137733,0.14130960280452864,0.1413096028092291,0.14130960280452864,0.14130960280137733,0.14130960279979107,0.14130960280137733,0.1413096028029547,0.14130960280137733,0.14130960279979107,0.14021174684560778,0.14021174684703033,0.14021174684834728,0.14021174684703033,0.14021174684560778,0.14021174684703033,0.14021174684963184,0.14021174685316098,0.14021174684963184,0.14021174684703033,0.14021174684834728,0.14021174685316098,0.1402117468663836,0.14021174685316098,0.14021174684834728,0.14021174684703033,0.14021174684963184,0.14021174685316098,0.14021174684963184,0.14021174684703033,0.14021174684560778,0.14021174684703033,0.14021174684834728,0.14021174684703033,0.14021174684560778,0.1391353071628033,0.13913530716442096,0.1391353071658019,0.13913530716442096,0.1391353071628033,0.13913530716442096,0.1391353071671294,0.13913530716998476,0.1391353071671294,0.13913530716442096,0.1391353071658019,0.13913530716998476,0.13913530717581055,0.13913530716998476,0.1391353071658019,0.13913530716442096,0.1391353071671294,0.13913530716998476,0.1391353071671294,0.13913530716442096,0.1391353071628033,0.13913530716442096,0.1391353071658019,0.13913530716442096,0.1391353071628033,0.13807980366723638,0.13807980366984124,0.13807980367237274,0.13807980366984124,0.13807980366723638,0.13807980366984124,0.1380798036749083,0.13807980368158607,0.1380798036749083,0.13807980366984124,0.13807980367237274,0.13807980368158607,0.1380798036997752,0.13807980368158607,0.13807980367237274,0.13807980366984124,0.1380798036749083,0.13807980368158607,0.1380798036749083,0.13807980366984124,0.13807980366723638,0.13807980366984124,0.13807980367237274,0.13807980366984124,0.13807980366723638,0.13704476575195354,0.13704476575578253,0.13704476576035088,0.13704476575578253,0.13704476575195354,0.13704476575578253,0.1370447657650694,0.13704476578346658,0.1370447657650694,0.13704476575578253,0.13704476576035088,0.13704476578346658,0.1370447658847643,0.13704476578346658,0.13704476576035088,0.13704476575578253,0.1370447657650694,0.13704476578346658,0.1370447657650694,0.13704476575578253,0.13704476575195354,0.13704476575578253,0.13704476576035088,0.13704476575578253,0.13704476575195354,0.1360297323200714,0.1360297323226976,0.13602973232525137,0.1360297323226976,0.1360297323200714,0.1360297323226976,0.1360297323278057,0.13602973233459198,0.1360297323278057,0.1360297323226976,0.13602973232525137,0.13602973233459198,0.13602973235333957,0.13602973233459198,0.13602973232525137,0.1360297323226976,0.1360297323278057,0.13602973233459198,0.1360297323278057,0.1360297323226976,0.1360297323200714,0.1360297323226976,0.13602973232525137,0.1360297323226976,0.1360297323200714,0.13503425179594178,0.13503425179757672,0.13503425179892198,0.13503425179757672,0.13503425179594178,0.13503425179757672,0.13503425180019557,0.1350342518027821,0.13503425180019557,0.13503425179757672,0.13503425179892198,0.1350342518027821,0.13503425180747067,0.13503425180278225,0.13503425179892198,0.13503425179757672,0.13503425180019557,0.13503425180278225,0.13503425180019557,0.13503425179757672,0.13503425179594178,0.13503425179757672,0.13503425179892198,0.13503425179757672,0.13503425179594178
0.16533248789602745,0.16533248789602722,0.16533248789602698,0.16533248789602722,0.16533248789602745,0.16533248789602722,0.16533248789602675,0.16533248789602675,0.16533248789602675,0.16533248789602722,0.16533248789602698,0.16533248789602675,0.16533248789602653,0.16533248789602675,0.16533248789602698,0.16533248789602722,0.16533248789602675,0.16533248789602675,0.16533248789602675,0.16533248789602722,0.16533248789602745,0.16533248789602722,0.16533248789602698,0.16533248789602722,0.16533248789602745,0.16375749417502927,0.16375749417502858,0.16375749417502813,0.16375749417502858,0.16375749417502927,0.16375749417502858,0.1637574941750279,0.16375749417502744,0.1637574941750279,0.16375749417502858,0.16375749417502813,0.16375749417502744,0.16375749417502694,0.16375749417502744,0.16375749417502813,0.16375749417502858,0.1637574941750279,0.16375749417502744,0.1637574941750279,0.16375749417502858,0.16375749417502927,0.16375749417502858,0.16375749417502813,0.16375749417502858,0.16375749417502927,0.1622138843859699,0.16221388438596784,0.16221388438596673,0.16221388438596784,0.1622138843859699,0.16221388438596784,0.16221388438596582,0.16221388438596446,0.16221388438596582,0.16221388438596784,0.16221388438596673,0.16221388438596446,0.16221388438596307,0.16221388438596446,0.16221388438596673,0.16221388438596784,0.16221388438596582,0.16221388438596446,0.16221388438596582,0.16221388438596784,0.1622138843859699,0.16221388438596784,0.16221388438596673,0.16221388438596784,0.1622138843859699,0.16070106748589244,0.16070106748588642,0.16070106748588264,0.16070106748588642,0.16070106748589244,0.16070106748588642,0.16070106748587978,0.16070106748587556,0.16070106748587978,0.16070106748588642,0.16070106748588264,0.16070106748587556,0.16070106748587087,0.16070106748587556,0.16070106748588264,0.16070106748588642,0.16070106748587978,0.16070106748587556,0.16070106748587978,0.16070106748588642,0.16070106748589244,0.16070106748588642,0.16070106748588264,0.16070106748588642,0.16070106748589244,0.15921845184978317,0.15921845184976507,0.15921845184975356,0.15921845184976507,0.15921845184978317,0.15921845184976507,0.15921845184974465,0.1592184518497309,0.15921845184974465,0.15921845184976507,0.15921845184975356,0.1592184518497309,0.15921845184971567,0.1592184518497309,0.15921845184975356,0.15921845184976507,0.15921845184974465,0.1592184518497309,0.15921845184974465,0.15921845184976507,0.15921845184978317,0.15921845184976507,0.15921845184975356,0.15921845184976507,0.15921845184978317,0.15776544662243355,0.15776544662238107,0.15776544662234607,0.15776544662238107,0.15776544662243355,0.15776544662238107,0.1577654466223177,0.15776544662227376,0.1577654466223177,0.15776544662238107,0.15776544662234607,0.15776544662227376,0.15776544662222255,0.15776544662227376,0.15776544662234607,0.15776544662238107,0.1577654466223177,0.15776544662227376,0.1577654466223177,0.15776544662238107,0.15776544662243355,0.15776544662238107,0.15776544662234607,0.15776544662238107,0.15776544662243355,0.15634146293279422,0.1563414629326453,0.1563414629325416,0.1563414629326453,0.15634146293279422,0.1563414629326453,0.15634146293245296,0.15634146293230974,0.15634146293245296,0.1563414629326453,0.1563414629325416,0.15634146293230974,0.15634146293212778,0.15634146293230974,0.1563414629325416,0.1563414629326453,0.15634146293245296,0.15634146293230974,0.15634146293245296,0.1563414629326453,0.15634146293279422,0.1563414629326453,0.1563414629325416,0.1563414629326453,0.15634146293279422,0.15494591498111754,0.15494591498071442,0.15494591498041338,0.15494591498071442,0.15494591498111754,0.15494591498071442,0.15494591498014246,0.15494591497966395,0.15494591498014246,0.15494591498071442,0.15494591498041338,0.15494591497966395,0.15494591497896554,0.15494591497966395,0.15494591498041338,0.15494591498071442,0.15494591498014246,0.15494591497966395,0.15494591498014246,0.15494591498071442,0.15494591498111754,0.15494591498071442,0.15494591498041338,0.15494591498071442,0.15494591498111754,0.1535782210086632,0.15357822100765237,0.15357822100681665,0.15357822100765237,0.1535782210086632,0.15357822100765237,0.15357822100602392,0.15357822100440052,0.15357822100602392,0.15357822100765237,0.15357822100681665,0.15357822100440052,0.1535782210014262,0.15357822100440052,0.15357822100681665,0.15357822100765237,0.15357822100602392,0.15357822100440052,0.15357822100602392,0.15357822100765237,0.1535782210086632,0.15357822100765237,0.15357822100681665,0.15357822100765237,0.1535782210086632,0.15223780415920962,0.15223780415699262,0.15223780415487836,0.15223780415699262,0.15223780415920962,0.15223780415699262,0.15223780415277438,0.15223780414736127,0.15223780415277438,0.15223780415699262,0.15223780415487836,0.15223780414736127,0.15223780413304772,0.15223780414736127,0.15223780415487836,0.15223780415699262,0.15223780415277438,0.15223780414736127,0.15223780415277438,0.15223780415699262,0.15223780415920962,0.15223780415699262,0.15223780415487836,0.15223780415699262,0.15223780415920962,0.15092409324088077,0.15092409323710784,0.15092409323283737,0.15092409323710784,0.15092409324088077,0.15092409323710784,0.15092409322844938,0.15092409321277986,0.15092409322844938,0.15092409323710784,0.15092409323283737,0.15092409321277986,0.1509240931348016,0.15092409321277986,0.15092409323283737,0.15092409323710784,0.15092409322844938,0.15092409321277986,0.15092409322844938,0.15092409323710784,0.15092409324088077,0.15092409323710784,0.15092409323283737,0.15092409323710784,0.15092409324088077,0.14963652339523606,0.14963652339154834,0.14963652338753072,0.14963652339154834,0.14963652339523606,0.14963652339154834,0.14963652338341663,0.1496365233698718,0.14963652338341663,0.14963652339154834,0.14963652338753072,0.1496365233698718,0.14963652331096763,0.1496365233698718,0.14963652338753072,0.14963652339154834,0.14963652338341663,0.1496365233698718,0.14963652338341663,0.14963652339154834,0.14963652339523606,0.14963652339154834,0.14963652338753072,0.14963652339154834,0.14963652339523606,0.14837453667859002,0.14837453667611067,0.14837453667354925,0.14837453667611067,0.14837453667859002,0.14837453667611067,0.14837453667095515,0.14837453666300915,0.14837453667095515,0.14837453667611067,0.14837453667354925,0.14837453666300915,0.14837453663104624,0.14837453666300915,0.14837453667354925,0.14837453667611067,0.14837453667095515,0.14837453666300915,0.14837453667095515,0.14837453667611067,0.14837453667859002,0.14837453667611067,0.14837453667354925,0.14837453667611067,0.14837453667859002,0.1471375825713724,0.1471375825704047,0.14713758256950532,0.1471375825704047,0.1471375825713724,0.1471375825704047,0.14713758256862028,0.14713758256630055,0.14713758256862028,0.1471375825704047,0.14713758256950532,0.14713758256630055,0.1471375825587347,0.14713758256630055,0.14713758256950532,0.1471375825704047,0.14713758256862028,0.14713758256630055,0.14713758256862028,0.1471375825704047,0.1471375825713724,0.1471375825704047,0.14713758256950532,0.1471375825704047,0.1471375825713724,0.14592511841761854,0.14592511841795616,0.14592511841842037,0.14592511841795616,0.14592511841761854,0.14592511841795616,0.14592511841892092,0.14592511842091307,0.14592511841892092,0.14592511841795616,0.14592511841842037,0.14592511842091307,0.14592511843112843,0.14592511842091307,0.14592511841842037,0.14592511841795616,0.14592511841892092,0.14592511842091307,0.14592511841892092,0.14592511841795616,0.14592511841761854,0.14592511841795616,0.14592511841842037,0.14592511841795616,0.14592511841761854,0.14473660979946587,0.14473660980069664,0.14473660980205447,0.14473660980069664,0.14473660979946587,0.14473660980069664,0.14473660980345243,0.1447366098080841,0.14473660980345243,0.14473660980069664,0.14473660980205447,0.1447366098080841,0.1447366098283973,0.1447366098080841,0.14473660980205447,0.14473660980069664,0.14473660980345243,0.1447366098080841,0.14473660980345243,0.14473660980069664,0.14473660979946587,0.14473660980069664,0.14473660980205447,0.14473660980069664,0.14473660979946587,0.1435715308523537,0.14357153085405402,0.14357153085587349,0.14357153085405402,0.1435715308523537,0.14357153085405402,0.14357153085772936,0.14357153086373167,0.14357153085772936,0.14357153085405402,0.14357153085587349,0.14357153086373167,0.14357153088965732,0.14357153086373167,0.14357153085587349,0.14357153085405402,0.14357153085772936,0.14357153086373167,0.14357153085772936,0.14357153085405402,0.1435715308523537,0.14357153085405402,0.14357153085587349,0.14357153085405402,0.1435715308523537,0.14242936452643212,0.14242936452820293,0.14242936453005223,0.14242936452820293,0.14242936452643212,0.14242936452820293,0.14242936453192387,0.14242936453785388,0.14242936453192387,0.14242936452820293,0.14242936453005223,0.14242936453785388,0.14242936456307403,0.14242936453785388,0.14242936453005223,0.14242936452820293,0.14242936453192387,0.14242936453785388,0.14242936453192387,0.14242936452820293,0.14242936452643212,0.14242936452820293,0.14242936453005223,0.14242936452820293,0.14242936452643212,0.14130960279940227,0.141309602800979,0.14130960280254604,0.141309602800979,0.14130960279940227,0.141309602800979,0.14130960280410912,0.14130960280877303,0.14130960280410912,0.141309602800979,0.14130960280254604,0.14130960280877303,0.14130960282727792,0.14130960280877303,0.14130960280254604,0.141309602800979,0.14130960280410912,0.14130960280877303,0.14130960280410912,0.141309602800979,0.14130960279940227,0.141309602800979,0.14130960280254604,0.141309602800979,0.14130960279940227,0.1402117468451574,0.14021174684657287,0.14021174684788337,0.14021174684657287,0.1402117468451574,0.14021174684657287,0.14021174684916146,0.1402117468526732,0.14021174684916146,0.14021174684657287,0.14021174684788337,0.1402117468526732,0.14021174686584356,0.1402117468526732,0.14021174684788337,0.14021174684657287,0.14021174684916146,0.1402117468526732,0.14021174684916146,0.14021174684657287,0.1402117468451574,0.14021174684657287,0.14021174684788337,0.14021174684657287,0.1402117468451574,0.13913530716230432,0.13913530716391675,0.13913530716529313,0.13913530716391675,0.13913530716230432,0.13913530716391675,0.13913530716661635,0.13913530716946237,0.13913530716661635,0.13913530716391675,0.13913530716529313,0.13913530716946237,0.13913530717526965,0.13913530716946237,0.13913530716529313,0.13913530716391675,0.13913530716661635,0.13913530716946237,0.13913530716661635,0.13913530716391675,0.13913530716230432,0.13913530716391675,0.13913530716529313,0.13913530716391675,0.13913530716230432,0.138079803666699,0.13807980366929734,0.13807980367182282,0.13807980366929734,0.138079803666699,0.13807980366929734,0.13807980367435216,0.1380798036810143,0.13807980367435216,0.13807980366929734,0.13807980367182282,0.1380798036810143,0.13807980369916173,0.1380798036810143,0.13807980367182282,0.13807980366929734,0.13807980367435216,0.1380798036810143,0.13807980367435216,0.13807980366929734,0.138079803666699,0.13807980366929734,0.13807980367182282,0.13807980366929734,0.138079803666699,0.13704476575139038,0.13704476575521068,0.13704476575976868,0.13704476575521068,0.13704476575139038,0.13704476575521068,0.13704476576447663,0.13704476578283256,0.13704476576447663,0.13704476575521068,0.13704476575976868,0.13704476578283256,0.1370447658838867,0.13704476578283256,0.13704476575976868,0.13704476575521068,0.13704476576447663,0.13704476578283256,0.13704476576447663,0.13704476575521068,0.13704476575139038,0.13704476575521068,0.13704476575976868,0.13704476575521068,0.13704476575139038,0.13602973231950002,0.13602973232212026,0.13602973232466836,0.13602973232212026,0.13602973231950002,0.13602973232212026,0.13602973232721688,0.13602973233398793,0.13602973232721688,0.13602973232212026,0.13602973232466836,0.13602973233398793,0.13602973235269394,0.13602973233398793,0.13602973232466836,0.13602973232212026,0.13602973232721688,0.13602973233398793,0.13602973232721688,0.13602973232212026,0.13602973231950002,0.13602973232212026,0.13602973232466836,0.13602973232212026,0.13602973231950002,0.13503425179537393,0.13503425179700526,0.1350342517983474,0.13503425179700526,0.13503425179537393,0.13503425179700526,0.1350342517996184,0.13503425180219905,0.1350342517996184,0.13503425179700526,0.1350342517983474,0.13503425180219905,0.13503425180687711,0.13503425180219905,0.1350342517983474,0.13503425179700526,0.1350342517996184,0.13503425180219905,0.1350342517996184,0.13503425179700526,0.13503425179537393,0.13503425179700526,0.1350342517983474,0.13503425179700526,0.13503425179537393
0.16533248789640292,0.16533248789640267,0.16533248789640245,0.16533248789640267,0.16533248789640292,0.16533248789640267,0.1653324878964022,0.1653324878964022,0.1653324878964022,0.16533248789640267,0.16533248789640245,0.1653324878964022,0.16533248789640198,0.1653324878964022,0.16533248789640245,0.16533248789640267,0.1653324878964022,0.1653324878964022,0.1653324878964022,0.16533248789640267,0.16533248789640292,0.16533248789640267,0.16533248789640245,0.16533248789640267,0.16533248789640292,0.16375749417539726,0.16375749417539656,0.16375749417539612,0.16375749417539656,0.16375749417539726,0.16375749417539656,0.16375749417539584,0.1637574941753954,0.16375749417539584,0.16375749417539656,0.16375749417539612,0.1637574941753954,0.16375749417539492,0.1637574941753954,0.16375749417539612,0.16375749417539656,0.16375749417539584,0.1637574941753954,0.16375749417539584,0.16375749417539656,0.16375749417539726,0.16375749417539656,0.16375749417539612,0.16375749417539656,0.16375749417539726,0.1622138843863305,0.1622138843863285,0.16221388438632733,0.1622138843863285,0.1622138843863305,0.1622138843863285,0.16221388438632645,0.16221388438632506,0.16221388438632645,0.1622138843863285,0.16221388438632733,0.16221388438632506,0.16221388438632373,0.16221388438632506,0.16221388438632733,0.1622138843863285,0.16221388438632645,0.16221388438632506,0.16221388438632645,0.1622138843863285,0.1622138843863305,0.1622138843863285,0.16221388438632733,0.1622138843863285,0.1622138843863305,0.16070106748624566,0.16070106748623966,0.1607010674862359,0.16070106748623966,0.16070106748624566,0.16070106748623966,0.16070106748623322,0.16070106748622878,0.16070106748623322,0.16070106748623966,0.1607010674862359,0.16070106748622878,0.16070106748622412,0.16070106748622878,0.1607010674862359,0.16070106748623966,0.16070106748623322,0.16070106748622878,0.16070106748623322,0.16070106748623966,0.16070106748624566,0.16070106748623966,0.1607010674862359,0.16070106748623966,0.16070106748624566,0.15921845185012912,0.15921845185011127,0.15921845185009972,0.15921845185011127,0.15921845185012912,0.15921845185011127,0.1592184518500908,0.15921845185007708,0.1592184518500908,0.15921845185011127,0.15921845185009972,0.15921845185007708,0.15921845185006187,0.15921845185007708,0.15921845185009972,0.15921845185011127,0.1592184518500908,0.15921845185007708,0.1592184518500908,0.15921845185011127,0.15921845185012912,0.15921845185011127,0.15921845185009972,0.15921845185011127,0.15921845185012912,0.15776544662277237,0.1577654466227201,0.1577654466226851,0.1577654466227201,0.15776544662277237,0.1577654466227201,0.15776544662265696,0.15776544662261302,0.15776544662265696,0.1577654466227201,0.1577654466226851,0.15776544662261302,0.157765446622562,0.15776544662261302,0.1577654466226851,0.1577654466227201,0.15776544662265696,0.15776544662261302,0.15776544662265696,0.1577654466227201,0.15776544662277237,0.1577654466227201,0.1577654466226851,0.1577654466227201,0.15776544662277237,0.15634146293312587,0.15634146293297718,0.1563414629328737,0.15634146293297718,0.15634146293312587,0.15634146293297718,0.15634146293278545,0.1563414629326422,0.15634146293278545,0.15634146293297718,0.1563414629328737,0.1563414629326422,0.15634146293246068,0.1563414629326422,0.1563414629328737,0.15634146293297718,0.15634146293278545,0.1563414629326422,0.15634146293278545,0.15634146293297718,0.15634146293312587,0.15634146293297718,0.1563414629328737,0.15634146293297718,0.15634146293312587,0.1549459149814413,0.15494591498103905,0.1549459149807386,0.15494591498103905,0.1549459149814413,0.15494591498103905,0.15494591498046809,0.1549459149799908,0.15494591498046809,0.15494591498103905,0.1549459149807386,0.1549459149799908,0.15494591497929364,0.1549459149799908,0.1549459149807386,0.15494591498103905,0.15494591498046809,0.1549459149799908,0.15494591498046809,0.15494591498103905,0.1549459149814413,0.15494591498103905,0.1549459149807386,0.15494591498103905,0.1549459149814413,0.15357822100897753,0.1535782210079689,0.15357822100713478,0.1535782210079689,0.15357822100897753,0.1535782210079689,0.15357822100634383,0.1535782210047235,0.15357822100634383,0.1535782210079689,0.15357822100713478,0.1535782210047235,0.153578221001755,0.1535782210047235,0.15357822100713478,0.1535782210079689,0.15357822100634383,0.1535782210047235,0.15357822100634383,0.1535782210079689,0.15357822100897753,0.1535782210079689,0.15357822100713478,0.1535782210079689,0.15357822100897753,0.1522378041595104,0.15223780415729812,0.152237804155188,0.15223780415729812,0.1522378041595104,0.15223780415729812,0.15223780415308852,0.15223780414768606,0.15223780415308852,0.15223780415729812,0.152237804155188,0.15223780414768606,0.15223780413340043,0.15223780414768606,0.152237804155188,0.15223780415729812,0.15223780415308852,0.15223780414768606,0.15223780415308852,0.15223780415729812,0.1522378041595104,0.15223780415729812,0.152237804155188,0.15223780415729812,0.1522378041595104,0.15092409324115819,0.15092409323739353,0.15092409323313213,0.15092409323739353,0.15092409324115819,0.15092409323739353,0.15092409322875341,0.15092409321311534,0.15092409322875341,0.15092409323739353,0.15092409323313213,0.15092409321311534,0.150924093135276,0.15092409321311534,0.15092409323313213,0.15092409323739353,0.15092409322875341,0.15092409321311534,0.15092409322875341,0.15092409323739353,0.15092409324115819,0.15092409323739353,0.15092409323313213,0.15092409323739353,0.15092409324115819,0.14963652339547298,0.14963652339179473,0.1496365233877869,0.14963652339179473,0.14963652339547298,0.14963652339179473,0.14963652338368305,0.14963652337017,0.14963652338368305,0.14963652339179473,0.1496365233877869,0.14963652337017,0.14963652331139515,0.14963652337017,0.1496365233877869,0.14963652339179473,0.14963652338368305,0.14963652337017,0.14963652338368305,0.14963652339179473,0.14963652339547298,0.14963652339179473,0.1496365233877869,0.14963652339179473,0.14963652339547298,0.14837453667876627,0.14837453667629583,0.1483745366737438,0.14837453667629583,0.14837453667876627,0.14837453667629583,0.14837453667115905,0.1483745366632419,0.14837453667115905,0.14837453667629583,0.1483745366737438,0.1483745366632419,0.1483745366313924,0.1483745366632419,0.1483745366737438,0.14837453667629583,0.14837453667115905,0.1483745366632419,0.14837453667115905,0.14837453667629583,0.14837453667876627,0.14837453667629583,0.1483745366737438,0.14837453667629583,0.14837453667876627,0.14713758257146886,0.14713758257050844,0.14713758256961668,0.14713758257050844,0.14713758257146886,0.14713758257050844,0.14713758256873927,0.14713758256644477,0.14713758256873927,0.14713758257050844,0.14713758256961668,0.14713758256644477,0.14713758255898665,0.14713758256644477,0.14713758256961668,0.14713758257050844,0.14713758256873927,0.14713758256644477,0.14713758256873927,0.14713758257050844,0.14713758257146886,0.14713758257050844,0.14713758256961668,0.14713758257050844,0.14713758257146886,0.14592511841761943,0.14592511841796096,0.14592511841842928,0.14592511841796096,0.14592511841761943,0.14592511841796096,0.1459251184189339,0.1459251184209398,0.1459251184189339,0.14592511841796096,0.14592511841842928,0.1459251184209398,0.14592511843119524,0.1459251184209398,0.14592511841842928,0.14592511841796096,0.1459251184189339,0.1459251184209398,0.1459251184189339,0.14592511841796096,0.14592511841761943,0.14592511841796096,0.14592511841842928,0.14592511841796096,0.14592511841761943,0.144736609799362,0.14473660980059208,0.14473660980194955,0.14473660980059208,0.144736609799362,0.14473660980059208,0.14473660980334682,0.14473660980797656,0.14473660980334682,0.14473660980059208,0.14473660980194955,0.14473660980797656,0.1447366098282507,0.14473660980797656,0.14473660980194955,0.14473660980059208,0.14473660980334682,0.14473660980797656,0.14473660980334682,0.14473660980059208,0.144736609799362,0.14473660980059208,0.14473660980194955,0.14473660980059208,0.144736609799362,0.14357153085214475,0.14357153085384014,0.14357153085565447,0.14357153085384014,0.14357153085214475,0.14357153085384014,0.14357153085750504,0.14357153086349211,0.14357153085750504,0.14357153085384014,0.14357153085565447,0.14357153086349211,0.14357153088936916,0.14357153086349211,0.14357153085565447,0.14357153085384014,0.14357153085750504,0.14357153086349211,0.14357153085750504,0.14357153085384014,0.14357153085214475,0.14357153085384014,0.14357153085565447,0.14357153085384014,0.14357153085214475,0.14242936452612684,0.14242936452788874,0.14242936452972796,0.14242936452788874,0.14242936452612684,0.14242936452788874,0.14242936453158933,0.14242936453748414,0.14242936453158933,0.14242936452788874,0.14242936452972796,0.14242936453748414,0.1424293645625431,0.14242936453748414,0.14242936452972796,0.14242936452788874,0.14242936453158933,0.14242936453748414,0.14242936453158933,0.14242936452788874,0.14242936452612684,0.14242936452788874,0.14242936452972796,0.14242936452788874,0.14242936452612684,0.14130960279901777,0.14130960280058494,0.1413096028021416,0.14130960280058494,0.14130960279901777,0.14130960280058494,0.14130960280369417,0.14130960280832175,0.14130960280369417,0.14130960280058494,0.1413096028021416,0.14130960280832175,0.14130960282665556,0.14130960280832175,0.1413096028021416,0.14130960280058494,0.14130960280369417,0.14130960280832175,0.14130960280369417,0.14130960280058494,0.14130960279901777,0.14130960280058494,0.1413096028021416,0.14130960280058494,0.14130960279901777,0.14021174684471166,0.14021174684612037,0.14021174684742443,0.14021174684612037,0.14021174684471166,0.14021174684612037,0.14021174684869606,0.1402117468521906,0.14021174684869606,0.14021174684612037,0.14021174684742443,0.1402117468521906,0.14021174686530496,0.1402117468521906,0.14021174684742443,0.14021174684612037,0.14021174684869606,0.1402117468521906,0.14021174684869606,0.14021174684612037,0.14021174684471166,0.14021174684612037,0.14021174684742443,0.14021174684612037,0.14021174684471166,0.1391353071618107,0.13913530716341774,0.1391353071647897,0.13913530716341774,0.1391353071618107,0.13913530716341774,0.1391353071661085,0.1391353071689455,0.1391353071661085,0.13913530716341774,0.1391353071647897,0.1391353071689455,0.1391353071747346,0.1391353071689455,0.1391353071647897,0.13913530716341774,0.1391353071661085,0.1391353071689455,0.1391353071661085,0.13913530716341774,0.1391353071618107,0.13913530716341774,0.1391353071647897,0.13913530716341774,0.1391353071618107,0.13807980366616723,0.13807980366875922,0.13807980367127845,0.13807980366875922,0.13807980366616723,0.13807980366875922,0.1380798036738019,0.13807980368044856,0.1380798036738019,0.13807980366875922,0.13807980367127845,0.13807980368044856,0.13807980369855474,0.13807980368044856,0.13807980367127845,0.13807980366875922,0.1380798036738019,0.13807980368044856,0.1380798036738019,0.13807980366875922,0.13807980366616723,0.13807980366875922,0.13807980367127845,0.13807980366875922,0.13807980366616723,0.1370447657508333,0.1370447657546448,0.13704476575919247,0.1370447657546448,0.1370447657508333,0.1370447657546448,0.13704476576388988,0.13704476578220526,0.13704476576388988,0.1370447657546448,0.13704476575919247,0.13704476578220526,0.13704476588305442,0.13704476578220526,0.13704476575919247,0.1370447657546448,0.13704476576388988,0.13704476578220526,0.13704476576388988,0.1370447657546448,0.1370447657508333,0.1370447657546448,0.13704476575919247,0.1370447657546448,0.1370447657508333,0.13602973231893462,0.13602973232154905,0.13602973232409146,0.13602973232154905,0.13602973231893462,0.13602973232154905,0.13602973232663432,0.13602973233339033,0.13602973232663432,0.13602973232154905,0.13602973232409146,0.13602973233339033,0.13602973235205487,0.13602973233339033,0.13602973232409146,0.13602973232154905,0.13602973232663432,0.13602973233339033,0.13602973232663432,0.13602973232154905,0.13602973231893462,0.13602973232154905,0.13602973232409146,0.13602973232154905,0.13602973231893462,0.1350342517948121,0.13503425179643974,0.13503425179777898,0.13503425179643974,0.1350342517948121,0.13503425179643974,0.13503425179904702,0.135034251801622,0.13503425179904702,0.13503425179643974,0.13503425179777898,0.135034251801622,0.13503425180628964,0.135034251801622,0.13503425179777898,0.13503425179643974,0.13503425179904702,0.135034251801622,0.13503425179904702,0.13503425179643974,0.1350342517948121,0.13503425179643974,0.13503425179777898,0.13503425179643974,0.1350342517948121
0.16533248789677435,0.16533248789677413,0.1653324878967739,0.16533248789677413,0.16533248789677435,0.16533248789677413,0.1653324878967739,0.16533248789677368,0.1653324878967739,0.16533248789677413,0.1653324878967739,0.16533248789677368,0.16533248789677343,0.16533248789677368,0.1653324878967739,0.16533248789677413,0.1653324878967739,0.16533248789677368,0.1653324878967739,0.16533248789677413,0.16533248789677435,0.16533248789677413,0.1653324878967739,0.16533248789677413,0.16533248789677435,0.16375749417576133,0.16375749417576058,0.16375749417576013,0.16375749417576058,0.16375749417576133,0.16375749417576058,0.1637574941757599,0.16375749417575947,0.1637574941757599,0.16375749417576058,0.16375749417576013,0.16375749417575947,0.163757494175759,0.16375749417575947,0.16375749417576013,0.16375749417576058,0.1637574941757599,0.16375749417575947,0.1637574941757599,0.16375749417576058,0.16375749417576133,0.16375749417576058,0.16375749417576013,0.16375749417576058,0.16375749417576133,0.16221388438668732,0.16221388438668527,0.1622138843866839,0.16221388438668527,0.16221388438668732,0.16221388438668527,0.16221388438668324,0.16221388438668188,0.16221388438668324,0.16221388438668527,0.1622138843866839,0.16221388438668188,0.1622138843866803,0.16221388438668188,0.1622138843866839,0.16221388438668527,0.16221388438668324,0.16221388438668188,0.16221388438668324,0.16221388438668527,0.16221388438668732,0.16221388438668527,0.1622138843866839,0.16221388438668527,0.16221388438668732,0.16070106748659513,0.16070106748658933,0.16070106748658533,0.16070106748658933,0.16070106748659513,0.16070106748658933,0.16070106748658267,0.16070106748657845,0.16070106748658267,0.16070106748658933,0.16070106748658533,0.16070106748657845,0.16070106748657378,0.16070106748657845,0.16070106748658533,0.16070106748658933,0.16070106748658267,0.16070106748657845,0.16070106748658267,0.16070106748658933,0.16070106748659513,0.16070106748658933,0.16070106748658533,0.16070106748658933,0.16070106748659513,0.1592184518504716,0.15921845185045375,0.1592184518504422,0.15921845185045375,0.1592184518504716,0.15921845185045375,0.15921845185043326,0.15921845185041952,0.15921845185043326,0.15921845185045375,0.1592184518504422,0.15921845185041952,0.1592184518504045,0.15921845185041952,0.1592184518504422,0.15921845185045375,0.15921845185043326,0.15921845185041952,0.15921845185043326,0.15921845185045375,0.1592184518504716,0.15921845185045375,0.1592184518504422,0.15921845185045375,0.1592184518504716,0.15776544662310757,0.15776544662305528,0.15776544662302053,0.15776544662305528,0.15776544662310757,0.15776544662305528,0.15776544662299238,0.15776544662294864,0.15776544662299238,0.15776544662305528,0.15776544662302053,0.15776544662294864,0.15776544662289763,0.15776544662294864,0.15776544662302053,0.15776544662305528,0.15776544662299238,0.15776544662294864,0.15776544662299238,0.15776544662305528,0.15776544662310757,0.15776544662305528,0.15776544662302053,0.15776544662305528,0.15776544662310757,0.15634146293345397,0.15634146293330548,0.1563414629332022,0.15634146293330548,0.15634146293345397,0.15634146293330548,0.15634146293311416,0.15634146293297133,0.15634146293311416,0.15634146293330548,0.1563414629332022,0.15634146293297133,0.15634146293279003,0.15634146293297133,0.1563414629332022,0.15634146293330548,0.15634146293311416,0.15634146293297133,0.15634146293311416,0.15634146293330548,0.15634146293345397,0.15634146293330548,0.1563414629332022,0.15634146293330548,0.15634146293345397,0.15494591498176183,0.15494591498136015,0.15494591498106036,0.15494591498136015,0.15494591498176183,0.15494591498136015,0.15494591498079044,0.154945914980314,0.15494591498079044,0.15494591498136015,0.15494591498106036,0.154945914980314,0.15494591497961824,0.154945914980314,0.15494591498106036,0.15494591498136015,0.15494591498079044,0.154945914980314,0.15494591498079044,0.15494591498136015,0.15494591498176183,0.15494591498136015,0.15494591498106036,0.15494591498136015,0.15494591498176183,0.15357822100928864,0.153578221008282,0.1535782210074495,0.153578221008282,0.15357822100928864,0.153578221008282,0.15357822100666021,0.1535782210050432,0.15357822100666021,0.153578221008282,0.1535782210074495,0.1535782210050432,0.15357822100208038,0.1535782210050432,0.1535782210074495,0.153578221008282,0.15357822100666021,0.1535782210050432,0.15357822100666021,0.153578221008282,0.15357822100928864,0.153578221008282,0.1535782210074495,0.153578221008282,0.15357822100928864,0.15223780415980803,0.15223780415760027,0.15223780415549448,0.15223780415760027,0.15223780415980803,0.15223780415760027,0.15223780415339913,0.1522378041480075,0.15223780415339913,0.15223780415760027,0.15223780415549448,0.1522378041480075,0.15223780413374943,0.1522378041480075,0.15223780415549448,0.15223780415760027,0.15223780415339913,0.1522378041480075,0.15223780415339913,0.15223780415760027,0.15223780415980803,0.15223780415760027,0.15223780415549448,0.15223780415760027,0.15223780415980803,0.1509240932414327,0.15092409323767617,0.15092409323342362,0.15092409323767617,0.1509240932414327,0.15092409323767617,0.1509240932290542,0.15092409321344735,0.1509240932290542,0.15092409323767617,0.15092409323342362,0.15092409321344735,0.15092409313576505,0.15092409321344735,0.15092409323342362,0.15092409323767617,0.1509240932290542,0.15092409321344735,0.1509240932290542,0.15092409323767617,0.1509240932414327,0.15092409323767617,0.15092409323342362,0.15092409323767617,0.1509240932414327,0.14963652339570727,0.14963652339203826,0.14963652338804048,0.14963652339203826,0.14963652339570727,0.14963652339203826,0.14963652338394662,0.14963652337046515,0.14963652338394662,0.14963652339203826,0.14963652338804048,0.14963652337046515,0.14963652331184046,0.14963652337046515,0.14963652338804048,0.14963652339203826,0.14963652338394662,0.14963652337046515,0.14963652338394662,0.14963652339203826,0.14963652339570727,0.14963652339203826,0.14963652338804048,0.14963652339203826,0.14963652339570727,0.14837453667894066,0.14837453667647893,0.148374536673936,0.14837453667647893,0.14837453667894066,0.14837453667647893,0.1483745366713605,0.14837453666347192,0.1483745366713605,0.14837453667647893,0.148374536673936,0.14837453666347192,0.14837453663172287,0.14837453666347192,0.148374536673936,0.14837453667647893,0.1483745366713605,0.14837453666347192,0.1483745366713605,0.14837453667647893,0.14837453667894066,0.14837453667647893,0.148374536673936,0.14837453667647893,0.14837453667894066,0.1471375825715644,0.14713758257061088,0.1471375825697266,0.14713758257061088,0.1471375825715644,0.14713758257061088,0.147137582568857,0.14713758256658718,0.147137582568857,0.14713758257061088,0.1471375825697266,0.14713758256658718,0.14713758255921336,0.14713758256658718,0.1471375825697266,0.14713758257061088,0.147137582568857,0.14713758256658718,0.147137582568857,0.14713758257061088,0.1471375825715644,0.14713758257061088,0.1471375825697266,0.14713758257061088,0.1471375825715644,0.14592511841762035,0.1459251184179656,0.145925118418438,0.1459251184179656,0.14592511841762035,0.1459251184179656,0.14592511841894693,0.14592511842096614,0.14592511841894693,0.1459251184179656,0.145925118418438,0.14592511842096614,0.14592511843129938,0.14592511842096614,0.145925118418438,0.1459251184179656,0.14592511841894693,0.14592511842096614,0.14592511841894693,0.1459251184179656,0.14592511841762035,0.1459251184179656,0.145925118418438,0.1459251184179656,0.14592511841762035,0.1447366097992594,0.1447366098004889,0.1447366098018457,0.1447366098004889,0.1447366097992594,0.1447366098004889,0.14473660980324243,0.14473660980787045,0.14473660980324243,0.1447366098004889,0.1447366098018457,0.14473660980787045,0.1447366098281481,0.14473660980787045,0.1447366098018457,0.1447366098004889,0.14473660980324243,0.14473660980787045,0.14473660980324243,0.1447366098004889,0.1447366097992594,0.1447366098004889,0.1447366098018457,0.1447366098004889,0.1447366097992594,0.14357153085193805,0.14357153085362848,0.14357153085543783,0.14357153085362848,0.14357153085193805,0.14357153085362848,0.14357153085728327,0.1435715308632553,0.14357153085728327,0.14357153085362848,0.14357153085543783,0.1435715308632553,0.14357153088910343,0.1435715308632553,0.14357153085543783,0.14357153085362848,0.14357153085728327,0.1435715308632553,0.14357153085728327,0.14357153085362848,0.14357153085193805,0.14357153085362848,0.14357153085543783,0.14357153085362848,0.14357153085193805,0.1424293645258249,0.1424293645275779,0.14242936452940722,0.1424293645275779,0.1424293645258249,0.1424293645275779,0.14242936453125854,0.14242936453711844,0.14242936453125854,0.1424293645275779,0.14242936452940722,0.14242936453711844,0.14242936456203667,0.14242936453711844,0.14242936452940722,0.1424293645275779,0.14242936453125854,0.14242936453711844,0.14242936453125854,0.1424293645275779,0.1424293645258249,0.1424293645275779,0.14242936452940722,0.1424293645275779,0.1424293645258249,0.14130960279863702,0.141309602800195,0.14130960280174149,0.141309602800195,0.14130960279863702,0.141309602800195,0.14130960280328334,0.1413096028078752,0.14130960280328334,0.141309602800195,0.14130960280174149,0.1413096028078752,0.14130960282605412,0.1413096028078752,0.14130960280174149,0.141309602800195,0.14130960280328334,0.1413096028078752,0.14130960280328334,0.141309602800195,0.14130960279863702,0.141309602800195,0.14130960280174149,0.141309602800195,0.14130960279863702,0.14021174684427065,0.14021174684567259,0.1402117468469702,0.14021174684567259,0.14021174684427065,0.14021174684567259,0.1402117468482354,0.14021174685171298,0.1402117468482354,0.14021174684567259,0.1402117468469702,0.14021174685171298,0.14021174686478025,0.14021174685171298,0.1402117468469702,0.14021174684567259,0.1402117468482354,0.14021174685171298,0.1402117468482354,0.14021174684567259,0.14021174684427065,0.14021174684567259,0.1402117468469702,0.14021174684567259,0.14021174684427065,0.13913530716132197,0.1391353071629238,0.13913530716429132,0.1391353071629238,0.13913530716132197,0.1391353071629238,0.13913530716560601,0.13913530716843386,0.13913530716560601,0.1391353071629238,0.13913530716429132,0.13913530716843386,0.1391353071742051,0.13913530716843386,0.13913530716429132,0.1391353071629238,0.13913530716560601,0.13913530716843386,0.13913530716560601,0.1391353071629238,0.13913530716132197,0.1391353071629238,0.13913530716429132,0.1391353071629238,0.13913530716132197,0.13807980366564102,0.13807980366822661,0.13807980367073985,0.13807980366822661,0.13807980366564102,0.13807980366822661,0.13807980367325726,0.13807980367988854,0.13807980367325726,0.13807980366822661,0.13807980367073985,0.13807980367988854,0.1380798036979538,0.13807980367988854,0.13807980367073985,0.13807980366822661,0.13807980367325726,0.13807980367988854,0.13807980367325726,0.13807980366822661,0.13807980366564102,0.13807980366822661,0.13807980367073985,0.13807980366822661,0.13807980366564102,0.13704476575028185,0.13704476575408467,0.1370447657586223,0.13704476575408467,0.13704476575028185,0.13704476575408467,0.13704476576330923,0.1370447657815843,0.13704476576330923,0.13704476575408467,0.1370447657586223,0.1370447657815843,0.13704476588220849,0.1370447657815843,0.1370447657586223,0.13704476575408467,0.13704476576330923,0.1370447657815843,0.13704476576330923,0.13704476575408467,0.13704476575028185,0.13704476575408467,0.1370447657586223,0.13704476575408467,0.13704476575028185,0.1360297323183752,0.13602973232098364,0.1360297323235204,0.13602973232098364,0.136029732318375,0.13602973232098364,0.13602973232605772,0.13602973233279894,0.13602973232605772,0.13602973232098364,0.1360297323235204,0.13602973233279894,0.13602973235142252,0.13602973233279894,0.1360297323235204,0.13602973232098364,0.13602973232605772,0.13602973233279894,0.13602973232605772,0.13602973232098364,0.136029732318375,0.13602973232098364,0.1360297323235204,0.13602973232098364,0.136029732318375,0.1350342517942561,0.13503425179588008,0.1350342517972164,0.13503425179588008,0.1350342517942561,0.13503425179588008,0.13503425179848152,0.13503425180105094,0.13503425179848152,0.13503425179588008,0.1350342517972164,0.13503425180105094,0.13503425180570836,0.13503425180105094,0.1350342517972164,0.13503425179588008,0.13503425179848152,0.13503425180105094,0.13503425179848152,0.13503425179588008,0.1350342517942561,0.13503425179588008,0.1350342517972164,0.13503425179588008,0.1350342517942561
0.16533248789714225,0.16533248789714203,0.16533248789714178,0.16533248789714203,0.16533248789714225,0.16533248789714203,0.16533248789714156,0.16533248789714156,0.16533248789714156,0.16533248789714203,0.16533248789714178,0.16533248789714156,0.16533248789714133,0.16533248789714156,0.16533248789714178,0.16533248789714203,0.16533248789714156,0.16533248789714156,0.16533248789714156,0.16533248789714203,0.16533248789714225,0.16533248789714203,0.16533248789714178,0.16533248789714203,0.16533248789714225,0.16375749417612165,0.16375749417612118,0.16375749417612073,0.16375749417612118,0.16375749417612165,0.16375749417612118,0.16375749417612048,0.16375749417612004,0.16375749417612048,0.16375749417612118,0.16375749417612073,0.16375749417612004,0.16375749417611957,0.16375749417612004,0.16375749417612073,0.16375749417612118,0.16375749417612048,0.16375749417612004,0.16375749417612048,0.16375749417612118,0.16375749417612165,0.16375749417612118,0.16375749417612073,0.16375749417612118,0.16375749417612165,0.16221388438704049,0.16221388438703843,0.1622138843870373,0.16221388438703843,0.16221388438704049,0.16221388438703843,0.16221388438703638,0.16221388438703505,0.16221388438703638,0.16221388438703843,0.1622138843870373,0.16221388438703505,0.16221388438703369,0.16221388438703505,0.1622138843870373,0.16221388438703843,0.16221388438703638,0.16221388438703505,0.16221388438703638,0.16221388438703843,0.16221388438704049,0.16221388438703843,0.1622138843870373,0.16221388438703843,0.16221388438704049,0.1607010674869412,0.16070106748693525,0.16070106748693144,0.16070106748693525,0.1607010674869412,0.16070106748693525,0.16070106748692878,0.16070106748692456,0.16070106748692878,0.16070106748693525,0.16070106748693144,0.16070106748692456,0.16070106748691992,0.16070106748692456,0.16070106748693144,0.16070106748693525,0.16070106748692878,0.16070106748692456,0.16070106748692878,0.16070106748693525,0.1607010674869412,0.16070106748693525,0.16070106748693144,0.16070106748693525,0.1607010674869412,0.15921845185081057,0.15921845185079272,0.15921845185078118,0.15921845185079272,0.15921845185081057,0.15921845185079272,0.15921845185077224,0.15921845185075872,0.15921845185077224,0.15921845185079272,0.15921845185078118,0.15921845185075872,0.15921845185074351,0.15921845185075872,0.15921845185078118,0.15921845185079272,0.15921845185077224,0.15921845185075872,0.15921845185077224,0.15921845185079272,0.15921845185081057,0.15921845185079272,0.15921845185078118,0.15921845185079272,0.15921845185081057,0.15776544662343958,0.1577654466233875,0.15776544662335276,0.1577654466233875,0.15776544662343958,0.1577654466233875,0.1577654466233246,0.15776544662328104,0.1577654466233246,0.1577654466233875,0.15776544662335276,0.15776544662328104,0.15776544662323005,0.15776544662328104,0.15776544662335276,0.1577654466233875,0.1577654466233246,0.15776544662328104,0.1577654466233246,0.1577654466233875,0.15776544662343958,0.1577654466233875,0.15776544662335276,0.1577654466233875,0.15776544662343958,0.1563414629337787,0.15634146293363066,0.15634146293352755,0.15634146293363066,0.1563414629337787,0.15634146293363066,0.15634146293343973,0.15634146293329715,0.15634146293343973,0.15634146293363066,0.15634146293352755,0.15634146293329715,0.15634146293311627,0.15634146293329715,0.15634146293352755,0.15634146293363066,0.15634146293343973,0.15634146293329715,0.15634146293343973,0.15634146293363066,0.1563414629337787,0.15634146293363066,0.15634146293352755,0.15634146293363066,0.1563414629337787,0.15494591498207885,0.15494591498167823,0.154945914981379,0.15494591498167823,0.15494591498207885,0.15494591498167823,0.15494591498110974,0.1549459149806341,0.15494591498110974,0.15494591498167823,0.154945914981379,0.1549459149806341,0.1549459149799398,0.1549459149806341,0.154945914981379,0.15494591498167823,0.15494591498110974,0.1549459149806341,0.15494591498110974,0.15494591498167823,0.15494591498207885,0.15494591498167823,0.154945914981379,0.15494591498167823,0.15494591498207885,0.15357822100959673,0.1535782210085921,0.15357822100776122,0.1535782210085921,0.15357822100959673,0.1535782210085921,0.15357822100697352,0.15357822100535953,0.15357822100697352,0.1535782210085921,0.15357822100776122,0.15357822100535953,0.15357822100240273,0.15357822100535953,0.15357822100776122,0.1535782210085921,0.15357822100697352,0.15357822100535953,0.15357822100697352,0.1535782210085921,0.15357822100959673,0.1535782210085921,0.15357822100776122,0.1535782210085921,0.15357822100959673,0.15223780416010269,0.15223780415789948,0.15223780415579802,0.15223780415789948,0.15223780416010269,0.15223780415789948,0.1522378041537068,0.15223780414832577,0.1522378041537068,0.15223780415789948,0.15223780415579802,0.15223780414832577,0.1522378041340953,0.15223780414832577,0.15223780415579802,0.15223780415789948,0.1522378041537068,0.15223780414832577,0.1522378041537068,0.15223780415789948,0.15223780416010269,0.15223780415789948,0.15223780415579802,0.15223780415789948,0.15223780416010269,0.15092409324170453,0.1509240932379561,0.15092409323371242,0.1509240932379561,0.15092409324170453,0.1509240932379561,0.15092409322935185,0.1509240932137761,0.15092409322935185,0.1509240932379561,0.15092409323371242,0.1509240932137761,0.15092409313622998,0.1509240932137761,0.15092409323371242,0.1509240932379561,0.15092409322935185,0.1509240932137761,0.15092409322935185,0.1509240932379561,0.15092409324170453,0.1509240932379561,0.15092409323371242,0.1509240932379561,0.15092409324170453,0.14963652339593927,0.14963652339227954,0.1496365233882914,0.14963652339227954,0.14963652339593927,0.14963652339227954,0.14963652338420735,0.14963652337075728,0.14963652338420735,0.14963652339227954,0.1496365233882914,0.14963652337075728,0.149636523312223,0.14963652337075728,0.1496365233882914,0.14963652339227954,0.14963652338420735,0.14963652337075728,0.14963652338420735,0.14963652339227954,0.14963652339593927,0.14963652339227954,0.1496365233882914,0.14963652339227954,0.14963652339593927,0.14837453667911318,0.14837453667666017,0.14837453667412634,0.14837453667666017,0.14837453667911318,0.14837453667666017,0.1483745366715599,0.14837453666369949,0.1483745366715599,0.14837453667666017,0.14837453667412634,0.14837453666369949,0.14837453663207573,0.14837453666369949,0.14837453667412634,0.14837453667666017,0.1483745366715599,0.14837453666369949,0.1483745366715599,0.14837453667666017,0.14837453667911318,0.14837453667666017,0.14837453667412634,0.14837453667666017,0.14837453667911318,0.14713758257165885,0.14713758257071224,0.14713758256983558,0.14713758257071224,0.14713758257165885,0.14713758257071224,0.14713758256897344,0.14713758256672815,0.14713758256897344,0.14713758257071224,0.14713758256983558,0.14713758256672815,0.14713758255948167,0.14713758256672815,0.14713758256983558,0.14713758257071224,0.14713758256897344,0.14713758256672815,0.14713758256897344,0.14713758257071224,0.14713758257165885,0.14713758257071224,0.14713758256983558,0.14713758257071224,0.14713758257165885,0.1459251184176214,0.1459251184179704,0.14592511841844674,0.1459251184179704,0.1459251184176214,0.1459251184179704,0.14592511841895972,0.1459251184209925,0.14592511841895972,0.1459251184179704,0.14592511841844674,0.1459251184209925,0.14592511843138184,0.1459251184209925,0.14592511841844674,0.1459251184179704,0.14592511841895972,0.1459251184209925,0.14592511841895972,0.1459251184179704,0.1459251184176214,0.1459251184179704,0.14592511841844674,0.1459251184179704,0.1459251184176214,0.1447366097991578,0.1447366098003868,0.14473660980174324,0.1447366098003868,0.1447366097991578,0.1447366098003868,0.14473660980313946,0.1447366098077659,0.14473660980313946,0.1447366098003868,0.14473660980174324,0.1447366098077659,0.14473660982804878,0.1447366098077659,0.14473660980174324,0.1447366098003868,0.14473660980313946,0.1447366098077659,0.14473660980313946,0.1447366098003868,0.1447366097991578,0.1447366098003868,0.14473660980174324,0.1447366098003868,0.1447366097991578,0.14357153085173358,0.1435715308534192,0.1435715308552236,0.1435715308534192,0.14357153085173358,0.1435715308534192,0.1435715308570641,0.1435715308630212,0.1435715308570641,0.1435715308534192,0.1435715308552236,0.1435715308630212,0.14357153088879712,0.1435715308630212,0.1435715308552236,0.1435715308534192,0.1435715308570641,0.1435715308630212,0.1435715308570641,0.1435715308534192,0.14357153085173358,0.1435715308534192,0.1435715308552236,0.1435715308534192,0.14357153085173358,0.1424293645255261,0.14242936452727023,0.14242936452909,0.14242936452727023,0.1424293645255261,0.14242936452727023,0.14242936453093122,0.14242936453675661,0.14242936453093122,0.14242936452727023,0.14242936452909,0.14242936453675661,0.14242936456149147,0.14242936453675661,0.14242936452909,0.14242936452727023,0.14242936453093122,0.14242936453675661,0.14242936453093122,0.14242936452727023,0.1424293645255261,0.14242936452727023,0.14242936452909,0.14242936452727023,0.1424293645255261,0.14130960279826055,0.14130960279980914,0.14130960280134544,0.14130960279980914,0.14130960279826055,0.14130960279980914,0.14130960280287694,0.14130960280743313,0.14130960280287694,0.14130960279980914,0.14130960280134544,0.14130960280743313,0.14130960282542174,0.14130960280743313,0.14130960280134544,0.14130960279980914,0.14130960280287694,0.14130960280743313,0.14130960280287694,0.14130960279980914,0.14130960279826055,0.14130960279980914,0.14130960280134544,0.14130960279980914,0.14130960279826055,0.14021174684383414,0.14021174684522947,0.14021174684652077,0.14021174684522947,0.14021174684383414,0.14021174684522947,0.14021174684777968,0.1402117468512405,0.14021174684777968,0.14021174684522947,0.14021174684652077,0.1402117468512405,0.14021174686427698,0.1402117468512405,0.14021174684652077,0.14021174684522947,0.14021174684777968,0.1402117468512405,0.14021174684777968,0.14021174684522947,0.14021174684383414,0.14021174684522947,0.14021174684652077,0.14021174684522947,0.14021174684383414,0.13913530716083847,0.13913530716243525,0.13913530716379832,0.13913530716243525,0.13913530716083847,0.13913530716243525,0.13913530716510858,0.13913530716792774,0.13913530716510858,0.13913530716243525,0.13913530716379832,0.13913530716792774,0.1391353071736811,0.13913530716792774,0.13913530716379832,0.13913530716243525,0.13913530716510858,0.13913530716792774,0.13913530716510858,0.13913530716243525,0.13913530716083847,0.13913530716243525,0.13913530716379832,0.13913530716243525,0.13913530716083847,0.13807980366512024,0.13807980366769962,0.1380798036702068,0.13807980366769962,0.13807980366512024,0.13807980366769962,0.13807980367271833,0.13807980367933442,0.13807980367271833,0.13807980366769962,0.1380798036702068,0.13807980367933442,0.13807980369735923,0.13807980367933442,0.1380798036702068,0.13807980366769962,0.13807980367271833,0.13807980367933442,0.13807980367271833,0.13807980366769962,0.13807980366512024,0.13807980366769962,0.1380798036702068,0.13807980366769962,0.13807980366512024,0.13704476574973606,0.13704476575353047,0.1370447657580581,0.13704476575353047,0.13704476574973606,0.13704476575353047,0.13704476576273472,0.13704476578096977,0.13704476576273472,0.13704476575353047,0.1370447657580581,0.13704476578096977,0.13704476588137715,0.13704476578096977,0.1370447657580581,0.13704476575353047,0.13704476576273472,0.13704476578096977,0.13704476576273472,0.13704476575353047,0.13704476574973606,0.13704476575353047,0.1370447657580581,0.13704476575353047,0.13704476574973606,0.13602973231782137,0.1360297323204242,0.13602973232295526,0.1360297323204242,0.13602973231782137,0.1360297323204242,0.1360297323254871,0.13602973233221358,0.1360297323254871,0.1360297323204242,0.13602973232295526,0.13602973233221358,0.1360297323507967,0.13602973233221358,0.13602973232295526,0.1360297323204242,0.1360297323254871,0.13602973233221358,0.1360297323254871,0.1360297323204242,0.13602973231782137,0.1360297323204242,0.13602973232295526,0.1360297323204242,0.13602973231782137,0.1350342517937058,0.13503425179532624,0.1350342517966595,0.13503425179532624,0.1350342517937058,0.13503425179532624,0.13503425179792203,0.1350342518004859,0.13503425179792203,0.13503425179532624,0.1350342517966595,0.1350342518004859,0.13503425180513304,0.1350342518004859,0.1350342517966595,0.13503425179532624,0.13503425179792203,0.1350342518004859,0.13503425179792203,0.13503425179532624,0.1350342517937058,0.13503425179532624,0.1350342517966595,0.13503425179532624,0.1350342517937058
0.1653324878975064,0.16533248789750618,0.16533248789750596,0.16533248789750618,0.1653324878975064,0.16533248789750618,0.1653324878975057,0.1653324878975057,0.1653324878975057,0.16533248789750618,0.16533248789750596,0.1653324878975057,0.16533248789750543,0.1653324878975057,0.16533248789750596,0.16533248789750618,0.1653324878975057,0.1653324878975057,0.1653324878975057,0.16533248789750618,0.1653324878975064,0.16533248789750618,0.16533248789750596,0.16533248789750618,0.1653324878975064,0.16375749417647853,0.16375749417647784,0.16375749417647759,0.16375749417647784,0.16375749417647853,0.16375749417647784,0.16375749417647714,0.16375749417647692,0.16375749417647714,0.16375749417647784,0.16375749417647759,0.16375749417647692,0.16375749417647645,0.16375749417647692,0.16375749417647759,0.16375749417647784,0.16375749417647714,0.16375749417647692,0.16375749417647714,0.16375749417647784,0.16375749417647853,0.16375749417647784,0.16375749417647759,0.16375749417647784,0.16375749417647853,0.16221388438739,0.1622138843873882,0.16221388438738682,0.1622138843873882,0.16221388438739,0.1622138843873882,0.1622138843873859,0.16221388438738454,0.1622138843873859,0.1622138843873882,0.16221388438738682,0.16221388438738454,0.1622138843873832,0.16221388438738454,0.16221388438738682,0.1622138843873882,0.1622138843873859,0.16221388438738454,0.1622138843873859,0.1622138843873882,0.16221388438739,0.1622138843873882,0.16221388438738682,0.1622138843873882,0.16221388438739,0.1607010674872838,0.1607010674872778,0.16070106748727403,0.1607010674872778,0.1607010674872838,0.1607010674872778,0.16070106748727134,0.16070106748726712,0.16070106748727134,0.1607010674872778,0.16070106748727403,0.16070106748726712,0.16070106748726246,0.16070106748726712,0.16070106748727403,0.1607010674872778,0.16070106748727134,0.16070106748726712,0.16070106748727134,0.1607010674872778,0.1607010674872838,0.1607010674872778,0.16070106748727403,0.1607010674872778,0.1607010674872838,0.15921845185114608,0.15921845185112843,0.1592184518511169,0.15921845185112843,0.15921845185114608,0.15921845185112843,0.15921845185110797,0.15921845185109423,0.15921845185110797,0.15921845185112843,0.1592184518511169,0.15921845185109423,0.15921845185107925,0.15921845185109423,0.1592184518511169,0.15921845185112843,0.15921845185110797,0.15921845185109423,0.15921845185110797,0.15921845185112843,0.15921845185114608,0.15921845185112843,0.1592184518511169,0.15921845185112843,0.15921845185114608,0.15776544662376815,0.15776544662371633,0.15776544662368155,0.15776544662371633,0.15776544662376815,0.15776544662371633,0.15776544662365338,0.15776544662360986,0.15776544662365338,0.15776544662371633,0.15776544662368155,0.15776544662360986,0.15776544662355907,0.15776544662360986,0.15776544662368155,0.15776544662371633,0.15776544662365338,0.15776544662360986,0.15776544662365338,0.15776544662371633,0.15776544662376815,0.15776544662371633,0.15776544662368155,0.15776544662371633,0.15776544662376815,0.1563414629341003,0.15634146293395268,0.1563414629338498,0.15634146293395268,0.1563414629341003,0.15634146293395268,0.15634146293376197,0.15634146293361978,0.15634146293376197,0.15634146293395268,0.1563414629338498,0.15634146293361978,0.1563414629334391,0.15634146293361978,0.1563414629338498,0.15634146293395268,0.15634146293376197,0.15634146293361978,0.15634146293376197,0.15634146293395268,0.1563414629341003,0.15634146293395268,0.1563414629338498,0.15634146293395268,0.1563414629341003,0.15494591498239302,0.154945914981993,0.15494591498169438,0.154945914981993,0.15494591498239302,0.154945914981993,0.15494591498142551,0.15494591498095092,0.15494591498142551,0.154945914981993,0.15494591498169438,0.15494591498095092,0.15494591498025803,0.15494591498095092,0.15494591498169438,0.154945914981993,0.15494591498142551,0.15494591498095092,0.15494591498142551,0.154945914981993,0.15494591498239302,0.154945914981993,0.15494591498169438,0.154945914981993,0.15494591498239302,0.1535782210099016,0.153578221008899,0.1535782210080699,0.153578221008899,0.1535782210099016,0.153578221008899,0.15357822100728363,0.15357822100567284,0.15357822100728363,0.153578221008899,0.1535782210080699,0.15357822100567284,0.15357822100272167,0.15357822100567284,0.1535782210080699,0.153578221008899,0.15357822100728363,0.15357822100567284,0.15357822100728363,0.153578221008899,0.1535782210099016,0.153578221008899,0.1535782210080699,0.153578221008899,0.1535782210099016,0.1522378041603942,0.15223780415819552,0.1522378041560984,0.15223780415819552,0.1522378041603942,0.15223780415819552,0.15223780415401128,0.15223780414864094,0.15223780415401128,0.15223780415819552,0.1522378041560984,0.15223780414864094,0.1522378041344376,0.15223780414864094,0.1522378041560984,0.15223780415819552,0.15223780415401128,0.15223780414864094,0.15223780415401128,0.15223780415819552,0.1522378041603942,0.15223780415819552,0.1522378041560984,0.15223780415819552,0.1522378041603942,0.15092409324197348,0.1509240932382331,0.15092409323399816,0.1509240932382331,0.15092409324197348,0.1509240932382331,0.15092409322964664,0.15092409321410155,0.15092409322964664,0.1509240932382331,0.15092409323399816,0.15092409321410155,0.15092409313670302,0.15092409321410155,0.15092409323399816,0.1509240932382331,0.15092409322964664,0.15092409321410155,0.15092409322964664,0.1509240932382331,0.15092409324197348,0.1509240932382331,0.15092409323399816,0.1509240932382331,0.15092409324197348,0.14963652339616862,0.14963652339251818,0.14963652338853967,0.14963652339251818,0.14963652339616862,0.14963652339251818,0.14963652338446548,0.14963652337104638,0.14963652338446548,0.14963652339251818,0.14963652338853967,0.14963652337104638,0.14963652331264898,0.14963652337104638,0.14963652338853967,0.14963652339251818,0.14963652338446548,0.14963652337104638,0.14963652338446548,0.14963652339251818,0.14963652339616862,0.14963652339251818,0.14963652338853967,0.14963652339251818,0.14963652339616862,0.1483745366792839,0.1483745366768394,0.14837453667431444,0.1483745366768394,0.1483745366792839,0.1483745366768394,0.1483745366717571,0.1483745366639245,0.1483745366717571,0.1483745366768394,0.14837453667431444,0.1483745366639245,0.14837453663243602,0.1483745366639245,0.14837453667431444,0.1483745366768394,0.1483745366717571,0.1483745366639245,0.1483745366717571,0.1483745366768394,0.1483745366792839,0.1483745366768394,0.14837453667431444,0.1483745366768394,0.1483745366792839,0.14713758257175222,0.14713758257081272,0.14713758256994314,0.14713758257081272,0.14713758257175222,0.14713758257081272,0.1471375825690886,0.1471375825668673,0.1471375825690886,0.14713758257081272,0.14713758256994314,0.1471375825668673,0.14713758255973416,0.1471375825668673,0.14713758256994314,0.14713758257081272,0.1471375825690886,0.1471375825668673,0.1471375825690886,0.14713758257081272,0.14713758257175222,0.14713758257081272,0.14713758256994314,0.14713758257081272,0.14713758257175222,0.14592511841762226,0.14592511841797484,0.14592511841845526,0.14592511841797484,0.14592511841762226,0.14592511841797484,0.14592511841897238,0.14592511842101832,0.14592511841897238,0.14592511841797484,0.14592511841845526,0.14592511842101832,0.14592511843146785,0.14592511842101832,0.14592511841845526,0.14592511841797484,0.14592511841897238,0.14592511842101832,0.14592511841897238,0.14592511841797484,0.14592511841762226,0.14592511841797484,0.14592511841845526,0.14592511841797484,0.14592511841762226,0.14473660979905725,0.1447366098002859,0.14473660980164163,0.1447366098002859,0.14473660979905725,0.1447366098002859,0.1447366098030375,0.1447366098076624,0.1447366098030375,0.1447366098002859,0.14473660980164163,0.1447366098076624,0.14473660982795433,0.1447366098076624,0.14473660980164163,0.1447366098002859,0.1447366098030375,0.1447366098076624,0.1447366098030375,0.1447366098002859,0.14473660979905725,0.1447366098002859,0.14473660980164163,0.1447366098002859,0.14473660979905725,0.14357153085153115,0.14357153085321214,0.1435715308550116,0.14357153085321214,0.14357153085153115,0.14357153085321214,0.1435715308568471,0.14357153086278987,0.1435715308568471,0.14357153085321214,0.1435715308550116,0.14357153086278987,0.1435715308885131,0.14357153086278987,0.1435715308550116,0.14357153085321214,0.1435715308568471,0.14357153086278987,0.1435715308568471,0.14357153085321214,0.14357153085153115,0.14357153085321214,0.1435715308550116,0.14357153085321214,0.14357153085153115,0.14242936452523022,0.14242936452696575,0.1424293645287758,0.14242936452696575,0.14242936452523022,0.14242936452696575,0.14242936453060714,0.1424293645363983,0.14242936453060714,0.14242936452696575,0.1424293645287758,0.1424293645363983,0.14242936456098504,0.1424293645363983,0.1424293645287758,0.14242936452696575,0.14242936453060714,0.1424293645363983,0.14242936453060714,0.14242936452696575,0.14242936452523022,0.14242936452696575,0.1424293645287758,0.14242936452696575,0.14242936452523022,0.1413096027978877,0.14130960279942725,0.14130960280095334,0.14130960279942725,0.1413096027978877,0.14130960279942725,0.14130960280247448,0.14130960280699534,0.14130960280247448,0.14130960279942725,0.14130960280095334,0.14130960280699534,0.14130960282481997,0.14130960280699534,0.14130960280095334,0.14130960279942725,0.14130960280247448,0.14130960280699534,0.14130960280247448,0.14130960279942725,0.1413096027978877,0.14130960279942725,0.14130960280095334,0.14130960279942725,0.1413096027978877,0.14021174684340199,0.1402117468447907,0.1402117468460757,0.1402117468447907,0.14021174684340199,0.1402117468447907,0.14021174684732832,0.14021174685077237,0.14021174684732832,0.1402117468447907,0.1402117468460757,0.14021174685077237,0.14021174686373952,0.14021174685077237,0.1402117468460757,0.1402117468447907,0.14021174684732832,0.14021174685077237,0.14021174684732832,0.1402117468447907,0.14021174684340199,0.1402117468447907,0.1402117468460757,0.1402117468447907,0.14021174684340199,0.13913530716035968,0.13913530716195124,0.13913530716331007,0.13913530716195124,0.13913530716035968,0.13913530716195124,0.13913530716461622,0.13913530716742634,0.13913530716461622,0.13913530716195124,0.13913530716331007,0.13913530716742634,0.13913530717316216,0.13913530716742634,0.13913530716331007,0.13913530716195124,0.13913530716461622,0.13913530716742634,0.13913530716461622,0.13913530716195124,0.13913530716035968,0.13913530716195124,0.13913530716331007,0.13913530716195124,0.13913530716035968,0.13807980366460454,0.13807980366717762,0.13807980366967906,0.13807980366717762,0.13807980366460454,0.13807980366717762,0.13807980367218467,0.13807980367878556,0.13807980367218467,0.13807980366717762,0.13807980366967906,0.13807980367878556,0.1380798036967705,0.13807980367878556,0.13807980366967906,0.13807980366717762,0.13807980367218467,0.13807980367878556,0.13807980367218467,0.13807980366717762,0.13807980366460454,0.13807980366717762,0.13807980366967906,0.13807980366717762,0.13807980366460454,0.1370447657491957,0.13704476575298163,0.1370447657574992,0.13704476575298163,0.1370447657491957,0.13704476575298163,0.13704476576216576,0.13704476578036115,0.13704476576216576,0.13704476575298163,0.1370447657574992,0.13704476578036115,0.1370447658805479,0.13704476578036115,0.1370447657574992,0.13704476575298163,0.13704476576216576,0.13704476578036115,0.13704476576216576,0.13704476575298163,0.1370447657491957,0.13704476575298163,0.1370447657574992,0.13704476575298163,0.1370447657491957,0.13602973231727297,0.13602973231987012,0.13602973232239582,0.13602973231987012,0.13602973231727297,0.13602973231987012,0.136029732324922,0.13602973233163387,0.136029732324922,0.13602973231987012,0.13602973232239582,0.13602973233163387,0.13602973235017687,0.13602973233163387,0.13602973232239582,0.13602973231987012,0.136029732324922,0.13602973233163387,0.136029732324922,0.13602973231987012,0.13602973231727297,0.13602973231987012,0.13602973232239582,0.13602973231987012,0.13602973231727297,0.13503425179316075,0.1350342517947777,0.1350342517961082,0.1350342517947777,0.13503425179316075,0.1350342517947777,0.13503425179736792,0.13503425179992606,0.13503425179736792,0.1350342517947777,0.1350342517961082,0.13503425179992606,0.1350342518045633,0.13503425179992606,0.1350342517961082,0.1350342517947777,0.13503425179736792,0.13503425179992606,0.13503425179736792,0.1350342517947777,0.13503425179316075,0.1350342517947777,0.1350342517961082,0.1350342517947777,0.13503425179316075
0.16533248789786698,0.16533248789786673,0.16533248789786653,0.16533248789786673,0.16533248789786698,0.16533248789786673,0.16533248789786628,0.16533248789786628,0.16533248789786628,0.16533248789786673,0.16533248789786653,0.16533248789786628,0.16533248789786606,0.16533248789786628,0.16533248789786653,0.16533248789786673,0.16533248789786628,0.16533248789786628,0.16533248789786628,0.16533248789786673,0.16533248789786698,0.16533248789786673,0.16533248789786653,0.16533248789786673,0.16533248789786698,0.16375749417683194,0.16375749417683122,0.163757494176831,0.16375749417683122,0.16375749417683194,0.16375749417683122,0.16375749417683055,0.16375749417683033,0.16375749417683055,0.16375749417683122,0.163757494176831,0.16375749417683033,0.1637574941768299,0.16375749417683033,0.163757494176831,0.16375749417683122,0.16375749417683055,0.16375749417683033,0.16375749417683055,0.16375749417683122,0.16375749417683194,0.16375749417683122,0.163757494176831,0.16375749417683122,0.16375749417683194,0.16221388438773637,0.16221388438773435,0.1622138843877332,0.16221388438773435,0.16221388438773637,0.16221388438773435,0.1622138843877323,0.16221388438773096,0.1622138843877323,0.16221388438773435,0.1622138843877332,0.16221388438773096,0.16221388438772957,0.16221388438773096,0.1622138843877332,0.16221388438773435,0.1622138843877323,0.16221388438773096,0.1622138843877323,0.16221388438773435,0.16221388438773637,0.16221388438773435,0.1622138843877332,0.16221388438773435,0.16221388438773637,0.16070106748762322,0.16070106748761726,0.16070106748761345,0.16070106748761726,0.16070106748762322,0.16070106748761726,0.1607010674876106,0.16070106748760635,0.1607010674876106,0.16070106748761726,0.16070106748761345,0.16070106748760635,0.1607010674876019,0.16070106748760635,0.16070106748761345,0.16070106748761726,0.1607010674876106,0.16070106748760635,0.1607010674876106,0.16070106748761726,0.16070106748762322,0.16070106748761726,0.16070106748761345,0.16070106748761726,0.16070106748762322,0.1592184518514785,0.15921845185146066,0.15921845185144934,0.15921845185146066,0.1592184518514785,0.15921845185146066,0.15921845185144043,0.1592184518514269,0.15921845185144043,0.15921845185146066,0.15921845185144934,0.1592184518514269,0.1592184518514119,0.1592184518514269,0.15921845185144934,0.15921845185146066,0.15921845185144043,0.1592184518514269,0.15921845185144043,0.15921845185146066,0.1592184518514785,0.15921845185146066,0.15921845185144934,0.15921845185146066,0.1592184518514785,0.15776544662409378,0.15776544662404193,0.15776544662400716,0.15776544662404193,0.15776544662409378,0.15776544662404193,0.1577654466239792,0.15776544662393566,0.1577654466239792,0.15776544662404193,0.15776544662400716,0.15776544662393566,0.1577654466238851,0.15776544662393566,0.15776544662400716,0.15776544662404193,0.1577654466239792,0.15776544662393566,0.1577654466239792,0.15776544662404193,0.15776544662409378,0.15776544662404193,0.15776544662400716,0.15776544662404193,0.15776544662409378,0.15634146293441878,0.15634146293427134,0.1563414629341687,0.15634146293427134,0.15634146293441878,0.15634146293427134,0.15634146293408108,0.15634146293393905,0.15634146293408108,0.15634146293427134,0.1563414629341687,0.15634146293393905,0.15634146293375903,0.15634146293393905,0.1563414629341687,0.15634146293427134,0.15634146293408108,0.15634146293393905,0.15634146293408108,0.15634146293427134,0.15634146293441878,0.15634146293427134,0.1563414629341687,0.15634146293427134,0.15634146293441878,0.1549459149827041,0.1549459149823049,0.15494591498200672,0.1549459149823049,0.1549459149827041,0.1549459149823049,0.15494591498173846,0.15494591498126487,0.15494591498173846,0.1549459149823049,0.15494591498200672,0.15494591498126487,0.15494591498057322,0.15494591498126487,0.15494591498200672,0.1549459149823049,0.15494591498173846,0.15494591498126487,0.15494591498173846,0.1549459149823049,0.1549459149827041,0.1549459149823049,0.15494591498200672,0.1549459149823049,0.1549459149827041,0.15357822101020346,0.15357822100920307,0.1535782210083756,0.15357822100920307,0.15357822101020346,0.15357822100920307,0.15357822100759072,0.15357822100598315,0.15357822100759072,0.15357822100920307,0.1535782210083756,0.15357822100598315,0.15357822100303758,0.15357822100598315,0.1535782210083756,0.15357822100920307,0.15357822100759072,0.15357822100598315,0.15357822100759072,0.15357822100920307,0.15357822101020346,0.15357822100920307,0.1535782210083756,0.15357822100920307,0.15357822101020346,0.1522378041606832,0.1522378041584888,0.15223780415639582,0.1522378041584888,0.1522378041606832,0.1522378041584888,0.15223780415431307,0.15223780414895313,0.15223780415431307,0.1522378041584888,0.15223780415639582,0.15223780414895313,0.15223780413477694,0.15223780414895313,0.15223780415639582,0.1522378041584888,0.15223780415431307,0.15223780414895313,0.15223780415431307,0.1522378041584888,0.1522378041606832,0.1522378041584888,0.15223780415639582,0.1522378041584888,0.1522378041606832,0.1509240932422399,0.15092409323850745,0.15092409323428135,0.15092409323850745,0.1509240932422399,0.15092409323850745,0.15092409322993855,0.1509240932144239,0.15092409322993855,0.15092409323850745,0.15092409323428135,0.1509240932144239,0.1509240931371726,0.1509240932144239,0.15092409323428135,0.15092409323850745,0.15092409322993855,0.1509240932144239,0.15092409322993855,0.15092409323850745,0.1509240932422399,0.15092409323850745,0.15092409323428135,0.15092409323850745,0.1509240932422399,0.1496365233963961,0.14963652339275452,0.14963652338878566,0.14963652339275452,0.1496365233963961,0.14963652339275452,0.1496365233847211,0.14963652337133265,0.1496365233847211,0.14963652339275452,0.14963652338878566,0.14963652337133265,0.14963652331306476,0.14963652337133265,0.14963652338878566,0.14963652339275452,0.1496365233847211,0.14963652337133265,0.1496365233847211,0.14963652339275452,0.1496365233963961,0.14963652339275452,0.14963652338878566,0.14963652339275452,0.1496365233963961,0.1483745366794529,0.14837453667701694,0.14837453667450073,0.14837453667701694,0.1483745366794529,0.14837453667701694,0.14837453667195244,0.14837453666414727,0.14837453667195244,0.14837453667701694,0.14837453667450073,0.14837453666414727,0.14837453663276515,0.14837453666414727,0.14837453667450073,0.14837453667701694,0.14837453667195244,0.14837453666414727,0.14837453667195244,0.14837453667701694,0.1483745366794529,0.14837453667701694,0.14837453667450073,0.14837453667701694,0.1483745366794529,0.1471375825718449,0.14713758257091206,0.14713758257004975,0.14713758257091206,0.1471375825718449,0.14713758257091206,0.1471375825692025,0.14713758256700482,0.1471375825692025,0.14713758257091206,0.14713758257004975,0.14713758256700482,0.14713758255995907,0.14713758256700482,0.14713758257004975,0.14713758257091206,0.1471375825692025,0.14713758256700482,0.1471375825692025,0.14713758257091206,0.1471375825718449,0.14713758257091206,0.14713758257004975,0.14713758257091206,0.1471375825718449,0.14592511841762335,0.14592511841797964,0.145925118418464,0.14592511841797964,0.14592511841762335,0.14592511841797964,0.145925118418985,0.14592511842104397,0.145925118418985,0.14592511841797964,0.145925118418464,0.14592511842104397,0.14592511843155936,0.14592511842104397,0.145925118418464,0.14592511841797964,0.145925118418985,0.14592511842104397,0.145925118418985,0.14592511841797964,0.14592511841762335,0.14592511841797964,0.145925118418464,0.14592511841797964,0.14592511841762335,0.14473660979895794,0.1447366098001859,0.14473660980154146,0.1447366098001859,0.14473660979895794,0.1447366098001859,0.14473660980293682,0.14473660980756028,0.14473660980293682,0.1447366098001859,0.14473660980154146,0.14473660980756028,0.14473660982782532,0.14473660980756028,0.14473660980154146,0.1447366098001859,0.14473660980293682,0.14473660980756028,0.14473660980293682,0.1447366098001859,0.14473660979895794,0.1447366098001859,0.14473660980154146,0.1447366098001859,0.14473660979895794,0.14357153085133095,0.14357153085300717,0.1435715308548018,0.14357153085300717,0.14357153085133095,0.14357153085300717,0.14357153085663235,0.14357153086256091,0.14357153085663235,0.14357153085300717,0.1435715308548018,0.14357153086256091,0.14357153088823693,0.14357153086256091,0.1435715308548018,0.14357153085300717,0.14357153085663235,0.14357153086256091,0.14357153085663235,0.14357153085300717,0.14357153085133095,0.14357153085300717,0.1435715308548018,0.14357153085300717,0.14357153085133095,0.14242936452493732,0.14242936452666446,0.14242936452846497,0.14242936452666446,0.14242936452493732,0.14242936452666446,0.1424293645302864,0.14242936453604366,0.1424293645302864,0.14242936452666446,0.14242936452846497,0.14242936453604366,0.14242936456046817,0.14242936453604366,0.14242936452846497,0.14242936452666446,0.1424293645302864,0.14242936453604366,0.1424293645302864,0.14242936452666446,0.14242936452493732,0.14242936452666446,0.14242936452846497,0.14242936452666446,0.14242936452493732,0.14130960279751847,0.141309602799049,0.14130960280056504,0.141309602799049,0.14130960279751847,0.141309602799049,0.14130960280207616,0.14130960280656196,0.14130960280207616,0.141309602799049,0.14130960280056504,0.14130960280656196,0.1413096028242384,0.14130960280656196,0.14130960280056504,0.141309602799049,0.14130960280207616,0.14130960280656196,0.14130960280207616,0.141309602799049,0.14130960279751847,0.141309602799049,0.14130960280056504,0.141309602799049,0.14130960279751847,0.14021174684297416,0.14021174684435628,0.140211746845635,0.14021174684435628,0.14021174684297416,0.14021174684435628,0.1402117468468815,0.14021174685030907,0.1402117468468815,0.14021174684435628,0.140211746845635,0.14021174685030907,0.14021174686322044,0.14021174685030907,0.140211746845635,0.14021174684435628,0.1402117468468815,0.14021174685030907,0.1402117468468815,0.14021174684435628,0.14021174684297416,0.14021174684435628,0.140211746845635,0.14021174684435628,0.14021174684297416,0.1391353071598857,0.13913530716147218,0.13913530716282654,0.13913530716147218,0.1391353071598857,0.13913530716147218,0.1391353071641286,0.13913530716693004,0.1391353071641286,0.13913530716147218,0.13913530716282654,0.13913530716693004,0.13913530717264846,0.13913530716693004,0.13913530716282654,0.13913530716147218,0.1391353071641286,0.13913530716693004,0.1391353071641286,0.13913530716147218,0.1391353071598857,0.13913530716147218,0.13913530716282654,0.13913530716147218,0.1391353071598857,0.138079803664094,0.13807980366666087,0.13807980366915643,0.13807980366666087,0.138079803664094,0.13807980366666087,0.13807980367165615,0.1380798036782423,0.13807980367165615,0.13807980366666087,0.13807980366915643,0.1380798036782423,0.13807980369618744,0.1380798036782423,0.13807980366915643,0.13807980366666087,0.13807980367165615,0.1380798036782423,0.13807980367165615,0.13807980366666087,0.138079803664094,0.13807980366666087,0.13807980366915643,0.13807980366666087,0.138079803664094,0.1370447657486605,0.1370447657524381,0.1370447657569459,0.1370447657524381,0.1370447657486605,0.1370447657524381,0.1370447657616023,0.1370447657797586,0.1370447657616023,0.1370447657524381,0.1370447657569459,0.1370447657797586,0.1370447658797357,0.1370447657797586,0.1370447657569459,0.1370447657524381,0.1370447657616023,0.1370447657797586,0.1370447657616023,0.1370447657524381,0.1370447657486605,0.1370447657524381,0.1370447657569459,0.1370447657524381,0.1370447657486605,0.13602973231673007,0.13602973231932156,0.13602973232184176,0.13602973231932156,0.13602973231673007,0.13602973231932156,0.13602973232436238,0.13602973233105994,0.13602973232436238,0.13602973231932156,0.13602973232184176,0.13602973233105994,0.13602973234956314,0.13602973233105994,0.13602973232184176,0.13602973231932156,0.13602973232436238,0.13602973233105994,0.13602973232436238,0.13602973231932156,0.13602973231673007,0.13602973231932156,0.13602973232184176,0.13602973231932156,0.13602973231673007,0.13503425179262113,0.13503425179423462,0.13503425179556228,0.13503425179423476,0.1350342517926213,0.13503425179423462,0.13503425179681922,0.13503425179937195,0.13503425179681922,0.13503425179423476,0.13503425179556228,0.13503425179937195,0.13503425180399925,0.13503425179937195,0.13503425179556228,0.13503425179423476,0.13503425179681922,0.13503425179937195,0.13503425179681922,0.13503425179423476,0.1350342517926213,0.13503425179423476,0.13503425179556228,0.13503425179423476,0.1350342517926213
0.1653324878982238,0.16533248789822355,0.16533248789822336,0.16533248789822355,0.1653324878982238,0.16533248789822355,0.16533248789822336,0.1653324878982231,0.16533248789822336,0.16533248789822355,0.16533248789822336,0.1653324878982231,0.16533248789822286,0.1653324878982231,0.16533248789822336,0.16533248789822355,0.16533248789822336,0.1653324878982231,0.16533248789822336,0.16533248789822355,0.1653324878982238,0.16533248789822355,0.16533248789822336,0.16533248789822355,0.1653324878982238,0.16375749417718188,0.1637574941771812,0.16375749417718072,0.1637574941771812,0.16375749417718188,0.1637574941771812,0.1637574941771805,0.16375749417718002,0.1637574941771805,0.1637574941771812,0.16375749417718072,0.16375749417718002,0.16375749417717955,0.16375749417718002,0.16375749417718072,0.1637574941771812,0.1637574941771805,0.16375749417718002,0.1637574941771805,0.1637574941771812,0.16375749417718188,0.1637574941771812,0.16375749417718072,0.1637574941771812,0.16375749417718188,0.1622138843880791,0.16221388438807707,0.16221388438807594,0.1622138843880773,0.1622138843880791,0.16221388438807707,0.16221388438807502,0.16221388438807366,0.16221388438807502,0.16221388438807707,0.16221388438807594,0.16221388438807366,0.16221388438807227,0.16221388438807366,0.16221388438807594,0.1622138843880773,0.16221388438807502,0.16221388438807366,0.16221388438807502,0.1622138843880773,0.1622138843880791,0.16221388438807707,0.16221388438807594,0.1622138843880773,0.1622138843880791,0.16070106748795893,0.16070106748795313,0.16070106748794935,0.16070106748795313,0.16070106748795893,0.16070106748795313,0.1607010674879465,0.16070106748794227,0.1607010674879465,0.16070106748795313,0.16070106748794935,0.16070106748794227,0.1607010674879378,0.16070106748794227,0.16070106748794935,0.16070106748795313,0.1607010674879465,0.16070106748794227,0.1607010674879465,0.16070106748795313,0.16070106748795893,0.16070106748795313,0.16070106748794935,0.16070106748795313,0.16070106748795893,0.1592184518518075,0.15921845185178987,0.15921845185177833,0.15921845185178987,0.1592184518518075,0.15921845185178987,0.1592184518517696,0.1592184518517559,0.1592184518517696,0.15921845185178987,0.15921845185177833,0.1592184518517559,0.15921845185174086,0.1592184518517559,0.15921845185177833,0.15921845185178987,0.1592184518517696,0.1592184518517559,0.1592184518517696,0.15921845185178987,0.1592184518518075,0.15921845185178987,0.15921845185177833,0.15921845185178987,0.1592184518518075,0.15776544662441597,0.1577654466243641,0.15776544662432979,0.1577654466243641,0.15776544662441597,0.1577654466243641,0.1577654466243016,0.15776544662425826,0.1577654466243016,0.1577654466243641,0.15776544662432979,0.15776544662425826,0.15776544662420772,0.15776544662425826,0.15776544662432979,0.1577654466243641,0.1577654466243016,0.15776544662425826,0.1577654466243016,0.1577654466243641,0.15776544662441597,0.1577654466243641,0.15776544662432979,0.1577654466243641,0.15776544662441597,0.1563414629347341,0.1563414629345871,0.15634146293448464,0.1563414629345871,0.1563414629347341,0.1563414629345871,0.15634146293439702,0.15634146293425547,0.15634146293439702,0.1563414629345871,0.15634146293448464,0.15634146293425547,0.1563414629340756,0.15634146293425547,0.15634146293448464,0.1563414629345871,0.15634146293439702,0.15634146293425547,0.15634146293439702,0.1563414629345871,0.1563414629347341,0.1563414629345871,0.15634146293448464,0.1563414629345871,0.1563414629347341,0.1549459149830119,0.1549459149826135,0.15494591498231616,0.1549459149826135,0.1549459149830119,0.1549459149826135,0.15494591498204852,0.15494591498157553,0.15494591498204852,0.1549459149826135,0.15494591498231616,0.15494591498157553,0.15494591498088534,0.15494591498157553,0.15494591498231616,0.1549459149826135,0.15494591498204852,0.15494591498157553,0.15494591498204852,0.1549459149826135,0.1549459149830119,0.1549459149826135,0.15494591498231616,0.1549459149826135,0.1549459149830119,0.15357822101050253,0.15357822100950413,0.15357822100867827,0.15357822100950413,0.15357822101050253,0.15357822100950413,0.15357822100789498,0.15357822100629065,0.15357822100789498,0.15357822100950413,0.15357822100867827,0.15357822100629065,0.1535782210033505,0.15357822100629065,0.15357822100867827,0.15357822100950413,0.15357822100789498,0.15357822100629065,0.15357822100789498,0.15357822100950413,0.15357822101050253,0.15357822100950413,0.15357822100867827,0.15357822100950413,0.15357822101050253,0.1522378041609692,0.15223780415877936,0.1522378041566905,0.15223780415877936,0.1522378041609692,0.15223780415877936,0.15223780415461186,0.15223780414926216,0.15223780415461186,0.15223780415877936,0.1522378041566905,0.15223780414926216,0.15223780413511295,0.15223780414926216,0.1522378041566905,0.15223780415877936,0.15223780415461186,0.15223780414926216,0.15223780415461186,0.15223780415877936,0.1522378041609692,0.15223780415877936,0.1522378041566905,0.15223780415877936,0.1522378041609692,0.15092409324250358,0.15092409323877928,0.15092409323456166,0.15092409323877928,0.15092409324250358,0.15092409323877928,0.15092409323022773,0.1509240932147434,0.15092409323022773,0.15092409323877928,0.15092409323456166,0.1509240932147434,0.1509240931376082,0.1509240932147434,0.15092409323456166,0.15092409323877928,0.15092409323022773,0.1509240932147434,0.15092409323022773,0.15092409323877928,0.15092409324250358,0.15092409323877928,0.15092409323456166,0.15092409323877928,0.15092409324250358,0.1496365233966211,0.1496365233929886,0.14963652338902902,0.1496365233929886,0.1496365233966211,0.1496365233929886,0.1496365233849741,0.1496365233716161,0.1496365233849741,0.1496365233929886,0.14963652338902902,0.1496365233716161,0.14963652331348887,0.1496365233716161,0.14963652338902902,0.1496365233929886,0.1496365233849741,0.1496365233716161,0.1496365233849741,0.1496365233929886,0.1496365233966211,0.1496365233929886,0.14963652338902902,0.1496365233929886,0.1496365233966211,0.14837453667962044,0.1483745366771928,0.1483745366746853,0.1483745366771928,0.14837453667962044,0.1483745366771928,0.14837453667214553,0.14837453666436762,0.14837453667214553,0.1483745366771928,0.1483745366746853,0.14837453666436762,0.14837453663307523,0.14837453666436762,0.1483745366746853,0.1483745366771928,0.14837453667214553,0.14837453666436762,0.14837453667214553,0.1483745366771928,0.14837453667962044,0.1483745366771928,0.1483745366746853,0.1483745366771928,0.14837453667962044,0.14713758257193643,0.14713758257101037,0.1471375825701551,0.14713758257101037,0.14713758257193643,0.14713758257101037,0.1471375825693151,0.14713758256714088,0.1471375825693151,0.14713758257101037,0.1471375825701551,0.14713758256714088,0.1471375825602172,0.14713758256714088,0.1471375825701551,0.14713758257101037,0.1471375825693151,0.14713758256714088,0.1471375825693151,0.14713758257101037,0.14713758257193643,0.14713758257101037,0.1471375825701551,0.14713758257101037,0.14713758257193643,0.14592511841762426,0.1459251184179843,0.14592511841847236,0.1459251184179843,0.14592511841762426,0.1459251184179843,0.14592511841899747,0.14592511842106942,0.14592511841899747,0.1459251184179843,0.14592511841847236,0.14592511842106942,0.14592511843160158,0.14592511842106942,0.14592511841847236,0.1459251184179843,0.14592511841899747,0.14592511842106942,0.14592511841899747,0.1459251184179843,0.14592511841762426,0.1459251184179843,0.14592511841847236,0.1459251184179843,0.14592511841762426,0.1447366097988595,0.14473660980008726,0.14473660980144212,0.14473660980008726,0.1447366097988595,0.14473660980008726,0.1447366098028373,0.14473660980745956,0.1447366098028373,0.14473660980008726,0.14473660980144212,0.14473660980745956,0.14473660982772393,0.14473660980745956,0.14473660980144212,0.14473660980008726,0.1447366098028373,0.14473660980745956,0.1447366098028373,0.14473660980008726,0.1447366097988595,0.14473660980008726,0.14473660980144212,0.14473660980008726,0.1447366097988595,0.1435715308511328,0.1435715308528044,0.14357153085459423,0.1435715308528044,0.1435715308511328,0.1435715308528044,0.14357153085642,0.1435715308623345,0.14357153085642,0.1435715308528044,0.14357153085459423,0.1435715308623345,0.14357153088796518,0.1435715308623345,0.14357153085459423,0.1435715308528044,0.14357153085642,0.1435715308623345,0.14357153085642,0.1435715308528044,0.1435715308511328,0.1435715308528044,0.14357153085459423,0.1435715308528044,0.1435715308511328,0.1424293645246474,0.14242936452636604,0.14242936452815713,0.14242936452636604,0.1424293645246474,0.14242936452636604,0.14242936452996888,0.14242936453569255,0.14242936452996888,0.14242936452636604,0.14242936452815713,0.14242936453569255,0.14242936455995336,0.14242936453569255,0.14242936452815713,0.14242936452636604,0.14242936452996888,0.14242936453569255,0.14242936452996888,0.14242936452636604,0.1424293645246474,0.14242936452636604,0.14242936452815713,0.14242936452636604,0.1424293645246474,0.14130960279715304,0.14130960279867452,0.1413096028001807,0.14130960279867452,0.14130960279715304,0.14130960279867452,0.1413096028016816,0.14130960280613256,0.1413096028016816,0.14130960279867452,0.1413096028001807,0.14130960280613256,0.1413096028236368,0.14130960280613256,0.1413096028001807,0.14130960279867452,0.1413096028016816,0.14130960280613256,0.1413096028016816,0.14130960279867452,0.14130960279715304,0.14130960279867452,0.1413096028001807,0.14130960279867452,0.14130960279715304,0.14021174684255056,0.14021174684392604,0.14021174684519866,0.14021174684392604,0.14021174684255056,0.14021174684392604,0.1402117468464392,0.14021174684985033,0.1402117468464392,0.14021174684392604,0.14021174684519866,0.14021174684985033,0.1402117468627091,0.14021174684985033,0.14021174684519866,0.14021174684392604,0.1402117468464392,0.14021174684985033,0.1402117468464392,0.14021174684392604,0.14021174684255056,0.14021174684392604,0.14021174684519866,0.14021174684392604,0.14021174684255056,0.13913530715941624,0.13913530716099767,0.13913530716234795,0.13913530716099767,0.13913530715941624,0.13913530716099767,0.13913530716364592,0.13913530716643863,0.13913530716364592,0.13913530716099767,0.13913530716234795,0.13913530716643863,0.13913530717213984,0.13913530716643863,0.13913530716234795,0.13913530716099767,0.13913530716364592,0.13913530716643863,0.13913530716364592,0.13913530716099767,0.13913530715941624,0.13913530716099767,0.13913530716234795,0.13913530716099767,0.13913530715941624,0.13807980366358844,0.13807980366614922,0.1380798036686389,0.13807980366614922,0.13807980366358844,0.13807980366614922,0.1380798036711329,0.1380798036777043,0.1380798036711329,0.13807980366614922,0.1380798036686389,0.1380798036777043,0.1380798036956102,0.1380798036777043,0.1380798036686389,0.13807980366614922,0.1380798036711329,0.1380798036777043,0.1380798036711329,0.13807980366614922,0.13807980366358844,0.13807980366614922,0.1380798036686389,0.13807980366614922,0.13807980366358844,0.13704476574813082,0.13704476575190003,0.13704476575639815,0.13704476575190003,0.13704476574813063,0.13704476575190003,0.13704476576104432,0.13704476577916186,0.13704476576104432,0.13704476575190003,0.13704476575639815,0.13704476577916186,0.1370447658789293,0.13704476577916186,0.13704476575639815,0.13704476575190003,0.13704476576104432,0.13704476577916186,0.13704476576104432,0.13704476575190003,0.13704476574813063,0.13704476575190003,0.13704476575639815,0.13704476575190003,0.13704476574813063,0.13602973231619242,0.13602973231877835,0.13602973232129303,0.13602973231877835,0.13602973231619242,0.13602973231877835,0.13602973232380844,0.13602973233049157,0.13602973232380844,0.13602973231877835,0.13602973232129303,0.13602973233049157,0.1360297323489554,0.13602973233049157,0.13602973232129303,0.13602973231877835,0.13602973232380844,0.13602973233049157,0.13602973232380844,0.13602973231877835,0.13602973231619242,0.13602973231877835,0.13602973232129303,0.13602973231877835,0.13602973231619242,0.13503425179208692,0.13503425179369688,0.13503425179502163,0.13503425179369688,0.13503425179208692,0.13503425179369688,0.13503425179627596,0.13503425179882328,0.13503425179627596,0.13503425179369688,0.13503425179502163,0.13503425179882328,0.1350342518034406,0.13503425179882328,0.13503425179502163,0.13503425179369688,0.13503425179627596,0.13503425179882328,0.13503425179627596,0.13503425179369688,0.13503425179208692,0.13503425179369688,0.13503425179502163,0.13503425179369688,0.13503425179208692
0.16533248789857777,0.16533248789857732,0.16533248789857732,0.16533248789857732,0.16533248789857777,0.16533248789857732,0.16533248789857707,0.16533248789857682,0.16533248789857707,0.16533248789857732,0.16533248789857732,0.16533248789857682,0.16533248789857682,0.16533248789857682,0.16533248789857732,0.16533248789857732,0.16533248789857707,0.16533248789857682,0.16533248789857707,0.16533248789857732,0.16533248789857777,0.16533248789857732,0.16533248789857732,0.16533248789857732,0.16533248789857755,0.16375749417752858,0.16375749417752788,0.16375749417752744,0.16375749417752788,0.16375749417752858,0.16375749417752788,0.16375749417752722,0.16375749417752672,0.16375749417752722,0.16375749417752788,0.16375749417752744,0.16375749417752672,0.16375749417752627,0.16375749417752672,0.16375749417752744,0.16375749417752788,0.16375749417752722,0.16375749417752672,0.16375749417752722,0.16375749417752788,0.16375749417752858,0.16375749417752788,0.16375749417752744,0.16375749417752788,0.16375749417752858,0.1622138843884189,0.16221388438841686,0.16221388438841572,0.16221388438841686,0.1622138843884189,0.16221388438841686,0.1622138843884148,0.16221388438841344,0.1622138843884148,0.16221388438841686,0.16221388438841572,0.16221388438841344,0.16221388438841208,0.16221388438841344,0.16221388438841572,0.16221388438841686,0.1622138843884148,0.16221388438841344,0.1622138843884148,0.16221388438841686,0.1622138843884189,0.16221388438841686,0.16221388438841572,0.16221388438841686,0.1622138843884189,0.1607010674882919,0.16070106748828591,0.16070106748828214,0.16070106748828591,0.1607010674882919,0.16070106748828591,0.16070106748827948,0.16070106748827526,0.16070106748827948,0.16070106748828591,0.16070106748828214,0.16070106748827526,0.1607010674882706,0.16070106748827526,0.16070106748828214,0.16070106748828591,0.16070106748827948,0.16070106748827526,0.16070106748827948,0.16070106748828591,0.1607010674882919,0.16070106748828591,0.16070106748828214,0.16070106748828591,0.1607010674882919,0.15921845185213362,0.159218451852116,0.15921845185210445,0.159218451852116,0.15921845185213362,0.159218451852116,0.15921845185209574,0.15921845185208225,0.15921845185209574,0.159218451852116,0.15921845185210445,0.15921845185208225,0.15921845185206723,0.15921845185208225,0.15921845185210445,0.159218451852116,0.15921845185209574,0.15921845185208225,0.15921845185209574,0.159218451852116,0.15921845185213362,0.159218451852116,0.15921845185210445,0.159218451852116,0.15921845185213362,0.15776544662473535,0.15776544662468353,0.15776544662464917,0.15776544662468353,0.15776544662473535,0.15776544662468353,0.15776544662462122,0.1577654466245779,0.15776544662462122,0.15776544662468353,0.15776544662464917,0.1577654466245779,0.15776544662452732,0.1577654466245779,0.15776544662464917,0.15776544662468353,0.15776544662462122,0.1577654466245779,0.15776544662462122,0.15776544662468353,0.15776544662473535,0.15776544662468353,0.15776544662464917,0.15776544662468353,0.15776544662473535,0.15634146293504672,0.15634146293489992,0.15634146293479745,0.15634146293489992,0.15634146293504672,0.15634146293489992,0.15634146293471027,0.1563414629345689,0.15634146293471027,0.15634146293489992,0.15634146293479745,0.1563414629345689,0.15634146293438927,0.1563414629345689,0.15634146293479745,0.15634146293489992,0.15634146293471027,0.1563414629345689,0.15634146293471027,0.15634146293489992,0.15634146293504672,0.15634146293489992,0.15634146293479745,0.15634146293489992,0.15634146293504672,0.15494591498331706,0.15494591498291949,0.15494591498262256,0.15494591498291949,0.15494591498331706,0.15494591498291949,0.15494591498235533,0.15494591498188356,0.15494591498235533,0.15494591498291949,0.15494591498262256,0.15494591498188356,0.1549459149811946,0.15494591498188356,0.15494591498262256,0.15494591498291949,0.15494591498235533,0.15494591498188356,0.15494591498235533,0.15494591498291949,0.15494591498331706,0.15494591498291949,0.15494591498262256,0.15494591498291949,0.15494591498331706,0.15357822101079874,0.1535782210098022,0.15357822100897792,0.1535782210098022,0.15357822101079874,0.1535782210098022,0.15357822100819626,0.15357822100659493,0.15357822100819626,0.1535782210098022,0.15357822100897792,0.15357822100659493,0.15357822100366061,0.15357822100659493,0.15357822100897792,0.1535782210098022,0.15357822100819626,0.15357822100659493,0.15357822100819626,0.1535782210098022,0.15357822101079874,0.1535782210098022,0.15357822100897792,0.1535782210098022,0.15357822101079874,0.15223780416125243,0.15223780415906712,0.1522378041569824,0.15223780415906712,0.15223780416125243,0.15223780415906712,0.1522378041549077,0.15223780414956842,0.1522378041549077,0.15223780415906712,0.1522378041569824,0.15223780414956842,0.1522378041354458,0.15223780414956842,0.1522378041569824,0.15223780415906712,0.1522378041549077,0.15223780414956842,0.1522378041549077,0.15223780415906712,0.15223780416125243,0.15223780415906712,0.1522378041569824,0.15223780415906712,0.15223780416125243,0.1509240932427648,0.1509240932390482,0.1509240932348393,0.1509240932390482,0.1509240932427648,0.1509240932390482,0.1509240932305142,0.15092409321505978,0.1509240932305142,0.1509240932390482,0.1509240932348393,0.15092409321505978,0.15092409313810748,0.15092409321505978,0.1509240932348393,0.1509240932390482,0.1509240932305142,0.15092409321505978,0.1509240932305142,0.1509240932390482,0.1509240932427648,0.1509240932390482,0.1509240932348393,0.1509240932390482,0.1509240932427648,0.14963652339684383,0.14963652339322023,0.14963652338927008,0.14963652339322023,0.14963652339684383,0.14963652339322023,0.14963652338522462,0.14963652337189648,0.14963652338522462,0.14963652339322023,0.14963652338927008,0.14963652337189648,0.14963652331386593,0.14963652337189648,0.14963652338927008,0.14963652339322023,0.14963652338522462,0.14963652337189648,0.14963652338522462,0.14963652339322023,0.14963652339684383,0.14963652339322023,0.14963652338927008,0.14963652339322023,0.14963652339684383,0.14837453667978595,0.14837453667736666,0.14837453667486766,0.14837453667736666,0.14837453667978595,0.14837453667736666,0.1483745366723366,0.14837453666458555,0.1483745366723366,0.14837453667736666,0.14837453667486766,0.14837453666458555,0.14837453663339287,0.14837453666458555,0.14837453667486766,0.14837453667736666,0.1483745366723366,0.14837453666458555,0.1483745366723366,0.14837453667736666,0.14837453667978595,0.14837453667736666,0.14837453667486766,0.14837453667736666,0.14837453667978595,0.14713758257202691,0.14713758257110754,0.14713758257025938,0.14713758257110754,0.14713758257202691,0.14713758257110754,0.1471375825694265,0.1471375825672751,0.1471375825694265,0.14713758257110754,0.14713758257025938,0.1471375825672751,0.14713758256043846,0.1471375825672751,0.14713758257025938,0.14713758257110754,0.1471375825694265,0.1471375825672751,0.1471375825694265,0.14713758257110754,0.14713758257202691,0.14713758257110754,0.14713758257025938,0.14713758257110754,0.14713758257202691,0.14592511841762515,0.14592511841798858,0.14592511841848071,0.14592511841798858,0.14592511841762515,0.14592511841798858,0.1459251184190096,0.14592511842109454,0.1459251184190096,0.14592511841798858,0.14592511841848071,0.14592511842109454,0.14592511843172157,0.14592511842109454,0.14592511841848071,0.14592511841798858,0.1459251184190096,0.14592511842109454,0.1459251184190096,0.14592511841798858,0.14592511841762515,0.14592511841798858,0.14592511841848071,0.14592511841798858,0.14592511841762515,0.14473660979876193,0.14473660979998917,0.14473660980134387,0.14473660979998917,0.14473660979876193,0.14473660979998917,0.1447366098027385,0.14473660980735953,0.1447366098027385,0.14473660979998917,0.14473660980134387,0.14473660980735953,0.14473660982761133,0.14473660980735953,0.14473660980134387,0.14473660979998917,0.1447366098027385,0.14473660980735953,0.1447366098027385,0.14473660979998917,0.14473660979876193,0.14473660979998917,0.14473660980134387,0.14473660979998917,0.14473660979876193,0.14357153085093635,0.14357153085260335,0.14357153085438856,0.14357153085260335,0.14357153085093635,0.14357153085260335,0.14357153085620955,0.14357153086211036,0.14357153085620955,0.14357153085260335,0.14357153085438856,0.14357153086211036,0.1435715308876736,0.14357153086211036,0.14357153085438856,0.14357153085260335,0.14357153085620955,0.14357153086211036,0.14357153085620955,0.14357153085260335,0.14357153085093635,0.14357153085260335,0.14357153085438856,0.14357153085260335,0.14357153085093635,0.14242936452436006,0.1424293645260703,0.142429364527852,0.1424293645260703,0.14242936452436006,0.1424293645260703,0.14242936452965413,0.14242936453534447,0.14242936452965413,0.1424293645260703,0.142429364527852,0.14242936453534447,0.14242936455946553,0.14242936453534447,0.142429364527852,0.1424293645260703,0.14242936452965413,0.14242936453534447,0.14242936452965413,0.1424293645260703,0.14242936452436006,0.1424293645260703,0.142429364527852,0.1424293645260703,0.14242936452436006,0.14130960279679072,0.14130960279830332,0.14130960279979962,0.14130960279830332,0.14130960279679072,0.14130960279830332,0.1413096028012905,0.14130960280570706,0.1413096028012905,0.14130960279830332,0.14130960279979962,0.14130960280570706,0.1413096028230559,0.14130960280570706,0.14130960279979962,0.14130960279830332,0.1413096028012905,0.14130960280570706,0.1413096028012905,0.14130960279830332,0.14130960279679072,0.14130960279830332,0.14130960279979962,0.14130960279830332,0.14130960279679072,0.14021174684213067,0.14021174684349968,0.14021174684476617,0.14021174684349968,0.14021174684213067,0.14021174684349968,0.14021174684600057,0.14021174684939558,0.14021174684600057,0.14021174684349968,0.14021174684476617,0.14021174684939558,0.14021174686219648,0.14021174684939558,0.14021174684476617,0.14021174684349968,0.14021174684600057,0.14021174684939558,0.14021174684600057,0.14021174684349968,0.14021174684213067,0.14021174684349968,0.14021174684476617,0.14021174684349968,0.14021174684213067,0.1391353071589511,0.13913530716052747,0.13913530716187347,0.13913530716052747,0.1391353071589511,0.13913530716052747,0.13913530716316744,0.13913530716595165,0.13913530716316744,0.13913530716052747,0.13913530716187347,0.13913530716595165,0.1391353071716356,0.13913530716595165,0.13913530716187347,0.13913530716052747,0.13913530716316744,0.13913530716595165,0.13913530716316744,0.13913530716052747,0.1391353071589511,0.13913530716052747,0.13913530716187347,0.13913530716052747,0.1391353071589511,0.13807980366308747,0.1380798036656421,0.13807980366812603,0.1380798036656421,0.13807980366308747,0.1380798036656421,0.1380798036706144,0.13807980367717096,0.1380798036706144,0.1380798036656421,0.13807980366812603,0.13807980367717096,0.13807980369503794,0.13807980367717096,0.13807980366812603,0.1380798036656421,0.1380798036706144,0.13807980367717096,0.1380798036706144,0.1380798036656421,0.13807980366308747,0.1380798036656421,0.13807980366812603,0.1380798036656421,0.1380798036630873,0.13704476574760566,0.13704476575136668,0.13704476575585517,0.13704476575136668,0.13704476574760566,0.13704476575136668,0.1370447657604915,0.13704476577857058,0.1370447657604915,0.13704476575136668,0.13704476575585517,0.13704476577857058,0.13704476587812167,0.13704476577857058,0.13704476575585517,0.13704476575136668,0.1370447657604915,0.13704476577857058,0.1370447657604915,0.13704476575136668,0.13704476574760566,0.13704476575136668,0.13704476575585517,0.13704476575136668,0.13704476574760566,0.13602973231565949,0.13602973231823995,0.13602973232074925,0.13602973231823995,0.13602973231565949,0.13602973231823995,0.13602973232325932,0.13602973232992838,0.13602973232325932,0.13602973231823995,0.13602973232074925,0.13602973232992838,0.13602973234835317,0.13602973232992838,0.13602973232074925,0.13602973231823995,0.13602973232325932,0.13602973232992838,0.13602973232325932,0.13602973231823995,0.13602973231565949,0.13602973231823995,0.13602973232074925,0.13602973231823995,0.13602973231565949,0.13503425179155737,0.13503425179316395,0.13503425179448583,0.13503425179316395,0.13503425179155737,0.13503425179316395,0.1350342517957375,0.1350342517982794,0.1350342517957375,0.13503425179316395,0.13503425179448583,0.1350342517982794,0.13503425180288695,0.1350342517982794,0.13503425179448583,0.13503425179316395,0.1350342517957375,0.1350342517982794,0.1350342517957375,0.13503425179316395,0.13503425179155737,0.13503425179316395,0.13503425179448583,0.13503425179316395,0.13503425179155737
0.16533248789892824,0.16533248789892777,0.16533248789892777,0.16533248789892777,0.16533248789892824,0.16533248789892777,0.16533248789892752,0.1653324878989273,0.16533248789892752,0.16533248789892777,0.16533248789892777,0.1653324878989273,0.1653324878989273,0.1653324878989273,0.16533248789892777,0.16533248789892777,0.16533248789892752,0.1653324878989273,0.16533248789892752,0.16533248789892777,0.16533248789892824,0.16533248789892777,0.16533248789892777,0.16533248789892777,0.16533248789892824,0.16375749417787205,0.16375749417787133,0.1637574941778709,0.16375749417787133,0.16375749417787205,0.16375749417787133,0.16375749417787067,0.1637574941778702,0.16375749417787067,0.16375749417787133,0.1637574941778709,0.1637574941778702,0.16375749417786972,0.1637574941778702,0.1637574941778709,0.16375749417787133,0.16375749417787067,0.1637574941778702,0.16375749417787067,0.16375749417787133,0.16375749417787205,0.16375749417787133,0.1637574941778709,0.16375749417787133,0.16375749417787205,0.1622138843887555,0.16221388438875348,0.16221388438875234,0.16221388438875348,0.1622138843887555,0.16221388438875348,0.16221388438875142,0.1622138843887501,0.16221388438875142,0.16221388438875348,0.16221388438875234,0.1622138843887501,0.16221388438874873,0.1622138843887501,0.16221388438875234,0.16221388438875348,0.16221388438875142,0.1622138843887501,0.16221388438875142,0.16221388438875348,0.1622138843887555,0.16221388438875348,0.16221388438875234,0.16221388438875348,0.1622138843887555,0.1607010674886216,0.1607010674886158,0.16070106748861207,0.1607010674886158,0.1607010674886216,0.1607010674886158,0.16070106748860916,0.16070106748860494,0.16070106748860916,0.1607010674886158,0.16070106748861207,0.16070106748860494,0.16070106748860047,0.16070106748860494,0.16070106748861207,0.1607010674886158,0.16070106748860916,0.16070106748860494,0.16070106748860916,0.1607010674886158,0.1607010674886216,0.1607010674886158,0.16070106748861207,0.1607010674886158,0.1607010674886216,0.15921845185245673,0.1592184518524391,0.15921845185242756,0.1592184518524391,0.15921845185245673,0.1592184518524391,0.1592184518524188,0.15921845185240532,0.1592184518524188,0.1592184518524391,0.15921845185242756,0.15921845185240532,0.1592184518523903,0.15921845185240532,0.15921845185242756,0.1592184518524391,0.1592184518524188,0.15921845185240532,0.1592184518524188,0.1592184518524391,0.15921845185245673,0.1592184518524391,0.15921845185242756,0.1592184518524391,0.15921845185245673,0.1577654466250518,0.15776544662500017,0.15776544662496558,0.15776544662500017,0.1577654466250516,0.15776544662500017,0.15776544662493786,0.15776544662489456,0.15776544662493786,0.15776544662500017,0.15776544662496558,0.15776544662489456,0.15776544662484418,0.15776544662489456,0.15776544662496558,0.15776544662500017,0.15776544662493786,0.15776544662489456,0.15776544662493786,0.15776544662500017,0.1577654466250516,0.15776544662500017,0.15776544662496558,0.15776544662500017,0.1577654466250516,0.1563414629353562,0.1563414629352096,0.1563414629351076,0.1563414629352096,0.1563414629353562,0.1563414629352096,0.15634146293502035,0.15634146293487944,0.15634146293502035,0.1563414629352096,0.1563414629351076,0.15634146293487944,0.15634146293470025,0.15634146293487944,0.1563414629351076,0.1563414629352096,0.15634146293502035,0.15634146293487944,0.15634146293502035,0.1563414629352096,0.1563414629353562,0.1563414629352096,0.1563414629351076,0.1563414629352096,0.1563414629353562,0.15494591498361932,0.15494591498322258,0.15494591498292623,0.15494591498322258,0.15494591498361932,0.15494591498322258,0.15494591498265964,0.15494591498218852,0.15494591498265964,0.15494591498322258,0.15494591498292623,0.15494591498218852,0.15494591498150095,0.15494591498218852,0.15494591498292623,0.15494591498322258,0.15494591498265964,0.15494591498218852,0.15494591498265964,0.15494591498322258,0.15494591498361932,0.15494591498322258,0.15494591498292623,0.15494591498322258,0.15494591498361932,0.1535782210110924,0.15357822101009763,0.15357822100927498,0.15357822101009763,0.1535782210110924,0.15357822101009763,0.15357822100849491,0.15357822100689658,0.15357822100849491,0.15357822101009763,0.15357822100927498,0.15357822100689658,0.15357822100396767,0.15357822100689658,0.15357822100927498,0.15357822101009763,0.15357822100849491,0.15357822100689658,0.15357822100849491,0.15357822101009763,0.1535782210110924,0.15357822101009763,0.15357822100927498,0.15357822101009763,0.1535782210110924,0.15223780416153312,0.15223780415935215,0.15223780415727156,0.15223780415935215,0.15223780416153312,0.15223780415935215,0.152237804155201,0.15223780414987179,0.152237804155201,0.15223780415935215,0.15223780415727156,0.15223780414987179,0.15223780413577573,0.15223780414987179,0.15223780415727156,0.15223780415935215,0.152237804155201,0.15223780414987179,0.152237804155201,0.15223780415935215,0.15223780416153312,0.15223780415935215,0.15223780415727156,0.15223780415935215,0.15223780416153312,0.15092409324302372,0.15092409323931483,0.15092409323511438,0.15092409323931483,0.15092409324302372,0.15092409323931483,0.15092409323079778,0.15092409321537326,0.15092409323079778,0.15092409323931483,0.15092409323511438,0.15092409321537326,0.15092409313854618,0.15092409321537326,0.15092409323511438,0.15092409323931483,0.15092409323079778,0.15092409321537326,0.15092409323079778,0.15092409323931483,0.15092409324302372,0.15092409323931483,0.15092409323511438,0.15092409323931483,0.15092409324302372,0.1496365233970645,0.1496365233934498,0.1496365233895089,0.1496365233934498,0.1496365233970645,0.1496365233934498,0.14963652338547292,0.14963652337217445,0.14963652338547292,0.1496365233934498,0.1496365233895089,0.14963652337217445,0.14963652331428134,0.14963652337217445,0.1496365233895089,0.1496365233934498,0.14963652338547292,0.14963652337217445,0.14963652338547292,0.1496365233934498,0.1496365233970645,0.1496365233934498,0.1496365233895089,0.1496365233934498,0.1496365233970645,0.14837453667994996,0.14837453667753883,0.14837453667504838,0.14837453667753883,0.14837453667994996,0.14837453667753883,0.14837453667252604,0.14837453666480127,0.14837453667252604,0.14837453667753883,0.14837453667504838,0.14837453666480127,0.14837453663372852,0.14837453666480127,0.14837453667504838,0.14837453667753883,0.14837453667252604,0.14837453666480127,0.14837453667252604,0.14837453667753883,0.14837453667994996,0.14837453667753883,0.14837453667504838,0.14837453667753883,0.14837453667994996,0.14713758257211662,0.14713758257120363,0.14713758257036239,0.14713758257120363,0.14713758257211662,0.14713758257120363,0.14713758256953657,0.14713758256740808,0.14713758256953657,0.14713758257120363,0.14713758257036239,0.14713758256740808,0.14713758256066953,0.14713758256740808,0.14713758257036239,0.14713758257120363,0.14713758256953657,0.14713758256740808,0.14713758256953657,0.14713758257120363,0.14713758257211662,0.14713758257120363,0.14713758257036239,0.14713758257120363,0.14713758257211662,0.14592511841762587,0.14592511841799302,0.14592511841848893,0.14592511841799302,0.14592511841762587,0.14592511841799302,0.1459251184190217,0.14592511842111927,0.1459251184190217,0.14592511841799302,0.14592511841848893,0.14592511842111927,0.14592511843178693,0.14592511842111927,0.14592511841848893,0.14592511841799302,0.1459251184190217,0.14592511842111927,0.1459251184190217,0.14592511841799302,0.14592511841762587,0.14592511841799302,0.14592511841848893,0.14592511841799302,0.14592511841762587,0.1447366097986654,0.14473660979989228,0.14473660980124647,0.14473660979989228,0.1447366097986654,0.14473660979989228,0.14473660980264078,0.14473660980726094,0.14473660980264078,0.14473660979989228,0.14473660980124647,0.14473660980726094,0.1447366098275134,0.14473660980726094,0.14473660980124647,0.14473660979989228,0.14473660980264078,0.14473660980726094,0.14473660980264078,0.14473660979989228,0.1447366097986654,0.14473660979989228,0.14473660980124647,0.14473660979989228,0.1447366097986654,0.1435715308507418,0.14357153085240434,0.14357153085418492,0.14357153085240434,0.1435715308507418,0.14357153085240434,0.1435715308560013,0.14357153086188842,0.1435715308560013,0.14357153085240434,0.14357153085418492,0.14357153086188842,0.14357153088742977,0.14357153086188842,0.14357153085418492,0.14357153085240434,0.1435715308560013,0.14357153086188842,0.1435715308560013,0.14357153085240434,0.1435715308507418,0.14357153085240434,0.14357153085418492,0.14357153085240434,0.1435715308507418,0.14242936452407556,0.1424293645257774,0.1424293645275497,0.1424293645257774,0.14242936452407556,0.1424293645257774,0.14242936452934232,0.14242936453499974,0.14242936452934232,0.1424293645257774,0.1424293645275497,0.14242936453499974,0.14242936455894148,0.14242936453499974,0.1424293645275497,0.1424293645257774,0.14242936452934232,0.14242936453499974,0.14242936452934232,0.1424293645257774,0.14242936452407556,0.1424293645257774,0.1424293645275497,0.1424293645257774,0.14242936452407556,0.14130960279643184,0.14130960279793556,0.14130960279942215,0.14130960279793556,0.14130960279643184,0.14130960279793556,0.14130960280090302,0.14130960280528537,0.14130960280090302,0.14130960279793556,0.14130960279942215,0.14130960280528537,0.14130960282248042,0.14130960280528537,0.14130960279942215,0.14130960279793556,0.14130960280090302,0.14130960280528537,0.14130960280090302,0.14130960279793556,0.14130960279643184,0.14130960279793556,0.14130960279942215,0.14130960279793556,0.14130960279643184,0.14021174684171464,0.14021174684307736,0.14021174684433774,0.14021174684307736,0.14021174684171464,0.14021174684307736,0.14021174684556614,0.14021174684894505,0.14021174684556614,0.14021174684307736,0.14021174684433774,0.14021174684894505,0.1402117468616892,0.14021174684894505,0.14021174684433774,0.14021174684307736,0.14021174684556614,0.14021174684894505,0.14021174684556614,0.14021174684307736,0.14021174684171464,0.14021174684307736,0.14021174684433774,0.14021174684307736,0.14021174684171464,0.1391353071584902,0.13913530716006167,0.1391353071614034,0.13913530716006167,0.1391353071584902,0.13913530716006167,0.13913530716269343,0.13913530716546907,0.13913530716269343,0.13913530716006167,0.1391353071614034,0.13913530716546907,0.13913530717113615,0.13913530716546907,0.1391353071614034,0.13913530716006167,0.13913530716269343,0.13913530716546907,0.13913530716269343,0.13913530716006167,0.1391353071584902,0.13913530716006167,0.1391353071614034,0.13913530716006167,0.1391353071584902,0.13807980366259104,0.13807980366513975,0.13807980366761793,0.13807980366513975,0.13807980366259104,0.13807980366513975,0.13807980367010061,0.13807980367664274,0.13807980367010061,0.13807980366513975,0.13807980366761793,0.13807980367664274,0.1380798036944711,0.13807980367664274,0.13807980366761793,0.13807980366513975,0.13807980367010061,0.13807980367664274,0.13807980367010061,0.13807980366513975,0.13807980366259104,0.13807980366513975,0.13807980366761793,0.13807980366513975,0.13807980366259104,0.13704476574708538,0.1370447657508383,0.13704476575531727,0.1370447657508383,0.13704476574708538,0.1370447657508383,0.13704476575994368,0.1370447657779846,0.13704476575994368,0.1370447657508383,0.13704476575531727,0.1370447657779846,0.13704476587732922,0.1370447657779846,0.13704476575531727,0.1370447657508383,0.13704476575994368,0.1370447657779846,0.13704476575994368,0.1370447657508383,0.13704476574708538,0.1370447657508383,0.13704476575531727,0.1370447657508383,0.13704476574708538,0.13602973231513166,0.13602973231770657,0.13602973232021068,0.13602973231770657,0.13602973231513166,0.13602973231770657,0.13602973232271537,0.13602973232937027,0.13602973232271537,0.13602973231770657,0.13602973232021068,0.13602973232937027,0.13602973234775642,0.13602973232937027,0.13602973232021054,0.13602973231770657,0.13602973232271537,0.13602973232937027,0.13602973232271537,0.13602973231770657,0.13602973231513166,0.13602973231770657,0.13602973232021054,0.13602973231770657,0.13602973231513166,0.13503425179103284,0.1350342517926359,0.13503425179395512,0.1350342517926359,0.13503425179103284,0.1350342517926359,0.135034251795204,0.1350342517977405,0.135034251795204,0.1350342517926359,0.13503425179395512,0.1350342517977405,0.13503425180233844,0.1350342517977405,0.13503425179395512,0.1350342517926359,0.135034251795204,0.1350342517977405,0.135034251795204,0.1350342517926359,0.13503425179103284,0.1350342517926359,0.13503425179395512,0.1350342517926359,0.13503425179103284
0.16533248789927538,0.16533248789927488,0.16533248789927488,0.16533248789927488,0.16533248789927538,0.16533248789927488,0.16533248789927465,0.1653324878992744,0.16533248789927465,0.16533248789927488,0.16533248789927488,0.1653324878992744,0.1653324878992744,0.1653324878992744,0.16533248789927488,0.16533248789927488,0.16533248789927465,0.1653324878992744,0.16533248789927465,0.16533248789927488,0.16533248789927538,0.16533248789927488,0.16533248789927488,0.16533248789927488,0.16533248789927513,0.16375749417821203,0.1637574941782116,0.1637574941782111,0.1637574941782116,0.16375749417821203,0.1637574941782116,0.16375749417821087,0.16375749417821042,0.16375749417821087,0.1637574941782116,0.1637574941782111,0.16375749417821042,0.16375749417820998,0.16375749417821042,0.1637574941782111,0.1637574941782116,0.16375749417821087,0.16375749417821042,0.16375749417821087,0.1637574941782116,0.16375749417821203,0.1637574941782116,0.1637574941782111,0.1637574941782116,0.16375749417821203,0.1622138843890887,0.1622138843890869,0.16221388438908554,0.1622138843890869,0.1622138843890887,0.1622138843890869,0.16221388438908488,0.16221388438908352,0.16221388438908488,0.1622138843890869,0.16221388438908554,0.16221388438908352,0.16221388438908216,0.16221388438908352,0.16221388438908554,0.1622138843890869,0.16221388438908488,0.16221388438908352,0.16221388438908488,0.1622138843890869,0.1622138843890887,0.1622138843890869,0.16221388438908554,0.1622138843890869,0.1622138843890887,0.16070106748894816,0.16070106748894236,0.16070106748893861,0.16070106748894236,0.16070106748894816,0.16070106748894236,0.16070106748893595,0.16070106748893173,0.16070106748893595,0.16070106748894236,0.16070106748893861,0.16070106748893173,0.16070106748892704,0.16070106748893173,0.16070106748893861,0.16070106748894236,0.16070106748893595,0.16070106748893173,0.16070106748893595,0.16070106748894236,0.16070106748894816,0.16070106748894236,0.16070106748893861,0.16070106748894236,0.16070106748894816,0.15921845185277653,0.15921845185275912,0.1592184518527476,0.15921845185275912,0.15921845185277653,0.15921845185275912,0.1592184518527389,0.15921845185272537,0.1592184518527389,0.15921845185275912,0.1592184518527476,0.15921845185272537,0.15921845185271039,0.15921845185272537,0.1592184518527476,0.15921845185275912,0.1592184518527389,0.15921845185272537,0.1592184518527389,0.15921845185275912,0.15921845185277653,0.15921845185275912,0.1592184518527476,0.15921845185275912,0.15921845185277653,0.15776544662536504,0.1577654466253136,0.15776544662527925,0.1577654466253136,0.15776544662536504,0.1577654466253136,0.1577654466252513,0.1577654466252082,0.1577654466252513,0.1577654466253136,0.15776544662527925,0.1577654466252082,0.15776544662515785,0.1577654466252082,0.15776544662527925,0.1577654466253136,0.1577654466252513,0.1577654466252082,0.1577654466252513,0.1577654466253136,0.15776544662536504,0.1577654466253136,0.15776544662527925,0.1577654466253136,0.15776544662536504,0.15634146293566298,0.1563414629355166,0.15634146293541473,0.1563414629355166,0.15634146293566298,0.1563414629355166,0.15634146293532775,0.15634146293518705,0.15634146293532775,0.1563414629355166,0.15634146293541473,0.15634146293518705,0.15634146293500822,0.15634146293518705,0.15634146293541473,0.1563414629355166,0.15634146293532775,0.15634146293518705,0.15634146293532775,0.1563414629355166,0.15634146293566298,0.1563414629355166,0.15634146293541473,0.1563414629355166,0.15634146293566298,0.15494591498391896,0.1549459149835228,0.1549459149832271,0.1549459149835228,0.15494591498391896,0.1549459149835228,0.1549459149829609,0.15494591498249077,0.1549459149829609,0.1549459149835228,0.1549459149832271,0.15494591498249077,0.15494591498180446,0.15494591498249077,0.1549459149832271,0.1549459149835228,0.1549459149829609,0.15494591498249077,0.1549459149829609,0.1549459149835228,0.15494591498391896,0.1549459149835228,0.1549459149832271,0.1549459149835228,0.15494591498391896,0.15357822101138321,0.15357822101039045,0.15357822100956942,0.15357822101039045,0.15357822101138321,0.15357822101039045,0.15357822100879073,0.15357822100719543,0.15357822100879073,0.15357822101039045,0.15357822100956942,0.15357822100719543,0.15357822100427218,0.15357822100719543,0.15357822100956942,0.15357822101039045,0.15357822100879073,0.15357822100719543,0.15357822100879073,0.15357822101039045,0.15357822101138321,0.15357822101039045,0.15357822100956942,0.15357822101039045,0.15357822101138321,0.15223780416181126,0.1522378041596346,0.15223780415755814,0.1522378041596346,0.15223780416181126,0.1522378041596346,0.15223780415549154,0.15223780415017255,0.15223780415549154,0.1522378041596346,0.15223780415755814,0.15223780415017255,0.15223780413610266,0.15223780415017255,0.15223780415755814,0.1522378041596346,0.15223780415549154,0.15223780415017255,0.15223780415549154,0.1522378041596346,0.15223780416181126,0.1522378041596346,0.15223780415755814,0.1522378041596346,0.15223780416181126,0.1509240932432803,0.15092409323957912,0.15092409323538697,0.15092409323957912,0.1509240932432803,0.15092409323957912,0.15092409323107908,0.1509240932156841,0.15092409323107908,0.15092409323957912,0.15092409323538697,0.1509240932156841,0.15092409313899782,0.1509240932156841,0.15092409323538697,0.15092409323957912,0.15092409323107908,0.1509240932156841,0.15092409323107908,0.15092409323957912,0.1509240932432803,0.15092409323957912,0.15092409323538697,0.15092409323957912,0.1509240932432803,0.14963652339728328,0.14963652339367708,0.14963652338974545,0.14963652339367708,0.14963652339728328,0.14963652339367708,0.14963652338571873,0.14963652337244995,0.14963652338571873,0.14963652339367708,0.14963652338974545,0.14963652337244995,0.14963652331467767,0.14963652337244995,0.14963652338974545,0.14963652339367708,0.14963652338571873,0.14963652337244995,0.14963652338571873,0.14963652339367708,0.14963652339728328,0.14963652339367708,0.14963652338974545,0.14963652339367708,0.14963652339728328,0.1483745366801125,0.14837453667770933,0.14837453667522738,0.14837453667770933,0.1483745366801125,0.14837453667770933,0.1483745366727134,0.14837453666501496,0.1483745366727134,0.14837453667770933,0.14837453667522738,0.14837453666501496,0.14837453663402708,0.14837453666501496,0.14837453667522738,0.14837453667770933,0.1483745366727134,0.14837453666501496,0.1483745366727134,0.14837453667770933,0.1483745366801125,0.14837453667770933,0.14837453667522738,0.14837453667770933,0.1483745366801125,0.1471375825722055,0.147137582571299,0.14713758257046466,0.147137582571299,0.1471375825722055,0.147137582571299,0.14713758256964574,0.14713758256753962,0.14713758256964574,0.147137582571299,0.14713758257046466,0.14713758256753962,0.1471375825608946,0.14713758256753962,0.14713758257046466,0.147137582571299,0.14713758256964574,0.14713758256753962,0.14713758256964574,0.147137582571299,0.1471375825722055,0.147137582571299,0.14713758257046466,0.147137582571299,0.1471375825722055,0.14592511841762673,0.1459251184179973,0.14592511841849692,0.1459251184179973,0.14592511841762673,0.1459251184179973,0.14592511841903363,0.14592511842114386,0.14592511841903363,0.1459251184179973,0.14592511841849692,0.14592511842114386,0.14592511843188433,0.14592511842114386,0.14592511841849692,0.1459251184179973,0.14592511841903363,0.14592511842114386,0.14592511841903363,0.1459251184179973,0.14592511841762673,0.1459251184179973,0.14592511841849692,0.1459251184179973,0.14592511841762673,0.14473660979856975,0.1447366097997963,0.1447366098011503,0.1447366097997963,0.14473660979856975,0.1447366097997963,0.14473660980254424,0.14473660980716335,0.14473660980254424,0.1447366097997963,0.1447366098011503,0.14473660980716335,0.14473660982741027,0.14473660980716335,0.1447366098011503,0.1447366097997963,0.14473660980254424,0.14473660980716335,0.14473660980254424,0.1447366097997963,0.14473660979856975,0.1447366097997963,0.1447366098011503,0.1447366097997963,0.14473660979856975,0.14357153085054913,0.14357153085220722,0.14357153085398336,0.14357153085220722,0.14357153085054913,0.14357153085220722,0.1435715308557951,0.1435715308616689,0.1435715308557951,0.14357153085220722,0.14357153085398336,0.1435715308616689,0.14357153088714777,0.1435715308616689,0.14357153085398336,0.14357153085220722,0.1435715308557951,0.1435715308616689,0.1435715308557951,0.14357153085220722,0.14357153085054913,0.14357153085220722,0.14357153085398336,0.14357153085220722,0.14357153085054913,0.14242936452379357,0.14242936452548718,0.14242936452725044,0.14242936452548718,0.14242936452379357,0.14242936452548718,0.14242936452903365,0.14242936453465818,0.14242936452903365,0.14242936452548718,0.14242936452725044,0.14242936453465818,0.14242936455845465,0.14242936453465818,0.14242936452725044,0.14242936452548718,0.14242936452903365,0.14242936453465818,0.14242936452903365,0.14242936452548718,0.14242936452379357,0.14242936452548718,0.14242936452725044,0.14242936452548718,0.14242936452379357,0.14130960279607643,0.14130960279757127,0.14130960279904817,0.14130960279757127,0.14130960279607643,0.14130960279757127,0.14130960280051916,0.14130960280486762,0.14130960280051916,0.14130960279757127,0.14130960279904817,0.14130960280486762,0.14130960282190333,0.14130960280486762,0.14130960279904817,0.14130960279757127,0.14130960280051916,0.14130960280486762,0.14130960280051916,0.14130960279757127,0.14130960279607643,0.14130960279757127,0.14130960279904817,0.14130960279757127,0.14130960279607643,0.14021174684130264,0.14021174684265908,0.14021174684391333,0.14021174684265908,0.14021174684130264,0.14021174684265908,0.1402117468451358,0.14021174684849885,0.1402117468451358,0.14021174684265908,0.14021174684391333,0.14021174684849885,0.1402117468612048,0.14021174684849885,0.14021174684391333,0.14021174684265908,0.1402117468451358,0.14021174684849885,0.1402117468451358,0.14021174684265908,0.14021174684130264,0.14021174684265908,0.14021174684391333,0.14021174684265908,0.14021174684130264,0.1391353071580337,0.13913530715960015,0.13913530716093792,0.13913530715960015,0.1391353071580337,0.13913530715960015,0.13913530716222386,0.13913530716499112,0.13913530716222386,0.13913530715960015,0.13913530716093792,0.13913530716499112,0.1391353071706414,0.13913530716499112,0.13913530716093792,0.13913530715960015,0.13913530716222386,0.13913530716499112,0.13913530716222386,0.13913530715960015,0.1391353071580337,0.13913530715960015,0.13913530716093792,0.13913530715960015,0.1391353071580337,0.13807980366209927,0.1380798036646419,0.13807980366711453,0.1380798036646419,0.13807980366209927,0.1380798036646419,0.13807980366959163,0.1380798036761193,0.13807980366959163,0.1380798036646419,0.13807980366711453,0.1380798036761193,0.13807980369390957,0.1380798036761193,0.13807980366711453,0.1380798036646419,0.13807980366959163,0.1380798036761193,0.13807980366959163,0.1380798036646419,0.13807980366209927,0.1380798036646419,0.13807980366711453,0.1380798036646419,0.13807980366209927,0.13704476574656996,0.13704476575031482,0.13704476575478422,0.13704476575031482,0.13704476574656996,0.13704476575031482,0.13704476575940092,0.13704476577740426,0.13704476575940092,0.13704476575031482,0.13704476575478422,0.13704476577740426,0.13704476587653483,0.13704476577740426,0.13704476575478422,0.13704476575031482,0.13704476575940092,0.13704476577740426,0.13704476575940092,0.13704476575031482,0.13704476574656996,0.13704476575031482,0.13704476575478422,0.13704476575031482,0.13704476574656996,0.1360297323146086,0.13602973231717813,0.13602973231967688,0.13602973231717813,0.1360297323146086,0.13602973231717813,0.13602973232217633,0.13602973232881738,0.13602973232217633,0.13602973231717813,0.13602973231967688,0.13602973232881738,0.1360297323471652,0.13602973232881738,0.13602973231967688,0.13602973231717813,0.13602973232217633,0.13602973232881738,0.13602973232217633,0.13602973231717813,0.1360297323146086,0.13602973231717813,0.13602973231967688,0.13602973231717813,0.1360297323146086,0.1350342517905131,0.1350342517921128,0.13503425179342912,0.1350342517921128,0.1350342517905131,0.1350342517921128,0.1350342517946755,0.13503425179720677,0.1350342517946755,0.1350342517921128,0.13503425179342912,0.13503425179720677,0.13503425180179515,0.13503425179720677,0.13503425179342912,0.1350342517921128,0.1350342517946755,0.13503425179720677,0.1350342517946755,0.1350342517921128,0.1350342517905131,0.1350342517921128,0.13503425179342912,0.1350342517921128,0.1350342517905131
0.16533248789961943,0.16533248789961896,0.16533248789961896,0.16533248789961896,0.16533248789961943,0.16533248789961896,0.1653324878996187,0.1653324878996185,0.1653324878996187,0.16533248789961896,0.16533248789961896,0.1653324878996185,0.1653324878996185,0.1653324878996185,0.16533248789961896,0.16533248789961896,0.1653324878996187,0.1653324878996185,0.1653324878996187,0.16533248789961896,0.16533248789961943,0.16533248789961896,0.16533248789961896,0.16533248789961896,0.16533248789961943,0.16375749417854923,0.1637574941785488,0.16375749417854832,0.1637574941785488,0.16375749417854923,0.1637574941785488,0.1637574941785481,0.16375749417854762,0.1637574941785481,0.1637574941785488,0.16375749417854832,0.16375749417854762,0.16375749417854715,0.16375749417854762,0.16375749417854832,0.1637574941785488,0.1637574941785481,0.16375749417854762,0.1637574941785481,0.1637574941785488,0.16375749417854923,0.1637574941785488,0.16375749417854832,0.1637574941785488,0.16375749417854923,0.16221388438941922,0.16221388438941717,0.16221388438941606,0.16221388438941717,0.16221388438941922,0.16221388438941717,0.16221388438941514,0.16221388438941378,0.16221388438941514,0.16221388438941717,0.16221388438941606,0.16221388438941378,0.16221388438941242,0.16221388438941398,0.16221388438941606,0.16221388438941717,0.16221388438941514,0.16221388438941398,0.16221388438941514,0.1622138843894174,0.16221388438941922,0.16221388438941717,0.16221388438941606,0.1622138843894174,0.16221388438941922,0.16070106748927204,0.16070106748926605,0.16070106748926227,0.16070106748926605,0.16070106748927204,0.16070106748926605,0.1607010674892596,0.1607010674892554,0.1607010674892596,0.16070106748926605,0.16070106748926227,0.1607010674892554,0.16070106748925098,0.1607010674892554,0.16070106748926227,0.16070106748926605,0.1607010674892596,0.1607010674892554,0.1607010674892596,0.16070106748926605,0.16070106748927204,0.16070106748926605,0.16070106748926227,0.16070106748926605,0.16070106748927204,0.15921845185309377,0.15921845185307634,0.15921845185306482,0.15921845185307634,0.15921845185309377,0.15921845185307634,0.15921845185305608,0.1592184518530426,0.15921845185305608,0.15921845185307634,0.15921845185306482,0.1592184518530426,0.1592184518530278,0.1592184518530426,0.15921845185306482,0.15921845185307634,0.15921845185305608,0.1592184518530426,0.15921845185305608,0.15921845185307634,0.15921845185309377,0.15921845185307634,0.15921845185306482,0.15921845185307634,0.15921845185309377,0.15776544662567568,0.15776544662562428,0.15776544662558992,0.15776544662562428,0.15776544662567568,0.15776544662562428,0.15776544662556216,0.15776544662551928,0.15776544662556216,0.15776544662562428,0.15776544662558992,0.15776544662551928,0.15776544662546893,0.15776544662551906,0.15776544662558992,0.15776544662562428,0.15776544662556216,0.15776544662551906,0.15776544662556216,0.15776544662562428,0.15776544662567568,0.15776544662562428,0.15776544662558992,0.15776544662562428,0.15776544662567568,0.1563414629359668,0.15634146293582082,0.1563414629357192,0.15634146293582082,0.1563414629359668,0.15634146293582082,0.15634146293563245,0.15634146293549192,0.15634146293563245,0.15634146293582082,0.1563414629357192,0.15634146293549192,0.15634146293531334,0.15634146293549192,0.1563414629357192,0.15634146293582082,0.15634146293563245,0.15634146293549192,0.15634146293563245,0.15634146293582082,0.1563414629359668,0.15634146293582082,0.1563414629357192,0.15634146293582082,0.1563414629359668,0.15494591498421567,0.15494591498382038,0.15494591498352528,0.15494591498382038,0.15494591498421567,0.15494591498382038,0.15494591498325969,0.1549459149827904,0.15494591498325969,0.15494591498382038,0.15494591498352528,0.1549459149827904,0.15494591498210528,0.1549459149827904,0.15494591498352528,0.15494591498382038,0.15494591498325969,0.1549459149827904,0.15494591498325969,0.15494591498382038,0.15494591498421567,0.15494591498382038,0.15494591498352528,0.15494591498382038,0.15494591498421567,0.15357822101167143,0.15357822101068067,0.1535782210098612,0.15357822101068067,0.15357822101167143,0.15357822101068067,0.15357822100908397,0.1535782210074917,0.15357822100908397,0.15357822101068067,0.1535782210098612,0.1535782210074917,0.15357822100457383,0.1535782210074917,0.1535782210098612,0.15357822101068067,0.15357822100908397,0.1535782210074917,0.15357822100908397,0.15357822101068067,0.15357822101167143,0.15357822101068067,0.1535782210098612,0.15357822101068067,0.15357822101167143,0.15223780416208685,0.15223780415991472,0.1522378041578422,0.15223780415991472,0.15223780416208685,0.15223780415991472,0.1522378041557795,0.15223780415047056,0.1522378041557795,0.15223780415991472,0.1522378041578422,0.15223780415047056,0.15223780413642685,0.15223780415047056,0.1522378041578422,0.15223780415991472,0.1522378041557795,0.15223780415047056,0.1522378041557795,0.15223780415991472,0.15223780416208685,0.15223780415991472,0.1522378041578422,0.15223780415991472,0.15223780416208685,0.15092409324353437,0.15092409323984093,0.15092409323565706,0.15092409323984093,0.15092409324353437,0.15092409323984093,0.15092409323135786,0.15092409321599215,0.15092409323135786,0.15092409323984093,0.15092409323565706,0.15092409321599215,0.15092409313945346,0.15092409321599215,0.15092409323565706,0.15092409323984093,0.15092409323135786,0.15092409321599215,0.15092409323135786,0.15092409323984093,0.15092409324353437,0.15092409323984093,0.15092409323565706,0.15092409323984093,0.15092409324353437,0.14963652339749994,0.14963652339390246,0.1496365233899797,0.14963652339390246,0.14963652339749994,0.14963652339390246,0.14963652338596245,0.1496365233727228,0.14963652338596245,0.14963652339390246,0.1496365233899797,0.1496365233727228,0.14963652331506433,0.1496365233727228,0.1496365233899797,0.14963652339390246,0.14963652338596245,0.1496365233727228,0.14963652338596245,0.14963652339390246,0.14963652339749994,0.14963652339390246,0.1496365233899797,0.14963652339390246,0.14963652339749994,0.14837453668027337,0.14837453667787834,0.14837453667540457,0.14837453667787834,0.14837453668027337,0.14837453667787834,0.1483745366728991,0.1483745366652266,0.1483745366728991,0.14837453667787834,0.14837453667540457,0.1483745366652266,0.14837453663436603,0.1483745366652266,0.14837453667540457,0.14837453667787834,0.1483745366728991,0.1483745366652266,0.1483745366728991,0.14837453667787834,0.14837453668027337,0.14837453667787834,0.14837453667540457,0.14837453667787834,0.14837453668027337,0.14713758257229342,0.14713758257139328,0.14713758257056564,0.14713758257139328,0.14713758257229342,0.14713758257139328,0.14713758256975382,0.14713758256766968,0.14713758256975382,0.14713758257139328,0.14713758257056564,0.14713758256766968,0.14713758256112783,0.14713758256766968,0.14713758257056564,0.14713758257139328,0.14713758256975382,0.14713758256766968,0.14713758256975382,0.14713758257139328,0.14713758257229342,0.14713758257139328,0.14713758257056564,0.14713758257139328,0.14713758257229342,0.14592511841762762,0.14592511841800157,0.14592511841850495,0.14592511841800157,0.14592511841762762,0.14592511841800157,0.14592511841904557,0.1459251184211681,0.14592511841904557,0.14592511841800157,0.14592511841850495,0.1459251184211681,0.14592511843196018,0.1459251184211681,0.14592511841850495,0.14592511841800157,0.14592511841904557,0.1459251184211681,0.14592511841904557,0.14592511841800157,0.14592511841762762,0.14592511841800157,0.14592511841850495,0.14592511841800157,0.14592511841762762,0.14473660979847494,0.14473660979970115,0.1447366098010548,0.14473660979970115,0.14473660979847494,0.14473660979970115,0.1447366098024484,0.1447366098070668,0.1447366098024484,0.14473660979970115,0.1447366098010548,0.1447366098070668,0.14473660982730135,0.1447366098070668,0.1447366098010548,0.14473660979970115,0.1447366098024484,0.1447366098070668,0.1447366098024484,0.14473660979970115,0.14473660979847494,0.14473660979970115,0.1447366098010548,0.14473660979970115,0.14473660979847494,0.14357153085035818,0.1435715308520118,0.14357153085378352,0.1435715308520118,0.14357153085035818,0.1435715308520118,0.14357153085559066,0.1435715308614514,0.14357153085559066,0.1435715308520118,0.14357153085378352,0.1435715308614514,0.14357153088686955,0.1435715308614514,0.14357153085378352,0.1435715308520118,0.14357153085559066,0.1435715308614514,0.14357153085559066,0.1435715308520118,0.14357153085035818,0.1435715308520118,0.14357153085378352,0.1435715308520118,0.14357153085035818,0.1424293645235141,0.1424293645251997,0.1424293645269537,0.1424293645251997,0.1424293645235141,0.1424293645251997,0.14242936452872748,0.14242936453431967,0.14242936452872748,0.1424293645251997,0.1424293645269537,0.14242936453431967,0.14242936455798294,0.14242936453431967,0.1424293645269537,0.1424293645251997,0.14242936452872748,0.14242936453431967,0.14242936452872748,0.1424293645251997,0.1424293645235141,0.1424293645251997,0.1424293645269537,0.1424293645251997,0.1424293645235141,0.14130960279572416,0.14130960279721028,0.14130960279867746,0.14130960279721028,0.14130960279572416,0.14130960279721028,0.14130960280013874,0.14130960280445334,0.14130960280013874,0.14130960279721028,0.14130960279867746,0.14130960280445334,0.14130960282132457,0.14130960280445334,0.14130960279867746,0.14130960279721028,0.14130960280013874,0.14130960280445334,0.14130960280013874,0.14130960279721028,0.14130960279572416,0.14130960279721028,0.14130960279867746,0.14130960279721028,0.14130960279572416,0.14021174684089402,0.14021174684224436,0.14021174684349258,0.14021174684224436,0.14021174684089402,0.14021174684224436,0.14021174684470925,0.14021174684805654,0.14021174684470925,0.14021174684224436,0.14021174684349258,0.14021174684805654,0.14021174686071522,0.14021174684805654,0.14021174684349258,0.14021174684224436,0.14021174684470925,0.14021174684805654,0.14021174684470925,0.14021174684224436,0.14021174684089402,0.14021174684224436,0.14021174684349258,0.14021174684224436,0.14021174684089402,0.13913530715758105,0.1391353071591427,0.13913530716047623,0.1391353071591427,0.13913530715758105,0.1391353071591427,0.13913530716175837,0.13913530716451727,0.13913530716175837,0.1391353071591427,0.13913530716047623,0.13913530716451727,0.13913530717015093,0.13913530716451727,0.13913530716047623,0.1391353071591427,0.13913530716175837,0.13913530716451727,0.13913530716175837,0.1391353071591427,0.13913530715758105,0.1391353071591427,0.13913530716047623,0.1391353071591427,0.13913530715758105,0.13807980366161177,0.1380798036641486,0.1380798036666156,0.1380798036641486,0.13807980366161177,0.1380798036641486,0.1380798036690871,0.13807980367560055,0.1380798036690871,0.1380798036641486,0.1380798036666156,0.13807980367560055,0.13807980369335296,0.13807980367560055,0.1380798036666156,0.1380798036641486,0.1380798036690871,0.13807980367560055,0.1380798036690871,0.1380798036641486,0.13807980366161177,0.1380798036641486,0.1380798036666156,0.1380798036641486,0.13807980366161177,0.1370447657460591,0.13704476574979607,0.13704476575425603,0.13704476574979607,0.1370447657460591,0.13704476574979607,0.13704476575886299,0.1370447657768288,0.13704476575886299,0.13704476574979607,0.13704476575425603,0.1370447657768288,0.13704476587574693,0.1370447657768288,0.13704476575425603,0.13704476574979607,0.13704476575886299,0.1370447657768288,0.13704476575886299,0.13704476574979607,0.1370447657460591,0.13704476574979607,0.13704476575425603,0.13704476574979607,0.1370447657460591,0.1360297323140903,0.13602973231665436,0.13602973231914786,0.13602973231665436,0.1360297323140903,0.13602973231665436,0.1360297323216421,0.13602973232826943,0.1360297323216421,0.13602973231665436,0.13602973231914786,0.13602973232826943,0.13602973234657922,0.13602973232826943,0.13602973231914786,0.13602973231665436,0.1360297323216421,0.13602973232826943,0.1360297323216421,0.13602973231665436,0.1360297323140903,0.13602973231665436,0.13602973231914786,0.13602973231665436,0.1360297323140903,0.13503425178999792,0.13503425179159426,0.1350342517929079,0.13503425179159426,0.13503425178999792,0.13503425179159426,0.13503425179415168,0.13503425179667763,0.13503425179415168,0.13503425179159426,0.1350342517929079,0.13503425179667763,0.1350342518012564,0.13503425179667763,0.1350342517929079,0.13503425179159426,0.13503425179415168,0.13503425179667763,0.13503425179415168,0.1350342517915944,0.13503425178999792,0.13503425179159426,0.1350342517929079,0.1350342517915944,0.13503425178999792
0.16533248789996044,0.16533248789996022,0.16533248789995997,0.16533248789996022,0.16533248789996044,0.16533248789996022,0.16533248789995997,0.16533248789995972,0.16533248789995997,0.16533248789996022,0.16533248789995997,0.16533248789995972,0.16533248789995947,0.16533248789995972,0.16533248789995997,0.16533248789996022,0.16533248789995997,0.16533248789995972,0.16533248789995997,0.16533248789996022,0.16533248789996044,0.16533248789996022,0.16533248789995997,0.16533248789996022,0.16533248789996044,0.16375749417888372,0.163757494178883,0.16375749417888255,0.163757494178883,0.16375749417888372,0.163757494178883,0.16375749417888233,0.16375749417888183,0.16375749417888233,0.163757494178883,0.16375749417888255,0.16375749417888183,0.1637574941788816,0.16375749417888183,0.16375749417888255,0.163757494178883,0.16375749417888233,0.16375749417888183,0.16375749417888233,0.163757494178883,0.16375749417888372,0.163757494178883,0.16375749417888255,0.163757494178883,0.16375749417888372,0.1622138843897468,0.16221388438974493,0.16221388438974382,0.16221388438974493,0.1622138843897468,0.16221388438974493,0.1622138843897429,0.16221388438974155,0.1622138843897429,0.16221388438974493,0.16221388438974382,0.16221388438974155,0.1622138843897402,0.16221388438974155,0.16221388438974382,0.16221388438974493,0.1622138843897429,0.16221388438974155,0.1622138843897429,0.16221388438974493,0.1622138843897468,0.16221388438974493,0.16221388438974382,0.16221388438974493,0.1622138843897468,0.1607010674895931,0.16070106748958707,0.16070106748958352,0.16070106748958707,0.1607010674895931,0.16070106748958707,0.16070106748958063,0.1607010674895764,0.16070106748958063,0.16070106748958707,0.16070106748958352,0.1607010674895764,0.16070106748957197,0.1607010674895764,0.16070106748958352,0.16070106748958707,0.16070106748958063,0.1607010674895764,0.16070106748958063,0.16070106748958707,0.1607010674895931,0.16070106748958707,0.16070106748958352,0.16070106748958707,0.1607010674895931,0.15921845185340838,0.15921845185339073,0.1592184518533794,0.15921845185339073,0.15921845185340838,0.15921845185339073,0.1592184518533707,0.1592184518533572,0.1592184518533707,0.15921845185339073,0.1592184518533794,0.1592184518533572,0.1592184518533424,0.1592184518533572,0.1592184518533794,0.15921845185339073,0.1592184518533707,0.1592184518533572,0.1592184518533707,0.15921845185339073,0.15921845185340838,0.15921845185339073,0.1592184518533794,0.15921845185339073,0.15921845185340838,0.1577654466259838,0.1577654466259324,0.15776544662589823,0.1577654466259324,0.1577654466259838,0.1577654466259324,0.15776544662587047,0.1577654466258274,0.15776544662587047,0.1577654466259324,0.15776544662589823,0.1577654466258274,0.15776544662577724,0.1577654466258274,0.15776544662589823,0.1577654466259324,0.15776544662587047,0.1577654466258274,0.15776544662587047,0.1577654466259324,0.1577654466259838,0.1577654466259324,0.15776544662589823,0.1577654466259324,0.1577654466259838,0.15634146293626833,0.15634146293612258,0.15634146293602094,0.15634146293612258,0.15634146293626833,0.15634146293612258,0.15634146293593437,0.15634146293579407,0.15634146293593437,0.15634146293612258,0.15634146293602094,0.15634146293579407,0.15634146293561593,0.15634146293579407,0.15634146293602094,0.15634146293612258,0.15634146293593437,0.15634146293579407,0.15634146293593437,0.15634146293612258,0.15634146293626833,0.15634146293612258,0.15634146293602094,0.15634146293612258,0.15634146293626833,0.15494591498451,0.15494591498411547,0.154945914983821,0.15494591498411547,0.15494591498451,0.15494591498411547,0.1549459149835558,0.15494591498308755,0.1549459149835558,0.15494591498411547,0.154945914983821,0.15494591498308755,0.15494591498240368,0.15494591498308755,0.154945914983821,0.15494591498411547,0.1549459149835558,0.15494591498308755,0.1549459149835558,0.15494591498411547,0.15494591498451,0.15494591498411547,0.154945914983821,0.15494591498411547,0.15494591498451,0.15357822101195703,0.15357822101096827,0.15357822101015045,0.15357822101096827,0.15357822101195703,0.15357822101096827,0.1535782210093748,0.1535782210077855,0.1535782210093748,0.15357822101096827,0.15357822101015045,0.1535782210077855,0.1535782210048729,0.1535782210077855,0.15357822101015045,0.15357822101096827,0.1535782210093748,0.1535782210077855,0.1535782210093748,0.15357822101096827,0.15357822101195703,0.15357822101096827,0.15357822101015045,0.15357822101096827,0.15357822101195703,0.15223780416236024,0.15223780416019225,0.15223780415812369,0.15223780416019225,0.15223780416236024,0.15223780416019225,0.15223780415606514,0.1522378041507662,0.15223780415606514,0.15223780416019225,0.15223780415812369,0.1522378041507662,0.15223780413674828,0.1522378041507662,0.15223780415812369,0.15223780416019225,0.15223780415606514,0.1522378041507662,0.15223780415606514,0.15223780416019225,0.15223780416236024,0.15223780416019225,0.15223780415812369,0.15223780416019225,0.15223780416236024,0.15092409324378633,0.1509240932401004,0.150924093235925,0.1509240932401004,0.15092409324378633,0.1509240932401004,0.1509240932316341,0.15092409321629754,0.1509240932316341,0.1509240932401004,0.150924093235925,0.15092409321629754,0.15092409313988042,0.15092409321629754,0.150924093235925,0.1509240932401004,0.1509240932316341,0.15092409321629754,0.1509240932316341,0.1509240932401004,0.15092409324378633,0.1509240932401004,0.150924093235925,0.1509240932401004,0.15092409324378633,0.14963652339771458,0.14963652339412575,0.1496365233902121,0.14963652339412575,0.14963652339771458,0.14963652339412575,0.1496365233862037,0.14963652337299319,0.1496365233862037,0.14963652339412575,0.1496365233902121,0.14963652337299319,0.14963652331547372,0.14963652337299319,0.1496365233902121,0.14963652339412575,0.1496365233862037,0.14963652337299319,0.1496365233862037,0.14963652339412575,0.14963652339771458,0.14963652339412575,0.1496365233902121,0.14963652339412575,0.14963652339771458,0.14837453668043274,0.1483745366780457,0.1483745366755801,0.1483745366780457,0.14837453668043274,0.1483745366780457,0.14837453667308295,0.14837453666543604,0.14837453667308295,0.1483745366780457,0.1483745366755801,0.14837453666543604,0.14837453663466127,0.14837453666543604,0.1483745366755801,0.1483745366780457,0.14837453667308295,0.14837453666543604,0.14837453667308295,0.1483745366780457,0.14837453668043274,0.1483745366780457,0.1483745366755801,0.1483745366780457,0.14837453668043274,0.14713758257238058,0.14713758257148685,0.14713758257066595,0.14713758257148685,0.14713758257238058,0.14713758257148685,0.14713758256986065,0.1471375825677985,0.14713758256986065,0.14713758257148685,0.14713758257066595,0.1471375825677985,0.14713758256133677,0.1471375825677985,0.14713758257066595,0.14713758257148685,0.14713758256986065,0.1471375825677985,0.14713758256986065,0.14713758257148685,0.14713758257238058,0.14713758257148685,0.14713758257066595,0.14713758257148685,0.14713758257238058,0.14592511841762834,0.14592511841800584,0.14592511841851297,0.14592511841800584,0.14592511841762834,0.14592511841800584,0.14592511841905714,0.14592511842119213,0.14592511841905714,0.14592511841800584,0.14592511841851297,0.14592511842119213,0.14592511843205633,0.14592511842119213,0.14592511841851297,0.14592511841800584,0.14592511841905714,0.14592511842119213,0.14592511841905714,0.14592511841800584,0.14592511841762834,0.14592511841800584,0.14592511841851297,0.14592511841800584,0.14592511841762834,0.14473660979838107,0.14473660979960692,0.1447366098009602,0.14473660979960692,0.14473660979838107,0.14473660979960692,0.14473660980235362,0.14473660980697137,0.14473660980235362,0.14473660979960692,0.1447366098009602,0.14473660980697137,0.14473660982720013,0.14473660980697137,0.1447366098009602,0.14473660979960692,0.14473660980235362,0.14473660980697137,0.14473660980235362,0.14473660979960692,0.14473660979838107,0.14473660979960692,0.1447366098009602,0.14473660979960692,0.14473660979838107,0.14357153085016894,0.14357153085181826,0.14357153085358554,0.14357153085181826,0.14357153085016894,0.14357153085181826,0.1435715308553882,0.143571530861236,0.1435715308553882,0.14357153085181826,0.14357153085358554,0.143571530861236,0.14357153088661015,0.143571530861236,0.14357153085358554,0.14357153085181826,0.1435715308553882,0.143571530861236,0.1435715308553882,0.14357153085181826,0.14357153085016894,0.14357153085181826,0.14357153085358554,0.14357153085181826,0.14357153085016894,0.14242936452323715,0.14242936452491467,0.1424293645266596,0.14242936452491467,0.14242936452323715,0.14242936452491467,0.14242936452842403,0.14242936453398417,0.14242936452842403,0.14242936452491467,0.1424293645266596,0.14242936453398417,0.14242936455750735,0.14242936453398417,0.1424293645266596,0.14242936452491467,0.14242936452842403,0.14242936453398417,0.14242936452842403,0.14242936452491467,0.14242936452323715,0.14242936452491467,0.1424293645266596,0.14242936452491467,0.14242936452323715,0.14130960279537483,0.14130960279685237,0.14130960279831004,0.14130960279685237,0.14130960279537483,0.14130960279685237,0.14130960279976146,0.14130960280404267,0.14130960279976146,0.14130960279685237,0.14130960279831004,0.14130960280404267,0.1413096028207435,0.14130960280404267,0.14130960279831004,0.14130960279685237,0.14130960279976146,0.14130960280404267,0.14130960279976146,0.14130960279685237,0.14130960279537483,0.14130960279685237,0.14130960279831004,0.14130960279685237,0.14130960279537483,0.1402117468404891,0.14021174684183316,0.1402117468430756,0.14021174684183316,0.1402117468404891,0.14021174684183316,0.1402117468442863,0.14021174684761795,0.1402117468442863,0.14021174684183316,0.1402117468430756,0.14021174684761795,0.1402117468602095,0.14021174684761795,0.1402117468430756,0.14021174684183316,0.1402117468442863,0.14021174684761795,0.1402117468442863,0.14021174684183316,0.1402117468404891,0.14021174684183316,0.1402117468430756,0.14021174684183316,0.1402117468404891,0.1391353071571325,0.13913530715868924,0.13913530716001882,0.13913530715868924,0.1391353071571325,0.13913530715868924,0.13913530716129682,0.1391353071640475,0.13913530716129682,0.13913530715868924,0.13913530716001882,0.1391353071640475,0.1391353071696649,0.1391353071640475,0.13913530716001882,0.13913530715868924,0.13913530716129682,0.1391353071640475,0.13913530716129682,0.13913530715868924,0.1391353071571325,0.13913530715868924,0.13913530716001882,0.13913530715868924,0.1391353071571325,0.13807980366112851,0.1380798036636594,0.13807980366612102,0.1380798036636594,0.13807980366112851,0.1380798036636594,0.13807980366858694,0.13807980367508627,0.13807980366858694,0.1380798036636594,0.13807980366612102,0.13807980367508627,0.138079803692801,0.13807980367508627,0.13807980366612102,0.1380798036636594,0.13807980366858694,0.13807980367508627,0.13807980366858694,0.1380798036636594,0.13807980366112851,0.1380798036636594,0.13807980366612102,0.1380798036636594,0.13807980366112851,0.13704476574555263,0.13704476574928176,0.13704476575373242,0.13704476574928176,0.13704476574555263,0.13704476574928176,0.1370447657583298,0.13704476577625851,0.1370447657583298,0.13704476574928176,0.13704476575373242,0.13704476577625851,0.1370447658749945,0.13704476577625851,0.13704476575373242,0.13704476574928176,0.1370447657583298,0.13704476577625851,0.1370447657583298,0.13704476574928176,0.13704476574555263,0.13704476574928176,0.13704476575373242,0.13704476574928176,0.13704476574555263,0.13602973231357632,0.13602973231613502,0.13602973231862345,0.13602973231613502,0.13602973231357632,0.13602973231613502,0.13602973232111248,0.13602973232772606,0.13602973232111248,0.13602973231613502,0.13602973231862345,0.13602973232772606,0.1360297323459983,0.13602973232772606,0.13602973231862345,0.13602973231613502,0.13602973232111248,0.13602973232772606,0.13602973232111248,0.13602973231613502,0.13602973231357632,0.13602973231613502,0.13602973231862345,0.13602973231613502,0.13602973231357632,0.13503425178948722,0.13503425179108036,0.13503425179239126,0.13503425179108036,0.13503425178948722,0.13503425179108036,0.13503425179363238,0.1350342517961531,0.13503425179363238,0.13503425179108036,0.13503425179239126,0.1350342517961531,0.13503425180072248,0.1350342517961531,0.13503425179239126,0.13503425179108036,0.13503425179363238,0.1350342517961531,0.13503425179363238,0.13503425179108036,0.13503425178948722,0.13503425179108036,0.13503425179239126,0.13503425179108036,0.13503425178948722
0.16533248790029884,0.16533248790029836,0.16533248790029836,0.16533248790029836,0.16533248790029884,0.16533248790029836,0.16533248790029814,0.1653324879002979,0.16533248790029814,0.16533248790029836,0.16533248790029836,0.1653324879002979,0.1653324879002979,0.1653324879002979,0.16533248790029836,0.16533248790029836,0.16533248790029814,0.1653324879002979,0.16533248790029814,0.16533248790029836,0.16533248790029884,0.16533248790029836,0.16533248790029836,0.16533248790029836,0.1653324879002986,0.16375749417921512,0.16375749417921442,0.1637574941792142,0.16375749417921442,0.16375749417921512,0.16375749417921442,0.16375749417921376,0.1637574941792135,0.16375749417921376,0.16375749417921442,0.1637574941792142,0.1637574941792135,0.16375749417921304,0.1637574941792135,0.1637574941792142,0.16375749417921442,0.16375749417921376,0.1637574941792135,0.16375749417921376,0.16375749417921442,0.16375749417921512,0.16375749417921442,0.1637574941792142,0.16375749417921442,0.16375749417921512,0.1622138843900716,0.1622138843900698,0.16221388439006842,0.1622138843900698,0.1622138843900716,0.1622138843900698,0.16221388439006776,0.16221388439006637,0.16221388439006776,0.1622138843900698,0.16221388439006842,0.16221388439006637,0.162213884390065,0.16221388439006637,0.16221388439006842,0.1622138843900698,0.16221388439006776,0.16221388439006637,0.16221388439006776,0.1622138843900698,0.1622138843900716,0.1622138843900698,0.16221388439006842,0.1622138843900698,0.1622138843900716,0.1607010674899112,0.1607010674899054,0.16070106748990165,0.1607010674899054,0.1607010674899112,0.1607010674899054,0.16070106748989896,0.16070106748989474,0.16070106748989896,0.1607010674899054,0.16070106748990165,0.16070106748989474,0.1607010674898903,0.16070106748989474,0.16070106748990165,0.1607010674899054,0.16070106748989896,0.16070106748989474,0.16070106748989896,0.1607010674899054,0.1607010674899112,0.1607010674899054,0.16070106748990165,0.1607010674899054,0.1607010674899112,0.15921845185372013,0.15921845185370248,0.15921845185369118,0.15921845185370248,0.15921845185372013,0.15921845185370248,0.15921845185368247,0.15921845185366898,0.15921845185368247,0.15921845185370248,0.15921845185369118,0.15921845185366898,0.15921845185365416,0.15921845185366898,0.15921845185369118,0.15921845185370248,0.15921845185368247,0.15921845185366898,0.15921845185368247,0.15921845185370248,0.15921845185372013,0.15921845185370248,0.15921845185369118,0.15921845185370248,0.15921845185372013,0.1577654466262889,0.15776544662623768,0.15776544662620354,0.15776544662623768,0.1577654466262889,0.15776544662623768,0.15776544662617606,0.15776544662613315,0.15776544662617606,0.15776544662623768,0.15776544662620354,0.15776544662613315,0.157765446626083,0.15776544662613315,0.15776544662620354,0.15776544662623768,0.15776544662617606,0.15776544662613315,0.15776544662617606,0.15776544662623768,0.1577654466262889,0.15776544662623768,0.15776544662620354,0.15776544662623768,0.1577654466262889,0.15634146293656714,0.1563414629364216,0.15634146293632037,0.1563414629364216,0.15634146293656714,0.1563414629364216,0.15634146293623385,0.15634146293609372,0.15634146293623385,0.1563414629364216,0.15634146293632037,0.15634146293609372,0.156341462935916,0.15634146293609372,0.15634146293632037,0.1563414629364216,0.15634146293623385,0.15634146293609372,0.15634146293623385,0.1563414629364216,0.15634146293656714,0.1563414629364216,0.15634146293632037,0.1563414629364216,0.15634146293656714,0.15494591498480179,0.15494591498440813,0.15494591498411403,0.15494591498440813,0.15494591498480179,0.15494591498440813,0.15494591498384927,0.1549459149833818,0.15494591498384927,0.15494591498440813,0.15494591498411403,0.1549459149833818,0.15494591498269938,0.1549459149833818,0.15494591498411403,0.15494591498440813,0.15494591498384927,0.1549459149833818,0.15494591498384927,0.15494591498440813,0.15494591498480179,0.15494591498440813,0.15494591498411403,0.15494591498440813,0.15494591498480179,0.15357822101224045,0.15357822101125346,0.15357822101043705,0.15357822101125346,0.15357822101224045,0.15357822101125346,0.153578221009663,0.15357822100807672,0.153578221009663,0.15357822101125346,0.15357822101043705,0.15357822100807672,0.15357822100516952,0.15357822100807672,0.15357822101043705,0.15357822101125346,0.153578221009663,0.15357822100807672,0.153578221009663,0.15357822101125346,0.15357822101224045,0.15357822101125346,0.15357822101043705,0.15357822101125346,0.15357822101224045,0.15223780416263108,0.15223780416046745,0.1522378041584028,0.15223780416046745,0.15223780416263108,0.15223780416046745,0.1522378041563482,0.15223780415105911,0.1522378041563482,0.15223780416046745,0.1522378041584028,0.15223780415105911,0.15223780413706697,0.15223780415105911,0.1522378041584028,0.15223780416046745,0.1522378041563482,0.15223780415105911,0.1522378041563482,0.15223780416046745,0.15223780416263108,0.15223780416046745,0.1522378041584028,0.15223780416046745,0.15223780416263108,0.15092409324403597,0.15092409324035758,0.1509240932361905,0.15092409324035758,0.15092409324403597,0.15092409324035758,0.15092409323190806,0.15092409321660044,0.15092409323190806,0.15092409324035758,0.1509240932361905,0.15092409321660044,0.15092409314033975,0.15092409321660044,0.1509240932361905,0.15092409324035758,0.15092409323190806,0.15092409321660044,0.15092409323190806,0.15092409324035758,0.15092409324403597,0.15092409324035758,0.1509240932361905,0.15092409324035758,0.15092409324403597,0.1496365233979275,0.149636523394347,0.14963652339044242,0.149636523394347,0.1496365233979275,0.149636523394347,0.1496365233864431,0.14963652337326133,0.1496365233864431,0.149636523394347,0.14963652339044242,0.14963652337326133,0.14963652331584829,0.14963652337326133,0.14963652339044242,0.149636523394347,0.1496365233864431,0.14963652337326133,0.1496365233864431,0.149636523394347,0.1496365233979275,0.149636523394347,0.14963652339044242,0.149636523394347,0.1496365233979275,0.14837453668059084,0.14837453667821157,0.1483745366757541,0.14837453667821157,0.14837453668059084,0.14837453667821157,0.1483745366732653,0.1483745366656436,0.1483745366732653,0.14837453667821157,0.1483745366757541,0.1483745366656436,0.14837453663499192,0.1483745366656436,0.1483745366757541,0.14837453667821157,0.1483745366732653,0.1483745366656436,0.1483745366732653,0.14837453667821157,0.14837453668059084,0.14837453667821157,0.1483745366757541,0.14837453667821157,0.14837453668059084,0.1471375825724669,0.1471375825715793,0.14713758257076492,0.1471375825715793,0.1471375825724669,0.1471375825715793,0.14713758256996654,0.1471375825679258,0.14713758256996654,0.1471375825715793,0.14713758257076492,0.1471375825679258,0.1471375825615582,0.1471375825679258,0.14713758257076492,0.1471375825715793,0.14713758256996654,0.1471375825679258,0.14713758256996654,0.1471375825715793,0.1471375825724669,0.1471375825715793,0.14713758257076492,0.1471375825715793,0.1471375825724669,0.14592511841762906,0.14592511841800995,0.1459251184185206,0.14592511841800995,0.14592511841762906,0.14592511841800995,0.1459251184190687,0.14592511842121578,0.1459251184190687,0.14592511841800995,0.1459251184185206,0.14592511842121578,0.14592511843210673,0.14592511842121578,0.1459251184185206,0.14592511841800995,0.1459251184190687,0.14592511842121578,0.1459251184190687,0.14592511841800995,0.14592511841762906,0.14592511841800995,0.1459251184185206,0.14592511841800995,0.14592511841762906,0.14473660979828804,0.14473660979951353,0.14473660980086647,0.14473660979951353,0.14473660979828804,0.14473660979951353,0.14473660980225972,0.14473660980687675,0.14473660980225972,0.14473660979951353,0.14473660980086647,0.14473660980687675,0.14473660982709693,0.14473660980687675,0.14473660980086647,0.14473660979951353,0.14473660980225972,0.14473660980687675,0.14473660980225972,0.14473660979951353,0.14473660979828804,0.14473660979951353,0.14473660980086647,0.14473660979951353,0.14473660979828804,0.1435715308499814,0.14357153085162644,0.14357153085338928,0.14357153085162644,0.1435715308499814,0.14357153085162644,0.14357153085518765,0.1435715308610226,0.14357153085518765,0.14357153085162644,0.14357153085338928,0.1435715308610226,0.14357153088635638,0.1435715308610226,0.14357153085338928,0.14357153085162644,0.14357153085518765,0.1435715308610226,0.14357153085518765,0.14357153085162644,0.1435715308499814,0.14357153085162644,0.14357153085338928,0.14357153085162644,0.1435715308499814,0.14242936452296268,0.14242936452463198,0.14242936452636806,0.14242936452463198,0.14242936452296268,0.14242936452463198,0.14242936452812324,0.14242936453365135,0.14242936452812324,0.14242936452463198,0.14242936452636806,0.14242936453365135,0.14242936455699454,0.14242936453365135,0.14242936452636806,0.14242936452463198,0.14242936452812324,0.14242936453365135,0.14242936452812324,0.14242936452463198,0.14242936452296268,0.14242936452463198,0.14242936452636806,0.14242936452463198,0.14242936452296268,0.14130960279502847,0.14130960279649749,0.14130960279794577,0.14130960279649749,0.14130960279502847,0.14130960279649749,0.14130960279938745,0.14130960280363547,0.14130960279938745,0.14130960279649749,0.14130960279794577,0.14130960280363547,0.14130960282018695,0.14130960280363547,0.14130960279794577,0.14130960279649749,0.14130960279938745,0.14130960280363547,0.14130960279938745,0.14130960279649749,0.14130960279502847,0.14130960279649749,0.14130960279794577,0.14130960279649749,0.14130960279502847,0.14021174684008775,0.1402117468414255,0.14021174684266216,0.1402117468414255,0.14021174684008775,0.1402117468414255,0.14021174684386703,0.14021174684718318,0.14021174684386703,0.1402117468414255,0.14021174684266216,0.14021174684718318,0.14021174685973803,0.14021174684718318,0.14021174684266216,0.1402117468414255,0.14021174684386703,0.14021174684718318,0.14021174684386703,0.1402117468414255,0.14021174684008775,0.1402117468414255,0.14021174684266216,0.1402117468414255,0.14021174684008775,0.13913530715668773,0.13913530715823974,0.1391353071595652,0.13913530715823974,0.13913530715668773,0.13913530715823974,0.1391353071608394,0.13913530716358188,0.1391353071608394,0.13913530715823974,0.1391353071595652,0.13913530716358188,0.139135307169183,0.13913530716358188,0.1391353071595652,0.13913530715823974,0.1391353071608394,0.13913530716358188,0.1391353071608394,0.13913530715823974,0.13913530715668773,0.13913530715823974,0.1391353071595652,0.13913530715823974,0.13913530715668773,0.13807980366064945,0.13807980366317463,0.1380798036656306,0.13807980366317463,0.13807980366064945,0.13807980366317463,0.1380798036680911,0.1380798036745765,0.1380798036680911,0.13807980366317463,0.1380798036656306,0.1380798036745765,0.13807980369225403,0.1380798036745765,0.1380798036656306,0.13807980366317463,0.1380798036680911,0.1380798036745765,0.1380798036680911,0.13807980366317463,0.13807980366064945,0.13807980366317463,0.1380798036656306,0.13807980366317463,0.13807980366064945,0.1370447657450506,0.1370447657487718,0.1370447657532132,0.1370447657487718,0.1370447657450506,0.1370447657487718,0.13704476575780114,0.13704476577569308,0.13704476575780114,0.1370447657487718,0.1370447657532132,0.13704476577569308,0.13704476587421852,0.13704476577569308,0.1370447657532132,0.1370447657487718,0.13704476575780114,0.13704476577569308,0.13704476575780114,0.1370447657487718,0.1370447657450506,0.1370447657487718,0.1370447657532132,0.1370447657487718,0.1370447657450506,0.13602973231306698,0.1360297323156203,0.13602973231810347,0.1360297323156203,0.13602973231306698,0.1360297323156203,0.13602973232058746,0.13602973232718749,0.13602973232058746,0.1360297323156203,0.13602973231810347,0.13602973232718749,0.13602973234542232,0.13602973232718749,0.13602973231810347,0.1360297323156203,0.13602973232058746,0.13602973232718749,0.13602973232058746,0.1360297323156203,0.13602973231306698,0.1360297323156203,0.13602973231810347,0.1360297323156203,0.13602973231306698,0.13503425178898093,0.13503425179057071,0.13503425179187897,0.13503425179057071,0.13503425178898093,0.13503425179057071,0.13503425179311762,0.13503425179563325,0.13503425179311762,0.13503425179057071,0.13503425179187897,0.13503425179563325,0.13503425180019324,0.13503425179563325,0.13503425179187897,0.13503425179057071,0.13503425179311762,0.13503425179563325,0.13503425179311762,0.13503425179057071,0.13503425178898093,0.13503425179057071,0.13503425179187897,0.13503425179057071,0.13503425178898093
0.16533248790063393,0.1653324879006337,0.1653324879006337,0.1653324879006337,0.16533248790063393,0.1653324879006337,0.16533248790063346,0.1653324879006332,0.16533248790063346,0.1653324879006337,0.1653324879006337,0.1653324879006332,0.1653324879006332,0.1653324879006332,0.1653324879006337,0.1653324879006337,0.16533248790063346,0.1653324879006332,0.16533248790063346,0.1653324879006337,0.16533248790063393,0.1653324879006337,0.1653324879006337,0.1653324879006337,0.16533248790063393,0.1637574941795438,0.1637574941795431,0.16375749417954263,0.1637574941795431,0.1637574941795438,0.1637574941795431,0.1637574941795424,0.16375749417954194,0.1637574941795424,0.1637574941795431,0.16375749417954263,0.16375749417954194,0.1637574941795415,0.16375749417954194,0.16375749417954263,0.1637574941795431,0.1637574941795424,0.16375749417954194,0.1637574941795424,0.1637574941795431,0.1637574941795438,0.1637574941795431,0.16375749417954263,0.1637574941795431,0.1637574941795438,0.1622138843903937,0.16221388439039167,0.16221388439039053,0.16221388439039167,0.1622138843903937,0.16221388439039167,0.1622138843903896,0.16221388439038825,0.1622138843903896,0.16221388439039167,0.16221388439039053,0.16221388439038825,0.16221388439038692,0.16221388439038825,0.16221388439039053,0.16221388439039167,0.1622138843903896,0.16221388439038825,0.1622138843903896,0.16221388439039167,0.1622138843903937,0.16221388439039167,0.16221388439039053,0.16221388439039167,0.1622138843903937,0.16070106749022686,0.16070106749022087,0.16070106749021731,0.16070106749022087,0.16070106749022686,0.16070106749022087,0.1607010674902144,0.1607010674902102,0.1607010674902144,0.16070106749022087,0.16070106749021731,0.1607010674902102,0.16070106749020577,0.1607010674902102,0.16070106749021731,0.16070106749022087,0.1607010674902144,0.1607010674902102,0.1607010674902144,0.16070106749022087,0.16070106749022686,0.16070106749022087,0.16070106749021731,0.16070106749022087,0.16070106749022686,0.15921845185402908,0.15921845185401165,0.15921845185400033,0.15921845185401165,0.15921845185402908,0.15921845185401165,0.15921845185399164,0.15921845185397834,0.15921845185399164,0.15921845185401165,0.15921845185400033,0.15921845185397834,0.15921845185396352,0.15921845185397834,0.15921845185400033,0.15921845185401165,0.15921845185399164,0.15921845185397834,0.15921845185399164,0.15921845185401165,0.15921845185402908,0.15921845185401165,0.15921845185400033,0.15921845185401165,0.15921845185402908,0.15776544662659167,0.15776544662654068,0.15776544662650652,0.15776544662654068,0.15776544662659167,0.15776544662654068,0.15776544662647904,0.15776544662643613,0.15776544662647882,0.15776544662654068,0.15776544662650652,0.15776544662643613,0.1577654466263862,0.15776544662643613,0.15776544662650652,0.15776544662654068,0.15776544662647882,0.15776544662643613,0.15776544662647882,0.15776544662654068,0.15776544662659167,0.15776544662654068,0.15776544662650652,0.15776544662654068,0.15776544662659167,0.15634146293686324,0.1563414629367181,0.15634146293661688,0.1563414629367181,0.15634146293686324,0.1563414629367181,0.15634146293653076,0.15634146293639087,0.15634146293653076,0.1563414629367181,0.15634146293661688,0.15634146293639087,0.15634146293621354,0.15634146293639087,0.15634146293661688,0.1563414629367181,0.15634146293653076,0.15634146293639087,0.15634146293653076,0.1563414629367181,0.15634146293686324,0.1563414629367181,0.15634146293661688,0.1563414629367181,0.15634146293686324,0.15494591498509117,0.1549459149846981,0.15494591498440463,0.1549459149846981,0.15494591498509117,0.1549459149846981,0.15494591498414048,0.15494591498367383,0.15494591498414048,0.1549459149846981,0.15494591498440463,0.15494591498367383,0.15494591498299265,0.15494591498367383,0.15494591498440463,0.1549459149846981,0.15494591498414048,0.15494591498367383,0.15494591498414048,0.1549459149846981,0.15494591498509117,0.1549459149846981,0.15494591498440463,0.1549459149846981,0.15494591498509117,0.1535782210125212,0.15357822101153626,0.15357822101072144,0.15357822101153626,0.1535782210125212,0.15357822101153626,0.1535782210099488,0.15357822100836535,0.1535782210099488,0.15357822101153626,0.15357822101072144,0.15357822100836535,0.15357822100546356,0.15357822100836535,0.15357822101072144,0.15357822101153626,0.1535782210099488,0.15357822100836535,0.1535782210099488,0.15357822101153626,0.1535782210125212,0.15357822101153626,0.15357822101072144,0.15357822101153626,0.1535782210125212,0.15223780416289978,0.1522378041607403,0.15223780415867955,0.1522378041607403,0.15223780416289978,0.1522378041607403,0.15223780415662888,0.15223780415134963,0.15223780415662888,0.1522378041607403,0.15223780415867955,0.15223780415134963,0.1522378041373831,0.15223780415134963,0.15223780415867955,0.1522378041607403,0.15223780415662888,0.15223780415134963,0.15223780415662888,0.1522378041607403,0.15223780416289978,0.1522378041607403,0.15223780415867955,0.1522378041607403,0.15223780416289978,0.15092409324428369,0.1509240932406126,0.15092409323645364,0.1509240932406126,0.15092409324428369,0.1509240932406126,0.1509240932321795,0.1509240932169008,0.1509240932321795,0.1509240932406126,0.15092409323645364,0.1509240932169008,0.15092409314077807,0.1509240932169008,0.15092409323645364,0.1509240932406126,0.1509240932321795,0.1509240932169008,0.1509240932321795,0.1509240932406126,0.15092409324428369,0.1509240932406126,0.15092409323645364,0.1509240932406126,0.15092409324428369,0.14963652339813852,0.14963652339456632,0.14963652339067063,0.14963652339456632,0.14963652339813852,0.14963652339456632,0.1496365233866804,0.14963652337352698,0.1496365233866804,0.14963652339456632,0.14963652339067063,0.14963652337352698,0.14963652331623079,0.14963652337352698,0.14963652339067063,0.14963652339456632,0.1496365233866804,0.14963652337352698,0.1496365233866804,0.14963652339456632,0.14963652339813852,0.14963652339456632,0.14963652339067063,0.14963652339456632,0.14963652339813852,0.14837453668074743,0.14837453667837597,0.14837453667592646,0.14837453667837597,0.14837453668074743,0.14837453667837597,0.1483745366734458,0.14837453666584913,0.1483745366734458,0.14837453667837597,0.14837453667592646,0.14837453666584913,0.14837453663530623,0.14837453666584913,0.14837453667592646,0.14837453667837597,0.1483745366734458,0.14837453666584913,0.1483745366734458,0.14837453667837597,0.14837453668074743,0.14837453667837597,0.14837453667592646,0.14837453667837597,0.14837453668074743,0.14713758257255227,0.14713758257167103,0.1471375825708632,0.14713758257167103,0.14713758257255227,0.14713758257167103,0.14713758257007137,0.1471375825680519,0.14713758257007137,0.14713758257167103,0.1471375825708632,0.1471375825680519,0.14713758256176473,0.1471375825680519,0.1471375825708632,0.14713758257167103,0.14713758257007137,0.1471375825680519,0.14713758257007137,0.14713758257167103,0.14713758257255227,0.14713758257167103,0.1471375825708632,0.14713758257167103,0.14713758257255227,0.1459251184176296,0.145925118418014,0.14592511841852826,0.145925118418014,0.1459251184176296,0.145925118418014,0.1459251184190801,0.14592511842123912,0.1459251184190801,0.145925118418014,0.14592511841852826,0.14592511842123912,0.1459251184321906,0.14592511842123912,0.14592511841852826,0.145925118418014,0.1459251184190801,0.14592511842123912,0.1459251184190801,0.145925118418014,0.1459251184176296,0.145925118418014,0.14592511841852826,0.145925118418014,0.1459251184176296,0.1447366097981957,0.14473660979942085,0.1447366098007736,0.14473660979942085,0.1447366097981957,0.14473660979942085,0.14473660980216668,0.14473660980678318,0.14473660980216668,0.14473660979942085,0.1447366098007736,0.14473660980678318,0.14473660982701333,0.14473660980678318,0.1447366098007736,0.14473660979942085,0.14473660980216668,0.14473660980678318,0.14473660980216668,0.14473660979942085,0.1447366097981957,0.14473660979942085,0.1447366098007736,0.14473660979942085,0.1447366097981957,0.14357153084979538,0.14357153085143617,0.1435715308531947,0.14357153085143617,0.14357153084979538,0.14357153085143617,0.14357153085498867,0.1435715308608113,0.14357153085498867,0.14357153085143617,0.1435715308531947,0.1435715308608113,0.14357153088612315,0.1435715308608113,0.1435715308531947,0.14357153085143617,0.14357153085498867,0.1435715308608113,0.14357153085498867,0.14357153085143617,0.14357153084979538,0.14357153085143617,0.1435715308531947,0.14357153085143617,0.14357153084979538,0.14242936452269028,0.14242936452435184,0.14242936452607904,0.14242936452435184,0.14242936452269028,0.14242936452435184,0.14242936452782498,0.1424293645333214,0.14242936452782498,0.14242936452435184,0.14242936452607904,0.1424293645333214,0.1424293645565186,0.1424293645333214,0.14242936452607904,0.14242936452435184,0.14242936452782498,0.1424293645333214,0.14242936452782498,0.14242936452435184,0.14242936452269028,0.14242936452435184,0.14242936452607904,0.14242936452435184,0.14242936452269028,0.14130960279468505,0.14130960279614552,0.14130960279758442,0.14130960279614552,0.14130960279468505,0.14130960279614552,0.14130960279901658,0.14130960280323154,0.14130960279901658,0.14130960279614552,0.14130960279758442,0.14130960280323154,0.14130960281964275,0.14130960280323154,0.14130960279758442,0.14130960279614552,0.14130960279901658,0.14130960280323154,0.14130960279901658,0.14130960279614552,0.14130960279468505,0.14130960279614552,0.14130960279758442,0.14130960279614552,0.14130960279468505,0.14021174683968962,0.14021174684102125,0.1402117468422521,0.14021174684102125,0.14021174683968962,0.14021174684102125,0.14021174684345133,0.140211746846752,0.14021174684345133,0.14021174684102125,0.1402117468422521,0.140211746846752,0.14021174685925042,0.140211746846752,0.1402117468422521,0.14021174684102125,0.14021174684345133,0.140211746846752,0.14021174684345133,0.14021174684102125,0.14021174683968962,0.14021174684102125,0.1402117468422521,0.14021174684102125,0.14021174683968962,0.13913530715624658,0.13913530715779387,0.13913530715911537,0.13913530715779387,0.13913530715624658,0.13913530715779387,0.1391353071603858,0.13913530716312003,0.1391353071603858,0.13913530715779387,0.13913530715911537,0.13913530716312003,0.139135307168705,0.13913530716312003,0.13913530715911537,0.13913530715779387,0.1391353071603858,0.13913530716312003,0.1391353071603858,0.13913530715779387,0.13913530715624658,0.13913530715779387,0.13913530715911537,0.13913530715779387,0.13913530715624658,0.1380798036601744,0.13807980366269382,0.13807980366514425,0.13807980366269382,0.1380798036601744,0.13807980366269382,0.13807980366759934,0.1380798036740709,0.13807980366759934,0.13807980366269382,0.13807980366514425,0.1380798036740709,0.13807980369171152,0.1380798036740709,0.13807980366514425,0.13807980366269382,0.13807980366759934,0.1380798036740709,0.13807980366759934,0.13807980366269382,0.1380798036601744,0.13807980366269382,0.13807980366514425,0.13807980366269382,0.1380798036601744,0.13704476574455268,0.1370447657482661,0.1370447657526984,0.1370447657482661,0.13704476574455268,0.1370447657482661,0.13704476575727692,0.13704476577513236,0.13704476575727675,0.1370447657482661,0.1370447657526984,0.13704476577513236,0.1370447658734478,0.13704476577513236,0.1370447657526984,0.1370447657482661,0.13704476575727675,0.13704476577513236,0.13704476575727675,0.1370447657482661,0.13704476574455268,0.1370447657482661,0.1370447657526984,0.1370447657482661,0.13704476574455268,0.13602973231256166,0.13602973231510992,0.13602973231758803,0.13602973231510992,0.13602973231256166,0.13602973231510992,0.13602973232006693,0.13602973232665355,0.13602973232006693,0.13602973231510992,0.13602973231758803,0.13602973232665355,0.13602973234485125,0.13602973232665355,0.13602973231758803,0.13602973231510992,0.13602973232006693,0.13602973232665355,0.13602973232006693,0.13602973231510976,0.13602973231256166,0.13602973231510992,0.13602973231758803,0.13602973231510976,0.13602973231256166,0.13503425178847892,0.13503425179006545,0.13503425179137094,0.13503425179006545,0.13503425178847892,0.13503425179006545,0.13503425179260709,0.13503425179511758,0.13503425179260709,0.13503425179006545,0.13503425179137094,0.13503425179511758,0.13503425179966821,0.13503425179511758,0.13503425179137094,0.13503425179006545,0.13503425179260709,0.13503425179511758,0.13503425179260709,0.13503425179006545,0.13503425178847892,0.13503425179006545,0.13503425179137094,0.13503425179006545,0.13503425178847892
0.1653324879009667,0.16533248790096644,0.16533248790096622,0.16533248790096644,0.1653324879009667,0.16533248790096644,0.16533248790096622,0.165332487900966,0.165332487900966,0.16533248790096644,0.16533248790096622,0.165332487900966,0.16533248790096575,0.165332487900966,0.16533248790096622,0.16533248790096644,0.165332487900966,0.165332487900966,0.165332487900966,0.16533248790096644,0.1653324879009667,0.16533248790096644,0.16533248790096622,0.16533248790096644,0.1653324879009667,0.1637574941798697,0.16375749417986898,0.16375749417986876,0.16375749417986898,0.1637574941798697,0.16375749417986898,0.1637574941798683,0.16375749417986804,0.1637574941798683,0.16375749417986898,0.16375749417986876,0.16375749417986804,0.1637574941798676,0.16375749417986804,0.16375749417986876,0.16375749417986898,0.1637574941798683,0.16375749417986804,0.1637574941798683,0.16375749417986898,0.1637574941798697,0.16375749417986898,0.16375749417986876,0.16375749417986898,0.1637574941798697,0.1622138843907131,0.16221388439071105,0.1622138843907099,0.16221388439071105,0.1622138843907131,0.16221388439071105,0.16221388439070902,0.16221388439070789,0.16221388439070902,0.16221388439071105,0.1622138843907099,0.16221388439070789,0.16221388439070653,0.16221388439070789,0.1622138843907099,0.16221388439071105,0.16221388439070902,0.16221388439070789,0.16221388439070902,0.16221388439071127,0.1622138843907131,0.16221388439071105,0.1622138843907099,0.16221388439071127,0.1622138843907131,0.16070106749053967,0.16070106749053387,0.16070106749053012,0.16070106749053387,0.16070106749053967,0.16070106749053387,0.16070106749052745,0.16070106749052324,0.16070106749052745,0.16070106749053387,0.16070106749053012,0.16070106749052324,0.1607010674905188,0.16070106749052324,0.16070106749053012,0.16070106749053387,0.16070106749052745,0.16070106749052324,0.16070106749052745,0.16070106749053387,0.16070106749053967,0.16070106749053387,0.16070106749053012,0.16070106749053387,0.16070106749053967,0.15921845185433584,0.1592184518543182,0.15921845185430708,0.1592184518543182,0.15921845185433584,0.1592184518543182,0.1592184518542984,0.15921845185428488,0.1592184518542984,0.1592184518543182,0.15921845185430708,0.15921845185428488,0.15921845185427008,0.15921845185428488,0.15921845185430708,0.1592184518543182,0.1592184518542984,0.15921845185428488,0.1592184518542984,0.1592184518543182,0.15921845185433584,0.1592184518543182,0.15921845185430708,0.1592184518543182,0.15921845185433584,0.1577654466268921,0.1577654466268409,0.15776544662680694,0.1577654466268409,0.1577654466268921,0.1577654466268409,0.15776544662677944,0.15776544662673653,0.15776544662677944,0.1577654466268409,0.15776544662680694,0.15776544662673653,0.15776544662668682,0.15776544662673653,0.15776544662680694,0.1577654466268409,0.15776544662677944,0.15776544662673653,0.15776544662677944,0.1577654466268409,0.1577654466268921,0.1577654466268409,0.15776544662680694,0.1577654466268409,0.1577654466268919,0.15634146293715726,0.15634146293701232,0.1563414629369113,0.15634146293701232,0.15634146293715726,0.15634146293701232,0.1563414629368252,0.1563414629366857,0.1563414629368252,0.15634146293701232,0.1563414629369113,0.1563414629366857,0.15634146293650858,0.1563414629366857,0.1563414629369113,0.15634146293701232,0.1563414629368252,0.1563414629366857,0.1563414629368252,0.15634146293701232,0.15634146293715726,0.15634146293701232,0.1563414629369113,0.15634146293701232,0.15634146293715726,0.15494591498537805,0.1549459149849858,0.15494591498469276,0.1549459149849858,0.15494591498537805,0.1549459149849858,0.15494591498442922,0.15494591498396343,0.15494591498442922,0.1549459149849858,0.15494591498469276,0.15494591498396343,0.15494591498328344,0.15494591498396343,0.15494591498469276,0.1549459149849858,0.15494591498442922,0.15494591498396343,0.15494591498442922,0.1549459149849858,0.15494591498537805,0.1549459149849858,0.15494591498469276,0.1549459149849858,0.15494591498537805,0.15357822101279997,0.15357822101181665,0.15357822101100344,0.15357822101181665,0.15357822101279997,0.15357822101181665,0.1535782210102322,0.15357822100865173,0.1535782210102322,0.15357822101181665,0.15357822101100344,0.15357822100865173,0.1535782210057554,0.15357822100865173,0.15357822101100344,0.15357822101181665,0.1535782210102322,0.15357822100865173,0.1535782210102322,0.15357822101181665,0.15357822101279997,0.15357822101181665,0.15357822101100344,0.15357822101181665,0.15357822101279997,0.1522378041631661,0.1522378041610109,0.15223780415895413,0.1522378041610109,0.1522378041631661,0.1522378041610109,0.1522378041569072,0.152237804151638,0.1522378041569072,0.1522378041610109,0.15223780415895413,0.152237804151638,0.15223780413769666,0.152237804151638,0.15223780415895413,0.1522378041610109,0.1522378041569072,0.152237804151638,0.1522378041569072,0.1522378041610109,0.1522378041631661,0.1522378041610109,0.15223780415895413,0.1522378041610109,0.1522378041631661,0.15092409324452924,0.15092409324086573,0.15092409323671485,0.15092409324086573,0.15092409324452924,0.15092409324086573,0.150924093232449,0.15092409321719868,0.150924093232449,0.15092409324086573,0.15092409323671485,0.15092409321719868,0.15092409314123376,0.15092409321719868,0.15092409323671485,0.15092409324086573,0.150924093232449,0.15092409321719868,0.150924093232449,0.15092409324086573,0.15092409324452924,0.15092409324086573,0.15092409323671485,0.15092409324086573,0.15092409324452924,0.14963652339834763,0.14963652339478395,0.14963652339089697,0.14963652339478395,0.14963652339834763,0.14963652339478395,0.1496365233869156,0.14963652337379055,0.1496365233869156,0.14963652339478395,0.14963652339089697,0.14963652337379055,0.14963652331663976,0.14963652337379055,0.14963652339089697,0.14963652339478395,0.1496365233869156,0.14963652337379055,0.1496365233869156,0.14963652339478395,0.14963652339834763,0.14963652339478395,0.14963652339089697,0.14963652339478395,0.14963652339834763,0.14837453668090275,0.14837453667853887,0.14837453667609735,0.14837453667853887,0.14837453668090275,0.14837453667853887,0.14837453667362466,0.14837453666605283,0.14837453667362466,0.14837453667853887,0.14837453667609735,0.14837453666605283,0.1483745366355972,0.14837453666605283,0.14837453667609735,0.14837453667853887,0.14837453667362466,0.14837453666605283,0.14837453667362466,0.14837453667853887,0.14837453668090275,0.14837453667853887,0.14837453667609735,0.14837453667853887,0.14837453668090275,0.1471375825726371,0.14713758257176188,0.14713758257096057,0.14713758257176188,0.1471375825726371,0.14713758257176188,0.14713758257017528,0.14713758256817686,0.14713758257017528,0.14713758257176188,0.14713758257096057,0.14713758256817686,0.14713758256198944,0.14713758256817686,0.14713758257096057,0.14713758257176188,0.14713758257017528,0.14713758256817686,0.14713758257017528,0.14713758257176188,0.1471375825726371,0.14713758257176188,0.14713758257096057,0.14713758257176188,0.1471375825726371,0.14592511841763028,0.14592511841801795,0.14592511841853592,0.14592511841801795,0.14592511841763028,0.14592511841801795,0.14592511841909134,0.14592511842126246,0.14592511841909134,0.14592511841801795,0.14592511841853592,0.14592511842126246,0.14592511843224848,0.14592511842126246,0.14592511841853592,0.14592511841801795,0.14592511841909134,0.14592511842126246,0.14592511841909134,0.14592511841801795,0.14592511841763028,0.14592511841801795,0.14592511841853592,0.14592511841801795,0.14592511841763028,0.14473660979810424,0.14473660979932904,0.14473660980068162,0.14473660979932904,0.14473660979810424,0.14473660979932904,0.14473660980207434,0.1447366098066905,0.14473660980207434,0.14473660979932904,0.14473660980068162,0.1447366098066905,0.1447366098269168,0.1447366098066905,0.14473660980068162,0.14473660979932904,0.14473660980207434,0.1447366098066905,0.14473660980207434,0.14473660979932904,0.14473660979810424,0.14473660979932904,0.14473660980068162,0.14473660979932904,0.14473660979810424,0.14357153084961094,0.1435715308512476,0.14357153085300187,0.1435715308512476,0.14357153084961094,0.1435715308512476,0.14357153085479152,0.14357153086060184,0.14357153085479152,0.1435715308512476,0.14357153085300187,0.14357153086060184,0.143571530885848,0.14357153086060184,0.14357153085300187,0.1435715308512476,0.14357153085479152,0.14357153086060184,0.14357153085479152,0.1435715308512476,0.14357153084961094,0.1435715308512476,0.14357153085300187,0.1435715308512476,0.14357153084961094,0.14242936452242036,0.14242936452407404,0.14242936452579233,0.14242936452407404,0.14242936452242036,0.14242936452407404,0.14242936452752925,0.14242936453299423,0.14242936452752925,0.14242936452407404,0.14242936452579233,0.14242936453299423,0.14242936455607189,0.14242936453299423,0.14242936452579233,0.14242936452407404,0.14242936452752925,0.14242936453299423,0.14242936452752925,0.14242936452407404,0.14242936452242036,0.14242936452407404,0.14242936452579233,0.14242936452407404,0.14242936452242036,0.14130960279434462,0.14130960279579652,0.14130960279722624,0.14130960279579652,0.14130960279434462,0.14130960279579652,0.14130960279864868,0.1413096028028309,0.14130960279864868,0.14130960279579652,0.14130960279722624,0.1413096028028309,0.14130960281908062,0.1413096028028309,0.14130960279722624,0.14130960279579652,0.14130960279864868,0.1413096028028309,0.14130960279864868,0.14130960279579652,0.14130960279434462,0.14130960279579652,0.14130960279722624,0.14130960279579652,0.14130960279434462,0.14021174683929488,0.14021174684062054,0.1402117468418456,0.14021174684062054,0.14021174683929488,0.14021174684062054,0.140211746843039,0.14021174684632454,0.140211746843039,0.14021174684062054,0.1402117468418456,0.14021174684632454,0.14021174685878743,0.14021174684632454,0.1402117468418456,0.14021174684062054,0.140211746843039,0.14021174684632454,0.140211746843039,0.14021174684062054,0.14021174683929488,0.14021174684062054,0.1402117468418456,0.14021174684062054,0.14021174683929488,0.13913530715580924,0.13913530715735195,0.1391353071586693,0.13913530715735195,0.13913530715580924,0.13913530715735195,0.1391353071599358,0.13913530716266212,0.1391353071599358,0.13913530715735195,0.1391353071586693,0.13913530716266212,0.13913530716823114,0.13913530716266212,0.1391353071586693,0.13913530715735195,0.1391353071599358,0.13913530716266212,0.1391353071599358,0.13913530715735195,0.13913530715580924,0.13913530715735195,0.1391353071586693,0.13913530715735195,0.13913530715580924,0.13807980365970324,0.13807980366221692,0.13807980366466208,0.13807980366221692,0.13807980365970324,0.13807980366221692,0.13807980366711187,0.1380798036735695,0.13807980366711187,0.13807980366221692,0.13807980366466208,0.1380798036735695,0.13807980369117354,0.1380798036735695,0.13807980366466208,0.13807980366221692,0.13807980366711187,0.1380798036735695,0.13807980366711187,0.13807980366221692,0.13807980365970324,0.13807980366221692,0.13807980366466208,0.13807980366221692,0.13807980365970324,0.13704476574405902,0.1370447657477647,0.13704476575218782,0.1370447657477647,0.13704476574405902,0.1370447657477647,0.13704476575675695,0.13704476577457633,0.13704476575675695,0.1370447657477647,0.13704476575218782,0.13704476577457633,0.1370447658727008,0.13704476577457633,0.13704476575218782,0.1370447657477647,0.13704476575675695,0.13704476577457633,0.13704476575675695,0.1370447657477647,0.13704476574405902,0.1370447657477647,0.13704476575218782,0.1370447657477647,0.13704476574405902,0.1360297323120608,0.13602973231460366,0.13602973231707677,0.13602973231460366,0.1360297323120608,0.13602973231460366,0.1360297323195506,0.13602973232612395,0.1360297323195506,0.13602973231460366,0.13602973231707677,0.13602973232612395,0.13602973234428492,0.13602973232612395,0.13602973231707677,0.13602973231460366,0.1360297323195506,0.13602973232612395,0.1360297323195506,0.13602973231460366,0.1360297323120608,0.13602973231460366,0.13602973231707677,0.13602973231460366,0.1360297323120608,0.13503425178798095,0.1350342517895643,0.13503425179086714,0.1350342517895643,0.13503425178798095,0.1350342517895643,0.13503425179210082,0.13503425179460618,0.13503425179210082,0.1350342517895643,0.13503425179086714,0.13503425179460618,0.13503425179914777,0.13503425179460618,0.13503425179086728,0.1350342517895643,0.13503425179210082,0.13503425179460618,0.13503425179210082,0.1350342517895643,0.13503425178798095,0.1350342517895643,0.13503425179086728,0.1350342517895643,0.13503425178798095
0.16533248790129662,0.16533248790129637,0.16533248790129612,0.16533248790129637,0.16533248790129662,0.16533248790129637,0.16533248790129612,0.16533248790129587,0.16533248790129612,0.16533248790129637,0.16533248790129612,0.16533248790129587,0.16533248790129568,0.16533248790129587,0.16533248790129612,0.16533248790129637,0.16533248790129612,0.16533248790129587,0.16533248790129612,0.16533248790129637,0.16533248790129662,0.16533248790129637,0.16533248790129612,0.16533248790129637,0.16533248790129662,0.16375749418019322,0.16375749418019256,0.1637574941801921,0.16375749418019256,0.163757494180193,0.16375749418019256,0.16375749418019186,0.1637574941801914,0.16375749418019186,0.16375749418019256,0.1637574941801921,0.1637574941801914,0.16375749418019095,0.1637574941801914,0.1637574941801921,0.16375749418019256,0.16375749418019186,0.1637574941801914,0.16375749418019186,0.16375749418019256,0.163757494180193,0.16375749418019256,0.1637574941801921,0.16375749418019256,0.16375749418019322,0.16221388439103,0.16221388439102818,0.1622138843910268,0.16221388439102818,0.16221388439103,0.16221388439102818,0.16221388439102613,0.16221388439102477,0.16221388439102613,0.16221388439102818,0.1622138843910268,0.16221388439102477,0.1622138843910234,0.16221388439102477,0.1622138843910268,0.16221388439102818,0.16221388439102613,0.16221388439102477,0.16221388439102613,0.16221388439102818,0.16221388439103,0.16221388439102818,0.1622138843910268,0.16221388439102818,0.16221388439103,0.16070106749085022,0.16070106749084445,0.16070106749084068,0.16070106749084445,0.16070106749085022,0.16070106749084445,0.16070106749083798,0.1607010674908338,0.16070106749083798,0.16070106749084445,0.16070106749084068,0.1607010674908338,0.16070106749082932,0.1607010674908338,0.16070106749084068,0.16070106749084445,0.16070106749083798,0.1607010674908338,0.16070106749083798,0.16070106749084445,0.16070106749085022,0.16070106749084445,0.16070106749084068,0.16070106749084445,0.16070106749085022,0.15921845185463998,0.15921845185462258,0.15921845185461125,0.15921845185462258,0.15921845185463998,0.15921845185462258,0.15921845185460257,0.15921845185458924,0.15921845185460257,0.15921845185462258,0.15921845185461125,0.15921845185458924,0.15921845185457445,0.15921845185458924,0.15921845185461125,0.15921845185462258,0.15921845185460257,0.15921845185458924,0.15921845185460257,0.15921845185462258,0.15921845185463998,0.15921845185462258,0.15921845185461125,0.15921845185462258,0.15921845185463998,0.15776544662718997,0.15776544662713896,0.15776544662710504,0.15776544662713896,0.15776544662718997,0.15776544662713896,0.15776544662707753,0.15776544662703484,0.15776544662707753,0.15776544662713896,0.15776544662710504,0.15776544662703484,0.1577654466269851,0.15776544662703484,0.15776544662710504,0.15776544662713896,0.15776544662707753,0.15776544662703484,0.15776544662707753,0.15776544662713896,0.15776544662718997,0.15776544662713896,0.15776544662710504,0.15776544662713896,0.15776544662718997,0.15634146293744872,0.15634146293730403,0.15634146293720325,0.15634146293730403,0.15634146293744872,0.15634146293730403,0.15634146293711731,0.15634146293697804,0.15634146293711731,0.15634146293730403,0.15634146293720325,0.15634146293697804,0.15634146293680132,0.15634146293697804,0.15634146293720325,0.15634146293730403,0.15634146293711731,0.15634146293697804,0.15634146293711731,0.15634146293730403,0.15634146293744872,0.15634146293730403,0.15634146293720325,0.15634146293730403,0.15634146293744872,0.1549459149856627,0.1549459149852713,0.15494591498497887,0.1549459149852713,0.1549459149856627,0.1549459149852713,0.15494591498471572,0.15494591498425092,0.15494591498471572,0.1549459149852713,0.15494591498497887,0.15494591498425092,0.154945914983572,0.15494591498425092,0.15494591498497887,0.1549459149852713,0.15494591498471572,0.15494591498425092,0.15494591498471572,0.1549459149852713,0.1549459149856627,0.1549459149852713,0.15494591498497887,0.1549459149852713,0.1549459149856627,0.15357822101307633,0.153578221012095,0.1535782210112834,0.153578221012095,0.15357822101307633,0.153578221012095,0.15357822101051355,0.15357822100893595,0.15357822101051355,0.153578221012095,0.1535782210112834,0.15357822100893595,0.15357822100604482,0.15357822100893595,0.1535782210112834,0.153578221012095,0.15357822101051355,0.15357822100893595,0.15357822101051355,0.153578221012095,0.15357822101307633,0.153578221012095,0.1535782210112834,0.153578221012095,0.15357822101307633,0.15223780416343044,0.1522378041612794,0.15223780415922655,0.1522378041612794,0.15223780416343044,0.1522378041612794,0.15223780415718358,0.1522378041519238,0.15223780415718358,0.1522378041612794,0.15223780415922655,0.1522378041519238,0.15223780413800808,0.1522378041519238,0.15223780415922655,0.1522378041612794,0.15223780415718358,0.1522378041519238,0.15223780415718358,0.1522378041612794,0.15223780416343044,0.1522378041612794,0.15223780415922655,0.1522378041612794,0.15223780416343044,0.15092409324477274,0.15092409324111672,0.15092409323697392,0.15092409324111672,0.15092409324477274,0.15092409324111672,0.1509240932327162,0.15092409321749442,0.1509240932327162,0.15092409324111672,0.15092409323697392,0.15092409321749442,0.15092409314162883,0.15092409321749442,0.15092409323697392,0.15092409324111672,0.1509240932327162,0.15092409321749442,0.1509240932327162,0.15092409324111672,0.15092409324477274,0.15092409324111672,0.15092409323697392,0.15092409324111672,0.15092409324477274,0.14963652339855527,0.14963652339499972,0.1496365233911214,0.14963652339499972,0.14963652339855527,0.14963652339499972,0.14963652338714895,0.14963652337405187,0.14963652338714895,0.14963652339499972,0.1496365233911214,0.14963652337405187,0.1496365233169962,0.14963652337405187,0.1496365233911214,0.14963652339499972,0.14963652338714895,0.14963652337405187,0.14963652338714895,0.14963652339499972,0.14963652339855527,0.14963652339499972,0.1496365233911214,0.14963652339499972,0.14963652339855527,0.14837453668105677,0.14837453667870046,0.14837453667626693,0.14837453667870046,0.14837453668105677,0.14837453667870046,0.1483745366738022,0.14837453666625486,0.1483745366738022,0.14837453667870046,0.14837453667626693,0.14837453666625486,0.14837453663592337,0.14837453666625486,0.14837453667626693,0.14837453667870046,0.1483745366738022,0.14837453666625486,0.1483745366738022,0.14837453667870046,0.14837453668105677,0.14837453667870046,0.14837453667626693,0.14837453667870046,0.14837453668105677,0.1471375825727212,0.14713758257185197,0.14713758257105702,0.14713758257185197,0.1471375825727212,0.14713758257185197,0.14713758257027829,0.14713758256830056,0.14713758257027829,0.14713758257185197,0.14713758257105702,0.14713758256830056,0.1471375825622047,0.14713758256830056,0.14713758257105702,0.14713758257185197,0.14713758257027829,0.14713758256830056,0.14713758257027829,0.14713758257185197,0.1471375825727212,0.14713758257185197,0.14713758257105702,0.14713758257185197,0.1471375825727212,0.145925118417631,0.14592511841802203,0.1459251184185436,0.14592511841802203,0.145925118417631,0.14592511841802203,0.14592511841910255,0.14592511842128542,0.14592511841910255,0.14592511841802203,0.1459251184185436,0.14592511842128542,0.14592511843231418,0.14592511842128542,0.1459251184185436,0.14592511841802203,0.14592511841910255,0.14592511842128542,0.14592511841910255,0.14592511841802203,0.145925118417631,0.14592511841802203,0.1459251184185436,0.14592511841802203,0.145925118417631,0.14473660979801345,0.1447366097992381,0.1447366098005905,0.1447366097992381,0.14473660979801345,0.1447366097992381,0.14473660980198305,0.14473660980659886,0.14473660980198305,0.1447366097992381,0.1447366098005905,0.14473660980659886,0.14473660982682413,0.14473660980659886,0.1447366098005905,0.1447366097992381,0.14473660980198305,0.14473660980659886,0.14473660980198305,0.1447366097992381,0.14473660979801345,0.1447366097992381,0.1447366098005905,0.1447366097992381,0.14473660979801345,0.14357153084942817,0.14357153085106075,0.14357153085281074,0.14357153085106075,0.14357153084942817,0.14357153085106075,0.14357153085459612,0.1435715308603943,0.14357153085459612,0.14357153085106075,0.14357153085281074,0.1435715308603943,0.1435715308856112,0.1435715308603943,0.14357153085281074,0.14357153085106075,0.14357153085459612,0.1435715308603943,0.14357153085459612,0.14357153085106059,0.14357153084942817,0.14357153085106075,0.14357153085281074,0.14357153085106059,0.14357153084942817,0.1424293645221528,0.14242936452379842,0.142429364525508,0.14242936452379842,0.1424293645221528,0.14242936452379842,0.142429364527236,0.14242936453266966,0.142429364527236,0.14242936452379842,0.142429364525508,0.14242936453266966,0.14242936455556898,0.14242936453266966,0.142429364525508,0.14242936452379842,0.142429364527236,0.14242936453266966,0.142429364527236,0.14242936452379842,0.1424293645221528,0.14242936452379842,0.142429364525508,0.14242936452379842,0.1424293645221528,0.1413096027940068,0.1413096027954505,0.1413096027968708,0.1413096027954505,0.1413096027940068,0.1413096027954505,0.1413096027982839,0.1413096028024337,0.1413096027982839,0.1413096027954505,0.1413096027968708,0.1413096028024337,0.1413096028185405,0.1413096028024337,0.1413096027968708,0.1413096027954505,0.1413096027982839,0.1413096028024337,0.1413096027982839,0.1413096027954505,0.1413096027940068,0.1413096027954505,0.1413096027968708,0.1413096027954505,0.1413096027940068,0.14021174683890333,0.14021174684022306,0.14021174684144228,0.14021174684022306,0.14021174683890333,0.14021174684022306,0.14021174684263005,0.1402117468459006,0.14021174684263005,0.14021174684022306,0.14021174684144228,0.1402117468459006,0.1402117468583019,0.1402117468459006,0.14021174684144228,0.14021174684022306,0.14021174684263005,0.1402117468459006,0.14021174684263005,0.14021174684022306,0.14021174683890333,0.14021174684022306,0.14021174684144228,0.14021174684022306,0.14021174683890333,0.1391353071553754,0.1391353071569135,0.13913530715822695,0.1391353071569135,0.1391353071553754,0.1391353071569135,0.13913530715948977,0.13913530716220804,0.13913530715948977,0.1391353071569135,0.13913530715822695,0.13913530716220804,0.13913530716776107,0.13913530716220804,0.13913530715822695,0.1391353071569135,0.13913530715948977,0.13913530716220804,0.13913530715948977,0.1391353071569135,0.1391353071553754,0.1391353071569135,0.13913530715822695,0.1391353071569135,0.1391353071553754,0.13807980365923608,0.13807980366174422,0.13807980366418393,0.13807980366174422,0.13807980365923608,0.13807980366174422,0.1380798036666283,0.1380798036730723,0.1380798036666283,0.13807980366174422,0.13807980366418393,0.1380798036730723,0.13807980369064002,0.1380798036730723,0.13807980366418393,0.13807980366174422,0.1380798036666283,0.1380798036730723,0.1380798036666283,0.13807980366174422,0.13807980365923608,0.13807980366174422,0.13807980366418393,0.13807980366174422,0.13807980365923608,0.13704476574356944,0.1370447657472675,0.13704476575168154,0.1370447657472675,0.13704476574356944,0.1370447657472675,0.13704476575624153,0.13704476577402488,0.13704476575624153,0.1370447657472675,0.13704476575168154,0.13704476577402488,0.13704476587195036,0.13704476577402488,0.13704476575168154,0.1370447657472675,0.13704476575624153,0.13704476577402488,0.13704476575624153,0.1370447657472675,0.13704476574356944,0.1370447657472675,0.13704476575168154,0.1370447657472675,0.13704476574356944,0.13602973231156398,0.13602973231410165,0.1360297323165698,0.13602973231410165,0.13602973231156398,0.13602973231410165,0.1360297323190387,0.13602973232559878,0.1360297323190387,0.13602973231410165,0.1360297323165698,0.13602973232559878,0.1360297323437234,0.13602973232559878,0.1360297323165698,0.13602973231410165,0.1360297323190387,0.13602973232559878,0.1360297323190387,0.13602973231410165,0.13602973231156398,0.13602973231410165,0.1360297323165698,0.13602973231410165,0.13602973231156398,0.13503425178748743,0.13503425178906753,0.13503425179036774,0.13503425178906753,0.13503425178748743,0.13503425178906753,0.1350342517915988,0.13503425179409917,0.13503425179159895,0.13503425178906753,0.13503425179036774,0.13503425179409917,0.13503425179863168,0.13503425179409917,0.13503425179036774,0.13503425178906753,0.13503425179159895,0.13503425179409917,0.13503425179159895,0.13503425178906753,0.13503425178748743,0.13503425178906753,0.13503425179036774,0.13503425178906753,0.13503425178748743
0.16533248790162391,0.16533248790162366,0.16533248790162344,0.16533248790162366,0.16533248790162391,0.16533248790162366,0.16533248790162344,0.16533248790162322,0.16533248790162344,0.16533248790162366,0.16533248790162344,0.16533248790162322,0.16533248790162297,0.16533248790162322,0.16533248790162344,0.16533248790162366,0.16533248790162344,0.16533248790162322,0.16533248790162344,0.16533248790162366,0.16533248790162391,0.16533248790162366,0.16533248790162344,0.16533248790162366,0.16533248790162391,0.16375749418051383,0.16375749418051314,0.16375749418051289,0.16375749418051314,0.16375749418051383,0.16375749418051314,0.16375749418051241,0.1637574941805122,0.16375749418051241,0.16375749418051314,0.16375749418051289,0.1637574941805122,0.16375749418051175,0.1637574941805122,0.16375749418051289,0.16375749418051314,0.16375749418051241,0.1637574941805122,0.16375749418051241,0.16375749418051314,0.16375749418051383,0.16375749418051314,0.16375749418051289,0.16375749418051314,0.16375749418051383,0.16221388439134438,0.16221388439134235,0.1622138843913412,0.16221388439134235,0.16221388439134438,0.16221388439134235,0.1622138843913403,0.16221388439133894,0.1622138843913403,0.16221388439134235,0.1622138843913412,0.16221388439133894,0.1622138843913376,0.16221388439133894,0.1622138843913412,0.16221388439134235,0.1622138843913403,0.16221388439133894,0.1622138843913403,0.16221388439134235,0.16221388439134438,0.16221388439134235,0.1622138843913412,0.16221388439134235,0.16221388439134438,0.16070106749115814,0.16070106749115234,0.16070106749114857,0.16070106749115234,0.16070106749115814,0.16070106749115234,0.1607010674911459,0.1607010674911419,0.1607010674911459,0.16070106749115234,0.16070106749114857,0.1607010674911419,0.16070106749113724,0.1607010674911419,0.16070106749114857,0.16070106749115234,0.1607010674911459,0.1607010674911419,0.1607010674911459,0.16070106749115234,0.16070106749115814,0.16070106749115234,0.16070106749114857,0.16070106749115234,0.16070106749115814,0.15921845185494152,0.15921845185492434,0.159218451854913,0.15921845185492434,0.15921845185494152,0.15921845185492434,0.1592184518549043,0.15921845185489103,0.1592184518549043,0.15921845185492434,0.159218451854913,0.15921845185489103,0.15921845185487624,0.15921845185489103,0.159218451854913,0.15921845185492434,0.1592184518549043,0.15921845185489103,0.1592184518549043,0.15921845185492434,0.15921845185494152,0.15921845185492434,0.159218451854913,0.15921845185492434,0.15921845185494152,0.15776544662748526,0.1577654466274345,0.15776544662740058,0.1577654466274345,0.15776544662748526,0.1577654466274345,0.15776544662737324,0.15776544662733055,0.15776544662737324,0.1577654466274345,0.15776544662740058,0.15776544662733055,0.15776544662728087,0.15776544662733055,0.15776544662740058,0.1577654466274345,0.15776544662737324,0.15776544662733055,0.15776544662737324,0.1577654466274345,0.15776544662748526,0.1577654466274345,0.15776544662740058,0.1577654466274345,0.15776544662748526,0.1563414629377377,0.15634146293759343,0.15634146293749285,0.15634146293759343,0.1563414629377377,0.15634146293759343,0.1563414629374071,0.15634146293726806,0.1563414629374071,0.15634146293759343,0.15634146293749285,0.15634146293726806,0.15634146293709156,0.15634146293726806,0.15634146293749285,0.15634146293759343,0.1563414629374071,0.15634146293726806,0.1563414629374071,0.15634146293759343,0.1563414629377377,0.15634146293759343,0.15634146293749285,0.15634146293759343,0.1563414629377377,0.1549459149859451,0.15494591498555432,0.15494591498526247,0.15494591498555432,0.1549459149859451,0.15494591498555432,0.15494591498499977,0.1549459149845358,0.15494591498499977,0.15494591498555432,0.15494591498526247,0.1549459149845358,0.1549459149838583,0.1549459149845358,0.15494591498526247,0.15494591498555432,0.15494591498499977,0.1549459149845358,0.15494591498499977,0.15494591498555432,0.1549459149859451,0.15494591498555432,0.15494591498526247,0.15494591498555432,0.1549459149859451,0.1535782210133505,0.15357822101237095,0.15357822101156077,0.15357822101237095,0.1535782210133505,0.15357822101237095,0.15357822101079233,0.15357822100921792,0.15357822101079233,0.15357822101237095,0.15357822101156077,0.15357822100921792,0.15357822100633203,0.15357822100921792,0.15357822101156077,0.15357822101237095,0.15357822101079233,0.15357822100921792,0.15357822101079233,0.15357822101237095,0.1535782210133505,0.15357822101237095,0.15357822101156077,0.15357822101237095,0.1535782210133505,0.15223780416369265,0.15223780416154556,0.1522378041594968,0.15223780416154556,0.15223780416369265,0.15223780416154556,0.15223780415745755,0.15223780415220747,0.15223780415745755,0.15223780416154556,0.1522378041594968,0.15223780415220747,0.1522378041383167,0.15223780415220747,0.1522378041594968,0.15223780416154556,0.15223780415745755,0.15223780415220747,0.15223780415745755,0.15223780416154556,0.15223780416369265,0.15223780416154556,0.1522378041594968,0.15223780416154556,0.15223780416369265,0.15092409324501446,0.15092409324136558,0.15092409323723072,0.15092409324136558,0.15092409324501446,0.15092409324136558,0.15092409323298128,0.15092409321778769,0.15092409323298128,0.15092409324136558,0.15092409323723072,0.15092409321778769,0.15092409314207664,0.15092409321778769,0.15092409323723072,0.15092409324136558,0.15092409323298128,0.15092409321778769,0.15092409323298128,0.15092409324136558,0.15092409324501446,0.15092409324136558,0.15092409323723072,0.15092409324136558,0.15092409324501446,0.14963652339876096,0.14963652339521374,0.14963652339134395,0.14963652339521374,0.14963652339876096,0.14963652339521374,0.14963652338738037,0.1496365233743111,0.14963652338738037,0.14963652339521374,0.14963652339134395,0.1496365233743111,0.14963652331738062,0.1496365233743111,0.14963652339134395,0.14963652339521374,0.14963652338738037,0.1496365233743111,0.14963652338738037,0.14963652339521374,0.14963652339876096,0.14963652339521374,0.14963652339134395,0.14963652339521374,0.14963652339876096,0.14837453668120928,0.1483745366788606,0.14837453667643483,0.1483745366788606,0.14837453668120928,0.1483745366788606,0.14837453667397807,0.1483745366664548,0.14837453667397807,0.1483745366788606,0.14837453667643483,0.1483745366664548,0.14837453663621156,0.1483745366664548,0.14837453667643483,0.1483745366788606,0.14837453667397807,0.1483745366664548,0.14837453667397807,0.1483745366788606,0.14837453668120928,0.1483745366788606,0.14837453667643483,0.1483745366788606,0.14837453668120928,0.14713758257280443,0.14713758257194115,0.14713758257115261,0.14713758257194115,0.14713758257280443,0.14713758257194115,0.1471375825703802,0.14713758256842302,0.1471375825703802,0.14713758257194115,0.14713758257115261,0.14713758256842302,0.14713758256241796,0.14713758256842302,0.14713758257115261,0.14713758257194115,0.1471375825703802,0.14713758256842302,0.1471375825703802,0.14713758257194115,0.14713758257280443,0.14713758257194115,0.14713758257115261,0.14713758257194115,0.14713758257280443,0.14592511841763156,0.14592511841802577,0.1459251184185509,0.14592511841802577,0.14592511841763156,0.14592511841802577,0.14592511841911357,0.14592511842130823,0.14592511841911357,0.14592511841802577,0.1459251184185509,0.14592511842130823,0.14592511843240571,0.14592511842130823,0.1459251184185509,0.14592511841802577,0.14592511841911357,0.14592511842130823,0.14592511841911357,0.14592511841802577,0.14592511841763156,0.14592511841802577,0.1459251184185509,0.14592511841802577,0.14592511841763156,0.14473660979792338,0.14473660979914785,0.1447366098005001,0.14473660979914785,0.14473660979792338,0.14473660979914785,0.14473660980189246,0.14473660980650793,0.14473660980189246,0.14473660979914785,0.1447366098005001,0.14473660980650793,0.14473660982674258,0.14473660980650793,0.1447366098005001,0.14473660979914785,0.14473660980189246,0.14473660980650793,0.14473660980189246,0.14473660979914785,0.14473660979792338,0.14473660979914785,0.1447366098005001,0.14473660979914785,0.14473660979792338,0.1435715308492468,0.1435715308508751,0.14357153085262114,0.1435715308508751,0.1435715308492468,0.1435715308508751,0.14357153085440227,0.14357153086018842,0.14357153085440227,0.1435715308508751,0.14357153085262114,0.14357153086018842,0.14357153088535812,0.14357153086018842,0.14357153085262114,0.1435715308508751,0.14357153085440227,0.14357153086018842,0.14357153085440227,0.1435715308508751,0.1435715308492468,0.1435715308508751,0.14357153085262114,0.1435715308508751,0.1435715308492468,0.14242936452188706,0.14242936452352517,0.142429364525226,0.14242936452352517,0.14242936452188706,0.14242936452352517,0.14242936452694496,0.14242936453234775,0.14242936452694496,0.14242936452352517,0.142429364525226,0.14242936453234775,0.14242936455512595,0.14242936453234775,0.142429364525226,0.14242936452352517,0.14242936452694496,0.14242936453234775,0.14242936452694496,0.14242936452352517,0.14242936452188706,0.14242936452352517,0.142429364525226,0.14242936452352517,0.14242936452188706,0.1413096027936718,0.14130960279510707,0.14130960279651822,0.14130960279510707,0.1413096027936718,0.14130960279510707,0.1413096027979219,0.14130960280203933,0.1413096027979219,0.14130960279510707,0.14130960279651822,0.14130960280203933,0.14130960281797622,0.14130960280203933,0.14130960279651822,0.14130960279510707,0.1413096027979219,0.14130960280203933,0.1413096027979219,0.14130960279510707,0.1413096027936718,0.14130960279510707,0.14130960279651822,0.14130960279510707,0.1413096027936718,0.1402117468385149,0.1402117468398286,0.1402117468410422,0.1402117468398286,0.1402117468385149,0.1402117468398286,0.14021174684222434,0.14021174684547988,0.14021174684222434,0.1402117468398286,0.1402117468410422,0.14021174684547988,0.1402117468578267,0.14021174684547988,0.1402117468410422,0.1402117468398286,0.14021174684222434,0.14021174684547988,0.14021174684222434,0.1402117468398286,0.1402117468385149,0.1402117468398286,0.1402117468410422,0.1402117468398286,0.1402117468385149,0.13913530715494515,0.13913530715647854,0.13913530715778819,0.13913530715647854,0.13913530715494515,0.13913530715647854,0.1391353071590472,0.13913530716175757,0.1391353071590472,0.13913530715647854,0.13913530715778819,0.13913530716175757,0.13913530716729497,0.13913530716175757,0.13913530715778819,0.13913530715647854,0.1391353071590472,0.13913530716175757,0.1391353071590472,0.13913530715647854,0.13913530715494515,0.13913530715647854,0.13913530715778819,0.13913530715647854,0.13913530715494515,0.13807980365877268,0.13807980366127504,0.1380798036637095,0.13807980366127504,0.13807980365877268,0.13807980366127504,0.1380798036661486,0.1380798036725791,0.1380798036661486,0.13807980366127504,0.1380798036637095,0.1380798036725791,0.13807980369011086,0.1380798036725791,0.1380798036637095,0.13807980366127504,0.1380798036661486,0.1380798036725791,0.1380798036661486,0.13807980366127504,0.13807980365877268,0.13807980366127504,0.1380798036637095,0.13807980366127504,0.13807980365877268,0.1370447657430837,0.13704476574677416,0.13704476575117933,0.13704476574677416,0.1370447657430837,0.13704476574677416,0.13704476575573007,0.13704476577347782,0.13704476575573007,0.13704476574677416,0.13704476575117933,0.13704476577347782,0.137044765871223,0.13704476577347782,0.13704476575117933,0.13704476574677416,0.13704476575573007,0.13704476577347782,0.13704476575573007,0.13704476574677416,0.1370447657430837,0.13704476574677416,0.13704476575117933,0.13704476574677416,0.1370447657430837,0.13602973231107104,0.13602973231360377,0.13602973231606685,0.13602973231360377,0.13602973231107104,0.13602973231360377,0.13602973231853072,0.13602973232507767,0.13602973231853072,0.13602973231360377,0.13602973231606685,0.13602973232507767,0.13602973234316618,0.13602973232507767,0.13602973231606685,0.13602973231360377,0.13602973231853072,0.13602973232507767,0.13602973231853072,0.13602973231360377,0.13602973231107104,0.13602973231360377,0.13602973231606685,0.13602973231360377,0.13602973231107104,0.13503425178699752,0.13503425178857456,0.13503425178987216,0.13503425178857456,0.13503425178699752,0.13503425178857456,0.13503425179110085,0.1350342517935961,0.13503425179110085,0.13503425178857456,0.13503425178987216,0.1350342517935961,0.1350342517981196,0.1350342517935961,0.13503425178987216,0.13503425178857456,0.13503425179110085,0.1350342517935961,0.13503425179110085,0.13503425178857456,0.13503425178699752,0.13503425178857456,0.13503425178987216,0.13503425178857456,0.13503425178699752
0.16533248790194863,0.1653324879019484,0.16533248790194816,0.1653324879019484,0.16533248790194863,0.1653324879019484,0.16533248790194816,0.1653324879019479,0.16533248790194816,0.1653324879019484,0.16533248790194816,0.1653324879019479,0.16533248790194768,0.1653324879019479,0.16533248790194816,0.1653324879019484,0.16533248790194816,0.1653324879019479,0.16533248790194816,0.1653324879019484,0.16533248790194863,0.1653324879019484,0.16533248790194816,0.1653324879019484,0.16533248790194863,0.16375749418083205,0.16375749418083163,0.16375749418083116,0.16375749418083163,0.16375749418083205,0.16375749418083163,0.16375749418083094,0.16375749418083047,0.16375749418083094,0.16375749418083163,0.16375749418083116,0.16375749418083047,0.16375749418083,0.16375749418083047,0.16375749418083116,0.16375749418083163,0.16375749418083094,0.16375749418083047,0.16375749418083094,0.16375749418083163,0.16375749418083205,0.16375749418083163,0.16375749418083116,0.16375749418083163,0.16375749418083205,0.16221388439165627,0.16221388439165424,0.16221388439165313,0.16221388439165424,0.16221388439165627,0.16221388439165424,0.16221388439165224,0.16221388439165085,0.16221388439165224,0.16221388439165424,0.16221388439165313,0.16221388439165085,0.1622138843916495,0.16221388439165085,0.16221388439165313,0.16221388439165424,0.16221388439165224,0.16221388439165085,0.16221388439165224,0.16221388439165424,0.16221388439165627,0.16221388439165424,0.16221388439165313,0.16221388439165424,0.16221388439165627,0.16070106749146382,0.16070106749145804,0.16070106749145427,0.16070106749145804,0.16070106749146382,0.16070106749145804,0.16070106749145158,0.16070106749144736,0.16070106749145158,0.16070106749145804,0.16070106749145427,0.16070106749144736,0.16070106749144294,0.16070106749144736,0.16070106749145427,0.16070106749145804,0.16070106749145158,0.16070106749144736,0.16070106749145158,0.16070106749145804,0.16070106749146382,0.16070106749145804,0.16070106749145427,0.16070106749145804,0.16070106749146382,0.1592184518552411,0.15921845185522368,0.15921845185521236,0.15921845185522368,0.1592184518552411,0.15921845185522368,0.1592184518552039,0.1592184518551906,0.1592184518552039,0.15921845185522368,0.15921845185521236,0.1592184518551906,0.15921845185517577,0.1592184518551906,0.15921845185521236,0.15921845185522368,0.1592184518552039,0.1592184518551906,0.1592184518552039,0.15921845185522368,0.1592184518552411,0.15921845185522368,0.15921845185521236,0.15921845185522368,0.1592184518552411,0.15776544662777864,0.15776544662772787,0.15776544662769396,0.15776544662772787,0.15776544662777864,0.15776544662772787,0.15776544662766662,0.15776544662762418,0.15776544662766662,0.15776544662772787,0.15776544662769396,0.15776544662762418,0.15776544662757444,0.15776544662762418,0.15776544662769396,0.15776544662772787,0.15776544662766662,0.15776544662762418,0.15776544662766662,0.15776544662772787,0.15776544662777864,0.15776544662772787,0.15776544662769396,0.15776544662772787,0.15776544662777864,0.1563414629380248,0.15634146293788076,0.15634146293778037,0.15634146293788076,0.1563414629380248,0.15634146293788076,0.15634146293769463,0.156341462937556,0.15634146293769463,0.15634146293788076,0.15634146293778037,0.156341462937556,0.15634146293737974,0.156341462937556,0.15634146293778037,0.15634146293788076,0.15634146293769463,0.156341462937556,0.15634146293769463,0.15634146293788076,0.1563414629380248,0.15634146293788076,0.15634146293778037,0.15634146293788076,0.1563414629380248,0.15494591498622526,0.15494591498583526,0.15494591498554405,0.15494591498583526,0.15494591498622526,0.15494591498583526,0.15494591498528174,0.1549459149848186,0.15494591498528174,0.15494591498583526,0.15494591498554405,0.1549459149848186,0.1549459149841423,0.1549459149848186,0.15494591498554405,0.15494591498583526,0.15494591498528174,0.1549459149848186,0.15494591498528174,0.15494591498583526,0.15494591498622526,0.15494591498583526,0.15494591498554405,0.15494591498583526,0.15494591498622526,0.15357822101362242,0.15357822101264493,0.15357822101183632,0.15357822101264493,0.15357822101362242,0.15357822101264493,0.15357822101106933,0.1535782210094975,0.15357822101106933,0.15357822101264493,0.15357822101183632,0.1535782210094975,0.1535782210066168,0.1535782210094975,0.15357822101183632,0.15357822101264493,0.15357822101106933,0.1535782210094975,0.15357822101106933,0.15357822101264493,0.15357822101362242,0.15357822101264493,0.15357822101183632,0.15357822101264493,0.15357822101362242,0.15223780416395288,0.15223780416180988,0.15223780415976493,0.15223780416180988,0.15223780416395288,0.15223780416180988,0.1522378041577294,0.15223780415248914,0.1522378041577294,0.15223780416180988,0.15223780415976493,0.15223780415248914,0.15223780413862317,0.15223780415248914,0.15223780415976493,0.15223780416180988,0.1522378041577294,0.15223780415248914,0.1522378041577294,0.15223780416180988,0.15223780416395288,0.15223780416180988,0.15223780415976493,0.15223780416180988,0.15223780416395288,0.15092409324525408,0.15092409324161252,0.15092409323748573,0.15092409324161252,0.15092409324525408,0.15092409324161252,0.1509240932332444,0.1509240932180786,0.1509240932332444,0.15092409324161252,0.15092409323748573,0.1509240932180786,0.15092409314247307,0.1509240932180786,0.15092409323748573,0.15092409324161252,0.1509240932332444,0.1509240932180786,0.1509240932332444,0.15092409324161252,0.15092409324525408,0.15092409324161252,0.15092409323748573,0.15092409324161252,0.15092409324525408,0.14963652339896516,0.1496365233954259,0.1496365233915648,0.1496365233954259,0.14963652339896516,0.1496365233954259,0.14963652338760994,0.14963652337456826,0.14963652338760994,0.1496365233954259,0.1496365233915648,0.14963652337456826,0.14963652331778582,0.14963652337456826,0.1496365233915648,0.1496365233954259,0.14963652338760994,0.14963652337456826,0.14963652338760994,0.1496365233954259,0.14963652339896516,0.1496365233954259,0.1496365233915648,0.1496365233954259,0.14963652339896516,0.1483745366813607,0.1483745366790196,0.14837453667660142,0.1483745366790196,0.1483745366813607,0.1483745366790196,0.14837453667415249,0.1483745366666533,0.14837453667415249,0.1483745366790196,0.14837453667660142,0.1483745366666533,0.14837453663649808,0.1483745366666533,0.14837453667660142,0.1483745366790196,0.14837453667415249,0.1483745366666533,0.14837453667415249,0.1483745366790196,0.1483745366813607,0.1483745366790196,0.14837453667660142,0.1483745366790196,0.1483745366813607,0.14713758257288706,0.14713758257202963,0.14713758257124723,0.14713758257202963,0.14713758257288706,0.14713758257202963,0.14713758257048118,0.14713758256854437,0.14713758257048118,0.14713758257202963,0.14713758257124723,0.14713758256854437,0.14713758256263468,0.14713758256854437,0.14713758257124723,0.14713758257202963,0.14713758257048118,0.14713758256854437,0.14713758257048118,0.14713758257202963,0.14713758257288706,0.14713758257202963,0.14713758257124723,0.14713758257202963,0.14713758257288706,0.14592511841763225,0.1459251184180297,0.14592511841855837,0.1459251184180297,0.14592511841763225,0.1459251184180297,0.14592511841912462,0.14592511842133082,0.14592511841912462,0.1459251184180297,0.14592511841855837,0.14592511842133082,0.14592511843245326,0.14592511842133082,0.14592511841855837,0.1459251184180297,0.14592511841912462,0.14592511842133082,0.14592511841912462,0.1459251184180297,0.14592511841763225,0.1459251184180297,0.14592511841855837,0.1459251184180297,0.14592511841763225,0.14473660979783418,0.1447366097990583,0.14473660980041037,0.1447366097990583,0.14473660979783418,0.1447366097990583,0.14473660980180256,0.144736609806418,0.14473660980180256,0.1447366097990583,0.14473660980041037,0.144736609806418,0.14473660982665584,0.144736609806418,0.14473660980041037,0.1447366097990583,0.14473660980180256,0.144736609806418,0.14473660980180256,0.1447366097990583,0.14473660979783418,0.1447366097990583,0.14473660980041037,0.1447366097990583,0.14473660979783418,0.14357153084906696,0.14357153085069133,0.1435715308524331,0.14357153085069133,0.14357153084906696,0.14357153085069133,0.1435715308542101,0.14357153085998445,0.1435715308542101,0.14357153085069133,0.1435715308524331,0.14357153085998445,0.1435715308851117,0.14357153085998445,0.1435715308524331,0.14357153085069133,0.1435715308542101,0.14357153085998445,0.1435715308542101,0.14357153085069133,0.14357153084906696,0.14357153085069133,0.1435715308524331,0.14357153085069133,0.14357153084906696,0.1424293645216237,0.14242936452325392,0.14242936452494617,0.14242936452325392,0.1424293645216237,0.14242936452325392,0.14242936452665644,0.14242936453202834,0.14242936452665644,0.14242936452325392,0.14242936452494617,0.14242936453202834,0.14242936455465258,0.14242936453202834,0.14242936452494617,0.14242936452325392,0.14242936452665644,0.14242936453202834,0.14242936452665644,0.14242936452325392,0.1424293645216237,0.14242936452325392,0.14242936452494617,0.14242936452325392,0.1424293645216237,0.1413096027933394,0.14130960279476645,0.14130960279616855,0.14130960279476645,0.1413096027933394,0.14130960279476645,0.1413096027975629,0.14130960280164803,0.1413096027975629,0.14130960279476645,0.14130960279616855,0.14130960280164803,0.14130960281744762,0.14130960280164803,0.14130960279616855,0.14130960279476645,0.1413096027975629,0.14130960280164803,0.1413096027975629,0.14130960279476645,0.1413096027933394,0.14130960279476645,0.14130960279616855,0.14130960279476645,0.1413096027933394,0.14021174683812967,0.1402117468394374,0.14021174684064536,0.1402117468394374,0.14021174683812967,0.1402117468394374,0.14021174684182203,0.14021174684506255,0.14021174684182203,0.1402117468394374,0.14021174684064536,0.14021174684506255,0.140211746857356,0.14021174684506255,0.14021174684064536,0.1402117468394374,0.14021174684182203,0.14021174684506255,0.14021174684182203,0.1402117468394374,0.14021174683812967,0.1402117468394374,0.14021174684064536,0.1402117468394374,0.14021174683812967,0.13913530715451825,0.13913530715604702,0.13913530715735273,0.13913530715604702,0.13913530715451825,0.13913530715604702,0.13913530715860814,0.1391353071613106,0.13913530715860814,0.13913530715604702,0.13913530715735273,0.1391353071613106,0.1391353071668325,0.1391353071613106,0.13913530715735273,0.13913530715604702,0.13913530715860814,0.1391353071613106,0.13913530715860814,0.13913530715604702,0.13913530715451825,0.13913530715604702,0.13913530715735273,0.13913530715604702,0.13913530715451825,0.138079803658313,0.13807980366080977,0.13807980366323894,0.13807980366080977,0.138079803658313,0.13807980366080977,0.1380798036656728,0.1380798036720898,0.1380798036656728,0.13807980366080977,0.13807980366323894,0.1380798036720898,0.1380798036895859,0.1380798036720898,0.13807980366323894,0.13807980366080977,0.1380798036656728,0.1380798036720898,0.1380798036656728,0.13807980366080977,0.138079803658313,0.13807980366080977,0.13807980366323894,0.13807980366080977,0.138079803658313,0.13704476574260185,0.13704476574628485,0.1370447657506811,0.13704476574628485,0.13704476574260185,0.13704476574628485,0.1370447657552227,0.13704476577293537,0.1370447657552227,0.13704476574628485,0.1370447657506811,0.13704476577293537,0.13704476587046827,0.13704476577293523,0.1370447657506811,0.13704476574628485,0.1370447657552227,0.13704476577293523,0.1370447657552227,0.13704476574628485,0.13704476574260185,0.13704476574628485,0.1370447657506811,0.13704476574628485,0.13704476574260185,0.13602973231058227,0.13602973231310977,0.13602973231556795,0.13602973231310977,0.13602973231058227,0.13602973231310977,0.13602973231802704,0.13602973232456086,0.13602973231802704,0.13602973231310977,0.13602973231556795,0.13602973232456086,0.1360297323426136,0.13602973232456086,0.13602973231556795,0.13602973231310977,0.13602973231802704,0.13602973232456086,0.13602973231802704,0.13602973231310977,0.13602973231058227,0.13602973231310977,0.13602973231556795,0.13602973231310977,0.13602973231058227,0.1350342517865117,0.13503425178808554,0.1350342517893805,0.13503425178808554,0.1350342517865117,0.13503425178808554,0.13503425179060685,0.13503425179309717,0.13503425179060685,0.13503425178808554,0.1350342517893805,0.13503425179309717,0.13503425179761153,0.13503425179309717,0.1350342517893805,0.13503425178808554,0.13503425179060685,0.13503425179309717,0.13503425179060685,0.13503425178808554,0.1350342517865117,0.13503425178808554,0.1350342517893805,0.13503425178808554,0.1350342517865117
0.16533248790227098,0.1653324879022705,0.1653324879022705,0.1653324879022705,0.16533248790227098,0.1653324879022705,0.1653324879022703,0.16533248790227004,0.1653324879022703,0.1653324879022705,0.1653324879022705,0.16533248790227004,0.16533248790227004,0.16533248790227004,0.1653324879022705,0.1653324879022705,0.1653324879022703,0.16533248790227004,0.1653324879022703,0.1653324879022705,0.16533248790227098,0.1653324879022705,0.1653324879022705,0.1653324879022705,0.16533248790227098,0.16375749418114802,0.1637574941811473,0.16375749418114685,0.1637574941811473,0.16375749418114802,0.1637574941811473,0.1637574941811466,0.16375749418114616,0.1637574941811466,0.1637574941811473,0.16375749418114685,0.16375749418114616,0.16375749418114569,0.16375749418114616,0.16375749418114685,0.1637574941811473,0.1637574941811466,0.16375749418114616,0.1637574941811466,0.1637574941811473,0.16375749418114802,0.1637574941811473,0.16375749418114685,0.1637574941811473,0.16375749418114802,0.1622138843919657,0.1622138843919637,0.16221388439196252,0.1622138843919637,0.1622138843919657,0.1622138843919637,0.1622138843919616,0.16221388439196024,0.1622138843919616,0.1622138843919637,0.16221388439196252,0.16221388439196024,0.1622138843919589,0.16221388439196024,0.16221388439196252,0.1622138843919637,0.1622138843919616,0.16221388439196024,0.1622138843919616,0.1622138843919637,0.1622138843919657,0.1622138843919637,0.16221388439196252,0.1622138843919637,0.1622138843919657,0.16070106749176705,0.16070106749176127,0.1607010674917575,0.16070106749176127,0.16070106749176705,0.16070106749176127,0.16070106749175483,0.16070106749175062,0.16070106749175483,0.16070106749176127,0.1607010674917575,0.16070106749175062,0.16070106749174617,0.16070106749175062,0.1607010674917575,0.16070106749176127,0.16070106749175483,0.16070106749175062,0.16070106749175483,0.16070106749176127,0.16070106749176705,0.16070106749176127,0.1607010674917575,0.16070106749176127,0.16070106749176705,0.15921845185553807,0.15921845185552064,0.15921845185550954,0.15921845185552064,0.15921845185553807,0.15921845185552064,0.15921845185550085,0.15921845185548755,0.15921845185550085,0.15921845185552064,0.15921845185550954,0.15921845185548755,0.15921845185547298,0.15921845185548755,0.15921845185550954,0.15921845185552064,0.15921845185550085,0.15921845185548755,0.15921845185550085,0.15921845185552064,0.15921845185553807,0.15921845185552064,0.15921845185550954,0.15921845185552064,0.15921845185553807,0.15776544662806946,0.1577654466280189,0.15776544662798497,0.1577654466280189,0.15776544662806946,0.1577654466280189,0.15776544662795766,0.1577654466279152,0.15776544662795766,0.1577654466280189,0.15776544662798497,0.1577654466279152,0.15776544662786568,0.1577654466279152,0.15776544662798497,0.1577654466280189,0.15776544662795766,0.1577654466279152,0.15776544662795766,0.1577654466280189,0.15776544662806946,0.1577654466280189,0.15776544662798497,0.1577654466280189,0.15776544662806946,0.1563414629383094,0.15634146293816553,0.15634146293806536,0.15634146293816553,0.1563414629383094,0.15634146293816553,0.15634146293797987,0.15634146293784146,0.15634146293797987,0.15634146293816553,0.15634146293806536,0.15634146293784146,0.15634146293766557,0.15634146293784146,0.15634146293806536,0.15634146293816553,0.15634146293797987,0.15634146293784146,0.15634146293797987,0.15634146293816553,0.1563414629383094,0.15634146293816553,0.15634146293806536,0.15634146293816553,0.1563414629383094,0.15494591498650334,0.154945914986114,0.15494591498582316,0.154945914986114,0.15494591498650334,0.154945914986114,0.15494591498556146,0.15494591498509916,0.15494591498556146,0.154945914986114,0.15494591498582316,0.15494591498509916,0.1549459149844241,0.15494591498509916,0.15494591498582316,0.154945914986114,0.15494591498556146,0.15494591498509916,0.15494591498556146,0.154945914986114,0.15494591498650334,0.154945914986114,0.15494591498582316,0.154945914986114,0.15494591498650334,0.15357822101389235,0.15357822101291663,0.15357822101210947,0.15357822101291663,0.15357822101389235,0.15357822101291663,0.15357822101134386,0.15357822100977508,0.15357822101134386,0.15357822101291663,0.15357822101210947,0.15357822100977508,0.1535782210068996,0.15357822100977508,0.15357822101210947,0.15357822101291663,0.15357822101134386,0.15357822100977508,0.15357822101134386,0.15357822101291663,0.15357822101389235,0.15357822101291663,0.15357822101210947,0.15357822101291663,0.15357822101389235,0.15223780416421093,0.15223780416207208,0.15223780416003083,0.15223780416207208,0.15223780416421093,0.15223780416207208,0.1522378041579991,0.15223780415276847,0.1522378041579991,0.15223780416207208,0.15223780416003083,0.15223780415276847,0.1522378041389273,0.15223780415276847,0.15223780416003083,0.15223780416207208,0.1522378041579991,0.15223780415276847,0.1522378041579991,0.15223780416207208,0.15223780416421093,0.15223780416207208,0.15223780416003083,0.15223780416207208,0.15223780416421093,0.15092409324549194,0.15092409324185752,0.15092409323773867,0.15092409324185752,0.15092409324549194,0.15092409324185752,0.15092409323350545,0.15092409321836736,0.15092409323350522,0.15092409324185752,0.15092409323773867,0.15092409321836736,0.15092409314294725,0.15092409321836736,0.15092409323773867,0.15092409324185752,0.15092409323350522,0.15092409321836736,0.15092409323350522,0.15092409324185752,0.15092409324549194,0.15092409324185752,0.15092409323773867,0.15092409324185752,0.15092409324549194,0.1496365233991677,0.14963652339563654,0.14963652339178396,0.14963652339563654,0.1496365233991677,0.14963652339563654,0.1496365233878376,0.14963652337482333,0.1496365233878376,0.14963652339563654,0.14963652339178396,0.14963652337482333,0.14963652331808722,0.14963652337482333,0.14963652339178396,0.14963652339563654,0.1496365233878376,0.14963652337482333,0.1496365233878376,0.14963652339563654,0.1496365233991677,0.14963652339563654,0.14963652339178396,0.14963652339563654,0.1496365233991677,0.148374536681511,0.14837453667917716,0.14837453667676656,0.14837453667917716,0.148374536681511,0.14837453667917716,0.1483745366743254,0.14837453666684994,0.1483745366743254,0.14837453667917716,0.14837453667676656,0.14837453666684994,0.1483745366368024,0.14837453666684994,0.14837453667676656,0.14837453667917716,0.1483745366743254,0.14837453666684994,0.1483745366743254,0.14837453667917716,0.148374536681511,0.14837453667917716,0.14837453667676656,0.14837453667917716,0.148374536681511,0.1471375825729688,0.14713758257211737,0.14713758257134113,0.14713758257211737,0.1471375825729688,0.14713758257211737,0.14713758257058146,0.14713758256866444,0.14713758257058146,0.14713758257211737,0.14713758257134113,0.14713758256866444,0.14713758256283543,0.14713758256866444,0.14713758257134113,0.14713758257211737,0.14713758257058146,0.14713758256866444,0.14713758257058146,0.14713758257211737,0.1471375825729688,0.14713758257211737,0.14713758257134113,0.14713758257211737,0.1471375825729688,0.1459251184176328,0.1459251184180334,0.14592511841856565,0.1459251184180334,0.1459251184176328,0.1459251184180334,0.1459251184191353,0.14592511842135308,0.1459251184191353,0.1459251184180334,0.14592511841856565,0.14592511842135308,0.14592511843253267,0.14592511842135308,0.14592511841856565,0.1459251184180334,0.1459251184191353,0.14592511842135308,0.1459251184191353,0.1459251184180334,0.1459251184176328,0.1459251184180334,0.14592511841856565,0.1459251184180334,0.1459251184176328,0.14473660979774552,0.14473660979896946,0.14473660980032135,0.14473660979896946,0.14473660979774552,0.14473660979896946,0.14473660980171354,0.14473660980632866,0.14473660980171354,0.14473660979896946,0.14473660980032135,0.14473660980632866,0.14473660982655198,0.14473660980632866,0.14473660980032135,0.14473660979896946,0.14473660980171354,0.14473660980632866,0.14473660980171354,0.14473660979896946,0.14473660979774552,0.14473660979896946,0.14473660980032135,0.14473660979896946,0.14473660979774552,0.14357153084888846,0.14357153085050875,0.14357153085224655,0.14357153085050875,0.14357153084888846,0.14357153085050875,0.14357153085401947,0.14357153085978205,0.14357153085401947,0.14357153085050875,0.14357153085224655,0.14357153085978205,0.14357153088488175,0.14357153085978205,0.14357153085224655,0.14357153085050875,0.14357153085401947,0.14357153085978205,0.14357153085401947,0.14357153085050875,0.14357153084888846,0.14357153085050875,0.14357153085224655,0.14357153085050875,0.14357153084888846,0.14242936452136218,0.14242936452298482,0.14242936452466856,0.14242936452298482,0.14242936452136218,0.14242936452298482,0.1424293645263699,0.14242936453171132,0.1424293645263699,0.14242936452298482,0.14242936452466856,0.14242936453171132,0.14242936455420316,0.14242936453171132,0.14242936452466856,0.14242936452298482,0.1424293645263699,0.14242936453171132,0.1424293645263699,0.14242936452298482,0.14242936452136218,0.14242936452298482,0.14242936452466856,0.14242936452298482,0.14242936452136218,0.14130960279300964,0.1413096027944285,0.14130960279582136,0.1413096027944285,0.14130960279300964,0.1413096027944285,0.14130960279720647,0.14130960280125973,0.14130960279720647,0.1413096027944285,0.14130960279582136,0.14130960280125973,0.141309602816896,0.14130960280125973,0.14130960279582136,0.1413096027944285,0.14130960279720647,0.14130960280125973,0.14130960279720647,0.1413096027944285,0.14130960279300964,0.1413096027944285,0.14130960279582136,0.1413096027944285,0.14130960279300964,0.14021174683774734,0.14021174683904913,0.1402117468402516,0.14021174683904913,0.14021174683774734,0.14021174683904913,0.1402117468414226,0.14021174684464846,0.1402117468414226,0.14021174683904913,0.1402117468402516,0.14021174684464846,0.14021174685691096,0.14021174684464846,0.1402117468402516,0.14021174683904913,0.1402117468414226,0.14021174684464846,0.1402117468414226,0.14021174683904913,0.14021174683774734,0.14021174683904913,0.1402117468402516,0.14021174683904913,0.14021174683774734,0.1391353071540947,0.13913530715561886,0.13913530715692077,0.13913530715561886,0.1391353071540947,0.13913530715561886,0.13913530715817238,0.13913530716086708,0.13913530715817238,0.13913530715561886,0.13913530715692077,0.13913530716086708,0.13913530716637348,0.13913530716086708,0.13913530715692077,0.13913530715561886,0.13913530715817238,0.13913530716086708,0.13913530715817238,0.13913530715561886,0.1391353071540947,0.13913530715561886,0.13913530715692077,0.13913530715561886,0.1391353071540947,0.1380798036578567,0.1380798036603479,0.1380798036627718,0.1380798036603479,0.1380798036578567,0.1380798036603479,0.13807980366520053,0.13807980367160438,0.13807980366520053,0.1380798036603479,0.1380798036627718,0.13807980367160438,0.13807980368906497,0.13807980367160438,0.1380798036627718,0.1380798036603479,0.13807980366520053,0.13807980367160438,0.13807980366520053,0.1380798036603479,0.1380798036578567,0.1380798036603479,0.1380798036627718,0.1380798036603479,0.1380798036578567,0.1370447657421237,0.13704476574579927,0.13704476575018684,0.13704476574579927,0.1370447657421237,0.13704476574579927,0.1370447657547193,0.13704476577239683,0.1370447657547193,0.13704476574579927,0.13704476575018684,0.13704476577239683,0.13704476586975384,0.13704476577239683,0.13704476575018684,0.13704476574579927,0.1370447657547193,0.13704476577239683,0.1370447657547193,0.13704476574579927,0.1370447657421237,0.13704476574579927,0.13704476575018684,0.13704476574579927,0.1370447657421237,0.13602973231009707,0.1360297323126195,0.13602973231507293,0.1360297323126195,0.13602973231009707,0.1360297323126195,0.13602973231752705,0.13602973232404808,0.1360297323175269,0.1360297323126195,0.13602973231507293,0.13602973232404808,0.13602973234206517,0.13602973232404808,0.13602973231507293,0.1360297323126195,0.1360297323175269,0.13602973232404808,0.1360297323175269,0.1360297323126195,0.13602973231009707,0.1360297323126195,0.13602973231507293,0.1360297323126195,0.13602973231009707,0.13503425178602954,0.1350342517876003,0.13503425178889278,0.1350342517876003,0.13503425178602954,0.1350342517876003,0.1350342517901165,0.13503425179260198,0.1350342517901165,0.1350342517876003,0.13503425178889278,0.13503425179260198,0.1350342517971076,0.13503425179260198,0.13503425178889278,0.1350342517876003,0.1350342517901165,0.13503425179260198,0.1350342517901165,0.1350342517876003,0.13503425178602954,0.1350342517876003,0.13503425178889278,0.1350342517876003,0.13503425178602954
0.16533248790259053,0.16533248790259028,0.16533248790259028,0.16533248790259028,0.16533248790259053,0.16533248790259028,0.16533248790259003,0.1653324879025898,0.16533248790259003,0.16533248790259028,0.16533248790259028,0.1653324879025898,0.1653324879025898,0.1653324879025898,0.16533248790259028,0.16533248790259028,0.16533248790259003,0.1653324879025898,0.16533248790259003,0.16533248790259028,0.16533248790259053,0.16533248790259028,0.16533248790259028,0.16533248790259028,0.16533248790259053,0.16375749418146118,0.16375749418146068,0.16375749418146027,0.16375749418146068,0.16375749418146118,0.16375749418146068,0.16375749418146004,0.16375749418145955,0.16375749418146004,0.16375749418146068,0.16375749418146027,0.16375749418145955,0.1637574941814591,0.16375749418145955,0.16375749418146027,0.16375749418146068,0.16375749418146004,0.16375749418145955,0.16375749418146004,0.16375749418146068,0.16375749418146118,0.16375749418146068,0.16375749418146027,0.16375749418146068,0.16375749418146118,0.16221388439227263,0.1622138843922708,0.16221388439226944,0.1622138843922708,0.16221388439227263,0.1622138843922708,0.16221388439226878,0.16221388439226742,0.16221388439226878,0.1622138843922708,0.16221388439226944,0.16221388439226742,0.16221388439226603,0.16221388439226742,0.16221388439226944,0.1622138843922708,0.16221388439226878,0.16221388439226742,0.16221388439226878,0.1622138843922708,0.16221388439227263,0.1622138843922708,0.16221388439226944,0.1622138843922708,0.16221388439227263,0.16070106749206786,0.16070106749206206,0.16070106749205829,0.16070106749206206,0.16070106749206786,0.16070106749206206,0.16070106749205562,0.16070106749205165,0.16070106749205562,0.16070106749206206,0.16070106749205829,0.16070106749205165,0.16070106749204696,0.16070106749205165,0.16070106749205829,0.16070106749206206,0.16070106749205562,0.16070106749205165,0.16070106749205562,0.16070106749206206,0.16070106749206786,0.16070106749206206,0.16070106749205829,0.16070106749206206,0.16070106749206786,0.15921845185583286,0.15921845185581543,0.15921845185580435,0.15921845185581543,0.15921845185583286,0.15921845185581543,0.15921845185579564,0.15921845185578234,0.15921845185579564,0.15921845185581543,0.15921845185580435,0.15921845185578234,0.15921845185576775,0.15921845185578234,0.15921845185580435,0.15921845185581543,0.15921845185579564,0.15921845185578234,0.15921845185579564,0.15921845185581543,0.15921845185583286,0.15921845185581543,0.15921845185580435,0.15921845185581543,0.15921845185583286,0.15776544662835815,0.15776544662830758,0.15776544662827388,0.15776544662830758,0.15776544662835815,0.15776544662830758,0.15776544662824657,0.1577654466282043,0.15776544662824657,0.15776544662830758,0.15776544662827388,0.1577654466282043,0.1577654466281548,0.1577654466282043,0.15776544662827388,0.15776544662830758,0.15776544662824657,0.1577654466282043,0.15776544662824657,0.15776544662830758,0.15776544662835815,0.15776544662830758,0.15776544662827388,0.15776544662830758,0.15776544662835815,0.15634146293859194,0.15634146293844847,0.15634146293834833,0.15634146293844847,0.15634146293859194,0.15634146293844847,0.15634146293826298,0.15634146293812476,0.15634146293826298,0.15634146293844847,0.15634146293834833,0.15634146293812476,0.15634146293794934,0.15634146293812476,0.15634146293834833,0.15634146293844847,0.15634146293826298,0.15634146293812476,0.15634146293826298,0.15634146293844847,0.15634146293859194,0.15634146293844847,0.15634146293834833,0.15634146293844847,0.15634146293859194,0.15494591498677918,0.15494591498639063,0.15494591498610044,0.15494591498639063,0.15494591498677918,0.15494591498639063,0.15494591498583915,0.15494591498537763,0.15494591498583915,0.15494591498639063,0.15494591498610044,0.15494591498537763,0.15494591498470384,0.15494591498537763,0.15494591498610044,0.15494591498639063,0.15494591498583915,0.15494591498537763,0.15494591498583915,0.15494591498639063,0.15494591498677918,0.15494591498639063,0.15494591498610044,0.15494591498639063,0.15494591498677918,0.15357822101416027,0.15357822101318638,0.1535782210123806,0.15357822101318638,0.15357822101416027,0.15357822101318638,0.15357822101161642,0.15357822101005045,0.15357822101161642,0.15357822101318638,0.1535782210123806,0.15357822101005045,0.1535782210071802,0.15357822101005045,0.1535782210123806,0.15357822101318638,0.15357822101161642,0.15357822101005045,0.15357822101161642,0.15357822101318638,0.15357822101416027,0.15357822101318638,0.1535782210123806,0.15357822101318638,0.15357822101416027,0.15223780416446703,0.1522378041623323,0.1522378041602948,0.1522378041623323,0.15223780416446703,0.1522378041623323,0.15223780415826677,0.1522378041530456,0.15223780415826696,0.1522378041623323,0.1522378041602948,0.1522378041530456,0.15223780413922927,0.1522378041530456,0.1522378041602948,0.1522378041623323,0.15223780415826696,0.1522378041530456,0.15223780415826696,0.1522378041623323,0.15223780416446703,0.1522378041623323,0.1522378041602948,0.1522378041623323,0.15223780416446703,0.1509240932457279,0.15092409324210077,0.15092409323798966,0.15092409324210077,0.1509240932457279,0.15092409324210077,0.15092409323376432,0.15092409321865408,0.15092409323376432,0.15092409324210077,0.15092409323798966,0.15092409321865408,0.15092409314334176,0.15092409321865408,0.15092409323798966,0.15092409324210077,0.15092409323376432,0.15092409321865408,0.15092409323376432,0.15092409324210077,0.1509240932457279,0.15092409324210077,0.15092409323798966,0.15092409324210077,0.1509240932457279,0.14963652339936867,0.1496365233958455,0.14963652339200123,0.1496365233958455,0.14963652339936867,0.1496365233958455,0.14963652338806355,0.14963652337507632,0.14963652338806355,0.1496365233958455,0.14963652339200123,0.14963652337507632,0.14963652331847277,0.14963652337507632,0.14963652339200123,0.1496365233958455,0.14963652338806355,0.14963652337507632,0.14963652338806355,0.1496365233958455,0.14963652339936867,0.1496365233958455,0.14963652339200123,0.1496365233958455,0.14963652339936867,0.14837453668165984,0.14837453667933337,0.14837453667693037,0.14837453667933337,0.14837453668165984,0.14837453667933337,0.14837453667449682,0.1483745366670451,0.14837453667449682,0.14837453667933337,0.14837453667693037,0.1483745366670451,0.1483745366370713,0.1483745366670451,0.14837453667693037,0.14837453667933337,0.14837453667449682,0.1483745366670451,0.14837453667449682,0.14837453667933337,0.14837453668165984,0.14837453667933337,0.14837453667693037,0.14837453667933337,0.14837453668165984,0.14713758257304999,0.14713758257220438,0.14713758257143417,0.14713758257220438,0.14713758257304999,0.14713758257220438,0.14713758257068066,0.14713758256878343,0.14713758257068066,0.14713758257220438,0.14713758257143417,0.14713758256878343,0.1471375825630385,0.14713758256878343,0.14713758257143417,0.14713758257220438,0.14713758257068066,0.14713758256878343,0.14713758257068066,0.14713758257220438,0.14713758257304999,0.14713758257220438,0.14713758257143417,0.14713758257220438,0.14713758257304999,0.14592511841763334,0.14592511841803718,0.1459251184185728,0.14592511841803718,0.14592511841763334,0.14592511841803718,0.145925118419146,0.14592511842137518,0.145925118419146,0.14592511841803718,0.1459251184185728,0.14592511842137518,0.14592511843260567,0.14592511842137518,0.1459251184185728,0.14592511841803718,0.145925118419146,0.14592511842137518,0.145925118419146,0.14592511841803718,0.14592511841763334,0.14592511841803718,0.1459251184185728,0.14592511841803718,0.14592511841763334,0.1447366097976577,0.1447366097988813,0.1447366098002332,0.1447366097988813,0.1447366097976577,0.1447366097988813,0.14473660980162523,0.14473660980624034,0.14473660980162523,0.1447366097988813,0.1447366098002332,0.14473660980624034,0.1447366098264855,0.14473660980624034,0.1447366098002332,0.1447366097988813,0.14473660980162523,0.14473660980624034,0.14473660980162523,0.1447366097988813,0.1447366097976577,0.1447366097988813,0.1447366098002332,0.1447366097988813,0.1447366097976577,0.14357153084871122,0.14357153085032773,0.14357153085206142,0.14357153085032773,0.14357153084871122,0.14357153085032773,0.1435715308538304,0.1435715308595815,0.1435715308538304,0.14357153085032773,0.14357153085206142,0.1435715308595815,0.14357153088464372,0.1435715308595815,0.14357153085206142,0.14357153085032773,0.1435715308538304,0.1435715308595815,0.1435715308538304,0.14357153085032773,0.14357153084871122,0.14357153085032773,0.14357153085206142,0.14357153085032773,0.14357153084871122,0.14242936452110283,0.14242936452271795,0.14242936452439295,0.14242936452271795,0.14242936452110283,0.14242936452271795,0.14242936452608573,0.14242936453139673,0.14242936452608573,0.14242936452271795,0.14242936452439295,0.14242936453139673,0.1424293645537301,0.14242936453139673,0.14242936452439295,0.14242936452271795,0.14242936452608573,0.14242936453139673,0.14242936452608573,0.14242936452271795,0.14242936452110283,0.14242936452271795,0.14242936452439295,0.14242936452271795,0.14242936452110283,0.14130960279268234,0.141309602794093,0.14130960279547697,0.141309602794093,0.14130960279268234,0.141309602794093,0.1413096027968527,0.1413096028008742,0.1413096027968527,0.141309602794093,0.14130960279547697,0.1413096028008742,0.14130960281635935,0.1413096028008742,0.14130960279547697,0.141309602794093,0.1413096027968527,0.1413096028008742,0.1413096027968527,0.141309602794093,0.14130960279268234,0.141309602794093,0.14130960279547697,0.141309602794093,0.14130960279268234,0.1402117468373679,0.14021174683866372,0.14021174683986073,0.14021174683866372,0.1402117468373679,0.14021174683866372,0.14021174684102625,0.1402117468442376,0.14021174684102625,0.14021174683866372,0.14021174683986073,0.1402117468442376,0.14021174685644266,0.1402117468442376,0.14021174683986073,0.14021174683866372,0.14021174684102625,0.1402117468442376,0.14021174684102625,0.14021174683866372,0.1402117468373679,0.14021174683866372,0.14021174683986073,0.14021174683866372,0.1402117468373679,0.13913530715367425,0.139135307155194,0.13913530715649214,0.139135307155194,0.13913530715367425,0.139135307155194,0.13913530715774008,0.13913530716042705,0.13913530715774008,0.139135307155194,0.13913530715649214,0.13913530716042705,0.13913530716591815,0.13913530716042705,0.13913530715649214,0.139135307155194,0.13913530715774008,0.13913530716042705,0.13913530715774008,0.139135307155194,0.13913530715367425,0.139135307155194,0.13913530715649214,0.139135307155194,0.13913530715367425,0.13807980365740397,0.13807980365988973,0.13807980366230854,0.13807980365988973,0.13807980365740397,0.13807980365988973,0.138079803664732,0.1380798036711225,0.138079803664732,0.13807980365988973,0.13807980366230854,0.1380798036711225,0.13807980368854805,0.1380798036711225,0.13807980366230854,0.13807980365988973,0.138079803664732,0.1380798036711225,0.138079803664732,0.13807980365988973,0.13807980365740397,0.13807980365988973,0.13807980366230854,0.13807980365988973,0.13807980365740397,0.13704476574164934,0.13704476574531743,0.1370447657496962,0.13704476574531743,0.13704476574164934,0.13704476574531743,0.1370447657542197,0.1370447657718626,0.1370447657542197,0.13704476574531743,0.1370447657496962,0.1370447657718626,0.13704476586903058,0.1370447657718626,0.1370447657496962,0.13704476574531743,0.1370447657542197,0.1370447657718626,0.1370447657542197,0.13704476574531743,0.13704476574164934,0.13704476574531743,0.1370447657496962,0.13704476574531743,0.13704476574164934,0.13602973230961576,0.13602973231213314,0.13602973231458163,0.13602973231213314,0.13602973230961576,0.13602973231213314,0.13602973231703097,0.1360297323235392,0.13602973231703097,0.13602973231213314,0.13602973231458163,0.1360297323235392,0.1360297323415211,0.1360297323235392,0.13602973231458163,0.13602973231213314,0.13602973231703097,0.1360297323235392,0.13602973231703097,0.13602973231213314,0.13602973230961576,0.13602973231213314,0.13602973231458163,0.13602973231213314,0.13602973230961576,0.13503425178555123,0.13503425178711875,0.13503425178840872,0.13503425178711875,0.13503425178555123,0.13503425178711875,0.1350342517896301,0.13503425179211076,0.1350342517896301,0.13503425178711875,0.13503425178840872,0.13503425179211076,0.13503425179660747,0.13503425179211076,0.13503425178840872,0.13503425178711875,0.1350342517896301,0.13503425179211076,0.1350342517896301,0.13503425178711875,0.13503425178555123,0.13503425178711875,0.13503425178840872,0.13503425178711875,0.13503425178555123
0.16533248790290792,0.16533248790290767,0.16533248790290744,0.16533248790290767,0.16533248790290792,0.16533248790290767,0.16533248790290744,0.1653324879029072,0.16533248790290744,0.16533248790290767,0.16533248790290744,0.1653324879029072,0.165332487902907,0.1653324879029072,0.16533248790290744,0.16533248790290767,0.16533248790290744,0.1653324879029072,0.16533248790290744,0.16533248790290767,0.16533248790290792,0.16533248790290767,0.16533248790290744,0.16533248790290767,0.16533248790290792,0.16375749418177227,0.16375749418177155,0.1637574941817711,0.16375749418177155,0.16375749418177227,0.16375749418177155,0.16375749418177088,0.16375749418177044,0.16375749418177088,0.16375749418177155,0.1637574941817711,0.16375749418177044,0.16375749418177016,0.16375749418177044,0.1637574941817711,0.16375749418177155,0.16375749418177088,0.16375749418177044,0.16375749418177088,0.16375749418177155,0.16375749418177227,0.16375749418177155,0.1637574941817711,0.16375749418177155,0.16375749418177227,0.16221388439257753,0.16221388439257545,0.16221388439257434,0.16221388439257545,0.16221388439257753,0.16221388439257545,0.16221388439257345,0.16221388439257206,0.16221388439257345,0.16221388439257545,0.16221388439257434,0.16221388439257206,0.1622138843925707,0.16221388439257228,0.16221388439257434,0.16221388439257545,0.16221388439257345,0.16221388439257228,0.16221388439257345,0.16221388439257545,0.16221388439257753,0.16221388439257545,0.16221388439257434,0.16221388439257545,0.16221388439257753,0.16070106749236643,0.16070106749236066,0.16070106749235707,0.16070106749236066,0.16070106749236643,0.16070106749236066,0.16070106749235444,0.16070106749235022,0.16070106749235444,0.16070106749236066,0.16070106749235707,0.16070106749235022,0.16070106749234578,0.16070106749235022,0.16070106749235707,0.16070106749236066,0.16070106749235444,0.16070106749235022,0.16070106749235444,0.16070106749236066,0.16070106749236643,0.16070106749236066,0.16070106749235707,0.16070106749236066,0.16070106749236643,0.15921845185612526,0.15921845185610806,0.15921845185609695,0.15921845185610806,0.15921845185612526,0.15921845185610806,0.15921845185608824,0.15921845185607517,0.15921845185608824,0.15921845185610806,0.15921845185609695,0.15921845185607517,0.15921845185606037,0.15921845185607517,0.15921845185609695,0.15921845185610806,0.15921845185608824,0.15921845185607517,0.15921845185608824,0.15921845185610806,0.15921845185612526,0.15921845185610806,0.15921845185609695,0.15921845185610806,0.15921845185612526,0.1577654466286447,0.15776544662859415,0.15776544662856065,0.15776544662859415,0.1577654466286447,0.15776544662859415,0.15776544662853334,0.15776544662849107,0.15776544662853334,0.15776544662859415,0.15776544662856065,0.15776544662849107,0.15776544662844177,0.15776544662849107,0.15776544662856065,0.15776544662859415,0.15776544662853334,0.15776544662849107,0.15776544662853334,0.15776544662859415,0.1577654466286447,0.15776544662859415,0.15776544662856065,0.15776544662859415,0.1577654466286447,0.1563414629388723,0.15634146293872908,0.15634146293862913,0.15634146293872908,0.1563414629388723,0.15634146293872908,0.15634146293854403,0.156341462938406,0.15634146293854403,0.15634146293872908,0.15634146293862913,0.156341462938406,0.1563414629382308,0.156341462938406,0.15634146293862913,0.15634146293872908,0.15634146293854403,0.156341462938406,0.15634146293854403,0.15634146293872908,0.1563414629388723,0.15634146293872908,0.15634146293862913,0.15634146293872908,0.1563414629388723,0.15494591498705296,0.15494591498666505,0.15494591498637544,0.15494591498666505,0.15494591498705296,0.15494591498666505,0.15494591498611457,0.1549459149856541,0.15494591498611457,0.15494591498666505,0.15494591498637544,0.1549459149856541,0.1549459149849813,0.1549459149856541,0.15494591498637544,0.15494591498666505,0.15494591498611457,0.1549459149856541,0.15494591498611457,0.15494591498666505,0.15494591498705296,0.15494591498666505,0.15494591498637544,0.15494591498666505,0.15494591498705296,0.15357822101442617,0.15357822101345392,0.15357822101264973,0.15357822101345392,0.15357822101442617,0.15357822101345392,0.15357822101188695,0.15357822101032378,0.15357822101188695,0.15357822101345392,0.15357822101264973,0.15357822101032378,0.15357822100745855,0.15357822101032378,0.15357822101264973,0.15357822101345392,0.15357822101188695,0.15357822101032378,0.15357822101188695,0.15357822101345392,0.15357822101442617,0.15357822101345392,0.15357822101264973,0.15357822101345392,0.15357822101442617,0.15223780416472113,0.15223780416259033,0.15223780416055682,0.15223780416259033,0.15223780416472113,0.15223780416259033,0.1522378041585325,0.15223780415332078,0.1522378041585325,0.15223780416259033,0.15223780416055682,0.15223780415332078,0.15223780413952887,0.15223780415332078,0.15223780416055682,0.15223780416259033,0.1522378041585325,0.15223780415332078,0.1522378041585325,0.15223780416259033,0.15223780416472113,0.15223780416259033,0.15223780416055682,0.15223780416259033,0.15223780416472113,0.15092409324596207,0.15092409324234213,0.15092409323823872,0.15092409324234213,0.15092409324596207,0.15092409324234213,0.15092409323402148,0.15092409321893863,0.15092409323402148,0.15092409324234213,0.15092409323823872,0.15092409321893863,0.15092409314377914,0.15092409321893863,0.15092409323823872,0.15092409324234213,0.15092409323402148,0.15092409321893863,0.15092409323402148,0.15092409324234213,0.15092409324596207,0.15092409324234213,0.15092409323823872,0.15092409324234213,0.15092409324596207,0.14963652339956796,0.1496365233960527,0.14963652339221695,0.1496365233960527,0.14963652339956796,0.1496365233960527,0.14963652338828762,0.14963652337532743,0.14963652338828762,0.1496365233960527,0.14963652339221695,0.14963652337532743,0.14963652331884167,0.14963652337532743,0.14963652339221695,0.1496365233960527,0.14963652338828762,0.14963652337532743,0.14963652338828762,0.1496365233960527,0.14963652339956796,0.1496365233960527,0.14963652339221695,0.1496365233960527,0.14963652339956796,0.14837453668180753,0.1483745366794883,0.1483745366770929,0.1483745366794883,0.14837453668180753,0.1483745366794883,0.14837453667466693,0.14837453666723838,0.14837453667466693,0.1483745366794883,0.1483745366770929,0.14837453666723838,0.14837453663735672,0.14837453666723838,0.1483745366770929,0.1483745366794883,0.14837453667466693,0.14837453666723838,0.14837453667466693,0.1483745366794883,0.14837453668180753,0.1483745366794883,0.1483745366770929,0.1483745366794883,0.14837453668180753,0.14713758257313048,0.14713758257229048,0.14713758257152643,0.14713758257229048,0.14713758257313048,0.14713758257229048,0.1471375825707791,0.1471375825689015,0.1471375825707791,0.14713758257229048,0.14713758257152643,0.1471375825689015,0.14713758256323342,0.1471375825689015,0.14713758257152643,0.14713758257229048,0.1471375825707791,0.1471375825689015,0.1471375825707791,0.14713758257229048,0.14713758257313048,0.14713758257229048,0.14713758257152643,0.14713758257229048,0.14713758257313048,0.1459251184176337,0.14592511841804073,0.14592511841857975,0.14592511841804073,0.1459251184176337,0.14592511841804073,0.14592511841915648,0.1459251184213969,0.14592511841915648,0.14592511841804073,0.14592511841857975,0.1459251184213969,0.14592511843267672,0.1459251184213969,0.14592511841857975,0.14592511841804073,0.14592511841915648,0.1459251184213969,0.14592511841915648,0.14592511841804073,0.1459251184176337,0.14592511841804073,0.14592511841857975,0.14592511841804073,0.1459251184176337,0.14473660979757044,0.14473660979879385,0.14473660980014558,0.14473660979879385,0.14473660979757044,0.14473660979879385,0.14473660980153744,0.14473660980615255,0.14473660980153744,0.14473660979879385,0.14473660980014558,0.14473660980615255,0.14473660982637152,0.14473660980615255,0.14473660980014558,0.14473660979879385,0.14473660980153744,0.14473660980615255,0.14473660980153744,0.14473660979879385,0.14473660979757044,0.14473660979879385,0.14473660980014558,0.14473660979879385,0.14473660979757044,0.14357153084853547,0.14357153085014787,0.14357153085187782,0.14357153085014787,0.14357153084853547,0.14357153085014787,0.1435715308536427,0.14357153085938232,0.1435715308536427,0.14357153085014787,0.14357153085187782,0.14357153085938232,0.14357153088439956,0.14357153085938232,0.14357153085187782,0.14357153085014787,0.1435715308536427,0.14357153085938232,0.1435715308536427,0.14357153085014787,0.14357153084853547,0.14357153085014787,0.14357153085187782,0.14357153085014787,0.14357153084853547,0.14242936452084531,0.1424293645224529,0.1424293645241195,0.1424293645224529,0.14242936452084531,0.1424293645224529,0.14242936452580357,0.1424293645310844,0.14242936452580357,0.1424293645224529,0.1424293645241195,0.1424293645310844,0.14242936455326777,0.1424293645310844,0.1424293645241195,0.1424293645224529,0.14242936452580357,0.1424293645310844,0.14242936452580357,0.1424293645224529,0.14242936452084531,0.1424293645224529,0.1424293645241195,0.1424293645224529,0.14242936452084531,0.14130960279235738,0.14130960279375993,0.14130960279513485,0.14130960279375993,0.14130960279235738,0.14130960279375993,0.1413096027965016,0.1413096028004915,0.1413096027965016,0.14130960279375993,0.14130960279513485,0.1413096028004915,0.1413096028158304,0.1413096028004915,0.14130960279513485,0.14130960279375993,0.1413096027965016,0.1413096028004915,0.1413096027965016,0.14130960279375993,0.14130960279235738,0.14130960279375993,0.14130960279513485,0.14130960279375993,0.14130960279235738,0.1402117468369912,0.14021174683828141,0.14021174683947274,0.14021174683828141,0.1402117468369912,0.14021174683828141,0.14021174684063278,0.14021174684382962,0.14021174684063278,0.14021174683828141,0.14021174683947274,0.14021174684382962,0.14021174685597923,0.14021174684382962,0.14021174683947274,0.14021174683828141,0.14021174684063278,0.14021174684382962,0.14021174684063278,0.14021174683828141,0.1402117468369912,0.14021174683828141,0.14021174683947274,0.14021174683828141,0.1402117468369912,0.13913530715325717,0.13913530715477235,0.13913530715606665,0.13913530715477235,0.13913530715325717,0.13913530715477235,0.13913530715731098,0.13913530715999017,0.13913530715731098,0.13913530715477235,0.13913530715606665,0.13913530715999017,0.13913530716546607,0.13913530715999017,0.13913530715606665,0.13913530715477235,0.13913530715731098,0.13913530715999017,0.13913530715731098,0.13913530715477235,0.13913530715325717,0.13913530715477235,0.13913530715606665,0.13913530715477235,0.13913530715325717,0.13807980365695466,0.138079803659435,0.13807980366184855,0.138079803659435,0.13807980365695466,0.138079803659435,0.13807980366426703,0.13807980367064435,0.13807980366426703,0.138079803659435,0.13807980366184855,0.13807980367064435,0.13807980368803502,0.13807980367064435,0.13807980366184855,0.138079803659435,0.13807980366426703,0.13807980367064435,0.13807980366426703,0.138079803659435,0.13807980365695466,0.138079803659435,0.13807980366184855,0.138079803659435,0.13807980365695466,0.13704476574117846,0.1370447657448393,0.13704476574920937,0.1370447657448393,0.13704476574117846,0.1370447657448393,0.13704476575372387,0.1370447657713324,0.13704476575372387,0.1370447657448393,0.13704476574920937,0.1370447657713324,0.13704476586830855,0.1370447657713324,0.13704476574920937,0.1370447657448393,0.13704476575372387,0.1370447657713324,0.13704476575372387,0.1370447657448393,0.13704476574117846,0.1370447657448393,0.13704476574920937,0.1370447657448393,0.13704476574117846,0.13602973230913787,0.13602973231165047,0.1360297323140942,0.13602973231165047,0.13602973230913787,0.13602973231165047,0.13602973231653862,0.13602973232303414,0.13602973231653862,0.13602973231165047,0.1360297323140942,0.13602973232303414,0.13602973234098104,0.13602973232303414,0.1360297323140942,0.13602973231165047,0.13602973231653862,0.13602973232303414,0.13602973231653862,0.13602973231165047,0.13602973230913787,0.13602973231165047,0.1360297323140942,0.13602973231165047,0.13602973230913787,0.13503425178507653,0.135034251786641,0.13503425178792833,0.135034251786641,0.13503425178507653,0.135034251786641,0.13503425178914738,0.13503425179162307,0.13503425178914738,0.135034251786641,0.13503425178792833,0.13503425179162307,0.13503425179611098,0.13503425179162307,0.13503425178792833,0.135034251786641,0.13503425178914738,0.13503425179162307,0.13503425178914738,0.135034251786641,0.13503425178507653,0.135034251786641,0.13503425178792833,0.135034251786641,0.13503425178507653
0.16533248790322297,0.1653324879032225,0.1653324879032225,0.1653324879032225,0.16533248790322297,0.1653324879032225,0.16533248790322227,0.16533248790322227,0.16533248790322227,0.1653324879032225,0.1653324879032225,0.16533248790322227,0.165332487903222,0.16533248790322227,0.1653324879032225,0.1653324879032225,0.16533248790322227,0.16533248790322227,0.16533248790322227,0.1653324879032225,0.16533248790322297,0.1653324879032225,0.1653324879032225,0.1653324879032225,0.16533248790322297,0.16375749418208077,0.16375749418208033,0.16375749418207988,0.16375749418208033,0.16375749418208077,0.16375749418208033,0.16375749418207966,0.16375749418207916,0.16375749418207966,0.1637574941820801,0.16375749418207988,0.16375749418207916,0.16375749418207872,0.16375749418207916,0.16375749418207988,0.16375749418208033,0.16375749418207966,0.16375749418207916,0.16375749418207966,0.16375749418208033,0.16375749418208077,0.1637574941820801,0.16375749418207988,0.16375749418208033,0.16375749418208077,0.16221388439287987,0.16221388439287784,0.16221388439287673,0.16221388439287784,0.16221388439287987,0.16221388439287784,0.16221388439287582,0.16221388439287468,0.16221388439287582,0.16221388439287784,0.16221388439287673,0.16221388439287468,0.16221388439287332,0.16221388439287468,0.16221388439287673,0.16221388439287784,0.16221388439287582,0.16221388439287468,0.16221388439287582,0.16221388439287784,0.16221388439287987,0.16221388439287784,0.16221388439287673,0.16221388439287784,0.16221388439287987,0.16070106749266277,0.160701067492657,0.16070106749265345,0.160701067492657,0.16070106749266277,0.160701067492657,0.16070106749265056,0.16070106749264657,0.16070106749265076,0.160701067492657,0.16070106749265345,0.16070106749264657,0.1607010674926421,0.16070106749264657,0.16070106749265345,0.160701067492657,0.16070106749265076,0.16070106749264657,0.16070106749265076,0.160701067492657,0.16070106749266277,0.160701067492657,0.16070106749265345,0.160701067492657,0.16070106749266277,0.15921845185641567,0.15921845185639852,0.15921845185638714,0.15921845185639852,0.15921845185641567,0.15921845185639852,0.15921845185637867,0.1592184518563654,0.15921845185637867,0.15921845185639852,0.15921845185638714,0.1592184518563654,0.1592184518563508,0.1592184518563654,0.15921845185638714,0.15921845185639852,0.15921845185637867,0.1592184518563654,0.15921845185637867,0.15921845185639852,0.15921845185641567,0.15921845185639852,0.15921845185638714,0.15921845185639852,0.15921845185641567,0.15776544662892888,0.15776544662887856,0.15776544662884506,0.15776544662887856,0.15776544662892888,0.15776544662887856,0.15776544662881772,0.15776544662877573,0.15776544662881772,0.15776544662887856,0.15776544662884506,0.15776544662877573,0.15776544662872644,0.15776544662877573,0.15776544662884506,0.15776544662887856,0.15776544662881772,0.15776544662877573,0.15776544662881772,0.15776544662887856,0.15776544662892888,0.15776544662887856,0.15776544662884506,0.15776544662887856,0.15776544662892888,0.15634146293915063,0.15634146293900764,0.15634146293890788,0.15634146293900764,0.15634146293915063,0.15634146293900764,0.15634146293882278,0.15634146293868517,0.15634146293882278,0.15634146293900764,0.15634146293890788,0.15634146293868517,0.15634146293851017,0.15634146293868517,0.15634146293890788,0.15634146293900764,0.15634146293882278,0.15634146293868517,0.15634146293882278,0.15634146293900764,0.15634146293915063,0.15634146293900764,0.15634146293890788,0.15634146293900764,0.15634146293915063,0.1549459149873247,0.1549459149869376,0.15494591498664842,0.1549459149869376,0.1549459149873247,0.1549459149869376,0.15494591498638816,0.1549459149859283,0.15494591498638816,0.1549459149869376,0.15494591498664842,0.1549459149859283,0.15494591498525676,0.1549459149859283,0.15494591498664842,0.1549459149869376,0.15494591498638816,0.1549459149859283,0.15494591498638816,0.1549459149869376,0.1549459149873247,0.1549459149869376,0.15494591498664842,0.1549459149869376,0.1549459149873247,0.15357822101468988,0.15357822101371962,0.15357822101291685,0.15357822101371962,0.15357822101468988,0.15357822101371962,0.15357822101215549,0.15357822101059512,0.15357822101215549,0.15357822101371962,0.15357822101291685,0.15357822101059512,0.1535782210077349,0.15357822101059512,0.15357822101291685,0.15357822101371962,0.15357822101215549,0.15357822101059512,0.15357822101215549,0.15357822101371962,0.15357822101468988,0.15357822101371962,0.15357822101291685,0.15357822101371962,0.15357822101468988,0.15223780416497348,0.15223780416284663,0.15223780416081684,0.15223780416284663,0.15223780416497348,0.15223780416284663,0.15223780415879629,0.1522378041535938,0.15223780415879629,0.15223780416284663,0.15223780416081684,0.1522378041535938,0.15223780413982627,0.1522378041535938,0.15223780416081684,0.15223780416284663,0.15223780415879629,0.1522378041535938,0.15223780415879629,0.15223780416284663,0.15223780416497348,0.15223780416284663,0.15223780416081684,0.15223780416284663,0.15223780416497348,0.15092409324619455,0.15092409324258152,0.15092409323848585,0.15092409324258152,0.15092409324619455,0.15092409324258152,0.15092409323427652,0.15092409321922107,0.15092409323427652,0.15092409324258152,0.15092409323848585,0.15092409321922107,0.15092409314417174,0.15092409321922107,0.15092409323848585,0.15092409324258152,0.15092409323427652,0.15092409321922107,0.15092409323427652,0.15092409324258152,0.15092409324619455,0.15092409324258152,0.15092409323848585,0.15092409324258152,0.15092409324619455,0.14963652339976574,0.14963652339625844,0.1496365233924308,0.14963652339625844,0.14963652339976574,0.14963652339625844,0.14963652338851016,0.14963652337557665,0.14963652338851016,0.14963652339625844,0.1496365233924308,0.14963652337557665,0.14963652331924177,0.14963652337557665,0.1496365233924308,0.14963652339625844,0.14963652338851016,0.14963652337557665,0.14963652338851016,0.14963652339625844,0.14963652339976574,0.14963652339625844,0.1496365233924308,0.14963652339625844,0.14963652339976574,0.14837453668195413,0.14837453667964212,0.14837453667725417,0.14837453667964212,0.14837453668195413,0.14837453667964212,0.1483745366748356,0.1483745366674302,0.1483745366748356,0.14837453667964212,0.14837453667725417,0.1483745366674302,0.14837453663763694,0.1483745366674302,0.14837453667725417,0.14837453667964212,0.1483745366748356,0.1483745366674302,0.1483745366748356,0.14837453667964212,0.14837453668195413,0.14837453667964212,0.14837453667725417,0.14837453667964212,0.14837453668195413,0.14713758257321022,0.14713758257237605,0.14713758257161783,0.14713758257237605,0.14713758257321022,0.14713758257237605,0.14713758257087647,0.14713758256901832,0.14713758257087647,0.14713758257237605,0.14713758257161783,0.14713758256901832,0.1471375825634518,0.14713758256901832,0.14713758257161783,0.14713758257237605,0.14713758257087647,0.14713758256901832,0.14713758257087647,0.14713758257237605,0.14713758257321022,0.14713758257237605,0.14713758257161783,0.14713758257237605,0.14713758257321022,0.14592511841763403,0.1459251184180443,0.14592511841858669,0.1459251184180443,0.14592511841763403,0.1459251184180443,0.1459251184191668,0.14592511842141845,0.1459251184191668,0.1459251184180443,0.14592511841858669,0.14592511842141845,0.14592511843274508,0.14592511842141845,0.14592511841858669,0.1459251184180443,0.1459251184191668,0.14592511842141845,0.1459251184191668,0.1459251184180443,0.14592511841763403,0.1459251184180443,0.14592511841858669,0.1459251184180443,0.14592511841763403,0.1447366097974837,0.14473660979870692,0.14473660980005848,0.14473660979870692,0.1447366097974837,0.14473660979870692,0.14473660980145034,0.14473660980606562,0.14473660980145034,0.14473660979870692,0.14473660980005848,0.14473660980606562,0.14473660982628617,0.14473660980606562,0.14473660980005848,0.14473660979870692,0.14473660980145034,0.14473660980606562,0.14473660980145034,0.14473660979870692,0.1447366097974837,0.14473660979870692,0.14473660980005848,0.14473660979870692,0.1447366097974837,0.14357153084836094,0.1435715308499694,0.1435715308516954,0.1435715308499694,0.14357153084836094,0.1435715308499694,0.14357153085345634,0.14357153085918486,0.14357153085345634,0.1435715308499694,0.1435715308516954,0.14357153085918486,0.14357153088418376,0.14357153085918486,0.1435715308516954,0.1435715308499694,0.14357153085345634,0.14357153085918486,0.14357153085345634,0.1435715308499694,0.14357153084836094,0.1435715308499694,0.1435715308516954,0.1435715308499694,0.14357153084836094,0.1424293645205895,0.1424293645221897,0.1424293645238479,0.1424293645221897,0.1424293645205895,0.1424293645221897,0.14242936452552327,0.14242936453077423,0.14242936452552327,0.1424293645221897,0.1424293645238479,0.14242936453077423,0.14242936455282154,0.14242936453077423,0.1424293645238479,0.1424293645221897,0.14242936452552327,0.14242936453077423,0.14242936452552327,0.1424293645221897,0.1424293645205895,0.1424293645221897,0.1424293645238479,0.1424293645221897,0.1424293645205895,0.14130960279203486,0.14130960279342938,0.14130960279479543,0.14130960279342938,0.14130960279203486,0.14130960279342938,0.1413096027961531,0.14130960280011162,0.1413096027961531,0.14130960279342938,0.14130960279479543,0.14130960280011162,0.1413096028152969,0.14130960280011162,0.14130960279479543,0.14130960279342938,0.1413096027961531,0.14130960280011162,0.1413096027961531,0.14130960279342938,0.14130960279203486,0.14130960279342938,0.14130960279479543,0.14130960279342938,0.14130960279203486,0.14021174683661727,0.14021174683790164,0.14021174683908766,0.14021174683790164,0.14021174683661727,0.14021174683790164,0.14021174684024224,0.1402117468434247,0.14021174684024224,0.14021174683790164,0.14021174683908766,0.1402117468434247,0.14021174685555302,0.1402117468434247,0.14021174683908766,0.14021174683790164,0.14021174684024224,0.1402117468434247,0.14021174684024224,0.14021174683790164,0.14021174683661727,0.14021174683790164,0.14021174683908766,0.14021174683790164,0.14021174683661727,0.13913530715284292,0.13913530715435365,0.13913530715564418,0.13913530715435365,0.13913530715284292,0.13913530715435365,0.13913530715688488,0.1391353071595565,0.13913530715688488,0.13913530715435365,0.13913530715564418,0.1391353071595565,0.13913530716501737,0.1391353071595565,0.13913530715564418,0.13913530715435365,0.13913530715688488,0.1391353071595565,0.13913530715688488,0.13913530715435365,0.13913530715284292,0.13913530715435365,0.13913530715564418,0.13913530715435365,0.13913530715284292,0.1380798036565086,0.1380798036589835,0.13807980366139194,0.1380798036589835,0.1380798036565086,0.1380798036589835,0.13807980366380532,0.13807980367016962,0.13807980366380532,0.1380798036589835,0.13807980366139194,0.13807980367016962,0.1380798036875257,0.13807980367016962,0.13807980366139194,0.1380798036589835,0.13807980366380532,0.13807980367016962,0.13807980366380532,0.1380798036589835,0.1380798036565086,0.1380798036589835,0.13807980366139194,0.1380798036589835,0.1380798036565086,0.13704476574071106,0.13704476574436447,0.13704476574872604,0.13704476574436447,0.13704476574071106,0.13704476574436447,0.13704476575323174,0.13704476577080604,0.13704476575323174,0.13704476574436447,0.13704476574872604,0.13704476577080604,0.13704476586758393,0.13704476577080604,0.13704476574872604,0.13704476574436447,0.13704476575323174,0.13704476577080604,0.13704476575323174,0.13704476574436447,0.13704476574071106,0.13704476574436447,0.13704476574872604,0.13704476574436447,0.13704476574071106,0.13602973230866372,0.13602973231117124,0.13602973231361018,0.13602973231117124,0.13602973230866372,0.13602973231117124,0.13602973231604987,0.13602973232253285,0.13602973231604987,0.13602973231117124,0.13602973231361018,0.13602973232253285,0.136029732340445,0.13602973232253285,0.13602973231361018,0.13602973231117124,0.13602973231604987,0.13602973232253285,0.13602973231604987,0.13602973231117124,0.13602973230866372,0.13602973231117124,0.13602973231361018,0.13602973231117124,0.13602973230866372,0.13503425178460518,0.1350342517861666,0.13503425178745146,0.1350342517861666,0.13503425178460518,0.1350342517861666,0.13503425178866818,0.135034251791139,0.13503425178866818,0.1350342517861666,0.13503425178745146,0.135034251791139,0.13503425179561832,0.135034251791139,0.13503425178745146,0.1350342517861666,0.13503425178866818,0.135034251791139,0.13503425178866818,0.1350342517861666,0.13503425178460518,0.1350342517861666,0.13503425178745146,0.1350342517861666,0.13503425178460518
0.16533248790353564,0.1653324879035354,0.16533248790353516,0.1653324879035354,0.16533248790353564,0.1653324879035354,0.16533248790353497,0.16533248790353497,0.16533248790353497,0.1653324879035354,0.16533248790353516,0.16533248790353497,0.16533248790353472,0.16533248790353497,0.16533248790353516,0.1653324879035354,0.16533248790353497,0.16533248790353497,0.16533248790353497,0.1653324879035354,0.16533248790353564,0.1653324879035354,0.16533248790353516,0.1653324879035354,0.16533248790353564,0.16375749418238725,0.16375749418238678,0.16375749418238633,0.16375749418238678,0.16375749418238725,0.16375749418238678,0.1637574941823861,0.16375749418238564,0.1637574941823861,0.16375749418238678,0.16375749418238633,0.16375749418238564,0.1637574941823852,0.16375749418238564,0.16375749418238633,0.16375749418238678,0.1637574941823861,0.16375749418238564,0.1637574941823861,0.16375749418238678,0.16375749418238725,0.16375749418238678,0.16375749418238633,0.16375749418238678,0.16375749418238725,0.16221388439318024,0.1622138843931782,0.16221388439317708,0.1622138843931782,0.16221388439318024,0.1622138843931782,0.16221388439317616,0.16221388439317502,0.16221388439317616,0.1622138843931782,0.16221388439317708,0.16221388439317502,0.1622138843931737,0.16221388439317502,0.16221388439317708,0.1622138843931782,0.16221388439317616,0.16221388439317502,0.16221388439317616,0.1622138843931782,0.16221388439318024,0.1622138843931782,0.16221388439317708,0.1622138843931782,0.16221388439318024,0.16070106749295715,0.16070106749295135,0.16070106749294757,0.16070106749295135,0.16070106749295715,0.16070106749295135,0.1607010674929449,0.1607010674929409,0.1607010674929449,0.16070106749295135,0.16070106749294757,0.1607010674929409,0.16070106749293647,0.1607010674929409,0.16070106749294757,0.16070106749295135,0.1607010674929449,0.1607010674929409,0.1607010674929449,0.16070106749295135,0.16070106749295715,0.16070106749295135,0.16070106749294757,0.16070106749295135,0.16070106749295715,0.15921845185670394,0.15921845185668676,0.15921845185667563,0.15921845185668676,0.15921845185670394,0.15921845185668676,0.15921845185666714,0.15921845185665387,0.15921845185666691,0.15921845185668676,0.15921845185667563,0.15921845185665387,0.1592184518566393,0.15921845185665387,0.15921845185667563,0.15921845185668676,0.15921845185666691,0.15921845185665387,0.15921845185666714,0.15921845185668676,0.15921845185670394,0.15921845185668676,0.15921845185667563,0.15921845185668676,0.15921845185670394,0.1577654466292114,0.15776544662916106,0.15776544662912756,0.15776544662916106,0.1577654466292114,0.15776544662916106,0.15776544662910047,0.1577654466290582,0.15776544662910047,0.15776544662916106,0.15776544662912756,0.1577654466290582,0.15776544662900913,0.1577654466290582,0.15776544662912756,0.15776544662916106,0.15776544662910047,0.1577654466290582,0.15776544662910047,0.15776544662916106,0.1577654466292114,0.15776544662916106,0.15776544662912756,0.15776544662916106,0.1577654466292114,0.15634146293942688,0.15634146293928428,0.15634146293918472,0.15634146293928428,0.15634146293942688,0.15634146293928428,0.15634146293909984,0.15634146293896226,0.15634146293909984,0.15634146293928428,0.15634146293918472,0.15634146293896226,0.15634146293878765,0.15634146293896226,0.15634146293918472,0.15634146293928428,0.15634146293909984,0.15634146293896226,0.15634146293909984,0.15634146293928428,0.15634146293942688,0.15634146293928428,0.15634146293918472,0.15634146293928428,0.15634146293942688,0.1549459149875946,0.1549459149872081,0.15494591498691954,0.1549459149872081,0.1549459149875946,0.1549459149872081,0.15494591498665972,0.15494591498620064,0.15494591498665972,0.1549459149872081,0.15494591498691954,0.15494591498620064,0.15494591498553034,0.15494591498620064,0.15494591498691954,0.1549459149872081,0.15494591498665972,0.15494591498620064,0.15494591498665972,0.1549459149872081,0.1549459149875946,0.1549459149872081,0.15494591498691954,0.1549459149872081,0.1549459149875946,0.153578221014952,0.15357822101398336,0.15357822101318216,0.15357822101398336,0.153578221014952,0.15357822101398336,0.15357822101242216,0.15357822101086463,0.15357822101242216,0.15357822101398336,0.15357822101318216,0.15357822101086463,0.15357822100800947,0.15357822101086463,0.15357822101318216,0.15357822101398336,0.15357822101242216,0.15357822101086463,0.15357822101242216,0.15357822101398336,0.153578221014952,0.15357822101398336,0.15357822101318216,0.15357822101398336,0.153578221014952,0.1522378041652239,0.15223780416310118,0.15223780416107507,0.15223780416310118,0.1522378041652239,0.15223780416310118,0.1522378041590583,0.15223780415386506,0.1522378041590583,0.15223780416310118,0.15223780416107507,0.15223780415386506,0.15223780414012172,0.15223780415386506,0.15223780416107507,0.15223780416310118,0.1522378041590583,0.15223780415386506,0.1522378041590583,0.15223780416310118,0.1522378041652239,0.15223780416310118,0.15223780416107507,0.15223780416310118,0.1522378041652239,0.15092409324642528,0.15092409324281922,0.15092409323873143,0.15092409324281922,0.15092409324642528,0.15092409324281922,0.15092409323452985,0.15092409321950156,0.15092409323452985,0.15092409324281922,0.15092409323873143,0.15092409321950156,0.1509240931445869,0.15092409321950156,0.15092409323873143,0.15092409324281922,0.15092409323452985,0.15092409321950156,0.15092409323452985,0.15092409324281922,0.15092409324642528,0.15092409324281922,0.15092409323873143,0.15092409324281922,0.15092409324642528,0.1496365233999622,0.14963652339646263,0.14963652339264336,0.14963652339646263,0.1496365233999622,0.14963652339646263,0.149636523388731,0.14963652337582395,0.149636523388731,0.14963652339646263,0.14963652339264336,0.14963652337582395,0.14963652331957475,0.14963652337582395,0.14963652339264336,0.14963652339646263,0.149636523388731,0.14963652337582395,0.149636523388731,0.14963652339646263,0.1496365233999622,0.14963652339646263,0.14963652339264336,0.14963652339646263,0.1496365233999622,0.1483745366820996,0.14837453667979467,0.1483745366774141,0.14837453667979467,0.1483745366820996,0.14837453667979467,0.14837453667500314,0.14837453666762054,0.14837453667500314,0.14837453667979467,0.1483745366774141,0.14837453666762054,0.14837453663791195,0.14837453666762054,0.1483745366774141,0.14837453667979467,0.14837453667500314,0.14837453666762054,0.14837453667500314,0.14837453667979467,0.1483745366820996,0.14837453667979467,0.1483745366774141,0.14837453667979467,0.1483745366820996,0.14713758257328943,0.1471375825724609,0.14713758257170864,0.1471375825724609,0.14713758257328943,0.1471375825724609,0.14713758257097329,0.1471375825691342,0.14713758257097329,0.1471375825724609,0.14713758257170864,0.1471375825691342,0.1471375825636367,0.1471375825691342,0.14713758257170864,0.1471375825724609,0.14713758257097329,0.1471375825691342,0.14713758257097329,0.1471375825724609,0.14713758257328943,0.1471375825724609,0.14713758257170864,0.1471375825724609,0.14713758257328943,0.1459251184176344,0.14592511841804784,0.14592511841859346,0.14592511841804784,0.1459251184176344,0.14592511841804784,0.14592511841917713,0.1459251184214398,0.14592511841917713,0.14592511841804784,0.14592511841859346,0.1459251184214398,0.1459251184328167,0.1459251184214398,0.14592511841859346,0.14592511841804784,0.14592511841917713,0.1459251184214398,0.14592511841917713,0.14592511841804784,0.1459251184176344,0.14592511841804784,0.14592511841859346,0.14592511841804784,0.1459251184176344,0.14473660979739764,0.14473660979862088,0.14473660979997224,0.14473660979862088,0.14473660979739764,0.14473660979862088,0.14473660980136413,0.14473660980597938,0.14473660980136413,0.14473660979862088,0.14473660979997224,0.14473660980597938,0.1447366098262057,0.14473660980597938,0.14473660979997224,0.14473660979862088,0.14473660980136413,0.14473660980597938,0.14473660980136413,0.14473660979862088,0.14473660979739764,0.14473660979862088,0.14473660979997224,0.14473660979862088,0.14473660979739764,0.14357153084818777,0.14357153084979246,0.1435715308515144,0.14357153084979246,0.14357153084818777,0.14357153084979246,0.14357153085327137,0.14357153085898894,0.14357153085327137,0.14357153084979246,0.1435715308515144,0.14357153085898894,0.14357153088392763,0.14357153085898894,0.1435715308515144,0.14357153084979246,0.14357153085327137,0.14357153085898894,0.14357153085327137,0.14357153084979246,0.14357153084818777,0.14357153084979246,0.1435715308515144,0.14357153084979246,0.14357153084818777,0.14242936452033586,0.1424293645219285,0.1424293645235785,0.1424293645219285,0.14242936452033586,0.1424293645219285,0.1424293645252453,0.14242936453046642,0.1424293645252453,0.1424293645219285,0.1424293645235785,0.14242936453046642,0.14242936455237315,0.14242936453046642,0.1424293645235785,0.1424293645219285,0.1424293645252453,0.14242936453046642,0.1424293645252453,0.1424293645219285,0.14242936452033586,0.1424293645219285,0.1424293645235785,0.1424293645219285,0.14242936452033586,0.14130960279171464,0.14130960279310126,0.14130960279445842,0.14130960279310126,0.14130960279171464,0.14130960279310126,0.14130960279580707,0.1413096027997343,0.14130960279580707,0.14130960279310126,0.14130960279445842,0.1413096027997343,0.14130960281477703,0.1413096027997343,0.14130960279445842,0.14130960279310126,0.14130960279580707,0.1413096027997343,0.14130960279580707,0.14130960279310126,0.14130960279171464,0.14130960279310126,0.14130960279445842,0.14130960279310126,0.14130960279171464,0.1402117468362462,0.14021174683752496,0.14021174683870533,0.14021174683752496,0.1402117468362462,0.14021174683752496,0.14021174683985477,0.14021174684302273,0.14021174683985477,0.14021174683752496,0.14021174683870533,0.14021174684302273,0.1402117468550872,0.14021174684302273,0.14021174683870533,0.14021174683752496,0.14021174683985477,0.14021174684302273,0.14021174683985477,0.14021174683752496,0.1402117468362462,0.14021174683752496,0.14021174683870533,0.14021174683752496,0.1402117468362462,0.13913530715243183,0.13913530715393832,0.139135307155225,0.13913530715393832,0.13913530715243183,0.13913530715393832,0.13913530715646208,0.13913530715912628,0.13913530715646208,0.13913530715393832,0.139135307155225,0.13913530715912628,0.13913530716457212,0.13913530715912628,0.139135307155225,0.13913530715393832,0.13913530715646208,0.13913530715912628,0.13913530715646208,0.13913530715393832,0.13913530715243183,0.13913530715393832,0.139135307155225,0.13913530715393832,0.13913530715243183,0.13807980365606595,0.13807980365853545,0.13807980366093892,0.13807980365853545,0.13807980365606595,0.13807980365853545,0.13807980366334718,0.13807980366969858,0.13807980366334718,0.13807980365853545,0.13807980366093892,0.13807980366969858,0.13807980368702027,0.13807980366969858,0.13807980366093892,0.13807980365853545,0.13807980366334718,0.13807980366969858,0.13807980366334718,0.13807980365853545,0.13807980365606595,0.13807980365853545,0.13807980366093892,0.13807980365853545,0.13807980365606595,0.13704476574024724,0.13704476574389343,0.1370447657482465,0.13704476574389343,0.13704476574024724,0.13704476574389343,0.1370447657527434,0.13704476577028363,0.1370447657527434,0.13704476574389343,0.1370447657482465,0.13704476577028363,0.13704476586686767,0.13704476577028363,0.1370447657482465,0.13704476574389343,0.1370447657527434,0.13704476577028363,0.1370447657527434,0.13704476574389343,0.13704476574024724,0.13704476574389343,0.1370447657482465,0.13704476574389343,0.13704476574024724,0.13602973230819299,0.13602973231069576,0.13602973231312993,0.1360297323106956,0.13602973230819299,0.13602973231069576,0.1360297323155648,0.13602973232203527,0.1360297323155648,0.1360297323106956,0.13602973231312993,0.13602973232203527,0.13602973233991297,0.13602973232203527,0.13602973231312993,0.1360297323106956,0.1360297323155648,0.13602973232203527,0.1360297323155648,0.1360297323106956,0.13602973230819299,0.1360297323106956,0.13602973231312993,0.1360297323106956,0.13602973230819299,0.13503425178413753,0.13503425178569584,0.13503425178697823,0.13503425178569584,0.13503425178413753,0.13503425178569584,0.1350342517881926,0.13503425179065875,0.1350342517881926,0.13503425178569584,0.13503425178697823,0.13503425179065875,0.13503425179512932,0.13503425179065875,0.13503425178697823,0.13503425178569584,0.1350342517881926,0.13503425179065875,0.1350342517881926,0.13503425178569584,0.13503425178413753,0.13503425178569584,0.13503425178697823,0.13503425178569584,0.13503425178413753
0.16533248790384597,0.16533248790384575,0.1653324879038455,0.16533248790384575,0.16533248790384597,0.16533248790384575,0.1653324879038455,0.16533248790384525,0.1653324879038455,0.16533248790384575,0.1653324879038455,0.16533248790384525,0.16533248790384503,0.16533248790384525,0.1653324879038455,0.16533248790384575,0.1653324879038455,0.16533248790384525,0.1653324879038455,0.16533248790384575,0.16533248790384597,0.16533248790384575,0.1653324879038455,0.16533248790384575,0.16533248790384597,0.16375749418269162,0.16375749418269095,0.16375749418269048,0.16375749418269095,0.16375749418269162,0.16375749418269095,0.16375749418269023,0.16375749418268978,0.16375749418269023,0.16375749418269095,0.16375749418269048,0.16375749418268978,0.1637574941826893,0.16375749418268978,0.16375749418269048,0.16375749418269095,0.16375749418269023,0.16375749418268978,0.16375749418269023,0.16375749418269095,0.16375749418269162,0.16375749418269095,0.16375749418269048,0.16375749418269095,0.16375749418269162,0.1622138843934783,0.16221388439347628,0.16221388439347514,0.16221388439347628,0.1622138843934783,0.16221388439347628,0.16221388439347423,0.16221388439347312,0.16221388439347423,0.16221388439347628,0.16221388439347514,0.16221388439347312,0.16221388439347173,0.16221388439347312,0.16221388439347514,0.16221388439347628,0.16221388439347423,0.16221388439347312,0.16221388439347423,0.16221388439347628,0.1622138843934783,0.16221388439347628,0.16221388439347514,0.16221388439347628,0.1622138843934783,0.16070106749324903,0.16070106749324348,0.1607010674932397,0.16070106749324348,0.16070106749324903,0.16070106749324348,0.16070106749323704,0.16070106749323304,0.16070106749323704,0.16070106749324348,0.1607010674932397,0.16070106749323304,0.1607010674932286,0.16070106749323304,0.1607010674932397,0.16070106749324348,0.16070106749323704,0.16070106749323304,0.16070106749323704,0.16070106749324348,0.16070106749324903,0.16070106749324348,0.1607010674932397,0.16070106749324348,0.16070106749324903,0.15921845185699002,0.1592184518569728,0.15921845185696173,0.1592184518569728,0.15921845185699002,0.1592184518569728,0.15921845185695324,0.15921845185694017,0.15921845185695324,0.1592184518569728,0.15921845185696173,0.15921845185694017,0.15921845185692557,0.15921845185694017,0.15921845185696173,0.1592184518569728,0.15921845185695324,0.15921845185694017,0.15921845185695324,0.1592184518569728,0.15921845185699002,0.1592184518569728,0.15921845185696173,0.1592184518569728,0.15921845185699002,0.15776544662949157,0.15776544662944142,0.15776544662940792,0.15776544662944142,0.15776544662949157,0.15776544662944142,0.15776544662938083,0.15776544662933878,0.15776544662938083,0.15776544662944142,0.15776544662940792,0.15776544662933878,0.1577654466292897,0.15776544662933878,0.15776544662940792,0.15776544662944142,0.15776544662938083,0.15776544662933878,0.15776544662938083,0.15776544662944142,0.15776544662949157,0.15776544662944142,0.15776544662940792,0.15776544662944142,0.15776544662949157,0.15634146293970122,0.15634146293955864,0.15634146293945927,0.15634146293955864,0.15634146293970122,0.15634146293955864,0.1563414629393746,0.15634146293923742,0.1563414629393746,0.15634146293955864,0.15634146293945927,0.15634146293923742,0.15634146293906304,0.15634146293923742,0.15634146293945927,0.15634146293955864,0.1563414629393746,0.15634146293923742,0.1563414629393746,0.15634146293955864,0.15634146293970122,0.15634146293955864,0.15634146293945927,0.15634146293955864,0.15634146293970122,0.15494591498786245,0.15494591498747656,0.15494591498718843,0.15494591498747656,0.15494591498786245,0.15494591498747656,0.1549459149869292,0.15494591498647098,0.1549459149869292,0.15494591498747656,0.15494591498718843,0.15494591498647098,0.15494591498580185,0.15494591498647098,0.15494591498718843,0.15494591498747656,0.1549459149869292,0.15494591498647098,0.1549459149869292,0.15494591498747656,0.15494591498786245,0.15494591498747656,0.15494591498718843,0.15494591498747656,0.15494591498786245,0.15357822101521187,0.15357822101424523,0.1535782210134453,0.15357822101424523,0.15357822101521187,0.15357822101424523,0.1535782210126867,0.15357822101113197,0.1535782210126867,0.15357822101424523,0.1535782210134453,0.15357822101113197,0.1535782210082818,0.15357822101113197,0.1535782210134453,0.15357822101424523,0.1535782210126867,0.15357822101113197,0.1535782210126867,0.15357822101424523,0.15357822101521187,0.15357822101424523,0.1535782210134453,0.15357822101424523,0.15357822101521187,0.15223780416547247,0.15223780416335367,0.15223780416133117,0.15223780416335367,0.15223780416547247,0.15223780416335367,0.15223780415931806,0.15223780415413413,0.15223780415931806,0.15223780416335367,0.15223780416133117,0.15223780415413413,0.15223780414041502,0.15223780415413413,0.15223780416133117,0.15223780416335367,0.15223780415931806,0.15223780415413413,0.15223780415931806,0.15223780416335367,0.15223780416547247,0.15223780416335367,0.15223780416133117,0.15223780416335367,0.15223780416547247,0.1509240932466543,0.15092409324305517,0.1509240932389751,0.15092409324305517,0.1509240932466543,0.15092409324305517,0.1509240932347812,0.15092409321977995,0.1509240932347812,0.15092409324305517,0.1509240932389751,0.15092409321977995,0.15092409314498315,0.15092409321977995,0.1509240932389751,0.15092409324305517,0.1509240932347812,0.15092409321977995,0.1509240932347812,0.15092409324305536,0.1509240932466543,0.15092409324305517,0.1509240932389751,0.15092409324305536,0.1509240932466543,0.14963652340015696,0.14963652339666514,0.14963652339285416,0.14963652339666514,0.14963652340015696,0.14963652339666514,0.14963652338894998,0.14963652337606942,0.14963652338894998,0.14963652339666514,0.14963652339285416,0.14963652337606942,0.14963652331991772,0.14963652337606942,0.14963652339285416,0.14963652339666514,0.14963652338894998,0.14963652337606942,0.14963652338894998,0.14963652339666514,0.14963652340015696,0.14963652339666514,0.14963652339285416,0.14963652339666514,0.14963652340015696,0.14837453668224398,0.1483745366799461,0.14837453667757275,0.1483745366799461,0.14837453668224398,0.1483745366799461,0.1483745366751692,0.14837453666780917,0.1483745366751692,0.1483745366799461,0.14837453667757275,0.14837453666780917,0.14837453663819644,0.14837453666780917,0.14837453667757275,0.1483745366799461,0.1483745366751692,0.14837453666780917,0.1483745366751692,0.1483745366799461,0.14837453668224398,0.1483745366799461,0.14837453667757275,0.1483745366799461,0.14837453668224398,0.1471375825733679,0.1471375825725448,0.14713758257179857,0.1471375825725448,0.1471375825733679,0.1471375825725448,0.1471375825710692,0.147137582569249,0.1471375825710692,0.1471375825725448,0.14713758257179857,0.147137582569249,0.14713758256384799,0.147137582569249,0.14713758257179857,0.1471375825725448,0.1471375825710692,0.147137582569249,0.1471375825710692,0.1471375825725448,0.1471375825733679,0.1471375825725448,0.14713758257179857,0.1471375825725448,0.1471375825733679,0.14592511841763456,0.14592511841805106,0.1459251184186002,0.14592511841805106,0.14592511841763456,0.14592511841805106,0.14592511841918712,0.1459251184214608,0.14592511841918712,0.14592511841805106,0.1459251184186002,0.1459251184214608,0.14592511843289913,0.1459251184214608,0.1459251184186002,0.14592511841805106,0.14592511841918712,0.1459251184214608,0.14592511841918712,0.14592511841805106,0.14592511841763456,0.14592511841805106,0.1459251184186002,0.14592511841805106,0.14592511841763456,0.14473660979731212,0.14473660979853517,0.14473660979988653,0.14473660979853517,0.14473660979731212,0.14473660979853517,0.14473660980127823,0.14473660980589387,0.14473660980127823,0.14473660979853517,0.14473660979988653,0.14473660980589387,0.14473660982611355,0.14473660980589387,0.14473660979988653,0.14473660979853517,0.14473660980127823,0.14473660980589387,0.14473660980127823,0.14473660979853517,0.14473660979731212,0.14473660979853517,0.14473660979988653,0.14473660979853517,0.14473660979731212,0.14357153084801563,0.14357153084961655,0.1435715308513347,0.14357153084961655,0.14357153084801563,0.14357153084961655,0.14357153085308777,0.14357153085879437,0.14357153085308777,0.14357153084961655,0.1435715308513347,0.14357153085879437,0.1435715308837209,0.14357153085879437,0.1435715308513347,0.14357153084961655,0.14357153085308777,0.14357153085879437,0.14357153085308777,0.14357153084961655,0.14357153084801563,0.14357153084961655,0.1435715308513347,0.14357153084961655,0.14357153084801563,0.14242936452008373,0.142429364521669,0.14242936452331076,0.142429364521669,0.14242936452008373,0.142429364521669,0.14242936452496902,0.1424293645301606,0.14242936452496902,0.142429364521669,0.14242936452331076,0.1424293645301606,0.14242936455193664,0.1424293645301606,0.14242936452331076,0.142429364521669,0.14242936452496902,0.1424293645301606,0.14242936452496902,0.142429364521669,0.14242936452008373,0.142429364521669,0.14242936452331076,0.142429364521669,0.14242936452008373,0.14130960279139673,0.14130960279277527,0.14130960279412375,0.14130960279277527,0.14130960279139673,0.14130960279277527,0.1413096027954633,0.14130960279935967,0.1413096027954633,0.14130960279277527,0.14130960279412375,0.14130960279935967,0.1413096028142624,0.14130960279935967,0.14130960279412375,0.14130960279277527,0.1413096027954633,0.14130960279935967,0.1413096027954633,0.14130960279277527,0.14130960279139673,0.14130960279277527,0.14130960279412375,0.14130960279277527,0.14130960279139673,0.14021174683587775,0.1402117468371507,0.14021174683832574,0.1402117468371507,0.14021174683587775,0.1402117468371507,0.14021174683946966,0.1402117468426236,0.14021174683946966,0.1402117468371507,0.14021174683832574,0.1402117468426236,0.14021174685465065,0.1402117468426236,0.14021174683832574,0.1402117468371507,0.14021174683946966,0.1402117468426236,0.14021174683946966,0.1402117468371507,0.14021174683587775,0.1402117468371507,0.14021174683832574,0.1402117468371507,0.14021174683587775,0.13913530715202357,0.13913530715352562,0.1391353071548087,0.13913530715352562,0.13913530715202357,0.13913530715352562,0.1391353071560423,0.1391353071586989,0.1391353071560423,0.13913530715352562,0.1391353071548087,0.1391353071586989,0.1391353071641299,0.1391353071586989,0.1391353071548087,0.13913530715352562,0.1391353071560423,0.1391353071586989,0.1391353071560423,0.13913530715352562,0.13913530715202357,0.13913530715352562,0.1391353071548087,0.13913530715352562,0.13913530715202357,0.13807980365562625,0.13807980365809064,0.13807980366048897,0.13807980365809064,0.13807980365562625,0.13807980365809064,0.13807980366289227,0.13807980366923084,0.13807980366289227,0.13807980365809064,0.13807980366048897,0.13807980366923084,0.13807980368651843,0.13807980366923084,0.13807980366048897,0.13807980365809064,0.13807980366289227,0.13807980366923084,0.13807980366289227,0.13807980365809064,0.13807980365562625,0.13807980365809064,0.13807980366048897,0.13807980365809064,0.13807980365562625,0.13704476573978652,0.1370447657434256,0.13704476574777014,0.1370447657434256,0.13704476573978652,0.1370447657434256,0.13704476575225838,0.13704476576976504,0.13704476575225838,0.1370447657434256,0.13704476574777014,0.13704476576976504,0.13704476586618136,0.13704476576976504,0.13704476574777014,0.1370447657434256,0.13704476575225838,0.13704476576976504,0.13704476575225838,0.1370447657434256,0.13704476573978652,0.1370447657434256,0.13704476574777014,0.1370447657434256,0.13704476573978652,0.1360297323077257,0.13602973231022336,0.13602973231265292,0.13602973231022336,0.1360297323077257,0.13602973231022336,0.1360297323150832,0.13602973232154114,0.1360297323150832,0.13602973231022336,0.13602973231265292,0.13602973232154114,0.13602973233938484,0.13602973232154114,0.13602973231265292,0.13602973231022336,0.1360297323150832,0.13602973232154114,0.1360297323150832,0.13602973231022336,0.1360297323077257,0.13602973231022336,0.13602973231265292,0.13602973231022336,0.1360297323077257,0.13503425178367295,0.13503425178522832,0.13503425178650835,0.13503425178522832,0.13503425178367295,0.13503425178522832,0.13503425178772024,0.13503425179018172,0.13503425178772024,0.13503425178522832,0.13503425178650835,0.13503425179018172,0.13503425179464376,0.13503425179018172,0.13503425178650835,0.13503425178522832,0.13503425178772024,0.13503425179018172,0.13503425178772024,0.13503425178522832,0.13503425178367295,0.13503425178522832,0.13503425178650835,0.13503425178522832,0.13503425178367306
0.16533248790415417,0.16533248790415395,0.1653324879041537,0.16533248790415395,0.16533248790415417,0.16533248790415395,0.1653324879041537,0.16533248790415345,0.1653324879041537,0.16533248790415395,0.1653324879041537,0.16533248790415345,0.16533248790415322,0.16533248790415345,0.1653324879041537,0.16533248790415395,0.1653324879041537,0.16533248790415345,0.1653324879041537,0.16533248790415395,0.16533248790415417,0.16533248790415395,0.1653324879041537,0.16533248790415395,0.16533248790415417,0.16375749418299368,0.163757494182993,0.16375749418299254,0.163757494182993,0.16375749418299368,0.163757494182993,0.16375749418299232,0.16375749418299182,0.16375749418299232,0.163757494182993,0.16375749418299254,0.16375749418299182,0.1637574941829914,0.16375749418299182,0.16375749418299254,0.163757494182993,0.16375749418299232,0.16375749418299182,0.16375749418299232,0.163757494182993,0.16375749418299368,0.163757494182993,0.16375749418299254,0.163757494182993,0.16375749418299368,0.16221388439377435,0.16221388439377232,0.16221388439377118,0.16221388439377232,0.16221388439377435,0.16221388439377232,0.16221388439377027,0.16221388439376913,0.16221388439377027,0.16221388439377232,0.16221388439377118,0.16221388439376913,0.1622138843937678,0.16221388439376913,0.16221388439377118,0.16221388439377232,0.16221388439377027,0.16221388439376913,0.16221388439377027,0.16221388439377232,0.16221388439377435,0.16221388439377232,0.16221388439377118,0.16221388439377232,0.16221388439377435,0.16070106749353916,0.16070106749353338,0.16070106749352986,0.16070106749353338,0.16070106749353916,0.16070106749353338,0.1607010674935272,0.16070106749352295,0.1607010674935272,0.16070106749353338,0.16070106749352986,0.16070106749352295,0.1607010674935185,0.16070106749352295,0.16070106749352986,0.16070106749353338,0.1607010674935272,0.16070106749352295,0.1607010674935272,0.16070106749353338,0.16070106749353916,0.16070106749353338,0.16070106749352986,0.16070106749353338,0.16070106749353916,0.15921845185727415,0.15921845185725716,0.15921845185724606,0.15921845185725716,0.15921845185727415,0.15921845185725716,0.15921845185723757,0.15921845185722427,0.15921845185723757,0.15921845185725716,0.15921845185724606,0.15921845185722427,0.15921845185720992,0.15921845185722427,0.15921845185724606,0.15921845185725716,0.15921845185723757,0.15921845185722427,0.15921845185723757,0.15921845185725716,0.15921845185727415,0.15921845185725716,0.15921845185724606,0.15921845185725716,0.15921845185727415,0.15776544662977,0.15776544662971986,0.15776544662968636,0.15776544662971986,0.15776544662977,0.15776544662971986,0.15776544662965927,0.15776544662961745,0.15776544662965927,0.15776544662971986,0.15776544662968636,0.15776544662961745,0.15776544662956837,0.15776544662961745,0.15776544662968636,0.15776544662971986,0.15776544662965927,0.15776544662961745,0.15776544662965927,0.15776544662971986,0.15776544662977,0.15776544662971986,0.15776544662968636,0.15776544662971986,0.15776544662977,0.15634146293997347,0.1563414629398313,0.15634146293973217,0.1563414629398313,0.15634146293997347,0.1563414629398313,0.15634146293964768,0.1563414629395105,0.15634146293964768,0.1563414629398313,0.15634146293973217,0.1563414629395105,0.15634146293933654,0.1563414629395105,0.15634146293973217,0.1563414629398313,0.15634146293964768,0.1563414629395105,0.15634146293964768,0.1563414629398313,0.15634146293997347,0.1563414629398313,0.15634146293973217,0.1563414629398313,0.15634146293997347,0.15494591498812846,0.1549459149877434,0.15494591498745566,0.1549459149877434,0.15494591498812846,0.1549459149877434,0.15494591498719681,0.15494591498673965,0.15494591498719681,0.1549459149877434,0.15494591498745566,0.15494591498673965,0.15494591498607155,0.15494591498673965,0.15494591498745566,0.1549459149877434,0.15494591498719681,0.15494591498673965,0.15494591498719681,0.1549459149877434,0.15494591498812846,0.1549459149877434,0.15494591498745566,0.1549459149877434,0.15494591498812846,0.15357822101547017,0.15357822101450513,0.15357822101370677,0.15357822101450513,0.15357822101547017,0.15357822101450513,0.1535782210129496,0.1535782210113975,0.1535782210129496,0.15357822101450513,0.15357822101370677,0.1535782210113975,0.15357822100855253,0.1535782210113975,0.15357822101370677,0.15357822101450513,0.1535782210129496,0.1535782210113975,0.1535782210129496,0.15357822101450513,0.15357822101547017,0.15357822101450513,0.15357822101370677,0.15357822101450513,0.15357822101547017,0.1522378041657195,0.15223780416360444,0.1522378041615857,0.15223780416360444,0.1522378041657195,0.15223780416360444,0.15223780415957636,0.15223780415440163,0.15223780415957636,0.15223780416360444,0.1522378041615857,0.15223780415440163,0.15223780414070634,0.15223780415440163,0.1522378041615859,0.15223780416360444,0.15223780415957636,0.15223780415440163,0.15223780415957636,0.15223780416360444,0.1522378041657195,0.15223780416360444,0.1522378041615859,0.15223780416360444,0.1522378041657195,0.15092409324688172,0.15092409324328954,0.15092409323921702,0.15092409324328954,0.15092409324688172,0.15092409324328954,0.15092409323503106,0.1509240932200566,0.15092409323503106,0.15092409324328954,0.15092409323921702,0.1509240932200566,0.1509240931454153,0.1509240932200566,0.15092409323921702,0.15092409324328954,0.15092409323503106,0.1509240932200566,0.15092409323503106,0.15092409324328954,0.15092409324688172,0.15092409324328954,0.15092409323921702,0.15092409324328954,0.15092409324688172,0.14963652340035058,0.14963652339686634,0.1496365233930635,0.14963652339686634,0.14963652340035058,0.14963652339686634,0.1496365233891676,0.1496365233763133,0.1496365233891676,0.14963652339686634,0.1496365233930635,0.1496365233763133,0.1496365233202791,0.1496365233763133,0.1496365233930635,0.14963652339686634,0.1496365233891676,0.1496365233763133,0.1496365233891676,0.14963652339686634,0.14963652340035058,0.14963652339686634,0.1496365233930635,0.14963652339686634,0.14963652340035058,0.14837453668238723,0.14837453668009637,0.14837453667773026,0.14837453668009637,0.14837453668238723,0.14837453668009637,0.14837453667533396,0.14837453666799658,0.14837453667533396,0.14837453668009637,0.14837453667773026,0.14837453666799658,0.1483745366384885,0.14837453666799658,0.14837453667773026,0.14837453668009637,0.14837453667533396,0.14837453666799658,0.14837453667533396,0.14837453668009637,0.14837453668238723,0.14837453668009637,0.14837453667773026,0.14837453668009637,0.14837453668238723,0.1471375825734458,0.14713758257262838,0.14713758257188775,0.14713758257262838,0.1471375825734458,0.14713758257262838,0.1471375825711644,0.1471375825693629,0.1471375825711644,0.14713758257262838,0.14713758257188775,0.1471375825693629,0.147137582564048,0.1471375825693629,0.14713758257188775,0.14713758257262838,0.1471375825711644,0.1471375825693629,0.1471375825711644,0.14713758257262838,0.1471375825734458,0.14713758257262838,0.14713758257188775,0.14713758257262838,0.1471375825734458,0.14592511841763495,0.14592511841805444,0.1459251184186068,0.14592511841805444,0.14592511841763495,0.14592511841805444,0.14592511841919728,0.14592511842148181,0.14592511841919728,0.14592511841805444,0.1459251184186068,0.14592511842148181,0.14592511843294953,0.14592511842148181,0.1459251184186068,0.14592511841805444,0.14592511841919728,0.14592511842148181,0.14592511841919728,0.14592511841805444,0.14592511841763495,0.14592511841805444,0.1459251184186068,0.14592511841805444,0.14592511841763495,0.14473660979722744,0.14473660979845018,0.14473660979980152,0.14473660979845018,0.14473660979722744,0.14473660979845018,0.14473660980119324,0.14473660980580902,0.14473660980119324,0.14473660979845018,0.14473660979980152,0.14473660980580902,0.14473660982606273,0.14473660980580902,0.14473660979980152,0.14473660979845018,0.14473660980119324,0.14473660980580902,0.14473660980119324,0.14473660979845018,0.14473660979722744,0.14473660979845018,0.14473660979980152,0.14473660979845018,0.14473660979722744,0.14357153084784488,0.14357153084944202,0.14357153085115643,0.14357153084944202,0.14357153084784488,0.14357153084944202,0.1435715308529057,0.14357153085860136,0.1435715308529057,0.14357153084944202,0.14357153085115643,0.14357153085860136,0.14357153088345792,0.14357153085860136,0.14357153085115643,0.14357153084944202,0.1435715308529057,0.14357153085860136,0.1435715308529057,0.14357153084944202,0.14357153084784488,0.14357153084944202,0.14357153085115643,0.14357153084944202,0.14357153084784488,0.14242936451983362,0.14242936452141167,0.14242936452304505,0.14242936452141167,0.14242936451983362,0.14242936452141167,0.1424293645246949,0.14242936452985713,0.1424293645246949,0.14242936452141167,0.14242936452304505,0.14242936452985713,0.14242936455148086,0.14242936452985713,0.14242936452304505,0.14242936452141167,0.1424293645246949,0.14242936452985713,0.1424293645246949,0.14242936452141167,0.14242936451983362,0.14242936452141167,0.14242936452304505,0.14242936452141167,0.14242936451983362,0.14130960279108112,0.14130960279245178,0.1413096027937915,0.14130960279245178,0.14130960279108112,0.14130960279245178,0.14130960279512206,0.14130960279898766,0.14130960279512206,0.14130960279245178,0.1413096027937915,0.14130960279898766,0.14130960281376242,0.14130960279898766,0.1413096027937915,0.14130960279245178,0.14130960279512206,0.14130960279898766,0.14130960279512206,0.14130960279245178,0.14130960279108112,0.14130960279245178,0.1413096027937915,0.14130960279245178,0.14130960279108112,0.14021174683551188,0.14021174683677917,0.14021174683794888,0.14021174683677917,0.14021174683551188,0.14021174683677917,0.1402117468390875,0.14021174684222726,0.1402117468390875,0.14021174683677917,0.14021174683794888,0.14021174684222726,0.1402117468542264,0.14021174684222726,0.14021174683794888,0.14021174683677917,0.1402117468390875,0.14021174684222726,0.1402117468390875,0.14021174683677917,0.14021174683551188,0.14021174683677917,0.14021174683794888,0.14021174683677917,0.14021174683551188,0.13913530715161834,0.13913530715311612,0.1391353071543954,0.13913530715311612,0.13913530715161834,0.13913530715311612,0.13913530715562553,0.13913530715827468,0.13913530715562553,0.13913530715311612,0.1391353071543954,0.13913530715827468,0.13913530716369096,0.13913530715827468,0.1391353071543954,0.13913530715311612,0.13913530715562553,0.13913530715827468,0.13913530715562553,0.13913530715311612,0.13913530715161834,0.13913530715311612,0.1391353071543954,0.13913530715311612,0.13913530715161834,0.13807980365518996,0.13807980365764894,0.1380798036600423,0.13807980365764894,0.13807980365518996,0.13807980365764894,0.13807980366244063,0.1380798036687665,0.13807980366244063,0.13807980365764894,0.1380798036600423,0.1380798036687665,0.13807980368602027,0.1380798036687665,0.1380798036600423,0.13807980365764894,0.13807980366244063,0.1380798036687665,0.13807980366244063,0.13807980365764894,0.13807980365518996,0.13807980365764894,0.1380798036600423,0.13807980365764894,0.13807980365518996,0.13704476573932936,0.1370447657429613,0.13704476574729746,0.1370447657429613,0.13704476573932936,0.1370447657429613,0.13704476575177701,0.1370447657692502,0.13704476575177701,0.1370447657429613,0.13704476574729746,0.1370447657692502,0.13704476586547742,0.1370447657692502,0.13704476574729746,0.1370447657429613,0.13704476575177701,0.1370447657692502,0.13704476575177701,0.1370447657429613,0.13704476573932936,0.1370447657429613,0.13704476574729746,0.1370447657429613,0.13704476573932936,0.13602973230726184,0.13602973230975474,0.1360297323121795,0.13602973230975474,0.13602973230726184,0.13602973230975474,0.13602973231460516,0.1360297323210509,0.13602973231460516,0.13602973230975474,0.1360297323121795,0.1360297323210509,0.13602973233886057,0.1360297323210509,0.1360297323121795,0.13602973230975474,0.13602973231460516,0.1360297323210509,0.13602973231460516,0.13602973230975474,0.13602973230726184,0.13602973230975474,0.1360297323121795,0.13602973230975474,0.13602973230726184,0.135034251783212,0.13503425178476444,0.13503425178604186,0.13503425178476444,0.135034251783212,0.13503425178476444,0.13503425178725154,0.1350342517897082,0.13503425178725154,0.13503425178476444,0.13503425178604186,0.1350342517897082,0.13503425179416192,0.1350342517897082,0.13503425178604186,0.13503425178476444,0.13503425178725154,0.1350342517897082,0.13503425178725154,0.13503425178476444,0.135034251783212,0.13503425178476444,0.13503425178604186,0.13503425178476444,0.135034251783212
0.16533248790446048,0.16533248790446023,0.16533248790446,0.16533248790446023,0.16533248790446048,0.16533248790446023,0.16533248790446,0.16533248790445979,0.16533248790446,0.16533248790446023,0.16533248790446,0.16533248790445979,0.16533248790445954,0.16533248790445979,0.16533248790446,0.16533248790446023,0.16533248790446,0.16533248790445979,0.16533248790446,0.16533248790446023,0.16533248790446048,0.16533248790446023,0.16533248790446,0.16533248790446023,0.16533248790446048,0.1637574941832937,0.16375749418329322,0.16375749418329275,0.16375749418329322,0.1637574941832937,0.16375749418329322,0.16375749418329252,0.16375749418329205,0.16375749418329252,0.16375749418329322,0.16375749418329275,0.16375749418329205,0.16375749418329158,0.16375749418329205,0.16375749418329275,0.16375749418329322,0.16375749418329252,0.16375749418329205,0.16375749418329252,0.16375749418329322,0.1637574941832937,0.16375749418329322,0.16375749418329275,0.16375749418329322,0.1637574941832937,0.16221388439406836,0.16221388439406656,0.16221388439406542,0.16221388439406656,0.16221388439406836,0.16221388439406656,0.1622138843940645,0.16221388439406315,0.1622138843940645,0.16221388439406656,0.16221388439406542,0.16221388439406315,0.16221388439406179,0.16221388439406315,0.16221388439406542,0.16221388439406656,0.1622138843940645,0.16221388439406315,0.1622138843940645,0.16221388439406656,0.16221388439406836,0.16221388439406656,0.16221388439406542,0.16221388439406656,0.16221388439406836,0.16070106749382732,0.16070106749382174,0.16070106749381796,0.16070106749382174,0.16070106749382732,0.16070106749382174,0.16070106749381532,0.1607010674938113,0.16070106749381532,0.16070106749382174,0.16070106749381796,0.1607010674938113,0.16070106749380686,0.1607010674938113,0.16070106749381796,0.16070106749382174,0.16070106749381532,0.1607010674938113,0.16070106749381532,0.16070106749382174,0.16070106749382732,0.16070106749382174,0.16070106749381796,0.16070106749382174,0.16070106749382732,0.1592184518575565,0.15921845185753955,0.15921845185752845,0.15921845185753955,0.1592184518575565,0.15921845185753955,0.15921845185751993,0.15921845185750666,0.15921845185751993,0.15921845185753955,0.15921845185752845,0.15921845185750666,0.15921845185749228,0.15921845185750666,0.15921845185752845,0.15921845185753955,0.15921845185751993,0.15921845185750666,0.15921845185751993,0.15921845185753955,0.1592184518575565,0.15921845185753955,0.15921845185752845,0.15921845185753955,0.1592184518575565,0.15776544663004632,0.1577654466299964,0.1577654466299631,0.1577654466299964,0.15776544663004632,0.1577654466299964,0.157765446629936,0.1577654466298942,0.157765446629936,0.1577654466299964,0.1577654466299631,0.1577654466298942,0.15776544662984532,0.1577654466298942,0.1577654466299631,0.1577654466299964,0.157765446629936,0.1577654466298942,0.157765446629936,0.1577654466299964,0.15776544663004632,0.1577654466299964,0.1577654466299631,0.1577654466299964,0.15776544663004632,0.1563414629402441,0.1563414629401021,0.15634146294000317,0.1563414629401021,0.1563414629402441,0.1563414629401021,0.1563414629399187,0.15634146293978196,0.1563414629399187,0.1563414629401021,0.15634146294000317,0.15634146293978196,0.15634146293960838,0.15634146293978196,0.15634146294000317,0.1563414629401021,0.1563414629399187,0.15634146293978196,0.1563414629399187,0.1563414629401021,0.1563414629402441,0.1563414629401021,0.15634146294000317,0.1563414629401021,0.1563414629402441,0.1549459149883926,0.15494591498800836,0.15494591498772126,0.15494591498800836,0.1549459149883926,0.15494591498800836,0.15494591498746285,0.15494591498700624,0.15494591498746285,0.15494591498800836,0.15494591498772126,0.15494591498700624,0.15494591498633958,0.15494591498700624,0.15494591498772126,0.15494591498800836,0.15494591498746285,0.15494591498700624,0.15494591498746285,0.15494591498800836,0.1549459149883926,0.15494591498800836,0.15494591498772126,0.15494591498800836,0.1549459149883926,0.15357822101572685,0.15357822101476362,0.15357822101396665,0.15357822101476362,0.15357822101572685,0.15357822101476362,0.1535782210132107,0.15357822101166138,0.1535782210132107,0.15357822101476362,0.15357822101396665,0.15357822101166138,0.15357822100882126,0.15357822101166138,0.15357822101396665,0.15357822101476362,0.1535782210132107,0.15357822101166138,0.1535782210132107,0.15357822101476362,0.15357822101572685,0.15357822101476362,0.15357822101396665,0.15357822101476362,0.15357822101572685,0.15223780416596477,0.15223780416385366,0.15223780416183863,0.15223780416385366,0.15223780416596477,0.15223780416385366,0.15223780415983282,0.15223780415466737,0.15223780415983282,0.15223780416385366,0.15223780416183863,0.15223780415466737,0.15223780414099589,0.1522378041546672,0.15223780416183863,0.15223780416385366,0.15223780415983282,0.1522378041546672,0.15223780415983282,0.15223780416385366,0.15223780416596477,0.15223780416385366,0.15223780416183863,0.15223780416385366,0.15223780416596477,0.15092409324710782,0.15092409324352243,0.1509240932394574,0.15092409324352243,0.15092409324710782,0.15092409324352243,0.15092409323527914,0.1509240932203315,0.15092409323527914,0.15092409324352243,0.1509240932394574,0.1509240932203315,0.15092409314580846,0.1509240932203313,0.1509240932394574,0.15092409324352243,0.15092409323527914,0.1509240932203313,0.15092409323527914,0.15092409324352243,0.15092409324710782,0.15092409324352243,0.1509240932394574,0.15092409324352243,0.15092409324710782,0.1496365234005427,0.1496365233970662,0.14963652339327127,0.1496365233970662,0.1496365234005427,0.1496365233970662,0.1496365233893837,0.14963652337655534,0.1496365233893837,0.1496365233970662,0.14963652339327127,0.14963652337655534,0.14963652332061658,0.14963652337655534,0.14963652339327127,0.1496365233970662,0.1496365233893837,0.14963652337655534,0.1496365233893837,0.1496365233970662,0.1496365234005427,0.1496365233970662,0.14963652339327127,0.1496365233970662,0.1496365234005427,0.14837453668252956,0.14837453668024556,0.1483745366778867,0.14837453668024556,0.14837453668252956,0.14837453668024556,0.1483745366754978,0.14837453666818246,0.1483745366754978,0.14837453668024556,0.1483745366778867,0.14837453666818246,0.14837453663873668,0.14837453666818246,0.1483745366778867,0.14837453668024556,0.1483745366754978,0.14837453666818246,0.1483745366754978,0.14837453668024556,0.14837453668252956,0.14837453668024556,0.1483745366778867,0.14837453668024556,0.14837453668252956,0.14713758257352322,0.1471375825727112,0.1471375825719764,0.1471375825727112,0.14713758257352322,0.1471375825727112,0.14713758257125886,0.1471375825694759,0.14713758257125886,0.1471375825727112,0.1471375825719764,0.1471375825694759,0.1471375825642313,0.1471375825694759,0.1471375825719764,0.1471375825727112,0.14713758257125886,0.1471375825694759,0.14713758257125886,0.1471375825727112,0.14713758257352322,0.1471375825727112,0.1471375825719764,0.1471375825727112,0.14713758257352322,0.1459251184176351,0.14592511841805783,0.1459251184186134,0.14592511841805783,0.1459251184176351,0.14592511841805783,0.14592511841920724,0.14592511842150266,0.14592511841920724,0.14592511841805783,0.1459251184186134,0.14592511842150266,0.14592511843301983,0.14592511842150266,0.1459251184186134,0.14592511841805783,0.14592511841920724,0.14592511842150266,0.14592511841920724,0.14592511841805783,0.1459251184176351,0.14592511841805783,0.1459251184186134,0.14592511841805783,0.1459251184176351,0.14473660979714315,0.14473660979836586,0.14473660979971723,0.14473660979836586,0.14473660979714315,0.14473660979836586,0.14473660980110892,0.14473660980572506,0.14473660980110892,0.14473660979836586,0.14473660979971723,0.14473660980572506,0.14473660982595382,0.14473660980572506,0.14473660979971723,0.14473660979836586,0.14473660980110892,0.14473660980572506,0.14473660980110892,0.14473660979836586,0.14473660979714315,0.14473660979836586,0.14473660979971723,0.14473660979836586,0.14473660979714315,0.1435715308476753,0.14357153084926869,0.14357153085097932,0.14357153084926869,0.1435715308476753,0.14357153084926869,0.14357153085272484,0.14357153085840987,0.14357153085272484,0.14357153084926869,0.14357153085097932,0.14357153085840987,0.1435715308832637,0.14357153085840987,0.14357153085097932,0.14357153084926869,0.14357153085272484,0.14357153085840987,0.14357153085272484,0.14357153084926869,0.1435715308476753,0.14357153084926869,0.14357153085097932,0.14357153084926869,0.1435715308476753,0.14242936451958518,0.142429364521156,0.14242936452278118,0.142429364521156,0.14242936451958518,0.142429364521156,0.14242936452442265,0.14242936452955568,0.14242936452442265,0.142429364521156,0.14242936452278118,0.14242936452955568,0.1424293645510345,0.14242936452955568,0.14242936452278118,0.142429364521156,0.14242936452442265,0.14242936452955568,0.14242936452442265,0.142429364521156,0.14242936451958518,0.142429364521156,0.14242936452278118,0.142429364521156,0.14242936451958518,0.14130960279076762,0.14130960279213056,0.14130960279346158,0.14130960279213056,0.14130960279076762,0.14130960279213056,0.14130960279478325,0.1413096027986181,0.14130960279478325,0.14130960279213056,0.14130960279346158,0.1413096027986181,0.14130960281322366,0.1413096027986181,0.14130960279346158,0.14130960279213056,0.14130960279478325,0.1413096027986181,0.14130960279478325,0.14130960279213056,0.14130960279076762,0.14130960279213056,0.14130960279346158,0.14130960279213056,0.14130960279076762,0.14021174683514856,0.14021174683641038,0.14021174683757479,0.14021174683641038,0.14021174683514856,0.14021174683641038,0.14021174683870805,0.1402117468418338,0.14021174683870805,0.14021174683641038,0.14021174683757479,0.1402117468418338,0.14021174685376894,0.1402117468418338,0.14021174683757479,0.14021174683641038,0.14021174683870805,0.1402117468418338,0.14021174683870805,0.14021174683641038,0.14021174683514856,0.14021174683641038,0.14021174683757479,0.14021174683641038,0.14021174683514856,0.13913530715121608,0.13913530715270944,0.13913530715398512,0.13913530715270944,0.13913530715121608,0.13913530715270944,0.13913530715521175,0.1391353071578535,0.13913530715521175,0.13913530715270944,0.13913530715398512,0.1391353071578535,0.1391353071632552,0.1391353071578535,0.13913530715398512,0.13913530715270944,0.13913530715521175,0.1391353071578535,0.13913530715521175,0.13913530715270944,0.13913530715121608,0.13913530715270944,0.13913530715398512,0.13913530715270944,0.13913530715121608,0.13807980365475678,0.13807980365721048,0.13807980365959888,0.13807980365721048,0.13807980365475678,0.13807980365721048,0.13807980366199224,0.13807980366830555,0.13807980366199224,0.13807980365721048,0.13807980365959888,0.13807980366830555,0.1380798036855257,0.13807980366830555,0.13807980365959888,0.13807980365721048,0.13807980366199224,0.13807980366830555,0.13807980366199224,0.13807980365721048,0.13807980365475678,0.13807980365721048,0.13807980365959888,0.13807980365721048,0.13807980365475678,0.13704476573887536,0.13704476574250013,0.13704476574682795,0.13704476574250013,0.13704476573887536,0.13704476574250013,0.137044765751299,0.13704476576873909,0.137044765751299,0.13704476574250013,0.13704476574682795,0.13704476576873909,0.13704476586478276,0.13704476576873909,0.13704476574682795,0.13704476574250013,0.137044765751299,0.13704476576873909,0.137044765751299,0.13704476574250013,0.13704476573887536,0.13704476574250013,0.13704476574682795,0.13704476574250013,0.13704476573887536,0.13602973230680124,0.1360297323092894,0.13602973231170953,0.1360297323092894,0.13602973230680124,0.1360297323092894,0.13602973231413057,0.13602973232056406,0.13602973231413057,0.1360297323092894,0.13602973231170953,0.13602973232056406,0.1360297323383399,0.13602973232056406,0.13602973231170953,0.1360297323092894,0.13602973231413057,0.13602973232056406,0.13602973231413057,0.1360297323092894,0.13602973230680124,0.1360297323092894,0.13602973231170953,0.1360297323092894,0.13602973230680124,0.13503425178275438,0.1350342517843038,0.13503425178557885,0.1350342517843038,0.13503425178275438,0.1350342517843038,0.1350342517867862,0.13503425178923822,0.1350342517867862,0.1350342517843038,0.13503425178557885,0.13503425178923822,0.13503425179368342,0.13503425178923822,0.13503425178557885,0.1350342517843038,0.1350342517867862,0.13503425178923822,0.1350342517867862,0.1350342517843038,0.13503425178275438,0.1350342517843038,0.13503425178557885,0.1350342517843038,0.13503425178275438
0.16533248790476443,0.1653324879047642,0.16533248790476396,0.1653324879047642,0.16533248790476443,0.1653324879047642,0.16533248790476396,0.16533248790476374,0.16533248790476396,0.1653324879047642,0.16533248790476396,0.16533248790476374,0.1653324879047635,0.16533248790476374,0.16533248790476396,0.1653324879047642,0.16533248790476396,0.16533248790476374,0.16533248790476396,0.1653324879047642,0.16533248790476443,0.1653324879047642,0.16533248790476396,0.1653324879047642,0.16533248790476443,0.1637574941835918,0.16375749418359112,0.16375749418359065,0.16375749418359112,0.1637574941835918,0.16375749418359112,0.1637574941835904,0.16375749418358995,0.1637574941835904,0.16375749418359112,0.16375749418359065,0.16375749418358995,0.1637574941835895,0.16375749418358995,0.16375749418359065,0.16375749418359112,0.1637574941835904,0.16375749418358995,0.1637574941835904,0.16375749418359112,0.1637574941835918,0.16375749418359112,0.16375749418359065,0.16375749418359112,0.1637574941835918,0.16221388439436032,0.1622138843943585,0.16221388439435738,0.1622138843943585,0.16221388439436032,0.1622138843943585,0.16221388439435644,0.1622138843943551,0.16221388439435644,0.1622138843943585,0.16221388439435738,0.1622138843943551,0.16221388439435375,0.1622138843943551,0.16221388439435738,0.1622138843943585,0.16221388439435644,0.1622138843943551,0.16221388439435644,0.1622138843943585,0.16221388439436032,0.1622138843943585,0.16221388439435738,0.1622138843943585,0.16221388439436032,0.16070106749411342,0.16070106749410765,0.16070106749410412,0.16070106749410765,0.16070106749411342,0.16070106749410765,0.16070106749410143,0.16070106749409743,0.16070106749410143,0.16070106749410765,0.16070106749410412,0.16070106749409743,0.160701067494093,0.16070106749409743,0.16070106749410412,0.16070106749410765,0.16070106749410143,0.16070106749409743,0.16070106749410143,0.16070106749410765,0.16070106749411342,0.16070106749410765,0.16070106749410412,0.16070106749410765,0.16070106749411342,0.15921845185783692,0.15921845185781974,0.15921845185780864,0.15921845185781974,0.15921845185783692,0.15921845185781974,0.15921845185780012,0.1592184518577871,0.15921845185780012,0.15921845185781974,0.15921845185780864,0.1592184518577871,0.1592184518577727,0.1592184518577871,0.15921845185780864,0.15921845185781974,0.15921845185780012,0.1592184518577871,0.15921845185780012,0.15921845185781974,0.15921845185783692,0.15921845185781974,0.15921845185780864,0.15921845185781974,0.15921845185783692,0.1577654466303209,0.157765446630271,0.1577654466302377,0.157765446630271,0.1577654466303209,0.157765446630271,0.15776544663021083,0.15776544663016903,0.15776544663021083,0.157765446630271,0.1577654466302377,0.15776544663016903,0.15776544663012015,0.15776544663016903,0.1577654466302377,0.157765446630271,0.15776544663021083,0.15776544663016903,0.15776544663021083,0.157765446630271,0.1577654466303209,0.157765446630271,0.1577654466302377,0.157765446630271,0.1577654466303209,0.15634146294051277,0.15634146294037102,0.1563414629402723,0.15634146294037102,0.15634146294051277,0.15634146294037102,0.15634146294018803,0.15634146294005147,0.15634146294018803,0.15634146294037102,0.1563414629402723,0.15634146294005147,0.15634146293987813,0.15634146294005147,0.1563414629402723,0.15634146294037102,0.15634146294018803,0.15634146294005147,0.15634146294018803,0.15634146294037102,0.15634146294051277,0.15634146294037102,0.1563414629402723,0.15634146294037102,0.15634146294051277,0.15494591498865512,0.1549459149882713,0.15494591498798477,0.1549459149882713,0.15494591498865512,0.1549459149882713,0.15494591498772678,0.154945914987271,0.15494591498772678,0.1549459149882713,0.15494591498798477,0.154945914987271,0.1549459149866056,0.154945914987271,0.15494591498798477,0.1549459149882713,0.15494591498772678,0.154945914987271,0.15494591498772678,0.1549459149882713,0.15494591498865512,0.1549459149882713,0.15494591498798477,0.1549459149882713,0.15494591498865512,0.15357822101598154,0.1535782210150199,0.15357822101422436,0.1535782210150199,0.15357822101598154,0.1535782210150199,0.15357822101346977,0.15357822101192328,0.15357822101346977,0.1535782210150199,0.15357822101422436,0.15357822101192328,0.1535782210090882,0.15357822101192328,0.15357822101422436,0.1535782210150199,0.15357822101346977,0.15357822101192328,0.15357822101346977,0.15357822101502008,0.15357822101598154,0.1535782210150199,0.15357822101422436,0.15357822101502008,0.15357822101598154,0.15223780416620825,0.1522378041641011,0.1522378041620896,0.1522378041641011,0.15223780416620825,0.1522378041641011,0.15223780416008734,0.15223780415493093,0.15223780416008734,0.1522378041641011,0.1522378041620896,0.15223780415493093,0.1522378041412833,0.15223780415493093,0.1522378041620896,0.1522378041641011,0.15223780416008734,0.15223780415493093,0.15223780416008734,0.1522378041641011,0.15223780416620825,0.1522378041641011,0.1522378041620896,0.1522378041641011,0.15223780416620825,0.150924093247332,0.15092409324375353,0.15092409323969602,0.15092409324375353,0.150924093247332,0.15092409324375353,0.1509240932355255,0.1509240932206043,0.1509240932355255,0.15092409324375353,0.15092409323969602,0.1509240932206043,0.150924093146191,0.1509240932206043,0.15092409323969602,0.15092409324375353,0.1509240932355255,0.1509240932206043,0.1509240932355255,0.15092409324375353,0.150924093247332,0.15092409324375353,0.15092409323969602,0.15092409324375353,0.150924093247332,0.1496365234007335,0.14963652339726458,0.14963652339347777,0.14963652339726458,0.1496365234007335,0.14963652339726458,0.14963652338959835,0.14963652337679567,0.14963652338959835,0.14963652339726458,0.14963652339347777,0.14963652337679567,0.14963652332095864,0.14963652337679567,0.14963652339347777,0.14963652339726458,0.14963652338959835,0.14963652337679567,0.14963652338959835,0.14963652339726458,0.1496365234007335,0.14963652339726458,0.14963652339347777,0.14963652339726458,0.1496365234007335,0.14837453668267062,0.14837453668039366,0.14837453667804182,0.14837453668039366,0.14837453668267062,0.14837453668039366,0.14837453667566014,0.14837453666836684,0.14837453667566014,0.14837453668039366,0.14837453667804182,0.14837453666836684,0.14837453663903988,0.14837453666836684,0.14837453667804182,0.14837453668039366,0.14837453667566014,0.14837453666836684,0.14837453667566014,0.14837453668039366,0.14837453668267062,0.14837453668039366,0.14837453667804182,0.14837453668039366,0.14837453668267062,0.14713758257359988,0.1471375825727933,0.14713758257206433,0.1471375825727933,0.14713758257359988,0.1471375825727933,0.14713758257135243,0.14713758256958762,0.14713758257135243,0.1471375825727933,0.14713758257206433,0.14713758256958762,0.14713758256437823,0.14713758256958762,0.14713758257206433,0.1471375825727933,0.14713758257135243,0.14713758256958762,0.14713758257135243,0.1471375825727933,0.14713758257359988,0.1471375825727933,0.14713758257206433,0.1471375825727933,0.14713758257359988,0.14592511841763528,0.14592511841806102,0.1459251184186198,0.14592511841806102,0.14592511841763528,0.14592511841806102,0.14592511841921685,0.14592511842152311,0.14592511841921685,0.14592511841806102,0.1459251184186198,0.14592511842152311,0.1459251184331021,0.14592511842152311,0.1459251184186198,0.14592511841806102,0.14592511841921685,0.14592511842152311,0.14592511841921685,0.14592511841806102,0.14592511841763528,0.14592511841806102,0.1459251184186198,0.14592511841806102,0.14592511841763528,0.14473660979705955,0.1447366097982819,0.14473660979963326,0.1447366097982819,0.14473660979705955,0.1447366097982819,0.14473660980102496,0.14473660980564143,0.14473660980102496,0.1447366097982819,0.14473660979963326,0.14473660980564143,0.1447366098259037,0.14473660980564143,0.14473660979963326,0.1447366097982819,0.14473660980102496,0.14473660980564143,0.14473660980102496,0.1447366097982819,0.14473660979705955,0.1447366097982819,0.14473660979963326,0.1447366097982819,0.14473660979705955,0.14357153084750673,0.14357153084909655,0.1435715308508034,0.14357153084909655,0.14357153084750673,0.14357153084909655,0.14357153085254515,0.14357153085821978,0.14357153085254515,0.14357153084909655,0.1435715308508034,0.14357153085821978,0.14357153088303612,0.14357153085821978,0.1435715308508034,0.14357153084909655,0.14357153085254515,0.14357153085821978,0.14357153085254515,0.14357153084909655,0.14357153084750673,0.14357153084909655,0.1435715308508034,0.14357153084909655,0.14357153084750673,0.1424293645193384,0.14242936452090185,0.14242936452251898,0.14242936452090185,0.1424293645193384,0.14242936452090185,0.14242936452415206,0.14242936452925592,0.14242936452415206,0.14242936452090185,0.14242936452251898,0.14242936452925592,0.1424293645506077,0.14242936452925592,0.14242936452251898,0.14242936452090185,0.14242936452415206,0.14242936452925592,0.14242936452415206,0.14242936452090185,0.1424293645193384,0.14242936452090185,0.14242936452251898,0.14242936452090185,0.1424293645193384,0.14130960279045615,0.14130960279181118,0.14130960279313365,0.14130960279181118,0.14130960279045615,0.14130960279181118,0.1413096027944466,0.14130960279825083,0.1413096027944466,0.14130960279181118,0.14130960279313365,0.14130960279825083,0.1413096028127023,0.14130960279825083,0.14130960279313365,0.14130960279181118,0.1413096027944466,0.14130960279825083,0.1413096027944466,0.14130960279181118,0.14130960279045615,0.14130960279181118,0.14130960279313365,0.14130960279181118,0.14130960279045615,0.14021174683478768,0.14021174683604368,0.14021174683720292,0.14021174683604368,0.14021174683478768,0.14021174683604368,0.14021174683833107,0.14021174684144294,0.14021174683833107,0.14021174683604368,0.14021174683720292,0.14021174684144294,0.14021174685333615,0.14021174684144294,0.14021174683720292,0.14021174683604368,0.14021174683833107,0.14021174684144294,0.14021174683833107,0.14021174683604368,0.14021174683478768,0.14021174683604368,0.14021174683720292,0.14021174683604368,0.14021174683478768,0.13913530715081623,0.13913530715230532,0.1391353071535775,0.13913530715230532,0.13913530715081623,0.13913530715230532,0.13913530715480046,0.13913530715743497,0.13913530715480046,0.13913530715230532,0.1391353071535775,0.13913530715743497,0.13913530716282216,0.13913530715743497,0.1391353071535775,0.13913530715230532,0.13913530715480046,0.13913530715743497,0.13913530715480046,0.13913530715230532,0.13913530715081623,0.13913530715230532,0.1391353071535775,0.13913530715230532,0.13913530715081623,0.13807980365432623,0.1380798036567748,0.13807980365915826,0.1380798036567748,0.13807980365432623,0.1380798036567748,0.13807980366154682,0.13807980366784756,0.13807980366154682,0.1380798036567748,0.13807980365915826,0.13807980366784756,0.13807980368503436,0.13807980366784756,0.13807980365915826,0.1380798036567748,0.13807980366154682,0.13807980366784756,0.13807980366154682,0.1380798036567748,0.13807980365432623,0.1380798036567748,0.13807980365915826,0.1380798036567748,0.13807980365432623,0.13704476573842442,0.13704476574204222,0.13704476574636182,0.13704476574204222,0.13704476573842442,0.13704476574204222,0.13704476575082417,0.13704476576823124,0.13704476575082417,0.13704476574204222,0.13704476574636182,0.13704476576823124,0.1370447658640943,0.13704476576823124,0.13704476574636182,0.13704476574204222,0.13704476575082417,0.13704476576823124,0.13704476575082417,0.13704476574204222,0.13704476573842442,0.13704476574204222,0.13704476574636182,0.13704476574204222,0.13704476573842442,0.13602973230634363,0.136029732308827,0.13602973231124268,0.136029732308827,0.13602973230634363,0.136029732308827,0.13602973231365909,0.13602973232008034,0.13602973231365909,0.136029732308827,0.13602973231124268,0.13602973232008034,0.13602973233782295,0.13602973232008034,0.13602973231124268,0.136029732308827,0.13602973231365909,0.13602973232008034,0.13602973231365909,0.136029732308827,0.13602973230634363,0.136029732308827,0.13602973231124268,0.136029732308827,0.13602973230634363,0.13503425178229958,0.13503425178384607,0.1350342517851188,0.13503425178384623,0.13503425178229958,0.13503425178384607,0.1350342517863238,0.13503425178877126,0.1350342517863238,0.13503425178384623,0.1350342517851188,0.13503425178877126,0.135034251793208,0.13503425178877126,0.1350342517851188,0.13503425178384623,0.1350342517863238,0.13503425178877126,0.1350342517863238,0.13503425178384623,0.13503425178229958,0.13503425178384623,0.1350342517851188,0.13503425178384623,0.13503425178229958
0.1653324879050665,0.16533248790506605,0.16533248790506605,0.16533248790506605,0.1653324879050665,0.16533248790506605,0.1653324879050658,0.1653324879050658,0.1653324879050658,0.16533248790506605,0.16533248790506605,0.1653324879050658,0.16533248790506555,0.1653324879050658,0.16533248790506605,0.16533248790506605,0.1653324879050658,0.1653324879050658,0.1653324879050658,0.16533248790506605,0.1653324879050665,0.16533248790506605,0.16533248790506605,0.16533248790506605,0.1653324879050665,0.16375749418388763,0.16375749418388694,0.16375749418388647,0.16375749418388694,0.16375749418388763,0.16375749418388694,0.16375749418388624,0.1637574941838858,0.16375749418388624,0.16375749418388694,0.16375749418388647,0.1637574941838858,0.16375749418388533,0.1637574941838858,0.16375749418388647,0.16375749418388694,0.16375749418388624,0.1637574941838858,0.16375749418388624,0.16375749418388694,0.16375749418388763,0.16375749418388694,0.16375749418388647,0.16375749418388694,0.16375749418388763,0.16221388439465023,0.16221388439464843,0.1622138843946473,0.16221388439464843,0.16221388439465023,0.16221388439464843,0.1622138843946464,0.162213884394645,0.1622138843946464,0.16221388439464843,0.1622138843946473,0.162213884394645,0.16221388439464365,0.162213884394645,0.1622138843946473,0.16221388439464843,0.1622138843946464,0.162213884394645,0.1622138843946464,0.16221388439464843,0.16221388439465023,0.16221388439464843,0.1622138843946473,0.16221388439464843,0.16221388439465023,0.16070106749439755,0.1607010674943918,0.16070106749438823,0.1607010674943918,0.16070106749439755,0.1607010674943918,0.1607010674943856,0.16070106749438137,0.1607010674943856,0.1607010674943918,0.16070106749438823,0.16070106749438137,0.16070106749437713,0.1607010674943816,0.16070106749438823,0.1607010674943918,0.1607010674943856,0.1607010674943816,0.1607010674943856,0.1607010674943918,0.16070106749439755,0.1607010674943918,0.16070106749438823,0.1607010674943918,0.16070106749439755,0.15921845185811517,0.15921845185809821,0.1592184518580871,0.15921845185809821,0.15921845185811517,0.15921845185809821,0.15921845185807862,0.15921845185806555,0.15921845185807862,0.15921845185809821,0.1592184518580871,0.15921845185806555,0.15921845185805117,0.15921845185806555,0.1592184518580871,0.15921845185809821,0.15921845185807862,0.15921845185806555,0.15921845185807862,0.15921845185809821,0.15921845185811517,0.15921845185809821,0.1592184518580871,0.15921845185809821,0.15921845185811517,0.1577654466305936,0.15776544663054368,0.1577654466305104,0.15776544663054368,0.1577654466305936,0.15776544663054368,0.15776544663048353,0.1577654466304417,0.15776544663048353,0.15776544663054368,0.1577654466305104,0.1577654466304417,0.15776544663039305,0.1577654466304417,0.1577654466305104,0.15776544663054368,0.15776544663048353,0.1577654466304417,0.15776544663048353,0.15776544663054368,0.1577654466305936,0.15776544663054368,0.1577654466305104,0.15776544663054368,0.1577654466305936,0.15634146294077958,0.15634146294063803,0.15634146294053955,0.15634146294063803,0.15634146294077958,0.15634146294063803,0.15634146294045548,0.15634146294031914,0.15634146294045548,0.15634146294063803,0.15634146294053955,0.15634146294031914,0.156341462940146,0.15634146294031914,0.15634146294053955,0.15634146294063803,0.15634146294045548,0.15634146294031914,0.15634146294045548,0.15634146294063803,0.15634146294077958,0.15634146294063803,0.15634146294053955,0.15634146294063803,0.15634146294077958,0.1549459149889156,0.15494591498853258,0.15494591498824647,0.15494591498853258,0.1549459149889156,0.15494591498853258,0.1549459149879889,0.15494591498753416,0.1549459149879889,0.15494591498853258,0.15494591498824647,0.15494591498753416,0.15494591498686977,0.15494591498753416,0.15494591498824647,0.15494591498853258,0.1549459149879889,0.15494591498753416,0.1549459149879889,0.15494591498853258,0.1549459149889156,0.15494591498853258,0.15494591498824647,0.15494591498853258,0.1549459149889156,0.1535782210162344,0.15357822101527474,0.15357822101448063,0.15357822101527474,0.1535782210162344,0.15357822101527474,0.15357822101372726,0.1535782210121836,0.15357822101372726,0.15357822101527474,0.15357822101448063,0.1535782210121836,0.1535782210093533,0.1535782210121836,0.15357822101448063,0.15357822101527474,0.15357822101372726,0.1535782210121836,0.15357822101372726,0.15357822101527474,0.1535782210162344,0.15357822101527474,0.15357822101448063,0.15357822101527474,0.1535782210162344,0.1522378041664502,0.15223780416434674,0.15223780416233898,0.15223780416434674,0.1522378041664502,0.15223780416434674,0.15223780416034027,0.15223780415519295,0.15223780416034027,0.15223780416434674,0.15223780416233898,0.15223780415519295,0.1522378041415689,0.15223780415519295,0.15223780416233898,0.15223780416434674,0.15223780416034027,0.15223780415519295,0.15223780416034027,0.15223780416434674,0.1522378041664502,0.15223780416434674,0.15223780416233898,0.15223780416434674,0.1522378041664502,0.15092409324755465,0.15092409324398312,0.15092409323993294,0.15092409324398312,0.15092409324755465,0.15092409324398312,0.1509240932357701,0.15092409322087516,0.1509240932357701,0.15092409324398312,0.15092409323993294,0.15092409322087516,0.150924093146584,0.15092409322087516,0.15092409323993294,0.15092409324398312,0.1509240932357701,0.15092409322087516,0.1509240932357701,0.15092409324398312,0.15092409324755465,0.15092409324398312,0.15092409323993294,0.15092409324398312,0.15092409324755465,0.14963652340092296,0.14963652339746156,0.14963652339368255,0.14963652339746156,0.14963652340092296,0.14963652339746156,0.14963652338981126,0.1496365233770343,0.14963652338981126,0.14963652339746156,0.14963652339368255,0.1496365233770343,0.14963652332134592,0.1496365233770343,0.14963652339368255,0.14963652339746156,0.14963652338981126,0.1496365233770343,0.14963652338981126,0.14963652339746156,0.14963652340092296,0.14963652339746156,0.14963652339368255,0.14963652339746156,0.14963652340092296,0.14837453668281073,0.1483745366805406,0.1483745366781958,0.1483745366805406,0.14837453668281073,0.1483745366805406,0.14837453667582118,0.14837453666854994,0.14837453667582118,0.1483745366805406,0.1483745366781958,0.14837453666854994,0.14837453663929248,0.14837453666854994,0.1483745366781958,0.1483745366805406,0.14837453667582118,0.14837453666854994,0.14837453667582118,0.1483745366805406,0.14837453668281073,0.1483745366805406,0.1483745366781958,0.1483745366805406,0.14837453668281073,0.14713758257367598,0.1471375825728747,0.14713758257215134,0.1471375825728747,0.14713758257367598,0.1471375825728747,0.1471375825714452,0.1471375825696986,0.1471375825714452,0.1471375825728747,0.14713758257215134,0.1471375825696986,0.14713758256463164,0.1471375825696986,0.14713758257215134,0.1471375825728747,0.1471375825714452,0.1471375825696986,0.1471375825714452,0.1471375825728747,0.14713758257367598,0.1471375825728747,0.14713758257215134,0.1471375825728747,0.14713758257367598,0.14592511841763528,0.14592511841806408,0.14592511841862602,0.14592511841806408,0.14592511841763528,0.14592511841806408,0.14592511841922648,0.14592511842154327,0.14592511841922648,0.14592511841806408,0.14592511841862602,0.14592511842154327,0.14592511843315142,0.14592511842154327,0.14592511841862602,0.14592511841806408,0.14592511841922648,0.14592511842154327,0.14592511841922648,0.14592511841806408,0.14592511841763528,0.14592511841806408,0.14592511841862602,0.14592511841806408,0.14592511841763528,0.14473660979697628,0.14473660979819863,0.14473660979954986,0.14473660979819863,0.14473660979697628,0.14473660979819863,0.1447366098009417,0.14473660980555852,0.1447366098009417,0.14473660979819863,0.14473660979954986,0.14473660980555852,0.144736609825796,0.14473660980555852,0.14473660979954986,0.14473660979819863,0.1447366098009417,0.14473660980555852,0.1447366098009417,0.14473660979819863,0.14473660979697628,0.14473660979819863,0.14473660979954986,0.14473660979819863,0.14473660979697628,0.1435715308473394,0.14357153084892543,0.1435715308506287,0.14357153084892543,0.1435715308473394,0.14357153084892543,0.14357153085236668,0.14357153085803087,0.14357153085236668,0.14357153084892543,0.1435715308506287,0.14357153085803087,0.1435715308827964,0.14357153085803087,0.1435715308506287,0.14357153084892543,0.14357153085236668,0.14357153085803087,0.14357153085236668,0.14357153084892543,0.1435715308473394,0.14357153084892543,0.1435715308506287,0.14357153084892543,0.1435715308473394,0.14242936451909316,0.14242936452064942,0.14242936452225863,0.14242936452064942,0.14242936451909316,0.14242936452064942,0.1424293645238835,0.14242936452895832,0.1424293645238835,0.14242936452064942,0.14242936452225863,0.14242936452895832,0.14242936455017188,0.14242936452895832,0.14242936452225863,0.14242936452064942,0.1424293645238835,0.14242936452895832,0.1424293645238835,0.14242936452064942,0.14242936451909316,0.14242936452064942,0.14242936452225863,0.14242936452064942,0.14242936451909316,0.1413096027901468,0.14130960279149427,0.14130960279280802,0.14130960279149427,0.1413096027901468,0.14130960279149427,0.14130960279411206,0.14130960279788604,0.14130960279411206,0.14130960279149427,0.14130960279280802,0.14130960279788604,0.14130960281222418,0.14130960279788604,0.14130960279280802,0.14130960279149427,0.14130960279411206,0.14130960279788604,0.14130960279411206,0.14130960279149427,0.1413096027901468,0.14130960279149427,0.14130960279280802,0.14130960279149427,0.1413096027901468,0.14021174683442922,0.14021174683567975,0.14021174683683366,0.14021174683567975,0.14021174683442922,0.14021174683567975,0.14021174683795665,0.1402117468410546,0.14021174683795665,0.14021174683567975,0.14021174683683366,0.1402117468410546,0.14021174685288382,0.1402117468410546,0.14021174683683366,0.14021174683567975,0.14021174683795665,0.1402117468410546,0.14021174683795665,0.14021174683567975,0.14021174683442922,0.14021174683567975,0.14021174683683366,0.14021174683567975,0.14021174683442922,0.13913530715041936,0.13913530715190406,0.13913530715317257,0.13913530715190406,0.13913530715041936,0.13913530715190406,0.13913530715439223,0.13913530715701927,0.13913530715439223,0.13913530715190406,0.13913530715317257,0.13913530715701927,0.13913530716239222,0.13913530715701944,0.13913530715317257,0.13913530715190406,0.13913530715439223,0.13913530715701944,0.13913530715439223,0.13913530715190406,0.13913530715041936,0.13913530715190406,0.13913530715317257,0.13913530715190406,0.13913530715041936,0.13807980365389894,0.13807980365634223,0.13807980365872088,0.13807980365634223,0.13807980365389894,0.13807980365634223,0.13807980366110448,0.13807980366739267,0.13807980366110448,0.13807980365634223,0.13807980365872088,0.13807980366739267,0.13807980368454642,0.13807980366739267,0.13807980365872088,0.13807980365634223,0.13807980366110448,0.13807980366739267,0.13807980366110448,0.13807980365634223,0.13807980365389894,0.13807980365634223,0.13807980365872088,0.13807980365634223,0.13807980365389894,0.13704476573797666,0.13704476574158744,0.13704476574589872,0.13704476574158744,0.13704476573797666,0.13704476574158744,0.1370447657503527,0.1370447657677271,0.1370447657503527,0.13704476574158744,0.13704476574589872,0.1370447657677271,0.1370447658634124,0.1370447657677271,0.13704476574589872,0.13704476574158744,0.1370447657503527,0.1370447657677271,0.1370447657503527,0.13704476574158744,0.13704476573797666,0.13704476574158744,0.13704476574589872,0.13704476574158744,0.13704476573797666,0.1360297323058893,0.1360297323083679,0.13602973231077894,0.1360297323083679,0.1360297323058893,0.1360297323083679,0.13602973231319088,0.13602973231960008,0.13602973231319088,0.1360297323083679,0.13602973231077894,0.13602973231960008,0.13602973233730942,0.13602973231960008,0.13602973231077894,0.1360297323083679,0.13602973231319088,0.13602973231960008,0.13602973231319088,0.1360297323083679,0.1360297323058893,0.1360297323083679,0.13602973231077894,0.1360297323083679,0.1360297323058893,0.13503425178184814,0.1350342517833917,0.13503425178466194,0.1350342517833917,0.13503425178184814,0.1350342517833917,0.13503425178586476,0.13503425178830752,0.13503425178586476,0.1350342517833917,0.13503425178466194,0.13503425178830752,0.1350342517927361,0.13503425178830752,0.13503425178466194,0.1350342517833917,0.13503425178586476,0.13503425178830752,0.13503425178586476,0.1350342517833917,0.13503425178184814,0.1350342517833917,0.13503425178466194,0.1350342517833917,0.13503425178184814
0.16533248790536642,0.16533248790536598,0.16533248790536598,0.16533248790536598,0.16533248790536642,0.16533248790536598,0.16533248790536575,0.16533248790536575,0.16533248790536575,0.16533248790536598,0.16533248790536598,0.16533248790536575,0.1653324879053655,0.1653324879053655,0.16533248790536598,0.16533248790536598,0.16533248790536575,0.1653324879053655,0.16533248790536575,0.16533248790536598,0.16533248790536642,0.16533248790536598,0.16533248790536598,0.16533248790536598,0.16533248790536623,0.1637574941841816,0.1637574941841809,0.16375749418418042,0.1637574941841809,0.1637574941841816,0.1637574941841809,0.1637574941841802,0.16375749418417973,0.1637574941841802,0.1637574941841809,0.16375749418418042,0.16375749418417973,0.1637574941841793,0.16375749418417973,0.16375749418418042,0.1637574941841809,0.1637574941841802,0.16375749418417973,0.1637574941841802,0.1637574941841809,0.1637574941841816,0.1637574941841809,0.16375749418418042,0.1637574941841809,0.1637574941841816,0.16221388439493833,0.16221388439493653,0.1622138843949354,0.16221388439493653,0.16221388439493833,0.16221388439493653,0.16221388439493453,0.16221388439493314,0.16221388439493453,0.16221388439493653,0.1622138843949354,0.16221388439493314,0.16221388439493178,0.16221388439493314,0.1622138843949354,0.16221388439493653,0.16221388439493453,0.16221388439493314,0.16221388439493453,0.16221388439493653,0.16221388439493833,0.16221388439493653,0.1622138843949354,0.16221388439493653,0.16221388439493833,0.1607010674946797,0.16070106749467417,0.16070106749467059,0.16070106749467417,0.16070106749467994,0.16070106749467417,0.16070106749466795,0.1607010674946637,0.16070106749466795,0.16070106749467417,0.16070106749467059,0.1607010674946637,0.16070106749465926,0.1607010674946637,0.16070106749467059,0.16070106749467417,0.16070106749466795,0.1607010674946637,0.16070106749466795,0.16070106749467417,0.16070106749467994,0.16070106749467417,0.16070106749467059,0.16070106749467417,0.16070106749467994,0.15921845185839167,0.15921845185837472,0.1592184518583636,0.15921845185837472,0.15921845185839167,0.15921845185837472,0.15921845185835512,0.15921845185834227,0.15921845185835512,0.15921845185837472,0.1592184518583636,0.15921845185834227,0.1592184518583277,0.15921845185834227,0.1592184518583636,0.15921845185837472,0.15921845185835512,0.15921845185834227,0.15921845185835512,0.15921845185837472,0.15921845185839167,0.15921845185837472,0.1592184518583636,0.15921845185837472,0.15921845185839167,0.1577654466308644,0.15776544663081465,0.15776544663078138,0.15776544663081465,0.1577654466308644,0.15776544663081465,0.15776544663075448,0.15776544663071287,0.15776544663075448,0.15776544663081465,0.15776544663078138,0.15776544663071287,0.15776544663066425,0.15776544663071287,0.15776544663078138,0.15776544663081465,0.15776544663075448,0.15776544663071287,0.15776544663075448,0.15776544663081465,0.1577654466308644,0.15776544663081465,0.15776544663078138,0.15776544663081465,0.1577654466308644,0.15634146294104476,0.15634146294090337,0.15634146294080511,0.15634146294090337,0.15634146294104476,0.15634146294090337,0.15634146294072104,0.15634146294058493,0.15634146294072104,0.15634146294090337,0.15634146294080511,0.15634146294058493,0.15634146294041218,0.15634146294058493,0.15634146294080511,0.15634146294090337,0.15634146294072104,0.15634146294058493,0.15634146294072104,0.15634146294090337,0.15634146294104476,0.15634146294090337,0.15634146294080511,0.15634146294090337,0.15634146294104476,0.1549459149891744,0.15494591498879204,0.15494591498850654,0.15494591498879204,0.1549459149891744,0.15494591498879204,0.15494591498824956,0.15494591498779542,0.15494591498824956,0.15494591498879204,0.15494591498850654,0.15494591498779542,0.1549459149871321,0.15494591498779542,0.15494591498850654,0.15494591498879204,0.15494591498824956,0.15494591498779542,0.15494591498824956,0.15494591498879204,0.1549459149891744,0.15494591498879204,0.15494591498850654,0.15494591498879204,0.1549459149891744,0.15357822101648583,0.15357822101552782,0.1535782210147351,0.15357822101552782,0.15357822101648583,0.15357822101552782,0.15357822101398313,0.15357822101244206,0.15357822101398313,0.15357822101552782,0.1535782210147351,0.15357822101244206,0.15357822100961682,0.15357822101244206,0.1535782210147351,0.15357822101552782,0.15357822101398313,0.15357822101244206,0.15357822101398313,0.15357822101552782,0.15357822101648583,0.15357822101552782,0.1535782210147351,0.15357822101552782,0.15357822101648583,0.1522378041666903,0.15223780416459104,0.15223780416258662,0.15223780416459104,0.1522378041666903,0.15223780416459104,0.15223780416059166,0.15223780415545335,0.15223780416059166,0.15223780416459104,0.15223780416258662,0.15223780415545335,0.15223780414185253,0.15223780415545335,0.15223780416258662,0.15223780416459104,0.15223780416059166,0.15223780415545335,0.15223780416059166,0.15223780416459104,0.1522378041666903,0.15223780416459104,0.15223780416258662,0.15223780416459104,0.1522378041666903,0.15092409324777592,0.15092409324421116,0.1509240932401685,0.15092409324421116,0.15092409324777592,0.15092409324421116,0.15092409323601302,0.15092409322114447,0.15092409323601302,0.15092409324421116,0.1509240932401685,0.15092409322114447,0.15092409314699895,0.15092409322114447,0.1509240932401685,0.15092409324421116,0.15092409323601302,0.15092409322114447,0.15092409323601302,0.15092409324421116,0.15092409324777592,0.15092409324421116,0.1509240932401685,0.15092409324421116,0.15092409324777592,0.14963652340111108,0.1496365233976571,0.1496365233938862,0.1496365233976571,0.14963652340111108,0.1496365233976571,0.14963652339002284,0.14963652337727137,0.14963652339002284,0.1496365233976571,0.1496365233938862,0.14963652337727137,0.1496365233216836,0.14963652337727137,0.1496365233938862,0.1496365233976571,0.14963652339002284,0.14963652337727137,0.14963652339002284,0.1496365233976571,0.14963652340111108,0.1496365233976571,0.1496365233938862,0.1496365233976571,0.14963652340111108,0.1483745366829499,0.14837453668068665,0.14837453667834888,0.14837453668068665,0.1483745366829499,0.14837453668068665,0.1483745366759813,0.14837453666873177,0.1483745366759813,0.14837453668068665,0.14837453667834888,0.14837453666873177,0.1483745366395788,0.14837453666873177,0.14837453667834888,0.14837453668068665,0.1483745366759813,0.14837453666873177,0.1483745366759813,0.14837453668068665,0.1483745366829499,0.14837453668068665,0.14837453667834888,0.14837453668068665,0.1483745366829499,0.14713758257375156,0.14713758257295573,0.1471375825722378,0.14713758257295573,0.14713758257375156,0.14713758257295573,0.14713758257153733,0.14713758256980888,0.14713758257153733,0.14713758257295573,0.1471375825722378,0.14713758256980888,0.14713758256478005,0.14713758256980888,0.1471375825722378,0.14713758257295573,0.14713758257153733,0.14713758256980888,0.14713758257153733,0.14713758257295573,0.14713758257375156,0.14713758257295573,0.1471375825722378,0.14713758257295573,0.14713758257375156,0.14592511841763545,0.1459251184180671,0.14592511841863245,0.1459251184180671,0.14592511841763545,0.1459251184180671,0.1459251184192359,0.1459251184215634,0.1459251184192359,0.1459251184180671,0.14592511841863245,0.1459251184215634,0.1459251184332337,0.1459251184215634,0.14592511841863245,0.1459251184180671,0.1459251184192359,0.1459251184215634,0.1459251184192359,0.1459251184180671,0.14592511841763545,0.1459251184180671,0.14592511841863245,0.1459251184180671,0.14592511841763545,0.14473660979689373,0.1447366097981159,0.14473660979946712,0.1447366097981159,0.14473660979689373,0.1447366097981159,0.14473660980085898,0.14473660980547615,0.14473660980085898,0.1447366097981159,0.14473660979946712,0.14473660980547615,0.14473660982571554,0.14473660980547615,0.14473660979946712,0.1447366097981159,0.14473660980085898,0.14473660980547615,0.14473660980085898,0.1447366097981159,0.14473660979689373,0.1447366097981159,0.14473660979946712,0.1447366097981159,0.14473660979689373,0.14357153084717325,0.1435715308487555,0.14357153085045518,0.1435715308487555,0.14357153084717325,0.1435715308487555,0.14357153085218943,0.14357153085784333,0.14357153085218943,0.1435715308487555,0.14357153085045518,0.14357153085784333,0.14357153088258864,0.14357153085784333,0.14357153085045518,0.1435715308487555,0.14357153085218943,0.14357153085784333,0.14357153085218943,0.1435715308487555,0.14357153084717325,0.1435715308487555,0.14357153085045518,0.1435715308487555,0.14357153084717325,0.14242936451884958,0.14242936452039878,0.14242936452199995,0.14242936452039878,0.14242936451884958,0.14242936452039878,0.1424293645236164,0.14242936452866276,0.1424293645236164,0.14242936452039878,0.14242936452199995,0.14242936452866276,0.14242936454974228,0.14242936452866276,0.14242936452199995,0.14242936452039878,0.1424293645236164,0.14242936452866276,0.1424293645236164,0.14242936452039878,0.14242936451884958,0.14242936452039878,0.14242936452199995,0.14242936452039878,0.14242936451884958,0.1413096027898396,0.14130960279117913,0.1413096027924845,0.14130960279117913,0.1413096027898396,0.14130960279117913,0.14130960279377985,0.14130960279752375,0.14130960279377985,0.14130960279117913,0.1413096027924845,0.14130960279752375,0.14130960281170002,0.14130960279752375,0.1413096027924845,0.14130960279117913,0.14130960279377985,0.14130960279752375,0.14130960279377985,0.14130960279117913,0.1413096027898396,0.14130960279117913,0.1413096027924845,0.14130960279117913,0.1413096027898396,0.1402117468340732,0.1402117468353182,0.1402117468364668,0.1402117468353182,0.1402117468340732,0.1402117468353182,0.1402117468375846,0.14021174684066892,0.1402117468375846,0.1402117468353182,0.1402117468364668,0.14021174684066892,0.14021174685247603,0.14021174684066892,0.1402117468364668,0.1402117468353182,0.1402117468375846,0.14021174684066892,0.1402117468375846,0.1402117468353182,0.1402117468340732,0.1402117468353182,0.1402117468364668,0.1402117468353182,0.1402117468340732,0.13913530715002503,0.13913530715150557,0.1391353071527705,0.13913530715150557,0.13913530715002503,0.13913530715150557,0.1391353071539867,0.1391353071566066,0.1391353071539867,0.13913530715150557,0.1391353071527705,0.1391353071566066,0.13913530716196518,0.1391353071566066,0.1391353071527705,0.13913530715150557,0.1391353071539867,0.1391353071566066,0.1391353071539867,0.13913530715150557,0.13913530715002503,0.13913530715150557,0.1391353071527705,0.13913530715150557,0.13913530715002503,0.13807980365347428,0.13807980365591263,0.1380798036582863,0.13807980365591263,0.13807980365347428,0.13807980365591263,0.1380798036606651,0.13807980366694103,0.1380798036606651,0.13807980365591263,0.1380798036582863,0.13807980366694103,0.13807980368406192,0.13807980366694103,0.1380798036582863,0.13807980365591263,0.1380798036606651,0.13807980366694103,0.1380798036606651,0.13807980365591263,0.13807980365347428,0.13807980365591263,0.1380798036582863,0.13807980365591263,0.13807980365347428,0.1370447657375318,0.13704476574113575,0.13704476574543892,0.13704476574113575,0.1370447657375318,0.13704476574113575,0.13704476574988442,0.13704476576722643,0.13704476574988442,0.13704476574113575,0.13704476574543892,0.13704476576722643,0.13704476586273734,0.13704476576722643,0.13704476574543892,0.13704476574113575,0.13704476574988442,0.13704476576722643,0.13704476574988442,0.13704476574113575,0.1370447657375318,0.13704476574113575,0.13704476574543892,0.13704476574113575,0.1370447657375318,0.13602973230543797,0.13602973230791207,0.1360297323103185,0.13602973230791207,0.13602973230543797,0.13602973230791207,0.13602973231272583,0.13602973231912324,0.13602973231272583,0.13602973230791207,0.1360297323103185,0.13602973231912324,0.1360297323367995,0.13602973231912324,0.1360297323103185,0.13602973230791207,0.13602973231272583,0.13602973231912324,0.13602973231272583,0.13602973230791207,0.13602973230543797,0.13602973230791207,0.1360297323103185,0.13602973230791207,0.13602973230543797,0.13503425178139977,0.13503425178294043,0.1350342517842083,0.13503425178294043,0.13503425178139977,0.13503425178294043,0.1350342517854088,0.13503425178784703,0.1350342517854088,0.13503425178294043,0.1350342517842083,0.13503425178784703,0.13503425179226725,0.13503425178784703,0.1350342517842083,0.13503425178294043,0.1350342517854088,0.13503425178784703,0.1350342517854088,0.13503425178294043,0.13503425178139977,0.13503425178294043,0.1350342517842083,0.13503425178294043,0.13503425178139977
0.1653324879056645,0.16533248790566427,0.16533248790566402,0.16533248790566427,0.1653324879056645,0.16533248790566427,0.16533248790566402,0.1653324879056638,0.16533248790566402,0.16533248790566427,0.16533248790566402,0.1653324879056638,0.16533248790566354,0.1653324879056638,0.16533248790566402,0.16533248790566427,0.16533248790566402,0.1653324879056638,0.1653324879056638,0.16533248790566427,0.1653324879056645,0.16533248790566427,0.16533248790566402,0.16533248790566427,0.1653324879056645,0.1637574941844737,0.163757494184473,0.16375749418447255,0.163757494184473,0.1637574941844737,0.163757494184473,0.1637574941844723,0.16375749418447186,0.1637574941844723,0.163757494184473,0.16375749418447255,0.16375749418447186,0.1637574941844716,0.16375749418447186,0.16375749418447255,0.163757494184473,0.1637574941844723,0.16375749418447186,0.1637574941844723,0.163757494184473,0.1637574941844737,0.163757494184473,0.16375749418447255,0.163757494184473,0.1637574941844737,0.16221388439522466,0.16221388439522283,0.1622138843952217,0.16221388439522283,0.16221388439522466,0.16221388439522283,0.16221388439522078,0.16221388439521944,0.16221388439522078,0.16221388439522283,0.1622138843952217,0.16221388439521944,0.16221388439521806,0.16221388439521944,0.1622138843952217,0.16221388439522283,0.16221388439522078,0.16221388439521944,0.16221388439522078,0.16221388439522283,0.16221388439522466,0.16221388439522283,0.1622138843952217,0.16221388439522283,0.16221388439522466,0.1607010674949603,0.16070106749495475,0.16070106749495094,0.16070106749495475,0.1607010674949603,0.16070106749495475,0.16070106749494828,0.16070106749494428,0.16070106749494828,0.16070106749495475,0.16070106749495094,0.16070106749494428,0.16070106749493984,0.16070106749494428,0.16070106749495094,0.16070106749495475,0.16070106749494828,0.16070106749494428,0.16070106749494828,0.16070106749495475,0.1607010674949603,0.16070106749495475,0.16070106749495094,0.16070106749495475,0.1607010674949603,0.15921845185866645,0.15921845185864947,0.15921845185863856,0.15921845185864947,0.15921845185866645,0.15921845185864947,0.15921845185863007,0.15921845185861702,0.15921845185863007,0.15921845185864947,0.15921845185863856,0.15921845185861702,0.15921845185860267,0.15921845185861702,0.15921845185863856,0.15921845185864947,0.15921845185863007,0.15921845185861702,0.15921845185863007,0.15921845185864947,0.15921845185866645,0.15921845185864947,0.15921845185863856,0.15921845185864947,0.15921845185866645,0.15776544663113343,0.15776544663108394,0.15776544663105085,0.15776544663108394,0.15776544663113343,0.15776544663108394,0.15776544663102396,0.15776544663098238,0.15776544663102396,0.15776544663108394,0.15776544663105085,0.15776544663098238,0.15776544663093373,0.15776544663098238,0.15776544663105085,0.15776544663108394,0.15776544663102396,0.15776544663098238,0.15776544663102396,0.15776544663108394,0.15776544663113343,0.15776544663108394,0.15776544663105085,0.15776544663108394,0.15776544663113343,0.156341462941308,0.15634146294116705,0.1563414629410688,0.15634146294116705,0.156341462941308,0.15634146294116705,0.15634146294098494,0.1563414629408492,0.15634146294098494,0.15634146294116705,0.1563414629410688,0.1563414629408492,0.15634146294067672,0.1563414629408492,0.1563414629410688,0.15634146294116705,0.15634146294098494,0.1563414629408492,0.15634146294098494,0.15634146294116705,0.156341462941308,0.15634146294116705,0.1563414629410688,0.15634146294116705,0.156341462941308,0.1549459149894316,0.15494591498905003,0.15494591498876498,0.15494591498905003,0.1549459149894316,0.15494591498905003,0.1549459149885084,0.15494591498805507,0.1549459149885084,0.15494591498905003,0.15494591498876498,0.15494591498805507,0.15494591498739294,0.15494591498805507,0.15494591498876498,0.15494591498905003,0.1549459149885084,0.15494591498805507,0.1549459149885084,0.15494591498905003,0.1549459149894316,0.15494591498905003,0.15494591498876498,0.15494591498905003,0.1549459149894316,0.1535782210167355,0.15357822101577928,0.15357822101498797,0.15357822101577928,0.1535782210167355,0.15357822101577928,0.1535782210142374,0.15357822101269897,0.1535782210142374,0.15357822101577928,0.15357822101498797,0.15357822101269897,0.15357822100987853,0.15357822101269897,0.15357822101498797,0.15357822101577928,0.1535782210142374,0.15357822101269897,0.1535782210142374,0.15357822101577928,0.1535782210167355,0.15357822101577928,0.15357822101498797,0.15357822101577928,0.1535782210167355,0.15223780416692909,0.15223780416483354,0.15223780416283286,0.15223780416483354,0.15223780416692909,0.15223780416483354,0.15223780416084123,0.15223780415571198,0.15223780416084123,0.15223780416483354,0.15223780416283286,0.15223780415571198,0.1522378041421346,0.15223780415571198,0.15223780416283286,0.15223780416483354,0.15223780416084123,0.15223780415571198,0.15223780416084123,0.15223780416483354,0.15223780416692909,0.15223780416483354,0.15223780416283286,0.15223780416483354,0.15223780416692909,0.15092409324799583,0.15092409324443762,0.1509240932404025,0.15092409324443762,0.15092409324799583,0.15092409324443762,0.15092409323625453,0.15092409322141223,0.15092409323625453,0.15092409324443762,0.1509240932404025,0.15092409322141223,0.15092409314742763,0.15092409322141223,0.1509240932404025,0.15092409324443762,0.15092409323625453,0.15092409322141223,0.15092409323625453,0.15092409324443762,0.15092409324799583,0.15092409324443762,0.1509240932404025,0.15092409324443762,0.15092409324799583,0.1496365234012979,0.14963652339785147,0.1496365233940883,0.14963652339785147,0.1496365234012979,0.14963652339785147,0.1496365233902331,0.149636523377507,0.1496365233902331,0.14963652339785147,0.1496365233940883,0.149636523377507,0.14963652332199237,0.149636523377507,0.1496365233940883,0.14963652339785147,0.1496365233902331,0.149636523377507,0.1496365233902331,0.14963652339785147,0.1496365234012979,0.14963652339785147,0.1496365233940883,0.14963652339785147,0.1496365234012979,0.14837453668308814,0.1483745366808316,0.14837453667850087,0.1483745366808316,0.14837453668308814,0.1483745366808316,0.14837453667614034,0.14837453666891226,0.14837453667614034,0.1483745366808316,0.14837453667850087,0.14837453666891226,0.14837453663983047,0.1483745366689121,0.14837453667850087,0.1483745366808316,0.14837453667614034,0.1483745366689121,0.14837453667614034,0.1483745366808316,0.14837453668308814,0.1483745366808316,0.14837453667850087,0.1483745366808316,0.14837453668308814,0.1471375825738266,0.14713758257303602,0.14713758257232373,0.14713758257303602,0.1471375825738266,0.14713758257303602,0.1471375825716289,0.14713758256991805,0.1471375825716289,0.14713758257303602,0.14713758257232373,0.14713758256991805,0.14713758256498025,0.14713758256991805,0.14713758257232373,0.14713758257303602,0.1471375825716289,0.14713758256991805,0.1471375825716289,0.14713758257303602,0.1471375825738266,0.14713758257303602,0.14713758257232373,0.14713758257303602,0.1471375825738266,0.14592511841763545,0.1459251184180701,0.14592511841863867,0.1459251184180701,0.14592511841763545,0.1459251184180701,0.14592511841924535,0.14592511842158332,0.14592511841924535,0.1459251184180701,0.14592511841863867,0.14592511842158332,0.1459251184332855,0.14592511842158332,0.14592511841863867,0.1459251184180701,0.14592511841924535,0.14592511842158332,0.14592511841924535,0.1459251184180701,0.14592511841763545,0.1459251184180701,0.14592511841863867,0.1459251184180701,0.14592511841763545,0.14473660979681166,0.14473660979803368,0.14473660979938507,0.14473660979803368,0.14473660979681166,0.14473660979803368,0.14473660980077674,0.14473660980539463,0.14473660980077674,0.14473660979803368,0.14473660979938507,0.14473660980539463,0.14473660982562148,0.14473660980539463,0.14473660979938507,0.14473660979803368,0.14473660980077674,0.14473660980539463,0.14473660980077674,0.14473660979803368,0.14473660979681166,0.14473660979803368,0.14473660979938507,0.14473660979803368,0.14473660979681166,0.14357153084700813,0.14357153084858681,0.14357153085028287,0.14357153084858681,0.14357153084700813,0.14357153084858681,0.14357153085201352,0.14357153085765717,0.14357153085201352,0.14357153084858681,0.14357153085028287,0.14357153085765717,0.14357153088237237,0.14357153085765717,0.14357153085028287,0.14357153084858681,0.14357153085201352,0.14357153085765717,0.14357153085201352,0.14357153084858681,0.14357153084700813,0.14357153084858681,0.14357153085028287,0.14357153084858681,0.14357153084700813,0.1424293645186077,0.14242936452014981,0.14242936452174298,0.14242936452014981,0.1424293645186077,0.14242936452014981,0.14242936452335123,0.14242936452836885,0.14242936452335123,0.14242936452014981,0.14242936452174298,0.14242936452836885,0.1424293645493142,0.14242936452836885,0.14242936452174298,0.14242936452014981,0.14242936452335123,0.14242936452836885,0.14242936452335123,0.14242936452014981,0.1424293645186077,0.14242936452014981,0.14242936452174298,0.14242936452014981,0.1424293645186077,0.14130960278953433,0.14130960279086632,0.14130960279216315,0.14130960279086632,0.14130960278953433,0.14130960279086632,0.14130960279344976,0.14130960279716356,0.14130960279344976,0.14130960279086632,0.14130960279216315,0.14130960279716356,0.14130960281120336,0.14130960279716356,0.14130960279216315,0.14130960279086632,0.14130960279344976,0.14130960279716356,0.14130960279344976,0.14130960279086632,0.14130960278953433,0.14130960279086632,0.14130960279216315,0.14130960279086632,0.14130960278953433,0.14021174683371954,0.1402117468349591,0.14021174683610255,0.1402117468349591,0.14021174683371954,0.1402117468349591,0.1402117468372152,0.14021174684028595,0.1402117468372152,0.1402117468349591,0.14021174683610255,0.14021174684028595,0.1402117468520748,0.14021174684028595,0.14021174683610255,0.1402117468349591,0.1402117468372152,0.14021174684028595,0.1402117468372152,0.1402117468349591,0.14021174683371954,0.1402117468349591,0.14021174683610255,0.1402117468349591,0.14021174683371954,0.1391353071496334,0.1391353071511097,0.1391353071523711,0.1391353071511097,0.1391353071496334,0.1391353071511097,0.1391353071535838,0.13913530715619662,0.1391353071535838,0.1391353071511097,0.1391353071523711,0.13913530715619662,0.13913530716154096,0.13913530715619662,0.1391353071523711,0.1391353071511097,0.1391353071535838,0.13913530715619662,0.1391353071535838,0.1391353071511097,0.1391353071496334,0.1391353071511097,0.1391353071523711,0.1391353071511097,0.1391353071496334,0.13807980365305275,0.13807980365548594,0.13807980365785466,0.13807980365548594,0.13807980365305275,0.13807980365548594,0.13807980366022882,0.13807980366649233,0.13807980366022882,0.13807980365548594,0.13807980365785466,0.13807980366649233,0.1380798036835807,0.13807980366649233,0.13807980365785466,0.13807980365548594,0.13807980366022882,0.13807980366649233,0.13807980366022882,0.13807980365548594,0.13807980365305275,0.13807980365548594,0.13807980365785466,0.13807980365548594,0.13807980365305275,0.1370447657370901,0.13704476574068705,0.13704476574498206,0.13704476574068705,0.1370447657370901,0.13704476574068705,0.1370447657494195,0.13704476576672908,0.13704476574941932,0.13704476574068705,0.13704476574498206,0.13704476576672908,0.13704476586206274,0.13704476576672908,0.13704476574498206,0.13704476574068705,0.13704476574941932,0.13704476576672908,0.13704476574941932,0.13704476574068705,0.1370447657370901,0.13704476574068705,0.13704476574498206,0.13704476574068705,0.1370447657370901,0.13602973230498974,0.13602973230745927,0.1360297323098612,0.13602973230745927,0.13602973230498974,0.13602973230745927,0.13602973231226403,0.13602973231864954,0.13602973231226403,0.13602973230745927,0.1360297323098612,0.13602973231864954,0.13602973233629312,0.13602973231864954,0.1360297323098612,0.13602973230745927,0.13602973231226403,0.13602973231864954,0.13602973231226403,0.13602973230745927,0.13602973230498974,0.13602973230745927,0.1360297323098612,0.13602973230745927,0.13602973230498974,0.13503425178095432,0.1350342517824922,0.1350342517837576,0.1350342517824922,0.13503425178095432,0.1350342517824922,0.13503425178495587,0.13503425178738976,0.13503425178495587,0.1350342517824922,0.1350342517837576,0.13503425178738976,0.13503425179180176,0.13503425178738976,0.1350342517837576,0.1350342517824922,0.13503425178495587,0.13503425178738976,0.13503425178495587,0.1350342517824922,0.13503425178095432,0.1350342517824922,0.1350342517837576,0.1350342517824922,0.13503425178095432
0.16533248790596042,0.1653324879059602,0.16533248790595995,0.1653324879059602,0.16533248790596042,0.1653324879059602,0.16533248790595995,0.1653324879059597,0.16533248790595995,0.1653324879059602,0.16533248790595995,0.1653324879059597,0.1653324879059595,0.1653324879059597,0.16533248790595995,0.1653324879059602,0.16533248790595995,0.1653324879059597,0.16533248790595995,0.1653324879059602,0.16533248790596042,0.1653324879059602,0.16533248790595995,0.1653324879059602,0.16533248790596042,0.16375749418476376,0.16375749418476304,0.16375749418476282,0.16375749418476304,0.16375749418476376,0.16375749418476304,0.16375749418476235,0.16375749418476213,0.16375749418476235,0.16375749418476304,0.16375749418476282,0.16375749418476213,0.16375749418476165,0.16375749418476213,0.16375749418476282,0.16375749418476304,0.16375749418476235,0.16375749418476213,0.16375749418476235,0.16375749418476304,0.16375749418476376,0.16375749418476304,0.16375749418476282,0.16375749418476304,0.16375749418476376,0.16221388439550888,0.16221388439550707,0.16221388439550596,0.16221388439550707,0.16221388439550888,0.16221388439550707,0.16221388439550505,0.1622138843955037,0.16221388439550505,0.16221388439550707,0.16221388439550596,0.1622138843955037,0.16221388439550255,0.1622138843955037,0.16221388439550596,0.16221388439550707,0.16221388439550505,0.1622138843955037,0.16221388439550505,0.16221388439550707,0.16221388439550888,0.16221388439550707,0.16221388439550596,0.16221388439550707,0.16221388439550888,0.16070106749523885,0.1607010674952333,0.16070106749522955,0.1607010674952333,0.16070106749523885,0.1607010674952333,0.16070106749522686,0.16070106749522287,0.16070106749522686,0.1607010674952333,0.16070106749522955,0.16070106749522287,0.16070106749521842,0.16070106749522287,0.16070106749522955,0.1607010674952333,0.16070106749522686,0.16070106749522287,0.16070106749522686,0.1607010674952333,0.16070106749523885,0.1607010674952333,0.16070106749522955,0.1607010674952333,0.16070106749523885,0.15921845185893946,0.15921845185892247,0.1592184518589116,0.15921845185892247,0.15921845185893946,0.15921845185892247,0.1592184518589031,0.15921845185889003,0.1592184518589031,0.15921845185892247,0.1592184518589116,0.15921845185889003,0.15921845185887568,0.15921845185889003,0.1592184518589116,0.15921845185892247,0.1592184518589031,0.15921845185889003,0.1592184518589031,0.15921845185892247,0.15921845185893946,0.15921845185892247,0.1592184518589116,0.15921845185892247,0.15921845185893946,0.15776544663140077,0.15776544663135128,0.1577654466313182,0.15776544663135128,0.15776544663140077,0.15776544663135128,0.15776544663129155,0.15776544663124992,0.15776544663129155,0.15776544663135128,0.1577654466313182,0.15776544663124992,0.15776544663120148,0.15776544663124992,0.1577654466313182,0.15776544663135128,0.15776544663129155,0.15776544663124992,0.15776544663129155,0.15776544663135128,0.15776544663140077,0.15776544663135128,0.1577654466313182,0.15776544663135128,0.15776544663140077,0.1563414629415696,0.15634146294142906,0.1563414629413308,0.15634146294142906,0.1563414629415696,0.15634146294142906,0.15634146294124715,0.15634146294111165,0.15634146294124715,0.15634146294142906,0.1563414629413308,0.15634146294111165,0.15634146294093956,0.15634146294111165,0.1563414629413308,0.15634146294142906,0.15634146294124715,0.15634146294111165,0.15634146294124715,0.15634146294142906,0.1563414629415696,0.15634146294142906,0.1563414629413308,0.15634146294142906,0.1563414629415696,0.15494591498968718,0.1549459149893062,0.15494591498902177,0.1549459149893062,0.15494591498968718,0.1549459149893062,0.1549459149887656,0.1549459149883131,0.1549459149887656,0.1549459149893062,0.15494591498902177,0.1549459149883131,0.15494591498765198,0.1549459149883131,0.15494591498902177,0.1549459149893062,0.1549459149887656,0.1549459149883131,0.1549459149887656,0.1549459149893062,0.15494591498968718,0.1549459149893062,0.15494591498902177,0.1549459149893062,0.15494591498968718,0.1535782210169835,0.15357822101602892,0.15357822101523902,0.15357822101602892,0.1535782210169835,0.15357822101602892,0.15357822101448987,0.1535782210129542,0.15357822101448987,0.15357822101602892,0.15357822101523902,0.1535782210129542,0.1535782210101386,0.1535782210129542,0.15357822101523902,0.15357822101602892,0.15357822101448987,0.1535782210129542,0.15357822101448987,0.15357822101602892,0.1535782210169835,0.15357822101602892,0.15357822101523902,0.15357822101602892,0.1535782210169835,0.15223780416716626,0.15223780416507446,0.15223780416307733,0.15223780416507446,0.15223780416716626,0.15223780416507446,0.15223780416108926,0.15223780415596885,0.15223780416108926,0.15223780416507446,0.15223780416307733,0.15223780415596885,0.15223780414241472,0.15223780415596885,0.15223780416307733,0.15223780416507446,0.15223780416108926,0.15223780415596885,0.15223780416108926,0.15223780416507446,0.15223780416716626,0.15223780416507446,0.15223780416307733,0.15223780416507446,0.15223780416716626,0.15092409324821424,0.15092409324466277,0.15092409324063497,0.15092409324466277,0.15092409324821424,0.15092409324466277,0.15092409323649453,0.1509240932216781,0.15092409323649453,0.15092409324466277,0.15092409324063497,0.1509240932216781,0.15092409314780944,0.1509240932216781,0.15092409324063497,0.15092409324466277,0.15092409323649453,0.1509240932216781,0.15092409323649453,0.15092409324466277,0.15092409324821424,0.15092409324466277,0.15092409324063497,0.15092409324466277,0.15092409324821424,0.14963652340148356,0.14963652339804454,0.14963652339428932,0.14963652339804454,0.14963652340148356,0.14963652339804454,0.14963652339044184,0.14963652337774092,0.14963652339044184,0.14963652339804454,0.14963652339428932,0.14963652337774092,0.14963652332234084,0.14963652337774092,0.14963652339428932,0.14963652339804454,0.14963652339044184,0.14963652337774092,0.14963652339044184,0.14963652339804454,0.14963652340148356,0.14963652339804454,0.14963652339428932,0.14963652339804454,0.14963652340148356,0.14837453668322548,0.14837453668097558,0.14837453667865175,0.14837453668097558,0.14837453668322548,0.14837453668097558,0.14837453667629802,0.14837453666909128,0.14837453667629802,0.14837453668097558,0.14837453667865175,0.14837453666909128,0.14837453664009403,0.14837453666909128,0.14837453667865175,0.14837453668097558,0.14837453667629802,0.14837453666909128,0.14837453667629802,0.14837453668097558,0.14837453668322548,0.14837453668097558,0.14837453667865175,0.14837453668097558,0.14837453668322548,0.14713758257390105,0.14713758257311574,0.14713758257240894,0.14713758257311574,0.14713758257390105,0.14713758257311574,0.14713758257171974,0.1471375825700265,0.14713758257171974,0.14713758257311574,0.14713758257240894,0.1471375825700265,0.14713758256514137,0.1471375825700265,0.14713758257240894,0.14713758257311574,0.14713758257171974,0.1471375825700265,0.14713758257171974,0.14713758257311574,0.14713758257390105,0.14713758257311574,0.14713758257240894,0.14713758257311574,0.14713758257390105,0.1459251184176356,0.14592511841807315,0.14592511841864472,0.14592511841807315,0.1459251184176356,0.14592511841807315,0.1459251184192548,0.14592511842160308,0.1459251184192548,0.14592511841807315,0.14592511841864472,0.14592511842160308,0.14592511843335604,0.14592511842160308,0.14592511841864472,0.14592511841807315,0.1459251184192548,0.14592511842160308,0.1459251184192548,0.14592511841807315,0.1459251184176356,0.14592511841807315,0.14592511841864472,0.14592511841807315,0.1459251184176356,0.14473660979673017,0.14473660979795216,0.14473660979930336,0.14473660979795216,0.14473660979673017,0.14473660979795216,0.14473660980069522,0.14473660980531367,0.14473660980069522,0.14473660979795216,0.14473660979930336,0.14473660980531367,0.14473660982555966,0.14473660980531367,0.14473660979930336,0.14473660979795216,0.14473660980069522,0.14473660980531367,0.14473660980069522,0.14473660979795216,0.14473660979673017,0.14473660979795216,0.14473660979930336,0.14473660979795216,0.14473660979673017,0.14357153084684404,0.14357153084841928,0.14357153085011176,0.14357153084841928,0.14357153084684404,0.14357153084841928,0.14357153085183882,0.14357153085747237,0.14357153085183882,0.14357153084841928,0.14357153085011176,0.14357153085747237,0.14357153088214428,0.14357153085747237,0.14357153085011176,0.14357153084841928,0.14357153085183882,0.14357153085747237,0.14357153085183882,0.14357153084841928,0.14357153084684404,0.14357153084841928,0.14357153085011176,0.14357153084841928,0.14357153084684404,0.14242936451836746,0.1424293645199024,0.14242936452148766,0.1424293645199024,0.14242936451836746,0.1424293645199024,0.14242936452308785,0.1424293645280771,0.14242936452308785,0.1424293645199024,0.14242936452148766,0.1424293645280771,0.1424293645489084,0.1424293645280771,0.14242936452148766,0.1424293645199024,0.14242936452308785,0.1424293645280771,0.14242936452308785,0.1424293645199024,0.14242936451836746,0.1424293645199024,0.14242936452148766,0.1424293645199024,0.14242936451836746,0.14130960278923121,0.1413096027905555,0.1413096027918439,0.1413096027905555,0.14130960278923121,0.1413096027905555,0.1413096027931218,0.14130960279680582,0.1413096027931218,0.1413096027905555,0.1413096027918439,0.14130960279680582,0.1413096028107185,0.14130960279680582,0.1413096027918439,0.1413096027905555,0.1413096027931218,0.14130960279680582,0.1413096027931218,0.1413096027905555,0.14130960278923121,0.1413096027905555,0.1413096027918439,0.1413096027905555,0.14130960278923121,0.1402117468333682,0.14021174683460225,0.14021174683574072,0.14021174683460225,0.1402117468333682,0.14021174683460225,0.1402117468368482,0.14021174683990537,0.1402117468368482,0.14021174683460225,0.14021174683574072,0.14021174683990537,0.1402117468516249,0.14021174683990537,0.14021174683574072,0.14021174683460225,0.1402117468368482,0.14021174683990537,0.1402117468368482,0.14021174683460225,0.1402117468333682,0.14021174683460225,0.14021174683574072,0.14021174683460225,0.1402117468333682,0.13913530714924427,0.13913530715071648,0.13913530715197442,0.13913530715071648,0.13913530714924427,0.13913530715071648,0.13913530715318378,0.1391353071557893,0.13913530715318378,0.13913530715071648,0.13913530715197442,0.1391353071557893,0.13913530716111958,0.1391353071557893,0.13913530715197442,0.13913530715071648,0.13913530715318378,0.1391353071557893,0.13913530715318378,0.13913530715071648,0.13913530714924427,0.13913530715071648,0.13913530715197442,0.13913530715071648,0.13913530714924427,0.13807980365263395,0.13807980365506206,0.13807980365742614,0.13807980365506206,0.13807980365263395,0.13807980365506206,0.1380798036597955,0.13807980366604675,0.1380798036597955,0.13807980365506206,0.13807980365742614,0.13807980366604675,0.13807980368310271,0.13807980366604675,0.13807980365742614,0.13807980365506206,0.1380798036597955,0.13807980366604675,0.13807980365979533,0.13807980365506206,0.13807980365263395,0.13807980365506206,0.13807980365742614,0.13807980365506206,0.13807980365263395,0.1370447657366513,0.13704476574024144,0.1370447657445285,0.13704476574024144,0.1370447657366513,0.13704476574024144,0.13704476574895744,0.13704476576623512,0.13704476574895744,0.13704476574024144,0.1370447657445285,0.13704476576623512,0.13704476586140807,0.13704476576623512,0.1370447657445285,0.13704476574024144,0.13704476574895744,0.13704476576623512,0.13704476574895744,0.13704476574024144,0.1370447657366513,0.13704476574024144,0.1370447657445285,0.13704476574024144,0.1370447657366513,0.13602973230454468,0.13602973230700938,0.13602973230940701,0.13602973230700938,0.13602973230454468,0.13602973230700938,0.13602973231180543,0.13602973231817894,0.13602973231180543,0.13602973230700938,0.13602973230940701,0.13602973231817894,0.13602973233579022,0.13602973231817894,0.13602973230940701,0.13602973230700938,0.13602973231180543,0.13602973231817894,0.13602973231180543,0.13602973230700938,0.13602973230454468,0.13602973230700938,0.13602973230940701,0.13602973230700938,0.13602973230454468,0.13503425178051198,0.1350342517820469,0.1350342517833101,0.1350342517820469,0.13503425178051212,0.1350342517820469,0.13503425178450618,0.13503425178693537,0.13503425178450618,0.1350342517820469,0.1350342517833101,0.13503425178693537,0.13503425179133935,0.13503425178693537,0.1350342517833101,0.1350342517820469,0.13503425178450618,0.13503425178693537,0.13503425178450618,0.13503425178204703,0.13503425178051212,0.1350342517820469,0.1350342517833101,0.13503425178204703,0.13503425178051212
0.16533248790625468,0.16533248790625446,0.16533248790625424,0.16533248790625446,0.16533248790625468,0.16533248790625446,0.16533248790625424,0.16533248790625402,0.16533248790625424,0.16533248790625446,0.16533248790625424,0.16533248790625402,0.16533248790625374,0.16533248790625402,0.16533248790625424,0.16533248790625446,0.16533248790625424,0.16533248790625402,0.16533248790625424,0.16533248790625446,0.16533248790625468,0.16533248790625446,0.16533248790625424,0.16533248790625446,0.16533248790625468,0.16375749418505214,0.16375749418505145,0.163757494185051,0.16375749418505145,0.16375749418505214,0.16375749418505145,0.16375749418505078,0.1637574941850503,0.16375749418505078,0.16375749418505145,0.163757494185051,0.1637574941850503,0.16375749418505006,0.1637574941850503,0.163757494185051,0.16375749418505145,0.16375749418505078,0.1637574941850503,0.16375749418505078,0.16375749418505145,0.16375749418505214,0.16375749418505145,0.163757494185051,0.16375749418505145,0.16375749418505214,0.16221388439579154,0.16221388439578974,0.1622138843957884,0.16221388439578974,0.16221388439579154,0.16221388439578974,0.16221388439578768,0.16221388439578635,0.16221388439578768,0.16221388439578974,0.1622138843957884,0.16221388439578635,0.162213884395785,0.16221388439578635,0.1622138843957884,0.16221388439578974,0.16221388439578768,0.16221388439578635,0.16221388439578768,0.16221388439578974,0.16221388439579154,0.16221388439578974,0.1622138843957884,0.16221388439578974,0.16221388439579154,0.16070106749551588,0.1607010674955101,0.16070106749550656,0.1607010674955101,0.16070106749551588,0.1607010674955101,0.1607010674955039,0.1607010674954999,0.1607010674955039,0.1607010674955101,0.16070106749550656,0.1607010674954999,0.16070106749549545,0.1607010674954999,0.16070106749550656,0.1607010674955101,0.1607010674955039,0.1607010674954999,0.1607010674955039,0.1607010674955101,0.16070106749551588,0.1607010674955101,0.16070106749550656,0.1607010674955101,0.16070106749551588,0.15921845185921074,0.15921845185919375,0.15921845185918285,0.15921845185919375,0.15921845185921074,0.15921845185919375,0.15921845185917435,0.15921845185916153,0.15921845185917435,0.15921845185919375,0.15921845185918285,0.15921845185916153,0.15921845185914715,0.15921845185916153,0.15921845185918285,0.15921845185919375,0.15921845185917435,0.15921845185916153,0.15921845185917435,0.15921845185919375,0.15921845185921074,0.15921845185919375,0.15921845185918285,0.15921845185919375,0.15921845185921074,0.15776544663166664,0.15776544663161712,0.15776544663158407,0.15776544663161712,0.15776544663166664,0.15776544663161712,0.1577654466315574,0.1577654466315158,0.1577654466315574,0.15776544663161712,0.15776544663158407,0.1577654466315158,0.15776544663146758,0.1577654466315158,0.15776544663158407,0.15776544663161712,0.1577654466315574,0.1577654466315158,0.1577654466315574,0.15776544663161712,0.15776544663166664,0.15776544663161712,0.15776544663158407,0.15776544663161712,0.15776544663166664,0.1563414629418297,0.15634146294168919,0.15634146294159135,0.15634146294168919,0.1563414629418297,0.15634146294168919,0.1563414629415079,0.1563414629413724,0.1563414629415079,0.15634146294168919,0.15634146294159135,0.1563414629413724,0.15634146294120074,0.1563414629413724,0.15634146294159135,0.15634146294168919,0.1563414629415079,0.1563414629413724,0.1563414629415079,0.15634146294168919,0.1563414629418297,0.15634146294168919,0.15634146294159135,0.15634146294168919,0.1563414629418297,0.15494591498994106,0.15494591498956092,0.1549459149892769,0.15494591498956092,0.15494591498994106,0.15494591498956092,0.15494591498902113,0.15494591498856947,0.15494591498902113,0.15494591498956092,0.1549459149892769,0.15494591498856947,0.15494591498790958,0.15494591498856947,0.1549459149892769,0.15494591498956092,0.15494591498902113,0.15494591498856947,0.15494591498902113,0.15494591498956092,0.15494591498994106,0.15494591498956092,0.1549459149892769,0.15494591498956092,0.15494591498994106,0.15357822101723015,0.15357822101627716,0.15357822101548865,0.15357822101627716,0.15357822101723015,0.15357822101627716,0.15357822101474072,0.15357822101320767,0.15357822101474072,0.15357822101627716,0.15357822101548865,0.15357822101320767,0.1535782210103969,0.15357822101320767,0.15357822101548865,0.15357822101627716,0.15357822101474072,0.15357822101320767,0.15357822101474072,0.15357822101627716,0.15357822101723015,0.15357822101627716,0.15357822101548865,0.15357822101627716,0.15357822101723015,0.15223780416740207,0.15223780416531402,0.15223780416332042,0.15223780416531402,0.15223780416740207,0.15223780416531402,0.1522378041613359,0.15223780415622437,0.1522378041613359,0.15223780416531402,0.15223780416332042,0.15223780415622437,0.15223780414269322,0.15223780415622437,0.15223780416332042,0.15223780416531402,0.1522378041613359,0.15223780415622437,0.1522378041613359,0.15223780416531402,0.15223780416740207,0.15223780416531402,0.15223780416332042,0.15223780416531402,0.15223780416740207,0.15092409324843126,0.15092409324488656,0.1509240932408659,0.15092409324488656,0.15092409324843126,0.15092409324488656,0.15092409323673298,0.1509240932219424,0.15092409323673298,0.15092409324488656,0.1509240932408659,0.1509240932219424,0.15092409314819083,0.1509240932219424,0.1509240932408659,0.15092409324488656,0.15092409323673298,0.1509240932219424,0.15092409323673298,0.15092409324488656,0.15092409324843126,0.15092409324488656,0.1509240932408659,0.15092409324488656,0.15092409324843126,0.14963652340166814,0.14963652339823644,0.1496365233944888,0.14963652339823644,0.14963652340166814,0.14963652339823644,0.14963652339064926,0.14963652337797348,0.14963652339064926,0.14963652339823644,0.1496365233944888,0.14963652337797348,0.14963652332269653,0.14963652337797348,0.1496365233944888,0.14963652339823644,0.14963652339064926,0.14963652337797348,0.14963652339064926,0.14963652339823644,0.14963652340166814,0.14963652339823644,0.1496365233944888,0.14963652339823644,0.14963652340166814,0.1483745366833619,0.14837453668111866,0.14837453667880166,0.14837453668111866,0.1483745366833619,0.14837453668111866,0.1483745366764548,0.14837453666926942,0.1483745366764548,0.14837453668111866,0.14837453667880166,0.14837453666926942,0.14837453664037298,0.14837453666926942,0.14837453667880166,0.14837453668111866,0.1483745366764548,0.14837453666926942,0.1483745366764548,0.14837453668111866,0.1483745366833619,0.14837453668111866,0.14837453667880166,0.14837453668111866,0.1483745366833619,0.147137582573975,0.14713758257319498,0.14713758257249357,0.14713758257319498,0.147137582573975,0.14713758257319498,0.1471375825718098,0.1471375825701342,0.1471375825718098,0.14713758257319498,0.14713758257249357,0.1471375825701342,0.1471375825653221,0.1471375825701342,0.14713758257249357,0.14713758257319498,0.1471375825718098,0.1471375825701342,0.1471375825718098,0.14713758257319498,0.147137582573975,0.14713758257319498,0.14713758257249357,0.14713758257319498,0.147137582573975,0.1459251184176356,0.14592511841807618,0.14592511841865077,0.14592511841807618,0.1459251184176356,0.14592511841807618,0.14592511841926403,0.14592511842162267,0.14592511841926403,0.14592511841807618,0.14592511841865077,0.14592511842162267,0.14592511843343012,0.14592511842162267,0.14592511841865077,0.14592511841807618,0.14592511841926403,0.14592511842162267,0.14592511841926403,0.14592511841807618,0.1459251184176356,0.14592511841807618,0.14592511841865077,0.14592511841807618,0.1459251184176356,0.14473660979664915,0.144736609797871,0.14473660979922237,0.144736609797871,0.14473660979664915,0.144736609797871,0.14473660980061423,0.1447366098052332,0.14473660980061423,0.144736609797871,0.14473660979922237,0.1447366098052332,0.1447366098254801,0.1447366098052332,0.14473660979922237,0.144736609797871,0.14473660980061423,0.1447366098052332,0.14473660980061423,0.144736609797871,0.14473660979664915,0.144736609797871,0.14473660979922237,0.144736609797871,0.14473660979664915,0.14357153084668112,0.14357153084825278,0.14357153084994168,0.14357153084825278,0.14357153084668112,0.14357153084825278,0.14357153085166513,0.14357153085728874,0.14357153085166513,0.14357153084825278,0.14357153084994168,0.14357153085728874,0.14357153088191976,0.14357153085728874,0.14357153084994168,0.14357153084825278,0.14357153085166513,0.14357153085728874,0.14357153085166513,0.14357153084825278,0.14357153084668112,0.14357153084825278,0.14357153084994168,0.14357153084825278,0.14357153084668112,0.14242936451812857,0.14242936451965665,0.142429364521234,0.14242936451965665,0.14242936451812857,0.14242936451965665,0.14242936452282615,0.14242936452778707,0.14242936452282615,0.14242936451965665,0.142429364521234,0.14242936452778707,0.14242936454847357,0.14242936452778707,0.142429364521234,0.14242936451965665,0.14242936452282615,0.14242936452778707,0.14242936452282615,0.14242936451965665,0.14242936451812857,0.14242936451965665,0.142429364521234,0.14242936451965665,0.14242936451812857,0.1413096027889299,0.14130960279024662,0.14130960279152666,0.14130960279024662,0.1413096027889299,0.14130960279024662,0.141309602792796,0.14130960279645027,0.141309602792796,0.14130960279024662,0.14130960279152666,0.14130960279645027,0.14130960281020521,0.14130960279645027,0.14130960279152666,0.14130960279024662,0.141309602792796,0.14130960279645027,0.141309602792796,0.14130960279024662,0.1413096027889299,0.14130960279024662,0.14130960279152666,0.14130960279024662,0.1413096027889299,0.14021174683301907,0.14021174683424784,0.14021174683538096,0.14021174683424784,0.14021174683301907,0.14021174683424784,0.14021174683648344,0.14021174683952708,0.14021174683648344,0.14021174683424784,0.14021174683538096,0.14021174683952708,0.14021174685122065,0.14021174683952708,0.14021174683538096,0.14021174683424784,0.14021174683648344,0.14021174683952708,0.14021174683648344,0.14021174683424784,0.14021174683301907,0.14021174683424784,0.14021174683538096,0.14021174683424784,0.14021174683301907,0.13913530714885786,0.13913530715032577,0.13913530715158007,0.13913530715032577,0.13913530714885786,0.13913530715032577,0.13913530715278616,0.1391353071553847,0.13913530715278616,0.13913530715032577,0.13913530715158007,0.1391353071553847,0.13913530716070105,0.1391353071553847,0.13913530715158007,0.13913530715032577,0.13913530715278616,0.1391353071553847,0.13913530715278616,0.13913530715032577,0.13913530714885786,0.13913530715032577,0.13913530715158007,0.13913530715032577,0.13913530714885786,0.13807980365221784,0.13807980365464081,0.13807980365700023,0.13807980365464081,0.13807980365221784,0.13807980365464081,0.13807980365936479,0.1380798036656041,0.13807980365936479,0.13807980365464081,0.13807980365700023,0.1380798036656041,0.13807980368262782,0.1380798036656041,0.13807980365700023,0.13807980365464081,0.13807980365936479,0.1380798036656041,0.13807980365936479,0.13807980365464081,0.13807980365221784,0.13807980365464081,0.13807980365700023,0.13807980365464081,0.13807980365221784,0.1370447657362154,0.1370447657397987,0.1370447657440777,0.1370447657397987,0.1370447657362154,0.1370447657397987,0.13704476574849858,0.13704476576574431,0.13704476574849858,0.1370447657397987,0.1370447657440777,0.13704476576574431,0.13704476586073105,0.13704476576574431,0.1370447657440777,0.1370447657397987,0.13704476574849858,0.13704476576574431,0.13704476574849858,0.1370447657397987,0.1370447657362154,0.1370447657397987,0.1370447657440777,0.1370447657397987,0.13704476573621524,0.13602973230410242,0.1360297323065625,0.13602973230895568,0.1360297323065625,0.13602973230410242,0.1360297323065625,0.1360297323113497,0.1360297323177115,0.1360297323113497,0.1360297323065625,0.13602973230895568,0.1360297323177115,0.1360297323352904,0.1360297323177115,0.13602973230895568,0.1360297323065625,0.1360297323113497,0.1360297323177115,0.1360297323113497,0.1360297323065625,0.13602973230410242,0.1360297323065625,0.13602973230895568,0.1360297323065625,0.13602973230410242,0.13503425178007253,0.13503425178160466,0.1350342517828654,0.13503425178160466,0.13503425178007253,0.13503425178160466,0.13503425178405928,0.1350342517864841,0.13503425178405928,0.13503425178160466,0.1350342517828654,0.1350342517864841,0.13503425179087988,0.1350342517864841,0.1350342517828654,0.13503425178160466,0.13503425178405928,0.1350342517864841,0.13503425178405928,0.13503425178160466,0.13503425178007253,0.13503425178160466,0.1350342517828654,0.13503425178160466,0.13503425178007253
0.16533248790654712,0.16533248790654684,0.16533248790654684,0.16533248790654684,0.16533248790654712,0.16533248790654684,0.16533248790654662,0.16533248790654637,0.16533248790654662,0.16533248790654684,0.16533248790654684,0.16533248790654637,0.16533248790654637,0.16533248790654637,0.16533248790654684,0.16533248790654684,0.16533248790654662,0.16533248790654637,0.16533248790654662,0.16533248790654684,0.16533248790654712,0.16533248790654684,0.16533248790654684,0.16533248790654684,0.16533248790654712,0.16375749418533872,0.16375749418533828,0.16375749418533778,0.16375749418533828,0.16375749418533872,0.16375749418533828,0.16375749418533758,0.1637574941853371,0.16375749418533758,0.16375749418533803,0.16375749418533778,0.1637574941853371,0.16375749418533664,0.1637574941853371,0.16375749418533778,0.16375749418533828,0.16375749418533758,0.1637574941853371,0.16375749418533758,0.16375749418533828,0.16375749418533872,0.16375749418533803,0.16375749418533778,0.16375749418533828,0.16375749418533872,0.1622138843960724,0.1622138843960706,0.16221388439606946,0.1622138843960706,0.1622138843960724,0.1622138843960706,0.16221388439606854,0.1622138843960672,0.16221388439606854,0.1622138843960706,0.16221388439606946,0.1622138843960672,0.16221388439606585,0.1622138843960672,0.16221388439606946,0.1622138843960706,0.16221388439606854,0.1622138843960672,0.16221388439606854,0.1622138843960706,0.1622138843960724,0.1622138843960706,0.16221388439606946,0.1622138843960706,0.1622138843960724,0.16070106749579094,0.1607010674957854,0.1607010674957818,0.1607010674957854,0.16070106749579094,0.1607010674957854,0.16070106749577914,0.16070106749577515,0.16070106749577914,0.1607010674957854,0.1607010674957818,0.16070106749577515,0.1607010674957707,0.16070106749577515,0.1607010674957818,0.1607010674957854,0.16070106749577914,0.16070106749577515,0.16070106749577914,0.1607010674957854,0.16070106749579094,0.1607010674957854,0.1607010674957818,0.1607010674957854,0.16070106749579094,0.15921845185948047,0.1592184518594635,0.1592184518594526,0.1592184518594635,0.15921845185948047,0.1592184518594635,0.15921845185944414,0.15921845185943126,0.15921845185944414,0.1592184518594635,0.1592184518594526,0.15921845185943126,0.1592184518594169,0.15921845185943126,0.1592184518594526,0.1592184518594635,0.15921845185944414,0.15921845185943126,0.15921845185944414,0.1592184518594635,0.15921845185948047,0.1592184518594635,0.1592184518594526,0.1592184518594635,0.15921845185948047,0.15776544663193057,0.15776544663188127,0.15776544663184822,0.15776544663188127,0.15776544663193057,0.15776544663188127,0.15776544663182154,0.15776544663178013,0.15776544663182154,0.15776544663188127,0.15776544663184822,0.15776544663178013,0.15776544663173192,0.15776544663178013,0.15776544663184822,0.15776544663188127,0.15776544663182154,0.15776544663178013,0.15776544663182154,0.15776544663188127,0.15776544663193057,0.15776544663188127,0.15776544663184822,0.15776544663188127,0.15776544663193057,0.15634146294208817,0.15634146294194787,0.1563414629418502,0.15634146294194787,0.15634146294208817,0.15634146294194787,0.15634146294176676,0.1563414629416317,0.15634146294176676,0.15634146294194787,0.1563414629418502,0.1563414629416317,0.15634146294146023,0.1563414629416317,0.1563414629418502,0.15634146294194787,0.15634146294176676,0.1563414629416317,0.15634146294176676,0.15634146294194787,0.15634146294208817,0.15634146294194787,0.1563414629418502,0.15634146294194787,0.15634146294208817,0.15494591499019356,0.154945914989814,0.1549459149895304,0.154945914989814,0.15494591499019356,0.154945914989814,0.15494591498927504,0.15494591498882418,0.15494591498927504,0.154945914989814,0.1549459149895304,0.15494591498882418,0.15494591498816554,0.15494591498882418,0.1549459149895304,0.154945914989814,0.15494591498927504,0.15494591498882418,0.15494591498927504,0.154945914989814,0.15494591499019356,0.154945914989814,0.1549459149895304,0.154945914989814,0.15494591499019356,0.15357822101747517,0.153578221016524,0.1535782210157369,0.153578221016524,0.15357822101747517,0.153578221016524,0.15357822101499016,0.15357822101345972,0.15357822101499016,0.153578221016524,0.1535782210157369,0.15357822101345972,0.15357822101065377,0.15357822101345972,0.1535782210157369,0.153578221016524,0.15357822101499016,0.15357822101345972,0.15357822101499016,0.153578221016524,0.15357822101747517,0.153578221016524,0.1535782210157369,0.153578221016524,0.15357822101747517,0.15223780416763633,0.152237804165552,0.15223780416356195,0.152237804165552,0.15223780416763633,0.152237804165552,0.15223780416158075,0.15223780415647808,0.15223780416158075,0.152237804165552,0.15223780416356195,0.15223780415647808,0.1522378041429702,0.15223780415647808,0.15223780416356195,0.152237804165552,0.15223780416158075,0.15223780415647808,0.15223780416158075,0.152237804165552,0.15223780416763633,0.152237804165552,0.15223780416356195,0.152237804165552,0.15223780416763633,0.15092409324864695,0.15092409324510878,0.15092409324109549,0.15092409324510878,0.15092409324864695,0.15092409324510878,0.1509240932369699,0.15092409322220515,0.1509240932369699,0.15092409324510878,0.15092409324109549,0.15092409322220515,0.1509240931485915,0.15092409322220515,0.15092409324109549,0.15092409324510878,0.1509240932369699,0.15092409322220515,0.1509240932369699,0.15092409324510878,0.15092409324864695,0.15092409324510878,0.15092409324109549,0.15092409324510878,0.15092409324864695,0.14963652340185135,0.14963652339842706,0.14963652339468717,0.14963652339842706,0.14963652340185135,0.14963652339842706,0.14963652339085537,0.14963652337820435,0.14963652339085537,0.14963652339842706,0.14963652339468717,0.14963652337820435,0.14963652332300756,0.14963652337820435,0.14963652339468717,0.14963652339842706,0.14963652339085537,0.14963652337820435,0.14963652339085537,0.14963652339842706,0.14963652340185135,0.14963652339842706,0.14963652339468717,0.14963652339842706,0.14963652340185135,0.14837453668349737,0.1483745366812606,0.14837453667895048,0.1483745366812606,0.14837453668349737,0.1483745366812606,0.1483745366766107,0.14837453666944603,0.1483745366766107,0.1483745366812606,0.14837453667895048,0.14837453666944603,0.14837453664062575,0.14837453666944603,0.14837453667895048,0.1483745366812606,0.1483745366766107,0.14837453666944603,0.1483745366766107,0.1483745366812606,0.14837453668349737,0.1483745366812606,0.14837453667895048,0.1483745366812606,0.14837453668349737,0.14713758257404858,0.1471375825732736,0.1471375825725777,0.1471375825732736,0.14713758257404858,0.1471375825732736,0.1471375825718994,0.14713758257024084,0.1471375825718994,0.1471375825732736,0.1471375825725777,0.14713758257024084,0.14713758256552667,0.14713758257024084,0.1471375825725777,0.1471375825732736,0.1471375825718994,0.14713758257024084,0.1471375825718994,0.1471375825732736,0.14713758257404858,0.1471375825732736,0.1471375825725777,0.1471375825732736,0.14713758257404858,0.14592511841763545,0.14592511841807904,0.14592511841865682,0.14592511841807904,0.14592511841763545,0.14592511841807904,0.1459251184192731,0.14592511842164207,0.1459251184192731,0.14592511841807904,0.14592511841865682,0.14592511842164207,0.14592511843345451,0.14592511842164207,0.14592511841865682,0.14592511841807904,0.1459251184192731,0.14592511842164207,0.1459251184192731,0.14592511841807904,0.14592511841763545,0.14592511841807904,0.14592511841865682,0.14592511841807904,0.14592511841763545,0.14473660979656852,0.14473660979779035,0.14473660979914174,0.14473660979779035,0.14473660979656852,0.14473660979779035,0.1447366098005336,0.14473660980515324,0.1447366098005336,0.14473660979779035,0.14473660979914174,0.14473660980515324,0.14473660982540854,0.14473660980515324,0.14473660979914174,0.14473660979779035,0.1447366098005336,0.14473660980515324,0.1447366098005336,0.14473660979779035,0.14473660979656852,0.14473660979779035,0.14473660979914174,0.14473660979779035,0.14473660979656852,0.14357153084651908,0.14357153084808733,0.14357153084977262,0.14357153084808733,0.14357153084651908,0.14357153084808733,0.1435715308514925,0.14357153085710633,0.1435715308514925,0.14357153084808733,0.14357153084977262,0.14357153085710633,0.1435715308817329,0.14357153085710633,0.14357153084977262,0.14357153084808733,0.1435715308514925,0.14357153085710633,0.1435715308514925,0.14357153084808733,0.14357153084651908,0.14357153084808733,0.14357153084977262,0.14357153084808733,0.14357153084651908,0.14242936451789123,0.1424293645194122,0.1424293645209817,0.1424293645194122,0.14242936451789123,0.1424293645194122,0.14242936452256577,0.14242936452749871,0.14242936452256577,0.1424293645194122,0.1424293645209817,0.14242936452749871,0.14242936454805286,0.14242936452749871,0.1424293645209817,0.1424293645194122,0.14242936452256577,0.14242936452749871,0.14242936452256577,0.1424293645194122,0.14242936451789123,0.1424293645194122,0.1424293645209817,0.1424293645194122,0.14242936451789123,0.14130960278863042,0.14130960278993973,0.14130960279121121,0.14130960278993973,0.14130960278863042,0.14130960278993973,0.141309602792472,0.14130960279609667,0.141309602792472,0.14130960278993973,0.14130960279121121,0.14130960279609667,0.14130960280969487,0.14130960279609667,0.14130960279121121,0.14130960278993973,0.141309602792472,0.14130960279609667,0.141309602792472,0.14130960278993973,0.14130960278863042,0.14130960278993973,0.14130960279121121,0.14130960278993973,0.14130960278863042,0.1402117468326722,0.14021174683389548,0.14021174683502358,0.14021174683389548,0.1402117468326722,0.14021174683389548,0.14021174683612092,0.14021174683915136,0.14021174683612092,0.14021174683389548,0.14021174683502358,0.14021174683915136,0.1402117468508004,0.14021174683915136,0.14021174683502358,0.14021174683389548,0.14021174683612092,0.14021174683915136,0.14021174683612092,0.14021174683389548,0.1402117468326722,0.14021174683389548,0.14021174683502358,0.14021174683389548,0.1402117468326722,0.13913530714847364,0.1391353071499376,0.1391353071511884,0.1391353071499376,0.13913530714847364,0.1391353071499376,0.13913530715239103,0.13913530715498248,0.13913530715239103,0.1391353071499376,0.1391353071511884,0.13913530715498248,0.13913530716028508,0.13913530715498248,0.1391353071511884,0.1391353071499376,0.13913530715239103,0.13913530715498248,0.13913530715239103,0.1391353071499376,0.13913530714847364,0.1391353071499376,0.1391353071511884,0.1391353071499376,0.13913530714847364,0.13807980365180433,0.13807980365422237,0.13807980365657696,0.13807980365422237,0.13807980365180433,0.13807980365422237,0.13807980365893688,0.1380798036651641,0.13807980365893688,0.13807980365422237,0.13807980365657696,0.1380798036651641,0.13807980368215583,0.1380798036651641,0.13807980365657696,0.13807980365422237,0.13807980365893688,0.1380798036651641,0.13807980365893688,0.13807980365422237,0.13807980365180433,0.13807980365422237,0.13807980365657696,0.13807980365422237,0.13807980365180433,0.13704476573578211,0.13704476573935884,0.13704476574362998,0.13704476573935884,0.13704476573578211,0.13704476573935884,0.13704476574804245,0.13704476576525673,0.13704476574804245,0.13704476573935884,0.13704476574362998,0.13704476576525673,0.13704476586005962,0.13704476576525673,0.13704476574362998,0.13704476573935884,0.13704476574804245,0.13704476576525673,0.13704476574804245,0.13704476573935884,0.13704476573578211,0.13704476573935884,0.13704476574362998,0.13704476573935884,0.13704476573578211,0.136029732303663,0.1360297323061185,0.13602973230850718,0.1360297323061185,0.13602973230366286,0.1360297323061185,0.13602973231089688,0.13602973231724705,0.13602973231089688,0.1360297323061185,0.13602973230850718,0.13602973231724705,0.13602973233479385,0.13602973231724705,0.13602973230850718,0.1360297323061185,0.13602973231089688,0.13602973231724705,0.13602973231089688,0.1360297323061185,0.13602973230366286,0.1360297323061185,0.13602973230850718,0.1360297323061185,0.13602973230366286,0.13503425177963585,0.13503425178116507,0.13503425178242356,0.13503425178116507,0.13503425177963585,0.13503425178116507,0.13503425178361528,0.13503425178603556,0.13503425178361528,0.13503425178116507,0.13503425178242356,0.13503425178603556,0.13503425179042344,0.13503425178603556,0.13503425178242356,0.13503425178116507,0.13503425178361528,0.13503425178603556,0.13503425178361528,0.13503425178116507,0.13503425177963585,0.13503425178116507,0.13503425178242356,0.13503425178116507,0.13503425177963585
0.16533248790683783,0.16533248790683758,0.16533248790683738,0.16533248790683758,0.16533248790683783,0.16533248790683758,0.16533248790683738,0.1653324879068371,0.16533248790683738,0.16533248790683758,0.16533248790683738,0.1653324879068371,0.16533248790683686,0.1653324879068371,0.16533248790683738,0.16533248790683758,0.16533248790683738,0.1653324879068371,0.16533248790683738,0.16533248790683758,0.16533248790683783,0.16533248790683758,0.16533248790683738,0.16533248790683758,0.16533248790683783,0.16375749418562366,0.16375749418562296,0.16375749418562252,0.16375749418562296,0.16375749418562366,0.16375749418562296,0.1637574941856223,0.16375749418562183,0.1637574941856223,0.16375749418562296,0.16375749418562252,0.16375749418562183,0.16375749418562138,0.16375749418562183,0.16375749418562252,0.16375749418562296,0.1637574941856223,0.16375749418562183,0.1637574941856223,0.16375749418562296,0.16375749418562366,0.16375749418562296,0.16375749418562252,0.16375749418562296,0.16375749418562366,0.16221388439635145,0.16221388439634965,0.1622138843963485,0.16221388439634965,0.16221388439635145,0.16221388439634965,0.1622138843963476,0.16221388439634646,0.1622138843963476,0.16221388439634965,0.1622138843963485,0.16221388439634646,0.1622138843963451,0.16221388439634646,0.1622138843963485,0.16221388439634965,0.1622138843963476,0.16221388439634646,0.1622138843963476,0.16221388439634965,0.16221388439635145,0.16221388439634965,0.1622138843963485,0.16221388439634965,0.16221388439635145,0.1607010674960644,0.1607010674960588,0.16070106749605526,0.1607010674960588,0.1607010674960644,0.1607010674960588,0.1607010674960526,0.16070106749604862,0.1607010674960526,0.1607010674960588,0.16070106749605526,0.16070106749604862,0.16070106749604415,0.16070106749604862,0.16070106749605526,0.1607010674960588,0.1607010674960526,0.16070106749604862,0.1607010674960526,0.1607010674960588,0.1607010674960644,0.1607010674960588,0.16070106749605526,0.1607010674960588,0.1607010674960644,0.15921845185974828,0.1592184518597315,0.15921845185972042,0.1592184518597315,0.15921845185974828,0.1592184518597315,0.15921845185971215,0.1592184518596993,0.15921845185971215,0.1592184518597315,0.15921845185972042,0.1592184518596993,0.15921845185968492,0.1592184518596993,0.15921845185972042,0.1592184518597315,0.15921845185971215,0.1592184518596993,0.15921845185971215,0.1592184518597315,0.15921845185974828,0.1592184518597315,0.15921845185972042,0.1592184518597315,0.15921845185974828,0.15776544663219302,0.15776544663214373,0.15776544663211087,0.15776544663214373,0.15776544663219302,0.15776544663214373,0.15776544663208422,0.15776544663204278,0.15776544663208422,0.15776544663214373,0.15776544663211087,0.15776544663204278,0.1577654466319948,0.15776544663204278,0.15776544663211087,0.15776544663214373,0.15776544663208422,0.15776544663204278,0.15776544663208422,0.15776544663214373,0.15776544663219302,0.15776544663214373,0.15776544663211087,0.15776544663214373,0.15776544663219302,0.15634146294234497,0.15634146294220508,0.1563414629421074,0.15634146294220508,0.15634146294234497,0.15634146294220508,0.1563414629420242,0.1563414629418893,0.1563414629420242,0.15634146294220508,0.1563414629421074,0.1563414629418893,0.15634146294171805,0.1563414629418893,0.1563414629421074,0.15634146294220508,0.1563414629420242,0.1563414629418893,0.1563414629420242,0.15634146294220508,0.15634146294234497,0.15634146294220508,0.1563414629421074,0.15634146294220508,0.15634146294234497,0.15494591499044438,0.15494591499006546,0.15494591498978225,0.15494591499006546,0.15494591499044438,0.15494591499006546,0.15494591498952753,0.1549459149890773,0.15494591498952753,0.15494591499006546,0.15494591498978225,0.1549459149890773,0.15494591498841964,0.1549459149890773,0.15494591498978225,0.15494591499006546,0.15494591498952753,0.1549459149890773,0.15494591498952753,0.15494591499006546,0.15494591499044438,0.15494591499006546,0.15494591498978225,0.15494591499006546,0.15494591499044438,0.15357822101771862,0.15357822101676902,0.15357822101598334,0.15357822101676902,0.15357822101771862,0.15357822101676902,0.153578221015238,0.1535782210137102,0.153578221015238,0.15357822101676902,0.15357822101598334,0.1535782210137102,0.153578221010909,0.1535782210137102,0.15357822101598334,0.15357822101676902,0.153578221015238,0.1535782210137102,0.153578221015238,0.15357822101676902,0.15357822101771862,0.15357822101676902,0.15357822101598334,0.15357822101676902,0.15357822101771862,0.15223780416786897,0.1522378041657884,0.1522378041638019,0.1522378041657884,0.15223780416786897,0.1522378041657884,0.15223780416182425,0.15223780415673044,0.15223780416182425,0.1522378041657884,0.1522378041638019,0.15223780415673044,0.15223780414324517,0.15223780415673044,0.1522378041638019,0.1522378041657884,0.15223780416182425,0.15223780415673044,0.15223780416182425,0.1522378041657884,0.15223780416786897,0.1522378041657884,0.1522378041638019,0.1522378041657884,0.15223780416786897,0.15092409324886127,0.1509240932453295,0.1509240932413235,0.1509240932453295,0.15092409324886127,0.1509240932453295,0.15092409323720543,0.15092409322246617,0.15092409323720543,0.1509240932453295,0.1509240932413235,0.15092409322246617,0.15092409314895555,0.15092409322246617,0.1509240932413235,0.1509240932453295,0.15092409323720543,0.15092409322246617,0.15092409323720543,0.1509240932453295,0.15092409324886127,0.1509240932453295,0.1509240932413235,0.1509240932453295,0.15092409324886127,0.14963652340203343,0.1496365233986163,0.14963652339488417,0.1496365233986163,0.14963652340203343,0.1496365233986163,0.14963652339106015,0.1496365233784339,0.14963652339106015,0.1496365233986163,0.14963652339488417,0.1496365233784339,0.14963652332332616,0.1496365233784339,0.14963652339488417,0.1496365233986163,0.14963652339106015,0.1496365233784339,0.14963652339106015,0.1496365233986163,0.14963652340203343,0.1496365233986163,0.14963652339488417,0.1496365233986163,0.14963652340203343,0.1483745366836319,0.14837453668140166,0.1483745366790982,0.14837453668140166,0.1483745366836319,0.14837453668140166,0.14837453667676526,0.14837453666962153,0.14837453667676526,0.14837453668140166,0.1483745366790982,0.14837453666962153,0.14837453664090114,0.14837453666962153,0.1483745366790982,0.14837453668140166,0.14837453667676526,0.14837453666962153,0.14837453667676526,0.14837453668140166,0.1483745366836319,0.14837453668140166,0.1483745366790982,0.14837453668140166,0.1483745366836319,0.1471375825741214,0.14713758257335155,0.14713758257266107,0.14713758257335155,0.1471375825741214,0.14713758257335155,0.14713758257198803,0.14713758257034676,0.14713758257198803,0.14713758257335155,0.14713758257266107,0.14713758257034676,0.14713758256570034,0.14713758257034676,0.14713758257266107,0.14713758257335155,0.14713758257198803,0.14713758257034676,0.14713758257198803,0.14713758257335155,0.1471375825741214,0.14713758257335155,0.14713758257266107,0.14713758257335155,0.1471375825741214,0.14592511841763545,0.14592511841808167,0.14592511841866254,0.14592511841808167,0.14592511841763545,0.14592511841808167,0.14592511841928218,0.14592511842166114,0.14592511841928218,0.14592511841808167,0.14592511841866254,0.14592511842166114,0.14592511843356187,0.14592511842166114,0.14592511841866254,0.14592511841808167,0.14592511841928218,0.14592511842166114,0.14592511841928218,0.14592511841808167,0.14592511841763545,0.14592511841808167,0.14592511841866254,0.14592511841808167,0.14592511841763545,0.14473660979648842,0.14473660979771025,0.14473660979906164,0.14473660979771025,0.14473660979648842,0.14473660979771025,0.14473660980045347,0.1447366098050738,0.14473660980045347,0.14473660979771025,0.14473660979906164,0.1447366098050738,0.14473660982531408,0.1447366098050738,0.14473660979906164,0.14473660979771025,0.14473660980045347,0.1447366098050738,0.14473660980045347,0.14473660979771025,0.14473660979648842,0.14473660979771025,0.14473660979906164,0.14473660979771025,0.14473660979648842,0.14357153084635804,0.1435715308479227,0.14357153084960458,0.1435715308479227,0.14357153084635804,0.1435715308479227,0.14357153085132085,0.14357153085692498,0.14357153085132085,0.1435715308479227,0.14357153084960458,0.14357153085692498,0.1435715308815014,0.14357153085692498,0.14357153084960458,0.1435715308479227,0.14357153085132085,0.14357153085692498,0.14357153085132085,0.1435715308479227,0.14357153084635804,0.1435715308479227,0.14357153084960458,0.1435715308479227,0.14357153084635804,0.14242936451765537,0.1424293645191695,0.1424293645207311,0.1424293645191695,0.14242936451765537,0.1424293645191695,0.14242936452230712,0.14242936452721203,0.14242936452230712,0.1424293645191695,0.1424293645207311,0.14242936452721203,0.14242936454764055,0.14242936452721203,0.1424293645207311,0.1424293645191695,0.14242936452230712,0.14242936452721203,0.14242936452230712,0.1424293645191695,0.14242936451765537,0.1424293645191695,0.1424293645207311,0.1424293645191695,0.14242936451765537,0.1413096027883329,0.14130960278963448,0.14130960279089774,0.14130960278963448,0.1413096027883329,0.14130960278963448,0.14130960279214996,0.1413096027957452,0.14130960279214996,0.14130960278963448,0.14130960279089774,0.1413096027957452,0.14130960280921329,0.1413096027957452,0.14130960279089774,0.14130960278963448,0.14130960279214996,0.1413096027957452,0.14130960279214996,0.14130960278963448,0.1413096027883329,0.14130960278963448,0.14130960279089774,0.14130960278963448,0.1413096027883329,0.1402117468323273,0.14021174683354526,0.14021174683466836,0.14021174683354526,0.1402117468323273,0.14021174683354526,0.14021174683576068,0.1402117468387777,0.14021174683576068,0.14021174683354526,0.14021174683466836,0.1402117468387777,0.14021174685038004,0.1402117468387777,0.14021174683466836,0.14021174683354526,0.14021174683576068,0.1402117468387777,0.14021174683576068,0.14021174683354526,0.1402117468323273,0.14021174683354526,0.14021174683466836,0.14021174683354526,0.1402117468323273,0.13913530714809197,0.13913530714955166,0.13913530715079897,0.13913530714955166,0.13913530714809197,0.13913530714955166,0.13913530715199843,0.13913530715458292,0.13913530715199843,0.13913530714955166,0.13913530715079897,0.13913530715458292,0.13913530715987163,0.13913530715458292,0.13913530715079897,0.13913530714955166,0.13913530715199843,0.13913530715458292,0.13913530715199843,0.13913530714955166,0.13913530714809197,0.13913530714955166,0.13913530715079897,0.13913530714955166,0.13913530714809197,0.1380798036513933,0.13807980365380637,0.13807980365615635,0.13807980365380637,0.1380798036513933,0.13807980365380637,0.13807980365851158,0.13807980366472689,0.13807980365851158,0.13807980365380637,0.13807980365615635,0.13807980366472689,0.138079803681687,0.13807980366472689,0.13807980365615635,0.13807980365380637,0.13807980365851158,0.13807980366472689,0.13807980365851158,0.13807980365380637,0.1380798036513933,0.13807980365380637,0.13807980365615635,0.13807980365380637,0.1380798036513933,0.13704476573535168,0.13704476573892158,0.13704476574318478,0.13704476573892158,0.13704476573535168,0.13704476573892158,0.13704476574758936,0.13704476576477234,0.13704476574758936,0.13704476573892158,0.13704476574318478,0.13704476576477234,0.13704476585941908,0.13704476576477218,0.13704476574318478,0.13704476573892158,0.13704476574758936,0.13704476576477218,0.13704476574758936,0.13704476573892158,0.13704476573535168,0.13704476573892158,0.13704476574318478,0.13704476573892158,0.13704476573535168,0.13602973230322626,0.13602973230567728,0.13602973230806165,0.13602973230567728,0.13602973230322626,0.13602973230567728,0.13602973231044688,0.13602973231678556,0.13602973231044688,0.13602973230567728,0.13602973230806165,0.13602973231678556,0.13602973233430046,0.13602973231678556,0.13602973230806165,0.13602973230567728,0.13602973231044688,0.13602973231678556,0.13602973231044688,0.13602973230567728,0.13602973230322626,0.13602973230567728,0.13602973230806165,0.13602973230567728,0.13602973230322613,0.13503425177920184,0.1350342517807284,0.13503425178198444,0.1350342517807284,0.13503425177920184,0.1350342517807284,0.1350342517831741,0.13503425178558998,0.1350342517831741,0.1350342517807284,0.13503425178198444,0.13503425178558998,0.1350342517899698,0.13503425178558998,0.13503425178198444,0.1350342517807284,0.1350342517831741,0.13503425178558998,0.1350342517831741,0.1350342517807284,0.13503425177920184,0.1350342517807284,0.13503425178198444,0.1350342517807284,0.13503425177920197
0.16533248790712643,0.1653324879071262,0.16533248790712596,0.1653324879071262,0.16533248790712643,0.1653324879071262,0.16533248790712596,0.16533248790712574,0.16533248790712596,0.1653324879071262,0.16533248790712596,0.16533248790712574,0.16533248790712574,0.16533248790712574,0.16533248790712596,0.1653324879071262,0.16533248790712596,0.16533248790712574,0.16533248790712596,0.1653324879071262,0.16533248790712643,0.1653324879071262,0.16533248790712596,0.1653324879071262,0.16533248790712643,0.16375749418590654,0.16375749418590585,0.1637574941859056,0.16375749418590585,0.16375749418590654,0.16375749418590585,0.16375749418590513,0.1637574941859049,0.16375749418590513,0.16375749418590585,0.1637574941859056,0.1637574941859049,0.16375749418590446,0.1637574941859049,0.1637574941859056,0.16375749418590585,0.16375749418590513,0.1637574941859049,0.16375749418590513,0.16375749418590585,0.16375749418590654,0.16375749418590585,0.1637574941859056,0.16375749418590585,0.16375749418590654,0.1622138843966289,0.16221388439662685,0.16221388439662573,0.16221388439662685,0.1622138843966289,0.16221388439662685,0.16221388439662507,0.16221388439662368,0.16221388439662507,0.16221388439662685,0.16221388439662573,0.16221388439662368,0.16221388439662232,0.16221388439662368,0.16221388439662573,0.16221388439662685,0.16221388439662507,0.16221388439662368,0.16221388439662507,0.16221388439662685,0.1622138843966289,0.16221388439662685,0.16221388439662573,0.16221388439662685,0.1622138843966289,0.1607010674963363,0.16070106749633054,0.16070106749632698,0.16070106749633054,0.1607010674963363,0.16070106749633054,0.1607010674963243,0.1607010674963203,0.1607010674963243,0.16070106749633054,0.16070106749632698,0.1607010674963203,0.16070106749631585,0.1607010674963203,0.16070106749632698,0.16070106749633054,0.1607010674963243,0.1607010674963203,0.1607010674963243,0.16070106749633054,0.1607010674963363,0.16070106749633054,0.16070106749632698,0.16070106749633054,0.1607010674963363,0.15921845186001454,0.15921845185999778,0.15921845185998668,0.15921845185999778,0.15921845186001454,0.15921845185999778,0.1592184518599784,0.15921845185996558,0.1592184518599784,0.15921845185999778,0.15921845185998668,0.15921845185996558,0.15921845185995118,0.15921845185996558,0.15921845185998668,0.15921845185999778,0.1592184518599784,0.15921845185996558,0.1592184518599784,0.15921845185999778,0.15921845186001454,0.15921845185999778,0.15921845185998668,0.15921845185999778,0.15921845186001454,0.15776544663245376,0.15776544663240447,0.15776544663237183,0.15776544663240447,0.15776544663245376,0.15776544663240447,0.15776544663234515,0.15776544663230396,0.15776544663234515,0.15776544663240447,0.15776544663237183,0.15776544663230396,0.15776544663225575,0.15776544663230396,0.15776544663237183,0.15776544663240447,0.15776544663234515,0.15776544663230396,0.15776544663234515,0.15776544663240447,0.15776544663245376,0.15776544663240447,0.15776544663237183,0.15776544663240447,0.15776544663245376,0.1563414629426003,0.15634146294246037,0.15634146294236317,0.15634146294246037,0.1563414629426003,0.15634146294246037,0.15634146294227994,0.15634146294214527,0.15634146294227994,0.15634146294246037,0.15634146294236317,0.15634146294214527,0.15634146294197446,0.15634146294214527,0.15634146294236317,0.15634146294246037,0.15634146294227994,0.15634146294214527,0.15634146294227994,0.15634146294246037,0.1563414629426003,0.15634146294246037,0.15634146294236317,0.15634146294246037,0.1563414629426003,0.1549459149906936,0.1549459149903153,0.15494591499003268,0.1549459149903153,0.1549459149906936,0.1549459149903153,0.15494591498977836,0.15494591498932894,0.15494591498977836,0.1549459149903153,0.15494591499003268,0.15494591498932894,0.15494591498867255,0.15494591498932894,0.15494591499003268,0.1549459149903153,0.15494591498977836,0.15494591498932894,0.15494591498977836,0.1549459149903153,0.1549459149906936,0.1549459149903153,0.15494591499003268,0.1549459149903153,0.1549459149906936,0.15357822101796062,0.15357822101701285,0.15357822101622837,0.15357822101701285,0.15357822101796062,0.15357822101701285,0.15357822101548424,0.15357822101395924,0.15357822101548443,0.15357822101701285,0.15357822101622837,0.15357822101395924,0.1535782210111627,0.15357822101395924,0.15357822101622837,0.15357822101701285,0.15357822101548443,0.15357822101395924,0.15357822101548443,0.15357822101701285,0.15357822101796062,0.15357822101701285,0.15357822101622837,0.15357822101701285,0.15357822101796062,0.1522378041681003,0.15223780416602342,0.15223780416404048,0.15223780416602342,0.1522378041681003,0.15223780416602342,0.15223780416206617,0.15223780415698104,0.15223780416206617,0.15223780416602342,0.15223780416404048,0.15223780415698104,0.15223780414351878,0.15223780415698104,0.15223780416404048,0.15223780416602342,0.15223780416206617,0.15223780415698104,0.15223780416206617,0.15223780416602342,0.1522378041681003,0.15223780416602342,0.15223780416404048,0.15223780416602342,0.1522378041681003,0.15092409324907427,0.15092409324554903,0.1509240932415502,0.15092409324554903,0.15092409324907427,0.15092409324554903,0.15092409323743947,0.15092409322272565,0.15092409323743947,0.15092409324554903,0.1509240932415502,0.15092409322272565,0.15092409314933794,0.15092409322272565,0.1509240932415502,0.15092409324554903,0.15092409323743947,0.15092409322272565,0.15092409323743947,0.15092409324554903,0.15092409324907427,0.15092409324554903,0.1509240932415502,0.15092409324554903,0.15092409324907427,0.1496365234022144,0.14963652339880443,0.14963652339507988,0.14963652339880443,0.1496365234022144,0.14963652339880443,0.1496365233912638,0.14963652337866193,0.1496365233912636,0.14963652339880443,0.14963652339507988,0.14963652337866193,0.14963652332365934,0.14963652337866193,0.14963652339507988,0.14963652339880443,0.1496365233912636,0.14963652337866193,0.1496365233912636,0.14963652339880443,0.1496365234022144,0.14963652339880443,0.14963652339507988,0.14963652339880443,0.1496365234022144,0.14837453668376555,0.14837453668154196,0.14837453667924516,0.14837453668154196,0.14837453668376555,0.14837453668154196,0.1483745366769189,0.14837453666979575,0.1483745366769189,0.14837453668154196,0.14837453667924516,0.14837453666979575,0.1483745366411432,0.14837453666979575,0.14837453667924516,0.14837453668154196,0.1483745366769189,0.14837453666979575,0.1483745366769189,0.14837453668154196,0.14837453668376555,0.14837453668154196,0.14837453667924516,0.14837453668154196,0.14837453668376555,0.14713758257419388,0.1471375825734291,0.14713758257274373,0.1471375825734291,0.14713758257419388,0.1471375825734291,0.14713758257207632,0.14713758257045195,0.14713758257207632,0.1471375825734291,0.14713758257274373,0.14713758257045195,0.14713758256589707,0.14713758257045195,0.14713758257274373,0.1471375825734291,0.14713758257207632,0.14713758257045195,0.14713758257207632,0.1471375825734291,0.14713758257419388,0.1471375825734291,0.14713758257274373,0.1471375825734291,0.14713758257419388,0.14592511841763528,0.14592511841808437,0.14592511841866843,0.14592511841808437,0.14592511841763528,0.14592511841808437,0.14592511841929093,0.14592511842168018,0.14592511841929093,0.14592511841808437,0.14592511841866843,0.14592511842168018,0.14592511843359945,0.14592511842168018,0.14592511841866843,0.14592511841808437,0.14592511841929093,0.14592511842168018,0.14592511841929093,0.14592511841808437,0.14592511841763528,0.14592511841808437,0.14592511841866843,0.14592511841808437,0.14592511841763528,0.14473660979640882,0.14473660979763048,0.14473660979898184,0.14473660979763048,0.14473660979640882,0.14473660979763048,0.14473660980037406,0.1447366098049949,0.14473660980037406,0.14473660979763048,0.14473660979898184,0.1447366098049949,0.14473660982524392,0.1447366098049949,0.14473660979898184,0.14473660979763048,0.14473660980037406,0.1447366098049949,0.14473660980037406,0.14473660979763048,0.14473660979640882,0.14473660979763048,0.14473660979898184,0.14473660979763048,0.14473660979640882,0.1435715308461979,0.14357153084775914,0.14357153084943758,0.14357153084775914,0.1435715308461979,0.14357153084775914,0.14357153085115043,0.14357153085674476,0.14357153085115043,0.14357153084775914,0.14357153084943758,0.14357153085674476,0.14357153088128494,0.14357153085674476,0.14357153084943758,0.14357153084775914,0.14357153085115043,0.14357153085674476,0.14357153085115043,0.14357153084775914,0.1435715308461979,0.14357153084775914,0.14357153084943758,0.14357153084775914,0.1435715308461979,0.14242936451742086,0.14242936451892793,0.14242936452048197,0.14242936451892793,0.14242936451742086,0.14242936451892793,0.14242936452204996,0.142429364526927,0.14242936452204996,0.14242936451892793,0.14242936452048197,0.142429364526927,0.1424293645472292,0.142429364526927,0.14242936452048197,0.14242936451892793,0.14242936452204996,0.142429364526927,0.14242936452204996,0.14242936451892793,0.14242936451742086,0.14242936451892793,0.14242936452048197,0.14242936451892793,0.14242936451742086,0.14130960278803703,0.1413096027893312,0.14130960279058624,0.1413096027893312,0.14130960278803703,0.1413096027893312,0.14130960279182994,0.1413096027953959,0.14130960279182994,0.1413096027893312,0.14130960279058624,0.1413096027953959,0.14130960280873586,0.1413096027953959,0.14130960279058624,0.1413096027893312,0.14130960279182994,0.1413096027953959,0.14130960279182994,0.1413096027893312,0.14130960278803703,0.1413096027893312,0.14130960279058624,0.1413096027893312,0.14130960278803703,0.14021174683198465,0.14021174683319726,0.14021174683431523,0.14021174683319726,0.14021174683198465,0.14021174683319726,0.14021174683540255,0.14021174683840654,0.14021174683540255,0.14021174683319726,0.14021174683431523,0.14021174683840654,0.1402117468499653,0.14021174683840654,0.14021174683431523,0.14021174683319726,0.14021174683540255,0.14021174683840654,0.14021174683540255,0.14021174683319726,0.14021174683198465,0.14021174683319726,0.14021174683431523,0.14021174683319726,0.14021174683198465,0.1391353071477125,0.13913530714916822,0.13913530715041209,0.13913530714916822,0.1391353071477125,0.13913530714916822,0.1391353071516082,0.13913530715418576,0.1391353071516082,0.13913530714916822,0.13913530715041209,0.13913530715418576,0.13913530715946085,0.13913530715418576,0.13913530715041209,0.13913530714916822,0.1391353071516082,0.13913530715418576,0.1391353071516082,0.13913530714916822,0.1391353071477125,0.13913530714916822,0.13913530715041209,0.13913530714916822,0.1391353071477125,0.13807980365098496,0.1380798036533932,0.13807980365573835,0.1380798036533932,0.13807980365098496,0.1380798036533932,0.1380798036580891,0.13807980366429248,0.1380798036580891,0.1380798036533932,0.13807980365573835,0.13807980366429248,0.1380798036812211,0.13807980366429248,0.13807980365573835,0.1380798036533932,0.1380798036580891,0.13807980366429248,0.1380798036580891,0.1380798036533932,0.13807980365098496,0.1380798036533932,0.13807980365573835,0.1380798036533932,0.13807980365098496,0.13704476573492383,0.1370447657384872,0.13704476574274263,0.1370447657384872,0.13704476573492383,0.1370447657384872,0.13704476574713903,0.1370447657642908,0.13704476574713903,0.1370447657384872,0.13704476574274263,0.1370447657642908,0.13704476585876896,0.1370447657642908,0.13704476574274263,0.1370447657384872,0.13704476574713903,0.1370447657642908,0.13704476574713903,0.1370447657384872,0.13704476573492383,0.1370447657384872,0.13704476574274263,0.1370447657384872,0.13704476573492383,0.13602973230279222,0.1360297323052389,0.13602973230761878,0.1360297323052389,0.13602973230279222,0.1360297323052389,0.1360297323099997,0.13602973231632692,0.1360297323099997,0.1360297323052389,0.13602973230761878,0.13602973231632692,0.13602973233381035,0.13602973231632692,0.13602973230761878,0.1360297323052389,0.1360297323099997,0.13602973231632692,0.1360297323099997,0.1360297323052389,0.13602973230279222,0.1360297323052389,0.13602973230761878,0.1360297323052389,0.13602973230279222,0.1350342517787707,0.13503425178029435,0.1350342517815482,0.13503425178029435,0.1350342517787707,0.13503425178029435,0.13503425178273568,0.13503425178514716,0.13503425178273568,0.13503425178029435,0.1350342517815482,0.13503425178514716,0.1350342517895191,0.13503425178514716,0.1350342517815482,0.13503425178029435,0.13503425178273568,0.13503425178514716,0.13503425178273568,0.13503425178029435,0.1350342517787707,0.13503425178029435,0.1350342517815482,0.13503425178029435,0.1350342517787707
0.16533248790767202,0.1653324879076718,0.16533248790767158,0.1653324879076718,0.16533248790767202,0.1653324879076718,0.16533248790767158,0.16533248790767133,0.16533248790767158,0.1653324879076718,0.16533248790767158,0.16533248790767133,0.1653324879076711,0.16533248790767133,0.16533248790767158,0.1653324879076718,0.16533248790767158,0.16533248790767133,0.16533248790767158,0.1653324879076718,0.16533248790767202,0.1653324879076718,0.16533248790767158,0.1653324879076718,0.16533248790767202,0.1637574941864436,0.1637574941864429,0.16375749418644242,0.1637574941864429,0.1637574941864436,0.1637574941864429,0.1637574941864422,0.16375749418644173,0.1637574941864422,0.1637574941864429,0.16375749418644242,0.16375749418644173,0.16375749418644128,0.16375749418644173,0.16375749418644242,0.1637574941864429,0.1637574941864422,0.16375749418644173,0.1637574941864422,0.1637574941864429,0.1637574941864436,0.1637574941864429,0.16375749418644242,0.1637574941864429,0.1637574941864436,0.16221388439715909,0.1622138843971573,0.16221388439715614,0.1622138843971573,0.16221388439715909,0.1622138843971573,0.16221388439715545,0.1622138843971541,0.16221388439715545,0.1622138843971573,0.16221388439715614,0.1622138843971541,0.16221388439715276,0.1622138843971541,0.16221388439715614,0.1622138843971573,0.16221388439715545,0.1622138843971541,0.16221388439715545,0.1622138843971573,0.16221388439715909,0.1622138843971573,0.16221388439715614,0.1622138843971573,0.16221388439715909,0.16070106749686214,0.16070106749685656,0.16070106749685303,0.16070106749685656,0.16070106749686214,0.16070106749685656,0.16070106749685037,0.16070106749684634,0.16070106749685037,0.16070106749685656,0.16070106749685303,0.16070106749684634,0.16070106749684215,0.16070106749684634,0.16070106749685303,0.16070106749685656,0.16070106749685037,0.16070106749684634,0.16070106749685037,0.16070106749685656,0.16070106749686214,0.16070106749685656,0.16070106749685303,0.16070106749685656,0.16070106749686214,0.15921845186053815,0.1592184518605214,0.1592184518605105,0.1592184518605214,0.15921845186053815,0.1592184518605214,0.15921845186050224,0.1592184518604896,0.15921845186050224,0.1592184518605214,0.1592184518605105,0.1592184518604896,0.15921845186047545,0.1592184518604896,0.1592184518605105,0.1592184518605214,0.15921845186050224,0.1592184518604896,0.15921845186050224,0.1592184518605214,0.15921845186053815,0.1592184518605214,0.1592184518605105,0.1592184518605214,0.15921845186053815,0.15776544663297695,0.15776544663292807,0.15776544663289543,0.15776544663292807,0.15776544663297695,0.15776544663292807,0.15776544663286918,0.15776544663282802,0.15776544663286896,0.15776544663292807,0.15776544663289543,0.15776544663282802,0.15776544663278022,0.15776544663282802,0.15776544663289543,0.15776544663292807,0.15776544663286896,0.15776544663282802,0.15776544663286896,0.15776544663292807,0.15776544663297695,0.15776544663292807,0.15776544663289543,0.15776544663292807,0.15776544663297695,0.15634146294312454,0.15634146294298568,0.15634146294288864,0.15634146294298568,0.15634146294312454,0.15634146294298568,0.15634146294280604,0.15634146294267223,0.15634146294280604,0.15634146294298568,0.15634146294288864,0.15634146294267223,0.156341462942502,0.15634146294267223,0.15634146294288864,0.15634146294298568,0.15634146294280604,0.15634146294267223,0.15634146294280604,0.15634146294298568,0.15634146294312454,0.15634146294298568,0.15634146294288864,0.15634146294298568,0.15634146294312454,0.15494591499121962,0.15494591499084337,0.15494591499056223,0.15494591499084337,0.15494591499121962,0.15494591499084337,0.15494591499030913,0.154945914989862,0.15494591499030913,0.15494591499084337,0.15494591499056223,0.154945914989862,0.15494591498920865,0.154945914989862,0.15494591499056223,0.15494591499084337,0.15494591499030913,0.154945914989862,0.15494591499030913,0.15494591499084337,0.15494591499121962,0.15494591499084337,0.15494591499056223,0.15494591499084337,0.15494591499121962,0.15357822101848626,0.15357822101754326,0.153578221016763,0.15357822101754326,0.15357822101848626,0.15357822101754326,0.1535782210160227,0.15357822101450513,0.1535782210160227,0.15357822101754326,0.153578221016763,0.15357822101450513,0.15357822101172225,0.15357822101450513,0.153578221016763,0.15357822101754326,0.1535782210160227,0.15357822101450513,0.1535782210160227,0.15357822101754326,0.15357822101848626,0.15357822101754326,0.153578221016763,0.15357822101754326,0.15357822101848626,0.1522378041686168,0.15223780416655117,0.1522378041645784,0.15223780416655117,0.1522378041686168,0.15223780416655117,0.15223780416261437,0.1522378041575546,0.15223780416261437,0.15223780416655117,0.1522378041645784,0.1522378041575546,0.15223780414415614,0.1522378041575546,0.1522378041645784,0.15223780416655117,0.15223780416261437,0.1522378041575546,0.15223780416261437,0.15223780416655117,0.1522378041686168,0.15223780416655117,0.1522378041645784,0.15223780416655117,0.1522378041686168,0.15092409324955983,0.15092409324605505,0.15092409324207823,0.15092409324605505,0.15092409324955983,0.15092409324605505,0.15092409323798966,0.15092409322335032,0.15092409323798966,0.15092409324605505,0.15092409324207823,0.15092409322335032,0.15092409315027455,0.15092409322335032,0.15092409324207823,0.15092409324605505,0.15092409323798966,0.15092409322335032,0.15092409323798966,0.15092409324605505,0.15092409324955983,0.15092409324605505,0.15092409324207823,0.15092409324605505,0.15092409324955983,0.1496365234026281,0.14963652339924238,0.14963652339554406,0.14963652339924238,0.1496365234026281,0.14963652339924238,0.14963652339175504,0.14963652337924166,0.14963652339175504,0.14963652339924238,0.14963652339554406,0.14963652337924166,0.14963652332463748,0.14963652337924166,0.14963652339554406,0.14963652339924238,0.14963652339175504,0.14963652337924166,0.14963652339175504,0.14963652339924238,0.1496365234026281,0.14963652339924238,0.14963652339554406,0.14963652339924238,0.1496365234026281,0.1483745366840567,0.14837453668185402,0.1483745366795806,0.14837453668185402,0.1483745366840567,0.14837453668185402,0.14837453667727843,0.14837453667023756,0.14837453667727843,0.14837453668185402,0.1483745366795806,0.14837453667023756,0.14837453664196437,0.14837453667023756,0.1483745366795806,0.14837453668185402,0.14837453667727843,0.14837453667023756,0.14837453667727843,0.14837453668185402,0.1483745366840567,0.14837453668185402,0.1483745366795806,0.14837453668185402,0.1483745366840567,0.14713758257431758,0.14713758257356263,0.14713758257288778,0.14713758257356263,0.14713758257431758,0.14713758257356263,0.14713758257223108,0.14713758257064158,0.14713758257223108,0.14713758257356263,0.14713758257288778,0.14713758257064158,0.14713758256623205,0.14713758257064158,0.14713758257288778,0.14713758257356263,0.14713758257223108,0.14713758257064158,0.14713758257223108,0.14713758257356263,0.14713758257431758,0.14713758257356263,0.14713758257288778,0.14713758257356263,0.14713758257431758,0.1459251184175689,0.145925118418014,0.14592511841859274,0.145925118418014,0.1459251184175689,0.145925118418014,0.1459251184192099,0.1459251184215762,0.1459251184192099,0.145925118418014,0.14592511841859274,0.1459251184215762,0.1459251184333749,0.1459251184215762,0.14592511841859274,0.145925118418014,0.1459251184192099,0.1459251184215762,0.1459251184192099,0.145925118418014,0.1459251184175689,0.145925118418014,0.14592511841859274,0.145925118418014,0.1459251184175689,0.14473660979615746,0.14473660979736536,0.14473660979870168,0.14473660979736536,0.14473660979615746,0.14473660979736536,0.14473660980007821,0.14473660980464842,0.14473660980007821,0.14473660979736536,0.14473660979870168,0.14473660980464842,0.14473660982467193,0.14473660980464842,0.14473660979870168,0.14473660979736536,0.14473660980007821,0.14473660980464842,0.14473660980007821,0.14473660979736536,0.14473660979615746,0.14473660979736536,0.14473660979870168,0.14473660979736536,0.14473660979615746,0.1435715308457864,0.14357153084732843,0.14357153084898586,0.14357153084732843,0.1435715308457864,0.14357153084732843,0.14357153085067711,0.14357153085619995,0.14357153085067711,0.14357153084732843,0.14357153084898586,0.14357153085619995,0.1435715308804797,0.14357153085619995,0.14357153084898586,0.14357153084732843,0.14357153085067711,0.14357153085619995,0.14357153085067711,0.14357153084732843,0.1435715308457864,0.14357153084732843,0.14357153084898586,0.14357153084732843,0.1435715308457864,0.1424293645168847,0.14242936451837332,0.14242936451990743,0.14242936451837332,0.1424293645168847,0.14242936451837332,0.1424293645214551,0.1424293645262664,0.1424293645214551,0.14242936451837332,0.14242936451990743,0.1424293645262664,0.14242936454625138,0.1424293645262664,0.14242936451990743,0.14242936451837332,0.1424293645214551,0.1424293645262664,0.1424293645214551,0.14242936451837332,0.1424293645168847,0.14242936451837332,0.14242936451990743,0.14242936451837332,0.1424293645168847,0.14130960278741073,0.14130960278869112,0.1413096027899325,0.14130960278869112,0.14130960278741073,0.14130960278869112,0.1413096027911627,0.14130960279469032,0.1413096027911627,0.14130960278869112,0.1413096027899325,0.14130960279469032,0.14130960280789084,0.14130960279469032,0.1413096027899325,0.14130960278869112,0.1413096027911627,0.14130960279469032,0.1413096027911627,0.14130960278869112,0.14130960278741073,0.14130960278869112,0.1413096027899325,0.14130960278869112,0.14130960278741073,0.14021174683129253,0.1402117468324953,0.1402117468336041,0.1402117468324953,0.14021174683129253,0.1402117468324953,0.14021174683468224,0.14021174683766024,0.14021174683468224,0.1402117468324953,0.1402117468336041,0.14021174683766024,0.14021174684913518,0.14021174683766024,0.1402117468336041,0.1402117468324953,0.14021174683468224,0.14021174683766024,0.14021174683468224,0.1402117468324953,0.14021174683129253,0.1402117468324953,0.1402117468336041,0.1402117468324953,0.14021174683129253,0.13913530714697062,0.13913530714841862,0.13913530714965586,0.13913530714841862,0.13913530714697062,0.13913530714841862,0.13913530715084563,0.13913530715340924,0.13913530715084563,0.13913530714841862,0.13913530714965586,0.13913530715340924,0.1391353071586548,0.13913530715340924,0.13913530714965586,0.13913530714841862,0.13913530715084563,0.13913530715340924,0.13913530715084563,0.13913530714841862,0.13913530714697062,0.13913530714841862,0.13913530714965586,0.13913530714841862,0.13913530714697062,0.13807980365020475,0.13807980365260358,0.13807980365493974,0.13807980365260358,0.13807980365020475,0.13807980365260358,0.13807980365728165,0.13807980366346237,0.13807980365728165,0.13807980365260358,0.13807980365493974,0.13807980366346237,0.1380798036803304,0.13807980366346237,0.13807980365493974,0.13807980365260358,0.13807980365728165,0.13807980366346237,0.13807980365728165,0.13807980365260358,0.13807980365020475,0.13807980365260358,0.13807980365493974,0.13807980365260358,0.13807980365020475,0.1370447657341197,0.13704476573767047,0.13704476574191096,0.13704476573767047,0.1370447657341197,0.13704476573767047,0.13704476574629204,0.13704476576338467,0.13704476574629204,0.13704476573767047,0.13704476574191096,0.13704476576338467,0.13704476585753014,0.13704476576338467,0.13704476574191096,0.13704476573767047,0.13704476574629204,0.13704476576338467,0.13704476574629204,0.13704476573767047,0.1370447657341197,0.13704476573767047,0.13704476574191096,0.13704476573767047,0.1370447657341197,0.13602973230198526,0.13602973230442328,0.13602973230679496,0.13602973230442328,0.13602973230198526,0.13602973230442328,0.1360297323091677,0.1360297323154731,0.1360297323091677,0.13602973230442328,0.13602973230679496,0.1360297323154731,0.13602973233289634,0.1360297323154731,0.13602973230679496,0.13602973230442328,0.1360297323091677,0.1360297323154731,0.1360297323091677,0.13602973230442328,0.13602973230198526,0.13602973230442328,0.13602973230679496,0.13602973230442328,0.13602973230198526,0.13503425177797357,0.13503425177949197,0.1350342517807414,0.13503425177949197,0.13503425177797357,0.13503425177949197,0.13503425178192466,0.13503425178432793,0.13503425178192466,0.13503425177949197,0.1350342517807414,0.13503425178432793,0.13503425178868467,0.13503425178432793,0.1350342517807414,0.13503425177949197,0.13503425178192466,0.13503425178432793,0.13503425178192466,0.13503425177949197,0.13503425177797357,0.13503425177949197,0.1350342517807414,0.13503425177949197,0.13503425177797357
0.16533248790833327,0.16533248790833305,0.1653324879083328,0.16533248790833305,0.16533248790833327,0.16533248790833305,0.1653324879083328,0.16533248790833258,0.1653324879083328,0.16533248790833305,0.1653324879083328,0.16533248790833258,0.16533248790833258,0.16533248790833258,0.1653324879083328,0.16533248790833305,0.1653324879083328,0.16533248790833258,0.1653324879083328,0.16533248790833305,0.16533248790833327,0.16533248790833305,0.1653324879083328,0.16533248790833305,0.16533248790833327,0.16375749418709212,0.16375749418709168,0.1637574941870912,0.16375749418709168,0.16375749418709212,0.16375749418709168,0.16375749418709096,0.16375749418709049,0.16375749418709096,0.16375749418709168,0.1637574941870912,0.16375749418709049,0.16375749418709004,0.16375749418709049,0.1637574941870912,0.16375749418709168,0.16375749418709096,0.16375749418709049,0.16375749418709096,0.16375749418709168,0.16375749418709212,0.16375749418709168,0.1637574941870912,0.16375749418709168,0.16375749418709212,0.16221388439779605,0.16221388439779427,0.1622138843977931,0.16221388439779427,0.16221388439779605,0.16221388439779427,0.16221388439779244,0.16221388439779108,0.16221388439779244,0.16221388439779427,0.1622138843977931,0.16221388439779108,0.16221388439778994,0.16221388439779108,0.1622138843977931,0.16221388439779427,0.16221388439779244,0.16221388439779108,0.16221388439779244,0.16221388439779427,0.16221388439779605,0.16221388439779427,0.1622138843977931,0.16221388439779427,0.16221388439779605,0.16070106749748814,0.1607010674974826,0.16070106749747906,0.1607010674974826,0.16070106749748814,0.1607010674974826,0.16070106749747662,0.16070106749747262,0.16070106749747662,0.1607010674974826,0.16070106749747906,0.16070106749747262,0.1607010674974684,0.16070106749747262,0.16070106749747906,0.1607010674974826,0.16070106749747662,0.16070106749747262,0.16070106749747662,0.1607010674974826,0.16070106749748814,0.1607010674974826,0.16070106749747906,0.1607010674974826,0.16070106749748814,0.15921845186115385,0.1592184518611373,0.15921845186112643,0.1592184518611373,0.15921845186115385,0.1592184518611373,0.15921845186111835,0.15921845186110553,0.15921845186111835,0.1592184518611373,0.15921845186112643,0.15921845186110553,0.15921845186109163,0.15921845186110553,0.15921845186112643,0.1592184518611373,0.15921845186111835,0.15921845186110553,0.15921845186111835,0.1592184518611373,0.15921845186115385,0.1592184518611373,0.15921845186112643,0.1592184518611373,0.15921845186115385,0.1577654466335831,0.15776544663353445,0.157765446633502,0.15776544663353445,0.1577654466335831,0.15776544663353445,0.15776544663347578,0.15776544663343503,0.15776544663347578,0.15776544663353445,0.157765446633502,0.15776544663343503,0.15776544663338724,0.15776544663343503,0.157765446633502,0.15776544663353445,0.15776544663347578,0.15776544663343503,0.15776544663347578,0.15776544663353445,0.1577654466335831,0.15776544663353445,0.157765446633502,0.15776544663353445,0.1577654466335831,0.1563414629437213,0.1563414629435831,0.1563414629434867,0.1563414629435831,0.1563414629437213,0.1563414629435831,0.15634146294340429,0.1563414629432711,0.15634146294340429,0.1563414629435831,0.1563414629434867,0.1563414629432711,0.15634146294310172,0.1563414629432711,0.15634146294348647,0.1563414629435831,0.15634146294340429,0.1563414629432711,0.15634146294340429,0.1563414629435831,0.1563414629437213,0.1563414629435831,0.15634146294348647,0.1563414629435831,0.1563414629437213,0.15494591499180616,0.15494591499143173,0.154945914991152,0.15494591499143173,0.15494591499180616,0.15494591499143173,0.15494591499090016,0.15494591499045524,0.15494591499090016,0.15494591499143173,0.154945914991152,0.15494591499045524,0.154945914989805,0.15494591499045524,0.154945914991152,0.15494591499143173,0.15494591499090016,0.15494591499045524,0.15494591499090016,0.15494591499143173,0.15494591499180616,0.15494591499143173,0.154945914991152,0.15494591499143173,0.15494591499180616,0.15357822101905944,0.15357822101812132,0.15357822101734486,0.15357822101812132,0.15357822101905944,0.15357822101812132,0.15357822101660815,0.15357822101509802,0.15357822101660815,0.15357822101812132,0.15357822101734486,0.15357822101509802,0.153578221012328,0.15357822101509802,0.15357822101734486,0.15357822101812132,0.15357822101660815,0.15357822101509802,0.15357822101660815,0.15357822101812132,0.15357822101905944,0.15357822101812132,0.15357822101734486,0.15357822101812132,0.15357822101905944,0.15223780416916732,0.15223780416711233,0.15223780416514965,0.15223780416711233,0.15223780416916732,0.15223780416711233,0.15223780416319546,0.15223780415816007,0.15223780416319546,0.15223780416711233,0.15223780416514965,0.15223780415816007,0.15223780414482344,0.15223780415816007,0.15223780416514965,0.15223780416711233,0.15223780416319546,0.15223780415816007,0.15223780416319546,0.15223780416711233,0.15223780416916732,0.15223780416711233,0.15223780416514965,0.15223780416711233,0.15223780416916732,0.15092409325006567,0.15092409324658038,0.15092409324262457,0.15092409324658038,0.15092409325006567,0.15092409324658038,0.1509240932385576,0.15092409322399022,0.1509240932385576,0.15092409324658038,0.15092409324262457,0.15092409322399022,0.15092409315128544,0.15092409322399022,0.15092409324262457,0.15092409324658038,0.1509240932385576,0.15092409322399022,0.1509240932385576,0.15092409324658038,0.15092409325006567,0.15092409324658038,0.15092409324262457,0.15092409324658038,0.15092409325006567,0.14963652340304823,0.14963652339968594,0.14963652339601302,0.14963652339968594,0.14963652340304823,0.14963652339968594,0.14963652339224986,0.14963652337982156,0.14963652339224986,0.14963652339968594,0.14963652339601302,0.14963652337982156,0.1496365233255736,0.14963652337982156,0.14963652339601302,0.14963652339968594,0.14963652339224986,0.14963652337982156,0.14963652339224986,0.14963652339968594,0.14963652340304823,0.14963652339968594,0.14963652339601302,0.14963652339968594,0.14963652340304823,0.14837453668434247,0.14837453668216005,0.148374536679909,0.14837453668216005,0.14837453668434247,0.14837453668216005,0.14837453667763,0.14837453667066788,0.14837453667763,0.14837453668216005,0.148374536679909,0.14837453667066788,0.14837453664277,0.14837453667066788,0.14837453667990919,0.14837453668216005,0.14837453667763,0.14837453667066788,0.14837453667763,0.14837453668216005,0.14837453668434247,0.14837453668216005,0.14837453667990919,0.14837453668216005,0.14837453668434247,0.1471375825744253,0.14713758257367981,0.14713758257301512,0.14713758257367981,0.1471375825744253,0.14713758257367981,0.14713758257236878,0.14713758257081272,0.14713758257236878,0.14713758257367981,0.14713758257301512,0.14713758257081272,0.14713758256652779,0.14713758257081272,0.14713758257301512,0.14713758257367981,0.14713758257236878,0.14713758257081272,0.14713758257236878,0.14713758257367981,0.1471375825744253,0.14713758257367981,0.14713758257301512,0.14713758257367981,0.1471375825744253,0.14592511841747663,0.14592511841791805,0.1459251184184918,0.14592511841791805,0.14592511841747663,0.14592511841791805,0.1459251184191038,0.14592511842144854,0.1459251184191038,0.14592511841791805,0.1459251184184918,0.14592511842144854,0.14592511843312383,0.14592511842144854,0.1459251184184918,0.14592511841791805,0.1459251184191038,0.14592511842144854,0.1459251184191038,0.14592511841791805,0.14592511841747663,0.14592511841791805,0.1459251184184918,0.14592511841791805,0.14592511841747663,0.14473660979586964,0.1447366097970644,0.1447366097983863,0.1447366097970644,0.14473660979586964,0.1447366097970644,0.14473660979974795,0.14473660980426983,0.14473660979974795,0.1447366097970644,0.1447366097983863,0.14473660980426983,0.1447366098240973,0.14473660980426983,0.1447366097983863,0.1447366097970644,0.14473660979974795,0.14473660980426983,0.14473660979974795,0.1447366097970644,0.14473660979586964,0.1447366097970644,0.1447366097983863,0.1447366097970644,0.14473660979586964,0.14357153084532745,0.14357153084685087,0.1435715308484881,0.14357153084685087,0.14357153084532745,0.14357153084685087,0.14357153085015864,0.14357153085561253,0.14357153085015864,0.14357153084685087,0.1435715308484881,0.14357153085561253,0.14357153087953858,0.14357153085561253,0.1435715308484881,0.14357153084685087,0.14357153085015864,0.14357153085561253,0.14357153085015864,0.14357153084685087,0.14357153084532745,0.14357153084685087,0.1435715308484881,0.14357153084685087,0.14357153084532745,0.14242936451628951,0.1424293645177602,0.14242936451927515,0.1424293645177602,0.14242936451628951,0.1424293645177602,0.14242936452080338,0.14242936452555094,0.14242936452080338,0.1424293645177602,0.14242936451927515,0.14242936452555094,0.14242936454528513,0.14242936452555094,0.14242936451927515,0.1424293645177602,0.14242936452080338,0.14242936452555094,0.14242936452080338,0.1424293645177602,0.14242936451628951,0.1424293645177602,0.14242936451927515,0.1424293645177602,0.14242936451628951,0.1413096027867139,0.14130960278798094,0.14130960278920918,0.14130960278798094,0.1413096027867139,0.14130960278798094,0.14130960279042637,0.14130960279391686,0.14130960279042637,0.14130960278798094,0.14130960278920918,0.14130960279391686,0.1413096028069917,0.14130960279391686,0.14130960278920918,0.14130960278798094,0.14130960279042637,0.14130960279391686,0.14130960279042637,0.14130960278798094,0.1413096027867139,0.14130960278798094,0.14130960278920918,0.14130960278798094,0.1413096027867139,0.14021174683051915,0.14021174683171242,0.140211746832812,0.14021174683171242,0.14021174683051915,0.14021174683171242,0.14021174683388143,0.14021174683683463,0.14021174683388143,0.14021174683171242,0.140211746832812,0.14021174683683463,0.14021174684820004,0.14021174683683463,0.140211746832812,0.14021174683171242,0.14021174683388143,0.14021174683683463,0.14021174683388143,0.14021174683171242,0.14021174683051915,0.14021174683171242,0.140211746832812,0.14021174683171242,0.14021174683051915,0.13913530714613787,0.13913530714757844,0.1391353071488093,0.13913530714757844,0.13913530714613787,0.13913530714757844,0.13913530714999295,0.13913530715254313,0.13913530714999295,0.13913530714757844,0.1391353071488093,0.13913530715254313,0.13913530715776035,0.13913530715254313,0.1391353071488093,0.13913530714757844,0.13913530714999295,0.13913530715254313,0.13913530714999295,0.13913530714757844,0.13913530714613787,0.13913530714757844,0.1391353071488093,0.13913530714757844,0.13913530714613787,0.13807980364932584,0.13807980365171565,0.13807980365404346,0.13807980365171565,0.13807980364932584,0.13807980365171565,0.13807980365637668,0.13807980366253553,0.13807980365637668,0.13807980365171565,0.13807980365404346,0.13807980366253553,0.13807980367934544,0.13807980366253553,0.13807980365404346,0.13807980365171565,0.13807980365637668,0.13807980366253553,0.13807980365637668,0.13807980365171565,0.13807980364932584,0.13807980365171565,0.13807980365404346,0.13807980365171565,0.13807980364932584,0.13704476573321142,0.13704476573674984,0.1370447657409761,0.13704476573674984,0.13704476573321142,0.13704476573674984,0.13704476574534255,0.13704476576237815,0.13704476574534255,0.13704476573674984,0.1370447657409761,0.13704476576237815,0.13704476585619993,0.13704476576237815,0.1370447657409761,0.13704476573674984,0.13704476574534255,0.13704476576237815,0.13704476574534255,0.13704476573674984,0.13704476573321142,0.13704476573674984,0.1370447657409761,0.13704476573674984,0.13704476573321142,0.13602973230107052,0.13602973230350035,0.1360297323058641,0.13602973230350035,0.13602973230107052,0.13602973230350035,0.1360297323082288,0.13602973231451318,0.1360297323082288,0.13602973230350035,0.1360297323058641,0.13602973231451318,0.13602973233187854,0.13602973231451318,0.1360297323058641,0.13602973230350035,0.1360297323082288,0.13602973231451318,0.1360297323082288,0.13602973230350035,0.13602973230107052,0.13602973230350035,0.1360297323058641,0.13602973230350035,0.13602973230107052,0.1350342517770675,0.13503425177858072,0.13503425177982595,0.13503425177858072,0.1350342517770675,0.13503425177858072,0.13503425178100523,0.13503425178340048,0.13503425178100523,0.13503425177858072,0.13503425177982595,0.13503425178340048,0.13503425178774292,0.13503425178340048,0.13503425177982595,0.13503425177858072,0.13503425178100523,0.13503425178340048,0.13503425178100523,0.13503425177858072,0.1350342517770675,0.13503425177858072,0.13503425177982595,0.13503425177858072,0.1350342517770675
0.16533248790901575,0.1653324879090155,0.16533248790901528,0.1653324879090155,0.16533248790901575,0.1653324879090155,0.16533248790901528,0.16533248790901506,0.16533248790901528,0.1653324879090155,0.16533248790901528,0.16533248790901506,0.1653324879090148,0.16533248790901506,0.16533248790901528,0.1653324879090155,0.16533248790901528,0.16533248790901506,0.16533248790901528,0.1653324879090155,0.16533248790901575,0.1653324879090155,0.16533248790901528,0.1653324879090155,0.16533248790901575,0.16375749418776125,0.16375749418776053,0.1637574941877601,0.16375749418776053,0.16375749418776125,0.16375749418776053,0.16375749418775984,0.16375749418775937,0.16375749418775984,0.16375749418776053,0.1637574941877601,0.16375749418775937,0.16375749418775917,0.16375749418775937,0.1637574941877601,0.16375749418776053,0.16375749418775984,0.16375749418775937,0.16375749418775984,0.16375749418776053,0.16375749418776125,0.16375749418776053,0.1637574941877601,0.16375749418776053,0.16375749418776125,0.16221388439845183,0.16221388439845003,0.1622138843984489,0.16221388439845003,0.16221388439845183,0.16221388439845003,0.16221388439844822,0.16221388439844683,0.16221388439844822,0.16221388439845003,0.1622138843984489,0.16221388439844683,0.16221388439844572,0.16221388439844683,0.1622138843984489,0.16221388439845003,0.16221388439844822,0.16221388439844683,0.16221388439844822,0.16221388439845003,0.16221388439845183,0.16221388439845003,0.1622138843984489,0.16221388439845003,0.16221388439845183,0.16070106749813107,0.16070106749812552,0.16070106749812194,0.16070106749812552,0.16070106749813107,0.16070106749812552,0.16070106749811952,0.16070106749811552,0.16070106749811952,0.16070106749812552,0.16070106749812194,0.16070106749811552,0.1607010674981113,0.16070106749811552,0.16070106749812194,0.16070106749812552,0.16070106749811952,0.16070106749811552,0.16070106749811952,0.16070106749812552,0.16070106749813107,0.16070106749812552,0.16070106749812194,0.16070106749812552,0.16070106749813107,0.15921845186178413,0.1592184518617676,0.15921845186175693,0.1592184518617676,0.15921845186178413,0.1592184518617676,0.15921845186174868,0.15921845186173603,0.15921845186174868,0.1592184518617676,0.15921845186175693,0.15921845186173603,0.1592184518617221,0.15921845186173603,0.15921845186175693,0.1592184518617676,0.15921845186174868,0.15921845186173603,0.15921845186174868,0.1592184518617676,0.15921845186178413,0.1592184518617676,0.15921845186175693,0.1592184518617676,0.15921845186178413,0.1577654466342008,0.15776544663415237,0.15776544663412015,0.15776544663415237,0.1577654466342008,0.15776544663415237,0.15776544663409414,0.1577654466340534,0.15776544663409414,0.15776544663415237,0.15776544663412015,0.1577654466340534,0.15776544663400602,0.1577654466340534,0.15776544663412015,0.15776544663415237,0.15776544663409414,0.1577654466340534,0.15776544663409414,0.15776544663415237,0.1577654466342008,0.15776544663415237,0.15776544663412015,0.15776544663415237,0.1577654466342008,0.15634146294432646,0.15634146294418866,0.1563414629440929,0.15634146294418866,0.15634146294432646,0.15634146294418866,0.1563414629440109,0.15634146294387835,0.1563414629440109,0.15634146294418866,0.1563414629440929,0.15634146294387835,0.1563414629437098,0.15634146294387835,0.1563414629440929,0.15634146294418866,0.1563414629440109,0.15634146294387835,0.1563414629440109,0.15634146294418866,0.15634146294432646,0.15634146294418866,0.1563414629440929,0.15634146294418866,0.15634146294432646,0.1549459149923976,0.154945914992025,0.15494591499174654,0.154945914992025,0.1549459149923976,0.154945914992025,0.15494591499149588,0.15494591499105304,0.15494591499149588,0.154945914992025,0.15494591499174654,0.15494591499105304,0.15494591499040586,0.15494591499105304,0.15494591499174654,0.154945914992025,0.15494591499149588,0.15494591499105304,0.15494591499149588,0.154945914992025,0.1549459149923976,0.154945914992025,0.15494591499174654,0.154945914992025,0.1549459149923976,0.15357822101963345,0.15357822101869992,0.15357822101792729,0.15357822101869992,0.15357822101963345,0.15357822101869992,0.15357822101719423,0.1535782210156909,0.15357822101719423,0.15357822101869992,0.15357822101792729,0.1535782210156909,0.15357822101293353,0.1535782210156909,0.15357822101792729,0.15357822101869992,0.15357822101719423,0.1535782210156909,0.15357822101719423,0.15357822101869992,0.15357822101963345,0.15357822101869992,0.15357822101792729,0.15357822101869992,0.15357822101963345,0.15223780416971475,0.15223780416767016,0.15223780416571733,0.15223780416767016,0.15223780416971475,0.15223780416767016,0.15223780416377236,0.15223780415876045,0.15223780416377236,0.15223780416767016,0.15223780416571733,0.15223780415876045,0.15223780414548344,0.15223780415876045,0.15223780416571733,0.15223780416767016,0.15223780416377236,0.15223780415876045,0.15223780416377236,0.15223780416767016,0.15223780416971475,0.15223780416767016,0.15223780416571733,0.15223780416767016,0.15223780416971475,0.15092409325056494,0.15092409324709857,0.15092409324316322,0.15092409324709857,0.15092409325056494,0.15092409324709857,0.1509240932391171,0.15092409322461897,0.1509240932391171,0.15092409324709857,0.15092409324316322,0.15092409322461897,0.1509240931522244,0.15092409322461897,0.15092409324316322,0.15092409324709857,0.1509240932391171,0.15092409322461897,0.1509240932391171,0.15092409324709857,0.15092409325056494,0.15092409324709857,0.15092409324316322,0.15092409324709857,0.15092409325056494,0.14963652340345987,0.1496365234001201,0.14963652339647154,0.1496365234001201,0.14963652340345987,0.1496365234001201,0.14963652339273334,0.14963652338038674,0.14963652339273334,0.1496365234001201,0.14963652339647154,0.14963652338038674,0.14963652332652944,0.14963652338038674,0.14963652339647154,0.1496365234001201,0.14963652339273334,0.14963652338038674,0.14963652339273334,0.1496365234001201,0.14963652340345987,0.1496365234001201,0.14963652339647154,0.1496365234001201,0.14963652340345987,0.14837453668461917,0.14837453668245598,0.14837453668022665,0.14837453668245598,0.14837453668461917,0.14837453668245598,0.1483745366779697,0.14837453667108305,0.1483745366779697,0.14837453668245598,0.14837453668022665,0.14837453667108305,0.14837453664351039,0.14837453667108305,0.14837453668022665,0.14837453668245598,0.1483745366779697,0.14837453667108305,0.1483745366779697,0.14837453668245598,0.14837453668461917,0.14837453668245598,0.14837453668022665,0.14837453668245598,0.14837453668461917,0.14713758257452506,0.14713758257378862,0.14713758257313375,0.14713758257378862,0.14713758257452506,0.14713758257378862,0.14713758257249743,0.14713758257097384,0.14713758257249743,0.14713758257378862,0.14713758257313375,0.14713758257097384,0.14713758256687112,0.14713758257097384,0.14713758257313375,0.14713758257378862,0.14713758257249743,0.14713758257097384,0.14713758257249743,0.14713758257378862,0.14713758257452506,0.14713758257378862,0.14713758257313375,0.14713758257378862,0.14713758257452506,0.14592511841737796,0.14592511841781583,0.14592511841838512,0.14592511841781583,0.14592511841737796,0.14592511841781583,0.14592511841899214,0.14592511842131675,0.14592511841899214,0.14592511841781583,0.14592511841838512,0.14592511842131675,0.1459251184328824,0.14592511842131675,0.14592511841838512,0.14592511841781583,0.14592511841899214,0.14592511842131675,0.14592511841899214,0.14592511841781583,0.14592511841737796,0.14592511841781583,0.14592511841838512,0.14592511841781583,0.14592511841737796,0.14473660979557726,0.1447366097967593,0.14473660979806738,0.1447366097967593,0.14473660979557726,0.1447366097967593,0.14473660979941474,0.14473660980389055,0.14473660979941474,0.1447366097967593,0.14473660979806738,0.14473660980389055,0.1447366098235368,0.14473660980389055,0.14473660979806738,0.1447366097967593,0.14473660979941474,0.14473660980389055,0.14473660979941474,0.1447366097967593,0.14473660979557726,0.1447366097967593,0.14473660979806738,0.1447366097967593,0.14473660979557726,0.14357153084486424,0.14357153084637003,0.14357153084798777,0.14357153084637003,0.14357153084486424,0.14357153084637003,0.1435715308496383,0.1435715308550256,0.1435715308496383,0.14357153084637003,0.14357153084798777,0.1435715308550256,0.14357153087863714,0.1435715308550256,0.14357153084798777,0.14357153084637003,0.1435715308496383,0.1435715308550256,0.1435715308496383,0.14357153084637003,0.14357153084486424,0.14357153084637003,0.14357153084798777,0.14357153084637003,0.14357153084486424,0.14242936451568997,0.14242936451714322,0.14242936451863955,0.14242936451714322,0.14242936451568997,0.14242936451714322,0.14242936452014898,0.14242936452483498,0.14242936452014898,0.14242936451714322,0.14242936451863955,0.14242936452483498,0.14242936454429353,0.14242936452483498,0.14242936451863955,0.14242936451714322,0.14242936452014898,0.14242936452483498,0.14242936452014898,0.14242936451714322,0.14242936451568997,0.14242936451714322,0.14242936451863955,0.14242936451714322,0.14242936451568997,0.14130960278601146,0.14130960278726554,0.14130960278848123,0.14130960278726554,0.14130960278601146,0.14130960278726554,0.14130960278968577,0.1413096027931404,0.14130960278968577,0.14130960278726554,0.14130960278848123,0.1413096027931404,0.1413096028060817,0.1413096027931404,0.14130960278848123,0.14130960278726554,0.14130960278968577,0.1413096027931404,0.14130960278968577,0.14130960278726554,0.14130960278601146,0.14130960278726554,0.14130960278848123,0.14130960278726554,0.14130960278601146,0.14021174682973853,0.14021174683092263,0.14021174683201368,0.14021174683092263,0.14021174682973853,0.14021174683092263,0.14021174683307455,0.1402117468360037,0.14021174683307455,0.14021174683092263,0.14021174683201368,0.1402117468360037,0.140211746847258,0.1402117468360037,0.14021174683201368,0.14021174683092263,0.14021174683307455,0.1402117468360037,0.14021174683307455,0.14021174683092263,0.14021174682973853,0.14021174683092263,0.14021174683201368,0.14021174683092263,0.14021174682973853,0.13913530714529668,0.13913530714673,0.13913530714795472,0.13913530714673,0.13913530714529668,0.13913530714673,0.13913530714913247,0.13913530715166988,0.13913530714913247,0.13913530714673,0.13913530714795472,0.13913530715166988,0.13913530715685943,0.13913530715166988,0.13913530714795472,0.13913530714673,0.13913530714913247,0.13913530715166988,0.13913530714913247,0.13913530714673,0.13913530714529668,0.13913530714673,0.13913530714795472,0.13913530714673,0.13913530714529668,0.13807980364843744,0.13807980365081843,0.13807980365313785,0.13807980365081843,0.13807980364843744,0.13807980365081843,0.138079803655463,0.13807980366160064,0.138079803655463,0.13807980365081843,0.13807980365313785,0.13807980366160064,0.13807980367835454,0.13807980366160064,0.13807980365313785,0.13807980365081843,0.138079803655463,0.13807980366160064,0.138079803655463,0.13807980365081843,0.13807980364843744,0.13807980365081843,0.13807980365313785,0.13807980365081843,0.13807980364843744,0.13704476573229232,0.1370447657358192,0.13704476574003163,0.1370447657358192,0.13704476573229232,0.1370447657358192,0.13704476574438376,0.1370447657613645,0.13704476574438376,0.1370447657358192,0.13704476574003163,0.1370447657613645,0.13704476585489786,0.1370447657613645,0.13704476574003163,0.1370447657358192,0.13704476574438376,0.1370447657613645,0.13704476574438376,0.1370447657358192,0.13704476573229232,0.1370447657358192,0.13704476574003163,0.1370447657358192,0.13704476573229232,0.1360297323001441,0.13602973230256601,0.13602973230492207,0.13602973230256601,0.1360297323001441,0.13602973230256601,0.13602973230727913,0.13602973231354326,0.13602973230727913,0.13602973230256601,0.13602973230492207,0.13602973231354326,0.13602973233085297,0.13602973231354326,0.13602973230492207,0.13602973230256601,0.13602973230727913,0.13602973231354326,0.13602973230727913,0.13602973230256601,0.1360297323001441,0.13602973230256601,0.13602973230492207,0.13602973230256601,0.1360297323001441,0.13503425177614908,0.13503425177765752,0.1350342517788988,0.13503425177765752,0.13503425177614908,0.13503425177765752,0.13503425178007428,0.13503425178246178,0.13503425178007428,0.13503425177765752,0.1350342517788988,0.13503425178246178,0.13503425178679018,0.13503425178246178,0.1350342517788988,0.13503425177765752,0.13503425178007428,0.13503425178246178,0.13503425178007428,0.13503425177765752,0.13503425177614908,0.13503425177765752,0.1350342517788988,0.13503425177765752,0.13503425177614908
0.1653324879096888,0.16533248790968852,0.1653324879096883,0.16533248790968852,0.1653324879096888,0.16533248790968852,0.1653324879096883,0.1653324879096881,0.1653324879096883,0.16533248790968852,0.1653324879096883,0.1653324879096881,0.16533248790968783,0.1653324879096881,0.1653324879096883,0.16533248790968852,0.1653324879096883,0.1653324879096881,0.1653324879096883,0.16533248790968852,0.1653324879096888,0.16533248790968852,0.1653324879096883,0.16533248790968852,0.1653324879096888,0.16375749418842064,0.16375749418842017,0.1637574941884197,0.16375749418842017,0.16375749418842064,0.16375749418842017,0.16375749418841948,0.16375749418841903,0.16375749418841948,0.16375749418842017,0.1637574941884197,0.16375749418841903,0.16375749418841856,0.16375749418841903,0.1637574941884197,0.16375749418842017,0.16375749418841948,0.16375749418841903,0.16375749418841948,0.16375749418842017,0.16375749418842064,0.16375749418842017,0.1637574941884197,0.16375749418842017,0.16375749418842064,0.1622138843990981,0.1622138843990963,0.16221388439909515,0.1622138843990963,0.1622138843990981,0.1622138843990963,0.16221388439909448,0.1622138843990931,0.16221388439909448,0.1622138843990963,0.16221388439909515,0.1622138843990931,0.16221388439909176,0.1622138843990931,0.16221388439909515,0.1622138843990963,0.16221388439909448,0.1622138843990931,0.16221388439909448,0.1622138843990963,0.1622138843990981,0.1622138843990963,0.16221388439909515,0.1622138843990963,0.1622138843990981,0.16070106749876398,0.16070106749875843,0.1607010674987551,0.16070106749875843,0.16070106749876398,0.16070106749875843,0.16070106749875243,0.16070106749874866,0.16070106749875243,0.16070106749875843,0.1607010674987551,0.16070106749874866,0.16070106749874447,0.16070106749874866,0.1607010674987551,0.16070106749875843,0.16070106749875243,0.16070106749874866,0.16070106749875243,0.16070106749875843,0.16070106749876398,0.16070106749875843,0.1607010674987551,0.16070106749875843,0.16070106749876398,0.15921845186240396,0.15921845186238767,0.159218451862377,0.15921845186238767,0.15921845186240396,0.15921845186238767,0.15921845186236872,0.1592184518623563,0.15921845186236872,0.15921845186238767,0.159218451862377,0.1592184518623563,0.15921845186234215,0.1592184518623563,0.159218451862377,0.15921845186238767,0.15921845186236872,0.1592184518623563,0.15921845186236872,0.15921845186238767,0.15921845186240396,0.15921845186238767,0.159218451862377,0.15921845186238767,0.15921845186240396,0.15776544663480785,0.1577654466347596,0.15776544663472739,0.1577654466347596,0.15776544663480785,0.1577654466347596,0.15776544663470138,0.15776544663466105,0.15776544663470138,0.1577654466347596,0.15776544663472739,0.15776544663466105,0.15776544663461367,0.15776544663466105,0.15776544663472739,0.1577654466347596,0.15776544663470138,0.15776544663466105,0.15776544663470138,0.1577654466347596,0.15776544663480785,0.1577654466347596,0.15776544663472739,0.1577654466347596,0.15776544663480785,0.1563414629449199,0.15634146294478293,0.1563414629446874,0.15634146294478293,0.1563414629449199,0.15634146294478293,0.15634146294460602,0.15634146294447387,0.15634146294460585,0.15634146294478293,0.1563414629446874,0.15634146294447387,0.1563414629443062,0.15634146294447387,0.1563414629446874,0.15634146294478293,0.15634146294460585,0.15634146294447387,0.15634146294460585,0.15634146294478293,0.1563414629449199,0.15634146294478293,0.1563414629446874,0.15634146294478293,0.1563414629449199,0.15494591499297652,0.1549459149926056,0.15494591499232852,0.1549459149926056,0.15494591499297652,0.1549459149926056,0.15494591499207913,0.1549459149916381,0.15494591499207913,0.1549459149926056,0.15494591499232852,0.1549459149916381,0.1549459149909938,0.1549459149916381,0.15494591499232852,0.1549459149926056,0.15494591499207913,0.1549459149916381,0.15494591499207913,0.1549459149926056,0.15494591499297652,0.1549459149926056,0.15494591499232852,0.1549459149926056,0.15494591499297652,0.15357822102019442,0.15357822101926533,0.1535782210184963,0.15357822101926533,0.15357822102019442,0.15357822101926533,0.15357822101776664,0.15357822101627014,0.15357822101776664,0.15357822101926533,0.1535782210184963,0.15357822101627014,0.15357822101352483,0.15357822101627014,0.1535782210184963,0.15357822101926533,0.15357822101776664,0.15357822101627014,0.15357822101776664,0.15357822101926533,0.15357822102019442,0.15357822101926533,0.1535782210184963,0.15357822101926533,0.15357822102019442,0.15223780417024838,0.15223780416821406,0.15223780416627028,0.15223780416821406,0.15223780417024838,0.15223780416821406,0.15223780416433455,0.15223780415934546,0.15223780416433455,0.15223780416821406,0.15223780416627028,0.15223780415934546,0.15223780414612592,0.15223780415934546,0.15223780416627028,0.15223780416821406,0.15223780416433455,0.15223780415934546,0.15223780416433455,0.15223780416821406,0.15223780417024838,0.15223780416821406,0.15223780416627028,0.15223780416821406,0.15223780417024838,0.15092409325105052,0.15092409324760245,0.15092409324368658,0.15092409324760245,0.15092409325105052,0.15092409324760245,0.15092409323966055,0.15092409322522954,0.15092409323966055,0.15092409324760245,0.15092409324368658,0.15092409322522954,0.15092409315314773,0.15092409322522954,0.15092409324368658,0.15092409324760245,0.15092409323966055,0.15092409322522954,0.15092409323966055,0.15092409324760245,0.15092409325105052,0.15092409324760245,0.15092409324368658,0.15092409324760245,0.15092409325105052,0.14963652340385922,0.149636523400541,0.1496365233969159,0.149636523400541,0.14963652340385922,0.149636523400541,0.14963652339320171,0.14963652338093358,0.14963652339320171,0.149636523400541,0.1496365233969159,0.14963652338093358,0.14963652332740868,0.14963652338093358,0.1496365233969159,0.149636523400541,0.14963652339320171,0.14963652338093358,0.14963652339320171,0.149636523400541,0.14963652340385922,0.149636523400541,0.1496365233969159,0.149636523400541,0.14963652340385922,0.1483745366848864,0.14837453668274214,0.14837453668053355,0.14837453668274214,0.1483745366848864,0.14837453668274214,0.14837453667829792,0.14837453667148373,0.14837453667829792,0.14837453668274214,0.14837453668053355,0.14837453667148373,0.14837453664426747,0.14837453667148373,0.14837453668053355,0.14837453668274214,0.14837453667829792,0.14837453667148373,0.14837453667829792,0.14837453668274214,0.1483745366848864,0.14837453668274214,0.14837453668053355,0.14837453668274214,0.1483745366848864,0.14713758257462006,0.1471375825738925,0.14713758257324708,0.1471375825738925,0.14713758257462006,0.1471375825738925,0.14713758257262038,0.14713758257112805,0.14713758257262038,0.1471375825738925,0.14713758257324708,0.14713758257112805,0.14713758256712092,0.14713758257112805,0.14713758257324708,0.1471375825738925,0.14713758257262038,0.14713758257112805,0.14713758257262038,0.1471375825738925,0.14713758257462006,0.1471375825738925,0.14713758257324708,0.1471375825738925,0.14713758257462006,0.14592511841728006,0.1459251184177147,0.14592511841827951,0.1459251184177147,0.14592511841728006,0.1459251184177147,0.14592511841888206,0.14592511842118783,0.14592511841888206,0.1459251184177147,0.14592511841827951,0.14592511842118783,0.14592511843262668,0.14592511842118783,0.14592511841827951,0.1459251184177147,0.14592511841888206,0.14592511842118783,0.14592511841888206,0.1459251184177147,0.14592511841728006,0.1459251184177147,0.14592511841827951,0.1459251184177147,0.14592511841728006,0.14473660979529046,0.14473660979646047,0.1447366097977551,0.14473660979646047,0.14473660979529046,0.14473660979646047,0.144736609799089,0.1447366098035205,0.144736609799089,0.14473660979646047,0.1447366097977551,0.1447366098035205,0.1447366098229877,0.1447366098035205,0.1447366097977551,0.14473660979646047,0.144736609799089,0.1447366098035205,0.144736609799089,0.14473660979646047,0.14473660979529046,0.14473660979646047,0.1447366097977551,0.14473660979646047,0.14473660979529046,0.14357153084441096,0.1435715308458995,0.14357153084749835,0.1435715308458995,0.14357153084441096,0.1435715308458995,0.1435715308491299,0.14357153085445273,0.1435715308491299,0.1435715308458995,0.14357153084749835,0.14357153085445273,0.14357153087778193,0.14357153085445273,0.14357153084749835,0.1435715308458995,0.1435715308491299,0.14357153085445273,0.1435715308491299,0.1435715308458995,0.14357153084441096,0.1435715308458995,0.14357153084749835,0.1435715308458995,0.14357153084441096,0.14242936451510319,0.14242936451653965,0.14242936451801805,0.14242936451653965,0.14242936451510319,0.14242936451653965,0.1424293645195092,0.14242936452413543,0.1424293645195092,0.14242936451653965,0.14242936451801805,0.14242936452413543,0.142429364543304,0.14242936452413543,0.14242936451801805,0.14242936451653965,0.1424293645195092,0.14242936452413543,0.1424293645195092,0.14242936451653965,0.14242936451510319,0.14242936451653965,0.14242936451801805,0.14242936451653965,0.14242936451510319,0.14130960278532365,0.14130960278656537,0.14130960278776877,0.14130960278656537,0.14130960278532365,0.14130960278656537,0.14130960278896101,0.14130960279238106,0.14130960278896101,0.14130960278656537,0.14130960278776877,0.14130960279238106,0.1413096028052229,0.14130960279238106,0.14130960278776877,0.14130960278656537,0.14130960278896101,0.14130960279238106,0.14130960278896101,0.14130960278656537,0.14130960278532365,0.14130960278656537,0.14130960278776877,0.14130960278656537,0.14130960278532365,0.1402117468289742,0.14021174683014942,0.14021174683123208,0.14021174683014942,0.1402117468289742,0.14021174683014942,0.14021174683228457,0.1402117468351905,0.14021174683228457,0.14021174683014942,0.14021174683123208,0.1402117468351905,0.1402117468463687,0.1402117468351905,0.14021174683123208,0.14021174683014942,0.14021174683228457,0.1402117468351905,0.14021174683228457,0.14021174683014942,0.1402117468289742,0.14021174683014942,0.14021174683123208,0.14021174683014942,0.1402117468289742,0.13913530714447264,0.13913530714589895,0.1391353071471177,0.13913530714589895,0.13913530714447264,0.13913530714589895,0.13913530714828978,0.13913530715081465,0.13913530714828978,0.13913530714589895,0.1391353071471177,0.13913530715081465,0.1391353071559778,0.13913530715081465,0.1391353071471177,0.13913530714589895,0.13913530714828978,0.13913530715081465,0.13913530714828978,0.13913530714589895,0.13913530714447264,0.13913530714589895,0.1391353071471177,0.13913530714589895,0.13913530714447264,0.13807980364756675,0.13807980364993935,0.13807980365225087,0.13807980364993935,0.13807980364756675,0.13807980364993935,0.13807980365456796,0.13807980366068526,0.13807980365456796,0.13807980364993935,0.13807980365225087,0.13807980366068526,0.1380798036773851,0.13807980366068526,0.13807980365225087,0.13807980364993935,0.13807980365456796,0.13807980366068526,0.13807980365456796,0.13807980364993935,0.13807980364756675,0.13807980364993935,0.13807980365225087,0.13807980364993935,0.13807980364756675,0.13704476573139165,0.13704476573490712,0.13704476573910615,0.13704476573490712,0.13704476573139165,0.13704476573490712,0.13704476574344462,0.13704476576037244,0.13704476574344462,0.13704476573490712,0.13704476573910615,0.13704476576037244,0.13704476585361752,0.13704476576037244,0.13704476573910615,0.13704476573490712,0.13704476574344462,0.13704476576037244,0.13704476574344462,0.13704476573490712,0.13704476573139165,0.13704476573490712,0.13704476573910615,0.13704476573490712,0.13704476573139165,0.13602973229923573,0.13602973230165008,0.1360297323039988,0.13602973230165008,0.13602973229923573,0.13602973230165008,0.1360297323063484,0.13602973231259297,0.1360297323063484,0.13602973230165008,0.1360297323039988,0.13602973231259297,0.13602973232984905,0.13602973231259297,0.1360297323039988,0.13602973230165008,0.1360297323063484,0.13602973231259297,0.1360297323063484,0.13602973230165008,0.13602973229923573,0.13602973230165008,0.1360297323039988,0.13602973230165008,0.13602973229923573,0.13503425177524853,0.13503425177675218,0.13503425177798964,0.13503425177675218,0.13503425177524853,0.13503425177675218,0.13503425177916145,0.1350342517815415,0.13503425177916145,0.13503425177675218,0.13503425177798964,0.1350342517815415,0.1350342517858564,0.1350342517815415,0.13503425177798964,0.13503425177675218,0.13503425177916145,0.1350342517815415,0.13503425177916145,0.13503425177675218,0.13503425177524853,0.13503425177675218,0.13503425177798964,0.13503425177675218,0.13503425177524853
0.16533248791034366,0.1653324879103434,0.1653324879103432,0.1653324879103434,0.16533248791034366,0.1653324879103434,0.1653324879103432,0.16533248791034297,0.1653324879103432,0.1653324879103434,0.1653324879103432,0.16533248791034297,0.16533248791034272,0.16533248791034297,0.1653324879103432,0.1653324879103434,0.1653324879103432,0.16533248791034297,0.1653324879103432,0.1653324879103434,0.16533248791034366,0.1653324879103434,0.1653324879103432,0.1653324879103434,0.16533248791034366,0.16375749418906224,0.16375749418906177,0.16375749418906133,0.16375749418906177,0.16375749418906224,0.16375749418906177,0.16375749418906108,0.16375749418906063,0.16375749418906108,0.16375749418906177,0.16375749418906133,0.16375749418906063,0.16375749418906016,0.16375749418906063,0.16375749418906133,0.16375749418906177,0.16375749418906108,0.16375749418906063,0.16375749418906108,0.16375749418906177,0.16375749418906224,0.16375749418906177,0.16375749418906133,0.16375749418906177,0.16375749418906224,0.16221388439972667,0.16221388439972487,0.16221388439972373,0.16221388439972487,0.16221388439972667,0.16221388439972487,0.16221388439972279,0.16221388439972168,0.16221388439972279,0.16221388439972487,0.16221388439972373,0.16221388439972168,0.16221388439972032,0.16221388439972168,0.16221388439972373,0.16221388439972487,0.16221388439972279,0.16221388439972168,0.16221388439972279,0.16221388439972487,0.16221388439972667,0.16221388439972487,0.16221388439972373,0.16221388439972487,0.16221388439972667,0.16070106749937957,0.16070106749937402,0.1607010674993707,0.16070106749937402,0.16070106749937957,0.16070106749937402,0.16070106749936805,0.16070106749936422,0.16070106749936805,0.16070106749937402,0.1607010674993707,0.16070106749936422,0.16070106749936,0.16070106749936422,0.1607010674993707,0.16070106749937402,0.16070106749936805,0.16070106749936422,0.16070106749936805,0.16070106749937402,0.16070106749937957,0.16070106749937402,0.1607010674993707,0.16070106749937402,0.16070106749937957,0.1592184518630066,0.1592184518629903,0.15921845186297964,0.1592184518629903,0.1592184518630066,0.1592184518629903,0.1592184518629716,0.15921845186295897,0.1592184518629716,0.1592184518629903,0.15921845186297964,0.15921845186295897,0.159218451862945,0.15921845186295897,0.15921845186297964,0.1592184518629903,0.1592184518629716,0.15921845186295897,0.1592184518629716,0.1592184518629903,0.1592184518630066,0.1592184518629903,0.15921845186297964,0.1592184518629903,0.1592184518630066,0.15776544663539738,0.1577654466353494,0.15776544663531736,0.1577654466353494,0.15776544663539738,0.1577654466353494,0.15776544663529155,0.15776544663525124,0.15776544663529155,0.1577654466353494,0.15776544663531736,0.15776544663525124,0.15776544663520428,0.15776544663525124,0.15776544663531736,0.1577654466353494,0.15776544663529155,0.15776544663525124,0.15776544663529155,0.1577654466353494,0.15776544663539738,0.1577654466353494,0.15776544663531736,0.1577654466353494,0.15776544663539738,0.1563414629454962,0.15634146294535986,0.15634146294526474,0.15634146294535986,0.1563414629454962,0.15634146294535986,0.15634146294518378,0.15634146294505227,0.15634146294518378,0.15634146294535986,0.15634146294526474,0.15634146294505227,0.1563414629448852,0.15634146294505227,0.15634146294526474,0.15634146294535986,0.15634146294518378,0.15634146294505227,0.15634146294518378,0.15634146294535986,0.1563414629454962,0.15634146294535986,0.15634146294526474,0.15634146294535986,0.1563414629454962,0.15494591499353846,0.15494591499316937,0.15494591499289354,0.15494591499316937,0.15494591499353846,0.15494591499316937,0.15494591499264493,0.15494591499220617,0.15494591499264493,0.15494591499316937,0.15494591499289354,0.15494591499220617,0.15494591499156454,0.15494591499220617,0.15494591499289354,0.15494591499316937,0.15494591499264493,0.15494591499220617,0.15494591499264493,0.15494591499316937,0.15494591499353846,0.15494591499316937,0.15494591499289354,0.15494591499316937,0.15494591499353846,0.1535782210207385,0.1535782210198138,0.1535782210190482,0.1535782210198138,0.1535782210207385,0.1535782210198138,0.15357822101832175,0.1535782210168319,0.15357822101832175,0.1535782210198138,0.1535782210190482,0.1535782210168319,0.1535782210140982,0.1535782210168319,0.1535782210190482,0.1535782210198138,0.15357822101832175,0.1535782210168319,0.15357822101832175,0.1535782210198138,0.1535782210207385,0.1535782210198138,0.1535782210190482,0.1535782210198138,0.1535782210207385,0.15223780417076568,0.152237804168741,0.15223780416680624,0.152237804168741,0.15223780417076568,0.152237804168741,0.1522378041648794,0.15223780415991234,0.1522378041648794,0.152237804168741,0.15223780416680624,0.15223780415991234,0.1522378041467485,0.15223780415991234,0.15223780416680624,0.152237804168741,0.1522378041648794,0.15223780415991234,0.1522378041648794,0.152237804168741,0.15223780417076568,0.152237804168741,0.15223780416680624,0.152237804168741,0.15223780417076568,0.1509240932515207,0.15092409324809017,0.15092409324419356,0.15092409324809017,0.1509240932515207,0.15092409324809017,0.15092409324018682,0.15092409322582065,0.15092409324018682,0.15092409324809017,0.15092409324419356,0.15092409322582065,0.15092409315404923,0.15092409322582065,0.15092409324419356,0.15092409324809017,0.15092409324018682,0.15092409322582065,0.15092409324018682,0.15092409324809017,0.1509240932515207,0.15092409324809017,0.15092409324419356,0.15092409324809017,0.1509240932515207,0.1496365234042457,0.1496365234009481,0.14963652339734568,0.1496365234009481,0.1496365234042457,0.1496365234009481,0.14963652339365457,0.14963652338146224,0.14963652339365457,0.1496365234009481,0.14963652339734568,0.14963652338146224,0.1496365233282346,0.14963652338146224,0.14963652339734568,0.1496365234009481,0.14963652339365457,0.14963652338146224,0.14963652339365457,0.1496365234009481,0.1496365234042457,0.1496365234009481,0.14963652339734568,0.1496365234009481,0.1496365234042457,0.14837453668514494,0.14837453668301845,0.14837453668082992,0.14837453668301845,0.14837453668514494,0.14837453668301845,0.14837453667861467,0.14837453667187014,0.14837453667861467,0.14837453668301845,0.14837453668082992,0.14837453667187014,0.14837453664493447,0.14837453667187014,0.14837453668082992,0.14837453668301845,0.14837453667861467,0.14837453667187014,0.14837453667861467,0.14837453668301845,0.14837453668514494,0.14837453668301845,0.14837453668082992,0.14837453668301845,0.14837453668514494,0.14713758257471163,0.14713758257399262,0.14713758257335646,0.14713758257399262,0.14713758257471163,0.14713758257399262,0.147137582572739,0.14713758257127701,0.147137582572739,0.14713758257399262,0.14713758257335646,0.14713758257127701,0.14713758256739556,0.14713758257127701,0.14713758257335646,0.14713758257399262,0.147137582572739,0.14713758257127701,0.147137582572739,0.14713758257399262,0.14713758257471163,0.14713758257399262,0.14713758257335646,0.14713758257399262,0.14713758257471163,0.1459251184171848,0.14592511841761624,0.14592511841817712,0.14592511841761624,0.1459251184171848,0.14592511841761624,0.14592511841877526,0.14592511842106318,0.14592511841877526,0.14592511841761624,0.14592511841817712,0.14592511842106318,0.1459251184324294,0.14592511842106318,0.14592511841817712,0.14592511841761624,0.14592511841877526,0.14592511842106318,0.14592511841877526,0.14592511841761624,0.1459251184171848,0.14592511841761624,0.14592511841817712,0.14592511841761624,0.1459251184171848,0.14473660979501207,0.1447366097961704,0.14473660979745262,0.1447366097961704,0.14473660979501207,0.1447366097961704,0.14473660979877326,0.1447366098031625,0.14473660979877326,0.1447366097961704,0.14473660979745262,0.1447366098031625,0.14473660982246125,0.1447366098031625,0.14473660979745262,0.1447366097961704,0.14473660979877326,0.1447366098031625,0.14473660979877326,0.1447366097961704,0.14473660979501207,0.1447366097961704,0.14473660979745262,0.1447366097961704,0.14473660979501207,0.14357153084397103,0.14357153084544294,0.1435715308470237,0.14357153084544294,0.14357153084397103,0.14357153084544294,0.1435715308486366,0.1435715308538973,0.1435715308486366,0.14357153084544294,0.1435715308470237,0.1435715308538973,0.1435715308769534,0.1435715308538973,0.1435715308470237,0.14357153084544294,0.1435715308486366,0.1435715308538973,0.1435715308486366,0.14357153084544294,0.14357153084397103,0.14357153084544294,0.1435715308470237,0.14357153084544294,0.14357153084397103,0.1424293645145335,0.14242936451595367,0.1424293645174148,0.14242936451595367,0.1424293645145335,0.14242936451595367,0.14242936451888816,0.1424293645234564,0.14242936451888816,0.14242936451595367,0.1424293645174148,0.1424293645234564,0.14242936454237679,0.1424293645234564,0.1424293645174148,0.14242936451595367,0.14242936451888816,0.1424293645234564,0.14242936451888816,0.14242936451595367,0.1424293645145335,0.14242936451595367,0.1424293645174148,0.14242936451595367,0.1424293645145335,0.1413096027846561,0.14130960278588564,0.1413096027870772,0.14130960278588564,0.1413096027846561,0.14130960278588564,0.14130960278825758,0.14130960279164406,0.14130960278825758,0.14130960278588564,0.1413096027870772,0.14130960279164406,0.14130960280433935,0.14130960279164406,0.1413096027870772,0.14130960278588564,0.14130960278825758,0.14130960279164406,0.14130960278825758,0.14130960278588564,0.1413096027846561,0.14130960278588564,0.1413096027870772,0.14130960278588564,0.1413096027846561,0.14021174682823195,0.1402117468293986,0.14021174683047305,0.1402117468293986,0.14021174682823195,0.1402117468293986,0.14021174683151783,0.14021174683440116,0.14021174683151783,0.1402117468293986,0.14021174683047305,0.14021174683440116,0.14021174684549909,0.14021174683440116,0.14021174683047305,0.1402117468293986,0.14021174683151783,0.14021174683440116,0.14021174683151783,0.1402117468293986,0.14021174682823195,0.1402117468293986,0.14021174683047305,0.1402117468293986,0.14021174682823195,0.13913530714367225,0.1391353071450918,0.13913530714630498,0.1391353071450918,0.13913530714367225,0.1391353071450918,0.13913530714747152,0.13913530714998423,0.13913530714747135,0.1391353071450918,0.13913530714630498,0.13913530714998423,0.13913530715512193,0.13913530714998423,0.13913530714630498,0.1391353071450918,0.13913530714747135,0.13913530714998423,0.13913530714747135,0.1391353071450918,0.13913530714367225,0.1391353071450918,0.13913530714630498,0.1391353071450918,0.13913530714367225,0.1380798036467213,0.13807980364908568,0.13807980365138947,0.13807980364908568,0.1380798036467213,0.13807980364908568,0.13807980365369896,0.13807980365979658,0.13807980365369896,0.13807980364908568,0.13807980365138947,0.13807980365979658,0.13807980367644415,0.13807980365979658,0.13807980365138947,0.13807980364908568,0.13807980365369896,0.13807980365979658,0.13807980365369896,0.13807980364908568,0.1380798036467213,0.13807980364908568,0.13807980365138947,0.13807980364908568,0.1380798036467213,0.13704476573051683,0.13704476573402133,0.1370447657382076,0.13704476573402133,0.13704476573051683,0.13704476573402133,0.13704476574253283,0.13704476575940944,0.13704476574253283,0.13704476573402133,0.1370447657382076,0.13704476575940944,0.13704476585237382,0.13704476575940944,0.1370447657382076,0.13704476573402133,0.13704476574253283,0.13704476575940944,0.13704476574253283,0.13704476573402133,0.13704476573051683,0.13704476573402133,0.1370447657382076,0.13704476573402133,0.13704476573051683,0.1360297322983536,0.13602973230076051,0.13602973230310206,0.13602973230076051,0.1360297322983536,0.13602973230076051,0.13602973230544468,0.13602973231167031,0.13602973230544468,0.13602973230076051,0.13602973230310206,0.13602973231167031,0.1360297323288745,0.13602973231167031,0.13602973230310206,0.13602973230076051,0.13602973230544468,0.13602973231167031,0.13602973230544468,0.13602973230076051,0.1360297322983536,0.13602973230076051,0.13602973230310206,0.13602973230076051,0.1360297322983536,0.135034251774374,0.13503425177587297,0.13503425177710665,0.13503425177587297,0.135034251774374,0.13503425177587297,0.13503425177827497,0.13503425178064782,0.13503425177827497,0.13503425177587297,0.13503425177710665,0.13503425178064782,0.13503425178494974,0.13503425178064782,0.13503425177710665,0.13503425177587297,0.13503425177827497,0.13503425178064782,0.13503425177827497,0.13503425177587297,0.135034251774374,0.13503425177587297,0.13503425177710665,0.13503425177587297,0.135034251774374
0.16533248791097777,0.16533248791097754,0.1653324879109773,0.16533248791097754,0.16533248791097777,0.16533248791097754,0.1653324879109773,0.16533248791097704,0.1653324879109773,0.16533248791097754,0.1653324879109773,0.16533248791097704,0.16533248791097682,0.16533248791097704,0.1653324879109773,0.16533248791097754,0.1653324879109773,0.16533248791097704,0.1653324879109773,0.16533248791097754,0.16533248791097777,0.16533248791097754,0.1653324879109773,0.16533248791097754,0.16533248791097777,0.16375749418968372,0.16375749418968302,0.16375749418968255,0.16375749418968302,0.16375749418968372,0.16375749418968302,0.16375749418968233,0.16375749418968208,0.16375749418968233,0.16375749418968302,0.16375749418968255,0.16375749418968208,0.1637574941896816,0.16375749418968208,0.16375749418968255,0.16375749418968302,0.16375749418968233,0.16375749418968208,0.16375749418968233,0.16375749418968302,0.16375749418968372,0.16375749418968302,0.16375749418968255,0.16375749418968302,0.16375749418968372,0.1622138844003353,0.1622138844003335,0.16221388440033235,0.1622138844003335,0.1622138844003353,0.1622138844003335,0.1622138844003317,0.1622138844003303,0.1622138844003317,0.1622138844003335,0.16221388440033235,0.1622138844003303,0.16221388440032916,0.1622138844003303,0.16221388440033235,0.1622138844003335,0.1622138844003317,0.1622138844003303,0.1622138844003317,0.1622138844003335,0.1622138844003353,0.1622138844003335,0.16221388440033235,0.1622138844003335,0.1622138844003353,0.16070106749997562,0.1607010674999703,0.1607010674999667,0.1607010674999703,0.16070106749997562,0.1607010674999703,0.16070106749996427,0.1607010674999603,0.16070106749996427,0.1607010674999703,0.1607010674999667,0.1607010674999603,0.1607010674999563,0.1607010674999603,0.1607010674999667,0.1607010674999703,0.16070106749996427,0.1607010674999603,0.16070106749996427,0.1607010674999703,0.16070106749997562,0.1607010674999703,0.1607010674999667,0.1607010674999703,0.16070106749997562,0.15921845186359032,0.159218451863574,0.15921845186356334,0.159218451863574,0.15921845186359032,0.159218451863574,0.15921845186355527,0.15921845186354286,0.15921845186355527,0.159218451863574,0.15921845186356334,0.15921845186354286,0.15921845186352895,0.15921845186354286,0.15921845186356334,0.159218451863574,0.15921845186355527,0.15921845186354286,0.15921845186355527,0.159218451863574,0.15921845186359032,0.159218451863574,0.15921845186356334,0.159218451863574,0.15921845186359032,0.15776544663596836,0.15776544663592057,0.1577654466358888,0.15776544663592057,0.15776544663596836,0.15776544663592057,0.15776544663586295,0.15776544663582287,0.15776544663586295,0.15776544663592057,0.1577654466358888,0.15776544663582287,0.15776544663577613,0.15776544663582287,0.1577654466358888,0.15776544663592057,0.15776544663586295,0.15776544663582287,0.15776544663586295,0.15776544663592057,0.15776544663596836,0.15776544663592057,0.1577654466358888,0.15776544663592057,0.15776544663596836,0.1563414629460543,0.1563414629459186,0.15634146294582388,0.1563414629459186,0.1563414629460543,0.1563414629459186,0.15634146294574316,0.15634146294561227,0.15634146294574316,0.1563414629459186,0.15634146294582388,0.15634146294561227,0.156341462945446,0.15634146294561227,0.15634146294582388,0.1563414629459186,0.15634146294574316,0.15634146294561227,0.15634146294574316,0.1563414629459186,0.1563414629460543,0.1563414629459186,0.15634146294582388,0.1563414629459186,0.1563414629460543,0.15494591499408256,0.1549459149937149,0.1549459149934403,0.1549459149937149,0.15494591499408256,0.1549459149937149,0.15494591499319293,0.15494591499275603,0.15494591499319293,0.1549459149937149,0.1549459149934403,0.15494591499275603,0.15494591499211724,0.15494591499275603,0.1549459149934403,0.1549459149937149,0.15494591499319293,0.15494591499275603,0.15494591499319293,0.1549459149937149,0.15494591499408256,0.1549459149937149,0.1549459149934403,0.1549459149937149,0.15494591499408256,0.15357822102126512,0.15357822102034463,0.15357822101958243,0.15357822102034463,0.15357822102126512,0.15357822102034463,0.15357822101885898,0.15357822101737556,0.15357822101885898,0.15357822102034463,0.15357822101958243,0.15357822101737556,0.15357822101465338,0.15357822101737556,0.15357822101958243,0.15357822102034463,0.15357822101885898,0.15357822101737556,0.15357822101885898,0.15357822102034463,0.15357822102126512,0.15357822102034463,0.15357822101958243,0.15357822102034463,0.15357822102126512,0.15223780417126645,0.152237804169251,0.15223780416732513,0.152237804169251,0.15223780417126645,0.152237804169251,0.15223780416540672,0.15223780416046095,0.15223780416540672,0.152237804169251,0.15223780416732513,0.15223780416046095,0.15223780414735122,0.15223780416046095,0.15223780416732513,0.152237804169251,0.15223780416540672,0.15223780416046095,0.15223780416540672,0.152237804169251,0.15223780417126645,0.152237804169251,0.15223780416732513,0.152237804169251,0.15223780417126645,0.15092409325197575,0.15092409324856224,0.150924093244684,0.15092409324856224,0.15092409325197575,0.15092409324856224,0.15092409324069597,0.15092409322639247,0.15092409324069597,0.15092409324856224,0.150924093244684,0.15092409322639247,0.15092409315487298,0.15092409322639247,0.150924093244684,0.15092409324856224,0.15092409324069597,0.15092409322639247,0.15092409324069597,0.15092409324856224,0.15092409325197575,0.15092409324856224,0.150924093244684,0.15092409324856224,0.15092409325197575,0.14963652340461953,0.14963652340134215,0.14963652339776146,0.14963652340134215,0.14963652340461953,0.14963652340134215,0.14963652339409267,0.14963652338197334,0.14963652339409267,0.14963652340134215,0.14963652339776146,0.14963652338197334,0.1496365233290658,0.14963652338197334,0.14963652339776146,0.14963652340134215,0.14963652339409267,0.14963652338197334,0.14963652339409267,0.14963652340134215,0.14963652340461953,0.14963652340134215,0.14963652339776146,0.14963652340134215,0.14963652340461953,0.14837453668539494,0.1483745366832859,0.14837453668111644,0.1483745366832859,0.14837453668539494,0.1483745366832859,0.148374536678921,0.14837453667224357,0.148374536678921,0.1483745366832859,0.14837453668111644,0.14837453667224357,0.148374536645653,0.14837453667224357,0.14837453668111644,0.1483745366832859,0.148374536678921,0.14837453667224357,0.148374536678921,0.1483745366832859,0.14837453668539494,0.1483745366832859,0.14837453668111644,0.1483745366832859,0.14837453668539494,0.14713758257480025,0.14713758257408963,0.14713758257346218,0.14713758257408963,0.14713758257480025,0.14713758257408963,0.1471375825728538,0.14713758257142126,0.1471375825728538,0.14713758257408963,0.14713758257346218,0.14713758257142126,0.1471375825677042,0.14713758257142126,0.14713758257346218,0.14713758257408963,0.1471375825728538,0.14713758257142126,0.1471375825728538,0.14713758257408963,0.14713758257480025,0.14713758257408963,0.14713758257346218,0.14713758257408963,0.14713758257480025,0.14592511841709271,0.14592511841752132,0.1459251184180783,0.14592511841752132,0.14592511841709271,0.14592511841752132,0.1459251184186725,0.14592511842094372,0.1459251184186725,0.14592511841752132,0.1459251184180783,0.14592511842094372,0.14592511843220896,0.14592511842094372,0.1459251184180783,0.14592511841752132,0.1459251184186725,0.14592511842094372,0.1459251184186725,0.14592511841752132,0.14592511841709271,0.14592511841752132,0.1459251184180783,0.14592511841752132,0.14592511841709271,0.1447366097947429,0.14473660979589004,0.1447366097971599,0.14473660979589004,0.1447366097947429,0.14473660979589004,0.14473660979846834,0.1447366098028167,0.14473660979846834,0.14473660979589004,0.1447366097971599,0.1447366098028167,0.1447366098219259,0.1447366098028167,0.1447366097971599,0.14473660979589004,0.14473660979846834,0.1447366098028167,0.14473660979846834,0.14473660979589004,0.1447366097947429,0.14473660979589004,0.1447366097971599,0.14473660979589004,0.1447366097947429,0.1435715308435453,0.14357153084500113,0.14357153084656443,0.14357153084500113,0.1435715308435453,0.14357153084500113,0.14357153084815918,0.14357153085335983,0.14357153084815918,0.14357153084500113,0.14357153084656443,0.14357153085335983,0.14357153087617053,0.14357153085335983,0.14357153084656443,0.14357153084500113,0.14357153084815918,0.14357153085335983,0.14357153084815918,0.14357153084500113,0.1435715308435453,0.14357153084500113,0.14357153084656443,0.14357153084500113,0.1435715308435453,0.1424293645139821,0.14242936451538651,0.1424293645168307,0.14242936451538651,0.1424293645139821,0.14242936451538651,0.14242936451828694,0.14242936452279878,0.14242936451828694,0.14242936451538651,0.1424293645168307,0.14242936452279878,0.14242936454146893,0.14242936452279878,0.1424293645168307,0.14242936451538651,0.14242936451828694,0.14242936452279878,0.14242936451828694,0.14242936451538651,0.1424293645139821,0.14242936451538651,0.1424293645168307,0.14242936451538651,0.1424293645139821,0.14130960278400959,0.14130960278522747,0.1413096027864075,0.14130960278522747,0.14130960278400959,0.14130960278522747,0.14130960278757634,0.14130960279093033,0.14130960278757634,0.14130960278522747,0.1413096027864075,0.14130960279093033,0.1413096028035164,0.14130960279093033,0.1413096027864075,0.14130960278522747,0.14130960278757634,0.14130960279093033,0.14130960278757634,0.14130960278522747,0.14130960278400959,0.14130960278522747,0.1413096027864075,0.14130960278522747,0.14130960278400959,0.14021174682751325,0.14021174682867138,0.14021174682973805,0.14021174682867138,0.14021174682751325,0.14021174682867138,0.14021174683077509,0.14021174683363685,0.14021174683077509,0.14021174682867138,0.14021174682973805,0.14021174683363685,0.14021174684465587,0.14021174683363685,0.14021174682973805,0.14021174682867138,0.14021174683077509,0.14021174683363685,0.14021174683077509,0.14021174682867138,0.14021174682751325,0.14021174682867138,0.14021174682973805,0.14021174682867138,0.14021174682751325,0.1391353071428972,0.13913530714431024,0.13913530714551772,0.13913530714431024,0.1391353071428972,0.13913530714431024,0.13913530714667893,0.1391353071491801,0.13913530714667893,0.13913530714431024,0.13913530714551772,0.1391353071491801,0.13913530715429295,0.1391353071491801,0.13913530714551772,0.13913530714431024,0.13913530714667893,0.1391353071491801,0.13913530714667893,0.13913530714431024,0.1391353071428972,0.13913530714431024,0.13913530714551772,0.13913530714431024,0.1391353071428972,0.1380798036459024,0.138079803648259,0.13807980365055517,0.138079803648259,0.1380798036459024,0.138079803648259,0.13807980365285724,0.13807980365893593,0.13807980365285724,0.138079803648259,0.13807980365055517,0.13807980365893593,0.1380798036755328,0.13807980365893593,0.13807980365055517,0.138079803648259,0.13807980365285724,0.13807980365893593,0.13807980365285724,0.138079803648259,0.1380798036459024,0.138079803648259,0.13807980365055517,0.138079803648259,0.1380798036459024,0.13704476572966964,0.13704476573316351,0.13704476573733718,0.13704476573316351,0.13704476572966964,0.13704476573316351,0.13704476574164964,0.13704476575847666,0.13704476574164964,0.13704476573316351,0.13704476573733718,0.13704476575847666,0.13704476585115857,0.13704476575847666,0.13704476573733718,0.13704476573316351,0.13704476574164964,0.13704476575847666,0.13704476574164964,0.13704476573316351,0.13704476572966964,0.13704476573316351,0.13704476573733718,0.13704476573316351,0.13704476572966964,0.13602973229749923,0.13602973229989895,0.13602973230223353,0.13602973229989895,0.13602973229749923,0.13602973229989895,0.13602973230456927,0.13602973231077672,0.13602973230456927,0.13602973229989895,0.13602973230223353,0.13602973231077672,0.13602973232793053,0.13602973231077672,0.13602973230223353,0.13602973229989895,0.13602973230456927,0.13602973231077672,0.13602973230456927,0.13602973229989895,0.13602973229749923,0.13602973229989895,0.13602973230223353,0.13602973229989895,0.13602973229749923,0.13503425177352674,0.13503425177502143,0.13503425177625145,0.13503425177502143,0.13503425177352674,0.13503425177502143,0.13503425177741624,0.13503425177978207,0.13503425177741624,0.13503425177502143,0.13503425177625145,0.13503425177978207,0.13503425178407158,0.13503425177978207,0.13503425177625145,0.13503425177502143,0.13503425177741624,0.13503425177978207,0.13503425177741624,0.13503425177502143,0.13503425177352674,0.13503425177502143,0.13503425177625145,0.13503425177502143,0.13503425177352674
0.16533248791159227,0.165332487911592,0.1653324879115918,0.165332487911592,0.16533248791159227,0.165332487911592,0.1653324879115918,0.16533248791159155,0.1653324879115918,0.165332487911592,0.1653324879115918,0.16533248791159155,0.16533248791159133,0.16533248791159155,0.1653324879115918,0.165332487911592,0.1653324879115918,0.16533248791159155,0.1653324879115918,0.165332487911592,0.16533248791159227,0.165332487911592,0.1653324879115918,0.165332487911592,0.16533248791159227,0.16375749419028574,0.16375749419028504,0.16375749419028482,0.16375749419028504,0.16375749419028574,0.16375749419028504,0.16375749419028438,0.16375749419028413,0.16375749419028438,0.16375749419028504,0.16375749419028482,0.16375749419028413,0.16375749419028368,0.16375749419028413,0.16375749419028482,0.16375749419028504,0.16375749419028438,0.16375749419028413,0.16375749419028438,0.16375749419028504,0.16375749419028574,0.16375749419028504,0.16375749419028482,0.16375749419028504,0.16375749419028574,0.1622138844009251,0.1622138844009233,0.16221388440092216,0.1622138844009233,0.1622138844009251,0.1622138844009233,0.16221388440092127,0.16221388440092013,0.16221388440092127,0.1622138844009233,0.16221388440092216,0.16221388440092013,0.162213884400919,0.16221388440092013,0.16221388440092216,0.1622138844009233,0.16221388440092127,0.16221388440092013,0.16221388440092127,0.1622138844009233,0.1622138844009251,0.1622138844009233,0.16221388440092216,0.1622138844009233,0.1622138844009251,0.1607010675005532,0.16070106750054766,0.1607010675005443,0.16070106750054766,0.1607010675005532,0.16070106750054766,0.1607010675005419,0.1607010675005379,0.1607010675005419,0.16070106750054766,0.1607010675005443,0.1607010675005379,0.16070106750053387,0.1607010675005379,0.1607010675005443,0.16070106750054766,0.1607010675005419,0.1607010675005379,0.1607010675005419,0.16070106750054766,0.1607010675005532,0.16070106750054766,0.1607010675005443,0.16070106750054766,0.1607010675005532,0.1592184518641555,0.1592184518641394,0.15921845186412875,0.1592184518641394,0.1592184518641555,0.1592184518641394,0.1592184518641209,0.15921845186410827,0.1592184518641209,0.1592184518641394,0.15921845186412875,0.15921845186410827,0.15921845186409458,0.15921845186410827,0.15921845186412875,0.1592184518641394,0.1592184518641209,0.15921845186410827,0.1592184518641209,0.1592184518641394,0.1592184518641555,0.1592184518641394,0.15921845186412875,0.1592184518641394,0.1592184518641555,0.15776544663652162,0.15776544663647404,0.15776544663644226,0.15776544663647404,0.15776544663652162,0.15776544663647404,0.15776544663641665,0.15776544663637673,0.15776544663641665,0.15776544663647404,0.15776544663644226,0.15776544663637673,0.15776544663633002,0.15776544663637673,0.15776544663644226,0.15776544663647404,0.15776544663641665,0.15776544663637673,0.15776544663641665,0.15776544663647404,0.15776544663652162,0.15776544663647404,0.15776544663644226,0.15776544663647404,0.15776544663652162,0.15634146294659504,0.15634146294645976,0.15634146294636544,0.15634146294645976,0.15634146294659504,0.15634146294645976,0.15634146294628515,0.1563414629461547,0.15634146294628515,0.15634146294645976,0.15634146294636544,0.1563414629461547,0.15634146294598905,0.1563414629461547,0.15634146294636544,0.15634146294645976,0.15634146294628515,0.1563414629461547,0.15634146294628515,0.15634146294645976,0.15634146294659504,0.15634146294645976,0.15634146294636544,0.15634146294645976,0.15634146294659504,0.1549459149946094,0.15494591499424343,0.15494591499397004,0.15494591499424343,0.1549459149946094,0.15494591499424343,0.1549459149937237,0.15494591499328864,0.1549459149937237,0.15494591499424343,0.15494591499397004,0.15494591499328864,0.1549459149926523,0.15494591499328864,0.15494591499397004,0.15494591499424343,0.1549459149937237,0.15494591499328864,0.1549459149937237,0.15494591499424343,0.1549459149946094,0.15494591499424343,0.15494591499397004,0.15494591499424343,0.1549459149946094,0.15357822102177524,0.1535782210208588,0.15357822102009983,0.1535782210208588,0.15357822102177524,0.1535782210208588,0.1535782210193796,0.1535782210179024,0.1535782210193796,0.1535782210208588,0.15357822102009983,0.1535782210179024,0.15357822101519122,0.1535782210179024,0.15357822102009983,0.1535782210208588,0.1535782210193796,0.1535782210179024,0.1535782210193796,0.1535782210208588,0.15357822102177524,0.1535782210208588,0.15357822102009983,0.1535782210208588,0.15357822102177524,0.15223780417175126,0.15223780416974506,0.15223780416782745,0.15223780416974506,0.15223780417175126,0.15223780416974506,0.15223780416591753,0.15223780416099242,0.15223780416591753,0.15223780416974506,0.15223780416782745,0.15223780416099242,0.15223780414793506,0.15223780416099242,0.15223780416782745,0.15223780416974506,0.15223780416591753,0.15223780416099242,0.15223780416591753,0.15223780416974506,0.15223780417175126,0.15223780416974506,0.15223780416782745,0.15223780416974506,0.15223780417175126,0.15092409325241643,0.15092409324901948,0.15092409324515896,0.15092409324901948,0.15092409325241643,0.15092409324901948,0.15092409324118924,0.15092409322694655,0.15092409324118924,0.15092409324901948,0.15092409324515896,0.15092409322694655,0.1509240931557255,0.15092409322694655,0.15092409324515896,0.15092409324901948,0.15092409324118924,0.15092409322694655,0.15092409324118924,0.15092409324901948,0.15092409325241643,0.15092409324901948,0.15092409324515896,0.15092409324901948,0.15092409325241643,0.14963652340498143,0.1496365234017235,0.14963652339816383,0.1496365234017235,0.14963652340498143,0.1496365234017235,0.14963652339451677,0.149636523382468,0.14963652339451677,0.1496365234017235,0.14963652339816383,0.149636523382468,0.14963652332988983,0.149636523382468,0.14963652339816383,0.1496365234017235,0.14963652339451677,0.149636523382468,0.14963652339451677,0.1496365234017235,0.14963652340498143,0.1496365234017235,0.14963652339816383,0.1496365234017235,0.14963652340498143,0.14837453668563702,0.14837453668354483,0.14837453668139386,0.14837453668354483,0.14837453668563702,0.14837453668354483,0.14837453667921754,0.1483745366726046,0.14837453667921754,0.14837453668354483,0.14837453668139386,0.1483745366726046,0.14837453664629888,0.1483745366726046,0.14837453668139386,0.14837453668354483,0.14837453667921754,0.1483745366726046,0.14837453667921754,0.14837453668354483,0.14837453668563702,0.14837453668354483,0.14837453668139386,0.14837453668354483,0.14837453668563702,0.1471375825748862,0.14713758257418372,0.147137582573565,0.14713758257418372,0.1471375825748862,0.14713758257418372,0.14713758257296533,0.14713758257156132,0.14713758257296533,0.14713758257418372,0.147137582573565,0.14713758257156132,0.14713758256796158,0.14713758257156132,0.147137582573565,0.14713758257418372,0.14713758257296533,0.14713758257156132,0.14713758257296533,0.14713758257418372,0.1471375825748862,0.14713758257418372,0.147137582573565,0.14713758257418372,0.1471375825748862,0.1459251184170039,0.14592511841742978,0.14592511841798322,0.14592511841742978,0.1459251184170039,0.14592511841742978,0.1459251184185735,0.14592511842082886,0.1459251184185735,0.14592511841742978,0.14592511841798322,0.14592511842082886,0.14592511843199954,0.14592511842082886,0.14592511841798322,0.14592511841742978,0.1459251184185735,0.14592511842082886,0.1459251184185735,0.14592511841742978,0.1459251184170039,0.14592511841742978,0.14592511841798322,0.14592511841742978,0.1459251184170039,0.14473660979448247,0.14473660979561898,0.14473660979687714,0.14473660979561898,0.14473660979448247,0.14473660979561898,0.14473660979817335,0.1447366098024828,0.14473660979817335,0.14473660979561898,0.14473660979687714,0.1447366098024828,0.14473660982142458,0.1447366098024828,0.14473660979687714,0.14473660979561898,0.14473660979817335,0.1447366098024828,0.14473660979817335,0.14473660979561898,0.14473660979448247,0.14473660979561898,0.14473660979687714,0.14473660979561898,0.14473660979448247,0.14357153084313293,0.14357153084457336,0.14357153084611954,0.14357153084457336,0.14357153084313293,0.14357153084457336,0.14357153084769703,0.1435715308528393,0.14357153084769703,0.14357153084457336,0.14357153084611954,0.1435715308528393,0.14357153087536598,0.1435715308528393,0.14357153084611954,0.14357153084457336,0.14357153084769703,0.1435715308528393,0.14357153084769703,0.14357153084457336,0.14357153084313293,0.14357153084457336,0.14357153084611954,0.14357153084457336,0.14357153084313293,0.14242936451344798,0.14242936451483712,0.14242936451626484,0.14242936451483712,0.14242936451344798,0.14242936451483712,0.14242936451770433,0.1424293645221615,0.14242936451770433,0.14242936451483712,0.14242936451626484,0.1424293645221615,0.14242936454058722,0.1424293645221615,0.14242936451626484,0.14242936451483712,0.14242936451770433,0.1424293645221615,0.14242936451770433,0.14242936451483712,0.14242936451344798,0.14242936451483712,0.14242936451626484,0.14242936451483712,0.14242936451344798,0.1413096027833833,0.14130960278458982,0.1413096027857587,0.14130960278458982,0.1413096027833833,0.14130960278458982,0.1413096027869165,0.14130960279023855,0.1413096027869165,0.14130960278458982,0.1413096027857587,0.14130960279023855,0.14130960280270227,0.14130960279023855,0.1413096027857587,0.14130960278458982,0.1413096027869165,0.14130960279023855,0.1413096027869165,0.14130960278458982,0.1413096027833833,0.14130960278458982,0.1413096027857587,0.14130960278458982,0.1413096027833833,0.14021174682681678,0.140211746827967,0.14021174682902612,0.140211746827967,0.14021174682681678,0.140211746827967,0.14021174683005555,0.1402117468328962,0.14021174683005555,0.140211746827967,0.14021174682902612,0.1402117468328962,0.14021174684382415,0.1402117468328962,0.14021174682902612,0.140211746827967,0.14021174683005555,0.1402117468328962,0.14021174683005555,0.140211746827967,0.14021174682681678,0.140211746827967,0.14021174682902612,0.140211746827967,0.14021174682681678,0.13913530714214634,0.13913530714355304,0.13913530714475517,0.13913530714355304,0.13913530714214634,0.13913530714355304,0.1391353071459113,0.13913530714840108,0.1391353071459113,0.13913530714355304,0.13913530714475517,0.13913530714840108,0.1391353071534899,0.13913530714840108,0.13913530714475517,0.13913530714355304,0.1391353071459113,0.13913530714840108,0.1391353071459113,0.13913530714355304,0.13913530714214634,0.13913530714355304,0.13913530714475517,0.13913530714355304,0.13913530714214634,0.1380798036451092,0.13807980364745806,0.1380798036497471,0.13807980364745806,0.1380798036451092,0.13807980364745806,0.138079803652042,0.13807980365810213,0.138079803652042,0.13807980364745806,0.1380798036497471,0.13807980365810213,0.13807980367464998,0.13807980365810213,0.1380798036497471,0.13807980364745806,0.138079803652042,0.13807980365810213,0.138079803652042,0.13807980364745806,0.1380798036451092,0.13807980364745806,0.1380798036497471,0.13807980364745806,0.1380798036451092,0.13704476572884877,0.13704476573233246,0.1370447657364941,0.13704476573233246,0.13704476572884877,0.13704476573233246,0.1370447657407941,0.1370447657575732,0.1370447657407941,0.13704476573233246,0.1370447657364941,0.1370447657575732,0.1370447658500017,0.1370447657575732,0.1370447657364941,0.13704476573233246,0.1370447657407941,0.1370447657575732,0.1370447657407941,0.13704476573233246,0.13704476572884877,0.13704476573233246,0.1370447657364941,0.13704476573233246,0.13704476572884877,0.13602973229667156,0.13602973229906426,0.1360297323013923,0.13602973229906426,0.13602973229667156,0.13602973229906426,0.13602973230372128,0.13602973230991114,0.13602973230372128,0.13602973229906426,0.1360297323013923,0.13602973230991114,0.13602973232701632,0.13602973230991114,0.1360297323013923,0.13602973229906426,0.13602973230372128,0.13602973230991114,0.13602973230372128,0.13602973229906426,0.13602973229667156,0.13602973229906426,0.1360297323013923,0.13602973229906426,0.13602973229667156,0.13503425177270617,0.1350342517741965,0.135034251775423,0.1350342517741965,0.13503425177270617,0.1350342517741965,0.13503425177658446,0.1350342517789437,0.13503425177658446,0.1350342517741965,0.135034251775423,0.1350342517789437,0.13503425178322076,0.13503425177894357,0.135034251775423,0.1350342517741965,0.13503425177658446,0.13503425177894357,0.13503425177658446,0.1350342517741965,0.13503425177270617,0.1350342517741965,0.135034251775423,0.1350342517741965,0.13503425177270617
0.16533248791218697,0.16533248791218672,0.16533248791218672,0.16533248791218672,0.16533248791218697,0.16533248791218672,0.1653324879121865,0.1653324879121865,0.1653324879121865,0.16533248791218672,0.16533248791218672,0.1653324879121865,0.16533248791218624,0.1653324879121865,0.16533248791218672,0.16533248791218672,0.1653324879121865,0.1653324879121865,0.1653324879121865,0.16533248791218672,0.16533248791218697,0.16533248791218672,0.16533248791218672,0.16533248791218672,0.16533248791218697,0.1637574941908686,0.16375749419086813,0.16375749419086766,0.16375749419086813,0.1637574941908686,0.16375749419086813,0.16375749419086744,0.16375749419086721,0.16375749419086744,0.16375749419086813,0.16375749419086766,0.16375749419086721,0.16375749419086674,0.16375749419086721,0.16375749419086766,0.16375749419086813,0.16375749419086744,0.16375749419086721,0.16375749419086744,0.16375749419086813,0.1637574941908686,0.16375749419086813,0.16375749419086766,0.16375749419086813,0.16375749419086882,0.16221388440149634,0.16221388440149453,0.1622138844014934,0.16221388440149453,0.16221388440149634,0.16221388440149453,0.1622138844014927,0.16221388440149156,0.1622138844014927,0.16221388440149453,0.1622138844014934,0.16221388440149156,0.1622138844014902,0.16221388440149156,0.1622138844014934,0.16221388440149453,0.1622138844014927,0.16221388440149156,0.1622138844014927,0.16221388440149453,0.16221388440149634,0.16221388440149453,0.1622138844014934,0.16221388440149453,0.16221388440149634,0.16070106750111282,0.16070106750110746,0.1607010675011039,0.16070106750110746,0.16070106750111282,0.16070106750110746,0.16070106750110147,0.1607010675010977,0.16070106750110147,0.16070106750110746,0.1607010675011039,0.1607010675010977,0.16070106750109348,0.1607010675010977,0.1607010675011039,0.16070106750110746,0.16070106750110147,0.1607010675010977,0.16070106750110147,0.16070106750110746,0.16070106750111282,0.16070106750110746,0.1607010675011039,0.16070106750110746,0.16070106750111282,0.15921845186470351,0.1592184518646874,0.15921845186467695,0.1592184518646874,0.15921845186470351,0.1592184518646874,0.1592184518646689,0.1592184518646565,0.1592184518646689,0.1592184518646874,0.15921845186467695,0.1592184518646565,0.15921845186464278,0.1592184518646565,0.15921845186467695,0.1592184518646874,0.1592184518646689,0.1592184518646565,0.1592184518646689,0.1592184518646874,0.15921845186470351,0.1592184518646874,0.15921845186467695,0.1592184518646874,0.15921845186470351,0.1577654466370576,0.15776544663701023,0.15776544663697867,0.15776544663701023,0.1577654466370576,0.15776544663701023,0.15776544663695305,0.15776544663691336,0.15776544663695305,0.15776544663701023,0.15776544663697867,0.15776544663691336,0.15776544663686684,0.15776544663691336,0.15776544663697867,0.15776544663701023,0.15776544663695305,0.15776544663691336,0.15776544663695305,0.15776544663701023,0.1577654466370576,0.15776544663701023,0.15776544663697867,0.15776544663701023,0.1577654466370576,0.15634146294711887,0.1563414629469842,0.15634146294689033,0.1563414629469842,0.15634146294711887,0.1563414629469842,0.15634146294681023,0.1563414629466804,0.15634146294681023,0.1563414629469842,0.15634146294689033,0.1563414629466804,0.15634146294651538,0.1563414629466804,0.15634146294689033,0.1563414629469842,0.15634146294681023,0.1563414629466804,0.15634146294681023,0.1563414629469842,0.15634146294711887,0.1563414629469842,0.15634146294689033,0.1563414629469842,0.15634146294711887,0.1549459149951201,0.15494591499475574,0.1549459149944834,0.15494591499475574,0.1549459149951201,0.15494591499475574,0.1549459149942381,0.15494591499380467,0.1549459149942381,0.15494591499475574,0.1549459149944834,0.15494591499380467,0.154945914993171,0.15494591499380467,0.1549459149944834,0.15494591499475574,0.1549459149942381,0.15494591499380467,0.1549459149942381,0.15494591499475574,0.1549459149951201,0.15494591499475574,0.1549459149944834,0.15494591499475574,0.1549459149951201,0.15357822102226953,0.15357822102135688,0.15357822102060112,0.15357822102135688,0.15357822102226953,0.15357822102135688,0.15357822101988391,0.15357822101841273,0.15357822101988391,0.15357822102135688,0.15357822102060112,0.15357822101841273,0.1535782210157124,0.15357822101841273,0.15357822102060112,0.15357822102135688,0.15357822101988391,0.15357822101841273,0.15357822101988391,0.15357822102135688,0.15357822102226953,0.15357822102135688,0.15357822102060112,0.15357822102135688,0.15357822102226953,0.1522378041722211,0.15223780417022376,0.15223780416831442,0.15223780417022376,0.1522378041722211,0.15223780417022376,0.15223780416641258,0.15223780416150734,0.15223780416641258,0.15223780417022376,0.15223780416831442,0.15223780416150734,0.15223780414850097,0.15223780416150734,0.15223780416831442,0.15223780417022376,0.15223780416641258,0.15223780416150734,0.15223780416641258,0.15223780417022376,0.1522378041722211,0.15223780417022376,0.15223780416831442,0.15223780417022376,0.1522378041722211,0.15092409325284353,0.1509240932494626,0.15092409324561926,0.1509240932494626,0.15092409325284353,0.1509240932494626,0.1509240932416671,0.15092409322748362,0.1509240932416671,0.1509240932494626,0.15092409324561926,0.15092409322748362,0.15092409315654426,0.15092409322748362,0.15092409324561926,0.1509240932494626,0.1509240932416671,0.15092409322748362,0.1509240932416671,0.1509240932494626,0.15092409325284353,0.1509240932494626,0.15092409324561926,0.1509240932494626,0.15092409325284353,0.14963652340533237,0.14963652340209316,0.14963652339855393,0.14963652340209316,0.14963652340533237,0.14963652340209316,0.14963652339492764,0.1496365233829471,0.14963652339492764,0.14963652340209316,0.14963652339855393,0.1496365233829471,0.14963652333063843,0.1496365233829471,0.14963652339855393,0.14963652340209316,0.14963652339492764,0.1496365233829471,0.14963652339492764,0.14963652340209316,0.14963652340533237,0.14963652340209316,0.14963652339855393,0.14963652340209316,0.14963652340533237,0.1483745366858718,0.1483745366837959,0.14837453668166295,0.1483745366837959,0.1483745366858718,0.1483745366837959,0.14837453667950481,0.1483745366729543,0.14837453667950481,0.1483745366837959,0.14837453668166295,0.1483745366729543,0.1483745366469442,0.1483745366729543,0.14837453668166295,0.1483745366837959,0.14837453667950481,0.1483745366729543,0.14837453667950481,0.1483745366837959,0.1483745366858718,0.1483745366837959,0.14837453668166295,0.1483745366837959,0.1483745366858718,0.14713758257496992,0.1471375825742751,0.14713758257366472,0.1471375825742751,0.14713758257496992,0.1471375825742751,0.1471375825730736,0.1471375825716972,0.1471375825730736,0.1471375825742751,0.14713758257366472,0.1471375825716972,0.14713758256816087,0.1471375825716972,0.14713758257366472,0.1471375825742751,0.1471375825730736,0.1471375825716972,0.1471375825730736,0.1471375825742751,0.14713758257496992,0.1471375825742751,0.14713758257366472,0.1471375825742751,0.14713758257496992,0.14592511841691821,0.14592511841734165,0.1459251184178915,0.14592511841734165,0.14592511841691821,0.14592511841734165,0.1459251184184784,0.1459251184207188,0.1459251184184784,0.14592511841734165,0.1459251184178915,0.1459251184207188,0.1459251184318277,0.1459251184207188,0.1459251184178915,0.14592511841734165,0.1459251184184784,0.1459251184207188,0.1459251184184784,0.14592511841734165,0.14592511841691821,0.14592511841734165,0.1459251184178915,0.14592511841734165,0.14592511841691821,0.14473660979423045,0.14473660979535663,0.14473660979660344,0.14473660979535663,0.14473660979423045,0.14473660979535663,0.1447366097978881,0.14473660980216005,0.1447366097978881,0.14473660979535663,0.14473660979660344,0.14473660980216005,0.14473660982094125,0.14473660980216005,0.14473660979660344,0.14473660979535663,0.1447366097978881,0.14473660980216005,0.1447366097978881,0.14473660979535663,0.14473660979423045,0.14473660979535663,0.14473660979660344,0.14473660979535663,0.14473660979423045,0.14357153084273372,0.14357153084415908,0.14357153084568883,0.14357153084415908,0.14357153084273372,0.14357153084415908,0.14357153084724922,0.14357153085233504,0.14357153084724922,0.14357153084415908,0.14357153084568883,0.14357153085233504,0.1435715308746112,0.14357153085233504,0.14357153084568883,0.14357153084415908,0.14357153084724922,0.14357153085233504,0.14357153084724922,0.14357153084415908,0.14357153084273372,0.14357153084415908,0.14357153084568883,0.14357153084415908,0.14357153084273372,0.14242936451293028,0.1424293645143045,0.1424293645157163,0.1424293645143045,0.14242936451293028,0.1424293645143045,0.14242936451713967,0.1424293645215435,0.14242936451713967,0.1424293645143045,0.1424293645157163,0.1424293645215435,0.14242936453973823,0.1424293645215435,0.1424293645157163,0.1424293645143045,0.14242936451713967,0.1424293645215435,0.14242936451713967,0.1424293645143045,0.14242936451293028,0.1424293645143045,0.1424293645157163,0.1424293645143045,0.14242936451293028,0.14130960278277643,0.14130960278397176,0.14130960278512975,0.14130960278397176,0.14130960278277643,0.14130960278397176,0.14130960278627674,0.1413096027895682,0.14130960278627674,0.14130960278397176,0.14130960278512975,0.1413096027895682,0.14130960280192847,0.1413096027895682,0.14130960278512975,0.14130960278397176,0.14130960278627674,0.1413096027895682,0.14130960278627674,0.14130960278397176,0.14130960278277643,0.14130960278397176,0.14130960278512975,0.14130960278397176,0.14130960278277643,0.14021174682614213,0.1402117468272844,0.14021174682833598,0.1402117468272844,0.14021174682614213,0.1402117468272844,0.14021174682935816,0.14021174683217846,0.14021174682935816,0.1402117468272844,0.14021174682833598,0.14021174683217846,0.1402117468430382,0.14021174683217846,0.14021174682833598,0.1402117468272844,0.14021174682935816,0.14021174683217846,0.14021174682935816,0.1402117468272844,0.14021174682614213,0.1402117468272844,0.14021174682833598,0.1402117468272844,0.14021174682614213,0.1391353071414187,0.1391353071428194,0.1391353071440163,0.1391353071428194,0.1391353071414187,0.1391353071428194,0.1391353071451672,0.13913530714764624,0.1391353071451672,0.1391353071428194,0.1391353071440163,0.13913530714764624,0.13913530715271183,0.13913530714764624,0.1391353071440163,0.1391353071428194,0.1391353071451672,0.13913530714764624,0.1391353071451672,0.1391353071428194,0.1391353071414187,0.1391353071428194,0.1391353071440163,0.1391353071428194,0.1391353071414187,0.13807980364434047,0.13807980364668193,0.13807980364896397,0.13807980364668193,0.13807980364434047,0.13807980364668193,0.13807980365125191,0.1380798036572942,0.13807980365125191,0.13807980364668193,0.13807980364896397,0.1380798036572942,0.13807980367379463,0.1380798036572942,0.13807980364896397,0.13807980364668193,0.13807980365125191,0.1380798036572942,0.13807980365125191,0.13807980364668193,0.13807980364434047,0.13807980364668193,0.13807980364896397,0.13807980364668193,0.13807980364434047,0.13704476572805344,0.13704476573152724,0.1370447657356772,0.13704476573152724,0.13704476572805344,0.13704476573152724,0.13704476573996519,0.1370447657566978,0.13704476573996519,0.13704476573152724,0.1370447657356772,0.1370447657566978,0.1370447658488646,0.1370447657566978,0.1370447657356772,0.13704476573152724,0.13704476573996519,0.1370447657566978,0.13704476573996519,0.13704476573152724,0.13704476572805344,0.13704476573152724,0.1370447657356772,0.13704476573152724,0.13704476572805344,0.13602973229586934,0.13602973229825535,0.13602973230057697,0.13602973229825535,0.13602973229586934,0.13602973229825535,0.13602973230289941,0.13602973230907212,0.13602973230289941,0.13602973229825535,0.13602973230057697,0.13602973230907212,0.13602973232613003,0.13602973230907212,0.1360297323005768,0.13602973229825535,0.13602973230289941,0.13602973230907212,0.13602973230289941,0.13602973229825535,0.13602973229586934,0.13602973229825535,0.1360297323005768,0.13602973229825535,0.13602973229586934,0.1350342517719105,0.1350342517733967,0.1350342517746199,0.1350342517733967,0.1350342517719105,0.1350342517733967,0.13503425177577807,0.13503425177813075,0.13503425177577807,0.1350342517733967,0.1350342517746199,0.13503425177813075,0.13503425178239611,0.13503425177813075,0.1350342517746199,0.1350342517733967,0.13503425177577807,0.13503425177813075,0.13503425177577807,0.1350342517733967,0.1350342517719105,0.1350342517733967,0.1350342517746199,0.1350342517733967,0.1350342517719105
0.16533248791276442,0.1653324879127642,0.16533248791276395,0.1653324879127642,0.16533248791276442,0.1653324879127642,0.16533248791276395,0.1653324879127637,0.16533248791276395,0.1653324879127642,0.16533248791276395,0.1653324879127637,0.1653324879127635,0.1653324879127637,0.16533248791276395,0.1653324879127642,0.16533248791276395,0.1653324879127637,0.16533248791276395,0.1653324879127642,0.16533248791276442,0.1653324879127642,0.16533248791276395,0.1653324879127642,0.16533248791276442,0.16375749419143434,0.16375749419143387,0.1637574941914334,0.16375749419143387,0.16375749419143434,0.16375749419143387,0.16375749419143318,0.16375749419143273,0.16375749419143318,0.16375749419143387,0.1637574941914334,0.16375749419143273,0.16375749419143248,0.16375749419143273,0.1637574941914334,0.16375749419143387,0.16375749419143318,0.16375749419143273,0.16375749419143318,0.16375749419143387,0.16375749419143434,0.16375749419143387,0.1637574941914334,0.16375749419143387,0.16375749419143434,0.16221388440205056,0.16221388440204876,0.1622138844020476,0.16221388440204876,0.16221388440205056,0.16221388440204876,0.16221388440204695,0.16221388440204557,0.16221388440204695,0.16221388440204876,0.1622138844020476,0.16221388440204557,0.16221388440204443,0.16221388440204557,0.1622138844020476,0.16221388440204876,0.16221388440204695,0.16221388440204557,0.16221388440204695,0.16221388440204876,0.16221388440205056,0.16221388440204876,0.1622138844020476,0.16221388440204876,0.16221388440205056,0.16070106750165555,0.1607010675016502,0.16070106750164664,0.1607010675016502,0.16070106750165555,0.1607010675016502,0.1607010675016442,0.16070106750164043,0.1607010675016442,0.1607010675016502,0.16070106750164664,0.16070106750164043,0.1607010675016362,0.16070106750164043,0.16070106750164664,0.1607010675016502,0.1607010675016442,0.16070106750164043,0.1607010675016442,0.1607010675016502,0.16070106750165555,0.1607010675016502,0.16070106750164664,0.1607010675016502,0.16070106750165555,0.15921845186523476,0.15921845186521863,0.1592184518652082,0.15921845186521863,0.15921845186523476,0.15921845186521863,0.15921845186520034,0.15921845186518793,0.15921845186520034,0.15921845186521863,0.1592184518652082,0.15921845186518793,0.15921845186517422,0.15921845186518793,0.1592184518652082,0.15921845186521863,0.15921845186520034,0.15921845186518793,0.15921845186520034,0.15921845186521863,0.15921845186523476,0.15921845186521863,0.1592184518652082,0.15921845186521863,0.15921845186523476,0.15776544663757758,0.1577654466375302,0.15776544663749884,0.1577654466375302,0.15776544663757758,0.1577654466375302,0.15776544663747322,0.15776544663743378,0.15776544663747322,0.1577654466375302,0.15776544663749884,0.15776544663743378,0.15776544663738745,0.15776544663743378,0.15776544663749884,0.1577654466375302,0.15776544663747322,0.15776544663743378,0.15776544663747322,0.1577654466375302,0.15776544663757758,0.1577654466375302,0.15776544663749884,0.1577654466375302,0.15776544663757758,0.156341462947627,0.15634146294749296,0.15634146294739928,0.15634146294749296,0.156341462947627,0.15634146294749296,0.15634146294731963,0.1563414629471902,0.15634146294731963,0.15634146294749296,0.15634146294739928,0.1563414629471902,0.15634146294702603,0.1563414629471902,0.15634146294739928,0.15634146294749296,0.15634146294731963,0.1563414629471902,0.15634146294731963,0.15634146294749296,0.156341462947627,0.15634146294749296,0.15634146294739928,0.15634146294749296,0.156341462947627,0.15494591499561544,0.1549459149952525,0.15494591499498117,0.1549459149952525,0.15494591499561544,0.1549459149952525,0.1549459149947369,0.1549459149943053,0.1549459149947369,0.1549459149952525,0.15494591499498117,0.1549459149943053,0.15494591499367413,0.1549459149943053,0.15494591499498117,0.1549459149952525,0.1549459149947369,0.1549459149943053,0.1549459149947369,0.1549459149952525,0.15494591499561544,0.1549459149952525,0.15494591499498117,0.1549459149952525,0.15494591499561544,0.15357822102274893,0.15357822102184013,0.15357822102108756,0.15357822102184013,0.15357822102274893,0.15357822102184013,0.15357822102037336,0.15357822101890778,0.15357822102037336,0.15357822102184013,0.15357822102108756,0.15357822101890778,0.1535782210162179,0.15357822101890778,0.15357822102108756,0.15357822102184013,0.15357822102037336,0.15357822101890778,0.15357822102037336,0.15357822102184013,0.15357822102274893,0.15357822102184013,0.15357822102108756,0.15357822102184013,0.15357822102274893,0.152237804172677,0.15223780417068813,0.15223780416878668,0.15223780417068813,0.152237804172677,0.15223780417068813,0.15223780416689267,0.1522378041620071,0.15223780416689267,0.15223780417068813,0.15223780416878668,0.1522378041620071,0.15223780414905017,0.1522378041620071,0.15223780416878668,0.15223780417068813,0.15223780416689267,0.1522378041620071,0.15223780416689267,0.15223780417068813,0.152237804172677,0.15223780417068813,0.15223780416878668,0.15223780417068813,0.152237804172677,0.15092409325325773,0.15092409324989225,0.15092409324606587,0.15092409324989225,0.15092409325325773,0.15092409324989225,0.15092409324213069,0.15092409322800449,0.15092409324213069,0.15092409324989225,0.15092409324606587,0.15092409322800449,0.1509240931573551,0.15092409322800449,0.15092409324606587,0.15092409324989225,0.15092409324213069,0.15092409322800449,0.15092409324213069,0.15092409324989225,0.15092409325325773,0.15092409324989225,0.15092409324606587,0.15092409324989225,0.15092409325325773,0.14963652340567254,0.1496365234024515,0.14963652339893208,0.1496365234024515,0.14963652340567254,0.1496365234024515,0.14963652339532607,0.1496365233834117,0.14963652339532607,0.1496365234024515,0.14963652339893208,0.1496365233834117,0.1496365233313908,0.1496365233834117,0.14963652339893208,0.1496365234024515,0.14963652339532607,0.1496365233834117,0.14963652339532607,0.1496365234024515,0.14963652340567254,0.1496365234024515,0.14963652339893208,0.1496365234024515,0.14963652340567254,0.14837453668609957,0.14837453668403927,0.14837453668192355,0.14837453668403927,0.14837453668609957,0.14837453668403927,0.14837453667978334,0.14837453667329292,0.14837453667978334,0.14837453668403927,0.14837453668192355,0.14837453667329292,0.14837453664755987,0.14837453667329292,0.14837453668192355,0.14837453668403927,0.14837453667978334,0.14837453667329292,0.14837453667978334,0.14837453668403927,0.14837453668609957,0.14837453668403927,0.14837453668192355,0.14837453668403927,0.14837453668609957,0.14713758257505113,0.14713758257436413,0.14713758257376172,0.14713758257436413,0.14713758257505113,0.14713758257436413,0.14713758257317897,0.14713758257182946,0.14713758257317897,0.14713758257436413,0.14713758257376172,0.14713758257182946,0.14713758256845663,0.14713758257182946,0.14713758257376172,0.14713758257436413,0.14713758257317897,0.14713758257182946,0.14713758257317897,0.14713758257436413,0.14713758257505113,0.14713758257436413,0.14713758257376172,0.14713758257436413,0.14713758257505113,0.14592511841683542,0.14592511841725636,0.145925118417803,0.14592511841725636,0.14592511841683542,0.14592511841725636,0.14592511841838637,0.1459251184206127,0.14592511841838637,0.14592511841725636,0.145925118417803,0.1459251184206127,0.14592511843160977,0.1459251184206127,0.145925118417803,0.14592511841725636,0.14592511841838637,0.1459251184206127,0.14592511841838637,0.14592511841725636,0.14592511841683542,0.14592511841725636,0.145925118417803,0.14592511841725636,0.14592511841683542,0.14473660979398625,0.1447366097951023,0.1447366097963383,0.1447366097951023,0.14473660979398625,0.1447366097951023,0.1447366097976118,0.1447366098018476,0.1447366097976118,0.1447366097951023,0.1447366097963383,0.1447366098018476,0.1447366098204897,0.1447366098018476,0.1447366097963383,0.1447366097951023,0.1447366097976118,0.1447366098018476,0.1447366097976118,0.1447366097951023,0.14473660979398625,0.1447366097951023,0.1447366097963383,0.1447366097951023,0.14473660979398625,0.1435715308423465,0.14357153084375732,0.14357153084527097,0.14357153084375732,0.1435715308423465,0.14357153084375732,0.14357153084681512,0.14357153085184582,0.14357153084681512,0.14357153084375732,0.14357153084527097,0.14357153085184582,0.14357153087385985,0.14357153085184582,0.14357153084527097,0.14357153084375732,0.14357153084681512,0.14357153085184582,0.14357153084681512,0.14357153084375732,0.1435715308423465,0.14357153084375732,0.14357153084527097,0.14357153084375732,0.1435715308423465,0.14242936451242805,0.14242936451378801,0.1424293645151842,0.14242936451378801,0.14242936451242805,0.14242936451378801,0.14242936451659163,0.14242936452094362,0.14242936451659163,0.14242936451378801,0.1424293645151842,0.14242936452094362,0.1424293645388941,0.14242936452094362,0.1424293645151842,0.14242936451378801,0.14242936451659163,0.14242936452094362,0.14242936451659163,0.14242936451378801,0.14242936451242805,0.14242936451378801,0.1424293645151842,0.14242936451378801,0.14242936451242805,0.1413096027821875,0.14130960278337212,0.1413096027845196,0.14130960278337212,0.1413096027821875,0.14130960278337212,0.14130960278565588,0.14130960278891758,0.14130960278565588,0.14130960278337212,0.1413096027845196,0.14130960278891758,0.14130960280116897,0.14130960278891758,0.1413096027845196,0.14130960278337212,0.14130960278565588,0.14130960278891758,0.14130960278565588,0.14130960278337212,0.1413096027821875,0.14130960278337212,0.1413096027845196,0.14130960278337212,0.1413096027821875,0.14021174682548726,0.14021174682662185,0.14021174682766643,0.14021174682662185,0.14021174682548726,0.14021174682662185,0.14021174682868154,0.14021174683148185,0.14021174682868154,0.14021174682662185,0.14021174682766643,0.14021174683148185,0.1402117468422632,0.14021174683148185,0.14021174682766643,0.14021174682662185,0.14021174682868154,0.14021174683148185,0.14021174682868154,0.14021174682662185,0.14021174682548726,0.14021174682662185,0.14021174682766643,0.14021174682662185,0.14021174682548726,0.1391353071407127,0.13913530714210726,0.13913530714329914,0.13913530714210726,0.1391353071407127,0.13913530714210726,0.13913530714444525,0.13913530714691355,0.13913530714444525,0.13913530714210726,0.13913530714329914,0.13913530714691355,0.13913530715195652,0.13913530714691355,0.13913530714329914,0.13913530714210726,0.13913530714444525,0.13913530714691355,0.13913530714444525,0.13913530714210726,0.1391353071407127,0.13913530714210726,0.13913530714329914,0.13913530714210726,0.1391353071407127,0.13807980364359443,0.1380798036459289,0.13807980364820396,0.1380798036459289,0.13807980364359443,0.1380798036459289,0.13807980365048525,0.13807980365651015,0.13807980365048525,0.1380798036459289,0.13807980364820396,0.13807980365651015,0.13807980367296455,0.13807980365651015,0.13807980364820396,0.1380798036459289,0.13807980365048525,0.13807980365651015,0.13807980365048525,0.1380798036459289,0.13807980364359443,0.1380798036459289,0.13807980364820396,0.1380798036459289,0.13807980364359443,0.13704476572728172,0.13704476573074578,0.13704476573488444,0.13704476573074578,0.13704476572728172,0.13704476573074578,0.13704476573916072,0.1370447657558482,0.13704476573916072,0.13704476573074578,0.13704476573488444,0.1370447657558482,0.13704476584778405,0.1370447657558482,0.13704476573488444,0.13704476573074578,0.13704476573916072,0.1370447657558482,0.13704476573916072,0.13704476573074578,0.13704476572728172,0.13704476573074578,0.13704476573488444,0.13704476573074578,0.13704476572728172,0.13602973229509102,0.13602973229747062,0.1360297322997858,0.13602973229747062,0.13602973229509102,0.13602973229747062,0.136029732302102,0.13602973230825813,0.136029732302102,0.13602973229747062,0.1360297322997858,0.13602973230825813,0.13602973232527044,0.13602973230825813,0.1360297322997858,0.13602973229747062,0.136029732302102,0.13602973230825813,0.136029732302102,0.13602973229747062,0.13602973229509102,0.13602973229747062,0.1360297322997858,0.13602973229747062,0.13602973229509102,0.13503425177113892,0.13503425177262107,0.13503425177384085,0.13503425177262107,0.13503425177113892,0.13503425177262107,0.13503425177499598,0.13503425177734227,0.13503425177499598,0.13503425177262107,0.13503425177384085,0.13503425177734227,0.1350342517815962,0.13503425177734227,0.13503425177384085,0.13503425177262107,0.13503425177499598,0.13503425177734227,0.13503425177499598,0.13503425177262107,0.13503425177113892,0.13503425177262107,0.13503425177384085,0.13503425177262107,0.13503425177113892
0.1653324879133249,0.16533248791332467,0.1653324879133244,0.16533248791332467,0.1653324879133249,0.16533248791332467,0.1653324879133244,0.1653324879133242,0.1653324879133244,0.16533248791332467,0.1653324879133244,0.1653324879133242,0.1653324879133242,0.1653324879133242,0.1653324879133244,0.16533248791332467,0.1653324879133244,0.1653324879133242,0.1653324879133244,0.16533248791332467,0.1653324879133249,0.16533248791332467,0.1653324879133244,0.16533248791332467,0.1653324879133249,0.16375749419198365,0.16375749419198296,0.1637574941919827,0.16375749419198296,0.16375749419198365,0.16375749419198296,0.1637574941919825,0.16375749419198202,0.1637574941919825,0.16375749419198296,0.1637574941919827,0.16375749419198202,0.16375749419198155,0.16375749419198202,0.1637574941919827,0.16375749419198296,0.1637574941919825,0.16375749419198202,0.1637574941919825,0.16375749419198296,0.16375749419198365,0.16375749419198296,0.1637574941919827,0.16375749419198296,0.16375749419198365,0.1622138844025885,0.16221388440258663,0.16221388440258552,0.16221388440258663,0.1622138844025885,0.16221388440258663,0.16221388440258483,0.16221388440258372,0.16221388440258483,0.16221388440258663,0.16221388440258552,0.16221388440258372,0.16221388440258233,0.16221388440258372,0.16221388440258552,0.16221388440258663,0.16221388440258483,0.16221388440258372,0.16221388440258483,0.16221388440258663,0.1622138844025885,0.16221388440258663,0.16221388440258552,0.16221388440258663,0.1622138844025885,0.16070106750218227,0.16070106750217694,0.16070106750217358,0.16070106750217694,0.1607010675021825,0.16070106750217694,0.16070106750217114,0.16070106750216737,0.16070106750217114,0.16070106750217694,0.16070106750217358,0.16070106750216737,0.16070106750216315,0.16070106750216737,0.16070106750217358,0.16070106750217694,0.16070106750217114,0.16070106750216737,0.16070106750217114,0.16070106750217694,0.1607010675021825,0.16070106750217694,0.16070106750217358,0.16070106750217694,0.1607010675021825,0.15921845186575054,0.1592184518657346,0.15921845186572417,0.1592184518657346,0.15921845186575054,0.1592184518657346,0.15921845186571612,0.15921845186570394,0.15921845186571612,0.1592184518657346,0.15921845186572417,0.15921845186570394,0.15921845186569022,0.15921845186570394,0.15921845186572417,0.1592184518657346,0.15921845186571612,0.15921845186570394,0.15921845186571612,0.1592184518657346,0.15921845186575054,0.1592184518657346,0.15921845186572417,0.1592184518657346,0.15921845186575054,0.1577654466380822,0.15776544663803524,0.15776544663800388,0.15776544663803524,0.1577654466380822,0.15776544663803524,0.1577654466379785,0.157765446637939,0.1577654466379785,0.15776544663803524,0.15776544663800388,0.157765446637939,0.15776544663789294,0.157765446637939,0.15776544663800368,0.15776544663803524,0.1577654466379785,0.157765446637939,0.1577654466379785,0.15776544663803524,0.1577654466380822,0.15776544663803524,0.15776544663800368,0.15776544663803524,0.1577654466380822,0.1563414629481203,0.15634146294798668,0.1563414629478936,0.15634146294798668,0.1563414629481203,0.15634146294798668,0.15634146294781415,0.15634146294768533,0.15634146294781415,0.15634146294798668,0.1563414629478936,0.15634146294768533,0.1563414629475216,0.15634146294768533,0.1563414629478936,0.15634146294798668,0.15634146294781415,0.15634146294768533,0.15634146294781415,0.15634146294798668,0.1563414629481203,0.15634146294798668,0.1563414629478936,0.15634146294798668,0.1563414629481203,0.15494591499609642,0.1549459149957349,0.1549459149954648,0.1549459149957349,0.15494591499609642,0.1549459149957349,0.15494591499522137,0.1549459149947914,0.15494591499522137,0.1549459149957349,0.1549459149954648,0.1549459149947914,0.1549459149941627,0.1549459149947914,0.1549459149954648,0.1549459149957349,0.15494591499522137,0.1549459149947914,0.15494591499522137,0.1549459149957349,0.15494591499609642,0.1549459149957349,0.1549459149954648,0.1549459149957349,0.15494591499609642,0.1535782210232147,0.15357822102230947,0.15357822102155994,0.15357822102230947,0.1535782210232147,0.15357822102230947,0.15357822102084834,0.15357822101938864,0.15357822102084834,0.15357822102230947,0.15357822102155994,0.15357822101938864,0.15357822101670876,0.15357822101938864,0.15357822102155994,0.15357822102230947,0.15357822102084834,0.15357822101938864,0.15357822102084834,0.15357822102230947,0.1535782210232147,0.15357822102230947,0.15357822102155994,0.15357822102230947,0.1535782210232147,0.1522378041731195,0.1522378041711391,0.15223780416924548,0.1522378041711391,0.1522378041731195,0.1522378041711391,0.152237804167359,0.15223780416249233,0.152237804167359,0.1522378041711391,0.15223780416924548,0.15223780416249233,0.1522378041495834,0.15223780416249233,0.15223780416924548,0.1522378041711391,0.152237804167359,0.15223780416249233,0.152237804167359,0.1522378041711391,0.1522378041731195,0.1522378041711391,0.15223780416924548,0.1522378041711391,0.1522378041731195,0.15092409325366,0.15092409325030953,0.15092409324649936,0.15092409325030953,0.15092409325366,0.15092409325030953,0.15092409324258096,0.15092409322851055,0.15092409324258096,0.15092409325030953,0.15092409324649936,0.15092409322851055,0.15092409315808938,0.15092409322851055,0.15092409324649936,0.15092409325030953,0.15092409324258096,0.15092409322851055,0.15092409324258096,0.15092409325030953,0.15092409325366,0.15092409325030953,0.15092409324649936,0.15092409325030953,0.15092409325366,0.14963652340600306,0.14963652340279962,0.14963652339929928,0.14963652340279962,0.14963652340600306,0.14963652340279962,0.14963652339571293,0.1496365233838625,0.14963652339571293,0.14963652340279962,0.14963652339929928,0.1496365233838625,0.1496365233321335,0.1496365233838625,0.14963652339929928,0.14963652340279962,0.14963652339571293,0.1496365233838625,0.14963652339571293,0.14963652340279962,0.14963652340600306,0.14963652340279962,0.14963652339929928,0.14963652340279962,0.14963652340600306,0.1483745366863207,0.14837453668427575,0.1483745366821767,0.14837453668427575,0.1483745366863207,0.14837453668427575,0.14837453668005376,0.14837453667362152,0.14837453668005376,0.14837453668427575,0.1483745366821767,0.14837453667362152,0.14837453664814032,0.14837453667362152,0.1483745366821767,0.14837453668427575,0.14837453668005376,0.14837453667362152,0.14837453668005376,0.14837453668427575,0.1483745366863207,0.14837453668427575,0.1483745366821767,0.14837453668427575,0.1483745366863207,0.14713758257513032,0.1471375825744506,0.1471375825738562,0.1471375825744506,0.14713758257513032,0.1471375825744506,0.14713758257328144,0.14713758257195805,0.14713758257328144,0.1471375825744506,0.1471375825738562,0.14713758257195805,0.14713758256870949,0.14713758257195805,0.1471375825738562,0.1471375825744506,0.14713758257328144,0.14713758257195805,0.14713758257328144,0.1471375825744506,0.14713758257513032,0.1471375825744506,0.1471375825738562,0.1471375825744506,0.14713758257513032,0.1459251184167553,0.14592511841717393,0.14592511841771755,0.14592511841717393,0.1459251184167553,0.14592511841717393,0.14592511841829786,0.14592511842051087,0.14592511841829786,0.14592511841717393,0.14592511841771755,0.14592511842051087,0.145925118431455,0.14592511842051087,0.14592511841771755,0.14592511841717393,0.14592511841829786,0.14592511842051087,0.14592511841829786,0.14592511841717393,0.1459251184167553,0.14592511841717393,0.14592511841771755,0.14592511841717393,0.1459251184167553,0.14473660979374936,0.14473660979485584,0.14473660979608136,0.14473660979485584,0.14473660979374936,0.14473660979485584,0.14473660979734404,0.1447366098015451,0.14473660979734404,0.14473660979485584,0.14473660979608136,0.1447366098015451,0.14473660982002629,0.1447366098015451,0.14473660979608136,0.14473660979485584,0.14473660979734404,0.1447366098015451,0.14473660979734404,0.14473660979485584,0.14473660979374936,0.14473660979485584,0.14473660979608136,0.14473660979485584,0.14473660979374936,0.14357153084197075,0.14357153084336735,0.14357153084486543,0.14357153084336718,0.14357153084197075,0.14357153084336735,0.14357153084639349,0.143571530851371,0.14357153084639365,0.14357153084336718,0.14357153084486543,0.143571530851371,0.14357153087314323,0.143571530851371,0.14357153084486543,0.14357153084336718,0.14357153084639365,0.143571530851371,0.14357153084639349,0.14357153084336718,0.14357153084197075,0.14357153084336718,0.14357153084486543,0.14357153084336718,0.14357153084197075,0.14242936451194055,0.14242936451328644,0.1424293645146675,0.14242936451328644,0.14242936451194055,0.14242936451328644,0.14242936451605953,0.14242936452036087,0.14242936451605953,0.14242936451328644,0.1424293645146675,0.14242936452036087,0.14242936453808336,0.14242936452036087,0.1424293645146675,0.14242936451328644,0.14242936451605953,0.14242936452036087,0.14242936451605953,0.14242936451328644,0.14242936451194055,0.14242936451328644,0.1424293645146675,0.14242936451328644,0.14242936451194055,0.14130960278161564,0.14130960278278973,0.141309602783927,0.14130960278278973,0.14130960278161564,0.14130960278278973,0.14130960278505314,0.14130960278828553,0.14130960278505314,0.14130960278278973,0.141309602783927,0.14130960278828553,0.1413096028004455,0.14130960278828553,0.141309602783927,0.14130960278278973,0.14130960278505314,0.14130960278828553,0.14130960278505314,0.14130960278278973,0.14130960278161564,0.14130960278278973,0.141309602783927,0.14130960278278973,0.14130960278161564,0.1402117468248513,0.14021174682597862,0.1402117468270161,0.14021174682597862,0.1402117468248513,0.14021174682597862,0.14021174682802443,0.1402117468308054,0.14021174682802443,0.14021174682597862,0.1402117468270161,0.1402117468308054,0.1402117468415258,0.1402117468308054,0.1402117468270161,0.14021174682597862,0.14021174682802443,0.1402117468308054,0.14021174682802443,0.14021174682597862,0.1402117468248513,0.14021174682597862,0.1402117468270161,0.14021174682597862,0.1402117468248513,0.139135307140027,0.139135307141416,0.1391353071426028,0.139135307141416,0.139135307140027,0.139135307141416,0.1391353071437442,0.1391353071462022,0.1391353071437442,0.139135307141416,0.1391353071426028,0.1391353071462022,0.13913530715122321,0.1391353071462022,0.1391353071426028,0.139135307141416,0.1391353071437442,0.1391353071462022,0.1391353071437442,0.139135307141416,0.139135307140027,0.139135307141416,0.1391353071426028,0.139135307141416,0.139135307140027,0.1380798036428701,0.13807980364519756,0.1380798036474661,0.13807980364519756,0.1380798036428701,0.13807980364519756,0.13807980364974073,0.13807980365574873,0.13807980364974073,0.13807980364519756,0.1380798036474661,0.13807980365574873,0.1380798036721583,0.13807980365574873,0.1380798036474661,0.13807980364519756,0.13807980364974073,0.13807980365574873,0.13807980364974073,0.13807980364519756,0.1380798036428701,0.13807980364519756,0.1380798036474661,0.13807980364519756,0.1380798036428701,0.1370447657265323,0.13704476572998708,0.1370447657341147,0.13704476572998708,0.1370447657265323,0.13704476572998708,0.13704476573837956,0.13704476575502322,0.13704476573837956,0.13704476572998708,0.1370447657341147,0.13704476575502322,0.13704476584669986,0.13704476575502322,0.1370447657341147,0.13704476572998708,0.13704476573837956,0.13704476575502322,0.13704476573837956,0.13704476572998708,0.1370447657265323,0.13704476572998708,0.1370447657341147,0.13704476572998708,0.1370447657265323,0.13602973229433535,0.13602973229670867,0.13602973229901774,0.13602973229670867,0.13602973229433535,0.13602973229670867,0.13602973230132784,0.13602973230746773,0.13602973230132784,0.13602973229670867,0.13602973229901774,0.13602973230746773,0.1360297323244356,0.13602973230746773,0.13602973229901774,0.13602973229670867,0.13602973230132784,0.13602973230746773,0.13602973230132784,0.13602973229670867,0.13602973229433535,0.13602973229670867,0.13602973229901774,0.13602973229670867,0.13602973229433535,0.1350342517703896,0.13503425177186792,0.1350342517730845,0.13503425177186792,0.1350342517703896,0.13503425177186792,0.13503425177423656,0.13503425177657669,0.13503425177423656,0.13503425177186792,0.1350342517730845,0.13503425177657669,0.13503425178081951,0.13503425177657685,0.1350342517730845,0.13503425177186792,0.13503425177423656,0.13503425177657685,0.13503425177423656,0.13503425177186792,0.1350342517703896,0.13503425177186792,0.1350342517730845,0.13503425177186792,0.1350342517703896
0.16533248791386934,0.16533248791386906,0.16533248791386906,0.16533248791386906,0.16533248791386934,0.16533248791386906,0.16533248791386884,0.16533248791386884,0.16533248791386884,0.16533248791386906,0.16533248791386906,0.16533248791386884,0.1653324879138686,0.16533248791386884,0.16533248791386906,0.16533248791386906,0.16533248791386884,0.16533248791386884,0.16533248791386884,0.16533248791386906,0.16533248791386934,0.16533248791386906,0.16533248791386906,0.16533248791386906,0.16533248791386934,0.16375749419251723,0.16375749419251653,0.1637574941925161,0.16375749419251653,0.16375749419251723,0.16375749419251653,0.16375749419251584,0.16375749419251562,0.16375749419251584,0.16375749419251653,0.1637574941925161,0.16375749419251562,0.16375749419251515,0.16375749419251562,0.1637574941925161,0.16375749419251653,0.16375749419251584,0.16375749419251562,0.16375749419251584,0.16375749419251653,0.16375749419251723,0.16375749419251653,0.1637574941925161,0.16375749419251653,0.16375749419251723,0.16221388440311119,0.16221388440310935,0.16221388440310822,0.16221388440310935,0.16221388440311119,0.16221388440310935,0.16221388440310755,0.16221388440310622,0.16221388440310755,0.16221388440310935,0.16221388440310822,0.16221388440310622,0.16221388440310505,0.16221388440310644,0.16221388440310822,0.16221388440310935,0.16221388440310755,0.16221388440310644,0.16221388440310755,0.16221388440310935,0.16221388440311119,0.16221388440310935,0.16221388440310822,0.16221388440310935,0.16221388440311119,0.1607010675026943,0.16070106750268898,0.16070106750268542,0.16070106750268898,0.1607010675026943,0.16070106750268898,0.160701067502683,0.16070106750267918,0.160701067502683,0.16070106750268898,0.16070106750268542,0.16070106750267918,0.1607010675026752,0.16070106750267918,0.16070106750268542,0.16070106750268898,0.160701067502683,0.16070106750267918,0.160701067502683,0.16070106750268898,0.1607010675026943,0.16070106750268898,0.16070106750268542,0.16070106750268898,0.1607010675026943,0.15921845186625172,0.1592184518662358,0.15921845186622538,0.1592184518662358,0.15921845186625172,0.1592184518662358,0.15921845186621753,0.15921845186620512,0.15921845186621753,0.1592184518662358,0.15921845186622538,0.15921845186620512,0.1592184518661916,0.15921845186620512,0.15921845186622538,0.1592184518662358,0.15921845186621753,0.15921845186620512,0.15921845186621753,0.1592184518662358,0.15921845186625172,0.1592184518662358,0.15921845186622538,0.1592184518662358,0.15921845186625172,0.1577654466385725,0.1577654466385258,0.15776544663849443,0.1577654466385258,0.1577654466385725,0.1577654466385258,0.15776544663846925,0.15776544663843,0.15776544663846925,0.1577654466385258,0.15776544663849443,0.15776544663843,0.1577654466383841,0.15776544663843,0.15776544663849443,0.1577654466385258,0.15776544663846925,0.15776544663843,0.15776544663846925,0.1577654466385258,0.1577654466385725,0.1577654466385258,0.15776544663849443,0.1577654466385258,0.1577654466385725,0.15634146294859955,0.15634146294846657,0.15634146294837392,0.15634146294846657,0.15634146294859955,0.15634146294846657,0.15634146294829468,0.15634146294816628,0.15634146294829468,0.15634146294846657,0.15634146294837392,0.15634146294816628,0.15634146294800338,0.15634146294816628,0.15634146294837392,0.15634146294846657,0.15634146294829468,0.15634146294816628,0.15634146294829468,0.15634146294846657,0.15634146294859955,0.15634146294846657,0.15634146294837392,0.15634146294846657,0.15634146294859955,0.15494591499656366,0.1549459149962036,0.1549459149959345,0.1549459149962036,0.15494591499656366,0.1549459149962036,0.15494591499569207,0.15494591499526375,0.15494591499569207,0.1549459149962036,0.1549459149959345,0.15494591499526375,0.1549459149946373,0.15494591499526375,0.1549459149959345,0.1549459149962036,0.15494591499569207,0.15494591499526375,0.15494591499569207,0.1549459149962036,0.15494591499656366,0.1549459149962036,0.1549459149959345,0.1549459149962036,0.15494591499656366,0.153578221023667,0.1535782210227656,0.15357822102201887,0.1535782210227656,0.153578221023667,0.1535782210227656,0.1535782210213101,0.153578221019856,0.1535782210213101,0.1535782210227656,0.15357822102201887,0.153578221019856,0.15357822101718596,0.153578221019856,0.15357822102201887,0.1535782210227656,0.1535782210213101,0.153578221019856,0.1535782210213101,0.1535782210227656,0.153578221023667,0.1535782210227656,0.15357822102201887,0.1535782210227656,0.153578221023667,0.1522378041735498,0.15223780417157745,0.15223780416969113,0.15223780417157745,0.1522378041735498,0.15223780417157745,0.15223780416781232,0.15223780416296395,0.15223780416781232,0.15223780417157745,0.15223780416969113,0.15223780416296395,0.15223780415010207,0.15223780416296395,0.15223780416969113,0.15223780417157745,0.15223780416781232,0.15223780416296395,0.15223780416781232,0.15223780417157745,0.1522378041735498,0.15223780417157745,0.15223780416969113,0.15223780417157745,0.1522378041735498,0.150924093254051,0.15092409325071524,0.15092409324692088,0.15092409325071524,0.150924093254051,0.15092409325071524,0.15092409324301853,0.15092409322900252,0.15092409324301853,0.15092409325071524,0.15092409324692088,0.15092409322900252,0.15092409315884,0.15092409322900252,0.15092409324692088,0.15092409325071524,0.15092409324301853,0.15092409322900252,0.15092409324301853,0.15092409325071524,0.150924093254051,0.15092409325071524,0.15092409324692088,0.15092409325071524,0.150924093254051,0.1496365234063241,0.14963652340313788,0.14963652339965627,0.14963652340313788,0.1496365234063241,0.14963652340313788,0.14963652339608882,0.1496365233843004,0.14963652339608882,0.14963652340313788,0.14963652339965627,0.1496365233843004,0.1496365233328314,0.1496365233843004,0.14963652339965627,0.14963652340313788,0.14963652339608882,0.1496365233843004,0.14963652339608882,0.14963652340313788,0.1496365234063241,0.14963652340313788,0.14963652339965627,0.14963652340313788,0.1496365234063241,0.14837453668653586,0.14837453668450556,0.14837453668242284,0.14837453668450556,0.14837453668653586,0.14837453668450556,0.14837453668031655,0.14837453667394046,0.14837453668031655,0.14837453668450556,0.14837453668242284,0.14837453667394046,0.14837453664873318,0.14837453667394046,0.14837453668242284,0.14837453668450556,0.14837453668031655,0.14837453667394046,0.14837453668031655,0.14837453668450556,0.14837453668653586,0.14837453668450556,0.14837453668242284,0.14837453668450556,0.14837453668653586,0.14713758257520754,0.14713758257453485,0.1471375825739483,0.14713758257453485,0.14713758257520754,0.14713758257453485,0.14713758257338136,0.14713758257208323,0.14713758257338136,0.14713758257453485,0.1471375825739483,0.14713758257208323,0.14713758256891785,0.14713758257208323,0.1471375825739483,0.14713758257453485,0.14713758257338136,0.14713758257208323,0.14713758257338136,0.14713758257453485,0.14713758257520754,0.14713758257453485,0.1471375825739483,0.14713758257453485,0.14713758257520754,0.14592511841667782,0.14592511841709432,0.1459251184176351,0.14592511841709432,0.14592511841667782,0.14592511841709432,0.14592511841821224,0.14592511842041272,0.14592511841821224,0.14592511841709432,0.1459251184176351,0.14592511842041272,0.14592511843128675,0.14592511842041272,0.1459251184176351,0.14592511841709432,0.14592511841821224,0.14592511842041272,0.14592511841821224,0.14592511841709432,0.14592511841667782,0.14592511841709432,0.1459251184176351,0.14592511841709432,0.14592511841667782,0.14473660979351968,0.1447366097946167,0.1447366097958321,0.1447366097946167,0.14473660979351968,0.1447366097946167,0.1447366097970843,0.14473660980125186,0.1447366097970843,0.1447366097946167,0.1447366097958321,0.14473660980125186,0.14473660981960945,0.14473660980125186,0.1447366097958321,0.1447366097946167,0.1447366097970843,0.14473660980125186,0.1447366097970843,0.1447366097946167,0.14473660979351968,0.1447366097946167,0.1447366097958321,0.1447366097946167,0.14473660979351968,0.14357153084160557,0.14357153084298852,0.14357153084447155,0.14357153084298852,0.14357153084160557,0.14357153084298852,0.1435715308459842,0.14357153085090965,0.1435715308459842,0.14357153084298852,0.14357153084447155,0.14357153085090965,0.14357153087244934,0.14357153085090965,0.14357153084447155,0.14357153084298852,0.1435715308459842,0.14357153085090965,0.1435715308459842,0.14357153084298852,0.14357153084160557,0.14357153084298852,0.14357153084447155,0.14357153084298852,0.14357153084160557,0.14242936451146682,0.14242936451279894,0.14242936451416527,0.14242936451279894,0.14242936451146682,0.14242936451279894,0.14242936451554233,0.1424293645197942,0.14242936451554233,0.14242936451279894,0.14242936451416527,0.1424293645197942,0.14242936453729926,0.1424293645197942,0.14242936451416527,0.14242936451279894,0.14242936451554233,0.1424293645197942,0.14242936451554233,0.14242936451279894,0.14242936451146682,0.14242936451279894,0.14242936451416527,0.14242936451279894,0.14242936451146682,0.1413096027810599,0.14130960278222382,0.14130960278335106,0.14130960278222382,0.1413096027810599,0.14130960278222382,0.14130960278446714,0.14130960278767124,0.14130960278446714,0.14130960278222382,0.14130960278335106,0.14130960278767124,0.14130960279973234,0.14130960278767124,0.14130960278335106,0.14130960278222382,0.14130960278446714,0.14130960278767124,0.14130960278446714,0.14130960278222382,0.1413096027810599,0.14130960278222382,0.14130960278335106,0.14130960278222382,0.1413096027810599,0.14021174682423337,0.14021174682535342,0.14021174682638415,0.14021174682535342,0.14021174682423337,0.14021174682535342,0.1402117468273857,0.14021174683014795,0.1402117468273857,0.14021174682535342,0.14021174682638415,0.14021174683014795,0.1402117468407697,0.14021174683014795,0.14021174682638415,0.14021174682535342,0.1402117468273857,0.14021174683014795,0.1402117468273857,0.14021174682535342,0.14021174682423337,0.14021174682535342,0.14021174682638415,0.14021174682535342,0.14021174682423337,0.1391353071393607,0.13913530714074404,0.13913530714192607,0.13913530714074404,0.1391353071393607,0.13913530714074404,0.13913530714306288,0.13913530714551078,0.13913530714306288,0.13913530714074404,0.13913530714192607,0.13913530714551078,0.13913530715051045,0.13913530714551078,0.13913530714192607,0.13913530714074404,0.13913530714306288,0.13913530714551078,0.13913530714306288,0.13913530714074404,0.1391353071393607,0.13913530714074404,0.13913530714192607,0.13913530714074404,0.1391353071393607,0.13807980364216618,0.13807980364448683,0.1380798036467489,0.13807980364448683,0.13807980364216618,0.13807980364448683,0.13807980364901715,0.13807980365500888,0.13807980364901715,0.13807980364448683,0.1380798036467489,0.13807980365500888,0.1380798036713749,0.13807980365500888,0.1380798036467489,0.13807980364448683,0.13807980364901715,0.13807980365500888,0.13807980364901715,0.13807980364448683,0.13807980364216618,0.13807980364448683,0.1380798036467489,0.13807980364448683,0.13807980364216618,0.137044765725804,0.1370447657292497,0.13704476573336666,0.1370447657292497,0.137044765725804,0.1370447657292497,0.13704476573762042,0.13704476575422153,0.13704476573762042,0.1370447657292497,0.13704476573336666,0.13704476575422153,0.13704476584567876,0.13704476575422153,0.13704476573336652,0.1370447657292497,0.13704476573762042,0.13704476575422153,0.13704476573762042,0.1370447657292497,0.137044765725804,0.1370447657292497,0.13704476573336652,0.1370447657292497,0.137044765725804,0.13602973229360102,0.1360297322959681,0.13602973229827117,0.1360297322959681,0.13602973229360102,0.1360297322959681,0.13602973230057544,0.1360297323066997,0.13602973230057544,0.1360297322959681,0.13602973229827117,0.1360297323066997,0.1360297323236243,0.1360297323066997,0.13602973229827117,0.1360297322959681,0.13602973230057544,0.1360297323066997,0.13602973230057544,0.1360297322959681,0.13602973229360102,0.1360297322959681,0.13602973229827117,0.1360297322959681,0.13602973229360102,0.13503425176966147,0.135034251771136,0.13503425177234948,0.135034251771136,0.13503425176966147,0.135034251771136,0.13503425177349865,0.13503425177583275,0.13503425177349865,0.135034251771136,0.13503425177234948,0.13503425177583275,0.13503425178006478,0.13503425177583275,0.13503425177234948,0.135034251771136,0.13503425177349865,0.13503425177583275,0.13503425177349865,0.135034251771136,0.13503425176966147,0.135034251771136,0.13503425177234948,0.135034251771136,0.13503425176966147
0.1653324879143991,0.16533248791439886,0.1653324879143986,0.16533248791439886,0.1653324879143991,0.16533248791439886,0.1653324879143986,0.1653324879143984,0.1653324879143986,0.16533248791439886,0.1653324879143986,0.1653324879143984,0.16533248791439814,0.1653324879143984,0.1653324879143986,0.16533248791439886,0.1653324879143986,0.1653324879143984,0.1653324879143986,0.16533248791439886,0.1653324879143991,0.16533248791439886,0.1653324879143986,0.16533248791439886,0.1653324879143991,0.163757494193036,0.16375749419303554,0.16375749419303506,0.16375749419303554,0.163757494193036,0.16375749419303554,0.16375749419303484,0.16375749419303462,0.16375749419303484,0.16375749419303554,0.16375749419303506,0.16375749419303462,0.16375749419303415,0.16375749419303462,0.16375749419303506,0.16375749419303554,0.16375749419303484,0.16375749419303462,0.16375749419303484,0.16375749419303554,0.163757494193036,0.16375749419303554,0.16375749419303506,0.16375749419303554,0.163757494193036,0.1622138844036196,0.1622138844036178,0.16221388440361667,0.1622138844036178,0.1622138844036196,0.1622138844036178,0.162213884403616,0.16221388440361462,0.162213884403616,0.1622138844036178,0.16221388440361667,0.16221388440361462,0.1622138844036135,0.16221388440361462,0.16221388440361667,0.1622138844036178,0.162213884403616,0.16221388440361462,0.162213884403616,0.1622138844036178,0.1622138844036196,0.1622138844036178,0.16221388440361667,0.1622138844036178,0.1622138844036196,0.16070106750319213,0.16070106750318683,0.1607010675031835,0.16070106750318683,0.16070106750319213,0.16070106750318683,0.16070106750318103,0.16070106750317728,0.16070106750318103,0.16070106750318683,0.1607010675031835,0.16070106750317728,0.16070106750317306,0.16070106750317728,0.1607010675031835,0.16070106750318683,0.16070106750318103,0.16070106750317728,0.16070106750318103,0.16070106750318683,0.16070106750319213,0.16070106750318683,0.1607010675031835,0.16070106750318683,0.16070106750319213,0.15921845186673916,0.15921845186672326,0.15921845186671305,0.15921845186672326,0.15921845186673916,0.15921845186672326,0.159218451866705,0.1592184518666928,0.159218451866705,0.15921845186672326,0.15921845186671305,0.1592184518666928,0.1592184518666793,0.1592184518666928,0.15921845186671305,0.15921845186672326,0.159218451866705,0.1592184518666928,0.159218451866705,0.15921845186672326,0.15921845186673916,0.15921845186672326,0.15921845186671305,0.15921845186672326,0.15921845186673916,0.15776544663904962,0.15776544663900288,0.15776544663897174,0.15776544663900288,0.15776544663904962,0.15776544663900288,0.15776544663894657,0.15776544663890749,0.15776544663894657,0.15776544663900288,0.15776544663897174,0.15776544663890749,0.15776544663886183,0.15776544663890749,0.15776544663897174,0.15776544663900288,0.15776544663894657,0.15776544663890749,0.15776544663894657,0.15776544663900288,0.15776544663904962,0.15776544663900288,0.15776544663897174,0.15776544663900288,0.15776544663904962,0.15634146294906587,0.1563414629489335,0.1563414629488411,0.1563414629489335,0.15634146294906587,0.1563414629489335,0.15634146294876203,0.15634146294863427,0.15634146294876203,0.1563414629489335,0.1563414629488411,0.15634146294863427,0.15634146294847182,0.15634146294863427,0.1563414629488411,0.1563414629489335,0.15634146294876203,0.15634146294863427,0.15634146294876203,0.1563414629489335,0.15634146294906587,0.1563414629489335,0.1563414629488411,0.1563414629489335,0.15634146294906587,0.1549459149970184,0.15494591499665955,0.1549459149963915,0.15494591499665955,0.1549459149970184,0.15494591499665955,0.1549459149961501,0.15494591499572322,0.1549459149961501,0.15494591499665955,0.1549459149963915,0.15494591499572322,0.15494591499509922,0.15494591499572322,0.1549459149963915,0.15494591499665955,0.1549459149961501,0.15494591499572322,0.1549459149961501,0.15494591499665955,0.1549459149970184,0.15494591499665955,0.1549459149963915,0.15494591499665955,0.1549459149970184,0.15357822102410723,0.15357822102320925,0.15357822102246535,0.15357822102320925,0.15357822102410723,0.15357822102320925,0.1535782210217594,0.1535782210203105,0.1535782210217594,0.15357822102320925,0.15357822102246535,0.1535782210203105,0.15357822101765015,0.1535782210203105,0.15357822102246535,0.15357822102320925,0.1535782210217594,0.1535782210203105,0.1535782210217594,0.15357822102320925,0.15357822102410723,0.15357822102320925,0.15357822102246535,0.15357822102320925,0.15357822102410723,0.15223780417396826,0.1522378041720038,0.15223780417012497,0.1522378041720038,0.15223780417396826,0.1522378041720038,0.15223780416825303,0.1522378041634228,0.15223780416825303,0.1522378041720038,0.15223780417012497,0.1522378041634228,0.15223780415060678,0.1522378041634228,0.15223780417012497,0.1522378041720038,0.15223780416825303,0.1522378041634228,0.15223780416825303,0.1522378041720038,0.15223780417396826,0.1522378041720038,0.15223780417012497,0.1522378041720038,0.15223780417396826,0.15092409325443146,0.15092409325110975,0.15092409324733086,0.15092409325110975,0.15092409325443146,0.15092409325110975,0.15092409324344427,0.15092409322948114,0.15092409324344427,0.15092409325110975,0.15092409324733086,0.15092409322948114,0.1509240931596088,0.15092409322948114,0.15092409324733086,0.15092409325110975,0.15092409324344427,0.15092409322948114,0.15092409324344427,0.15092409325110975,0.15092409325443146,0.15092409325110975,0.15092409324733086,0.15092409325110975,0.15092409325443146,0.1496365234066365,0.1496365234034669,0.14963652340000325,0.1496365234034669,0.1496365234066365,0.1496365234034669,0.14963652339645434,0.14963652338472622,0.14963652339645434,0.1496365234034669,0.14963652340000325,0.14963652338472622,0.14963652333351854,0.14963652338472622,0.14963652340000325,0.1496365234034669,0.14963652339645434,0.14963652338472622,0.14963652339645434,0.1496365234034669,0.1496365234066365,0.1496365234034669,0.14963652340000325,0.1496365234034669,0.1496365234066365,0.1483745366867451,0.14837453668472908,0.14837453668266226,0.14837453668472908,0.1483745366867451,0.14837453668472908,0.14837453668057193,0.14837453667425052,0.14837453668057193,0.14837453668472908,0.14837453668266226,0.14837453667425052,0.14837453664929326,0.14837453667425052,0.14837453668266226,0.14837453668472908,0.14837453668057193,0.14837453667425052,0.14837453668057193,0.14837453668472908,0.1483745366867451,0.14837453668472908,0.14837453668266226,0.14837453668472908,0.1483745366867451,0.14713758257528273,0.14713758257461715,0.147137582574038,0.14713758257461715,0.14713758257528273,0.14713758257461715,0.1471375825734787,0.1471375825722053,0.1471375825734787,0.14713758257461715,0.147137582574038,0.1471375825722053,0.1471375825691358,0.1471375825722053,0.147137582574038,0.14713758257461715,0.1471375825734787,0.1471375825722053,0.1471375825734787,0.14713758257461715,0.14713758257528273,0.14713758257461715,0.147137582574038,0.14713758257461715,0.14713758257528273,0.1459251184166027,0.14592511841701702,0.14592511841755518,0.14592511841701702,0.1459251184166027,0.14592511841701702,0.1459251184181294,0.145925118420318,0.1459251184181294,0.14592511841701702,0.14592511841755518,0.145925118420318,0.14592511843113576,0.145925118420318,0.14592511841755518,0.14592511841701702,0.1459251184181294,0.145925118420318,0.1459251184181294,0.14592511841701702,0.1459251184166027,0.14592511841701702,0.14592511841755518,0.14592511841701702,0.1459251184166027,0.14473660979329625,0.14473660979438438,0.14473660979559003,0.14473660979438438,0.14473660979329625,0.14473660979438438,0.1447366097968321,0.14473660980096734,0.1447366097968321,0.14473660979438438,0.14473660979559003,0.14473660980096734,0.14473660981918687,0.14473660980096734,0.14473660979559003,0.14473660979438438,0.1447366097968321,0.14473660980096734,0.1447366097968321,0.14473660979438438,0.14473660979329625,0.14473660979438438,0.14473660979559003,0.14473660979438438,0.14473660979329625,0.14357153084125068,0.1435715308426201,0.1435715308440884,0.1435715308426201,0.14357153084125068,0.1435715308426201,0.143571530845586,0.14357153085046084,0.143571530845586,0.1435715308426201,0.1435715308440884,0.14357153085046084,0.14357153087178817,0.14357153085046084,0.1435715308440884,0.1435715308426201,0.143571530845586,0.14357153085046084,0.143571530845586,0.1435715308426201,0.14357153084125068,0.1435715308426201,0.1435715308440884,0.1435715308426201,0.14357153084125068,0.142429364511006,0.14242936451232469,0.14242936451367677,0.14242936451232469,0.142429364511006,0.14242936451232469,0.1424293645150391,0.14242936451924262,0.1424293645150391,0.14242936451232469,0.14242936451367677,0.14242936451924262,0.1424293645365397,0.14242936451924262,0.14242936451367677,0.14242936451232469,0.1424293645150391,0.14242936451924262,0.1424293645150391,0.14242936451232469,0.142429364511006,0.14242936451232469,0.14242936451367677,0.14242936451232469,0.142429364511006,0.1413096027805193,0.14130960278167318,0.14130960278279056,0.14130960278167318,0.1413096027805193,0.14130960278167318,0.14130960278389693,0.1413096027870734,0.14130960278389693,0.14130960278167318,0.14130960278279056,0.1413096027870734,0.1413096027990235,0.1413096027870734,0.14130960278279056,0.14130960278167318,0.14130960278389693,0.1413096027870734,0.14130960278389693,0.14130960278167318,0.1413096027805193,0.14130960278167318,0.14130960278279056,0.14130960278167318,0.1413096027805193,0.14021174682363222,0.1402117468247452,0.14021174682576928,0.1402117468247452,0.14021174682363222,0.1402117468247452,0.1402117468267644,0.14021174682950827,0.1402117468267644,0.1402117468247452,0.14021174682576928,0.14021174682950827,0.14021174684006485,0.14021174682950827,0.14021174682576928,0.1402117468247452,0.1402117468267644,0.14021174682950827,0.1402117468267644,0.1402117468247452,0.14021174682363222,0.1402117468247452,0.14021174682576928,0.1402117468247452,0.14021174682363222,0.13913530713871247,0.13913530714009023,0.13913530714126754,0.13913530714009023,0.13913530713871247,0.13913530714009023,0.1391353071423999,0.139135307144838,0.1391353071423999,0.13913530714009023,0.13913530714126754,0.139135307144838,0.13913530714981695,0.139135307144838,0.13913530714126754,0.13913530714009023,0.1391353071423999,0.139135307144838,0.1391353071423999,0.13913530714009023,0.13913530713871247,0.13913530714009023,0.13913530714126754,0.13913530714009023,0.13913530713871247,0.13807980364148137,0.13807980364379535,0.1380798036460512,0.13807980364379535,0.13807980364148137,0.13807980364379535,0.13807980364831327,0.13807980365428904,0.13807980364831327,0.13807980364379535,0.1380798036460512,0.13807980365428904,0.1380798036706127,0.13807980365428904,0.1380798036460512,0.13807980364379535,0.13807980364831327,0.13807980365428904,0.13807980364831327,0.13807980364379535,0.13807980364148137,0.13807980364379535,0.1380798036460512,0.13807980364379535,0.13807980364148137,0.13704476572509552,0.1370447657285324,0.13704476573263866,0.1370447657285324,0.13704476572509552,0.1370447657285324,0.13704476573688196,0.13704476575344154,0.13704476573688196,0.1370447657285324,0.13704476573263866,0.13704476575344154,0.13704476584466863,0.13704476575344154,0.13704476573263866,0.1370447657285324,0.13704476573688196,0.13704476575344154,0.13704476573688182,0.13704476572853225,0.13704476572509552,0.1370447657285324,0.13704476573263866,0.13704476572853225,0.13704476572509552,0.13602973229288662,0.13602973229524773,0.13602973229754503,0.13602973229524773,0.13602973229288662,0.13602973229524773,0.13602973229984333,0.13602973230595236,0.13602973229984333,0.13602973229524773,0.13602973229754503,0.13602973230595236,0.13602973232283494,0.13602973230595236,0.13602973229754503,0.13602973229524773,0.13602973229984333,0.13602973230595236,0.13602973229984333,0.13602973229524773,0.13602973229288662,0.13602973229524773,0.13602973229754503,0.13602973229524773,0.13602973229288662,0.1350342517689531,0.13503425177042386,0.1350342517716344,0.13503425177042386,0.1350342517689531,0.13503425177042386,0.1350342517727806,0.13503425177510903,0.1350342517727806,0.13503425177042386,0.1350342517716344,0.13503425177510903,0.13503425177933034,0.13503425177510903,0.1350342517716344,0.13503425177042386,0.1350342517727806,0.13503425177510903,0.1350342517727806,0.13503425177042397,0.1350342517689531,0.13503425177042386,0.1350342517716344,0.13503425177042397,0.13503425176895323
0.16533248791491473,0.1653324879149145,0.16533248791491426,0.1653324879149145,0.16533248791491473,0.1653324879149145,0.16533248791491426,0.16533248791491403,0.16533248791491426,0.1653324879149145,0.16533248791491426,0.16533248791491403,0.16533248791491376,0.16533248791491403,0.16533248791491426,0.1653324879149145,0.16533248791491426,0.16533248791491403,0.16533248791491426,0.1653324879149145,0.16533248791491473,0.1653324879149145,0.16533248791491426,0.1653324879149145,0.16533248791491473,0.16375749419354135,0.1637574941935407,0.16375749419354044,0.1637574941935407,0.16375749419354135,0.1637574941935407,0.16375749419354022,0.16375749419353974,0.16375749419354022,0.1637574941935407,0.16375749419354044,0.16375749419353974,0.1637574941935393,0.16375749419353974,0.16375749419354044,0.1637574941935407,0.16375749419354022,0.16375749419353974,0.16375749419354022,0.1637574941935407,0.16375749419354135,0.1637574941935407,0.16375749419354044,0.1637574941935407,0.16375749419354135,0.16221388440411444,0.16221388440411263,0.16221388440411172,0.16221388440411263,0.16221388440411444,0.16221388440411263,0.16221388440411083,0.1622138844041097,0.16221388440411083,0.16221388440411263,0.16221388440411172,0.1622138844041097,0.1622138844041083,0.1622138844041097,0.16221388440411172,0.16221388440411263,0.16221388440411083,0.1622138844041097,0.16221388440411083,0.16221388440411263,0.16221388440411444,0.16221388440411263,0.16221388440411172,0.16221388440411263,0.16221388440411444,0.16070106750367688,0.16070106750367158,0.16070106750366825,0.16070106750367158,0.16070106750367688,0.16070106750367158,0.16070106750366578,0.160701067503662,0.16070106750366578,0.16070106750367158,0.16070106750366825,0.160701067503662,0.1607010675036578,0.160701067503662,0.16070106750366825,0.16070106750367158,0.16070106750366578,0.160701067503662,0.16070106750366578,0.16070106750367158,0.16070106750367688,0.16070106750367158,0.16070106750366825,0.16070106750367158,0.16070106750367688,0.15921845186721378,0.15921845186719788,0.15921845186718767,0.15921845186719788,0.15921845186721378,0.15921845186719788,0.1592184518671798,0.15921845186716763,0.1592184518671798,0.15921845186719788,0.15921845186718767,0.15921845186716763,0.15921845186715414,0.15921845186716763,0.15921845186718767,0.15921845186719788,0.1592184518671798,0.15921845186716763,0.1592184518671798,0.15921845186719788,0.15921845186721378,0.15921845186719788,0.15921845186718767,0.15921845186719788,0.15921845186721378,0.1577654466395141,0.1577654466394676,0.15776544663943645,0.1577654466394676,0.1577654466395141,0.1577654466394676,0.15776544663941147,0.15776544663937245,0.15776544663941147,0.1577654466394676,0.15776544663943645,0.15776544663937245,0.1577654466393268,0.15776544663937245,0.15776544663943645,0.1577654466394676,0.15776544663941147,0.15776544663937245,0.15776544663941147,0.1577654466394676,0.1577654466395141,0.1577654466394676,0.15776544663943645,0.1577654466394676,0.1577654466395141,0.15634146294952003,0.1563414629493879,0.15634146294929588,0.1563414629493879,0.15634146294952003,0.1563414629493879,0.15634146294921725,0.1563414629490899,0.15634146294921725,0.1563414629493879,0.15634146294929588,0.1563414629490899,0.15634146294892806,0.1563414629490899,0.15634146294929588,0.1563414629493879,0.15634146294921725,0.1563414629490899,0.15634146294921725,0.1563414629493879,0.15634146294952003,0.1563414629493879,0.15634146294929588,0.1563414629493879,0.15634146294952003,0.15494591499746105,0.15494591499710364,0.15494591499683663,0.15494591499710364,0.15494591499746105,0.15494591499710364,0.15494591499659602,0.1549459149961708,0.15494591499659602,0.15494591499710364,0.15494591499683663,0.1549459149961708,0.15494591499554883,0.1549459149961708,0.15494591499683663,0.15494591499710364,0.15494591499659602,0.1549459149961708,0.15494591499659602,0.15494591499710364,0.15494591499746105,0.15494591499710364,0.15494591499683663,0.15494591499710364,0.15494591499746105,0.15357822102453583,0.1535782210236413,0.15357822102290017,0.1535782210236413,0.15357822102453583,0.1535782210236413,0.15357822102219681,0.15357822102075314,0.15357822102219681,0.1535782210236413,0.15357822102290017,0.15357822102075314,0.1535782210181022,0.15357822102075314,0.15357822102290017,0.1535782210236413,0.15357822102219681,0.15357822102075314,0.15357822102219681,0.1535782210236413,0.15357822102453583,0.1535782210236413,0.15357822102290017,0.1535782210236413,0.15357822102453583,0.1522378041743757,0.15223780417241894,0.1522378041705472,0.15223780417241894,0.1522378041743757,0.15223780417241894,0.15223780416868254,0.15223780416386962,0.15223780416868254,0.15223780417241894,0.1522378041705472,0.15223780416386962,0.1522378041510983,0.15223780416386962,0.1522378041705472,0.15223780417241894,0.15223780416868254,0.15223780416386962,0.15223780416868254,0.15223780417241894,0.1522378041743757,0.15223780417241894,0.1522378041705472,0.15223780417241894,0.1522378041743757,0.15092409325480166,0.15092409325149386,0.15092409324772998,0.15092409325149386,0.15092409325480166,0.15092409325149386,0.15092409324385886,0.1509240932299472,0.15092409324385886,0.15092409325149386,0.15092409324772998,0.1509240932299472,0.1509240931602933,0.1509240932299472,0.15092409324772998,0.15092409325149386,0.15092409324385886,0.1509240932299472,0.15092409324385886,0.15092409325149386,0.15092409325480166,0.15092409325149386,0.15092409324772998,0.15092409325149386,0.15092409325480166,0.14963652340694072,0.14963652340378739,0.14963652340034114,0.14963652340378739,0.14963652340694072,0.14963652340378739,0.1496365233968102,0.1496365233851405,0.1496365233968102,0.14963652340378739,0.14963652340034114,0.1496365233851405,0.14963652333420058,0.1496365233851405,0.14963652340034114,0.14963652340378739,0.1496365233968102,0.1496365233851405,0.1496365233968102,0.14963652340378739,0.14963652340694072,0.14963652340378739,0.14963652340034114,0.14963652340378739,0.14963652340694072,0.14837453668694894,0.14837453668494682,0.14837453668289524,0.14837453668494682,0.14837453668694894,0.14837453668494682,0.14837453668082065,0.14837453667455183,0.14837453668082065,0.14837453668494682,0.14837453668289524,0.14837453667455183,0.14837453664981348,0.14837453667455183,0.14837453668289524,0.14837453668494682,0.14837453668082065,0.14837453667455183,0.14837453668082065,0.14837453668494682,0.14837453668694894,0.14837453668494682,0.14837453668289524,0.14837453668494682,0.14837453668694894,0.14713758257535614,0.14713758257469745,0.14713758257412557,0.14713758257469745,0.14713758257535614,0.14713758257469745,0.1471375825735737,0.14713758257232445,0.1471375825735737,0.14713758257469745,0.14713758257412557,0.14713758257232445,0.14713758256936854,0.14713758257232445,0.14713758257412557,0.14713758257469745,0.1471375825735737,0.14713758257232445,0.1471375825735737,0.14713758257469745,0.14713758257535614,0.14713758257469745,0.14713758257412557,0.14713758257469745,0.14713758257535614,0.1459251184165299,0.14592511841694228,0.14592511841747788,0.14592511841694228,0.1459251184165299,0.14592511841694228,0.14592511841804948,0.14592511842022646,0.14592511841804948,0.14592511841694228,0.14592511841747788,0.14592511842022646,0.14592511843096337,0.14592511842022646,0.14592511841747788,0.14592511841694228,0.14592511841804948,0.14592511842022646,0.14592511841804948,0.14592511841694228,0.1459251184165299,0.14592511841694228,0.14592511841747788,0.14592511841694228,0.1459251184165299,0.14473660979307912,0.1447366097941585,0.1447366097953547,0.1447366097941585,0.14473660979307912,0.1447366097941585,0.14473660979658703,0.14473660980069103,0.14473660979658703,0.1447366097941585,0.1447366097953547,0.14473660980069103,0.14473660981878436,0.14473660980069103,0.1447366097953547,0.1447366097941585,0.14473660979658703,0.14473660980069103,0.14473660979658703,0.1447366097941585,0.14473660979307912,0.1447366097941585,0.1447366097953547,0.1447366097941585,0.14473660979307912,0.1435715308409052,0.14357153084226162,0.14357153084371574,0.14357153084226162,0.1435715308409052,0.14357153084226162,0.1435715308451986,0.14357153085002416,0.1435715308451986,0.14357153084226162,0.14357153084371574,0.14357153085002416,0.14357153087114155,0.14357153085002416,0.14357153084371574,0.14357153084226162,0.1435715308451986,0.14357153085002416,0.1435715308451986,0.14357153084226162,0.1435715308409052,0.14357153084226162,0.14357153084371574,0.14357153084226162,0.1435715308409052,0.14242936451055743,0.14242936451186305,0.14242936451320104,0.14242936451186305,0.14242936451055743,0.14242936451186305,0.14242936451454927,0.1424293645187055,0.14242936451454927,0.14242936451186305,0.14242936451320104,0.1424293645187055,0.14242936453579488,0.1424293645187055,0.14242936451320104,0.14242936451186305,0.14242936451454927,0.1424293645187055,0.14242936451454927,0.14242936451186305,0.14242936451055743,0.14242936451186305,0.14242936451320104,0.14242936451186305,0.14242936451055743,0.14130960277999283,0.1413096027811372,0.14130960278224505,0.1413096027811372,0.14130960277999283,0.1413096027811372,0.14130960278334184,0.14130960278649138,0.14130960278334184,0.1413096027811372,0.14130960278224505,0.14130960278649138,0.1413096027983561,0.14130960278649138,0.14130960278224505,0.1413096027811372,0.14130960278334184,0.14130960278649138,0.14130960278334184,0.1413096027811372,0.14130960277999283,0.1413096027811372,0.14130960278224505,0.1413096027811372,0.14130960277999283,0.14021174682304688,0.14021174682415308,0.14021174682517057,0.14021174682415308,0.14021174682304688,0.14021174682415308,0.14021174682615936,0.14021174682888535,0.14021174682615936,0.14021174682415308,0.14021174682517057,0.14021174682888535,0.1402117468393687,0.14021174682888535,0.14021174682517057,0.14021174682415308,0.14021174682615936,0.14021174682888535,0.14021174682615936,0.14021174682415308,0.14021174682304688,0.14021174682415308,0.14021174682517057,0.14021174682415308,0.14021174682304688,0.13913530713808128,0.13913530713945385,0.13913530714062658,0.13913530713945385,0.13913530713808128,0.13913530713945385,0.1391353071417545,0.13913530714418312,0.1391353071417545,0.13913530713945385,0.13913530714062658,0.13913530714418312,0.13913530714914182,0.13913530714418312,0.13913530714062658,0.13913530713945385,0.1391353071417545,0.13913530714418312,0.1391353071417545,0.13913530713945385,0.13913530713808128,0.13913530713945385,0.13913530714062658,0.13913530713945385,0.13913530713808128,0.1380798036408147,0.13807980364312217,0.13807980364537198,0.13807980364312217,0.1380798036408147,0.13807980364312217,0.13807980364762798,0.13807980365358824,0.13807980364762798,0.13807980364312217,0.13807980364537198,0.13807980365358824,0.1380798036698707,0.13807980365358824,0.13807980364537198,0.13807980364312217,0.13807980364762798,0.13807980365358824,0.13807980364762798,0.13807980364312217,0.1380798036408147,0.13807980364312217,0.13807980364537198,0.13807980364312217,0.1380798036408147,0.13704476572440585,0.13704476572783392,0.1370447657319302,0.13704476572783392,0.13704476572440585,0.13704476572783392,0.13704476573616298,0.1370447657526823,0.13704476573616298,0.13704476572783392,0.1370447657319302,0.1370447657526823,0.13704476584368322,0.1370447657526823,0.1370447657319302,0.13704476572783392,0.13704476573616298,0.1370447657526823,0.13704476573616298,0.13704476572783392,0.13704476572440585,0.13704476572783392,0.1370447657319302,0.13704476572783392,0.13704476572440585,0.13602973229219106,0.13602973229454635,0.1360297322968381,0.13602973229454635,0.13602973229219106,0.13602973229454635,0.1360297322991309,0.13602973230522492,0.1360297322991309,0.13602973229454635,0.1360297322968381,0.13602973230522492,0.1360297323220666,0.13602973230522492,0.1360297322968381,0.13602973229454635,0.1360297322991309,0.13602973230522492,0.1360297322991309,0.13602973229454635,0.13602973229219106,0.13602973229454635,0.1360297322968381,0.13602973229454635,0.13602973229219106,0.1350342517682636,0.13503425176973066,0.13503425177093817,0.1350342517697308,0.1350342517682636,0.13503425176973066,0.13503425177208173,0.13503425177440445,0.13503425177208173,0.1350342517697308,0.13503425177093817,0.13503425177440445,0.13503425177861555,0.13503425177440445,0.13503425177093817,0.1350342517697308,0.13503425177208173,0.13503425177440445,0.13503425177208173,0.1350342517697308,0.1350342517682636,0.1350342517697308,0.13503425177093817,0.1350342517697308,0.1350342517682636
0.1653324879154169,0.16533248791541666,0.16533248791541644,0.16533248791541666,0.1653324879154169,0.16533248791541666,0.16533248791541644,0.1653324879154162,0.16533248791541644,0.16533248791541666,0.16533248791541644,0.1653324879154162,0.16533248791541597,0.1653324879154162,0.16533248791541644,0.16533248791541666,0.16533248791541644,0.1653324879154162,0.16533248791541644,0.16533248791541666,0.1653324879154169,0.16533248791541666,0.16533248791541644,0.16533248791541666,0.1653324879154169,0.16375749419403354,0.16375749419403285,0.1637574941940324,0.16375749419403285,0.16375749419403354,0.16375749419403285,0.16375749419403215,0.16375749419403196,0.16375749419403215,0.16375749419403285,0.1637574941940324,0.16375749419403196,0.16375749419403146,0.16375749419403196,0.1637574941940324,0.16375749419403285,0.16375749419403215,0.16375749419403196,0.16375749419403215,0.16375749419403285,0.16375749419403354,0.16375749419403285,0.1637574941940324,0.16375749419403285,0.16375749419403354,0.16221388440459658,0.16221388440459478,0.16221388440459364,0.16221388440459478,0.16221388440459658,0.16221388440459478,0.16221388440459297,0.16221388440459183,0.16221388440459297,0.16221388440459478,0.16221388440459364,0.16221388440459183,0.16221388440459047,0.16221388440459183,0.16221388440459364,0.16221388440459478,0.16221388440459297,0.16221388440459183,0.16221388440459297,0.16221388440459478,0.16221388440459658,0.16221388440459478,0.16221388440459364,0.16221388440459478,0.16221388440459658,0.16070106750414895,0.16070106750414387,0.1607010675041403,0.16070106750414387,0.16070106750414895,0.16070106750414387,0.16070106750413787,0.16070106750413432,0.16070106750413787,0.16070106750414387,0.1607010675041403,0.16070106750413432,0.1607010675041301,0.16070106750413432,0.1607010675041403,0.16070106750414387,0.16070106750413787,0.16070106750413432,0.16070106750413787,0.16070106750414387,0.16070106750414895,0.16070106750414387,0.1607010675041403,0.16070106750414387,0.16070106750414895,0.15921845186767622,0.15921845186766034,0.1592184518676501,0.15921845186766034,0.15921845186767622,0.15921845186766034,0.15921845186764227,0.15921845186763006,0.15921845186764227,0.15921845186766034,0.1592184518676501,0.15921845186763006,0.15921845186761657,0.15921845186763006,0.1592184518676501,0.15921845186766034,0.15921845186764227,0.15921845186763006,0.15921845186764227,0.15921845186766034,0.15921845186767622,0.15921845186766034,0.1592184518676501,0.15921845186766034,0.15921845186767622,0.15776544663996644,0.15776544663992015,0.15776544663988923,0.15776544663992015,0.15776544663996644,0.15776544663992015,0.15776544663986425,0.15776544663982542,0.15776544663986425,0.15776544663992015,0.15776544663988923,0.15776544663982542,0.15776544663977995,0.15776544663982542,0.15776544663988923,0.15776544663992015,0.15776544663986425,0.15776544663982542,0.15776544663986425,0.15776544663992015,0.15776544663996644,0.15776544663992015,0.15776544663988923,0.15776544663992015,0.15776544663996644,0.15634146294996232,0.15634146294983078,0.15634146294973897,0.15634146294983078,0.15634146294996232,0.15634146294983078,0.15634146294966056,0.15634146294953366,0.15634146294966056,0.15634146294983078,0.15634146294973897,0.15634146294953366,0.15634146294937243,0.15634146294953366,0.15634146294973897,0.15634146294983078,0.15634146294966056,0.15634146294953366,0.15634146294966056,0.15634146294983078,0.15634146294996232,0.15634146294983078,0.15634146294973897,0.15634146294983078,0.15634146294996232,0.15494591499789223,0.15494591499753627,0.15494591499727006,0.15494591499753627,0.15494591499789223,0.15494591499753627,0.15494591499703048,0.1549459149966067,0.15494591499703048,0.15494591499753627,0.15494591499727006,0.1549459149966067,0.15494591499598698,0.1549459149966067,0.15494591499727006,0.15494591499753627,0.15494591499703048,0.1549459149966067,0.15494591499703048,0.15494591499753627,0.15494591499789223,0.15494591499753627,0.15494591499727006,0.15494591499753627,0.15494591499789223,0.1535782210249534,0.15357822102406224,0.15357822102332375,0.15357822102406224,0.1535782210249534,0.15357822102406224,0.15357822102262303,0.15357822102118454,0.15357822102262303,0.15357822102406224,0.15357822102332375,0.15357822102118454,0.15357822101854268,0.15357822102118454,0.15357822102332375,0.15357822102406224,0.15357822102262303,0.15357822102118454,0.15357822102262303,0.15357822102406224,0.1535782210249534,0.15357822102406224,0.15357822102332375,0.15357822102406224,0.1535782210249534,0.15223780417477273,0.15223780417282345,0.15223780417095858,0.15223780417282345,0.15223780417477273,0.15223780417282345,0.15223780416910082,0.1522378041643052,0.15223780416910082,0.15223780417282345,0.15223780417095858,0.1522378041643052,0.15223780415157717,0.1522378041643052,0.15223780417095858,0.15223780417282345,0.15223780416910082,0.1522378041643052,0.15223780416910082,0.15223780417282345,0.15223780417477273,0.15223780417282345,0.15223780417095858,0.15223780417282345,0.15223780417477273,0.15092409325516262,0.1509240932518683,0.15092409324811912,0.1509240932518683,0.15092409325516262,0.1509240932518683,0.15092409324426265,0.15092409323040135,0.15092409324426265,0.1509240932518683,0.15092409324811912,0.15092409323040135,0.15092409316093647,0.15092409323040135,0.15092409324811912,0.1509240932518683,0.15092409324426265,0.15092409323040135,0.15092409324426265,0.1509240932518683,0.15092409325516262,0.1509240932518683,0.15092409324811912,0.1509240932518683,0.15092409325516262,0.1496365234072372,0.14963652340409955,0.14963652340067032,0.14963652340409955,0.1496365234072372,0.14963652340409955,0.14963652339715677,0.149636523385544,0.14963652339715677,0.14963652340409955,0.14963652340067032,0.149636523385544,0.14963652333484137,0.149636523385544,0.14963652340067032,0.14963652340409955,0.14963652339715677,0.149636523385544,0.14963652339715677,0.14963652340409955,0.1496365234072372,0.14963652340409955,0.14963652340067032,0.14963652340409955,0.1496365234072372,0.14837453668714762,0.14837453668515904,0.14837453668312225,0.14837453668515904,0.14837453668714762,0.14837453668515904,0.14837453668106287,0.14837453667484543,0.14837453668106287,0.14837453668515904,0.14837453668312225,0.14837453667484543,0.14837453665037298,0.14837453667484543,0.14837453668312225,0.14837453668515904,0.14837453668106287,0.14837453667484543,0.14837453668106287,0.14837453668515904,0.14837453668714762,0.14837453668515904,0.14837453668312225,0.14837453668515904,0.14837453668714762,0.1471375825754279,0.14713758257477574,0.14713758257421097,0.14713758257477574,0.1471375825754279,0.14713758257477574,0.14713758257366655,0.14713758257244072,0.14713758257366655,0.14713758257477574,0.14713758257421097,0.14713758257244072,0.14713758256958182,0.14713758257244072,0.14713758257421097,0.14713758257477574,0.14713758257366655,0.14713758257244072,0.14713758257366655,0.14713758257477574,0.1471375825754279,0.14713758257477574,0.14713758257421097,0.14713758257477574,0.1471375825754279,0.1459251184164592,0.14592511841686978,0.1459251184174029,0.14592511841686978,0.1459251184164592,0.14592511841686978,0.14592511841797184,0.14592511842013817,0.14592511841797184,0.14592511841686978,0.1459251184174029,0.14592511842013817,0.14592511843082023,0.14592511842013817,0.1459251184174029,0.14592511841686978,0.14592511841797184,0.14592511842013817,0.14592511841797184,0.14592511841686978,0.1459251184164592,0.14592511841686978,0.1459251184174029,0.14592511841686978,0.1459251184164592,0.1447366097928679,0.14473660979393876,0.1447366097951257,0.14473660979393876,0.1447366097928679,0.14473660979393876,0.14473660979634875,0.1447366098004224,0.14473660979634875,0.14473660979393876,0.1447366097951257,0.1447366098004224,0.1447366098183878,0.14473660980042222,0.1447366097951257,0.14473660979393876,0.14473660979634875,0.14473660980042222,0.14473660979634875,0.14473660979393876,0.1447366097928679,0.14473660979393876,0.1447366097951257,0.14473660979393876,0.1447366097928679,0.1435715308405688,0.14357153084191254,0.14357153084335264,0.14357153084191254,0.1435715308405688,0.14357153084191254,0.14357153084482113,0.1435715308495986,0.14357153084482113,0.14357153084191254,0.14357153084335264,0.1435715308495986,0.14357153087046273,0.1435715308495986,0.14357153084335264,0.14357153084191254,0.14357153084482113,0.1435715308495986,0.14357153084482113,0.14357153084191254,0.1435715308405688,0.14357153084191254,0.14357153084335264,0.14357153084191254,0.1435715308405688,0.14242936451012042,0.1424293645114133,0.14242936451273755,0.1424293645114133,0.14242936451012042,0.1424293645114133,0.14242936451407168,0.14242936451818192,0.14242936451407168,0.1424293645114133,0.14242936451273755,0.14242936451818192,0.14242936453505997,0.14242936451818192,0.14242936451273755,0.1424293645114133,0.14242936451407168,0.14242936451818192,0.14242936451407168,0.1424293645114133,0.14242936451012042,0.1424293645114133,0.14242936451273755,0.1424293645114133,0.14242936451012042,0.14130960277948004,0.14130960278061486,0.1413096027817133,0.14130960278061486,0.14130960277948004,0.14130960278061486,0.1413096027828009,0.14130960278592414,0.1413096027828009,0.14130960278061486,0.1413096027817133,0.14130960278592414,0.1413096027977104,0.14130960278592414,0.1413096027817133,0.14130960278061486,0.1413096027828009,0.14130960278592414,0.1413096027828009,0.14130960278061486,0.14130960277948004,0.14130960278061486,0.1413096027817133,0.14130960278061486,0.14130960277948004,0.14021174682247653,0.14021174682357596,0.14021174682458715,0.14021174682357596,0.14021174682247653,0.14021174682357596,0.14021174682556983,0.1402117468282784,0.14021174682556983,0.14021174682357596,0.14021174682458715,0.1402117468282784,0.14021174683869175,0.1402117468282784,0.14021174682458715,0.14021174682357596,0.14021174682556983,0.1402117468282784,0.14021174682556983,0.14021174682357596,0.14021174682247653,0.14021174682357596,0.14021174682458715,0.14021174682357596,0.14021174682247653,0.13913530713746636,0.13913530713883357,0.139135307140002,0.13913530713883357,0.13913530713746636,0.13913530713883357,0.1391353071411257,0.13913530714354497,0.1391353071411257,0.13913530713883357,0.139135307140002,0.13913530714354497,0.13913530714848393,0.13913530714354497,0.139135307140002,0.13913530713883357,0.1391353071411257,0.13913530714354497,0.1391353071411257,0.13913530713883357,0.13913530713746636,0.13913530713883357,0.139135307140002,0.13913530713883357,0.13913530713746636,0.13807980364016506,0.13807980364246636,0.13807980364471012,0.13807980364246636,0.13807980364016506,0.13807980364246636,0.13807980364696024,0.1380798036529053,0.13807980364696024,0.13807980364246636,0.13807980364471012,0.1380798036529053,0.13807980366914757,0.1380798036529053,0.13807980364471012,0.13807980364246636,0.13807980364696024,0.1380798036529053,0.13807980364696024,0.13807980364246636,0.13807980364016506,0.13807980364246636,0.13807980364471012,0.13807980364246636,0.13807980364016506,0.13704476572373386,0.13704476572715352,0.13704476573123991,0.13704476572715352,0.13704476572373386,0.13704476572715352,0.13704476573546234,0.13704476575194244,0.13704476573546234,0.13704476572715352,0.13704476573123991,0.13704476575194244,0.13704476584273512,0.13704476575194244,0.13704476573123991,0.13704476572715352,0.13704476573546234,0.13704476575194244,0.13704476573546234,0.13704476572715352,0.13704476572373386,0.13704476572715352,0.13704476573123991,0.13704476572715352,0.13704476572373386,0.13602973229151352,0.13602973229386311,0.13602973229614923,0.13602973229386311,0.13602973229151352,0.13602973229386311,0.13602973229843654,0.13602973230451618,0.13602973229843654,0.13602973229386311,0.13602973229614923,0.13602973230451618,0.13602973232131793,0.13602973230451618,0.13602973229614923,0.13602973229386311,0.13602973229843654,0.13602973230451618,0.13602973229843654,0.13602973229386311,0.13602973229151352,0.13602973229386311,0.13602973229614923,0.13602973229386311,0.13602973229151352,0.13503425176759176,0.13503425176905534,0.1350342517702599,0.13503425176905534,0.13503425176759176,0.13503425176905534,0.1350342517714007,0.13503425177371786,0.1350342517714007,0.13503425176905534,0.1350342517702599,0.13503425177371786,0.13503425177791914,0.13503425177371786,0.13503425177026004,0.13503425176905534,0.1350342517714007,0.13503425177371786,0.1350342517714007,0.13503425176905534,0.13503425176759176,0.13503425176905534,0.13503425177026004,0.13503425176905534,0.13503425176759176
0.16533248791590635,0.16533248791590613,0.16533248791590613,0.16533248791590613,0.16533248791590635,0.16533248791590613,0.1653324879159059,0.1653324879159059,0.1653324879159059,0.16533248791590613,0.16533248791590613,0.1653324879159059,0.16533248791590566,0.1653324879159059,0.16533248791590613,0.16533248791590613,0.1653324879159059,0.1653324879159059,0.1653324879159059,0.16533248791590613,0.16533248791590635,0.16533248791590613,0.16533248791590613,0.16533248791590613,0.16533248791590635,0.16375749419451324,0.16375749419451255,0.16375749419451208,0.16375749419451255,0.16375749419451324,0.16375749419451255,0.16375749419451185,0.16375749419451163,0.16375749419451185,0.16375749419451255,0.16375749419451208,0.16375749419451163,0.16375749419451116,0.16375749419451163,0.16375749419451208,0.16375749419451255,0.16375749419451185,0.16375749419451163,0.16375749419451185,0.16375749419451255,0.16375749419451324,0.16375749419451255,0.16375749419451208,0.16375749419451255,0.16375749419451324,0.1622138844050665,0.16221388440506468,0.16221388440506376,0.16221388440506468,0.1622138844050665,0.16221388440506468,0.16221388440506287,0.16221388440506174,0.16221388440506287,0.16221388440506468,0.16221388440506376,0.16221388440506174,0.1622138844050606,0.16221388440506174,0.16221388440506376,0.16221388440506468,0.16221388440506287,0.16221388440506174,0.16221388440506287,0.16221388440506468,0.1622138844050665,0.16221388440506468,0.16221388440506376,0.16221388440506468,0.1622138844050665,0.16070106750460927,0.16070106750460394,0.16070106750460061,0.16070106750460394,0.16070106750460927,0.16070106750460394,0.16070106750459817,0.1607010675045946,0.16070106750459817,0.16070106750460394,0.16070106750460061,0.1607010675045946,0.16070106750459037,0.1607010675045946,0.16070106750460061,0.16070106750460394,0.16070106750459817,0.1607010675045946,0.16070106750459817,0.16070106750460394,0.16070106750460927,0.16070106750460394,0.16070106750460061,0.16070106750460394,0.16070106750460927,0.15921845186812666,0.159218451868111,0.15921845186810077,0.159218451868111,0.15921845186812666,0.159218451868111,0.15921845186809294,0.15921845186808095,0.15921845186809294,0.159218451868111,0.15921845186810077,0.15921845186808095,0.15921845186806746,0.15921845186808095,0.15921845186810077,0.159218451868111,0.15921845186809294,0.15921845186808095,0.15921845186809294,0.159218451868111,0.15921845186812666,0.159218451868111,0.15921845186810077,0.159218451868111,0.15921845186812666,0.1577654466404075,0.15776544664036138,0.15776544664033046,0.15776544664036138,0.1577654466404075,0.15776544664036138,0.15776544664030548,0.15776544664026687,0.15776544664030548,0.15776544664036138,0.15776544664033046,0.15776544664026687,0.15776544664022166,0.15776544664026687,0.15776544664033046,0.15776544664036138,0.15776544664030548,0.15776544664026687,0.15776544664030548,0.15776544664036138,0.1577654466404075,0.15776544664036138,0.15776544664033046,0.15776544664036138,0.1577654466404075,0.1563414629503935,0.15634146295026238,0.156341462950171,0.15634146295026238,0.1563414629503935,0.15634146295026238,0.1563414629500928,0.1563414629499665,0.1563414629500928,0.15634146295026238,0.156341462950171,0.1563414629499665,0.1563414629498057,0.1563414629499665,0.156341462950171,0.15634146295026238,0.1563414629500928,0.1563414629499665,0.1563414629500928,0.15634146295026238,0.1563414629503935,0.15634146295026238,0.156341462950171,0.15634146295026238,0.1563414629503935,0.15494591499831253,0.1549459149979578,0.15494591499769284,0.1549459149979578,0.15494591499831253,0.1549459149979578,0.15494591499745386,0.1549459149970315,0.15494591499745386,0.1549459149979578,0.15494591499769284,0.1549459149970315,0.15494591499641405,0.1549459149970315,0.15494591499769284,0.1549459149979578,0.15494591499745386,0.1549459149970315,0.15494591499745386,0.1549459149979578,0.15494591499831253,0.1549459149979578,0.15494591499769284,0.1549459149979578,0.15494591499831253,0.1535782210253605,0.15357822102447255,0.1535782210237369,0.15357822102447255,0.1535782210253605,0.15357822102447255,0.15357822102303834,0.15357822102160493,0.15357822102303834,0.15357822102447255,0.1535782210237369,0.15357822102160493,0.1535782210189721,0.15357822102160493,0.1535782210237369,0.15357822102447255,0.15357822102303834,0.15357822102160493,0.15357822102303834,0.15357822102447255,0.1535782210253605,0.15357822102447255,0.1535782210237369,0.15357822102447255,0.1535782210253605,0.15223780417515972,0.15223780417321772,0.15223780417135974,0.15223780417321772,0.15223780417515972,0.15223780417321772,0.15223780416950866,0.1522378041647298,0.15223780416950866,0.15223780417321772,0.15223780417135974,0.1522378041647298,0.1522378041520445,0.1522378041647298,0.15223780417135974,0.15223780417321772,0.15223780416950866,0.1522378041647298,0.15223780416950866,0.15223780417321772,0.15223780417515972,0.15223780417321772,0.15223780417135974,0.15223780417321772,0.15223780417515972,0.1509240932555143,0.15092409325223313,0.1509240932484982,0.15092409325223313,0.1509240932555143,0.15092409325223313,0.15092409324465658,0.1509240932308443,0.15092409324465658,0.15092409325223313,0.1509240932484982,0.1509240932308443,0.15092409316163657,0.1509240932308443,0.1509240932484982,0.15092409325223313,0.15092409324465658,0.1509240932308443,0.15092409324465658,0.15092409325223313,0.1509240932555143,0.15092409325223313,0.1509240932484982,0.15092409325223313,0.1509240932555143,0.14963652340752612,0.14963652340440378,0.1496365234009912,0.14963652340440378,0.14963652340752612,0.14963652340440378,0.14963652339749448,0.14963652338593728,0.14963652339749448,0.14963652340440378,0.1496365234009912,0.14963652338593728,0.14963652333543112,0.14963652338593728,0.1496365234009912,0.14963652340440378,0.14963652339749448,0.14963652338593728,0.14963652339749448,0.14963652340440378,0.14963652340752612,0.14963652340440378,0.1496365234009912,0.14963652340440378,0.14963652340752612,0.1483745366873413,0.14837453668536565,0.14837453668334336,0.14837453668536565,0.1483745366873413,0.14837453668536565,0.148374536681299,0.1483745366751312,0.148374536681299,0.14837453668536565,0.14837453668334336,0.1483745366751312,0.14837453665085504,0.1483745366751312,0.14837453668334336,0.14837453668536565,0.148374536681299,0.1483745366751312,0.148374536681299,0.14837453668536565,0.1483745366873413,0.14837453668536565,0.14837453668334336,0.14837453668536565,0.1483745366873413,0.14713758257549783,0.1471375825748522,0.14713758257429452,0.1471375825748522,0.14713758257549783,0.1471375825748522,0.147137582573757,0.14713758257255408,0.147137582573757,0.1471375825748522,0.14713758257429452,0.14713758257255408,0.1471375825698007,0.14713758257255408,0.14713758257429452,0.1471375825748522,0.147137582573757,0.14713758257255408,0.147137582573757,0.1471375825748522,0.14713758257549783,0.1471375825748522,0.14713758257429452,0.1471375825748522,0.14713758257549783,0.14592511841639028,0.1459251184167991,0.14592511841733008,0.1459251184167991,0.14592511841639028,0.1459251184167991,0.1459251184178965,0.1459251184200527,0.1459251184178965,0.1459251184167991,0.14592511841733008,0.1459251184200527,0.14592511843066563,0.1459251184200527,0.14592511841733008,0.1459251184167991,0.1459251184178965,0.1459251184200527,0.1459251184178965,0.1459251184167991,0.14592511841639028,0.1459251184167991,0.14592511841733008,0.1459251184167991,0.14592511841639028,0.14473660979266192,0.14473660979372457,0.1447366097949026,0.14473660979372457,0.14473660979266192,0.14473660979372457,0.14473660979611663,0.14473660980016093,0.14473660979611663,0.14473660979372457,0.1447366097949026,0.14473660980016093,0.14473660981800796,0.14473660980016093,0.1447366097949026,0.14473660979372457,0.14473660979611663,0.14473660980016093,0.14473660979611663,0.14473660979372457,0.14473660979266192,0.14473660979372457,0.1447366097949026,0.14473660979372457,0.14473660979266192,0.14357153084024094,0.1435715308415722,0.1435715308429986,0.1435715308415722,0.14357153084024094,0.1435715308415722,0.14357153084445323,0.14357153084918364,0.14357153084445323,0.1435715308415722,0.1435715308429986,0.14357153084918364,0.14357153086984248,0.14357153084918364,0.1435715308429986,0.1435715308415722,0.14357153084445323,0.14357153084918364,0.14357153084445323,0.1435715308415722,0.14357153084024094,0.1435715308415722,0.1435715308429986,0.1435715308415722,0.14357153084024094,0.14242936450969418,0.14242936451097465,0.14242936451228544,0.14242936451097465,0.14242936450969418,0.14242936451097465,0.142429364513606,0.14242936451767094,0.142429364513606,0.14242936451097465,0.14242936451228544,0.14242936451767094,0.14242936453433075,0.14242936451767094,0.14242936451228544,0.14242936451097465,0.142429364513606,0.14242936451767094,0.142429364513606,0.14242936451097465,0.14242936450969418,0.14242936451097465,0.14242936451228544,0.14242936451097465,0.14242936450969418,0.14130960277897972,0.14130960278010535,0.14130960278119475,0.14130960278010535,0.14130960277897972,0.14130960278010535,0.14130960278227334,0.1413096027853707,0.14130960278227334,0.14130960278010535,0.14130960278119475,0.1413096027853707,0.141309602797069,0.1413096027853707,0.14130960278119475,0.14130960278010535,0.14130960278227334,0.1413096027853707,0.14130960278227334,0.14130960278010535,0.14130960277897972,0.14130960278010535,0.14130960278119475,0.14130960278010535,0.14130960277897972,0.14021174682192036,0.14021174682301316,0.14021174682401824,0.14021174682301316,0.14021174682192036,0.14021174682301316,0.1402117468249948,0.14021174682768645,0.1402117468249948,0.14021174682301316,0.14021174682401824,0.14021174682768645,0.1402117468380308,0.14021174682768645,0.14021174682401824,0.14021174682301316,0.1402117468249948,0.14021174682768645,0.1402117468249948,0.14021174682301316,0.14021174682192036,0.14021174682301316,0.14021174682401824,0.14021174682301316,0.14021174682192036,0.13913530713686664,0.13913530713822878,0.13913530713939282,0.13913530713822878,0.13913530713686664,0.13913530713822878,0.13913530714051237,0.13913530714292266,0.13913530714051237,0.13913530713822878,0.13913530713939282,0.13913530714292266,0.13913530714784247,0.13913530714292266,0.13913530713939282,0.13913530713822878,0.13913530714051237,0.13913530714292266,0.13913530714051237,0.13913530713822878,0.13913530713686664,0.13913530713822878,0.13913530713939282,0.13913530713822878,0.13913530713686664,0.13807980363953157,0.13807980364182665,0.13807980364406483,0.13807980364182665,0.13807980363953157,0.13807980364182665,0.13807980364630906,0.13807980365223937,0.13807980364630906,0.13807980364182665,0.13807980364406483,0.13807980365223937,0.13807980366844258,0.13807980365223937,0.13807980364406483,0.13807980364182665,0.13807980364630906,0.13807980365223937,0.13807980364630906,0.13807980364182665,0.13807980363953157,0.13807980364182665,0.13807980364406483,0.13807980364182665,0.13807980363953157,0.1370447657230784,0.13704476572649002,0.13704476573056668,0.13704476572649002,0.1370447657230784,0.13704476572649002,0.13704476573477925,0.13704476575122085,0.13704476573477925,0.13704476572649002,0.13704476573056668,0.13704476575122085,0.1370447658418019,0.13704476575122085,0.13704476573056668,0.13704476572649002,0.13704476573477925,0.13704476575122085,0.13704476573477925,0.13704476572649002,0.1370447657230784,0.13704476572649002,0.13704476573056668,0.13704476572649002,0.1370447657230784,0.1360297322908527,0.1360297322931968,0.13602973229547752,0.1360297322931968,0.1360297322908527,0.1360297322931968,0.13602973229775958,0.13602973230382506,0.13602973229775958,0.1360297322931968,0.13602973229547752,0.13602973230382506,0.1360297323205879,0.13602973230382506,0.13602973229547752,0.1360297322931968,0.13602973229775958,0.13602973230382506,0.13602973229775958,0.1360297322931968,0.1360297322908527,0.1360297322931968,0.13602973229547752,0.1360297322931968,0.1360297322908527,0.13503425176693662,0.1350342517683968,0.1350342517695986,0.1350342517683968,0.13503425176693662,0.1350342517683968,0.1350342517707366,0.13503425177304854,0.13503425177073677,0.1350342517683968,0.1350342517695986,0.13503425177304854,0.13503425177723988,0.13503425177304854,0.1350342517695986,0.1350342517683968,0.13503425177073677,0.13503425177304854,0.13503425177073677,0.1350342517683968,0.13503425176693662,0.1350342517683968,0.1350342517695986,0.1350342517683968,0.13503425176693662
0.165332487916384,0.16533248791638375,0.16533248791638352,0.16533248791638375,0.165332487916384,0.16533248791638375,0.16533248791638352,0.1653324879163833,0.16533248791638352,0.16533248791638375,0.16533248791638352,0.1653324879163833,0.16533248791638305,0.1653324879163833,0.16533248791638352,0.16533248791638375,0.16533248791638352,0.1653324879163833,0.1653324879163833,0.16533248791638375,0.165332487916384,0.16533248791638375,0.16533248791638352,0.16533248791638375,0.165332487916384,0.1637574941949809,0.16375749419498045,0.16375749419497998,0.16375749419498045,0.1637574941949809,0.16375749419498045,0.16375749419497976,0.1637574941949795,0.16375749419497976,0.16375749419498045,0.16375749419497998,0.1637574941949795,0.16375749419497906,0.1637574941949795,0.16375749419497998,0.16375749419498045,0.16375749419497976,0.1637574941949795,0.16375749419497976,0.16375749419498045,0.1637574941949809,0.16375749419498045,0.16375749419497998,0.16375749419498045,0.1637574941949809,0.16221388440552484,0.16221388440552303,0.16221388440552212,0.16221388440552303,0.16221388440552484,0.16221388440552303,0.16221388440552123,0.16221388440552006,0.16221388440552123,0.16221388440552303,0.16221388440552212,0.16221388440552006,0.16221388440551895,0.16221388440552006,0.16221388440552212,0.16221388440552303,0.16221388440552123,0.16221388440552006,0.16221388440552123,0.16221388440552326,0.16221388440552484,0.16221388440552303,0.16221388440552212,0.16221388440552326,0.16221388440552484,0.16070106750505825,0.16070106750505292,0.16070106750504956,0.16070106750505292,0.16070106750505825,0.16070106750505292,0.16070106750504715,0.16070106750504357,0.16070106750504715,0.16070106750505292,0.16070106750504956,0.16070106750504357,0.16070106750503935,0.16070106750504357,0.16070106750504956,0.16070106750505292,0.16070106750504715,0.16070106750504357,0.16070106750504715,0.16070106750505292,0.16070106750505825,0.16070106750505292,0.16070106750504956,0.16070106750505292,0.16070106750505825,0.15921845186856623,0.15921845186855055,0.15921845186854033,0.15921845186855055,0.15921845186856623,0.15921845186855055,0.1592184518685327,0.15921845186852052,0.1592184518685327,0.15921845186855055,0.15921845186854033,0.15921845186852052,0.15921845186850725,0.15921845186852052,0.15921845186854033,0.15921845186855055,0.1592184518685327,0.15921845186852052,0.1592184518685327,0.15921845186855055,0.15921845186856623,0.15921845186855055,0.15921845186854033,0.15921845186855055,0.15921845186856623,0.15776544664083764,0.15776544664079176,0.157765446640761,0.15776544664079176,0.15776544664083764,0.15776544664079176,0.15776544664073608,0.15776544664069744,0.15776544664073608,0.15776544664079176,0.157765446640761,0.15776544664069744,0.15776544664065242,0.15776544664069744,0.157765446640761,0.15776544664079176,0.15776544664073608,0.15776544664069744,0.15776544664073608,0.15776544664079176,0.15776544664083764,0.15776544664079176,0.157765446640761,0.15776544664079176,0.15776544664083764,0.15634146295081403,0.15634146295068332,0.15634146295059234,0.15634146295068332,0.15634146295081403,0.15634146295068332,0.15634146295051454,0.15634146295038848,0.15634146295051454,0.15634146295068332,0.15634146295059234,0.15634146295038848,0.1563414629502283,0.15634146295038848,0.15634146295059234,0.15634146295068332,0.15634146295051454,0.15634146295038848,0.15634146295051454,0.15634146295068332,0.15634146295081403,0.15634146295068332,0.15634146295059234,0.15634146295068332,0.15634146295081403,0.15494591499872282,0.1549459149983693,0.15494591499810495,0.1549459149983693,0.15494591499872282,0.1549459149983693,0.15494591499786703,0.1549459149974461,0.15494591499786703,0.1549459149983693,0.15494591499810495,0.1549459149974461,0.1549459149968307,0.1549459149974461,0.15494591499810495,0.1549459149983693,0.15494591499786703,0.1549459149974461,0.15494591499786703,0.1549459149983693,0.15494591499872282,0.1549459149983693,0.15494591499810495,0.1549459149983693,0.15494591499872282,0.15357822102575755,0.15357822102487284,0.1535782210241398,0.15357822102487284,0.15357822102575755,0.15357822102487284,0.15357822102344384,0.15357822102201524,0.15357822102344384,0.15357822102487284,0.1535782210241398,0.15357822102201524,0.15357822101939103,0.15357822102201524,0.1535782210241398,0.15357822102487284,0.15357822102344384,0.15357822102201524,0.15357822102344384,0.15357822102487284,0.15357822102575755,0.15357822102487284,0.1535782210241398,0.15357822102487284,0.15357822102575755,0.15223780417553726,0.15223780417360253,0.15223780417175126,0.15223780417360253,0.15223780417553726,0.15223780417360253,0.15223780416990668,0.15223780416514393,0.15223780416990668,0.15223780417360253,0.15223780417175126,0.15223780416514393,0.15223780415250035,0.15223780416514393,0.15223780417175126,0.15223780417360253,0.15223780416990668,0.15223780416514393,0.15223780416990668,0.15223780417360253,0.15223780417553726,0.15223780417360253,0.15223780417175126,0.15223780417360253,0.15223780417553726,0.1509240932558575,0.15092409325258926,0.15092409324886824,0.15092409325258926,0.1509240932558575,0.15092409325258926,0.1509240932450407,0.15092409323127665,0.1509240932450407,0.15092409325258926,0.15092409324886824,0.15092409323127665,0.15092409316231295,0.15092409323127665,0.15092409324886824,0.15092409325258926,0.1509240932450407,0.15092409323127665,0.1509240932450407,0.15092409325258926,0.1509240932558575,0.15092409325258926,0.15092409324886824,0.15092409325258926,0.1509240932558575,0.14963652340780786,0.14963652340470046,0.14963652340130415,0.14963652340470046,0.14963652340780786,0.14963652340470046,0.14963652339782407,0.14963652338632077,0.14963652339782407,0.14963652340470046,0.14963652340130415,0.14963652338632077,0.14963652333607155,0.14963652338632077,0.14963652340130415,0.14963652340470046,0.14963652339782407,0.14963652338632077,0.14963652339782407,0.14963652340470046,0.14963652340780786,0.14963652340470046,0.14963652340130415,0.14963652340470046,0.14963652340780786,0.14837453668753015,0.1483745366855675,0.14837453668355907,0.1483745366855675,0.14837453668753015,0.1483745366855675,0.14837453668152897,0.14837453667540956,0.14837453668152897,0.1483745366855675,0.14837453668355907,0.14837453667540956,0.14837453665135114,0.14837453667540956,0.14837453668355907,0.1483745366855675,0.14837453668152897,0.14837453667540956,0.14837453668152897,0.1483745366855675,0.14837453668753015,0.1483745366855675,0.14837453668355907,0.1483745366855675,0.14837453668753015,0.1471375825755663,0.14713758257492687,0.1471375825743759,0.14713758257492687,0.1471375825755663,0.14713758257492687,0.1471375825738453,0.14713758257266488,0.1471375825738453,0.14713758257492687,0.1471375825743759,0.14713758257266488,0.14713758257004284,0.14713758257266488,0.1471375825743759,0.14713758257492687,0.1471375825738453,0.14713758257266488,0.1471375825738453,0.14713758257492687,0.1471375825755663,0.14713758257492687,0.1471375825743759,0.14713758257492687,0.1471375825755663,0.1459251184163233,0.14592511841673053,0.14592511841725922,0.14592511841673053,0.1459251184163233,0.14592511841673053,0.14592511841782332,0.14592511841996988,0.14592511841782332,0.14592511841673053,0.14592511841725922,0.14592511841996988,0.1459251184305259,0.14592511841996988,0.14592511841725922,0.14592511841673053,0.14592511841782332,0.14592511841996988,0.14592511841782332,0.14592511841673053,0.1459251184163233,0.14592511841673053,0.14592511841725922,0.14592511841673053,0.1459251184163233,0.1447366097924612,0.1447366097935158,0.1447366097946853,0.1447366097935158,0.1447366097924612,0.1447366097935158,0.1447366097958902,0.14473660979990627,0.1447366097958902,0.1447366097935158,0.1447366097946853,0.14473660979990627,0.14473660981763495,0.14473660979990627,0.1447366097946853,0.1447366097935158,0.1447366097958902,0.14473660979990627,0.1447366097958902,0.1447366097935158,0.1447366097924612,0.1447366097935158,0.1447366097946853,0.1447366097935158,0.1447366097924612,0.14357153083992097,0.14357153084124008,0.14357153084265314,0.14357153084124008,0.14357153083992097,0.14357153084124008,0.14357153084409424,0.1435715308487788,0.14357153084409424,0.14357153084124008,0.14357153084265314,0.1435715308487788,0.1435715308692374,0.1435715308487788,0.14357153084265314,0.14357153084124008,0.14357153084409424,0.1435715308487788,0.14357153084409424,0.14357153084124008,0.14357153083992097,0.14357153084124008,0.14357153084265314,0.14357153084124008,0.14357153083992097,0.14242936450927832,0.14242936451054652,0.14242936451184426,0.14242936451054652,0.14242936450927832,0.14242936451054652,0.14242936451315139,0.14242936451717206,0.14242936451315139,0.14242936451054652,0.14242936451184426,0.14242936451717206,0.1424293645336433,0.14242936451717206,0.14242936451184426,0.14242936451054652,0.14242936451315139,0.14242936451717206,0.14242936451315139,0.14242936451054652,0.14242936450927832,0.14242936451054652,0.14242936451184426,0.14242936451054652,0.14242936450927832,0.14130960277849158,0.14130960277960813,0.14130960278068871,0.14130960277960813,0.14130960277849158,0.14130960277960813,0.1413096027817582,0.14130960278483043,0.1413096027817582,0.14130960277960813,0.14130960278068871,0.14130960278483043,0.14130960279643712,0.14130960278483043,0.14130960278068871,0.14130960277960813,0.1413096027817582,0.14130960278483043,0.1413096027817582,0.14130960277960813,0.14130960277849158,0.14130960277960813,0.14130960278068871,0.14130960277960813,0.14130960277849158,0.14021174682137744,0.14021174682246396,0.14021174682346307,0.14021174682246396,0.14021174682137744,0.14021174682246396,0.14021174682443363,0.14021174682710866,0.14021174682443363,0.14021174682246396,0.14021174682346307,0.14021174682710866,0.14021174683739063,0.14021174682710866,0.14021174682346307,0.14021174682246396,0.14021174682443363,0.14021174682710866,0.14021174682443363,0.14021174682246396,0.14021174682137744,0.14021174682246396,0.14021174682346307,0.14021174682246396,0.14021174682137744,0.1391353071362813,0.13913530713763855,0.1391353071387983,0.13913530713763855,0.1391353071362813,0.13913530713763855,0.1391353071399138,0.1391353071423152,0.1391353071399138,0.13913530713763855,0.1391353071387983,0.1391353071423152,0.13913530714721617,0.1391353071423152,0.1391353071387983,0.13913530713763855,0.1391353071399138,0.1391353071423152,0.1391353071399138,0.13913530713763855,0.1391353071362813,0.13913530713763855,0.1391353071387983,0.13913530713763855,0.1391353071362813,0.13807980363891326,0.13807980364120245,0.1380798036434349,0.13807980364120245,0.13807980363891326,0.13807980364120245,0.13807980364567354,0.13807980365158945,0.13807980364567354,0.13807980364120245,0.1380798036434349,0.13807980365158945,0.13807980366775435,0.13807980365158945,0.1380798036434349,0.13807980364120245,0.13807980364567354,0.13807980365158945,0.13807980364567354,0.13807980364120245,0.13807980363891326,0.13807980364120245,0.1380798036434349,0.13807980364120245,0.13807980363891326,0.1370447657224389,0.13704476572584234,0.1370447657299097,0.13704476572584234,0.1370447657224388,0.13704476572584234,0.13704476573411256,0.13704476575051677,0.13704476573411256,0.13704476572584234,0.1370447657299097,0.13704476575051677,0.1370447658408889,0.13704476575051677,0.1370447657299097,0.13704476572584234,0.13704476573411256,0.13704476575051677,0.13704476573411256,0.13704476572584234,0.1370447657224388,0.13704476572584234,0.1370447657299097,0.13704476572584234,0.1370447657224388,0.1360297322902078,0.1360297322925464,0.13602973229482201,0.1360297322925464,0.1360297322902078,0.1360297322925464,0.13602973229709875,0.13602973230315052,0.13602973229709875,0.1360297322925464,0.13602973229482201,0.13602973230315052,0.1360297323198753,0.13602973230315052,0.13602973229482201,0.1360297322925464,0.13602973229709875,0.13602973230315052,0.13602973229709875,0.1360297322925464,0.1360297322902078,0.1360297322925464,0.13602973229482201,0.1360297322925464,0.1360297322902078,0.13503425176629727,0.13503425176775408,0.1350342517689531,0.13503425176775408,0.13503425176629727,0.13503425176775408,0.13503425177008865,0.13503425177239511,0.13503425177008865,0.13503425176775408,0.1350342517689531,0.13503425177239511,0.13503425177657713,0.13503425177239511,0.1350342517689531,0.13503425176775408,0.13503425177008865,0.13503425177239511,0.13503425177008865,0.13503425176775408,0.13503425176629727,0.13503425176775408,0.1350342517689531,0.13503425176775408,0.13503425176629727
0.16533248791685032,0.16533248791685007,0.16533248791684982,0.16533248791684982,0.16533248791685032,0.16533248791685007,0.1653324879168496,0.1653324879168496,0.1653324879168496,0.16533248791684982,0.16533248791684982,0.1653324879168496,0.16533248791684935,0.1653324879168496,0.16533248791684982,0.16533248791684982,0.1653324879168496,0.1653324879168496,0.1653324879168496,0.16533248791684982,0.16533248791685032,0.16533248791684982,0.16533248791684982,0.16533248791684982,0.16533248791685007,0.16375749419543792,0.16375749419543723,0.163757494195437,0.16375749419543723,0.16375749419543792,0.16375749419543723,0.16375749419543678,0.1637574941954363,0.16375749419543678,0.16375749419543723,0.163757494195437,0.1637574941954363,0.1637574941954361,0.1637574941954363,0.163757494195437,0.16375749419543723,0.16375749419543678,0.1637574941954363,0.16375749419543678,0.16375749419543723,0.16375749419543792,0.16375749419543723,0.163757494195437,0.16375749419543723,0.16375749419543792,0.16221388440597254,0.1622138844059707,0.16221388440596957,0.1622138844059707,0.16221388440597254,0.1622138844059707,0.16221388440596887,0.16221388440596776,0.16221388440596887,0.1622138844059707,0.16221388440596957,0.16221388440596776,0.16221388440596662,0.16221388440596776,0.1622138844059698,0.1622138844059707,0.16221388440596887,0.16221388440596776,0.16221388440596887,0.1622138844059707,0.16221388440597254,0.1622138844059707,0.1622138844059698,0.1622138844059707,0.16221388440597254,0.16070106750549656,0.16070106750549146,0.1607010675054881,0.16070106750549146,0.16070106750549676,0.16070106750549146,0.16070106750548566,0.16070106750548188,0.16070106750548566,0.16070106750549146,0.1607010675054881,0.16070106750548188,0.16070106750547788,0.16070106750548188,0.1607010675054881,0.16070106750549146,0.16070106750548566,0.16070106750548188,0.16070106750548566,0.16070106750549146,0.16070106750549676,0.16070106750549146,0.1607010675054881,0.16070106750549146,0.16070106750549676,0.15921845186899558,0.15921845186897993,0.1592184518689699,0.15921845186897993,0.15921845186899558,0.15921845186897993,0.15921845186896205,0.15921845186895006,0.15921845186896205,0.15921845186897993,0.1592184518689699,0.15921845186895006,0.1592184518689368,0.15921845186895006,0.1592184518689699,0.15921845186897993,0.15921845186896205,0.15921845186895006,0.15921845186896205,0.15921845186897993,0.15921845186899558,0.15921845186897993,0.1592184518689699,0.15921845186897993,0.15921845186899558,0.15776544664125777,0.15776544664121187,0.15776544664118136,0.15776544664121187,0.15776544664125777,0.15776544664121187,0.1577654466411566,0.15776544664111822,0.1577654466411566,0.15776544664121187,0.15776544664118136,0.15776544664111822,0.15776544664107317,0.15776544664111822,0.15776544664118136,0.15776544664121187,0.1577654466411566,0.15776544664111822,0.1577654466411566,0.15776544664121187,0.15776544664125777,0.15776544664121187,0.15776544664118136,0.15776544664121187,0.15776544664125777,0.15634146295122467,0.1563414629510946,0.15634146295100387,0.1563414629510946,0.15634146295122467,0.1563414629510946,0.15634146295092627,0.15634146295080062,0.15634146295092627,0.1563414629510946,0.15634146295100387,0.15634146295080062,0.15634146295064108,0.15634146295080062,0.15634146295100387,0.1563414629510946,0.15634146295092627,0.15634146295080062,0.15634146295092627,0.1563414629510946,0.15634146295122467,0.1563414629510946,0.15634146295100387,0.1563414629510946,0.15634146295122467,0.15494591499912327,0.15494591499877097,0.15494591499850782,0.15494591499877097,0.15494591499912327,0.15494591499877097,0.15494591499827054,0.15494591499785104,0.15494591499827054,0.15494591499877097,0.15494591499850782,0.15494591499785104,0.15494591499723767,0.15494591499785104,0.15494591499850782,0.15494591499877097,0.15494591499827054,0.15494591499785104,0.15494591499827054,0.15494591499877097,0.15494591499912327,0.15494591499877097,0.15494591499850782,0.15494591499877097,0.15494591499912327,0.1535782210261456,0.1535782210252639,0.15357822102453322,0.1535782210252639,0.1535782210261456,0.1535782210252639,0.1535782210238397,0.15357822102241592,0.1535782210238397,0.1535782210252639,0.15357822102453322,0.15357822102241592,0.15357822101980034,0.15357822102241592,0.15357822102453322,0.1535782210252639,0.1535782210238397,0.15357822102241592,0.1535782210238397,0.1535782210252639,0.1535782210261456,0.1535782210252639,0.15357822102453322,0.1535782210252639,0.1535782210261456,0.15223780417590616,0.1522378041739783,0.1522378041721335,0.1522378041739783,0.15223780417590616,0.1522378041739783,0.15223780417029523,0.15223780416554863,0.15223780417029523,0.1522378041739783,0.1522378041721335,0.15223780416554863,0.1522378041529458,0.15223780416554863,0.1522378041721335,0.1522378041739783,0.15223780417029523,0.15223780416554863,0.15223780417029523,0.1522378041739783,0.15223780417590616,0.1522378041739783,0.1522378041721335,0.1522378041739783,0.15223780417590616,0.15092409325619263,0.1509240932529369,0.15092409324922956,0.1509240932529369,0.15092409325619263,0.1509240932529369,0.1509240932454161,0.15092409323169895,0.1509240932454161,0.1509240932529369,0.15092409324922956,0.15092409323169895,0.15092409316295807,0.15092409323169895,0.15092409324922956,0.1509240932529369,0.1509240932454161,0.15092409323169895,0.1509240932454161,0.1509240932529369,0.15092409325619263,0.1509240932529369,0.15092409324922956,0.1509240932529369,0.15092409325619263,0.14963652340808317,0.1496365234049903,0.1496365234016097,0.1496365234049903,0.14963652340808317,0.1496365234049903,0.14963652339814568,0.14963652338669514,0.14963652339814568,0.1496365234049903,0.1496365234016097,0.14963652338669514,0.1496365233366562,0.14963652338669514,0.1496365234016097,0.1496365234049903,0.14963652339814568,0.14963652338669514,0.14963652339814568,0.1496365234049903,0.14963652340808317,0.1496365234049903,0.1496365234016097,0.1496365234049903,0.14963652340808317,0.14837453668771472,0.14837453668576453,0.1483745366837698,0.14837453668576453,0.14837453668771472,0.14837453668576453,0.14837453668175377,0.14837453667568126,0.14837453668175377,0.14837453668576453,0.1483745366837698,0.14837453667568126,0.148374536651838,0.14837453667568126,0.1483745366837698,0.14837453668576453,0.14837453668175377,0.14837453667568126,0.14837453668175377,0.14837453668576453,0.14837453668771472,0.14837453668576453,0.1483745366837698,0.14837453668576453,0.14837453668771472,0.14713758257563317,0.1471375825750001,0.14713758257445567,0.1471375825750001,0.14713758257563317,0.1471375825750001,0.14713758257393195,0.14713758257277315,0.14713758257393195,0.1471375825750001,0.14713758257445567,0.14713758257277315,0.14713758257019163,0.14713758257277315,0.14713758257445567,0.1471375825750001,0.14713758257393195,0.14713758257277315,0.14713758257393195,0.1471375825750001,0.14713758257563317,0.1471375825750001,0.14713758257445567,0.1471375825750001,0.14713758257563317,0.1459251184162583,0.14592511841666395,0.1459251184171905,0.14592511841666395,0.1459251184162583,0.14592511841666395,0.14592511841775246,0.14592511841988975,0.14592511841775246,0.14592511841666395,0.1459251184171905,0.14592511841988975,0.14592511843041814,0.14592511841988975,0.1459251184171905,0.14592511841666395,0.14592511841775246,0.14592511841988975,0.14592511841775246,0.14592511841666395,0.1459251184162583,0.14592511841666395,0.1459251184171905,0.14592511841666395,0.1459251184162583,0.14473660979226535,0.1447366097933123,0.1447366097944734,0.1447366097933123,0.14473660979226535,0.1447366097933123,0.14473660979566977,0.14473660979965822,0.14473660979566977,0.1447366097933123,0.1447366097944734,0.14473660979965822,0.14473660981726907,0.14473660979965822,0.1447366097944734,0.1447366097933123,0.14473660979566977,0.14473660979965822,0.14473660979566977,0.1447366097933123,0.14473660979226535,0.1447366097933123,0.1447366097944734,0.1447366097933123,0.14473660979226535,0.1435715308396087,0.14357153084091617,0.1435715308423162,0.14357153084091617,0.1435715308396087,0.14357153084091617,0.1435715308437438,0.1435715308483837,0.1435715308437438,0.14357153084091617,0.1435715308423162,0.1435715308483837,0.14357153086864724,0.1435715308483837,0.1435715308423162,0.14357153084091617,0.1435715308437438,0.1435715308483837,0.1435715308437438,0.14357153084091598,0.1435715308396087,0.14357153084091617,0.1435715308423162,0.14357153084091598,0.1435715308396087,0.1424293645088722,0.14242936451012864,0.14242936451141347,0.14242936451012864,0.1424293645088722,0.14242936451012864,0.14242936451270735,0.14242936451668473,0.14242936451270735,0.14242936451012864,0.14242936451141347,0.14242936451668473,0.14242936453295804,0.14242936451668473,0.14242936451141347,0.14242936451012864,0.14242936451270735,0.14242936451668473,0.14242936451270735,0.14242936451012864,0.1424293645088722,0.14242936451012864,0.14242936451141347,0.14242936451012864,0.1424293645088722,0.14130960277801496,0.14130960277912266,0.14130960278019447,0.14130960277912266,0.14130960277801496,0.14130960277912266,0.14130960278125526,0.14130960278430285,0.14130960278125526,0.14130960277912266,0.14130960278019447,0.14130960278430285,0.1413096027958049,0.14130960278430285,0.14130960278019447,0.14130960277912266,0.14130960278125526,0.14130960278430285,0.14130960278125526,0.14130960277912266,0.14130960277801496,0.14130960277912266,0.14130960278019447,0.14130960277912266,0.14130960277801496,0.1402117468208474,0.1402117468219276,0.14021174682292092,0.1402117468219276,0.1402117468208474,0.1402117468219276,0.1402117468238857,0.1402117468265446,0.1402117468238857,0.1402117468219276,0.14021174682292092,0.1402117468265446,0.14021174683676335,0.1402117468265446,0.14021174682292092,0.1402117468219276,0.1402117468238857,0.1402117468265446,0.1402117468238857,0.1402117468219276,0.1402117468208474,0.1402117468219276,0.14021174682292092,0.1402117468219276,0.1402117468208474,0.1391353071357099,0.13913530713706224,0.13913530713821787,0.13913530713706224,0.1391353071357099,0.13913530713706224,0.1391353071393294,0.13913530714172212,0.1391353071393294,0.13913530713706224,0.13913530713821787,0.13913530714172212,0.13913530714660477,0.13913530714172212,0.13913530713821787,0.13913530713706224,0.1391353071393294,0.13913530714172212,0.1391353071393294,0.13913530713706224,0.1391353071357099,0.13913530713706224,0.13913530713821787,0.13913530713706224,0.1391353071357099,0.1380798036383097,0.138079803640593,0.13807980364281983,0.138079803640593,0.1380798036383097,0.138079803640593,0.13807980364505304,0.138079803650955,0.13807980364505304,0.138079803640593,0.13807980364281983,0.138079803650955,0.13807980366708258,0.138079803650955,0.13807980364281983,0.138079803640593,0.13807980364505304,0.138079803650955,0.13807980364505304,0.138079803640593,0.1380798036383097,0.138079803640593,0.13807980364281983,0.138079803640593,0.1380798036383097,0.1370447657218145,0.13704476572521015,0.13704476572926827,0.13704476572521015,0.1370447657218145,0.13704476572521015,0.13704476573346167,0.13704476574982938,0.13704476573346167,0.13704476572521015,0.13704476572926827,0.13704476574982938,0.13704476584001465,0.13704476574982938,0.13704476572926827,0.13704476572521015,0.13704476573346167,0.13704476574982938,0.13704476573346167,0.13704476572521015,0.1370447657218145,0.13704476572521015,0.13704476572926827,0.13704476572521015,0.1370447657218145,0.13602973228957826,0.13602973229191165,0.13602973229418205,0.13602973229191165,0.13602973228957826,0.13602973229191165,0.1360297322964537,0.1360297323024919,0.1360297322964537,0.13602973229191165,0.13602973229418205,0.1360297323024919,0.13602973231917975,0.1360297323024919,0.13602973229418205,0.13602973229191165,0.1360297322964537,0.1360297323024919,0.1360297322964537,0.13602973229191165,0.13602973228957826,0.13602973229191165,0.13602973229418205,0.13602973229191165,0.13602973228957826,0.1350342517656731,0.13503425176712658,0.13503425176832295,0.13503425176712658,0.1350342517656731,0.13503425176712658,0.135034251769456,0.1350342517717574,0.135034251769456,0.13503425176712658,0.13503425176832295,0.1350342517717574,0.13503425177593004,0.1350342517717574,0.13503425176832295,0.13503425176712658,0.135034251769456,0.1350342517717574,0.135034251769456,0.13503425176712658,0.1350342517656731,0.13503425176712658,0.13503425176832295,0.13503425176712658,0.1350342517656731
0.1653324879173055,0.1653324879173053,0.1653324879173053,0.1653324879173053,0.1653324879173055,0.1653324879173053,0.16533248791730504,0.16533248791730504,0.16533248791730504,0.1653324879173053,0.1653324879173053,0.16533248791730504,0.16533248791730484,0.16533248791730504,0.1653324879173053,0.1653324879173053,0.16533248791730504,0.16533248791730504,0.16533248791730504,0.1653324879173053,0.1653324879173055,0.1653324879173053,0.1653324879173053,0.1653324879173053,0.1653324879173055,0.16375749419588434,0.16375749419588362,0.16375749419588317,0.16375749419588362,0.1637574941958841,0.16375749419588362,0.16375749419588292,0.1637574941958827,0.16375749419588292,0.16375749419588362,0.16375749419588317,0.1637574941958827,0.16375749419588226,0.1637574941958827,0.16375749419588317,0.16375749419588362,0.16375749419588292,0.1637574941958827,0.16375749419588292,0.16375749419588362,0.1637574941958841,0.16375749419588362,0.16375749419588317,0.16375749419588362,0.1637574941958841,0.1622138844064098,0.162213884406408,0.16221388440640683,0.162213884406408,0.1622138844064098,0.162213884406408,0.16221388440640613,0.16221388440640502,0.16221388440640613,0.162213884406408,0.16221388440640683,0.16221388440640502,0.16221388440640366,0.16221388440640502,0.16221388440640683,0.162213884406408,0.16221388440640613,0.16221388440640502,0.16221388440640613,0.162213884406408,0.1622138844064098,0.162213884406408,0.16221388440640683,0.162213884406408,0.1622138844064098,0.16070106750592486,0.16070106750591975,0.16070106750591642,0.16070106750591975,0.16070106750592486,0.16070106750591975,0.16070106750591398,0.1607010675059102,0.16070106750591398,0.16070106750591975,0.16070106750591642,0.1607010675059102,0.1607010675059062,0.1607010675059102,0.16070106750591642,0.16070106750591975,0.16070106750591398,0.1607010675059102,0.16070106750591398,0.16070106750591975,0.16070106750592486,0.16070106750591975,0.16070106750591642,0.16070106750591975,0.16070106750592486,0.1592184518694149,0.15921845186939945,0.1592184518693892,0.15921845186939945,0.1592184518694149,0.15921845186939945,0.15921845186938158,0.1592184518693694,0.15921845186938158,0.15921845186939945,0.1592184518693892,0.1592184518693694,0.15921845186935613,0.1592184518693694,0.1592184518693892,0.15921845186939945,0.15921845186938158,0.1592184518693694,0.15921845186938158,0.15921845186939945,0.1592184518694149,0.15921845186939945,0.1592184518693892,0.15921845186939945,0.1592184518694149,0.15776544664166828,0.15776544664162262,0.1577654466415921,0.15776544664162262,0.15776544664166828,0.15776544664162262,0.15776544664156736,0.15776544664152892,0.15776544664156736,0.15776544664162262,0.1577654466415921,0.15776544664152892,0.15776544664148415,0.15776544664152892,0.1577654466415921,0.15776544664162262,0.15776544664156736,0.15776544664152892,0.15776544664156736,0.15776544664162262,0.15776544664166828,0.15776544664162262,0.1577654466415921,0.15776544664162262,0.15776544664166828,0.15634146295162596,0.1563414629514963,0.15634146295140577,0.1563414629514963,0.15634146295162596,0.1563414629514963,0.1563414629513286,0.15634146295120335,0.1563414629513286,0.1563414629514963,0.15634146295140577,0.15634146295120335,0.15634146295104423,0.15634146295120335,0.15634146295140577,0.1563414629514963,0.1563414629513286,0.15634146295120335,0.1563414629513286,0.1563414629514963,0.15634146295162596,0.1563414629514963,0.15634146295140577,0.1563414629514963,0.15634146295162596,0.15494591499951468,0.15494591499916363,0.15494591499890112,0.15494591499916363,0.15494591499951468,0.15494591499916363,0.1549459149986646,0.15494591499824656,0.1549459149986646,0.15494591499916363,0.15494591499890112,0.15494591499824656,0.15494591499763502,0.15494591499824656,0.15494591499890112,0.15494591499916363,0.1549459149986646,0.15494591499824656,0.1549459149986646,0.15494591499916363,0.15494591499951468,0.15494591499916363,0.15494591499890112,0.15494591499916363,0.15494591499951468,0.15357822102652438,0.1535782210256459,0.15357822102491764,0.1535782210256459,0.15357822102652438,0.1535782210256459,0.15357822102422655,0.15357822102280738,0.15357822102422655,0.1535782210256459,0.15357822102491764,0.15357822102280738,0.15357822102020005,0.15357822102280738,0.15357822102491764,0.1535782210256459,0.15357822102422655,0.15357822102280738,0.15357822102422655,0.1535782210256459,0.15357822102652438,0.1535782210256459,0.15357822102491764,0.1535782210256459,0.15357822102652438,0.15223780417626637,0.1522378041743454,0.1522378041725069,0.1522378041743454,0.15223780417626637,0.1522378041743454,0.15223780417067515,0.15223780416594412,0.15223780417067515,0.1522378041743454,0.1522378041725069,0.15223780416594412,0.15223780415338103,0.15223780416594412,0.1522378041725069,0.1522378041743454,0.15223780417067515,0.15223780416594412,0.15223780417067515,0.1522378041743454,0.15223780417626637,0.1522378041743454,0.1522378041725069,0.1522378041743454,0.15223780417626637,0.1509240932565202,0.15092409325327663,0.1509240932495826,0.15092409325327663,0.1509240932565202,0.15092409325327663,0.15092409324578268,0.1509240932321114,0.15092409324578268,0.15092409325327663,0.1509240932495826,0.1509240932321114,0.15092409316355998,0.1509240932321114,0.1509240932495826,0.15092409325327663,0.15092409324578268,0.1509240932321114,0.15092409324578268,0.15092409325327663,0.1509240932565202,0.15092409325327663,0.1509240932495826,0.15092409325327663,0.1509240932565202,0.14963652340835204,0.1496365234052734,0.14963652340190825,0.1496365234052734,0.14963652340835204,0.1496365234052734,0.14963652339845993,0.14963652338706063,0.14963652339845993,0.1496365234052734,0.14963652340190825,0.14963652338706063,0.1496365233372658,0.14963652338706063,0.14963652340190825,0.1496365234052734,0.14963652339845993,0.14963652338706063,0.14963652339845993,0.1496365234052734,0.14963652340835204,0.1496365234052734,0.14963652340190825,0.1496365234052734,0.14963652340835204,0.14837453668789508,0.14837453668595688,0.1483745366839757,0.14837453668595688,0.14837453668789508,0.14837453668595688,0.1483745366819732,0.14837453667594627,0.1483745366819732,0.14837453668595688,0.1483745366839757,0.14837453667594627,0.1483745366523171,0.14837453667594627,0.1483745366839757,0.14837453668595688,0.1483745366819732,0.14837453667594627,0.1483745366819732,0.14837453668595688,0.14837453668789508,0.14837453668595688,0.1483745366839757,0.14837453668595688,0.14837453668789508,0.14713758257569876,0.14713758257507167,0.14713758257453377,0.14713758257507167,0.14713758257569876,0.14713758257507167,0.1471375825740166,0.14713758257287926,0.1471375825740166,0.14713758257507167,0.14713758257453377,0.14713758257287926,0.14713758257042486,0.14713758257287926,0.14713758257453377,0.14713758257507167,0.1471375825740166,0.14713758257287926,0.1471375825740166,0.14713758257507167,0.14713758257569876,0.14713758257507167,0.14713758257453377,0.14713758257507167,0.14713758257569876,0.14592511841619474,0.14592511841659894,0.14592511841712352,0.14592511841659894,0.14592511841619474,0.14592511841659894,0.14592511841768338,0.14592511841981193,0.14592511841768338,0.14592511841659894,0.14592511841712352,0.14592511841981193,0.1459251184302857,0.14592511841981193,0.14592511841712352,0.14592511841659894,0.14592511841768338,0.14592511841981193,0.14592511841768338,0.14592511841659894,0.14592511841619474,0.14592511841659894,0.14592511841712352,0.14592511841659894,0.14592511841619474,0.14473660979207423,0.14473660979311365,0.14473660979426656,0.14473660979311365,0.14473660979207423,0.14473660979311365,0.14473660979545472,0.1447366097994165,0.14473660979545472,0.14473660979311365,0.14473660979426656,0.1447366097994165,0.1447366098169132,0.1447366097994165,0.14473660979426656,0.14473660979311365,0.14473660979545472,0.1447366097994165,0.14473660979545455,0.14473660979311365,0.14473660979207423,0.14473660979311365,0.14473660979426656,0.14473660979311365,0.14473660979207423,0.14357153083930357,0.14357153084059943,0.14357153084198682,0.14357153084059943,0.14357153083930357,0.14357153084059943,0.1435715308434014,0.1435715308479975,0.1435715308434014,0.14357153084059943,0.14357153084198682,0.1435715308479975,0.14357153086805366,0.1435715308479975,0.14357153084198682,0.14357153084059943,0.1435715308434014,0.1435715308479975,0.1435715308434014,0.14357153084059943,0.14357153083930357,0.14357153084059943,0.14357153084198682,0.14357153084059943,0.14357153083930357,0.14242936450847546,0.14242936450972019,0.14242936451099242,0.14242936450972019,0.14242936450847546,0.14242936450972019,0.14242936451227353,0.14242936451620833,0.14242936451227353,0.14242936450972019,0.14242936451099242,0.14242936451620833,0.14242936453229893,0.14242936451620833,0.14242936451099242,0.14242936450972019,0.14242936451227353,0.14242936451620833,0.14242936451227353,0.14242936450972019,0.14242936450847546,0.14242936450972019,0.14242936451099242,0.14242936450972019,0.14242936450847546,0.1413096027775492,0.14130960277864815,0.14130960277971144,0.14130960277864815,0.1413096027775492,0.14130960277864815,0.14130960278076388,0.14130960278378724,0.14130960278076388,0.14130960277864815,0.14130960277971144,0.14130960278378724,0.14130960279521645,0.14130960278378724,0.14130960277971144,0.14130960277864815,0.14130960278076388,0.14130960278378724,0.14130960278076388,0.14130960277864815,0.1413096027775492,0.14130960277864815,0.14130960277971144,0.14130960277864815,0.1413096027775492,0.14021174682032944,0.14021174682140353,0.14021174682239104,0.14021174682140353,0.14021174682032944,0.14021174682140353,0.1402117468233502,0.1402117468259933,0.1402117468233502,0.14021174682140353,0.14021174682239104,0.1402117468259933,0.14021174683614804,0.1402117468259933,0.14021174682239104,0.14021174682140353,0.1402117468233502,0.1402117468259933,0.1402117468233502,0.14021174682140353,0.14021174682032944,0.14021174682140353,0.14021174682239104,0.14021174682140353,0.14021174682032944,0.13913530713515146,0.13913530713649905,0.1391353071376507,0.13913530713649905,0.13913530713515146,0.13913530713649905,0.1391353071387583,0.1391353071411426,0.1391353071387583,0.13913530713649905,0.1391353071376507,0.1391353071411426,0.13913530714600741,0.1391353071411426,0.1391353071376507,0.13913530713649905,0.1391353071387583,0.1391353071411426,0.1391353071387583,0.13913530713649905,0.13913530713515146,0.13913530713649905,0.1391353071376507,0.13913530713649905,0.13913530713515146,0.13807980363771974,0.13807980363999747,0.1380798036422189,0.13807980363999747,0.13807980363771974,0.13807980363999747,0.13807980364444683,0.138079803650335,0.13807980364444683,0.13807980363999747,0.1380798036422189,0.138079803650335,0.13807980366642597,0.138079803650335,0.1380798036422189,0.13807980363999747,0.13807980364444683,0.138079803650335,0.13807980364444683,0.13807980363999747,0.13807980363771974,0.13807980363999747,0.1380798036422189,0.13807980363999747,0.13807980363771974,0.13704476572120436,0.13704476572459243,0.13704476572864155,0.13704476572459243,0.13704476572120436,0.13704476572459243,0.13704476573282567,0.13704476574915767,0.13704476573282567,0.13704476572459243,0.13704476572864155,0.13704476574915767,0.1370447658391418,0.13704476574915767,0.13704476572864155,0.13704476572459243,0.13704476573282567,0.13704476574915767,0.13704476573282567,0.13704476572459243,0.13704476572120436,0.13704476572459243,0.13704476572864155,0.13704476572459243,0.13704476572120436,0.13602973228896306,0.13602973229129123,0.13602973229355672,0.13602973229129123,0.13602973228896306,0.13602973229129123,0.13602973229582346,0.1360297323018485,0.13602973229582346,0.13602973229129123,0.13602973229355672,0.1360297323018485,0.13602973231850013,0.1360297323018485,0.13602973229355672,0.13602973229129123,0.13602973229582346,0.1360297323018485,0.13602973229582346,0.13602973229129123,0.13602973228896306,0.13602973229129123,0.13602973229355672,0.13602973229129123,0.1360297322889629,0.13503425176506315,0.13503425176651357,0.1350342517677073,0.13503425176651357,0.13503425176506315,0.13503425176651357,0.1350342517688377,0.13503425177113412,0.1350342517688377,0.13503425176651357,0.1350342517677073,0.13503425177113412,0.13503425177529768,0.13503425177113412,0.1350342517677073,0.13503425176651357,0.1350342517688377,0.13503425177113412,0.1350342517688377,0.13503425176651357,0.13503425176506315,0.13503425176651357,0.1350342517677073,0.13503425176651357,0.13503425176506315
0.16533248791775085,0.1653324879177506,0.1653324879177506,0.1653324879177506,0.16533248791775085,0.1653324879177506,0.16533248791775035,0.16533248791775013,0.16533248791775035,0.1653324879177506,0.1653324879177506,0.16533248791775013,0.16533248791775013,0.16533248791775013,0.1653324879177506,0.1653324879177506,0.16533248791775035,0.16533248791775013,0.16533248791775035,0.1653324879177506,0.16533248791775085,0.1653324879177506,0.1653324879177506,0.1653324879177506,0.16533248791775085,0.16375749419632055,0.16375749419631982,0.16375749419631963,0.16375749419631982,0.16375749419632055,0.16375749419631982,0.16375749419631938,0.1637574941963189,0.16375749419631938,0.16375749419631982,0.16375749419631963,0.1637574941963189,0.1637574941963187,0.1637574941963189,0.16375749419631963,0.16375749419631982,0.16375749419631938,0.1637574941963189,0.16375749419631938,0.16375749419631982,0.16375749419632055,0.16375749419631982,0.16375749419631963,0.16375749419631982,0.16375749419632055,0.16221388440683707,0.16221388440683548,0.16221388440683435,0.16221388440683548,0.16221388440683707,0.16221388440683548,0.16221388440683365,0.16221388440683254,0.16221388440683365,0.16221388440683548,0.16221388440683435,0.16221388440683254,0.16221388440683118,0.16221388440683254,0.16221388440683435,0.16221388440683548,0.16221388440683365,0.16221388440683254,0.16221388440683365,0.16221388440683548,0.16221388440683707,0.16221388440683548,0.16221388440683435,0.16221388440683548,0.16221388440683707,0.16070106750634364,0.16070106750633828,0.16070106750633517,0.16070106750633828,0.16070106750634364,0.16070106750633828,0.16070106750633273,0.16070106750632895,0.16070106750633273,0.16070106750633828,0.16070106750633517,0.16070106750632895,0.16070106750632496,0.16070106750632895,0.16070106750633517,0.16070106750633828,0.16070106750633273,0.16070106750632895,0.16070106750633273,0.16070106750633828,0.16070106750634364,0.16070106750633828,0.16070106750633517,0.16070106750633828,0.16070106750634364,0.15921845186982486,0.1592184518698094,0.1592184518697994,0.1592184518698094,0.15921845186982486,0.1592184518698094,0.15921845186979156,0.1592184518697796,0.15921845186979156,0.1592184518698094,0.1592184518697994,0.1592184518697796,0.1592184518697663,0.1592184518697796,0.1592184518697994,0.1592184518698094,0.15921845186979156,0.1592184518697796,0.15921845186979156,0.1592184518698094,0.15921845186982486,0.1592184518698094,0.1592184518697994,0.1592184518698094,0.15921845186982486,0.15776544664206943,0.15776544664202397,0.15776544664199343,0.15776544664202397,0.15776544664206943,0.15776544664202397,0.15776544664196893,0.1577654466419307,0.15776544664196893,0.15776544664202397,0.15776544664199343,0.1577654466419307,0.15776544664188613,0.1577654466419307,0.15776544664199343,0.15776544664202397,0.15776544664196893,0.1577654466419307,0.15776544664196893,0.15776544664202397,0.15776544664206943,0.15776544664202397,0.15776544664199343,0.15776544664202397,0.15776544664206943,0.15634146295201845,0.15634146295188903,0.15634146295179888,0.15634146295188903,0.15634146295201845,0.15634146295188903,0.15634146295172194,0.1563414629515971,0.15634146295172194,0.15634146295188903,0.15634146295179888,0.1563414629515971,0.1563414629514384,0.1563414629515971,0.15634146295179888,0.15634146295188903,0.15634146295172194,0.1563414629515971,0.15634146295172194,0.15634146295188903,0.15634146295201845,0.15634146295188903,0.15634146295179888,0.15634146295188903,0.15634146295201845,0.15494591499989727,0.15494591499954727,0.15494591499928576,0.15494591499954727,0.15494591499989727,0.15494591499954727,0.15494591499905008,0.15494591499863347,0.15494591499905008,0.15494591499954727,0.15494591499928576,0.15494591499863347,0.1549459149980238,0.15494591499863347,0.15494591499928576,0.15494591499954727,0.15494591499905008,0.15494591499863347,0.15494591499905008,0.15494591499954727,0.15494591499989727,0.15494591499954727,0.15494591499928576,0.15494591499954727,0.15494591499989727,0.15357822102689495,0.15357822102601926,0.15357822102529362,0.15357822102601926,0.15357822102689495,0.15357822102601926,0.15357822102460472,0.1535782210231902,0.15357822102460472,0.15357822102601926,0.15357822102529362,0.1535782210231902,0.15357822102059107,0.1535782210231902,0.15357822102529362,0.15357822102601926,0.15357822102460472,0.1535782210231902,0.15357822102460472,0.15357822102601926,0.15357822102689495,0.15357822102601926,0.15357822102529362,0.15357822102601926,0.15357822102689495,0.1522378041766187,0.15223780417470445,0.15223780417287225,0.15223780417470445,0.1522378041766187,0.15223780417470445,0.15223780417104638,0.1522378041663307,0.15223780417104638,0.15223780417470445,0.15223780417287225,0.1522378041663307,0.152237804153807,0.1522378041663307,0.15223780417287225,0.15223780417470445,0.15223780417104638,0.1522378041663307,0.15223780417104638,0.15223780417470445,0.1522378041766187,0.15223780417470445,0.15223780417287225,0.15223780417470445,0.1522378041766187,0.15092409325684025,0.15092409325360887,0.15092409324992792,0.15092409325360887,0.15092409325684025,0.15092409325360887,0.15092409324614128,0.150924093232515,0.15092409324614128,0.15092409325360887,0.15092409324992792,0.150924093232515,0.15092409316417715,0.150924093232515,0.15092409324992792,0.15092409325360887,0.15092409324614128,0.150924093232515,0.15092409324614128,0.15092409325360887,0.15092409325684025,0.15092409325360887,0.15092409324992792,0.15092409325360887,0.15092409325684025,0.14963652340861505,0.1496365234055502,0.14963652340220002,0.1496365234055502,0.14963652340861505,0.1496365234055502,0.14963652339876718,0.14963652338741784,0.14963652339876718,0.1496365234055502,0.14963652340220002,0.14963652338741784,0.14963652333782018,0.14963652338741784,0.14963652340220002,0.1496365234055502,0.14963652339876718,0.14963652338741784,0.14963652339876718,0.1496365234055502,0.14963652340861505,0.1496365234055502,0.14963652340220002,0.1496365234055502,0.14963652340861505,0.1483745366880715,0.14837453668614517,0.14837453668417677,0.14837453668614517,0.1483745366880715,0.14837453668614517,0.14837453668218764,0.14837453667620537,0.14837453668218764,0.14837453668614517,0.14837453668417677,0.14837453667620537,0.1483745366527478,0.14837453667620537,0.14837453668417677,0.14837453668614517,0.14837453668218764,0.14837453667620537,0.14837453668218764,0.14837453668614517,0.1483745366880715,0.14837453668614517,0.14837453668417677,0.14837453668614517,0.1483745366880715,0.14713758257576287,0.14713758257514178,0.14713758257461024,0.14713758257514178,0.14713758257576287,0.14713758257514178,0.14713758257409942,0.14713758257298296,0.14713758257409942,0.14713758257514178,0.14713758257461024,0.14713758257298296,0.1471375825706236,0.14713758257298296,0.14713758257461024,0.14713758257514178,0.14713758257409942,0.14713758257298296,0.14713758257409942,0.14713758257514178,0.14713758257576287,0.14713758257514178,0.14713758257461024,0.14713758257514178,0.14713758257576287,0.14592511841613295,0.14592511841653558,0.14592511841705835,0.14592511841653558,0.14592511841613295,0.14592511841653558,0.14592511841761624,0.14592511841973646,0.14592511841761624,0.14592511841653558,0.14592511841705835,0.14592511841973646,0.14592511843016903,0.14592511841973646,0.14592511841705835,0.14592511841653558,0.14592511841761624,0.14592511841973646,0.14592511841761624,0.14592511841653558,0.14592511841613295,0.14592511841653558,0.14592511841705835,0.14592511841653558,0.14592511841613295,0.14473660979188763,0.14473660979291975,0.1447366097940646,0.14473660979291975,0.14473660979188763,0.14473660979291975,0.14473660979524455,0.1447366097991805,0.14473660979524455,0.14473660979291975,0.1447366097940646,0.1447366097991805,0.14473660981656897,0.1447366097991805,0.1447366097940646,0.14473660979291975,0.14473660979524455,0.1447366097991805,0.14473660979524455,0.14473660979291975,0.14473660979188763,0.14473660979291975,0.1447366097940646,0.14473660979291975,0.14473660979188763,0.14357153083900553,0.14357153084029006,0.14357153084166513,0.14357153084029006,0.14357153083900553,0.14357153084029006,0.14357153084306687,0.14357153084762003,0.14357153084306687,0.14357153084029006,0.14357153084166513,0.14357153084762003,0.14357153086748298,0.14357153084762003,0.14357153084166513,0.14357153084029006,0.14357153084306687,0.14357153084762003,0.14357153084306687,0.14357153084029006,0.14357153083900553,0.14357153084029006,0.14357153084166513,0.14357153084029006,0.14357153083900553,0.14242936450808763,0.14242936450932078,0.14242936451058075,0.14242936450932078,0.14242936450808763,0.14242936450932078,0.1424293645118493,0.1424293645157423,0.1424293645118493,0.14242936450932078,0.14242936451058075,0.1424293645157423,0.14242936453163027,0.1424293645157423,0.14242936451058075,0.14242936450932078,0.1424293645118493,0.1424293645157423,0.1424293645118493,0.14242936450932078,0.14242936450808763,0.14242936450932078,0.14242936451058075,0.14242936450932078,0.14242936450808763,0.14130960277709378,0.14130960277818436,0.14130960277923926,0.14130960277818436,0.14130960277709378,0.14130960277818436,0.1413096027802833,0.14130960278328297,0.1413096027802833,0.14130960277818436,0.14130960277923926,0.14130960278328297,0.14130960279461485,0.14130960278328297,0.14130960277923926,0.14130960277818436,0.1413096027802833,0.14130960278328297,0.1413096027802833,0.14130960277818436,0.14130960277709378,0.14130960277818436,0.14130960277923926,0.14130960277818436,0.14130960277709378,0.14021174681982293,0.14021174682089124,0.14021174682187296,0.14021174682089124,0.14021174681982293,0.14021174682089124,0.1402117468228266,0.14021174682545423,0.1402117468228266,0.14021174682089124,0.14021174682187296,0.14021174682545423,0.14021174683555382,0.14021174682545423,0.14021174682187296,0.14021174682089124,0.1402117468228266,0.14021174682545423,0.1402117468228266,0.14021174682089124,0.14021174681982293,0.14021174682089124,0.14021174682187296,0.14021174682089124,0.14021174681982293,0.1391353071346055,0.1391353071359485,0.13913530713709607,0.1391353071359485,0.1391353071346055,0.1391353071359485,0.13913530713820002,0.13913530714057595,0.13913530713820002,0.1391353071359485,0.13913530713709607,0.13913530714057595,0.1391353071454232,0.13913530714057595,0.13913530713709607,0.1391353071359485,0.13913530713820002,0.13913530714057595,0.13913530713820002,0.1391353071359485,0.1391353071346055,0.1391353071359485,0.13913530713709607,0.1391353071359485,0.1391353071346055,0.13807980363714314,0.13807980363941527,0.13807980364163144,0.13807980363941527,0.13807980363714314,0.13807980363941527,0.1380798036438541,0.1380798036497288,0.1380798036438541,0.13807980363941527,0.13807980364163144,0.1380798036497288,0.1380798036657843,0.1380798036497288,0.13807980364163144,0.13807980363941527,0.1380798036438541,0.1380798036497288,0.1380798036438541,0.13807980363941527,0.13807980363714314,0.13807980363941527,0.13807980364163144,0.13807980363941527,0.13807980363714314,0.13704476572060775,0.13704476572398835,0.13704476572802882,0.13704476572398835,0.13704476572060775,0.13704476572398835,0.13704476573220384,0.13704476574850102,0.13704476573220384,0.13704476572398835,0.13704476572802882,0.13704476574850102,0.1370447658382901,0.13704476574850102,0.13704476572802882,0.13704476572398835,0.13704476573220384,0.13704476574850102,0.13704476573220384,0.13704476572398835,0.13704476572060775,0.13704476572398835,0.13704476572802882,0.13704476572398835,0.13704476572060775,0.13602973228836154,0.13602973229068477,0.13602973229294538,0.13602973229068477,0.13602973228836154,0.13602973229068477,0.13602973229520718,0.13602973230121945,0.13602973229520718,0.13602973229068477,0.13602973229294538,0.13602973230121945,0.13602973231783572,0.13602973230121945,0.13602973229294538,0.13602973229068477,0.13602973229520718,0.13602973230121945,0.13602973229520718,0.13602973229068477,0.13602973228836154,0.13602973229068477,0.13602973229294538,0.13602973229068477,0.13602973228836154,0.13503425176446693,0.13503425176591413,0.13503425176710523,0.13503425176591413,0.13503425176446693,0.13503425176591413,0.1350342517682333,0.1350342517705249,0.13503425176823344,0.13503425176591413,0.13503425176710523,0.1350342517705249,0.13503425177467954,0.1350342517705249,0.13503425176710537,0.13503425176591413,0.13503425176823344,0.1350342517705249,0.13503425176823344,0.13503425176591413,0.13503425176446693,0.13503425176591413,0.13503425176710537,0.13503425176591413,0.13503425176446693
0.165332487918186,0.16533248791818575,0.16533248791818553,0.16533248791818553,0.165332487918186,0.16533248791818575,0.16533248791818528,0.16533248791818528,0.16533248791818528,0.16533248791818575,0.16533248791818553,0.16533248791818528,0.16533248791818506,0.16533248791818528,0.16533248791818553,0.16533248791818553,0.16533248791818528,0.16533248791818528,0.16533248791818528,0.16533248791818553,0.165332487918186,0.16533248791818575,0.16533248791818553,0.16533248791818553,0.16533248791818575,0.1637574941967468,0.16375749419674634,0.16375749419674587,0.16375749419674634,0.1637574941967468,0.16375749419674634,0.16375749419674562,0.16375749419674518,0.16375749419674562,0.16375749419674634,0.16375749419674587,0.16375749419674518,0.16375749419674496,0.16375749419674518,0.16375749419674587,0.16375749419674634,0.16375749419674562,0.16375749419674518,0.16375749419674562,0.16375749419674634,0.1637574941967468,0.16375749419674634,0.16375749419674587,0.16375749419674634,0.1637574941967468,0.16221388440725484,0.162213884407253,0.1622138844072521,0.16221388440725326,0.16221388440725484,0.162213884407253,0.16221388440725118,0.16221388440725007,0.16221388440725118,0.16221388440725326,0.1622138844072521,0.16221388440725007,0.16221388440724893,0.16221388440725007,0.1622138844072521,0.16221388440725326,0.16221388440725118,0.16221388440725007,0.16221388440725118,0.16221388440725326,0.16221388440725484,0.16221388440725326,0.1622138844072521,0.16221388440725326,0.16221388440725484,0.16070106750675284,0.16070106750674748,0.16070106750674415,0.16070106750674748,0.16070106750675284,0.16070106750674748,0.16070106750674193,0.16070106750673815,0.16070106750674193,0.16070106750674748,0.16070106750674415,0.16070106750673815,0.16070106750673419,0.16070106750673815,0.16070106750674415,0.16070106750674748,0.16070106750674193,0.16070106750673815,0.16070106750674193,0.16070106750674748,0.16070106750675284,0.16070106750674748,0.16070106750674415,0.16070106750674748,0.16070106750675284,0.15921845187022568,0.15921845187021022,0.1592184518702,0.15921845187021022,0.15921845187022568,0.15921845187021022,0.15921845187019237,0.1592184518701804,0.15921845187019237,0.15921845187021022,0.1592184518702,0.1592184518701804,0.15921845187016734,0.1592184518701804,0.1592184518702,0.15921845187021022,0.15921845187019237,0.1592184518701804,0.15921845187019237,0.15921845187021022,0.15921845187022568,0.15921845187021022,0.1592184518702,0.15921845187021022,0.15921845187022568,0.15776544664246178,0.15776544664241637,0.15776544664238606,0.15776544664241637,0.15776544664246178,0.15776544664241637,0.1577654466423615,0.1577654466423233,0.1577654466423615,0.15776544664241637,0.15776544664238606,0.1577654466423233,0.15776544664227893,0.1577654466423233,0.15776544664238606,0.15776544664241637,0.1577654466423615,0.1577654466423233,0.1577654466423615,0.15776544664241637,0.15776544664246178,0.15776544664241637,0.15776544664238606,0.15776544664241637,0.15776544664246178,0.15634146295240195,0.15634146295227294,0.15634146295218304,0.15634146295227294,0.15634146295240195,0.15634146295227294,0.1563414629521063,0.15634146295198206,0.1563414629521063,0.15634146295227294,0.15634146295218304,0.15634146295198206,0.15634146295182377,0.15634146295198206,0.15634146295218304,0.15634146295227294,0.1563414629521063,0.15634146295198206,0.1563414629521063,0.15634146295227294,0.15634146295240195,0.15634146295227294,0.15634146295218304,0.15634146295227294,0.15634146295240195,0.1549459150002713,0.1549459149999225,0.15494591499966182,0.1549459149999225,0.1549459150002713,0.1549459149999225,0.15494591499942695,0.15494591499901156,0.15494591499942695,0.1549459149999225,0.15494591499966182,0.15494591499901156,0.15494591499840393,0.15494591499901156,0.15494591499966182,0.1549459149999225,0.15494591499942695,0.15494591499901156,0.15494591499942695,0.1549459149999225,0.1549459150002713,0.1549459149999225,0.15494591499966182,0.1549459149999225,0.1549459150002713,0.15357822102725724,0.1535782210263846,0.15357822102566115,0.1535782210263846,0.15357822102725724,0.1535782210263846,0.15357822102497448,0.15357822102356455,0.15357822102497448,0.1535782210263846,0.15357822102566115,0.15357822102356455,0.15357822102097346,0.15357822102356455,0.15357822102566115,0.1535782210263846,0.15357822102497448,0.15357822102356455,0.15357822102497448,0.1535782210263846,0.15357822102725724,0.1535782210263846,0.15357822102566115,0.1535782210263846,0.15357822102725724,0.15223780417696317,0.1522378041750556,0.15223780417322932,0.1522378041750556,0.15223780417696317,0.1522378041750556,0.15223780417140956,0.152237804166709,0.15223780417140956,0.1522378041750556,0.15223780417322932,0.152237804166709,0.1522378041542235,0.152237804166709,0.15223780417322932,0.1522378041750556,0.15223780417140956,0.152237804166709,0.15223780417140956,0.1522378041750556,0.15223780417696317,0.1522378041750556,0.15223780417322932,0.1522378041750556,0.15223780417696317,0.15092409325715356,0.15092409325393372,0.15092409325026554,0.15092409325393372,0.15092409325715356,0.15092409325393372,0.15092409324649203,0.15092409323290987,0.15092409324649203,0.15092409325393372,0.15092409325026554,0.15092409323290987,0.15092409316480454,0.15092409323290987,0.15092409325026554,0.15092409325393372,0.15092409324649203,0.15092409323290987,0.15092409324649203,0.15092409325393372,0.15092409325715356,0.15092409325393372,0.15092409325026554,0.15092409325393372,0.15092409325715356,0.1496365234088722,0.14963652340582095,0.14963652340248534,0.14963652340582095,0.1496365234088722,0.14963652340582095,0.14963652339906747,0.14963652338776706,0.14963652339906747,0.14963652340582095,0.14963652340248534,0.14963652338776706,0.14963652333837343,0.14963652338776706,0.14963652340248534,0.14963652340582095,0.14963652339906747,0.14963652338776706,0.14963652339906747,0.14963652340582095,0.1496365234088722,0.14963652340582095,0.14963652340248534,0.14963652340582095,0.1496365234088722,0.14837453668824405,0.1483745366863292,0.14837453668437361,0.1483745366863292,0.14837453668824405,0.1483745366863292,0.14837453668239745,0.14837453667645836,0.14837453668239745,0.1483745366863292,0.14837453668437361,0.14837453667645836,0.14837453665322112,0.14837453667645836,0.14837453668437361,0.1483745366863292,0.14837453668239745,0.14837453667645836,0.14837453668239745,0.1483745366863292,0.14837453668824405,0.1483745366863292,0.14837453668437361,0.1483745366863292,0.14837453668824405,0.14713758257582574,0.14713758257521045,0.1471375825746851,0.14713758257521045,0.14713758257582574,0.14713758257521045,0.14713758257418064,0.1471375825730845,0.14713758257418064,0.14713758257521045,0.1471375825746851,0.1471375825730845,0.14713758257080908,0.1471375825730845,0.1471375825746851,0.14713758257521045,0.14713758257418064,0.1471375825730845,0.14713758257418064,0.14713758257521045,0.14713758257582574,0.14713758257521045,0.1471375825746851,0.14713758257521045,0.14713758257582574,0.14592511841607259,0.14592511841647396,0.1459251184169948,0.14592511841647396,0.14592511841607259,0.14592511841647396,0.14592511841755088,0.14592511841966307,0.14592511841755088,0.14592511841647396,0.1459251184169948,0.14592511841966307,0.14592511843003994,0.14592511841966307,0.1459251184169948,0.14592511841647396,0.14592511841755088,0.14592511841966307,0.14592511841755088,0.14592511841647396,0.14592511841607259,0.14592511841647396,0.1459251184169948,0.14592511841647396,0.14592511841607259,0.14473660979170522,0.14473660979273018,0.14473660979386738,0.14473660979273018,0.14473660979170522,0.14473660979273018,0.14473660979503947,0.1447366097989501,0.14473660979503947,0.14473660979273018,0.14473660979386738,0.1447366097989501,0.14473660981621708,0.1447366097989501,0.14473660979386738,0.14473660979273018,0.14473660979503947,0.1447366097989501,0.14473660979503947,0.14473660979273018,0.14473660979170522,0.14473660979273018,0.14473660979386738,0.14473660979273018,0.14473660979170522,0.14357153083871393,0.14357153083998753,0.14357153084135027,0.14357153083998753,0.14357153083871393,0.14357153083998753,0.1435715308427397,0.14357153084725077,0.1435715308427397,0.14357153083998753,0.14357153084135027,0.14357153084725077,0.14357153086692584,0.14357153084725077,0.14357153084135027,0.14357153083998753,0.1435715308427397,0.14357153084725077,0.1435715308427397,0.14357153083998753,0.14357153083871393,0.14357153083998753,0.14357153084135027,0.14357153083998753,0.14357153083871393,0.14242936450770816,0.14242936450893023,0.14242936451017815,0.14242936450893023,0.14242936450770816,0.14242936450893023,0.14242936451143426,0.14242936451528634,0.14242936451143426,0.14242936450893023,0.14242936451017815,0.14242936451528634,0.14242936453099667,0.14242936451528634,0.14242936451017815,0.14242936450893023,0.14242936451143426,0.14242936451528634,0.14242936451143426,0.14242936450893023,0.14242936450770816,0.14242936450893023,0.14242936451017815,0.14242936450893023,0.14242936450770816,0.14130960277664842,0.1413096027777306,0.14130960277877727,0.1413096027777306,0.14130960277664842,0.1413096027777306,0.14130960277981308,0.14130960278278973,0.14130960277981308,0.1413096027777306,0.14130960277877727,0.14130960278278973,0.1413096027940208,0.14130960278278973,0.14130960277877727,0.1413096027777306,0.14130960277981308,0.14130960278278973,0.14130960277981308,0.1413096027777306,0.14130960277664842,0.1413096027777306,0.14130960277877727,0.1413096027777306,0.14130960277664842,0.14021174681932774,0.14021174682038992,0.1402117468213663,0.14021174682038992,0.14021174681932774,0.14021174682038992,0.14021174682231446,0.14021174682492676,0.14021174682231446,0.14021174682038992,0.1402117468213663,0.14021174682492676,0.14021174683495508,0.14021174682492676,0.1402117468213663,0.14021174682038992,0.14021174682231446,0.14021174682492676,0.14021174682231446,0.14021174682038992,0.14021174681932774,0.14021174682038992,0.1402117468213663,0.14021174682038992,0.14021174681932774,0.13913530713407157,0.13913530713540995,0.13913530713655375,0.13913530713540995,0.13913530713407157,0.13913530713540995,0.1391353071376539,0.13913530714002176,0.1391353071376539,0.13913530713540995,0.13913530713655375,0.13913530714002176,0.13913530714485176,0.13913530714002176,0.13913530713655375,0.13913530713540995,0.1391353071376539,0.13913530714002176,0.1391353071376539,0.13913530713540995,0.13913530713407157,0.13913530713540995,0.13913530713655375,0.13913530713540995,0.13913530713407157,0.13807980363657912,0.1380798036388458,0.13807980364105685,0.1380798036388458,0.13807980363657912,0.1380798036388458,0.13807980364327427,0.1380798036491359,0.13807980364327427,0.1380798036388458,0.13807980364105685,0.1380798036491359,0.13807980366515635,0.1380798036491359,0.13807980364105685,0.1380798036388458,0.13807980364327427,0.1380798036491359,0.13807980364327427,0.1380798036388458,0.13807980363657912,0.1380798036388458,0.13807980364105685,0.1380798036388458,0.13807980363657912,0.13704476572002436,0.1370447657233977,0.1370447657274295,0.1370447657233977,0.13704476572002436,0.1370447657233977,0.13704476573159569,0.13704476574785865,0.13704476573159569,0.1370447657233977,0.1370447657274295,0.13704476574785865,0.13704476583744793,0.13704476574785865,0.1370447657274295,0.1370447657233977,0.13704476573159569,0.13704476574785865,0.13704476573159569,0.1370447657233977,0.13704476572002436,0.1370447657233977,0.1370447657274295,0.1370447657233977,0.13704476572002436,0.13602973228777332,0.13602973229009166,0.13602973229234744,0.13602973229009166,0.13602973228777332,0.13602973229009166,0.13602973229460452,0.1360297323006041,0.13602973229460452,0.1360297322900915,0.13602973229234744,0.1360297323006041,0.13602973231718574,0.1360297323006041,0.13602973229234744,0.13602973229009166,0.13602973229460452,0.1360297323006041,0.13602973229460452,0.1360297322900915,0.13602973228777332,0.1360297322900915,0.13602973229234744,0.1360297322900915,0.13602973228777332,0.13503425176388373,0.13503425176532785,0.13503425176651646,0.13503425176532785,0.13503425176388373,0.13503425176532785,0.1350342517676422,0.13503425176992892,0.1350342517676422,0.13503425176532785,0.13503425176651646,0.13503425176992892,0.13503425177407496,0.13503425176992892,0.13503425176651646,0.13503425176532785,0.1350342517676422,0.13503425176992892,0.1350342517676422,0.13503425176532785,0.13503425176388373,0.13503425176532785,0.13503425176651646,0.13503425176532785,0.13503425176388373
0.16533248791861194,0.16533248791861171,0.16533248791861171,0.16533248791861171,0.16533248791861194,0.16533248791861171,0.1653324879186115,0.1653324879186115,0.1653324879186115,0.16533248791861171,0.16533248791861171,0.1653324879186115,0.16533248791861124,0.1653324879186115,0.16533248791861171,0.16533248791861171,0.1653324879186115,0.1653324879186115,0.1653324879186115,0.16533248791861171,0.16533248791861194,0.16533248791861171,0.16533248791861171,0.16533248791861171,0.16533248791861194,0.16375749419716426,0.16375749419716382,0.16375749419716334,0.16375749419716382,0.16375749419716426,0.16375749419716382,0.16375749419716312,0.1637574941971629,0.16375749419716312,0.16375749419716382,0.16375749419716334,0.1637574941971629,0.16375749419716243,0.1637574941971629,0.16375749419716334,0.16375749419716382,0.16375749419716312,0.1637574941971629,0.16375749419716312,0.16375749419716382,0.16375749419716426,0.16375749419716382,0.16375749419716334,0.16375749419716382,0.16375749419716426,0.162213884407664,0.16221388440766216,0.16221388440766102,0.16221388440766216,0.162213884407664,0.16221388440766216,0.16221388440766035,0.16221388440765921,0.16221388440766035,0.16221388440766216,0.16221388440766102,0.16221388440765921,0.1622138844076581,0.16221388440765921,0.16221388440766102,0.16221388440766216,0.16221388440766035,0.16221388440765921,0.16221388440766035,0.16221388440766216,0.162213884407664,0.16221388440766216,0.16221388440766102,0.16221388440766216,0.162213884407664,0.16070106750715338,0.16070106750714827,0.16070106750714494,0.16070106750714827,0.16070106750715338,0.16070106750714827,0.16070106750714247,0.16070106750713892,0.16070106750714247,0.16070106750714827,0.16070106750714494,0.16070106750713892,0.16070106750713495,0.16070106750713892,0.16070106750714494,0.16070106750714827,0.16070106750714247,0.16070106750713892,0.16070106750714247,0.16070106750714827,0.16070106750715338,0.16070106750714827,0.16070106750714494,0.16070106750714827,0.16070106750715338,0.159218451870618,0.15921845187060255,0.15921845187059253,0.15921845187060255,0.159218451870618,0.15921845187060255,0.15921845187058492,0.15921845187057293,0.15921845187058492,0.15921845187060255,0.15921845187059253,0.15921845187057293,0.15921845187055989,0.15921845187057293,0.15921845187059253,0.15921845187060255,0.15921845187058492,0.15921845187057293,0.15921845187058492,0.15921845187060255,0.159218451870618,0.15921845187060255,0.15921845187059253,0.15921845187060255,0.159218451870618,0.15776544664284586,0.1577654466428004,0.1577654466427703,0.1577654466428004,0.15776544664284586,0.1577654466428004,0.15776544664274578,0.1577654466427078,0.15776544664274578,0.1577654466428004,0.1577654466427703,0.1577654466427078,0.15776544664266362,0.1577654466427078,0.1577654466427703,0.1577654466428004,0.15776544664274578,0.1577654466427078,0.15776544664274578,0.1577654466428004,0.15776544664284586,0.1577654466428004,0.1577654466427703,0.1577654466428004,0.15776544664284586,0.15634146295277754,0.15634146295264892,0.1563414629525594,0.15634146295264892,0.15634146295277754,0.15634146295264892,0.15634146295248288,0.15634146295235887,0.15634146295248288,0.15634146295264892,0.1563414629525594,0.15634146295235887,0.15634146295220122,0.15634146295235887,0.1563414629525594,0.15634146295264892,0.15634146295248288,0.15634146295235887,0.15634146295248288,0.15634146295264892,0.15634146295277754,0.15634146295264892,0.1563414629525594,0.15634146295264892,0.15634146295277754,0.15494591500063748,0.15494591500028992,0.15494591500003008,0.15494591500028992,0.15494591500063748,0.15494591500028992,0.15494591499979582,0.1549459149993819,0.15494591499979582,0.15494591500028992,0.15494591500003008,0.1549459149993819,0.1549459149987761,0.1549459149993819,0.15494591500003008,0.15494591500028992,0.15494591499979582,0.1549459149993819,0.15494591499979582,0.15494591500028992,0.15494591500063748,0.15494591500028992,0.15494591500003008,0.15494591500028992,0.15494591500063748,0.15357822102761193,0.1535782210267421,0.15357822102602106,0.1535782210267421,0.15357822102761193,0.1535782210267421,0.15357822102533658,0.15357822102393107,0.15357822102533658,0.1535782210267421,0.15357822102602106,0.15357822102393107,0.15357822102134785,0.15357822102393107,0.15357822102602106,0.1535782210267421,0.15357822102533658,0.15357822102393107,0.15357822102533658,0.1535782210267421,0.15357822102761193,0.1535782210267421,0.15357822102602106,0.1535782210267421,0.15357822102761193,0.15223780417730057,0.15223780417539926,0.1522378041735789,0.15223780417539926,0.15223780417730057,0.15223780417539926,0.15223780417176502,0.15223780416707905,0.15223780417176502,0.15223780417539926,0.1522378041735789,0.15223780416707905,0.15223780415463137,0.15223780416707905,0.1522378041735789,0.15223780417539926,0.15223780417176502,0.15223780416707905,0.15223780417176522,0.15223780417539926,0.15223780417730057,0.15223780417539926,0.1522378041735789,0.15223780417539926,0.15223780417730057,0.15092409325745992,0.15092409325425163,0.15092409325059603,0.15092409325425163,0.15092409325745992,0.15092409325425163,0.15092409324683523,0.1509240932332963,0.15092409324683523,0.15092409325425163,0.15092409325059603,0.1509240932332963,0.15092409316538077,0.1509240932332963,0.15092409325059603,0.15092409325425163,0.15092409324683523,0.1509240932332963,0.15092409324683523,0.15092409325425163,0.15092409325745992,0.15092409325425163,0.15092409325059603,0.15092409325425163,0.15092409325745992,0.14963652340912387,0.14963652340608588,0.14963652340276462,0.14963652340608588,0.14963652340912387,0.14963652340608588,0.1496365233993613,0.14963652338810873,0.1496365233993613,0.14963652340608588,0.14963652340276462,0.14963652338810873,0.14963652333894958,0.14963652338810873,0.14963652340276462,0.14963652340608588,0.1496365233993613,0.14963652338810873,0.1496365233993613,0.14963652340608588,0.14963652340912387,0.14963652340608588,0.14963652340276462,0.14963652340608588,0.14963652340912387,0.1483745366884127,0.14837453668650916,0.14837453668456596,0.14837453668650916,0.1483745366884127,0.14837453668650916,0.1483745366826024,0.14837453667670558,0.1483745366826024,0.14837453668650916,0.14837453668456596,0.14837453667670558,0.14837453665368705,0.14837453667670558,0.14837453668456596,0.14837453668650916,0.1483745366826024,0.14837453667670558,0.1483745366826024,0.14837453668650916,0.1483745366884127,0.14837453668650916,0.14837453668456596,0.14837453668650916,0.1483745366884127,0.1471375825758871,0.14713758257527765,0.14713758257475829,0.14713758257527765,0.1471375825758871,0.14713758257527765,0.14713758257426002,0.14713758257318388,0.14713758257426002,0.14713758257527765,0.14713758257475829,0.14713758257318388,0.14713758257097456,0.14713758257318388,0.14713758257475829,0.14713758257527765,0.14713758257426002,0.14713758257318388,0.14713758257426002,0.14713758257527765,0.1471375825758871,0.14713758257527765,0.14713758257475829,0.14713758257527765,0.1471375825758871,0.1459251184160135,0.1459251184164136,0.14592511841693281,0.1459251184164136,0.1459251184160135,0.1459251184164136,0.14592511841748695,0.1459251184195917,0.14592511841748695,0.1459251184164136,0.14592511841693281,0.1459251184195917,0.1459251184299112,0.1459251184195917,0.14592511841693281,0.1459251184164136,0.14592511841748695,0.1459251184195917,0.14592511841748695,0.1459251184164136,0.1459251184160135,0.1459251184164136,0.14592511841693281,0.1459251184164136,0.1459251184160135,0.14473660979152664,0.14473660979254463,0.1447366097936743,0.14473660979254463,0.14473660979152664,0.14473660979254463,0.14473660979483874,0.1447366097987249,0.14473660979483874,0.14473660979254463,0.1447366097936743,0.1447366097987249,0.1447366098159254,0.1447366097987249,0.1447366097936743,0.14473660979254463,0.14473660979483874,0.1447366097987249,0.14473660979483874,0.14473660979254463,0.14473660979152664,0.14473660979254463,0.1447366097936743,0.14473660979254463,0.14473660979152664,0.14357153083842852,0.14357153083969132,0.14357153084104227,0.14357153083969132,0.14357153083842852,0.14357153083969132,0.14357153084241936,0.1435715308468892,0.14357153084241936,0.14357153083969132,0.14357153084104227,0.1435715308468892,0.14357153086638513,0.1435715308468892,0.14357153084104227,0.14357153083969132,0.14357153084241936,0.1435715308468892,0.14357153084241936,0.14357153083969132,0.14357153083842852,0.14357153083969132,0.14357153084104227,0.14357153083969132,0.14357153083842852,0.14242936450733676,0.14242936450854776,0.14242936450978375,0.14242936450854776,0.14242936450733676,0.14242936450854776,0.1424293645110278,0.14242936451483965,0.1424293645110278,0.14242936450854776,0.14242936450978375,0.14242936451483965,0.1424293645303713,0.14242936451483965,0.14242936450978375,0.14242936450854776,0.1424293645110278,0.14242936451483965,0.1424293645110278,0.14242936450854776,0.14242936450733676,0.14242936450854776,0.14242936450978375,0.14242936450854776,0.14242936450733676,0.14130960277621224,0.14130960277728624,0.14130960277832483,0.14130960277728624,0.14130960277621224,0.14130960277728624,0.1413096027793526,0.14130960278230656,0.1413096027793526,0.14130960277728624,0.14130960277832483,0.14130960278230656,0.1413096027934741,0.14130960278230656,0.14130960277832483,0.14130960277728624,0.1413096027793526,0.14130960278230656,0.1413096027793526,0.14130960277728624,0.14130960277621224,0.14130960277728624,0.14130960277832483,0.14130960277728624,0.14130960277621224,0.14021174681884252,0.1402117468198992,0.14021174682086995,0.1402117468198992,0.14021174681884252,0.1402117468198992,0.14021174682181295,0.14021174682441043,0.14021174682181295,0.1402117468198992,0.14021174682086995,0.14021174682441043,0.14021174683441165,0.14021174682441043,0.14021174682086995,0.1402117468198992,0.14021174682181295,0.14021174682441043,0.14021174682181295,0.1402117468198992,0.14021174681884252,0.1402117468198992,0.14021174682086995,0.1402117468198992,0.14021174681884252,0.13913530713354852,0.1391353071348825,0.13913530713602248,0.1391353071348825,0.13913530713354852,0.1391353071348825,0.139135307137119,0.139135307139479,0.139135307137119,0.1391353071348825,0.13913530713602248,0.139135307139479,0.1391353071442922,0.139135307139479,0.13913530713602248,0.1391353071348825,0.139135307137119,0.139135307139479,0.139135307137119,0.1391353071348825,0.13913530713354852,0.1391353071348825,0.13913530713602248,0.1391353071348825,0.13913530713354852,0.1380798036360267,0.13807980363828812,0.13807980364049408,0.13807980363828812,0.1380798036360267,0.13807980363828812,0.13807980364270667,0.1380798036485553,0.13807980364270667,0.13807980363828812,0.13807980364049408,0.1380798036485553,0.13807980366454162,0.1380798036485553,0.13807980364049408,0.13807980363828812,0.13807980364270667,0.1380798036485553,0.13807980364270667,0.13807980363828812,0.1380798036360267,0.13807980363828812,0.13807980364049408,0.13807980363828812,0.1380798036360267,0.13704476571945315,0.13704476572281918,0.13704476572684263,0.13704476572281918,0.13704476571945298,0.13704476572281918,0.1370447657310003,0.13704476574722968,0.1370447657310003,0.13704476572281918,0.13704476572684263,0.13704476574722968,0.13704476583663786,0.13704476574722968,0.13704476572684263,0.13704476572281918,0.1370447657310003,0.13704476574722968,0.1370447657310003,0.13704476572281918,0.13704476571945298,0.13704476572281918,0.13704476572684263,0.13704476572281918,0.13704476571945298,0.13602973228719734,0.1360297322895107,0.13602973229176193,0.1360297322895107,0.13602973228719734,0.1360297322895107,0.1360297322940145,0.13602973230000168,0.13602973229401433,0.1360297322895107,0.13602973229176193,0.13602973230000168,0.13602973231654938,0.13602973230000168,0.13602973229176193,0.1360297322895107,0.13602973229401433,0.13602973230000168,0.1360297322940145,0.1360297322895107,0.13602973228719734,0.1360297322895107,0.13602973229176193,0.1360297322895107,0.13602973228719734,0.13503425176331266,0.13503425176475387,0.13503425176594,0.13503425176475387,0.13503425176331266,0.13503425176475387,0.1350342517670634,0.13503425176934544,0.1350342517670634,0.13503425176475387,0.13503425176594,0.13503425176934544,0.135034251773483,0.13503425176934544,0.13503425176594,0.13503425176475387,0.1350342517670634,0.13503425176934544,0.1350342517670634,0.13503425176475387,0.13503425176331266,0.13503425176475387,0.13503425176594,0.13503425176475387,0.13503425176331266
0.16533248791902944,0.1653324879190292,0.16533248791902894,0.1653324879190292,0.16533248791902944,0.1653324879190292,0.16533248791902894,0.16533248791902871,0.16533248791902894,0.1653324879190292,0.16533248791902894,0.16533248791902871,0.16533248791902871,0.16533248791902871,0.16533248791902894,0.1653324879190292,0.16533248791902894,0.16533248791902871,0.16533248791902894,0.1653324879190292,0.16533248791902944,0.1653324879190292,0.16533248791902894,0.1653324879190292,0.16533248791902944,0.1637574941975734,0.16375749419757274,0.1637574941975725,0.16375749419757274,0.1637574941975734,0.16375749419757274,0.16375749419757227,0.1637574941975718,0.16375749419757227,0.16375749419757274,0.1637574941975725,0.1637574941975718,0.16375749419757135,0.1637574941975718,0.1637574941975725,0.16375749419757274,0.16375749419757227,0.1637574941975718,0.16375749419757227,0.16375749419757274,0.1637574941975734,0.16375749419757274,0.1637574941975725,0.16375749419757274,0.1637574941975734,0.16221388440806453,0.16221388440806295,0.16221388440806178,0.16221388440806295,0.16221388440806453,0.16221388440806295,0.16221388440806112,0.16221388440805998,0.16221388440806112,0.16221388440806295,0.16221388440806178,0.16221388440805998,0.16221388440805887,0.16221388440805998,0.16221388440806178,0.16221388440806295,0.16221388440806112,0.16221388440805998,0.16221388440806112,0.16221388440806295,0.16221388440806453,0.16221388440806295,0.16221388440806178,0.16221388440806295,0.16221388440806478,0.16070106750754592,0.16070106750754082,0.1607010675075375,0.16070106750754082,0.16070106750754592,0.16070106750754082,0.16070106750753502,0.16070106750753146,0.16070106750753502,0.16070106750754082,0.1607010675075375,0.16070106750753146,0.16070106750752747,0.16070106750753146,0.1607010675075375,0.16070106750754082,0.16070106750753502,0.16070106750753146,0.16070106750753502,0.16070106750754082,0.16070106750754592,0.16070106750754082,0.1607010675075375,0.16070106750754082,0.16070106750754592,0.15921845187100228,0.15921845187098704,0.15921845187097702,0.15921845187098704,0.15921845187100228,0.15921845187098704,0.1592184518709694,0.15921845187095743,0.1592184518709694,0.15921845187098704,0.15921845187097702,0.15921845187095743,0.15921845187094436,0.15921845187095743,0.15921845187097702,0.15921845187098704,0.1592184518709694,0.15921845187095743,0.1592184518709694,0.15921845187098704,0.15921845187100228,0.15921845187098704,0.15921845187097702,0.15921845187098704,0.15921845187100228,0.15776544664322203,0.1577654466431768,0.1577654466431467,0.1577654466431768,0.15776544664322203,0.1577654466431768,0.15776544664312236,0.1577654466430846,0.15776544664312236,0.1577654466431768,0.1577654466431467,0.1577654466430846,0.15776544664304043,0.1577654466430846,0.1577654466431467,0.1577654466431768,0.15776544664312236,0.1577654466430846,0.15776544664312236,0.1577654466431768,0.15776544664322203,0.1577654466431768,0.1577654466431467,0.1577654466431768,0.15776544664322203,0.15634146295314533,0.15634146295301735,0.1563414629529279,0.15634146295301735,0.15634146295314533,0.15634146295301735,0.15634146295285173,0.15634146295272797,0.15634146295285173,0.15634146295301735,0.1563414629529279,0.15634146295272797,0.1563414629525709,0.15634146295272797,0.1563414629529279,0.15634146295301735,0.15634146295285173,0.15634146295272797,0.15634146295285173,0.15634146295301735,0.15634146295314533,0.15634146295301735,0.1563414629529279,0.15634146295301735,0.15634146295314533,0.15494591500099633,0.15494591500064978,0.15494591500039076,0.15494591500064978,0.15494591500099633,0.15494591500064978,0.15494591500015734,0.1549459149997446,0.15494591500015734,0.15494591500064978,0.15494591500039076,0.1549459149997446,0.15494591499914068,0.1549459149997446,0.15494591500039076,0.15494591500064978,0.15494591500015734,0.1549459149997446,0.15494591500015734,0.15494591500064978,0.15494591500099633,0.15494591500064978,0.15494591500039076,0.15494591500064978,0.15494591500099633,0.1535782210279594,0.15357822102709237,0.15357822102637375,0.15357822102709237,0.1535782210279594,0.15357822102709237,0.15357822102569127,0.15357822102429,0.15357822102569127,0.15357822102709237,0.15357822102637375,0.15357822102429,0.15357822102171478,0.15357822102429,0.15357822102637375,0.15357822102709237,0.15357822102569127,0.15357822102429,0.15357822102569127,0.15357822102709237,0.1535782210279594,0.15357822102709237,0.15357822102637375,0.15357822102709237,0.1535782210279594,0.15223780417763083,0.15223780417573587,0.1522378041739216,0.15223780417573587,0.15223780417763083,0.15223780417573587,0.15223780417211344,0.15223780416744206,0.15223780417211344,0.15223780417573587,0.1522378041739216,0.15223780416744206,0.15223780415503113,0.15223780416744206,0.1522378041739216,0.15223780417573587,0.15223780417211344,0.15223780416744206,0.15223780417211344,0.15223780417573587,0.15223780417763083,0.15223780417573587,0.1522378041739216,0.15223780417573587,0.15223780417763083,0.1509240932577603,0.1509240932545632,0.15092409325091993,0.1509240932545632,0.1509240932577603,0.1509240932545632,0.1509240932471715,0.150924093233675,0.1509240932471715,0.1509240932545632,0.15092409325091993,0.150924093233675,0.15092409316596994,0.150924093233675,0.15092409325091993,0.1509240932545632,0.1509240932471715,0.150924093233675,0.1509240932471715,0.1509240932545632,0.1509240932577603,0.1509240932545632,0.15092409325091993,0.1509240932545632,0.1509240932577603,0.14963652340937045,0.14963652340634528,0.14963652340303824,0.14963652340634528,0.14963652340937045,0.14963652340634528,0.14963652339964928,0.1496365233884434,0.14963652339964928,0.14963652340634528,0.14963652340303824,0.1496365233884434,0.14963652333946562,0.1496365233884434,0.14963652340303824,0.14963652340634528,0.14963652339964928,0.1496365233884434,0.14963652339964928,0.14963652340634528,0.14963652340937045,0.14963652340634528,0.14963652340303824,0.14963652340634528,0.14963652340937045,0.1483745366885782,0.14837453668668577,0.14837453668475445,0.14837453668668577,0.1483745366885782,0.14837453668668577,0.1483745366828033,0.1483745366769476,0.1483745366828033,0.14837453668668577,0.14837453668475445,0.1483745366769476,0.14837453665405734,0.1483745366769476,0.14837453668475445,0.14837453668668577,0.1483745366828033,0.1483745366769476,0.1483745366828033,0.14837453668668577,0.1483745366885782,0.14837453668668577,0.14837453668475445,0.14837453668668577,0.1483745366885782,0.1471375825759476,0.1471375825753436,0.14713758257483026,0.1471375825753436,0.1471375825759476,0.1471375825753436,0.14713758257433812,0.14713758257328163,0.14713758257433812,0.1471375825753436,0.14713758257483026,0.14713758257328163,0.1471375825711904,0.14713758257328163,0.14713758257483026,0.1471375825753436,0.14713758257433812,0.14713758257328163,0.14713758257433812,0.1471375825753436,0.1471375825759476,0.1471375825753436,0.14713758257483026,0.1471375825753436,0.1471375825759476,0.14592511841595596,0.14592511841635483,0.14592511841687247,0.14592511841635483,0.14592511841595596,0.14592511841635483,0.145925118417425,0.1459251184195224,0.145925118417425,0.14592511841635483,0.14592511841687247,0.1459251184195224,0.1459251184298113,0.1459251184195224,0.14592511841687247,0.14592511841635483,0.145925118417425,0.1459251184195224,0.145925118417425,0.14592511841635483,0.14592511841595596,0.14592511841635483,0.14592511841687247,0.14592511841635483,0.14592511841595596,0.14473660979135194,0.14473660979236325,0.14473660979348563,0.14473660979236325,0.14473660979135194,0.14473660979236325,0.14473660979464253,0.14473660979850497,0.14473660979464253,0.14473660979236325,0.14473660979348563,0.14473660979850497,0.1447366098156072,0.14473660979850497,0.14473660979348563,0.14473660979236325,0.14473660979464253,0.14473660979850497,0.14473660979464253,0.14473660979236325,0.14473660979135194,0.14473660979236325,0.14473660979348563,0.14473660979236325,0.14473660979135194,0.14357153083814927,0.1435715308394013,0.1435715308407406,0.1435715308394013,0.14357153083814927,0.1435715308394013,0.14357153084210575,0.14357153084653534,0.14357153084210575,0.1435715308394013,0.1435715308407406,0.14357153084653534,0.14357153086583482,0.14357153084653534,0.1435715308407406,0.1435715308394013,0.14357153084210575,0.14357153084653534,0.14357153084210575,0.1435715308394013,0.14357153083814927,0.1435715308394013,0.1435715308407406,0.1435715308394013,0.14357153083814927,0.1424293645069729,0.14242936450817317,0.1424293645093976,0.14242936450817317,0.1424293645069729,0.14242936450817317,0.14242936451062974,0.14242936451440197,0.14242936451062974,0.14242936450817317,0.1424293645093976,0.14242936451440197,0.1424293645297568,0.14242936451440197,0.1424293645093976,0.14242936450817317,0.14242936451062974,0.14242936451440197,0.14242936451062974,0.14242936450817317,0.1424293645069729,0.14242936450817317,0.1424293645093976,0.14242936450817317,0.1424293645069729,0.14130960277578516,0.14130960277685103,0.1413096027778819,0.14130960277685103,0.14130960277578516,0.14130960277685103,0.14130960277890176,0.14130960278183335,0.14130960277890176,0.14130960277685103,0.1413096027778819,0.14130960278183335,0.14130960279293728,0.14130960278183335,0.1413096027778819,0.14130960277685103,0.14130960277890176,0.14130960278183335,0.14130960277890176,0.14130960277685103,0.14130960277578516,0.14130960277685103,0.1413096027778819,0.14130960277685103,0.14130960277578516,0.14021174681836762,0.1402117468194185,0.1402117468203841,0.1402117468194185,0.14021174681836762,0.1402117468194185,0.1402117468213218,0.14021174682390475,0.1402117468213218,0.1402117468194185,0.1402117468203841,0.14021174682390475,0.14021174683381857,0.14021174682390475,0.1402117468203841,0.1402117468194185,0.1402117468213218,0.14021174682390475,0.1402117468213218,0.1402117468194185,0.14021174681836762,0.1402117468194185,0.1402117468203841,0.1402117468194185,0.14021174681836762,0.13913530713303654,0.13913530713436612,0.13913530713550246,0.13913530713436612,0.13913530713303654,0.13913530713436612,0.13913530713659533,0.1391353071389477,0.13913530713659533,0.13913530713436612,0.13913530713550246,0.1391353071389477,0.13913530714374436,0.1391353071389477,0.13913530713550246,0.13913530713436612,0.13913530713659533,0.1391353071389477,0.13913530713659533,0.13913530713436612,0.13913530713303654,0.13913530713436612,0.13913530713550246,0.13913530713436612,0.13913530713303654,0.13807980363548608,0.13807980363774208,0.1380798036399432,0.13807980363774208,0.13807980363548608,0.13807980363774208,0.13807980364215083,0.13807980364798692,0.1380798036421507,0.13807980363774208,0.1380798036399432,0.13807980364798692,0.13807980366393974,0.13807980364798692,0.1380798036399432,0.13807980363774208,0.1380798036421507,0.13807980364798692,0.1380798036421507,0.13807980363774208,0.13807980363548608,0.13807980363774208,0.1380798036399432,0.13807980363774208,0.13807980363548608,0.13704476571889382,0.13704476572225296,0.13704476572626803,0.13704476572225296,0.13704476571889382,0.13704476572225296,0.13704476573041724,0.1370447657466139,0.13704476573041724,0.13704476572225296,0.13704476572626803,0.1370447657466139,0.13704476583585637,0.1370447657466139,0.13704476572626803,0.13704476572225296,0.13704476573041724,0.1370447657466139,0.13704476573041724,0.13704476572225296,0.13704476571889382,0.13704476572225296,0.13704476572626803,0.13704476572225296,0.13704476571889382,0.1360297322866334,0.1360297322889422,0.13602973229118878,0.13602973228894202,0.1360297322866334,0.1360297322889422,0.1360297322934367,0.13602973229941182,0.1360297322934367,0.13602973228894202,0.13602973229118878,0.13602973229941182,0.13602973231592627,0.13602973229941182,0.13602973229118878,0.13602973228894202,0.1360297322934367,0.13602973229941182,0.1360297322934367,0.13602973228894202,0.1360297322866334,0.13602973228894202,0.13602973229118878,0.13602973228894202,0.1360297322866334,0.1350342517627536,0.13503425176419187,0.13503425176537567,0.13503425176419187,0.1350342517627536,0.13503425176419187,0.13503425176649672,0.1350342517687741,0.13503425176649672,0.13503425176419187,0.13503425176537567,0.1350342517687741,0.13503425177290343,0.1350342517687741,0.13503425176537567,0.13503425176419187,0.13503425176649672,0.1350342517687741,0.13503425176649686,0.13503425176419187,0.1350342517627536,0.13503425176419187,0.13503425176537567,0.13503425176419187,0.1350342517627536
0.1653324879194384,0.16533248791943814,0.16533248791943791,0.16533248791943814,0.1653324879194384,0.16533248791943814,0.16533248791943791,0.1653324879194377,0.16533248791943791,0.16533248791943814,0.16533248791943791,0.1653324879194377,0.16533248791943744,0.1653324879194377,0.16533248791943791,0.16533248791943814,0.16533248791943791,0.1653324879194377,0.16533248791943791,0.16533248791943814,0.1653324879194384,0.16533248791943814,0.16533248791943791,0.16533248791943814,0.1653324879194384,0.163757494197974,0.16375749419797356,0.16375749419797309,0.16375749419797356,0.163757494197974,0.16375749419797356,0.16375749419797286,0.1637574941979724,0.16375749419797286,0.16375749419797356,0.16375749419797309,0.1637574941979724,0.16375749419797217,0.1637574941979724,0.16375749419797309,0.16375749419797356,0.16375749419797286,0.1637574941979724,0.16375749419797286,0.16375749419797356,0.163757494197974,0.16375749419797356,0.16375749419797309,0.16375749419797356,0.163757494197974,0.16221388440845713,0.16221388440845555,0.1622138844084544,0.16221388440845555,0.16221388440845713,0.16221388440845555,0.16221388440845372,0.16221388440845258,0.16221388440845372,0.16221388440845555,0.1622138844084544,0.16221388440845258,0.16221388440845122,0.16221388440845258,0.1622138844084544,0.16221388440845555,0.16221388440845372,0.16221388440845258,0.16221388440845372,0.16221388440845555,0.16221388440845713,0.16221388440845555,0.1622138844084544,0.16221388440845555,0.16221388440845713,0.16070106750793045,0.16070106750792534,0.160701067507922,0.16070106750792534,0.16070106750793045,0.16070106750792534,0.1607010675079198,0.16070106750791602,0.1607010675079198,0.16070106750792534,0.160701067507922,0.16070106750791602,0.16070106750791202,0.16070106750791602,0.160701067507922,0.16070106750792534,0.1607010675079198,0.16070106750791602,0.1607010675079198,0.16070106750792534,0.16070106750793045,0.16070106750792534,0.160701067507922,0.16070106750792534,0.16070106750793045,0.15921845187137895,0.1592184518713637,0.1592184518713537,0.1592184518713637,0.15921845187137895,0.1592184518713637,0.15921845187134606,0.15921845187133407,0.15921845187134606,0.1592184518713637,0.1592184518713537,0.15921845187133407,0.15921845187132103,0.15921845187133407,0.1592184518713537,0.1592184518713637,0.15921845187134606,0.15921845187133407,0.15921845187134606,0.1592184518713637,0.15921845187137895,0.1592184518713637,0.1592184518713537,0.1592184518713637,0.15921845187137895,0.1577654466435905,0.1577654466435457,0.1577654466435156,0.1577654466435457,0.1577654466435905,0.1577654466435457,0.1577654466434913,0.15776544664345352,0.1577654466434913,0.1577654466435457,0.1577654466435156,0.15776544664345352,0.15776544664340958,0.15776544664345352,0.1577654466435156,0.1577654466435457,0.1577654466434913,0.15776544664345352,0.1577654466434913,0.1577654466435457,0.1577654466435905,0.1577654466435457,0.1577654466435156,0.1577654466435457,0.1577654466435905,0.15634146295350582,0.15634146295337806,0.156341462953289,0.15634146295337806,0.15634146295350582,0.15634146295337806,0.15634146295321308,0.1563414629530897,0.15634146295321308,0.15634146295337806,0.156341462953289,0.1563414629530897,0.1563414629529331,0.1563414629530897,0.156341462953289,0.15634146295337806,0.15634146295321308,0.1563414629530897,0.15634146295321308,0.15634146295337806,0.15634146295350582,0.15634146295337806,0.156341462953289,0.15634146295337806,0.15634146295350582,0.15494591500134777,0.1549459150010025,0.15494591500074428,0.1549459150010025,0.15494591500134777,0.1549459150010025,0.15494591500051147,0.15494591500009997,0.15494591500051147,0.1549459150010025,0.15494591500074428,0.15494591500009997,0.1549459149994979,0.15494591500009997,0.15494591500074428,0.1549459150010025,0.15494591500051147,0.15494591500009997,0.15494591500051147,0.1549459150010025,0.15494591500134777,0.1549459150010025,0.15494591500074428,0.1549459150010025,0.15494591500134777,0.15357822102829982,0.1535782210274356,0.1535782210267192,0.1535782210274356,0.15357822102829982,0.1535782210274356,0.15357822102603894,0.1535782210246419,0.15357822102603894,0.1535782210274356,0.1535782210267192,0.1535782210246419,0.1535782210220741,0.1535782210246419,0.1535782210267192,0.1535782210274356,0.15357822102603894,0.1535782210246419,0.15357822102603894,0.1535782210274356,0.15357822102829982,0.1535782210274356,0.1535782210267192,0.1535782210274356,0.15357822102829982,0.15223780417795466,0.15223780417606578,0.1522378041742572,0.15223780417606578,0.15223780417795466,0.15223780417606578,0.15223780417245475,0.15223780416779753,0.15223780417245475,0.15223780417606578,0.1522378041742572,0.15223780416779753,0.15223780415542282,0.15223780416779753,0.1522378041742572,0.15223780417606578,0.15223780417245475,0.15223780416779753,0.15223780417245475,0.15223780417606578,0.15223780417795466,0.15223780417606578,0.1522378041742572,0.15223780417606578,0.15223780417795466,0.15092409325805448,0.1509240932548684,0.1509240932512371,0.1509240932548684,0.15092409325805448,0.1509240932548684,0.150924093247501,0.15092409323404618,0.150924093247501,0.1509240932548684,0.1509240932512371,0.15092409323404618,0.15092409316653038,0.15092409323404618,0.1509240932512371,0.1509240932548684,0.150924093247501,0.15092409323404618,0.150924093247501,0.1509240932548684,0.15092409325805448,0.1509240932548684,0.1509240932512371,0.1509240932548684,0.15092409325805448,0.14963652340961212,0.1496365234065996,0.14963652340330597,0.1496365234065996,0.14963652340961212,0.1496365234065996,0.14963652339993122,0.14963652338877106,0.14963652339993122,0.1496365234065996,0.14963652340330597,0.14963652338877106,0.14963652334000127,0.14963652338877106,0.14963652340330597,0.1496365234065996,0.14963652339993122,0.14963652338877106,0.14963652339993122,0.1496365234065996,0.14963652340961212,0.1496365234065996,0.14963652340330597,0.1496365234065996,0.14963652340961212,0.14837453668874018,0.1483745366868585,0.14837453668493905,0.1483745366868585,0.14837453668874018,0.1483745366868585,0.14837453668299994,0.1483745366771845,0.14837453668299994,0.1483745366868585,0.14837453668493905,0.1483745366771845,0.14837453665450714,0.1483745366771845,0.14837453668493905,0.1483745366868585,0.14837453668299994,0.1483745366771845,0.14837453668299994,0.1483745366868585,0.14837453668874018,0.1483745366868585,0.14837453668493905,0.1483745366868585,0.14837453668874018,0.14713758257600681,0.14713758257540827,0.14713758257490073,0.14713758257540827,0.14713758257600681,0.14713758257540827,0.14713758257441442,0.14713758257337717,0.14713758257441442,0.14713758257540827,0.14713758257490073,0.14713758257337717,0.14713758257134696,0.14713758257337717,0.14713758257490073,0.14713758257540827,0.14713758257441442,0.14713758257337717,0.14713758257441442,0.14713758257540827,0.14713758257600681,0.14713758257540827,0.14713758257490073,0.14713758257540827,0.14713758257600681,0.1459251184158997,0.14592511841629732,0.14592511841681333,0.14592511841629732,0.1459251184158997,0.14592511841629732,0.14592511841736427,0.14592511841945494,0.14592511841736427,0.14592511841629732,0.14592511841681333,0.14592511841945494,0.14592511842969771,0.14592511841945494,0.14592511841681333,0.14592511841629732,0.14592511841736427,0.14592511841945494,0.14592511841736427,0.14592511841629732,0.1459251184158997,0.14592511841629732,0.14592511841681333,0.14592511841629732,0.1459251184158997,0.14473660979118086,0.14473660979218558,0.14473660979330077,0.14473660979218558,0.14473660979118086,0.14473660979218558,0.14473660979445035,0.14473660979828976,0.14473660979445035,0.14473660979218558,0.14473660979330077,0.14473660979828976,0.14473660981529388,0.1447366097982896,0.14473660979330077,0.14473660979218558,0.14473660979445035,0.1447366097982896,0.14473660979445035,0.14473660979218558,0.14473660979118086,0.14473660979218558,0.14473660979330077,0.14473660979218558,0.14473660979118086,0.1435715308378755,0.14357153083911725,0.14357153084044508,0.14357153083911725,0.1435715308378755,0.14357153083911725,0.14357153084179858,0.14357153084618832,0.14357153084179858,0.14357153083911725,0.14357153084044508,0.14357153084618832,0.1435715308652972,0.14357153084618832,0.14357153084044508,0.14357153083911725,0.14357153084179858,0.14357153084618832,0.14357153084179858,0.14357153083911725,0.1435715308378755,0.14357153083911725,0.14357153084044508,0.14357153083911725,0.1435715308378755,0.14242936450661645,0.14242936450780613,0.142429364509019,0.14242936450780613,0.14242936450661645,0.14242936450780613,0.14242936451023955,0.14242936451397287,0.14242936451023955,0.14242936450780613,0.142429364509019,0.14242936451397287,0.1424293645291462,0.14242936451397287,0.142429364509019,0.14242936450780613,0.14242936451023955,0.14242936451397287,0.14242936451023955,0.14242936450780613,0.14242936450661645,0.14242936450780613,0.142429364509019,0.14242936450780613,0.14242936450661645,0.14130960277536642,0.14130960277642457,0.14130960277744772,0.14130960277642457,0.14130960277536642,0.14130960277642457,0.1413096027784597,0.14130960278136942,0.1413096027784597,0.14130960277642457,0.14130960277744772,0.14130960278136942,0.1413096027923845,0.14130960278136942,0.14130960277744772,0.14130960277642457,0.1413096027784597,0.14130960278136942,0.1413096027784597,0.14130960277642457,0.14130960277536642,0.14130960277642457,0.14130960277744772,0.14130960277642457,0.14130960277536642,0.14021174681790208,0.14021174681894752,0.14021174681990792,0.14021174681894752,0.14021174681790208,0.14021174681894752,0.14021174682084045,0.14021174682340903,0.14021174682084045,0.14021174681894752,0.14021174681990792,0.14021174682340903,0.14021174683329418,0.14021174682340903,0.14021174681990792,0.14021174681894752,0.14021174682084045,0.14021174682340903,0.14021174682084045,0.14021174681894752,0.14021174681790208,0.14021174681894752,0.14021174681990792,0.14021174681894752,0.14021174681790208,0.1391353071325347,0.13913530713386016,0.1391353071349927,0.13913530713386016,0.1391353071325347,0.13913530713386016,0.13913530713608208,0.13913530713842676,0.13913530713608208,0.13913530713386016,0.1391353071349927,0.13913530713842676,0.13913530714320743,0.13913530713842676,0.1391353071349927,0.13913530713386016,0.13913530713608208,0.13913530713842676,0.13913530713608208,0.13913530713386016,0.1391353071325347,0.13913530713386016,0.1391353071349927,0.13913530713386016,0.1391353071325347,0.13807980363495598,0.138079803637207,0.1380798036394032,0.138079803637207,0.13807980363495598,0.138079803637207,0.13807980364160602,0.1380798036474297,0.13807980364160602,0.138079803637207,0.1380798036394032,0.1380798036474297,0.1380798036633498,0.1380798036474297,0.1380798036394032,0.138079803637207,0.13807980364160602,0.1380798036474297,0.13807980364160602,0.138079803637207,0.13807980363495598,0.138079803637207,0.1380798036394032,0.138079803637207,0.13807980363495598,0.13704476571834556,0.13704476572169788,0.13704476572570487,0.13704476572169788,0.13704476571834556,0.13704476572169788,0.13704476572984586,0.13704476574601043,0.13704476572984586,0.13704476572169788,0.13704476572570487,0.13704476574601043,0.1370447658350782,0.13704476574601043,0.13704476572570487,0.13704476572169788,0.13704476572984586,0.13704476574601043,0.13704476572984586,0.13704476572169788,0.13704476571834556,0.13704476572169788,0.13704476572570487,0.13704476572169788,0.13704476571834556,0.1360297322860808,0.13602973228838483,0.13602973229062693,0.13602973228838483,0.1360297322860808,0.13602973228838483,0.13602973229287038,0.1360297322988339,0.13602973229287038,0.13602973228838483,0.13602973229062693,0.1360297322988339,0.13602973231531582,0.1360297322988339,0.13602973229062693,0.13602973228838483,0.13602973229287038,0.1360297322988339,0.13602973229287038,0.13602973228838483,0.1360297322860808,0.13602973228838483,0.13602973229062693,0.13602973228838483,0.1360297322860808,0.13503425176220563,0.13503425176364112,0.13503425176482256,0.13503425176364112,0.13503425176220563,0.13503425176364112,0.13503425176594144,0.13503425176821432,0.13503425176594144,0.13503425176364112,0.13503425176482256,0.13503425176821432,0.13503425177233547,0.13503425176821432,0.13503425176482256,0.13503425176364112,0.13503425176594144,0.13503425176821432,0.13503425176594144,0.13503425176364112,0.13503425176220563,0.13503425176364112,0.13503425176482256,0.13503425176364112,0.13503425176220563
0.16533248791983932,0.1653324879198391,0.16533248791983887,0.16533248791983887,0.16533248791983932,0.1653324879198391,0.16533248791983862,0.16533248791983862,0.16533248791983862,0.1653324879198391,0.16533248791983887,0.16533248791983862,0.16533248791983837,0.16533248791983862,0.16533248791983887,0.16533248791983887,0.16533248791983862,0.16533248791983862,0.16533248791983862,0.16533248791983887,0.16533248791983932,0.1653324879198391,0.16533248791983887,0.16533248791983887,0.1653324879198391,0.163757494198367,0.1637574941983663,0.16375749419836605,0.1637574941983663,0.163757494198367,0.1637574941983663,0.16375749419836583,0.16375749419836536,0.16375749419836583,0.1637574941983663,0.16375749419836605,0.16375749419836536,0.16375749419836488,0.16375749419836536,0.16375749419836605,0.1637574941983663,0.16375749419836583,0.16375749419836536,0.16375749419836583,0.1637574941983663,0.163757494198367,0.1637574941983663,0.16375749419836605,0.1637574941983663,0.163757494198367,0.16221388440884202,0.16221388440884044,0.1622138844088393,0.16221388440884044,0.16221388440884202,0.16221388440884044,0.16221388440883863,0.1622138844088375,0.16221388440883863,0.16221388440884044,0.1622138844088393,0.1622138844088375,0.16221388440883636,0.1622138844088375,0.1622138844088393,0.16221388440884044,0.16221388440883863,0.1622138844088375,0.16221388440883863,0.16221388440884044,0.16221388440884202,0.16221388440884044,0.1622138844088393,0.16221388440884044,0.16221388440884202,0.16070106750830743,0.16070106750830235,0.16070106750829902,0.16070106750830235,0.16070106750830743,0.16070106750830235,0.1607010675082968,0.16070106750829302,0.1607010675082968,0.16070106750830235,0.16070106750829902,0.16070106750829302,0.16070106750828922,0.16070106750829302,0.16070106750829924,0.16070106750830235,0.1607010675082968,0.16070106750829302,0.1607010675082968,0.16070106750830235,0.16070106750830743,0.16070106750830235,0.16070106750829924,0.16070106750830235,0.16070106750830743,0.15921845187174818,0.15921845187173295,0.15921845187172293,0.15921845187173295,0.15921845187174818,0.15921845187173295,0.1592184518717153,0.15921845187170355,0.1592184518717153,0.15921845187173295,0.15921845187172293,0.15921845187170355,0.15921845187169048,0.15921845187170355,0.15921845187172293,0.15921845187173295,0.1592184518717153,0.15921845187170355,0.1592184518717153,0.15921845187173295,0.15921845187174818,0.15921845187173295,0.15921845187172293,0.15921845187173295,0.15921845187174818,0.15776544664395195,0.15776544664390715,0.15776544664387726,0.15776544664390715,0.15776544664395195,0.15776544664390715,0.15776544664385295,0.1577654466438154,0.15776544664385295,0.15776544664390715,0.15776544664387726,0.1577654466438154,0.15776544664377143,0.1577654466438154,0.15776544664387726,0.15776544664390715,0.15776544664385295,0.1577654466438154,0.15776544664385295,0.15776544664390715,0.15776544664395195,0.15776544664390715,0.15776544664387726,0.15776544664390715,0.15776544664395195,0.15634146295385923,0.15634146295373186,0.15634146295364323,0.15634146295373186,0.15634146295385923,0.15634146295373186,0.1563414629535673,0.15634146295344434,0.1563414629535673,0.15634146295373186,0.15634146295364323,0.15634146295344434,0.15634146295328816,0.15634146295344434,0.15634146295364323,0.15634146295373186,0.1563414629535673,0.15634146295344434,0.1563414629535673,0.15634146295373186,0.15634146295385923,0.15634146295373186,0.15634146295364323,0.15634146295373186,0.15634146295385923,0.1549459150016925,0.1549459150013482,0.1549459150010908,0.1549459150013482,0.1549459150016925,0.1549459150013482,0.15494591500085883,0.15494591500044833,0.15494591500085883,0.1549459150013482,0.1549459150010908,0.15494591500044833,0.1549459149998481,0.15494591500044833,0.1549459150010908,0.1549459150013482,0.15494591500085883,0.15494591500044833,0.15494591500085883,0.1549459150013482,0.1549459150016925,0.1549459150013482,0.1549459150010908,0.1549459150013482,0.1549459150016925,0.15357822102863383,0.15357822102777222,0.15357822102705782,0.15357822102777222,0.15357822102863383,0.15357822102777222,0.15357822102637977,0.15357822102498692,0.15357822102637977,0.15357822102777222,0.15357822102705782,0.15357822102498692,0.15357822102242658,0.15357822102498692,0.15357822102705782,0.15357822102777222,0.15357822102637977,0.15357822102498692,0.15357822102637977,0.15357822102777222,0.15357822102863383,0.15357822102777222,0.15357822102705782,0.15357822102777222,0.15357822102863383,0.15223780417827212,0.15223780417638938,0.15223780417458635,0.15223780417638938,0.15223780417827212,0.15223780417638938,0.1522378041727896,0.15223780416814614,0.1522378041727896,0.15223780417638938,0.15223780417458635,0.15223780416814614,0.15223780415580707,0.15223780416814614,0.15223780417458635,0.15223780417638938,0.1522378041727896,0.15223780416814614,0.1522378041727896,0.15223780417638938,0.15223780417827212,0.15223780417638938,0.15223780417458635,0.15223780417638938,0.15223780417827212,0.1509240932583429,0.1509240932551678,0.15092409325154826,0.1509240932551678,0.1509240932583429,0.1509240932551678,0.15092409324782413,0.15092409323441022,0.15092409324782413,0.1509240932551678,0.15092409325154826,0.15092409323441022,0.15092409316705782,0.15092409323441022,0.15092409325154826,0.1509240932551678,0.15092409324782413,0.15092409323441022,0.15092409324782413,0.1509240932551678,0.1509240932583429,0.1509240932551678,0.15092409325154826,0.1509240932551678,0.1509240932583429,0.14963652340984882,0.14963652340684883,0.14963652340356862,0.14963652340684883,0.14963652340984882,0.14963652340684883,0.14963652340020747,0.14963652338909217,0.14963652340020747,0.14963652340684883,0.14963652340356862,0.14963652338909217,0.1496365233405122,0.14963652338909217,0.14963652340356862,0.14963652340684883,0.14963652340020747,0.14963652338909217,0.14963652340020747,0.14963652340684883,0.14963652340984882,0.14963652340684883,0.14963652340356862,0.14963652340684883,0.14963652340984882,0.148374536688899,0.1483745366870279,0.14837453668511993,0.1483745366870279,0.148374536688899,0.1483745366870279,0.14837453668319267,0.14837453667741649,0.14837453668319267,0.1483745366870279,0.14837453668511993,0.14837453667741649,0.14837453665491487,0.14837453667741649,0.14837453668511993,0.1483745366870279,0.14837453668319267,0.14837453667741649,0.14837453668319267,0.1483745366870279,0.148374536688899,0.1483745366870279,0.14837453668511993,0.1483745366870279,0.148374536688899,0.14713758257606496,0.1471375825754717,0.14713758257496992,0.1471375825754717,0.14713758257606496,0.1471375825754717,0.14713758257448944,0.14713758257347087,0.14713758257448944,0.1471375825754717,0.14713758257496992,0.14713758257347087,0.14713758257151519,0.14713758257347087,0.14713758257496992,0.1471375825754717,0.14713758257448944,0.14713758257347087,0.14713758257448944,0.1471375825754717,0.14713758257606496,0.1471375825754717,0.14713758257496992,0.1471375825754717,0.14713758257606496,0.1459251184158445,0.14592511841624123,0.14592511841675565,0.14592511841624123,0.1459251184158445,0.14592511841624123,0.145925118417305,0.14592511841938907,0.145925118417305,0.14592511841624123,0.14592511841675565,0.14592511841938907,0.14592511842960157,0.14592511841938907,0.14592511841675565,0.14592511841624123,0.145925118417305,0.14592511841938907,0.145925118417305,0.14592511841624123,0.1459251184158445,0.14592511841624123,0.14592511841675565,0.14592511841624123,0.1459251184158445,0.1447366097910133,0.14473660979201156,0.14473660979311995,0.14473660979201156,0.1447366097910133,0.14473660979201156,0.14473660979426237,0.1447366097980791,0.14473660979426237,0.14473660979201156,0.14473660979311995,0.1447366097980791,0.1447366098149982,0.1447366097980791,0.14473660979311995,0.14473660979201156,0.14473660979426237,0.1447366097980791,0.14473660979426237,0.14473660979201156,0.1447366097910133,0.14473660979201156,0.14473660979311995,0.14473660979201156,0.1447366097910133,0.14357153083760718,0.14357153083883883,0.1435715308401554,0.14357153083883883,0.14357153083760718,0.14357153083883883,0.14357153084149726,0.1435715308458483,0.14357153084149726,0.14357153083883883,0.1435715308401554,0.1435715308458483,0.14357153086478625,0.1435715308458483,0.1435715308401554,0.14357153083883883,0.14357153084149726,0.1435715308458483,0.14357153084149726,0.14357153083883883,0.14357153083760718,0.14357153083883883,0.1435715308401554,0.14357153083883883,0.14357153083760718,0.14242936450626703,0.1424293645074463,0.1424293645086479,0.1424293645074463,0.14242936450626703,0.1424293645074463,0.14242936450985688,0.14242936451355212,0.14242936450985688,0.1424293645074463,0.1424293645086479,0.14242936451355212,0.1424293645285596,0.14242936451355212,0.1424293645086479,0.1424293645074463,0.14242936450985688,0.14242936451355212,0.14242936450985688,0.1424293645074463,0.14242936450626703,0.1424293645074463,0.1424293645086479,0.1424293645074463,0.14242936450626703,0.14130960277495608,0.14130960277600635,0.14130960277702193,0.14130960277600635,0.14130960277495608,0.14130960277600635,0.14130960277802648,0.1413096027809145,0.14130960277802648,0.14130960277600635,0.14130960277702193,0.1413096027809145,0.1413096027918472,0.1413096027809145,0.14130960277702193,0.14130960277600635,0.14130960277802648,0.1413096027809145,0.14130960277802632,0.14130960277600635,0.14130960277495608,0.14130960277600635,0.14130960277702193,0.14130960277600635,0.14130960277495608,0.14021174681744575,0.1402117468184857,0.14021174681944093,0.1402117468184857,0.14021174681744575,0.1402117468184857,0.14021174682036847,0.14021174682292303,0.14021174682036847,0.1402117468184857,0.14021174681944093,0.14021174682292303,0.14021174683274912,0.14021174682292303,0.14021174681944093,0.1402117468184857,0.14021174682036847,0.14021174682292303,0.14021174682036847,0.1402117468184857,0.14021174681744575,0.1402117468184857,0.14021174681944093,0.1402117468184857,0.14021174681744575,0.1391353071320428,0.13913530713336383,0.13913530713449293,0.13913530713336383,0.1391353071320428,0.13913530713336383,0.139135307135579,0.1391353071379162,0.139135307135579,0.13913530713336383,0.13913530713449293,0.1391353071379162,0.13913530714268105,0.1391353071379162,0.13913530713449293,0.13913530713336383,0.139135307135579,0.1391353071379162,0.139135307135579,0.13913530713336383,0.1391353071320428,0.13913530713336383,0.13913530713449293,0.13913530713336383,0.1391353071320428,0.13807980363443645,0.13807980363668237,0.1380798036388739,0.13807980363668237,0.13807980363443645,0.13807980363668237,0.1380798036410719,0.1380798036468835,0.1380798036410719,0.13807980363668237,0.1380798036388739,0.1380798036468835,0.1380798036627715,0.1380798036468835,0.1380798036388739,0.13807980363668237,0.1380798036410719,0.1380798036468835,0.1380798036410719,0.13807980363668237,0.13807980363443645,0.13807980363668237,0.1380798036388739,0.13807980363668237,0.13807980363443645,0.13704476571780824,0.13704476572115373,0.13704476572515284,0.13704476572115373,0.13704476571780824,0.13704476572115373,0.1370447657292856,0.13704476574541885,0.1370447657292856,0.13704476572115373,0.13704476572515284,0.13704476574541885,0.13704476583431846,0.13704476574541885,0.13704476572515284,0.13704476572115373,0.1370447657292856,0.13704476574541885,0.1370447657292856,0.13704476572115373,0.13704476571780824,0.13704476572115373,0.13704476572515284,0.13704476572115373,0.13704476571780824,0.13602973228553897,0.1360297322878385,0.13602973229007628,0.1360297322878385,0.13602973228553897,0.1360297322878385,0.13602973229231524,0.13602973229826712,0.13602973229231524,0.1360297322878385,0.13602973229007628,0.13602973229826712,0.13602973231471716,0.13602973229826712,0.13602973229007628,0.1360297322878385,0.13602973229231524,0.13602973229826712,0.13602973229231524,0.1360297322878385,0.13602973228553897,0.1360297322878385,0.13602973229007628,0.1360297322878385,0.13602973228553897,0.1350342517616685,0.13503425176310108,0.13503425176428033,0.13503425176310108,0.1350342517616685,0.13503425176310108,0.135034251765397,0.13503425176766545,0.135034251765397,0.13503425176310108,0.13503425176428033,0.13503425176766545,0.13503425177177858,0.13503425176766545,0.13503425176428033,0.13503425176310108,0.135034251765397,0.13503425176766545,0.135034251765397,0.13503425176310108,0.1350342517616685,0.13503425176310108,0.13503425176428033,0.13503425176310108,0.1350342517616685
0.16533248792023225,0.165332487920232,0.165332487920232,0.165332487920232,0.16533248792023225,0.165332487920232,0.16533248792023178,0.16533248792023178,0.16533248792023178,0.165332487920232,0.165332487920232,0.16533248792023178,0.16533248792023153,0.16533248792023178,0.165332487920232,0.165332487920232,0.16533248792023178,0.16533248792023178,0.16533248792023178,0.165332487920232,0.16533248792023225,0.165332487920232,0.165332487920232,0.165332487920232,0.16533248792023225,0.16375749419875207,0.1637574941987516,0.16375749419875116,0.1637574941987516,0.16375749419875207,0.1637574941987516,0.1637574941987509,0.16375749419875069,0.1637574941987509,0.1637574941987516,0.16375749419875116,0.16375749419875069,0.16375749419875021,0.16375749419875069,0.16375749419875116,0.1637574941987516,0.1637574941987509,0.16375749419875069,0.1637574941987509,0.1637574941987516,0.16375749419875207,0.1637574941987516,0.16375749419875116,0.1637574941987516,0.16375749419875207,0.16221388440921944,0.16221388440921786,0.16221388440921672,0.16221388440921786,0.16221388440921966,0.16221388440921786,0.16221388440921605,0.16221388440921491,0.16221388440921605,0.16221388440921786,0.16221388440921672,0.16221388440921491,0.16221388440921378,0.16221388440921491,0.16221388440921672,0.16221388440921786,0.16221388440921605,0.16221388440921491,0.16221388440921605,0.16221388440921786,0.16221388440921966,0.16221388440921786,0.16221388440921672,0.16221388440921786,0.16221388440921966,0.16070106750867733,0.16070106750867222,0.1607010675086689,0.16070106750867222,0.16070106750867733,0.16070106750867222,0.16070106750866647,0.1607010675086629,0.16070106750866647,0.16070106750867222,0.1607010675086689,0.1607010675086629,0.1607010675086589,0.1607010675086629,0.1607010675086689,0.16070106750867222,0.16070106750866647,0.1607010675086629,0.16070106750866647,0.16070106750867222,0.16070106750867733,0.16070106750867222,0.1607010675086689,0.16070106750867222,0.16070106750867733,0.15921845187211026,0.159218451872095,0.15921845187208497,0.159218451872095,0.15921845187211026,0.159218451872095,0.15921845187207737,0.15921845187206582,0.1592184518720776,0.159218451872095,0.15921845187208497,0.15921845187206582,0.15921845187205277,0.15921845187206582,0.15921845187208497,0.159218451872095,0.1592184518720776,0.15921845187206582,0.15921845187207737,0.159218451872095,0.15921845187211026,0.159218451872095,0.15921845187208497,0.159218451872095,0.15921845187211026,0.15776544664430636,0.1577654466442618,0.1577654466442319,0.1577654466442618,0.15776544664430636,0.1577654466442618,0.15776544664420777,0.15776544664417022,0.15776544664420777,0.1577654466442618,0.1577654466442319,0.15776544664417022,0.15776544664412648,0.15776544664417022,0.1577654466442319,0.1577654466442618,0.15776544664420777,0.15776544664417022,0.15776544664420777,0.1577654466442618,0.15776544664430636,0.1577654466442618,0.1577654466442319,0.1577654466442618,0.15776544664430636,0.15634146295420573,0.15634146295407877,0.15634146295399032,0.15634146295407877,0.15634146295420573,0.15634146295407877,0.15634146295391485,0.1563414629537923,0.15634146295391485,0.15634146295407877,0.15634146295399032,0.1563414629537923,0.15634146295363652,0.1563414629537923,0.15634146295399032,0.15634146295407877,0.15634146295391485,0.1563414629537923,0.15634146295391485,0.15634146295407877,0.15634146295420573,0.15634146295407877,0.15634146295399032,0.15634146295407877,0.15634146295420573,0.15494591500203062,0.1549459150016874,0.1549459150014306,0.1549459150016874,0.15494591500203062,0.1549459150016874,0.15494591500119942,0.15494591500079016,0.15494591500119942,0.1549459150016874,0.1549459150014306,0.15494591500079016,0.15494591500019156,0.15494591500079016,0.1549459150014306,0.1549459150016874,0.15494591500119942,0.15494591500079016,0.15494591500119942,0.1549459150016874,0.15494591500203062,0.1549459150016874,0.1549459150014306,0.1549459150016874,0.15494591500203062,0.1535782210289612,0.1535782210281022,0.15357822102739022,0.1535782210281022,0.1535782210289612,0.1535782210281022,0.15357822102671398,0.15357822102532534,0.15357822102671398,0.1535782210281022,0.15357822102739022,0.15357822102532534,0.15357822102277244,0.15357822102532534,0.15357822102739022,0.1535782210281022,0.15357822102671398,0.15357822102532534,0.15357822102671398,0.1535782210281022,0.1535782210289612,0.1535782210281022,0.15357822102739022,0.1535782210281022,0.1535782210289612,0.15223780417858335,0.15223780417670668,0.15223780417490915,0.15223780417670668,0.15223780417858335,0.15223780417670668,0.1522378041731179,0.15223780416848806,0.1522378041731179,0.15223780417670668,0.15223780417490915,0.15223780416848806,0.1522378041561842,0.15223780416848806,0.15223780417490915,0.15223780417670668,0.1522378041731179,0.15223780416848806,0.1522378041731179,0.15223780417670668,0.15223780417858335,0.15223780417670668,0.15223780417490915,0.15223780417670668,0.15223780417858335,0.15092409325862574,0.15092409325546127,0.15092409325185327,0.15092409325546127,0.15092409325862574,0.15092409325546127,0.15092409324814113,0.15092409323476733,0.15092409324814113,0.15092409325546127,0.15092409325185327,0.15092409323476733,0.1509240931676277,0.15092409323476733,0.15092409325185327,0.15092409325546127,0.15092409324814113,0.15092409323476733,0.15092409324814113,0.15092409325546127,0.15092409325862574,0.15092409325546127,0.15092409325185327,0.15092409325546127,0.15092409325862574,0.14963652341008105,0.1496365234070931,0.1496365234038261,0.1496365234070931,0.14963652341008105,0.1496365234070931,0.1496365234004786,0.149636523389407,0.1496365234004786,0.1496365234070931,0.1496365234038261,0.149636523389407,0.1496365233410246,0.149636523389407,0.1496365234038261,0.1496365234070931,0.1496365234004786,0.149636523389407,0.1496365234004786,0.1496365234070931,0.14963652341008105,0.1496365234070931,0.1496365234038261,0.1496365234070931,0.14963652341008105,0.14837453668905484,0.14837453668719397,0.1483745366852973,0.14837453668719397,0.14837453668905484,0.14837453668719397,0.14837453668338152,0.14837453667764372,0.14837453668338152,0.14837453668719397,0.1483745366852973,0.14837453667764372,0.1483745366553048,0.14837453667764372,0.1483745366852973,0.14837453668719397,0.14837453668338152,0.14837453667764372,0.14837453668338152,0.14837453668719397,0.14837453668905484,0.14837453668719397,0.1483745366852973,0.14837453668719397,0.14837453668905484,0.1471375825761218,0.14713758257553397,0.14713758257503787,0.14713758257553397,0.1471375825761218,0.14713758257553397,0.1471375825745632,0.147137582573563,0.1471375825745632,0.14713758257553397,0.14713758257503787,0.147137582573563,0.14713758257171736,0.147137582573563,0.14713758257503787,0.14713758257553397,0.1471375825745632,0.147137582573563,0.1471375825745632,0.14713758257553397,0.1471375825761218,0.14713758257553397,0.14713758257503787,0.14713758257553397,0.1471375825761218,0.14592511841579056,0.14592511841618622,0.1459251184166992,0.14592511841618622,0.14592511841579056,0.14592511841618622,0.1459251184172471,0.14592511841932496,0.1459251184172471,0.14592511841618622,0.1459251184166992,0.14592511841932496,0.14592511842948047,0.14592511841932496,0.1459251184166992,0.14592511841618622,0.1459251184172471,0.14592511841932496,0.1459251184172471,0.14592511841618622,0.14592511841579056,0.14592511841618622,0.1459251184166992,0.14592511841618622,0.14592511841579056,0.14473660979084904,0.14473660979184083,0.14473660979294242,0.14473660979184083,0.14473660979084904,0.14473660979184083,0.14473660979407804,0.14473660979787276,0.14473660979407804,0.14473660979184103,0.14473660979294242,0.14473660979787276,0.14473660981472816,0.14473660979787276,0.14473660979294242,0.14473660979184083,0.14473660979407804,0.14473660979787276,0.14473660979407804,0.14473660979184103,0.14473660979084904,0.14473660979184103,0.14473660979294242,0.14473660979184103,0.14473660979084904,0.143571530837344,0.14357153083856558,0.14357153083987118,0.14357153083856558,0.143571530837344,0.14357153083856558,0.1435715308412019,0.14357153084551483,0.1435715308412019,0.14357153083856558,0.14357153083987118,0.14357153084551483,0.1435715308642799,0.14357153084551483,0.14357153083987118,0.14357153083856558,0.1435715308412019,0.14357153084551483,0.1435715308412019,0.14357153083856558,0.143571530837344,0.14357153083856558,0.14357153083987118,0.14357153083856558,0.143571530837344,0.14242936450592414,0.14242936450709318,0.14242936450828372,0.14242936450709318,0.14242936450592414,0.14242936450709318,0.14242936450948146,0.14242936451313915,0.14242936450948146,0.14242936450709318,0.14242936450828372,0.14242936451313915,0.14242936452798702,0.14242936451313915,0.14242936450828372,0.14242936450709318,0.14242936450948146,0.14242936451313915,0.14242936450948146,0.14242936450709318,0.14242936450592414,0.14242936450709318,0.14242936450828372,0.14242936450709318,0.14242936450592414,0.14130960277455346,0.14130960277559615,0.14130960277660418,0.14130960277559615,0.14130960277455346,0.14130960277559615,0.14130960277760116,0.1413096027804683,0.14130960277760116,0.14130960277559615,0.14130960277660418,0.1413096027804683,0.14130960279135216,0.1413096027804683,0.14130960277660418,0.14130960277559615,0.14130960277760116,0.1413096027804683,0.14130960277760116,0.14130960277559615,0.14130960277455346,0.14130960277559615,0.14130960277660418,0.14130960277559615,0.14130960277455346,0.14021174681699794,0.14021174681803256,0.1402117468189828,0.14021174681803256,0.14021174681699794,0.14021174681803256,0.14021174681990548,0.1402117468224462,0.14021174681990548,0.14021174681803256,0.1402117468189828,0.1402117468224462,0.1402117468322128,0.1402117468224462,0.1402117468189828,0.14021174681803256,0.14021174681990548,0.1402117468224462,0.14021174681990548,0.14021174681803256,0.14021174681699794,0.14021174681803256,0.1402117468189828,0.14021174681803256,0.14021174681699794,0.13913530713156008,0.13913530713287717,0.1391353071340026,0.13913530713287717,0.13913530713156008,0.13913530713287717,0.13913530713508537,0.1391353071374153,0.13913530713508537,0.13913530713287717,0.1391353071340026,0.1391353071374153,0.13913530714216452,0.13913530713741515,0.1391353071340026,0.13913530713287717,0.13913530713508537,0.13913530713741515,0.13913530713508537,0.13913530713287717,0.13913530713156008,0.13913530713287717,0.1391353071340026,0.13913530713287717,0.13913530713156008,0.13807980363392683,0.13807980363616779,0.13807980363835465,0.13807980363616779,0.13807980363392683,0.13807980363616779,0.13807980364054803,0.1380798036463478,0.13807980364054803,0.13807980363616779,0.13807980363835465,0.1380798036463478,0.1380798036622042,0.1380798036463478,0.13807980363835465,0.13807980363616779,0.13807980364054803,0.1380798036463478,0.13807980364054803,0.13807980363616779,0.13807980363392683,0.13807980363616779,0.13807980363835465,0.13807980363616779,0.13807980363392683,0.1370447657172811,0.13704476572062005,0.1370447657246114,0.13704476572062005,0.1370447657172811,0.13704476572062005,0.1370447657287361,0.13704476574483854,0.1370447657287361,0.13704476572062005,0.1370447657246114,0.13704476574483854,0.13704476583356162,0.13704476574483854,0.1370447657246114,0.13704476572062005,0.1370447657287361,0.13704476574483854,0.1370447657287361,0.13704476572062005,0.1370447657172811,0.13704476572062005,0.1370447657246114,0.13704476572062005,0.1370447657172811,0.1360297322850076,0.1360297322873026,0.13602973228953608,0.1360297322873026,0.1360297322850076,0.1360297322873026,0.1360297322917709,0.13602973229771126,0.1360297322917709,0.1360297322873026,0.13602973228953608,0.13602973229771126,0.13602973231413013,0.13602973229771126,0.13602973228953608,0.1360297322873026,0.1360297322917709,0.13602973229771126,0.1360297322917709,0.1360297322873026,0.1360297322850076,0.1360297322873026,0.13602973228953608,0.1360297322873026,0.1360297322850076,0.13503425176114175,0.13503425176257156,0.13503425176374845,0.13503425176257156,0.13503425176114175,0.13503425176257156,0.13503425176486294,0.13503425176712716,0.13503425176486308,0.13503425176257156,0.13503425176374845,0.13503425176712716,0.13503425177123238,0.13503425176712716,0.13503425176374845,0.13503425176257156,0.13503425176486308,0.13503425176712716,0.13503425176486308,0.13503425176257156,0.13503425176114175,0.13503425176257156,0.13503425176374845,0.13503425176257156,0.13503425176114175
0.1653324879206183,0.16533248792061808,0.16533248792061786,0.16533248792061808,0.1653324879206183,0.16533248792061808,0.16533248792061786,0.1653324879206176,0.16533248792061786,0.16533248792061808,0.16533248792061786,0.1653324879206176,0.1653324879206174,0.1653324879206176,0.16533248792061786,0.16533248792061808,0.16533248792061786,0.1653324879206176,0.16533248792061786,0.16533248792061808,0.1653324879206183,0.16533248792061808,0.16533248792061786,0.16533248792061808,0.1653324879206183,0.16375749419913022,0.16375749419912977,0.16375749419912927,0.16375749419912977,0.16375749419913022,0.16375749419912977,0.16375749419912905,0.16375749419912883,0.16375749419912905,0.16375749419912977,0.16375749419912927,0.16375749419912883,0.16375749419912838,0.16375749419912883,0.16375749419912927,0.16375749419912977,0.16375749419912905,0.16375749419912883,0.16375749419912905,0.16375749419912977,0.16375749419913022,0.16375749419912977,0.16375749419912927,0.16375749419912977,0.16375749419913022,0.16221388440959006,0.16221388440958823,0.16221388440958734,0.16221388440958823,0.16221388440959006,0.16221388440958823,0.16221388440958642,0.16221388440958528,0.16221388440958642,0.16221388440958823,0.16221388440958734,0.16221388440958528,0.16221388440958415,0.16221388440958528,0.16221388440958734,0.16221388440958823,0.16221388440958642,0.16221388440958528,0.16221388440958642,0.16221388440958823,0.16221388440959006,0.16221388440958823,0.16221388440958734,0.16221388440958823,0.16221388440959006,0.1607010675090401,0.160701067509035,0.1607010675090319,0.160701067509035,0.1607010675090401,0.160701067509035,0.16070106750902946,0.16070106750902588,0.16070106750902946,0.160701067509035,0.1607010675090319,0.16070106750902588,0.16070106750902188,0.16070106750902588,0.1607010675090319,0.160701067509035,0.16070106750902946,0.16070106750902588,0.16070106750902946,0.160701067509035,0.1607010675090401,0.160701067509035,0.1607010675090319,0.160701067509035,0.1607010675090401,0.15921845187246553,0.15921845187245032,0.15921845187244052,0.15921845187245032,0.15921845187246553,0.15921845187245032,0.1592184518724329,0.15921845187242137,0.1592184518724329,0.15921845187245032,0.15921845187244052,0.15921845187242137,0.1592184518724083,0.15921845187242137,0.15921845187244052,0.15921845187245032,0.1592184518724329,0.15921845187242137,0.1592184518724329,0.15921845187245032,0.15921845187246553,0.15921845187245032,0.15921845187244052,0.15921845187245032,0.15921845187246553,0.15776544664465436,0.15776544664460976,0.15776544664458012,0.15776544664460976,0.15776544664465436,0.15776544664460976,0.157765446644556,0.15776544664451847,0.157765446644556,0.15776544664460976,0.15776544664458012,0.15776544664451847,0.1577654466444749,0.15776544664451847,0.15776544664458012,0.15776544664460976,0.157765446644556,0.15776544664451847,0.157765446644556,0.15776544664460976,0.15776544664465436,0.15776544664460976,0.15776544664458012,0.15776544664460976,0.15776544664465436,0.15634146295454593,0.15634146295441942,0.15634146295433118,0.15634146295441942,0.15634146295454593,0.15634146295441942,0.1563414629542559,0.1563414629541338,0.1563414629542559,0.15634146295441942,0.15634146295433118,0.1563414629541338,0.1563414629539784,0.1563414629541338,0.15634146295433118,0.15634146295441942,0.1563414629542559,0.1563414629541338,0.1563414629542559,0.15634146295441942,0.15634146295454593,0.15634146295441942,0.15634146295433118,0.15634146295441942,0.15634146295454593,0.1549459150023624,0.15494591500202015,0.15494591500176422,0.15494591500202015,0.1549459150023624,0.15494591500202015,0.15494591500153365,0.15494591500112564,0.15494591500153365,0.15494591500202015,0.15494591500176422,0.15494591500112564,0.15494591500052887,0.15494591500112564,0.15494591500176422,0.15494591500202015,0.15494591500153365,0.15494591500112564,0.15494591500153365,0.15494591500202015,0.1549459150023624,0.15494591500202015,0.15494591500176422,0.15494591500202015,0.1549459150023624,0.15357822102928256,0.15357822102842636,0.1535782210277164,0.15357822102842636,0.15357822102928256,0.15357822102842636,0.15357822102704216,0.15357822102565732,0.15357822102704216,0.15357822102842636,0.1535782210277164,0.15357822102565732,0.15357822102311186,0.15357822102565732,0.1535782210277164,0.15357822102842636,0.15357822102704216,0.15357822102565732,0.15357822102704216,0.15357822102842636,0.15357822102928256,0.15357822102842636,0.1535782210277164,0.15357822102842636,0.15357822102928256,0.15223780417888907,0.15223780417701807,0.15223780417522606,0.15223780417701807,0.15223780417888907,0.15223780417701807,0.15223780417344013,0.15223780416882388,0.15223780417344013,0.15223780417701807,0.15223780417522606,0.15223780416882388,0.15223780415655427,0.15223780416882388,0.15223780417522606,0.15223780417701807,0.15223780417344013,0.15223780416882388,0.15223780417344013,0.15223780417701807,0.15223780417888907,0.15223780417701807,0.15223780417522606,0.15223780417701807,0.15223780417888907,0.15092409325890355,0.15092409325574946,0.15092409325215286,0.15092409325574946,0.15092409325890355,0.15092409325574946,0.1509240932484523,0.15092409323511785,0.1509240932484523,0.15092409325574946,0.15092409325215286,0.15092409323511785,0.15092409316817212,0.15092409323511785,0.15092409325215286,0.15092409325574946,0.1509240932484523,0.15092409323511785,0.1509240932484523,0.15092409325574946,0.15092409325890355,0.15092409325574946,0.15092409325215286,0.15092409325574946,0.15092409325890355,0.14963652341030909,0.14963652340733308,0.14963652340407893,0.14963652340733308,0.14963652341030909,0.14963652340733308,0.14963652340074446,0.14963652338971595,0.14963652340074446,0.14963652340733308,0.14963652340407893,0.14963652338971595,0.14963652334151206,0.14963652338971595,0.14963652340407893,0.14963652340733308,0.14963652340074446,0.14963652338971595,0.14963652340074446,0.14963652340733308,0.14963652341030909,0.14963652340733308,0.14963652340407893,0.14963652340733308,0.14963652341030909,0.14837453668920791,0.14837453668735706,0.14837453668547151,0.14837453668735706,0.14837453668920791,0.14837453668735706,0.14837453668356684,0.14837453667786668,0.14837453668356684,0.14837453668735706,0.14837453668547151,0.14837453667786668,0.1483745366557105,0.14837453667786668,0.14837453668547151,0.14837453668735706,0.14837453668356684,0.14837453667786668,0.14837453668356684,0.14837453668735706,0.14837453668920791,0.14837453668735706,0.14837453668547151,0.14837453668735706,0.14837453668920791,0.14713758257617796,0.1471375825755954,0.14713758257510454,0.1471375825755954,0.14713758257617796,0.1471375825755954,0.1471375825746355,0.14713758257365328,0.1471375825746355,0.1471375825755954,0.14713758257510454,0.14713758257365328,0.1471375825718449,0.14713758257365328,0.14713758257510454,0.1471375825755954,0.1471375825746355,0.14713758257365328,0.1471375825746355,0.1471375825755954,0.14713758257617796,0.1471375825755954,0.14713758257510454,0.1471375825755954,0.14713758257617796,0.14592511841573783,0.14592511841613243,0.14592511841664418,0.14592511841613243,0.14592511841573783,0.14592511841613243,0.14592511841719066,0.14592511841926245,0.14592511841719066,0.14592511841613243,0.14592511841664418,0.14592511841926245,0.14592511842940267,0.14592511841926245,0.14592511841664418,0.14592511841613243,0.14592511841719066,0.14592511841926245,0.14592511841719066,0.14592511841613243,0.14592511841573783,0.14592511841613243,0.14592511841664418,0.14592511841613243,0.14592511841573783,0.14473660979068814,0.1447366097916738,0.14473660979276876,0.1447366097916738,0.14473660979068814,0.1447366097916738,0.14473660979389738,0.14473660979767064,0.14473660979389738,0.1447366097916738,0.14473660979276876,0.14473660979767064,0.14473660981439215,0.14473660979767064,0.14473660979276876,0.1447366097916738,0.14473660979389738,0.14473660979767064,0.14473660979389738,0.1447366097916738,0.14473660979068814,0.1447366097916738,0.14473660979276876,0.1447366097916738,0.14473660979068814,0.14357153083708596,0.1435715308382978,0.1435715308395926,0.1435715308382978,0.14357153083708596,0.1435715308382978,0.14357153084091206,0.14357153084518748,0.14357153084091206,0.1435715308382978,0.1435715308395926,0.14357153084518748,0.14357153086377375,0.14357153084518748,0.1435715308395926,0.1435715308382978,0.14357153084091206,0.14357153084518748,0.14357153084091206,0.1435715308382978,0.14357153083708596,0.1435715308382978,0.1435715308395926,0.1435715308382978,0.14357153083708596,0.14242936450558777,0.14242936450674676,0.14242936450792656,0.14242936450674676,0.14242936450558777,0.14242936450674676,0.1424293645091131,0.14242936451273366,0.1424293645091131,0.14242936450674676,0.14242936450792656,0.14242936451273366,0.14242936452741414,0.14242936451273366,0.14242936450792656,0.14242936450674676,0.1424293645091131,0.14242936451273366,0.1424293645091131,0.14242936450674676,0.14242936450558777,0.14242936450674676,0.14242936450792656,0.14242936450674676,0.14242936450558777,0.1413096027741584,0.14130960277519372,0.14130960277619434,0.14130960277519372,0.1413096027741584,0.14130960277519372,0.1413096027771841,0.14130960278003032,0.1413096027771841,0.14130960277519372,0.14130960277619434,0.14130960278003032,0.141309602790839,0.14130960278003032,0.14130960277619434,0.14130960277519372,0.1413096027771841,0.14130960278003032,0.1413096027771841,0.14130960277519372,0.1413096027741584,0.14130960277519372,0.14130960277619434,0.14130960277519372,0.1413096027741584,0.14021174681655868,0.14021174681758813,0.1402117468185334,0.14021174681758813,0.14021174681655868,0.14021174681758813,0.14021174681945126,0.1402117468219784,0.14021174681945126,0.14021174681758813,0.1402117468185334,0.1402117468219784,0.14021174683169746,0.1402117468219784,0.1402117468185334,0.14021174681758813,0.14021174681945126,0.1402117468219784,0.14021174681945126,0.14021174681758813,0.14021174681655868,0.14021174681758813,0.1402117468185334,0.14021174681758813,0.14021174681655868,0.13913530713108674,0.1391353071323997,0.1391353071335218,0.1391353071323997,0.13913530713108674,0.1391353071323997,0.13913530713460107,0.13913530713692374,0.13913530713460107,0.1391353071323997,0.1391353071335218,0.13913530713692374,0.13913530714165792,0.13913530713692374,0.1391353071335218,0.1391353071323997,0.13913530713460107,0.13913530713692374,0.13913530713460107,0.1391353071323997,0.13913530713108674,0.1391353071323997,0.1391353071335218,0.1391353071323997,0.13913530713108674,0.1380798036334268,0.13807980363566297,0.1380798036378452,0.13807980363566297,0.1380798036334268,0.13807980363566297,0.13807980364003405,0.13807980364582223,0.13807980364003405,0.13807980363566297,0.1380798036378452,0.13807980364582223,0.13807980366164777,0.13807980364582223,0.1380798036378452,0.13807980363566297,0.13807980364003405,0.13807980364582223,0.13807980364003405,0.13807980363566297,0.1380798036334268,0.13807980363566297,0.1380798036378452,0.13807980363566297,0.1380798036334268,0.13704476571676388,0.13704476572009644,0.1370447657240802,0.13704476572009644,0.13704476571676388,0.13704476572009644,0.13704476572819713,0.1370447657442693,0.13704476572819713,0.13704476572009644,0.1370447657240802,0.1370447657442693,0.13704476583283032,0.1370447657442693,0.1370447657240802,0.13704476572009644,0.13704476572819713,0.1370447657442693,0.13704476572819713,0.13704476572009644,0.13704476571676388,0.13704476572009644,0.1370447657240802,0.13704476572009644,0.13704476571676388,0.13602973228448614,0.13602973228677687,0.13602973228900617,0.13602973228677687,0.13602973228448614,0.13602973228677687,0.13602973229123663,0.136029732297166,0.13602973229123663,0.13602973228677687,0.13602973228900617,0.136029732297166,0.1360297323135541,0.136029732297166,0.13602973228900617,0.13602973228677687,0.13602973229123663,0.136029732297166,0.13602973229123663,0.13602973228677687,0.13602973228448614,0.13602973228677687,0.13602973228900617,0.13602973228677687,0.13602973228448614,0.1350342517606248,0.13503425176205194,0.13503425176322667,0.13503425176205194,0.1350342517606248,0.13503425176205194,0.1350342517643391,0.13503425176659895,0.1350342517643391,0.13503425176205194,0.13503425176322667,0.13503425176659895,0.1350342517706967,0.13503425176659895,0.13503425176322667,0.13503425176205194,0.1350342517643391,0.13503425176659895,0.1350342517643391,0.13503425176205194,0.1350342517606248,0.13503425176205194,0.13503425176322667,0.13503425176205194,0.1350342517606248
0.1653324879209966,0.16533248792099636,0.16533248792099614,0.16533248792099636,0.1653324879209966,0.16533248792099636,0.16533248792099614,0.1653324879209959,0.16533248792099614,0.16533248792099636,0.16533248792099614,0.1653324879209959,0.1653324879209959,0.1653324879209959,0.16533248792099614,0.16533248792099636,0.16533248792099614,0.1653324879209959,0.16533248792099614,0.16533248792099636,0.1653324879209966,0.16533248792099636,0.16533248792099614,0.16533248792099636,0.1653324879209966,0.16375749419950097,0.1637574941995005,0.16375749419950006,0.1637574941995005,0.16375749419950097,0.1637574941995005,0.1637574941994998,0.1637574941994996,0.1637574941994998,0.1637574941995005,0.16375749419950006,0.1637574941994996,0.16375749419949912,0.1637574941994996,0.16375749419950006,0.1637574941995005,0.1637574941994998,0.1637574941994996,0.1637574941994998,0.1637574941995005,0.16375749419950097,0.1637574941995005,0.16375749419950006,0.1637574941995005,0.16375749419950097,0.16221388440995343,0.1622138844099516,0.16221388440995071,0.1622138844099516,0.16221388440995343,0.1622138844099516,0.1622138844099498,0.16221388440994863,0.1622138844099498,0.1622138844099516,0.16221388440995071,0.16221388440994863,0.16221388440994752,0.16221388440994863,0.16221388440995071,0.1622138844099516,0.1622138844099498,0.16221388440994863,0.1622138844099498,0.1622138844099516,0.16221388440995343,0.1622138844099516,0.16221388440995071,0.1622138844099516,0.16221388440995343,0.160701067509396,0.1607010675093909,0.16070106750938778,0.1607010675093909,0.160701067509396,0.1607010675093909,0.16070106750938534,0.1607010675093818,0.16070106750938534,0.1607010675093909,0.16070106750938778,0.1607010675093818,0.1607010675093778,0.1607010675093818,0.16070106750938778,0.1607010675093909,0.16070106750938534,0.1607010675093818,0.16070106750938534,0.1607010675093909,0.160701067509396,0.1607010675093909,0.16070106750938778,0.1607010675093909,0.160701067509396,0.15921845187281433,0.1592184518727991,0.1592184518727893,0.1592184518727991,0.15921845187281433,0.1592184518727991,0.1592184518727817,0.15921845187276992,0.1592184518727817,0.1592184518727991,0.1592184518727893,0.15921845187276992,0.1592184518727571,0.15921845187276992,0.1592184518727893,0.1592184518727991,0.1592184518727817,0.15921845187276992,0.1592184518727817,0.1592184518727991,0.15921845187281433,0.1592184518727991,0.1592184518727893,0.1592184518727991,0.15921845187281433,0.15776544664499553,0.15776544664495115,0.15776544664492148,0.15776544664495115,0.15776544664499553,0.15776544664495115,0.1577654466448974,0.15776544664486028,0.1577654466448974,0.15776544664495115,0.15776544664492148,0.15776544664486028,0.15776544664481673,0.15776544664486028,0.15776544664492148,0.15776544664495115,0.1577654466448974,0.15776544664486028,0.1577654466448974,0.15776544664495115,0.15776544664499553,0.15776544664495115,0.15776544664492148,0.15776544664495115,0.15776544664499553,0.15634146295487988,0.15634146295475357,0.15634146295466553,0.15634146295475357,0.15634146295487988,0.15634146295475357,0.15634146295459048,0.15634146295446877,0.15634146295459048,0.15634146295475357,0.15634146295466553,0.15634146295446877,0.15634146295431384,0.15634146295446877,0.15634146295466553,0.15634146295475357,0.15634146295459048,0.15634146295446877,0.15634146295459048,0.15634146295475357,0.15634146295487988,0.15634146295475357,0.15634146295466553,0.15634146295475357,0.15634146295487988,0.15494591500268803,0.15494591500234683,0.1549459150020917,0.15494591500234683,0.15494591500268803,0.15494591500234683,0.15494591500186178,0.15494591500145496,0.15494591500186178,0.15494591500234683,0.1549459150020917,0.15494591500145496,0.15494591500085964,0.15494591500145496,0.1549459150020917,0.15494591500234683,0.15494591500186178,0.15494591500145496,0.15494591500186178,0.15494591500234683,0.15494591500268803,0.15494591500234683,0.1549459150020917,0.15494591500234683,0.15494591500268803,0.15357822102959806,0.1535782210287443,0.1535782210280363,0.1535782210287443,0.15357822102959806,0.1535782210287443,0.1535782210273641,0.1535782210259835,0.1535782210273641,0.1535782210287443,0.1535782210280363,0.1535782210259835,0.15357822102344484,0.1535782210259835,0.1535782210280363,0.1535782210287443,0.1535782210273641,0.1535782210259835,0.1535782210273641,0.1535782210287443,0.15357822102959806,0.1535782210287443,0.1535782210280363,0.1535782210287443,0.15357822102959806,0.15223780417918903,0.1522378041773238,0.15223780417553706,0.1522378041773238,0.15223780417918903,0.1522378041773238,0.15223780417375646,0.15223780416915336,0.15223780417375646,0.1522378041773238,0.15223780417553706,0.15223780416915336,0.15223780415691784,0.15223780416915336,0.15223780417553706,0.1522378041773238,0.15223780417375646,0.15223780416915336,0.15223780417375646,0.1522378041773238,0.15223780417918903,0.1522378041773238,0.15223780417553706,0.1522378041773238,0.15223780417918903,0.15092409325917613,0.15092409325603232,0.15092409325244688,0.15092409325603232,0.15092409325917613,0.15092409325603232,0.1509240932487577,0.15092409323546202,0.1509240932487577,0.15092409325603232,0.15092409325244688,0.15092409323546202,0.1509240931687038,0.15092409323546202,0.15092409325244688,0.15092409325603232,0.1509240932487577,0.15092409323546202,0.1509240932487577,0.15092409325603232,0.15092409325917613,0.15092409325603232,0.15092409325244688,0.15092409325603232,0.15092409325917613,0.14963652341053277,0.14963652340756847,0.14963652340432704,0.14963652340756847,0.14963652341053277,0.14963652340756847,0.14963652340100558,0.14963652339001907,0.14963652340100558,0.14963652340756847,0.14963652340432704,0.14963652339001907,0.1496365233420069,0.14963652339001907,0.14963652340432704,0.14963652340756847,0.14963652340100558,0.14963652339001907,0.14963652340100558,0.14963652340756847,0.14963652341053277,0.14963652340756847,0.14963652340432704,0.14963652340756847,0.14963652341053277,0.14837453668935804,0.14837453668751716,0.14837453668564238,0.14837453668751716,0.14837453668935804,0.14837453668751716,0.14837453668374884,0.14837453667808517,0.14837453668374884,0.14837453668751716,0.14837453668564238,0.14837453667808517,0.14837453665604944,0.14837453667808517,0.14837453668564238,0.14837453668751716,0.14837453668374884,0.14837453667808517,0.14837453668374884,0.14837453668751716,0.14837453668935804,0.14837453668751716,0.14837453668564238,0.14837453668751716,0.14837453668935804,0.1471375825762332,0.1471375825756555,0.14713758257517032,0.1471375825756555,0.1471375825762332,0.1471375825756555,0.14713758257470672,0.14713758257374213,0.14713758257470672,0.1471375825756555,0.14713758257517032,0.14713758257374213,0.14713758257201254,0.14713758257374213,0.14713758257517032,0.1471375825756555,0.14713758257470672,0.14713758257374213,0.14713758257470672,0.1471375825756555,0.1471375825762332,0.1471375825756555,0.14713758257517032,0.1471375825756555,0.1471375825762332,0.14592511841568617,0.14592511841607972,0.1459251184165904,0.14592511841607972,0.14592511841568617,0.14592511841607972,0.14592511841713546,0.14592511841920153,0.14592511841713546,0.14592511841607972,0.1459251184165904,0.14592511841920153,0.14592511842930597,0.14592511841920153,0.1459251184165904,0.14592511841607972,0.14592511841713546,0.14592511841920153,0.14592511841713546,0.14592511841607972,0.14592511841568617,0.14592511841607972,0.1459251184165904,0.14592511841607972,0.14592511841568617,0.14473660979053016,0.1447366097915099,0.1447366097925984,0.1447366097915099,0.14473660979053016,0.1447366097915099,0.14473660979372038,0.1447366097974727,0.14473660979372038,0.1447366097915099,0.1447366097925984,0.1447366097974727,0.14473660981412215,0.1447366097974727,0.1447366097925984,0.1447366097915099,0.14473660979372038,0.1447366097974727,0.14473660979372038,0.1447366097915099,0.14473660979053016,0.1447366097915099,0.1447366097925984,0.1447366097915099,0.14473660979053016,0.14357153083683272,0.14357153083803498,0.14357153083931898,0.14357153083803498,0.14357153083683272,0.14357153083803498,0.14357153084062782,0.1435715308448663,0.14357153084062782,0.14357153083803498,0.14357153083931898,0.1435715308448663,0.14357153086328747,0.1435715308448663,0.14357153083931898,0.14357153083803498,0.14357153084062782,0.1435715308448663,0.14357153084062782,0.14357153083803498,0.14357153083683272,0.14357153083803498,0.14357153083931898,0.14357153083803498,0.14357153083683272,0.14242936450525764,0.14242936450640692,0.1424293645075758,0.14242936450640692,0.14242936450525764,0.14242936450640692,0.1424293645087514,0.1424293645123356,0.1424293645087514,0.14242936450640692,0.1424293645075758,0.1424293645123356,0.14242936452681595,0.1424293645123356,0.1424293645075758,0.14242936450640692,0.1424293645087514,0.1424293645123356,0.1424293645087514,0.14242936450640692,0.14242936450525764,0.14242936450640692,0.1424293645075758,0.14242936450640692,0.14242936450525764,0.1413096027737706,0.1413096027747985,0.14130960277579205,0.1413096027747985,0.1413096027737706,0.1413096027747985,0.14130960277677457,0.14130960277960025,0.14130960277677457,0.1413096027747985,0.14130960277579205,0.14130960277960025,0.1413096027903251,0.14130960277960025,0.14130960277579205,0.1413096027747985,0.14130960277677457,0.14130960277960025,0.14130960277677457,0.1413096027747985,0.1413096027737706,0.1413096027747985,0.14130960277579205,0.1413096027747985,0.1413096027737706,0.1402117468161275,0.1402117468171518,0.1402117468180922,0.1402117468171518,0.1402117468161275,0.1402117468171518,0.1402117468190054,0.14021174682151916,0.1402117468190054,0.1402117468171518,0.1402117468180922,0.14021174682151916,0.1402117468311924,0.14021174682151916,0.1402117468180922,0.1402117468171518,0.1402117468190054,0.14021174682151916,0.1402117468190054,0.1402117468171518,0.1402117468161275,0.1402117468171518,0.1402117468180922,0.1402117468171518,0.1402117468161275,0.13913530713062186,0.13913530713193087,0.13913530713304967,0.13913530713193087,0.13913530713062186,0.13913530713193087,0.13913530713412578,0.13913530713644134,0.13913530713412578,0.13913530713193087,0.13913530713304967,0.13913530713644134,0.13913530714116049,0.13913530713644134,0.13913530713304967,0.13913530713193087,0.13913530713412578,0.13913530713644134,0.13913530713412578,0.13913530713193087,0.13913530713062186,0.13913530713193087,0.13913530713304967,0.13913530713193087,0.13913530713062186,0.13807980363293595,0.13807980363516745,0.13807980363734518,0.13807980363516745,0.13807980363293595,0.13807980363516745,0.13807980363952954,0.13807980364530623,0.13807980363952954,0.13807980363516745,0.13807980363734518,0.13807980364530623,0.1380798036611014,0.13807980364530623,0.13807980363734518,0.13807980363516745,0.13807980363952954,0.13807980364530623,0.13807980363952954,0.13807980363516745,0.13807980363293595,0.13807980363516745,0.13807980363734518,0.13807980363516745,0.13807980363293595,0.13704476571625634,0.13704476571958255,0.1370447657235587,0.13704476571958255,0.13704476571625634,0.13704476571958255,0.13704476572766805,0.13704476574371038,0.13704476572766805,0.13704476571958255,0.1370447657235587,0.13704476574371038,0.13704476583210856,0.13704476574371038,0.1370447657235587,0.13704476571958255,0.13704476572766805,0.13704476574371038,0.13704476572766805,0.13704476571958255,0.13704476571625634,0.13704476571958255,0.1370447657235587,0.13704476571958255,0.13704476571625634,0.13602973228397439,0.1360297322862608,0.13602973228848592,0.1360297322862608,0.13602973228397439,0.1360297322862608,0.13602973229071239,0.1360297322966307,0.13602973229071239,0.1360297322862608,0.13602973228848592,0.1360297322966307,0.1360297323129887,0.1360297322966307,0.13602973228848592,0.1360297322862608,0.13602973229071239,0.1360297322966307,0.13602973229071239,0.1360297322862608,0.13602973228397439,0.1360297322862608,0.13602973228848592,0.1360297322862608,0.13602973228397439,0.1350342517601175,0.13503425176154202,0.13503425176271455,0.13503425176154202,0.1350342517601175,0.13503425176154202,0.13503425176382494,0.13503425176608067,0.13503425176382494,0.13503425176154202,0.13503425176271455,0.13503425176608067,0.13503425177017073,0.13503425176608067,0.13503425176271455,0.13503425176154202,0.13503425176382494,0.13503425176608067,0.13503425176382494,0.13503425176154202,0.1350342517601175,0.13503425176154202,0.13503425176271455,0.13503425176154202,0.1350342517601175
0.1653324879213683,0.16533248792136804,0.16533248792136804,0.16533248792136804,0.1653324879213683,0.16533248792136804,0.16533248792136782,0.16533248792136782,0.16533248792136782,0.16533248792136804,0.16533248792136804,0.16533248792136782,0.16533248792136757,0.16533248792136782,0.16533248792136804,0.16533248792136804,0.16533248792136782,0.16533248792136782,0.16533248792136782,0.16533248792136804,0.1653324879213683,0.16533248792136804,0.16533248792136804,0.16533248792136804,0.1653324879213683,0.1637574941998655,0.1637574941998648,0.16375749419986455,0.1637574941998648,0.1637574941998655,0.1637574941998648,0.16375749419986432,0.16375749419986385,0.16375749419986432,0.1637574941998648,0.16375749419986455,0.16375749419986385,0.16375749419986366,0.16375749419986385,0.16375749419986455,0.1637574941998648,0.16375749419986432,0.16375749419986385,0.16375749419986432,0.1637574941998648,0.1637574941998655,0.1637574941998648,0.16375749419986455,0.1637574941998648,0.1637574941998655,0.16221388441031018,0.16221388441030862,0.16221388441030749,0.16221388441030862,0.16221388441031018,0.16221388441030862,0.16221388441030682,0.16221388441030568,0.16221388441030682,0.16221388441030862,0.16221388441030749,0.16221388441030568,0.16221388441030454,0.16221388441030568,0.16221388441030749,0.16221388441030862,0.16221388441030682,0.16221388441030568,0.16221388441030682,0.16221388441030862,0.16221388441031018,0.16221388441030862,0.16221388441030749,0.16221388441030862,0.16221388441031018,0.16070106750974567,0.1607010675097408,0.16070106750973742,0.1607010675097408,0.16070106750974567,0.1607010675097408,0.160701067509735,0.16070106750973145,0.160701067509735,0.1607010675097408,0.16070106750973742,0.16070106750973145,0.16070106750972768,0.16070106750973145,0.16070106750973742,0.1607010675097408,0.160701067509735,0.16070106750973145,0.160701067509735,0.1607010675097408,0.16070106750974567,0.1607010675097408,0.16070106750973742,0.1607010675097408,0.16070106750974567,0.1592184518731568,0.15921845187314157,0.15921845187313177,0.15921845187314157,0.1592184518731568,0.15921845187314157,0.15921845187312414,0.15921845187311262,0.15921845187312414,0.15921845187314157,0.15921845187313177,0.15921845187311262,0.15921845187309977,0.15921845187311262,0.15921845187313177,0.15921845187314157,0.15921845187312414,0.15921845187311262,0.15921845187312414,0.15921845187314157,0.1592184518731568,0.15921845187314157,0.15921845187313177,0.15921845187314157,0.1592184518731568,0.15776544664533096,0.15776544664528658,0.15776544664525693,0.15776544664528658,0.15776544664533096,0.15776544664528658,0.15776544664523304,0.15776544664519587,0.15776544664523304,0.15776544664528658,0.15776544664525693,0.15776544664519587,0.15776544664515238,0.15776544664519587,0.15776544664525693,0.15776544664528658,0.15776544664523304,0.15776544664519587,0.15776544664523304,0.15776544664528658,0.15776544664533096,0.15776544664528658,0.15776544664525693,0.15776544664528658,0.15776544664533096,0.15634146295520754,0.15634146295508186,0.15634146295499404,0.15634146295508186,0.15634146295520754,0.15634146295508186,0.15634146295491919,0.15634146295479767,0.15634146295491919,0.15634146295508186,0.15634146295499404,0.15634146295479767,0.15634146295464335,0.15634146295479767,0.15634146295499404,0.15634146295508186,0.15634146295491919,0.15634146295479767,0.15634146295491919,0.15634146295508186,0.15634146295520754,0.15634146295508186,0.15634146295499404,0.15634146295508186,0.15634146295520754,0.15494591500300794,0.15494591500266755,0.15494591500241323,0.15494591500266755,0.15494591500300794,0.15494591500266755,0.1549459150021839,0.15494591500177834,0.1549459150021839,0.15494591500266755,0.15494591500241323,0.15494591500177834,0.15494591500118468,0.15494591500177834,0.15494591500241323,0.15494591500266755,0.1549459150021839,0.15494591500177834,0.1549459150021839,0.15494591500266755,0.15494591500300794,0.15494591500266755,0.15494591500241323,0.15494591500266755,0.15494591500300794,0.15357822102990779,0.1535782210290566,0.15357822102835064,0.1535782210290566,0.15357822102990779,0.1535782210290566,0.15357822102768043,0.15357822102630364,0.15357822102768043,0.1535782210290566,0.15357822102835064,0.15357822102630364,0.15357822102377203,0.15357822102630364,0.15357822102835064,0.1535782210290566,0.15357822102768043,0.15357822102630364,0.15357822102768043,0.1535782210290566,0.15357822102990779,0.1535782210290566,0.15357822102835064,0.1535782210290566,0.15357822102990779,0.15223780417948352,0.15223780417762398,0.15223780417584257,0.15223780417762398,0.15223780417948352,0.15223780417762398,0.15223780417406707,0.15223780416947696,0.15223780417406707,0.15223780417762398,0.15223780417584257,0.15223780416947696,0.15223780415727473,0.15223780416947696,0.15223780417584257,0.15223780417762398,0.15223780417406707,0.15223780416947696,0.15223780417406707,0.15223780417762398,0.15223780417948352,0.15223780417762398,0.15223780417584257,0.15223780417762398,0.15223780417948352,0.15092409325944373,0.15092409325630993,0.15092409325273548,0.15092409325630993,0.15092409325944373,0.15092409325630993,0.15092409324905748,0.15092409323580003,0.15092409324905748,0.15092409325630993,0.15092409325273548,0.15092409323580003,0.15092409316919592,0.15092409323580003,0.15092409325273548,0.15092409325630993,0.15092409324905748,0.15092409323580003,0.15092409324905748,0.15092409325630993,0.15092409325944373,0.15092409325630993,0.15092409325273548,0.15092409325630993,0.15092409325944373,0.14963652341075226,0.14963652340779957,0.14963652340457056,0.14963652340779957,0.14963652341075226,0.14963652340779957,0.1496365234012616,0.14963652339031627,0.1496365234012616,0.14963652340779957,0.14963652340457056,0.14963652339031627,0.14963652334245178,0.14963652339031627,0.14963652340457056,0.14963652340779957,0.1496365234012616,0.14963652339031627,0.1496365234012616,0.14963652340779957,0.14963652341075226,0.14963652340779957,0.14963652340457056,0.14963652340779957,0.14963652341075226,0.1483745366895054,0.14837453668767417,0.1483745366858099,0.14837453668767417,0.1483745366895054,0.14837453668767417,0.14837453668392714,0.14837453667829942,0.14837453668392714,0.14837453668767417,0.1483745366858099,0.14837453667829942,0.1483745366564581,0.14837453667829942,0.1483745366858099,0.14837453668767417,0.14837453668392714,0.14837453667829942,0.14837453668392714,0.14837453668767417,0.1483745366895054,0.14837453668767417,0.1483745366858099,0.14837453668767417,0.1483745366895054,0.14713758257628715,0.14713758257571455,0.14713758257523443,0.14713758257571455,0.14713758257628715,0.14713758257571455,0.1471375825747763,0.1471375825738293,0.1471375825747763,0.14713758257571455,0.14713758257523443,0.1471375825738293,0.1471375825721993,0.1471375825738293,0.14713758257523443,0.14713758257571455,0.1471375825747763,0.1471375825738293,0.1471375825747763,0.14713758257571455,0.14713758257628715,0.14713758257571455,0.14713758257523443,0.14713758257571455,0.14713758257628715,0.14592511841563544,0.14592511841602807,0.14592511841653735,0.14592511841602807,0.14592511841563544,0.14592511841602807,0.14592511841708114,0.14592511841914188,0.14592511841708114,0.14592511841602807,0.14592511841653735,0.14592511841914188,0.14592511842920536,0.14592511841914188,0.14592511841653735,0.14592511841602807,0.14592511841708114,0.14592511841914188,0.14592511841708114,0.14592511841602807,0.14592511841563544,0.14592511841602807,0.14592511841653735,0.14592511841602807,0.14592511841563544,0.14473660979037498,0.14473660979134878,0.14473660979243083,0.14473660979134878,0.14473660979037498,0.14473660979134878,0.14473660979354655,0.1447366097972784,0.14473660979354655,0.14473660979134878,0.14473660979243083,0.1447366097972784,0.14473660981385228,0.1447366097972784,0.14473660979243083,0.14473660979134878,0.14473660979354655,0.1447366097972784,0.14473660979354655,0.14473660979134878,0.14473660979037498,0.14473660979134878,0.14473660979243083,0.14473660979134878,0.14473660979037498,0.14357153083658375,0.14357153083777657,0.14357153083905033,0.14357153083777657,0.14357153083658375,0.14357153083777657,0.14357153084034824,0.14357153084455057,0.14357153084034824,0.14357153083777657,0.14357153083905033,0.14357153084455057,0.14357153086280902,0.14357153084455057,0.14357153083905033,0.14357153083777657,0.14357153084034824,0.14357153084455057,0.14357153084034824,0.14357153083777657,0.14357153083658375,0.14357153083777657,0.14357153083905033,0.14357153083777657,0.14357153083658375,0.14242936450493318,0.1424293645060726,0.14242936450723107,0.1424293645060726,0.14242936450493318,0.1424293645060726,0.14242936450839594,0.1424293645119442,0.14242936450839594,0.1424293645060726,0.14242936450723107,0.1424293645119442,0.14242936452628888,0.1424293645119442,0.14242936450723107,0.1424293645060726,0.14242936450839594,0.1424293645119442,0.14242936450839594,0.1424293645060726,0.14242936450493318,0.1424293645060726,0.14242936450723107,0.1424293645060726,0.14242936450493318,0.14130960277338953,0.1413096027744102,0.1413096027753967,0.1413096027744102,0.14130960277338953,0.1413096027744102,0.14130960277637195,0.14130960277917773,0.14130960277637195,0.1413096027744102,0.1413096027753967,0.14130960277917773,0.14130960278983792,0.14130960277917773,0.1413096027753967,0.1413096027744102,0.14130960277637195,0.14130960277917773,0.14130960277637195,0.1413096027744102,0.14130960277338953,0.1413096027744102,0.1413096027753967,0.1413096027744102,0.14130960277338953,0.14021174681570375,0.14021174681672285,0.1402117468176586,0.14021174681672285,0.14021174681570375,0.14021174681672285,0.1402117468185671,0.14021174682106796,0.1402117468185671,0.14021174681672285,0.1402117468176586,0.14021174682106796,0.14021174683067947,0.14021174682106796,0.1402117468176586,0.14021174681672285,0.1402117468185671,0.14021174682106796,0.1402117468185671,0.14021174681672285,0.14021174681570375,0.14021174681672285,0.1402117468176586,0.14021174681672285,0.14021174681570375,0.13913530713016525,0.1391353071314703,0.13913530713258562,0.1391353071314703,0.13913530713016525,0.1391353071314703,0.13913530713365857,0.1391353071359673,0.13913530713365857,0.1391353071314703,0.13913530713258562,0.1391353071359673,0.1391353071406718,0.1391353071359673,0.13913530713258562,0.1391353071314703,0.13913530713365857,0.1391353071359673,0.13913530713365857,0.1391353071314703,0.13913530713016525,0.1391353071314703,0.13913530713258562,0.1391353071314703,0.13913530713016525,0.1380798036324536,0.1380798036346805,0.13807980363685385,0.1380798036346805,0.1380798036324536,0.1380798036346805,0.13807980363903388,0.13807980364479924,0.13807980363903388,0.1380798036346805,0.13807980363685385,0.13807980364479924,0.1380798036605648,0.13807980364479924,0.13807980363685385,0.1380798036346805,0.13807980363903388,0.13807980364479924,0.13807980363903388,0.1380798036346805,0.1380798036324536,0.1380798036346805,0.13807980363685385,0.1380798036346805,0.1380798036324536,0.1370447657157575,0.13704476571907745,0.13704476572304647,0.13704476571907745,0.1370447657157575,0.13704476571907745,0.13704476572714808,0.1370447657431615,0.13704476572714808,0.13704476571907745,0.13704476572304647,0.1370447657431615,0.137044765831394,0.13704476574316138,0.13704476572304647,0.13704476571907745,0.13704476572714808,0.13704476574316138,0.13704476572714808,0.13704476571907745,0.1370447657157575,0.13704476571907745,0.13704476572304647,0.13704476571907745,0.1370447657157575,0.13602973228347162,0.13602973228575388,0.13602973228797494,0.13602973228575388,0.13602973228347162,0.13602973228575388,0.13602973229019721,0.1360297322961048,0.13602973229019721,0.13602973228575388,0.13602973228797494,0.1360297322961048,0.1360297323124333,0.1360297322961048,0.13602973228797494,0.13602973228575388,0.13602973229019721,0.1360297322961048,0.13602973229019721,0.13602973228575388,0.13602973228347162,0.13602973228575388,0.13602973228797494,0.13602973228575388,0.13602973228347162,0.1350342517596191,0.13503425176104097,0.13503425176221134,0.13503425176104097,0.1350342517596191,0.13503425176104097,0.13503425176331968,0.13503425176557132,0.13503425176331968,0.13503425176104097,0.13503425176221134,0.13503425176557132,0.13503425176965403,0.13503425176557132,0.13503425176221134,0.13503425176104097,0.13503425176331968,0.13503425176557132,0.13503425176331968,0.13503425176104097,0.1350342517596191,0.13503425176104097,0.13503425176221134,0.13503425176104097,0.1350342517596191
0.1653324879217336,0.16533248792173336,0.16533248792173336,0.16533248792173336,0.1653324879217336,0.16533248792173336,0.1653324879217331,0.1653324879217331,0.1653324879217331,0.16533248792173336,0.16533248792173336,0.1653324879217331,0.16533248792173288,0.1653324879217331,0.16533248792173336,0.16533248792173336,0.1653324879217331,0.1653324879217331,0.1653324879217331,0.16533248792173336,0.1653324879217336,0.16533248792173336,0.16533248792173336,0.16533248792173336,0.1653324879217336,0.1637574942002233,0.16375749420022281,0.16375749420022237,0.16375749420022281,0.1637574942002233,0.16375749420022281,0.16375749420022215,0.1637574942002219,0.16375749420022215,0.16375749420022281,0.16375749420022237,0.1637574942002219,0.16375749420022143,0.1637574942002219,0.16375749420022237,0.16375749420022281,0.16375749420022215,0.1637574942002219,0.16375749420022215,0.16375749420022281,0.1637574942002233,0.16375749420022281,0.16375749420022237,0.16375749420022281,0.1637574942002233,0.16221388441066112,0.1622138844106593,0.1622138844106584,0.1622138844106593,0.16221388441066112,0.1622138844106593,0.16221388441065746,0.16221388441065634,0.16221388441065746,0.1622138844106593,0.1622138844106584,0.16221388441065634,0.1622138844106552,0.16221388441065634,0.1622138844106584,0.1622138844106593,0.16221388441065746,0.16221388441065634,0.16221388441065746,0.1622138844106593,0.16221388441066112,0.1622138844106593,0.1622138844106584,0.1622138844106593,0.16221388441066112,0.16070106751008933,0.16070106751008426,0.16070106751008112,0.16070106751008426,0.16070106751008933,0.16070106751008426,0.1607010675100787,0.16070106751007512,0.1607010675100787,0.16070106751008426,0.16070106751008112,0.16070106751007512,0.16070106751007113,0.16070106751007512,0.16070106751008112,0.16070106751008426,0.1607010675100787,0.16070106751007512,0.1607010675100787,0.16070106751008426,0.16070106751008933,0.16070106751008426,0.16070106751008112,0.16070106751008426,0.16070106751008933,0.15921845187349318,0.15921845187347813,0.15921845187346836,0.15921845187347813,0.15921845187349318,0.15921845187347813,0.15921845187346073,0.1592184518734492,0.15921845187346073,0.15921845187347813,0.15921845187346836,0.1592184518734492,0.15921845187343633,0.1592184518734492,0.15921845187346836,0.15921845187347813,0.15921845187346073,0.1592184518734492,0.15921845187346073,0.15921845187347813,0.15921845187349318,0.15921845187347813,0.15921845187346836,0.15921845187347813,0.15921845187349318,0.15776544664566017,0.157765446645616,0.1577654466455866,0.157765446645616,0.15776544664566017,0.157765446645616,0.1577654466455627,0.15776544664552555,0.1577654466455627,0.157765446645616,0.1577654466455866,0.15776544664552555,0.15776544664548223,0.15776544664552555,0.1577654466455866,0.157765446645616,0.1577654466455627,0.15776544664552555,0.1577654466455627,0.157765446645616,0.15776544664566017,0.157765446645616,0.1577654466455866,0.157765446645616,0.15776544664566017,0.15634146295552978,0.1563414629554043,0.15634146295531692,0.1563414629554043,0.15634146295552978,0.1563414629554043,0.15634146295524204,0.15634146295512097,0.15634146295524204,0.1563414629554043,0.15634146295531692,0.15634146295512097,0.15634146295496706,0.15634146295512097,0.15634146295531692,0.1563414629554043,0.15634146295524204,0.15634146295512097,0.15634146295524204,0.1563414629554043,0.15634146295552978,0.1563414629554043,0.15634146295531692,0.1563414629554043,0.15634146295552978,0.1549459150033221,0.15494591500298271,0.15494591500272903,0.15494591500298271,0.1549459150033221,0.15494591500298271,0.15494591500250054,0.154945915002096,0.15494591500250054,0.15494591500298271,0.15494591500272903,0.154945915002096,0.15494591500150415,0.154945915002096,0.15494591500272903,0.15494591500298271,0.15494591500250054,0.154945915002096,0.15494591500250054,0.15494591500298271,0.1549459150033221,0.15494591500298271,0.15494591500272903,0.15494591500298271,0.1549459150033221,0.15357822103021224,0.1535782210293633,0.15357822102865953,0.1535782210293633,0.15357822103021224,0.1535782210293633,0.15357822102799115,0.15357822102661817,0.15357822102799115,0.1535782210293633,0.15357822102865953,0.15357822102661817,0.15357822102409358,0.15357822102661817,0.15357822102865953,0.1535782210293633,0.15357822102799115,0.15357822102661817,0.15357822102799115,0.1535782210293633,0.15357822103021224,0.1535782210293633,0.15357822102865953,0.1535782210293633,0.15357822103021224,0.15223780417977306,0.15223780417791902,0.15223780417614272,0.15223780417791902,0.15223780417977306,0.15223780417791902,0.15223780417437235,0.15223780416979507,0.15223780417437235,0.15223780417791902,0.15223780417614272,0.15223780416979507,0.15223780415762567,0.15223780416979507,0.15223780417614272,0.15223780417791902,0.15223780417437235,0.15223780416979507,0.15223780417437235,0.15223780417791902,0.15223780417977306,0.15223780417791902,0.15223780417614272,0.15223780417791902,0.15223780417977306,0.15092409325970665,0.1509240932565827,0.1509240932530191,0.1509240932565827,0.15092409325970665,0.1509240932565827,0.15092409324935224,0.15092409323613223,0.15092409324935224,0.1509240932565827,0.1509240932530191,0.15092409323613223,0.15092409316971528,0.15092409323613223,0.1509240932530191,0.1509240932565827,0.15092409324935224,0.15092409323613223,0.15092409324935224,0.1509240932565827,0.15092409325970665,0.1509240932565827,0.1509240932530191,0.1509240932565827,0.15092409325970665,0.14963652341096803,0.14963652340802644,0.14963652340480973,0.14963652340802644,0.14963652341096803,0.14963652340802644,0.14963652340151326,0.1496365233906084,0.14963652340151326,0.14963652340802644,0.14963652340480973,0.1496365233906084,0.14963652334293076,0.1496365233906084,0.14963652340480973,0.14963652340802644,0.14963652340151326,0.1496365233906084,0.14963652340151326,0.14963652340802644,0.14963652341096803,0.14963652340802644,0.14963652340480973,0.14963652340802644,0.14963652341096803,0.14837453668965012,0.14837453668782852,0.14837453668597447,0.14837453668782852,0.14837453668965012,0.14837453668782852,0.14837453668410247,0.14837453667850978,0.14837453668410247,0.14837453668782852,0.14837453668597447,0.14837453667850978,0.14837453665683747,0.14837453667850978,0.14837453668597447,0.14837453668782852,0.14837453668410247,0.14837453667850978,0.14837453668410247,0.14837453668782852,0.14837453668965012,0.14837453668782852,0.14837453668597447,0.14837453668782852,0.14837453668965012,0.14713758257634035,0.14713758257577247,0.14713758257529766,0.14713758257577247,0.14713758257634035,0.14713758257577247,0.14713758257484477,0.14713758257391488,0.14713758257484477,0.14713758257577247,0.14713758257529766,0.14713758257391488,0.14713758257233464,0.14713758257391488,0.14713758257529766,0.14713758257577247,0.14713758257484477,0.14713758257391488,0.14713758257484477,0.14713758257577247,0.14713758257634035,0.14713758257577247,0.14713758257529766,0.14713758257577247,0.14713758257634035,0.1459251184155856,0.14592511841597733,0.14592511841648534,0.14592511841597733,0.1459251184155856,0.14592511841597733,0.1459251184170279,0.14592511841908348,0.1459251184170279,0.14592511841597733,0.14592511841648534,0.14592511841908348,0.1459251184291174,0.14592511841908348,0.14592511841648534,0.14592511841597733,0.1459251184170279,0.14592511841908348,0.1459251184170279,0.14592511841597733,0.1459251184155856,0.14592511841597733,0.14592511841648534,0.14592511841597733,0.1459251184155856,0.1447366097902224,0.14473660979119046,0.14473660979226657,0.14473660979119046,0.1447366097902224,0.14473660979119046,0.14473660979337583,0.14473660979708763,0.14473660979337583,0.14473660979119046,0.14473660979226657,0.14473660979708763,0.14473660981358102,0.14473660979708763,0.14473660979226657,0.14473660979119046,0.14473660979337583,0.14473660979708763,0.14473660979337583,0.14473660979119046,0.1447366097902224,0.14473660979119046,0.14473660979226657,0.14473660979119046,0.1447366097902224,0.14357153083633922,0.14357153083752267,0.14357153083878615,0.14357153083752267,0.14357153083633922,0.14357153083752267,0.14357153084007362,0.14357153084424037,0.14357153084007362,0.14357153083752267,0.14357153083878615,0.14357153084424037,0.14357153086233265,0.14357153084424037,0.14357153083878615,0.14357153083752267,0.14357153084007362,0.14357153084424037,0.14357153084007362,0.14357153083752267,0.14357153083633922,0.14357153083752267,0.14357153083878615,0.14357153083752267,0.14357153083633922,0.14242936450461446,0.14242936450574428,0.14242936450689223,0.14242936450574428,0.14242936450461446,0.14242936450574428,0.1424293645080465,0.14242936451155958,0.1424293645080465,0.14242936450574428,0.14242936450689223,0.14242936451155958,0.14242936452573396,0.14242936451155958,0.14242936450689223,0.14242936450574428,0.1424293645080465,0.14242936451155958,0.1424293645080465,0.14242936450574428,0.14242936450461446,0.14242936450574428,0.14242936450689223,0.14242936450574428,0.14242936450461446,0.14130960277301505,0.14130960277402865,0.14130960277500804,0.14130960277402865,0.14130960277301505,0.14130960277402865,0.14130960277597643,0.1413096027787623,0.14130960277597643,0.14130960277402865,0.14130960277500804,0.1413096027787623,0.14130960278936247,0.1413096027787623,0.14130960277500804,0.14130960277402865,0.14130960277597643,0.1413096027787623,0.14130960277597643,0.14130960277402865,0.14130960277301505,0.14130960277402865,0.14130960277500804,0.14130960277402865,0.14130960277301505,0.14021174681528736,0.1402117468163015,0.14021174681723259,0.1402117468163015,0.14021174681528736,0.1402117468163015,0.1402117468181364,0.14021174682062454,0.1402117468181364,0.1402117468163015,0.14021174681723259,0.14021174682062454,0.14021174683018633,0.14021174682062454,0.14021174681723259,0.1402117468163015,0.1402117468181364,0.14021174682062454,0.1402117468181364,0.1402117468163015,0.14021174681528736,0.1402117468163015,0.14021174681723259,0.1402117468163015,0.14021174681528736,0.13913530712971633,0.13913530713101763,0.1391353071321298,0.13913530713101763,0.13913530712971633,0.13913530713101763,0.13913530713319971,0.1391353071355015,0.13913530713319971,0.13913530713101763,0.1391353071321298,0.1391353071355015,0.1391353071401916,0.1391353071355015,0.1391353071321298,0.13913530713101763,0.13913530713319971,0.1391353071355015,0.13913530713319971,0.13913530713101763,0.13913530712971633,0.13913530713101763,0.1391353071321298,0.13913530713101763,0.13913530712971633,0.1380798036319798,0.13807980363420203,0.13807980363637104,0.13807980363420203,0.1380798036319798,0.13807980363420203,0.13807980363854674,0.13807980364430125,0.13807980363854674,0.13807980363420203,0.13807980363637104,0.13807980364430125,0.13807980366003733,0.13807980364430125,0.13807980363637104,0.13807980363420203,0.13807980363854674,0.13807980364430125,0.13807980363854674,0.13807980363420203,0.1380798036319798,0.13807980363420203,0.13807980363637104,0.13807980363420203,0.1380798036319798,0.1370447657152675,0.13704476571858135,0.1370447657225431,0.13704476571858135,0.1370447657152675,0.13704476571858135,0.13704476572663735,0.1370447657426221,0.13704476572663735,0.13704476571858135,0.1370447657225431,0.1370447657426221,0.13704476583070008,0.1370447657426221,0.1370447657225431,0.13704476571858135,0.13704476572663735,0.1370447657426221,0.13704476572663735,0.13704476571858135,0.1370447657152675,0.13704476571858135,0.1370447657225431,0.13704476571858135,0.1370447657152675,0.13602973228297763,0.13602973228525567,0.13602973228747273,0.13602973228525567,0.13602973228297763,0.13602973228525567,0.13602973228969115,0.13602973229558815,0.13602973228969115,0.13602973228525567,0.13602973228747273,0.13602973229558815,0.13602973231188756,0.13602973229558815,0.13602973228747273,0.13602973228525567,0.13602973228969115,0.13602973229558815,0.13602973228969115,0.13602973228525567,0.13602973228297763,0.13602973228525567,0.13602973228747273,0.13602973228525567,0.13602973228297763,0.13503425175912936,0.1350342517605486,0.1350342517617169,0.1350342517605486,0.13503425175912936,0.1350342517605486,0.13503425176282335,0.13503425176507092,0.13503425176282335,0.1350342517605486,0.1350342517617169,0.13503425176507092,0.13503425176914627,0.13503425176507092,0.1350342517617169,0.1350342517605486,0.13503425176282335,0.13503425176507092,0.13503425176282335,0.1350342517605486,0.13503425175912936,0.1350342517605486,0.1350342517617169,0.1350342517605486,0.13503425175912936
0.16533248792209276,0.16533248792209254,0.16533248792209254,0.16533248792209254,0.16533248792209276,0.16533248792209254,0.1653324879220923,0.1653324879220923,0.1653324879220923,0.16533248792209254,0.16533248792209254,0.1653324879220923,0.16533248792209207,0.1653324879220923,0.16533248792209254,0.16533248792209254,0.1653324879220923,0.1653324879220923,0.1653324879220923,0.16533248792209254,0.16533248792209276,0.16533248792209254,0.16533248792209254,0.16533248792209254,0.16533248792209276,0.1637574942005753,0.16375749420057484,0.1637574942005744,0.16375749420057484,0.1637574942005753,0.16375749420057484,0.16375749420057414,0.1637574942005737,0.16375749420057414,0.16375749420057484,0.1637574942005744,0.1637574942005737,0.16375749420057345,0.16375749420057392,0.1637574942005744,0.16375749420057484,0.16375749420057414,0.16375749420057392,0.16375749420057414,0.16375749420057484,0.1637574942005753,0.16375749420057484,0.1637574942005744,0.16375749420057484,0.1637574942005753,0.1622138844110059,0.1622138844110043,0.16221388441100318,0.1622138844110043,0.1622138844110059,0.1622138844110043,0.1622138844110025,0.16221388441100135,0.1622138844110025,0.1622138844110043,0.16221388441100318,0.16221388441100135,0.162213884411,0.16221388441100135,0.16221388441100318,0.1622138844110043,0.1622138844110025,0.16221388441100135,0.1622138844110025,0.1622138844110043,0.1622138844110059,0.1622138844110043,0.16221388441100318,0.1622138844110043,0.1622138844110059,0.160701067510427,0.16070106751042215,0.1607010675104188,0.16070106751042215,0.160701067510427,0.16070106751042215,0.16070106751041657,0.16070106751041302,0.16070106751041657,0.16070106751042215,0.1607010675104188,0.16070106751041302,0.16070106751040905,0.16070106751041302,0.1607010675104188,0.16070106751042215,0.16070106751041657,0.16070106751041302,0.16070106751041657,0.16070106751042215,0.160701067510427,0.16070106751042215,0.1607010675104188,0.16070106751042215,0.160701067510427,0.1592184518738241,0.15921845187380887,0.15921845187379907,0.15921845187380887,0.1592184518738241,0.15921845187380887,0.15921845187379166,0.15921845187378014,0.15921845187379166,0.15921845187380887,0.15921845187379907,0.15921845187378014,0.1592184518737673,0.15921845187378014,0.15921845187379907,0.15921845187380887,0.15921845187379166,0.15921845187378014,0.15921845187379166,0.15921845187380887,0.1592184518738241,0.15921845187380887,0.15921845187379907,0.15921845187380887,0.1592184518738241,0.15776544664598405,0.1577654466459401,0.15776544664591066,0.1577654466459401,0.15776544664598405,0.1577654466459401,0.1577654466458868,0.15776544664584988,0.1577654466458868,0.1577654466459401,0.15776544664591066,0.15776544664584988,0.15776544664580658,0.15776544664584988,0.15776544664591066,0.1577654466459401,0.1577654466458868,0.15776544664584988,0.1577654466458868,0.1577654466459401,0.15776544664598405,0.1577654466459401,0.15776544664591066,0.1577654466459401,0.15776544664598405,0.15634146295584656,0.15634146295572152,0.15634146295563414,0.15634146295572152,0.15634146295584656,0.15634146295572152,0.15634146295555967,0.15634146295543883,0.15634146295555967,0.15634146295572152,0.15634146295563414,0.15634146295543883,0.15634146295528534,0.15634146295543883,0.15634146295563414,0.15634146295572152,0.15634146295555967,0.15634146295543883,0.15634146295555967,0.15634146295572152,0.15634146295584656,0.15634146295572152,0.15634146295563414,0.15634146295572152,0.15634146295584656,0.15494591500363114,0.1549459150032928,0.15494591500303972,0.1549459150032928,0.15494591500363114,0.1549459150032928,0.15494591500281163,0.1549459150024083,0.15494591500281163,0.1549459150032928,0.15494591500303972,0.1549459150024083,0.15494591500181812,0.1549459150024083,0.15494591500303972,0.1549459150032928,0.15494591500281163,0.1549459150024083,0.15494591500281163,0.1549459150032928,0.15494591500363114,0.1549459150032928,0.15494591500303972,0.1549459150032928,0.15494591500363114,0.15357822103051152,0.15357822102966517,0.1535782210289632,0.15357822102966517,0.15357822103051152,0.15357822102966517,0.15357822102829682,0.15357822102692748,0.15357822102829682,0.15357822102966517,0.1535782210289632,0.15357822102692748,0.1535782210244097,0.15357822102692748,0.1535782210289632,0.15357822102966517,0.15357822102829682,0.15357822102692748,0.15357822102829682,0.15357822102966517,0.15357822103051152,0.15357822102966517,0.1535782210289632,0.15357822102966517,0.15357822103051152,0.15223780418005747,0.15223780417820895,0.15223780417643779,0.15223780417820895,0.15223780418005747,0.15223780417820895,0.15223780417467236,0.15223780417010765,0.15223780417467236,0.15223780417820895,0.15223780417643779,0.15223780417010765,0.15223780415797072,0.15223780417010765,0.15223780417643779,0.15223780417820895,0.15223780417467236,0.15223780417010765,0.15223780417467236,0.15223780417820895,0.15223780418005747,0.15223780417820895,0.15223780417643779,0.15223780417820895,0.15223780418005747,0.15092409325996517,0.15092409325685108,0.15092409325329806,0.15092409325685108,0.15092409325996517,0.15092409325685108,0.15092409324964184,0.15092409323645883,0.15092409324964184,0.15092409325685108,0.15092409325329806,0.15092409323645883,0.15092409317022576,0.15092409323645883,0.15092409325329806,0.15092409325685108,0.15092409324964184,0.15092409323645883,0.15092409324964184,0.15092409325685108,0.15092409325996517,0.15092409325685108,0.15092409325329806,0.15092409325685108,0.15092409325996517,0.1496365234111802,0.14963652340824957,0.14963652340504477,0.14963652340824957,0.1496365234111802,0.14963652340824957,0.1496365234017606,0.14963652339089545,0.1496365234017606,0.14963652340824957,0.14963652340504477,0.14963652339089545,0.14963652334337926,0.14963652339089545,0.14963652340504477,0.14963652340824957,0.1496365234017606,0.14963652339089545,0.1496365234017606,0.14963652340824957,0.1496365234111802,0.14963652340824957,0.14963652340504477,0.14963652340824957,0.1496365234111802,0.14837453668979228,0.14837453668797995,0.1483745366861361,0.14837453668797995,0.14837453668979228,0.14837453668797995,0.14837453668427444,0.14837453667871622,0.14837453668427444,0.14837453668797995,0.1483745366861361,0.14837453667871622,0.14837453665718958,0.14837453667871622,0.1483745366861361,0.14837453668797995,0.14837453668427444,0.14837453667871622,0.14837453668427444,0.14837453668797995,0.14837453668979228,0.14837453668797995,0.1483745366861361,0.14837453668797995,0.14837453668979228,0.14713758257639248,0.14713758257582954,0.14713758257535975,0.14713758257582954,0.14713758257639248,0.14713758257582954,0.14713758257491216,0.14713758257399898,0.14713758257491216,0.14713758257582954,0.14713758257535975,0.14713758257399898,0.14713758257250828,0.14713758257399898,0.14713758257535975,0.14713758257582954,0.14713758257491216,0.14713758257399898,0.14713758257491216,0.14713758257582954,0.14713758257639248,0.14713758257582954,0.14713758257535975,0.14713758257582954,0.14713758257639248,0.14592511841553663,0.14592511841592748,0.1459251184164346,0.14592511841592748,0.14592511841553663,0.14592511841592748,0.14592511841697592,0.1459251184190265,0.14592511841697592,0.14592511841592748,0.1459251184164346,0.1459251184190265,0.14592511842904332,0.14592511841902633,0.1459251184164346,0.14592511841592748,0.14592511841697592,0.14592511841902633,0.14592511841697592,0.14592511841592748,0.14592511841553663,0.14592511841592748,0.1459251184164346,0.14592511841592748,0.14592511841553663,0.14473660979007266,0.14473660979103514,0.14473660979210512,0.14473660979103514,0.14473660979007266,0.14473660979103514,0.1447366097932081,0.14473660979690053,0.1447366097932081,0.14473660979103514,0.14473660979210512,0.14473660979690053,0.1447366098132787,0.14473660979690053,0.14473660979210512,0.14473660979103514,0.1447366097932081,0.14473660979690053,0.1447366097932081,0.14473660979103514,0.14473660979007266,0.14473660979103514,0.14473660979210512,0.14473660979103514,0.14473660979007266,0.1435715308360988,0.14357153083727317,0.14357153083852656,0.14357153083727317,0.1435715308360988,0.14357153083727317,0.14357153083980376,0.14357153084393545,0.14357153083980376,0.14357153083727317,0.14357153083852656,0.14357153084393545,0.14357153086187013,0.14357153084393545,0.14357153083852656,0.14357153083727317,0.14357153083980376,0.14357153084393545,0.14357153083980376,0.14357153083727317,0.1435715308360988,0.14357153083727317,0.14357153083852656,0.14357153083727317,0.1435715308360988,0.14242936450430096,0.14242936450542137,0.14242936450655921,0.14242936450542137,0.14242936450430096,0.14242936450542137,0.14242936450770313,0.1424293645111813,0.14242936450770313,0.14242936450542137,0.14242936450655921,0.1424293645111813,0.14242936452522903,0.1424293645111813,0.14242936450655921,0.14242936450542137,0.14242936450770313,0.1424293645111813,0.14242936450770313,0.14242936450542137,0.14242936450430096,0.14242936450542137,0.14242936450655921,0.14242936450542137,0.14242936450430096,0.14130960277264681,0.1413096027736535,0.141309602774626,0.1413096027736535,0.14130960277264681,0.1413096027736535,0.14130960277558743,0.14130960277835394,0.14130960277558743,0.1413096027736535,0.141309602774626,0.14130960277835394,0.141309602788849,0.14130960277835394,0.141309602774626,0.1413096027736535,0.14130960277558743,0.14130960277835394,0.14130960277558743,0.1413096027736535,0.14130960277264681,0.1413096027736535,0.141309602774626,0.1413096027736535,0.14130960277264681,0.14021174681487797,0.14021174681588738,0.14021174681681378,0.14021174681588738,0.14021174681487797,0.14021174681588738,0.1402117468177131,0.1402117468201885,0.1402117468177131,0.14021174681588738,0.14021174681681378,0.1402117468201885,0.14021174682971596,0.1402117468201885,0.14021174681681378,0.14021174681588738,0.1402117468177131,0.1402117468201885,0.1402117468177131,0.14021174681588738,0.14021174681487797,0.14021174681588738,0.14021174681681378,0.14021174681588738,0.14021174681487797,0.13913530712927522,0.13913530713057268,0.13913530713168168,0.13913530713057268,0.13913530712927522,0.13913530713057268,0.13913530713274846,0.1391353071350436,0.13913530713274846,0.13913530713057268,0.13913530713168168,0.1391353071350436,0.13913530713971947,0.1391353071350436,0.13913530713168168,0.13913530713057268,0.13913530713274846,0.1391353071350436,0.13913530713274846,0.13913530713057268,0.13913530712927522,0.13913530713057268,0.13913530713168168,0.13913530713057268,0.13913530712927522,0.13807980363151406,0.13807980363373176,0.13807980363589648,0.13807980363373176,0.13807980363151406,0.13807980363373176,0.138079803638068,0.13807980364381164,0.138079803638068,0.13807980363373176,0.13807980363589648,0.13807980364381164,0.13807980365951902,0.13807980364381164,0.13807980363589648,0.13807980363373176,0.138079803638068,0.13807980364381164,0.138079803638068,0.13807980363373176,0.13807980363151406,0.13807980363373176,0.13807980363589648,0.13807980363373176,0.13807980363151406,0.13704476571478585,0.1370447657180936,0.13704476572204835,0.1370447657180936,0.13704476571478585,0.1370447657180936,0.1370447657261352,0.13704476574209176,0.1370447657261352,0.1370447657180936,0.13704476572204835,0.13704476574209176,0.1370447658300112,0.13704476574209176,0.13704476572204835,0.1370447657180936,0.1370447657261352,0.13704476574209176,0.1370447657261352,0.1370447657180936,0.13704476571478585,0.1370447657180936,0.13704476572204835,0.1370447657180936,0.13704476571478585,0.136029732282492,0.136029732284766,0.13602973228697907,0.136029732284766,0.136029732282492,0.136029732284766,0.13602973228919354,0.1360297322950803,0.13602973228919354,0.136029732284766,0.13602973228697907,0.1360297322950803,0.13602973231135107,0.1360297322950803,0.13602973228697907,0.136029732284766,0.13602973228919354,0.1360297322950803,0.13602973228919354,0.136029732284766,0.136029732282492,0.136029732284766,0.13602973228697907,0.136029732284766,0.136029732282492,0.13503425175864797,0.1350342517600647,0.13503425176123096,0.1350342517600647,0.13503425175864797,0.1350342517600647,0.13503425176233536,0.1350342517645791,0.13503425176233536,0.1350342517600647,0.13503425176123096,0.1350342517645791,0.13503425176864733,0.1350342517645791,0.13503425176123096,0.1350342517600647,0.13503425176233536,0.1350342517645791,0.13503425176233536,0.1350342517600647,0.13503425175864797,0.1350342517600647,0.13503425176123096,0.1350342517600647,0.13503425175864797
0.16533248792244581,0.16533248792244556,0.16533248792244556,0.16533248792244556,0.16533248792244581,0.16533248792244556,0.16533248792244534,0.16533248792244534,0.16533248792244534,0.16533248792244556,0.16533248792244556,0.16533248792244534,0.16533248792244512,0.16533248792244534,0.16533248792244556,0.16533248792244556,0.16533248792244534,0.16533248792244534,0.16533248792244534,0.16533248792244556,0.16533248792244581,0.16533248792244556,0.16533248792244556,0.16533248792244556,0.16533248792244581,0.16375749420092134,0.16375749420092087,0.1637574942009204,0.16375749420092087,0.16375749420092134,0.16375749420092087,0.16375749420092017,0.16375749420091973,0.16375749420092017,0.16375749420092087,0.1637574942009204,0.16375749420091973,0.16375749420091948,0.16375749420091992,0.1637574942009204,0.16375749420092087,0.16375749420092017,0.16375749420091992,0.16375749420092017,0.16375749420092087,0.16375749420092134,0.16375749420092087,0.1637574942009204,0.16375749420092087,0.16375749420092134,0.16221388441134477,0.16221388441134318,0.16221388441134227,0.16221388441134318,0.16221388441134477,0.16221388441134318,0.16221388441134135,0.16221388441134024,0.16221388441134135,0.16221388441134318,0.16221388441134227,0.16221388441134024,0.16221388441133908,0.16221388441134024,0.16221388441134227,0.16221388441134318,0.16221388441134135,0.16221388441134024,0.16221388441134135,0.16221388441134318,0.16221388441134477,0.16221388441134318,0.16221388441134227,0.16221388441134318,0.16221388441134477,0.16070106751075913,0.16070106751075425,0.16070106751075092,0.16070106751075425,0.16070106751075913,0.16070106751075425,0.1607010675107487,0.16070106751074514,0.1607010675107487,0.16070106751075425,0.16070106751075092,0.16070106751074514,0.16070106751074115,0.16070106751074514,0.16070106751075092,0.16070106751075425,0.1607010675107487,0.16070106751074514,0.1607010675107487,0.16070106751075425,0.16070106751075913,0.16070106751075425,0.16070106751075092,0.16070106751075425,0.16070106751075913,0.15921845187414918,0.15921845187413414,0.15921845187412456,0.15921845187413414,0.15921845187414918,0.15921845187413414,0.15921845187411693,0.1592184518741054,0.15921845187411693,0.15921845187413414,0.15921845187412456,0.1592184518741054,0.15921845187409278,0.1592184518741054,0.15921845187412456,0.15921845187413414,0.15921845187411693,0.1592184518741054,0.15921845187411693,0.15921845187413414,0.15921845187414918,0.15921845187413414,0.15921845187412456,0.15921845187413414,0.15921845187414918,0.15776544664630263,0.15776544664625847,0.15776544664622924,0.15776544664625847,0.15776544664630263,0.15776544664625847,0.15776544664620556,0.15776544664616865,0.15776544664620556,0.15776544664625847,0.15776544664622924,0.15776544664616865,0.15776544664612555,0.15776544664616865,0.15776544664622924,0.15776544664625847,0.15776544664620556,0.15776544664616865,0.15776544664620556,0.15776544664625847,0.15776544664630263,0.15776544664625847,0.15776544664622924,0.15776544664625847,0.15776544664630243,0.15634146295615794,0.1563414629560331,0.15634146295594611,0.1563414629560331,0.15634146295615794,0.1563414629560331,0.15634146295587187,0.15634146295575144,0.15634146295587187,0.1563414629560331,0.15634146295594611,0.15634146295575144,0.15634146295559814,0.15634146295575144,0.15634146295594611,0.1563414629560331,0.15634146295587187,0.15634146295575144,0.15634146295587187,0.1563414629560331,0.15634146295615794,0.1563414629560331,0.15634146295594611,0.1563414629560331,0.15634146295615794,0.15494591500393487,0.15494591500359756,0.15494591500334506,0.15494591500359756,0.15494591500393487,0.15494591500359756,0.15494591500311777,0.1549459150027155,0.15494591500311777,0.15494591500359756,0.15494591500334506,0.1549459150027155,0.15494591500212673,0.1549459150027155,0.15494591500334506,0.15494591500359756,0.15494591500311777,0.1549459150027155,0.15494591500311777,0.15494591500359756,0.15494591500393487,0.15494591500359756,0.15494591500334506,0.15494591500359756,0.15494591500393487,0.15357822103080576,0.15357822102996183,0.15357822102926186,0.15357822102996183,0.15357822103080576,0.15357822102996183,0.15357822102859728,0.15357822102723176,0.15357822102859728,0.15357822102996183,0.15357822102926186,0.15357822102723176,0.1535782210247204,0.15357822102723176,0.15357822102926186,0.15357822102996183,0.15357822102859728,0.15357822102723176,0.15357822102859728,0.15357822102996183,0.15357822103080576,0.15357822102996183,0.15357822102926186,0.15357822102996183,0.15357822103080576,0.1522378041803374,0.15223780417849397,0.15223780417672794,0.15223780417849397,0.1522378041803374,0.15223780417849397,0.1522378041749676,0.15223780417041533,0.1522378041749676,0.15223780417849397,0.15223780417672794,0.15223780417041533,0.1522378041583101,0.15223780417041533,0.15223780417672794,0.15223780417849397,0.1522378041749676,0.15223780417041533,0.1522378041749676,0.15223780417849397,0.1522378041803374,0.15223780417849397,0.15223780417672794,0.15223780417849397,0.1522378041803374,0.15092409326021924,0.15092409325711478,0.1509240932535722,0.15092409325711478,0.15092409326021924,0.15092409325711478,0.15092409324992678,0.15092409323678005,0.15092409324992678,0.15092409325711478,0.1509240932535722,0.15092409323678005,0.1509240931707206,0.15092409323678005,0.1509240932535722,0.15092409325711478,0.15092409324992678,0.15092409323678005,0.15092409324992678,0.15092409325711478,0.15092409326021924,0.15092409325711478,0.1509240932535722,0.15092409325711478,0.15092409326021924,0.14963652341138872,0.1496365234084689,0.14963652340527586,0.1496365234084689,0.14963652341138872,0.1496365234084689,0.14963652340200356,0.14963652339117756,0.14963652340200356,0.1496365234084689,0.14963652340527586,0.14963652339117756,0.14963652334384894,0.14963652339117756,0.14963652340527586,0.1496365234084689,0.14963652340200356,0.14963652339117756,0.14963652340200356,0.1496365234084689,0.14963652341138872,0.1496365234084689,0.14963652340527586,0.1496365234084689,0.14963652341138872,0.1483745366899322,0.14837453668812894,0.1483745366862951,0.14837453668812894,0.1483745366899322,0.14837453668812894,0.14837453668444367,0.14837453667891898,0.14837453668444367,0.14837453668812894,0.1483745366862951,0.14837453667891898,0.14837453665752748,0.14837453667891898,0.1483745366862951,0.14837453668812894,0.14837453668444367,0.14837453667891898,0.14837453668444367,0.14837453668812894,0.1483745366899322,0.14837453668812894,0.1483745366862951,0.14837453668812894,0.1483745366899322,0.1471375825764439,0.14713758257588566,0.14713758257542098,0.14713758257588566,0.1471375825764439,0.14713758257588566,0.14713758257497847,0.14713758257408163,0.14713758257497847,0.14713758257588566,0.14713758257542098,0.14713758257408163,0.14713758257264237,0.14713758257408163,0.14713758257542098,0.14713758257588566,0.14713758257497847,0.14713758257408163,0.14713758257497847,0.14713758257588566,0.1471375825764439,0.14713758257588566,0.14713758257542098,0.14713758257588566,0.1471375825764439,0.14592511841548853,0.14592511841587869,0.14592511841638456,0.14592511841587869,0.14592511841548853,0.14592511841587869,0.14592511841692482,0.1459251184189706,0.14592511841692482,0.14592511841587869,0.14592511841638456,0.1459251184189706,0.14592511842893435,0.1459251184189706,0.14592511841638456,0.14592511841587869,0.14592511841692482,0.1459251184189706,0.14592511841692482,0.14592511841587869,0.14592511841548853,0.14592511841587869,0.14592511841638456,0.14592511841587869,0.14592511841548853,0.1447366097899255,0.14473660979088238,0.1447366097919463,0.14473660979088238,0.1447366097899255,0.14473660979088238,0.1447366097930433,0.1447366097967167,0.1447366097930433,0.14473660979088238,0.1447366097919463,0.1447366097967167,0.1447366098130567,0.1447366097967167,0.1447366097919463,0.14473660979088238,0.1447366097930433,0.1447366097967167,0.1447366097930433,0.14473660979088238,0.1447366097899255,0.14473660979088238,0.1447366097919463,0.14473660979088238,0.1447366097899255,0.1435715308358625,0.14357153083702795,0.14357153083827146,0.14357153083702795,0.1435715308358625,0.14357153083702795,0.14357153083953836,0.14357153084363547,0.14357153083953836,0.14357153083702795,0.14357153083827146,0.14357153084363547,0.14357153086138794,0.14357153084363547,0.14357153083827146,0.14357153083702795,0.14357153083953836,0.14357153084363547,0.14357153083953836,0.14357153083702795,0.1435715308358625,0.14357153083702795,0.14357153083827146,0.14357153083702795,0.1435715308358625,0.1424293645039928,0.142429364505104,0.14242936450623161,0.142429364505104,0.1424293645039928,0.142429364505104,0.1424293645073653,0.14242936451080904,0.1424293645073653,0.142429364505104,0.14242936450623161,0.14242936451080904,0.14242936452468719,0.14242936451080904,0.14242936450623161,0.142429364505104,0.1424293645073653,0.14242936451080904,0.1424293645073653,0.142429364505104,0.1424293645039928,0.142429364505104,0.14242936450623161,0.142429364505104,0.1424293645039928,0.14130960277228483,0.1413096027732846,0.14130960277425036,0.1413096027732846,0.14130960277228483,0.1413096027732846,0.1413096027752049,0.14130960277795232,0.1413096027752049,0.1413096027732846,0.14130960277425036,0.14130960277795232,0.14130960278839014,0.14130960277795232,0.14130960277425036,0.1413096027732846,0.1413096027752049,0.14130960277795232,0.1413096027752049,0.1413096027732846,0.14130960277228483,0.1413096027732846,0.14130960277425036,0.1413096027732846,0.14130960277228483,0.14021174681447546,0.1402117468154799,0.14021174681640194,0.1402117468154799,0.14021174681447546,0.1402117468154799,0.14021174681729673,0.14021174681975973,0.14021174681729673,0.1402117468154799,0.14021174681640194,0.14021174681975973,0.14021174682923432,0.14021174681975973,0.14021174681640194,0.1402117468154799,0.14021174681729673,0.14021174681975973,0.14021174681729673,0.1402117468154799,0.14021174681447546,0.1402117468154799,0.14021174681640194,0.1402117468154799,0.14021174681447546,0.1391353071288415,0.1391353071301352,0.13913530713124103,0.1391353071301352,0.1391353071288415,0.1391353071301352,0.13913530713230482,0.1391353071345933,0.13913530713230482,0.1391353071301352,0.13913530713124103,0.1391353071345933,0.13913530713925526,0.1391353071345933,0.13913530713124103,0.1391353071301352,0.13913530713230482,0.1391353071345933,0.13913530713230482,0.1391353071301352,0.1391353071288415,0.1391353071301352,0.13913530713124103,0.1391353071301352,0.1391353071288415,0.13807980363105607,0.1380798036332693,0.1380798036354298,0.1380798036332693,0.13807980363105607,0.1380798036332693,0.13807980363759728,0.13807980364333008,0.13807980363759728,0.1380798036332693,0.1380798036354298,0.13807980364333008,0.13807980365900926,0.13807980364333008,0.1380798036354298,0.1380798036332693,0.13807980363759728,0.13807980364333008,0.13807980363759728,0.1380798036332693,0.13807980363105607,0.1380798036332693,0.1380798036354298,0.1380798036332693,0.13807980363105607,0.13704476571431223,0.1370447657176141,0.13704476572156182,0.1370447657176141,0.13704476571431223,0.1370447657176141,0.13704476572564148,0.13704476574157043,0.13704476572564148,0.1370447657176141,0.13704476572156182,0.13704476574157043,0.13704476582932884,0.13704476574157043,0.13704476572156182,0.1370447657176141,0.13704476572564148,0.13704476574157043,0.13704476572564148,0.1370447657176141,0.13704476571431223,0.1370447657176141,0.13704476572156182,0.1370447657176141,0.13704476571431223,0.13602973228201454,0.13602973228428453,0.13602973228649384,0.13602973228428453,0.13602973228201454,0.13602973228428453,0.13602973228870435,0.13602973229458093,0.13602973228870435,0.13602973228428453,0.13602973228649384,0.13602973229458093,0.1360297323108237,0.13602973229458093,0.13602973228649384,0.13602973228428453,0.13602973228870435,0.13602973229458093,0.13602973228870435,0.13602973228428453,0.13602973228201454,0.13602973228428453,0.13602973228649384,0.13602973228428453,0.13602973228201454,0.13503425175817457,0.135034251759589,0.13503425176075307,0.135034251759589,0.13503425175817457,0.135034251759589,0.13503425176185568,0.13503425176409548,0.13503425176185568,0.135034251759589,0.13503425176075307,0.13503425176409548,0.1350342517681567,0.13503425176409548,0.13503425176075307,0.135034251759589,0.13503425176185568,0.13503425176409548,0.13503425176185568,0.135034251759589,0.13503425175817457,0.135034251759589,0.13503425176075307,0.135034251759589,0.13503425175817457
0.16533248792279318,0.16533248792279295,0.1653324879227927,0.16533248792279295,0.16533248792279318,0.16533248792279295,0.1653324879227927,0.16533248792279248,0.1653324879227927,0.16533248792279295,0.1653324879227927,0.16533248792279248,0.16533248792279248,0.16533248792279248,0.1653324879227927,0.16533248792279295,0.1653324879227927,0.16533248792279248,0.1653324879227927,0.16533248792279295,0.16533248792279318,0.16533248792279295,0.1653324879227927,0.16533248792279295,0.16533248792279318,0.16375749420126154,0.1637574942012611,0.16375749420126062,0.1637574942012611,0.16375749420126154,0.1637574942012611,0.1637574942012604,0.16375749420126015,0.1637574942012604,0.1637574942012611,0.16375749420126062,0.16375749420126015,0.16375749420125968,0.16375749420126015,0.16375749420126062,0.1637574942012611,0.1637574942012604,0.16375749420126015,0.1637574942012604,0.1637574942012611,0.16375749420126154,0.1637574942012611,0.16375749420126062,0.1637574942012611,0.16375749420126154,0.1622138844116782,0.1622138844116766,0.16221388441167547,0.1622138844116766,0.1622138844116782,0.1622138844116766,0.1622138844116748,0.16221388441167367,0.1622138844116748,0.1622138844116766,0.16221388441167547,0.16221388441167367,0.16221388441167253,0.16221388441167367,0.16221388441167547,0.1622138844116766,0.1622138844116748,0.16221388441167367,0.1622138844116748,0.1622138844116766,0.1622138844116782,0.1622138844116766,0.16221388441167547,0.1622138844116766,0.1622138844116782,0.1607010675110857,0.1607010675110808,0.1607010675110777,0.1607010675110808,0.1607010675110857,0.1607010675110808,0.16070106751107524,0.16070106751107172,0.16070106751107524,0.1607010675110808,0.1607010675110777,0.16070106751107172,0.1607010675110677,0.16070106751107172,0.1607010675110777,0.1607010675110808,0.16070106751107524,0.16070106751107172,0.16070106751107524,0.1607010675110808,0.1607010675110857,0.1607010675110808,0.1607010675110777,0.1607010675110808,0.16070106751108593,0.1592184518744692,0.1592184518744542,0.1592184518744444,0.1592184518744542,0.1592184518744692,0.1592184518744542,0.15921845187443698,0.15921845187442543,0.15921845187443698,0.1592184518744542,0.1592184518744444,0.15921845187442543,0.15921845187441283,0.15921845187442543,0.1592184518744444,0.1592184518744542,0.15921845187443698,0.15921845187442543,0.15921845187443698,0.1592184518744542,0.1592184518744692,0.1592184518744542,0.1592184518744444,0.1592184518744542,0.1592184518744692,0.15776544664661565,0.1577654466465719,0.15776544664654266,0.1577654466465719,0.15776544664661565,0.1577654466465719,0.15776544664651898,0.1577654466464821,0.15776544664651898,0.1577654466465719,0.15776544664654266,0.1577654466464821,0.15776544664643918,0.1577654466464821,0.15776544664654266,0.1577654466465719,0.15776544664651898,0.1577654466464821,0.15776544664651898,0.1577654466465719,0.15776544664661565,0.1577654466465719,0.15776544664654266,0.1577654466465719,0.15776544664661565,0.15634146295646426,0.15634146295633986,0.15634146295625306,0.15634146295633986,0.15634146295646426,0.15634146295633986,0.15634146295617884,0.15634146295605883,0.15634146295617884,0.15634146295633986,0.15634146295625306,0.15634146295605883,0.15634146295590595,0.15634146295605883,0.15634146295625306,0.15634146295633986,0.15634146295617884,0.15634146295605883,0.15634146295617884,0.15634146295633986,0.15634146295646426,0.15634146295633986,0.15634146295625306,0.15634146295633986,0.15634146295646426,0.15494591500423366,0.15494591500389715,0.1549459150036455,0.15494591500389715,0.15494591500423366,0.15494591500389715,0.15494591500341884,0.15494591500301758,0.15494591500341884,0.15494591500389715,0.1549459150036455,0.15494591500301758,0.15494591500243043,0.15494591500301758,0.1549459150036455,0.15494591500389715,0.15494591500341884,0.15494591500301758,0.15494591500341884,0.15494591500389715,0.15494591500423366,0.15494591500389715,0.1549459150036455,0.15494591500389715,0.15494591500423366,0.15357822103109497,0.15357822103025343,0.1535782210295555,0.15357822103025343,0.15357822103109497,0.15357822103025343,0.15357822102889274,0.1535782210275308,0.15357822102889274,0.15357822103025343,0.1535782210295555,0.1535782210275308,0.1535782210250263,0.1535782210275308,0.1535782210295555,0.15357822103025343,0.15357822102889274,0.1535782210275308,0.15357822102889274,0.15357822103025343,0.15357822103109497,0.15357822103025343,0.1535782210295555,0.15357822103025343,0.15357822103109497,0.1522378041806124,0.15223780417877447,0.15223780417701335,0.15223780417877447,0.1522378041806124,0.15223780417877447,0.15223780417525773,0.15223780417071764,0.15223780417525773,0.15223780417877447,0.15223780417701335,0.15223780417071764,0.1522378041586441,0.15223780417071764,0.15223780417701335,0.15223780417877447,0.15223780417525773,0.15223780417071764,0.15223780417525773,0.15223780417877447,0.1522378041806124,0.15223780417877447,0.15223780417701335,0.15223780417877447,0.1522378041806124,0.1509240932604691,0.15092409325737408,0.1509240932538419,0.15092409325737408,0.1509240932604691,0.15092409325737408,0.1509240932502069,0.15092409323709605,0.1509240932502069,0.15092409325737408,0.1509240932538419,0.15092409323709605,0.15092409317122277,0.15092409323709605,0.1509240932538419,0.15092409325737408,0.1509240932502069,0.15092409323709605,0.1509240932502069,0.15092409325737408,0.1509240932604691,0.15092409325737408,0.1509240932538419,0.15092409325737408,0.1509240932604691,0.1496365234115937,0.14963652340868466,0.14963652340550293,0.14963652340868466,0.1496365234115937,0.14963652340868466,0.14963652340224254,0.14963652339145495,0.14963652340224254,0.14963652340868466,0.14963652340550293,0.14963652339145495,0.14963652334428912,0.14963652339145495,0.14963652340550293,0.14963652340868466,0.14963652340224254,0.14963652339145495,0.14963652340224254,0.14963652340868466,0.1496365234115937,0.14963652340868466,0.14963652340550293,0.14963652340868466,0.1496365234115937,0.14837453669006956,0.14837453668827538,0.1483745366864513,0.14837453668827538,0.14837453669006956,0.14837453668827538,0.1483745366846099,0.148374536679118,0.1483745366846099,0.14837453668827538,0.1483745366864513,0.148374536679118,0.14837453665785807,0.148374536679118,0.1483745366864513,0.14837453668827538,0.1483745366846099,0.148374536679118,0.1483745366846099,0.14837453668827538,0.14837453669006956,0.14837453668827538,0.1483745366864513,0.14837453668827538,0.14837453669006956,0.1471375825764944,0.1471375825759407,0.14713758257548093,0.1471375825759407,0.1471375825764944,0.1471375825759407,0.1471375825750435,0.14713758257416282,0.1471375825750435,0.1471375825759407,0.14713758257548093,0.14713758257416282,0.1471375825728133,0.14713758257416282,0.14713758257548093,0.1471375825759407,0.1471375825750435,0.14713758257416282,0.1471375825750435,0.1471375825759407,0.1471375825764944,0.1471375825759407,0.14713758257548093,0.1471375825759407,0.1471375825764944,0.14592511841544117,0.1459251184158306,0.1459251184163354,0.1459251184158306,0.14592511841544117,0.1459251184158306,0.1459251184168746,0.14592511841891576,0.1459251184168746,0.1459251184158306,0.1459251184163354,0.14592511841891576,0.14592511842887523,0.14592511841891576,0.1459251184163354,0.1459251184158306,0.1459251184168746,0.14592511841891576,0.1459251184168746,0.1459251184158306,0.14592511841544117,0.1459251184158306,0.1459251184163354,0.1459251184158306,0.14592511841544117,0.14473660978978062,0.1447366097907321,0.1447366097917902,0.1447366097907321,0.14473660978978062,0.1447366097907321,0.14473660979288133,0.14473660979653605,0.14473660979288133,0.1447366097907321,0.1447366097917902,0.14473660979653605,0.14473660981277528,0.14473660979653605,0.1447366097917902,0.1447366097907321,0.14473660979288133,0.14473660979653605,0.14473660979288133,0.1447366097907321,0.14473660978978062,0.1447366097907321,0.1447366097917902,0.1447366097907321,0.14473660978978062,0.14357153083562996,0.14357153083678653,0.14357153083802024,0.14357153083678653,0.14357153083562996,0.14357153083678653,0.14357153083927723,0.14357153084334048,0.14357153083927723,0.14357153083678653,0.14357153083802024,0.14357153084334048,0.14357153086095023,0.14357153084334048,0.14357153083802024,0.14357153083678653,0.14357153083927723,0.14357153084334048,0.14357153083927707,0.14357153083678653,0.14357153083562996,0.14357153083678653,0.14357153083802024,0.14357153083678653,0.14357153083562996,0.1424293645036895,0.14242936450479146,0.14242936450590937,0.14242936450479146,0.1424293645036895,0.14242936450479146,0.1424293645070328,0.1424293645104427,0.1424293645070328,0.14242936450479146,0.14242936450590937,0.1424293645104427,0.14242936452417135,0.1424293645104427,0.14242936450590937,0.14242936450479146,0.1424293645070328,0.1424293645104427,0.1424293645070328,0.14242936450479146,0.1424293645036895,0.14242936450479146,0.14242936450590937,0.14242936450479146,0.1424293645036895,0.14130960277192858,0.14130960277292148,0.14130960277388063,0.14130960277292148,0.14130960277192858,0.14130960277292148,0.14130960277482862,0.1413096027775571,0.14130960277482862,0.14130960277292148,0.14130960277388063,0.1413096027775571,0.141309602787939,0.1413096027775571,0.14130960277388063,0.14130960277292148,0.14130960277482862,0.1413096027775571,0.14130960277482862,0.14130960277292148,0.14130960277192858,0.14130960277292148,0.14130960277388063,0.14130960277292148,0.14130960277192858,0.14021174681407944,0.1402117468150792,0.14021174681599657,0.1402117468150792,0.14021174681407944,0.1402117468150792,0.14021174681688717,0.1402117468193379,0.14021174681688717,0.1402117468150792,0.14021174681599657,0.1402117468193379,0.14021174682877216,0.1402117468193379,0.14021174681599657,0.1402117468150792,0.14021174681688717,0.1402117468193379,0.14021174681688717,0.1402117468150792,0.14021174681407944,0.1402117468150792,0.14021174681599657,0.1402117468150792,0.14021174681407944,0.13913530712841463,0.13913530712970482,0.1391353071308075,0.13913530712970482,0.13913530712841463,0.13913530712970482,0.13913530713186825,0.1391353071341503,0.13913530713186825,0.13913530712970482,0.1391353071308075,0.1391353071341503,0.13913530713879846,0.1391353071341503,0.1391353071308075,0.13913530712970482,0.13913530713186825,0.1391353071341503,0.13913530713186825,0.13913530712970482,0.13913530712841463,0.13913530712970482,0.1391353071308075,0.13913530712970482,0.13913530712841463,0.13807980363060535,0.13807980363281439,0.13807980363497072,0.13807980363281439,0.13807980363060535,0.13807980363281439,0.138079803637134,0.13807980364285644,0.138079803637134,0.13807980363281439,0.13807980363497072,0.13807980364285644,0.13807980365850786,0.13807980364285644,0.13807980363497072,0.13807980363281439,0.138079803637134,0.13807980364285644,0.138079803637134,0.13807980363281439,0.13807980363060535,0.13807980363281439,0.13807980363497072,0.13807980363281439,0.13807980363060535,0.13704476571384624,0.13704476571714228,0.13704476572108318,0.13704476571714228,0.13704476571384624,0.13704476571714228,0.13704476572515586,0.1370447657410576,0.13704476572515586,0.13704476571714228,0.13704476572108318,0.1370447657410576,0.1370447658286804,0.1370447657410576,0.13704476572108318,0.13704476571714228,0.13704476572515586,0.1370447657410576,0.13704476572515586,0.13704476571714228,0.13704476571384624,0.13704476571714228,0.13704476572108318,0.13704476571714228,0.13704476571384624,0.13602973228154489,0.13602973228381082,0.1360297322860164,0.13602973228381082,0.13602973228154489,0.13602973228381082,0.1360297322882232,0.13602973229408963,0.1360297322882232,0.13602973228381082,0.1360297322860164,0.13602973229408963,0.13602973231030496,0.13602973229408963,0.1360297322860164,0.13602973228381082,0.1360297322882232,0.13602973229408963,0.1360297322882232,0.13602973228381082,0.13602973228154489,0.13602973228381082,0.1360297322860164,0.13602973228381082,0.13602973228154489,0.13503425175770892,0.13503425175912087,0.13503425176028303,0.13503425175912087,0.13503425175770892,0.13503425175912087,0.13503425176138378,0.13503425176361963,0.13503425176138378,0.13503425175912087,0.13503425176028303,0.13503425176361963,0.13503425176767395,0.13503425176361963,0.13503425176028303,0.13503425175912087,0.13503425176138378,0.13503425176361963,0.13503425176138378,0.13503425175912087,0.13503425175770892,0.13503425175912087,0.13503425176028303,0.13503425175912087,0.13503425175770892
0.1653324879231349,0.16533248792313465,0.16533248792313465,0.16533248792313465,0.1653324879231349,0.16533248792313465,0.16533248792313443,0.16533248792313443,0.16533248792313443,0.16533248792313465,0.16533248792313465,0.16533248792313443,0.16533248792313418,0.16533248792313443,0.16533248792313465,0.16533248792313465,0.16533248792313443,0.16533248792313443,0.16533248792313443,0.16533248792313465,0.1653324879231349,0.16533248792313465,0.16533248792313465,0.16533248792313465,0.1653324879231349,0.16375749420159647,0.163757494201596,0.16375749420159552,0.163757494201596,0.16375749420159647,0.163757494201596,0.1637574942015953,0.16375749420159508,0.1637574942015953,0.163757494201596,0.16375749420159552,0.16375749420159508,0.1637574942015946,0.16375749420159508,0.16375749420159552,0.163757494201596,0.1637574942015953,0.16375749420159508,0.1637574942015953,0.163757494201596,0.16375749420159647,0.163757494201596,0.16375749420159552,0.163757494201596,0.16375749420159647,0.16221388441200643,0.16221388441200485,0.1622138844120037,0.16221388441200485,0.16221388441200643,0.16221388441200485,0.16221388441200302,0.1622138844120019,0.16221388441200302,0.16221388441200485,0.1622138844120037,0.1622138844120019,0.16221388441200077,0.1622138844120019,0.1622138844120037,0.16221388441200485,0.16221388441200302,0.1622138844120019,0.16221388441200302,0.16221388441200485,0.16221388441200643,0.16221388441200485,0.1622138844120037,0.16221388441200485,0.16221388441200643,0.16070106751140736,0.16070106751140226,0.16070106751139918,0.16070106751140226,0.16070106751140736,0.16070106751140226,0.1607010675113967,0.16070106751139315,0.1607010675113967,0.16070106751140226,0.16070106751139918,0.16070106751139315,0.1607010675113894,0.16070106751139315,0.16070106751139918,0.16070106751140226,0.1607010675113967,0.16070106751139315,0.1607010675113967,0.16070106751140226,0.16070106751140736,0.16070106751140226,0.16070106751139918,0.16070106751140226,0.16070106751140736,0.159218451874784,0.159218451874769,0.15921845187475941,0.159218451874769,0.159218451874784,0.159218451874769,0.15921845187475178,0.15921845187474046,0.15921845187475178,0.159218451874769,0.15921845187475941,0.15921845187474046,0.15921845187472763,0.15921845187474046,0.15921845187475941,0.159218451874769,0.15921845187475178,0.15921845187474046,0.15921845187475178,0.159218451874769,0.159218451874784,0.159218451874769,0.15921845187475941,0.159218451874769,0.159218451874784,0.15776544664692396,0.15776544664688022,0.157765446646851,0.15776544664688022,0.15776544664692396,0.15776544664688022,0.15776544664682732,0.1577654466467906,0.15776544664682732,0.15776544664688022,0.157765446646851,0.1577654466467906,0.15776544664674794,0.1577654466467906,0.157765446646851,0.15776544664688022,0.15776544664682732,0.1577654466467906,0.15776544664682732,0.15776544664688022,0.15776544664692396,0.15776544664688022,0.157765446646851,0.15776544664688022,0.15776544664692396,0.15634146295676563,0.1563414629566416,0.15634146295655502,0.1563414629566416,0.15634146295676563,0.1563414629566416,0.15634146295648121,0.1563414629563614,0.15634146295648121,0.1563414629566416,0.15634146295655502,0.1563414629563614,0.15634146295620896,0.1563414629563614,0.15634146295655502,0.1563414629566416,0.15634146295648121,0.1563414629563614,0.15634146295648121,0.1563414629566416,0.15634146295676563,0.1563414629566416,0.15634146295655502,0.1563414629566416,0.15634146295676563,0.15494591500452773,0.15494591500419225,0.1549459150039412,0.15494591500419225,0.15494591500452773,0.15494591500419225,0.154945915003715,0.15494591500331495,0.154945915003715,0.15494591500419225,0.1549459150039412,0.15494591500331495,0.15494591500272925,0.15494591500331495,0.1549459150039412,0.15494591500419225,0.154945915003715,0.15494591500331495,0.154945915003715,0.15494591500419225,0.15494591500452773,0.15494591500419225,0.1549459150039412,0.15494591500419225,0.15494591500452773,0.15357822103137994,0.15357822103054064,0.15357822102984472,0.15357822103054064,0.15357822103137994,0.15357822103054064,0.15357822102918353,0.15357822102782526,0.15357822102918353,0.15357822103054064,0.15357822102984472,0.15357822102782526,0.15357822102532717,0.15357822102782526,0.15357822102984472,0.15357822103054064,0.15357822102918353,0.15357822102782526,0.15357822102918353,0.15357822103054064,0.15357822103137994,0.15357822103054064,0.15357822102984472,0.15357822103054064,0.15357822103137994,0.15223780418088323,0.15223780417905067,0.15223780417729424,0.15223780417905067,0.15223780418088323,0.15223780417905067,0.15223780417554358,0.15223780417101546,0.15223780417554358,0.15223780417905067,0.15223780417729424,0.15223780417101546,0.15223780415897284,0.15223780417101546,0.15223780417729424,0.15223780417905067,0.15223780417554358,0.15223780417101546,0.15223780417554358,0.15223780417905067,0.15223780418088323,0.15223780417905067,0.15223780417729424,0.15223780417905067,0.15223780418088323,0.15092409326071526,0.15092409325762932,0.15092409325410736,0.15092409325762932,0.15092409326071526,0.15092409325762932,0.15092409325048278,0.15092409323740724,0.15092409325048278,0.15092409325762932,0.15092409325410736,0.15092409323740724,0.1509240931716769,0.15092409323740724,0.15092409325410736,0.15092409325762932,0.15092409325048278,0.15092409323740724,0.15092409325048278,0.15092409325762932,0.15092409326071526,0.15092409325762932,0.15092409325410736,0.15092409325762932,0.15092409326071526,0.14963652341179545,0.149636523408897,0.1496365234057266,0.149636523408897,0.14963652341179545,0.149636523408897,0.1496365234024778,0.1496365233917278,0.1496365234024778,0.149636523408897,0.1496365234057266,0.1496365233917278,0.14963652334470548,0.1496365233917278,0.1496365234057266,0.149636523408897,0.1496365234024778,0.1496365233917278,0.1496365234024778,0.149636523408897,0.14963652341179545,0.149636523408897,0.1496365234057266,0.149636523408897,0.14963652341179545,0.148374536690205,0.14837453668841954,0.14837453668660497,0.14837453668841954,0.148374536690205,0.14837453668841954,0.14837453668477338,0.1483745366793139,0.14837453668477338,0.14837453668841954,0.14837453668660497,0.1483745366793139,0.14837453665821002,0.1483745366793139,0.14837453668660497,0.14837453668841954,0.14837453668477338,0.1483745366793139,0.14837453668477338,0.14837453668841954,0.148374536690205,0.14837453668841954,0.14837453668660497,0.14837453668841954,0.148374536690205,0.14713758257654416,0.14713758257599502,0.14713758257554016,0.14713758257599502,0.14713758257654416,0.14713758257599502,0.14713758257510764,0.14713758257424292,0.14713758257510764,0.14713758257599502,0.14713758257554016,0.14713758257424292,0.14713758257296772,0.14713758257424292,0.14713758257554016,0.14713758257599502,0.14713758257510764,0.14713758257424292,0.14713758257510764,0.14713758257599502,0.14713758257654416,0.14713758257599502,0.14713758257554016,0.14713758257599502,0.14713758257654416,0.14592511841539488,0.14592511841578343,0.14592511841628733,0.14592511841578343,0.14592511841539488,0.14592511841578343,0.14592511841682546,0.14592511841886233,0.14592511841682546,0.14592511841578343,0.14592511841628733,0.14592511841886233,0.14592511842880224,0.14592511841886233,0.14592511841628733,0.14592511841578343,0.14592511841682546,0.14592511841886233,0.14592511841682546,0.14592511841578343,0.14592511841539488,0.14592511841578343,0.14592511841628733,0.14592511841578343,0.14592511841539488,0.14473660978963837,0.14473660979058442,0.14473660979163697,0.14473660979058442,0.14473660978963837,0.14473660979058442,0.14473660979272213,0.14473660979635872,0.14473660979272213,0.14473660979058442,0.14473660979163697,0.14473660979635872,0.14473660981254524,0.14473660979635872,0.14473660979163697,0.14473660979058442,0.14473660979272213,0.14473660979635872,0.14473660979272213,0.14473660979058442,0.14473660978963837,0.14473660979058442,0.14473660979163697,0.14473660979058442,0.14473660978963837,0.14357153083540136,0.1435715308365492,0.14357153083777333,0.1435715308365492,0.14357153083540136,0.1435715308365492,0.14357153083902022,0.1435715308430501,0.14357153083902022,0.1435715308365492,0.14357153083777333,0.1435715308430501,0.14357153086050825,0.1435715308430501,0.14357153083777333,0.1435715308365492,0.14357153083902022,0.1435715308430501,0.14357153083902022,0.1435715308365492,0.14357153083540136,0.1435715308365492,0.14357153083777333,0.1435715308365492,0.14357153083540136,0.14242936450339108,0.14242936450448415,0.14242936450559213,0.14242936450448415,0.14242936450339108,0.14242936450448415,0.14242936450670568,0.14242936451008217,0.14242936450670568,0.14242936450448415,0.14242936450559213,0.14242936451008217,0.1424293645236498,0.14242936451008217,0.14242936450559213,0.14242936450448415,0.14242936450670568,0.14242936451008217,0.14242936450670568,0.14242936450448415,0.14242936450339108,0.14242936450448415,0.14242936450559213,0.14242936450448415,0.14242936450339108,0.1413096027715781,0.1413096027725644,0.14130960277351684,0.1413096027725644,0.1413096027715781,0.1413096027725644,0.14130960277445823,0.14130960277716814,0.14130960277445823,0.1413096027725644,0.14130960277351684,0.14130960277716814,0.14130960278748902,0.14130960277716814,0.14130960277351684,0.1413096027725644,0.14130960277445823,0.14130960277716814,0.14130960277445823,0.1413096027725644,0.1413096027715781,0.1413096027725644,0.14130960277351684,0.1413096027725644,0.1413096027715781,0.14021174681368986,0.14021174681468496,0.14021174681559795,0.14021174681468496,0.14021174681368986,0.14021174681468496,0.1402117468164842,0.14021174681892284,0.1402117468164842,0.14021174681468496,0.14021174681559795,0.14021174681892284,0.14021174682831597,0.14021174681892284,0.14021174681559795,0.14021174681468496,0.1402117468164842,0.14021174681892284,0.1402117468164842,0.14021174681468496,0.14021174681368986,0.14021174681468496,0.14021174681559795,0.14021174681468496,0.14021174681368986,0.13913530712799482,0.13913530712928138,0.1391353071303809,0.13913530712928138,0.13913530712799482,0.13913530712928138,0.13913530713143885,0.13913530713371453,0.13913530713143885,0.13913530712928138,0.1391353071303809,0.13913530713371453,0.13913530713834926,0.13913530713371453,0.1391353071303809,0.13913530712928138,0.13913530713143885,0.13913530713371453,0.13913530713143885,0.13913530712928138,0.13913530712799482,0.13913530712928138,0.1391353071303809,0.13913530712928138,0.13913530712799482,0.13807980363016212,0.1380798036323668,0.13807980363451908,0.1380798036323668,0.13807980363016212,0.1380798036323668,0.13807980363667832,0.13807980364239053,0.13807980363667832,0.1380798036323668,0.13807980363451908,0.13807980364239053,0.13807980365801453,0.13807980364239053,0.13807980363451908,0.1380798036323668,0.13807980363667832,0.13807980364239053,0.13807980363667832,0.1380798036323668,0.13807980363016212,0.1380798036323668,0.13807980363451908,0.1380798036323668,0.13807980363016212,0.13704476571338783,0.13704476571667812,0.13704476572061233,0.13704476571667812,0.13704476571338783,0.13704476571667812,0.13704476572467816,0.13704476574055313,0.13704476572467816,0.13704476571667812,0.13704476572061233,0.13704476574055313,0.13704476582803177,0.13704476574055313,0.13704476572061233,0.13704476571667812,0.13704476572467816,0.13704476574055313,0.13704476572467816,0.13704476571667812,0.13704476571338783,0.13704476571667812,0.13704476572061233,0.13704476571667812,0.13704476571338783,0.13602973228108278,0.13602973228334506,0.1360297322855467,0.13602973228334506,0.13602973228108278,0.13602973228334506,0.13602973228774978,0.13602973229360651,0.13602973228774978,0.13602973228334506,0.1360297322855467,0.13602973229360651,0.13602973230979454,0.13602973229360651,0.1360297322855467,0.13602973228334506,0.13602973228774978,0.13602973229360651,0.13602973228774978,0.13602973228334506,0.13602973228108278,0.13602973228334506,0.1360297322855467,0.13602973228334506,0.13602973228108278,0.1350342517572509,0.13503425175866035,0.13503425175982062,0.13503425175866035,0.1350342517572509,0.13503425175866035,0.13503425176091946,0.13503425176315165,0.13503425176091946,0.13503425175866035,0.13503425175982062,0.13503425176315165,0.13503425176719927,0.13503425176315165,0.13503425175982062,0.13503425175866035,0.13503425176091946,0.13503425176315165,0.13503425176091946,0.1350342517586605,0.1350342517572509,0.13503425175866035,0.13503425175982062,0.1350342517586605,0.1350342517572509
0.16533248792347138,0.16533248792347116,0.16533248792347094,0.16533248792347116,0.16533248792347138,0.16533248792347116,0.16533248792347094,0.16533248792347072,0.16533248792347094,0.16533248792347116,0.16533248792347094,0.16533248792347072,0.16533248792347047,0.16533248792347072,0.16533248792347094,0.16533248792347116,0.16533248792347094,0.16533248792347072,0.16533248792347094,0.16533248792347116,0.16533248792347138,0.16533248792347116,0.16533248792347094,0.16533248792347116,0.16533248792347138,0.16375749420192628,0.16375749420192556,0.16375749420192534,0.16375749420192556,0.16375749420192628,0.16375749420192556,0.16375749420192512,0.16375749420192465,0.16375749420192512,0.16375749420192556,0.16375749420192534,0.16375749420192465,0.16375749420192418,0.16375749420192465,0.16375749420192534,0.16375749420192556,0.16375749420192512,0.16375749420192465,0.16375749420192512,0.16375749420192556,0.16375749420192628,0.16375749420192556,0.16375749420192534,0.16375749420192556,0.16375749420192628,0.16221388441232945,0.16221388441232787,0.16221388441232673,0.16221388441232787,0.16221388441232945,0.16221388441232787,0.16221388441232604,0.16221388441232493,0.16221388441232604,0.16221388441232787,0.16221388441232673,0.16221388441232493,0.1622138844123238,0.16221388441232493,0.16221388441232673,0.16221388441232787,0.16221388441232604,0.16221388441232493,0.16221388441232604,0.16221388441232787,0.16221388441232945,0.16221388441232787,0.16221388441232673,0.16221388441232787,0.16221388441232945,0.16070106751172372,0.16070106751171861,0.16070106751171548,0.16070106751171861,0.16070106751172372,0.16070106751171861,0.16070106751171326,0.16070106751170973,0.16070106751171326,0.16070106751171861,0.16070106751171548,0.16070106751170973,0.1607010675117057,0.16070106751170973,0.16070106751171548,0.16070106751171861,0.16070106751171326,0.16070106751170973,0.16070106751171326,0.16070106751171861,0.16070106751172372,0.16070106751171861,0.16070106751171548,0.16070106751171861,0.16070106751172372,0.15921845187509384,0.15921845187507902,0.15921845187506922,0.15921845187507902,0.15921845187509384,0.15921845187507902,0.1592184518750618,0.15921845187505052,0.1592184518750618,0.15921845187507902,0.15921845187506922,0.15921845187505052,0.1592184518750379,0.15921845187505052,0.15921845187506922,0.15921845187507902,0.1592184518750618,0.15921845187505052,0.1592184518750618,0.15921845187507902,0.15921845187509384,0.15921845187507902,0.15921845187506922,0.15921845187507902,0.15921845187509384,0.15776544664722736,0.15776544664718362,0.1577654466471546,0.15776544664718362,0.15776544664722736,0.15776544664718362,0.15776544664713094,0.15776544664709444,0.15776544664713094,0.15776544664718362,0.1577654466471546,0.15776544664709444,0.15776544664705175,0.15776544664709444,0.1577654466471546,0.15776544664718362,0.15776544664713094,0.15776544664709444,0.15776544664713094,0.15776544664718362,0.15776544664722736,0.15776544664718362,0.1577654466471546,0.15776544664718362,0.15776544664722736,0.15634146295706233,0.15634146295693874,0.1563414629568524,0.15634146295693874,0.15634146295706233,0.15634146295693874,0.15634146295677856,0.15634146295665916,0.15634146295677856,0.15634146295693874,0.1563414629568524,0.15634146295665916,0.15634146295650714,0.15634146295665916,0.1563414629568524,0.15634146295693874,0.15634146295677856,0.15634146295665916,0.15634146295677856,0.15634146295693874,0.15634146295706233,0.15634146295693874,0.1563414629568524,0.15634146295693874,0.15634146295706233,0.15494591500481708,0.15494591500448243,0.15494591500423222,0.15494591500448243,0.15494591500481708,0.15494591500448243,0.15494591500400656,0.15494591500360758,0.15494591500400656,0.15494591500448243,0.15494591500423222,0.15494591500360758,0.15494591500302352,0.15494591500360758,0.15494591500423222,0.15494591500448243,0.15494591500400656,0.15494591500360758,0.15494591500400656,0.15494591500448243,0.15494591500481708,0.15494591500448243,0.15494591500423222,0.15494591500448243,0.15494591500481708,0.15357822103166033,0.15357822103082344,0.1535782210301291,0.15357822103082344,0.15357822103166033,0.15357822103082344,0.15357822102946994,0.15357822102811527,0.15357822102946994,0.15357822103082344,0.1535782210301291,0.15357822102811527,0.1535782210256236,0.15357822102811527,0.1535782210301291,0.15357822103082344,0.15357822102946994,0.15357822102811527,0.15357822102946994,0.15357822103082344,0.15357822103166033,0.15357822103082344,0.1535782210301291,0.15357822103082344,0.15357822103166033,0.15223780418114996,0.15223780417932228,0.15223780417757082,0.15223780417932228,0.15223780418114996,0.15223780417932228,0.15223780417582486,0.15223780417130875,0.15223780417582486,0.15223780417932228,0.15223780417757082,0.15223780417130875,0.15223780415929664,0.15223780417130875,0.15223780417757082,0.15223780417932228,0.15223780417582486,0.15223780417130875,0.15223780417582486,0.15223780417932228,0.15223780418114996,0.15223780417932228,0.15223780417757082,0.15223780417932228,0.15223780418114996,0.15092409326095738,0.15092409325788067,0.15092409325436856,0.15092409325788067,0.15092409326095738,0.15092409325788067,0.1509240932507542,0.15092409323771358,0.1509240932507542,0.15092409325788067,0.15092409325436856,0.15092409323771358,0.15092409317214223,0.15092409323771358,0.15092409325436856,0.15092409325788067,0.1509240932507542,0.15092409323771358,0.1509240932507542,0.15092409325788067,0.15092409326095738,0.15092409325788067,0.15092409325436856,0.15092409325788067,0.15092409326095738,0.14963652341199402,0.14963652340910574,0.14963652340594674,0.14963652340910574,0.14963652341199402,0.14963652340910574,0.14963652340270925,0.1496365233919963,0.14963652340270925,0.14963652340910574,0.14963652340594674,0.1496365233919963,0.14963652334514058,0.1496365233919963,0.14963652340594674,0.14963652340910574,0.14963652340270925,0.1496365233919963,0.14963652340270925,0.14963652340910574,0.14963652341199402,0.14963652340910574,0.14963652340594674,0.14963652340910574,0.14963652341199402,0.14837453669033807,0.1483745366885615,0.1483745366867562,0.1483745366885615,0.14837453669033807,0.1483745366885615,0.14837453668493422,0.14837453667950648,0.14837453668493422,0.1483745366885615,0.1483745366867562,0.14837453667950648,0.1483745366585492,0.14837453667950648,0.1483745366867562,0.1483745366885615,0.14837453668493422,0.14837453667950648,0.14837453668493422,0.1483745366885615,0.14837453669033807,0.1483745366885615,0.1483745366867562,0.1483745366885615,0.14837453669033807,0.1471375825765932,0.14713758257604861,0.14713758257559847,0.14713758257604861,0.1471375825765932,0.14713758257604861,0.14713758257517084,0.14713758257432177,0.14713758257517084,0.14713758257604861,0.14713758257559847,0.14713758257432177,0.14713758257308,0.14713758257432177,0.14713758257559847,0.14713758257604861,0.14713758257517084,0.14713758257432177,0.14713758257517084,0.14713758257604861,0.1471375825765932,0.14713758257604861,0.14713758257559847,0.14713758257604861,0.1471375825765932,0.1459251184153493,0.14592511841573713,0.14592511841624015,0.14592511841573713,0.1459251184153493,0.14592511841573713,0.1459251184167772,0.14592511841880998,0.1459251184167772,0.14592511841573713,0.14592511841624015,0.14592511841880998,0.1459251184287342,0.14592511841880998,0.14592511841624015,0.14592511841573713,0.1459251184167772,0.14592511841880998,0.1459251184167772,0.14592511841573713,0.1459251184153493,0.14592511841573713,0.14592511841624015,0.14592511841573713,0.1459251184153493,0.14473660978949823,0.1447366097904392,0.14473660979148598,0.1447366097904392,0.14473660978949823,0.1447366097904392,0.14473660979256558,0.14473660979618416,0.14473660979256558,0.1447366097904392,0.14473660979148598,0.14473660979618416,0.14473660981228342,0.14473660979618416,0.14473660979148598,0.1447366097904392,0.14473660979256558,0.14473660979618416,0.14473660979256558,0.1447366097904392,0.14473660978949823,0.1447366097904392,0.14473660979148598,0.1447366097904392,0.14473660978949823,0.14357153083517615,0.14357153083631546,0.14357153083753016,0.14357153083631546,0.14357153083517615,0.14357153083631546,0.1435715308387675,0.14357153084276436,0.1435715308387675,0.14357153083631546,0.14357153083753016,0.14357153084276436,0.14357153086008304,0.14357153084276436,0.14357153083753016,0.14357153083631546,0.1435715308387675,0.14357153084276436,0.1435715308387675,0.14357153083631546,0.14357153083517615,0.14357153083631546,0.14357153083753016,0.14357153083631546,0.14357153083517615,0.1424293645030975,0.14242936450418167,0.14242936450527996,0.14242936450418167,0.1424293645030975,0.14242936450418167,0.1424293645063836,0.14242936450972707,0.1424293645063836,0.14242936450418167,0.14242936450527996,0.14242936450972707,0.1424293645231447,0.14242936450972707,0.14242936450527996,0.14242936450418167,0.1424293645063836,0.14242936450972707,0.1424293645063836,0.14242936450418167,0.1424293645030975,0.14242936450418167,0.14242936450527996,0.14242936450418167,0.1424293645030975,0.14130960277123306,0.14130960277221277,0.1413096027731588,0.14130960277221277,0.14130960277123306,0.14130960277221277,0.1413096027740938,0.14130960277678528,0.1413096027740938,0.14130960277221277,0.1413096027731588,0.14130960277678528,0.14130960278703772,0.14130960277678528,0.1413096027731588,0.14130960277221277,0.1413096027740938,0.14130960277678528,0.1413096027740938,0.14130960277221277,0.14130960277123306,0.14130960277221277,0.1413096027731588,0.14130960277221277,0.14130960277123306,0.14021174681330625,0.14021174681429663,0.14021174681520548,0.14021174681429663,0.14021174681330625,0.14021174681429663,0.14021174681608736,0.1402117468185142,0.14021174681608736,0.14021174681429663,0.14021174681520548,0.1402117468185142,0.14021174682785528,0.1402117468185142,0.14021174681520548,0.14021174681429663,0.14021174681608736,0.1402117468185142,0.14021174681608736,0.14021174681429663,0.14021174681330625,0.14021174681429663,0.14021174681520548,0.14021174681429663,0.14021174681330625,0.13913530712758151,0.1391353071288646,0.1391353071299611,0.1391353071288646,0.13913530712758151,0.1391353071288646,0.13913530713101604,0.13913530713328556,0.13913530713101604,0.1391353071288646,0.1391353071299611,0.13913530713328556,0.13913530713790703,0.13913530713328556,0.1391353071299611,0.1391353071288646,0.13913530713101604,0.13913530713328556,0.13913530713101604,0.1391353071288646,0.13913530712758151,0.1391353071288646,0.1391353071299611,0.1391353071288646,0.13913530712758151,0.13807980362972583,0.13807980363192632,0.13807980363407457,0.13807980363192632,0.13807980362972583,0.13807980363192632,0.13807980363623,0.1380798036419319,0.13807980363623,0.13807980363192632,0.13807980363407457,0.1380798036419319,0.1380798036575291,0.1380798036419319,0.13807980363407457,0.13807980363192632,0.13807980363623,0.1380798036419319,0.13807980363623,0.13807980363192632,0.13807980362972583,0.13807980363192632,0.13807980363407457,0.13807980363192632,0.13807980362972583,0.13704476571293672,0.1370447657162214,0.1370447657201489,0.1370447657162214,0.13704476571293672,0.1370447657162214,0.1370447657242079,0.13704476574005656,0.1370447657242079,0.1370447657162214,0.1370447657201489,0.13704476574005656,0.13704476582739047,0.13704476574005656,0.1370447657201489,0.1370447657162214,0.1370447657242079,0.13704476574005656,0.1370447657242079,0.1370447657162214,0.13704476571293672,0.1370447657162214,0.1370447657201489,0.1370447657162214,0.13704476571293672,0.136029732280628,0.13602973228288637,0.1360297322850845,0.13602973228288637,0.136029732280628,0.13602973228288637,0.13602973228728382,0.1360297322931309,0.13602973228728382,0.13602973228288637,0.1360297322850845,0.1360297322931309,0.1360297323092922,0.1360297322931309,0.1360297322850845,0.13602973228288637,0.13602973228728382,0.1360297322931309,0.13602973228728382,0.13602973228288637,0.136029732280628,0.13602973228288637,0.1360297322850845,0.13602973228288637,0.136029732280628,0.1350342517568001,0.13503425175820732,0.13503425175936554,0.13503425175820732,0.1350342517568001,0.13503425175820732,0.1350342517604626,0.135034251762691,0.1350342517604626,0.13503425175820732,0.13503425175936554,0.135034251762691,0.13503425176673187,0.135034251762691,0.13503425175936554,0.13503425175820732,0.1350342517604626,0.135034251762691,0.1350342517604626,0.13503425175820732,0.1350342517568001,0.13503425175820732,0.13503425175936554,0.13503425175820732,0.1350342517568001
0.1653324879238025,0.16533248792380228,0.16533248792380228,0.16533248792380228,0.1653324879238025,0.16533248792380228,0.16533248792380204,0.16533248792380204,0.16533248792380204,0.16533248792380228,0.16533248792380228,0.16533248792380204,0.16533248792380179,0.16533248792380179,0.16533248792380228,0.16533248792380228,0.16533248792380204,0.16533248792380179,0.16533248792380204,0.16533248792380228,0.1653324879238025,0.16533248792380228,0.16533248792380228,0.16533248792380228,0.1653324879238025,0.16375749420225075,0.16375749420225005,0.16375749420224983,0.16375749420225005,0.16375749420225075,0.16375749420225005,0.1637574942022496,0.16375749420224914,0.1637574942022496,0.16375749420225005,0.16375749420224983,0.16375749420224914,0.16375749420224892,0.16375749420224914,0.16375749420224983,0.16375749420225005,0.1637574942022496,0.16375749420224914,0.1637574942022496,0.16375749420225005,0.16375749420225075,0.16375749420225005,0.16375749420224983,0.16375749420225005,0.16375749420225075,0.16221388441264747,0.16221388441264586,0.16221388441264475,0.16221388441264586,0.16221388441264747,0.16221388441264586,0.1622138844126441,0.16221388441264295,0.1622138844126441,0.16221388441264586,0.16221388441264475,0.16221388441264295,0.1622138844126418,0.16221388441264295,0.16221388441264475,0.16221388441264586,0.1622138844126441,0.16221388441264295,0.1622138844126441,0.16221388441264586,0.16221388441264747,0.16221388441264586,0.16221388441264475,0.16221388441264586,0.16221388441264747,0.1607010675120352,0.1607010675120303,0.16070106751202717,0.1607010675120303,0.1607010675120352,0.1607010675120303,0.16070106751202473,0.16070106751202118,0.16070106751202473,0.1607010675120303,0.16070106751202717,0.16070106751202118,0.16070106751201743,0.16070106751202118,0.16070106751202717,0.1607010675120303,0.16070106751202473,0.16070106751202118,0.16070106751202473,0.1607010675120303,0.1607010675120352,0.1607010675120303,0.16070106751202717,0.1607010675120303,0.1607010675120352,0.15921845187539907,0.15921845187538403,0.15921845187537448,0.15921845187538403,0.15921845187539907,0.15921845187538403,0.15921845187536707,0.15921845187535574,0.15921845187536707,0.15921845187538403,0.15921845187537448,0.15921845187535574,0.15921845187534311,0.15921845187535574,0.15921845187537448,0.15921845187538403,0.15921845187536707,0.15921845187535574,0.15921845187536707,0.15921845187538403,0.15921845187539907,0.15921845187538403,0.15921845187537448,0.15921845187538403,0.15921845187539907,0.1577654466475261,0.15776544664748257,0.15776544664745354,0.15776544664748257,0.1577654466475261,0.15776544664748257,0.15776544664743009,0.1577654466473936,0.15776544664743009,0.15776544664748257,0.15776544664745354,0.1577654466473936,0.15776544664735093,0.1577654466473936,0.15776544664745354,0.15776544664748257,0.15776544664743009,0.1577654466473936,0.15776544664743009,0.15776544664748257,0.1577654466475261,0.15776544664748257,0.15776544664745354,0.15776544664748257,0.1577654466475261,0.15634146295735465,0.1563414629572311,0.15634146295714513,0.1563414629572311,0.15634146295735465,0.1563414629572311,0.15634146295707155,0.1563414629569523,0.15634146295707155,0.1563414629572311,0.15634146295714513,0.1563414629569523,0.1563414629568007,0.1563414629569523,0.15634146295714513,0.1563414629572311,0.15634146295707155,0.1563414629569523,0.15634146295707155,0.1563414629572311,0.15634146295735465,0.1563414629572311,0.15634146295714513,0.1563414629572311,0.15634146295735465,0.15494591500510213,0.1549459150047685,0.15494591500451893,0.1549459150047685,0.15494591500510213,0.1549459150047685,0.1549459150042939,0.15494591500389593,0.1549459150042939,0.1549459150047685,0.15494591500451893,0.15494591500389593,0.1549459150033133,0.15494591500389593,0.15494591500451893,0.1549459150047685,0.1549459150042939,0.15494591500389593,0.1549459150042939,0.1549459150047685,0.15494591500510213,0.1549459150047685,0.15494591500451893,0.1549459150047685,0.15494591500510213,0.1535782210319363,0.1535782210311018,0.15357822103040947,0.1535782210311018,0.1535782210319363,0.1535782210311018,0.15357822102975194,0.15357822102840066,0.15357822102975194,0.1535782210311018,0.15357822103040947,0.15357822102840066,0.15357822102591523,0.15357822102840066,0.15357822103040947,0.1535782210311018,0.15357822102975194,0.15357822102840066,0.15357822102975194,0.1535782210311018,0.1535782210319363,0.1535782210311018,0.15357822103040947,0.1535782210311018,0.1535782210319363,0.15223780418141253,0.15223780417958996,0.15223780417784305,0.15223780417958996,0.15223780418141253,0.15223780417958996,0.1522378041761018,0.15223780417159732,0.1522378041761018,0.15223780417958996,0.15223780417784305,0.15223780417159732,0.15223780415961552,0.15223780417159732,0.15223780417784305,0.15223780417958996,0.1522378041761018,0.15223780417159732,0.1522378041761018,0.15223780417958996,0.15223780418141253,0.15223780417958996,0.15223780417784305,0.15223780417958996,0.15223780418141253,0.1509240932611958,0.150924093258128,0.15092409325462572,0.150924093258128,0.1509240932611958,0.150924093258128,0.1509240932510216,0.15092409323801512,0.1509240932510216,0.150924093258128,0.15092409325462572,0.15092409323801512,0.15092409317262123,0.15092409323801512,0.15092409325462572,0.150924093258128,0.1509240932510216,0.15092409323801512,0.1509240932510216,0.150924093258128,0.1509240932611958,0.150924093258128,0.15092409325462572,0.150924093258128,0.1509240932611958,0.1496365234121895,0.14963652340931147,0.1496365234061632,0.14963652340931147,0.1496365234121895,0.14963652340931147,0.14963652340293687,0.14963652339226063,0.14963652340293687,0.14963652340931147,0.1496365234061632,0.14963652339226063,0.14963652334555957,0.14963652339226063,0.1496365234061632,0.14963652340931147,0.14963652340293687,0.14963652339226063,0.14963652340293687,0.14963652340931147,0.1496365234121895,0.14963652340931147,0.1496365234061632,0.14963652340931147,0.1496365234121895,0.14837453669046913,0.14837453668870104,0.14837453668690503,0.14837453668870104,0.14837453669046913,0.14837453668870104,0.1483745366850925,0.14837453667969586,0.1483745366850925,0.14837453668870104,0.14837453668690503,0.14837453667969586,0.1483745366588535,0.14837453667969586,0.14837453668690503,0.14837453668870104,0.1483745366850925,0.14837453667969586,0.1483745366850925,0.14837453668870104,0.14837453669046913,0.14837453668870104,0.14837453668690503,0.14837453668870104,0.14837453669046913,0.14713758257664136,0.1471375825761013,0.1471375825756559,0.1471375825761013,0.14713758257664136,0.1471375825761013,0.14713758257523296,0.14713758257439918,0.14713758257523296,0.1471375825761013,0.1471375825756559,0.14713758257439918,0.14713758257325055,0.14713758257439918,0.1471375825756559,0.1471375825761013,0.14713758257523296,0.14713758257439918,0.14713758257523296,0.1471375825761013,0.14713758257664136,0.1471375825761013,0.1471375825756559,0.1471375825761013,0.14713758257664136,0.14592511841530442,0.14592511841569153,0.14592511841619368,0.14592511841569153,0.14592511841530442,0.14592511841569153,0.14592511841672964,0.14592511841875852,0.14592511841672964,0.14592511841569153,0.14592511841619368,0.14592511841875852,0.14592511842864464,0.14592511841875852,0.14592511841619368,0.14592511841569153,0.14592511841672964,0.14592511841875852,0.14592511841672964,0.14592511841569153,0.14592511841530442,0.14592511841569153,0.14592511841619368,0.14592511841569153,0.14592511841530442,0.14473660978936032,0.14473660979029607,0.14473660979133762,0.14473660979029607,0.14473660978936032,0.14473660979029607,0.14473660979241146,0.14473660979601258,0.14473660979241146,0.14473660979029607,0.14473660979133762,0.14473660979601258,0.1447366098120654,0.14473660979601258,0.14473660979133762,0.14473660979029607,0.14473660979241146,0.14473660979601258,0.14473660979241146,0.14473660979029607,0.14473660978936032,0.14473660979029607,0.14473660979133762,0.14473660979029607,0.14473660978936032,0.14357153083495441,0.1435715308360853,0.1435715308372906,0.1435715308360853,0.14357153083495441,0.1435715308360853,0.14357153083851837,0.14357153084248286,0.14357153083851837,0.1435715308360853,0.1435715308372906,0.14357153084248286,0.14357153085966415,0.14357153084248286,0.1435715308372906,0.1435715308360853,0.14357153083851837,0.14357153084248286,0.14357153083851837,0.1435715308360853,0.14357153083495441,0.1435715308360853,0.1435715308372906,0.1435715308360853,0.14357153083495441,0.14242936450280813,0.14242936450388358,0.14242936450497246,0.14242936450388358,0.14242936450280813,0.14242936450388358,0.14242936450606622,0.1424293645093773,0.14242936450606622,0.14242936450388358,0.14242936450497246,0.1424293645093773,0.14242936452266058,0.1424293645093773,0.14242936450497246,0.14242936450388358,0.14242936450606622,0.1424293645093773,0.14242936450606622,0.14242936450388358,0.14242936450280813,0.14242936450388358,0.14242936450497246,0.14242936450388358,0.14242936450280813,0.14130960277089327,0.1413096027718664,0.14130960277280602,0.1413096027718664,0.14130960277089327,0.1413096027718664,0.14130960277373458,0.14130960277640797,0.14130960277373458,0.1413096027718664,0.14130960277280602,0.14130960277640797,0.14130960278660026,0.14130960277640797,0.14130960277280602,0.1413096027718664,0.14130960277373458,0.14130960277640797,0.14130960277373458,0.1413096027718664,0.14130960277089327,0.1413096027718664,0.14130960277280602,0.1413096027718664,0.14130960277089327,0.14021174681292842,0.14021174681391446,0.14021174681481893,0.14021174681391446,0.14021174681292842,0.14021174681391446,0.14021174681569665,0.14021174681811188,0.14021174681569665,0.14021174681391446,0.14021174681481893,0.14021174681811188,0.14021174682740617,0.14021174681811188,0.14021174681481893,0.14021174681391446,0.14021174681569665,0.14021174681811188,0.14021174681569665,0.14021174681391446,0.14021174681292842,0.14021174681391446,0.14021174681481893,0.14021174681391446,0.14021174681292842,0.13913530712717453,0.13913530712845398,0.13913530712954764,0.13913530712845398,0.13913530712717453,0.13913530712845398,0.1391353071305997,0.13913530713286293,0.1391353071305997,0.13913530712845398,0.13913530712954764,0.13913530713286293,0.13913530713747144,0.13913530713286293,0.13913530712954764,0.13913530712845398,0.1391353071305997,0.13913530713286293,0.1391353071305997,0.13913530712845398,0.13913530712717453,0.13913530712845398,0.13913530712954764,0.13913530712845398,0.13913530712717453,0.13807980362929603,0.13807980363149236,0.1380798036336369,0.13807980363149236,0.13807980362929603,0.13807980363149236,0.13807980363578823,0.1380798036414803,0.13807980363578823,0.13807980363149236,0.1380798036336369,0.1380798036414803,0.13807980365705094,0.1380798036414803,0.1380798036336369,0.13807980363149236,0.13807980363578823,0.1380798036414803,0.13807980363578823,0.13807980363149236,0.13807980362929603,0.13807980363149236,0.1380798036336369,0.13807980363149236,0.13807980362929603,0.1370447657124925,0.1370447657157715,0.13704476571969262,0.1370447657157715,0.1370447657124925,0.1370447657157715,0.1370447657237448,0.1370447657395676,0.1370447657237448,0.1370447657157715,0.13704476571969262,0.1370447657395676,0.13704476582676742,0.1370447657395676,0.13704476571969262,0.1370447657157715,0.1370447657237448,0.1370447657395676,0.1370447657237448,0.1370447657157715,0.1370447657124925,0.1370447657157715,0.13704476571969262,0.1370447657157715,0.1370447657124925,0.13602973228018025,0.1360297322824349,0.1360297322846293,0.1360297322824349,0.1360297322801801,0.1360297322824349,0.136029732286825,0.13602973229266252,0.136029732286825,0.1360297322824349,0.1360297322846293,0.13602973229266252,0.13602973230879764,0.13602973229266252,0.1360297322846293,0.1360297322824349,0.136029732286825,0.13602973229266252,0.136029732286825,0.1360297322824349,0.1360297322801801,0.1360297322824349,0.1360297322846293,0.1360297322824349,0.1360297322801801,0.13503425175635622,0.13503425175776101,0.1350342517589173,0.13503425175776101,0.13503425175635622,0.13503425175776101,0.13503425176001263,0.13503425176223738,0.13503425176001263,0.13503425175776101,0.1350342517589173,0.13503425176223738,0.13503425176627168,0.13503425176223738,0.1350342517589173,0.13503425175776101,0.13503425176001263,0.13503425176223738,0.13503425176001263,0.13503425175776101,0.13503425175635622,0.13503425175776101,0.1350342517589173,0.13503425175776101,0.13503425175635622
0.16533248792412886,0.16533248792412863,0.16533248792412839,0.16533248792412863,0.16533248792412886,0.16533248792412863,0.16533248792412839,0.16533248792412816,0.16533248792412839,0.16533248792412863,0.16533248792412839,0.16533248792412816,0.16533248792412816,0.16533248792412816,0.16533248792412839,0.16533248792412863,0.16533248792412839,0.16533248792412816,0.16533248792412839,0.16533248792412863,0.16533248792412886,0.16533248792412863,0.16533248792412839,0.16533248792412863,0.16533248792412886,0.1637574942025704,0.16375749420256994,0.16375749420256946,0.16375749420256994,0.1637574942025704,0.16375749420256994,0.16375749420256927,0.16375749420256902,0.16375749420256927,0.16375749420256994,0.16375749420256946,0.16375749420256902,0.16375749420256855,0.16375749420256902,0.16375749420256946,0.16375749420256994,0.16375749420256927,0.16375749420256902,0.16375749420256927,0.16375749420256994,0.1637574942025704,0.16375749420256994,0.16375749420256946,0.16375749420256994,0.1637574942025704,0.16221388441296075,0.16221388441295914,0.162213884412958,0.16221388441295914,0.16221388441296075,0.16221388441295914,0.16221388441295734,0.1622138844129562,0.16221388441295734,0.16221388441295914,0.162213884412958,0.1622138844129562,0.16221388441295506,0.1622138844129562,0.162213884412958,0.16221388441295914,0.16221388441295734,0.1622138844129562,0.16221388441295734,0.16221388441295914,0.16221388441296075,0.16221388441295914,0.162213884412958,0.16221388441295914,0.16221388441296075,0.1607010675123422,0.1607010675123371,0.16070106751233396,0.1607010675123371,0.1607010675123422,0.1607010675123371,0.16070106751233176,0.16070106751232818,0.16070106751233176,0.1607010675123371,0.16070106751233396,0.16070106751232818,0.1607010675123242,0.16070106751232818,0.16070106751233396,0.1607010675123371,0.16070106751233176,0.16070106751232818,0.16070106751233176,0.1607010675123371,0.1607010675123422,0.1607010675123371,0.16070106751233396,0.1607010675123371,0.1607010675123422,0.15921845187569952,0.15921845187568473,0.15921845187567513,0.15921845187568473,0.15921845187569952,0.15921845187568473,0.15921845187566774,0.15921845187565642,0.15921845187566774,0.15921845187568473,0.15921845187567513,0.15921845187565642,0.1592184518756438,0.15921845187565642,0.15921845187567513,0.15921845187568473,0.15921845187566774,0.15921845187565642,0.15921845187566774,0.15921845187568473,0.15921845187569952,0.15921845187568473,0.15921845187567513,0.15921845187568473,0.15921845187569952,0.15776544664782033,0.157765446647777,0.157765446647748,0.157765446647777,0.15776544664782033,0.157765446647777,0.15776544664772452,0.15776544664768824,0.15776544664772452,0.157765446647777,0.157765446647748,0.15776544664768824,0.15776544664764555,0.15776544664768824,0.157765446647748,0.157765446647777,0.15776544664772452,0.15776544664768824,0.15776544664772452,0.157765446647777,0.15776544664782033,0.157765446647777,0.157765446647748,0.157765446647777,0.15776544664782033,0.1563414629576424,0.15634146295751922,0.15634146295743348,0.15634146295751922,0.1563414629576424,0.15634146295751922,0.1563414629573601,0.1563414629572413,0.1563414629573601,0.15634146295751922,0.15634146295743348,0.1563414629572413,0.15634146295709014,0.1563414629572413,0.15634146295743348,0.15634146295751922,0.1563414629573601,0.1563414629572413,0.1563414629573601,0.15634146295751922,0.1563414629576424,0.15634146295751922,0.15634146295743348,0.15634146295751922,0.1563414629576424,0.1549459150053829,0.1549459150050501,0.1549459150048011,0.1549459150050501,0.1549459150053829,0.1549459150050501,0.1549459150045767,0.15494591500417976,0.1549459150045767,0.1549459150050501,0.1549459150048011,0.15494591500417976,0.15494591500359856,0.15494591500417976,0.1549459150048011,0.1549459150050501,0.1549459150045767,0.15494591500417976,0.1549459150045767,0.1549459150050501,0.1549459150053829,0.1549459150050501,0.1549459150048011,0.1549459150050501,0.1549459150053829,0.15357822103220845,0.15357822103137594,0.15357822103068544,0.15357822103137594,0.15357822103220845,0.15357822103137594,0.1535782210300297,0.15357822102868185,0.1535782210300297,0.15357822103137594,0.15357822103068544,0.15357822102868185,0.15357822102620283,0.15357822102868185,0.15357822103068544,0.15357822103137594,0.1535782210300297,0.15357822102868185,0.1535782210300297,0.15357822103137594,0.15357822103220845,0.15357822103137594,0.15357822103068544,0.15357822103137594,0.15357822103220845,0.152237804181671,0.15223780417985358,0.15223780417811134,0.15223780417985358,0.152237804181671,0.15223780417985358,0.1522378041763746,0.15223780417188176,0.1522378041763746,0.15223780417985358,0.15223780417811134,0.15223780417188176,0.15223780415992968,0.15223780417188176,0.15223780417811134,0.15223780417985358,0.1522378041763746,0.15223780417188176,0.1522378041763746,0.15223780417985358,0.152237804181671,0.15223780417985358,0.15223780417811134,0.15223780417985358,0.152237804181671,0.1509240932614306,0.15092409325837186,0.15092409325487924,0.15092409325837186,0.1509240932614306,0.15092409325837186,0.15092409325128492,0.1509240932383124,0.15092409325128492,0.15092409325837186,0.15092409325487924,0.1509240932383124,0.15092409317307692,0.1509240932383124,0.15092409325487924,0.15092409325837186,0.15092409325128492,0.1509240932383124,0.15092409325128492,0.15092409325837186,0.1509240932614306,0.15092409325837186,0.15092409325487924,0.15092409325837186,0.1509240932614306,0.14963652341238198,0.14963652340951397,0.14963652340637648,0.14963652340951397,0.14963652341238198,0.14963652340951397,0.1496365234031613,0.14963652339252084,0.1496365234031613,0.14963652340951397,0.14963652340637648,0.14963652339252084,0.1496365233459735,0.14963652339252084,0.14963652340637648,0.14963652340951397,0.1496365234031613,0.14963652339252084,0.1496365234031613,0.14963652340951397,0.14963652341238198,0.14963652340951397,0.14963652340637648,0.14963652340951397,0.14963652341238198,0.14837453669059827,0.14837453668883857,0.14837453668705164,0.14837453668883857,0.14837453669059827,0.14837453668883857,0.14837453668524836,0.14837453667988232,0.14837453668524836,0.14837453668883857,0.14837453668705164,0.14837453667988232,0.14837453665919562,0.14837453667988232,0.14837453668705164,0.14837453668883857,0.14837453668524836,0.14837453667988232,0.14837453668524836,0.14837453668883857,0.14837453669059827,0.14837453668883857,0.14837453668705164,0.14837453668883857,0.14837453669059827,0.14713758257668894,0.1471375825761531,0.14713758257571236,0.1471375825761531,0.14713758257668894,0.1471375825761531,0.1471375825752942,0.14713758257447562,0.1471375825752942,0.1471375825761531,0.14713758257571236,0.14713758257447562,0.14713758257338608,0.14713758257447562,0.14713758257571236,0.1471375825761531,0.1471375825752942,0.14713758257447562,0.1471375825752942,0.1471375825761531,0.14713758257668894,0.1471375825761531,0.14713758257571236,0.1471375825761531,0.14713758257668894,0.14592511841526026,0.14592511841564668,0.14592511841614791,0.14592511841564668,0.14592511841526026,0.14592511841564668,0.14592511841668315,0.14592511841870812,0.14592511841668315,0.14592511841564668,0.14592511841614791,0.14592511841870812,0.145925118428575,0.14592511841870812,0.14592511841614791,0.14592511841564668,0.14592511841668315,0.14592511841870812,0.14592511841668315,0.14592511841564668,0.14592511841526026,0.14592511841564668,0.14592511841614791,0.14592511841564668,0.14592511841526026,0.1447366097892245,0.1447366097901552,0.14473660979119135,0.1447366097901552,0.1447366097892245,0.1447366097901552,0.14473660979225994,0.14473660979584396,0.14473660979225994,0.1447366097901552,0.14473660979119135,0.14473660979584396,0.14473660981183029,0.14473660979584396,0.14473660979119135,0.1447366097901552,0.14473660979225994,0.14473660979584396,0.14473660979225994,0.1447366097901552,0.1447366097892245,0.1447366097901552,0.14473660979119135,0.1447366097901552,0.1447366097892245,0.14357153083473626,0.14357153083585875,0.14357153083705498,0.14357153083585875,0.14357153083473626,0.14357153083585875,0.1435715308382733,0.14357153084220567,0.1435715308382733,0.14357153083585875,0.14357153083705498,0.14357153084220567,0.1435715308592018,0.14357153084220567,0.14357153083705498,0.14357153083585875,0.1435715308382733,0.14357153084220567,0.1435715308382733,0.14357153083585875,0.14357153083473626,0.14357153083585875,0.14357153083705498,0.14357153083585875,0.14357153083473626,0.14242936450252328,0.1424293645035902,0.1424293645046695,0.14242936450359003,0.14242936450252328,0.1424293645035902,0.14242936450575386,0.14242936450903274,0.14242936450575386,0.14242936450359003,0.1424293645046695,0.14242936450903274,0.14242936452215782,0.14242936450903274,0.1424293645046695,0.14242936450359003,0.14242936450575386,0.14242936450903274,0.14242936450575386,0.14242936450359003,0.14242936450252328,0.14242936450359003,0.1424293645046695,0.14242936450359003,0.14242936450252328,0.14130960277055857,0.1413096027715255,0.14130960277245885,0.1413096027715255,0.14130960277055857,0.1413096027715255,0.14130960277338098,0.1413096027760366,0.14130960277338098,0.1413096027715255,0.14130960277245885,0.1413096027760366,0.141309602786171,0.1413096027760366,0.14130960277245885,0.1413096027715255,0.14130960277338098,0.1413096027760366,0.14130960277338098,0.1413096027715255,0.14130960277055857,0.1413096027715255,0.14130960277245885,0.1413096027715255,0.14130960277055857,0.1402117468125564,0.14021174681353796,0.1402117468144382,0.14021174681353796,0.1402117468125564,0.14021174681353796,0.14021174681531187,0.14021174681771553,0.14021174681531187,0.14021174681353796,0.1402117468144382,0.14021174681771553,0.14021174682697016,0.14021174681771553,0.1402117468144382,0.14021174681353796,0.14021174681531187,0.14021174681771553,0.14021174681531187,0.14021174681353796,0.1402117468125564,0.14021174681353796,0.1402117468144382,0.14021174681353796,0.1402117468125564,0.13913530712677372,0.1391353071280497,0.13913530712914052,0.1391353071280497,0.13913530712677372,0.1391353071280497,0.13913530713018976,0.13913530713244696,0.13913530713018976,0.1391353071280497,0.13913530712914052,0.13913530713244696,0.13913530713704247,0.13913530713244696,0.13913530712914052,0.1391353071280497,0.13913530713018976,0.13913530713244696,0.13913530713018976,0.1391353071280497,0.13913530712677372,0.1391353071280497,0.13913530712914052,0.1391353071280497,0.13913530712677372,0.13807980362887293,0.13807980363106523,0.1380798036332057,0.13807980363106523,0.13807980362887293,0.13807980363106523,0.13807980363535335,0.13807980364103561,0.13807980363535335,0.13807980363106523,0.1380798036332057,0.13807980364103561,0.13807980365658007,0.13807980364103561,0.1380798036332057,0.13807980363106523,0.13807980363535335,0.13807980364103561,0.13807980363535335,0.13807980363106523,0.13807980362887293,0.13807980363106523,0.1380798036332057,0.13807980363106523,0.13807980362887293,0.13704476571205487,0.13704476571532861,0.1370447657192432,0.13704476571532861,0.13704476571205487,0.13704476571532861,0.13704476572328883,0.13704476573908608,0.13704476572328883,0.13704476571532861,0.1370447657192432,0.13704476573908608,0.13704476582612582,0.13704476573908608,0.1370447657192432,0.13704476571532861,0.13704476572328883,0.13704476573908608,0.13704476572328883,0.13704476571532861,0.13704476571205487,0.13704476571532861,0.1370447657192432,0.13704476571532861,0.13704476571205487,0.1360297322797392,0.13602973228199008,0.13602973228418105,0.13602973228199008,0.1360297322797392,0.13602973228199008,0.13602973228637322,0.13602973229220122,0.13602973228637322,0.13602973228199008,0.13602973228418105,0.13602973229220122,0.13602973230831047,0.13602973229220122,0.13602973228418105,0.13602973228199008,0.13602973228637322,0.13602973229220122,0.13602973228637322,0.13602973228199008,0.1360297322797392,0.13602973228199008,0.13602973228418105,0.13602973228199008,0.1360297322797392,0.13503425175591896,0.13503425175732153,0.1350342517584761,0.13503425175732153,0.13503425175591896,0.13503425175732153,0.13503425175956954,0.13503425176179074,0.13503425175956954,0.13503425175732153,0.1350342517584761,0.13503425176179074,0.13503425176581849,0.13503425176179074,0.1350342517584761,0.13503425175732153,0.13503425175956954,0.13503425176179074,0.13503425175956954,0.13503425175732153,0.13503425175591896,0.13503425175732153,0.1350342517584761,0.13503425175732153,0.13503425175591896
0.16533248792445027,0.16533248792445004,0.16533248792444982,0.16533248792445004,0.16533248792445027,0.16533248792445004,0.16533248792444982,0.16533248792444957,0.16533248792444982,0.16533248792445004,0.16533248792444982,0.16533248792444957,0.16533248792444957,0.16533248792444957,0.16533248792444982,0.16533248792445004,0.16533248792444982,0.16533248792444957,0.16533248792444982,0.16533248792445004,0.16533248792445027,0.16533248792445004,0.16533248792444982,0.16533248792445004,0.16533248792445027,0.1637574942028854,0.16375749420288496,0.1637574942028845,0.16375749420288496,0.1637574942028854,0.16375749420288496,0.16375749420288427,0.16375749420288405,0.16375749420288427,0.16375749420288496,0.1637574942028845,0.16375749420288405,0.16375749420288357,0.16375749420288405,0.1637574942028845,0.16375749420288496,0.16375749420288427,0.16375749420288405,0.16375749420288427,0.16375749420288496,0.1637574942028854,0.16375749420288496,0.1637574942028845,0.16375749420288496,0.1637574942028854,0.16221388441326923,0.16221388441326767,0.16221388441326676,0.16221388441326767,0.16221388441326923,0.16221388441326767,0.16221388441326584,0.16221388441326492,0.16221388441326584,0.16221388441326767,0.16221388441326676,0.16221388441326492,0.1622138844132636,0.16221388441326492,0.16221388441326676,0.16221388441326767,0.16221388441326584,0.16221388441326492,0.16221388441326584,0.16221388441326767,0.16221388441326923,0.16221388441326767,0.16221388441326676,0.16221388441326767,0.16221388441326923,0.16070106751264454,0.16070106751263943,0.16070106751263633,0.16070106751263943,0.16070106751264454,0.16070106751263943,0.16070106751263413,0.16070106751263055,0.16070106751263413,0.16070106751263943,0.16070106751263633,0.16070106751263055,0.16070106751262675,0.16070106751263055,0.16070106751263633,0.16070106751263943,0.16070106751263413,0.16070106751263055,0.16070106751263413,0.16070106751263943,0.16070106751264454,0.16070106751263943,0.16070106751263633,0.16070106751263943,0.16070106751264454,0.15921845187599581,0.15921845187598102,0.15921845187597147,0.15921845187598102,0.15921845187599581,0.15921845187598102,0.15921845187596403,0.15921845187595274,0.15921845187596403,0.15921845187598102,0.15921845187597147,0.15921845187595274,0.15921845187594008,0.15921845187595274,0.15921845187597147,0.15921845187598102,0.15921845187596403,0.15921845187595274,0.15921845187596403,0.15921845187598102,0.15921845187599581,0.15921845187598102,0.15921845187597147,0.15921845187598102,0.15921845187599581,0.1577654466481103,0.157765446648067,0.15776544664803815,0.157765446648067,0.1577654466481103,0.157765446648067,0.1577654466480147,0.15776544664797842,0.1577654466480147,0.157765446648067,0.15776544664803815,0.15776544664797842,0.157765446647936,0.15776544664797842,0.15776544664803815,0.157765446648067,0.1577654466480147,0.15776544664797842,0.1577654466480147,0.157765446648067,0.1577654466481103,0.157765446648067,0.15776544664803815,0.157765446648067,0.1577654466481103,0.15634146295792595,0.15634146295780318,0.15634146295771767,0.15634146295780318,0.15634146295792595,0.15634146295780318,0.15634146295764448,0.1563414629575259,0.15634146295764448,0.15634146295780318,0.15634146295771767,0.1563414629575259,0.15634146295737517,0.1563414629575259,0.15634146295771767,0.15634146295780318,0.15634146295764448,0.1563414629575259,0.15634146295764448,0.15634146295780318,0.15634146295792595,0.15634146295780318,0.15634146295771767,0.15634146295780318,0.15634146295792595,0.15494591500565957,0.15494591500532756,0.1549459150050794,0.15494591500532756,0.15494591500565957,0.15494591500532756,0.15494591500485538,0.1549459150044595,0.15494591500485538,0.15494591500532756,0.1549459150050794,0.1549459150044595,0.15494591500387994,0.1549459150044595,0.1549459150050794,0.15494591500532756,0.15494591500485538,0.1549459150044595,0.15494591500485538,0.15494591500532756,0.15494591500565957,0.15494591500532756,0.1549459150050794,0.15494591500532756,0.15494591500565957,0.15357822103247637,0.15357822103164606,0.1535782210309574,0.15357822103164606,0.15357822103247637,0.15357822103164606,0.15357822103030325,0.15357822102895902,0.15357822103030325,0.15357822103164606,0.1535782210309574,0.15357822102895902,0.153578221026486,0.15357822102895902,0.1535782210309574,0.15357822103164606,0.15357822103030325,0.15357822102895902,0.15357822103030325,0.15357822103164606,0.15357822103247637,0.15357822103164606,0.1535782210309574,0.15357822103164606,0.15357822103247637,0.1522378041819259,0.1522378041801132,0.1522378041783757,0.1522378041801132,0.1522378041819259,0.1522378041801132,0.1522378041766435,0.15223780417216207,0.1522378041766435,0.1522378041801132,0.1522378041783757,0.15223780417216207,0.1522378041602393,0.15223780417216207,0.1522378041783757,0.1522378041801132,0.1522378041766435,0.15223780417216207,0.1522378041766435,0.1522378041801132,0.1522378041819259,0.1522378041801132,0.1522378041783757,0.1522378041801132,0.1522378041819259,0.15092409326166212,0.15092409325861184,0.15092409325512884,0.15092409325861184,0.15092409326166212,0.15092409325861184,0.1509240932515444,0.15092409323860526,0.1509240932515444,0.15092409325861184,0.15092409325512884,0.15092409323860526,0.1509240931735158,0.15092409323860526,0.15092409325512884,0.15092409325861184,0.1509240932515444,0.15092409323860526,0.1509240932515444,0.15092409325861184,0.15092409326166212,0.15092409325861184,0.15092409325512884,0.15092409325861184,0.15092409326166212,0.14963652341257183,0.14963652340971345,0.14963652340658656,0.14963652340971345,0.14963652341257183,0.14963652340971345,0.14963652340338235,0.14963652339277703,0.14963652340338218,0.14963652340971345,0.14963652340658656,0.14963652339277703,0.14963652334638758,0.14963652339277703,0.14963652340658656,0.14963652340971345,0.14963652340338218,0.14963652339277703,0.14963652340338235,0.14963652340971345,0.14963652341257183,0.14963652340971345,0.14963652340658656,0.14963652340971345,0.14963652341257183,0.1483745366907254,0.14837453668897385,0.148374536687196,0.14837453668897385,0.1483745366907254,0.14837453668897385,0.1483745366854018,0.14837453668006562,0.1483745366854018,0.14837453668897385,0.148374536687196,0.14837453668006562,0.1483745366594975,0.14837453668006562,0.148374536687196,0.14837453668897385,0.1483745366854018,0.14837453668006562,0.1483745366854018,0.14837453668897385,0.1483745366907254,0.14837453668897385,0.148374536687196,0.14837453668897385,0.1483745366907254,0.14713758257673565,0.14713758257620427,0.14713758257576795,0.14713758257620427,0.14713758257673565,0.14713758257620427,0.14713758257535453,0.14713758257455087,0.14713758257535453,0.14713758257620427,0.14713758257576795,0.14713758257455087,0.14713758257351742,0.14713758257455087,0.14713758257576795,0.14713758257620427,0.14713758257535453,0.14713758257455087,0.14713758257535453,0.14713758257620427,0.14713758257673565,0.14713758257620427,0.14713758257576795,0.14713758257620427,0.14713758257673565,0.14592511841521663,0.14592511841560268,0.14592511841610303,0.14592511841560268,0.14592511841521663,0.14592511841560268,0.1459251184166374,0.14592511841865863,0.1459251184166374,0.14592511841560268,0.14592511841610303,0.14592511841865863,0.14592511842852016,0.14592511841865863,0.14592511841610303,0.14592511841560268,0.1459251184166374,0.14592511841865863,0.1459251184166374,0.14592511841560268,0.14592511841521663,0.14592511841560268,0.14592511841610303,0.14592511841560268,0.14592511841521663,0.1447366097890908,0.14473660979001662,0.14473660979104733,0.14473660979001662,0.1447366097890908,0.14473660979001662,0.14473660979211053,0.1447366097956778,0.14473660979211053,0.14473660979001662,0.14473660979104733,0.1447366097956778,0.14473660981160302,0.1447366097956778,0.14473660979104733,0.14473660979001662,0.14473660979211053,0.1447366097956778,0.14473660979211053,0.14473660979001662,0.1447366097890908,0.14473660979001662,0.14473660979104733,0.14473660979001662,0.1447366097890908,0.14357153083452115,0.14357153083563545,0.14357153083682245,0.14357153083563545,0.14357153083452115,0.14357153083563545,0.14357153083803154,0.14357153084193242,0.14357153083803154,0.14357153083563545,0.14357153083682245,0.14357153084193242,0.1435715308588048,0.14357153084193242,0.14357153083682245,0.14357153083563545,0.14357153083803154,0.14357153084193242,0.14357153083803154,0.14357153083563545,0.14357153083452115,0.14357153083563545,0.14357153083682245,0.14357153083563545,0.14357153083452115,0.14242936450224247,0.14242936450330082,0.1424293645043709,0.14242936450330082,0.14242936450224247,0.14242936450330082,0.14242936450544585,0.1424293645086929,0.1424293645054457,0.14242936450330082,0.1424293645043709,0.1424293645086929,0.14242936452166682,0.1424293645086929,0.1424293645043709,0.14242936450330082,0.1424293645054457,0.1424293645086929,0.1424293645054457,0.14242936450330082,0.14242936450224247,0.14242936450330082,0.1424293645043709,0.14242936450330082,0.14242936450224247,0.14130960277022883,0.1413096027711893,0.1413096027721164,0.1413096027711893,0.14130960277022883,0.1413096027711893,0.1413096027730323,0.14130960277567034,0.1413096027730323,0.1413096027711893,0.1413096027721164,0.14130960277567034,0.14130960278573745,0.14130960277567034,0.1413096027721164,0.1413096027711893,0.1413096027730323,0.14130960277567034,0.1413096027730323,0.1413096027711893,0.14130960277022883,0.1413096027711893,0.1413096027721164,0.1413096027711893,0.14130960277022883,0.1402117468121899,0.14021174681316692,0.14021174681406315,0.14021174681316692,0.1402117468121899,0.14021174681316692,0.14021174681493262,0.14021174681732498,0.14021174681493262,0.14021174681316692,0.14021174681406315,0.14021174681732498,0.14021174682653573,0.14021174681732498,0.14021174681406315,0.14021174681316692,0.14021174681493262,0.14021174681732498,0.14021174681493262,0.14021174681316692,0.1402117468121899,0.14021174681316692,0.14021174681406315,0.14021174681316692,0.1402117468121899,0.13913530712637864,0.13913530712765143,0.1391353071287392,0.13913530712765143,0.13913530712637864,0.13913530712765143,0.13913530712978578,0.13913530713203698,0.13913530712978578,0.13913530712765143,0.1391353071287392,0.13913530713203698,0.13913530713661984,0.13913530713203698,0.1391353071287392,0.13913530712765143,0.13913530712978578,0.13913530713203698,0.13913530712978578,0.13913530712765143,0.13913530712637864,0.13913530712765143,0.1391353071287392,0.13913530712765143,0.13913530712637864,0.13807980362845604,0.13807980363064415,0.1380798036327809,0.13807980363064415,0.13807980362845604,0.13807980363064415,0.13807980363492484,0.13807980364059733,0.13807980363492484,0.13807980363064415,0.1380798036327809,0.13807980364059733,0.1380798036561162,0.13807980364059733,0.1380798036327809,0.13807980363064415,0.13807980363492484,0.13807980364059733,0.13807980363492484,0.13807980363064415,0.13807980362845604,0.13807980363064415,0.1380798036327809,0.13807980363064415,0.13807980362845604,0.13704476571162386,0.13704476571489213,0.13704476571880028,0.13704476571489213,0.13704476571162386,0.13704476571489213,0.13704476572283955,0.13704476573861157,0.13704476572283955,0.13704476571489213,0.13704476571880028,0.13704476573861157,0.13704476582552433,0.13704476573861157,0.13704476571880028,0.13704476571489213,0.13704476572283955,0.13704476573861157,0.13704476572283955,0.13704476571489213,0.13704476571162386,0.13704476571489213,0.13704476571880028,0.13704476571489213,0.13704476571162386,0.13602973227930454,0.13602973228155202,0.13602973228373927,0.13602973228155202,0.13602973227930454,0.13602973228155202,0.136029732285928,0.13602973229174686,0.136029732285928,0.13602973228155202,0.13602973228373927,0.13602973229174686,0.13602973230783053,0.13602973229174686,0.13602973228373927,0.13602973228155202,0.136029732285928,0.13602973229174686,0.136029732285928,0.13602973228155202,0.13602973227930454,0.13602973228155202,0.13602973228373927,0.13602973228155202,0.13602973227930454,0.13503425175548814,0.13503425175688855,0.1350342517580412,0.13503425175688855,0.13503425175548814,0.13503425175688855,0.13503425175913286,0.1350342517613506,0.13503425175913286,0.13503425175688855,0.1350342517580412,0.1350342517613506,0.135034251765372,0.1350342517613506,0.1350342517580412,0.13503425175688855,0.13503425175913286,0.1350342517613506,0.13503425175913286,0.13503425175688855,0.13503425175548814,0.13503425175688855,0.1350342517580412,0.13503425175688855,0.13503425175548833
0.16533248792476696,0.16533248792476674,0.16533248792476674,0.16533248792476674,0.16533248792476696,0.16533248792476674,0.1653324879247665,0.16533248792476626,0.1653324879247665,0.16533248792476674,0.16533248792476674,0.16533248792476626,0.16533248792476626,0.16533248792476626,0.16533248792476674,0.16533248792476674,0.1653324879247665,0.16533248792476626,0.1653324879247665,0.16533248792476674,0.16533248792476696,0.16533248792476674,0.16533248792476674,0.16533248792476674,0.16533248792476696,0.1637574942031958,0.16375749420319535,0.16375749420319488,0.16375749420319535,0.1637574942031958,0.16375749420319535,0.16375749420319466,0.16375749420319444,0.16375749420319466,0.16375749420319535,0.16375749420319488,0.16375749420319444,0.16375749420319397,0.16375749420319444,0.16375749420319488,0.16375749420319535,0.16375749420319466,0.16375749420319444,0.16375749420319466,0.16375749420319535,0.1637574942031958,0.16375749420319535,0.16375749420319488,0.16375749420319535,0.1637574942031958,0.16221388441357343,0.16221388441357187,0.1622138844135707,0.16221388441357187,0.16221388441357343,0.16221388441357187,0.16221388441357004,0.1622138844135689,0.16221388441357004,0.16221388441357187,0.1622138844135707,0.1622138844135689,0.1622138844135678,0.1622138844135689,0.16221388441357096,0.16221388441357187,0.16221388441357004,0.1622138844135689,0.16221388441357004,0.16221388441357187,0.16221388441357343,0.16221388441357187,0.16221388441357096,0.16221388441357187,0.16221388441357343,0.16070106751294247,0.16070106751293756,0.16070106751293445,0.16070106751293756,0.16070106751294247,0.16070106751293756,0.160701067512932,0.16070106751292845,0.160701067512932,0.16070106751293756,0.16070106751293445,0.16070106751292845,0.16070106751292468,0.16070106751292845,0.16070106751293445,0.16070106751293756,0.160701067512932,0.16070106751292845,0.160701067512932,0.16070106751293756,0.16070106751294247,0.16070106751293756,0.16070106751293445,0.16070106751293756,0.16070106751294247,0.15921845187628755,0.15921845187627276,0.15921845187626318,0.15921845187627276,0.15921845187628755,0.15921845187627276,0.159218451876256,0.15921845187624467,0.159218451876256,0.15921845187627276,0.15921845187626318,0.15921845187624467,0.15921845187623207,0.15921845187624467,0.15921845187626318,0.15921845187627276,0.159218451876256,0.15921845187624467,0.159218451876256,0.15921845187627276,0.15921845187628755,0.15921845187627276,0.15921845187626318,0.15921845187627276,0.15921845187628755,0.15776544664839598,0.15776544664835288,0.1577654466483241,0.15776544664835288,0.15776544664839598,0.15776544664835288,0.1577654466483006,0.15776544664826456,0.1577654466483006,0.15776544664835288,0.1577654466483241,0.15776544664826456,0.1577654466482223,0.15776544664826456,0.1577654466483241,0.15776544664835288,0.1577654466483006,0.15776544664826456,0.1577654466483006,0.15776544664835288,0.15776544664839598,0.15776544664835288,0.1577654466483241,0.15776544664835288,0.15776544664839598,0.15634146295820553,0.15634146295808296,0.15634146295799764,0.15634146295808296,0.15634146295820553,0.15634146295808296,0.15634146295792467,0.15634146295780632,0.15634146295792467,0.15634146295808296,0.15634146295799764,0.15634146295780632,0.15634146295765597,0.15634146295780632,0.15634146295799764,0.15634146295808296,0.15634146295792467,0.15634146295780632,0.15634146295792467,0.15634146295808296,0.15634146295820553,0.15634146295808296,0.15634146295799764,0.15634146295808296,0.15634146295820553,0.15494591500593233,0.15494591500560115,0.15494591500535337,0.15494591500560115,0.15494591500593233,0.15494591500560115,0.15494591500513022,0.1549459150047353,0.15494591500513022,0.15494591500560115,0.15494591500535337,0.1549459150047353,0.154945915004157,0.1549459150047353,0.15494591500535337,0.15494591500560115,0.15494591500513022,0.1549459150047353,0.15494591500513022,0.15494591500560115,0.15494591500593233,0.15494591500560115,0.15494591500535337,0.15494591500560115,0.15494591500593233,0.15357822103274046,0.1535782210319124,0.15357822103122554,0.1535782210319124,0.15357822103274046,0.1535782210319124,0.15357822103057298,0.15357822102923216,0.15357822103057298,0.1535782210319124,0.15357822103122554,0.15357822102923216,0.1535782210267652,0.15357822102923216,0.15357822103122554,0.1535782210319124,0.15357822103057298,0.15357822102923216,0.15357822103057298,0.1535782210319124,0.15357822103274046,0.1535782210319124,0.15357822103122554,0.1535782210319124,0.15357822103274046,0.15223780418217706,0.15223780418036909,0.1522378041786361,0.15223780418036909,0.15223780418217706,0.15223780418036909,0.15223780417690844,0.15223780417243843,0.15223780417690844,0.15223780418036909,0.1522378041786361,0.15223780417243843,0.1522378041605446,0.15223780417243843,0.1522378041786361,0.15223780418036909,0.15223780417690844,0.15223780417243843,0.15223780417690844,0.15223780418036909,0.15223780418217706,0.15223780418036909,0.1522378041786361,0.15223780418036909,0.15223780418217706,0.15092409326189013,0.15092409325884856,0.15092409325537504,0.15092409325884856,0.15092409326189013,0.15092409325884856,0.15092409325180003,0.15092409323889408,0.15092409325180003,0.15092409325884856,0.15092409325537504,0.15092409323889408,0.15092409317395625,0.15092409323889408,0.15092409325537504,0.15092409325884856,0.15092409325180003,0.15092409323889408,0.15092409325180003,0.15092409325884856,0.15092409326189013,0.15092409325884856,0.15092409325537504,0.15092409325884856,0.15092409326189013,0.14963652341275865,0.1496365234099101,0.14963652340679362,0.1496365234099101,0.14963652341275865,0.1496365234099101,0.1496365234036,0.14963652339302966,0.1496365234036,0.1496365234099101,0.14963652340679362,0.14963652339302966,0.1496365233468066,0.14963652339302966,0.14963652340679362,0.1496365234099101,0.1496365234036,0.14963652339302966,0.1496365234036,0.1496365234099101,0.14963652341275865,0.1496365234099101,0.14963652340679362,0.1496365234099101,0.14963652341275865,0.14837453669085068,0.1483745366891073,0.14837453668733816,0.1483745366891073,0.14837453669085068,0.1483745366891073,0.14837453668555287,0.1483745366802463,0.14837453668555287,0.1483745366891073,0.14837453668733816,0.1483745366802463,0.14837453665981887,0.1483745366802463,0.14837453668733816,0.1483745366891073,0.14837453668555287,0.1483745366802463,0.14837453668555287,0.1483745366891073,0.14837453669085068,0.1483745366891073,0.14837453668733816,0.1483745366891073,0.14837453669085068,0.14713758257678194,0.1471375825762546,0.14713758257582282,0.1471375825762546,0.14713758257678194,0.1471375825762546,0.1471375825754139,0.14713758257462478,0.1471375825754139,0.1471375825762546,0.14713758257582282,0.14713758257462478,0.14713758257367854,0.14713758257462478,0.14713758257582282,0.1471375825762546,0.1471375825754139,0.14713758257462478,0.1471375825754139,0.1471375825762546,0.14713758257678194,0.1471375825762546,0.14713758257582282,0.1471375825762546,0.14713758257678194,0.1459251184151739,0.14592511841555925,0.1459251184160587,0.14592511841555925,0.1459251184151739,0.14592511841555925,0.14592511841659236,0.14592511841861,0.14592511841659236,0.14592511841555925,0.1459251184160587,0.14592511841861,0.14592511842843042,0.14592511841861,0.1459251184160587,0.14592511841555925,0.14592511841659236,0.14592511841861,0.14592511841659236,0.14592511841555925,0.1459251184151739,0.14592511841555925,0.1459251184160587,0.14592511841555925,0.1459251184151739,0.14473660978895903,0.14473660978987993,0.1447366097909056,0.14473660978987993,0.14473660978895903,0.14473660978987993,0.1447366097919634,0.14473660979551425,0.1447366097919634,0.14473660978987993,0.1447366097909056,0.14473660979551425,0.14473660981136025,0.14473660979551425,0.1447366097909056,0.14473660978987993,0.1447366097919634,0.14473660979551425,0.1447366097919634,0.14473660978987993,0.14473660978895903,0.14473660978987993,0.1447366097909056,0.14473660978987993,0.14473660978895903,0.14357153083430912,0.14357153083541538,0.14357153083659352,0.14357153083541538,0.14357153083430912,0.14357153083541538,0.14357153083779334,0.14357153084166308,0.14357153083779334,0.14357153083541538,0.14357153083659352,0.14357153084166308,0.14357153085837687,0.14357153084166308,0.14357153083659352,0.14357153083541538,0.14357153083779334,0.14357153084166308,0.14357153083779334,0.14357153083541538,0.14357153083430912,0.14357153083541538,0.14357153083659352,0.14357153083541538,0.14357153083430912,0.14242936450196583,0.14242936450301563,0.14242936450407667,0.14242936450301563,0.14242936450196583,0.14242936450301563,0.14242936450514224,0.14242936450835803,0.14242936450514224,0.14242936450301563,0.14242936450407667,0.14242936450835803,0.14242936452119725,0.14242936450835803,0.14242936450407667,0.14242936450301563,0.14242936450514224,0.14242936450835803,0.14242936450514224,0.14242936450301563,0.14242936450196583,0.14242936450301563,0.14242936450407667,0.14242936450301563,0.14242936450196583,0.14130960276990384,0.14130960277085805,0.14130960277177892,0.14130960277085805,0.14130960276990384,0.14130960277085805,0.1413096027726889,0.14130960277530952,0.1413096027726889,0.14130960277085805,0.14130960277177892,0.14130960277530952,0.1413096027853194,0.14130960277530952,0.14130960277177892,0.14130960277085805,0.1413096027726889,0.14130960277530952,0.1413096027726889,0.14130960277085805,0.14130960276990384,0.14130960277085805,0.14130960277177892,0.14130960277085805,0.14130960276990384,0.14021174681182852,0.14021174681280119,0.14021174681369342,0.14021174681280119,0.14021174681182852,0.14021174681280119,0.14021174681455884,0.14021174681694007,0.14021174681455884,0.14021174681280119,0.14021174681369342,0.14021174681694007,0.14021174682609214,0.14021174681694007,0.14021174681369342,0.14021174681280119,0.14021174681455884,0.14021174681694007,0.14021174681455884,0.14021174681280119,0.14021174681182852,0.14021174681280119,0.14021174681369342,0.14021174681280119,0.14021174681182852,0.13913530712598934,0.13913530712725883,0.1391353071283438,0.13913530712725883,0.13913530712598934,0.13913530712725883,0.13913530712938765,0.1391353071316328,0.13913530712938765,0.13913530712725883,0.1391353071283438,0.1391353071316328,0.13913530713620323,0.1391353071316328,0.1391353071283438,0.13913530712725883,0.13913530712938765,0.1391353071316328,0.13913530712938765,0.13913530712725883,0.13913530712598934,0.13913530712725883,0.1391353071283438,0.13913530712725883,0.13913530712598934,0.13807980362804517,0.1380798036302294,0.1380798036323623,0.1380798036302294,0.13807980362804517,0.1380798036302294,0.13807980363450248,0.13807980364016537,0.13807980363450248,0.1380798036302294,0.1380798036323623,0.13807980364016537,0.13807980365565897,0.13807980364016537,0.1380798036323623,0.1380798036302294,0.13807980363450248,0.13807980364016537,0.13807980363450248,0.1380798036302294,0.13807980362804517,0.1380798036302294,0.1380798036323623,0.1380798036302294,0.13807980362804517,0.1370447657111989,0.137044765714462,0.13704476571836394,0.137044765714462,0.1370447657111989,0.137044765714462,0.1370447657223968,0.13704476573814403,0.1370447657223968,0.137044765714462,0.13704476571836394,0.13704476573814403,0.13704476582492392,0.13704476573814403,0.13704476571836394,0.137044765714462,0.1370447657223968,0.13704476573814403,0.1370447657223968,0.137044765714462,0.1370447657111989,0.137044765714462,0.13704476571836394,0.137044765714462,0.1370447657111989,0.1360297322788765,0.13602973228112022,0.136029732283304,0.13602973228112022,0.1360297322788765,0.13602973228112022,0.1360297322854893,0.13602973229129897,0.1360297322854893,0.13602973228112022,0.136029732283304,0.13602973229129897,0.1360297323073577,0.13602973229129897,0.136029732283304,0.13602973228112022,0.1360297322854893,0.13602973229129897,0.1360297322854893,0.13602973228112022,0.1360297322788765,0.13602973228112022,0.136029732283304,0.13602973228112022,0.1360297322788765,0.13503425175506376,0.1350342517564618,0.1350342517576127,0.1350342517564618,0.13503425175506376,0.1350342517564618,0.13503425175870262,0.13503425176091685,0.13503425175870262,0.1350342517564618,0.1350342517576127,0.13503425176091685,0.13503425176493195,0.13503425176091685,0.1350342517576127,0.1350342517564618,0.13503425175870262,0.13503425176091685,0.13503425175870262,0.1350342517564618,0.13503425175506376,0.1350342517564618,0.1350342517576127,0.1350342517564618,0.13503425175506376
0.16533248792507943,0.1653324879250792,0.16533248792507896,0.1653324879250792,0.16533248792507943,0.1653324879250792,0.16533248792507896,0.1653324879250787,0.16533248792507896,0.1653324879250792,0.16533248792507896,0.1653324879250787,0.1653324879250785,0.1653324879250787,0.16533248792507896,0.1653324879250792,0.16533248792507896,0.1653324879250787,0.16533248792507896,0.1653324879250792,0.16533248792507943,0.1653324879250792,0.16533248792507896,0.1653324879250792,0.16533248792507943,0.16375749420350202,0.16375749420350136,0.1637574942035011,0.16375749420350136,0.16375749420350202,0.16375749420350136,0.16375749420350086,0.16375749420350041,0.16375749420350086,0.16375749420350136,0.1637574942035011,0.16375749420350041,0.16375749420350016,0.16375749420350041,0.1637574942035011,0.16375749420350136,0.16375749420350086,0.16375749420350041,0.16375749420350086,0.16375749420350136,0.16375749420350202,0.16375749420350136,0.1637574942035011,0.16375749420350136,0.16375749420350202,0.16221388441387333,0.16221388441387177,0.16221388441387086,0.16221388441387177,0.16221388441387333,0.16221388441387177,0.16221388441386994,0.1622138844138688,0.16221388441386994,0.16221388441387177,0.16221388441387086,0.1622138844138688,0.16221388441386766,0.1622138844138688,0.16221388441387086,0.16221388441387177,0.16221388441386994,0.1622138844138688,0.16221388441386994,0.16221388441387177,0.16221388441387333,0.16221388441387177,0.16221388441387086,0.16221388441387177,0.16221388441387333,0.16070106751323637,0.16070106751323127,0.16070106751322813,0.16070106751323127,0.16070106751323637,0.16070106751323127,0.16070106751322594,0.16070106751322238,0.16070106751322594,0.16070106751323127,0.16070106751322813,0.16070106751322238,0.16070106751321858,0.16070106751322238,0.16070106751322813,0.16070106751323127,0.16070106751322594,0.16070106751322238,0.16070106751322594,0.16070106751323127,0.16070106751323637,0.16070106751323127,0.16070106751322813,0.16070106751323127,0.16070106751323637,0.15921845187657538,0.15921845187656058,0.159218451876551,0.15921845187656058,0.15921845187657538,0.15921845187656058,0.15921845187654385,0.1592184518765325,0.15921845187654385,0.15921845187656058,0.159218451876551,0.1592184518765325,0.15921845187651987,0.1592184518765325,0.159218451876551,0.15921845187656058,0.15921845187654385,0.1592184518765325,0.15921845187654385,0.15921845187656058,0.15921845187657538,0.15921845187656058,0.159218451876551,0.15921845187656058,0.15921845187657538,0.15776544664867764,0.15776544664863476,0.15776544664860595,0.15776544664863476,0.15776544664867764,0.15776544664863476,0.1577654466485827,0.1577654466485466,0.1577654466485827,0.15776544664863476,0.15776544664860595,0.1577654466485466,0.15776544664850436,0.1577654466485466,0.15776544664860595,0.15776544664863476,0.1577654466485827,0.1577654466485466,0.1577654466485827,0.15776544664863476,0.15776544664867764,0.15776544664863476,0.15776544664860595,0.15776544664863476,0.15776544664867764,0.1563414629584809,0.1563414629583588,0.1563414629582737,0.1563414629583588,0.1563414629584809,0.1563414629583588,0.15634146295820092,0.15634146295808296,0.15634146295820092,0.1563414629583588,0.1563414629582737,0.15634146295808296,0.15634146295793283,0.15634146295808296,0.1563414629582737,0.1563414629583588,0.15634146295820092,0.15634146295808296,0.15634146295820092,0.1563414629583588,0.1563414629584809,0.1563414629583588,0.1563414629582737,0.1563414629583588,0.1563414629584809,0.154945915006201,0.15494591500587085,0.15494591500562369,0.15494591500587085,0.154945915006201,0.15494591500587085,0.1549459150054011,0.15494591500500704,0.1549459150054011,0.15494591500587085,0.15494591500562369,0.15494591500500704,0.15494591500443017,0.15494591500500704,0.15494591500562369,0.15494591500587085,0.1549459150054011,0.15494591500500704,0.1549459150054011,0.15494591500587085,0.154945915006201,0.15494591500587085,0.15494591500562369,0.15494591500587085,0.154945915006201,0.15357822103300076,0.1535782210321749,0.15357822103148983,0.1535782210321749,0.15357822103300076,0.1535782210321749,0.15357822103083887,0.15357822102950147,0.15357822103083887,0.1535782210321749,0.15357822103148983,0.15357822102950147,0.15357822102704055,0.15357822102950147,0.15357822103148983,0.1535782210321749,0.15357822103083887,0.15357822102950147,0.15357822103083887,0.1535782210321749,0.15357822103300076,0.1535782210321749,0.15357822103148983,0.1535782210321749,0.15357822103300076,0.1522378041824245,0.1522378041806216,0.152237804178893,0.1522378041806216,0.1522378041824245,0.1522378041806216,0.15223780417716987,0.15223780417271085,0.15223780417716987,0.1522378041806216,0.152237804178893,0.15223780417271085,0.15223780416084576,0.15223780417271085,0.152237804178893,0.1522378041806216,0.15223780417716987,0.15223780417271085,0.15223780417716964,0.1522378041806216,0.1522378041824245,0.1522378041806216,0.152237804178893,0.1522378041806216,0.1522378041824245,0.15092409326211487,0.1509240932590818,0.15092409325561754,0.1509240932590818,0.15092409326211487,0.1509240932590818,0.1509240932520522,0.15092409323917882,0.1509240932520522,0.1509240932590818,0.15092409325561754,0.15092409323917882,0.15092409317444452,0.15092409323917882,0.15092409325561754,0.1509240932590818,0.1509240932520522,0.15092409323917882,0.1509240932520522,0.1509240932590818,0.15092409326211487,0.1509240932590818,0.15092409325561754,0.1509240932590818,0.15092409326211487,0.1496365234129428,0.14963652341010372,0.14963652340699782,0.14963652341010372,0.1496365234129428,0.14963652341010372,0.14963652340381461,0.1496365233932783,0.14963652340381461,0.14963652341010372,0.14963652340699782,0.1496365233932783,0.14963652334718325,0.1496365233932783,0.14963652340699782,0.14963652341010372,0.14963652340381461,0.1496365233932783,0.14963652340381461,0.14963652341010372,0.1496365234129428,0.14963652341010372,0.14963652340699782,0.14963652341010372,0.1496365234129428,0.14837453669097433,0.1483745366892387,0.14837453668747824,0.1483745366892387,0.14837453669097433,0.1483745366892387,0.1483745366857017,0.14837453668042402,0.1483745366857017,0.1483745366892387,0.14837453668747824,0.14837453668042402,0.14837453666012504,0.14837453668042402,0.14837453668747824,0.1483745366892387,0.1483745366857017,0.14837453668042402,0.1483745366857017,0.1483745366892387,0.14837453669097433,0.1483745366892387,0.14837453668747824,0.1483745366892387,0.14837453669097433,0.14713758257682738,0.14713758257630422,0.14713758257587695,0.14713758257630422,0.14713758257682738,0.14713758257630422,0.14713758257547238,0.1471375825746978,0.14713758257547238,0.14713758257630422,0.14713758257587695,0.1471375825746978,0.1471375825737937,0.1471375825746978,0.14713758257587695,0.14713758257630422,0.14713758257547238,0.1471375825746978,0.14713758257547238,0.14713758257630422,0.14713758257682738,0.14713758257630422,0.14713758257587695,0.14713758257630422,0.14713758257682738,0.14592511841513173,0.14592511841551634,0.14592511841601527,0.14592511841551634,0.14592511841513173,0.14592511841551634,0.14592511841654784,0.1459251184185623,0.14592511841654784,0.14592511841551634,0.14592511841601527,0.1459251184185623,0.14592511842835493,0.1459251184185623,0.14592511841601527,0.14592511841551634,0.14592511841654784,0.1459251184185623,0.14592511841654784,0.14592511841551634,0.14592511841513173,0.14592511841551634,0.14592511841601527,0.14592511841551634,0.14592511841513173,0.14473660978882916,0.1447366097897452,0.14473660979076577,0.1447366097897452,0.14473660978882916,0.1447366097897452,0.1447366097918185,0.14473660979535313,0.1447366097918185,0.1447366097897452,0.14473660979076577,0.14473660979535313,0.14473660981113404,0.14473660979535313,0.14473660979076577,0.1447366097897452,0.1447366097918185,0.14473660979535313,0.1447366097918185,0.1447366097897452,0.14473660978882916,0.1447366097897452,0.14473660979076577,0.1447366097897452,0.14473660978882916,0.14357153083410004,0.1435715308351984,0.1435715308363678,0.1435715308351984,0.14357153083410004,0.1435715308351984,0.14357153083755858,0.14357153084139768,0.14357153083755858,0.1435715308351984,0.1435715308363678,0.14357153084139768,0.1435715308580076,0.14357153084139768,0.1435715308363678,0.1435715308351984,0.14357153083755858,0.14357153084139768,0.14357153083755858,0.1435715308351984,0.14357153083410004,0.1435715308351984,0.1435715308363678,0.1435715308351984,0.14357153083410004,0.1424293645016929,0.1424293645027345,0.14242936450378663,0.1424293645027345,0.1424293645016929,0.1424293645027345,0.1424293645048428,0.14242936450802757,0.1424293645048428,0.1424293645027345,0.14242936450378663,0.14242936450802757,0.1424293645207049,0.14242936450802757,0.14242936450378663,0.1424293645027345,0.1424293645048428,0.14242936450802757,0.1424293645048428,0.1424293645027345,0.1424293645016929,0.1424293645027345,0.14242936450378663,0.1424293645027345,0.1424293645016929,0.14130960276958332,0.14130960277053128,0.1413096027714462,0.14130960277053128,0.14130960276958332,0.14130960277053128,0.1413096027723501,0.1413096027749536,0.1413096027723501,0.14130960277053128,0.1413096027714462,0.1413096027749536,0.14130960278490887,0.1413096027749536,0.1413096027714462,0.14130960277053128,0.1413096027723501,0.1413096027749536,0.1413096027723501,0.14130960277053128,0.14130960276958332,0.14130960277053128,0.1413096027714462,0.14130960277053128,0.14130960276958332,0.1402117468114723,0.14021174681244078,0.1402117468133288,0.14021174681244078,0.1402117468114723,0.14021174681244078,0.14021174681419035,0.14021174681656062,0.14021174681419035,0.14021174681244078,0.1402117468133288,0.14021174681656062,0.1402117468256835,0.14021174681656062,0.1402117468133288,0.14021174681244078,0.14021174681419035,0.14021174681656062,0.14021174681419035,0.14021174681244078,0.1402117468114723,0.14021174681244078,0.1402117468133288,0.14021174681244078,0.1402117468114723,0.13913530712560562,0.13913530712687178,0.13913530712795388,0.13913530712687178,0.13913530712560562,0.13913530712687178,0.13913530712899505,0.13913530713123454,0.13913530712899505,0.13913530712687178,0.13913530712795388,0.13913530713123454,0.13913530713579259,0.13913530713123454,0.13913530712795388,0.13913530712687178,0.13913530712899505,0.13913530713123454,0.13913530712899505,0.13913530712687178,0.13913530712560562,0.13913530712687178,0.13913530712795388,0.13913530712687178,0.13913530712560562,0.13807980362764005,0.1380798036298204,0.13807980363194974,0.1380798036298204,0.13807980362764005,0.1380798036298204,0.13807980363408606,0.13807980363973962,0.13807980363408606,0.1380798036298204,0.13807980363194974,0.13807980363973962,0.13807980365520828,0.13807980363973962,0.13807980363194974,0.1380798036298204,0.13807980363408606,0.13807980363973962,0.13807980363408606,0.1380798036298204,0.13807980362764005,0.1380798036298204,0.13807980363194974,0.1380798036298204,0.13807980362764005,0.1370447657107802,0.13704476571403795,0.1370447657179338,0.13704476571403795,0.1370447657107802,0.13704476571403795,0.1370447657219603,0.13704476573768323,0.1370447657219603,0.13704476571403795,0.1370447657179338,0.13704476573768323,0.13704476582433173,0.13704476573768323,0.1370447657179338,0.13704476571403795,0.1370447657219603,0.13704476573768323,0.1370447657219603,0.13704476571403795,0.1370447657107802,0.13704476571403795,0.1370447657179338,0.13704476571403795,0.1370447657107802,0.1360297322784542,0.1360297322806945,0.13602973228287504,0.1360297322806945,0.1360297322784542,0.1360297322806945,0.13602973228505694,0.1360297322908576,0.13602973228505694,0.1360297322806945,0.13602973228287504,0.1360297322908576,0.13602973230689147,0.1360297322908576,0.13602973228287504,0.1360297322806945,0.13602973228505694,0.1360297322908576,0.13602973228505694,0.1360297322806945,0.1360297322784542,0.1360297322806945,0.13602973228287504,0.1360297322806945,0.1360297322784542,0.1350342517546452,0.13503425175604122,0.13503425175719022,0.13503425175604122,0.1350342517546452,0.13503425175604122,0.13503425175827852,0.13503425176048936,0.13503425175827852,0.13503425175604122,0.13503425175719022,0.13503425176048936,0.13503425176449835,0.13503425176048936,0.13503425175719022,0.13503425175604122,0.13503425175827852,0.13503425176048936,0.13503425175827852,0.13503425175604122,0.1350342517546452,0.13503425175604122,0.13503425175719022,0.13503425175604122,0.1350342517546452
0.1653324879253874,0.16533248792538716,0.1653324879253869,0.16533248792538716,0.1653324879253874,0.16533248792538716,0.1653324879253869,0.16533248792538668,0.1653324879253869,0.16533248792538716,0.1653324879253869,0.16533248792538668,0.16533248792538643,0.16533248792538668,0.1653324879253869,0.16533248792538716,0.1653324879253869,0.16533248792538668,0.1653324879253869,0.16533248792538716,0.1653324879253874,0.16533248792538716,0.1653324879253869,0.16533248792538716,0.1653324879253874,0.16375749420380362,0.16375749420380317,0.16375749420380292,0.16375749420380317,0.16375749420380362,0.16375749420380317,0.1637574942038027,0.16375749420380226,0.1637574942038027,0.16375749420380317,0.16375749420380292,0.16375749420380226,0.16375749420380178,0.16375749420380226,0.16375749420380292,0.16375749420380317,0.1637574942038027,0.16375749420380226,0.1637574942038027,0.16375749420380317,0.16375749420380362,0.16375749420380317,0.16375749420380292,0.16375749420380317,0.16375749420380362,0.16221388441416915,0.16221388441416756,0.16221388441416645,0.16221388441416756,0.16221388441416915,0.16221388441416756,0.16221388441416576,0.1622138844141646,0.16221388441416576,0.16221388441416756,0.16221388441416645,0.1622138844141646,0.16221388441416348,0.1622138844141646,0.16221388441416645,0.16221388441416756,0.16221388441416576,0.1622138844141646,0.16221388441416576,0.16221388441416756,0.16221388441416915,0.16221388441416756,0.16221388441416645,0.16221388441416756,0.16221388441416915,0.16070106751352603,0.16070106751352095,0.16070106751351781,0.16070106751352095,0.16070106751352603,0.16070106751352095,0.16070106751351562,0.16070106751351204,0.16070106751351562,0.16070106751352095,0.16070106751351781,0.16070106751351204,0.16070106751350827,0.16070106751351204,0.16070106751351781,0.16070106751352095,0.16070106751351562,0.16070106751351204,0.16070106751351562,0.16070106751352095,0.16070106751352603,0.16070106751352095,0.16070106751351781,0.16070106751352095,0.16070106751352603,0.15921845187685907,0.1592184518768445,0.15921845187683492,0.1592184518768445,0.15921845187685907,0.1592184518768445,0.1592184518768275,0.1592184518768164,0.1592184518768275,0.1592184518768445,0.15921845187683492,0.1592184518768164,0.15921845187680378,0.1592184518768164,0.15921845187683492,0.1592184518768445,0.1592184518768275,0.1592184518768164,0.1592184518768275,0.1592184518768445,0.15921845187685907,0.1592184518768445,0.15921845187683492,0.1592184518768445,0.15921845187685907,0.15776544664895542,0.15776544664891254,0.15776544664888398,0.15776544664891254,0.15776544664895542,0.15776544664891254,0.15776544664886072,0.15776544664882464,0.15776544664886072,0.15776544664891254,0.15776544664888398,0.15776544664882464,0.15776544664878261,0.15776544664882464,0.15776544664888398,0.15776544664891254,0.15776544664886072,0.15776544664882464,0.15776544664886072,0.15776544664891254,0.15776544664895542,0.15776544664891254,0.15776544664888398,0.15776544664891254,0.15776544664895542,0.15634146295875273,0.15634146295863083,0.15634146295854592,0.15634146295863083,0.15634146295875273,0.15634146295863083,0.15634146295847337,0.15634146295835563,0.15634146295847337,0.15634146295863083,0.15634146295854592,0.15634146295835563,0.15634146295820592,0.15634146295835563,0.15634146295854592,0.15634146295863083,0.15634146295847337,0.15634146295835563,0.15634146295847337,0.15634146295863083,0.15634146295875273,0.15634146295863083,0.15634146295854592,0.15634146295863083,0.15634146295875273,0.15494591500646615,0.15494591500613683,0.1549459150058903,0.15494591500613683,0.15494591500646615,0.15494591500613683,0.15494591500566818,0.1549459150052751,0.15494591500566818,0.15494591500613683,0.1549459150058903,0.1549459150052751,0.15494591500469965,0.1549459150052751,0.1549459150058903,0.15494591500613683,0.15494591500566818,0.1549459150052751,0.15494591500566818,0.15494591500613683,0.15494591500646615,0.15494591500613683,0.1549459150058903,0.15494591500613683,0.15494591500646615,0.15357822103325766,0.15357822103243376,0.15357822103175053,0.15357822103243376,0.15357822103325766,0.15357822103243376,0.1535782210311012,0.15357822102976698,0.1535782210311012,0.15357822103243376,0.15357822103175053,0.15357822102976698,0.15357822102731208,0.15357822102976698,0.15357822103175053,0.15357822103243376,0.1535782210311012,0.15357822102976698,0.1535782210311012,0.15357822103243376,0.15357822103325766,0.15357822103243376,0.15357822103175053,0.15357822103243376,0.15357822103325766,0.15223780418266875,0.15223780418087043,0.1522378041791463,0.15223780418087043,0.15223780418266875,0.15223780418087043,0.15223780417742752,0.15223780417297952,0.15223780417742752,0.15223780418087043,0.1522378041791463,0.15223780417297952,0.1522378041611428,0.15223780417297952,0.1522378041791463,0.15223780418087043,0.15223780417742752,0.15223780417297952,0.15223780417742752,0.15223780418087043,0.15223780418266875,0.15223780418087043,0.1522378041791463,0.15223780418087043,0.15223780418266875,0.15092409326233655,0.15092409325931194,0.15092409325585696,0.15092409325931194,0.15092409326233655,0.15092409325931194,0.15092409325230086,0.1509240932394597,0.15092409325230086,0.15092409325931194,0.15092409325585696,0.1509240932394597,0.15092409317483518,0.1509240932394597,0.15092409325585696,0.15092409325931194,0.15092409325230086,0.1509240932394597,0.15092409325230086,0.15092409325931194,0.15092409326233655,0.15092409325931194,0.15092409325585696,0.15092409325931194,0.15092409326233655,0.14963652341312453,0.14963652341029487,0.14963652340719902,0.14963652341029487,0.14963652341312453,0.14963652341029487,0.1496365234040262,0.14963652339352373,0.1496365234040262,0.14963652341029487,0.14963652340719902,0.14963652339352373,0.1496365233476053,0.14963652339352373,0.14963652340719902,0.14963652341029487,0.1496365234040262,0.14963652339352373,0.1496365234040262,0.14963652341029487,0.14963652341312453,0.14963652341029487,0.14963652340719902,0.14963652341029487,0.14963652341312453,0.14837453669109607,0.14837453668936842,0.14837453668761633,0.14837453668936842,0.14837453669109607,0.14837453668936842,0.1483745366858485,0.1483745366805992,0.1483745366858485,0.14837453668936842,0.14837453668761633,0.1483745366805992,0.14837453666041323,0.1483745366805992,0.14837453668761633,0.14837453668936842,0.1483745366858485,0.1483745366805992,0.1483745366858485,0.14837453668936842,0.14837453669109607,0.14837453668936842,0.14837453668761633,0.14837453668936842,0.14837453669109607,0.14713758257687223,0.14713758257635323,0.14713758257593038,0.14713758257635323,0.14713758257687223,0.14713758257635323,0.14713758257553033,0.14713758257476975,0.14713758257553033,0.14713758257635323,0.14713758257593038,0.14713758257476975,0.14713758257393886,0.14713758257476975,0.14713758257593038,0.14713758257635323,0.14713758257553033,0.14713758257476975,0.14713758257553033,0.14713758257635323,0.14713758257687223,0.14713758257635323,0.14713758257593038,0.14713758257635323,0.14713758257687223,0.14592511841509023,0.14592511841547431,0.14592511841597233,0.14592511841547431,0.14592511841509023,0.14592511841547431,0.1459251184165044,0.14592511841851546,0.1459251184165044,0.14592511841547431,0.14592511841597233,0.14592511841851546,0.14592511842831327,0.14592511841851546,0.14592511841597233,0.14592511841547431,0.1459251184165044,0.14592511841851546,0.1459251184165044,0.14592511841547431,0.14592511841509023,0.14592511841547431,0.14592511841597233,0.14592511841547431,0.14592511841509023,0.14473660978870104,0.14473660978961253,0.14473660979062822,0.14473660978961253,0.14473660978870104,0.14473660978961253,0.1447366097916757,0.14473660979519445,0.1447366097916757,0.14473660978961253,0.14473660979062822,0.14473660979519445,0.14473660981091827,0.14473660979519445,0.14473660979062822,0.14473660978961253,0.1447366097916757,0.14473660979519445,0.1447366097916757,0.14473660978961253,0.14473660978870104,0.14473660978961253,0.14473660979062822,0.14473660978961253,0.14473660978870104,0.143571530833894,0.14357153083498456,0.14357153083614518,0.14357153083498456,0.143571530833894,0.14357153083498456,0.14357153083732707,0.1435715308411357,0.14357153083732707,0.14357153083498456,0.14357153083614518,0.1435715308411357,0.14357153085759194,0.1435715308411357,0.14357153083614518,0.14357153083498456,0.14357153083732707,0.1435715308411357,0.14357153083732707,0.14357153083498456,0.143571530833894,0.14357153083498456,0.14357153083614518,0.14357153083498456,0.143571530833894,0.14242936450142402,0.14242936450245733,0.14242936450350044,0.14242936450245733,0.14242936450142402,0.14242936450245733,0.14242936450454755,0.1424293645077018,0.14242936450454755,0.14242936450245733,0.14242936450350044,0.1424293645077018,0.1424293645202515,0.1424293645077018,0.14242936450350044,0.14242936450245733,0.14242936450454755,0.1424293645077018,0.14242936450454755,0.14242936450245733,0.14242936450142402,0.14242936450245733,0.14242936450350044,0.14242936450245733,0.14242936450142402,0.14130960276926718,0.14130960277020926,0.1413096027711181,0.14130960277020926,0.14130960276926718,0.14130960277020926,0.14130960277201607,0.14130960277460264,0.14130960277201607,0.14130960277020926,0.1413096027711181,0.14130960277460264,0.1413096027844829,0.14130960277460264,0.1413096027711181,0.14130960277020926,0.14130960277201607,0.14130960277460264,0.14130960277201607,0.14130960277020926,0.14130960276926718,0.14130960277020926,0.1413096027711181,0.14130960277020926,0.14130960276926718,0.14021174681112109,0.14021174681208523,0.14021174681296936,0.14021174681208523,0.14021174681112109,0.14021174681208523,0.14021174681382706,0.14021174681618637,0.14021174681382706,0.14021174681208523,0.14021174681296936,0.14021174681618637,0.14021174682526666,0.14021174681618637,0.14021174681296936,0.14021174681208523,0.14021174681382706,0.14021174681618637,0.14021174681382706,0.14021174681208523,0.14021174681112109,0.14021174681208523,0.14021174681296936,0.14021174681208523,0.14021174681112109,0.13913530712522723,0.13913530712649008,0.1391353071275695,0.13913530712649008,0.13913530712522723,0.13913530712649008,0.139135307128608,0.13913530713084182,0.139135307128608,0.13913530712649008,0.1391353071275695,0.13913530713084182,0.1391353071353877,0.13913530713084182,0.1391353071275695,0.13913530712649008,0.139135307128608,0.13913530713084182,0.139135307128608,0.13913530712649008,0.13913530712522723,0.13913530712649008,0.1391353071275695,0.13913530712649008,0.13913530712522723,0.13807980362724065,0.13807980362941713,0.13807980363154276,0.13807980362941713,0.13807980362724065,0.13807980362941713,0.13807980363367564,0.13807980363931993,0.13807980363367564,0.13807980362941713,0.13807980363154276,0.13807980363931993,0.13807980365476394,0.13807980363931993,0.13807980363154276,0.13807980362941713,0.13807980363367564,0.13807980363931993,0.13807980363367564,0.13807980362941713,0.13807980362724065,0.13807980362941713,0.13807980363154276,0.13807980362941713,0.13807980362724065,0.13704476571036722,0.13704476571362,0.13704476571750976,0.13704476571362,0.13704476571036722,0.13704476571362,0.13704476572153002,0.13704476573722893,0.13704476572153002,0.13704476571362,0.13704476571750976,0.13704476573722893,0.13704476582375139,0.13704476573722893,0.13704476571750976,0.13704476571362,0.13704476572153002,0.13704476573722893,0.13704476572153002,0.13704476571362,0.13704476571036722,0.13704476571362,0.13704476571750976,0.13704476571362,0.13704476571036722,0.13602973227803805,0.13602973228027493,0.13602973228245205,0.13602973228027493,0.13602973227803805,0.13602973228027493,0.13602973228463064,0.13602973229042237,0.13602973228463064,0.13602973228027493,0.13602973228245205,0.13602973229042237,0.1360297323064319,0.13602973229042237,0.13602973228245205,0.13602973228027493,0.13602973228463064,0.13602973229042237,0.13602973228463064,0.13602973228027493,0.13602973227803805,0.13602973228027493,0.13602973228245205,0.13602973228027493,0.13602973227803805,0.13503425175423284,0.13503425175562647,0.1350342517567739,0.13503425175562647,0.13503425175423284,0.13503425175562647,0.13503425175786044,0.13503425176006792,0.13503425175786044,0.13503425175562647,0.1350342517567739,0.13503425176006792,0.13503425176407075,0.13503425176006792,0.1350342517567739,0.13503425175562647,0.13503425175786044,0.13503425176006792,0.13503425175786044,0.13503425175562647,0.13503425175423284,0.13503425175562647,0.1350342517567739,0.13503425175562647,0.13503425175423284
0.1653324879256911,0.16533248792569089,0.16533248792569066,0.16533248792569089,0.1653324879256911,0.16533248792569089,0.16533248792569066,0.16533248792569039,0.16533248792569066,0.16533248792569089,0.16533248792569066,0.16533248792569039,0.16533248792569039,0.16533248792569039,0.16533248792569066,0.16533248792569089,0.16533248792569066,0.16533248792569039,0.16533248792569066,0.16533248792569089,0.1653324879256911,0.16533248792569089,0.16533248792569066,0.16533248792569089,0.1653324879256911,0.16375749420410154,0.16375749420410085,0.1637574942041006,0.16375749420410085,0.16375749420410154,0.16375749420410085,0.16375749420410035,0.1637574942040999,0.16375749420410035,0.16375749420410085,0.1637574942041006,0.1637574942040999,0.16375749420409969,0.1637574942040999,0.1637574942041006,0.16375749420410085,0.16375749420410035,0.1637574942040999,0.16375749420410035,0.16375749420410085,0.16375749420410154,0.16375749420410085,0.1637574942041006,0.16375749420410085,0.16375749420410154,0.16221388441446088,0.1622138844144593,0.1622138844144582,0.1622138844144593,0.16221388441446088,0.1622138844144593,0.16221388441445747,0.1622138844144564,0.16221388441445747,0.1622138844144593,0.1622138844144582,0.1622138844144564,0.16221388441445522,0.1622138844144564,0.1622138844144582,0.1622138844144593,0.16221388441445747,0.1622138844144564,0.16221388441445747,0.1622138844144593,0.16221388441446088,0.1622138844144593,0.1622138844144582,0.1622138844144593,0.16221388441446088,0.16070106751381172,0.16070106751380686,0.16070106751380375,0.16070106751380686,0.16070106751381172,0.16070106751380686,0.1607010675138015,0.16070106751379795,0.1607010675138015,0.16070106751380686,0.16070106751380375,0.16070106751379795,0.1607010675137942,0.16070106751379795,0.16070106751380375,0.16070106751380686,0.1607010675138015,0.16070106751379795,0.1607010675138015,0.16070106751380686,0.16070106751381172,0.16070106751380686,0.16070106751380375,0.16070106751380686,0.16070106751381172,0.15921845187713907,0.15921845187712447,0.15921845187711492,0.15921845187712447,0.15921845187713907,0.15921845187712447,0.1592184518771075,0.15921845187709638,0.1592184518771075,0.15921845187712447,0.15921845187711492,0.15921845187709638,0.15921845187708397,0.15921845187709638,0.15921845187711492,0.15921845187712447,0.1592184518771075,0.15921845187709638,0.1592184518771075,0.15921845187712447,0.15921845187713907,0.15921845187712447,0.15921845187711492,0.15921845187712447,0.15921845187713907,0.15776544664922962,0.15776544664918674,0.15776544664915815,0.15776544664918674,0.15776544664922962,0.15776544664918674,0.1577654466491351,0.15776544664909906,0.1577654466491351,0.15776544664918674,0.15776544664915815,0.15776544664909906,0.157765446649057,0.15776544664909906,0.15776544664915815,0.15776544664918674,0.1577654466491351,0.15776544664909906,0.1577654466491351,0.15776544664918674,0.15776544664922962,0.15776544664918674,0.15776544664915815,0.15776544664918674,0.15776544664922962,0.15634146295902082,0.15634146295889934,0.15634146295881463,0.15634146295889934,0.15634146295902082,0.15634146295889934,0.15634146295874207,0.15634146295862478,0.15634146295874207,0.15634146295889934,0.15634146295881463,0.15634146295862478,0.15634146295847545,0.15634146295862478,0.15634146295881463,0.15634146295889934,0.15634146295874207,0.15634146295862478,0.15634146295874207,0.15634146295889934,0.15634146295902082,0.15634146295889934,0.15634146295881463,0.15634146295889934,0.15634146295902082,0.15494591500672766,0.15494591500639915,0.15494591500615323,0.15494591500639915,0.15494591500672766,0.15494591500639915,0.15494591500593172,0.15494591500553967,0.15494591500593172,0.15494591500639915,0.15494591500615323,0.15494591500553967,0.15494591500496566,0.15494591500553967,0.15494591500615323,0.15494591500639915,0.15494591500593172,0.15494591500553967,0.15494591500593172,0.15494591500639915,0.15494591500672766,0.15494591500639915,0.15494591500615323,0.15494591500639915,0.15494591500672766,0.1535782210335111,0.15357822103268925,0.1535782210320076,0.15357822103268925,0.1535782210335111,0.15357822103268925,0.15357822103136007,0.15357822103002888,0.15357822103136007,0.15357822103268925,0.1535782210320076,0.15357822103002888,0.15357822102757981,0.15357822103002888,0.1535782210320076,0.15357822103268925,0.15357822103136007,0.15357822103002888,0.15357822103136007,0.15357822103268925,0.1535782210335111,0.15357822103268925,0.1535782210320076,0.15357822103268925,0.1535782210335111,0.1522378041829095,0.15223780418111588,0.15223780417939628,0.15223780418111588,0.1522378041829095,0.15223780418111588,0.15223780417768162,0.15223780417324448,0.15223780417768162,0.15223780418111588,0.15223780417939628,0.15223780417324448,0.1522378041614359,0.15223780417324448,0.15223780417939628,0.15223780418111588,0.15223780417768162,0.15223780417324448,0.15223780417768162,0.15223780418111588,0.1522378041829095,0.15223780418111588,0.15223780417939628,0.15223780418111588,0.1522378041829095,0.15092409326255513,0.15092409325953884,0.15092409325609288,0.15092409325953884,0.15092409326255513,0.15092409325953884,0.15092409325254624,0.15092409323973674,0.15092409325254624,0.15092409325953884,0.15092409325609288,0.15092409323973674,0.15092409317529357,0.15092409323973674,0.15092409325609288,0.15092409325953884,0.15092409325254624,0.15092409323973674,0.15092409325254624,0.15092409325953884,0.15092409326255513,0.15092409325953884,0.15092409325609288,0.15092409325953884,0.15092409326255513,0.14963652341330377,0.14963652341048342,0.14963652340739736,0.14963652341048342,0.14963652341330377,0.14963652341048342,0.14963652340423475,0.14963652339376557,0.14963652340423475,0.14963652341048342,0.14963652340739736,0.14963652339376557,0.14963652334797117,0.14963652339376557,0.14963652340739736,0.14963652341048342,0.14963652340423475,0.14963652339376557,0.14963652340423475,0.14963652341048342,0.14963652341330377,0.14963652341048342,0.14963652340739736,0.14963652341048342,0.14963652341330377,0.14837453669121617,0.1483745366894961,0.14837453668775236,0.1483745366894961,0.14837453669121617,0.1483745366894961,0.1483745366859932,0.14837453668077172,0.1483745366859932,0.1483745366894961,0.14837453668775236,0.14837453668077172,0.14837453666072792,0.14837453668077172,0.14837453668775236,0.1483745366894961,0.1483745366859932,0.14837453668077172,0.1483745366859932,0.1483745366894961,0.14837453669121617,0.1483745366894961,0.14837453668775236,0.1483745366894961,0.14837453669121617,0.1471375825769164,0.14713758257640155,0.14713758257598286,0.14713758257640155,0.1471375825769164,0.14713758257640155,0.1471375825755872,0.14713758257484078,0.1471375825755872,0.14713758257640155,0.14713758257598286,0.14713758257484078,0.14713758257404622,0.14713758257484078,0.14713758257598286,0.14713758257640155,0.1471375825755872,0.14713758257484078,0.1471375825755872,0.14713758257640155,0.1471375825769164,0.14713758257640155,0.14713758257598286,0.14713758257640155,0.1471375825769164,0.14592511841504927,0.14592511841543282,0.14592511841593014,0.14592511841543282,0.14592511841504927,0.14592511841543282,0.1459251184164613,0.14592511841846936,0.1459251184164613,0.14592511841543282,0.14592511841593014,0.14592511841846936,0.14592511842824274,0.14592511841846936,0.14592511841593014,0.14592511841543282,0.1459251184164613,0.14592511841846936,0.1459251184164613,0.14592511841543282,0.14592511841504927,0.14592511841543282,0.14592511841593014,0.14592511841543282,0.14592511841504927,0.14473660978857486,0.14473660978948164,0.14473660979049247,0.14473660978948164,0.14473660978857486,0.14473660978948164,0.14473660979153485,0.14473660979503805,0.14473660979153485,0.14473660978948164,0.14473660979049247,0.14473660979503805,0.14473660981069325,0.14473660979503805,0.14473660979049247,0.14473660978948164,0.14473660979153485,0.14473660979503805,0.14473660979153485,0.14473660978948164,0.14473660978857486,0.14473660978948164,0.14473660979049247,0.14473660978948164,0.14473660978857486,0.14357153083369076,0.14357153083477353,0.14357153083592566,0.14357153083477353,0.14357153083369076,0.14357153083477353,0.1435715308370988,0.14357153084087748,0.1435715308370988,0.14357153083477353,0.14357153083592566,0.14357153084087748,0.14357153085719415,0.14357153084087748,0.14357153083592566,0.14357153083477353,0.1435715308370988,0.14357153084087748,0.1435715308370988,0.14357153083477353,0.14357153083369076,0.14357153083477353,0.14357153083592566,0.14357153083477353,0.14357153083369076,0.14242936450115862,0.14242936450218394,0.1424293645032181,0.14242936450218394,0.14242936450115862,0.14242936450218394,0.14242936450425633,0.1424293645073804,0.14242936450425633,0.14242936450218394,0.1424293645032181,0.1424293645073804,0.14242936451980895,0.1424293645073804,0.1424293645032181,0.14242936450218394,0.14242936450425633,0.1424293645073804,0.14242936450425633,0.14242936450218394,0.14242936450115862,0.14242936450218394,0.1424293645032181,0.14242936450218394,0.14242936450115862,0.14130960276895554,0.1413096027698915,0.1413096027707946,0.1413096027698915,0.14130960276895554,0.1413096027698915,0.1413096027716865,0.14130960277425644,0.1413096027716865,0.1413096027698915,0.1413096027707946,0.14130960277425644,0.14130960278408178,0.14130960277425644,0.1413096027707946,0.1413096027698915,0.1413096027716865,0.14130960277425644,0.1413096027716865,0.1413096027698915,0.14130960276895554,0.1413096027698915,0.1413096027707946,0.1413096027698915,0.14130960276895554,0.14021174681077456,0.14021174681173465,0.14021174681261478,0.14021174681173465,0.14021174681077456,0.14021174681173465,0.14021174681346876,0.14021174681581727,0.14021174681346876,0.14021174681173465,0.14021174681261478,0.14021174681581727,0.14021174682487256,0.14021174681581727,0.14021174681261478,0.14021174681173465,0.14021174681346876,0.14021174681581727,0.14021174681346876,0.14021174681173465,0.14021174681077456,0.14021174681173465,0.14021174681261478,0.14021174681173465,0.14021174681077456,0.1391353071248541,0.13913530712611377,0.13913530712719036,0.13913530712611377,0.1391353071248541,0.13913530712611377,0.1391353071282263,0.1391353071304544,0.1391353071282263,0.13913530712611377,0.13913530712719036,0.1391353071304544,0.13913530713498828,0.1391353071304544,0.13913530712719036,0.13913530712611377,0.1391353071282263,0.1391353071304544,0.1391353071282263,0.13913530712611377,0.1391353071248541,0.13913530712611377,0.13913530712719036,0.13913530712611377,0.1391353071248541,0.1380798036268467,0.13807980362901945,0.1380798036311415,0.13807980362901945,0.1380798036268467,0.13807980362901945,0.13807980363327083,0.13807980363890596,0.13807980363327083,0.13807980362901945,0.1380798036311415,0.13807980363890596,0.13807980365432576,0.13807980363890596,0.1380798036311415,0.13807980362901945,0.13807980363327083,0.13807980363890596,0.13807980363327083,0.13807980362901945,0.1380798036268467,0.13807980362901945,0.1380798036311415,0.13807980362901945,0.1380798036268467,0.13704476570996008,0.13704476571320767,0.1370447657170915,0.13704476571320767,0.13704476570996008,0.13704476571320767,0.13704476572110552,0.13704476573678084,0.13704476572110552,0.13704476571320767,0.1370447657170915,0.13704476573678084,0.13704476582315614,0.13704476573678084,0.1370447657170915,0.13704476571320767,0.13704476572110552,0.13704476573678084,0.13704476572110552,0.13704476571320767,0.13704476570996008,0.13704476571320767,0.1370447657170915,0.13704476571320767,0.13704476570996008,0.1360297322776277,0.136029732279861,0.13602973228203483,0.136029732279861,0.1360297322776277,0.136029732279861,0.13602973228421017,0.13602973228999324,0.13602973228421017,0.136029732279861,0.13602973228203483,0.13602973228999324,0.13602973230597862,0.13602973228999324,0.13602973228203483,0.136029732279861,0.13602973228421017,0.13602973228999324,0.13602973228421017,0.136029732279861,0.1360297322776277,0.136029732279861,0.13602973228203483,0.136029732279861,0.1360297322776277,0.135034251753826,0.13503425175521763,0.1350342517563631,0.13503425175521763,0.135034251753826,0.13503425175521763,0.13503425175744804,0.13503425175965214,0.13503425175744804,0.13503425175521763,0.1350342517563631,0.13503425175965214,0.135034251763649,0.13503425175965214,0.1350342517563631,0.13503425175521763,0.13503425175744804,0.13503425175965214,0.13503425175744818,0.13503425175521763,0.135034251753826,0.13503425175521763,0.1350342517563631,0.13503425175521763,0.135034251753826
0.16533248792599078,0.16533248792599056,0.16533248792599056,0.16533248792599056,0.16533248792599078,0.16533248792599056,0.16533248792599034,0.16533248792599034,0.16533248792599034,0.16533248792599056,0.16533248792599056,0.16533248792599034,0.16533248792599012,0.16533248792599034,0.16533248792599056,0.16533248792599056,0.16533248792599034,0.16533248792599034,0.16533248792599034,0.16533248792599056,0.16533248792599078,0.16533248792599056,0.16533248792599056,0.16533248792599056,0.16533248792599078,0.16375749420439528,0.1637574942043946,0.16375749420439434,0.1637574942043946,0.16375749420439528,0.1637574942043946,0.16375749420439412,0.16375749420439364,0.16375749420439412,0.1637574942043946,0.16375749420439434,0.16375749420439364,0.16375749420439342,0.16375749420439364,0.16375749420439434,0.1637574942043946,0.16375749420439412,0.16375749420439364,0.16375749420439412,0.1637574942043946,0.16375749420439528,0.1637574942043946,0.16375749420439434,0.1637574942043946,0.16375749420439528,0.16221388441474854,0.16221388441474696,0.16221388441474605,0.16221388441474696,0.16221388441474854,0.16221388441474696,0.16221388441474538,0.16221388441474424,0.16221388441474538,0.16221388441474696,0.16221388441474605,0.16221388441474424,0.1622138844147431,0.16221388441474424,0.16221388441474605,0.16221388441474696,0.16221388441474538,0.16221388441474424,0.16221388441474538,0.16221388441474696,0.16221388441474854,0.16221388441474696,0.16221388441474605,0.16221388441474696,0.16221388441474854,0.16070106751409363,0.16070106751408877,0.16070106751408567,0.16070106751408877,0.16070106751409363,0.16070106751408877,0.16070106751408342,0.16070106751407987,0.16070106751408342,0.16070106751408877,0.16070106751408567,0.16070106751407987,0.1607010675140761,0.16070106751407987,0.16070106751408567,0.16070106751408877,0.16070106751408342,0.16070106751407987,0.16070106751408342,0.16070106751408877,0.16070106751409363,0.16070106751408877,0.16070106751408567,0.16070106751408877,0.16070106751409363,0.15921845187741512,0.15921845187740055,0.1592184518773912,0.15921845187740055,0.15921845187741512,0.15921845187740055,0.15921845187738376,0.15921845187737269,0.15921845187738376,0.15921845187740055,0.1592184518773912,0.15921845187737269,0.15921845187736025,0.15921845187737269,0.1592184518773912,0.15921845187740055,0.15921845187738376,0.15921845187737269,0.15921845187738376,0.15921845187740055,0.15921845187741512,0.15921845187740055,0.1592184518773912,0.15921845187740055,0.15921845187741512,0.15776544664949996,0.15776544664945727,0.1577654466494287,0.15776544664945727,0.15776544664949996,0.15776544664945727,0.15776544664940564,0.1577654466493698,0.15776544664940564,0.15776544664945727,0.1577654466494287,0.1577654466493698,0.15776544664932798,0.1577654466493698,0.1577654466494287,0.15776544664945727,0.15776544664940564,0.1577654466493698,0.15776544664940564,0.15776544664945727,0.15776544664949996,0.15776544664945727,0.1577654466494287,0.15776544664945727,0.15776544664949996,0.15634146295928533,0.15634146295916404,0.15634146295907955,0.15634146295916404,0.15634146295928533,0.15634146295916404,0.15634146295900722,0.15634146295889012,0.15634146295900722,0.15634146295916404,0.15634146295907955,0.15634146295889012,0.15634146295874124,0.15634146295889012,0.15634146295907955,0.15634146295916404,0.15634146295900722,0.15634146295889012,0.15634146295900722,0.15634146295916404,0.15634146295928533,0.15634146295916404,0.15634146295907955,0.15634146295916404,0.15634146295928533,0.15494591500698587,0.154945915006658,0.1549459150064127,0.154945915006658,0.15494591500698587,0.154945915006658,0.15494591500619176,0.15494591500580057,0.15494591500619176,0.154945915006658,0.1549459150064127,0.15494591500580057,0.15494591500522797,0.15494591500580057,0.1549459150064127,0.154945915006658,0.15494591500619176,0.15494591500580057,0.15494591500619176,0.154945915006658,0.15494591500698587,0.154945915006658,0.1549459150064127,0.154945915006658,0.15494591500698587,0.15357822103376095,0.1535782210329413,0.15357822103226126,0.1535782210329413,0.15357822103376095,0.1535782210329413,0.15357822103161534,0.1535782210302876,0.15357822103161534,0.1535782210329413,0.15357822103226126,0.1535782210302876,0.15357822102784432,0.1535782210302876,0.15357822103226126,0.1535782210329413,0.15357822103161534,0.1535782210302876,0.15357822103161534,0.1535782210329413,0.15357822103376095,0.1535782210329413,0.15357822103226126,0.1535782210329413,0.15357822103376095,0.15223780418314728,0.1522378041813582,0.15223780417964275,0.1522378041813582,0.15223780418314728,0.1522378041813582,0.1522378041779326,0.15223780417350607,0.1522378041779326,0.1522378041813582,0.15223780417964275,0.15223780417350607,0.15223780416172505,0.15223780417350607,0.15223780417964275,0.1522378041813582,0.1522378041779326,0.15223780417350607,0.1522378041779326,0.1522378041813582,0.15223780418314728,0.1522378041813582,0.15223780417964275,0.1522378041813582,0.15223780418314728,0.150924093262771,0.1509240932597628,0.15092409325632594,0.1509240932597628,0.150924093262771,0.1509240932597628,0.1509240932527882,0.1509240932400101,0.1509240932527882,0.1509240932597628,0.15092409325632594,0.1509240932400101,0.1509240931757012,0.1509240932400101,0.15092409325632594,0.1509240932597628,0.1509240932527882,0.1509240932400101,0.1509240932527882,0.1509240932597628,0.150924093262771,0.1509240932597628,0.15092409325632594,0.1509240932597628,0.150924093262771,0.14963652341348058,0.14963652341066927,0.14963652340759304,0.14963652341066927,0.14963652341348058,0.14963652341066927,0.14963652340444067,0.149636523394004,0.14963652340444067,0.14963652341066927,0.14963652340759304,0.149636523394004,0.1496365233483376,0.149636523394004,0.14963652340759304,0.14963652341066927,0.14963652340444067,0.149636523394004,0.14963652340444067,0.14963652341066927,0.14963652341348058,0.14963652341066927,0.14963652340759304,0.14963652341066927,0.14963652341348058,0.1483745366913346,0.14837453668962214,0.14837453668788672,0.14837453668962214,0.1483745366913346,0.14837453668962214,0.14837453668613573,0.14837453668094186,0.14837453668613573,0.14837453668962214,0.14837453668788672,0.14837453668094186,0.14837453666101535,0.14837453668094186,0.14837453668788672,0.14837453668962214,0.14837453668613573,0.14837453668094186,0.14837453668613573,0.14837453668962214,0.1483745366913346,0.14837453668962214,0.14837453668788672,0.14837453668962214,0.1483745366913346,0.1471375825769602,0.14713758257644916,0.14713758257603482,0.14713758257644916,0.1471375825769602,0.14713758257644916,0.14713758257564336,0.14713758257491072,0.14713758257564336,0.14713758257644916,0.14713758257603482,0.14713758257491072,0.14713758257418647,0.14713758257491072,0.14713758257603482,0.14713758257644916,0.14713758257564336,0.14713758257491072,0.14713758257564336,0.14713758257644916,0.1471375825769602,0.14713758257644916,0.14713758257603482,0.14713758257644916,0.1471375825769602,0.14592511841500885,0.14592511841539185,0.14592511841588865,0.14592511841539185,0.14592511841500885,0.14592511841539185,0.14592511841641911,0.1459251184184241,0.14592511841641911,0.14592511841539185,0.14592511841588865,0.1459251184184241,0.14592511842817096,0.1459251184184241,0.14592511841588865,0.14592511841539185,0.14592511841641911,0.1459251184184241,0.14592511841641911,0.14592511841539185,0.14592511841500885,0.14592511841539185,0.14592511841588865,0.14592511841539185,0.14592511841500885,0.1447366097884502,0.14473660978935263,0.14473660979035857,0.14473660978935263,0.1447366097884502,0.14473660978935263,0.14473660979139608,0.14473660979488395,0.14473660979139608,0.14473660978935263,0.14473660979035857,0.14473660979488395,0.1447366098104592,0.14473660979488395,0.14473660979035857,0.14473660978935263,0.14473660979139608,0.14473660979488395,0.14473660979139608,0.14473660978935263,0.1447366097884502,0.14473660978935263,0.14473660979035857,0.14473660978935263,0.1447366097884502,0.1435715308334902,0.14357153083456548,0.14357153083570903,0.14357153083456548,0.1435715308334902,0.14357153083456548,0.14357153083687343,0.14357153084062252,0.14357153083687343,0.14357153083456548,0.14357153083570903,0.14357153084062252,0.14357153085682453,0.14357153084062252,0.14357153083570903,0.14357153083456548,0.14357153083687343,0.14357153084062252,0.14357153083687343,0.14357153083456548,0.1435715308334902,0.14357153083456548,0.14357153083570903,0.14357153083456548,0.1435715308334902,0.14242936450089677,0.1424293645019142,0.14242936450293966,0.1424293645019142,0.14242936450089677,0.1424293645019142,0.1424293645039688,0.142429364507063,0.1424293645039688,0.1424293645019142,0.14242936450293966,0.142429364507063,0.14242936451932497,0.142429364507063,0.14242936450293966,0.1424293645019142,0.1424293645039688,0.142429364507063,0.1424293645039688,0.1424293645019142,0.14242936450089677,0.1424293645019142,0.14242936450293966,0.1424293645019142,0.14242936450089677,0.14130960276864798,0.14130960276957805,0.1413096027704752,0.14130960276957805,0.14130960276864798,0.14130960276957805,0.14130960277136131,0.14130960277391466,0.14130960277136131,0.14130960276957805,0.1413096027704752,0.14130960277391466,0.1413096027836649,0.14130960277391466,0.1413096027704752,0.14130960276957805,0.14130960277136131,0.14130960277391466,0.14130960277136131,0.14130960276957805,0.14130960276864798,0.14130960276957805,0.1413096027704752,0.14130960276957805,0.14130960276864798,0.14021174681043272,0.1402117468113886,0.140211746812265,0.1402117468113886,0.14021174681043272,0.1402117468113886,0.14021174681311516,0.14021174681545315,0.14021174681311516,0.1402117468113886,0.140211746812265,0.14021174681545315,0.1402117468244517,0.14021174681545315,0.140211746812265,0.1402117468113886,0.14021174681311516,0.14021174681545315,0.14021174681311516,0.1402117468113886,0.14021174681043272,0.1402117468113886,0.140211746812265,0.1402117468113886,0.14021174681043272,0.13913530712448588,0.13913530712574237,0.13913530712681643,0.13913530712574237,0.13913530712448588,0.13913530712574237,0.1391353071278497,0.1391353071300721,0.1391353071278497,0.13913530712574237,0.13913530712681643,0.1391353071300721,0.13913530713459427,0.1391353071300721,0.13913530712681643,0.13913530712574237,0.1391353071278497,0.1391353071300721,0.1391353071278497,0.13913530712574237,0.13913530712448588,0.13913530712574237,0.13913530712681643,0.13913530712574237,0.13913530712448588,0.1380798036264582,0.13807980362862704,0.13807980363074568,0.13807980362862704,0.1380798036264582,0.13807980362862704,0.13807980363287128,0.1380798036384976,0.13807980363287128,0.13807980362862704,0.13807980363074568,0.1380798036384976,0.13807980365389336,0.13807980363849745,0.13807980363074568,0.13807980362862704,0.13807980363287128,0.13807980363849745,0.13807980363287128,0.13807980362862704,0.1380798036264582,0.13807980362862704,0.13807980363074568,0.13807980362862704,0.1380798036264582,0.1370447657095584,0.13704476571280097,0.1370447657166789,0.13704476571280097,0.1370447657095584,0.13704476571280097,0.13704476572068697,0.13704476573633873,0.13704476572068697,0.13704476571280097,0.1370447657166789,0.13704476573633873,0.1370447658225924,0.13704476573633873,0.1370447657166789,0.13704476571280097,0.13704476572068697,0.13704476573633873,0.13704476572068697,0.13704476571280097,0.1370447657095584,0.13704476571280097,0.1370447657166789,0.13704476571280097,0.1370447657095584,0.1360297322772227,0.13602973227945275,0.1360297322816233,0.13602973227945275,0.1360297322772227,0.13602973227945275,0.13602973228379533,0.13602973228956977,0.13602973228379533,0.13602973227945275,0.1360297322816233,0.13602973228956977,0.13602973230553161,0.13602973228956977,0.1360297322816233,0.13602973227945275,0.13602973228379533,0.13602973228956977,0.13602973228379533,0.13602973227945275,0.1360297322772227,0.13602973227945275,0.1360297322816233,0.13602973227945275,0.1360297322772227,0.13503425175342457,0.13503425175481412,0.13503425175595787,0.13503425175481412,0.13503425175342457,0.13503425175481412,0.13503425175704137,0.13503425175924214,0.13503425175704137,0.13503425175481412,0.13503425175595787,0.13503425175924214,0.13503425176323297,0.13503425175924214,0.13503425175595787,0.13503425175481412,0.13503425175704137,0.13503425175924214,0.13503425175704137,0.13503425175481412,0.13503425175342457,0.13503425175481412,0.13503425175595787,0.13503425175481412,0.13503425175342457
0.1653324879262865,0.16533248792628627,0.16533248792628627,0.16533248792628627,0.1653324879262865,0.16533248792628627,0.16533248792628605,0.16533248792628605,0.16533248792628605,0.16533248792628627,0.16533248792628627,0.16533248792628605,0.1653324879262858,0.16533248792628605,0.16533248792628627,0.16533248792628627,0.16533248792628605,0.16533248792628605,0.16533248792628605,0.16533248792628627,0.1653324879262865,0.16533248792628627,0.16533248792628627,0.16533248792628627,0.1653324879262865,0.16375749420468483,0.16375749420468438,0.16375749420468416,0.16375749420468438,0.16375749420468483,0.16375749420468438,0.1637574942046839,0.16375749420468344,0.1637574942046839,0.16375749420468438,0.16375749420468416,0.16375749420468344,0.16375749420468325,0.16375749420468344,0.16375749420468416,0.16375749420468438,0.1637574942046839,0.16375749420468344,0.1637574942046839,0.16375749420468438,0.16375749420468483,0.16375749420468438,0.16375749420468416,0.16375749420468438,0.16375749420468508,0.16221388441503257,0.16221388441503098,0.16221388441502985,0.16221388441503098,0.16221388441503257,0.16221388441503098,0.16221388441502915,0.16221388441502801,0.16221388441502915,0.16221388441503098,0.16221388441502985,0.16221388441502801,0.1622138844150269,0.16221388441502801,0.16221388441502985,0.16221388441503098,0.16221388441502915,0.16221388441502801,0.16221388441502915,0.16221388441503098,0.16221388441503257,0.16221388441503098,0.16221388441502985,0.16221388441503098,0.16221388441503257,0.1607010675143718,0.1607010675143669,0.16070106751436378,0.1607010675143669,0.1607010675143718,0.1607010675143669,0.16070106751436158,0.16070106751435823,0.16070106751436158,0.1607010675143669,0.16070106751436378,0.16070106751435823,0.16070106751435423,0.16070106751435823,0.16070106751436378,0.1607010675143669,0.16070106751436158,0.16070106751435823,0.16070106751436158,0.1607010675143669,0.1607010675143718,0.1607010675143669,0.16070106751436378,0.1607010675143669,0.1607010675143718,0.1592184518776877,0.15921845187767314,0.15921845187766354,0.15921845187767314,0.1592184518776877,0.15921845187767314,0.15921845187765635,0.15921845187764525,0.15921845187765635,0.15921845187767314,0.15921845187766354,0.15921845187764525,0.15921845187763284,0.15921845187764525,0.15921845187766354,0.15921845187767314,0.15921845187765635,0.15921845187764525,0.15921845187765635,0.15921845187767314,0.1592184518776877,0.15921845187767314,0.15921845187766354,0.15921845187767314,0.1592184518776877,0.15776544664976666,0.1577654466497242,0.1577654466496956,0.1577654466497242,0.15776544664976666,0.1577654466497242,0.1577654466496726,0.15776544664963696,0.1577654466496726,0.1577654466497242,0.1577654466496956,0.15776544664963696,0.15776544664959513,0.15776544664963696,0.1577654466496956,0.1577654466497242,0.1577654466496726,0.15776544664963696,0.1577654466496726,0.1577654466497242,0.15776544664976666,0.1577654466497242,0.1577654466496956,0.1577654466497242,0.15776544664976666,0.1563414629595463,0.15634146295942522,0.15634146295934098,0.15634146295942522,0.1563414629595463,0.15634146295942522,0.15634146295926882,0.15634146295915213,0.15634146295926882,0.15634146295942522,0.15634146295934098,0.15634146295915213,0.15634146295900347,0.15634146295915213,0.15634146295934098,0.15634146295942522,0.15634146295926882,0.15634146295915213,0.15634146295926882,0.15634146295942522,0.1563414629595463,0.15634146295942522,0.15634146295934098,0.15634146295942522,0.1563414629595463,0.1549459150072404,0.15494591500691335,0.15494591500666866,0.15494591500691335,0.1549459150072404,0.15494591500691335,0.15494591500644814,0.15494591500605792,0.15494591500644814,0.15494591500691335,0.15494591500666866,0.15494591500605792,0.1549459150054868,0.15494591500605792,0.15494591500666866,0.15494591500691335,0.15494591500644814,0.15494591500605792,0.15494591500644814,0.15494591500691335,0.1549459150072404,0.15494591500691335,0.15494591500666866,0.15494591500691335,0.1549459150072404,0.15357822103400762,0.15357822103318997,0.1535782210325115,0.15357822103318997,0.15357822103400762,0.15357822103318997,0.1535782210318672,0.15357822103054267,0.1535782210318672,0.15357822103318997,0.1535782210325115,0.15357822103054267,0.15357822102810503,0.15357822103054267,0.1535782210325115,0.15357822103318997,0.1535782210318672,0.15357822103054267,0.1535782210318672,0.15357822103318997,0.15357822103400762,0.15357822103318997,0.1535782210325115,0.15357822103318997,0.15357822103400762,0.1522378041833817,0.15223780418159716,0.15223780417988603,0.15223780418159716,0.1522378041833817,0.15223780418159716,0.15223780417818003,0.15223780417376415,0.15223780417818003,0.15223780418159716,0.15223780417988603,0.15223780417376415,0.15223780416201046,0.15223780417376415,0.15223780417988603,0.15223780418159716,0.15223780417818003,0.15223780417376415,0.15223780417818003,0.15223780418159716,0.1522378041833817,0.15223780418159716,0.15223780417988603,0.15223780418159716,0.1522378041833817,0.1509240932629838,0.15092409325998368,0.1509240932565555,0.15092409325998368,0.1509240932629838,0.15092409325998368,0.150924093253027,0.15092409324028,0.150924093253027,0.15092409325998368,0.1509240932565555,0.15092409324028,0.1509240931761241,0.15092409324028,0.1509240932565555,0.15092409325998368,0.150924093253027,0.15092409324028,0.150924093253027,0.15092409325998368,0.1509240932629838,0.15092409325998368,0.1509240932565555,0.15092409325998368,0.1509240932629838,0.14963652341365472,0.1496365234108525,0.14963652340778613,0.1496365234108525,0.14963652341365472,0.1496365234108525,0.14963652340464353,0.14963652339423922,0.14963652340464353,0.1496365234108525,0.14963652340778613,0.14963652339423922,0.1496365233487116,0.14963652339423922,0.14963652340778613,0.1496365234108525,0.14963652340464353,0.14963652339423922,0.14963652340464353,0.1496365234108525,0.14963652341365472,0.1496365234108525,0.14963652340778613,0.1496365234108525,0.14963652341365472,0.14837453669145134,0.1483745366897465,0.14837453668801887,0.1483745366897465,0.14837453669145134,0.1483745366897465,0.1483745366862764,0.1483745366811094,0.1483745366862764,0.1483745366897465,0.14837453668801887,0.1483745366811094,0.1483745366612826,0.1483745366811094,0.14837453668801887,0.1483745366897465,0.1483745366862764,0.1483745366811094,0.1483745366862764,0.1483745366897465,0.14837453669145134,0.1483745366897465,0.14837453668801887,0.1483745366897465,0.14837453669145134,0.14713758257700305,0.14713758257649603,0.14713758257608567,0.14713758257649603,0.14713758257700305,0.14713758257649603,0.14713758257569876,0.14713758257497955,0.14713758257569876,0.14713758257649603,0.14713758257608567,0.14713758257497955,0.14713758257436374,0.14713758257497955,0.14713758257608567,0.14713758257649603,0.14713758257569876,0.14713758257497955,0.14713758257569876,0.14713758257649603,0.14713758257700305,0.14713758257649603,0.14713758257608567,0.14713758257649603,0.14713758257700305,0.14592511841496877,0.14592511841535144,0.14592511841584752,0.14592511841535144,0.14592511841496877,0.14592511841535144,0.14592511841637726,0.1459251184183794,0.14592511841637726,0.14592511841535144,0.14592511841584752,0.1459251184183794,0.1459251184280914,0.1459251184183794,0.14592511841584752,0.14592511841535144,0.14592511841637726,0.1459251184183794,0.14592511841637726,0.14592511841535144,0.14592511841496877,0.14592511841535144,0.14592511841584752,0.14592511841535144,0.14592511841496877,0.1447366097883273,0.14473660978922503,0.14473660979022626,0.14473660978922503,0.1447366097883273,0.14473660978922503,0.14473660979125905,0.1447366097947319,0.14473660979125905,0.14473660978922503,0.14473660979022626,0.1447366097947319,0.14473660981026895,0.1447366097947319,0.14473660979022626,0.14473660978922503,0.14473660979125905,0.1447366097947319,0.14473660979125905,0.14473660978922503,0.1447366097883273,0.14473660978922503,0.14473660979022626,0.14473660978922503,0.1447366097883273,0.14357153083329224,0.1435715308343598,0.14357153083549512,0.1435715308343598,0.14357153083329224,0.1435715308343598,0.1435715308366508,0.14357153084037083,0.1435715308366508,0.1435715308343598,0.14357153083549512,0.14357153084037083,0.14357153085642566,0.14357153084037083,0.14357153083549512,0.1435715308343598,0.1435715308366508,0.14357153084037083,0.1435715308366508,0.1435715308343598,0.14357153083329224,0.1435715308343598,0.14357153083549512,0.1435715308343598,0.14357153083329224,0.14242936450063826,0.14242936450164762,0.14242936450266455,0.14242936450164762,0.14242936450063826,0.14242936450164762,0.14242936450368496,0.14242936450674962,0.14242936450368496,0.14242936450164762,0.14242936450266455,0.14242936450674962,0.14242936451887978,0.14242936450674962,0.14242936450266455,0.14242936450164762,0.14242936450368496,0.14242936450674962,0.14242936450368496,0.14242936450164762,0.14242936450063826,0.14242936450164762,0.14242936450266455,0.14242936450164762,0.14242936450063826,0.14130960276834423,0.14130960276926852,0.14130960277015991,0.14130960276926852,0.14130960276834423,0.14130960276926852,0.14130960277104032,0.14130960277357735,0.14130960277104032,0.14130960276926852,0.14130960277015991,0.14130960277357735,0.14130960278329383,0.14130960277357735,0.14130960277015991,0.14130960276926852,0.14130960277104032,0.14130960277357735,0.14130960277104032,0.14130960276926852,0.14130960276834423,0.14130960276926852,0.14130960277015991,0.14130960276926852,0.14130960276834423,0.1402117468100952,0.1402117468110471,0.1402117468119196,0.1402117468110471,0.1402117468100952,0.1402117468110471,0.14021174681276588,0.14021174681509355,0.14021174681276588,0.1402117468110471,0.1402117468119196,0.14021174681509355,0.14021174682404489,0.14021174681509355,0.1402117468119196,0.1402117468110471,0.14021174681276588,0.14021174681509355,0.14021174681276588,0.1402117468110471,0.1402117468100952,0.1402117468110471,0.1402117468119196,0.1402117468110471,0.1402117468100952,0.13913530712412234,0.1391353071253757,0.1391353071264471,0.1391353071253757,0.13913530712412234,0.1391353071253757,0.139135307127478,0.13913530712969485,0.139135307127478,0.1391353071253757,0.1391353071264471,0.13913530712969485,0.13913530713420533,0.13913530712969485,0.1391353071264471,0.1391353071253757,0.139135307127478,0.13913530712969485,0.139135307127478,0.1391353071253757,0.13913530712412234,0.1391353071253757,0.1391353071264471,0.1391353071253757,0.13913530712412234,0.13807980362607458,0.13807980362823974,0.13807980363035482,0.13807980362823974,0.13807980362607458,0.13807980362823974,0.13807980363247702,0.13807980363809433,0.13807980363247702,0.13807980362823974,0.13807980363035482,0.13807980363809433,0.1380798036534667,0.13807980363809433,0.13807980363035482,0.13807980362823974,0.13807980363247702,0.13807980363809433,0.13807980363247702,0.13807980362823974,0.13807980362607458,0.13807980362823974,0.13807980363035482,0.13807980362823974,0.13807980362607458,0.13704476570916174,0.1370447657123994,0.13704476571627155,0.1370447657123994,0.13704476570916174,0.1370447657123994,0.13704476572027358,0.1370447657359025,0.13704476572027358,0.1370447657123994,0.13704476571627155,0.1370447657359025,0.13704476582202757,0.1370447657359025,0.13704476571627155,0.1370447657123994,0.13704476572027358,0.1370447657359025,0.13704476572027358,0.1370447657123994,0.13704476570916174,0.1370447657123994,0.13704476571627155,0.1370447657123994,0.13704476570916174,0.1360297322768231,0.13602973227904971,0.13602973228121712,0.13602973227904971,0.1360297322768231,0.13602973227904971,0.13602973228338588,0.13602973228915183,0.13602973228338588,0.13602973227904971,0.13602973228121712,0.13602973228915183,0.13602973230509025,0.13602973228915183,0.13602973228121712,0.13602973227904971,0.13602973228338588,0.13602973228915183,0.13602973228338588,0.13602973227904971,0.1360297322768231,0.13602973227904971,0.13602973228121712,0.13602973227904971,0.1360297322768231,0.1350342517530284,0.13503425175441577,0.13503425175555803,0.13503425175441594,0.1350342517530284,0.13503425175441577,0.13503425175663977,0.13503425175883732,0.13503425175663977,0.13503425175441594,0.13503425175555803,0.13503425175883732,0.13503425176282233,0.13503425175883732,0.13503425175555803,0.13503425175441594,0.13503425175663977,0.13503425175883732,0.13503425175663977,0.13503425175441594,0.1350342517530284,0.13503425175441594,0.13503425175555803,0.13503425175441594,0.1350342517530284
0.1653324879265784,0.16533248792657818,0.16533248792657795,0.16533248792657818,0.1653324879265784,0.16533248792657818,0.16533248792657795,0.16533248792657773,0.16533248792657795,0.16533248792657818,0.16533248792657795,0.16533248792657773,0.16533248792657773,0.16533248792657773,0.16533248792657795,0.16533248792657818,0.16533248792657795,0.16533248792657773,0.16533248792657795,0.16533248792657818,0.1653324879265784,0.16533248792657818,0.16533248792657795,0.16533248792657818,0.1653324879265784,0.16375749420497093,0.1637574942049705,0.16375749420497002,0.1637574942049705,0.16375749420497093,0.1637574942049705,0.1637574942049698,0.16375749420496954,0.1637574942049698,0.1637574942049705,0.16375749420497002,0.16375749420496954,0.1637574942049691,0.16375749420496954,0.16375749420497002,0.1637574942049705,0.1637574942049698,0.16375749420496954,0.1637574942049698,0.1637574942049705,0.16375749420497093,0.1637574942049705,0.16375749420497002,0.1637574942049705,0.16375749420497093,0.16221388441531276,0.16221388441531118,0.16221388441531023,0.16221388441531118,0.16221388441531276,0.16221388441531118,0.16221388441530954,0.16221388441530843,0.16221388441530954,0.16221388441531118,0.16221388441531023,0.16221388441530843,0.1622138844153073,0.16221388441530843,0.16221388441531023,0.16221388441531118,0.16221388441530954,0.16221388441530843,0.16221388441530954,0.16221388441531118,0.16221388441531276,0.16221388441531118,0.16221388441531023,0.16221388441531118,0.16221388441531276,0.16070106751464636,0.16070106751464172,0.16070106751463856,0.16070106751464172,0.16070106751464636,0.16070106751464172,0.16070106751463614,0.1607010675146328,0.16070106751463614,0.16070106751464172,0.16070106751463856,0.1607010675146328,0.16070106751462904,0.1607010675146328,0.16070106751463856,0.16070106751464172,0.16070106751463614,0.1607010675146328,0.16070106751463614,0.16070106751464172,0.16070106751464636,0.16070106751464172,0.16070106751463856,0.16070106751464172,0.16070106751464636,0.1592184518779566,0.159218451877942,0.15921845187793263,0.159218451877942,0.1592184518779566,0.159218451877942,0.15921845187792547,0.15921845187791414,0.15921845187792547,0.159218451877942,0.15921845187793263,0.15921845187791414,0.15921845187790193,0.15921845187791414,0.15921845187793263,0.159218451877942,0.15921845187792547,0.15921845187791414,0.15921845187792547,0.159218451877942,0.1592184518779566,0.159218451877942,0.15921845187793263,0.159218451877942,0.1592184518779566,0.1577654466500302,0.1577654466499875,0.15776544664995934,0.1577654466499875,0.1577654466500302,0.1577654466499875,0.15776544664993628,0.15776544664990041,0.15776544664993628,0.1577654466499875,0.15776544664995934,0.15776544664990041,0.15776544664985884,0.15776544664990041,0.15776544664995912,0.1577654466499875,0.15776544664993628,0.15776544664990041,0.15776544664993628,0.1577654466499875,0.1577654466500302,0.1577654466499875,0.15776544664995912,0.1577654466499875,0.1577654466500302,0.15634146295980395,0.15634146295968326,0.15634146295959897,0.15634146295968326,0.15634146295980395,0.15634146295968326,0.15634146295952728,0.1563414629594106,0.15634146295952728,0.15634146295968326,0.15634146295959897,0.1563414629594106,0.15634146295926235,0.1563414629594106,0.15634146295959897,0.15634146295968326,0.15634146295952728,0.1563414629594106,0.15634146295952728,0.15634146295968326,0.15634146295980395,0.15634146295968326,0.15634146295959897,0.15634146295968326,0.15634146295980395,0.15494591500749166,0.1549459150071654,0.15494591500692154,0.1549459150071654,0.15494591500749166,0.1549459150071654,0.15494591500670143,0.15494591500631227,0.15494591500670143,0.1549459150071654,0.15494591500692154,0.15494591500631227,0.15494591500574215,0.15494591500631227,0.15494591500692154,0.1549459150071654,0.15494591500670143,0.15494591500631227,0.15494591500670143,0.1549459150071654,0.15494591500749166,0.1549459150071654,0.15494591500692154,0.1549459150071654,0.15494591500749166,0.153578221034251,0.1535782210334354,0.15357822103275878,0.1535782210334354,0.153578221034251,0.1535782210334354,0.15357822103211585,0.1535782210307943,0.15357822103211585,0.1535782210334354,0.15357822103275878,0.1535782210307943,0.1535782210283625,0.1535782210307943,0.15357822103275878,0.1535782210334354,0.15357822103211585,0.1535782210307943,0.15357822103211585,0.1535782210334354,0.153578221034251,0.1535782210334354,0.15357822103275878,0.1535782210334354,0.153578221034251,0.152237804183613,0.15223780418183316,0.15223780418012617,0.15223780418183316,0.152237804183613,0.15223780418183316,0.1522378041784243,0.15223780417401905,0.1522378041784243,0.15223780418183316,0.15223780418012617,0.15223780417401905,0.15223780416229235,0.15223780417401905,0.15223780418012617,0.15223780418183316,0.1522378041784243,0.15223780417401905,0.1522378041784243,0.15223780418183316,0.152237804183613,0.15223780418183316,0.15223780418012617,0.15223780418183316,0.152237804183613,0.15092409326319386,0.15092409326020167,0.15092409325678238,0.15092409326020167,0.15092409326319386,0.15092409326020167,0.15092409325326275,0.15092409324054643,0.15092409325326275,0.15092409326020167,0.15092409325678238,0.15092409324054643,0.15092409317652866,0.15092409324054643,0.15092409325678238,0.15092409326020167,0.15092409325326275,0.15092409324054643,0.15092409325326275,0.15092409326020167,0.15092409326319386,0.15092409326020167,0.15092409325678238,0.15092409326020167,0.15092409326319386,0.14963652341382677,0.14963652341103345,0.14963652340797653,0.14963652341103345,0.14963652341382677,0.14963652341103345,0.1496365234048438,0.14963652339447142,0.1496365234048438,0.14963652341103345,0.14963652340797653,0.14963652339447142,0.14963652334907768,0.14963652339447142,0.14963652340797653,0.14963652341103345,0.1496365234048438,0.14963652339447142,0.1496365234048438,0.14963652341103345,0.14963652341382677,0.14963652341103345,0.14963652340797653,0.14963652341103345,0.14963652341382677,0.14837453669156644,0.148374536689869,0.1483745366881495,0.148374536689869,0.14837453669156644,0.148374536689869,0.148374536686415,0.1483745366812747,0.148374536686415,0.148374536689869,0.1483745366881495,0.1483745366812747,0.1483745366615782,0.1483745366812747,0.1483745366881495,0.148374536689869,0.148374536686415,0.1483745366812747,0.148374536686415,0.148374536689869,0.14837453669156644,0.148374536689869,0.1483745366881495,0.148374536689869,0.14837453669156644,0.14713758257704557,0.14713758257654236,0.14713758257613616,0.14713758257654236,0.14713758257704557,0.14713758257654236,0.14713758257575324,0.14713758257504753,0.14713758257575324,0.14713758257654236,0.14713758257613616,0.14713758257504753,0.1471375825744315,0.14713758257504753,0.14713758257613616,0.14713758257654236,0.14713758257575324,0.14713758257504753,0.14713758257575324,0.14713758257654236,0.14713758257704557,0.14713758257654236,0.14713758257613616,0.14713758257654236,0.14713758257704557,0.14592511841492942,0.14592511841531156,0.1459251184158071,0.14592511841531156,0.14592511841492942,0.14592511841531156,0.14592511841633612,0.1459251184183356,0.14592511841633612,0.14592511841531156,0.1459251184158071,0.1459251184183356,0.14592511842808195,0.1459251184183356,0.1459251184158071,0.14592511841531156,0.14592511841633612,0.1459251184183356,0.14592511841633612,0.14592511841531156,0.14592511841492942,0.14592511841531156,0.1459251184158071,0.14592511841531156,0.14592511841492942,0.14473660978820585,0.14473660978909936,0.14473660979009587,0.14473660978909936,0.14473660978820585,0.14473660978909936,0.1447366097911238,0.14473660979458197,0.1447366097911238,0.14473660978909936,0.14473660979009587,0.14473660979458197,0.14473660981004552,0.14473660979458197,0.14473660979009587,0.14473660978909936,0.1447366097911238,0.14473660979458197,0.1447366097911238,0.14473660978909936,0.14473660978820585,0.14473660978909936,0.14473660979009587,0.14473660978909936,0.14473660978820585,0.14357153083309682,0.14357153083415702,0.14357153083528398,0.14357153083415702,0.14357153083309682,0.14357153083415702,0.14357153083643132,0.14357153084012236,0.14357153083643132,0.14357153083415702,0.14357153083528398,0.14357153084012236,0.14357153085605812,0.14357153084012236,0.14357153083528398,0.14357153083415702,0.14357153083643132,0.14357153084012236,0.14357153083643132,0.14357153083415702,0.14357153083309682,0.14357153083415702,0.14357153083528398,0.14357153083415702,0.14357153083309682,0.1424293645003831,0.14242936450138474,0.1424293645023931,0.14242936450138474,0.1424293645003831,0.14242936450138474,0.14242936450340482,0.14242936450644014,0.14242936450340482,0.14242936450138474,0.1424293645023931,0.14242936450644014,0.14242936451844984,0.14242936450644014,0.1424293645023931,0.14242936450138474,0.14242936450340482,0.14242936450644014,0.14242936450340482,0.14242936450138474,0.1424293645003831,0.14242936450138474,0.1424293645023931,0.14242936450138474,0.1424293645003831,0.14130960276804458,0.1413096027689631,0.14130960276984875,0.1413096027689631,0.14130960276804458,0.1413096027689631,0.14130960277072338,0.14130960277324447,0.14130960277072338,0.1413096027689631,0.14130960276984875,0.14130960277324447,0.14130960278290025,0.14130960277324447,0.14130960276984875,0.1413096027689631,0.14130960277072338,0.14130960277324447,0.14130960277072338,0.1413096027689631,0.14130960276804458,0.1413096027689631,0.14130960276984875,0.1413096027689631,0.14130960276804458,0.1402117468097622,0.14021174681071005,0.14021174681157872,0.14021174681071005,0.1402117468097622,0.14021174681071005,0.14021174681242143,0.14021174681473866,0.14021174681242143,0.14021174681071005,0.14021174681157872,0.14021174681473866,0.14021174682366158,0.14021174681473866,0.14021174681157872,0.14021174681071005,0.14021174681242143,0.14021174681473866,0.14021174681242143,0.14021174681071005,0.1402117468097622,0.14021174681071005,0.14021174681157872,0.14021174681071005,0.1402117468097622,0.1391353071237636,0.13913530712501393,0.13913530712608263,0.13913530712501393,0.1391353071237636,0.13913530712501393,0.139135307127111,0.1391353071293225,0.139135307127111,0.13913530712501393,0.13913530712608263,0.1391353071293225,0.1391353071338214,0.1391353071293225,0.13913530712608263,0.13913530712501393,0.139135307127111,0.1391353071293225,0.139135307127111,0.13913530712501393,0.1391353071237636,0.13913530712501393,0.13913530712608263,0.13913530712501393,0.1391353071237636,0.13807980362569597,0.13807980362785757,0.13807980362996924,0.13807980362785757,0.13807980362569597,0.13807980362785757,0.13807980363208805,0.1380798036376965,0.13807980363208805,0.13807980362785757,0.13807980362996924,0.1380798036376965,0.1380798036530456,0.1380798036376965,0.13807980362996924,0.13807980362785757,0.13807980363208805,0.1380798036376965,0.13807980363208805,0.13807980362785757,0.13807980362569597,0.13807980362785757,0.13807980362996924,0.13807980362785757,0.13807980362569597,0.13704476570877053,0.13704476571200322,0.13704476571586974,0.13704476571200322,0.13704476570877053,0.13704476571200322,0.1370447657198658,0.13704476573547195,0.1370447657198658,0.13704476571200322,0.13704476571586974,0.13704476573547195,0.13704476582147504,0.13704476573547195,0.13704476571586974,0.13704476571200322,0.1370447657198658,0.13704476573547195,0.1370447657198658,0.13704476571200322,0.13704476570877053,0.13704476571200322,0.13704476571586974,0.13704476571200322,0.13704476570877053,0.13602973227642873,0.13602973227865206,0.1360297322808162,0.13602973227865206,0.13602973227642873,0.13602973227865206,0.13602973228298182,0.1360297322887394,0.13602973228298182,0.13602973227865206,0.1360297322808162,0.1360297322887394,0.13602973230465487,0.1360297322887394,0.1360297322808162,0.13602973227865206,0.13602973228298182,0.1360297322887394,0.13602973228298182,0.13602973227865206,0.13602973227642873,0.13602973227865206,0.1360297322808162,0.13602973227865206,0.13602973227642873,0.13503425175263736,0.13503425175402284,0.13503425175516334,0.13503425175402284,0.13503425175263753,0.13503425175402284,0.13503425175624362,0.13503425175843795,0.13503425175624362,0.13503425175402284,0.13503425175516334,0.13503425175843795,0.13503425176241723,0.13503425175843795,0.13503425175516334,0.13503425175402284,0.13503425175624362,0.13503425175843795,0.13503425175624362,0.13503425175402284,0.13503425175263753,0.13503425175402284,0.13503425175516334,0.13503425175402284,0.13503425175263753
0.16533248792686656,0.16533248792686633,0.16533248792686633,0.16533248792686633,0.16533248792686656,0.16533248792686633,0.16533248792686608,0.16533248792686608,0.16533248792686608,0.16533248792686633,0.16533248792686633,0.16533248792686608,0.16533248792686583,0.16533248792686608,0.16533248792686633,0.16533248792686633,0.16533248792686608,0.16533248792686608,0.16533248792686608,0.16533248792686633,0.16533248792686656,0.16533248792686633,0.16533248792686633,0.16533248792686633,0.16533248792686656,0.16375749420525337,0.1637574942052529,0.16375749420525262,0.1637574942052529,0.16375749420525337,0.1637574942052529,0.16375749420525243,0.16375749420525196,0.16375749420525243,0.1637574942052529,0.16375749420525262,0.16375749420525196,0.16375749420525174,0.16375749420525196,0.16375749420525262,0.1637574942052529,0.16375749420525243,0.16375749420525196,0.16375749420525243,0.1637574942052529,0.16375749420525337,0.1637574942052529,0.16375749420525262,0.1637574942052529,0.16375749420525337,0.1622138844155895,0.16221388441558793,0.162213884415587,0.16221388441558793,0.1622138844155895,0.16221388441558793,0.16221388441558635,0.1622138844155852,0.16221388441558635,0.16221388441558793,0.162213884415587,0.1622138844155852,0.16221388441558407,0.1622138844155852,0.162213884415587,0.16221388441558793,0.16221388441558635,0.1622138844155852,0.16221388441558635,0.16221388441558793,0.1622138844155895,0.16221388441558793,0.162213884415587,0.16221388441558793,0.1622138844155895,0.1607010675149176,0.16070106751491273,0.16070106751490965,0.16070106751491273,0.1607010675149176,0.16070106751491273,0.1607010675149074,0.16070106751490384,0.1607010675149074,0.16070106751491273,0.16070106751490965,0.16070106751490384,0.16070106751490007,0.16070106751490384,0.16070106751490965,0.16070106751491273,0.1607010675149074,0.16070106751490384,0.1607010675149074,0.16070106751491273,0.1607010675149176,0.16070106751491273,0.16070106751490965,0.16070106751491273,0.1607010675149176,0.1592184518782222,0.15921845187820763,0.15921845187819827,0.15921845187820763,0.1592184518782222,0.15921845187820763,0.15921845187819106,0.15921845187817996,0.15921845187819106,0.15921845187820763,0.15921845187819827,0.15921845187817996,0.15921845187816755,0.15921845187817996,0.15921845187819827,0.15921845187820763,0.15921845187819106,0.15921845187817996,0.15921845187819106,0.15921845187820763,0.1592184518782222,0.15921845187820763,0.15921845187819827,0.15921845187820763,0.1592184518782222,0.15776544665029008,0.15776544665024783,0.1577654466502194,0.15776544665024783,0.15776544665029008,0.15776544665024783,0.1577654466501964,0.15776544665016098,0.1577654466501964,0.15776544665024783,0.1577654466502194,0.15776544665016098,0.15776544665011935,0.15776544665016098,0.1577654466502194,0.15776544665024783,0.1577654466501964,0.15776544665016098,0.1577654466501964,0.15776544665024783,0.15776544665029008,0.15776544665024783,0.1577654466502194,0.15776544665024783,0.15776544665029008,0.15634146296005816,0.15634146295993795,0.15634146295985388,0.15634146295993795,0.15634146296005816,0.15634146295993795,0.15634146295978216,0.15634146295966592,0.15634146295978216,0.15634146295993795,0.15634146295985388,0.15634146295966592,0.15634146295951806,0.15634146295966592,0.15634146295985388,0.15634146295993795,0.15634146295978216,0.15634146295966592,0.15634146295978216,0.15634146295993795,0.15634146296005816,0.15634146295993795,0.15634146295985388,0.15634146295993795,0.15634146296005816,0.15494591500773983,0.1549459150074144,0.15494591500717095,0.1549459150074144,0.15494591500773983,0.1549459150074144,0.15494591500695146,0.1549459150065631,0.15494591500695146,0.1549459150074144,0.15494591500717095,0.1549459150065631,0.1549459150059946,0.1549459150065631,0.15494591500717095,0.1549459150074144,0.15494591500695146,0.1549459150065631,0.15494591500695146,0.1549459150074144,0.15494591500773983,0.1549459150074144,0.15494591500717095,0.1549459150074144,0.15494591500773983,0.15357822103449142,0.1535782210336778,0.15357822103300278,0.1535782210336778,0.15357822103449142,0.1535782210336778,0.15357822103236146,0.15357822103104293,0.15357822103236146,0.1535782210336778,0.15357822103300278,0.15357822103104293,0.1535782210286168,0.15357822103104293,0.15357822103300278,0.1535782210336778,0.15357822103236146,0.15357822103104293,0.15357822103236146,0.1535782210336778,0.15357822103449142,0.1535782210336778,0.15357822103300278,0.1535782210336778,0.15357822103449142,0.15223780418384153,0.15223780418206603,0.1522378041803634,0.15223780418206603,0.15223780418384153,0.15223780418206603,0.15223780417866564,0.1522378041742706,0.15223780417866564,0.15223780418206603,0.1522378041803634,0.1522378041742706,0.15223780416257085,0.1522378041742706,0.1522378041803634,0.15223780418206603,0.15223780417866564,0.1522378041742706,0.15223780417866564,0.15223780418206603,0.15223780418384153,0.15223780418206603,0.1522378041803634,0.15223780418206603,0.15223780418384153,0.15092409326340128,0.15092409326041697,0.15092409325700634,0.15092409326041697,0.15092409326340128,0.15092409326041697,0.1509240932534956,0.15092409324080938,0.1509240932534956,0.15092409326041697,0.15092409325700634,0.15092409324080938,0.1509240931769376,0.15092409324080938,0.15092409325700634,0.15092409326041697,0.1509240932534956,0.15092409324080938,0.1509240932534956,0.15092409326041697,0.15092409326340128,0.15092409326041697,0.15092409325700634,0.15092409326041697,0.15092409326340128,0.14963652341399677,0.14963652341121195,0.14963652340816466,0.14963652341121195,0.14963652341399677,0.14963652341121195,0.14963652340504158,0.14963652339470057,0.14963652340504158,0.14963652341121195,0.14963652340816466,0.14963652339470057,0.14963652334943958,0.14963652339470057,0.14963652340816466,0.14963652341121195,0.14963652340504158,0.14963652339470057,0.14963652340504158,0.14963652341121195,0.14963652341399677,0.14963652341121195,0.14963652340816466,0.14963652341121195,0.14963652341399677,0.14837453669168024,0.14837453668999,0.1483745366882783,0.14837453668999,0.14837453669168024,0.14837453668999,0.14837453668655196,0.1483745366814378,0.14837453668655196,0.14837453668999,0.1483745366882783,0.1483745366814378,0.14837453666187808,0.1483745366814378,0.1483745366882783,0.14837453668999,0.14837453668655196,0.1483745366814378,0.14837453668655196,0.14837453668999,0.14837453669168024,0.14837453668999,0.1483745366882783,0.14837453668999,0.14837453669168024,0.14713758257708734,0.14713758257658793,0.14713758257618592,0.14713758257658793,0.14713758257708734,0.14713758257658793,0.1471375825758072,0.14713758257511453,0.1471375825758072,0.14713758257658793,0.14713758257618592,0.14713758257511453,0.14713758257455792,0.14713758257511453,0.14713758257618592,0.14713758257658793,0.1471375825758072,0.14713758257511453,0.1471375825758072,0.14713758257658793,0.14713758257708734,0.14713758257658793,0.14713758257618592,0.14713758257658793,0.14713758257708734,0.14592511841489061,0.1459251184152722,0.1459251184157672,0.1459251184152722,0.14592511841489061,0.1459251184152722,0.1459251184162957,0.14592511841829234,0.1459251184162957,0.1459251184152722,0.1459251184157672,0.14592511841829234,0.14592511842799522,0.14592511841829234,0.1459251184157672,0.1459251184152722,0.1459251184162957,0.14592511841829234,0.1459251184162957,0.1459251184152722,0.14592511841489061,0.1459251184152722,0.1459251184157672,0.1459251184152722,0.14592511841489061,0.1447366097880861,0.14473660978897526,0.14473660978996722,0.14473660978897526,0.1447366097880861,0.14473660978897526,0.14473660979099043,0.14473660979443412,0.14473660979099043,0.14473660978897526,0.14473660978996722,0.14473660979443412,0.14473660980984757,0.14473660979443412,0.14473660978996722,0.14473660978897526,0.14473660979099043,0.14473660979443412,0.14473660979099043,0.14473660978897526,0.1447366097880861,0.14473660978897526,0.14473660978996722,0.14473660978897526,0.1447366097880861,0.14357153083290397,0.14357153083395682,0.14357153083507557,0.14357153083395682,0.14357153083290397,0.14357153083395682,0.1435715308362145,0.14357153083987717,0.1435715308362145,0.14357153083395682,0.14357153083507557,0.14357153083987717,0.1435715308556625,0.14357153083987717,0.14357153083507557,0.14357153083395682,0.1435715308362145,0.14357153083987717,0.1435715308362145,0.14357153083395682,0.14357153083290397,0.14357153083395682,0.14357153083507557,0.14357153083395682,0.14357153083290397,0.14242936450013113,0.1424293645011251,0.14242936450212504,0.1424293645011251,0.14242936450013113,0.1424293645011251,0.1424293645031282,0.14242936450613466,0.1424293645031282,0.1424293645011251,0.14242936450212504,0.14242936450613466,0.1424293645180239,0.14242936450613466,0.14242936450212504,0.1424293645011251,0.1424293645031282,0.14242936450613466,0.1424293645031282,0.1424293645011251,0.14242936450013113,0.1424293645011251,0.14242936450212504,0.1424293645011251,0.14242936450013113,0.1413096027677487,0.14130960276866145,0.14130960276954155,0.14130960276866145,0.1413096027677487,0.14130960276866145,0.14130960277041058,0.1413096027729157,0.14130960277041058,0.14130960276866145,0.14130960276954155,0.1413096027729157,0.14130960278250998,0.1413096027729157,0.14130960276954155,0.14130960276866145,0.14130960277041058,0.1413096027729157,0.14130960277041058,0.14130960276866145,0.1413096027677487,0.14130960276866145,0.14130960276954155,0.14130960276866145,0.1413096027677487,0.14021174680943344,0.14021174681037724,0.14021174681124235,0.14021174681037724,0.14021174680943344,0.14021174681037724,0.1402117468120812,0.1402117468143884,0.1402117468120812,0.14021174681037724,0.14021174681124235,0.1402117468143884,0.14021174682326085,0.1402117468143884,0.14021174681124235,0.14021174681037724,0.1402117468120812,0.1402117468143884,0.1402117468120812,0.14021174681037724,0.14021174680943344,0.14021174681037724,0.14021174681124235,0.14021174681037724,0.14021174680943344,0.1391353071234094,0.13913530712465677,0.13913530712572292,0.13913530712465677,0.1391353071234094,0.13913530712465677,0.1391353071267489,0.1391353071289549,0.1391353071267489,0.13913530712465677,0.13913530712572292,0.1391353071289549,0.13913530713344258,0.1391353071289549,0.13913530712572292,0.13913530712465677,0.1391353071267489,0.1391353071289549,0.1391353071267489,0.13913530712465677,0.1391353071234094,0.13913530712465677,0.13913530712572292,0.13913530712465677,0.1391353071234094,0.13807980362532232,0.13807980362748035,0.13807980362958844,0.13807980362748035,0.13807980362532232,0.13807980362748035,0.138079803631704,0.13807980363730377,0.138079803631704,0.13807980362748035,0.13807980362958844,0.13807980363730377,0.13807980365262992,0.13807980363730377,0.13807980362958844,0.13807980362748035,0.138079803631704,0.13807980363730377,0.138079803631704,0.13807980362748035,0.13807980362532232,0.13807980362748035,0.13807980362958844,0.13807980362748035,0.13807980362532232,0.13704476570838417,0.13704476571161217,0.13704476571547292,0.13704476571161217,0.13704476570838417,0.13704476571161217,0.13704476571946336,0.137044765735047,0.13704476571946336,0.13704476571161217,0.13704476571547292,0.137044765735047,0.13704476582092054,0.137044765735047,0.13704476571547292,0.13704476571161217,0.13704476571946336,0.137044765735047,0.13704476571946336,0.13704476571161217,0.13704476570838417,0.13704476571161217,0.13704476571547292,0.13704476571161217,0.13704476570838417,0.1360297322760394,0.13602973227825949,0.13602973228042062,0.13602973227825949,0.1360297322760394,0.13602973227825949,0.1360297322825831,0.13602973228833234,0.1360297322825831,0.13602973227825949,0.13602973228042062,0.13602973228833234,0.136029732304225,0.13602973228833234,0.13602973228042062,0.13602973227825949,0.1360297322825831,0.13602973228833234,0.1360297322825831,0.13602973227825949,0.1360297322760394,0.13602973227825949,0.13602973228042062,0.13602973227825949,0.1360297322760394,0.1350342517522516,0.135034251753635,0.13503425175477377,0.135034251753635,0.1350342517522516,0.135034251753635,0.13503425175585243,0.13503425175804368,0.13503425175585243,0.135034251753635,0.13503425175477377,0.13503425175804368,0.13503425176201728,0.13503425175804368,0.13503425175477377,0.135034251753635,0.13503425175585243,0.13503425175804368,0.13503425175585243,0.135034251753635,0.1350342517522516,0.135034251753635,0.13503425175477377,0.135034251753635,0.1350342517522516
0.16533248792715116,0.16533248792715094,0.16533248792715094,0.16533248792715094,0.16533248792715116,0.16533248792715094,0.1653324879271507,0.1653324879271507,0.1653324879271507,0.16533248792715094,0.16533248792715094,0.1653324879271507,0.16533248792715044,0.1653324879271507,0.16533248792715094,0.16533248792715094,0.1653324879271507,0.1653324879271507,0.1653324879271507,0.16533248792715094,0.16533248792715116,0.16533248792715094,0.16533248792715094,0.16533248792715094,0.16533248792715116,0.16375749420553226,0.16375749420553184,0.16375749420553135,0.16375749420553184,0.16375749420553226,0.16375749420553184,0.16375749420553112,0.1637574942055309,0.16375749420553112,0.16375749420553184,0.16375749420553135,0.1637574942055309,0.16375749420553043,0.1637574942055309,0.16375749420553135,0.16375749420553184,0.16375749420553112,0.1637574942055309,0.16375749420553112,0.16375749420553184,0.16375749420553226,0.16375749420553184,0.16375749420553135,0.16375749420553184,0.16375749420553226,0.16221388441586287,0.1622138844158613,0.16221388441586018,0.1622138844158613,0.16221388441586287,0.1622138844158613,0.1622138844158595,0.16221388441585835,0.1622138844158595,0.1622138844158613,0.16221388441586018,0.16221388441585835,0.1622138844158572,0.16221388441585857,0.16221388441586018,0.1622138844158613,0.1622138844158595,0.16221388441585857,0.1622138844158595,0.1622138844158613,0.16221388441586287,0.1622138844158613,0.16221388441586018,0.1622138844158613,0.16221388441586287,0.16070106751518531,0.1607010675151804,0.16070106751517732,0.1607010675151804,0.16070106751518531,0.1607010675151804,0.16070106751517507,0.16070106751517177,0.16070106751517507,0.1607010675151804,0.16070106751517732,0.16070106751517177,0.160701067515168,0.16070106751517177,0.16070106751517732,0.1607010675151804,0.16070106751517507,0.16070106751517177,0.16070106751517507,0.1607010675151804,0.16070106751518531,0.1607010675151804,0.16070106751517732,0.1607010675151804,0.16070106751518531,0.15921845187848432,0.15921845187846997,0.1592184518784606,0.15921845187846997,0.15921845187848432,0.15921845187846997,0.1592184518784534,0.15921845187844233,0.1592184518784534,0.15921845187846997,0.1592184518784606,0.15921845187844233,0.1592184518784299,0.15921845187844233,0.1592184518784606,0.15921845187846997,0.1592184518784534,0.15921845187844233,0.1592184518784534,0.15921845187846997,0.15921845187848432,0.15921845187846997,0.1592184518784606,0.15921845187846997,0.15921845187848432,0.15776544665054695,0.1577654466505045,0.15776544665047632,0.1577654466505045,0.15776544665054695,0.1577654466505045,0.15776544665045347,0.15776544665041786,0.15776544665045347,0.1577654466505045,0.15776544665047632,0.15776544665041786,0.15776544665037648,0.15776544665041786,0.15776544665047632,0.1577654466505045,0.15776544665045347,0.15776544665041786,0.15776544665045347,0.1577654466505045,0.15776544665054695,0.1577654466505045,0.15776544665047632,0.1577654466505045,0.15776544665054695,0.15634146296030935,0.1563414629601893,0.15634146296010565,0.1563414629601893,0.15634146296030935,0.1563414629601893,0.15634146296003396,0.1563414629599181,0.15634146296003396,0.1563414629601893,0.15634146296010565,0.1563414629599181,0.15634146295977044,0.1563414629599181,0.15634146296010545,0.1563414629601893,0.15634146296003396,0.1563414629599181,0.15634146296003396,0.1563414629601893,0.15634146296030935,0.1563414629601893,0.15634146296010545,0.1563414629601893,0.15634146296030935,0.1549459150079849,0.1549459150076603,0.15494591500741747,0.1549459150076603,0.1549459150079849,0.1549459150076603,0.1549459150071984,0.15494591500681107,0.1549459150071984,0.1549459150076603,0.15494591500741747,0.15494591500681107,0.15494591500624363,0.15494591500681107,0.15494591500741747,0.1549459150076603,0.1549459150071984,0.15494591500681107,0.1549459150071984,0.1549459150076603,0.1549459150079849,0.1549459150076603,0.15494591500741747,0.1549459150076603,0.1549459150079849,0.15357822103472882,0.1535782210339172,0.1535782210332436,0.1535782210339172,0.15357822103472882,0.1535782210339172,0.1535782210326039,0.1535782210312886,0.1535782210326039,0.1535782210339172,0.1535782210332436,0.1535782210312886,0.1535782210288678,0.1535782210312886,0.1535782210332436,0.1535782210339172,0.1535782210326039,0.1535782210312886,0.1535782210326039,0.1535782210339172,0.15357822103472882,0.1535782210339172,0.1535782210332436,0.1535782210339172,0.15357822103472882,0.15223780418406732,0.15223780418229613,0.15223780418059762,0.15223780418229613,0.15223780418406732,0.15223780418229613,0.1522378041789038,0.152237804174519,0.1522378041789038,0.15223780418229613,0.15223780418059762,0.152237804174519,0.15223780416284585,0.152237804174519,0.15223780418059762,0.15223780418229613,0.1522378041789038,0.152237804174519,0.1522378041789038,0.15223780418229613,0.15223780418406732,0.15223780418229613,0.15223780418059762,0.15223780418229613,0.15223780418406732,0.15092409326360615,0.15092409326062958,0.15092409325722744,0.15092409326062958,0.15092409326360615,0.15092409326062958,0.15092409325372538,0.15092409324106926,0.15092409325372538,0.15092409326062958,0.15092409325722744,0.15092409324106926,0.15092409317734334,0.15092409324106926,0.15092409325722744,0.15092409326062958,0.15092409325372538,0.15092409324106926,0.15092409325372538,0.15092409326062958,0.15092409326360615,0.15092409326062958,0.15092409325722744,0.15092409326062958,0.15092409326360615,0.14963652341416447,0.14963652341138836,0.14963652340835035,0.14963652341138836,0.14963652341416447,0.14963652341138836,0.1496365234052367,0.14963652339492672,0.1496365234052367,0.14963652341138836,0.14963652340835035,0.14963652339492672,0.14963652334984723,0.14963652339492672,0.14963652340835035,0.14963652341138836,0.1496365234052367,0.14963652339492672,0.1496365234052367,0.14963652341138836,0.14963652341416447,0.14963652341138836,0.14963652340835035,0.14963652341138836,0.14963652341416447,0.14837453669179254,0.14837453669010955,0.14837453668840547,0.14837453669010955,0.14837453669179254,0.14837453669010955,0.14837453668668688,0.14837453668159847,0.14837453668668688,0.14837453669010955,0.14837453668840547,0.14837453668159847,0.1483745366621127,0.14837453668159847,0.14837453668840547,0.14837453669010955,0.14837453668668688,0.14837453668159847,0.14837453668668688,0.14837453669010955,0.14837453669179254,0.14837453669010955,0.14837453668840547,0.14837453669010955,0.14837453669179254,0.14713758257712875,0.14713758257663317,0.147137582576235,0.14713758257663317,0.14713758257712875,0.14713758257663317,0.14713758257586024,0.14713758257518064,0.14713758257586024,0.14713758257663317,0.147137582576235,0.14713758257518064,0.14713758257469128,0.14713758257518064,0.147137582576235,0.14713758257663317,0.14713758257586024,0.14713758257518064,0.14713758257586024,0.14713758257663317,0.14713758257712875,0.14713758257663317,0.147137582576235,0.14713758257663317,0.14713758257712875,0.14592511841485215,0.1459251184152334,0.14592511841572767,0.1459251184152334,0.14592511841485215,0.1459251184152334,0.14592511841625566,0.1459251184182498,0.14592511841625566,0.1459251184152334,0.14592511841572767,0.1459251184182498,0.14592511842793202,0.1459251184182498,0.14592511841572767,0.1459251184152334,0.14592511841625566,0.1459251184182498,0.14592511841625566,0.1459251184152334,0.14592511841485215,0.1459251184152334,0.14592511841572767,0.1459251184152334,0.14592511841485215,0.14473660978796773,0.1447366097888527,0.14473660978984015,0.1447366097888527,0.14473660978796773,0.1447366097888527,0.1447366097908588,0.1447366097942882,0.1447366097908588,0.1447366097888527,0.14473660978984015,0.1447366097942882,0.1447366098096568,0.1447366097942882,0.14473660978984015,0.1447366097888527,0.1447366097908588,0.1447366097942882,0.1447366097908588,0.1447366097888527,0.14473660978796773,0.1447366097888527,0.14473660978984015,0.1447366097888527,0.14473660978796773,0.14357153083271335,0.143571530833759,0.1435715308348697,0.143571530833759,0.14357153083271335,0.143571530833759,0.1435715308360004,0.14357153083963486,0.1435715308360004,0.143571530833759,0.1435715308348697,0.14357153083963486,0.14357153085528157,0.14357153083963486,0.1435715308348697,0.143571530833759,0.1435715308360004,0.14357153083963486,0.1435715308360004,0.143571530833759,0.14357153083271335,0.143571530833759,0.1435715308348697,0.143571530833759,0.14357153083271335,0.14242936449988236,0.14242936450086857,0.14242936450186033,0.14242936450086857,0.14242936449988236,0.14242936450086857,0.14242936450285493,0.14242936450583268,0.14242936450285493,0.14242936450086857,0.14242936450186033,0.14242936450583268,0.14242936451757734,0.14242936450583268,0.14242936450186033,0.14242936450086857,0.14242936450285493,0.14242936450583268,0.14242936450285493,0.14242936450086857,0.14242936449988236,0.14242936450086857,0.14242936450186033,0.14242936450086857,0.14242936449988236,0.14130960276745644,0.14130960276836346,0.1413096027692381,0.14130960276836346,0.14130960276745644,0.14130960276836346,0.14130960277010138,0.1413096027725909,0.14130960277010138,0.14130960276836346,0.1413096027692381,0.1413096027725909,0.14130960278214028,0.1413096027725909,0.1413096027692381,0.14130960276836346,0.14130960277010138,0.1413096027725909,0.14130960277010138,0.14130960276836346,0.14130960276745644,0.14130960276836346,0.1413096027692381,0.14130960276836346,0.14130960276745644,0.14021174680910864,0.1402117468100486,0.14021174681090987,0.1402117468100486,0.14021174680910864,0.1402117468100486,0.1402117468117453,0.14021174681404236,0.1402117468117453,0.1402117468100486,0.14021174681090987,0.14021174681404236,0.14021174682288465,0.14021174681404236,0.14021174681090987,0.1402117468100486,0.1402117468117453,0.14021174681404236,0.1402117468117453,0.1402117468100486,0.14021174680910864,0.1402117468100486,0.14021174681090987,0.1402117468100486,0.14021174680910864,0.1391353071230597,0.13913530712430403,0.13913530712536765,0.13913530712430403,0.1391353071230597,0.13913530712430403,0.1391353071263911,0.13913530712859187,0.1391353071263911,0.13913530712430403,0.13913530712536765,0.13913530712859187,0.13913530713306832,0.13913530712859187,0.13913530712536765,0.13913530712430403,0.1391353071263911,0.13913530712859187,0.1391353071263911,0.13913530712430403,0.1391353071230597,0.13913530712430403,0.13913530712536765,0.13913530712430403,0.1391353071230597,0.13807980362495317,0.13807980362710764,0.13807980362921246,0.13807980362710764,0.13807980362495317,0.13807980362710764,0.1380798036313246,0.13807980363691602,0.1380798036313246,0.13807980362710764,0.13807980362921246,0.13807980363691602,0.13807980365221953,0.13807980363691602,0.13807980362921246,0.13807980362710764,0.1380798036313246,0.13807980363691602,0.1380798036313246,0.13807980362710764,0.13807980362495317,0.13807980362710764,0.13807980362921246,0.13807980362710764,0.13807980362495317,0.1370447657080027,0.13704476571122595,0.1370447657150811,0.13704476571122595,0.1370447657080027,0.13704476571122595,0.13704476571906574,0.1370447657346272,0.13704476571906574,0.13704476571122595,0.1370447657150811,0.1370447657346272,0.13704476582038552,0.1370447657346272,0.1370447657150811,0.13704476571122595,0.13704476571906574,0.1370447657346272,0.13704476571906574,0.13704476571122595,0.1370447657080027,0.13704476571122595,0.1370447657150811,0.13704476571122595,0.1370447657080027,0.13602973227565487,0.13602973227787177,0.1360297322800298,0.13602973227787177,0.13602973227565487,0.13602973227787177,0.13602973228218915,0.13602973228793033,0.13602973228218915,0.13602973227787177,0.1360297322800298,0.13602973228793033,0.13602973230380047,0.13602973228793033,0.1360297322800298,0.13602973227787177,0.13602973228218915,0.13602973228793033,0.13602973228218915,0.13602973227787177,0.13602973227565487,0.13602973227787177,0.1360297322800298,0.13602973227787177,0.13602973227565487,0.1350342517518705,0.13503425175325187,0.13503425175438918,0.13503425175325187,0.1350342517518705,0.13503425175325187,0.1350342517554662,0.1350342517576544,0.1350342517554662,0.13503425175325187,0.13503425175438918,0.1350342517576544,0.13503425176162231,0.1350342517576544,0.13503425175438918,0.13503425175325187,0.1350342517554662,0.1350342517576544,0.1350342517554662,0.13503425175325187,0.1350342517518705,0.13503425175325187,0.13503425175438918,0.13503425175325187,0.1350342517518705
0.1653324879274301,0.16533248792742986,0.16533248792742986,0.16533248792742986,0.1653324879274301,0.16533248792742986,0.16533248792742963,0.16533248792742963,0.16533248792742963,0.16533248792742986,0.16533248792742986,0.16533248792742963,0.16533248792742938,0.16533248792742963,0.16533248792742986,0.16533248792742986,0.16533248792742963,0.16533248792742963,0.16533248792742963,0.16533248792742986,0.1653324879274301,0.16533248792742986,0.16533248792742986,0.16533248792742986,0.1653324879274301,0.16375749420580615,0.1637574942058054,0.1637574942058052,0.1637574942058054,0.16375749420580615,0.1637574942058054,0.16375749420580496,0.16375749420580477,0.16375749420580496,0.1637574942058054,0.1637574942058052,0.16375749420580477,0.1637574942058043,0.16375749420580477,0.1637574942058052,0.1637574942058054,0.16375749420580496,0.16375749420580477,0.16375749420580496,0.1637574942058054,0.16375749420580615,0.1637574942058054,0.1637574942058052,0.1637574942058054,0.16375749420580615,0.1622138844161315,0.1622138844161299,0.16221388441612875,0.1622138844161299,0.1622138844161315,0.1622138844161299,0.1622138844161281,0.1622138844161272,0.1622138844161281,0.1622138844161299,0.16221388441612875,0.1622138844161272,0.16221388441612583,0.1622138844161272,0.16221388441612875,0.1622138844161299,0.1622138844161281,0.1622138844161272,0.1622138844161281,0.1622138844161299,0.1622138844161315,0.1622138844161299,0.16221388441612875,0.1622138844161299,0.1622138844161315,0.160701067515449,0.16070106751544413,0.160701067515441,0.16070106751544413,0.160701067515449,0.16070106751544413,0.16070106751543878,0.16070106751543523,0.16070106751543878,0.16070106751544413,0.160701067515441,0.16070106751543523,0.16070106751543145,0.16070106751543523,0.160701067515441,0.16070106751544413,0.16070106751543878,0.16070106751543523,0.16070106751543878,0.16070106751544413,0.160701067515449,0.16070106751544413,0.160701067515441,0.16070106751544413,0.160701067515449,0.15921845187874298,0.1592184518787286,0.15921845187871925,0.1592184518787286,0.15921845187874298,0.1592184518787286,0.1592184518787121,0.15921845187870096,0.1592184518787121,0.1592184518787286,0.15921845187871925,0.15921845187870096,0.15921845187868877,0.15921845187870096,0.15921845187871925,0.1592184518787286,0.1592184518787121,0.15921845187870096,0.1592184518787121,0.1592184518787286,0.15921845187874298,0.1592184518787286,0.15921845187871925,0.1592184518787286,0.15921845187874298,0.15776544665080042,0.1577654466507584,0.15776544665073025,0.1577654466507584,0.15776544665080042,0.1577654466507584,0.1577654466507074,0.157765446650672,0.1577654466507074,0.1577654466507584,0.15776544665073025,0.157765446650672,0.1577654466506306,0.157765446650672,0.15776544665073025,0.1577654466507584,0.1577654466507074,0.157765446650672,0.1577654466507074,0.1577654466507584,0.15776544665080042,0.1577654466507584,0.15776544665073025,0.1577654466507584,0.15776544665080042,0.15634146296055776,0.15634146296043816,0.1563414629603545,0.15634146296043816,0.15634146296055776,0.15634146296043816,0.1563414629602832,0.15634146296016735,0.1563414629602832,0.15634146296043816,0.1563414629603545,0.15634146296016735,0.15634146296002013,0.15634146296016735,0.1563414629603545,0.15634146296043816,0.1563414629602832,0.15634146296016735,0.1563414629602832,0.15634146296043816,0.15634146296055776,0.15634146296043816,0.1563414629603545,0.15634146296043816,0.15634146296055776,0.15494591500822755,0.15494591500790356,0.15494591500766133,0.15494591500790356,0.15494591500822755,0.15494591500790356,0.15494591500744287,0.15494591500705637,0.15494591500744287,0.15494591500790356,0.15494591500766133,0.15494591500705637,0.15494591500649035,0.15494591500705637,0.15494591500766133,0.15494591500790356,0.15494591500744287,0.15494591500705637,0.15494591500744287,0.15494591500790356,0.15494591500822755,0.15494591500790356,0.15494591500766133,0.15494591500790356,0.15494591500822755,0.153578221034964,0.15357822103415442,0.1535782210334824,0.15357822103415442,0.153578221034964,0.15357822103415442,0.1535782210328441,0.153578221031532,0.1535782210328441,0.15357822103415442,0.1535782210334824,0.153578221031532,0.15357822102911667,0.153578221031532,0.1535782210334824,0.15357822103415442,0.1535782210328441,0.153578221031532,0.1535782210328441,0.15357822103415442,0.153578221034964,0.15357822103415442,0.1535782210334824,0.15357822103415442,0.153578221034964,0.15223780418429111,0.15223780418252428,0.1522378041808297,0.15223780418252428,0.15223780418429111,0.15223780418252428,0.15223780417914,0.15223780417476546,0.15223780417914,0.15223780418252428,0.1522378041808297,0.15223780417476546,0.15223780416311827,0.15223780417476546,0.1522378041808297,0.15223780418252428,0.15223780417914,0.15223780417476546,0.15223780417914,0.15223780418252428,0.15223780418429111,0.15223780418252428,0.1522378041808297,0.15223780418252428,0.15223780418429111,0.1509240932638093,0.15092409326084047,0.1509240932574468,0.15092409326084047,0.1509240932638093,0.15092409326084047,0.1509240932539534,0.15092409324132697,0.1509240932539534,0.15092409326084047,0.1509240932574468,0.15092409324132697,0.1509240931777423,0.15092409324132697,0.1509240932574468,0.15092409326084047,0.1509240932539534,0.15092409324132697,0.1509240932539534,0.15092409326084047,0.1509240932638093,0.15092409326084047,0.1509240932574468,0.15092409326084047,0.1509240932638093,0.14963652341433087,0.14963652341156344,0.1496365234085345,0.14963652341156344,0.14963652341433087,0.14963652341156344,0.14963652340543035,0.14963652339515077,0.14963652340543035,0.14963652341156344,0.1496365234085345,0.14963652339515077,0.1496365233501305,0.14963652339515077,0.1496365234085345,0.14963652341156344,0.14963652340543035,0.14963652339515077,0.14963652340543035,0.14963652341156344,0.14963652341433087,0.14963652341156344,0.1496365234085345,0.14963652341156344,0.14963652341433087,0.14837453669190412,0.14837453669022818,0.14837453668853184,0.14837453669022818,0.14837453669190412,0.14837453669022818,0.14837453668682107,0.14837453668175787,0.14837453668682107,0.14837453669022818,0.14837453668853184,0.14837453668175787,0.14837453666240535,0.14837453668175787,0.14837453668853184,0.14837453669022818,0.14837453668682107,0.14837453668175787,0.14837453668682107,0.14837453669022818,0.14837453669190412,0.14837453669022818,0.14837453668853184,0.14837453669022818,0.14837453669190412,0.14713758257717016,0.14713758257667842,0.1471375825762842,0.14713758257667842,0.14713758257717016,0.14713758257667842,0.14713758257591344,0.1471375825752466,0.14713758257591344,0.14713758257667842,0.1471375825762842,0.1471375825752466,0.14713758257480808,0.1471375825752466,0.1471375825762842,0.14713758257667842,0.14713758257591344,0.1471375825752466,0.14713758257591344,0.14713758257667842,0.14713758257717016,0.14713758257667842,0.1471375825762842,0.14713758257667842,0.14713758257717016,0.14592511841481492,0.14592511841519562,0.1459251184156894,0.14592511841519562,0.14592511841481492,0.14592511841519562,0.1459251184162168,0.1459251184182085,0.1459251184162168,0.14592511841519562,0.1459251184156894,0.1459251184182085,0.14592511842785882,0.1459251184182085,0.1459251184156894,0.14592511841519562,0.1459251184162168,0.1459251184182085,0.1459251184162168,0.14592511841519562,0.14592511841481492,0.14592511841519562,0.1459251184156894,0.14592511841519562,0.14592511841481492,0.14473660978785152,0.14473660978873212,0.14473660978971517,0.14473660978873212,0.14473660978785152,0.14473660978873212,0.1447366097907293,0.14473660979414474,0.1447366097907293,0.14473660978873212,0.14473660978971517,0.14473660979414474,0.14473660980948205,0.14473660979414474,0.14473660978971517,0.14473660978873212,0.1447366097907293,0.14473660979414474,0.1447366097907293,0.14473660978873212,0.14473660978785152,0.14473660978873212,0.14473660978971517,0.14473660978873212,0.14473660978785152,0.14357153083252563,0.14357153083356394,0.14357153083466676,0.14357153083356394,0.14357153083252563,0.14357153083356394,0.14357153083578927,0.14357153083939583,0.14357153083578927,0.14357153083356394,0.14357153083466676,0.14357153083939583,0.14357153085492552,0.14357153083939583,0.14357153083466676,0.14357153083356394,0.14357153083578927,0.14357153083939583,0.14357153083578927,0.14357153083356394,0.14357153083252563,0.14357153083356394,0.14357153083466676,0.14357153083356394,0.14357153083252563,0.14242936449963678,0.1424293645006156,0.142429364501599,0.1424293645006156,0.14242936449963678,0.1424293645006156,0.1424293645025852,0.14242936450553476,0.1424293645025852,0.1424293645006156,0.142429364501599,0.14242936450553476,0.14242936451714858,0.14242936450553476,0.142429364501599,0.1424293645006156,0.1424293645025852,0.14242936450553476,0.1424293645025852,0.1424293645006156,0.14242936449963678,0.1424293645006156,0.142429364501599,0.1424293645006156,0.14242936449963678,0.14130960276716797,0.14130960276806942,0.14130960276893842,0.14130960276806942,0.14130960276716797,0.14130960276806942,0.1413096027697963,0.14130960277227017,0.1413096027697963,0.14130960276806942,0.14130960276893842,0.14130960277227017,0.14130960278174753,0.14130960277227017,0.14130960276893842,0.14130960276806942,0.1413096027697963,0.14130960277227017,0.1413096027697963,0.14130960276806942,0.14130960276716797,0.14130960276806942,0.14130960276893842,0.14130960276806942,0.14130960276716797,0.14021174680878792,0.140211746809724,0.14021174681058168,0.140211746809724,0.14021174680878792,0.140211746809724,0.14021174681141343,0.14021174681370063,0.14021174681141343,0.140211746809724,0.14021174681058168,0.14021174681370063,0.140211746822507,0.14021174681370063,0.14021174681058168,0.140211746809724,0.14021174681141343,0.14021174681370063,0.14021174681141343,0.140211746809724,0.14021174680878792,0.140211746809724,0.14021174681058168,0.140211746809724,0.14021174680878792,0.1391353071227142,0.13913530712395555,0.13913530712501662,0.13913530712395555,0.1391353071227142,0.13913530712395555,0.13913530712603772,0.13913530712823327,0.13913530712603772,0.13913530712395555,0.13913530712501662,0.13913530712823327,0.13913530713269864,0.13913530712823327,0.13913530712501662,0.13913530712395555,0.13913530712603772,0.13913530712823327,0.13913530712603772,0.13913530712395555,0.1391353071227142,0.13913530712395555,0.13913530712501662,0.13913530712395555,0.1391353071227142,0.13807980362458852,0.13807980362673955,0.138079803628841,0.13807980362673955,0.13807980362458852,0.13807980362673955,0.13807980363094988,0.13807980363653274,0.13807980363094988,0.13807980362673955,0.138079803628841,0.13807980363653274,0.13807980365181394,0.13807980363653274,0.138079803628841,0.13807980362673955,0.13807980363094988,0.13807980363653274,0.13807980363094988,0.13807980362673955,0.13807980362458852,0.13807980362673955,0.138079803628841,0.13807980362673955,0.13807980362458852,0.13704476570762567,0.13704476571084417,0.137044765714694,0.13704476571084417,0.13704476570762567,0.13704476571084417,0.13704476571867288,0.1370447657342126,0.13704476571867288,0.13704476571084417,0.137044765714694,0.1370447657342126,0.13704476581983804,0.1370447657342126,0.137044765714694,0.13704476571084417,0.13704476571867288,0.1370447657342126,0.13704476571867288,0.13704476571084417,0.13704476570762567,0.13704476571084417,0.137044765714694,0.13704476571084417,0.13704476570762567,0.13602973227527493,0.13602973227748874,0.1360297322796436,0.13602973227748874,0.13602973227527493,0.13602973227748874,0.1360297322818,0.13602973228753312,0.1360297322818,0.13602973227748874,0.1360297322796436,0.13602973228753312,0.13602973230338103,0.13602973228753312,0.1360297322796436,0.13602973227748874,0.1360297322818,0.13602973228753312,0.1360297322818,0.13602973227748874,0.13602973227527493,0.13602973227748874,0.1360297322796436,0.13602973227748874,0.13602973227527493,0.13503425175149394,0.1350342517528734,0.13503425175400896,0.1350342517528734,0.13503425175149394,0.1350342517528734,0.13503425175508454,0.13503425175726963,0.1350342517550847,0.1350342517528734,0.13503425175400896,0.13503425175726963,0.13503425176123213,0.13503425175726963,0.13503425175400896,0.1350342517528734,0.1350342517550847,0.13503425175726963,0.1350342517550847,0.1350342517528734,0.13503425175149394,0.1350342517528734,0.13503425175400896,0.1350342517528734,0.13503425175149394
0.1653324879277076,0.16533248792770738,0.16533248792770738,0.16533248792770738,0.1653324879277076,0.16533248792770738,0.16533248792770713,0.16533248792770713,0.16533248792770713,0.16533248792770738,0.16533248792770738,0.16533248792770713,0.1653324879277069,0.16533248792770713,0.16533248792770738,0.16533248792770738,0.16533248792770713,0.16533248792770713,0.16533248792770713,0.16533248792770738,0.1653324879277076,0.16533248792770738,0.16533248792770738,0.16533248792770738,0.1653324879277076,0.1637574942060781,0.16375749420607744,0.16375749420607721,0.16375749420607744,0.1637574942060779,0.16375749420607744,0.16375749420607696,0.1637574942060765,0.16375749420607696,0.16375749420607744,0.16375749420607721,0.1637574942060765,0.16375749420607627,0.1637574942060765,0.16375749420607721,0.16375749420607744,0.16375749420607696,0.1637574942060765,0.16375749420607696,0.16375749420607744,0.1637574942060779,0.16375749420607744,0.16375749420607721,0.16375749420607744,0.1637574942060781,0.16221388441639786,0.16221388441639628,0.16221388441639537,0.16221388441639628,0.16221388441639786,0.16221388441639628,0.16221388441639467,0.16221388441639353,0.16221388441639467,0.16221388441639628,0.16221388441639537,0.16221388441639353,0.1622138844163924,0.16221388441639353,0.16221388441639537,0.16221388441639628,0.16221388441639467,0.16221388441639353,0.16221388441639467,0.16221388441639628,0.16221388441639786,0.16221388441639628,0.16221388441639537,0.16221388441639628,0.16221388441639786,0.16070106751571003,0.16070106751570515,0.16070106751570204,0.16070106751570515,0.16070106751571003,0.16070106751570515,0.16070106751569982,0.1607010675156965,0.16070106751569982,0.16070106751570515,0.16070106751570204,0.1607010675156965,0.1607010675156927,0.1607010675156965,0.16070106751570204,0.16070106751570515,0.16070106751569982,0.1607010675156965,0.16070106751569982,0.16070106751570515,0.16070106751571003,0.16070106751570515,0.16070106751570204,0.16070106751570515,0.16070106751571003,0.1592184518789988,0.15921845187898442,0.15921845187897507,0.15921845187898442,0.1592184518789988,0.15921845187898442,0.1592184518789679,0.15921845187895678,0.1592184518789679,0.15921845187898442,0.15921845187897507,0.15921845187895678,0.1592184518789446,0.15921845187895678,0.15921845187897507,0.15921845187898442,0.1592184518789679,0.15921845187895678,0.1592184518789679,0.15921845187898442,0.1592184518789988,0.15921845187898442,0.15921845187897507,0.15921845187898442,0.1592184518789988,0.1577654466510509,0.15776544665100892,0.15776544665098072,0.15776544665100892,0.1577654466510509,0.15776544665100892,0.1577654466509579,0.1577654466509227,0.1577654466509579,0.15776544665100892,0.15776544665098072,0.1577654466509227,0.1577654466508813,0.1577654466509227,0.15776544665098072,0.15776544665100892,0.1577654466509579,0.1577654466509227,0.1577654466509579,0.15776544665100892,0.1577654466510509,0.15776544665100892,0.15776544665098072,0.15776544665100892,0.1577654466510509,0.1563414629608028,0.15634146296068321,0.15634146296059998,0.15634146296068321,0.1563414629608028,0.15634146296068321,0.15634146296052867,0.15634146296041326,0.15634146296052867,0.15634146296068321,0.15634146296059998,0.15634146296041326,0.15634146296026644,0.15634146296041326,0.15634146296059998,0.15634146296068321,0.15634146296052867,0.15634146296041326,0.15634146296052867,0.15634146296068321,0.1563414629608028,0.15634146296068321,0.15634146296059998,0.15634146296068321,0.1563414629608028,0.1549459150084665,0.15494591500814356,0.15494591500790172,0.15494591500814356,0.1549459150084665,0.15494591500814356,0.15494591500768387,0.1549459150072982,0.15494591500768387,0.15494591500814356,0.15494591500790172,0.1549459150072982,0.1549459150067334,0.1549459150072982,0.15494591500790172,0.15494591500814356,0.15494591500768387,0.1549459150072982,0.15494591500768387,0.15494591500814356,0.1549459150084665,0.15494591500814356,0.15494591500790172,0.15494591500814356,0.1549459150084665,0.1535782210351956,0.1535782210343878,0.15357822103371757,0.1535782210343878,0.1535782210351956,0.1535782210343878,0.1535782210330807,0.1535782210317714,0.1535782210330807,0.1535782210343878,0.15357822103371757,0.1535782210317714,0.1535782210293617,0.1535782210317714,0.15357822103371757,0.1535782210343878,0.1535782210330807,0.1535782210317714,0.1535782210330807,0.1535782210343878,0.1535782210351956,0.1535782210343878,0.15357822103371757,0.1535782210343878,0.1535782210351956,0.1522378041845112,0.15223780418274868,0.1522378041810582,0.15223780418274868,0.1522378041845112,0.15223780418274868,0.15223780417937247,0.15223780417500796,0.15223780417937247,0.15223780418274868,0.1522378041810582,0.15223780417500796,0.15223780416338678,0.15223780417500796,0.1522378041810582,0.15223780418274868,0.15223780417937247,0.15223780417500796,0.15223780417937247,0.15223780418274868,0.1522378041845112,0.15223780418274868,0.1522378041810582,0.15223780418274868,0.1522378041845112,0.15092409326400916,0.15092409326104783,0.15092409325766248,0.15092409326104783,0.15092409326400916,0.15092409326104783,0.1509240932541776,0.1509240932415805,0.1509240932541776,0.15092409326104783,0.15092409325766248,0.1509240932415805,0.1509240931781351,0.1509240932415805,0.15092409325766248,0.15092409326104783,0.1509240932541776,0.1509240932415805,0.1509240932541776,0.15092409326104783,0.15092409326400916,0.15092409326104783,0.15092409325766248,0.15092409326104783,0.15092409326400916,0.14963652341449446,0.1496365234117353,0.14963652340871564,0.1496365234117353,0.14963652341449446,0.1496365234117353,0.14963652340562072,0.14963652339537123,0.14963652340562072,0.1496365234117353,0.14963652340871564,0.14963652339537123,0.14963652335051775,0.14963652339537123,0.14963652340871564,0.1496365234117353,0.14963652340562072,0.14963652339537123,0.14963652340562072,0.1496365234117353,0.14963652341449446,0.1496365234117353,0.14963652340871564,0.1496365234117353,0.14963652341449446,0.14837453669201364,0.14837453669034453,0.14837453668865583,0.14837453669034453,0.14837453669201364,0.14837453669034453,0.14837453668695266,0.14837453668191447,0.14837453668695266,0.14837453669034453,0.14837453668865583,0.14837453668191447,0.1483745366626637,0.14837453668191447,0.14837453668865583,0.14837453669034453,0.14837453668695266,0.14837453668191447,0.14837453668695266,0.14837453669034453,0.14837453669201364,0.14837453669034453,0.14837453668865583,0.14837453669034453,0.14837453669201364,0.1471375825772105,0.14713758257672221,0.147137582576332,0.14713758257672221,0.1471375825772105,0.14713758257672221,0.14713758257596524,0.1471375825753111,0.14713758257596524,0.14713758257672221,0.147137582576332,0.1471375825753111,0.14713758257493487,0.1471375825753111,0.147137582576332,0.14713758257672221,0.14713758257596524,0.1471375825753111,0.14713758257596524,0.14713758257672221,0.1471375825772105,0.14713758257672221,0.147137582576332,0.14713758257672221,0.1471375825772105,0.14592511841477734,0.14592511841515787,0.14592511841565112,0.14592511841515787,0.14592511841477734,0.14592511841515787,0.14592511841617783,0.14592511841816716,0.14592511841617783,0.14592511841515787,0.14592511841565112,0.14592511841816716,0.14592511842782535,0.14592511841816716,0.14592511841565112,0.14592511841515787,0.14592511841617783,0.14592511841816716,0.14592511841617783,0.14592511841515787,0.14592511841477734,0.14592511841515787,0.14592511841565112,0.14592511841515787,0.14592511841477734,0.14473660978773611,0.14473660978861255,0.14473660978959124,0.14473660978861255,0.14473660978773611,0.14473660978861255,0.14473660979060085,0.14473660979400246,0.14473660979060085,0.14473660978861255,0.14473660978959124,0.14473660979400246,0.14473660980924347,0.14473660979400246,0.14473660978959124,0.14473660978861255,0.14473660979060085,0.14473660979400246,0.14473660979060085,0.14473660978861255,0.14473660978773611,0.14473660978861255,0.14473660978959124,0.14473660978861255,0.14473660978773611,0.14357153083233964,0.14357153083337093,0.14357153083446586,0.14357153083337093,0.14357153083233964,0.14357153083337093,0.14357153083558036,0.14357153083915936,0.14357153083558036,0.14357153083337093,0.14357153083446586,0.14357153083915936,0.14357153085457594,0.14357153083915936,0.14357153083446586,0.14357153083337093,0.14357153083558036,0.14357153083915936,0.14357153083558036,0.14357153083337093,0.14357153083233964,0.14357153083337093,0.14357153083446586,0.14357153083337093,0.14357153083233964,0.14242936449939403,0.14242936450036534,0.14242936450134064,0.14242936450036534,0.14242936449939403,0.14242936450036534,0.14242936450231847,0.14242936450523985,0.14242936450231847,0.14242936450036534,0.14242936450134064,0.14242936450523985,0.1424293645167208,0.14242936450523985,0.14242936450134064,0.14242936450036534,0.14242936450231847,0.14242936450523985,0.14242936450231847,0.14242936450036534,0.14242936449939403,0.14242936450036534,0.14242936450134064,0.14242936450036534,0.14242936449939403,0.1413096027668826,0.14130960276777862,0.1413096027686422,0.14130960276777862,0.1413096027668826,0.14130960276777862,0.14130960276949467,0.14130960277195326,0.14130960276949467,0.14130960276777862,0.1413096027686422,0.14130960277195326,0.14130960278140084,0.14130960277195326,0.1413096027686422,0.14130960276777862,0.14130960276949467,0.14130960277195326,0.14130960276949467,0.14130960276777862,0.1413096027668826,0.14130960276777862,0.1413096027686422,0.14130960276777862,0.1413096027668826,0.1402117468084709,0.14021174680940326,0.14021174681025725,0.14021174680940326,0.1402117468084709,0.14021174680940326,0.1402117468110856,0.140211746813363,0.1402117468110856,0.14021174680940326,0.14021174681025725,0.140211746813363,0.1402117468221306,0.140211746813363,0.14021174681025725,0.14021174680940326,0.1402117468110856,0.140211746813363,0.1402117468110856,0.14021174680940326,0.1402117468084709,0.14021174680940326,0.14021174681025725,0.14021174680940326,0.1402117468084709,0.139135307122373,0.13913530712361133,0.13913530712467007,0.13913530712361133,0.13913530712237285,0.13913530712361133,0.1391353071256886,0.1391353071278791,0.1391353071256886,0.13913530712361133,0.13913530712467007,0.1391353071278791,0.13913530713233344,0.1391353071278791,0.13913530712467007,0.13913530712361133,0.1391353071256886,0.1391353071278791,0.1391353071256886,0.13913530712361133,0.13913530712237285,0.13913530712361133,0.13913530712467007,0.13913530712361133,0.13913530712237285,0.13807980362422853,0.138079803626376,0.13807980362847416,0.138079803626376,0.13807980362422853,0.138079803626376,0.13807980363057978,0.1380798036361543,0.13807980363057978,0.138079803626376,0.13807980362847416,0.1380798036361543,0.13807980365141348,0.1380798036361543,0.13807980362847416,0.138079803626376,0.13807980363057978,0.1380798036361543,0.13807980363057978,0.138079803626376,0.13807980362422853,0.138079803626376,0.13807980362847416,0.138079803626376,0.13807980362422853,0.1370447657072535,0.13704476571046745,0.13704476571431176,0.13704476571046745,0.1370447657072535,0.13704476571046745,0.13704476571828503,0.13704476573380314,0.13704476571828503,0.13704476571046745,0.13704476571431176,0.13704476573380314,0.1370447658193319,0.13704476573380314,0.13704476571431176,0.13704476571046745,0.13704476571828503,0.13704476573380314,0.13704476571828503,0.13704476571046745,0.1370447657072535,0.13704476571046745,0.13704476571431176,0.13704476571046745,0.1370447657072535,0.1360297322748998,0.13602973227711043,0.13602973227926232,0.13602973227711043,0.1360297322748998,0.13602973227711043,0.13602973228141574,0.13602973228714083,0.13602973228141574,0.13602973227711043,0.13602973227926232,0.13602973228714083,0.13602973230296697,0.13602973228714083,0.13602973227926232,0.13602973227711043,0.13602973228141574,0.13602973228714083,0.13602973228141574,0.13602973227711043,0.1360297322748998,0.13602973227711043,0.13602973227926232,0.13602973227711043,0.1360297322748998,0.13503425175112202,0.13503425175249958,0.13503425175363357,0.13503425175249958,0.13503425175112202,0.13503425175249958,0.13503425175470768,0.1350342517568897,0.13503425175470768,0.13503425175249958,0.13503425175363357,0.1350342517568897,0.13503425176084666,0.1350342517568897,0.13503425175363357,0.13503425175249958,0.13503425175470768,0.1350342517568897,0.13503425175470768,0.13503425175249958,0.13503425175112202,0.13503425175249958,0.13503425175363357,0.13503425175249958,0.13503425175112202
0.16533248792798208,0.16533248792798186,0.16533248792798186,0.16533248792798186,0.16533248792798208,0.16533248792798186,0.1653324879279816,0.1653324879279816,0.1653324879279816,0.16533248792798186,0.16533248792798186,0.1653324879279816,0.16533248792798136,0.1653324879279816,0.16533248792798186,0.16533248792798186,0.1653324879279816,0.1653324879279816,0.1653324879279816,0.16533248792798186,0.16533248792798208,0.16533248792798186,0.16533248792798186,0.16533248792798186,0.16533248792798208,0.1637574942063469,0.16375749420634642,0.1637574942063462,0.16375749420634642,0.1637574942063469,0.16375749420634642,0.16375749420634594,0.1637574942063455,0.16375749420634594,0.16375749420634642,0.1637574942063462,0.1637574942063455,0.16375749420634525,0.1637574942063455,0.1637574942063462,0.16375749420634642,0.16375749420634594,0.1637574942063455,0.16375749420634594,0.16375749420634642,0.1637574942063469,0.16375749420634642,0.1637574942063462,0.16375749420634642,0.1637574942063469,0.16221388441666146,0.1622138844166599,0.162213884416659,0.1622138844166599,0.16221388441666146,0.1622138844166599,0.16221388441665807,0.16221388441665716,0.16221388441665807,0.1622138844166599,0.162213884416659,0.16221388441665716,0.16221388441665602,0.16221388441665716,0.162213884416659,0.1622138844166599,0.16221388441665807,0.16221388441665716,0.1622138844166583,0.1622138844166599,0.16221388441666146,0.1622138844166599,0.162213884416659,0.1622138844166599,0.16221388441666146,0.16070106751596816,0.16070106751596328,0.1607010675159602,0.16070106751596328,0.16070106751596816,0.16070106751596328,0.16070106751595795,0.16070106751595462,0.16070106751595795,0.16070106751596328,0.1607010675159602,0.16070106751595462,0.16070106751595084,0.16070106751595462,0.1607010675159602,0.16070106751596328,0.16070106751595795,0.16070106751595462,0.16070106751595795,0.16070106751596328,0.16070106751596816,0.16070106751596328,0.1607010675159602,0.16070106751596328,0.16070106751596816,0.1592184518792516,0.1592184518792372,0.15921845187922806,0.1592184518792372,0.1592184518792516,0.1592184518792372,0.15921845187922087,0.15921845187920977,0.15921845187922087,0.1592184518792372,0.15921845187922806,0.15921845187920977,0.1592184518791976,0.15921845187920977,0.15921845187922806,0.1592184518792372,0.15921845187922087,0.15921845187920977,0.15921845187922087,0.1592184518792372,0.1592184518792516,0.1592184518792372,0.15921845187922806,0.1592184518792372,0.1592184518792516,0.15776544665129844,0.1577654466512566,0.15776544665122846,0.1577654466512566,0.15776544665129844,0.1577654466512566,0.15776544665120584,0.15776544665117043,0.15776544665120584,0.1577654466512566,0.15776544665122846,0.15776544665117043,0.15776544665112924,0.15776544665117043,0.15776544665122846,0.1577654466512566,0.15776544665120584,0.15776544665117043,0.15776544665120584,0.1577654466512566,0.15776544665129844,0.1577654466512566,0.15776544665122846,0.1577654466512566,0.15776544665129844,0.15634146296104498,0.15634146296092577,0.15634146296084256,0.15634146296092577,0.15634146296104498,0.15634146296092577,0.15634146296077145,0.15634146296065624,0.15634146296077145,0.15634146296092577,0.15634146296084256,0.15634146296065624,0.15634146296050988,0.15634146296065624,0.15634146296084256,0.15634146296092577,0.15634146296077145,0.15634146296065624,0.15634146296077145,0.15634146296092577,0.15634146296104498,0.15634146296092577,0.15634146296084256,0.15634146296092577,0.15634146296104498,0.1549459150087028,0.15494591500838045,0.15494591500813926,0.15494591500838045,0.1549459150087028,0.15494591500838045,0.15494591500792182,0.15494591500753715,0.15494591500792182,0.15494591500838045,0.15494591500813926,0.15494591500753715,0.15494591500697358,0.15494591500753715,0.15494591500813926,0.15494591500838045,0.15494591500792182,0.15494591500753715,0.15494591500792182,0.15494591500838045,0.1549459150087028,0.15494591500838045,0.15494591500813926,0.15494591500838045,0.1549459150087028,0.1535782210354245,0.15357822103461855,0.15357822103394997,0.15357822103461855,0.1535782210354245,0.15357822103461855,0.15357822103331448,0.1535782210320082,0.15357822103331448,0.15357822103461855,0.15357822103394997,0.1535782210320082,0.15357822102960392,0.1535782210320082,0.15357822103394997,0.15357822103461855,0.15357822103331448,0.1535782210320082,0.15357822103331448,0.15357822103461855,0.1535782210354245,0.15357822103461855,0.15357822103394997,0.15357822103461855,0.1535782210354245,0.15223780418472868,0.1522378041829705,0.152237804181284,0.1522378041829705,0.15223780418472868,0.1522378041829705,0.1522378041796022,0.15223780417524752,0.1522378041796022,0.1522378041829705,0.152237804181284,0.15223780417524752,0.1522378041636521,0.15223780417524752,0.152237804181284,0.1522378041829705,0.1522378041796022,0.15223780417524752,0.1522378041796022,0.1522378041829705,0.15223780418472868,0.1522378041829705,0.152237804181284,0.1522378041829705,0.15223780418472868,0.1509240932642065,0.15092409326125292,0.15092409325787567,0.15092409326125292,0.1509240932642065,0.15092409326125292,0.15092409325439923,0.15092409324183126,0.15092409325439923,0.15092409326125292,0.15092409325787567,0.15092409324183126,0.1509240931785325,0.15092409324183126,0.15092409325787567,0.15092409326125292,0.15092409325439923,0.15092409324183126,0.15092409325439923,0.15092409326125292,0.1509240932642065,0.15092409326125292,0.15092409325787567,0.15092409326125292,0.1509240932642065,0.1496365234146561,0.14963652341190511,0.14963652340889436,0.14963652341190511,0.1496365234146561,0.14963652341190511,0.14963652340580869,0.14963652339558908,0.14963652340580869,0.14963652341190511,0.14963652340889436,0.14963652339558908,0.14963652335085809,0.14963652339558908,0.14963652340889436,0.14963652341190511,0.14963652340580869,0.14963652339558908,0.14963652340580869,0.14963652341190511,0.1496365234146561,0.14963652341190511,0.14963652340889436,0.14963652341190511,0.1496365234146561,0.14837453669212172,0.14837453669045964,0.14837453668877815,0.14837453669045964,0.14837453669212172,0.14837453669045964,0.14837453668708256,0.14837453668206904,0.14837453668708256,0.14837453669045964,0.14837453668877815,0.14837453668206904,0.1483745366629415,0.14837453668206904,0.14837453668877815,0.14837453669045964,0.14837453668708256,0.14837453668206904,0.14837453668708256,0.14837453669045964,0.14837453669212172,0.14837453669045964,0.14837453668877815,0.14837453669045964,0.14837453669212172,0.14713758257725026,0.1471375825767656,0.14713758257637924,0.1471375825767656,0.14713758257725026,0.1471375825767656,0.14713758257601645,0.14713758257537465,0.14713758257601645,0.1471375825767656,0.14713758257637924,0.14713758257537465,0.14713758257505768,0.14713758257537465,0.14713758257637924,0.1471375825767656,0.14713758257601645,0.14713758257537465,0.14713758257601645,0.1471375825767656,0.14713758257725026,0.1471375825767656,0.14713758257637924,0.1471375825767656,0.14713758257725026,0.14592511841474032,0.14592511841512049,0.145925118415613,0.14592511841512049,0.14592511841474032,0.14592511841512049,0.1459251184161394,0.1459251184181264,0.1459251184161394,0.14592511841512049,0.145925118415613,0.1459251184181264,0.14592511842774594,0.1459251184181264,0.145925118415613,0.14592511841512049,0.1459251184161394,0.1459251184181264,0.1459251184161394,0.14592511841512049,0.14592511841474032,0.14592511841512049,0.145925118415613,0.14592511841512049,0.14592511841474032,0.14473660978762198,0.14473660978849437,0.14473660978946873,0.14473660978849437,0.14473660978762198,0.14473660978849437,0.14473660979047395,0.14473660979386213,0.14473660979047395,0.14473660978849437,0.14473660978946873,0.14473660979386213,0.14473660980907888,0.14473660979386213,0.14473660978946873,0.14473660978849437,0.14473660979047395,0.14473660979386213,0.14473660979047395,0.14473660978849437,0.14473660978762198,0.14473660978849437,0.14473660978946873,0.14473660978849437,0.14473660978762198,0.14357153083215587,0.14357153083318017,0.14357153083426738,0.14357153083318017,0.14357153083215587,0.14357153083318017,0.14357153083537383,0.14357153083892543,0.14357153083537383,0.14357153083318017,0.14357153083426738,0.14357153083892543,0.1435715308541981,0.14357153083892543,0.14357153083426738,0.14357153083318017,0.14357153083537383,0.14357153083892543,0.14357153083537383,0.14357153083318017,0.14357153083215587,0.14357153083318017,0.14357153083426738,0.14357153083318017,0.14357153083215587,0.142429364499154,0.1424293645001179,0.14242936450108515,0.1424293645001179,0.142429364499154,0.1424293645001179,0.14242936450205473,0.14242936450494847,0.14242936450205473,0.1424293645001179,0.14242936450108515,0.14242936450494847,0.1424293645162986,0.14242936450494847,0.14242936450108515,0.1424293645001179,0.14242936450205473,0.14242936450494847,0.14242936450205473,0.1424293645001179,0.142429364499154,0.1424293645001179,0.14242936450108515,0.1424293645001179,0.142429364499154,0.1413096027666009,0.1413096027674913,0.14130960276834947,0.1413096027674913,0.1413096027666009,0.1413096027674913,0.14130960276919666,0.14130960277163995,0.14130960276919666,0.1413096027674913,0.14130960276834947,0.14130960277163995,0.1413096027810306,0.14130960277163995,0.14130960276834947,0.1413096027674913,0.14130960276919666,0.14130960277163995,0.14130960276919666,0.1413096027674913,0.1413096027666009,0.1413096027674913,0.14130960276834947,0.1413096027674913,0.1413096027666009,0.1402117468081579,0.1402117468090864,0.14021174680993687,0.1402117468090864,0.1402117468081579,0.1402117468090864,0.14021174681076165,0.14021174681302936,0.14021174681076165,0.1402117468090864,0.14021174680993687,0.14021174681302936,0.14021174682173942,0.14021174681302936,0.14021174680993687,0.1402117468090864,0.14021174681076165,0.14021174681302936,0.14021174681076165,0.1402117468090864,0.1402117468081579,0.1402117468090864,0.14021174680993687,0.1402117468090864,0.1402117468081579,0.13913530712203576,0.1391353071232714,0.1391353071243276,0.1391353071232714,0.13913530712203576,0.1391353071232714,0.13913530712534378,0.13913530712752903,0.13913530712534378,0.1391353071232714,0.1391353071243276,0.13913530712752903,0.13913530713197278,0.13913530712752903,0.13913530712432745,0.1391353071232714,0.13913530712534378,0.13913530712752903,0.13913530712534378,0.1391353071232714,0.13913530712203576,0.1391353071232714,0.13913530712432745,0.1391353071232714,0.13913530712203576,0.1380798036238727,0.13807980362601674,0.13807980362811184,0.13807980362601674,0.1380798036238727,0.13807980362601674,0.1380798036302142,0.13807980363578048,0.1380798036302142,0.13807980362601674,0.13807980362811184,0.13807980363578048,0.13807980365101782,0.13807980363578048,0.13807980362811184,0.13807980362601674,0.1380798036302142,0.13807980363578048,0.1380798036302142,0.13807980362601674,0.1380798036238727,0.13807980362601674,0.13807980362811184,0.13807980362601674,0.1380798036238727,0.1370447657068858,0.13704476571009527,0.1370447657139341,0.13704476571009527,0.1370447657068858,0.13704476571009527,0.13704476571790206,0.13704476573339872,0.13704476571790206,0.13704476571009527,0.1370447657139341,0.13704476573339872,0.13704476581879488,0.13704476573339872,0.1370447657139341,0.13704476571009527,0.13704476571790206,0.13704476573339872,0.13704476571790206,0.13704476571009527,0.1370447657068858,0.13704476571009527,0.1370447657139341,0.13704476571009527,0.1370447657068858,0.13602973227452939,0.13602973227673693,0.13602973227888587,0.13602973227673693,0.13602973227452939,0.13602973227673693,0.13602973228103626,0.1360297322867536,0.13602973228103626,0.13602973227673693,0.13602973227888587,0.1360297322867536,0.13602973230255797,0.1360297322867536,0.13602973227888587,0.13602973227673693,0.13602973228103626,0.1360297322867536,0.13602973228103626,0.13602973227673693,0.13602973227452939,0.13602973227673693,0.13602973227888587,0.13602973227673693,0.13602973227452939,0.13503425175075484,0.1350342517521305,0.13503425175326297,0.1350342517521305,0.13503425175075484,0.1350342517521305,0.13503425175433564,0.1350342517565146,0.13503425175433564,0.1350342517521305,0.13503425175326297,0.1350342517565146,0.13503425176046613,0.1350342517565146,0.13503425175326297,0.1350342517521305,0.13503425175433564,0.1350342517565146,0.13503425175433564,0.1350342517521305,0.13503425175075484,0.1350342517521305,0.13503425175326297,0.1350342517521305,0.13503425175075484
0.16533248792825322,0.165332487928253,0.165332487928253,0.165332487928253,0.16533248792825322,0.165332487928253,0.16533248792825275,0.16533248792825275,0.16533248792825275,0.165332487928253,0.165332487928253,0.16533248792825275,0.16533248792825253,0.16533248792825275,0.165332487928253,0.165332487928253,0.16533248792825275,0.16533248792825275,0.16533248792825275,0.165332487928253,0.16533248792825322,0.165332487928253,0.165332487928253,0.165332487928253,0.16533248792825322,0.16375749420661265,0.16375749420661218,0.16375749420661195,0.16375749420661218,0.16375749420661265,0.16375749420661218,0.16375749420661173,0.16375749420661126,0.16375749420661173,0.16375749420661218,0.16375749420661195,0.16375749420661126,0.16375749420661104,0.16375749420661126,0.16375749420661195,0.16375749420661218,0.16375749420661173,0.16375749420661126,0.16375749420661173,0.16375749420661218,0.16375749420661265,0.16375749420661218,0.16375749420661195,0.16375749420661218,0.16375749420661265,0.16221388441692192,0.16221388441692033,0.1622138844169192,0.16221388441692033,0.16221388441692192,0.16221388441692033,0.16221388441691853,0.16221388441691761,0.16221388441691853,0.16221388441692033,0.1622138844169192,0.16221388441691761,0.16221388441691648,0.16221388441691761,0.1622138844169192,0.16221388441692033,0.16221388441691853,0.16221388441691761,0.16221388441691853,0.16221388441692033,0.16221388441692192,0.16221388441692033,0.1622138844169192,0.16221388441692033,0.16221388441692192,0.1607010675162232,0.16070106751621854,0.16070106751621543,0.16070106751621854,0.1607010675162232,0.16070106751621854,0.16070106751621321,0.16070106751620966,0.16070106751621321,0.16070106751621854,0.16070106751621543,0.16070106751620966,0.1607010675162061,0.16070106751620966,0.16070106751621543,0.16070106751621854,0.16070106751621321,0.16070106751620966,0.16070106751621321,0.16070106751621854,0.1607010675162232,0.16070106751621854,0.16070106751621543,0.16070106751621854,0.1607010675162232,0.1592184518795015,0.15921845187948713,0.159218451879478,0.15921845187948713,0.1592184518795015,0.15921845187948713,0.1592184518794708,0.15921845187945968,0.1592184518794708,0.15921845187948713,0.159218451879478,0.15921845187945968,0.15921845187944775,0.15921845187945968,0.159218451879478,0.15921845187948713,0.1592184518794708,0.15921845187945968,0.1592184518794708,0.15921845187948713,0.1592184518795015,0.15921845187948713,0.159218451879478,0.15921845187948713,0.1592184518795015,0.15776544665154318,0.15776544665150136,0.1577654466514734,0.15776544665150136,0.15776544665154318,0.15776544665150136,0.15776544665145056,0.15776544665141556,0.15776544665145079,0.15776544665150136,0.1577654466514734,0.15776544665141556,0.1577654466513744,0.15776544665141556,0.1577654466514734,0.15776544665150136,0.15776544665145079,0.15776544665141556,0.15776544665145056,0.15776544665150136,0.15776544665154318,0.15776544665150136,0.1577654466514734,0.15776544665150136,0.15776544665154318,0.1563414629612844,0.1563414629611654,0.1563414629610824,0.1563414629611654,0.1563414629612844,0.1563414629611654,0.15634146296101148,0.1563414629608965,0.15634146296101148,0.1563414629611654,0.1563414629610824,0.1563414629608965,0.15634146296075033,0.1563414629608965,0.1563414629610824,0.1563414629611654,0.15634146296101148,0.1563414629608965,0.15634146296101148,0.1563414629611654,0.1563414629612844,0.1563414629611654,0.1563414629610824,0.1563414629611654,0.1563414629612844,0.15494591500893642,0.15494591500861468,0.1549459150083741,0.15494591500861468,0.15494591500893642,0.15494591500861468,0.15494591500815727,0.15494591500777344,0.15494591500815727,0.15494591500861468,0.1549459150083741,0.15494591500777344,0.1549459150072111,0.15494591500777344,0.1549459150083741,0.15494591500861468,0.15494591500815727,0.15494591500777344,0.15494591500815727,0.15494591500861468,0.15494591500893642,0.15494591500861468,0.1549459150083741,0.15494591500861468,0.15494591500893642,0.15357822103565072,0.1535782210348467,0.1535782210341795,0.1535782210348467,0.15357822103565072,0.1535782210348467,0.15357822103354565,0.1535782210322424,0.15357822103354565,0.1535782210348467,0.1535782210341795,0.1535782210322424,0.1535782210298433,0.1535782210322424,0.1535782210341795,0.1535782210348467,0.15357822103354565,0.1535782210322424,0.15357822103354565,0.1535782210348467,0.15357822103565072,0.1535782210348467,0.1535782210341795,0.1535782210348467,0.15357822103565072,0.15223780418494381,0.1522378041831898,0.1522378041815072,0.1522378041831898,0.15223780418494381,0.1522378041831898,0.15223780417982935,0.1522378041754845,0.15223780417982935,0.1522378041831898,0.1522378041815072,0.1522378041754845,0.1522378041639145,0.1522378041754845,0.1522378041815072,0.1522378041831898,0.15223780417982935,0.1522378041754845,0.15223780417982935,0.1522378041831898,0.15223780418494381,0.1522378041831898,0.1522378041815072,0.1522378041831898,0.15223780418494381,0.15092409326440157,0.15092409326145548,0.15092409325808634,0.15092409326145548,0.15092409326440157,0.15092409326145548,0.1509240932546184,0.150924093242079,0.1509240932546184,0.15092409326145548,0.15092409325808634,0.150924093242079,0.1509240931789004,0.150924093242079,0.15092409325808634,0.15092409326145548,0.1509240932546184,0.150924093242079,0.1509240932546184,0.15092409326145548,0.15092409326440157,0.15092409326145548,0.15092409325808634,0.15092409326145548,0.15092409326440157,0.14963652341481568,0.14963652341207304,0.14963652340907113,0.14963652341207304,0.14963652341481568,0.14963652341207304,0.14963652340599437,0.14963652339580424,0.14963652340599437,0.14963652341207304,0.14963652340907113,0.14963652339580424,0.1496365233512062,0.14963652339580424,0.14963652340907113,0.14963652341207304,0.14963652340599437,0.14963652339580424,0.14963652340599437,0.14963652341207304,0.14963652341481568,0.14963652341207304,0.14963652340907113,0.14963652341207304,0.14963652341481568,0.14837453669222864,0.14837453669057327,0.148374536688899,0.14837453669057327,0.14837453669222864,0.14837453669057327,0.14837453668721082,0.14837453668222153,0.14837453668721082,0.14837453669057327,0.148374536688899,0.14837453668222153,0.148374536663211,0.14837453668222153,0.148374536688899,0.14837453669057327,0.14837453668721082,0.14837453668222153,0.14837453668721082,0.14837453669057327,0.14837453669222864,0.14837453669057327,0.148374536688899,0.14837453669057327,0.14837453669222864,0.1471375825772895,0.1471375825768085,0.1471375825764259,0.1471375825768085,0.1471375825772895,0.1471375825768085,0.14713758257606693,0.14713758257543752,0.14713758257606693,0.1471375825768085,0.1471375825764259,0.14713758257543752,0.14713758257513904,0.14713758257543752,0.1471375825764259,0.1471375825768085,0.14713758257606693,0.14713758257543752,0.14713758257606693,0.1471375825768085,0.1471375825772895,0.1471375825768085,0.1471375825764259,0.1471375825768085,0.1471375825772895,0.14592511841470382,0.14592511841508346,0.14592511841557562,0.14592511841508346,0.14592511841470382,0.14592511841508346,0.14592511841610126,0.14592511841808634,0.14592511841610126,0.14592511841508346,0.14592511841557562,0.14592511841808634,0.1459251184277328,0.14592511841808634,0.14592511841557562,0.14592511841508346,0.14592511841610126,0.14592511841808634,0.14592511841610126,0.14592511841508346,0.14592511841470382,0.14592511841508346,0.14592511841557562,0.14592511841508346,0.14592511841470382,0.1447366097875092,0.1447366097883776,0.14473660978934758,0.1447366097883776,0.1447366097875092,0.1447366097883776,0.1447366097903486,0.14473660979372335,0.1447366097903486,0.1447366097883776,0.14473660978934758,0.14473660979372335,0.1447366098088638,0.14473660979372335,0.14473660978934758,0.1447366097883776,0.1447366097903486,0.14473660979372335,0.1447366097903486,0.1447366097883776,0.1447366097875092,0.1447366097883776,0.14473660978934758,0.1447366097883776,0.1447366097875092,0.1435715308319743,0.14357153083299157,0.14357153083407095,0.14357153083299157,0.1435715308319743,0.14357153083299157,0.1435715308351695,0.14357153083869426,0.1435715308351695,0.14357153083299157,0.14357153083407095,0.14357153083869426,0.14357153085386615,0.14357153083869426,0.14357153083407095,0.14357153083299157,0.1435715308351695,0.14357153083869426,0.1435715308351695,0.14357153083299157,0.1435715308319743,0.14357153083299157,0.14357153083407095,0.14357153083299157,0.1435715308319743,0.14242936449891677,0.1424293644998733,0.14242936450083252,0.1424293644998733,0.14242936449891677,0.1424293644998733,0.14242936450179405,0.14242936450466026,0.14242936450179405,0.1424293644998733,0.14242936450083252,0.14242936450466026,0.14242936451589444,0.14242936450466026,0.14242936450083252,0.1424293644998733,0.14242936450179405,0.14242936450466026,0.14242936450179405,0.1424293644998733,0.14242936449891677,0.1424293644998733,0.14242936450083252,0.1424293644998733,0.14242936449891677,0.14130960276632212,0.14130960276720725,0.14130960276806018,0.14130960276720725,0.14130960276632212,0.14130960276720725,0.14130960276890192,0.1413096027713301,0.14130960276890192,0.14130960276720725,0.14130960276806018,0.1413096027713301,0.1413096027806678,0.1413096027713301,0.14130960276806018,0.14130960276720725,0.14130960276890192,0.1413096027713301,0.14130960276890192,0.14130960276720725,0.14130960276632212,0.14130960276720725,0.14130960276806018,0.14130960276720725,0.14130960276632212,0.14021174680784831,0.14021174680877307,0.14021174680961998,0.14021174680877307,0.14021174680784831,0.14021174680877307,0.1402117468104414,0.14021174681269943,0.1402117468104414,0.14021174680877307,0.14021174680961998,0.14021174681269943,0.14021174682136725,0.14021174681269943,0.14021174680961998,0.14021174680877307,0.1402117468104414,0.14021174681269943,0.1402117468104414,0.14021174680877307,0.14021174680784831,0.14021174680877307,0.14021174680961998,0.14021174680877307,0.14021174680784831,0.13913530712170247,0.13913530712293512,0.13913530712398892,0.13913530712293512,0.13913530712170247,0.13913530712293512,0.13913530712500288,0.13913530712718308,0.13913530712500288,0.13913530712293512,0.13913530712398892,0.13913530712718308,0.13913530713161607,0.13913530712718308,0.13913530712398892,0.13913530712293512,0.13913530712500288,0.13913530712718308,0.13913530712500288,0.13913530712293512,0.13913530712170247,0.13913530712293512,0.13913530712398892,0.13913530712293512,0.13913530712170247,0.13807980362352107,0.1380798036256617,0.13807980362775354,0.1380798036256617,0.13807980362352107,0.1380798036256617,0.1380798036298528,0.13807980363541103,0.1380798036298528,0.1380798036256617,0.13807980362775354,0.13807980363541103,0.1380798036506268,0.13807980363541103,0.13807980362775354,0.1380798036256617,0.1380798036298528,0.13807980363541103,0.1380798036298528,0.1380798036256617,0.13807980362352107,0.1380798036256617,0.13807980362775354,0.1380798036256617,0.13807980362352107,0.13704476570652246,0.13704476570972732,0.13704476571356086,0.13704476570972732,0.13704476570652246,0.13704476570972732,0.1370447657175233,0.13704476573299904,0.1370447657175233,0.13704476570972732,0.13704476571356086,0.13704476573299904,0.13704476581829544,0.13704476573299904,0.13704476571356086,0.13704476570972732,0.1370447657175233,0.13704476573299904,0.1370447657175233,0.13704476570972732,0.13704476570652246,0.13704476570972732,0.13704476571356086,0.13704476570972732,0.13704476570652246,0.13602973227416307,0.1360297322763676,0.13602973227851353,0.1360297322763676,0.13602973227416307,0.1360297322763676,0.13602973228066098,0.13602973228637052,0.13602973228066098,0.1360297322763676,0.13602973227851353,0.13602973228637052,0.13602973230215376,0.13602973228637052,0.13602973227851353,0.1360297322763676,0.13602973228066098,0.13602973228637052,0.13602973228066098,0.1360297322763676,0.13602973227416307,0.1360297322763676,0.13602973227851353,0.1360297322763676,0.13602973227416307,0.1350342517503917,0.13503425175176548,0.1350342517528965,0.13503425175176548,0.1350342517503917,0.13503425175176548,0.13503425175396755,0.13503425175614375,0.13503425175396772,0.13503425175176548,0.1350342517528965,0.13503425175614375,0.13503425176008985,0.13503425175614375,0.1350342517528965,0.13503425175176548,0.13503425175396772,0.13503425175614375,0.13503425175396772,0.13503425175176548,0.1350342517503917,0.13503425175176548,0.1350342517528965,0.13503425175176548,0.1350342517503917
0.16533248792852157,0.16533248792852132,0.16533248792852107,0.16533248792852132,0.16533248792852157,0.16533248792852132,0.16533248792852107,0.16533248792852082,0.16533248792852107,0.16533248792852132,0.16533248792852107,0.16533248792852082,0.16533248792852062,0.16533248792852082,0.16533248792852107,0.16533248792852132,0.16533248792852107,0.16533248792852082,0.16533248792852107,0.16533248792852132,0.16533248792852157,0.16533248792852132,0.16533248792852107,0.16533248792852132,0.16533248792852157,0.16375749420687563,0.1637574942068749,0.1637574942068747,0.1637574942068749,0.1637574942068754,0.1637574942068749,0.16375749420687447,0.16375749420687397,0.16375749420687447,0.1637574942068749,0.1637574942068747,0.16375749420687397,0.16375749420687377,0.16375749420687397,0.1637574942068747,0.1637574942068749,0.16375749420687447,0.16375749420687397,0.16375749420687447,0.1637574942068749,0.1637574942068754,0.1637574942068749,0.1637574942068747,0.1637574942068749,0.16375749420687563,0.1622138844171794,0.16221388441717782,0.1622138844171767,0.16221388441717782,0.1622138844171794,0.16221388441717782,0.16221388441717602,0.16221388441717488,0.16221388441717602,0.16221388441717782,0.1622138844171767,0.16221388441717488,0.16221388441717374,0.16221388441717488,0.1622138844171767,0.16221388441717782,0.16221388441717602,0.16221388441717488,0.16221388441717602,0.16221388441717782,0.1622138844171794,0.16221388441717782,0.1622138844171767,0.16221388441717782,0.1622138844171794,0.1607010675164756,0.16070106751647067,0.1607010675164678,0.16070106751647067,0.1607010675164756,0.16070106751647067,0.16070106751646557,0.16070106751646202,0.16070106751646557,0.16070106751647067,0.1607010675164678,0.16070106751646202,0.16070106751645824,0.16070106751646202,0.1607010675164678,0.16070106751647067,0.16070106751646557,0.16070106751646202,0.16070106751646557,0.16070106751647067,0.1607010675164756,0.16070106751647067,0.1607010675164678,0.16070106751647067,0.1607010675164756,0.15921845187974862,0.15921845187973444,0.1592184518797251,0.15921845187973444,0.15921845187974862,0.15921845187973444,0.15921845187971792,0.15921845187970704,0.15921845187971792,0.15921845187973444,0.1592184518797251,0.15921845187970704,0.15921845187969486,0.15921845187970704,0.1592184518797251,0.15921845187973444,0.15921845187971792,0.15921845187970704,0.15921845187971792,0.15921845187973444,0.15921845187974862,0.15921845187973444,0.1592184518797251,0.15921845187973444,0.15921845187974862,0.15776544665178513,0.1577654466517433,0.15776544665171535,0.1577654466517433,0.15776544665178513,0.1577654466517433,0.15776544665169273,0.15776544665165776,0.15776544665169273,0.1577654466517433,0.15776544665171535,0.15776544665165776,0.15776544665161676,0.15776544665165776,0.15776544665171535,0.1577654466517433,0.15776544665169273,0.15776544665165776,0.15776544665169273,0.1577654466517433,0.15776544665178513,0.1577654466517433,0.15776544665171535,0.1577654466517433,0.15776544665178513,0.1563414629615209,0.15634146296140233,0.15634146296131954,0.15634146296140233,0.1563414629615209,0.15634146296140233,0.15634146296124884,0.15634146296113405,0.15634146296124884,0.15634146296140233,0.15634146296131954,0.15634146296113405,0.1563414629609883,0.15634146296113405,0.15634146296131954,0.15634146296140233,0.15634146296124884,0.15634146296113405,0.15634146296124884,0.15634146296140233,0.1563414629615209,0.15634146296140233,0.15634146296131954,0.15634146296140233,0.1563414629615209,0.15494591500916718,0.15494591500884647,0.15494591500860627,0.15494591500884647,0.15494591500916718,0.15494591500884647,0.15494591500838986,0.15494591500800683,0.15494591500838986,0.15494591500884647,0.15494591500860627,0.15494591500800683,0.15494591500744595,0.15494591500800683,0.15494591500860627,0.15494591500884647,0.15494591500838986,0.15494591500800683,0.15494591500838986,0.15494591500884647,0.15494591500916718,0.15494591500884647,0.15494591500860627,0.15494591500884647,0.15494591500916718,0.15357822103587443,0.15357822103507227,0.1535782210344067,0.15357822103507227,0.15357822103587443,0.15357822103507227,0.15357822103377422,0.15357822103247376,0.15357822103377422,0.15357822103507227,0.1535782210344067,0.15357822103247376,0.1535782210300799,0.15357822103247376,0.1535782210344067,0.15357822103507227,0.15357822103377422,0.15357822103247376,0.15357822103377422,0.15357822103507227,0.15357822103587443,0.15357822103507227,0.1535782210344067,0.15357822103507227,0.15357822103587443,0.1522378041851564,0.15223780418340652,0.15223780418172786,0.15223780418340652,0.1522378041851564,0.15223780418340652,0.15223780418005375,0.15223780417571875,0.15223780418005375,0.15223780418340652,0.15223780418172786,0.15223780417571875,0.15223780416417393,0.15223780417571875,0.15223780418172786,0.15223780418340652,0.15223780418005375,0.15223780417571875,0.15223780418005375,0.15223780418340652,0.1522378041851564,0.15223780418340652,0.15223780418172786,0.15223780418340652,0.1522378041851564,0.15092409326459447,0.15092409326165554,0.15092409325829467,0.15092409326165554,0.15092409326459447,0.15092409326165554,0.15092409325483486,0.150924093242324,0.15092409325483486,0.15092409326165554,0.15092409325829467,0.150924093242324,0.15092409317925806,0.150924093242324,0.15092409325829467,0.15092409326165554,0.15092409325483486,0.150924093242324,0.15092409325483486,0.15092409326165554,0.15092409326459447,0.15092409326165554,0.15092409325829467,0.15092409326165554,0.15092409326459447,0.14963652341497358,0.14963652341223904,0.14963652340924583,0.14963652341223904,0.14963652341497358,0.14963652341223904,0.14963652340617814,0.14963652339601696,0.14963652340617814,0.14963652341223904,0.14963652340924583,0.14963652339601696,0.14963652335154012,0.14963652339601696,0.14963652340924583,0.14963652341223904,0.14963652340617814,0.14963652339601696,0.14963652340617814,0.14963652341223904,0.14963652341497358,0.14963652341223904,0.14963652340924583,0.14963652341223904,0.14963652341497358,0.14837453669233408,0.1483745366906854,0.14837453668901834,0.1483745366906854,0.14837453669233408,0.1483745366906854,0.1483745366873376,0.14837453668237205,0.1483745366873376,0.1483745366906854,0.14837453668901834,0.14837453668237205,0.14837453666344688,0.14837453668237205,0.14837453668901834,0.1483745366906854,0.1483745366873376,0.14837453668237205,0.1483745366873376,0.1483745366906854,0.14837453669233408,0.1483745366906854,0.14837453668901834,0.1483745366906854,0.14837453669233408,0.1471375825773282,0.1471375825768508,0.14713758257647186,0.1471375825768508,0.1471375825773282,0.1471375825768508,0.14713758257611673,0.14713758257549947,0.14713758257611673,0.1471375825768508,0.14713758257647186,0.14713758257549947,0.14713758257526385,0.14713758257549947,0.14713758257647186,0.1471375825768508,0.14713758257611673,0.14713758257549947,0.14713758257611673,0.1471375825768508,0.1471375825773282,0.1471375825768508,0.14713758257647186,0.1471375825768508,0.1471375825773282,0.14592511841466765,0.14592511841504677,0.14592511841553857,0.14592511841504677,0.14592511841466765,0.14592511841504677,0.14592511841606368,0.14592511841804662,0.14592511841606368,0.14592511841504677,0.14592511841553857,0.14592511841804662,0.14592511842765157,0.14592511841804662,0.14592511841553857,0.14592511841504677,0.14592511841606368,0.14592511841804662,0.14592511841606368,0.14592511841504677,0.14592511841466765,0.14592511841504677,0.14592511841553857,0.14592511841504677,0.14592511841466765,0.14473660978739786,0.14473660978826222,0.144736609789228,0.14473660978826222,0.14473660978739786,0.14473660978826222,0.1447366097902247,0.14473660979358632,0.1447366097902247,0.14473660978826222,0.144736609789228,0.14473660979358632,0.14473660980870043,0.14473660979358632,0.144736609789228,0.14473660978826222,0.1447366097902247,0.14473660979358632,0.1447366097902247,0.14473660978826222,0.14473660978739786,0.14473660978826222,0.144736609789228,0.14473660978826222,0.14473660978739786,0.14357153083179464,0.14357153083280505,0.14357153083387691,0.14357153083280505,0.14357153083179464,0.14357153083280505,0.14357153083496776,0.14357153083846583,0.14357153083496776,0.14357153083280505,0.14357153083387691,0.14357153083846583,0.14357153085350835,0.14357153083846583,0.14357153083387691,0.14357153083280505,0.14357153083496776,0.14357153083846583,0.14357153083496776,0.14357153083280505,0.14357153083179464,0.14357153083280505,0.14357153083387691,0.14357153083280505,0.14357153083179464,0.14242936449868226,0.14242936449963156,0.14242936450058288,0.14242936449963156,0.14242936449868226,0.14242936449963156,0.14242936450153623,0.14242936450437543,0.14242936450153623,0.14242936449963156,0.14242936450058288,0.14242936450437543,0.1424293645155006,0.14242936450437543,0.14242936450058288,0.14242936449963156,0.14242936450153623,0.14242936450437543,0.14242936450153623,0.14242936449963156,0.14242936449868226,0.14242936449963156,0.14242936450058288,0.14242936449963156,0.14242936449868226,0.1413096027660468,0.1413096027669265,0.14130960276777402,0.1413096027669265,0.14130960276604662,0.1413096027669265,0.14130960276861065,0.14130960277102403,0.14130960276861065,0.1413096027669265,0.14130960276777402,0.14130960277102403,0.14130960278030189,0.14130960277102403,0.14130960276777402,0.1413096027669265,0.14130960276861065,0.14130960277102403,0.14130960276861065,0.1413096027669265,0.14130960276604662,0.1413096027669265,0.14130960276777402,0.1413096027669265,0.14130960276604662,0.1402117468075424,0.14021174680846332,0.14021174680930681,0.14021174680846332,0.1402117468075424,0.14021174680846332,0.14021174681012485,0.14021174681237353,0.14021174681012485,0.14021174680846332,0.14021174680930681,0.14021174681237353,0.1402117468210512,0.14021174681237353,0.14021174680930681,0.14021174680846332,0.14021174681012485,0.14021174681237353,0.14021174681012485,0.14021174680846332,0.1402117468075424,0.14021174680846332,0.14021174680930681,0.14021174680846332,0.1402117468075424,0.13913530712137312,0.1391353071226029,0.13913530712365435,0.1391353071226029,0.13913530712137312,0.1391353071226029,0.13913530712466596,0.13913530712684125,0.13913530712466596,0.1391353071226029,0.13913530712365435,0.13913530712684125,0.13913530713126365,0.13913530712684125,0.13913530712365435,0.1391353071226029,0.13913530712466596,0.13913530712684125,0.13913530712466596,0.1391353071226029,0.13913530712137312,0.1391353071226029,0.13913530712365435,0.1391353071226029,0.13913530712137312,0.13807980362317362,0.13807980362531086,0.13807980362739958,0.13807980362531086,0.13807980362317362,0.13807980362531086,0.13807980362949573,0.1380798036350459,0.13807980362949573,0.13807980362531086,0.13807980362739958,0.1380798036350459,0.13807980365024028,0.1380798036350459,0.13807980362739958,0.13807980362531086,0.13807980362949573,0.1380798036350459,0.13807980362949573,0.13807980362531086,0.13807980362317362,0.13807980362531086,0.13807980362739958,0.13807980362531086,0.13807980362317362,0.13704476570616334,0.13704476570936364,0.137044765713192,0.13704476570936364,0.13704476570616334,0.13704476570936364,0.137044765717149,0.137044765732604,0.137044765717149,0.13704476570936364,0.137044765713192,0.137044765732604,0.13704476581777741,0.137044765732604,0.137044765713192,0.13704476570936364,0.137044765717149,0.137044765732604,0.137044765717149,0.13704476570936364,0.13704476570616334,0.13704476570936364,0.137044765713192,0.13704476570936364,0.13704476570616334,0.1360297322738012,0.13602973227600273,0.1360297322781457,0.13602973227600273,0.1360297322738012,0.13602973227600273,0.13602973228029028,0.13602973228599224,0.13602973228029028,0.13602973227600273,0.1360297322781457,0.13602973228599224,0.13602973230175414,0.13602973228599224,0.1360297322781457,0.13602973227600273,0.13602973228029028,0.13602973228599224,0.13602973228029028,0.13602973227600273,0.1360297322738012,0.13602973227600273,0.1360297322781457,0.13602973227600273,0.1360297322738012,0.135034251750033,0.13503425175140502,0.13503425175253425,0.13503425175140502,0.135034251750033,0.13503425175140502,0.13503425175360415,0.13503425175577727,0.13503425175360415,0.13503425175140502,0.13503425175253425,0.13503425175577727,0.13503425175971812,0.13503425175577727,0.13503425175253442,0.13503425175140502,0.13503425175360415,0.13503425175577727,0.13503425175360415,0.13503425175140502,0.135034251750033,0.13503425175140502,0.13503425175253442,0.13503425175140502,0.135034251750033
0.16533248792878655,0.16533248792878633,0.16533248792878608,0.16533248792878633,0.16533248792878655,0.16533248792878633,0.16533248792878608,0.16533248792878585,0.16533248792878608,0.16533248792878633,0.16533248792878608,0.16533248792878585,0.1653324879287856,0.16533248792878585,0.16533248792878608,0.16533248792878633,0.16533248792878608,0.16533248792878585,0.16533248792878608,0.16533248792878633,0.16533248792878655,0.16533248792878633,0.16533248792878608,0.16533248792878633,0.16533248792878633,0.16375749420713512,0.16375749420713467,0.16375749420713442,0.16375749420713467,0.16375749420713512,0.16375749420713467,0.16375749420713417,0.16375749420713373,0.16375749420713417,0.16375749420713467,0.16375749420713442,0.16375749420713373,0.1637574942071335,0.16375749420713373,0.16375749420713442,0.16375749420713467,0.16375749420713417,0.16375749420713373,0.16375749420713417,0.16375749420713467,0.16375749420713512,0.16375749420713467,0.16375749420713442,0.16375749420713467,0.16375749420713512,0.16221388441743376,0.16221388441743217,0.16221388441743126,0.16221388441743217,0.16221388441743376,0.16221388441743217,0.16221388441743056,0.16221388441742943,0.16221388441743056,0.16221388441743217,0.16221388441743126,0.16221388441742943,0.16221388441742834,0.16221388441742943,0.16221388441743126,0.16221388441743217,0.16221388441743056,0.16221388441742943,0.16221388441743056,0.16221388441743217,0.16221388441743376,0.16221388441743217,0.16221388441743126,0.16221388441743217,0.16221388441743376,0.16070106751672483,0.16070106751672017,0.16070106751671706,0.16070106751672017,0.16070106751672483,0.16070106751672017,0.16070106751671484,0.1607010675167115,0.16070106751671484,0.16070106751672017,0.16070106751671706,0.1607010675167115,0.16070106751670774,0.1607010675167115,0.16070106751671706,0.16070106751672017,0.16070106751671484,0.1607010675167115,0.16070106751671484,0.16070106751672017,0.16070106751672483,0.16070106751672017,0.16070106751671706,0.16070106751672017,0.16070106751672483,0.1592184518799929,0.15921845187997855,0.15921845187996936,0.15921845187997855,0.1592184518799929,0.15921845187997855,0.1592184518799622,0.1592184518799513,0.1592184518799622,0.15921845187997855,0.15921845187996936,0.1592184518799513,0.1592184518799391,0.1592184518799513,0.15921845187996936,0.15921845187997855,0.1592184518799622,0.1592184518799513,0.1592184518799622,0.15921845187997855,0.1592184518799929,0.15921845187997855,0.15921845187996936,0.15921845187997855,0.1592184518799929,0.15776544665202433,0.1577654466519825,0.15776544665195474,0.1577654466519825,0.15776544665202433,0.1577654466519825,0.15776544665193215,0.15776544665189715,0.15776544665193215,0.1577654466519825,0.15776544665195474,0.15776544665189715,0.15776544665185618,0.15776544665189715,0.15776544665195474,0.1577654466519825,0.15776544665193215,0.15776544665189715,0.15776544665193215,0.1577654466519825,0.15776544665202433,0.1577654466519825,0.15776544665195474,0.1577654466519825,0.15776544665202433,0.15634146296175488,0.15634146296163653,0.15634146296155393,0.15634146296163653,0.15634146296175488,0.15634146296163653,0.15634146296148346,0.15634146296136886,0.15634146296148346,0.15634146296163653,0.15634146296155393,0.15634146296136886,0.15634146296122334,0.15634146296136886,0.15634146296155393,0.15634146296163653,0.15634146296148346,0.15634146296136886,0.15634146296148346,0.15634146296163653,0.15634146296175488,0.15634146296163653,0.15634146296155393,0.15634146296163653,0.15634146296175488,0.15494591500939547,0.15494591500907537,0.1549459150088358,0.15494591500907537,0.15494591500939547,0.15494591500907537,0.15494591500862,0.15494591500823782,0.15494591500862,0.15494591500907537,0.1549459150088358,0.15494591500823782,0.15494591500767793,0.15494591500823782,0.1549459150088358,0.15494591500907537,0.15494591500862,0.15494591500823782,0.15494591500862,0.15494591500907537,0.15494591500939547,0.15494591500907537,0.1549459150088358,0.15494591500907537,0.15494591500939547,0.15357822103609556,0.1535782210352952,0.15357822103463104,0.1535782210352952,0.15357822103609556,0.1535782210352952,0.15357822103400018,0.1535782210327025,0.15357822103400018,0.1535782210352952,0.15357822103463104,0.1535782210327025,0.15357822103031388,0.1535782210327025,0.15357822103463104,0.1535782210352952,0.15357822103400018,0.1535782210327025,0.15357822103400018,0.1535782210352952,0.15357822103609556,0.1535782210352952,0.15357822103463104,0.1535782210352952,0.15357822103609556,0.15223780418536664,0.15223780418362087,0.15223780418194596,0.15223780418362087,0.15223780418536664,0.15223780418362087,0.15223780418027577,0.15223780417595043,0.15223780418027577,0.15223780418362087,0.15223780418194596,0.15223780417595043,0.1522378041644306,0.15223780417595043,0.15223780418194596,0.15223780418362087,0.15223780418027577,0.15223780417595043,0.15223780418027577,0.15223780418362087,0.15223780418536664,0.15223780418362087,0.15223780418194596,0.15223780418362087,0.15223780418536664,0.1509240932647853,0.15092409326185366,0.15092409325850073,0.15092409326185366,0.1509240932647853,0.15092409326185366,0.150924093255049,0.1509240932425663,0.150924093255049,0.15092409326185366,0.15092409325850073,0.1509240932425663,0.1509240931796738,0.1509240932425663,0.15092409325850073,0.15092409326185366,0.150924093255049,0.1509240932425663,0.150924093255049,0.15092409326185366,0.1509240932647853,0.15092409326185366,0.15092409325850073,0.15092409326185366,0.1509240932647853,0.14963652341512956,0.149636523412403,0.1496365234094185,0.149636523412403,0.14963652341512956,0.149636523412403,0.1496365234063597,0.14963652339622724,0.1496365234063597,0.149636523412403,0.1496365234094185,0.14963652339622724,0.1496365233518438,0.14963652339622724,0.1496365234094185,0.149636523412403,0.1496365234063597,0.14963652339622724,0.1496365234063597,0.149636523412403,0.14963652341512956,0.149636523412403,0.1496365234094185,0.149636523412403,0.14963652341512956,0.1483745366924384,0.1483745366907964,0.14837453668913642,0.1483745366907964,0.1483745366924384,0.1483745366907964,0.14837453668746287,0.14837453668252085,0.14837453668746287,0.1483745366907964,0.14837453668913642,0.14837453668252085,0.148374536663691,0.14837453668252085,0.14837453668913642,0.1483745366907964,0.14837453668746287,0.14837453668252085,0.14837453668746287,0.1483745366907964,0.1483745366924384,0.1483745366907964,0.14837453668913642,0.1483745366907964,0.1483745366924384,0.1471375825773667,0.14713758257689258,0.14713758257651746,0.14713758257689258,0.1471375825773667,0.14713758257689258,0.14713758257616616,0.14713758257556067,0.14713758257616616,0.14713758257689258,0.14713758257651746,0.14713758257556067,0.14713758257535614,0.14713758257556067,0.14713758257651746,0.14713758257689258,0.14713758257616616,0.14713758257556067,0.14713758257616616,0.14713758257689258,0.1471375825773667,0.14713758257689258,0.14713758257651746,0.14713758257689258,0.1471375825773667,0.14592511841463188,0.1459251184150108,0.14592511841550207,0.1459251184150108,0.14592511841463188,0.1459251184150108,0.14592511841602665,0.1459251184180076,0.14592511841602665,0.1459251184150108,0.14592511841550207,0.1459251184180076,0.14592511842762843,0.1459251184180076,0.14592511841550207,0.1459251184150108,0.14592511841602665,0.1459251184180076,0.14592511841602665,0.1459251184150108,0.14592511841463188,0.1459251184150108,0.14592511841550207,0.1459251184150108,0.14592511841463188,0.14473660978728772,0.14473660978814826,0.14473660978910985,0.14473660978814826,0.14473660978728772,0.14473660978814826,0.1447366097901023,0.14473660979345107,0.1447366097901023,0.14473660978814826,0.14473660978910985,0.14473660979345107,0.1447366098085137,0.14473660979345107,0.14473660978910985,0.14473660978814826,0.1447366097901023,0.14473660979345107,0.1447366097901023,0.14473660978814826,0.14473660978728772,0.14473660978814826,0.14473660978910985,0.14473660978814826,0.14473660978728772,0.1435715308316172,0.14357153083262078,0.1435715308336851,0.14357153083262078,0.1435715308316172,0.14357153083262078,0.14357153083476823,0.14357153083823995,0.14357153083476823,0.14357153083262078,0.1435715308336851,0.14357153083823995,0.14357153085317007,0.14357153083823995,0.1435715308336851,0.14357153083262078,0.14357153083476823,0.14357153083823995,0.14357153083476823,0.14357153083262078,0.1435715308316172,0.14357153083262078,0.1435715308336851,0.14357153083262078,0.1435715308316172,0.14242936449845026,0.14242936449939253,0.14242936450033614,0.14242936449939253,0.14242936449845026,0.14242936449939253,0.14242936450128144,0.1424293645040938,0.14242936450128144,0.14242936449939253,0.14242936450033614,0.1424293645040938,0.14242936451508054,0.1424293645040938,0.14242936450033614,0.14242936449939253,0.14242936450128144,0.1424293645040938,0.14242936450128144,0.14242936449939253,0.14242936449845026,0.14242936449939253,0.14242936450033614,0.14242936449939253,0.14242936449845026,0.14130960276577445,0.1413096027666489,0.1413096027674913,0.1413096027666489,0.14130960276577445,0.1413096027666489,0.14130960276832266,0.14130960277072124,0.14130960276832266,0.1413096027666489,0.1413096027674913,0.14130960277072124,0.14130960277993312,0.14130960277072124,0.1413096027674913,0.1413096027666489,0.14130960276832266,0.14130960277072124,0.14130960276832266,0.1413096027666489,0.14130960276577445,0.1413096027666489,0.1413096027674913,0.1413096027666489,0.14130960276577445,0.14021174680723988,0.14021174680815726,0.1402117468089974,0.14021174680815726,0.14021174680723988,0.14021174680815726,0.14021174680981188,0.1402117468120512,0.14021174680981188,0.14021174680815726,0.1402117468089974,0.1402117468120512,0.14021174682068113,0.1402117468120512,0.1402117468089974,0.14021174680815726,0.14021174680981188,0.1402117468120512,0.14021174680981188,0.14021174680815726,0.14021174680723988,0.14021174680815726,0.1402117468089974,0.14021174680815726,0.14021174680723988,0.1391353071210474,0.1391353071222745,0.13913530712332356,0.1391353071222745,0.1391353071210474,0.1391353071222745,0.13913530712433297,0.1391353071265032,0.13913530712433297,0.1391353071222745,0.13913530712332356,0.1391353071265032,0.13913530713091532,0.1391353071265032,0.13913530712332356,0.1391353071222745,0.13913530712433297,0.1391353071265032,0.13913530712433297,0.1391353071222745,0.1391353071210474,0.1391353071222745,0.13913530712332356,0.1391353071222745,0.1391353071210474,0.13807980362283004,0.1380798036249642,0.13807980362704966,0.1380798036249642,0.13807980362283004,0.1380798036249642,0.13807980362914268,0.13807980363468497,0.13807980362914268,0.1380798036249642,0.13807980362704966,0.13807980363468497,0.13807980364985842,0.13807980363468497,0.13807980362704966,0.1380798036249642,0.13807980362914268,0.13807980363468497,0.13807980362914268,0.1380798036249642,0.13807980362283004,0.1380798036249642,0.13807980362704966,0.1380798036249642,0.13807980362283004,0.1370447657058083,0.13704476570900423,0.1370447657128274,0.13704476570900423,0.1370447657058083,0.13704476570900423,0.1370447657167791,0.1370447657322134,0.1370447657167791,0.13704476570900423,0.1370447657128274,0.1370447657322134,0.13704476581726946,0.1370447657322134,0.1370447657128274,0.13704476570900423,0.1370447657167791,0.1370447657322134,0.1370447657167791,0.13704476570900423,0.1370447657058083,0.13704476570900423,0.1370447657128274,0.13704476570900423,0.1370447657058083,0.13602973227344334,0.1360297322756419,0.13602973227778217,0.1360297322756419,0.13602973227344334,0.1360297322756419,0.1360297322799238,0.13602973228561815,0.1360297322799238,0.1360297322756419,0.13602973227778217,0.13602973228561815,0.13602973230135929,0.13602973228561815,0.13602973227778217,0.1360297322756419,0.1360297322799238,0.13602973228561815,0.1360297322799238,0.1360297322756419,0.13602973227344334,0.1360297322756419,0.13602973227778217,0.1360297322756419,0.13602973227344334,0.13503425174967837,0.1350342517510485,0.13503425175217643,0.1350342517510485,0.13503425174967837,0.1350342517510485,0.13503425175324468,0.1350342517554149,0.13503425175324468,0.1350342517510485,0.13503425175217643,0.1350342517554149,0.1350342517593506,0.1350342517554149,0.13503425175217643,0.1350342517510485,0.13503425175324468,0.1350342517554149,0.13503425175324468,0.1350342517510485,0.13503425174967837,0.1350342517510485,0.13503425175217643,0.1350342517510485,0.13503425174967837
0.1653324879290485,0.1653324879290485,0.16533248792904828,0.1653324879290485,0.1653324879290485,0.1653324879290485,0.16533248792904828,0.165332487929048,0.16533248792904828,0.1653324879290485,0.16533248792904828,0.165332487929048,0.16533248792904778,0.165332487929048,0.16533248792904828,0.1653324879290485,0.16533248792904828,0.165332487929048,0.16533248792904828,0.1653324879290485,0.1653324879290485,0.1653324879290485,0.16533248792904828,0.1653324879290485,0.1653324879290485,0.16375749420739208,0.16375749420739164,0.16375749420739116,0.16375749420739164,0.16375749420739208,0.16375749420739164,0.1637574942073909,0.1637574942073907,0.1637574942073909,0.16375749420739164,0.16375749420739116,0.1637574942073907,0.16375749420739025,0.1637574942073907,0.16375749420739116,0.16375749420739164,0.1637574942073909,0.1637574942073907,0.16375749420739116,0.16375749420739164,0.16375749420739208,0.16375749420739164,0.16375749420739116,0.16375749420739164,0.16375749420739208,0.16221388441768558,0.16221388441768397,0.1622138844176831,0.16221388441768397,0.16221388441768558,0.16221388441768397,0.1622138844176822,0.16221388441768128,0.1622138844176822,0.16221388441768397,0.1622138844176831,0.16221388441768128,0.16221388441768017,0.16221388441768128,0.1622138844176831,0.16221388441768397,0.1622138844176822,0.16221388441768128,0.1622138844176824,0.16221388441768397,0.16221388441768558,0.16221388441768397,0.1622138844176831,0.16221388441768397,0.16221388441768558,0.1607010675169714,0.16070106751696675,0.16070106751696367,0.16070106751696675,0.1607010675169714,0.16070106751696675,0.16070106751696142,0.1607010675169581,0.16070106751696142,0.16070106751696675,0.16070106751696367,0.1607010675169581,0.16070106751695432,0.1607010675169581,0.16070106751696367,0.16070106751696675,0.16070106751696142,0.1607010675169581,0.16070106751696142,0.16070106751696675,0.1607010675169714,0.16070106751696675,0.16070106751696367,0.16070106751696675,0.1607010675169714,0.1592184518802346,0.15921845188022019,0.15921845188021105,0.15921845188022019,0.1592184518802346,0.15921845188022019,0.15921845188020387,0.15921845188019296,0.15921845188020387,0.15921845188022019,0.15921845188021105,0.15921845188019296,0.15921845188018077,0.15921845188019296,0.15921845188021105,0.15921845188022019,0.15921845188020387,0.15921845188019296,0.15921845188020387,0.15921845188022019,0.1592184518802346,0.15921845188022019,0.15921845188021105,0.15921845188022019,0.1592184518802346,0.15776544665226094,0.15776544665221914,0.1577654466521914,0.15776544665221914,0.15776544665226094,0.15776544665221914,0.157765446652169,0.157765446652134,0.157765446652169,0.15776544665221914,0.1577654466521914,0.157765446652134,0.15776544665209324,0.157765446652134,0.1577654466521914,0.15776544665221914,0.157765446652169,0.157765446652134,0.157765446652169,0.15776544665221914,0.15776544665226094,0.15776544665221914,0.1577654466521914,0.15776544665221914,0.15776544665226094,0.15634146296198637,0.1563414629618682,0.15634146296178583,0.1563414629618682,0.15634146296198637,0.1563414629618682,0.15634146296171536,0.1563414629616012,0.15634146296171536,0.1563414629618682,0.15634146296178583,0.1563414629616012,0.15634146296145587,0.1563414629616012,0.15634146296178583,0.1563414629618682,0.15634146296171536,0.1563414629616012,0.15634146296171536,0.1563414629618682,0.15634146296198637,0.1563414629618682,0.15634146296178583,0.1563414629618682,0.15634146296198637,0.15494591500962132,0.1549459150093018,0.15494591500906285,0.1549459150093018,0.15494591500962132,0.1549459150093018,0.1549459150088475,0.1549459150084661,0.1549459150088475,0.1549459150093018,0.15494591500906285,0.1549459150084661,0.15494591500790744,0.1549459150084661,0.15494591500906285,0.1549459150093018,0.1549459150088475,0.1549459150084661,0.1549459150088475,0.1549459150093018,0.15494591500962132,0.1549459150093018,0.15494591500906285,0.1549459150093018,0.15494591500962132,0.15357822103631408,0.15357822103551572,0.15357822103485314,0.15357822103551572,0.15357822103631408,0.15357822103551572,0.1535782210342235,0.15357822103292887,0.1535782210342235,0.15357822103551572,0.15357822103485314,0.15357822103292887,0.15357822103054547,0.15357822103292887,0.15357822103485314,0.15357822103551572,0.1535782210342235,0.15357822103292887,0.1535782210342235,0.15357822103551572,0.15357822103631408,0.15357822103551572,0.15357822103485314,0.15357822103551572,0.15357822103631408,0.1522378041855745,0.15223780418383284,0.1522378041821617,0.15223780418383284,0.1522378041855745,0.15223780418383284,0.15223780418049526,0.15223780417617958,0.15223780418049526,0.15223780418383284,0.1522378041821617,0.15223780417617958,0.15223780416468433,0.15223780417617958,0.1522378041821617,0.15223780418383284,0.15223780418049526,0.15223780417617958,0.15223780418049526,0.15223780418383284,0.1522378041855745,0.15223780418383284,0.1522378041821617,0.15223780418383284,0.1522378041855745,0.15092409326497375,0.15092409326204928,0.15092409325870443,0.15092409326204928,0.15092409326497375,0.15092409326204928,0.15092409325526082,0.1509240932428059,0.15092409325526082,0.15092409326204928,0.15092409325870443,0.1509240932428059,0.15092409318002437,0.1509240932428059,0.15092409325870443,0.15092409326204928,0.15092409325526082,0.1509240932428059,0.15092409325526082,0.15092409326204928,0.15092409326497375,0.15092409326204928,0.15092409325870443,0.15092409326204928,0.15092409326497375,0.14963652341528366,0.1496365234125652,0.14963652340958922,0.1496365234125652,0.14963652341528366,0.1496365234125652,0.14963652340653893,0.14963652339643504,0.14963652340653893,0.1496365234125652,0.14963652340958922,0.14963652339643504,0.14963652335219868,0.14963652339643504,0.14963652340958922,0.1496365234125652,0.14963652340653893,0.14963652339643504,0.14963652340653893,0.1496365234125652,0.14963652341528366,0.1496365234125652,0.14963652340958922,0.1496365234125652,0.14963652341528366,0.14837453669254147,0.14837453669090592,0.14837453668925296,0.14837453669090592,0.14837453669254147,0.14837453669090592,0.14837453668758666,0.14837453668266784,0.14837453668758666,0.14837453669090592,0.14837453668925296,0.14837453668266784,0.1483745366639345,0.14837453668266784,0.14837453668925296,0.14837453669090592,0.14837453668758666,0.14837453668266784,0.14837453668758666,0.14837453669090592,0.14837453669254147,0.14837453669090592,0.14837453668925296,0.14837453669090592,0.14837453669254147,0.1471375825774045,0.14713758257693382,0.14713758257656234,0.14713758257693382,0.1471375825774045,0.14713758257693382,0.14713758257621465,0.14713758257562118,0.14713758257621465,0.14713758257693382,0.14713758257656234,0.14713758257562118,0.14713758257548604,0.14713758257562118,0.14713758257656234,0.14713758257693382,0.14713758257621465,0.14713758257562118,0.14713758257621465,0.14713758257693382,0.1471375825774045,0.14713758257693382,0.14713758257656234,0.14713758257693382,0.1471375825774045,0.14592511841459643,0.14592511841497502,0.14592511841546577,0.14592511841497502,0.14592511841459643,0.14592511841497502,0.14592511841598996,0.14592511841796899,0.14592511841598996,0.14592511841497502,0.14592511841546577,0.14592511841796899,0.1459251184275579,0.14592511841796899,0.14592511841546577,0.14592511841497502,0.14592511841598996,0.14592511841796899,0.14592511841598996,0.14592511841497502,0.14592511841459643,0.14592511841497502,0.14592511841546577,0.14592511841497502,0.14592511841459643,0.14473660978717864,0.14473660978803532,0.1447366097889929,0.14473660978803532,0.14473660978717864,0.14473660978803532,0.14473660978998118,0.1447366097933172,0.14473660978998118,0.14473660978803532,0.1447366097889929,0.1447366097933172,0.1447366098083304,0.1447366097933172,0.1447366097889929,0.14473660978803532,0.14473660978998118,0.1447366097933172,0.14473660978998118,0.14473660978803532,0.14473660978717864,0.14473660978803532,0.1447366097889929,0.14473660978803532,0.14473660978717864,0.14357153083144147,0.14357153083243854,0.14357153083349533,0.14357153083243854,0.14357153083144147,0.14357153083243854,0.14357153083457058,0.1435715308380163,0.14357153083457058,0.14357153083243854,0.14357153083349533,0.1435715308380163,0.1435715308527907,0.1435715308380163,0.14357153083349533,0.14357153083243854,0.14357153083457058,0.1435715308380163,0.14357153083457058,0.14357153083243854,0.14357153083144147,0.14357153083243854,0.14357153083349533,0.14357153083243854,0.14357153083144147,0.14242936449822094,0.142429364499156,0.1424293645000919,0.142429364499156,0.14242936449822094,0.142429364499156,0.14242936450102928,0.14242936450381483,0.14242936450102928,0.142429364499156,0.1424293645000919,0.14242936450381483,0.14242936451466923,0.14242936450381483,0.1424293645000919,0.142429364499156,0.14242936450102928,0.14242936450381483,0.14242936450102928,0.142429364499156,0.14242936449822094,0.142429364499156,0.1424293645000919,0.142429364499156,0.14242936449822094,0.14130960276550505,0.14130960276637422,0.14130960276721155,0.14130960276637422,0.14130960276550505,0.14130960276637422,0.14130960276803764,0.14130960277042176,0.14130960276803764,0.14130960276637422,0.14130960276721155,0.14130960277042176,0.14130960277961177,0.14130960277042176,0.14130960276721155,0.14130960276637422,0.14130960276803764,0.14130960277042176,0.14130960276803764,0.14130960276637422,0.14130960276550505,0.14130960276637422,0.14130960276721155,0.14130960276637422,0.14130960276550505,0.1402117468069406,0.14021174680785442,0.14021174680869117,0.14021174680785442,0.1402117468069406,0.14021174680785442,0.14021174680950244,0.1402117468117324,0.14021174680950244,0.14021174680785442,0.14021174680869117,0.1402117468117324,0.14021174682030557,0.1402117468117324,0.14021174680869117,0.14021174680785442,0.14021174680950244,0.1402117468117324,0.14021174680950244,0.14021174680785442,0.1402117468069406,0.14021174680785442,0.14021174680869117,0.14021174680785442,0.1402117468069406,0.1391353071207253,0.13913530712194974,0.1391353071229963,0.13913530712194974,0.1391353071207253,0.13913530712194974,0.13913530712400346,0.13913530712616895,0.13913530712400346,0.13913530712194974,0.1391353071229963,0.13913530712616895,0.13913530713057065,0.13913530712616895,0.1391353071229963,0.13913530712194974,0.13913530712400346,0.13913530712616895,0.13913530712400346,0.13913530712194974,0.1391353071207253,0.13913530712194974,0.1391353071229963,0.13913530712194974,0.1391353071207253,0.13807980362249037,0.1380798036246211,0.13807980362670347,0.1380798036246211,0.13807980362249037,0.1380798036246211,0.13807980362879338,0.13807980363432792,0.13807980362879338,0.1380798036246211,0.13807980362670347,0.13807980363432792,0.13807980364948055,0.13807980363432792,0.13807980362670347,0.1380798036246211,0.13807980362879338,0.13807980363432792,0.13807980362879338,0.1380798036246211,0.13807980362249037,0.1380798036246211,0.13807980362670347,0.1380798036246211,0.13807980362249037,0.13704476570545712,0.13704476570864874,0.1370447657124669,0.13704476570864874,0.13704476570545712,0.13704476570864874,0.13704476571641327,0.1370447657318274,0.13704476571641327,0.13704476570864874,0.1370447657124669,0.1370447657318274,0.1370447658167995,0.1370447657318274,0.1370447657124669,0.13704476570864874,0.13704476571641327,0.1370447657318274,0.13704476571641327,0.13704476570864874,0.13704476570545712,0.13704476570864874,0.1370447657124669,0.13704476570864874,0.13704476570545712,0.13602973227308965,0.13602973227528523,0.13602973227742254,0.13602973227528523,0.13602973227308965,0.13602973227528523,0.13602973227956147,0.13602973228524823,0.13602973227956147,0.13602973227528523,0.13602973227742254,0.13602973228524823,0.1360297323009688,0.13602973228524823,0.13602973227742254,0.13602973227528523,0.13602973227956147,0.13602973228524823,0.13602973227956147,0.13602973227528523,0.13602973227308965,0.13602973227528523,0.13602973227742254,0.13602973227528523,0.1360297322730895,0.1350342517493277,0.13503425175069603,0.13503425175182238,0.13503425175069603,0.1350342517493277,0.13503425175069603,0.13503425175288936,0.13503425175505676,0.13503425175288936,0.13503425175069603,0.13503425175182238,0.13503425175505676,0.13503425175898717,0.13503425175505676,0.13503425175182238,0.13503425175069603,0.13503425175288936,0.13503425175505676,0.13503425175288936,0.13503425175069603,0.1350342517493277,0.13503425175069603,0.13503425175182238,0.13503425175069603,0.1350342517493277
0.16533248792930785,0.16533248792930763,0.16533248792930738,0.16533248792930763,0.16533248792930785,0.16533248792930763,0.16533248792930738,0.16533248792930716,0.16533248792930738,0.16533248792930763,0.16533248792930738,0.16533248792930716,0.16533248792930716,0.16533248792930716,0.16533248792930738,0.16533248792930763,0.16533248792930738,0.16533248792930716,0.16533248792930738,0.16533248792930763,0.16533248792930785,0.16533248792930763,0.16533248792930738,0.16533248792930763,0.16533248792930785,0.16375749420764601,0.16375749420764557,0.16375749420764532,0.16375749420764557,0.16375749420764601,0.16375749420764557,0.16375749420764513,0.16375749420764465,0.16375749420764513,0.16375749420764557,0.16375749420764532,0.16375749420764465,0.1637574942076444,0.16375749420764465,0.16375749420764532,0.16375749420764557,0.16375749420764513,0.16375749420764465,0.16375749420764513,0.16375749420764557,0.16375749420764601,0.16375749420764557,0.16375749420764532,0.16375749420764557,0.16375749420764601,0.1622138844179345,0.1622138844179329,0.16221388441793178,0.1622138844179329,0.1622138844179345,0.1622138844179329,0.16221388441793108,0.16221388441793017,0.16221388441793108,0.1622138844179329,0.16221388441793178,0.16221388441793017,0.16221388441792906,0.16221388441793017,0.162213884417932,0.1622138844179329,0.16221388441793108,0.16221388441793017,0.16221388441793108,0.1622138844179329,0.1622138844179345,0.1622138844179329,0.162213884417932,0.1622138844179329,0.1622138844179345,0.16070106751721536,0.16070106751721067,0.16070106751720759,0.16070106751721067,0.16070106751721536,0.16070106751721067,0.16070106751720534,0.160701067517202,0.16070106751720534,0.16070106751721067,0.16070106751720759,0.160701067517202,0.16070106751719823,0.160701067517202,0.16070106751720759,0.16070106751721067,0.16070106751720534,0.160701067517202,0.16070106751720534,0.16070106751721067,0.16070106751721536,0.16070106751721067,0.16070106751720759,0.16070106751721067,0.16070106751721536,0.15921845188047343,0.15921845188045902,0.1592184518804499,0.15921845188045902,0.15921845188047343,0.15921845188045902,0.1592184518804429,0.15921845188043182,0.1592184518804429,0.15921845188045902,0.1592184518804499,0.15921845188043182,0.15921845188041983,0.15921845188043182,0.1592184518804499,0.15921845188045902,0.1592184518804429,0.15921845188043182,0.1592184518804429,0.15921845188045902,0.15921845188047343,0.15921845188045902,0.1592184518804499,0.15921845188045902,0.15921845188047343,0.15776544665249478,0.15776544665245318,0.15776544665242545,0.15776544665245318,0.15776544665249478,0.15776544665245318,0.15776544665240305,0.15776544665236805,0.15776544665240305,0.15776544665245318,0.15776544665242545,0.15776544665236805,0.1577654466523273,0.15776544665236805,0.15776544665242545,0.15776544665245318,0.15776544665240305,0.15776544665236805,0.15776544665240305,0.15776544665245318,0.15776544665249478,0.15776544665245318,0.15776544665242545,0.15776544665245318,0.15776544665249478,0.15634146296221513,0.1563414629620972,0.156341462962015,0.1563414629620972,0.15634146296221513,0.1563414629620972,0.15634146296194476,0.1563414629618308,0.15634146296194476,0.1563414629620972,0.156341462962015,0.1563414629618308,0.15634146296168588,0.1563414629618308,0.156341462962015,0.1563414629620972,0.15634146296194476,0.1563414629618308,0.15634146296194476,0.1563414629620972,0.15634146296221513,0.1563414629620972,0.156341462962015,0.1563414629620972,0.15634146296221513,0.15494591500984448,0.15494591500952581,0.15494591500928728,0.15494591500952581,0.15494591500984448,0.15494591500952581,0.15494591500907232,0.15494591500869193,0.15494591500907232,0.15494591500952581,0.15494591500928728,0.15494591500869193,0.1549459150081345,0.15494591500869193,0.15494591500928728,0.15494591500952581,0.15494591500907232,0.15494591500869193,0.15494591500907232,0.15494591500952581,0.15494591500984448,0.15494591500952581,0.15494591500928728,0.15494591500952581,0.15494591500984448,0.15357822103653038,0.15357822103573388,0.15357822103507268,0.15357822103573388,0.15357822103653038,0.15357822103573388,0.15357822103444443,0.1535782210331526,0.15357822103444443,0.15357822103573388,0.15357822103507268,0.1535782210331526,0.15357822103077423,0.1535782210331526,0.15357822103507268,0.15357822103573388,0.15357822103444443,0.1535782210331526,0.15357822103444443,0.15357822103573388,0.15357822103653038,0.15357822103573388,0.15357822103507268,0.15357822103573388,0.15357822103653038,0.15223780418578,0.15223780418404229,0.15223780418237506,0.15223780418404229,0.15223780418578,0.15223780418404229,0.15223780418071237,0.15223780417640612,0.15223780418071237,0.15223780418404229,0.15223780418237506,0.15223780417640612,0.1522378041649353,0.15223780417640612,0.15223780418237506,0.15223780418404229,0.15223780418071237,0.15223780417640612,0.15223780418071237,0.15223780418404229,0.15223780418578,0.15223780418404229,0.15223780418237506,0.15223780418404229,0.15223780418578,0.15092409326516032,0.150924093262243,0.15092409325890585,0.150924093262243,0.15092409326516032,0.150924093262243,0.15092409325547013,0.150924093243043,0.15092409325547013,0.150924093262243,0.15092409325890585,0.150924093243043,0.15092409318039476,0.150924093243043,0.15092409325890585,0.150924093262243,0.15092409325547013,0.150924093243043,0.15092409325547013,0.150924093262243,0.15092409326516032,0.150924093262243,0.15092409325890585,0.150924093262243,0.15092409326516032,0.1496365234154361,0.14963652341272538,0.1496365234097579,0.14963652341272538,0.1496365234154361,0.14963652341272538,0.14963652340671627,0.1496365233966404,0.14963652340671627,0.14963652341272538,0.1496365234097579,0.1496365233966404,0.14963652335251257,0.1496365233966404,0.1496365234097579,0.14963652341272538,0.14963652340671627,0.1496365233966404,0.14963652340671627,0.14963652341272538,0.1496365234154361,0.14963652341272538,0.1496365234097579,0.14963652341272538,0.1496365234154361,0.1483745366926434,0.14837453669101433,0.14837453668936826,0.14837453669101433,0.1483745366926434,0.14837453669101433,0.1483745366877088,0.14837453668281292,0.1483745366877088,0.14837453669101433,0.14837453668936826,0.14837453668281292,0.14837453666417433,0.14837453668281292,0.14837453668936826,0.14837453669101433,0.1483745366877088,0.14837453668281292,0.1483745366877088,0.14837453669101433,0.1483745366926434,0.14837453669101433,0.14837453668936826,0.14837453669101433,0.1483745366926434,0.14713758257744175,0.1471375825769747,0.14713758257660667,0.1471375825769747,0.14713758257744175,0.1471375825769747,0.14713758257626278,0.14713758257568074,0.14713758257626278,0.1471375825769747,0.14713758257660667,0.14713758257568074,0.14713758257559229,0.14713758257568074,0.14713758257660667,0.1471375825769747,0.14713758257626278,0.14713758257568074,0.14713758257626278,0.1471375825769747,0.14713758257744175,0.1471375825769747,0.14713758257660667,0.1471375825769747,0.14713758257744175,0.14592511841456138,0.14592511841493958,0.14592511841542996,0.14592511841493958,0.14592511841456138,0.14592511841493958,0.14592511841595363,0.14592511841793088,0.14592511841595363,0.14592511841493958,0.14592511841542996,0.14592511841793088,0.145925118427518,0.14592511841793088,0.14592511841542996,0.14592511841493958,0.14592511841595363,0.14592511841793088,0.14592511841595363,0.14592511841493958,0.14592511841456138,0.14592511841493958,0.14592511841542996,0.14592511841493958,0.14592511841456138,0.14473660978707076,0.1447366097879236,0.14473660978887717,0.1447366097879236,0.14473660978707076,0.1447366097879236,0.14473660978986128,0.1447366097931847,0.14473660978986128,0.1447366097879236,0.14473660978887717,0.1447366097931847,0.14473660980814326,0.1447366097931847,0.14473660978887717,0.1447366097879236,0.14473660978986128,0.1447366097931847,0.14473660978986128,0.1447366097879236,0.14473660978707076,0.1447366097879236,0.14473660978887717,0.1447366097879236,0.14473660978707076,0.14357153083126778,0.14357153083225802,0.14357153083330762,0.14357153083225802,0.14357153083126778,0.14357153083225802,0.14357153083437535,0.14357153083779506,0.14357153083437535,0.14357153083225802,0.14357153083330762,0.14357153083779506,0.14357153085245822,0.14357153083779506,0.14357153083330762,0.14357153083225802,0.14357153083437535,0.14357153083779506,0.14357153083437535,0.14357153083225802,0.14357153083126778,0.14357153083225802,0.14357153083330762,0.14357153083225802,0.14357153083126778,0.14242936449799398,0.14242936449892216,0.14242936449985033,0.14242936449892216,0.14242936449799398,0.14242936449892216,0.14242936450077984,0.14242936450353902,0.14242936450077984,0.14242936449892216,0.14242936449985033,0.14242936450353902,0.14242936451428204,0.14242936450353902,0.14242936449985033,0.14242936449892216,0.14242936450077984,0.14242936450353902,0.14242936450077984,0.14242936449892216,0.14242936449799398,0.14242936449892216,0.14242936449985033,0.14242936449892216,0.14242936449799398,0.1413096027652386,0.14130960276610272,0.14130960276693474,0.14130960276610272,0.1413096027652386,0.14130960276610272,0.14130960276775575,0.14130960277012555,0.14130960276775575,0.14130960276610272,0.14130960276693474,0.14130960277012555,0.14130960277925256,0.14130960277012555,0.14130960276693474,0.14130960276610272,0.14130960276775575,0.14130960277012555,0.14130960276775575,0.14130960276610272,0.1413096027652386,0.14130960276610272,0.14130960276693474,0.14130960276610272,0.1413096027652386,0.14021174680664472,0.14021174680755483,0.1402117468083882,0.14021174680755483,0.14021174680664472,0.14021174680755483,0.1402117468091962,0.140211746811417,0.1402117468091962,0.14021174680755483,0.1402117468083882,0.140211746811417,0.14021174681996645,0.140211746811417,0.1402117468083882,0.14021174680755483,0.1402117468091962,0.140211746811417,0.1402117468091962,0.14021174680755483,0.14021174680664472,0.14021174680755483,0.1402117468083882,0.14021174680755483,0.14021174680664472,0.13913530712040673,0.1391353071216283,0.1391353071226726,0.1391353071216283,0.13913530712040673,0.1391353071216283,0.13913530712367758,0.1391353071258382,0.13913530712367758,0.1391353071216283,0.1391353071226726,0.1391353071258382,0.1391353071302299,0.1391353071258382,0.1391353071226726,0.1391353071216283,0.13913530712367758,0.1391353071258382,0.13913530712367758,0.1391353071216283,0.13913530712040673,0.1391353071216283,0.1391353071226726,0.1391353071216283,0.13913530712040673,0.13807980362215422,0.13807980362428185,0.13807980362636127,0.13807980362428185,0.13807980362215422,0.13807980362428185,0.1380798036284481,0.13807980363397487,0.1380798036284481,0.13807980362428185,0.13807980362636127,0.13807980363397487,0.1380798036491069,0.13807980363397487,0.13807980362636127,0.13807980362428185,0.1380798036284481,0.13807980363397487,0.1380798036284481,0.13807980362428185,0.13807980362215422,0.13807980362428185,0.13807980362636127,0.13807980362428185,0.13807980362215422,0.13704476570510984,0.13704476570829724,0.13704476571211022,0.13704476570829724,0.13704476570510984,0.13704476570829724,0.13704476571605143,0.13704476573144547,0.13704476571605143,0.13704476570829724,0.13704476571211022,0.13704476573144547,0.13704476581628758,0.13704476573144547,0.13704476571211022,0.13704476570829724,0.13704476571605143,0.13704476573144547,0.13704476571605143,0.13704476570829724,0.13704476570510984,0.13704476570829724,0.13704476571211022,0.13704476570829724,0.13704476570510984,0.1360297322727397,0.1360297322749323,0.1360297322770669,0.1360297322749323,0.1360297322727397,0.1360297322749323,0.136029732279203,0.13602973228488244,0.136029732279203,0.1360297322749323,0.1360297322770669,0.13602973228488244,0.13602973230058263,0.13602973228488244,0.1360297322770669,0.1360297322749323,0.136029732279203,0.13602973228488244,0.136029732279203,0.1360297322749323,0.1360297322727397,0.1360297322749323,0.1360297322770669,0.1360297322749323,0.1360297322727397,0.13503425174898082,0.13503425175034725,0.1350342517514723,0.13503425175034725,0.13503425174898082,0.13503425175034725,0.1350342517525378,0.1350342517547024,0.1350342517525378,0.13503425175034725,0.1350342517514723,0.1350342517547024,0.13503425175862777,0.1350342517547024,0.1350342517514723,0.13503425175034725,0.1350342517525378,0.1350342517547024,0.1350342517525378,0.1350342517503474,0.13503425174898082,0.13503425175034725,0.1350342517514723,0.1350342517503474,0.13503425174898082
0.16533248792956412,0.1653324879295639,0.16533248792956365,0.1653324879295639,0.16533248792956412,0.1653324879295639,0.16533248792956365,0.16533248792956345,0.16533248792956365,0.1653324879295639,0.16533248792956365,0.16533248792956345,0.1653324879295632,0.16533248792956345,0.16533248792956365,0.1653324879295639,0.16533248792956365,0.16533248792956345,0.16533248792956365,0.1653324879295639,0.16533248792956412,0.1653324879295639,0.16533248792956365,0.1653324879295639,0.1653324879295639,0.16375749420789723,0.16375749420789673,0.1637574942078963,0.16375749420789673,0.16375749420789723,0.16375749420789673,0.16375749420789606,0.16375749420789582,0.16375749420789606,0.16375749420789673,0.1637574942078963,0.16375749420789582,0.16375749420789534,0.16375749420789582,0.1637574942078963,0.16375749420789673,0.16375749420789606,0.16375749420789582,0.16375749420789606,0.16375749420789673,0.16375749420789723,0.16375749420789673,0.1637574942078963,0.16375749420789673,0.16375749420789723,0.16221388441818044,0.16221388441817886,0.16221388441817794,0.16221388441817886,0.16221388441818044,0.16221388441817886,0.16221388441817725,0.1622138844181761,0.16221388441817725,0.16221388441817886,0.16221388441817794,0.1622138844181761,0.162213884418175,0.1622138844181761,0.16221388441817794,0.16221388441817886,0.16221388441817725,0.1622138844181761,0.16221388441817725,0.16221388441817886,0.16221388441818044,0.16221388441817886,0.16221388441817794,0.16221388441817886,0.16221388441818044,0.1607010675174564,0.1607010675174517,0.16070106751744861,0.1607010675174517,0.1607010675174564,0.1607010675174517,0.16070106751744637,0.16070106751744304,0.16070106751744637,0.1607010675174517,0.16070106751744861,0.16070106751744304,0.16070106751743926,0.16070106751744304,0.16070106751744861,0.1607010675174517,0.16070106751744637,0.16070106751744304,0.16070106751744637,0.1607010675174517,0.1607010675174564,0.1607010675174517,0.16070106751744861,0.1607010675174517,0.1607010675174564,0.1592184518807094,0.15921845188069525,0.1592184518806861,0.15921845188069525,0.1592184518807094,0.15921845188069525,0.15921845188067912,0.15921845188066824,0.15921845188067912,0.15921845188069525,0.1592184518806861,0.15921845188066824,0.15921845188065606,0.15921845188066824,0.1592184518806861,0.15921845188069525,0.15921845188067912,0.15921845188066824,0.15921845188067912,0.15921845188069525,0.1592184518807094,0.15921845188069525,0.1592184518806861,0.15921845188069525,0.1592184518807094,0.15776544665272607,0.15776544665268447,0.15776544665265696,0.15776544665268447,0.15776544665272607,0.15776544665268447,0.15776544665263453,0.15776544665259953,0.15776544665263453,0.15776544665268447,0.15776544665265696,0.15776544665259953,0.157765446652559,0.15776544665259953,0.15776544665265696,0.15776544665268447,0.15776544665263453,0.15776544665259953,0.15776544665263453,0.15776544665268447,0.15776544665272607,0.15776544665268447,0.15776544665265696,0.15776544665268447,0.15776544665272607,0.1563414629624414,0.15634146296232365,0.1563414629622417,0.15634146296232365,0.1563414629624414,0.15634146296232365,0.15634146296217163,0.1563414629620579,0.15634146296217163,0.15634146296232365,0.1563414629622417,0.1563414629620579,0.1563414629619134,0.1563414629620579,0.1563414629622417,0.15634146296232365,0.15634146296217163,0.1563414629620579,0.15634146296217163,0.15634146296232365,0.1563414629624414,0.15634146296232365,0.1563414629622417,0.15634146296232365,0.1563414629624414,0.1549459150100652,0.15494591500974733,0.1549459150095094,0.15494591500974733,0.1549459150100652,0.15494591500974733,0.15494591500929486,0.1549459150089151,0.15494591500929486,0.15494591500974733,0.1549459150095094,0.1549459150089151,0.15494591500835914,0.1549459150089151,0.1549459150095094,0.15494591500974733,0.15494591500929486,0.1549459150089151,0.15494591500929486,0.15494591500974733,0.1549459150100652,0.15494591500974733,0.1549459150095094,0.15494591500974733,0.1549459150100652,0.15357822103674426,0.15357822103594954,0.15357822103528976,0.15357822103594954,0.15357822103674426,0.15357822103594954,0.15357822103466295,0.15357822103337393,0.15357822103466295,0.15357822103594954,0.15357822103528976,0.15357822103337393,0.15357822103100077,0.15357822103337393,0.15357822103528976,0.15357822103594954,0.15357822103466295,0.15357822103337393,0.15357822103466295,0.15357822103594954,0.15357822103674426,0.15357822103594954,0.15357822103528976,0.15357822103594954,0.15357822103674426,0.15223780418598315,0.15223780418424956,0.1522378041825861,0.15223780418424956,0.15223780418598315,0.15223780418424956,0.1522378041809271,0.15223780417663013,0.1522378041809271,0.15223780418424956,0.1522378041825861,0.15223780417663013,0.1522378041651837,0.15223780417663013,0.1522378041825861,0.15223780418424956,0.1522378041809271,0.15223780417663013,0.1522378041809271,0.15223780418424956,0.15223780418598315,0.15223780418424956,0.1522378041825861,0.15223780418424956,0.15223780418598315,0.15092409326534456,0.15092409326243436,0.15092409325910494,0.15092409326243436,0.15092409326534456,0.15092409326243436,0.15092409325567732,0.1509240932432776,0.15092409325567732,0.15092409326243436,0.15092409325910494,0.1509240932432776,0.15092409318078562,0.1509240932432776,0.15092409325910494,0.15092409326243436,0.15092409325567732,0.1509240932432776,0.15092409325567732,0.15092409326243436,0.15092409326534456,0.15092409326243436,0.15092409325910494,0.15092409326243436,0.15092409326534456,0.14963652341558695,0.149636523412884,0.14963652340992467,0.149636523412884,0.14963652341558695,0.149636523412884,0.14963652340689174,0.14963652339684347,0.14963652340689174,0.149636523412884,0.14963652340992467,0.14963652339684347,0.14963652335283875,0.14963652339684347,0.14963652340992467,0.149636523412884,0.14963652340689174,0.14963652339684347,0.14963652340689174,0.149636523412884,0.14963652341558695,0.149636523412884,0.14963652340992467,0.149636523412884,0.14963652341558695,0.1483745366927442,0.14837453669112147,0.14837453668948222,0.14837453669112147,0.1483745366927442,0.14837453669112147,0.14837453668782982,0.1483745366829564,0.14837453668782982,0.14837453669112147,0.14837453668948222,0.1483745366829564,0.14837453666442507,0.1483745366829564,0.14837453668948222,0.14837453669112147,0.14837453668782982,0.1483745366829564,0.14837453668782982,0.14837453669112147,0.1483745366927442,0.14837453669112147,0.14837453668948222,0.14837453669112147,0.1483745366927442,0.1471375825774788,0.14713758257701504,0.1471375825766506,0.14713758257701504,0.1471375825774788,0.14713758257701504,0.1471375825763102,0.1471375825757398,0.1471375825763102,0.14713758257701504,0.1471375825766506,0.1471375825757398,0.14713758257571202,0.1471375825757398,0.1471375825766506,0.14713758257701504,0.1471375825763102,0.1471375825757398,0.1471375825763102,0.14713758257701504,0.1471375825774788,0.14713758257701504,0.1471375825766506,0.14713758257701504,0.1471375825774788,0.14592511841452666,0.1459251184149045,0.14592511841539452,0.1459251184149045,0.14592511841452666,0.1459251184149045,0.14592511841591785,0.1459251184178933,0.14592511841591785,0.1459251184149045,0.14592511841539452,0.1459251184178933,0.14592511842747352,0.1459251184178933,0.14592511841539452,0.1459251184149045,0.14592511841591785,0.1459251184178933,0.14592511841591785,0.1459251184149045,0.14592511841452666,0.1459251184149045,0.14592511841539452,0.1459251184149045,0.14592511841452666,0.1447366097869641,0.1447366097878131,0.14473660978876285,0.1447366097878131,0.1447366097869641,0.1447366097878131,0.14473660978974293,0.14473660979305397,0.14473660978974293,0.1447366097878131,0.14473660978876285,0.14473660979305397,0.14473660980797692,0.14473660979305397,0.14473660978876285,0.1447366097878131,0.14473660978974293,0.14473660979305397,0.14473660978974293,0.1447366097878131,0.1447366097869641,0.1447366097878131,0.14473660978876285,0.1447366097878131,0.1447366097869641,0.1435715308310958,0.1435715308320797,0.1435715308331218,0.1435715308320797,0.1435715308310958,0.1435715308320797,0.14357153083418217,0.1435715308375762,0.14357153083418217,0.1435715308320797,0.1435715308331218,0.1435715308375762,0.1435715308521203,0.1435715308375762,0.1435715308331218,0.1435715308320797,0.14357153083418217,0.1435715308375762,0.14357153083418217,0.1435715308320797,0.1435715308310958,0.1435715308320797,0.1435715308331218,0.1435715308320797,0.1435715308310958,0.14242936449776955,0.14242936449869067,0.14242936449961127,0.14242936449869067,0.14242936449776955,0.14242936449869067,0.14242936450053306,0.14242936450326607,0.14242936450053306,0.14242936449869067,0.14242936449961127,0.14242936450326607,0.1424293645138962,0.14242936450326607,0.14242936449961127,0.14242936449869067,0.14242936450053306,0.14242936450326607,0.14242936450053306,0.14242936449869067,0.14242936449776955,0.14242936449869067,0.14242936449961127,0.14242936449869067,0.14242936449776955,0.14130960276497498,0.14130960276583396,0.14130960276666107,0.14130960276583396,0.14130960276497498,0.14130960276583396,0.14130960276747698,0.14130960276983248,0.14130960276747698,0.14130960276583396,0.14130960276666107,0.14130960276983248,0.14130960277892646,0.14130960276983248,0.14130960276666107,0.14130960276583396,0.14130960276747698,0.14130960276983248,0.14130960276747698,0.14130960276583396,0.14130960276497498,0.14130960276583396,0.14130960276666107,0.14130960276583396,0.14130960276497498,0.14021174680635204,0.1402117468072586,0.14021174680808873,0.1402117468072586,0.14021174680635204,0.1402117468072586,0.1402117468088934,0.14021174681110513,0.1402117468088934,0.1402117468072586,0.14021174680808873,0.14021174681110513,0.14021174681961235,0.14021174681110513,0.14021174680808873,0.1402117468072586,0.1402117468088934,0.14021174681110513,0.1402117468088934,0.1402117468072586,0.14021174680635204,0.1402117468072586,0.14021174680808873,0.1402117468072586,0.14021174680635204,0.13913530712009162,0.13913530712131067,0.13913530712235261,0.13913530712131067,0.13913530712009162,0.13913530712131067,0.13913530712335534,0.1391353071255112,0.13913530712335534,0.13913530712131067,0.13913530712235261,0.1391353071255112,0.1391353071298928,0.1391353071255112,0.13913530712235261,0.13913530712131067,0.13913530712335534,0.1391353071255112,0.13913530712335534,0.13913530712131067,0.13913530712009162,0.13913530712131067,0.13913530712235261,0.13913530712131067,0.13913530712009162,0.13807980362182182,0.13807980362394634,0.13807980362602265,0.13807980362394634,0.13807980362182182,0.13807980362394634,0.13807980362810657,0.13807980363362557,0.13807980362810657,0.13807980362394634,0.13807980362602265,0.13807980363362557,0.13807980364873745,0.13807980363362557,0.13807980362602265,0.13807980362394634,0.13807980362810657,0.13807980363362557,0.13807980362810657,0.1380798036239462,0.13807980362182182,0.13807980362394634,0.13807980362602265,0.1380798036239462,0.13807980362182182,0.1370447657047664,0.13704476570794952,0.13704476571175747,0.13704476570794952,0.1370447657047664,0.13704476570794952,0.13704476571569368,0.1370447657310678,0.13704476571569368,0.13704476570794952,0.13704476571175747,0.1370447657310678,0.13704476581580957,0.1370447657310678,0.13704476571175747,0.13704476570794952,0.13704476571569368,0.1370447657310678,0.13704476571569368,0.13704476570794952,0.1370447657047664,0.13704476570794952,0.13704476571175747,0.13704476570794952,0.1370447657047664,0.13602973227239348,0.1360297322745834,0.13602973227671517,0.1360297322745834,0.13602973227239348,0.1360297322745834,0.13602973227884843,0.1360297322845206,0.13602973227884843,0.1360297322745834,0.13602973227671517,0.1360297322845206,0.1360297323002006,0.1360297322845206,0.13602973227671517,0.1360297322745834,0.13602973227884843,0.1360297322845206,0.13602973227884843,0.1360297322745834,0.13602973227239348,0.1360297322745834,0.13602973227671517,0.1360297322745834,0.13602973227239348,0.13503425174863776,0.13503425175000242,0.135034251751126,0.13503425175000242,0.13503425174863776,0.13503425175000242,0.13503425175219,0.13503425175435188,0.13503425175219,0.13503425175000242,0.135034251751126,0.13503425175435188,0.13503425175827224,0.13503425175435188,0.135034251751126,0.13503425175000242,0.13503425175219,0.13503425175435188,0.1350342517521902,0.13503425175000242,0.13503425174863776,0.13503425175000242,0.135034251751126,0.13503425175000242,0.13503425174863776
0.16533248792981783,0.1653324879298176,0.1653324879298176,0.1653324879298176,0.16533248792981783,0.1653324879298176,0.16533248792981733,0.16533248792981733,0.16533248792981733,0.1653324879298176,0.1653324879298176,0.16533248792981733,0.1653324879298171,0.16533248792981733,0.1653324879298176,0.1653324879298176,0.16533248792981733,0.16533248792981733,0.16533248792981733,0.1653324879298176,0.16533248792981783,0.1653324879298176,0.1653324879298176,0.1653324879298176,0.16533248792981783,0.16375749420814584,0.16375749420814537,0.16375749420814514,0.16375749420814537,0.16375749420814584,0.16375749420814537,0.16375749420814492,0.16375749420814445,0.16375749420814492,0.16375749420814537,0.16375749420814514,0.16375749420814445,0.16375749420814423,0.16375749420814445,0.16375749420814514,0.16375749420814537,0.16375749420814492,0.16375749420814445,0.16375749420814492,0.16375749420814537,0.16375749420814584,0.16375749420814537,0.16375749420814514,0.16375749420814537,0.16375749420814584,0.16221388441842413,0.16221388441842274,0.1622138844184216,0.16221388441842274,0.16221388441842413,0.16221388441842274,0.16221388441842094,0.1622138844184198,0.16221388441842094,0.16221388441842274,0.1622138844184216,0.1622138844184198,0.16221388441841889,0.1622138844184198,0.1622138844184216,0.16221388441842274,0.16221388441842094,0.1622138844184198,0.16221388441842094,0.16221388441842274,0.16221388441842413,0.16221388441842274,0.1622138844184216,0.16221388441842274,0.16221388441842435,0.1607010675176952,0.16070106751769053,0.16070106751768742,0.16070106751769053,0.1607010675176952,0.16070106751769053,0.1607010675176852,0.16070106751768187,0.1607010675176852,0.16070106751769053,0.16070106751768742,0.16070106751768187,0.1607010675176781,0.16070106751768187,0.16070106751768742,0.16070106751769053,0.1607010675176852,0.16070106751768187,0.1607010675176852,0.16070106751769053,0.1607010675176952,0.16070106751769053,0.16070106751768742,0.16070106751769053,0.1607010675176952,0.15921845188094347,0.15921845188092928,0.15921845188092015,0.15921845188092928,0.15921845188094347,0.15921845188092928,0.159218451880913,0.15921845188090208,0.159218451880913,0.15921845188092928,0.15921845188092015,0.15921845188090208,0.1592184518808901,0.15921845188090208,0.15921845188092015,0.15921845188092928,0.159218451880913,0.15921845188090208,0.159218451880913,0.15921845188092928,0.15921845188094347,0.15921845188092928,0.15921845188092015,0.15921845188092928,0.15921845188094347,0.15776544665295503,0.15776544665291364,0.1577654466528861,0.15776544665291364,0.15776544665295503,0.15776544665291364,0.15776544665286374,0.15776544665282893,0.15776544665286374,0.15776544665291364,0.1577654466528861,0.15776544665282893,0.15776544665278838,0.15776544665282893,0.1577654466528861,0.15776544665291364,0.15776544665286374,0.15776544665282893,0.15776544665286374,0.15776544665291364,0.15776544665295503,0.15776544665291364,0.1577654466528861,0.15776544665291364,0.15776544665295503,0.15634146296266532,0.15634146296254803,0.15634146296246604,0.15634146296254803,0.15634146296266532,0.15634146296254803,0.1563414629623962,0.15634146296228266,0.1563414629623962,0.15634146296254803,0.15634146296246604,0.15634146296228266,0.15634146296213838,0.15634146296228266,0.15634146296246604,0.15634146296254803,0.1563414629623962,0.15634146296228266,0.1563414629623962,0.15634146296254803,0.15634146296266532,0.15634146296254803,0.15634146296246604,0.15634146296254803,0.15634146296266532,0.15494591501028385,0.1549459150099666,0.1549459150097291,0.1549459150099666,0.15494591501028385,0.1549459150099666,0.15494591500951516,0.15494591500913624,0.15494591500951516,0.1549459150099666,0.1549459150097291,0.15494591500913624,0.1549459150085813,0.15494591500913624,0.1549459150097291,0.1549459150099666,0.15494591500951516,0.15494591500913624,0.15494591500951516,0.1549459150099666,0.15494591501028385,0.1549459150099666,0.1549459150097291,0.1549459150099666,0.15494591501028385,0.15357822103695598,0.15357822103616303,0.15357822103550467,0.15357822103616303,0.15357822103695598,0.15357822103616303,0.15357822103487925,0.15357822103359303,0.15357822103487925,0.15357822103616303,0.15357822103550467,0.15357822103359303,0.15357822103122473,0.15357822103359303,0.15357822103550467,0.15357822103616303,0.15357822103487925,0.15357822103359303,0.15357822103487925,0.15357822103616303,0.15357822103695598,0.15357822103616303,0.15357822103550467,0.15357822103616303,0.15357822103695598,0.15223780418618452,0.15223780418445487,0.15223780418279512,0.15223780418445487,0.15223780418618452,0.15223780418445487,0.15223780418113972,0.15223780417685195,0.15223780418113972,0.15223780418445487,0.15223780418279512,0.15223780417685195,0.15223780416542976,0.15223780417685195,0.15223780418279512,0.15223780418445487,0.15223780418113972,0.15223780417685195,0.15223780418113972,0.15223780418445487,0.15223780418618452,0.15223780418445487,0.15223780418279512,0.15223780418445487,0.15223780418618452,0.15092409326552705,0.1509240932626238,0.15092409325930212,0.1509240932626238,0.15092409326552705,0.1509240932626238,0.1509240932558824,0.15092409324350967,0.1509240932558824,0.1509240932626238,0.15092409325930212,0.15092409324350967,0.15092409318115177,0.15092409324350967,0.15092409325930212,0.1509240932626238,0.1509240932558824,0.15092409324350967,0.1509240932558824,0.1509240932626238,0.15092409326552705,0.1509240932626238,0.15092409325930212,0.1509240932626238,0.15092409326552705,0.14963652341573616,0.14963652341304076,0.1496365234100899,0.14963652341304076,0.14963652341573616,0.14963652341304076,0.14963652340706535,0.14963652339704445,0.14963652340706535,0.14963652341304076,0.1496365234100899,0.14963652339704445,0.1496365233531602,0.14963652339704445,0.1496365234100899,0.14963652341304076,0.14963652340706535,0.14963652339704445,0.14963652340706535,0.14963652341304076,0.14963652341573616,0.14963652341304076,0.1496365234100899,0.14963652341304076,0.14963652341573616,0.14837453669284392,0.1483745366912273,0.1483745366895949,0.1483745366912273,0.14837453669284392,0.1483745366912273,0.14837453668794937,0.14837453668309816,0.14837453668794937,0.1483745366912273,0.1483745366895949,0.14837453668309816,0.1483745366646699,0.14837453668309816,0.1483745366895949,0.1483745366912273,0.14837453668794937,0.14837453668309816,0.14837453668794937,0.1483745366912273,0.14837453669284392,0.1483745366912273,0.1483745366895949,0.1483745366912273,0.14837453669284392,0.14713758257751533,0.1471375825770548,0.14713758257669404,0.1471375825770548,0.14713758257751533,0.1471375825770548,0.14713758257635726,0.1471375825757983,0.14713758257635726,0.1471375825770548,0.14713758257669404,0.1471375825757983,0.14713758257580192,0.1471375825757983,0.14713758257669404,0.1471375825770548,0.14713758257635726,0.1471375825757983,0.14713758257635726,0.1471375825770548,0.14713758257751533,0.1471375825770548,0.14713758257669404,0.1471375825770548,0.14713758257751533,0.1459251184144923,0.14592511841486994,0.14592511841535943,0.14592511841486994,0.1459251184144923,0.14592511841486994,0.14592511841588243,0.1459251184178561,0.14592511841588243,0.14592511841486994,0.14592511841535943,0.1459251184178561,0.14592511842741687,0.1459251184178561,0.14592511841535943,0.14592511841486994,0.14592511841588243,0.1459251184178561,0.14592511841588243,0.14592511841486994,0.1459251184144923,0.14592511841486994,0.14592511841535943,0.14592511841486994,0.1459251184144923,0.14473660978685865,0.144736609787704,0.14473660978864974,0.144736609787704,0.14473660978685865,0.144736609787704,0.1447366097896258,0.14473660979292463,0.1447366097896258,0.144736609787704,0.14473660978864974,0.14473660979292463,0.14473660980777567,0.14473660979292463,0.14473660978864974,0.144736609787704,0.1447366097896258,0.14473660979292463,0.1447366097896258,0.144736609787704,0.14473660978685865,0.144736609787704,0.14473660978864974,0.144736609787704,0.14473660978685865,0.14357153083092591,0.14357153083190313,0.1435715308329382,0.14357153083190313,0.14357153083092591,0.14357153083190313,0.14357153083399105,0.14357153083735974,0.14357153083399105,0.14357153083190313,0.1435715308329382,0.14357153083735974,0.14357153085178748,0.14357153083735974,0.1435715308329382,0.14357153083190313,0.14357153083399105,0.14357153083735974,0.14357153083399105,0.14357153083190313,0.14357153083092591,0.14357153083190313,0.1435715308329382,0.14357153083190313,0.14357153083092591,0.14242936449754742,0.14242936449846166,0.14242936449937474,0.14242936449846166,0.14242936449754742,0.14242936449846166,0.14242936450028898,0.142429364502996,0.14242936450028898,0.14242936449846166,0.14242936449937474,0.142429364502996,0.1424293645135117,0.142429364502996,0.14242936449937474,0.14242936449846166,0.14242936450028898,0.142429364502996,0.14242936450028898,0.14242936449846166,0.14242936449754742,0.14242936449846166,0.14242936449937474,0.14242936449846166,0.14242936449754742,0.1413096027647143,0.1413096027655682,0.1413096027663902,0.1413096027655682,0.1413096027647143,0.1413096027655682,0.1413096027672012,0.14130960276954252,0.1413096027672012,0.1413096027655682,0.1413096027663902,0.14130960276954252,0.14130960277856017,0.14130960276954252,0.1413096027663902,0.1413096027655682,0.1413096027672012,0.14130960276954252,0.1413096027672012,0.1413096027655682,0.1413096027647143,0.1413096027655682,0.1413096027663902,0.1413096027655682,0.1413096027647143,0.14021174680606244,0.1402117468069656,0.14021174680779236,0.1402117468069656,0.14021174680606244,0.1402117468069656,0.14021174680859377,0.14021174681079665,0.14021174680859377,0.1402117468069656,0.14021174680779236,0.14021174681079665,0.14021174681927903,0.14021174681079665,0.14021174680779236,0.1402117468069656,0.14021174680859377,0.14021174681079665,0.14021174680859377,0.1402117468069656,0.14021174680606244,0.1402117468069656,0.14021174680779236,0.1402117468069656,0.14021174680606244,0.13913530711977998,0.13913530712099634,0.1391353071220361,0.13913530712099634,0.13913530711977998,0.13913530712099634,0.1391353071230366,0.13913530712518773,0.1391353071230366,0.13913530712099634,0.1391353071220361,0.13913530712518773,0.13913530712955935,0.13913530712518773,0.1391353071220361,0.13913530712099634,0.1391353071230366,0.13913530712518773,0.1391353071230366,0.13913530712099634,0.13913530711977998,0.13913530712099634,0.1391353071220361,0.13913530712099634,0.13913530711977998,0.13807980362149314,0.13807980362361438,0.13807980362568775,0.13807980362361438,0.13807980362149314,0.13807980362361438,0.13807980362776873,0.1380798036332803,0.13807980362776873,0.13807980362361438,0.13807980362568775,0.1380798036332803,0.13807980364837202,0.1380798036332803,0.13807980362568775,0.13807980362361438,0.13807980362776873,0.1380798036332803,0.13807980362776873,0.13807980362361438,0.13807980362149314,0.13807980362361438,0.13807980362568775,0.13807980362361438,0.13807980362149314,0.13704476570442672,0.13704476570760574,0.13704476571140872,0.13704476570760574,0.13704476570442672,0.13704476570760574,0.13704476571533972,0.13704476573069424,0.13704476571533972,0.13704476570760574,0.13704476571140872,0.13704476573069424,0.13704476581530967,0.13704476573069424,0.13704476571140872,0.13704476570760574,0.13704476571533972,0.13704476573069424,0.13704476571533972,0.13704476570760574,0.13704476570442672,0.13704476570760574,0.13704476571140872,0.13704476570760574,0.13704476570442672,0.13602973227205126,0.13602973227423837,0.1360297322763673,0.13602973227423837,0.13602973227205126,0.13602973227423837,0.13602973227849788,0.1360297322841629,0.13602973227849788,0.13602973227423837,0.1360297322763673,0.1360297322841629,0.13602973229982307,0.1360297322841629,0.1360297322763673,0.13602973227423837,0.13602973227849788,0.1360297322841629,0.13602973227849788,0.13602973227423837,0.13602973227205126,0.13602973227423837,0.1360297322763673,0.13602973227423837,0.13602973227205126,0.1350342517482986,0.13503425174966155,0.13503425175078362,0.13503425174966155,0.1350342517482986,0.13503425174966155,0.13503425175184636,0.13503425175400546,0.13503425175184636,0.13503425174966155,0.13503425175078362,0.13503425175400546,0.13503425175792083,0.13503425175400546,0.13503425175078362,0.13503425174966155,0.13503425175184636,0.13503425175400546,0.13503425175184636,0.13503425174966155,0.1350342517482986,0.13503425174966155,0.13503425175078362,0.13503425174966155,0.1350342517482986
0.1653324879300689,0.1653324879300687,0.1653324879300687,0.1653324879300687,0.1653324879300689,0.1653324879300687,0.16533248793006844,0.16533248793006844,0.16533248793006844,0.1653324879300687,0.1653324879300687,0.16533248793006844,0.16533248793006822,0.16533248793006844,0.16533248793006844,0.1653324879300687,0.16533248793006844,0.16533248793006844,0.16533248793006844,0.1653324879300687,0.1653324879300689,0.1653324879300687,0.16533248793006844,0.1653324879300687,0.1653324879300689,0.16375749420839195,0.16375749420839147,0.16375749420839125,0.16375749420839147,0.16375749420839195,0.16375749420839147,0.16375749420839103,0.16375749420839056,0.16375749420839103,0.16375749420839147,0.16375749420839125,0.16375749420839056,0.1637574942083903,0.16375749420839056,0.16375749420839125,0.16375749420839147,0.16375749420839103,0.16375749420839056,0.16375749420839103,0.16375749420839147,0.16375749420839195,0.16375749420839147,0.16375749420839125,0.16375749420839147,0.16375749420839195,0.1622138844186653,0.1622138844186637,0.16221388441866277,0.1622138844186637,0.1622138844186653,0.1622138844186637,0.1622138844186621,0.162213884418661,0.1622138844186621,0.1622138844186637,0.16221388441866277,0.162213884418661,0.16221388441865986,0.162213884418661,0.16221388441866277,0.1622138844186637,0.1622138844186621,0.162213884418661,0.1622138844186621,0.1622138844186637,0.1622138844186653,0.1622138844186637,0.16221388441866277,0.1622138844186637,0.1622138844186653,0.16070106751793137,0.16070106751792668,0.16070106751792357,0.16070106751792668,0.16070106751793137,0.16070106751792668,0.16070106751792157,0.16070106751791802,0.16070106751792157,0.16070106751792668,0.16070106751792357,0.16070106751791802,0.16070106751791446,0.16070106751791802,0.16070106751792357,0.16070106751792668,0.16070106751792157,0.16070106751791802,0.16070106751792157,0.16070106751792668,0.16070106751793137,0.16070106751792668,0.16070106751792357,0.16070106751792668,0.16070106751793137,0.15921845188117467,0.15921845188116074,0.15921845188115138,0.15921845188116074,0.15921845188117467,0.15921845188116074,0.1592184518811444,0.1592184518811335,0.1592184518811444,0.15921845188116074,0.15921845188115138,0.1592184518811335,0.15921845188112152,0.1592184518811335,0.15921845188115138,0.15921845188116074,0.1592184518811444,0.1592184518811335,0.1592184518811444,0.15921845188116074,0.15921845188117467,0.15921845188116074,0.15921845188115138,0.15921845188116074,0.15921845188117467,0.15776544665318162,0.1577654466531402,0.15776544665311273,0.1577654466531402,0.15776544665318162,0.1577654466531402,0.15776544665309053,0.15776544665305575,0.15776544665309053,0.1577654466531402,0.15776544665311273,0.15776544665305575,0.1577654466530152,0.15776544665305575,0.15776544665311273,0.1577654466531402,0.15776544665309053,0.15776544665305575,0.15776544665309053,0.1577654466531402,0.15776544665318162,0.1577654466531402,0.15776544665311273,0.1577654466531402,0.15776544665318162,0.15634146296288698,0.1563414629627699,0.15634146296268814,0.1563414629627699,0.15634146296288698,0.1563414629627699,0.1563414629626185,0.15634146296250515,0.1563414629626185,0.1563414629627699,0.15634146296268814,0.15634146296250515,0.1563414629623613,0.15634146296250515,0.15634146296268814,0.1563414629627699,0.1563414629626185,0.15634146296250515,0.1563414629626185,0.1563414629627699,0.15634146296288698,0.1563414629627699,0.15634146296268814,0.1563414629627699,0.15634146296288698,0.15494591501050003,0.15494591501018343,0.15494591500994653,0.15494591501018343,0.15494591501050003,0.15494591501018343,0.15494591500973298,0.1549459150093549,0.15494591500973298,0.15494591501018343,0.15494591500994653,0.1549459150093549,0.15494591500880117,0.1549459150093549,0.15494591500994653,0.15494591501018343,0.15494591500973298,0.1549459150093549,0.15494591500973298,0.15494591501018343,0.15494591501050003,0.15494591501018343,0.15494591500994653,0.15494591501018343,0.15494591501050003,0.15357822103716542,0.1535782210363741,0.1535782210357174,0.1535782210363741,0.15357822103716542,0.1535782210363741,0.15357822103509336,0.15357822103380978,0.15357822103509336,0.1535782210363741,0.1535782210357174,0.15357822103380978,0.15357822103144664,0.15357822103380978,0.1535782210357174,0.1535782210363741,0.15357822103509336,0.15357822103380978,0.15357822103509336,0.1535782210363741,0.15357822103716542,0.1535782210363741,0.1535782210357174,0.1535782210363741,0.15357822103716542,0.15223780418638352,0.15223780418465782,0.15223780418300162,0.15223780418465782,0.15223780418638352,0.15223780418465782,0.15223780418134994,0.15223780417707142,0.15223780418134994,0.15223780418465782,0.15223780418300162,0.15223780417707142,0.15223780416567304,0.15223780417707142,0.15223780418300162,0.15223780418465782,0.15223780418134994,0.15223780417707142,0.15223780418134994,0.15223780418465782,0.15223780418638352,0.15223780418465782,0.15223780418300162,0.15223780418465782,0.15223780418638352,0.15092409326570763,0.1509240932628113,0.15092409325949716,0.1509240932628113,0.15092409326570763,0.1509240932628113,0.15092409325608516,0.15092409324373926,0.15092409325608516,0.1509240932628113,0.15092409325949716,0.15092409324373926,0.1509240931815218,0.15092409324373926,0.15092409325949716,0.1509240932628113,0.15092409325608516,0.15092409324373926,0.15092409325608516,0.1509240932628113,0.15092409326570763,0.1509240932628113,0.15092409325949716,0.1509240932628113,0.15092409326570763,0.14963652341588363,0.1496365234131958,0.14963652341025308,0.1496365234131958,0.14963652341588363,0.1496365234131958,0.14963652340723682,0.14963652339724318,0.14963652340723682,0.1496365234131958,0.14963652341025308,0.14963652339724318,0.1496365233534648,0.14963652339724318,0.14963652341025308,0.1496365234131958,0.14963652340723682,0.14963652339724318,0.14963652340723682,0.1496365234131958,0.14963652341588363,0.1496365234131958,0.14963652341025308,0.1496365234131958,0.14963652341588363,0.1483745366929425,0.148374536691332,0.1483745366897063,0.148374536691332,0.14837453669294234,0.148374536691332,0.1483745366880674,0.14837453668323827,0.1483745366880674,0.148374536691332,0.1483745366897063,0.14837453668323827,0.1483745366649073,0.14837453668323827,0.1483745366897063,0.148374536691332,0.1483745366880674,0.14837453668323827,0.1483745366880674,0.148374536691332,0.14837453669294234,0.148374536691332,0.1483745366897063,0.148374536691332,0.1483745366929425,0.14713758257755147,0.14713758257709422,0.1471375825767369,0.14713758257709422,0.14713758257755147,0.14713758257709422,0.14713758257640358,0.14713758257585569,0.14713758257640358,0.14713758257709422,0.1471375825767369,0.14713758257585569,0.1471375825759182,0.14713758257585569,0.1471375825767369,0.14713758257709422,0.14713758257640358,0.14713758257585569,0.14713758257640358,0.14713758257709422,0.14713758257755147,0.14713758257709422,0.1471375825767369,0.14713758257709422,0.14713758257755147,0.14592511841445827,0.14592511841483558,0.1459251184153247,0.14592511841483558,0.14592511841445827,0.14592511841483558,0.14592511841584715,0.14592511841781924,0.14592511841584715,0.14592511841483558,0.1459251184153247,0.14592511841781924,0.14592511842736988,0.14592511841781924,0.1459251184153247,0.14592511841483558,0.14592511841584715,0.14592511841781924,0.14592511841584715,0.14592511841483558,0.14592511841445827,0.14592511841483558,0.1459251184153247,0.14592511841483558,0.14592511841445827,0.1447366097867541,0.14473660978759578,0.14473660978853767,0.14473660978759578,0.1447366097867541,0.14473660978759578,0.14473660978950972,0.14473660979279668,0.14473660978950972,0.14473660978759578,0.14473660978853767,0.14473660979279668,0.1447366098075903,0.14473660979279668,0.14473660978853767,0.14473660978759578,0.14473660978950972,0.14473660979279668,0.14473660978950972,0.14473660978759578,0.1447366097867541,0.14473660978759578,0.14473660978853767,0.14473660978759578,0.1447366097867541,0.14357153083075752,0.14357153083172822,0.14357153083275614,0.14357153083172822,0.14357153083075752,0.14357153083172822,0.14357153083380164,0.14357153083714533,0.14357153083380164,0.14357153083172822,0.14357153083275614,0.14357153083714533,0.14357153085148547,0.14357153083714533,0.14357153083275614,0.14357153083172822,0.14357153083380164,0.14357153083714533,0.14357153083380164,0.14357153083172822,0.14357153083075752,0.14357153083172822,0.14357153083275614,0.14357153083172822,0.14357153083075752,0.14242936449732752,0.14242936449823504,0.14242936449914056,0.14242936449823504,0.14242936449732752,0.14242936449823504,0.14242936450004726,0.14242936450272858,0.14242936450004726,0.14242936449823504,0.14242936449914056,0.14242936450272858,0.14242936451311566,0.14242936450272858,0.14242936449914056,0.14242936449823504,0.14242936450004726,0.14242936450272858,0.14242936450004726,0.14242936449823504,0.14242936449732752,0.14242936449823504,0.14242936449914056,0.14242936449823504,0.14242936449732752,0.1413096027644561,0.14130960276530488,0.14130960276612214,0.14130960276530488,0.1413096027644561,0.14130960276530488,0.141309602766928,0.14130960276925553,0.141309602766928,0.14130960276530488,0.14130960276612214,0.14130960276925553,0.14130960277823174,0.14130960276925553,0.14130960276612214,0.14130960276530488,0.141309602766928,0.14130960276925553,0.141309602766928,0.14130960276530488,0.1413096027644561,0.14130960276530488,0.14130960276612214,0.14130960276530488,0.1413096027644561,0.14021174680577572,0.1402117468066755,0.14021174680749884,0.1402117468066755,0.14021174680577572,0.1402117468066755,0.14021174680829723,0.14021174681049123,0.14021174680829723,0.1402117468066755,0.14021174680749884,0.14021174681049123,0.1402117468189341,0.14021174681049123,0.14021174680749884,0.1402117468066755,0.14021174680829723,0.14021174681049123,0.14021174680829723,0.1402117468066755,0.14021174680577572,0.1402117468066755,0.14021174680749884,0.1402117468066755,0.14021174680577572,0.13913530711947147,0.13913530712068517,0.1391353071217227,0.13913530712068517,0.13913530711947147,0.13913530712068517,0.139135307122721,0.13913530712486755,0.139135307122721,0.13913530712068517,0.1391353071217227,0.13913530712486755,0.1391353071292292,0.13913530712486755,0.1391353071217227,0.13913530712068517,0.139135307122721,0.13913530712486755,0.139135307122721,0.13913530712068517,0.13913530711947147,0.13913530712068517,0.1391353071217227,0.13913530712068517,0.13913530711947147,0.13807980362116784,0.13807980362328587,0.1380798036253563,0.13807980362328587,0.13807980362116784,0.13807980362328587,0.13807980362743447,0.13807980363293842,0.13807980362743447,0.13807980362328587,0.1380798036253563,0.13807980363293842,0.1380798036480103,0.13807980363293842,0.1380798036253563,0.13807980362328587,0.13807980362743447,0.13807980363293842,0.13807980362743447,0.13807980362328587,0.13807980362116784,0.13807980362328587,0.1380798036253563,0.13807980362328587,0.13807980362116784,0.13704476570409058,0.13704476570726534,0.1370447657110636,0.13704476570726534,0.13704476570409058,0.13704476570726534,0.1370447657149894,0.13704476573032465,0.1370447657149894,0.13704476570726534,0.1370447657110636,0.13704476573032465,0.13704476581484443,0.13704476573032465,0.1370447657110636,0.13704476570726534,0.1370447657149894,0.13704476573032465,0.1370447657149894,0.13704476570726534,0.13704476570409058,0.13704476570726534,0.1370447657110636,0.13704476570726534,0.13704476570409058,0.13602973227171247,0.13602973227389675,0.136029732276023,0.13602973227389675,0.13602973227171247,0.13602973227389675,0.1360297322781509,0.13602973228380874,0.1360297322781509,0.13602973227389675,0.136029732276023,0.13602973228380874,0.13602973229944926,0.13602973228380874,0.136029732276023,0.13602973227389675,0.1360297322781509,0.13602973228380874,0.1360297322781509,0.13602973227389675,0.13602973227171247,0.13602973227389675,0.136029732276023,0.13602973227389675,0.13602973227171247,0.13503425174796285,0.13503425174932407,0.13503425175044467,0.13503425174932407,0.13503425174796285,0.13503425174932407,0.13503425175150607,0.13503425175366238,0.13503425175150607,0.13503425174932407,0.13503425175044467,0.13503425175366238,0.1350342517575728,0.13503425175366238,0.13503425175044467,0.13503425174932407,0.13503425175150607,0.13503425175366238,0.13503425175150607,0.13503425174932407,0.13503425174796285,0.13503425174932407,0.13503425175044467,0.13503425174932407,0.13503425174796285
0.16533248793031738,0.16533248793031716,0.16533248793031693,0.16533248793031716,0.16533248793031738,0.16533248793031716,0.16533248793031693,0.16533248793031693,0.16533248793031693,0.16533248793031716,0.16533248793031693,0.16533248793031693,0.1653324879303167,0.16533248793031693,0.16533248793031693,0.16533248793031716,0.16533248793031693,0.16533248793031693,0.16533248793031693,0.16533248793031716,0.16533248793031738,0.16533248793031716,0.16533248793031693,0.16533248793031716,0.16533248793031738,0.1637574942086355,0.163757494208635,0.16375749420863456,0.163757494208635,0.1637574942086355,0.163757494208635,0.16375749420863434,0.1637574942086341,0.16375749420863434,0.163757494208635,0.16375749420863456,0.1637574942086341,0.16375749420863364,0.1637574942086341,0.16375749420863456,0.163757494208635,0.16375749420863434,0.1637574942086341,0.16375749420863456,0.163757494208635,0.1637574942086355,0.163757494208635,0.16375749420863456,0.163757494208635,0.1637574942086355,0.16221388441890397,0.1622138844189024,0.16221388441890147,0.1622138844189024,0.16221388441890397,0.1622138844189024,0.1622138844189008,0.16221388441889967,0.1622138844189008,0.1622138844189024,0.16221388441890147,0.16221388441889967,0.16221388441889853,0.16221388441889967,0.16221388441890147,0.1622138844189024,0.1622138844189008,0.16221388441889967,0.1622138844189008,0.1622138844189024,0.16221388441890397,0.1622138844189024,0.16221388441890147,0.1622138844189024,0.16221388441890397,0.1607010675181653,0.16070106751816038,0.1607010675181575,0.16070106751816038,0.1607010675181653,0.16070106751816038,0.16070106751815527,0.16070106751815194,0.16070106751815527,0.16070106751816038,0.1607010675181575,0.16070106751815194,0.16070106751814817,0.16070106751815194,0.1607010675181575,0.16070106751816038,0.16070106751815527,0.16070106751815194,0.16070106751815527,0.16070106751816038,0.1607010675181653,0.16070106751816038,0.1607010675181575,0.16070106751816038,0.1607010675181653,0.1592184518814037,0.15921845188138978,0.15921845188138062,0.15921845188138978,0.1592184518814037,0.15921845188138978,0.15921845188137346,0.15921845188136277,0.15921845188137346,0.15921845188138978,0.15921845188138062,0.15921845188136277,0.1592184518813508,0.15921845188136277,0.15921845188138062,0.15921845188138978,0.15921845188137346,0.15921845188136277,0.15921845188137346,0.15921845188138978,0.1592184518814037,0.15921845188138978,0.15921845188138062,0.15921845188138978,0.1592184518814037,0.15776544665340586,0.1577654466533647,0.15776544665333717,0.1577654466533647,0.15776544665340586,0.1577654466533647,0.15776544665331477,0.1577654466532802,0.15776544665331477,0.1577654466533647,0.15776544665333717,0.1577654466532802,0.15776544665323988,0.1577654466532802,0.15776544665333717,0.1577654466533647,0.15776544665331477,0.1577654466532802,0.15776544665331477,0.1577654466533647,0.15776544665340586,0.1577654466533647,0.15776544665333717,0.1577654466533647,0.15776544665340586,0.15634146296310636,0.15634146296298945,0.15634146296290788,0.15634146296298945,0.15634146296310636,0.15634146296298945,0.15634146296283827,0.15634146296272533,0.15634146296283827,0.15634146296298945,0.15634146296290788,0.15634146296272533,0.1563414629625817,0.15634146296272533,0.15634146296290788,0.15634146296298945,0.15634146296283827,0.15634146296272533,0.15634146296283827,0.15634146296298945,0.15634146296310636,0.15634146296298945,0.15634146296290788,0.15634146296298945,0.15634146296310636,0.154945915010714,0.1549459150103982,0.1549459150101617,0.1549459150103982,0.154945915010714,0.1549459150103982,0.1549459150099486,0.1549459150095715,0.1549459150099486,0.1549459150103982,0.1549459150101617,0.1549459150095715,0.15494591500901878,0.1549459150095715,0.1549459150101617,0.1549459150103982,0.1549459150099486,0.1549459150095715,0.1549459150099486,0.1549459150103982,0.154945915010714,0.1549459150103982,0.1549459150101617,0.1549459150103982,0.154945915010714,0.1535782210373727,0.1535782210365832,0.15357822103592786,0.1535782210365832,0.1535782210373727,0.1535782210365832,0.15357822103530525,0.15357822103402446,0.15357822103530525,0.1535782210365832,0.15357822103592786,0.15357822103402446,0.15357822103166616,0.15357822103402446,0.15357822103592786,0.1535782210365832,0.15357822103530525,0.15357822103402446,0.15357822103530525,0.1535782210365832,0.1535782210373727,0.1535782210365832,0.15357822103592786,0.1535782210365832,0.1535782210373727,0.15223780418658056,0.1522378041848588,0.15223780418320632,0.1522378041848588,0.15223780418658056,0.1522378041848588,0.1522378041815582,0.15223780417728874,0.1522378041815582,0.1522378041848588,0.15223780418320632,0.15223780417728874,0.15223780416591398,0.15223780417728874,0.15223780418320632,0.1522378041848588,0.1522378041815582,0.15223780417728874,0.1522378041815582,0.1522378041848588,0.15223780418658056,0.1522378041848588,0.15223780418320632,0.1522378041848588,0.15223780418658056,0.15092409326588627,0.15092409326299672,0.15092409325969025,0.15092409326299672,0.15092409326588627,0.15092409326299672,0.150924093256286,0.15092409324396672,0.150924093256286,0.15092409326299672,0.15092409325969025,0.15092409324396672,0.15092409318184707,0.15092409324396672,0.15092409325969025,0.15092409326299672,0.150924093256286,0.15092409324396672,0.150924093256286,0.15092409326299672,0.15092409326588627,0.15092409326299672,0.15092409325969025,0.15092409326299672,0.15092409326588627,0.1496365234160298,0.14963652341334935,0.14963652341041478,0.14963652341334935,0.1496365234160298,0.14963652341334935,0.14963652340740663,0.14963652339743982,0.14963652340740663,0.14963652341334935,0.14963652341041478,0.14963652339743982,0.14963652335377903,0.14963652339743982,0.14963652341041478,0.14963652341334935,0.14963652340740663,0.14963652339743982,0.14963652340740663,0.14963652341334935,0.1496365234160298,0.14963652341334935,0.14963652341041478,0.14963652341334935,0.1496365234160298,0.14837453669304,0.14837453669143577,0.14837453668981637,0.14837453669143577,0.14837453669304,0.14837453669143577,0.14837453668818437,0.14837453668337688,0.14837453668818437,0.14837453669143577,0.14837453668981637,0.14837453668337688,0.14837453666515343,0.14837453668337688,0.14837453668981637,0.14837453669143577,0.14837453668818437,0.14837453668337688,0.14837453668818437,0.14837453669143577,0.14837453669304,0.14837453669143577,0.14837453668981637,0.14837453669143577,0.14837453669304,0.14713758257758705,0.14713758257713308,0.14713758257677922,0.14713758257713308,0.14713758257758705,0.14713758257713308,0.14713758257644935,0.14713758257591272,0.14713758257644935,0.14713758257713308,0.14713758257677922,0.14713758257591272,0.14713758257601192,0.14713758257591272,0.14713758257677922,0.14713758257713308,0.14713758257644935,0.14713758257591272,0.14713758257644935,0.14713758257713308,0.14713758257758705,0.14713758257713308,0.14713758257677922,0.14713758257713308,0.14713758257758705,0.14592511841442463,0.14592511841480157,0.14592511841529038,0.14592511841480157,0.14592511841442463,0.14592511841480157,0.14592511841581246,0.14592511841778288,0.14592511841581246,0.14592511841480157,0.14592511841529038,0.14592511841778288,0.14592511842731326,0.14592511841778288,0.14592511841529038,0.14592511841480157,0.14592511841581246,0.14592511841778288,0.14592511841581246,0.14592511841480157,0.14592511841442463,0.14592511841480157,0.14592511841529038,0.14592511841480157,0.14592511841442463,0.1447366097866508,0.14473660978748878,0.1447366097884268,0.14473660978748878,0.1447366097866508,0.14473660978748878,0.14473660978939504,0.14473660979266995,0.14473660978939504,0.14473660978748878,0.1447366097884268,0.14473660979266995,0.14473660980745098,0.14473660979266995,0.1447366097884268,0.14473660978748878,0.14473660978939504,0.14473660979266995,0.14473660978939504,0.14473660978748878,0.1447366097866508,0.14473660978748878,0.1447366097884268,0.14473660978748878,0.1447366097866508,0.14357153083059088,0.14357153083155524,0.14357153083257612,0.14357153083155524,0.14357153083059088,0.14357153083155524,0.14357153083361426,0.14357153083693316,0.14357153083361426,0.14357153083155524,0.14357153083257612,0.14357153083693316,0.1435715308511316,0.14357153083693316,0.14357153083257612,0.14357153083155524,0.14357153083361426,0.14357153083693316,0.14357153083361426,0.14357153083155524,0.14357153083059088,0.14357153083155524,0.14357153083257612,0.14357153083155524,0.14357153083059088,0.14242936449710994,0.14242936449801075,0.1424293644989089,0.14242936449801075,0.14242936449710994,0.14242936449801075,0.1424293644998079,0.1424293645024639,0.1424293644998079,0.14242936449801075,0.1424293644989089,0.1424293645024639,0.14242936451274862,0.1424293645024639,0.1424293644989089,0.14242936449801075,0.1424293644998079,0.1424293645024639,0.1424293644998079,0.14242936449801075,0.14242936449710994,0.14242936449801075,0.1424293644989089,0.14242936449801075,0.14242936449710994,0.14130960276420068,0.14130960276504453,0.14130960276585683,0.14130960276504453,0.14130960276420068,0.14130960276504453,0.1413096027666578,0.14130960276897134,0.1413096027666578,0.14130960276504453,0.14130960276585683,0.14130960276897134,0.14130960277790214,0.14130960276897134,0.14130960276585683,0.14130960276504453,0.1413096027666578,0.14130960276897134,0.1413096027666578,0.14130960276504453,0.14130960276420068,0.14130960276504453,0.14130960276585683,0.14130960276504453,0.14130960276420068,0.14021174680549223,0.14021174680638832,0.1402117468072086,0.14021174680638832,0.14021174680549223,0.14021174680638832,0.14021174680800377,0.1402117468101889,0.14021174680800377,0.14021174680638832,0.1402117468072086,0.1402117468101889,0.14021174681860032,0.1402117468101889,0.1402117468072086,0.14021174680638832,0.14021174680800377,0.1402117468101889,0.14021174680800377,0.14021174680638832,0.14021174680549223,0.14021174680638832,0.1402117468072086,0.14021174680638832,0.14021174680549223,0.1391353071191662,0.13913530712037717,0.1391353071214125,0.13913530712037717,0.1391353071191662,0.13913530712037717,0.1391353071224089,0.13913530712455066,0.1391353071224089,0.13913530712037717,0.1391353071214125,0.13913530712455066,0.1391353071289027,0.13913530712455066,0.1391353071214125,0.13913530712037717,0.1391353071224089,0.13913530712455066,0.1391353071224089,0.13913530712037717,0.1391353071191662,0.13913530712037717,0.1391353071214125,0.13913530712037717,0.1391353071191662,0.13807980362084582,0.1380798036229609,0.13807980362502836,0.1380798036229609,0.13807980362084582,0.1380798036229609,0.1380798036271036,0.13807980363260014,0.1380798036271036,0.1380798036229609,0.13807980362502836,0.13807980363260014,0.1380798036476525,0.13807980363260014,0.13807980362502836,0.1380798036229609,0.1380798036271036,0.13807980363260014,0.1380798036271036,0.1380798036229609,0.13807980362084582,0.1380798036229609,0.13807980362502836,0.1380798036229609,0.13807980362084582,0.13704476570375793,0.13704476570692856,0.13704476571072197,0.13704476570692856,0.13704476570375793,0.13704476570692856,0.1370447657146429,0.13704476572995883,0.1370447657146429,0.13704476570692856,0.13704476571072197,0.13704476572995883,0.13704476581436778,0.13704476572995883,0.13704476571072197,0.13704476570692856,0.1370447657146429,0.13704476572995883,0.1370447657146429,0.13704476570692856,0.13704476570375793,0.13704476570692856,0.13704476571072197,0.13704476570692856,0.13704476570375793,0.1360297322713773,0.13602973227355875,0.13602973227568244,0.13602973227355875,0.1360297322713773,0.13602973227355875,0.13602973227780765,0.13602973228345833,0.13602973227780765,0.13602973227355875,0.13602973227568244,0.13602973228345833,0.13602973229907933,0.13602973228345833,0.13602973227568244,0.13602973227355875,0.13602973227780765,0.13602973228345833,0.13602973227780765,0.13602973227355875,0.1360297322713773,0.13602973227355875,0.13602973227568244,0.13602973227355875,0.1360297322713773,0.1350342517476306,0.13503425174899017,0.13503425175010933,0.13503425174899017,0.1350342517476306,0.13503425174899017,0.13503425175116943,0.13503425175332306,0.13503425175116943,0.13503425174899017,0.13503425175010933,0.13503425175332306,0.13503425175722852,0.13503425175332306,0.13503425175010933,0.13503425174899017,0.13503425175116943,0.13503425175332306,0.13503425175116943,0.13503425174899017,0.1350342517476306,0.13503425174899017,0.13503425175010933,0.13503425174899017,0.1350342517476306
0.16533248793056332,0.16533248793056307,0.16533248793056307,0.16533248793056307,0.16533248793056332,0.16533248793056307,0.16533248793056282,0.16533248793056282,0.16533248793056282,0.16533248793056307,0.16533248793056307,0.16533248793056282,0.1653324879305626,0.16533248793056282,0.16533248793056307,0.16533248793056307,0.16533248793056282,0.16533248793056282,0.16533248793056282,0.16533248793056307,0.16533248793056332,0.16533248793056307,0.16533248793056307,0.16533248793056307,0.16533248793056332,0.1637574942088765,0.16375749420887603,0.16375749420887556,0.16375749420887603,0.1637574942088765,0.16375749420887603,0.16375749420887534,0.16375749420887512,0.16375749420887534,0.16375749420887603,0.16375749420887556,0.16375749420887512,0.16375749420887462,0.16375749420887512,0.16375749420887556,0.16375749420887603,0.16375749420887534,0.16375749420887512,0.16375749420887534,0.16375749420887603,0.1637574942088765,0.16375749420887603,0.16375749420887556,0.16375749420887603,0.1637574942088765,0.16221388441913995,0.16221388441913862,0.16221388441913748,0.16221388441913862,0.1622138844191402,0.16221388441913862,0.16221388441913678,0.16221388441913587,0.16221388441913678,0.16221388441913862,0.16221388441913748,0.16221388441913587,0.16221388441913473,0.16221388441913587,0.16221388441913748,0.16221388441913862,0.16221388441913678,0.16221388441913587,0.16221388441913678,0.16221388441913862,0.1622138844191402,0.16221388441913862,0.16221388441913748,0.16221388441913862,0.1622138844191402,0.16070106751839655,0.16070106751839186,0.16070106751838875,0.16070106751839186,0.16070106751839655,0.16070106751839186,0.16070106751838653,0.1607010675183832,0.16070106751838653,0.16070106751839186,0.16070106751838875,0.1607010675183832,0.16070106751837968,0.1607010675183832,0.16070106751838875,0.16070106751839186,0.16070106751838653,0.1607010675183832,0.16070106751838653,0.16070106751839186,0.16070106751839655,0.16070106751839186,0.16070106751838875,0.16070106751839186,0.16070106751839655,0.15921845188163036,0.1592184518816164,0.15921845188160727,0.1592184518816164,0.15921845188163036,0.1592184518816164,0.15921845188160005,0.15921845188158942,0.15921845188160005,0.1592184518816164,0.15921845188160727,0.15921845188158942,0.15921845188157746,0.15921845188158942,0.15921845188160727,0.1592184518816164,0.15921845188160005,0.15921845188158942,0.15921845188160005,0.1592184518816164,0.15921845188163036,0.1592184518816164,0.15921845188160727,0.1592184518816164,0.15921845188163036,0.15776544665362777,0.1577654466535866,0.1577654466535593,0.1577654466535866,0.15776544665362777,0.1577654466535866,0.1577654466535369,0.15776544665350253,0.1577654466535369,0.1577654466535866,0.1577654466535593,0.15776544665350253,0.1577654466534622,0.15776544665350253,0.1577654466535593,0.1577654466535866,0.1577654466535369,0.15776544665350253,0.1577654466535369,0.1577654466535866,0.15776544665362777,0.1577654466535866,0.1577654466535593,0.1577654466535866,0.15776544665362777,0.15634146296332338,0.15634146296320692,0.15634146296312557,0.15634146296320692,0.15634146296332338,0.15634146296320692,0.15634146296305595,0.15634146296294324,0.15634146296305595,0.15634146296320692,0.15634146296312557,0.15634146296294324,0.15634146296280002,0.15634146296294324,0.15634146296312557,0.15634146296320692,0.15634146296305595,0.15634146296294324,0.15634146296305595,0.15634146296320692,0.15634146296332338,0.15634146296320692,0.15634146296312557,0.15634146296320692,0.15634146296332338,0.1549459150109259,0.15494591501061072,0.15494591501037486,0.15494591501061072,0.1549459150109259,0.15494591501061072,0.1549459150101621,0.15494591500978566,0.1549459150101621,0.15494591501061072,0.15494591501037486,0.15494591500978566,0.15494591500923438,0.15494591500978566,0.15494591501037486,0.15494591501061072,0.1549459150101621,0.15494591500978566,0.1549459150101621,0.15494591501061072,0.1549459150109259,0.15494591501061072,0.15494591501037486,0.15494591501061072,0.1549459150109259,0.15357822103757798,0.15357822103679006,0.15357822103613614,0.15357822103679006,0.15357822103757798,0.15357822103679006,0.15357822103551472,0.15357822103423677,0.15357822103551472,0.15357822103679006,0.15357822103613614,0.15357822103423677,0.1535782210318833,0.15357822103423677,0.15357822103613614,0.15357822103679006,0.15357822103551472,0.15357822103423677,0.15357822103551472,0.15357822103679006,0.15357822103757798,0.15357822103679006,0.15357822103613614,0.15357822103679006,0.15357822103757798,0.15223780418677563,0.15223780418505758,0.15223780418340865,0.15223780418505758,0.15223780418677563,0.15223780418505758,0.15223780418176427,0.15223780417750388,0.15223780418176427,0.15223780418505758,0.15223780418340865,0.15223780417750388,0.15223780416615254,0.15223780417750388,0.15223780418340865,0.15223780418505758,0.15223780418176427,0.15223780417750388,0.15223780418176427,0.15223780418505758,0.15223780418677563,0.15223780418505758,0.15223780418340865,0.15223780418505758,0.15223780418677563,0.15092409326606318,0.15092409326318038,0.15092409325988124,0.15092409326318038,0.15092409326606318,0.15092409326318038,0.1509240932564847,0.15092409324419184,0.1509240932564847,0.15092409326318038,0.15092409325988124,0.15092409324419184,0.15092409318221842,0.15092409324419184,0.15092409325988124,0.15092409326318038,0.1509240932564847,0.15092409324419184,0.1509240932564847,0.15092409326318038,0.15092409326606318,0.15092409326318038,0.15092409325988124,0.15092409326318038,0.15092409326606318,0.14963652341617426,0.14963652341350137,0.14963652341057454,0.14963652341350137,0.14963652341617426,0.14963652341350137,0.14963652340757472,0.1496365233976344,0.14963652340757472,0.14963652341350137,0.14963652341057454,0.1496365233976344,0.1496365233540907,0.1496365233976344,0.14963652341057454,0.14963652341350137,0.14963652340757472,0.1496365233976344,0.14963652340757472,0.14963652341350137,0.14963652341617426,0.14963652341350137,0.14963652341057454,0.14963652341350137,0.14963652341617426,0.14837453669313638,0.1483745366915383,0.14837453668992534,0.1483745366915383,0.14837453669313638,0.1483745366915383,0.1483745366883,0.14837453668351386,0.1483745366883,0.1483745366915383,0.14837453668992534,0.14837453668351386,0.14837453666536765,0.14837453668351386,0.14837453668992534,0.1483745366915383,0.1483745366883,0.14837453668351386,0.1483745366883,0.1483745366915383,0.14837453669313638,0.1483745366915383,0.14837453668992534,0.1483745366915383,0.14837453669313638,0.1471375825776223,0.1471375825771716,0.14713758257682102,0.1471375825771716,0.1471375825776223,0.1471375825771716,0.14713758257649476,0.14713758257596904,0.14713758257649476,0.1471375825771716,0.14713758257682102,0.14713758257596904,0.14713758257612036,0.14713758257596904,0.14713758257682102,0.1471375825771716,0.14713758257649476,0.14713758257596904,0.14713758257649476,0.1471375825771716,0.1471375825776223,0.1471375825771716,0.14713758257682102,0.1471375825771716,0.1471375825776223,0.14592511841439132,0.1459251184147679,0.14592511841525635,0.1459251184147679,0.14592511841439132,0.1459251184147679,0.14592511841577807,0.14592511841774713,0.14592511841577807,0.1459251184147679,0.14592511841525635,0.14592511841774713,0.14592511842729275,0.14592511841774713,0.14592511841525635,0.1459251184147679,0.14592511841577807,0.14592511841774713,0.14592511841577807,0.1459251184147679,0.14592511841439132,0.1459251184147679,0.14592511841525635,0.1459251184147679,0.14592511841439132,0.14473660978654831,0.14473660978738284,0.144736609788317,0.14473660978738284,0.14473660978654831,0.14473660978738284,0.14473660978928143,0.1447366097925448,0.14473660978928143,0.14473660978738284,0.144736609788317,0.1447366097925448,0.14473660980727593,0.1447366097925448,0.144736609788317,0.14473660978738284,0.14473660978928143,0.1447366097925448,0.14473660978928143,0.14473660978738284,0.14473660978654831,0.14473660978738284,0.144736609788317,0.14473660978738284,0.14473660978654831,0.14357153083042593,0.14357153083138413,0.14357153083239782,0.14357153083138413,0.14357153083042593,0.14357153083138413,0.1435715308334289,0.14357153083672305,0.1435715308334289,0.14357153083138413,0.14357153083239782,0.14357153083672305,0.1435715308507998,0.14357153083672305,0.14357153083239782,0.14357153083138413,0.1435715308334289,0.14357153083672305,0.1435715308334289,0.14357153083138413,0.14357153083042593,0.14357153083138413,0.14357153083239782,0.14357153083138413,0.14357153083042593,0.14242936449689453,0.14242936449778865,0.14242936449867957,0.14242936449778865,0.14242936449689453,0.14242936449778865,0.14242936449957103,0.1424293645022017,0.14242936449957103,0.14242936449778865,0.14242936449867957,0.1424293645022017,0.14242936451233945,0.1424293645022017,0.14242936449867957,0.14242936449778865,0.14242936449957103,0.1424293645022017,0.14242936449957103,0.14242936449778865,0.14242936449689453,0.14242936449778865,0.14242936449867957,0.14242936449778865,0.14242936449689453,0.14130960276394788,0.14130960276478666,0.14130960276559418,0.14130960276478666,0.14130960276394788,0.14130960276478666,0.14130960276639035,0.14130960276869026,0.14130960276639035,0.14130960276478666,0.14130960276559418,0.14130960276869026,0.1413096027775821,0.14130960276869026,0.14130960276559418,0.14130960276478666,0.14130960276639035,0.14130960276869026,0.14130960276639035,0.14130960276478666,0.14130960276394788,0.14130960276478666,0.14130960276559418,0.14130960276478666,0.14130960276394788,0.14021174680521134,0.1402117468061042,0.14021174680692128,0.1402117468061042,0.14021174680521134,0.1402117468061042,0.14021174680771334,0.14021174680988976,0.14021174680771334,0.1402117468061042,0.14021174680692128,0.14021174680988976,0.14021174681827633,0.14021174680988976,0.14021174680692128,0.1402117468061042,0.14021174680771334,0.14021174680988976,0.14021174680771334,0.1402117468061042,0.14021174680521134,0.1402117468061042,0.14021174680692128,0.1402117468061042,0.14021174680521134,0.13913530711886402,0.13913530712007247,0.1391353071211056,0.13913530712007247,0.13913530711886402,0.13913530712007247,0.1391353071220998,0.13913530712423713,0.1391353071220998,0.13913530712007247,0.1391353071211056,0.13913530712423713,0.13913530712857952,0.13913530712423713,0.1391353071211056,0.13913530712007247,0.1391353071220998,0.13913530712423713,0.1391353071220998,0.13913530712007247,0.13913530711886402,0.13913530712007247,0.1391353071211056,0.13913530712007247,0.13913530711886402,0.13807980362052721,0.1380798036226392,0.13807980362470387,0.1380798036226392,0.13807980362052721,0.1380798036226392,0.13807980362677616,0.1380798036322654,0.13807980362677616,0.1380798036226392,0.13807980362470387,0.1380798036322654,0.13807980364729835,0.1380798036322654,0.13807980362470387,0.1380798036226392,0.13807980362677616,0.1380798036322654,0.13807980362677616,0.1380798036226392,0.13807980362052721,0.1380798036226392,0.13807980362470387,0.1380798036226392,0.13807980362052721,0.13704476570342874,0.1370447657065953,0.13704476571038396,0.1370447657065953,0.13704476570342874,0.1370447657065953,0.1370447657142999,0.1370447657295968,0.1370447657142999,0.1370447657065953,0.13704476571038396,0.1370447657295968,0.1370447658139088,0.1370447657295968,0.13704476571038382,0.1370447657065953,0.1370447657142999,0.1370447657295968,0.1370447657142999,0.1370447657065953,0.13704476570342874,0.1370447657065953,0.13704476571038382,0.1370447657065953,0.13704476570342874,0.1360297322710457,0.13602973227322426,0.13602973227534532,0.13602973227322426,0.1360297322710457,0.13602973227322426,0.13602973227746787,0.13602973228311155,0.13602973227746787,0.13602973227322426,0.13602973227534532,0.13602973228311155,0.1360297322987134,0.13602973228311155,0.13602973227534532,0.13602973227322426,0.13602973227746787,0.13602973228311155,0.13602973227746787,0.13602973227322426,0.1360297322710457,0.13602973227322426,0.13602973227534532,0.13602973227322426,0.1360297322710457,0.13503425174730183,0.13503425174865968,0.1350342517497775,0.13503425174865968,0.13503425174730183,0.13503425174865968,0.1350342517508363,0.1350342517529872,0.1350342517508363,0.13503425174865968,0.1350342517497775,0.1350342517529872,0.13503425175688794,0.1350342517529872,0.1350342517497775,0.13503425174865968,0.1350342517508363,0.1350342517529872,0.1350342517508363,0.13503425174865968,0.13503425174730183,0.13503425174865968,0.1350342517497775,0.13503425174865968,0.13503425174730183
0.16533248793080685,0.1653324879308066,0.1653324879308066,0.1653324879308066,0.16533248793080685,0.1653324879308066,0.16533248793080638,0.16533248793080638,0.16533248793080638,0.1653324879308066,0.1653324879308066,0.16533248793080638,0.16533248793080613,0.16533248793080638,0.1653324879308066,0.1653324879308066,0.16533248793080638,0.16533248793080638,0.16533248793080638,0.1653324879308066,0.16533248793080685,0.1653324879308066,0.1653324879308066,0.1653324879308066,0.16533248793080685,0.16375749420911517,0.1637574942091147,0.16375749420911426,0.1637574942091147,0.16375749420911517,0.1637574942091147,0.163757494209114,0.16375749420911379,0.163757494209114,0.1637574942091147,0.16375749420911426,0.16375749420911379,0.1637574942091133,0.16375749420911379,0.16375749420911426,0.1637574942091147,0.163757494209114,0.16375749420911379,0.163757494209114,0.1637574942091147,0.16375749420911517,0.1637574942091147,0.16375749420911426,0.1637574942091147,0.16375749420911517,0.16221388441937387,0.1622138844193723,0.1622138844193714,0.1622138844193723,0.16221388441937387,0.1622138844193723,0.1622138844193707,0.16221388441936957,0.1622138844193707,0.1622138844193723,0.1622138844193714,0.16221388441936957,0.16221388441936846,0.16221388441936957,0.1622138844193714,0.1622138844193723,0.1622138844193707,0.16221388441936957,0.1622138844193707,0.1622138844193723,0.16221388441937387,0.1622138844193723,0.1622138844193714,0.1622138844193723,0.16221388441937387,0.16070106751862556,0.16070106751862093,0.160701067518618,0.16070106751862093,0.16070106751862556,0.16070106751862093,0.16070106751861582,0.1607010675186125,0.16070106751861582,0.16070106751862093,0.160701067518618,0.1607010675186125,0.1607010675186087,0.1607010675186125,0.160701067518618,0.16070106751862093,0.16070106751861582,0.1607010675186125,0.16070106751861582,0.16070106751862093,0.16070106751862556,0.16070106751862093,0.160701067518618,0.16070106751862093,0.16070106751862556,0.15921845188185482,0.15921845188184086,0.15921845188183173,0.15921845188184086,0.15921845188185482,0.15921845188184086,0.15921845188182476,0.15921845188181388,0.15921845188182476,0.15921845188184086,0.15921845188183173,0.15921845188181388,0.15921845188180211,0.15921845188181388,0.15921845188183173,0.15921845188184086,0.15921845188182476,0.15921845188181388,0.15921845188182476,0.15921845188184086,0.15921845188185482,0.15921845188184086,0.15921845188183173,0.15921845188184086,0.15921845188185482,0.15776544665384756,0.15776544665380635,0.15776544665377906,0.15776544665380635,0.15776544665384756,0.15776544665380635,0.15776544665375686,0.15776544665372252,0.15776544665375686,0.15776544665380635,0.15776544665377906,0.15776544665372252,0.1577654466536822,0.15776544665372252,0.15776544665377906,0.15776544665380635,0.15776544665375686,0.15776544665372252,0.15776544665375686,0.15776544665380635,0.15776544665384756,0.15776544665380635,0.15776544665377906,0.15776544665380635,0.15776544665384756,0.15634146296353835,0.15634146296342208,0.15634146296334095,0.15634146296342208,0.15634146296353835,0.15634146296342208,0.15634146296327153,0.15634146296315904,0.15634146296327153,0.15634146296342208,0.15634146296334095,0.15634146296315904,0.15634146296301601,0.15634146296315904,0.15634146296334095,0.15634146296342208,0.15634146296327153,0.15634146296315904,0.15634146296327153,0.15634146296342208,0.15634146296353835,0.15634146296342208,0.15634146296334095,0.15634146296342208,0.15634146296353835,0.15494591501113555,0.15494591501082117,0.15494591501058572,0.15494591501082117,0.15494591501113555,0.15494591501082117,0.1549459150103736,0.154945915009998,0.1549459150103736,0.15494591501082117,0.15494591501058572,0.154945915009998,0.15494591500944752,0.154945915009998,0.15494591501058572,0.15494591501082117,0.1549459150103736,0.154945915009998,0.1549459150103736,0.15494591501082117,0.15494591501113555,0.15494591501082117,0.15494591501058572,0.15494591501082117,0.15494591501113555,0.15357822103778104,0.15357822103699492,0.1535782210363424,0.15357822103699492,0.15357822103778104,0.15357822103699492,0.1535782210357224,0.15357822103444704,0.1535782210357224,0.15357822103699492,0.1535782210363424,0.15357822103444704,0.1535782210320986,0.15357822103444704,0.1535782210363424,0.15357822103699492,0.1535782210357224,0.15357822103444704,0.1535782210357224,0.15357822103699492,0.15357822103778104,0.15357822103699492,0.1535782210363424,0.15357822103699492,0.15357822103778104,0.15223780418696872,0.15223780418525443,0.15223780418360924,0.15223780418525443,0.15223780418696872,0.15223780418525443,0.1522378041819682,0.15223780417771687,0.1522378041819682,0.15223780418525443,0.15223780418360924,0.15223780417771687,0.15223780416638877,0.15223780417771687,0.15223780418360924,0.15223780418525443,0.1522378041819682,0.15223780417771687,0.1522378041819682,0.15223780418525443,0.15223780418696872,0.15223780418525443,0.15223780418360924,0.15223780418525443,0.15223780418696872,0.15092409326623815,0.15092409326336212,0.1509240932600705,0.15092409326336212,0.15092409326623815,0.15092409326336212,0.1509240932566815,0.15092409324441466,0.1509240932566815,0.15092409326336212,0.1509240932600705,0.15092409324441466,0.1509240931825528,0.15092409324441466,0.1509240932600705,0.15092409326336212,0.1509240932566815,0.15092409324441466,0.1509240932566815,0.15092409326336212,0.15092409326623815,0.15092409326336212,0.1509240932600705,0.15092409326336212,0.15092409326623815,0.1496365234163172,0.1496365234136517,0.1496365234107328,0.1496365234136517,0.1496365234163172,0.1496365234136517,0.14963652340774114,0.14963652339782688,0.14963652340774114,0.1496365234136517,0.1496365234107328,0.14963652339782688,0.1496365233543883,0.14963652339782688,0.1496365234107328,0.1496365234136517,0.14963652340774114,0.14963652339782688,0.14963652340774114,0.1496365234136517,0.1496365234163172,0.1496365234136517,0.1496365234107328,0.1496365234136517,0.1496365234163172,0.14837453669323183,0.14837453669163964,0.1483745366900332,0.14837453669163964,0.14837453669323183,0.14837453669163964,0.14837453668841435,0.14837453668364933,0.14837453668841435,0.14837453669163964,0.1483745366900332,0.14837453668364933,0.1483745366655945,0.14837453668364933,0.1483745366900332,0.14837453669163964,0.14837453668841435,0.14837453668364933,0.14837453668841435,0.14837453669163964,0.14837453669323183,0.14837453669163964,0.1483745366900332,0.14837453669163964,0.14837453669323183,0.14713758257765736,0.14713758257720977,0.14713758257686263,0.14713758257720977,0.14713758257765736,0.14713758257720977,0.14713758257653964,0.14713758257602463,0.14713758257653964,0.14713758257720977,0.14713758257686263,0.14713758257602463,0.147137582576225,0.14713758257602463,0.14713758257686263,0.14713758257720977,0.14713758257653964,0.14713758257602463,0.14713758257653964,0.14713758257720977,0.14713758257765736,0.14713758257720977,0.14713758257686263,0.14713758257720977,0.14713758257765736,0.14592511841435818,0.14592511841473463,0.1459251184152227,0.14592511841473463,0.14592511841435818,0.14592511841473463,0.14592511841574407,0.1459251184177115,0.14592511841574407,0.14592511841473463,0.1459251184152227,0.1459251184177115,0.14592511842723527,0.1459251184177115,0.1459251184152227,0.14592511841473463,0.14592511841574407,0.1459251184177115,0.14592511841574407,0.14592511841473463,0.14592511841435818,0.14592511841473463,0.1459251184152227,0.14592511841473463,0.14592511841435818,0.14473660978644706,0.14473660978727793,0.14473660978820846,0.14473660978727793,0.14473660978644706,0.14473660978727793,0.144736609789169,0.14473660979242087,0.144736609789169,0.14473660978727793,0.14473660978820846,0.14473660979242087,0.14473660980709877,0.14473660979242087,0.14473660978820846,0.14473660978727793,0.144736609789169,0.14473660979242087,0.144736609789169,0.14473660978727793,0.14473660978644706,0.14473660978727793,0.14473660978820846,0.14473660978727793,0.14473660978644706,0.14357153083026267,0.14357153083121457,0.14357153083222138,0.14357153083121457,0.14357153083026267,0.14357153083121457,0.14357153083324517,0.14357153083651494,0.14357153083324517,0.14357153083121457,0.14357153083222138,0.14357153083651494,0.14357153085047966,0.14357153083651494,0.14357153083222138,0.14357153083121457,0.14357153083324517,0.14357153083651494,0.14357153083324517,0.14357153083121457,0.14357153083026267,0.14357153083121457,0.14357153083222138,0.14357153083121457,0.14357153083026267,0.14242936449668134,0.1424293644975687,0.14242936449845245,0.1424293644975687,0.14242936449668134,0.1424293644975687,0.1424293644993365,0.1424293645019422,0.1424293644993365,0.1424293644975687,0.14242936449845245,0.1424293645019422,0.14242936451197474,0.1424293645019422,0.14242936449845245,0.1424293644975687,0.1424293644993365,0.1424293645019422,0.1424293644993365,0.1424293644975687,0.14242936449668134,0.1424293644975687,0.14242936449845245,0.1424293644975687,0.14242936449668134,0.14130960276369758,0.14130960276453158,0.141309602765334,0.14130960276453158,0.14130960276369758,0.14130960276453158,0.1413096027661254,0.1413096027684118,0.1413096027661254,0.14130960276453158,0.141309602765334,0.1413096027684118,0.14130960277725022,0.1413096027684118,0.141309602765334,0.14130960276453158,0.1413096027661254,0.1413096027684118,0.1413096027661254,0.14130960276453158,0.14130960276369758,0.14130960276453158,0.141309602765334,0.14130960276453158,0.14130960276369758,0.14021174680493348,0.140211746805823,0.1402117468066368,0.1402117468058228,0.14021174680493348,0.140211746805823,0.14021174680742565,0.1402117468095937,0.14021174680742565,0.1402117468058228,0.1402117468066368,0.1402117468095937,0.14021174681793255,0.1402117468095937,0.1402117468066368,0.1402117468058228,0.14021174680742565,0.1402117468095937,0.14021174680742565,0.140211746805823,0.14021174680493348,0.1402117468058228,0.1402117468066368,0.140211746805823,0.14021174680493348,0.13913530711856503,0.1391353071197708,0.13913530712080185,0.1391353071197708,0.13913530711856503,0.1391353071197708,0.13913530712179398,0.13913530712392677,0.13913530712179398,0.1391353071197708,0.13913530712080185,0.13913530712392677,0.13913530712825953,0.13913530712392677,0.13913530712080185,0.1391353071197708,0.13913530712179398,0.13913530712392677,0.13913530712179384,0.1391353071197708,0.13913530711856503,0.1391353071197708,0.13913530712080185,0.1391353071197708,0.13913530711856503,0.13807980362021186,0.13807980362232072,0.13807980362438263,0.13807980362232072,0.13807980362021186,0.13807980362232072,0.1380798036264521,0.1380798036319341,0.1380798036264521,0.13807980362232072,0.13807980362438263,0.1380798036319341,0.1380798036469478,0.1380798036319341,0.13807980362438263,0.13807980362232072,0.1380798036264521,0.1380798036319341,0.1380798036264521,0.13807980362232072,0.13807980362021186,0.13807980362232072,0.13807980362438263,0.13807980362232072,0.13807980362021186,0.13704476570310292,0.1370447657062655,0.13704476571004937,0.1370447657062655,0.13704476570310292,0.1370447657062655,0.13704476571396054,0.1370447657292386,0.13704476571396054,0.1370447657062655,0.13704476571004937,0.1370447657292386,0.1370447658134373,0.1370447657292386,0.13704476571004937,0.1370447657062655,0.13704476571396054,0.1370447657292386,0.13704476571396054,0.1370447657062655,0.13704476570310292,0.1370447657062655,0.13704476571004937,0.1370447657062655,0.13704476570310292,0.13602973227071735,0.13602973227289342,0.13602973227501178,0.13602973227289325,0.13602973227071735,0.13602973227289342,0.1360297322771316,0.13602973228276843,0.1360297322771316,0.13602973227289325,0.13602973227501178,0.13602973228276843,0.13602973229835108,0.13602973228276843,0.13602973227501178,0.13602973227289325,0.1360297322771316,0.13602973228276843,0.1360297322771316,0.13602973227289325,0.13602973227071735,0.13602973227289325,0.13602973227501178,0.13602973227289325,0.13602973227071735,0.13503425174697647,0.13503425174833267,0.13503425174944905,0.13503425174833267,0.13503425174697647,0.13503425174833267,0.13503425175050654,0.1350342517526549,0.13503425175050654,0.13503425174833267,0.13503425174944905,0.1350342517526549,0.13503425175655087,0.1350342517526549,0.13503425174944905,0.13503425174833267,0.13503425175050654,0.1350342517526549,0.13503425175050654,0.13503425174833267,0.13503425174697647,0.13503425174833267,0.13503425174944905,0.13503425174833267,0.13503425174697647
0.16533248793104777,0.16533248793104754,0.16533248793104754,0.16533248793104754,0.16533248793104777,0.16533248793104754,0.16533248793104732,0.16533248793104732,0.16533248793104732,0.16533248793104754,0.16533248793104754,0.16533248793104732,0.1653324879310471,0.16533248793104732,0.16533248793104754,0.16533248793104754,0.16533248793104732,0.16533248793104732,0.16533248793104732,0.16533248793104754,0.16533248793104777,0.16533248793104754,0.16533248793104754,0.16533248793104754,0.16533248793104777,0.1637574942093513,0.16375749420935087,0.16375749420935037,0.16375749420935087,0.1637574942093513,0.16375749420935087,0.16375749420935015,0.16375749420934993,0.16375749420935015,0.16375749420935087,0.16375749420935037,0.16375749420934993,0.16375749420934946,0.16375749420934993,0.16375749420935037,0.16375749420935087,0.16375749420935015,0.16375749420934993,0.16375749420935015,0.16375749420935087,0.1637574942093513,0.16375749420935087,0.16375749420935037,0.16375749420935087,0.1637574942093513,0.16221388441960533,0.16221388441960372,0.16221388441960286,0.16221388441960372,0.16221388441960533,0.16221388441960372,0.16221388441960213,0.162213884419601,0.16221388441960213,0.16221388441960372,0.16221388441960286,0.162213884419601,0.16221388441959989,0.162213884419601,0.16221388441960286,0.16221388441960372,0.16221388441960213,0.162213884419601,0.16221388441960213,0.16221388441960372,0.16221388441960533,0.16221388441960372,0.16221388441960286,0.16221388441960372,0.16221388441960533,0.1607010675188524,0.16070106751884775,0.16070106751884483,0.16070106751884775,0.1607010675188524,0.16070106751884775,0.1607010675188426,0.16070106751883928,0.1607010675188426,0.16070106751884775,0.16070106751884483,0.16070106751883928,0.1607010675188355,0.16070106751883928,0.16070106751884483,0.16070106751884775,0.1607010675188426,0.16070106751883928,0.1607010675188426,0.16070106751884775,0.1607010675188524,0.16070106751884775,0.16070106751884483,0.16070106751884775,0.1607010675188524,0.15921845188207687,0.15921845188206293,0.1592184518820538,0.15921845188206293,0.15921845188207687,0.15921845188206293,0.15921845188204684,0.15921845188203618,0.15921845188204684,0.15921845188206293,0.1592184518820538,0.15921845188203618,0.1592184518820242,0.15921845188203618,0.1592184518820538,0.15921845188206293,0.15921845188204684,0.15921845188203618,0.15921845188204684,0.15921845188206293,0.15921845188207687,0.15921845188206293,0.1592184518820538,0.15921845188206293,0.15921845188207687,0.15776544665406497,0.157765446654024,0.1577654466539967,0.157765446654024,0.15776544665406497,0.157765446654024,0.1577654466539745,0.15776544665394016,0.1577654466539745,0.157765446654024,0.1577654466539967,0.15776544665394016,0.15776544665390005,0.15776544665394016,0.1577654466539967,0.157765446654024,0.1577654466539745,0.15776544665394016,0.1577654466539745,0.157765446654024,0.15776544665406497,0.157765446654024,0.1577654466539967,0.157765446654024,0.15776544665406497,0.15634146296375123,0.15634146296363516,0.15634146296355403,0.15634146296363516,0.15634146296375123,0.15634146296363516,0.1563414629634848,0.15634146296337273,0.1563414629634848,0.15634146296363516,0.15634146296355403,0.15634146296337273,0.15634146296322993,0.15634146296337273,0.15634146296355403,0.15634146296363516,0.1563414629634848,0.15634146296337273,0.1563414629634848,0.15634146296363516,0.15634146296375123,0.15634146296363516,0.15634146296355403,0.15634146296363516,0.15634146296375123,0.15494591501134314,0.1549459150110294,0.15494591501079455,0.1549459150110294,0.15494591501134314,0.1549459150110294,0.15494591501058286,0.15494591501020782,0.15494591501058286,0.1549459150110294,0.15494591501079455,0.15494591501020782,0.15494591500965882,0.15494591501020782,0.15494591501079455,0.1549459150110294,0.15494591501058286,0.15494591501020782,0.15494591501058286,0.1549459150110294,0.15494591501134314,0.1549459150110294,0.15494591501079455,0.1549459150110294,0.15494591501134314,0.15357822103798227,0.1535782210371978,0.15357822103654664,0.1535782210371978,0.15357822103798227,0.1535782210371978,0.15357822103592786,0.15357822103465532,0.15357822103592786,0.1535782210371978,0.15357822103654664,0.15357822103465532,0.15357822103231147,0.15357822103465532,0.15357822103654664,0.1535782210371978,0.15357822103592786,0.15357822103465532,0.15357822103592786,0.1535782210371978,0.15357822103798227,0.1535782210371978,0.15357822103654664,0.1535782210371978,0.15357822103798227,0.15223780418715963,0.1522378041854493,0.15223780418380767,0.1522378041854493,0.15223780418715963,0.1522378041854493,0.15223780418217017,0.15223780417792768,0.15223780418217017,0.1522378041854493,0.15223780418380767,0.15223780417792768,0.1522378041666226,0.15223780417792768,0.15223780418380767,0.1522378041854493,0.15223780418217017,0.15223780417792768,0.15223780418217017,0.1522378041854493,0.15223780418715963,0.1522378041854493,0.15223780418380767,0.1522378041854493,0.15223780418715963,0.1509240932664116,0.1509240932635421,0.15092409326025766,0.1509240932635421,0.1509240932664116,0.1509240932635421,0.15092409325687614,0.15092409324463538,0.15092409325687614,0.1509240932635421,0.15092409326025766,0.15092409324463538,0.15092409318292802,0.15092409324463538,0.15092409326025766,0.1509240932635421,0.15092409325687614,0.15092409324463538,0.15092409325687614,0.1509240932635421,0.1509240932664116,0.1509240932635421,0.15092409326025766,0.1509240932635421,0.1509240932664116,0.14963652341645883,0.14963652341380052,0.14963652341088937,0.14963652341380052,0.14963652341645883,0.14963652341380052,0.14963652340790562,0.14963652339801747,0.14963652340790562,0.14963652341380052,0.14963652341088937,0.14963652339801747,0.14963652335472655,0.14963652339801747,0.14963652341088937,0.14963652341380052,0.14963652340790562,0.14963652339801747,0.14963652340790562,0.14963652341380052,0.14963652341645883,0.14963652341380052,0.14963652341088937,0.14963652341380052,0.14963652341645883,0.14837453669332634,0.14837453669173992,0.14837453669013995,0.1483745366917401,0.14837453669332634,0.14837453669173992,0.1483745366885274,0.14837453668378334,0.1483745366885274,0.1483745366917401,0.14837453669013995,0.14837453668378334,0.1483745366658119,0.14837453668378334,0.14837453669013995,0.1483745366917401,0.1483745366885274,0.14837453668378334,0.1483745366885274,0.1483745366917401,0.14837453669332634,0.1483745366917401,0.14837453669013995,0.1483745366917401,0.14837453669332634,0.14713758257769172,0.14713758257724738,0.1471375825769035,0.14713758257724738,0.14713758257769172,0.14713758257724738,0.14713758257658396,0.14713758257607967,0.14713758257658396,0.14713758257724738,0.1471375825769035,0.14713758257607967,0.14713758257632964,0.14713758257607967,0.1471375825769035,0.14713758257724738,0.14713758257658396,0.14713758257607967,0.14713758257658396,0.14713758257724738,0.14713758257769172,0.14713758257724738,0.1471375825769035,0.14713758257724738,0.14713758257769172,0.14592511841432543,0.14592511841470152,0.1459251184151894,0.14592511841470152,0.14592511841432543,0.14592511841470152,0.1459251184157104,0.1459251184176764,0.1459251184157104,0.14592511841470152,0.1459251184151894,0.1459251184176764,0.14592511842719394,0.1459251184176764,0.1459251184151894,0.14592511841470152,0.1459251184157104,0.1459251184176764,0.1459251184157104,0.14592511841470152,0.14592511841432543,0.14592511841470152,0.1459251184151894,0.14592511841470152,0.14592511841432543,0.14473660978634653,0.1447366097871739,0.14473660978810077,0.1447366097871739,0.14473660978634653,0.1447366097871739,0.14473660978905764,0.14473660979229816,0.14473660978905764,0.1447366097871739,0.14473660978810077,0.14473660979229816,0.14473660980695127,0.14473660979229816,0.14473660978810077,0.1447366097871739,0.14473660978905764,0.14473660979229816,0.14473660978905764,0.1447366097871739,0.14473660978634653,0.1447366097871739,0.14473660978810077,0.1447366097871739,0.14473660978634653,0.1435715308301008,0.14357153083104654,0.14357153083204652,0.14357153083104654,0.1435715308301008,0.14357153083104654,0.14357153083306326,0.14357153083630894,0.14357153083306326,0.14357153083104654,0.14357153083204652,0.14357153083630894,0.1435715308501775,0.14357153083630894,0.14357153083204652,0.14357153083104654,0.14357153083306326,0.14357153083630894,0.14357153083306326,0.14357153083104654,0.1435715308301008,0.14357153083104654,0.14357153083204652,0.14357153083104654,0.1435715308301008,0.14242936449646995,0.142429364497351,0.1424293644982275,0.142429364497351,0.14242936449646995,0.142429364497351,0.14242936449910415,0.142429364501685,0.14242936449910415,0.142429364497351,0.1424293644982275,0.142429364501685,0.1424293645115963,0.142429364501685,0.1424293644982275,0.142429364497351,0.14242936449910415,0.142429364501685,0.14242936449910415,0.142429364497351,0.14242936449646995,0.142429364497351,0.1424293644982275,0.142429364497351,0.14242936449646995,0.14130960276344956,0.14130960276427879,0.14130960276507645,0.14130960276427862,0.14130960276344956,0.14130960276427879,0.1413096027658631,0.141309602768136,0.1413096027658631,0.14130960276427862,0.14130960276507645,0.141309602768136,0.141309602776966,0.141309602768136,0.14130960276507645,0.14130960276427862,0.1413096027658631,0.141309602768136,0.1413096027658631,0.14130960276427862,0.14130960276344956,0.14130960276427862,0.14130960276507645,0.14130960276427862,0.14130960276344956,0.14021174680465823,0.14021174680554432,0.14021174680635512,0.14021174680554432,0.14021174680465823,0.14021174680554432,0.14021174680714088,0.14021174680930037,0.14021174680714088,0.14021174680554432,0.14021174680635512,0.14021174680930037,0.1402117468175991,0.14021174680930037,0.14021174680635512,0.14021174680554432,0.14021174680714088,0.14021174680930037,0.14021174680714088,0.14021174680554432,0.14021174680465823,0.14021174680554432,0.14021174680635512,0.14021174680554432,0.14021174680465823,0.13913530711826874,0.13913530711947214,0.13913530712050096,0.13913530711947214,0.13913530711826874,0.13913530711947214,0.13913530712149105,0.13913530712361927,0.13913530712149105,0.13913530711947214,0.13913530712050096,0.13913530712361927,0.1391353071279428,0.13913530712361927,0.13913530712050096,0.13913530711947214,0.13913530712149105,0.13913530712361927,0.13913530712149105,0.13913530711947214,0.13913530711826874,0.13913530711947214,0.13913530712050096,0.13913530711947214,0.13913530711826874,0.13807980361989947,0.13807980362200553,0.1380798036240645,0.13807980362200553,0.13807980361989947,0.13807980362200553,0.13807980362613118,0.13807980363160602,0.13807980362613118,0.13807980362200553,0.1380798036240645,0.13807980363160602,0.1380798036466007,0.13807980363160602,0.1380798036240645,0.13807980362200553,0.13807980362613118,0.13807980363160602,0.13807980362613118,0.13807980362200553,0.13807980361989947,0.13807980362200553,0.1380798036240645,0.13807980362200553,0.13807980361989947,0.13704476570278015,0.13704476570593876,0.13704476570971788,0.13704476570593876,0.13704476570278015,0.13704476570593876,0.1370447657136244,0.13704476572888388,0.13704476571362426,0.13704476570593876,0.13704476570971788,0.13704476572888388,0.13704476581299213,0.13704476572888388,0.13704476570971788,0.13704476570593876,0.13704476571362426,0.13704476572888388,0.13704476571362426,0.13704476570593876,0.13704476570278015,0.13704476570593876,0.13704476570971788,0.13704476570593876,0.13704476570278015,0.13602973227039214,0.13602973227256554,0.1360297322746812,0.13602973227256554,0.13602973227039214,0.13602973227256554,0.13602973227679865,0.13602973228242846,0.13602973227679865,0.13602973227256554,0.1360297322746812,0.13602973228242846,0.13602973229799248,0.13602973228242846,0.1360297322746812,0.13602973227256554,0.13602973227679865,0.13602973228242846,0.13602973227679865,0.13602973227256554,0.13602973227039214,0.13602973227256554,0.1360297322746812,0.13602973227256554,0.13602973227039214,0.13503425174665415,0.13503425174800865,0.13503425174912367,0.13503425174800865,0.13503425174665415,0.13503425174800865,0.13503425175017983,0.13503425175232558,0.13503425175017983,0.13503425174800865,0.13503425174912367,0.13503425175232558,0.1350342517562169,0.13503425175232558,0.13503425174912367,0.13503425174800865,0.13503425175017983,0.13503425175232558,0.13503425175018,0.13503425174800865,0.13503425174665415,0.13503425174800865,0.13503425174912367,0.13503425174800865,0.13503425174665415
0.16533248793128685,0.1653324879312866,0.16533248793128638,0.1653324879312866,0.16533248793128685,0.1653324879312866,0.16533248793128638,0.1653324879312861,0.16533248793128638,0.1653324879312866,0.16533248793128638,0.1653324879312861,0.1653324879312859,0.1653324879312861,0.16533248793128638,0.1653324879312866,0.16533248793128638,0.1653324879312861,0.16533248793128638,0.1653324879312866,0.16533248793128685,0.1653324879312866,0.16533248793128638,0.1653324879312866,0.1653324879312866,0.16375749420958538,0.1637574942095849,0.1637574942095847,0.1637574942095849,0.16375749420958538,0.1637574942095849,0.16375749420958446,0.163757494209584,0.16375749420958446,0.1637574942095849,0.1637574942095847,0.163757494209584,0.16375749420958377,0.163757494209584,0.1637574942095847,0.1637574942095849,0.16375749420958446,0.163757494209584,0.16375749420958446,0.1637574942095849,0.16375749420958538,0.1637574942095849,0.1637574942095847,0.1637574942095849,0.16375749420958538,0.1622138844198347,0.16221388441983314,0.16221388441983223,0.16221388441983314,0.1622138844198347,0.16221388441983314,0.16221388441983153,0.16221388441983042,0.16221388441983153,0.16221388441983314,0.16221388441983223,0.16221388441983042,0.16221388441982926,0.16221388441983042,0.16221388441983223,0.16221388441983314,0.16221388441983153,0.16221388441983042,0.16221388441983153,0.16221388441983314,0.1622138844198347,0.16221388441983314,0.16221388441983223,0.16221388441983314,0.1622138844198347,0.16070106751907723,0.16070106751907254,0.16070106751906943,0.16070106751907254,0.16070106751907723,0.16070106751907254,0.1607010675190672,0.16070106751906388,0.1607010675190672,0.16070106751907254,0.16070106751906943,0.16070106751906388,0.16070106751906033,0.16070106751906388,0.16070106751906943,0.16070106751907254,0.1607010675190672,0.16070106751906388,0.1607010675190672,0.16070106751907254,0.16070106751907723,0.16070106751907254,0.16070106751906943,0.16070106751907254,0.16070106751907723,0.159218451882297,0.15921845188228306,0.15921845188227415,0.15921845188228306,0.159218451882297,0.15921845188228306,0.15921845188226716,0.15921845188225628,0.15921845188226716,0.15921845188228306,0.15921845188227415,0.15921845188225628,0.15921845188224454,0.15921845188225628,0.15921845188227415,0.15921845188228306,0.15921845188226716,0.15921845188225628,0.15921845188226716,0.15921845188228306,0.159218451882297,0.15921845188228306,0.15921845188227415,0.15921845188228306,0.159218451882297,0.15776544665428047,0.15776544665423972,0.1577654466542124,0.15776544665423972,0.15776544665428047,0.15776544665423972,0.15776544665419046,0.1577654466541561,0.15776544665419046,0.15776544665423972,0.1577654466542124,0.1577654466541561,0.157765446654116,0.1577654466541561,0.1577654466542124,0.15776544665423972,0.15776544665419046,0.1577654466541561,0.15776544665419046,0.15776544665423972,0.15776544665428047,0.15776544665423972,0.1577654466542124,0.15776544665423972,0.15776544665428047,0.156341462963962,0.15634146296384618,0.15634146296376544,0.15634146296384618,0.156341462963962,0.15634146296384618,0.15634146296369644,0.15634146296358437,0.15634146296369644,0.15634146296384618,0.15634146296376544,0.15634146296358437,0.15634146296344195,0.15634146296358437,0.15634146296376544,0.15634146296384618,0.15634146296369644,0.15634146296358437,0.15634146296369644,0.15634146296384618,0.156341462963962,0.15634146296384618,0.15634146296376544,0.15634146296384618,0.156341462963962,0.1549459150115489,0.15494591501123578,0.15494591501100152,0.15494591501123578,0.1549459150115489,0.15494591501123578,0.15494591501079003,0.15494591501041602,0.15494591501079025,0.15494591501123578,0.15494591501100152,0.15494591501041602,0.15494591500986804,0.15494591501041602,0.15494591501100152,0.15494591501123578,0.15494591501079025,0.15494591501041602,0.15494591501079003,0.15494591501123578,0.1549459150115489,0.15494591501123578,0.15494591501100152,0.15494591501123578,0.1549459150115489,0.15357822103818153,0.15357822103739882,0.1535782210367491,0.15357822103739882,0.15357822103818153,0.15357822103739882,0.1535782210361317,0.15357822103486157,0.1535782210361317,0.15357822103739882,0.1535782210367491,0.15357822103486157,0.15357822103252255,0.15357822103486157,0.1535782210367491,0.15357822103739882,0.1535782210361317,0.15357822103486157,0.1535782210361317,0.15357822103739882,0.15357822103818153,0.15357822103739882,0.1535782210367491,0.15357822103739882,0.15357822103818153,0.1522378041873492,0.15223780418564262,0.15223780418400432,0.15223780418564262,0.1522378041873492,0.15223780418564262,0.15223780418237035,0.1522378041781367,0.15223780418237035,0.15223780418564262,0.15223780418400432,0.1522378041781367,0.15223780416685448,0.1522378041781367,0.15223780418400432,0.15223780418564262,0.15223780418237035,0.1522378041781367,0.15223780418237035,0.15223780418564262,0.1522378041873492,0.15223780418564262,0.15223780418400432,0.15223780418564262,0.1522378041873492,0.1509240932665833,0.15092409326372036,0.1509240932604432,0.15092409326372036,0.1509240932665833,0.15092409326372036,0.15092409325706924,0.15092409324485412,0.15092409325706924,0.15092409326372036,0.1509240932604432,0.15092409324485412,0.15092409318324881,0.15092409324485412,0.1509240932604432,0.15092409326372036,0.15092409325706924,0.15092409324485412,0.15092409325706924,0.15092409326372036,0.1509240932665833,0.15092409326372036,0.1509240932604432,0.15092409326372036,0.1509240932665833,0.14963652341659914,0.149636523413948,0.14963652341104458,0.149636523413948,0.14963652341659914,0.149636523413948,0.14963652340806882,0.14963652339820618,0.14963652340806882,0.149636523413948,0.14963652341104458,0.14963652339820618,0.14963652335501415,0.14963652339820618,0.14963652341104458,0.149636523413948,0.14963652340806882,0.14963652339820618,0.14963652340806882,0.149636523413948,0.14963652341659914,0.149636523413948,0.14963652341104458,0.149636523413948,0.14963652341659914,0.14837453669341993,0.14837453669183942,0.1483745366902456,0.14837453669183942,0.14837453669341993,0.14837453669183942,0.14837453668863954,0.148374536683916,0.14837453668863954,0.14837453669183942,0.1483745366902456,0.148374536683916,0.14837453666601447,0.148374536683916,0.1483745366902456,0.14837453669183942,0.14837453668863954,0.148374536683916,0.14837453668863954,0.14837453669183942,0.14837453669341993,0.14837453669183942,0.1483745366902456,0.14837453669183942,0.14837453669341993,0.14713758257772605,0.14713758257728476,0.14713758257694418,0.14713758257728476,0.14713758257772605,0.14713758257728476,0.14713758257662793,0.14713758257613416,0.14713758257662793,0.14713758257728476,0.14713758257694418,0.14713758257613416,0.14713758257644827,0.14713758257613416,0.14713758257694418,0.14713758257728476,0.14713758257662793,0.14713758257613416,0.14713758257662793,0.14713758257728476,0.14713758257772605,0.14713758257728476,0.14713758257694418,0.14713758257728476,0.14713758257772605,0.1459251184142932,0.1459251184146689,0.14592511841515646,0.1459251184146689,0.1459251184142932,0.1459251184146689,0.1459251184156771,0.14592511841764189,0.1459251184156771,0.1459251184146689,0.14592511841515646,0.14592511841764189,0.14592511842716296,0.14592511841764189,0.14592511841515646,0.1459251184146689,0.1459251184156771,0.14592511841764189,0.1459251184156771,0.1459251184146689,0.1459251184142932,0.1459251184146689,0.14592511841515646,0.1459251184146689,0.1459251184142932,0.14473660978624742,0.14473660978707126,0.14473660978799446,0.14473660978707126,0.14473660978624742,0.14473660978707126,0.1447366097889475,0.14473660979217667,0.1447366097889475,0.14473660978707126,0.14473660978799446,0.14473660979217667,0.14473660980676065,0.14473660979217667,0.14473660978799446,0.14473660978707126,0.1447366097889475,0.14473660979217667,0.1447366097889475,0.14473660978707126,0.14473660978624742,0.14473660978707126,0.14473660978799446,0.14473660978707126,0.14473660978624742,0.1435715308299408,0.1435715308308804,0.14357153083187352,0.1435715308308804,0.1435715308299408,0.1435715308308804,0.14357153083288327,0.1435715308361048,0.14357153083288327,0.1435715308308804,0.14357153083187352,0.1435715308361048,0.1435715308498544,0.1435715308361048,0.14357153083187352,0.1435715308308804,0.14357153083288327,0.1435715308361048,0.14357153083288327,0.1435715308308804,0.1435715308299408,0.1435715308308804,0.14357153083187352,0.1435715308308804,0.1435715308299408,0.14242936449626092,0.14242936449713545,0.14242936449800472,0.14242936449713545,0.14242936449626092,0.14242936449713545,0.14242936449887417,0.14242936450143054,0.14242936449887417,0.14242936449713545,0.14242936449800472,0.14242936450143054,0.14242936451128296,0.14242936450143054,0.14242936449800472,0.14242936449713545,0.14242936449887417,0.14242936450143054,0.14242936449887417,0.14242936449713545,0.14242936449626092,0.14242936449713545,0.14242936449800472,0.14242936449713545,0.14242936449626092,0.14130960276320417,0.14130960276402849,0.14130960276482168,0.14130960276402849,0.14130960276320417,0.14130960276402849,0.14130960276560356,0.141309602767863,0.14130960276560356,0.14130960276402849,0.14130960276482168,0.141309602767863,0.14130960277659646,0.141309602767863,0.14130960276482168,0.14130960276402849,0.14130960276560356,0.141309602767863,0.14130960276560356,0.14130960276402849,0.14130960276320417,0.14130960276402849,0.14130960276482168,0.14130960276402849,0.14130960276320417,0.14021174680438586,0.14021174680526857,0.1402117468060763,0.14021174680526857,0.14021174680438586,0.14021174680526857,0.140211746806859,0.14021174680901013,0.140211746806859,0.14021174680526857,0.1402117468060763,0.14021174680901013,0.14021174681730111,0.14021174680901013,0.1402117468060763,0.14021174680526857,0.140211746806859,0.14021174680901013,0.140211746806859,0.14021174680526857,0.14021174680438586,0.14021174680526857,0.1402117468060763,0.14021174680526857,0.14021174680438586,0.13913530711797575,0.1391353071191766,0.13913530712020322,0.1391353071191766,0.13913530711797575,0.1391353071191766,0.13913530712119127,0.13913530712331504,0.13913530712119127,0.1391353071191766,0.13913530712020322,0.13913530712331504,0.13913530712762928,0.13913530712331504,0.13913530712020322,0.1391353071191766,0.13913530712119127,0.13913530712331504,0.13913530712119127,0.1391353071191766,0.13913530711797575,0.1391353071191766,0.13913530712020322,0.1391353071191766,0.13913530711797575,0.13807980361959046,0.13807980362169345,0.1380798036237496,0.13807980362169345,0.13807980361959046,0.13807980362169345,0.13807980362581349,0.13807980363128136,0.13807980362581349,0.13807980362169345,0.1380798036237496,0.13807980363128136,0.1380798036462571,0.13807980363128136,0.1380798036237496,0.13807980362169345,0.13807980362581349,0.13807980363128136,0.13807980362581349,0.13807980362169345,0.13807980361959046,0.13807980362169345,0.1380798036237496,0.13807980362169345,0.13807980361959046,0.13704476570246088,0.13704476570561555,0.1370447657093901,0.13704476570561555,0.13704476570246088,0.13704476570561555,0.13704476571329172,0.13704476572853283,0.13704476571329172,0.13704476570561555,0.1370447657093901,0.13704476572853283,0.1370447658125404,0.13704476572853283,0.1370447657093901,0.13704476570561555,0.13704476571329172,0.13704476572853283,0.13704476571329172,0.13704476570561555,0.13704476570246088,0.13704476570561555,0.1370447657093901,0.13704476570561555,0.13704476570246088,0.13602973227007054,0.13602973227224108,0.13602973227435436,0.13602973227224108,0.13602973227007054,0.13602973227224108,0.13602973227646914,0.13602973228209223,0.13602973227646914,0.13602973227224108,0.13602973227435436,0.13602973228209223,0.1360297322976376,0.13602973228209223,0.13602973227435436,0.13602973227224108,0.13602973227646914,0.13602973228209223,0.13602973227646914,0.13602973227224108,0.13602973227007054,0.13602973227224108,0.13602973227435436,0.13602973227224108,0.13602973227007054,0.13503425174633535,0.1350342517476882,0.135034251748802,0.1350342517476882,0.13503425174633535,0.1350342517476882,0.13503425174985675,0.1350342517519999,0.13503425174985675,0.1350342517476882,0.135034251748802,0.1350342517519999,0.13503425175588651,0.1350342517519999,0.135034251748802,0.1350342517476882,0.13503425174985675,0.1350342517519999,0.13503425174985675,0.1350342517476882,0.13503425174633535,0.1350342517476882,0.135034251748802,0.1350342517476882,0.13503425174633535
0.1653324879315233,0.16533248793152305,0.16533248793152286,0.16533248793152305,0.1653324879315233,0.16533248793152305,0.16533248793152286,0.16533248793152258,0.16533248793152286,0.16533248793152305,0.16533248793152286,0.16533248793152258,0.16533248793152258,0.16533248793152258,0.16533248793152286,0.16533248793152305,0.16533248793152286,0.16533248793152258,0.16533248793152286,0.16533248793152305,0.1653324879315233,0.16533248793152305,0.16533248793152286,0.16533248793152305,0.1653324879315233,0.16375749420981714,0.1637574942098167,0.16375749420981645,0.1637574942098167,0.16375749420981714,0.1637574942098167,0.16375749420981622,0.16375749420981575,0.16375749420981622,0.1637574942098167,0.16375749420981645,0.16375749420981575,0.16375749420981553,0.16375749420981575,0.16375749420981645,0.1637574942098167,0.16375749420981622,0.16375749420981575,0.16375749420981622,0.1637574942098167,0.16375749420981714,0.1637574942098167,0.16375749420981645,0.1637574942098167,0.16375749420981714,0.16221388442006188,0.16221388442006027,0.16221388442005935,0.16221388442006027,0.16221388442006188,0.16221388442006027,0.16221388442005866,0.16221388442005755,0.16221388442005866,0.16221388442006027,0.16221388442005935,0.16221388442005755,0.1622138844200564,0.16221388442005755,0.16221388442005935,0.16221388442006027,0.16221388442005866,0.16221388442005755,0.16221388442005866,0.16221388442006027,0.16221388442006188,0.16221388442006027,0.16221388442005935,0.16221388442006027,0.16221388442006188,0.16070106751929958,0.16070106751929492,0.16070106751929203,0.16070106751929492,0.16070106751929958,0.16070106751929492,0.1607010675192898,0.16070106751928648,0.1607010675192898,0.16070106751929492,0.16070106751929203,0.16070106751928648,0.1607010675192829,0.16070106751928648,0.16070106751929203,0.16070106751929492,0.1607010675192898,0.16070106751928648,0.1607010675192898,0.16070106751929492,0.16070106751929958,0.16070106751929492,0.16070106751929203,0.16070106751929492,0.16070106751929958,0.15921845188251516,0.1592184518825012,0.15921845188249206,0.1592184518825012,0.15921845188251516,0.1592184518825012,0.1592184518824851,0.15921845188247444,0.1592184518824851,0.1592184518825012,0.15921845188249206,0.15921845188247444,0.15921845188246267,0.15921845188247444,0.15921845188249206,0.1592184518825012,0.1592184518824851,0.15921845188247444,0.1592184518824851,0.1592184518825012,0.15921845188251516,0.1592184518825012,0.15921845188249206,0.1592184518825012,0.15921845188251516,0.15776544665449405,0.1577654466544533,0.15776544665442602,0.1577654466544533,0.15776544665449405,0.1577654466544533,0.157765446654404,0.15776544665436987,0.157765446654404,0.1577654466544533,0.15776544665442602,0.15776544665436987,0.15776544665432976,0.15776544665436987,0.15776544665442602,0.1577654466544533,0.157765446654404,0.15776544665436987,0.157765446654404,0.1577654466544533,0.15776544665449405,0.1577654466544533,0.15776544665442602,0.1577654466544533,0.15776544665449405,0.1563414629641709,0.15634146296405527,0.15634146296397453,0.15634146296405527,0.1563414629641709,0.15634146296405527,0.15634146296390575,0.1563414629637939,0.15634146296390575,0.15634146296405527,0.15634146296397453,0.1563414629637939,0.15634146296365167,0.1563414629637939,0.15634146296397453,0.15634146296405527,0.15634146296390575,0.1563414629637939,0.15634146296390575,0.15634146296405527,0.1563414629641709,0.15634146296405527,0.15634146296397453,0.15634146296405527,0.1563414629641709,0.1549459150117528,0.15494591501144028,0.15494591501120644,0.15494591501144028,0.1549459150117528,0.15494591501144028,0.15494591501099558,0.1549459150106222,0.15494591501099558,0.15494591501144028,0.15494591501120644,0.1549459150106222,0.15494591501007524,0.1549459150106222,0.15494591501120644,0.15494591501144028,0.15494591501099558,0.1549459150106222,0.15494591501099558,0.15494591501144028,0.1549459150117528,0.15494591501144028,0.15494591501120644,0.15494591501144028,0.1549459150117528,0.15357822103837895,0.15357822103759786,0.15357822103694954,0.15357822103759786,0.15357822103837895,0.15357822103759786,0.15357822103633337,0.15357822103506583,0.15357822103633337,0.15357822103759786,0.15357822103694954,0.15357822103506583,0.15357822103273164,0.15357822103506583,0.15357822103694954,0.15357822103759786,0.15357822103633337,0.15357822103506583,0.15357822103633337,0.15357822103759786,0.15357822103837895,0.15357822103759786,0.15357822103694954,0.15357822103759786,0.15357822103837895,0.1522378041875368,0.1522378041858337,0.1522378041841992,0.1522378041858337,0.1522378041875368,0.1522378041858337,0.15223780418256858,0.1522378041783436,0.15223780418256858,0.1522378041858337,0.1522378041841992,0.1522378041783436,0.152237804167084,0.1522378041783436,0.1522378041841992,0.1522378041858337,0.15223780418256858,0.1522378041783436,0.15223780418256858,0.1522378041858337,0.1522378041875368,0.1522378041858337,0.1522378041841992,0.1522378041858337,0.1522378041875368,0.15092409326675324,0.15092409326389689,0.15092409326062706,0.15092409326389689,0.15092409326675324,0.15092409326389689,0.15092409325726025,0.15092409324507078,0.15092409325726025,0.15092409326389689,0.15092409326062706,0.15092409324507078,0.15092409318357755,0.15092409324507078,0.15092409326062706,0.15092409326389689,0.15092409325726025,0.15092409324507078,0.15092409325726025,0.15092409326389689,0.15092409326675324,0.15092409326389689,0.15092409326062706,0.15092409326389689,0.15092409326675324,0.14963652341673792,0.14963652341409395,0.14963652341119832,0.14963652341409395,0.14963652341673792,0.14963652341409395,0.1496365234082303,0.1496365233983932,0.1496365234082303,0.14963652341409395,0.14963652341119832,0.1496365233983932,0.1496365233553084,0.1496365233983932,0.14963652341119832,0.14963652341409395,0.1496365234082303,0.1496365233983932,0.1496365234082303,0.14963652341409395,0.14963652341673792,0.14963652341409395,0.14963652341119832,0.14963652341409395,0.14963652341673792,0.1483745366935126,0.14837453669193784,0.1483745366903503,0.14837453669193784,0.1483745366935126,0.14837453669193784,0.14837453668875034,0.14837453668404724,0.14837453668875034,0.14837453669193784,0.1483745366903503,0.14837453668404724,0.14837453666627243,0.14837453668404724,0.1483745366903503,0.14837453669193784,0.14837453668875034,0.14837453668404724,0.14837453668875034,0.14837453669193784,0.1483745366935126,0.14837453669193784,0.1483745366903503,0.14837453669193784,0.1483745366935126,0.14713758257775983,0.14713758257732168,0.14713758257698434,0.14713758257732168,0.14713758257775983,0.14713758257732168,0.14713758257667134,0.14713758257618811,0.14713758257667134,0.14713758257732168,0.14713758257698434,0.14713758257618811,0.14713758257652546,0.14713758257618811,0.14713758257698434,0.14713758257732168,0.14713758257667134,0.14713758257618811,0.14713758257667134,0.14713758257732168,0.14713758257775983,0.14713758257732168,0.14713758257698434,0.14713758257732168,0.14713758257775983,0.14592511841426115,0.14592511841463668,0.14592511841512387,0.14592511841463668,0.14592511841426115,0.14592511841463668,0.14592511841564418,0.1459251184176075,0.14592511841564418,0.14592511841463668,0.14592511841512387,0.1459251184176075,0.14592511842711647,0.1459251184176075,0.14592511841512387,0.14592511841463668,0.14592511841564418,0.1459251184176075,0.14592511841564418,0.14592511841463668,0.14592511841426115,0.14592511841463668,0.14592511841512387,0.14592511841463668,0.14592511841426115,0.14473660978614894,0.1447366097869693,0.14473660978788902,0.1447366097869693,0.14473660978614894,0.1447366097869693,0.1447366097888386,0.14473660979205658,0.1447366097888386,0.1447366097869693,0.14473660978788902,0.14473660979205658,0.14473660980661177,0.14473660979205658,0.14473660978788902,0.1447366097869693,0.1447366097888386,0.14473660979205658,0.1447366097888386,0.1447366097869693,0.14473660978614894,0.1447366097869693,0.14473660978788902,0.1447366097869693,0.14473660978614894,0.1435715308297822,0.14357153083071578,0.14357153083170207,0.14357153083071578,0.1435715308297822,0.14357153083071578,0.14357153083270496,0.14357153083590274,0.14357153083270496,0.14357153083071578,0.14357153083170207,0.14357153083590274,0.14357153084954588,0.14357153083590274,0.14357153083170207,0.14357153083071578,0.14357153083270496,0.14357153083590274,0.14357153083270496,0.14357153083071578,0.1435715308297822,0.14357153083071578,0.14357153083170207,0.14357153083071578,0.1435715308297822,0.14242936449605392,0.1424293644969219,0.14242936449778412,0.1424293644969219,0.14242936449605392,0.1424293644969219,0.14242936449864638,0.14242936450117824,0.14242936449864638,0.1424293644969219,0.14242936449778412,0.14242936450117824,0.14242936451088237,0.14242936450117824,0.14242936449778412,0.1424293644969219,0.14242936449864638,0.14242936450117824,0.14242936449864638,0.1424293644969219,0.14242936449605392,0.1424293644969219,0.14242936449778412,0.1424293644969219,0.14242936449605392,0.14130960276296112,0.1413096027637808,0.14130960276456908,0.1413096027637808,0.14130960276296112,0.1413096027637808,0.14130960276534632,0.1413096027675926,0.14130960276534632,0.1413096027637808,0.14130960276456908,0.1413096027675926,0.14130960277629698,0.1413096027675926,0.14130960276456908,0.1413096027637808,0.14130960276534632,0.1413096027675926,0.14130960276534632,0.1413096027637808,0.14130960276296112,0.1413096027637808,0.14130960276456908,0.1413096027637808,0.14130960276296112,0.14021174680411594,0.14021174680499557,0.14021174680580023,0.14021174680499557,0.14021174680411594,0.14021174680499557,0.14021174680657988,0.14021174680872261,0.14021174680657988,0.14021174680499557,0.14021174680580023,0.14021174680872261,0.14021174681697926,0.14021174680872261,0.14021174680580023,0.14021174680499557,0.14021174680657988,0.14021174680872261,0.14021174680657988,0.14021174680499557,0.14021174680411594,0.14021174680499557,0.14021174680580023,0.14021174680499557,0.14021174680411594,0.13913530711768546,0.1391353071188838,0.13913530711990835,0.1391353071188838,0.13913530711768546,0.1391353071188838,0.13913530712089434,0.13913530712301383,0.13913530712089434,0.1391353071188838,0.13913530711990835,0.13913530712301383,0.13913530712731875,0.13913530712301383,0.13913530711990835,0.1391353071188838,0.13913530712089434,0.13913530712301383,0.13913530712089434,0.1391353071188838,0.13913530711768546,0.1391353071188838,0.13913530711990835,0.1391353071188838,0.13913530711768546,0.1380798036192844,0.13807980362138444,0.1380798036234378,0.13807980362138444,0.1380798036192844,0.13807980362138444,0.13807980362549907,0.13807980363095979,0.13807980362549907,0.13807980362138444,0.1380798036234378,0.13807980363095979,0.1380798036459171,0.13807980363095979,0.1380798036234378,0.13807980362138444,0.13807980362549907,0.13807980363095979,0.13807980362549907,0.13807980362138444,0.1380798036192844,0.13807980362138444,0.1380798036234378,0.13807980362138444,0.1380798036192844,0.13704476570214477,0.1370447657052955,0.1370447657090655,0.1370447657052955,0.13704476570214477,0.1370447657052955,0.13704476571296229,0.13704476572818527,0.13704476571296229,0.1370447657052955,0.1370447657090655,0.13704476572818527,0.1370447658120773,0.13704476572818527,0.1370447657090655,0.1370447657052955,0.13704476571296229,0.13704476572818527,0.13704476571296229,0.1370447657052955,0.13704476570214477,0.1370447657052955,0.1370447657090655,0.1370447657052955,0.13704476570214477,0.1360297322697519,0.13602973227191992,0.13602973227403065,0.13602973227191992,0.1360297322697519,0.13602973227191992,0.13602973227614287,0.1360297322817593,0.13602973227614287,0.13602973227191992,0.13602973227403065,0.1360297322817593,0.13602973229728615,0.1360297322817593,0.13602973227403065,0.13602973227191992,0.13602973227614287,0.1360297322817593,0.13602973227614287,0.13602973227191992,0.1360297322697519,0.13602973227191992,0.13602973227403065,0.13602973227191992,0.1360297322697519,0.1350342517460196,0.13503425174737088,0.13503425174848316,0.13503425174737088,0.1350342517460196,0.13503425174737088,0.13503425174953682,0.1350342517516775,0.13503425174953682,0.13503425174737088,0.13503425174848316,0.1350342517516775,0.13503425175555936,0.1350342517516775,0.13503425174848316,0.13503425174737088,0.13503425174953682,0.1350342517516775,0.13503425174953682,0.13503425174737088,0.1350342517460196,0.13503425174737088,0.13503425174848316,0.13503425174737088,0.1350342517460196
0.16533248793175742,0.16533248793175742,0.16533248793175717,0.16533248793175742,0.16533248793175742,0.16533248793175742,0.16533248793175717,0.16533248793175692,0.16533248793175717,0.16533248793175742,0.16533248793175717,0.16533248793175692,0.16533248793175667,0.16533248793175692,0.16533248793175717,0.16533248793175742,0.16533248793175717,0.16533248793175692,0.16533248793175717,0.16533248793175742,0.16533248793175742,0.16533248793175742,0.16533248793175717,0.16533248793175742,0.16533248793175742,0.1637574942100468,0.16375749421004634,0.16375749421004587,0.16375749421004634,0.1637574942100468,0.16375749421004634,0.16375749421004565,0.16375749421004543,0.16375749421004565,0.16375749421004634,0.16375749421004587,0.16375749421004543,0.16375749421004496,0.16375749421004543,0.16375749421004587,0.16375749421004634,0.16375749421004565,0.16375749421004543,0.16375749421004565,0.16375749421004634,0.1637574942100468,0.16375749421004634,0.16375749421004587,0.16375749421004634,0.1637574942100468,0.16221388442028692,0.16221388442028534,0.1622138844202842,0.16221388442028534,0.16221388442028692,0.16221388442028534,0.16221388442028353,0.16221388442028262,0.16221388442028378,0.16221388442028534,0.1622138844202842,0.16221388442028262,0.16221388442028148,0.16221388442028262,0.16221388442028445,0.16221388442028534,0.16221388442028378,0.16221388442028262,0.16221388442028378,0.16221388442028534,0.16221388442028692,0.16221388442028534,0.16221388442028445,0.16221388442028534,0.16221388442028692,0.16070106751952018,0.16070106751951552,0.16070106751951238,0.16070106751951552,0.16070106751952018,0.16070106751951552,0.1607010675195104,0.16070106751950683,0.1607010675195104,0.16070106751951552,0.16070106751951238,0.16070106751950683,0.1607010675195033,0.16070106751950683,0.16070106751951238,0.16070106751951552,0.1607010675195104,0.16070106751950683,0.1607010675195104,0.16070106751951552,0.16070106751952018,0.16070106751951552,0.16070106751951238,0.16070106751951552,0.16070106751952018,0.15921845188273093,0.1592184518827172,0.15921845188270803,0.1592184518827172,0.15921845188273093,0.1592184518827172,0.15921845188270106,0.1592184518826904,0.15921845188270106,0.1592184518827172,0.15921845188270803,0.1592184518826904,0.15921845188267866,0.1592184518826904,0.15921845188270803,0.1592184518827172,0.15921845188270106,0.1592184518826904,0.15921845188270106,0.1592184518827172,0.15921845188273093,0.1592184518827172,0.15921845188270803,0.1592184518827172,0.15921845188273093,0.1577654466547055,0.15776544665466474,0.15776544665463765,0.15776544665466474,0.1577654466547055,0.15776544665466474,0.1577654466546157,0.15776544665458153,0.1577654466546157,0.15776544665466474,0.15776544665463765,0.15776544665458153,0.15776544665454165,0.15776544665458153,0.15776544665463765,0.15776544665466474,0.1577654466546157,0.15776544665458153,0.1577654466546157,0.15776544665466474,0.1577654466547055,0.15776544665466474,0.15776544665463765,0.15776544665466474,0.1577654466547055,0.1563414629643777,0.1563414629642625,0.156341462964182,0.1563414629642625,0.1563414629643777,0.1563414629642625,0.1563414629641132,0.15634146296400153,0.1563414629641132,0.1563414629642625,0.156341462964182,0.15634146296400153,0.15634146296385976,0.15634146296400153,0.156341462964182,0.1563414629642625,0.1563414629641132,0.15634146296400153,0.1563414629641132,0.1563414629642625,0.1563414629643777,0.1563414629642625,0.156341462964182,0.1563414629642625,0.1563414629643777,0.15494591501195468,0.15494591501164276,0.15494591501140934,0.15494591501164276,0.15494591501195468,0.15494591501164276,0.15494591501119886,0.1549459150108263,0.15494591501119886,0.15494591501164276,0.15494591501140934,0.1549459150108263,0.15494591501028057,0.1549459150108263,0.15494591501140934,0.15494591501164276,0.15494591501119886,0.1549459150108263,0.15494591501119886,0.15494591501164276,0.15494591501195468,0.15494591501164276,0.15494591501140934,0.15494591501164276,0.15494591501195468,0.15357822103857438,0.15357822103779512,0.153578221037148,0.15357822103779512,0.15357822103857438,0.15357822103779512,0.1535782210365332,0.15357822103526828,0.1535782210365332,0.15357822103779512,0.153578221037148,0.15357822103526828,0.15357822103293872,0.15357822103526828,0.153578221037148,0.15357822103779512,0.1535782210365332,0.15357822103526828,0.1535782210365332,0.15357822103779512,0.15357822103857438,0.15357822103779512,0.153578221037148,0.15357822103779512,0.15357822103857438,0.15223780418772262,0.1522378041860233,0.15223780418439212,0.1522378041860233,0.15223780418772262,0.1522378041860233,0.15223780418276503,0.1522378041785487,0.15223780418276503,0.1522378041860233,0.15223780418439212,0.1522378041785487,0.15223780416731153,0.1522378041785487,0.15223780418439212,0.1522378041860233,0.15223780418276503,0.1522378041785487,0.15223780418276503,0.1522378041860233,0.15223780418772262,0.1522378041860233,0.15223780418439212,0.1522378041860233,0.15223780418772262,0.15092409326692166,0.15092409326407186,0.15092409326080922,0.15092409326407186,0.15092409326692166,0.15092409326407186,0.15092409325744968,0.15092409324528533,0.15092409325744968,0.15092409326407186,0.15092409326080922,0.15092409324528533,0.15092409318389144,0.15092409324528533,0.15092409326080922,0.15092409326407186,0.15092409325744968,0.15092409324528533,0.15092409325744968,0.15092409326407186,0.15092409326692166,0.15092409326407186,0.15092409326080922,0.15092409326407186,0.15092409326692166,0.1496365234168754,0.14963652341423841,0.14963652341135036,0.14963652341423841,0.1496365234168754,0.14963652341423841,0.14963652340839023,0.14963652339857833,0.14963652340839023,0.14963652341423841,0.14963652341135036,0.14963652339857833,0.14963652335559632,0.14963652339857833,0.14963652341135036,0.14963652341423841,0.14963652340839023,0.14963652339857833,0.14963652340839023,0.14963652341423841,0.1496365234168754,0.14963652341423841,0.14963652341135036,0.14963652341423841,0.1496365234168754,0.14837453669360431,0.14837453669203532,0.14837453669045372,0.14837453669203532,0.14837453669360431,0.14837453669203532,0.14837453668886025,0.14837453668417716,0.14837453668886025,0.14837453669203532,0.14837453669045372,0.14837453668417716,0.14837453666649206,0.14837453668417716,0.14837453669045372,0.14837453669203532,0.14837453668886025,0.14837453668417716,0.14837453668886025,0.14837453669203532,0.14837453669360431,0.14837453669203532,0.14837453669045372,0.14837453669203532,0.14837453669360431,0.1471375825777934,0.14713758257735815,0.14713758257702395,0.14713758257735815,0.1471375825777934,0.14713758257735815,0.1471375825767144,0.14713758257624135,0.1471375825767144,0.14713758257735815,0.14713758257702395,0.14713758257624135,0.14713758257661666,0.14713758257624135,0.14713758257702395,0.14713758257735815,0.1471375825767144,0.14713758257624135,0.1471375825767144,0.14713758257735815,0.1471375825777934,0.14713758257735815,0.14713758257702395,0.14713758257735815,0.1471375825777934,0.14592511841422928,0.14592511841460462,0.14592511841509145,0.14592511841460462,0.14592511841422928,0.14592511841460462,0.1459251184156116,0.1459251184175737,0.1459251184156116,0.14592511841460462,0.14592511841509145,0.1459251184175737,0.14592511842707376,0.1459251184175737,0.14592511841509145,0.14592511841460462,0.1459251184156116,0.1459251184175737,0.1459251184156116,0.14592511841460462,0.14592511841422928,0.14592511841460462,0.14592511841509145,0.14592511841460462,0.14592511841422928,0.14473660978605138,0.14473660978686861,0.14473660978778463,0.14473660978686861,0.14473660978605138,0.14473660978686861,0.14473660978873054,0.14473660979193756,0.14473660978873054,0.14473660978686861,0.14473660978778463,0.14473660979193756,0.1447366098064304,0.14473660979193756,0.14473660978778463,0.14473660978686861,0.14473660978873054,0.14473660979193756,0.14473660978873054,0.14473660978686861,0.14473660978605138,0.14473660978686861,0.14473660978778463,0.14473660978686861,0.14473660978605138,0.1435715308296251,0.1435715308305527,0.14357153083153232,0.1435715308305527,0.1435715308296251,0.1435715308305527,0.14357153083252838,0.14357153083570254,0.14357153083252838,0.1435715308305527,0.14357153083153232,0.14357153083570254,0.14357153084923088,0.14357153083570254,0.14357153083153232,0.1435715308305527,0.14357153083252838,0.14357153083570254,0.14357153083252838,0.1435715308305527,0.1435715308296251,0.1435715308305527,0.14357153083153232,0.1435715308305527,0.1435715308296251,0.14242936449584875,0.14242936449671034,0.14242936449756555,0.14242936449671034,0.14242936449584875,0.14242936449671034,0.14242936449842075,0.14242936450092847,0.14242936449842075,0.14242936449671034,0.14242936449756555,0.14242936450092847,0.14242936451051363,0.14242936450092847,0.14242936449756555,0.14242936449671034,0.14242936449842075,0.14242936450092847,0.14242936449842075,0.14242936449671034,0.14242936449584875,0.14242936449671034,0.14242936449756555,0.14242936449671034,0.14242936449584875,0.1413096027627203,0.14130960276353524,0.14130960276431892,0.14130960276353524,0.1413096027627203,0.14130960276353524,0.14130960276509158,0.1413096027673247,0.14130960276509158,0.14130960276353524,0.14130960276431892,0.1413096027673247,0.14130960277598825,0.1413096027673247,0.14130960276431892,0.14130960276353524,0.14130960276509158,0.1413096027673247,0.14130960276509158,0.14130960276353524,0.1413096027627203,0.14130960276353524,0.14130960276431892,0.14130960276353524,0.1413096027627203,0.14021174680384874,0.140211746804725,0.1402117468055266,0.140211746804725,0.14021174680384874,0.140211746804725,0.14021174680630336,0.14021174680843784,0.14021174680630336,0.140211746804725,0.1402117468055266,0.14021174680843784,0.14021174681665546,0.14021174680843784,0.1402117468055266,0.140211746804725,0.14021174680630336,0.14021174680843784,0.14021174680630336,0.140211746804725,0.14021174680384874,0.140211746804725,0.1402117468055266,0.140211746804725,0.14021174680384874,0.13913530711739786,0.13913530711859382,0.13913530711961616,0.13913530711859382,0.13913530711739786,0.13913530711859382,0.13913530712060027,0.13913530712271532,0.13913530712060027,0.13913530711859382,0.13913530711961616,0.13913530712271532,0.13913530712701108,0.13913530712271532,0.13913530711961616,0.13913530711859382,0.13913530712060027,0.13913530712271532,0.13913530712060027,0.13913530711859382,0.13913530711739786,0.13913530711859382,0.13913530711961616,0.13913530711859382,0.13913530711739786,0.13807980361898115,0.13807980362107838,0.1380798036231291,0.13807980362107838,0.13807980361898115,0.13807980362107838,0.13807980362518743,0.13807980363064135,0.13807980362518743,0.13807980362107838,0.1380798036231291,0.13807980363064135,0.13807980364558003,0.13807980363064135,0.1380798036231291,0.13807980362107838,0.13807980362518743,0.13807980363064135,0.13807980362518743,0.13807980362107838,0.13807980361898115,0.13807980362107838,0.1380798036231291,0.13807980362107838,0.13807980361898115,0.13704476570183155,0.13704476570497834,0.13704476570874377,0.13704476570497834,0.13704476570183155,0.13704476570497834,0.13704476571263602,0.13704476572784105,0.13704476571263602,0.13704476570497834,0.13704476570874377,0.13704476572784105,0.1370447658116571,0.13704476572784105,0.13704476570874377,0.13704476570497834,0.13704476571263602,0.13704476572784105,0.13704476571263602,0.13704476570497834,0.13704476570183155,0.13704476570497834,0.13704476570874377,0.13704476570497834,0.13704476570183155,0.13602973226943638,0.1360297322716017,0.13602973227370993,0.1360297322716017,0.13602973226943638,0.1360297322716017,0.13602973227581963,0.13602973228142945,0.13602973227581963,0.1360297322716017,0.13602973227370993,0.13602973228142945,0.136029732296938,0.13602973228142945,0.13602973227370993,0.1360297322716017,0.13602973227581963,0.13602973228142945,0.13602973227581963,0.1360297322716017,0.13602973226943638,0.1360297322716017,0.13602973227370993,0.1360297322716017,0.13602973226943638,0.13503425174570682,0.13503425174705644,0.13503425174816744,0.13503425174705644,0.13503425174570682,0.13503425174705644,0.1350342517492199,0.13503425175135791,0.1350342517492199,0.13503425174705644,0.13503425174816744,0.13503425175135791,0.13503425175523529,0.13503425175135791,0.13503425174816744,0.13503425174705644,0.1350342517492199,0.13503425175135791,0.1350342517492199,0.13503425174705644,0.13503425174570682,0.13503425174705644,0.13503425174816744,0.13503425174705644,0.13503425174570682
0.1653324879319894,0.1653324879319894,0.16533248793198915,0.1653324879319894,0.1653324879319894,0.1653324879319894,0.16533248793198915,0.1653324879319889,0.16533248793198915,0.1653324879319894,0.16533248793198915,0.1653324879319889,0.16533248793198868,0.1653324879319889,0.16533248793198915,0.1653324879319894,0.16533248793198915,0.1653324879319889,0.16533248793198915,0.1653324879319894,0.1653324879319894,0.1653324879319894,0.16533248793198915,0.1653324879319894,0.1653324879319894,0.16375749421027416,0.1637574942102737,0.16375749421027325,0.1637574942102737,0.16375749421027416,0.1637574942102737,0.163757494210273,0.16375749421027277,0.163757494210273,0.1637574942102737,0.16375749421027325,0.16375749421027277,0.16375749421027233,0.16375749421027277,0.16375749421027325,0.1637574942102737,0.163757494210273,0.16375749421027277,0.163757494210273,0.1637574942102737,0.16375749421027416,0.1637574942102737,0.16375749421027325,0.1637574942102737,0.16375749421027416,0.16221388442050952,0.16221388442050816,0.16221388442050705,0.16221388442050816,0.16221388442050952,0.16221388442050816,0.16221388442050635,0.16221388442050544,0.16221388442050635,0.16221388442050816,0.16221388442050705,0.16221388442050544,0.16221388442050433,0.16221388442050544,0.16221388442050705,0.16221388442050816,0.16221388442050635,0.16221388442050544,0.16221388442050635,0.16221388442050816,0.16221388442050952,0.16221388442050816,0.16221388442050705,0.16221388442050816,0.16221388442050952,0.16070106751973834,0.16070106751973368,0.1607010675197308,0.16070106751973368,0.16070106751973834,0.16070106751973368,0.16070106751972854,0.1607010675197252,0.16070106751972854,0.16070106751973368,0.1607010675197308,0.1607010675197252,0.16070106751972166,0.1607010675197252,0.1607010675197308,0.16070106751973368,0.16070106751972854,0.1607010675197252,0.16070106751972854,0.16070106751973368,0.16070106751973834,0.16070106751973368,0.1607010675197308,0.16070106751973368,0.16070106751973834,0.15921845188294492,0.15921845188293096,0.15921845188292186,0.15921845188293096,0.15921845188294492,0.15921845188293096,0.15921845188291509,0.15921845188290443,0.15921845188291509,0.15921845188293096,0.15921845188292186,0.15921845188290443,0.1592184518828927,0.15921845188290443,0.15921845188292186,0.15921845188293096,0.15921845188291509,0.15921845188290443,0.15921845188291509,0.15921845188293096,0.15921845188294492,0.15921845188293096,0.15921845188292186,0.15921845188293096,0.15921845188294492,0.15776544665491482,0.15776544665487427,0.1577654466548472,0.15776544665487427,0.15776544665491482,0.15776544665487427,0.1577654466548252,0.15776544665479106,0.1577654466548252,0.15776544665487427,0.1577654466548472,0.15776544665479106,0.15776544665475137,0.15776544665479106,0.1577654466548472,0.15776544665487427,0.1577654466548252,0.15776544665479106,0.1577654466548252,0.15776544665487427,0.15776544665491482,0.15776544665487427,0.1577654466548472,0.15776544665487427,0.15776544665491482,0.15634146296458262,0.1563414629644674,0.1563414629643871,0.1563414629644674,0.15634146296458262,0.1563414629644674,0.15634146296431856,0.15634146296420728,0.15634146296431856,0.1563414629644674,0.1563414629643871,0.15634146296420728,0.1563414629640655,0.15634146296420728,0.1563414629643871,0.1563414629644674,0.15634146296431856,0.15634146296420728,0.15634146296431856,0.1563414629644674,0.15634146296458262,0.1563414629644674,0.1563414629643871,0.1563414629644674,0.15634146296458262,0.1549459150121545,0.15494591501184318,0.15494591501161037,0.15494591501184318,0.1549459150121545,0.15494591501184318,0.15494591501140031,0.15494591501102856,0.15494591501140031,0.15494591501184318,0.15494591501161037,0.15494591501102856,0.15494591501048385,0.15494591501102856,0.15494591501161037,0.15494591501184318,0.15494591501140031,0.15494591501102856,0.15494591501140031,0.15494591501184318,0.1549459150121545,0.15494591501184318,0.15494591501161037,0.15494591501184318,0.1549459150121545,0.15357822103876798,0.15357822103799032,0.1535782210373446,0.15357822103799032,0.15357822103876798,0.15357822103799032,0.15357822103673102,0.15357822103546873,0.15357822103673102,0.15357822103799032,0.1535782210373446,0.15357822103546873,0.15357822103314397,0.15357822103546873,0.1535782210373446,0.15357822103799032,0.15357822103673102,0.15357822103546873,0.15357822103673102,0.15357822103799032,0.15357822103876798,0.15357822103799032,0.1535782210373446,0.15357822103799032,0.15357822103876798,0.15223780418790644,0.15223780418621088,0.15223780418458302,0.15223780418621088,0.15223780418790644,0.15223780418621088,0.1522378041829595,0.15223780417875166,0.1522378041829595,0.15223780418621088,0.15223780418458302,0.15223780417875166,0.15223780416753693,0.15223780417875166,0.15223780418458302,0.15223780418621088,0.1522378041829595,0.15223780417875166,0.1522378041829595,0.15223780418621088,0.15223780418790644,0.15223780418621088,0.15223780418458302,0.15223780418621088,0.15223780418790644,0.15092409326708855,0.1509240932642449,0.15092409326098938,0.1509240932642449,0.15092409326708855,0.1509240932642449,0.1509240932576372,0.15092409324549794,0.1509240932576372,0.1509240932642449,0.15092409326098938,0.15092409324549794,0.15092409318426858,0.15092409324549794,0.15092409326098938,0.1509240932642449,0.1509240932576372,0.15092409324549794,0.1509240932576372,0.1509240932642449,0.15092409326708855,0.1509240932642449,0.15092409326098938,0.1509240932642449,0.15092409326708855,0.14963652341701153,0.14963652341438152,0.14963652341150105,0.14963652341438152,0.14963652341701153,0.14963652341438152,0.14963652340854852,0.14963652339876132,0.14963652340854852,0.14963652341438152,0.14963652341150105,0.14963652339876132,0.1496365233558624,0.14963652339876132,0.14963652341150105,0.14963652341438152,0.14963652340854852,0.14963652339876132,0.14963652340854852,0.14963652341438152,0.14963652341701153,0.14963652341438152,0.14963652341150105,0.14963652341438152,0.14963652341701153,0.14837453669369496,0.1483745366921317,0.1483745366905562,0.1483745366921317,0.14837453669369496,0.1483745366921317,0.14837453668896886,0.14837453668430559,0.14837453668896886,0.1483745366921317,0.1483745366905562,0.14837453668430559,0.14837453666670555,0.14837453668430559,0.1483745366905562,0.1483745366921317,0.14837453668896886,0.14837453668430559,0.14837453668896886,0.1483745366921317,0.14837453669369496,0.1483745366921317,0.1483745366905562,0.1483745366921317,0.14837453669369496,0.1471375825778265,0.14713758257739432,0.14713758257706316,0.14713758257739432,0.1471375825778265,0.14713758257739432,0.14713758257675671,0.14713758257629403,0.14713758257675671,0.14713758257739432,0.14713758257706316,0.14713758257629403,0.14713758257671258,0.14713758257629403,0.14713758257706316,0.14713758257739432,0.14713758257675671,0.14713758257629403,0.14713758257675671,0.14713758257739432,0.1471375825778265,0.14713758257739432,0.14713758257706316,0.14713758257739432,0.1471375825778265,0.14592511841419775,0.14592511841457276,0.14592511841505942,0.14592511841457276,0.14592511841419775,0.14592511841457276,0.14592511841557917,0.14592511841754002,0.14592511841557917,0.14592511841457276,0.14592511841505942,0.14592511841754002,0.1459251184270319,0.14592511841754002,0.14592511841505942,0.14592511841457276,0.14592511841557917,0.14592511841754002,0.14592511841557917,0.14592511841457276,0.14592511841419775,0.14592511841457276,0.14592511841505942,0.14592511841457276,0.14592511841419775,0.14473660978595487,0.1447366097867686,0.14473660978768116,0.1447366097867686,0.14473660978595487,0.1447366097867686,0.14473660978862335,0.14473660979181974,0.14473660978862335,0.1447366097867686,0.14473660978768116,0.14473660979181974,0.14473660980628555,0.14473660979181974,0.14473660978768116,0.1447366097867686,0.14473660978862335,0.14473660979181974,0.14473660978862335,0.1447366097867686,0.14473660978595487,0.1447366097867686,0.14473660978768116,0.1447366097867686,0.14473660978595487,0.14357153082946938,0.143571530830391,0.14357153083136395,0.143571530830391,0.14357153082946938,0.143571530830391,0.14357153083235313,0.14357153083550403,0.14357153083235313,0.143571530830391,0.14357153083136395,0.14357153083550403,0.14357153084892835,0.14357153083550403,0.14357153083136395,0.143571530830391,0.14357153083235313,0.14357153083550403,0.14357153083235313,0.143571530830391,0.14357153082946938,0.143571530830391,0.14357153083136395,0.143571530830391,0.14357153082946938,0.14242936449564544,0.14242936449650065,0.14242936449734897,0.14242936449650065,0.14242936449564544,0.14242936449650065,0.14242936449819696,0.1424293645006807,0.14242936449819696,0.14242936449650065,0.14242936449734897,0.1424293645006807,0.14242936451017832,0.1424293645006807,0.14242936449734897,0.14242936449650065,0.14242936449819696,0.1424293645006807,0.14242936449819696,0.14242936449650065,0.14242936449564544,0.14242936449650065,0.14242936449734897,0.14242936449650065,0.14242936449564544,0.14130960276248167,0.14130960276329202,0.14130960276407106,0.14130960276329202,0.14130960276248167,0.14130960276329202,0.14130960276483912,0.14130960276705926,0.14130960276483912,0.14130960276329202,0.14130960276407106,0.14130960276705926,0.14130960277565752,0.14130960276705926,0.14130960276407106,0.14130960276329202,0.14130960276483912,0.14130960276705926,0.14130960276483912,0.14130960276329202,0.14130960276248167,0.14130960276329202,0.14130960276407106,0.14130960276329202,0.14130960276248167,0.14021174680358398,0.14021174680445697,0.14021174680525553,0.14021174680445697,0.14021174680358398,0.14021174680445697,0.14021174680602935,0.14021174680815565,0.14021174680602935,0.14021174680445697,0.14021174680525553,0.14021174680815565,0.14021174681633794,0.14021174680815565,0.14021174680525553,0.14021174680445697,0.14021174680602935,0.14021174680815565,0.14021174680602935,0.14021174680445697,0.14021174680358398,0.14021174680445697,0.14021174680525553,0.14021174680445697,0.14021174680358398,0.13913530711711294,0.13913530711830638,0.1391353071193268,0.13913530711830638,0.13913530711711294,0.13913530711830638,0.13913530712030886,0.13913530712241964,0.13913530712030886,0.13913530711830638,0.1391353071193268,0.13913530712241964,0.13913530712670638,0.13913530712241964,0.1391353071193268,0.13913530711830638,0.13913530712030886,0.13913530712241964,0.13913530712030886,0.13913530711830638,0.13913530711711294,0.13913530711830638,0.1391353071193268,0.13913530711830638,0.13913530711711294,0.13807980361868083,0.13807980362077513,0.13807980362282307,0.13807980362077513,0.13807980361868083,0.13807980362077513,0.13807980362487893,0.13807980363032585,0.13807980362487893,0.13807980362077513,0.13807980362282307,0.13807980363032585,0.13807980364524639,0.13807980363032585,0.13807980362282307,0.13807980362077513,0.13807980362487893,0.13807980363032585,0.13807980362487893,0.13807980362077513,0.13807980361868083,0.13807980362077513,0.13807980362282307,0.13807980362077513,0.13807980361868083,0.13704476570152127,0.13704476570466423,0.13704476570842525,0.13704476570466423,0.13704476570152127,0.13704476570466423,0.13704476571231292,0.13704476572750002,0.13704476571231292,0.13704476570466423,0.13704476570842525,0.13704476572750002,0.13704476581122985,0.13704476572750002,0.13704476570842525,0.13704476570466423,0.13704476571231292,0.13704476572750002,0.13704476571231292,0.13704476570466423,0.13704476570152127,0.13704476570466423,0.13704476570842525,0.13704476570466423,0.13704476570152127,0.1360297322691237,0.1360297322712865,0.1360297322733922,0.1360297322712865,0.1360297322691237,0.1360297322712865,0.1360297322754995,0.13602973228110277,0.1360297322754995,0.1360297322712865,0.1360297322733922,0.13602973228110277,0.1360297322965933,0.13602973228110277,0.1360297322733922,0.1360297322712865,0.1360297322754995,0.13602973228110277,0.1360297322754995,0.1360297322712865,0.1360297322691237,0.1360297322712865,0.1360297322733922,0.1360297322712865,0.1360297322691237,0.1350342517453971,0.13503425174674494,0.13503425174785477,0.13503425174674494,0.1350342517453971,0.13503425174674494,0.13503425174890596,0.13503425175104147,0.13503425174890596,0.13503425174674494,0.13503425174785477,0.13503425175104147,0.1350342517549143,0.13503425175104147,0.13503425174785477,0.13503425174674494,0.13503425174890596,0.13503425175104147,0.13503425174890596,0.13503425174674494,0.1350342517453971,0.13503425174674494,0.13503425174785477,0.13503425174674494,0.1350342517453971
0.16533248793221947,0.16533248793221922,0.16533248793221922,0.16533248793221922,0.16533248793221947,0.16533248793221922,0.165332487932219,0.165332487932219,0.165332487932219,0.16533248793221922,0.16533248793221922,0.165332487932219,0.16533248793221877,0.165332487932219,0.16533248793221922,0.16533248793221922,0.165332487932219,0.165332487932219,0.165332487932219,0.16533248793221922,0.16533248793221947,0.16533248793221922,0.16533248793221922,0.16533248793221922,0.16533248793221947,0.16375749421049945,0.16375749421049898,0.16375749421049876,0.16375749421049898,0.16375749421049945,0.16375749421049898,0.1637574942104985,0.16375749421049804,0.1637574942104985,0.16375749421049898,0.16375749421049876,0.16375749421049804,0.16375749421049782,0.16375749421049804,0.16375749421049876,0.16375749421049898,0.1637574942104985,0.16375749421049804,0.1637574942104985,0.16375749421049898,0.16375749421049945,0.16375749421049898,0.16375749421049876,0.16375749421049898,0.16375749421049945,0.16221388442073054,0.16221388442072895,0.16221388442072782,0.16221388442072895,0.16221388442073054,0.16221388442072895,0.16221388442072734,0.1622138844207262,0.16221388442072734,0.16221388442072895,0.16221388442072782,0.1622138844207262,0.16221388442072512,0.1622138844207262,0.16221388442072804,0.16221388442072895,0.16221388442072734,0.1622138844207262,0.16221388442072734,0.16221388442072895,0.16221388442073054,0.16221388442072895,0.16221388442072804,0.16221388442072895,0.16221388442073054,0.16070106751995472,0.16070106751995006,0.16070106751994714,0.16070106751995006,0.16070106751995472,0.16070106751995006,0.16070106751994495,0.16070106751994162,0.16070106751994495,0.16070106751995006,0.16070106751994714,0.16070106751994162,0.16070106751993807,0.16070106751994162,0.16070106751994714,0.16070106751995006,0.16070106751994495,0.16070106751994162,0.16070106751994495,0.16070106751995006,0.16070106751995472,0.16070106751995006,0.16070106751994714,0.16070106751995006,0.16070106751995472,0.15921845188315678,0.15921845188314285,0.15921845188313388,0.15921845188314285,0.15921845188315678,0.15921845188314285,0.15921845188312692,0.15921845188311626,0.15921845188312692,0.15921845188314285,0.15921845188313388,0.15921845188311626,0.1592184518831045,0.15921845188311626,0.15921845188313388,0.15921845188314285,0.15921845188312692,0.15921845188311626,0.15921845188312692,0.15921845188314285,0.15921845188315678,0.15921845188314285,0.15921845188313388,0.15921845188314285,0.15921845188315678,0.15776544665512243,0.15776544665508185,0.1577654466550548,0.15776544665508185,0.15776544665512243,0.15776544665508185,0.1577654466550328,0.1577654466549989,0.1577654466550328,0.15776544665508185,0.1577654466550548,0.1577654466549989,0.1577654466549592,0.1577654466549989,0.1577654466550548,0.15776544665508185,0.1577654466550328,0.1577654466549989,0.1577654466550328,0.15776544665508185,0.15776544665512243,0.15776544665508185,0.1577654466550548,0.15776544665508185,0.15776544665512243,0.15634146296478568,0.15634146296467066,0.15634146296459056,0.15634146296467066,0.15634146296478568,0.15634146296467066,0.156341462964522,0.15634146296441095,0.156341462964522,0.15634146296467066,0.15634146296459056,0.15634146296441095,0.1563414629642696,0.15634146296441095,0.15634146296459056,0.15634146296467066,0.156341462964522,0.15634146296441095,0.156341462964522,0.15634146296467066,0.15634146296478568,0.15634146296467066,0.15634146296459056,0.15634146296467066,0.15634146296478568,0.15494591501235244,0.15494591501204197,0.15494591501180957,0.15494591501204197,0.15494591501235244,0.15494591501204197,0.15494591501159993,0.154945915011229,0.15494591501159993,0.15494591501204197,0.15494591501180957,0.154945915011229,0.1549459150106853,0.154945915011229,0.15494591501180957,0.15494591501204197,0.15494591501159993,0.154945915011229,0.15494591501159993,0.15494591501204197,0.15494591501235244,0.15494591501204197,0.15494591501180957,0.15494591501204197,0.15494591501235244,0.15357822103895977,0.15357822103818372,0.1535782210375394,0.15357822103818372,0.15357822103895977,0.15357822103818372,0.15357822103692706,0.15357822103566734,0.15357822103692706,0.15357822103818372,0.1535782210375394,0.15357822103566734,0.1535782210333472,0.15357822103566734,0.1535782210375394,0.15357822103818372,0.15357822103692706,0.15357822103566734,0.15357822103692706,0.15357822103818372,0.15357822103895977,0.15357822103818372,0.1535782210375394,0.15357822103818372,0.15357822103895977,0.15223780418808872,0.1522378041863969,0.1522378041847724,0.1522378041863969,0.15223780418808872,0.1522378041863969,0.1522378041831522,0.15223780417895302,0.1522378041831522,0.1522378041863969,0.1522378041847724,0.15223780417895302,0.15223780416776034,0.15223780417895302,0.1522378041847724,0.1522378041863969,0.1522378041831522,0.15223780417895302,0.1522378041831522,0.1522378041863969,0.15223780418808872,0.1522378041863969,0.1522378041847724,0.1522378041863969,0.15223780418808872,0.15092409326725367,0.1509240932644166,0.15092409326116804,0.1509240932644166,0.15092409326725367,0.1509240932644166,0.150924093257823,0.1509240932457086,0.150924093257823,0.1509240932644166,0.15092409326116804,0.1509240932457086,0.15092409318460118,0.1509240932457086,0.15092409326116804,0.1509240932644166,0.150924093257823,0.1509240932457086,0.150924093257823,0.1509240932644166,0.15092409326725367,0.1509240932644166,0.15092409326116804,0.1509240932644166,0.15092409326725367,0.14963652341714653,0.1496365234145232,0.14963652341165024,0.1496365234145232,0.14963652341714653,0.1496365234145232,0.14963652340870526,0.14963652339894284,0.14963652340870526,0.1496365234145232,0.14963652341165024,0.14963652339894284,0.14963652335616567,0.14963652339894284,0.14963652341165024,0.1496365234145232,0.14963652340870526,0.14963652339894284,0.14963652340870526,0.1496365234145232,0.14963652341714653,0.1496365234145232,0.14963652341165024,0.1496365234145232,0.14963652341714653,0.14837453669378484,0.14837453669222714,0.1483745366906576,0.14837453669222714,0.14837453669378484,0.14837453669222714,0.14837453668907635,0.14837453668443273,0.14837453668907635,0.14837453669222714,0.1483745366906576,0.14837453668443273,0.14837453666690145,0.14837453668443273,0.1483745366906576,0.14837453669222714,0.14837453668907635,0.14837453668443273,0.14837453668907635,0.14837453669222714,0.14837453669378484,0.14837453669222714,0.1483745366906576,0.14837453669222714,0.14837453669378484,0.1471375825778592,0.14713758257742993,0.14713758257710205,0.14713758257742993,0.1471375825778592,0.14713758257742993,0.14713758257679888,0.14713758257634615,0.14713758257679888,0.14713758257742993,0.14713758257710205,0.14713758257634615,0.1471375825768014,0.14713758257634615,0.14713758257710205,0.14713758257742993,0.14713758257679888,0.14713758257634615,0.14713758257679888,0.14713758257742993,0.1471375825778592,0.14713758257742993,0.14713758257710205,0.14713758257742993,0.1471375825778592,0.14592511841416642,0.14592511841454125,0.14592511841502753,0.14592511841454125,0.14592511841416642,0.14592511841454125,0.14592511841554695,0.14592511841750672,0.14592511841554695,0.14592511841454125,0.14592511841502753,0.14592511841750672,0.14592511842697725,0.14592511841750672,0.14592511841502753,0.14592511841454125,0.14592511841554695,0.14592511841750672,0.14592511841554695,0.14592511841454125,0.14592511841416642,0.14592511841454125,0.14592511841502753,0.14592511841454125,0.14592511841416642,0.14473660978585903,0.14473660978666947,0.14473660978757852,0.14473660978666947,0.14473660978585903,0.14473660978666947,0.14473660978851724,0.14473660979170297,0.14473660978851724,0.14473660978666947,0.14473660978757852,0.14473660979170297,0.14473660980613962,0.14473660979170297,0.14473660978757852,0.14473660978666947,0.14473660978851724,0.14473660979170297,0.14473660978851724,0.14473660978666947,0.14473660978585903,0.14473660978666947,0.14473660978757852,0.14473660978666947,0.14473660978585903,0.14357153082931523,0.14357153083023083,0.14357153083119711,0.14357153083023083,0.14357153082931523,0.14357153083023083,0.14357153083217966,0.14357153083530724,0.14357153083217966,0.14357153083023083,0.14357153083119711,0.14357153083530724,0.14357153084860272,0.14357153083530724,0.14357153083119711,0.14357153083023083,0.14357153083217966,0.14357153083530724,0.14357153083217966,0.14357153083023083,0.14357153082931523,0.14357153083023083,0.14357153083119711,0.14357153083023083,0.14357153082931523,0.142429364495444,0.14242936449629282,0.14242936449713442,0.14242936449629282,0.142429364495444,0.14242936449629282,0.14242936449797536,0.14242936450043528,0.14242936449797536,0.14242936449629282,0.14242936449713442,0.14242936450043528,0.14242936450980254,0.14242936450043528,0.14242936449713442,0.14242936449629282,0.14242936449797536,0.14242936450043528,0.14242936449797536,0.14242936449629282,0.142429364495444,0.14242936449629282,0.14242936449713442,0.14242936449629282,0.142429364495444,0.14130960276224536,0.14130960276305088,0.1413096027638255,0.14130960276305088,0.14130960276224536,0.14130960276305088,0.14130960276458895,0.14130960276679627,0.14130960276458895,0.14130960276305088,0.1413096027638255,0.14130960276679627,0.14130960277536034,0.14130960276679627,0.1413096027638255,0.14130960276305088,0.14130960276458895,0.14130960276679627,0.14130960276458895,0.14130960276305088,0.14130960276224536,0.14130960276305088,0.1413096027638255,0.14130960276305088,0.14130960276224536,0.1402117468033216,0.1402117468041914,0.14021174680498702,0.1402117468041914,0.1402117468033216,0.1402117468041914,0.140211746805758,0.1402117468078762,0.140211746805758,0.1402117468041914,0.14021174680498702,0.1402117468078762,0.1402117468160335,0.1402117468078762,0.14021174680498702,0.1402117468041914,0.140211746805758,0.1402117468078762,0.140211746805758,0.1402117468041914,0.1402117468033216,0.1402117468041914,0.14021174680498702,0.1402117468041914,0.1402117468033216,0.1391353071168307,0.13913530711802177,0.13913530711904018,0.13913530711802177,0.1391353071168307,0.13913530711802177,0.1391353071200203,0.13913530712212682,0.1391353071200203,0.13913530711802177,0.13913530711904018,0.13913530712212682,0.13913530712640454,0.13913530712212682,0.13913530711904018,0.13913530711802177,0.1391353071200203,0.13913530712212682,0.1391353071200203,0.13913530711802177,0.1391353071168307,0.13913530711802177,0.13913530711904018,0.13913530711802177,0.1391353071168307,0.13807980361838332,0.1380798036204748,0.13807980362252012,0.1380798036204748,0.13807980361838332,0.1380798036204748,0.13807980362457317,0.13807980363001326,0.13807980362457317,0.1380798036204748,0.13807980362252012,0.13807980363001326,0.13807980364491584,0.13807980363001326,0.13807980362252012,0.1380798036204748,0.13807980362457317,0.13807980363001326,0.13807980362457317,0.1380798036204748,0.13807980361838332,0.1380798036204748,0.13807980362252012,0.1380798036204748,0.13807980361838332,0.13704476570121396,0.13704476570435314,0.13704476570810975,0.13704476570435314,0.13704476570121396,0.13704476570435314,0.13704476571199273,0.13704476572716218,0.13704476571199273,0.13704476570435314,0.13704476570810975,0.13704476572716218,0.13704476581078467,0.13704476572716218,0.13704476570810975,0.13704476570435314,0.13704476571199273,0.13704476572716218,0.13704476571199273,0.13704476570435314,0.13704476570121396,0.13704476570435314,0.13704476570810975,0.13704476570435314,0.13704476570121396,0.13602973226881415,0.13602973227097442,0.13602973227307769,0.13602973227097442,0.13602973226881415,0.13602973227097442,0.1360297322751825,0.1360297322807792,0.1360297322751825,0.13602973227097442,0.13602973227307769,0.1360297322807792,0.1360297322962518,0.1360297322807792,0.13602973227307769,0.13602973227097442,0.1360297322751825,0.1360297322807792,0.1360297322751825,0.13602973227097442,0.13602973226881415,0.13602973227097442,0.13602973227307769,0.13602973227097442,0.13602973226881415,0.13503425174509026,0.13503425174643666,0.13503425174754505,0.13503425174643666,0.13503425174509026,0.13503425174643666,0.13503425174859504,0.13503425175072808,0.13503425174859504,0.13503425174643666,0.13503425174754505,0.13503425175072808,0.13503425175459652,0.13503425175072808,0.13503425174754505,0.13503425174643666,0.13503425174859504,0.13503425175072808,0.13503425174859504,0.13503425174643666,0.13503425174509026,0.13503425174643666,0.13503425174754505,0.13503425174643666,0.13503425174509026
0.16533248793244743,0.1653324879324472,0.16533248793244695,0.1653324879324472,0.16533248793244743,0.1653324879324472,0.16533248793244695,0.16533248793244673,0.16533248793244695,0.1653324879324472,0.16533248793244695,0.16533248793244673,0.16533248793244673,0.16533248793244673,0.16533248793244695,0.1653324879324472,0.16533248793244695,0.16533248793244673,0.16533248793244695,0.1653324879324472,0.16533248793244743,0.1653324879324472,0.16533248793244695,0.1653324879324472,0.16533248793244743,0.1637574942107229,0.16375749421072214,0.16375749421072194,0.16375749421072214,0.1637574942107229,0.16375749421072214,0.1637574942107217,0.16375749421072147,0.1637574942107217,0.16375749421072214,0.16375749421072194,0.16375749421072147,0.163757494210721,0.16375749421072147,0.16375749421072194,0.16375749421072214,0.1637574942107217,0.16375749421072147,0.1637574942107217,0.16375749421072214,0.1637574942107229,0.16375749421072214,0.16375749421072194,0.16375749421072214,0.1637574942107229,0.16221388442094928,0.1622138844209477,0.16221388442094678,0.1622138844209477,0.16221388442094928,0.1622138844209477,0.16221388442094611,0.16221388442094495,0.16221388442094611,0.1622138844209477,0.16221388442094678,0.16221388442094495,0.16221388442094387,0.16221388442094495,0.16221388442094678,0.1622138844209477,0.16221388442094611,0.16221388442094495,0.16221388442094611,0.1622138844209477,0.16221388442094928,0.1622138844209477,0.16221388442094678,0.1622138844209477,0.16221388442094928,0.16070106752016908,0.16070106752016444,0.16070106752016156,0.16070106752016444,0.16070106752016908,0.16070106752016444,0.1607010675201593,0.160701067520156,0.1607010675201593,0.16070106752016444,0.16070106752016156,0.160701067520156,0.16070106752015245,0.160701067520156,0.16070106752016156,0.16070106752016444,0.1607010675201593,0.160701067520156,0.1607010675201593,0.16070106752016444,0.16070106752016908,0.16070106752016444,0.16070106752016156,0.16070106752016444,0.16070106752016908,0.15921845188336664,0.15921845188335293,0.159218451883344,0.15921845188335293,0.15921845188336664,0.15921845188335293,0.15921845188333703,0.15921845188332634,0.15921845188333703,0.15921845188335293,0.159218451883344,0.15921845188332634,0.1592184518833146,0.15921845188332634,0.159218451883344,0.15921845188335293,0.15921845188333703,0.15921845188332634,0.15921845188333703,0.15921845188335293,0.15921845188336664,0.15921845188335293,0.159218451883344,0.15921845188335293,0.15921845188336664,0.1577654466553279,0.15776544665528758,0.1577654466552605,0.15776544665528758,0.1577654466553279,0.15776544665528758,0.1577654466552387,0.15776544665520478,0.1577654466552387,0.15776544665528758,0.1577654466552605,0.15776544665520478,0.1577654466551651,0.15776544665520478,0.1577654466552605,0.15776544665528758,0.1577654466552387,0.15776544665520478,0.1577654466552387,0.15776544665528758,0.1577654466553279,0.15776544665528758,0.1577654466552605,0.15776544665528758,0.1577654466553279,0.15634146296498663,0.15634146296487206,0.15634146296479215,0.15634146296487206,0.15634146296498663,0.15634146296487206,0.1563414629647238,0.15634146296461296,0.1563414629647238,0.15634146296487206,0.15634146296479215,0.15634146296461296,0.15634146296447182,0.15634146296461277,0.15634146296479215,0.15634146296487206,0.1563414629647238,0.15634146296461277,0.1563414629647238,0.15634146296487206,0.15634146296498663,0.15634146296487206,0.15634146296479215,0.15634146296487206,0.15634146296498663,0.15494591501254878,0.1549459150122389,0.1549459150120069,0.1549459150122389,0.15494591501254878,0.1549459150122389,0.15494591501179766,0.15494591501142738,0.15494591501179766,0.1549459150122389,0.1549459150120069,0.15494591501142738,0.15494591501088492,0.15494591501142738,0.1549459150120069,0.1549459150122389,0.15494591501179766,0.15494591501142738,0.15494591501179766,0.1549459150122389,0.15494591501254878,0.1549459150122389,0.1549459150120069,0.1549459150122389,0.15494591501254878,0.15357822103914998,0.15357822103837554,0.15357822103773242,0.15357822103837554,0.15357822103914998,0.15357822103837554,0.15357822103712127,0.1535782210358642,0.15357822103712127,0.15357822103837554,0.15357822103773242,0.1535782210358642,0.15357822103354846,0.1535782210358642,0.15357822103773242,0.15357822103837554,0.15357822103712127,0.1535782210358642,0.15357822103712127,0.15357822103837554,0.15357822103914998,0.15357822103837554,0.15357822103773242,0.15357822103837554,0.15357822103914998,0.15223780418826943,0.15223780418658092,0.15223780418495997,0.15223780418658092,0.15223780418826943,0.15223780418658092,0.15223780418334293,0.15223780417915223,0.15223780418334293,0.15223780418658092,0.15223780418495997,0.15223780417915223,0.15223780416798177,0.15223780417915223,0.15223780418495997,0.15223780418658092,0.15223780418334293,0.15223780417915223,0.15223780418334293,0.15223780418658092,0.15223780418826943,0.15223780418658092,0.15223780418495997,0.15223780418658092,0.15223780418826943,0.1509240932674173,0.15092409326458658,0.15092409326134495,0.15092409326458658,0.1509240932674173,0.15092409326458658,0.15092409325800685,0.15092409324591732,0.15092409325800685,0.15092409326458658,0.15092409326134495,0.15092409324591732,0.15092409318493455,0.15092409324591732,0.15092409326134495,0.15092409326458658,0.15092409325800685,0.15092409324591732,0.15092409325800685,0.15092409326458658,0.1509240932674173,0.15092409326458658,0.15092409326134495,0.15092409326458658,0.1509240932674173,0.14963652341728,0.14963652341466366,0.14963652341179792,0.14963652341466366,0.14963652341728,0.14963652341466366,0.1496365234088605,0.14963652339912267,0.1496365234088605,0.14963652341466366,0.14963652341179792,0.14963652339912267,0.14963652335646066,0.14963652339912267,0.14963652341179792,0.14963652341466366,0.1496365234088605,0.14963652339912267,0.1496365234088605,0.14963652341466366,0.14963652341728,0.14963652341466366,0.14963652341179792,0.14963652341466366,0.14963652341728,0.14837453669387382,0.14837453669232167,0.14837453669075804,0.14837453669232167,0.14837453669387382,0.14837453669232167,0.14837453668918274,0.14837453668455838,0.14837453668918274,0.14837453669232167,0.14837453669075804,0.14837453668455838,0.14837453666710884,0.14837453668455838,0.14837453669075804,0.14837453669232167,0.14837453668918274,0.14837453668455838,0.14837453668918274,0.14837453669232167,0.14837453669387382,0.14837453669232167,0.14837453669075804,0.14837453669232167,0.14837453669387382,0.14713758257789153,0.14713758257746534,0.14713758257714057,0.14713758257746534,0.14713758257789153,0.14713758257746534,0.14713758257684045,0.14713758257639778,0.14713758257684045,0.14713758257746534,0.14713758257714057,0.14713758257639778,0.14713758257690202,0.14713758257639778,0.14713758257714057,0.14713758257746534,0.14713758257684045,0.14713758257639778,0.14713758257684045,0.14713758257746534,0.14713758257789153,0.14713758257746534,0.14713758257714057,0.14713758257746534,0.14713758257789153,0.14592511841413525,0.14592511841450992,0.14592511841499584,0.14592511841450992,0.14592511841413525,0.14592511841450992,0.1459251184155151,0.1459251184174736,0.1459251184155151,0.14592511841450992,0.14592511841499584,0.1459251184174736,0.1459251184269648,0.1459251184174736,0.14592511841499584,0.14592511841450992,0.1459251184155151,0.1459251184174736,0.1459251184155151,0.14592511841450992,0.14592511841413525,0.14592511841450992,0.14592511841499584,0.14592511841450992,0.14592511841413525,0.14473660978576405,0.14473660978657119,0.14473660978747674,0.14473660978657119,0.14473660978576405,0.14473660978657119,0.144736609788412,0.14473660979158706,0.144736609788412,0.14473660978657119,0.14473660978747674,0.14473660979158706,0.14473660980598582,0.14473660979158706,0.14473660978747674,0.14473660978657119,0.144736609788412,0.14473660979158706,0.144736609788412,0.14473660978657119,0.14473660978576405,0.14473660978657119,0.14473660978747674,0.14473660978657119,0.14473660978576405,0.14357153082916205,0.14357153083007188,0.1435715308310318,0.14357153083007188,0.14357153082916205,0.14357153083007188,0.14357153083200752,0.14357153083511234,0.14357153083200752,0.14357153083007188,0.1435715308310318,0.14357153083511234,0.14357153084831456,0.14357153083511234,0.1435715308310318,0.14357153083007188,0.14357153083200752,0.14357153083511234,0.14357153083200752,0.14357153083007188,0.14357153082916205,0.14357153083007188,0.1435715308310318,0.14357153083007188,0.14357153082916205,0.14242936449524418,0.14242936449608698,0.14242936449692153,0.14242936449608698,0.14242936449524418,0.14242936449608698,0.14242936449775562,0.14242936450019186,0.14242936449775562,0.14242936449608698,0.14242936449692153,0.14242936450019186,0.14242936450946955,0.14242936450019186,0.14242936449692153,0.14242936449608698,0.14242936449775562,0.14242936450019186,0.14242936449775562,0.14242936449608698,0.14242936449524418,0.14242936449608698,0.14242936449692153,0.14242936449608698,0.14242936449524418,0.14130960276201096,0.14130960276281207,0.1413096027635821,0.14130960276281207,0.14130960276201096,0.14130960276281207,0.14130960276434096,0.1413096027665356,0.14130960276434096,0.14130960276281207,0.1413096027635821,0.1413096027665356,0.14130960277506133,0.1413096027665356,0.1413096027635821,0.14130960276281207,0.14130960276434096,0.1413096027665356,0.14130960276434096,0.14130960276281207,0.14130960276201096,0.14130960276281207,0.1413096027635821,0.14130960276281207,0.14130960276201096,0.1402117468030615,0.14021174680392826,0.14021174680472095,0.14021174680392826,0.1402117468030615,0.14021174680392826,0.140211746805489,0.14021174680759915,0.140211746805489,0.14021174680392826,0.14021174680472095,0.14021174680759915,0.14021174681572451,0.140211746807599,0.14021174680472095,0.14021174680392826,0.140211746805489,0.140211746807599,0.140211746805489,0.14021174680392826,0.1402117468030615,0.14021174680392826,0.14021174680472095,0.14021174680392826,0.1402117468030615,0.13913530711655117,0.1391353071177397,0.13913530711875605,0.1391353071177397,0.13913530711655117,0.1391353071177397,0.1391353071197343,0.13913530712183653,0.1391353071197343,0.1391353071177397,0.13913530711875605,0.13913530712183653,0.1391353071261054,0.13913530712183653,0.13913530711875605,0.1391353071177397,0.1391353071197343,0.13913530712183653,0.1391353071197343,0.1391353071177397,0.13913530711655117,0.1391353071177397,0.13913530711875605,0.1391353071177397,0.13913530711655117,0.13807980361808858,0.13807980362017713,0.1380798036222198,0.13807980362017713,0.13807980361808858,0.13807980362017713,0.13807980362427036,0.13807980362970365,0.13807980362427036,0.13807980362017713,0.1380798036222198,0.13807980362970365,0.13807980364458824,0.13807980362970365,0.1380798036222198,0.13807980362017713,0.13807980362427036,0.13807980362970365,0.13807980362427036,0.13807980362017713,0.13807980361808858,0.13807980362017713,0.1380798036222198,0.13807980362017713,0.13807980361808858,0.13704476570090945,0.13704476570404497,0.137044765707797,0.13704476570404497,0.13704476570090945,0.13704476570404497,0.13704476571167556,0.13704476572682756,0.13704476571167556,0.13704476570404497,0.137044765707797,0.13704476572682756,0.13704476581032535,0.13704476572682756,0.137044765707797,0.13704476570404497,0.13704476571167556,0.13704476572682756,0.13704476571167556,0.13704476570404497,0.13704476570090945,0.13704476570404497,0.137044765707797,0.13704476570404497,0.13704476570090945,0.13602973226850743,0.1360297322706652,0.13602973227276594,0.1360297322706652,0.13602973226850743,0.1360297322706652,0.13602973227486836,0.13602973228045862,0.13602973227486836,0.1360297322706652,0.13602973227276594,0.13602973228045862,0.1360297322959135,0.13602973228045862,0.13602973227276594,0.1360297322706652,0.13602973227486836,0.13602973228045862,0.13602973227486836,0.1360297322706652,0.13602973226850743,0.1360297322706652,0.13602973227276594,0.1360297322706652,0.13602973226850743,0.13503425174478625,0.13503425174613107,0.1350342517472382,0.13503425174613107,0.13503425174478625,0.13503425174613107,0.13503425174828704,0.13503425175041764,0.13503425174828704,0.13503425174613107,0.1350342517472382,0.13503425175041764,0.13503425175428152,0.13503425175041764,0.1350342517472382,0.13503425174613107,0.13503425174828704,0.13503425175041764,0.13503425174828704,0.13503425174613107,0.13503425174478625,0.13503425174613107,0.1350342517472382,0.13503425174613107,0.13503425174478625
0.16533248793267302,0.16533248793267302,0.1653324879326728,0.16533248793267302,0.16533248793267302,0.16533248793267302,0.1653324879326728,0.16533248793267258,0.1653324879326728,0.16533248793267302,0.1653324879326728,0.16533248793267258,0.16533248793267233,0.16533248793267258,0.1653324879326728,0.16533248793267302,0.1653324879326728,0.16533248793267258,0.1653324879326728,0.16533248793267302,0.16533248793267302,0.16533248793267302,0.1653324879326728,0.16533248793267302,0.16533248793267302,0.16375749421094418,0.16375749421094354,0.16375749421094327,0.16375749421094354,0.16375749421094418,0.16375749421094354,0.16375749421094307,0.1637574942109428,0.16375749421094307,0.16375749421094354,0.16375749421094327,0.1637574942109428,0.16375749421094235,0.1637574942109428,0.16375749421094327,0.16375749421094354,0.16375749421094307,0.1637574942109428,0.16375749421094307,0.16375749421094354,0.16375749421094418,0.16375749421094354,0.16375749421094327,0.16375749421094354,0.16375749421094418,0.162213884421166,0.16221388442116463,0.16221388442116347,0.16221388442116463,0.162213884421166,0.16221388442116463,0.16221388442116283,0.1622138844211619,0.16221388442116283,0.16221388442116463,0.16221388442116347,0.1622138844211619,0.16221388442116078,0.1622138844211619,0.16221388442116347,0.16221388442116463,0.16221388442116283,0.1622138844211619,0.16221388442116305,0.16221388442116463,0.162213884421166,0.16221388442116463,0.16221388442116347,0.16221388442116463,0.162213884421166,0.16070106752038146,0.16070106752037702,0.1607010675203739,0.16070106752037702,0.16070106752038146,0.16070106752037702,0.16070106752037194,0.16070106752036858,0.16070106752037194,0.16070106752037702,0.1607010675203739,0.16070106752036858,0.16070106752036506,0.16070106752036858,0.1607010675203739,0.16070106752037702,0.16070106752037194,0.16070106752036858,0.16070106752037194,0.16070106752037702,0.16070106752038146,0.16070106752037702,0.1607010675203739,0.16070106752037702,0.16070106752038146,0.15921845188357475,0.15921845188356104,0.15921845188355216,0.15921845188356104,0.15921845188357475,0.15921845188356104,0.15921845188354516,0.1592184518835347,0.15921845188354516,0.15921845188356104,0.15921845188355216,0.1592184518835347,0.15921845188352296,0.1592184518835347,0.15921845188355216,0.15921845188356104,0.15921845188354516,0.1592184518835347,0.15921845188354516,0.15921845188356104,0.15921845188357475,0.15921845188356104,0.15921845188355216,0.15921845188356104,0.15921845188357475,0.15776544665553188,0.15776544665549153,0.15776544665546444,0.15776544665549153,0.15776544665553188,0.15776544665549153,0.1577654466554427,0.1577654466554088,0.1577654466554427,0.15776544665549153,0.15776544665546444,0.1577654466554088,0.1577654466553693,0.1577654466554088,0.15776544665546444,0.15776544665549153,0.1577654466554427,0.1577654466554088,0.1577654466554427,0.15776544665549153,0.15776544665553188,0.15776544665549153,0.15776544665546444,0.15776544665549153,0.15776544665553188,0.1563414629651861,0.15634146296507173,0.15634146296499188,0.15634146296507173,0.1563414629651861,0.15634146296507173,0.1563414629649237,0.15634146296481308,0.1563414629649237,0.15634146296507173,0.15634146296499188,0.15634146296481308,0.15634146296467233,0.15634146296481308,0.15634146296499188,0.15634146296507173,0.1563414629649237,0.15634146296481308,0.1563414629649237,0.15634146296507173,0.1563414629651861,0.15634146296507173,0.15634146296499188,0.15634146296507173,0.1563414629651861,0.15494591501274324,0.154945915012434,0.15494591501220265,0.154945915012434,0.15494591501274324,0.154945915012434,0.1549459150119938,0.1549459150116243,0.1549459150119938,0.154945915012434,0.15494591501220265,0.1549459150116243,0.15494591501108287,0.1549459150116243,0.15494591501220265,0.154945915012434,0.1549459150119938,0.1549459150116243,0.1549459150119938,0.154945915012434,0.15494591501274324,0.154945915012434,0.15494591501220265,0.154945915012434,0.15494591501274324,0.15357822103933835,0.15357822103856553,0.15357822103792385,0.15357822103856553,0.15357822103933835,0.15357822103856553,0.15357822103731406,0.15357822103605942,0.15357822103731406,0.15357822103856553,0.15357822103792385,0.15357822103605942,0.15357822103374832,0.15357822103605942,0.15357822103792385,0.15357822103856553,0.15357822103731406,0.15357822103605942,0.15357822103731406,0.15357822103856553,0.15357822103933835,0.15357822103856553,0.15357822103792385,0.15357822103856553,0.15357822103933835,0.15223780418844854,0.1522378041867636,0.152237804185146,0.1522378041867636,0.15223780418844854,0.1522378041867636,0.1522378041835323,0.15223780417935004,0.1522378041835323,0.1522378041867636,0.152237804185146,0.15223780417935004,0.15223780416820126,0.15223780417935004,0.152237804185146,0.1522378041867636,0.1522378041835323,0.15223780417935004,0.1522378041835323,0.1522378041867636,0.15223780418844854,0.1522378041867636,0.152237804185146,0.1522378041867636,0.15223780418844854,0.15092409326757972,0.15092409326475517,0.15092409326152031,0.15092409326475517,0.15092409326757972,0.15092409326475517,0.15092409325818953,0.15092409324612432,0.15092409325818953,0.15092409326475517,0.15092409326152031,0.15092409324612432,0.1509240931852401,0.15092409324612432,0.15092409326152031,0.15092409326475517,0.15092409325818953,0.15092409324612432,0.15092409325818953,0.15092409326475517,0.15092409326757972,0.15092409326475517,0.15092409326152031,0.15092409326475517,0.15092409326757972,0.14963652341741257,0.14963652341480282,0.14963652341194444,0.14963652341480282,0.14963652341741257,0.14963652341480282,0.1496365234090144,0.14963652339930078,0.1496365234090144,0.14963652341480282,0.14963652341194444,0.14963652339930078,0.1496365233567333,0.14963652339930078,0.14963652341194444,0.14963652341480282,0.1496365234090144,0.14963652339930078,0.1496365234090144,0.14963652341480282,0.14963652341741257,0.14963652341480282,0.14963652341194444,0.14963652341480282,0.14963652341741257,0.1483745366939622,0.14837453669241543,0.14837453669085773,0.14837453669241543,0.1483745366939622,0.14837453669241543,0.14837453668928838,0.1483745366846831,0.14837453668928838,0.14837453669241543,0.14837453669085773,0.1483745366846831,0.1483745366673147,0.1483745366846831,0.14837453669085773,0.14837453669241543,0.14837453668928838,0.1483745366846831,0.14837453668928838,0.14837453669241543,0.1483745366939622,0.14837453669241543,0.14837453669085773,0.14837453669241543,0.14837453669396203,0.14713758257792367,0.14713758257750043,0.1471375825771787,0.14713758257750043,0.14713758257792367,0.14713758257750043,0.1471375825768817,0.1471375825764488,0.1471375825768817,0.14713758257750043,0.1471375825771787,0.1471375825764488,0.14713758257697723,0.1471375825764488,0.1471375825771787,0.14713758257750043,0.1471375825768817,0.1471375825764488,0.1471375825768817,0.14713758257750043,0.14713758257792367,0.14713758257750043,0.1471375825771787,0.14713758257750043,0.14713758257792367,0.14592511841410463,0.14592511841447908,0.14592511841496467,0.14592511841447908,0.14592511841410463,0.14592511841447908,0.14592511841548356,0.14592511841744105,0.14592511841548356,0.14592511841447908,0.14592511841496467,0.14592511841744105,0.14592511842692274,0.14592511841744105,0.14592511841496467,0.14592511841447908,0.14592511841548356,0.14592511841744105,0.14592511841548356,0.14592511841447908,0.14592511841410463,0.14592511841447908,0.14592511841496467,0.14592511841447908,0.14592511841410463,0.14473660978567016,0.14473660978647396,0.1447366097873762,0.14473660978647396,0.14473660978567016,0.14473660978647396,0.14473660978830796,0.14473660979147251,0.14473660978830796,0.14473660978647396,0.1447366097873762,0.14473660979147251,0.14473660980583083,0.14473660979147251,0.1447366097873762,0.14473660978647396,0.14473660978830796,0.14473660979147251,0.14473660978830796,0.14473660978647396,0.14473660978567016,0.14473660978647396,0.1447366097873762,0.14473660978647396,0.14473660978567016,0.1435715308290106,0.14357153082991464,0.14357153083086804,0.14357153082991464,0.1435715308290106,0.14357153082991464,0.14357153083183727,0.14357153083491914,0.14357153083183727,0.14357153082991464,0.14357153083086804,0.14357153083491914,0.14357153084802093,0.14357153083491914,0.14357153083086804,0.14357153082991464,0.14357153083183727,0.14357153083491914,0.14357153083183727,0.14357153082991464,0.1435715308290106,0.14357153082991464,0.14357153083086804,0.14357153082991464,0.1435715308290106,0.1424293644950464,0.142429364495883,0.14242936449671084,0.142429364495883,0.1424293644950464,0.142429364495883,0.14242936449753787,0.1424293644999508,0.14242936449753787,0.142429364495883,0.14242936449671084,0.1424293644999508,0.14242936450910504,0.1424293644999508,0.14242936449671084,0.142429364495883,0.14242936449753787,0.1424293644999508,0.14242936449753787,0.142429364495883,0.1424293644950464,0.142429364495883,0.14242936449671084,0.142429364495883,0.1424293644950464,0.1413096027617789,0.14130960276257543,0.141309602763341,0.14130960276257543,0.1413096027617789,0.14130960276257543,0.1413096027640954,0.14130960276627738,0.1413096027640954,0.14130960276257543,0.141309602763341,0.14130960276627738,0.14130960277476054,0.14130960276627738,0.141309602763341,0.14130960276257543,0.1413096027640954,0.14130960276627738,0.1413096027640954,0.14130960276257543,0.1413096027617789,0.14130960276257543,0.141309602763341,0.14130960276257543,0.1413096027617789,0.14021174680280402,0.14021174680366766,0.1402117468044573,0.14021174680366766,0.14021174680280402,0.14021174680366766,0.14021174680522247,0.1402117468073247,0.14021174680522247,0.14021174680366766,0.1402117468044573,0.1402117468073247,0.14021174681541865,0.1402117468073247,0.1402117468044573,0.14021174680366766,0.14021174680522247,0.1402117468073247,0.14021174680522247,0.14021174680366766,0.14021174680280402,0.14021174680366766,0.1402117468044573,0.14021174680366766,0.14021174680280402,0.139135307116274,0.13913530711746033,0.1391353071184746,0.13913530711746033,0.139135307116274,0.13913530711746033,0.13913530711945096,0.1391353071215491,0.13913530711945096,0.13913530711746033,0.1391353071184746,0.1391353071215491,0.1391353071258091,0.1391353071215491,0.1391353071184746,0.13913530711746033,0.13913530711945096,0.1391353071215491,0.13913530711945096,0.13913530711746033,0.139135307116274,0.13913530711746033,0.1391353071184746,0.13913530711746033,0.139135307116274,0.13807980361779645,0.1380798036198824,0.13807980362192226,0.1380798036198824,0.13807980361779645,0.1380798036198824,0.1380798036239702,0.1380798036293968,0.1380798036239702,0.1380798036198824,0.13807980362192226,0.1380798036293968,0.13807980364426375,0.1380798036293968,0.13807980362192226,0.1380798036198824,0.1380798036239702,0.1380798036293968,0.1380798036239702,0.1380798036198824,0.13807980361779645,0.1380798036198824,0.13807980362192226,0.1380798036198824,0.13807980361779645,0.13704476570060778,0.1370447657037395,0.1370447657074873,0.1370447657037395,0.13704476570060778,0.1370447657037395,0.1370447657113613,0.13704476572649613,0.1370447657113613,0.1370447657037395,0.1370447657074873,0.13704476572649613,0.13704476580991165,0.13704476572649613,0.1370447657074873,0.1370447657037395,0.1370447657113613,0.13704476572649613,0.1370447657113613,0.1370447657037395,0.13704476570060778,0.1370447657037395,0.1370447657074873,0.1370447657037395,0.13704476570060778,0.13602973226820342,0.13602973227035878,0.136029732272457,0.13602973227035878,0.13602973226820342,0.13602973227035878,0.136029732274557,0.1360297322801409,0.136029732274557,0.13602973227035878,0.136029732272457,0.1360297322801409,0.1360297322955783,0.1360297322801409,0.136029732272457,0.13602973227035878,0.136029732274557,0.1360297322801409,0.136029732274557,0.13602973227035878,0.13602973226820342,0.13602973227035878,0.136029732272457,0.13602973227035878,0.13602973226820342,0.135034251744485,0.13503425174582834,0.1350342517469342,0.13503425174582834,0.135034251744485,0.13503425174582834,0.1350342517479817,0.13503425175010994,0.1350342517479817,0.13503425174582834,0.1350342517469342,0.13503425175010994,0.13503425175396946,0.13503425175010994,0.1350342517469342,0.13503425174582834,0.1350342517479817,0.13503425175010994,0.1350342517479817,0.13503425174582834,0.135034251744485,0.13503425174582834,0.1350342517469342,0.13503425174582834,0.135034251744485
0.16533248793289676,0.1653324879328965,0.1653324879328965,0.1653324879328965,0.16533248793289676,0.1653324879328965,0.1653324879328963,0.1653324879328963,0.1653324879328963,0.1653324879328965,0.1653324879328965,0.1653324879328963,0.16533248793289604,0.1653324879328963,0.1653324879328965,0.1653324879328965,0.1653324879328963,0.1653324879328963,0.1653324879328963,0.1653324879328965,0.16533248793289676,0.1653324879328965,0.1653324879328965,0.1653324879328965,0.16533248793289676,0.16375749421116323,0.16375749421116279,0.16375749421116254,0.16375749421116279,0.16375749421116323,0.16375749421116279,0.1637574942111623,0.16375749421116184,0.1637574942111623,0.16375749421116279,0.16375749421116254,0.16375749421116184,0.1637574942111616,0.16375749421116184,0.16375749421116254,0.16375749421116279,0.1637574942111623,0.16375749421116184,0.1637574942111623,0.16375749421116279,0.16375749421116323,0.16375749421116279,0.16375749421116254,0.16375749421116279,0.16375749421116323,0.16221388442138088,0.1622138844213793,0.16221388442137838,0.1622138844213793,0.16221388442138088,0.1622138844213793,0.16221388442137769,0.16221388442137655,0.16221388442137769,0.1622138844213793,0.16221388442137838,0.16221388442137655,0.1622138844213757,0.16221388442137655,0.16221388442137838,0.1622138844213793,0.16221388442137769,0.16221388442137655,0.16221388442137769,0.1622138844213793,0.16221388442138088,0.1622138844213793,0.16221388442137838,0.1622138844213793,0.16221388442138088,0.16070106752059207,0.1607010675205874,0.16070106752058452,0.1607010675205874,0.16070106752059207,0.1607010675205874,0.1607010675205823,0.16070106752057897,0.1607010675205823,0.1607010675205874,0.16070106752058452,0.16070106752057897,0.1607010675205754,0.16070106752057897,0.16070106752058452,0.1607010675205874,0.1607010675205823,0.16070106752057897,0.1607010675205823,0.1607010675205874,0.16070106752059207,0.1607010675205874,0.16070106752058452,0.1607010675205874,0.16070106752059207,0.15921845188378095,0.15921845188376724,0.1592184518837583,0.15921845188376724,0.15921845188378095,0.15921845188376724,0.15921845188375155,0.1592184518837409,0.15921845188375155,0.15921845188376724,0.1592184518837583,0.1592184518837409,0.15921845188372913,0.1592184518837409,0.1592184518837583,0.15921845188376724,0.15921845188375155,0.1592184518837409,0.15921845188375155,0.15921845188376724,0.15921845188378095,0.15921845188376724,0.1592184518837583,0.15921845188376724,0.15921845188378095,0.1577654466557337,0.1577654466556934,0.1577654466556665,0.1577654466556934,0.1577654466557337,0.1577654466556934,0.15776544665564474,0.157765446655611,0.15776544665564474,0.1577654466556934,0.1577654466556665,0.157765446655611,0.15776544665557157,0.157765446655611,0.1577654466556665,0.1577654466556934,0.15776544665564474,0.157765446655611,0.15776544665564474,0.1577654466556934,0.1577654466557337,0.1577654466556934,0.1577654466556665,0.1577654466556934,0.1577654466557337,0.15634146296538373,0.15634146296526955,0.1563414629651899,0.15634146296526955,0.15634146296538373,0.15634146296526955,0.1563414629651217,0.1563414629650113,0.1563414629651217,0.15634146296526955,0.1563414629651899,0.1563414629650113,0.15634146296487078,0.1563414629650113,0.1563414629651899,0.15634146296526955,0.1563414629651217,0.1563414629650113,0.1563414629651217,0.15634146296526955,0.15634146296538373,0.15634146296526955,0.1563414629651899,0.15634146296526955,0.15634146296538373,0.15494591501293606,0.15494591501262744,0.1549459150123965,0.15494591501262744,0.15494591501293606,0.15494591501262744,0.1549459150121881,0.1549459150118194,0.1549459150121881,0.15494591501262744,0.1549459150123965,0.1549459150118194,0.154945915011279,0.1549459150118194,0.1549459150123965,0.15494591501262744,0.1549459150121881,0.1549459150118194,0.1549459150121881,0.15494591501262744,0.15494591501293606,0.15494591501262744,0.1549459150123965,0.15494591501262744,0.15494591501293606,0.15357822103952518,0.15357822103875393,0.15357822103811342,0.15357822103875393,0.15357822103952518,0.15357822103875393,0.15357822103750488,0.15357822103625263,0.15357822103750488,0.15357822103875393,0.15357822103811342,0.15357822103625263,0.15357822103394614,0.15357822103625263,0.15357822103811342,0.15357822103875393,0.15357822103750488,0.15357822103625263,0.15357822103750488,0.15357822103875393,0.15357822103952518,0.15357822103875393,0.15357822103811342,0.15357822103875393,0.15357822103952518,0.1522378041886259,0.15223780418694452,0.15223780418533023,0.15223780418694452,0.1522378041886259,0.15223780418694452,0.15223780418371988,0.15223780417954588,0.15223780418371988,0.15223780418694452,0.15223780418533023,0.15223780417954588,0.15223780416841876,0.15223780417954588,0.15223780418533023,0.15223780418694452,0.15223780418371988,0.15223780417954588,0.15223780418371988,0.15223780418694452,0.1522378041886259,0.15223780418694452,0.15223780418533023,0.15223780418694452,0.1522378041886259,0.15092409326774042,0.15092409326492204,0.15092409326169412,0.15092409326492204,0.15092409326774042,0.15092409326492204,0.1509240932583703,0.1509240932463294,0.1509240932583703,0.15092409326492204,0.15092409326169412,0.1509240932463294,0.15092409318555075,0.1509240932463294,0.15092409326169412,0.15092409326492204,0.1509240932583703,0.1509240932463294,0.1509240932583703,0.15092409326492204,0.15092409326774042,0.15092409326492204,0.15092409326169412,0.15092409326492204,0.15092409326774042,0.1496365234175436,0.1496365234149407,0.1496365234120895,0.1496365234149407,0.1496365234175436,0.1496365234149407,0.149636523409167,0.1496365233994772,0.149636523409167,0.1496365234149407,0.1496365234120895,0.1496365233994772,0.1496365233570345,0.1496365233994772,0.1496365234120895,0.1496365234149407,0.149636523409167,0.1496365233994772,0.149636523409167,0.1496365234149407,0.1496365234175436,0.1496365234149407,0.1496365234120895,0.1496365234149407,0.1496365234175436,0.14837453669404949,0.14837453669250808,0.14837453669095615,0.14837453669250808,0.14837453669404949,0.14837453669250808,0.1483745366893927,0.14837453668480655,0.1483745366893927,0.14837453669250808,0.14837453669095615,0.14837453668480655,0.14837453666751507,0.14837453668480655,0.14837453669095615,0.14837453669250808,0.1483745366893927,0.14837453668480655,0.1483745366893927,0.14837453669250808,0.14837453669404949,0.14837453669250808,0.14837453669095615,0.14837453669250808,0.14837453669404949,0.14713758257795548,0.14713758257753495,0.14713758257721632,0.14713758257753495,0.14713758257795548,0.14713758257753495,0.14713758257692236,0.1471375825764993,0.14713758257692236,0.14713758257753495,0.14713758257721632,0.1471375825764993,0.14713758257710913,0.1471375825764993,0.14713758257721632,0.14713758257753495,0.14713758257692236,0.1471375825764993,0.14713758257692236,0.14713758257753495,0.14713758257795548,0.14713758257753495,0.14713758257721632,0.14713758257753495,0.14713758257795548,0.14592511841407402,0.14592511841444827,0.1459251184149337,0.14592511841444827,0.14592511841407402,0.14592511841444827,0.14592511841545222,0.1459251184174088,0.14592511841545222,0.14592511841444827,0.1459251184149337,0.1459251184174088,0.14592511842686967,0.1459251184174088,0.1459251184149337,0.14592511841444827,0.14592511841545222,0.1459251184174088,0.14592511841545222,0.14592511841444827,0.14592511841407402,0.14592511841444827,0.1459251184149337,0.14592511841444827,0.14592511841407402,0.14473660978557676,0.14473660978637742,0.14473660978727637,0.14473660978637742,0.14473660978557676,0.14473660978637742,0.1447366097882046,0.14473660979135908,0.1447366097882046,0.14473660978637742,0.14473660978727637,0.14473660979135908,0.14473660980566397,0.14473660979135908,0.14473660978727637,0.14473660978637742,0.1447366097882046,0.14473660979135908,0.1447366097882046,0.14473660978637742,0.14473660978557676,0.14473660978637742,0.14473660978727637,0.14473660978637742,0.14473660978557676,0.1435715308288604,0.14357153082975874,0.14357153083070567,0.14357153082975874,0.1435715308288604,0.14357153082975874,0.1435715308316682,0.14357153083472754,0.1435715308316682,0.14357153082975874,0.14357153083070567,0.14357153083472754,0.1435715308477321,0.14357153083472754,0.14357153083070567,0.14357153082975874,0.1435715308316682,0.14357153083472754,0.1435715308316682,0.14357153082975874,0.1435715308288604,0.14357153082975874,0.14357153083070567,0.14357153082975874,0.1435715308288604,0.14242936449485033,0.14242936449568067,0.14242936449650184,0.14242936449568067,0.14242936449485033,0.14242936449568067,0.14242936449732213,0.14242936449971177,0.14242936449732213,0.14242936449568067,0.14242936449650184,0.14242936449971177,0.1424293645087702,0.14242936449971177,0.14242936449650184,0.14242936449568067,0.14242936449732213,0.14242936449971177,0.14242936449732213,0.14242936449568067,0.14242936449485033,0.14242936449568067,0.14242936449650184,0.14242936449568067,0.14242936449485033,0.14130960276154883,0.1413096027623407,0.14130960276310187,0.1413096027623407,0.14130960276154883,0.1413096027623407,0.14130960276385185,0.1413096027660213,0.14130960276385185,0.1413096027623407,0.14130960276310187,0.1413096027660213,0.1413096027744635,0.1413096027660213,0.14130960276310187,0.1413096027623407,0.14130960276385185,0.1413096027660213,0.14130960276385185,0.1413096027623407,0.14130960276154883,0.1413096027623407,0.14130960276310187,0.1413096027623407,0.14130960276154883,0.14021174680254872,0.14021174680340917,0.1402117468041961,0.14021174680340917,0.14021174680254872,0.14021174680340917,0.14021174680495832,0.14021174680705267,0.14021174680495832,0.14021174680340917,0.1402117468041961,0.14021174680705267,0.1402117468151321,0.14021174680705267,0.1402117468041961,0.14021174680340917,0.14021174680495832,0.14021174680705267,0.14021174680495832,0.14021174680340917,0.14021174680254872,0.14021174680340917,0.1402117468041961,0.14021174680340917,0.14021174680254872,0.13913530711599953,0.13913530711718347,0.13913530711819572,0.13913530711718347,0.13913530711599953,0.13913530711718347,0.13913530711916997,0.13913530712126415,0.13913530711916997,0.13913530711718347,0.13913530711819572,0.13913530712126415,0.13913530712551547,0.13913530712126415,0.13913530711819572,0.13913530711718347,0.13913530711916997,0.13913530712126415,0.13913530711916997,0.13913530711718347,0.13913530711599953,0.13913530711718347,0.13913530711819572,0.13913530711718347,0.13913530711599953,0.138079803617507,0.13807980361959013,0.13807980362162753,0.13807980361959013,0.138079803617507,0.13807980361959013,0.13807980362367286,0.13807980362909278,0.13807980362367286,0.13807980361959013,0.13807980362162753,0.13807980362909278,0.13807980364394218,0.13807980362909278,0.13807980362162753,0.13807980361959013,0.13807980362367286,0.13807980362909278,0.13807980362367286,0.13807980361959013,0.138079803617507,0.13807980361959013,0.13807980362162753,0.13807980361959013,0.138079803617507,0.13704476570030874,0.13704476570343696,0.13704476570718035,0.13704476570343696,0.13704476570030874,0.13704476570343696,0.1370447657110499,0.13704476572616756,0.1370447657110499,0.13704476570343696,0.13704476570718035,0.13704476572616756,0.1370447658095008,0.13704476572616756,0.13704476570718035,0.13704476570343696,0.1370447657110499,0.13704476572616756,0.1370447657110499,0.13704476570343696,0.13704476570030874,0.13704476570343696,0.13704476570718035,0.13704476570343696,0.13704476570030874,0.13602973226790224,0.13602973227005502,0.13602973227215104,0.13602973227005502,0.13602973226790224,0.13602973227005502,0.1360297322742485,0.13602973227982612,0.1360297322742485,0.13602973227005502,0.13602973227215104,0.13602973227982612,0.13602973229524612,0.13602973227982612,0.13602973227215104,0.13602973227005502,0.1360297322742485,0.13602973227982612,0.1360297322742485,0.13602973227005502,0.13602973226790224,0.13602973227005502,0.13602973227215104,0.13602973227005502,0.13602973226790224,0.1350342517441865,0.13503425174552827,0.1350342517466328,0.13503425174552827,0.1350342517441865,0.13503425174552827,0.13503425174767913,0.13503425174980502,0.13503425174767913,0.13503425174552827,0.1350342517466328,0.13503425174980502,0.13503425175366013,0.13503425174980502,0.1350342517466328,0.13503425174552827,0.13503425174767913,0.13503425174980502,0.13503425174767913,0.13503425174552827,0.1350342517441865,0.13503425174552827,0.1350342517466328,0.13503425174552827,0.1350342517441865
0.16533248793311858,0.16533248793311858,0.16533248793311833,0.16533248793311858,0.16533248793311858,0.16533248793311858,0.16533248793311833,0.1653324879331181,0.16533248793311833,0.16533248793311858,0.16533248793311833,0.1653324879331181,0.1653324879331179,0.1653324879331181,0.16533248793311833,0.16533248793311858,0.16533248793311833,0.1653324879331181,0.16533248793311833,0.16533248793311858,0.16533248793311858,0.16533248793311858,0.16533248793311833,0.16533248793311858,0.16533248793311858,0.16375749421138064,0.16375749421138017,0.16375749421137994,0.16375749421138017,0.16375749421138064,0.16375749421138017,0.16375749421137972,0.16375749421137925,0.16375749421137972,0.16375749421138017,0.16375749421137994,0.16375749421137925,0.16375749421137903,0.16375749421137925,0.16375749421137994,0.16375749421138017,0.16375749421137972,0.16375749421137925,0.16375749421137972,0.16375749421138017,0.16375749421138064,0.16375749421138017,0.16375749421137994,0.16375749421138017,0.16375749421138064,0.16221388442159396,0.16221388442159237,0.16221388442159146,0.16221388442159237,0.16221388442159396,0.16221388442159237,0.1622138844215908,0.16221388442158963,0.1622138844215908,0.16221388442159237,0.16221388442159146,0.16221388442158963,0.16221388442158874,0.1622138844215899,0.16221388442159146,0.16221388442159237,0.1622138844215908,0.1622138844215899,0.1622138844215908,0.16221388442159237,0.16221388442159396,0.16221388442159237,0.16221388442159146,0.16221388442159237,0.16221388442159396,0.16070106752080066,0.16070106752079624,0.16070106752079333,0.16070106752079624,0.16070106752080066,0.16070106752079624,0.16070106752079114,0.1607010675207878,0.16070106752079114,0.16070106752079624,0.16070106752079333,0.1607010675207878,0.16070106752078425,0.1607010675207878,0.16070106752079333,0.16070106752079624,0.16070106752079114,0.1607010675207878,0.16070106752079114,0.16070106752079624,0.16070106752080066,0.16070106752079624,0.16070106752079333,0.16070106752079624,0.16070106752080066,0.15921845188398562,0.1592184518839719,0.15921845188396297,0.1592184518839719,0.15921845188398562,0.1592184518839719,0.159218451883956,0.15921845188394554,0.159218451883956,0.1592184518839719,0.15921845188396297,0.15921845188394554,0.1592184518839338,0.15921845188394554,0.15921845188396297,0.1592184518839719,0.159218451883956,0.15921845188394554,0.159218451883956,0.1592184518839719,0.15921845188398562,0.1592184518839719,0.15921845188396297,0.1592184518839719,0.15921845188398562,0.15776544665593384,0.15776544665589373,0.15776544665586686,0.15776544665589373,0.15776544665593384,0.15776544665589373,0.1577654466558453,0.15776544665581138,0.1577654466558453,0.15776544665589373,0.15776544665586686,0.15776544665581138,0.15776544665577213,0.15776544665581138,0.15776544665586686,0.15776544665589373,0.1577654466558453,0.15776544665581138,0.1577654466558453,0.15776544665589373,0.15776544665593384,0.15776544665589373,0.15776544665586686,0.15776544665589373,0.15776544665593384,0.15634146296557963,0.1563414629654657,0.15634146296538604,0.1563414629654657,0.15634146296557963,0.1563414629654657,0.15634146296531806,0.15634146296520807,0.15634146296531806,0.1563414629654657,0.15634146296538604,0.15634146296520807,0.15634146296506776,0.15634146296520807,0.15634146296538604,0.1563414629654657,0.15634146296531806,0.15634146296520807,0.15634146296531806,0.1563414629654657,0.15634146296557963,0.1563414629654657,0.15634146296538604,0.1563414629654657,0.15634146296557963,0.15494591501312727,0.15494591501281926,0.15494591501258873,0.15494591501281926,0.15494591501312727,0.15494591501281926,0.1549459150123807,0.15494591501201266,0.1549459150123807,0.15494591501281926,0.15494591501258873,0.15494591501201266,0.15494591501147348,0.15494591501201266,0.15494591501258873,0.15494591501281926,0.1549459150123807,0.15494591501201266,0.1549459150123807,0.15494591501281926,0.15494591501312727,0.15494591501281926,0.15494591501258873,0.15494591501281926,0.15494591501312727,0.15357822103971033,0.1535782210389405,0.1535782210383014,0.1535782210389405,0.15357822103971033,0.1535782210389405,0.15357822103769408,0.15357822103644445,0.15357822103769408,0.1535782210389405,0.1535782210383014,0.15357822103644445,0.15357822103414237,0.15357822103644445,0.1535782210383014,0.1535782210389405,0.15357822103769408,0.15357822103644445,0.15357822103769408,0.1535782210389405,0.15357822103971033,0.1535782210389405,0.1535782210383014,0.1535782210389405,0.15357822103971033,0.15223780418880167,0.152237804187124,0.1522378041855129,0.152237804187124,0.15223780418880167,0.152237804187124,0.1522378041839059,0.15223780417974017,0.1522378041839059,0.152237804187124,0.1522378041855129,0.15223780417974017,0.1522378041686345,0.15223780417974017,0.1522378041855129,0.152237804187124,0.1522378041839059,0.15223780417974017,0.1522378041839059,0.152237804187124,0.15223780418880167,0.152237804187124,0.1522378041855129,0.152237804187124,0.15223780418880167,0.15092409326789977,0.1509240932650876,0.15092409326186657,0.1509240932650876,0.15092409326789977,0.1509240932650876,0.15092409325854952,0.15092409324653294,0.15092409325854952,0.1509240932650876,0.15092409326186657,0.15092409324653294,0.1509240931858841,0.15092409324653294,0.15092409326186657,0.1509240932650876,0.15092409325854952,0.15092409324653294,0.15092409325854952,0.1509240932650876,0.15092409326789977,0.1509240932650876,0.15092409326186657,0.1509240932650876,0.15092409326789977,0.14963652341767367,0.14963652341507738,0.14963652341223338,0.14963652341507738,0.14963652341767367,0.14963652341507738,0.14963652340931807,0.14963652339965208,0.14963652340931807,0.14963652341507738,0.14963652341223338,0.14963652339965208,0.1496365233573047,0.14963652339965208,0.14963652341223338,0.14963652341507738,0.14963652340931807,0.14963652339965208,0.14963652340931807,0.14963652341507738,0.14963652341767367,0.14963652341507738,0.14963652341223338,0.14963652341507738,0.14963652341767367,0.14837453669413603,0.1483745366926002,0.1483745366910538,0.1483745366926002,0.14837453669413603,0.1483745366926002,0.1483745366894961,0.14837453668492867,0.1483745366894961,0.1483745366926002,0.1483745366910538,0.14837453668492867,0.14837453666770892,0.14837453668492867,0.1483745366910538,0.1483745366926002,0.1483745366894961,0.14837453668492867,0.1483745366894961,0.1483745366926002,0.14837453669413603,0.1483745366926002,0.1483745366910538,0.1483745366926002,0.14837453669413603,0.1471375825779869,0.14713758257756926,0.1471375825772537,0.14713758257756926,0.1471375825779869,0.14713758257756926,0.14713758257696272,0.14713758257654944,0.14713758257696272,0.14713758257756926,0.1471375825772537,0.14713758257654944,0.14713758257718343,0.14713758257654944,0.1471375825772537,0.14713758257756926,0.14713758257696272,0.14713758257654944,0.14713758257696272,0.14713758257756926,0.1471375825779869,0.14713758257756926,0.1471375825772537,0.14713758257756926,0.1471375825779869,0.14592511841404374,0.14592511841441785,0.14592511841490288,0.14592511841441785,0.14592511841404374,0.14592511841441785,0.14592511841542122,0.14592511841737674,0.14592511841542122,0.14592511841441785,0.14592511841490288,0.14592511841737674,0.1459251184268355,0.14592511841737674,0.14592511841490288,0.14592511841441785,0.14592511841542122,0.14592511841737674,0.14592511841542122,0.14592511841441785,0.14592511841404374,0.14592511841441785,0.14592511841490288,0.14592511841441785,0.14592511841404374,0.14473660978548442,0.14473660978628178,0.14473660978717737,0.14473660978628178,0.14473660978548442,0.14473660978628178,0.14473660978810235,0.1447366097912465,0.14473660978810235,0.14473660978628178,0.14473660978717737,0.1447366097912465,0.1447366098055156,0.1447366097912465,0.14473660978717737,0.14473660978628178,0.14473660978810235,0.1447366097912465,0.14473660978810235,0.14473660978628178,0.14473660978548442,0.14473660978628178,0.14473660978717737,0.14473660978628178,0.14473660978548442,0.14357153082871155,0.14357153082960405,0.14357153083054466,0.14357153082960405,0.14357153082871155,0.14357153082960405,0.14357153083150065,0.14357153083453758,0.14357153083150065,0.14357153082960405,0.14357153083054466,0.14357153083453758,0.1435715308474402,0.14357153083453758,0.14357153083054466,0.14357153082960405,0.14357153083150065,0.14357153083453758,0.14357153083150065,0.14357153082960405,0.14357153082871155,0.14357153082960405,0.14357153083054466,0.14357153082960405,0.14357153082871155,0.1424293644946559,0.14242936449548022,0.1424293644962948,0.14242936449548022,0.1424293644946559,0.14242936449548022,0.14242936449710808,0.14242936449947474,0.14242936449710808,0.14242936449548022,0.1424293644962948,0.14242936449947474,0.14242936450841306,0.14242936449947474,0.1424293644962948,0.14242936449548022,0.14242936449710808,0.14242936449947474,0.14242936449710808,0.14242936449548022,0.1424293644946559,0.14242936449548022,0.1424293644962948,0.14242936449548022,0.1424293644946559,0.14130960276132085,0.14130960276210833,0.14130960276286503,0.14130960276210833,0.14130960276132085,0.14130960276210833,0.14130960276361054,0.1413096027657675,0.14130960276361054,0.14130960276210833,0.14130960276286503,0.1413096027657675,0.14130960277416846,0.1413096027657675,0.14130960276286503,0.14130960276210833,0.14130960276361054,0.1413096027657675,0.14130960276361054,0.14130960276210833,0.14130960276132085,0.14130960276210833,0.14130960276286503,0.14130960276210833,0.14130960276132085,0.1402117468022957,0.1402117468031531,0.1402117468039371,0.1402117468031531,0.1402117468022957,0.1402117468031531,0.1402117468046966,0.14021174680678308,0.1402117468046966,0.1402117468031531,0.1402117468039371,0.14021174680678308,0.14021174681481832,0.14021174680678308,0.1402117468039371,0.1402117468031531,0.1402117468046966,0.14021174680678308,0.1402117468046966,0.1402117468031531,0.1402117468022957,0.1402117468031531,0.1402117468039371,0.1402117468031531,0.1402117468022957,0.1391353071157274,0.13913530711690897,0.13913530711791933,0.13913530711690897,0.1391353071157274,0.13913530711690897,0.13913530711889172,0.1391353071209818,0.13913530711889172,0.13913530711690897,0.13913530711791933,0.1391353071209818,0.13913530712522457,0.1391353071209818,0.13913530711791933,0.13913530711690897,0.13913530711889172,0.1391353071209818,0.13913530711889172,0.13913530711690897,0.1391353071157274,0.13913530711690897,0.13913530711791933,0.13913530711690897,0.1391353071157274,0.1380798036172202,0.1380798036193007,0.13807980362133546,0.1380798036193007,0.1380798036172202,0.1380798036193007,0.13807980362337813,0.13807980362879155,0.13807980362337813,0.1380798036193007,0.13807980362133546,0.13807980362879155,0.1380798036436237,0.13807980362879155,0.13807980362133546,0.1380798036193007,0.13807980362337813,0.13807980362879155,0.13807980362337813,0.1380798036193007,0.1380798036172202,0.1380798036193007,0.13807980362133546,0.1380798036193007,0.1380798036172202,0.13704476570001256,0.13704476570313714,0.13704476570687626,0.13704476570313714,0.13704476570001256,0.13704476570313714,0.13704476571074142,0.13704476572584204,0.13704476571074142,0.13704476570313714,0.13704476570687626,0.13704476572584204,0.13704476580907968,0.13704476572584204,0.13704476570687626,0.13704476570313714,0.13704476571074142,0.13704476572584204,0.13704476571074142,0.13704476570313714,0.13704476570001256,0.13704476570313714,0.13704476570687626,0.13704476570313714,0.13704476570001256,0.13602973226760387,0.1360297322697543,0.13602973227184773,0.1360297322697543,0.13602973226760387,0.1360297322697543,0.13602973227394297,0.13602973227951434,0.13602973227394297,0.1360297322697543,0.13602973227184773,0.13602973227951434,0.13602973229491705,0.13602973227951434,0.13602973227184773,0.1360297322697543,0.13602973227394297,0.13602973227951434,0.13602973227394297,0.13602973226975412,0.13602973226760387,0.1360297322697543,0.13602973227184773,0.13602973226975412,0.13602973226760387,0.1350342517438908,0.13503425174523095,0.13503425174633435,0.13503425174523095,0.1350342517438908,0.13503425174523095,0.13503425174737965,0.13503425174950287,0.13503425174737965,0.13503425174523095,0.13503425174633435,0.13503425174950287,0.1350342517533538,0.13503425174950304,0.13503425174633446,0.13503425174523095,0.13503425174737965,0.13503425174950304,0.13503425174737965,0.13503425174523095,0.1350342517438908,0.13503425174523095,0.13503425174633446,0.13503425174523095,0.1350342517438908
0.16533248793333877,0.16533248793333852,0.16533248793333827,0.16533248793333852,0.16533248793333877,0.16533248793333852,0.16533248793333827,0.16533248793333805,0.16533248793333827,0.16533248793333852,0.16533248793333827,0.16533248793333805,0.16533248793333782,0.16533248793333805,0.16533248793333827,0.16533248793333852,0.16533248793333827,0.16533248793333805,0.16533248793333827,0.16533248793333852,0.16533248793333877,0.16533248793333852,0.16533248793333827,0.16533248793333852,0.16533248793333852,0.16375749421159622,0.16375749421159574,0.16375749421159552,0.16375749421159574,0.16375749421159622,0.16375749421159574,0.1637574942115953,0.1637574942115948,0.1637574942115953,0.16375749421159574,0.16375749421159552,0.1637574942115948,0.16375749421159458,0.1637574942115948,0.16375749421159552,0.16375749421159574,0.1637574942115953,0.1637574942115948,0.1637574942115953,0.16375749421159574,0.16375749421159622,0.16375749421159574,0.16375749421159552,0.16375749421159574,0.16375749421159622,0.1622138844218052,0.16221388442180365,0.16221388442180273,0.16221388442180365,0.1622138844218052,0.16221388442180365,0.16221388442180204,0.1622138844218009,0.16221388442180204,0.16221388442180365,0.16221388442180273,0.1622138844218009,0.16221388442179976,0.1622138844218009,0.16221388442180273,0.16221388442180365,0.16221388442180204,0.1622138844218009,0.16221388442180204,0.16221388442180365,0.1622138844218052,0.16221388442180365,0.16221388442180273,0.16221388442180365,0.1622138844218052,0.1607010675210077,0.16070106752100305,0.16070106752100016,0.16070106752100305,0.1607010675210077,0.16070106752100305,0.16070106752099794,0.1607010675209946,0.16070106752099794,0.16070106752100305,0.16070106752100016,0.1607010675209946,0.16070106752099106,0.1607010675209946,0.16070106752100016,0.16070106752100305,0.16070106752099794,0.1607010675209946,0.16070106752099794,0.16070106752100305,0.1607010675210077,0.16070106752100305,0.16070106752100016,0.16070106752100305,0.1607010675210077,0.1592184518841883,0.15921845188417458,0.15921845188416567,0.15921845188417458,0.1592184518841883,0.15921845188417458,0.1592184518841587,0.15921845188414824,0.1592184518841587,0.15921845188417458,0.15921845188416567,0.15921845188414824,0.15921845188413672,0.15921845188414824,0.15921845188416567,0.15921845188417458,0.1592184518841587,0.15921845188414824,0.1592184518841587,0.15921845188417458,0.1592184518841883,0.15921845188417458,0.15921845188416567,0.15921845188417458,0.1592184518841883,0.1577654466561323,0.1577654466560924,0.1577654466560655,0.1577654466560924,0.1577654466561323,0.1577654466560924,0.15776544665604375,0.15776544665601025,0.15776544665604397,0.1577654466560924,0.1577654466560655,0.15776544665601025,0.15776544665597078,0.15776544665601025,0.1577654466560655,0.1577654466560924,0.15776544665604397,0.15776544665601025,0.15776544665604375,0.1577654466560924,0.1577654466561323,0.1577654466560924,0.1577654466560655,0.1577654466560924,0.1577654466561323,0.1563414629657737,0.15634146296565996,0.1563414629655807,0.15634146296565996,0.1563414629657737,0.15634146296565996,0.15634146296551274,0.15634146296540297,0.15634146296551274,0.15634146296565996,0.1563414629655807,0.15634146296540297,0.15634146296526286,0.15634146296540297,0.1563414629655807,0.15634146296565996,0.15634146296551274,0.15634146296540297,0.15634146296551274,0.15634146296565996,0.1563414629657737,0.15634146296565996,0.1563414629655807,0.15634146296565996,0.1563414629657737,0.15494591501331664,0.15494591501300925,0.1549459150127791,0.15494591501300925,0.15494591501331664,0.15494591501300925,0.1549459150125717,0.15494591501220426,0.1549459150125717,0.15494591501300925,0.1549459150127791,0.15494591501220426,0.15494591501166613,0.15494591501220426,0.1549459150127791,0.15494591501300925,0.1549459150125717,0.15494591501220426,0.1549459150125717,0.15494591501300925,0.15494591501331664,0.15494591501300925,0.1549459150127791,0.15494591501300925,0.15494591501331664,0.15357822103989371,0.15357822103912566,0.1535782210384878,0.15357822103912566,0.15357822103989371,0.15357822103912566,0.15357822103788166,0.15357822103663443,0.15357822103788166,0.15357822103912566,0.1535782210384878,0.15357822103663443,0.1535782210343368,0.15357822103663443,0.1535782210384878,0.15357822103912566,0.15357822103788166,0.15357822103663443,0.15357822103788166,0.15357822103912566,0.15357822103989371,0.15357822103912566,0.1535782210384878,0.15357822103912566,0.15357822103989371,0.15223780418897606,0.15223780418730176,0.152237804185694,0.15223780418730176,0.15223780418897606,0.15223780418730176,0.15223780418409014,0.15223780417993268,0.15223780418409014,0.15223780418730176,0.152237804185694,0.15223780417993268,0.15223780416884844,0.15223780417993268,0.152237804185694,0.15223780418730176,0.15223780418409014,0.15223780417993268,0.15223780418409014,0.15223780418730176,0.15223780418897606,0.15223780418730176,0.152237804185694,0.15223780418730176,0.15223780418897606,0.15092409326805778,0.15092409326525155,0.15092409326203732,0.15092409326525155,0.15092409326805778,0.15092409326525155,0.1509240932587272,0.15092409324673453,0.1509240932587272,0.15092409326525155,0.15092409326203732,0.15092409324673453,0.15092409318617117,0.15092409324673453,0.15092409326203732,0.15092409326525155,0.1509240932587272,0.15092409324673453,0.1509240932587272,0.15092409326525155,0.15092409326805778,0.15092409326525155,0.15092409326203732,0.15092409326525155,0.15092409326805778,0.14963652341780245,0.14963652341521275,0.14963652341237593,0.14963652341521275,0.14963652341780245,0.14963652341521275,0.14963652340946784,0.1496365233998255,0.14963652340946784,0.14963652341521275,0.14963652341237593,0.1496365233998255,0.14963652335758076,0.1496365233998255,0.14963652341237593,0.14963652341521275,0.14963652340946784,0.1496365233998255,0.14963652340946784,0.14963652341521275,0.14963652341780245,0.14963652341521275,0.14963652341237593,0.14963652341521275,0.14963652341780245,0.14837453669422165,0.1483745366926912,0.14837453669115055,0.1483745366926912,0.14837453669422165,0.1483745366926912,0.1483745366895986,0.14837453668504968,0.1483745366895986,0.1483745366926912,0.14837453669115055,0.14837453668504968,0.1483745366679037,0.14837453668504968,0.14837453669115055,0.1483745366926912,0.1483745366895986,0.14837453668504968,0.1483745366895986,0.1483745366926912,0.14837453669422165,0.1483745366926912,0.14837453669115055,0.1483745366926912,0.14837453669422165,0.14713758257801812,0.14713758257760323,0.14713758257729062,0.14713758257760323,0.14713758257801812,0.14713758257760323,0.14713758257700266,0.14713758257659884,0.14713758257700266,0.14713758257760323,0.14713758257729062,0.14713758257659884,0.14713758257727172,0.14713758257659884,0.14713758257729062,0.14713758257760323,0.14713758257700266,0.14713758257659884,0.14713758257700266,0.14713758257760323,0.14713758257801812,0.14713758257760323,0.14713758257729062,0.14713758257760323,0.14713758257801812,0.14592511841401365,0.1459251184143874,0.14592511841487243,0.1459251184143874,0.14592511841401365,0.1459251184143874,0.14592511841539044,0.14592511841734487,0.14592511841539044,0.1459251184143874,0.14592511841487243,0.14592511841734487,0.1459251184267885,0.14592511841734487,0.14592511841487243,0.1459251184143874,0.14592511841539044,0.14592511841734487,0.14592511841539044,0.1459251184143874,0.14592511841401365,0.1459251184143874,0.14592511841487243,0.1459251184143874,0.14592511841401365,0.1447366097853926,0.144736609786187,0.1447366097870793,0.144736609786187,0.1447366097853926,0.144736609786187,0.14473660978800093,0.14473660979113495,0.14473660978800093,0.144736609786187,0.1447366097870793,0.14473660979113495,0.1447366098053805,0.14473660979113495,0.1447366097870793,0.144736609786187,0.14473660978800093,0.14473660979113495,0.14473660978800093,0.144736609786187,0.1447366097853926,0.144736609786187,0.1447366097870793,0.144736609786187,0.1447366097853926,0.14357153082856386,0.14357153082945073,0.14357153083038504,0.14357153082945073,0.14357153082856386,0.14357153082945073,0.1435715308313345,0.1435715308343492,0.1435715308313345,0.14357153082945073,0.14357153083038504,0.1435715308343492,0.14357153084713203,0.1435715308343492,0.14357153083038504,0.14357153082945073,0.1435715308313345,0.1435715308343492,0.1435715308313345,0.14357153082945073,0.14357153082856386,0.14357153082945073,0.14357153083038504,0.14357153082945073,0.14357153082856386,0.14242936449446314,0.14242936449528143,0.14242936449608934,0.14242936449528143,0.14242936449446314,0.14242936449528143,0.14242936449689605,0.1424293644992397,0.14242936449689605,0.14242936449528143,0.14242936449608934,0.1424293644992397,0.14242936450808946,0.1424293644992397,0.14242936449608934,0.14242936449528143,0.14242936449689605,0.1424293644992397,0.14242936449689605,0.14242936449528143,0.14242936449446314,0.14242936449528143,0.14242936449608934,0.14242936449528143,0.14242936449446314,0.14130960276109472,0.14130960276187776,0.14130960276263002,0.14130960276187776,0.14130960276109472,0.14130960276187776,0.14130960276337126,0.1413096027655159,0.14130960276337126,0.14130960276187776,0.14130960276263002,0.1413096027655159,0.14130960277385793,0.1413096027655159,0.14130960276263002,0.14130960276187776,0.14130960276337126,0.1413096027655159,0.14130960276337126,0.14130960276187776,0.14130960276109472,0.14130960276187776,0.14130960276263002,0.14130960276187776,0.14130960276109472,0.14021174680204482,0.1402117468028991,0.14021174680368023,0.1402117468028991,0.14021174680204482,0.1402117468028991,0.140211746804437,0.1402117468065157,0.140211746804437,0.1402117468028991,0.14021174680368023,0.1402117468065157,0.14021174681452095,0.1402117468065157,0.14021174680368023,0.1402117468028991,0.140211746804437,0.1402117468065157,0.140211746804437,0.1402117468028991,0.14021174680204482,0.1402117468028991,0.14021174680368023,0.1402117468028991,0.14021174680204482,0.13913530711545752,0.13913530711663685,0.13913530711764532,0.13913530711663685,0.13913530711545752,0.13913530711663685,0.1391353071186158,0.13913530712070177,0.1391353071186158,0.13913530711663685,0.13913530711764532,0.13913530712070177,0.139135307124936,0.13913530712070177,0.13913530711764532,0.13913530711663685,0.1391353071186158,0.13913530712070177,0.1391353071186158,0.13913530711663685,0.13913530711545752,0.13913530711663685,0.13913530711764532,0.13913530711663685,0.13913530711545752,0.13807980361693584,0.13807980361901354,0.13807980362104583,0.13807980361901354,0.13807980361693584,0.13807980361901354,0.138079803623086,0.13807980362849293,0.138079803623086,0.13807980361901354,0.13807980362104583,0.13807980362849293,0.1380798036433079,0.13807980362849293,0.13807980362104583,0.13807980361901354,0.138079803623086,0.13807980362849293,0.138079803623086,0.13807980361901354,0.13807980361693584,0.13807980361901354,0.13807980362104583,0.13807980361901354,0.13807980361693584,0.13704476569971896,0.13704476570283988,0.13704476570657476,0.13704476570283988,0.13704476569971896,0.13704476570283988,0.13704476571043567,0.1370447657255194,0.13704476571043567,0.13704476570283988,0.13704476570657476,0.1370447657255194,0.13704476580866537,0.1370447657255194,0.13704476570657476,0.13704476570283988,0.13704476571043567,0.1370447657255194,0.13704476571043567,0.13704476570283988,0.13704476569971896,0.13704476570283988,0.13704476570657476,0.13704476570283988,0.13704476569971896,0.13602973226730805,0.13602973226945608,0.1360297322715473,0.13602973226945594,0.13602973226730805,0.13602973226945608,0.13602973227364012,0.13602973227920523,0.13602973227364012,0.13602973226945594,0.1360297322715473,0.13602973227920523,0.13602973229459092,0.13602973227920523,0.1360297322715473,0.13602973226945594,0.13602973227364012,0.13602973227920523,0.13602973227364012,0.13602973226945594,0.13602973226730805,0.13602973226945594,0.1360297322715473,0.13602973226945594,0.13602973226730805,0.1350342517435976,0.1350342517449364,0.13503425174603848,0.1350342517449364,0.1350342517435976,0.1350342517449364,0.13503425174708247,0.1350342517492035,0.13503425174708264,0.1350342517449364,0.13503425174603848,0.1350342517492035,0.1350342517530502,0.1350342517492035,0.13503425174603848,0.1350342517449364,0.13503425174708264,0.1350342517492035,0.13503425174708264,0.1350342517449364,0.1350342517435976,0.1350342517449364,0.13503425174603848,0.1350342517449364,0.1350342517435976
0.16533248793355657,0.16533248793355634,0.1653324879335561,0.16533248793355634,0.16533248793355657,0.16533248793355634,0.1653324879335561,0.16533248793355587,0.1653324879335561,0.16533248793355634,0.1653324879335561,0.16533248793355587,0.16533248793355587,0.16533248793355587,0.1653324879335561,0.16533248793355634,0.1653324879335561,0.16533248793355587,0.1653324879335561,0.16533248793355634,0.16533248793355657,0.16533248793355634,0.1653324879335561,0.16533248793355634,0.16533248793355657,0.16375749421180968,0.1637574942118092,0.163757494211809,0.1637574942118092,0.16375749421180968,0.1637574942118092,0.16375749421180877,0.1637574942118083,0.16375749421180877,0.1637574942118092,0.163757494211809,0.1637574942118083,0.16375749421180807,0.1637574942118083,0.163757494211809,0.1637574942118092,0.16375749421180877,0.1637574942118083,0.16375749421180877,0.1637574942118092,0.16375749421180968,0.1637574942118092,0.163757494211809,0.1637574942118092,0.16375749421180968,0.16221388442201445,0.16221388442201282,0.16221388442201196,0.16221388442201282,0.16221388442201445,0.16221388442201282,0.16221388442201126,0.16221388442201015,0.16221388442201126,0.16221388442201282,0.16221388442201196,0.16221388442201015,0.162213884422009,0.16221388442201015,0.16221388442201196,0.16221388442201282,0.16221388442201126,0.16221388442201015,0.16221388442201126,0.16221388442201282,0.16221388442201445,0.16221388442201282,0.16221388442201196,0.16221388442201282,0.16221388442201445,0.16070106752121277,0.1607010675212081,0.16070106752120522,0.1607010675212081,0.16070106752121277,0.1607010675212081,0.160701067521203,0.16070106752119964,0.160701067521203,0.1607010675212081,0.16070106752120522,0.16070106752119964,0.1607010675211961,0.16070106752119964,0.16070106752120522,0.1607010675212081,0.160701067521203,0.16070106752119964,0.160701067521203,0.1607010675212081,0.16070106752121277,0.1607010675212081,0.16070106752120522,0.1607010675212081,0.16070106752121277,0.15921845188438905,0.1592184518843753,0.15921845188436662,0.1592184518843753,0.15921845188438905,0.1592184518843753,0.15921845188435965,0.1592184518843492,0.15921845188435965,0.1592184518843753,0.15921845188436662,0.1592184518843492,0.15921845188433764,0.1592184518843492,0.15921845188436662,0.1592184518843753,0.15921845188435965,0.1592184518843492,0.15921845188435965,0.1592184518843753,0.15921845188438905,0.1592184518843753,0.15921845188436662,0.1592184518843753,0.15921845188438905,0.15776544665632902,0.1577654466562891,0.15776544665626244,0.1577654466562891,0.15776544665632902,0.1577654466562891,0.15776544665624068,0.15776544665620718,0.15776544665624068,0.1577654466562891,0.15776544665626244,0.15776544665620718,0.15776544665616793,0.15776544665620718,0.15776544665626244,0.1577654466562891,0.15776544665624068,0.15776544665620718,0.15776544665624068,0.1577654466562891,0.15776544665632902,0.1577654466562891,0.15776544665626244,0.1577654466562891,0.15776544665632902,0.15634146296596607,0.15634146296585275,0.1563414629657735,0.15634146296585275,0.15634146296596607,0.15634146296585275,0.15634146296570575,0.15634146296559598,0.15634146296570575,0.15634146296585275,0.1563414629657735,0.15634146296559598,0.1563414629654563,0.15634146296559598,0.1563414629657735,0.15634146296585275,0.15634146296570575,0.15634146296559598,0.15634146296570575,0.15634146296585275,0.15634146296596607,0.15634146296585275,0.1563414629657735,0.15634146296585275,0.15634146296596607,0.15494591501350435,0.15494591501319757,0.15494591501296803,0.15494591501319757,0.15494591501350435,0.15494591501319757,0.15494591501276087,0.15494591501239424,0.15494591501276087,0.15494591501319757,0.15494591501296803,0.15494591501239424,0.15494591501185712,0.15494591501239424,0.15494591501296803,0.15494591501319757,0.15494591501276087,0.15494591501239424,0.15494591501276087,0.15494591501319757,0.15494591501350435,0.15494591501319757,0.15494591501296803,0.15494591501319757,0.15494591501350435,0.15357822104007565,0.15357822103930904,0.15357822103867239,0.15357822103930904,0.15357822104007565,0.15357822103930904,0.15357822103806745,0.1535782210368228,0.15357822103806745,0.15357822103930904,0.15357822103867239,0.1535782210368228,0.1535782210345296,0.1535782210368228,0.15357822103867239,0.15357822103930904,0.15357822103806745,0.1535782210368228,0.15357822103806745,0.15357822103930904,0.15357822104007565,0.15357822103930904,0.15357822103867239,0.15357822103930904,0.15357822104007565,0.15223780418914892,0.15223780418747812,0.1522378041858735,0.15223780418747812,0.15223780418914892,0.15223780418747812,0.152237804184273,0.15223780418012361,0.152237804184273,0.15223780418747812,0.1522378041858735,0.15223780418012361,0.15223780416906046,0.15223780418012361,0.1522378041858735,0.15223780418747812,0.152237804184273,0.15223780418012361,0.152237804184273,0.15223780418747812,0.15223780418914892,0.15223780418747812,0.1522378041858735,0.15223780418747812,0.15223780418914892,0.15092409326821443,0.15092409326541417,0.15092409326220652,0.15092409326541417,0.15092409326821443,0.15092409326541417,0.15092409325890335,0.1509240932469344,0.15092409325890335,0.15092409326541417,0.15092409326220652,0.1509240932469344,0.1509240931865109,0.1509240932469344,0.15092409326220652,0.15092409326541417,0.15092409325890335,0.1509240932469344,0.15092409325890335,0.15092409326541417,0.15092409326821443,0.15092409326541417,0.15092409326220652,0.15092409326541417,0.15092409326821443,0.14963652341793007,0.14963652341534703,0.14963652341251701,0.14963652341534703,0.14963652341793007,0.14963652341534703,0.14963652340961625,0.1496365233999972,0.14963652340961625,0.14963652341534703,0.14963652341251701,0.1496365233999972,0.1496365233578092,0.1496365233999972,0.14963652341251701,0.14963652341534703,0.14963652340961625,0.1496365233999972,0.14963652340961625,0.14963652341534703,0.14963652341793007,0.14963652341534703,0.14963652341251701,0.14963652341534703,0.14963652341793007,0.14837453669430672,0.14837453669278128,0.1483745366912464,0.14837453669278128,0.14837453669430672,0.14837453669278128,0.14837453668970016,0.14837453668516942,0.14837453668970016,0.14837453669278128,0.1483745366912464,0.14837453668516942,0.1483745366681554,0.14837453668516942,0.1483745366912464,0.14837453669278128,0.14837453668970016,0.14837453668516942,0.14837453668970016,0.14837453669278128,0.14837453669430672,0.14837453669278128,0.1483745366912464,0.14837453669278128,0.14837453669430672,0.14713758257804882,0.14713758257763684,0.1471375825773271,0.14713758257763684,0.14713758257804882,0.14713758257763684,0.14713758257704226,0.1471375825766477,0.14713758257704226,0.14713758257763684,0.1471375825773271,0.1471375825766477,0.14713758257735837,0.1471375825766477,0.1471375825773271,0.14713758257763684,0.14713758257704226,0.1471375825766477,0.14713758257704226,0.14713758257763684,0.14713758257804882,0.14713758257763684,0.1471375825773271,0.14713758257763684,0.14713758257804882,0.1459251184139837,0.14592511841435732,0.14592511841484215,0.14592511841435732,0.1459251184139837,0.14592511841435732,0.14592511841536,0.1459251184173135,0.14592511841536,0.14592511841435732,0.14592511841484215,0.1459251184173135,0.1459251184267748,0.1459251184173135,0.14592511841484215,0.14592511841435732,0.14592511841536,0.1459251184173135,0.14592511841536,0.14592511841435732,0.1459251184139837,0.14592511841435732,0.14592511841484215,0.14592511841435732,0.1459251184139837,0.14473660978530167,0.14473660978609293,0.1447366097869819,0.14473660978609293,0.14473660978530167,0.14473660978609293,0.1447366097879002,0.1447366097910243,0.1447366097879002,0.14473660978609293,0.1447366097869819,0.1447366097910243,0.14473660980522846,0.1447366097910243,0.1447366097869819,0.14473660978609293,0.1447366097879002,0.1447366097910243,0.1447366097879002,0.14473660978609293,0.14473660978530167,0.14473660978609293,0.1447366097869819,0.14473660978609293,0.14473660978530167,0.1435715308284174,0.14357153082929863,0.14357153083022672,0.14357153082929863,0.1435715308284174,0.14357153082929863,0.14357153083116972,0.14357153083416233,0.14357153083116972,0.14357153082929863,0.14357153083022672,0.14357153083416233,0.14357153084683855,0.14357153083416233,0.14357153083022672,0.14357153082929863,0.14357153083116972,0.14357153083416233,0.14357153083116972,0.14357153082929863,0.1435715308284174,0.14357153082929863,0.14357153083022672,0.14357153082929863,0.1435715308284174,0.14242936449427188,0.14242936449508434,0.14242936449588567,0.14242936449508434,0.14242936449427188,0.14242936449508434,0.14242936449668553,0.14242936449900653,0.14242936449668553,0.14242936449508434,0.14242936449588567,0.14242936449900653,0.14242936450774876,0.14242936449900653,0.14242936449588567,0.14242936449508434,0.14242936449668553,0.14242936449900653,0.14242936449668553,0.14242936449508434,0.14242936449427188,0.14242936449508434,0.14242936449588567,0.14242936449508434,0.14242936449427188,0.1413096027608704,0.14130960276164897,0.14130960276239715,0.14130960276164897,0.1413096027608704,0.14130960276164897,0.14130960276313395,0.1413096027652664,0.14130960276313395,0.14130960276164897,0.14130960276239715,0.1413096027652664,0.14130960277357407,0.1413096027652664,0.14130960276239715,0.14130960276164897,0.14130960276313395,0.1413096027652664,0.14130960276313395,0.14130960276164897,0.1413096027608704,0.14130960276164897,0.14130960276239715,0.14130960276164897,0.1413096027608704,0.140211746801796,0.14021174680264742,0.1402117468034256,0.14021174680264742,0.140211746801796,0.14021174680264742,0.14021174680417964,0.14021174680625062,0.14021174680417964,0.14021174680264742,0.1402117468034256,0.14021174680625062,0.14021174681421408,0.14021174680625062,0.1402117468034256,0.14021174680264742,0.14021174680417964,0.14021174680625062,0.14021174680417964,0.14021174680264742,0.140211746801796,0.14021174680264742,0.1402117468034256,0.14021174680264742,0.140211746801796,0.13913530711518998,0.13913530711636712,0.1391353071173735,0.13913530711636712,0.13913530711518998,0.13913530711636712,0.13913530711834227,0.13913530712042413,0.13913530711834227,0.13913530711636712,0.1391353071173735,0.13913530712042413,0.13913530712464983,0.13913530712042413,0.1391353071173735,0.13913530711636712,0.13913530711834227,0.13913530712042413,0.13913530711834227,0.13913530711636712,0.13913530711518998,0.13913530711636712,0.1391353071173735,0.13913530711636712,0.13913530711518998,0.13807980361665398,0.13807980361872887,0.13807980362075867,0.13807980361872887,0.13807980361665398,0.13807980361872887,0.1380798036227964,0.1380798036281968,0.1380798036227964,0.13807980361872887,0.13807980362075867,0.1380798036281968,0.13807980364299471,0.1380798036281968,0.13807980362075867,0.13807980361872887,0.1380798036227964,0.1380798036281968,0.1380798036227964,0.13807980361872887,0.13807980361665398,0.13807980361872887,0.13807980362075867,0.13807980361872887,0.13807980361665398,0.13704476569942783,0.13704476570254512,0.13704476570627586,0.13704476570254512,0.13704476569942783,0.13704476570254512,0.13704476571013233,0.13704476572519952,0.13704476571013233,0.13704476570254512,0.13704476570627586,0.13704476572519952,0.13704476580826247,0.13704476572519952,0.13704476570627586,0.13704476570254512,0.13704476571013233,0.13704476572519952,0.13704476571013233,0.13704476570254512,0.13704476569942783,0.13704476570254512,0.13704476570627586,0.13704476570254512,0.13704476569942783,0.13602973226701476,0.13602973226916024,0.13602973227124907,0.13602973226916024,0.13602973226701476,0.13602973226916024,0.1360297322733397,0.1360297322788987,0.1360297322733397,0.13602973226916024,0.13602973227124907,0.1360297322788987,0.13602973229426735,0.1360297322788987,0.13602973227124907,0.13602973226916024,0.1360297322733397,0.1360297322788987,0.1360297322733397,0.13602973226916024,0.13602973226701476,0.13602973226916024,0.13602973227124907,0.13602973226916024,0.13602973226701476,0.13503425174330688,0.1350342517446441,0.135034251745745,0.1350342517446441,0.13503425174330688,0.1350342517446441,0.13503425174678782,0.13503425174890651,0.13503425174678782,0.1350342517446441,0.135034251745745,0.13503425174890651,0.13503425175274894,0.13503425174890651,0.135034251745745,0.1350342517446441,0.13503425174678782,0.13503425174890651,0.13503425174678796,0.1350342517446441,0.13503425174330688,0.1350342517446441,0.135034251745745,0.1350342517446441,0.13503425174330688
0.16533248793407196,0.16533248793407174,0.16533248793407151,0.16533248793407174,0.16533248793407196,0.16533248793407174,0.16533248793407151,0.16533248793407126,0.16533248793407151,0.16533248793407174,0.16533248793407151,0.16533248793407126,0.16533248793407126,0.16533248793407126,0.16533248793407151,0.16533248793407174,0.16533248793407151,0.16533248793407126,0.16533248793407151,0.16533248793407174,0.16533248793407196,0.16533248793407174,0.16533248793407151,0.16533248793407174,0.16533248793407196,0.16375749421231736,0.1637574942123169,0.1637574942123167,0.1637574942123169,0.16375749421231736,0.1637574942123169,0.16375749421231645,0.16375749421231597,0.16375749421231645,0.1637574942123169,0.1637574942123167,0.16375749421231597,0.16375749421231575,0.16375749421231597,0.1637574942123167,0.1637574942123169,0.16375749421231645,0.16375749421231597,0.16375749421231645,0.1637574942123169,0.16375749421231736,0.1637574942123169,0.1637574942123167,0.1637574942123169,0.16375749421231736,0.16221388442251652,0.16221388442251494,0.16221388442251403,0.16221388442251494,0.16221388442251652,0.16221388442251494,0.16221388442251336,0.16221388442251247,0.16221388442251336,0.16221388442251494,0.16221388442251403,0.16221388442251247,0.1622138844225113,0.16221388442251247,0.16221388442251403,0.16221388442251494,0.16221388442251336,0.16221388442251247,0.16221388442251336,0.16221388442251494,0.16221388442251652,0.16221388442251494,0.16221388442251403,0.16221388442251494,0.16221388442251652,0.16070106752171173,0.16070106752170704,0.16070106752170418,0.16070106752170704,0.16070106752171173,0.16070106752170704,0.16070106752170216,0.16070106752169908,0.16070106752170216,0.16070106752170704,0.16070106752170418,0.16070106752169908,0.1607010675216955,0.16070106752169908,0.16070106752170418,0.16070106752170704,0.16070106752170216,0.16070106752169908,0.16070106752170216,0.16070106752170704,0.16070106752171173,0.16070106752170704,0.16070106752170418,0.16070106752170704,0.16070106752171173,0.15921845188488715,0.15921845188487366,0.15921845188486475,0.15921845188487366,0.15921845188488715,0.15921845188487366,0.15921845188485823,0.15921845188484776,0.15921845188485823,0.15921845188487366,0.15921845188486475,0.15921845188484776,0.15921845188483624,0.15921845188484776,0.15921845188486475,0.15921845188487366,0.15921845188485823,0.15921845188484776,0.15921845188485823,0.15921845188487366,0.15921845188488715,0.15921845188487366,0.15921845188486475,0.15921845188487366,0.15921845188488715,0.15776544665682832,0.1577654466567886,0.15776544665676218,0.1577654466567886,0.15776544665682832,0.1577654466567886,0.15776544665674083,0.15776544665670753,0.15776544665674083,0.1577654466567886,0.15776544665676218,0.15776544665670753,0.15776544665666847,0.15776544665670753,0.15776544665676218,0.1577654466567886,0.15776544665674083,0.15776544665670753,0.15776544665674083,0.1577654466567886,0.15776544665682832,0.1577654466567886,0.15776544665676218,0.1577654466567886,0.15776544665682832,0.15634146296646814,0.15634146296635565,0.15634146296627724,0.15634146296635565,0.15634146296646814,0.15634146296635565,0.1563414629662101,0.15634146296610119,0.1563414629662101,0.15634146296635565,0.15634146296627724,0.15634146296610119,0.15634146296596274,0.15634146296610119,0.15634146296627724,0.15634146296635565,0.1563414629662101,0.15634146296610119,0.1563414629662101,0.15634146296635565,0.15634146296646814,0.15634146296635565,0.15634146296627724,0.15634146296635565,0.15634146296646814,0.15494591501400973,0.15494591501370542,0.1549459150134777,0.15494591501370542,0.15494591501400973,0.15494591501370542,0.15494591501327237,0.1549459150129086,0.15494591501327237,0.15494591501370542,0.1549459150134777,0.1549459150129086,0.1549459150123758,0.1549459150129086,0.1549459150134777,0.15494591501370542,0.15494591501327237,0.1549459150129086,0.15494591501327237,0.15494591501370542,0.15494591501400973,0.15494591501370542,0.1549459150134777,0.15494591501370542,0.15494591501400973,0.15357822104058122,0.1535782210398208,0.15357822103918953,0.1535782210398208,0.15357822104058122,0.1535782210398208,0.15357822103858942,0.15357822103735463,0.15357822103858942,0.1535782210398208,0.15357822103918953,0.15357822103735463,0.1535782210350795,0.15357822103735463,0.15357822103918953,0.1535782210398208,0.15357822103858942,0.15357822103735463,0.15357822103858942,0.1535782210398208,0.15357822104058122,0.1535782210398208,0.15357822103918953,0.1535782210398208,0.15357822104058122,0.1522378041896434,0.15223780418798655,0.15223780418639532,0.15223780418798655,0.1522378041896434,0.15223780418798655,0.1522378041848078,0.15223780418069188,0.1522378041848078,0.15223780418798655,0.15223780418639532,0.15223780418069188,0.15223780416971494,0.15223780418069188,0.15223780418639532,0.15223780418798655,0.1522378041848078,0.15223780418069188,0.1522378041848078,0.15223780418798655,0.1522378041896434,0.15223780418798655,0.15223780418639532,0.15223780418798655,0.1522378041896434,0.1509240932686703,0.15092409326589476,0.15092409326271464,0.15092409326589476,0.1509240932686703,0.15092409326589476,0.15092409325943967,0.15092409324756814,0.15092409325943967,0.15092409326589476,0.15092409326271464,0.15092409324756814,0.15092409318764025,0.15092409324756814,0.15092409326271464,0.15092409326589476,0.15092409325943967,0.15092409324756814,0.15092409325943967,0.15092409326589476,0.1509240932686703,0.15092409326589476,0.15092409326271464,0.15092409326589476,0.1509240932686703,0.14963652341829767,0.14963652341573994,0.149636523412939,0.14963652341573994,0.14963652341829767,0.14963652341573994,0.14963652341006797,0.14963652340055406,0.14963652341006797,0.14963652341573994,0.149636523412939,0.14963652340055406,0.1496365233588917,0.14963652340055406,0.149636523412939,0.14963652341573994,0.14963652341006797,0.14963652340055406,0.14963652341006797,0.14963652341573994,0.14963652341829767,0.14963652341573994,0.149636523412939,0.14963652341573994,0.14963652341829767,0.14837453669453265,0.14837453669302184,0.14837453669150233,0.14837453669302184,0.14837453669453265,0.14837453669302184,0.14837453668997205,0.148374536685493,0.14837453668997205,0.14837453669302184,0.14837453669150233,0.148374536685493,0.14837453666864633,0.148374536685493,0.14837453669150233,0.14837453669302184,0.14837453668997205,0.148374536685493,0.14837453668997205,0.14837453669302184,0.14837453669453265,0.14837453669302184,0.14837453669150233,0.14837453669302184,0.14837453669453265,0.1471375825781019,0.14713758257768936,0.1471375825773776,0.14713758257768936,0.1471375825781019,0.14713758257768936,0.14713758257709042,0.14713758257668152,0.14713758257709042,0.14713758257768936,0.1471375825773776,0.14713758257668152,0.1471375825773135,0.14713758257668152,0.1471375825773776,0.14713758257768936,0.14713758257709042,0.14713758257668152,0.14713758257709042,0.14713758257768936,0.1471375825781019,0.14713758257768936,0.1471375825773776,0.14713758257768936,0.1471375825781019,0.14592511841386246,0.14592511841422517,0.1459251184146974,0.14592511841422517,0.14592511841386246,0.14592511841422517,0.1459251184152022,0.14592511841711142,0.1459251184152022,0.14592511841422517,0.1459251184146974,0.14592511841711142,0.14592511842636097,0.14592511841711142,0.1459251184146974,0.14592511841422517,0.1459251184152022,0.14592511841711142,0.1459251184152022,0.14592511841422517,0.14592511841386246,0.14592511841422517,0.1459251184146974,0.14592511841422517,0.14592511841386246,0.14473660978502553,0.14473660978580055,0.14473660978667172,0.14473660978580055,0.14473660978502553,0.14473660978580055,0.14473660978757172,0.1447366097906347,0.14473660978757172,0.14473660978580055,0.14473660978667172,0.1447366097906347,0.1447366098045905,0.1447366097906347,0.14473660978667172,0.14473660978580055,0.14473660978757172,0.1447366097906347,0.14473660978757172,0.14473660978580055,0.14473660978502553,0.14473660978580055,0.14473660978667172,0.14473660978580055,0.14473660978502553,0.1435715308280165,0.14357153082888144,0.14357153082979246,0.14357153082888144,0.1435715308280165,0.14357153082888144,0.14357153083071816,0.14357153083365462,0.14357153083071816,0.14357153082888144,0.14357153082979246,0.14357153083365462,0.14357153084608892,0.14357153083365462,0.14357153082979246,0.14357153082888144,0.14357153083071816,0.14357153083365462,0.14357153083071816,0.14357153082888144,0.1435715308280165,0.14357153082888144,0.14357153082979246,0.14357153082888144,0.1435715308280165,0.1424293644937757,0.14242936449457522,0.14242936449536414,0.14242936449457522,0.1424293644937757,0.14242936449457522,0.14242936449615157,0.14242936449843702,0.14242936449615157,0.14242936449457522,0.14242936449536414,0.14242936449843702,0.14242936450702592,0.14242936449843702,0.14242936449536414,0.14242936449457522,0.14242936449615157,0.14242936449843702,0.14242936449615157,0.14242936449457522,0.1424293644937757,0.14242936449457522,0.14242936449536414,0.14242936449457522,0.1424293644937757,0.1413096027603012,0.1413096027610699,0.14130960276180835,0.1413096027610699,0.1413096027603012,0.1413096027610699,0.1413096027625356,0.14130960276464044,0.1413096027625356,0.1413096027610699,0.14130960276180835,0.14130960276464044,0.14130960277284943,0.14130960276464044,0.14130960276180835,0.1413096027610699,0.1413096027625356,0.14130960276464044,0.1413096027625356,0.1413096027610699,0.1413096027603012,0.1413096027610699,0.14130960276180835,0.1413096027610699,0.1413096027603012,0.14021174680116985,0.14021174680201337,0.14021174680278398,0.14021174680201337,0.14021174680116985,0.14021174680201337,0.14021174680353027,0.14021174680557882,0.14021174680353027,0.14021174680201337,0.14021174680278398,0.14021174680557882,0.14021174681343926,0.14021174680557882,0.14021174680278398,0.14021174680201337,0.14021174680353027,0.14021174680557882,0.14021174680353027,0.14021174680201337,0.14021174680116985,0.14021174680201337,0.14021174680278398,0.14021174680201337,0.14021174680116985,0.1391353071145188,0.139135307115689,0.13913530711668953,0.139135307115689,0.1391353071145188,0.139135307115689,0.13913530711765243,0.1391353071197215,0.13913530711765243,0.139135307115689,0.13913530711668953,0.1391353071197215,0.1391353071239192,0.1391353071197215,0.13913530711668953,0.139135307115689,0.13913530711765243,0.1391353071197215,0.13913530711765243,0.139135307115689,0.1391353071145188,0.139135307115689,0.13913530711668953,0.139135307115689,0.1391353071145188,0.13807980361594682,0.1380798036180129,0.13807980362003403,0.1380798036180129,0.13807980361594682,0.1380798036180129,0.13807980362206304,0.13807980362744143,0.13807980362206304,0.1380798036180129,0.13807980362003403,0.13807980362744143,0.13807980364217984,0.13807980362744143,0.13807980362003403,0.1380798036180129,0.13807980362206304,0.13807980362744143,0.13807980362206304,0.1380798036180129,0.13807980361594682,0.1380798036180129,0.13807980362003403,0.1380798036180129,0.13807980361594682,0.137044765698698,0.137044765701803,0.137044765705519,0.137044765701803,0.137044765698698,0.137044765701803,0.13704476570936042,0.13704476572436922,0.13704476570936042,0.137044765701803,0.137044765705519,0.13704476572436922,0.13704476580711047,0.13704476572436922,0.137044765705519,0.137044765701803,0.13704476570936042,0.13704476572436922,0.13704476570936042,0.137044765701803,0.137044765698698,0.137044765701803,0.137044765705519,0.137044765701803,0.137044765698698,0.1360297322662822,0.1360297322684193,0.1360297322705001,0.1360297322684193,0.1360297322662822,0.1360297322684193,0.13602973227258253,0.13602973227811987,0.13602973227258253,0.1360297322684193,0.1360297322705001,0.13602973227811987,0.13602973229342924,0.13602973227811987,0.1360297322705001,0.1360297322684193,0.13602973227258253,0.13602973227811987,0.13602973227258253,0.1360297322684193,0.1360297322662822,0.1360297322684193,0.1360297322705001,0.1360297322684193,0.1360297322662822,0.13503425174258343,0.13503425174391537,0.13503425174501205,0.13503425174391537,0.13503425174258343,0.13503425174391537,0.1350342517460509,0.13503425174816128,0.1350342517460509,0.13503425174391537,0.13503425174501205,0.13503425174816128,0.1350342517519888,0.13503425174816128,0.13503425174501205,0.13503425174391537,0.1350342517460509,0.13503425174816128,0.1350342517460509,0.13503425174391553,0.13503425174258343,0.13503425174391537,0.13503425174501205,0.13503425174391553,0.13503425174258343
0.16533248793471905,0.16533248793471883,0.16533248793471858,0.16533248793471883,0.16533248793471905,0.16533248793471883,0.16533248793471858,0.16533248793471833,0.16533248793471858,0.16533248793471883,0.16533248793471858,0.16533248793471833,0.16533248793471833,0.16533248793471833,0.16533248793471858,0.16533248793471883,0.16533248793471858,0.16533248793471833,0.16533248793471858,0.16533248793471883,0.16533248793471905,0.16533248793471883,0.16533248793471858,0.16533248793471883,0.16533248793471905,0.16375749421295227,0.1637574942129518,0.1637574942129513,0.1637574942129518,0.16375749421295227,0.1637574942129518,0.1637574942129511,0.16375749421295088,0.1637574942129511,0.1637574942129518,0.1637574942129513,0.16375749421295088,0.16375749421295063,0.16375749421295088,0.1637574942129513,0.1637574942129518,0.1637574942129511,0.16375749421295088,0.1637574942129511,0.1637574942129518,0.16375749421295227,0.1637574942129518,0.1637574942129513,0.1637574942129518,0.16375749421295227,0.1622138844231399,0.1622138844231383,0.1622138844231374,0.1622138844231383,0.1622138844231399,0.1622138844231383,0.16221388442313672,0.16221388442313583,0.16221388442313672,0.1622138844231383,0.1622138844231374,0.16221388442313583,0.16221388442313467,0.16221388442313583,0.1622138844231374,0.1622138844231383,0.16221388442313672,0.16221388442313583,0.16221388442313672,0.1622138844231383,0.1622138844231399,0.1622138844231383,0.1622138844231374,0.1622138844231383,0.1622138844231399,0.1607010675223244,0.16070106752231997,0.16070106752231708,0.16070106752231997,0.1607010675223244,0.16070106752231997,0.16070106752231508,0.16070106752231197,0.16070106752231508,0.16070106752231997,0.16070106752231708,0.16070106752231197,0.16070106752230842,0.16070106752231197,0.16070106752231708,0.16070106752231997,0.16070106752231508,0.16070106752231197,0.16070106752231508,0.16070106752231997,0.1607010675223244,0.16070106752231997,0.16070106752231708,0.16070106752231997,0.1607010675223244,0.15921845188549025,0.15921845188547698,0.15921845188546824,0.15921845188547698,0.15921845188549025,0.15921845188547698,0.1592184518854615,0.15921845188545128,0.1592184518854615,0.15921845188547698,0.15921845188546824,0.15921845188545128,0.15921845188543995,0.15921845188545128,0.15921845188546824,0.15921845188547698,0.1592184518854615,0.15921845188545128,0.1592184518854615,0.15921845188547698,0.15921845188549025,0.15921845188547698,0.15921845188546824,0.15921845188547698,0.15921845188549025,0.1577654466574225,0.15776544665738326,0.15776544665735703,0.15776544665738326,0.1577654466574225,0.15776544665738326,0.1577654466573357,0.15776544665730263,0.1577654466573357,0.15776544665738326,0.15776544665735703,0.15776544665730263,0.15776544665726402,0.15776544665730263,0.15776544665735703,0.15776544665738326,0.1577654466573357,0.15776544665730263,0.1577654466573357,0.15776544665738326,0.1577654466574225,0.15776544665738326,0.15776544665735703,0.15776544665738326,0.1577654466574225,0.15634146296705365,0.15634146296694199,0.156341462966864,0.15634146296694199,0.15634146296705365,0.15634146296694199,0.1563414629667975,0.1563414629666896,0.1563414629667975,0.15634146296694199,0.156341462966864,0.1563414629666896,0.15634146296655202,0.1563414629666896,0.156341462966864,0.15634146296694199,0.1563414629667975,0.1563414629666896,0.1563414629667975,0.15634146296694199,0.15634146296705365,0.15634146296694199,0.156341462966864,0.15634146296694199,0.15634146296705365,0.15494591501458516,0.15494591501428331,0.15494591501405747,0.15494591501428331,0.15494591501458516,0.15494591501428331,0.15494591501385355,0.15494591501349286,0.15494591501385355,0.15494591501428331,0.15494591501405747,0.15494591501349286,0.15494591501296395,0.15494591501349286,0.15494591501405747,0.15494591501428331,0.15494591501385355,0.15494591501349286,0.15494591501385355,0.15494591501428331,0.15494591501458516,0.15494591501428331,0.15494591501405747,0.15494591501428331,0.15494591501458516,0.15357822104114235,0.15357822104038818,0.15357822103976196,0.15357822104038818,0.15357822104114235,0.15357822104038818,0.15357822103916646,0.1535782210379413,0.15357822103916646,0.15357822104038818,0.15357822103976196,0.1535782210379413,0.15357822103568342,0.1535782210379413,0.15357822103976196,0.15357822104038818,0.15357822103916646,0.1535782210379413,0.15357822103916646,0.15357822104038818,0.15357822104114235,0.15357822104038818,0.15357822103976196,0.15357822104038818,0.15357822104114235,0.15223780419017838,0.15223780418853516,0.15223780418695673,0.15223780418853516,0.15223780419017838,0.15223780418853516,0.15223780418538158,0.1522378041812978,0.15223780418538158,0.15223780418853516,0.15223780418695673,0.1522378041812978,0.15223780417040292,0.1522378041812978,0.15223780418695673,0.15223780418853516,0.15223780418538158,0.1522378041812978,0.15223780418538158,0.15223780418853516,0.15223780419017838,0.15223780418853516,0.15223780418695673,0.15223780418853516,0.15223780419017838,0.15092409326915143,0.15092409326639944,0.1509240932632456,0.15092409326639944,0.15092409326915143,0.15092409326639944,0.1509240932599976,0.15092409324821981,0.1509240932599976,0.15092409326639944,0.1509240932632456,0.15092409324821981,0.15092409318870345,0.15092409324821981,0.1509240932632456,0.15092409326639944,0.1509240932599976,0.15092409324821981,0.1509240932599976,0.15092409326639944,0.15092409326915143,0.15092409326639944,0.1509240932632456,0.15092409326639944,0.15092409326915143,0.14963652341867603,0.14963652341614267,0.1496365234133694,0.14963652341614267,0.14963652341867603,0.14963652341614267,0.14963652341052708,0.14963652340111336,0.14963652341052708,0.14963652341614267,0.1496365234133694,0.14963652340111336,0.1496365233599256,0.14963652340111336,0.1496365234133694,0.14963652341614267,0.14963652341052708,0.14963652340111336,0.14963652341052708,0.14963652341614267,0.14963652341867603,0.14963652341614267,0.1496365234133694,0.14963652341614267,0.14963652341867603,0.1483745366947567,0.14837453669325962,0.1483745366917551,0.14837453669325962,0.1483745366947567,0.14837453669325962,0.14837453669024023,0.14837453668581083,0.14837453669024023,0.14837453669325962,0.1483745366917551,0.14837453668581083,0.14837453666920397,0.14837453668581083,0.1483745366917551,0.14837453669325962,0.14837453669024023,0.14837453668581083,0.14837453669024023,0.14837453669325962,0.1483745366947567,0.14837453669325962,0.1483745366917551,0.14837453669325962,0.1483745366947567,0.14713758257814075,0.14713758257772785,0.1471375825774143,0.14713758257772785,0.14713758257814075,0.14713758257772785,0.14713758257712511,0.14713758257670276,0.14713758257712511,0.14713758257772785,0.1471375825774143,0.14713758257670276,0.14713758257721685,0.14713758257670276,0.1471375825774143,0.14713758257772785,0.14713758257712511,0.14713758257670276,0.14713758257712511,0.14713758257772785,0.14713758257814075,0.14713758257772785,0.1471375825774143,0.14713758257772785,0.14713758257814075,0.1459251184137145,0.1459251184140667,0.14592511841452718,0.1459251184140667,0.1459251184137145,0.1459251184140667,0.1459251184150197,0.14592511841688707,0.1459251184150197,0.1459251184140667,0.14592511841452718,0.14592511841688707,0.14592511842594696,0.14592511841688707,0.14592511841452718,0.1459251184140667,0.1459251184150197,0.14592511841688707,0.1459251184150197,0.1459251184140667,0.1459251184137145,0.1459251184140667,0.14592511841452718,0.1459251184140667,0.1459251184137145,0.14473660978470926,0.1447366097854687,0.14473660978632297,0.1447366097854687,0.14473660978470926,0.1447366097854687,0.14473660978720532,0.14473660979021002,0.14473660978720532,0.1447366097854687,0.14473660978632297,0.14473660979021002,0.1447366098038729,0.14473660979021002,0.14473660978632297,0.1447366097854687,0.14473660978720532,0.14473660979021002,0.14473660978720532,0.1447366097854687,0.14473660978470926,0.1447366097854687,0.14473660978632297,0.1447366097854687,0.14473660978470926,0.14357153082756113,0.14357153082841087,0.14357153082930546,0.14357153082841087,0.14357153082756113,0.14357153082841087,0.14357153083021443,0.14357153083309698,0.14357153083021443,0.14357153082841087,0.14357153082930546,0.14357153083309698,0.14357153084532914,0.14357153083309698,0.14357153082930546,0.14357153082841087,0.14357153083021443,0.14357153083309698,0.14357153083021443,0.14357153082841087,0.14357153082756113,0.14357153082841087,0.14357153082930546,0.14357153082841087,0.14357153082756113,0.1424293644932107,0.14242936449399815,0.14242936449477497,0.14242936449399815,0.1424293644932107,0.14242936449399815,0.14242936449555052,0.1424293644978019,0.14242936449555052,0.14242936449399815,0.14242936449477497,0.1424293644978019,0.14242936450628665,0.1424293644978019,0.14242936449477497,0.14242936449399815,0.14242936449555052,0.1424293644978019,0.14242936449555052,0.14242936449399815,0.1424293644932107,0.14242936449399815,0.14242936449477497,0.14242936449399815,0.1424293644932107,0.14130960275964924,0.1413096027604084,0.14130960276113766,0.1413096027604084,0.14130960275964924,0.1413096027604084,0.1413096027618557,0.1413096027639339,0.1413096027618557,0.1413096027604084,0.14130960276113766,0.1413096027639339,0.14130960277202217,0.1413096027639339,0.14130960276113766,0.1413096027604084,0.1413096027618557,0.1413096027639339,0.1413096027618557,0.1413096027604084,0.14130960275964924,0.1413096027604084,0.14130960276113766,0.1413096027604084,0.14130960275964924,0.14021174680044823,0.140211746801284,0.14021174680204723,0.140211746801284,0.14021174680044823,0.140211746801284,0.14021174680278625,0.14021174680481321,0.14021174680278625,0.140211746801284,0.14021174680204723,0.14021174680481321,0.1402117468126067,0.14021174680481321,0.14021174680204723,0.140211746801284,0.14021174680278625,0.14021174680481321,0.14021174680278625,0.140211746801284,0.14021174680044823,0.140211746801284,0.14021174680204723,0.140211746801284,0.14021174680044823,0.1391353071137409,0.13913530711490427,0.13913530711589897,0.13913530711490427,0.1391353071137409,0.13913530711490427,0.13913530711685634,0.13913530711891306,0.13913530711685634,0.13913530711490427,0.13913530711589897,0.13913530711891306,0.13913530712308403,0.13913530711891306,0.13913530711589897,0.13913530711490427,0.13913530711685634,0.13913530711891306,0.13913530711685634,0.13913530711490427,0.1391353071137409,0.13913530711490427,0.13913530711589897,0.13913530711490427,0.1391353071137409,0.13807980361512404,0.13807980361718125,0.13807980361919417,0.13807980361718125,0.13807980361512404,0.13807980361718125,0.13807980362121497,0.13807980362657196,0.13807980362121497,0.13807980361718125,0.13807980361919417,0.13807980362657196,0.13807980364125316,0.13807980362657196,0.13807980361919417,0.13807980361718125,0.13807980362121497,0.13807980362657196,0.13807980362121497,0.13807980361718125,0.13807980361512404,0.13807980361718125,0.13807980361919417,0.13807980361718125,0.13807980361512404,0.137044765697846,0.13704476570093893,0.13704476570464094,0.13704476570093893,0.137044765697846,0.13704476570093893,0.13704476570846783,0.13704476572342048,0.13704476570846783,0.13704476570093893,0.13704476570464094,0.13704476572342048,0.13704476580585645,0.13704476572342048,0.13704476570464094,0.13704476570093893,0.13704476570846783,0.13704476572342048,0.13704476570846783,0.13704476570093893,0.137044765697846,0.13704476570093893,0.13704476570464094,0.13704476570093893,0.137044765697846,0.1360297322654235,0.13602973226755258,0.13602973226962545,0.13602973226755258,0.1360297322654235,0.13602973226755258,0.13602973227170012,0.13602973227721676,0.13602973227170012,0.13602973226755258,0.13602973226962545,0.13602973227721676,0.136029732292469,0.13602973227721676,0.13602973226962545,0.13602973226755258,0.13602973227170012,0.13602973227721676,0.13602973227170012,0.13602973226755258,0.1360297322654235,0.13602973226755258,0.13602973226962545,0.13602973226755258,0.1360297322654235,0.13503425174173292,0.13503425174305989,0.13503425174415232,0.13503425174305989,0.13503425174173292,0.13503425174305989,0.13503425174518724,0.13503425174728972,0.13503425174518724,0.13503425174305989,0.13503425174415232,0.13503425174728972,0.1350342517511029,0.13503425174728972,0.13503425174415232,0.13503425174305989,0.13503425174518724,0.13503425174728972,0.13503425174518724,0.13503425174305989,0.13503425174173292,0.13503425174305989,0.13503425174415232,0.13503425174305989,0.13503425174173292
0.16533248793539138,0.16533248793539115,0.1653324879353909,0.16533248793539115,0.16533248793539138,0.16533248793539115,0.1653324879353909,0.16533248793539068,0.1653324879353909,0.16533248793539115,0.1653324879353909,0.16533248793539068,0.16533248793539068,0.16533248793539068,0.1653324879353909,0.16533248793539115,0.1653324879353909,0.16533248793539068,0.1653324879353909,0.16533248793539115,0.16533248793539138,0.16533248793539115,0.1653324879353909,0.16533248793539115,0.16533248793539138,0.1637574942136112,0.16375749421361072,0.16375749421361047,0.16375749421361072,0.1637574942136112,0.16375749421361072,0.16375749421361027,0.16375749421360983,0.16375749421361027,0.16375749421361072,0.16375749421361047,0.16375749421360983,0.16375749421360958,0.16375749421360983,0.16375749421361047,0.16375749421361072,0.16375749421361027,0.16375749421360983,0.16375749421361027,0.16375749421361072,0.1637574942136112,0.16375749421361072,0.16375749421361047,0.16375749421361072,0.1637574942136112,0.16221388442378593,0.16221388442378457,0.16221388442378343,0.16221388442378457,0.16221388442378593,0.16221388442378457,0.16221388442378298,0.16221388442378185,0.16221388442378298,0.16221388442378457,0.16221388442378343,0.16221388442378185,0.16221388442378093,0.16221388442378185,0.16221388442378343,0.16221388442378457,0.16221388442378298,0.16221388442378185,0.16221388442378298,0.16221388442378457,0.16221388442378593,0.16221388442378457,0.16221388442378343,0.16221388442378457,0.16221388442378593,0.1607010675229578,0.16070106752295354,0.16070106752295066,0.16070106752295354,0.1607010675229578,0.16070106752295354,0.16070106752294866,0.16070106752294533,0.16070106752294866,0.16070106752295354,0.16070106752295066,0.16070106752294533,0.160701067522942,0.16070106752294533,0.16070106752295066,0.16070106752295354,0.16070106752294866,0.16070106752294533,0.16070106752294866,0.16070106752295354,0.1607010675229578,0.16070106752295354,0.16070106752295066,0.16070106752295354,0.160701067522958,0.1592184518861114,0.1592184518860979,0.1592184518860894,0.1592184518860979,0.1592184518861114,0.1592184518860979,0.15921845188608286,0.15921845188607264,0.15921845188608286,0.1592184518860979,0.1592184518860894,0.15921845188607264,0.15921845188606132,0.15921845188607264,0.1592184518860894,0.1592184518860979,0.15921845188608286,0.15921845188607264,0.15921845188608286,0.1592184518860979,0.1592184518861114,0.1592184518860979,0.1592184518860894,0.1592184518860979,0.1592184518861114,0.15776544665803127,0.15776544665799222,0.15776544665796619,0.15776544665799222,0.15776544665803127,0.15776544665799222,0.15776544665794529,0.15776544665791245,0.15776544665794529,0.15776544665799222,0.15776544665796619,0.15776544665791245,0.157765446657874,0.15776544665791245,0.15776544665796619,0.15776544665799222,0.15776544665794529,0.15776544665791245,0.15776544665794529,0.15776544665799222,0.15776544665803127,0.15776544665799222,0.15776544665796619,0.15776544665799222,0.15776544665803127,0.1563414629676498,0.156341462967539,0.1563414629674616,0.156341462967539,0.1563414629676498,0.156341462967539,0.15634146296739554,0.15634146296728849,0.15634146296739554,0.156341462967539,0.1563414629674616,0.15634146296728849,0.15634146296715193,0.15634146296728849,0.1563414629674616,0.156341462967539,0.15634146296739554,0.15634146296728849,0.15634146296739554,0.156341462967539,0.1563414629676498,0.156341462967539,0.1563414629674616,0.156341462967539,0.1563414629676498,0.15494591501516738,0.15494591501486776,0.15494591501464355,0.15494591501486776,0.15494591501516738,0.15494591501486776,0.1549459150144413,0.15494591501408328,0.1549459150144413,0.15494591501486776,0.15494591501464355,0.15494591501408328,0.15494591501355826,0.15494591501408328,0.15494591501464355,0.15494591501486776,0.1549459150144413,0.15494591501408328,0.1549459150144413,0.15494591501486776,0.15494591501516738,0.15494591501486776,0.15494591501464355,0.15494591501486776,0.15494591501516738,0.1535782210417059,0.15357822104095778,0.15357822104033617,0.15357822104095778,0.1535782210417059,0.15357822104095778,0.1535782210397453,0.15357822103852917,0.1535782210397453,0.15357822104095778,0.15357822104033617,0.15357822103852917,0.15357822103628777,0.15357822103852917,0.15357822104033617,0.15357822104095778,0.1535782210397453,0.15357822103852917,0.1535782210397453,0.15357822104095778,0.1535782210417059,0.15357822104095778,0.15357822104033617,0.15357822104095778,0.1535782210417059,0.15223780419071162,0.1522378041890812,0.15223780418751492,0.1522378041890812,0.15223780419071162,0.1522378041890812,0.15223780418595204,0.15223780418189872,0.15223780418595204,0.1522378041890812,0.15223780418751492,0.15223780418189872,0.15223780417108299,0.15223780418189872,0.15223780418751492,0.1522378041890812,0.15223780418595204,0.15223780418189872,0.15223780418595204,0.1522378041890812,0.15223780419071162,0.1522378041890812,0.15223780418751492,0.1522378041890812,0.15223780419071162,0.15092409326962739,0.15092409326689774,0.15092409326376918,0.15092409326689774,0.15092409326962739,0.15092409326689774,0.150924093260547,0.15092409324885916,0.150924093260547,0.15092409326689774,0.15092409326376918,0.15092409324885916,0.15092409318978225,0.15092409324885916,0.15092409326376918,0.15092409326689774,0.150924093260547,0.15092409324885916,0.150924093260547,0.15092409326689774,0.15092409326962739,0.15092409326689774,0.15092409326376918,0.15092409326689774,0.15092409326962739,0.14963652341904718,0.1496365234165373,0.14963652341379066,0.1496365234165373,0.14963652341904718,0.1496365234165373,0.14963652341097577,0.1496365234016581,0.14963652341097577,0.1496365234165373,0.14963652341379066,0.1496365234016581,0.1496365233609128,0.1496365234016581,0.14963652341379066,0.1496365234165373,0.14963652341097577,0.1496365234016581,0.14963652341097577,0.1496365234165373,0.14963652341904718,0.1496365234165373,0.14963652341379066,0.1496365234165373,0.14963652341904718,0.14837453669497375,0.14837453669349016,0.14837453669200013,0.14837453669349016,0.14837453669497375,0.14837453669349016,0.14837453669049988,0.1483745366861183,0.14837453669049988,0.14837453669349016,0.14837453669200013,0.1483745366861183,0.14837453666969286,0.1483745366861183,0.14837453669200013,0.14837453669349016,0.14837453669049988,0.1483745366861183,0.14837453669049988,0.14837453669349016,0.14837453669497375,0.14837453669349016,0.14837453669200013,0.14837453669349016,0.14837453669497375,0.147137582578174,0.14713758257776072,0.14713758257744575,0.14713758257776072,0.147137582578174,0.14713758257776072,0.14713758257715454,0.14713758257671983,0.14713758257715454,0.14713758257776072,0.14713758257744575,0.14713758257671983,0.14713758257713236,0.14713758257671983,0.14713758257744575,0.14713758257776072,0.14713758257715454,0.14713758257671983,0.14713758257715454,0.14713758257776072,0.147137582578174,0.14713758257776072,0.14713758257744575,0.14713758257776072,0.147137582578174,0.1459251184135619,0.14592511841390432,0.14592511841435338,0.14592511841390432,0.1459251184135619,0.14592511841390432,0.14592511841483416,0.14592511841666164,0.14592511841483416,0.14592511841390432,0.14592511841435338,0.14592511841666164,0.14592511842554792,0.14592511841666164,0.14592511841435338,0.14592511841390432,0.14592511841483416,0.14592511841666164,0.14592511841483416,0.14592511841390432,0.1459251184135619,0.14592511841390432,0.14592511841435338,0.14592511841390432,0.1459251184135619,0.14473660978438863,0.14473660978513322,0.14473660978597108,0.14473660978513322,0.14473660978438863,0.14473660978513322,0.1447366097868367,0.14473660978978536,0.1447366097868367,0.14473660978513322,0.14473660978597108,0.14473660978978536,0.14473660980320455,0.14473660978978536,0.14473660978597108,0.14473660978513322,0.1447366097868367,0.14473660978978536,0.1447366097868367,0.14473660978513322,0.14473660978438863,0.14473660978513322,0.14473660978597108,0.14473660978513322,0.14473660978438863,0.14357153082710067,0.14357153082793536,0.1435715308288142,0.14357153082793536,0.14357153082710067,0.14357153082793536,0.14357153082970706,0.14357153083253796,0.14357153082970706,0.14357153082793536,0.1435715308288142,0.14357153083253796,0.1435715308445333,0.14357153083253796,0.1435715308288142,0.14357153082793536,0.14357153082970706,0.14357153083253796,0.14357153082970706,0.14357153082793536,0.14357153082710067,0.14357153082793536,0.1435715308288142,0.14357153082793536,0.14357153082710067,0.14242936449263868,0.1424293644934145,0.1424293644941798,0.1424293644934145,0.14242936449263868,0.1424293644934145,0.14242936449494356,0.1424293644971621,0.14242936449494356,0.1424293644934145,0.1424293644941798,0.1424293644971621,0.1424293645055346,0.1424293644971621,0.1424293644941798,0.1424293644934145,0.14242936449494356,0.1424293644971621,0.14242936449494356,0.1424293644934145,0.14242936449263868,0.1424293644934145,0.1424293644941798,0.1424293644934145,0.14242936449263868,0.14130960275898807,0.1413096027597382,0.14130960276045842,0.1413096027597382,0.14130960275898807,0.1413096027597382,0.14130960276116775,0.14130960276322027,0.14130960276116775,0.1413096027597382,0.14130960276045842,0.14130960276322027,0.14130960277121693,0.14130960276322027,0.14130960276045842,0.1413096027597382,0.14130960276116775,0.14130960276322027,0.14130960276116775,0.1413096027597382,0.14130960275898807,0.1413096027597382,0.14130960276045842,0.1413096027597382,0.14130960275898807,0.14021174679971518,0.14021174680054355,0.14021174680129966,0.14021174680054355,0.14021174679971518,0.14021174680054355,0.14021174680203174,0.1402117468040379,0.14021174680203174,0.14021174680054355,0.14021174680129966,0.1402117468040379,0.1402117468117532,0.1402117468040379,0.14021174680129966,0.14021174680054355,0.14021174680203174,0.1402117468040379,0.14021174680203174,0.14021174680054355,0.14021174679971518,0.14021174680054355,0.14021174680129966,0.14021174680054355,0.14021174679971518,0.13913530711294955,0.1391353071141066,0.13913530711509575,0.1391353071141066,0.13913530711294955,0.1391353071141066,0.13913530711604774,0.13913530711809258,0.13913530711604774,0.1391353071141066,0.13913530711509575,0.13913530711809258,0.13913530712223765,0.13913530711809258,0.13913530711509575,0.1391353071141066,0.13913530711604774,0.13913530711809258,0.13913530711604774,0.1391353071141066,0.13913530711294955,0.1391353071141066,0.13913530711509575,0.1391353071141066,0.13913530711294955,0.13807980361428632,0.1380798036163352,0.13807980361834005,0.1380798036163352,0.13807980361428632,0.1380798036163352,0.13807980362035294,0.1380798036256893,0.13807980362035294,0.1380798036163352,0.13807980361834005,0.1380798036256893,0.13807980364031563,0.1380798036256893,0.13807980361834005,0.1380798036163352,0.13807980362035294,0.1380798036256893,0.13807980362035294,0.1380798036163352,0.13807980361428632,0.1380798036163352,0.13807980361834005,0.1380798036163352,0.13807980361428632,0.13704476569697785,0.13704476570005938,0.13704476570374774,0.13704476570005938,0.13704476569697785,0.13704476570005938,0.13704476570756075,0.13704476572245916,0.13704476570756075,0.13704476570005938,0.13704476570374774,0.13704476572245916,0.13704476580459876,0.13704476572245916,0.13704476570374774,0.13704476570005938,0.13704476570756075,0.13704476572245916,0.13704476570756075,0.13704476570005938,0.13704476569697785,0.13704476570005938,0.13704476570374774,0.13704476570005938,0.13704476569697785,0.13602973226454765,0.13602973226666884,0.13602973226873424,0.13602973226666884,0.13602973226454765,0.13602973226666884,0.1360297322708013,0.13602973227629797,0.1360297322708013,0.13602973226666884,0.13602973226873424,0.13602973227629797,0.13602973229149531,0.13602973227629797,0.13602973226873424,0.13602973226666884,0.1360297322708013,0.13602973227629797,0.1360297322708013,0.13602973226666884,0.13602973226454765,0.13602973226666884,0.13602973226873424,0.13602973226666884,0.13602973226454765,0.13503425174086425,0.1350342517421864,0.135034251743275,0.1350342517421864,0.13503425174086425,0.1350342517421864,0.13503425174430614,0.13503425174640102,0.13503425174430614,0.1350342517421864,0.135034251743275,0.13503425174640102,0.13503425175020045,0.13503425174640102,0.135034251743275,0.1350342517421864,0.13503425174430614,0.13503425174640102,0.13503425174430614,0.1350342517421864,0.13503425174086425,0.1350342517421864,0.135034251743275,0.1350342517421864,0.13503425174086425
0.16533248793605448,0.16533248793605426,0.16533248793605404,0.16533248793605426,0.16533248793605448,0.16533248793605426,0.16533248793605404,0.16533248793605382,0.16533248793605404,0.16533248793605426,0.16533248793605404,0.16533248793605382,0.16533248793605382,0.16533248793605382,0.16533248793605404,0.16533248793605426,0.16533248793605404,0.16533248793605382,0.16533248793605404,0.16533248793605426,0.16533248793605448,0.16533248793605426,0.16533248793605404,0.16533248793605426,0.16533248793605448,0.1637574942142611,0.16375749421426064,0.1637574942142602,0.16375749421426064,0.1637574942142611,0.16375749421426064,0.16375749421425997,0.16375749421425972,0.16375749421425997,0.16375749421426064,0.1637574942142602,0.16375749421425972,0.16375749421425947,0.16375749421425972,0.1637574942142602,0.16375749421426064,0.16375749421425997,0.16375749421425972,0.16375749421425997,0.16375749421426064,0.1637574942142611,0.16375749421426064,0.1637574942142602,0.16375749421426064,0.1637574942142611,0.16221388442442267,0.16221388442442106,0.16221388442442014,0.16221388442442106,0.16221388442442267,0.16221388442442106,0.16221388442441947,0.16221388442441856,0.16221388442441947,0.16221388442442106,0.16221388442442014,0.16221388442441856,0.16221388442441767,0.16221388442441856,0.16221388442442014,0.16221388442442106,0.16221388442441947,0.16221388442441856,0.16221388442441947,0.16221388442442106,0.16221388442442267,0.16221388442442106,0.16221388442442014,0.16221388442442106,0.16221388442442267,0.1607010675235816,0.16070106752357713,0.16070106752357424,0.16070106752357713,0.1607010675235816,0.16070106752357713,0.16070106752357224,0.16070106752356916,0.16070106752357224,0.16070106752357713,0.16070106752357424,0.16070106752356916,0.1607010675235658,0.16070106752356916,0.16070106752357424,0.16070106752357713,0.16070106752357224,0.16070106752356916,0.16070106752357224,0.16070106752357713,0.1607010675235816,0.16070106752357713,0.16070106752357424,0.16070106752357713,0.1607010675235816,0.1592184518867221,0.1592184518867088,0.1592184518867003,0.1592184518867088,0.1592184518867221,0.1592184518867088,0.15921845188669376,0.15921845188668354,0.15921845188669376,0.1592184518867088,0.1592184518867003,0.15921845188668354,0.15921845188667244,0.15921845188668354,0.1592184518867003,0.1592184518867088,0.15921845188669376,0.15921845188668354,0.15921845188669376,0.1592184518867088,0.1592184518867221,0.1592184518867088,0.1592184518867003,0.1592184518867088,0.1592184518867221,0.15776544665862913,0.1577654466585903,0.15776544665856448,0.1577654466585903,0.15776544665862913,0.1577654466585903,0.15776544665854358,0.15776544665851092,0.15776544665854358,0.1577654466585903,0.15776544665856448,0.15776544665851092,0.15776544665847292,0.15776544665851092,0.15776544665856448,0.1577654466585903,0.15776544665854358,0.15776544665851092,0.15776544665854358,0.1577654466585903,0.15776544665862913,0.1577654466585903,0.15776544665856448,0.1577654466585903,0.15776544665862913,0.15634146296823428,0.15634146296812426,0.15634146296804755,0.15634146296812426,0.15634146296823428,0.15634146296812426,0.15634146296798188,0.15634146296787543,0.15634146296798188,0.15634146296812426,0.15634146296804755,0.15634146296787543,0.15634146296773996,0.15634146296787543,0.15634146296804755,0.15634146296812426,0.15634146296798188,0.15634146296787543,0.15634146296798188,0.15634146296812426,0.15634146296823428,0.15634146296812426,0.15634146296804755,0.15634146296812426,0.15634146296823428,0.15494591501573687,0.15494591501543953,0.15494591501521696,0.15494591501543953,0.15494591501573687,0.15494591501543953,0.15494591501501614,0.15494591501466057,0.15494591501501614,0.15494591501543953,0.15494591501521696,0.15494591501466057,0.15494591501413943,0.15494591501466057,0.15494591501521696,0.15494591501543953,0.15494591501501614,0.15494591501466057,0.15494591501501614,0.15494591501543953,0.15494591501573687,0.15494591501543953,0.15494591501521696,0.15494591501543953,0.15494591501573687,0.15357822104225602,0.15357822104151328,0.1535782210408963,0.15357822104151328,0.15357822104225602,0.15357822104151328,0.15357822104030985,0.1535782210391026,0.15357822104030985,0.15357822104151328,0.1535782210408963,0.1535782210391026,0.15357822103687702,0.1535782210391026,0.1535782210408963,0.15357822104151328,0.15357822104030985,0.1535782210391026,0.15357822104030985,0.15357822104151328,0.15357822104225602,0.15357822104151328,0.1535782210408963,0.15357822104151328,0.15357822104225602,0.15223780419123067,0.15223780418961266,0.1522378041880582,0.15223780418961266,0.15223780419123067,0.15223780418961266,0.15223780418650673,0.15223780418248292,0.15223780418650673,0.15223780418961266,0.1522378041880582,0.15223780418248292,0.15223780417174299,0.15223780418248292,0.1522378041880582,0.15223780418961266,0.15223780418650673,0.15223780418248292,0.15223780418650673,0.15223780418961266,0.15223780419123067,0.15223780418961266,0.1522378041880582,0.15223780418961266,0.15223780419123067,0.15092409327008943,0.1509240932673816,0.15092409326427714,0.1509240932673816,0.15092409327008943,0.1509240932673816,0.15092409326108006,0.15092409324947823,0.15092409326108006,0.1509240932673816,0.15092409326427714,0.15092409324947823,0.150924093190797,0.15092409324947823,0.15092409326427714,0.1509240932673816,0.15092409326108006,0.15092409324947823,0.15092409326108006,0.1509240932673816,0.15092409327008943,0.1509240932673816,0.15092409326427714,0.1509240932673816,0.15092409327008943,0.14963652341940703,0.14963652341691963,0.14963652341419853,0.14963652341691963,0.14963652341940703,0.14963652341691963,0.1496365234114099,0.14963652340218433,0.1496365234114099,0.14963652341691963,0.14963652341419853,0.14963652340218433,0.14963652336188396,0.14963652340218433,0.14963652341419853,0.14963652341691963,0.1496365234114099,0.14963652340218433,0.1496365234114099,0.14963652341691963,0.14963652341940703,0.14963652341691963,0.14963652341419853,0.14963652341691963,0.14963652341940703,0.14837453669518372,0.14837453669371292,0.14837453669223677,0.14837453669371292,0.14837453669518372,0.14837453669371292,0.14837453669075082,0.1483745366864152,0.14837453669075082,0.14837453669371292,0.14837453669223677,0.1483745366864152,0.14837453667020456,0.1483745366864152,0.14837453669223677,0.14837453669371292,0.14837453669075082,0.1483745366864152,0.14837453669075082,0.14837453669371292,0.14837453669518372,0.14837453669371292,0.14837453669223677,0.14837453669371292,0.14837453669518372,0.14713758257820525,0.1471375825777918,0.14713758257747517,0.1471375825777918,0.14713758257820525,0.1471375825777918,0.1471375825771825,0.14713758257673656,0.1471375825771825,0.1471375825777918,0.14713758257747517,0.14713758257673656,0.1471375825770897,0.14713758257673656,0.14713758257747517,0.1471375825777918,0.1471375825771825,0.14713758257673656,0.1471375825771825,0.1471375825777918,0.14713758257820525,0.1471375825777918,0.14713758257747517,0.1471375825777918,0.14713758257820525,0.14592511841341232,0.1459251184137453,0.1459251184141835,0.1459251184137453,0.14592511841341232,0.1459251184137453,0.14592511841465325,0.1459251184164428,0.14592511841465325,0.1459251184137453,0.1459251184141835,0.1459251184164428,0.14592511842517006,0.1459251184164428,0.1459251184141835,0.1459251184137453,0.14592511841465325,0.1459251184164428,0.14592511841465325,0.1459251184137453,0.14592511841341232,0.1459251184137453,0.1459251184141835,0.1459251184137453,0.14592511841341232,0.14473660978407513,0.14473660978480543,0.14473660978562758,0.14473660978480543,0.14473660978407513,0.14473660978480543,0.1447366097864773,0.144736609789372,0.1447366097864773,0.14473660978480543,0.14473660978562758,0.144736609789372,0.1447366098025631,0.144736609789372,0.14473660978562758,0.14473660978480543,0.1447366097864773,0.144736609789372,0.1447366097864773,0.14473660978480543,0.14473660978407513,0.14473660978480543,0.14473660978562758,0.14473660978480543,0.14473660978407513,0.1435715308266503,0.14357153082747076,0.1435715308283344,0.14357153082747076,0.1435715308266503,0.14357153082747076,0.1435715308292117,0.14357153083199262,0.1435715308292117,0.14357153082747076,0.1435715308283344,0.14357153083199262,0.14357153084376295,0.14357153083199262,0.1435715308283344,0.14357153082747076,0.1435715308292117,0.14357153083199262,0.1435715308292117,0.14357153082747076,0.1435715308266503,0.14357153082747076,0.1435715308283344,0.14357153082747076,0.1435715308266503,0.1424293644920792,0.1424293644928435,0.14242936449359772,0.1424293644928435,0.1424293644920792,0.1424293644928435,0.1424293644943504,0.1424293644965374,0.1424293644943504,0.1424293644928435,0.14242936449359772,0.1424293644965374,0.14242936450479698,0.1424293644965374,0.14242936449359772,0.1424293644928435,0.1424293644943504,0.1424293644965374,0.1424293644943504,0.1424293644928435,0.1424293644920792,0.1424293644928435,0.14242936449359772,0.1424293644928435,0.1424293644920792,0.14130960275834092,0.14130960275908216,0.14130960275979382,0.14130960275908216,0.14130960275834092,0.14130960275908216,0.1413096027604946,0.14130960276252247,0.1413096027604946,0.14130960275908216,0.14130960275979382,0.14130960276252247,0.14130960277043245,0.14130960276252247,0.14130960275979382,0.14130960275908216,0.1413096027604946,0.14130960276252247,0.1413096027604946,0.14130960275908216,0.14130960275834092,0.14130960275908216,0.14130960275979382,0.14130960275908216,0.14130960275834092,0.14021174679899712,0.14021174679981838,0.14021174680056758,0.14021174679981838,0.14021174679899712,0.14021174679981838,0.1402117468012929,0.14021174680327886,0.1402117468012929,0.14021174679981838,0.14021174680056758,0.14021174680327886,0.14021174681091259,0.14021174680327886,0.14021174680056758,0.14021174679981838,0.1402117468012929,0.14021174680327886,0.1402117468012929,0.14021174679981838,0.14021174679899712,0.14021174679981838,0.14021174680056758,0.14021174679981838,0.14021174679899712,0.13913530711217384,0.13913530711332475,0.1391353071143085,0.13913530711332475,0.13913530711217384,0.13913530711332475,0.13913530711525546,0.13913530711728875,0.13913530711525546,0.13913530711332475,0.1391353071143085,0.13913530711728875,0.13913530712140898,0.13913530711728875,0.1391353071143085,0.13913530711332475,0.13913530711525546,0.13913530711728875,0.13913530711525546,0.13913530711332475,0.13913530711217384,0.13913530711332475,0.1391353071143085,0.13913530711332475,0.13913530711217384,0.13807980361346492,0.13807980361550573,0.1380798036175028,0.13807980361550573,0.13807980361346492,0.13807980361550573,0.13807980361950814,0.13807980362482464,0.13807980361950814,0.13807980361550573,0.1380798036175028,0.13807980362482464,0.13807980363939776,0.13807980362482464,0.1380798036175028,0.13807980361550573,0.13807980361950814,0.13807980362482464,0.13807980361950814,0.13807980361550573,0.13807980361346492,0.13807980361550573,0.1380798036175028,0.13807980361550573,0.13807980361346492,0.13704476569612628,0.13704476569919669,0.13704476570287213,0.13704476569919669,0.13704476569612628,0.13704476569919669,0.13704476570667146,0.13704476572151772,0.13704476570667146,0.13704476569919669,0.13704476570287213,0.13704476572151772,0.13704476580336875,0.13704476572151772,0.13704476570287213,0.13704476569919669,0.13704476570667146,0.13704476572151772,0.13704476570667146,0.13704476569919669,0.13704476569612628,0.13704476569919669,0.13704476570287213,0.13704476569919669,0.13704476569612628,0.13602973226368803,0.13602973226580178,0.13602973226785975,0.13602973226580178,0.13602973226368803,0.13602973226580178,0.13602973226991963,0.13602973227539708,0.13602973226991963,0.13602973226580178,0.13602973226785975,0.13602973227539708,0.1360297322905415,0.13602973227539708,0.13602973226785975,0.13602973226580178,0.13602973226991963,0.13602973227539708,0.13602973226991963,0.13602973226580178,0.13602973226368803,0.13602973226580178,0.13602973226785975,0.13602973226580178,0.13602973226368803,0.13503425174001168,0.13503425174132913,0.13503425174241393,0.13503425174132913,0.13503425174001168,0.13503425174132913,0.1350342517434414,0.135034251745529,0.1350342517434414,0.13503425174132913,0.13503425174241393,0.135034251745529,0.1350342517493151,0.135034251745529,0.13503425174241393,0.13503425174132913,0.1350342517434414,0.135034251745529,0.1350342517434414,0.13503425174132913,0.13503425174001168,0.13503425174132913,0.13503425174241393,0.13503425174132913,0.13503425174001168
0.16533248793669733,0.16533248793669708,0.16533248793669708,0.16533248793669708,0.16533248793669733,0.16533248793669708,0.16533248793669708,0.16533248793669686,0.16533248793669708,0.16533248793669708,0.16533248793669708,0.16533248793669686,0.16533248793669664,0.16533248793669686,0.16533248793669708,0.16533248793669708,0.16533248793669708,0.16533248793669686,0.16533248793669686,0.16533248793669708,0.16533248793669733,0.16533248793669708,0.16533248793669708,0.16533248793669708,0.16533248793669733,0.16375749421489114,0.1637574942148907,0.16375749421489044,0.1637574942148907,0.16375749421489114,0.1637574942148907,0.16375749421489022,0.16375749421488997,0.16375749421489022,0.1637574942148907,0.16375749421489044,0.16375749421488997,0.1637574942148895,0.16375749421488997,0.16375749421489044,0.1637574942148907,0.16375749421489022,0.16375749421488997,0.16375749421489022,0.1637574942148907,0.16375749421489114,0.1637574942148907,0.16375749421489044,0.1637574942148907,0.16375749421489114,0.16221388442504012,0.16221388442503876,0.16221388442503787,0.16221388442503876,0.16221388442504012,0.16221388442503876,0.16221388442503717,0.16221388442503604,0.16221388442503717,0.16221388442503876,0.16221388442503787,0.16221388442503604,0.16221388442503512,0.16221388442503604,0.16221388442503787,0.16221388442503876,0.16221388442503717,0.16221388442503604,0.16221388442503717,0.16221388442503876,0.16221388442504012,0.16221388442503876,0.16221388442503787,0.16221388442503876,0.16221388442504012,0.1607010675241865,0.16070106752418206,0.1607010675241794,0.16070106752418206,0.1607010675241865,0.16070106752418206,0.16070106752417718,0.1607010675241743,0.1607010675241774,0.16070106752418206,0.1607010675241794,0.1607010675241743,0.16070106752417093,0.1607010675241743,0.1607010675241794,0.16070106752418206,0.1607010675241774,0.1607010675241743,0.1607010675241774,0.16070106752418206,0.1607010675241865,0.16070106752418206,0.1607010675241794,0.16070106752418206,0.1607010675241865,0.15921845188731426,0.15921845188730122,0.15921845188729272,0.15921845188730122,0.15921845188731426,0.15921845188730122,0.1592184518872862,0.15921845188727618,0.1592184518872862,0.15921845188730122,0.15921845188729272,0.15921845188727618,0.15921845188726508,0.15921845188727618,0.15921845188729272,0.15921845188730122,0.1592184518872862,0.15921845188727618,0.1592184518872862,0.15921845188730122,0.15921845188731426,0.15921845188730122,0.15921845188729272,0.15921845188730122,0.15921845188731426,0.1577654466592084,0.15776544665917003,0.1577654466591444,0.15776544665917003,0.1577654466592084,0.15776544665917003,0.15776544665912373,0.1577654466590913,0.15776544665912373,0.15776544665917003,0.1577654466591444,0.1577654466590913,0.15776544665905354,0.1577654466590913,0.1577654466591444,0.15776544665917003,0.15776544665912373,0.1577654466590913,0.15776544665912373,0.15776544665917003,0.1577654466592084,0.15776544665917003,0.1577654466591444,0.15776544665917003,0.1577654466592084,0.15634146296880033,0.15634146296869117,0.15634146296861484,0.15634146296869117,0.15634146296880033,0.15634146296869117,0.15634146296854984,0.156341462968444,0.15634146296854984,0.15634146296869117,0.15634146296861484,0.156341462968444,0.15634146296830953,0.156341462968444,0.15634146296861484,0.15634146296869117,0.15634146296854984,0.156341462968444,0.15634146296854984,0.15634146296869117,0.15634146296880033,0.15634146296869117,0.15634146296861484,0.15634146296869117,0.15634146296880033,0.15494591501628815,0.15494591501599284,0.15494591501577193,0.15494591501599284,0.15494591501628815,0.15494591501599284,0.15494591501557253,0.15494591501521962,0.15494591501557253,0.15494591501599284,0.15494591501577193,0.15494591501521962,0.15494591501470198,0.15494591501521962,0.15494591501577193,0.15494591501599284,0.15494591501557253,0.15494591501521962,0.15494591501557253,0.15494591501599284,0.15494591501628815,0.15494591501599284,0.15494591501577193,0.15494591501599284,0.15494591501628815,0.15357822104278826,0.15357822104205096,0.15357822104143837,0.15357822104205096,0.15357822104278826,0.15357822104205096,0.15357822104085594,0.15357822103965732,0.15357822104085594,0.15357822104205096,0.15357822104143837,0.15357822103965732,0.15357822103744703,0.15357822103965732,0.15357822104143837,0.15357822104205096,0.15357822104085594,0.15357822103965732,0.15357822104085594,0.15357822104205096,0.15357822104278826,0.15357822104205096,0.15357822104143837,0.15357822104205096,0.15357822104278826,0.15223780419173263,0.1522378041901266,0.15223780418858338,0.1522378041901266,0.15223780419173263,0.1522378041901266,0.1522378041870431,0.15223780418304747,0.1522378041870431,0.1522378041901266,0.15223780418858338,0.15223780418304747,0.15223780417238056,0.15223780418304747,0.15223780418858338,0.1522378041901266,0.1522378041870431,0.15223780418304747,0.1522378041870431,0.1522378041901266,0.15223780419173263,0.1522378041901266,0.15223780418858338,0.1522378041901266,0.15223780419173263,0.1509240932705362,0.15092409326784922,0.1509240932647681,0.15092409326784922,0.1509240932705362,0.15092409326784922,0.15092409326159476,0.15092409325007589,0.15092409326159476,0.15092409326784922,0.1509240932647681,0.15092409325007589,0.15092409319181274,0.15092409325007589,0.1509240932647681,0.15092409326784922,0.15092409326159476,0.15092409325007589,0.15092409326159476,0.15092409326784922,0.1509240932705362,0.15092409326784922,0.1509240932647681,0.15092409326784922,0.1509240932705362,0.14963652341975495,0.14963652341728909,0.14963652341459238,0.14963652341728909,0.14963652341975495,0.14963652341728909,0.14963652341182912,0.149636523402692,0.14963652341182912,0.14963652341728909,0.14963652341459238,0.149636523402692,0.14963652336280442,0.149636523402692,0.14963652341459238,0.14963652341728909,0.14963652341182912,0.149636523402692,0.14963652341182912,0.14963652341728909,0.14963652341975495,0.14963652341728909,0.14963652341459238,0.14963652341728909,0.14963652341975495,0.14837453669538683,0.14837453669392847,0.14837453669246567,0.14837453669392847,0.14837453669538683,0.14837453669392847,0.1483745366909934,0.14837453668670228,0.1483745366909934,0.14837453669392847,0.14837453669246567,0.14837453668670228,0.14837453667067457,0.14837453668670228,0.14837453669246567,0.14837453669392847,0.1483745366909934,0.14837453668670228,0.1483745366909934,0.14837453669392847,0.14837453669538683,0.14837453669392847,0.14837453669246567,0.14837453669392847,0.14837453669538683,0.14713758257823578,0.1471375825778223,0.1471375825775046,0.1471375825778223,0.14713758257823578,0.1471375825778223,0.1471375825772103,0.147137582576754,0.1471375825772103,0.1471375825778223,0.1471375825775046,0.147137582576754,0.14713758257700157,0.147137582576754,0.1471375825775046,0.1471375825778223,0.1471375825772103,0.147137582576754,0.1471375825772103,0.1471375825778223,0.14713758257823578,0.1471375825778223,0.1471375825775046,0.1471375825778223,0.14713758257823578,0.14592511841326808,0.14592511841359215,0.14592511841402023,0.14592511841359215,0.14592511841326808,0.14592511841359215,0.14592511841447928,0.14592511841623265,0.14592511841447928,0.14592511841359215,0.14592511841402023,0.14592511841623265,0.14592511842481662,0.14592511841623265,0.14592511841402023,0.14592511841359215,0.14592511841447928,0.14592511841623265,0.14592511841447928,0.14592511841359215,0.14592511841326808,0.14592511841359215,0.14592511841402023,0.14592511841359215,0.14592511841326808,0.14473660978377226,0.144736609784489,0.1447366097852961,0.144736609784489,0.14473660978377226,0.144736609784489,0.1447366097861301,0.14473660978897335,0.1447366097861301,0.144736609784489,0.1447366097852961,0.14473660978897335,0.1447366098019033,0.14473660978897335,0.1447366097852961,0.144736609784489,0.1447366097861301,0.14473660978897335,0.1447366097861301,0.144736609784489,0.14473660978377226,0.144736609784489,0.1447366097852961,0.144736609784489,0.14473660978377226,0.14357153082621482,0.14357153082702162,0.14357153082787052,0.14357153082702162,0.14357153082621482,0.14357153082702162,0.14357153082873292,0.1435715308314656,0.14357153082873292,0.14357153082702162,0.14357153082787052,0.1435715308314656,0.14357153084302152,0.1435715308314656,0.14357153082787052,0.14357153082702162,0.14357153082873292,0.1435715308314656,0.14357153082873292,0.14357153082702162,0.14357153082621482,0.14357153082702162,0.14357153082787052,0.14357153082702162,0.14357153082621482,0.1424293644915377,0.14242936449229107,0.14242936449303456,0.14242936449229107,0.1424293644915377,0.14242936449229107,0.14242936449377655,0.14242936449593283,0.14242936449377655,0.14242936449229107,0.14242936449303456,0.14242936449593283,0.14242936450405805,0.14242936449593283,0.14242936449303456,0.14242936449229107,0.14242936449377655,0.14242936449593283,0.14242936449377655,0.14242936449229107,0.1424293644915377,0.14242936449229107,0.14242936449303456,0.14242936449229107,0.14242936449153754,0.14130960275771431,0.14130960275844698,0.14130960275915042,0.14130960275844698,0.14130960275771431,0.14130960275844698,0.1413096027598428,0.14130960276184684,0.1413096027598428,0.14130960275844698,0.14130960275915042,0.14130960276184684,0.14130960276968,0.14130960276184684,0.14130960275915042,0.14130960275844698,0.1413096027598428,0.14130960276184684,0.1413096027598428,0.14130960275844698,0.14130960275771431,0.14130960275844698,0.14130960275915042,0.14130960275844698,0.14130960275771431,0.14021174679830148,0.140211746799116,0.14021174679985854,0.140211746799116,0.14021174679830148,0.140211746799116,0.1402117468005774,0.1402117468025439,0.1402117468005774,0.140211746799116,0.14021174679985854,0.1402117468025439,0.14021174681007118,0.1402117468025439,0.14021174679985854,0.140211746799116,0.1402117468005774,0.1402117468025439,0.1402117468005774,0.140211746799116,0.14021174679830148,0.140211746799116,0.14021174679985854,0.140211746799116,0.14021174679830148,0.1391353071114225,0.13913530711256739,0.1391353071135461,0.13913530711256739,0.1391353071114225,0.13913530711256739,0.13913530711448796,0.1391353071165102,0.13913530711448796,0.13913530711256739,0.1391353071135461,0.1391353071165102,0.13913530712060626,0.1391353071165102,0.1391353071135461,0.13913530711256739,0.13913530711448796,0.1391353071165102,0.13913530711448796,0.13913530711256739,0.1391353071114225,0.13913530711256739,0.1391353071135461,0.13913530711256739,0.1391353071114225,0.13807980361266894,0.13807980361470218,0.13807980361669178,0.13807980361470218,0.13807980361266894,0.13807980361470218,0.13807980361868966,0.13807980362398695,0.13807980361868952,0.13807980361470218,0.13807980361669178,0.13807980362398695,0.13807980363850875,0.13807980362398695,0.13807980361669178,0.13807980361470218,0.13807980361868952,0.13807980362398695,0.13807980361868952,0.13807980361470218,0.13807980361266894,0.13807980361470218,0.13807980361669178,0.13807980361470218,0.13807980361266894,0.13704476569530097,0.1370447656983608,0.13704476570202345,0.1370447656983608,0.13704476569530097,0.1370447656983608,0.13704476570580987,0.13704476572060575,0.13704476570580987,0.1370447656983608,0.13704476570202345,0.13704476572060575,0.13704476580218589,0.13704476572060575,0.13704476570202345,0.1370447656983608,0.13704476570580987,0.13704476572060575,0.13704476570580987,0.13704476569836066,0.13704476569530097,0.1370447656983608,0.13704476570202345,0.13704476569836066,0.13704476569530097,0.1360297322628547,0.13602973226496112,0.13602973226701207,0.13602973226496112,0.1360297322628547,0.13602973226496112,0.13602973226906498,0.1360297322745239,0.13602973226906498,0.13602973226496112,0.13602973226701207,0.1360297322745239,0.13602973228961704,0.1360297322745239,0.13602973226701207,0.13602973226496112,0.13602973226906498,0.1360297322745239,0.13602973226906498,0.13602973226496112,0.1360297322628547,0.13602973226496112,0.13602973226701207,0.13602973226496112,0.1360297322628547,0.13503425173918485,0.1350342517404978,0.1350342517415788,0.1350342517404978,0.13503425173918485,0.1350342517404978,0.1350342517426029,0.13503425174468328,0.1350342517426029,0.1350342517404978,0.1350342517415788,0.13503425174468328,0.1350342517484567,0.13503425174468345,0.1350342517415788,0.1350342517404978,0.1350342517426029,0.13503425174468345,0.1350342517426029,0.1350342517404978,0.13503425173918485,0.1350342517404978,0.1350342517415788,0.1350342517404978,0.13503425173918485
0.1653324879373201,0.16533248793731986,0.1653324879373196,0.16533248793731986,0.1653324879373201,0.16533248793731986,0.1653324879373196,0.16533248793731942,0.1653324879373196,0.16533248793731986,0.1653324879373196,0.16533248793731942,0.16533248793731942,0.16533248793731942,0.1653324879373196,0.16533248793731986,0.1653324879373196,0.16533248793731942,0.1653324879373196,0.16533248793731986,0.1653324879373201,0.16533248793731986,0.1653324879373196,0.16533248793731986,0.1653324879373201,0.16375749421550104,0.1637574942155006,0.16375749421550037,0.1637574942155006,0.16375749421550104,0.1637574942155006,0.16375749421550012,0.1637574942154999,0.16375749421550012,0.1637574942155006,0.16375749421550037,0.1637574942154999,0.16375749421549943,0.1637574942154999,0.16375749421550037,0.1637574942155006,0.16375749421550012,0.1637574942154999,0.16375749421550012,0.1637574942155006,0.16375749421550104,0.1637574942155006,0.16375749421550037,0.1637574942155006,0.16375749421550104,0.16221388442563742,0.16221388442563583,0.16221388442563492,0.16221388442563583,0.16221388442563742,0.16221388442563583,0.16221388442563445,0.16221388442563334,0.16221388442563445,0.16221388442563583,0.16221388442563492,0.16221388442563334,0.16221388442563242,0.16221388442563334,0.16221388442563492,0.16221388442563583,0.16221388442563445,0.16221388442563334,0.16221388442563445,0.16221388442563583,0.16221388442563742,0.16221388442563583,0.16221388442563492,0.16221388442563583,0.16221388442563742,0.16070106752477123,0.16070106752476676,0.1607010675247641,0.16070106752476676,0.16070106752477123,0.16070106752476676,0.1607010675247621,0.160701067524759,0.1607010675247621,0.16070106752476676,0.1607010675247641,0.160701067524759,0.1607010675247557,0.160701067524759,0.1607010675247641,0.16070106752476676,0.1607010675247621,0.160701067524759,0.1607010675247621,0.16070106752476676,0.16070106752477123,0.16070106752476676,0.1607010675247641,0.16070106752476676,0.16070106752477123,0.15921845188788666,0.1592184518878736,0.1592184518878651,0.1592184518878736,0.15921845188788666,0.1592184518878736,0.15921845188785858,0.15921845188784878,0.15921845188785858,0.1592184518878736,0.1592184518878651,0.15921845188784878,0.15921845188783743,0.15921845188784878,0.1592184518878651,0.1592184518878736,0.15921845188785858,0.15921845188784878,0.15921845188785858,0.1592184518878736,0.15921845188788666,0.1592184518878736,0.1592184518878651,0.1592184518878736,0.15921845188788666,0.15776544665976833,0.1577654466597301,0.15776544665970452,0.1577654466597301,0.15776544665976833,0.1577654466597301,0.15776544665968403,0.1577654466596518,0.15776544665968403,0.1577654466597301,0.15776544665970452,0.1577654466596518,0.15776544665961426,0.1577654466596518,0.15776544665970452,0.1577654466597301,0.15776544665968403,0.1577654466596518,0.15776544665968403,0.1577654466597301,0.15776544665976833,0.1577654466597301,0.15776544665970452,0.1577654466597301,0.15776544665976833,0.15634146296934734,0.15634146296923881,0.15634146296916313,0.15634146296923881,0.15634146296934734,0.15634146296923881,0.1563414629690985,0.1563414629689935,0.1563414629690985,0.15634146296923881,0.15634146296916313,0.1563414629689935,0.15634146296885992,0.1563414629689935,0.15634146296916313,0.15634146296923881,0.1563414629690985,0.1563414629689935,0.1563414629690985,0.15634146296923881,0.15634146296934734,0.15634146296923881,0.15634146296916313,0.15634146296923881,0.15634146296934734,0.15494591501682076,0.15494591501652752,0.15494591501630803,0.15494591501652752,0.15494591501682076,0.15494591501652752,0.15494591501611005,0.1549459150157594,0.15494591501611005,0.15494591501652752,0.15494591501630803,0.1549459150157594,0.15494591501524543,0.1549459150157594,0.15494591501630803,0.15494591501652752,0.15494591501611005,0.1549459150157594,0.15494591501611005,0.15494591501652752,0.15494591501682076,0.15494591501652752,0.15494591501630803,0.15494591501652752,0.15494591501682076,0.1535782210433022,0.15357822104256993,0.15357822104196178,0.15357822104256993,0.1535782210433022,0.15357822104256993,0.15357822104138333,0.15357822104019275,0.15357822104138333,0.15357822104256993,0.15357822104196178,0.15357822104019275,0.15357822103799712,0.15357822104019275,0.15357822104196178,0.15357822104256993,0.15357822104138333,0.15357822104019275,0.15357822104138333,0.15357822104256993,0.1535782210433022,0.15357822104256993,0.15357822104196178,0.15357822104256993,0.1535782210433022,0.15223780419221705,0.15223780419062266,0.15223780418909025,0.15223780419062266,0.15223780419221705,0.15223780419062266,0.1522378041875608,0.15223780418359253,0.1522378041875608,0.15223780419062266,0.15223780418909025,0.15223780418359253,0.15223780417299565,0.15223780418359253,0.15223780418909025,0.15223780419062266,0.1522378041875608,0.15223780418359253,0.1522378041875608,0.15223780419062266,0.15223780419221705,0.15223780419062266,0.15223780418909025,0.15223780419062266,0.15223780419221705,0.1509240932709674,0.15092409326830047,0.15092409326524173,0.15092409326830047,0.1509240932709674,0.15092409326830047,0.15092409326209133,0.15092409325065237,0.15092409326209133,0.15092409326830047,0.15092409326524173,0.15092409325065237,0.1509240931927534,0.15092409325065237,0.15092409326524173,0.15092409326830047,0.15092409326209133,0.15092409325065237,0.15092409326209133,0.15092409326830047,0.1509240932709674,0.15092409326830047,0.15092409326524173,0.15092409326830047,0.1509240932709674,0.14963652342009076,0.1496365234176455,0.14963652341497244,0.1496365234176455,0.14963652342009076,0.1496365234176455,0.14963652341223355,0.14963652340318137,0.14963652341223355,0.1496365234176455,0.14963652341497244,0.14963652340318137,0.1496365233636812,0.14963652340318137,0.14963652341497244,0.1496365234176455,0.14963652341223355,0.14963652340318137,0.14963652341223355,0.1496365234176455,0.14963652342009076,0.1496365234176455,0.14963652341497244,0.1496365234176455,0.14963652342009076,0.14837453669558273,0.1483745366941366,0.14837453669268677,0.1483745366941366,0.14837453669558273,0.1483745366941366,0.14837453669122766,0.14837453668697953,0.14837453669122766,0.1483745366941366,0.14837453669268677,0.14837453668697953,0.1483745366711655,0.14837453668697953,0.14837453669268677,0.1483745366941366,0.14837453669122766,0.14837453668697953,0.14837453669122766,0.1483745366941366,0.14837453669558273,0.1483745366941366,0.14837453669268677,0.1483745366941366,0.14837453669558273,0.14713758257826556,0.14713758257785192,0.14713758257753312,0.14713758257785192,0.14713758257826556,0.14713758257785192,0.14713758257723755,0.1471375825767716,0.14713758257723755,0.14713758257785192,0.14713758257753312,0.1471375825767716,0.14713758257695853,0.1471375825767716,0.14713758257753312,0.14713758257785192,0.14713758257723755,0.1471375825767716,0.14713758257723755,0.14713758257785192,0.14713758257826556,0.14713758257785192,0.14713758257753312,0.14713758257785192,0.14713758257826556,0.1459251184131292,0.14592511841344455,0.14592511841386283,0.14592511841344455,0.1459251184131292,0.14592511841344455,0.14592511841431188,0.14592511841603056,0.14592511841431188,0.14592511841344455,0.14592511841386283,0.14592511841603056,0.1459251184244546,0.14592511841603056,0.14592511841386283,0.14592511841344455,0.14592511841431188,0.14592511841603056,0.14592511841431188,0.14592511841344455,0.1459251184131292,0.14592511841344455,0.14592511841386283,0.14592511841344455,0.1459251184131292,0.1447366097834801,0.1447366097841835,0.14473660978497616,0.1447366097841835,0.1447366097834801,0.1447366097841835,0.14473660978579547,0.1447366097885888,0.14473660978579547,0.1447366097841835,0.14473660978497616,0.1447366097885888,0.14473660980131542,0.1447366097885888,0.14473660978497616,0.1447366097841835,0.14473660978579547,0.1447366097885888,0.14473660978579547,0.1447366097841835,0.1447366097834801,0.1447366097841835,0.14473660978497616,0.1447366097841835,0.1447366097834801,0.1435715308257944,0.1435715308265877,0.14357153082742252,0.1435715308265877,0.1435715308257944,0.1435715308265877,0.14357153082827057,0.14357153083095653,0.14357153082827057,0.1435715308265877,0.14357153082742252,0.14357153083095653,0.1435715308422965,0.14357153083095653,0.14357153082742252,0.1435715308265877,0.14357153082827057,0.14357153083095653,0.14357153082827057,0.1435715308265877,0.1435715308257944,0.1435715308265877,0.14357153082742252,0.1435715308265877,0.1435715308257944,0.1424293644910145,0.14242936449175747,0.14242936449249055,0.14242936449175747,0.1424293644910145,0.14242936449175747,0.1424293644932221,0.1424293644953487,0.1424293644932221,0.14242936449175747,0.14242936449249055,0.1424293644953487,0.14242936450337582,0.1424293644953487,0.14242936449249055,0.14242936449175747,0.1424293644932221,0.1424293644953487,0.1424293644932221,0.14242936449175747,0.1424293644910145,0.14242936449175747,0.14242936449249055,0.14242936449175747,0.1424293644910145,0.14130960275710858,0.14130960275783305,0.1413096027585284,0.14130960275783305,0.14130960275710858,0.14130960275783305,0.14130960275921292,0.14130960276119392,0.14130960275921292,0.14130960275783305,0.1413096027585284,0.14130960276119392,0.14130960276892937,0.14130960276119392,0.1413096027585284,0.14130960275783305,0.14130960275921292,0.14130960276119392,0.14130960275921292,0.14130960275783305,0.14130960275710858,0.14130960275783305,0.1413096027585284,0.14130960275783305,0.14130960275710858,0.14021174679762904,0.1402117467984368,0.14021174679917306,0.1402117467984368,0.14021174679762904,0.1402117467984368,0.14021174679988563,0.1402117468018334,0.14021174679988563,0.1402117467984368,0.14021174679917306,0.1402117468018334,0.14021174680927911,0.1402117468018334,0.14021174679917306,0.1402117467984368,0.14021174679988563,0.1402117468018334,0.14021174679988563,0.1402117467984368,0.14021174679762904,0.1402117467984368,0.14021174679917306,0.1402117467984368,0.14021174679762904,0.1391353071106958,0.13913530711183486,0.1391353071128085,0.13913530711183486,0.1391353071106958,0.13913530711183486,0.13913530711374564,0.13913530711575714,0.13913530711374564,0.13913530711183486,0.1391353071128085,0.13913530711575714,0.13913530711982994,0.13913530711575714,0.1391353071128085,0.13913530711183486,0.13913530711374564,0.13913530711575714,0.13913530711374564,0.13913530711183486,0.1391353071106958,0.13913530711183486,0.1391353071128085,0.13913530711183486,0.1391353071106958,0.138079803611899,0.1380798036139246,0.138079803615907,0.1380798036139246,0.138079803611899,0.1380798036139246,0.1380798036178977,0.13807980362317657,0.1380798036178977,0.1380798036139246,0.138079803615907,0.13807980362317657,0.1380798036376489,0.13807980362317657,0.138079803615907,0.1380798036139246,0.1380798036178977,0.13807980362317657,0.1380798036178977,0.1380798036139246,0.138079803611899,0.1380798036139246,0.138079803615907,0.1380798036139246,0.138079803611899,0.13704476569450263,0.13704476569755195,0.13704476570120241,0.13704476569755195,0.13704476569450263,0.13704476569755195,0.13704476570497637,0.1370447657197235,0.13704476570497637,0.13704476569755195,0.13704476570120241,0.1370447657197235,0.13704476580102218,0.1370447657197235,0.13704476570120241,0.13704476569755195,0.13704476570497637,0.1370447657197235,0.13704476570497637,0.13704476569755195,0.13704476569450263,0.13704476569755195,0.13704476570120241,0.13704476569755195,0.13704476569450263,0.13602973226204879,0.1360297322641482,0.13602973226619242,0.1360297322641482,0.13602973226204879,0.1360297322641482,0.13602973226823847,0.13602973227367934,0.13602973226823847,0.1360297322641482,0.13602973226619242,0.13602973227367934,0.13602973228872314,0.13602973227367934,0.13602973226619242,0.1360297322641482,0.13602973226823847,0.13602973227367934,0.13602973226823847,0.1360297322641482,0.13602973226204879,0.1360297322641482,0.13602973226619242,0.1360297322641482,0.13602973226204879,0.13503425173838565,0.13503425173969422,0.1350342517407717,0.13503425173969422,0.13503425173838565,0.13503425173969422,0.13503425174179226,0.13503425174386596,0.13503425174179226,0.13503425173969422,0.1350342517407717,0.13503425174386596,0.13503425174762693,0.13503425174386596,0.1350342517407717,0.13503425173969422,0.13503425174179226,0.13503425174386596,0.13503425174179226,0.13503425173969422,0.13503425173838565,0.13503425173969422,0.1350342517407717,0.13503425173969422,0.13503425173838565
0.16533248793792046,0.16533248793792021,0.16533248793792,0.16533248793792021,0.16533248793792046,0.16533248793792021,0.16533248793792,0.16533248793791977,0.16533248793792,0.16533248793792021,0.16533248793792,0.16533248793791977,0.16533248793791977,0.16533248793791977,0.16533248793792,0.16533248793792021,0.16533248793792,0.16533248793791977,0.16533248793792,0.16533248793792021,0.16533248793792046,0.16533248793792021,0.16533248793792,0.16533248793792021,0.16533248793792046,0.16375749421608946,0.16375749421608898,0.16375749421608876,0.16375749421608898,0.16375749421608946,0.16375749421608898,0.1637574942160885,0.1637574942160883,0.1637574942160885,0.16375749421608898,0.16375749421608876,0.1637574942160883,0.16375749421608782,0.1637574942160883,0.16375749421608876,0.16375749421608898,0.1637574942160885,0.1637574942160883,0.1637574942160885,0.16375749421608898,0.16375749421608946,0.16375749421608898,0.16375749421608876,0.16375749421608898,0.16375749421608946,0.16221388442621384,0.16221388442621226,0.1622138844262116,0.16221388442621248,0.16221388442621384,0.16221388442621226,0.1622138844262109,0.16221388442621,0.1622138844262109,0.16221388442621248,0.1622138844262116,0.16221388442621,0.16221388442620888,0.16221388442621,0.1622138844262116,0.16221388442621248,0.1622138844262109,0.16221388442621,0.1622138844262109,0.16221388442621248,0.16221388442621384,0.16221388442621248,0.1622138844262116,0.16221388442621248,0.16221388442621384,0.16070106752533572,0.16070106752533148,0.1607010675253286,0.16070106752533148,0.16070106752533572,0.16070106752533148,0.1607010675253268,0.1607010675253237,0.1607010675253268,0.16070106752533148,0.1607010675253286,0.1607010675253237,0.16070106752532037,0.1607010675253237,0.1607010675253286,0.16070106752533148,0.1607010675253268,0.1607010675253237,0.1607010675253268,0.16070106752533148,0.16070106752533572,0.16070106752533148,0.1607010675253286,0.16070106752533148,0.16070106752533572,0.15921845188843922,0.15921845188842637,0.15921845188841788,0.15921845188842637,0.15921845188843922,0.15921845188842637,0.15921845188841158,0.15921845188840159,0.15921845188841158,0.15921845188842637,0.15921845188841788,0.15921845188840159,0.15921845188839068,0.15921845188840159,0.15921845188841788,0.15921845188842637,0.15921845188841158,0.15921845188840159,0.15921845188841158,0.15921845188842637,0.15921845188843922,0.15921845188842637,0.15921845188841788,0.15921845188842637,0.15921845188843922,0.157765446660309,0.157765446660271,0.15776544666024558,0.157765446660271,0.157765446660309,0.157765446660271,0.1577654466602251,0.15776544666019335,0.1577654466602251,0.157765446660271,0.15776544666024558,0.15776544666019335,0.157765446660156,0.15776544666019335,0.15776544666024558,0.157765446660271,0.1577654466602251,0.15776544666019335,0.1577654466602251,0.157765446660271,0.157765446660309,0.157765446660271,0.15776544666024558,0.157765446660271,0.157765446660309,0.15634146296987533,0.15634146296976764,0.15634146296969237,0.15634146296976764,0.15634146296987533,0.15634146296976764,0.15634146296962817,0.15634146296952403,0.15634146296962817,0.15634146296976764,0.15634146296969237,0.15634146296952403,0.15634146296939125,0.15634146296952403,0.15634146296969237,0.15634146296976764,0.15634146296962817,0.15634146296952403,0.15634146296962817,0.15634146296976764,0.15634146296987533,0.15634146296976764,0.15634146296969237,0.15634146296976764,0.15634146296987533,0.15494591501733473,0.15494591501704374,0.15494591501682567,0.15494591501704374,0.15494591501733473,0.15494591501704374,0.15494591501662897,0.15494591501628077,0.15494591501662897,0.15494591501704374,0.15494591501682567,0.15494591501628077,0.15494591501576988,0.15494591501628077,0.15494591501682567,0.15494591501704374,0.15494591501662897,0.15494591501628077,0.15494591501662897,0.15494591501704374,0.15494591501733473,0.15494591501704374,0.15494591501682567,0.15494591501704374,0.15494591501733473,0.15357822104379829,0.15357822104307123,0.1535782210424669,0.15357822104307123,0.15357822104379829,0.15357822104307123,0.1535782210418927,0.15357822104070973,0.1535782210418927,0.15357822104307123,0.1535782210424669,0.15357822104070973,0.15357822103852836,0.15357822104070973,0.1535782210424669,0.15357822104307123,0.1535782210418927,0.15357822104070973,0.1535782210418927,0.15357822104307123,0.15357822104379829,0.15357822104307123,0.1535782210424669,0.15357822104307123,0.15357822104379829,0.15223780419268493,0.15223780419110153,0.15223780418957958,0.15223780419110153,0.15223780419268493,0.15223780419110153,0.1522378041880608,0.15223780418411847,0.1522378041880608,0.15223780419110153,0.15223780418957958,0.15223780418411847,0.15223780417358934,0.15223780418411847,0.15223780418957958,0.15223780419110153,0.1522378041880608,0.15223780418411847,0.1522378041880608,0.15223780419110153,0.15223780419268493,0.15223780419110153,0.15223780418957958,0.15223780419110153,0.15223780419268493,0.15092409327138392,0.1509240932687363,0.15092409326569894,0.1509240932687363,0.15092409327138392,0.1509240932687363,0.15092409326257095,0.15092409325120892,0.15092409326257095,0.1509240932687363,0.15092409326569894,0.15092409325120892,0.15092409319367844,0.15092409325120892,0.15092409326569894,0.1509240932687363,0.15092409326257095,0.15092409325120892,0.15092409326257095,0.1509240932687363,0.15092409327138392,0.1509240932687363,0.15092409326569894,0.1509240932687363,0.15092409327138392,0.1496365234204152,0.14963652341799002,0.14963652341533984,0.14963652341799002,0.1496365234204152,0.14963652341799002,0.1496365234126242,0.14963652340365388,0.1496365234126242,0.14963652341799002,0.14963652341533984,0.14963652340365388,0.14963652336454947,0.14963652340365388,0.14963652341533984,0.14963652341799002,0.1496365234126242,0.14963652340365388,0.1496365234126242,0.14963652341799002,0.1496365234204152,0.14963652341799002,0.14963652341533984,0.14963652341799002,0.1496365234204152,0.14837453669577289,0.14837453669433825,0.14837453669290082,0.14837453669433825,0.14837453669577289,0.14837453669433825,0.1483745366914547,0.1483745366872479,0.1483745366914547,0.14837453669433825,0.14837453669290082,0.1483745366872479,0.14837453667158212,0.1483745366872479,0.14837453669290082,0.14837453669433825,0.1483745366914547,0.1483745366872479,0.1483745366914547,0.14837453669433825,0.14837453669577289,0.14837453669433825,0.14837453669290082,0.14837453669433825,0.14837453669577289,0.14713758257829498,0.1471375825778817,0.14713758257756182,0.1471375825778817,0.14713758257829498,0.1471375825778817,0.14713758257726517,0.1471375825767905,0.14713758257726517,0.1471375825778817,0.14713758257756182,0.1471375825767905,0.14713758257692475,0.1471375825767905,0.14713758257756182,0.1471375825778817,0.14713758257726517,0.1471375825767905,0.14713758257726517,0.1471375825778817,0.14713758257829498,0.1471375825778817,0.14713758257756182,0.1471375825778817,0.14713758257829498,0.14592511841299582,0.145925118413303,0.145925118413712,0.145925118413303,0.14592511841299582,0.145925118413303,0.1459251184141513,0.14592511841583702,0.1459251184141513,0.145925118413303,0.145925118413712,0.14592511841583702,0.14592511842411057,0.14592511841583702,0.145925118413712,0.145925118413303,0.1459251184141513,0.14592511841583702,0.1459251184141513,0.145925118413303,0.14592511841299582,0.145925118413303,0.145925118413712,0.145925118413303,0.14592511841299582,0.14473660978319852,0.14473660978388941,0.1447366097846679,0.14473660978388941,0.14473660978319852,0.14473660978388941,0.14473660978547292,0.1447366097882184,0.14473660978547292,0.14473660978388941,0.1447366097846679,0.1447366097882184,0.1447366098007209,0.1447366097882184,0.1447366097846679,0.14473660978388941,0.14473660978547292,0.1447366097882184,0.14473660978547292,0.14473660978388941,0.14473660978319852,0.14473660978388941,0.1447366097846679,0.14473660978388941,0.14473660978319852,0.1435715308253887,0.1435715308261693,0.1435715308269903,0.1435715308261693,0.1435715308253887,0.1435715308261693,0.14357153082782448,0.14357153083046525,0.14357153082782448,0.1435715308261693,0.1435715308269903,0.14357153083046525,0.14357153084161206,0.14357153083046525,0.1435715308269903,0.1435715308261693,0.14357153082782448,0.14357153083046525,0.14357153082782448,0.14357153082616914,0.1435715308253887,0.1435715308261693,0.1435715308269903,0.14357153082616914,0.1435715308253887,0.14242936449050939,0.14242936449124213,0.14242936449196514,0.14242936449124213,0.14242936449050939,0.14242936449124213,0.1424293644926868,0.1424293644947849,0.1424293644926868,0.14242936449124213,0.14242936449196514,0.1424293644947849,0.1424293645027219,0.1424293644947849,0.14242936449196514,0.14242936449124213,0.1424293644926868,0.1424293644947849,0.1424293644926868,0.14242936449124213,0.14242936449050939,0.14242936449124213,0.14242936449196514,0.14242936449124213,0.14242936449050939,0.14130960275652357,0.14130960275724014,0.14130960275792778,0.14130960275724014,0.14130960275652357,0.14130960275724014,0.1413096027586047,0.14130960276056334,0.1413096027586047,0.14130960275724014,0.14130960275792778,0.14130960276056334,0.14130960276820936,0.14130960276056334,0.14130960275792778,0.14130960275724014,0.1413096027586047,0.14130960276056334,0.1413096027586047,0.14130960275724014,0.14130960275652357,0.14130960275724014,0.14130960275792778,0.14130960275724014,0.14130960275652357,0.14021174679697954,0.14021174679778098,0.14021174679851095,0.14021174679778098,0.14021174679697954,0.14021174679778098,0.14021174679921738,0.14021174680114695,0.14021174679921738,0.14021174679778098,0.14021174679851095,0.14021174680114695,0.14021174680851994,0.14021174680114695,0.14021174679851095,0.14021174679778098,0.14021174679921738,0.14021174680114695,0.14021174679921738,0.14021174679778098,0.14021174679697954,0.14021174679778098,0.14021174679851095,0.14021174679778098,0.14021174679697954,0.13913530710999378,0.1391353071111273,0.1391353071120962,0.1391353071111273,0.13913530710999378,0.1391353071111273,0.1391353071130286,0.1391353071150298,0.1391353071130286,0.1391353071111273,0.1391353071120962,0.1391353071150298,0.13913530711908,0.1391353071150298,0.1391353071120962,0.1391353071111273,0.1391353071130286,0.1391353071150298,0.1391353071130286,0.1391353071111273,0.13913530710999378,0.1391353071111273,0.1391353071120962,0.1391353071111273,0.13913530710999378,0.13807980361115527,0.1380798036131736,0.13807980361514915,0.1380798036131736,0.13807980361115527,0.1380798036131736,0.1380798036171329,0.13807980362239375,0.1380798036171329,0.1380798036131736,0.13807980361514915,0.13807980362239375,0.13807980363681804,0.13807980362239375,0.13807980361514915,0.1380798036131736,0.1380798036171329,0.13807980362239375,0.13807980361713273,0.1380798036131736,0.13807980361115527,0.1380798036131736,0.13807980361514915,0.1380798036131736,0.13807980361115527,0.13704476569373134,0.1370447656967706,0.13704476570040938,0.1370447656967706,0.13704476569373134,0.1370447656967706,0.137044765704171,0.13704476571887098,0.137044765704171,0.1370447656967706,0.13704476570040938,0.13704476571887098,0.13704476579991226,0.13704476571887098,0.13704476570040922,0.1370447656967706,0.137044765704171,0.13704476571887098,0.137044765704171,0.1370447656967706,0.13704476569373134,0.1370447656967706,0.13704476570040922,0.1370447656967706,0.13704476569373134,0.13602973226126983,0.1360297322633624,0.13602973226540008,0.1360297322633624,0.13602973226126983,0.1360297322633624,0.13602973226743953,0.13602973227286314,0.13602973226743953,0.1360297322633624,0.13602973226540008,0.13602973227286314,0.13602973228785895,0.13602973227286314,0.13602973226540008,0.1360297322633624,0.13602973226743953,0.13602973227286314,0.13602973226743953,0.1360297322633624,0.13602973226126983,0.1360297322633624,0.13602973226540008,0.1360297322633624,0.13602973226126983,0.13503425173761263,0.1350342517389171,0.1350342517399911,0.1350342517389171,0.13503425173761263,0.1350342517389171,0.13503425174100847,0.13503425174307554,0.13503425174100847,0.1350342517389171,0.1350342517399911,0.13503425174307554,0.1350342517468245,0.13503425174307554,0.1350342517399911,0.1350342517389171,0.13503425174100847,0.13503425174307554,0.13503425174100847,0.1350342517389171,0.13503425173761263,0.1350342517389171,0.1350342517399911,0.1350342517389171,0.13503425173761263
0.165332487938501,0.16533248793850075,0.16533248793850053,0.16533248793850075,0.165332487938501,0.16533248793850075,0.16533248793850053,0.16533248793850028,0.16533248793850053,0.16533248793850075,0.16533248793850053,0.16533248793850028,0.16533248793850028,0.16533248793850028,0.16533248793850053,0.16533248793850075,0.16533248793850053,0.16533248793850028,0.16533248793850053,0.16533248793850075,0.165332487938501,0.16533248793850075,0.16533248793850053,0.16533248793850075,0.16533248793850075,0.1637574942166582,0.16375749421665772,0.16375749421665747,0.16375749421665772,0.1637574942166582,0.16375749421665772,0.16375749421665725,0.16375749421665703,0.16375749421665725,0.16375749421665772,0.16375749421665747,0.16375749421665703,0.16375749421665659,0.16375749421665703,0.16375749421665747,0.16375749421665772,0.16375749421665725,0.16375749421665703,0.16375749421665725,0.16375749421665772,0.1637574942166582,0.16375749421665772,0.16375749421665747,0.16375749421665772,0.1637574942166582,0.16221388442677104,0.16221388442676946,0.16221388442676876,0.16221388442676946,0.16221388442677104,0.16221388442676946,0.16221388442676807,0.16221388442676715,0.16221388442676807,0.16221388442676946,0.16221388442676876,0.16221388442676715,0.16221388442676601,0.16221388442676715,0.16221388442676876,0.16221388442676946,0.16221388442676807,0.16221388442676715,0.16221388442676807,0.16221388442676946,0.16221388442677104,0.16221388442676946,0.16221388442676876,0.16221388442676946,0.16221388442677104,0.1607010675258813,0.1607010675258771,0.1607010675258744,0.1607010675258771,0.1607010675258813,0.1607010675258771,0.16070106752587243,0.16070106752586932,0.16070106752587243,0.1607010675258771,0.1607010675258744,0.16070106752586932,0.160701067525866,0.16070106752586932,0.1607010675258744,0.1607010675258771,0.16070106752587243,0.16070106752586932,0.16070106752587243,0.1607010675258771,0.1607010675258813,0.1607010675258771,0.1607010675258744,0.1607010675258771,0.1607010675258813,0.1592184518889733,0.15921845188896044,0.15921845188895217,0.15921845188896044,0.1592184518889733,0.15921845188896044,0.15921845188894584,0.15921845188893585,0.15921845188894584,0.15921845188896044,0.15921845188895217,0.15921845188893585,0.15921845188892494,0.15921845188893585,0.15921845188895217,0.15921845188896044,0.15921845188894584,0.15921845188893585,0.15921845188894584,0.15921845188896044,0.1592184518889733,0.15921845188896044,0.15921845188895217,0.15921845188896044,0.1592184518889733,0.1577654466608313,0.15776544666079376,0.15776544666076858,0.15776544666079376,0.1577654466608313,0.15776544666079376,0.1577654466607481,0.15776544666071649,0.1577654466607481,0.15776544666079376,0.15776544666076858,0.15776544666071649,0.1577654466606794,0.15776544666071649,0.15776544666076858,0.15776544666079376,0.1577654466607481,0.15776544666071649,0.1577654466607481,0.15776544666079376,0.1577654466608313,0.15776544666079376,0.15776544666076858,0.15776544666079376,0.1577654466608313,0.15634146297038576,0.1563414629702787,0.15634146297020404,0.1563414629702787,0.15634146297038576,0.1563414629702787,0.15634146297014007,0.15634146297003657,0.15634146297014007,0.1563414629702787,0.15634146297020404,0.15634146297003657,0.15634146296990462,0.15634146297003657,0.15634146297020404,0.1563414629702787,0.15634146297014007,0.15634146297003657,0.15634146297014007,0.1563414629702787,0.15634146297038576,0.1563414629702787,0.15634146297020404,0.1563414629702787,0.15634146297038576,0.1549459150178317,0.15494591501754254,0.15494591501732594,0.15494591501754254,0.1549459150178317,0.15494591501754254,0.15494591501713062,0.15494591501678448,0.15494591501713062,0.15494591501754254,0.15494591501732594,0.15494591501678448,0.15494591501627686,0.15494591501678448,0.15494591501732594,0.15494591501754254,0.15494591501713062,0.15494591501678448,0.15494591501713062,0.15494591501754254,0.1549459150178317,0.15494591501754254,0.15494591501732594,0.15494591501754254,0.1549459150178317,0.1535782210442779,0.15357822104355567,0.15357822104295535,0.15357822104355567,0.1535782210442779,0.15357822104355567,0.15357822104238475,0.1535782210412094,0.15357822104238475,0.15357822104355567,0.15357822104295535,0.1535782210412094,0.15357822103904173,0.1535782210412094,0.15357822104295535,0.15357822104355567,0.15357822104238475,0.1535782210412094,0.15357822104238475,0.15357822104355567,0.1535782210442779,0.15357822104355567,0.15357822104295535,0.15357822104355567,0.1535782210442779,0.15223780419313723,0.15223780419156452,0.1522378041900526,0.15223780419156452,0.15223780419313723,0.15223780419156452,0.15223780418854382,0.15223780418462693,0.15223780418854382,0.15223780419156452,0.1522378041900526,0.15223780418462693,0.15223780417416313,0.15223780418462693,0.1522378041900526,0.15223780419156452,0.15223780418854382,0.15223780418462693,0.15223780418854382,0.15223780419156452,0.15223780419313723,0.15223780419156452,0.1522378041900526,0.15223780419156452,0.15223780419313723,0.15092409327178632,0.15092409326915743,0.15092409326614112,0.15092409326915743,0.15092409327178632,0.15092409326915743,0.15092409326303433,0.15092409325174658,0.15092409326303433,0.15092409326915743,0.15092409326614112,0.15092409325174658,0.1509240931945896,0.15092409325174658,0.15092409326614112,0.15092409326915743,0.15092409326303433,0.15092409325174658,0.15092409326303433,0.15092409326915743,0.15092409327178632,0.15092409326915743,0.15092409326614112,0.15092409326915743,0.15092409327178632,0.14963652342072908,0.1496365234183232,0.14963652341569472,0.1496365234183232,0.14963652342072908,0.1496365234183232,0.14963652341300182,0.14963652340411032,0.14963652341300182,0.1496365234183232,0.14963652341569472,0.14963652340411032,0.14963652336536762,0.14963652340411032,0.14963652341569472,0.1496365234183232,0.14963652341300182,0.14963652340411032,0.14963652341300182,0.1496365234183232,0.14963652342072908,0.1496365234183232,0.14963652341569472,0.1496365234183232,0.14963652342072908,0.1483745366959569,0.1483745366945334,0.14837453669310838,0.1483745366945334,0.1483745366959569,0.1483745366945334,0.14837453669167447,0.1483745366875079,0.14837453669167447,0.1483745366945334,0.14837453669310838,0.1483745366875079,0.14837453667202471,0.1483745366875079,0.14837453669310838,0.1483745366945334,0.14837453669167447,0.1483745366875079,0.14837453669167447,0.14837453669453357,0.1483745366959569,0.1483745366945334,0.14837453669310838,0.14837453669453357,0.1483745366959569,0.14713758257832424,0.14713758257791096,0.14713758257759052,0.14713758257791096,0.14713758257832424,0.14713758257791096,0.14713758257729279,0.14713758257680976,0.14713758257729279,0.14713758257791096,0.14713758257759052,0.14713758257680976,0.14713758257688586,0.14713758257680976,0.14713758257759052,0.14713758257791096,0.14713758257729279,0.14713758257680976,0.14713758257729279,0.14713758257791096,0.14713758257832424,0.14713758257791096,0.14713758257759052,0.14713758257791096,0.14713758257832424,0.14592511841286762,0.14592511841316694,0.14592511841356706,0.14592511841316694,0.14592511841286762,0.14592511841316694,0.14592511841399688,0.14592511841565128,0.14592511841399688,0.14592511841316694,0.14592511841356706,0.14592511841565128,0.1459251184237769,0.14592511841565128,0.14592511841356706,0.14592511841316694,0.14592511841399688,0.14592511841565128,0.14592511841399688,0.14592511841316694,0.14592511841286762,0.14592511841316694,0.14592511841356706,0.14592511841316694,0.14592511841286762,0.14473660978292693,0.14473660978360559,0.1447366097843708,0.14473660978360559,0.14473660978292693,0.14473660978360559,0.14473660978516187,0.1447366097878611,0.14473660978516187,0.14473660978360559,0.1447366097843708,0.1447366097878611,0.14473660980016181,0.1447366097878611,0.1447366097843708,0.14473660978360559,0.14473660978516187,0.1447366097878611,0.14473660978516187,0.14473660978360559,0.14473660978292693,0.14473660978360559,0.1447366097843708,0.14473660978360559,0.14473660978292693,0.143571530824997,0.14357153082576515,0.14357153082657295,0.14357153082576515,0.143571530824997,0.14357153082576515,0.14357153082739363,0.14357153082999075,0.14357153082739363,0.14357153082576515,0.14357153082657295,0.14357153082999075,0.143571530840936,0.14357153082999075,0.14357153082657295,0.14357153082576515,0.14357153082739363,0.14357153082999075,0.14357153082739363,0.14357153082576515,0.143571530824997,0.14357153082576515,0.14357153082657295,0.14357153082576515,0.143571530824997,0.1424293644900214,0.14242936449074425,0.14242936449145754,0.14242936449074425,0.1424293644900214,0.14242936449074425,0.14242936449216947,0.14242936449423987,0.14242936449216947,0.14242936449074425,0.14242936449145754,0.14242936449423987,0.14242936450205626,0.14242936449423987,0.14242936449145754,0.14242936449074425,0.14242936449216947,0.14242936449423987,0.14242936449216947,0.14242936449074425,0.1424293644900214,0.14242936449074425,0.14242936449145754,0.14242936449074425,0.1424293644900214,0.1413096027559583,0.14130960275666715,0.14130960275734722,0.14130960275666715,0.1413096027559583,0.14130960275666715,0.14130960275801657,0.14130960275995366,0.14130960275801657,0.14130960275666715,0.14130960275734722,0.14130960275995366,0.14130960276751958,0.14130960275995366,0.14130960275734722,0.14130960275666715,0.14130960275801657,0.14130960275995366,0.14130960275801657,0.14130960275666715,0.1413096027559583,0.14130960275666715,0.14130960275734722,0.14130960275666715,0.1413096027559583,0.14021174679635146,0.14021174679714676,0.14021174679787077,0.14021174679714676,0.14021174679635146,0.14021174679714676,0.14021174679857126,0.14021174680048323,0.14021174679857126,0.14021174679714676,0.14021174679787077,0.14021174680048323,0.14021174680777848,0.14021174680048323,0.14021174679787077,0.14021174679714676,0.14021174679857126,0.14021174680048323,0.14021174679857126,0.14021174679714676,0.14021174679635146,0.14021174679714676,0.14021174679787077,0.14021174679714676,0.14021174679635146,0.13913530710931504,0.13913530711044314,0.13913530711140715,0.13913530711044314,0.13913530710931504,0.13913530711044314,0.1391353071123351,0.13913530711432623,0.1391353071123351,0.13913530711044314,0.13913530711140715,0.13913530711432623,0.13913530711835476,0.13913530711432623,0.13913530711140715,0.13913530711044314,0.1391353071123351,0.13913530711432623,0.1391353071123351,0.13913530711044314,0.13913530710931504,0.13913530711044314,0.13913530711140715,0.13913530711044314,0.13913530710931504,0.1380798036104359,0.13807980361244723,0.13807980361441594,0.13807980361244723,0.1380798036104359,0.13807980361244723,0.13807980361639288,0.13807980362163638,0.13807980361639288,0.13807980361244723,0.13807980361441594,0.13807980362163638,0.13807980363601444,0.13807980362163638,0.13807980361441594,0.13807980361244723,0.13807980361639288,0.13807980362163638,0.13807980361639288,0.13807980361244723,0.1380798036104359,0.13807980361244723,0.13807980361441594,0.13807980361244723,0.1380798036104359,0.13704476569298527,0.13704476569601495,0.13704476569964205,0.13704476569601495,0.13704476569298527,0.13704476569601495,0.13704476570339194,0.13704476571804633,0.13704476570339194,0.13704476569601495,0.13704476569964205,0.13704476571804633,0.13704476579882807,0.13704476571804633,0.13704476569964205,0.13704476569601495,0.13704476570339194,0.13704476571804633,0.13704476570339194,0.13704476569601495,0.13704476569298527,0.13704476569601495,0.13704476569964205,0.13704476569601495,0.13704476569298527,0.13602973226051654,0.13602973226260254,0.13602973226463397,0.13602973226260254,0.13602973226051654,0.13602973226260254,0.13602973226666704,0.1360297322720738,0.13602973226666704,0.13602973226260254,0.13602973226463397,0.1360297322720738,0.13602973228702317,0.1360297322720738,0.13602973226463397,0.13602973226260254,0.13602973226666704,0.1360297322720738,0.13602973226666704,0.13602973226260254,0.13602973226051654,0.13602973226260254,0.13602973226463397,0.13602973226260254,0.13602973226051654,0.13503425173686537,0.13503425173816572,0.13503425173923647,0.13503425173816586,0.13503425173686537,0.13503425173816572,0.13503425174025066,0.1350342517423113,0.13503425174025066,0.13503425173816586,0.13503425173923647,0.1350342517423113,0.13503425174604874,0.1350342517423113,0.13503425173923647,0.13503425173816586,0.13503425174025066,0.1350342517423113,0.13503425174025066,0.13503425173816586,0.13503425173686537,0.13503425173816586,0.13503425173923647,0.13503425173816586,0.13503425173686548
0.16533248793906216,0.16533248793906194,0.16533248793906194,0.16533248793906194,0.16533248793906216,0.16533248793906194,0.1653324879390617,0.1653324879390617,0.1653324879390617,0.16533248793906194,0.16533248793906194,0.1653324879390617,0.16533248793906144,0.1653324879390617,0.16533248793906194,0.16533248793906194,0.1653324879390617,0.1653324879390617,0.1653324879390617,0.16533248793906194,0.16533248793906216,0.16533248793906194,0.16533248793906194,0.16533248793906194,0.16533248793906216,0.1637574942172082,0.16375749421720773,0.16375749421720748,0.16375749421720773,0.1637574942172082,0.16375749421720773,0.16375749421720726,0.16375749421720703,0.16375749421720726,0.16375749421720773,0.16375749421720748,0.16375749421720703,0.16375749421720656,0.16375749421720703,0.16375749421720748,0.16375749421720773,0.16375749421720726,0.16375749421720703,0.16375749421720726,0.16375749421720773,0.1637574942172082,0.16375749421720773,0.16375749421720748,0.16375749421720773,0.1637574942172082,0.1622138844273096,0.16221388442730825,0.16221388442730733,0.16221388442730825,0.1622138844273096,0.16221388442730825,0.1622138844273067,0.16221388442730578,0.1622138844273067,0.16221388442730825,0.16221388442730733,0.16221388442730578,0.16221388442730483,0.16221388442730578,0.16221388442730733,0.16221388442730825,0.1622138844273067,0.16221388442730578,0.1622138844273067,0.16221388442730825,0.1622138844273096,0.16221388442730825,0.16221388442730733,0.16221388442730825,0.1622138844273096,0.16070106752640892,0.1607010675264047,0.16070106752640181,0.1607010675264047,0.16070106752640892,0.1607010675264047,0.16070106752639982,0.16070106752639693,0.16070106752639982,0.1607010675264047,0.16070106752640181,0.16070106752639693,0.1607010675263936,0.16070106752639693,0.16070106752640181,0.1607010675264047,0.16070106752639982,0.16070106752639693,0.16070106752639982,0.1607010675264047,0.16070106752640892,0.1607010675264047,0.16070106752640181,0.1607010675264047,0.16070106752640892,0.15921845188948971,0.15921845188947686,0.1592184518894686,0.15921845188947686,0.15921845188948971,0.15921845188947686,0.15921845188946226,0.15921845188945247,0.15921845188946226,0.15921845188947686,0.1592184518894686,0.15921845188945247,0.15921845188944161,0.15921845188945247,0.1592184518894686,0.15921845188947686,0.15921845188946226,0.15921845188945247,0.15921845188946226,0.15921845188947686,0.15921845188948971,0.15921845188947686,0.1592184518894686,0.15921845188947686,0.15921845188948971,0.15776544666133657,0.157765446661299,0.15776544666127404,0.157765446661299,0.15776544666133657,0.157765446661299,0.15776544666125378,0.1577654466612222,0.15776544666125378,0.157765446661299,0.15776544666127404,0.1577654466612222,0.15776544666118547,0.1577654466612222,0.15776544666127404,0.157765446661299,0.15776544666125378,0.1577654466612222,0.15776544666125378,0.157765446661299,0.15776544666133657,0.157765446661299,0.15776544666127404,0.157765446661299,0.15776544666133657,0.15634146297087928,0.15634146297077284,0.1563414629706986,0.15634146297077284,0.15634146297087928,0.15634146297077284,0.15634146297063523,0.15634146297053236,0.15634146297063523,0.15634146297077284,0.1563414629706986,0.15634146297053236,0.15634146297040127,0.15634146297053236,0.1563414629706986,0.15634146297077284,0.15634146297063523,0.15634146297053236,0.15634146297063523,0.15634146297077284,0.15634146297087928,0.15634146297077284,0.1563414629706986,0.15634146297077284,0.15634146297087928,0.15494591501831226,0.15494591501802496,0.15494591501780977,0.15494591501802496,0.15494591501831226,0.15494591501802496,0.15494591501761568,0.15494591501727162,0.15494591501761568,0.15494591501802496,0.15494591501780977,0.15494591501727162,0.1549459150167673,0.15494591501727162,0.15494591501780977,0.15494591501802496,0.15494591501761568,0.15494591501727162,0.15494591501761568,0.15494591501802496,0.15494591501831226,0.15494591501802496,0.15494591501780977,0.15494591501802496,0.15494591501831226,0.15357822104474186,0.15357822104402405,0.15357822104342775,0.15357822104402405,0.15357822104474186,0.15357822104402405,0.15357822104286076,0.15357822104169286,0.15357822104286076,0.15357822104402405,0.15357822104342775,0.15357822104169286,0.15357822103953822,0.15357822104169286,0.15357822104342775,0.15357822104402405,0.15357822104286076,0.15357822104169286,0.15357822104286076,0.15357822104402405,0.15357822104474186,0.15357822104402405,0.15357822104342775,0.15357822104402405,0.15357822104474186,0.15223780419357463,0.15223780419201233,0.15223780419051025,0.15223780419201233,0.15223780419357463,0.15223780419201233,0.15223780418901092,0.15223780418511862,0.15223780418901092,0.15223780419201233,0.15223780419051025,0.15223780418511862,0.15223780417471805,0.15223780418511862,0.15223780419051025,0.15223780419201233,0.15223780418901092,0.15223780418511862,0.15223780418901092,0.15223780419201233,0.15223780419357463,0.15223780419201233,0.15223780419051025,0.15223780419201233,0.15223780419357463,0.15092409327217604,0.15092409326956507,0.1509240932665688,0.15092409326956507,0.15092409327217604,0.15092409326956507,0.1509240932634827,0.15092409325226652,0.1509240932634827,0.15092409326956507,0.1509240932665688,0.15092409325226652,0.15092409319540123,0.15092409325226652,0.1509240932665688,0.15092409326956507,0.1509240932634827,0.15092409325226652,0.1509240932634827,0.15092409326956507,0.15092409327217604,0.15092409326956507,0.1509240932665688,0.15092409326956507,0.15092409327217604,0.14963652342103295,0.14963652341864575,0.1496365234160385,0.14963652341864575,0.14963652342103295,0.14963652341864575,0.14963652341336733,0.14963652340455166,0.14963652341336733,0.14963652341864575,0.1496365234160385,0.14963652340455166,0.14963652336617975,0.14963652340455166,0.1496365234160385,0.14963652341864575,0.14963652341336733,0.14963652340455166,0.14963652341336733,0.14963652341864575,0.14963652342103295,0.14963652341864575,0.1496365234160385,0.14963652341864575,0.14963652342103295,0.14837453669613537,0.14837453669472297,0.14837453669330947,0.14837453669472297,0.14837453669613537,0.14837453669472297,0.1483745366918876,0.14837453668776013,0.1483745366918876,0.14837453669472297,0.14837453669330947,0.14837453668776013,0.14837453667243852,0.14837453668776013,0.14837453669330947,0.14837453669472297,0.1483745366918876,0.14837453668776013,0.1483745366918876,0.14837453669472297,0.14837453669613537,0.14837453669472297,0.14837453669330947,0.14837453669472297,0.14837453669613537,0.1471375825783531,0.14713758257794002,0.14713758257761886,0.14713758257794002,0.1471375825783531,0.14713758257794002,0.1471375825773204,0.1471375825768299,0.1471375825773204,0.14713758257794002,0.14713758257761886,0.1471375825768299,0.14713758257682394,0.1471375825768299,0.14713758257761886,0.14713758257794002,0.1471375825773204,0.1471375825768299,0.1471375825773204,0.14713758257794002,0.1471375825783531,0.14713758257794002,0.14713758257761886,0.14713758257794002,0.1471375825783531,0.14592511841274441,0.14592511841303604,0.14592511841342765,0.14592511841303604,0.14592511841274441,0.14592511841303604,0.14592511841384875,0.1459251184154727,0.14592511841384875,0.14592511841303604,0.14592511841342765,0.1459251184154727,0.1459251184234692,0.1459251184154727,0.14592511841342765,0.14592511841303604,0.14592511841384875,0.1459251184154727,0.14592511841384875,0.14592511841303604,0.14592511841274441,0.14592511841303604,0.14592511841342765,0.14592511841303604,0.14592511841274441,0.14473660978266475,0.14473660978333172,0.14473660978408384,0.14473660978333153,0.14473660978266475,0.14473660978333172,0.14473660978486164,0.1447366097875162,0.14473660978486164,0.14473660978333172,0.14473660978408384,0.1447366097875162,0.1447366097996146,0.1447366097875162,0.14473660978408384,0.14473660978333153,0.14473660978486164,0.1447366097875162,0.14473660978486164,0.14473660978333153,0.14473660978266475,0.14473660978333172,0.14473660978408384,0.14473660978333153,0.14473660978266475,0.14357153082461835,0.1435715308253745,0.14357153082616947,0.1435715308253745,0.14357153082461835,0.1435715308253745,0.14357153082697713,0.14357153082953203,0.14357153082697713,0.1435715308253745,0.14357153082616947,0.14357153082953203,0.14357153084031743,0.14357153082953203,0.14357153082616947,0.1435715308253745,0.14357153082697713,0.14357153082953203,0.14357153082697713,0.1435715308253745,0.14357153082461835,0.1435715308253745,0.14357153082616947,0.1435715308253745,0.14357153082461835,0.14242936448954932,0.1424293644902628,0.1424293644909667,0.1424293644902628,0.14242936448954932,0.1424293644902628,0.14242936449166907,0.14242936449371263,0.14242936449166907,0.1424293644902628,0.1424293644909667,0.14242936449371263,0.14242936450145421,0.14242936449371263,0.1424293644909667,0.1424293644902628,0.14242936449166907,0.14242936449371263,0.14242936449166907,0.1424293644902628,0.14242936448954932,0.1424293644902628,0.1424293644909667,0.1424293644902628,0.14242936448954932,0.1413096027554113,0.14130960275611273,0.14130960275678556,0.14130960275611273,0.1413096027554113,0.14130960275611273,0.1413096027574477,0.14130960275936372,0.1413096027574477,0.14130960275611273,0.14130960275678556,0.14130960275936372,0.14130960276683557,0.14130960275936372,0.14130960275678556,0.14130960275611273,0.1413096027574477,0.14130960275936372,0.1413096027574477,0.14130960275611273,0.1413096027554113,0.14130960275611273,0.14130960275678556,0.14130960275611273,0.1413096027554113,0.14021174679574386,0.14021174679653303,0.14021174679725126,0.14021174679653303,0.14021174679574386,0.14021174679653303,0.14021174679794593,0.14021174679984097,0.14021174679794593,0.14021174679653303,0.14021174679725126,0.14021174679984097,0.14021174680708895,0.14021174679984097,0.14021174679725126,0.14021174679653303,0.14021174679794593,0.14021174679984097,0.14021174679794593,0.14021174679653303,0.14021174679574386,0.14021174679653303,0.14021174679725126,0.14021174679653303,0.14021174679574386,0.13913530710865807,0.139135307109781,0.1391353071107404,0.139135307109781,0.13913530710865807,0.139135307109781,0.13913530711166394,0.13913530711364538,0.13913530711166394,0.139135307109781,0.1391353071107404,0.13913530711364538,0.13913530711765273,0.13913530711364538,0.1391353071107404,0.139135307109781,0.13913530711166394,0.13913530711364538,0.13913530711166394,0.139135307109781,0.13913530710865807,0.139135307109781,0.1391353071107404,0.139135307109781,0.13913530710865807,0.1380798036097396,0.1380798036117441,0.1380798036137063,0.1380798036117441,0.1380798036097396,0.1380798036117441,0.13807980361567673,0.1380798036209035,0.13807980361567673,0.1380798036117441,0.1380798036137063,0.1380798036209035,0.13807980363523628,0.1380798036209035,0.1380798036137063,0.1380798036117441,0.13807980361567673,0.1380798036209035,0.13807980361567673,0.1380798036117441,0.1380798036097396,0.1380798036117441,0.1380798036137063,0.1380798036117441,0.1380798036097396,0.13704476569226307,0.13704476569528337,0.13704476569889948,0.13704476569528337,0.13704476569226307,0.13704476569528337,0.13704476570263785,0.1370447657172478,0.13704476570263785,0.13704476569528337,0.13704476569889948,0.1370447657172478,0.1370447657978015,0.1370447657172478,0.13704476569889948,0.13704476569528337,0.13704476570263785,0.1370447657172478,0.13704476570263785,0.13704476569528337,0.13704476569226307,0.13704476569528337,0.13704476569889948,0.13704476569528337,0.13704476569226307,0.13602973225978726,0.136029732261867,0.13602973226389214,0.136029732261867,0.13602973225978726,0.136029732261867,0.13602973226591913,0.13602973227130946,0.13602973226591913,0.136029732261867,0.13602973226389214,0.13602973227130946,0.13602973228621398,0.13602973227130946,0.13602973226389214,0.136029732261867,0.13602973226591913,0.13602973227130946,0.13602973226591913,0.136029732261867,0.13602973225978726,0.136029732261867,0.13602973226389214,0.136029732261867,0.13602973225978726,0.13503425173614206,0.13503425173743847,0.1350342517385059,0.13503425173743847,0.13503425173614206,0.13503425173743847,0.13503425173951697,0.13503425174157146,0.13503425173951697,0.13503425173743847,0.1350342517385059,0.13503425174157146,0.13503425174529748,0.13503425174157146,0.1350342517385059,0.13503425173743847,0.13503425173951697,0.13503425174157146,0.13503425173951697,0.13503425173743847,0.13503425173614206,0.13503425173743847,0.1350342517385059,0.13503425173743847,0.13503425173614206
0.16533248793960542,0.1653324879396052,0.1653324879396052,0.1653324879396052,0.16533248793960542,0.1653324879396052,0.16533248793960492,0.16533248793960492,0.16533248793960492,0.1653324879396052,0.1653324879396052,0.16533248793960492,0.1653324879396047,0.16533248793960492,0.1653324879396052,0.1653324879396052,0.16533248793960492,0.16533248793960492,0.16533248793960492,0.1653324879396052,0.16533248793960542,0.1653324879396052,0.1653324879396052,0.1653324879396052,0.16533248793960542,0.16375749421774038,0.1637574942177399,0.1637574942177397,0.1637574942177399,0.16375749421774038,0.1637574942177399,0.16375749421773944,0.16375749421773925,0.16375749421773944,0.1637574942177399,0.1637574942177397,0.16375749421773925,0.16375749421773897,0.16375749421773925,0.1637574942177397,0.1637574942177399,0.16375749421773944,0.16375749421773925,0.16375749421773944,0.1637574942177399,0.16375749421774038,0.1637574942177399,0.1637574942177397,0.1637574942177399,0.16375749421774038,0.16221388442783097,0.16221388442782958,0.1622138844278287,0.16221388442782958,0.16221388442783097,0.16221388442782958,0.16221388442782825,0.1622138844278271,0.16221388442782825,0.16221388442782958,0.1622138844278287,0.1622138844278271,0.1622138844278262,0.16221388442782733,0.1622138844278287,0.16221388442782958,0.16221388442782825,0.16221388442782733,0.16221388442782825,0.16221388442782958,0.16221388442783097,0.16221388442782958,0.1622138844278287,0.16221388442782958,0.16221388442783097,0.16070106752691943,0.1607010675269152,0.16070106752691254,0.1607010675269152,0.16070106752691943,0.1607010675269152,0.16070106752691055,0.16070106752690766,0.16070106752691055,0.1607010675269152,0.16070106752691254,0.16070106752690766,0.16070106752690433,0.16070106752690766,0.16070106752691254,0.1607010675269152,0.16070106752691055,0.16070106752690766,0.16070106752691055,0.1607010675269152,0.16070106752691943,0.1607010675269152,0.16070106752691254,0.1607010675269152,0.16070106752691943,0.15921845188998957,0.15921845188997674,0.15921845188996847,0.15921845188997674,0.15921845188998957,0.15921845188997674,0.15921845188996236,0.15921845188995257,0.15921845188996236,0.15921845188997674,0.15921845188996847,0.15921845188995257,0.1592184518899417,0.15921845188995257,0.15921845188996847,0.15921845188997674,0.15921845188996236,0.15921845188995257,0.15921845188996236,0.15921845188997674,0.15921845188998957,0.15921845188997674,0.15921845188996847,0.15921845188997674,0.15921845188998957,0.1577654466618256,0.15776544666178827,0.1577654466617633,0.15776544666178827,0.1577654466618256,0.15776544666178827,0.15776544666174322,0.15776544666171186,0.15776544666174322,0.15776544666178827,0.1577654466617633,0.15776544666171186,0.15776544666167538,0.15776544666171186,0.1577654466617633,0.15776544666178827,0.15776544666174322,0.15776544666171186,0.15776544666174322,0.15776544666178827,0.1577654466618256,0.15776544666178827,0.1577654466617633,0.15776544666178827,0.1577654466618256,0.15634146297135706,0.15634146297125126,0.15634146297117746,0.15634146297125126,0.15634146297135706,0.15634146297125126,0.1563414629711145,0.15634146297101226,0.1563414629711145,0.15634146297125126,0.15634146297117746,0.15634146297101226,0.15634146297088197,0.15634146297101226,0.15634146297117746,0.15634146297125126,0.1563414629711145,0.15634146297101226,0.1563414629711145,0.15634146297125126,0.15634146297135706,0.15634146297125126,0.15634146297117746,0.15634146297125126,0.15634146297135706,0.15494591501877747,0.15494591501849198,0.15494591501827806,0.15494591501849198,0.15494591501877747,0.15494591501849198,0.1549459150180852,0.15494591501774338,0.1549459150180852,0.15494591501849198,0.15494591501827806,0.15494591501774338,0.15494591501724192,0.15494591501774338,0.15494591501827806,0.15494591501849198,0.1549459150180852,0.15494591501774338,0.1549459150180852,0.15494591501849198,0.15494591501877747,0.15494591501849198,0.15494591501827806,0.15494591501849198,0.15494591501877747,0.15357822104519095,0.15357822104447774,0.15357822104388505,0.15357822104447774,0.15357822104519095,0.15357822104447774,0.1535782210433215,0.1535782210421606,0.1535782210433215,0.15357822104447774,0.15357822104388505,0.1535782210421606,0.15357822104001884,0.1535782210421606,0.15357822104388505,0.15357822104447774,0.1535782210433215,0.1535782210421606,0.1535782210433215,0.15357822104447774,0.15357822104519095,0.15357822104447774,0.15357822104388505,0.15357822104447774,0.15357822104519095,0.15223780419399846,0.15223780419244598,0.1522378041909533,0.15223780419244598,0.15223780419399846,0.15223780419244598,0.15223780418946345,0.1522378041855946,0.15223780418946345,0.15223780419244598,0.1522378041909533,0.1522378041855946,0.15223780417525498,0.1522378041855946,0.1522378041909533,0.15223780419244598,0.15223780418946345,0.1522378041855946,0.15223780418946345,0.15223780419244598,0.15223780419399846,0.15223780419244598,0.1522378041909533,0.15223780419244598,0.15223780419399846,0.15092409327255318,0.15092409326995976,0.15092409326698303,0.15092409326995976,0.15092409327255318,0.15092409326995976,0.15092409326391693,0.15092409325277004,0.15092409326391693,0.15092409326995976,0.15092409326698303,0.15092409325277004,0.15092409319626995,0.15092409325277004,0.15092409326698303,0.15092409326995976,0.15092409326391693,0.15092409325277004,0.15092409326391693,0.15092409326995976,0.15092409327255318,0.15092409326995976,0.15092409326698303,0.15092409326995976,0.15092409327255318,0.14963652342132736,0.14963652341895814,0.14963652341637146,0.14963652341895814,0.14963652342132736,0.14963652341895814,0.14963652341372127,0.14963652340497896,0.14963652341372127,0.14963652341895814,0.14963652341637146,0.14963652340497896,0.14963652336693986,0.14963652340497896,0.14963652341637146,0.14963652341895814,0.14963652341372127,0.14963652340497896,0.14963652341372127,0.14963652341895814,0.14963652342132736,0.14963652341895814,0.14963652341637146,0.14963652341895814,0.14963652342132736,0.14837453669630865,0.14837453669490683,0.1483745366935048,0.14837453669490683,0.14837453669630865,0.14837453669490683,0.14837453669209463,0.14837453668800477,0.14837453669209463,0.14837453669490683,0.1483745366935048,0.14837453668800477,0.14837453667283032,0.14837453668800477,0.1483745366935048,0.14837453669490683,0.14837453669209463,0.14837453668800477,0.14837453669209463,0.14837453669490683,0.14837453669630865,0.14837453669490683,0.1483745366935048,0.14837453669490683,0.14837453669630865,0.14713758257838164,0.1471375825779689,0.1471375825776472,0.1471375825779689,0.14713758257838164,0.1471375825779689,0.147137582577348,0.14713758257685064,0.147137582577348,0.1471375825779689,0.1471375825776472,0.14713758257685064,0.14713758257681828,0.14713758257685064,0.1471375825776472,0.1471375825779689,0.147137582577348,0.14713758257685064,0.147137582577348,0.1471375825779689,0.14713758257838164,0.1471375825779689,0.1471375825776472,0.1471375825779689,0.14713758257838164,0.14592511841262545,0.14592511841291017,0.14592511841329336,0.14592511841291017,0.14592511841262545,0.14592511841291017,0.14592511841370595,0.14592511841530104,0.14592511841370595,0.14592511841291017,0.14592511841329336,0.14592511841530104,0.1459251184231487,0.14592511841530104,0.14592511841329336,0.14592511841291017,0.14592511841370595,0.14592511841530104,0.14592511841370595,0.14592511841291017,0.14592511841262545,0.14592511841291017,0.14592511841329336,0.14592511841291017,0.14592511841262545,0.14473660978241149,0.1447366097830669,0.14473660978380648,0.1447366097830669,0.14473660978241149,0.1447366097830669,0.14473660978457137,0.1447366097871828,0.14473660978457137,0.1447366097830669,0.14473660978380648,0.1447366097871828,0.14473660979907663,0.1447366097871828,0.14473660978380648,0.1447366097830669,0.14473660978457137,0.1447366097871828,0.14473660978457137,0.1447366097830669,0.14473660978241149,0.1447366097830669,0.14473660978380648,0.1447366097830669,0.14473660978241149,0.14357153082425217,0.1435715308249965,0.14357153082577917,0.1435715308249965,0.14357153082425217,0.1435715308249965,0.14357153082657415,0.1435715308290878,0.14357153082657415,0.1435715308249965,0.14357153082577917,0.1435715308290878,0.14357153083968774,0.14357153082908797,0.14357153082577917,0.1435715308249965,0.14357153082657415,0.14357153082908797,0.14357153082657415,0.1435715308249965,0.14357153082425217,0.1435715308249965,0.14357153082577917,0.1435715308249965,0.14357153082425217,0.14242936448909255,0.14242936448979676,0.14242936449049143,0.14242936448979676,0.14242936448909255,0.14242936448979676,0.14242936449118476,0.14242936449320215,0.14242936449118476,0.14242936448979676,0.14242936449049143,0.14242936449320215,0.14242936450084995,0.14242936449320215,0.14242936449049143,0.14242936448979676,0.14242936449118476,0.14242936449320215,0.14242936449118476,0.14242936448979676,0.14242936448909255,0.14242936448979676,0.14242936449049143,0.14242936448979676,0.14242936448909255,0.14130960275488186,0.1413096027555759,0.14130960275624166,0.1413096027555759,0.14130960275488186,0.1413096027555759,0.1413096027568969,0.14130960275879256,0.1413096027568969,0.1413096027555759,0.14130960275624166,0.14130960275879256,0.14130960276619844,0.14130960275879256,0.14130960275624166,0.1413096027555759,0.1413096027568969,0.14130960275879256,0.1413096027568969,0.1413096027555759,0.14130960275488186,0.1413096027555759,0.14130960275624166,0.1413096027555759,0.14130960275488186,0.14021174679515544,0.14021174679593879,0.14021174679665138,0.14021174679593879,0.14021174679515544,0.14021174679593879,0.14021174679734041,0.14021174679921888,0.14021174679734041,0.14021174679593879,0.14021174679665138,0.14021174679921888,0.1402117468064038,0.14021174679921888,0.14021174679665138,0.14021174679593879,0.14021174679734041,0.14021174679921888,0.14021174679734041,0.14021174679593879,0.14021174679515544,0.14021174679593879,0.14021174679665138,0.14021174679593879,0.14021174679515544,0.13913530710802166,0.13913530710913952,0.13913530711009467,0.13913530710913952,0.13913530710802166,0.13913530710913952,0.13913530711101393,0.1391353071129859,0.13913530711101393,0.13913530710913952,0.13913530711009467,0.1391353071129859,0.1391353071169727,0.1391353071129859,0.13913530711009467,0.13913530710913952,0.13913530711101393,0.1391353071129859,0.13913530711101393,0.13913530710913952,0.13913530710802166,0.13913530710913952,0.13913530711009467,0.13913530710913952,0.13913530710802166,0.13807980360906516,0.13807980361106303,0.13807980361301886,0.13807980361106303,0.13807980360906516,0.13807980361106303,0.13807980361498307,0.13807980362019343,0.13807980361498307,0.13807980361106303,0.13807980361301886,0.13807980362019343,0.13807980363448247,0.13807980362019343,0.13807980361301886,0.13807980361106303,0.13807980361498307,0.13807980362019343,0.13807980361498307,0.13807980361106303,0.13807980360906516,0.13807980361106303,0.13807980361301886,0.13807980361106303,0.13807980360906516,0.13704476569156354,0.1370447656945747,0.13704476569817986,0.1370447656945747,0.13704476569156354,0.1370447656945747,0.1370447657019073,0.13704476571647425,0.1370447657019073,0.1370447656945747,0.13704476569817986,0.13704476571647425,0.13704476579678784,0.13704476571647425,0.13704476569817986,0.1370447656945747,0.1370447657019073,0.13704476571647425,0.1370447657019073,0.1370447656945747,0.13704476569156354,0.1370447656945747,0.13704476569817986,0.1370447656945747,0.13704476569156354,0.13602973225908097,0.13602973226115445,0.13602973226317364,0.13602973226115445,0.13602973225908097,0.13602973226115445,0.13602973226519446,0.13602973227056916,0.13602973226519446,0.13602973226115445,0.13602973226317364,0.13602973227056916,0.13602973228542983,0.13602973227056916,0.13602973226317364,0.13602973226115445,0.13602973226519446,0.13602973227056916,0.13602973226519446,0.13602973226115445,0.13602973225908097,0.13602973226115445,0.13602973226317364,0.13602973226115445,0.13602973225908097,0.13503425173544129,0.13503425173673392,0.13503425173779807,0.13503425173673392,0.13503425173544129,0.13503425173673392,0.13503425173880623,0.13503425174085462,0.13503425173880623,0.13503425173673392,0.13503425173779807,0.13503425174085462,0.1350342517445698,0.13503425174085462,0.13503425173779807,0.13503425173673392,0.13503425173880623,0.13503425174085462,0.13503425173880623,0.13503425173673392,0.13503425173544129,0.13503425173673392,0.13503425173779807,0.13503425173673392,0.13503425173544129
0.16533248794013192,0.16533248794013167,0.16533248794013167,0.16533248794013167,0.16533248794013192,0.16533248794013167,0.16533248794013145,0.16533248794013145,0.16533248794013145,0.16533248794013167,0.16533248794013167,0.16533248794013145,0.16533248794013117,0.16533248794013145,0.16533248794013167,0.16533248794013167,0.16533248794013145,0.16533248794013145,0.16533248794013145,0.16533248794013167,0.16533248794013192,0.16533248794013167,0.16533248794013167,0.16533248794013167,0.16533248794013192,0.1637574942182564,0.16375749421825592,0.1637574942182557,0.16375749421825592,0.1637574942182564,0.16375749421825592,0.16375749421825544,0.16375749421825497,0.16375749421825544,0.16375749421825592,0.1637574942182557,0.16375749421825497,0.16375749421825475,0.16375749421825497,0.1637574942182557,0.16375749421825592,0.16375749421825544,0.16375749421825497,0.16375749421825544,0.16375749421825592,0.1637574942182564,0.16375749421825592,0.1637574942182557,0.16375749421825592,0.1637574942182564,0.16221388442833645,0.1622138844283351,0.16221388442833418,0.1622138844283351,0.16221388442833645,0.1622138844283351,0.1622138844283335,0.1622138844283326,0.1622138844283335,0.1622138844283351,0.16221388442833418,0.1622138844283326,0.1622138844283317,0.1622138844283326,0.16221388442833418,0.1622138844283351,0.1622138844283335,0.1622138844283326,0.1622138844283335,0.1622138844283351,0.16221388442833645,0.1622138844283351,0.16221388442833418,0.1622138844283351,0.16221388442833645,0.16070106752741437,0.16070106752741017,0.1607010675274075,0.16070106752741017,0.16070106752741437,0.16070106752741017,0.1607010675274055,0.16070106752740237,0.1607010675274055,0.16070106752741017,0.1607010675274075,0.16070106752740237,0.1607010675273993,0.16070106752740237,0.1607010675274075,0.16070106752741017,0.1607010675274055,0.16070106752740237,0.1607010675274055,0.16070106752741017,0.16070106752741437,0.16070106752741017,0.1607010675274075,0.16070106752741017,0.16070106752741437,0.159218451890474,0.15921845189046138,0.1592184518904531,0.15921845189046138,0.159218451890474,0.15921845189046138,0.15921845189044678,0.1592184518904372,0.15921845189044678,0.15921845189046138,0.1592184518904531,0.1592184518904372,0.15921845189042633,0.1592184518904372,0.1592184518904531,0.15921845189046138,0.15921845189044678,0.1592184518904372,0.15921845189044678,0.15921845189046138,0.159218451890474,0.15921845189046138,0.1592184518904531,0.15921845189046138,0.159218451890474,0.1577654466622995,0.15776544666226236,0.15776544666223763,0.15776544666226236,0.1577654466622995,0.15776544666226236,0.15776544666221776,0.15776544666218661,0.15776544666221776,0.15776544666226236,0.15776544666223763,0.15776544666218661,0.15776544666215014,0.15776544666218661,0.15776544666223763,0.15776544666226236,0.15776544666221776,0.15776544666218661,0.15776544666221776,0.15776544666226236,0.1577654466622995,0.15776544666226236,0.15776544666223763,0.15776544666226236,0.1577654466622995,0.15634146297182003,0.15634146297171508,0.15634146297164167,0.15634146297171508,0.15634146297182003,0.15634146297171508,0.15634146297157894,0.1563414629714773,0.15634146297157894,0.15634146297171508,0.15634146297164167,0.1563414629714773,0.15634146297134785,0.1563414629714773,0.15634146297164167,0.15634146297171508,0.15634146297157894,0.1563414629714773,0.15634146297157894,0.15634146297171508,0.15634146297182003,0.15634146297171508,0.15634146297164167,0.15634146297171508,0.15634146297182003,0.15494591501922853,0.15494591501894467,0.15494591501873198,0.15494591501894467,0.15494591501922853,0.15494591501894467,0.15494591501854035,0.15494591501820038,0.15494591501854035,0.15494591501894467,0.15494591501873198,0.15494591501820038,0.15494591501770197,0.15494591501820038,0.15494591501873198,0.15494591501894467,0.15494591501854035,0.15494591501820038,0.15494591501854035,0.15494591501894467,0.15494591501922853,0.15494591501894467,0.15494591501873198,0.15494591501894467,0.15494591501922853,0.15357822104562616,0.1535782210449174,0.1535782210443283,0.1535782210449174,0.15357822104562616,0.1535782210449174,0.15357822104376817,0.15357822104261412,0.15357822104376817,0.1535782210449174,0.1535782210443283,0.15357822104261412,0.15357822104048477,0.15357822104261412,0.1535782210443283,0.1535782210449174,0.15357822104376817,0.15357822104261412,0.15357822104376817,0.1535782210449174,0.15357822104562616,0.1535782210449174,0.1535782210443283,0.1535782210449174,0.15357822104562616,0.15223780419440905,0.15223780419286642,0.15223780419138264,0.15223780419286642,0.15223780419440905,0.15223780419286642,0.1522378041899018,0.15223780418605595,0.1522378041899018,0.15223780419286642,0.15223780419138264,0.15223780418605595,0.15223780417577565,0.15223780418605595,0.15223780419138264,0.15223780419286642,0.1522378041899018,0.15223780418605595,0.1522378041899018,0.15223780419286642,0.15223780419440905,0.15223780419286642,0.15223780419138264,0.15223780419286642,0.15223780419440905,0.15092409327291917,0.15092409327034234,0.1509240932673845,0.15092409327034234,0.15092409327291917,0.15092409327034234,0.1509240932643377,0.15092409325325792,0.1509240932643377,0.15092409327034234,0.1509240932673845,0.15092409325325792,0.15092409319707925,0.15092409325325792,0.1509240932673845,0.15092409327034234,0.1509240932643377,0.15092409325325792,0.1509240932643377,0.15092409327034234,0.15092409327291917,0.15092409327034234,0.1509240932673845,0.15092409327034234,0.15092409327291917,0.14963652342161304,0.14963652341926142,0.14963652341669423,0.14963652341926142,0.14963652342161304,0.14963652341926142,0.14963652341406466,0.14963652340539307,0.14963652341406466,0.14963652341926142,0.14963652341669423,0.14963652340539307,0.14963652336767483,0.14963652340539307,0.14963652341669423,0.14963652341926142,0.14963652341406466,0.14963652340539307,0.14963652341406466,0.14963652341926142,0.14963652342161304,0.14963652341926142,0.14963652341669423,0.14963652341926142,0.14963652342161304,0.14837453669647713,0.1483745366950855,0.1483745366936946,0.1483745366950855,0.14837453669647713,0.1483745366950855,0.14837453669229572,0.14837453668824255,0.14837453669229572,0.1483745366950855,0.1483745366936946,0.14837453668824255,0.1483745366732477,0.14837453668824255,0.1483745366936946,0.1483745366950855,0.14837453669229572,0.14837453668824255,0.14837453669229572,0.1483745366950855,0.14837453669647713,0.1483745366950855,0.1483745366936946,0.1483745366950855,0.14837453669647713,0.14713758257840998,0.14713758257799764,0.14713758257767554,0.14713758257799764,0.14713758257840998,0.14713758257799764,0.14713758257737564,0.14713758257687187,0.14713758257737564,0.14713758257799764,0.14713758257767554,0.14713758257687187,0.14713758257675963,0.14713758257687187,0.14713758257767554,0.14713758257799764,0.14713758257737564,0.14713758257687187,0.14713758257737564,0.14713758257799764,0.14713758257840998,0.14713758257799764,0.14713758257767554,0.14713758257799764,0.14713758257840998,0.14592511841251096,0.1459251184127887,0.14592511841316408,0.1459251184127887,0.14592511841251096,0.1459251184127887,0.14592511841356848,0.1459251184151356,0.14592511841356848,0.1459251184127887,0.14592511841316408,0.1459251184151356,0.14592511842286202,0.1459251184151356,0.14592511841316408,0.1459251184127887,0.14592511841356848,0.1459251184151356,0.14592511841356848,0.1459251184127887,0.14592511841251096,0.1459251184127887,0.14592511841316408,0.1459251184127887,0.14592511841251096,0.1447366097821664,0.14473660978281086,0.1447366097835384,0.14473660978281086,0.1447366097821664,0.14473660978281086,0.14473660978429087,0.1447366097868604,0.14473660978429087,0.14473660978281086,0.1447366097835384,0.1447366097868604,0.14473660979857672,0.1447366097868604,0.1447366097835384,0.14473660978281086,0.14473660978429087,0.1447366097868604,0.14473660978429087,0.14473660978281086,0.1447366097821664,0.14473660978281086,0.1447366097835384,0.14473660978281086,0.1447366097821664,0.14357153082389745,0.14357153082463064,0.14357153082540117,0.14357153082463064,0.14357153082389745,0.14357153082463064,0.14357153082618387,0.14357153082865765,0.14357153082618387,0.14357153082463064,0.14357153082540117,0.14357153082865765,0.14357153083906624,0.14357153082865765,0.14357153082540117,0.14357153082463064,0.14357153082618387,0.14357153082865765,0.14357153082618387,0.14357153082463064,0.14357153082389745,0.14357153082463064,0.14357153082540117,0.14357153082463064,0.14357153082389745,0.14242936448865,0.1424293644893452,0.14242936449003096,0.1424293644893452,0.14242936448865,0.1424293644893452,0.1424293644907154,0.14242936449270746,0.1424293644907154,0.1424293644893452,0.14242936449003096,0.14242936449270746,0.14242936450026383,0.14242936449270746,0.14242936449003096,0.1424293644893452,0.1424293644907154,0.14242936449270746,0.1424293644907154,0.1424293644893452,0.14242936448865,0.1424293644893452,0.14242936449003096,0.1424293644893452,0.14242936448865,0.14130960275436857,0.14130960275505555,0.14130960275571458,0.14130960275505555,0.14130960275436857,0.14130960275505555,0.14130960275636287,0.14130960275823878,0.14130960275636287,0.14130960275505555,0.14130960275571458,0.14130960275823878,0.14130960276553384,0.14130960275823878,0.14130960275571458,0.14130960275505555,0.14130960275636287,0.14130960275823878,0.14130960275636287,0.14130960275505555,0.14130960275436857,0.14130960275505555,0.14130960275571458,0.14130960275505555,0.14130960275436857,0.14021174679458476,0.1402117467953625,0.1402117467960696,0.1402117467953625,0.14021174679458476,0.1402117467953625,0.1402117467967533,0.1402117467986156,0.1402117467967533,0.1402117467953625,0.1402117467960696,0.1402117467986156,0.1402117468057309,0.1402117467986156,0.1402117467960696,0.1402117467953625,0.1402117467967533,0.1402117467986156,0.1402117467967533,0.1402117467953625,0.14021174679458476,0.1402117467953625,0.1402117467960696,0.1402117467953625,0.14021174679458476,0.1391353071074047,0.13913530710851751,0.1391353071094684,0.13913530710851751,0.1391353071074047,0.13913530710851751,0.13913530711038355,0.13913530711234637,0.13913530711038355,0.13913530710851751,0.1391353071094684,0.13913530711234637,0.13913530711631322,0.13913530711234637,0.1391353071094684,0.13913530710851751,0.13913530711038355,0.13913530711234637,0.13913530711038355,0.13913530710851751,0.1391353071074047,0.13913530710851751,0.1391353071094684,0.13913530710851751,0.1391353071074047,0.13807980360841104,0.13807980361040237,0.13807980361235217,0.13807980361040237,0.13807980360841104,0.13807980361040237,0.1380798036143102,0.13807980361950456,0.1380798036143102,0.13807980361040237,0.13807980361235217,0.13807980361950456,0.13807980363375116,0.13807980361950456,0.13807980361235217,0.13807980361040237,0.1380798036143102,0.13807980361950456,0.1380798036143102,0.13807980361040237,0.13807980360841104,0.13807980361040237,0.13807980361235217,0.13807980361040237,0.13807980360841104,0.13704476569088497,0.13704476569388718,0.137044765697482,0.13704476569388718,0.13704476569088497,0.13704476569388718,0.13704476570119847,0.1370447657157238,0.13704476570119847,0.13704476569388718,0.137044765697482,0.1370447657157238,0.1370447657958116,0.1370447657157238,0.137044765697482,0.13704476569388718,0.13704476570119847,0.1370447657157238,0.13704476570119847,0.13704476569388718,0.13704476569088497,0.13704476569388718,0.137044765697482,0.13704476569388718,0.13704476569088497,0.13602973225839568,0.13602973226046317,0.13602973226247658,0.13602973226046317,0.13602973225839568,0.13602973226046317,0.13602973226449158,0.13602973226985077,0.13602973226449158,0.13602973226046317,0.13602973226247658,0.13602973226985077,0.1360297322846691,0.13602973226985077,0.13602973226247658,0.13602973226046317,0.13602973226449158,0.13602973226985077,0.13602973226449158,0.13602973226046317,0.13602973225839568,0.13602973226046317,0.13602973226247658,0.13602973226046317,0.13602973225839568,0.13503425173476155,0.13503425173605035,0.13503425173711162,0.13503425173605035,0.13503425173476155,0.13503425173605035,0.13503425173811687,0.1350342517401594,0.13503425173811687,0.13503425173605035,0.13503425173711162,0.1350342517401594,0.1350342517438639,0.1350342517401594,0.13503425173711162,0.13503425173605035,0.13503425173811687,0.1350342517401594,0.13503425173811687,0.13503425173605035,0.13503425173476155,0.13503425173605035,0.13503425173711162,0.13503425173605035,0.13503425173476155
0.16533248794064234,0.16533248794064234,0.16533248794064212,0.16533248794064234,0.16533248794064234,0.16533248794064234,0.16533248794064212,0.1653324879406419,0.16533248794064212,0.16533248794064234,0.16533248794064212,0.1653324879406419,0.1653324879406419,0.1653324879406419,0.16533248794064212,0.16533248794064234,0.16533248794064212,0.1653324879406419,0.16533248794064212,0.16533248794064234,0.16533248794064234,0.16533248794064234,0.16533248794064212,0.16533248794064234,0.16533248794064234,0.16375749421875666,0.16375749421875618,0.163757494218756,0.16375749421875618,0.16375749421875666,0.16375749421875618,0.16375749421875577,0.16375749421875527,0.16375749421875577,0.16375749421875618,0.163757494218756,0.16375749421875527,0.16375749421875502,0.16375749421875527,0.163757494218756,0.16375749421875618,0.16375749421875577,0.16375749421875527,0.16375749421875577,0.16375749421875618,0.16375749421875666,0.16375749421875618,0.163757494218756,0.16375749421875618,0.16375749421875666,0.16221388442882653,0.16221388442882517,0.16221388442882426,0.16221388442882517,0.16221388442882653,0.16221388442882517,0.1622138844288236,0.16221388442882265,0.1622138844288236,0.16221388442882517,0.16221388442882426,0.16221388442882265,0.16221388442882176,0.16221388442882265,0.16221388442882426,0.16221388442882517,0.1622138844288236,0.16221388442882265,0.1622138844288236,0.16221388442882517,0.16221388442882653,0.16221388442882517,0.16221388442882426,0.16221388442882517,0.16221388442882653,0.16070106752789423,0.16070106752789,0.16070106752788738,0.16070106752789,0.16070106752789423,0.16070106752789,0.16070106752788535,0.16070106752788244,0.16070106752788557,0.16070106752789,0.16070106752788738,0.16070106752788244,0.16070106752787935,0.16070106752788244,0.16070106752788738,0.16070106752789,0.16070106752788557,0.16070106752788244,0.16070106752788557,0.16070106752789,0.16070106752789423,0.16070106752789,0.16070106752788738,0.16070106752789,0.16070106752789423,0.15921845189094383,0.1592184518909312,0.15921845189092315,0.1592184518909312,0.15921845189094383,0.1592184518909312,0.15921845189091685,0.15921845189090728,0.15921845189091685,0.1592184518909312,0.15921845189092315,0.15921845189090728,0.1592184518908966,0.15921845189090728,0.15921845189092315,0.1592184518909312,0.15921845189091685,0.15921845189090728,0.15921845189091685,0.1592184518909312,0.15921845189094383,0.1592184518909312,0.15921845189092315,0.1592184518909312,0.15921845189094383,0.15776544666275907,0.1577654466627222,0.15776544666269765,0.1577654466627222,0.15776544666275907,0.1577654466627222,0.1577654466626778,0.15776544666264686,0.1577654466626778,0.1577654466627222,0.15776544666269765,0.15776544666264686,0.15776544666261055,0.15776544666264686,0.15776544666269765,0.1577654466627222,0.1577654466626778,0.15776544666264686,0.1577654466626778,0.1577654466627222,0.15776544666275907,0.1577654466627222,0.15776544666269765,0.1577654466627222,0.15776544666275907,0.1563414629722692,0.15634146297216486,0.15634146297209187,0.15634146297216486,0.1563414629722692,0.15634146297216486,0.15634146297202955,0.15634146297192836,0.15634146297202955,0.15634146297216486,0.15634146297209187,0.15634146297192836,0.15634146297179954,0.15634146297192836,0.15634146297209187,0.15634146297216486,0.15634146297202955,0.15634146297192836,0.15634146297202955,0.15634146297216486,0.1563414629722692,0.15634146297216486,0.15634146297209187,0.15634146297216486,0.1563414629722692,0.15494591501966581,0.15494591501938365,0.15494591501917235,0.15494591501938365,0.15494591501966581,0.15494591501938365,0.15494591501898178,0.15494591501864385,0.15494591501898178,0.15494591501938365,0.15494591501917235,0.15494591501864385,0.1549459150181481,0.15494591501864385,0.15494591501917235,0.15494591501938365,0.15494591501898178,0.15494591501864385,0.15494591501898178,0.15494591501938365,0.15494591501966581,0.15494591501938365,0.15494591501917235,0.15494591501938365,0.15494591501966581,0.15357822104604835,0.15357822104534377,0.1535782210447581,0.15357822104534377,0.15357822104604835,0.15357822104534377,0.15357822104420138,0.15357822104305396,0.15357822104420138,0.15357822104534377,0.1535782210447581,0.15357822104305396,0.1535782210409365,0.15357822104305396,0.1535782210447581,0.15357822104534377,0.15357822104420138,0.15357822104305396,0.15357822104420138,0.15357822104534377,0.15357822104604835,0.15357822104534377,0.1535782210447581,0.15357822104534377,0.15357822104604835,0.15223780419480745,0.15223780419327407,0.15223780419179933,0.15223780419327407,0.15223780419480745,0.15223780419327407,0.15223780419032718,0.15223780418650357,0.15223780419032718,0.15223780419327407,0.15223780419179933,0.15223780418650357,0.15223780417628033,0.15223780418650357,0.15223780419179933,0.15223780419327407,0.15223780419032718,0.15223780418650357,0.15223780419032718,0.15223780419327407,0.15223780419480745,0.15223780419327407,0.15223780419179933,0.15223780419327407,0.15223780419480745,0.15092409327327413,0.1509240932707137,0.15092409326777398,0.1509240932707137,0.15092409327327413,0.1509240932707137,0.15092409326474593,0.15092409325373116,0.15092409326474593,0.1509240932707137,0.15092409326777398,0.15092409325373116,0.15092409319783587,0.15092409325373116,0.15092409326777398,0.1509240932707137,0.15092409326474593,0.15092409325373116,0.15092409326474593,0.1509240932707137,0.15092409327327413,0.1509240932707137,0.15092409326777398,0.1509240932707137,0.15092409327327413,0.14963652342189043,0.14963652341955563,0.14963652341700756,0.14963652341955563,0.14963652342189043,0.14963652341955563,0.14963652341439765,0.1496365234057947,0.14963652341439765,0.14963652341955563,0.14963652341700756,0.1496365234057947,0.14963652336840225,0.1496365234057947,0.14963652341700756,0.14963652341955563,0.14963652341439765,0.1496365234057947,0.14963652341439765,0.14963652341955563,0.14963652342189043,0.14963652341955563,0.14963652341700756,0.14963652341955563,0.14963652342189043,0.14837453669664077,0.14837453669525932,0.14837453669387918,0.14837453669525932,0.14837453669664077,0.14837453669525932,0.14837453669249123,0.14837453668847367,0.14837453669249123,0.14837453669525932,0.14837453669387918,0.14837453668847367,0.14837453667364356,0.14837453668847367,0.14837453669387918,0.14837453669525932,0.14837453669249123,0.14837453668847367,0.14837453669249123,0.14837453669525932,0.14837453669664077,0.14837453669525932,0.14837453669387918,0.14837453669525932,0.14837453669664077,0.14713758257843795,0.14713758257802614,0.1471375825777035,0.14713758257802614,0.14713758257843795,0.14713758257802614,0.14713758257740306,0.1471375825768937,0.14713758257740306,0.14713758257802614,0.1471375825777035,0.1471375825768937,0.14713758257676232,0.1471375825768937,0.1471375825777035,0.14713758257802614,0.14713758257740306,0.1471375825768937,0.14713758257740306,0.14713758257802614,0.14713758257843795,0.14713758257802614,0.1471375825777035,0.14713758257802614,0.14713758257843795,0.14592511841240036,0.14592511841267158,0.14592511841303926,0.14592511841267158,0.14592511841240036,0.14592511841267158,0.1459251184134358,0.14592511841497624,0.1459251184134358,0.14592511841267158,0.14592511841303926,0.14592511841497624,0.14592511842259864,0.14592511841497624,0.14592511841303926,0.14592511841267158,0.1459251184134358,0.14592511841497624,0.1459251184134358,0.14592511841267158,0.14592511841240036,0.14592511841267158,0.14592511841303926,0.14592511841267158,0.14592511841240036,0.1447366097819292,0.144736609782563,0.14473660978327865,0.144736609782563,0.1447366097819292,0.144736609782563,0.1447366097840191,0.14473660978654815,0.1447366097840191,0.144736609782563,0.14473660978327865,0.14473660978654815,0.14473660979808992,0.14473660978654815,0.14473660978327865,0.144736609782563,0.1447366097840191,0.14473660978654815,0.1447366097840191,0.144736609782563,0.1447366097819292,0.144736609782563,0.14473660978327865,0.144736609782563,0.1447366097819292,0.1435715308235535,0.14357153082427576,0.14357153082503465,0.14357153082427576,0.1435715308235535,0.14357153082427576,0.1435715308258055,0.14357153082824045,0.1435715308258055,0.14357153082427576,0.14357153082503465,0.14357153082824045,0.14357153083848018,0.14357153082824045,0.14357153082503465,0.14357153082427576,0.1435715308258055,0.14357153082824045,0.1435715308258055,0.14357153082427576,0.1435715308235535,0.14357153082427576,0.14357153082503465,0.14357153082427576,0.1435715308235535,0.14242936448822074,0.14242936448890703,0.1424293644895844,0.14242936448890703,0.14242936448822074,0.14242936448890703,0.1424293644902601,0.1424293644922275,0.1424293644902601,0.14242936448890703,0.1424293644895844,0.1424293644922275,0.1424293644996913,0.1424293644922275,0.1424293644895844,0.14242936448890703,0.1424293644902601,0.1424293644922275,0.1424293644902601,0.14242936448890703,0.14242936448822074,0.14242936448890703,0.1424293644895844,0.14242936448890703,0.14242936448822074,0.14130960275387042,0.14130960275455062,0.1413096027552029,0.14130960275455062,0.14130960275387042,0.14130960275455062,0.14130960275584464,0.14130960275770132,0.14130960275584464,0.14130960275455062,0.1413096027552029,0.14130960275770132,0.141309602764934,0.14130960275770132,0.1413096027552029,0.14130960275455062,0.14130960275584464,0.14130960275770132,0.14130960275584464,0.14130960275455062,0.14130960275387042,0.14130960275455062,0.1413096027552029,0.14130960275455062,0.14130960275387042,0.14021174679403103,0.14021174679480328,0.14021174679550505,0.14021174679480328,0.14021174679403103,0.14021174679480328,0.14021174679618342,0.1402117467980301,0.14021174679618342,0.14021174679480328,0.14021174679550505,0.1402117467980301,0.14021174680507395,0.1402117467980301,0.14021174679550505,0.14021174679480328,0.14021174679618342,0.1402117467980301,0.14021174679618342,0.14021174679480328,0.14021174679403103,0.14021174679480328,0.14021174679550505,0.14021174679480328,0.14021174679403103,0.1391353071068058,0.13913530710791383,0.13913530710886046,0.13913530710791383,0.1391353071068058,0.13913530710791383,0.13913530710977165,0.13913530711172545,0.13913530710977165,0.13913530710791383,0.13913530710886046,0.13913530711172545,0.13913530711567287,0.13913530711172545,0.13913530710886046,0.13913530710791383,0.13913530710977165,0.13913530711172545,0.13913530710977165,0.13913530710791383,0.1391353071068058,0.13913530710791383,0.13913530710886046,0.13913530710791383,0.1391353071068058,0.138079803607776,0.13807980360976113,0.13807980361170488,0.13807980360976113,0.138079803607776,0.13807980360976113,0.13807980361365702,0.13807980361883587,0.13807980361365688,0.13807980360976113,0.13807980361170488,0.13807980361883587,0.13807980363304123,0.13807980361883587,0.13807980361170488,0.13807980360976113,0.13807980361365688,0.13807980361883587,0.13807980361365688,0.13807980360976113,0.138079803607776,0.13807980360976113,0.13807980361170488,0.13807980360976113,0.138079803607776,0.1370447656902262,0.13704476569321988,0.13704476569680452,0.13704476569321988,0.1370447656902262,0.13704476569321988,0.1370447657005105,0.13704476571499505,0.1370447657005105,0.13704476569321988,0.13704476569680452,0.13704476571499505,0.137044765794846,0.13704476571499505,0.13704476569680452,0.13704476569321988,0.1370447657005105,0.13704476571499505,0.1370447657005105,0.13704476569321988,0.1370447656902262,0.13704476569321988,0.13704476569680452,0.13704476569321988,0.1370447656902262,0.1360297322577305,0.13602973225979204,0.13602973226179976,0.13602973225979204,0.1360297322577305,0.13602973225979204,0.13602973226380927,0.1360297322691534,0.13602973226380927,0.13602973225979204,0.13602973226179976,0.1360297322691534,0.13602973228393056,0.1360297322691534,0.13602973226179976,0.13602973225979204,0.13602973226380927,0.1360297322691534,0.13602973226380927,0.13602973225979204,0.1360297322577305,0.13602973225979204,0.13602973226179976,0.13602973225979204,0.1360297322577305,0.13503425173410158,0.13503425173538688,0.13503425173644507,0.13503425173538688,0.13503425173410158,0.13503425173538688,0.13503425173744754,0.13503425173948422,0.13503425173744754,0.13503425173538688,0.13503425173644507,0.13503425173948422,0.1350342517431785,0.13503425173948422,0.13503425173644507,0.13503425173538688,0.13503425173744754,0.13503425173948422,0.13503425173744754,0.13503425173538688,0.13503425173410158,0.13503425173538688,0.13503425173644507,0.13503425173538688,0.13503425173410158
0.16533248794113817,0.16533248794113792,0.16533248794113767,0.16533248794113792,0.16533248794113817,0.16533248794113792,0.16533248794113767,0.16533248794113745,0.16533248794113767,0.16533248794113792,0.16533248794113767,0.16533248794113745,0.16533248794113745,0.16533248794113745,0.16533248794113767,0.16533248794113792,0.16533248794113767,0.16533248794113745,0.16533248794113767,0.16533248794113792,0.16533248794113817,0.16533248794113792,0.16533248794113767,0.16533248794113792,0.16533248794113817,0.16375749421924216,0.16375749421924168,0.16375749421924146,0.16375749421924168,0.16375749421924216,0.16375749421924168,0.1637574942192412,0.163757494219241,0.1637574942192412,0.16375749421924168,0.16375749421924146,0.163757494219241,0.16375749421924074,0.163757494219241,0.16375749421924146,0.16375749421924168,0.1637574942192412,0.163757494219241,0.1637574942192412,0.16375749421924168,0.16375749421924216,0.16375749421924168,0.16375749421924146,0.16375749421924168,0.16375749421924216,0.1622138844293021,0.16221388442930074,0.16221388442929982,0.16221388442930074,0.1622138844293021,0.16221388442930074,0.16221388442929938,0.1622138844292985,0.16221388442929938,0.16221388442930074,0.16221388442929982,0.1622138844292985,0.16221388442929735,0.1622138844292985,0.16221388442929982,0.16221388442930074,0.16221388442929938,0.1622138844292985,0.16221388442929938,0.16221388442930074,0.1622138844293021,0.16221388442930074,0.16221388442929982,0.16221388442930074,0.1622138844293021,0.1607010675283601,0.16070106752835586,0.1607010675283532,0.16070106752835586,0.1607010675283601,0.16070106752835586,0.16070106752835145,0.1607010675283483,0.16070106752835145,0.16070106752835586,0.1607010675283532,0.1607010675283483,0.1607010675283452,0.1607010675283483,0.1607010675283532,0.16070106752835586,0.16070106752835145,0.1607010675283483,0.16070106752835145,0.16070106752835586,0.1607010675283601,0.16070106752835586,0.1607010675283532,0.16070106752835586,0.1607010675283601,0.15921845189139974,0.1592184518913873,0.15921845189137926,0.1592184518913873,0.15921845189139974,0.1592184518913873,0.15921845189137293,0.15921845189136338,0.15921845189137293,0.1592184518913873,0.15921845189137926,0.15921845189136338,0.1592184518913527,0.15921845189136338,0.15921845189137926,0.1592184518913873,0.15921845189137293,0.15921845189136338,0.15921845189137293,0.1592184518913873,0.15921845189139974,0.1592184518913873,0.15921845189137926,0.1592184518913873,0.15921845189139974,0.15776544666320524,0.15776544666316875,0.15776544666314424,0.15776544666316875,0.15776544666320524,0.15776544666316875,0.1577654466631246,0.15776544666309364,0.1577654466631246,0.15776544666316875,0.15776544666314424,0.15776544666309364,0.1577654466630578,0.15776544666309364,0.15776544666314424,0.15776544666316875,0.1577654466631246,0.15776544666309364,0.1577654466631246,0.15776544666316875,0.15776544666320524,0.15776544666316875,0.15776544666314424,0.15776544666316875,0.15776544666320524,0.15634146297270518,0.15634146297260126,0.1563414629725289,0.15634146297260126,0.15634146297270518,0.15634146297260126,0.15634146297246682,0.15634146297236645,0.15634146297246682,0.15634146297260126,0.1563414629725289,0.15634146297236645,0.15634146297223825,0.15634146297236645,0.1563414629725289,0.15634146297260126,0.15634146297246682,0.15634146297236645,0.15634146297246682,0.15634146297260126,0.15634146297270518,0.15634146297260126,0.1563414629725289,0.15634146297260126,0.15634146297270518,0.15494591502009045,0.1549459150198099,0.15494591501959987,0.1549459150198099,0.15494591502009045,0.1549459150198099,0.1549459150194103,0.1549459150190742,0.1549459150194103,0.1549459150198099,0.15494591501959987,0.1549459150190742,0.15494591501858132,0.1549459150190742,0.15494591501959987,0.1549459150198099,0.1549459150194103,0.1549459150190742,0.1549459150194103,0.1549459150198099,0.15494591502009045,0.1549459150198099,0.15494591501959987,0.1549459150198099,0.15494591502009045,0.15357822104645846,0.1535782210457579,0.15357822104517568,0.1535782210457579,0.15357822104645846,0.1535782210457579,0.15357822104462196,0.15357822104348096,0.15357822104462196,0.1535782210457579,0.15357822104517568,0.15357822104348096,0.1535782210413753,0.15357822104348096,0.15357822104517568,0.1535782210457579,0.15357822104462196,0.15357822104348096,0.15357822104462196,0.1535782210457579,0.15357822104645846,0.1535782210457579,0.15357822104517568,0.1535782210457579,0.15357822104645846,0.15223780419519423,0.1522378041936701,0.15223780419220384,0.1522378041936701,0.15223780419519423,0.1522378041936701,0.15223780419074034,0.15223780418693802,0.15223780419074034,0.1522378041936701,0.15223780419220384,0.15223780418693802,0.15223780417677044,0.15223780418693802,0.15223780419220384,0.1522378041936701,0.15223780419074034,0.15223780418693802,0.15223780419074034,0.1522378041936701,0.15223780419519423,0.1522378041936701,0.15223780419220384,0.1522378041936701,0.15223780419519423,0.1509240932736189,0.15092409327107428,0.1509240932681521,0.15092409327107428,0.1509240932736189,0.15092409327107428,0.1509240932651424,0.1509240932541905,0.1509240932651424,0.15092409327107428,0.1509240932681521,0.1509240932541905,0.15092409319864597,0.1509240932541905,0.1509240932681521,0.15092409327107428,0.1509240932651424,0.1509240932541905,0.1509240932651424,0.15092409327107428,0.1509240932736189,0.15092409327107428,0.1509240932681521,0.15092409327107428,0.1509240932736189,0.1496365234221599,0.14963652341984152,0.14963652341731215,0.14963652341984152,0.1496365234221599,0.14963652341984152,0.14963652341472117,0.14963652340618458,0.14963652341472117,0.14963652341984152,0.14963652341731215,0.14963652340618458,0.1496365233690939,0.14963652340618458,0.14963652341731215,0.14963652341984152,0.14963652341472117,0.14963652340618458,0.14963652341472117,0.14963652341984152,0.1496365234221599,0.14963652341984152,0.14963652341731215,0.14963652341984152,0.1496365234221599,0.14837453669680037,0.14837453669542855,0.14837453669405876,0.14837453669542855,0.14837453669680037,0.14837453669542855,0.14837453669268158,0.14837453668869863,0.14837453669268158,0.14837453669542855,0.14837453669405876,0.14837453668869863,0.14837453667400827,0.14837453668869863,0.14837453669405876,0.14837453669542855,0.14837453669268158,0.14837453668869863,0.14837453669268158,0.14837453669542855,0.14837453669680037,0.14837453669542855,0.14837453669405876,0.14837453669542855,0.14837453669680037,0.14713758257846574,0.1471375825780543,0.1471375825777315,0.1471375825780543,0.14713758257846574,0.1471375825780543,0.14713758257743048,0.14713758257691584,0.14713758257743048,0.1471375825780543,0.1471375825777315,0.14713758257691584,0.14713758257671547,0.14713758257691584,0.1471375825777315,0.1471375825780543,0.14713758257743048,0.14713758257691584,0.14713758257743048,0.1471375825780543,0.14713758257846574,0.1471375825780543,0.1471375825777315,0.1471375825780543,0.14713758257846574,0.14592511841229372,0.14592511841255834,0.1459251184129189,0.14592511841255834,0.14592511841229372,0.14592511841255834,0.14592511841330777,0.14592511841482275,0.14592511841330777,0.14592511841255834,0.1459251184129189,0.14592511841482275,0.14592511842233527,0.14592511841482275,0.1459251184129189,0.14592511841255834,0.14592511841330777,0.14592511841482275,0.14592511841330777,0.14592511841255834,0.14592511841229372,0.14592511841255834,0.1459251184129189,0.14592511841255834,0.14592511841229372,0.1447366097816993,0.1447366097823228,0.1447366097830271,0.1447366097823228,0.1447366097816993,0.1447366097823228,0.14473660978375585,0.14473660978624564,0.14473660978375585,0.1447366097823228,0.1447366097830271,0.14473660978624564,0.14473660979759576,0.14473660978624564,0.1447366097830271,0.1447366097823228,0.14473660978375585,0.14473660978624564,0.1447366097837557,0.1447366097823228,0.1447366097816993,0.1447366097823228,0.1447366097830271,0.1447366097823228,0.1447366097816993,0.14357153082322,0.14357153082393165,0.14357153082467908,0.14357153082393165,0.14357153082322,0.14357153082393165,0.14357153082543833,0.1435715308278356,0.14357153082543833,0.14357153082393165,0.14357153082467908,0.1435715308278356,0.14357153083792337,0.1435715308278356,0.14357153082467908,0.14357153082393165,0.14357153082543833,0.1435715308278356,0.14357153082543833,0.14357153082393165,0.14357153082322,0.14357153082393165,0.14357153082467908,0.14357153082393165,0.14357153082322,0.14242936448780405,0.14242936448848192,0.14242936448915078,0.14242936448848192,0.14242936448780405,0.14242936448848192,0.14242936448981808,0.14242936449176166,0.14242936448981808,0.14242936448848192,0.14242936448915078,0.14242936449176166,0.14242936449913554,0.14242936449176166,0.14242936448915078,0.14242936448848192,0.14242936448981808,0.14242936449176166,0.14242936448981808,0.14242936448848192,0.14242936448780405,0.14242936448848192,0.14242936448915078,0.14242936448848192,0.14242936448780405,0.14130960275338686,0.14130960275406054,0.14130960275470622,0.14130960275406054,0.14130960275338686,0.14130960275406054,0.14130960275534155,0.1413096027571796,0.14130960275534155,0.14130960275406054,0.14130960275470622,0.1413096027571796,0.14130960276435264,0.1413096027571796,0.14130960275470622,0.14130960275406054,0.14130960275534155,0.1413096027571796,0.14130960275534155,0.14130960275406054,0.14130960275338686,0.14130960275406054,0.14130960275470622,0.14130960275406054,0.14130960275338686,0.1402117467934934,0.14021174679426016,0.14021174679495677,0.14021174679426016,0.1402117467934934,0.14021174679426016,0.14021174679563017,0.1402117467974615,0.14021174679563017,0.14021174679426016,0.14021174679495677,0.1402117467974615,0.1402117468044433,0.1402117467974615,0.14021174679495677,0.14021174679426016,0.14021174679563017,0.1402117467974615,0.14021174679563017,0.14021174679426016,0.1402117467934934,0.14021174679426016,0.14021174679495677,0.14021174679426016,0.1402117467934934,0.1391353071062241,0.1391353071073274,0.13913530710827007,0.1391353071073274,0.1391353071062241,0.1391353071073274,0.13913530710917732,0.1391353071111224,0.13913530710917732,0.1391353071073274,0.13913530710827007,0.1391353071111224,0.139135307115051,0.1391353071111224,0.13913530710827007,0.1391353071073274,0.13913530710917732,0.1391353071111224,0.13913530710917732,0.1391353071073274,0.1391353071062241,0.1391353071073274,0.13913530710827007,0.1391353071073274,0.1391353071062241,0.13807980360715924,0.13807980360913832,0.1380798036110762,0.13807980360913832,0.13807980360715924,0.13807980360913832,0.1380798036130224,0.13807980361818625,0.1380798036130224,0.13807980360913832,0.1380798036110762,0.13807980361818625,0.13807980363235145,0.13807980361818625,0.1380798036110762,0.13807980360913832,0.1380798036130224,0.13807980361818625,0.1380798036130224,0.13807980360913832,0.13807980360715924,0.13807980360913832,0.1380798036110762,0.13807980360913832,0.13807980360715924,0.13704476568958626,0.1370447656925716,0.13704476569614618,0.1370447656925716,0.13704476568958626,0.1370447656925716,0.13704476569984197,0.13704476571428698,0.13704476569984197,0.1370447656925716,0.13704476569614618,0.13704476571428698,0.13704476579393635,0.13704476571428698,0.13704476569614618,0.1370447656925716,0.13704476569984197,0.13704476571428698,0.13704476569984197,0.1370447656925716,0.13704476568958626,0.1370447656925716,0.13704476569614618,0.1370447656925716,0.13704476568958626,0.13602973225708426,0.13602973225914014,0.13602973226114234,0.13602973225914014,0.13602973225708426,0.13602973225914014,0.13602973226314635,0.13602973226847587,0.13602973226314635,0.13602973225914014,0.13602973226114234,0.13602973226847587,0.13602973228321277,0.13602973226847587,0.13602973226114234,0.13602973225914014,0.13602973226314635,0.13602973226847587,0.13602973226314635,0.13602973225914014,0.13602973225708426,0.13602973225914014,0.13602973226114234,0.13602973225914014,0.13602973225708426,0.13503425173346045,0.1350342517347421,0.13503425173579753,0.13503425173474223,0.13503425173346045,0.1350342517347421,0.1350342517367972,0.13503425173882846,0.1350342517367972,0.13503425173474223,0.13503425173579753,0.13503425173882846,0.13503425174251268,0.13503425173882846,0.13503425173579753,0.13503425173474223,0.1350342517367972,0.13503425173882846,0.1350342517367972,0.13503425173474223,0.13503425173346045,0.13503425173474223,0.13503425173579753,0.13503425173474223,0.13503425173346045
0.1653324879416196,0.16533248794161934,0.16533248794161934,0.16533248794161934,0.1653324879416196,0.16533248794161934,0.1653324879416191,0.1653324879416191,0.1653324879416191,0.16533248794161934,0.16533248794161934,0.1653324879416191,0.16533248794161887,0.1653324879416191,0.16533248794161934,0.16533248794161934,0.1653324879416191,0.1653324879416191,0.1653324879416191,0.16533248794161934,0.1653324879416196,0.16533248794161934,0.16533248794161934,0.16533248794161934,0.1653324879416196,0.16375749421971397,0.1637574942197135,0.16375749421971328,0.1637574942197135,0.16375749421971397,0.1637574942197135,0.16375749421971306,0.16375749421971283,0.16375749421971306,0.1637574942197135,0.16375749421971328,0.16375749421971283,0.16375749421971258,0.16375749421971283,0.16375749421971328,0.1637574942197135,0.16375749421971306,0.16375749421971283,0.16375749421971306,0.1637574942197135,0.16375749421971397,0.1637574942197135,0.16375749421971328,0.1637574942197135,0.16375749421971397,0.16221388442976428,0.16221388442976292,0.162213884429762,0.16221388442976292,0.16221388442976428,0.16221388442976292,0.1622138844297616,0.16221388442976067,0.1622138844297616,0.16221388442976292,0.162213884429762,0.16221388442976067,0.1622138844297595,0.16221388442976067,0.162213884429762,0.16221388442976292,0.1622138844297616,0.16221388442976067,0.1622138844297616,0.16221388442976292,0.16221388442976428,0.16221388442976292,0.162213884429762,0.16221388442976292,0.16221388442976428,0.1607010675288126,0.1607010675288086,0.16070106752880597,0.1607010675288086,0.1607010675288126,0.1607010675288086,0.16070106752880395,0.16070106752880106,0.16070106752880395,0.1607010675288086,0.16070106752880597,0.16070106752880106,0.16070106752879795,0.16070106752880106,0.16070106752880597,0.1607010675288086,0.16070106752880395,0.16070106752880106,0.16070106752880395,0.1607010675288086,0.1607010675288126,0.1607010675288086,0.16070106752880597,0.1607010675288086,0.1607010675288126,0.159218451891843,0.1592184518918306,0.15921845189182254,0.1592184518918306,0.159218451891843,0.1592184518918306,0.15921845189181624,0.1592184518918069,0.15921845189181624,0.1592184518918306,0.15921845189182254,0.1592184518918069,0.1592184518917962,0.1592184518918069,0.15921845189182254,0.1592184518918306,0.15921845189181624,0.1592184518918069,0.15921845189181624,0.1592184518918306,0.159218451891843,0.1592184518918306,0.15921845189182254,0.1592184518918306,0.159218451891843,0.15776544666363881,0.15776544666360254,0.15776544666357822,0.15776544666360254,0.15776544666363881,0.15776544666360254,0.15776544666355857,0.15776544666352788,0.15776544666355857,0.15776544666360254,0.15776544666357822,0.15776544666352788,0.15776544666349201,0.15776544666352788,0.15776544666357822,0.15776544666360254,0.15776544666355857,0.15776544666352788,0.15776544666355857,0.15776544666360254,0.15776544666363881,0.15776544666360254,0.15776544666357822,0.15776544666360254,0.15776544666363881,0.15634146297312884,0.15634146297302554,0.1563414629729536,0.15634146297302554,0.15634146297312884,0.15634146297302554,0.15634146297289192,0.15634146297279194,0.15634146297289192,0.15634146297302554,0.1563414629729536,0.15634146297279194,0.15634146297266463,0.15634146297279194,0.1563414629729536,0.15634146297302554,0.15634146297289192,0.15634146297279194,0.15634146297289192,0.15634146297302554,0.15634146297312884,0.15634146297302554,0.1563414629729536,0.15634146297302554,0.15634146297312884,0.1549459150205032,0.15494591502022428,0.15494591502001526,0.15494591502022428,0.1549459150205032,0.15494591502022428,0.1549459150198267,0.15494591501949248,0.1549459150198267,0.15494591502022428,0.15494591502001526,0.15494591501949248,0.15494591501900226,0.15494591501949248,0.15494591502001526,0.15494591502022428,0.1549459150198267,0.15494591501949248,0.1549459150198267,0.15494591502022428,0.1549459150205032,0.15494591502022428,0.15494591502001526,0.15494591502022428,0.1549459150205032,0.15357822104685692,0.1535782210461604,0.1535782210455814,0.1535782210461604,0.15357822104685692,0.1535782210461604,0.15357822104503066,0.1535782210438961,0.15357822104503066,0.1535782210461604,0.1535782210455814,0.1535782210438961,0.1535782210418015,0.1535782210438961,0.1535782210455814,0.1535782210461604,0.15357822104503066,0.1535782210438961,0.15357822104503066,0.1535782210461604,0.15357822104685692,0.1535782210461604,0.1535782210455814,0.1535782210461604,0.15357822104685692,0.1522378041955702,0.15223780419405472,0.15223780419259694,0.15223780419405472,0.1522378041955702,0.15223780419405472,0.1522378041911417,0.15223780418736022,0.1522378041911417,0.15223780419405472,0.15223780419259694,0.15223780418736022,0.1522378041772466,0.15223780418736022,0.15223780419259694,0.15223780419405472,0.1522378041911417,0.15223780418736022,0.1522378041911417,0.15223780419405472,0.1522378041955702,0.15223780419405472,0.15223780419259694,0.15223780419405472,0.1522378041955702,0.15092409327395398,0.15092409327142478,0.1509240932685198,0.15092409327142478,0.15092409327395398,0.15092409327142478,0.15092409326552764,0.15092409325463713,0.15092409326552764,0.15092409327142478,0.1509240932685198,0.15092409325463713,0.15092409319936304,0.15092409325463713,0.1509240932685198,0.15092409327142478,0.15092409326552764,0.15092409325463713,0.15092409326552764,0.15092409327142478,0.15092409327395398,0.15092409327142478,0.1509240932685198,0.15092409327142478,0.15092409327395398,0.14963652342242215,0.1496365234201195,0.14963652341760808,0.1496365234201195,0.14963652342242215,0.1496365234201195,0.14963652341503578,0.14963652340656333,0.14963652341503578,0.1496365234201195,0.14963652341760808,0.14963652340656333,0.14963652336977443,0.14963652340656333,0.14963652341760808,0.1496365234201195,0.14963652341503578,0.14963652340656333,0.14963652341503578,0.1496365234201195,0.14963652342242215,0.1496365234201195,0.14963652341760808,0.1496365234201195,0.14963652342242215,0.14837453669695566,0.1483745366955933,0.1483745366942337,0.1483745366955933,0.14837453669695566,0.1483745366955933,0.1483745366928669,0.1483745366889177,0.1483745366928669,0.1483745366955933,0.1483745366942337,0.1483745366889177,0.14837453667435763,0.1483745366889177,0.1483745366942337,0.1483745366955933,0.1483745366928669,0.1483745366889177,0.1483745366928669,0.1483745366955933,0.14837453669695566,0.1483745366955933,0.1483745366942337,0.1483745366955933,0.14837453669695566,0.14713758257849316,0.14713758257808246,0.14713758257775927,0.14713758257808246,0.14713758257849316,0.14713758257808246,0.1471375825774581,0.14713758257693854,0.1471375825774581,0.14713758257808246,0.14713758257775927,0.14713758257693854,0.14713758257671855,0.14713758257693854,0.14713758257775927,0.14713758257808246,0.1471375825774581,0.14713758257693854,0.1471375825774581,0.14713758257808246,0.14713758257849316,0.14713758257808246,0.14713758257775927,0.14713758257808246,0.14713758257849316,0.1459251184121906,0.14592511841244918,0.14592511841280262,0.14592511841244918,0.1459251184121906,0.14592511841244918,0.14592511841318423,0.14592511841467443,0.14592511841318423,0.14592511841244918,0.14592511841280262,0.14592511841467443,0.14592511842206857,0.14592511841467443,0.14592511841280262,0.14592511841244918,0.14592511841318423,0.14592511841467443,0.14592511841318423,0.14592511841244918,0.1459251184121906,0.14592511841244918,0.14592511841280262,0.14592511841244918,0.1459251184121906,0.14473660978147626,0.1447366097820898,0.14473660978278313,0.1447366097820898,0.14473660978147626,0.1447366097820898,0.1447366097835005,0.1447366097859524,0.1447366097835005,0.1447366097820898,0.14473660978278313,0.1447366097859524,0.14473660979713635,0.1447366097859524,0.14473660978278313,0.1447366097820898,0.1447366097835005,0.1447366097859524,0.1447366097835005,0.1447366097820898,0.14473660978147626,0.1447366097820898,0.14473660978278313,0.1447366097820898,0.14473660978147626,0.14357153082289625,0.14357153082359747,0.14357153082433394,0.14357153082359747,0.14357153082289625,0.14357153082359747,0.14357153082508203,0.14357153082744253,0.14357153082508203,0.14357153082359747,0.14357153082433394,0.14357153082744253,0.1435715308373772,0.14357153082744253,0.14357153082433394,0.14357153082359747,0.14357153082508203,0.14357153082744253,0.14357153082508203,0.14357153082359747,0.14357153082289625,0.14357153082359747,0.14357153082433394,0.14357153082359747,0.14357153082289625,0.14242936448739926,0.14242936448806895,0.1424293644887297,0.14242936448806895,0.14242936448739926,0.14242936448806895,0.1424293644893888,0.14242936449130908,0.1424293644893888,0.14242936448806895,0.1424293644887297,0.14242936449130908,0.14242936449859286,0.14242936449130908,0.1424293644887297,0.14242936448806895,0.1424293644893888,0.14242936449130908,0.1424293644893888,0.14242936448806895,0.14242936448739926,0.14242936448806895,0.1424293644887297,0.14242936448806895,0.14242936448739926,0.14130960275291718,0.14130960275358423,0.1413096027542237,0.14130960275358423,0.14130960275291718,0.14130960275358423,0.1413096027548526,0.1413096027566724,0.1413096027548526,0.14130960275358423,0.1413096027542237,0.1413096027566724,0.1413096027637818,0.1413096027566724,0.1413096027542237,0.14130960275358423,0.1413096027548526,0.1413096027566724,0.1413096027548526,0.14130960275358423,0.14130960275291718,0.14130960275358423,0.1413096027542237,0.14130960275358423,0.14130960275291718,0.1402117467929708,0.14021174679373238,0.14021174679442386,0.14021174679373238,0.1402117467929708,0.14021174679373238,0.14021174679509224,0.14021174679690893,0.14021174679509224,0.14021174679373238,0.14021174679442386,0.14021174679690893,0.1402117468038326,0.14021174679690893,0.14021174679442386,0.14021174679373238,0.14021174679509224,0.14021174679690893,0.14021174679509224,0.14021174679373238,0.1402117467929708,0.14021174679373238,0.14021174679442386,0.14021174679373238,0.1402117467929708,0.1391353071056587,0.13913530710675742,0.13913530710769612,0.13913530710675742,0.1391353071056587,0.13913530710675742,0.13913530710859956,0.1391353071105363,0.13913530710859956,0.13913530710675742,0.13913530710769612,0.1391353071105363,0.13913530711444638,0.1391353071105363,0.13913530710769612,0.13913530710675742,0.13913530710859956,0.1391353071105363,0.13913530710859956,0.13913530710675742,0.1391353071056587,0.13913530710675742,0.13913530710769612,0.13913530710675742,0.1391353071056587,0.1380798036065597,0.13807980360853275,0.13807980361046487,0.13807980360853275,0.1380798036065597,0.13807980360853275,0.13807980361240554,0.13807980361755476,0.13807980361240554,0.13807980360853275,0.13807980361046487,0.13807980361755476,0.1380798036316806,0.13807980361755476,0.13807980361046487,0.13807980360853275,0.13807980361240554,0.13807980361755476,0.13807980361240554,0.13807980360853275,0.1380798036065597,0.13807980360853275,0.13807980361046487,0.13807980360853275,0.1380798036065597,0.13704476568896412,0.1370447656919412,0.13704476569550625,0.1370447656919412,0.13704476568896412,0.1370447656919412,0.13704476569919213,0.13704476571359855,0.137044765699192,0.1370447656919412,0.13704476569550625,0.13704476571359855,0.13704476579304556,0.13704476571359855,0.13704476569550625,0.1370447656919412,0.137044765699192,0.13704476571359855,0.137044765699192,0.1370447656919412,0.13704476568896412,0.1370447656919412,0.13704476569550625,0.1370447656919412,0.13704476568896412,0.13602973225645595,0.13602973225850631,0.13602973226050313,0.13602973225850631,0.13602973225645595,0.13602973225850631,0.13602973226250176,0.1360297322678171,0.13602973226250176,0.13602973225850631,0.13602973226050313,0.1360297322678171,0.13602973228251494,0.1360297322678171,0.13602973226050313,0.13602973225850631,0.13602973226250176,0.1360297322678171,0.13602973226250176,0.13602973225850631,0.13602973225645595,0.13602973225850631,0.13602973226050313,0.13602973225850631,0.13602973225645595,0.13503425173283717,0.13503425173411546,0.13503425173516795,0.13503425173411546,0.13503425173283717,0.13503425173411546,0.135034251736165,0.13503425173819072,0.135034251736165,0.13503425173411546,0.13503425173516795,0.13503425173819072,0.13503425174186512,0.13503425173819072,0.13503425173516795,0.13503425173411546,0.135034251736165,0.13503425173819072,0.135034251736165,0.13503425173411546,0.13503425173283717,0.13503425173411546,0.13503425173516795,0.13503425173411546,0.13503425173283717
0.16533248794208752,0.1653324879420873,0.16533248794208708,0.1653324879420873,0.16533248794208752,0.1653324879420873,0.16533248794208708,0.16533248794208683,0.16533248794208708,0.1653324879420873,0.16533248794208708,0.16533248794208683,0.16533248794208683,0.16533248794208683,0.16533248794208708,0.1653324879420873,0.16533248794208708,0.16533248794208683,0.16533248794208708,0.1653324879420873,0.16533248794208752,0.1653324879420873,0.16533248794208708,0.1653324879420873,0.16533248794208752,0.16375749422017238,0.1637574942201719,0.16375749422017166,0.1637574942201719,0.16375749422017238,0.1637574942201719,0.16375749422017144,0.16375749422017122,0.16375749422017144,0.1637574942201719,0.16375749422017166,0.16375749422017122,0.163757494220171,0.16375749422017122,0.16375749422017166,0.1637574942201719,0.16375749422017144,0.16375749422017122,0.16375749422017144,0.16375749422017216,0.16375749422017238,0.1637574942201719,0.16375749422017166,0.16375749422017216,0.16375749422017238,0.16221388443021356,0.16221388443021223,0.1622138844302113,0.16221388443021223,0.16221388443021356,0.16221388443021223,0.16221388443021062,0.1622138844302097,0.16221388443021062,0.16221388443021223,0.1622138844302113,0.1622138844302097,0.16221388443020882,0.1622138844302097,0.1622138844302113,0.16221388443021223,0.16221388443021062,0.1622138844302097,0.16221388443021062,0.16221388443021223,0.16221388443021356,0.16221388443021223,0.1622138844302113,0.16221388443021223,0.16221388443021356,0.1607010675292527,0.16070106752924848,0.16070106752924584,0.16070106752924848,0.1607010675292527,0.16070106752924848,0.16070106752924404,0.16070106752924113,0.16070106752924404,0.16070106752924848,0.16070106752924584,0.16070106752924113,0.1607010675292378,0.16070106752924113,0.16070106752924584,0.16070106752924848,0.16070106752924404,0.16070106752924113,0.16070106752924404,0.16070106752924848,0.1607010675292527,0.16070106752924848,0.16070106752924584,0.16070106752924848,0.1607010675292527,0.15921845189227363,0.15921845189226125,0.15921845189225317,0.15921845189226125,0.15921845189227363,0.15921845189226125,0.1592184518922471,0.15921845189223774,0.1592184518922471,0.15921845189226125,0.15921845189225317,0.15921845189223774,0.15921845189222705,0.15921845189223774,0.15921845189225317,0.15921845189226125,0.1592184518922471,0.15921845189223774,0.1592184518922471,0.15921845189226125,0.15921845189227363,0.15921845189226125,0.15921845189225317,0.15921845189226125,0.15921845189227363,0.15776544666406042,0.15776544666402414,0.15776544666400005,0.15776544666402414,0.15776544666406042,0.15776544666402414,0.1577654466639804,0.1577654466639499,0.1577654466639804,0.15776544666402414,0.15776544666400005,0.1577654466639499,0.15776544666391426,0.1577654466639499,0.15776544666400005,0.15776544666402414,0.1577654466639804,0.1577654466639499,0.1577654466639804,0.15776544666402414,0.15776544666406042,0.15776544666402414,0.15776544666400005,0.15776544666402414,0.15776544666406042,0.15634146297354076,0.1563414629734381,0.15634146297336637,0.1563414629734381,0.15634146297354076,0.1563414629734381,0.15634146297330512,0.15634146297320559,0.15634146297330512,0.1563414629734381,0.15634146297336637,0.15634146297320559,0.15634146297307885,0.15634146297320559,0.15634146297336637,0.1563414629734381,0.15634146297330512,0.15634146297320559,0.15634146297330512,0.1563414629734381,0.15634146297354076,0.1563414629734381,0.15634146297336637,0.1563414629734381,0.15634146297354076,0.15494591502090443,0.154945915020627,0.15494591502041916,0.154945915020627,0.15494591502090443,0.154945915020627,0.15494591502023167,0.15494591501989924,0.15494591502023167,0.154945915020627,0.15494591502041916,0.15494591501989924,0.15494591501941152,0.15494591501989924,0.15494591502041916,0.154945915020627,0.15494591502023167,0.15494591501989924,0.15494591502023167,0.154945915020627,0.15494591502090443,0.154945915020627,0.15494591502041916,0.154945915020627,0.15494591502090443,0.15357822104724436,0.15357822104655164,0.15357822104597585,0.15357822104655164,0.15357822104724436,0.15357822104655164,0.15357822104542812,0.1535782210442996,0.15357822104542812,0.15357822104655164,0.15357822104597585,0.1535782210442996,0.15357822104221605,0.1535782210442996,0.15357822104597585,0.15357822104655164,0.15357822104542812,0.1535782210442996,0.15357822104542812,0.15357822104655164,0.15357822104724436,0.15357822104655164,0.15357822104597585,0.15357822104655164,0.15357822104724436,0.15223780419593594,0.15223780419442912,0.1522378041929792,0.15223780419442912,0.15223780419593594,0.15223780419442912,0.15223780419153202,0.15223780418777083,0.15223780419153202,0.15223780419442912,0.1522378041929792,0.15223780418777083,0.15223780417770977,0.15223780418777083,0.1522378041929792,0.15223780419442912,0.15223780419153202,0.15223780418777083,0.15223780419153202,0.15223780419442912,0.15223780419593594,0.15223780419442912,0.1522378041929792,0.15223780419442912,0.15223780419593594,0.15092409327428002,0.1509240932717657,0.15092409326887748,0.1509240932717657,0.15092409327428002,0.1509240932717657,0.15092409326590248,0.1509240932550712,0.15092409326590248,0.1509240932717657,0.15092409326887748,0.1509240932550712,0.1509240932000755,0.1509240932550712,0.15092409326887748,0.1509240932717657,0.15092409326590248,0.1509240932550712,0.15092409326590248,0.1509240932717657,0.15092409327428002,0.1509240932717657,0.15092409326887748,0.1509240932717657,0.15092409327428002,0.14963652342267722,0.14963652342039024,0.14963652341789627,0.14963652342039024,0.14963652342267722,0.14963652342039024,0.14963652341534173,0.14963652340693184,0.14963652341534173,0.14963652342039024,0.14963652341789627,0.14963652340693184,0.14963652337041938,0.14963652340693184,0.14963652341789627,0.14963652342039024,0.14963652341534173,0.14963652340693184,0.14963652341534173,0.14963652342039024,0.14963652342267722,0.14963652342039024,0.14963652341789627,0.14963652342039024,0.14963652342267722,0.14837453669710723,0.14837453669575415,0.1483745366944044,0.14837453669575415,0.14837453669710723,0.14837453669575415,0.1483745366930478,0.1483745366891312,0.1483745366930478,0.14837453669575415,0.1483745366944044,0.1483745366891312,0.14837453667471048,0.1483745366891312,0.1483745366944044,0.14837453669575415,0.1483745366930478,0.1483745366891312,0.1483745366930478,0.14837453669575415,0.14837453669710723,0.14837453669575415,0.1483745366944044,0.14837453669575415,0.14837453669710723,0.1471375825785206,0.1471375825781104,0.14713758257778725,0.1471375825781104,0.1471375825785206,0.1471375825781104,0.14713758257748571,0.1471375825769616,0.14713758257748571,0.1471375825781104,0.14713758257778725,0.1471375825769616,0.14713758257669932,0.1471375825769616,0.14713758257778725,0.1471375825781104,0.14713758257748571,0.1471375825769616,0.14713758257748571,0.1471375825781104,0.1471375825785206,0.1471375825781104,0.14713758257778725,0.1471375825781104,0.1471375825785206,0.1459251184120909,0.1459251184123436,0.14592511841269026,0.1459251184123436,0.1459251184120909,0.1459251184123436,0.1459251184130649,0.14592511841453126,0.1459251184130649,0.1459251184123436,0.14592511841269026,0.14592511841453126,0.14592511842183334,0.14592511841453126,0.14592511841269026,0.1459251184123436,0.1459251184130649,0.14592511841453126,0.1459251184130649,0.1459251184123436,0.1459251184120909,0.1459251184123436,0.14592511841269026,0.1459251184123436,0.1459251184120909,0.14473660978126016,0.14473660978186392,0.14473660978254657,0.14473660978186392,0.14473660978126016,0.14473660978186392,0.14473660978325298,0.14473660978566788,0.14473660978325298,0.14473660978186392,0.14473660978254657,0.14473660978566788,0.1447366097966736,0.14473660978566788,0.14473660978254657,0.14473660978186392,0.14473660978325298,0.14473660978566788,0.14473660978325298,0.14473660978186392,0.14473660978126016,0.14473660978186392,0.14473660978254657,0.14473660978186392,0.14473660978126016,0.14357153082258192,0.14357153082327304,0.14357153082399873,0.14357153082327304,0.14357153082258192,0.14357153082327304,0.14357153082473573,0.14357153082706045,0.14357153082473573,0.14357153082327304,0.14357153082399873,0.14357153082706045,0.14357153083681953,0.14357153082706045,0.14357153082399873,0.14357153082327304,0.14357153082473573,0.14357153082706045,0.14357153082473573,0.14357153082327304,0.14357153082258192,0.14357153082327304,0.14357153082399873,0.14357153082327304,0.14357153082258192,0.14242936448700608,0.1424293644876675,0.1424293644883204,0.1424293644876675,0.14242936448700608,0.1424293644876675,0.14242936448897162,0.14242936449086904,0.14242936448897162,0.1424293644876675,0.1424293644883204,0.14242936449086904,0.14242936449809515,0.14242936449086904,0.1424293644883204,0.1424293644876675,0.14242936448897162,0.14242936449086904,0.14242936448897162,0.1424293644876675,0.14242936448700608,0.1424293644876675,0.1424293644883204,0.1424293644876675,0.14242936448700608,0.14130960275246043,0.1413096027531211,0.14130960275375445,0.1413096027531211,0.14130960275246043,0.1413096027531211,0.1413096027543773,0.14130960275617935,0.1413096027543773,0.1413096027531211,0.14130960275375445,0.14130960275617935,0.14130960276319232,0.14130960275617935,0.14130960275375445,0.1413096027531211,0.1413096027543773,0.14130960275617935,0.1413096027543773,0.1413096027531211,0.14130960275246043,0.1413096027531211,0.14130960275375445,0.1413096027531211,0.14130960275246043,0.14021174679246268,0.14021174679321913,0.14021174679390572,0.14021174679321913,0.14021174679246268,0.14021174679321913,0.14021174679456927,0.14021174679637147,0.14021174679456927,0.14021174679321913,0.14021174679390572,0.14021174679637147,0.1402117468032405,0.14021174679637147,0.14021174679390572,0.14021174679321913,0.14021174679456927,0.14021174679637147,0.14021174679456927,0.14021174679321913,0.14021174679246268,0.14021174679321913,0.14021174679390572,0.14021174679321913,0.14021174679246268,0.13913530710510877,0.1391353071062031,0.1391353071071378,0.1391353071062031,0.13913530710510877,0.1391353071062031,0.13913530710803765,0.13913530710996594,0.13913530710803765,0.1391353071062031,0.1391353071071378,0.13913530710996594,0.13913530711385821,0.13913530710996594,0.1391353071071378,0.1391353071062031,0.13913530710803765,0.13913530710996594,0.13913530710803765,0.1391353071062031,0.13913530710510877,0.1391353071062031,0.1391353071071378,0.1391353071062031,0.13913530710510877,0.13807980360597644,0.13807980360794375,0.13807980360987043,0.13807980360794375,0.13807980360597644,0.13807980360794375,0.1380798036118055,0.13807980361694033,0.1380798036118055,0.13807980360794375,0.13807980360987043,0.13807980361694033,0.13807980363102815,0.13807980361694033,0.13807980360987043,0.13807980360794375,0.1380798036118055,0.13807980361694033,0.1380798036118055,0.13807980360794375,0.13807980360597644,0.13807980360794375,0.13807980360987043,0.13807980360794375,0.13807980360597644,0.137044765688359,0.13704476569132804,0.13704476569488364,0.13704476569132804,0.137044765688359,0.13704476569132804,0.1370447656985598,0.13704476571292867,0.1370447656985598,0.13704476569132804,0.13704476569488364,0.13704476571292867,0.13704476579214972,0.13704476571292867,0.13704476569488364,0.13704476569132804,0.1370447656985598,0.13704476571292867,0.1370447656985598,0.13704476569132804,0.137044765688359,0.13704476569132804,0.13704476569488364,0.13704476569132804,0.13704476568835885,0.13602973225584475,0.13602973225788975,0.13602973225988121,0.13602973225788975,0.13602973225584475,0.13602973225788975,0.13602973226187462,0.13602973226717624,0.13602973226187462,0.13602973225788975,0.13602973225988121,0.13602973226717624,0.13602973228183576,0.13602973226717624,0.13602973225988121,0.13602973225788975,0.13602973226187462,0.13602973226717624,0.13602973226187462,0.13602973225788975,0.13602973225584475,0.13602973225788975,0.13602973225988121,0.13602973225788975,0.13602973225584475,0.13503425173223077,0.13503425173350567,0.13503425173455538,0.13503425173350567,0.13503425173223077,0.13503425173350567,0.13503425173554995,0.1350342517375704,0.13503425173554995,0.13503425173350567,0.13503425173455538,0.1350342517375704,0.13503425174123523,0.1350342517375704,0.13503425173455552,0.13503425173350567,0.13503425173554995,0.1350342517375704,0.13503425173554995,0.13503425173350567,0.13503425173223077,0.13503425173350567,0.13503425173455552,0.13503425173350567,0.13503425173223077
0.16533248794254277,0.16533248794254252,0.16533248794254252,0.16533248794254252,0.16533248794254277,0.16533248794254252,0.16533248794254227,0.16533248794254227,0.16533248794254227,0.16533248794254252,0.16533248794254252,0.16533248794254227,0.16533248794254202,0.16533248794254227,0.16533248794254252,0.16533248794254252,0.16533248794254227,0.16533248794254227,0.16533248794254227,0.16533248794254252,0.16533248794254277,0.16533248794254252,0.16533248794254252,0.16533248794254252,0.16533248794254277,0.16375749422061853,0.16375749422061808,0.16375749422061783,0.16375749422061808,0.16375749422061853,0.16375749422061808,0.1637574942206176,0.16375749422061736,0.1637574942206176,0.16375749422061808,0.16375749422061783,0.16375749422061736,0.16375749422061717,0.16375749422061736,0.16375749422061783,0.16375749422061808,0.1637574942206176,0.16375749422061736,0.1637574942206176,0.16375749422061808,0.16375749422061853,0.16375749422061808,0.16375749422061783,0.16375749422061808,0.16375749422061853,0.1622138844306506,0.16221388443064927,0.16221388443064833,0.16221388443064927,0.1622138844306506,0.16221388443064927,0.16221388443064766,0.16221388443064674,0.16221388443064766,0.16221388443064927,0.16221388443064833,0.16221388443064674,0.16221388443064583,0.16221388443064674,0.16221388443064833,0.16221388443064927,0.16221388443064766,0.16221388443064674,0.16221388443064766,0.16221388443064927,0.1622138844306506,0.16221388443064927,0.16221388443064833,0.16221388443064927,0.1622138844306506,0.1607010675296808,0.16070106752967658,0.16070106752967392,0.16070106752967658,0.1607010675296808,0.16070106752967658,0.16070106752967214,0.16070106752966923,0.16070106752967214,0.16070106752967658,0.16070106752967392,0.16070106752966923,0.1607010675296659,0.16070106752966923,0.16070106752967392,0.16070106752967658,0.16070106752967214,0.16070106752966923,0.16070106752967214,0.16070106752967658,0.1607010675296808,0.16070106752967658,0.16070106752967392,0.16070106752967658,0.1607010675296808,0.15921845189269276,0.15921845189268033,0.15921845189267253,0.15921845189268033,0.15921845189269276,0.15921845189268033,0.15921845189266642,0.15921845189265682,0.15921845189266642,0.15921845189268033,0.15921845189267253,0.15921845189265682,0.15921845189264636,0.15921845189265682,0.15921845189267253,0.15921845189268033,0.15921845189266642,0.15921845189265682,0.15921845189266642,0.15921845189268033,0.15921845189269276,0.15921845189268033,0.15921845189267253,0.15921845189268033,0.15921845189269276,0.15776544666447032,0.15776544666443446,0.15776544666441034,0.15776544666443446,0.15776544666447032,0.15776544666443446,0.1577654466643909,0.15776544666436063,0.1577654466643909,0.15776544666443446,0.15776544666441034,0.15776544666436063,0.1577654466643252,0.15776544666436063,0.15776544666441034,0.15776544666443446,0.1577654466643909,0.15776544666436063,0.1577654466643909,0.15776544666443446,0.15776544666447032,0.15776544666443446,0.15776544666441034,0.15776544666443446,0.15776544666447032,0.15634146297394141,0.15634146297383938,0.15634146297376808,0.15634146297383938,0.15634146297394141,0.15634146297383938,0.15634146297370702,0.1563414629736081,0.15634146297370702,0.15634146297383938,0.15634146297376808,0.1563414629736081,0.156341462973482,0.1563414629736081,0.15634146297376808,0.15634146297383938,0.15634146297370702,0.1563414629736081,0.15634146297370702,0.15634146297383938,0.15634146297394141,0.15634146297383938,0.15634146297376808,0.15634146297383938,0.15634146297394141,0.15494591502129484,0.15494591502101882,0.15494591502081204,0.15494591502101882,0.15494591502129484,0.15494591502101882,0.15494591502062552,0.15494591502029498,0.15494591502062552,0.15494591502101882,0.15494591502081204,0.15494591502029498,0.1549459150198099,0.15494591502029498,0.15494591502081204,0.15494591502101882,0.15494591502062552,0.15494591502029498,0.15494591502062552,0.15494591502101882,0.15494591502129484,0.15494591502101882,0.15494591502081204,0.15494591502101882,0.15494591502129484,0.15357822104762134,0.15357822104693244,0.15357822104635965,0.15357822104693244,0.15357822104762134,0.15357822104693244,0.15357822104581498,0.15357822104469224,0.15357822104581498,0.15357822104693244,0.15357822104635965,0.15357822104469224,0.15357822104261934,0.15357822104469224,0.15357822104635965,0.15357822104693244,0.15357822104581498,0.15357822104469224,0.15357822104581498,0.15357822104693244,0.15357822104762134,0.15357822104693244,0.15357822104635965,0.15357822104693244,0.15357822104762134,0.15223780419629182,0.15223780419479327,0.15223780419335123,0.15223780419479327,0.15223780419629182,0.15223780419479327,0.15223780419191174,0.1522378041881704,0.15223780419191174,0.15223780419479327,0.15223780419335123,0.1522378041881704,0.15223780417816035,0.1522378041881704,0.15223780419335123,0.15223780419479327,0.15223780419191174,0.1522378041881704,0.15223780419191174,0.15223780419479327,0.15223780419629182,0.15223780419479327,0.15223780419335123,0.15223780419479327,0.15223780419629182,0.15092409327459738,0.15092409327209752,0.1509240932692255,0.15092409327209752,0.15092409327459738,0.15092409327209752,0.15092409326626707,0.15092409325549366,0.15092409326626707,0.15092409327209752,0.1509240932692255,0.15092409325549366,0.15092409320078679,0.15092409325549366,0.1509240932692255,0.15092409327209752,0.15092409326626707,0.15092409325549366,0.15092409326626707,0.15092409327209752,0.15092409327459738,0.15092409327209752,0.1509240932692255,0.15092409327209752,0.15092409327459738,0.1496365234229257,0.14963652342065364,0.14963652341817665,0.14963652342065364,0.1496365234229257,0.14963652342065364,0.1496365234156397,0.14963652340729014,0.1496365234156397,0.14963652342065364,0.14963652341817665,0.14963652340729014,0.14963652337110028,0.14963652340729014,0.14963652341817665,0.14963652342065364,0.1496365234156397,0.14963652340729014,0.1496365234156397,0.14963652342065364,0.1496365234229257,0.14963652342065364,0.14963652341817665,0.14963652342065364,0.1496365234229257,0.14837453669725478,0.14837453669591077,0.14837453669457082,0.14837453669591077,0.14837453669725478,0.14837453669591077,0.14837453669322404,0.14837453668933934,0.14837453669322404,0.14837453669591077,0.14837453669457082,0.14837453668933934,0.14837453667505426,0.14837453668933934,0.14837453669457082,0.14837453669591077,0.14837453669322404,0.14837453668933934,0.14837453669322404,0.14837453669591077,0.14837453669725478,0.14837453669591077,0.14837453669457082,0.14837453669591077,0.14837453669725478,0.14713758257854767,0.14713758257813786,0.14713758257781467,0.14713758257813786,0.14713758257854767,0.14713758257813786,0.14713758257751297,0.14713758257698487,0.14713758257751297,0.14713758257813786,0.14713758257781467,0.14713758257698487,0.1471375825766846,0.14713758257698487,0.14713758257781467,0.14713758257813786,0.14713758257751297,0.14713758257698487,0.14713758257751297,0.14713758257813786,0.14713758257854767,0.14713758257813786,0.14713758257781467,0.14713758257813786,0.14713758257854767,0.1459251184119942,0.1459251184122412,0.1459251184125813,0.1459251184122412,0.1459251184119942,0.1459251184122412,0.14592511841294917,0.14592511841439273,0.14592511841294917,0.1459251184122412,0.1459251184125813,0.14592511841439273,0.1459251184216223,0.14592511841439273,0.1459251184125813,0.1459251184122412,0.14592511841294917,0.14592511841439273,0.14592511841294917,0.1459251184122412,0.1459251184119942,0.1459251184122412,0.1459251184125813,0.1459251184122412,0.1459251184119942,0.14473660978105,0.14473660978164432,0.14473660978231653,0.14473660978164432,0.14473660978105,0.14473660978164432,0.1447366097830123,0.14473660978539124,0.1447366097830123,0.14473660978164432,0.14473660978231653,0.14473660978539124,0.14473660979625888,0.14473660978539124,0.14473660978231653,0.14473660978164432,0.1447366097830123,0.14473660978539124,0.1447366097830123,0.14473660978164432,0.14473660978105,0.14473660978164432,0.14473660978231653,0.14473660978164432,0.14473660978105,0.14357153082227597,0.14357153082295734,0.1435715308236726,0.14357153082295734,0.14357153082227597,0.14357153082295734,0.143571530824399,0.1435715308266888,0.143571530824399,0.14357153082295734,0.1435715308236726,0.1435715308266888,0.1435715308362932,0.1435715308266888,0.1435715308236726,0.14357153082295734,0.143571530824399,0.1435715308266888,0.143571530824399,0.14357153082295734,0.14357153082227597,0.14357153082295734,0.1435715308236726,0.14357153082295734,0.14357153082227597,0.14242936448662324,0.14242936448727697,0.14242936448792198,0.14242936448727697,0.14242936448662324,0.14242936448727697,0.14242936448856547,0.1424293644904406,0.14242936448856547,0.14242936448727697,0.14242936448792198,0.1424293644904406,0.1424293644975533,0.1424293644904406,0.14242936448792198,0.14242936448727697,0.14242936448856547,0.1424293644904406,0.14242936448856547,0.14242936448727697,0.14242936448662324,0.14242936448727697,0.14242936448792198,0.14242936448727697,0.14242936448662324,0.1413096027520157,0.1413096027526703,0.14130960275329757,0.1413096027526703,0.1413096027520157,0.1413096027526703,0.1413096027539145,0.14130960275569926,0.1413096027539145,0.1413096027526703,0.14130960275329757,0.14130960275569926,0.1413096027626634,0.14130960275569926,0.14130960275329757,0.1413096027526703,0.1413096027539145,0.14130960275569926,0.1413096027539145,0.1413096027526703,0.1413096027520157,0.1413096027526703,0.14130960275329757,0.1413096027526703,0.1413096027520157,0.1402117467919678,0.1402117467927194,0.14021174679340118,0.1402117467927194,0.1402117467919678,0.1402117467927194,0.1402117467940599,0.14021174679584786,0.1402117467940599,0.1402117467927194,0.14021174679340118,0.14021174679584786,0.14021174680264273,0.14021174679584786,0.14021174679340118,0.1402117467927194,0.1402117467940599,0.14021174679584786,0.1402117467940599,0.1402117467927194,0.1402117467919678,0.1402117467927194,0.14021174679340118,0.1402117467927194,0.1402117467919678,0.13913530710457325,0.1391353071056631,0.13913530710659422,0.1391353071056631,0.13913530710457325,0.1391353071056631,0.13913530710749028,0.1391353071094107,0.13913530710749028,0.1391353071056631,0.13913530710659422,0.1391353071094107,0.13913530711328537,0.1391353071094107,0.13913530710659422,0.1391353071056631,0.13913530710749028,0.1391353071094107,0.13913530710749028,0.1391353071056631,0.13913530710457325,0.1391353071056631,0.13913530710659422,0.1391353071056631,0.13913530710457325,0.13807980360540834,0.13807980360736996,0.1380798036092912,0.13807980360736996,0.13807980360540834,0.13807980360736996,0.13807980361122102,0.13807980361634203,0.13807980361122102,0.1380798036073701,0.1380798036092912,0.13807980361634203,0.13807980363039235,0.13807980361634187,0.1380798036092912,0.13807980360736996,0.13807980361122102,0.13807980361634187,0.13807980361122102,0.13807980360736996,0.13807980360540834,0.1380798036073701,0.1380798036092912,0.13807980360736996,0.13807980360540834,0.1370447656877694,0.13704476569073085,0.13704476569427715,0.13704476569073085,0.1370447656877694,0.13704476569073085,0.1370447656979439,0.1370447657122761,0.1370447656979439,0.13704476569073085,0.13704476569427715,0.1370447657122761,0.13704476579129315,0.1370447657122761,0.13704476569427715,0.13704476569073085,0.1370447656979439,0.1370447657122761,0.1370447656979439,0.13704476569073085,0.1370447656877694,0.13704476569073085,0.13704476569427715,0.13704476569073085,0.1370447656877694,0.1360297322552494,0.13602973225728898,0.13602973225927556,0.13602973225728898,0.1360297322552494,0.13602973225728898,0.13602973226126375,0.1360297322665518,0.13602973226126375,0.13602973225728898,0.13602973225927556,0.1360297322665518,0.13602973228117418,0.1360297322665518,0.13602973225927556,0.13602973225728898,0.13602973226126375,0.1360297322665518,0.13602973226126375,0.13602973225728898,0.1360297322552494,0.13602973225728898,0.13602973225927556,0.13602973225728898,0.1360297322552494,0.13503425173164008,0.13503425173291178,0.13503425173395886,0.13503425173291178,0.13503425173164008,0.13503425173291178,0.13503425173495065,0.13503425173696612,0.13503425173495082,0.13503425173291178,0.13503425173395886,0.13503425173696612,0.13503425174062164,0.13503425173696612,0.13503425173395886,0.13503425173291178,0.13503425173495082,0.13503425173696612,0.13503425173495082,0.13503425173291178,0.13503425173164008,0.13503425173291178,0.13503425173395886,0.13503425173291178,0.13503425173164008
0.16533248794298638,0.16533248794298616,0.16533248794298594,0.16533248794298616,0.16533248794298616,0.16533248794298616,0.16533248794298594,0.16533248794298572,0.16533248794298594,0.16533248794298616,0.16533248794298594,0.16533248794298572,0.16533248794298572,0.16533248794298572,0.16533248794298594,0.16533248794298616,0.16533248794298594,0.16533248794298572,0.16533248794298594,0.16533248794298616,0.16533248794298616,0.16533248794298616,0.16533248794298594,0.16533248794298616,0.16533248794298616,0.16375749422105337,0.1637574942210529,0.16375749422105243,0.1637574942210529,0.16375749422105337,0.1637574942210529,0.16375749422105243,0.16375749422105196,0.16375749422105243,0.1637574942210529,0.16375749422105243,0.16375749422105196,0.16375749422105174,0.16375749422105196,0.16375749422105243,0.1637574942210529,0.16375749422105243,0.16375749422105196,0.16375749422105243,0.1637574942210529,0.16375749422105337,0.1637574942210529,0.16375749422105243,0.1637574942210529,0.16375749422105337,0.16221388443107632,0.16221388443107496,0.162213884431074,0.16221388443107496,0.16221388443107632,0.16221388443107496,0.1622138844310736,0.1622138844310727,0.1622138844310736,0.16221388443107496,0.162213884431074,0.1622138844310727,0.16221388443107176,0.1622138844310727,0.162213884431074,0.16221388443107496,0.1622138844310736,0.1622138844310727,0.1622138844310736,0.16221388443107496,0.16221388443107632,0.16221388443107496,0.162213884431074,0.16221388443107496,0.16221388443107632,0.16070106753009777,0.16070106753009356,0.1607010675300911,0.16070106753009356,0.16070106753009777,0.16070106753009356,0.1607010675300891,0.16070106753008623,0.1607010675300891,0.16070106753009356,0.1607010675300911,0.16070106753008623,0.1607010675300831,0.16070106753008623,0.1607010675300911,0.16070106753009356,0.1607010675300891,0.16070106753008623,0.1607010675300891,0.16070106753009356,0.16070106753009777,0.16070106753009356,0.1607010675300911,0.16070106753009356,0.16070106753009777,0.15921845189310097,0.15921845189308878,0.15921845189308095,0.15921845189308878,0.15921845189310097,0.15921845189308878,0.15921845189307485,0.1592184518930655,0.15921845189307485,0.15921845189308878,0.15921845189308095,0.1592184518930655,0.15921845189305503,0.1592184518930655,0.15921845189308095,0.15921845189308878,0.15921845189307485,0.1592184518930655,0.15921845189307485,0.15921845189308878,0.15921845189310097,0.15921845189308878,0.15921845189308095,0.15921845189308878,0.15921845189310097,0.15776544666486994,0.15776544666483408,0.1577654466648102,0.15776544666483408,0.15776544666486994,0.15776544666483408,0.15776544666479075,0.1577654466647607,0.15776544666479075,0.15776544666483408,0.1577654466648102,0.1577654466647607,0.1577654466647255,0.1577654466647607,0.1577654466648102,0.15776544666483408,0.15776544666479075,0.1577654466647607,0.15776544666479075,0.15776544666483408,0.15776544666486994,0.15776544666483408,0.1577654466648102,0.15776544666483408,0.15776544666486994,0.15634146297433182,0.1563414629742304,0.1563414629741593,0.1563414629742304,0.15634146297433182,0.1563414629742304,0.15634146297409865,0.15634146297400017,0.15634146297409865,0.1563414629742304,0.1563414629741593,0.15634146297400017,0.15634146297387494,0.15634146297400017,0.1563414629741593,0.1563414629742304,0.15634146297409865,0.15634146297400017,0.15634146297409865,0.1563414629742304,0.15634146297433182,0.1563414629742304,0.1563414629741593,0.1563414629742304,0.15634146297433182,0.15494591502167518,0.1549459150214006,0.15494591502119506,0.1549459150214006,0.15494591502167518,0.1549459150214006,0.15494591502100938,0.15494591502068045,0.15494591502100938,0.1549459150214006,0.15494591502119506,0.15494591502068045,0.15494591502019786,0.15494591502068045,0.15494591502119506,0.1549459150214006,0.15494591502100938,0.15494591502068045,0.15494591502100938,0.1549459150214006,0.15494591502167518,0.1549459150214006,0.15494591502119506,0.1549459150214006,0.15494591502167518,0.15357822104798868,0.15357822104730343,0.1535782210467336,0.15357822104730343,0.15357822104798868,0.15357822104730343,0.15357822104619173,0.15357822104507485,0.15357822104619173,0.15357822104730343,0.1535782210467336,0.15357822104507485,0.1535782210430122,0.15357822104507485,0.1535782210467336,0.15357822104730343,0.15357822104619173,0.15357822104507485,0.15357822104619173,0.15357822104730343,0.15357822104798868,0.15357822104730343,0.1535782210467336,0.15357822104730343,0.15357822104798868,0.15223780419663846,0.15223780419514799,0.15223780419371383,0.15223780419514799,0.15223780419663846,0.15223780419514799,0.1522378041922818,0.15223780418855976,0.1522378041922818,0.15223780419514799,0.15223780419371383,0.15223780418855976,0.1522378041785991,0.15223780418855976,0.15223780419371383,0.15223780419514799,0.1522378041922818,0.15223780418855976,0.1522378041922818,0.15223780419514799,0.15223780419663846,0.15223780419514799,0.15223780419371383,0.15223780419514799,0.15223780419663846,0.1509240932749066,0.15092409327242107,0.15092409326956466,0.15092409327242107,0.1509240932749066,0.15092409327242107,0.15092409326662246,0.15092409325590517,0.15092409326662246,0.15092409327242107,0.15092409326956466,0.15092409325590517,0.1509240932014568,0.15092409325590517,0.15092409326956466,0.15092409327242107,0.15092409326662246,0.15092409325590517,0.15092409326662246,0.15092409327242107,0.1509240932749066,0.15092409327242107,0.15092409326956466,0.15092409327242107,0.1509240932749066,0.1496365234231681,0.1496365234209106,0.14963652341844988,0.1496365234209106,0.1496365234231681,0.1496365234209106,0.14963652341592995,0.1496365234076392,0.14963652341592995,0.1496365234209106,0.14963652341844988,0.1496365234076392,0.14963652337172614,0.1496365234076392,0.14963652341844988,0.1496365234209106,0.14963652341592995,0.1496365234076392,0.14963652341592995,0.1496365234209106,0.1496365234231681,0.1496365234209106,0.14963652341844988,0.1496365234209106,0.1496365234231681,0.14837453669739914,0.14837453669606385,0.14837453669473336,0.14837453669606385,0.14837453669739914,0.14837453669606385,0.1483745366933962,0.14837453668954265,0.1483745366933962,0.14837453669606385,0.14837453669473336,0.14837453668954265,0.1483745366754027,0.14837453668954265,0.14837453669473336,0.14837453669606385,0.1483745366933962,0.14837453668954265,0.1483745366933962,0.14837453669606385,0.14837453669739914,0.14837453669606385,0.14837453669473336,0.14837453669606385,0.14837453669739914,0.14713758257857437,0.14713758257816528,0.14713758257784212,0.14713758257816528,0.14713758257857437,0.14713758257816528,0.1471375825775404,0.14713758257700849,0.1471375825775404,0.14713758257816528,0.14713758257784212,0.14713758257700849,0.1471375825766537,0.14713758257700849,0.14713758257784212,0.14713758257816528,0.1471375825775404,0.14713758257700849,0.1471375825775404,0.14713758257816528,0.14713758257857437,0.14713758257816528,0.14713758257784212,0.14713758257816528,0.14713758257857437,0.14592511841190073,0.145925118412142,0.14592511841247588,0.145925118412142,0.14592511841190073,0.145925118412142,0.14592511841283734,0.14592511841425868,0.14592511841283734,0.145925118412142,0.14592511841247588,0.14592511841425868,0.1459251184213871,0.14592511841425868,0.14592511841247588,0.145925118412142,0.14592511841283734,0.14592511841425868,0.14592511841283734,0.145925118412142,0.14592511841190073,0.145925118412142,0.14592511841247588,0.145925118412142,0.14592511841190073,0.1447366097808456,0.14473660978143085,0.1447366097820931,0.14473660978143085,0.1447366097808456,0.14473660978143085,0.14473660978277839,0.14473660978512243,0.14473660978277839,0.14473660978143085,0.1447366097820931,0.14473660978512243,0.14473660979582528,0.14473660978512243,0.1447366097820931,0.14473660978143085,0.14473660978277839,0.14473660978512243,0.14473660978277839,0.14473660978143085,0.1447366097808456,0.14473660978143085,0.1447366097820931,0.14473660978143085,0.1447366097808456,0.14357153082197824,0.1435715308226502,0.14357153082335516,0.1435715308226502,0.14357153082197824,0.1435715308226502,0.14357153082407112,0.1435715308263269,0.14357153082407112,0.1435715308226502,0.14357153082335516,0.1435715308263269,0.14357153083578808,0.1435715308263269,0.14357153082335516,0.1435715308226502,0.14357153082407112,0.1435715308263269,0.14357153082407112,0.1435715308226502,0.14357153082197824,0.1435715308226502,0.14357153082335516,0.1435715308226502,0.14357153082197824,0.1424293644862505,0.1424293644868965,0.142429364487534,0.1424293644868965,0.1424293644862505,0.1424293644868965,0.14242936448816992,0.14242936449002358,0.14242936448816992,0.1424293644868965,0.142429364487534,0.14242936449002358,0.14242936449706528,0.14242936449002358,0.142429364487534,0.1424293644868965,0.14242936448816992,0.14242936449002358,0.14242936448816992,0.1424293644868965,0.1424293644862505,0.1424293644868965,0.142429364487534,0.1424293644868965,0.1424293644862505,0.14130960275158252,0.14130960275223117,0.1413096027528527,0.14130960275223117,0.14130960275158252,0.14130960275223117,0.1413096027534637,0.14130960275523152,0.1413096027534637,0.14130960275223117,0.1413096027528527,0.14130960275523152,0.14130960276211638,0.14130960275523152,0.1413096027528527,0.14130960275223117,0.1413096027534637,0.14130960275523152,0.1413096027534637,0.14130960275223117,0.14130960275158252,0.14130960275223117,0.1413096027528527,0.14130960275223117,0.14130960275158252,0.1402117467914858,0.1402117467922324,0.14021174679290951,0.1402117467922324,0.1402117467914858,0.1402117467922324,0.1402117467935637,0.140211746795338,0.1402117467935637,0.1402117467922324,0.14021174679290951,0.140211746795338,0.14021174680208545,0.140211746795338,0.14021174679290951,0.1402117467922324,0.1402117467935637,0.140211746795338,0.1402117467935637,0.1402117467922324,0.1402117467914858,0.1402117467922324,0.14021174679290951,0.1402117467922324,0.1402117467914858,0.13913530710405134,0.13913530710513708,0.13913530710606456,0.13913530710513708,0.13913530710405134,0.13913530710513708,0.1391353071069571,0.13913530710886962,0.1391353071069571,0.13913530710513708,0.13913530710606456,0.13913530710886962,0.13913530711272723,0.13913530710886962,0.13913530710606456,0.13913530710513708,0.1391353071069571,0.13913530710886962,0.1391353071069571,0.13913530710513708,0.13913530710405134,0.13913530710513708,0.13913530710606456,0.13913530710513708,0.13913530710405134,0.13807980360485486,0.13807980360681102,0.13807980360872688,0.13807980360681102,0.13807980360485486,0.13807980360681102,0.1380798036106514,0.13807980361575875,0.1380798036106514,0.13807980360681102,0.13807980360872688,0.13807980361575875,0.13807980362977282,0.13807980361575875,0.13807980360872688,0.13807980360681102,0.1380798036106514,0.13807980361575875,0.1380798036106514,0.13807980360681102,0.13807980360485486,0.13807980360681102,0.13807980360872688,0.13807980360681102,0.13807980360485486,0.13704476568719498,0.13704476569014865,0.13704476569368618,0.13704476569014865,0.13704476568719498,0.13704476569014865,0.13704476569734364,0.13704476571164012,0.13704476569734364,0.13704476569014865,0.13704476569368618,0.13704476571164012,0.13704476579046848,0.13704476571164012,0.13704476569368618,0.13704476569014865,0.13704476569734364,0.13704476571164012,0.13704476569734364,0.13704476569014865,0.13704476568719498,0.13704476569014865,0.13704476569368618,0.13704476569014865,0.13704476568719498,0.1360297322546692,0.13602973225670376,0.13602973225868523,0.13602973225670376,0.1360297322546692,0.13602973225670376,0.13602973226066847,0.13602973226594328,0.13602973226066847,0.13602973225670376,0.13602973225868523,0.13602973226594328,0.13602973228052945,0.13602973226594328,0.13602973225868523,0.13602973225670376,0.13602973226066847,0.13602973226594328,0.13602973226066847,0.13602973225670376,0.1360297322546692,0.13602973225670376,0.13602973225868523,0.13602973225670376,0.1360297322546692,0.1350342517310645,0.13503425173233297,0.1350342517333774,0.13503425173233297,0.1350342517310645,0.13503425173233297,0.13503425173436687,0.13503425173637723,0.13503425173436687,0.13503425173233297,0.1350342517333774,0.13503425173637723,0.1350342517400237,0.13503425173637723,0.1350342517333774,0.13503425173233297,0.13503425173436687,0.13503425173637723,0.13503425173436687,0.13503425173233297,0.1350342517310645,0.13503425173233297,0.1350342517333774,0.13503425173233297,0.1350342517310645
0.1653324879434185,0.16533248794341826,0.165332487943418,0.16533248794341826,0.1653324879434185,0.16533248794341826,0.165332487943418,0.1653324879434178,0.165332487943418,0.16533248794341826,0.165332487943418,0.1653324879434178,0.1653324879434178,0.1653324879434178,0.165332487943418,0.16533248794341826,0.165332487943418,0.1653324879434178,0.165332487943418,0.16533248794341826,0.1653324879434185,0.16533248794341826,0.165332487943418,0.16533248794341826,0.1653324879434185,0.16375749422147662,0.16375749422147615,0.16375749422147595,0.16375749422147615,0.16375749422147662,0.16375749422147615,0.16375749422147567,0.16375749422147545,0.16375749422147567,0.16375749422147615,0.16375749422147595,0.16375749422147545,0.1637574942214752,0.16375749422147545,0.16375749422147595,0.16375749422147615,0.16375749422147567,0.16375749422147545,0.16375749422147567,0.16375749422147615,0.16375749422147662,0.16375749422147615,0.16375749422147595,0.16375749422147615,0.16375749422147662,0.16221388443149115,0.16221388443148976,0.16221388443148885,0.16221388443148976,0.16221388443149115,0.16221388443148976,0.1622138844314884,0.1622138844314875,0.1622138844314884,0.16221388443148976,0.16221388443148885,0.1622138844314875,0.1622138844314866,0.1622138844314875,0.16221388443148885,0.16221388443148976,0.1622138844314884,0.1622138844314875,0.1622138844314884,0.16221388443148976,0.16221388443149115,0.16221388443148976,0.16221388443148885,0.16221388443148976,0.16221388443149115,0.16070106753050387,0.16070106753049987,0.1607010675304972,0.16070106753049987,0.16070106753050387,0.16070106753049987,0.16070106753049543,0.16070106753049251,0.16070106753049543,0.16070106753049987,0.1607010675304972,0.16070106753049251,0.1607010675304894,0.16070106753049251,0.16070106753049745,0.16070106753049987,0.16070106753049543,0.16070106753049251,0.16070106753049543,0.16070106753049987,0.16070106753050387,0.16070106753049987,0.16070106753049745,0.16070106753049987,0.16070106753050387,0.15921845189349873,0.15921845189348655,0.15921845189347872,0.15921845189348655,0.15921845189349873,0.15921845189348655,0.15921845189347264,0.15921845189346326,0.15921845189347264,0.15921845189348655,0.15921845189347872,0.15921845189346326,0.15921845189345304,0.15921845189346326,0.15921845189347872,0.15921845189348655,0.15921845189347264,0.15921845189346326,0.15921845189347264,0.15921845189348655,0.15921845189349873,0.15921845189348655,0.15921845189347872,0.15921845189348655,0.15921845189349873,0.15776544666525913,0.1577654466652235,0.15776544666519982,0.1577654466652235,0.15776544666525913,0.1577654466652235,0.1577654466651804,0.15776544666515052,0.1577654466651804,0.1577654466652235,0.15776544666519982,0.15776544666515052,0.1577654466651153,0.15776544666515052,0.1577654466651996,0.1577654466652235,0.1577654466651804,0.15776544666515052,0.1577654466651804,0.1577654466652235,0.15776544666525913,0.1577654466652235,0.1577654466651996,0.1577654466652235,0.15776544666525913,0.1563414629747124,0.1563414629746112,0.15634146297454074,0.1563414629746112,0.1563414629747124,0.1563414629746112,0.1563414629744803,0.15634146297438242,0.1563414629744803,0.1563414629746112,0.15634146297454074,0.15634146297438242,0.15634146297425758,0.15634146297438242,0.15634146297454074,0.1563414629746112,0.1563414629744803,0.15634146297438242,0.1563414629744803,0.1563414629746112,0.1563414629747124,0.1563414629746112,0.15634146297454074,0.1563414629746112,0.1563414629747124,0.15494591502204574,0.15494591502177274,0.15494591502156801,0.15494591502177274,0.15494591502204574,0.15494591502177274,0.15494591502138336,0.1549459150210561,0.15494591502138336,0.15494591502177274,0.15494591502156801,0.1549459150210561,0.15494591502057595,0.1549459150210561,0.15494591502156801,0.15494591502177274,0.15494591502138336,0.1549459150210561,0.15494591502138336,0.15494591502177274,0.15494591502204574,0.15494591502177274,0.15494591502156801,0.15494591502177274,0.15494591502204574,0.1535782210483466,0.15357822104766494,0.15357822104709795,0.15357822104766494,0.1535782210483466,0.15357822104766494,0.15357822104655888,0.15357822104544763,0.15357822104655888,0.15357822104766494,0.15357822104709795,0.15357822104544763,0.1535782210433952,0.15357822104544763,0.15357822104709795,0.15357822104766494,0.15357822104655888,0.15357822104544763,0.15357822104655888,0.15357822104766494,0.1535782210483466,0.15357822104766494,0.15357822104709795,0.15357822104766494,0.1535782210483466,0.1522378041969764,0.15223780419549382,0.15223780419406693,0.15223780419549382,0.1522378041969764,0.15223780419549382,0.1522378041926426,0.15223780418893906,0.1522378041926426,0.15223780419549382,0.15223780419406693,0.15223780418893906,0.15223780417902685,0.15223780418893906,0.15223780419406693,0.15223780419549382,0.1522378041926426,0.15223780418893906,0.1522378041926426,0.15223780419549382,0.1522378041969764,0.15223780419549382,0.15223780419406693,0.15223780419549382,0.1522378041969764,0.15092409327520817,0.1509240932727361,0.15092409326989514,0.1509240932727361,0.15092409327520817,0.1509240932727361,0.15092409326696857,0.15092409325630607,0.15092409326696857,0.1509240932727361,0.15092409326989514,0.15092409325630607,0.15092409320209016,0.15092409325630607,0.15092409326989514,0.1509240932727361,0.15092409326696857,0.15092409325630607,0.15092409326696857,0.1509240932727361,0.15092409327520817,0.1509240932727361,0.15092409326989514,0.1509240932727361,0.15092409327520817,0.14963652342340444,0.14963652342116116,0.14963652341871647,0.14963652342116116,0.14963652342340444,0.14963652342116116,0.149636523416213,0.14963652340797934,0.149636523416213,0.14963652342116116,0.14963652341871647,0.14963652340797934,0.14963652337229869,0.14963652340797934,0.14963652341871647,0.14963652342116116,0.149636523416213,0.14963652340797934,0.149636523416213,0.14963652342116116,0.14963652342340444,0.14963652342116116,0.14963652341871647,0.14963652342116116,0.14963652342340444,0.14837453669754,0.14837453669621323,0.148374536694892,0.14837453669621323,0.14837453669754,0.14837453669621323,0.14837453669356432,0.14837453668974096,0.14837453669356432,0.14837453669621323,0.148374536694892,0.14837453668974096,0.14837453667573705,0.14837453668974096,0.148374536694892,0.14837453669621323,0.14837453669356432,0.14837453668974096,0.14837453669356432,0.14837453669621323,0.14837453669754,0.14837453669621323,0.148374536694892,0.14837453669621323,0.14837453669754,0.14713758257860107,0.1471375825781927,0.14713758257786955,0.1471375825781927,0.14713758257860107,0.1471375825781927,0.14713758257756762,0.14713758257703247,0.14713758257756762,0.1471375825781927,0.14713758257786955,0.14713758257703247,0.14713758257663517,0.14713758257703247,0.14713758257786955,0.1471375825781927,0.14713758257756762,0.14713758257703247,0.14713758257756762,0.1471375825781927,0.14713758257860107,0.1471375825781927,0.14713758257786955,0.1471375825781927,0.14713758257860107,0.1459251184118099,0.14592511841204606,0.14592511841237385,0.14592511841204606,0.1459251184118099,0.14592511841204606,0.14592511841272893,0.14592511841412883,0.14592511841272893,0.14592511841204606,0.14592511841237385,0.14592511841412883,0.14592511842113745,0.14592511841412883,0.14592511841237385,0.14592511841204606,0.14592511841272893,0.14592511841412883,0.14592511841272893,0.14592511841204606,0.1459251184118099,0.14592511841204606,0.14592511841237385,0.14592511841204606,0.1459251184118099,0.14473660978064695,0.14473660978122332,0.1447366097818756,0.14473660978122332,0.14473660978064695,0.14473660978122332,0.14473660978255093,0.14473660978486094,0.14473660978255093,0.14473660978122332,0.1447366097818756,0.14473660978486094,0.1447366097954151,0.14473660978486094,0.1447366097818756,0.14473660978122332,0.14473660978255093,0.14473660978486094,0.14473660978255093,0.14473660978122332,0.14473660978064695,0.14473660978122332,0.1447366097818756,0.14473660978122332,0.14473660978064695,0.14357153082168855,0.14357153082235108,0.143571530823046,0.14357153082235108,0.14357153082168855,0.14357153082235108,0.14357153082375182,0.1435715308259746,0.14357153082375182,0.14357153082235108,0.143571530823046,0.1435715308259746,0.14357153083527405,0.1435715308259746,0.143571530823046,0.14357153082235108,0.14357153082375182,0.1435715308259746,0.14357153082375182,0.14357153082235108,0.14357153082168855,0.14357153082235108,0.143571530823046,0.14357153082235108,0.14357153082168855,0.1424293644858875,0.14242936448652593,0.1424293644871562,0.14242936448652593,0.1424293644858875,0.14242936448652593,0.1424293644877846,0.1424293644896171,0.1424293644877846,0.14242936448652593,0.1424293644871562,0.1424293644896171,0.14242936449660767,0.1424293644896171,0.1424293644871562,0.14242936448652593,0.1424293644877846,0.1424293644896171,0.1424293644877846,0.14242936448652593,0.1424293644858875,0.14242936448652593,0.1424293644871562,0.14242936448652593,0.1424293644858875,0.1413096027511605,0.14130960275180324,0.141309602752419,0.14130960275180324,0.1413096027511605,0.14130960275180324,0.1413096027530244,0.1413096027547756,0.1413096027530244,0.14130960275180324,0.141309602752419,0.1413096027547756,0.14130960276160062,0.1413096027547756,0.141309602752419,0.14130960275180324,0.1413096027530244,0.1413096027547756,0.1413096027530244,0.14130960275180324,0.1413096027511605,0.14130960275180324,0.141309602752419,0.14130960275180324,0.1413096027511605,0.14021174679101592,0.14021174679175785,0.14021174679243043,0.14021174679175785,0.14021174679101592,0.14021174679175785,0.14021174679307996,0.14021174679484083,0.14021174679307996,0.14021174679175785,0.14021174679243043,0.14021174679484083,0.140211746801518,0.14021174679484083,0.14021174679243043,0.14021174679175785,0.14021174679307996,0.14021174679484083,0.14021174679307996,0.14021174679175785,0.14021174679101592,0.14021174679175785,0.14021174679243043,0.14021174679175785,0.14021174679101592,0.1391353071035427,0.1391353071046243,0.13913530710554817,0.1391353071046243,0.1391353071035427,0.1391353071046243,0.13913530710643723,0.13913530710834215,0.13913530710643723,0.1391353071046243,0.13913530710554817,0.13913530710834215,0.13913530711218303,0.13913530710834215,0.13913530710554817,0.1391353071046243,0.13913530710643723,0.13913530710834215,0.13913530710643723,0.1391353071046243,0.1391353071035427,0.1391353071046243,0.13913530710554817,0.1391353071046243,0.1391353071035427,0.13807980360431532,0.1380798036062659,0.1380798036081768,0.1380798036062659,0.13807980360431532,0.1380798036062659,0.13807980361009603,0.13807980361519007,0.13807980361009603,0.1380798036062659,0.1380798036081768,0.13807980361519007,0.1380798036291686,0.13807980361519007,0.1380798036081768,0.1380798036062659,0.13807980361009603,0.13807980361519007,0.13807980361009603,0.1380798036062659,0.13807980360431532,0.1380798036062659,0.1380798036081768,0.1380798036062659,0.13807980360431532,0.13704476568663487,0.13704476568958124,0.13704476569310994,0.1370447656895811,0.13704476568663487,0.13704476568958124,0.1370447656967583,0.1370447657110198,0.1370447656967583,0.1370447656895811,0.13704476569310994,0.1370447657110198,0.13704476578966068,0.1370447657110198,0.13704476569310978,0.1370447656895811,0.1370447656967583,0.1370447657110198,0.1370447656967583,0.1370447656895811,0.13704476568663487,0.1370447656895811,0.13704476569310978,0.1370447656895811,0.13704476568663487,0.13602973225410334,0.136029732256133,0.13602973225810952,0.136029732256133,0.13602973225410334,0.136029732256133,0.13602973226008802,0.13602973226534998,0.13602973226008785,0.136029732256133,0.13602973225810952,0.13602973226534998,0.1360297322799005,0.13602973226534998,0.13602973225810952,0.136029732256133,0.13602973226008785,0.13602973226534998,0.13602973226008785,0.136029732256133,0.13602973225410334,0.136029732256133,0.13602973225810952,0.136029732256133,0.13602973225410334,0.13503425173050324,0.1350342517317686,0.13503425173281045,0.1350342517317686,0.13503425173050324,0.1350342517317686,0.1350342517337974,0.1350342517358029,0.1350342517337974,0.1350342517317686,0.13503425173281045,0.1350342517358029,0.13503425173944048,0.1350342517358029,0.13503425173281045,0.1350342517317686,0.1350342517337974,0.1350342517358029,0.1350342517337974,0.1350342517317686,0.13503425173050324,0.1350342517317686,0.13503425173281045,0.1350342517317686,0.13503425173050324
0.1653324879438395,0.1653324879438395,0.16533248794383926,0.1653324879438395,0.1653324879438395,0.1653324879438395,0.16533248794383926,0.165332487943839,0.16533248794383926,0.1653324879438395,0.16533248794383926,0.165332487943839,0.165332487943839,0.165332487943839,0.16533248794383926,0.1653324879438395,0.16533248794383926,0.165332487943839,0.16533248794383926,0.1653324879438395,0.1653324879438395,0.1653324879438395,0.16533248794383926,0.1653324879438395,0.1653324879438395,0.16375749422188945,0.163757494221889,0.1637574942218888,0.163757494221889,0.16375749422188945,0.163757494221889,0.16375749422188854,0.1637574942218881,0.16375749422188854,0.163757494221889,0.1637574942218888,0.1637574942218881,0.16375749422188784,0.1637574942218881,0.16375749422188854,0.163757494221889,0.16375749422188854,0.1637574942218881,0.16375749422188854,0.163757494221889,0.16375749422188945,0.163757494221889,0.16375749422188854,0.163757494221889,0.16375749422188945,0.16221388443189552,0.16221388443189416,0.16221388443189322,0.16221388443189416,0.16221388443189552,0.16221388443189416,0.16221388443189258,0.16221388443189189,0.1622138844318928,0.16221388443189416,0.16221388443189322,0.16221388443189189,0.16221388443189075,0.16221388443189189,0.16221388443189322,0.16221388443189416,0.1622138844318928,0.16221388443189189,0.1622138844318928,0.16221388443189416,0.16221388443189552,0.16221388443189416,0.16221388443189322,0.16221388443189416,0.16221388443189552,0.16070106753089997,0.16070106753089597,0.1607010675308933,0.16070106753089597,0.16070106753089997,0.16070106753089597,0.1607010675308915,0.16070106753088864,0.1607010675308915,0.16070106753089597,0.1607010675308933,0.16070106753088864,0.16070106753088553,0.16070106753088864,0.1607010675308933,0.16070106753089597,0.1607010675308915,0.16070106753088864,0.1607010675308915,0.16070106753089597,0.16070106753089997,0.16070106753089597,0.1607010675308933,0.16070106753089597,0.16070106753089997,0.15921845189388648,0.15921845189387432,0.15921845189386646,0.15921845189387454,0.15921845189388648,0.15921845189387432,0.1592184518938606,0.15921845189385125,0.1592184518938606,0.15921845189387454,0.15921845189386646,0.15921845189385125,0.15921845189384098,0.15921845189385125,0.15921845189386646,0.15921845189387454,0.1592184518938606,0.15921845189385125,0.1592184518938606,0.15921845189387454,0.15921845189388648,0.15921845189387454,0.15921845189386646,0.15921845189387454,0.15921845189388648,0.1577654466656385,0.15776544666560308,0.1577654466655794,0.15776544666560308,0.1577654466656385,0.15776544666560308,0.1577654466655602,0.15776544666553033,0.1577654466655602,0.15776544666560308,0.1577654466655794,0.15776544666553033,0.15776544666549555,0.15776544666553033,0.1577654466655794,0.15776544666560308,0.1577654466655602,0.15776544666553033,0.1577654466655602,0.15776544666560308,0.1577654466656385,0.15776544666560308,0.1577654466655794,0.15776544666560308,0.1577654466656385,0.15634146297508314,0.15634146297498258,0.1563414629749123,0.15634146297498258,0.15634146297508314,0.15634146297498258,0.1563414629748523,0.15634146297475485,0.1563414629748523,0.15634146297498258,0.1563414629749123,0.15634146297475485,0.15634146297463064,0.15634146297475485,0.1563414629749123,0.15634146297498258,0.1563414629748523,0.15634146297475485,0.1563414629748523,0.15634146297498258,0.15634146297508314,0.15634146297498258,0.1563414629749123,0.15634146297498258,0.15634146297508314,0.154945915022407,0.15494591502213528,0.15494591502193178,0.15494591502213528,0.154945915022407,0.15494591502213528,0.15494591502174793,0.15494591502142233,0.15494591502174793,0.15494591502213528,0.15494591502193178,0.15494591502142233,0.1549459150209444,0.15494591502142233,0.15494591502193178,0.15494591502213528,0.15494591502174793,0.15494591502142233,0.15494591502174793,0.15494591502213528,0.154945915022407,0.15494591502213528,0.15494591502193178,0.15494591502213528,0.154945915022407,0.15357822104869545,0.1535782210480172,0.15357822104745322,0.1535782210480172,0.15357822104869545,0.1535782210480172,0.1535782210469168,0.15357822104581093,0.1535782210469168,0.1535782210480172,0.15357822104745322,0.15357822104581093,0.15357822104376836,0.15357822104581093,0.15357822104745322,0.1535782210480172,0.1535782210469168,0.15357822104581093,0.1535782210469168,0.1535782210480172,0.15357822104869545,0.1535782210480172,0.15357822104745322,0.1535782210480172,0.15357822104869545,0.15223780419730593,0.15223780419583102,0.1522378041944114,0.15223780419583102,0.15223780419730593,0.15223780419583102,0.15223780419299418,0.15223780418930874,0.15223780419299418,0.15223780419583102,0.1522378041944114,0.15223780418930874,0.15223780417944352,0.15223780418930874,0.1522378041944114,0.15223780419583102,0.15223780419299418,0.15223780418930874,0.15223780419299418,0.15223780419583102,0.15223780419730593,0.15223780419583102,0.1522378041944114,0.15223780419583102,0.15223780419730593,0.15092409327550219,0.1509240932730434,0.15092409327021752,0.1509240932730434,0.15092409327550219,0.1509240932730434,0.15092409326730616,0.15092409325669692,0.15092409326730616,0.1509240932730434,0.15092409327021752,0.15092409325669692,0.15092409320273564,0.15092409325669692,0.15092409327021752,0.1509240932730434,0.15092409326730616,0.15092409325669692,0.15092409326730616,0.1509240932730434,0.15092409327550219,0.1509240932730434,0.15092409327021752,0.1509240932730434,0.15092409327550219,0.14963652342363473,0.14963652342140524,0.1496365234189763,0.14963652342140524,0.14963652342363473,0.14963652342140524,0.1496365234164889,0.14963652340831082,0.1496365234164889,0.14963652342140524,0.1496365234189763,0.14963652340831082,0.14963652337291036,0.14963652340831082,0.1496365234189763,0.14963652342140524,0.1496365234164889,0.14963652340831082,0.1496365234164889,0.14963652342140524,0.14963652342363473,0.14963652342140524,0.1496365234189763,0.14963652342140524,0.14963652342363473,0.1483745366976777,0.14837453669635925,0.14837453669504694,0.14837453669635925,0.1483745366976777,0.14837453669635925,0.1483745366937283,0.1483745366899348,0.1483745366937283,0.14837453669635925,0.14837453669504694,0.1483745366899348,0.14837453667604394,0.1483745366899348,0.14837453669504694,0.14837453669635925,0.1483745366937283,0.1483745366899348,0.1483745366937283,0.14837453669635925,0.1483745366976777,0.14837453669635925,0.14837453669504694,0.14837453669635925,0.1483745366976777,0.14713758257862725,0.1471375825782196,0.14713758257789658,0.1471375825782196,0.14713758257862725,0.1471375825782196,0.14713758257759468,0.14713758257705642,0.14713758257759468,0.1471375825782196,0.14713758257789658,0.14713758257705642,0.1471375825766239,0.14713758257705642,0.14713758257789658,0.1471375825782196,0.14713758257759468,0.14713758257705642,0.14713758257759468,0.1471375825782196,0.14713758257862725,0.1471375825782196,0.14713758257789658,0.1471375825782196,0.14713758257862725,0.1459251184117218,0.14592511841195252,0.14592511841227465,0.14592511841195252,0.1459251184117218,0.14592511841195252,0.14592511841262368,0.14592511841400294,0.14592511841262368,0.14592511841195252,0.14592511841227465,0.14592511841400294,0.14592511842091577,0.14592511841400294,0.14592511841227465,0.14592511841195252,0.14592511841262368,0.14592511841400294,0.14592511841262368,0.14592511841195252,0.1459251184117218,0.14592511841195252,0.14592511841227465,0.14592511841195252,0.1459251184117218,0.14473660978045338,0.1447366097810212,0.1447366097816639,0.1447366097810212,0.14473660978045338,0.1447366097810212,0.14473660978232927,0.14473660978460645,0.14473660978232927,0.1447366097810212,0.1447366097816639,0.14473660978460645,0.1447366097950316,0.14473660978460645,0.1447366097816639,0.1447366097810212,0.14473660978232927,0.14473660978460645,0.14473660978232927,0.1447366097810212,0.14473660978045338,0.1447366097810212,0.1447366097816639,0.1447366097810212,0.14473660978045338,0.14357153082140586,0.14357153082205934,0.14357153082274465,0.14357153082205934,0.14357153082140586,0.14357153082205934,0.14357153082344057,0.14357153082563082,0.14357153082344057,0.14357153082205934,0.14357153082274465,0.14357153082563082,0.1435715308347785,0.14357153082563082,0.14357153082274465,0.14357153082205934,0.14357153082344057,0.14357153082563082,0.14357153082344057,0.14357153082205934,0.14357153082140586,0.14357153082205934,0.14357153082274465,0.14357153082205934,0.14357153082140586,0.14242936448553337,0.1424293644861646,0.14242936448678747,0.1424293644861646,0.14242936448553337,0.1424293644861646,0.14242936448740884,0.14242936448922056,0.14242936448740884,0.1424293644861646,0.14242936448678747,0.14242936448922056,0.14242936449612875,0.14242936448922056,0.14242936448678747,0.1424293644861646,0.14242936448740884,0.14242936448922056,0.14242936448740884,0.1424293644861646,0.14242936448553337,0.1424293644861646,0.14242936448678747,0.1424293644861646,0.14242936448553337,0.14130960275074886,0.14130960275138582,0.141309602751996,0.14130960275138582,0.14130960275074886,0.14130960275138582,0.1413096027525958,0.1413096027543309,0.1413096027525958,0.14130960275138582,0.141309602751996,0.1413096027543309,0.1413096027611102,0.1413096027543309,0.141309602751996,0.14130960275138582,0.1413096027525958,0.1413096027543309,0.1413096027525958,0.14130960275138582,0.14130960275074886,0.14130960275138582,0.141309602751996,0.14130960275138582,0.14130960275074886,0.14021174679055748,0.14021174679129472,0.1402117467919628,0.14021174679129472,0.14021174679055748,0.14021174679129472,0.14021174679260798,0.1402117467943556,0.14021174679260798,0.14021174679129472,0.1402117467919628,0.1402117467943556,0.1402117468009878,0.1402117467943556,0.1402117467919628,0.14021174679129472,0.14021174679260798,0.1402117467943556,0.14021174679260798,0.14021174679129472,0.14021174679055748,0.14021174679129472,0.1402117467919628,0.14021174679129472,0.14021174679055748,0.13913530710304636,0.1391353071041239,0.13913530710504426,0.1391353071041239,0.13913530710304636,0.1391353071041239,0.13913530710592983,0.13913530710782734,0.13913530710592983,0.1391353071041239,0.13913530710504426,0.13913530710782734,0.13913530711165192,0.13913530710782734,0.13913530710504426,0.1391353071041239,0.13913530710592983,0.13913530710782734,0.13913530710592983,0.1391353071041239,0.13913530710304636,0.1391353071041239,0.13913530710504426,0.1391353071041239,0.13913530710304636,0.13807980360378846,0.13807980360573394,0.13807980360763972,0.13807980360573394,0.13807980360378846,0.13807980360573394,0.13807980360955402,0.13807980361463518,0.13807980360955402,0.13807980360573394,0.13807980360763972,0.13807980361463518,0.13807980362857897,0.13807980361463518,0.13807980360763972,0.13807980360573394,0.13807980360955402,0.13807980361463518,0.13807980360955402,0.13807980360573394,0.13807980360378846,0.13807980360573394,0.13807980360763972,0.13807980360573394,0.13807980360378846,0.13704476568608812,0.1370447656890272,0.1370447656925474,0.1370447656890272,0.13704476568608812,0.1370447656890272,0.13704476569618693,0.13704476571041438,0.13704476569618693,0.1370447656890272,0.1370447656925474,0.13704476571041438,0.13704476578888103,0.13704476571041438,0.1370447656925474,0.1370447656890272,0.13704476569618693,0.13704476571041438,0.13704476569618693,0.1370447656890272,0.13704476568608812,0.1370447656890272,0.1370447656925474,0.1370447656890272,0.13704476568608812,0.13602973225355122,0.13602973225557574,0.1360297322575477,0.13602973225557574,0.13602973225355122,0.13602973225557574,0.13602973225952125,0.1360297322647707,0.13602973225952125,0.13602973225557574,0.1360297322575477,0.1360297322647707,0.13602973227928666,0.1360297322647707,0.1360297322575477,0.13602973225557574,0.13602973225952125,0.1360297322647707,0.13602973225952125,0.13602973225557574,0.13602973225355122,0.13602973225557574,0.1360297322575477,0.13602973225557574,0.13602973225355122,0.13503425172995542,0.13503425173121775,0.13503425173225708,0.13503425173121775,0.13503425172995542,0.13503425173121775,0.1350342517332417,0.1350342517352424,0.1350342517332417,0.13503425173121775,0.13503425173225708,0.1350342517352424,0.13503425173887118,0.1350342517352424,0.13503425173225708,0.13503425173121775,0.1350342517332417,0.1350342517352424,0.1350342517332417,0.13503425173121775,0.13503425172995542,0.13503425173121775,0.13503425173225708,0.13503425173121775,0.13503425172995542
0.16533248794425057,0.16533248794425034,0.16533248794425034,0.16533248794425034,0.16533248794425057,0.16533248794425034,0.16533248794425012,0.16533248794425012,0.16533248794425012,0.16533248794425034,0.16533248794425034,0.16533248794425012,0.16533248794424987,0.16533248794425012,0.16533248794425034,0.16533248794425034,0.16533248794425012,0.16533248794425012,0.16533248794425012,0.16533248794425034,0.16533248794425057,0.16533248794425034,0.16533248794425034,0.16533248794425034,0.16533248794425057,0.16375749422229213,0.1637574942222917,0.16375749422229144,0.1637574942222917,0.16375749422229213,0.1637574942222917,0.16375749422229122,0.163757494222291,0.16375749422229122,0.1637574942222917,0.16375749422229144,0.163757494222291,0.16375749422229052,0.163757494222291,0.16375749422229144,0.1637574942222917,0.16375749422229122,0.163757494222291,0.16375749422229122,0.1637574942222917,0.16375749422229213,0.1637574942222917,0.16375749422229144,0.1637574942222917,0.16375749422229213,0.16221388443228993,0.1622138844322886,0.16221388443228787,0.1622138844322886,0.16221388443228993,0.1622138844322886,0.1622138844322872,0.16221388443228632,0.1622138844322872,0.1622138844322886,0.16221388443228787,0.16221388443228632,0.1622138844322854,0.16221388443228632,0.16221388443228787,0.1622138844322886,0.1622138844322872,0.16221388443228632,0.1622138844322872,0.1622138844322886,0.16221388443228993,0.1622138844322886,0.16221388443228787,0.1622138844322886,0.16221388443228993,0.1607010675312865,0.1607010675312823,0.16070106753127983,0.1607010675312823,0.1607010675312865,0.1607010675312823,0.16070106753127808,0.1607010675312752,0.16070106753127808,0.1607010675312823,0.16070106753127983,0.1607010675312752,0.16070106753127208,0.1607010675312752,0.16070106753127983,0.1607010675312823,0.16070106753127808,0.1607010675312752,0.16070106753127808,0.1607010675312823,0.1607010675312865,0.1607010675312823,0.16070106753127983,0.1607010675312823,0.1607010675312865,0.1592184518942649,0.1592184518942529,0.15921845189424508,0.1592184518942529,0.1592184518942649,0.1592184518942529,0.159218451894239,0.1592184518942298,0.159218451894239,0.1592184518942529,0.15921845189424508,0.1592184518942298,0.1592184518942196,0.1592184518942298,0.15921845189424508,0.1592184518942529,0.159218451894239,0.1592184518942298,0.159218451894239,0.1592184518942529,0.1592184518942649,0.1592184518942529,0.15921845189424508,0.1592184518942529,0.1592184518942649,0.1577654466660089,0.15776544666597347,0.15776544666595002,0.15776544666597347,0.1577654466660089,0.15776544666597347,0.1577654466659308,0.15776544666590114,0.1577654466659308,0.15776544666597347,0.15776544666595002,0.15776544666590114,0.1577654466658666,0.15776544666590114,0.15776544666595002,0.15776544666597347,0.1577654466659308,0.15776544666590114,0.1577654466659308,0.15776544666597347,0.1577654466660089,0.15776544666597347,0.15776544666595002,0.15776544666597347,0.1577654466660089,0.15634146297544513,0.15634146297534493,0.1563414629752751,0.15634146297534493,0.15634146297544513,0.15634146297534493,0.15634146297521528,0.15634146297511825,0.15634146297521528,0.15634146297534493,0.1563414629752751,0.15634146297511825,0.1563414629749947,0.15634146297511825,0.1563414629752751,0.15634146297534493,0.15634146297521528,0.15634146297511825,0.15634146297521528,0.15634146297534493,0.15634146297544513,0.15634146297534493,0.1563414629752751,0.15634146297534493,0.15634146297544513,0.15494591502275967,0.1549459150224892,0.15494591502228672,0.1549459150224892,0.15494591502275967,0.1549459150224892,0.15494591502210373,0.1549459150217797,0.15494591502210373,0.1549459150224892,0.15494591502228672,0.1549459150217797,0.15494591502130406,0.1549459150217797,0.15494591502228672,0.1549459150224892,0.15494591502210373,0.1549459150217797,0.15494591502210373,0.1549459150224892,0.15494591502275967,0.1549459150224892,0.15494591502228672,0.1549459150224892,0.15494591502275967,0.1535782210490361,0.15357822104836127,0.1535782210477999,0.15357822104836127,0.1535782210490361,0.15357822104836127,0.15357822104726626,0.1535782210461656,0.15357822104726626,0.15357822104836127,0.1535782210477999,0.1535782210461656,0.15357822104413268,0.1535782210461656,0.1535782210477999,0.15357822104836127,0.15357822104726626,0.1535782210461656,0.15357822104726626,0.15357822104836127,0.1535782210490361,0.15357822104836127,0.1535782210477999,0.15357822104836127,0.1535782210490361,0.15223780419762736,0.15223780419616012,0.1522378041947474,0.15223780419616012,0.15223780419762736,0.15223780419616012,0.15223780419333724,0.15223780418966953,0.15223780419333724,0.15223780419616012,0.1522378041947474,0.15223780418966953,0.15223780417985042,0.15223780418966953,0.1522378041947474,0.15223780419616012,0.15223780419333724,0.15223780418966953,0.15223780419333724,0.15223780419616012,0.15223780419762736,0.15223780419616012,0.1522378041947474,0.15223780419616012,0.15223780419762736,0.15092409327578904,0.1509240932733434,0.150924093270532,0.15092409327334358,0.15092409327578904,0.1509240932733434,0.15092409326763567,0.1509240932570785,0.15092409326763567,0.15092409327334358,0.150924093270532,0.1509240932570785,0.15092409320338987,0.1509240932570785,0.150924093270532,0.15092409327334358,0.15092409326763567,0.1509240932570785,0.15092409326763567,0.15092409327334358,0.15092409327578904,0.15092409327334358,0.150924093270532,0.15092409327334358,0.15092409327578904,0.14963652342385994,0.14963652342164388,0.14963652341923003,0.14963652342164388,0.14963652342385994,0.14963652342164388,0.14963652341675834,0.14963652340863415,0.14963652341675834,0.14963652342164388,0.14963652341923003,0.14963652340863415,0.1496365233734706,0.14963652340863415,0.14963652341923003,0.14963652342164388,0.14963652341675834,0.14963652340863415,0.14963652341675834,0.14963652342164388,0.14963652342385994,0.14963652342164388,0.14963652341923003,0.14963652342164388,0.14963652342385994,0.14837453669781223,0.14837453669650197,0.14837453669519837,0.14837453669650197,0.14837453669781223,0.14837453669650197,0.1483745366938888,0.14837453669012424,0.1483745366938888,0.14837453669650197,0.14837453669519837,0.14837453669012424,0.14837453667637235,0.14837453669012424,0.14837453669519837,0.14837453669650197,0.1483745366938888,0.14837453669012424,0.1483745366938888,0.14837453669650197,0.14837453669781223,0.14837453669650197,0.14837453669519837,0.14837453669650197,0.14837453669781223,0.1471375825786532,0.1471375825782463,0.1471375825779235,0.1471375825782463,0.1471375825786532,0.1471375825782463,0.14713758257762177,0.1471375825770806,0.14713758257762177,0.1471375825782463,0.1471375825779235,0.1471375825770806,0.147137582576633,0.1471375825770806,0.1471375825779235,0.1471375825782463,0.14713758257762177,0.1471375825770806,0.14713758257762177,0.1471375825782463,0.1471375825786532,0.1471375825782463,0.1471375825779235,0.1471375825782463,0.1471375825786532,0.14592511841163613,0.1459251184118621,0.14592511841217834,0.14592511841186193,0.14592511841163613,0.1459251184118621,0.14592511841252145,0.1459251184138808,0.14592511841252145,0.1459251184118621,0.14592511841217834,0.1459251184138808,0.14592511842072842,0.1459251184138808,0.14592511841217834,0.14592511841186193,0.14592511841252145,0.1459251184138808,0.14592511841252145,0.14592511841186193,0.14592511841163613,0.1459251184118621,0.14592511841217834,0.14592511841186193,0.14592511841163613,0.14473660978026487,0.1447366097808243,0.14473660978145775,0.1447366097808243,0.14473660978026487,0.1447366097808243,0.14473660978211353,0.14473660978435843,0.14473660978211353,0.1447366097808243,0.14473660978145775,0.14473660978435843,0.1447366097945851,0.14473660978435843,0.14473660978145775,0.1447366097808243,0.14473660978211353,0.14473660978435843,0.14473660978211353,0.1447366097808243,0.14473660978026487,0.1447366097808243,0.14473660978145775,0.1447366097808243,0.14473660978026487,0.1435715308211304,0.14357153082177512,0.14357153082245086,0.14357153082177512,0.1435715308211304,0.14357153082177512,0.14357153082313717,0.1435715308252958,0.14357153082313717,0.14357153082177512,0.14357153082245086,0.1435715308252958,0.1435715308343434,0.1435715308252958,0.14357153082245086,0.14357153082177512,0.14357153082313717,0.1435715308252958,0.14357153082313717,0.14357153082177512,0.1435715308211304,0.14357153082177512,0.14357153082245086,0.14357153082177512,0.1435715308211304,0.14242936448518778,0.142429364485812,0.14242936448642782,0.142429364485812,0.14242936448518778,0.142429364485812,0.1424293644870421,0.1424293644888337,0.1424293644870421,0.142429364485812,0.14242936448642782,0.1424293644888337,0.14242936449563873,0.1424293644888337,0.14242936448642782,0.142429364485812,0.1424293644870421,0.1424293644888337,0.1424293644870421,0.142429364485812,0.14242936448518778,0.142429364485812,0.14242936448642782,0.142429364485812,0.14242936448518778,0.14130960275034704,0.14130960275097845,0.14130960275158302,0.14130960275097845,0.14130960275034704,0.14130960275097845,0.14130960275217755,0.1413096027538969,0.14130960275217755,0.14130960275097845,0.14130960275158302,0.1413096027538969,0.14130960276059232,0.1413096027538969,0.14130960275158302,0.14130960275097845,0.14130960275217755,0.1413096027538969,0.14130960275217755,0.14130960275097845,0.14130960275034704,0.14130960275097845,0.14130960275158302,0.14130960275097845,0.14130960275034704,0.14021174679010998,0.1402117467908429,0.14021174679150644,0.1402117467908429,0.14021174679010998,0.1402117467908429,0.14021174679214743,0.1402117467938822,0.14021174679214743,0.1402117467908429,0.14021174679150644,0.1402117467938822,0.14021174680045614,0.1402117467938822,0.14021174679150644,0.1402117467908429,0.14021174679214743,0.1402117467938822,0.14021174679214743,0.1402117467908429,0.14021174679010998,0.1402117467908429,0.14021174679150644,0.1402117467908429,0.14021174679010998,0.13913530710256175,0.1391353071036353,0.1391353071045522,0.1391353071036353,0.13913530710256175,0.1391353071036353,0.13913530710543465,0.13913530710732472,0.13913530710543465,0.1391353071036353,0.1391353071045522,0.13913530710732472,0.1391353071111333,0.13913530710732472,0.1391353071045522,0.1391353071036353,0.13913530710543465,0.13913530710732472,0.13913530710543465,0.1391353071036353,0.13913530710256175,0.1391353071036353,0.1391353071045522,0.1391353071036353,0.13913530710256175,0.13807980360327435,0.1380798036052147,0.13807980360711553,0.1380798036052147,0.13807980360327435,0.1380798036052147,0.13807980360902483,0.1380798036140933,0.13807980360902483,0.1380798036052147,0.13807980360711553,0.1380798036140933,0.13807980362800315,0.1380798036140933,0.13807980360711553,0.1380798036052147,0.13807980360902483,0.1380798036140933,0.13807980360902483,0.1380798036052147,0.13807980360327435,0.1380798036052147,0.13807980360711553,0.1380798036052147,0.13807980360327435,0.1370447656855545,0.13704476568848642,0.13704476569199822,0.13704476568848642,0.1370447656855545,0.13704476568848642,0.1370447656956291,0.1370447657098231,0.1370447656956291,0.13704476568848642,0.13704476569199822,0.1370447657098231,0.13704476578810668,0.1370447657098231,0.13704476569199822,0.13704476568848642,0.1370447656956291,0.1370447657098231,0.1370447656956291,0.13704476568848642,0.1370447656855545,0.13704476568848642,0.13704476569199822,0.13704476568848642,0.1370447656855545,0.13602973225301218,0.13602973225503195,0.13602973225699913,0.13602973225503195,0.13602973225301218,0.13602973225503195,0.13602973225896808,0.13602973226420528,0.13602973225896808,0.13602973225503195,0.13602973225699913,0.13602973226420528,0.13602973227868723,0.13602973226420528,0.13602973225699913,0.13602973225503195,0.13602973225896808,0.13602973226420528,0.13602973225896808,0.13602973225503195,0.13602973225301218,0.13602973225503195,0.13602973225699913,0.13602973225503195,0.13602973225301218,0.13503425172942063,0.1350342517306799,0.13503425173171674,0.1350342517306799,0.13503425172942063,0.1350342517306799,0.13503425173269917,0.13503425173469505,0.13503425173269917,0.1350342517306799,0.13503425173171674,0.13503425173469505,0.13503425173831546,0.13503425173469505,0.13503425173171674,0.1350342517306799,0.13503425173269917,0.13503425173469505,0.13503425173269917,0.1350342517306799,0.13503425172942063,0.1350342517306799,0.13503425173171674,0.1350342517306799,0.13503425172942063
0.16533248794465177,0.16533248794465177,0.16533248794465155,0.16533248794465177,0.16533248794465177,0.16533248794465177,0.16533248794465155,0.16533248794465127,0.16533248794465155,0.16533248794465177,0.16533248794465155,0.16533248794465127,0.16533248794465127,0.16533248794465127,0.16533248794465155,0.16533248794465177,0.16533248794465155,0.16533248794465127,0.16533248794465155,0.16533248794465177,0.16533248794465177,0.16533248794465177,0.16533248794465155,0.16533248794465177,0.16533248794465177,0.16375749422268532,0.16375749422268487,0.16375749422268462,0.16375749422268487,0.16375749422268532,0.16375749422268487,0.1637574942226844,0.16375749422268418,0.1637574942226844,0.16375749422268487,0.16375749422268462,0.16375749422268418,0.16375749422268396,0.16375749422268418,0.16375749422268462,0.16375749422268487,0.1637574942226844,0.16375749422268418,0.1637574942226844,0.16375749422268487,0.16375749422268532,0.16375749422268487,0.16375749422268462,0.16375749422268487,0.16375749422268532,0.1622138844326753,0.1622138844326739,0.162213884432673,0.1622138844326739,0.1622138844326753,0.1622138844326739,0.16221388443267257,0.16221388443267165,0.16221388443267257,0.1622138844326739,0.162213884432673,0.16221388443267165,0.16221388443267074,0.16221388443267165,0.162213884432673,0.1622138844326739,0.16221388443267257,0.16221388443267165,0.16221388443267257,0.1622138844326739,0.1622138844326753,0.1622138844326739,0.162213884432673,0.1622138844326739,0.1622138844326753,0.16070106753166372,0.16070106753165975,0.16070106753165705,0.16070106753165975,0.16070106753166372,0.16070106753165975,0.16070106753165528,0.16070106753165242,0.16070106753165528,0.16070106753165975,0.16070106753165705,0.16070106753165242,0.16070106753164928,0.16070106753165242,0.16070106753165705,0.16070106753165975,0.16070106753165528,0.16070106753165242,0.16070106753165528,0.16070106753165975,0.16070106753166372,0.16070106753165975,0.16070106753165705,0.16070106753165975,0.16070106753166372,0.15921845189463438,0.1592184518946224,0.15921845189461456,0.1592184518946224,0.15921845189463438,0.1592184518946224,0.15921845189460865,0.1592184518945993,0.15921845189460865,0.1592184518946224,0.15921845189461456,0.1592184518945993,0.15921845189458908,0.1592184518945993,0.15921845189461456,0.1592184518946224,0.15921845189460865,0.1592184518945993,0.15921845189460865,0.1592184518946224,0.15921845189463438,0.1592184518946224,0.15921845189461456,0.1592184518946224,0.15921845189463438,0.15776544666637035,0.15776544666633513,0.1577654466663119,0.15776544666633513,0.15776544666637035,0.15776544666633513,0.15776544666629266,0.15776544666626324,0.15776544666629266,0.15776544666633513,0.1577654466663119,0.15776544666626324,0.15776544666622866,0.15776544666626324,0.1577654466663119,0.15776544666633513,0.15776544666629266,0.15776544666626324,0.15776544666629266,0.15776544666633513,0.15776544666637035,0.15776544666633513,0.1577654466663119,0.15776544666633513,0.15776544666637035,0.15634146297579848,0.15634146297569876,0.15634146297562931,0.15634146297569876,0.15634146297579848,0.15634146297569876,0.15634146297556975,0.15634146297547336,0.15634146297556975,0.15634146297569876,0.15634146297562931,0.15634146297547336,0.15634146297535018,0.15634146297547336,0.15634146297562931,0.15634146297569876,0.15634146297556975,0.15634146297547336,0.15634146297556975,0.15634146297569876,0.15634146297579848,0.15634146297569876,0.15634146297562931,0.15634146297569876,0.15634146297579848,0.154945915023104,0.1549459150228349,0.15494591502263325,0.1549459150228349,0.154945915023104,0.1549459150228349,0.15494591502245128,0.1549459150221287,0.15494591502245128,0.1549459150228349,0.15494591502263325,0.1549459150221287,0.1549459150216551,0.1549459150221287,0.15494591502263325,0.1549459150228349,0.15494591502245128,0.1549459150221287,0.15494591502245128,0.1549459150228349,0.154945915023104,0.1549459150228349,0.15494591502263325,0.1549459150228349,0.154945915023104,0.1535782210493687,0.15357822104869706,0.1535782210481385,0.15357822104869706,0.1535782210493687,0.15357822104869706,0.1535782210476073,0.1535782210465119,0.1535782210476073,0.15357822104869706,0.1535782210481385,0.1535782210465119,0.15357822104448818,0.1535782210465119,0.1535782210481385,0.15357822104869706,0.1535782210476073,0.1535782210465119,0.1535782210476073,0.15357822104869706,0.1535782210493687,0.15357822104869706,0.1535782210481385,0.15357822104869706,0.1535782210493687,0.1522378041979415,0.15223780419648136,0.15223780419507574,0.15223780419648136,0.1522378041979415,0.15223780419648136,0.15223780419367228,0.1522378041900219,0.15223780419367228,0.15223780419648136,0.15223780419507574,0.1522378041900219,0.15223780418024743,0.1522378041900219,0.15223780419507574,0.15223780419648136,0.15223780419367228,0.1522378041900219,0.15223780419367228,0.15223780419648136,0.1522378041979415,0.15223780419648136,0.15223780419507574,0.15223780419648136,0.1522378041979415,0.15092409327606934,0.15092409327363643,0.1509240932708391,0.15092409327363643,0.15092409327606934,0.15092409327363643,0.15092409326795744,0.15092409325745085,0.15092409326795744,0.15092409327363643,0.1509240932708391,0.15092409325745085,0.150924093204002,0.15092409325745085,0.1509240932708391,0.15092409327363643,0.15092409326795744,0.15092409325745085,0.15092409326795744,0.15092409327363643,0.15092409327606934,0.15092409327363643,0.1509240932708391,0.15092409327363643,0.15092409327606934,0.14963652342407985,0.14963652342187703,0.14963652341947795,0.14963652342187703,0.14963652342407985,0.14963652342187703,0.14963652341702136,0.14963652340894995,0.14963652341702136,0.14963652342187703,0.14963652341947795,0.14963652340894995,0.14963652337403957,0.14963652340894995,0.14963652341947795,0.14963652342187703,0.14963652341702136,0.14963652340894995,0.14963652341702136,0.14963652342187703,0.14963652342407985,0.14963652342187703,0.14963652341947795,0.14963652342187703,0.14963652342407985,0.148374536697944,0.14837453669664172,0.14837453669534661,0.14837453669664172,0.148374536697944,0.14837453669664172,0.1483745366940458,0.14837453669030937,0.1483745366940458,0.14837453669664172,0.14837453669534661,0.14837453669030937,0.1483745366766713,0.14837453669030937,0.14837453669534661,0.14837453669664172,0.1483745366940458,0.14837453669030937,0.1483745366940458,0.14837453669664172,0.148374536697944,0.14837453669664172,0.14837453669534661,0.14837453669664172,0.148374536697944,0.14713758257867882,0.14713758257827284,0.14713758257795018,0.14713758257827284,0.14713758257867882,0.14713758257827284,0.14713758257764845,0.14713758257710513,0.14713758257764845,0.14713758257827284,0.14713758257795018,0.14713758257710513,0.14713758257664336,0.14713758257710513,0.14713758257795018,0.14713758257827284,0.14713758257764845,0.14713758257710513,0.14713758257764845,0.14713758257827284,0.14713758257867882,0.14713758257827284,0.14713758257795018,0.14713758257827284,0.14713758257867882,0.14592511841155278,0.14592511841177394,0.14592511841208466,0.14592511841177394,0.14592511841155278,0.14592511841177394,0.1459251184124221,0.1459251184137622,0.1459251184124221,0.14592511841177394,0.14592511841208466,0.1459251184137622,0.14592511842047753,0.1459251184137622,0.14592511841208486,0.14592511841177394,0.1459251184124221,0.1459251184137622,0.1459251184124221,0.14592511841177394,0.14592511841155278,0.14592511841177394,0.14592511841208486,0.14592511841177394,0.14592511841155278,0.14473660978008107,0.1447366097806323,0.14473660978125666,0.1447366097806323,0.14473660978008107,0.1447366097806323,0.1447366097819032,0.14473660978411668,0.1447366097819032,0.1447366097806323,0.14473660978125666,0.14473660978411668,0.14473660979423986,0.14473660978411668,0.14473660978125666,0.1447366097806323,0.1447366097819032,0.14473660978411668,0.1447366097819032,0.1447366097806323,0.14473660978008107,0.1447366097806323,0.14473660978125666,0.1447366097806323,0.14473660978008107,0.14357153082086158,0.1435715308214976,0.14357153082216423,0.1435715308214976,0.14357153082086158,0.1435715308214976,0.143571530822841,0.1435715308249686,0.143571530822841,0.1435715308214976,0.14357153082216423,0.1435715308249686,0.14357153083386442,0.1435715308249686,0.14357153082216423,0.1435715308214976,0.143571530822841,0.1435715308249686,0.143571530822841,0.1435715308214976,0.14357153082086158,0.1435715308214976,0.14357153082216423,0.1435715308214976,0.14357153082086158,0.1424293644848506,0.14242936448546778,0.1424293644860767,0.14242936448546778,0.1424293644848506,0.14242936448546778,0.14242936448668414,0.1424293644884561,0.14242936448668414,0.14242936448546778,0.1424293644860767,0.1424293644884561,0.14242936449520277,0.1424293644884561,0.1424293644860767,0.14242936448546778,0.14242936448668414,0.1424293644884561,0.14242936448668414,0.14242936448546778,0.1424293644848506,0.14242936448546778,0.1424293644860767,0.14242936448546778,0.1424293644848506,0.14130960274995466,0.1413096027505806,0.14130960275117993,0.1413096027505806,0.14130960274995466,0.1413096027505806,0.14130960275176901,0.1413096027534729,0.14130960275176901,0.1413096027505806,0.14130960275117993,0.1413096027534729,0.14130960276012636,0.1413096027534729,0.14130960275117993,0.1413096027505806,0.14130960275176901,0.1413096027534729,0.14130960275176901,0.1413096027505806,0.14130960274995466,0.1413096027505806,0.14130960275117993,0.1413096027505806,0.14130960274995466,0.14021174678967302,0.14021174679040138,0.14021174679106074,0.14021174679040138,0.14021174678967302,0.14021174679040138,0.14021174679169737,0.14021174679341955,0.14021174679169737,0.14021174679040138,0.14021174679106074,0.14021174679341955,0.1402117467999353,0.14021174679341955,0.14021174679106074,0.14021174679040138,0.14021174679169737,0.14021174679341955,0.14021174679169737,0.14021174679040138,0.14021174678967302,0.14021174679040138,0.14021174679106074,0.14021174679040138,0.14021174678967302,0.13913530710208835,0.13913530710315813,0.1391353071040717,0.13913530710315813,0.13913530710208835,0.13913530710315813,0.1391353071049508,0.13913530710683378,0.1391353071049508,0.13913530710315813,0.1391353071040717,0.13913530710683378,0.13913530711062672,0.13913530710683378,0.1391353071040717,0.13913530710315813,0.1391353071049508,0.13913530710683378,0.1391353071049508,0.13913530710315813,0.13913530710208835,0.13913530710315813,0.1391353071040717,0.13913530710315813,0.13913530710208835,0.138079803602772,0.13807980360470726,0.13807980360660324,0.13807980360470726,0.138079803602772,0.13807980360470726,0.13807980360850777,0.13807980361356384,0.13807980360850777,0.13807980360470726,0.13807980360660324,0.13807980361356384,0.13807980362744035,0.13807980361356384,0.13807980360660324,0.13807980360470726,0.13807980360850777,0.13807980361356384,0.13807980360850777,0.13807980360470726,0.138079803602772,0.13807980360470726,0.13807980360660324,0.13807980360470726,0.138079803602772,0.137044765685033,0.13704476568795793,0.13704476569146154,0.13704476568795793,0.137044765685033,0.13704476568795793,0.13704476569508403,0.13704476570924534,0.13704476569508403,0.13704476568795793,0.13704476569146154,0.13704476570924534,0.13704476578733507,0.13704476570924534,0.13704476569146154,0.13704476568795793,0.13704476569508403,0.13704476570924534,0.13704476569508403,0.13704476568795793,0.137044765685033,0.13704476568795793,0.13704476569146154,0.13704476568795793,0.13704476568503282,0.13602973225248524,0.1360297322545004,0.13602973225646295,0.1360297322545004,0.13602973225248524,0.1360297322545004,0.13602973225842743,0.13602973226365256,0.13602973225842743,0.1360297322545004,0.13602973225646295,0.13602973226365256,0.13602973227810142,0.13602973226365256,0.13602973225646295,0.1360297322545004,0.13602973225842743,0.13602973226365256,0.13602973225842743,0.1360297322545004,0.13602973225248524,0.1360297322545004,0.13602973225646295,0.1360297322545004,0.13602973225248524,0.135034251728898,0.1350342517301543,0.1350342517311888,0.1350342517301543,0.135034251728898,0.1350342517301543,0.1350342517321689,0.13503425173416023,0.1350342517321689,0.1350342517301543,0.1350342517311888,0.13503425173416023,0.13503425173777234,0.13503425173416023,0.1350342517311888,0.1350342517301543,0.1350342517321689,0.13503425173416023,0.1350342517321689,0.1350342517301543,0.135034251728898,0.1350342517301543,0.1350342517311888,0.1350342517301543,0.135034251728898
0.16533248794504374,0.16533248794504374,0.16533248794504352,0.16533248794504374,0.16533248794504374,0.16533248794504374,0.16533248794504352,0.16533248794504327,0.16533248794504352,0.16533248794504374,0.16533248794504352,0.16533248794504327,0.16533248794504327,0.16533248794504327,0.16533248794504352,0.16533248794504374,0.16533248794504352,0.16533248794504327,0.16533248794504352,0.16533248794504374,0.16533248794504374,0.16533248794504374,0.16533248794504352,0.16533248794504374,0.16533248794504374,0.1637574942230695,0.16375749422306904,0.16375749422306857,0.16375749422306904,0.1637574942230695,0.16375749422306904,0.16375749422306857,0.1637574942230681,0.16375749422306857,0.16375749422306904,0.16375749422306857,0.1637574942230681,0.16375749422306787,0.1637574942230681,0.16375749422306857,0.16375749422306904,0.16375749422306857,0.1637574942230681,0.16375749422306857,0.16375749422306904,0.1637574942230695,0.16375749422306904,0.16375749422306857,0.16375749422306904,0.1637574942230695,0.16221388443305154,0.16221388443305018,0.1622138844330493,0.16221388443305018,0.16221388443305154,0.16221388443305018,0.16221388443304882,0.16221388443304793,0.16221388443304882,0.16221388443305018,0.1622138844330493,0.16221388443304793,0.16221388443304702,0.16221388443304793,0.1622138844330493,0.16221388443305018,0.16221388443304882,0.16221388443304793,0.16221388443304882,0.16221388443305018,0.16221388443305154,0.16221388443305018,0.1622138844330493,0.16221388443305018,0.16221388443305154,0.16070106753203225,0.16070106753202829,0.16070106753202565,0.16070106753202829,0.16070106753203225,0.16070106753202829,0.16070106753202384,0.16070106753202093,0.16070106753202384,0.16070106753202829,0.16070106753202565,0.16070106753202093,0.16070106753201785,0.16070106753202093,0.16070106753202565,0.16070106753202829,0.16070106753202384,0.16070106753202093,0.16070106753202384,0.16070106753202829,0.16070106753203225,0.16070106753202829,0.16070106753202565,0.16070106753202829,0.16070106753203225,0.15921845189499512,0.15921845189498335,0.15921845189497552,0.15921845189498335,0.15921845189499512,0.15921845189498335,0.15921845189496964,0.15921845189496048,0.15921845189496964,0.15921845189498335,0.15921845189497552,0.15921845189496048,0.15921845189495026,0.15921845189496048,0.15921845189497552,0.15921845189498335,0.15921845189496964,0.15921845189496048,0.15921845189496964,0.15921845189498335,0.15921845189499512,0.15921845189498335,0.15921845189497552,0.15921845189498335,0.15921845189499512,0.15776544666672346,0.15776544666668846,0.15776544666666523,0.15776544666668846,0.15776544666672346,0.15776544666668846,0.15776544666664621,0.1577654466666168,0.15776544666664621,0.15776544666668846,0.15776544666666523,0.1577654466666168,0.15776544666658243,0.1577654466666168,0.15776544666666523,0.15776544666668846,0.15776544666664621,0.1577654466666168,0.15776544666664621,0.15776544666668846,0.15776544666672346,0.15776544666668846,0.15776544666666523,0.15776544666668846,0.15776544666672346,0.1563414629761435,0.15634146297604443,0.15634146297597518,0.15634146297604443,0.1563414629761435,0.15634146297604443,0.156341462975916,0.15634146297582005,0.156341462975916,0.15634146297604443,0.15634146297597518,0.15634146297582005,0.1563414629756975,0.15634146297582005,0.15634146297597518,0.15634146297604443,0.156341462975916,0.15634146297582005,0.156341462975916,0.15634146297604443,0.1563414629761435,0.15634146297604443,0.15634146297597518,0.15634146297604443,0.1563414629761435,0.1549459150234403,0.15494591502317243,0.1549459150229718,0.15494591502317243,0.1549459150234403,0.15494591502317243,0.15494591502279065,0.15494591502246952,0.15494591502279065,0.15494591502317243,0.1549459150229718,0.15494591502246952,0.15494591502199817,0.15494591502246952,0.1549459150229718,0.15494591502317243,0.15494591502279065,0.15494591502246952,0.15494591502279065,0.15494591502317243,0.1549459150234403,0.15494591502317243,0.1549459150229718,0.15494591502317243,0.1549459150234403,0.15357822104969343,0.15357822104902524,0.15357822104846933,0.15357822104902524,0.15357822104969343,0.15357822104902524,0.1535782210479405,0.1535782210468501,0.1535782210479405,0.15357822104902524,0.15357822104846933,0.1535782210468501,0.15357822104483562,0.1535782210468501,0.15357822104846933,0.15357822104902524,0.1535782210479405,0.1535782210468501,0.1535782210479405,0.15357822104902524,0.15357822104969343,0.15357822104902524,0.15357822104846933,0.15357822104902524,0.15357822104969343,0.1522378041982482,0.1522378041967953,0.1522378041953964,0.1522378041967953,0.1522378041982482,0.1522378041967953,0.1522378041939996,0.15223780419036614,0.1522378041939996,0.1522378041967953,0.1522378041953964,0.15223780419036614,0.1522378041806354,0.15223780419036614,0.1522378041953964,0.1522378041967953,0.1522378041939996,0.15223780419036614,0.1522378041939996,0.1522378041967953,0.1522378041982482,0.1522378041967953,0.1522378041953964,0.1522378041967953,0.1522378041982482,0.1509240932763433,0.15092409327392273,0.1509240932711393,0.15092409327392273,0.1509240932763433,0.15092409327392273,0.15092409326827172,0.1509240932578147,0.15092409326827172,0.15092409327392273,0.1509240932711393,0.1509240932578147,0.1509240932046101,0.1509240932578147,0.1509240932711393,0.15092409327392273,0.15092409326827172,0.1509240932578147,0.15092409326827172,0.15092409327392273,0.1509240932763433,0.15092409327392273,0.1509240932711393,0.15092409327392273,0.1509240932763433,0.14963652342429484,0.14963652342210487,0.14963652341972014,0.14963652342210487,0.14963652342429484,0.14963652342210487,0.1496365234172785,0.14963652340925832,0.1496365234172785,0.14963652342210487,0.14963652341972014,0.14963652340925832,0.14963652337458,0.14963652340925832,0.14963652341972014,0.14963652342210487,0.1496365234172785,0.14963652340925832,0.1496365234172785,0.14963652342210487,0.14963652342429484,0.14963652342210487,0.14963652341972014,0.14963652342210487,0.14963652342429484,0.14837453669807282,0.14837453669677847,0.14837453669549172,0.14837453669677847,0.14837453669807282,0.14837453669677847,0.14837453669419942,0.14837453669049058,0.14837453669419942,0.14837453669677847,0.14837453669549172,0.14837453669049058,0.14837453667698675,0.14837453669049058,0.14837453669549172,0.14837453669677847,0.14837453669419942,0.14837453669049058,0.14837453669419942,0.14837453669677847,0.14837453669807282,0.14837453669677847,0.14837453669549172,0.14837453669677847,0.14837453669807282,0.14713758257870443,0.14713758257829898,0.1471375825779767,0.14713758257829898,0.14713758257870443,0.14713758257829898,0.14713758257767517,0.14713758257712964,0.14713758257767517,0.14713758257829898,0.1471375825779767,0.14713758257712964,0.14713758257664916,0.14713758257712964,0.1471375825779767,0.14713758257829898,0.14713758257767517,0.14713758257712964,0.14713758257767517,0.14713758257829898,0.14713758257870443,0.14713758257829898,0.1471375825779767,0.14713758257829898,0.14713758257870443,0.14592511841147196,0.1459251184116883,0.14592511841199385,0.1459251184116883,0.14592511841147196,0.1459251184116883,0.14592511841232575,0.1459251184136472,0.14592511841232575,0.1459251184116883,0.14592511841199385,0.1459251184136472,0.14592511842031497,0.1459251184136472,0.14592511841199385,0.1459251184116883,0.14592511841232575,0.1459251184136472,0.14592511841232575,0.1459251184116883,0.14592511841147196,0.1459251184116883,0.14592511841199385,0.1459251184116883,0.14592511841147196,0.14473660977990196,0.14473660978044503,0.14473660978106065,0.14473660978044503,0.14473660977990196,0.14473660978044503,0.14473660978169792,0.14473660978388084,0.14473660978169792,0.14473660978044503,0.14473660978106065,0.14473660978388084,0.1447366097938553,0.14473660978388084,0.14473660978106065,0.14473660978044503,0.14473660978169792,0.14473660978388084,0.14473660978169792,0.14473660978044503,0.14473660977990196,0.14473660978044503,0.14473660978106065,0.14473660978044503,0.14473660977990196,0.14357153082059923,0.1435715308212267,0.1435715308218843,0.1435715308212267,0.14357153082059923,0.1435715308212267,0.1435715308225518,0.14357153082464913,0.1435715308225518,0.1435715308212267,0.1435715308218843,0.14357153082464913,0.14357153083339627,0.14357153082464913,0.1435715308218843,0.1435715308212267,0.1435715308225518,0.14357153082464913,0.1435715308225518,0.1435715308212267,0.14357153082059923,0.1435715308212267,0.1435715308218843,0.1435715308212267,0.14357153082059923,0.14242936448452115,0.1424293644851316,0.14242936448573382,0.1424293644851316,0.14242936448452115,0.1424293644851316,0.1424293644863344,0.14242936448808705,0.1424293644863344,0.1424293644851316,0.14242936448573382,0.14242936448808705,0.14242936449478202,0.14242936448808705,0.14242936448573382,0.1424293644851316,0.1424293644863344,0.14242936448808705,0.1424293644863344,0.1424293644851316,0.14242936448452115,0.1424293644851316,0.14242936448573382,0.1424293644851316,0.14242936448452115,0.14130960274957127,0.14130960275019197,0.141309602750786,0.14130960275019197,0.14130960274957127,0.14130960275019197,0.14130960275136986,0.1413096027530588,0.14130960275136986,0.14130960275019197,0.141309602750786,0.1413096027530588,0.1413096027596606,0.1413096027530588,0.141309602750786,0.14130960275019197,0.14130960275136986,0.1413096027530588,0.14130960275136986,0.14130960275019197,0.14130960274957127,0.14130960275019197,0.141309602750786,0.14130960275019197,0.14130960274957127,0.14021174678924586,0.14021174678996987,0.14021174679062506,0.14021174678996987,0.14021174678924586,0.14021174678996987,0.14021174679125764,0.14021174679296755,0.14021174679125764,0.14021174678996987,0.14021174679062506,0.14021174679296755,0.1402117467994288,0.14021174679296755,0.14021174679062506,0.14021174678996987,0.14021174679125764,0.14021174679296755,0.14021174679125764,0.14021174678996987,0.14021174678924586,0.14021174678996987,0.14021174679062506,0.14021174678996987,0.14021174678924586,0.13913530710162572,0.1391353071026917,0.13913530710360195,0.1391353071026917,0.13913530710162572,0.1391353071026917,0.13913530710447805,0.13913530710635374,0.13913530710447805,0.1391353071026917,0.13913530710360195,0.13913530710635374,0.1391353071101315,0.13913530710635374,0.13913530710360195,0.1391353071026917,0.13913530710447805,0.13913530710635374,0.13913530710447805,0.1391353071026917,0.13913530710162572,0.1391353071026917,0.13913530710360195,0.1391353071026917,0.13913530710162572,0.138079803602281,0.13807980360421127,0.13807980360610247,0.13807980360421127,0.138079803602281,0.13807980360421127,0.13807980360800234,0.13807980361304614,0.13807980360800234,0.13807980360421127,0.13807980360610247,0.13807980361304614,0.13807980362689026,0.13807980361304614,0.13807980360610247,0.13807980360421127,0.13807980360800234,0.13807980361304614,0.13807980360800234,0.13807980360421127,0.138079803602281,0.13807980360421127,0.13807980360610247,0.13807980360421127,0.138079803602281,0.13704476568452303,0.13704476568744145,0.13704476569093682,0.13704476568744145,0.13704476568452303,0.13704476568744145,0.13704476569455115,0.13704476570868035,0.13704476569455115,0.13704476568744145,0.13704476569093682,0.13704476570868035,0.13704476578658717,0.13704476570868035,0.13704476569093682,0.13704476568744145,0.13704476569455115,0.13704476570868035,0.13704476569455115,0.13704476568744128,0.13704476568452303,0.13704476568744145,0.13704476569093682,0.13704476568744128,0.13704476568452303,0.13602973225197038,0.13602973225398077,0.13602973225593898,0.13602973225398077,0.13602973225197038,0.13602973225398077,0.136029732257899,0.13602973226311219,0.136029732257899,0.13602973225398077,0.13602973225593898,0.13602973226311219,0.13602973227752854,0.13602973226311219,0.13602973225593898,0.13602973225398077,0.136029732257899,0.13602973226311219,0.136029732257899,0.13602973225398077,0.13602973225197038,0.13602973225398077,0.13602973225593898,0.13602973225398077,0.13602973225197038,0.13503425172838704,0.13503425172964043,0.1350342517306727,0.13503425172964054,0.13503425172838704,0.13503425172964043,0.13503425173165048,0.1350342517336374,0.13503425173165048,0.13503425172964054,0.1350342517306727,0.1350342517336374,0.13503425173724135,0.1350342517336374,0.1350342517306727,0.13503425172964054,0.13503425173165048,0.1350342517336374,0.13503425173165048,0.13503425172964054,0.13503425172838704,0.13503425172964054,0.1350342517306727,0.13503425172964054,0.13503425172838704
0.16533248794542701,0.16533248794542676,0.16533248794542676,0.16533248794542676,0.16533248794542701,0.16533248794542676,0.16533248794542652,0.16533248794542652,0.16533248794542652,0.16533248794542676,0.16533248794542676,0.16533248794542652,0.16533248794542627,0.16533248794542652,0.16533248794542676,0.16533248794542676,0.16533248794542652,0.16533248794542652,0.16533248794542652,0.16533248794542676,0.16533248794542701,0.16533248794542676,0.16533248794542676,0.16533248794542676,0.16533248794542701,0.16375749422344488,0.1637574942234444,0.16375749422344418,0.1637574942234444,0.16375749422344488,0.1637574942234444,0.16375749422344396,0.16375749422344374,0.16375749422344396,0.1637574942234444,0.16375749422344418,0.16375749422344374,0.16375749422344327,0.16375749422344374,0.16375749422344418,0.1637574942234444,0.16375749422344396,0.16375749422344374,0.16375749422344396,0.1637574942234444,0.16375749422344488,0.1637574942234444,0.16375749422344418,0.1637574942234444,0.16375749422344488,0.16221388443341925,0.16221388443341786,0.1622138844334172,0.16221388443341786,0.16221388443341925,0.16221388443341786,0.1622138844334165,0.16221388443341558,0.1622138844334165,0.16221388443341786,0.1622138844334172,0.16221388443341558,0.16221388443341467,0.16221388443341558,0.1622138844334172,0.16221388443341786,0.1622138844334165,0.16221388443341558,0.1622138844334165,0.16221388443341786,0.16221388443341925,0.16221388443341786,0.1622138844334172,0.16221388443341786,0.16221388443341925,0.16070106753239263,0.16070106753238864,0.16070106753238594,0.16070106753238864,0.16070106753239263,0.16070106753238864,0.16070106753238417,0.16070106753238128,0.16070106753238417,0.16070106753238864,0.16070106753238594,0.16070106753238128,0.16070106753237814,0.16070106753238128,0.16070106753238594,0.16070106753238864,0.16070106753238417,0.16070106753238128,0.16070106753238417,0.16070106753238864,0.16070106753239263,0.16070106753238864,0.16070106753238594,0.16070106753238864,0.16070106753239263,0.15921845189534806,0.15921845189533607,0.15921845189532843,0.15921845189533607,0.15921845189534806,0.15921845189533607,0.15921845189532255,0.15921845189531342,0.15921845189532255,0.15921845189533607,0.15921845189532843,0.15921845189531342,0.15921845189530318,0.15921845189531342,0.15921845189532843,0.15921845189533607,0.15921845189532255,0.15921845189531342,0.15921845189532255,0.15921845189533607,0.15921845189534806,0.15921845189533607,0.15921845189532843,0.15921845189533607,0.15921845189534806,0.15776544666706868,0.1577654466670339,0.15776544666701067,0.1577654466670339,0.15776544666706868,0.1577654466670339,0.15776544666699188,0.15776544666696266,0.15776544666699188,0.1577654466670339,0.15776544666701067,0.15776544666696266,0.1577654466669283,0.15776544666696266,0.15776544666701067,0.1577654466670339,0.15776544666699188,0.15776544666696266,0.15776544666699188,0.1577654466670339,0.15776544666706868,0.1577654466670339,0.15776544666701067,0.1577654466670339,0.15776544666706868,0.15634146297648102,0.15634146297638232,0.15634146297631352,0.15634146297638232,0.15634146297648102,0.15634146297638232,0.15634146297625454,0.156341462976159,0.15634146297625454,0.15634146297638232,0.15634146297631352,0.156341462976159,0.1563414629760371,0.156341462976159,0.15634146297631352,0.15634146297638232,0.15634146297625454,0.156341462976159,0.15634146297625454,0.15634146297638232,0.15634146297648102,0.15634146297638232,0.15634146297631352,0.15634146297638232,0.15634146297648102,0.15494591502376898,0.15494591502350255,0.15494591502330274,0.15494591502350255,0.15494591502376898,0.15494591502350255,0.15494591502312244,0.15494591502280294,0.15494591502312244,0.15494591502350255,0.15494591502330274,0.15494591502280294,0.15494591502233365,0.15494591502280294,0.15494591502330274,0.15494591502350255,0.15494591502312244,0.15494591502280294,0.15494591502312244,0.15494591502350255,0.15494591502376898,0.15494591502350255,0.15494591502330274,0.15494591502350255,0.15494591502376898,0.15357822105001118,0.153578221049346,0.15357822104879268,0.153578221049346,0.15357822105001118,0.153578221049346,0.15357822104826624,0.15357822104718089,0.15357822104826624,0.153578221049346,0.15357822104879268,0.15357822104718089,0.1535782210451755,0.15357822104718089,0.15357822104879268,0.153578221049346,0.15357822104826624,0.15357822104718089,0.15357822104826624,0.153578221049346,0.15357822105001118,0.153578221049346,0.15357822104879268,0.153578221049346,0.15357822105001118,0.15223780419854815,0.1522378041971022,0.15223780419570995,0.1522378041971022,0.15223780419854815,0.1522378041971022,0.15223780419431968,0.15223780419070274,0.15223780419431968,0.1522378041971022,0.15223780419570995,0.15223780419070274,0.1522378041810147,0.15223780419070274,0.15223780419570995,0.1522378041971022,0.15223780419431968,0.15223780419070274,0.15223780419431968,0.1522378041971022,0.15223780419854815,0.1522378041971022,0.15223780419570995,0.1522378041971022,0.15223780419854815,0.15092409327661127,0.15092409327420267,0.1509240932714329,0.15092409327420267,0.15092409327661127,0.15092409327420267,0.15092409326857925,0.15092409325817044,0.15092409326857925,0.15092409327420267,0.1509240932714329,0.15092409325817044,0.15092409320517763,0.15092409325817044,0.1509240932714329,0.15092409327420267,0.15092409326857925,0.15092409325817044,0.15092409326857925,0.15092409327420267,0.15092409327661127,0.15092409327420267,0.1509240932714329,0.15092409327420267,0.15092409327661127,0.14963652342450529,0.1496365234223278,0.14963652341995726,0.1496365234223278,0.14963652342450529,0.1496365234223278,0.14963652341752998,0.14963652340955974,0.14963652341752998,0.1496365234223278,0.14963652341995726,0.14963652340955974,0.14963652337512984,0.14963652340955974,0.14963652341995726,0.1496365234223278,0.14963652341752998,0.14963652340955974,0.14963652341752998,0.1496365234223278,0.14963652342450529,0.1496365234223278,0.14963652341995726,0.1496365234223278,0.14963652342450529,0.14837453669819922,0.14837453669691247,0.14837453669563389,0.14837453669691247,0.14837453669819922,0.14837453669691247,0.1483745366943499,0.14837453669066814,0.1483745366943499,0.14837453669691247,0.14837453669563389,0.14837453669066814,0.14837453667725323,0.14837453669066814,0.14837453669563389,0.14837453669691247,0.1483745366943499,0.14837453669066814,0.1483745366943499,0.14837453669691247,0.14837453669819922,0.14837453669691247,0.14837453669563389,0.14837453669691247,0.14837453669819922,0.1471375825787297,0.14713758257832513,0.14713758257800327,0.14713758257832513,0.1471375825787297,0.14713758257832513,0.14713758257770188,0.14713758257715437,0.14713758257770188,0.14713758257832513,0.14713758257800327,0.14713758257715437,0.1471375825766283,0.14713758257715437,0.14713758257800327,0.14713758257832513,0.14713758257770188,0.14713758257715437,0.14713758257770188,0.14713758257832513,0.1471375825787297,0.14713758257832513,0.14713758257800327,0.14713758257832513,0.1471375825787297,0.14592511841139325,0.14592511841160513,0.14592511841190556,0.14592511841160513,0.14592511841139325,0.14592511841160513,0.1459251184122321,0.14592511841353537,0.1459251184122321,0.14592511841160513,0.14592511841190556,0.14592511841353537,0.14592511842014244,0.14592511841353537,0.14592511841190556,0.14592511841160513,0.1459251184122321,0.14592511841353537,0.1459251184122321,0.14592511841160513,0.14592511841139325,0.14592511841160513,0.14592511841190556,0.14592511841160513,0.14592511841139325,0.14473660977972708,0.14473660978026243,0.14473660978086933,0.14473660978026243,0.14473660977972708,0.14473660978026243,0.14473660978149788,0.14473660978365097,0.14473660978149788,0.14473660978026243,0.14473660978086933,0.14473660978365097,0.1447366097935076,0.14473660978365097,0.14473660978086933,0.14473660978026243,0.14473660978149788,0.14473660978365097,0.14473660978149788,0.14473660978026243,0.14473660977972708,0.14473660978026243,0.14473660978086933,0.14473660978026243,0.14473660977972708,0.1435715308203429,0.14357153082096233,0.14357153082161087,0.14357153082096233,0.1435715308203429,0.14357153082096233,0.14357153082226948,0.14357153082433718,0.14357153082226948,0.14357153082096233,0.14357153082161087,0.14357153082433718,0.14357153083296267,0.14357153082433718,0.14357153082161087,0.14357153082096233,0.14357153082226948,0.14357153082433718,0.14357153082226948,0.14357153082096233,0.1435715308203429,0.14357153082096233,0.14357153082161087,0.14357153082096233,0.1435715308203429,0.1424293644841994,0.14242936448480314,0.14242936448539883,0.14242936448480314,0.1424293644841994,0.14242936448480314,0.14242936448599283,0.14242936448772656,0.14242936448599283,0.14242936448480314,0.14242936448539883,0.14242936448772656,0.1424293644943576,0.14242936448772656,0.14242936448539883,0.14242936448480314,0.14242936448599283,0.14242936448772656,0.14242936448599283,0.14242936448480314,0.1424293644841994,0.14242936448480314,0.14242936448539883,0.14242936448480314,0.1424293644841994,0.1413096027491966,0.14130960274981205,0.141309602750401,0.14130960274981205,0.1413096027491966,0.14130960274981205,0.14130960275097976,0.14130960275265386,0.14130960275097976,0.14130960274981205,0.141309602750401,0.14130960275265386,0.14130960275918478,0.14130960275265386,0.141309602750401,0.14130960274981205,0.14130960275097976,0.14130960275265386,0.14130960275097976,0.14130960274981205,0.1413096027491966,0.14130960274981205,0.141309602750401,0.14130960274981205,0.1413096027491966,0.14021174678882836,0.1402117467895482,0.14021174679019915,0.1402117467895482,0.14021174678882836,0.1402117467895482,0.14021174679082773,0.14021174679252557,0.14021174679082773,0.1402117467895482,0.14021174679019915,0.14021174679252557,0.1402117467989323,0.14021174679252557,0.14021174679019915,0.1402117467895482,0.14021174679082773,0.14021174679252557,0.14021174679082773,0.1402117467895482,0.14021174678882836,0.1402117467895482,0.14021174679019915,0.1402117467895482,0.14021174678882836,0.13913530710117336,0.13913530710223557,0.13913530710314267,0.13913530710223557,0.13913530710117336,0.13913530710223557,0.1391353071040156,0.13913530710588462,0.1391353071040156,0.13913530710223557,0.13913530710314267,0.13913530710588462,0.1391353071096474,0.13913530710588462,0.13913530710314267,0.13913530710223557,0.1391353071040156,0.13913530710588462,0.1391353071040156,0.13913530710223557,0.13913530710117336,0.13913530710223557,0.13913530710314267,0.13913530710223557,0.13913530710117336,0.13807980360180086,0.1380798036037263,0.13807980360561287,0.1380798036037263,0.13807980360180086,0.1380798036037263,0.1380798036075082,0.1380798036125401,0.1380798036075082,0.1380798036037263,0.13807980360561287,0.1380798036125401,0.13807980362635228,0.1380798036125401,0.13807980360561287,0.1380798036037263,0.1380798036075082,0.1380798036125401,0.1380798036075082,0.1380798036037263,0.13807980360180086,0.1380798036037263,0.13807980360561287,0.1380798036037263,0.13807980360180086,0.13704476568402466,0.1370447656869362,0.13704476569042384,0.1370447656869362,0.13704476568402466,0.1370447656869362,0.13704476569402993,0.137044765708128,0.13704476569402993,0.1370447656869362,0.13704476569042384,0.137044765708128,0.13704476578587138,0.137044765708128,0.13704476569042384,0.1370447656869362,0.13704476569402993,0.137044765708128,0.13704476569402993,0.1370447656869362,0.13704476568402466,0.1370447656869362,0.13704476569042384,0.1370447656869362,0.13704476568402466,0.13602973225146667,0.13602973225347276,0.1360297322554265,0.13602973225347276,0.13602973225146667,0.13602973225347276,0.13602973225738219,0.1360297322625839,0.13602973225738219,0.13602973225347276,0.1360297322554265,0.1360297322625839,0.13602973227696835,0.1360297322625839,0.1360297322554265,0.13602973225347276,0.13602973225738219,0.1360297322625839,0.13602973225738219,0.13602973225347276,0.13602973225146667,0.13602973225347276,0.1360297322554265,0.13602973225347276,0.13602973225146667,0.13503425172788733,0.13503425172913808,0.1350342517301679,0.13503425172913808,0.13503425172788733,0.13503425172913808,0.1350342517311436,0.13503425173312603,0.1350342517311436,0.13503425172913808,0.1350342517301679,0.13503425173312603,0.13503425173672204,0.13503425173312603,0.1350342517301679,0.13503425172913808,0.1350342517311436,0.13503425173312603,0.1350342517311436,0.13503425172913808,0.13503425172788733,0.13503425172913808,0.1350342517301679,0.13503425172913808,0.13503425172788733
0.16533248794580127,0.16533248794580102,0.16533248794580102,0.16533248794580102,0.16533248794580127,0.16533248794580102,0.1653324879458008,0.1653324879458008,0.1653324879458008,0.16533248794580102,0.16533248794580102,0.1653324879458008,0.16533248794580058,0.1653324879458008,0.16533248794580102,0.16533248794580102,0.1653324879458008,0.1653324879458008,0.1653324879458008,0.16533248794580102,0.16533248794580127,0.16533248794580102,0.16533248794580102,0.16533248794580102,0.16533248794580127,0.16375749422381172,0.16375749422381125,0.163757494223811,0.16375749422381125,0.16375749422381172,0.16375749422381125,0.16375749422381078,0.16375749422381056,0.16375749422381078,0.16375749422381125,0.163757494223811,0.16375749422381056,0.16375749422381006,0.16375749422381056,0.163757494223811,0.16375749422381125,0.16375749422381078,0.16375749422381056,0.16375749422381078,0.16375749422381125,0.16375749422381172,0.16375749422381125,0.163757494223811,0.16375749422381125,0.16375749422381172,0.16221388443377877,0.16221388443377738,0.16221388443377646,0.16221388443377738,0.16221388443377877,0.16221388443377738,0.16221388443377602,0.1622138844337751,0.16221388443377602,0.16221388443377738,0.16221388443377646,0.1622138844337751,0.1622138844337742,0.1622138844337751,0.16221388443377646,0.16221388443377738,0.16221388443377602,0.1622138844337751,0.16221388443377602,0.16221388443377738,0.16221388443377877,0.16221388443377738,0.16221388443377646,0.16221388443377738,0.16221388443377877,0.16070106753274452,0.16070106753274052,0.16070106753273808,0.16070106753274052,0.16070106753274452,0.16070106753274052,0.16070106753273627,0.16070106753273342,0.16070106753273627,0.16070106753274052,0.16070106753273808,0.16070106753273342,0.16070106753273028,0.16070106753273342,0.16070106753273808,0.16070106753274052,0.16070106753273627,0.16070106753273342,0.16070106753273627,0.16070106753274052,0.16070106753274452,0.16070106753274052,0.16070106753273808,0.16070106753274052,0.16070106753274452,0.15921845189569267,0.15921845189568093,0.15921845189567307,0.15921845189568093,0.15921845189569267,0.15921845189568093,0.1592184518956672,0.15921845189565828,0.1592184518956672,0.15921845189568093,0.15921845189567307,0.15921845189565828,0.15921845189564804,0.15921845189565828,0.15921845189567307,0.15921845189568093,0.1592184518956672,0.15921845189565828,0.1592184518956672,0.15921845189568093,0.15921845189569267,0.15921845189568093,0.15921845189567307,0.15921845189568093,0.15921845189569267,0.15776544666740625,0.15776544666737147,0.15776544666734843,0.15776544666737147,0.15776544666740625,0.15776544666737147,0.15776544666732967,0.1577654466673004,0.15776544666732967,0.15776544666737147,0.15776544666734843,0.1577654466673004,0.1577654466672665,0.1577654466673004,0.15776544666734843,0.15776544666737147,0.15776544666732967,0.1577654466673004,0.15776544666732967,0.15776544666737147,0.15776544666740625,0.15776544666737147,0.15776544666734843,0.15776544666737147,0.15776544666740625,0.15634146297681098,0.15634146297671273,0.1563414629766441,0.15634146297671273,0.15634146297681098,0.15634146297671273,0.15634146297658535,0.15634146297649024,0.15634146297658535,0.15634146297671273,0.1563414629766441,0.15634146297649024,0.15634146297636894,0.15634146297649024,0.1563414629766441,0.15634146297671273,0.15634146297658535,0.15634146297649024,0.15634146297658535,0.15634146297671273,0.15634146297681098,0.15634146297671273,0.1563414629766441,0.15634146297671273,0.15634146297681098,0.15494591502409052,0.15494591502382515,0.15494591502362634,0.15494591502382515,0.15494591502409052,0.15494591502382515,0.15494591502344685,0.15494591502312857,0.15494591502344685,0.15494591502382515,0.15494591502362634,0.15494591502312857,0.15494591502266153,0.15494591502312857,0.15494591502362634,0.15494591502382515,0.15494591502344685,0.15494591502312857,0.15494591502344685,0.15494591502382515,0.15494591502409052,0.15494591502382515,0.15494591502362634,0.15494591502382515,0.15494591502409052,0.15357822105032168,0.1535782210496597,0.1535782210491088,0.1535782210496597,0.15357822105032168,0.1535782210496597,0.15357822104858476,0.15357822104750424,0.15357822104858476,0.1535782210496597,0.1535782210491088,0.15357822104750424,0.15357822104550747,0.15357822104750424,0.1535782210491088,0.1535782210496597,0.15357822104858476,0.15357822104750424,0.15357822104858476,0.1535782210496597,0.15357822105032168,0.1535782210496597,0.1535782210491088,0.1535782210496597,0.15357822105032168,0.15223780419884167,0.15223780419740257,0.15223780419601643,0.15223780419740257,0.15223780419884167,0.15223780419740257,0.15223780419463265,0.15223780419103186,0.15223780419463265,0.15223780419740257,0.15223780419601643,0.15223780419103186,0.15223780418138574,0.15223780419103186,0.15223780419601643,0.15223780419740257,0.15223780419463265,0.15223780419103186,0.15223780419463265,0.15223780419740257,0.15223780419884167,0.15223780419740257,0.15223780419601643,0.15223780419740257,0.15223780419884167,0.15092409327687326,0.15092409327447662,0.15092409327172,0.15092409327447662,0.15092409327687326,0.15092409327447662,0.15092409326887984,0.15092409325851824,0.15092409326887984,0.15092409327447662,0.15092409327172,0.15092409325851824,0.15092409320577124,0.15092409325851824,0.15092409327172,0.15092409327447662,0.15092409326887984,0.15092409325851824,0.15092409326887984,0.15092409327447662,0.15092409327687326,0.15092409327447662,0.15092409327172,0.15092409327447662,0.15092409327687326,0.1496365234247112,0.149636523422546,0.14963652342018907,0.149636523422546,0.1496365234247112,0.149636523422546,0.14963652341777597,0.1496365234098547,0.14963652341777597,0.149636523422546,0.14963652342018907,0.1496365234098547,0.1496365233756364,0.1496365234098547,0.14963652342018907,0.149636523422546,0.14963652341777597,0.1496365234098547,0.14963652341777597,0.149636523422546,0.1496365234247112,0.149636523422546,0.14963652342018907,0.149636523422546,0.1496365234247112,0.148374536698323,0.14837453669704367,0.14837453669577325,0.14837453669704367,0.148374536698323,0.14837453669704367,0.14837453669449763,0.14837453669084216,0.14837453669449763,0.14837453669704367,0.14837453669577325,0.14837453669084216,0.1483745366775505,0.14837453669084216,0.14837453669577325,0.14837453669704367,0.14837453669449763,0.14837453669084216,0.14837453669449763,0.14837453669704367,0.148374536698323,0.14837453669704367,0.14837453669577325,0.14837453669704367,0.148374536698323,0.14713758257875495,0.1471375825783513,0.14713758257802959,0.1471375825783513,0.14713758257875495,0.1471375825783513,0.14713758257772858,0.14713758257717924,0.14713758257772858,0.1471375825783513,0.14713758257802959,0.14713758257717924,0.14713758257665516,0.14713758257717924,0.14713758257802959,0.1471375825783513,0.14713758257772858,0.14713758257717924,0.14713758257772858,0.1471375825783513,0.14713758257875495,0.1471375825783513,0.14713758257802959,0.1471375825783513,0.14713758257875495,0.14592511841131683,0.14592511841152428,0.1459251184118197,0.14592511841152428,0.14592511841131683,0.14592511841152428,0.14592511841214093,0.14592511841342673,0.14592511841214093,0.14592511841152428,0.1459251184118197,0.14592511841342673,0.14592511841991698,0.14592511841342673,0.1459251184118197,0.14592511841152428,0.14592511841214093,0.14592511841342673,0.14592511841214093,0.14592511841152428,0.14592511841131683,0.14592511841152428,0.1459251184118197,0.14592511841152428,0.14592511841131683,0.14473660977955652,0.1447366097800844,0.14473660978068292,0.1447366097800844,0.14473660977955652,0.1447366097800844,0.14473660978130273,0.1447366097834265,0.14473660978130273,0.1447366097800844,0.14473660978068292,0.1447366097834265,0.14473660979311506,0.1447366097834265,0.14473660978068292,0.1447366097800844,0.14473660978130273,0.1447366097834265,0.14473660978130273,0.1447366097800844,0.14473660977955652,0.1447366097800844,0.14473660978068292,0.1447366097800844,0.14473660977955652,0.14357153082009272,0.14357153082070398,0.1435715308213439,0.14357153082070398,0.14357153082009272,0.14357153082070398,0.14357153082199345,0.14357153082403226,0.14357153082199345,0.14357153082070398,0.1435715308213439,0.14357153082403226,0.14357153083254326,0.14357153082403226,0.1435715308213439,0.14357153082070398,0.14357153082199345,0.14357153082403226,0.14357153082199345,0.14357153082070398,0.14357153082009272,0.14357153082070398,0.1435715308213439,0.14357153082070398,0.14357153082009272,0.14242936448388488,0.14242936448448207,0.14242936448507135,0.14242936448448207,0.14242936448388488,0.14242936448448207,0.14242936448565882,0.14242936448737412,0.14242936448565882,0.14242936448448207,0.14242936448507135,0.14242936448737412,0.1424293644939188,0.14242936448737412,0.14242936448507135,0.14242936448448207,0.14242936448565882,0.14242936448737412,0.14242936448565882,0.14242936448448207,0.14242936448388488,0.14242936448448207,0.14242936448507135,0.14242936448448207,0.14242936448388488,0.14130960274883034,0.14130960274944068,0.14130960275002452,0.14130960274944068,0.14130960274883034,0.14130960274944068,0.14130960275059837,0.14130960275225798,0.14130960275059837,0.14130960274944068,0.14130960275002452,0.14130960275225798,0.14130960275872445,0.14130960275225798,0.14130960275002452,0.14130960274944068,0.14130960275059837,0.14130960275225798,0.14130960275059837,0.14130960274944068,0.14130960274883034,0.14130960274944068,0.14130960275002452,0.14130960274944068,0.14130960274883034,0.14021174678842008,0.1402117467891357,0.14021174678978282,0.1402117467891357,0.14021174678842008,0.1402117467891357,0.14021174679040735,0.14021174679209342,0.14021174679040735,0.1402117467891357,0.14021174678978282,0.14021174679209342,0.1402117467984803,0.14021174679209342,0.14021174678978282,0.1402117467891357,0.14021174679040735,0.14021174679209342,0.14021174679040735,0.1402117467891357,0.14021174678842008,0.1402117467891357,0.14021174678978282,0.1402117467891357,0.14021174678842008,0.139135307100731,0.13913530710178953,0.13913530710269362,0.13913530710178953,0.139135307100731,0.13913530710178953,0.13913530710356337,0.13913530710542563,0.13913530710356337,0.13913530710178953,0.13913530710269362,0.13913530710542563,0.13913530710917382,0.13913530710542563,0.13913530710269362,0.13913530710178953,0.13913530710356337,0.13913530710542563,0.13913530710356337,0.13913530710178953,0.139135307100731,0.13913530710178953,0.13913530710269362,0.13913530710178953,0.139135307100731,0.13807980360133124,0.13807980360325187,0.13807980360513408,0.13807980360325187,0.13807980360133124,0.13807980360325187,0.13807980360702482,0.13807980361204505,0.13807980360702482,0.13807980360325187,0.13807980360513408,0.13807980361204505,0.13807980362582592,0.13807980361204505,0.13807980360513408,0.13807980360325187,0.13807980360702482,0.13807980361204505,0.13807980360702482,0.13807980360325187,0.13807980360133124,0.13807980360325187,0.13807980360513408,0.13807980360325187,0.13807980360133124,0.1370447656835369,0.13704476568644205,0.13704476568992197,0.13704476568644205,0.1370447656835369,0.13704476568644205,0.13704476569352014,0.1370447657075875,0.13704476569352014,0.13704476568644205,0.13704476568992197,0.1370447657075875,0.13704476578516364,0.1370447657075875,0.13704476568992197,0.13704476568644205,0.13704476569352014,0.1370447657075875,0.13704476569352014,0.13704476568644205,0.1370447656835369,0.13704476568644205,0.13704476568992197,0.13704476568644205,0.1370447656835369,0.13602973225097406,0.13602973225297565,0.1360297322549252,0.13602973225297565,0.13602973225097406,0.13602973225297565,0.13602973225687656,0.13602973226206697,0.13602973225687656,0.13602973225297565,0.1360297322549252,0.13602973226206697,0.13602973227642026,0.13602973226206697,0.1360297322549252,0.13602973225297565,0.13602973225687656,0.13602973226206697,0.13602973225687656,0.13602973225297565,0.13602973225097406,0.13602973225297565,0.1360297322549252,0.13602973225297565,0.13602973225097406,0.13503425172739858,0.13503425172864658,0.1350342517296742,0.13503425172864658,0.13503425172739858,0.13503425172864658,0.1350342517306477,0.1350342517326259,0.1350342517306477,0.13503425172864658,0.1350342517296742,0.1350342517326259,0.135034251736214,0.1350342517326259,0.1350342517296742,0.13503425172864658,0.1350342517306477,0.1350342517326259,0.1350342517306477,0.13503425172864658,0.13503425172739858,0.13503425172864658,0.1350342517296742,0.13503425172864658,0.13503425172739858
0.16533248794616776,0.16533248794616748,0.16533248794616748,0.16533248794616748,0.16533248794616776,0.16533248794616748,0.16533248794616728,0.16533248794616728,0.16533248794616728,0.16533248794616748,0.16533248794616748,0.16533248794616728,0.16533248794616703,0.16533248794616728,0.16533248794616748,0.16533248794616748,0.16533248794616728,0.16533248794616728,0.16533248794616728,0.16533248794616748,0.16533248794616776,0.16533248794616748,0.16533248794616748,0.16533248794616748,0.16533248794616776,0.16375749422417066,0.1637574942241702,0.16375749422416996,0.1637574942241702,0.16375749422417066,0.1637574942241702,0.16375749422416974,0.1637574942241695,0.16375749422416974,0.1637574942241702,0.16375749422416996,0.1637574942241695,0.16375749422416927,0.1637574942241695,0.16375749422416996,0.1637574942241702,0.16375749422416974,0.1637574942241695,0.16375749422416996,0.1637574942241702,0.16375749422417066,0.1637574942241702,0.16375749422416996,0.1637574942241702,0.16375749422417066,0.16221388443413054,0.16221388443412918,0.16221388443412826,0.16221388443412918,0.16221388443413054,0.16221388443412918,0.16221388443412782,0.1622138844341269,0.16221388443412782,0.16221388443412918,0.16221388443412826,0.1622138844341269,0.16221388443412602,0.1622138844341269,0.16221388443412826,0.16221388443412918,0.16221388443412782,0.1622138844341269,0.16221388443412782,0.16221388443412918,0.16221388443413054,0.16221388443412918,0.16221388443412826,0.16221388443412918,0.16221388443413054,0.16070106753308908,0.1607010675330853,0.1607010675330826,0.1607010675330853,0.16070106753308908,0.1607010675330853,0.16070106753308083,0.1607010675330782,0.16070106753308083,0.1607010675330853,0.1607010675330826,0.1607010675330782,0.1607010675330751,0.1607010675330782,0.1607010675330826,0.1607010675330853,0.16070106753308083,0.1607010675330782,0.16070106753308083,0.1607010675330853,0.16070106753308908,0.1607010675330853,0.1607010675330826,0.1607010675330853,0.16070106753308908,0.15921845189603012,0.15921845189601835,0.15921845189601078,0.15921845189601835,0.15921845189603012,0.15921845189601835,0.15921845189600486,0.15921845189599576,0.15921845189600486,0.15921845189601835,0.15921845189601078,0.15921845189599576,0.1592184518959857,0.15921845189599576,0.15921845189601078,0.15921845189601835,0.15921845189600486,0.15921845189599576,0.15921845189600486,0.15921845189601835,0.15921845189603012,0.15921845189601835,0.15921845189601078,0.15921845189601835,0.15921845189603012,0.15776544666773631,0.15776544666770198,0.15776544666767894,0.15776544666770198,0.15776544666773631,0.15776544666770198,0.15776544666766015,0.15776544666763115,0.15776544666766015,0.15776544666770198,0.15776544666767894,0.15776544666763115,0.1577654466675972,0.15776544666763115,0.15776544666767894,0.15776544666770198,0.15776544666766015,0.15776544666763115,0.15776544666766015,0.15776544666770198,0.15776544666773631,0.15776544666770198,0.15776544666767894,0.15776544666770198,0.15776544666773631,0.15634146297713386,0.156341462977036,0.15634146297696763,0.156341462977036,0.15634146297713386,0.156341462977036,0.1563414629769093,0.15634146297681453,0.1563414629769093,0.156341462977036,0.15634146297696763,0.15634146297681453,0.15634146297669368,0.15634146297681453,0.15634146297696763,0.156341462977036,0.1563414629769093,0.15634146297681453,0.1563414629769093,0.156341462977036,0.15634146297713386,0.156341462977036,0.15634146297696763,0.156341462977036,0.15634146297713386,0.1549459150244051,0.15494591502414096,0.15494591502394298,0.15494591502414096,0.1549459150244051,0.15494591502414096,0.15494591502376429,0.15494591502344743,0.15494591502376429,0.15494591502414096,0.15494591502394298,0.15494591502344743,0.15494591502298247,0.15494591502344743,0.15494591502394298,0.15494591502414096,0.15494591502376429,0.15494591502344743,0.15494591502376429,0.15494591502414096,0.1549459150244051,0.15494591502414096,0.15494591502394298,0.15494591502414096,0.1549459150244051,0.15357822105062577,0.15357822104996657,0.1535782210494183,0.15357822104996657,0.15357822105062577,0.15357822104996657,0.1535782210488967,0.15357822104782076,0.1535782210488967,0.15357822104996657,0.1535782210494183,0.15357822104782076,0.15357822104583263,0.15357822104782076,0.1535782210494183,0.15357822104996657,0.1535782210488967,0.15357822104782076,0.1535782210488967,0.15357822104996657,0.15357822105062577,0.15357822104996657,0.1535782210494183,0.15357822104996657,0.15357822105062577,0.15223780419912883,0.15223780419769625,0.1522378041963166,0.15223780419769625,0.15223780419912883,0.15223780419769625,0.15223780419493893,0.1522378041913539,0.15223780419493893,0.15223780419769625,0.1522378041963166,0.1522378041913539,0.15223780418174854,0.1522378041913539,0.1522378041963166,0.15223780419769625,0.15223780419493893,0.1522378041913539,0.15223780419493893,0.15223780419769625,0.15223780419912883,0.15223780419769625,0.1522378041963166,0.15223780419769625,0.15223780419912883,0.15092409327712963,0.15092409327474457,0.15092409327200088,0.15092409327474457,0.15092409327712963,0.15092409327474457,0.150924093269174,0.1509240932588586,0.150924093269174,0.15092409327474457,0.15092409327200088,0.1509240932588586,0.1509240932063475,0.1509240932588586,0.15092409327200088,0.15092409327474457,0.150924093269174,0.1509240932588586,0.150924093269174,0.15092409327474457,0.15092409327712963,0.15092409327474457,0.15092409327200088,0.15092409327474457,0.15092409327712963,0.14963652342491277,0.1496365234227595,0.14963652342041597,0.1496365234227595,0.14963652342491277,0.1496365234227595,0.1496365234180167,0.14963652341014286,0.1496365234180167,0.1496365234227595,0.14963652342041597,0.14963652341014286,0.14963652337614408,0.14963652341014286,0.14963652342041597,0.1496365234227595,0.1496365234180167,0.14963652341014286,0.1496365234180167,0.1496365234227595,0.14963652342491277,0.1496365234227595,0.14963652342041597,0.1496365234227595,0.14963652342491277,0.1483745366984444,0.1483745366971723,0.14837453669590983,0.1483745366971723,0.1483745366984444,0.1483745366971723,0.14837453669464198,0.1483745366910125,0.14837453669464198,0.1483745366971723,0.14837453669590983,0.1483745366910125,0.14837453667783665,0.1483745366910125,0.14837453669590983,0.1483745366971723,0.14837453669464198,0.1483745366910125,0.14837453669464198,0.1483745366971723,0.1483745366984444,0.1483745366971723,0.14837453669590983,0.1483745366971723,0.1483745366984444,0.14713758257877982,0.14713758257837692,0.14713758257805573,0.14713758257837692,0.14713758257877982,0.14713758257837692,0.14713758257775492,0.14713758257720413,0.14713758257775492,0.14713758257837692,0.14713758257805573,0.14713758257720413,0.1471375825766426,0.14713758257720413,0.14713758257805573,0.14713758257837692,0.14713758257775492,0.14713758257720413,0.14713758257775492,0.14713758257837692,0.14713758257877982,0.14713758257837692,0.14713758257805573,0.14713758257837692,0.14713758257877982,0.1459251184112421,0.14592511841144543,0.14592511841173583,0.14592511841144543,0.1459251184112421,0.14592511841144543,0.14592511841205225,0.14592511841332095,0.14592511841205225,0.14592511841144543,0.14592511841173583,0.14592511841332095,0.14592511841976918,0.14592511841332095,0.14592511841173583,0.14592511841144543,0.14592511841205225,0.14592511841332095,0.14592511841205225,0.14592511841144543,0.1459251184112421,0.14592511841144543,0.14592511841173583,0.14592511841144543,0.1459251184112421,0.14473660977938985,0.14473660977991018,0.1447366097805005,0.14473660977991018,0.14473660977938985,0.14473660977991018,0.1447366097811118,0.14473660978320707,0.1447366097811118,0.14473660977991018,0.1447366097805005,0.14473660978320707,0.14473660979274589,0.14473660978320727,0.1447366097805005,0.14473660977991018,0.1447366097811118,0.14473660978320727,0.1447366097811118,0.14473660977991018,0.14473660977938985,0.14473660977991018,0.1447366097805005,0.14473660977991018,0.14473660977938985,0.14357153081984786,0.1435715308204512,0.14357153082108262,0.1435715308204512,0.14357153081984786,0.1435715308204512,0.1435715308217236,0.14357153082373386,0.1435715308217236,0.1435715308204512,0.14357153082108262,0.14357153082373386,0.14357153083209442,0.14357153082373386,0.14357153082108262,0.1435715308204512,0.1435715308217236,0.14357153082373386,0.1435715308217236,0.1435715308204512,0.14357153081984786,0.1435715308204512,0.14357153082108262,0.1435715308204512,0.14357153081984786,0.14242936448357704,0.14242936448416785,0.1424293644847508,0.14242936448416785,0.14242936448357704,0.14242936448416785,0.1424293644853319,0.14242936448702903,0.1424293644853319,0.14242936448416785,0.1424293644847508,0.14242936448702903,0.14242936449350577,0.14242936448702903,0.1424293644847508,0.14242936448416785,0.1424293644853319,0.14242936448702903,0.1424293644853319,0.14242936448416785,0.14242936448357704,0.14242936448416785,0.1424293644847508,0.14242936448416785,0.14242936448357704,0.1413096027484718,0.14130960274907706,0.14130960274965595,0.14130960274907706,0.1413096027484718,0.14130960274907706,0.141309602750225,0.14130960275187035,0.141309602750225,0.14130960274907706,0.14130960274965595,0.14130960275187035,0.14130960275831114,0.14130960275187035,0.14130960274965595,0.14130960274907706,0.141309602750225,0.14130960275187035,0.141309602750225,0.14130960274907706,0.1413096027484718,0.14130960274907706,0.14130960274965595,0.14130960274907706,0.1413096027484718,0.14021174678802034,0.1402117467887319,0.140211746789375,0.1402117467887319,0.14021174678802034,0.1402117467887319,0.14021174678999568,0.14021174679167014,0.14021174678999568,0.1402117467887319,0.140211746789375,0.14021174679167014,0.14021174679800205,0.14021174679167014,0.140211746789375,0.1402117467887319,0.14021174678999568,0.14021174679167014,0.14021174678999568,0.1402117467887319,0.14021174678802034,0.1402117467887319,0.140211746789375,0.1402117467887319,0.14021174678802034,0.13913530710029773,0.13913530710135283,0.13913530710225375,0.13913530710135283,0.13913530710029773,0.13913530710135283,0.1391353071031207,0.1391353071049761,0.1391353071031207,0.13913530710135283,0.13913530710225375,0.1391353071049761,0.13913530710870994,0.1391353071049761,0.13913530710225375,0.13913530710135283,0.1391353071031207,0.1391353071049761,0.1391353071031207,0.13913530710135283,0.13913530710029773,0.13913530710135283,0.13913530710225375,0.13913530710135283,0.13913530710029773,0.1380798036008712,0.13807980360278738,0.13807980360466493,0.13807980360278738,0.1380798036008712,0.13807980360278738,0.1380798036065513,0.13807980361156008,0.1380798036065513,0.13807980360278738,0.13807980360466493,0.13807980361156008,0.1380798036253104,0.13807980361156008,0.13807980360466493,0.13807980360278738,0.1380798036065513,0.13807980361156008,0.1380798036065513,0.13807980360278738,0.1380798036008712,0.13807980360278738,0.13807980360466493,0.13807980360278738,0.1380798036008712,0.13704476568305934,0.13704476568595797,0.13704476568943044,0.13704476568595797,0.13704476568305934,0.13704476568595797,0.13704476569302085,0.13704476570705795,0.13704476569302085,0.13704476568595797,0.13704476568943044,0.13704476570705795,0.13704476578446456,0.13704476570705795,0.13704476568943044,0.13704476568595797,0.13704476569302085,0.13704476570705795,0.13704476569302085,0.13704476568595797,0.13704476568305934,0.13704476568595797,0.13704476568943044,0.13704476568595797,0.13704476568305934,0.13602973225049153,0.1360297322524888,0.13602973225443404,0.1360297322524888,0.13602973225049153,0.1360297322524888,0.1360297322563814,0.13602973226156062,0.1360297322563814,0.1360297322524888,0.13602973225443404,0.13602973226156062,0.1360297322758833,0.13602973226156062,0.13602973225443404,0.1360297322524888,0.1360297322563814,0.13602973226156062,0.1360297322563814,0.1360297322524888,0.13602973225049153,0.1360297322524888,0.13602973225443404,0.1360297322524888,0.13602973225049153,0.13503425172691977,0.1350342517281652,0.1350342517291906,0.1350342517281652,0.13503425172691993,0.1350342517281652,0.13503425173016204,0.13503425173213598,0.13503425173016204,0.1350342517281652,0.1350342517291906,0.13503425173213598,0.13503425173571648,0.13503425173213598,0.1350342517291906,0.1350342517281652,0.13503425173016204,0.13503425173213598,0.13503425173016204,0.1350342517281652,0.13503425172691993,0.1350342517281652,0.1350342517291906,0.1350342517281652,0.13503425172691993
0.16533248794652647,0.1653324879465262,0.1653324879465262,0.1653324879465262,0.16533248794652647,0.1653324879465262,0.1653324879465262,0.16533248794652597,0.1653324879465262,0.1653324879465262,0.1653324879465262,0.16533248794652597,0.16533248794652597,0.16533248794652597,0.1653324879465262,0.1653324879465262,0.1653324879465262,0.16533248794652597,0.1653324879465262,0.1653324879465262,0.16533248794652647,0.1653324879465262,0.1653324879465262,0.1653324879465262,0.16533248794652647,0.1637574942245222,0.16375749422452177,0.16375749422452154,0.16375749422452177,0.1637574942245222,0.16375749422452177,0.16375749422452127,0.16375749422452107,0.16375749422452127,0.16375749422452177,0.16375749422452154,0.16375749422452107,0.16375749422452082,0.16375749422452107,0.16375749422452154,0.16375749422452177,0.16375749422452127,0.16375749422452107,0.16375749422452127,0.16375749422452177,0.1637574942245222,0.16375749422452177,0.16375749422452154,0.16375749422452177,0.1637574942245222,0.16221388443447488,0.16221388443447352,0.16221388443447282,0.16221388443447374,0.16221388443447488,0.16221388443447352,0.16221388443447213,0.16221388443447146,0.16221388443447213,0.16221388443447374,0.16221388443447282,0.16221388443447146,0.16221388443447035,0.16221388443447146,0.16221388443447282,0.16221388443447374,0.16221388443447213,0.16221388443447146,0.16221388443447213,0.16221388443447374,0.16221388443447488,0.16221388443447374,0.16221388443447282,0.16221388443447374,0.16221388443447488,0.1607010675334265,0.16070106753342253,0.1607010675334201,0.16070106753342253,0.1607010675334265,0.16070106753342253,0.16070106753341828,0.1607010675334154,0.16070106753341828,0.16070106753342253,0.1607010675334201,0.1607010675334154,0.1607010675334125,0.1607010675334154,0.1607010675334201,0.16070106753342253,0.16070106753341828,0.1607010675334154,0.16070106753341828,0.16070106753342253,0.1607010675334265,0.16070106753342253,0.1607010675334201,0.16070106753342253,0.1607010675334265,0.1592184518963604,0.1592184518963489,0.15921845189634126,0.1592184518963489,0.1592184518963604,0.1592184518963489,0.15921845189633538,0.15921845189632622,0.15921845189633538,0.1592184518963489,0.15921845189634126,0.15921845189632622,0.15921845189631623,0.15921845189632622,0.15921845189634104,0.1592184518963489,0.15921845189633538,0.15921845189632622,0.15921845189633538,0.15921845189634867,0.1592184518963604,0.1592184518963489,0.15921845189634104,0.15921845189634867,0.1592184518963604,0.1577654466680598,0.15776544666802544,0.1577654466680024,0.15776544666802544,0.1577654466680598,0.15776544666802544,0.15776544666798384,0.15776544666795503,0.15776544666798384,0.15776544666802544,0.1577654466680024,0.15776544666795503,0.15776544666792133,0.15776544666795503,0.1577654466680024,0.15776544666802544,0.15776544666798384,0.15776544666795503,0.15776544666798384,0.15776544666802544,0.1577654466680598,0.15776544666802544,0.1577654466680024,0.15776544666802544,0.1577654466680598,0.1563414629774498,0.15634146297735257,0.1563414629772844,0.15634146297735257,0.1563414629774498,0.15634146297735257,0.15634146297722626,0.15634146297713197,0.15634146297722626,0.15634146297735257,0.1563414629772844,0.15634146297713197,0.15634146297701174,0.15634146297713197,0.1563414629772844,0.15634146297735257,0.15634146297722626,0.15634146297713197,0.15634146297722626,0.15634146297735257,0.1563414629774498,0.15634146297735257,0.1563414629772844,0.15634146297735257,0.1563414629774498,0.1549459150247131,0.15494591502445018,0.15494591502425303,0.15494591502445018,0.1549459150247131,0.15494591502445018,0.15494591502407515,0.15494591502375976,0.15494591502407515,0.15494591502445018,0.15494591502425303,0.15494591502375976,0.15494591502329644,0.15494591502375976,0.15494591502425303,0.15494591502445018,0.15494591502407515,0.15494591502375976,0.15494591502407515,0.15494591502445018,0.1549459150247131,0.15494591502445018,0.15494591502425303,0.15494591502445018,0.1549459150247131,0.1535782210509232,0.15357822105026706,0.15357822104972116,0.15357822105026706,0.1535782210509232,0.15357822105026706,0.15357822104920177,0.1535782210481305,0.15357822104920177,0.15357822105026706,0.15357822104972116,0.1535782210481305,0.15357822104615076,0.1535782210481305,0.15357822104972116,0.15357822105026706,0.15357822104920177,0.1535782210481305,0.15357822104920177,0.15357822105026706,0.1535782210509232,0.15357822105026706,0.15357822104972116,0.15357822105026706,0.1535782210509232,0.15223780419940997,0.15223780419798386,0.1522378041966103,0.15223780419798386,0.15223780419940997,0.15223780419798386,0.1522378041952387,0.15223780419166905,0.1522378041952387,0.15223780419798386,0.1522378041966103,0.15223780419166905,0.1522378041821038,0.15223780419166905,0.1522378041966103,0.15223780419798386,0.1522378041952387,0.15223780419166905,0.1522378041952387,0.15223780419798386,0.15223780419940997,0.15223780419798386,0.1522378041966103,0.15223780419798386,0.15223780419940997,0.15092409327738085,0.15092409327500694,0.1509240932722758,0.15092409327500694,0.15092409327738085,0.15092409327500694,0.15092409326946205,0.1509240932591916,0.15092409326946205,0.15092409327500694,0.1509240932722758,0.1509240932591916,0.15092409320684716,0.1509240932591916,0.1509240932722758,0.15092409327500694,0.15092409326946205,0.1509240932591916,0.15092409326946205,0.15092409327500694,0.15092409327738085,0.15092409327500694,0.1509240932722758,0.15092409327500694,0.15092409327738085,0.14963652342511016,0.1496365234229686,0.14963652342063816,0.1496365234229686,0.14963652342511016,0.1496365234229686,0.14963652341825245,0.14963652341042516,0.14963652341825245,0.1496365234229686,0.14963652342063816,0.14963652341042516,0.14963652337665972,0.14963652341042516,0.14963652342063816,0.1496365234229686,0.14963652341825245,0.14963652341042516,0.14963652341825245,0.1496365234229686,0.14963652342511016,0.1496365234229686,0.14963652342063816,0.1496365234229686,0.14963652342511016,0.14837453669856338,0.14837453669729853,0.14837453669604364,0.14837453669729853,0.14837453669856338,0.14837453669729853,0.14837453669478376,0.14837453669117948,0.14837453669478376,0.14837453669729853,0.14837453669604364,0.14837453669117948,0.1483745366781265,0.14837453669117948,0.14837453669604364,0.14837453669729853,0.14837453669478376,0.14837453669117948,0.14837453669478376,0.14837453669729853,0.14837453669856338,0.14837453669729853,0.14837453669604364,0.14837453669729853,0.14837453669856338,0.14713758257880452,0.14713758257840234,0.14713758257808154,0.14713758257840234,0.14713758257880452,0.14713758257840234,0.14713758257778126,0.14713758257722903,0.14713758257778126,0.14713758257840234,0.14713758257808154,0.14713758257722903,0.14713758257663626,0.14713758257722903,0.14713758257808154,0.14713758257840234,0.14713758257778126,0.14713758257722903,0.14713758257778126,0.14713758257840234,0.14713758257880452,0.14713758257840234,0.14713758257808154,0.14713758257840234,0.14713758257880452,0.14592511841116923,0.1459251184113685,0.1459251184116543,0.1459251184113685,0.14592511841116923,0.1459251184113685,0.14592511841196573,0.14592511841321804,0.14592511841196573,0.1459251184113685,0.1459251184116543,0.14592511841321804,0.1459251184195817,0.14592511841321804,0.1459251184116543,0.1459251184113685,0.14592511841196573,0.14592511841321804,0.14592511841196573,0.1459251184113685,0.14592511841116923,0.1459251184113685,0.1459251184116543,0.1459251184113685,0.14592511841116923,0.14473660977922684,0.14473660977973982,0.14473660978032213,0.14473660977973982,0.14473660977922684,0.14473660977973982,0.14473660978092537,0.14473660978299274,0.14473660978092537,0.14473660977973982,0.14473660978032213,0.14473660978299274,0.14473660979242575,0.14473660978299274,0.14473660978032213,0.14473660977973982,0.14473660978092537,0.14473660978299274,0.14473660978092537,0.14473660977973982,0.14473660977922684,0.14473660977973982,0.14473660978032213,0.14473660977973982,0.14473660977922684,0.14357153081960813,0.1435715308202038,0.143571530820827,0.1435715308202038,0.14357153081960813,0.1435715308202038,0.14357153082145943,0.14357153082344196,0.14357153082145943,0.1435715308202038,0.143571530820827,0.14357153082344196,0.14357153083168375,0.14357153082344196,0.143571530820827,0.1435715308202038,0.14357153082145943,0.14357153082344196,0.14357153082145943,0.1435715308202038,0.14357153081960813,0.1435715308202038,0.143571530820827,0.1435715308202038,0.14357153081960813,0.14242936448327576,0.14242936448386037,0.1424293644844369,0.14242936448386037,0.14242936448327576,0.14242936448386037,0.14242936448501198,0.1424293644866912,0.14242936448501198,0.14242936448386037,0.1424293644844369,0.1424293644866912,0.1424293644931166,0.1424293644866912,0.1424293644844369,0.14242936448386037,0.14242936448501198,0.1424293644866912,0.14242936448501198,0.14242936448386037,0.14242936448327576,0.14242936448386037,0.1424293644844369,0.14242936448386037,0.14242936448327576,0.14130960274812068,0.14130960274872098,0.14130960274929513,0.14130960274872098,0.14130960274812068,0.14130960274872098,0.14130960274985924,0.14130960275149076,0.14130960274985924,0.14130960274872098,0.14130960274929513,0.14130960275149076,0.14130960275786464,0.14130960275149076,0.14130960274929513,0.14130960274872098,0.14130960274985924,0.14130960275149076,0.14130960274985924,0.14130960274872098,0.14130960274812068,0.14130960274872098,0.14130960274929513,0.14130960274872098,0.14130960274812068,0.140211746787629,0.14021174678833637,0.14021174678897574,0.14021174678833637,0.140211746787629,0.14021174678833637,0.14021174678959256,0.14021174679125553,0.14021174678959256,0.14021174678833637,0.14021174678897574,0.14021174679125553,0.14021174679752973,0.14021174679125553,0.14021174678897574,0.14021174678833637,0.14021174678959256,0.14021174679125553,0.14021174678959256,0.14021174678833637,0.140211746787629,0.14021174678833637,0.14021174678897574,0.14021174678833637,0.140211746787629,0.1391353070998735,0.13913530710092498,0.1391353071018229,0.13913530710092498,0.1391353070998735,0.13913530710092498,0.13913530710268682,0.13913530710453592,0.13913530710268682,0.13913530710092498,0.1391353071018229,0.13913530710453592,0.13913530710825567,0.13913530710453592,0.1391353071018229,0.13913530710092498,0.13913530710268682,0.13913530710453592,0.13913530710268682,0.13913530710092498,0.1391353070998735,0.13913530710092498,0.1391353071018229,0.13913530710092498,0.1391353070998735,0.1380798036004207,0.13807980360233219,0.13807980360420552,0.13807980360233219,0.1380798036004207,0.13807980360233219,0.13807980360608757,0.13807980361108502,0.13807980360608757,0.13807980360233219,0.13807980360420552,0.13807980361108502,0.13807980362480526,0.13807980361108502,0.13807980360420552,0.13807980360233219,0.13807980360608757,0.13807980361108502,0.13807980360608757,0.13807980360233219,0.1380798036004207,0.13807980360233219,0.13807980360420552,0.13807980360233219,0.1380798036004207,0.13704476568259152,0.13704476568548393,0.1370447656889489,0.13704476568548393,0.13704476568259152,0.13704476568548393,0.13704476569253174,0.13704476570653934,0.13704476569253174,0.13704476568548393,0.1370447656889489,0.13704476570653934,0.13704476578379146,0.13704476570653917,0.1370447656889489,0.13704476568548393,0.13704476569253174,0.13704476570653917,0.13704476569253174,0.13704476568548393,0.13704476568259152,0.13704476568548393,0.1370447656889489,0.13704476568548393,0.13704476568259152,0.13602973225001888,0.13602973225201181,0.136029732253953,0.13602973225201181,0.13602973225001888,0.13602973225201181,0.1360297322558962,0.13602973226106452,0.1360297322558962,0.13602973225201181,0.136029732253953,0.13602973226106452,0.13602973227535725,0.13602973226106452,0.136029732253953,0.13602973225201181,0.1360297322558962,0.13602973226106452,0.1360297322558962,0.13602973225201181,0.13602973225001888,0.13602973225201181,0.136029732253953,0.13602973225201181,0.13602973225001888,0.1350342517264508,0.13503425172769354,0.13503425172871678,0.13503425172769354,0.13503425172645095,0.13503425172769354,0.1350342517296862,0.1350342517316559,0.1350342517296862,0.13503425172769354,0.13503425172871678,0.1350342517316559,0.13503425173522896,0.1350342517316559,0.13503425172871678,0.13503425172769354,0.1350342517296862,0.1350342517316559,0.1350342517296862,0.13503425172769354,0.13503425172645095,0.13503425172769354,0.13503425172871678,0.13503425172769354,0.13503425172645095
0.16533248794687785,0.1653324879468776,0.1653324879468776,0.1653324879468776,0.16533248794687785,0.1653324879468776,0.16533248794687735,0.16533248794687735,0.16533248794687735,0.1653324879468776,0.1653324879468776,0.16533248794687735,0.16533248794687713,0.16533248794687735,0.1653324879468776,0.1653324879468776,0.16533248794687735,0.16533248794687735,0.16533248794687735,0.1653324879468776,0.16533248794687785,0.1653324879468776,0.1653324879468776,0.1653324879468776,0.16533248794687785,0.1637574942248666,0.16375749422486616,0.16375749422486593,0.16375749422486616,0.1637574942248666,0.16375749422486616,0.16375749422486569,0.16375749422486544,0.16375749422486569,0.16375749422486616,0.16375749422486593,0.16375749422486544,0.16375749422486502,0.16375749422486544,0.16375749422486593,0.16375749422486616,0.16375749422486569,0.16375749422486544,0.16375749422486569,0.16375749422486616,0.1637574942248666,0.16375749422486616,0.16375749422486593,0.16375749422486616,0.1637574942248666,0.16221388443481216,0.1622138844348108,0.1622138844348101,0.1622138844348108,0.16221388443481216,0.1622138844348108,0.16221388443480944,0.16221388443480875,0.16221388443480944,0.1622138844348108,0.1622138844348101,0.16221388443480875,0.16221388443480764,0.16221388443480875,0.1622138844348101,0.1622138844348108,0.16221388443480944,0.16221388443480875,0.16221388443480944,0.1622138844348108,0.16221388443481216,0.1622138844348108,0.1622138844348101,0.1622138844348108,0.16221388443481216,0.16070106753375685,0.16070106753375307,0.16070106753375044,0.16070106753375307,0.16070106753375685,0.16070106753375307,0.1607010675337486,0.16070106753374597,0.1607010675337486,0.16070106753375307,0.16070106753375044,0.16070106753374597,0.16070106753374286,0.16070106753374597,0.16070106753375044,0.16070106753375307,0.1607010675337486,0.16070106753374597,0.1607010675337486,0.16070106753375307,0.16070106753375685,0.16070106753375307,0.16070106753375044,0.16070106753375307,0.16070106753375685,0.15921845189668396,0.15921845189667239,0.15921845189666478,0.15921845189667239,0.15921845189668396,0.15921845189667239,0.15921845189665892,0.15921845189664996,0.15921845189665892,0.15921845189667239,0.15921845189666478,0.15921845189664996,0.15921845189663997,0.15921845189664996,0.15921845189666478,0.15921845189667239,0.15921845189665892,0.15921845189664996,0.15921845189665892,0.15921845189667239,0.15921845189668396,0.15921845189667239,0.15921845189666478,0.15921845189667239,0.15921845189668396,0.1577654466683764,0.15776544666834208,0.1577654466683195,0.15776544666834208,0.1577654466683764,0.15776544666834208,0.1577654466683009,0.15776544666827208,0.1577654466683009,0.15776544666834208,0.1577654466683195,0.15776544666827208,0.15776544666823838,0.15776544666827208,0.15776544666831924,0.15776544666834208,0.1577654466683009,0.15776544666827208,0.1577654466683009,0.15776544666834208,0.1577654466683764,0.15776544666834208,0.15776544666831924,0.15776544666834208,0.1577654466683764,0.1563414629777593,0.15634146297766247,0.15634146297759474,0.15634146297766247,0.1563414629777593,0.15634146297766247,0.1563414629775368,0.15634146297744292,0.1563414629775368,0.15634146297766247,0.15634146297759474,0.15634146297744292,0.1563414629773231,0.15634146297744292,0.15634146297759474,0.15634146297766247,0.1563414629775368,0.15634146297744292,0.1563414629775368,0.15634146297766247,0.1563414629777593,0.15634146297766247,0.15634146297759474,0.15634146297766247,0.1563414629777593,0.15494591502501476,0.15494591502475286,0.15494591502455654,0.15494591502475286,0.15494591502501476,0.15494591502475286,0.15494591502437952,0.15494591502406532,0.15494591502437952,0.15494591502475286,0.15494591502455654,0.15494591502406532,0.15494591502360422,0.15494591502406532,0.15494591502455654,0.15494591502475286,0.15494591502437952,0.15494591502406532,0.15494591502437952,0.15494591502475286,0.15494591502501476,0.15494591502475286,0.15494591502455654,0.15494591502475286,0.15494591502501476,0.15357822105121463,0.1535782210505615,0.1535782210500178,0.1535782210505615,0.15357822105121463,0.1535782210505615,0.1535782210495006,0.15357822104843397,0.1535782210495006,0.1535782210505615,0.1535782210500178,0.15357822104843397,0.1535782210464623,0.15357822104843397,0.1535782210500178,0.1535782210505615,0.1535782210495006,0.15357822104843397,0.1535782210495006,0.1535782210505615,0.15357822105121463,0.1535782210505615,0.1535782210500178,0.1535782210505615,0.15357822105121463,0.1522378041996851,0.15223780419826552,0.15223780419689786,0.15223780419826552,0.1522378041996851,0.15223780419826552,0.15223780419553243,0.15223780419197788,0.15223780419553243,0.15223780419826552,0.15223780419689786,0.15223780419197788,0.15223780418245164,0.15223780419197788,0.15223780419689786,0.15223780419826552,0.15223780419553243,0.15223780419197788,0.15223780419553243,0.15223780419826552,0.1522378041996851,0.15223780419826552,0.15223780419689786,0.15223780419826552,0.1522378041996851,0.1509240932776268,0.15092409327526413,0.15092409327254527,0.15092409327526413,0.1509240932776268,0.15092409327526413,0.1509240932697441,0.150924093259518,0.1509240932697441,0.15092409327526413,0.15092409327254527,0.150924093259518,0.15092409320742478,0.150924093259518,0.15092409327254527,0.15092409327526413,0.1509240932697441,0.150924093259518,0.1509240932697441,0.15092409327526413,0.1509240932776268,0.15092409327526413,0.15092409327254527,0.15092409327526413,0.1509240932776268,0.1496365234253038,0.14963652342317338,0.14963652342085595,0.14963652342317338,0.1496365234253038,0.14963652342317338,0.14963652341848335,0.1496365234107014,0.14963652341848335,0.14963652342317338,0.14963652342085595,0.1496365234107014,0.1496365233771678,0.1496365234107014,0.14963652342085595,0.14963652342317338,0.14963652341848335,0.1496365234107014,0.14963652341848335,0.14963652342317338,0.1496365234253038,0.14963652342317338,0.14963652342085595,0.14963652342317338,0.1496365234253038,0.14837453669868014,0.14837453669742232,0.14837453669617487,0.14837453669742232,0.14837453669868014,0.14837453669742232,0.14837453669492276,0.14837453669134332,0.14837453669492276,0.14837453669742232,0.14837453669617487,0.14837453669134332,0.14837453667834558,0.14837453669134332,0.14837453669617487,0.14837453669742232,0.14837453669492276,0.14837453669134332,0.14837453669492276,0.14837453669742232,0.14837453669868014,0.14837453669742232,0.14837453669617487,0.14837453669742232,0.14837453669868014,0.14713758257882886,0.1471375825784276,0.1471375825781073,0.1471375825784276,0.14713758257882886,0.1471375825784276,0.14713758257780724,0.1471375825772539,0.14713758257780724,0.1471375825784276,0.1471375825781073,0.1471375825772539,0.14713758257666115,0.1471375825772539,0.1471375825781073,0.1471375825784276,0.14713758257780724,0.1471375825772539,0.14713758257780724,0.1471375825784276,0.14713758257882886,0.1471375825784276,0.1471375825781073,0.1471375825784276,0.14713758257882886,0.14592511841109837,0.14592511841129335,0.1459251184115747,0.14592511841129335,0.14592511841109837,0.14592511841129335,0.14592511841188133,0.14592511841311762,0.14592511841188133,0.14592511841129335,0.1459251184115747,0.14592511841311762,0.14592511841939598,0.14592511841311762,0.1459251184115747,0.14592511841129335,0.14592511841188133,0.14592511841311762,0.14592511841188133,0.14592511841129335,0.14592511841109837,0.14592511841129335,0.1459251184115747,0.14592511841129335,0.14592511841109837,0.1447366097790673,0.1447366097795733,0.14473660978014774,0.1447366097795733,0.1447366097790673,0.1447366097795733,0.1447366097807428,0.14473660978278313,0.1447366097807428,0.1447366097795733,0.14473660978014774,0.14473660978278313,0.14473660979210912,0.14473660978278313,0.14473660978014774,0.1447366097795733,0.1447366097807428,0.14473660978278313,0.1447366097807428,0.1447366097795733,0.1447366097790673,0.1447366097795733,0.14473660978014774,0.1447366097795733,0.1447366097790673,0.14357153081937374,0.14357153081996168,0.14357153082057666,0.14357153081996168,0.14357153081937374,0.14357153081996168,0.14357153082120086,0.14357153082315616,0.14357153082120086,0.14357153081996168,0.14357153082057666,0.14357153082315616,0.14357153083130064,0.14357153082315616,0.14357153082057666,0.14357153081996168,0.14357153082120086,0.14357153082315616,0.14357153082120086,0.14357153081996168,0.14357153081937374,0.14357153081996168,0.14357153082057666,0.14357153081996168,0.14357153081937374,0.14242936448298069,0.14242936448355908,0.14242936448412963,0.14242936448355908,0.14242936448298069,0.14242936448355908,0.14242936448469865,0.14242936448636037,0.14242936448469865,0.14242936448355908,0.14242936448412963,0.14242936448636037,0.1424293644926972,0.14242936448636037,0.14242936448412963,0.14242936448355908,0.14242936448469865,0.14242936448636037,0.14242936448469865,0.14242936448355908,0.14242936448298069,0.14242936448355908,0.14242936448412963,0.14242936448355908,0.14242936448298069,0.1413096027477768,0.14130960274837215,0.1413096027489417,0.14130960274837215,0.1413096027477768,0.14130960274837215,0.14130960274950102,0.1413096027511189,0.14130960274950102,0.14130960274837215,0.1413096027489417,0.1413096027511189,0.14130960275743554,0.1413096027511189,0.1413096027489417,0.14130960274837215,0.14130960274950102,0.1413096027511189,0.14130960274950102,0.14130960274837215,0.1413096027477768,0.14130960274837215,0.1413096027489417,0.14130960274837215,0.1413096027477768,0.14021174678724535,0.14021174678794907,0.14021174678858436,0.14021174678794907,0.14021174678724535,0.14021174678794907,0.14021174678919746,0.14021174679084952,0.14021174678919746,0.14021174678794907,0.14021174678858436,0.14021174679084952,0.1402117467970887,0.14021174679084952,0.14021174678858436,0.14021174678794907,0.14021174678919746,0.14021174679084952,0.14021174678919746,0.14021174678794907,0.14021174678724535,0.14021174678794907,0.14021174678858436,0.14021174678794907,0.14021174678724535,0.13913530709945768,0.1391353071005058,0.13913530710140073,0.1391353071005058,0.13913530709945768,0.1391353071005058,0.13913530710226182,0.1391353071041046,0.13913530710226182,0.1391353071005058,0.13913530710140073,0.1391353071041046,0.1391353071078104,0.1391353071041046,0.13913530710140073,0.1391353071005058,0.13913530710226182,0.1391353071041046,0.13913530710226182,0.1391353071005058,0.13913530709945768,0.1391353071005058,0.13913530710140073,0.1391353071005058,0.13913530709945768,0.13807980359997926,0.13807980360188626,0.1380798036037553,0.13807980360188626,0.13807980359997926,0.13807980360188626,0.138079803605633,0.13807980361061944,0.138079803605633,0.13807980360188626,0.1380798036037553,0.13807980361061944,0.13807980362431022,0.13807980361061944,0.1380798036037553,0.13807980360188626,0.138079803605633,0.13807980361061944,0.138079803605633,0.13807980360188626,0.13807980359997926,0.13807980360188626,0.1380798036037553,0.13807980360188626,0.13807980359997926,0.13704476568213295,0.1370447656850193,0.13704476568847698,0.1370447656850193,0.13704476568213295,0.1370447656850193,0.13704476569205234,0.1370447657060309,0.13704476569205234,0.1370447656850193,0.13704476568847698,0.1370447657060309,0.1370447657831234,0.1370447657060309,0.13704476568847698,0.1370447656850193,0.13704476569205234,0.1370447657060309,0.1370447656920522,0.1370447656850193,0.13704476568213295,0.1370447656850193,0.13704476568847698,0.1370447656850193,0.13704476568213295,0.13602973224955572,0.13602973225154455,0.13602973225348156,0.13602973225154455,0.13602973224955572,0.13602973225154455,0.1360297322554207,0.13602973226057843,0.1360297322554207,0.13602973225154455,0.13602973225348156,0.13602973226057843,0.13602973227484164,0.13602973226057843,0.13602973225348156,0.13602973225154455,0.1360297322554207,0.13602973226057843,0.1360297322554207,0.13602973225154455,0.13602973224955572,0.13602973225154455,0.13602973225348156,0.13602973225154455,0.13602973224955572,0.13503425172599132,0.13503425172723127,0.13503425172825245,0.13503425172723127,0.13503425172599132,0.13503425172723127,0.13503425172921985,0.13503425173118558,0.13503425172921985,0.13503425172723127,0.13503425172825245,0.13503425173118558,0.13503425173475117,0.13503425173118558,0.13503425172825245,0.13503425172723127,0.13503425172921985,0.13503425173118558,0.13503425172921985,0.13503425172723127,0.13503425172599132,0.13503425172723127,0.13503425172825245,0.13503425172723127,0.13503425172599132
0.16533248794722216,0.1653324879472219,0.1653324879472219,0.1653324879472219,0.16533248794722216,0.1653324879472219,0.1653324879472217,0.1653324879472217,0.1653324879472217,0.1653324879472219,0.1653324879472219,0.1653324879472217,0.16533248794722144,0.1653324879472217,0.1653324879472219,0.1653324879472219,0.1653324879472217,0.1653324879472217,0.1653324879472217,0.1653324879472219,0.16533248794722216,0.1653324879472219,0.1653324879472219,0.1653324879472219,0.16533248794722216,0.1637574942252038,0.16375749422520358,0.16375749422520314,0.16375749422520358,0.1637574942252038,0.16375749422520358,0.16375749422520314,0.1637574942252027,0.16375749422520314,0.16375749422520358,0.16375749422520314,0.1637574942252027,0.16375749422520242,0.1637574942252027,0.16375749422520314,0.16375749422520358,0.16375749422520314,0.1637574942252027,0.16375749422520314,0.16375749422520358,0.1637574942252038,0.16375749422520358,0.16375749422520314,0.16375749422520358,0.1637574942252038,0.16221388443514265,0.16221388443514154,0.16221388443514062,0.16221388443514154,0.16221388443514265,0.16221388443514154,0.16221388443514015,0.16221388443513926,0.16221388443514015,0.16221388443514154,0.16221388443514062,0.16221388443513926,0.16221388443513834,0.16221388443513926,0.16221388443514062,0.16221388443514154,0.16221388443514015,0.16221388443513926,0.16221388443514015,0.16221388443514154,0.16221388443514265,0.16221388443514154,0.16221388443514062,0.16221388443514154,0.16221388443514265,0.16070106753408078,0.16070106753407676,0.16070106753407432,0.16070106753407676,0.16070106753408078,0.16070106753407676,0.16070106753407254,0.16070106753406965,0.16070106753407254,0.16070106753407676,0.16070106753407432,0.16070106753406965,0.16070106753406677,0.16070106753406965,0.16070106753407432,0.16070106753407676,0.16070106753407254,0.16070106753406965,0.16070106753407254,0.16070106753407676,0.16070106753408078,0.16070106753407676,0.16070106753407432,0.16070106753407676,0.16070106753408078,0.15921845189700115,0.1592184518969894,0.15921845189698178,0.1592184518969894,0.15921845189700115,0.1592184518969894,0.15921845189697612,0.15921845189696718,0.15921845189697612,0.1592184518969894,0.15921845189698178,0.15921845189696718,0.15921845189695716,0.15921845189696718,0.15921845189698178,0.1592184518969894,0.15921845189697612,0.15921845189696718,0.15921845189697612,0.1592184518969894,0.15921845189700115,0.1592184518969894,0.15921845189698178,0.1592184518969894,0.15921845189700115,0.15776544666868664,0.15776544666865275,0.1577654466686299,0.15776544666865275,0.15776544666868664,0.15776544666865275,0.1577654466686116,0.15776544666858275,0.1577654466686116,0.15776544666865275,0.1577654466686299,0.15776544666858275,0.15776544666854925,0.15776544666858275,0.1577654466686299,0.15776544666865275,0.1577654466686116,0.15776544666858275,0.1577654466686116,0.15776544666865275,0.15776544666868664,0.15776544666865275,0.1577654466686299,0.15776544666865275,0.15776544666868664,0.1563414629780627,0.1563414629779663,0.15634146297789878,0.1563414629779663,0.1563414629780627,0.1563414629779663,0.15634146297784104,0.1563414629777476,0.15634146297784104,0.1563414629779663,0.15634146297789878,0.1563414629777476,0.1563414629776282,0.1563414629777476,0.15634146297789878,0.1563414629779663,0.15634146297784104,0.1563414629777476,0.15634146297784104,0.1563414629779663,0.1563414629780627,0.1563414629779663,0.15634146297789878,0.1563414629779663,0.1563414629780627,0.15494591502531027,0.15494591502504962,0.1549459150248541,0.15494591502504962,0.15494591502531027,0.15494591502504962,0.15494591502467786,0.15494591502436492,0.15494591502467786,0.15494591502504962,0.1549459150248541,0.15494591502436492,0.15494591502390567,0.15494591502436492,0.1549459150248541,0.15494591502504962,0.15494591502467786,0.15494591502436492,0.15494591502467786,0.15494591502504962,0.15494591502531027,0.15494591502504962,0.1549459150248541,0.15494591502504962,0.15494591502531027,0.1535782210515004,0.1535782210508499,0.15357822105030863,0.1535782210508499,0.1535782210515004,0.1535782210508499,0.15357822104979368,0.1535782210487314,0.15357822104979368,0.1535782210508499,0.15357822105030863,0.1535782210487314,0.15357822104676777,0.1535782210487314,0.15357822105030863,0.1535782210508499,0.15357822104979368,0.1535782210487314,0.15357822104979368,0.1535782210508499,0.1535782210515004,0.1535782210508499,0.15357822105030863,0.1535782210508499,0.1535782210515004,0.1522378041999552,0.1522378041985417,0.15223780419717994,0.1522378041985417,0.1522378041999552,0.1522378041985417,0.15223780419582017,0.15223780419228042,0.15223780419582017,0.1522378041985417,0.15223780419717994,0.15223780419228042,0.1522378041827926,0.15223780419228042,0.15223780419717994,0.1522378041985417,0.15223780419582017,0.15223780419228042,0.15223780419582017,0.1522378041985417,0.1522378041999552,0.1522378041985417,0.15223780419717994,0.1522378041985417,0.1522378041999552,0.15092409327786793,0.15092409327551606,0.1509240932728092,0.15092409327551606,0.15092409327786793,0.15092409327551606,0.15092409327002054,0.15092409325983763,0.15092409327002054,0.15092409327551606,0.1509240932728092,0.15092409325983763,0.1509240932079499,0.15092409325983763,0.1509240932728092,0.15092409327551606,0.15092409327002054,0.15092409325983763,0.15092409327002054,0.15092409327551606,0.15092409327786793,0.15092409327551606,0.1509240932728092,0.15092409327551606,0.15092409327786793,0.14963652342549347,0.14963652342337438,0.14963652342106926,0.14963652342337438,0.14963652342549347,0.14963652342337438,0.14963652341870967,0.14963652341097217,0.14963652341870967,0.14963652342337438,0.14963652342106926,0.14963652341097217,0.14963652337759623,0.149636523410972,0.14963652342106926,0.14963652342337438,0.14963652341870967,0.149636523410972,0.14963652341870967,0.14963652342337438,0.14963652342549347,0.14963652342337438,0.14963652342106926,0.14963652342337438,0.14963652342549347,0.1483745366987947,0.14837453669754372,0.14837453669630385,0.14837453669754372,0.1483745366987947,0.14837453669754372,0.14837453669505918,0.14837453669150416,0.14837453669505918,0.14837453669754372,0.14837453669630385,0.14837453669150416,0.14837453667864894,0.14837453669150416,0.14837453669630385,0.14837453669754372,0.14837453669505918,0.14837453669150416,0.14837453669505918,0.14837453669754372,0.1483745366987947,0.14837453669754372,0.14837453669630385,0.14837453669754372,0.1483745366987947,0.147137582578853,0.14713758257845266,0.14713758257813295,0.14713758257845266,0.147137582578853,0.14713758257845266,0.14713758257783321,0.14713758257727896,0.14713758257783321,0.14713758257845266,0.14713758257813295,0.14713758257727896,0.14713758257666115,0.14713758257727896,0.14713758257813295,0.14713758257845266,0.14713758257783321,0.14713758257727896,0.14713758257783321,0.14713758257845266,0.147137582578853,0.14713758257845266,0.14713758257813295,0.14713758257845266,0.147137582578853,0.1459251184110291,0.14592511841122016,0.14592511841149705,0.14592511841122016,0.1459251184110291,0.14592511841122016,0.14592511841179925,0.14592511841301986,0.14592511841179925,0.14592511841122016,0.14592511841149705,0.14592511841301986,0.14592511841924,0.14592511841301986,0.14592511841149705,0.14592511841122016,0.14592511841179925,0.14592511841301986,0.14592511841179925,0.14592511841122016,0.1459251184110291,0.14592511841122016,0.14592511841149705,0.14592511841122016,0.1459251184110291,0.14473660977891123,0.14473660977941047,0.1447366097799772,0.14473660977941047,0.14473660977891123,0.14473660977941047,0.1447366097805644,0.144736609782578,0.1447366097805644,0.14473660977941047,0.1447366097799772,0.144736609782578,0.14473660979177713,0.144736609782578,0.1447366097799772,0.14473660977941047,0.1447366097805644,0.144736609782578,0.1447366097805644,0.14473660977941047,0.14473660977891123,0.14473660977941047,0.1447366097799772,0.14473660977941047,0.14473660977891123,0.1435715308191441,0.14357153081972468,0.14357153082033178,0.14357153081972468,0.1435715308191441,0.14357153081972468,0.14357153082094778,0.14357153082287624,0.14357153082094778,0.14357153081972468,0.14357153082033178,0.14357153082287624,0.14357153083089083,0.14357153082287624,0.14357153082033178,0.14357153081972468,0.14357153082094778,0.14357153082287624,0.14357153082094778,0.14357153081972468,0.1435715308191441,0.14357153081972468,0.14357153082033178,0.14357153081972468,0.1435715308191441,0.14242936448269164,0.14242936448326401,0.14242936448382867,0.14242936448326401,0.14242936448269164,0.14242936448326401,0.14242936448439147,0.14242936448603627,0.14242936448439147,0.14242936448326401,0.14242936448382867,0.14242936448603627,0.1424293644923382,0.14242936448603627,0.14242936448382867,0.14242936448326401,0.14242936448439147,0.14242936448603627,0.14242936448439147,0.14242936448326401,0.14242936448269164,0.14242936448326401,0.14242936448382867,0.14242936448326401,0.14242936448269164,0.14130960274743978,0.1413096027480304,0.14130960274859516,0.1413096027480304,0.14130960274743978,0.1413096027480304,0.14130960274915005,0.14130960275075444,0.14130960274915005,0.1413096027480304,0.14130960274859516,0.14130960275075444,0.14130960275703078,0.14130960275075444,0.14130960274859516,0.1413096027480304,0.14130960274915005,0.14130960275075444,0.14130960274915005,0.1413096027480304,0.14130960274743978,0.1413096027480304,0.14130960274859516,0.1413096027480304,0.14130960274743978,0.14021174678686946,0.1402117467875693,0.14021174678820092,0.1402117467875693,0.14021174678686946,0.1402117467875693,0.1402117467888103,0.14021174679045137,0.1402117467888103,0.1402117467875693,0.14021174678820092,0.14021174679045137,0.14021174679662785,0.14021174679045137,0.14021174678820092,0.1402117467875693,0.1402117467888103,0.14021174679045137,0.1402117467888103,0.1402117467875693,0.14021174678686946,0.1402117467875693,0.14021174678820092,0.1402117467875693,0.14021174678686946,0.13913530709905023,0.1391353071000949,0.13913530710098698,0.1391353071000949,0.13913530709905023,0.1391353071000949,0.13913530710184518,0.13913530710368166,0.13913530710184518,0.1391353071000949,0.13913530710098698,0.13913530710368166,0.13913530710737387,0.13913530710368166,0.13913530710098698,0.1391353071000949,0.13913530710184518,0.13913530710368166,0.13913530710184518,0.1391353071000949,0.13913530709905023,0.1391353071000949,0.13913530710098698,0.1391353071000949,0.13913530709905023,0.13807980359954639,0.13807980360144906,0.1380798036033139,0.13807980360144906,0.13807980359954639,0.13807980360144906,0.13807980360518743,0.13807980361016314,0.13807980360518743,0.13807980360144906,0.1380798036033139,0.13807980361016314,0.13807980362382494,0.13807980361016314,0.1380798036033139,0.13807980360144906,0.13807980360518743,0.13807980361016314,0.13807980360518743,0.13807980360144906,0.13807980359954639,0.13807980360144906,0.1380798036033139,0.13807980360144906,0.13807980359954639,0.13704476568168353,0.13704476568456375,0.1370447656880143,0.13704476568456375,0.13704476568168353,0.13704476568456375,0.13704476569158225,0.13704476570553237,0.13704476569158225,0.13704476568456375,0.1370447656880143,0.13704476570553237,0.13704476578248667,0.13704476570553237,0.1370447656880143,0.13704476568456375,0.13704476569158225,0.13704476570553237,0.13704476569158225,0.13704476568456364,0.13704476568168353,0.13704476568456375,0.1370447656880143,0.13704476568456364,0.13704476568168353,0.13602973224910156,0.13602973225108617,0.13602973225301934,0.13602973225108617,0.13602973224910156,0.13602973225108617,0.13602973225495443,0.13602973226010173,0.13602973225495443,0.13602973225108617,0.13602973225301934,0.13602973226010173,0.13602973227433618,0.13602973226010173,0.13602973225301934,0.13602973225108617,0.13602973225495443,0.13602973226010173,0.13602973225495443,0.13602973225108617,0.13602973224910156,0.13602973225108617,0.13602973225301934,0.13602973225108617,0.13602973224910156,0.13503425172554062,0.1350342517267781,0.13503425172779723,0.1350342517267781,0.13503425172554062,0.1350342517267781,0.13503425172876254,0.13503425173072434,0.13503425172876268,0.1350342517267781,0.13503425172779723,0.13503425173072434,0.13503425173428277,0.13503425173072434,0.13503425172779723,0.1350342517267781,0.13503425172876268,0.13503425173072434,0.13503425172876268,0.13503425172677824,0.13503425172554062,0.1350342517267781,0.13503425172779723,0.13503425172677824,0.13503425172554062
0.16533248794755961,0.1653324879475594,0.1653324879475594,0.1653324879475594,0.16533248794755961,0.1653324879475594,0.16533248794755911,0.16533248794755911,0.16533248794755911,0.1653324879475594,0.1653324879475594,0.16533248794755911,0.1653324879475589,0.16533248794755911,0.1653324879475594,0.1653324879475594,0.16533248794755911,0.16533248794755911,0.16533248794755911,0.1653324879475594,0.16533248794755961,0.1653324879475594,0.1653324879475594,0.1653324879475594,0.16533248794755961,0.16375749422553457,0.16375749422553412,0.1637574942255339,0.16375749422553412,0.16375749422553457,0.16375749422553412,0.16375749422553365,0.1637574942255334,0.16375749422553365,0.16375749422553412,0.1637574942255339,0.1637574942255334,0.16375749422553318,0.1637574942255334,0.1637574942255339,0.16375749422553412,0.16375749422553365,0.1637574942255334,0.16375749422553365,0.16375749422553412,0.16375749422553457,0.16375749422553412,0.1637574942255339,0.16375749422553412,0.16375749422553457,0.16221388443546683,0.16221388443546544,0.16221388443546453,0.16221388443546544,0.16221388443546683,0.16221388443546544,0.16221388443546408,0.16221388443546317,0.16221388443546408,0.16221388443546544,0.16221388443546453,0.16221388443546317,0.16221388443546228,0.16221388443546317,0.16221388443546453,0.16221388443546544,0.16221388443546408,0.16221388443546317,0.16221388443546408,0.16221388443546544,0.16221388443546683,0.16221388443546544,0.16221388443546453,0.16221388443546544,0.16221388443546683,0.16070106753439797,0.1607010675343942,0.16070106753439176,0.1607010675343942,0.16070106753439797,0.1607010675343942,0.16070106753438998,0.16070106753438712,0.16070106753438998,0.1607010675343942,0.16070106753439176,0.16070106753438712,0.1607010675343842,0.16070106753438712,0.16070106753439176,0.1607010675343942,0.16070106753438998,0.16070106753438712,0.16070106753438998,0.1607010675343942,0.16070106753439797,0.1607010675343942,0.16070106753439176,0.1607010675343942,0.16070106753439797,0.15921845189731185,0.1592184518973003,0.1592184518972927,0.1592184518973003,0.15921845189731185,0.1592184518973003,0.159218451897287,0.1592184518972781,0.159218451897287,0.1592184518973003,0.1592184518972927,0.1592184518972781,0.1592184518972683,0.1592184518972781,0.1592184518972927,0.1592184518973003,0.159218451897287,0.1592184518972781,0.159218451897287,0.1592184518973003,0.15921845189731185,0.1592184518973003,0.1592184518972927,0.1592184518973003,0.15921845189731185,0.15776544666899095,0.157765446668957,0.15776544666893438,0.157765446668957,0.15776544666899095,0.157765446668957,0.15776544666891607,0.15776544666888745,0.15776544666891607,0.157765446668957,0.15776544666893438,0.15776544666888745,0.15776544666885417,0.15776544666888745,0.15776544666893438,0.157765446668957,0.15776544666891607,0.15776544666888745,0.15776544666891607,0.157765446668957,0.15776544666899095,0.157765446668957,0.15776544666893438,0.157765446668957,0.15776544666899095,0.15634146297836007,0.15634146297826407,0.15634146297819676,0.15634146297826407,0.15634146297836007,0.15634146297826407,0.15634146297813942,0.1563414629780462,0.15634146297813942,0.15634146297826407,0.15634146297819676,0.1563414629780462,0.15634146297792742,0.1563414629780462,0.15634146297819676,0.15634146297826407,0.15634146297813942,0.1563414629780462,0.15634146297813942,0.15634146297826407,0.15634146297836007,0.15634146297826407,0.15634146297819676,0.15634146297826407,0.15634146297836007,0.15494591502560023,0.1549459150253406,0.15494591502514593,0.1549459150253406,0.15494591502560023,0.1549459150253406,0.1549459150249703,0.1549459150246588,0.1549459150249703,0.1549459150253406,0.15494591502514593,0.1549459150246588,0.1549459150242012,0.1549459150246588,0.15494591502514593,0.1549459150253406,0.1549459150249703,0.1549459150246588,0.1549459150249703,0.1549459150253406,0.15494591502560023,0.1549459150253406,0.15494591502514593,0.1549459150253406,0.15494591502560023,0.15357822105178037,0.15357822105113267,0.15357822105059363,0.15357822105113267,0.15357822105178037,0.15357822105113267,0.15357822105008087,0.15357822104902283,0.15357822105008087,0.15357822105113267,0.15357822105059363,0.15357822104902283,0.153578221047067,0.15357822104902283,0.15357822105059363,0.15357822105113267,0.15357822105008087,0.15357822104902283,0.15357822105008087,0.15357822105113267,0.15357822105178037,0.15357822105113267,0.15357822105059363,0.15357822105113267,0.15357822105178037,0.15223780420021976,0.15223780419881236,0.1522378041974563,0.15223780419881236,0.15223780420021976,0.15223780419881236,0.15223780419610244,0.15223780419257704,0.15223780419610244,0.15223780419881236,0.1522378041974563,0.15223780419257704,0.1522378041831268,0.15223780419257704,0.1522378041974563,0.15223780419881236,0.15223780419610244,0.15223780419257704,0.15223780419610244,0.15223780419881236,0.15223780420021976,0.15223780419881236,0.1522378041974563,0.15223780419881236,0.15223780420021976,0.15092409327810447,0.150924093275763,0.1509240932730681,0.150924093275763,0.15092409327810447,0.150924093275763,0.1509240932702916,0.15092409326015097,0.1509240932702916,0.150924093275763,0.1509240932730681,0.15092409326015097,0.15092409320843395,0.15092409326015097,0.1509240932730681,0.150924093275763,0.1509240932702916,0.15092409326015097,0.1509240932702916,0.150924093275763,0.15092409327810447,0.150924093275763,0.1509240932730681,0.150924093275763,0.15092409327810447,0.14963652342567968,0.1496365234235714,0.14963652342127856,0.1496365234235714,0.14963652342567968,0.1496365234235714,0.1496365234189317,0.14963652341123748,0.1496365234189317,0.1496365234235714,0.14963652342127856,0.14963652341123748,0.1496365233780731,0.14963652341123748,0.14963652342127856,0.1496365234235714,0.1496365234189317,0.14963652341123748,0.1496365234189317,0.1496365234235714,0.14963652342567968,0.1496365234235714,0.14963652342127856,0.1496365234235714,0.14963652342567968,0.14837453669890718,0.14837453669766307,0.14837453669643041,0.14837453669766307,0.14837453669890718,0.14837453669766307,0.14837453669519315,0.14837453669166187,0.14837453669519315,0.14837453669766307,0.14837453669643041,0.14837453669166187,0.14837453667889172,0.14837453669166187,0.14837453669643041,0.14837453669766307,0.14837453669519315,0.14837453669166187,0.14837453669519315,0.14837453669766307,0.14837453669890718,0.14837453669766307,0.14837453669643041,0.14837453669766307,0.14837453669890718,0.147137582578877,0.14713758257847773,0.14713758257815837,0.14713758257847773,0.147137582578877,0.14713758257847773,0.1471375825778592,0.14713758257730403,0.1471375825778592,0.14713758257847773,0.14713758257815837,0.14713758257730403,0.1471375825766532,0.14713758257730403,0.14713758257815837,0.14713758257847773,0.1471375825778592,0.14713758257730403,0.1471375825778592,0.14713758257847773,0.147137582578877,0.14713758257847773,0.14713758257815837,0.14713758257847773,0.147137582578877,0.14592511841096145,0.14592511841114894,0.14592511841142136,0.14592511841114894,0.14592511841096145,0.14592511841114894,0.1459251184117189,0.1459251184129246,0.1459251184117189,0.14592511841114894,0.14592511841142136,0.1459251184129246,0.14592511841908773,0.1459251184129246,0.14592511841142136,0.14592511841114894,0.1459251184117189,0.1459251184129246,0.1459251184117189,0.14592511841114894,0.14592511841096145,0.14592511841114894,0.14592511841142136,0.14592511841114894,0.14592511841096145,0.14473660977875868,0.1447366097792511,0.14473660977981034,0.1447366097792511,0.14473660977875868,0.1447366097792511,0.14473660978038985,0.1447366097823773,0.14473660978038985,0.1447366097792511,0.14473660977981034,0.1447366097823773,0.1447366097914633,0.1447366097823773,0.14473660977981034,0.1447366097792511,0.14473660978038985,0.1447366097823773,0.14473660978038985,0.1447366097792511,0.14473660977875868,0.1447366097792511,0.14473660977981034,0.1447366097792511,0.14473660977875868,0.1435715308189191,0.14357153081949248,0.14357153082009172,0.14357153081949248,0.1435715308189191,0.14357153081949248,0.14357153082069984,0.14357153082260193,0.14357153082069984,0.14357153081949248,0.14357153082009172,0.14357153082260193,0.14357153083049007,0.14357153082260193,0.14357153082009172,0.14357153081949248,0.14357153082069984,0.14357153082260193,0.14357153082069984,0.14357153081949248,0.1435715308189191,0.14357153081949248,0.14357153082009172,0.14357153081949248,0.1435715308189191,0.1424293644824083,0.14242936448297483,0.14242936448353358,0.14242936448297483,0.1424293644824083,0.14242936448297483,0.1424293644840907,0.14242936448571858,0.1424293644840907,0.14242936448297483,0.14242936448353358,0.14242936448571858,0.14242936449195207,0.14242936448571858,0.14242936448353358,0.14242936448297483,0.1424293644840907,0.14242936448571858,0.1424293644840907,0.14242936448297483,0.1424293644824083,0.14242936448297483,0.14242936448353358,0.14242936448297483,0.1424293644824083,0.14130960274710955,0.14130960274769555,0.1413096027482557,0.14130960274769538,0.14130960274710955,0.14130960274769555,0.14130960274880602,0.14130960275039722,0.14130960274880602,0.14130960274769555,0.1413096027482557,0.14130960275039722,0.14130960275660745,0.14130960275039722,0.1413096027482557,0.14130960274769538,0.14130960274880602,0.14130960275039722,0.14130960274880602,0.14130960274769538,0.14130960274710955,0.14130960274769555,0.1413096027482557,0.14130960274769538,0.14130960274710955,0.14021174678650103,0.14021174678719697,0.14021174678782505,0.14021174678719697,0.14021174678650103,0.14021174678719697,0.1402117467884307,0.140211746790061,0.1402117467884307,0.14021174678719697,0.14021174678782505,0.140211746790061,0.14021174679619391,0.140211746790061,0.14021174678782505,0.14021174678719697,0.1402117467884307,0.140211746790061,0.1402117467884307,0.14021174678719697,0.14021174678650103,0.14021174678719697,0.14021174678782505,0.14021174678719697,0.14021174678650103,0.13913530709865068,0.13913530709969202,0.13913530710058108,0.13913530709969202,0.13913530709865068,0.13913530709969202,0.1391353071014368,0.13913530710326708,0.1391353071014368,0.13913530709969202,0.13913530710058108,0.13913530710326708,0.13913530710694588,0.13913530710326708,0.13913530710058108,0.13913530709969202,0.1391353071014368,0.13913530710326708,0.1391353071014368,0.13913530709969202,0.13913530709865068,0.13913530709969202,0.13913530710058108,0.13913530709969202,0.13913530709865068,0.13807980359912203,0.13807980360102037,0.13807980360288102,0.13807980360102037,0.13807980359912203,0.13807980360102037,0.1380798036047505,0.13807980360971556,0.1380798036047505,0.13807980360102037,0.13807980360288102,0.13807980360971556,0.13807980362334896,0.13807980360971556,0.13807980360288102,0.13807980360102037,0.1380798036047505,0.13807980360971556,0.1380798036047505,0.13807980360102037,0.13807980359912203,0.13807980360102037,0.13807980360288102,0.13807980360102037,0.13807980359912203,0.1370447656812426,0.13704476568411694,0.13704476568756066,0.13704476568411694,0.1370447656812426,0.13704476568411694,0.13704476569112126,0.1370447657050434,0.13704476569112126,0.13704476568411694,0.13704476568756066,0.1370447657050434,0.13704476578181937,0.1370447657050434,0.1370447656875605,0.13704476568411694,0.13704476569112126,0.1370447657050434,0.13704476569112126,0.13704476568411694,0.1370447656812426,0.13704476568411694,0.1370447656875605,0.13704476568411694,0.1370447656812426,0.13602973224865617,0.13602973225063678,0.13602973225256604,0.13602973225063678,0.13602973224865617,0.13602973225063678,0.13602973225449727,0.13602973225963427,0.13602973225449727,0.13602973225063678,0.13602973225256604,0.13602973225963427,0.13602973227384024,0.13602973225963427,0.13602973225256604,0.13602973225063678,0.13602973225449727,0.13602973225963427,0.13602973225449727,0.13602973225063678,0.13602973224865617,0.13602973225063678,0.13602973225256604,0.13602973225063678,0.13602973224865617,0.1350342517250987,0.13503425172633382,0.13503425172735076,0.13503425172633382,0.1350342517250987,0.13503425172633382,0.13503425172831418,0.13503425173027203,0.13503425172831418,0.13503425172633382,0.13503425172735076,0.13503425173027203,0.13503425173382327,0.13503425173027203,0.13503425172735076,0.13503425172633382,0.13503425172831418,0.13503425173027203,0.13503425172831418,0.13503425172633382,0.1350342517250987,0.13503425172633382,0.13503425172735076,0.13503425172633382,0.1350342517250987
0.16533248794789046,0.1653324879478902,0.16533248794789,0.1653324879478902,0.16533248794789046,0.1653324879478902,0.16533248794789,0.16533248794789,0.16533248794789,0.1653324879478902,0.16533248794789,0.16533248794789,0.16533248794788977,0.16533248794789,0.16533248794789,0.1653324879478902,0.16533248794789,0.16533248794789,0.16533248794789,0.1653324879478902,0.16533248794789046,0.1653324879478902,0.16533248794789,0.1653324879478902,0.16533248794789046,0.16375749422585884,0.1637574942258584,0.16375749422585817,0.1637574942258584,0.16375749422585884,0.1637574942258584,0.16375749422585792,0.16375749422585767,0.16375749422585792,0.1637574942258584,0.16375749422585817,0.16375749422585767,0.16375749422585745,0.16375749422585767,0.16375749422585817,0.1637574942258584,0.16375749422585792,0.16375749422585767,0.16375749422585792,0.1637574942258584,0.16375749422585884,0.1637574942258584,0.16375749422585817,0.1637574942258584,0.16375749422585884,0.16221388443578438,0.16221388443578302,0.16221388443578233,0.16221388443578302,0.16221388443578438,0.16221388443578302,0.16221388443578164,0.16221388443578072,0.16221388443578164,0.16221388443578302,0.16221388443578233,0.16221388443578072,0.16221388443577983,0.16221388443578072,0.16221388443578233,0.16221388443578302,0.16221388443578164,0.16221388443578072,0.16221388443578164,0.16221388443578302,0.16221388443578438,0.16221388443578302,0.16221388443578233,0.16221388443578302,0.16221388443578438,0.16070106753470922,0.16070106753470523,0.16070106753470279,0.16070106753470523,0.16070106753470922,0.16070106753470523,0.160701067534701,0.16070106753469832,0.160701067534701,0.16070106753470523,0.16070106753470279,0.16070106753469832,0.1607010675346952,0.16070106753469832,0.16070106753470279,0.16070106753470523,0.160701067534701,0.16070106753469832,0.160701067534701,0.16070106753470523,0.16070106753470922,0.16070106753470523,0.16070106753470279,0.16070106753470523,0.16070106753470922,0.15921845189761644,0.1592184518976049,0.15921845189759745,0.1592184518976049,0.15921845189761644,0.1592184518976049,0.15921845189759182,0.1592184518975829,0.15921845189759182,0.1592184518976049,0.15921845189759745,0.1592184518975829,0.15921845189757308,0.1592184518975829,0.15921845189759745,0.1592184518976049,0.15921845189759182,0.1592184518975829,0.15921845189759182,0.1592184518976049,0.15921845189761644,0.1592184518976049,0.15921845189759745,0.1592184518976049,0.15921845189761644,0.157765446669289,0.1577654466692553,0.15776544666923267,0.1577654466692553,0.157765446669289,0.1577654466692553,0.15776544666921455,0.15776544666918593,0.15776544666921455,0.1577654466692553,0.15776544666923267,0.15776544666918593,0.15776544666915288,0.15776544666918593,0.15776544666923267,0.1577654466692553,0.15776544666921455,0.15776544666918593,0.15776544666921455,0.1577654466692553,0.157765446669289,0.1577654466692553,0.15776544666923267,0.1577654466692553,0.157765446669289,0.15634146297865156,0.15634146297855597,0.15634146297848905,0.15634146297855597,0.15634146297865156,0.15634146297855597,0.1563414629784318,0.15634146297833895,0.1563414629784318,0.15634146297855597,0.15634146297848905,0.15634146297833895,0.15634146297822057,0.15634146297833895,0.15634146297848905,0.15634146297855597,0.1563414629784318,0.15634146297833895,0.1563414629784318,0.15634146297855597,0.15634146297865156,0.15634146297855597,0.15634146297848905,0.15634146297855597,0.15634146297865156,0.15494591502588428,0.15494591502562566,0.1549459150254318,0.15494591502562566,0.15494591502588428,0.15494591502562566,0.154945915025257,0.15494591502494673,0.154945915025257,0.15494591502562566,0.1549459150254318,0.15494591502494673,0.15494591502449095,0.15494591502494673,0.1549459150254318,0.15494591502562566,0.154945915025257,0.15494591502494673,0.154945915025257,0.15494591502562566,0.15494591502588428,0.15494591502562566,0.1549459150254318,0.15494591502562566,0.15494591502588428,0.15357822105205496,0.15357822105140986,0.153578221050873,0.15357822105140986,0.15357822105205496,0.15357822105140986,0.15357822105036245,0.15357822104930863,0.15357822105036245,0.15357822105140986,0.153578221050873,0.15357822104930863,0.15357822104736066,0.15357822104930863,0.153578221050873,0.15357822105140986,0.15357822105036245,0.15357822104930863,0.15357822105036245,0.15357822105140986,0.15357822105205496,0.15357822105140986,0.153578221050873,0.15357822105140986,0.15357822105205496,0.1522378042004792,0.15223780419907768,0.15223780419772737,0.15223780419907768,0.1522378042004792,0.15223780419907768,0.15223780419637903,0.15223780419286798,0.15223780419637903,0.15223780419907768,0.15223780419772737,0.15223780419286798,0.15223780418345453,0.15223780419286798,0.15223780419772737,0.15223780419907768,0.15223780419637903,0.15223780419286798,0.15223780419637903,0.15223780419907768,0.1522378042004792,0.15223780419907768,0.15223780419772737,0.15223780419907768,0.1522378042004792,0.15092409327833617,0.15092409327600528,0.15092409327332199,0.15092409327600528,0.15092409327833617,0.15092409327600528,0.15092409327055745,0.1509240932604583,0.15092409327055745,0.15092409327600528,0.15092409327332199,0.1509240932604583,0.15092409320893804,0.1509240932604583,0.15092409327332199,0.15092409327600528,0.15092409327055745,0.1509240932604583,0.15092409327055745,0.15092409327600528,0.15092409327833617,0.15092409327600528,0.15092409327332199,0.15092409327600528,0.15092409327833617,0.14963652342586214,0.14963652342376466,0.14963652342148392,0.14963652342376466,0.14963652342586214,0.14963652342376466,0.14963652341914913,0.14963652341149747,0.14963652341914913,0.14963652342376466,0.14963652342148392,0.14963652341149747,0.14963652337854885,0.14963652341149747,0.14963652342148392,0.14963652342376466,0.14963652341914913,0.14963652341149747,0.14963652341914913,0.14963652342376466,0.14963652342586214,0.14963652342376466,0.14963652342148392,0.14963652342376466,0.14963652342586214,0.14837453669901765,0.14837453669778017,0.1483745366965546,0.14837453669778017,0.14837453669901765,0.14837453669778017,0.14837453669532458,0.14837453669181663,0.14837453669532458,0.14837453669778017,0.1483745366965546,0.14837453669181663,0.14837453667914377,0.14837453669181663,0.1483745366965546,0.14837453669778017,0.14837453669532458,0.14837453669181663,0.14837453669532458,0.14837453669778017,0.14837453669901765,0.14837453669778017,0.1483745366965546,0.14837453669778017,0.14837453669901765,0.1471375825789008,0.14713758257850226,0.14713758257818343,0.14713758257850226,0.1471375825789008,0.14713758257850226,0.14713758257788478,0.14713758257732912,0.14713758257788478,0.14713758257850226,0.14713758257818343,0.14713758257732912,0.14713758257668968,0.14713758257732912,0.14713758257818343,0.14713758257850226,0.14713758257788478,0.14713758257732912,0.14713758257788478,0.14713758257850226,0.1471375825789008,0.14713758257850226,0.14713758257818343,0.14713758257850226,0.1471375825789008,0.1459251184108954,0.14592511841107897,0.1459251184113473,0.14592511841107897,0.1459251184108954,0.14592511841107897,0.14592511841164058,0.14592511841283148,0.14592511841164058,0.14592511841107897,0.1459251184113473,0.14592511841283148,0.14592511841888778,0.14592511841283148,0.1459251184113473,0.14592511841107897,0.14592511841164058,0.14592511841283148,0.14592511841164058,0.14592511841107897,0.1459251184108954,0.14592511841107897,0.1459251184113473,0.14592511841107897,0.1459251184108954,0.1447366097786091,0.14473660977909486,0.14473660977964678,0.14473660977909486,0.1447366097786091,0.14473660977909486,0.14473660978021863,0.14473660978218053,0.14473660978021863,0.14473660977909486,0.14473660977964678,0.14473660978218053,0.14473660979116218,0.14473660978218053,0.14473660977964678,0.14473660977909486,0.14473660978021863,0.14473660978218053,0.14473660978021863,0.14473660977909486,0.1447366097786091,0.14473660977909486,0.14473660977964678,0.14473660977909486,0.1447366097786091,0.1435715308186985,0.14357153081926471,0.14357153081985627,0.14357153081926471,0.1435715308186985,0.14357153081926471,0.14357153082045654,0.14357153082233295,0.14357153082045654,0.14357153081926471,0.14357153081985627,0.14357153082233295,0.14357153083009278,0.14357153082233295,0.14357153081985627,0.14357153081926471,0.14357153082045654,0.14357153082233295,0.14357153082045654,0.14357153081926471,0.1435715308186985,0.14357153081926471,0.14357153081985627,0.14357153081926471,0.1435715308186985,0.14242936448213034,0.14242936448269114,0.14242936448324423,0.14242936448269114,0.14242936448213034,0.14242936448269114,0.14242936448379545,0.14242936448540688,0.14242936448379545,0.14242936448269114,0.14242936448324423,0.14242936448540688,0.1424293644916003,0.14242936448540688,0.14242936448324423,0.14242936448269114,0.14242936448379545,0.14242936448540688,0.14242936448379545,0.14242936448269114,0.14242936448213034,0.14242936448269114,0.14242936448324423,0.14242936448269114,0.14242936448213034,0.1413096027467854,0.14130960274736679,0.1413096027479225,0.14130960274736679,0.1413096027467854,0.14130960274736679,0.14130960274846838,0.1413096027500466,0.14130960274846838,0.14130960274736679,0.1413096027479225,0.1413096027500466,0.14130960275621043,0.1413096027500466,0.1413096027479225,0.14130960274736679,0.14130960274846838,0.1413096027500466,0.14130960274846838,0.14130960274736679,0.1413096027467854,0.14130960274736679,0.1413096027479225,0.14130960274736679,0.1413096027467854,0.14021174678613932,0.14021174678683157,0.14021174678745596,0.14021174678683157,0.14021174678613932,0.14021174678683157,0.1402117467880582,0.140211746789678,0.1402117467880582,0.14021174678683157,0.14021174678745596,0.140211746789678,0.14021174679576742,0.140211746789678,0.14021174678745596,0.14021174678683157,0.1402117467880582,0.140211746789678,0.1402117467880582,0.14021174678683157,0.14021174678613932,0.14021174678683157,0.14021174678745596,0.14021174678683157,0.14021174678613932,0.13913530709825842,0.13913530709929658,0.1391353071001828,0.13913530709929658,0.13913530709825842,0.13913530709929658,0.1391353071010358,0.13913530710285993,0.1391353071010358,0.13913530709929658,0.1391353071001828,0.13913530710285993,0.13913530710652577,0.13913530710285993,0.1391353071001828,0.13913530709929658,0.1391353071010358,0.13913530710285993,0.1391353071010358,0.13913530709929658,0.13913530709825842,0.13913530709929658,0.1391353071001828,0.13913530709929658,0.13913530709825842,0.13807980359870545,0.1380798036005996,0.1380798036024562,0.1380798036005996,0.13807980359870545,0.1380798036005996,0.13807980360432148,0.13807980360927616,0.13807980360432148,0.1380798036005996,0.1380798036024562,0.13807980360927616,0.13807980362288166,0.13807980360927616,0.1380798036024562,0.1380798036005996,0.13807980360432148,0.13807980360927616,0.13807980360432148,0.1380798036005996,0.13807980359870545,0.1380798036005996,0.1380798036024562,0.1380798036005996,0.13807980359870545,0.13704476568080992,0.13704476568367843,0.13704476568711516,0.13704476568367843,0.13704476568080992,0.13704476568367843,0.13704476569066862,0.13704476570456342,0.13704476569066862,0.13704476568367843,0.13704476568711516,0.13704476570456342,0.13704476578118643,0.13704476570456342,0.13704476568711516,0.13704476568367843,0.13704476569066862,0.13704476570456342,0.13704476569066862,0.13704476568367843,0.13704476568080992,0.13704476568367843,0.13704476568711516,0.13704476568367843,0.13704476568080992,0.13602973224821888,0.13602973225019557,0.13602973225212112,0.13602973225019557,0.13602973224821888,0.13602973225019557,0.13602973225404846,0.1360297322591752,0.13602973225404846,0.13602973225019557,0.13602973225212112,0.1360297322591752,0.1360297322733534,0.1360297322591752,0.13602973225212112,0.13602973225019557,0.13602973225404846,0.1360297322591752,0.13602973225404846,0.13602973225019557,0.13602973224821888,0.13602973225019557,0.13602973225212112,0.13602973225019557,0.13602973224821888,0.13503425172466493,0.13503425172589742,0.1350342517269125,0.13503425172589742,0.13503425172466493,0.13503425172589742,0.135034251727874,0.13503425172982791,0.135034251727874,0.13503425172589742,0.1350342517269125,0.13503425172982791,0.1350342517333723,0.13503425172982791,0.1350342517269125,0.13503425172589742,0.135034251727874,0.13503425172982791,0.135034251727874,0.13503425172589742,0.13503425172466493,0.13503425172589742,0.1350342517269125,0.13503425172589742,0.13503425172466493
0.16533248794821492,0.16533248794821473,0.16533248794821448,0.16533248794821473,0.16533248794821492,0.16533248794821473,0.16533248794821448,0.16533248794821448,0.16533248794821448,0.16533248794821473,0.16533248794821448,0.16533248794821448,0.16533248794821426,0.16533248794821448,0.16533248794821448,0.16533248794821473,0.16533248794821448,0.16533248794821448,0.16533248794821448,0.16533248794821473,0.16533248794821492,0.16533248794821473,0.16533248794821448,0.16533248794821473,0.16533248794821492,0.16375749422617686,0.16375749422617641,0.16375749422617616,0.16375749422617641,0.16375749422617686,0.16375749422617641,0.16375749422617594,0.16375749422617572,0.16375749422617594,0.16375749422617641,0.16375749422617616,0.16375749422617572,0.16375749422617522,0.16375749422617572,0.16375749422617616,0.16375749422617641,0.16375749422617594,0.16375749422617572,0.16375749422617594,0.16375749422617641,0.16375749422617686,0.16375749422617641,0.16375749422617616,0.16375749422617641,0.16375749422617686,0.16221388443609583,0.1622138844360947,0.16221388443609377,0.1622138844360947,0.16221388443609583,0.1622138844360947,0.16221388443609333,0.16221388443609241,0.16221388443609333,0.1622138844360947,0.16221388443609377,0.16221388443609241,0.16221388443609153,0.16221388443609241,0.16221388443609377,0.1622138844360947,0.16221388443609333,0.16221388443609241,0.16221388443609333,0.1622138844360947,0.16221388443609583,0.1622138844360947,0.16221388443609377,0.1622138844360947,0.16221388443609583,0.16070106753501426,0.16070106753501046,0.160701067535008,0.16070106753501046,0.16070106753501426,0.16070106753501046,0.16070106753500624,0.16070106753500357,0.16070106753500624,0.16070106753501046,0.160701067535008,0.16070106753500357,0.16070106753500046,0.16070106753500357,0.160701067535008,0.16070106753501046,0.16070106753500624,0.16070106753500357,0.16070106753500624,0.16070106753501046,0.16070106753501426,0.16070106753501046,0.160701067535008,0.16070106753501046,0.16070106753501426,0.15921845189791536,0.1592184518979038,0.1592184518978964,0.1592184518979038,0.15921845189791536,0.1592184518979038,0.15921845189789074,0.1592184518978818,0.15921845189789074,0.1592184518979038,0.1592184518978964,0.1592184518978818,0.159218451897872,0.1592184518978818,0.1592184518978964,0.1592184518979038,0.15921845189789074,0.1592184518978818,0.15921845189789074,0.1592184518979038,0.15921845189791536,0.1592184518979038,0.1592184518978964,0.1592184518979038,0.15921845189791536,0.15776544666958153,0.15776544666954803,0.1577654466695254,0.15776544666954803,0.15776544666958153,0.15776544666954803,0.1577654466695073,0.1577654466694789,0.1577654466695073,0.15776544666954803,0.1577654466695254,0.1577654466694789,0.15776544666944584,0.1577654466694789,0.1577654466695254,0.15776544666954803,0.1577654466695073,0.1577654466694789,0.1577654466695073,0.15776544666954803,0.15776544666958153,0.15776544666954803,0.1577654466695254,0.15776544666954803,0.15776544666958153,0.15634146297893764,0.15634146297884227,0.15634146297877574,0.15634146297884227,0.15634146297893764,0.15634146297884227,0.15634146297871868,0.15634146297862628,0.15634146297871868,0.15634146297884227,0.15634146297877574,0.15634146297862628,0.15634146297850832,0.15634146297862628,0.15634146297877574,0.15634146297884227,0.15634146297871868,0.15634146297862628,0.15634146297871868,0.15634146297884227,0.15634146297893764,0.15634146297884227,0.15634146297877574,0.15634146297884227,0.15634146297893764,0.154945915026163,0.1549459150259054,0.15494591502571237,0.1549459150259054,0.154945915026163,0.1549459150259054,0.15494591502553817,0.15494591502522914,0.15494591502553817,0.1549459150259054,0.15494591502571237,0.15494591502522914,0.15494591502477523,0.15494591502522914,0.15494591502571237,0.1549459150259054,0.15494591502553817,0.15494591502522914,0.15494591502553817,0.1549459150259054,0.154945915026163,0.1549459150259054,0.15494591502571237,0.1549459150259054,0.154945915026163,0.15357822105232427,0.15357822105168198,0.15357822105114713,0.15357822105168198,0.15357822105232427,0.15357822105168198,0.15357822105063862,0.153578221049589,0.15357822105063862,0.15357822105168198,0.15357822105114713,0.153578221049589,0.15357822104764843,0.153578221049589,0.15357822105114713,0.15357822105168198,0.15357822105063862,0.153578221049589,0.15357822105063862,0.15357822105168198,0.15357822105232427,0.15357822105168198,0.15357822105114713,0.15357822105168198,0.15357822105232427,0.15223780420073368,0.1522378041993381,0.1522378041979933,0.1522378041993381,0.15223780420073368,0.1522378041993381,0.15223780419665045,0.1522378041931532,0.15223780419665045,0.1522378041993381,0.1522378041979933,0.1522378041931532,0.15223780418377597,0.1522378041931532,0.1522378041979933,0.1522378041993381,0.15223780419665045,0.1522378041931532,0.15223780419665045,0.1522378041993381,0.15223780420073368,0.1522378041993381,0.1522378041979933,0.1522378041993381,0.15223780420073368,0.15092409327856363,0.15092409327624298,0.15092409327357104,0.15092409327624298,0.15092409327856363,0.15092409327624298,0.15092409327081807,0.15092409326075962,0.15092409327081807,0.15092409327624298,0.15092409327357104,0.15092409326075962,0.15092409320945352,0.15092409326075962,0.15092409327357104,0.15092409327624298,0.15092409327081807,0.15092409326075962,0.15092409327081807,0.15092409327624298,0.15092409327856363,0.15092409327624298,0.15092409327357104,0.15092409327624298,0.15092409327856363,0.1496365234260412,0.1496365234239543,0.1496365234216853,0.1496365234239543,0.1496365234260412,0.1496365234239543,0.1496365234193626,0.14963652341175254,0.1496365234193626,0.1496365234239543,0.1496365234216853,0.14963652341175254,0.14963652337895178,0.14963652341175254,0.1496365234216853,0.1496365234239543,0.1496365234193626,0.14963652341175254,0.1496365234193626,0.1496365234239543,0.1496365234260412,0.1496365234239543,0.1496365234216853,0.1496365234239543,0.1496365234260412,0.14837453669912623,0.14837453669789527,0.14837453669667655,0.14837453669789527,0.14837453669912623,0.14837453669789527,0.14837453669545375,0.1483745366919688,0.14837453669545375,0.14837453669789527,0.14837453669667655,0.1483745366919688,0.14837453667942732,0.1483745366919688,0.14837453669667655,0.14837453669789527,0.14837453669545375,0.1483745366919688,0.14837453669545375,0.14837453669789527,0.14837453669912623,0.14837453669789527,0.14837453669667655,0.14837453669789527,0.14837453669912623,0.14713758257892423,0.1471375825785266,0.14713758257820836,0.1471375825785266,0.14713758257892423,0.1471375825785266,0.14713758257791024,0.14713758257735401,0.14713758257791024,0.1471375825785266,0.14713758257820836,0.14713758257735401,0.14713758257670023,0.14713758257735401,0.14713758257820836,0.1471375825785266,0.14713758257791024,0.14713758257735401,0.14713758257791024,0.1471375825785266,0.14713758257892423,0.1471375825785266,0.14713758257820836,0.1471375825785266,0.14713758257892423,0.14592511841083075,0.14592511841101075,0.145925118411275,0.14592511841101075,0.14592511841083075,0.14592511841101075,0.14592511841156403,0.14592511841274064,0.14592511841156403,0.14592511841101075,0.145925118411275,0.14592511841274064,0.1459251184187765,0.14592511841274064,0.145925118411275,0.14592511841101075,0.14592511841156403,0.14592511841274064,0.14592511841156403,0.14592511841101075,0.14592511841083075,0.14592511841101075,0.145925118411275,0.14592511841101075,0.14592511841083075,0.14473660977846248,0.14473660977894176,0.14473660977948657,0.14473660977894176,0.14473660977846248,0.14473660977894176,0.14473660978005107,0.14473660978198802,0.14473660978005107,0.14473660977894176,0.14473660977948657,0.14473660978198802,0.14473660979085043,0.14473660978198802,0.14473660977948657,0.14473660977894176,0.14473660978005107,0.14473660978198802,0.14473660978005107,0.14473660977894176,0.14473660977846248,0.14473660977894176,0.14473660977948657,0.14473660977894176,0.14473660977846248,0.14357153081848223,0.1435715308190416,0.1435715308196256,0.1435715308190416,0.14357153081848223,0.1435715308190416,0.14357153082021817,0.14357153082206928,0.14357153082021817,0.1435715308190416,0.1435715308196256,0.14357153082206928,0.1435715308297197,0.14357153082206928,0.1435715308196256,0.1435715308190416,0.14357153082021817,0.14357153082206928,0.14357153082021817,0.1435715308190416,0.14357153081848223,0.1435715308190416,0.1435715308196256,0.1435715308190416,0.14357153081848223,0.14242936448185792,0.142429364482413,0.14242936448296037,0.142429364482413,0.14242936448185792,0.142429364482413,0.1424293644835061,0.14242936448510124,0.1424293644835061,0.142429364482413,0.14242936448296037,0.14242936448510124,0.14242936449121646,0.14242936448510124,0.14242936448296037,0.142429364482413,0.1424293644835061,0.14242936448510124,0.1424293644835061,0.142429364482413,0.14242936448185792,0.142429364482413,0.14242936448296037,0.142429364482413,0.14242936448185792,0.1413096027464673,0.14130960274704427,0.14130960274759555,0.14130960274704427,0.1413096027464673,0.14130960274704427,0.14130960274813714,0.14130960274970267,0.14130960274813714,0.14130960274704427,0.14130960274759555,0.14130960274970267,0.14130960275581833,0.14130960274970267,0.14130960274759555,0.14130960274704427,0.14130960274813714,0.14130960274970267,0.14130960274813714,0.14130960274704427,0.1413096027464673,0.14130960274704427,0.14130960274759555,0.14130960274704427,0.1413096027464673,0.14021174678578438,0.14021174678647308,0.14021174678709392,0.14021174678647308,0.14021174678578438,0.14021174678647308,0.14021174678769263,0.14021174678930196,0.14021174678769263,0.14021174678647308,0.14021174678709392,0.14021174678930196,0.1402117467953478,0.14021174678930196,0.14021174678709392,0.14021174678647308,0.14021174678769263,0.14021174678930196,0.14021174678769263,0.14021174678647308,0.14021174678578438,0.14021174678647308,0.14021174678709392,0.14021174678647308,0.14021174678578438,0.13913530709787356,0.1391353070989086,0.1391353070997921,0.1391353070989086,0.13913530709787356,0.1391353070989086,0.13913530710064226,0.13913530710246055,0.13913530710064226,0.1391353070989086,0.1391353070997921,0.13913530710246055,0.1391353071061134,0.13913530710246055,0.1391353070997921,0.1391353070989086,0.13913530710064226,0.13913530710246055,0.13913530710064226,0.1391353070989086,0.13913530709787356,0.1391353070989086,0.1391353070997921,0.1391353070989086,0.13913530709787356,0.1380798035982966,0.13807980360018654,0.13807980360203914,0.13807980360018654,0.1380798035982966,0.13807980360018654,0.13807980360390057,0.138079803608845,0.13807980360390057,0.13807980360018654,0.13807980360203914,0.138079803608845,0.13807980362242292,0.138079803608845,0.13807980360203914,0.13807980360018654,0.13807980360390057,0.138079803608845,0.13807980360390057,0.13807980360018654,0.1380798035982966,0.13807980360018654,0.13807980360203914,0.13807980360018654,0.1380798035982966,0.13704476568038526,0.137044765683248,0.1370447656866779,0.137044765683248,0.13704476568038526,0.137044765683248,0.13704476569022453,0.13704476570409224,0.13704476569022453,0.137044765683248,0.1370447656866779,0.13704476570409224,0.13704476578056793,0.13704476570409224,0.1370447656866779,0.137044765683248,0.13704476569022453,0.13704476570409224,0.13704476569022453,0.137044765683248,0.13704476568038526,0.137044765683248,0.1370447656866779,0.137044765683248,0.13704476568038526,0.13602973224778972,0.13602973224976256,0.13602973225168424,0.13602973224976256,0.13602973224778972,0.13602973224976256,0.13602973225360784,0.13602973225872475,0.13602973225360784,0.13602973224976256,0.13602973225168424,0.13602973225872475,0.13602973227287538,0.13602973225872475,0.13602973225168424,0.13602973224976256,0.13602973225360784,0.13602973225872475,0.13602973225360784,0.13602973224976256,0.13602973224778972,0.13602973224976256,0.13602973225168424,0.13602973224976256,0.13602973224778972,0.13503425172423908,0.13503425172546926,0.13503425172648223,0.13503425172546926,0.13503425172423908,0.13503425172546926,0.13503425172744202,0.13503425172939212,0.13503425172744202,0.13503425172546926,0.13503425172648223,0.13503425172939212,0.13503425173292946,0.13503425172939212,0.13503425172648223,0.13503425172546926,0.13503425172744202,0.13503425172939212,0.13503425172744202,0.13503425172546926,0.13503425172423908,0.13503425172546926,0.13503425172648223,0.13503425172546926,0.13503425172423908
0.16533248794853328,0.16533248794853328,0.16533248794853303,0.16533248794853328,0.16533248794853328,0.16533248794853328,0.16533248794853303,0.1653324879485328,0.16533248794853303,0.16533248794853328,0.16533248794853303,0.1653324879485328,0.1653324879485328,0.1653324879485328,0.16533248794853303,0.16533248794853328,0.16533248794853303,0.1653324879485328,0.16533248794853303,0.16533248794853328,0.16533248794853328,0.16533248794853328,0.16533248794853303,0.16533248794853328,0.16533248794853328,0.16375749422648886,0.16375749422648841,0.1637574942264882,0.16375749422648841,0.16375749422648886,0.16375749422648841,0.16375749422648794,0.16375749422648772,0.16375749422648794,0.16375749422648841,0.1637574942264882,0.16375749422648772,0.16375749422648747,0.16375749422648772,0.1637574942264882,0.16375749422648841,0.16375749422648794,0.16375749422648772,0.16375749422648794,0.16375749422648841,0.16375749422648886,0.16375749422648841,0.1637574942264882,0.16375749422648841,0.16375749422648886,0.1622138844364016,0.16221388443640047,0.16221388443639956,0.16221388443640047,0.1622138844364016,0.16221388443640047,0.16221388443639911,0.1622138844363982,0.16221388443639911,0.16221388443640047,0.16221388443639956,0.1622138844363982,0.1622138844363973,0.1622138844363982,0.16221388443639956,0.16221388443640047,0.16221388443639911,0.1622138844363982,0.16221388443639911,0.16221388443640047,0.1622138844364016,0.16221388443640047,0.16221388443639956,0.16221388443640047,0.1622138844364016,0.16070106753531394,0.1607010675353099,0.1607010675353077,0.1607010675353099,0.16070106753531394,0.1607010675353099,0.1607010675353059,0.16070106753530303,0.1607010675353059,0.16070106753531013,0.1607010675353077,0.16070106753530303,0.16070106753530017,0.16070106753530303,0.1607010675353077,0.1607010675353099,0.1607010675353059,0.16070106753530303,0.1607010675353059,0.16070106753531013,0.16070106753531394,0.16070106753531013,0.1607010675353077,0.16070106753531013,0.16070106753531394,0.1592184518982086,0.15921845189819728,0.1592184518981899,0.15921845189819728,0.1592184518982086,0.15921845189819728,0.1592184518981842,0.1592184518981753,0.1592184518981842,0.15921845189819728,0.1592184518981899,0.1592184518981753,0.1592184518981655,0.1592184518981753,0.1592184518981899,0.15921845189819728,0.1592184518981842,0.1592184518981753,0.1592184518981842,0.15921845189819728,0.1592184518982086,0.15921845189819728,0.1592184518981899,0.15921845189819728,0.1592184518982086,0.15776544666986875,0.15776544666983525,0.15776544666981282,0.15776544666983525,0.15776544666986875,0.15776544666983525,0.1577654466697947,0.15776544666976652,0.1577654466697947,0.15776544666983525,0.15776544666981282,0.15776544666976652,0.15776544666973366,0.15776544666976652,0.15776544666981282,0.15776544666983525,0.1577654466697947,0.15776544666976652,0.1577654466697947,0.15776544666983525,0.15776544666986875,0.15776544666983525,0.15776544666981282,0.15776544666983525,0.15776544666986875,0.15634146297921844,0.15634146297912327,0.156341462979057,0.15634146297912327,0.15634146297921844,0.15634146297912327,0.15634146297900034,0.15634146297890814,0.15634146297900034,0.15634146297912327,0.156341462979057,0.15634146297890814,0.1563414629787908,0.15634146297890814,0.156341462979057,0.15634146297912327,0.15634146297900034,0.15634146297890814,0.15634146297900034,0.15634146297912327,0.15634146297921844,0.15634146297912327,0.156341462979057,0.15634146297912327,0.15634146297921844,0.15494591502643656,0.15494591502618021,0.15494591502598778,0.15494591502618021,0.15494591502643656,0.15494591502618021,0.15494591502581423,0.15494591502550642,0.15494591502581423,0.15494591502618021,0.15494591502598778,0.15494591502550642,0.15494591502505434,0.15494591502550642,0.15494591502598778,0.15494591502618021,0.15494591502581423,0.15494591502550642,0.15494591502581423,0.15494591502618021,0.15494591502643656,0.15494591502618021,0.15494591502598778,0.15494591502618021,0.15494591502643656,0.15357822105258878,0.1535782210519489,0.15357822105141647,0.1535782210519489,0.15357822105258878,0.1535782210519489,0.15357822105090976,0.15357822104986438,0.15357822105090976,0.1535782210519489,0.15357822105141647,0.15357822104986438,0.15357822104793123,0.15357822104986438,0.15357822105141647,0.1535782210519489,0.15357822105090976,0.15357822104986438,0.15357822105090976,0.1535782210519489,0.15357822105258878,0.1535782210519489,0.15357822105141647,0.1535782210519489,0.15357822105258878,0.15223780420098348,0.1522378041995936,0.1522378041982543,0.1522378041995936,0.15223780420098348,0.1522378041995936,0.1522378041969168,0.1522378041934333,0.1522378041969168,0.1522378041995936,0.1522378041982543,0.1522378041934333,0.15223780418409152,0.1522378041934333,0.1522378041982543,0.1522378041995936,0.1522378041969168,0.1522378041934333,0.1522378041969168,0.1522378041995936,0.15223780420098348,0.1522378041995936,0.1522378041982543,0.1522378041995936,0.15223780420098348,0.150924093278787,0.1509240932764762,0.15092409327381548,0.1509240932764762,0.150924093278787,0.1509240932764762,0.1509240932710741,0.15092409326105555,0.1509240932710741,0.1509240932764762,0.15092409327381548,0.15092409326105555,0.1509240932099314,0.15092409326105555,0.15092409327381548,0.1509240932764762,0.1509240932710741,0.15092409326105555,0.1509240932710741,0.1509240932764762,0.150924093278787,0.1509240932764762,0.15092409327381548,0.1509240932764762,0.150924093278787,0.14963652342621725,0.14963652342414055,0.14963652342188308,0.14963652342414055,0.14963652342621725,0.14963652342414055,0.1496365234195723,0.14963652341200287,0.1496365234195723,0.14963652342414055,0.14963652342188308,0.14963652341200287,0.14963652337944075,0.14963652341200287,0.14963652342188308,0.14963652342414055,0.1496365234195723,0.14963652341200287,0.1496365234195723,0.14963652342414055,0.14963652342621725,0.14963652342414055,0.14963652342188308,0.14963652342414055,0.14963652342621725,0.14837453669923298,0.14837453669800832,0.14837453669679665,0.14837453669800832,0.14837453669923298,0.14837453669800832,0.14837453669558068,0.14837453669211836,0.14837453669558068,0.14837453669800832,0.14837453669679665,0.14837453669211836,0.14837453667965694,0.14837453669211836,0.14837453669679665,0.14837453669800832,0.14837453669558068,0.14837453669211836,0.14837453669558068,0.14837453669800832,0.14837453669923298,0.14837453669800832,0.14837453669679665,0.14837453669800832,0.14837453669923298,0.1471375825789475,0.14713758257855095,0.1471375825782332,0.14713758257855095,0.1471375825789475,0.14713758257855095,0.1471375825779355,0.14713758257737908,0.1471375825779355,0.14713758257855095,0.1471375825782332,0.14713758257737908,0.14713758257673,0.14713758257737908,0.1471375825782332,0.14713758257855095,0.1471375825779355,0.14713758257737908,0.1471375825779355,0.14713758257855095,0.1471375825789475,0.14713758257855095,0.1471375825782332,0.14713758257855095,0.1471375825789475,0.14592511841076755,0.1459251184109442,0.1459251184112045,0.1459251184109442,0.14592511841076755,0.1459251184109442,0.1459251184114894,0.14592511841265215,0.1459251184114894,0.1459251184109442,0.1459251184112045,0.14592511841265215,0.14592511841861552,0.14592511841265215,0.1459251184112045,0.1459251184109442,0.1459251184114894,0.14592511841265215,0.1459251184114894,0.1459251184109442,0.14592511841076755,0.1459251184109442,0.1459251184112045,0.1459251184109442,0.14592511841076755,0.14473660977831898,0.14473660977879185,0.14473660977932962,0.14473660977879185,0.14473660977831898,0.14473660977879185,0.14473660977988678,0.14473660978179934,0.14473660977988678,0.14473660977879185,0.14473660977932962,0.14473660978179934,0.14473660979053016,0.14473660978179934,0.14473660977932962,0.14473660977879185,0.14473660977988678,0.14473660978179934,0.14473660977988678,0.14473660977879185,0.14473660977831898,0.14473660977879185,0.14473660977932962,0.14473660977879185,0.14473660977831898,0.14357153081827023,0.14357153081882257,0.14357153081939922,0.14357153081882257,0.14357153081827023,0.14357153081882257,0.14357153081998425,0.14357153082181057,0.14357153081998425,0.14357153081882257,0.14357153081939922,0.14357153082181057,0.14357153082936722,0.14357153082181057,0.14357153081939922,0.14357153081882257,0.14357153081998425,0.14357153082181057,0.14357153081998425,0.14357153081882257,0.14357153081827023,0.14357153081882257,0.14357153081939922,0.14357153081882257,0.14357153081827023,0.14242936448159052,0.14242936448213991,0.1424293644826819,0.14242936448213991,0.14242936448159052,0.14242936448213991,0.1424293644832219,0.14242936448480129,0.1424293644832219,0.14242936448213991,0.1424293644826819,0.14242936448480129,0.14242936449087978,0.14242936448480129,0.1424293644826819,0.14242936448213991,0.1424293644832219,0.14242936448480129,0.1424293644832219,0.14242936448213991,0.14242936448159052,0.14242936448213991,0.1424293644826819,0.14242936448213991,0.14242936448159052,0.1413096027461553,0.14130960274672782,0.14130960274727483,0.14130960274672782,0.1413096027461553,0.14130960274672782,0.14130960274781199,0.14130960274936502,0.14130960274781199,0.14130960274672782,0.14130960274727483,0.14130960274936502,0.14130960275542362,0.14130960274936502,0.14130960274727483,0.14130960274672782,0.14130960274781199,0.14130960274936502,0.14130960274781199,0.14130960274672782,0.1413096027461553,0.14130960274672782,0.14130960274727483,0.14130960274672782,0.1413096027461553,0.1402117467854361,0.14021174678612108,0.14021174678673853,0.14021174678612108,0.1402117467854361,0.14021174678612108,0.14021174678733386,0.14021174678893303,0.14021174678733386,0.14021174678612108,0.14021174678673853,0.14021174678893303,0.14021174679495452,0.14021174678893303,0.14021174678673853,0.14021174678612108,0.14021174678733386,0.14021174678893303,0.14021174678733386,0.14021174678612108,0.1402117467854361,0.14021174678612108,0.14021174678673853,0.14021174678612108,0.1402117467854361,0.1391353070974957,0.13913530709852753,0.13913530709940836,0.13913530709852753,0.1391353070974957,0.13913530709852753,0.139135307100256,0.13913530710206845,0.139135307100256,0.13913530709852753,0.13913530709940836,0.13913530710206845,0.13913530710570865,0.13913530710206845,0.13913530709940836,0.13913530709852753,0.139135307100256,0.13913530710206845,0.139135307100256,0.13913530709852753,0.1391353070974957,0.13913530709852753,0.13913530709940836,0.13913530709852753,0.1391353070974957,0.1380798035978952,0.13807980359978095,0.13807980360162983,0.13807980359978095,0.1380798035978952,0.13807980359978095,0.13807980360348723,0.1380798036084216,0.13807980360348723,0.13807980359978095,0.13807980360162983,0.1380798036084216,0.13807980362197253,0.1380798036084216,0.13807980360162983,0.13807980359978095,0.13807980360348723,0.1380798036084216,0.13807980360348723,0.13807980359978095,0.1380798035978952,0.13807980359978095,0.13807980360162983,0.13807980359978095,0.1380798035978952,0.13704476567996823,0.13704476568282536,0.13704476568624854,0.13704476568282536,0.13704476567996823,0.13704476568282536,0.13704476568978832,0.13704476570362945,0.13704476568978832,0.13704476568282536,0.13704476568624854,0.13704476570362945,0.13704476577996555,0.13704476570362945,0.13704476568624854,0.13704476568282536,0.13704476568978832,0.13704476570362945,0.13704476568978832,0.13704476568282536,0.13704476567996823,0.13704476568282536,0.13704476568624854,0.13704476568282536,0.13704476567996823,0.13602973224736836,0.13602973224933745,0.1360297322512554,0.13602973224933745,0.13602973224736836,0.13602973224933745,0.1360297322531753,0.13602973225828233,0.1360297322531753,0.13602973224933745,0.1360297322512554,0.13602973225828233,0.1360297322724061,0.13602973225828233,0.1360297322512554,0.13602973224933745,0.1360297322531753,0.13602973225828233,0.1360297322531753,0.13602973224933732,0.13602973224736836,0.13602973224933745,0.1360297322512554,0.13602973224933732,0.13602973224736836,0.13503425172382097,0.13503425172504882,0.13503425172605976,0.13503425172504882,0.13503425172382097,0.13503425172504882,0.1350342517270176,0.13503425172896408,0.1350342517270176,0.13503425172504882,0.13503425172605976,0.13503425172896408,0.13503425173249473,0.13503425172896408,0.13503425172605976,0.13503425172504882,0.1350342517270176,0.13503425172896408,0.1350342517270176,0.13503425172504882,0.13503425172382097,0.13503425172504882,0.13503425172605976,0.13503425172504882,0.13503425172382097
0.1653324879488462,0.16533248794884597,0.16533248794884597,0.16533248794884597,0.1653324879488462,0.16533248794884597,0.16533248794884572,0.16533248794884572,0.16533248794884572,0.16533248794884597,0.16533248794884597,0.16533248794884572,0.16533248794884572,0.16533248794884572,0.16533248794884597,0.16533248794884597,0.16533248794884572,0.16533248794884572,0.16533248794884572,0.16533248794884597,0.1653324879488462,0.16533248794884597,0.16533248794884597,0.16533248794884597,0.1653324879488462,0.1637574942267953,0.1637574942267951,0.16375749422679464,0.1637574942267951,0.1637574942267953,0.1637574942267951,0.16375749422679464,0.1637574942267944,0.16375749422679464,0.1637574942267951,0.16375749422679464,0.1637574942267944,0.16375749422679392,0.1637574942267944,0.16375749422679464,0.1637574942267951,0.16375749422679464,0.1637574942267944,0.16375749422679464,0.1637574942267951,0.1637574942267953,0.1637574942267951,0.16375749422679464,0.1637574942267951,0.1637574942267953,0.16221388443670198,0.16221388443670082,0.16221388443669993,0.16221388443670082,0.16221388443670198,0.16221388443670082,0.16221388443669946,0.16221388443669854,0.16221388443669946,0.16221388443670082,0.16221388443669993,0.16221388443669854,0.16221388443669768,0.16221388443669854,0.16221388443669993,0.16221388443670082,0.16221388443669946,0.16221388443669854,0.16221388443669946,0.16221388443670082,0.16221388443670198,0.16221388443670082,0.16221388443669993,0.16221388443670082,0.16221388443670198,0.16070106753560806,0.1607010675356043,0.16070106753560182,0.1607010675356043,0.16070106753560806,0.1607010675356043,0.16070106753560004,0.1607010675355974,0.16070106753560004,0.1607010675356043,0.16070106753560182,0.1607010675355974,0.16070106753559427,0.1607010675355974,0.16070106753560182,0.1607010675356043,0.16070106753560004,0.1607010675355974,0.16070106753560004,0.1607010675356043,0.16070106753560806,0.1607010675356043,0.16070106753560182,0.1607010675356043,0.16070106753560806,0.15921845189849687,0.15921845189848532,0.15921845189847791,0.15921845189848532,0.15921845189849687,0.15921845189848532,0.15921845189847228,0.15921845189846356,0.15921845189847228,0.15921845189848532,0.15921845189847791,0.15921845189846356,0.15921845189845374,0.15921845189846356,0.15921845189847791,0.15921845189848532,0.15921845189847228,0.15921845189846356,0.15921845189847228,0.15921845189848532,0.15921845189849687,0.15921845189848532,0.15921845189847791,0.15921845189848532,0.15921845189849687,0.1577654466701508,0.1577654466701173,0.15776544667009512,0.1577654466701173,0.1577654466701508,0.1577654466701173,0.157765446670077,0.15776544667004902,0.157765446670077,0.1577654466701173,0.15776544667009512,0.15776544667004902,0.15776544667001616,0.15776544667004902,0.15776544667009512,0.1577654466701173,0.157765446670077,0.15776544667004902,0.157765446670077,0.1577654466701173,0.1577654466701508,0.1577654466701173,0.15776544667009512,0.1577654466701173,0.1577654466701508,0.15634146297949406,0.15634146297939952,0.15634146297933343,0.15634146297939952,0.15634146297949406,0.15634146297939952,0.15634146297927679,0.1563414629791852,0.15634146297927679,0.15634146297939952,0.15634146297933343,0.1563414629791852,0.1563414629790681,0.1563414629791852,0.15634146297933343,0.15634146297939952,0.15634146297927679,0.1563414629791852,0.15634146297927679,0.15634146297939952,0.15634146297949406,0.15634146297939952,0.15634146297933343,0.15634146297939952,0.15634146297949406,0.15494591502670524,0.15494591502644992,0.1549459150262583,0.15494591502644992,0.15494591502670524,0.15494591502644992,0.15494591502608554,0.15494591502577876,0.15494591502608554,0.15494591502644992,0.1549459150262583,0.15494591502577876,0.15494591502532834,0.15494591502577876,0.1549459150262583,0.15494591502644992,0.15494591502608554,0.15494591502577876,0.15494591502608554,0.15494591502644992,0.15494591502670524,0.15494591502644992,0.1549459150262583,0.15494591502644992,0.15494591502670524,0.1535782210528485,0.1535782210522112,0.15357822105168079,0.1535782210522112,0.1535782210528485,0.1535782210522112,0.15357822105117608,0.1535782210501347,0.15357822105117608,0.1535782210522112,0.15357822105168079,0.1535782210501347,0.15357822104820879,0.1535782210501347,0.15357822105168079,0.1535782210522112,0.15357822105117608,0.1535782210501347,0.15357822105117608,0.1535782210522112,0.1535782210528485,0.1535782210522112,0.15357822105168079,0.1535782210522112,0.1535782210528485,0.15223780420122895,0.15223780419984476,0.15223780419851077,0.15223780419984476,0.15223780420122895,0.15223780419984476,0.15223780419717858,0.1522378041937085,0.15223780419717858,0.15223780419984476,0.15223780419851077,0.1522378041937085,0.15223780418440133,0.1522378041937085,0.15223780419851077,0.15223780419984476,0.15223780419717858,0.1522378041937085,0.15223780419717858,0.15223780419984476,0.15223780420122895,0.15223780419984476,0.15223780419851077,0.15223780419984476,0.15223780420122895,0.15092409327900655,0.15092409327670542,0.15092409327405568,0.15092409327670542,0.15092409327900655,0.15092409327670542,0.15092409327132544,0.1509240932613461,0.15092409327132544,0.15092409327670542,0.15092409327405568,0.1509240932613461,0.1509240932104297,0.1509240932613461,0.15092409327405568,0.15092409327670542,0.15092409327132544,0.1509240932613461,0.15092409327132544,0.15092409327670542,0.15092409327900655,0.15092409327670542,0.15092409327405568,0.15092409327670542,0.15092409327900655,0.14963652342639028,0.14963652342432357,0.14963652342207745,0.14963652342432357,0.14963652342639028,0.14963652342432357,0.1496365234197782,0.14963652341224867,0.1496365234197782,0.14963652342432357,0.14963652342207745,0.14963652341224867,0.14963652337985542,0.14963652341224867,0.14963652342207745,0.14963652342432357,0.1496365234197782,0.14963652341224867,0.1496365234197782,0.14963652342432357,0.14963652342639028,0.14963652342432357,0.14963652342207745,0.14963652342432357,0.14963652342639028,0.1483745366993381,0.1483745366981197,0.1483745366969147,0.1483745366981197,0.1483745366993381,0.1483745366981197,0.1483745366957056,0.14837453669226533,0.1483745366957056,0.1483745366981197,0.1483745366969147,0.14837453669226533,0.14837453667987507,0.14837453669226533,0.1483745366969147,0.1483745366981197,0.1483745366957056,0.14837453669226533,0.1483745366957056,0.1483745366981197,0.1483745366993381,0.1483745366981197,0.1483745366969147,0.1483745366981197,0.1483745366993381,0.14713758257897075,0.1471375825785751,0.14713758257825793,0.1471375825785751,0.14713758257897075,0.1471375825785751,0.14713758257796072,0.14713758257740414,0.14713758257796072,0.1471375825785751,0.14713758257825793,0.14713758257740414,0.14713758257673237,0.14713758257740414,0.14713758257825793,0.1471375825785751,0.14713758257796072,0.14713758257740414,0.14713758257796072,0.1471375825785751,0.14713758257897075,0.1471375825785751,0.14713758257825793,0.1471375825785751,0.14713758257897075,0.1459251184107059,0.14592511841087918,0.14592511841113542,0.14592511841087918,0.1459251184107059,0.14592511841087918,0.1459251184114164,0.1459251184125656,0.1459251184114164,0.14592511841087918,0.14592511841113542,0.1459251184125656,0.1459251184184843,0.1459251184125656,0.14592511841113542,0.14592511841087918,0.1459251184114164,0.1459251184125656,0.1459251184114164,0.14592511841087918,0.1459251184107059,0.14592511841087918,0.14592511841113542,0.14592511841087918,0.1459251184107059,0.1447366097781783,0.14473660977864503,0.14473660977917585,0.14473660977864503,0.1447366097781783,0.14473660977864503,0.14473660977972602,0.14473660978161448,0.14473660977972602,0.14473660977864503,0.14473660977917585,0.14473660978161448,0.14473660979025574,0.14473660978161448,0.14473660977917585,0.14473660977864503,0.14473660977972602,0.14473660978161448,0.14473660977972602,0.14473660977864503,0.1447366097781783,0.14473660977864503,0.14473660977917585,0.14473660977864503,0.1447366097781783,0.14357153081806232,0.143571530818608,0.14357153081917728,0.143571530818608,0.14357153081806232,0.143571530818608,0.14357153081975496,0.1435715308215568,0.14357153081975496,0.143571530818608,0.14357153081917728,0.1435715308215568,0.14357153082898652,0.1435715308215568,0.14357153081917728,0.143571530818608,0.14357153081975496,0.1435715308215568,0.14357153081975496,0.143571530818608,0.14357153081806232,0.143571530818608,0.14357153081917728,0.143571530818608,0.14357153081806232,0.14242936448132815,0.14242936448187216,0.14242936448240848,0.14242936448187216,0.14242936448132815,0.14242936448187216,0.1424293644829431,0.14242936448450688,0.1424293644829431,0.14242936448187216,0.14242936448240848,0.14242936448450688,0.14242936449052482,0.14242936448450688,0.14242936448240848,0.14242936448187216,0.1424293644829431,0.14242936448450688,0.1424293644829431,0.14242936448187216,0.14242936448132815,0.14242936448187216,0.14242936448240848,0.14242936448187216,0.14242936448132815,0.14130960274584892,0.14130960274641713,0.1413096027469599,0.14130960274641713,0.14130960274584892,0.14130960274641713,0.14130960274749294,0.14130960274903365,0.14130960274749294,0.14130960274641713,0.1413096027469599,0.14130960274903365,0.1413096027550465,0.14130960274903365,0.1413096027469599,0.14130960274641713,0.14130960274749294,0.14130960274903365,0.14130960274749294,0.14130960274641713,0.14130960274584892,0.14130960274641713,0.1413096027469599,0.14130960274641713,0.14130960274584892,0.14021174678509407,0.1402117467857757,0.1402117467863896,0.1402117467857757,0.14021174678509407,0.1402117467857757,0.14021174678698153,0.14021174678857068,0.14021174678698153,0.1402117467857757,0.1402117467863896,0.14021174678857068,0.14021174679453752,0.14021174678857068,0.1402117467863896,0.1402117467857757,0.14021174678698153,0.14021174678857068,0.14021174678698153,0.1402117467857757,0.14021174678509407,0.1402117467857757,0.1402117467863896,0.1402117467857757,0.14021174678509407,0.13913530709712474,0.13913530709815344,0.13913530709903157,0.13913530709815344,0.13913530709712474,0.13913530709815344,0.13913530709987654,0.13913530710168343,0.13913530709987654,0.13913530709815344,0.13913530709903157,0.13913530710168343,0.13913530710531116,0.13913530710168343,0.13913530709903157,0.13913530709815344,0.13913530709987654,0.13913530710168343,0.13913530709987654,0.13913530709815344,0.13913530709712474,0.13913530709815344,0.13913530709903157,0.13913530709815344,0.13913530709712474,0.1380798035975009,0.13807980359938282,0.13807980360122768,0.13807980359938282,0.1380798035975009,0.13807980359938282,0.13807980360308136,0.13807980360800576,0.13807980360308136,0.13807980359938282,0.13807980360122768,0.13807980360800576,0.13807980362153016,0.13807980360800562,0.13807980360122768,0.13807980359938282,0.13807980360308136,0.13807980360800562,0.13807980360308136,0.13807980359938282,0.1380798035975009,0.13807980359938282,0.13807980360122768,0.13807980359938282,0.1380798035975009,0.13704476567955862,0.13704476568241028,0.13704476568582694,0.13704476568241014,0.13704476567955862,0.13704476568241028,0.13704476568936003,0.137044765703175,0.13704476568936003,0.13704476568241014,0.13704476568582694,0.137044765703175,0.1370447657793741,0.137044765703175,0.13704476568582694,0.13704476568241014,0.13704476568936003,0.137044765703175,0.13704476568936003,0.13704476568241014,0.13704476567955862,0.13704476568241014,0.13704476568582694,0.13704476568241014,0.13704476567955862,0.13602973224695455,0.1360297322489198,0.13602973225083417,0.1360297322489198,0.13602973224695455,0.1360297322489198,0.13602973225275033,0.13602973225784784,0.13602973225275033,0.1360297322489198,0.13602973225083417,0.13602973225784784,0.1360297322719451,0.13602973225784784,0.13602973225083417,0.1360297322489198,0.13602973225275033,0.13602973225784784,0.13602973225275033,0.1360297322489198,0.13602973224695455,0.1360297322489198,0.13602973225083417,0.1360297322489198,0.13602973224695455,0.13503425172341035,0.13503425172463582,0.13503425172564487,0.13503425172463582,0.13503425172341035,0.13503425172463582,0.135034251726601,0.13503425172854377,0.135034251726601,0.13503425172463582,0.13503425172564487,0.13503425172854377,0.13503425173206784,0.13503425172854377,0.13503425172564487,0.13503425172463582,0.135034251726601,0.13503425172854377,0.135034251726601,0.13503425172463582,0.13503425172341035,0.13503425172463582,0.13503425172564487,0.13503425172463582,0.13503425172341035
0.16533248794915348,0.16533248794915326,0.16533248794915326,0.16533248794915326,0.16533248794915348,0.16533248794915326,0.16533248794915298,0.16533248794915298,0.16533248794915298,0.16533248794915326,0.16533248794915326,0.16533248794915298,0.16533248794915276,0.16533248794915298,0.16533248794915326,0.16533248794915326,0.16533248794915298,0.16533248794915298,0.16533248794915298,0.16533248794915326,0.16533248794915348,0.16533248794915326,0.16533248794915326,0.16533248794915326,0.16533248794915348,0.16375749422709646,0.16375749422709598,0.16375749422709576,0.16375749422709598,0.16375749422709646,0.16375749422709598,0.16375749422709554,0.16375749422709532,0.16375749422709554,0.16375749422709598,0.16375749422709576,0.16375749422709532,0.16375749422709507,0.16375749422709532,0.16375749422709576,0.16375749422709598,0.16375749422709554,0.16375749422709532,0.16375749422709554,0.16375749422709598,0.16375749422709646,0.16375749422709598,0.16375749422709576,0.16375749422709598,0.16375749422709646,0.16221388443699686,0.16221388443699575,0.16221388443699483,0.16221388443699575,0.16221388443699686,0.16221388443699575,0.16221388443699436,0.16221388443699347,0.16221388443699436,0.16221388443699575,0.16221388443699483,0.16221388443699347,0.16221388443699256,0.16221388443699347,0.16221388443699483,0.16221388443699575,0.16221388443699436,0.16221388443699347,0.16221388443699436,0.16221388443699575,0.16221388443699686,0.16221388443699575,0.16221388443699483,0.16221388443699575,0.16221388443699686,0.16070106753589708,0.16070106753589306,0.16070106753589086,0.16070106753589306,0.16070106753589708,0.16070106753589306,0.16070106753588906,0.16070106753588617,0.16070106753588906,0.16070106753589306,0.16070106753589086,0.16070106753588617,0.16070106753588329,0.16070106753588617,0.16070106753589086,0.16070106753589306,0.16070106753588906,0.16070106753588617,0.16070106753588906,0.16070106753589306,0.16070106753589708,0.16070106753589306,0.16070106753589086,0.16070106753589306,0.16070106753589708,0.1592184518987797,0.15921845189876838,0.15921845189876097,0.15921845189876838,0.1592184518987797,0.15921845189876838,0.1592184518987553,0.1592184518987466,0.1592184518987553,0.15921845189876838,0.15921845189876097,0.1592184518987466,0.159218451898737,0.1592184518987466,0.15921845189876097,0.15921845189876838,0.1592184518987553,0.1592184518987466,0.1592184518987553,0.15921845189876838,0.1592184518987797,0.15921845189876838,0.15921845189876097,0.15921845189876838,0.1592184518987797,0.15776544667042774,0.1577654466703945,0.1577654466703723,0.1577654466703945,0.15776544667042774,0.1577654466703945,0.15776544667035436,0.1577654466703262,0.15776544667035436,0.1577654466703945,0.1577654466703723,0.1577654466703262,0.15776544667029355,0.1577654466703262,0.1577654466703723,0.1577654466703945,0.15776544667035436,0.1577654466703262,0.15776544667035436,0.1577654466703945,0.15776544667042774,0.1577654466703945,0.1577654466703723,0.1577654466703945,0.15776544667042774,0.15634146297976484,0.15634146297967072,0.15634146297960488,0.15634146297967072,0.15634146297976484,0.15634146297967072,0.15634146297954843,0.15634146297945703,0.15634146297954843,0.15634146297967072,0.15634146297960488,0.15634146297945703,0.15634146297934057,0.15634146297945703,0.15634146297960488,0.15634146297967072,0.15634146297954843,0.15634146297945703,0.15634146297954843,0.15634146297967053,0.15634146297976484,0.15634146297967072,0.15634146297960488,0.15634146297967053,0.15634146297976484,0.1549459150269692,0.15494591502671468,0.1549459150265241,0.15494591502671468,0.1549459150269692,0.15494591502671468,0.15494591502635174,0.15494591502604618,0.15494591502635174,0.15494591502671468,0.1549459150265241,0.15494591502604618,0.1549459150255976,0.15494591502604618,0.1549459150265241,0.15494591502671468,0.15494591502635174,0.15494591502604618,0.15494591502635174,0.15494591502671468,0.1549459150269692,0.15494591502671468,0.1549459150265241,0.15494591502671468,0.1549459150269692,0.15357822105310356,0.1535782210524687,0.15357822105194024,0.1535782210524687,0.15357822105310356,0.1535782210524687,0.15357822105143756,0.15357822105040023,0.15357822105143756,0.1535782210524687,0.15357822105194024,0.15357822105040023,0.15357822104848134,0.15357822105040023,0.15357822105194024,0.1535782210524687,0.15357822105143756,0.15357822105040023,0.15357822105143756,0.1535782210524687,0.15357822105310356,0.1535782210524687,0.15357822105194024,0.1535782210524687,0.15357822105310356,0.15223780420147007,0.1522378042000914,0.15223780419876254,0.1522378042000914,0.15223780420147007,0.1522378042000914,0.15223780419743546,0.15223780419397853,0.15223780419743546,0.1522378042000914,0.15223780419876254,0.15223780419397853,0.15223780418470564,0.15223780419397853,0.15223780419876254,0.1522378042000914,0.15223780419743546,0.15223780419397853,0.15223780419743546,0.1522378042000914,0.15223780420147007,0.1522378042000914,0.15223780419876254,0.1522378042000914,0.15223780420147007,0.15092409327922204,0.15092409327693057,0.1509240932742916,0.15092409327693057,0.15092409327922204,0.15092409327693057,0.15092409327157238,0.15092409326163161,0.15092409327157238,0.15092409327693057,0.1509240932742916,0.15092409326163161,0.15092409321092534,0.15092409326163161,0.1509240932742916,0.15092409327693057,0.15092409327157238,0.15092409326163161,0.15092409327157238,0.15092409327693057,0.15092409327922204,0.15092409327693057,0.1509240932742916,0.15092409327693057,0.15092409327922204,0.14963652342656006,0.1496365234245034,0.14963652342226824,0.1496365234245034,0.14963652342656006,0.1496365234245034,0.14963652341998052,0.14963652341248995,0.14963652341998052,0.1496365234245034,0.14963652342226824,0.14963652341248995,0.14963652338024286,0.14963652341248995,0.14963652342226824,0.1496365234245034,0.14963652341998052,0.14963652341248995,0.14963652341998052,0.1496365234245034,0.14963652342656006,0.1496365234245034,0.14963652342226824,0.1496365234245034,0.14963652342656006,0.1483745366994413,0.14837453669822923,0.1483745366970307,0.14837453669822923,0.1483745366994413,0.14837453669822923,0.14837453669582848,0.1483745366924097,0.14837453669582848,0.14837453669822923,0.1483745366970307,0.1483745366924097,0.14837453668012046,0.1483745366924097,0.1483745366970307,0.14837453669822923,0.14837453669582848,0.1483745366924097,0.14837453669582848,0.14837453669822923,0.1483745366994413,0.14837453669822923,0.1483745366970307,0.14837453669822923,0.1483745366994413,0.14713758257899384,0.14713758257859888,0.14713758257828244,0.14713758257859888,0.14713758257899384,0.14713758257859888,0.14713758257798598,0.147137582577429,0.14713758257798598,0.14713758257859888,0.14713758257828244,0.147137582577429,0.1471375825767458,0.147137582577429,0.14713758257828244,0.14713758257859888,0.14713758257798598,0.147137582577429,0.14713758257798598,0.14713758257859888,0.14713758257899384,0.14713758257859888,0.14713758257828244,0.14713758257859888,0.14713758257899384,0.14592511841064557,0.14592511841081543,0.1459251184110681,0.14592511841081543,0.14592511841064557,0.14592511841081543,0.14592511841134498,0.14592511841248104,0.14592511841134498,0.14592511841081543,0.1459251184110681,0.14592511841248104,0.14592511841830835,0.14592511841248104,0.1459251184110681,0.14592511841081543,0.14592511841134498,0.14592511841248104,0.14592511841134498,0.14592511841081543,0.14592511841064557,0.14592511841081543,0.1459251184110681,0.14592511841081543,0.14592511841064557,0.14473660977804023,0.14473660977850086,0.14473660977902486,0.14473660977850086,0.14473660977804023,0.14473660977850086,0.14473660977956823,0.14473660978143313,0.14473660977956823,0.14473660977850086,0.14473660977902486,0.14473660978143313,0.14473660978997702,0.14473660978143313,0.14473660977902486,0.14473660977850086,0.14473660977956823,0.14473660978143313,0.14473660977956823,0.14473660977850086,0.14473660977804023,0.14473660977850086,0.14473660977902486,0.14473660977850086,0.14473660977804023,0.143571530817858,0.14357153081839719,0.1435715308189593,0.14357153081839719,0.143571530817858,0.14357153081839719,0.14357153081952978,0.14357153082130766,0.14357153081952978,0.14357153081839719,0.1435715308189593,0.14357153082130766,0.1435715308286383,0.14357153082130766,0.1435715308189593,0.14357153081839719,0.14357153081952978,0.14357153082130766,0.14357153081952978,0.14357153081839719,0.143571530817858,0.14357153081839719,0.1435715308189593,0.14357153081839719,0.143571530817858,0.1424293644810703,0.14242936448160898,0.14242936448214008,0.14242936448160898,0.1424293644810703,0.14242936448160898,0.14242936448266932,0.1424293644842177,0.14242936448266932,0.14242936448160898,0.14242936448214008,0.1424293644842177,0.14242936449018243,0.1424293644842177,0.14242936448214008,0.14242936448160898,0.14242936448266932,0.1424293644842177,0.14242936448266932,0.14242936448160898,0.1424293644810703,0.14242936448160898,0.14242936448214008,0.14242936448160898,0.1424293644810703,0.1413096027455481,0.1413096027461119,0.14130960274665053,0.1413096027461119,0.1413096027455481,0.1413096027461119,0.14130960274717944,0.141309602748708,0.14130960274717944,0.1413096027461119,0.14130960274665053,0.141309602748708,0.14130960275466295,0.141309602748708,0.14130960274665053,0.1413096027461119,0.14130960274717944,0.141309602748708,0.14130960274717944,0.1413096027461119,0.1413096027455481,0.1413096027461119,0.14130960274665053,0.1413096027461119,0.1413096027455481,0.14021174678475803,0.1402117467854361,0.14021174678604675,0.1402117467854361,0.14021174678475803,0.1402117467854361,0.14021174678663548,0.14021174678821463,0.14021174678663548,0.1402117467854361,0.14021174678604675,0.14021174678821463,0.14021174679414583,0.14021174678821463,0.14021174678604675,0.1402117467854361,0.14021174678663548,0.14021174678821463,0.14021174678663548,0.1402117467854361,0.14021174678475803,0.1402117467854361,0.14021174678604675,0.1402117467854361,0.14021174678475803,0.13913530709676017,0.13913530709778582,0.1391353070986613,0.13913530709778582,0.13913530709676017,0.13913530709778582,0.13913530709950386,0.13913530710130495,0.13913530709950386,0.13913530709778582,0.1391353070986613,0.13913530710130495,0.13913530710492045,0.13913530710130495,0.1391353070986613,0.13913530709778582,0.13913530709950386,0.13913530710130495,0.13913530709950386,0.13913530709778582,0.13913530709676017,0.13913530709778582,0.1391353070986613,0.13913530709778582,0.13913530709676017,0.13807980359711364,0.1380798035989915,0.13807980360083263,0.1380798035989915,0.13807980359711364,0.1380798035989915,0.13807980360268243,0.13807980360759706,0.13807980360268243,0.1380798035989915,0.13807980360083263,0.13807980360759706,0.1380798036210953,0.13807980360759706,0.13807980360083263,0.1380798035989915,0.13807980360268243,0.13807980360759706,0.13807980360268243,0.1380798035989915,0.13807980359711364,0.1380798035989915,0.13807980360083263,0.1380798035989915,0.13807980359711364,0.13704476567915616,0.1370447656820022,0.13704476568541263,0.1370447656820022,0.13704476567915616,0.1370447656820022,0.13704476568893886,0.1370447657027283,0.13704476568893886,0.1370447656820022,0.13704476568541263,0.1370447657027283,0.13704476577879318,0.1370447657027283,0.13704476568541246,0.1370447656820022,0.13704476568893886,0.1370447657027283,0.13704476568893886,0.1370447656820022,0.13704476567915616,0.1370447656820022,0.13704476568541246,0.1370447656820022,0.13704476567915616,0.13602973224654782,0.1360297322485093,0.13602973225042012,0.1360297322485093,0.13602973224654782,0.1360297322485093,0.13602973225233284,0.1360297322574208,0.13602973225233284,0.1360297322485093,0.13602973225042012,0.1360297322574208,0.13602973227149198,0.1360297322574208,0.13602973225042012,0.1360297322485093,0.13602973225233284,0.1360297322574208,0.13602973225233284,0.1360297322485093,0.13602973224654782,0.1360297322485093,0.13602973225042012,0.1360297322485093,0.13602973224654782,0.13503425172300673,0.1350342517242299,0.13503425172523717,0.1350342517242299,0.13503425172300673,0.1350342517242299,0.13503425172619138,0.13503425172813052,0.13503425172619138,0.1350342517242299,0.13503425172523717,0.13503425172813052,0.13503425173164815,0.13503425172813052,0.13503425172523717,0.1350342517242299,0.13503425172619138,0.13503425172813052,0.13503425172619138,0.1350342517242299,0.13503425172300673,0.1350342517242299,0.13503425172523717,0.1350342517242299,0.13503425172300673
0.1653324879494553,0.16533248794945504,0.16533248794945482,0.16533248794945504,0.1653324879494553,0.16533248794945504,0.16533248794945482,0.16533248794945482,0.16533248794945482,0.16533248794945504,0.16533248794945482,0.16533248794945482,0.16533248794945457,0.16533248794945482,0.16533248794945482,0.16533248794945504,0.16533248794945482,0.16533248794945482,0.16533248794945482,0.16533248794945504,0.1653324879494553,0.16533248794945504,0.16533248794945482,0.16533248794945504,0.1653324879494553,0.16375749422739228,0.1637574942273918,0.16375749422739158,0.1637574942273918,0.16375749422739228,0.1637574942273918,0.16375749422739136,0.1637574942273911,0.16375749422739136,0.1637574942273918,0.16375749422739158,0.1637574942273911,0.1637574942273909,0.1637574942273911,0.16375749422739158,0.1637574942273918,0.16375749422739136,0.1637574942273911,0.16375749422739136,0.1637574942273918,0.16375749422739228,0.1637574942273918,0.16375749422739158,0.1637574942273918,0.16375749422739228,0.1622138844372868,0.1622138844372854,0.16221388443728474,0.1622138844372854,0.1622138844372868,0.1622138844372854,0.16221388443728407,0.16221388443728316,0.16221388443728407,0.1622138844372854,0.16221388443728474,0.16221388443728316,0.16221388443728227,0.16221388443728316,0.16221388443728474,0.1622138844372854,0.16221388443728407,0.16221388443728316,0.16221388443728407,0.1622138844372854,0.1622138844372868,0.1622138844372854,0.16221388443728474,0.1622138844372854,0.1622138844372868,0.16070106753618077,0.160701067536177,0.16070106753617455,0.160701067536177,0.16070106753618077,0.160701067536177,0.16070106753617278,0.1607010675361701,0.16070106753617278,0.160701067536177,0.16070106753617455,0.1607010675361701,0.16070106753616722,0.1607010675361701,0.16070106753617455,0.160701067536177,0.16070106753617278,0.1607010675361701,0.16070106753617278,0.160701067536177,0.16070106753618077,0.160701067536177,0.16070106753617455,0.160701067536177,0.16070106753618077,0.15921845189905773,0.15921845189904638,0.159218451899039,0.15921845189904638,0.15921845189905773,0.15921845189904638,0.15921845189903353,0.15921845189902484,0.15921845189903353,0.15921845189904638,0.159218451899039,0.15921845189902484,0.15921845189901504,0.15921845189902484,0.159218451899039,0.15921845189904638,0.15921845189903353,0.15921845189902484,0.15921845189903353,0.15921845189904638,0.15921845189905773,0.15921845189904638,0.159218451899039,0.15921845189904638,0.15921845189905773,0.15776544667069978,0.15776544667066672,0.15776544667064452,0.15776544667066672,0.15776544667069978,0.15776544667066672,0.1577654466706266,0.15776544667059866,0.1577654466706266,0.15776544667066672,0.15776544667064452,0.15776544667059866,0.15776544667056622,0.15776544667059866,0.15776544667064452,0.15776544667066672,0.1577654466706266,0.15776544667059866,0.1577654466706266,0.15776544667066672,0.15776544667069978,0.15776544667066672,0.15776544667064452,0.15776544667066672,0.15776544667069978,0.15634146298003082,0.15634146297993692,0.15634146297987148,0.15634146297993692,0.15634146298003082,0.15634146297993692,0.15634146297981544,0.15634146297972426,0.15634146297981544,0.15634146297993692,0.15634146297987148,0.15634146297972426,0.15634146297960821,0.15634146297972426,0.15634146297987148,0.15634146297993692,0.15634146297981544,0.15634146297972426,0.15634146297981544,0.15634146297993692,0.15634146298003082,0.15634146297993692,0.15634146297987148,0.15634146297993692,0.15634146298003082,0.15494591502722863,0.15494591502697516,0.15494591502678498,0.15494591502697516,0.15494591502722863,0.15494591502697516,0.15494591502661345,0.1549459150263091,0.15494591502661345,0.15494591502697516,0.15494591502678498,0.1549459150263091,0.15494591502586197,0.1549459150263091,0.15494591502678498,0.15494591502697516,0.15494591502661345,0.1549459150263091,0.15494591502661345,0.15494591502697516,0.15494591502722863,0.15494591502697516,0.15494591502678498,0.15494591502697516,0.15494591502722863,0.153578221053354,0.15357822105272173,0.15357822105219532,0.15357822105272173,0.153578221053354,0.15357822105272173,0.15357822105169466,0.1535782210506611,0.15357822105169466,0.15357822105272173,0.15357822105219532,0.1535782210506611,0.15357822104874927,0.1535782210506611,0.15357822105219532,0.15357822105272173,0.15357822105169466,0.1535782210506611,0.15357822105169466,0.15357822105272173,0.153578221053354,0.15357822105272173,0.15357822105219532,0.15357822105272173,0.153578221053354,0.15223780420170688,0.1522378042003337,0.15223780419900995,0.1522378042003337,0.15223780420170688,0.1522378042003337,0.15223780419768798,0.1522378041942441,0.15223780419768798,0.1522378042003337,0.15223780419900995,0.1522378041942441,0.15223780418500463,0.1522378041942441,0.15223780419900995,0.1522378042003337,0.15223780419768798,0.1522378041942441,0.15223780419768798,0.1522378042003337,0.15223780420170688,0.1522378042003337,0.15223780419900995,0.1522378042003337,0.15223780420170688,0.15092409327943387,0.15092409327715184,0.1509240932745233,0.15092409327715184,0.15092409327943387,0.15092409327715184,0.15092409327181489,0.15092409326191195,0.15092409327181489,0.15092409327715184,0.1509240932745233,0.15092409326191195,0.1509240932113964,0.15092409326191195,0.1509240932745233,0.15092409327715184,0.15092409327181489,0.15092409326191195,0.15092409327181489,0.15092409327715184,0.15092409327943387,0.15092409327715184,0.1509240932745233,0.15092409327715184,0.15092409327943387,0.1496365234267272,0.14963652342468,0.1496365234224558,0.14963652342468,0.1496365234267272,0.14963652342468,0.14963652342017925,0.14963652341272687,0.14963652342017925,0.14963652342468,0.1496365234224558,0.14963652341272687,0.14963652338066072,0.14963652341272687,0.1496365234224558,0.14963652342468,0.14963652342017925,0.14963652341272687,0.14963652342017925,0.14963652342468,0.1496365234267272,0.14963652342468,0.1496365234224558,0.14963652342468,0.1496365234267272,0.14837453669954287,0.14837453669833692,0.1483745366971449,0.14837453669833692,0.14837453669954287,0.14837453669833692,0.1483745366959493,0.14837453669255185,0.1483745366959493,0.14837453669833692,0.1483745366971449,0.14837453669255185,0.14837453668036993,0.14837453669255185,0.1483745366971449,0.14837453669833692,0.1483745366959493,0.14837453669255185,0.1483745366959493,0.14837453669833692,0.14837453669954287,0.14837453669833692,0.1483745366971449,0.14837453669833692,0.14837453669954287,0.14713758257901652,0.14713758257862267,0.14713758257830678,0.14713758257862267,0.14713758257901652,0.14713758257862267,0.14713758257801088,0.1471375825774541,0.14713758257801088,0.14713758257862267,0.14713758257830678,0.1471375825774541,0.14713758257674145,0.1471375825774541,0.14713758257830678,0.14713758257862267,0.14713758257801088,0.1471375825774541,0.14713758257801088,0.14713758257862267,0.14713758257901652,0.14713758257862267,0.14713758257830678,0.14713758257862267,0.14713758257901652,0.14592511841058645,0.14592511841075312,0.14592511841100203,0.14592511841075312,0.14592511841058645,0.14592511841075312,0.1459251184112752,0.14592511841239844,0.1459251184112752,0.14592511841075312,0.14592511841100203,0.14592511841239844,0.14592511841818123,0.14592511841239844,0.14592511841100203,0.14592511841075312,0.1459251184112752,0.14592511841239844,0.1459251184112752,0.14592511841075312,0.14592511841058645,0.14592511841075312,0.14592511841100203,0.14592511841075312,0.14592511841058645,0.14473660977790495,0.14473660977835948,0.14473660977887687,0.14473660977835948,0.14473660977790495,0.14473660977835948,0.14473660977941322,0.1447366097812551,0.14473660977941322,0.14473660977835948,0.14473660977887687,0.1447366097812551,0.1447366097897028,0.1447366097812551,0.14473660977887687,0.14473660977835948,0.14473660977941322,0.1447366097812551,0.14473660977941322,0.14473660977835948,0.14473660977790495,0.14473660977835948,0.14473660977887687,0.14473660977835948,0.14473660977790495,0.14357153081765764,0.14357153081819013,0.1435715308187454,0.14357153081819013,0.14357153081765764,0.14357153081819013,0.1435715308193085,0.14357153082106297,0.1435715308193085,0.14357153081819013,0.1435715308187454,0.14357153082106297,0.14357153082831248,0.14357153082106297,0.1435715308187454,0.14357153081819013,0.1435715308193085,0.14357153082106297,0.1435715308193085,0.14357153081819013,0.14357153081765764,0.14357153081819013,0.1435715308187454,0.14357153081819013,0.14357153081765764,0.1424293644808172,0.14242936448135063,0.14242936448187637,0.14242936448135063,0.1424293644808172,0.14242936448135063,0.14242936448240043,0.1424293644839335,0.14242936448240043,0.14242936448135063,0.14242936448187637,0.1424293644839335,0.14242936448982058,0.1424293644839335,0.14242936448187637,0.14242936448135063,0.14242936448240043,0.1424293644839335,0.14242936448240043,0.14242936448135063,0.1424293644808172,0.14242936448135063,0.14242936448187637,0.14242936448135063,0.1424293644808172,0.14130960274525242,0.14130960274581209,0.14130960274634657,0.14130960274581209,0.14130960274525242,0.14130960274581209,0.1413096027468714,0.14130960274838808,0.1413096027468714,0.14130960274581209,0.14130960274634657,0.14130960274838808,0.14130960275430854,0.14130960274838808,0.14130960274634657,0.14130960274581209,0.1413096027468714,0.14130960274838808,0.1413096027468714,0.14130960274581209,0.14130960274525242,0.14130960274581209,0.14130960274634657,0.14130960274581209,0.14130960274525242,0.14021174678442794,0.14021174678510245,0.1402117467857099,0.14021174678510245,0.14021174678442794,0.14021174678510245,0.14021174678629525,0.14021174678786472,0.14021174678629525,0.14021174678510245,0.1402117467857099,0.14021174678786472,0.1402117467937295,0.14021174678786472,0.1402117467857099,0.14021174678510245,0.14021174678629525,0.14021174678786472,0.14021174678629525,0.14021174678510245,0.14021174678442794,0.14021174678510245,0.1402117467857099,0.14021174678510245,0.14021174678442794,0.13913530709640187,0.13913530709742453,0.13913530709829747,0.13913530709742453,0.13913530709640187,0.13913530709742453,0.13913530709913755,0.13913530710093303,0.13913530709913755,0.13913530709742453,0.13913530709829747,0.13913530710093303,0.13913530710453642,0.13913530710093303,0.13913530709829747,0.13913530709742453,0.13913530709913755,0.13913530710093303,0.13913530709913755,0.13913530709742453,0.13913530709640187,0.13913530709742453,0.13913530709829747,0.13913530709742453,0.13913530709640187,0.13807980359673286,0.1380798035986067,0.13807980360044408,0.1380798035986067,0.13807980359673286,0.1380798035986067,0.1380798036022903,0.1380798036071952,0.1380798036022903,0.1380798035986067,0.13807980360044408,0.1380798036071952,0.13807980362066785,0.1380798036071952,0.13807980360044408,0.1380798035986067,0.1380798036022903,0.1380798036071952,0.1380798036022903,0.1380798035986067,0.13807980359673286,0.1380798035986067,0.13807980360044408,0.1380798035986067,0.13807980359673286,0.13704476567876042,0.1370447656816013,0.13704476568500515,0.1370447656816013,0.13704476567876042,0.1370447656816013,0.13704476568852503,0.13704476570228905,0.13704476568852503,0.1370447656816013,0.13704476568500515,0.13704476570228905,0.1370447657781964,0.13704476570228905,0.13704476568500515,0.1370447656816013,0.13704476568852503,0.13704476570228905,0.13704476568852503,0.1370447656816013,0.13704476567876042,0.1370447656816013,0.13704476568500515,0.1370447656816013,0.13704476567876042,0.1360297322461479,0.13602973224810583,0.13602973225001305,0.13602973224810583,0.1360297322461479,0.13602973224810583,0.13602973225192222,0.13602973225700093,0.13602973225192222,0.13602973224810583,0.13602973225001305,0.13602973225700093,0.13602973227104642,0.13602973225700093,0.13602973225001305,0.13602973224810583,0.13602973225192222,0.13602973225700093,0.13602973225192222,0.13602973224810583,0.1360297322461479,0.13602973224810583,0.13602973225001305,0.13602973224810583,0.1360297322461479,0.13503425172261,0.13503425172383096,0.13503425172483632,0.13503425172383096,0.13503425172261,0.13503425172383096,0.13503425172578878,0.1350342517277244,0.13503425172578878,0.13503425172383096,0.13503425172483632,0.1350342517277244,0.13503425173123546,0.1350342517277244,0.13503425172483632,0.13503425172383096,0.13503425172578878,0.1350342517277244,0.13503425172578878,0.13503425172383096,0.13503425172261,0.13503425172383096,0.13503425172483632,0.13503425172383096,0.13503425172261
0.16533248794975194,0.1653324879497517,0.16533248794975147,0.1653324879497517,0.16533248794975194,0.1653324879497517,0.16533248794975147,0.16533248794975147,0.16533248794975147,0.1653324879497517,0.16533248794975147,0.16533248794975147,0.1653324879497512,0.16533248794975147,0.16533248794975147,0.1653324879497517,0.16533248794975147,0.16533248794975147,0.16533248794975147,0.1653324879497517,0.16533248794975194,0.1653324879497517,0.16533248794975147,0.1653324879497517,0.16533248794975194,0.1637574942276828,0.16375749422768257,0.16375749422768207,0.16375749422768257,0.1637574942276828,0.16375749422768257,0.16375749422768207,0.16375749422768165,0.16375749422768207,0.16375749422768257,0.16375749422768207,0.16375749422768165,0.16375749422768138,0.16375749422768185,0.16375749422768207,0.16375749422768257,0.16375749422768207,0.16375749422768185,0.16375749422768207,0.16375749422768257,0.1637574942276828,0.16375749422768257,0.16375749422768207,0.16375749422768257,0.1637574942276828,0.16221388443757148,0.16221388443757015,0.16221388443756946,0.16221388443757015,0.16221388443757148,0.16221388443757015,0.16221388443756898,0.16221388443756812,0.16221388443756898,0.16221388443757015,0.16221388443756946,0.16221388443756812,0.1622138844375672,0.16221388443756812,0.16221388443756946,0.16221388443757015,0.16221388443756898,0.16221388443756812,0.16221388443756898,0.16221388443757037,0.16221388443757148,0.16221388443757015,0.16221388443756946,0.16221388443757037,0.16221388443757148,0.16070106753645977,0.16070106753645602,0.16070106753645355,0.16070106753645602,0.16070106753645977,0.16070106753645602,0.1607010675364518,0.1607010675364491,0.1607010675364518,0.16070106753645602,0.16070106753645355,0.1607010675364491,0.16070106753644622,0.1607010675364491,0.16070106753645355,0.16070106753645602,0.1607010675364518,0.1607010675364491,0.1607010675364518,0.16070106753645602,0.16070106753645977,0.16070106753645602,0.16070106753645355,0.16070106753645602,0.16070106753645977,0.15921845189933095,0.15921845189931963,0.15921845189931244,0.15921845189931963,0.15921845189933095,0.15921845189931963,0.15921845189930678,0.15921845189929806,0.15921845189930678,0.15921845189931963,0.15921845189931244,0.15921845189929806,0.1592184518992885,0.15921845189929806,0.15921845189931244,0.15921845189931963,0.15921845189930678,0.15921845189929806,0.15921845189930678,0.15921845189931963,0.15921845189933095,0.15921845189931963,0.15921845189931244,0.15921845189931963,0.15921845189933095,0.15776544667096737,0.15776544667093428,0.1577654466709123,0.15776544667093428,0.15776544667096737,0.15776544667093428,0.15776544667089437,0.15776544667086664,0.15776544667089437,0.15776544667093428,0.1577654466709123,0.15776544667086664,0.15776544667083423,0.15776544667086664,0.1577654466709123,0.15776544667093428,0.15776544667089437,0.15776544667086664,0.15776544667089437,0.15776544667093428,0.15776544667096737,0.15776544667093428,0.1577654466709123,0.15776544667093428,0.15776544667096737,0.15634146298029242,0.15634146298019894,0.1563414629801335,0.15634146298019894,0.15634146298029242,0.15634146298019894,0.15634146298007764,0.1563414629799869,0.15634146298007764,0.15634146298019894,0.1563414629801335,0.1563414629799869,0.15634146297987128,0.1563414629799869,0.1563414629801335,0.15634146298019894,0.15634146298007764,0.1563414629799869,0.15634146298007764,0.15634146298019894,0.15634146298029242,0.15634146298019894,0.1563414629801335,0.15634146298019894,0.15634146298029242,0.15494591502748337,0.1549459150272309,0.15494591502704153,0.1549459150272309,0.15494591502748337,0.1549459150272309,0.15494591502687063,0.15494591502656732,0.15494591502687063,0.1549459150272309,0.15494591502704153,0.15494591502656732,0.15494591502612182,0.15494591502656732,0.15494591502704153,0.1549459150272309,0.15494591502687063,0.15494591502656732,0.15494591502687063,0.1549459150272309,0.15494591502748337,0.1549459150272309,0.15494591502704153,0.1549459150272309,0.15494591502748337,0.15357822105360044,0.1535782210529706,0.1535782210524462,0.1535782210529706,0.15357822105360044,0.1535782210529706,0.15357822105194732,0.15357822105091737,0.15357822105194732,0.1535782210529706,0.1535782210524462,0.15357822105091737,0.15357822104901256,0.15357822105091737,0.1535782210524462,0.1535782210529706,0.15357822105194732,0.15357822105091737,0.15357822105194732,0.1535782210529706,0.15357822105360044,0.1535782210529706,0.1535782210524462,0.1535782210529706,0.15357822105360044,0.15223780420193972,0.15223780420057187,0.15223780419925326,0.15223780420057187,0.15223780420193972,0.15223780420057187,0.15223780419793623,0.1522378041945049,0.15223780419793623,0.15223780420057187,0.15223780419925326,0.1522378041945049,0.15223780418529853,0.1522378041945049,0.15223780419925326,0.15223780420057187,0.15223780419793623,0.1522378041945049,0.15223780419793623,0.15223780420057187,0.15223780420193972,0.15223780420057187,0.15223780419925326,0.15223780420057187,0.15223780420193972,0.15092409327964204,0.15092409327736925,0.15092409327475112,0.15092409327736925,0.15092409327964204,0.15092409327736925,0.15092409327205336,0.15092409326218742,0.15092409327205336,0.15092409327736925,0.15092409327475112,0.15092409326218742,0.15092409321184572,0.15092409326218742,0.15092409327475112,0.15092409327736925,0.15092409327205336,0.15092409326218742,0.15092409327205336,0.15092409327736925,0.15092409327964204,0.15092409327736925,0.15092409327475112,0.15092409327736925,0.15092409327964204,0.14963652342689135,0.14963652342485376,0.14963652342264036,0.14963652342485376,0.14963652342689135,0.14963652342485376,0.14963652342037476,0.14963652341295985,0.14963652342037476,0.14963652342485376,0.14963652342264036,0.14963652341295985,0.14963652338104835,0.14963652341295985,0.14963652342264036,0.14963652342485376,0.14963652342037476,0.14963652341295985,0.14963652342037476,0.14963652342485376,0.14963652342689135,0.14963652342485376,0.14963652342264036,0.14963652342485376,0.14963652342689135,0.14837453669964296,0.14837453669844294,0.1483745366972574,0.14837453669844294,0.14837453669964296,0.14837453669844294,0.14837453669606826,0.14837453669269177,0.14837453669606826,0.14837453669844294,0.1483745366972574,0.14837453669269177,0.148374536680604,0.14837453669269177,0.1483745366972574,0.14837453669844294,0.14837453669606826,0.14837453669269177,0.14837453669606826,0.14837453669844294,0.14837453669964296,0.14837453669844294,0.1483745366972574,0.14837453669844294,0.14837453669964296,0.14713758257903906,0.14713758257864615,0.14713758257833112,0.14713758257864615,0.14713758257903906,0.14713758257864615,0.14713758257803558,0.14713758257747897,0.14713758257803558,0.14713758257864615,0.14713758257833112,0.14713758257747897,0.14713758257678689,0.14713758257747897,0.14713758257833112,0.14713758257864615,0.14713758257803558,0.14713758257747897,0.14713758257803558,0.14713758257864615,0.14713758257903906,0.14713758257864615,0.14713758257833112,0.14713758257864615,0.14713758257903906,0.14592511841052858,0.14592511841069203,0.1459251184109374,0.14592511841069203,0.14592511841052858,0.14592511841069203,0.1459251184112068,0.1459251184123176,0.1459251184112068,0.14592511841069203,0.1459251184109374,0.1459251184123176,0.14592511841805642,0.1459251184123176,0.1459251184109374,0.14592511841069203,0.1459251184112068,0.1459251184123176,0.1459251184112068,0.14592511841069203,0.14592511841052858,0.14592511841069203,0.1459251184109374,0.14592511841069203,0.14592511841052858,0.14473660977777195,0.14473660977822073,0.14473660977873162,0.14473660977822073,0.14473660977777195,0.14473660977822073,0.1447366097792614,0.14473660978108052,0.1447366097792614,0.14473660977822073,0.14473660977873162,0.14473660978108052,0.14473660978941755,0.14473660978108052,0.14473660977873162,0.14473660977822073,0.1447366097792614,0.14473660978108052,0.1447366097792614,0.14473660977822073,0.14473660977777195,0.14473660977822073,0.14473660977873162,0.14473660977822073,0.14473660977777195,0.14357153081746069,0.14357153081798688,0.1435715308185351,0.14357153081798688,0.14357153081746069,0.14357153081798688,0.14357153081909138,0.14357153082082252,0.14357153081909138,0.14357153081798688,0.1435715308185351,0.14357153082082252,0.14357153082794596,0.14357153082082252,0.1435715308185351,0.14357153081798688,0.14357153081909138,0.14357153082082252,0.14357153081909138,0.14357153081798688,0.14357153081746069,0.14357153081798688,0.1435715308185351,0.14357153081798688,0.14357153081746069,0.14242936448056842,0.14242936448109664,0.14242936448161717,0.14242936448109664,0.14242936448056842,0.14242936448109664,0.14242936448213606,0.14242936448365437,0.14242936448213606,0.14242936448109664,0.14242936448161717,0.14242936448365437,0.14242936448950036,0.14242936448365437,0.14242936448161717,0.14242936448109664,0.14242936448213606,0.14242936448365437,0.14242936448213606,0.14242936448109664,0.14242936448056842,0.14242936448109664,0.14242936448161717,0.14242936448109664,0.14242936448056842,0.1413096027449618,0.14130960274551735,0.14130960274604776,0.14130960274551735,0.1413096027449618,0.14130960274551735,0.14130960274656845,0.14130960274807347,0.14130960274656845,0.14130960274551735,0.14130960274604776,0.14130960274807347,0.1413096027539296,0.14130960274807347,0.14130960274604776,0.14130960274551735,0.14130960274656845,0.14130960274807347,0.14130960274656845,0.14130960274551735,0.1413096027449618,0.14130960274551735,0.14130960274604776,0.14130960274551735,0.1413096027449618,0.14021174678410317,0.14021174678477447,0.14021174678537868,0.14021174678477447,0.14021174678410317,0.14021174678477447,0.1402117467859608,0.14021174678752074,0.1402117467859608,0.14021174678477447,0.14021174678537868,0.14021174678752074,0.14021174679338586,0.14021174678752074,0.14021174678537868,0.14021174678477447,0.1402117467859608,0.14021174678752074,0.1402117467859608,0.14021174678477447,0.14021174678410317,0.14021174678477447,0.14021174678537868,0.14021174678477447,0.14021174678410317,0.13913530709604943,0.13913530709706926,0.13913530709793967,0.13913530709706926,0.13913530709604943,0.13913530709706926,0.13913530709877717,0.13913530710056732,0.13913530709877717,0.13913530709706926,0.13913530709793967,0.13913530710056732,0.13913530710415883,0.13913530710056732,0.13913530709793967,0.13913530709706926,0.13913530709877717,0.13913530710056732,0.13913530709877717,0.13913530709706926,0.13913530709604943,0.13913530709706926,0.13913530709793967,0.13913530709706926,0.13913530709604943,0.13807980359635844,0.13807980359822836,0.1380798036000622,0.13807980359822836,0.13807980359635844,0.13807980359822836,0.13807980360190472,0.13807980360680014,0.13807980360190472,0.13807980359822836,0.1380798036000622,0.13807980360680014,0.13807980362024752,0.13807980360680014,0.1380798036000622,0.13807980359822836,0.13807980360190472,0.13807980360680014,0.13807980360190472,0.13807980359822836,0.13807980359635844,0.13807980359822836,0.1380798036000622,0.13807980359822836,0.13807980359635844,0.13704476567837134,0.1370447656812069,0.1370447656846045,0.1370447656812069,0.13704476567837134,0.1370447656812069,0.13704476568811802,0.1370447657018571,0.13704476568811802,0.1370447656812069,0.1370447656846045,0.1370447657018571,0.13704476577763264,0.1370447657018571,0.1370447656846045,0.1370447656812069,0.13704476568811802,0.1370447657018571,0.13704476568811802,0.1370447656812069,0.13704476567837134,0.1370447656812069,0.1370447656846045,0.1370447656812069,0.13704476567837134,0.1360297322457547,0.13602973224770906,0.13602973224961287,0.13602973224770906,0.1360297322457547,0.13602973224770906,0.13602973225151857,0.13602973225658804,0.13602973225151857,0.13602973224770906,0.13602973224961287,0.13602973225658804,0.13602973227060822,0.13602973225658804,0.13602973224961287,0.13602973224770906,0.13602973225151857,0.13602973225658804,0.13602973225151857,0.13602973224770906,0.1360297322457547,0.13602973224770906,0.13602973224961287,0.13602973224770906,0.1360297322457547,0.13503425172221983,0.13503425172343844,0.13503425172444206,0.13503425172343844,0.13503425172221983,0.13503425172343844,0.13503425172539293,0.13503425172732486,0.13503425172539293,0.13503425172343844,0.13503425172444206,0.13503425172732486,0.13503425173082978,0.13503425172732486,0.13503425172444206,0.13503425172343844,0.13503425172539293,0.13503425172732486,0.13503425172539293,0.13503425172343844,0.13503425172221983,0.13503425172343844,0.13503425172444206,0.13503425172343844,0.13503425172221983
0.16533248795004338,0.16533248795004313,0.16533248795004313,0.16533248795004313,0.16533248795004338,0.16533248795004313,0.16533248795004313,0.1653324879500429,0.16533248795004313,0.16533248795004313,0.16533248795004313,0.1653324879500429,0.1653324879500429,0.1653324879500429,0.16533248795004313,0.16533248795004313,0.16533248795004313,0.1653324879500429,0.16533248795004313,0.16533248795004313,0.16533248795004338,0.16533248795004313,0.16533248795004313,0.16533248795004313,0.16533248795004338,0.16375749422796865,0.16375749422796818,0.16375749422796795,0.16375749422796818,0.16375749422796865,0.16375749422796818,0.16375749422796773,0.16375749422796748,0.16375749422796773,0.16375749422796818,0.16375749422796795,0.16375749422796748,0.16375749422796726,0.16375749422796748,0.16375749422796795,0.16375749422796818,0.16375749422796773,0.16375749422796748,0.16375749422796773,0.16375749422796818,0.16375749422796865,0.16375749422796818,0.16375749422796795,0.16375749422796818,0.16375749422796865,0.16221388443785145,0.16221388443785031,0.1622138844378494,0.16221388443785031,0.16221388443785145,0.16221388443785031,0.16221388443784895,0.16221388443784804,0.16221388443784895,0.16221388443785031,0.1622138844378494,0.16221388443784804,0.16221388443784712,0.16221388443784804,0.1622138844378494,0.16221388443785031,0.16221388443784895,0.16221388443784804,0.16221388443784895,0.16221388443785031,0.16221388443785145,0.16221388443785031,0.1622138844378494,0.16221388443785031,0.16221388443785145,0.16070106753673413,0.16070106753673036,0.16070106753672794,0.16070106753673036,0.16070106753673413,0.16070106753673036,0.16070106753672617,0.16070106753672347,0.16070106753672617,0.16070106753673036,0.16070106753672794,0.16070106753672347,0.1607010675367206,0.16070106753672347,0.16070106753672794,0.16070106753673036,0.16070106753672617,0.16070106753672347,0.16070106753672617,0.16070106753673036,0.16070106753673413,0.16070106753673036,0.16070106753672794,0.16070106753673036,0.16070106753673413,0.1592184518995996,0.1592184518995883,0.15921845189958111,0.1592184518995883,0.1592184518995996,0.1592184518995883,0.15921845189957542,0.1592184518995667,0.15921845189957542,0.1592184518995883,0.15921845189958111,0.1592184518995667,0.15921845189955713,0.1592184518995667,0.15921845189958111,0.1592184518995883,0.15921845189957542,0.1592184518995667,0.15921845189957542,0.1592184518995883,0.1592184518995996,0.1592184518995883,0.15921845189958111,0.1592184518995883,0.1592184518995996,0.15776544667123024,0.15776544667119735,0.1577654466711754,0.15776544667119735,0.15776544667123024,0.15776544667119735,0.1577654466711575,0.15776544667112993,0.1577654466711575,0.15776544667119735,0.1577654466711754,0.15776544667112993,0.15776544667109751,0.15776544667112993,0.1577654466711754,0.15776544667119735,0.1577654466711575,0.15776544667112993,0.1577654466711575,0.15776544667119735,0.15776544667123024,0.15776544667119735,0.1577654466711754,0.15776544667119735,0.15776544667123024,0.1563414629805494,0.15634146298045634,0.15634146298039112,0.15634146298045634,0.1563414629805494,0.15634146298045634,0.1563414629803355,0.15634146298024515,0.1563414629803355,0.15634146298045634,0.15634146298039112,0.15634146298024515,0.15634146298012994,0.15634146298024515,0.15634146298039112,0.15634146298045634,0.1563414629803355,0.15634146298024515,0.1563414629803355,0.15634146298045634,0.1563414629805494,0.15634146298045634,0.15634146298039112,0.15634146298045634,0.1563414629805494,0.154945915027734,0.15494591502748234,0.15494591502729382,0.15494591502748234,0.154945915027734,0.15494591502748234,0.15494591502712352,0.15494591502682126,0.15494591502712352,0.15494591502748234,0.15494591502729382,0.15494591502682126,0.15494591502637736,0.15494591502682126,0.15494591502729382,0.15494591502748234,0.15494591502712352,0.15494591502682126,0.15494591502712352,0.15494591502748234,0.154945915027734,0.15494591502748234,0.15494591502729382,0.15494591502748234,0.154945915027734,0.15357822105384267,0.15357822105321503,0.15357822105269262,0.15357822105321503,0.15357822105384267,0.15357822105321503,0.15357822105219554,0.15357822105116942,0.15357822105219554,0.15357822105321503,0.15357822105269262,0.15357822105116942,0.15357822104927146,0.15357822105116942,0.15357822105269262,0.15357822105321503,0.15357822105219554,0.15357822105116942,0.15357822105219554,0.15357822105321503,0.15357822105384267,0.15357822105321503,0.15357822105269262,0.15357822105321503,0.15357822105384267,0.15223780420216865,0.15223780420080593,0.15223780419949223,0.15223780420080593,0.15223780420216865,0.15223780420080593,0.15223780419818028,0.15223780419476138,0.15223780419818028,0.15223780420080593,0.15223780419949223,0.15223780419476138,0.15223780418558727,0.15223780419476138,0.15223780419949223,0.15223780420080593,0.15223780419818028,0.15223780419476138,0.15223780419818028,0.15223780420080593,0.15223780420216865,0.15223780420080593,0.15223780419949223,0.15223780420080593,0.15223780420216865,0.15092409327984693,0.1509240932775832,0.1509240932749753,0.1509240932775832,0.15092409327984693,0.1509240932775832,0.15092409327228795,0.15092409326245848,0.15092409327228795,0.1509240932775832,0.1509240932749753,0.15092409326245848,0.15092409321226571,0.15092409326245848,0.1509240932749753,0.1509240932775832,0.15092409327228795,0.15092409326245848,0.15092409327228795,0.1509240932775832,0.15092409327984693,0.1509240932775832,0.1509240932749753,0.1509240932775832,0.15092409327984693,0.149636523427053,0.1496365234250247,0.1496365234228217,0.1496365234250247,0.149636523427053,0.1496365234250247,0.14963652342056685,0.1496365234131888,0.14963652342056685,0.1496365234250247,0.1496365234228217,0.1496365234131888,0.14963652338146208,0.1496365234131888,0.1496365234228217,0.1496365234250247,0.14963652342056685,0.1496365234131888,0.14963652342056685,0.1496365234250247,0.149636523427053,0.1496365234250247,0.1496365234228217,0.1496365234250247,0.149636523427053,0.14837453669974135,0.14837453669854728,0.14837453669736803,0.14837453669854728,0.14837453669974135,0.14837453669854728,0.14837453669618522,0.14837453669282927,0.14837453669618522,0.14837453669854728,0.14837453669736803,0.14837453669282927,0.14837453668082382,0.14837453669282927,0.14837453669736803,0.14837453669854728,0.14837453669618522,0.14837453669282927,0.14837453669618522,0.14837453669854728,0.14837453669974135,0.14837453669854728,0.14837453669736803,0.14837453669854728,0.14837453669974135,0.14713758257906157,0.14713758257866955,0.1471375825783551,0.14713758257866955,0.14713758257906157,0.14713758257866955,0.14713758257806028,0.14713758257750387,0.14713758257806028,0.14713758257866955,0.1471375825783551,0.14713758257750387,0.1471375825767729,0.14713758257750387,0.1471375825783551,0.14713758257866955,0.14713758257806028,0.14713758257750387,0.14713758257806028,0.14713758257866955,0.14713758257906157,0.14713758257866955,0.1471375825783551,0.14713758257866955,0.14713758257906157,0.14592511841047195,0.14592511841063238,0.1459251184108742,0.14592511841063238,0.14592511841047195,0.14592511841063238,0.14592511841114003,0.1459251184122385,0.14592511841114003,0.14592511841063238,0.1459251184108742,0.1459251184122385,0.1459251184178915,0.1459251184122385,0.1459251184108742,0.14592511841063238,0.14592511841114003,0.1459251184122385,0.14592511841114003,0.14592511841063238,0.14592511841047195,0.14592511841063238,0.1459251184108742,0.14592511841063238,0.14592511841047195,0.14473660977764155,0.14473660977808456,0.14473660977858901,0.14473660977808456,0.14473660977764155,0.14473660977808456,0.14473660977911232,0.14473660978090913,0.14473660977911232,0.14473660977808456,0.14473660977858901,0.14473660978090913,0.1447366097891374,0.14473660978090913,0.14473660977858901,0.14473660977808456,0.14473660977911232,0.14473660978090913,0.14473660977911232,0.14473660977808456,0.14473660977764155,0.14473660977808456,0.14473660977858901,0.14473660977808456,0.14473660977764155,0.14357153081726715,0.14357153081778717,0.1435715308183287,0.14357153081778698,0.14357153081726715,0.14357153081778717,0.143571530818878,0.1435715308205864,0.143571530818878,0.14357153081778717,0.1435715308183287,0.1435715308205864,0.1435715308276058,0.1435715308205864,0.1435715308183287,0.14357153081778698,0.143571530818878,0.1435715308205864,0.143571530818878,0.14357153081778698,0.14357153081726715,0.14357153081778717,0.1435715308183287,0.14357153081778698,0.14357153081726715,0.14242936448032398,0.14242936448084703,0.14242936448136254,0.14242936448084703,0.14242936448032398,0.14242936448084703,0.14242936448187637,0.14242936448337992,0.14242936448187637,0.14242936448084703,0.14242936448136254,0.14242936448337992,0.14242936448915766,0.14242936448337992,0.14242936448136254,0.14242936448084703,0.14242936448187637,0.14242936448337992,0.14242936448187637,0.14242936448084703,0.14242936448032398,0.14242936448084703,0.14242936448136254,0.14242936448084703,0.14242936448032398,0.1413096027446761,0.14130960274522758,0.14130960274575402,0.14130960274522758,0.1413096027446761,0.14130960274522758,0.14130960274627077,0.14130960274776427,0.14130960274627077,0.14130960274522758,0.14130960274575402,0.14130960274776427,0.14130960275359872,0.14130960274776427,0.14130960274575402,0.14130960274522758,0.14130960274627077,0.14130960274776427,0.14130960274627077,0.14130960274522758,0.1413096027446761,0.14130960274522758,0.14130960274575402,0.14130960274522758,0.1413096027446761,0.14021174678378406,0.1402117467844521,0.14021174678505294,0.1402117467844521,0.14021174678378406,0.1402117467844521,0.140211746785632,0.14021174678718246,0.140211746785632,0.1402117467844521,0.14021174678505294,0.14021174678718246,0.1402117467929687,0.14021174678718246,0.14021174678505294,0.1402117467844521,0.140211746785632,0.14021174678718246,0.140211746785632,0.1402117467844521,0.14021174678378406,0.1402117467844521,0.14021174678505294,0.1402117467844521,0.14021174678378406,0.13913530709570301,0.13913530709671998,0.13913530709758787,0.13913530709671998,0.13913530709570301,0.13913530709671998,0.139135307098423,0.13913530710020777,0.139135307098423,0.13913530709671998,0.13913530709758787,0.13913530710020777,0.13913530710378758,0.13913530710020777,0.13913530709758787,0.13913530709671998,0.139135307098423,0.13913530710020777,0.139135307098423,0.13913530709671998,0.13913530709570301,0.13913530709671998,0.13913530709758787,0.13913530709671998,0.13913530709570301,0.1380798035959902,0.13807980359785646,0.13807980359968655,0.13807980359785646,0.1380798035959902,0.13807980359785646,0.1380798036015255,0.13807980360641164,0.1380798036015255,0.13807980359785646,0.13807980359968655,0.13807980360641164,0.13807980361983402,0.13807980360641164,0.13807980359968655,0.13807980359785646,0.1380798036015255,0.13807980360641164,0.1380798036015255,0.13807980359785646,0.1380798035959902,0.13807980359785646,0.13807980359968655,0.13807980359785646,0.1380798035959902,0.1370447656779888,0.13704476568081903,0.1370447656842106,0.13704476568081903,0.1370447656779888,0.13704476568081903,0.1370447656877177,0.13704476570143231,0.1370447656877177,0.13704476568081903,0.1370447656842106,0.13704476570143231,0.13704476577708224,0.13704476570143231,0.1370447656842106,0.13704476568081903,0.1370447656877177,0.13704476570143231,0.1370447656877177,0.13704476568081903,0.1370447656779888,0.13704476568081903,0.1370447656842106,0.13704476568081903,0.13704476567798865,0.1360297322453681,0.13602973224731885,0.13602973224921922,0.13602973224731885,0.13602973224536793,0.13602973224731885,0.1360297322511215,0.13602973225618187,0.1360297322511215,0.13602973224731885,0.13602973224921922,0.13602973225618187,0.13602973227017714,0.13602973225618187,0.13602973224921922,0.13602973224731885,0.1360297322511215,0.13602973225618187,0.1360297322511215,0.13602973224731885,0.13602973224536793,0.13602973224731885,0.13602973224921922,0.13602973224731885,0.13602973224536793,0.13503425172183608,0.13503425172305264,0.1350342517240544,0.13503425172305264,0.13503425172183608,0.13503425172305264,0.13503425172500347,0.13503425172693206,0.13503425172500347,0.13503425172305264,0.1350342517240544,0.13503425172693206,0.1350342517304307,0.13503425172693206,0.1350342517240544,0.13503425172305264,0.13503425172500347,0.13503425172693206,0.13503425172500347,0.13503425172305264,0.13503425172183608,0.13503425172305264,0.1350342517240544,0.13503425172305264,0.13503425172183608
0.1653324879503301,0.16533248795032987,0.16533248795032962,0.16533248795032987,0.1653324879503301,0.16533248795032987,0.16533248795032962,0.16533248795032962,0.16533248795032962,0.16533248795032987,0.16533248795032962,0.16533248795032962,0.1653324879503294,0.16533248795032962,0.16533248795032962,0.16533248795032987,0.16533248795032962,0.16533248795032962,0.16533248795032962,0.16533248795032987,0.1653324879503301,0.16533248795032987,0.16533248795032962,0.16533248795032987,0.1653324879503301,0.16375749422824942,0.16375749422824895,0.16375749422824873,0.16375749422824895,0.16375749422824942,0.16375749422824895,0.16375749422824853,0.16375749422824828,0.16375749422824853,0.16375749422824895,0.16375749422824873,0.16375749422824828,0.16375749422824804,0.16375749422824828,0.16375749422824873,0.16375749422824895,0.16375749422824853,0.16375749422824828,0.16375749422824853,0.16375749422824895,0.16375749422824942,0.16375749422824895,0.16375749422824873,0.16375749422824895,0.16375749422824942,0.16221388443812662,0.1622138844381255,0.1622138844381246,0.1622138844381255,0.16221388443812662,0.1622138844381255,0.16221388443812412,0.16221388443812323,0.16221388443812412,0.1622138844381255,0.1622138844381246,0.16221388443812323,0.16221388443812232,0.16221388443812323,0.1622138844381246,0.1622138844381255,0.16221388443812412,0.16221388443812323,0.16221388443812412,0.1622138844381255,0.16221388443812662,0.1622138844381255,0.1622138844381246,0.1622138844381255,0.16221388443812662,0.1607010675370036,0.16070106753699984,0.1607010675369974,0.16070106753699984,0.1607010675370036,0.16070106753699984,0.16070106753699584,0.16070106753699318,0.16070106753699584,0.16070106753699984,0.1607010675369974,0.16070106753699318,0.16070106753699007,0.16070106753699318,0.1607010675369974,0.16070106753699984,0.16070106753699584,0.16070106753699318,0.16070106753699584,0.16070106753699984,0.1607010675370036,0.16070106753699984,0.1607010675369974,0.16070106753699984,0.1607010675370036,0.15921845189986344,0.15921845189985237,0.15921845189984518,0.15921845189985237,0.15921845189986344,0.15921845189985237,0.15921845189983952,0.15921845189983083,0.15921845189983952,0.15921845189985237,0.15921845189984518,0.15921845189983083,0.15921845189982126,0.15921845189983083,0.15921845189984518,0.15921845189985237,0.15921845189983952,0.15921845189983083,0.15921845189983952,0.15921845189985237,0.15921845189986344,0.15921845189985237,0.15921845189984518,0.15921845189985237,0.15921845189986344,0.15776544667148865,0.15776544667145576,0.157765446671434,0.15776544667145576,0.15776544667148865,0.15776544667145576,0.1577654466714163,0.15776544667138875,0.1577654466714163,0.15776544667145576,0.157765446671434,0.15776544667138875,0.1577654466713563,0.15776544667138875,0.157765446671434,0.15776544667145576,0.1577654466714163,0.15776544667138875,0.1577654466714163,0.15776544667145576,0.15776544667148865,0.15776544667145576,0.157765446671434,0.15776544667145576,0.15776544667148865,0.15634146298080223,0.15634146298070936,0.15634146298064455,0.15634146298070936,0.15634146298080223,0.15634146298070936,0.15634146298058893,0.1563414629804988,0.15634146298058893,0.15634146298070936,0.15634146298064455,0.1563414629804988,0.156341462980384,0.1563414629804988,0.15634146298064455,0.15634146298070936,0.15634146298058893,0.1563414629804988,0.15634146298058893,0.15634146298070936,0.15634146298080223,0.15634146298070936,0.15634146298064455,0.15634146298070936,0.15634146298080223,0.15494591502798033,0.15494591502772972,0.15494591502754157,0.15494591502772972,0.15494591502798033,0.15494591502772972,0.1549459150273719,0.15494591502707084,0.1549459150273719,0.15494591502772972,0.15494591502754157,0.15494591502707084,0.1549459150266286,0.15494591502707084,0.15494591502754157,0.15494591502772972,0.1549459150273719,0.15494591502707084,0.1549459150273719,0.15494591502772972,0.15494591502798033,0.15494591502772972,0.15494591502754157,0.15494591502772972,0.15494591502798033,0.15357822105408064,0.15357822105345542,0.15357822105293506,0.15357822105345542,0.15357822105408064,0.15357822105345542,0.1535782210524398,0.15357822105141727,0.1535782210524398,0.15357822105345542,0.15357822105293506,0.15357822105141727,0.15357822104952573,0.15357822105141727,0.15357822105293506,0.15357822105345542,0.1535782210524398,0.15357822105141727,0.1535782210524398,0.15357822105345542,0.15357822105408064,0.15357822105345542,0.15357822105293506,0.15357822105345542,0.15357822105408064,0.15223780420239363,0.15223780420103605,0.15223780419972724,0.15223780420103605,0.15223780420239363,0.15223780420103605,0.15223780419842003,0.15223780419501354,0.15223780419842003,0.15223780420103605,0.15223780419972724,0.15223780419501354,0.15223780418587132,0.15223780419501354,0.15223780419972724,0.15223780420103605,0.15223780419842003,0.15223780419501354,0.15223780419842003,0.15223780420103622,0.15223780420239363,0.15223780420103605,0.15223780419972724,0.15223780420103622,0.15223780420239363,0.15092409328004813,0.1509240932777933,0.15092409327519543,0.1509240932777933,0.15092409328004813,0.1509240932777933,0.1509240932725183,0.15092409326272468,0.1509240932725183,0.1509240932777933,0.15092409327519543,0.15092409326272468,0.1509240932126919,0.15092409326272468,0.15092409327519543,0.1509240932777933,0.1509240932725183,0.15092409326272468,0.1509240932725183,0.1509240932777933,0.15092409328004813,0.1509240932777933,0.15092409327519543,0.1509240932777933,0.15092409328004813,0.14963652342721184,0.1496365234251928,0.149636523423,0.1496365234251928,0.14963652342721184,0.1496365234251928,0.14963652342075556,0.14963652341341363,0.14963652342075556,0.1496365234251928,0.149636523423,0.14963652341341363,0.14963652338183625,0.14963652341341363,0.149636523423,0.1496365234251928,0.14963652342075556,0.14963652341341363,0.14963652342075556,0.1496365234251928,0.14963652342721184,0.1496365234251928,0.149636523423,0.1496365234251928,0.14963652342721184,0.1483745366998383,0.14837453669864975,0.1483745366974766,0.14837453669864975,0.1483745366998383,0.14837453669864975,0.14837453669630032,0.14837453669296458,0.14837453669630032,0.14837453669864975,0.1483745366974766,0.14837453669296458,0.14837453668101006,0.14837453669296458,0.1483745366974766,0.14837453669864975,0.14837453669630032,0.14837453669296458,0.14837453669630032,0.14837453669864975,0.1483745366998383,0.14837453669864975,0.1483745366974766,0.14837453669864975,0.1483745366998383,0.14713758257908358,0.1471375825786926,0.14713758257837872,0.1471375825786926,0.14713758257908358,0.1471375825786926,0.14713758257808462,0.14713758257752857,0.14713758257808462,0.1471375825786926,0.14713758257837872,0.14713758257752857,0.14713758257680087,0.14713758257752857,0.14713758257837872,0.1471375825786926,0.14713758257808462,0.14713758257752857,0.14713758257808462,0.1471375825786926,0.14713758257908358,0.1471375825786926,0.14713758257837872,0.1471375825786926,0.14713758257908358,0.1459251184104162,0.14592511841057362,0.14592511841081204,0.14592511841057362,0.1459251184104162,0.14592511841057362,0.1459251184110743,0.14592511841216088,0.1459251184110743,0.14592511841057362,0.14592511841081204,0.14592511841216088,0.14592511841780925,0.14592511841216088,0.14592511841081204,0.14592511841057362,0.1459251184110743,0.14592511841216088,0.1459251184110743,0.14592511841057362,0.1459251184104162,0.14592511841057362,0.14592511841081204,0.14592511841057362,0.1459251184104162,0.14473660977751324,0.1447366097779507,0.14473660977844885,0.1447366097779507,0.14473660977751324,0.1447366097779507,0.14473660977896552,0.14473660978074052,0.14473660977896552,0.1447366097779507,0.14473660977844885,0.14473660978074052,0.14473660978886863,0.14473660978074052,0.14473660977844885,0.1447366097779507,0.14473660977896552,0.14473660978074052,0.14473660977896552,0.1447366097779507,0.14473660977751324,0.1447366097779507,0.14473660977844885,0.1447366097779507,0.14473660977751324,0.14357153081707688,0.14357153081759055,0.14357153081812546,0.14357153081759055,0.14357153081707688,0.14357153081759055,0.14357153081866805,0.14357153082035404,0.14357153081866805,0.14357153081759055,0.14357153081812546,0.14357153082035404,0.14357153082728238,0.14357153082035404,0.14357153081812546,0.14357153081759055,0.14357153081866805,0.14357153082035404,0.14357153081866805,0.14357153081759055,0.14357153081707688,0.14357153081759055,0.14357153081812546,0.14357153081759055,0.14357153081707688,0.14242936448008345,0.14242936448060148,0.14242936448111207,0.14242936448060148,0.14242936448008345,0.14242936448060148,0.14242936448162072,0.14242936448310986,0.14242936448162072,0.14242936448060148,0.14242936448111207,0.14242936448310986,0.14242936448883656,0.14242936448310986,0.14242936448111207,0.14242936448060148,0.14242936448162072,0.14242936448310986,0.14242936448162072,0.14242936448060148,0.14242936448008345,0.14242936448060148,0.14242936448111207,0.14242936448060148,0.14242936448008345,0.14130960274439502,0.14130960274494236,0.14130960274546506,0.14130960274494236,0.14130960274439502,0.14130960274494236,0.14130960274597787,0.14130960274746004,0.14130960274597787,0.14130960274494236,0.14130960274546506,0.14130960274746004,0.14130960275324495,0.14130960274746004,0.14130960274546506,0.14130960274494236,0.14130960274597787,0.14130960274746004,0.14130960274597787,0.14130960274494236,0.14130960274439502,0.14130960274494236,0.14130960274546506,0.14130960274494236,0.14130960274439502,0.14021174678346993,0.14021174678413462,0.1402117467847324,0.14021174678413462,0.14021174678346993,0.14021174678413462,0.14021174678530837,0.1402117467868496,0.14021174678530837,0.14021174678413462,0.1402117467847324,0.1402117467868496,0.1402117467926194,0.1402117467868496,0.1402117467847324,0.14021174678413462,0.14021174678530837,0.1402117467868496,0.14021174678530837,0.14021174678413462,0.14021174678346993,0.14021174678413462,0.1402117467847324,0.14021174678413462,0.14021174678346993,0.13913530709536212,0.1391353070963761,0.13913530709724162,0.1391353070963761,0.13913530709536212,0.1391353070963761,0.1391353070980742,0.13913530709985375,0.1391353070980742,0.1391353070963761,0.13913530709724162,0.13913530709985375,0.13913530710342203,0.13913530709985375,0.13913530709724162,0.1391353070963761,0.1391353070980742,0.13913530709985375,0.1391353070980742,0.1391353070963761,0.13913530709536212,0.1391353070963761,0.13913530709724162,0.1391353070963761,0.13913530709536212,0.13807980359562771,0.1380798035974904,0.13807980359931693,0.1380798035974904,0.13807980359562771,0.1380798035974904,0.13807980360115232,0.13807980360602914,0.13807980360115232,0.1380798035974904,0.13807980359931693,0.13807980360602914,0.13807980361942704,0.13807980360602914,0.13807980359931693,0.1380798035974904,0.13807980360115232,0.13807980360602914,0.13807980360115232,0.1380798035974904,0.13807980359562771,0.1380798035974904,0.13807980359931693,0.1380798035974904,0.13807980359562771,0.13704476567761206,0.13704476568043725,0.13704476568382273,0.13704476568043725,0.13704476567761206,0.13704476568043725,0.1370447656873236,0.13704476570101404,0.1370447656873236,0.13704476568043725,0.13704476568382273,0.13704476570101404,0.13704476577652458,0.13704476570101404,0.13704476568382273,0.13704476568043725,0.1370447656873236,0.13704476570101404,0.1370447656873236,0.13704476568043725,0.13704476567761206,0.13704476568043725,0.13704476568382273,0.13704476568043725,0.13704476567761206,0.13602973224498727,0.13602973224693476,0.13602973224883166,0.1360297322469346,0.13602973224498727,0.13602973224693476,0.13602973225073073,0.13602973225578213,0.13602973225073073,0.1360297322469346,0.13602973224883166,0.13602973225578213,0.13602973226975296,0.13602973225578213,0.13602973224883166,0.1360297322469346,0.13602973225073073,0.13602973225578213,0.13602973225073073,0.1360297322469346,0.13602973224498727,0.1360297322469346,0.13602973224883166,0.1360297322469346,0.13602973224498727,0.13503425172145833,0.13503425172267275,0.1350342517236727,0.13503425172267275,0.13503425172145833,0.13503425172267275,0.1350342517246202,0.1350342517265454,0.1350342517246202,0.13503425172267275,0.1350342517236727,0.1350342517265454,0.13503425173003775,0.1350342517265454,0.1350342517236727,0.13503425172267275,0.1350342517246202,0.1350342517265454,0.1350342517246202,0.13503425172267275,0.13503425172145833,0.13503425172267275,0.1350342517236727,0.13503425172267275,0.13503425172145833
0.16533248795060976,0.1653324879506095,0.1653324879506095,0.1653324879506095,0.16533248795060976,0.1653324879506095,0.16533248795060926,0.16533248795060926,0.16533248795060926,0.1653324879506095,0.1653324879506095,0.16533248795060926,0.16533248795060904,0.16533248795060926,0.1653324879506095,0.1653324879506095,0.16533248795060926,0.16533248795060926,0.16533248795060926,0.1653324879506095,0.16533248795060976,0.1653324879506095,0.1653324879506095,0.1653324879506095,0.16533248795060976,0.16375749422852398,0.1637574942285235,0.1637574942285233,0.1637574942285235,0.16375749422852398,0.1637574942285235,0.16375749422852304,0.16375749422852284,0.16375749422852304,0.1637574942285235,0.1637574942285233,0.16375749422852284,0.1637574942285226,0.16375749422852284,0.1637574942285233,0.1637574942285235,0.16375749422852304,0.16375749422852284,0.16375749422852304,0.1637574942285235,0.16375749422852398,0.1637574942285235,0.1637574942285233,0.1637574942285235,0.16375749422852398,0.16221388443839593,0.1622138844383948,0.16221388443839388,0.1622138844383948,0.16221388443839593,0.1622138844383948,0.16221388443839344,0.16221388443839252,0.16221388443839344,0.1622138844383948,0.16221388443839388,0.16221388443839252,0.16221388443839163,0.16221388443839252,0.16221388443839388,0.1622138844383948,0.16221388443839344,0.16221388443839252,0.16221388443839344,0.1622138844383948,0.16221388443839593,0.1622138844383948,0.16221388443839388,0.1622138844383948,0.16221388443839593,0.16070106753726776,0.1607010675372642,0.16070106753726177,0.1607010675372642,0.16070106753726798,0.1607010675372642,0.16070106753726,0.16070106753725732,0.16070106753726,0.1607010675372642,0.16070106753726177,0.16070106753725732,0.16070106753725444,0.16070106753725732,0.16070106753726177,0.1607010675372642,0.16070106753726,0.16070106753725732,0.16070106753726,0.1607010675372642,0.16070106753726798,0.1607010675372642,0.16070106753726177,0.1607010675372642,0.16070106753726798,0.15921845190012276,0.15921845190011166,0.15921845190010447,0.15921845190011166,0.15921845190012276,0.15921845190011166,0.15921845190009884,0.15921845190009035,0.15921845190009884,0.15921845190011166,0.15921845190010447,0.15921845190009035,0.15921845190008077,0.15921845190009035,0.15921845190010447,0.15921845190011166,0.15921845190009884,0.15921845190009035,0.15921845190009884,0.15921845190011166,0.15921845190012276,0.15921845190011166,0.15921845190010447,0.15921845190011166,0.15921845190012276,0.15776544667174275,0.15776544667171008,0.15776544667168832,0.15776544667171008,0.15776544667174275,0.15776544667171008,0.1577654466716706,0.1577654466716433,0.1577654466716706,0.15776544667171008,0.15776544667168832,0.1577654466716433,0.1577654466716111,0.1577654466716433,0.15776544667168832,0.15776544667171008,0.1577654466716706,0.1577654466716433,0.1577654466716706,0.15776544667171008,0.15776544667174275,0.15776544667171008,0.15776544667168832,0.15776544667171008,0.15776544667174275,0.15634146298105103,0.1563414629809584,0.1563414629808938,0.1563414629809584,0.15634146298105103,0.1563414629809584,0.1563414629808386,0.15634146298074889,0.1563414629808386,0.1563414629809584,0.1563414629808938,0.15634146298074889,0.15634146298063448,0.15634146298074889,0.1563414629808938,0.1563414629809584,0.1563414629808386,0.15634146298074889,0.1563414629808386,0.1563414629809584,0.15634146298105103,0.1563414629809584,0.1563414629808938,0.1563414629809584,0.15634146298105103,0.1549459150282232,0.15494591502797336,0.15494591502778607,0.15494591502797336,0.1549459150282232,0.15494591502797336,0.154945915027617,0.15494591502731697,0.154945915027617,0.15494591502797336,0.15494591502778607,0.15494591502731697,0.15494591502687638,0.15494591502731697,0.15494591502778607,0.15494591502797336,0.154945915027617,0.15494591502731697,0.154945915027617,0.15494591502797336,0.1549459150282232,0.15494591502797336,0.15494591502778607,0.15494591502797336,0.1549459150282232,0.15357822105431565,0.15357822105369262,0.15357822105317406,0.15357822105369262,0.15357822105431565,0.15357822105369262,0.15357822105268057,0.15357822105166172,0.15357822105268057,0.15357822105369262,0.15357822105317406,0.15357822105166172,0.15357822104977678,0.15357822105166172,0.15357822105317406,0.15357822105369262,0.15357822105268057,0.15357822105166172,0.15357822105268057,0.15357822105369262,0.15357822105431565,0.15357822105369262,0.15357822105317406,0.15357822105369262,0.15357822105431565,0.15223780420261587,0.15223780420126337,0.15223780419995933,0.15223780420126337,0.15223780420261587,0.15223780420126337,0.15223780419865704,0.15223780419526253,0.15223780419865704,0.15223780420126337,0.15223780419995933,0.15223780419526253,0.15223780418615163,0.15223780419526253,0.15223780419995933,0.15223780420126337,0.15223780419865704,0.15223780419526253,0.15223780419865704,0.15223780420126337,0.15223780420261587,0.15223780420126337,0.15223780419995933,0.15223780420126337,0.15223780420261587,0.15092409328024703,0.15092409327800108,0.15092409327541303,0.15092409327800108,0.15092409328024703,0.15092409327800108,0.15092409327274592,0.15092409326298747,0.15092409327274592,0.15092409327800108,0.15092409327541303,0.15092409326298747,0.15092409321314754,0.15092409326298747,0.15092409327541303,0.15092409327800108,0.15092409327274592,0.15092409326298747,0.15092409327274592,0.15092409327800108,0.15092409328024703,0.15092409327800108,0.15092409327541303,0.15092409327800108,0.15092409328024703,0.14963652342736897,0.149636523425359,0.1496365234231762,0.149636523425359,0.14963652342736897,0.149636523425359,0.14963652342094239,0.1496365234136358,0.14963652342094239,0.149636523425359,0.1496365234231762,0.1496365234136358,0.14963652338223013,0.1496365234136358,0.1496365234231762,0.149636523425359,0.14963652342094239,0.1496365234136358,0.14963652342094239,0.149636523425359,0.14963652342736897,0.149636523425359,0.1496365234231762,0.149636523425359,0.14963652342736897,0.14837453669993445,0.14837453669875167,0.14837453669758466,0.14837453669875167,0.14837453669993445,0.14837453669875167,0.14837453669641448,0.14837453669309858,0.14837453669641448,0.14837453669875167,0.14837453669758466,0.14837453669309858,0.14837453668128822,0.14837453669309858,0.14837453669758466,0.14837453669875167,0.14837453669641448,0.14837453669309858,0.14837453669641448,0.14837453669875167,0.14837453669993445,0.14837453669875167,0.14837453669758466,0.14837453669875167,0.14837453669993445,0.14713758257910625,0.14713758257871626,0.14713758257840306,0.14713758257871626,0.14713758257910625,0.14713758257871626,0.1471375825781095,0.147137582577554,0.1471375825781095,0.14713758257871626,0.14713758257840306,0.147137582577554,0.14713758257681214,0.147137582577554,0.14713758257840306,0.14713758257871626,0.1471375825781095,0.147137582577554,0.1471375825781095,0.14713758257871626,0.14713758257910625,0.14713758257871626,0.14713758257840306,0.14713758257871626,0.14713758257910625,0.14592511841036246,0.1459251184105168,0.14592511841075187,0.1459251184105168,0.14592511841036246,0.1459251184105168,0.14592511841101075,0.14592511841208555,0.14592511841101075,0.1459251184105168,0.14592511841075187,0.14592511841208555,0.14592511841766734,0.14592511841208555,0.14592511841075187,0.1459251184105168,0.14592511841101075,0.14592511841208555,0.14592511841101075,0.1459251184105168,0.14592511841036246,0.1459251184105168,0.14592511841075187,0.1459251184105168,0.14592511841036246,0.14473660977738775,0.1447366097778196,0.14473660977831165,0.1447366097778196,0.14473660977738775,0.1447366097778196,0.14473660977882202,0.14473660978057556,0.14473660977882202,0.1447366097778196,0.14473660977831165,0.14473660978057556,0.14473660978861255,0.14473660978057556,0.14473660977831165,0.1447366097778196,0.14473660977882202,0.14473660978057556,0.14473660977882202,0.1447366097778196,0.14473660977738775,0.1447366097778196,0.14473660977831165,0.1447366097778196,0.14473660977738775,0.14357153081689017,0.1435715308173979,0.14357153081792629,0.1435715308173979,0.14357153081689017,0.1435715308173979,0.14357153081846222,0.1435715308201261,0.14357153081846222,0.1435715308173979,0.14357153081792629,0.1435715308201261,0.14357153082694651,0.1435715308201261,0.14357153081792629,0.1435715308173979,0.14357153081846222,0.1435715308201261,0.14357153081846202,0.1435715308173979,0.14357153081689017,0.1435715308173979,0.14357153081792629,0.1435715308173979,0.14357153081689017,0.14242936447984722,0.14242936448036023,0.14242936448086582,0.14242936448036023,0.14242936447984722,0.14242936448036023,0.14242936448136959,0.14242936448284463,0.14242936448136959,0.14242936448036023,0.14242936448086582,0.14242936448284463,0.14242936448852772,0.14242936448284463,0.14242936448086582,0.14242936448036023,0.14242936448136959,0.14242936448284463,0.14242936448136959,0.14242936448036023,0.14242936447984722,0.14242936448036023,0.14242936448086582,0.14242936448036023,0.14242936447984722,0.14130960274411855,0.14130960274466214,0.14130960274518087,0.14130960274466214,0.14130960274411855,0.14130960274466214,0.14130960274568988,0.14130960274716087,0.14130960274568988,0.14130960274466214,0.14130960274518087,0.14130960274716087,0.14130960275292062,0.14130960274716087,0.14130960274518087,0.14130960274466214,0.14130960274568988,0.14130960274716087,0.14130960274568988,0.14130960274466214,0.14130960274411855,0.14130960274466214,0.14130960274518087,0.14130960274466214,0.14130960274411855,0.14021174678316098,0.14021174678382242,0.14021174678441714,0.14021174678382242,0.14021174678316098,0.14021174678382242,0.1402117467849899,0.14021174678652196,0.1402117467849899,0.14021174678382242,0.14021174678441714,0.14021174678652196,0.14021174679224888,0.14021174678652196,0.14021174678441714,0.14021174678382242,0.1402117467849899,0.14021174678652196,0.1402117467849899,0.14021174678382242,0.14021174678316098,0.14021174678382242,0.14021174678441714,0.14021174678382242,0.14021174678316098,0.13913530709502644,0.13913530709603772,0.1391353070969007,0.13913530709603772,0.13913530709502644,0.13913530709603772,0.13913530709773111,0.13913530709950528,0.13913530709773111,0.13913530709603772,0.1391353070969007,0.13913530709950528,0.13913530710306218,0.13913530709950528,0.1391353070969007,0.13913530709603772,0.13913530709773111,0.13913530709950528,0.13913530709773111,0.13913530709603772,0.13913530709502644,0.13913530709603772,0.1391353070969007,0.13913530709603772,0.13913530709502644,0.13807980359527083,0.13807980359712974,0.1380798035989529,0.13807980359712974,0.13807980359527083,0.13807980359712974,0.13807980360078473,0.13807980360565253,0.13807980360078473,0.13807980359712974,0.1380798035989529,0.13807980360565253,0.1380798036190261,0.13807980360565253,0.1380798035989529,0.13807980359712974,0.13807980360078473,0.13807980360565253,0.13807980360078473,0.13807980359712974,0.13807980359527083,0.13807980359712974,0.1380798035989529,0.13807980359712974,0.13807980359527083,0.13704476567724108,0.13704476568006124,0.1370447656834408,0.13704476568006124,0.13704476567724108,0.13704476568006124,0.13704476568693544,0.13704476570060203,0.13704476568693544,0.13704476568006124,0.1370447656834408,0.13704476570060203,0.13704476577597874,0.13704476570060203,0.1370447656834408,0.13704476568006124,0.13704476568693544,0.13704476570060203,0.13704476568693544,0.13704476568006124,0.13704476567724108,0.13704476568006124,0.1370447656834408,0.13704476568006124,0.13704476567724108,0.13602973224461243,0.13602973224655632,0.13602973224844997,0.13602973224655632,0.13602973224461243,0.13602973224655632,0.1360297322503457,0.13602973225538847,0.13602973225034556,0.13602973224655632,0.13602973224844997,0.13602973225538847,0.13602973226933499,0.13602973225538847,0.13602973224844997,0.13602973224655632,0.13602973225034556,0.13602973225538847,0.13602973225034556,0.13602973224655632,0.13602973224461243,0.13602973224655632,0.13602973224844997,0.13602973224655632,0.13602973224461243,0.13503425172108632,0.1350342517222985,0.1350342517232969,0.1350342517222985,0.13503425172108632,0.1350342517222985,0.1350342517242426,0.13503425172616446,0.1350342517242426,0.1350342517222985,0.1350342517232969,0.13503425172616446,0.13503425172965097,0.13503425172616446,0.1350342517232969,0.1350342517222985,0.1350342517242426,0.13503425172616446,0.1350342517242426,0.13503425172229863,0.13503425172108632,0.1350342517222985,0.1350342517232969,0.13503425172229863,0.13503425172108632
0.16533248795088704,0.16533248795088704,0.1653324879508868,0.16533248795088704,0.16533248795088704,0.16533248795088704,0.1653324879508868,0.16533248795088656,0.1653324879508868,0.16533248795088704,0.1653324879508868,0.16533248795088656,0.16533248795088656,0.16533248795088656,0.1653324879508868,0.16533248795088704,0.1653324879508868,0.16533248795088656,0.1653324879508868,0.16533248795088704,0.16533248795088704,0.16533248795088704,0.1653324879508868,0.16533248795088704,0.16533248795088704,0.16375749422879574,0.1637574942287953,0.16375749422879504,0.1637574942287953,0.16375749422879574,0.1637574942287953,0.16375749422879504,0.1637574942287946,0.16375749422879504,0.1637574942287953,0.16375749422879504,0.1637574942287946,0.16375749422879435,0.1637574942287946,0.16375749422879504,0.1637574942287953,0.16375749422879504,0.1637574942287946,0.16375749422879504,0.1637574942287953,0.16375749422879574,0.1637574942287953,0.16375749422879504,0.1637574942287953,0.16375749422879574,0.16221388443866228,0.16221388443866114,0.16221388443866025,0.16221388443866114,0.16221388443866228,0.16221388443866114,0.16221388443865975,0.1622138844386589,0.16221388443865975,0.16221388443866114,0.16221388443866025,0.1622138844386589,0.1622138844386582,0.1622138844386589,0.16221388443866047,0.16221388443866114,0.16221388443865975,0.1622138844386589,0.16221388443865975,0.16221388443866114,0.16221388443866228,0.16221388443866114,0.16221388443866047,0.16221388443866114,0.16221388443866228,0.16070106753752877,0.16070106753752522,0.16070106753752278,0.16070106753752522,0.16070106753752877,0.16070106753752522,0.16070106753752103,0.16070106753751834,0.16070106753752103,0.16070106753752522,0.16070106753752278,0.16070106753751834,0.16070106753751548,0.16070106753751834,0.16070106753752278,0.16070106753752522,0.16070106753752103,0.16070106753751834,0.16070106753752103,0.16070106753752522,0.16070106753752877,0.16070106753752522,0.16070106753752278,0.16070106753752522,0.16070106753752877,0.15921845190037837,0.15921845190036726,0.15921845190036008,0.15921845190036726,0.15921845190037837,0.15921845190036726,0.15921845190035444,0.15921845190034595,0.15921845190035444,0.15921845190036726,0.15921845190036008,0.15921845190034595,0.15921845190033657,0.15921845190034595,0.15921845190036008,0.15921845190036726,0.15921845190035444,0.15921845190034595,0.15921845190035444,0.15921845190036726,0.15921845190037837,0.15921845190036726,0.15921845190036008,0.15921845190036726,0.15921845190037837,0.15776544667199305,0.15776544667196038,0.1577654466719388,0.15776544667196038,0.15776544667199305,0.15776544667196038,0.1577654466719211,0.15776544667189382,0.1577654466719211,0.15776544667196038,0.1577654466719388,0.15776544667189382,0.1577654466718618,0.15776544667189382,0.1577654466719388,0.15776544667196038,0.1577654466719211,0.15776544667189382,0.1577654466719211,0.15776544667196038,0.15776544667199305,0.15776544667196038,0.1577654466719388,0.15776544667196038,0.15776544667199305,0.15634146298129573,0.1563414629812035,0.15634146298113907,0.1563414629812035,0.15634146298129573,0.1563414629812035,0.1563414629810841,0.15634146298099458,0.1563414629810841,0.1563414629812035,0.15634146298113907,0.15634146298099458,0.1563414629808806,0.15634146298099458,0.15634146298113907,0.1563414629812035,0.1563414629810841,0.15634146298099458,0.1563414629810841,0.1563414629812035,0.15634146298129573,0.1563414629812035,0.15634146298113907,0.1563414629812035,0.15634146298129573,0.15494591502846172,0.15494591502821273,0.15494591502802624,0.15494591502821273,0.15494591502846172,0.15494591502821273,0.1549459150278576,0.1549459150275588,0.1549459150278576,0.15494591502821273,0.15494591502802624,0.1549459150275588,0.1549459150271196,0.1549459150275588,0.15494591502802624,0.15494591502821273,0.1549459150278576,0.1549459150275588,0.1549459150278576,0.15494591502821273,0.15494591502846172,0.15494591502821273,0.15494591502802624,0.15494591502821273,0.15494591502846172,0.15357822105454622,0.1535782210539256,0.15357822105340885,0.1535782210539256,0.15357822105454622,0.1535782210539256,0.15357822105291696,0.1535782210519017,0.15357822105291696,0.1535782210539256,0.15357822105340885,0.1535782210519017,0.15357822105002322,0.1535782210519017,0.15357822105340863,0.1535782210539256,0.15357822105291696,0.1535782210519017,0.15357822105291696,0.1535782210539256,0.15357822105454622,0.1535782210539256,0.15357822105340863,0.1535782210539256,0.15357822105454622,0.15223780420283378,0.15223780420148642,0.15223780420018707,0.15223780420148642,0.15223780420283378,0.15223780420148642,0.1522378041988893,0.15223780419550662,0.1522378041988893,0.15223780420148642,0.15223780420018707,0.15223780419550662,0.15223780418642663,0.15223780419550662,0.15223780420018707,0.15223780420148642,0.1522378041988893,0.15223780419550662,0.1522378041988893,0.15223780420148642,0.15223780420283378,0.15223780420148642,0.15223780420018707,0.15223780420148642,0.15223780420283378,0.15092409328044207,0.1509240932782048,0.15092409327562623,0.1509240932782048,0.15092409328044207,0.1509240932782048,0.15092409327296932,0.1509240932632454,0.15092409327296932,0.1509240932782048,0.15092409327562623,0.1509240932632454,0.15092409321360323,0.1509240932632454,0.15092409327562623,0.1509240932782048,0.15092409327296932,0.1509240932632454,0.15092409327296932,0.1509240932782048,0.15092409328044207,0.1509240932782048,0.15092409327562623,0.1509240932782048,0.15092409328044207,0.14963652342752307,0.1496365234255218,0.14963652342334904,0.1496365234255218,0.14963652342752307,0.1496365234255218,0.1496365234211252,0.14963652341385364,0.1496365234211252,0.1496365234255218,0.14963652342334904,0.14963652341385364,0.14963652338260638,0.14963652341385364,0.14963652342334904,0.1496365234255218,0.1496365234211252,0.14963652341385364,0.1496365234211252,0.1496365234255218,0.14963652342752307,0.1496365234255218,0.14963652342334904,0.1496365234255218,0.14963652342752307,0.14837453670002862,0.1483745366988514,0.14837453669769046,0.1483745366988514,0.14837453670002862,0.1483745366988514,0.14837453669652623,0.14837453669322997,0.14837453669652623,0.1483745366988514,0.14837453669769046,0.14837453669322997,0.14837453668145725,0.14837453669322997,0.14837453669769046,0.1483745366988514,0.14837453669652623,0.14837453669322997,0.14837453669652623,0.1483745366988514,0.14837453670002862,0.1483745366988514,0.14837453669769046,0.1483745366988514,0.14837453670002862,0.14713758257912826,0.14713758257873913,0.1471375825784267,0.14713758257873913,0.14713758257912826,0.14713758257873913,0.14713758257813386,0.1471375825775787,0.14713758257813386,0.14713758257873913,0.1471375825784267,0.1471375825775787,0.14713758257685336,0.1471375825775787,0.1471375825784267,0.14713758257873913,0.14713758257813386,0.1471375825775787,0.14713758257813386,0.14713758257873913,0.14713758257912826,0.14713758257873913,0.1471375825784267,0.14713758257873913,0.14713758257912826,0.14592511841030903,0.1459251184104607,0.14592511841069256,0.1459251184104607,0.14592511841030903,0.1459251184104607,0.1459251184109479,0.14592511841201147,0.1459251184109479,0.1459251184104607,0.14592511841069256,0.14592511841201147,0.14592511841754163,0.14592511841201147,0.14592511841069256,0.1459251184104607,0.1459251184109479,0.14592511841201147,0.1459251184109479,0.1459251184104607,0.14592511841030903,0.1459251184104607,0.14592511841069256,0.1459251184104607,0.14592511841030903,0.14473660977726402,0.1447366097776906,0.14473660977817654,0.1447366097776906,0.14473660977726402,0.1447366097776906,0.14473660977868083,0.14473660978041325,0.14473660977868083,0.1447366097776906,0.14473660977817654,0.14473660978041325,0.14473660978833308,0.14473660978041325,0.14473660977817654,0.1447366097776906,0.14473660977868083,0.14473660978041325,0.14473660977868083,0.14473660977769043,0.14473660977726402,0.1447366097776906,0.14473660977817654,0.14473660977769043,0.14473660977726402,0.1435715308167064,0.1435715308172081,0.14357153081773003,0.1435715308172081,0.1435715308167064,0.1435715308172081,0.14357153081825944,0.14357153081990162,0.14357153081825944,0.1435715308172081,0.14357153081773003,0.14357153081990162,0.14357153082664517,0.14357153081990162,0.14357153081773003,0.1435715308172081,0.14357153081825944,0.14357153081990162,0.14357153081825944,0.1435715308172081,0.1435715308167064,0.1435715308172081,0.14357153081773003,0.1435715308172081,0.1435715308167064,0.14242936447961474,0.14242936448012286,0.1424293644806236,0.14242936448012286,0.14242936447961474,0.14242936448012286,0.1424293644811225,0.14242936448258345,0.1424293644811225,0.14242936448012286,0.1424293644806236,0.14242936448258345,0.14242936448819274,0.14242936448258345,0.1424293644806236,0.14242936448012286,0.1424293644811225,0.14242936448258345,0.1424293644811225,0.14242936448012286,0.14242936447961474,0.14242936448012286,0.1424293644806236,0.14242936448012286,0.14242936447961474,0.1413096027438467,0.1413096027443863,0.14130960274490112,0.1413096027443863,0.1413096027438467,0.1413096027443863,0.1413096027454065,0.14130960274686646,0.1413096027454065,0.1413096027443863,0.14130960274490112,0.14130960274686646,0.14130960275257637,0.14130960274686646,0.14130960274490112,0.1413096027443863,0.1413096027454065,0.14130960274686646,0.1413096027454065,0.1413096027443863,0.1413096027438467,0.1413096027443863,0.14130960274490112,0.1413096027443863,0.1413096027438467,0.140211746782857,0.14021174678351525,0.14021174678410686,0.14021174678351525,0.140211746782857,0.14021174678351525,0.14021174678467674,0.14021174678619977,0.14021174678467674,0.14021174678351525,0.14021174678410686,0.14021174678619977,0.14021174679190893,0.14021174678619977,0.14021174678410686,0.14021174678351525,0.14021174678467674,0.14021174678619977,0.14021174678467674,0.14021174678351525,0.140211746782857,0.14021174678351525,0.14021174678410686,0.14021174678351525,0.140211746782857,0.13913530709469646,0.1391353070957049,0.13913530709656552,0.1391353070957049,0.13913530709469646,0.1391353070957049,0.13913530709739355,0.13913530709916266,0.13913530709739355,0.1391353070957049,0.13913530709656552,0.13913530709916266,0.1391353071027083,0.13913530709916266,0.13913530709656552,0.1391353070957049,0.13913530709739355,0.13913530709916266,0.13913530709739355,0.1391353070957049,0.13913530709469646,0.1391353070957049,0.13913530709656552,0.1391353070957049,0.13913530709469646,0.13807980359491995,0.13807980359677519,0.13807980359859476,0.13807980359677519,0.13807980359491995,0.13807980359677519,0.1380798036004233,0.13807980360528216,0.1380798036004233,0.13807980359677519,0.13807980359859476,0.13807980360528216,0.138079803618632,0.13807980360528216,0.13807980359859476,0.13807980359677519,0.1380798036004233,0.13807980360528216,0.1380798036004233,0.13807980359677519,0.13807980359491995,0.13807980359677519,0.13807980359859476,0.13807980359677519,0.13807980359491995,0.13704476567687632,0.13704476567969148,0.13704476568306515,0.13704476567969148,0.13704476567687632,0.13704476567969148,0.1370447656865537,0.13704476570019697,0.1370447656865537,0.13704476567969148,0.13704476568306515,0.13704476570019697,0.13704476577546545,0.13704476570019697,0.13704476568306515,0.13704476567969148,0.1370447656865537,0.13704476570019697,0.1370447656865537,0.13704476567969148,0.13704476567687632,0.13704476567969148,0.13704476568306515,0.13704476567969148,0.13704476567687632,0.13602973224424367,0.1360297322461843,0.13602973224807466,0.1360297322461843,0.13602973224424367,0.1360297322461843,0.13602973224996698,0.13602973225500112,0.13602973224996698,0.1360297322461843,0.13602973224807466,0.13602973225500112,0.13602973226892393,0.13602973225500112,0.13602973224807466,0.1360297322461843,0.13602973224996698,0.13602973225500112,0.13602973224996698,0.1360297322461843,0.13602973224424367,0.1360297322461843,0.13602973224807466,0.1360297322461843,0.13602973224424367,0.13503425172072042,0.13503425172193056,0.13503425172292718,0.13503425172193056,0.13503425172072042,0.13503425172193056,0.1350342517238713,0.13503425172578995,0.1350342517238713,0.13503425172193056,0.13503425172292718,0.13503425172578995,0.1350342517292703,0.13503425172578995,0.13503425172292718,0.13503425172193056,0.1350342517238713,0.13503425172578995,0.1350342517238713,0.13503425172193056,0.13503425172072042,0.13503425172193056,0.13503425172292718,0.13503425172193056,0.13503425172072042
0.16533248795116032,0.16533248795116032,0.16533248795116007,0.16533248795116032,0.16533248795116032,0.16533248795116032,0.16533248795116007,0.16533248795115985,0.16533248795116007,0.16533248795116032,0.16533248795116007,0.16533248795115985,0.16533248795115985,0.16533248795115985,0.16533248795116007,0.16533248795116032,0.16533248795116007,0.16533248795115985,0.16533248795116007,0.16533248795116032,0.16533248795116032,0.16533248795116032,0.16533248795116007,0.16533248795116032,0.16533248795116032,0.16375749422906358,0.1637574942290631,0.16375749422906288,0.1637574942290631,0.16375749422906358,0.1637574942290631,0.16375749422906263,0.16375749422906244,0.16375749422906263,0.1637574942290631,0.16375749422906288,0.16375749422906244,0.16375749422906216,0.16375749422906244,0.16375749422906288,0.1637574942290631,0.16375749422906263,0.16375749422906244,0.16375749422906263,0.1637574942290631,0.16375749422906358,0.1637574942290631,0.16375749422906288,0.1637574942290631,0.16375749422906358,0.16221388443892476,0.1622138844389234,0.1622138844389227,0.1622138844389234,0.16221388443892476,0.1622138844389234,0.16221388443892204,0.16221388443892137,0.16221388443892204,0.1622138844389234,0.1622138844389227,0.16221388443892137,0.16221388443892046,0.16221388443892137,0.1622138844389227,0.1622138844389234,0.16221388443892204,0.16221388443892137,0.16221388443892204,0.1622138844389234,0.16221388443892476,0.1622138844389234,0.1622138844389227,0.1622138844389234,0.16221388443892476,0.16070106753778582,0.16070106753778202,0.16070106753777982,0.16070106753778202,0.16070106753778582,0.16070106753778202,0.16070106753777808,0.16070106753777538,0.16070106753777808,0.16070106753778202,0.16070106753777982,0.16070106753777538,0.1607010675377725,0.16070106753777538,0.16070106753777982,0.16070106753778202,0.16070106753777808,0.16070106753777538,0.16070106753777808,0.16070106753778202,0.16070106753778582,0.16070106753778202,0.16070106753777982,0.16070106753778202,0.16070106753778582,0.15921845190063005,0.15921845190061895,0.15921845190061176,0.15921845190061895,0.15921845190063005,0.15921845190061895,0.15921845190060632,0.15921845190059783,0.15921845190060632,0.15921845190061895,0.15921845190061176,0.15921845190059783,0.15921845190058823,0.15921845190059783,0.15921845190061176,0.15921845190061895,0.15921845190060632,0.15921845190059783,0.15921845190060632,0.15921845190061895,0.15921845190063005,0.15921845190061895,0.15921845190061176,0.15921845190061895,0.15921845190063005,0.15776544667223946,0.15776544667220704,0.15776544667218526,0.15776544667220704,0.15776544667223946,0.15776544667220704,0.15776544667216777,0.15776544667214046,0.15776544667216777,0.15776544667220704,0.15776544667218526,0.15776544667214046,0.15776544667210865,0.15776544667214046,0.15776544667218526,0.15776544667220704,0.15776544667216777,0.15776544667214046,0.15776544667216777,0.15776544667220704,0.15776544667223946,0.15776544667220704,0.15776544667218526,0.15776544667220704,0.15776544667223946,0.1563414629815366,0.1563414629814448,0.1563414629813806,0.1563414629814448,0.1563414629815366,0.1563414629814448,0.1563414629813256,0.15634146298123652,0.1563414629813256,0.1563414629814448,0.1563414629813806,0.15634146298123652,0.15634146298112298,0.15634146298123652,0.1563414629813806,0.1563414629814448,0.1563414629813256,0.15634146298123652,0.1563414629813256,0.1563414629814448,0.1563414629815366,0.1563414629814448,0.1563414629813806,0.1563414629814448,0.1563414629815366,0.15494591502869656,0.15494591502844862,0.15494591502826252,0.15494591502844862,0.15494591502869656,0.15494591502844862,0.15494591502809468,0.15494591502779673,0.15494591502809468,0.15494591502844862,0.15494591502826252,0.15494591502779673,0.154945915027359,0.15494591502779673,0.15494591502826252,0.15494591502844862,0.15494591502809468,0.15494591502779673,0.15494591502809468,0.15494591502844862,0.15494591502869656,0.15494591502844862,0.15494591502826252,0.15494591502844862,0.15494591502869656,0.15357822105477315,0.15357822105415478,0.1535782210536398,0.15357822105415478,0.15357822105477315,0.15357822105415478,0.15357822105314975,0.1535782210521379,0.15357822105314975,0.15357822105415478,0.1535782210536398,0.1535782210521379,0.15357822105026583,0.1535782210521379,0.1535782210536398,0.15357822105415478,0.15357822105314975,0.1535782210521379,0.15357822105314975,0.15357822105415478,0.15357822105477315,0.15357822105415478,0.1535782210536398,0.15357822105415478,0.15357822105477315,0.15223780420304853,0.15223780420170588,0.15223780420041125,0.15223780420170588,0.15223780420304853,0.15223780420170588,0.15223780419911803,0.15223780419574717,0.15223780419911803,0.15223780420170588,0.15223780420041125,0.15223780419574717,0.15223780418669727,0.15223780419574695,0.15223780420041125,0.15223780420170588,0.15223780419911803,0.15223780419574695,0.15223780419911803,0.15223780420170588,0.15223780420304853,0.15223780420170588,0.15223780420041125,0.15223780420170588,0.15223780420304853,0.15092409328063425,0.15092409327840522,0.1509240932758363,0.15092409327840522,0.15092409328063425,0.15092409327840522,0.15092409327318906,0.15092409326349926,0.15092409327318906,0.15092409327840522,0.1509240932758363,0.15092409326349926,0.15092409321395395,0.15092409326349926,0.1509240932758363,0.15092409327840522,0.15092409327318906,0.15092409326349926,0.15092409327318906,0.15092409327840522,0.15092409328063425,0.15092409327840522,0.1509240932758363,0.15092409327840522,0.15092409328063425,0.14963652342767472,0.14963652342568215,0.14963652342351902,0.14963652342568215,0.14963652342767472,0.14963652342568215,0.14963652342130543,0.14963652341406788,0.14963652342130543,0.14963652342568215,0.14963652342351902,0.14963652341406788,0.1496365233829717,0.14963652341406788,0.14963652342351902,0.14963652342568215,0.14963652342130543,0.14963652341406788,0.14963652342130543,0.14963652342568215,0.14963652342767472,0.14963652342568215,0.14963652342351902,0.14963652342568215,0.14963652342767472,0.14837453670012127,0.14837453669894962,0.14837453669779443,0.14837453669894962,0.14837453670012127,0.14837453669894962,0.14837453669663653,0.14837453669335932,0.14837453669663653,0.14837453669894962,0.14837453669779443,0.14837453669335932,0.14837453668168726,0.14837453669335932,0.14837453669779443,0.14837453669894962,0.14837453669663653,0.14837453669335932,0.14837453669663653,0.14837453669894962,0.14837453670012127,0.14837453669894962,0.14837453669779443,0.14837453669894962,0.14837453670012127,0.14713758257914986,0.14713758257876183,0.1471375825784501,0.14713758257876183,0.14713758257914986,0.14713758257876183,0.14713758257815782,0.1471375825776034,0.14713758257815782,0.14713758257876183,0.1471375825784501,0.1471375825776034,0.14713758257686643,0.1471375825776034,0.1471375825784501,0.14713758257876183,0.14713758257815782,0.1471375825776034,0.14713758257815782,0.14713758257876183,0.14713758257914986,0.14713758257876183,0.1471375825784501,0.14713758257876183,0.14713758257914986,0.14592511841025665,0.14592511841040554,0.14592511841063416,0.14592511841040554,0.14592511841025665,0.14592511841040554,0.1459251184108863,0.14592511841193867,0.1459251184108863,0.14592511841040554,0.14592511841063416,0.14592511841193867,0.14592511841742978,0.14592511841193867,0.14592511841063416,0.14592511841040554,0.1459251184108863,0.14592511841193867,0.1459251184108863,0.14592511841040554,0.14592511841025665,0.14592511841040554,0.14592511841063416,0.14592511841040554,0.14592511841025665,0.14473660977714253,0.14473660977756353,0.14473660977804373,0.14473660977756353,0.14473660977714253,0.14473660977756353,0.14473660977854175,0.14473660978025352,0.14473660977854175,0.14473660977756353,0.14473660977804373,0.14473660978025352,0.14473660978807912,0.14473660978025352,0.14473660977804373,0.14473660977756353,0.14473660977854175,0.14473660978025352,0.14473660977854175,0.14473660977756353,0.14473660977714253,0.14473660977756353,0.14473660977804373,0.14473660977756353,0.14473660977714253,0.14357153081652557,0.14357153081702145,0.14357153081753699,0.14357153081702145,0.14357153081652557,0.14357153081702145,0.14357153081805993,0.1435715308196807,0.14357153081805993,0.14357153081702145,0.14357153081753699,0.1435715308196807,0.14357153082629937,0.1435715308196807,0.14357153081753699,0.14357153081702145,0.14357153081805993,0.1435715308196807,0.14357153081805993,0.14357153081702145,0.14357153081652557,0.14357153081702145,0.14357153081753699,0.14357153081702145,0.14357153081652557,0.14242936447938576,0.1424293644798892,0.14242936448038507,0.1424293644798892,0.14242936447938576,0.1424293644798892,0.14242936448087926,0.14242936448232643,0.14242936448087926,0.1424293644798892,0.14242936448038507,0.14242936448232643,0.14242936448792215,0.14242936448232643,0.14242936448038507,0.1424293644798892,0.14242936448087926,0.14242936448232643,0.14242936448087926,0.1424293644798892,0.14242936447938576,0.1424293644798892,0.14242936448038507,0.1424293644798892,0.14242936447938576,0.14130960274357898,0.14130960274411478,0.14130960274462595,0.14130960274411478,0.14130960274357898,0.14130960274411478,0.1413096027451274,0.1413096027465765,0.1413096027451274,0.14130960274411478,0.14130960274462595,0.1413096027465765,0.14130960275221915,0.1413096027465765,0.14130960274462595,0.14130960274411478,0.1413096027451274,0.1413096027465765,0.1413096027451274,0.14130960274411478,0.14130960274357898,0.14130960274411478,0.14130960274462595,0.14130960274411478,0.14130960274357898,0.14021174678255757,0.14021174678321288,0.14021174678380147,0.14021174678321288,0.14021174678255757,0.14021174678321288,0.14021174678436826,0.14021174678588244,0.14021174678436826,0.14021174678321288,0.14021174678380147,0.14021174678588244,0.14021174679155016,0.14021174678588244,0.14021174678380147,0.14021174678321288,0.14021174678436826,0.14021174678588244,0.14021174678436826,0.14021174678321288,0.14021174678255757,0.14021174678321288,0.14021174678380147,0.14021174678321288,0.14021174678255757,0.13913530709437139,0.13913530709537716,0.13913530709623537,0.13913530709537716,0.13913530709437139,0.13913530709537716,0.1391353070970612,0.1391353070988251,0.1391353070970612,0.13913530709537716,0.13913530709623537,0.1391353070988251,0.13913530710235983,0.1391353070988251,0.13913530709623537,0.13913530709537716,0.1391353070970612,0.1391353070988251,0.1391353070970612,0.13913530709537716,0.13913530709437139,0.13913530709537716,0.13913530709623537,0.13913530709537716,0.13913530709437139,0.13807980359457436,0.1380798035964262,0.13807980359824235,0.1380798035964262,0.13807980359457436,0.1380798035964262,0.13807980360006733,0.1380798036049175,0.13807980360006733,0.1380798035964262,0.13807980359824235,0.1380798036049175,0.13807980361824376,0.1380798036049175,0.13807980359824235,0.1380798035964262,0.13807980360006733,0.1380798036049175,0.13807980360006733,0.1380798035964262,0.13807980359457436,0.1380798035964262,0.13807980359824235,0.1380798035964262,0.13807980359457436,0.13704476567651722,0.13704476567932733,0.13704476568269522,0.13704476567932733,0.13704476567651722,0.13704476567932733,0.13704476568617782,0.1370447656997979,0.13704476568617782,0.13704476567932733,0.13704476568269522,0.1370447656997979,0.13704476577490915,0.1370447656997979,0.13704476568269522,0.13704476567932733,0.13704476568617782,0.1370447656997979,0.13704476568617782,0.13704476567932733,0.13704476567651722,0.13704476567932733,0.13704476568269522,0.13704476567932733,0.13704476567651722,0.13602973224388076,0.13602973224581794,0.13602973224770504,0.13602973224581794,0.13602973224388076,0.13602973224581794,0.13602973224959422,0.13602973225461984,0.13602973224959422,0.13602973224581794,0.13602973224770504,0.13602973225461984,0.13602973226851908,0.13602973225461984,0.13602973224770504,0.13602973224581794,0.13602973224959422,0.13602973225461984,0.13602973224959422,0.13602973224581794,0.13602973224388076,0.13602973224581794,0.13602973224770504,0.13602973224581794,0.1360297322438806,0.13503425172036024,0.13503425172156833,0.1350342517225632,0.13503425172156833,0.13503425172036024,0.13503425172156833,0.1350342517235057,0.135034251725421,0.1350342517235057,0.13503425172156833,0.1350342517225632,0.135034251725421,0.13503425172889563,0.135034251725421,0.1350342517225632,0.13503425172156833,0.1350342517235057,0.135034251725421,0.1350342517235057,0.13503425172156833,0.13503425172036024,0.13503425172156833,0.1350342517225632,0.13503425172156833,0.13503425172036024
0.1653324879514291,0.1653324879514291,0.16533248795142888,0.1653324879514291,0.1653324879514291,0.1653324879514291,0.16533248795142888,0.16533248795142863,0.16533248795142888,0.1653324879514291,0.16533248795142888,0.16533248795142863,0.16533248795142863,0.16533248795142863,0.16533248795142888,0.1653324879514291,0.16533248795142888,0.16533248795142863,0.16533248795142888,0.1653324879514291,0.1653324879514291,0.1653324879514291,0.16533248795142888,0.1653324879514291,0.1653324879514291,0.163757494229327,0.16375749422932656,0.1637574942293263,0.16375749422932656,0.163757494229327,0.16375749422932656,0.16375749422932606,0.16375749422932584,0.16375749422932606,0.16375749422932656,0.1637574942293263,0.16375749422932584,0.16375749422932562,0.16375749422932584,0.1637574942293263,0.16375749422932656,0.16375749422932606,0.16375749422932584,0.16375749422932606,0.16375749422932656,0.163757494229327,0.16375749422932656,0.1637574942293263,0.16375749422932656,0.163757494229327,0.1622138844391827,0.16221388443918158,0.1622138844391807,0.16221388443918158,0.1622138844391827,0.16221388443918158,0.16221388443918022,0.1622138844391793,0.16221388443918022,0.16221388443918158,0.1622138844391807,0.1622138844391793,0.1622138844391786,0.1622138844391793,0.1622138844391807,0.16221388443918158,0.16221388443918022,0.1622138844391793,0.16221388443918022,0.16221388443918158,0.1622138844391827,0.16221388443918158,0.1622138844391807,0.16221388443918158,0.1622138844391827,0.16070106753803864,0.16070106753803506,0.16070106753803262,0.16070106753803506,0.16070106753803864,0.16070106753803506,0.16070106753803085,0.16070106753802818,0.16070106753803085,0.16070106753803506,0.16070106753803262,0.16070106753802818,0.1607010675380253,0.16070106753802818,0.16070106753803262,0.16070106753803506,0.16070106753803085,0.16070106753802818,0.16070106753803085,0.16070106753803506,0.16070106753803864,0.16070106753803506,0.16070106753803262,0.16070106753803506,0.16070106753803864,0.1592184519008776,0.1592184519008667,0.15921845190085954,0.1592184519008667,0.1592184519008776,0.1592184519008667,0.15921845190085407,0.1592184519008456,0.15921845190085407,0.1592184519008667,0.15921845190085954,0.1592184519008456,0.15921845190083603,0.1592184519008456,0.15921845190085954,0.1592184519008667,0.15921845190085407,0.1592184519008456,0.15921845190085407,0.1592184519008667,0.1592184519008776,0.1592184519008667,0.15921845190085954,0.1592184519008667,0.1592184519008776,0.15776544667248185,0.15776544667244943,0.15776544667242787,0.15776544667244943,0.15776544667248185,0.15776544667244943,0.15776544667241035,0.1577654466723833,0.15776544667241035,0.15776544667244943,0.15776544667242787,0.1577654466723833,0.15776544667235148,0.1577654466723833,0.15776544667242787,0.15776544667244943,0.15776544667241035,0.1577654466723833,0.15776544667241035,0.15776544667244943,0.15776544667248185,0.15776544667244943,0.15776544667242787,0.15776544667244943,0.15776544667248185,0.15634146298177373,0.15634146298168214,0.15634146298161816,0.15634146298168214,0.15634146298177373,0.15634146298168214,0.15634146298156337,0.1563414629814747,0.15634146298156337,0.15634146298168214,0.15634146298161816,0.1563414629814747,0.15634146298136137,0.1563414629814747,0.15634146298161816,0.15634146298168214,0.15634146298156337,0.1563414629814747,0.15634146298156337,0.15634146298168214,0.15634146298177373,0.15634146298168214,0.15634146298161816,0.15634146298168214,0.15634146298177373,0.15494591502892754,0.15494591502868038,0.1549459150284951,0.15494591502868038,0.15494591502892754,0.15494591502868038,0.1549459150283277,0.15494591502803096,0.1549459150283277,0.15494591502868038,0.1549459150284951,0.15494591502803096,0.15494591502759464,0.15494591502803096,0.1549459150284951,0.15494591502868038,0.1549459150283277,0.15494591502803096,0.1549459150283277,0.15494591502868038,0.15494591502892754,0.15494591502868038,0.1549459150284951,0.15494591502868038,0.15494591502892754,0.1535782210549965,0.15357822105438032,0.15357822105386718,0.15357822105438032,0.1535782210549965,0.15357822105438032,0.1535782210533787,0.15357822105237046,0.1535782210533787,0.15357822105438032,0.15357822105386718,0.15357822105237046,0.15357822105050462,0.15357822105237046,0.15357822105386718,0.15357822105438032,0.1535782210533787,0.15357822105237046,0.1535782210533787,0.15357822105438032,0.1535782210549965,0.15357822105438032,0.15357822105386718,0.15357822105438032,0.1535782210549965,0.15223780420325952,0.1522378042019218,0.15223780420063174,0.1522378042019218,0.15223780420325952,0.1522378042019218,0.152237804199343,0.15223780419598357,0.152237804199343,0.1522378042019218,0.15223780420063174,0.15223780419598357,0.15223780418696378,0.15223780419598357,0.15223780420063174,0.1522378042019218,0.152237804199343,0.15223780419598357,0.152237804199343,0.1522378042019218,0.15223780420325952,0.1522378042019218,0.15223780420063174,0.1522378042019218,0.15223780420325952,0.1509240932808231,0.1509240932786026,0.15092409327604295,0.1509240932786026,0.1509240932808231,0.1509240932786026,0.15092409327340534,0.15092409326374912,0.15092409327340534,0.1509240932786026,0.15092409327604295,0.15092409326374912,0.15092409321436062,0.15092409326374912,0.15092409327604295,0.1509240932786026,0.15092409327340534,0.15092409326374912,0.15092409327340534,0.1509240932786026,0.1509240932808231,0.1509240932786026,0.15092409327604295,0.1509240932786026,0.1509240932808231,0.1496365234278239,0.14963652342584002,0.14963652342368655,0.14963652342584002,0.1496365234278239,0.14963652342584002,0.1496365234214826,0.1496365234142787,0.1496365234214826,0.14963652342584002,0.14963652342368655,0.1496365234142787,0.14963652338337352,0.1496365234142787,0.14963652342368655,0.14963652342584002,0.1496365234214826,0.1496365234142787,0.1496365234214826,0.14963652342584002,0.1496365234278239,0.14963652342584002,0.14963652342368655,0.14963652342584002,0.1496365234278239,0.14837453670021264,0.14837453669904635,0.14837453669789694,0.14837453669904635,0.14837453670021264,0.14837453669904635,0.14837453669674494,0.14837453669348666,0.14837453669674494,0.14837453669904635,0.14837453669789694,0.14837453669348666,0.148374536681885,0.14837453669348666,0.14837453669789694,0.14837453669904635,0.14837453669674494,0.14837453669348666,0.14837453669674494,0.14837453669904635,0.14837453670021264,0.14837453669904635,0.14837453669789694,0.14837453669904635,0.14837453670021264,0.1471375825791713,0.14713758257878418,0.14713758257847318,0.14713758257878418,0.1471375825791713,0.14713758257878418,0.14713758257818163,0.14713758257762777,0.14713758257818163,0.14713758257878418,0.14713758257847318,0.14713758257762777,0.1471375825768568,0.14713758257762777,0.14713758257847318,0.14713758257878418,0.14713758257818163,0.14713758257762777,0.14713758257818163,0.14713758257878418,0.1471375825791713,0.14713758257878418,0.14713758257847318,0.14713758257878418,0.1471375825791713,0.1459251184102052,0.14592511841035122,0.14592511841057682,0.14592511841035122,0.1459251184102052,0.14592511841035122,0.14592511841082575,0.14592511841186726,0.14592511841082575,0.14592511841035122,0.14592511841057682,0.14592511841186726,0.14592511841730427,0.14592511841186726,0.14592511841057682,0.14592511841035122,0.14592511841082575,0.14592511841186726,0.14592511841082575,0.14592511841035122,0.1459251184102052,0.14592511841035122,0.14592511841057682,0.14592511841035122,0.1459251184102052,0.14473660977702277,0.14473660977743857,0.1447366097779128,0.14473660977743857,0.14473660977702277,0.14473660977743857,0.14473660977840486,0.14473660978009628,0.14473660977840486,0.14473660977743857,0.1447366097779128,0.14473660978009628,0.14473660978783875,0.14473660978009628,0.1447366097779128,0.14473660977743857,0.14473660977840486,0.14473660978009628,0.14473660977840486,0.14473660977743857,0.14473660977702277,0.14473660977743857,0.1447366097779128,0.14473660977743857,0.14473660977702277,0.1435715308163474,0.1435715308168375,0.1435715308173469,0.1435715308168375,0.1435715308163474,0.1435715308168375,0.1435715308178633,0.14357153081946322,0.1435715308178633,0.1435715308168375,0.1435715308173469,0.14357153081946322,0.14357153082600316,0.14357153081946322,0.1435715308173469,0.1435715308168375,0.1435715308178633,0.14357153081946322,0.1435715308178633,0.1435715308168375,0.1435715308163474,0.1435715308168375,0.1435715308173469,0.1435715308168375,0.1435715308163474,0.1424293644791603,0.14242936447965884,0.1424293644801502,0.14242936447965884,0.1424293644791603,0.14242936447965884,0.14242936448063953,0.1424293644820733,0.14242936448063953,0.14242936447965884,0.1424293644801502,0.1424293644820733,0.14242936448759605,0.1424293644820733,0.1424293644801502,0.14242936447965884,0.14242936448063953,0.1424293644820733,0.14242936448063953,0.14242936447965884,0.1424293644791603,0.14242936447965884,0.1424293644801502,0.14242936447965884,0.1424293644791603,0.14130960274331517,0.1413096027438472,0.14130960274435458,0.1413096027438472,0.14130960274331517,0.1413096027438472,0.14130960274485257,0.141309602746291,0.14130960274485257,0.1413096027438472,0.14130960274435458,0.141309602746291,0.14130960275191162,0.141309602746291,0.14130960274435458,0.1413096027438472,0.14130960274485257,0.141309602746291,0.14130960274485257,0.1413096027438472,0.14130960274331517,0.1413096027438472,0.14130960274435458,0.1413096027438472,0.14130960274331517,0.14021174678226278,0.1402117467829149,0.14021174678350057,0.1402117467829149,0.14021174678226278,0.1402117467829149,0.14021174678406448,0.1402117467855699,0.14021174678406448,0.1402117467829149,0.14021174678350057,0.1402117467855699,0.14021174679118167,0.1402117467855699,0.14021174678350057,0.1402117467829149,0.14021174678406448,0.1402117467855699,0.14021174678406448,0.1402117467829149,0.14021174678226278,0.1402117467829149,0.14021174678350057,0.1402117467829149,0.14021174678226278,0.13913530709405122,0.13913530709505428,0.13913530709591013,0.13913530709505428,0.13913530709405122,0.13913530709505428,0.13913530709673358,0.1391353070984926,0.13913530709673358,0.13913530709505428,0.13913530709591013,0.1391353070984926,0.13913530710201644,0.1391353070984926,0.13913530709591013,0.13913530709505428,0.13913530709673358,0.1391353070984926,0.13913530709673358,0.13913530709505428,0.13913530709405122,0.13913530709505428,0.13913530709591013,0.13913530709505428,0.13913530709405122,0.13807980359423389,0.138079803596082,0.13807980359789487,0.138079803596082,0.13807980359423389,0.138079803596082,0.13807980359971664,0.1380798036045581,0.13807980359971644,0.138079803596082,0.13807980359789487,0.1380798036045581,0.13807980361786112,0.1380798036045581,0.13807980359789487,0.138079803596082,0.13807980359971644,0.1380798036045581,0.13807980359971644,0.138079803596082,0.13807980359423389,0.138079803596082,0.13807980359789487,0.138079803596082,0.13807980359423389,0.1370447656761631,0.13704476567896853,0.13704476568233062,0.13704476567896853,0.1370447656761631,0.13704476567896853,0.13704476568580748,0.1370447656994047,0.13704476568580748,0.13704476567896853,0.13704476568233062,0.1370447656994047,0.13704476577441183,0.1370447656994047,0.13704476568233062,0.13704476567896853,0.13704476568580748,0.1370447656994047,0.13704476568580748,0.13704476567896853,0.1370447656761631,0.13704476567896853,0.13704476568233062,0.13704476567896853,0.1370447656761631,0.1360297322435229,0.1360297322454568,0.13602973224734077,0.1360297322454568,0.1360297322435229,0.1360297322454568,0.1360297322492268,0.13602973225424395,0.1360297322492268,0.1360297322454568,0.13602973224734077,0.13602973225424395,0.13602973226812007,0.13602973225424395,0.13602973224734077,0.1360297322454568,0.1360297322492268,0.13602973225424395,0.1360297322492268,0.1360297322454568,0.1360297322435229,0.1360297322454568,0.13602973224734077,0.1360297322454568,0.1360297322435229,0.1350342517200052,0.1350342517212112,0.13503425172220435,0.1350342517212112,0.1350342517200052,0.1350342517212112,0.13503425172314537,0.13503425172505745,0.13503425172314537,0.1350342517212112,0.13503425172220435,0.13503425172505745,0.13503425172852623,0.13503425172505745,0.13503425172220435,0.1350342517212112,0.13503425172314537,0.13503425172505745,0.13503425172314537,0.1350342517212112,0.1350342517200052,0.1350342517212112,0.13503425172220435,0.1350342517212112,0.1350342517200052
0.1653324879516939,0.1653324879516939,0.1653324879516936,0.1653324879516939,0.1653324879516939,0.1653324879516939,0.1653324879516936,0.16533248795169342,0.1653324879516936,0.1653324879516939,0.1653324879516936,0.16533248795169342,0.16533248795169342,0.16533248795169342,0.1653324879516936,0.1653324879516939,0.1653324879516936,0.16533248795169342,0.1653324879516936,0.1653324879516939,0.1653324879516939,0.1653324879516939,0.1653324879516936,0.1653324879516939,0.1653324879516939,0.16375749422958652,0.16375749422958608,0.16375749422958583,0.16375749422958608,0.16375749422958652,0.16375749422958608,0.1637574942295856,0.16375749422958535,0.1637574942295856,0.16375749422958608,0.16375749422958583,0.16375749422958535,0.16375749422958513,0.16375749422958535,0.16375749422958583,0.16375749422958608,0.1637574942295856,0.16375749422958535,0.1637574942295856,0.16375749422958608,0.16375749422958652,0.16375749422958608,0.16375749422958583,0.16375749422958608,0.16375749422958652,0.16221388443943707,0.16221388443943568,0.16221388443943502,0.16221388443943568,0.16221388443943707,0.16221388443943568,0.16221388443943455,0.16221388443943366,0.16221388443943455,0.16221388443943568,0.16221388443943502,0.16221388443943366,0.16221388443943274,0.16221388443943366,0.16221388443943502,0.16221388443943568,0.16221388443943455,0.16221388443943366,0.16221388443943455,0.16221388443943568,0.16221388443943707,0.16221388443943568,0.16221388443943502,0.16221388443943568,0.16221388443943707,0.16070106753828764,0.16070106753828411,0.16070106753828167,0.16070106753828411,0.16070106753828764,0.16070106753828411,0.1607010675382799,0.16070106753827723,0.1607010675382799,0.16070106753828411,0.16070106753828167,0.16070106753827723,0.16070106753827457,0.16070106753827723,0.16070106753828167,0.16070106753828411,0.1607010675382799,0.16070106753827723,0.1607010675382799,0.16070106753828411,0.16070106753828764,0.16070106753828411,0.16070106753828167,0.16070106753828411,0.16070106753828764,0.15921845190112166,0.15921845190111056,0.15921845190110334,0.15921845190111056,0.15921845190112166,0.15921845190111056,0.15921845190109796,0.15921845190108944,0.15921845190109796,0.15921845190111056,0.15921845190110334,0.15921845190108944,0.1592184519010801,0.15921845190108944,0.15921845190110334,0.15921845190111056,0.15921845190109796,0.15921845190108944,0.15921845190109796,0.15921845190111056,0.15921845190112166,0.15921845190111056,0.15921845190110334,0.15921845190111056,0.15921845190112166,0.1577654466727206,0.15776544667268838,0.15776544667266684,0.15776544667268838,0.1577654466727206,0.15776544667268838,0.15776544667264933,0.15776544667262227,0.15776544667264933,0.15776544667268838,0.15776544667266684,0.15776544667262227,0.15776544667259065,0.15776544667262227,0.15776544667266684,0.15776544667268838,0.15776544667264933,0.15776544667262227,0.15776544667264933,0.15776544667268838,0.1577654466727206,0.15776544667268838,0.15776544667266684,0.15776544667268838,0.1577654466727206,0.15634146298200707,0.15634146298191592,0.15634146298185214,0.15634146298191592,0.15634146298200707,0.15634146298191592,0.15634146298179755,0.15634146298170912,0.15634146298179755,0.15634146298191592,0.15634146298185214,0.15634146298170912,0.15634146298159618,0.15634146298170912,0.15634146298185214,0.15634146298191592,0.15634146298179755,0.15634146298170912,0.15634146298179755,0.15634146298191592,0.15634146298200707,0.15634146298191592,0.15634146298185214,0.15634146298191592,0.15634146298200707,0.15494591502915522,0.1549459150289089,0.15494591502872423,0.1549459150289089,0.15494591502915522,0.1549459150289089,0.15494591502855742,0.1549459150282615,0.15494591502855742,0.1549459150289089,0.15494591502872423,0.1549459150282615,0.15494591502782665,0.1549459150282615,0.15494591502872423,0.1549459150289089,0.15494591502855742,0.1549459150282615,0.15494591502855742,0.1549459150289089,0.15494591502915522,0.1549459150289089,0.15494591502872423,0.1549459150289089,0.15494591502915522,0.15357822105521643,0.15357822105460245,0.15357822105409089,0.15357822105460245,0.15357822105521643,0.15357822105460245,0.15357822105360425,0.15357822105259944,0.15357822105360425,0.15357822105460245,0.15357822105409089,0.15357822105259944,0.15357822105073962,0.15357822105259944,0.15357822105409089,0.15357822105460245,0.15357822105360425,0.15357822105259944,0.15357822105360425,0.15357822105460245,0.15357822105521643,0.15357822105460245,0.15357822105409089,0.15357822105460245,0.15357822105521643,0.1522378042034676,0.1522378042021346,0.15223780420084884,0.1522378042021346,0.1522378042034676,0.1522378042021346,0.15223780419956467,0.15223780419621663,0.15223780419956467,0.1522378042021346,0.15223780420084884,0.15223780419621663,0.15223780418722618,0.15223780419621663,0.15223780420084884,0.1522378042021346,0.15223780419956467,0.15223780419621663,0.15223780419956467,0.1522378042021346,0.1522378042034676,0.1522378042021346,0.15223780420084884,0.1522378042021346,0.1522378042034676,0.15092409328100925,0.15092409327879686,0.15092409327624645,0.15092409327879686,0.15092409328100925,0.15092409327879686,0.1509240932736181,0.15092409326399508,0.1509240932736181,0.15092409327879686,0.15092409327624645,0.15092409326399508,0.15092409321479858,0.15092409326399508,0.15092409327624645,0.15092409327879686,0.1509240932736181,0.15092409326399508,0.1509240932736181,0.15092409327879686,0.15092409328100925,0.15092409327879686,0.15092409327624645,0.15092409327879686,0.15092409328100925,0.14963652342797082,0.14963652342599548,0.14963652342385123,0.14963652342599548,0.14963652342797082,0.14963652342599548,0.14963652342165712,0.1496365234144863,0.14963652342165712,0.14963652342599548,0.14963652342385123,0.1496365234144863,0.149636523383708,0.1496365234144863,0.14963652342385123,0.14963652342599548,0.14963652342165712,0.1496365234144863,0.14963652342165712,0.14963652342599548,0.14963652342797082,0.14963652342599548,0.14963652342385123,0.14963652342599548,0.14963652342797082,0.1483745367003027,0.1483745366991418,0.14837453669799813,0.1483745366991418,0.1483745367003027,0.1483745366991418,0.1483745366968517,0.1483745366936121,0.1483745366968517,0.1483745366991418,0.14837453669799813,0.1483745366936121,0.1483745366820607,0.1483745366936121,0.14837453669799813,0.1483745366991418,0.1483745366968517,0.1483745366936121,0.1483745366968517,0.1483745366991418,0.1483745367003027,0.1483745366991418,0.14837453669799813,0.1483745366991418,0.1483745367003027,0.14713758257919254,0.14713758257880635,0.14713758257849607,0.14713758257880635,0.14713758257919254,0.14713758257880635,0.14713758257820525,0.1471375825776521,0.14713758257820525,0.14713758257880635,0.14713758257849607,0.1471375825776521,0.14713758257690912,0.1471375825776521,0.14713758257849607,0.14713758257880635,0.14713758257820525,0.1471375825776521,0.14713758257820525,0.14713758257880635,0.14713758257919254,0.14713758257880635,0.14713758257849607,0.14713758257880635,0.14713758257919254,0.14592511841015463,0.14592511841029798,0.14592511841052055,0.14592511841029798,0.14592511841015463,0.14592511841029798,0.14592511841076627,0.14592511841179728,0.14592511841076627,0.14592511841029798,0.14592511841052055,0.14592511841179728,0.14592511841718156,0.14592511841179728,0.14592511841052055,0.14592511841029798,0.14592511841076627,0.14592511841179728,0.14592511841076627,0.14592511841029798,0.14592511841015463,0.14592511841029798,0.14592511841052055,0.14592511841029798,0.14592511841015463,0.14473660977690497,0.14473660977731567,0.14473660977778416,0.14473660977731567,0.14473660977690497,0.14473660977731567,0.1447366097782705,0.1447366097799418,0.1447366097782705,0.14473660977731567,0.14473660977778416,0.1447366097799418,0.14473660978758984,0.1447366097799418,0.14473660977778416,0.14473660977731567,0.1447366097782705,0.1447366097799418,0.1447366097782705,0.14473660977731567,0.14473660977690497,0.14473660977731567,0.14473660977778416,0.14473660977731567,0.14473660977690497,0.14357153081617202,0.14357153081665644,0.1435715308171597,0.14357153081665644,0.14357153081617202,0.14357153081665644,0.14357153081766996,0.14357153081924917,0.14357153081766996,0.14357153081665644,0.1435715308171597,0.14357153081924917,0.14357153082568694,0.14357153081924917,0.1435715308171597,0.14357153081665644,0.14357153081766996,0.14357153081924917,0.14357153081766996,0.14357153081665644,0.14357153081617202,0.14357153081665644,0.1435715308171597,0.14357153081665644,0.14357153081617202,0.14242936447893836,0.14242936447943222,0.14242936447991889,0.14242936447943222,0.14242936447893836,0.14242936447943222,0.14242936448040366,0.14242936448182403,0.14242936448040366,0.14242936447943222,0.14242936447991889,0.14242936448182403,0.14242936448730012,0.14242936448182403,0.14242936447991889,0.14242936447943222,0.14242936448040366,0.14242936448182403,0.14242936448040366,0.14242936447943222,0.14242936447893836,0.14242936447943222,0.14242936447991889,0.14242936447943222,0.14242936447893836,0.14130960274305546,0.14130960274358373,0.1413096027440875,0.14130960274358373,0.14130960274305546,0.14130960274358373,0.14130960274458187,0.1413096027460096,0.14130960274458187,0.14130960274358373,0.1413096027440875,0.1413096027460096,0.1413096027516029,0.1413096027460096,0.1413096027440875,0.14130960274358373,0.14130960274458187,0.1413096027460096,0.14130960274458187,0.14130960274358373,0.14130960274305546,0.14130960274358373,0.1413096027440875,0.14130960274358373,0.14130960274305546,0.1402117467819722,0.1402117467826214,0.14021174678320403,0.1402117467826214,0.1402117467819722,0.1402117467826214,0.14021174678376502,0.14021174678526194,0.14021174678376502,0.1402117467826214,0.14021174678320403,0.14021174678526194,0.14021174679083273,0.14021174678526194,0.14021174678320403,0.1402117467826214,0.14021174678376502,0.14021174678526194,0.14021174678376502,0.1402117467826214,0.1402117467819722,0.1402117467826214,0.14021174678320403,0.1402117467826214,0.1402117467819722,0.13913530709373578,0.13913530709473618,0.13913530709558963,0.13913530709473618,0.13913530709373564,0.13913530709473618,0.13913530709641103,0.13913530709816496,0.13913530709641103,0.13913530709473618,0.13913530709558963,0.13913530709816496,0.13913530710167807,0.13913530709816496,0.13913530709558963,0.13913530709473618,0.13913530709641103,0.13913530709816496,0.13913530709641103,0.13913530709473618,0.13913530709373564,0.13913530709473618,0.13913530709558963,0.13913530709473618,0.13913530709373564,0.13807980359389838,0.13807980359574307,0.13807980359755256,0.13807980359574307,0.13807980359389838,0.13807980359574307,0.13807980359937103,0.138079803604204,0.13807980359937103,0.13807980359574307,0.13807980359755256,0.138079803604204,0.13807980361748406,0.138079803604204,0.13807980359755256,0.13807980359574307,0.13807980359937103,0.138079803604204,0.13807980359937103,0.13807980359574307,0.13807980359389838,0.13807980359574307,0.13807980359755256,0.13807980359574307,0.13807980359389838,0.1370447656758145,0.13704476567861507,0.1370447656819715,0.13704476567861507,0.1370447656758145,0.13704476567861507,0.1370447656854424,0.1370447656990173,0.1370447656854424,0.13704476567861507,0.1370447656819715,0.1370447656990173,0.13704476577389654,0.1370447656990173,0.1370447656819715,0.13704476567861507,0.1370447656854424,0.1370447656990173,0.1370447656854424,0.13704476567861507,0.1370447656758145,0.13704476567861507,0.1370447656819715,0.13704476567861507,0.1370447656758145,0.13602973224317041,0.13602973224510106,0.13602973224698187,0.13602973224510106,0.13602973224317041,0.13602973224510106,0.13602973224886478,0.13602973225387371,0.13602973224886478,0.13602973224510106,0.13602973224698187,0.13602973225387371,0.13602973226772702,0.13602973225387371,0.13602973224698187,0.13602973224510106,0.13602973224886478,0.13602973225387371,0.13602973224886478,0.13602973224510106,0.13602973224317041,0.13602973224510106,0.13602973224698187,0.13602973224510106,0.13602973224317041,0.13503425171965538,0.13503425172085937,0.13503425172185085,0.13503425172085937,0.13503425171965538,0.13503425172085937,0.13503425172279032,0.13503425172469932,0.13503425172279032,0.13503425172085937,0.13503425172185085,0.13503425172469932,0.13503425172816239,0.13503425172469932,0.13503425172185085,0.13503425172085937,0.13503425172279032,0.13503425172469932,0.13503425172279032,0.13503425172085937,0.13503425171965538,0.13503425172085937,0.13503425172185085,0.13503425172085937,0.13503425171965538
0.16533248795195488,0.16533248795195463,0.1653324879519544,0.16533248795195463,0.16533248795195488,0.16533248795195463,0.1653324879519544,0.1653324879519544,0.1653324879519544,0.16533248795195463,0.1653324879519544,0.1653324879519544,0.16533248795195418,0.1653324879519544,0.1653324879519544,0.16533248795195463,0.1653324879519544,0.1653324879519544,0.1653324879519544,0.16533248795195463,0.16533248795195488,0.16533248795195463,0.1653324879519544,0.16533248795195463,0.16533248795195488,0.16375749422984207,0.16375749422984162,0.16375749422984143,0.16375749422984162,0.16375749422984207,0.16375749422984162,0.16375749422984118,0.1637574942298409,0.16375749422984118,0.16375749422984162,0.16375749422984143,0.1637574942298409,0.16375749422984068,0.1637574942298409,0.16375749422984143,0.16375749422984162,0.16375749422984118,0.1637574942298409,0.16375749422984118,0.16375749422984162,0.16375749422984207,0.16375749422984162,0.16375749422984143,0.16375749422984162,0.16375749422984207,0.16221388443968732,0.16221388443968615,0.16221388443968549,0.16221388443968615,0.16221388443968732,0.16221388443968615,0.1622138844396848,0.16221388443968413,0.1622138844396848,0.16221388443968615,0.16221388443968549,0.16221388443968413,0.1622138844396832,0.16221388443968413,0.16221388443968549,0.16221388443968615,0.1622138844396848,0.16221388443968413,0.1622138844396848,0.16221388443968615,0.16221388443968732,0.16221388443968615,0.16221388443968549,0.16221388443968615,0.16221388443968732,0.16070106753853292,0.16070106753852936,0.16070106753852692,0.16070106753852936,0.16070106753853292,0.16070106753852936,0.16070106753852537,0.1607010675385227,0.16070106753852537,0.16070106753852936,0.16070106753852692,0.1607010675385227,0.16070106753851982,0.1607010675385227,0.16070106753852692,0.16070106753852936,0.16070106753852537,0.1607010675385227,0.16070106753852537,0.16070106753852936,0.16070106753853292,0.16070106753852936,0.16070106753852692,0.16070106753852936,0.16070106753853292,0.1592184519013618,0.15921845190135092,0.15921845190134373,0.15921845190135092,0.1592184519013618,0.15921845190135092,0.1592184519013383,0.1592184519013298,0.1592184519013383,0.15921845190135092,0.15921845190134373,0.1592184519013298,0.15921845190132045,0.1592184519013298,0.15921845190134373,0.15921845190135092,0.1592184519013383,0.1592184519013298,0.1592184519013383,0.15921845190135092,0.1592184519013618,0.15921845190135092,0.15921845190134373,0.15921845190135092,0.1592184519013618,0.15776544667295572,0.15776544667292372,0.15776544667290218,0.15776544667292372,0.15776544667295572,0.15776544667292372,0.1577654466728849,0.1577654466728578,0.1577654466728849,0.15776544667292372,0.15776544667290218,0.1577654466728578,0.15776544667282622,0.1577654466728578,0.15776544667290218,0.15776544667292372,0.1577654466728849,0.1577654466728578,0.1577654466728849,0.15776544667292372,0.15776544667295572,0.15776544667292372,0.15776544667290218,0.15776544667292372,0.15776544667295572,0.1563414629822371,0.15634146298214616,0.15634146298208257,0.15634146298214616,0.1563414629822371,0.15634146298214616,0.1563414629820282,0.15634146298193996,0.1563414629820282,0.15634146298214616,0.15634146298208257,0.15634146298193996,0.15634146298182744,0.15634146298193996,0.15634146298208257,0.15634146298214616,0.1563414629820282,0.15634146298193996,0.1563414629820282,0.15634146298214616,0.1563414629822371,0.15634146298214616,0.15634146298208257,0.15634146298214616,0.1563414629822371,0.1549459150293794,0.1549459150291339,0.1549459150289499,0.1549459150291339,0.1549459150293794,0.1549459150291339,0.15494591502878366,0.15494591502848878,0.15494591502878366,0.1549459150291339,0.1549459150289499,0.15494591502848878,0.15494591502805533,0.15494591502848878,0.1549459150289499,0.1549459150291339,0.15494591502878366,0.15494591502848878,0.15494591502878366,0.1549459150291339,0.1549459150293794,0.1549459150291339,0.1549459150289499,0.1549459150291339,0.1549459150293794,0.15357822105543334,0.15357822105482116,0.15357822105431163,0.15357822105482116,0.15357822105543334,0.15357822105482116,0.1535782210538266,0.15357822105282498,0.1535782210538266,0.15357822105482116,0.15357822105431163,0.15357822105282498,0.1535782210509712,0.15357822105282498,0.15357822105431163,0.15357822105482116,0.1535782210538266,0.15357822105282498,0.1535782210538266,0.15357822105482116,0.15357822105543334,0.15357822105482116,0.15357822105431163,0.15357822105482116,0.15357822105543334,0.15223780420367253,0.15223780420234423,0.152237804201063,0.15223780420234423,0.15223780420367253,0.15223780420234423,0.15223780419978317,0.15223780419644614,0.15223780419978317,0.15223780420234423,0.152237804201063,0.15223780419644614,0.15223780418748464,0.15223780419644614,0.152237804201063,0.15223780420234423,0.15223780419978317,0.15223780419644614,0.15223780419978317,0.15223780420234423,0.15223780420367253,0.15223780420234423,0.152237804201063,0.15223780420234423,0.15223780420367253,0.15092409328119255,0.15092409327898842,0.1509240932764469,0.15092409327898842,0.15092409328119255,0.15092409327898842,0.15092409327382802,0.1509240932642374,0.15092409327382802,0.15092409327898842,0.1509240932764469,0.1509240932642374,0.15092409321521238,0.1509240932642374,0.1509240932764469,0.15092409327898842,0.15092409327382802,0.1509240932642374,0.15092409327382802,0.15092409327898842,0.15092409328119255,0.15092409327898842,0.1509240932764469,0.15092409327898842,0.15092409328119255,0.14963652342811584,0.14963652342614864,0.14963652342401387,0.14963652342614864,0.14963652342811584,0.14963652342614864,0.1496365234218292,0.1496365234146907,0.1496365234218292,0.14963652342614864,0.14963652342401387,0.1496365234146907,0.14963652338404212,0.1496365234146907,0.14963652342401387,0.14963652342614864,0.1496365234218292,0.1496365234146907,0.1496365234218292,0.14963652342614864,0.14963652342811584,0.14963652342614864,0.14963652342401387,0.14963652342614864,0.14963652342811584,0.14837453670039147,0.14837453669923575,0.14837453669809766,0.14837453669923575,0.14837453670039147,0.14837453669923575,0.14837453669695713,0.1483745366937359,0.14837453669695713,0.14837453669923575,0.14837453669809766,0.1483745366937359,0.1483745366823133,0.1483745366937359,0.14837453669809766,0.14837453669923575,0.14837453669695713,0.1483745366937359,0.14837453669695713,0.14837453669923575,0.14837453670039147,0.14837453669923575,0.14837453669809766,0.14837453669923575,0.14837453670039147,0.1471375825792136,0.14713758257882834,0.1471375825785188,0.14713758257882834,0.1471375825792136,0.14713758257882834,0.14713758257822868,0.14713758257767642,0.14713758257822868,0.14713758257882834,0.1471375825785188,0.14713758257767642,0.14713758257693946,0.14713758257767642,0.1471375825785188,0.14713758257882834,0.14713758257822868,0.14713758257767642,0.14713758257822868,0.14713758257882834,0.1471375825792136,0.14713758257882834,0.1471375825785188,0.14713758257882834,0.1471375825792136,0.14592511841010494,0.1459251184102458,0.14592511841046535,0.1459251184102458,0.14592511841010494,0.1459251184102458,0.14592511841070788,0.14592511841172856,0.14592511841070788,0.1459251184102458,0.14592511841046535,0.14592511841172856,0.1459251184170767,0.14592511841172856,0.14592511841046535,0.1459251184102458,0.14592511841070788,0.14592511841172856,0.14592511841070788,0.1459251184102458,0.14592511841010494,0.1459251184102458,0.14592511841046535,0.1459251184102458,0.14592511841010494,0.14473660977678904,0.1447366097771947,0.14473660977765762,0.1447366097771947,0.14473660977678904,0.1447366097771947,0.144736609778138,0.14473660977978975,0.144736609778138,0.1447366097771947,0.14473660977765762,0.14473660977978975,0.1447366097873584,0.14473660977978975,0.14473660977765762,0.1447366097771947,0.144736609778138,0.14473660977978975,0.144736609778138,0.1447366097771947,0.14473660977678904,0.1447366097771947,0.14473660977765762,0.1447366097771947,0.14473660977678904,0.14357153081599938,0.14357153081647833,0.1435715308169756,0.14357153081647833,0.14357153081599938,0.14357153081647833,0.1435715308174795,0.14357153081903834,0.1435715308174795,0.14357153081647833,0.1435715308169756,0.14357153081903834,0.14357153082538135,0.14357153081903834,0.1435715308169756,0.14357153081647833,0.1435715308174795,0.14357153081903834,0.1435715308174795,0.14357153081647833,0.14357153081599938,0.14357153081647833,0.1435715308169756,0.14357153081647833,0.14357153081599938,0.1424293644787198,0.14242936447920912,0.14242936447969123,0.14242936447920912,0.1424293644787198,0.14242936447920912,0.14242936448017132,0.14242936448157845,0.14242936448017132,0.14242936447920912,0.14242936447969123,0.14242936448157845,0.14242936448701493,0.14242936448157845,0.14242936447969123,0.14242936447920912,0.14242936448017132,0.14242936448157845,0.14242936448017132,0.14242936447920912,0.1424293644787198,0.14242936447920912,0.14242936447969123,0.14242936447920912,0.1424293644787198,0.14130960274279955,0.1413096027433242,0.14130960274382434,0.1413096027433242,0.14130960274279955,0.1413096027433242,0.14130960274431512,0.14130960274573262,0.14130960274431512,0.1413096027433242,0.14130960274382434,0.14130960274573262,0.1413096027512916,0.14130960274573262,0.14130960274382434,0.1413096027433242,0.14130960274431512,0.14130960274573262,0.14130960274431512,0.1413096027433242,0.14130960274279955,0.1413096027433242,0.14130960274382434,0.1413096027433242,0.14130960274279955,0.14021174678168616,0.14021174678233228,0.14021174678291198,0.14021174678233228,0.14021174678168616,0.14021174678233228,0.14021174678347023,0.14021174678495846,0.14021174678347023,0.14021174678233228,0.14021174678291198,0.14021174678495846,0.14021174679050732,0.14021174678495846,0.14021174678291198,0.14021174678233228,0.14021174678347023,0.14021174678495846,0.14021174678347023,0.14021174678233228,0.14021174678168616,0.14021174678233228,0.14021174678291198,0.14021174678233228,0.14021174678168616,0.13913530709342478,0.13913530709442262,0.1391353070952739,0.13913530709442262,0.13913530709342478,0.13913530709442262,0.1391353070960931,0.13913530709784228,0.1391353070960931,0.13913530709442262,0.1391353070952739,0.13913530709784228,0.13913530710134478,0.13913530709784228,0.1391353070952739,0.13913530709442262,0.1391353070960931,0.13913530709784228,0.1391353070960931,0.13913530709442262,0.13913530709342478,0.13913530709442262,0.1391353070952739,0.13913530709442262,0.13913530709342478,0.13807980359356767,0.1380798035954091,0.13807980359721533,0.1380798035954091,0.13807980359356767,0.1380798035954091,0.1380798035990304,0.138079803603855,0.1380798035990304,0.1380798035954091,0.13807980359721533,0.138079803603855,0.13807980361711258,0.138079803603855,0.13807980359721533,0.1380798035954091,0.1380798035990304,0.138079803603855,0.1380798035990304,0.1380798035954091,0.13807980359356767,0.1380798035954091,0.13807980359721533,0.1380798035954091,0.13807980359356767,0.13704476567547072,0.13704476567826657,0.13704476568161755,0.13704476567826657,0.13704476567547072,0.13704476567826657,0.13704476568508286,0.13704476569863538,0.13704476568508286,0.13704476567826657,0.13704476568161755,0.13704476569863538,0.1370447657733816,0.13704476569863538,0.13704476568161755,0.13704476567826657,0.13704476568508286,0.13704476569863538,0.13704476568508286,0.13704476567826657,0.13704476567547072,0.13704476567826657,0.13704476568161755,0.13704476567826657,0.13704476567547072,0.136029732242823,0.13602973224475048,0.1360297322466282,0.13602973224475048,0.136029732242823,0.13602973224475048,0.13602973224850795,0.1360297322535087,0.13602973224850795,0.13602973224475048,0.1360297322466282,0.1360297322535087,0.1360297322673395,0.1360297322535087,0.1360297322466282,0.13602973224475048,0.13602973224850795,0.1360297322535087,0.13602973224850795,0.13602973224475048,0.136029732242823,0.13602973224475048,0.1360297322466282,0.13602973224475048,0.136029732242823,0.1350342517193107,0.13503425172051264,0.13503425172150252,0.13503425172051264,0.1350342517193107,0.13503425172051264,0.1350342517224405,0.13503425172434627,0.1350342517224405,0.13503425172051264,0.13503425172150252,0.13503425172434627,0.13503425172780367,0.13503425172434627,0.13503425172150252,0.13503425172051264,0.1350342517224405,0.13503425172434627,0.1350342517224405,0.13503425172051264,0.1350342517193107,0.13503425172051264,0.13503425172150252,0.13503425172051264,0.1350342517193107
0.16533248795221187,0.16533248795221164,0.16533248795221164,0.16533248795221164,0.16533248795221187,0.16533248795221164,0.16533248795221137,0.16533248795221137,0.16533248795221137,0.16533248795221164,0.16533248795221164,0.16533248795221137,0.16533248795221114,0.16533248795221137,0.16533248795221164,0.16533248795221164,0.16533248795221137,0.16533248795221137,0.16533248795221137,0.16533248795221164,0.16533248795221187,0.16533248795221164,0.16533248795221164,0.16533248795221164,0.16533248795221187,0.16375749423009398,0.1637574942300935,0.16375749423009325,0.1637574942300935,0.16375749423009398,0.1637574942300935,0.16375749423009306,0.1637574942300928,0.16375749423009306,0.1637574942300935,0.16375749423009325,0.1637574942300928,0.1637574942300926,0.1637574942300928,0.16375749423009325,0.1637574942300935,0.16375749423009306,0.1637574942300928,0.16375749423009306,0.1637574942300935,0.16375749423009398,0.1637574942300935,0.16375749423009325,0.1637574942300935,0.16375749423009398,0.16221388443993415,0.162213884439933,0.1622138844399321,0.162213884439933,0.16221388443993415,0.162213884439933,0.16221388443993168,0.16221388443993076,0.16221388443993168,0.162213884439933,0.1622138844399321,0.16221388443993076,0.16221388443993007,0.16221388443993076,0.1622138844399321,0.162213884439933,0.16221388443993168,0.16221388443993076,0.16221388443993168,0.162213884439933,0.16221388443993415,0.162213884439933,0.1622138844399321,0.162213884439933,0.16221388443993415,0.16070106753877483,0.16070106753877106,0.16070106753876887,0.16070106753877106,0.16070106753877483,0.16070106753877106,0.1607010675387671,0.16070106753876442,0.1607010675387671,0.16070106753877106,0.16070106753876887,0.16070106753876442,0.1607010675387615,0.16070106753876442,0.16070106753876887,0.16070106753877106,0.1607010675387671,0.16070106753876442,0.1607010675387671,0.16070106753877106,0.16070106753877483,0.16070106753877106,0.16070106753876887,0.16070106753877106,0.16070106753877483,0.1592184519015987,0.1592184519015878,0.15921845190158063,0.1592184519015878,0.1592184519015987,0.1592184519015878,0.15921845190157516,0.15921845190156667,0.15921845190157516,0.1592184519015878,0.15921845190158063,0.15921845190156667,0.15921845190155753,0.15921845190156667,0.15921845190158063,0.1592184519015878,0.15921845190157516,0.15921845190156667,0.15921845190157516,0.1592184519015878,0.1592184519015987,0.1592184519015878,0.15921845190158063,0.1592184519015878,0.1592184519015987,0.15776544667318745,0.15776544667315545,0.15776544667313414,0.15776544667315545,0.15776544667318745,0.15776544667315545,0.15776544667311684,0.15776544667308995,0.15776544667311684,0.15776544667315545,0.15776544667313414,0.15776544667308995,0.15776544667305856,0.15776544667308995,0.15776544667313414,0.15776544667315545,0.15776544667311684,0.15776544667308995,0.15776544667311684,0.15776544667315545,0.15776544667318745,0.15776544667315545,0.15776544667313414,0.15776544667315545,0.15776544667318745,0.1563414629824638,0.15634146298237322,0.1563414629823099,0.15634146298237322,0.1563414629824638,0.15634146298237322,0.1563414629822557,0.15634146298216767,0.1563414629822557,0.15634146298237322,0.1563414629823099,0.15634146298216767,0.15634146298205562,0.15634146298216767,0.1563414629823099,0.15634146298237322,0.1563414629822557,0.15634146298216767,0.1563414629822557,0.15634146298237322,0.1563414629824638,0.15634146298237322,0.1563414629823099,0.15634146298237322,0.1563414629824638,0.15494591502960034,0.15494591502935565,0.15494591502917224,0.15494591502935565,0.15494591502960034,0.15494591502935565,0.15494591502900665,0.15494591502871274,0.15494591502900665,0.15494591502935565,0.15494591502917224,0.15494591502871274,0.15494591502828078,0.15494591502871274,0.15494591502917224,0.15494591502935565,0.15494591502900665,0.15494591502871274,0.15494591502900665,0.15494591502935565,0.15494591502960034,0.15494591502935565,0.15494591502917224,0.15494591502935565,0.15494591502960034,0.15357822105564684,0.15357822105503688,0.15357822105452892,0.15357822105503688,0.15357822105564684,0.15357822105503688,0.1535782210540455,0.1535782210530473,0.1535782210540455,0.15357822105503688,0.15357822105452892,0.1535782210530473,0.15357822105119956,0.1535782210530473,0.15357822105452892,0.15357822105503688,0.1535782210540455,0.1535782210530473,0.1535782210540455,0.15357822105503688,0.15357822105564684,0.15357822105503688,0.15357822105452892,0.15357822105503688,0.15357822105564684,0.15223780420387445,0.1522378042025507,0.15223780420127403,0.1522378042025507,0.15223780420387445,0.1522378042025507,0.1522378041999985,0.1522378041966723,0.1522378041999985,0.1522378042025507,0.15223780420127403,0.1522378041966723,0.15223780418773952,0.1522378041966723,0.15223780420127403,0.1522378042025507,0.1522378041999985,0.1522378041966723,0.1522378041999985,0.1522378042025507,0.15223780420387445,0.1522378042025507,0.15223780420127403,0.1522378042025507,0.15223780420387445,0.1509240932813735,0.1509240932791771,0.15092409327664466,0.1509240932791771,0.1509240932813735,0.1509240932791771,0.15092409327403503,0.1509240932644764,0.15092409327403503,0.1509240932791771,0.15092409327664466,0.1509240932644764,0.15092409321559938,0.1509240932644764,0.15092409327664466,0.1509240932791771,0.15092409327403503,0.1509240932644764,0.15092409327403503,0.1509240932791771,0.1509240932813735,0.1509240932791771,0.15092409327664466,0.1509240932791771,0.1509240932813735,0.1496365234282588,0.1496365234262999,0.149636523424174,0.1496365234262999,0.1496365234282588,0.1496365234262999,0.1496365234219988,0.14963652341489225,0.1496365234219988,0.1496365234262999,0.149636523424174,0.14963652341489225,0.1496365233844265,0.14963652341489225,0.149636523424174,0.1496365234262999,0.1496365234219988,0.14963652341489225,0.1496365234219988,0.1496365234262999,0.1496365234282588,0.1496365234262999,0.149636523424174,0.1496365234262999,0.1496365234282588,0.14837453670047915,0.14837453669932882,0.14837453669819625,0.14837453669932882,0.14837453670047915,0.14837453669932882,0.1483745366970613,0.14837453669385806,0.1483745366970613,0.14837453669932882,0.14837453669819625,0.14837453669385806,0.14837453668249861,0.14837453669385806,0.14837453669819625,0.14837453669932882,0.1483745366970613,0.14837453669385806,0.1483745366970613,0.14837453669932882,0.14837453670047915,0.14837453669932882,0.14837453669819625,0.14837453669932882,0.14837453670047915,0.14713758257923468,0.14713758257885032,0.1471375825785417,0.14713758257885032,0.14713758257923468,0.14713758257885032,0.1471375825782521,0.1471375825777008,0.1471375825782521,0.14713758257885032,0.1471375825785417,0.1471375825777008,0.14713758257694562,0.1471375825777008,0.1471375825785417,0.14713758257885032,0.1471375825782521,0.1471375825777008,0.1471375825782521,0.14713758257885032,0.14713758257923468,0.14713758257885032,0.1471375825785417,0.14713758257885032,0.14713758257923468,0.14592511841005654,0.14592511841019468,0.14592511841041123,0.14592511841019468,0.14592511841005654,0.14592511841019468,0.14592511841065087,0.14592511841166142,0.14592511841065087,0.14592511841019468,0.14592511841041123,0.14592511841166142,0.14592511841697325,0.14592511841166142,0.14592511841041123,0.14592511841019468,0.14592511841065087,0.14592511841166142,0.14592511841065087,0.14592511841019468,0.14592511841005654,0.14592511841019468,0.14592511841041123,0.14592511841019468,0.14592511841005654,0.14473660977667527,0.14473660977707603,0.14473660977753333,0.14473660977707603,0.14473660977667527,0.14473660977707603,0.14473660977800795,0.14473660977964034,0.14473660977800795,0.14473660977707603,0.14473660977753333,0.14473660977964034,0.14473660978707895,0.14473660977964034,0.14473660977753333,0.14473660977707603,0.14473660977800795,0.14473660977964034,0.14473660977800795,0.14473660977707603,0.14473660977667527,0.14473660977707603,0.14473660977753333,0.14473660977707603,0.14473660977667527,0.14357153081582963,0.1435715308163031,0.14357153081679438,0.1435715308163031,0.14357153081582963,0.1435715308163031,0.1435715308172923,0.14357153081883095,0.1435715308172923,0.1435715308163031,0.14357153081679438,0.14357153081883095,0.1435715308251132,0.14357153081883095,0.14357153081679438,0.1435715308163031,0.1435715308172923,0.14357153081883095,0.1435715308172923,0.1435715308163031,0.14357153081582963,0.1435715308163031,0.14357153081679438,0.1435715308163031,0.14357153081582963,0.14242936447850454,0.14242936447898935,0.14242936447946694,0.14242936447898935,0.14242936447850454,0.14242936447898935,0.14242936447994253,0.1424293644813367,0.14242936447994253,0.14242936447898935,0.14242936447946694,0.1424293644813367,0.1424293644867274,0.1424293644813367,0.14242936447946694,0.14242936447898935,0.14242936447994253,0.1424293644813367,0.14242936447994253,0.14242936447898935,0.14242936447850454,0.14242936447898935,0.14242936447946694,0.14242936447898935,0.14242936447850454,0.1413096027425476,0.1413096027430686,0.14130960274356533,0.1413096027430686,0.1413096027425476,0.1413096027430686,0.14130960274405246,0.14130960274545962,0.14130960274405246,0.1413096027430686,0.14130960274356533,0.14130960274545962,0.1413096027509513,0.14130960274545962,0.14130960274356533,0.1413096027430686,0.14130960274405246,0.14130960274545962,0.14130960274405246,0.1413096027430686,0.1413096027425476,0.1413096027430686,0.14130960274356533,0.1413096027430686,0.1413096027425476,0.14021174678140427,0.1402117467820475,0.14021174678262432,0.1402117467820475,0.14021174678140427,0.1402117467820475,0.14021174678317969,0.14021174678465964,0.14021174678317969,0.1402117467820475,0.14021174678262432,0.14021174678465964,0.14021174679018034,0.14021174678465964,0.14021174678262432,0.1402117467820475,0.14021174678317969,0.14021174678465964,0.14021174678317969,0.1402117467820475,0.14021174678140427,0.1402117467820475,0.14021174678262432,0.1402117467820475,0.14021174678140427,0.1391353070931187,0.13913530709411384,0.13913530709496288,0.13913530709411384,0.1391353070931187,0.13913530709411384,0.13913530709577987,0.1391353070975243,0.13913530709577987,0.13913530709411384,0.13913530709496288,0.1391353070975243,0.13913530710101635,0.1391353070975243,0.13913530709496288,0.13913530709411384,0.13913530709577987,0.1391353070975243,0.13913530709577987,0.13913530709411384,0.1391353070931187,0.13913530709411384,0.13913530709496288,0.13913530709411384,0.1391353070931187,0.1380798035932421,0.13807980359507996,0.1380798035968831,0.13807980359507996,0.1380798035932421,0.13807980359507996,0.1380798035986949,0.1380798036035111,0.1380798035986949,0.13807980359507996,0.1380798035968831,0.1380798036035111,0.13807980361674638,0.1380798036035111,0.1380798035968831,0.13807980359507996,0.1380798035986949,0.1380798036035111,0.1380798035986949,0.13807980359507996,0.1380798035932421,0.13807980359507996,0.1380798035968831,0.13807980359507996,0.1380798035932421,0.13704476567513213,0.13704476567792342,0.13704476568126878,0.13704476567792342,0.13704476567513213,0.13704476567792342,0.13704476568472845,0.13704476569825907,0.13704476568472845,0.13704476567792342,0.13704476568126878,0.13704476569825907,0.1370447657728882,0.13704476569825907,0.13704476568126878,0.13704476567792342,0.13704476568472845,0.13704476569825907,0.13704476568472845,0.13704476567792326,0.13704476567513213,0.13704476567792342,0.13704476568126878,0.13704476567792326,0.13704476567513213,0.13602973224248066,0.13602973224440504,0.13602973224627973,0.13602973224440504,0.13602973224248066,0.13602973224440504,0.13602973224815654,0.1360297322531492,0.13602973224815654,0.13602973224440504,0.13602973224627973,0.1360297322531492,0.13602973226695764,0.1360297322531492,0.13602973224627973,0.13602973224440504,0.13602973224815654,0.1360297322531492,0.13602973224815654,0.13602973224440504,0.13602973224248066,0.13602973224440504,0.13602973224627973,0.13602973224440504,0.13602973224248066,0.13503425171897096,0.13503425172017103,0.13503425172115927,0.13503425172017103,0.13503425171897096,0.13503425172017103,0.13503425172209566,0.13503425172399852,0.13503425172209582,0.13503425172017103,0.13503425172115927,0.13503425172399852,0.13503425172745034,0.13503425172399852,0.13503425172115927,0.13503425172017103,0.13503425172209582,0.13503425172399852,0.13503425172209582,0.13503425172017103,0.13503425171897096,0.13503425172017103,0.13503425172115927,0.13503425172017103,0.13503425171897096
0.1653324879524651,0.16533248795246483,0.16533248795246483,0.16533248795246483,0.1653324879524651,0.16533248795246483,0.16533248795246483,0.1653324879524646,0.16533248795246483,0.16533248795246483,0.16533248795246483,0.1653324879524646,0.1653324879524646,0.1653324879524646,0.16533248795246483,0.16533248795246483,0.16533248795246483,0.1653324879524646,0.16533248795246483,0.16533248795246483,0.1653324879524651,0.16533248795246483,0.16533248795246483,0.16533248795246483,0.1653324879524651,0.16375749423034214,0.16375749423034167,0.16375749423034144,0.16375749423034167,0.16375749423034214,0.16375749423034167,0.1637574942303412,0.16375749423034097,0.1637574942303412,0.16375749423034167,0.16375749423034144,0.16375749423034097,0.16375749423034075,0.16375749423034097,0.16375749423034144,0.16375749423034167,0.1637574942303412,0.16375749423034097,0.1637574942303412,0.16375749423034167,0.16375749423034214,0.16375749423034167,0.16375749423034144,0.16375749423034167,0.16375749423034214,0.16221388444017737,0.16221388444017623,0.16221388444017557,0.16221388444017623,0.16221388444017737,0.16221388444017623,0.16221388444017487,0.1622138844401742,0.16221388444017487,0.16221388444017623,0.16221388444017557,0.1622138844401742,0.1622138844401733,0.1622138844401742,0.16221388444017557,0.16221388444017623,0.16221388444017487,0.1622138844401742,0.16221388444017487,0.16221388444017623,0.16221388444017737,0.16221388444017623,0.16221388444017557,0.16221388444017623,0.16221388444017737,0.160701067539013,0.16070106753900942,0.160701067539007,0.16070106753900942,0.160701067539013,0.16070106753900942,0.16070106753900545,0.16070106753900276,0.16070106753900545,0.16070106753900942,0.160701067539007,0.16070106753900276,0.1607010675389999,0.16070106753900276,0.160701067539007,0.16070106753900942,0.16070106753900545,0.16070106753900276,0.16070106753900545,0.16070106753900942,0.160701067539013,0.16070106753900942,0.160701067539007,0.16070106753900942,0.160701067539013,0.15921845190183206,0.15921845190182118,0.159218451901814,0.15921845190182118,0.15921845190183206,0.15921845190182118,0.15921845190180856,0.15921845190180028,0.15921845190180856,0.15921845190182118,0.159218451901814,0.15921845190180028,0.15921845190179093,0.15921845190180028,0.159218451901814,0.15921845190182118,0.15921845190180856,0.15921845190180028,0.15921845190180856,0.15921845190182118,0.15921845190183206,0.15921845190182118,0.159218451901814,0.15921845190182118,0.15921845190183206,0.15776544667341597,0.15776544667338416,0.15776544667336287,0.15776544667338416,0.15776544667341597,0.15776544667338416,0.15776544667334555,0.1577654466733189,0.15776544667334555,0.15776544667338416,0.15776544667336287,0.1577654466733189,0.15776544667328754,0.1577654466733189,0.15776544667336287,0.15776544667338416,0.15776544667334555,0.1577654466733189,0.15776544667334555,0.15776544667338416,0.15776544667341597,0.15776544667338416,0.15776544667336287,0.15776544667338416,0.15776544667341597,0.1563414629826871,0.156341462982597,0.15634146298253382,0.156341462982597,0.1563414629826871,0.156341462982597,0.1563414629824799,0.15634146298239204,0.1563414629824799,0.156341462982597,0.15634146298253382,0.15634146298239204,0.15634146298228038,0.15634146298239204,0.15634146298253382,0.156341462982597,0.1563414629824799,0.15634146298239204,0.1563414629824799,0.156341462982597,0.1563414629826871,0.156341462982597,0.15634146298253382,0.156341462982597,0.1563414629826871,0.15494591502981817,0.15494591502957428,0.1549459150293915,0.15494591502957428,0.15494591502981817,0.15494591502957428,0.15494591502922633,0.15494591502893346,0.15494591502922633,0.15494591502957428,0.1549459150293915,0.15494591502893346,0.1549459150285029,0.15494591502893346,0.1549459150293915,0.15494591502957428,0.15494591502922633,0.15494591502893346,0.15494591502922633,0.15494591502957428,0.15494591502981817,0.15494591502957428,0.1549459150293915,0.15494591502957428,0.15494591502981817,0.15357822105585753,0.15357822105524954,0.15357822105474322,0.15357822105524954,0.15357822105585753,0.15357822105524954,0.15357822105426142,0.15357822105326643,0.15357822105426142,0.15357822105524954,0.15357822105474322,0.15357822105326643,0.1535782210514245,0.15357822105326643,0.15357822105474322,0.15357822105524954,0.15357822105426142,0.15357822105326643,0.15357822105426142,0.15357822105524954,0.15357822105585753,0.15357822105524954,0.15357822105474322,0.15357822105524954,0.15357822105585753,0.15223780420407365,0.15223780420275446,0.15223780420148186,0.15223780420275446,0.15223780420407365,0.15223780420275446,0.15223780420021069,0.15223780419689534,0.15223780420021069,0.15223780420275446,0.15223780420148186,0.15223780419689534,0.1522378041879907,0.15223780419689534,0.15223780420148186,0.15223780420275446,0.15223780420021069,0.15223780419689534,0.15223780420021069,0.15223780420275446,0.15223780420407365,0.15223780420275446,0.15223780420148186,0.15223780420275446,0.15223780420407365,0.15092409328155176,0.15092409327936326,0.1509240932768397,0.15092409327936326,0.15092409328155176,0.15092409327936326,0.15092409327423872,0.1509240932647118,0.15092409327423872,0.15092409327936326,0.1509240932768397,0.1509240932647118,0.15092409321600933,0.1509240932647118,0.1509240932768397,0.15092409327936326,0.15092409327423872,0.1509240932647118,0.15092409327423872,0.15092409327936326,0.15092409328155176,0.15092409327936326,0.1509240932768397,0.15092409327936326,0.15092409328155176,0.14963652342839964,0.1496365234264487,0.1496365234243319,0.1496365234264487,0.14963652342839964,0.1496365234264487,0.14963652342216593,0.14963652341509062,0.14963652342216593,0.1496365234264487,0.1496365234243319,0.14963652341509062,0.14963652338473074,0.14963652341509062,0.1496365234243319,0.1496365234264487,0.14963652342216593,0.14963652341509062,0.14963652342216593,0.1496365234264487,0.14963652342839964,0.1496365234264487,0.1496365234243319,0.1496365234264487,0.14963652342839964,0.1483745367005657,0.14837453669942033,0.14837453669829317,0.14837453669942033,0.1483745367005657,0.14837453669942033,0.1483745366971638,0.14837453669397851,0.1483745366971638,0.14837453669942033,0.14837453669829317,0.14837453669397851,0.14837453668271547,0.14837453669397851,0.14837453669829317,0.14837453669942033,0.1483745366971638,0.14837453669397851,0.1483745366971638,0.14837453669942033,0.1483745367005657,0.14837453669942033,0.14837453669829317,0.14837453669942033,0.1483745367005657,0.1471375825792554,0.1471375825788721,0.14713758257856419,0.1471375825788721,0.1471375825792554,0.1471375825788721,0.14713758257827536,0.14713758257772494,0.14713758257827536,0.1471375825788721,0.14713758257856419,0.14713758257772494,0.14713758257692947,0.14713758257772494,0.14713758257856419,0.1471375825788721,0.14713758257827536,0.14713758257772494,0.14713758257827536,0.1471375825788721,0.1471375825792554,0.1471375825788721,0.14713758257856419,0.1471375825788721,0.1471375825792554,0.1459251184100088,0.1459251184101443,0.14592511841035816,0.1459251184101443,0.1459251184100088,0.1459251184101443,0.1459251184105948,0.14592511841159533,0.1459251184105948,0.1459251184101443,0.14592511841035816,0.14592511841159533,0.14592511841684558,0.14592511841159533,0.14592511841035816,0.1459251184101443,0.1459251184105948,0.14592511841159533,0.1459251184105948,0.1459251184101443,0.1459251184100088,0.1459251184101443,0.14592511841035816,0.1459251184101443,0.1459251184100088,0.1447366097765632,0.1447366097769589,0.14473660977741082,0.1447366097769589,0.1447366097765632,0.1447366097769589,0.1447366097778798,0.14473660977949318,0.1447366097778798,0.1447366097769589,0.14473660977741082,0.14473660977949318,0.14473660978689304,0.14473660977949318,0.14473660977741082,0.1447366097769589,0.1447366097778798,0.14473660977949318,0.1447366097778798,0.1447366097769589,0.1447366097765632,0.1447366097769589,0.14473660977741082,0.1447366097769589,0.1447366097765632,0.14357153081566248,0.14357153081613028,0.14357153081661572,0.14357153081613028,0.14357153081566248,0.14357153081613028,0.14357153081710766,0.14357153081862647,0.14357153081710766,0.14357153081613028,0.14357153081661572,0.14357153081862647,0.14357153082477594,0.14357153081862647,0.14357153081661572,0.14357153081613028,0.14357153081710766,0.14357153081862647,0.14357153081710766,0.14357153081613028,0.14357153081566248,0.14357153081613028,0.14357153081661572,0.14357153081613028,0.14357153081566248,0.14242936447829252,0.1424293644787728,0.142429364479246,0.1424293644787728,0.14242936447829252,0.1424293644787728,0.14242936447971707,0.1424293644810985,0.14242936447971707,0.1424293644787728,0.142429364479246,0.1424293644810985,0.14242936448644594,0.1424293644810985,0.142429364479246,0.1424293644787728,0.14242936447971707,0.1424293644810985,0.14242936447971707,0.1424293644787728,0.14242936447829252,0.1424293644787728,0.142429364479246,0.1424293644787728,0.14242936447829252,0.14130960274229926,0.14130960274281668,0.1413096027433099,0.14130960274281668,0.14130960274229926,0.14130960274281668,0.1413096027437936,0.14130960274519072,0.1413096027437936,0.14130960274281668,0.1413096027433099,0.14130960274519072,0.1413096027506528,0.14130960274519072,0.1413096027433099,0.14130960274281668,0.1413096027437936,0.14130960274519072,0.1413096027437936,0.14130960274281668,0.14130960274229926,0.14130960274281668,0.1413096027433099,0.14130960274281668,0.14130960274229926,0.14021174678112627,0.1402117467817666,0.14021174678234086,0.1402117467817666,0.14021174678112627,0.1402117467817666,0.14021174678289328,0.1402117467843649,0.14021174678289328,0.1402117467817666,0.14021174678234086,0.1402117467843649,0.140211746789837,0.1402117467843649,0.14021174678234086,0.1402117467817666,0.14021174678289328,0.1402117467843649,0.14021174678289328,0.1402117467817666,0.14021174678112627,0.1402117467817666,0.14021174678234086,0.1402117467817666,0.14021174678112627,0.13913530709281668,0.1391353070938093,0.13913530709465616,0.1391353070938093,0.13913530709281668,0.1391353070938093,0.13913530709547106,0.13913530709721075,0.13913530709547106,0.1391353070938093,0.13913530709465616,0.13913530709721075,0.13913530710069238,0.13913530709721075,0.13913530709465616,0.1391353070938093,0.13913530709547106,0.13913530709721075,0.13913530709547106,0.1391353070938093,0.13913530709281668,0.1391353070938093,0.13913530709465616,0.1391353070938093,0.13913530709281668,0.13807980359292085,0.13807980359475547,0.13807980359655533,0.13807980359475547,0.13807980359292085,0.13807980359475547,0.13807980359836403,0.138079803603172,0.13807980359836403,0.13807980359475547,0.13807980359655533,0.138079803603172,0.13807980361638528,0.138079803603172,0.13807980359655533,0.13807980359475547,0.13807980359836403,0.138079803603172,0.13807980359836403,0.13807980359475547,0.13807980359292085,0.13807980359475547,0.13807980359655533,0.13807980359475547,0.13807980359292085,0.1370447656747981,0.13704476567758483,0.13704476568092486,0.13704476567758483,0.1370447656747981,0.13704476567758483,0.1370447656843789,0.13704476569788795,0.1370447656843789,0.13704476567758483,0.13704476568092486,0.13704476569788795,0.1370447657723813,0.13704476569788795,0.13704476568092486,0.13704476567758483,0.1370447656843789,0.13704476569788795,0.1370447656843789,0.13704476567758483,0.1370447656747981,0.13704476567758483,0.13704476568092486,0.13704476567758483,0.1370447656747981,0.13602973224214307,0.13602973224406428,0.13602973224593604,0.13602973224406428,0.13602973224214307,0.13602973224406428,0.1360297322478097,0.1360297322527945,0.1360297322478097,0.13602973224406428,0.13602973224593604,0.1360297322527945,0.136029732266581,0.1360297322527945,0.13602973224593604,0.13602973224406428,0.1360297322478097,0.1360297322527945,0.1360297322478097,0.13602973224406428,0.13602973224214307,0.13602973224406428,0.13602973224593604,0.13602973224406428,0.13602973224214307,0.13503425171863595,0.13503425171983408,0.13503425172082076,0.13503425171983408,0.13503425171863595,0.13503425171983408,0.13503425172175568,0.13503425172365546,0.13503425172175568,0.13503425171983408,0.13503425172082076,0.13503425172365546,0.1350342517271017,0.13503425172365546,0.13503425172082076,0.13503425171983408,0.13503425172175568,0.13503425172365546,0.13503425172175568,0.13503425171983408,0.13503425171863595,0.13503425171983408,0.13503425172082076,0.13503425171983408,0.13503425171863595
0.16533248795271477,0.16533248795271452,0.16533248795271452,0.16533248795271452,0.16533248795271477,0.16533248795271452,0.16533248795271452,0.16533248795271427,0.16533248795271452,0.16533248795271452,0.16533248795271452,0.16533248795271427,0.16533248795271427,0.16533248795271427,0.16533248795271452,0.16533248795271452,0.16533248795271452,0.16533248795271427,0.16533248795271452,0.16533248795271452,0.16533248795271477,0.16533248795271452,0.16533248795271452,0.16533248795271452,0.16533248795271477,0.16375749423058686,0.1637574942305864,0.16375749423058614,0.1637574942305864,0.16375749423058686,0.1637574942305864,0.16375749423058591,0.1637574942305857,0.16375749423058591,0.1637574942305864,0.16375749423058614,0.1637574942305857,0.16375749423058547,0.1637574942305857,0.16375749423058614,0.1637574942305864,0.16375749423058591,0.1637574942305857,0.16375749423058591,0.1637574942305864,0.16375749423058686,0.1637574942305864,0.16375749423058614,0.1637574942305864,0.16375749423058686,0.1622138844404172,0.16221388444041585,0.16221388444041515,0.16221388444041585,0.1622138844404172,0.16221388444041585,0.1622138844404147,0.1622138844404138,0.1622138844404147,0.16221388444041585,0.16221388444041515,0.1622138844404138,0.1622138844404129,0.1622138844404138,0.16221388444041515,0.16221388444041585,0.1622138844404147,0.1622138844404138,0.1622138844404147,0.16221388444041585,0.1622138844404172,0.16221388444041585,0.16221388444041515,0.16221388444041585,0.1622138844404172,0.16070106753924782,0.16070106753924426,0.16070106753924204,0.16070106753924426,0.16070106753924782,0.16070106753924426,0.16070106753924027,0.16070106753923757,0.16070106753924027,0.16070106753924426,0.16070106753924204,0.16070106753923757,0.1607010675392349,0.16070106753923757,0.16070106753924204,0.16070106753924426,0.16070106753924027,0.16070106753923757,0.16070106753924027,0.16070106753924426,0.16070106753924782,0.16070106753924426,0.16070106753924204,0.16070106753924426,0.16070106753924782,0.159218451902062,0.15921845190205108,0.15921845190204414,0.15921845190205108,0.159218451902062,0.15921845190205108,0.1592184519020387,0.15921845190203043,0.1592184519020387,0.15921845190205108,0.15921845190204414,0.15921845190203043,0.15921845190202105,0.15921845190203043,0.15921845190204414,0.15921845190205108,0.1592184519020387,0.15921845190203043,0.1592184519020387,0.15921845190205108,0.159218451902062,0.15921845190205108,0.15921845190204414,0.15921845190205108,0.159218451902062,0.15776544667364106,0.1577654466736095,0.15776544667358816,0.1577654466736095,0.15776544667364106,0.1577654466736095,0.1577654466735711,0.1577654466735442,0.1577654466735711,0.1577654466736095,0.15776544667358816,0.1577654466735442,0.15776544667351305,0.1577654466735442,0.15776544667358816,0.1577654466736095,0.1577654466735711,0.1577654466735442,0.1577654466735711,0.1577654466736095,0.15776544667364106,0.1577654466736095,0.15776544667358816,0.1577654466736095,0.15776544667364106,0.1563414629829073,0.15634146298281737,0.15634146298275442,0.15634146298281737,0.1563414629829073,0.15634146298281737,0.15634146298270069,0.1563414629826133,0.15634146298270069,0.15634146298281737,0.15634146298275442,0.1563414629826133,0.15634146298250182,0.1563414629826133,0.15634146298275442,0.15634146298281737,0.15634146298270069,0.1563414629826133,0.15634146298270069,0.15634146298281737,0.1563414629829073,0.15634146298281737,0.15634146298275442,0.15634146298281737,0.1563414629829073,0.15494591503003272,0.15494591502978988,0.1549459150296075,0.15494591502978988,0.15494591503003272,0.15494591502978988,0.15494591502944294,0.1549459150291509,0.15494591502944294,0.15494591502978988,0.1549459150296075,0.1549459150291509,0.1549459150287218,0.1549459150291509,0.1549459150296075,0.15494591502978988,0.15494591502944294,0.1549459150291509,0.15494591502944294,0.15494591502978988,0.15494591503003272,0.15494591502978988,0.1549459150296075,0.15494591502978988,0.15494591503003272,0.15357822105606497,0.15357822105545904,0.15357822105495453,0.15357822105545904,0.15357822105606497,0.15357822105545904,0.1535782210544743,0.15357822105348234,0.1535782210544743,0.15357822105545904,0.15357822105495453,0.15357822105348234,0.15357822105164623,0.15357822105348234,0.15357822105495453,0.15357822105545904,0.1535782210544743,0.15357822105348234,0.1535782210544743,0.15357822105545904,0.15357822105606497,0.15357822105545904,0.15357822105495453,0.15357822105545904,0.15357822105606497,0.1522378042042699,0.15223780420295502,0.15223780420168678,0.15223780420295502,0.1522378042042699,0.15223780420295502,0.15223780420041974,0.1522378041971152,0.15223780420041974,0.15223780420295502,0.15223780420168678,0.1522378041971152,0.15223780418823812,0.1522378041971152,0.15223780420168678,0.15223780420295502,0.15223780420041974,0.1522378041971152,0.15223780420041974,0.15223780420295502,0.1522378042042699,0.15223780420295502,0.15223780420168678,0.15223780420295502,0.1522378042042699,0.15092409328172732,0.15092409327954653,0.15092409327703163,0.15092409327954653,0.15092409328172732,0.15092409327954653,0.15092409327443976,0.15092409326494385,0.15092409327443976,0.15092409327954653,0.15092409327703163,0.15092409326494385,0.15092409321637665,0.15092409326494385,0.15092409327703163,0.15092409327954653,0.15092409327443976,0.15092409326494385,0.15092409327443976,0.15092409327954653,0.15092409328172732,0.15092409327954653,0.15092409327703163,0.15092409327954653,0.15092409328172732,0.14963652342853845,0.14963652342659542,0.14963652342448752,0.14963652342659542,0.14963652342853845,0.14963652342659542,0.14963652342233047,0.14963652341528613,0.14963652342233047,0.14963652342659542,0.14963652342448752,0.14963652341528613,0.14963652338508207,0.14963652341528613,0.14963652342448752,0.14963652342659542,0.14963652342233047,0.14963652341528613,0.14963652342233047,0.14963652342659542,0.14963652342853845,0.14963652342659542,0.14963652342448752,0.14963652342659542,0.14963652342853845,0.14837453670065096,0.14837453669951062,0.148374536698389,0.14837453669951062,0.14837453670065096,0.14837453669951062,0.14837453669726497,0.14837453669409711,0.14837453669726497,0.14837453669951062,0.148374536698389,0.14837453669409711,0.14837453668287964,0.14837453669409711,0.148374536698389,0.14837453669951062,0.14837453669726497,0.14837453669409711,0.14837453669726497,0.14837453669951062,0.14837453670065096,0.14837453669951062,0.148374536698389,0.14837453669951062,0.14837453670065096,0.14713758257927592,0.14713758257889373,0.14713758257858636,0.14713758257889373,0.14713758257927592,0.14713758257889373,0.14713758257829843,0.14713758257774895,0.14713758257829843,0.14713758257889373,0.14713758257858636,0.14713758257774895,0.14713758257699577,0.14713758257774895,0.14713758257858636,0.14713758257889373,0.14713758257829843,0.14713758257774895,0.14713758257829843,0.14713758257889373,0.14713758257927592,0.14713758257889373,0.14713758257858636,0.14713758257889373,0.14713758257927592,0.1459251184099616,0.1459251184100948,0.1459251184103058,0.1459251184100948,0.1459251184099616,0.1459251184100948,0.1459251184105396,0.14592511841153052,0.1459251184105396,0.1459251184100948,0.1459251184103058,0.14592511841153052,0.14592511841676153,0.14592511841153052,0.1459251184103058,0.1459251184100948,0.1459251184105396,0.14592511841153052,0.1459251184105396,0.1459251184100948,0.1459251184099616,0.1459251184100948,0.1459251184103058,0.1459251184100948,0.1459251184099616,0.14473660977645253,0.14473660977684352,0.1447366097772902,0.14473660977684352,0.14473660977645253,0.14473660977684352,0.14473660977775363,0.14473660977934813,0.14473660977775363,0.14473660977684352,0.1447366097772902,0.14473660977934813,0.14473660978664538,0.14473660977934813,0.1447366097772902,0.14473660977684352,0.14473660977775363,0.14473660977934813,0.14473660977775363,0.14473660977684352,0.14473660977645253,0.14473660977684352,0.1447366097772902,0.14473660977684352,0.14473660977645253,0.1435715308154975,0.14357153081596002,0.14357153081643964,0.14357153081596002,0.1435715308154975,0.14357153081596002,0.14357153081692578,0.14357153081842508,0.14357153081692578,0.14357153081596002,0.14357153081643964,0.14357153081842508,0.14357153082451055,0.14357153081842508,0.14357153081643964,0.14357153081596002,0.14357153081692578,0.14357153081842508,0.14357153081692578,0.14357153081596002,0.1435715308154975,0.14357153081596002,0.14357153081643964,0.14357153081596002,0.1435715308154975,0.14242936447808333,0.14242936447855925,0.14242936447902793,0.14242936447855925,0.14242936447808333,0.14242936447855925,0.1424293644794948,0.1424293644808635,0.1424293644794948,0.14242936447855925,0.14242936447902793,0.1424293644808635,0.1424293644861601,0.1424293644808635,0.14242936447902793,0.14242936447855925,0.1424293644794948,0.1424293644808635,0.1424293644794948,0.14242936447855925,0.14242936447808333,0.14242936447855925,0.14242936447902793,0.14242936447855925,0.14242936447808333,0.1413096027420542,0.14130960274256815,0.14130960274305793,0.14130960274256815,0.1413096027420542,0.14130960274256815,0.14130960274353818,0.14130960274492527,0.14130960274353818,0.14130960274256815,0.14130960274305793,0.14130960274492527,0.14130960275035495,0.14130960274492527,0.14130960274305793,0.14130960274256815,0.14130960274353818,0.14130960274492527,0.14130960274353818,0.14130960274256815,0.1413096027420542,0.14130960274256815,0.14130960274305793,0.14130960274256815,0.1413096027420542,0.1402117467808523,0.14021174678148973,0.14021174678206105,0.14021174678148973,0.1402117467808523,0.14021174678148973,0.14021174678261078,0.1402117467840743,0.14021174678261078,0.14021174678148973,0.14021174678206105,0.1402117467840743,0.14021174678949674,0.1402117467840743,0.14021174678206105,0.14021174678148973,0.14021174678261078,0.1402117467840743,0.14021174678261078,0.14021174678148973,0.1402117467808523,0.14021174678148973,0.14021174678206105,0.14021174678148973,0.1402117467808523,0.13913530709251878,0.13913530709350905,0.13913530709435368,0.13913530709350905,0.13913530709251878,0.13913530709350905,0.1391353070951664,0.13913530709690133,0.1391353070951664,0.13913530709350905,0.13913530709435368,0.13913530709690133,0.13913530710037286,0.13913530709690133,0.13913530709435368,0.13913530709350905,0.1391353070951664,0.13913530709690133,0.1391353070951664,0.13913530709350905,0.13913530709251878,0.13913530709350905,0.13913530709435368,0.13913530709350905,0.13913530709251878,0.13807980359260408,0.13807980359443545,0.1380798035962321,0.13807980359443545,0.13807980359260408,0.13807980359443545,0.13807980359803768,0.13807980360283745,0.13807980359803768,0.13807980359443545,0.1380798035962321,0.13807980360283745,0.13807980361602915,0.13807980360283745,0.1380798035962321,0.13807980359443545,0.13807980359803768,0.13807980360283745,0.13807980359803768,0.13807980359443528,0.13807980359260408,0.13807980359443545,0.1380798035962321,0.13807980359443528,0.13807980359260408,0.13704476567446877,0.13704476567725082,0.1370447656805855,0.13704476567725082,0.13704476567446877,0.13704476567725082,0.13704476568403393,0.1370447656975217,0.13704476568403393,0.13704476567725082,0.1370447656805855,0.1370447656975217,0.13704476577191563,0.1370447656975217,0.1370447656805855,0.13704476567725082,0.13704476568403393,0.1370447656975217,0.13704476568403393,0.13704476567725082,0.13704476567446877,0.13704476567725082,0.1370447656805855,0.13704476567725082,0.13704476567446877,0.13602973224181011,0.13602973224372822,0.13602973224559695,0.13602973224372822,0.13602973224181011,0.13602973224372822,0.13602973224746767,0.13602973225244452,0.13602973224746767,0.13602973224372822,0.13602973224559695,0.13602973225244452,0.13602973226620943,0.13602973225244452,0.13602973224559695,0.13602973224372822,0.13602973224746767,0.13602973225244452,0.13602973224746767,0.13602973224372822,0.13602973224181011,0.13602973224372822,0.13602973224559695,0.13602973224372822,0.13602973224181011,0.13503425171830544,0.13503425171950167,0.13503425172048691,0.13503425171950167,0.13503425171830544,0.13503425171950167,0.1350342517214202,0.13503425172331707,0.1350342517214202,0.13503425171950167,0.13503425172048691,0.13503425172331707,0.13503425172675793,0.13503425172331707,0.13503425172048691,0.13503425171950167,0.1350342517214202,0.13503425172331707,0.1350342517214202,0.13503425171950167,0.13503425171830544,0.13503425171950167,0.13503425172048691,0.13503425171950167,0.13503425171830544
0.16533248795296113,0.16533248795296088,0.16533248795296066,0.16533248795296088,0.16533248795296113,0.16533248795296088,0.16533248795296066,0.16533248795296066,0.16533248795296066,0.16533248795296088,0.16533248795296066,0.16533248795296066,0.16533248795296043,0.16533248795296066,0.16533248795296066,0.16533248795296088,0.16533248795296066,0.16533248795296066,0.16533248795296066,0.16533248795296088,0.16533248795296113,0.16533248795296088,0.16533248795296066,0.16533248795296088,0.16533248795296113,0.16375749423082808,0.1637574942308276,0.1637574942308274,0.1637574942308276,0.16375749423082808,0.1637574942308276,0.16375749423082717,0.16375749423082692,0.16375749423082717,0.1637574942308276,0.1637574942308274,0.16375749423082692,0.16375749423082667,0.16375749423082692,0.1637574942308274,0.1637574942308276,0.16375749423082717,0.16375749423082692,0.16375749423082717,0.1637574942308276,0.16375749423082808,0.1637574942308276,0.1637574942308274,0.1637574942308276,0.16375749423082808,0.16221388444065363,0.16221388444065227,0.16221388444065157,0.16221388444065227,0.16221388444065363,0.16221388444065227,0.1622138844406511,0.16221388444065024,0.1622138844406511,0.16221388444065227,0.16221388444065157,0.16221388444065024,0.16221388444064933,0.16221388444065024,0.16221388444065157,0.16221388444065227,0.1622138844406511,0.16221388444065024,0.1622138844406511,0.16221388444065227,0.16221388444065363,0.16221388444065227,0.16221388444065157,0.16221388444065227,0.16221388444065363,0.16070106753947952,0.16070106753947594,0.16070106753947355,0.16070106753947594,0.16070106753947952,0.16070106753947594,0.16070106753947194,0.1607010675394693,0.16070106753947194,0.16070106753947594,0.16070106753947355,0.1607010675394693,0.16070106753946642,0.1607010675394693,0.16070106753947355,0.16070106753947594,0.16070106753947194,0.1607010675394693,0.16070106753947194,0.16070106753947594,0.16070106753947952,0.16070106753947594,0.16070106753947355,0.16070106753947594,0.16070106753947952,0.15921845190228887,0.15921845190227796,0.159218451902271,0.15921845190227796,0.15921845190228887,0.15921845190227796,0.15921845190226555,0.15921845190225728,0.15921845190226555,0.15921845190227796,0.159218451902271,0.15921845190225728,0.15921845190224812,0.15921845190225728,0.159218451902271,0.15921845190227796,0.15921845190226555,0.15921845190225728,0.15921845190226555,0.15921845190227796,0.15921845190228887,0.15921845190227796,0.159218451902271,0.15921845190227796,0.15921845190228887,0.1577654466738632,0.15776544667383163,0.15776544667381048,0.15776544667383163,0.1577654466738632,0.15776544667383163,0.1577654466737932,0.15776544667376655,0.1577654466737932,0.15776544667383163,0.15776544667381048,0.15776544667376655,0.15776544667373538,0.15776544667376655,0.15776544667381048,0.15776544667383163,0.1577654466737932,0.15776544667376655,0.1577654466737932,0.15776544667383163,0.1577654466738632,0.15776544667383163,0.15776544667381048,0.15776544667383163,0.1577654466738632,0.15634146298312457,0.15634146298303486,0.1563414629829721,0.15634146298303486,0.15634146298312457,0.15634146298303486,0.15634146298291837,0.1563414629828314,0.15634146298291837,0.15634146298303486,0.1563414629829721,0.1563414629828314,0.15634146298272034,0.1563414629828314,0.1563414629829721,0.15634146298303486,0.15634146298291837,0.1563414629828314,0.15634146298291837,0.15634146298303486,0.15634146298312457,0.15634146298303486,0.1563414629829721,0.15634146298303486,0.15634146298312457,0.15494591503024444,0.15494591503000218,0.15494591502982064,0.15494591503000218,0.15494591503024444,0.15494591503000218,0.1549459150296565,0.15494591502936547,0.1549459150296565,0.15494591503000218,0.15494591502982064,0.15494591502936547,0.15494591502893756,0.15494591502936547,0.15494591502982064,0.15494591503000218,0.1549459150296565,0.15494591502936547,0.1549459150296565,0.15494591503000218,0.15494591503024444,0.15494591503000218,0.15494591502982064,0.15494591503000218,0.15494591503024444,0.15357822105626964,0.1535782210556657,0.15357822105516278,0.1535782210556657,0.15357822105626964,0.1535782210556657,0.153578221054684,0.15357822105369545,0.153578221054684,0.1535782210556657,0.15357822105516278,0.15357822105369545,0.15357822105186497,0.15357822105369545,0.15357822105516278,0.1535782210556657,0.153578221054684,0.15357822105369545,0.153578221054684,0.1535782210556657,0.15357822105626964,0.1535782210556657,0.15357822105516278,0.1535782210556657,0.15357822105626964,0.1522378042044634,0.15223780420315305,0.15223780420188873,0.15223780420315305,0.1522378042044634,0.15223780420315305,0.15223780420062583,0.1522378041973319,0.15223780420062583,0.15223780420315305,0.15223780420188873,0.1522378041973319,0.1522378041884822,0.1522378041973319,0.15223780420188873,0.15223780420315305,0.15223780420062583,0.1522378041973319,0.15223780420062583,0.15223780420315305,0.1522378042044634,0.15223780420315305,0.15223780420188873,0.15223780420315305,0.1522378042044634,0.15092409328190054,0.1509240932797275,0.1509240932772209,0.1509240932797275,0.15092409328190054,0.1509240932797275,0.15092409327463788,0.15092409326517267,0.15092409327463788,0.1509240932797275,0.1509240932772209,0.15092409326517267,0.15092409321672853,0.15092409326517267,0.1509240932772209,0.1509240932797275,0.15092409327463788,0.15092409326517267,0.15092409327463788,0.1509240932797275,0.15092409328190054,0.1509240932797275,0.1509240932772209,0.1509240932797275,0.15092409328190054,0.14963652342867553,0.14963652342674025,0.14963652342464107,0.14963652342674025,0.14963652342867553,0.14963652342674025,0.14963652342249284,0.14963652341547898,0.14963652342249284,0.14963652342674025,0.14963652342464107,0.14963652341547898,0.1496365233854351,0.14963652341547898,0.14963652342464107,0.14963652342674025,0.14963652342249284,0.14963652341547898,0.14963652342249284,0.14963652342674025,0.14963652342867553,0.14963652342674025,0.14963652342464107,0.14963652342674025,0.14963652342867553,0.14837453670073508,0.14837453669959974,0.14837453669848333,0.14837453669959974,0.14837453670073508,0.14837453669959974,0.14837453669736486,0.14837453669421424,0.14837453669736486,0.14837453669959974,0.14837453669848333,0.14837453669421424,0.14837453668308,0.14837453669421424,0.14837453669848333,0.14837453669959974,0.14837453669736486,0.14837453669421424,0.14837453669736486,0.14837453669959974,0.14837453670073508,0.14837453669959974,0.14837453669848333,0.14837453669959974,0.14837453670073508,0.14713758257929646,0.14713758257891515,0.1471375825786087,0.14713758257891515,0.14713758257929646,0.14713758257891515,0.14713758257832132,0.14713758257777293,0.14713758257832132,0.14713758257891515,0.1471375825786087,0.14713758257777293,0.14713758257700996,0.14713758257777293,0.1471375825786087,0.14713758257891515,0.14713758257832132,0.14713758257777293,0.14713758257832132,0.14713758257891515,0.14713758257929646,0.14713758257891515,0.1471375825786087,0.14713758257891515,0.14713758257929646,0.1459251184099155,0.14592511841004618,0.14592511841025452,0.14592511841004618,0.1459251184099155,0.14592511841004618,0.14592511841048547,0.14592511841146677,0.14592511841048547,0.14592511841004618,0.14592511841025452,0.14592511841146677,0.14592511841663902,0.14592511841146677,0.14592511841025452,0.14592511841004618,0.14592511841048547,0.14592511841146677,0.14592511841048547,0.14592511841004618,0.1459251184099155,0.14592511841004618,0.14592511841025452,0.14592511841004618,0.1459251184099155,0.14473660977634378,0.14473660977673006,0.14473660977717134,0.14473660977673006,0.14473660977634378,0.14473660977673006,0.1447366097776295,0.14473660977920536,0.1447366097776295,0.14473660977673006,0.14473660977717134,0.14473660977920536,0.14473660978641323,0.14473660977920536,0.14473660977717134,0.14473660977673006,0.1447366097776295,0.14473660977920536,0.1447366097776295,0.14473660977673006,0.14473660977634378,0.14473660977673006,0.14473660977717134,0.14473660977673006,0.14473660977634378,0.14357153081533494,0.14357153081579233,0.1435715308162663,0.14357153081579233,0.14357153081533494,0.14357153081579233,0.14357153081674648,0.14357153081822657,0.14357153081674648,0.14357153081579233,0.1435715308162663,0.14357153081822657,0.14357153082423862,0.14357153081822657,0.1435715308162663,0.14357153081579233,0.14357153081674648,0.14357153081822657,0.14357153081674648,0.14357153081579233,0.14357153081533494,0.14357153081579233,0.1435715308162663,0.14357153081579233,0.14357153081533494,0.14242936447787716,0.14242936447834872,0.14242936447881321,0.14242936447834872,0.14242936447787716,0.14242936447834872,0.1424293644792757,0.142429364480632,0.1424293644792757,0.14242936447834872,0.14242936447881321,0.142429364480632,0.14242936448585797,0.142429364480632,0.14242936447881321,0.14242936447834872,0.1424293644792757,0.142429364480632,0.1424293644792757,0.14242936447834872,0.14242936447787716,0.14242936447834872,0.14242936447881321,0.14242936447834872,0.14242936447787716,0.14130960274181276,0.14130960274232326,0.1413096027428096,0.14130960274232326,0.14130960274181276,0.14130960274232326,0.14130960274328655,0.14130960274466378,0.14130960274328655,0.14130960274232326,0.1413096027428096,0.14130960274466378,0.1413096027500617,0.14130960274466378,0.1413096027428096,0.14130960274232326,0.14130960274328655,0.14130960274466378,0.14130960274328655,0.14130960274232326,0.14130960274181276,0.14130960274232326,0.1413096027428096,0.14130960274232326,0.14130960274181276,0.14021174678058204,0.1402117467812166,0.14021174678178516,0.1402117467812166,0.14021174678058204,0.1402117467812166,0.14021174678233228,0.1402117467837876,0.14021174678233228,0.1402117467812166,0.14021174678178516,0.1402117467837876,0.14021174678920245,0.1402117467837876,0.14021174678178516,0.1402117467812166,0.14021174678233228,0.1402117467837876,0.14021174678233228,0.1402117467812166,0.14021174678058204,0.1402117467812166,0.14021174678178516,0.1402117467812166,0.14021174678058204,0.13913530709222519,0.1391353070932129,0.13913530709405533,0.1391353070932129,0.13913530709222519,0.1391353070932129,0.13913530709486596,0.13913530709659633,0.13913530709486596,0.1391353070932129,0.13913530709405533,0.13913530709659633,0.1391353071000579,0.13913530709659633,0.13913530709405533,0.1391353070932129,0.13913530709486596,0.13913530709659633,0.13913530709486596,0.1391353070932129,0.13913530709222519,0.1391353070932129,0.13913530709405533,0.1391353070932129,0.13913530709222519,0.1380798035922917,0.1380798035941198,0.13807980359591332,0.1380798035941198,0.1380798035922917,0.1380798035941198,0.13807980359771582,0.13807980360250768,0.13807980359771582,0.1380798035941198,0.13807980359591332,0.13807980360250768,0.13807980361567782,0.13807980360250768,0.13807980359591332,0.1380798035941198,0.13807980359771582,0.13807980360250768,0.13807980359771582,0.1380798035941198,0.1380798035922917,0.1380798035941198,0.13807980359591332,0.1380798035941198,0.1380798035922917,0.13704476567414386,0.13704476567692148,0.13704476568025084,0.13704476567692148,0.13704476567414386,0.13704476567692148,0.13704476568369392,0.1370447656971606,0.13704476568369392,0.13704476567692148,0.13704476568025084,0.1370447656971606,0.13704476577143837,0.1370447656971606,0.13704476568025084,0.13704476567692148,0.13704476568369392,0.1370447656971606,0.13704476568369392,0.13704476567692148,0.13704476567414386,0.13704476567692148,0.13704476568025084,0.13704476567692148,0.13704476567414386,0.13602973224148177,0.1360297322433969,0.13602973224526269,0.1360297322433969,0.13602973224148177,0.1360297322433969,0.13602973224713055,0.1360297322520995,0.13602973224713055,0.1360297322433969,0.13602973224526269,0.1360297322520995,0.13602973226584308,0.1360297322520995,0.13602973224526269,0.1360297322433969,0.13602973224713055,0.1360297322520995,0.13602973224713055,0.1360297322433969,0.13602973224148177,0.1360297322433969,0.13602973224526269,0.1360297322433969,0.13602973224148177,0.13503425171797964,0.13503425171917396,0.13503425172015757,0.13503425171917396,0.13503425171797964,0.13503425171917396,0.13503425172108954,0.13503425172298333,0.13503425172108954,0.13503425171917396,0.13503425172015757,0.13503425172298333,0.13503425172641878,0.13503425172298333,0.13503425172015757,0.13503425171917396,0.13503425172108954,0.13503425172298333,0.13503425172108954,0.13503425171917396,0.13503425171797964,0.13503425171917396,0.13503425172015757,0.13503425171917396,0.13503425171797964
0.1653324879532037,0.1653324879532037,0.1653324879532035,0.1653324879532037,0.1653324879532037,0.1653324879532037,0.1653324879532035,0.1653324879532035,0.1653324879532035,0.1653324879532037,0.1653324879532035,0.1653324879532035,0.16533248795320327,0.1653324879532035,0.1653324879532035,0.1653324879532037,0.1653324879532035,0.1653324879532035,0.1653324879532035,0.1653324879532037,0.1653324879532037,0.1653324879532037,0.1653324879532035,0.1653324879532037,0.1653324879532037,0.16375749423106606,0.16375749423106561,0.16375749423106536,0.16375749423106561,0.16375749423106606,0.16375749423106561,0.16375749423106514,0.16375749423106492,0.16375749423106514,0.16375749423106561,0.16375749423106536,0.16375749423106492,0.16375749423106467,0.16375749423106492,0.16375749423106536,0.16375749423106561,0.16375749423106514,0.16375749423106492,0.16375749423106514,0.16375749423106561,0.16375749423106606,0.16375749423106561,0.16375749423106536,0.16375749423106561,0.16375749423106606,0.16221388444088666,0.1622138844408855,0.16221388444088483,0.1622138844408855,0.16221388444088666,0.1622138844408855,0.16221388444088414,0.16221388444088347,0.16221388444088414,0.1622138844408855,0.16221388444088483,0.16221388444088347,0.16221388444088256,0.16221388444088347,0.16221388444088483,0.1622138844408855,0.16221388444088414,0.16221388444088347,0.16221388444088414,0.1622138844408855,0.16221388444088666,0.1622138844408855,0.16221388444088483,0.1622138844408855,0.16221388444088666,0.1607010675397079,0.16070106753970434,0.1607010675397019,0.16070106753970434,0.1607010675397079,0.16070106753970434,0.16070106753970034,0.16070106753969768,0.16070106753970034,0.16070106753970434,0.1607010675397019,0.16070106753969768,0.160701067539695,0.16070106753969768,0.1607010675397019,0.16070106753970434,0.16070106753970034,0.16070106753969768,0.16070106753970034,0.16070106753970434,0.1607010675397079,0.16070106753970434,0.1607010675397019,0.16070106753970434,0.1607010675397079,0.15921845190251266,0.15921845190250175,0.1592184519024948,0.15921845190250175,0.15921845190251266,0.15921845190250175,0.15921845190248934,0.1592184519024811,0.15921845190248934,0.15921845190250175,0.1592184519024948,0.1592184519024811,0.15921845190247194,0.1592184519024811,0.1592184519024948,0.15921845190250175,0.15921845190248934,0.1592184519024811,0.15921845190248934,0.15921845190250175,0.15921845190251266,0.15921845190250175,0.1592184519024948,0.15921845190250175,0.15921845190251266,0.1577654466740823,0.15776544667405076,0.1577654466740296,0.15776544667405076,0.1577654466740823,0.15776544667405076,0.15776544667401254,0.1577654466739859,0.15776544667401254,0.15776544667405076,0.1577654466740296,0.1577654466739859,0.15776544667395495,0.1577654466739859,0.1577654466740296,0.15776544667405076,0.15776544667401254,0.1577654466739859,0.15776544667401254,0.15776544667405076,0.1577654466740823,0.15776544667405076,0.1577654466740296,0.15776544667405076,0.1577654466740823,0.15634146298333867,0.1563414629832492,0.15634146298318666,0.1563414629832492,0.15634146298333867,0.1563414629832492,0.15634146298313334,0.15634146298304635,0.15634146298313334,0.1563414629832492,0.15634146298318666,0.15634146298304635,0.15634146298293572,0.15634146298304635,0.15634146298318666,0.1563414629832492,0.15634146298313334,0.15634146298304635,0.15634146298313334,0.1563414629832492,0.15634146298333867,0.1563414629832492,0.15634146298318666,0.1563414629832492,0.15634146298333867,0.15494591503045324,0.15494591503021185,0.15494591503003066,0.15494591503021185,0.15494591503045324,0.15494591503021185,0.15494591502986715,0.15494591502957697,0.15494591502986715,0.15494591503021185,0.15494591503003066,0.15494591502957697,0.1549459150291505,0.15494591502957697,0.15494591503003066,0.15494591503021185,0.15494591502986715,0.15494591502957697,0.15494591502986715,0.15494591503021185,0.15494591503045324,0.15494591503021185,0.15494591503003066,0.15494591503021185,0.15494591503045324,0.15357822105647148,0.15357822105586957,0.15357822105536825,0.15357822105586957,0.15357822105647148,0.15357822105586957,0.15357822105489105,0.1535782210539053,0.15357822105489105,0.15357822105586957,0.15357822105536825,0.1535782210539053,0.15357822105208066,0.1535782210539053,0.15357822105536825,0.15357822105586957,0.15357822105489105,0.1535782210539053,0.15357822105489105,0.15357822105586957,0.15357822105647148,0.15357822105586957,0.15357822105536825,0.15357822105586957,0.15357822105647148,0.15223780420465435,0.15223780420334831,0.15223780420208816,0.15223780420334831,0.15223780420465435,0.15223780420334831,0.15223780420082936,0.15223780419754568,0.15223780420082936,0.15223780420334831,0.15223780420208816,0.15223780419754568,0.15223780418872293,0.15223780419754568,0.15223780420208816,0.15223780420334831,0.15223780420082936,0.15223780419754568,0.15223780420082936,0.15223780420334831,0.15223780420465435,0.15223780420334831,0.15223780420208816,0.15223780420334831,0.15223780420465435,0.1509240932820715,0.15092409327990575,0.15092409327740783,0.15092409327990575,0.1509240932820715,0.15092409327990575,0.15092409327483333,0.15092409326539818,0.15092409327483333,0.15092409327990575,0.15092409327740783,0.15092409326539818,0.1509240932171275,0.15092409326539818,0.15092409327740783,0.15092409327990575,0.15092409327483333,0.15092409326539818,0.15092409327483333,0.15092409327990575,0.1509240932820715,0.15092409327990575,0.15092409327740783,0.15092409327990575,0.1509240932820715,0.14963652342881073,0.14963652342688322,0.1496365234247925,0.14963652342688322,0.14963652342881073,0.14963652342688322,0.14963652342265324,0.14963652341566902,0.14963652342265324,0.14963652342688322,0.1496365234247925,0.14963652341566902,0.1496365233857291,0.14963652341566902,0.14963652342479233,0.14963652342688322,0.14963652342265324,0.14963652341566902,0.14963652342265324,0.14963652342688322,0.14963652342881073,0.14963652342688322,0.14963652342479233,0.14963652342688322,0.14963652342881073,0.1483745367008183,0.14837453669968778,0.14837453669857673,0.14837453669968778,0.1483745367008183,0.14837453669968778,0.14837453669746345,0.1483745366943299,0.14837453669746345,0.14837453669968778,0.14837453669857673,0.1483745366943299,0.14837453668326683,0.1483745366943299,0.14837453669857673,0.14837453669968778,0.14837453669746345,0.1483745366943299,0.14837453669746345,0.14837453669968778,0.1483745367008183,0.14837453669968778,0.14837453669857673,0.14837453669968778,0.1483745367008183,0.14713758257931678,0.14713758257893642,0.1471375825786307,0.14713758257893642,0.14713758257931678,0.14713758257893642,0.14713758257834403,0.14713758257779688,0.14713758257834403,0.14713758257893642,0.1471375825786307,0.14713758257779688,0.1471375825770094,0.14713758257779688,0.1471375825786307,0.14713758257893642,0.14713758257834403,0.14713758257779688,0.14713758257834403,0.14713758257893642,0.14713758257931678,0.14713758257893642,0.1471375825786307,0.14713758257893642,0.14713758257931678,0.14592511840987007,0.14592511840999847,0.14592511841020397,0.14592511840999847,0.14592511840987007,0.14592511840999847,0.14592511841043224,0.14592511841140426,0.14592511841043224,0.14592511840999847,0.14592511841020397,0.14592511841140426,0.14592511841655176,0.14592511841140426,0.14592511841020397,0.14592511840999847,0.14592511841043224,0.14592511841140426,0.14592511841043224,0.14592511840999847,0.14592511840987007,0.14592511840999847,0.14592511841020397,0.14592511840999847,0.14592511840987007,0.14473660977623662,0.14473660977661817,0.14473660977705438,0.14473660977661817,0.14473660977623662,0.14473660977661817,0.14473660977750716,0.14473660977906486,0.14473660977750716,0.14473660977661817,0.14473660977705438,0.14473660977906486,0.14473660978619607,0.14473660977906486,0.14473660977705438,0.14473660977661817,0.14473660977750716,0.14473660977906486,0.14473660977750716,0.14473660977661817,0.14473660977623662,0.14473660977661817,0.14473660977705438,0.14473660977661817,0.14473660977623662,0.1435715308151748,0.14357153081562687,0.1435715308160954,0.14357153081562687,0.1435715308151748,0.14357153081562687,0.1435715308165699,0.143571530818031,0.1435715308165699,0.14357153081562687,0.1435715308160954,0.143571530818031,0.14357153082393884,0.143571530818031,0.1435715308160954,0.14357153081562687,0.1435715308165699,0.143571530818031,0.1435715308165699,0.14357153081562687,0.1435715308151748,0.14357153081562687,0.1435715308160954,0.14357153081562687,0.1435715308151748,0.14242936447767401,0.14242936447814122,0.14242936447860152,0.14242936447814122,0.14242936447767401,0.14242936447814122,0.14242936447905966,0.1424293644804035,0.14242936447905966,0.14242936447814122,0.14242936447860152,0.1424293644804035,0.14242936448562127,0.1424293644804035,0.14242936447860152,0.14242936447814122,0.14242936447905966,0.1424293644804035,0.14242936447905966,0.14242936447814122,0.14242936447767401,0.14242936447814122,0.14242936447860152,0.14242936447814122,0.14242936447767401,0.1413096027415746,0.14130960274208165,0.1413096027425647,0.14130960274208165,0.1413096027415746,0.14130960274208165,0.14130960274303836,0.14130960274440574,0.14130960274303836,0.14130960274208165,0.1413096027425647,0.14130960274440574,0.1413096027497522,0.14130960274440574,0.1413096027425647,0.14130960274208165,0.14130960274303836,0.14130960274440574,0.14130960274303836,0.14130960274208165,0.1413096027415746,0.14130960274208165,0.1413096027425647,0.14130960274208165,0.1413096027415746,0.1402117467803155,0.14021174678094728,0.14021174678151313,0.14021174678094728,0.1402117467803155,0.14021174678094728,0.14021174678205767,0.14021174678350493,0.14021174678205767,0.14021174678094728,0.14021174678151313,0.14021174678350493,0.14021174678888626,0.14021174678350493,0.14021174678151313,0.14021174678094728,0.14021174678205767,0.14021174678350493,0.14021174678205767,0.14021174678094728,0.1402117467803155,0.14021174678094728,0.14021174678151313,0.14021174678094728,0.1402117467803155,0.13913530709193553,0.1391353070929207,0.1391353070937611,0.1391353070929207,0.13913530709193553,0.1391353070929207,0.13913530709456967,0.13913530709629546,0.13913530709456967,0.1391353070929207,0.1391353070937611,0.13913530709629546,0.13913530709974703,0.13913530709629546,0.1391353070937611,0.1391353070929207,0.13913530709456967,0.13913530709629546,0.13913530709456967,0.1391353070929207,0.13913530709193553,0.1391353070929207,0.1391353070937611,0.1391353070929207,0.13913530709193553,0.13807980359198346,0.1380798035938083,0.13807980359559874,0.1380798035938083,0.13807980359198346,0.1380798035938083,0.1380798035973983,0.13807980360218208,0.1380798035973983,0.1380798035938083,0.13807980359559874,0.13807980360218208,0.13807980361533115,0.13807980360218208,0.13807980359559874,0.1380798035938083,0.1380798035973983,0.13807980360218208,0.1380798035973983,0.1380798035938083,0.13807980359198346,0.1380798035938083,0.13807980359559874,0.1380798035938083,0.13807980359198346,0.13704476567382334,0.13704476567659657,0.13704476567992077,0.13704476567659657,0.13704476567382334,0.13704476567659657,0.13704476568335838,0.1370447656968042,0.13704476568335838,0.13704476567659657,0.13704476567992077,0.1370447656968042,0.13704476577096325,0.1370447656968042,0.13704476567992077,0.13704476567659657,0.13704476568335838,0.1370447656968042,0.13704476568335838,0.13704476567659657,0.13704476567382334,0.13704476567659657,0.13704476567992077,0.13704476567659657,0.13704476567382334,0.13602973224115764,0.13602973224306977,0.1360297322449327,0.13602973224306977,0.13602973224115764,0.13602973224306977,0.13602973224679757,0.1360297322517591,0.13602973224679757,0.13602973224306977,0.1360297322449327,0.1360297322517591,0.13602973226548135,0.1360297322517591,0.1360297322449327,0.13602973224306977,0.13602973224679757,0.1360297322517591,0.13602973224679757,0.13602973224306977,0.13602973224115764,0.13602973224306977,0.1360297322449327,0.13602973224306977,0.13602973224115764,0.13503425171765804,0.13503425171885047,0.13503425171983263,0.13503425171885047,0.13503425171765804,0.13503425171885047,0.13503425172076314,0.13503425172265401,0.13503425172076314,0.13503425171885047,0.13503425171983263,0.13503425172265401,0.1350342517260842,0.13503425172265401,0.13503425171983263,0.13503425171885047,0.13503425172076314,0.13503425172265401,0.13503425172076314,0.13503425171885047,0.13503425171765804,0.13503425171885047,0.13503425171983263,0.13503425171885047,0.13503425171765804
0.16533248795344324,0.16533248795344302,0.16533248795344302,0.16533248795344302,0.16533248795344324,0.16533248795344302,0.16533248795344302,0.1653324879534428,0.16533248795344302,0.16533248795344302,0.16533248795344302,0.1653324879534428,0.1653324879534428,0.1653324879534428,0.16533248795344302,0.16533248795344302,0.16533248795344302,0.1653324879534428,0.16533248795344302,0.16533248795344302,0.16533248795344324,0.16533248795344302,0.16533248795344302,0.16533248795344302,0.16533248795344324,0.1637574942313006,0.16375749423130037,0.16375749423130012,0.16375749423130037,0.1637574942313006,0.16375749423130037,0.1637574942312999,0.16375749423129965,0.1637574942312999,0.16375749423130037,0.16375749423130012,0.16375749423129965,0.1637574942312992,0.16375749423129965,0.16375749423130012,0.16375749423130037,0.1637574942312999,0.16375749423129965,0.1637574942312999,0.16375749423130037,0.1637574942313006,0.16375749423130037,0.16375749423130012,0.16375749423130037,0.1637574942313006,0.16221388444111673,0.16221388444111534,0.16221388444111468,0.16221388444111534,0.16221388444111673,0.16221388444111534,0.16221388444111423,0.16221388444111334,0.16221388444111423,0.16221388444111534,0.16221388444111468,0.16221388444111334,0.1622138844411124,0.16221388444111334,0.16221388444111468,0.16221388444111534,0.16221388444111423,0.16221388444111334,0.16221388444111423,0.16221388444111534,0.16221388444111673,0.16221388444111534,0.16221388444111468,0.16221388444111534,0.16221388444111673,0.16070106753993316,0.16070106753992958,0.16070106753992716,0.16070106753992958,0.16070106753993316,0.16070106753992958,0.16070106753992558,0.16070106753992291,0.16070106753992558,0.16070106753992958,0.16070106753992716,0.16070106753992291,0.16070106753992028,0.16070106753992291,0.16070106753992716,0.16070106753992958,0.16070106753992558,0.16070106753992291,0.16070106753992558,0.16070106753992958,0.16070106753993316,0.16070106753992958,0.16070106753992716,0.16070106753992958,0.16070106753993316,0.1592184519027332,0.15921845190272255,0.15921845190271536,0.15921845190272255,0.1592184519027332,0.15921845190272255,0.15921845190271014,0.15921845190270187,0.15921845190271014,0.15921845190272255,0.15921845190271536,0.15921845190270187,0.1592184519026927,0.15921845190270187,0.15921845190271536,0.15921845190272255,0.15921845190271014,0.15921845190270187,0.15921845190271014,0.15921845190272255,0.1592184519027332,0.15921845190272255,0.15921845190271536,0.15921845190272255,0.1592184519027332,0.15776544667429826,0.1577654466742669,0.15776544667424577,0.1577654466742669,0.15776544667429826,0.1577654466742669,0.15776544667422868,0.15776544667420223,0.15776544667422868,0.1577654466742669,0.15776544667424577,0.15776544667420223,0.1577654466741713,0.15776544667420223,0.15776544667424577,0.1577654466742669,0.15776544667422868,0.15776544667420223,0.15776544667422868,0.1577654466742669,0.15776544667429826,0.1577654466742669,0.15776544667424577,0.1577654466742669,0.15776544667429826,0.1563414629835499,0.15634146298346083,0.1563414629833985,0.15634146298346083,0.1563414629835499,0.15634146298346083,0.15634146298334514,0.1563414629832586,0.15634146298334514,0.15634146298346083,0.1563414629833985,0.1563414629832586,0.1563414629831482,0.1563414629832586,0.1563414629833985,0.15634146298346083,0.15634146298334514,0.1563414629832586,0.15634146298334514,0.15634146298346083,0.1563414629835499,0.15634146298346083,0.1563414629833985,0.15634146298346083,0.1563414629835499,0.1549459150306592,0.15494591503041863,0.1549459150302381,0.15494591503041863,0.1549459150306592,0.15494591503041863,0.15494591503007496,0.1549459150297858,0.15494591503007496,0.15494591503041863,0.1549459150302381,0.1549459150297858,0.15494591502936056,0.1549459150297858,0.1549459150302381,0.15494591503041863,0.15494591503007496,0.1549459150297858,0.15494591503007496,0.15494591503041863,0.1549459150306592,0.15494591503041863,0.1549459150302381,0.15494591503041863,0.1549459150306592,0.15357822105667054,0.1535782210560706,0.1535782210555707,0.1535782210560706,0.15357822105667054,0.1535782210560706,0.1535782210550951,0.1535782210541126,0.1535782210550951,0.1535782210560706,0.1535782210555707,0.1535782210541126,0.15357822105229335,0.1535782210541126,0.1535782210555707,0.1535782210560706,0.1535782210550951,0.1535782210541126,0.1535782210550951,0.1535782210560706,0.15357822105667054,0.1535782210560706,0.1535782210555707,0.1535782210560706,0.15357822105667054,0.15223780420484254,0.15223780420354083,0.1522378042022848,0.15223780420354083,0.15223780420484254,0.15223780420354083,0.15223780420102992,0.15223780419775648,0.15223780420102992,0.15223780420354083,0.1522378042022848,0.15223780419775648,0.15223780418896032,0.15223780419775648,0.1522378042022848,0.15223780420354083,0.15223780420102992,0.15223780419775648,0.15223780420102992,0.15223780420354083,0.15223780420484254,0.15223780420354083,0.1522378042022848,0.15223780420354083,0.15223780420484254,0.1509240932822399,0.1509240932800819,0.15092409327759207,0.1509240932800819,0.1509240932822399,0.1509240932800819,0.15092409327502604,0.1509240932656208,0.15092409327502604,0.1509240932800819,0.15092409327759207,0.1509240932656208,0.15092409321747186,0.1509240932656208,0.15092409327759207,0.1509240932800819,0.15092409327502604,0.1509240932656208,0.15092409327502604,0.1509240932800819,0.1509240932822399,0.1509240932800819,0.15092409327759207,0.1509240932800819,0.1509240932822399,0.14963652342894404,0.14963652342702408,0.1496365234249417,0.14963652342702408,0.14963652342894404,0.14963652342702408,0.1496365234228111,0.1496365234158566,0.1496365234228111,0.14963652342702408,0.1496365234249417,0.1496365234158566,0.14963652338604677,0.1496365234158566,0.1496365234249417,0.14963652342702408,0.1496365234228111,0.1496365234158566,0.1496365234228111,0.14963652342702408,0.14963652342894404,0.14963652342702408,0.1496365234249417,0.14963652342702408,0.14963652342894404,0.14837453670090042,0.1483745366997747,0.14837453669866865,0.1483745366997747,0.14837453670090042,0.1483745366997747,0.14837453669756076,0.1483745366944439,0.14837453669756076,0.1483745366997747,0.14837453669866865,0.1483745366944439,0.14837453668344233,0.1483745366944439,0.14837453669866865,0.1483745366997747,0.14837453669756076,0.1483745366944439,0.14837453669756076,0.1483745366997747,0.14837453670090042,0.1483745366997747,0.14837453669866865,0.1483745366997747,0.14837453670090042,0.1471375825793368,0.14713758257895748,0.14713758257865248,0.14713758257895748,0.1471375825793368,0.14713758257895748,0.14713758257836673,0.14713758257782067,0.14713758257836673,0.14713758257895748,0.14713758257865248,0.14713758257782067,0.14713758257706644,0.14713758257782067,0.14713758257865248,0.14713758257895748,0.14713758257836673,0.14713758257782067,0.14713758257836673,0.14713758257895748,0.1471375825793368,0.14713758257895748,0.14713758257865248,0.14713758257895748,0.1471375825793368,0.1459251184098254,0.14592511840995148,0.14592511841015446,0.14592511840995148,0.1459251184098254,0.14592511840995148,0.1459251184103799,0.14592511841134287,0.1459251184103799,0.14592511840995148,0.14592511841015446,0.14592511841134287,0.14592511841645953,0.14592511841134287,0.14592511841015446,0.14592511840995148,0.1459251184103799,0.14592511841134287,0.1459251184103799,0.14592511840995148,0.1459251184098254,0.14592511840995148,0.14592511841015446,0.14592511840995148,0.1459251184098254,0.14473660977613104,0.14473660977650804,0.144736609776939,0.14473660977650804,0.14473660977613104,0.14473660977650804,0.14473660977738653,0.1447366097789264,0.14473660977738653,0.14473660977650804,0.144736609776939,0.1447366097789264,0.14473660978596603,0.1447366097789264,0.144736609776939,0.14473660977650804,0.14473660977738653,0.1447366097789264,0.14473660977738653,0.14473660977650804,0.14473660977613104,0.14473660977650804,0.144736609776939,0.14473660977650804,0.14473660977613104,0.14357153081501683,0.14357153081546398,0.14357153081592683,0.14357153081546398,0.14357153081501683,0.14357153081546398,0.14357153081639568,0.143571530817838,0.14357153081639568,0.14357153081546398,0.14357153081592683,0.143571530817838,0.14357153082366952,0.143571530817838,0.14357153081592683,0.14357153081546398,0.14357153081639568,0.143571530817838,0.14357153081639568,0.14357153081546398,0.14357153081501683,0.14357153081546398,0.14357153081592683,0.14357153081546398,0.14357153081501683,0.14242936447747354,0.14242936447793655,0.14242936447839266,0.14242936447793655,0.14242936447747354,0.14242936447793655,0.1424293644788466,0.14242936448017837,0.1424293644788466,0.14242936447793655,0.14242936447839266,0.14242936448017837,0.14242936448535035,0.14242936448017837,0.14242936447839266,0.14242936447793655,0.1424293644788466,0.14242936448017837,0.1424293644788466,0.14242936447793655,0.14242936447747354,0.14242936447793655,0.14242936447839266,0.14242936447793655,0.14242936447747354,0.14130960274133977,0.14130960274184354,0.1413096027423231,0.14130960274184337,0.14130960274133977,0.14130960274184354,0.14130960274279347,0.1413096027441513,0.14130960274279347,0.14130960274184337,0.1413096027423231,0.1413096027441513,0.14130960274947388,0.1413096027441513,0.1413096027423231,0.14130960274184337,0.14130960274279347,0.1413096027441513,0.14130960274279347,0.14130960274184337,0.14130960274133977,0.14130960274184337,0.1413096027423231,0.14130960274184337,0.14130960274133977,0.1402117467800525,0.14021174678068152,0.14021174678124482,0.14021174678068152,0.1402117467800525,0.14021174678068152,0.1402117467817866,0.14021174678322612,0.1402117467817866,0.14021174678068152,0.14021174678124482,0.14021174678322612,0.1402117467885644,0.14021174678322612,0.14021174678124482,0.14021174678068152,0.1402117467817866,0.14021174678322612,0.1402117467817866,0.14021174678068152,0.1402117467800525,0.14021174678068152,0.14021174678124482,0.14021174678068152,0.1402117467800525,0.13913530709164965,0.13913530709263247,0.1391353070934708,0.13913530709263247,0.13913530709164965,0.13913530709263247,0.13913530709427732,0.1391353070959987,0.13913530709427732,0.13913530709263247,0.1391353070934708,0.1391353070959987,0.13913530709944047,0.1391353070959987,0.1391353070934708,0.13913530709263247,0.13913530709427732,0.1391353070959987,0.13913530709427732,0.13913530709263247,0.13913530709164965,0.13913530709263247,0.1391353070934708,0.13913530709263247,0.13913530709164965,0.1380798035916793,0.13807980359350103,0.1380798035952885,0.13807980359350103,0.1380798035916793,0.13807980359350103,0.1380798035970848,0.13807980360186103,0.1380798035970848,0.13807980359350103,0.1380798035952885,0.13807980360186103,0.13807980361498914,0.13807980360186103,0.1380798035952885,0.13807980359350103,0.1380798035970848,0.13807980360186103,0.1380798035970848,0.13807980359350103,0.1380798035916793,0.13807980359350103,0.1380798035952885,0.13807980359350103,0.1380798035916793,0.1370447656735071,0.1370447656762759,0.13704476567959495,0.1370447656762759,0.13704476567350696,0.1370447656762759,0.13704476568302726,0.13704476569645258,0.13704476568302726,0.1370447656762759,0.13704476567959495,0.13704476569645258,0.13704476577048857,0.13704476569645258,0.13704476567959495,0.1370447656762759,0.13704476568302726,0.13704476569645258,0.13704476568302726,0.1370447656762759,0.13704476567350696,0.1370447656762759,0.13704476567959495,0.1370447656762759,0.13704476567350696,0.13602973224083795,0.1360297322427471,0.13602973224460704,0.1360297322427471,0.13602973224083795,0.1360297322427471,0.13602973224646908,0.136029732251423,0.13602973224646908,0.1360297322427471,0.13602973224460704,0.136029732251423,0.13602973226512455,0.136029732251423,0.13602973224460704,0.1360297322427471,0.13602973224646908,0.136029732251423,0.13602973224646908,0.1360297322427471,0.13602973224083795,0.1360297322427471,0.13602973224460704,0.1360297322427471,0.13602973224083795,0.13503425171734057,0.13503425171853126,0.13503425171951192,0.1350342517185314,0.1350342517173407,0.13503425171853126,0.13503425172044098,0.1350342517223289,0.13503425172044098,0.1350342517185314,0.13503425171951192,0.1350342517223289,0.13503425172575395,0.1350342517223289,0.13503425171951192,0.1350342517185314,0.13503425172044098,0.1350342517223289,0.13503425172044098,0.1350342517185314,0.1350342517173407,0.1350342517185314,0.13503425171951192,0.1350342517185314,0.1350342517173407
0.16533248795367947,0.16533248795367947,0.16533248795367925,0.16533248795367947,0.16533248795367947,0.16533248795367947,0.16533248795367925,0.16533248795367925,0.16533248795367925,0.16533248795367947,0.16533248795367925,0.16533248795367925,0.165332487953679,0.16533248795367925,0.16533248795367925,0.16533248795367947,0.16533248795367925,0.16533248795367925,0.16533248795367925,0.16533248795367947,0.16533248795367947,0.16533248795367947,0.16533248795367925,0.16533248795367947,0.16533248795367947,0.16375749423153213,0.16375749423153188,0.16375749423153163,0.16375749423153188,0.16375749423153213,0.16375749423153188,0.1637574942315314,0.1637574942315312,0.1637574942315314,0.16375749423153188,0.16375749423153163,0.1637574942315312,0.16375749423153096,0.1637574942315312,0.16375749423153163,0.16375749423153188,0.1637574942315314,0.1637574942315312,0.1637574942315314,0.16375749423153188,0.16375749423153213,0.16375749423153188,0.16375749423153163,0.16375749423153188,0.16375749423153213,0.1622138844413434,0.16221388444134227,0.16221388444134158,0.16221388444134227,0.1622138844413434,0.16221388444134227,0.16221388444134113,0.16221388444134022,0.16221388444134113,0.16221388444134227,0.16221388444134158,0.16221388444134022,0.16221388444133933,0.16221388444134022,0.16221388444134158,0.16221388444134227,0.16221388444134113,0.16221388444134022,0.16221388444134113,0.16221388444134227,0.1622138844413434,0.16221388444134227,0.16221388444134158,0.16221388444134227,0.1622138844413434,0.1607010675401553,0.16070106754015176,0.16070106754014954,0.16070106754015176,0.1607010675401553,0.16070106754015176,0.16070106754014774,0.1607010675401453,0.16070106754014774,0.16070106754015176,0.16070106754014954,0.1607010675401453,0.1607010675401424,0.1607010675401453,0.16070106754014954,0.16070106754015176,0.16070106754014774,0.1607010675401453,0.16070106754014774,0.16070106754015176,0.1607010675401553,0.16070106754015176,0.16070106754014954,0.16070106754015176,0.1607010675401553,0.15921845190295092,0.15921845190294004,0.15921845190293304,0.15921845190294004,0.15921845190295092,0.15921845190294004,0.15921845190292783,0.15921845190291956,0.15921845190292783,0.15921845190294004,0.15921845190293304,0.15921845190291956,0.15921845190291045,0.15921845190291956,0.15921845190293304,0.15921845190294004,0.15921845190292783,0.15921845190291956,0.15921845190292783,0.15921845190294004,0.15921845190295092,0.15921845190294004,0.15921845190293304,0.15921845190294004,0.15921845190295092,0.15776544667451142,0.15776544667448003,0.15776544667445913,0.15776544667448003,0.15776544667451142,0.15776544667448003,0.1577654466744421,0.1577654466744156,0.1577654466744421,0.15776544667448003,0.15776544667445913,0.1577654466744156,0.15776544667438466,0.1577654466744156,0.15776544667445913,0.15776544667448003,0.1577654466744421,0.1577654466744156,0.1577654466744421,0.15776544667448003,0.15776544667451142,0.15776544667448003,0.15776544667445913,0.15776544667448003,0.15776544667451142,0.15634146298375837,0.1563414629836695,0.1563414629836074,0.1563414629836695,0.15634146298375837,0.1563414629836695,0.15634146298355425,0.1563414629834679,0.15634146298355425,0.1563414629836695,0.1563414629836074,0.1563414629834679,0.15634146298335794,0.1563414629834679,0.1563414629836074,0.1563414629836695,0.15634146298355425,0.1563414629834679,0.15634146298355425,0.1563414629836695,0.15634146298375837,0.1563414629836695,0.1563414629836074,0.1563414629836695,0.15634146298375837,0.15494591503086233,0.15494591503062252,0.1549459150304426,0.15494591503062252,0.15494591503086233,0.15494591503062252,0.15494591503028007,0.15494591502999155,0.15494591503028007,0.15494591503062252,0.1549459150304426,0.15494591502999155,0.15494591502956773,0.15494591502999155,0.1549459150304426,0.15494591503062252,0.15494591503028007,0.15494591502999155,0.15494591503028007,0.15494591503062252,0.15494591503086233,0.15494591503062252,0.1549459150304426,0.15494591503062252,0.15494591503086233,0.15357822105686694,0.15357822105626887,0.15357822105577076,0.15357822105626887,0.15357822105686694,0.15357822105626887,0.15357822105529656,0.15357822105431707,0.15357822105529656,0.15357822105626887,0.15357822105577076,0.15357822105431707,0.15357822105250324,0.15357822105431707,0.15357822105577076,0.15357822105626887,0.15357822105529656,0.15357822105431707,0.15357822105529656,0.15357822105626887,0.15357822105686694,0.15357822105626887,0.15357822105577076,0.15357822105626887,0.15357822105686694,0.15223780420502833,0.15223780420373076,0.15223780420247865,0.15223780420373076,0.15223780420502833,0.15223780420373076,0.15223780420122776,0.15223780419796434,0.15223780420122776,0.15223780420373076,0.15223780420247865,0.15223780419796434,0.15223780418919458,0.15223780419796434,0.15223780420247865,0.15223780420373076,0.15223780420122776,0.15223780419796434,0.15223780420122776,0.15223780420373076,0.15223780420502833,0.15223780420373076,0.15223780420247865,0.15223780420373076,0.15223780420502833,0.15092409328240639,0.15092409328025533,0.1509240932777738,0.15092409328025533,0.15092409328240639,0.15092409328025533,0.15092409327521628,0.15092409326584055,0.15092409327521628,0.15092409328025533,0.1509240932777738,0.15092409326584055,0.15092409321786426,0.15092409326584055,0.1509240932777738,0.15092409328025533,0.15092409327521628,0.15092409326584055,0.15092409327521628,0.15092409328025533,0.15092409328240639,0.15092409328025533,0.1509240932777738,0.15092409328025533,0.15092409328240639,0.14963652342907563,0.14963652342716324,0.1496365234250892,0.14963652342716324,0.14963652342907563,0.14963652342716324,0.1496365234229671,0.1496365234160413,0.1496365234229671,0.14963652342716324,0.1496365234250892,0.1496365234160413,0.14963652338635253,0.1496365234160413,0.1496365234250892,0.14963652342716324,0.1496365234229671,0.1496365234160413,0.1496365234229671,0.14963652342716324,0.14963652342907563,0.14963652342716324,0.1496365234250892,0.14963652342716324,0.14963652342907563,0.14837453670098139,0.1483745366998605,0.14837453669875963,0.1483745366998605,0.14837453670098139,0.1483745366998605,0.14837453669765677,0.14837453669455639,0.14837453669765677,0.1483745366998605,0.14837453669875963,0.14837453669455639,0.1483745366836447,0.14837453669455639,0.14837453669875963,0.1483745366998605,0.14837453669765677,0.14837453669455639,0.14837453669765677,0.1483745366998605,0.14837453670098139,0.1483745366998605,0.14837453669875963,0.1483745366998605,0.14837453670098139,0.14713758257935677,0.14713758257897838,0.1471375825786743,0.14713758257897838,0.14713758257935677,0.14713758257897838,0.14713758257838927,0.1471375825778443,0.14713758257838927,0.14713758257897838,0.1471375825786743,0.1471375825778443,0.1471375825770586,0.1471375825778443,0.1471375825786743,0.14713758257897838,0.14713758257838927,0.1471375825778443,0.14713758257838927,0.14713758257897838,0.14713758257935677,0.14713758257897838,0.1471375825786743,0.14713758257897838,0.14713758257935677,0.1459251184097814,0.14592511840990535,0.14592511841010566,0.14592511840990535,0.1459251184097814,0.14592511840990535,0.14592511841032843,0.1459251184112825,0.14592511841032843,0.14592511840990535,0.14592511841010566,0.1459251184112825,0.14592511841637548,0.1459251184112825,0.14592511841010566,0.14592511840990535,0.14592511841032843,0.1459251184112825,0.14592511841032843,0.14592511840990535,0.1459251184097814,0.14592511840990535,0.14592511841010566,0.14592511840990535,0.1459251184097814,0.14473660977602698,0.14473660977639946,0.14473660977682537,0.14473660977639946,0.14473660977602698,0.14473660977639946,0.14473660977726768,0.1447366097787899,0.14473660977726768,0.14473660977639946,0.14473660977682537,0.1447366097787899,0.1447366097857522,0.1447366097787899,0.14473660977682537,0.14473660977639946,0.14473660977726768,0.1447366097787899,0.14473660977726768,0.14473660977639946,0.14473660977602698,0.14473660977639946,0.14473660977682537,0.14473660977639946,0.14473660977602698,0.14357153081486113,0.14357153081530313,0.14357153081576052,0.14357153081530313,0.14357153081486113,0.14357153081530313,0.14357153081622387,0.1435715308176479,0.14357153081622387,0.14357153081530313,0.14357153081576052,0.1435715308176479,0.14357153082337742,0.1435715308176479,0.14357153081576052,0.14357153081530313,0.14357153081622387,0.1435715308176479,0.14357153081622387,0.14357153081530313,0.14357153081486113,0.14357153081530313,0.14357153081576052,0.14357153081530313,0.14357153081486113,0.14242936447727578,0.14242936447773472,0.1424293644781867,0.14242936447773472,0.14242936447727578,0.14242936447773472,0.1424293644786364,0.14242936447995627,0.1424293644786364,0.14242936447773472,0.1424293644781867,0.14242936447995627,0.14242936448507307,0.14242936447995627,0.1424293644781867,0.14242936447773472,0.1424293644786364,0.14242936447995627,0.1424293644786364,0.14242936447773472,0.14242936447727578,0.14242936447773472,0.1424293644781867,0.14242936447773472,0.14242936447727578,0.14130960274110801,0.14130960274160834,0.1413096027420848,0.14130960274160834,0.14130960274110801,0.14130960274160834,0.1413096027425517,0.14130960274390014,0.1413096027425517,0.14130960274160834,0.1413096027420848,0.14130960274390014,0.14130960274917342,0.14130960274390014,0.1413096027420848,0.14130960274160834,0.1413096027425517,0.14130960274390014,0.1413096027425517,0.14130960274160834,0.14130960274110801,0.14130960274160834,0.1413096027420848,0.14130960274160834,0.14130960274110801,0.14021174677979306,0.14021174678041934,0.14021174678097986,0.14021174678041934,0.14021174677979306,0.14021174678041934,0.1402117467815191,0.14021174678295087,0.1402117467815191,0.14021174678041934,0.14021174678097986,0.14021174678295087,0.14021174678825946,0.14021174678295087,0.14021174678097986,0.14021174678041934,0.1402117467815191,0.14021174678295087,0.1402117467815191,0.14021174678041934,0.14021174677979306,0.14021174678041934,0.14021174678097986,0.14021174678041934,0.14021174677979306,0.1391353070913676,0.13913530709234803,0.13913530709318414,0.13913530709234803,0.1391353070913676,0.13913530709234803,0.13913530709398875,0.1391353070957057,0.13913530709398875,0.13913530709234803,0.13913530709318414,0.1391353070957057,0.13913530709913768,0.1391353070957057,0.13913530709318414,0.13913530709234803,0.13913530709398875,0.1391353070957057,0.13913530709398875,0.13913530709234803,0.1391353070913676,0.13913530709234803,0.13913530709318414,0.13913530709234803,0.1391353070913676,0.1380798035913791,0.13807980359319777,0.13807980359498212,0.13807980359319777,0.1380798035913791,0.13807980359319777,0.13807980359677566,0.13807980360154393,0.13807980359677566,0.13807980359319777,0.13807980359498212,0.13807980360154393,0.13807980361465144,0.13807980360154393,0.13807980359498212,0.13807980359319777,0.13807980359677566,0.13807980360154393,0.13807980359677566,0.13807980359319777,0.1380798035913791,0.13807980359319777,0.13807980359498212,0.13807980359319777,0.1380798035913791,0.13704476567319485,0.13704476567595952,0.1370447656792734,0.13704476567595952,0.13704476567319485,0.13704476567595952,0.13704476568270052,0.13704476569610544,0.13704476568270052,0.13704476567595952,0.1370447656792734,0.13704476569610544,0.13704476577003352,0.13704476569610544,0.1370447656792734,0.13704476567595952,0.13704476568270052,0.13704476569610544,0.13704476568270052,0.13704476567595952,0.13704476567319485,0.13704476567595952,0.1370447656792734,0.13704476567595952,0.13704476567319485,0.1360297322405223,0.13602973224242862,0.13602973224428572,0.13602973224242862,0.1360297322405223,0.13602973224242862,0.1360297322461451,0.13602973225109138,0.1360297322461451,0.13602973224242862,0.13602973224428572,0.13602973225109138,0.1360297322647722,0.13602973225109138,0.13602973224428572,0.13602973224242862,0.1360297322461451,0.13602973225109138,0.1360297322461451,0.13602973224242862,0.1360297322405223,0.13602973224242862,0.13602973224428572,0.13602973224242862,0.1360297322405223,0.13503425171702746,0.13503425171821637,0.13503425171919545,0.13503425171821637,0.13503425171702746,0.13503425171821637,0.13503425172012307,0.13503425172200823,0.1350342517201232,0.13503425171821637,0.13503425171919545,0.13503425172200823,0.13503425172542818,0.13503425172200823,0.13503425171919545,0.13503425171821637,0.1350342517201232,0.13503425172200823,0.1350342517201232,0.13503425171821637,0.13503425171702746,0.13503425171821637,0.13503425171919545,0.13503425171821637,0.13503425171702746
0.16533248795391262,0.16533248795391262,0.16533248795391237,0.16533248795391262,0.16533248795391262,0.16533248795391262,0.16533248795391237,0.16533248795391237,0.16533248795391237,0.16533248795391262,0.16533248795391237,0.16533248795391237,0.16533248795391217,0.16533248795391237,0.16533248795391237,0.16533248795391262,0.16533248795391237,0.16533248795391237,0.16533248795391237,0.16533248795391262,0.16533248795391262,0.16533248795391262,0.16533248795391237,0.16533248795391262,0.16533248795391262,0.16375749423176061,0.1637574942317604,0.16375749423176017,0.1637574942317604,0.16375749423176061,0.1637574942317604,0.16375749423175995,0.1637574942317597,0.16375749423175995,0.1637574942317604,0.16375749423176017,0.1637574942317597,0.16375749423175923,0.1637574942317597,0.16375749423176017,0.1637574942317604,0.16375749423175995,0.1637574942317597,0.16375749423175995,0.1637574942317604,0.16375749423176061,0.1637574942317604,0.16375749423176017,0.1637574942317604,0.16375749423176061,0.16221388444156734,0.1622138844415662,0.16221388444156531,0.1622138844415662,0.16221388444156734,0.1622138844415662,0.16221388444156484,0.16221388444156418,0.16221388444156484,0.1622138844415662,0.16221388444156531,0.16221388444156418,0.16221388444156326,0.16221388444156418,0.16221388444156531,0.1622138844415662,0.16221388444156484,0.16221388444156418,0.16221388444156484,0.1622138844415662,0.16221388444156734,0.1622138844415662,0.16221388444156531,0.1622138844415662,0.16221388444156734,0.1607010675403748,0.16070106754037125,0.16070106754036878,0.16070106754037125,0.1607010675403748,0.16070106754037125,0.16070106754036725,0.1607010675403646,0.16070106754036725,0.16070106754037125,0.16070106754036878,0.1607010675403646,0.1607010675403619,0.1607010675403646,0.16070106754036878,0.16070106754037125,0.16070106754036725,0.1607010675403646,0.16070106754036725,0.16070106754037125,0.1607010675403748,0.16070106754037125,0.16070106754036878,0.16070106754037125,0.1607010675403748,0.15921845190316558,0.15921845190315492,0.15921845190314796,0.15921845190315492,0.15921845190316558,0.15921845190315492,0.15921845190314274,0.15921845190313447,0.15921845190314274,0.15921845190315492,0.15921845190314796,0.15921845190313447,0.1592184519031253,0.15921845190313447,0.15921845190314796,0.15921845190315492,0.15921845190314274,0.15921845190313447,0.15921845190314274,0.15921845190315492,0.15921845190316558,0.15921845190315492,0.15921845190314796,0.15921845190315492,0.15921845190316558,0.15776544667472156,0.15776544667469042,0.15776544667466952,0.15776544667469042,0.15776544667472156,0.15776544667469042,0.15776544667465267,0.1577654466746262,0.15776544667465245,0.15776544667469042,0.15776544667466952,0.1577654466746262,0.1577654466745955,0.1577654466746262,0.15776544667466952,0.15776544667469042,0.15776544667465245,0.1577654466746262,0.15776544667465245,0.15776544667469042,0.15776544667472156,0.15776544667469042,0.15776544667466952,0.15776544667469042,0.15776544667472156,0.1563414629839639,0.15634146298387525,0.15634146298381335,0.15634146298387525,0.1563414629839639,0.15634146298387525,0.15634146298376045,0.15634146298367452,0.15634146298376045,0.15634146298387525,0.15634146298381335,0.15634146298367452,0.1563414629835647,0.15634146298367452,0.15634146298381335,0.15634146298387525,0.15634146298376045,0.15634146298367452,0.15634146298376045,0.15634146298387525,0.1563414629839639,0.15634146298387525,0.15634146298381335,0.15634146298387525,0.1563414629839639,0.15494591503106295,0.15494591503082378,0.15494591503064425,0.15494591503082378,0.15494591503106295,0.15494591503082378,0.15494591503048238,0.15494591503019484,0.15494591503048238,0.15494591503082378,0.15494591503064425,0.15494591503019484,0.15494591502977206,0.15494591503019484,0.15494591503064425,0.15494591503082378,0.15494591503048238,0.15494591503019484,0.15494591503048238,0.15494591503082378,0.15494591503106295,0.15494591503082378,0.15494591503064425,0.15494591503082378,0.15494591503106295,0.15357822105706076,0.15357822105646465,0.153578221055968,0.15357822105646465,0.15357822105706076,0.15357822105646465,0.1535782210554952,0.1535782210545187,0.1535782210554952,0.15357822105646465,0.153578221055968,0.1535782210545187,0.15357822105271052,0.1535782210545187,0.153578221055968,0.15357822105646465,0.1535782210554952,0.1535782210545187,0.1535782210554952,0.15357822105646465,0.15357822105706076,0.15357822105646465,0.153578221055968,0.15357822105646465,0.15357822105706076,0.15223780420521157,0.15223780420391816,0.1522378042026702,0.15223780420391816,0.15223780420521157,0.15223780420391816,0.15223780420142322,0.15223780419816965,0.15223780420142322,0.15223780420391816,0.1522378042026702,0.15223780419816965,0.15223780418942587,0.15223780419816965,0.1522378042026702,0.15223780420391816,0.15223780420142322,0.15223780419816965,0.15223780420142322,0.15223780420391816,0.15223780420521157,0.15223780420391816,0.1522378042026702,0.15223780420391816,0.15223780420521157,0.15092409328257037,0.15092409328042664,0.15092409327795323,0.15092409328042664,0.15092409328257037,0.15092409328042664,0.15092409327540396,0.1509240932660572,0.15092409327540396,0.15092409328042664,0.15092409327795323,0.1509240932660572,0.15092409321820166,0.1509240932660572,0.15092409327795323,0.15092409328042664,0.15092409327540396,0.1509240932660572,0.15092409327540396,0.15092409328042664,0.15092409328257037,0.15092409328042664,0.15092409327795323,0.15092409328042664,0.15092409328257037,0.14963652342920555,0.14963652342730033,0.1496365234252346,0.14963652342730033,0.14963652342920555,0.14963652342730033,0.1496365234231208,0.1496365234162238,0.1496365234231208,0.14963652342730033,0.1496365234252346,0.1496365234162238,0.14963652338668929,0.1496365234162238,0.1496365234252346,0.14963652342730033,0.1496365234231208,0.1496365234162238,0.1496365234231208,0.14963652342730033,0.14963652342920555,0.14963652342730033,0.1496365234252346,0.14963652342730033,0.14963652342920555,0.14837453670106143,0.1483745366999454,0.14837453669884937,0.1483745366999454,0.14837453670106143,0.1483745366999454,0.14837453669775164,0.14837453669466757,0.14837453669775164,0.1483745366999454,0.14837453669884937,0.14837453669466757,0.14837453668381,0.14837453669466757,0.14837453669884937,0.1483745366999454,0.14837453669775164,0.14837453669466757,0.14837453669775164,0.1483745366999454,0.14837453670106143,0.1483745366999454,0.14837453669884937,0.1483745366999454,0.14837453670106143,0.14713758257937656,0.1471375825789991,0.14713758257869572,0.1471375825789991,0.14713758257937656,0.1471375825789991,0.14713758257841142,0.14713758257786771,0.14713758257841142,0.1471375825789991,0.14713758257869572,0.14713758257786771,0.14713758257706136,0.14713758257786771,0.14713758257869572,0.1471375825789991,0.14713758257841142,0.14713758257786771,0.14713758257841142,0.1471375825789991,0.14713758257937656,0.1471375825789991,0.14713758257869572,0.1471375825789991,0.14713758257937656,0.14592511840973815,0.14592511840985978,0.1459251184100576,0.14592511840985978,0.14592511840973815,0.14592511840985978,0.14592511841027767,0.14592511841122302,0.14592511841027767,0.14592511840985978,0.1459251184100576,0.14592511841122302,0.14592511841624656,0.14592511841122302,0.1459251184100576,0.14592511840985978,0.14592511841027767,0.14592511841122302,0.14592511841027767,0.14592511840985978,0.14592511840973815,0.14592511840985978,0.1459251184100576,0.14592511840985978,0.14592511840973815,0.14473660977592434,0.14473660977629246,0.1447366097767133,0.14473660977629246,0.14473660977592434,0.14473660977629246,0.14473660977715055,0.14473660977865535,0.14473660977715055,0.14473660977629246,0.1447366097767133,0.14473660977865535,0.14473660978554118,0.14473660977865535,0.1447366097767133,0.14473660977629246,0.14473660977715055,0.14473660977865535,0.14473660977715055,0.14473660977629246,0.14473660977592434,0.14473660977629246,0.1447366097767133,0.14473660977629246,0.14473660977592434,0.14357153081470767,0.14357153081514468,0.1435715308155966,0.14357153081514468,0.14357153081470767,0.14357153081514468,0.14357153081605448,0.14357153081746019,0.14357153081605448,0.14357153081514468,0.1435715308155966,0.14357153081746019,0.14357153082312574,0.14357153081746019,0.1435715308155966,0.14357153081514468,0.14357153081605448,0.14357153081746019,0.14357153081605448,0.14357153081514468,0.14357153081470767,0.14357153081514468,0.1435715308155966,0.14357153081514468,0.14357153081470767,0.14242936447708066,0.14242936447753543,0.14242936447798335,0.14242936447753543,0.14242936447708066,0.14242936447753543,0.14242936447842908,0.14242936447973703,0.14242936447842908,0.14242936447753543,0.14242936447798335,0.14242936447973703,0.14242936448482293,0.14242936447973703,0.14242936447798335,0.14242936447753543,0.14242936447842908,0.14242936447973703,0.14242936447842908,0.14242936447753543,0.14242936447708066,0.14242936447753543,0.14242936447798335,0.14242936447753543,0.14242936447708066,0.14130960274087925,0.14130960274137627,0.14130960274184942,0.14130960274137627,0.14130960274087925,0.14130960274137627,0.14130960274231325,0.1413096027436523,0.14130960274231325,0.14130960274137627,0.14130960274184942,0.1413096027436523,0.14130960274889712,0.1413096027436523,0.14130960274184942,0.14130960274137627,0.14130960274231325,0.1413096027436523,0.14130960274231325,0.14130960274137627,0.14130960274087925,0.14130960274137627,0.14130960274184942,0.14130960274137627,0.14130960274087925,0.14021174677953682,0.14021174678016055,0.1402117467807185,0.14021174678016055,0.14021174677953682,0.14021174678016055,0.14021174678125514,0.14021174678267914,0.14021174678125514,0.14021174678016055,0.1402117467807185,0.14021174678267914,0.1402117467879505,0.14021174678267898,0.1402117467807185,0.14021174678016055,0.14021174678125514,0.14021174678267898,0.14021174678125514,0.14021174678016055,0.14021174677953682,0.14021174678016055,0.1402117467807185,0.14021174678016055,0.14021174677953682,0.13913530709108915,0.13913530709206706,0.13913530709290128,0.13913530709206706,0.13913530709108915,0.13913530709206706,0.13913530709370386,0.13913530709541636,0.13913530709370386,0.13913530709206706,0.13913530709290128,0.13913530709541636,0.13913530709883884,0.13913530709541636,0.13913530709290128,0.13913530709206706,0.13913530709370386,0.13913530709541636,0.13913530709370386,0.13913530709206706,0.13913530709108915,0.13913530709206706,0.13913530709290128,0.13913530709206706,0.13913530709108915,0.13807980359108282,0.13807980359289823,0.13807980359467978,0.13807980359289823,0.13807980359108282,0.13807980359289823,0.1380798035964702,0.13807980360123107,0.1380798035964702,0.13807980359289823,0.13807980359467978,0.13807980360123107,0.1380798036143181,0.13807980360123107,0.13807980359467978,0.13807980359289823,0.1380798035964702,0.13807980360123107,0.1380798035964702,0.13807980359289823,0.13807980359108282,0.13807980359289823,0.13807980359467978,0.13807980359289823,0.13807980359108282,0.13704476567288665,0.13704476567564694,0.13704476567895593,0.13704476567564694,0.13704476567288665,0.13704476567564694,0.13704476568237775,0.13704476569576274,0.13704476568237775,0.13704476567564694,0.13704476567895593,0.13704476569576274,0.13704476576958866,0.13704476569576274,0.13704476567895593,0.13704476567564694,0.13704476568237775,0.13704476569576274,0.13704476568237775,0.13704476567564694,0.13704476567288665,0.13704476567564694,0.13704476567895593,0.13704476567564694,0.13704476567288665,0.13602973224021064,0.13602973224211415,0.13602973224396844,0.13602973224211415,0.13602973224021064,0.13602973224211415,0.13602973224582496,0.1360297322507638,0.13602973224582496,0.13602973224211415,0.13602973224396844,0.1360297322507638,0.13602973226442433,0.1360297322507638,0.13602973224396844,0.13602973224211415,0.13602973224582496,0.1360297322507638,0.13602973224582496,0.13602973224211398,0.13602973224021064,0.13602973224211415,0.13602973224396844,0.13602973224211398,0.13602973224021064,0.13503425171671818,0.13503425171790534,0.13503425171888295,0.13503425171790534,0.13503425171671818,0.13503425171790534,0.13503425171980923,0.13503425172169148,0.13503425171980923,0.13503425171790534,0.13503425171888295,0.13503425172169148,0.13503425172510627,0.13503425172169148,0.13503425171888295,0.13503425171790534,0.13503425171980923,0.13503425172169148,0.13503425171980923,0.13503425171790534,0.13503425171671818,0.13503425171790534,0.13503425171888295,0.13503425171790534,0.13503425171671818
0.1653324879541427,0.16533248795414246,0.16533248795414246,0.16533248795414246,0.1653324879541427,0.16533248795414246,0.16533248795414246,0.16533248795414224,0.16533248795414246,0.16533248795414246,0.16533248795414246,0.16533248795414224,0.16533248795414224,0.16533248795414224,0.16533248795414246,0.16533248795414246,0.16533248795414246,0.16533248795414224,0.16533248795414246,0.16533248795414246,0.1653324879541427,0.16533248795414246,0.16533248795414246,0.16533248795414246,0.1653324879541427,0.16375749423198613,0.16375749423198568,0.16375749423198546,0.16375749423198568,0.16375749423198613,0.16375749423198568,0.16375749423198518,0.16375749423198496,0.16375749423198518,0.16375749423198568,0.16375749423198546,0.16375749423198496,0.16375749423198474,0.16375749423198496,0.16375749423198546,0.16375749423198568,0.16375749423198518,0.16375749423198496,0.16375749423198518,0.16375749423198568,0.16375749423198613,0.16375749423198568,0.16375749423198546,0.16375749423198568,0.16375749423198613,0.16221388444178816,0.16221388444178703,0.1622138844417863,0.16221388444178703,0.16221388444178816,0.16221388444178703,0.16221388444178586,0.16221388444178494,0.16221388444178586,0.16221388444178703,0.1622138844417863,0.16221388444178494,0.16221388444178406,0.16221388444178494,0.1622138844417863,0.16221388444178703,0.16221388444178586,0.16221388444178494,0.16221388444178586,0.16221388444178703,0.16221388444178816,0.16221388444178703,0.1622138844417863,0.16221388444178703,0.16221388444178816,0.16070106754059116,0.1607010675405876,0.16070106754058516,0.1607010675405876,0.16070106754059116,0.1607010675405876,0.1607010675405836,0.16070106754058094,0.1607010675405836,0.1607010675405876,0.16070106754058516,0.16070106754058094,0.16070106754057828,0.16070106754058094,0.16070106754058516,0.1607010675405876,0.1607010675405836,0.16070106754058094,0.1607010675405836,0.1607010675405876,0.16070106754059116,0.1607010675405876,0.16070106754058516,0.1607010675405876,0.16070106754059116,0.15921845190337766,0.15921845190336698,0.15921845190336,0.15921845190336698,0.15921845190337766,0.15921845190336698,0.15921845190335476,0.1592184519033465,0.15921845190335476,0.15921845190336698,0.15921845190336,0.1592184519033465,0.1592184519033374,0.1592184519033465,0.15921845190336,0.15921845190336698,0.15921845190335476,0.1592184519033465,0.15921845190335476,0.15921845190336698,0.15921845190337766,0.15921845190336698,0.15921845190336,0.15921845190336698,0.15921845190337766,0.1577654466749292,0.15776544667489803,0.15776544667487713,0.15776544667489803,0.1577654466749292,0.15776544667489803,0.15776544667486025,0.15776544667483403,0.15776544667486025,0.15776544667489803,0.15776544667487713,0.15776544667483403,0.15776544667480327,0.15776544667483403,0.15776544667487713,0.15776544667489803,0.15776544667486025,0.15776544667483403,0.15776544667486025,0.15776544667489803,0.1577654466749292,0.15776544667489803,0.15776544667487713,0.15776544667489803,0.1577654466749292,0.15634146298416696,0.1563414629840785,0.15634146298401683,0.1563414629840785,0.15634146298416696,0.1563414629840785,0.1563414629839639,0.1563414629838782,0.1563414629839639,0.1563414629840785,0.15634146298401683,0.1563414629838782,0.1563414629837688,0.1563414629838782,0.15634146298401683,0.1563414629840785,0.1563414629839639,0.1563414629838782,0.1563414629839639,0.1563414629840785,0.15634146298416696,0.1563414629840785,0.15634146298401683,0.1563414629840785,0.15634146298416696,0.15494591503126068,0.15494591503102234,0.15494591503084343,0.15494591503102234,0.15494591503126068,0.15494591503102234,0.15494591503068197,0.15494591503039526,0.15494591503068197,0.15494591503102234,0.15494591503084343,0.15494591503039526,0.1549459150299739,0.15494591503039526,0.15494591503084343,0.15494591503102234,0.15494591503068197,0.15494591503039526,0.15494591503068197,0.15494591503102234,0.15494591503126068,0.15494591503102234,0.15494591503084343,0.15494591503102234,0.15494591503126068,0.15357822105725216,0.15357822105665786,0.1535782210561626,0.15357822105665786,0.15357822105725216,0.15357822105665786,0.1535782210556914,0.15357822105471772,0.1535782210556914,0.15357822105665786,0.1535782210561626,0.15357822105471772,0.15357822105291477,0.15357822105471772,0.1535782210561626,0.15357822105665786,0.1535782210556914,0.15357822105471772,0.1535782210556914,0.15357822105665786,0.15357822105725216,0.15357822105665786,0.1535782210561626,0.15357822105665786,0.15357822105725216,0.15223780420539249,0.15223780420410338,0.15223780420285898,0.15223780420410338,0.15223780420539249,0.15223780420410338,0.15223780420161592,0.15223780419837218,0.15223780420161592,0.15223780420410338,0.15223780420285898,0.15223780419837218,0.152237804189654,0.15223780419837218,0.15223780420285898,0.15223780420410338,0.15223780420161592,0.15223780419837218,0.15223780420161592,0.15223780420410338,0.15223780420539249,0.15223780420410338,0.15223780420285898,0.15223780420410338,0.15223780420539249,0.15092409328273243,0.15092409328059583,0.15092409327813033,0.15092409328059583,0.15092409328273243,0.15092409328059583,0.15092409327558917,0.15092409326627093,0.15092409327558917,0.15092409328059583,0.15092409327813033,0.15092409326627093,0.1509240932185385,0.15092409326627093,0.15092409327813033,0.15092409328059583,0.15092409327558917,0.15092409326627093,0.15092409327558917,0.15092409328059583,0.15092409328273243,0.15092409328059583,0.15092409327813033,0.15092409328059583,0.15092409328273243,0.14963652342933373,0.14963652342743589,0.14963652342537812,0.14963652342743589,0.14963652342933373,0.14963652342743589,0.14963652342327266,0.14963652341640382,0.14963652342327266,0.14963652342743589,0.14963652342537812,0.14963652341640382,0.14963652338701053,0.14963652341640382,0.14963652342537812,0.14963652342743589,0.14963652342327266,0.14963652341640382,0.14963652342327266,0.14963652342743589,0.14963652342933373,0.14963652342743589,0.14963652342537812,0.14963652342743589,0.14963652342933373,0.1483745367011406,0.14837453670002898,0.14837453669893794,0.14837453670002898,0.1483745367011406,0.14837453670002898,0.14837453669784523,0.1483745366947773,0.14837453669784523,0.14837453670002898,0.14837453669893794,0.1483745366947773,0.1483745366839946,0.1483745366947773,0.14837453669893794,0.14837453670002898,0.14837453669784523,0.1483745366947773,0.14837453669784523,0.14837453670002898,0.1483745367011406,0.14837453670002898,0.14837453669893794,0.14837453670002898,0.1483745367011406,0.1471375825793962,0.1471375825790198,0.14713758257871717,0.1471375825790198,0.1471375825793962,0.1471375825790198,0.1471375825784336,0.14713758257789117,0.1471375825784336,0.1471375825790198,0.14713758257871717,0.14713758257789117,0.14713758257711312,0.14713758257789117,0.14713758257871717,0.1471375825790198,0.1471375825784336,0.14713758257789117,0.1471375825784336,0.1471375825790198,0.1471375825793962,0.1471375825790198,0.14713758257871717,0.1471375825790198,0.1471375825793962,0.1459251184096956,0.14592511840981506,0.1459251184100104,0.14592511840981506,0.1459251184096956,0.14592511840981506,0.145925118410228,0.14592511841116462,0.145925118410228,0.14592511840981506,0.1459251184100104,0.14592511841116462,0.1459251184161563,0.14592511841116462,0.1459251184100104,0.14592511840981506,0.145925118410228,0.14592511841116462,0.145925118410228,0.14592511840981506,0.1459251184096956,0.14592511840981506,0.1459251184100104,0.14592511840981506,0.1459251184096956,0.14473660977582328,0.14473660977618685,0.144736609776603,0.14473660977618685,0.14473660977582328,0.14473660977618685,0.14473660977703517,0.14473660977852285,0.14473660977703517,0.14473660977618685,0.144736609776603,0.14473660977852285,0.1447366097853518,0.14473660977852285,0.144736609776603,0.14473660977618685,0.14473660977703517,0.14473660977852285,0.14473660977703517,0.14473660977618685,0.14473660977582328,0.14473660977618685,0.144736609776603,0.14473660977618685,0.14473660977582328,0.14357153081455604,0.14357153081498827,0.1435715308154349,0.14357153081498827,0.14357153081455604,0.14357153081498827,0.1435715308158873,0.14357153081727503,0.1435715308158873,0.14357153081498827,0.1435715308154349,0.14357153081727503,0.14357153082285176,0.14357153081727503,0.1435715308154349,0.14357153081498827,0.1435715308158873,0.14357153081727503,0.1435715308158873,0.14357153081498827,0.14357153081455604,0.14357153081498827,0.1435715308154349,0.14357153081498827,0.14357153081455604,0.14242936447688825,0.142429364477339,0.1424293644777827,0.142429364477339,0.14242936447688825,0.142429364477339,0.1424293644782244,0.14242936447952062,0.1424293644782244,0.142429364477339,0.1424293644777827,0.14242936447952062,0.14242936448455404,0.14242936447952062,0.1424293644777827,0.142429364477339,0.1424293644782244,0.14242936447952062,0.1424293644782244,0.142429364477339,0.14242936447688825,0.142429364477339,0.1424293644777827,0.142429364477339,0.14242936447688825,0.14130960274065343,0.14130960274114734,0.14130960274161722,0.14130960274114734,0.14130960274065343,0.14130960274114734,0.14130960274207788,0.1413096027434076,0.14130960274207788,0.14130960274114734,0.14130960274161722,0.1413096027434076,0.14130960274860208,0.1413096027434076,0.14130960274161722,0.14130960274114734,0.14130960274207788,0.1413096027434076,0.14130960274207788,0.14130960274114734,0.14130960274065343,0.14130960274114734,0.14130960274161722,0.14130960274114734,0.14130960274065343,0.14021174677928397,0.1402117467799051,0.1402117467804603,0.1402117467799051,0.14021174677928397,0.1402117467799051,0.14021174678099438,0.1402117467824108,0.14021174678099438,0.1402117467799051,0.1402117467804603,0.1402117467824108,0.1402117467876485,0.1402117467824108,0.1402117467804603,0.1402117467799051,0.14021174678099438,0.1402117467824108,0.14021174678099438,0.1402117467799051,0.14021174677928397,0.1402117467799051,0.1402117467804603,0.1402117467799051,0.14021174677928397,0.13913530709081418,0.1391353070917899,0.13913530709262203,0.1391353070917899,0.13913530709081418,0.1391353070917899,0.13913530709342273,0.1391353070951308,0.13913530709342273,0.1391353070917899,0.13913530709262203,0.1391353070951308,0.13913530709854383,0.1391353070951308,0.13913530709262203,0.1391353070917899,0.13913530709342273,0.1391353070951308,0.13913530709342273,0.1391353070917899,0.13913530709081418,0.1391353070917899,0.13913530709262203,0.1391353070917899,0.13913530709081418,0.1380798035907901,0.13807980359260255,0.13807980359438118,0.13807980359260255,0.1380798035907901,0.13807980359260255,0.13807980359616867,0.1380798036009219,0.13807980359616867,0.13807980359260255,0.13807980359438118,0.1380798036009219,0.13807980361398894,0.1380798036009219,0.13807980359438118,0.13807980359260255,0.13807980359616867,0.1380798036009219,0.13807980359616867,0.13807980359260255,0.1380798035907901,0.13807980359260255,0.13807980359438118,0.13807980359260255,0.1380798035907901,0.13704476567258225,0.13704476567533844,0.13704476567864227,0.13704476567533844,0.13704476567258225,0.13704476567533844,0.13704476568205906,0.1370447656954243,0.13704476568205906,0.13704476567533844,0.13704476567864227,0.1370447656954243,0.13704476576913877,0.1370447656954243,0.13704476567864227,0.13704476567533844,0.13704476568205906,0.1370447656954243,0.13704476568205906,0.13704476567533844,0.13704476567258225,0.13704476567533844,0.13704476567864227,0.13704476567533844,0.13704476567258225,0.1360297322399029,0.1360297322418034,0.13602973224365517,0.1360297322418034,0.1360297322399029,0.1360297322418034,0.13602973224550888,0.1360297322504404,0.13602973224550888,0.1360297322418034,0.13602973224365517,0.1360297322504404,0.1360297322640808,0.1360297322504404,0.13602973224365517,0.1360297322418034,0.13602973224550888,0.1360297322504404,0.13602973224550888,0.1360297322418034,0.1360297322399029,0.1360297322418034,0.13602973224365517,0.1360297322418034,0.1360297322399029,0.1350342517164128,0.1350342517175981,0.13503425171857425,0.1350342517175981,0.1350342517164128,0.1350342517175981,0.13503425171949918,0.13503425172137865,0.13503425171949918,0.1350342517175981,0.13503425171857425,0.13503425172137865,0.13503425172478836,0.13503425172137865,0.13503425171857425,0.1350342517175981,0.13503425171949918,0.13503425172137865,0.13503425171949918,0.1350342517175981,0.1350342517164128,0.1350342517175981,0.13503425171857425,0.1350342517175981,0.1350342517164128
0.16533248795436997,0.16533248795436972,0.16533248795436972,0.16533248795436972,0.16533248795436997,0.16533248795436972,0.16533248795436947,0.16533248795436947,0.16533248795436947,0.16533248795436972,0.16533248795436972,0.16533248795436947,0.16533248795436925,0.16533248795436947,0.16533248795436972,0.16533248795436972,0.16533248795436947,0.16533248795436947,0.16533248795436947,0.16533248795436972,0.16533248795436997,0.16533248795436972,0.16533248795436972,0.16533248795436972,0.16533248795436997,0.16375749423220864,0.16375749423220837,0.16375749423220817,0.16375749423220837,0.16375749423220864,0.16375749423220837,0.16375749423220795,0.16375749423220773,0.16375749423220795,0.16375749423220837,0.16375749423220817,0.16375749423220773,0.16375749423220748,0.16375749423220773,0.16375749423220817,0.16375749423220837,0.16375749423220795,0.16375749423220773,0.16375749423220795,0.16375749423220837,0.16375749423220864,0.16375749423220837,0.16375749423220817,0.16375749423220837,0.16375749423220864,0.1622138844420064,0.16221388444200507,0.16221388444200438,0.16221388444200507,0.1622138844420064,0.16221388444200507,0.16221388444200394,0.16221388444200302,0.16221388444200394,0.16221388444200507,0.16221388444200438,0.16221388444200302,0.16221388444200235,0.16221388444200302,0.16221388444200438,0.16221388444200507,0.16221388444200394,0.16221388444200302,0.16221388444200394,0.16221388444200507,0.1622138844420064,0.16221388444200507,0.16221388444200438,0.16221388444200507,0.1622138844420064,0.16070106754080488,0.1607010675408013,0.16070106754079888,0.1607010675408013,0.16070106754080488,0.1607010675408013,0.16070106754079733,0.16070106754079466,0.16070106754079733,0.1607010675408013,0.16070106754079888,0.16070106754079466,0.160701067540792,0.16070106754079466,0.16070106754079888,0.1607010675408013,0.16070106754079733,0.16070106754079466,0.16070106754079733,0.1607010675408013,0.16070106754080488,0.1607010675408013,0.16070106754079888,0.1607010675408013,0.16070106754080488,0.15921845190358688,0.1592184519035762,0.15921845190356945,0.1592184519035762,0.15921845190358688,0.1592184519035762,0.159218451903564,0.15921845190355596,0.159218451903564,0.1592184519035762,0.15921845190356945,0.15921845190355596,0.1592184519035468,0.15921845190355596,0.15921845190356945,0.1592184519035762,0.159218451903564,0.15921845190355596,0.159218451903564,0.1592184519035762,0.15921845190358688,0.1592184519035762,0.15921845190356945,0.1592184519035762,0.15921845190358688,0.15776544667513404,0.15776544667510287,0.15776544667508216,0.1577654466751031,0.15776544667513404,0.15776544667510287,0.1577654466750653,0.15776544667503928,0.1577654466750653,0.15776544667510287,0.15776544667508216,0.15776544667503928,0.15776544667500855,0.15776544667503928,0.15776544667508216,0.1577654466751031,0.1577654466750653,0.15776544667503928,0.1577654466750653,0.15776544667510287,0.15776544667513404,0.15776544667510287,0.15776544667508216,0.15776544667510287,0.15776544667513404,0.15634146298436727,0.15634146298427923,0.15634146298421756,0.15634146298427923,0.15634146298436727,0.15634146298427923,0.15634146298416507,0.15634146298407955,0.15634146298416507,0.15634146298427923,0.15634146298421756,0.15634146298407955,0.1563414629839704,0.15634146298407955,0.15634146298421756,0.15634146298427923,0.15634146298416507,0.15634146298407955,0.15634146298416507,0.15634146298427923,0.15634146298436727,0.15634146298427923,0.15634146298421756,0.15634146298427923,0.15634146298436727,0.1549459150314562,0.15494591503121846,0.15494591503104016,0.15494591503121846,0.1549459150314562,0.15494591503121846,0.1549459150308791,0.15494591503059324,0.1549459150308791,0.15494591503121846,0.15494591503104016,0.15494591503059324,0.1549459150301731,0.15494591503059324,0.15494591503104016,0.15494591503121846,0.1549459150308791,0.15494591503059324,0.1549459150308791,0.15494591503121846,0.1549459150314562,0.15494591503121846,0.15494591503104016,0.15494591503121846,0.1549459150314562,0.15357822105744096,0.15357822105684846,0.15357822105635482,0.15357822105684846,0.15357822105744096,0.15357822105684846,0.15357822105588503,0.15357822105491437,0.15357822105588503,0.15357822105684846,0.15357822105635482,0.15357822105491437,0.1535782210531166,0.15357822105491437,0.15357822105635482,0.15357822105684846,0.15357822105588503,0.15357822105491437,0.15357822105588503,0.15357822105684846,0.15357822105744096,0.15357822105684846,0.15357822105635482,0.15357822105684846,0.15357822105744096,0.15223780420557123,0.15223780420428604,0.15223780420304556,0.15223780420428604,0.15223780420557123,0.15223780420428604,0.15223780420180627,0.1522378041985722,0.15223780420180627,0.15223780420428604,0.15223780420304556,0.1522378041985722,0.15223780418987917,0.1522378041985722,0.15223780420304556,0.15223780420428604,0.15223780420180627,0.1522378041985722,0.15223780420180627,0.15223780420428604,0.15223780420557123,0.15223780420428604,0.15223780420304556,0.15223780420428604,0.15223780420557123,0.15092409328289236,0.1509240932807629,0.15092409327830508,0.1509240932807629,0.15092409328289236,0.1509240932807629,0.15092409327577205,0.1509240932664822,0.15092409327577205,0.1509240932807629,0.15092409327830508,0.1509240932664822,0.15092409321892394,0.1509240932664822,0.15092409327830508,0.1509240932807629,0.15092409327577205,0.1509240932664822,0.15092409327577205,0.1509240932807629,0.15092409328289236,0.1509240932807629,0.15092409327830508,0.1509240932807629,0.15092409328289236,0.1496365234294604,0.14963652342756958,0.14963652342551972,0.14963652342756958,0.1496365234294604,0.14963652342756958,0.1496365234234226,0.14963652341658135,0.1496365234234226,0.14963652342756958,0.14963652342551972,0.14963652341658135,0.14963652338730854,0.14963652341658135,0.14963652342551972,0.14963652342756958,0.1496365234234226,0.14963652341658135,0.1496365234234226,0.14963652342756958,0.1496365234294604,0.14963652342756958,0.14963652342551972,0.14963652342756958,0.1496365234294604,0.1483745367012186,0.14837453670011164,0.1483745366990254,0.14837453670011164,0.1483745367012186,0.14837453670011164,0.14837453669793774,0.1483745366948857,0.14837453669793774,0.14837453670011164,0.1483745366990254,0.1483745366948857,0.1483745366841638,0.1483745366948857,0.1483745366990254,0.14837453670011164,0.14837453669793774,0.1483745366948857,0.14837453669793774,0.14837453670011164,0.1483745367012186,0.14837453670011164,0.1483745366990254,0.14837453670011164,0.1483745367012186,0.14713758257941584,0.14713758257904014,0.1471375825787384,0.14713758257904014,0.14713758257941584,0.14713758257904014,0.14713758257845558,0.1471375825779146,0.14713758257845558,0.14713758257904014,0.1471375825787384,0.1471375825779146,0.14713758257714254,0.1471375825779146,0.1471375825787384,0.14713758257904014,0.14713758257845558,0.1471375825779146,0.14713758257845558,0.14713758257904014,0.14713758257941584,0.14713758257904014,0.1471375825787384,0.14713758257904014,0.14713758257941584,0.14592511840965372,0.1459251184097709,0.14592511840996392,0.1459251184097709,0.14592511840965372,0.1459251184097709,0.14592511841017902,0.14592511841110728,0.14592511841017902,0.1459251184097709,0.14592511840996392,0.14592511841110728,0.14592511841607597,0.14592511841110728,0.14592511840996392,0.1459251184097709,0.14592511841017902,0.14592511841110728,0.14592511841017902,0.1459251184097709,0.14592511840965372,0.1459251184097709,0.14592511840996392,0.1459251184097709,0.14592511840965372,0.14473660977572342,0.14473660977608283,0.14473660977649405,0.14473660977608283,0.14473660977572342,0.14473660977608283,0.14473660977692138,0.14473660977839214,0.14473660977692138,0.14473660977608283,0.14473660977649405,0.14473660977839214,0.14473660978511962,0.14473660977839214,0.14473660977649405,0.14473660977608283,0.14473660977692138,0.14473660977839214,0.14473660977692138,0.14473660977608283,0.14473660977572342,0.14473660977608283,0.14473660977649405,0.14473660977608283,0.14473660977572342,0.1435715308144065,0.14357153081483393,0.14357153081527524,0.14357153081483393,0.1435715308144065,0.14357153081483393,0.14357153081572233,0.14357153081709245,0.14357153081572233,0.14357153081483393,0.14357153081527524,0.14357153081709245,0.14357153082257954,0.14357153081709245,0.14357153081527524,0.14357153081483393,0.14357153081572233,0.14357153081709245,0.14357153081572233,0.14357153081483393,0.1435715308144065,0.14357153081483393,0.14357153081527524,0.14357153081483393,0.1435715308144065,0.14242936447669818,0.14242936447714494,0.14242936447758478,0.14242936447714494,0.14242936447669818,0.14242936447714494,0.14242936447802226,0.1424293644793071,0.14242936447802226,0.14242936447714494,0.14242936447758478,0.1424293644793071,0.14242936448431046,0.1424293644793071,0.14242936447758478,0.14242936447714494,0.14242936447802226,0.1424293644793071,0.14242936447802226,0.14242936447714494,0.14242936447669818,0.14242936447714494,0.14242936447758478,0.14242936447714494,0.14242936447669818,0.14130960274043058,0.14130960274092116,0.14130960274138812,0.14130960274092116,0.14130960274043058,0.14130960274092116,0.1413096027418455,0.14130960274316615,0.1413096027418455,0.14130960274092116,0.14130960274138812,0.14130960274316615,0.1413096027483187,0.14130960274316615,0.14130960274138812,0.14130960274092116,0.1413096027418455,0.14130960274316615,0.1413096027418455,0.14130960274092116,0.14130960274043058,0.14130960274092116,0.14130960274138812,0.14130960274092116,0.14130960274043058,0.14021174677903434,0.14021174677965276,0.14021174678020554,0.14021174677965276,0.14021174677903434,0.14021174677965276,0.1402117467807372,0.14021174678214604,0.1402117467807372,0.14021174677965276,0.14021174678020554,0.14021174678214604,0.14021174678738288,0.14021174678214604,0.14021174678020554,0.14021174677965276,0.1402117467807372,0.14021174678214604,0.1402117467807372,0.14021174677965276,0.14021174677903434,0.14021174677965276,0.14021174678020554,0.14021174677965276,0.14021174677903434,0.13913530709054273,0.13913530709151606,0.13913530709234628,0.13913530709151606,0.13913530709054273,0.13913530709151606,0.13913530709314492,0.13913530709484875,0.13913530709314492,0.13913530709151606,0.13913530709234628,0.13913530709484875,0.13913530709825242,0.13913530709484875,0.13913530709234628,0.13913530709151606,0.13913530709314492,0.13913530709484875,0.13913530709314492,0.13913530709151606,0.13913530709054273,0.13913530709151606,0.13913530709234628,0.13913530709151606,0.13913530709054273,0.1380798035905013,0.1380798035923106,0.13807980359408628,0.1380798035923106,0.1380798035905013,0.1380798035923106,0.13807980359587096,0.1380798036006168,0.13807980359587096,0.1380798035923106,0.13807980359408628,0.1380798036006168,0.13807980361366384,0.1380798036006168,0.13807980359408628,0.1380798035923106,0.13807980359587096,0.1380798036006168,0.13807980359587096,0.1380798035923106,0.1380798035905013,0.1380798035923106,0.13807980359408628,0.1380798035923106,0.1380798035905013,0.13704476567228185,0.13704476567503376,0.13704476567833274,0.13704476567503376,0.13704476567228185,0.13704476567503376,0.13704476568174448,0.13704476569508997,0.13704476568174448,0.13704476567503376,0.13704476567833274,0.13704476569508997,0.13704476576869695,0.13704476569508997,0.13704476567833274,0.13704476567503376,0.13704476568174448,0.13704476569508997,0.13704476568174448,0.13704476567503376,0.13704476567228185,0.13704476567503376,0.13704476567833274,0.13704476567503376,0.13704476567228185,0.13602973223959916,0.13602973224149684,0.13602973224334575,0.13602973224149684,0.13602973223959916,0.13602973224149684,0.13602973224519677,0.13602973225012116,0.13602973224519677,0.13602973224149684,0.13602973224334575,0.13602973225012116,0.13602973226374157,0.13602973225012116,0.13602973224334575,0.13602973224149684,0.13602973224519677,0.13602973225012116,0.13602973224519677,0.13602973224149684,0.13602973223959916,0.13602973224149684,0.13602973224334575,0.13602973224149684,0.13602973223959916,0.13503425171611128,0.13503425171729477,0.1350342517182696,0.13503425171729477,0.13503425171611128,0.13503425171729477,0.1350342517191931,0.13503425172106995,0.1350342517191931,0.13503425171729477,0.1350342517182696,0.13503425172106995,0.1350342517244747,0.13503425172106995,0.1350342517182696,0.13503425171729477,0.1350342517191931,0.13503425172106995,0.1350342517191931,0.13503425171729477,0.13503425171611128,0.13503425171729477,0.1350342517182696,0.13503425171729477,0.13503425171611128
0.16533248795459415,0.16533248795459415,0.1653324879545939,0.16533248795459415,0.16533248795459415,0.16533248795459415,0.1653324879545939,0.16533248795459368,0.1653324879545939,0.16533248795459415,0.1653324879545939,0.16533248795459368,0.16533248795459368,0.16533248795459368,0.1653324879545939,0.16533248795459415,0.1653324879545939,0.16533248795459368,0.1653324879545939,0.16533248795459415,0.16533248795459415,0.16533248795459415,0.1653324879545939,0.16533248795459415,0.16533248795459415,0.16375749423242858,0.16375749423242814,0.1637574942324279,0.16375749423242814,0.16375749423242858,0.16375749423242814,0.16375749423242766,0.16375749423242744,0.16375749423242766,0.16375749423242814,0.1637574942324279,0.16375749423242744,0.1637574942324272,0.16375749423242744,0.1637574942324279,0.16375749423242814,0.16375749423242766,0.16375749423242744,0.16375749423242766,0.16375749423242814,0.16375749423242858,0.16375749423242814,0.1637574942324279,0.16375749423242814,0.16375749423242858,0.16221388444222176,0.16221388444222065,0.16221388444221974,0.16221388444222065,0.16221388444222176,0.16221388444222065,0.1622138844422193,0.1622138844422186,0.1622138844422193,0.16221388444222065,0.16221388444221974,0.1622138844422186,0.16221388444221768,0.1622138844422186,0.16221388444221999,0.16221388444222065,0.1622138844422193,0.1622138844422186,0.1622138844422193,0.16221388444222065,0.16221388444222176,0.16221388444222065,0.16221388444221999,0.16221388444222065,0.16221388444222176,0.16070106754101593,0.16070106754101235,0.1607010675410099,0.16070106754101235,0.16070106754101593,0.16070106754101235,0.16070106754100835,0.16070106754100594,0.16070106754100835,0.16070106754101235,0.1607010675410099,0.16070106754100594,0.16070106754100302,0.16070106754100594,0.1607010675410099,0.16070106754101235,0.16070106754100835,0.16070106754100594,0.16070106754100835,0.16070106754101235,0.16070106754101593,0.16070106754101235,0.1607010675410099,0.16070106754101235,0.16070106754101593,0.1592184519037937,0.15921845190378303,0.15921845190377606,0.15921845190378303,0.1592184519037937,0.15921845190378303,0.15921845190377085,0.1592184519037628,0.15921845190377085,0.15921845190378303,0.15921845190377606,0.1592184519037628,0.15921845190375364,0.1592184519037628,0.15921845190377606,0.15921845190378303,0.15921845190377085,0.1592184519037628,0.15921845190377085,0.15921845190378303,0.1592184519037937,0.15921845190378303,0.15921845190377606,0.15921845190378303,0.1592184519037937,0.15776544667533648,0.15776544667530537,0.15776544667528486,0.15776544667530537,0.15776544667533648,0.15776544667530537,0.157765446675268,0.15776544667524198,0.157765446675268,0.15776544667530537,0.15776544667528486,0.15776544667524198,0.15776544667521145,0.15776544667524198,0.15776544667528486,0.15776544667530537,0.157765446675268,0.15776544667524198,0.157765446675268,0.15776544667530537,0.15776544667533648,0.15776544667530537,0.15776544667528486,0.15776544667530537,0.15776544667533648,0.15634146298456508,0.1563414629844775,0.156341462984416,0.1563414629844775,0.15634146298456508,0.1563414629844775,0.1563414629843635,0.1563414629842782,0.1563414629843635,0.1563414629844775,0.156341462984416,0.1563414629842782,0.15634146298416948,0.1563414629842782,0.156341462984416,0.1563414629844775,0.1563414629843635,0.1563414629842782,0.1563414629843635,0.1563414629844775,0.15634146298456508,0.1563414629844775,0.156341462984416,0.1563414629844775,0.15634146298456508,0.15494591503164903,0.1549459150314121,0.15494591503123423,0.1549459150314121,0.15494591503164903,0.1549459150314121,0.15494591503107377,0.15494591503078872,0.15494591503107377,0.1549459150314121,0.15494591503123423,0.15494591503078872,0.15494591503036984,0.15494591503078872,0.15494591503123423,0.1549459150314121,0.15494591503107377,0.15494591503078872,0.15494591503107377,0.1549459150314121,0.15494591503164903,0.1549459150314121,0.15494591503123423,0.1549459150314121,0.15494591503164903,0.15357822105762756,0.15357822105703686,0.1535782210565448,0.15357822105703686,0.15357822105762756,0.15357822105703686,0.15357822105607644,0.15357822105510857,0.15357822105607644,0.15357822105703686,0.1535782210565448,0.15357822105510857,0.15357822105331603,0.15357822105510857,0.1535782210565448,0.15357822105703686,0.15357822105607644,0.15357822105510857,0.15357822105607644,0.15357822105703686,0.15357822105762756,0.15357822105703686,0.1535782210565448,0.15357822105703686,0.15357822105762756,0.1522378042057476,0.15223780420446636,0.1522378042032298,0.15223780420446636,0.1522378042057476,0.15223780420446636,0.15223780420199426,0.15223780419876984,0.15223780420199426,0.15223780420446636,0.1522378042032298,0.15223780419876984,0.1522378041901018,0.15223780419876984,0.1522378042032298,0.15223780420446636,0.15223780420199426,0.15223780419876984,0.15223780420199426,0.15223780420446636,0.1522378042057476,0.15223780420446636,0.1522378042032298,0.15223780420446636,0.1522378042057476,0.15092409328305054,0.15092409328092785,0.15092409327847778,0.15092409328092785,0.15092409328305054,0.15092409328092785,0.15092409327595263,0.15092409326669073,0.15092409327595263,0.15092409328092785,0.15092409327847778,0.15092409326669073,0.1509240932192419,0.15092409326669073,0.15092409327847778,0.15092409328092785,0.15092409327595263,0.15092409326669073,0.15092409327595263,0.15092409328092785,0.15092409328305054,0.15092409328092785,0.15092409327847778,0.15092409328092785,0.15092409328305054,0.1496365234295856,0.14963652342770195,0.14963652342565983,0.14963652342770195,0.1496365234295856,0.14963652342770195,0.14963652342357064,0.14963652341675665,0.14963652342357064,0.14963652342770195,0.14963652342565983,0.14963652341675665,0.1496365233875795,0.14963652341675665,0.14963652342565983,0.14963652342770195,0.14963652342357064,0.14963652341675665,0.14963652342357064,0.14963652342770195,0.1496365234295856,0.14963652342770195,0.14963652342565983,0.14963652342770195,0.1496365234295856,0.1483745367012959,0.14837453670019354,0.14837453669911216,0.14837453670019354,0.1483745367012959,0.14837453670019354,0.14837453669802925,0.14837453669499281,0.14837453669802925,0.14837453670019354,0.14837453669911216,0.14837453669499281,0.14837453668434042,0.14837453669499281,0.14837453669911216,0.14837453670019354,0.14837453669802925,0.14837453669499281,0.14837453669802925,0.14837453670019354,0.1483745367012959,0.14837453670019354,0.14837453669911216,0.14837453670019354,0.1483745367012959,0.14713758257943527,0.14713758257906068,0.14713758257875967,0.14713758257906068,0.14713758257943527,0.14713758257906068,0.14713758257847756,0.14713758257793785,0.14713758257847756,0.14713758257906068,0.14713758257875967,0.14713758257793785,0.147137582577156,0.14713758257793785,0.14713758257875967,0.14713758257906068,0.14713758257847756,0.14713758257793785,0.14713758257847756,0.14713758257906068,0.14713758257943527,0.14713758257906068,0.14713758257875967,0.14713758257906068,0.14713758257943527,0.14592511840961245,0.14592511840972763,0.14592511840991818,0.14592511840972763,0.14592511840961245,0.14592511840972763,0.14592511841013078,0.14592511841105082,0.14592511841013078,0.14592511840972763,0.14592511840991818,0.14592511841105082,0.1459251184159841,0.14592511841105082,0.14592511840991818,0.14592511840972763,0.14592511841013078,0.14592511841105082,0.14592511841013078,0.14592511840972763,0.14592511840961245,0.14592511840972763,0.14592511840991818,0.14592511840972763,0.14592511840961245,0.14473660977562516,0.14473660977598019,0.14473660977638672,0.14473660977598019,0.14473660977562516,0.14473660977598019,0.14473660977680913,0.14473660977826314,0.14473660977680913,0.14473660977598019,0.14473660977638672,0.14473660977826314,0.14473660978490038,0.14473660977826314,0.14473660977638672,0.14473660977598019,0.14473660977680913,0.14473660977826314,0.14473660977680913,0.14473660977598019,0.14473660977562516,0.14473660977598019,0.14473660977638672,0.14473660977598019,0.14473660977562516,0.14357153081425916,0.14357153081468163,0.14357153081511798,0.14357153081468163,0.14357153081425916,0.14357153081468163,0.1435715308155598,0.14357153081691226,0.1435715308155598,0.14357153081468163,0.14357153081511798,0.14357153081691226,0.14357153082234578,0.14357153081691226,0.14357153081511798,0.14357153081468163,0.1435715308155598,0.14357153081691226,0.1435715308155598,0.14357153081468163,0.14357153081425916,0.14357153081468163,0.14357153081511798,0.14357153081468163,0.14357153081425916,0.14242936447651067,0.1424293644769535,0.14242936447738933,0.1424293644769535,0.14242936447651067,0.1424293644769535,0.14242936447782298,0.14242936447909638,0.14242936447782298,0.1424293644769535,0.14242936447738933,0.14242936447909638,0.14242936448403987,0.14242936447909638,0.14242936447738933,0.1424293644769535,0.14242936447782298,0.14242936447909638,0.14242936447782298,0.1424293644769535,0.14242936447651067,0.1424293644769535,0.14242936447738933,0.1424293644769535,0.14242936447651067,0.1413096027402107,0.141309602740698,0.1413096027411618,0.141309602740698,0.1413096027402107,0.141309602740698,0.14130960274161625,0.14130960274292767,0.14130960274161625,0.141309602740698,0.1413096027411618,0.14130960274292767,0.14130960274805965,0.14130960274292767,0.1413096027411618,0.141309602740698,0.14130960274161625,0.14130960274292767,0.14130960274161625,0.141309602740698,0.1413096027402107,0.141309602740698,0.1413096027411618,0.141309602740698,0.1413096027402107,0.14021174677878795,0.14021174677940376,0.140211746779954,0.14021174677940376,0.14021174677878795,0.14021174677940376,0.14021174678048304,0.1402117467818845,0.14021174678048304,0.14021174677940376,0.140211746779954,0.1402117467818845,0.14021174678706877,0.1402117467818845,0.140211746779954,0.14021174677940376,0.14021174678048304,0.1402117467818845,0.14021174678048304,0.14021174677940376,0.14021174677878795,0.14021174677940376,0.140211746779954,0.14021174677940376,0.14021174677878795,0.13913530709027472,0.13913530709124583,0.13913530709207403,0.13913530709124583,0.13913530709027472,0.13913530709124583,0.13913530709287075,0.13913530709457028,0.13913530709287075,0.13913530709124583,0.13913530709207403,0.13913530709457028,0.13913530709796482,0.13913530709457028,0.13913530709207403,0.13913530709124583,0.13913530709287075,0.13913530709457028,0.13913530709287075,0.13913530709124583,0.13913530709027472,0.13913530709124583,0.13913530709207403,0.13913530709124583,0.13913530709027472,0.138079803590216,0.13807980359202238,0.13807980359379513,0.13807980359202238,0.138079803590216,0.13807980359202238,0.13807980359557703,0.1380798036003154,0.13807980359557703,0.13807980359202238,0.13807980359379513,0.1380798036003154,0.13807980361334274,0.1380798036003154,0.13807980359379513,0.13807980359202238,0.13807980359557703,0.1380798036003154,0.13807980359557703,0.13807980359202238,0.138079803590216,0.13807980359202238,0.13807980359379513,0.13807980359202238,0.138079803590216,0.13704476567198506,0.13704476567473287,0.13704476567802695,0.13704476567473287,0.13704476567198506,0.13704476567473287,0.13704476568143373,0.1370447656947599,0.13704476568143373,0.13704476567473287,0.13704476567802695,0.1370447656947599,0.13704476576826835,0.1370447656947599,0.13704476567802695,0.13704476567473287,0.13704476568143373,0.1370447656947599,0.13704476568143373,0.13704476567473287,0.13704476567198506,0.13704476567473287,0.13704476567802695,0.13704476567473287,0.13704476567198506,0.13602973223929904,0.136029732241194,0.13602973224304027,0.136029732241194,0.13602973223929904,0.136029732241194,0.13602973224488843,0.13602973224980563,0.13602973224488843,0.136029732241194,0.13602973224304027,0.13602973224980563,0.13602973226340653,0.13602973224980563,0.1360297322430401,0.136029732241194,0.13602973224488843,0.13602973224980563,0.13602973224488843,0.136029732241194,0.13602973223929904,0.136029732241194,0.1360297322430401,0.136029732241194,0.13602973223929904,0.1350342517158134,0.1350342517169953,0.1350342517179685,0.1350342517169953,0.1350342517158134,0.1350342517169953,0.13503425171889086,0.13503425172076491,0.13503425171889086,0.1350342517169953,0.1350342517179685,0.13503425172076491,0.13503425172416464,0.13503425172076491,0.13503425171796868,0.1350342517169953,0.13503425171889086,0.13503425172076491,0.13503425171889086,0.1350342517169953,0.1350342517158134,0.1350342517169953,0.13503425171796868,0.1350342517169953,0.1350342517158134
0.16533248795481575,0.16533248795481553,0.16533248795481553,0.16533248795481553,0.16533248795481575,0.16533248795481553,0.16533248795481528,0.16533248795481528,0.16533248795481528,0.16533248795481553,0.16533248795481553,0.16533248795481528,0.16533248795481506,0.16533248795481528,0.16533248795481553,0.16533248795481553,0.16533248795481528,0.16533248795481528,0.16533248795481528,0.16533248795481553,0.16533248795481575,0.16533248795481553,0.16533248795481553,0.16533248795481553,0.16533248795481575,0.16375749423264555,0.16375749423264507,0.16375749423264482,0.16375749423264507,0.16375749423264555,0.16375749423264507,0.16375749423264482,0.16375749423264463,0.16375749423264482,0.16375749423264507,0.16375749423264482,0.16375749423264463,0.16375749423264416,0.16375749423264463,0.16375749423264482,0.16375749423264507,0.16375749423264482,0.16375749423264463,0.16375749423264482,0.16375749423264507,0.16375749423264555,0.16375749423264507,0.16375749423264482,0.16375749423264507,0.16375749423264555,0.1622138844424344,0.16221388444243326,0.16221388444243234,0.16221388444243326,0.1622138844424344,0.16221388444243326,0.1622138844424319,0.16221388444243123,0.1622138844424319,0.16221388444243326,0.16221388444243234,0.16221388444243123,0.16221388444243032,0.16221388444243123,0.16221388444243257,0.16221388444243326,0.1622138844424319,0.16221388444243123,0.1622138844424319,0.16221388444243326,0.1622138844424344,0.16221388444243326,0.16221388444243257,0.16221388444243326,0.1622138844424344,0.16070106754122407,0.16070106754122054,0.1607010675412183,0.16070106754122054,0.16070106754122407,0.16070106754122054,0.16070106754121677,0.1607010675412141,0.16070106754121677,0.16070106754122054,0.1607010675412183,0.1607010675412141,0.1607010675412114,0.1607010675412141,0.1607010675412183,0.16070106754122054,0.16070106754121677,0.1607010675412141,0.16070106754121677,0.16070106754122054,0.16070106754122407,0.16070106754122054,0.1607010675412183,0.16070106754122054,0.16070106754122407,0.1592184519039977,0.15921845190398703,0.1592184519039803,0.15921845190398703,0.1592184519039977,0.15921845190398703,0.15921845190397485,0.15921845190396677,0.15921845190397485,0.15921845190398703,0.1592184519039803,0.15921845190396677,0.15921845190395786,0.15921845190396677,0.1592184519039803,0.15921845190398703,0.15921845190397485,0.15921845190396677,0.15921845190397485,0.15921845190398703,0.1592184519039977,0.15921845190398703,0.1592184519039803,0.15921845190398703,0.1592184519039977,0.15776544667553621,0.1577654466755053,0.1577654466754846,0.1577654466755053,0.15776544667553621,0.1577654466755053,0.15776544667546794,0.1577654466754419,0.15776544667546794,0.1577654466755053,0.1577654466754846,0.1577654466754419,0.1577654466754114,0.1577654466754419,0.1577654466754846,0.1577654466755053,0.15776544667546794,0.1577654466754419,0.15776544667546794,0.1577654466755053,0.15776544667553621,0.1577654466755053,0.1577654466754846,0.1577654466755053,0.15776544667553621,0.1563414629847604,0.156341462984673,0.15634146298461174,0.156341462984673,0.1563414629847604,0.156341462984673,0.15634146298455945,0.15634146298447452,0.15634146298455945,0.156341462984673,0.15634146298461174,0.15634146298447452,0.15634146298436602,0.15634146298447452,0.15634146298461174,0.156341462984673,0.15634146298455945,0.15634146298447452,0.15634146298455945,0.156341462984673,0.1563414629847604,0.156341462984673,0.15634146298461174,0.156341462984673,0.1563414629847604,0.15494591503183963,0.15494591503160332,0.15494591503142607,0.15494591503160332,0.15494591503183963,0.15494591503160332,0.1549459150312658,0.15494591503098176,0.154945915031266,0.15494591503160332,0.15494591503142607,0.15494591503098176,0.15494591503056412,0.15494591503098176,0.15494591503142607,0.15494591503160332,0.154945915031266,0.15494591503098176,0.154945915031266,0.15494591503160332,0.15494591503183963,0.15494591503160332,0.15494591503142607,0.15494591503160332,0.15494591503183963,0.15357822105781171,0.15357822105722282,0.1535782210567322,0.15357822105722282,0.15357822105781171,0.15357822105722282,0.15357822105626504,0.15357822105530017,0.1535782210562652,0.15357822105722282,0.1535782210567322,0.15357822105530017,0.15357822105351268,0.15357822105530017,0.1535782210567322,0.15357822105722282,0.1535782210562652,0.15357822105530017,0.15357822105626504,0.15357822105722282,0.15357822105781171,0.15357822105722282,0.1535782210567322,0.15357822105722282,0.15357822105781171,0.15223780420592178,0.1522378042046445,0.15223780420341168,0.1522378042046445,0.15223780420592178,0.1522378042046445,0.1522378042021799,0.15223780419896488,0.1522378042021799,0.1522378042046445,0.15223780420341168,0.15223780419896488,0.15223780419032146,0.15223780419896488,0.15223780420341168,0.1522378042046445,0.1522378042021799,0.15223780419896488,0.1522378042021799,0.1522378042046445,0.15223780420592178,0.1522378042046445,0.15223780420341168,0.1522378042046445,0.15223780420592178,0.15092409328320644,0.1509240932810905,0.1509240932786483,0.1509240932810905,0.15092409328320644,0.1509240932810905,0.1509240932761311,0.1509240932668966,0.1509240932761311,0.1509240932810905,0.1509240932786483,0.1509240932668966,0.1509240932196096,0.1509240932668966,0.1509240932786483,0.1509240932810905,0.1509240932761311,0.1509240932668966,0.1509240932761311,0.1509240932810905,0.15092409328320644,0.1509240932810905,0.1509240932786483,0.1509240932810905,0.15092409328320644,0.14963652342970907,0.14963652342783224,0.14963652342579806,0.14963652342783224,0.14963652342970907,0.14963652342783224,0.1496365234237168,0.14963652341692962,0.1496365234237168,0.14963652342783224,0.14963652342579806,0.14963652341692962,0.14963652338786937,0.14963652341692962,0.14963652342579806,0.14963652342783224,0.1496365234237168,0.14963652341692962,0.1496365234237168,0.14963652342783224,0.14963652342970907,0.14963652342783224,0.14963652342579806,0.14963652342783224,0.14963652342970907,0.14837453670137224,0.14837453670027417,0.1483745366991976,0.14837453670027417,0.14837453670137224,0.14837453670027417,0.14837453669811954,0.14837453669509848,0.14837453669811954,0.14837453670027417,0.1483745366991976,0.14837453669509848,0.14837453668449907,0.14837453669509848,0.1483745366991976,0.14837453670027417,0.14837453669811954,0.14837453669509848,0.14837453669811954,0.14837453670027417,0.14837453670137224,0.14837453670027417,0.1483745366991976,0.14837453670027417,0.14837453670137224,0.14713758257945433,0.14713758257908066,0.14713758257878054,0.14713758257908066,0.14713758257945433,0.14713758257908066,0.14713758257849915,0.14713758257796092,0.14713758257849915,0.14713758257908066,0.14713758257878054,0.14713758257796092,0.14713758257717724,0.14713758257796092,0.14713758257878054,0.14713758257908066,0.14713758257849915,0.14713758257796092,0.14713758257849915,0.14713758257908066,0.14713758257945433,0.14713758257908066,0.14713758257878054,0.14713758257908066,0.14713758257945433,0.1459251184095718,0.1459251184096849,0.1459251184098731,0.1459251184096849,0.1459251184095718,0.1459251184096849,0.14592511841008324,0.14592511841099529,0.14592511841008324,0.1459251184096849,0.1459251184098731,0.14592511841099529,0.14592511841587869,0.14592511841099529,0.1459251184098731,0.1459251184096849,0.14592511841008324,0.14592511841099529,0.14592511841008324,0.1459251184096849,0.1459251184095718,0.1459251184096849,0.1459251184098731,0.1459251184096849,0.1459251184095718,0.14473660977552813,0.14473660977587896,0.14473660977628078,0.14473660977587896,0.14473660977552813,0.14473660977587896,0.1447366097766983,0.14473660977813607,0.1447366097766983,0.14473660977587896,0.14473660977628078,0.14473660977813607,0.14473660978471659,0.14473660977813607,0.14473660977628078,0.14473660977587896,0.1447366097766983,0.14473660977813607,0.1447366097766983,0.14473660977587896,0.14473660977552813,0.14473660977587896,0.14473660977628078,0.14473660977587896,0.14473660977552813,0.14357153081411356,0.14357153081453122,0.14357153081496243,0.14357153081453122,0.14357153081411356,0.14357153081453122,0.1435715308153991,0.14357153081673446,0.1435715308153991,0.14357153081453122,0.14357153081496243,0.14357153081673446,0.14357153082207372,0.14357153081673446,0.14357153081496243,0.14357153081453122,0.1435715308153991,0.14357153081673446,0.1435715308153991,0.14357153081453122,0.14357153081411356,0.14357153081453122,0.14357153081496243,0.14357153081453122,0.14357153081411356,0.14242936447632545,0.14242936447676446,0.14242936447719626,0.14242936447676446,0.14242936447632545,0.14242936447676446,0.14242936447762605,0.1424293644788882,0.14242936447762605,0.14242936447676446,0.14242936447719626,0.1424293644788882,0.14242936448379595,0.1424293644788882,0.14242936447719626,0.14242936447676446,0.14242936447762605,0.1424293644788882,0.14242936447762605,0.14242936447676446,0.14242936447632545,0.14242936447676446,0.14242936447719626,0.14242936447676446,0.14242936447632545,0.14130960273999343,0.14130960274047763,0.1413096027409383,0.14130960274047763,0.14130960273999343,0.14130960274047763,0.1413096027413896,0.14130960274269216,0.1413096027413896,0.14130960274047763,0.1413096027409383,0.14130960274269216,0.1413096027477771,0.14130960274269216,0.1413096027409383,0.14130960274047763,0.1413096027413896,0.14130960274269216,0.1413096027413896,0.14130960274047763,0.14130960273999343,0.14130960274047763,0.1413096027409383,0.14130960274047763,0.14130960273999343,0.14021174677854448,0.1402117467791577,0.14021174677970547,0.1402117467791577,0.14021174677854448,0.1402117467791577,0.14021174678023213,0.14021174678162618,0.14021174678023213,0.1402117467791577,0.14021174677970547,0.14021174678162618,0.1402117467867782,0.14021174678162618,0.14021174677970547,0.1402117467791577,0.14021174678023213,0.14021174678162618,0.14021174678023213,0.1402117467791577,0.14021174677854448,0.1402117467791577,0.14021174677970547,0.1402117467791577,0.14021174677854448,0.13913530709000987,0.13913530709097877,0.1391353070918049,0.13913530709097877,0.13913530709000987,0.13913530709097877,0.1391353070925999,0.13913530709429517,0.1391353070925999,0.13913530709097877,0.1391353070918049,0.13913530709429517,0.13913530709768052,0.13913530709429517,0.1391353070918049,0.13913530709097877,0.1391353070925999,0.13913530709429517,0.1391353070925999,0.13913530709097877,0.13913530709000987,0.13913530709097877,0.1391353070918049,0.13913530709097877,0.13913530709000987,0.13807980358993413,0.13807980359173758,0.13807980359350752,0.13807980359173758,0.13807980358993413,0.13807980359173758,0.13807980359528663,0.13807980360001773,0.13807980359528663,0.13807980359173758,0.13807980359350752,0.13807980360001773,0.13807980361302555,0.13807980360001773,0.13807980359350752,0.13807980359173758,0.13807980359528663,0.13807980360001773,0.13807980359528663,0.13807980359173758,0.13807980358993413,0.13807980359173758,0.13807980359350752,0.13807980359173758,0.13807980358993413,0.13704476567169177,0.1370447656744355,0.1370447656777249,0.1370447656744355,0.13704476567169177,0.1370447656744355,0.1370447656811266,0.1370447656944336,0.1370447656811266,0.1370447656744355,0.1370447656777249,0.1370447656944336,0.13704476576781663,0.1370447656944336,0.1370447656777249,0.1370447656744355,0.1370447656811266,0.1370447656944336,0.1370447656811266,0.1370447656744355,0.13704476567169177,0.1370447656744355,0.1370447656777249,0.1370447656744355,0.13704476567169177,0.13602973223900258,0.13602973224089476,0.13602973224273832,0.13602973224089476,0.13602973223900258,0.13602973224089476,0.13602973224458378,0.13602973224949402,0.13602973224458378,0.13602973224089476,0.13602973224273832,0.13602973224949402,0.13602973226307535,0.13602973224949402,0.13602973224273832,0.13602973224089476,0.13602973224458378,0.13602973224949402,0.13602973224458378,0.13602973224089476,0.13602973223900258,0.13602973224089476,0.13602973224273832,0.13602973224089476,0.13602973223900258,0.13503425171551917,0.1350342517166993,0.13503425171767122,0.1350342517166993,0.13503425171551917,0.1350342517166993,0.13503425171859207,0.1350342517204635,0.13503425171859207,0.1350342517166993,0.13503425171767122,0.1350342517204635,0.13503425172385844,0.1350342517204635,0.13503425171767122,0.1350342517166993,0.13503425171859207,0.1350342517204635,0.13503425171859207,0.1350342517166993,0.13503425171551917,0.1350342517166993,0.13503425171767122,0.1350342517166993,0.13503425171551917
0.16533248795503427,0.16533248795503405,0.16533248795503405,0.16533248795503405,0.16533248795503427,0.16533248795503405,0.16533248795503405,0.1653324879550338,0.16533248795503405,0.16533248795503405,0.16533248795503405,0.1653324879550338,0.1653324879550338,0.1653324879550338,0.16533248795503405,0.16533248795503405,0.16533248795503405,0.1653324879550338,0.16533248795503405,0.16533248795503405,0.16533248795503427,0.16533248795503405,0.16533248795503405,0.16533248795503405,0.16533248795503427,0.1637574942328597,0.16375749423285949,0.16375749423285924,0.16375749423285949,0.1637574942328597,0.16375749423285949,0.163757494232859,0.16375749423285876,0.163757494232859,0.16375749423285949,0.16375749423285924,0.16375749423285876,0.16375749423285857,0.16375749423285876,0.16375749423285924,0.16375749423285949,0.163757494232859,0.16375749423285876,0.163757494232859,0.16375749423285949,0.1637574942328597,0.16375749423285949,0.16375749423285924,0.16375749423285949,0.1637574942328597,0.1622138844426443,0.16221388444264317,0.1622138844426425,0.16221388444264317,0.1622138844426443,0.16221388444264317,0.16221388444264181,0.16221388444264112,0.16221388444264181,0.16221388444264317,0.1622138844426425,0.16221388444264112,0.1622138844426402,0.16221388444264112,0.1622138844426425,0.16221388444264317,0.16221388444264181,0.16221388444264112,0.16221388444264181,0.16221388444264317,0.1622138844426443,0.16221388444264317,0.1622138844426425,0.16221388444264317,0.1622138844426443,0.1607010675414298,0.1607010675414262,0.16070106754142402,0.1607010675414262,0.1607010675414298,0.1607010675414262,0.16070106754142247,0.1607010675414198,0.16070106754142247,0.1607010675414262,0.16070106754142402,0.1607010675414198,0.16070106754141714,0.1607010675414198,0.16070106754142402,0.1607010675414262,0.16070106754142247,0.1607010675414198,0.16070106754142247,0.1607010675414262,0.1607010675414298,0.1607010675414262,0.16070106754142402,0.1607010675414262,0.1607010675414298,0.1592184519041991,0.15921845190418862,0.15921845190418166,0.15921845190418862,0.1592184519041991,0.15921845190418862,0.15921845190417644,0.1592184519041684,0.15921845190417644,0.15921845190418862,0.15921845190418166,0.1592184519041684,0.15921845190415945,0.1592184519041684,0.15921845190418166,0.15921845190418862,0.15921845190417644,0.1592184519041684,0.15921845190417644,0.15921845190418862,0.1592184519041991,0.15921845190418862,0.15921845190418166,0.15921845190418862,0.1592184519041991,0.15776544667573336,0.15776544667570266,0.15776544667568193,0.15776544667570266,0.15776544667573336,0.15776544667570266,0.1577654466756653,0.15776544667563946,0.1577654466756653,0.15776544667570266,0.15776544667568193,0.15776544667563946,0.15776544667560896,0.15776544667563946,0.15776544667568193,0.15776544667570266,0.1577654466756653,0.15776544667563946,0.1577654466756653,0.15776544667570266,0.15776544667573336,0.15776544667570266,0.15776544667568193,0.15776544667570266,0.15776544667573336,0.15634146298495338,0.156341462984866,0.15634146298480514,0.156341462984866,0.15634146298495338,0.156341462984866,0.15634146298475285,0.1563414629846682,0.15634146298475285,0.156341462984866,0.15634146298480514,0.1563414629846682,0.1563414629845601,0.1563414629846682,0.15634146298480514,0.156341462984866,0.15634146298475285,0.1563414629846682,0.15634146298475285,0.156341462984866,0.15634146298495338,0.156341462984866,0.15634146298480514,0.156341462984866,0.15634146298495338,0.15494591503202754,0.15494591503179206,0.1549459150316152,0.15494591503179206,0.15494591503202754,0.15494591503179206,0.1549459150314556,0.15494591503117236,0.1549459150314556,0.15494591503179206,0.1549459150316152,0.15494591503117236,0.15494591503075575,0.15494591503117236,0.1549459150316152,0.15494591503179206,0.1549459150314556,0.15494591503117236,0.1549459150314556,0.15494591503179206,0.15494591503202754,0.15494591503179206,0.1549459150316152,0.15494591503179206,0.15494591503202754,0.15357822105799349,0.15357822105740643,0.15357822105691715,0.15357822105740643,0.15357822105799349,0.15357822105740643,0.1535782210564516,0.15357822105548935,0.1535782210564516,0.15357822105740643,0.15357822105691715,0.15357822105548935,0.15357822105370708,0.15357822105548935,0.15357822105691715,0.15357822105740643,0.1535782210564516,0.15357822105548935,0.1535782210564516,0.15357822105740643,0.15357822105799349,0.15357822105740643,0.15357822105691715,0.15357822105740643,0.15357822105799368,0.1522378042060938,0.1522378042048205,0.1522378042035912,0.1522378042048205,0.1522378042060938,0.1522378042048205,0.15223780420236313,0.1522378041991574,0.15223780420236313,0.1522378042048205,0.1522378042035912,0.1522378041991574,0.15223780419053817,0.1522378041991574,0.1522378042035912,0.1522378042048205,0.15223780420236313,0.1522378041991574,0.15223780420236313,0.1522378042048205,0.1522378042060938,0.1522378042048205,0.1522378042035912,0.1522378042048205,0.1522378042060938,0.15092409328336037,0.15092409328125136,0.15092409327881653,0.15092409328125136,0.15092409328336037,0.15092409328125136,0.15092409327630701,0.1509240932670997,0.15092409327630701,0.15092409328125136,0.15092409327881653,0.1509240932670997,0.1509240932199146,0.1509240932670997,0.15092409327881653,0.15092409328125136,0.15092409327630701,0.1509240932670997,0.15092409327630701,0.15092409328125136,0.15092409328336037,0.15092409328125136,0.15092409327881653,0.15092409328125136,0.15092409328336037,0.14963652342983103,0.14963652342796116,0.1496365234259344,0.14963652342796116,0.14963652342983103,0.14963652342796116,0.14963652342386108,0.14963652341710057,0.14963652342386108,0.14963652342796116,0.1496365234259344,0.14963652341710057,0.14963652338818267,0.14963652341710057,0.1496365234259344,0.14963652342796116,0.14963652342386108,0.14963652341710057,0.14963652342386108,0.14963652342796116,0.14963652342983103,0.14963652342796116,0.1496365234259344,0.14963652342796116,0.14963652342983103,0.1483745367014475,0.14837453670035386,0.1483745366992819,0.14837453670035386,0.1483745367014475,0.14837453670035386,0.14837453669820885,0.14837453669520279,0.14837453669820885,0.14837453670035386,0.1483745366992819,0.14837453669520279,0.1483745366846692,0.14837453669520279,0.1483745366992819,0.14837453670035386,0.14837453669820885,0.14837453669520279,0.14837453669820885,0.14837453670035386,0.1483745367014475,0.14837453670035386,0.1483745366992819,0.14837453670035386,0.1483745367014475,0.14713758257947337,0.14713758257910062,0.14713758257880125,0.14713758257910062,0.14713758257947337,0.14713758257910062,0.14713758257852078,0.14713758257798382,0.14713758257852078,0.14713758257910062,0.14713758257880125,0.14713758257798382,0.14713758257719087,0.14713758257798382,0.14713758257880125,0.14713758257910062,0.14713758257852078,0.14713758257798382,0.14713758257852078,0.14713758257910062,0.14713758257947337,0.14713758257910062,0.14713758257880125,0.14713758257910062,0.14713758257947337,0.14592511840953176,0.1459251184096427,0.1459251184098286,0.1459251184096427,0.14592511840953176,0.1459251184096427,0.14592511841003641,0.14592511841094044,0.14592511841003641,0.1459251184096427,0.1459251184098286,0.14592511841094044,0.1459251184158119,0.14592511841094044,0.1459251184098286,0.1459251184096427,0.14592511841003641,0.14592511841094044,0.14592511841003641,0.1459251184096427,0.14592511840953176,0.1459251184096427,0.1459251184098286,0.1459251184096427,0.14592511840953176,0.1447366097754323,0.14473660977577896,0.14473660977617622,0.14473660977577896,0.1447366097754323,0.14473660977577896,0.14473660977658903,0.1447366097780104,0.14473660977658903,0.14473660977577896,0.14473660977617622,0.1447366097780104,0.1447366097845349,0.1447366097780104,0.14473660977617622,0.14473660977577896,0.14473660977658903,0.1447366097780104,0.14473660977658903,0.14473660977577896,0.1447366097754323,0.14473660977577896,0.14473660977617622,0.14473660977577896,0.1447366097754323,0.14357153081396964,0.14357153081438287,0.14357153081480895,0.14357153081438287,0.14357153081396964,0.14357153081438287,0.1435715308152405,0.14357153081655877,0.1435715308152405,0.14357153081438287,0.14357153081480895,0.14357153081655877,0.1435715308218167,0.14357153081655877,0.14357153081480895,0.14357153081438287,0.1435715308152405,0.14357153081655877,0.14357153081524032,0.14357153081438287,0.14357153081396964,0.14357153081438287,0.14357153081480895,0.14357153081438287,0.14357153081396964,0.1424293644761426,0.14242936447657759,0.1424293644770057,0.14242936447657759,0.1424293644761426,0.14242936447657759,0.14242936447743162,0.14242936447868254,0.14242936447743162,0.14242936447657759,0.1424293644770057,0.14242936447868254,0.14242936448353796,0.14242936447868254,0.1424293644770057,0.14242936447657759,0.14242936447743162,0.14242936447868254,0.14242936447743162,0.14242936447657759,0.1424293644761426,0.14242936447657759,0.1424293644770057,0.14242936447657759,0.1424293644761426,0.14130960273977866,0.14130960274025986,0.1413096027407174,0.14130960274025986,0.14130960273977866,0.14130960274025986,0.14130960274116575,0.14130960274245946,0.14130960274116575,0.14130960274025986,0.1413096027407174,0.14130960274245946,0.14130960274753024,0.14130960274245946,0.1413096027407174,0.14130960274025986,0.14130960274116575,0.14130960274245946,0.14130960274116575,0.14130960274025986,0.14130960273977866,0.14130960274025986,0.1413096027407174,0.14130960274025986,0.14130960273977866,0.14021174677830386,0.14021174677891454,0.14021174677945988,0.14021174677891454,0.14021174677830386,0.14021174677891454,0.1402117467799841,0.14021174678137088,0.1402117467799841,0.14021174677891454,0.14021174677945988,0.14021174678137088,0.14021174678649084,0.14021174678137088,0.14021174677945988,0.14021174677891454,0.1402117467799841,0.14021174678137088,0.1402117467799841,0.14021174677891454,0.14021174677830386,0.14021174677891454,0.14021174677945988,0.14021174677891454,0.14021174677830386,0.13913530708974822,0.13913530709071492,0.13913530709153912,0.13913530709071492,0.13913530708974822,0.13913530709071492,0.13913530709233224,0.1391353070940234,0.13913530709233224,0.13913530709071492,0.13913530709153912,0.1391353070940234,0.1391353070973997,0.1391353070940234,0.13913530709153912,0.13913530709071492,0.13913530709233224,0.1391353070940234,0.13913530709233224,0.13913530709071492,0.13913530708974822,0.13913530709071492,0.13913530709153912,0.13913530709071492,0.13913530708974822,0.13807980358965552,0.13807980359145602,0.1380798035932232,0.13807980359145602,0.13807980358965552,0.13807980359145602,0.1380798035949995,0.13807980359972347,0.1380798035949995,0.13807980359145602,0.1380798035932232,0.13807980359972347,0.13807980361271202,0.13807980359972347,0.1380798035932232,0.13807980359145602,0.1380798035949995,0.13807980359972347,0.1380798035949995,0.13807980359145602,0.13807980358965552,0.13807980359145602,0.1380798035932232,0.13807980359145602,0.13807980358965552,0.137044765671402,0.13704476567414173,0.13704476567742624,0.13704476567414173,0.137044765671402,0.13704476567414173,0.13704476568082313,0.13704476569411111,0.13704476568082313,0.13704476567414173,0.13704476567742624,0.13704476569411111,0.13704476576739577,0.13704476569411111,0.13704476567742624,0.13704476567414173,0.13704476568082313,0.13704476569411111,0.13704476568082313,0.13704476567414173,0.137044765671402,0.13704476567414173,0.13704476567742624,0.13704476567414173,0.137044765671402,0.1360297322387096,0.13602973224059894,0.13602973224243994,0.13602973224059894,0.1360297322387096,0.13602973224059894,0.1360297322442829,0.1360297322491861,0.1360297322442829,0.13602973224059894,0.13602973224243994,0.1360297322491861,0.1360297322627481,0.1360297322491861,0.13602973224243994,0.13602973224059894,0.1360297322442829,0.1360297322491861,0.1360297322442829,0.13602973224059894,0.1360297322387096,0.13602973224059894,0.13602973224243994,0.13602973224059894,0.1360297322387096,0.13503425171522843,0.13503425171640684,0.1350342517173774,0.13503425171640684,0.13503425171522843,0.13503425171640684,0.13503425171829697,0.13503425172016562,0.13503425171829697,0.13503425171640684,0.1350342517173774,0.13503425172016562,0.13503425172355574,0.13503425172016562,0.1350342517173774,0.13503425171640684,0.13503425171829697,0.13503425172016562,0.13503425171829697,0.13503425171640684,0.13503425171522843,0.13503425171640684,0.1350342517173774,0.13503425171640684,0.13503425171522843
0.16533248795524927,0.16533248795524902,0.16533248795524877,0.16533248795524902,0.16533248795524927,0.16533248795524902,0.16533248795524877,0.16533248795524877,0.16533248795524877,0.16533248795524902,0.16533248795524877,0.16533248795524877,0.16533248795524855,0.16533248795524877,0.16533248795524877,0.16533248795524902,0.16533248795524877,0.16533248795524877,0.16533248795524877,0.16533248795524902,0.16533248795524927,0.16533248795524902,0.16533248795524877,0.16533248795524902,0.16533248795524927,0.1637574942330704,0.16375749423306996,0.1637574942330697,0.16375749423306996,0.1637574942330704,0.16375749423306996,0.1637574942330697,0.1637574942330695,0.1637574942330697,0.16375749423306996,0.1637574942330697,0.1637574942330695,0.163757494233069,0.1637574942330695,0.1637574942330697,0.16375749423306996,0.1637574942330697,0.1637574942330695,0.1637574942330697,0.16375749423306996,0.1637574942330704,0.16375749423306996,0.1637574942330697,0.16375749423306996,0.1637574942330704,0.1622138844428508,0.16221388444284965,0.162213884442849,0.16221388444284965,0.1622138844428508,0.16221388444284965,0.1622138844428485,0.16221388444284762,0.1622138844428485,0.16221388444284965,0.162213884442849,0.16221388444284762,0.16221388444284673,0.16221388444284762,0.162213884442849,0.16221388444284965,0.1622138844428485,0.16221388444284762,0.1622138844428485,0.16221388444284965,0.1622138844428508,0.16221388444284965,0.162213884442849,0.16221388444284965,0.1622138844428508,0.16070106754163238,0.16070106754162883,0.16070106754162664,0.16070106754162883,0.16070106754163238,0.16070106754162883,0.16070106754162483,0.1607010675416224,0.16070106754162483,0.16070106754162883,0.16070106754162664,0.1607010675416224,0.16070106754161975,0.1607010675416224,0.16070106754162664,0.16070106754162883,0.16070106754162483,0.1607010675416224,0.16070106754162505,0.16070106754162883,0.16070106754163238,0.16070106754162883,0.16070106754162664,0.16070106754162883,0.16070106754163238,0.15921845190439765,0.1592184519043872,0.15921845190438044,0.1592184519043872,0.15921845190439765,0.1592184519043872,0.15921845190437522,0.15921845190436695,0.15921845190437522,0.1592184519043872,0.15921845190438044,0.15921845190436695,0.15921845190435802,0.15921845190436695,0.15921845190438044,0.1592184519043872,0.15921845190437522,0.15921845190436695,0.15921845190437522,0.1592184519043872,0.15921845190439765,0.1592184519043872,0.15921845190438044,0.1592184519043872,0.15921845190439765,0.15776544667592818,0.15776544667589745,0.15776544667587675,0.15776544667589745,0.15776544667592818,0.15776544667589745,0.1577654466758601,0.15776544667583428,0.1577654466758601,0.15776544667589745,0.15776544667587675,0.15776544667583428,0.15776544667580422,0.15776544667583428,0.15776544667587675,0.15776544667589745,0.1577654466758601,0.15776544667583428,0.1577654466758601,0.15776544667589745,0.15776544667592818,0.15776544667589745,0.15776544667587675,0.15776544667589745,0.15776544667592796,0.1563414629851439,0.1563414629850569,0.15634146298499607,0.1563414629850569,0.1563414629851439,0.1563414629850569,0.15634146298494397,0.1563414629848595,0.1563414629849442,0.1563414629850569,0.15634146298499607,0.1563414629848595,0.15634146298475182,0.1563414629848595,0.15634146298499607,0.1563414629850569,0.1563414629849442,0.1563414629848595,0.1563414629849442,0.1563414629850569,0.1563414629851439,0.1563414629850569,0.15634146298499607,0.1563414629850569,0.1563414629851439,0.1549459150322136,0.15494591503197874,0.15494591503180252,0.15494591503197874,0.1549459150322136,0.15494591503197874,0.1549459150316433,0.15494591503136088,0.1549459150316433,0.15494591503197874,0.15494591503180252,0.15494591503136088,0.15494591503094549,0.15494591503136088,0.15494591503180252,0.15494591503197874,0.1549459150316433,0.15494591503136088,0.1549459150316433,0.15494591503197874,0.1549459150322136,0.15494591503197874,0.15494591503180252,0.15494591503197874,0.1549459150322136,0.15357822105817365,0.15357822105758817,0.15357822105710053,0.15357822105758817,0.15357822105817365,0.15357822105758817,0.15357822105663618,0.15357822105567676,0.15357822105663618,0.15357822105758817,0.15357822105710053,0.15357822105567676,0.15357822105389948,0.15357822105567676,0.15357822105710053,0.15357822105758817,0.15357822105663618,0.15357822105567676,0.15357822105663618,0.15357822105758817,0.15357822105817365,0.15357822105758817,0.15357822105710053,0.15357822105758817,0.15357822105817365,0.1522378042062643,0.15223780420499466,0.15223780420376914,0.15223780420499466,0.1522378042062643,0.15223780420499466,0.15223780420254462,0.15223780419934815,0.15223780420254462,0.15223780420499466,0.15223780420376914,0.15223780419934815,0.15223780419075314,0.15223780419934815,0.15223780420376914,0.15223780420499466,0.15223780420254462,0.15223780419934815,0.15223780420254462,0.15223780420499466,0.1522378042062643,0.15223780420499466,0.15223780420376914,0.15223780420499466,0.1522378042062643,0.15092409328351317,0.15092409328141074,0.15092409327898343,0.15092409328141074,0.15092409328351317,0.15092409328141074,0.15092409327648165,0.15092409326730113,0.15092409327648165,0.15092409328141074,0.15092409327898343,0.15092409326730113,0.15092409322024083,0.15092409326730113,0.15092409327898343,0.15092409328141074,0.15092409327648165,0.15092409326730113,0.15092409327648165,0.15092409328141074,0.15092409328351317,0.15092409328141074,0.15092409327898343,0.15092409328141074,0.15092409328351317,0.14963652342995223,0.14963652342808917,0.14963652342606995,0.14963652342808917,0.14963652342995223,0.14963652342808917,0.14963652342400424,0.14963652341727,0.14963652342400424,0.14963652342808917,0.14963652342606995,0.14963652341727,0.14963652338850336,0.14963652341727,0.14963652342606995,0.14963652342808917,0.14963652342400424,0.14963652341727,0.14963652342400424,0.14963652342808917,0.14963652342995223,0.14963652342808917,0.14963652342606995,0.14963652342808917,0.14963652342995223,0.14837453670152273,0.14837453670043355,0.14837453669936607,0.14837453670043355,0.14837453670152273,0.14837453670043355,0.14837453669829764,0.14837453669530679,0.14837453669829764,0.14837453670043355,0.14837453669936607,0.14837453669530679,0.14837453668483155,0.14837453669530679,0.14837453669936607,0.14837453670043355,0.14837453669829764,0.14837453669530679,0.14837453669829764,0.14837453670043355,0.14837453670152273,0.14837453670043355,0.14837453669936607,0.14837453670043355,0.14837453670152273,0.14713758257949283,0.14713758257912116,0.14713758257882253,0.14713758257912116,0.14713758257949283,0.14713758257912116,0.14713758257854276,0.14713758257800724,0.14713758257854276,0.14713758257912116,0.14713758257882253,0.14713758257800724,0.14713758257721665,0.14713758257800724,0.14713758257882253,0.14713758257912116,0.14713758257854276,0.14713758257800724,0.14713758257854276,0.14713758257912116,0.14713758257949283,0.14713758257912116,0.14713758257882253,0.14713758257912116,0.14713758257949283,0.14592511840949277,0.1459251184096019,0.14592511840978553,0.1459251184096019,0.14592511840949277,0.1459251184096019,0.14592511840999098,0.1459251184108872,0.14592511840999098,0.1459251184096019,0.14592511840978553,0.1459251184108872,0.14592511841571362,0.1459251184108872,0.14592511840978553,0.1459251184096019,0.14592511840999098,0.1459251184108872,0.14592511840999098,0.1459251184096019,0.14592511840949277,0.1459251184096019,0.14592511840978553,0.1459251184096019,0.14592511840949277,0.1447366097753382,0.14473660977568084,0.14473660977607358,0.14473660977568084,0.1447366097753382,0.14473660977568084,0.1447366097764817,0.14473660977788716,0.1447366097764817,0.14473660977568084,0.14473660977607358,0.14473660977788716,0.14473660978433886,0.14473660977788716,0.14473660977607358,0.14473660977568084,0.1447366097764817,0.14473660977788716,0.1447366097764817,0.14473660977568084,0.1447366097753382,0.14473660977568084,0.14473660977607358,0.14473660977568084,0.1447366097753382,0.14357153081382815,0.14357153081423676,0.14357153081465784,0.14357153081423676,0.14357153081382815,0.14357153081423676,0.14357153081508428,0.14357153081638577,0.14357153081508428,0.14357153081423676,0.14357153081465784,0.14357153081638577,0.14357153082157476,0.14357153081638577,0.14357153081465784,0.14357153081423676,0.14357153081508428,0.14357153081638577,0.14357153081508428,0.14357153081423676,0.14357153081382815,0.14357153081423676,0.14357153081465784,0.14357153081423676,0.14357153081382815,0.1424293644759623,0.14242936447639357,0.1424293644768178,0.14242936447639357,0.1424293644759623,0.14242936447639357,0.14242936447723986,0.1424293644784799,0.14242936447723986,0.14242936447639357,0.1424293644768178,0.1424293644784799,0.1424293644833073,0.1424293644784799,0.1424293644768178,0.14242936447639357,0.14242936447723986,0.1424293644784799,0.14242936447723986,0.14242936447639357,0.1424293644759623,0.14242936447639357,0.1424293644768178,0.14242936447639357,0.1424293644759623,0.141309602739567,0.14130960274004492,0.14130960274049967,0.14130960274004492,0.141309602739567,0.14130960274004492,0.14130960274094487,0.14130960274222987,0.14130960274094487,0.14130960274004492,0.14130960274049967,0.14130960274222987,0.1413096027472676,0.14130960274222987,0.14130960274049967,0.14130960274004492,0.14130960274094487,0.14130960274222987,0.14130960274094487,0.14130960274004492,0.141309602739567,0.14130960274004492,0.14130960274049967,0.14130960274004492,0.141309602739567,0.14021174677806653,0.1402117467786746,0.14021174677921755,0.1402117467786746,0.14021174677806653,0.1402117467786746,0.14021174677973933,0.14021174678111886,0.14021174677973933,0.1402117467786746,0.14021174677921755,0.14021174678111886,0.14021174678619672,0.14021174678111886,0.14021174677921755,0.1402117467786746,0.14021174677973933,0.14021174678111886,0.14021174677973933,0.1402117467786746,0.14021174677806653,0.1402117467786746,0.14021174677921755,0.1402117467786746,0.14021174677806653,0.13913530708948985,0.13913530709045419,0.1391353070912765,0.13913530709045419,0.13913530708948985,0.13913530709045419,0.1391353070920677,0.1391353070937549,0.1391353070920677,0.13913530709045419,0.1391353070912765,0.1391353070937549,0.1391353070971222,0.1391353070937549,0.1391353070912765,0.13913530709045419,0.1391353070920677,0.1391353070937549,0.1391353070920677,0.13913530709045419,0.13913530708948985,0.13913530709045419,0.1391353070912765,0.13913530709045419,0.13913530708948985,0.13807980358938016,0.13807980359117789,0.13807980359294225,0.13807980359117789,0.13807980358938016,0.13807980359117789,0.13807980359471578,0.1380798035994326,0.13807980359471578,0.13807980359117789,0.13807980359294225,0.1380798035994326,0.1380798036124021,0.1380798035994326,0.13807980359294225,0.13807980359117789,0.13807980359471578,0.1380798035994326,0.13807980359471578,0.13807980359117789,0.13807980358938016,0.13807980359117789,0.13807980359294225,0.13807980359117789,0.13807980358938016,0.13704476567111554,0.13704476567385118,0.13704476567713111,0.13704476567385118,0.13704476567111554,0.13704476567385118,0.13704476568052318,0.13704476569379245,0.13704476568052318,0.13704476567385118,0.13704476567713111,0.13704476569379245,0.13704476576699196,0.13704476569379245,0.13704476567713111,0.13704476567385118,0.13704476568052318,0.13704476569379245,0.13704476568052318,0.13704476567385118,0.13704476567111554,0.13704476567385118,0.13704476567713111,0.13704476567385118,0.13704476567111554,0.13602973223841974,0.13602973224030637,0.13602973224214474,0.13602973224030637,0.13602973223841974,0.13602973224030637,0.13602973224398512,0.13602973224888135,0.13602973224398512,0.13602973224030637,0.13602973224214474,0.13602973224888135,0.13602973226242437,0.13602973224888135,0.13602973224214474,0.13602973224030637,0.13602973224398512,0.13602973224888135,0.13602973224398512,0.13602973224030637,0.13602973223841974,0.13602973224030637,0.13602973224214474,0.13602973224030637,0.13602973223841974,0.13503425171494066,0.1350342517161174,0.13503425171708652,0.1350342517161174,0.13503425171494066,0.1350342517161174,0.1350342517180048,0.1350342517198708,0.1350342517180048,0.1350342517161174,0.13503425171708652,0.1350342517198708,0.13503425172325623,0.1350342517198708,0.13503425171708652,0.1350342517161174,0.1350342517180048,0.1350342517198708,0.1350342517180048,0.1350342517161174,0.13503425171494066,0.1350342517161174,0.13503425171708652,0.1350342517161174,0.13503425171494066
0.1653324879554626,0.16533248795546235,0.16533248795546235,0.16533248795546235,0.1653324879554626,0.16533248795546235,0.16533248795546213,0.16533248795546213,0.16533248795546213,0.16533248795546235,0.16533248795546235,0.16533248795546213,0.16533248795546188,0.16533248795546213,0.16533248795546235,0.16533248795546235,0.16533248795546213,0.16533248795546213,0.16533248795546213,0.16533248795546235,0.1653324879554626,0.16533248795546235,0.16533248795546235,0.16533248795546235,0.1653324879554626,0.1637574942332795,0.16375749423327926,0.16375749423327904,0.16375749423327926,0.1637574942332795,0.16375749423327926,0.1637574942332788,0.16375749423327857,0.1637574942332788,0.16375749423327926,0.16375749423327904,0.16375749423327857,0.16375749423327834,0.16375749423327857,0.16375749423327904,0.16375749423327926,0.1637574942332788,0.16375749423327857,0.1637574942332788,0.16375749423327926,0.1637574942332795,0.16375749423327926,0.16375749423327904,0.16375749423327926,0.1637574942332795,0.16221388444305573,0.1622138844430546,0.1622138844430539,0.1622138844430546,0.16221388444305573,0.1622138844430546,0.16221388444305343,0.16221388444305254,0.16221388444305343,0.1622138844430546,0.1622138844430539,0.16221388444305254,0.16221388444305165,0.16221388444305254,0.1622138844430539,0.1622138844430546,0.16221388444305343,0.16221388444305254,0.16221388444305343,0.1622138844430546,0.16221388444305573,0.1622138844430546,0.1622138844430539,0.1622138844430546,0.16221388444305573,0.160701067541833,0.16070106754182967,0.16070106754182745,0.16070106754182967,0.160701067541833,0.16070106754182967,0.16070106754182567,0.16070106754182326,0.16070106754182567,0.16070106754182967,0.16070106754182745,0.16070106754182326,0.16070106754182056,0.16070106754182326,0.16070106754182745,0.16070106754182967,0.16070106754182567,0.16070106754182326,0.16070106754182567,0.16070106754182967,0.160701067541833,0.16070106754182967,0.16070106754182745,0.16070106754182967,0.160701067541833,0.15921845190459447,0.15921845190458378,0.15921845190457704,0.15921845190458378,0.15921845190459447,0.15921845190458378,0.15921845190457182,0.15921845190456377,0.15921845190457182,0.15921845190458378,0.15921845190457704,0.15921845190456377,0.15921845190455483,0.15921845190456377,0.15921845190457704,0.15921845190458378,0.15921845190457182,0.15921845190456377,0.15921845190457182,0.15921845190458378,0.15921845190459447,0.15921845190458378,0.15921845190457704,0.15921845190458378,0.15921845190459447,0.15776544667612064,0.15776544667608988,0.15776544667606962,0.15776544667608988,0.15776544667612064,0.15776544667608988,0.157765446676053,0.15776544667602715,0.157765446676053,0.15776544667608988,0.15776544667606962,0.15776544667602715,0.1577654466759971,0.15776544667602715,0.15776544667606962,0.15776544667608988,0.157765446676053,0.15776544667602715,0.157765446676053,0.15776544667608988,0.15776544667612064,0.15776544667608988,0.15776544667606962,0.15776544667608988,0.15776544667612064,0.1563414629853323,0.15634146298524554,0.1563414629851849,0.15634146298524554,0.1563414629853323,0.15634146298524554,0.15634146298513302,0.15634146298504875,0.15634146298513302,0.15634146298524554,0.1563414629851849,0.15634146298504875,0.15634146298494128,0.15634146298504875,0.1563414629851849,0.15634146298524554,0.15634146298513302,0.15634146298504875,0.15634146298513302,0.15634146298524554,0.1563414629853323,0.15634146298524554,0.1563414629851849,0.15634146298524554,0.1563414629853323,0.15494591503239724,0.15494591503216298,0.15494591503198737,0.15494591503216298,0.15494591503239724,0.15494591503216298,0.15494591503182856,0.15494591503154698,0.15494591503182856,0.15494591503216298,0.15494591503198737,0.15494591503154698,0.15494591503113284,0.15494591503154698,0.15494591503198737,0.15494591503216298,0.15494591503182856,0.15494591503154698,0.15494591503182856,0.15494591503216298,0.15494591503239724,0.15494591503216298,0.15494591503198737,0.15494591503216298,0.15494591503239724,0.15357822105835117,0.15357822105776753,0.15357822105728108,0.15357822105776753,0.15357822105835117,0.15357822105776753,0.15357822105681815,0.15357822105586152,0.15357822105681815,0.15357822105776753,0.15357822105728108,0.15357822105586152,0.15357822105408908,0.15357822105586152,0.15357822105728108,0.15357822105776753,0.15357822105681815,0.15357822105586152,0.15357822105681815,0.15357822105776753,0.15357822105835117,0.15357822105776753,0.15357822105728108,0.15357822105776753,0.15357822105835117,0.15223780420643218,0.15223780420516653,0.15223780420394453,0.15223780420516653,0.15223780420643218,0.15223780420516653,0.15223780420272356,0.1522378041995363,0.15223780420272356,0.15223780420516653,0.15223780420394453,0.1522378041995363,0.15223780419096494,0.1522378041995363,0.15223780420394453,0.15223780420516653,0.15223780420272356,0.1522378041995363,0.15223780420272356,0.15223780420516653,0.15223780420643218,0.15223780420516653,0.15223780420394453,0.15223780420516653,0.15223780420643218,0.15092409328366385,0.15092409328156778,0.15092409327914796,0.15092409328156778,0.15092409328366385,0.15092409328156778,0.15092409327665351,0.15092409326749967,0.15092409327665351,0.15092409328156778,0.15092409327914796,0.15092409326749967,0.1509240932206016,0.15092409326749967,0.15092409327914796,0.15092409328156778,0.15092409327665351,0.15092409326749967,0.15092409327665351,0.15092409328156778,0.15092409328366385,0.15092409328156778,0.15092409327914796,0.15092409328156778,0.15092409328366366,0.14963652343007153,0.14963652342821493,0.14963652342620326,0.14963652342821493,0.14963652343007153,0.14963652342821493,0.1496365234241453,0.14963652341743658,0.1496365234241453,0.14963652342821493,0.14963652342620326,0.14963652341743658,0.1496365233887346,0.14963652341743658,0.14963652342620326,0.14963652342821493,0.1496365234241453,0.14963652341743658,0.1496365234241453,0.14963652342821493,0.14963652343007153,0.14963652342821493,0.14963652342620326,0.14963652342821493,0.14963652343007153,0.14837453670159648,0.14837453670051157,0.14837453669944872,0.14837453670051157,0.14837453670159648,0.14837453670051157,0.1483745366983849,0.14837453669540887,0.1483745366983849,0.14837453670051157,0.14837453669944872,0.14837453669540887,0.1483745366850343,0.14837453669540887,0.14837453669944872,0.14837453670051157,0.1483745366983849,0.14837453669540887,0.1483745366983849,0.14837453670051157,0.14837453670159648,0.14837453670051157,0.14837453669944872,0.14837453670051157,0.14837453670159648,0.14713758257951173,0.14713758257914097,0.14713758257884324,0.14713758257914097,0.14713758257951173,0.14713758257914097,0.14713758257856419,0.1471375825780301,0.14713758257856419,0.14713758257914097,0.14713758257884324,0.1471375825780301,0.14713758257725026,0.1471375825780301,0.14713758257884324,0.14713758257914097,0.14713758257856419,0.1471375825780301,0.14713758257856419,0.14713758257914097,0.14713758257951173,0.14713758257914097,0.14713758257884324,0.14713758257914097,0.14713758257951173,0.14592511840945413,0.14592511840956116,0.1459251184097426,0.14592511840956116,0.14592511840945413,0.14592511840956116,0.14592511840994576,0.1459251184108343,0.14592511840994576,0.14592511840956116,0.1459251184097426,0.1459251184108343,0.14592511841558792,0.1459251184108343,0.1459251184097426,0.14592511840956116,0.14592511840994576,0.1459251184108343,0.14592511840994576,0.14592511840956116,0.14592511840945413,0.14592511840956116,0.1459251184097426,0.14592511840956116,0.14592511840945413,0.1447366097752452,0.1447366097755838,0.1447366097759718,0.1447366097755838,0.1447366097752452,0.1447366097755838,0.1447366097763754,0.14473660977776515,0.1447366097763754,0.1447366097755838,0.1447366097759718,0.14473660977776515,0.1447366097841444,0.14473660977776515,0.1447366097759718,0.1447366097755838,0.1447366097763754,0.14473660977776515,0.1447366097763754,0.1447366097755838,0.1447366097752452,0.1447366097755838,0.1447366097759718,0.1447366097755838,0.1447366097752452,0.14357153081368815,0.14357153081409216,0.14357153081450846,0.14357153081409216,0.14357153081368815,0.14357153081409216,0.14357153081492977,0.14357153081621463,0.14357153081492977,0.14357153081409216,0.14357153081450846,0.14357153081621463,0.14357153082132287,0.14357153081621463,0.14357153081450846,0.14357153081409216,0.14357153081492977,0.14357153081621463,0.14357153081492977,0.14357153081409216,0.14357153081368815,0.14357153081409216,0.14357153081450846,0.14357153081409216,0.14357153081368815,0.14242936447578394,0.14242936447621138,0.14242936447663193,0.14242936447621138,0.14242936447578394,0.14242936447621138,0.1424293644770503,0.14242936447827942,0.1424293644770503,0.14242936447621138,0.14242936447663193,0.14242936447827942,0.14242936448306573,0.14242936447827942,0.14242936447663193,0.14242936447621138,0.1424293644770503,0.14242936447827942,0.1424293644770503,0.14242936447621138,0.14242936447578394,0.14242936447621138,0.14242936447663193,0.14242936447621138,0.14242936447578394,0.1413096027393576,0.1413096027398326,0.1413096027402842,0.1413096027398326,0.1413096027393576,0.1413096027398326,0.14130960274072663,0.14130960274200288,0.14130960274072663,0.1413096027398326,0.1413096027402842,0.14130960274200288,0.14130960274698226,0.14130960274200288,0.1413096027402842,0.1413096027398326,0.14130960274072663,0.14130960274200288,0.14130960274072663,0.1413096027398326,0.1413096027393576,0.1413096027398326,0.1413096027402842,0.1413096027398326,0.1413096027393576,0.14021174677783171,0.14021174677843737,0.1402117467789779,0.14021174677843737,0.14021174677783171,0.14021174677843737,0.1402117467794973,0.14021174678086987,0.1402117467794973,0.14021174677843737,0.1402117467789779,0.14021174678086987,0.14021174678592466,0.14021174678086987,0.1402117467789779,0.14021174677843737,0.1402117467794973,0.14021174678086987,0.1402117467794973,0.14021174677843737,0.14021174677783171,0.14021174677843737,0.1402117467789779,0.14021174677843737,0.14021174677783171,0.13913530708923452,0.1391353070901966,0.13913530709101704,0.1391353070901966,0.13913530708923452,0.1391353070901966,0.1391353070918065,0.13913530709348945,0.1391353070918065,0.1391353070901966,0.13913530709101704,0.13913530709348945,0.13913530709684807,0.13913530709348945,0.13913530709101704,0.1391353070901966,0.1391353070918065,0.13913530709348945,0.1391353070918065,0.1391353070901966,0.13913530708923452,0.1391353070901966,0.13913530709101704,0.1391353070901966,0.13913530708923452,0.13807980358910824,0.13807980359090316,0.13807980359266472,0.13807980359090316,0.13807980358910824,0.13807980359090316,0.1380798035944356,0.13807980359914532,0.1380798035944356,0.13807980359090316,0.13807980359266472,0.13807980359914532,0.1380798036120959,0.13807980359914532,0.13807980359266472,0.13807980359090316,0.1380798035944356,0.13807980359914532,0.1380798035944356,0.13807980359090316,0.13807980358910824,0.13807980359090316,0.13807980359266472,0.13807980359090316,0.13807980358910824,0.1370447656708326,0.1370447656735644,0.13704476567683968,0.1370447656735643,0.1370447656708326,0.1370447656735644,0.13704476568022686,0.1370447656934776,0.13704476568022686,0.1370447656735643,0.13704476567683968,0.1370447656934776,0.13704476576659239,0.1370447656934776,0.13704476567683968,0.1370447656735643,0.13704476568022686,0.1370447656934776,0.13704476568022686,0.1370447656735643,0.1370447656708326,0.1370447656735643,0.13704476567683968,0.1370447656735643,0.1370447656708326,0.1360297322381336,0.13602973224001771,0.13602973224185336,0.13602973224001771,0.1360297322381336,0.13602973224001771,0.1360297322436911,0.1360297322485806,0.1360297322436911,0.13602973224001771,0.13602973224185336,0.1360297322485806,0.13602973226210482,0.1360297322485806,0.13602973224185336,0.13602973224001771,0.1360297322436911,0.1360297322485806,0.1360297322436911,0.13602973224001771,0.1360297322381336,0.13602973224001771,0.13602973224185336,0.13602973224001771,0.1360297322381336,0.13503425171465663,0.13503425171583167,0.13503425171679947,0.13503425171583167,0.13503425171465663,0.13503425171583167,0.1350342517177164,0.13503425171957992,0.1350342517177164,0.13503425171583167,0.13503425171679947,0.13503425171957992,0.13503425172296052,0.13503425171957992,0.13503425171679947,0.13503425171583167,0.1350342517177164,0.13503425171957992,0.13503425171771655,0.13503425171583167,0.13503425171465663,0.13503425171583167,0.13503425171679947,0.13503425171583167,0.13503425171465663
0.1653324879556736,0.16533248795567335,0.16533248795567335,0.16533248795567335,0.1653324879556736,0.16533248795567335,0.16533248795567335,0.1653324879556731,0.16533248795567335,0.16533248795567335,0.16533248795567335,0.1653324879556731,0.1653324879556731,0.1653324879556731,0.16533248795567335,0.16533248795567335,0.16533248795567335,0.1653324879556731,0.1653324879556731,0.16533248795567335,0.1653324879556736,0.16533248795567335,0.16533248795567335,0.16533248795567335,0.1653324879556736,0.1637574942334863,0.163757494233486,0.1637574942334858,0.163757494233486,0.1637574942334863,0.163757494233486,0.16375749423348557,0.16375749423348537,0.16375749423348557,0.163757494233486,0.1637574942334858,0.16375749423348537,0.16375749423348512,0.16375749423348537,0.1637574942334858,0.163757494233486,0.16375749423348557,0.16375749423348537,0.16375749423348557,0.163757494233486,0.1637574942334863,0.163757494233486,0.1637574942334858,0.163757494233486,0.1637574942334863,0.16221388444325835,0.1622138844432572,0.16221388444325657,0.1622138844432572,0.16221388444325835,0.1622138844432572,0.16221388444325588,0.16221388444325519,0.16221388444325588,0.1622138844432572,0.16221388444325657,0.16221388444325519,0.16221388444325427,0.16221388444325519,0.16221388444325657,0.1622138844432572,0.16221388444325588,0.16221388444325519,0.16221388444325588,0.1622138844432572,0.16221388444325835,0.1622138844432572,0.16221388444325657,0.1622138844432572,0.16221388444325835,0.16070106754203162,0.16070106754202806,0.16070106754202582,0.16070106754202806,0.16070106754203162,0.16070106754202806,0.16070106754202426,0.1607010675420216,0.16070106754202426,0.16070106754202806,0.16070106754202582,0.1607010675420216,0.16070106754201893,0.1607010675420216,0.16070106754202582,0.16070106754202806,0.16070106754202426,0.1607010675420216,0.16070106754202426,0.16070106754202806,0.16070106754203162,0.16070106754202806,0.16070106754202582,0.16070106754202806,0.16070106754203162,0.15921845190478867,0.15921845190477824,0.15921845190477146,0.15921845190477824,0.15921845190478867,0.15921845190477824,0.15921845190476624,0.15921845190475817,0.15921845190476624,0.15921845190477824,0.15921845190477146,0.15921845190475817,0.15921845190474948,0.15921845190475817,0.15921845190477146,0.15921845190477824,0.15921845190476624,0.15921845190475817,0.15921845190476624,0.15921845190477824,0.15921845190478867,0.15921845190477824,0.15921845190477146,0.15921845190477824,0.15921845190478867,0.15776544667631093,0.15776544667628045,0.15776544667625994,0.15776544667628045,0.15776544667631093,0.15776544667628045,0.15776544667624354,0.1577654466762177,0.15776544667624354,0.15776544667628045,0.15776544667625994,0.1577654466762177,0.15776544667618764,0.1577654466762177,0.15776544667625994,0.15776544667628045,0.15776544667624354,0.1577654466762177,0.15776544667624354,0.15776544667628045,0.15776544667631093,0.15776544667628045,0.15776544667625994,0.15776544667628045,0.15776544667631093,0.1563414629855184,0.15634146298543183,0.1563414629853714,0.15634146298543183,0.1563414629855184,0.15634146298543183,0.15634146298531976,0.15634146298523566,0.15634146298531976,0.15634146298543183,0.1563414629853714,0.15634146298523566,0.1563414629851284,0.15634146298523566,0.1563414629853714,0.15634146298543183,0.15634146298531976,0.15634146298523566,0.15634146298531976,0.15634146298543183,0.1563414629855184,0.15634146298543183,0.1563414629853714,0.15634146298543183,0.1563414629855184,0.15494591503257882,0.15494591503234517,0.15494591503216995,0.15494591503234517,0.15494591503257882,0.15494591503234517,0.15494591503201177,0.1549459150317308,0.15494591503201177,0.15494591503234517,0.15494591503216995,0.1549459150317308,0.15494591503131785,0.1549459150317308,0.15494591503216995,0.15494591503234517,0.15494591503201177,0.1549459150317308,0.15494591503201177,0.15494591503234517,0.15494591503257882,0.15494591503234517,0.15494591503216995,0.15494591503234517,0.15494591503257882,0.1535782210585267,0.15357822105794466,0.15357822105745964,0.15357822105794466,0.1535782210585267,0.15357822105794466,0.15357822105699812,0.1535782210560441,0.15357822105699812,0.15357822105794466,0.15357822105745964,0.1535782210560441,0.15357822105427668,0.1535782210560441,0.15357822105745964,0.15357822105794466,0.15357822105699812,0.1535782210560441,0.15357822105699812,0.15357822105794466,0.1535782210585267,0.15357822105794466,0.15357822105745964,0.15357822105794466,0.1535782210585267,0.15223780420659813,0.15223780420533617,0.15223780420411775,0.15223780420533617,0.15223780420659813,0.15223780420533617,0.1522378042029003,0.15223780419972213,0.1522378042029003,0.15223780420533617,0.15223780420411775,0.15223780419972213,0.1522378041911742,0.15223780419972213,0.15223780420411775,0.15223780420533617,0.1522378042029003,0.15223780419972213,0.1522378042029003,0.15223780420533617,0.15223780420659813,0.15223780420533617,0.15223780420411775,0.15223780420533617,0.15223780420659813,0.1509240932838124,0.15092409328172288,0.15092409327931022,0.15092409328172288,0.1509240932838124,0.15092409328172288,0.1509240932768235,0.15092409326769585,0.1509240932768235,0.15092409328172288,0.15092409327931022,0.15092409326769585,0.15092409322092085,0.15092409326769585,0.15092409327931022,0.15092409328172288,0.1509240932768235,0.15092409326769585,0.1509240932768235,0.15092409328172288,0.1509240932838124,0.15092409328172288,0.15092409327931022,0.15092409328172288,0.1509240932838124,0.14963652343018935,0.14963652342833933,0.14963652342633504,0.14963652342833933,0.14963652343018935,0.14963652342833933,0.14963652342428443,0.14963652341760125,0.14963652342428443,0.14963652342833933,0.14963652342633504,0.14963652341760125,0.1496365233890292,0.14963652341760125,0.14963652342633504,0.14963652342833933,0.14963652342428443,0.14963652341760125,0.14963652342428443,0.14963652342833933,0.14963652343018935,0.14963652342833933,0.14963652342633504,0.14963652342833933,0.14963652343018935,0.14837453670166934,0.14837453670058867,0.14837453669953043,0.14837453670058867,0.14837453670166934,0.14837453670058867,0.14837453669847128,0.14837453669550968,0.14837453669847128,0.14837453670058867,0.14837453669953043,0.14837453669550968,0.14837453668516218,0.14837453669550968,0.14837453669953043,0.14837453670058867,0.14837453669847128,0.14837453669550968,0.14837453669847128,0.14837453670058867,0.14837453670166934,0.14837453670058867,0.14837453669953043,0.14837453670058867,0.14837453670166934,0.14713758257953044,0.1471375825791606,0.14713758257886356,0.1471375825791606,0.14713758257953044,0.1471375825791606,0.14713758257858528,0.14713758257805284,0.14713758257858528,0.1471375825791606,0.14713758257886356,0.14713758257805284,0.14713758257728768,0.14713758257805284,0.14713758257886356,0.1471375825791606,0.14713758257858528,0.14713758257805284,0.14713758257858528,0.1471375825791606,0.14713758257953044,0.1471375825791606,0.14713758257886356,0.1471375825791606,0.14713758257953044,0.14592511840941566,0.1459251184095209,0.14592511840970024,0.1459251184095209,0.14592511840941585,0.1459251184095209,0.14592511840990108,0.14592511841078212,0.14592511840990108,0.1459251184095209,0.14592511840970024,0.14592511841078212,0.14592511841555958,0.14592511841078212,0.14592511840970024,0.1459251184095209,0.14592511840990108,0.14592511841078212,0.14592511840990108,0.1459251184095209,0.14592511840941585,0.1459251184095209,0.14592511840970024,0.1459251184095209,0.14592511840941585,0.14473660977515299,0.14473660977548763,0.14473660977587147,0.14473660977548763,0.14473660977515299,0.14473660977548763,0.1447366097762703,0.14473660977764452,0.1447366097762703,0.14473660977548763,0.14473660977587147,0.14473660977764452,0.14473660978393826,0.14473660977764452,0.14473660977587147,0.14473660977548763,0.1447366097762703,0.14473660977764452,0.1447366097762703,0.14473660977548763,0.14473660977515299,0.14473660977548763,0.14473660977587147,0.14473660977548763,0.14473660977515299,0.14357153081354956,0.14357153081394927,0.14357153081436064,0.14357153081394927,0.14357153081354956,0.14357153081394927,0.1435715308147771,0.14357153081604557,0.1435715308147771,0.14357153081394927,0.14357153081436064,0.14357153081604557,0.1435715308210739,0.14357153081604557,0.14357153081436064,0.14357153081394927,0.1435715308147771,0.14357153081604557,0.1435715308147771,0.14357153081394927,0.14357153081354956,0.14357153081394927,0.14357153081436064,0.14357153081394927,0.14357153081354956,0.1424293644756078,0.14242936447603155,0.14242936447644824,0.14242936447603155,0.1424293644756078,0.14242936447603155,0.14242936447686294,0.14242936447808133,0.14242936447686294,0.14242936447603155,0.14242936447644824,0.14242936447808133,0.14242936448284144,0.14242936447808133,0.14242936447644824,0.14242936447603155,0.14242936447686294,0.14242936447808133,0.14242936447686294,0.14242936447603155,0.1424293644756078,0.14242936447603155,0.14242936447644824,0.14242936447603155,0.1424293644756078,0.14130960273915055,0.14130960273962256,0.14130960274007126,0.14130960273962256,0.14130960273915055,0.14130960273962256,0.1413096027405107,0.14130960274177856,0.1413096027405107,0.14130960273962256,0.14130960274007126,0.14130960274177856,0.14130960274672782,0.14130960274177856,0.14130960274007126,0.14130960273962256,0.1413096027405107,0.14130960274177856,0.1413096027405107,0.14130960273962256,0.14130960273915055,0.14130960273962256,0.14130960274007126,0.14130960273962256,0.14130960273915055,0.14021174677759968,0.14021174677820294,0.14021174677874101,0.14021174677820294,0.14021174677759968,0.14021174677820294,0.140211746779258,0.14021174678062365,0.140211746779258,0.14021174677820294,0.14021174677874101,0.14021174678062365,0.14021174678564474,0.14021174678062365,0.14021174677874101,0.14021174677820294,0.140211746779258,0.14021174678062365,0.140211746779258,0.14021174677820294,0.14021174677759968,0.14021174677820294,0.14021174677874101,0.14021174677820294,0.14021174677759968,0.13913530708898197,0.13913530708994207,0.13913530709076058,0.13913530708994207,0.13913530708898197,0.13913530708994207,0.13913530709154814,0.13913530709322713,0.13913530709154814,0.13913530708994207,0.13913530709076058,0.13913530709322713,0.1391353070965769,0.13913530709322713,0.13913530709076058,0.13913530708994207,0.13913530709154814,0.13913530709322713,0.13913530709154814,0.13913530708994207,0.13913530708898197,0.13913530708994207,0.13913530709076058,0.13913530708994207,0.13913530708898197,0.13807980358883953,0.1380798035906315,0.13807980359239044,0.1380798035906315,0.13807980358883953,0.1380798035906315,0.13807980359415856,0.13807980359886127,0.13807980359415856,0.1380798035906315,0.13807980359239044,0.13807980359886127,0.13807980361179328,0.13807980359886127,0.13807980359239044,0.1380798035906315,0.13807980359415856,0.13807980359886127,0.13807980359415856,0.1380798035906315,0.13807980358883953,0.1380798035906315,0.13807980359239044,0.1380798035906315,0.13807980358883953,0.13704476567055282,0.13704476567328072,0.13704476567655144,0.13704476567328072,0.13704476567055282,0.13704476567328072,0.137044765679934,0.13704476569316634,0.13704476567993387,0.13704476567328072,0.13704476567655144,0.13704476569316634,0.13704476576616914,0.13704476569316634,0.13704476567655144,0.13704476567328072,0.13704476567993387,0.13704476569316634,0.13704476567993387,0.13704476567328072,0.13704476567055282,0.13704476567328072,0.13704476567655144,0.13704476567328072,0.13704476567055282,0.13602973223785075,0.13602973223973217,0.1360297322415653,0.13602973223973217,0.13602973223785075,0.13602973223973217,0.1360297322434005,0.13602973224828327,0.1360297322434005,0.13602973223973217,0.1360297322415653,0.13602973224828327,0.13602973226178888,0.13602973224828327,0.1360297322415653,0.13602973223973217,0.1360297322434005,0.13602973224828327,0.1360297322434005,0.13602973223973217,0.13602973223785075,0.13602973223973217,0.1360297322415653,0.13602973223973217,0.13602973223785075,0.135034251714376,0.13503425171554942,0.13503425171651579,0.13503425171554942,0.135034251714376,0.13503425171554942,0.13503425171743152,0.1350342517192924,0.13503425171743152,0.13503425171554942,0.13503425171651579,0.1350342517192924,0.13503425172266834,0.1350342517192924,0.13503425171651579,0.13503425171554942,0.13503425171743152,0.1350342517192924,0.13503425171743152,0.13503425171554942,0.135034251714376,0.13503425171554942,0.13503425171651579,0.13503425171554942,0.135034251714376
0.1653324879558822,0.16533248795588196,0.16533248795588196,0.16533248795588196,0.1653324879558822,0.16533248795588196,0.1653324879558817,0.1653324879558817,0.1653324879558817,0.16533248795588196,0.16533248795588196,0.1653324879558817,0.16533248795588146,0.1653324879558817,0.16533248795588196,0.16533248795588196,0.1653324879558817,0.1653324879558817,0.1653324879558817,0.16533248795588196,0.1653324879558822,0.16533248795588196,0.16533248795588196,0.16533248795588196,0.1653324879558822,0.16375749423369074,0.16375749423369024,0.16375749423369002,0.16375749423369024,0.16375749423369074,0.16375749423369024,0.16375749423369002,0.16375749423368957,0.16375749423369002,0.16375749423369024,0.16375749423369002,0.16375749423368957,0.16375749423368932,0.16375749423368957,0.16375749423369002,0.16375749423369024,0.16375749423369002,0.16375749423368957,0.16375749423369002,0.16375749423369024,0.16375749423369074,0.16375749423369024,0.16375749423369002,0.16375749423369024,0.16375749423369074,0.16221388444345852,0.16221388444345738,0.16221388444345672,0.16221388444345738,0.16221388444345852,0.16221388444345738,0.16221388444345627,0.16221388444345536,0.16221388444345627,0.16221388444345738,0.16221388444345672,0.16221388444345536,0.16221388444345466,0.16221388444345536,0.16221388444345672,0.16221388444345738,0.16221388444345627,0.16221388444345536,0.16221388444345627,0.16221388444345738,0.16221388444345852,0.16221388444345738,0.16221388444345672,0.16221388444345738,0.16221388444345852,0.16070106754222777,0.1607010675422242,0.160701067542222,0.1607010675422242,0.16070106754222777,0.1607010675422242,0.16070106754222044,0.160701067542218,0.16070106754222044,0.1607010675422242,0.160701067542222,0.160701067542218,0.16070106754221533,0.160701067542218,0.160701067542222,0.1607010675422242,0.16070106754222044,0.160701067542218,0.16070106754222044,0.1607010675422242,0.16070106754222777,0.1607010675422242,0.160701067542222,0.1607010675422242,0.16070106754222777,0.1592184519049809,0.15921845190497047,0.1592184519049637,0.15921845190497047,0.1592184519049809,0.15921845190497047,0.15921845190495848,0.15921845190495063,0.15921845190495848,0.15921845190497047,0.1592184519049637,0.15921845190495063,0.15921845190494172,0.15921845190495063,0.1592184519049637,0.15921845190497047,0.15921845190495848,0.15921845190495063,0.15921845190495848,0.15921845190497047,0.1592184519049809,0.15921845190497047,0.1592184519049637,0.15921845190497047,0.1592184519049809,0.15776544667649914,0.15776544667646863,0.15776544667644837,0.15776544667646863,0.15776544667649914,0.15776544667646863,0.15776544667643172,0.15776544667640613,0.15776544667643172,0.15776544667646863,0.15776544667644837,0.15776544667640613,0.15776544667637624,0.15776544667640613,0.15776544667644837,0.15776544667646863,0.15776544667643172,0.15776544667640613,0.15776544667643172,0.15776544667646863,0.15776544667649914,0.15776544667646863,0.15776544667644837,0.15776544667646863,0.15776544667649914,0.15634146298570242,0.15634146298561608,0.15634146298555582,0.15634146298561608,0.15634146298570242,0.15634146298561608,0.15634146298550416,0.15634146298542057,0.15634146298550416,0.15634146298561608,0.15634146298555582,0.15634146298542057,0.15634146298531348,0.15634146298542057,0.15634146298555582,0.15634146298561608,0.15634146298550416,0.15634146298542057,0.15634146298550416,0.15634146298561608,0.15634146298570242,0.15634146298561608,0.15634146298555582,0.15634146298561608,0.15634146298570242,0.15494591503275812,0.1549459150325253,0.1549459150323505,0.1549459150325253,0.15494591503275812,0.1549459150325253,0.1549459150321927,0.15494591503191277,0.1549459150321927,0.1549459150325253,0.1549459150323505,0.15494591503191277,0.15494591503150087,0.15494591503191277,0.1549459150323505,0.1549459150325253,0.1549459150321927,0.15494591503191277,0.1549459150321927,0.1549459150325253,0.15494591503275812,0.1549459150325253,0.1549459150323505,0.1549459150325253,0.15494591503275812,0.15357822105870023,0.1535782210581198,0.15357822105763616,0.1535782210581198,0.15357822105870023,0.1535782210581198,0.15357822105717586,0.15357822105622446,0.15357822105717586,0.1535782210581198,0.15357822105763616,0.15357822105622446,0.15357822105446206,0.15357822105622446,0.15357822105763616,0.1535782210581198,0.15357822105717586,0.15357822105622446,0.15357822105717586,0.1535782210581198,0.15357822105870023,0.1535782210581198,0.15357822105763616,0.1535782210581198,0.15357822105870023,0.15223780420676228,0.1522378042055041,0.1522378042042892,0.1522378042055041,0.15223780420676228,0.1522378042055041,0.1522378042030751,0.1522378041999058,0.1522378042030751,0.1522378042055041,0.1522378042042892,0.1522378041999058,0.15223780419138105,0.1522378041999058,0.1522378042042892,0.1522378042055041,0.1522378042030751,0.1522378041999058,0.1522378042030751,0.1522378042055041,0.15223780420676228,0.1522378042055041,0.1522378042042892,0.1522378042055041,0.15223780420676228,0.1509240932839594,0.15092409328187645,0.15092409327947093,0.15092409328187645,0.1509240932839594,0.15092409328187645,0.15092409327699152,0.15092409326788975,0.15092409327699152,0.15092409328187645,0.15092409327947093,0.15092409326788975,0.15092409322125153,0.15092409326788975,0.15092409327947093,0.15092409328187645,0.15092409327699152,0.15092409326788975,0.15092409327699152,0.15092409328187645,0.1509240932839594,0.15092409328187645,0.15092409327947093,0.15092409328187645,0.1509240932839594,0.1496365234303058,0.14963652342846243,0.14963652342646513,0.14963652342846243,0.1496365234303058,0.14963652342846243,0.1496365234244221,0.14963652341776407,0.1496365234244221,0.14963652342846243,0.14963652342646513,0.14963652341776407,0.14963652338929562,0.14963652341776407,0.14963652342646513,0.14963652342846243,0.1496365234244221,0.14963652341776407,0.1496365234244221,0.14963652342846243,0.1496365234303058,0.14963652342846243,0.14963652342646513,0.14963652342846243,0.1496365234303058,0.14837453670174142,0.14837453670066503,0.14837453669961126,0.14837453670066503,0.14837453670174142,0.14837453670066503,0.14837453669855652,0.14837453669560943,0.14837453669855652,0.14837453670066503,0.14837453669961126,0.14837453669560943,0.1483745366853388,0.14837453669560943,0.14837453669961126,0.14837453670066503,0.14837453669855652,0.14837453669560943,0.14837453669855652,0.14837453670066503,0.14837453670174142,0.14837453670066503,0.14837453669961126,0.14837453670066503,0.14837453670174142,0.14713758257954895,0.14713758257918003,0.1471375825788837,0.14713758257918003,0.14713758257954895,0.14713758257918003,0.14713758257860632,0.14713758257807538,0.14713758257860632,0.14713758257918003,0.1471375825788837,0.14713758257807538,0.14713758257731313,0.14713758257807538,0.1471375825788837,0.14713758257918003,0.14713758257860632,0.14713758257807538,0.14713758257860632,0.14713758257918003,0.14713758257954895,0.14713758257918003,0.1471375825788837,0.14713758257918003,0.14713758257954895,0.1459251184093779,0.14592511840948139,0.14592511840965836,0.14592511840948139,0.1459251184093779,0.14592511840948139,0.14592511840985709,0.14592511841073066,0.14592511840985709,0.14592511840948139,0.14592511840965836,0.14592511841073066,0.14592511841543707,0.14592511841073066,0.14592511840965836,0.14592511840948139,0.14592511840985709,0.14592511841073066,0.14592511840985709,0.14592511840948139,0.1459251184093779,0.14592511840948139,0.14592511840965836,0.14592511840948139,0.1459251184093779,0.14473660977506206,0.14473660977539282,0.14473660977577232,0.14473660977539282,0.14473660977506206,0.14473660977539282,0.14473660977616662,0.14473660977752548,0.14473660977616662,0.14473660977539282,0.14473660977577232,0.14473660977752548,0.1447366097837597,0.14473660977752548,0.14473660977577232,0.14473660977539282,0.14473660977616662,0.14473660977752548,0.14473660977616662,0.14473660977539282,0.14473660977506206,0.14473660977539282,0.14473660977577232,0.14473660977539282,0.14473660977506206,0.14357153081341284,0.1435715308138081,0.14357153081421467,0.1435715308138081,0.14357153081341284,0.1435715308138081,0.14357153081462637,0.1435715308158786,0.14357153081462637,0.1435715308138081,0.14357153081421467,0.1435715308158786,0.14357153082083657,0.1435715308158786,0.14357153081421467,0.1435715308138081,0.14357153081462637,0.1435715308158786,0.14357153081462637,0.1435715308138081,0.14357153081341284,0.1435715308138081,0.14357153081421467,0.1435715308138081,0.14357153081341284,0.14242936447543367,0.14242936447585355,0.1424293644762669,0.14242936447585355,0.14242936447543367,0.14242936447585355,0.14242936447667773,0.14242936447788554,0.14242936447667773,0.14242936447585355,0.1424293644762669,0.14242936447788554,0.14242936448259602,0.14242936447788554,0.1424293644762669,0.14242936447585355,0.14242936447667773,0.14242936447788554,0.14242936447667773,0.14242936447585355,0.14242936447543367,0.14242936447585355,0.1424293644762669,0.14242936447585355,0.14242936447543367,0.14130960273894594,0.141309602739415,0.14130960273986087,0.141309602739415,0.14130960273894594,0.141309602739415,0.14130960274029736,0.14130960274155668,0.14130960274029736,0.141309602739415,0.14130960273986087,0.14130960274155668,0.1413096027464813,0.14130960274155668,0.14130960273986087,0.141309602739415,0.14130960274029736,0.14130960274155668,0.14130960274029736,0.141309602739415,0.14130960273894594,0.141309602739415,0.14130960273986087,0.141309602739415,0.14130960273894594,0.14021174677737036,0.1402117467779712,0.1402117467785069,0.1402117467779712,0.14021174677737036,0.1402117467779712,0.1402117467790216,0.14021174678038015,0.1402117467790216,0.1402117467779712,0.1402117467785069,0.14021174678038015,0.1402117467853645,0.14021174678038015,0.1402117467785069,0.1402117467779712,0.1402117467790216,0.14021174678038015,0.1402117467790216,0.1402117467779712,0.14021174677737036,0.1402117467779712,0.1402117467785069,0.1402117467779712,0.14021174677737036,0.13913530708873248,0.13913530708969032,0.13913530709050698,0.13913530708969032,0.13913530708873248,0.13913530708969032,0.13913530709129296,0.13913530709296784,0.13913530709129296,0.13913530708969032,0.13913530709050698,0.13913530709296784,0.1391353070963089,0.13913530709296784,0.13913530709050698,0.13913530708969032,0.13913530709129296,0.13913530709296784,0.13913530709129296,0.13913530708969032,0.13913530708873248,0.13913530708969032,0.13913530709050698,0.13913530708969032,0.13913530708873248,0.13807980358857364,0.13807980359036282,0.13807980359211913,0.13807980359036282,0.13807980358857364,0.13807980359036282,0.13807980359388458,0.1380798035985805,0.13807980359388458,0.13807980359036282,0.13807980359211913,0.1380798035985805,0.13807980361149405,0.1380798035985805,0.13807980359211913,0.13807980359036282,0.13807980359388458,0.1380798035985805,0.13807980359388458,0.13807980359036282,0.13807980358857364,0.13807980359036282,0.13807980359211913,0.13807980359036282,0.13807980358857364,0.1370447656702763,0.13704476567300036,0.1370447656762665,0.13704476567300036,0.1370447656702763,0.13704476567300036,0.13704476567964438,0.13704476569285848,0.13704476567964438,0.13704476567300036,0.1370447656762665,0.13704476569285848,0.13704476576574523,0.13704476569285848,0.1370447656762665,0.13704476567300036,0.13704476567964438,0.13704476569285848,0.13704476567964438,0.13704476567300036,0.1370447656702763,0.13704476567300036,0.1370447656762665,0.13704476567300036,0.1370447656702763,0.13602973223757117,0.1360297322394499,0.13602973224128062,0.1360297322394499,0.13602973223757117,0.1360297322394499,0.13602973224311332,0.13602973224798923,0.13602973224311332,0.1360297322394499,0.13602973224128062,0.13602973224798923,0.1360297322614765,0.13602973224798923,0.13602973224128062,0.1360297322394499,0.13602973224311332,0.13602973224798923,0.13602973224311332,0.1360297322394499,0.13602973223757117,0.1360297322394499,0.13602973224128062,0.1360297322394499,0.13602973223757117,0.13503425171409844,0.13503425171527025,0.13503425171623543,0.13503425171527025,0.13503425171409844,0.13503425171527025,0.1350342517171499,0.13503425171900812,0.1350342517171499,0.13503425171527025,0.13503425171623543,0.13503425171900812,0.1350342517223795,0.13503425171900812,0.13503425171623543,0.13503425171527025,0.1350342517171499,0.13503425171900812,0.1350342517171499,0.13503425171527025,0.13503425171409844,0.13503425171527025,0.13503425171623543,0.13503425171527025,0.13503425171409844
0.16533248795608818,0.16533248795608818,0.16533248795608796,0.16533248795608818,0.16533248795608818,0.16533248795608818,0.16533248795608796,0.16533248795608774,0.16533248795608796,0.16533248795608818,0.16533248795608796,0.16533248795608774,0.16533248795608774,0.16533248795608774,0.16533248795608796,0.16533248795608818,0.16533248795608796,0.16533248795608774,0.16533248795608796,0.16533248795608818,0.16533248795608818,0.16533248795608818,0.16533248795608796,0.16533248795608818,0.16533248795608818,0.16375749423389263,0.1637574942338924,0.1637574942338922,0.1637574942338924,0.16375749423389263,0.1637574942338924,0.16375749423389194,0.16375749423389171,0.16375749423389194,0.1637574942338924,0.1637574942338922,0.16375749423389171,0.1637574942338915,0.16375749423389171,0.1637574942338922,0.1637574942338924,0.16375749423389194,0.16375749423389171,0.16375749423389194,0.1637574942338924,0.16375749423389263,0.1637574942338924,0.1637574942338922,0.1637574942338924,0.16375749423389263,0.16221388444365664,0.1622138844436555,0.1622138844436546,0.1622138844436555,0.16221388444365664,0.1622138844436555,0.16221388444365414,0.16221388444365345,0.16221388444365414,0.1622138844436555,0.1622138844436546,0.16221388444365345,0.16221388444365256,0.16221388444365345,0.1622138844436546,0.1622138844436555,0.16221388444365414,0.16221388444365345,0.16221388444365414,0.1622138844436555,0.16221388444365664,0.1622138844436555,0.1622138844436546,0.1622138844436555,0.16221388444365664,0.16070106754242172,0.16070106754241814,0.16070106754241592,0.16070106754241814,0.16070106754242172,0.16070106754241814,0.16070106754241437,0.16070106754241195,0.16070106754241437,0.16070106754241814,0.16070106754241592,0.16070106754241195,0.16070106754240926,0.16070106754241195,0.16070106754241592,0.16070106754241814,0.16070106754241437,0.16070106754241195,0.16070106754241437,0.16070106754241814,0.16070106754242172,0.16070106754241814,0.16070106754241592,0.16070106754241814,0.16070106754242172,0.15921845190517075,0.15921845190516054,0.15921845190515377,0.15921845190516054,0.15921845190517075,0.15921845190516054,0.15921845190514855,0.1592184519051405,0.15921845190514855,0.15921845190516054,0.15921845190515377,0.1592184519051405,0.15921845190513179,0.1592184519051405,0.15921845190515377,0.15921845190516054,0.15921845190514855,0.1592184519051405,0.15921845190514855,0.15921845190516054,0.15921845190517075,0.15921845190516054,0.15921845190515377,0.15921845190516054,0.15921845190517075,0.157765446676685,0.1577654466766547,0.15776544667663442,0.1577654466766547,0.157765446676685,0.1577654466766547,0.157765446676618,0.1577654466765924,0.157765446676618,0.1577654466766547,0.15776544667663442,0.1577654466765924,0.1577654466765625,0.1577654466765924,0.15776544667663442,0.1577654466766547,0.157765446676618,0.1577654466765924,0.157765446676618,0.1577654466766547,0.157765446676685,0.1577654466766547,0.15776544667663442,0.1577654466766547,0.157765446676685,0.15634146298588433,0.15634146298579818,0.15634146298573817,0.15634146298579818,0.15634146298588433,0.15634146298579818,0.1563414629856867,0.1563414629856031,0.1563414629856867,0.15634146298579818,0.15634146298573817,0.1563414629856031,0.15634146298549645,0.1563414629856031,0.15634146298573817,0.15634146298579818,0.1563414629856867,0.1563414629856031,0.1563414629856867,0.15634146298579818,0.15634146298588433,0.15634146298579818,0.15634146298573817,0.15634146298579818,0.15634146298588433,0.1549459150329354,0.15494591503270322,0.154945915032529,0.15494591503270322,0.1549459150329354,0.15494591503270322,0.15494591503237162,0.1549459150320923,0.15494591503237162,0.15494591503270322,0.154945915032529,0.1549459150320923,0.15494591503168162,0.1549459150320923,0.154945915032529,0.15494591503270322,0.15494591503237162,0.1549459150320923,0.15494591503237162,0.15494591503270322,0.1549459150329354,0.15494591503270322,0.154945915032529,0.15494591503270322,0.1549459150329354,0.15357822105887156,0.15357822105829294,0.15357822105781072,0.15357822105829294,0.15357822105887156,0.15357822105829294,0.15357822105735158,0.153578221056403,0.15357822105735158,0.15357822105829294,0.15357822105781072,0.153578221056403,0.15357822105464522,0.153578221056403,0.15357822105781072,0.15357822105829294,0.15357822105735158,0.153578221056403,0.15357822105735158,0.15357822105829294,0.15357822105887156,0.15357822105829294,0.15357822105781072,0.15357822105829294,0.15357822105887156,0.15223780420692448,0.15223780420566982,0.15223780420445845,0.15223780420566982,0.15223780420692448,0.15223780420566982,0.15223780420324792,0.15223780420008726,0.15223780420324792,0.15223780420566982,0.15223780420445845,0.15223780420008726,0.15223780419158559,0.15223780420008726,0.15223780420445845,0.15223780420566982,0.15223780420324792,0.15223780420008726,0.15223780420324792,0.15223780420566982,0.15223780420692448,0.15223780420566982,0.15223780420445845,0.15223780420566982,0.15223780420692448,0.15092409328410467,0.15092409328202788,0.15092409327962952,0.15092409328202788,0.15092409328410467,0.15092409328202788,0.15092409327715742,0.15092409326808132,0.15092409327715742,0.15092409328202788,0.15092409327962952,0.15092409326808132,0.15092409322155712,0.15092409326808132,0.15092409327962952,0.15092409328202788,0.15092409327715742,0.15092409326808132,0.15092409327715742,0.15092409328202788,0.15092409328410467,0.15092409328202788,0.15092409327962952,0.15092409328202788,0.15092409328410467,0.14963652343042078,0.14963652342858383,0.14963652342659392,0.14963652342858383,0.14963652343042078,0.14963652342858383,0.14963652342455805,0.1496365234179248,0.14963652342455805,0.14963652342858383,0.14963652342659392,0.1496365234179248,0.1496365233895802,0.1496365234179248,0.14963652342659392,0.14963652342858383,0.14963652342455805,0.1496365234179248,0.14963652342455805,0.14963652342858383,0.14963652343042078,0.14963652342858383,0.14963652342659392,0.14963652342858383,0.14963652343042078,0.14837453670181278,0.14837453670074047,0.14837453669969095,0.14837453670074047,0.14837453670181278,0.14837453670074047,0.14837453669864087,0.14837453669570802,0.14837453669864087,0.14837453670074047,0.14837453669969095,0.14837453669570802,0.14837453668550338,0.14837453669570802,0.14837453669969095,0.14837453670074047,0.14837453669864087,0.14837453669570802,0.14837453669864087,0.14837453670074047,0.14837453670181278,0.14837453670074047,0.14837453669969095,0.14837453670074047,0.14837453670181278,0.14713758257956713,0.14713758257919926,0.1471375825789039,0.14713758257919926,0.14713758257956713,0.14713758257919926,0.14713758257862725,0.1471375825780977,0.14713758257862725,0.14713758257919926,0.1471375825789039,0.1471375825780977,0.1471375825773204,0.1471375825780977,0.1471375825789039,0.14713758257919926,0.14713758257862725,0.1471375825780977,0.14713758257862725,0.14713758257919926,0.14713758257956713,0.14713758257919926,0.1471375825789039,0.14713758257919926,0.14713758257956713,0.1459251184093407,0.1459251184094422,0.14592511840961725,0.1459251184094422,0.1459251184093407,0.1459251184094422,0.14592511840981365,0.14592511841067993,0.14592511840981365,0.1459251184094422,0.14592511840961725,0.14592511841067993,0.145925118415376,0.14592511841067993,0.14592511840961725,0.1459251184094422,0.14592511840981365,0.14592511841067993,0.14592511840981365,0.1459251184094422,0.1459251184093407,0.1459251184094422,0.14592511840961725,0.1459251184094422,0.1459251184093407,0.14473660977497216,0.14473660977529912,0.1447366097756742,0.14473660977529912,0.14473660977497216,0.14473660977529912,0.14473660977606417,0.14473660977740785,0.14473660977606417,0.14473660977529912,0.1447366097756742,0.14473660977740785,0.14473660978354674,0.14473660977740785,0.1447366097756742,0.14473660977529912,0.14473660977606417,0.14473660977740785,0.14473660977606417,0.14473660977529912,0.14473660977497216,0.14473660977529912,0.1447366097756742,0.14473660977529912,0.14473660977497216,0.14357153081327767,0.1435715308136685,0.1435715308140704,0.1435715308136685,0.14357153081327767,0.1435715308136685,0.14357153081447716,0.14357153081571344,0.14357153081447716,0.1435715308136685,0.1435715308140704,0.14357153081571344,0.1435715308206273,0.14357153081571344,0.1435715308140704,0.1435715308136685,0.14357153081447716,0.14357153081571344,0.14357153081447716,0.1435715308136685,0.14357153081327767,0.1435715308136685,0.1435715308140704,0.1435715308136685,0.14357153081327767,0.1424293644752614,0.14242936447567775,0.1424293644760874,0.14242936447567775,0.1424293644752614,0.14242936447567775,0.1424293644764947,0.14242936447769197,0.1424293644764947,0.14242936447567775,0.1424293644760874,0.14242936447769197,0.14242936448234741,0.14242936447769197,0.1424293644760874,0.14242936447567775,0.1424293644764947,0.14242936447769197,0.1424293644764947,0.14242936447567775,0.1424293644752614,0.14242936447567775,0.1424293644760874,0.14242936447567775,0.1424293644752614,0.14130960273874366,0.14130960273920992,0.14130960273965285,0.14130960273920992,0.14130960273874366,0.14130960273920992,0.14130960274008653,0.14130960274133747,0.14130960274008653,0.14130960273920992,0.14130960273965285,0.14130960274133747,0.14130960274623444,0.14130960274133747,0.14130960273965285,0.14130960273920992,0.14130960274008653,0.14130960274133747,0.14130960274008653,0.14130960273920992,0.14130960273874366,0.14130960273920992,0.14130960273965285,0.14130960273920992,0.14130960273874366,0.14021174677714365,0.1402117467777421,0.14021174677827533,0.1402117467777421,0.14021174677714365,0.1402117467777421,0.14021174677878778,0.14021174678013942,0.14021174677878778,0.1402117467777421,0.14021174677827533,0.14021174678013942,0.140211746785096,0.14021174678013942,0.14021174677827533,0.1402117467777421,0.14021174677878778,0.14021174678013942,0.14021174677878778,0.1402117467777419,0.14021174677714365,0.1402117467777421,0.14021174677827533,0.1402117467777419,0.14021174677714365,0.13913530708848568,0.13913530708944147,0.13913530709025623,0.13913530708944147,0.13913530708848568,0.13913530708944147,0.1391353070910403,0.13913530709271138,0.1391353070910403,0.13913530708944147,0.13913530709025623,0.13913530709271138,0.1391353070960439,0.13913530709271138,0.13913530709025623,0.13913530708944147,0.1391353070910403,0.13913530709271138,0.1391353070910403,0.13913530708944147,0.13913530708848568,0.13913530708944147,0.13913530709025623,0.13913530708944147,0.13913530708848568,0.13807980358831085,0.13807980359009725,0.13807980359185093,0.13807980359009725,0.13807980358831085,0.13807980359009725,0.13807980359361374,0.1380798035983028,0.13807980359361374,0.13807980359009725,0.13807980359185093,0.1380798035983028,0.1380798036111979,0.1380798035983028,0.13807980359185093,0.13807980359009725,0.13807980359361374,0.1380798035983028,0.13807980359361374,0.13807980359009725,0.13807980358831085,0.13807980359009725,0.13807980359185093,0.13807980359009725,0.13807980358831085,0.13704476567000276,0.13704476567272306,0.1370447656759846,0.13704476567272306,0.13704476567000276,0.13704476567272306,0.13704476567935792,0.13704476569255408,0.13704476567935778,0.13704476567272306,0.1370447656759846,0.13704476569255408,0.13704476576534355,0.13704476569255408,0.1370447656759846,0.13704476567272306,0.13704476567935778,0.13704476569255408,0.13704476567935778,0.13704476567272306,0.13704476567000276,0.13704476567272306,0.1370447656759846,0.13704476567272306,0.13704476567000276,0.1360297322372946,0.13602973223917078,0.13602973224099899,0.13602973223917078,0.1360297322372946,0.13602973223917078,0.1360297322428291,0.1360297322476985,0.1360297322428291,0.13602973223917078,0.13602973224099899,0.1360297322476985,0.13602973226116738,0.1360297322476985,0.13602973224099899,0.13602973223917078,0.1360297322428291,0.1360297322476985,0.1360297322428291,0.13602973223917078,0.1360297322372946,0.13602973223917078,0.13602973224099899,0.13602973223917078,0.1360297322372946,0.13503425171382397,0.13503425171499417,0.135034251715958,0.13503425171499417,0.13503425171382397,0.13503425171499417,0.13503425171687114,0.1350342517187269,0.13503425171687114,0.13503425171499417,0.135034251715958,0.1350342517187269,0.13503425172209377,0.1350342517187269,0.135034251715958,0.13503425171499417,0.13503425171687114,0.1350342517187269,0.13503425171687114,0.13503425171499417,0.13503425171382397,0.13503425171499417,0.135034251715958,0.13503425171499417,0.13503425171382397
0.1653324879562921,0.16533248795629185,0.16533248795629185,0.16533248795629185,0.1653324879562921,0.16533248795629185,0.16533248795629163,0.16533248795629163,0.16533248795629163,0.16533248795629185,0.16533248795629185,0.16533248795629163,0.16533248795629138,0.16533248795629163,0.16533248795629185,0.16533248795629185,0.16533248795629163,0.16533248795629163,0.16533248795629163,0.16533248795629185,0.1653324879562921,0.16533248795629185,0.16533248795629185,0.16533248795629185,0.1653324879562921,0.16375749423409247,0.163757494234092,0.16375749423409178,0.163757494234092,0.16375749423409247,0.163757494234092,0.16375749423409153,0.1637574942340913,0.16375749423409153,0.163757494234092,0.16375749423409178,0.1637574942340913,0.16375749423409108,0.1637574942340913,0.16375749423409178,0.163757494234092,0.16375749423409153,0.1637574942340913,0.16375749423409153,0.163757494234092,0.16375749423409247,0.163757494234092,0.16375749423409178,0.163757494234092,0.16375749423409247,0.16221388444385226,0.16221388444385113,0.1622138844438502,0.16221388444385113,0.16221388444385226,0.16221388444385113,0.16221388444384977,0.16221388444384907,0.16221388444384977,0.16221388444385113,0.1622138844438502,0.16221388444384907,0.16221388444384818,0.16221388444384907,0.16221388444385043,0.16221388444385113,0.16221388444384977,0.16221388444384907,0.16221388444384977,0.16221388444385113,0.16221388444385226,0.16221388444385113,0.16221388444385043,0.16221388444385113,0.16221388444385226,0.16070106754261343,0.16070106754260988,0.16070106754260766,0.16070106754260988,0.16070106754261343,0.16070106754260988,0.1607010675426061,0.16070106754260366,0.1607010675426061,0.16070106754260988,0.16070106754260766,0.16070106754260366,0.16070106754260097,0.16070106754260366,0.16070106754260766,0.16070106754260988,0.1607010675426061,0.16070106754260366,0.1607010675426061,0.16070106754260988,0.16070106754261343,0.16070106754260988,0.16070106754260766,0.16070106754260988,0.16070106754261343,0.15921845190535866,0.1592184519053482,0.15921845190534145,0.1592184519053482,0.15921845190535866,0.1592184519053482,0.15921845190533643,0.15921845190532838,0.15921845190533643,0.1592184519053482,0.15921845190534145,0.15921845190532838,0.15921845190531944,0.15921845190532838,0.15921845190534145,0.1592184519053482,0.15921845190533643,0.15921845190532838,0.15921845190533643,0.1592184519053482,0.15921845190535866,0.1592184519053482,0.15921845190534145,0.1592184519053482,0.15921845190535866,0.1577654466768689,0.15776544667683862,0.15776544667681833,0.15776544667683862,0.1577654466768689,0.15776544667683862,0.1577654466768019,0.15776544667677653,0.1577654466768019,0.15776544667683862,0.15776544667681833,0.15776544667677653,0.15776544667674666,0.15776544667677653,0.15776544667681833,0.15776544667683862,0.1577654466768019,0.15776544667677653,0.1577654466768019,0.15776544667683862,0.1577654466768689,0.15776544667683862,0.15776544667681833,0.15776544667683862,0.1577654466768689,0.15634146298606397,0.15634146298597823,0.15634146298591822,0.15634146298597823,0.15634146298606397,0.15634146298597823,0.15634146298586699,0.15634146298578355,0.15634146298586699,0.15634146298597823,0.15634146298591822,0.15634146298578355,0.15634146298567733,0.15634146298578355,0.15634146298591822,0.15634146298597823,0.15634146298586699,0.15634146298578355,0.15634146298586699,0.15634146298597823,0.15634146298606397,0.15634146298597823,0.15634146298591822,0.15634146298597823,0.15634146298606397,0.15494591503311061,0.15494591503287924,0.15494591503270544,0.15494591503287924,0.15494591503311061,0.15494591503287924,0.15494591503254845,0.15494591503226998,0.15494591503254845,0.15494591503287924,0.15494591503270544,0.15494591503226998,0.1549459150318603,0.15494591503226998,0.15494591503270544,0.15494591503287924,0.15494591503254845,0.15494591503226998,0.15494591503254845,0.15494591503287924,0.15494591503311061,0.15494591503287924,0.15494591503270544,0.15494591503287924,0.15494591503311061,0.1535782210590411,0.15357822105846405,0.15357822105798322,0.15357822105846405,0.1535782210590411,0.15357822105846405,0.15357822105752553,0.15357822105657934,0.15357822105752553,0.15357822105846405,0.15357822105798322,0.15357822105657934,0.1535782210548262,0.15357822105657934,0.15357822105798322,0.15357822105846405,0.15357822105752553,0.15357822105657934,0.15357822105752553,0.15357822105846405,0.1535782210590411,0.15357822105846405,0.15357822105798322,0.15357822105846405,0.1535782210590411,0.15223780420708471,0.1522378042058338,0.1522378042046258,0.1522378042058338,0.15223780420708471,0.1522378042058338,0.15223780420341876,0.15223780420026678,0.15223780420341876,0.1522378042058338,0.1522378042046258,0.15223780420026678,0.15223780419178773,0.15223780420026678,0.1522378042046258,0.1522378042058338,0.15223780420341876,0.15223780420026678,0.15223780420341876,0.1522378042058338,0.15223780420708471,0.1522378042058338,0.1522378042046258,0.1522378042058338,0.15223780420708471,0.1509240932842482,0.15092409328217776,0.15092409327978654,0.15092409328217776,0.1509240932842482,0.15092409328217776,0.1509240932773216,0.15092409326827078,0.1509240932773216,0.15092409328217776,0.15092409327978654,0.15092409326827078,0.1509240932218521,0.15092409326827078,0.15092409327978654,0.15092409328217776,0.1509240932773216,0.15092409326827078,0.1509240932773216,0.15092409328217776,0.1509240932842482,0.15092409328217776,0.15092409327978654,0.15092409328217776,0.1509240932842482,0.1496365234305346,0.14963652342870407,0.14963652342672099,0.14963652342870407,0.1496365234305346,0.14963652342870407,0.14963652342469247,0.1496365234180838,0.14963652342469247,0.14963652342870407,0.14963652342672099,0.1496365234180838,0.14963652338986683,0.1496365234180838,0.14963652342672099,0.14963652342870407,0.14963652342469247,0.1496365234180838,0.14963652342469247,0.14963652342870407,0.1496365234305346,0.14963652342870407,0.14963652342672099,0.14963652342870407,0.1496365234305346,0.14837453670188339,0.14837453670081516,0.14837453669976988,0.14837453670081516,0.14837453670188339,0.14837453670081516,0.14837453669872425,0.1483745366958055,0.14837453669872425,0.14837453670081516,0.14837453669976988,0.1483745366958055,0.14837453668564238,0.1483745366958055,0.14837453669976988,0.14837453670081516,0.14837453669872425,0.1483745366958055,0.14837453669872425,0.14837453670081516,0.14837453670188339,0.14837453670081516,0.14837453669976988,0.14837453670081516,0.14837453670188339,0.14713758257958548,0.14713758257921836,0.14713758257892387,0.14713758257921836,0.14713758257958548,0.14713758257921836,0.14713758257864792,0.14713758257812004,0.14713758257864792,0.14713758257921836,0.14713758257892387,0.14713758257812004,0.1471375825773471,0.14713758257812004,0.14713758257892387,0.14713758257921836,0.14713758257864792,0.14713758257812004,0.14713758257864792,0.14713758257921836,0.14713758257958548,0.14713758257921836,0.14713758257892387,0.14713758257921836,0.14713758257958548,0.14592511840930403,0.14592511840940356,0.14592511840957648,0.14592511840940356,0.14592511840930403,0.14592511840940356,0.1459251184097709,0.14592511841063005,0.1459251184097709,0.14592511840940356,0.14592511840957648,0.14592511841063005,0.14592511841527023,0.14592511841063005,0.14592511840957648,0.14592511840940356,0.1459251184097709,0.14592511841063005,0.1459251184097709,0.14592511840940356,0.14592511840930403,0.14592511840940356,0.14592511840957648,0.14592511840940356,0.14592511840930403,0.14473660977488348,0.1447366097752066,0.1447366097755775,0.1447366097752066,0.14473660977488348,0.1447366097752066,0.1447366097759631,0.14473660977729177,0.1447366097759631,0.1447366097752066,0.1447366097755775,0.14473660977729177,0.14473660978337796,0.14473660977729177,0.1447366097755775,0.1447366097752066,0.1447366097759631,0.14473660977729177,0.1447366097759631,0.1447366097752066,0.14473660977488348,0.1447366097752066,0.1447366097755775,0.1447366097752066,0.14473660977488348,0.1435715308131442,0.14357153081353072,0.14357153081392807,0.14357153081353072,0.1435715308131442,0.14357153081353072,0.14357153081433002,0.14357153081555038,0.14357153081433002,0.14357153081353072,0.14357153081392807,0.14357153081555038,0.14357153082039376,0.14357153081555038,0.14357153081392807,0.14357153081353072,0.14357153081433002,0.14357153081555038,0.14357153081433002,0.14357153081353072,0.1435715308131442,0.14357153081353072,0.14357153081392807,0.14357153081353072,0.1435715308131442,0.1424293644750913,0.14242936447550414,0.1424293644759101,0.14242936447550414,0.1424293644750913,0.14242936447550414,0.14242936447631388,0.14242936447750074,0.14242936447631388,0.14242936447550414,0.1424293644759101,0.14242936447750074,0.14242936448214039,0.14242936447750074,0.1424293644759101,0.14242936447550414,0.14242936447631388,0.14242936447750074,0.14242936447631388,0.14242936447550414,0.1424293644750913,0.14242936447550414,0.1424293644759101,0.14242936447550414,0.1424293644750913,0.14130960273854384,0.14130960273900714,0.14130960273944726,0.14130960273900714,0.14130960273854384,0.14130960273900714,0.141309602739878,0.1413096027411207,0.141309602739878,0.14130960273900714,0.14130960273944726,0.1413096027411207,0.14130960274597884,0.1413096027411207,0.14130960273944726,0.14130960273900714,0.141309602739878,0.1413096027411207,0.141309602739878,0.14130960273900714,0.14130960273854384,0.14130960273900714,0.14130960273944726,0.14130960273900714,0.14130960273854384,0.14021174677691936,0.14021174677751536,0.14021174677804651,0.14021174677751536,0.14021174677691936,0.14021174677751536,0.14021174677855672,0.14021174677990156,0.14021174677855672,0.14021174677751536,0.14021174677804651,0.14021174677990156,0.14021174678485962,0.14021174677990156,0.14021174677804651,0.14021174677751536,0.14021174677855672,0.14021174677990156,0.14021174677855672,0.14021174677751536,0.14021174677691936,0.14021174677751536,0.14021174677804651,0.14021174677751536,0.14021174677691936,0.13913530708824157,0.13913530708919528,0.13913530709000846,0.13913530708919528,0.13913530708824157,0.13913530708919528,0.13913530709079064,0.13913530709245775,0.13913530709079064,0.13913530708919528,0.13913530709000846,0.13913530709245775,0.1391353070957819,0.13913530709245775,0.13913530709000846,0.13913530708919528,0.13913530709079064,0.13913530709245775,0.13913530709079064,0.13913530708919528,0.13913530708824157,0.13913530708919528,0.13913530709000846,0.13913530708919528,0.13913530708824157,0.138079803588051,0.1380798035898346,0.13807980359158564,0.1380798035898346,0.138079803588051,0.1380798035898346,0.13807980359334582,0.13807980359802807,0.13807980359334582,0.1380798035898346,0.13807980359158564,0.13807980359802807,0.13807980361090536,0.13807980359802807,0.13807980359158564,0.1380798035898346,0.13807980359334582,0.13807980359802807,0.13807980359334582,0.1380798035898346,0.138079803588051,0.1380798035898346,0.13807980359158564,0.1380798035898346,0.138079803588051,0.13704476566973242,0.13704476567244891,0.1370447656757061,0.13704476567244891,0.13704476566973242,0.13704476567244891,0.13704476567907453,0.13704476569225305,0.13704476567907453,0.13704476567244891,0.1370447656757061,0.13704476569225305,0.13704476576495234,0.13704476569225305,0.1370447656757061,0.13704476567244891,0.13704476567907453,0.13704476569225305,0.13704476567907453,0.13704476567244891,0.13704476566973242,0.13704476567244891,0.1370447656757061,0.13704476567244891,0.13704476566973242,0.1360297322370211,0.1360297322388948,0.13602973224072046,0.1360297322388948,0.1360297322370211,0.1360297322388948,0.13602973224254805,0.136029732247411,0.13602973224254805,0.1360297322388948,0.13602973224072046,0.136029732247411,0.13602973226086174,0.136029732247411,0.13602973224072046,0.1360297322388948,0.13602973224254805,0.136029732247411,0.13602973224254805,0.1360297322388948,0.1360297322370211,0.1360297322388948,0.13602973224072046,0.1360297322388948,0.1360297322370211,0.13503425171355252,0.13503425171472114,0.13503425171568367,0.13503425171472114,0.13503425171355252,0.13503425171472114,0.1350342517165956,0.1350342517184489,0.1350342517165956,0.13503425171472114,0.13503425171568367,0.1350342517184489,0.13503425172181108,0.1350342517184489,0.13503425171568367,0.13503425171472114,0.1350342517165956,0.1350342517184489,0.1350342517165956,0.13503425171472114,0.13503425171355252,0.13503425171472114,0.13503425171568367,0.13503425171472114,0.13503425171355252
0.1653324879564936,0.1653324879564934,0.16533248795649316,0.1653324879564934,0.1653324879564936,0.1653324879564934,0.16533248795649316,0.16533248795649316,0.16533248795649316,0.1653324879564934,0.16533248795649316,0.16533248795649316,0.1653324879564929,0.16533248795649316,0.16533248795649316,0.1653324879564934,0.16533248795649316,0.16533248795649316,0.16533248795649316,0.1653324879564934,0.1653324879564936,0.1653324879564934,0.16533248795649316,0.1653324879564934,0.1653324879564934,0.16375749423428973,0.1637574942342895,0.1637574942342893,0.1637574942342895,0.16375749423428973,0.1637574942342895,0.1637574942342891,0.16375749423428884,0.1637574942342891,0.1637574942342895,0.1637574942342893,0.16375749423428884,0.1637574942342886,0.16375749423428884,0.1637574942342893,0.1637574942342895,0.1637574942342891,0.16375749423428884,0.1637574942342891,0.1637574942342895,0.16375749423428973,0.1637574942342895,0.1637574942342893,0.1637574942342895,0.16375749423428973,0.1622138844440456,0.16221388444404447,0.1622138844440438,0.16221388444404447,0.1622138844440456,0.16221388444404447,0.16221388444404333,0.16221388444404244,0.16221388444404333,0.16221388444404447,0.1622138844440438,0.16221388444404244,0.16221388444404175,0.16221388444404244,0.1622138844440438,0.16221388444404447,0.16221388444404333,0.16221388444404244,0.16221388444404333,0.16221388444404447,0.1622138844440456,0.16221388444404447,0.1622138844440438,0.16221388444404447,0.1622138844440456,0.16070106754280292,0.16070106754279936,0.16070106754279714,0.16070106754279936,0.16070106754280292,0.16070106754279936,0.1607010675427956,0.16070106754279315,0.1607010675427956,0.16070106754279936,0.16070106754279714,0.16070106754279315,0.16070106754279048,0.16070106754279315,0.16070106754279714,0.16070106754279936,0.1607010675427956,0.16070106754279315,0.1607010675427956,0.16070106754279936,0.16070106754280292,0.16070106754279936,0.16070106754279714,0.16070106754279936,0.16070106754280292,0.15921845190554437,0.1592184519055339,0.15921845190552716,0.1592184519055339,0.15921845190554437,0.1592184519055339,0.15921845190552217,0.1592184519055141,0.15921845190552217,0.1592184519055339,0.15921845190552716,0.1592184519055141,0.1592184519055054,0.1592184519055141,0.15921845190552716,0.1592184519055339,0.15921845190552217,0.1592184519055141,0.15921845190552217,0.1592184519055339,0.15921845190554437,0.1592184519055339,0.15921845190552716,0.1592184519055339,0.15921845190554437,0.1577654466770507,0.15776544667702042,0.15776544667700035,0.15776544667702042,0.1577654466770507,0.15776544667702042,0.15776544667698394,0.15776544667695855,0.15776544667698394,0.15776544667702042,0.15776544667700035,0.15776544667695855,0.15776544667692866,0.15776544667695855,0.15776544667700035,0.15776544667702042,0.15776544667698394,0.15776544667695855,0.15776544667698394,0.15776544667702042,0.1577654466770507,0.15776544667702042,0.15776544667700035,0.15776544667702042,0.1577654466770507,0.1563414629862419,0.15634146298615617,0.1563414629860966,0.15634146298615617,0.1563414629862419,0.15634146298615617,0.15634146298604537,0.15634146298596213,0.15634146298604537,0.15634146298615617,0.1563414629860966,0.15634146298596213,0.1563414629858561,0.15634146298596213,0.1563414629860966,0.15634146298615617,0.15634146298604537,0.15634146298596213,0.15634146298604537,0.15634146298615617,0.1563414629862419,0.15634146298615617,0.1563414629860966,0.15634146298615617,0.1563414629862419,0.15494591503328398,0.15494591503305322,0.15494591503287988,0.15494591503305322,0.15494591503328398,0.15494591503305322,0.1549459150327235,0.15494591503244562,0.1549459150327235,0.15494591503305322,0.15494591503287988,0.15494591503244562,0.15494591503203717,0.15494591503244562,0.15494591503287988,0.15494591503305322,0.1549459150327235,0.15494591503244562,0.1549459150327235,0.15494591503305322,0.15494591503328398,0.15494591503305322,0.15494591503287988,0.15494591503305322,0.15494591503328398,0.15357822105920876,0.15357822105863336,0.15357822105815375,0.15357822105863336,0.15357822105920876,0.15357822105863336,0.15357822105769725,0.1535782210567537,0.15357822105769725,0.15357822105863336,0.15357822105815375,0.1535782210567537,0.15357822105500532,0.1535782210567537,0.15357822105815375,0.15357822105863336,0.15357822105769725,0.1535782210567537,0.15357822105769725,0.15357822105863336,0.15357822105920876,0.15357822105863336,0.15357822105815375,0.15357822105863336,0.15357822105920876,0.15223780420724337,0.152237804205996,0.15223780420479133,0.152237804205996,0.15223780420724337,0.152237804205996,0.15223780420358765,0.15223780420044433,0.15223780420358765,0.152237804205996,0.15223780420479133,0.15223780420044433,0.1522378041919877,0.15223780420044433,0.15223780420479133,0.152237804205996,0.15223780420358765,0.15223780420044433,0.15223780420358765,0.152237804205996,0.15223780420724337,0.152237804205996,0.15223780420479133,0.152237804205996,0.15223780420724337,0.15092409328439038,0.15092409328232614,0.15092409327994166,0.15092409328232614,0.15092409328439038,0.15092409328232614,0.15092409327748385,0.15092409326845807,0.15092409327748385,0.15092409328232614,0.15092409327994166,0.15092409326845807,0.15092409322218722,0.15092409326845807,0.15092409327994166,0.15092409328232614,0.15092409327748385,0.15092409326845807,0.15092409327748385,0.15092409328232614,0.15092409328439038,0.15092409328232614,0.15092409327994166,0.15092409328232614,0.15092409328439038,0.14963652343064732,0.14963652342882303,0.1496365234268469,0.14963652342882303,0.14963652343064732,0.14963652342882303,0.1496365234248256,0.14963652341824096,0.1496365234248256,0.14963652342882303,0.1496365234268469,0.14963652341824096,0.14963652339011643,0.14963652341824096,0.1496365234268469,0.14963652342882303,0.1496365234248256,0.14963652341824096,0.1496365234248256,0.14963652342882303,0.14963652343064732,0.14963652342882303,0.1496365234268469,0.14963652342882303,0.14963652343064732,0.14837453670195325,0.1483745367008889,0.14837453669984807,0.1483745367008889,0.14837453670195325,0.1483745367008889,0.14837453669880674,0.14837453669590187,0.14837453669880674,0.1483745367008889,0.14837453669984807,0.14837453669590187,0.14837453668578787,0.14837453669590187,0.14837453669984807,0.1483745367008889,0.14837453669880674,0.14837453669590187,0.14837453669880674,0.1483745367008889,0.14837453670195325,0.1483745367008889,0.14837453669984807,0.1483745367008889,0.14837453670195325,0.14713758257960366,0.14713758257923742,0.1471375825789437,0.14713758257923742,0.14713758257960366,0.14713758257923742,0.14713758257866846,0.14713758257814222,0.14713758257866846,0.14713758257923742,0.1471375825789437,0.14713758257814222,0.14713758257736145,0.14713758257814222,0.1471375825789437,0.14713758257923742,0.14713758257866846,0.14713758257814222,0.14713758257866846,0.14713758257923742,0.14713758257960366,0.14713758257923742,0.1471375825789437,0.14713758257923742,0.14713758257960366,0.14592511840926786,0.14592511840936565,0.1459251184095366,0.14592511840936565,0.14592511840926786,0.14592511840936565,0.14592511840972872,0.14592511841058092,0.14592511840972872,0.14592511840936565,0.1459251184095366,0.14592511841058092,0.14592511841520098,0.14592511841058092,0.1459251184095366,0.14592511840936565,0.14592511840972872,0.14592511841058092,0.14592511840972872,0.14592511840936565,0.14592511840926786,0.14592511840936565,0.1459251184095366,0.14592511840936565,0.14592511840926786,0.14473660977479605,0.1447366097751153,0.14473660977548203,0.1447366097751153,0.14473660977479605,0.1447366097751153,0.14473660977586325,0.14473660977717726,0.14473660977586325,0.1447366097751153,0.14473660977548203,0.14473660977717726,0.144736609783209,0.14473660977717726,0.14473660977548203,0.1447366097751153,0.14473660977586325,0.14473660977717726,0.14473660977586325,0.1447366097751153,0.14473660977479605,0.1447366097751153,0.14473660977548203,0.1447366097751153,0.14473660977479605,0.14357153081301227,0.14357153081339452,0.1435715308137872,0.14357153081339452,0.14357153081301227,0.14357153081339452,0.14357153081418456,0.14357153081538937,0.14357153081418456,0.14357153081339452,0.1435715308137872,0.14357153081538937,0.14357153082015178,0.14357153081538937,0.1435715308137872,0.14357153081339452,0.14357153081418456,0.14357153081538937,0.14357153081418456,0.14357153081339452,0.14357153081301227,0.14357153081339452,0.1435715308137872,0.14357153081339452,0.14357153081301227,0.14242936447492321,0.14242936447533236,0.14242936447573495,0.14242936447533236,0.14242936447492321,0.14242936447533236,0.14242936447613505,0.14242936447731167,0.14242936447613505,0.14242936447533236,0.14242936447573495,0.14242936447731167,0.14242936448188998,0.14242936447731167,0.14242936447573495,0.14242936447533236,0.14242936447613505,0.14242936447731167,0.14242936447613505,0.14242936447533236,0.14242936447492321,0.14242936447533236,0.14242936447573495,0.14242936447533236,0.14242936447492321,0.1413096027383463,0.14130960273880666,0.14130960273924398,0.14130960273880666,0.1413096027383463,0.14130960273880666,0.1413096027396719,0.1413096027409064,0.1413096027396719,0.14130960273880666,0.14130960273924398,0.1413096027409064,0.14130960274572507,0.1413096027409064,0.14130960273924398,0.14130960273880666,0.1413096027396719,0.1413096027409064,0.1413096027396719,0.14130960273880666,0.1413096027383463,0.14130960273880666,0.14130960273924398,0.14130960273880666,0.1413096027383463,0.1402117467766978,0.14021174677729153,0.14021174677782028,0.14021174677729153,0.1402117467766978,0.14021174677729153,0.14021174677832807,0.1402117467796663,0.14021174677832807,0.14021174677729153,0.14021174677782028,0.1402117467796663,0.14021174678457338,0.1402117467796663,0.14021174677782028,0.14021174677729153,0.14021174677832807,0.1402117467796663,0.14021174677832807,0.14021174677729153,0.1402117467766978,0.14021174677729153,0.14021174677782028,0.14021174677729153,0.1402117467766978,0.13913530708800043,0.13913530708895194,0.13913530708976324,0.13913530708895194,0.13913530708800043,0.13913530708895194,0.1391353070905438,0.13913530709220714,0.1391353070905438,0.13913530708895194,0.13913530708976324,0.13913530709220714,0.13913530709552277,0.13913530709220714,0.13913530708976324,0.13913530708895194,0.1391353070905438,0.13913530709220714,0.1391353070905438,0.13913530708895194,0.13913530708800043,0.13913530708895194,0.13913530708976324,0.13913530708895194,0.13913530708800043,0.1380798035877941,0.13807980358957506,0.13807980359132346,0.13807980358957506,0.1380798035877941,0.13807980358957506,0.138079803593081,0.1380798035977566,0.138079803593081,0.13807980358957506,0.13807980359132346,0.1380798035977566,0.13807980361061586,0.1380798035977566,0.13807980359132346,0.13807980358957506,0.138079803593081,0.1380798035977566,0.138079803593081,0.13807980358957506,0.1380798035877941,0.13807980358957506,0.13807980359132346,0.13807980358957506,0.1380798035877941,0.137044765669465,0.13704476567217766,0.13704476567543042,0.13704476567217766,0.137044765669465,0.13704476567217766,0.13704476567879448,0.13704476569195534,0.13704476567879448,0.13704476567217766,0.13704476567543042,0.13704476569195534,0.13704476576456587,0.13704476569195534,0.13704476567543042,0.13704476567217766,0.13704476567879448,0.13704476569195534,0.13704476567879448,0.13704476567217766,0.137044765669465,0.13704476567217766,0.13704476567543042,0.13704476567217766,0.137044765669465,0.13602973223675066,0.1360297322386218,0.1360297322404449,0.1360297322386218,0.13602973223675066,0.1360297322386218,0.13602973224227027,0.13602973224712667,0.13602973224227027,0.1360297322386218,0.1360297322404449,0.13602973224712667,0.1360297322605595,0.13602973224712667,0.1360297322404449,0.1360297322386218,0.13602973224227027,0.13602973224712667,0.13602973224227027,0.1360297322386218,0.13602973223675066,0.1360297322386218,0.1360297322404449,0.1360297322386218,0.13602973223675066,0.13503425171328404,0.1350342517144512,0.1350342517154124,0.1350342517144512,0.13503425171328404,0.1350342517144512,0.13503425171632316,0.13503425171817396,0.13503425171632316,0.1350342517144512,0.1350342517154124,0.13503425171817396,0.13503425172153175,0.13503425171817396,0.1350342517154124,0.1350342517144512,0.13503425171632316,0.13503425171817396,0.13503425171632316,0.1350342517144512,0.13503425171328404,0.1350342517144512,0.1350342517154124,0.1350342517144512,0.13503425171328404
0.16533248795669256,0.16533248795669256,0.1653324879566923,0.16533248795669256,0.16533248795669256,0.16533248795669256,0.1653324879566923,0.1653324879566923,0.1653324879566923,0.16533248795669256,0.1653324879566923,0.1653324879566923,0.1653324879566921,0.1653324879566923,0.1653324879566923,0.16533248795669256,0.1653324879566923,0.1653324879566923,0.1653324879566923,0.16533248795669256,0.16533248795669256,0.16533248795669256,0.1653324879566923,0.16533248795669256,0.16533248795669256,0.16375749423448496,0.16375749423448474,0.16375749423448452,0.16375749423448474,0.16375749423448496,0.16375749423448474,0.16375749423448427,0.16375749423448407,0.16375749423448427,0.16375749423448474,0.16375749423448452,0.16375749423448407,0.16375749423448382,0.16375749423448407,0.16375749423448452,0.16375749423448474,0.16375749423448427,0.16375749423448407,0.16375749423448427,0.16375749423448474,0.16375749423448496,0.16375749423448474,0.16375749423448452,0.16375749423448474,0.16375749423448496,0.16221388444423693,0.1622138844442358,0.16221388444423512,0.1622138844442358,0.16221388444423693,0.1622138844442358,0.16221388444423465,0.16221388444423374,0.16221388444423465,0.1622138844442358,0.16221388444423512,0.16221388444423374,0.16221388444423307,0.16221388444423374,0.16221388444423512,0.1622138844442358,0.16221388444423465,0.16221388444423374,0.16221388444423465,0.1622138844442358,0.16221388444423693,0.1622138844442358,0.16221388444423512,0.1622138844442358,0.16221388444423693,0.1607010675429902,0.16070106754298685,0.16070106754298466,0.16070106754298685,0.1607010675429902,0.16070106754298685,0.1607010675429831,0.16070106754298064,0.1607010675429831,0.16070106754298685,0.16070106754298466,0.16070106754298064,0.160701067542978,0.16070106754298064,0.16070106754298466,0.16070106754298685,0.1607010675429831,0.16070106754298064,0.1607010675429831,0.16070106754298685,0.1607010675429902,0.16070106754298685,0.16070106754298466,0.16070106754298685,0.1607010675429902,0.15921845190572792,0.15921845190571746,0.1592184519057109,0.15921845190571746,0.15921845190572792,0.15921845190571746,0.1592184519057057,0.15921845190569786,0.1592184519057057,0.15921845190571746,0.1592184519057109,0.15921845190569786,0.15921845190568892,0.15921845190569786,0.1592184519057109,0.15921845190571746,0.1592184519057057,0.15921845190569786,0.1592184519057057,0.15921845190571746,0.15921845190572792,0.15921845190571746,0.1592184519057109,0.15921845190571746,0.15921845190572792,0.1577654466772304,0.15776544667720027,0.1577654466771802,0.15776544667720027,0.1577654466772304,0.15776544667720027,0.15776544667716377,0.15776544667713838,0.15776544667716377,0.15776544667720027,0.1577654466771802,0.15776544667713838,0.15776544667710873,0.15776544667713838,0.1577654466771802,0.15776544667720027,0.15776544667716377,0.15776544667713838,0.15776544667716377,0.15776544667720027,0.1577654466772304,0.15776544667720027,0.1577654466771802,0.15776544667720027,0.1577654466772304,0.15634146298641757,0.15634146298633225,0.15634146298627266,0.15634146298633225,0.15634146298641757,0.15634146298633225,0.15634146298622165,0.15634146298613882,0.15634146298622165,0.15634146298633225,0.15634146298627266,0.15634146298613882,0.15634146298603302,0.15634146298613882,0.15634146298627266,0.15634146298633225,0.15634146298622165,0.15634146298613882,0.15634146298622165,0.15634146298633225,0.15634146298641757,0.15634146298633225,0.15634146298627266,0.15634146298633225,0.15634146298641757,0.1549459150334555,0.15494591503322516,0.15494591503305238,0.15494591503322516,0.1549459150334555,0.15494591503322516,0.15494591503289623,0.1549459150326194,0.15494591503289648,0.15494591503322516,0.15494591503305238,0.1549459150326194,0.15494591503221178,0.1549459150326194,0.15494591503305238,0.15494591503322516,0.15494591503289648,0.1549459150326194,0.15494591503289648,0.15494591503322516,0.1549459150334555,0.15494591503322516,0.15494591503305238,0.15494591503322516,0.1549459150334555,0.1535782210593745,0.15357822105880067,0.15357822105832244,0.15357822105880067,0.1535782210593745,0.15357822105880067,0.15357822105786714,0.1535782210569262,0.15357822105786714,0.15357822105880067,0.15357822105832244,0.1535782210569262,0.15357822105518246,0.1535782210569262,0.15357822105832244,0.15357822105880067,0.15357822105786714,0.1535782210569262,0.15357822105786714,0.15357822105880067,0.1535782210593745,0.15357822105880067,0.15357822105832244,0.15357822105880067,0.1535782210593745,0.15223780420740005,0.15223780420615624,0.1522378042049549,0.15223780420615624,0.15223780420740005,0.15223780420615624,0.15223780420375457,0.15223780420061972,0.15223780420375457,0.15223780420615624,0.1522378042049549,0.15223780420061972,0.15223780419218536,0.15223780420061972,0.1522378042049549,0.15223780420615624,0.15223780420375457,0.15223780420061972,0.15223780420375457,0.15223780420615624,0.15223780420740005,0.15223780420615624,0.1522378042049549,0.15223780420615624,0.15223780420740005,0.15092409328453082,0.15092409328247255,0.150924093280095,0.15092409328247255,0.15092409328453082,0.15092409328247255,0.15092409327764436,0.15092409326864328,0.15092409327764436,0.15092409328247255,0.150924093280095,0.15092409326864328,0.15092409322244668,0.15092409326864328,0.150924093280095,0.15092409328247255,0.15092409327764436,0.15092409326864328,0.15092409327764436,0.15092409328247255,0.15092409328453082,0.15092409328247255,0.150924093280095,0.15092409328247255,0.15092409328453082,0.14963652343075867,0.14963652342894043,0.1496365234269713,0.14963652342894043,0.14963652343075867,0.14963652342894043,0.149636523424957,0.1496365234183962,0.149636523424957,0.14963652342894043,0.1496365234269713,0.1496365234183962,0.14963652339039457,0.1496365234183962,0.1496365234269713,0.14963652342894043,0.149636523424957,0.1496365234183962,0.149636523424957,0.14963652342894043,0.14963652343075867,0.14963652342894043,0.1496365234269713,0.14963652342894043,0.14963652343075867,0.14837453670202222,0.14837453670096193,0.14837453669992537,0.14837453670096193,0.14837453670202222,0.14837453670096193,0.14837453669888848,0.14837453669599732,0.14837453669888848,0.14837453670096193,0.14837453669992537,0.14837453669599732,0.1483745366859791,0.14837453669599732,0.14837453669992537,0.14837453670096193,0.14837453669888848,0.14837453669599732,0.14837453669888848,0.14837453670096193,0.14837453670202222,0.14837453670096193,0.14837453669992537,0.14837453670096193,0.14837453670202222,0.14713758257962162,0.1471375825792563,0.1471375825789633,0.1471375825792563,0.14713758257962162,0.1471375825792563,0.147137582578689,0.1471375825781642,0.147137582578689,0.1471375825792563,0.1471375825789633,0.1471375825781642,0.14713758257739398,0.1471375825781642,0.1471375825789633,0.1471375825792563,0.147137582578689,0.1471375825781642,0.147137582578689,0.1471375825792563,0.14713758257962162,0.1471375825792563,0.1471375825789633,0.1471375825792563,0.14713758257962162,0.14592511840923209,0.14592511840932806,0.14592511840949704,0.14592511840932806,0.14592511840923209,0.14592511840932806,0.14592511840968722,0.1459251184105325,0.14592511840968722,0.14592511840932806,0.14592511840949704,0.1459251184105325,0.1459251184151465,0.1459251184105325,0.14592511840949704,0.14592511840932806,0.14592511840968722,0.1459251184105325,0.14592511840968722,0.14592511840932806,0.14592511840923209,0.14592511840932806,0.14592511840949704,0.14592511840932806,0.14592511840923209,0.14473660977470948,0.14473660977502506,0.1447366097753876,0.14473660977502506,0.14473660977470948,0.14473660977502506,0.14473660977576464,0.14473660977706398,0.14473660977576464,0.14473660977502506,0.1447366097753876,0.14473660977706398,0.14473660978301647,0.14473660977706398,0.1447366097753876,0.14473660977502506,0.14473660977576464,0.14473660977706398,0.14473660977576464,0.14473660977502506,0.14473660977470948,0.14473660977502506,0.1447366097753876,0.14473660977502506,0.14473660977470948,0.14357153081288188,0.14357153081325985,0.14357153081364812,0.14357153081325985,0.14357153081288188,0.14357153081325985,0.14357153081404064,0.14357153081523005,0.14357153081404064,0.14357153081325985,0.14357153081364812,0.14357153081523005,0.14357153081991034,0.14357153081523005,0.14357153081364812,0.14357153081325985,0.14357153081404064,0.14357153081523005,0.14357153081404064,0.14357153081325985,0.14357153081288188,0.14357153081325985,0.14357153081364812,0.14357153081325985,0.14357153081288188,0.14242936447475682,0.14242936447516258,0.1424293644755615,0.14242936447516258,0.14242936447475682,0.14242936447516258,0.14242936447595822,0.1424293644771248,0.14242936447595822,0.14242936447516258,0.1424293644755615,0.1424293644771248,0.1424293644816868,0.1424293644771248,0.1424293644755615,0.14242936447516258,0.14242936447595822,0.1424293644771248,0.14242936447595822,0.14242936447516258,0.14242936447475682,0.14242936447516258,0.1424293644755615,0.14242936447516258,0.14242936447475682,0.14130960273815077,0.1413096027386083,0.14130960273904283,0.1413096027386083,0.14130960273815077,0.1413096027386083,0.14130960273946813,0.1413096027406944,0.14130960273946813,0.1413096027386083,0.14130960273904283,0.1413096027406944,0.14130960274550255,0.1413096027406944,0.14130960273904283,0.1413096027386083,0.14130960273946813,0.1413096027406944,0.14130960273946813,0.1413096027386083,0.14130960273815077,0.1413096027386083,0.14130960273904283,0.1413096027386083,0.14130960273815077,0.1402117467764785,0.14021174677706982,0.14021174677759646,0.14021174677706982,0.1402117467764785,0.14021174677706982,0.140211746778102,0.14021174677943346,0.140211746778102,0.14021174677706982,0.14021174677759646,0.14021174677943346,0.14021174678431877,0.14021174677943346,0.14021174677759646,0.14021174677706982,0.140211746778102,0.14021174677943346,0.140211746778102,0.14021174677706982,0.1402117467764785,0.14021174677706982,0.14021174677759646,0.14021174677706982,0.1402117467764785,0.1391353070877617,0.1391353070887113,0.13913530708952068,0.1391353070887113,0.1391353070877617,0.1391353070887113,0.13913530709029953,0.1391353070919591,0.13913530709029953,0.1391353070887113,0.13913530708952068,0.1391353070919591,0.13913530709526645,0.1391353070919591,0.13913530708952068,0.1391353070887113,0.13913530709029953,0.1391353070919591,0.13913530709029953,0.1391353070887113,0.1391353070877617,0.1391353070887113,0.13913530708952068,0.1391353070887113,0.1391353070877617,0.13807980358753968,0.13807980358931798,0.13807980359106392,0.13807980358931798,0.13807980358753968,0.13807980358931798,0.138079803592819,0.1380798035974879,0.13807980359281882,0.13807980358931798,0.13807980359106392,0.1380798035974879,0.13807980361032937,0.1380798035974879,0.13807980359106392,0.13807980358931798,0.13807980359281882,0.1380798035974879,0.13807980359281882,0.13807980358931798,0.13807980358753968,0.13807980358931798,0.13807980359106392,0.13807980358931798,0.13807980358753968,0.1370447656692003,0.13704476567190932,0.13704476567515766,0.13704476567190932,0.1370447656692003,0.13704476567190932,0.1370447656785173,0.13704476569166069,0.1370447656785173,0.13704476567190932,0.13704476567515766,0.13704476569166069,0.13704476576416189,0.13704476569166055,0.13704476567515766,0.13704476567190932,0.1370447656785173,0.13704476569166055,0.1370447656785173,0.13704476567190932,0.1370447656692003,0.13704476567190932,0.13704476567515766,0.13704476567190932,0.1370447656692003,0.136029732236483,0.1360297322383516,0.1360297322401723,0.1360297322383516,0.136029732236483,0.1360297322383516,0.13602973224199516,0.13602973224684511,0.13602973224199516,0.1360297322383516,0.1360297322401723,0.13602973224684511,0.13602973226026038,0.13602973224684511,0.1360297322401723,0.1360297322383516,0.13602973224199516,0.13602973224684511,0.13602973224199516,0.1360297322383516,0.136029732236483,0.1360297322383516,0.1360297322401723,0.1360297322383516,0.136029732236483,0.13503425171301847,0.13503425171418398,0.1350342517151439,0.13503425171418398,0.13503425171301847,0.13503425171418398,0.13503425171605335,0.13503425171790182,0.13503425171605335,0.13503425171418398,0.1350342517151439,0.13503425171790182,0.13503425172125508,0.13503425171790182,0.1350342517151439,0.13503425171418398,0.13503425171605335,0.13503425171790182,0.13503425171605335,0.13503425171418398,0.13503425171301847,0.13503425171418398,0.1350342517151439,0.13503425171418398,0.13503425171301847
0.16533248795688985,0.16533248795688962,0.1653324879568894,0.16533248795688962,0.16533248795688985,0.16533248795688962,0.1653324879568894,0.1653324879568894,0.1653324879568894,0.16533248795688962,0.1653324879568894,0.1653324879568894,0.16533248795688912,0.1653324879568894,0.1653324879568894,0.16533248795688962,0.1653324879568894,0.1653324879568894,0.1653324879568894,0.16533248795688962,0.16533248795688985,0.16533248795688962,0.1653324879568894,0.16533248795688962,0.16533248795688985,0.1637574942346781,0.16375749423467786,0.16375749423467764,0.16375749423467786,0.1637574942346781,0.16375749423467786,0.16375749423467742,0.16375749423467717,0.16375749423467742,0.16375749423467786,0.16375749423467764,0.16375749423467717,0.16375749423467695,0.16375749423467717,0.16375749423467764,0.16375749423467786,0.16375749423467742,0.16375749423467717,0.16375749423467742,0.16375749423467786,0.1637574942346781,0.16375749423467786,0.16375749423467764,0.16375749423467786,0.1637574942346781,0.16221388444442622,0.16221388444442508,0.1622138844444244,0.16221388444442508,0.16221388444442622,0.16221388444442508,0.16221388444442372,0.16221388444442303,0.16221388444442394,0.16221388444442508,0.1622138844444244,0.16221388444442303,0.1622138844444221,0.16221388444442303,0.1622138844444244,0.16221388444442508,0.16221388444442394,0.16221388444442303,0.16221388444442394,0.16221388444442508,0.16221388444442622,0.16221388444442508,0.1622138844444244,0.16221388444442508,0.16221388444442622,0.16070106754317567,0.16070106754317237,0.16070106754317012,0.16070106754317237,0.16070106754317567,0.16070106754317237,0.16070106754316835,0.16070106754316593,0.16070106754316835,0.16070106754317237,0.16070106754317012,0.16070106754316593,0.16070106754316324,0.16070106754316593,0.16070106754317012,0.16070106754317237,0.16070106754316835,0.16070106754316593,0.16070106754316857,0.16070106754317237,0.16070106754317567,0.16070106754317237,0.16070106754317012,0.16070106754317237,0.16070106754317567,0.15921845190590947,0.15921845190589923,0.15921845190589246,0.15921845190589923,0.15921845190590947,0.15921845190589923,0.15921845190588726,0.15921845190587944,0.15921845190588726,0.15921845190589923,0.15921845190589246,0.15921845190587944,0.15921845190587072,0.15921845190587944,0.15921845190589246,0.15921845190589923,0.15921845190588726,0.15921845190587944,0.15921845190588726,0.15921845190589923,0.15921845190590947,0.15921845190589923,0.15921845190589246,0.15921845190589923,0.15921845190590947,0.1577654466774081,0.15776544667737824,0.1577654466773582,0.15776544667737824,0.1577654466774081,0.15776544667737824,0.15776544667734174,0.15776544667731657,0.15776544667734174,0.15776544667737824,0.1577654466773582,0.15776544667731657,0.15776544667728692,0.15776544667731657,0.1577654466773582,0.15776544667737824,0.15776544667734174,0.15776544667731657,0.15776544667734174,0.15776544667737824,0.1577654466774081,0.15776544667737824,0.1577654466773582,0.15776544667737824,0.1577654466774081,0.15634146298659155,0.15634146298650645,0.15634146298644705,0.15634146298650645,0.15634146298659155,0.15634146298650645,0.15634146298639603,0.15634146298631343,0.15634146298639603,0.15634146298650645,0.15634146298644705,0.15634146298631343,0.15634146298620805,0.15634146298631343,0.15634146298644705,0.15634146298650645,0.15634146298639603,0.15634146298631343,0.15634146298639603,0.15634146298650645,0.15634146298659155,0.15634146298650645,0.15634146298644705,0.15634146298650645,0.15634146298659155,0.15494591503362498,0.15494591503339547,0.1549459150332231,0.15494591503339547,0.15494591503362498,0.15494591503339547,0.15494591503306737,0.15494591503279112,0.15494591503306737,0.15494591503339547,0.1549459150332231,0.15494591503279112,0.15494591503238475,0.15494591503279112,0.1549459150332231,0.15494591503339547,0.15494591503306737,0.15494591503279112,0.15494591503306737,0.15494591503339547,0.15494591503362498,0.15494591503339547,0.1549459150332231,0.15494591503339547,0.15494591503362498,0.15357822105953836,0.15357822105896615,0.15357822105848937,0.15357822105896615,0.15357822105953836,0.15357822105896615,0.15357822105803526,0.15357822105709693,0.15357822105803526,0.15357822105896615,0.15357822105848937,0.15357822105709693,0.1535782210553576,0.15357822105709693,0.15357822105848937,0.15357822105896615,0.15357822105803526,0.15357822105709693,0.15357822105803526,0.15357822105896615,0.15357822105953836,0.15357822105896615,0.15357822105848937,0.15357822105896615,0.15357822105953836,0.15223780420755517,0.1522378042063149,0.15223780420511693,0.1522378042063149,0.15223780420755517,0.1522378042063149,0.15223780420391994,0.15223780420079353,0.15223780420391994,0.1522378042063149,0.15223780420511693,0.15223780420079353,0.152237804192381,0.15223780420079353,0.15223780420511693,0.1522378042063149,0.15223780420391994,0.15223780420079353,0.15223780420391994,0.1522378042063149,0.15223780420755517,0.1522378042063149,0.15223780420511693,0.1522378042063149,0.15223780420755517,0.15092409328466974,0.15092409328261763,0.15092409328024686,0.15092409328261763,0.15092409328466974,0.15092409328261763,0.15092409327780312,0.15092409326882655,0.15092409327780312,0.15092409328261763,0.15092409328024686,0.15092409326882655,0.15092409322274494,0.15092409326882655,0.15092409328024686,0.15092409328261763,0.15092409327780312,0.15092409326882655,0.15092409327780312,0.15092409328261763,0.15092409328466974,0.15092409328261763,0.15092409328024686,0.15092409328261763,0.15092409328466974,0.1496365234308689,0.14963652342905692,0.1496365234270944,0.14963652342905692,0.1496365234308689,0.14963652342905692,0.1496365234250871,0.14963652341854972,0.1496365234250871,0.14963652342905692,0.1496365234270944,0.14963652341854972,0.14963652339064737,0.14963652341854972,0.1496365234270944,0.14963652342905692,0.1496365234250871,0.14963652341854972,0.1496365234250871,0.14963652342905692,0.1496365234308689,0.14963652342905692,0.1496365234270944,0.14963652342905692,0.1496365234308689,0.14837453670209058,0.14837453670103437,0.14837453670000209,0.14837453670103437,0.14837453670209058,0.14837453670103437,0.14837453669896927,0.14837453669609163,0.14837453669896927,0.14837453670103437,0.14837453670000209,0.14837453669609163,0.14837453668611664,0.14837453669609163,0.14837453670000209,0.14837453670103437,0.14837453669896927,0.14837453669609163,0.14837453669896927,0.14837453670103437,0.14837453670209058,0.14837453670103437,0.14837453670000209,0.14837453670103437,0.14837453670209058,0.14713758257963944,0.1471375825792752,0.14713758257898293,0.1471375825792752,0.14713758257963944,0.1471375825792752,0.14713758257870935,0.14713758257818615,0.14713758257870935,0.1471375825792752,0.14713758257898293,0.14713758257818615,0.1471375825774016,0.14713758257818615,0.14713758257898293,0.1471375825792752,0.14713758257870935,0.14713758257818615,0.14713758257870935,0.1471375825792752,0.14713758257963944,0.1471375825792752,0.14713758257898293,0.1471375825792752,0.14713758257963944,0.1459251184091968,0.1459251184092912,0.14592511840945804,0.1459251184092912,0.1459251184091968,0.1459251184092912,0.14592511840964625,0.14592511841048475,0.14592511840964625,0.1459251184092912,0.14592511840945804,0.14592511841048475,0.14592511841508415,0.14592511841048475,0.14592511840945804,0.1459251184092912,0.14592511840964625,0.14592511841048475,0.14592511840964625,0.1459251184092912,0.1459251184091968,0.1459251184092912,0.14592511840945804,0.1459251184092912,0.1459251184091968,0.14473660977462394,0.14473660977493605,0.1447366097752944,0.14473660977493605,0.14473660977462394,0.14473660977493605,0.1447366097756672,0.1447366097769521,0.1447366097756672,0.14473660977493605,0.1447366097752944,0.1447366097769521,0.14473660978282535,0.1447366097769521,0.1447366097752944,0.14473660977493605,0.1447366097756672,0.1447366097769521,0.1447366097756672,0.14473660977493605,0.14473660977462394,0.14473660977493605,0.1447366097752944,0.14473660977493605,0.14473660977462394,0.14357153081275303,0.1435715308131269,0.14357153081351054,0.1435715308131269,0.14357153081275303,0.1435715308131269,0.14357153081389862,0.1435715308150728,0.14357153081389862,0.1435715308131269,0.14357153081351054,0.1435715308150728,0.1435715308197021,0.1435715308150728,0.14357153081351054,0.1435715308131269,0.14357153081389862,0.1435715308150728,0.14357153081389862,0.1435715308131269,0.14357153081275303,0.1435715308131269,0.14357153081351054,0.1435715308131269,0.14357153081275303,0.1424293644745926,0.14242936447499485,0.14242936447539023,0.14242936447499485,0.1424293644745926,0.14242936447499485,0.14242936447578344,0.1424293644769399,0.14242936447578344,0.14242936447499485,0.14242936447539023,0.1424293644769399,0.1424293644814523,0.1424293644769399,0.14242936447539023,0.14242936447499485,0.14242936447578344,0.1424293644769399,0.14242936447578344,0.14242936447499485,0.1424293644745926,0.14242936447499485,0.14242936447539023,0.14242936447499485,0.1424293644745926,0.14130960273795753,0.14130960273841228,0.141309602738844,0.14130960273841228,0.14130960273795753,0.14130960273841228,0.1413096027392665,0.14130960274048487,0.1413096027392665,0.14130960273841228,0.141309602738844,0.14130960274048487,0.14130960274522772,0.14130960274048487,0.141309602738844,0.14130960273841228,0.1413096027392665,0.14130960274048487,0.1413096027392665,0.14130960273841228,0.14130960273795753,0.14130960273841228,0.141309602738844,0.14130960273841228,0.14130960273795753,0.1402117467762616,0.14021174677685067,0.14021174677737505,0.14021174677685067,0.1402117467762616,0.14021174677685067,0.14021174677787848,0.14021174677920334,0.14021174677787848,0.14021174677685067,0.14021174677737505,0.14021174677920334,0.14021174678407045,0.14021174677920334,0.14021174677737505,0.14021174677685067,0.14021174677787848,0.14021174677920334,0.14021174677787848,0.14021174677685067,0.1402117467762616,0.14021174677685067,0.14021174677737505,0.14021174677685067,0.1402117467762616,0.1391353070875256,0.1391353070884732,0.13913530708928082,0.1391353070884732,0.1391353070875256,0.1391353070884732,0.1391353070900581,0.13913530709171368,0.1391353070900581,0.1391353070884732,0.13913530708928082,0.13913530709171368,0.13913530709501284,0.13913530709171368,0.13913530708928082,0.1391353070884732,0.1391353070900581,0.13913530709171368,0.1391353070900581,0.1391353070884732,0.1391353070875256,0.1391353070884732,0.13913530708928082,0.1391353070884732,0.1391353070875256,0.1380798035872882,0.13807980358906388,0.13807980359080715,0.13807980358906388,0.1380798035872882,0.13807980358906388,0.13807980359255978,0.13807980359722202,0.13807980359255978,0.13807980358906388,0.13807980359080715,0.13807980359722202,0.1380798036100461,0.13807980359722202,0.13807980359080715,0.13807980358906388,0.13807980359255978,0.13807980359722202,0.13807980359255978,0.13807980358906388,0.1380798035872882,0.13807980358906388,0.13807980359080715,0.13807980358906388,0.1380798035872882,0.1370447656689386,0.13704476567164403,0.13704476567488796,0.13704476567164403,0.1370447656689386,0.13704476567164403,0.137044765678243,0.13704476569136925,0.137044765678243,0.13704476567164403,0.13704476567488796,0.13704476569136925,0.13704476576377297,0.13704476569136925,0.13704476567488796,0.13704476567164403,0.137044765678243,0.13704476569136925,0.137044765678243,0.13704476567164403,0.1370447656689386,0.13704476567164403,0.13704476567488796,0.13704476567164403,0.1370447656689386,0.13602973223621834,0.1360297322380844,0.13602973223990275,0.1360297322380844,0.13602973223621834,0.1360297322380844,0.13602973224172318,0.13602973224656675,0.13602973224172318,0.1360297322380844,0.13602973223990275,0.13602973224656675,0.13602973225996443,0.13602973224656675,0.13602973223990275,0.1360297322380844,0.13602973224172318,0.13602973224656675,0.13602973224172318,0.1360297322380844,0.13602973223621834,0.1360297322380844,0.13602973223990275,0.1360297322380844,0.13602973223621834,0.13503425171275565,0.13503425171391958,0.13503425171487834,0.13503425171391958,0.13503425171275565,0.13503425171391958,0.13503425171578665,0.1350342517176326,0.13503425171578665,0.13503425171391958,0.13503425171487834,0.1350342517176326,0.13503425172098163,0.1350342517176326,0.13503425171487834,0.13503425171391958,0.13503425171578665,0.1350342517176326,0.13503425171578665,0.13503425171391958,0.13503425171275565,0.13503425171391958,0.13503425171487834,0.13503425171391958,0.13503425171275565
0.16533248795708455,0.16533248795708455,0.16533248795708433,0.16533248795708455,0.16533248795708455,0.16533248795708455,0.16533248795708433,0.16533248795708433,0.16533248795708433,0.16533248795708455,0.16533248795708433,0.16533248795708433,0.16533248795708405,0.16533248795708433,0.16533248795708433,0.16533248795708455,0.16533248795708433,0.16533248795708433,0.16533248795708433,0.16533248795708455,0.16533248795708455,0.16533248795708455,0.16533248795708433,0.16533248795708455,0.16533248795708455,0.16375749423486916,0.16375749423486868,0.16375749423486846,0.16375749423486868,0.16375749423486916,0.16375749423486868,0.16375749423486846,0.16375749423486824,0.16375749423486846,0.16375749423486868,0.16375749423486846,0.16375749423486824,0.163757494234868,0.16375749423486824,0.16375749423486846,0.16375749423486868,0.16375749423486846,0.16375749423486824,0.16375749423486846,0.16375749423486868,0.16375749423486916,0.16375749423486868,0.16375749423486846,0.16375749423486868,0.16375749423486916,0.1622138844446132,0.16221388444461207,0.1622138844446114,0.16221388444461207,0.1622138844446132,0.16221388444461207,0.16221388444461093,0.16221388444461027,0.16221388444461093,0.16221388444461207,0.1622138844446114,0.16221388444461027,0.16221388444460935,0.16221388444461027,0.1622138844446114,0.16221388444461207,0.16221388444461093,0.16221388444461027,0.16221388444461093,0.16221388444461207,0.1622138844446132,0.16221388444461207,0.1622138844446114,0.16221388444461207,0.1622138844446132,0.16070106754335897,0.16070106754335564,0.1607010675433534,0.16070106754335564,0.16070106754335897,0.16070106754335564,0.16070106754335184,0.1607010675433494,0.16070106754335184,0.16070106754335564,0.1607010675433534,0.1607010675433494,0.16070106754334673,0.1607010675433494,0.1607010675433534,0.16070106754335564,0.16070106754335184,0.1607010675433494,0.16070106754335184,0.16070106754335564,0.16070106754335897,0.16070106754335564,0.1607010675433534,0.16070106754335564,0.16070106754335897,0.1592184519060891,0.15921845190607886,0.1592184519060721,0.15921845190607886,0.1592184519060891,0.15921845190607886,0.15921845190606687,0.15921845190605904,0.15921845190606687,0.15921845190607886,0.1592184519060721,0.15921845190605904,0.15921845190605033,0.15921845190605904,0.1592184519060721,0.15921845190607886,0.15921845190606687,0.15921845190605904,0.15921845190606687,0.15921845190607886,0.1592184519060891,0.15921845190607886,0.1592184519060721,0.15921845190607886,0.1592184519060891,0.15776544667758388,0.15776544667755404,0.15776544667753398,0.15776544667755404,0.15776544667758388,0.15776544667755404,0.15776544667751774,0.1577654466774926,0.15776544667751774,0.15776544667755404,0.15776544667753398,0.1577654466774926,0.15776544667746314,0.1577654466774926,0.15776544667753398,0.15776544667755404,0.15776544667751774,0.1577654466774926,0.15776544667751774,0.15776544667755404,0.15776544667758388,0.15776544667755404,0.15776544667753398,0.15776544667755404,0.15776544667758388,0.15634146298676344,0.15634146298667853,0.15634146298661938,0.15634146298667853,0.15634146298676344,0.15634146298667853,0.15634146298656854,0.15634146298648618,0.15634146298656854,0.15634146298667853,0.15634146298661938,0.15634146298648618,0.156341462986381,0.15634146298648618,0.15634146298661938,0.15634146298667853,0.15634146298656854,0.15634146298648618,0.15634146298656854,0.15634146298667853,0.15634146298676344,0.15634146298667853,0.15634146298661938,0.15634146298667853,0.15634146298676344,0.1549459150337926,0.15494591503356372,0.15494591503339178,0.15494591503356372,0.1549459150337926,0.15494591503356372,0.15494591503323665,0.154945915032961,0.15494591503323665,0.15494591503356372,0.15494591503339178,0.154945915032961,0.15494591503255567,0.154945915032961,0.15494591503339178,0.15494591503356372,0.15494591503323665,0.154945915032961,0.15494591503323665,0.15494591503356372,0.1549459150337926,0.15494591503356372,0.15494591503339178,0.15494591503356372,0.1549459150337926,0.15357822105970065,0.15357822105912988,0.15357822105865426,0.15357822105912988,0.15357822105970065,0.15357822105912988,0.15357822105820157,0.15357822105726543,0.15357822105820157,0.15357822105912988,0.15357822105865426,0.15357822105726543,0.15357822105553093,0.15357822105726543,0.15357822105865426,0.15357822105912988,0.15357822105820157,0.15357822105726543,0.15357822105820157,0.15357822105912988,0.15357822105970065,0.15357822105912988,0.15357822105865426,0.15357822105912988,0.15357822105970065,0.1522378042077085,0.15223780420647176,0.15223780420527713,0.15223780420647176,0.1522378042077085,0.15223780420647176,0.1522378042040833,0.1522378042009652,0.1522378042040833,0.15223780420647176,0.15223780420527713,0.1522378042009652,0.15223780419257452,0.1522378042009652,0.15223780420527713,0.15223780420647176,0.1522378042040833,0.1522378042009652,0.1522378042040833,0.15223780420647176,0.1522378042077085,0.15223780420647176,0.15223780420527713,0.15223780420647176,0.1522378042077085,0.1509240932848071,0.15092409328276096,0.15092409328039696,0.15092409328276096,0.1509240932848071,0.15092409328276096,0.15092409327795997,0.15092409326900771,0.15092409327795997,0.15092409328276096,0.15092409328039696,0.15092409326900771,0.15092409322309255,0.15092409326900771,0.15092409328039696,0.15092409328276096,0.15092409327795997,0.15092409326900771,0.15092409327795997,0.15092409328276096,0.1509240932848071,0.15092409328276096,0.15092409328039696,0.15092409328276096,0.1509240932848071,0.14963652343097783,0.14963652342917189,0.14963652342721598,0.14963652342917189,0.14963652343097783,0.14963652342917189,0.1496365234252157,0.14963652341870157,0.1496365234252157,0.14963652342917189,0.14963652342721598,0.14963652341870157,0.14963652339086841,0.14963652341870157,0.14963652342721598,0.14963652342917189,0.1496365234252157,0.14963652341870157,0.1496365234252157,0.14963652342917189,0.14963652343097783,0.14963652342917189,0.14963652342721598,0.14963652342917189,0.14963652343097783,0.14837453670215822,0.14837453670110592,0.14837453670007772,0.14837453670110592,0.14837453670215822,0.14837453670110592,0.14837453669904915,0.14837453669618486,0.14837453669904915,0.14837453670110592,0.14837453670007772,0.14837453669618486,0.148374536686246,0.14837453669618486,0.14837453670007772,0.14837453670110592,0.14837453669904915,0.14837453669618486,0.14837453669904915,0.14837453670110592,0.14837453670215822,0.14837453670110592,0.14837453670007772,0.14837453670110592,0.14837453670215822,0.14713758257965706,0.1471375825792937,0.14713758257900236,0.1471375825792937,0.14713758257965706,0.1471375825792937,0.14713758257872953,0.14713758257820797,0.14713758257872953,0.1471375825792937,0.14713758257900236,0.14713758257820797,0.14713758257743811,0.14713758257820797,0.14713758257900236,0.1471375825792937,0.14713758257872953,0.14713758257820797,0.14713758257872953,0.1471375825792937,0.14713758257965706,0.1471375825792937,0.14713758257900236,0.1471375825792937,0.14713758257965706,0.14592511840916192,0.1459251184092545,0.14592511840941957,0.1459251184092545,0.14592511840916192,0.1459251184092545,0.14592511840960568,0.14592511841043757,0.14592511840960568,0.1459251184092545,0.14592511840941957,0.14592511841043757,0.14592511841499084,0.14592511841043757,0.14592511840941957,0.1459251184092545,0.14592511840960568,0.14592511841043757,0.14592511840960568,0.1459251184092545,0.14592511840916192,0.1459251184092545,0.14592511840941957,0.1459251184092545,0.14592511840916192,0.14473660977453948,0.14473660977484773,0.14473660977520206,0.14473660977484773,0.14473660977453948,0.14473660977484773,0.1447366097755707,0.14473660977684144,0.1447366097755707,0.14473660977484773,0.14473660977520206,0.14473660977684144,0.14473660978263928,0.14473660977684144,0.14473660977520206,0.14473660977484773,0.1447366097755707,0.14473660977684144,0.1447366097755707,0.14473660977484773,0.14473660977453948,0.14473660977484773,0.14473660977520206,0.14473660977484773,0.14473660977453948,0.14357153081262536,0.1435715308129953,0.1435715308133745,0.1435715308129953,0.14357153081262536,0.1435715308129953,0.14357153081375798,0.1435715308149171,0.14357153081375798,0.14357153081299515,0.1435715308133745,0.1435715308149171,0.14357153081950463,0.1435715308149171,0.1435715308133745,0.1435715308129953,0.14357153081375798,0.1435715308149171,0.14357153081375798,0.14357153081299515,0.14357153081262536,0.14357153081299515,0.1435715308133745,0.14357153081299515,0.14357153081262536,0.14242936447442986,0.1424293644748286,0.1424293644752208,0.1424293644748286,0.14242936447442986,0.1424293644748286,0.14242936447561047,0.14242936447675708,0.14242936447561047,0.1424293644748286,0.1424293644752208,0.14242936447675708,0.142429364481249,0.14242936447675708,0.1424293644752208,0.1424293644748286,0.14242936447561047,0.14242936447675708,0.14242936447561047,0.1424293644748286,0.14242936447442986,0.1424293644748286,0.1424293644752208,0.1424293644748286,0.14242936447442986,0.14130960273776624,0.1413096027382182,0.1413096027386473,0.1413096027382182,0.14130960273776624,0.1413096027382182,0.141309602739067,0.14130960274027748,0.141309602739067,0.1413096027382182,0.1413096027386473,0.14130960274027748,0.14130960274501853,0.14130960274027748,0.1413096027386473,0.1413096027382182,0.141309602739067,0.14130960274027748,0.141309602739067,0.1413096027382182,0.14130960273776624,0.1413096027382182,0.1413096027386473,0.1413096027382182,0.14130960273776624,0.14021174677604697,0.14021174677663378,0.1402117467771559,0.14021174677663378,0.14021174677604697,0.14021174677663378,0.1402117467776571,0.1402117467789755,0.1402117467776571,0.14021174677663378,0.1402117467771559,0.1402117467789755,0.14021174678381051,0.1402117467789755,0.1402117467771559,0.14021174677663378,0.1402117467776571,0.1402117467789755,0.1402117467776571,0.14021174677663378,0.14021174677604697,0.14021174677663378,0.1402117467771559,0.14021174677663378,0.14021174677604697,0.13913530708729194,0.13913530708823746,0.1391353070890435,0.13913530708823746,0.13913530708729194,0.13913530708823746,0.1391353070898189,0.13913530709147082,0.1391353070898189,0.13913530708823746,0.1391353070890435,0.13913530709147082,0.13913530709476193,0.13913530709147082,0.1391353070890435,0.13913530708823746,0.1391353070898189,0.13913530709147082,0.1391353070898189,0.13913530708823746,0.13913530708729194,0.13913530708823746,0.1391353070890435,0.13913530708823746,0.13913530708729194,0.13807980358703936,0.13807980358881225,0.13807980359055305,0.13807980358881225,0.13807980358703936,0.13807980358881225,0.13807980359230315,0.1380798035969589,0.13807980359230315,0.13807980358881225,0.13807980359055305,0.1380798035969589,0.13807980360976563,0.1380798035969589,0.13807980359055305,0.13807980358881225,0.13807980359230315,0.1380798035969589,0.13807980359230315,0.13807980358881225,0.13807980358703936,0.13807980358881225,0.13807980359055305,0.13807980358881225,0.13807980358703936,0.13704476566867954,0.1370447656713813,0.13704476567462096,0.1370447656713813,0.13704476566867954,0.1370447656713813,0.13704476567797164,0.13704476569108065,0.13704476567797164,0.1370447656713813,0.13704476567462096,0.13704476569108065,0.1370447657634023,0.13704476569108065,0.13704476567462096,0.1370447656713813,0.13704476567797164,0.13704476569108065,0.13704476567797164,0.1370447656713813,0.13704476566867954,0.1370447656713813,0.13704476567462096,0.1370447656713813,0.13704476566867954,0.13602973223595635,0.13602973223781986,0.13602973223963585,0.13602973223781986,0.13602973223595635,0.13602973223781986,0.13602973224145387,0.13602973224629122,0.13602973224145387,0.13602973223781986,0.13602973223963585,0.13602973224629122,0.13602973225967158,0.13602973224629122,0.13602973223963585,0.13602973223781986,0.13602973224145387,0.13602973224629122,0.13602973224145387,0.13602973223781986,0.13602973223595635,0.13602973223781986,0.13602973223963585,0.13602973223781986,0.13602973223595635,0.13503425171249567,0.13503425171365813,0.13503425171461556,0.13503425171365813,0.13503425171249567,0.13503425171365813,0.13503425171552264,0.13503425171736616,0.13503425171552264,0.13503425171365813,0.13503425171461556,0.13503425171736616,0.1350342517207108,0.13503425171736616,0.13503425171461556,0.13503425171365813,0.13503425171552264,0.13503425171736616,0.13503425171552264,0.13503425171365813,0.13503425171249567,0.13503425171365813,0.13503425171461556,0.13503425171365813,0.13503425171249567
0.16533248795727756,0.16533248795727734,0.16533248795727734,0.16533248795727734,0.16533248795727756,0.16533248795727734,0.1653324879572771,0.1653324879572771,0.1653324879572771,0.16533248795727734,0.16533248795727734,0.1653324879572771,0.16533248795727687,0.1653324879572771,0.1653324879572771,0.16533248795727734,0.1653324879572771,0.1653324879572771,0.1653324879572771,0.16533248795727734,0.16533248795727756,0.16533248795727734,0.1653324879572771,0.16533248795727734,0.16533248795727756,0.16375749423505812,0.16375749423505764,0.16375749423505742,0.16375749423505764,0.16375749423505812,0.16375749423505764,0.16375749423505742,0.16375749423505717,0.16375749423505742,0.16375749423505764,0.16375749423505742,0.16375749423505717,0.16375749423505695,0.16375749423505717,0.16375749423505742,0.16375749423505764,0.16375749423505742,0.16375749423505717,0.16375749423505742,0.16375749423505764,0.16375749423505812,0.16375749423505764,0.16375749423505742,0.16375749423505764,0.16375749423505812,0.1622138844447984,0.16221388444479728,0.1622138844447966,0.16221388444479728,0.1622138844447984,0.16221388444479728,0.16221388444479612,0.16221388444479545,0.16221388444479612,0.16221388444479728,0.1622138844447966,0.16221388444479545,0.16221388444479456,0.16221388444479545,0.1622138844447966,0.16221388444479728,0.16221388444479612,0.16221388444479545,0.16221388444479612,0.16221388444479728,0.1622138844447984,0.16221388444479728,0.1622138844447966,0.16221388444479728,0.1622138844447984,0.16070106754354047,0.1607010675435369,0.16070106754353494,0.1607010675435369,0.16070106754354047,0.1607010675435369,0.16070106754353314,0.16070106754353072,0.16070106754353314,0.1607010675435369,0.16070106754353494,0.16070106754353072,0.16070106754352803,0.16070106754353072,0.16070106754353494,0.1607010675435369,0.16070106754353314,0.16070106754353072,0.16070106754353314,0.1607010675435369,0.16070106754354047,0.1607010675435369,0.16070106754353494,0.1607010675435369,0.16070106754354047,0.15921845190626674,0.15921845190625653,0.15921845190624975,0.15921845190625653,0.15921845190626674,0.15921845190625653,0.15921845190624476,0.1592184519062369,0.15921845190624476,0.15921845190625653,0.15921845190624975,0.1592184519062369,0.15921845190622821,0.1592184519062369,0.15921845190624975,0.15921845190625653,0.15921845190624476,0.1592184519062369,0.15921845190624476,0.15921845190625653,0.15921845190626674,0.15921845190625653,0.15921845190624975,0.15921845190625653,0.15921845190626674,0.15776544667775805,0.15776544667772816,0.1577654466777081,0.15776544667772816,0.15776544667775805,0.15776544667772816,0.15776544667769188,0.15776544667766668,0.15776544667769188,0.15776544667772816,0.1577654466777081,0.15776544667766668,0.15776544667763726,0.15776544667766668,0.1577654466777081,0.15776544667772816,0.15776544667769188,0.15776544667766668,0.15776544667769188,0.15776544667772816,0.15776544667775805,0.15776544667772816,0.1577654466777081,0.15776544667772816,0.15776544667775805,0.15634146298693363,0.15634146298684898,0.15634146298678978,0.15634146298684898,0.15634146298693363,0.15634146298684898,0.1563414629867392,0.156341462986657,0.1563414629867392,0.15634146298684898,0.15634146298678978,0.156341462986657,0.15634146298655202,0.156341462986657,0.15634146298678978,0.15634146298684898,0.1563414629867392,0.156341462986657,0.1563414629867392,0.15634146298684898,0.15634146298693363,0.15634146298684898,0.15634146298678978,0.15634146298684898,0.15634146298693363,0.1549459150339586,0.15494591503373012,0.15494591503355878,0.15494591503373012,0.1549459150339586,0.15494591503373012,0.15494591503340407,0.15494591503312927,0.15494591503340407,0.15494591503373012,0.15494591503355878,0.15494591503312927,0.15494591503272492,0.15494591503312927,0.15494591503355878,0.15494591503373012,0.15494591503340407,0.15494591503312927,0.15494591503340407,0.15494591503373012,0.1549459150339586,0.15494591503373012,0.15494591503355878,0.15494591503373012,0.1549459150339586,0.15357822105986094,0.15357822105929192,0.15357822105881755,0.15357822105929192,0.15357822105986094,0.15357822105929192,0.15357822105836605,0.15357822105743252,0.15357822105836605,0.15357822105929192,0.15357822105881755,0.15357822105743252,0.15357822105570226,0.15357822105743252,0.15357822105881755,0.15357822105929192,0.15357822105836605,0.15357822105743252,0.15357822105836605,0.15357822105929192,0.15357822105986094,0.15357822105929192,0.15357822105881755,0.15357822105929192,0.15357822105986094,0.15223780420786026,0.15223780420662686,0.1522378042054356,0.15223780420662686,0.15223780420786026,0.15223780420662686,0.1522378042042449,0.15223780420113506,0.1522378042042449,0.15223780420662686,0.1522378042054356,0.15223780420113506,0.15223780419276584,0.15223780420113506,0.1522378042054356,0.15223780420662686,0.1522378042042449,0.15223780420113506,0.1522378042042449,0.15223780420662686,0.15223780420786026,0.15223780420662686,0.1522378042054356,0.15223780420662686,0.15223780420786026,0.1509240932849431,0.15092409328290296,0.15092409328054548,0.15092409328290296,0.1509240932849431,0.15092409328290296,0.15092409327811526,0.15092409326918693,0.15092409327811526,0.15092409328290296,0.15092409328054548,0.15092409326918693,0.15092409322335976,0.15092409326918693,0.15092409328054548,0.15092409328290296,0.15092409327811526,0.15092409326918693,0.15092409327811526,0.15092409328290296,0.1509240932849431,0.15092409328290296,0.15092409328054548,0.15092409328290296,0.1509240932849431,0.1496365234310856,0.1496365234292857,0.14963652342733644,0.1496365234292857,0.1496365234310856,0.1496365234292857,0.14963652342534292,0.14963652341885186,0.14963652342534292,0.1496365234292857,0.14963652342733644,0.14963652341885186,0.14963652339114522,0.1496365234188517,0.14963652342733644,0.1496365234292857,0.14963652342534292,0.1496365234188517,0.14963652342534292,0.1496365234292857,0.1496365234310856,0.1496365234292857,0.14963652342733644,0.1496365234292857,0.1496365234310856,0.1483745367022253,0.14837453670117673,0.14837453670015258,0.14837453670117673,0.1483745367022253,0.14837453670117673,0.14837453669912826,0.14837453669627715,0.14837453669912826,0.14837453670117673,0.14837453670015258,0.14837453669627715,0.14837453668640835,0.14837453669627715,0.14837453670015258,0.14837453670117673,0.14837453669912826,0.14837453669627715,0.14837453669912826,0.14837453670117673,0.1483745367022253,0.14837453670117673,0.14837453670015258,0.14837453670117673,0.1483745367022253,0.1471375825796747,0.14713758257931225,0.1471375825790216,0.14713758257931225,0.1471375825796747,0.14713758257931225,0.14713758257874965,0.14713758257822976,0.14713758257874965,0.14713758257931225,0.1471375825790216,0.14713758257822976,0.14713758257747406,0.14713758257822976,0.1471375825790216,0.14713758257931225,0.14713758257874965,0.14713758257822976,0.14713758257874965,0.14713758257931225,0.1471375825796747,0.14713758257931225,0.1471375825790216,0.14713758257931225,0.1471375825796747,0.14592511840912772,0.14592511840921857,0.14592511840938166,0.14592511840921857,0.14592511840912772,0.14592511840921857,0.14592511840956576,0.1459251184103911,0.14592511840956576,0.14592511840921857,0.14592511840938166,0.1459251184103911,0.14592511841489433,0.1459251184103911,0.14592511840938166,0.14592511840921857,0.14592511840956576,0.1459251184103911,0.14592511840956576,0.14592511840921857,0.14592511840912772,0.14592511840921857,0.14592511840938166,0.14592511840921857,0.14592511840912772,0.14473660977445585,0.1447366097747606,0.1447366097751111,0.1447366097747606,0.14473660977445585,0.1447366097747606,0.14473660977547556,0.14473660977673233,0.14473660977547556,0.1447366097747606,0.1447366097751111,0.14473660977673233,0.14473660978246805,0.14473660977673233,0.1447366097751111,0.1447366097747606,0.14473660977547556,0.14473660977673233,0.14473660977547556,0.1447366097747606,0.14473660977445585,0.1447366097747606,0.1447366097751111,0.1447366097747606,0.14473660977445585,0.14357153081249943,0.1435715308128651,0.14357153081324,0.1435715308128651,0.14357153081249943,0.1435715308128651,0.14357153081361904,0.14357153081476326,0.14357153081361904,0.1435715308128651,0.14357153081324,0.14357153081476326,0.14357153081925378,0.14357153081476326,0.14357153081324,0.1435715308128651,0.14357153081361904,0.14357153081476326,0.14357153081361904,0.1435715308128651,0.14357153081249943,0.1435715308128651,0.14357153081324,0.1435715308128651,0.14357153081249943,0.142429364474269,0.14242936447466456,0.14242936447505322,0.14242936447466456,0.142429364474269,0.14242936447466456,0.14242936447543955,0.14242936447657625,0.14242936447543955,0.14242936447466456,0.14242936447505322,0.14242936447657625,0.1424293644810346,0.14242936447657625,0.14242936447505322,0.14242936447466456,0.14242936447543955,0.14242936447657625,0.14242936447543955,0.14242936447466456,0.142429364474269,0.14242936447466456,0.14242936447505322,0.14242936447466456,0.142429364474269,0.1413096027375771,0.14130960273802642,0.14130960273845272,0.14130960273802642,0.1413096027375771,0.14130960273802642,0.1413096027388698,0.1413096027400724,0.1413096027388698,0.14130960273802642,0.14130960273845272,0.1413096027400724,0.14130960274477083,0.1413096027400724,0.14130960273845272,0.14130960273802642,0.1413096027388698,0.1413096027400724,0.1413096027388698,0.14130960273802642,0.1413096027375771,0.14130960273802642,0.14130960273845272,0.14130960273802642,0.1413096027375771,0.14021174677583492,0.14021174677641932,0.14021174677693918,0.14021174677641932,0.14021174677583492,0.14021174677641932,0.14021174677743825,0.14021174677875023,0.14021174677743825,0.14021174677641932,0.14021174677693918,0.14021174677875023,0.14021174678355428,0.14021174677875023,0.14021174677693918,0.14021174677641932,0.14021174677743825,0.14021174677875023,0.14021174677743825,0.14021174677641932,0.14021174677583492,0.14021174677641932,0.14021174677693918,0.14021174677641932,0.14021174677583492,0.13913530708706093,0.1391353070880044,0.13913530708880872,0.1391353070880044,0.13913530708706093,0.1391353070880044,0.1391353070895825,0.13913530709123081,0.1391353070895825,0.1391353070880044,0.13913530708880872,0.13913530709123081,0.1391353070945137,0.13913530709123081,0.13913530708880872,0.1391353070880044,0.1391353070895825,0.13913530709123081,0.1391353070895825,0.1391353070880044,0.13913530708706093,0.1391353070880044,0.13913530708880872,0.1391353070880044,0.13913530708706093,0.13807980358679314,0.1380798035885636,0.1380798035903019,0.1380798035885636,0.13807980358679314,0.1380798035885636,0.13807980359204935,0.13807980359669875,0.13807980359204935,0.1380798035885636,0.1380798035903019,0.13807980359669875,0.1380798036094881,0.13807980359669875,0.1380798035903019,0.1380798035885636,0.13807980359204935,0.13807980359669875,0.13807980359204935,0.1380798035885636,0.13807980358679314,0.1380798035885636,0.1380798035903019,0.1380798035885636,0.13807980358679314,0.1370447656684232,0.13704476567112145,0.1370447656743569,0.13704476567112145,0.1370447656684232,0.13704476567112145,0.13704476567770313,0.1370447656907953,0.13704476567770313,0.13704476567112145,0.1370447656743569,0.1370447656907953,0.1370447657630082,0.1370447656907953,0.1370447656743569,0.13704476567112145,0.13704476567770313,0.1370447656907953,0.13704476567770313,0.13704476567112145,0.1370447656684232,0.13704476567112145,0.1370447656743569,0.13704476567112145,0.1370447656684232,0.1360297322356972,0.13602973223755835,0.13602973223937193,0.13602973223755835,0.1360297322356972,0.13602973223755835,0.1360297322411876,0.13602973224601866,0.1360297322411876,0.13602973223755835,0.13602973223937193,0.13602973224601866,0.13602973225938186,0.13602973224601866,0.13602973223937193,0.13602973223755835,0.1360297322411876,0.13602973224601866,0.1360297322411876,0.13602973223755835,0.1360297322356972,0.13602973223755835,0.13602973223937193,0.13602973223755835,0.1360297322356972,0.13503425171223843,0.13503425171339942,0.13503425171435554,0.13503425171339942,0.13503425171223843,0.13503425171339942,0.13503425171526148,0.13503425171710262,0.13503425171526148,0.13503425171339942,0.13503425171435554,0.13503425171710262,0.13503425172044303,0.13503425171710262,0.13503425171435554,0.13503425171339942,0.13503425171526148,0.13503425171710262,0.13503425171526148,0.13503425171339942,0.13503425171223843,0.13503425171339942,0.13503425171435554,0.13503425171339942,0.13503425171223843
0.16533248795746827,0.16533248795746802,0.16533248795746777,0.16533248795746802,0.16533248795746827,0.16533248795746802,0.16533248795746777,0.16533248795746777,0.16533248795746777,0.16533248795746802,0.16533248795746777,0.16533248795746777,0.16533248795746752,0.16533248795746777,0.16533248795746777,0.16533248795746802,0.16533248795746777,0.16533248795746777,0.16533248795746777,0.16533248795746802,0.16533248795746827,0.16533248795746802,0.16533248795746777,0.16533248795746802,0.16533248795746827,0.16375749423524497,0.16375749423524452,0.1637574942352443,0.16375749423524452,0.16375749423524497,0.16375749423524452,0.1637574942352443,0.16375749423524405,0.1637574942352443,0.16375749423524452,0.1637574942352443,0.16375749423524405,0.1637574942352438,0.16375749423524405,0.1637574942352443,0.16375749423524452,0.1637574942352443,0.16375749423524405,0.1637574942352443,0.16375749423524452,0.16375749423524497,0.16375749423524452,0.1637574942352443,0.16375749423524452,0.16375749423524497,0.16221388444498158,0.16221388444498044,0.16221388444497975,0.16221388444498044,0.16221388444498158,0.16221388444498044,0.1622138844449793,0.1622138844449784,0.1622138844449793,0.16221388444498044,0.16221388444497975,0.1622138844449784,0.1622138844449777,0.1622138844449784,0.16221388444497975,0.16221388444498044,0.1622138844449793,0.1622138844449784,0.1622138844449793,0.16221388444498044,0.16221388444498158,0.16221388444498044,0.16221388444497975,0.16221388444498044,0.16221388444498158,0.16070106754371974,0.1607010675437164,0.16070106754371422,0.1607010675437164,0.16070106754371974,0.1607010675437164,0.16070106754371263,0.16070106754371022,0.16070106754371263,0.1607010675437164,0.16070106754371422,0.16070106754371022,0.16070106754370753,0.16070106754371022,0.16070106754371422,0.1607010675437164,0.16070106754371263,0.16070106754371022,0.16070106754371263,0.1607010675437164,0.16070106754371974,0.1607010675437164,0.16070106754371422,0.1607010675437164,0.16070106754371996,0.15921845190644243,0.15921845190643222,0.15921845190642567,0.15921845190643222,0.15921845190644243,0.15921845190643222,0.15921845190642045,0.15921845190641262,0.15921845190642045,0.15921845190643222,0.15921845190642567,0.15921845190641262,0.1592184519064039,0.15921845190641262,0.15921845190642567,0.15921845190643222,0.15921845190642045,0.15921845190641262,0.15921845190642045,0.15921845190643222,0.15921845190644243,0.15921845190643222,0.15921845190642567,0.15921845190643222,0.15921845190644243,0.15776544667793,0.15776544667790035,0.15776544667788028,0.15776544667790035,0.15776544667793,0.15776544667790035,0.15776544667786427,0.15776544667783912,0.15776544667786427,0.15776544667790035,0.15776544667788028,0.15776544667783912,0.15776544667780965,0.15776544667783912,0.15776544667788028,0.15776544667790035,0.15776544667786427,0.15776544667783912,0.15776544667786427,0.15776544667790035,0.15776544667793,0.15776544667790035,0.15776544667788028,0.15776544667790035,0.15776544667793,0.15634146298710197,0.1563414629870175,0.1563414629869585,0.1563414629870175,0.15634146298710197,0.1563414629870175,0.15634146298690793,0.15634146298682597,0.15634146298690793,0.1563414629870175,0.1563414629869585,0.15634146298682597,0.1563414629867214,0.15634146298682597,0.1563414629869585,0.1563414629870175,0.15634146298690793,0.15634146298682597,0.15634146298690793,0.1563414629870175,0.15634146298710197,0.1563414629870175,0.1563414629869585,0.1563414629870175,0.15634146298710197,0.15494591503412278,0.1549459150338949,0.15494591503372396,0.1549459150338949,0.15494591503412278,0.1549459150338949,0.15494591503356966,0.15494591503329547,0.15494591503356966,0.1549459150338949,0.15494591503372396,0.15494591503329547,0.15494591503289235,0.15494591503329547,0.15494591503372396,0.1549459150338949,0.15494591503356966,0.15494591503329547,0.15494591503356966,0.1549459150338949,0.15494591503412278,0.1549459150338949,0.15494591503372396,0.1549459150338949,0.15494591503412278,0.1535782210600196,0.1535782210594522,0.153578221058979,0.1535782210594522,0.1535782210600196,0.1535782210594522,0.15357822105852872,0.15357822105759764,0.15357822105852872,0.1535782210594522,0.153578221058979,0.15357822105759764,0.153578221055872,0.15357822105759764,0.153578221058979,0.1535782210594522,0.15357822105852872,0.15357822105759764,0.15357822105852872,0.1535782210594522,0.1535782210600196,0.1535782210594522,0.153578221058979,0.1535782210594522,0.1535782210600196,0.15223780420801045,0.1522378042067804,0.1522378042055923,0.1522378042067804,0.15223780420801045,0.1522378042067804,0.15223780420440494,0.15223780420130312,0.15223780420440494,0.1522378042067804,0.1522378042055923,0.15223780420130312,0.1522378041929552,0.15223780420130312,0.1522378042055923,0.1522378042067804,0.15223780420440494,0.15223780420130312,0.15223780420440494,0.1522378042067804,0.15223780420801045,0.1522378042067804,0.1522378042055923,0.1522378042067804,0.15223780420801045,0.15092409328507775,0.1509240932830432,0.15092409328069228,0.1509240932830432,0.15092409328507775,0.1509240932830432,0.15092409327826906,0.15092409326936423,0.15092409327826906,0.1509240932830432,0.15092409328069228,0.15092409326936423,0.15092409322365338,0.15092409326936423,0.15092409328069228,0.1509240932830432,0.15092409327826906,0.15092409326936423,0.15092409327826906,0.1509240932830432,0.15092409328507775,0.1509240932830432,0.15092409328069228,0.1509240932830432,0.15092409328507775,0.14963652343119224,0.1496365234293982,0.14963652342745556,0.1496365234293982,0.14963652343119224,0.1496365234293982,0.14963652342546868,0.1496365234190003,0.14963652342546868,0.1496365234293982,0.14963652342745556,0.1496365234190003,0.1496365233913952,0.1496365234190003,0.14963652342745556,0.1496365234293982,0.14963652342546868,0.1496365234190003,0.14963652342546868,0.1496365234293982,0.14963652343119224,0.1496365234293982,0.14963652342745556,0.1496365234293982,0.14963652343119224,0.14837453670229148,0.14837453670124678,0.1483745367002267,0.14837453670124678,0.14837453670229148,0.14837453670124678,0.1483745366992065,0.14837453669636852,0.1483745366992065,0.14837453670124678,0.1483745367002267,0.14837453669636852,0.1483745366865492,0.14837453669636852,0.1483745367002267,0.14837453670124678,0.1483745366992065,0.14837453669636852,0.1483745366992065,0.14837453670124678,0.14837453670229148,0.14837453670124678,0.1483745367002267,0.14837453670124678,0.14837453670229148,0.14713758257969212,0.14713758257933063,0.14713758257904086,0.14713758257933063,0.14713758257969212,0.14713758257933063,0.14713758257876947,0.1471375825782512,0.14713758257876947,0.14713758257933063,0.14713758257904086,0.1471375825782512,0.14713758257749587,0.1471375825782512,0.14713758257904086,0.14713758257933063,0.14713758257876947,0.1471375825782512,0.14713758257876947,0.14713758257933063,0.14713758257969212,0.14713758257933063,0.14713758257904086,0.14713758257933063,0.14713758257969212,0.14592511840909372,0.14592511840918293,0.14592511840934427,0.14592511840918293,0.14592511840909372,0.14592511840918293,0.14592511840952643,0.14592511841034517,0.14592511840952643,0.14592511840918293,0.14592511840934427,0.14592511841034517,0.1459251184148313,0.14592511841034517,0.14592511840934427,0.14592511840918293,0.14592511840952643,0.14592511841034517,0.14592511840952643,0.14592511840918293,0.14592511840909372,0.14592511840918293,0.14592511840934427,0.14592511840918293,0.14592511840909372,0.14473660977437328,0.14473660977467456,0.14473660977502104,0.14473660977467456,0.14473660977437328,0.14473660977467456,0.1447366097753815,0.1447366097766243,0.1447366097753815,0.14473660977467456,0.14473660977502104,0.1447366097766243,0.14473660978231584,0.1447366097766243,0.14473660977502104,0.14473660977467456,0.1447366097753815,0.1447366097766243,0.1447366097753815,0.14473660977467456,0.14473660977437328,0.14473660977467456,0.14473660977502104,0.14473660977467456,0.14473660977437328,0.1435715308123747,0.1435715308127364,0.1435715308131069,0.1435715308127364,0.1435715308123747,0.1435715308127364,0.14357153081348145,0.14357153081461096,0.14357153081348145,0.1435715308127364,0.1435715308131069,0.14357153081461096,0.1435715308190411,0.14357153081461096,0.1435715308131069,0.1435715308127364,0.14357153081348145,0.14357153081461096,0.14357153081348145,0.1435715308127364,0.1435715308123747,0.1435715308127364,0.1435715308131069,0.1435715308127364,0.1435715308123747,0.14242936447410995,0.142429364474502,0.14242936447488733,0.142429364474502,0.14242936447410995,0.142429364474502,0.1424293644752703,0.1424293644763974,0.1424293644752703,0.142429364474502,0.14242936447488733,0.1424293644763974,0.14242936448078597,0.1424293644763974,0.14242936447488733,0.142429364474502,0.1424293644752703,0.1424293644763974,0.1424293644752703,0.142429364474502,0.14242936447410995,0.142429364474502,0.14242936447488733,0.142429364474502,0.14242936447410995,0.14130960273738996,0.14130960273783646,0.14130960273826015,0.14130960273783646,0.14130960273738996,0.14130960273783646,0.14130960273867457,0.14130960273986942,0.14130960273867457,0.14130960273783646,0.14130960273826015,0.14130960273986942,0.14130960274454996,0.14130960273986942,0.14130960273826015,0.14130960273783646,0.14130960273867457,0.14130960273986942,0.14130960273867457,0.14130960273783646,0.14130960273738996,0.14130960273783646,0.14130960273826015,0.14130960273783646,0.14130960273738996,0.1402117467756248,0.1402117467762071,0.1402117467767247,0.1402117467762071,0.1402117467756248,0.1402117467762071,0.1402117467772217,0.1402117467785272,0.1402117467772217,0.1402117467762071,0.1402117467767247,0.1402117467785272,0.14021174678330595,0.1402117467785272,0.1402117467767247,0.1402117467762071,0.1402117467772217,0.1402117467785272,0.1402117467772217,0.1402117467762071,0.1402117467756248,0.1402117467762071,0.1402117467767247,0.1402117467762071,0.1402117467756248,0.13913530708683214,0.1391353070877737,0.13913530708857627,0.1391353070877737,0.13913530708683214,0.1391353070877737,0.13913530708934835,0.139135307090993,0.13913530708934835,0.1391353070877737,0.13913530708857627,0.139135307090993,0.13913530709426783,0.139135307090993,0.13913530708857627,0.1391353070877737,0.13913530708934835,0.139135307090993,0.13913530708934835,0.1391353070877737,0.13913530708683214,0.1391353070877737,0.13913530708857627,0.1391353070877737,0.13913530708683214,0.13807980358654942,0.1380798035883172,0.13807980359005306,0.1380798035883172,0.13807980358654942,0.1380798035883172,0.13807980359179806,0.13807980359644106,0.13807980359179806,0.1380798035883172,0.13807980359005306,0.13807980359644106,0.13807980360921338,0.13807980359644106,0.13807980359005306,0.1380798035883172,0.13807980359179806,0.13807980359644106,0.13807980359179806,0.1380798035883172,0.13807980358654942,0.1380798035883172,0.13807980359005306,0.1380798035883172,0.13807980358654942,0.13704476566816945,0.13704476567086404,0.13704476567409538,0.13704476567086404,0.13704476566816945,0.13704476567086404,0.13704476567743737,0.13704476569051263,0.13704476567743737,0.13704476567086404,0.13704476567409538,0.13704476569051263,0.13704476576264726,0.13704476569051263,0.13704476567409538,0.13704476567086404,0.13704476567743737,0.13704476569051263,0.13704476567743737,0.13704476567086404,0.13704476566816945,0.13704476567086404,0.13704476567409538,0.13704476567086404,0.13704476566816945,0.13602973223544043,0.1360297322372992,0.13602973223911052,0.1360297322372992,0.13602973223544043,0.1360297322372992,0.13602973224092382,0.13602973224574877,0.13602973224092382,0.1360297322372992,0.13602973223911052,0.13602973224574877,0.13602973225909482,0.13602973224574877,0.13602973223911052,0.1360297322372992,0.13602973224092382,0.13602973224574877,0.13602973224092382,0.1360297322372992,0.13602973223544043,0.1360297322372992,0.13602973223911052,0.1360297322372992,0.13602973223544043,0.1350342517119837,0.13503425171314307,0.13503425171409802,0.13503425171314307,0.1350342517119837,0.13503425171314307,0.1350342517150028,0.1350342517168416,0.1350342517150028,0.13503425171314307,0.13503425171409802,0.1350342517168416,0.13503425172017774,0.1350342517168416,0.13503425171409802,0.13503425171314307,0.1350342517150028,0.1350342517168416,0.1350342517150028,0.13503425171314307,0.1350342517119837,0.13503425171314307,0.13503425171409802,0.13503425171314307,0.1350342517119837
0.16533248795765704,0.1653324879576568,0.16533248795765657,0.1653324879576568,0.16533248795765704,0.1653324879576568,0.16533248795765657,0.16533248795765657,0.16533248795765657,0.1653324879576568,0.16533248795765657,0.16533248795765657,0.16533248795765634,0.16533248795765657,0.16533248795765657,0.1653324879576568,0.16533248795765657,0.16533248795765657,0.16533248795765657,0.1653324879576568,0.16533248795765704,0.1653324879576568,0.16533248795765657,0.1653324879576568,0.16533248795765704,0.16375749423543,0.16375749423542957,0.16375749423542932,0.16375749423542957,0.16375749423543,0.16375749423542957,0.16375749423542932,0.1637574942354291,0.16375749423542932,0.16375749423542957,0.16375749423542932,0.1637574942354291,0.16375749423542862,0.1637574942354291,0.16375749423542932,0.16375749423542957,0.16375749423542932,0.1637574942354291,0.16375749423542932,0.16375749423542957,0.16375749423543,0.16375749423542957,0.16375749423542932,0.16375749423542957,0.16375749423543,0.16221388444516288,0.16221388444516177,0.16221388444516108,0.16221388444516177,0.16221388444516288,0.16221388444516177,0.16221388444516063,0.16221388444515972,0.16221388444516063,0.16221388444516177,0.16221388444516108,0.16221388444515972,0.16221388444515908,0.16221388444515972,0.16221388444516108,0.16221388444516177,0.16221388444516063,0.16221388444515972,0.16221388444516063,0.16221388444516177,0.16221388444516288,0.16221388444516177,0.16221388444516108,0.16221388444516177,0.16221388444516288,0.16070106754389746,0.16070106754389413,0.1607010675438919,0.16070106754389413,0.16070106754389746,0.16070106754389413,0.16070106754389035,0.16070106754388794,0.16070106754389035,0.16070106754389413,0.1607010675438919,0.16070106754388794,0.16070106754388525,0.16070106754388794,0.1607010675438919,0.16070106754389413,0.16070106754389035,0.16070106754388794,0.16070106754389035,0.16070106754389413,0.16070106754389746,0.16070106754389413,0.1607010675438919,0.16070106754389413,0.16070106754389746,0.15921845190661643,0.15921845190660616,0.1592184519065996,0.15921845190660616,0.15921845190661643,0.15921845190660616,0.15921845190659462,0.1592184519065868,0.15921845190659462,0.15921845190660616,0.1592184519065996,0.1592184519065868,0.1592184519065781,0.1592184519065868,0.1592184519065996,0.15921845190660616,0.15921845190659462,0.1592184519065868,0.15921845190659462,0.15921845190660616,0.15921845190661643,0.15921845190660616,0.1592184519065996,0.15921845190660616,0.15921845190661643,0.15776544667810025,0.15776544667807063,0.15776544667805076,0.15776544667807063,0.15776544667810025,0.15776544667807063,0.15776544667803474,0.1577654466780096,0.15776544667803474,0.15776544667807063,0.15776544667805076,0.1577654466780096,0.15776544667798034,0.1577654466780096,0.15776544667805076,0.15776544667807063,0.15776544667803474,0.1577654466780096,0.15776544667803474,0.15776544667807063,0.15776544667810025,0.15776544667807063,0.15776544667805076,0.15776544667807063,0.15776544667810025,0.15634146298726842,0.15634146298718435,0.1563414629871254,0.15634146298718435,0.15634146298726842,0.15634146298718435,0.156341462987075,0.15634146298699322,0.156341462987075,0.15634146298718435,0.1563414629871254,0.15634146298699322,0.1563414629868889,0.15634146298699322,0.1563414629871254,0.15634146298718435,0.156341462987075,0.15634146298699322,0.156341462987075,0.15634146298718435,0.15634146298726842,0.15634146298718435,0.1563414629871254,0.15634146298718435,0.15634146298726842,0.15494591503428506,0.154945915034058,0.1549459150338875,0.154945915034058,0.15494591503428506,0.154945915034058,0.1549459150337334,0.15494591503346003,0.1549459150337334,0.154945915034058,0.1549459150338875,0.15494591503346003,0.15494591503305793,0.15494591503346003,0.1549459150338875,0.154945915034058,0.1549459150337334,0.15494591503346003,0.1549459150337334,0.154945915034058,0.15494591503428506,0.154945915034058,0.1549459150338875,0.154945915034058,0.15494591503428506,0.15357822106017666,0.15357822105961066,0.1535782210591389,0.15357822105961066,0.15357822106017666,0.15357822105961066,0.1535782210586896,0.1535782210577611,0.1535782210586896,0.15357822105961066,0.1535782210591389,0.1535782210577611,0.15357822105603966,0.1535782210577611,0.1535782210591389,0.15357822105961066,0.1535782210586896,0.1535782210577611,0.1535782210586896,0.15357822105961066,0.15357822106017666,0.15357822105961066,0.1535782210591389,0.15357822105961066,0.15357822106017666,0.15223780420815905,0.15223780420693236,0.15223780420574737,0.15223780420693236,0.15223780420815905,0.15223780420693236,0.1522378042045632,0.15223780420146948,0.1522378042045632,0.15223780420693236,0.15223780420574737,0.15223780420146948,0.1522378041931426,0.15223780420146948,0.15223780420574737,0.15223780420693236,0.1522378042045632,0.15223780420146948,0.1522378042045632,0.15223780420693236,0.15223780420815905,0.15223780420693236,0.15223780420574737,0.15223780420693236,0.15223780420815905,0.15092409328521086,0.15092409328318213,0.15092409328083775,0.15092409328318213,0.15092409328521086,0.15092409328318213,0.15092409327842105,0.1509240932695398,0.15092409327842105,0.15092409328318213,0.15092409328083775,0.1509240932695398,0.15092409322395475,0.1509240932695398,0.15092409328083775,0.15092409328318213,0.15092409327842105,0.1509240932695398,0.15092409327842105,0.15092409328318213,0.15092409328521086,0.15092409328318213,0.15092409328083775,0.15092409328318213,0.15092409328521086,0.14963652343129794,0.14963652342950956,0.14963652342757353,0.14963652342950956,0.14963652343129794,0.14963652342950956,0.14963652342559328,0.14963652341914724,0.14963652342559328,0.14963652342950956,0.14963652342757353,0.14963652341914724,0.14963652339161665,0.14963652341914724,0.14963652342757353,0.14963652342950956,0.14963652342559328,0.14963652341914724,0.14963652342559328,0.14963652342950956,0.14963652343129794,0.14963652342950956,0.14963652342757353,0.14963652342950956,0.14963652343129794,0.1483745367023571,0.14837453670131628,0.14837453670030012,0.14837453670131628,0.1483745367023571,0.14837453670131628,0.14837453669928397,0.14837453669645898,0.14837453669928397,0.14837453670131628,0.14837453670030012,0.14837453669645898,0.14837453668671005,0.14837453669645898,0.14837453670030012,0.14837453670131628,0.14837453669928397,0.14837453669645898,0.14837453669928397,0.14837453670131628,0.1483745367023571,0.14837453670131628,0.14837453670030012,0.14837453670131628,0.1483745367023571,0.14713758257970955,0.14713758257934878,0.14713758257905976,0.14713758257934878,0.14713758257970955,0.14713758257934878,0.14713758257878928,0.14713758257827264,0.14713758257878928,0.14713758257934878,0.14713758257905976,0.14713758257827264,0.14713758257751602,0.14713758257827264,0.14713758257905976,0.14713758257934878,0.14713758257878928,0.14713758257827264,0.14713758257878928,0.14713758257934878,0.14713758257970955,0.14713758257934878,0.14713758257905976,0.14713758257934878,0.14713758257970955,0.14592511840906025,0.14592511840914787,0.14592511840930722,0.14592511840914787,0.14592511840906025,0.14592511840914787,0.1459251184094874,0.14592511841029993,0.1459251184094874,0.14592511840914787,0.14592511840930722,0.14592511841029993,0.14592511841477326,0.14592511841029993,0.14592511840930722,0.14592511840914787,0.1459251184094874,0.14592511841029993,0.1459251184094874,0.14592511840914787,0.14592511840906025,0.14592511840914787,0.14592511840930722,0.14592511840914787,0.14592511840906025,0.14473660977429162,0.14473660977458938,0.14473660977493186,0.14473660977458938,0.14473660977429162,0.14473660977458938,0.14473660977528846,0.14473660977651745,0.14473660977528846,0.14473660977458938,0.14473660977493186,0.14473660977651745,0.1447366097821205,0.14473660977651745,0.14473660977493186,0.14473660977458938,0.14473660977528846,0.14473660977651745,0.14473660977528846,0.14473660977458938,0.14473660977429162,0.14473660977458938,0.14473660977493186,0.14473660977458938,0.14473660977429162,0.14357153081225132,0.14357153081260912,0.1435715308129753,0.14357153081260912,0.14357153081225132,0.14357153081260912,0.1435715308133456,0.14357153081446056,0.1435715308133456,0.14357153081260912,0.1435715308129753,0.14357153081446056,0.14357153081881743,0.14357153081446056,0.1435715308129753,0.14357153081260912,0.1435715308133456,0.14357153081446056,0.1435715308133456,0.14357153081260912,0.14357153081225132,0.14357153081260912,0.1435715308129753,0.14357153081260912,0.14357153081225132,0.14242936447395244,0.1424293644743413,0.14242936447472326,0.1424293644743413,0.14242936447395244,0.1424293644743413,0.1424293644751029,0.14242936447622043,0.1424293644751029,0.1424293644743413,0.14242936447472326,0.14242936447622043,0.14242936448060614,0.14242936447622043,0.14242936447472326,0.1424293644743413,0.1424293644751029,0.14242936447622043,0.1424293644751029,0.1424293644743413,0.14242936447395244,0.1424293644743413,0.14242936447472326,0.1424293644743413,0.14242936447395244,0.14130960273720475,0.14130960273764864,0.1413096027380697,0.14130960273764864,0.14130960273720475,0.14130960273764864,0.1413096027384815,0.14130960273966847,0.1413096027384815,0.14130960273764864,0.1413096027380697,0.14130960273966847,0.14130960274431492,0.14130960273966847,0.14130960273806953,0.14130960273764864,0.1413096027384815,0.14130960273966847,0.1413096027384815,0.14130960273764864,0.14130960273720475,0.14130960273764864,0.14130960273806953,0.14130960273764864,0.14130960273720475,0.14021174677541695,0.140211746775997,0.14021174677651252,0.140211746775997,0.14021174677541695,0.140211746775997,0.1402117467770074,0.14021174677830645,0.1402117467770074,0.140211746775997,0.14021174677651252,0.14021174677830645,0.14021174678305534,0.14021174677830645,0.14021174677651252,0.140211746775997,0.1402117467770074,0.14021174677830645,0.1402117467770074,0.140211746775997,0.14021174677541695,0.140211746775997,0.14021174677651252,0.140211746775997,0.14021174677541695,0.13913530708660574,0.1391353070875454,0.13913530708834623,0.1391353070875454,0.13913530708660574,0.1391353070875454,0.1391353070891167,0.13913530709075775,0.1391353070891167,0.1391353070875454,0.13913530708834623,0.13913530709075775,0.13913530709402464,0.13913530709075775,0.13913530708834623,0.1391353070875454,0.1391353070891167,0.13913530709075775,0.1391353070891167,0.1391353070875454,0.13913530708660574,0.1391353070875454,0.13913530708834623,0.1391353070875454,0.13913530708660574,0.13807980358630817,0.13807980358807334,0.13807980358980684,0.13807980358807334,0.13807980358630817,0.13807980358807334,0.13807980359154937,0.13807980359618618,0.13807980359154937,0.13807980358807334,0.13807980358980684,0.13807980359618618,0.1380798036089416,0.13807980359618618,0.13807980358980684,0.13807980358807334,0.13807980359154937,0.13807980359618618,0.13807980359154937,0.13807980358807334,0.13807980358630817,0.13807980358807334,0.13807980358980684,0.13807980358807334,0.13807980358630817,0.13704476566791843,0.13704476567060955,0.13704476567383658,0.13704476567060955,0.13704476566791843,0.13704476567060955,0.13704476567717433,0.13704476569023302,0.13704476567717433,0.13704476567060955,0.13704476567383658,0.13704476569023302,0.1370447657622597,0.13704476569023302,0.13704476567383658,0.13704476567060955,0.13704476567717433,0.13704476569023302,0.13704476567717433,0.13704476567060955,0.13704476566791843,0.13704476567060955,0.13704476567383658,0.13704476567060955,0.13704476566791843,0.13602973223518652,0.13602973223704287,0.13602973223885184,0.13602973223704287,0.13602973223518652,0.13602973223704287,0.1360297322406629,0.1360297322454817,0.1360297322406629,0.13602973223704287,0.13602973223885184,0.1360297322454817,0.13602973225881093,0.1360297322454817,0.13602973223885184,0.13602973223704287,0.1360297322406629,0.1360297322454817,0.1360297322406629,0.13602973223704287,0.13602973223518652,0.13602973223704287,0.13602973223885184,0.13602973223704287,0.13602973223518652,0.13503425171173156,0.1350342517128895,0.13503425171384326,0.1350342517128895,0.13503425171173156,0.1350342517128895,0.13503425171474687,0.13503425171658334,0.13503425171474703,0.1350342517128895,0.13503425171384326,0.13503425171658334,0.13503425171991523,0.1350342517165835,0.13503425171384326,0.1350342517128895,0.13503425171474703,0.1350342517165835,0.13503425171474703,0.1350342517128895,0.13503425171173156,0.1350342517128895,0.13503425171384326,0.1350342517128895,0.13503425171173156
0.16533248795784372,0.16533248795784347,0.16533248795784347,0.16533248795784347,0.16533248795784372,0.16533248795784347,0.16533248795784347,0.16533248795784325,0.16533248795784347,0.16533248795784347,0.16533248795784347,0.16533248795784325,0.16533248795784325,0.16533248795784325,0.16533248795784347,0.16533248795784347,0.16533248795784347,0.16533248795784325,0.16533248795784347,0.16533248795784347,0.16533248795784372,0.16533248795784347,0.16533248795784347,0.16533248795784347,0.16533248795784372,0.16375749423561295,0.16375749423561273,0.1637574942356125,0.16375749423561273,0.16375749423561295,0.16375749423561273,0.16375749423561228,0.16375749423561203,0.16375749423561228,0.16375749423561273,0.1637574942356125,0.16375749423561203,0.1637574942356118,0.16375749423561203,0.1637574942356125,0.16375749423561273,0.16375749423561228,0.16375749423561203,0.16375749423561228,0.16375749423561273,0.16375749423561295,0.16375749423561273,0.1637574942356125,0.16375749423561273,0.16375749423561295,0.1622138844453422,0.16221388444534104,0.1622138844453404,0.16221388444534104,0.1622138844453422,0.16221388444534104,0.16221388444533996,0.16221388444533905,0.16221388444533996,0.16221388444534104,0.1622138844453404,0.16221388444533905,0.16221388444533835,0.16221388444533905,0.1622138844453404,0.16221388444534104,0.16221388444533996,0.16221388444533905,0.16221388444533996,0.16221388444534104,0.1622138844453422,0.16221388444534104,0.1622138844453404,0.16221388444534104,0.1622138844453422,0.1607010675440732,0.16070106754406985,0.16070106754406766,0.16070106754406985,0.1607010675440732,0.16070106754406985,0.16070106754406607,0.16070106754406366,0.16070106754406607,0.16070106754406985,0.16070106754406766,0.16070106754406366,0.16070106754406097,0.16070106754406366,0.16070106754406766,0.16070106754406985,0.16070106754406607,0.16070106754406366,0.16070106754406607,0.16070106754406985,0.1607010675440732,0.16070106754406985,0.16070106754406766,0.16070106754406985,0.1607010675440732,0.1592184519067884,0.15921845190677839,0.15921845190677186,0.15921845190677839,0.1592184519067884,0.15921845190677839,0.15921845190676662,0.1592184519067588,0.15921845190676662,0.15921845190677839,0.15921845190677186,0.1592184519067588,0.1592184519067503,0.1592184519067588,0.15921845190677186,0.15921845190677839,0.15921845190676662,0.1592184519067588,0.15921845190676662,0.15921845190677839,0.1592184519067884,0.15921845190677839,0.15921845190677186,0.15921845190677839,0.1592184519067884,0.15776544667826883,0.15776544667823916,0.15776544667821932,0.15776544667823916,0.15776544667826883,0.15776544667823916,0.15776544667820333,0.15776544667817835,0.15776544667820333,0.15776544667823916,0.15776544667821932,0.15776544667817835,0.15776544667814912,0.15776544667817835,0.15776544667821932,0.15776544667823916,0.15776544667820333,0.15776544667817835,0.15776544667820333,0.15776544667823916,0.15776544667826883,0.15776544667823916,0.15776544667821932,0.15776544667823916,0.15776544667826883,0.1563414629874332,0.15634146298734936,0.1563414629872906,0.15634146298734936,0.1563414629874332,0.15634146298734936,0.15634146298724041,0.15634146298715884,0.15634146298724041,0.15634146298734936,0.1563414629872906,0.15634146298715884,0.15634146298705473,0.15634146298715884,0.1563414629872906,0.15634146298734936,0.15634146298724041,0.15634146298715884,0.15634146298724041,0.15634146298734936,0.1563414629874332,0.15634146298734936,0.1563414629872906,0.15634146298734936,0.1563414629874332,0.15494591503444574,0.15494591503421928,0.15494591503404917,0.15494591503421928,0.15494591503444574,0.15494591503421928,0.1549459150338955,0.15494591503362293,0.1549459150338955,0.15494591503421928,0.15494591503404917,0.15494591503362293,0.15494591503322167,0.15494591503362293,0.15494591503404917,0.15494591503421928,0.1549459150338955,0.15494591503362293,0.1549459150338955,0.15494591503421928,0.15494591503444574,0.15494591503421928,0.15494591503404917,0.15494591503421928,0.15494591503444574,0.1535782210603321,0.1535782210597675,0.15357822105929697,0.1535782210597675,0.1535782210603321,0.1535782210597675,0.15357822105884908,0.1535782210579228,0.15357822105884908,0.1535782210597675,0.15357822105929697,0.1535782210579228,0.15357822105620578,0.1535782210579228,0.15357822105929697,0.1535782210597675,0.15357822105884908,0.1535782210579228,0.15357822105884908,0.1535782210597675,0.1535782210603321,0.1535782210597675,0.15357822105929697,0.1535782210597675,0.1535782210603321,0.15223780420830613,0.15223780420708274,0.15223780420590075,0.15223780420708274,0.15223780420830613,0.15223780420708274,0.1522378042047197,0.15223780420163405,0.1522378042047197,0.15223780420708274,0.15223780420590075,0.15223780420163405,0.152237804193328,0.15223780420163405,0.15223780420590075,0.15223780420708274,0.1522378042047197,0.15223780420163405,0.1522378042047197,0.15223780420708274,0.15223780420830613,0.15223780420708274,0.15223780420590075,0.15223780420708274,0.15223780420830613,0.15092409328534245,0.15092409328331968,0.15092409328098166,0.15092409328331968,0.15092409328534245,0.15092409328331968,0.1509240932785715,0.1509240932697134,0.1509240932785715,0.15092409328331968,0.15092409328098166,0.1509240932697134,0.15092409322423117,0.1509240932697134,0.15092409328098166,0.15092409328331968,0.1509240932785715,0.1509240932697134,0.1509240932785715,0.15092409328331968,0.15092409328534245,0.15092409328331968,0.15092409328098166,0.15092409328331968,0.15092409328534245,0.14963652343140232,0.1496365234296198,0.1496365234276902,0.1496365234296198,0.14963652343140232,0.1496365234296198,0.14963652342571637,0.14963652341929262,0.14963652342571637,0.1496365234296198,0.1496365234276902,0.14963652341929262,0.14963652339190855,0.14963652341929262,0.1496365234276902,0.1496365234296198,0.14963652342571637,0.14963652341929262,0.14963652342571637,0.1496365234296198,0.14963652343140232,0.1496365234296198,0.1496365234276902,0.1496365234296198,0.14963652343140232,0.14837453670242215,0.14837453670138487,0.14837453670037276,0.14837453670138487,0.14837453670242215,0.14837453670138487,0.1483745366993605,0.1483745366965483,0.1483745366993605,0.14837453670138487,0.14837453670037276,0.1483745366965483,0.14837453668683293,0.1483745366965483,0.14837453670037276,0.14837453670138487,0.1483745366993605,0.1483745366965483,0.1483745366993605,0.14837453670138487,0.14837453670242215,0.14837453670138487,0.14837453670037276,0.14837453670138487,0.14837453670242215,0.14713758257972662,0.14713758257936693,0.14713758257907864,0.14713758257936693,0.14713758257972662,0.14713758257936693,0.14713758257880888,0.14713758257829407,0.14713758257880888,0.14713758257936693,0.14713758257907864,0.14713758257829407,0.14713758257753673,0.14713758257829407,0.14713758257907864,0.14713758257936693,0.14713758257880888,0.14713758257829407,0.14713758257880888,0.14713758257936693,0.14713758257972662,0.14713758257936693,0.14713758257907864,0.14713758257936693,0.14713758257972662,0.14592511840902714,0.14592511840911315,0.14592511840927072,0.14592511840911315,0.14592511840902714,0.14592511840911315,0.14592511840944897,0.14592511841025524,0.14592511840944897,0.14592511840911315,0.14592511840927072,0.14592511841025524,0.14592511841468297,0.14592511841025524,0.14592511840927072,0.14592511840911315,0.14592511840944897,0.14592511841025524,0.14592511840944897,0.14592511840911315,0.14592511840902714,0.14592511840911315,0.14592511840927072,0.14592511840911315,0.14592511840902714,0.14473660977421077,0.14473660977450525,0.14473660977484387,0.14473660977450525,0.14473660977421077,0.14473660977450525,0.1447366097751963,0.14473660977641187,0.1447366097751963,0.14473660977450525,0.14473660977484387,0.14473660977641187,0.14473660978196148,0.14473660977641187,0.14473660977484387,0.14473660977450525,0.1447366097751963,0.14473660977641187,0.1447366097751963,0.14473660977450525,0.14473660977421077,0.14473660977450525,0.14473660977484387,0.14473660977450525,0.14473660977421077,0.14357153081212934,0.14357153081248317,0.14357153081284527,0.14357153081248317,0.14357153081212934,0.14357153081248317,0.14357153081321108,0.1435715308143117,0.14357153081321108,0.14357153081248317,0.14357153081284527,0.1435715308143117,0.14357153081862475,0.1435715308143117,0.14357153081284527,0.14357153081248317,0.14357153081321108,0.1435715308143117,0.14357153081321108,0.14357153081248317,0.14357153081212934,0.14357153081248317,0.14357153081284527,0.14357153081248317,0.14357153081212934,0.14242936447379678,0.14242936447418225,0.14242936447456087,0.14242936447418225,0.14242936447379678,0.14242936447418225,0.14242936447493731,0.14242936447604512,0.14242936447493731,0.14242936447418225,0.14242936447456087,0.14242936447604512,0.1424293644803822,0.14242936447604512,0.14242936447456087,0.14242936447418225,0.14242936447493731,0.14242936447604512,0.14242936447493731,0.14242936447418225,0.14242936447379678,0.14242936447418225,0.14242936447456087,0.14242936447418225,0.14242936447379678,0.14130960273702156,0.14130960273746265,0.141309602737881,0.14130960273746265,0.14130960273702156,0.14130960273746265,0.14130960273829024,0.14130960273946963,0.14130960273829024,0.14130960273746265,0.141309602737881,0.14130960273946963,0.14130960274409227,0.14130960273946963,0.141309602737881,0.14130960273746265,0.14130960273829024,0.14130960273946963,0.14130960273829024,0.14130960273746265,0.14130960273702156,0.14130960273746265,0.141309602737881,0.14130960273746265,0.14130960273702156,0.14021174677521103,0.14021174677578896,0.14021174677630238,0.14021174677578896,0.1402117467752112,0.14021174677578896,0.14021174677679518,0.14021174677808795,0.14021174677679518,0.14021174677578896,0.14021174677630238,0.14021174677808795,0.14021174678280493,0.14021174677808795,0.14021174677630238,0.14021174677578896,0.14021174677679518,0.14021174677808795,0.14021174677679518,0.14021174677578896,0.1402117467752112,0.14021174677578896,0.14021174677630238,0.14021174677578896,0.1402117467752112,0.13913530708638153,0.1391353070873193,0.1391353070881184,0.1391353070873193,0.13913530708638153,0.1391353070873193,0.13913530708888747,0.13913530709052468,0.13913530708888747,0.1391353070873193,0.1391353070881184,0.13913530709052468,0.13913530709378386,0.13913530709052468,0.1391353070881184,0.1391353070873193,0.13913530708888747,0.13913530709052468,0.13913530708888747,0.1391353070873193,0.13913530708638153,0.1391353070873193,0.1391353070881184,0.1391353070873193,0.13913530708638153,0.13807980358606925,0.13807980358783206,0.13807980358956295,0.13807980358783192,0.13807980358606925,0.13807980358783206,0.13807980359130315,0.13807980359593364,0.13807980359130315,0.13807980358783192,0.13807980358956295,0.13807980359593364,0.13807980360867228,0.13807980359593364,0.13807980358956295,0.13807980358783192,0.13807980359130315,0.13807980359593364,0.13807980359130315,0.13807980358783192,0.13807980358606925,0.13807980358783192,0.13807980358956295,0.13807980358783192,0.13807980358606925,0.1370447656676697,0.1370447656703573,0.13704476567358043,0.1370447656703573,0.1370447656676697,0.1370447656703573,0.13704476567691373,0.13704476568995602,0.13704476567691373,0.1370447656703573,0.13704476567358043,0.13704476568995602,0.13704476576191948,0.13704476568995602,0.13704476567358043,0.1370447656703573,0.13704476567691373,0.13704476568995602,0.13704476567691373,0.1370447656703573,0.1370447656676697,0.1370447656703573,0.13704476567358043,0.1370447656703573,0.1370447656676697,0.1360297322349351,0.1360297322367891,0.13602973223859569,0.1360297322367891,0.13602973223493497,0.1360297322367891,0.1360297322404045,0.1360297322452172,0.1360297322404045,0.1360297322367891,0.13602973223859569,0.1360297322452172,0.1360297322585297,0.1360297322452172,0.13602973223859569,0.1360297322367891,0.1360297322404045,0.1360297322452172,0.1360297322404045,0.1360297322367891,0.13602973223493497,0.1360297322367891,0.13602973223859569,0.1360297322367891,0.13602973223493497,0.13503425171148195,0.1350342517126384,0.13503425171359096,0.13503425171263855,0.13503425171148195,0.1350342517126384,0.13503425171449357,0.1350342517163277,0.13503425171449357,0.13503425171263855,0.13503425171359096,0.1350342517163277,0.13503425171965538,0.1350342517163277,0.13503425171359096,0.13503425171263855,0.13503425171449357,0.1350342517163277,0.13503425171449357,0.13503425171263855,0.13503425171148195,0.13503425171263855,0.13503425171359096,0.13503425171263855,0.13503425171148195
0.1653324879580287,0.1653324879580285,0.1653324879580285,0.1653324879580285,0.1653324879580287,0.1653324879580285,0.16533248795802824,0.16533248795802824,0.16533248795802824,0.1653324879580285,0.1653324879580285,0.16533248795802824,0.16533248795802805,0.16533248795802824,0.1653324879580285,0.1653324879580285,0.16533248795802824,0.16533248795802824,0.16533248795802824,0.1653324879580285,0.1653324879580287,0.1653324879580285,0.1653324879580285,0.1653324879580285,0.1653324879580287,0.1637574942357943,0.16375749423579383,0.1637574942357936,0.16375749423579383,0.1637574942357943,0.16375749423579383,0.16375749423579336,0.16375749423579314,0.16375749423579336,0.16375749423579383,0.1637574942357936,0.16375749423579314,0.16375749423579292,0.16375749423579314,0.1637574942357936,0.16375749423579383,0.16375749423579336,0.16375749423579314,0.16375749423579336,0.16375749423579383,0.1637574942357943,0.16375749423579383,0.1637574942357936,0.16375749423579383,0.1637574942357943,0.16221388444551968,0.16221388444551857,0.16221388444551788,0.16221388444551857,0.16221388444551968,0.16221388444551857,0.1622138844455174,0.16221388444551676,0.1622138844455174,0.16221388444551857,0.16221388444551788,0.16221388444551676,0.16221388444551582,0.16221388444551676,0.16221388444551788,0.16221388444551857,0.1622138844455174,0.16221388444551676,0.1622138844455174,0.16221388444551857,0.16221388444551968,0.16221388444551857,0.16221388444551788,0.16221388444551857,0.16221388444551968,0.16070106754424712,0.16070106754424382,0.16070106754424157,0.16070106754424382,0.16070106754424712,0.16070106754424382,0.16070106754424004,0.16070106754423757,0.16070106754424004,0.16070106754424382,0.16070106754424157,0.16070106754423757,0.16070106754423494,0.16070106754423757,0.16070106754424157,0.16070106754424382,0.16070106754424004,0.16070106754423757,0.16070106754424004,0.16070106754424382,0.16070106754424712,0.16070106754424382,0.16070106754424157,0.16070106754424382,0.16070106754424712,0.15921845190695885,0.15921845190694886,0.1592184519069421,0.15921845190694886,0.15921845190695885,0.15921845190694886,0.1592184519069371,0.15921845190692926,0.1592184519069371,0.15921845190694886,0.1592184519069421,0.15921845190692926,0.15921845190692077,0.15921845190692926,0.1592184519069421,0.15921845190694886,0.1592184519069371,0.15921845190692926,0.1592184519069371,0.15921845190694886,0.15921845190695885,0.15921845190694886,0.1592184519069421,0.15921845190694886,0.15921845190695885,0.15776544667843567,0.157765446678406,0.1577654466783864,0.157765446678406,0.15776544667843567,0.157765446678406,0.1577654466783704,0.15776544667834544,0.1577654466783704,0.157765446678406,0.1577654466783864,0.15776544667834544,0.1577654466783164,0.15776544667834544,0.1577654466783864,0.157765446678406,0.1577654466783704,0.15776544667834544,0.1577654466783704,0.157765446678406,0.15776544667843567,0.157765446678406,0.1577654466783864,0.157765446678406,0.15776544667843567,0.15634146298759652,0.15634146298751267,0.1563414629874541,0.15634146298751267,0.15634146298759652,0.15634146298751267,0.15634146298740415,0.1563414629873228,0.15634146298740415,0.15634146298751267,0.1563414629874541,0.1563414629873228,0.15634146298721888,0.15634146298732257,0.1563414629874541,0.15634146298751267,0.15634146298740415,0.15634146298732257,0.15634146298740415,0.15634146298751267,0.15634146298759652,0.15634146298751267,0.1563414629874541,0.15634146298751267,0.15634146298759652,0.15494591503460498,0.15494591503437893,0.15494591503420924,0.15494591503437893,0.15494591503460498,0.15494591503437893,0.15494591503405616,0.15494591503378422,0.15494591503405616,0.15494591503437893,0.15494591503420924,0.15494591503378422,0.15494591503338398,0.15494591503378422,0.15494591503420924,0.15494591503437893,0.15494591503405616,0.15494591503378422,0.15494591503405616,0.15494591503437893,0.15494591503460498,0.15494591503437893,0.15494591503420924,0.15494591503437893,0.15494591503460498,0.15357822106048594,0.15357822105992297,0.15357822105945362,0.15357822105992297,0.15357822106048594,0.15357822105992297,0.15357822105900673,0.15357822105808286,0.15357822105900673,0.15357822105992297,0.15357822105945362,0.15357822105808286,0.15357822105637006,0.15357822105808286,0.15357822105945362,0.15357822105992297,0.15357822105900673,0.15357822105808286,0.15357822105900673,0.15357822105992297,0.15357822106048594,0.15357822105992297,0.15357822105945362,0.15357822105992297,0.15357822106048594,0.15223780420845157,0.15223780420723154,0.15223780420605268,0.15223780420723154,0.15223780420845157,0.15223780420723154,0.15223780420487482,0.15223780420179683,0.15223780420487482,0.15223780420723154,0.15223780420605268,0.15223780420179683,0.15223780419351166,0.15223780420179683,0.15223780420605268,0.15223780420723154,0.15223780420487482,0.15223780420179683,0.15223780420487482,0.15223780420723154,0.15223780420845157,0.15223780420723154,0.15223780420605268,0.15223780420723154,0.15223780420845157,0.15092409328547285,0.15092409328345568,0.15092409328112405,0.15092409328345568,0.15092409328547285,0.15092409328345568,0.15092409327872047,0.1509240932698855,0.15092409327872047,0.15092409328345568,0.15092409328112405,0.1509240932698855,0.150924093224547,0.1509240932698855,0.15092409328112405,0.15092409328345568,0.15092409327872047,0.1509240932698855,0.15092409327872047,0.15092409328345568,0.15092409328547285,0.15092409328345568,0.15092409328112405,0.15092409328345568,0.15092409328547285,0.14963652343150574,0.1496365234297291,0.14963652342780576,0.1496365234297291,0.14963652343150574,0.1496365234297291,0.14963652342583833,0.14963652341943634,0.14963652342583833,0.1496365234297291,0.14963652342780576,0.14963652341943634,0.14963652339215117,0.14963652341943634,0.14963652342780576,0.1496365234297291,0.14963652342583833,0.14963652341943634,0.14963652342583833,0.1496365234297291,0.14963652343150574,0.1496365234297291,0.14963652342780576,0.1496365234297291,0.14963652343150574,0.14837453670248646,0.14837453670145287,0.14837453670044468,0.14837453670145287,0.14837453670248646,0.14837453670145287,0.14837453669943648,0.1483745366966369,0.14837453669943648,0.14837453670145287,0.14837453670044468,0.1483745366966369,0.14837453668697656,0.1483745366966369,0.14837453670044468,0.14837453670145287,0.14837453669943648,0.1483745366966369,0.14837453669943648,0.14837453670145287,0.14837453670248646,0.14837453670145287,0.14837453670044468,0.14837453670145287,0.14837453670248646,0.1471375825797437,0.14713758257938492,0.14713758257909756,0.14713758257938492,0.1471375825797437,0.14713758257938492,0.1471375825788285,0.14713758257831513,0.1471375825788285,0.14713758257938492,0.14713758257909756,0.14713758257831513,0.1471375825775511,0.14713758257831513,0.14713758257909737,0.14713758257938492,0.1471375825788285,0.14713758257831513,0.1471375825788285,0.14713758257938492,0.1471375825797437,0.14713758257938492,0.14713758257909737,0.14713758257938492,0.1471375825797437,0.14592511840899436,0.14592511840907876,0.14592511840923458,0.14592511840907876,0.14592511840899436,0.14592511840907876,0.1459251184094112,0.14592511841021125,0.1459251184094112,0.14592511840907876,0.14592511840923458,0.14592511841021125,0.14592511841462083,0.14592511841021125,0.14592511840923458,0.14592511840907876,0.1459251184094112,0.14592511841021125,0.1459251184094112,0.14592511840907876,0.14592511840899436,0.14592511840907876,0.14592511840923458,0.14592511840907876,0.14592511840899436,0.14473660977413103,0.144736609774422,0.14473660977475677,0.144736609774422,0.14473660977413103,0.144736609774422,0.14473660977510536,0.14473660977630765,0.14473660977510536,0.144736609774422,0.14473660977475677,0.14473660977630765,0.14473660978181,0.14473660977630765,0.14473660977475677,0.144736609774422,0.14473660977510536,0.14473660977630765,0.14473660977510536,0.144736609774422,0.14473660977413103,0.144736609774422,0.14473660977475677,0.144736609774422,0.14473660977413103,0.14357153081200869,0.14357153081235877,0.14357153081271642,0.14357153081235877,0.14357153081200869,0.14357153081235877,0.14357153081307797,0.14357153081416435,0.14357153081307797,0.14357153081235877,0.14357153081271642,0.14357153081416435,0.1435715308183787,0.14357153081416435,0.14357153081271642,0.14357153081235877,0.14357153081307797,0.14357153081416435,0.14357153081307797,0.14357153081235877,0.14357153081200869,0.14357153081235877,0.14357153081271642,0.14357153081235877,0.14357153081200869,0.1424293644736426,0.1424293644740249,0.14242936447440036,0.1424293644740249,0.1424293644736426,0.1424293644740249,0.14242936447477342,0.142429364475872,0.14242936447477342,0.1424293644740249,0.14242936447440036,0.142429364475872,0.1424293644801871,0.142429364475872,0.14242936447440036,0.1424293644740249,0.14242936447477342,0.142429364475872,0.14242936447477342,0.1424293644740249,0.1424293644736426,0.1424293644740249,0.14242936447440036,0.1424293644740249,0.1424293644736426,0.14130960273684015,0.1413096027372786,0.14130960273769436,0.1413096027372786,0.14130960273684015,0.1413096027372786,0.1413096027381011,0.14130960273927293,0.1413096027381011,0.1413096027372786,0.14130960273769436,0.14130960273927293,0.14130960274383586,0.14130960273927293,0.14130960273769436,0.1413096027372786,0.1413096027381011,0.14130960273927293,0.1413096027381011,0.1413096027372786,0.14130960273684015,0.1413096027372786,0.14130960273769436,0.1413096027372786,0.14130960273684015,0.14021174677500756,0.14021174677558323,0.14021174677609455,0.14021174677558323,0.14021174677500756,0.14021174677558323,0.14021174677658524,0.1402117467778717,0.14021174677658524,0.14021174677558323,0.14021174677609455,0.1402117467778717,0.1402117467825687,0.1402117467778717,0.14021174677609455,0.14021174677558323,0.14021174677658524,0.1402117467778717,0.14021174677658524,0.14021174677558323,0.14021174677500756,0.14021174677558323,0.14021174677609455,0.14021174677558323,0.14021174677500756,0.13913530708615987,0.13913530708709557,0.13913530708789307,0.13913530708709557,0.13913530708615987,0.13913530708709557,0.1391353070886604,0.13913530709029417,0.1391353070886604,0.13913530708709557,0.13913530708789307,0.13913530709029417,0.13913530709354557,0.13913530709029417,0.13913530708789307,0.13913530708709557,0.1391353070886604,0.13913530709029417,0.1391353070886604,0.13913530708709557,0.13913530708615987,0.13913530708709557,0.13913530708789307,0.13913530708709557,0.13913530708615987,0.13807980358583297,0.13807980358759317,0.13807980358932173,0.13807980358759317,0.13807980358583297,0.13807980358759317,0.13807980359105942,0.1380798035956837,0.13807980359105942,0.13807980358759317,0.13807980358932173,0.1380798035956837,0.1380798036084059,0.1380798035956837,0.13807980358932173,0.13807980358759317,0.13807980359105942,0.1380798035956837,0.13807980359105942,0.13807980358759317,0.13807980358583297,0.13807980358759317,0.13807980358932173,0.13807980358759317,0.13807980358583297,0.13704476566742368,0.13704476567010782,0.13704476567332677,0.13704476567010782,0.13704476566742368,0.13704476567010782,0.13704476567665586,0.1370447656896819,0.13704476567665586,0.13704476567010782,0.13704476567332677,0.1370447656896819,0.13704476576154756,0.1370447656896819,0.13704476567332677,0.13704476567010782,0.13704476567665586,0.1370447656896819,0.13704476567665586,0.13704476567010782,0.13704476566742368,0.13704476567010782,0.13704476567332677,0.13704476567010782,0.13704476566742368,0.1360297322346861,0.1360297322365379,0.1360297322383422,0.1360297322365379,0.1360297322346861,0.1360297322365379,0.13602973224014878,0.13602973224495535,0.13602973224014878,0.1360297322365379,0.1360297322383422,0.13602973224495535,0.13602973225825132,0.13602973224495535,0.1360297322383422,0.1360297322365379,0.13602973224014878,0.13602973224495535,0.13602973224014878,0.1360297322365379,0.1360297322346861,0.1360297322365379,0.1360297322383422,0.1360297322365379,0.1360297322346861,0.13503425171123495,0.13503425171238992,0.13503425171334138,0.13503425171238992,0.13503425171123495,0.13503425171238992,0.1350342517142428,0.13503425171607458,0.1350342517142428,0.13503425171238992,0.13503425171334138,0.13503425171607458,0.13503425171939815,0.13503425171607458,0.13503425171334138,0.13503425171238992,0.1350342517142428,0.13503425171607458,0.1350342517142428,0.13503425171238992,0.13503425171123495,0.13503425171238992,0.13503425171334138,0.13503425171238992,0.13503425171123495
0.16533248795847638,0.1653324879584762,0.1653324879584762,0.1653324879584762,0.16533248795847638,0.1653324879584762,0.16533248795847594,0.16533248795847594,0.16533248795847594,0.1653324879584762,0.1653324879584762,0.16533248795847594,0.16533248795847594,0.16533248795847594,0.1653324879584762,0.1653324879584762,0.16533248795847594,0.16533248795847594,0.16533248795847594,0.1653324879584762,0.16533248795847638,0.1653324879584762,0.1653324879584762,0.1653324879584762,0.16533248795847638,0.16375749423623512,0.16375749423623467,0.16375749423623445,0.16375749423623467,0.16375749423623512,0.16375749423623467,0.1637574942362342,0.16375749423623398,0.1637574942362342,0.16375749423623467,0.16375749423623445,0.16375749423623398,0.16375749423623373,0.16375749423623398,0.16375749423623445,0.16375749423623467,0.1637574942362342,0.16375749423623398,0.1637574942362342,0.16375749423623467,0.16375749423623512,0.16375749423623467,0.16375749423623445,0.16375749423623467,0.16375749423623512,0.16221388444595558,0.16221388444595444,0.1622138844459538,0.16221388444595444,0.16221388444595558,0.16221388444595444,0.1622138844459533,0.16221388444595267,0.1622138844459533,0.16221388444595444,0.1622138844459538,0.16221388444595267,0.16221388444595172,0.16221388444595267,0.1622138844459538,0.16221388444595444,0.1622138844459533,0.16221388444595267,0.1622138844459533,0.16221388444595444,0.16221388444595558,0.16221388444595444,0.1622138844459538,0.16221388444595444,0.16221388444595558,0.1607010675446799,0.16070106754467656,0.16070106754467456,0.16070106754467656,0.1607010675446799,0.16070106754467656,0.160701067544673,0.16070106754467056,0.160701067544673,0.16070106754467656,0.16070106754467456,0.16070106754467056,0.16070106754466812,0.16070106754467056,0.16070106754467456,0.16070106754467656,0.160701067544673,0.16070106754467056,0.160701067544673,0.16070106754467656,0.1607010675446799,0.16070106754467656,0.16070106754467456,0.16070106754467656,0.1607010675446799,0.1592184519073906,0.1592184519073808,0.1592184519073743,0.1592184519073808,0.1592184519073906,0.1592184519073808,0.15921845190736925,0.15921845190736164,0.15921845190736925,0.1592184519073808,0.1592184519073743,0.15921845190736164,0.15921845190735315,0.15921845190736164,0.1592184519073743,0.1592184519073808,0.15921845190736925,0.15921845190736164,0.15921845190736925,0.1592184519073808,0.1592184519073906,0.1592184519073808,0.1592184519073743,0.1592184519073808,0.1592184519073906,0.1577654466788682,0.15776544667883893,0.15776544667881953,0.15776544667883893,0.1577654466788682,0.15776544667883893,0.15776544667880374,0.1577654466787792,0.15776544667880374,0.15776544667883893,0.15776544667881953,0.1577654466787792,0.1577654466787504,0.1577654466787792,0.15776544667881953,0.15776544667883893,0.15776544667880374,0.1577654466787792,0.15776544667880374,0.15776544667883893,0.1577654466788682,0.15776544667883893,0.15776544667881953,0.15776544667883893,0.1577654466788682,0.15634146298803062,0.15634146298794802,0.1563414629878903,0.15634146298794802,0.15634146298803062,0.15634146298794802,0.15634146298784074,0.15634146298776047,0.15634146298784074,0.15634146298794802,0.1563414629878903,0.15634146298776047,0.15634146298765797,0.15634146298776047,0.1563414629878903,0.15634146298794802,0.15634146298784074,0.15634146298776047,0.15634146298784074,0.15634146298794802,0.15634146298803062,0.15634146298794802,0.1563414629878903,0.15634146298794802,0.15634146298803062,0.15494591503504065,0.1549459150348177,0.15494591503465024,0.1549459150348177,0.15494591503504065,0.1549459150348177,0.15494591503449903,0.15494591503423036,0.15494591503449903,0.1549459150348177,0.15494591503465024,0.15494591503423036,0.15494591503383545,0.15494591503423036,0.15494591503465024,0.1549459150348177,0.15494591503449903,0.15494591503423036,0.15494591503449903,0.1549459150348177,0.15494591503504065,0.1549459150348177,0.15494591503465024,0.1549459150348177,0.15494591503504065,0.15357822106091937,0.15357822106036342,0.15357822105989988,0.15357822106036342,0.15357822106091937,0.15357822106036342,0.1535782210594588,0.15357822105854663,0.1535782210594588,0.15357822106036342,0.15357822105989988,0.15357822105854663,0.1535782210568561,0.15357822105854663,0.15357822105989988,0.15357822106036342,0.1535782210594588,0.15357822105854663,0.1535782210594588,0.15357822106036342,0.15357822106091937,0.15357822106036342,0.15357822105989988,0.15357822106036342,0.15357822106091937,0.15223780420886965,0.1522378042076646,0.15223780420650068,0.1522378042076646,0.15223780420886965,0.1522378042076646,0.15223780420533736,0.15223780420229896,0.15223780420533736,0.1522378042076646,0.15223780420650068,0.15223780420229896,0.15223780419412067,0.15223780420229896,0.15223780420650068,0.1522378042076646,0.15223780420533736,0.15223780420229896,0.15223780420533736,0.1522378042076646,0.15223780420886965,0.1522378042076646,0.15223780420650068,0.1522378042076646,0.15223780420886965,0.15092409328584577,0.15092409328385273,0.15092409328154965,0.15092409328385273,0.15092409328584577,0.15092409328385273,0.15092409327917577,0.1509240932704529,0.15092409327917577,0.15092409328385273,0.15092409328154965,0.1509240932704529,0.15092409322567654,0.1509240932704529,0.15092409328154965,0.15092409328385273,0.15092409327917577,0.1509240932704529,0.15092409327917577,0.15092409328385273,0.15092409328584577,0.15092409328385273,0.15092409328154965,0.15092409328385273,0.15092409328584577,0.14963652343178388,0.1496365234300254,0.14963652342812248,0.1496365234300254,0.14963652343178388,0.1496365234300254,0.14963652342617623,0.14963652341984646,0.14963652342617623,0.1496365234300254,0.14963652342812248,0.14963652341984646,0.14963652339287856,0.14963652341984646,0.14963652342812248,0.1496365234300254,0.14963652342617623,0.14963652341984646,0.14963652342617623,0.1496365234300254,0.14963652343178388,0.1496365234300254,0.14963652342812248,0.1496365234300254,0.14963652343178388,0.14837453670263176,0.14837453670160258,0.14837453670059758,0.14837453670160258,0.14837453670263176,0.14837453670160258,0.14837453669959216,0.14837453669679404,0.14837453669959216,0.14837453670160258,0.14837453670059758,0.14837453669679404,0.14837453668707926,0.14837453669679404,0.14837453670059758,0.14837453670160258,0.14837453669959216,0.14837453669679404,0.14837453669959216,0.14837453670160258,0.14837453670263176,0.14837453670160258,0.14837453670059758,0.14837453670160258,0.14837453670263176,0.14713758257974588,0.14713758257938112,0.14713758257908627,0.14713758257938112,0.14713758257974588,0.14713758257938112,0.14713758257880927,0.14713758257826648,0.14713758257880927,0.14713758257938112,0.14713758257908627,0.14713758257826648,0.1471375825773687,0.14713758257826648,0.14713758257908627,0.14713758257938112,0.14713758257880927,0.14713758257826648,0.14713758257880927,0.14713758257938112,0.14713758257974588,0.14713758257938112,0.14713758257908627,0.14713758257938112,0.14713758257974588,0.1459251184088635,0.14592511840893685,0.1459251184090802,0.14592511840893685,0.1459251184088635,0.14592511840893685,0.14592511840924405,0.14592511841000078,0.14592511840924405,0.14592511840893685,0.1459251184090802,0.14592511841000078,0.14592511841421574,0.14592511841000078,0.1459251184090802,0.14592511840893685,0.14592511840924405,0.14592511841000078,0.14592511840924405,0.14592511840893685,0.1459251184088635,0.14592511840893685,0.1459251184090802,0.14592511840893685,0.1459251184088635,0.14473660977388733,0.14473660977416644,0.14473660977448885,0.14473660977416644,0.14473660977388733,0.14473660977416644,0.14473660977482483,0.1447366097759863,0.14473660977482483,0.14473660977416644,0.14473660977448885,0.1447366097759863,0.14473660978131356,0.1447366097759863,0.14473660977448885,0.14473660977416644,0.14473660977482483,0.1447366097759863,0.14473660977482483,0.14473660977416644,0.14473660977388733,0.14473660977416644,0.14473660977448885,0.14473660977416644,0.14473660977388733,0.14357153081167365,0.14357153081201382,0.14357153081236168,0.14357153081201382,0.14357153081167365,0.14357153081201382,0.1435715308127135,0.14357153081377183,0.1435715308127135,0.14357153081201382,0.14357153081236168,0.14357153081377183,0.143571530817908,0.14357153081377183,0.14357153081236168,0.14357153081201382,0.1435715308127135,0.14357153081377183,0.1435715308127135,0.14357153081201382,0.14357153081167365,0.14357153081201382,0.14357153081236168,0.14357153081201382,0.14357153081167365,0.14242936447323346,0.14242936447360754,0.14242936447397475,0.14242936447360754,0.14242936447323346,0.14242936447360754,0.14242936447433976,0.14242936447541474,0.14242936447433976,0.14242936447360754,0.14242936447397475,0.14242936447541474,0.14242936447964896,0.14242936447541474,0.14242936447397475,0.14242936447360754,0.14242936447433976,0.14242936447541474,0.14242936447433976,0.14242936447360754,0.14242936447323346,0.14242936447360754,0.14242936447397475,0.14242936447360754,0.14242936447323346,0.1413096027363711,0.1413096027368023,0.14130960273721083,0.1413096027368023,0.1413096027363711,0.1413096027368023,0.14130960273761017,0.14130960273876012,0.14130960273761017,0.1413096027368023,0.14130960273721083,0.14130960273876012,0.1413096027432454,0.14130960273876012,0.14130960273721083,0.1413096027368023,0.14130960273761017,0.14130960273876012,0.14130960273761017,0.1413096027368023,0.1413096027363711,0.1413096027368023,0.14130960273721083,0.1413096027368023,0.1413096027363711,0.14021174677448991,0.14021174677505915,0.14021174677556417,0.14021174677505915,0.14021174677448991,0.14021174677505915,0.14021174677604858,0.14021174677731635,0.14021174677604858,0.14021174677505915,0.14021174677556417,0.14021174677731635,0.14021174678195641,0.14021174677731635,0.14021174677556417,0.14021174677505915,0.14021174677604858,0.14021174677731635,0.14021174677604858,0.14021174677505915,0.14021174677448991,0.14021174677505915,0.14021174677556417,0.14021174677505915,0.14021174677448991,0.13913530708560282,0.13913530708653268,0.13913530708732527,0.13913530708653268,0.13913530708560282,0.13913530708653268,0.13913530708808772,0.1391353070897104,0.13913530708808772,0.13913530708653268,0.13913530708732527,0.1391353070897104,0.13913530709293798,0.1391353070897104,0.13913530708732527,0.13913530708653268,0.13913530708808772,0.1391353070897104,0.13913530708808772,0.13913530708653268,0.13913530708560282,0.13913530708653268,0.13913530708732527,0.13913530708653268,0.13913530708560282,0.1380798035852443,0.13807980358699673,0.13807980358871783,0.13807980358699673,0.1380798035852443,0.13807980358699673,0.13807980359044827,0.13807980359505345,0.13807980359044827,0.13807980358699673,0.13807980358871783,0.13807980359505345,0.1380798036077242,0.13807980359505345,0.13807980358871783,0.13807980358699673,0.13807980359044827,0.13807980359505345,0.13807980359044827,0.13807980358699673,0.1380798035852443,0.13807980358699673,0.13807980358871783,0.13807980358699673,0.1380798035852443,0.13704476566681478,0.13704476566948823,0.13704476567269447,0.13704476566948823,0.13704476566681478,0.13704476566948823,0.13704476567601062,0.13704476568898602,0.13704476567601062,0.13704476566948823,0.13704476567269447,0.13704476568898602,0.13704476576058058,0.13704476568898602,0.13704476567269447,0.13704476566948823,0.13704476567601062,0.13704476568898602,0.13704476567601062,0.13704476566948823,0.13704476566681478,0.13704476566948823,0.13704476567269447,0.13704476566948823,0.13704476566681478,0.13602973223407433,0.13602973223591877,0.13602973223771608,0.13602973223591877,0.13602973223407433,0.13602973223591877,0.13602973223951553,0.13602973224430348,0.13602973223951553,0.13602973223591877,0.13602973223771608,0.13602973224430348,0.136029732257548,0.13602973224430348,0.13602973223771608,0.13602973223591877,0.13602973223951553,0.13602973224430348,0.13602973223951553,0.13602973223591877,0.13602973223407433,0.13602973223591877,0.13602973223771608,0.13602973223591877,0.13602973223407433,0.13503425171063038,0.135034251711781,0.13503425171272862,0.135034251711781,0.13503425171063052,0.135034251711781,0.13503425171362637,0.13503425171545116,0.13503425171362637,0.135034251711781,0.13503425171272862,0.13503425171545116,0.13503425171876185,0.13503425171545116,0.13503425171272862,0.135034251711781,0.13503425171362637,0.13503425171545116,0.13503425171362637,0.135034251711781,0.13503425171063052,0.135034251711781,0.13503425171272862,0.135034251711781,0.13503425171063052
0.1653324879590331,0.16533248795903285,0.16533248795903285,0.16533248795903285,0.1653324879590331,0.16533248795903285,0.16533248795903263,0.16533248795903263,0.16533248795903285,0.16533248795903285,0.16533248795903285,0.16533248795903263,0.16533248795903263,0.16533248795903263,0.16533248795903285,0.16533248795903285,0.16533248795903285,0.16533248795903263,0.16533248795903263,0.16533248795903285,0.1653324879590331,0.16533248795903285,0.16533248795903285,0.16533248795903285,0.1653324879590331,0.16375749423678143,0.16375749423678096,0.16375749423678074,0.16375749423678096,0.16375749423678143,0.16375749423678096,0.16375749423678052,0.16375749423678027,0.16375749423678052,0.16375749423678096,0.16375749423678074,0.16375749423678027,0.16375749423678004,0.16375749423678027,0.16375749423678074,0.16375749423678096,0.16375749423678052,0.16375749423678027,0.16375749423678052,0.16375749423678096,0.16375749423678143,0.16375749423678096,0.16375749423678074,0.16375749423678096,0.16375749423678143,0.16221388444649212,0.16221388444649126,0.16221388444649054,0.16221388444649126,0.16221388444649212,0.16221388444649126,0.1622138844464901,0.1622138844464892,0.1622138844464901,0.16221388444649126,0.16221388444649054,0.1622138844464892,0.16221388444648852,0.1622138844464892,0.16221388444649054,0.16221388444649126,0.1622138844464901,0.1622138844464892,0.1622138844464901,0.16221388444649126,0.16221388444649212,0.16221388444649126,0.16221388444649054,0.16221388444649126,0.16221388444649212,0.1607010675452075,0.16070106754520438,0.16070106754520216,0.16070106754520438,0.1607010675452075,0.16070106754520438,0.1607010675452006,0.1607010675451984,0.16070106754520083,0.16070106754520438,0.16070106754520216,0.1607010675451984,0.16070106754519595,0.1607010675451984,0.16070106754520216,0.16070106754520438,0.16070106754520083,0.1607010675451984,0.16070106754520083,0.16070106754520438,0.1607010675452075,0.16070106754520438,0.16070106754520216,0.16070106754520438,0.1607010675452075,0.15921845190790987,0.15921845190790004,0.15921845190789374,0.15921845190790004,0.15921845190790987,0.15921845190790004,0.15921845190788894,0.15921845190788134,0.15921845190788894,0.15921845190790004,0.15921845190789374,0.15921845190788134,0.15921845190787307,0.15921845190788134,0.15921845190789374,0.15921845190790004,0.15921845190788894,0.15921845190788134,0.15921845190788894,0.15921845190790004,0.15921845190790987,0.15921845190790004,0.15921845190789374,0.15921845190790004,0.15921845190790987,0.15776544667937942,0.1577654466793506,0.1577654466793314,0.1577654466793506,0.15776544667937942,0.1577654466793506,0.15776544667931602,0.1577654466792917,0.15776544667931602,0.1577654466793506,0.1577654466793314,0.1577654466792917,0.15776544667926332,0.1577654466792917,0.1577654466793314,0.1577654466793506,0.15776544667931602,0.1577654466792917,0.15776544667931602,0.1577654466793506,0.15776544667937942,0.1577654466793506,0.1577654466793314,0.1577654466793506,0.15776544667937942,0.15634146298853416,0.1563414629884524,0.1563414629883953,0.1563414629884524,0.15634146298853416,0.1563414629884524,0.15634146298834659,0.1563414629882671,0.15634146298834659,0.1563414629884524,0.1563414629883953,0.1563414629882671,0.1563414629881659,0.1563414629882671,0.1563414629883953,0.1563414629884524,0.15634146298834659,0.1563414629882671,0.15634146298834659,0.1563414629884524,0.15634146298853416,0.1563414629884524,0.1563414629883953,0.1563414629884524,0.15634146298853416,0.15494591503553476,0.15494591503531424,0.15494591503514887,0.15494591503531424,0.15494591503553476,0.15494591503531424,0.15494591503499947,0.1549459150347343,0.15494591503499947,0.15494591503531424,0.15494591503514887,0.1549459150347343,0.1549459150343443,0.1549459150347343,0.15494591503514887,0.15494591503531424,0.15494591503499947,0.1549459150347343,0.15494591503499947,0.15494591503531424,0.15494591503553476,0.15494591503531424,0.15494591503514887,0.15494591503531424,0.15494591503553476,0.15357822106139898,0.15357822106084967,0.15357822106039193,0.15357822106084967,0.15357822106139898,0.15357822106084967,0.15357822105995614,0.15357822105905514,0.15357822105995614,0.15357822106084967,0.15357822106039193,0.15357822105905514,0.15357822105738553,0.15357822105905514,0.15357822106039193,0.15357822106084967,0.15357822105995614,0.15357822105905514,0.15357822105995614,0.15357822106084967,0.15357822106139898,0.15357822106084967,0.15357822106039193,0.15357822106084967,0.15357822106139898,0.15223780420932143,0.1522378042081307,0.15223780420698077,0.1522378042081307,0.15223780420932143,0.1522378042081307,0.1522378042058316,0.15223780420283062,0.1522378042058316,0.1522378042081307,0.15223780420698077,0.15223780420283062,0.1522378041947543,0.15223780420283062,0.15223780420698077,0.1522378042081307,0.1522378042058316,0.15223780420283062,0.1522378042058316,0.1522378042081307,0.15223780420932143,0.1522378042081307,0.15223780420698077,0.1522378042081307,0.15223780420932143,0.1509240932862401,0.15092409328427,0.15092409328199433,0.15092409328427,0.1509240932862401,0.15092409328427,0.15092409327964879,0.1509240932710328,0.15092409327964879,0.15092409328427,0.15092409328199433,0.1509240932710328,0.1509240932268001,0.1509240932710328,0.15092409328199433,0.15092409328427,0.15092409327964879,0.1509240932710328,0.15092409327964879,0.15092409328427,0.1509240932862401,0.15092409328427,0.15092409328199433,0.15092409328427,0.1509240932862401,0.14963652343207262,0.14963652343033135,0.14963652342844808,0.14963652343033135,0.14963652343207262,0.14963652343033135,0.14963652342652206,0.14963652342026149,0.14963652342652206,0.14963652343033135,0.14963652342844808,0.14963652342026149,0.1496365233935973,0.14963652342026149,0.14963652342844808,0.14963652343033135,0.14963652342652206,0.14963652342026149,0.14963652342652206,0.14963652343033135,0.14963652343207262,0.14963652343033135,0.14963652342844808,0.14963652343033135,0.14963652343207262,0.14837453670277778,0.14837453670175274,0.14837453670075085,0.14837453670175274,0.14837453670277778,0.14837453670175274,0.1483745366997486,0.14837453669695233,0.1483745366997486,0.14837453670175274,0.14837453670075085,0.14837453669695233,0.14837453668721418,0.14837453669695233,0.14837453670075085,0.14837453670175274,0.1483745366997486,0.14837453669695233,0.1483745366997486,0.14837453670175274,0.14837453670277778,0.14837453670175274,0.14837453670075085,0.14837453670175274,0.14837453670277778,0.14713758257973844,0.1471375825793682,0.14713758257906628,0.1471375825793682,0.14713758257973844,0.1471375825793682,0.14713758257878198,0.14713758257821105,0.14713758257878198,0.1471375825793682,0.14713758257906628,0.14713758257821105,0.1471375825771767,0.14713758257821105,0.14713758257906628,0.1471375825793682,0.14713758257878198,0.14713758257821105,0.14713758257878198,0.1471375825793682,0.14713758257973844,0.1471375825793682,0.14713758257906628,0.1471375825793682,0.14713758257973844,0.14592511840871197,0.1459251184087748,0.14592511840890657,0.1459251184087748,0.14592511840871197,0.1459251184087748,0.1459251184090581,0.14592511840977393,0.1459251184090581,0.1459251184087748,0.14592511840890657,0.14592511840977393,0.14592511841380315,0.14592511840977393,0.14592511840890657,0.1459251184087748,0.1459251184090581,0.14592511840977393,0.1459251184090581,0.1459251184087748,0.14592511840871197,0.1459251184087748,0.14592511840890657,0.1459251184087748,0.14592511840871197,0.14473660977361102,0.14473660977387914,0.14473660977418965,0.14473660977387914,0.14473660977361102,0.14473660977387914,0.14473660977451344,0.144736609775636,0.14473660977451344,0.14473660977387914,0.14473660977418965,0.144736609775636,0.1447366097808107,0.144736609775636,0.14473660977418965,0.14473660977387914,0.14473660977451344,0.144736609775636,0.14473660977451344,0.14473660977387914,0.14473660977361102,0.14473660977387914,0.14473660977418965,0.14473660977387914,0.14473660977361102,0.1435715308112936,0.14357153081162438,0.143571530811963,0.14357153081162438,0.1435715308112936,0.14357153081162438,0.1435715308123054,0.14357153081333687,0.1435715308123054,0.14357153081162438,0.143571530811963,0.14357153081333687,0.14357153081737375,0.14357153081333687,0.143571530811963,0.14357153081162438,0.1435715308123054,0.14357153081333687,0.1435715308123054,0.14357153081162438,0.1435715308112936,0.14357153081162438,0.143571530811963,0.14357153081162438,0.1435715308112936,0.1424293644727671,0.14242936447313298,0.14242936447349244,0.14242936447313298,0.1424293644727671,0.14242936447313298,0.14242936447384977,0.14242936447490193,0.14242936447384977,0.14242936447313298,0.14242936447349244,0.14242936447490193,0.1424293644790494,0.14242936447490193,0.14242936447349244,0.14242936447313298,0.14242936447384977,0.14242936447490193,0.14242936447384977,0.14242936447313298,0.1424293644727671,0.14242936447313298,0.14242936447349244,0.14242936447313298,0.1424293644727671,0.14130960273583262,0.14130960273625676,0.1413096027366584,0.14130960273625676,0.14130960273583262,0.14130960273625676,0.14130960273705084,0.14130960273817988,0.14130960273705084,0.14130960273625676,0.1413096027366584,0.14130960273817988,0.1413096027425818,0.14130960273817988,0.1413096027366584,0.14130960273625676,0.14130960273705084,0.14130960273817988,0.14130960273705084,0.14130960273625676,0.14130960273583262,0.14130960273625676,0.1413096027366584,0.14130960273625676,0.14130960273583262,0.140211746773892,0.14021174677445525,0.14021174677495432,0.14021174677445525,0.140211746773892,0.14021174677445525,0.14021174677543277,0.14021174677668233,0.14021174677543277,0.14021174677445525,0.14021174677495432,0.14021174677668233,0.14021174678122028,0.14021174677668233,0.14021174677495432,0.14021174677445525,0.14021174677543277,0.14021174677668233,0.14021174677543277,0.14021174677445525,0.140211746773892,0.14021174677445525,0.14021174677495432,0.14021174677445525,0.140211746773892,0.13913530708495614,0.13913530708588065,0.1391353070866682,0.13913530708588065,0.13913530708495614,0.13913530708588065,0.139135307087426,0.1391353070890383,0.139135307087426,0.13913530708588065,0.1391353070866682,0.1391353070890383,0.13913530709224273,0.1391353070890383,0.1391353070866682,0.13913530708588065,0.139135307087426,0.1391353070890383,0.139135307087426,0.13913530708588065,0.13913530708495614,0.13913530708588065,0.1391353070866682,0.13913530708588065,0.13913530708495614,0.13807980358455854,0.13807980358630353,0.13807980358801752,0.13807980358630353,0.13807980358455854,0.13807980358630353,0.13807980358974078,0.13807980359432753,0.13807980358974078,0.13807980358630353,0.13807980358801752,0.13807980359432753,0.138079803606949,0.13807980359432753,0.13807980358801752,0.13807980358630353,0.13807980358974078,0.13807980359432753,0.13807980358974078,0.13807980358630353,0.13807980358455854,0.13807980358630353,0.13807980358801752,0.13807980358630353,0.13807980358455854,0.13704476566610324,0.13704476566876633,0.13704476567196042,0.13704476566876633,0.13704476566610324,0.13704476566876633,0.13704476567526397,0.13704476568819085,0.13704476567526397,0.13704476566876633,0.13704476567196042,0.13704476568819085,0.13704476575951904,0.13704476568819085,0.13704476567196042,0.13704476566876633,0.13704476567526397,0.13704476568819085,0.13704476567526397,0.13704476566876633,0.13704476566610324,0.13704476566876633,0.13704476567196042,0.13704476566876633,0.13704476566610324,0.13602973223335638,0.13602973223519382,0.13602973223698428,0.13602973223519366,0.13602973223335638,0.13602973223519382,0.13602973223877698,0.13602973224354703,0.13602973223877698,0.13602973223519366,0.13602973223698428,0.13602973224354703,0.13602973225674223,0.13602973224354703,0.13602973223698428,0.13602973223519366,0.13602973223877698,0.13602973224354703,0.13602973223877698,0.13602973223519366,0.13602973223335638,0.13602973223519366,0.13602973223698428,0.13602973223519366,0.13602973223335627,0.13503425170991878,0.13503425171106503,0.135034251712009,0.13503425171106503,0.13503425170991878,0.13503425171106503,0.13503425171290354,0.13503425171472144,0.13503425171290354,0.13503425171106503,0.135034251712009,0.13503425171472144,0.1350342517180197,0.13503425171472144,0.135034251712009,0.13503425171106503,0.13503425171290354,0.13503425171472144,0.13503425171290354,0.13503425171106503,0.13503425170991878,0.13503425171106503,0.135034251712009,0.13503425171106503,0.13503425170991878
0.16533248795961009,0.16533248795961009,0.16533248795960986,0.16533248795961009,0.16533248795961009,0.16533248795961009,0.16533248795960986,0.16533248795960986,0.16533248795960986,0.16533248795961009,0.16533248795960986,0.16533248795960986,0.1653324879596096,0.16533248795960986,0.16533248795960986,0.16533248795961009,0.16533248795960986,0.16533248795960986,0.16533248795960986,0.16533248795961009,0.16533248795961009,0.16533248795961009,0.16533248795960986,0.16533248795961009,0.16533248795961009,0.16375749423734715,0.1637574942373467,0.16375749423734648,0.1637574942373467,0.16375749423734715,0.1637574942373467,0.16375749423734626,0.16375749423734604,0.16375749423734626,0.1637574942373467,0.16375749423734648,0.16375749423734604,0.16375749423734576,0.16375749423734604,0.16375749423734648,0.1637574942373467,0.16375749423734626,0.16375749423734604,0.16375749423734626,0.1637574942373467,0.16375749423734715,0.1637574942373467,0.16375749423734648,0.1637574942373467,0.16375749423734715,0.1622138844470468,0.16221388444704568,0.16221388444704501,0.16221388444704568,0.1622138844470468,0.16221388444704568,0.16221388444704457,0.16221388444704388,0.16221388444704457,0.16221388444704568,0.16221388444704501,0.16221388444704388,0.16221388444704318,0.16221388444704388,0.16221388444704501,0.16221388444704568,0.16221388444704457,0.16221388444704388,0.16221388444704457,0.16221388444704568,0.1622138844470468,0.16221388444704568,0.16221388444704501,0.16221388444704568,0.1622138844470468,0.16070106754575134,0.16070106754574798,0.160701067545746,0.16070106754574798,0.16070106754575134,0.16070106754574798,0.16070106754574445,0.16070106754574223,0.16070106754574445,0.16070106754574798,0.160701067545746,0.16070106754574223,0.1607010675457398,0.16070106754574223,0.160701067545746,0.16070106754574798,0.16070106754574445,0.16070106754574223,0.16070106754574445,0.16070106754574798,0.16070106754575134,0.16070106754574798,0.160701067545746,0.16070106754574798,0.16070106754575134,0.15921845190844305,0.15921845190843326,0.15921845190842693,0.15921845190843326,0.15921845190844305,0.15921845190843326,0.15921845190842213,0.15921845190841474,0.15921845190842213,0.15921845190843326,0.15921845190842693,0.15921845190841474,0.15921845190840644,0.15921845190841474,0.15921845190842693,0.15921845190843326,0.15921845190842213,0.15921845190841474,0.15921845190842213,0.15921845190843326,0.15921845190844305,0.15921845190843326,0.15921845190842693,0.15921845190843326,0.15921845190844305,0.15776544667990194,0.15776544667987336,0.15776544667985437,0.15776544667987336,0.15776544667990194,0.15776544667987336,0.1577654466798392,0.1577654466798151,0.1577654466798392,0.15776544667987336,0.15776544667985437,0.1577654466798151,0.15776544667978695,0.1577654466798151,0.15776544667985437,0.15776544667987336,0.1577654466798392,0.1577654466798151,0.1577654466798392,0.15776544667987336,0.15776544667990194,0.15776544667987336,0.15776544667985437,0.15776544667987336,0.15776544667990194,0.15634146298904542,0.15634146298896467,0.15634146298890825,0.15634146298896467,0.15634146298904542,0.15634146298896467,0.15634146298886015,0.15634146298878174,0.15634146298886015,0.15634146298896467,0.15634146298890825,0.15634146298878174,0.15634146298868176,0.15634146298878174,0.15634146298890825,0.15634146298896467,0.15634146298886015,0.15634146298878174,0.15634146298886015,0.15634146298896467,0.15634146298904542,0.15634146298896467,0.15634146298890825,0.15634146298896467,0.15634146298904542,0.15494591503603336,0.1549459150358155,0.15494591503565197,0.1549459150358155,0.15494591503603336,0.1549459150358155,0.15494591503550442,0.15494591503524233,0.15494591503550442,0.1549459150358155,0.15494591503565197,0.15494591503524233,0.15494591503485683,0.15494591503524233,0.15494591503565197,0.1549459150358155,0.15494591503550442,0.15494591503524233,0.15494591503550442,0.1549459150358155,0.15494591503603336,0.1549459150358155,0.15494591503565197,0.1549459150358155,0.15494591503603336,0.1535782210618796,0.1535782210613367,0.15357822106088423,0.1535782210613367,0.1535782210618796,0.1535782210613367,0.1535782210604536,0.15357822105956345,0.1535782210604536,0.1535782210613367,0.15357822106088423,0.15357822105956345,0.15357822105791397,0.15357822105956345,0.15357822106088423,0.1535782210613367,0.1535782210604536,0.15357822105956345,0.1535782210604536,0.1535782210613367,0.1535782210618796,0.1535782210613367,0.15357822106088423,0.1535782210613367,0.1535782210618796,0.1522378042097708,0.15223780420859387,0.15223780420745753,0.15223780420859387,0.1522378042097708,0.15223780420859387,0.15223780420632177,0.15223780420335636,0.15223780420632177,0.15223780420859387,0.15223780420745753,0.15223780420335636,0.15223780419537727,0.15223780420335636,0.15223780420745753,0.15223780420859387,0.15223780420632177,0.15223780420335636,0.15223780420632177,0.15223780420859387,0.1522378042097708,0.15223780420859387,0.15223780420745753,0.15223780420859387,0.1522378042097708,0.1509240932866298,0.15092409328468168,0.15092409328243225,0.15092409328468168,0.1509240932866298,0.15092409328468168,0.15092409328011372,0.15092409327159997,0.15092409328011372,0.15092409328468168,0.15092409328243225,0.15092409327159997,0.15092409322793912,0.15092409327159997,0.15092409328243225,0.15092409328468168,0.15092409328011372,0.15092409327159997,0.15092409328011372,0.15092409328468168,0.1509240932866298,0.15092409328468168,0.15092409328243225,0.15092409328468168,0.1509240932866298,0.14963652343235642,0.1496365234306318,0.14963652342876724,0.1496365234306318,0.14963652343235642,0.1496365234306318,0.1496365234268607,0.14963652342066633,0.1496365234268607,0.1496365234306318,0.14963652342876724,0.14963652342066633,0.14963652339430217,0.14963652342066633,0.14963652342876724,0.1496365234306318,0.1496365234268607,0.14963652342066633,0.1496365234268607,0.1496365234306318,0.14963652343235642,0.1496365234306318,0.14963652342876724,0.1496365234306318,0.14963652343235642,0.14837453670291975,0.14837453670189896,0.1483745367009,0.14837453670189896,0.14837453670291975,0.14837453670189896,0.14837453669990072,0.14837453669710687,0.14837453669990072,0.14837453670189896,0.1483745367009,0.14837453669710687,0.14837453668732573,0.14837453669710687,0.1483745367009,0.14837453670189896,0.14837453669990072,0.14837453669710687,0.14837453669990072,0.14837453670189896,0.14837453670291975,0.14837453670189896,0.1483745367009,0.14837453670189896,0.14837453670291975,0.14713758257972825,0.14713758257935278,0.14713758257904413,0.14713758257935278,0.14713758257972825,0.14713758257935278,0.14713758257875295,0.14713758257815585,0.14713758257875295,0.14713758257935278,0.14713758257904413,0.14713758257815585,0.14713758257699358,0.14713758257815585,0.14713758257904413,0.14713758257935278,0.14713758257875295,0.14713758257815585,0.14713758257875295,0.14713758257935278,0.14713758257972825,0.14713758257935278,0.14713758257904413,0.14713758257935278,0.14713758257972825,0.14592511840855812,0.145925118408611,0.14592511840873154,0.145925118408611,0.14592511840855812,0.145925118408611,0.14592511840887168,0.1459251184095485,0.14592511840887168,0.145925118408611,0.14592511840873154,0.1459251184095485,0.14592511841341071,0.1459251184095485,0.14592511840873154,0.145925118408611,0.14592511840887168,0.1459251184095485,0.14592511840887168,0.145925118408611,0.14592511840855812,0.145925118408611,0.14592511840873154,0.145925118408611,0.14592511840855812,0.14473660977333194,0.1447366097735894,0.14473660977388855,0.1447366097735894,0.14473660977333194,0.1447366097735894,0.14473660977420086,0.14473660977528618,0.14473660977420086,0.1447366097735894,0.14473660977388855,0.14473660977528618,0.14473660978027358,0.14473660977528618,0.14473660977388855,0.1447366097735894,0.14473660977420086,0.14473660977528618,0.14473660977420086,0.1447366097735894,0.14473660977333194,0.1447366097735894,0.14473660977388855,0.1447366097735894,0.14473660977333194,0.14357153081090945,0.14357153081123114,0.14357153081156088,0.14357153081123114,0.14357153081090945,0.14357153081123114,0.1435715308118944,0.1435715308129,0.1435715308118944,0.14357153081123114,0.14357153081156088,0.1435715308129,0.1435715308168541,0.1435715308129,0.14357153081156088,0.14357153081123114,0.1435715308118944,0.1435715308129,0.1435715308118944,0.14357153081123114,0.14357153081090945,0.14357153081123114,0.14357153081156088,0.14357153081123114,0.14357153081090945,0.14242936447229487,0.1424293644726532,0.14242936447300514,0.1424293644726532,0.14242936447229487,0.1424293644726532,0.14242936447335489,0.14242936447438523,0.14242936447335489,0.1424293644726532,0.14242936447300514,0.14242936447438523,0.14242936447844887,0.14242936447438523,0.14242936447300514,0.1424293644726532,0.14242936447335489,0.14242936447438523,0.14242936447335489,0.1424293644726532,0.14242936447229487,0.1424293644726532,0.14242936447300514,0.1424293644726532,0.14242936447229487,0.14130960273528675,0.14130960273570417,0.14130960273609905,0.14130960273570417,0.14130960273528675,0.14130960273570417,0.14130960273648474,0.14130960273759355,0.14130960273648474,0.14130960273570417,0.14130960273609905,0.14130960273759355,0.14130960274191293,0.14130960273759355,0.14130960273609905,0.14130960273570417,0.14130960273648474,0.14130960273759355,0.14130960273648474,0.14130960273570417,0.14130960273528675,0.14130960273570417,0.14130960273609905,0.14130960273570417,0.14130960273528675,0.14021174677328488,0.14021174677384216,0.14021174677433546,0.14021174677384216,0.14021174677328488,0.14021174677384216,0.14021174677480808,0.1402117467760402,0.14021174677480808,0.14021174677384216,0.14021174677433546,0.1402117467760402,0.1402117467805111,0.1402117467760402,0.14021174677433546,0.14021174677384216,0.14021174677480808,0.1402117467760402,0.14021174677480808,0.14021174677384216,0.14021174677328488,0.14021174677384216,0.14021174677433546,0.14021174677384216,0.14021174677328488,0.13913530708429855,0.1391353070852175,0.13913530708600047,0.1391353070852175,0.13913530708429855,0.1391353070852175,0.13913530708675373,0.13913530708835586,0.13913530708675373,0.1391353070852175,0.13913530708600047,0.13913530708835586,0.1391353070915382,0.13913530708835586,0.13913530708600047,0.1391353070852175,0.13913530708675373,0.13913530708835586,0.13913530708675373,0.1391353070852175,0.13913530708429855,0.1391353070852175,0.13913530708600047,0.1391353070852175,0.13913530708429855,0.1380798035838604,0.13807980358559824,0.1380798035873054,0.13807980358559824,0.1380798035838604,0.13807980358559824,0.1380798035890219,0.13807980359359076,0.1380798035890219,0.13807980358559824,0.1380798035873054,0.13807980359359076,0.13807980360616465,0.13807980359359076,0.1380798035873054,0.13807980358559824,0.1380798035890219,0.13807980359359076,0.1380798035890219,0.13807980358559824,0.1380798035838604,0.13807980358559824,0.1380798035873054,0.13807980358559824,0.1380798035838604,0.13704476566537832,0.1370447656680314,0.13704476567121376,0.1370447656680314,0.13704476566537832,0.1370447656680314,0.13704476567450527,0.13704476568738533,0.13704476567450527,0.1370447656680314,0.13704476567121376,0.13704476568738533,0.1370447657584502,0.13704476568738533,0.13704476567121376,0.1370447656680314,0.13704476567450527,0.13704476568738533,0.13704476567450527,0.1370447656680314,0.13704476566537832,0.1370447656680314,0.13704476567121376,0.1370447656680314,0.13704476566537815,0.13602973223262416,0.13602973223445472,0.13602973223623877,0.13602973223445472,0.13602973223262416,0.13602973223445472,0.13602973223802506,0.1360297322427778,0.1360297322380249,0.13602973223445472,0.13602973223623877,0.1360297322427778,0.1360297322559254,0.1360297322427778,0.13602973223623877,0.13602973223445472,0.1360297322380249,0.1360297322427778,0.13602973223802506,0.13602973223445472,0.13602973223262416,0.13602973223445472,0.13602973223623877,0.13602973223445472,0.13602973223262416,0.13503425170919242,0.13503425171033442,0.13503425171127503,0.13503425171033442,0.13503425170919242,0.13503425171033442,0.13503425171216635,0.13503425171397765,0.13503425171216635,0.13503425171033442,0.13503425171127503,0.13503425171397765,0.1350342517172639,0.13503425171397765,0.13503425171127503,0.13503425171033442,0.13503425171216635,0.13503425171397765,0.13503425171216635,0.13503425171033442,0.13503425170919242,0.13503425171033442,0.13503425171127503,0.13503425171033442,0.13503425170919242
0.16533248796017835,0.16533248796017835,0.1653324879601781,0.16533248796017835,0.16533248796017835,0.16533248796017835,0.1653324879601781,0.1653324879601781,0.1653324879601781,0.16533248796017835,0.1653324879601781,0.1653324879601781,0.16533248796017785,0.1653324879601781,0.1653324879601781,0.16533248796017835,0.1653324879601781,0.1653324879601781,0.1653324879601781,0.16533248796017835,0.16533248796017835,0.16533248796017835,0.1653324879601781,0.16533248796017835,0.16533248796017835,0.1637574942379039,0.16375749423790364,0.16375749423790342,0.16375749423790364,0.1637574942379039,0.16375749423790364,0.16375749423790317,0.16375749423790295,0.16375749423790317,0.16375749423790364,0.16375749423790342,0.16375749423790295,0.1637574942379027,0.16375749423790295,0.16375749423790342,0.16375749423790364,0.16375749423790317,0.16375749423790295,0.16375749423790317,0.16375749423790364,0.1637574942379039,0.16375749423790364,0.16375749423790342,0.16375749423790364,0.1637574942379039,0.1622138844475924,0.1622138844475913,0.1622138844475906,0.1622138844475913,0.1622138844475924,0.1622138844475913,0.16221388444759016,0.1622138844475895,0.16221388444759016,0.1622138844475913,0.1622138844475906,0.1622138844475895,0.1622138844475888,0.1622138844475895,0.1622138844475906,0.1622138844475913,0.16221388444759016,0.1622138844475895,0.16221388444759016,0.1622138844475913,0.1622138844475924,0.1622138844475913,0.1622138844475906,0.1622138844475913,0.1622138844475924,0.16070106754628563,0.16070106754628252,0.1607010675462805,0.16070106754628252,0.16070106754628563,0.16070106754628252,0.16070106754627897,0.16070106754627672,0.16070106754627897,0.16070106754628252,0.1607010675462805,0.16070106754627672,0.1607010675462743,0.16070106754627672,0.1607010675462805,0.16070106754628252,0.16070106754627897,0.16070106754627672,0.16070106754627897,0.16070106754628252,0.16070106754628563,0.16070106754628252,0.1607010675462805,0.16070106754628252,0.16070106754628563,0.1592184519089662,0.15921845190895664,0.15921845190895031,0.15921845190895664,0.1592184519089662,0.15921845190895664,0.15921845190894576,0.15921845190893835,0.15921845190894576,0.15921845190895664,0.15921845190895031,0.15921845190893835,0.1592184519089303,0.15921845190893835,0.15921845190895031,0.15921845190895664,0.15921845190894576,0.15921845190893835,0.15921845190894576,0.15921845190895664,0.1592184519089662,0.15921845190895664,0.15921845190895031,0.15921845190895664,0.1592184519089662,0.1577654466804138,0.1577654466803859,0.15776544668036707,0.1577654466803859,0.1577654466804138,0.1577654466803859,0.15776544668035192,0.15776544668032805,0.15776544668035192,0.1577654466803859,0.15776544668036707,0.15776544668032805,0.1577654466803003,0.15776544668032805,0.15776544668036707,0.1577654466803859,0.15776544668035192,0.15776544668032805,0.15776544668035192,0.1577654466803859,0.1577654466804138,0.1577654466803859,0.15776544668036707,0.1577654466803859,0.1577654466804138,0.1563414629895458,0.15634146298946594,0.1563414629894101,0.15634146298946594,0.1563414629895456,0.15634146298946594,0.1563414629893624,0.15634146298928506,0.1563414629893624,0.15634146298946594,0.1563414629894101,0.15634146298928506,0.15634146298918614,0.15634146298928506,0.1563414629894101,0.15634146298946594,0.1563414629893624,0.15634146298928506,0.1563414629893624,0.15634146298946594,0.1563414629895456,0.15634146298946594,0.1563414629894101,0.15634146298946594,0.1563414629895456,0.15494591503652005,0.1549459150363047,0.154945915036143,0.1549459150363047,0.15494591503652005,0.1549459150363047,0.15494591503599708,0.15494591503573804,0.15494591503599708,0.1549459150363047,0.154945915036143,0.15494591503573804,0.15494591503535707,0.15494591503573804,0.154945915036143,0.1549459150363047,0.15494591503599708,0.15494591503573804,0.15494591503599708,0.1549459150363047,0.15494591503652005,0.1549459150363047,0.154945915036143,0.1549459150363047,0.15494591503652005,0.15357822106234775,0.1535782210618109,0.15357822106136362,0.1535782210618109,0.15357822106234775,0.1535782210618109,0.15357822106093805,0.1535782210600581,0.15357822106093805,0.1535782210618109,0.15357822106136362,0.1535782210600581,0.1535782210584275,0.1535782210600581,0.15357822106136362,0.1535782210618109,0.15357822106093805,0.1535782210600581,0.15357822106093805,0.1535782210618109,0.15357822106234775,0.1535782210618109,0.15357822106136362,0.1535782210618109,0.15357822106234775,0.15223780421020777,0.15223780420904384,0.15223780420792027,0.15223780420904384,0.15223780421020777,0.15223780420904384,0.15223780420679753,0.15223780420386637,0.15223780420679753,0.15223780420904384,0.15223780420792027,0.15223780420386637,0.15223780419598,0.15223780420386637,0.15223780420792027,0.15223780420904384,0.15223780420679753,0.15223780420386637,0.15223780420679753,0.15223780420904384,0.15223780421020777,0.15223780420904384,0.15223780420792027,0.15223780420904384,0.15223780421020777,0.15092409328700793,0.15092409328508083,0.15092409328285647,0.15092409328508083,0.15092409328700793,0.15092409328508083,0.150924093280564,0.15092409327214767,0.150924093280564,0.15092409328508083,0.15092409328285647,0.15092409327214767,0.15092409322896874,0.15092409327214767,0.15092409328285647,0.15092409328508083,0.150924093280564,0.15092409327214767,0.150924093280564,0.15092409328508083,0.15092409328700793,0.15092409328508083,0.15092409328285647,0.15092409328508083,0.15092409328700793,0.14963652343263173,0.14963652343092318,0.14963652342907657,0.14963652343092318,0.14963652343263173,0.14963652343092318,0.1496365234271884,0.1496365234210579,0.1496365234271884,0.14963652343092318,0.14963652342907657,0.1496365234210579,0.1496365233949617,0.1496365234210579,0.14963652342907657,0.14963652343092318,0.1496365234271884,0.1496365234210579,0.1496365234271884,0.14963652343092318,0.14963652343263173,0.14963652343092318,0.14963652342907657,0.14963652343092318,0.14963652343263173,0.14837453670305745,0.1483745367020407,0.14837453670104514,0.1483745367020407,0.14837453670305745,0.1483745367020407,0.14837453670004863,0.14837453669725773,0.14837453670004863,0.1483745367020407,0.14837453670104514,0.14837453669725773,0.148374536687469,0.14837453669725773,0.14837453670104514,0.1483745367020407,0.14837453670004863,0.14837453669725773,0.14837453670004863,0.1483745367020407,0.14837453670305745,0.1483745367020407,0.14837453670104514,0.1483745367020407,0.14837453670305745,0.1471375825797183,0.14713758257933787,0.14713758257902307,0.14713758257933787,0.1471375825797183,0.14713758257933787,0.14713758257872533,0.14713758257810333,0.14713758257872533,0.14713758257933787,0.14713758257902307,0.14713758257810333,0.14713758257681522,0.14713758257810333,0.14713758257902307,0.14713758257933787,0.14713758257872533,0.14713758257810333,0.14713758257872533,0.14713758257933787,0.1471375825797183,0.14713758257933787,0.14713758257902307,0.14713758257933787,0.1471375825797183,0.14592511840840836,0.1459251184084518,0.14592511840856168,0.1459251184084518,0.14592511840840836,0.1459251184084518,0.14592511840869077,0.14592511840933037,0.14592511840869077,0.1459251184084518,0.14592511840856168,0.14592511840933037,0.14592511841305067,0.14592511840933037,0.14592511840856168,0.1459251184084518,0.14592511840869077,0.14592511840933037,0.14592511840869077,0.1459251184084518,0.14592511840840836,0.1459251184084518,0.14592511840856168,0.1459251184084518,0.14592511840840836,0.14473660977306016,0.14473660977330732,0.14473660977359568,0.14473660977330732,0.14473660977306,0.14473660977330732,0.14473660977389677,0.1447366097749465,0.14473660977389677,0.14473660977330732,0.14473660977359568,0.1447366097749465,0.1447366097797847,0.1447366097749465,0.14473660977359568,0.14473660977330732,0.14473660977389677,0.1447366097749465,0.14473660977389677,0.14473660977330732,0.14473660977306,0.14473660977330732,0.14473660977359568,0.14473660977330732,0.14473660977306,0.14357153081053473,0.14357153081084767,0.14357153081116886,0.14357153081084767,0.14357153081053473,0.14357153081084767,0.14357153081149363,0.14357153081247462,0.14357153081149363,0.14357153081084767,0.14357153081116886,0.14357153081247462,0.14357153081632262,0.14357153081247462,0.14357153081116886,0.14357153081084767,0.14357153081149363,0.14357153081247462,0.14357153081149363,0.14357153081084767,0.14357153081053473,0.14357153081084767,0.14357153081116886,0.14357153081084767,0.14357153081053473,0.14242936447183355,0.1424293644721845,0.14242936447252924,0.1424293644721845,0.14242936447183355,0.1424293644721845,0.14242936447287177,0.14242936447388113,0.14242936447287177,0.1424293644721845,0.14242936447252924,0.14242936447388113,0.14242936447784832,0.14242936447388113,0.14242936447252924,0.1424293644721845,0.14242936447287177,0.14242936447388113,0.14242936447287177,0.1424293644721845,0.14242936447183355,0.1424293644721845,0.14242936447252924,0.1424293644721845,0.14242936447183355,0.14130960273475274,0.14130960273516374,0.14130960273555204,0.14130960273516374,0.14130960273475274,0.14130960273516374,0.14130960273593146,0.14130960273702073,0.14130960273593146,0.14130960273516374,0.14130960273555204,0.14130960273702073,0.1413096027412906,0.14130960273702073,0.14130960273555204,0.14130960273516374,0.14130960273593146,0.14130960273702073,0.14130960273593146,0.14130960273516374,0.14130960273475274,0.14130960273516374,0.14130960273555204,0.14130960273516374,0.14130960273475274,0.1402117467726905,0.14021174677324216,0.14021174677372977,0.14021174677324216,0.1402117467726905,0.14021174677324216,0.14021174677419693,0.14021174677541215,0.14021174677419693,0.14021174677324216,0.14021174677372977,0.14021174677541215,0.14021174677981452,0.14021174677541215,0.14021174677372977,0.14021174677324216,0.14021174677419693,0.14021174677541215,0.14021174677419693,0.14021174677324216,0.1402117467726905,0.14021174677324216,0.14021174677372977,0.14021174677324216,0.1402117467726905,0.1391353070836544,0.1391353070845683,0.1391353070853467,0.1391353070845683,0.1391353070836546,0.1391353070845683,0.13913530708609564,0.139135307087688,0.13913530708609564,0.1391353070845683,0.1391353070853467,0.139135307087688,0.13913530709084898,0.139135307087688,0.1391353070853467,0.1391353070845683,0.13913530708609564,0.139135307087688,0.13913530708609564,0.1391353070845683,0.1391353070836546,0.1391353070845683,0.1391353070853467,0.1391353070845683,0.1391353070836546,0.13807980358317634,0.13807980358490723,0.1380798035866077,0.13807980358490723,0.13807980358317634,0.13807980358490723,0.13807980358831767,0.13807980359286937,0.13807980358831767,0.13807980358490723,0.1380798035866077,0.13807980359286937,0.1380798036053975,0.13807980359286937,0.1380798035866077,0.13807980358490723,0.13807980358831767,0.13807980359286937,0.13807980358831767,0.13807980358490723,0.13807980358317634,0.13807980358490723,0.1380798035866077,0.13807980358490723,0.13807980358317634,0.13704476566466767,0.13704476566731136,0.13704476567048243,0.13704476566731136,0.13704476566466767,0.13704476566731136,0.13704476567376225,0.13704476568659715,0.13704476567376225,0.13704476566731136,0.13704476567048243,0.13704476568659715,0.13704476575741967,0.13704476568659715,0.13704476567048243,0.13704476566731136,0.13704476567376225,0.13704476568659715,0.13704476567376225,0.13704476566731136,0.13704476566466767,0.13704476566731136,0.13704476567048243,0.13704476566731136,0.13704476566466767,0.13602973223190604,0.13602973223373035,0.136029732235508,0.13602973223373035,0.13602973223190604,0.13602973223373035,0.13602973223728787,0.1360297322420241,0.13602973223728787,0.13602973223373035,0.136029732235508,0.1360297322420241,0.1360297322551259,0.1360297322420241,0.136029732235508,0.13602973223373035,0.13602973223728787,0.1360297322420241,0.13602973223728787,0.13602973223373035,0.13602973223190604,0.13602973223373035,0.136029732235508,0.13602973223373035,0.13602973223190604,0.13503425170847994,0.13503425170961797,0.13503425171055522,0.13503425170961797,0.13503425170847994,0.13503425170961797,0.13503425171144334,0.13503425171324834,0.13503425171144348,0.13503425170961797,0.13503425171055522,0.13503425171324834,0.13503425171652325,0.13503425171324834,0.13503425171055522,0.13503425170961797,0.13503425171144348,0.13503425171324834,0.13503425171144348,0.13503425170961797,0.13503425170847994,0.13503425170961797,0.13503425171055522,0.13503425170961797,0.13503425170848007
0.16533248796072914,0.16533248796072889,0.16533248796072889,0.16533248796072889,0.16533248796072914,0.16533248796072889,0.16533248796072866,0.16533248796072866,0.16533248796072866,0.16533248796072889,0.16533248796072889,0.16533248796072866,0.16533248796072866,0.16533248796072866,0.16533248796072889,0.16533248796072889,0.16533248796072866,0.16533248796072866,0.16533248796072866,0.16533248796072889,0.16533248796072914,0.16533248796072889,0.16533248796072889,0.16533248796072889,0.16533248796072914,0.1637574942384435,0.16375749423844302,0.1637574942384428,0.16375749423844302,0.1637574942384435,0.16375749423844302,0.1637574942384428,0.16375749423844255,0.1637574942384428,0.16375749423844302,0.1637574942384428,0.16375749423844255,0.1637574942384423,0.16375749423844255,0.1637574942384428,0.16375749423844302,0.1637574942384428,0.16375749423844255,0.1637574942384428,0.16375749423844302,0.1637574942384435,0.16375749423844302,0.1637574942384428,0.16375749423844302,0.1637574942384435,0.1622138844481208,0.16221388444811988,0.1622138844481192,0.16221388444811988,0.1622138844481208,0.16221388444811988,0.16221388444811877,0.1622138844481181,0.16221388444811877,0.16221388444811988,0.1622138844481192,0.1622138844481181,0.16221388444811718,0.1622138844481181,0.1622138844481192,0.16221388444811988,0.16221388444811877,0.1622138844481181,0.16221388444811877,0.16221388444811988,0.1622138844481208,0.16221388444811988,0.1622138844481192,0.16221388444811988,0.1622138844481208,0.16070106754680322,0.16070106754680014,0.1607010675467981,0.16070106754680014,0.16070106754680322,0.16070106754680014,0.16070106754679658,0.16070106754679434,0.16070106754679658,0.16070106754680014,0.1607010675467981,0.16070106754679434,0.16070106754679192,0.16070106754679434,0.1607010675467981,0.16070106754680014,0.16070106754679658,0.16070106754679434,0.16070106754679658,0.16070106754680014,0.16070106754680322,0.16070106754680014,0.1607010675467981,0.16070106754680014,0.16070106754680322,0.15921845190947284,0.15921845190946327,0.1592184519094572,0.15921845190946327,0.15921845190947284,0.15921845190946327,0.1592184519094526,0.1592184519094452,0.1592184519094526,0.15921845190946327,0.1592184519094572,0.1592184519094452,0.15921845190943715,0.1592184519094452,0.1592184519094572,0.15921845190946327,0.1592184519094526,0.1592184519094452,0.1592184519094526,0.15921845190946327,0.15921845190947284,0.15921845190946327,0.1592184519094572,0.15921845190946327,0.15921845190947284,0.15776544668090947,0.15776544668088152,0.15776544668086293,0.15776544668088152,0.15776544668090947,0.15776544668088152,0.15776544668084802,0.15776544668082457,0.15776544668084802,0.15776544668088152,0.15776544668086293,0.15776544668082457,0.15776544668079723,0.15776544668082457,0.15776544668086293,0.15776544668088152,0.15776544668084802,0.15776544668082457,0.15776544668084802,0.15776544668088152,0.15776544668090947,0.15776544668088152,0.15776544668086293,0.15776544668088152,0.15776544668090947,0.15634146299002966,0.15634146298995064,0.15634146298989565,0.15634146298995064,0.15634146299002966,0.15634146298995064,0.15634146298984838,0.15634146298977183,0.15634146298984838,0.15634146298995064,0.15634146298989565,0.15634146298977183,0.156341462989674,0.15634146298977183,0.15634146298989565,0.15634146298995064,0.15634146298984838,0.15634146298977183,0.15634146298984838,0.15634146298995064,0.15634146299002966,0.15634146298995064,0.15634146298989565,0.15634146298995064,0.15634146299002966,0.15494591503699057,0.15494591503677743,0.1549459150366178,0.15494591503677743,0.15494591503699057,0.15494591503677743,0.15494591503647331,0.15494591503621738,0.15494591503647331,0.15494591503677743,0.1549459150366178,0.15494591503621738,0.15494591503584051,0.15494591503621738,0.1549459150366178,0.15494591503677743,0.15494591503647331,0.15494591503621738,0.15494591503647331,0.15494591503677743,0.15494591503699057,0.15494591503677743,0.1549459150366178,0.15494591503677743,0.15494591503699057,0.15357822106280006,0.153578221062269,0.15357822106182675,0.153578221062269,0.15357822106280006,0.153578221062269,0.15357822106140578,0.15357822106053556,0.15357822106140578,0.153578221062269,0.15357822106182675,0.15357822106053556,0.1535782210589234,0.15357822106053556,0.15357822106182675,0.153578221062269,0.15357822106140578,0.15357822106053556,0.15357822106140578,0.153578221062269,0.15357822106280006,0.153578221062269,0.15357822106182675,0.153578221062269,0.15357822106280006,0.1522378042106296,0.15223780420947827,0.15223780420836713,0.15223780420947827,0.1522378042106296,0.15223780420947827,0.15223780420725658,0.1522378042043581,0.15223780420725658,0.15223780420947827,0.15223780420836713,0.1522378042043581,0.1522378041965607,0.1522378042043581,0.15223780420836713,0.15223780420947827,0.15223780420725658,0.1522378042043581,0.15223780420725658,0.15223780420947827,0.1522378042106296,0.15223780420947827,0.15223780420836713,0.15223780420947827,0.1522378042106296,0.1509240932873729,0.1509240932854661,0.15092409328326567,0.1509240932854663,0.1509240932873729,0.1509240932854661,0.15092409328099807,0.1509240932726751,0.15092409328099807,0.1509240932854661,0.15092409328326567,0.1509240932726751,0.15092409322998096,0.1509240932726751,0.15092409328326567,0.1509240932854663,0.15092409328099807,0.1509240932726751,0.15092409328099807,0.1509240932854663,0.1509240932873729,0.1509240932854661,0.15092409328326567,0.1509240932854663,0.1509240932873729,0.1496365234328976,0.14963652343120434,0.14963652342937514,0.14963652343120434,0.1496365234328976,0.14963652343120434,0.1496365234275049,0.1496365234214357,0.1496365234275049,0.14963652343120434,0.14963652342937514,0.1496365234214357,0.14963652339565242,0.1496365234214357,0.14963652342937514,0.14963652343120434,0.1496365234275049,0.1496365234214357,0.1496365234275049,0.14963652343120434,0.1496365234328976,0.14963652343120434,0.14963652342937514,0.14963652343120434,0.1496365234328976,0.1483745367031911,0.14837453670217843,0.1483745367011858,0.14837453670217843,0.1483745367031911,0.14837453670217843,0.14837453670019224,0.14837453669740452,0.14837453670019224,0.14837453670217843,0.1483745367011858,0.14837453669740452,0.14837453668761205,0.14837453669740452,0.1483745367011858,0.14837453670217843,0.14837453670019224,0.14837453669740452,0.14837453670019224,0.14837453670217843,0.1483745367031911,0.14837453670217843,0.1483745367011858,0.14837453670217843,0.1483745367031911,0.14713758257970935,0.14713758257932444,0.1471375825790038,0.14713758257932444,0.14713758257970935,0.14713758257932444,0.1471375825786997,0.14713758257805445,0.1471375825786997,0.14713758257932444,0.1471375825790038,0.14713758257805445,0.14713758257665335,0.14713758257805445,0.1471375825790038,0.14713758257932444,0.1471375825786997,0.14713758257805445,0.1471375825786997,0.14713758257932444,0.14713758257970935,0.14713758257932444,0.1471375825790038,0.14713758257932444,0.14713758257970935,0.1459251184082643,0.14592511840829886,0.14592511840839859,0.14592511840829886,0.1459251184082643,0.14592511840829886,0.14592511840851716,0.1459251184091213,0.14592511840851716,0.14592511840829886,0.14592511840839859,0.1459251184091213,0.14592511841267566,0.1459251184091213,0.14592511840839859,0.14592511840829886,0.14592511840851716,0.1459251184091213,0.14592511840851716,0.14592511840829886,0.1459251184082643,0.14592511840829886,0.14592511840839859,0.14592511840829886,0.1459251184082643,0.14473660977279798,0.14473660977303537,0.14473660977331326,0.14473660977303537,0.14473660977279798,0.14473660977303537,0.1447366097736039,0.1447366097746194,0.1447366097736039,0.14473660977303537,0.14473660977331326,0.1447366097746194,0.14473660977932212,0.1447366097746194,0.14473660977331326,0.14473660977303537,0.1447366097736039,0.1447366097746194,0.1447366097736039,0.14473660977303537,0.14473660977279798,0.14473660977303537,0.14473660977331326,0.14473660977303537,0.14473660977279798,0.14357153081017282,0.14357153081047758,0.14357153081079038,0.14357153081047758,0.14357153081017282,0.14357153081047758,0.1435715308111069,0.14357153081206395,0.1435715308111069,0.14357153081047758,0.14357153081079038,0.14357153081206395,0.14357153081582485,0.14357153081206395,0.14357153081079038,0.14357153081047758,0.1435715308111069,0.14357153081206395,0.1435715308111069,0.14357153081047758,0.14357153081017282,0.14357153081047758,0.14357153081079038,0.14357153081047758,0.14357153081017282,0.14242936447138785,0.14242936447173157,0.14242936447206941,0.14242936447173157,0.14242936447138785,0.14242936447173157,0.14242936447240492,0.142429364473394,0.14242936447240492,0.14242936447173157,0.14242936447206941,0.142429364473394,0.1424293644772855,0.142429364473394,0.14242936447206941,0.14242936447173157,0.14242936447240492,0.142429364473394,0.14242936447240492,0.14242936447173157,0.14242936447138785,0.14242936447173157,0.14242936447206941,0.14242936447173157,0.14242936447138785,0.14130960273423632,0.14130960273464108,0.1413096027350231,0.14130960273464108,0.14130960273423632,0.14130960273464108,0.1413096027353963,0.14130960273646664,0.1413096027353963,0.14130960273464108,0.1413096027350231,0.14130960273646664,0.14130960274062943,0.14130960273646664,0.1413096027350231,0.14130960273464108,0.1413096027353963,0.14130960273646664,0.1413096027353963,0.14130960273464108,0.14130960273423632,0.14130960273464108,0.1413096027350231,0.14130960273464108,0.14130960273423632,0.14021174677211531,0.1402117467726615,0.14021174677314377,0.1402117467726615,0.14021174677211531,0.1402117467726615,0.1402117467736056,0.14021174677480452,0.1402117467736056,0.1402117467726615,0.14021174677314377,0.14021174677480452,0.14021174677912804,0.14021174677480452,0.14021174677314377,0.1402117467726615,0.1402117467736056,0.14021174677480452,0.1402117467736056,0.1402117467726615,0.14021174677211531,0.1402117467726615,0.14021174677314377,0.1402117467726615,0.14021174677211531,0.13913530708303098,0.1391353070839398,0.13913530708471378,0.1391353070839398,0.13913530708303098,0.1391353070839398,0.13913530708545846,0.1391353070870415,0.13913530708545846,0.1391353070839398,0.13913530708471378,0.1391353070870415,0.13913530709018176,0.1391353070870415,0.13913530708471378,0.1391353070839398,0.13913530708545846,0.1391353070870415,0.13913530708545846,0.1391353070839398,0.13913530708303098,0.1391353070839398,0.13913530708471378,0.1391353070839398,0.13913530708303098,0.13807980358251384,0.13807980358423805,0.1380798035859322,0.13807980358423805,0.13807980358251384,0.13807980358423805,0.13807980358763564,0.1380798035921709,0.13807980358763564,0.13807980358423805,0.1380798035859322,0.1380798035921709,0.1380798036046547,0.1380798035921709,0.1380798035859322,0.13807980358423805,0.13807980358763564,0.1380798035921709,0.13807980358763564,0.13807980358423805,0.13807980358251384,0.13807980358423805,0.1380798035859322,0.13807980358423805,0.13807980358251384,0.13704476566397938,0.1370447656666138,0.13704476566977394,0.1370447656666138,0.13704476566397938,0.1370447656666138,0.1370447656730425,0.1370447656858339,0.1370447656730425,0.1370447656666138,0.13704476566977394,0.1370447656858339,0.13704476575641758,0.1370447656858339,0.13704476566977394,0.1370447656666138,0.1370447656730425,0.1370447656858339,0.1370447656730425,0.1370447656666138,0.13704476566397938,0.1370447656666138,0.13704476566977394,0.1370447656666138,0.13704476566397938,0.13602973223121045,0.13602973223302833,0.13602973223480003,0.13602973223302833,0.13602973223121045,0.13602973223302833,0.13602973223657397,0.1360297322412939,0.13602973223657397,0.13602973223302833,0.13602973223480003,0.1360297322412939,0.1360297322543516,0.1360297322412939,0.13602973223480003,0.13602973223302833,0.13602973223657397,0.1360297322412939,0.13602973223657397,0.13602973223302833,0.13602973223121045,0.13602973223302833,0.13602973223480003,0.13602973223302833,0.13602973223121045,0.1350342517077897,0.13503425170892377,0.13503425170985794,0.13503425170892377,0.1350342517077897,0.13503425170892377,0.135034251710743,0.13503425171254188,0.135034251710743,0.13503425170892377,0.13503425170985794,0.13503425171254188,0.13503425171580566,0.13503425171254188,0.13503425170985794,0.13503425170892377,0.135034251710743,0.13503425171254188,0.135034251710743,0.13503425170892377,0.1350342517077897,0.13503425170892377,0.13503425170985794,0.13503425170892377,0.1350342517077897
0.16533248796126057,0.16533248796126035,0.16533248796126035,0.16533248796126035,0.16533248796126057,0.16533248796126035,0.16533248796126035,0.1653324879612601,0.1653324879612601,0.16533248796126035,0.16533248796126035,0.1653324879612601,0.1653324879612601,0.1653324879612601,0.16533248796126035,0.16533248796126035,0.1653324879612601,0.1653324879612601,0.1653324879612601,0.16533248796126035,0.16533248796126057,0.16533248796126035,0.16533248796126035,0.16533248796126035,0.16533248796126057,0.1637574942389641,0.16375749423896385,0.16375749423896366,0.16375749423896385,0.1637574942389641,0.16375749423896385,0.1637574942389634,0.16375749423896316,0.1637574942389634,0.16375749423896385,0.16375749423896366,0.16375749423896316,0.16375749423896294,0.16375749423896316,0.16375749423896366,0.16375749423896385,0.1637574942389634,0.16375749423896316,0.1637574942389634,0.16375749423896385,0.1637574942389641,0.16375749423896385,0.16375749423896366,0.16375749423896385,0.1637574942389641,0.16221388444863083,0.16221388444862994,0.16221388444862925,0.16221388444862994,0.16221388444863083,0.16221388444862994,0.16221388444862878,0.1622138844486281,0.16221388444862878,0.16221388444862994,0.16221388444862925,0.1622138844486281,0.16221388444862744,0.1622138844486281,0.16221388444862925,0.16221388444862994,0.16221388444862878,0.1622138844486281,0.16221388444862878,0.16221388444862994,0.16221388444863083,0.16221388444862994,0.16221388444862925,0.16221388444862994,0.16221388444863083,0.16070106754730262,0.16070106754729954,0.16070106754729752,0.16070106754729954,0.16070106754730262,0.16070106754729954,0.16070106754729596,0.16070106754729374,0.16070106754729596,0.16070106754729954,0.16070106754729752,0.16070106754729374,0.16070106754729152,0.16070106754729374,0.16070106754729752,0.16070106754729954,0.16070106754729596,0.16070106754729374,0.16070106754729596,0.16070106754729954,0.16070106754730262,0.16070106754729954,0.16070106754729752,0.16070106754729954,0.16070106754730262,0.15921845190996162,0.15921845190995226,0.15921845190994616,0.15921845190995226,0.15921845190996162,0.15921845190995226,0.15921845190994158,0.1592184519099344,0.15921845190994158,0.15921845190995226,0.15921845190994616,0.1592184519099344,0.15921845190992634,0.1592184519099344,0.15921845190994616,0.15921845190995226,0.15921845190994158,0.1592184519099344,0.15921845190994158,0.15921845190995226,0.15921845190996162,0.15921845190995226,0.15921845190994616,0.15921845190995226,0.15921845190996162,0.15776544668138742,0.1577654466813599,0.15776544668134154,0.1577654466813599,0.15776544668138742,0.1577654466813599,0.15776544668132683,0.15776544668130357,0.15776544668132683,0.1577654466813599,0.15776544668134154,0.15776544668130357,0.15776544668127646,0.15776544668130357,0.15776544668134154,0.1577654466813599,0.15776544668132683,0.15776544668130357,0.15776544668132683,0.1577654466813599,0.15776544668138742,0.1577654466813599,0.15776544668134154,0.1577654466813599,0.15776544668138742,0.15634146299049642,0.1563414629904182,0.15634146299036364,0.1563414629904182,0.15634146299049642,0.1563414629904182,0.156341462990317,0.1563414629902413,0.156341462990317,0.1563414629904182,0.15634146299036364,0.1563414629902413,0.15634146299014448,0.1563414629902413,0.15634146299036364,0.1563414629904182,0.156341462990317,0.1563414629902413,0.156341462990317,0.1563414629904182,0.15634146299049642,0.1563414629904182,0.15634146299036364,0.1563414629904182,0.15634146299049642,0.1549459150374443,0.15494591503723343,0.15494591503707542,0.15494591503723343,0.1549459150374443,0.15494591503723343,0.1549459150369328,0.1549459150366793,0.1549459150369328,0.15494591503723343,0.15494591503707542,0.1549459150366793,0.15494591503630673,0.1549459150366793,0.15494591503707542,0.15494591503723343,0.1549459150369328,0.1549459150366793,0.1549459150369328,0.15494591503723343,0.1549459150374443,0.15494591503723343,0.15494591503707542,0.15494591503723343,0.1549459150374443,0.1535782210632361,0.15357822106271088,0.15357822106227323,0.15357822106271088,0.1535782210632361,0.15357822106271088,0.1535782210618567,0.15357822106099606,0.1535782210618567,0.15357822106271088,0.15357822106227323,0.15357822106099606,0.1535782210594014,0.15357822106099606,0.15357822106227323,0.15357822106271088,0.1535782210618567,0.15357822106099606,0.1535782210618567,0.15357822106271088,0.1535782210632361,0.15357822106271088,0.15357822106227323,0.15357822106271088,0.1535782210632361,0.15223780421103628,0.15223780420989716,0.15223780420879762,0.15223780420989716,0.15223780421103628,0.15223780420989716,0.15223780420769906,0.15223780420483188,0.15223780420769906,0.15223780420989716,0.15223780420879762,0.15223780420483188,0.15223780419711952,0.15223780420483188,0.15223780420879762,0.15223780420989716,0.15223780420769906,0.15223780420483188,0.15223780420769906,0.15223780420989716,0.15223780421103628,0.15223780420989716,0.15223780420879762,0.15223780420989716,0.15223780421103628,0.15092409328772521,0.15092409328583786,0.15092409328366038,0.15092409328583786,0.15092409328772521,0.15092409328583786,0.15092409328141634,0.1509240932731831,0.15092409328141634,0.15092409328583786,0.15092409328366038,0.1509240932731831,0.15092409323098088,0.1509240932731831,0.15092409328366038,0.15092409328583786,0.15092409328141634,0.1509240932731831,0.15092409328141634,0.15092409328583786,0.15092409328772521,0.15092409328583786,0.15092409328366038,0.15092409328583786,0.15092409328772521,0.14963652343315456,0.14963652343147607,0.1496365234296637,0.14963652343147607,0.14963652343315456,0.14963652343147607,0.14963652342781067,0.14963652342180023,0.14963652342781067,0.14963652343147607,0.1496365234296637,0.14963652342180023,0.1496365233962558,0.14963652342180023,0.1496365234296637,0.14963652343147607,0.14963652342781067,0.14963652342180023,0.14963652342781067,0.14963652343147607,0.14963652343315456,0.14963652343147607,0.1496365234296637,0.14963652343147607,0.14963652343315456,0.1483745367033206,0.14837453670231188,0.1483745367013224,0.14837453670231188,0.1483745367033206,0.14837453670231188,0.148374536700332,0.14837453669754758,0.148374536700332,0.14837453670231188,0.1483745367013224,0.14837453669754758,0.14837453668771974,0.14837453669754758,0.1483745367013224,0.14837453670231188,0.148374536700332,0.14837453669754758,0.148374536700332,0.14837453670231188,0.1483745367033206,0.14837453670231188,0.1483745367013224,0.14837453670231188,0.1483745367033206,0.14713758257970172,0.14713758257931245,0.14713758257898638,0.14713758257931245,0.14713758257970172,0.14713758257931245,0.14713758257867646,0.14713758257800907,0.14713758257867646,0.14713758257931245,0.14713758257898638,0.14713758257800907,0.14713758257651674,0.14713758257800907,0.14713758257898638,0.14713758257931245,0.14713758257867646,0.14713758257800907,0.14713758257867646,0.14713758257931245,0.14713758257970172,0.14713758257931245,0.14713758257898638,0.14713758257931245,0.14713758257970172,0.14592511840812666,0.14592511840815248,0.1459251184082424,0.14592511840815248,0.14592511840812666,0.14592511840815248,0.1459251184083512,0.14592511840892136,0.1459251184083512,0.14592511840815248,0.1459251184082424,0.14592511840892136,0.14592511841229178,0.14592511840892136,0.1459251184082424,0.14592511840815248,0.1459251184083512,0.14592511840892136,0.1459251184083512,0.14592511840815248,0.14592511840812666,0.14592511840815248,0.1459251184082424,0.14592511840815248,0.14592511840812666,0.14473660977254593,0.14473660977277406,0.144736609773042,0.14473660977277406,0.14473660977254593,0.14473660977277406,0.14473660977332248,0.14473660977430505,0.14473660977332248,0.14473660977277406,0.144736609773042,0.14473660977430505,0.14473660977885522,0.14473660977430505,0.144736609773042,0.14473660977277406,0.14473660977332248,0.14473660977430505,0.14473660977332248,0.14473660977277406,0.14473660977254593,0.14473660977277406,0.144736609773042,0.14473660977277406,0.14473660977254593,0.14357153080982443,0.14357153081012097,0.14357153081042587,0.14357153081012097,0.14357153080982443,0.14357153081012097,0.14357153081073457,0.14357153081166868,0.14357153081073457,0.14357153081012097,0.14357153081042587,0.14357153081166868,0.1435715308153452,0.14357153081166868,0.14357153081042587,0.14357153081012097,0.14357153081073457,0.14357153081166868,0.14357153081073457,0.14357153081012097,0.14357153080982443,0.14357153081012097,0.14357153081042587,0.14357153081012097,0.14357153080982443,0.14242936447095805,0.1424293644712949,0.14242936447162605,0.1424293644712949,0.14242936447095805,0.1424293644712949,0.14242936447195484,0.14242936447292429,0.14242936447195484,0.1424293644712949,0.14242936447162605,0.14242936447292429,0.1424293644767383,0.14242936447292429,0.14242936447162605,0.1424293644712949,0.14242936447195484,0.14242936447292429,0.14242936447195484,0.1424293644712949,0.14242936447095805,0.1424293644712949,0.14242936447162605,0.1424293644712949,0.14242936447095805,0.14130960273373816,0.14130960273413698,0.14130960273451296,0.14130960273413698,0.14130960273373816,0.14130960273413698,0.14130960273488005,0.1413096027359323,0.14130960273488005,0.14130960273413698,0.14130960273451296,0.1413096027359323,0.14130960274003407,0.1413096027359323,0.14130960273451296,0.14130960273413698,0.14130960273488005,0.1413096027359323,0.14130960273488005,0.14130960273413698,0.14130960273373816,0.14130960273413698,0.14130960273451296,0.14130960273413698,0.14130960273373816,0.14021174677156029,0.14021174677210113,0.1402117467725781,0.14021174677210113,0.14021174677156029,0.14021174677210113,0.14021174677303477,0.14021174677421805,0.14021174677303477,0.14021174677210113,0.1402117467725781,0.14021174677421805,0.14021174677848866,0.14021174677421805,0.1402117467725781,0.14021174677210113,0.14021174677303477,0.14021174677421805,0.14021174677303477,0.14021174677210113,0.14021174677156029,0.14021174677210113,0.1402117467725781,0.14021174677210113,0.14021174677156029,0.13913530708242888,0.1391353070833328,0.13913530708410282,0.1391353070833328,0.13913530708242888,0.1391353070833328,0.13913530708484326,0.13913530708641725,0.13913530708484326,0.1391353070833328,0.13913530708410282,0.13913530708641725,0.1391353070895376,0.13913530708641725,0.13913530708410282,0.1391353070833328,0.13913530708484326,0.13913530708641725,0.13913530708484326,0.1391353070833328,0.13913530708242888,0.1391353070833328,0.13913530708410282,0.1391353070833328,0.13913530708242888,0.13807980358187416,0.13807980358359184,0.13807980358527996,0.13807980358359184,0.13807980358187416,0.13807980358359184,0.1380798035869772,0.1380798035914965,0.1380798035869772,0.13807980358359184,0.13807980358527996,0.1380798035914965,0.13807980360393732,0.1380798035914965,0.13807980358527996,0.13807980358359184,0.1380798035869772,0.1380798035914965,0.1380798035869772,0.13807980358359184,0.13807980358187416,0.13807980358359184,0.13807980358527996,0.13807980358359184,0.13807980358187416,0.1370447656633145,0.13704476566594012,0.1370447656690896,0.13704476566594012,0.1370447656633145,0.13704476566594012,0.13704476567234736,0.13704476568509652,0.13704476567234736,0.13704476566594012,0.1370447656690896,0.13704476568509652,0.13704476575547053,0.13704476568509652,0.1370447656690896,0.13704476566594012,0.13704476567234736,0.13704476568509652,0.13704476567234736,0.13704476566594012,0.1370447656633145,0.13704476566594012,0.1370447656690896,0.13704476566594012,0.1370447656633145,0.13602973223053857,0.13602973223235035,0.13602973223411624,0.13602973223235035,0.13602973223053857,0.13602973223235035,0.1360297322358842,0.13602973224058876,0.1360297322358842,0.13602973223235035,0.13602973223411624,0.13602973224058876,0.13602973225360354,0.13602973224058876,0.13602973223411624,0.13602973223235035,0.1360297322358842,0.13602973224058876,0.1360297322358842,0.13602973223235035,0.13602973223053857,0.13602973223235035,0.13602973223411624,0.13602973223235035,0.13602973223053857,0.13503425170712285,0.13503425170825326,0.1350342517091842,0.13503425170825326,0.13503425170712285,0.13503425170825326,0.13503425171006647,0.13503425171185937,0.13503425171006647,0.13503425170825326,0.1350342517091842,0.13503425171185937,0.13503425171511246,0.13503425171185937,0.1350342517091842,0.13503425170825326,0.13503425171006647,0.13503425171185937,0.13503425171006647,0.13503425170825326,0.13503425170712285,0.13503425170825326,0.1350342517091842,0.13503425170825326,0.13503425170712302
0.1653324879617729,0.16533248796177266,0.16533248796177266,0.16533248796177266,0.1653324879617729,0.16533248796177266,0.16533248796177244,0.16533248796177244,0.16533248796177244,0.16533248796177266,0.16533248796177266,0.16533248796177244,0.16533248796177244,0.16533248796177244,0.16533248796177266,0.16533248796177266,0.16533248796177244,0.16533248796177244,0.16533248796177244,0.16533248796177266,0.1653324879617729,0.16533248796177266,0.16533248796177266,0.16533248796177266,0.16533248796177266,0.163757494239466,0.16375749423946578,0.16375749423946553,0.16375749423946578,0.163757494239466,0.16375749423946578,0.16375749423946534,0.16375749423946506,0.16375749423946534,0.16375749423946578,0.16375749423946553,0.16375749423946506,0.16375749423946484,0.16375749423946506,0.16375749423946553,0.16375749423946578,0.16375749423946534,0.16375749423946506,0.16375749423946534,0.16375749423946578,0.163757494239466,0.16375749423946578,0.16375749423946553,0.16375749423946578,0.163757494239466,0.1622138844491225,0.16221388444912158,0.1622138844491209,0.16221388444912158,0.1622138844491225,0.16221388444912158,0.16221388444912047,0.16221388444911974,0.16221388444912047,0.16221388444912158,0.1622138844491209,0.16221388444911974,0.1622138844491191,0.16221388444911974,0.1622138844491209,0.16221388444912158,0.16221388444912047,0.16221388444911974,0.16221388444912047,0.16221388444912158,0.1622138844491225,0.16221388444912158,0.1622138844491209,0.16221388444912158,0.1622138844491225,0.16070106754778404,0.16070106754778093,0.16070106754777894,0.16070106754778093,0.16070106754778404,0.16070106754778093,0.1607010675477776,0.16070106754777538,0.1607010675477776,0.16070106754778093,0.16070106754777894,0.16070106754777538,0.16070106754777294,0.16070106754777538,0.16070106754777894,0.16070106754778093,0.1607010675477776,0.16070106754777538,0.1607010675477776,0.16070106754778093,0.16070106754778404,0.16070106754778093,0.16070106754777894,0.16070106754778093,0.16070106754778404,0.15921845191043277,0.15921845191042341,0.15921845191041753,0.15921845191042341,0.15921845191043277,0.15921845191042341,0.15921845191041298,0.15921845191040573,0.15921845191041298,0.15921845191042341,0.15921845191041753,0.15921845191040573,0.15921845191039793,0.15921845191040573,0.15921845191041753,0.15921845191042341,0.15921845191041298,0.15921845191040573,0.15921845191041298,0.15921845191042341,0.15921845191043277,0.15921845191042341,0.15921845191041753,0.15921845191042341,0.15921845191043277,0.15776544668184828,0.15776544668182096,0.15776544668180284,0.15776544668182096,0.15776544668184828,0.15776544668182096,0.15776544668178813,0.1577654466817651,0.15776544668178813,0.15776544668182096,0.15776544668180284,0.1577654466817651,0.1577654466817384,0.1577654466817651,0.15776544668180284,0.15776544668182096,0.15776544668178813,0.1577654466817651,0.15776544668178813,0.15776544668182096,0.15776544668184828,0.15776544668182096,0.15776544668180284,0.15776544668182096,0.15776544668184828,0.1563414629909462,0.15634146299086904,0.15634146299081508,0.15634146299086904,0.1563414629909462,0.15634146299086904,0.15634146299076887,0.1563414629906938,0.15634146299076887,0.15634146299086904,0.15634146299081508,0.1563414629906938,0.15634146299059806,0.1563414629906938,0.15634146299081508,0.15634146299086904,0.15634146299076887,0.1563414629906938,0.15634146299076887,0.15634146299086904,0.1563414629909462,0.15634146299086904,0.15634146299081508,0.15634146299086904,0.1563414629909462,0.15494591503788163,0.15494591503767302,0.15494591503751665,0.15494591503767322,0.15494591503788163,0.15494591503767302,0.15494591503737543,0.1549459150371246,0.15494591503737543,0.15494591503767302,0.15494591503751665,0.1549459150371246,0.15494591503675595,0.1549459150371246,0.15494591503751665,0.15494591503767322,0.15494591503737543,0.1549459150371246,0.15494591503737543,0.15494591503767322,0.15494591503788163,0.15494591503767302,0.15494591503751665,0.15494591503767322,0.15494591503788163,0.15357822106365646,0.15357822106313668,0.15357822106270363,0.15357822106313668,0.15357822106365646,0.15357822106313668,0.15357822106229133,0.15357822106143976,0.15357822106229133,0.15357822106313668,0.15357822106270363,0.15357822106143976,0.15357822105986194,0.15357822106143976,0.15357822106270363,0.15357822106313668,0.15357822106229133,0.15357822106143976,0.15357822106229133,0.15357822106313668,0.15357822106365646,0.15357822106313668,0.15357822106270363,0.15357822106313668,0.15357822106365646,0.15223780421142857,0.15223780421030086,0.15223780420921273,0.15223780421030086,0.15223780421142857,0.15223780421030086,0.1522378042081256,0.15223780420528837,0.1522378042081256,0.15223780421030086,0.15223780420921273,0.15223780420528837,0.15223780419765767,0.15223780420528837,0.15223780420921273,0.15223780421030086,0.1522378042081256,0.15223780420528837,0.1522378042081256,0.15223780421030086,0.15223780421142857,0.15223780421030086,0.15223780420921273,0.15223780421030086,0.15223780421142857,0.15092409328806491,0.1509240932861961,0.15092409328404083,0.1509240932861961,0.15092409328806491,0.1509240932861961,0.15092409328181974,0.15092409327367234,0.15092409328181974,0.1509240932861961,0.15092409328404083,0.15092409327367234,0.15092409323186753,0.15092409327367234,0.15092409328404083,0.1509240932861961,0.15092409328181974,0.15092409327367234,0.15092409328181974,0.1509240932861961,0.15092409328806491,0.1509240932861961,0.15092409328404083,0.1509240932861961,0.15092409328806491,0.14963652343340264,0.1496365234317387,0.1496365234299422,0.1496365234317387,0.14963652343340264,0.1496365234317387,0.14963652342810582,0.14963652342215214,0.14963652342810582,0.1496365234317387,0.1496365234299422,0.14963652342215214,0.14963652339689545,0.14963652342215214,0.1496365234299422,0.1496365234317387,0.14963652342810582,0.14963652342215214,0.14963652342810582,0.1496365234317387,0.14963652343340264,0.1496365234317387,0.1496365234299422,0.1496365234317387,0.14963652343340264,0.14837453670344647,0.14837453670244158,0.14837453670145526,0.14837453670244158,0.14837453670344647,0.14837453670244158,0.14837453670046766,0.14837453669768713,0.14837453670046766,0.14837453670244158,0.14837453670145526,0.14837453669768713,0.1483745366878215,0.14837453669768713,0.14837453670145526,0.14837453670244158,0.14837453670046766,0.14837453669768713,0.14837453670046766,0.14837453670244158,0.14837453670344647,0.14837453670244158,0.14837453670145526,0.14837453670244158,0.14837453670344647,0.1471375825796954,0.1471375825793021,0.14713758257897075,0.1471375825793021,0.1471375825796954,0.1471375825793021,0.1471375825786554,0.14713758257796708,0.1471375825786554,0.1471375825793021,0.14713758257897075,0.14713758257796708,0.14713758257637033,0.14713758257796708,0.14713758257897075,0.1471375825793021,0.1471375825786554,0.14713758257796708,0.1471375825786554,0.1471375825793021,0.1471375825796954,0.1471375825793021,0.14713758257897075,0.1471375825793021,0.1471375825796954,0.14592511840799471,0.14592511840801234,0.1459251184080932,0.14592511840801234,0.14592511840799471,0.14592511840801234,0.14592511840819236,0.1459251184087301,0.1459251184081922,0.14592511840801234,0.1459251184080932,0.1459251184087301,0.14592511841195252,0.1459251184087301,0.1459251184080932,0.14592511840801234,0.1459251184081922,0.1459251184087301,0.1459251184081922,0.14592511840801234,0.14592511840799471,0.14592511840801234,0.1459251184080932,0.14592511840801234,0.14592511840799471,0.14473660977230385,0.1447366097725229,0.14473660977278122,0.1447366097725229,0.14473660977230385,0.1447366097725229,0.14473660977305197,0.14473660977400288,0.14473660977305197,0.1447366097725229,0.14473660977278122,0.14473660977400288,0.1447366097784405,0.14473660977400288,0.14473660977278122,0.1447366097725229,0.14473660977305197,0.14473660977400288,0.14473660977305197,0.1447366097725229,0.14473660977230385,0.1447366097725229,0.14473660977278122,0.1447366097725229,0.14473660977230385,0.14357153080948887,0.1435715308097779,0.1435715308100751,0.1435715308097779,0.14357153080948887,0.1435715308097779,0.1435715308103759,0.14357153081128796,0.1435715308103759,0.1435715308097779,0.1435715308100751,0.14357153081128796,0.14357153081486712,0.14357153081128796,0.1435715308100751,0.1435715308097779,0.1435715308103759,0.14357153081128796,0.1435715308103759,0.1435715308097779,0.14357153080948887,0.1435715308097779,0.1435715308100751,0.1435715308097779,0.14357153080948887,0.14242936447054388,0.1424293644708742,0.14242936447119878,0.1424293644708742,0.14242936447054388,0.1424293644708742,0.14242936447152105,0.14242936447247168,0.14242936447152105,0.1424293644708742,0.14242936447119878,0.14242936447247168,0.14242936447623217,0.14242936447247168,0.14242936447119878,0.1424293644708742,0.14242936447152105,0.14242936447247168,0.14242936447152105,0.1424293644708742,0.14242936447054388,0.1424293644708742,0.14242936447119878,0.1424293644708742,0.14242936447054388,0.1413096027332579,0.14130960273365067,0.14130960273402088,0.14130960273365067,0.1413096027332579,0.14130960273365067,0.14130960273438217,0.14130960273541687,0.14130960273438217,0.14130960273365067,0.14130960273402088,0.14130960273541687,0.141309602739452,0.14130960273541687,0.14130960273402088,0.14130960273365067,0.14130960273438217,0.14130960273541687,0.14130960273438217,0.14130960273365067,0.1413096027332579,0.14130960273365067,0.14130960273402088,0.14130960273365067,0.1413096027332579,0.14021174677102474,0.14021174677156042,0.1402117467720324,0.14021174677156042,0.14021174677102474,0.14021174677156042,0.14021174677248407,0.14021174677365222,0.14021174677248407,0.14021174677156042,0.1402117467720324,0.14021174677365222,0.1402117467778401,0.14021174677365222,0.1402117467720324,0.14021174677156042,0.14021174677248407,0.14021174677365222,0.14021174677248407,0.14021174677156042,0.14021174677102474,0.14021174677156042,0.1402117467720324,0.14021174677156042,0.14021174677102474,0.139135307081848,0.13913530708274718,0.13913530708351307,0.13913530708274718,0.139135307081848,0.13913530708274718,0.1391353070842497,0.1391353070858147,0.1391353070842497,0.13913530708274718,0.13913530708351307,0.1391353070858147,0.13913530708891575,0.1391353070858147,0.13913530708351307,0.13913530708274718,0.1391353070842497,0.1391353070858147,0.1391353070842497,0.13913530708274718,0.139135307081848,0.13913530708274718,0.13913530708351307,0.13913530708274718,0.139135307081848,0.13807980358125663,0.13807980358296812,0.13807980358465016,0.13807980358296812,0.13807980358125663,0.13807980358296812,0.1380798035863415,0.13807980359084532,0.1380798035863415,0.13807980358296812,0.13807980358465016,0.13807980359084532,0.13807980360324473,0.13807980359084532,0.13807980358465016,0.13807980358296812,0.1380798035863415,0.13807980359084532,0.13807980358634134,0.13807980358296812,0.13807980358125663,0.13807980358296812,0.13807980358465016,0.13807980358296812,0.13807980358125663,0.13704476566267276,0.13704476566528967,0.13704476566842896,0.13704476566528967,0.13704476566267276,0.13704476566528967,0.13704476567167612,0.13704476568438453,0.13704476567167612,0.13704476566528967,0.13704476566842896,0.13704476568438453,0.13704476575452684,0.13704476568438453,0.13704476566842896,0.13704476566528967,0.13704476567167612,0.13704476568438453,0.13704476567167612,0.13704476566528967,0.13704476566267276,0.13704476566528967,0.13704476566842896,0.13704476566528967,0.13704476566267276,0.13602973222988982,0.1360297322316958,0.136029732233456,0.1360297322316958,0.13602973222988982,0.1360297322316958,0.13602973223521828,0.1360297322399078,0.13602973223521828,0.1360297322316958,0.136029732233456,0.1360297322399078,0.13602973225288112,0.1360297322399078,0.136029732233456,0.1360297322316958,0.13602973223521828,0.1360297322399078,0.13602973223521828,0.1360297322316958,0.13602973222988982,0.1360297322316958,0.136029732233456,0.1360297322316958,0.13602973222988982,0.13503425170647912,0.13503425170760572,0.13503425170853375,0.13503425170760572,0.13503425170647912,0.13503425170760572,0.13503425170941308,0.13503425171120045,0.13503425170941308,0.13503425170760572,0.13503425170853375,0.13503425171120045,0.1350342517144431,0.13503425171120045,0.13503425170853375,0.13503425170760572,0.13503425170941308,0.13503425171120045,0.13503425170941308,0.13503425170760572,0.13503425170647912,0.13503425170760572,0.13503425170853375,0.13503425170760572,0.13503425170647912
0.16533248796226685,0.16533248796226685,0.16533248796226685,0.16533248796226685,0.16533248796226685,0.16533248796226685,0.1653324879622666,0.1653324879622666,0.1653324879622666,0.16533248796226685,0.16533248796226685,0.1653324879622666,0.16533248796226635,0.1653324879622666,0.16533248796226685,0.16533248796226685,0.1653324879622666,0.1653324879622666,0.1653324879622666,0.16533248796226685,0.16533248796226685,0.16533248796226685,0.16533248796226685,0.16533248796226685,0.16533248796226685,0.1637574942399503,0.16375749423994984,0.16375749423994962,0.16375749423994984,0.1637574942399503,0.16375749423994984,0.16375749423994962,0.16375749423994937,0.16375749423994962,0.16375749423994984,0.16375749423994962,0.16375749423994937,0.16375749423994918,0.16375749423994937,0.16375749423994962,0.16375749423994984,0.16375749423994962,0.16375749423994937,0.16375749423994962,0.16375749423994984,0.1637574942399503,0.16375749423994984,0.16375749423994962,0.16375749423994984,0.1637574942399503,0.1622138844495967,0.16221388444959578,0.1622138844495951,0.16221388444959578,0.1622138844495967,0.16221388444959578,0.16221388444959467,0.16221388444959398,0.16221388444959467,0.16221388444959578,0.1622138844495951,0.16221388444959398,0.1622138844495933,0.16221388444959398,0.1622138844495951,0.16221388444959578,0.16221388444959467,0.16221388444959398,0.16221388444959467,0.16221388444959578,0.1622138844495967,0.16221388444959578,0.1622138844495951,0.16221388444959578,0.1622138844495967,0.16070106754824834,0.16070106754824523,0.16070106754824345,0.16070106754824523,0.16070106754824834,0.16070106754824523,0.1607010675482419,0.16070106754823968,0.1607010675482419,0.16070106754824523,0.16070106754824345,0.16070106754823968,0.16070106754823743,0.16070106754823968,0.16070106754824345,0.16070106754824523,0.1607010675482419,0.16070106754823968,0.1607010675482419,0.16070106754824523,0.16070106754824834,0.16070106754824523,0.16070106754824345,0.16070106754824523,0.16070106754824834,0.15921845191088713,0.15921845191087797,0.1592184519108721,0.15921845191087797,0.15921845191088713,0.15921845191087797,0.15921845191086753,0.15921845191086056,0.15921845191086753,0.15921845191087797,0.1592184519108721,0.15921845191086056,0.15921845191085274,0.15921845191086056,0.1592184519108721,0.15921845191087797,0.15921845191086753,0.15921845191086056,0.15921845191086753,0.15921845191087797,0.15921845191088713,0.15921845191087797,0.1592184519108721,0.15921845191087797,0.15921845191088713,0.15776544668229275,0.15776544668226586,0.1577654466822477,0.15776544668226586,0.15776544668229275,0.15776544668226586,0.15776544668223322,0.15776544668221038,0.15776544668223322,0.15776544668226586,0.1577654466822477,0.15776544668221038,0.15776544668218392,0.15776544668221038,0.1577654466822477,0.15776544668226586,0.15776544668223322,0.15776544668221038,0.15776544668223322,0.15776544668226586,0.15776544668229275,0.15776544668226586,0.1577654466822477,0.15776544668226586,0.15776544668229275,0.1563414629913803,0.15634146299130378,0.15634146299125024,0.15634146299130378,0.1563414629913803,0.15634146299130378,0.15634146299120466,0.15634146299113041,0.15634146299120466,0.15634146299130378,0.15634146299125024,0.15634146299113041,0.1563414629910357,0.15634146299113041,0.15634146299125024,0.15634146299130378,0.15634146299120466,0.15634146299113041,0.15634146299120466,0.15634146299130378,0.1563414629913803,0.15634146299130378,0.15634146299125024,0.15634146299130378,0.1563414629913801,0.15494591503830357,0.1549459150380972,0.15494591503794228,0.1549459150380972,0.15494591503830357,0.1549459150380972,0.15494591503780253,0.15494591503755437,0.15494591503780253,0.1549459150380972,0.15494591503794228,0.15494591503755437,0.15494591503718938,0.15494591503755437,0.15494591503794228,0.1549459150380972,0.15494591503780253,0.15494591503755437,0.15494591503780253,0.1549459150380972,0.15494591503830357,0.1549459150380972,0.15494591503794228,0.1549459150380972,0.15494591503830357,0.15357822106406216,0.1535782210635474,0.1535782210631188,0.1535782210635474,0.15357822106406216,0.1535782210635474,0.15357822106271068,0.15357822106186772,0.15357822106271068,0.1535782210635474,0.1535782210631188,0.15357822106186772,0.15357822106030597,0.15357822106186772,0.1535782210631188,0.1535782210635474,0.15357822106271068,0.15357822106186772,0.15357822106271068,0.1535782210635474,0.15357822106406216,0.1535782210635474,0.1535782210631188,0.1535782210635474,0.15357822106406216,0.15223780421180688,0.1522378042106906,0.15223780420961333,0.1522378042106906,0.15223780421180688,0.1522378042106906,0.152237804208537,0.1522378042057287,0.152237804208537,0.1522378042106906,0.15223780420961333,0.1522378042057287,0.15223780419817637,0.1522378042057287,0.15223780420961333,0.1522378042106906,0.152237804208537,0.1522378042057287,0.152237804208537,0.1522378042106906,0.15223780421180688,0.1522378042106906,0.15223780420961333,0.1522378042106906,0.15223780421180688,0.15092409328839307,0.15092409328654222,0.15092409328440792,0.15092409328654222,0.15092409328839307,0.15092409328654222,0.15092409328220885,0.15092409327414402,0.15092409328220885,0.15092409328654222,0.15092409328440792,0.15092409327414402,0.15092409323277695,0.15092409327414402,0.15092409328440792,0.15092409328654222,0.15092409328220885,0.15092409327414402,0.15092409328220885,0.15092409328654222,0.15092409328839307,0.15092409328654222,0.15092409328440792,0.15092409328654222,0.15092409328839307,0.14963652343364256,0.14963652343199246,0.14963652343021147,0.14963652343199246,0.14963652343364256,0.14963652343199246,0.14963652342839115,0.1496365234224923,0.14963652342839115,0.14963652343199246,0.14963652343021147,0.1496365234224923,0.14963652339749542,0.1496365234224923,0.14963652343021147,0.14963652343199246,0.14963652342839115,0.1496365234224923,0.14963652342839115,0.14963652343199246,0.14963652343364256,0.14963652343199246,0.14963652343021147,0.14963652343199246,0.14963652343364256,0.1483745367035688,0.14837453670256762,0.14837453670158426,0.14837453670256762,0.1483745367035688,0.14837453670256762,0.14837453670059977,0.1483745366978232,0.14837453670059977,0.14837453670256762,0.14837453670158426,0.1483745366978232,0.148374536687954,0.1483745366978232,0.14837453670158426,0.14837453670256762,0.14837453670059977,0.1483745366978232,0.14837453670059977,0.14837453670256762,0.1483745367035688,0.14837453670256762,0.14837453670158426,0.14837453670256762,0.1483745367035688,0.1471375825796903,0.1471375825792932,0.14713758257895693,0.1471375825792932,0.1471375825796903,0.1471375825792932,0.14713758257863632,0.14713758257792803,0.14713758257863632,0.1471375825792932,0.14713758257895693,0.14713758257792803,0.14713758257623846,0.14713758257792803,0.14713758257895693,0.1471375825792932,0.14713758257863632,0.14713758257792803,0.14713758257863632,0.1471375825792932,0.1471375825796903,0.1471375825792932,0.14713758257895693,0.1471375825792932,0.1471375825796903,0.14592511840786848,0.14592511840787808,0.14592511840795003,0.14592511840787808,0.14592511840786848,0.14592511840787808,0.14592511840804012,0.14592511840854688,0.14592511840804012,0.14592511840787808,0.14592511840795003,0.14592511840854688,0.1459251184116338,0.14592511840854688,0.14592511840795003,0.14592511840787808,0.14592511840804012,0.14592511840854688,0.14592511840804012,0.14592511840787808,0.14592511840786848,0.14592511840787808,0.14592511840795003,0.14592511840787808,0.14592511840786848,0.1447366097720708,0.14473660977228128,0.1447366097725304,0.14473660977228128,0.1447366097720708,0.14473660977228128,0.14473660977279168,0.14473660977371228,0.14473660977279168,0.14473660977228128,0.1447366097725304,0.14473660977371228,0.14473660977798838,0.14473660977371228,0.1447366097725304,0.14473660977228128,0.14473660977279168,0.14473660977371228,0.14473660977279168,0.14473660977228128,0.1447366097720708,0.14473660977228128,0.1447366097725304,0.14473660977228128,0.1447366097720708,0.14357153080916565,0.14357153080944712,0.143571530809737,0.14357153080944712,0.14357153080916565,0.14357153080944712,0.14357153081003043,0.14357153081092092,0.14357153081003043,0.14357153080944712,0.143571530809737,0.14357153081092092,0.14357153081442345,0.14357153081092092,0.143571530809737,0.14357153080944712,0.14357153081003043,0.14357153081092092,0.14357153081003043,0.14357153080944712,0.14357153080916565,0.14357153080944712,0.143571530809737,0.14357153080944712,0.14357153080916565,0.1424293644701443,0.1424293644704684,0.14242936447078663,0.1424293644704684,0.1424293644701443,0.1424293644704684,0.14242936447110266,0.14242936447203486,0.14242936447110266,0.1424293644704684,0.14242936447078663,0.14242936447203486,0.1424293644757333,0.14242936447203486,0.14242936447078663,0.1424293644704684,0.14242936447110266,0.14242936447203486,0.14242936447110266,0.1424293644704684,0.1424293644701443,0.1424293644704684,0.14242936447078663,0.1424293644704684,0.1424293644701443,0.14130960273279428,0.14130960273318144,0.14130960273354604,0.14130960273318144,0.14130960273279428,0.14130960273318144,0.14130960273390164,0.1413096027349192,0.14130960273390164,0.14130960273318144,0.14130960273354604,0.1413096027349192,0.14130960273887047,0.1413096027349192,0.14130960273354604,0.14130960273318144,0.14130960273390164,0.1413096027349192,0.14130960273390164,0.14130960273318144,0.14130960273279428,0.14130960273318144,0.14130960273354604,0.14130960273318144,0.14130960273279428,0.1402117467705076,0.14021174677103831,0.14021174677150544,0.14021174677103831,0.1402117467705076,0.14021174677103831,0.14021174677195228,0.14021174677310558,0.14021174677195228,0.14021174677103831,0.14021174677150544,0.14021174677310558,0.14021174677724024,0.14021174677310558,0.14021174677150544,0.14021174677103831,0.14021174677195228,0.14021174677310558,0.14021174677195228,0.14021174677103831,0.1402117467705076,0.14021174677103831,0.14021174677150544,0.14021174677103831,0.1402117467705076,0.13913530708128669,0.13913530708218141,0.1391353070829434,0.13913530708218141,0.13913530708128669,0.13913530708218141,0.13913530708367622,0.1391353070852327,0.13913530708367622,0.13913530708218141,0.1391353070829434,0.1391353070852327,0.1391353070883151,0.1391353070852327,0.1391353070829434,0.13913530708218141,0.13913530708367622,0.1391353070852327,0.13913530708367622,0.13913530708218141,0.13913530708128669,0.13913530708218141,0.1391353070829434,0.13913530708218141,0.13913530708128669,0.13807980358066002,0.13807980358236546,0.13807980358404162,0.13807980358236546,0.13807980358066002,0.13807980358236546,0.13807980358572722,0.138079803590216,0.13807980358572722,0.13807980358236546,0.13807980358404162,0.138079803590216,0.1380798036025753,0.138079803590216,0.13807980358404162,0.13807980358236546,0.13807980358572722,0.138079803590216,0.13807980358572722,0.13807980358236546,0.13807980358066002,0.13807980358236546,0.13807980358404162,0.13807980358236546,0.13807980358066002,0.13704476566205256,0.13704476566466098,0.13704476566779059,0.13704476566466098,0.13704476566205256,0.13704476566466098,0.1370447656710275,0.1370447656836964,0.1370447656710275,0.13704476566466098,0.13704476566779059,0.1370447656836964,0.13704476575362232,0.1370447656836964,0.13704476566779042,0.13704476566466098,0.1370447656710275,0.1370447656836964,0.1370447656710275,0.13704476566466098,0.13704476566205256,0.13704476566466098,0.13704476566779042,0.13704476566466098,0.13704476566205256,0.13602973222926282,0.13602973223106313,0.13602973223281783,0.13602973223106313,0.13602973222926282,0.13602973223106313,0.1360297322345746,0.13602973223924952,0.1360297322345746,0.13602973223106313,0.13602973223281783,0.13602973223924952,0.13602973225218284,0.13602973223924952,0.13602973223281783,0.13602973223106313,0.1360297322345746,0.13602973223924952,0.1360297322345746,0.13602973223106313,0.13602973222926282,0.13602973223106313,0.13602973223281783,0.13602973223106313,0.13602973222926282,0.13503425170585687,0.13503425170697997,0.13503425170790523,0.13503425170698014,0.13503425170585687,0.13503425170697997,0.13503425170878178,0.1350342517105634,0.13503425170878178,0.13503425170698014,0.13503425170790523,0.1350342517105634,0.13503425171379616,0.1350342517105634,0.13503425170790523,0.13503425170698014,0.13503425170878178,0.1350342517105634,0.13503425170878178,0.13503425170698014,0.13503425170585687,0.13503425170698014,0.13503425170790523,0.13503425170698014,0.13503425170585687
0.16533248796274375,0.16533248796274352,0.16533248796274352,0.16533248796274352,0.16533248796274375,0.16533248796274352,0.16533248796274352,0.1653324879627433,0.16533248796274352,0.16533248796274352,0.16533248796274352,0.1653324879627433,0.1653324879627433,0.1653324879627433,0.16533248796274352,0.16533248796274352,0.16533248796274352,0.1653324879627433,0.16533248796274352,0.16533248796274352,0.16533248796274375,0.16533248796274352,0.16533248796274352,0.16533248796274352,0.16533248796274375,0.16375749424041727,0.16375749424041705,0.16375749424041683,0.16375749424041705,0.16375749424041727,0.16375749424041705,0.1637574942404166,0.16375749424041636,0.1637574942404166,0.16375749424041705,0.16375749424041683,0.16375749424041636,0.16375749424041636,0.16375749424041636,0.16375749424041683,0.16375749424041705,0.1637574942404166,0.16375749424041636,0.1637574942404166,0.16375749424041705,0.16375749424041727,0.16375749424041705,0.16375749424041683,0.16375749424041705,0.16375749424041727,0.16221388445005436,0.16221388445005344,0.16221388445005275,0.16221388445005344,0.16221388445005436,0.16221388445005344,0.16221388445005233,0.16221388445005167,0.16221388445005233,0.16221388445005344,0.16221388445005275,0.16221388445005167,0.16221388445005097,0.16221388445005167,0.16221388445005275,0.16221388445005344,0.16221388445005233,0.16221388445005167,0.16221388445005233,0.16221388445005344,0.16221388445005436,0.16221388445005344,0.16221388445005275,0.16221388445005344,0.16221388445005436,0.16070106754869642,0.16070106754869354,0.16070106754869154,0.16070106754869354,0.16070106754869642,0.16070106754869354,0.16070106754869018,0.160701067548688,0.16070106754869018,0.16070106754869354,0.16070106754869154,0.160701067548688,0.16070106754868574,0.160701067548688,0.16070106754869154,0.16070106754869354,0.16070106754869018,0.160701067548688,0.16070106754869018,0.16070106754869354,0.16070106754869642,0.16070106754869354,0.16070106754869154,0.16070106754869354,0.16070106754869642,0.15921845191132583,0.1592184519113169,0.15921845191131082,0.1592184519113169,0.15921845191132583,0.1592184519113169,0.15921845191130646,0.1592184519112995,0.15921845191130646,0.1592184519113169,0.15921845191131082,0.1592184519112995,0.15921845191129166,0.1592184519112995,0.15921845191131082,0.1592184519113169,0.15921845191130646,0.1592184519112995,0.15921845191130646,0.1592184519113169,0.15921845191132583,0.1592184519113169,0.15921845191131082,0.1592184519113169,0.15921845191132583,0.15776544668272183,0.15776544668269515,0.15776544668267722,0.15776544668269515,0.15776544668272183,0.15776544668269515,0.15776544668266293,0.1577654466826403,0.15776544668266293,0.15776544668269515,0.15776544668267722,0.1577654466826403,0.15776544668261408,0.1577654466826403,0.15776544668267722,0.15776544668269515,0.15776544668266293,0.1577654466826403,0.15776544668266293,0.15776544668269515,0.15776544668272183,0.15776544668269515,0.15776544668267722,0.15776544668269515,0.15776544668272183,0.15634146299179913,0.15634146299172344,0.15634146299167054,0.15634146299172344,0.15634146299179913,0.15634146299172344,0.15634146299162538,0.15634146299155177,0.15634146299162538,0.15634146299172344,0.15634146299167054,0.15634146299155177,0.1563414629914581,0.15634146299155177,0.15634146299167054,0.15634146299172344,0.15634146299162538,0.15634146299155177,0.15634146299162538,0.15634146299172344,0.15634146299179913,0.15634146299172344,0.15634146299167054,0.15634146299172344,0.15634146299179913,0.154945915038711,0.15494591503850666,0.1549459150383532,0.15494591503850647,0.154945915038711,0.15494591503850666,0.15494591503821487,0.15494591503796892,0.15494591503821487,0.15494591503850647,0.1549459150383532,0.15494591503796892,0.15494591503760766,0.15494591503796892,0.1549459150383532,0.15494591503850647,0.15494591503821487,0.15494591503796892,0.15494591503821487,0.15494591503850666,0.154945915038711,0.15494591503850647,0.1549459150383532,0.15494591503850666,0.154945915038711,0.15357822106445382,0.15357822106394406,0.15357822106351968,0.15357822106394406,0.15357822106445382,0.15357822106394406,0.15357822106311558,0.15357822106228086,0.15357822106311558,0.15357822106394406,0.15357822106351968,0.15357822106228086,0.1535782210607348,0.15357822106228086,0.15357822106351968,0.15357822106394406,0.15357822106311558,0.15357822106228086,0.15357822106311558,0.15357822106394406,0.15357822106445382,0.15357822106394406,0.15357822106351968,0.15357822106394406,0.15357822106445382,0.15223780421217262,0.15223780421106678,0.1522378042100001,0.15223780421106678,0.15223780421217262,0.15223780421106678,0.15223780420893443,0.15223780420615365,0.15223780420893443,0.15223780421106678,0.1522378042100001,0.15223780420615365,0.15223780419867672,0.15223780420615365,0.1522378042100001,0.15223780421106678,0.15223780420893443,0.15223780420615365,0.15223780420893443,0.15223780421106678,0.15223780421217262,0.15223780421106678,0.1522378042100001,0.15223780421106678,0.15223780421217262,0.15092409328871026,0.15092409328687653,0.15092409328476272,0.15092409328687653,0.15092409328871026,0.15092409328687653,0.15092409328258485,0.1509240932745995,0.15092409328258485,0.15092409328687653,0.15092409328476272,0.1509240932745995,0.15092409323368003,0.1509240932745995,0.15092409328476272,0.15092409328687653,0.15092409328258485,0.1509240932745995,0.15092409328258485,0.15092409328687653,0.15092409328871026,0.15092409328687653,0.15092409328476272,0.15092409328687653,0.15092409328871026,0.14963652343387512,0.14963652343223824,0.1496365234304724,0.14963652343223824,0.14963652343387512,0.14963652343223824,0.1496365234286674,0.14963652342282133,0.1496365234286674,0.14963652343223824,0.1496365234304724,0.14963652342282133,0.1496365233980502,0.14963652342282133,0.1496365234304724,0.14963652343223824,0.1496365234286674,0.14963652342282133,0.1496365234286674,0.14963652343223824,0.14963652343387512,0.14963652343223824,0.1496365234304724,0.14963652343223824,0.14963652343387512,0.14837453670368758,0.14837453670269032,0.1483745367017101,0.14837453670269032,0.14837453670368758,0.14837453670269032,0.14837453670072862,0.14837453669795625,0.14837453670072862,0.14837453670269032,0.1483745367017101,0.14837453669795625,0.14837453668806816,0.14837453669795625,0.1483745367017101,0.14837453670269032,0.14837453670072862,0.14837453669795625,0.14837453670072862,0.14837453670269032,0.14837453670368758,0.14837453670269032,0.1483745367017101,0.14837453670269032,0.14837453670368758,0.14713758257968648,0.14713758257928575,0.14713758257894477,0.14713758257928575,0.14713758257968648,0.14713758257928575,0.14713758257861922,0.14713758257789225,0.14713758257861922,0.14713758257928575,0.14713758257894477,0.14713758257789225,0.14713758257610401,0.14713758257789225,0.14713758257894477,0.14713758257928575,0.14713758257861922,0.14713758257789225,0.14713758257861922,0.14713758257928575,0.14713758257968648,0.14713758257928575,0.14713758257894477,0.14713758257928575,0.14713758257968648,0.1459251184077474,0.14592511840774972,0.14592511840781308,0.14592511840774972,0.1459251184077474,0.14592511840774972,0.1459251184078943,0.14592511840837152,0.1459251184078943,0.14592511840774972,0.14592511840781308,0.14592511840837152,0.14592511841133735,0.14592511840837152,0.14592511840781308,0.14592511840774972,0.1459251184078943,0.14592511840837152,0.1459251184078943,0.14592511840774972,0.1459251184077474,0.14592511840774972,0.14592511840781308,0.14592511840774972,0.1459251184077474,0.14473660977184669,0.1447366097720488,0.14473660977228897,0.1447366097720488,0.14473660977184669,0.1447366097720488,0.1447366097725412,0.14473660977343247,0.1447366097725412,0.1447366097720488,0.14473660977228897,0.14473660977343247,0.14473660977758204,0.14473660977343247,0.14473660977228897,0.1447366097720488,0.1447366097725412,0.14473660977343247,0.1447366097725412,0.1447366097720488,0.14473660977184669,0.1447366097720488,0.14473660977228897,0.1447366097720488,0.14473660977184669,0.14357153080885407,0.14357153080912835,0.14357153080941104,0.14357153080912835,0.14357153080885407,0.14357153080912835,0.14357153080969728,0.14357153081056706,0.14357153080969728,0.14357153080912835,0.14357153080941104,0.14357153081056706,0.14357153081399615,0.14357153081056706,0.14357153080941104,0.14357153080912835,0.14357153080969728,0.14357153081056706,0.14357153080969728,0.14357153080912835,0.14357153080885407,0.14357153080912835,0.14357153080941104,0.14357153080912835,0.14357153080885407,0.1424293644697588,0.14242936447007654,0.14242936447038873,0.14242936447007654,0.1424293644697588,0.14242936447007654,0.14242936447069873,0.14242936447161314,0.14242936447069873,0.14242936447007654,0.14242936447038873,0.14242936447161314,0.14242936447522617,0.14242936447161314,0.14242936447038873,0.14242936447007654,0.14242936447069873,0.14242936447161314,0.14242936447069873,0.14242936447007654,0.1424293644697588,0.14242936447007654,0.14242936447038873,0.14242936447007654,0.1424293644697588,0.14130960273234644,0.14130960273272816,0.14130960273308718,0.14130960273272816,0.14130960273234644,0.14130960273272816,0.14130960273343735,0.14130960273443843,0.14130960273343735,0.14130960273272816,0.14130960273308718,0.14130960273443843,0.14130960273833776,0.14130960273443843,0.14130960273308718,0.14130960273272816,0.14130960273343735,0.14130960273443843,0.14130960273343735,0.14130960273272816,0.14130960273234644,0.14130960273272816,0.14130960273308718,0.14130960273272816,0.14130960273234644,0.1402117467700079,0.1402117467705339,0.14021174677099638,0.1402117467705339,0.1402117467700079,0.1402117467705339,0.14021174677143852,0.14021174677257744,0.14021174677143852,0.1402117467705339,0.14021174677099638,0.14021174677257744,0.140211746776647,0.14021174677257744,0.14021174677099638,0.1402117467705339,0.14021174677143852,0.14021174677257744,0.14021174677143852,0.1402117467705339,0.1402117467700079,0.1402117467705339,0.14021174677099638,0.1402117467705339,0.1402117467700079,0.13913530708074437,0.1391353070816347,0.13913530708239283,0.1391353070816347,0.13913530708074437,0.1391353070816347,0.13913530708312188,0.13913530708467012,0.13913530708312188,0.1391353070816347,0.13913530708239283,0.13913530708467012,0.13913530708773433,0.13913530708467012,0.13913530708239283,0.1391353070816347,0.13913530708312188,0.13913530708467012,0.13913530708312188,0.1391353070816347,0.13913530708074437,0.1391353070816347,0.13913530708239283,0.1391353070816347,0.13913530708074437,0.13807980358008326,0.13807980358178282,0.13807980358345343,0.13807980358178282,0.13807980358008326,0.13807980358178282,0.13807980358513328,0.1380798035896076,0.13807980358513328,0.13807980358178282,0.13807980358345343,0.1380798035896076,0.13807980360192798,0.1380798035896076,0.13807980358345343,0.13807980358178282,0.13807980358513328,0.1380798035896076,0.13807980358513328,0.13807980358178282,0.13807980358008326,0.13807980358178282,0.13807980358345343,0.13807980358178282,0.13807980358008326,0.13704476566145296,0.13704476566405327,0.13704476566717314,0.13704476566405327,0.13704476566145296,0.13704476566405327,0.1370447656704002,0.13704476568303076,0.1370447656704002,0.13704476566405327,0.13704476566717314,0.13704476568303076,0.13704476575273974,0.13704476568303076,0.13704476566717314,0.13704476566405327,0.1370447656704002,0.13704476568303076,0.1370447656704002,0.13704476566405327,0.13704476566145296,0.13704476566405327,0.13704476566717314,0.13704476566405327,0.13704476566145296,0.1360297322286567,0.13602973223045148,0.1360297322322008,0.13602973223045148,0.1360297322286567,0.13602973223045148,0.1360297322339522,0.13602973223861298,0.1360297322339522,0.13602973223045148,0.1360297322322008,0.13602973223861298,0.13602973225150725,0.13602973223861298,0.1360297322322008,0.13602973223045148,0.1360297322339522,0.13602973223861298,0.1360297322339522,0.13602973223045148,0.1360297322286567,0.13602973223045148,0.1360297322322008,0.13602973223045148,0.1360297322286567,0.1350342517052552,0.13503425170637498,0.1350342517072973,0.13503425170637498,0.1350342517052552,0.13503425170637498,0.13503425170817127,0.1350342517099476,0.13503425170817127,0.13503425170637498,0.1350342517072973,0.1350342517099476,0.13503425171317054,0.1350342517099476,0.1350342517072973,0.13503425170637498,0.13503425170817127,0.1350342517099476,0.13503425170817127,0.13503425170637498,0.1350342517052552,0.13503425170637498,0.1350342517072973,0.13503425170637498,0.1350342517052552
0.16533248796320488,0.16533248796320463,0.16533248796320463,0.16533248796320463,0.16533248796320488,0.16533248796320463,0.1653324879632044,0.1653324879632044,0.1653324879632044,0.16533248796320463,0.16533248796320463,0.1653324879632044,0.1653324879632044,0.1653324879632044,0.16533248796320463,0.16533248796320463,0.1653324879632044,0.1653324879632044,0.1653324879632044,0.16533248796320463,0.16533248796320488,0.16533248796320463,0.16533248796320463,0.16533248796320463,0.16533248796320488,0.16375749424086922,0.16375749424086877,0.16375749424086855,0.16375749424086877,0.16375749424086922,0.16375749424086877,0.16375749424086855,0.1637574942408683,0.16375749424086855,0.16375749424086877,0.16375749424086855,0.1637574942408683,0.16375749424086805,0.1637574942408683,0.16375749424086855,0.16375749424086877,0.16375749424086855,0.1637574942408683,0.16375749424086855,0.16375749424086877,0.16375749424086922,0.16375749424086877,0.16375749424086855,0.16375749424086877,0.16375749424086922,0.16221388445049686,0.16221388445049595,0.16221388445049525,0.16221388445049595,0.16221388445049686,0.16221388445049595,0.16221388445049478,0.16221388445049412,0.16221388445049478,0.16221388445049595,0.16221388445049525,0.16221388445049412,0.16221388445049342,0.16221388445049412,0.16221388445049525,0.16221388445049595,0.16221388445049478,0.16221388445049412,0.16221388445049478,0.16221388445049595,0.16221388445049686,0.16221388445049595,0.16221388445049525,0.16221388445049595,0.16221388445049686,0.16070106754912983,0.16070106754912672,0.16070106754912494,0.16070106754912672,0.16070106754912983,0.16070106754912672,0.1607010675491236,0.1607010675491214,0.1607010675491236,0.16070106754912672,0.16070106754912494,0.1607010675491214,0.16070106754911917,0.1607010675491214,0.16070106754912494,0.16070106754912672,0.1607010675491236,0.1607010675491214,0.1607010675491236,0.16070106754912672,0.16070106754912983,0.16070106754912672,0.16070106754912494,0.16070106754912672,0.16070106754912983,0.15921845191174994,0.159218451911741,0.15921845191173514,0.159218451911741,0.15921845191174994,0.159218451911741,0.15921845191173079,0.15921845191172382,0.15921845191173079,0.159218451911741,0.15921845191173514,0.15921845191172382,0.159218451911716,0.15921845191172382,0.15921845191173514,0.159218451911741,0.15921845191173079,0.15921845191172382,0.15921845191173079,0.159218451911741,0.15921845191174994,0.159218451911741,0.15921845191173514,0.159218451911741,0.15921845191174994,0.1577654466831366,0.15776544668311016,0.15776544668309245,0.15776544668311016,0.1577654466831366,0.15776544668311016,0.15776544668307838,0.15776544668305595,0.15776544668307838,0.15776544668311016,0.15776544668309245,0.15776544668305595,0.15776544668302994,0.15776544668305595,0.15776544668309245,0.15776544668311016,0.15776544668307838,0.15776544668305595,0.15776544668307838,0.15776544668311016,0.1577654466831366,0.15776544668311016,0.15776544668309245,0.15776544668311016,0.1577654466831366,0.15634146299220417,0.1563414629921293,0.15634146299207685,0.1563414629921293,0.15634146299220417,0.1563414629921293,0.15634146299203208,0.15634146299195933,0.15634146299203208,0.1563414629921293,0.15634146299207685,0.15634146299195933,0.15634146299186624,0.15634146299195933,0.15634146299207685,0.1563414629921293,0.15634146299203208,0.15634146299195933,0.15634146299203208,0.1563414629921293,0.15634146299220417,0.1563414629921293,0.15634146299207685,0.1563414629921293,0.15634146299220417,0.15494591503910488,0.1549459150389024,0.15494591503875052,0.1549459150389024,0.15494591503910488,0.1549459150389024,0.15494591503861344,0.15494591503837,0.15494591503861344,0.1549459150389024,0.15494591503875052,0.15494591503837,0.15494591503801217,0.15494591503837,0.15494591503875052,0.1549459150389024,0.15494591503861344,0.15494591503837,0.15494591503861344,0.1549459150389024,0.15494591503910488,0.1549459150389024,0.15494591503875052,0.1549459150389024,0.15494591503910488,0.1535782210648326,0.15357822106432767,0.15357822106390728,0.15357822106432767,0.1535782210648326,0.15357822106432767,0.15357822106350702,0.15357822106268035,0.15357822106350702,0.15357822106432767,0.15357822106390728,0.15357822106268035,0.15357822106114913,0.15357822106268035,0.15357822106390728,0.15357822106432767,0.15357822106350702,0.15357822106268035,0.15357822106350702,0.15357822106432767,0.1535782210648326,0.15357822106432767,0.15357822106390728,0.15357822106432767,0.1535782210648326,0.15223780421252614,0.15223780421143074,0.1522378042103741,0.15223780421143074,0.15223780421252614,0.15223780421143074,0.15223780420931843,0.1522378042065647,0.15223780420931843,0.15223780421143074,0.1522378042103741,0.1522378042065647,0.15223780419916016,0.1522378042065647,0.1522378042103741,0.15223780421143074,0.15223780420931843,0.1522378042065647,0.15223780420931843,0.15223780421143074,0.15223780421252614,0.15223780421143074,0.1522378042103741,0.15223780421143074,0.15223780421252614,0.15092409328901718,0.15092409328720027,0.15092409328510592,0.15092409328720027,0.15092409328901718,0.15092409328720027,0.1509240932829485,0.15092409327503953,0.1509240932829485,0.15092409328720027,0.15092409328510592,0.15092409327503953,0.15092409323449626,0.15092409327503953,0.15092409328510592,0.15092409328720027,0.1509240932829485,0.15092409327503953,0.1509240932829485,0.15092409328720027,0.15092409328901718,0.15092409328720027,0.15092409328510592,0.15092409328720027,0.15092409328901718,0.14963652343410036,0.1496365234324763,0.14963652343072503,0.1496365234324763,0.14963652343410036,0.1496365234324763,0.14963652342893496,0.1496365234231401,0.14963652342893496,0.1496365234324763,0.14963652343072503,0.1496365234231401,0.14963652339859798,0.1496365234231401,0.14963652343072503,0.1496365234324763,0.14963652342893496,0.1496365234231401,0.14963652342893496,0.1496365234324763,0.14963652343410036,0.1496365234324763,0.14963652343072503,0.1496365234324763,0.14963652343410036,0.14837453670380338,0.14837453670280984,0.14837453670183262,0.14837453670280984,0.14837453670380338,0.14837453670280984,0.14837453670085407,0.14837453669808634,0.14837453670085407,0.14837453670280984,0.14837453670183262,0.14837453669808634,0.14837453668820605,0.14837453669808634,0.14837453670183262,0.14837453670280984,0.14837453670085407,0.14837453669808634,0.14837453670085407,0.14837453670280984,0.14837453670380338,0.14837453670280984,0.14837453670183262,0.14837453670280984,0.14837453670380338,0.14713758257968357,0.14713758257927936,0.14713758257893422,0.14713758257927936,0.14713758257968357,0.14713758257927936,0.147137582578604,0.147137582577859,0.147137582578604,0.14713758257927936,0.14713758257893422,0.147137582577859,0.14713758257597484,0.147137582577859,0.14713758257893422,0.14713758257927936,0.147137582578604,0.147137582577859,0.147137582578604,0.14713758257927936,0.14713758257968357,0.14713758257927936,0.14713758257893422,0.14713758257927936,0.14713758257968357,0.14592511840763128,0.14592511840762631,0.1459251184076817,0.14592511840762631,0.14592511840763128,0.14592511840762631,0.14592511840775452,0.14592511840820305,0.14592511840775452,0.14592511840762631,0.1459251184076817,0.14592511840820305,0.14592511841104747,0.14592511840820305,0.1459251184076817,0.14592511840762631,0.14592511840775452,0.14592511840820305,0.14592511840775452,0.14592511840762631,0.14592511840763128,0.14592511840762631,0.1459251184076817,0.14592511840762631,0.14592511840763128,0.1447366097716306,0.14473660977182468,0.14473660977205632,0.14473660977182468,0.1447366097716306,0.14473660977182468,0.1447366097722998,0.14473660977316294,0.1447366097722998,0.14473660977182468,0.14473660977205632,0.14473660977316294,0.14473660977718913,0.14473660977316294,0.14473660977205632,0.14473660977182468,0.1447366097722998,0.14473660977316294,0.1447366097722998,0.14473660977182468,0.1447366097716306,0.14473660977182468,0.14473660977205632,0.14473660977182468,0.1447366097716306,0.14357153080855306,0.14357153080882032,0.14357153080909618,0.14357153080882032,0.14357153080855306,0.14357153080882032,0.1435715308093756,0.14357153081022533,0.1435715308093756,0.14357153080882032,0.14357153080909618,0.14357153081022533,0.14357153081358842,0.14357153081022533,0.14357153080909618,0.14357153080882032,0.1435715308093756,0.14357153081022533,0.1435715308093756,0.14357153080882032,0.14357153080855306,0.14357153080882032,0.14357153080909618,0.14357153080882032,0.14357153080855306,0.14242936446938623,0.1424293644696979,0.1424293644700042,0.1424293644696979,0.14242936446938623,0.1424293644696979,0.14242936447030835,0.1424293644712055,0.14242936447030835,0.1424293644696979,0.1424293644700042,0.1424293644712055,0.1424293644747402,0.1424293644712055,0.1424293644700042,0.1424293644696979,0.14242936447030835,0.1424293644712055,0.14242936447030835,0.1424293644696979,0.14242936446938623,0.1424293644696979,0.1424293644700042,0.1424293644696979,0.14242936446938623,0.1413096027319134,0.14130960273228987,0.14130960273264362,0.14130960273228987,0.1413096027319134,0.14130960273228987,0.14130960273298834,0.14130960273397333,0.14130960273298834,0.14130960273228987,0.14130960273264362,0.14130960273397333,0.14130960273779897,0.14130960273397333,0.14130960273264362,0.14130960273228987,0.14130960273298834,0.14130960273397333,0.14130960273298834,0.14130960273228987,0.1413096027319134,0.14130960273228987,0.14130960273264362,0.14130960273228987,0.1413096027319134,0.1402117467695246,0.14021174677004594,0.14021174677050374,0.14021174677004594,0.1402117467695246,0.14021174677004594,0.14021174677094123,0.1402117467720663,0.14021174677094123,0.14021174677004594,0.14021174677050374,0.1402117467720663,0.14021174677608,0.1402117467720663,0.14021174677050374,0.14021174677004594,0.14021174677094123,0.1402117467720663,0.14021174677094123,0.14021174677004594,0.1402117467695246,0.14021174677004594,0.14021174677050374,0.14021174677004594,0.1402117467695246,0.13913530708021943,0.13913530708110564,0.13913530708185984,0.13913530708110564,0.13913530708021943,0.13913530708110564,0.1391353070825854,0.1391353070841256,0.1391353070825854,0.13913530708110564,0.13913530708185984,0.1391353070841256,0.1391353070871721,0.1391353070841256,0.13913530708185984,0.13913530708110564,0.1391353070825854,0.1391353070841256,0.1391353070825854,0.13913530708110564,0.13913530708021943,0.13913530708110564,0.13913530708185984,0.13913530708110564,0.13913530708021943,0.13807980357952496,0.1380798035812188,0.13807980358288394,0.1380798035812188,0.13807980357952496,0.1380798035812188,0.1380798035845584,0.1380798035890186,0.1380798035845584,0.1380798035812188,0.13807980358288394,0.1380798035890186,0.138079803601301,0.1380798035890186,0.13807980358288394,0.1380798035812188,0.1380798035845584,0.1380798035890186,0.1380798035845584,0.1380798035812188,0.13807980357952496,0.1380798035812188,0.13807980358288394,0.1380798035812188,0.13807980357952496,0.13704476566087245,0.13704476566346488,0.1370447656665753,0.13704476566346488,0.13704476566087245,0.13704476566346488,0.1370447656697928,0.13704476568238608,0.1370447656697928,0.13704476566346488,0.1370447656665753,0.13704476568238608,0.13704476575188435,0.13704476568238608,0.1370447656665753,0.13704476566346488,0.1370447656697928,0.13704476568238608,0.1370447656697928,0.13704476566346488,0.13704476566087245,0.13704476566346488,0.1370447656665753,0.13704476566346488,0.13704476566087245,0.13602973222806983,0.13602973222985923,0.13602973223160336,0.13602973222985923,0.13602973222806983,0.13602973222985923,0.13602973223334952,0.13602973223799672,0.13602973223334952,0.13602973222985923,0.13602973223160336,0.13602973223799672,0.1360297322508531,0.13602973223799672,0.13602973223160336,0.13602973222985923,0.13602973223334952,0.13602973223799672,0.13602973223334952,0.13602973222985923,0.13602973222806983,0.13602973222985923,0.13602973223160336,0.13602973222985923,0.13602973222806983,0.13503425170467276,0.13503425170578917,0.1350342517067087,0.13503425170578917,0.13503425170467276,0.13503425170578917,0.13503425170758013,0.13503425170935124,0.13503425170758013,0.13503425170578917,0.1350342517067087,0.13503425170935124,0.1350342517125647,0.13503425170935124,0.1350342517067087,0.13503425170578917,0.13503425170758013,0.13503425170935124,0.13503425170758013,0.13503425170578917,0.13503425170467276,0.13503425170578917,0.1350342517067087,0.13503425170578917,0.13503425170467276
0.16533248796365088,0.16533248796365066,0.16533248796365066,0.16533248796365066,0.16533248796365088,0.16533248796365066,0.1653324879636504,0.1653324879636504,0.1653324879636504,0.16533248796365066,0.16533248796365066,0.1653324879636504,0.1653324879636504,0.1653324879636504,0.16533248796365066,0.16533248796365066,0.1653324879636504,0.1653324879636504,0.1653324879636504,0.16533248796365066,0.16533248796365088,0.16533248796365066,0.16533248796365066,0.16533248796365066,0.16533248796365088,0.16375749424130615,0.1637574942413059,0.16375749424130567,0.1637574942413059,0.16375749424130615,0.1637574942413059,0.16375749424130542,0.1637574942413052,0.16375749424130542,0.1637574942413059,0.16375749424130567,0.1637574942413052,0.16375749424130498,0.1637574942413052,0.16375749424130567,0.1637574942413059,0.16375749424130542,0.1637574942413052,0.16375749424130542,0.1637574942413059,0.16375749424130615,0.1637574942413059,0.16375749424130567,0.1637574942413059,0.16375749424130615,0.16221388445092502,0.1622138844509239,0.16221388445092344,0.1622138844509239,0.16221388445092502,0.1622138844509239,0.162213884450923,0.1622138844509223,0.162213884450923,0.1622138844509241,0.16221388445092344,0.1622138844509223,0.16221388445092164,0.1622138844509223,0.16221388445092344,0.1622138844509239,0.162213884450923,0.1622138844509223,0.162213884450923,0.1622138844509241,0.16221388445092502,0.1622138844509241,0.16221388445092344,0.1622138844509241,0.16221388445092502,0.16070106754954902,0.16070106754954613,0.16070106754954416,0.16070106754954613,0.16070106754954902,0.16070106754954613,0.1607010675495428,0.16070106754954058,0.1607010675495428,0.16070106754954613,0.16070106754954416,0.16070106754954058,0.1607010675495384,0.16070106754954058,0.16070106754954416,0.16070106754954613,0.1607010675495428,0.16070106754954058,0.1607010675495428,0.16070106754954613,0.16070106754954902,0.16070106754954613,0.16070106754954416,0.16070106754954613,0.16070106754954902,0.15921845191216036,0.15921845191215142,0.15921845191214554,0.15921845191215142,0.15921845191216036,0.15921845191215142,0.15921845191214118,0.15921845191213443,0.15921845191214118,0.15921845191215142,0.15921845191214554,0.15921845191213443,0.1592184519121268,0.15921845191213443,0.15921845191214554,0.15921845191215142,0.15921845191214118,0.15921845191213443,0.15921845191214118,0.15921845191215142,0.15921845191216036,0.15921845191215142,0.15921845191214554,0.15921845191215142,0.15921845191216036,0.15776544668353795,0.15776544668351172,0.15776544668349424,0.15776544668351172,0.15776544668353795,0.15776544668351172,0.15776544668348014,0.15776544668345813,0.15776544668348014,0.15776544668351172,0.15776544668349424,0.15776544668345813,0.15776544668343234,0.15776544668345813,0.15776544668349424,0.15776544668351172,0.15776544668348014,0.15776544668345813,0.15776544668348014,0.15776544668351172,0.15776544668353795,0.15776544668351172,0.15776544668349424,0.15776544668351172,0.15776544668353795,0.15634146299259627,0.15634146299252202,0.15634146299246995,0.15634146299252202,0.15634146299259627,0.15634146299252202,0.15634146299242563,0.1563414629923535,0.15634146299242563,0.15634146299252202,0.15634146299246995,0.1563414629923535,0.15634146299226145,0.1563414629923535,0.15634146299246995,0.15634146299252202,0.15634146299242563,0.1563414629923535,0.15634146299242563,0.15634146299252202,0.15634146299259627,0.15634146299252202,0.15634146299246995,0.15634146299252202,0.15634146299259627,0.15494591503948604,0.15494591503928543,0.154945915039135,0.15494591503928543,0.15494591503948604,0.15494591503928543,0.15494591503899913,0.15494591503875813,0.15494591503899913,0.15494591503928543,0.154945915039135,0.15494591503875813,0.15494591503840358,0.15494591503875813,0.154945915039135,0.15494591503928543,0.15494591503899913,0.15494591503875813,0.15494591503899913,0.15494591503928543,0.15494591503948604,0.15494591503928543,0.154945915039135,0.15494591503928543,0.15494591503948604,0.1535782210651991,0.15357822106469882,0.15357822106428226,0.15357822106469882,0.1535782210651991,0.15357822106469882,0.1535782210638858,0.15357822106306698,0.1535782210638858,0.15357822106469882,0.15357822106428226,0.15357822106306698,0.15357822106155,0.15357822106306698,0.15357822106428226,0.15357822106469882,0.1535782210638858,0.15357822106306698,0.1535782210638858,0.15357822106469882,0.1535782210651991,0.15357822106469882,0.15357822106428226,0.15357822106469882,0.1535782210651991,0.15223780421286845,0.15223780421178307,0.15223780421073607,0.15223780421178307,0.15223780421286845,0.15223780421178307,0.1522378042096903,0.15223780420696206,0.1522378042096903,0.15223780421178307,0.15223780421073607,0.15223780420696206,0.15223780419962746,0.15223780420696206,0.15223780421073607,0.15223780421178307,0.1522378042096903,0.15223780420696206,0.1522378042096903,0.15223780421178307,0.15223780421286845,0.15223780421178307,0.15223780421073607,0.15223780421178307,0.15223780421286845,0.15092409328931447,0.15092409328751355,0.1509240932854383,0.15092409328751355,0.15092409328931447,0.15092409328751355,0.1509240932833004,0.15092409327546513,0.1509240932833004,0.15092409328751355,0.1509240932854383,0.15092409327546513,0.15092409323534414,0.15092409327546513,0.1509240932854383,0.15092409328751355,0.1509240932833004,0.15092409327546513,0.1509240932833004,0.15092409328751355,0.15092409328931447,0.15092409328751355,0.1509240932854383,0.15092409328751355,0.15092409328931447,0.1496365234343187,0.14963652343270736,0.14963652343097006,0.14963652343270736,0.1496365234343187,0.14963652343270736,0.14963652342919437,0.14963652342344905,0.14963652342919437,0.14963652343270736,0.14963652343097006,0.14963652342344905,0.1496365233991132,0.14963652342344905,0.14963652343097006,0.14963652343270736,0.14963652342919437,0.14963652342344905,0.14963652342919437,0.14963652343270736,0.1496365234343187,0.14963652343270736,0.14963652343097006,0.14963652343270736,0.1496365234343187,0.1483745367039163,0.14837453670292644,0.14837453670195216,0.14837453670292644,0.1483745367039163,0.14837453670292644,0.14837453670097656,0.1483745366982133,0.14837453670097656,0.14837453670292644,0.14837453670195216,0.1483745366982133,0.14837453668830614,0.1483745366982133,0.14837453670195216,0.14837453670292644,0.14837453670097656,0.1483745366982133,0.14837453670097656,0.14837453670292644,0.1483745367039163,0.14837453670292644,0.14837453670195216,0.14837453670292644,0.1483745367039163,0.14713758257968157,0.14713758257927428,0.14713758257892479,0.14713758257927428,0.14713758257968157,0.14713758257927428,0.1471375825785902,0.14713758257782814,0.1471375825785902,0.14713758257927428,0.14713758257892479,0.14713758257782814,0.14713758257585188,0.14713758257782814,0.14713758257892479,0.14713758257927428,0.1471375825785902,0.14713758257782814,0.1471375825785902,0.14713758257927428,0.14713758257968157,0.14713758257927428,0.14713758257892479,0.14713758257927428,0.14713758257968157,0.14592511840751965,0.14592511840750771,0.14592511840755526,0.14592511840750771,0.14592511840751965,0.14592511840750771,0.14592511840762007,0.14592511840804118,0.14592511840762007,0.14592511840750771,0.14592511840755526,0.14592511840804118,0.1459251184107654,0.14592511840804118,0.14592511840755526,0.14592511840750771,0.14592511840762007,0.14592511840804118,0.14592511840762007,0.14592511840750771,0.14592511840751965,0.14592511840750771,0.14592511840755526,0.14592511840750771,0.14592511840751965,0.144736609771422,0.14473660977160843,0.14473660977183184,0.14473660977160843,0.144736609771422,0.14473660977160843,0.14473660977206695,0.1447366097729027,0.14473660977206695,0.14473660977160843,0.14473660977183184,0.1447366097729027,0.14473660977681926,0.1447366097729027,0.14473660977183184,0.14473660977160843,0.14473660977206695,0.1447366097729027,0.14473660977206695,0.14473660977160843,0.144736609771422,0.14473660977160843,0.14473660977183184,0.14473660977160843,0.144736609771422,0.14357153080826215,0.14357153080852278,0.14357153080879193,0.14357153080852278,0.14357153080826215,0.14357153080852278,0.1435715308090645,0.1435715308098949,0.1435715308090645,0.14357153080852278,0.14357153080879193,0.1435715308098949,0.143571530813169,0.1435715308098949,0.14357153080879193,0.14357153080852278,0.1435715308090645,0.1435715308098949,0.1435715308090645,0.14357153080852278,0.14357153080826215,0.14357153080852278,0.14357153080879193,0.14357153080852278,0.14357153080826215,0.14242936446902574,0.14242936446933172,0.14242936446963214,0.14242936446933172,0.14242936446902574,0.14242936446933172,0.1424293644699306,0.14242936447081095,0.1424293644699306,0.14242936446933172,0.14242936446963214,0.14242936447081095,0.14242936447429247,0.14242936447081095,0.14242936446963214,0.14242936446933172,0.1424293644699306,0.14242936447081095,0.1424293644699306,0.14242936446933172,0.14242936446902574,0.14242936446933172,0.14242936446963214,0.14242936446933172,0.14242936446902574,0.1413096027314942,0.14130960273186538,0.14130960273221402,0.14130960273186538,0.1413096027314942,0.14130960273186538,0.14130960273255366,0.14130960273352303,0.14130960273255366,0.14130960273186538,0.14130960273221402,0.14130960273352303,0.1413096027372906,0.14130960273352303,0.14130960273221402,0.14130960273186538,0.14130960273255366,0.14130960273352303,0.14130960273255366,0.14130960273186538,0.1413096027314942,0.14130960273186538,0.14130960273221402,0.14130960273186538,0.1413096027314942,0.14021174676905634,0.14021174676957315,0.1402117467700266,0.14021174676957315,0.14021174676905634,0.14021174676957315,0.14021174677045972,0.14021174677157125,0.14021174677045972,0.14021174676957315,0.1402117467700266,0.14021174677157125,0.14021174677552034,0.14021174677157125,0.1402117467700266,0.14021174676957315,0.14021174677045972,0.14021174677157125,0.14021174677045972,0.14021174676957315,0.14021174676905634,0.14021174676957315,0.1402117467700266,0.14021174676957315,0.14021174676905634,0.13913530707971095,0.13913530708059288,0.1391353070813436,0.13913530708059288,0.13913530707971095,0.13913530708059288,0.13913530708206556,0.13913530708359798,0.13913530708206556,0.13913530708059288,0.1391353070813436,0.13913530708359798,0.13913530708662739,0.13913530708359798,0.1391353070813436,0.13913530708059288,0.13913530708206556,0.13913530708359798,0.13913530708206556,0.13913530708059288,0.13913530707971095,0.13913530708059288,0.1391353070813436,0.13913530708059288,0.13913530707971095,0.13807980357898386,0.13807980358067226,0.13807980358233213,0.13807980358067226,0.13807980357898386,0.13807980358067226,0.13807980358400132,0.13807980358844774,0.13807980358400132,0.13807980358067226,0.13807980358233213,0.13807980358844774,0.13807980360069338,0.13807980358844774,0.13807980358233213,0.13807980358067226,0.13807980358400132,0.13807980358844774,0.13807980358400132,0.13807980358067226,0.13807980357898386,0.13807980358067226,0.13807980358233213,0.13807980358067226,0.13807980357898386,0.13704476566030974,0.13704476566289456,0.13704476566599605,0.13704476566289456,0.13704476566030974,0.13704476566289456,0.1370447656692041,0.13704476568176122,0.1370447656692041,0.13704476566289456,0.13704476566599605,0.13704476568176122,0.13704476575106136,0.13704476568176122,0.13704476566599605,0.13704476566289456,0.1370447656692041,0.13704476568176122,0.1370447656692041,0.13704476566289456,0.13704476566030974,0.13704476566289456,0.13704476566599605,0.13704476566289456,0.13704476566030974,0.13602973222750098,0.1360297322292852,0.13602973223102424,0.1360297322292852,0.13602973222750098,0.1360297322292852,0.1360297322327655,0.13602973223739925,0.1360297322327655,0.1360297322292852,0.13602973223102424,0.13602973223739925,0.13602973225021883,0.13602973223739925,0.13602973223102424,0.1360297322292852,0.1360297322327655,0.13602973223739925,0.1360297322327655,0.1360297322292852,0.13602973222750098,0.1360297322292852,0.13602973223102424,0.1360297322292852,0.13602973222750098,0.13503425170410813,0.1350342517052213,0.13503425170613825,0.1350342517052213,0.13503425170410813,0.1350342517052213,0.13503425170700717,0.13503425170877315,0.13503425170700717,0.1350342517052213,0.13503425170613825,0.13503425170877315,0.1350342517119774,0.13503425170877315,0.13503425170613836,0.1350342517052213,0.13503425170700717,0.13503425170877315,0.13503425170700717,0.1350342517052213,0.13503425170410813,0.1350342517052213,0.13503425170613836,0.1350342517052213,0.13503425170410813
0.16533248796408276,0.1653324879640825,0.1653324879640825,0.1653324879640825,0.16533248796408276,0.1653324879640825,0.1653324879640823,0.1653324879640823,0.1653324879640823,0.1653324879640825,0.1653324879640825,0.1653324879640823,0.1653324879640823,0.1653324879640823,0.1653324879640825,0.1653324879640825,0.1653324879640823,0.1653324879640823,0.1653324879640823,0.1653324879640825,0.16533248796408276,0.1653324879640825,0.1653324879640825,0.1653324879640825,0.16533248796408276,0.1637574942417294,0.16375749424172892,0.1637574942417287,0.16375749424172892,0.1637574942417294,0.16375749424172892,0.1637574942417287,0.16375749424172845,0.1637574942417287,0.16375749424172892,0.1637574942417287,0.16375749424172845,0.16375749424172822,0.16375749424172845,0.1637574942417287,0.16375749424172892,0.1637574942417287,0.16375749424172845,0.1637574942417287,0.16375749424172892,0.1637574942417294,0.16375749424172892,0.1637574942417287,0.16375749424172892,0.1637574942417294,0.16221388445133939,0.1622138844513385,0.16221388445133783,0.1622138844513385,0.16221388445133939,0.1622138844513385,0.16221388445133736,0.16221388445133691,0.16221388445133758,0.1622138844513385,0.16221388445133783,0.16221388445133691,0.16221388445133622,0.16221388445133691,0.16221388445133783,0.1622138844513385,0.16221388445133758,0.16221388445133691,0.16221388445133758,0.1622138844513385,0.16221388445133939,0.1622138844513385,0.16221388445133783,0.1622138844513385,0.16221388445133939,0.16070106754995492,0.16070106754995203,0.16070106754995,0.16070106754995203,0.16070106754995492,0.16070106754995203,0.1607010675499487,0.1607010675499467,0.1607010675499487,0.16070106754995203,0.16070106754995,0.1607010675499467,0.16070106754994445,0.1607010675499467,0.16070106754995,0.16070106754995203,0.1607010675499487,0.1607010675499467,0.1607010675499487,0.16070106754995203,0.16070106754995492,0.16070106754995203,0.16070106754995,0.16070106754995203,0.16070106754995492,0.15921845191255768,0.15921845191254874,0.15921845191254308,0.15921845191254874,0.15921845191255768,0.15921845191254874,0.15921845191253872,0.159218451912532,0.15921845191253872,0.15921845191254874,0.15921845191254308,0.159218451912532,0.15921845191252437,0.159218451912532,0.15921845191254308,0.15921845191254874,0.15921845191253872,0.159218451912532,0.15921845191253872,0.15921845191254874,0.15921845191255768,0.15921845191254874,0.15921845191254308,0.15921845191254874,0.15921845191255768,0.1577654466839267,0.1577654466839007,0.1577654466838834,0.1577654466839007,0.1577654466839267,0.1577654466839007,0.1577654466838693,0.15776544668384754,0.1577654466838693,0.1577654466839007,0.1577654466838834,0.15776544668384754,0.15776544668382195,0.15776544668384734,0.1577654466838834,0.1577654466839007,0.1577654466838693,0.15776544668384734,0.1577654466838693,0.1577654466839007,0.1577654466839267,0.1577654466839007,0.1577654466838834,0.1577654466839007,0.1577654466839267,0.1563414629929758,0.1563414629929022,0.15634146299285073,0.1563414629929022,0.1563414629929758,0.1563414629929022,0.15634146299280682,0.15634146299273532,0.15634146299280682,0.1563414629929022,0.15634146299285073,0.15634146299273532,0.15634146299264415,0.15634146299273532,0.15634146299285073,0.1563414629929022,0.15634146299280682,0.15634146299273532,0.15634146299280682,0.1563414629929022,0.1563414629929758,0.1563414629929022,0.15634146299285073,0.1563414629929022,0.1563414629929758,0.15494591503985533,0.15494591503965655,0.15494591503950736,0.15494591503965655,0.15494591503985533,0.15494591503965655,0.15494591503937272,0.15494591503913377,0.15494591503937272,0.15494591503965655,0.15494591503950736,0.15494591503913377,0.15494591503878252,0.15494591503913377,0.15494591503950736,0.15494591503965655,0.15494591503937272,0.15494591503913377,0.15494591503937272,0.15494591503965655,0.15494591503985533,0.15494591503965655,0.15494591503950736,0.15494591503965655,0.15494591503985533,0.15357822106555422,0.15357822106505853,0.15357822106464558,0.15357822106505853,0.15357822106555422,0.15357822106505853,0.15357822106425276,0.15357822106344116,0.15357822106425276,0.15357822106505853,0.15357822106464558,0.15357822106344116,0.15357822106193825,0.15357822106344116,0.15357822106464558,0.15357822106505853,0.15357822106425276,0.15357822106344116,0.15357822106425276,0.15357822106505853,0.15357822106555422,0.15357822106505853,0.15357822106464558,0.15357822106505853,0.15357822106555422,0.15223780421320013,0.1522378042121244,0.15223780421108685,0.1522378042121244,0.15223780421320013,0.1522378042121244,0.15223780421005048,0.1522378042073471,0.15223780421005048,0.1522378042121244,0.15223780421108685,0.1522378042073471,0.1522378042000798,0.1522378042073471,0.15223780421108685,0.1522378042121244,0.15223780421005048,0.1522378042073471,0.15223780421005048,0.1522378042121244,0.15223780421320013,0.1522378042121244,0.15223780421108685,0.1522378042121244,0.15223780421320013,0.15092409328960268,0.15092409328781722,0.1509240932857603,0.15092409328781722,0.15092409328960268,0.15092409328781722,0.15092409328364148,0.15092409327587722,0.15092409328364148,0.15092409328781722,0.1509240932857603,0.15092409327587722,0.1509240932360948,0.15092409327587722,0.1509240932857603,0.15092409328781722,0.15092409328364148,0.15092409327587722,0.15092409328364148,0.15092409328781722,0.15092409328960268,0.15092409328781722,0.1509240932857603,0.15092409328781722,0.15092409328960268,0.14963652343453088,0.14963652343293163,0.14963652343120776,0.14963652343293163,0.14963652343453088,0.14963652343293163,0.14963652342944622,0.14963652342374875,0.14963652342944622,0.14963652343293163,0.14963652343120776,0.14963652342374875,0.14963652339966213,0.14963652342374875,0.14963652343120776,0.14963652343293163,0.14963652342944622,0.14963652342374875,0.14963652342944622,0.14963652343293163,0.14963652343453088,0.14963652343293163,0.14963652343120776,0.14963652343293163,0.14963652343453088,0.14837453670402617,0.14837453670304004,0.1483745367020689,0.14837453670304004,0.14837453670402617,0.14837453670304004,0.1483745367010961,0.14837453669833783,0.1483745367010961,0.14837453670304004,0.1483745367020689,0.14837453669833783,0.14837453668839803,0.14837453669833783,0.1483745367020689,0.14837453670304004,0.1483745367010961,0.14837453669833783,0.1483745367010961,0.14837453670304004,0.14837453670402617,0.14837453670304004,0.1483745367020689,0.14837453670304004,0.14837453670402617,0.14713758257968065,0.14713758257927032,0.147137582578917,0.14713758257927032,0.14713758257968065,0.14713758257927032,0.147137582578578,0.1471375825777998,0.147137582578578,0.14713758257927032,0.147137582578917,0.1471375825777998,0.1471375825757574,0.1471375825777998,0.147137582578917,0.14713758257927032,0.147137582578578,0.1471375825777998,0.147137582578578,0.14713758257927032,0.14713758257968065,0.14713758257927032,0.147137582578917,0.14713758257927032,0.14713758257968065,0.14592511840741246,0.14592511840739392,0.14592511840743383,0.14592511840739392,0.14592511840741246,0.14592511840739392,0.14592511840749095,0.1459251184078859,0.14592511840749095,0.14592511840739392,0.14592511840743383,0.1459251184078859,0.1459251184104723,0.1459251184078859,0.14592511840743383,0.14592511840739392,0.14592511840749095,0.1459251184078859,0.14592511840749095,0.14592511840739392,0.14592511840741246,0.14592511840739392,0.14592511840743383,0.14592511840739392,0.14592511840741246,0.14473660977122074,0.14473660977139968,0.14473660977161523,0.14473660977139968,0.14473660977122074,0.14473660977139968,0.14473660977184216,0.14473660977265154,0.14473660977184216,0.14473660977139968,0.14473660977161523,0.14473660977265154,0.14473660977646038,0.14473660977265154,0.14473660977161523,0.14473660977139968,0.14473660977184216,0.14473660977265154,0.14473660977184216,0.14473660977139968,0.14473660977122074,0.14473660977139968,0.14473660977161523,0.14473660977139968,0.14473660977122074,0.14357153080798085,0.14357153080823495,0.1435715308084976,0.14357153080823495,0.14357153080798085,0.14357153080823495,0.14357153080876386,0.1435715308095753,0.14357153080876386,0.14357153080823495,0.1435715308084976,0.1435715308095753,0.14357153081278878,0.1435715308095753,0.1435715308084976,0.14357153080823495,0.14357153080876386,0.1435715308095753,0.14357153080876386,0.14357153080823495,0.14357153080798085,0.14357153080823495,0.1435715308084976,0.14357153080823495,0.14357153080798085,0.14242936446867663,0.14242936446897708,0.14242936446927199,0.14242936446897708,0.14242936446867663,0.14242936446897708,0.1424293644695647,0.14242936447042898,0.1424293644695647,0.14242936446897708,0.14242936446927199,0.14242936447042898,0.1424293644738298,0.14242936447042898,0.14242936446927199,0.14242936446897708,0.1424293644695647,0.14242936447042898,0.1424293644695647,0.14242936446897708,0.14242936446867663,0.14242936446897708,0.14242936446927199,0.14242936446897708,0.14242936446867663,0.1413096027310881,0.14130960273145438,0.14130960273179796,0.14130960273145438,0.1413096027310881,0.14130960273145438,0.14130960273213264,0.14130960273308685,0.14130960273213264,0.14130960273145438,0.14130960273179796,0.14130960273308685,0.14130960273680068,0.14130960273308685,0.14130960273179796,0.14130960273145438,0.14130960273213264,0.14130960273308685,0.14130960273213264,0.14130960273145438,0.1413096027310881,0.14130960273145438,0.14130960273179796,0.14130960273145438,0.1413096027310881,0.14021174676860274,0.14021174676911505,0.14021174676956413,0.14021174676911505,0.14021174676860274,0.14021174676911505,0.1402117467699929,0.14021174677109136,0.1402117467699929,0.14021174676911505,0.14021174676956413,0.14021174677109136,0.1402117467749832,0.14021174677109136,0.14021174676956413,0.14021174676911505,0.1402117467699929,0.14021174677109136,0.1402117467699929,0.14021174676911505,0.14021174676860274,0.14021174676911505,0.14021174676956413,0.14021174676911505,0.14021174676860274,0.13913530707921795,0.13913530708009594,0.13913530708084304,0.13913530708009594,0.13913530707921795,0.13913530708009594,0.13913530708156166,0.13913530708308647,0.13913530708156166,0.13913530708009594,0.13913530708084304,0.13913530708308647,0.1391353070860993,0.13913530708308647,0.13913530708084304,0.13913530708009594,0.13913530708156166,0.13913530708308647,0.13913530708156166,0.13913530708009594,0.13913530707921795,0.13913530708009594,0.13913530708084304,0.13913530708009594,0.13913530707921795,0.13807980357845936,0.13807980358014235,0.13807980358179694,0.13807980358014235,0.13807980357845936,0.13807980358014235,0.138079803583461,0.1380798035878941,0.138079803583461,0.13807980358014235,0.13807980358179694,0.1380798035878941,0.1380798036001039,0.1380798035878941,0.13807980358179694,0.13807980358014235,0.138079803583461,0.1380798035878941,0.138079803583461,0.13807980358014235,0.13807980357845936,0.13807980358014235,0.13807980358179694,0.13807980358014235,0.13807980357845936,0.13704476565976423,0.13704476566234144,0.1370447656654341,0.13704476566234144,0.13704476565976423,0.13704476566234144,0.13704476566863316,0.13704476568115503,0.13704476566863316,0.13704476566234144,0.1370447656654341,0.13704476568115503,0.13704476575026225,0.13704476568115503,0.1370447656654341,0.13704476566234144,0.13704476566863316,0.13704476568115503,0.13704476566863316,0.13704476566234144,0.13704476565976423,0.13704476566234144,0.1370447656654341,0.13704476566234144,0.13704476565976423,0.13602973222694928,0.1360297322287284,0.13602973223046252,0.1360297322287284,0.13602973222694928,0.1360297322287284,0.13602973223219886,0.13602973223681966,0.13602973223219886,0.1360297322287284,0.13602973223046252,0.13602973223681966,0.1360297322496036,0.13602973223681966,0.13602973223046252,0.1360297322287284,0.13602973223219886,0.13602973223681966,0.13602973223219886,0.1360297322287284,0.13602973222694928,0.1360297322287284,0.13602973223046252,0.1360297322287284,0.13602973222694928,0.1350342517035606,0.13503425170467057,0.135034251705585,0.13503425170467057,0.1350342517035606,0.13503425170467057,0.13503425170645147,0.13503425170821245,0.13503425170645147,0.13503425170467057,0.135034251705585,0.13503425170821245,0.1350342517114078,0.13503425170821245,0.135034251705585,0.13503425170467057,0.13503425170645147,0.13503425170821245,0.13503425170645147,0.13503425170467057,0.1350342517035606,0.13503425170467057,0.135034251705585,0.13503425170467057,0.1350342517035606
0.16533248796450115,0.16533248796450115,0.1653324879645009,0.16533248796450115,0.16533248796450115,0.16533248796450115,0.1653324879645009,0.1653324879645009,0.1653324879645009,0.16533248796450115,0.1653324879645009,0.1653324879645009,0.1653324879645007,0.1653324879645009,0.1653324879645009,0.16533248796450115,0.1653324879645009,0.1653324879645009,0.1653324879645009,0.16533248796450115,0.16533248796450115,0.16533248796450115,0.1653324879645009,0.16533248796450115,0.16533248796450115,0.16375749424213948,0.163757494242139,0.163757494242139,0.16375749424213926,0.16375749424213948,0.163757494242139,0.16375749424213876,0.16375749424213853,0.16375749424213876,0.163757494242139,0.163757494242139,0.16375749424213853,0.1637574942421383,0.16375749424213853,0.163757494242139,0.16375749424213926,0.16375749424213876,0.16375749424213853,0.16375749424213876,0.16375749424213926,0.16375749424213948,0.163757494242139,0.163757494242139,0.16375749424213926,0.16375749424213948,0.16221388445174129,0.16221388445174037,0.1622138844517397,0.16221388445174037,0.16221388445174129,0.16221388445174037,0.16221388445173926,0.16221388445173854,0.16221388445173926,0.16221388445174037,0.1622138844517397,0.16221388445173854,0.1622138844517379,0.16221388445173854,0.1622138844517397,0.16221388445174037,0.16221388445173926,0.16221388445173854,0.16221388445173926,0.16221388445174037,0.16221388445174129,0.16221388445174037,0.1622138844517397,0.16221388445174037,0.16221388445174129,0.16070106755034835,0.16070106755034547,0.1607010675503437,0.16070106755034547,0.16070106755034835,0.16070106755034547,0.16070106755034233,0.16070106755034014,0.16070106755034233,0.16070106755034547,0.1607010675503437,0.16070106755034014,0.1607010675503379,0.16070106755034014,0.1607010675503437,0.16070106755034547,0.16070106755034233,0.16070106755034014,0.16070106755034233,0.16070106755034547,0.16070106755034835,0.16070106755034547,0.1607010675503437,0.16070106755034547,0.16070106755034835,0.15921845191294282,0.1592184519129341,0.15921845191292847,0.1592184519129341,0.15921845191294282,0.1592184519129341,0.1592184519129241,0.15921845191291734,0.1592184519129241,0.1592184519129341,0.15921845191292847,0.15921845191291734,0.1592184519129097,0.15921845191291734,0.15921845191292847,0.1592184519129341,0.1592184519129241,0.15921845191291734,0.1592184519129241,0.1592184519129341,0.15921845191294282,0.1592184519129341,0.15921845191292847,0.1592184519129341,0.15921845191294282,0.15776544668430328,0.1577654466842777,0.15776544668426043,0.1577654466842777,0.15776544668430328,0.1577654466842777,0.15776544668424655,0.1577654466842248,0.15776544668424655,0.1577654466842777,0.15776544668426043,0.1577654466842248,0.15776544668419962,0.1577654466842248,0.15776544668426043,0.1577654466842777,0.15776544668424655,0.1577654466842248,0.15776544668424655,0.1577654466842777,0.15776544668430328,0.1577654466842777,0.15776544668426043,0.1577654466842777,0.15776544668430328,0.1563414629933438,0.15634146299327084,0.15634146299321983,0.15634146299327084,0.1563414629933438,0.15634146299327084,0.1563414629931761,0.15634146299310522,0.1563414629931761,0.15634146299327084,0.15634146299321983,0.15634146299310522,0.15634146299301488,0.15634146299310522,0.15634146299321983,0.15634146299327084,0.1563414629931761,0.15634146299310522,0.1563414629931761,0.15634146299327084,0.1563414629933438,0.15634146299327084,0.15634146299321983,0.15634146299327084,0.1563414629933438,0.15494591504021313,0.15494591504001598,0.15494591503986826,0.15494591504001598,0.15494591504021313,0.15494591504001598,0.15494591503973484,0.15494591503949814,0.15494591503973484,0.15494591504001598,0.15494591503986826,0.15494591503949814,0.15494591503914995,0.15494591503949814,0.15494591503986826,0.15494591504001598,0.15494591503973484,0.15494591503949814,0.15494591503973484,0.15494591504001598,0.15494591504021313,0.15494591504001598,0.15494591503986826,0.15494591504001598,0.15494591504021313,0.15357822106589847,0.15357822106540697,0.15357822106499786,0.15357822106540697,0.15357822106589847,0.15357822106540697,0.15357822106460844,0.15357822106380406,0.15357822106460844,0.15357822106540697,0.15357822106499786,0.15357822106380406,0.15357822106231464,0.15357822106380406,0.15357822106499786,0.15357822106540697,0.15357822106460844,0.15357822106380406,0.15357822106460844,0.15357822106540697,0.15357822106589847,0.15357822106540697,0.15357822106499786,0.15357822106540697,0.15357822106589847,0.15223780421352176,0.15223780421245528,0.1522378042114268,0.15223780421245528,0.15223780421352176,0.15223780421245528,0.1522378042103995,0.15223780420772012,0.1522378042103995,0.15223780421245528,0.1522378042114268,0.15223780420772012,0.15223780420051777,0.15223780420772012,0.1522378042114268,0.15223780421245528,0.1522378042103995,0.15223780420772012,0.1522378042103995,0.15223780421245528,0.15223780421352176,0.15223780421245528,0.1522378042114268,0.15223780421245528,0.15223780421352176,0.15092409328988224,0.15092409328811182,0.15092409328607265,0.15092409328811182,0.15092409328988224,0.15092409328811182,0.15092409328397213,0.15092409327627654,0.15092409328397213,0.15092409328811182,0.15092409328607265,0.15092409327627654,0.15092409323686531,0.15092409327627654,0.15092409328607265,0.15092409328811182,0.15092409328397213,0.15092409327627654,0.15092409328397213,0.15092409328811182,0.15092409328988224,0.15092409328811182,0.15092409328607265,0.15092409328811182,0.15092409328988224,0.149636523434737,0.14963652343314945,0.1496365234314388,0.14963652343314945,0.149636523434737,0.14963652343314945,0.14963652342969092,0.14963652342403977,0.14963652342969092,0.14963652343314945,0.1496365234314388,0.14963652342403977,0.14963652340016076,0.14963652342403977,0.1496365234314388,0.14963652343314945,0.14963652342969092,0.14963652342403977,0.14963652342969092,0.14963652343314945,0.149636523434737,0.14963652343314945,0.1496365234314388,0.14963652343314945,0.149636523434737,0.14837453670413348,0.14837453670315084,0.1483745367021827,0.14837453670315084,0.14837453670413348,0.14837453670315084,0.14837453670121306,0.1483745366984596,0.14837453670121306,0.14837453670315084,0.1483745367021827,0.1483745366984596,0.1483745366885159,0.1483745366984596,0.1483745367021827,0.14837453670315084,0.14837453670121306,0.1483745366984596,0.14837453670121306,0.14837453670315084,0.14837453670413348,0.14837453670315084,0.1483745367021827,0.14837453670315084,0.14837453670413348,0.1471375825796805,0.1471375825792672,0.14713758257891008,0.1471375825792672,0.1471375825796805,0.1471375825792672,0.1471375825785673,0.14713758257777362,0.1471375825785673,0.1471375825792672,0.14713758257891008,0.14713758257777362,0.14713758257563972,0.14713758257777362,0.14713758257891008,0.1471375825792672,0.1471375825785673,0.14713758257777362,0.1471375825785673,0.1471375825792672,0.1471375825796805,0.1471375825792672,0.14713758257891008,0.1471375825792672,0.1471375825796805,0.14592511840730918,0.14592511840728423,0.145925118407317,0.14592511840728423,0.14592511840730918,0.14592511840728423,0.1459251184073667,0.14592511840773617,0.1459251184073667,0.14592511840728423,0.145925118407317,0.14592511840773617,0.1459251184102052,0.14592511840773617,0.145925118407317,0.14592511840728423,0.1459251184073667,0.14592511840773617,0.1459251184073667,0.14592511840728423,0.14592511840730918,0.14592511840728423,0.145925118407317,0.14592511840728423,0.14592511840730918,0.14473660977102612,0.14473660977119787,0.1447366097714056,0.14473660977119787,0.14473660977102612,0.14473660977119787,0.14473660977162464,0.14473660977240874,0.14473660977162464,0.14473660977119787,0.1447366097714056,0.14473660977240874,0.14473660977607586,0.14473660977240874,0.1447366097714056,0.14473660977119787,0.14473660977162464,0.14473660977240874,0.14473660977162464,0.14473660977119787,0.14473660977102612,0.14473660977119787,0.1447366097714056,0.14473660977119787,0.14473660977102612,0.14357153080770846,0.14357153080795623,0.14357153080821253,0.14357153080795623,0.14357153080770846,0.14357153080795623,0.14357153080847246,0.14357153080926574,0.14357153080847246,0.14357153080795623,0.14357153080821253,0.14357153080926574,0.1435715308124286,0.14357153080926557,0.14357153080821253,0.14357153080795623,0.14357153080847246,0.14357153080926557,0.14357153080847246,0.14357153080795623,0.14357153080770846,0.14357153080795623,0.14357153080821253,0.14357153080795623,0.14357153080770846,0.14242936446833845,0.1424293644686332,0.1424293644689227,0.1424293644686332,0.14242936446833845,0.1424293644686332,0.1424293644692101,0.14242936447005858,0.1424293644692101,0.1424293644686332,0.1424293644689227,0.14242936447005858,0.14242936447339985,0.14242936447005858,0.1424293644689227,0.1424293644686332,0.1424293644692101,0.14242936447005858,0.1424293644692101,0.1424293644686332,0.14242936446833845,0.1424293644686332,0.1424293644689227,0.1424293644686332,0.14242936446833845,0.1413096027306942,0.14130960273105556,0.14130960273139417,0.14130960273105556,0.1413096027306942,0.14130960273105556,0.14130960273172408,0.14130960273266352,0.14130960273172408,0.14130960273105556,0.14130960273139417,0.14130960273266352,0.14130960273631502,0.14130960273266352,0.14130960273139417,0.14130960273105556,0.14130960273172408,0.14130960273266352,0.14130960273172408,0.14130960273105556,0.1413096027306942,0.14130960273105556,0.14130960273139417,0.14130960273105556,0.1413096027306942,0.14021174676816253,0.14021174676867063,0.14021174676911535,0.14021174676867063,0.14021174676816253,0.14021174676867063,0.14021174676953993,0.14021174677062564,0.14021174676953993,0.14021174676867063,0.14021174676911535,0.14021174677062564,0.14021174677445639,0.14021174677062564,0.14021174676911535,0.14021174676867063,0.14021174676953993,0.14021174677062564,0.14021174676953993,0.14021174676867063,0.14021174676816253,0.14021174676867063,0.14021174676911535,0.14021174676867063,0.14021174676816253,0.1391353070787395,0.13913530707961355,0.1391353070803573,0.13913530707961355,0.1391353070787395,0.13913530707961355,0.1391353070810726,0.13913530708258984,0.1391353070810726,0.13913530707961355,0.1391353070803573,0.13913530708258984,0.13913530708558638,0.13913530708258984,0.1391353070803573,0.13913530707961355,0.1391353070810726,0.13913530708258984,0.1391353070810726,0.13913530707961355,0.1391353070787395,0.13913530707961355,0.1391353070803573,0.13913530707961355,0.1391353070787395,0.13807980357795005,0.1380798035796279,0.1380798035812774,0.1380798035796279,0.13807980357795005,0.1380798035796279,0.1380798035829365,0.13807980358735641,0.1380798035829365,0.1380798035796279,0.1380798035812774,0.13807980358735641,0.1380798035995315,0.13807980358735641,0.1380798035812774,0.1380798035796279,0.1380798035829365,0.13807980358735641,0.1380798035829365,0.1380798035796279,0.13807980357795005,0.1380798035796279,0.1380798035812774,0.1380798035796279,0.13807980357795005,0.13704476565923437,0.13704476566180443,0.13704476566488857,0.13704476566180443,0.13704476565923437,0.13704476566180443,0.1370447656680787,0.13704476568056617,0.1370447656680787,0.13704476566180443,0.13704476566488857,0.13704476568056617,0.13704476574947694,0.13704476568056617,0.13704476566488857,0.13704476566180443,0.1370447656680787,0.13704476568056617,0.1370447656680787,0.13704476566180443,0.13704476565923437,0.13704476566180443,0.13704476566488857,0.13704476566180443,0.13704476565923437,0.13602973222641354,0.1360297322281878,0.1360297322299171,0.1360297322281878,0.13602973222641354,0.1360297322281878,0.1360297322316487,0.1360297322362568,0.1360297322316487,0.1360297322281878,0.1360297322299171,0.1360297322362568,0.13602973224900583,0.1360297322362568,0.1360297322299171,0.1360297322281878,0.1360297322316487,0.1360297322362568,0.1360297322316487,0.1360297322281878,0.13602973222641354,0.1360297322281878,0.1360297322299171,0.1360297322281878,0.13602973222641354,0.13503425170302888,0.1350342517041359,0.1350342517050477,0.1350342517041359,0.13503425170302888,0.1350342517041359,0.13503425170591168,0.135034251707668,0.13503425170591182,0.1350342517041359,0.1350342517050477,0.135034251707668,0.1350342517108546,0.135034251707668,0.1350342517050477,0.1350342517041359,0.13503425170591182,0.135034251707668,0.13503425170591182,0.1350342517041359,0.13503425170302888,0.1350342517041359,0.1350342517050477,0.1350342517041359,0.13503425170302888
0.1653324879649073,0.16533248796490704,0.16533248796490704,0.16533248796490704,0.1653324879649073,0.16533248796490704,0.16533248796490704,0.16533248796490704,0.16533248796490704,0.16533248796490704,0.16533248796490704,0.16533248796490704,0.16533248796490682,0.16533248796490704,0.16533248796490704,0.16533248796490704,0.16533248796490704,0.16533248796490704,0.16533248796490704,0.16533248796490704,0.1653324879649073,0.16533248796490704,0.16533248796490704,0.16533248796490704,0.1653324879649073,0.1637574942425373,0.16375749424253705,0.16375749424253683,0.16375749424253705,0.1637574942425373,0.16375749424253705,0.16375749424253658,0.16375749424253636,0.16375749424253658,0.16375749424253705,0.16375749424253683,0.16375749424253636,0.16375749424253613,0.16375749424253636,0.16375749424253683,0.16375749424253705,0.16375749424253658,0.16375749424253636,0.16375749424253658,0.16375749424253705,0.1637574942425373,0.16375749424253705,0.16375749424253683,0.16375749424253705,0.1637574942425373,0.16221388445213095,0.16221388445213003,0.16221388445212936,0.16221388445213003,0.16221388445213095,0.16221388445213003,0.16221388445212892,0.16221388445212845,0.16221388445212892,0.16221388445213003,0.16221388445212936,0.16221388445212845,0.16221388445212778,0.16221388445212845,0.16221388445212936,0.16221388445213003,0.16221388445212892,0.16221388445212845,0.16221388445212892,0.16221388445213003,0.16221388445213095,0.16221388445213003,0.16221388445212936,0.16221388445213003,0.16221388445213095,0.16070106755073002,0.1607010675507271,0.16070106755072533,0.1607010675507271,0.16070106755073002,0.1607010675507271,0.160701067550724,0.16070106755072178,0.160701067550724,0.1607010675507271,0.16070106755072533,0.16070106755072178,0.16070106755071978,0.160701067550722,0.16070106755072533,0.1607010675507271,0.160701067550724,0.160701067550722,0.160701067550724,0.1607010675507271,0.16070106755073002,0.1607010675507271,0.16070106755072533,0.1607010675507271,0.16070106755073002,0.1592184519133164,0.15921845191330772,0.15921845191330203,0.15921845191330772,0.1592184519133164,0.15921845191330772,0.15921845191329792,0.15921845191329115,0.15921845191329792,0.15921845191330772,0.15921845191330203,0.15921845191329115,0.15921845191328377,0.15921845191329115,0.15921845191330203,0.15921845191330772,0.15921845191329792,0.15921845191329115,0.15921845191329792,0.15921845191330772,0.1592184519133164,0.15921845191330772,0.15921845191330203,0.15921845191330772,0.1592184519133164,0.15776544668466883,0.1577654466846434,0.15776544668462636,0.1577654466846434,0.15776544668466883,0.1577654466846434,0.15776544668461248,0.15776544668459114,0.15776544668461248,0.1577654466846434,0.15776544668462636,0.15776544668459114,0.15776544668456594,0.15776544668459114,0.15776544668462636,0.1577654466846434,0.15776544668461248,0.15776544668459114,0.15776544668461248,0.1577654466846434,0.15776544668466883,0.1577654466846434,0.15776544668462636,0.1577654466846434,0.15776544668466883,0.15634146299370075,0.15634146299362842,0.1563414629935778,0.15634146299362842,0.15634146299370075,0.15634146299362842,0.15634146299353452,0.15634146299346427,0.15634146299353452,0.15634146299362842,0.1563414629935778,0.15634146299346427,0.15634146299337476,0.15634146299346427,0.1563414629935778,0.15634146299362842,0.15634146299353452,0.15634146299346427,0.15634146299353452,0.15634146299362842,0.15634146299370075,0.15634146299362842,0.1563414629935778,0.15634146299362842,0.15634146299370075,0.1549459150405603,0.15494591504036498,0.15494591504021848,0.15494591504036498,0.1549459150405603,0.15494591504036498,0.15494591504008606,0.15494591503985142,0.15494591504008606,0.15494591504036498,0.15494591504021848,0.15494591503985142,0.15494591503950633,0.15494591503985142,0.15494591504021848,0.15494591504036498,0.15494591504008606,0.15494591503985142,0.15494591504008606,0.15494591504036498,0.1549459150405603,0.15494591504036498,0.15494591504021848,0.15494591504036498,0.1549459150405603,0.15357822106623248,0.1535782210657452,0.15357822106533953,0.1535782210657452,0.15357822106623248,0.1535782210657452,0.1535782210649535,0.15357822106415617,0.1535782210649535,0.1535782210657452,0.15357822106533953,0.15357822106415617,0.15357822106267954,0.15357822106415617,0.15357822106533953,0.1535782210657452,0.1535782210649535,0.15357822106415617,0.1535782210649535,0.1535782210657452,0.15357822106623248,0.1535782210657452,0.15357822106533953,0.1535782210657452,0.15357822106623248,0.15223780421383395,0.15223780421277652,0.1522378042117567,0.15223780421277652,0.15223780421383395,0.15223780421277652,0.15223780421073824,0.1522378042080819,0.15223780421073824,0.15223780421277652,0.1522378042117567,0.1522378042080819,0.15223780420094252,0.1522378042080819,0.1522378042117567,0.15223780421277652,0.15223780421073824,0.1522378042080819,0.15223780421073824,0.15223780421277652,0.15223780421383395,0.15223780421277652,0.1522378042117567,0.15223780421277652,0.15223780421383395,0.15092409329015366,0.1509240932883979,0.1509240932863759,0.1509240932883979,0.15092409329015366,0.1509240932883979,0.15092409328429296,0.15092409327666392,0.15092409328429296,0.1509240932883979,0.1509240932863759,0.15092409327666392,0.15092409323759148,0.15092409327666392,0.1509240932863759,0.1509240932883979,0.15092409328429296,0.15092409327666392,0.15092409328429296,0.1509240932883979,0.15092409329015366,0.1509240932883979,0.1509240932863759,0.1509240932883979,0.15092409329015366,0.1496365234349374,0.1496365234333612,0.14963652343166342,0.1496365234333612,0.1496365234349374,0.1496365234333612,0.14963652342992878,0.14963652342432263,0.14963652342992878,0.1496365234333612,0.14963652343166342,0.14963652342432263,0.14963652340063968,0.14963652342432263,0.14963652343166342,0.1496365234333612,0.14963652342992878,0.14963652342432263,0.14963652342992878,0.1496365234333612,0.1496365234349374,0.1496365234333612,0.14963652343166342,0.1496365234333612,0.1496365234349374,0.1483745367042384,0.14837453670325929,0.14837453670229409,0.14837453670325929,0.1483745367042384,0.14837453670325929,0.1483745367013272,0.14837453669857895,0.1483745367013272,0.14837453670325929,0.14837453670229409,0.14837453669857895,0.1483745366886473,0.14837453669857895,0.14837453670229409,0.14837453670325929,0.1483745367013272,0.14837453669857895,0.1483745367013272,0.14837453670325929,0.1483745367042384,0.14837453670325929,0.14837453670229409,0.14837453670325929,0.1483745367042384,0.14713758257968104,0.147137582579265,0.14713758257890444,0.147137582579265,0.14713758257968104,0.147137582579265,0.14713758257855786,0.14713758257774945,0.14713758257855786,0.147137582579265,0.14713758257890444,0.14713758257774945,0.14713758257556775,0.14713758257774945,0.14713758257890444,0.147137582579265,0.14713758257855786,0.14713758257774945,0.14713758257855786,0.147137582579265,0.14713758257968104,0.147137582579265,0.14713758257890444,0.147137582579265,0.14713758257968104,0.14592511840720962,0.14592511840717845,0.14592511840720446,0.14592511840717845,0.14592511840720962,0.14592511840717845,0.14592511840724684,0.14592511840759212,0.14592511840724684,0.14592511840717845,0.14592511840720446,0.14592511840759212,0.14592511840994452,0.14592511840759212,0.14592511840720446,0.14592511840717845,0.14592511840724684,0.14592511840759212,0.14592511840724684,0.14592511840717845,0.14592511840720962,0.14592511840717845,0.14592511840720446,0.14592511840717845,0.14592511840720962,0.14473660977083777,0.14473660977100256,0.14473660977120292,0.14473660977100256,0.14473660977083777,0.14473660977100256,0.14473660977141434,0.14473660977217379,0.14473660977141434,0.14473660977100256,0.14473660977120292,0.14473660977217379,0.14473660977576358,0.14473660977217379,0.14473660977120292,0.14473660977100256,0.14473660977141434,0.14473660977217379,0.14473660977141434,0.14473660977100256,0.14473660977083777,0.14473660977100256,0.14473660977120292,0.14473660977100256,0.14473660977083777,0.14357153080744442,0.1435715308076862,0.14357153080793636,0.1435715308076862,0.14357153080744442,0.1435715308076862,0.14357153080819013,0.14357153080896562,0.14357153080819013,0.1435715308076862,0.14357153080793636,0.14357153080896562,0.14357153081204516,0.14357153080896562,0.14357153080793636,0.1435715308076862,0.14357153080819013,0.14357153080896562,0.14357153080819013,0.1435715308076862,0.14357153080744442,0.1435715308076862,0.14357153080793636,0.1435715308076862,0.14357153080744442,0.14242936446801013,0.14242936446829968,0.14242936446858404,0.14242936446829968,0.14242936446801013,0.14242936446829968,0.1424293644688662,0.14242936446969925,0.1424293644688662,0.14242936446829968,0.14242936446858404,0.14242936446969925,0.1424293644730065,0.14242936446969925,0.14242936446858404,0.14242936446829968,0.1424293644688662,0.14242936446969925,0.1424293644688662,0.14242936446829968,0.14242936446801013,0.14242936446829968,0.14242936446858404,0.14242936446829968,0.14242936446801013,0.14130960273031185,0.1413096027306684,0.14130960273100243,0.1413096027306684,0.14130960273031185,0.1413096027306684,0.14130960273132742,0.14130960273225254,0.14130960273132742,0.1413096027306684,0.14130960273100243,0.14130960273225254,0.14130960273581403,0.14130960273225254,0.14130960273100243,0.1413096027306684,0.14130960273132742,0.14130960273225254,0.14130960273132742,0.1413096027306684,0.14130960273031185,0.1413096027306684,0.14130960273100243,0.1413096027306684,0.14130960273031185,0.14021174676773504,0.1402117467682388,0.1402117467686795,0.1402117467682388,0.14021174676773504,0.1402117467682388,0.14021174676910003,0.14021174677017317,0.14021174676910003,0.1402117467682388,0.1402117467686795,0.14021174677017317,0.1402117467739649,0.14021174677017317,0.1402117467686795,0.1402117467682388,0.14021174676910003,0.14021174677017317,0.14021174676910003,0.1402117467682388,0.14021174676773504,0.1402117467682388,0.1402117467686795,0.1402117467682388,0.14021174676773504,0.13913530707827465,0.1391353070791449,0.13913530707988533,0.1391353070791449,0.13913530707827465,0.1391353070791449,0.13913530708059732,0.13913530708210745,0.13913530708059732,0.1391353070791449,0.13913530707988533,0.13913530708210745,0.13913530708508817,0.13913530708210745,0.13913530707988533,0.1391353070791449,0.13913530708059732,0.13913530708210745,0.13913530708059732,0.1391353070791449,0.13913530707827465,0.1391353070791449,0.13913530707988533,0.1391353070791449,0.13913530707827465,0.1380798035774553,0.1380798035791279,0.13807980358077257,0.1380798035791279,0.1380798035774553,0.1380798035791279,0.13807980358242672,0.13807980358683408,0.13807980358242672,0.1380798035791279,0.13807980358077257,0.13807980358683408,0.1380798035989752,0.13807980358683408,0.13807980358077257,0.1380798035791279,0.13807980358242672,0.13807980358683408,0.13807980358242672,0.1380798035791279,0.1380798035774553,0.1380798035791279,0.13807980358077257,0.1380798035791279,0.1380798035774553,0.13704476565871956,0.13704476566128265,0.13704476566435825,0.13704476566128265,0.13704476565871956,0.13704476566128265,0.13704476566753987,0.1370447656799939,0.13704476566753987,0.13704476566128265,0.13704476566435825,0.1370447656799939,0.13704476574873986,0.1370447656799939,0.13704476566435825,0.13704476566128265,0.13704476566753987,0.1370447656799939,0.1370447656675397,0.13704476566128265,0.13704476565871956,0.13704476566128265,0.13704476566435825,0.13704476566128265,0.13704476565871956,0.13602973222589285,0.1360297322276623,0.13602973222938702,0.1360297322276623,0.13602973222589285,0.1360297322276623,0.13602973223111398,0.13602973223570972,0.13602973223111398,0.1360297322276623,0.13602973222938702,0.13602973223570972,0.1360297322484249,0.13602973223570972,0.13602973222938702,0.1360297322276623,0.13602973223111398,0.13602973223570972,0.13602973223111398,0.1360297322276623,0.13602973222589285,0.1360297322276623,0.13602973222938702,0.1360297322276623,0.13602973222589285,0.13503425170251207,0.13503425170361616,0.1350342517045255,0.13503425170361616,0.13503425170251207,0.13503425170361616,0.1350342517053873,0.13503425170713879,0.1350342517053873,0.13503425170361616,0.1350342517045255,0.13503425170713879,0.13503425171031683,0.13503425170713879,0.1350342517045255,0.13503425170361616,0.1350342517053873,0.13503425170713879,0.1350342517053873,0.13503425170361616,0.13503425170251207,0.13503425170361616,0.1350342517045255,0.13503425170361616,0.13503425170251207
0.16533248796530162,0.1653324879653014,0.1653324879653014,0.1653324879653014,0.16533248796530162,0.1653324879653014,0.1653324879653014,0.16533248796530117,0.1653324879653014,0.1653324879653014,0.1653324879653014,0.16533248796530117,0.16533248796530117,0.16533248796530117,0.1653324879653014,0.1653324879653014,0.1653324879653014,0.16533248796530117,0.1653324879653014,0.1653324879653014,0.16533248796530162,0.1653324879653014,0.1653324879653014,0.1653324879653014,0.16533248796530162,0.16375749424292377,0.1637574942429233,0.16375749424292307,0.1637574942429233,0.16375749424292377,0.1637574942429233,0.16375749424292307,0.16375749424292285,0.16375749424292307,0.1637574942429233,0.16375749424292307,0.16375749424292285,0.16375749424292263,0.16375749424292285,0.16375749424292307,0.1637574942429233,0.16375749424292307,0.16375749424292285,0.16375749424292307,0.1637574942429233,0.16375749424292377,0.1637574942429233,0.16375749424292307,0.1637574942429233,0.16375749424292377,0.16221388445250948,0.16221388445250862,0.1622138844525079,0.16221388445250862,0.16221388445250948,0.16221388445250862,0.16221388445250745,0.16221388445250678,0.16221388445250745,0.16221388445250862,0.1622138844525079,0.16221388445250678,0.16221388445250612,0.16221388445250678,0.1622138844525079,0.16221388445250862,0.16221388445250745,0.16221388445250678,0.16221388445250745,0.16221388445250862,0.16221388445250948,0.16221388445250862,0.1622138844525079,0.16221388445250862,0.16221388445250948,0.16070106755110078,0.1607010675510979,0.16070106755109587,0.1607010675510979,0.16070106755110078,0.1607010675510979,0.16070106755109453,0.16070106755109256,0.16070106755109453,0.1607010675510979,0.16070106755109587,0.16070106755109256,0.16070106755109034,0.16070106755109256,0.16070106755109587,0.1607010675510979,0.16070106755109453,0.16070106755109256,0.16070106755109453,0.1607010675510979,0.16070106755110078,0.1607010675510979,0.16070106755109587,0.1607010675510979,0.16070106755110078,0.15921845191367937,0.15921845191367062,0.159218451913665,0.15921845191367062,0.15921845191367937,0.15921845191367062,0.15921845191366085,0.15921845191365408,0.15921845191366085,0.15921845191367062,0.159218451913665,0.15921845191365408,0.1592184519136467,0.15921845191365408,0.159218451913665,0.15921845191367062,0.15921845191366085,0.15921845191365408,0.15921845191366085,0.15921845191367062,0.15921845191367937,0.15921845191367062,0.159218451913665,0.15921845191367062,0.15921845191367937,0.15776544668502385,0.15776544668499845,0.1577654466849816,0.15776544668499845,0.15776544668502385,0.15776544668499845,0.15776544668496795,0.15776544668494663,0.15776544668496795,0.15776544668499845,0.1577654466849816,0.15776544668494663,0.15776544668492165,0.15776544668494663,0.1577654466849816,0.15776544668499845,0.15776544668496795,0.15776544668494663,0.15776544668496795,0.15776544668499845,0.15776544668502385,0.15776544668499845,0.1577654466849816,0.15776544668499845,0.15776544668502385,0.15634146299404744,0.15634146299397575,0.15634146299392554,0.15634146299397575,0.15634146299404744,0.15634146299397575,0.15634146299388266,0.15634146299381307,0.15634146299388266,0.15634146299397575,0.15634146299392554,0.15634146299381307,0.15634146299372417,0.15634146299381307,0.15634146299392554,0.15634146299397575,0.15634146299388266,0.15634146299381307,0.15634146299388266,0.15634146299397575,0.15634146299404744,0.15634146299397575,0.15634146299392554,0.15634146299397575,0.15634146299404744,0.1549459150408976,0.15494591504070396,0.15494591504055866,0.15494591504070396,0.1549459150408976,0.15494591504070396,0.1549459150404275,0.15494591504019467,0.1549459150404275,0.15494591504070396,0.15494591504055866,0.15494591504019467,0.15494591503985247,0.15494591504019467,0.15494591504055866,0.15494591504070396,0.1549459150404275,0.15494591504019467,0.1549459150404275,0.15494591504070396,0.1549459150408976,0.15494591504070396,0.15494591504055866,0.15494591504070396,0.1549459150408976,0.15357822106655702,0.1535782210660738,0.1535782210656715,0.1535782210660738,0.15357822106655702,0.1535782210660738,0.1535782210652887,0.15357822106449798,0.1535782210652887,0.1535782210660738,0.1535782210656715,0.15357822106449798,0.15357822106303404,0.15357822106449798,0.1535782210656715,0.1535782210660738,0.1535782210652887,0.15357822106449798,0.1535782210652887,0.1535782210660738,0.15357822106655702,0.1535782210660738,0.1535782210656715,0.1535782210660738,0.15357822106655702,0.15223780421413727,0.15223780421308852,0.15223780421207714,0.15223780421308852,0.15223780421413727,0.15223780421308852,0.15223780421106717,0.15223780420843347,0.15223780421106717,0.15223780421308852,0.15223780421207714,0.15223780420843347,0.15223780420135472,0.15223780420843347,0.15223780421207714,0.15223780421308852,0.15223780421106717,0.15223780420843347,0.15223780421106717,0.15223780421308852,0.15223780421413727,0.15223780421308852,0.15223780421207714,0.15223780421308852,0.15223780421413727,0.15092409329041778,0.1509240932886759,0.1509240932866705,0.1509240932886759,0.15092409329041778,0.1509240932886759,0.1509240932846049,0.15092409327703993,0.1509240932846049,0.1509240932886759,0.1509240932866705,0.15092409327703993,0.15092409323829853,0.15092409327703993,0.1509240932866705,0.1509240932886759,0.1509240932846049,0.15092409327703993,0.1509240932846049,0.1509240932886759,0.15092409329041778,0.1509240932886759,0.1509240932866705,0.1509240932886759,0.15092409329041778,0.14963652343513253,0.1496365234335675,0.1496365234318822,0.1496365234335675,0.14963652343513253,0.1496365234335675,0.1496365234301602,0.14963652342459777,0.1496365234301602,0.1496365234335675,0.1496365234318822,0.14963652342459777,0.14963652340109254,0.14963652342459777,0.1496365234318822,0.1496365234335675,0.1496365234301602,0.14963652342459777,0.1496365234301602,0.1496365234335675,0.14963652343513253,0.1496365234335675,0.1496365234318822,0.1496365234335675,0.14963652343513253,0.14837453670434086,0.1483745367033651,0.14837453670240305,0.1483745367033651,0.14837453670434086,0.1483745367033651,0.14837453670143896,0.1483745366986961,0.14837453670143896,0.1483745367033651,0.14837453670240305,0.1483745366986961,0.14837453668878833,0.1483745366986961,0.14837453670240305,0.1483745367033651,0.14837453670143896,0.1483745366986961,0.14837453670143896,0.1483745367033651,0.14837453670434086,0.1483745367033651,0.14837453670240305,0.1483745367033651,0.14837453670434086,0.1471375825796823,0.14713758257926393,0.1471375825788999,0.14713758257926393,0.1471375825796823,0.14713758257926393,0.14713758257854967,0.1471375825777273,0.14713758257854967,0.14713758257926393,0.1471375825788999,0.1471375825777273,0.14713758257548346,0.1471375825777273,0.1471375825788999,0.14713758257926393,0.14713758257854967,0.1471375825777273,0.14713758257854967,0.14713758257926393,0.1471375825796823,0.14713758257926393,0.1471375825788999,0.14713758257926393,0.1471375825796823,0.14592511840711384,0.1459251184070768,0.14592511840709604,0.1459251184070768,0.14592511840711384,0.1459251184070768,0.14592511840713163,0.14592511840745342,0.14592511840713163,0.1459251184070768,0.14592511840709604,0.14592511840745342,0.14592511840972355,0.14592511840745342,0.14592511840709604,0.1459251184070768,0.14592511840713163,0.14592511840745342,0.14592511840713163,0.1459251184070768,0.14592511840711384,0.1459251184070768,0.14592511840709604,0.1459251184070768,0.14592511840711384,0.14473660977065556,0.14473660977081368,0.14473660977100675,0.14473660977081368,0.14473660977065556,0.14473660977081368,0.14473660977121097,0.14473660977194652,0.14473660977121097,0.14473660977081368,0.14473660977100675,0.14473660977194652,0.1447366097754143,0.14473660977194652,0.14473660977100675,0.14473660977081368,0.14473660977121097,0.14473660977194652,0.14473660977121097,0.14473660977081368,0.14473660977065556,0.14473660977081368,0.14473660977100675,0.14473660977081368,0.14473660977065556,0.1435715308071886,0.1435715308074242,0.14357153080766857,0.1435715308074242,0.1435715308071886,0.1435715308074242,0.14357153080791635,0.14357153080867455,0.14357153080791635,0.1435715308074242,0.14357153080766857,0.14357153080867455,0.14357153081167828,0.14357153080867455,0.14357153080766857,0.1435715308074242,0.14357153080791635,0.14357153080867455,0.14357153080791635,0.1435715308074242,0.1435715308071886,0.1435715308074242,0.14357153080766857,0.1435715308074242,0.1435715308071886,0.14242936446769158,0.14242936446797594,0.14242936446825508,0.14242936446797594,0.14242936446769158,0.14242936446797594,0.14242936446853222,0.1424293644693503,0.14242936446853222,0.14242936446797594,0.14242936446825508,0.1424293644693503,0.14242936447257182,0.1424293644693503,0.14242936446825508,0.14242936446797594,0.14242936446853222,0.1424293644693503,0.14242936446853222,0.14242936446797594,0.14242936446769158,0.14242936446797594,0.14242936446825508,0.14242936446797594,0.14242936446769158,0.14130960272994064,0.14130960273029258,0.14130960273062185,0.14130960273029258,0.14130960272994064,0.14130960273029258,0.14130960273094223,0.14130960273185336,0.14130960273094223,0.14130960273029258,0.14130960273062185,0.14130960273185336,0.1413096027353843,0.14130960273185336,0.14130960273062185,0.14130960273029258,0.14130960273094223,0.14130960273185336,0.14130960273094223,0.14130960273029258,0.14130960272994064,0.14130960273029258,0.14130960273062185,0.14130960273029258,0.14130960272994064,0.14021174676731965,0.14021174676781936,0.14021174676825607,0.14021174676781936,0.14021174676731965,0.14021174676781936,0.14021174676867257,0.1402117467697336,0.14021174676867257,0.14021174676781936,0.14021174676825607,0.1402117467697336,0.1402117467734682,0.1402117467697336,0.14021174676825607,0.14021174676781936,0.14021174676867257,0.1402117467697336,0.14021174676867257,0.14021174676781936,0.14021174676731965,0.14021174676781936,0.14021174676825607,0.14021174676781936,0.14021174676731965,0.1391353070778231,0.13913530707868937,0.13913530707942665,0.13913530707868937,0.1391353070778231,0.13913530707868937,0.13913530708013547,0.13913530708163863,0.13913530708013547,0.13913530707868937,0.13913530707942665,0.13913530708163863,0.1391353070846039,0.13913530708163863,0.13913530707942665,0.13913530707868937,0.13913530708013547,0.13913530708163863,0.13913530708013547,0.13913530707868937,0.1391353070778231,0.13913530707868937,0.13913530707942665,0.13913530707868937,0.1391353070778231,0.13807980357697436,0.138079803578642,0.13807980358028185,0.138079803578642,0.13807980357697436,0.138079803578642,0.1380798035819312,0.13807980358632616,0.1380798035819312,0.138079803578642,0.13807980358028185,0.13807980358632616,0.13807980359843428,0.13807980358632616,0.13807980358028185,0.138079803578642,0.1380798035819312,0.13807980358632616,0.1380798035819312,0.138079803578642,0.13807980357697436,0.138079803578642,0.13807980358028185,0.138079803578642,0.13807980357697422,0.13704476565821905,0.13704476566077514,0.13704476566384272,0.13704476566077514,0.13704476565821905,0.13704476566077514,0.1370447656670158,0.13704476567943727,0.1370447656670158,0.13704476566077514,0.13704476566384272,0.13704476567943727,0.13704476574798483,0.13704476567943727,0.13704476566384272,0.13704476566077514,0.1370447656670158,0.13704476567943727,0.1370447656670158,0.13704476566077514,0.13704476565821905,0.13704476566077514,0.13704476566384272,0.13704476566077514,0.13704476565821905,0.13602973222538664,0.13602973222715148,0.13602973222887157,0.13602973222715148,0.13602973222538664,0.13602973222715148,0.13602973223059403,0.1360297322351777,0.13602973223059403,0.13602973222715148,0.13602973222887157,0.1360297322351777,0.13602973224785983,0.1360297322351777,0.13602973222887157,0.13602973222715148,0.13602973223059403,0.1360297322351777,0.13602973223059403,0.13602973222715148,0.13602973222538664,0.13602973222715148,0.13602973222887157,0.13602973222715148,0.13602973222538664,0.1350342517020096,0.13503425170311079,0.13503425170401773,0.13503425170311079,0.1350342517020096,0.13503425170311079,0.13503425170487718,0.13503425170662417,0.13503425170487718,0.13503425170311079,0.13503425170401773,0.13503425170662417,0.13503425170979405,0.13503425170662417,0.13503425170401773,0.13503425170311079,0.13503425170487718,0.13503425170662417,0.13503425170487718,0.13503425170311079,0.1350342517020096,0.13503425170311079,0.13503425170401773,0.13503425170311079,0.1350342517020096
0.1653324879656844,0.1653324879656844,0.1653324879656844,0.1653324879656844,0.1653324879656844,0.1653324879656844,0.16533248796568417,0.16533248796568417,0.16533248796568417,0.1653324879656844,0.1653324879656844,0.16533248796568417,0.16533248796568417,0.16533248796568417,0.1653324879656844,0.1653324879656844,0.16533248796568417,0.16533248796568417,0.16533248796568417,0.1653324879656844,0.1653324879656844,0.1653324879656844,0.1653324879656844,0.1653324879656844,0.1653324879656844,0.1637574942432989,0.16375749424329844,0.16375749424329844,0.16375749424329844,0.1637574942432989,0.16375749424329844,0.16375749424329822,0.163757494243298,0.16375749424329822,0.16375749424329844,0.16375749424329844,0.163757494243298,0.16375749424329775,0.163757494243298,0.16375749424329844,0.16375749424329844,0.16375749424329822,0.163757494243298,0.16375749424329822,0.16375749424329844,0.1637574942432989,0.16375749424329844,0.16375749424329844,0.16375749424329844,0.1637574942432989,0.16221388445287693,0.16221388445287604,0.1622138844528756,0.16221388445287604,0.16221388445287693,0.16221388445287604,0.16221388445287516,0.16221388445287446,0.16221388445287516,0.16221388445287604,0.1622138844528756,0.16221388445287446,0.16221388445287377,0.16221388445287446,0.1622138844528756,0.16221388445287604,0.16221388445287516,0.16221388445287446,0.16221388445287516,0.16221388445287604,0.16221388445287693,0.16221388445287604,0.1622138844528756,0.16221388445287604,0.16221388445287693,0.16070106755146069,0.1607010675514578,0.160701067551456,0.1607010675514578,0.16070106755146069,0.1607010675514578,0.16070106755145466,0.16070106755145266,0.16070106755145466,0.1607010675514578,0.160701067551456,0.16070106755145266,0.16070106755145044,0.16070106755145266,0.160701067551456,0.1607010675514578,0.16070106755145466,0.16070106755145266,0.16070106755145466,0.1607010675514578,0.16070106755146069,0.1607010675514578,0.160701067551456,0.1607010675514578,0.16070106755146069,0.15921845191403183,0.15921845191402312,0.15921845191401768,0.15921845191402312,0.15921845191403183,0.15921845191402312,0.15921845191401332,0.1592184519140068,0.15921845191401332,0.15921845191402312,0.15921845191401768,0.1592184519140068,0.15921845191399941,0.1592184519140068,0.15921845191401768,0.15921845191402312,0.15921845191401332,0.1592184519140068,0.15921845191401332,0.15921845191402312,0.15921845191403183,0.15921845191402312,0.15921845191401768,0.15921845191402312,0.15921845191403183,0.15776544668536865,0.15776544668534348,0.15776544668532685,0.15776544668534348,0.15776544668536865,0.15776544668534348,0.15776544668531314,0.15776544668529205,0.15776544668531314,0.15776544668534348,0.15776544668532685,0.15776544668529205,0.1577654466852673,0.15776544668529205,0.15776544668532685,0.15776544668534348,0.15776544668531314,0.15776544668529205,0.15776544668531314,0.15776544668534348,0.15776544668536865,0.15776544668534348,0.15776544668532685,0.15776544668534348,0.15776544668536865,0.1563414629943843,0.15634146299431304,0.15634146299426346,0.15634146299431304,0.1563414629943843,0.15634146299431304,0.1563414629942208,0.1563414629941518,0.1563414629942208,0.15634146299431304,0.15634146299426346,0.1563414629941518,0.15634146299406376,0.1563414629941518,0.15634146299426346,0.15634146299431304,0.1563414629942208,0.1563414629941518,0.1563414629942208,0.15634146299431304,0.1563414629943843,0.15634146299431304,0.15634146299426346,0.15634146299431304,0.1563414629943843,0.1549459150412253,0.15494591504103306,0.154945915040889,0.15494591504103306,0.1549459150412253,0.15494591504103306,0.15494591504075886,0.15494591504052813,0.15494591504075886,0.15494591504103306,0.154945915040889,0.15494591504052813,0.15494591504018876,0.15494591504052813,0.154945915040889,0.15494591504103306,0.15494591504075886,0.15494591504052813,0.15494591504075886,0.15494591504103306,0.1549459150412253,0.15494591504103306,0.154945915040889,0.15494591504103306,0.1549459150412253,0.15357822106687233,0.15357822106639316,0.15357822106599406,0.15357822106639316,0.15357822106687233,0.15357822106639316,0.15357822106561425,0.15357822106483018,0.15357822106561425,0.15357822106639316,0.15357822106599406,0.15357822106483018,0.15357822106337832,0.15357822106483018,0.15357822106599406,0.15357822106639316,0.15357822106561425,0.15357822106483018,0.15357822106561425,0.15357822106639316,0.15357822106687233,0.15357822106639316,0.15357822106599406,0.15357822106639316,0.15357822106687233,0.15223780421443214,0.15223780421339186,0.15223780421238872,0.15223780421339186,0.15223780421443214,0.15223780421339186,0.15223780421138702,0.15223780420877478,0.15223780421138702,0.15223780421339186,0.15223780421238872,0.15223780420877478,0.1522378042017549,0.15223780420877478,0.15223780421238872,0.15223780421339186,0.15223780421138702,0.15223780420877478,0.15223780421138702,0.15223780421339186,0.15223780421443214,0.15223780421339186,0.15223780421238872,0.15223780421339186,0.15223780421443214,0.15092409329067455,0.15092409328894638,0.150924093286957,0.15092409328894638,0.15092409329067455,0.15092409328894638,0.150924093284908,0.15092409327740514,0.150924093284908,0.15092409328894638,0.150924093286957,0.15092409327740514,0.15092409323898473,0.15092409327740514,0.150924093286957,0.15092409328894638,0.150924093284908,0.15092409327740514,0.150924093284908,0.15092409328894638,0.15092409329067455,0.15092409328894638,0.150924093286957,0.15092409328894638,0.15092409329067455,0.14963652343532277,0.14963652343376832,0.14963652343209513,0.14963652343376832,0.14963652343532277,0.14963652343376832,0.14963652343038558,0.1496365234248657,0.14963652343038558,0.14963652343376832,0.14963652343209513,0.1496365234248657,0.1496365234015694,0.1496365234248657,0.14963652343209513,0.14963652343376832,0.14963652343038558,0.1496365234248657,0.14963652343038558,0.14963652343376832,0.14963652343532277,0.14963652343376832,0.14963652343209513,0.14963652343376832,0.14963652343532277,0.14837453670444112,0.14837453670346887,0.1483745367025096,0.14837453670346887,0.14837453670444112,0.14837453670346887,0.1483745367015485,0.14837453669881098,0.1483745367015485,0.14837453670346887,0.1483745367025096,0.14837453669881098,0.14837453668891104,0.14837453669881098,0.1483745367025096,0.14837453670346887,0.1483745367015485,0.14837453669881098,0.1483745367015485,0.14837453670346887,0.14837453670444112,0.14837453670346887,0.1483745367025096,0.14837453670346887,0.14837453670444112,0.14713758257968448,0.1471375825792636,0.14713758257889625,0.1471375825792636,0.14713758257968448,0.1471375825792636,0.14713758257854256,0.14713758257770695,0.14713758257854256,0.1471375825792636,0.14713758257889625,0.14713758257770695,0.14713758257538664,0.14713758257770695,0.14713758257889625,0.1471375825792636,0.14713758257854256,0.14713758257770695,0.14713758257854256,0.1471375825792636,0.14713758257968448,0.1471375825792636,0.14713758257889625,0.1471375825792636,0.14713758257968448,0.1459251184070214,0.1459251184069787,0.1459251184069915,0.1459251184069787,0.1459251184070214,0.1459251184069787,0.14592511840702035,0.1459251184073195,0.14592511840702035,0.1459251184069787,0.1459251184069915,0.1459251184073195,0.14592511840946198,0.1459251184073195,0.1459251184069915,0.1459251184069787,0.14592511840702035,0.1459251184073195,0.14592511840702035,0.1459251184069787,0.1459251184070214,0.1459251184069787,0.1459251184069915,0.1459251184069787,0.1459251184070214,0.14473660977047909,0.14473660977063058,0.14473660977081684,0.14473660977063058,0.14473660977047909,0.14473660977063058,0.14473660977101374,0.14473660977172625,0.14473660977101374,0.14473660977063058,0.14473660977081684,0.14473660977172625,0.14473660977508473,0.14473660977172625,0.14473660977081684,0.14473660977063058,0.14473660977101374,0.14473660977172625,0.14473660977101374,0.14473660977063058,0.14473660977047909,0.14473660977063058,0.14473660977081684,0.14473660977063058,0.14473660977047909,0.14357153080694013,0.14357153080717014,0.14357153080740864,0.14357153080717014,0.14357153080694013,0.14357153080717014,0.14357153080765078,0.14357153080839205,0.14357153080765078,0.14357153080717014,0.14357153080740864,0.14357153080839205,0.14357153081135623,0.14357153080839205,0.14357153080740864,0.14357153080717014,0.14357153080765078,0.14357153080839205,0.14357153080765078,0.14357153080717014,0.14357153080694013,0.14357153080717014,0.14357153080740864,0.14357153080717014,0.14357153080694013,0.14242936446738227,0.14242936446766155,0.14242936446793586,0.14242936446766155,0.14242936446738227,0.14242936446766155,0.14242936446820792,0.1424293644690113,0.14242936446820792,0.14242936446766155,0.14242936446793586,0.1424293644690113,0.14242936447218216,0.1424293644690113,0.14242936446793586,0.14242936446766155,0.14242936446820792,0.1424293644690113,0.14242936446820792,0.14242936446766155,0.14242936446738227,0.14242936446766155,0.14242936446793586,0.14242936446766155,0.14242936446738227,0.14130960272957982,0.14130960272992715,0.14130960273025198,0.14130960272992715,0.14130960272957982,0.14130960272992715,0.14130960273056792,0.14130960273146523,0.14130960273056792,0.14130960272992715,0.14130960273025198,0.14130960273146523,0.1413096027349478,0.14130960273146523,0.14130960273025198,0.14130960272992715,0.14130960273056792,0.14130960273146523,0.14130960273056792,0.14130960272992715,0.14130960272957982,0.14130960272992715,0.14130960273025198,0.14130960272992715,0.14130960272957982,0.14021174676691572,0.14021174676741155,0.1402117467678442,0.14021174676741155,0.14021174676691572,0.14021174676741155,0.140211746768257,0.14021174676930612,0.140211746768257,0.14021174676741155,0.1402117467678442,0.14021174676930612,0.14021174677298945,0.14021174676930612,0.1402117467678442,0.14021174676741155,0.140211746768257,0.14021174676930612,0.140211746768257,0.14021174676741155,0.14021174676691572,0.14021174676741155,0.1402117467678442,0.14021174676741155,0.14021174676691572,0.1391353070773837,0.1391353070782465,0.13913530707898047,0.1391353070782465,0.1391353070773837,0.1391353070782465,0.13913530707968627,0.1391353070811825,0.13913530707968627,0.1391353070782465,0.13913530707898047,0.1391353070811825,0.1391353070841327,0.1391353070811825,0.13913530707898047,0.1391353070782465,0.13913530707968627,0.1391353070811825,0.13913530707968627,0.1391353070782465,0.1391353070773837,0.1391353070782465,0.13913530707898047,0.1391353070782465,0.1391353070773837,0.13807980357650632,0.13807980357816912,0.13807980357980434,0.13807980357816912,0.13807980357650632,0.13807980357816912,0.13807980358144903,0.13807980358583205,0.13807980358144903,0.13807980357816912,0.13807980357980434,0.13807980358583205,0.13807980359790775,0.13807980358583205,0.13807980357980434,0.13807980357816912,0.13807980358144903,0.13807980358583205,0.13807980358144903,0.13807980357816912,0.13807980357650632,0.13807980357816912,0.13807980357980434,0.13807980357816912,0.13807980357650632,0.13704476565773205,0.13704476566028148,0.13704476566334095,0.13704476566028148,0.13704476565773205,0.13704476566028148,0.13704476566650584,0.13704476567889556,0.13704476566650584,0.13704476566028148,0.13704476566334095,0.13704476567889556,0.1370447657472669,0.13704476567889556,0.13704476566334095,0.13704476566028148,0.13704476566650584,0.13704476567889556,0.13704476566650584,0.13704476566028148,0.13704476565773205,0.13704476566028148,0.13704476566334095,0.13704476566028148,0.13704476565773205,0.13602973222489415,0.13602973222665435,0.13602973222836998,0.13602973222665435,0.13602973222489415,0.13602973222665435,0.13602973223008796,0.13602973223466003,0.13602973223008796,0.13602973222665435,0.13602973222836998,0.13602973223466003,0.13602973224730977,0.13602973223466003,0.13602973222836998,0.13602973222665435,0.13602973223008796,0.13602973223466003,0.13602973223008796,0.13602973222665435,0.13602973222489415,0.13602973222665435,0.13602973222836998,0.13602973222665435,0.13602973222489415,0.1350342517015207,0.13503425170261898,0.1350342517035236,0.13503425170261898,0.1350342517015207,0.13503425170261898,0.135034251704381,0.13503425170612343,0.135034251704381,0.13503425170261898,0.1350342517035236,0.13503425170612343,0.13503425170928515,0.13503425170612343,0.1350342517035236,0.13503425170261898,0.135034251704381,0.13503425170612343,0.135034251704381,0.13503425170261898,0.1350342517015207,0.13503425170261898,0.1350342517035236,0.13503425170261898,0.1350342517015207
0.16533248796605676,0.16533248796605676,0.16533248796605654,0.16533248796605676,0.16533248796605676,0.16533248796605676,0.16533248796605654,0.16533248796605654,0.16533248796605654,0.16533248796605676,0.16533248796605654,0.16533248796605654,0.1653324879660563,0.16533248796605654,0.16533248796605654,0.16533248796605676,0.16533248796605654,0.16533248796605654,0.16533248796605654,0.16533248796605676,0.16533248796605676,0.16533248796605676,0.16533248796605654,0.16533248796605676,0.16533248796605676,0.16375749424366368,0.16375749424366343,0.1637574942436632,0.16375749424366343,0.16375749424366368,0.16375749424366343,0.16375749424366295,0.16375749424366295,0.16375749424366295,0.16375749424366343,0.1637574942436632,0.16375749424366295,0.16375749424366273,0.16375749424366295,0.1637574942436632,0.16375749424366343,0.16375749424366295,0.16375749424366295,0.16375749424366295,0.16375749424366343,0.16375749424366368,0.16375749424366343,0.1637574942436632,0.16375749424366343,0.16375749424366368,0.16221388445323442,0.1622138844532335,0.16221388445323282,0.1622138844532335,0.16221388445323442,0.1622138844532335,0.1622138844532326,0.16221388445323193,0.1622138844532326,0.1622138844532335,0.16221388445323282,0.16221388445323193,0.16221388445323123,0.16221388445323193,0.16221388445323282,0.1622138844532335,0.1622138844532326,0.16221388445323193,0.1622138844532326,0.1622138844532335,0.16221388445323442,0.1622138844532335,0.16221388445323282,0.1622138844532335,0.16221388445323442,0.1607010675518108,0.16070106755180788,0.1607010675518061,0.16070106755180788,0.1607010675518108,0.16070106755180788,0.16070106755180477,0.16070106755180277,0.16070106755180477,0.16070106755180788,0.1607010675518061,0.16070106755180277,0.16070106755180055,0.16070106755180277,0.1607010675518061,0.16070106755180788,0.16070106755180477,0.16070106755180277,0.16070106755180477,0.16070106755180788,0.1607010675518108,0.16070106755180788,0.1607010675518061,0.16070106755180788,0.1607010675518108,0.15921845191437453,0.15921845191436604,0.15921845191436038,0.15921845191436604,0.15921845191437453,0.15921845191436604,0.15921845191435624,0.1592184519143497,0.15921845191435624,0.15921845191436604,0.15921845191436038,0.1592184519143497,0.15921845191434253,0.1592184519143497,0.15921845191436038,0.15921845191436604,0.15921845191435624,0.1592184519143497,0.15921845191435624,0.15921845191436604,0.15921845191437453,0.15921845191436604,0.15921845191436038,0.15921845191436604,0.15921845191437453,0.15776544668570405,0.15776544668567907,0.15776544668566245,0.15776544668567907,0.15776544668570405,0.15776544668567907,0.157765446685649,0.1577654466856281,0.157765446685649,0.15776544668567907,0.15776544668566245,0.1577654466856281,0.15776544668560355,0.1577654466856281,0.15776544668566245,0.15776544668567907,0.157765446685649,0.1577654466856281,0.157765446685649,0.15776544668567907,0.15776544668570405,0.15776544668567907,0.15776544668566245,0.15776544668567907,0.15776544668570405,0.15634146299471177,0.15634146299464133,0.15634146299459198,0.15634146299464133,0.15634146299471177,0.15634146299464133,0.15634146299454973,0.15634146299448112,0.15634146299454973,0.15634146299464133,0.15634146299459198,0.15634146299448112,0.15634146299439372,0.15634146299448112,0.15634146299459198,0.15634146299464133,0.15634146299454973,0.15634146299448112,0.15634146299454973,0.15634146299464133,0.15634146299471177,0.15634146299464133,0.15634146299459198,0.15634146299464133,0.15634146299471177,0.15494591504154395,0.15494591504135338,0.15494591504121052,0.15494591504135338,0.15494591504154395,0.15494591504135338,0.15494591504108143,0.15494591504085234,0.15494591504108143,0.15494591504135338,0.15494591504121052,0.15494591504085234,0.15494591504051564,0.15494591504085234,0.15494591504121052,0.15494591504135338,0.15494591504108143,0.15494591504085234,0.15494591504108143,0.15494591504135338,0.15494591504154395,0.15494591504135338,0.15494591504121052,0.15494591504135338,0.15494591504154395,0.15357822106717905,0.15357822106670363,0.15357822106630778,0.15357822106670363,0.15357822106717905,0.15357822106670363,0.153578221065931,0.15357822106515315,0.153578221065931,0.15357822106670363,0.15357822106630778,0.15357822106515315,0.1535782210637131,0.15357822106515315,0.15357822106630778,0.15357822106670363,0.153578221065931,0.15357822106515315,0.153578221065931,0.15357822106670363,0.15357822106717905,0.15357822106670363,0.15357822106630778,0.15357822106670363,0.15357822106717905,0.15223780421471914,0.1522378042136869,0.15223780421269167,0.1522378042136869,0.15223780421471914,0.1522378042136869,0.15223780421169805,0.15223780420910685,0.15223780421169805,0.1522378042136869,0.15223780421269167,0.15223780420910685,0.15223780420214386,0.15223780420910685,0.15223780421269167,0.1522378042136869,0.15223780421169805,0.15223780420910685,0.15223780421169805,0.1522378042136869,0.15223780421471914,0.1522378042136869,0.15223780421269167,0.1522378042136869,0.15223780421471914,0.15092409329092457,0.15092409328920953,0.15092409328723577,0.15092409328920953,0.15092409329092457,0.15092409328920953,0.1509240932852028,0.15092409327776032,0.1509240932852028,0.15092409328920953,0.15092409328723577,0.15092409327776032,0.15092409323964162,0.15092409327776032,0.15092409328723577,0.15092409328920953,0.1509240932852028,0.15092409327776032,0.1509240932852028,0.15092409328920953,0.15092409329092457,0.15092409328920953,0.15092409328723577,0.15092409328920953,0.15092409329092457,0.14963652343550807,0.1496365234339642,0.14963652343230271,0.1496365234339642,0.14963652343550807,0.1496365234339642,0.14963652343060532,0.14963652342512662,0.14963652343060532,0.1496365234339642,0.14963652343230271,0.14963652342512662,0.14963652340203704,0.14963652342512662,0.14963652343230271,0.1496365234339642,0.14963652343060532,0.14963652342512662,0.14963652343060532,0.1496365234339642,0.14963652343550807,0.1496365234339642,0.14963652343230271,0.1496365234339642,0.14963652343550807,0.14837453670453915,0.14837453670357045,0.14837453670261413,0.14837453670357045,0.14837453670453915,0.14837453670357045,0.1483745367016558,0.14837453669892386,0.1483745367016558,0.14837453670357045,0.14837453670261413,0.14837453669892386,0.14837453668899647,0.14837453669892386,0.14837453670261413,0.14837453670357045,0.1483745367016558,0.14837453669892386,0.1483745367016558,0.14837453670357045,0.14837453670453915,0.14837453670357045,0.14837453670261413,0.14837453670357045,0.14837453670453915,0.1471375825796872,0.1471375825792641,0.14713758257889373,0.1471375825792641,0.1471375825796872,0.1471375825792641,0.14713758257853676,0.14713758257768844,0.14713758257853676,0.1471375825792641,0.14713758257889373,0.14713758257768844,0.14713758257530637,0.14713758257768844,0.14713758257889373,0.1471375825792641,0.14713758257853676,0.14713758257768844,0.14713758257853676,0.1471375825792641,0.1471375825796872,0.1471375825792641,0.14713758257889373,0.1471375825792641,0.1471375825796872,0.1459251184069322,0.14592511840688394,0.14592511840689054,0.14592511840688394,0.1459251184069322,0.14592511840688394,0.14592511840691316,0.14592511840719039,0.14592511840691316,0.14592511840688394,0.14592511840689054,0.14592511840719039,0.14592511840922942,0.14592511840719039,0.14592511840689054,0.14592511840688394,0.14592511840691316,0.14592511840719039,0.14592511840691316,0.14592511840688394,0.1459251184069322,0.14592511840688394,0.14592511840689054,0.14592511840688394,0.1459251184069322,0.14473660977030786,0.14473660977045325,0.14473660977063252,0.14473660977045325,0.14473660977030786,0.14473660977045325,0.14473660977082278,0.14473660977151276,0.14473660977082278,0.14473660977045325,0.14473660977063252,0.14473660977151276,0.1447366097747685,0.14473660977151276,0.14473660977063252,0.14473660977045325,0.14473660977082278,0.14473660977151276,0.14473660977082278,0.14473660977045325,0.14473660977030786,0.14473660977045325,0.14473660977063252,0.14473660977045325,0.14473660977030786,0.14357153080669907,0.14357153080692336,0.14357153080715626,0.14357153080692336,0.14357153080669907,0.14357153080692336,0.14357153080739274,0.14357153080811774,0.14357153080739274,0.14357153080692336,0.14357153080715626,0.14357153080811774,0.14357153081101282,0.14357153080811774,0.14357153080715626,0.14357153080692336,0.14357153080739274,0.14357153080811774,0.14357153080739274,0.14357153080692336,0.14357153080669907,0.14357153080692336,0.14357153080715626,0.14357153080692336,0.14357153080669907,0.14242936446708163,0.14242936446735593,0.14242936446762516,0.14242936446735593,0.14242936446708163,0.14242936446735593,0.1424293644678924,0.14242936446868168,0.1424293644678924,0.14242936446735593,0.14242936446762516,0.14242936446868168,0.1424293644717933,0.14242936446868168,0.14242936446762516,0.14242936446735593,0.1424293644678924,0.14242936446868168,0.1424293644678924,0.14242936446735593,0.14242936446708163,0.14242936446735593,0.14242936446762516,0.14242936446735593,0.14242936446708163,0.14130960272922866,0.14130960272957174,0.14130960272989213,0.14130960272957174,0.14130960272922866,0.14130960272957174,0.1413096027302036,0.14130960273108764,0.1413096027302036,0.14130960272957174,0.14130960272989213,0.14130960273108764,0.14130960273450374,0.14130960273108764,0.14130960272989213,0.14130960272957174,0.1413096027302036,0.14130960273108764,0.1413096027302036,0.14130960272957174,0.14130960272922866,0.14130960272957174,0.14130960272989213,0.14130960272957174,0.14130960272922866,0.14021174676652273,0.14021174676701473,0.1402117467674435,0.14021174676701473,0.14021174676652273,0.14021174676701473,0.14021174676785242,0.14021174676888992,0.14021174676785242,0.14021174676701473,0.1402117467674435,0.14021174676888992,0.14021174677252102,0.14021174676888992,0.1402117467674435,0.14021174676701473,0.14021174676785242,0.14021174676888992,0.14021174676785242,0.14021174676701473,0.14021174676652273,0.14021174676701473,0.1402117467674435,0.14021174676701473,0.14021174676652273,0.139135307076956,0.13913530707781518,0.13913530707854613,0.13913530707781518,0.139135307076956,0.13913530707781518,0.13913530707924893,0.13913530708073835,0.13913530707924893,0.13913530707781518,0.13913530707854613,0.13913530708073835,0.139135307083674,0.13913530708073835,0.13913530707854613,0.13913530707781518,0.13913530707924893,0.13913530708073835,0.13913530707924893,0.13913530707781518,0.139135307076956,0.13913530707781518,0.13913530707854613,0.13913530707781518,0.139135307076956,0.1380798035760508,0.1380798035777088,0.13807980357933952,0.1380798035777088,0.1380798035760508,0.1380798035777088,0.13807980358097957,0.1380798035853508,0.13807980358097957,0.1380798035777088,0.13807980357933952,0.1380798035853508,0.13807980359739486,0.1380798035853508,0.13807980357933952,0.1380798035777088,0.13807980358097957,0.1380798035853508,0.13807980358097957,0.1380798035777088,0.1380798035760508,0.1380798035777088,0.13807980357933952,0.1380798035777088,0.1380798035760508,0.13704476565725784,0.13704476565980056,0.1370447656628523,0.13704476565980056,0.13704476565725784,0.13704476565980056,0.1370447656660093,0.13704476567836785,0.1370447656660093,0.13704476565980056,0.1370447656628523,0.13704476567836785,0.13704476574658897,0.13704476567836785,0.1370447656628523,0.13704476565980056,0.1370447656660093,0.13704476567836785,0.1370447656660093,0.13704476565980056,0.13704476565725784,0.13704476565980056,0.1370447656628523,0.13704476565980056,0.13704476565725784,0.13602973222441447,0.1360297322261702,0.1360297322278815,0.1360297322261702,0.13602973222441447,0.1360297322261702,0.1360297322295952,0.13602973223415574,0.1360297322295952,0.1360297322261702,0.1360297322278815,0.13602973223415574,0.13602973224677384,0.13602973223415574,0.1360297322278815,0.1360297322261702,0.1360297322295952,0.13602973223415574,0.1360297322295952,0.1360297322261702,0.13602973222441447,0.1360297322261702,0.1360297322278815,0.1360297322261702,0.13602973222441447,0.13503425170104455,0.13503425170214006,0.13503425170304248,0.13503425170214006,0.13503425170104455,0.13503425170214006,0.13503425170389755,0.1350342517056356,0.13503425170389755,0.13503425170214006,0.13503425170304248,0.1350342517056356,0.13503425170878952,0.1350342517056356,0.13503425170304248,0.13503425170214006,0.13503425170389755,0.1350342517056356,0.13503425170389755,0.13503425170214006,0.13503425170104455,0.13503425170214006,0.13503425170304248,0.13503425170214006,0.13503425170104455
0.16533248796641928,0.16533248796641906,0.16533248796641906,0.16533248796641906,0.16533248796641928,0.16533248796641906,0.16533248796641906,0.16533248796641906,0.16533248796641906,0.16533248796641906,0.16533248796641906,0.16533248796641906,0.16533248796641878,0.16533248796641906,0.16533248796641906,0.16533248796641906,0.16533248796641906,0.16533248796641906,0.16533248796641906,0.16533248796641906,0.16533248796641928,0.16533248796641906,0.16533248796641906,0.16533248796641906,0.16533248796641928,0.1637574942440189,0.16375749424401845,0.16375749424401823,0.16375749424401845,0.1637574942440189,0.16375749424401845,0.16375749424401823,0.16375749424401798,0.16375749424401823,0.16375749424401845,0.16375749424401823,0.16375749424401798,0.16375749424401775,0.16375749424401798,0.16375749424401823,0.16375749424401845,0.16375749424401823,0.16375749424401798,0.16375749424401823,0.16375749424401845,0.1637574942440189,0.16375749424401845,0.16375749424401823,0.16375749424401845,0.1637574942440189,0.16221388445358234,0.16221388445358143,0.1622138844535808,0.16221388445358143,0.16221388445358234,0.16221388445358143,0.16221388445358034,0.16221388445357987,0.16221388445358034,0.16221388445358143,0.1622138844535808,0.16221388445357987,0.16221388445357918,0.16221388445357987,0.1622138844535808,0.16221388445358143,0.16221388445358034,0.16221388445357987,0.16221388445358034,0.16221388445358143,0.16221388445358234,0.16221388445358143,0.1622138844535808,0.16221388445358143,0.16221388445358234,0.16070106755215155,0.1607010675521487,0.16070106755214691,0.1607010675521487,0.16070106755215155,0.1607010675521487,0.16070106755214558,0.16070106755214358,0.16070106755214558,0.1607010675521487,0.16070106755214691,0.16070106755214358,0.16070106755214134,0.16070106755214358,0.16070106755214691,0.1607010675521487,0.16070106755214558,0.16070106755214358,0.16070106755214558,0.1607010675521487,0.16070106755215155,0.1607010675521487,0.16070106755214691,0.1607010675521487,0.16070106755215155,0.15921845191470807,0.15921845191469958,0.1592184519146941,0.15921845191469958,0.15921845191470807,0.15921845191469958,0.15921845191469,0.15921845191468348,0.15921845191469,0.15921845191469958,0.1592184519146941,0.15921845191468348,0.15921845191467626,0.15921845191468348,0.1592184519146941,0.15921845191469958,0.15921845191469,0.15921845191468348,0.15921845191469,0.15921845191469958,0.15921845191470807,0.15921845191469958,0.1592184519146941,0.15921845191469958,0.15921845191470807,0.1577654466860303,0.15776544668600556,0.15776544668598913,0.15776544668600556,0.1577654466860303,0.15776544668600556,0.1577654466859759,0.157765446685955,0.1577654466859759,0.15776544668600556,0.15776544668598913,0.157765446685955,0.15776544668593065,0.157765446685955,0.15776544668598913,0.15776544668600556,0.1577654466859759,0.157765446685955,0.1577654466859759,0.15776544668600556,0.1577654466860303,0.15776544668600556,0.15776544668598913,0.15776544668600556,0.1577654466860303,0.15634146299503068,0.15634146299496063,0.1563414629949117,0.15634146299496063,0.15634146299503068,0.15634146299496063,0.1563414629948699,0.1563414629948019,0.1563414629948699,0.15634146299496063,0.1563414629949117,0.1563414629948019,0.15634146299471513,0.1563414629948019,0.1563414629949117,0.15634146299496063,0.1563414629948699,0.1563414629948019,0.1563414629948699,0.15634146299496063,0.15634146299503068,0.15634146299496063,0.1563414629949117,0.15634146299496063,0.15634146299503068,0.15494591504185423,0.15494591504166508,0.15494591504152327,0.15494591504166508,0.15494591504185423,0.15494591504166508,0.15494591504139518,0.15494591504116792,0.15494591504139518,0.15494591504166508,0.15494591504152327,0.15494591504116792,0.15494591504083388,0.15494591504116792,0.15494591504152327,0.15494591504166508,0.15494591504139518,0.15494591504116792,0.15494591504139518,0.15494591504166508,0.15494591504185423,0.15494591504166508,0.15494591504152327,0.15494591504166508,0.15494591504185423,0.1535782210674775,0.15357822106700572,0.15357822106661306,0.15357822106700572,0.1535782210674775,0.15357822106700572,0.15357822106623928,0.15357822106546765,0.15357822106623928,0.15357822106700572,0.15357822106661306,0.15357822106546765,0.15357822106403887,0.15357822106546765,0.15357822106661306,0.15357822106700572,0.15357822106623928,0.15357822106546765,0.15357822106623928,0.15357822106700572,0.1535782210674775,0.15357822106700572,0.15357822106661306,0.15357822106700572,0.1535782210674775,0.15223780421499827,0.1522378042139741,0.15223780421298655,0.1522378042139741,0.15223780421499827,0.1522378042139741,0.1522378042120006,0.15223780420942987,0.1522378042120006,0.1522378042139741,0.15223780421298655,0.15223780420942987,0.15223780420252217,0.15223780420942987,0.15223780421298655,0.1522378042139741,0.1522378042120006,0.15223780420942987,0.1522378042120006,0.1522378042139741,0.15223780421499827,0.1522378042139741,0.15223780421298655,0.1522378042139741,0.15223780421499827,0.15092409329116804,0.1509240932894659,0.15092409328750722,0.1509240932894659,0.15092409329116804,0.1509240932894659,0.15092409328548984,0.1509240932781056,0.15092409328548984,0.1509240932894659,0.15092409328750722,0.1509240932781056,0.1509240932403045,0.1509240932781056,0.15092409328750722,0.1509240932894659,0.15092409328548984,0.1509240932781056,0.15092409328548984,0.1509240932894659,0.15092409329116804,0.1509240932894659,0.15092409328750722,0.1509240932894659,0.15092409329116804,0.14963652343568865,0.14963652343415498,0.14963652343250486,0.14963652343415498,0.14963652343568865,0.14963652343415498,0.14963652343081937,0.14963652342538095,0.14963652343081937,0.14963652343415498,0.14963652343250486,0.14963652342538095,0.1496365234024547,0.14963652342538095,0.14963652343250486,0.14963652343415498,0.14963652343081937,0.14963652342538095,0.14963652343081937,0.14963652343415498,0.14963652343568865,0.14963652343415498,0.14963652343250486,0.14963652343415498,0.14963652343568865,0.14837453670463516,0.1483745367036698,0.14837453670271644,0.1483745367036698,0.14837453670463516,0.1483745367036698,0.1483745367017609,0.1483745366990345,0.1483745367017609,0.1483745367036698,0.14837453670271644,0.1483745366990345,0.1483745366890908,0.1483745366990345,0.14837453670271644,0.1483745367036698,0.1483745367017609,0.1483745366990345,0.1483745367017609,0.1483745367036698,0.14837453670463516,0.1483745367036698,0.14837453670271644,0.1483745367036698,0.14837453670463516,0.14713758257969048,0.147137582579265,0.14713758257889192,0.147137582579265,0.14713758257969048,0.147137582579265,0.14713758257853188,0.14713758257767134,0.14713758257853188,0.147137582579265,0.14713758257889192,0.14713758257767134,0.14713758257522863,0.14713758257767134,0.14713758257889192,0.147137582579265,0.14713758257853188,0.14713758257767134,0.14713758257853188,0.147137582579265,0.14713758257969048,0.147137582579265,0.14713758257889192,0.147137582579265,0.14713758257969048,0.14592511840684586,0.14592511840679243,0.14592511840679315,0.14592511840679243,0.14592511840684586,0.14592511840679243,0.14592511840680936,0.14592511840706573,0.14592511840680936,0.14592511840679243,0.14592511840679315,0.14592511840706573,0.1459251184090467,0.14592511840706573,0.14592511840679315,0.14592511840679243,0.14592511840680936,0.14592511840706573,0.14592511840680936,0.14592511840679243,0.14592511840684586,0.14592511840679243,0.14592511840679315,0.14592511840679243,0.14592511840684586,0.14473660977014186,0.14473660977028097,0.14473660977045377,0.14473660977028097,0.14473660977014186,0.14473660977028097,0.14473660977063724,0.1447366097713056,0.14473660977063724,0.14473660977028097,0.14473660977045377,0.1447366097713056,0.14473660977447872,0.1447366097713056,0.14473660977045377,0.14473660977028097,0.14473660977063724,0.1447366097713056,0.14473660977063724,0.14473660977028097,0.14473660977014186,0.14473660977028097,0.14473660977045377,0.14473660977028097,0.14473660977014186,0.14357153080646445,0.1435715308066833,0.14357153080691087,0.1435715308066833,0.14357153080646445,0.1435715308066833,0.14357153080714188,0.14357153080785098,0.14357153080714188,0.1435715308066833,0.14357153080691087,0.14357153080785098,0.1435715308106973,0.14357153080785098,0.14357153080691087,0.1435715308066833,0.14357153080714188,0.14357153080785098,0.14357153080714188,0.1435715308066833,0.14357153080646445,0.1435715308066833,0.14357153080691087,0.1435715308066833,0.14357153080646445,0.14242936446678892,0.1424293644670585,0.14242936446732304,0.1424293644670585,0.14242936446678892,0.1424293644670585,0.14242936446758542,0.14242936446836077,0.14242936446758542,0.1424293644670585,0.14242936446732304,0.14242936446836077,0.14242936447141685,0.14242936446836077,0.14242936446732304,0.1424293644670585,0.14242936446758542,0.14242936446836077,0.14242936446758542,0.1424293644670585,0.14242936446678892,0.1424293644670585,0.14242936446732304,0.1424293644670585,0.14242936446678892,0.1413096027288869,0.14130960272922552,0.14130960272954163,0.14130960272922552,0.1413096027288869,0.14130960272922552,0.14130960272984885,0.1413096027307197,0.14130960272984885,0.14130960272922552,0.14130960272954163,0.1413096027307197,0.1413096027340942,0.1413096027307197,0.14130960272954163,0.14130960272922552,0.14130960272984885,0.1413096027307197,0.14130960272984885,0.14130960272922552,0.1413096027288869,0.14130960272922552,0.14130960272954163,0.14130960272922552,0.1413096027288869,0.14021174676613976,0.14021174676662804,0.14021174676705309,0.14021174676662804,0.14021174676613976,0.14021174676662804,0.14021174676745832,0.14021174676848455,0.14021174676745832,0.14021174676662804,0.14021174676705309,0.14021174676848455,0.14021174677206305,0.14021174676848455,0.14021174676705309,0.14021174676662804,0.14021174676745832,0.14021174676848455,0.14021174676745832,0.14021174676662804,0.14021174676613976,0.14021174676662804,0.14021174676705309,0.14021174676662804,0.14021174676613976,0.13913530707653923,0.1391353070773949,0.13913530707812286,0.1391353070773949,0.13913530707653923,0.1391353070773949,0.13913530707882266,0.13913530708030558,0.13913530707882266,0.1391353070773949,0.13913530707812286,0.13913530708030558,0.13913530708322688,0.13913530708030558,0.13913530707812286,0.1391353070773949,0.13913530707882266,0.13913530708030558,0.13913530707882266,0.1391353070773949,0.13913530707653923,0.1391353070773949,0.13913530707812286,0.1391353070773949,0.13913530707653923,0.1380798035756066,0.13807980357726013,0.13807980357888636,0.13807980357726013,0.1380798035756066,0.13807980357726013,0.13807980358052205,0.13807980358488164,0.13807980358052205,0.13807980357726013,0.13807980357888636,0.13807980358488164,0.13807980359689487,0.13807980358488164,0.13807980357888636,0.13807980357726013,0.13807980358052205,0.13807980358488164,0.13807980358052205,0.13807980357726013,0.1380798035756066,0.13807980357726013,0.13807980357888636,0.13807980357726013,0.1380798035756066,0.1370447656567955,0.137044765659332,0.13704476566237597,0.13704476565933182,0.1370447656567955,0.137044765659332,0.137044765665525,0.13704476567785334,0.137044765665525,0.137044765659332,0.13704476566237597,0.13704476567785334,0.13704476574590066,0.13704476567785334,0.13704476566237597,0.13704476565933182,0.137044765665525,0.13704476567785334,0.137044765665525,0.13704476565933182,0.1370447656567955,0.137044765659332,0.13704476566237597,0.13704476565933182,0.1370447656567955,0.1360297322239469,0.13602973222569814,0.13602973222740525,0.13602973222569814,0.1360297322239469,0.13602973222569814,0.13602973222911477,0.13602973223366416,0.13602973222911477,0.13602973222569814,0.13602973222740525,0.13602973223366416,0.13602973224625137,0.13602973223366416,0.13602973222740525,0.13602973222569814,0.13602973222911477,0.13602973223366416,0.13602973222911477,0.13602973222569814,0.1360297322239469,0.13602973222569814,0.13602973222740525,0.13602973222569814,0.1360297322239469,0.13503425170058042,0.1350342517016731,0.13503425170257335,0.1350342517016731,0.13503425170058042,0.1350342517016731,0.13503425170342637,0.1350342517051602,0.13503425170342637,0.1350342517016731,0.13503425170257335,0.1350342517051602,0.1350342517083062,0.1350342517051602,0.13503425170257335,0.1350342517016731,0.13503425170342637,0.1350342517051602,0.13503425170342637,0.1350342517016731,0.13503425170058042,0.1350342517016731,0.13503425170257335,0.1350342517016731,0.13503425170058042
0.1653324879667723,0.16533248796677208,0.16533248796677208,0.16533248796677208,0.1653324879667723,0.16533248796677208,0.16533248796677208,0.16533248796677183,0.16533248796677208,0.16533248796677208,0.16533248796677208,0.16533248796677183,0.16533248796677183,0.16533248796677183,0.16533248796677208,0.16533248796677208,0.16533248796677208,0.16533248796677183,0.16533248796677208,0.16533248796677208,0.1653324879667723,0.16533248796677208,0.16533248796677208,0.16533248796677208,0.1653324879667723,0.1637574942443647,0.16375749424436445,0.16375749424436423,0.16375749424436445,0.1637574942443647,0.16375749424436445,0.163757494244364,0.163757494244364,0.163757494244364,0.16375749424436445,0.16375749424436423,0.163757494244364,0.16375749424436375,0.163757494244364,0.16375749424436423,0.16375749424436445,0.163757494244364,0.163757494244364,0.163757494244364,0.16375749424436445,0.1637574942443647,0.16375749424436445,0.16375749424436423,0.16375749424436445,0.1637574942443647,0.16221388445392124,0.16221388445392035,0.16221388445391965,0.16221388445392035,0.16221388445392124,0.16221388445392035,0.1622138844539192,0.16221388445391874,0.1622138844539192,0.16221388445392035,0.16221388445391965,0.16221388445391874,0.16221388445391807,0.16221388445391874,0.16221388445391965,0.16221388445392035,0.1622138844539192,0.16221388445391874,0.1622138844539192,0.16221388445392035,0.16221388445392124,0.16221388445392035,0.16221388445391965,0.16221388445392035,0.16221388445392124,0.16070106755248323,0.16070106755248056,0.1607010675524788,0.16070106755248056,0.16070106755248323,0.16070106755248056,0.16070106755247746,0.16070106755247546,0.16070106755247746,0.16070106755248056,0.1607010675524788,0.16070106755247546,0.16070106755247324,0.16070106755247546,0.1607010675524788,0.16070106755248056,0.16070106755247746,0.16070106755247546,0.16070106755247746,0.16070106755248056,0.16070106755248323,0.16070106755248056,0.1607010675524788,0.16070106755248056,0.16070106755248323,0.1592184519150329,0.1592184519150246,0.15921845191501918,0.1592184519150246,0.1592184519150329,0.1592184519150246,0.15921845191501505,0.15921845191500852,0.15921845191501505,0.1592184519150246,0.15921845191501918,0.15921845191500852,0.1592184519150013,0.15921845191500852,0.15921845191501918,0.1592184519150246,0.15921845191501505,0.15921845191500852,0.15921845191501505,0.1592184519150246,0.1592184519150329,0.1592184519150246,0.15921845191501918,0.1592184519150246,0.1592184519150329,0.15776544668634823,0.15776544668632367,0.15776544668630726,0.15776544668632367,0.15776544668634823,0.15776544668632367,0.15776544668629403,0.15776544668627335,0.15776544668629403,0.15776544668632367,0.15776544668630726,0.15776544668627335,0.1577654466862492,0.15776544668627335,0.15776544668630726,0.15776544668632367,0.15776544668629403,0.15776544668627335,0.15776544668629403,0.15776544668632367,0.15776544668634823,0.15776544668632367,0.15776544668630726,0.15776544668632367,0.15776544668634823,0.1563414629953412,0.15634146299527177,0.15634146299522306,0.15634146299527177,0.1563414629953412,0.15634146299527177,0.15634146299518165,0.1563414629951141,0.15634146299518165,0.15634146299527177,0.15634146299522306,0.1563414629951141,0.15634146299502819,0.1563414629951141,0.15634146299522306,0.15634146299527177,0.15634146299518165,0.1563414629951141,0.15634146299518165,0.15634146299527177,0.1563414629953412,0.15634146299527177,0.15634146299522306,0.15634146299527177,0.1563414629953412,0.15494591504215652,0.15494591504196878,0.154945915041828,0.15494591504196878,0.15494591504215652,0.15494591504196878,0.15494591504170094,0.1549459150414753,0.15494591504170094,0.15494591504196878,0.154945915041828,0.1549459150414753,0.15494591504114394,0.1549459150414753,0.154945915041828,0.15494591504196878,0.15494591504170094,0.1549459150414753,0.15494591504170094,0.15494591504196878,0.15494591504215652,0.15494591504196878,0.154945915041828,0.15494591504196878,0.15494591504215652,0.15357822106776833,0.15357822106730015,0.1535782210669105,0.15357822106730015,0.15357822106776833,0.15357822106730015,0.15357822106653957,0.15357822106577373,0.15357822106653957,0.15357822106730015,0.1535782210669105,0.15357822106577373,0.1535782210643562,0.15357822106577373,0.1535782210669105,0.15357822106730015,0.15357822106653957,0.15357822106577373,0.15357822106653957,0.15357822106730015,0.15357822106776833,0.15357822106730015,0.1535782210669105,0.15357822106730015,0.15357822106776833,0.15223780421527047,0.1522378042142538,0.15223780421327393,0.1522378042142538,0.15223780421527047,0.1522378042142538,0.15223780421229544,0.1522378042097444,0.15223780421229544,0.1522378042142538,0.15223780421327393,0.1522378042097444,0.15223780420289026,0.1522378042097444,0.15223780421327393,0.1522378042142538,0.15223780421229544,0.1522378042097444,0.15223780421229544,0.1522378042142538,0.15223780421527047,0.1522378042142538,0.15223780421327393,0.1522378042142538,0.15223780421527047,0.15092409329140533,0.15092409328971576,0.15092409328777168,0.15092409328971576,0.15092409329140533,0.15092409328971576,0.15092409328576956,0.15092409327844206,0.15092409328576956,0.15092409328971576,0.15092409328777168,0.15092409327844206,0.15092409324096062,0.15092409327844206,0.15092409328777168,0.15092409328971576,0.15092409328576956,0.15092409327844206,0.15092409328576956,0.15092409328971576,0.15092409329140533,0.15092409328971576,0.15092409328777168,0.15092409328971576,0.15092409329140533,0.14963652343586506,0.14963652343434145,0.14963652343270245,0.14963652343434145,0.14963652343586506,0.14963652343434145,0.1496365234310283,0.14963652342562883,0.1496365234310283,0.14963652343434145,0.14963652343270245,0.14963652342562883,0.14963652340283853,0.14963652342562883,0.14963652343270245,0.14963652343434145,0.1496365234310283,0.14963652342562883,0.1496365234310283,0.14963652343434145,0.14963652343586506,0.14963652343434145,0.14963652343270245,0.14963652343434145,0.14963652343586506,0.14837453670472933,0.14837453670376707,0.1483745367028167,0.14837453670376707,0.14837453670472933,0.14837453670376707,0.14837453670186412,0.14837453669914327,0.14837453670186412,0.14837453670376707,0.1483745367028167,0.14837453669914327,0.14837453668923758,0.14837453669914327,0.1483745367028167,0.14837453670376707,0.14837453670186412,0.14837453669914327,0.14837453670186412,0.14837453670376707,0.14837453670472933,0.14837453670376707,0.1483745367028167,0.14837453670376707,0.14837453670472933,0.1471375825796943,0.14713758257926687,0.147137582578891,0.14713758257926687,0.1471375825796943,0.14713758257926687,0.14713758257852785,0.14713758257765575,0.14713758257852785,0.14713758257926687,0.147137582578891,0.14713758257765575,0.14713758257512052,0.14713758257765575,0.147137582578891,0.14713758257926687,0.14713758257852785,0.14713758257765575,0.14713758257852785,0.14713758257926687,0.1471375825796943,0.14713758257926687,0.147137582578891,0.14713758257926687,0.1471375825796943,0.14592511840676253,0.14592511840670394,0.14592511840669878,0.14592511840670394,0.14592511840676253,0.14592511840670394,0.1459251184067091,0.1459251184069452,0.1459251184067091,0.14592511840670394,0.14592511840669878,0.1459251184069452,0.14592511840880526,0.1459251184069452,0.14592511840669878,0.14592511840670394,0.1459251184067091,0.1459251184069452,0.1459251184067091,0.14592511840670394,0.14592511840676253,0.14592511840670394,0.14592511840669878,0.14592511840670394,0.14592511840676253,0.1447366097699804,0.14473660977011374,0.14473660977028027,0.14473660977011374,0.1447366097699804,0.14473660977011374,0.14473660977045708,0.1447366097711045,0.14473660977045708,0.14473660977011374,0.14473660977028027,0.1447366097711045,0.14473660977420136,0.1447366097711045,0.14473660977028027,0.14473660977011374,0.14473660977045708,0.1447366097711045,0.14473660977045708,0.14473660977011374,0.1447366097699804,0.14473660977011374,0.14473660977028027,0.14473660977011374,0.1447366097699804,0.14357153080623636,0.1435715308064499,0.1435715308066722,0.1435715308064499,0.14357153080623636,0.1435715308064499,0.14357153080689772,0.1435715308075914,0.14357153080689772,0.1435715308064499,0.1435715308066722,0.1435715308075914,0.14357153081038293,0.1435715308075914,0.1435715308066722,0.1435715308064499,0.14357153080689772,0.1435715308075914,0.14357153080689772,0.1435715308064499,0.14357153080623636,0.1435715308064499,0.1435715308066722,0.1435715308064499,0.14357153080623636,0.1424293644665039,0.1424293644667688,0.14242936446702864,0.1424293644667688,0.1424293644665039,0.1424293644667688,0.14242936446728663,0.1424293644680484,0.14242936446728663,0.1424293644667688,0.14242936446702864,0.1424293644680484,0.14242936447106072,0.1424293644680484,0.14242936446702864,0.1424293644667688,0.14242936446728663,0.1424293644680484,0.14242936446728663,0.1424293644667688,0.1424293644665039,0.1424293644667688,0.14242936446702864,0.1424293644667688,0.1424293644665039,0.14130960272855386,0.14130960272888837,0.1413096027292002,0.14130960272888837,0.14130960272855386,0.14130960272888837,0.14130960272950313,0.14130960273036133,0.14130960272950313,0.14130960272888837,0.1413096027292002,0.14130960273036133,0.14130960273366544,0.14130960273036133,0.1413096027292002,0.14130960272888837,0.14130960272950313,0.14130960273036133,0.14130960272950313,0.14130960272888837,0.14130960272855386,0.14130960272888837,0.1413096027292002,0.14130960272888837,0.14130960272855386,0.14021174676576661,0.14021174676625117,0.14021174676667256,0.14021174676625117,0.14021174676576661,0.14021174676625117,0.14021174676707407,0.1402117467680893,0.14021174676707407,0.14021174676625117,0.14021174676667256,0.1402117467680893,0.14021174677162607,0.1402117467680893,0.14021174676667256,0.14021174676625117,0.14021174676707407,0.1402117467680893,0.14021174676707407,0.14021174676625117,0.14021174676576661,0.14021174676625117,0.14021174676667256,0.14021174676625117,0.14021174676576661,0.13913530707613286,0.13913530707698524,0.1391353070777102,0.13913530707698524,0.13913530707613286,0.13913530707698524,0.13913530707840716,0.13913530707988375,0.13913530707840716,0.13913530707698524,0.1391353070777102,0.13913530707988375,0.13913530708279082,0.13913530707988375,0.1391353070777102,0.13913530707698524,0.13913530707840716,0.13913530707988375,0.13913530707840716,0.13913530707698524,0.13913530707613286,0.13913530707698524,0.1391353070777102,0.13913530707698524,0.13913530707613286,0.13807980357517374,0.1380798035768226,0.13807980357844432,0.1380798035768226,0.13807980357517374,0.1380798035768226,0.13807980358007566,0.13807980358442412,0.13807980358007566,0.1380798035768226,0.13807980357844432,0.13807980358442412,0.13807980359640712,0.13807980358442412,0.13807980357844432,0.1380798035768226,0.13807980358007566,0.13807980358442412,0.13807980358007566,0.1380798035768226,0.13807980357517374,0.1380798035768226,0.13807980357844432,0.1380798035768226,0.13807980357517374,0.13704476565634469,0.1370447656588748,0.13704476566191148,0.1370447656588748,0.13704476565634469,0.1370447656588748,0.13704476566505278,0.1370447656773513,0.13704476566505278,0.1370447656588748,0.13704476566191148,0.1370447656773513,0.137044765745225,0.1370447656773513,0.13704476566191148,0.1370447656588748,0.13704476566505278,0.1370447656773513,0.13704476566505278,0.1370447656588748,0.13704476565634469,0.1370447656588748,0.13704476566191148,0.1370447656588748,0.13704476565634469,0.13602973222349077,0.13602973222523784,0.1360297322269408,0.13602973222523784,0.13602973222349077,0.13602973222523784,0.13602973222864612,0.13602973223318462,0.13602973222864612,0.13602973222523784,0.1360297322269408,0.13602973223318462,0.13602973224574175,0.13602973223318462,0.1360297322269408,0.13602973222523784,0.13602973222864612,0.13602973223318462,0.13602973222864612,0.13602973222523784,0.13602973222349077,0.13602973222523784,0.1360297322269408,0.13602973222523784,0.13602973222349077,0.13503425170012764,0.13503425170121772,0.13503425170211578,0.13503425170121772,0.13503425170012764,0.13503425170121772,0.13503425170296673,0.1350342517046963,0.13503425170296673,0.13503425170121772,0.13503425170211578,0.1350342517046963,0.1350342517078349,0.1350342517046963,0.13503425170211578,0.13503425170121772,0.13503425170296673,0.1350342517046963,0.13503425170296673,0.13503425170121772,0.13503425170012764,0.13503425170121772,0.13503425170211578,0.13503425170121772,0.13503425170012764
0.1653324879671161,0.1653324879671161,0.1653324879671161,0.1653324879671161,0.1653324879671161,0.1653324879671161,0.1653324879671159,0.1653324879671159,0.1653324879671159,0.1653324879671161,0.1653324879671161,0.1653324879671159,0.1653324879671159,0.1653324879671159,0.1653324879671161,0.1653324879671161,0.1653324879671159,0.1653324879671159,0.1653324879671159,0.1653324879671161,0.1653324879671161,0.1653324879671161,0.1653324879671161,0.1653324879671161,0.1653324879671161,0.16375749424470165,0.16375749424470146,0.1637574942447012,0.16375749424470146,0.16375749424470165,0.16375749424470146,0.1637574942447012,0.16375749424470099,0.1637574942447012,0.16375749424470146,0.1637574942447012,0.16375749424470099,0.16375749424470074,0.16375749424470099,0.1637574942447012,0.16375749424470146,0.1637574942447012,0.16375749424470099,0.1637574942447012,0.16375749424470146,0.16375749424470165,0.16375749424470146,0.1637574942447012,0.16375749424470146,0.16375749424470165,0.16221388445425128,0.16221388445425036,0.16221388445424992,0.16221388445425036,0.16221388445425128,0.16221388445425036,0.16221388445424947,0.16221388445424878,0.16221388445424947,0.16221388445425036,0.16221388445424992,0.16221388445424878,0.16221388445424811,0.16221388445424878,0.16221388445424992,0.16221388445425036,0.16221388445424947,0.16221388445424878,0.16221388445424947,0.16221388445425036,0.16221388445425128,0.16221388445425036,0.16221388445424992,0.16221388445425036,0.16221388445425128,0.1607010675528067,0.16070106755280403,0.16070106755280225,0.16070106755280403,0.1607010675528067,0.16070106755280403,0.16070106755280092,0.16070106755279892,0.16070106755280092,0.16070106755280403,0.16070106755280225,0.16070106755279892,0.1607010675527967,0.16070106755279892,0.16070106755280225,0.16070106755280403,0.16070106755280092,0.16070106755279892,0.16070106755280092,0.16070106755280403,0.1607010675528067,0.16070106755280403,0.16070106755280225,0.16070106755280403,0.1607010675528067,0.15921845191534945,0.15921845191534117,0.15921845191533573,0.15921845191534117,0.15921845191534945,0.15921845191534117,0.15921845191533182,0.1592184519153253,0.15921845191533182,0.15921845191534117,0.15921845191533573,0.1592184519153253,0.15921845191531833,0.1592184519153253,0.15921845191533573,0.15921845191534117,0.15921845191533182,0.1592184519153253,0.15921845191533182,0.15921845191534117,0.15921845191534945,0.15921845191534117,0.15921845191533573,0.15921845191534117,0.15921845191534945,0.15776544668665804,0.15776544668663373,0.1577654466866175,0.15776544668663373,0.15776544668665804,0.15776544668663373,0.15776544668660428,0.1577654466865838,0.15776544668660428,0.15776544668663373,0.1577654466866175,0.1577654466865838,0.15776544668655987,0.1577654466865838,0.1577654466866175,0.15776544668663373,0.15776544668660428,0.1577654466865838,0.15776544668660428,0.15776544668663373,0.15776544668665804,0.15776544668663373,0.1577654466866175,0.15776544668663373,0.15776544668665804,0.15634146299564378,0.15634146299557478,0.15634146299552668,0.15634146299557478,0.15634146299564378,0.15634146299557478,0.1563414629954855,0.15634146299541837,0.1563414629954855,0.15634146299557478,0.15634146299552668,0.15634146299541837,0.15634146299533305,0.15634146299541837,0.15634146299552668,0.15634146299557478,0.1563414629954855,0.15634146299541837,0.1563414629954855,0.15634146299557478,0.15634146299564378,0.15634146299557478,0.15634146299552668,0.15634146299557478,0.15634146299564378,0.15494591504245078,0.15494591504226451,0.15494591504212474,0.15494591504226451,0.15494591504245078,0.15494591504226451,0.1549459150419987,0.15494591504177493,0.1549459150419987,0.15494591504226451,0.15494591504212474,0.15494591504177493,0.15494591504144603,0.15494591504177493,0.15494591504212474,0.15494591504226451,0.1549459150419987,0.15494591504177493,0.1549459150419987,0.15494591504226451,0.15494591504245078,0.15494591504226451,0.15494591504212474,0.15494591504226451,0.15494591504245078,0.1535782210680519,0.15357822106758715,0.15357822106720034,0.15357822106758715,0.1535782210680519,0.15357822106758715,0.15357822106683217,0.1535782210660722,0.15357822106683217,0.15357822106758715,0.15357822106720034,0.1535782210660722,0.1535782210646653,0.1535782210660722,0.15357822106720034,0.15357822106758715,0.15357822106683217,0.1535782210660722,0.15357822106683217,0.15357822106758715,0.1535782210680519,0.15357822106758715,0.15357822106720034,0.15357822106758715,0.1535782210680519,0.15223780421553562,0.15223780421452662,0.15223780421355385,0.15223780421452662,0.15223780421553562,0.15223780421452662,0.15223780421258284,0.1522378042100509,0.15223780421258284,0.15223780421452662,0.15223780421355385,0.1522378042100509,0.15223780420324873,0.1522378042100509,0.15223780421355385,0.15223780421452662,0.15223780421258284,0.1522378042100509,0.15223780421258284,0.15223780421452662,0.15223780421553562,0.15223780421452662,0.15223780421355385,0.15223780421452662,0.15223780421553562,0.15092409329163683,0.1509240932899592,0.15092409328802942,0.1509240932899592,0.15092409329163683,0.1509240932899592,0.15092409328604217,0.15092409327876966,0.15092409328604217,0.1509240932899592,0.15092409328802942,0.15092409327876966,0.1509240932415359,0.15092409327876966,0.15092409328802942,0.1509240932899592,0.15092409328604217,0.15092409327876966,0.15092409328604217,0.1509240932899592,0.15092409329163683,0.1509240932899592,0.15092409328802942,0.1509240932899592,0.15092409329163683,0.1496365234360373,0.14963652343452333,0.14963652343289513,0.14963652343452333,0.1496365234360373,0.14963652343452333,0.14963652343123213,0.14963652342587086,0.14963652343123213,0.14963652343452333,0.14963652343289513,0.14963652342587086,0.1496365234032776,0.14963652342587086,0.14963652343289513,0.14963652343452333,0.14963652343123213,0.14963652342587086,0.14963652343123213,0.14963652343452333,0.1496365234360373,0.14963652343452333,0.14963652343289513,0.14963652343452333,0.1496365234360373,0.14837453670482162,0.14837453670386272,0.14837453670291495,0.14837453670386272,0.14837453670482162,0.14837453670386272,0.1483745367019653,0.14837453669925005,0.1483745367019653,0.14837453670386272,0.14837453670291495,0.14837453669925005,0.1483745366893323,0.14837453669925005,0.14837453670291495,0.14837453670386272,0.1483745367019653,0.14837453669925005,0.1483745367019653,0.14837453670386272,0.14837453670482162,0.14837453670386272,0.14837453670291495,0.14837453670386272,0.14837453670482162,0.1471375825796986,0.14713758257926923,0.14713758257889065,0.14713758257926923,0.1471375825796986,0.14713758257926923,0.14713758257852477,0.14713758257764156,0.14713758257852477,0.14713758257926923,0.14713758257889065,0.14713758257764156,0.14713758257507564,0.14713758257764156,0.14713758257889065,0.14713758257926923,0.14713758257852477,0.14713758257764156,0.14713758257852477,0.14713758257926923,0.1471375825796986,0.14713758257926923,0.14713758257889065,0.14713758257926923,0.1471375825796986,0.14592511840668185,0.14592511840661826,0.14592511840660757,0.14592511840661826,0.14592511840668185,0.14592511840661826,0.14592511840661224,0.1459251184068284,0.14592511840661224,0.14592511840661826,0.14592511840660757,0.1459251184068284,0.1459251184086028,0.1459251184068284,0.14592511840660757,0.14592511840661826,0.14592511840661224,0.1459251184068284,0.14592511840661224,0.14592511840661826,0.14592511840668185,0.14592511840661826,0.14592511840660757,0.14592511840661826,0.14592511840668185,0.14473660976982364,0.1447366097699511,0.14473660977011146,0.1447366097699511,0.14473660976982364,0.1447366097699511,0.1447366097702822,0.144736609770909,0.1447366097702822,0.1447366097699511,0.14473660977011146,0.144736609770909,0.14473660977390865,0.144736609770909,0.14473660977011146,0.1447366097699511,0.1447366097702822,0.144736609770909,0.1447366097702822,0.1447366097699511,0.14473660976982364,0.1447366097699511,0.14473660977011146,0.1447366097699511,0.14473660976982364,0.14357153080601426,0.14357153080622265,0.14357153080643964,0.14357153080622265,0.14357153080601426,0.14357153080622265,0.1435715308066602,0.14357153080733867,0.1435715308066602,0.14357153080622265,0.14357153080643964,0.14357153080733867,0.14357153081007407,0.14357153080733867,0.14357153080643964,0.14357153080622265,0.1435715308066602,0.14357153080733867,0.1435715308066602,0.14357153080622265,0.14357153080601426,0.14357153080622265,0.14357153080643964,0.14357153080622265,0.14357153080601426,0.14242936446622625,0.14242936446648646,0.14242936446674195,0.14242936446648646,0.14242936446622625,0.14242936446648646,0.14242936446699528,0.1424293644677438,0.14242936446699528,0.14242936446648646,0.14242936446674195,0.1424293644677438,0.14242936447070442,0.1424293644677438,0.14242936446674195,0.14242936446648646,0.14242936446699528,0.1424293644677438,0.14242936446699528,0.14242936446648646,0.14242936446622625,0.14242936446648646,0.14242936446674195,0.14242936446648646,0.14242936446622625,0.1413096027282292,0.14130960272855944,0.14130960272886733,0.14130960272855944,0.1413096027282292,0.14130960272855944,0.14130960272916618,0.14130960273001186,0.14130960272916618,0.14130960272855944,0.14130960272886733,0.14130960273001186,0.14130960273325593,0.14130960273001186,0.14130960272886733,0.14130960272855944,0.14130960272916618,0.14130960273001186,0.14130960272916618,0.14130960272855944,0.1413096027282292,0.14130960272855944,0.14130960272886733,0.14130960272855944,0.1413096027282292,0.14021174676540268,0.14021174676588352,0.14021174676630133,0.14021174676588352,0.14021174676540268,0.14021174676588352,0.1402117467666993,0.14021174676770376,0.1402117467666993,0.14021174676588352,0.14021174676630133,0.14021174676770376,0.14021174677120182,0.14021174676770376,0.14021174676630133,0.14021174676588352,0.1402117467666993,0.14021174676770376,0.1402117467666993,0.14021174676588352,0.14021174676540268,0.14021174676588352,0.14021174676630133,0.14021174676588352,0.14021174676540268,0.1391353070757365,0.13913530707658553,0.13913530707730748,0.13913530707658553,0.1391353070757365,0.13913530707658553,0.13913530707800179,0.13913530707947203,0.13913530707800179,0.13913530707658553,0.13913530707730748,0.13913530707947203,0.13913530708236532,0.13913530707947203,0.13913530707730748,0.13913530707658553,0.13913530707800179,0.13913530707947203,0.13913530707800179,0.13913530707658553,0.1391353070757365,0.13913530707658553,0.13913530707730748,0.13913530707658553,0.1391353070757365,0.1380798035747511,0.13807980357639546,0.13807980357801317,0.13807980357639546,0.1380798035747511,0.13807980357639546,0.13807980357964017,0.1380798035839776,0.13807980357964017,0.13807980357639546,0.13807980357801317,0.1380798035839776,0.13807980359593114,0.1380798035839776,0.13807980357801317,0.13807980357639546,0.13807980357964017,0.1380798035839776,0.13807980357964017,0.13807980357639546,0.1380798035747511,0.13807980357639546,0.13807980357801317,0.13807980357639546,0.1380798035747511,0.1370447656559047,0.13704476565842857,0.13704476566145796,0.13704476565842857,0.1370447656559047,0.13704476565842857,0.1370447656645918,0.1370447656768613,0.1370447656645918,0.13704476565842857,0.13704476566145796,0.1370447656768613,0.13704476574456545,0.1370447656768613,0.13704476566145796,0.13704476565842857,0.1370447656645918,0.1370447656768613,0.1370447656645918,0.13704476565842857,0.1370447656559047,0.13704476565842857,0.13704476566145796,0.13704476565842857,0.1370447656559047,0.13602973222304554,0.13602973222478842,0.13602973222648737,0.13602973222478842,0.13602973222304554,0.13602973222478842,0.13602973222818865,0.13602973223271644,0.13602973222818865,0.13602973222478842,0.13602973222648737,0.13602973223271644,0.13602973224524403,0.13602973223271644,0.13602973222648737,0.13602973222478842,0.13602973222818865,0.13602973223271644,0.13602973222818865,0.13602973222478842,0.13602973222304554,0.13602973222478842,0.13602973222648737,0.13602973222478842,0.13602973222304554,0.13503425169968575,0.13503425170077316,0.13503425170166902,0.13503425170077316,0.13503425169968575,0.13503425170077316,0.1350342517025181,0.13503425170424355,0.1350342517025181,0.13503425170077316,0.13503425170166902,0.13503425170424355,0.13503425170737468,0.13503425170424355,0.13503425170166902,0.13503425170077316,0.1350342517025181,0.13503425170424355,0.1350342517025181,0.13503425170077316,0.13503425169968575,0.13503425170077316,0.13503425170166902,0.13503425170077316,0.13503425169968575
0.16533248796745145,0.16533248796745145,0.16533248796745123,0.16533248796745145,0.16533248796745145,0.16533248796745145,0.16533248796745123,0.16533248796745123,0.16533248796745123,0.16533248796745145,0.16533248796745123,0.16533248796745123,0.16533248796745123,0.16533248796745123,0.16533248796745123,0.16533248796745145,0.16533248796745123,0.16533248796745123,0.16533248796745123,0.16533248796745145,0.16533248796745145,0.16533248796745145,0.16533248796745123,0.16533248796745145,0.16533248796745145,0.16375749424503033,0.1637574942450301,0.16375749424502986,0.1637574942450301,0.16375749424503033,0.1637574942450301,0.16375749424502964,0.1637574942450294,0.16375749424502964,0.1637574942450301,0.16375749424502986,0.1637574942450294,0.1637574942450294,0.1637574942450294,0.16375749424502986,0.1637574942450301,0.16375749424502964,0.1637574942450294,0.16375749424502964,0.1637574942450301,0.16375749424503033,0.1637574942450301,0.16375749424502986,0.1637574942450301,0.16375749424503033,0.16221388445457316,0.16221388445457224,0.1622138844545718,0.16221388445457224,0.16221388445457316,0.16221388445457224,0.16221388445457136,0.16221388445457066,0.16221388445457136,0.16221388445457224,0.1622138844545718,0.16221388445457066,0.16221388445457022,0.16221388445457066,0.1622138844545718,0.16221388445457224,0.16221388445457136,0.16221388445457066,0.16221388445457136,0.16221388445457224,0.16221388445457316,0.16221388445457224,0.1622138844545718,0.16221388445457224,0.16221388445457316,0.1607010675531219,0.16070106755311928,0.16070106755311747,0.16070106755311928,0.1607010675531219,0.16070106755311928,0.16070106755311614,0.16070106755311417,0.16070106755311614,0.16070106755311928,0.16070106755311747,0.16070106755311417,0.16070106755311214,0.16070106755311417,0.16070106755311747,0.16070106755311928,0.16070106755311614,0.16070106755311417,0.16070106755311614,0.16070106755311928,0.1607010675531219,0.16070106755311928,0.16070106755311747,0.16070106755311928,0.1607010675531219,0.1592184519156582,0.1592184519156499,0.15921845191564468,0.1592184519156499,0.1592184519156582,0.1592184519156499,0.15921845191564055,0.15921845191563422,0.15921845191564055,0.1592184519156499,0.15921845191564468,0.15921845191563422,0.15921845191562703,0.15921845191563422,0.15921845191564468,0.1592184519156499,0.15921845191564055,0.15921845191563422,0.15921845191564055,0.1592184519156499,0.1592184519156582,0.1592184519156499,0.15921845191564468,0.1592184519156499,0.1592184519156582,0.15776544668695994,0.15776544668693585,0.1577654466869196,0.15776544668693585,0.15776544668695994,0.15776544668693585,0.15776544668690662,0.15776544668688633,0.15776544668690662,0.15776544668693585,0.1577654466869196,0.15776544668688633,0.15776544668686246,0.15776544668688633,0.1577654466869196,0.15776544668693585,0.15776544668690662,0.15776544668688633,0.15776544668690662,0.15776544668693585,0.15776544668695994,0.15776544668693585,0.1577654466869196,0.15776544668693585,0.15776544668695994,0.15634146299593885,0.15634146299587046,0.15634146299582255,0.15634146299587046,0.15634146299593885,0.15634146299587046,0.15634146299578158,0.15634146299571508,0.15634146299578158,0.15634146299587046,0.15634146299582255,0.15634146299571508,0.1563414629956304,0.15634146299571508,0.15634146299582255,0.15634146299587046,0.15634146299578158,0.15634146299571508,0.15634146299578158,0.15634146299587046,0.15634146299593885,0.15634146299587046,0.15634146299582255,0.15634146299587046,0.15634146299593885,0.1549459150427381,0.15494591504255303,0.1549459150424143,0.15494591504255303,0.1549459150427381,0.15494591504255303,0.1549459150422891,0.15494591504206692,0.1549459150422891,0.15494591504255303,0.1549459150424143,0.15494591504206692,0.15494591504174052,0.15494591504206692,0.1549459150424143,0.15494591504255303,0.1549459150422891,0.15494591504206692,0.1549459150422891,0.15494591504255303,0.1549459150427381,0.15494591504255303,0.1549459150424143,0.15494591504255303,0.1549459150427381,0.15357822106832827,0.15357822106786692,0.15357822106748292,0.15357822106786692,0.15357822106832827,0.15357822106786692,0.15357822106711758,0.153578221066363,0.15357822106711758,0.15357822106786692,0.15357822106748292,0.153578221066363,0.15357822106496655,0.153578221066363,0.15357822106748292,0.15357822106786692,0.15357822106711758,0.153578221066363,0.15357822106711758,0.15357822106786692,0.15357822106832827,0.15357822106786692,0.15357822106748292,0.15357822106786692,0.15357822106832827,0.15223780421579447,0.15223780421479255,0.15223780421382707,0.15223780421479255,0.15223780421579447,0.15223780421479255,0.15223780421286293,0.1522378042103497,0.15223780421286293,0.15223780421479255,0.15223780421382707,0.1522378042103497,0.15223780420359792,0.1522378042103497,0.15223780421382707,0.15223780421479255,0.15223780421286293,0.1522378042103497,0.15223780421286293,0.15223780421479255,0.15223780421579447,0.15223780421479255,0.15223780421382707,0.15223780421479255,0.15223780421579447,0.15092409329186274,0.15092409329019688,0.150924093288281,0.15092409329019688,0.15092409329186274,0.15092409329019688,0.15092409328630801,0.15092409327908896,0.15092409328630801,0.15092409329019688,0.150924093288281,0.15092409327908896,0.15092409324214284,0.15092409327908896,0.150924093288281,0.15092409329019688,0.15092409328630801,0.15092409327908896,0.15092409328630801,0.15092409329019688,0.15092409329186274,0.15092409329019688,0.150924093288281,0.15092409329019688,0.15092409329186274,0.14963652343620562,0.14963652343470088,0.14963652343308345,0.14963652343470088,0.14963652343620562,0.14963652343470088,0.1496365234314314,0.1496365234261072,0.1496365234314314,0.14963652343470088,0.14963652343308345,0.1496365234261072,0.14963652340369757,0.1496365234261072,0.14963652343308345,0.14963652343470088,0.1496365234314314,0.1496365234261072,0.1496365234314314,0.14963652343470088,0.14963652343620562,0.14963652343470088,0.14963652343308345,0.14963652343470088,0.14963652343620562,0.14837453670491185,0.14837453670395628,0.14837453670301148,0.14837453670395628,0.14837453670491185,0.14837453670395628,0.14837453670206446,0.14837453669935513,0.14837453670206446,0.14837453670395628,0.14837453670301148,0.14837453669935513,0.14837453668945053,0.14837453669935513,0.14837453670301148,0.14837453670395628,0.14837453670206446,0.14837453669935513,0.14837453670206446,0.14837453670395628,0.14837453670491185,0.14837453670395628,0.14837453670301148,0.14837453670395628,0.14837453670491185,0.14713758257970355,0.1471375825792723,0.14713758257889117,0.1471375825792723,0.14713758257970355,0.1471375825792723,0.1471375825785226,0.14713758257762866,0.1471375825785226,0.1471375825792723,0.14713758257889117,0.14713758257762866,0.14713758257502027,0.14713758257762866,0.14713758257889117,0.1471375825792723,0.1471375825785226,0.14713758257762866,0.1471375825785226,0.1471375825792723,0.14713758257970355,0.1471375825792723,0.14713758257889117,0.1471375825792723,0.14713758257970355,0.1459251184066037,0.14592511840653527,0.14592511840651928,0.14592511840653527,0.1459251184066037,0.14592511840653527,0.14592511840651837,0.14592511840671568,0.14592511840651837,0.14592511840653527,0.14592511840651928,0.14592511840671568,0.1459251184083888,0.14592511840671551,0.14592511840651928,0.14592511840653527,0.14592511840651837,0.14592511840671551,0.14592511840651837,0.14592511840653527,0.1459251184066037,0.14592511840653527,0.14592511840651928,0.14592511840653527,0.1459251184066037,0.14473660976967126,0.1447366097697931,0.1447366097699474,0.1447366097697931,0.14473660976967126,0.1447366097697931,0.144736609770112,0.14473660977071892,0.144736609770112,0.1447366097697931,0.1447366097699474,0.14473660977071892,0.14473660977361139,0.14473660977071892,0.1447366097699474,0.1447366097697931,0.144736609770112,0.14473660977071892,0.144736609770112,0.1447366097697931,0.14473660976967126,0.1447366097697931,0.1447366097699474,0.1447366097697931,0.14473660976967126,0.1435715308057978,0.14357153080600127,0.14357153080621324,0.14357153080600127,0.1435715308057978,0.14357153080600127,0.14357153080642868,0.14357153080709242,0.14357153080642868,0.14357153080600127,0.14357153080621324,0.14357153080709242,0.14357153080974572,0.14357153080709242,0.14357153080621324,0.14357153080600127,0.14357153080642868,0.14357153080709242,0.14357153080642868,0.14357153080600127,0.1435715308057978,0.14357153080600127,0.14357153080621324,0.14357153080600127,0.1435715308057978,0.14242936446595553,0.14242936446621135,0.14242936446646232,0.14242936446621135,0.14242936446595553,0.14242936446621135,0.14242936446671126,0.14242936446744683,0.14242936446671126,0.14242936446621135,0.14242936446646232,0.14242936446744683,0.14242936447036086,0.14242936446744683,0.14242936446646232,0.14242936446621135,0.14242936446671126,0.14242936446744683,0.14242936446671126,0.14242936446621135,0.14242936446595553,0.14242936446621135,0.14242936446646232,0.14242936446621135,0.14242936446595553,0.14130960272791243,0.14130960272823873,0.14130960272854254,0.14130960272823873,0.14130960272791243,0.14130960272823873,0.14130960272883739,0.1413096027296709,0.14130960272883739,0.14130960272823873,0.14130960272854254,0.1413096027296709,0.14130960273289295,0.1413096027296709,0.14130960272854254,0.14130960272823873,0.14130960272883739,0.1413096027296709,0.14130960272883739,0.14130960272823873,0.14130960272791243,0.14130960272823873,0.14130960272854254,0.14130960272823873,0.14130960272791243,0.14021174676504744,0.14021174676552475,0.14021174676593917,0.14021174676552475,0.14021174676504744,0.14021174676552475,0.14021174676633358,0.1402117467673274,0.14021174676633358,0.14021174676552475,0.14021174676593917,0.1402117467673274,0.14021174677076692,0.1402117467673274,0.14021174676593917,0.14021174676552475,0.14021174676633358,0.1402117467673274,0.14021174676633358,0.14021174676552475,0.14021174676504744,0.14021174676552475,0.14021174676593917,0.14021174676552475,0.14021174676504744,0.13913530707534943,0.1391353070761953,0.1391353070769144,0.1391353070761953,0.13913530707534943,0.1391353070761953,0.139135307077606,0.13913530707906996,0.139135307077606,0.1391353070761953,0.1391353070769144,0.13913530707906996,0.13913530708194996,0.13913530707906996,0.1391353070769144,0.1391353070761953,0.139135307077606,0.13913530707906996,0.139135307077606,0.1391353070761953,0.13913530707534943,0.1391353070761953,0.1391353070769144,0.1391353070761953,0.13913530707534943,0.13807980357433852,0.13807980357597854,0.13807980357759206,0.13807980357597854,0.13807980357433852,0.13807980357597854,0.13807980357921487,0.13807980358354147,0.13807980357921487,0.13807980357597854,0.13807980357759206,0.13807980358354147,0.13807980359546618,0.13807980358354147,0.13807980357759206,0.13807980357597854,0.13807980357921487,0.13807980358354147,0.13807980357921487,0.13807980357597854,0.13807980357433852,0.13807980357597854,0.13807980357759206,0.13807980357597854,0.13807980357433852,0.13704476565547505,0.13704476565799278,0.13704476566101506,0.13704476565799278,0.13704476565547505,0.13704476565799278,0.13704476566414162,0.13704476567638266,0.13704476566414162,0.13704476565799278,0.13704476566101506,0.13704476567638266,0.13704476574393357,0.13704476567638266,0.13704476566101506,0.13704476565799278,0.13704476566414162,0.13704476567638266,0.13704476566414162,0.13704476565799278,0.13704476565547505,0.13704476565799278,0.13704476566101506,0.13704476565799278,0.13704476565547505,0.13602973222261072,0.13602973222434964,0.13602973222604453,0.13602973222434964,0.13602973222261072,0.13602973222434964,0.13602973222774195,0.1360297322322591,0.1360297322277418,0.13602973222434964,0.13602973222604453,0.1360297322322591,0.13602973224475778,0.1360297322322591,0.13602973222604453,0.13602973222434964,0.1360297322277418,0.1360297322322591,0.13602973222774195,0.13602973222434964,0.13602973222261072,0.13602973222434964,0.13602973222604453,0.13602973222434964,0.13602973222261072,0.13503425169925404,0.135034251700339,0.13503425170123276,0.13503425170033911,0.13503425169925404,0.135034251700339,0.1350342517020798,0.13503425170380134,0.1350342517020798,0.13503425170033911,0.13503425170123276,0.13503425170380134,0.13503425170692526,0.13503425170380134,0.13503425170123276,0.13503425170033911,0.1350342517020798,0.13503425170380134,0.1350342517020798,0.13503425170033911,0.13503425169925404,0.13503425170033911,0.13503425170123276,0.13503425170033911,0.13503425169925404
0.16533248796777877,0.16533248796777855,0.16533248796777855,0.16533248796777855,0.16533248796777877,0.16533248796777855,0.16533248796777855,0.16533248796777833,0.16533248796777855,0.16533248796777855,0.16533248796777855,0.16533248796777833,0.16533248796777833,0.16533248796777833,0.16533248796777855,0.16533248796777855,0.16533248796777855,0.16533248796777833,0.16533248796777855,0.16533248796777855,0.16533248796777877,0.16533248796777855,0.16533248796777855,0.16533248796777855,0.16533248796777877,0.1637574942453509,0.16375749424535066,0.16375749424535044,0.16375749424535066,0.1637574942453509,0.16375749424535066,0.16375749424535022,0.16375749424535,0.16375749424535022,0.16375749424535066,0.16375749424535044,0.16375749424535,0.16375749424535,0.16375749424535,0.16375749424535044,0.16375749424535066,0.16375749424535022,0.16375749424535,0.16375749424535022,0.16375749424535066,0.1637574942453509,0.16375749424535066,0.16375749424535044,0.16375749424535066,0.1637574942453509,0.16221388445488732,0.16221388445488644,0.16221388445488574,0.16221388445488644,0.16221388445488732,0.16221388445488644,0.16221388445488555,0.16221388445488485,0.16221388445488555,0.16221388445488644,0.16221388445488574,0.16221388445488485,0.16221388445488416,0.16221388445488485,0.16221388445488574,0.16221388445488644,0.16221388445488555,0.16221388445488485,0.16221388445488555,0.16221388445488644,0.16221388445488732,0.16221388445488644,0.16221388445488574,0.16221388445488644,0.16221388445488732,0.1607010675534296,0.16070106755342672,0.16070106755342517,0.16070106755342672,0.1607010675534296,0.16070106755342672,0.1607010675534238,0.16070106755342184,0.1607010675534238,0.16070106755342672,0.16070106755342517,0.16070106755342184,0.16070106755341984,0.16070106755342184,0.16070106755342517,0.16070106755342672,0.1607010675534238,0.16070106755342184,0.1607010675534238,0.16070106755342672,0.1607010675534296,0.16070106755342672,0.16070106755342517,0.16070106755342672,0.1607010675534296,0.15921845191595926,0.15921845191595121,0.15921845191594577,0.15921845191595121,0.15921845191595926,0.15921845191595121,0.15921845191594186,0.15921845191593556,0.15921845191594186,0.15921845191595121,0.15921845191594577,0.15921845191593556,0.1592184519159286,0.15921845191593556,0.15921845191594577,0.15921845191595121,0.15921845191594186,0.15921845191593556,0.15921845191594186,0.15921845191595121,0.15921845191595926,0.15921845191595121,0.15921845191594577,0.15921845191595121,0.15921845191595926,0.15776544668725462,0.1577654466872307,0.15776544668721473,0.1577654466872307,0.15776544668725462,0.1577654466872307,0.15776544668720172,0.15776544668718143,0.15776544668720172,0.1577654466872307,0.15776544668721473,0.15776544668718143,0.15776544668715795,0.15776544668718143,0.15776544668721473,0.1577654466872307,0.15776544668720172,0.15776544668718143,0.15776544668720172,0.1577654466872307,0.15776544668725462,0.1577654466872307,0.15776544668721473,0.1577654466872307,0.15776544668725462,0.15634146299622675,0.1563414629961588,0.15634146299611135,0.1563414629961588,0.15634146299622675,0.1563414629961588,0.15634146299607055,0.15634146299600468,0.15634146299607055,0.1563414629961588,0.15634146299611135,0.15634146299600468,0.15634146299592044,0.15634146299600468,0.15634146299611135,0.1563414629961588,0.15634146299607055,0.15634146299600468,0.15634146299607055,0.1563414629961588,0.15634146299622675,0.1563414629961588,0.15634146299611135,0.1563414629961588,0.15634146299622675,0.15494591504301825,0.15494591504283442,0.15494591504269692,0.15494591504283442,0.15494591504301825,0.15494591504283442,0.15494591504257252,0.15494591504235203,0.15494591504257252,0.15494591504283442,0.15494591504269692,0.15494591504235203,0.1549459150420278,0.15494591504235203,0.15494591504269692,0.15494591504283442,0.15494591504257252,0.15494591504235203,0.15494591504257252,0.15494591504283442,0.15494591504301825,0.15494591504283442,0.15494591504269692,0.15494591504283442,0.15494591504301825,0.15357822106859798,0.15357822106813987,0.15357822106775867,0.15357822106813987,0.15357822106859798,0.15357822106813987,0.15357822106739596,0.15357822106664698,0.15357822106739596,0.15357822106813987,0.15357822106775867,0.15357822106664698,0.1535782210652606,0.15357822106664698,0.15357822106775867,0.15357822106813987,0.15357822106739596,0.15357822106664698,0.15357822106739596,0.15357822106813987,0.15357822106859798,0.15357822106813987,0.15357822106775867,0.15357822106813987,0.15357822106859798,0.1522378042160468,0.15223780421505217,0.1522378042140934,0.15223780421505217,0.1522378042160468,0.15223780421505217,0.15223780421313635,0.1522378042106412,0.15223780421313635,0.15223780421505217,0.1522378042140934,0.1522378042106412,0.15223780420393862,0.1522378042106412,0.1522378042140934,0.15223780421505217,0.15223780421313635,0.1522378042106412,0.15223780421313635,0.15223780421505217,0.1522378042160468,0.15223780421505217,0.1522378042140934,0.15223780421505217,0.1522378042160468,0.15092409329208326,0.15092409329042897,0.15092409328852638,0.15092409329042897,0.15092409329208326,0.15092409329042897,0.15092409328656747,0.15092409327940032,0.15092409328656747,0.15092409329042897,0.15092409328852638,0.15092409327940032,0.15092409324272624,0.15092409327940032,0.15092409328852638,0.15092409329042897,0.15092409328656747,0.15092409327940032,0.15092409328656747,0.15092409329042897,0.15092409329208326,0.15092409329042897,0.15092409328852638,0.15092409329042897,0.15092409329208326,0.1496365234363701,0.14963652343487466,0.14963652343326744,0.14963652343487466,0.1496365234363701,0.14963652343487466,0.14963652343162598,0.1496365234263381,0.14963652343162598,0.14963652343487466,0.14963652343326744,0.1496365234263381,0.14963652340410108,0.1496365234263381,0.14963652343326744,0.14963652343487466,0.14963652343162598,0.1496365234263381,0.14963652343162598,0.14963652343487466,0.1496365234363701,0.14963652343487466,0.14963652343326744,0.14963652343487466,0.1496365234363701,0.14837453670500064,0.14837453670404804,0.1483745367031062,0.14837453670404804,0.14837453670500064,0.14837453670404804,0.14837453670216194,0.14837453669945852,0.14837453670216194,0.14837453670404804,0.1483745367031062,0.14837453669945852,0.14837453668955358,0.14837453669945852,0.1483745367031062,0.14837453670404804,0.14837453670216194,0.14837453669945852,0.14837453670216194,0.14837453670404804,0.14837453670500064,0.14837453670404804,0.1483745367031062,0.14837453670404804,0.14837453670500064,0.14713758257970863,0.14713758257927576,0.14713758257889226,0.14713758257927576,0.14713758257970863,0.14713758257927576,0.14713758257852116,0.14713758257761683,0.14713758257852116,0.14713758257927576,0.14713758257889226,0.14713758257761683,0.14713758257494214,0.14713758257761683,0.14713758257889226,0.14713758257927576,0.14713758257852116,0.14713758257761683,0.14713758257852116,0.14713758257927576,0.14713758257970863,0.14713758257927576,0.14713758257889226,0.14713758257927576,0.14713758257970863,0.14592511840652783,0.145925118406455,0.14592511840643382,0.145925118406455,0.14592511840652783,0.145925118406455,0.14592511840642738,0.14592511840660635,0.14592511840642738,0.145925118406455,0.14592511840643382,0.14592511840660635,0.1459251184082237,0.14592511840660635,0.14592511840643382,0.145925118406455,0.14592511840642738,0.14592511840660635,0.14592511840642738,0.145925118406455,0.14592511840652783,0.145925118406455,0.14592511840643382,0.145925118406455,0.14592511840652783,0.1447366097695229,0.1447366097696393,0.1447366097697879,0.1447366097696393,0.1447366097695229,0.1447366097696393,0.14473660976994654,0.14473660977053407,0.14473660976994654,0.1447366097696393,0.1447366097697879,0.14473660977053407,0.14473660977335392,0.14473660977053407,0.1447366097697879,0.1447366097696393,0.14473660976994654,0.14473660977053407,0.14473660976994654,0.1447366097696393,0.1447366097695229,0.1447366097696393,0.1447366097697879,0.1447366097696393,0.1447366097695229,0.14357153080558716,0.14357153080578564,0.1435715308059927,0.14357153080578564,0.14357153080558716,0.14357153080578564,0.14357153080620313,0.14357153080685253,0.14357153080620313,0.14357153080578564,0.1435715308059927,0.14357153080685253,0.14357153080944987,0.14357153080685253,0.1435715308059927,0.14357153080578564,0.14357153080620313,0.14357153080685253,0.14357153080620313,0.14357153080578564,0.14357153080558716,0.14357153080578564,0.1435715308059927,0.14357153080578564,0.14357153080558716,0.1424293644656915,0.14242936446594295,0.1424293644661897,0.14242936446594295,0.1424293644656915,0.14242936446594295,0.14242936446643428,0.14242936446715698,0.14242936446643428,0.14242936446594295,0.1424293644661897,0.14242936446715698,0.14242936446999954,0.14242936446715698,0.1424293644661897,0.14242936446594295,0.14242936446643428,0.14242936446715698,0.14242936446643428,0.14242936446594295,0.1424293644656915,0.14242936446594295,0.1424293644661897,0.14242936446594295,0.1424293644656915,0.14130960272760323,0.14130960272792575,0.14130960272822557,0.14130960272792575,0.14130960272760323,0.14130960272792575,0.14130960272851653,0.14130960272933804,0.14130960272851653,0.14130960272792575,0.14130960272822557,0.14130960272933804,0.1413096027325129,0.14130960272933804,0.14130960272822557,0.14130960272792575,0.14130960272851653,0.14130960272933804,0.14130960272851653,0.14130960272792575,0.14130960272760323,0.14130960272792575,0.14130960272822557,0.14130960272792575,0.14130960272760323,0.14021174676470075,0.1402117467651745,0.1402117467655854,0.1402117467651745,0.14021174676470075,0.1402117467651745,0.14021174676597656,0.1402117467669599,0.14021174676597656,0.1402117467651745,0.1402117467655854,0.1402117467669599,0.14021174677037604,0.1402117467669599,0.1402117467655854,0.1402117467651745,0.14021174676597656,0.1402117467669599,0.14021174676597656,0.1402117467651745,0.14021174676470075,0.1402117467651745,0.1402117467655854,0.1402117467651745,0.14021174676470075,0.13913530707497154,0.13913530707581412,0.13913530707653052,0.13913530707581412,0.13913530707497154,0.13913530707581412,0.13913530707721927,0.13913530707867736,0.13913530707721927,0.13913530707581412,0.13913530707653052,0.13913530707867736,0.1391353070815441,0.13913530707867736,0.13913530707653052,0.13913530707581412,0.13913530707721927,0.13913530707867736,0.13913530707721927,0.13913530707581412,0.13913530707497154,0.13913530707581412,0.13913530707653052,0.13913530707581412,0.13913530707497154,0.1380798035739354,0.13807980357557123,0.13807980357718058,0.13807980357557123,0.1380798035739354,0.13807980357557123,0.1380798035787995,0.13807980358311542,0.1380798035787995,0.13807980357557123,0.13807980357718058,0.13807980358311542,0.13807980359501176,0.13807980358311542,0.13807980357718058,0.13807980357557123,0.1380798035787995,0.13807980358311542,0.1380798035787995,0.13807980357557123,0.1380798035739354,0.13807980357557123,0.13807980357718058,0.13807980357557123,0.1380798035739354,0.1370447656550551,0.1370447656575671,0.13704476566058238,0.1370447656575671,0.1370447656550551,0.1370447656575671,0.13704476566370175,0.13704476567591484,0.13704476566370175,0.1370447656575671,0.13704476566058238,0.13704476567591484,0.13704476574331872,0.13704476567591484,0.13704476566058238,0.1370447656575671,0.13704476566370175,0.13704476567591484,0.13704476566370175,0.1370447656575671,0.1370447656550551,0.1370447656575671,0.13704476566058238,0.1370447656575671,0.1370447656550551,0.13602973222218592,0.13602973222392079,0.13602973222561196,0.13602973222392079,0.13602973222218592,0.13602973222392079,0.13602973222730533,0.13602973223181222,0.13602973222730533,0.13602973222392079,0.13602973222561196,0.13602973223181222,0.13602973224428275,0.13602973223181222,0.13602973222561196,0.13602973222392079,0.13602973222730533,0.13602973223181222,0.13602973222730533,0.13602973222392079,0.13602973222218592,0.13602973222392079,0.13602973222561196,0.13602973222392079,0.13602973222218592,0.13503425169883226,0.13503425169991487,0.13503425170080663,0.13503425169991487,0.13503425169883226,0.13503425169991487,0.1350342517016516,0.13503425170336936,0.1350342517016516,0.13503425169991487,0.13503425170080663,0.13503425170336936,0.1350342517064861,0.13503425170336936,0.13503425170080663,0.13503425169991487,0.1350342517016516,0.13503425170336936,0.1350342517016516,0.13503425169991487,0.13503425169883226,0.13503425169991487,0.13503425170080663,0.13503425169991487,0.13503425169883226
0.16533248796809807,0.16533248796809807,0.16533248796809785,0.16533248796809807,0.16533248796809807,0.16533248796809807,0.16533248796809785,0.16533248796809785,0.16533248796809785,0.16533248796809807,0.16533248796809785,0.16533248796809785,0.16533248796809763,0.16533248796809785,0.16533248796809785,0.16533248796809807,0.16533248796809785,0.16533248796809785,0.16533248796809785,0.16533248796809807,0.16533248796809807,0.16533248796809807,0.16533248796809785,0.16533248796809807,0.16533248796809807,0.16375749424566383,0.1637574942456636,0.16375749424566338,0.1637574942456636,0.16375749424566383,0.1637574942456636,0.16375749424566338,0.16375749424566316,0.16375749424566338,0.1637574942456636,0.16375749424566338,0.16375749424566316,0.16375749424566288,0.16375749424566316,0.16375749424566338,0.1637574942456636,0.16375749424566338,0.16375749424566316,0.16375749424566338,0.1637574942456636,0.16375749424566383,0.1637574942456636,0.16375749424566338,0.1637574942456636,0.16375749424566383,0.16221388445519402,0.16221388445519314,0.16221388445519244,0.16221388445519314,0.16221388445519402,0.16221388445519314,0.162213884455192,0.16221388445519155,0.162213884455192,0.16221388445519314,0.16221388445519244,0.16221388445519155,0.16221388445519086,0.16221388445519155,0.16221388445519244,0.16221388445519314,0.162213884455192,0.16221388445519155,0.162213884455192,0.16221388445519314,0.16221388445519402,0.16221388445519314,0.16221388445519244,0.16221388445519314,0.16221388445519402,0.16070106755372995,0.16070106755372707,0.1607010675537255,0.16070106755372707,0.16070106755372995,0.16070106755372707,0.16070106755372418,0.16070106755372218,0.16070106755372418,0.16070106755372707,0.1607010675537255,0.16070106755372218,0.16070106755372018,0.16070106755372218,0.1607010675537255,0.16070106755372707,0.16070106755372418,0.16070106755372218,0.16070106755372418,0.16070106755372707,0.16070106755372995,0.16070106755372707,0.1607010675537255,0.16070106755372707,0.16070106755372995,0.15921845191625342,0.15921845191624537,0.15921845191623993,0.15921845191624537,0.15921845191625342,0.15921845191624537,0.15921845191623601,0.1592184519162297,0.15921845191623601,0.15921845191624537,0.15921845191623993,0.1592184519162297,0.15921845191622272,0.1592184519162297,0.15921845191623993,0.15921845191624537,0.15921845191623601,0.1592184519162297,0.15921845191623601,0.15921845191624537,0.15921845191625342,0.15921845191624537,0.15921845191623993,0.15921845191624537,0.15921845191625342,0.15776544668754244,0.15776544668751855,0.15776544668750275,0.15776544668751855,0.15776544668754244,0.15776544668751855,0.15776544668748974,0.1577654466874697,0.15776544668748974,0.15776544668751855,0.15776544668750275,0.1577654466874697,0.15776544668744621,0.1577654466874697,0.15776544668750275,0.15776544668751855,0.15776544668748974,0.1577654466874697,0.15776544668748974,0.15776544668751855,0.15776544668754244,0.15776544668751855,0.15776544668750275,0.15776544668751855,0.15776544668754244,0.1563414629965078,0.15634146299644047,0.15634146299639323,0.15634146299644028,0.1563414629965078,0.15634146299644047,0.15634146299635288,0.1563414629962874,0.15634146299635288,0.15634146299644028,0.15634146299639323,0.1563414629962874,0.15634146299620377,0.1563414629962874,0.15634146299639323,0.15634146299644028,0.15634146299635288,0.1563414629962874,0.15634146299635288,0.15634146299644028,0.1563414629965078,0.15634146299644028,0.15634146299639323,0.15634146299644028,0.1563414629965078,0.15494591504329183,0.15494591504310945,0.15494591504297275,0.15494591504310945,0.15494591504329183,0.15494591504310945,0.15494591504284916,0.1549459150426303,0.15494591504284916,0.15494591504310945,0.15494591504297275,0.1549459150426303,0.15494591504230837,0.1549459150426303,0.15494591504297275,0.15494591504310945,0.15494591504284916,0.1549459150426303,0.15494591504284916,0.15494591504310945,0.15494591504329183,0.15494591504310945,0.15494591504297275,0.15494591504310945,0.15494591504329183,0.15357822106886151,0.1535782210684066,0.15357822106802801,0.1535782210684066,0.15357822106886151,0.1535782210684066,0.15357822106766766,0.15357822106692418,0.15357822106766789,0.1535782210684066,0.15357822106802801,0.15357822106692418,0.15357822106554758,0.15357822106692418,0.15357822106802801,0.1535782210684066,0.15357822106766789,0.15357822106692418,0.15357822106766789,0.1535782210684066,0.15357822106886151,0.1535782210684066,0.15357822106802801,0.1535782210684066,0.15357822106886151,0.15223780421629363,0.1522378042153057,0.1522378042143538,0.1522378042153057,0.15223780421629363,0.1522378042153057,0.15223780421340324,0.15223780421092584,0.15223780421340324,0.1522378042153057,0.1522378042143538,0.15223780421092584,0.15223780420427088,0.15223780421092584,0.1522378042143538,0.1522378042153057,0.15223780421340324,0.15223780421092584,0.15223780421340324,0.1522378042153057,0.15223780421629363,0.1522378042153057,0.1522378042143538,0.1522378042153057,0.15223780421629363,0.15092409329229875,0.15092409329065568,0.15092409328876638,0.15092409329065568,0.15092409329229875,0.15092409329065568,0.1509240932868208,0.15092409327970435,0.1509240932868208,0.15092409329065568,0.15092409328876638,0.15092409327970435,0.150924093243299,0.15092409327970435,0.15092409328876638,0.15092409329065568,0.1509240932868208,0.15092409327970435,0.1509240932868208,0.15092409329065568,0.15092409329229875,0.15092409329065568,0.15092409328876638,0.15092409329065568,0.15092409329229875,0.14963652343653103,0.14963652343504463,0.1496365234334476,0.14963652343504463,0.14963652343653103,0.14963652343504463,0.1496365234318164,0.14963652342656383,0.1496365234318164,0.14963652343504463,0.1496365234334476,0.14963652342656383,0.1496365234044749,0.14963652342656383,0.1496365234334476,0.14963652343504463,0.1496365234318164,0.14963652342656383,0.1496365234318164,0.14963652343504463,0.14963652343653103,0.14963652343504463,0.1496365234334476,0.14963652343504463,0.14963652343653103,0.14837453670508774,0.1483745367041385,0.14837453670319922,0.1483745367041385,0.14837453670508774,0.1483745367041385,0.14837453670225795,0.1483745366995601,0.14837453670225795,0.1483745367041385,0.14837453670319922,0.1483745366995601,0.14837453668966458,0.1483745366995601,0.14837453670319922,0.1483745367041385,0.14837453670225795,0.1483745366995601,0.14837453670225795,0.1483745367041385,0.14837453670508774,0.1483745367041385,0.14837453670319922,0.1483745367041385,0.14837453670508774,0.14713758257971446,0.14713758257927975,0.1471375825788941,0.14713758257927975,0.14713758257971446,0.14713758257927975,0.1471375825785206,0.1471375825776065,0.1471375825785206,0.14713758257927975,0.1471375825788941,0.1471375825776065,0.14713758257489418,0.1471375825776065,0.1471375825788941,0.14713758257927975,0.1471375825785206,0.1471375825776065,0.1471375825785206,0.14713758257927975,0.14713758257971446,0.14713758257927975,0.1471375825788941,0.14713758257927975,0.14713758257971446,0.14592511840645445,0.14592511840637717,0.145925118406351,0.14592511840637717,0.14592511840645445,0.14592511840637717,0.14592511840633943,0.14592511840650038,0.14592511840633943,0.14592511840637717,0.145925118406351,0.14592511840650038,0.14592511840804637,0.14592511840650038,0.145925118406351,0.14592511840637717,0.14592511840633943,0.14592511840650038,0.14592511840633943,0.14592511840637717,0.14592511840645445,0.14592511840637717,0.145925118406351,0.14592511840637717,0.14592511840645445,0.14473660976937855,0.14473660976948974,0.1447366097696327,0.14473660976948974,0.14473660976937855,0.14473660976948974,0.14473660976978542,0.14473660977035427,0.14473660976978542,0.14473660976948974,0.1447366097696327,0.14473660977035427,0.14473660977307673,0.14473660977035427,0.1447366097696327,0.14473660976948974,0.14473660976978542,0.14473660977035427,0.14473660976978542,0.14473660976948974,0.14473660976937855,0.14473660976948974,0.1447366097696327,0.14473660976948974,0.14473660976937855,0.14357153080538165,0.14357153080557536,0.14357153080577761,0.14357153080557536,0.14357153080538165,0.14357153080557536,0.14357153080598326,0.1435715308066186,0.14357153080598326,0.14357153080557536,0.14357153080577761,0.1435715308066186,0.14357153080918106,0.1435715308066186,0.14357153080577761,0.14357153080557536,0.14357153080598326,0.1435715308066186,0.14357153080598326,0.14357153080557536,0.14357153080538165,0.14357153080557536,0.14357153080577761,0.14357153080557536,0.14357153080538165,0.14242936446543383,0.1424293644656811,0.1424293644659235,0.1424293644656811,0.14242936446543383,0.1424293644656811,0.1424293644661639,0.1424293644668743,0.1424293644661639,0.1424293644656811,0.1424293644659235,0.1424293644668743,0.14242936446969187,0.1424293644668743,0.1424293644659235,0.1424293644656811,0.1424293644661639,0.1424293644668743,0.1424293644661639,0.1424293644656811,0.14242936446543383,0.1424293644656811,0.1424293644659235,0.1424293644656811,0.14242936446543383,0.14130960272730145,0.14130960272762003,0.14130960272791607,0.14130960272762003,0.14130960272730145,0.14130960272762003,0.14130960272820306,0.14130960272901288,0.14130960272820306,0.14130960272762003,0.14130960272791607,0.14130960272901288,0.14130960273213544,0.14130960272901288,0.14130960272791607,0.14130960272762003,0.14130960272820306,0.14130960272901288,0.14130960272820306,0.14130960272762003,0.14130960272730145,0.14130960272762003,0.14130960272791607,0.14130960272762003,0.14130960272730145,0.14021174676436196,0.1402117467648323,0.14021174676523998,0.1402117467648323,0.14021174676436196,0.1402117467648323,0.14021174676562762,0.14021174676660095,0.14021174676562762,0.1402117467648323,0.14021174676523998,0.14021174676660095,0.1402117467699742,0.14021174676660095,0.14021174676523998,0.1402117467648323,0.14021174676562762,0.14021174676660095,0.14021174676562762,0.1402117467648323,0.14021174676436196,0.1402117467648323,0.14021174676523998,0.1402117467648323,0.14021174676436196,0.13913530707460234,0.13913530707544175,0.13913530707615548,0.13913530707544175,0.13913530707460234,0.13913530707544175,0.13913530707684152,0.1391353070782938,0.13913530707684152,0.13913530707544175,0.13913530707615548,0.1391353070782938,0.13913530708114755,0.1391353070782938,0.13913530707615548,0.13913530707544175,0.13913530707684152,0.1391353070782938,0.13913530707684152,0.13913530707544175,0.13913530707460234,0.13913530707544175,0.13913530707615548,0.13913530707544175,0.13913530707460234,0.13807980357354163,0.13807980357517327,0.13807980357677854,0.13807980357517327,0.13807980357354163,0.13807980357517327,0.13807980357839347,0.13807980358269897,0.13807980357839347,0.13807980357517327,0.13807980357677854,0.13807980358269897,0.13807980359456754,0.13807980358269897,0.13807980357677854,0.13807980357517327,0.13807980357839347,0.13807980358269897,0.13807980357839347,0.13807980357517327,0.13807980357354163,0.13807980357517327,0.13807980357677854,0.13807980357517327,0.13807980357354163,0.13704476565464488,0.13704476565715096,0.13704476566015952,0.13704476565715096,0.13704476565464488,0.13704476565715096,0.13704476566327162,0.1370447656754575,0.13704476566327162,0.13704476565715096,0.13704476566015952,0.1370447656754575,0.13704476574271832,0.1370447656754575,0.13704476566015936,0.13704476565715096,0.13704476566327162,0.1370447656754575,0.13704476566327162,0.13704476565715096,0.13704476565464488,0.13704476565715096,0.13704476566015936,0.13704476565715096,0.13704476565464488,0.13602973222177084,0.13602973222350165,0.13602973222518894,0.13602973222350165,0.13602973222177084,0.13602973222350165,0.1360297322268786,0.13602973223137552,0.1360297322268786,0.13602973222350165,0.13602973222518894,0.13602973223137552,0.13602973224381815,0.13602973223137552,0.13602973222518894,0.13602973222350165,0.1360297322268786,0.13602973223137552,0.1360297322268786,0.13602973222350165,0.13602973222177084,0.13602973222350165,0.13602973222518894,0.13602973222350165,0.13602973222177084,0.13503425169842015,0.13503425169950015,0.13503425170039,0.13503425169950015,0.13503425169842015,0.13503425169950015,0.13503425170123307,0.135034251702947,0.13503425170123307,0.13503425169950015,0.13503425170039,0.135034251702947,0.13503425170605676,0.135034251702947,0.13503425170039,0.13503425169950015,0.13503425170123307,0.135034251702947,0.13503425170123307,0.13503425169950015,0.13503425169842015,0.13503425169950015,0.13503425170039,0.13503425169950015,0.13503425169842015
0.16533248796841007,0.16533248796841007,0.1653324879684098,0.16533248796841007,0.16533248796841007,0.16533248796841007,0.1653324879684098,0.1653324879684098,0.1653324879684098,0.16533248796841007,0.1653324879684098,0.1653324879684098,0.1653324879684098,0.1653324879684098,0.1653324879684098,0.16533248796841007,0.1653324879684098,0.1653324879684098,0.1653324879684098,0.16533248796841007,0.16533248796841007,0.16533248796841007,0.1653324879684098,0.16533248796841007,0.16533248796841007,0.1637574942459696,0.1637574942459694,0.16375749424596914,0.1637574942459694,0.1637574942459696,0.1637574942459694,0.16375749424596892,0.16375749424596892,0.16375749424596892,0.1637574942459694,0.16375749424596914,0.16375749424596892,0.1637574942459687,0.16375749424596892,0.16375749424596914,0.1637574942459694,0.16375749424596892,0.16375749424596892,0.16375749424596914,0.1637574942459694,0.1637574942459696,0.1637574942459694,0.16375749424596914,0.1637574942459694,0.1637574942459696,0.16221388445549348,0.16221388445549256,0.16221388445549212,0.16221388445549256,0.16221388445549348,0.16221388445549256,0.16221388445549167,0.16221388445549098,0.16221388445549167,0.16221388445549256,0.16221388445549212,0.16221388445549098,0.16221388445549031,0.16221388445549098,0.16221388445549212,0.16221388445549256,0.16221388445549167,0.16221388445549098,0.16221388445549167,0.16221388445549256,0.16221388445549348,0.16221388445549256,0.16221388445549212,0.16221388445549256,0.16221388445549348,0.1607010675540232,0.16070106755402053,0.16070106755401878,0.16070106755402053,0.1607010675540232,0.16070106755402053,0.16070106755401764,0.16070106755401564,0.16070106755401764,0.16070106755402053,0.16070106755401878,0.16070106755401564,0.16070106755401364,0.16070106755401564,0.16070106755401878,0.16070106755402053,0.16070106755401764,0.16070106755401564,0.16070106755401764,0.16070106755402053,0.1607010675540232,0.16070106755402053,0.16070106755401878,0.16070106755402053,0.1607010675540232,0.15921845191654058,0.15921845191653253,0.1592184519165273,0.15921845191653253,0.15921845191654058,0.15921845191653253,0.1592184519165234,0.15921845191651707,0.1592184519165234,0.15921845191653253,0.1592184519165273,0.15921845191651707,0.15921845191651032,0.15921845191651707,0.1592184519165273,0.15921845191653253,0.1592184519165234,0.15921845191651707,0.1592184519165234,0.15921845191653253,0.15921845191654058,0.15921845191653253,0.1592184519165273,0.15921845191653253,0.15921845191654058,0.15776544668782347,0.15776544668779977,0.157765446687784,0.15776544668779977,0.15776544668782347,0.15776544668779977,0.15776544668777118,0.15776544668775133,0.15776544668777118,0.15776544668779977,0.157765446687784,0.15776544668775133,0.15776544668772807,0.15776544668775133,0.157765446687784,0.15776544668779977,0.15776544668777118,0.15776544668775133,0.15776544668777118,0.15776544668779977,0.15776544668782347,0.15776544668779977,0.157765446687784,0.15776544668779977,0.15776544668782347,0.1563414629967826,0.15634146299671545,0.15634146299666862,0.15634146299671545,0.1563414629967826,0.15634146299671545,0.15634146299662868,0.15634146299656343,0.15634146299662868,0.15634146299671545,0.15634146299666862,0.15634146299656343,0.15634146299648063,0.15634146299656343,0.15634146299666862,0.15634146299671545,0.15634146299662868,0.15634146299656343,0.15634146299662846,0.15634146299671545,0.1563414629967826,0.15634146299671545,0.15634146299666862,0.15634146299671545,0.1563414629967826,0.15494591504355906,0.15494591504337787,0.15494591504324223,0.15494591504337787,0.15494591504355906,0.15494591504337787,0.15494591504311972,0.15494591504290206,0.15494591504311972,0.15494591504337787,0.15494591504324223,0.15494591504290206,0.15494591504258257,0.15494591504290206,0.15494591504324223,0.15494591504337787,0.15494591504311972,0.15494591504290206,0.15494591504311972,0.15494591504337787,0.15494591504355906,0.15494591504337787,0.15494591504324223,0.15494591504337787,0.15494591504355906,0.15357822106911898,0.1535782210686671,0.15357822106829108,0.1535782210686671,0.15357822106911898,0.1535782210686671,0.15357822106793342,0.1535782210671949,0.15357822106793342,0.1535782210686671,0.15357822106829108,0.1535782210671949,0.15357822106582797,0.1535782210671949,0.15357822106829108,0.1535782210686671,0.15357822106793342,0.1535782210671949,0.15357822106793342,0.1535782210686671,0.15357822106911898,0.1535782210686671,0.15357822106829108,0.1535782210686671,0.15357822106911898,0.15223780421653477,0.15223780421555352,0.1522378042146081,0.15223780421555352,0.15223780421653477,0.15223780421555352,0.1522378042136641,0.15223780421120398,0.1522378042136641,0.15223780421555352,0.1522378042146081,0.15223780421120398,0.1522378042045953,0.15223780421120398,0.1522378042146081,0.15223780421555352,0.1522378042136641,0.15223780421120398,0.1522378042136641,0.15223780421555352,0.15223780421653477,0.15223780421555352,0.1522378042146081,0.15223780421555352,0.15223780421653477,0.15092409329250958,0.15092409329087733,0.15092409328900078,0.15092409329087733,0.15092409329250958,0.15092409329087733,0.15092409328706852,0.15092409328000148,0.15092409328706852,0.15092409329087733,0.15092409328900078,0.15092409328000148,0.15092409324382663,0.15092409328000148,0.15092409328900078,0.15092409329087733,0.15092409328706852,0.15092409328000148,0.15092409328706852,0.15092409329087733,0.15092409329250958,0.15092409329087733,0.15092409328900078,0.15092409329087733,0.15092409329250958,0.14963652343668873,0.1496365234352112,0.14963652343362385,0.1496365234352112,0.14963652343668873,0.1496365234352112,0.14963652343200284,0.14963652342678468,0.14963652343200284,0.1496365234352112,0.14963652343362385,0.14963652342678468,0.14963652340487893,0.14963652342678468,0.14963652343362385,0.1496365234352112,0.14963652343200284,0.14963652342678468,0.14963652343200284,0.1496365234352112,0.14963652343668873,0.1496365234352112,0.14963652343362385,0.1496365234352112,0.14963652343668873,0.14837453670517337,0.14837453670422726,0.1483745367032908,0.14837453670422726,0.14837453670517337,0.14837453670422726,0.1483745367023521,0.14837453669966036,0.1483745367023521,0.14837453670422726,0.1483745367032908,0.14837453669966036,0.1483745366897656,0.14837453669966036,0.1483745367032908,0.14837453670422726,0.1483745367023521,0.14837453669966036,0.1483745367023521,0.14837453670422726,0.14837453670517337,0.14837453670422726,0.1483745367032908,0.14837453670422726,0.14837453670517337,0.14713758257972062,0.14713758257928447,0.14713758257889645,0.14713758257928447,0.14713758257972062,0.14713758257928447,0.1471375825785206,0.14713758257759724,0.1471375825785206,0.14713758257928447,0.14713758257889645,0.14713758257759724,0.14713758257483078,0.14713758257759724,0.14713758257889645,0.14713758257928447,0.1471375825785206,0.14713758257759724,0.1471375825785206,0.14713758257928447,0.14713758257972062,0.14713758257928447,0.14713758257889645,0.14713758257928447,0.14713758257972062,0.14592511840638359,0.14592511840630187,0.14592511840627068,0.14592511840630187,0.14592511840638359,0.14592511840630187,0.14592511840625416,0.14592511840639802,0.14592511840625416,0.14592511840630187,0.14592511840627068,0.14592511840639802,0.14592511840786027,0.14592511840639802,0.14592511840627068,0.14592511840630187,0.14592511840625416,0.14592511840639802,0.14592511840625416,0.14592511840630187,0.14592511840638359,0.14592511840630187,0.14592511840627068,0.14592511840630187,0.14592511840638359,0.14473660976923802,0.14473660976934416,0.14473660976948152,0.14473660976934416,0.14473660976923802,0.14473660976934416,0.14473660976962885,0.14473660977017938,0.14473660976962885,0.14473660976934416,0.14473660976948152,0.14473660977017938,0.14473660977283953,0.14473660977017938,0.14473660976948152,0.14473660976934416,0.14473660976962885,0.14473660977017938,0.14473660976962885,0.14473660976934416,0.14473660976923802,0.14473660976934416,0.14473660976948152,0.14473660976934416,0.14473660976923802,0.14357153080518129,0.14357153080537036,0.143571530805568,0.14357153080537036,0.14357153080518129,0.14357153080537036,0.14357153080576904,0.14357153080639054,0.14357153080576904,0.14357153080537036,0.143571530805568,0.14357153080639054,0.14357153080889665,0.14357153080639054,0.143571530805568,0.14357153080537036,0.14357153080576904,0.14357153080639054,0.14357153080576904,0.14357153080537036,0.14357153080518129,0.14357153080537036,0.143571530805568,0.14357153080537036,0.14357153080518129,0.14242936446518234,0.14242936446542545,0.14242936446566382,0.14242936446542545,0.14242936446518234,0.14242936446542545,0.14242936446590002,0.14242936446659818,0.14242936446590002,0.14242936446542545,0.14242936446566382,0.14242936446659818,0.14242936446934998,0.14242936446659818,0.14242936446566382,0.14242936446542545,0.14242936446590002,0.14242936446659818,0.14242936446590002,0.14242936446542545,0.14242936446518234,0.14242936446542545,0.14242936446566382,0.14242936446542545,0.14242936446518234,0.1413096027270067,0.14130960272732151,0.1413096027276136,0.14130960272732151,0.1413096027270067,0.14130960272732151,0.141309602727897,0.14130960272869528,0.141309602727897,0.14130960272732151,0.1413096027276136,0.14130960272869528,0.14130960273177853,0.14130960272869528,0.1413096027276136,0.14130960272732151,0.141309602727897,0.14130960272869528,0.141309602727897,0.14130960272732151,0.1413096027270067,0.14130960272732151,0.1413096027276136,0.14130960272732151,0.1413096027270067,0.1402117467640309,0.14021174676449805,0.1402117467649023,0.14021174676449805,0.1402117467640309,0.14021174676449805,0.14021174676528672,0.14021174676625003,0.14021174676528672,0.14021174676449805,0.1402117467649023,0.14021174676625003,0.1402117467695609,0.14021174676625003,0.1402117467649023,0.14021174676449805,0.14021174676528672,0.14021174676625003,0.14021174676528672,0.14021174676449805,0.1402117467640309,0.14021174676449805,0.1402117467649023,0.14021174676449805,0.1402117467640309,0.1391353070742414,0.1391353070750778,0.13913530707578864,0.1391353070750778,0.1391353070742414,0.1391353070750778,0.13913530707647234,0.13913530707791874,0.13913530707647234,0.1391353070750778,0.13913530707578864,0.13913530707791874,0.13913530708075986,0.13913530707791874,0.13913530707578864,0.1391353070750778,0.13913530707647234,0.13913530707791874,0.13913530707647234,0.1391353070750778,0.1391353070742414,0.1391353070750778,0.13913530707578864,0.1391353070750778,0.1391353070742414,0.13807980357315647,0.1380798035747841,0.13807980357638538,0.1380798035747841,0.13807980357315647,0.1380798035747841,0.1380798035779964,0.13807980358229185,0.1380798035779964,0.1380798035747841,0.13807980357638538,0.13807980358229185,0.13807980359413313,0.13807980358229185,0.13807980357638538,0.1380798035747841,0.1380798035779964,0.13807980358229185,0.1380798035779964,0.1380798035747841,0.13807980357315647,0.1380798035747841,0.13807980357638538,0.1380798035747841,0.13807980357315647,0.13704476565424364,0.1370447656567441,0.13704476565974583,0.1370447656567441,0.13704476565424364,0.1370447656567441,0.1370447656628511,0.1370447656750102,0.1370447656628511,0.1370447656567441,0.13704476565974583,0.1370447656750102,0.1370447657421085,0.1370447656750102,0.13704476565974583,0.1370447656567441,0.1370447656628511,0.1370447656750102,0.1370447656628511,0.1370447656567441,0.13704476565424364,0.1370447656567441,0.13704476565974583,0.1370447656567441,0.13704476565424364,0.1360297322213648,0.13602973222309175,0.13602973222477532,0.13602973222309175,0.1360297322213647,0.13602973222309175,0.13602973222646128,0.1360297322309483,0.13602973222646128,0.13602973222309175,0.13602973222477532,0.1360297322309483,0.13602973224336365,0.1360297322309483,0.13602973222477532,0.13602973222309175,0.13602973222646128,0.1360297322309483,0.13602973222646128,0.13602973222309175,0.1360297322213647,0.13602973222309175,0.13602973222477532,0.13602973222309175,0.1360297322213647,0.135034251698017,0.1350342516990946,0.13503425169998243,0.1350342516990946,0.135034251698017,0.1350342516990946,0.13503425170082375,0.1350342517025339,0.13503425170082375,0.1350342516990946,0.13503425169998243,0.1350342517025339,0.13503425170563693,0.1350342517025339,0.13503425169998243,0.1350342516990946,0.13503425170082375,0.1350342517025339,0.13503425170082375,0.1350342516990946,0.135034251698017,0.1350342516990946,0.13503425169998243,0.1350342516990946,0.135034251698017
0.16533248796871494,0.16533248796871494,0.16533248796871472,0.16533248796871494,0.16533248796871494,0.16533248796871494,0.16533248796871472,0.16533248796871472,0.16533248796871472,0.16533248796871494,0.16533248796871472,0.16533248796871472,0.16533248796871472,0.16533248796871472,0.16533248796871472,0.16533248796871494,0.16533248796871472,0.16533248796871472,0.16533248796871472,0.16533248796871494,0.16533248796871494,0.16533248796871494,0.16533248796871472,0.16533248796871494,0.16533248796871494,0.16375749424626843,0.16375749424626818,0.16375749424626795,0.16375749424626818,0.16375749424626843,0.16375749424626818,0.16375749424626773,0.16375749424626748,0.16375749424626773,0.16375749424626818,0.16375749424626795,0.16375749424626748,0.16375749424626748,0.16375749424626748,0.16375749424626795,0.16375749424626818,0.16375749424626773,0.16375749424626748,0.16375749424626773,0.16375749424626818,0.16375749424626843,0.16375749424626818,0.16375749424626795,0.16375749424626818,0.16375749424626843,0.16221388445578613,0.16221388445578522,0.16221388445578477,0.16221388445578522,0.16221388445578613,0.16221388445578522,0.1622138844557843,0.16221388445578386,0.1622138844557843,0.16221388445578522,0.16221388445578477,0.16221388445578386,0.16221388445578316,0.16221388445578386,0.16221388445578477,0.16221388445578522,0.1622138844557843,0.16221388445578386,0.1622138844557843,0.16221388445578522,0.16221388445578613,0.16221388445578522,0.16221388445578477,0.16221388445578522,0.16221388445578613,0.16070106755431,0.16070106755430735,0.16070106755430555,0.16070106755430735,0.16070106755431,0.16070106755430735,0.16070106755430422,0.16070106755430247,0.16070106755430422,0.16070106755430735,0.16070106755430555,0.16070106755430247,0.16070106755430047,0.16070106755430247,0.16070106755430555,0.16070106755430735,0.16070106755430422,0.16070106755430247,0.16070106755430422,0.16070106755430735,0.16070106755431,0.16070106755430735,0.16070106755430555,0.16070106755430735,0.16070106755431,0.15921845191682144,0.15921845191681339,0.15921845191680814,0.15921845191681339,0.15921845191682144,0.15921845191681339,0.15921845191680425,0.15921845191679793,0.15921845191680425,0.15921845191681339,0.15921845191680814,0.15921845191679793,0.15921845191679115,0.15921845191679793,0.15921845191680814,0.15921845191681339,0.15921845191680425,0.15921845191679793,0.15921845191680425,0.15921845191681339,0.15921845191682144,0.15921845191681339,0.15921845191680814,0.15921845191681339,0.15921845191682144,0.15776544668809828,0.15776544668807457,0.157765446688059,0.15776544668807457,0.15776544668809828,0.15776544668807457,0.1577654466880462,0.15776544668802658,0.1577654466880462,0.15776544668807457,0.157765446688059,0.15776544668802658,0.15776544668800332,0.15776544668802658,0.157765446688059,0.15776544668807457,0.1577654466880462,0.15776544668802658,0.1577654466880462,0.15776544668807457,0.15776544668809828,0.15776544668807457,0.157765446688059,0.15776544668807457,0.15776544668809828,0.15634146299705085,0.15634146299698434,0.15634146299693774,0.15634146299698434,0.15634146299705085,0.15634146299698434,0.156341462996898,0.15634146299683338,0.156341462996898,0.15634146299698434,0.15634146299693774,0.15634146299683338,0.15634146299675097,0.15634146299683338,0.15634146299693774,0.15634146299698434,0.156341462996898,0.15634146299683338,0.156341462996898,0.15634146299698434,0.15634146299705085,0.15634146299698434,0.15634146299693774,0.15634146299698434,0.15634146299705085,0.15494591504382035,0.15494591504364041,0.15494591504350558,0.15494591504364041,0.15494591504382035,0.15494591504364041,0.15494591504338384,0.15494591504316785,0.15494591504338384,0.15494591504364041,0.15494591504350558,0.15494591504316785,0.1549459150428504,0.15494591504316785,0.15494591504350558,0.15494591504364041,0.15494591504338384,0.15494591504316785,0.15494591504338384,0.15494591504364041,0.15494591504382035,0.15494591504364041,0.15494591504350558,0.15494591504364041,0.15494591504382035,0.15357822106937044,0.15357822106892174,0.15357822106854818,0.15357822106892174,0.15357822106937044,0.15357822106892174,0.15357822106819288,0.15357822106745941,0.15357822106819288,0.15357822106892174,0.15357822106854818,0.15357822106745941,0.15357822106610172,0.15357822106745941,0.15357822106854818,0.15357822106892174,0.15357822106819288,0.15357822106745941,0.15357822106819288,0.15357822106892174,0.15357822106937044,0.15357822106892174,0.15357822106854818,0.15357822106892174,0.15357822106937044,0.1522378042167704,0.15223780421579564,0.15223780421485653,0.15223780421579564,0.1522378042167704,0.15223780421579564,0.15223780421391897,0.15223780421147542,0.15223780421391897,0.15223780421579564,0.15223780421485653,0.15223780421147542,0.1522378042049122,0.15223780421147542,0.15223780421485653,0.15223780421579564,0.15223780421391897,0.15223780421147542,0.15223780421391897,0.15223780421579564,0.1522378042167704,0.15223780421579564,0.15223780421485653,0.15223780421579564,0.1522378042167704,0.15092409329271564,0.15092409329109416,0.15092409328922995,0.15092409329109416,0.15092409329271564,0.15092409329109416,0.15092409328731063,0.1509240932802914,0.15092409328731063,0.15092409329109416,0.15092409328922995,0.1509240932802914,0.15092409324433884,0.1509240932802914,0.15092409328922995,0.15092409329109416,0.15092409328731063,0.1509240932802914,0.15092409328731063,0.15092409329109416,0.15092409329271564,0.15092409329109416,0.15092409328922995,0.15092409329109416,0.15092409329271564,0.149636523436843,0.149636523435374,0.14963652343379627,0.149636523435374,0.149636523436843,0.149636523435374,0.1496365234321853,0.14963652342700062,0.1496365234321853,0.149636523435374,0.14963652343379627,0.14963652342700062,0.1496365234052299,0.14963652342700062,0.14963652343379627,0.149636523435374,0.1496365234321853,0.14963652342700062,0.1496365234321853,0.149636523435374,0.149636523436843,0.149636523435374,0.14963652343379627,0.149636523435374,0.149636523436843,0.14837453670525752,0.14837453670431436,0.1483745367033807,0.14837453670431436,0.14837453670525752,0.14837453670431436,0.14837453670244474,0.14837453669975895,0.14837453670244474,0.14837453670431436,0.1483745367033807,0.14837453669975895,0.14837453668989217,0.14837453669975895,0.1483745367033807,0.14837453670431436,0.14837453670244474,0.14837453669975895,0.14837453670244474,0.14837453670431436,0.14837453670525752,0.14837453670431436,0.1483745367033807,0.14837453670431436,0.14837453670525752,0.14713758257972717,0.14713758257928955,0.14713758257889956,0.14713758257928955,0.14713758257972717,0.14713758257928955,0.14713758257852133,0.14713758257758905,0.14713758257852133,0.14713758257928955,0.14713758257889956,0.14713758257758905,0.14713758257480788,0.14713758257758905,0.14713758257889956,0.14713758257928955,0.14713758257852133,0.14713758257758905,0.14713758257852133,0.14713758257928955,0.14713758257972717,0.14713758257928955,0.14713758257889956,0.14713758257928955,0.14713758257972717,0.1459251184063145,0.14592511840622868,0.14592511840619288,0.14592511840622868,0.1459251184063145,0.14592511840622868,0.14592511840617134,0.1459251184062985,0.14592511840617134,0.14592511840622868,0.14592511840619288,0.1459251184062985,0.14592511840767242,0.1459251184062985,0.14592511840619288,0.14592511840622868,0.14592511840617134,0.1459251184062985,0.14592511840617134,0.14592511840622868,0.1459251184063145,0.14592511840622868,0.14592511840619288,0.14592511840622868,0.1459251184063145,0.144736609769101,0.14473660976920222,0.1447366097693342,0.14473660976920222,0.144736609769101,0.14473660976920222,0.1447366097694761,0.14473660977000885,0.1447366097694761,0.14473660976920222,0.1447366097693342,0.14473660977000885,0.14473660977258293,0.14473660977000885,0.1447366097693342,0.14473660976920222,0.1447366097694761,0.14473660977000885,0.1447366097694761,0.14473660976920222,0.144736609769101,0.14473660976920222,0.1447366097693342,0.14473660976920222,0.144736609769101,0.14357153080498553,0.14357153080517018,0.14357153080536317,0.14357153080517018,0.14357153080498553,0.14357153080517018,0.14357153080555962,0.14357153080616775,0.14357153080555962,0.14357153080517018,0.14357153080536317,0.14357153080616775,0.14357153080861912,0.14357153080616775,0.14357153080536317,0.14357153080517018,0.14357153080555962,0.14357153080616775,0.14357153080555962,0.14357153080517018,0.14357153080498553,0.14357153080517018,0.14357153080536317,0.14357153080517018,0.14357153080498553,0.14242936446493662,0.14242936446517548,0.14242936446540982,0.14242936446517548,0.14242936446493662,0.14242936446517548,0.142429364465642,0.14242936446632828,0.142429364465642,0.14242936446517548,0.14242936446540982,0.14242936446632828,0.14242936446903395,0.14242936446632828,0.14242936446540982,0.14242936446517548,0.142429364465642,0.14242936446632828,0.142429364465642,0.14242936446517548,0.14242936446493662,0.14242936446517548,0.14242936446540982,0.14242936446517548,0.14242936446493662,0.14130960272671841,0.14130960272702942,0.14130960272731788,0.14130960272702942,0.14130960272671841,0.14130960272702942,0.1413096027275975,0.1413096027283846,0.1413096027275975,0.14130960272702942,0.14130960272731788,0.1413096027283846,0.1413096027314177,0.1413096027283846,0.14130960272731788,0.14130960272702942,0.1413096027275975,0.1413096027283846,0.1413096027275975,0.14130960272702942,0.14130960272671841,0.14130960272702942,0.14130960272731788,0.14130960272702942,0.14130960272671841,0.1402117467637071,0.14021174676417086,0.1402117467645719,0.14021174676417086,0.1402117467637071,0.14021174676417086,0.14021174676495327,0.14021174676590675,0.14021174676495327,0.14021174676417086,0.1402117467645719,0.14021174676590675,0.14021174676918519,0.14021174676590675,0.1402117467645719,0.14021174676417086,0.14021174676495327,0.14021174676590675,0.14021174676495327,0.14021174676417086,0.1402117467637071,0.14021174676417086,0.1402117467645719,0.14021174676417086,0.1402117467637071,0.13913530707388816,0.13913530707472158,0.1391353070754299,0.13913530707472158,0.13913530707388816,0.13913530707472158,0.1391353070761109,0.1391353070775516,0.1391353070761109,0.13913530707472158,0.1391353070754299,0.1391353070775516,0.13913530708038038,0.1391353070775516,0.1391353070754299,0.13913530707472158,0.1391353070761109,0.1391353070775516,0.1391353070761109,0.13913530707472158,0.13913530707388816,0.13913530707472158,0.1391353070754299,0.13913530707472158,0.13913530707388816,0.13807980357277957,0.1380798035744032,0.13807980357600055,0.1380798035744032,0.13807980357277957,0.1380798035744032,0.1380798035776077,0.13807980358189323,0.1380798035776077,0.1380798035744032,0.13807980357600055,0.13807980358189323,0.13807980359370783,0.13807980358189323,0.13807980357600055,0.1380798035744032,0.1380798035776077,0.13807980358189323,0.1380798035776077,0.1380798035744032,0.13807980357277957,0.1380798035744032,0.13807980357600055,0.1380798035744032,0.13807980357277957,0.1370447656538508,0.13704476565634577,0.13704476565934093,0.13704476565634577,0.1370447656538508,0.13704476565634577,0.13704476566243937,0.13704476567457216,0.13704476566243937,0.13704476565634577,0.13704476565934093,0.13704476567457216,0.13704476574154215,0.13704476567457216,0.13704476565934093,0.13704476565634577,0.13704476566243937,0.13704476567457216,0.13704476566243937,0.13704476565634577,0.1370447656538508,0.13704476565634577,0.13704476565934093,0.13704476565634577,0.1370447656538508,0.1360297322209673,0.13602973222269052,0.13602973222437034,0.13602973222269052,0.1360297322209673,0.13602973222269052,0.13602973222605255,0.13602973223052992,0.13602973222605255,0.13602973222269052,0.13602973222437034,0.13602973223052992,0.13602973224291873,0.13602973223052992,0.13602973222437034,0.13602973222269052,0.13602973222605255,0.13602973223052992,0.13602973222605255,0.13602973222269052,0.1360297322209673,0.13602973222269052,0.13602973222437034,0.13602973222269052,0.1360297322209673,0.1350342516976223,0.13503425169869773,0.1350342516995835,0.13503425169869773,0.1350342516976223,0.13503425169869773,0.13503425170042305,0.13503425170212938,0.13503425170042305,0.13503425169869773,0.1350342516995835,0.13503425170212938,0.13503425170522584,0.13503425170212938,0.1350342516995835,0.13503425169869773,0.13503425170042305,0.13503425170212938,0.13503425170042305,0.13503425169869773,0.1350342516976223,0.13503425169869773,0.1350342516995835,0.13503425169869773,0.1350342516976223
0.165332487969013,0.165332487969013,0.165332487969013,0.165332487969013,0.165332487969013,0.165332487969013,0.1653324879690128,0.1653324879690128,0.1653324879690128,0.165332487969013,0.165332487969013,0.1653324879690128,0.1653324879690128,0.1653324879690128,0.165332487969013,0.165332487969013,0.1653324879690128,0.1653324879690128,0.1653324879690128,0.165332487969013,0.165332487969013,0.165332487969013,0.165332487969013,0.165332487969013,0.165332487969013,0.16375749424656053,0.16375749424656008,0.16375749424656008,0.16375749424656008,0.16375749424656053,0.16375749424656008,0.16375749424655986,0.1637574942465596,0.16375749424655986,0.16375749424656008,0.16375749424656008,0.1637574942465596,0.1637574942465594,0.1637574942465596,0.16375749424656008,0.16375749424656008,0.16375749424655986,0.1637574942465596,0.16375749424655986,0.16375749424656008,0.16375749424656053,0.16375749424656008,0.16375749424656008,0.16375749424656008,0.16375749424656053,0.1622138844560724,0.1622138844560715,0.16221388445607082,0.1622138844560715,0.1622138844560724,0.1622138844560715,0.16221388445607057,0.1622138844560699,0.16221388445607057,0.1622138844560715,0.16221388445607082,0.1622138844560699,0.16221388445606924,0.1622138844560699,0.16221388445607082,0.1622138844560715,0.16221388445607057,0.1622138844560699,0.16221388445607057,0.1622138844560715,0.1622138844560724,0.1622138844560715,0.16221388445607082,0.1622138844560715,0.1622138844560724,0.16070106755459013,0.16070106755458746,0.1607010675545859,0.16070106755458746,0.16070106755459013,0.16070106755458746,0.16070106755458458,0.1607010675545828,0.16070106755458458,0.16070106755458746,0.1607010675545859,0.1607010675545828,0.16070106755458083,0.1607010675545828,0.1607010675545859,0.16070106755458746,0.16070106755458458,0.1607010675545828,0.16070106755458458,0.16070106755458746,0.16070106755459013,0.16070106755458746,0.1607010675545859,0.16070106755458746,0.16070106755459013,0.15921845191709577,0.15921845191708792,0.1592184519170827,0.15921845191708792,0.15921845191709577,0.15921845191708792,0.15921845191707878,0.1592184519170727,0.15921845191707878,0.15921845191708792,0.1592184519170827,0.1592184519170727,0.1592184519170657,0.1592184519170727,0.1592184519170827,0.15921845191708792,0.15921845191707878,0.1592184519170727,0.15921845191707878,0.15921845191708792,0.15921845191709577,0.15921845191708792,0.1592184519170827,0.15921845191708792,0.15921845191709577,0.1577654466883667,0.1577654466883434,0.15776544668832787,0.1577654466883434,0.1577654466883667,0.1577654466883434,0.15776544668831527,0.15776544668829542,0.15776544668831527,0.1577654466883434,0.15776544668832787,0.15776544668829542,0.1577654466882726,0.15776544668829542,0.15776544668832787,0.1577654466883434,0.15776544668831527,0.15776544668829542,0.15776544668831527,0.1577654466883434,0.1577654466883667,0.1577654466883434,0.15776544668832787,0.1577654466883434,0.1577654466883667,0.15634146299731327,0.15634146299724722,0.156341462997201,0.15634146299724722,0.15634146299731327,0.15634146299724722,0.15634146299716148,0.15634146299709728,0.15634146299716148,0.15634146299724722,0.156341462997201,0.15634146299709728,0.15634146299701532,0.15634146299709728,0.156341462997201,0.15634146299724722,0.15634146299716148,0.15634146299709728,0.15634146299716148,0.15634146299724722,0.15634146299731327,0.15634146299724722,0.156341462997201,0.15634146299724722,0.15634146299731327,0.1549459150440757,0.154945915043897,0.15494591504376298,0.154945915043897,0.1549459150440757,0.154945915043897,0.15494591504364208,0.1549459150434275,0.15494591504364208,0.154945915043897,0.15494591504376298,0.1549459150434275,0.1549459150431123,0.1549459150434275,0.15494591504376298,0.154945915043897,0.15494591504364208,0.1549459150434275,0.15494591504364208,0.154945915043897,0.1549459150440757,0.154945915043897,0.15494591504376298,0.154945915043897,0.1549459150440757,0.1535782210696165,0.1535782210691708,0.15357822106879965,0.1535782210691708,0.1535782210696165,0.1535782210691708,0.15357822106844676,0.1535782210677181,0.15357822106844676,0.1535782210691708,0.15357822106879965,0.1535782210677181,0.15357822106636965,0.1535782210677181,0.15357822106879965,0.1535782210691708,0.15357822106844676,0.1535782210677181,0.15357822106844676,0.1535782210691708,0.1535782210696165,0.1535782210691708,0.15357822106879965,0.1535782210691708,0.1535782210696165,0.1522378042170009,0.15223780421603245,0.1522378042150996,0.15223780421603245,0.1522378042170009,0.15223780421603245,0.15223780421416838,0.15223780421174096,0.15223780421416838,0.15223780421603245,0.1522378042150996,0.15223780421174096,0.15223780420522162,0.15223780421174096,0.1522378042150996,0.15223780421603245,0.15223780421416838,0.15223780421174096,0.15223780421416838,0.15223780421603245,0.1522378042170009,0.15223780421603245,0.1522378042150996,0.15223780421603245,0.1522378042170009,0.15092409329291745,0.15092409329130618,0.15092409328945416,0.15092409329130618,0.15092409329291745,0.15092409329130618,0.15092409328754752,0.15092409328057502,0.15092409328754752,0.15092409329130618,0.15092409328945416,0.15092409328057502,0.15092409324491568,0.15092409328057502,0.15092409328945416,0.15092409329130618,0.15092409328754752,0.15092409328057502,0.15092409328754752,0.15092409329130618,0.15092409329291745,0.15092409329130618,0.15092409328945416,0.15092409329130618,0.15092409329291745,0.14963652343699427,0.1496365234355336,0.14963652343396533,0.1496365234355336,0.14963652343699427,0.1496365234355336,0.14963652343236397,0.1496365234272122,0.14963652343236397,0.1496365234355336,0.14963652343396533,0.1496365234272122,0.14963652340557101,0.1496365234272122,0.14963652343396533,0.1496365234355336,0.14963652343236397,0.1496365234272122,0.14963652343236397,0.1496365234355336,0.14963652343699427,0.1496365234355336,0.14963652343396533,0.1496365234355336,0.14963652343699427,0.14837453670534015,0.14837453670439998,0.14837453670346926,0.14837453670439998,0.14837453670534015,0.14837453670439998,0.14837453670253592,0.14837453669985606,0.14837453670253592,0.14837453670439998,0.14837453670346926,0.14837453669985606,0.14837453668998857,0.14837453669985606,0.14837453670346926,0.14837453670439998,0.14837453670253592,0.14837453669985606,0.14837453670253592,0.14837453670439998,0.14837453670534015,0.14837453670439998,0.14837453670346926,0.14837453670439998,0.14837453670534015,0.14713758257973406,0.14713758257929502,0.147137582578903,0.14713758257929502,0.14713758257973406,0.14713758257929502,0.14713758257852277,0.1471375825775818,0.14713758257852277,0.14713758257929502,0.147137582578903,0.1471375825775818,0.14713758257473686,0.1471375825775818,0.147137582578903,0.14713758257929502,0.14713758257852277,0.1471375825775818,0.14713758257852277,0.14713758257929502,0.14713758257973406,0.14713758257929502,0.147137582578903,0.14713758257929502,0.14713758257973406,0.14592511840624756,0.1459251184061578,0.14592511840611738,0.1459251184061578,0.14592511840624756,0.1459251184061578,0.14592511840609104,0.14592511840620215,0.14592511840609104,0.1459251184061578,0.14592511840611738,0.14592511840620215,0.14592511840749187,0.14592511840620215,0.14592511840611738,0.1459251184061578,0.14592511840609104,0.14592511840620215,0.14592511840609104,0.1459251184061578,0.14592511840624756,0.1459251184061578,0.14592511840611738,0.1459251184061578,0.14592511840624756,0.1447366097689675,0.14473660976906383,0.14473660976919073,0.14473660976906383,0.1447366097689675,0.14473660976906383,0.14473660976932723,0.14473660976984268,0.14473660976932723,0.14473660976906383,0.14473660976919073,0.14473660976984268,0.144736609772356,0.14473660976984268,0.14473660976919073,0.14473660976906383,0.14473660976932723,0.14473660976984268,0.14473660976932723,0.14473660976906383,0.1447366097689675,0.14473660976906383,0.14473660976919073,0.14473660976906383,0.1447366097689675,0.14357153080479457,0.1435715308049746,0.1435715308051633,0.1435715308049746,0.14357153080479457,0.1435715308049746,0.14357153080535512,0.14357153080595025,0.14357153080535512,0.1435715308049746,0.1435715308051633,0.14357153080595025,0.1435715308083626,0.14357153080595025,0.1435715308051633,0.1435715308049746,0.14357153080535512,0.14357153080595025,0.14357153080535512,0.1435715308049746,0.14357153080479457,0.1435715308049746,0.1435715308051633,0.1435715308049746,0.14357153080479457,0.1424293644646964,0.14242936446493124,0.14242936446516155,0.14242936446493124,0.1424293644646964,0.14242936446493124,0.14242936446538987,0.14242936446606438,0.14242936446538987,0.14242936446493124,0.14242936446516155,0.14242936446606438,0.14242936446870919,0.14242936446606438,0.14242936446516155,0.14242936446493124,0.14242936446538987,0.14242936446606438,0.14242936446538987,0.14242936446493124,0.1424293644646964,0.14242936446493124,0.14242936446516155,0.14242936446493124,0.1424293644646964,0.14130960272643636,0.14130960272674392,0.14130960272702878,0.14130960272674392,0.14130960272643636,0.14130960272674392,0.14130960272730475,0.14130960272808069,0.14130960272730475,0.14130960272674392,0.14130960272702878,0.14130960272808069,0.1413096027310613,0.14130960272808069,0.14130960272702878,0.14130960272674392,0.14130960272730475,0.14130960272808069,0.14130960272730475,0.14130960272674392,0.14130960272643636,0.14130960272674392,0.14130960272702878,0.14130960272674392,0.14130960272643636,0.14021174676339024,0.1402117467638508,0.14021174676424875,0.1402117467638508,0.14021174676339024,0.1402117467638508,0.14021174676462686,0.14021174676557072,0.14021174676462686,0.1402117467638508,0.14021174676424875,0.14021174676557072,0.14021174676881043,0.14021174676557072,0.14021174676424875,0.1402117467638508,0.14021174676462686,0.14021174676557072,0.14021174676462686,0.1402117467638508,0.14021174676339024,0.1402117467638508,0.14021174676424875,0.1402117467638508,0.14021174676339024,0.13913530707354252,0.1391353070743729,0.13913530707507873,0.1391353070743729,0.13913530707354252,0.1391353070743729,0.13913530707575736,0.13913530707719238,0.13913530707575736,0.1391353070743729,0.13913530707507873,0.13913530707719238,0.13913530708000899,0.13913530707719238,0.13913530707507873,0.1391353070743729,0.13913530707575736,0.13913530707719238,0.13913530707575736,0.1391353070743729,0.13913530707354252,0.1391353070743729,0.13913530707507873,0.1391353070743729,0.13913530707354252,0.13807980357241073,0.1380798035740303,0.13807980357562397,0.1380798035740303,0.13807980357241073,0.1380798035740303,0.13807980357722727,0.13807980358150299,0.13807980357722727,0.1380798035740303,0.13807980357562397,0.13807980358150299,0.1380798035932914,0.13807980358150299,0.13807980357562397,0.1380798035740303,0.13807980357722727,0.13807980358150299,0.13807980357722727,0.1380798035740303,0.13807980357241073,0.1380798035740303,0.13807980357562397,0.1380798035740303,0.13807980357241073,0.13704476565346627,0.13704476565595577,0.1370447656589444,0.13704476565595577,0.13704476565346627,0.13704476565595577,0.13704476566203633,0.13704476567414325,0.13704476566203633,0.13704476565595577,0.1370447656589444,0.13704476567414325,0.1370447657409638,0.13704476567414325,0.1370447656589444,0.13704476565595577,0.13704476566203633,0.13704476567414325,0.13704476566203633,0.13704476565595577,0.13704476565346627,0.13704476565595577,0.1370447656589444,0.13704476565595577,0.13704476565346627,0.13602973222057813,0.13602973222229764,0.13602973222397385,0.13602973222229764,0.13602973222057813,0.13602973222229764,0.1360297322256525,0.13602973223012046,0.1360297322256525,0.13602973222229764,0.13602973222397385,0.13602973223012046,0.13602973224248288,0.13602973223012046,0.13602973222397385,0.13602973222229764,0.1360297322256525,0.13602973223012046,0.1360297322256525,0.13602973222229764,0.13602973222057813,0.13602973222229764,0.13602973222397385,0.13602973222229764,0.13602973222057813,0.1350342516972359,0.13503425169830902,0.13503425169919286,0.13503425169830902,0.1350342516972359,0.13503425169830902,0.1350342517000307,0.1350342517017334,0.1350342517000307,0.13503425169830902,0.13503425169919286,0.1350342517017334,0.13503425170482325,0.1350342517017334,0.13503425169919303,0.13503425169830902,0.1350342517000307,0.1350342517017334,0.1350342517000307,0.13503425169830902,0.1350342516972359,0.13503425169830902,0.13503425169919303,0.13503425169830902,0.1350342516972359
0.1653324879693047,0.16533248796930447,0.16533248796930447,0.16533248796930447,0.1653324879693047,0.16533248796930447,0.16533248796930447,0.1653324879693042,0.16533248796930447,0.16533248796930447,0.16533248796930447,0.1653324879693042,0.1653324879693042,0.1653324879693042,0.16533248796930447,0.16533248796930447,0.16533248796930447,0.1653324879693042,0.16533248796930447,0.16533248796930447,0.1653324879693047,0.16533248796930447,0.16533248796930447,0.16533248796930447,0.1653324879693047,0.16375749424684619,0.16375749424684596,0.16375749424684571,0.16375749424684596,0.16375749424684619,0.16375749424684596,0.1637574942468455,0.1637574942468455,0.1637574942468455,0.16375749424684596,0.16375749424684571,0.1637574942468455,0.16375749424684524,0.1637574942468455,0.16375749424684571,0.16375749424684596,0.1637574942468455,0.1637574942468455,0.1637574942468455,0.16375749424684596,0.16375749424684619,0.16375749424684596,0.16375749424684571,0.16375749424684596,0.16375749424684619,0.1622138844563521,0.16221388445635146,0.16221388445635077,0.16221388445635146,0.16221388445635235,0.16221388445635146,0.16221388445635052,0.16221388445634988,0.16221388445635052,0.16221388445635146,0.16221388445635077,0.16221388445634988,0.16221388445634918,0.16221388445634988,0.16221388445635077,0.16221388445635146,0.16221388445635052,0.16221388445634988,0.16221388445635052,0.16221388445635146,0.16221388445635235,0.16221388445635146,0.16221388445635077,0.16221388445635146,0.16221388445635235,0.16070106755486452,0.1607010675548618,0.16070106755486005,0.1607010675548618,0.16070106755486452,0.1607010675548618,0.16070106755485894,0.16070106755485694,0.16070106755485894,0.1607010675548618,0.16070106755486005,0.16070106755485694,0.16070106755485492,0.16070106755485694,0.16070106755486005,0.1607010675548618,0.16070106755485894,0.16070106755485694,0.16070106755485894,0.1607010675548618,0.16070106755486452,0.1607010675548618,0.16070106755486005,0.1607010675548618,0.16070106755486452,0.1592184519173642,0.1592184519173564,0.15921845191735115,0.1592184519173564,0.1592184519173642,0.1592184519173564,0.15921845191734724,0.15921845191734113,0.15921845191734724,0.1592184519173564,0.15921845191735115,0.15921845191734113,0.15921845191733439,0.15921845191734113,0.15921845191735115,0.1592184519173564,0.15921845191734724,0.15921845191734113,0.15921845191734724,0.1592184519173564,0.1592184519173642,0.1592184519173564,0.15921845191735115,0.1592184519173564,0.1592184519173642,0.15776544668862935,0.15776544668860631,0.15776544668859072,0.15776544668860631,0.15776544668862935,0.15776544668860631,0.15776544668857814,0.1577654466885587,0.15776544668857814,0.15776544668860631,0.15776544668859072,0.1577654466885587,0.1577654466885359,0.1577654466885587,0.15776544668859072,0.15776544668860631,0.15776544668857814,0.1577654466885587,0.15776544668857814,0.15776544668860631,0.15776544668862935,0.15776544668860631,0.15776544668859072,0.15776544668860631,0.15776544668862935,0.15634146299757007,0.15634146299750443,0.1563414629974584,0.15634146299750443,0.15634146299757007,0.15634146299750443,0.15634146299741908,0.15634146299735532,0.15634146299741908,0.15634146299750443,0.1563414629974584,0.15634146299735532,0.15634146299727397,0.15634146299735532,0.1563414629974584,0.15634146299750443,0.15634146299741908,0.15634146299735532,0.15634146299741908,0.15634146299750443,0.15634146299757007,0.15634146299750443,0.1563414629974584,0.15634146299750443,0.15634146299757007,0.1549459150443257,0.15494591504414804,0.15494591504401503,0.15494591504414804,0.1549459150443257,0.15494591504414804,0.15494591504389474,0.1549459150436816,0.15494591504389474,0.15494591504414804,0.15494591504401503,0.1549459150436816,0.15494591504336847,0.1549459150436816,0.15494591504401503,0.15494591504414804,0.15494591504389474,0.1549459150436816,0.15494591504389474,0.15494591504414804,0.1549459150443257,0.15494591504414804,0.15494591504401503,0.15494591504414804,0.1549459150443257,0.15357822106985727,0.1535782210694142,0.15357822106904567,0.1535782210694142,0.15357822106985727,0.1535782210694142,0.15357822106869498,0.15357822106797117,0.15357822106869498,0.1535782210694142,0.15357822106904567,0.15357822106797117,0.15357822106663155,0.15357822106797117,0.15357822106904567,0.1535782210694142,0.15357822106869498,0.15357822106797117,0.15357822106869498,0.1535782210694142,0.15357822106985727,0.1535782210694142,0.15357822106904567,0.1535782210694142,0.15357822106985727,0.1522378042172265,0.15223780421626432,0.15223780421533742,0.15223780421626432,0.1522378042172265,0.15223780421626432,0.15223780421441205,0.15223780421200078,0.15223780421441205,0.15223780421626432,0.15223780421533742,0.15223780421200078,0.15223780420552435,0.15223780421200078,0.15223780421533742,0.15223780421626432,0.15223780421441205,0.15223780421200078,0.15223780421441205,0.15223780421626432,0.1522378042172265,0.15223780421626432,0.15223780421533742,0.15223780421626432,0.1522378042172265,0.15092409329311499,0.15092409329151377,0.15092409328967368,0.15092409329151377,0.15092409329311499,0.15092409329151377,0.150924093287779,0.15092409328085224,0.150924093287779,0.15092409329151377,0.15092409328967368,0.15092409328085224,0.15092409324539063,0.15092409328085224,0.15092409328967368,0.15092409329151377,0.150924093287779,0.15092409328085224,0.150924093287779,0.15092409329151377,0.15092409329311499,0.15092409329151377,0.15092409328967368,0.15092409329151377,0.15092409329311499,0.14963652343714254,0.14963652343568995,0.14963652343413078,0.14963652343568995,0.14963652343714254,0.14963652343568995,0.1496365234325389,0.14963652342741945,0.1496365234325389,0.14963652343568995,0.14963652343413078,0.14963652342741945,0.1496365234059331,0.14963652342741945,0.14963652343413078,0.14963652343568995,0.1496365234325389,0.14963652342741945,0.1496365234325389,0.14963652343568995,0.14963652343714254,0.14963652343568995,0.14963652343413078,0.14963652343568995,0.14963652343714254,0.14837453670542133,0.1483745367044843,0.14837453670355616,0.1483745367044843,0.14837453670542133,0.1483745367044843,0.14837453670262563,0.14837453669995188,0.14837453670262563,0.1483745367044843,0.14837453670355616,0.14837453669995188,0.1483745366900927,0.14837453669995188,0.14837453670355616,0.1483745367044843,0.14837453670262563,0.14837453669995188,0.14837453670262563,0.1483745367044843,0.14837453670542133,0.1483745367044843,0.14837453670355616,0.1483745367044843,0.14837453670542133,0.14713758257974136,0.147137582579301,0.14713758257890697,0.147137582579301,0.14713758257974136,0.147137582579301,0.14713758257852477,0.14713758257757545,0.14713758257852477,0.147137582579301,0.14713758257890697,0.14713758257757545,0.14713758257464532,0.14713758257757545,0.14713758257890697,0.147137582579301,0.14713758257852477,0.14713758257757545,0.14713758257852477,0.147137582579301,0.14713758257974136,0.147137582579301,0.14713758257890697,0.147137582579301,0.14713758257974136,0.14592511840618255,0.1459251184060887,0.14592511840604383,0.1459251184060887,0.14592511840618255,0.1459251184060887,0.14592511840601302,0.14592511840610828,0.14592511840601302,0.1459251184060887,0.14592511840604383,0.14592511840610828,0.14592511840733693,0.14592511840610828,0.14592511840604383,0.1459251184060887,0.14592511840601302,0.14592511840610828,0.14592511840601302,0.1459251184060887,0.14592511840618255,0.1459251184060887,0.14592511840604383,0.1459251184060887,0.14592511840618255,0.14473660976883726,0.14473660976892874,0.14473660976905056,0.14473660976892874,0.14473660976883726,0.14473660976892874,0.14473660976918182,0.14473660976968053,0.14473660976918182,0.14473660976892874,0.14473660976905056,0.14473660976968053,0.1447366097721277,0.14473660976968053,0.14473660976905056,0.14473660976892874,0.14473660976918182,0.14473660976968053,0.14473660976918182,0.14473660976892874,0.14473660976883726,0.14473660976892874,0.14473660976905056,0.14473660976892874,0.14473660976883726,0.14357153080460786,0.1435715308047836,0.1435715308049679,0.1435715308047836,0.14357153080460786,0.1435715308047836,0.14357153080515542,0.1435715308057376,0.14357153080515542,0.1435715308047836,0.1435715308049679,0.1435715308057376,0.14357153080809926,0.1435715308057376,0.1435715308049679,0.1435715308047836,0.14357153080515542,0.1435715308057376,0.14357153080515542,0.1435715308047836,0.14357153080460786,0.1435715308047836,0.1435715308049679,0.1435715308047836,0.14357153080460786,0.14242936446446136,0.14242936446469234,0.14242936446491883,0.14242936446469234,0.14242936446446136,0.14242936446469234,0.14242936446514326,0.14242936446580623,0.14242936446514326,0.14242936446469234,0.14242936446491883,0.14242936446580623,0.14242936446842316,0.14242936446580623,0.14242936446491883,0.14242936446469234,0.14242936446514326,0.14242936446580623,0.14242936446514326,0.14242936446469234,0.14242936446446136,0.14242936446469234,0.14242936446491883,0.14242936446469234,0.14242936446446136,0.14130960272616055,0.14130960272646448,0.14130960272674573,0.14130960272646448,0.14130960272616055,0.14130960272646448,0.14130960272701806,0.14130960272778317,0.14130960272701806,0.14130960272646448,0.14130960272674573,0.14130960272778317,0.14130960273070375,0.14130960272778317,0.14130960272674573,0.14130960272646448,0.14130960272701806,0.14130960272778317,0.14130960272701806,0.14130960272646448,0.14130960272616055,0.14130960272646448,0.14130960272674573,0.14130960272646448,0.14130960272616055,0.14021174676308013,0.14021174676353748,0.1402117467639322,0.14021174676353748,0.14021174676308013,0.14021174676353748,0.14021174676430728,0.14021174676524173,0.14021174676430728,0.14021174676353748,0.1402117467639322,0.14021174676524173,0.1402117467684247,0.14021174676524173,0.1402117467639322,0.14021174676353748,0.14021174676430728,0.14021174676524173,0.14021174676430728,0.14021174676353748,0.14021174676308013,0.14021174676353748,0.1402117467639322,0.14021174676353748,0.14021174676308013,0.139135307073204,0.1391353070740314,0.13913530707473468,0.1391353070740314,0.139135307073204,0.1391353070740314,0.13913530707541094,0.13913530707684058,0.13913530707541094,0.1391353070740314,0.13913530707473468,0.13913530707684058,0.13913530707964503,0.13913530707684058,0.13913530707473468,0.1391353070740314,0.13913530707541094,0.13913530707684058,0.13913530707541094,0.1391353070740314,0.139135307073204,0.1391353070740314,0.13913530707473468,0.1391353070740314,0.139135307073204,0.13807980357204935,0.13807980357366503,0.13807980357525496,0.13807980357366503,0.13807980357204935,0.13807980357366503,0.1380798035768547,0.13807980358112065,0.1380798035768547,0.13807980357366503,0.13807980357525496,0.13807980358112065,0.13807980359288333,0.13807980358112065,0.13807980357525496,0.13807980357366503,0.1380798035768547,0.13807980358112065,0.1380798035768547,0.13807980357366503,0.13807980357204935,0.13807980357366503,0.13807980357525496,0.13807980357366503,0.13807980357204935,0.13704476565308968,0.13704476565557372,0.1370447656585561,0.13704476565557372,0.13704476565308968,0.13704476565557372,0.13704476566164145,0.137044765673723,0.13704476566164145,0.13704476565557372,0.1370447656585561,0.137044765673723,0.1370447657404076,0.137044765673723,0.1370447656585561,0.13704476565557372,0.13704476566164145,0.137044765673723,0.13704476566164145,0.13704476565557372,0.13704476565308968,0.13704476565557372,0.1370447656585561,0.13704476565557372,0.13704476565308968,0.13602973222019688,0.1360297322219126,0.13602973222358547,0.1360297322219126,0.13602973222019688,0.1360297322219126,0.1360297322252605,0.1360297322297191,0.1360297322252605,0.1360297322219126,0.13602973222358547,0.1360297322297191,0.13602973224205583,0.1360297322297191,0.13602973222358547,0.1360297322219126,0.1360297322252605,0.1360297322297191,0.1360297322252605,0.1360297322219126,0.13602973222019688,0.1360297322219126,0.13602973222358547,0.1360297322219126,0.13602973222019688,0.13503425169685743,0.13503425169792824,0.13503425169881034,0.13503425169792824,0.13503425169685743,0.13503425169792824,0.13503425169964622,0.13503425170134536,0.13503425169964622,0.13503425169792824,0.13503425169881034,0.13503425170134536,0.13503425170442884,0.13503425170134536,0.13503425169881034,0.13503425169792824,0.13503425169964622,0.13503425170134536,0.13503425169964622,0.13503425169792824,0.13503425169685743,0.13503425169792824,0.13503425169881034,0.13503425169792824,0.13503425169685743
0.16533248796958763,0.16533248796958763,0.16533248796958738,0.16533248796958763,0.16533248796958763,0.16533248796958763,0.16533248796958738,0.16533248796958738,0.16533248796958738,0.16533248796958763,0.16533248796958738,0.16533248796958738,0.16533248796958713,0.16533248796958738,0.16533248796958738,0.16533248796958763,0.16533248796958738,0.16533248796958738,0.16533248796958738,0.16533248796958763,0.16533248796958763,0.16533248796958763,0.16533248796958738,0.16533248796958763,0.16533248796958763,0.16375749424712394,0.16375749424712352,0.16375749424712352,0.16375749424712352,0.16375749424712394,0.16375749424712352,0.16375749424712327,0.16375749424712302,0.16375749424712327,0.16375749424712352,0.16375749424712352,0.16375749424712302,0.1637574942471228,0.16375749424712302,0.16375749424712352,0.16375749424712352,0.16375749424712327,0.16375749424712302,0.16375749424712327,0.16375749424712352,0.16375749424712394,0.16375749424712352,0.16375749424712352,0.16375749424712352,0.16375749424712394,0.16221388445662457,0.16221388445662366,0.16221388445662324,0.1622138844566239,0.16221388445662457,0.16221388445662366,0.16221388445662277,0.16221388445662233,0.16221388445662277,0.1622138844566239,0.16221388445662324,0.16221388445662233,0.16221388445662163,0.16221388445662233,0.16221388445662324,0.1622138844566239,0.16221388445662277,0.16221388445662233,0.16221388445662277,0.1622138844566239,0.16221388445662457,0.1622138844566239,0.16221388445662324,0.1622138844566239,0.16221388445662457,0.16070106755513175,0.16070106755512908,0.16070106755512734,0.16070106755512908,0.16070106755513175,0.16070106755512908,0.1607010675551262,0.1607010675551242,0.1607010675551262,0.16070106755512908,0.16070106755512734,0.1607010675551242,0.16070106755512217,0.1607010675551242,0.16070106755512734,0.16070106755512908,0.1607010675551262,0.1607010675551242,0.1607010675551262,0.16070106755512908,0.16070106755513175,0.16070106755512908,0.16070106755512734,0.16070106755512908,0.16070106755513175,0.15921845191762635,0.1592184519176185,0.1592184519176135,0.1592184519176185,0.15921845191762635,0.1592184519176185,0.15921845191760958,0.15921845191760348,0.15921845191760958,0.1592184519176185,0.1592184519176135,0.15921845191760348,0.15921845191759673,0.15921845191760348,0.1592184519176135,0.1592184519176185,0.15921845191760958,0.15921845191760348,0.15921845191760958,0.1592184519176185,0.15921845191762635,0.1592184519176185,0.1592184519176135,0.1592184519176185,0.15921845191762635,0.15776544668888645,0.15776544668886341,0.15776544668884804,0.15776544668886341,0.15776544668888645,0.15776544668886341,0.15776544668883546,0.15776544668881604,0.15776544668883546,0.15776544668886341,0.15776544668884804,0.15776544668881604,0.15776544668879344,0.15776544668881604,0.15776544668884804,0.15776544668886341,0.15776544668883546,0.15776544668881604,0.15776544668883546,0.15776544668886341,0.15776544668888645,0.15776544668886341,0.15776544668884804,0.15776544668886341,0.15776544668888645,0.15634146299782142,0.15634146299775617,0.1563414629977106,0.15634146299775617,0.15634146299782142,0.15634146299775617,0.1563414629976715,0.15634146299760812,0.1563414629976715,0.15634146299775617,0.1563414629977106,0.15634146299760812,0.1563414629975274,0.15634146299760812,0.1563414629977106,0.15634146299775617,0.1563414629976715,0.15634146299760812,0.1563414629976715,0.15634146299775617,0.15634146299782142,0.15634146299775617,0.1563414629977106,0.15634146299775617,0.15634146299782142,0.1549459150445706,0.15494591504439414,0.154945915044262,0.15494591504439414,0.1549459150445706,0.15494591504439414,0.1549459150441425,0.15494591504393082,0.1549459150441425,0.15494591504439414,0.154945915044262,0.15494591504393082,0.15494591504361951,0.15494591504393082,0.154945915044262,0.15494591504439414,0.1549459150441425,0.15494591504393082,0.1549459150441425,0.15494591504439414,0.1549459150445706,0.15494591504439414,0.154945915044262,0.15494591504439414,0.1549459150445706,0.15357822107009347,0.15357822106965321,0.1535782210692871,0.15357822106965321,0.15357822107009347,0.15357822106965321,0.15357822106893862,0.15357822106821942,0.15357822106893862,0.15357822106965321,0.1535782210692871,0.15357822106821942,0.15357822106688843,0.15357822106821942,0.1535782210692871,0.15357822106965321,0.15357822106893862,0.15357822106821942,0.15357822106893862,0.15357822106965321,0.15357822107009347,0.15357822106965321,0.1535782210692871,0.15357822106965321,0.15357822107009347,0.1522378042174479,0.15223780421649186,0.15223780421557084,0.15223780421649186,0.1522378042174479,0.15223780421649186,0.1522378042146514,0.1522378042122557,0.1522378042146514,0.15223780421649186,0.15223780421557084,0.1522378042122557,0.152237804205821,0.1522378042122557,0.15223780421557084,0.15223780421649186,0.1522378042146514,0.1522378042122557,0.1522378042146514,0.15223780421649186,0.1522378042174479,0.15223780421649186,0.15223780421557084,0.15223780421649186,0.1522378042174479,0.15092409329330905,0.15092409329171766,0.15092409328988918,0.15092409329171766,0.15092409329330905,0.15092409329171766,0.15092409328800666,0.15092409328112405,0.15092409328800666,0.15092409329171766,0.15092409328988918,0.15092409328112405,0.15092409324593198,0.15092409328112405,0.15092409328988918,0.15092409329171766,0.15092409328800666,0.15092409328112405,0.15092409328800666,0.15092409329171766,0.15092409329330905,0.15092409329171766,0.15092409328988918,0.15092409329171766,0.15092409329330905,0.14963652343728848,0.14963652343584408,0.14963652343429398,0.14963652343584408,0.14963652343728848,0.14963652343584408,0.14963652343271114,0.14963652342762307,0.14963652343271114,0.14963652343584408,0.14963652343429398,0.14963652342762307,0.14963652340625094,0.14963652342762307,0.14963652343429398,0.14963652343584408,0.14963652343271114,0.14963652342762307,0.14963652343271114,0.14963652343584408,0.14963652343728848,0.14963652343584408,0.14963652343429398,0.14963652343584408,0.14963652343728848,0.14837453670550213,0.1483745367045679,0.14837453670364253,0.1483745367045679,0.14837453670550213,0.1483745367045679,0.1483745367027146,0.14837453670004677,0.1483745367027146,0.1483745367045679,0.14837453670364253,0.14837453670004677,0.1483745366901911,0.14837453670004677,0.14837453670364253,0.1483745367045679,0.1483745367027146,0.14837453670004677,0.1483745367027146,0.1483745367045679,0.14837453670550213,0.1483745367045679,0.14837453670364253,0.1483745367045679,0.14837453670550213,0.14713758257974952,0.1471375825793079,0.14713758257891207,0.1471375825793079,0.14713758257974952,0.1471375825793079,0.14713758257852785,0.1471375825775707,0.14713758257852785,0.1471375825793079,0.14713758257891207,0.1471375825775707,0.14713758257463314,0.1471375825775707,0.14713758257891207,0.1471375825793079,0.14713758257852785,0.1471375825775707,0.14713758257852785,0.1471375825793079,0.14713758257974952,0.1471375825793079,0.14713758257891207,0.1471375825793079,0.14713758257974952,0.14592511840611988,0.14592511840602232,0.14592511840597314,0.14592511840602232,0.14592511840611988,0.14592511840602232,0.1459251184059379,0.14592511840601802,0.1459251184059379,0.14592511840602232,0.14592511840597314,0.14592511840601802,0.145925118407182,0.14592511840601802,0.14592511840597314,0.14592511840602232,0.1459251184059379,0.14592511840601802,0.1459251184059379,0.14592511840602232,0.14592511840611988,0.14592511840602232,0.14592511840597314,0.14592511840602232,0.14592511840611988,0.14473660976871056,0.1447366097687975,0.14473660976891442,0.1447366097687975,0.14473660976871056,0.1447366097687975,0.14473660976904063,0.1447366097695227,0.14473660976904063,0.1447366097687975,0.14473660976891442,0.1447366097695227,0.14473660977188788,0.1447366097695227,0.14473660976891442,0.1447366097687975,0.14473660976904063,0.1447366097695227,0.14473660976904063,0.1447366097687975,0.14473660976871056,0.1447366097687975,0.14473660976891442,0.1447366097687975,0.14473660976871056,0.14357153080442567,0.1435715308045971,0.14357153080477728,0.1435715308045971,0.14357153080442567,0.1435715308045971,0.14357153080496055,0.14357153080553,0.14357153080496055,0.1435715308045971,0.14357153080477728,0.14357153080553,0.14357153080783558,0.14357153080553,0.14357153080477728,0.1435715308045971,0.14357153080496055,0.14357153080553,0.14357153080496055,0.1435715308045971,0.14357153080442567,0.1435715308045971,0.14357153080477728,0.1435715308045971,0.14357153080442567,0.1424293644642317,0.14242936446445886,0.14242936446468146,0.14242936446445886,0.1424293644642317,0.14242936446445886,0.14242936446490204,0.14242936446555393,0.14242936446490204,0.14242936446445886,0.14242936446468146,0.14242936446555393,0.142429364468142,0.14242936446555393,0.14242936446468146,0.14242936446445886,0.14242936446490204,0.14242936446555393,0.14242936446490204,0.14242936446445886,0.1424293644642317,0.14242936446445886,0.14242936446468146,0.14242936446445886,0.1424293644642317,0.14130960272589052,0.14130960272619097,0.14130960272646878,0.14130960272619097,0.14130960272589052,0.14130960272619097,0.14130960272673768,0.14130960272749205,0.14130960272673768,0.14130960272619097,0.14130960272646878,0.14130960272749205,0.141309602730386,0.14130960272749205,0.14130960272646878,0.14130960272619097,0.14130960272673768,0.14130960272749205,0.14130960272673768,0.14130960272619097,0.14130960272589052,0.14130960272619097,0.14130960272646878,0.14130960272619097,0.14130960272589052,0.14021174676277634,0.1402117467632306,0.1402117467636223,0.1402117467632306,0.14021174676277634,0.1402117467632306,0.14021174676399428,0.14021174676491957,0.14021174676399428,0.1402117467632306,0.1402117467636223,0.14021174676491957,0.14021174676808704,0.14021174676491957,0.1402117467636223,0.1402117467632306,0.14021174676399428,0.14021174676491957,0.14021174676399428,0.1402117467632306,0.14021174676277634,0.1402117467632306,0.1402117467636223,0.1402117467632306,0.14021174676277634,0.13913530707287214,0.1391353070736968,0.13913530707439759,0.1391353070736968,0.13913530707287214,0.1391353070736968,0.13913530707507132,0.13913530707649557,0.13913530707507132,0.1391353070736968,0.13913530707439759,0.13913530707649557,0.13913530707928848,0.13913530707649557,0.13913530707439759,0.1391353070736968,0.13913530707507132,0.13913530707649557,0.13913530707507132,0.1391353070736968,0.13913530707287214,0.1391353070736968,0.13913530707439759,0.1391353070736968,0.13913530707287214,0.13807980357169491,0.13807980357330688,0.1380798035748931,0.13807980357330688,0.13807980357169491,0.13807980357330688,0.1380798035764891,0.13807980358074576,0.1380798035764891,0.13807980357330688,0.1380798035748931,0.13807980358074576,0.13807980359248317,0.13807980358074576,0.1380798035748931,0.13807980357330688,0.1380798035764891,0.13807980358074576,0.1380798035764891,0.1380798035733067,0.13807980357169491,0.13807980357330688,0.1380798035748931,0.1380798035733067,0.13807980357169491,0.13704476565272006,0.13704476565519894,0.13704476565817508,0.13704476565519894,0.13704476565272006,0.13704476565519894,0.1370447656612539,0.13704476567331067,0.1370447656612539,0.13704476565519894,0.13704476565817508,0.13704476567331067,0.13704476573985191,0.13704476567331067,0.13704476565817508,0.13704476565519894,0.1370447656612539,0.13704476567331067,0.1370447656612539,0.13704476565519894,0.13704476565272006,0.13704476565519894,0.13704476565817508,0.13704476565519894,0.13704476565272006,0.13602973221982276,0.13602973222153508,0.13602973222320433,0.13602973222153508,0.13602973221982276,0.13602973222153508,0.13602973222487597,0.1360297322293253,0.13602973222487597,0.13602973222153508,0.13602973222320433,0.1360297322293253,0.13602973224163686,0.1360297322293253,0.13602973222320433,0.13602973222153508,0.13602973222487597,0.1360297322293253,0.13602973222487597,0.13602973222153508,0.13602973221982276,0.13602973222153508,0.13602973222320433,0.13602973222153508,0.13602973221982276,0.13503425169648603,0.1350342516975546,0.13503425169843478,0.1350342516975546,0.13503425169648603,0.1350342516975546,0.13503425169926908,0.13503425170096472,0.13503425169926908,0.1350342516975546,0.13503425169843478,0.13503425170096472,0.13503425170404187,0.13503425170096472,0.13503425169843478,0.1350342516975546,0.13503425169926908,0.13503425170096472,0.13503425169926908,0.1350342516975546,0.13503425169648603,0.1350342516975546,0.13503425169843478,0.1350342516975546,0.13503425169648603
0.1653324879698668,0.1653324879698668,0.1653324879698668,0.1653324879698668,0.1653324879698668,0.1653324879698668,0.16533248796986658,0.16533248796986658,0.16533248796986658,0.1653324879698668,0.1653324879698668,0.16533248796986658,0.16533248796986658,0.16533248796986658,0.1653324879698668,0.1653324879698668,0.16533248796986658,0.16533248796986658,0.16533248796986658,0.1653324879698668,0.1653324879698668,0.1653324879698668,0.1653324879698668,0.1653324879698668,0.1653324879698668,0.16375749424739758,0.1637574942473971,0.1637574942473971,0.1637574942473971,0.16375749424739758,0.1637574942473971,0.16375749424739686,0.16375749424739666,0.16375749424739686,0.1637574942473971,0.1637574942473971,0.16375749424739666,0.16375749424739666,0.16375749424739666,0.1637574942473971,0.1637574942473971,0.16375749424739686,0.16375749424739666,0.16375749424739686,0.1637574942473971,0.16375749424739758,0.1637574942473971,0.1637574942473971,0.1637574942473971,0.16375749424739758,0.16221388445689275,0.16221388445689183,0.1622138844568914,0.16221388445689183,0.16221388445689275,0.16221388445689183,0.16221388445689094,0.1622138844568905,0.16221388445689094,0.16221388445689183,0.1622138844568914,0.1622138844568905,0.1622138844568898,0.1622138844568905,0.1622138844568914,0.16221388445689183,0.16221388445689094,0.1622138844568905,0.16221388445689094,0.16221388445689183,0.16221388445689275,0.16221388445689183,0.1622138844568914,0.16221388445689183,0.16221388445689275,0.16070106755539434,0.16070106755539165,0.16070106755538988,0.16070106755539165,0.16070106755539434,0.16070106755539165,0.16070106755538877,0.160701067555387,0.16070106755538877,0.16070106755539165,0.16070106755538988,0.160701067555387,0.160701067555385,0.160701067555387,0.1607010675553901,0.16070106755539165,0.16070106755538877,0.160701067555387,0.16070106755538877,0.16070106755539165,0.16070106755539434,0.16070106755539165,0.1607010675553901,0.16070106755539165,0.16070106755539434,0.15921845191788347,0.15921845191787584,0.15921845191787062,0.15921845191787584,0.15921845191788347,0.15921845191787584,0.15921845191786668,0.1592184519178608,0.15921845191786668,0.15921845191787584,0.15921845191787062,0.1592184519178608,0.15921845191785408,0.1592184519178608,0.15921845191787062,0.15921845191787584,0.15921845191786668,0.1592184519178608,0.15921845191786668,0.15921845191787584,0.15921845191788347,0.15921845191787584,0.15921845191787062,0.15921845191787584,0.15921845191788347,0.157765446689138,0.15776544668911519,0.1577654466890998,0.15776544668911519,0.157765446689138,0.15776544668911519,0.15776544668908746,0.15776544668906825,0.15776544668908746,0.15776544668911519,0.1577654466890998,0.15776544668906825,0.15776544668904563,0.15776544668906825,0.1577654466890998,0.15776544668911519,0.15776544668908746,0.15776544668906825,0.15776544668908746,0.15776544668911519,0.157765446689138,0.15776544668911519,0.1577654466890998,0.15776544668911519,0.157765446689138,0.15634146299806753,0.15634146299800247,0.15634146299795712,0.15634146299800247,0.15634146299806753,0.15634146299800247,0.15634146299791846,0.15634146299785548,0.15634146299791846,0.15634146299800247,0.15634146299795712,0.15634146299785548,0.1563414629977752,0.15634146299785548,0.15634146299795712,0.15634146299800247,0.15634146299791846,0.15634146299785548,0.15634146299791846,0.15634146299800247,0.15634146299806753,0.15634146299800247,0.15634146299795712,0.15634146299800247,0.15634146299806753,0.15494591504480995,0.15494591504463476,0.1549459150445034,0.15494591504463476,0.15494591504480995,0.15494591504463476,0.15494591504438474,0.15494591504417426,0.15494591504438474,0.15494591504463476,0.1549459150445034,0.15494591504417426,0.154945915043865,0.15494591504417426,0.1549459150445034,0.15494591504463476,0.15494591504438474,0.15494591504417426,0.15494591504438474,0.15494591504463476,0.15494591504480995,0.15494591504463476,0.1549459150445034,0.15494591504463476,0.15494591504480995,0.15357822107032404,0.1535782210698868,0.15357822106952268,0.1535782210698868,0.15357822107032404,0.1535782210698868,0.15357822106917662,0.1535782210684618,0.15357822106917662,0.1535782210698868,0.15357822106952268,0.1535782210684618,0.15357822106713928,0.1535782210684618,0.15357822106952268,0.1535782210698868,0.15357822106917662,0.1535782210684618,0.15357822106917662,0.1535782210698868,0.15357822107032404,0.1535782210698868,0.15357822106952268,0.1535782210698868,0.15357822107032404,0.15223780421766422,0.1522378042167141,0.15223780421579877,0.1522378042167141,0.15223780421766422,0.1522378042167141,0.15223780421488506,0.1522378042125045,0.15223780421488506,0.1522378042167141,0.15223780421579877,0.1522378042125045,0.15223780420611074,0.1522378042125045,0.15223780421579877,0.1522378042167141,0.15223780421488506,0.1522378042125045,0.15223780421488506,0.1522378042167141,0.15223780421766422,0.1522378042167141,0.15223780421579877,0.1522378042167141,0.15223780421766422,0.1509240932934985,0.15092409329191675,0.15092409329009968,0.15092409329191675,0.1509240932934985,0.15092409329191675,0.1509240932882287,0.1509240932813895,0.1509240932882287,0.15092409329191675,0.15092409329009968,0.1509240932813895,0.15092409324643108,0.1509240932813895,0.15092409329009968,0.15092409329191675,0.1509240932882287,0.1509240932813895,0.1509240932882287,0.15092409329191675,0.1509240932934985,0.15092409329191675,0.15092409329009968,0.15092409329191675,0.1509240932934985,0.14963652343743106,0.1496365234359944,0.14963652343445316,0.1496365234359944,0.14963652343743106,0.1496365234359944,0.14963652343287942,0.1496365234278222,0.14963652343287942,0.1496365234359944,0.14963652343445316,0.1496365234278222,0.14963652340659186,0.1496365234278222,0.14963652343445316,0.1496365234359944,0.14963652343287942,0.1496365234278222,0.14963652343287942,0.1496365234359944,0.14963652343743106,0.1496365234359944,0.14963652343445316,0.1496365234359944,0.14963652343743106,0.1483745367055807,0.14837453670464962,0.14837453670372686,0.14837453670464962,0.1483745367055807,0.14837453670464962,0.1483745367028015,0.1483745367001398,0.1483745367028015,0.14837453670464962,0.14837453670372686,0.1483745367001398,0.14837453669030842,0.1483745367001398,0.14837453670372686,0.14837453670464962,0.1483745367028015,0.1483745367001398,0.1483745367028015,0.14837453670464962,0.1483745367055807,0.14837453670464962,0.14837453670372686,0.14837453670464962,0.1483745367055807,0.1471375825797575,0.14713758257931445,0.14713758257891715,0.14713758257931445,0.1471375825797575,0.14713758257931445,0.14713758257853096,0.14713758257756618,0.14713758257853096,0.14713758257931445,0.14713758257891715,0.14713758257756618,0.14713758257456683,0.14713758257756618,0.14713758257891715,0.14713758257931445,0.14713758257853096,0.14713758257756618,0.14713758257853096,0.14713758257931445,0.1471375825797575,0.14713758257931445,0.14713758257891715,0.14713758257931445,0.1471375825797575,0.14592511840605846,0.14592511840595732,0.1459251184059039,0.14592511840595732,0.14592511840605846,0.14592511840595732,0.14592511840586433,0.1459251184059297,0.14592511840586433,0.14592511840595732,0.1459251184059039,0.1459251184059297,0.14592511840701464,0.1459251184059297,0.1459251184059039,0.14592511840595732,0.14592511840586433,0.1459251184059297,0.14592511840586433,0.14592511840595732,0.14592511840605846,0.14592511840595732,0.1459251184059039,0.14592511840595732,0.14592511840605846,0.14473660976858643,0.144736609768669,0.14473660976878105,0.144736609768669,0.14473660976858643,0.144736609768669,0.14473660976890237,0.14473660976936858,0.14473660976890237,0.144736609768669,0.14473660976878105,0.14473660976936858,0.14473660977166516,0.14473660976936858,0.14473660976878105,0.144736609768669,0.14473660976890237,0.14473660976936858,0.14473660976890237,0.144736609768669,0.14473660976858643,0.144736609768669,0.14473660976878105,0.144736609768669,0.14473660976858643,0.14357153080424734,0.1435715308044147,0.1435715308045906,0.1435715308044147,0.14357153080424734,0.1435715308044147,0.1435715308047696,0.1435715308053269,0.1435715308047696,0.1435715308044147,0.1435715308045906,0.1435715308053269,0.14357153080757978,0.1435715308053269,0.1435715308045906,0.1435715308044147,0.1435715308047696,0.1435715308053269,0.1435715308047696,0.1435715308044147,0.14357153080424734,0.1435715308044147,0.1435715308045906,0.1435715308044147,0.14357153080424734,0.14242936446400675,0.14242936446423018,0.14242936446444912,0.14242936446423018,0.14242936446400675,0.14242936446423018,0.142429364464666,0.14242936446530668,0.142429364464666,0.14242936446423018,0.14242936446444912,0.14242936446530668,0.14242936446783838,0.14242936446530668,0.14242936446444912,0.14242936446423018,0.142429364464666,0.14242936446530668,0.142429364464666,0.14242936446423018,0.14242936446400675,0.14242936446423018,0.14242936446444912,0.14242936446423018,0.14242936446400675,0.14130960272562604,0.14130960272592305,0.1413096027261974,0.14130960272592305,0.14130960272562604,0.14130960272592305,0.14130960272646284,0.14130960272720688,0.14130960272646284,0.14130960272592305,0.1413096027261974,0.14130960272720688,0.14130960273006168,0.14130960272720688,0.1413096027261974,0.14130960272592305,0.14130960272646284,0.14130960272720688,0.14130960272646284,0.14130960272592305,0.14130960272562604,0.14130960272592305,0.1413096027261974,0.14130960272592305,0.14130960272562604,0.1402117467624787,0.14021174676293002,0.14021174676331866,0.14021174676293002,0.1402117467624787,0.14021174676293002,0.14021174676368775,0.14021174676460382,0.14021174676368775,0.14021174676293002,0.14021174676331866,0.14021174676460382,0.14021174676772488,0.14021174676460382,0.14021174676331866,0.14021174676293002,0.14021174676368775,0.14021174676460382,0.14021174676368775,0.14021174676293002,0.1402117467624787,0.14021174676293002,0.14021174676331866,0.14021174676293002,0.1402117467624787,0.1391353070725472,0.13913530707336907,0.13913530707406746,0.13913530707336907,0.1391353070725472,0.13913530707336907,0.13913530707473898,0.13913530707615784,0.13913530707473898,0.13913530707336907,0.13913530707406746,0.13913530707615784,0.13913530707893904,0.13913530707615784,0.13913530707406746,0.13913530707336907,0.13913530707473898,0.13913530707615784,0.13913530707473898,0.13913530707336907,0.1391353070725472,0.13913530707336907,0.13913530707406746,0.13913530707336907,0.1391353070725472,0.13807980357134794,0.13807980357295602,0.13807980357453883,0.13807980357295602,0.13807980357134794,0.13807980357295602,0.13807980357613125,0.1380798035803786,0.13807980357613125,0.13807980357295602,0.13807980357453883,0.1380798035803786,0.13807980359209107,0.1380798035803786,0.13807980357453883,0.13807980357295602,0.13807980357613125,0.1380798035803786,0.13807980357613125,0.13807980357295602,0.13807980357134794,0.13807980357295602,0.13807980357453883,0.13807980357295602,0.13807980357134794,0.13704476565235835,0.1370447656548319,0.137044765657802,0.1370447656548319,0.13704476565235835,0.1370447656548319,0.13704476566087456,0.13704476567290685,0.13704476566087456,0.1370447656548319,0.137044765657802,0.13704476567290685,0.1370447657393146,0.13704476567290672,0.137044765657802,0.1370447656548319,0.13704476566087456,0.13704476567290672,0.13704476566087456,0.1370447656548319,0.13704476565235835,0.1370447656548319,0.137044765657802,0.1370447656548319,0.13704476565235835,0.13602973221945655,0.1360297322211653,0.1360297322228311,0.1360297322211653,0.13602973221945655,0.1360297322211653,0.1360297322244995,0.1360297322289397,0.1360297322244993,0.1360297322211653,0.1360297322228311,0.1360297322289397,0.13602973224122636,0.1360297322289397,0.1360297322228311,0.1360297322211653,0.1360297322244993,0.1360297322289397,0.1360297322244993,0.1360297322211653,0.13602973221945655,0.1360297322211653,0.1360297322228311,0.1360297322211653,0.13602973221945655,0.13503425169612235,0.13503425169718872,0.13503425169806715,0.13503425169718872,0.13503425169612235,0.13503425169718872,0.13503425169889968,0.13503425170059197,0.13503425169889968,0.13503425169718872,0.13503425169806715,0.13503425170059197,0.13503425170366284,0.13503425170059197,0.13503425169806715,0.13503425169718872,0.13503425169889968,0.13503425170059197,0.13503425169889985,0.13503425169718872,0.13503425169612235,0.13503425169718872,0.13503425169806715,0.13503425169718872,0.13503425169612235
0.16533248797014055,0.1653324879701403,0.1653324879701403,0.1653324879701403,0.16533248797014055,0.1653324879701403,0.1653324879701403,0.1653324879701403,0.1653324879701403,0.1653324879701403,0.1653324879701403,0.1653324879701403,0.1653324879701401,0.1653324879701403,0.1653324879701403,0.1653324879701403,0.1653324879701403,0.1653324879701403,0.1653324879701403,0.1653324879701403,0.16533248797014055,0.1653324879701403,0.1653324879701403,0.1653324879701403,0.16533248797014055,0.1637574942476656,0.1637574942476654,0.16375749424766517,0.1637574942476654,0.1637574942476656,0.1637574942476654,0.16375749424766495,0.16375749424766495,0.16375749424766495,0.1637574942476654,0.16375749424766517,0.16375749424766495,0.16375749424766473,0.16375749424766495,0.16375749424766517,0.1637574942476654,0.16375749424766495,0.16375749424766495,0.16375749424766495,0.1637574942476654,0.1637574942476656,0.1637574942476654,0.16375749424766517,0.1637574942476654,0.1637574942476656,0.16221388445715546,0.16221388445715457,0.1622138844571541,0.16221388445715457,0.16221388445715546,0.16221388445715457,0.16221388445715365,0.16221388445715296,0.16221388445715365,0.16221388445715457,0.1622138844571541,0.16221388445715296,0.1622138844571525,0.1622138844571532,0.1622138844571541,0.16221388445715457,0.16221388445715365,0.1622138844571532,0.16221388445715365,0.16221388445715457,0.16221388445715546,0.16221388445715457,0.1622138844571541,0.16221388445715457,0.16221388445715546,0.16070106755565158,0.1607010675556489,0.16070106755564736,0.1607010675556489,0.16070106755565158,0.1607010675556489,0.16070106755564603,0.16070106755564426,0.16070106755564603,0.1607010675556489,0.16070106755564736,0.16070106755564426,0.16070106755564226,0.16070106755564426,0.16070106755564736,0.1607010675556489,0.16070106755564603,0.16070106755564426,0.16070106755564603,0.1607010675556489,0.16070106755565158,0.1607010675556489,0.16070106755564736,0.1607010675556489,0.16070106755565158,0.15921845191813558,0.15921845191812772,0.15921845191812276,0.15921845191812772,0.15921845191813558,0.15921845191812772,0.15921845191811881,0.15921845191811296,0.15921845191811881,0.15921845191812772,0.15921845191812276,0.15921845191811296,0.15921845191810619,0.15921845191811296,0.15921845191812276,0.15921845191812772,0.15921845191811881,0.15921845191811296,0.15921845191811881,0.15921845191812772,0.15921845191813558,0.15921845191812772,0.15921845191812276,0.15921845191812772,0.15921845191813558,0.15776544668938444,0.15776544668936182,0.15776544668934667,0.15776544668936182,0.15776544668938444,0.15776544668936182,0.15776544668933432,0.1577654466893151,0.15776544668933432,0.15776544668936182,0.15776544668934667,0.1577654466893151,0.1577654466892927,0.1577654466893151,0.15776544668934667,0.15776544668936182,0.15776544668933432,0.1577654466893151,0.15776544668933432,0.15776544668936182,0.15776544668938444,0.15776544668936182,0.15776544668934667,0.15776544668936182,0.15776544668938444,0.15634146299830842,0.1563414629982438,0.15634146299819884,0.1563414629982438,0.15634146299830842,0.1563414629982438,0.15634146299816018,0.15634146299809765,0.15634146299816018,0.1563414629982438,0.15634146299819884,0.15634146299809765,0.156341462998018,0.15634146299809765,0.15634146299819884,0.1563414629982438,0.15634146299816018,0.15634146299809765,0.15634146299816018,0.1563414629982438,0.15634146299830842,0.1563414629982438,0.15634146299819884,0.1563414629982438,0.15634146299830842,0.1549459150450446,0.15494591504487043,0.15494591504473967,0.15494591504487043,0.1549459150450446,0.15494591504487043,0.15494591504462185,0.1549459150444126,0.15494591504462185,0.15494591504487043,0.15494591504473967,0.1549459150444126,0.1549459150441054,0.1549459150444126,0.15494591504473967,0.15494591504487043,0.15494591504462185,0.1549459150444126,0.15494591504462185,0.15494591504487043,0.1549459150450446,0.15494591504487043,0.15494591504473967,0.15494591504487043,0.1549459150450446,0.15357822107055,0.15357822107011537,0.15357822106975363,0.15357822107011537,0.15357822107055,0.15357822107011537,0.15357822106940958,0.15357822106869945,0.15357822106940958,0.15357822107011537,0.15357822106975363,0.15357822106869945,0.15357822106738492,0.15357822106869945,0.15357822106975363,0.15357822107011537,0.15357822106940958,0.15357822106869945,0.15357822106940958,0.15357822107011537,0.15357822107055,0.15357822107011537,0.15357822106975363,0.15357822107011537,0.15357822107055,0.15223780421787603,0.15223780421693162,0.152237804216022,0.15223780421693162,0.15223780421787603,0.15223780421693162,0.152237804215114,0.152237804212748,0.152237804215114,0.15223780421693162,0.152237804216022,0.152237804212748,0.15223780420639418,0.152237804212748,0.152237804216022,0.15223780421693162,0.152237804215114,0.152237804212748,0.152237804215114,0.15223780421693162,0.15223780421787603,0.15223780421693162,0.152237804216022,0.15223780421693162,0.15223780421787603,0.15092409329368428,0.150924093292112,0.15092409329030568,0.150924093292112,0.15092409329368428,0.150924093292112,0.15092409328844633,0.15092409328164955,0.15092409328844633,0.150924093292112,0.15092409329030568,0.15092409328164955,0.15092409324687053,0.15092409328164955,0.15092409329030568,0.150924093292112,0.15092409328844633,0.15092409328164955,0.15092409328844633,0.150924093292112,0.15092409329368428,0.150924093292112,0.15092409329030568,0.150924093292112,0.15092409329368428,0.14963652343757078,0.1496365234361421,0.14963652343460918,0.1496365234361421,0.14963652343757078,0.1496365234361421,0.1496365234330445,0.14963652342801714,0.1496365234330445,0.1496365234361421,0.14963652343460918,0.14963652342801714,0.14963652340692973,0.14963652342801714,0.14963652343460918,0.1496365234361421,0.1496365234330445,0.14963652342801714,0.1496365234330445,0.1496365234361421,0.14963652343757078,0.1496365234361421,0.14963652343460918,0.1496365234361421,0.14963652343757078,0.1483745367056582,0.14837453670472986,0.1483745367038097,0.14837453670472986,0.1483745367056582,0.14837453670472986,0.14837453670288714,0.14837453670023135,0.14837453670288714,0.14837453670472986,0.1483745367038097,0.14837453670023135,0.14837453669039422,0.14837453670023135,0.1483745367038097,0.14837453670472986,0.14837453670288714,0.14837453670023135,0.14837453670288714,0.14837453670472986,0.1483745367056582,0.14837453670472986,0.1483745367038097,0.14837453670472986,0.1483745367056582,0.1471375825797655,0.14713758257932152,0.14713758257892243,0.14713758257932152,0.1471375825797655,0.14713758257932152,0.14713758257853457,0.14713758257756238,0.14713758257853457,0.14713758257932152,0.14713758257892243,0.14713758257756238,0.14713758257454393,0.14713758257756238,0.14713758257892243,0.14713758257932152,0.14713758257853457,0.14713758257756238,0.14713758257853457,0.14713758257932152,0.1471375825797655,0.14713758257932152,0.14713758257892243,0.14713758257932152,0.1471375825797655,0.14592511840599862,0.1459251184058939,0.14592511840583658,0.1459251184058939,0.14592511840599862,0.1459251184058939,0.14592511840579278,0.1459251184058437,0.14592511840579278,0.1459251184058939,0.14592511840583658,0.1459251184058437,0.14592511840688555,0.1459251184058437,0.14592511840583658,0.1459251184058939,0.14592511840579278,0.1459251184058437,0.14592511840579278,0.1459251184058939,0.14592511840599862,0.1459251184058939,0.14592511840583658,0.1459251184058939,0.14592511840599862,0.1447366097684653,0.14473660976854333,0.1447366097686507,0.14473660976854333,0.1447366097684653,0.14473660976854333,0.14473660976876726,0.1447366097692178,0.14473660976876726,0.14473660976854333,0.1447366097686507,0.1447366097692178,0.14473660977146302,0.1447366097692178,0.1447366097686507,0.14473660976854333,0.14473660976876726,0.1447366097692178,0.14473660976876726,0.14473660976854333,0.1447366097684653,0.14473660976854333,0.1447366097686507,0.14473660976854333,0.1447366097684653,0.14357153080407264,0.1435715308042359,0.14357153080440768,0.1435715308042359,0.14357153080407264,0.1435715308042359,0.14357153080458274,0.14357153080512788,0.14357153080458274,0.1435715308042359,0.14357153080440768,0.14357153080512788,0.14357153080733542,0.14357153080512788,0.14357153080440768,0.1435715308042359,0.14357153080458274,0.14357153080512788,0.14357153080458274,0.1435715308042359,0.14357153080407264,0.1435715308042359,0.14357153080440768,0.1435715308042359,0.14357153080407264,0.14242936446378635,0.14242936446400625,0.14242936446422147,0.14242936446400625,0.14242936446378635,0.14242936446400625,0.14242936446443455,0.14242936446506443,0.14242936446443455,0.14242936446400625,0.14242936446422147,0.14242936446506443,0.1424293644675492,0.14242936446506443,0.14242936446422147,0.14242936446400625,0.14242936446443455,0.14242936446506443,0.14242936446443455,0.14242936446400625,0.14242936446378635,0.14242936446400625,0.14242936446422147,0.14242936446400625,0.14242936446378635,0.14130960272536683,0.14130960272566057,0.14130960272593146,0.14130960272566057,0.14130960272536683,0.14130960272566057,0.1413096027261936,0.1413096027269273,0.1413096027261936,0.14130960272566057,0.14130960272593146,0.1413096027269273,0.1413096027297403,0.1413096027269273,0.14130960272593146,0.14130960272566057,0.1413096027261936,0.1413096027269273,0.1413096027261936,0.14130960272566057,0.14130960272536683,0.14130960272566057,0.14130960272593146,0.14130960272566057,0.14130960272536683,0.14021174676218698,0.14021174676263526,0.14021174676302095,0.14021174676263526,0.14021174676218698,0.14021174676263526,0.14021174676338719,0.14021174676429438,0.14021174676338719,0.14021174676263526,0.14021174676302095,0.14021174676429438,0.14021174676737883,0.14021174676429438,0.14021174676302095,0.14021174676263526,0.14021174676338719,0.14021174676429438,0.14021174676338719,0.14021174676263526,0.14021174676218698,0.14021174676263526,0.14021174676302095,0.14021174676263526,0.14021174676218698,0.13913530707222863,0.1391353070730478,0.1391353070737438,0.1391353070730478,0.13913530707222863,0.1391353070730478,0.13913530707441277,0.1391353070758266,0.13913530707441277,0.1391353070730478,0.1391353070737438,0.1391353070758266,0.13913530707859642,0.1391353070758266,0.13913530707374364,0.1391353070730478,0.13913530707441277,0.1391353070758266,0.13913530707441277,0.1391353070730478,0.13913530707222863,0.1391353070730478,0.13913530707374364,0.1391353070730478,0.13913530707222863,0.1380798035710076,0.138079803572612,0.13807980357419122,0.138079803572612,0.1380798035710076,0.138079803572612,0.1380798035757801,0.13807980358001845,0.1380798035757801,0.138079803572612,0.13807980357419122,0.13807980358001845,0.1380798035917064,0.13807980358001845,0.13807980357419122,0.138079803572612,0.1380798035757801,0.13807980358001845,0.1380798035757801,0.138079803572612,0.1380798035710076,0.138079803572612,0.13807980357419122,0.138079803572612,0.1380798035710076,0.13704476565200333,0.13704476565447202,0.1370447656574359,0.13704476565447188,0.13704476565200333,0.13704476565447202,0.13704476566050222,0.1370447656725105,0.13704476566050222,0.13704476565447202,0.1370447656574359,0.1370447656725105,0.1370447657387966,0.1370447656725105,0.1370447656574359,0.13704476565447188,0.13704476566050222,0.1370447656725105,0.13704476566050222,0.13704476565447188,0.13704476565200333,0.13704476565447202,0.1370447656574359,0.13704476565447188,0.13704476565200333,0.1360297322190972,0.13602973222080253,0.13602973222246506,0.13602973222080253,0.1360297322190972,0.13602973222080253,0.13602973222412998,0.1360297322285614,0.13602973222412998,0.13602973222080253,0.13602973222246506,0.1360297322285614,0.13602973224082363,0.1360297322285614,0.13602973222246506,0.13602973222080253,0.13602973222412998,0.1360297322285614,0.13602973222412998,0.13602973222080253,0.1360297322190972,0.13602973222080253,0.13602973222246506,0.13602973222080253,0.1360297322190972,0.13503425169576563,0.1350342516968298,0.13503425169770653,0.1350342516968298,0.13503425169576563,0.1350342516968298,0.13503425169853744,0.13503425170022623,0.13503425169853744,0.1350342516968298,0.13503425169770653,0.13503425170022623,0.13503425170329095,0.13503425170022623,0.13503425169770653,0.1350342516968298,0.13503425169853744,0.13503425170022623,0.13503425169853744,0.1350342516968298,0.13503425169576563,0.1350342516968298,0.13503425169770653,0.1350342516968298,0.13503425169576563
0.16533248797040861,0.16533248797040861,0.1653324879704084,0.16533248797040861,0.16533248797040861,0.16533248797040861,0.1653324879704084,0.1653324879704084,0.1653324879704084,0.16533248797040861,0.1653324879704084,0.1653324879704084,0.16533248797040817,0.1653324879704084,0.1653324879704084,0.16533248797040861,0.1653324879704084,0.1653324879704084,0.1653324879704084,0.1653324879704084,0.16533248797040861,0.16533248797040861,0.1653324879704084,0.1653324879704084,0.16533248797040861,0.16375749424792838,0.16375749424792813,0.1637574942479279,0.16375749424792813,0.16375749424792838,0.16375749424792813,0.16375749424792768,0.16375749424792768,0.16375749424792768,0.16375749424792813,0.1637574942479279,0.16375749424792768,0.16375749424792746,0.16375749424792768,0.1637574942479279,0.16375749424792813,0.16375749424792768,0.16375749424792768,0.16375749424792768,0.16375749424792813,0.16375749424792838,0.16375749424792813,0.1637574942479279,0.16375749424792813,0.16375749424792838,0.16221388445741275,0.16221388445741208,0.16221388445741136,0.16221388445741208,0.16221388445741275,0.16221388445741208,0.16221388445741114,0.1622138844574105,0.16221388445741114,0.16221388445741208,0.16221388445741136,0.1622138844574105,0.1622138844574098,0.1622138844574105,0.16221388445741136,0.16221388445741208,0.16221388445741114,0.1622138844574105,0.16221388445741114,0.16221388445741208,0.16221388445741275,0.16221388445741208,0.16221388445741136,0.16221388445741208,0.16221388445741275,0.16070106755590374,0.16070106755590105,0.1607010675558995,0.16070106755590105,0.16070106755590374,0.16070106755590105,0.16070106755589816,0.1607010675558964,0.16070106755589816,0.16070106755590105,0.1607010675558995,0.1607010675558964,0.1607010675558944,0.1607010675558964,0.1607010675558995,0.16070106755590105,0.16070106755589816,0.1607010675558964,0.16070106755589816,0.16070106755590105,0.16070106755590374,0.16070106755590105,0.1607010675558995,0.16070106755590105,0.16070106755590374,0.15921845191838246,0.15921845191837464,0.15921845191836964,0.15921845191837464,0.15921845191838246,0.15921845191837464,0.1592184519183657,0.15921845191835982,0.1592184519183657,0.15921845191837464,0.15921845191836964,0.15921845191835982,0.1592184519183533,0.15921845191835982,0.15921845191836964,0.15921845191837464,0.1592184519183657,0.15921845191835982,0.1592184519183657,0.15921845191837464,0.15921845191838246,0.15921845191837464,0.15921845191836964,0.15921845191837464,0.15921845191838246,0.1577654466896262,0.15776544668960357,0.15776544668958845,0.15776544668960357,0.1577654466896262,0.15776544668960357,0.15776544668957626,0.15776544668955728,0.15776544668957626,0.15776544668960357,0.15776544668958845,0.15776544668955728,0.15776544668953488,0.15776544668955728,0.15776544668958845,0.15776544668960357,0.15776544668957626,0.15776544668955728,0.15776544668957626,0.15776544668960357,0.1577654466896262,0.15776544668960357,0.15776544668958845,0.15776544668960357,0.1577654466896262,0.1563414629985445,0.1563414629984803,0.15634146299843557,0.1563414629984803,0.1563414629985445,0.1563414629984803,0.1563414629983973,0.15634146299833498,0.1563414629983973,0.1563414629984803,0.15634146299843557,0.15634146299833498,0.15634146299825574,0.15634146299833498,0.15634146299843557,0.1563414629984803,0.1563414629983973,0.15634146299833498,0.1563414629983973,0.1563414629984803,0.1563414629985445,0.1563414629984803,0.15634146299843557,0.1563414629984803,0.1563414629985445,0.15494591504527455,0.15494591504510136,0.15494591504497143,0.15494591504510136,0.15494591504527455,0.15494591504510136,0.15494591504485425,0.15494591504464642,0.15494591504485425,0.15494591504510136,0.15494591504497143,0.15494591504464642,0.1549459150443409,0.15494591504464642,0.15494591504497143,0.15494591504510136,0.15494591504485425,0.15494591504464642,0.15494591504485425,0.15494591504510136,0.15494591504527455,0.15494591504510136,0.15494591504497143,0.15494591504510136,0.15494591504527455,0.15357822107077151,0.1535782210703395,0.15357822106998,0.1535782210703395,0.15357822107077151,0.1535782210703395,0.15357822106963798,0.15357822106893199,0.15357822106963798,0.1535782210703395,0.15357822106998,0.15357822106893199,0.15357822106762573,0.15357822106893199,0.15357822106998,0.1535782210703395,0.15357822106963798,0.15357822106893199,0.15357822106963798,0.1535782210703395,0.15357822107077151,0.1535782210703395,0.15357822106998,0.1535782210703395,0.15357822107077151,0.1522378042180837,0.15223780421714497,0.1522378042162409,0.15223780421714497,0.1522378042180837,0.15223780421714497,0.1522378042153384,0.15223780421298674,0.1522378042153384,0.15223780421714497,0.1522378042162409,0.15223780421298674,0.15223780420667193,0.15223780421298674,0.1522378042162409,0.15223780421714497,0.1522378042153384,0.15223780421298674,0.1522378042153384,0.15223780421714497,0.1522378042180837,0.15223780421714497,0.1522378042162409,0.15223780421714497,0.1522378042180837,0.1509240932938664,0.15092409329230339,0.15092409329050788,0.15092409329230339,0.1509240932938664,0.15092409329230339,0.1509240932886595,0.15092409328190423,0.1509240932886595,0.15092409329230339,0.15092409329050788,0.15092409328190423,0.15092409324733816,0.15092409328190423,0.15092409329050788,0.15092409329230339,0.1509240932886595,0.15092409328190423,0.1509240932886595,0.15092409329230339,0.1509240932938664,0.15092409329230339,0.15092409329050788,0.15092409329230339,0.1509240932938664,0.14963652343770806,0.14963652343628692,0.14963652343476253,0.14963652343628692,0.14963652343770806,0.14963652343628692,0.14963652343320638,0.1496365234282087,0.14963652343320638,0.14963652343628692,0.14963652343476253,0.1496365234282087,0.1496365234072705,0.1496365234282087,0.14963652343476253,0.14963652343628692,0.14963652343320638,0.1496365234282087,0.14963652343320638,0.14963652343628692,0.14963652343770806,0.14963652343628692,0.14963652343476253,0.14963652343628692,0.14963652343770806,0.14837453670573436,0.14837453670480902,0.14837453670389145,0.14837453670480902,0.14837453670573436,0.14837453670480902,0.14837453670297146,0.1483745367003218,0.14837453670297146,0.14837453670480902,0.14837453670389145,0.1483745367003218,0.14837453669051118,0.1483745367003218,0.14837453670389145,0.14837453670480902,0.14837453670297146,0.1483745367003218,0.14837453670297146,0.14837453670480902,0.14837453670573436,0.14837453670480902,0.14837453670389145,0.14837453670480902,0.14837453670573436,0.14713758257977402,0.1471375825793288,0.14713758257892806,0.1471375825793288,0.14713758257977402,0.1471375825793288,0.1471375825785386,0.14713758257755946,0.1471375825785386,0.1471375825793288,0.14713758257892806,0.14713758257755946,0.14713758257451615,0.14713758257755946,0.14713758257892806,0.1471375825793288,0.1471375825785386,0.14713758257755946,0.1471375825785386,0.1471375825793288,0.14713758257977402,0.1471375825793288,0.14713758257892806,0.1471375825793288,0.14713758257977402,0.14592511840594058,0.1459251184058323,0.14592511840577105,0.1459251184058323,0.14592511840594058,0.1459251184058323,0.14592511840572334,0.1459251184057602,0.14592511840572334,0.1459251184058323,0.14592511840577105,0.1459251184057602,0.1459251184067294,0.1459251184057602,0.14592511840577105,0.1459251184058323,0.14592511840572334,0.1459251184057602,0.14592511840572314,0.1459251184058323,0.14592511840594058,0.1459251184058323,0.14592511840577105,0.1459251184058323,0.14592511840594058,0.1447366097683468,0.1447366097684206,0.14473660976852343,0.1447366097684206,0.1447366097683468,0.1447366097684206,0.1447366097686353,0.14473660976907063,0.1447366097686353,0.1447366097684206,0.14473660976852343,0.14473660976907063,0.1447366097712225,0.14473660976907063,0.14473660976852343,0.1447366097684206,0.1447366097686353,0.14473660976907063,0.1447366097686353,0.1447366097684206,0.1447366097683468,0.1447366097684206,0.14473660976852343,0.1447366097684206,0.1447366097683468,0.14357153080390186,0.14357153080406115,0.14357153080422888,0.14357153080406115,0.14357153080390186,0.14357153080406115,0.1435715308043998,0.14357153080493332,0.1435715308043998,0.14357153080406115,0.14357153080422888,0.14357153080493332,0.14357153080709809,0.14357153080493332,0.14357153080422888,0.14357153080406115,0.1435715308043998,0.14357153080493332,0.1435715308043998,0.14357153080406115,0.14357153080390186,0.14357153080406115,0.14357153080422888,0.14357153080406115,0.14357153080390186,0.1424293644635706,0.14242936446378668,0.14242936446399837,0.14242936446378668,0.1424293644635706,0.14242936446378668,0.1424293644642079,0.14242936446482724,0.1424293644642079,0.14242936446378668,0.14242936446399837,0.14242936446482724,0.1424293644672682,0.14242936446482724,0.14242936446399837,0.14242936446378668,0.1424293644642079,0.14242936446482724,0.1424293644642079,0.14242936446378668,0.1424293644635706,0.14242936446378668,0.14242936446399837,0.14242936446378668,0.1424293644635706,0.14130960272511273,0.1413096027254032,0.14130960272567078,0.1413096027254032,0.14130960272511273,0.1413096027254032,0.14130960272592966,0.14130960272665313,0.14130960272592966,0.1413096027254032,0.14130960272567078,0.14130960272665313,0.14130960272940432,0.14130960272665313,0.14130960272567078,0.1413096027254032,0.14130960272592966,0.14130960272665313,0.1413096027259295,0.1413096027254032,0.14130960272511273,0.1413096027254032,0.14130960272567078,0.1413096027254032,0.14130960272511273,0.14021174676190107,0.1402117467623463,0.1402117467627291,0.1402117467623463,0.14021174676190107,0.1402117467623463,0.1402117467630924,0.14021174676399076,0.1402117467630924,0.1402117467623463,0.1402117467627291,0.14021174676399076,0.1402117467670244,0.14021174676399076,0.1402117467627291,0.1402117467623463,0.1402117467630924,0.14021174676399076,0.1402117467630924,0.1402117467623463,0.14021174676190107,0.1402117467623463,0.1402117467627291,0.1402117467623463,0.14021174676190107,0.13913530707191618,0.13913530707273253,0.13913530707342617,0.13913530707273253,0.13913530707191618,0.13913530707273253,0.1391353070740929,0.13913530707550167,0.1391353070740929,0.13913530707273253,0.13913530707342617,0.13913530707550167,0.13913530707826025,0.13913530707550167,0.13913530707342617,0.13913530707273253,0.1391353070740929,0.13913530707550167,0.1391353070740929,0.13913530707273253,0.13913530707191618,0.13913530707273253,0.13913530707342617,0.13913530707273253,0.13913530707191618,0.13807980357067368,0.13807980357227445,0.1380798035738503,0.13807980357227445,0.13807980357067368,0.13807980357227445,0.13807980357543576,0.13807980357966498,0.13807980357543576,0.13807980357227445,0.1380798035738503,0.13807980357966498,0.13807980359132904,0.13807980357966498,0.1380798035738503,0.13807980357227445,0.13807980357543576,0.13807980357966498,0.13807980357543576,0.13807980357227445,0.13807980357067368,0.13807980357227445,0.1380798035738503,0.13807980357227445,0.13807980357067368,0.13704476565165516,0.13704476565411866,0.13704476565707677,0.13704476565411866,0.13704476565165516,0.13704476565411866,0.137044765660137,0.1370447656721216,0.137044765660137,0.13704476565411866,0.13704476565707677,0.1370447656721216,0.13704476573827343,0.1370447656721216,0.13704476565707677,0.13704476565411866,0.137044765660137,0.1370447656721216,0.137044765660137,0.13704476565411866,0.13704476565165516,0.13704476565411866,0.13704476565707677,0.13704476565411866,0.13704476565165516,0.13602973221874456,0.13602973222044645,0.13602973222210588,0.13602973222044645,0.13602973221874456,0.13602973222044645,0.13602973222376735,0.13602973222819015,0.13602973222376735,0.13602973222044645,0.13602973222210588,0.13602973222819015,0.13602973224042836,0.13602973222819015,0.13602973222210574,0.13602973222044645,0.13602973222376735,0.13602973222819015,0.13602973222376735,0.13602973222044645,0.13602973221874456,0.13602973222044645,0.13602973222210574,0.13602973222044645,0.13602973221874456,0.13503425169541539,0.13503425169647754,0.13503425169735261,0.13503425169647754,0.13503425169541539,0.13503425169647754,0.1350342516981818,0.13503425169986735,0.1350342516981818,0.13503425169647754,0.13503425169735261,0.13503425169986735,0.1350342517029261,0.13503425169986735,0.13503425169735261,0.13503425169647754,0.1350342516981818,0.13503425169986735,0.1350342516981818,0.13503425169647754,0.13503425169541539,0.13503425169647754,0.13503425169735261,0.13503425169647754,0.13503425169541555
0.16533248797067154,0.1653324879706713,0.1653324879706713,0.1653324879706713,0.16533248797067154,0.1653324879706713,0.1653324879706713,0.16533248797067107,0.1653324879706713,0.1653324879706713,0.1653324879706713,0.16533248797067107,0.16533248797067107,0.16533248797067107,0.1653324879706713,0.1653324879706713,0.1653324879706713,0.16533248797067107,0.1653324879706713,0.1653324879706713,0.16533248797067154,0.1653324879706713,0.1653324879706713,0.1653324879706713,0.16533248797067154,0.1637574942481858,0.16375749424818556,0.16375749424818536,0.16375749424818556,0.1637574942481858,0.16375749424818556,0.16375749424818536,0.16375749424818511,0.16375749424818536,0.16375749424818556,0.16375749424818536,0.16375749424818511,0.16375749424818486,0.16375749424818511,0.16375749424818536,0.16375749424818556,0.16375749424818536,0.16375749424818511,0.16375749424818536,0.16375749424818556,0.1637574942481858,0.16375749424818556,0.16375749424818536,0.16375749424818556,0.1637574942481858,0.16221388445766505,0.16221388445766435,0.1622138844576637,0.16221388445766435,0.16221388445766505,0.16221388445766435,0.16221388445766347,0.16221388445766277,0.16221388445766347,0.16221388445766435,0.1622138844576637,0.16221388445766277,0.1622138844576621,0.16221388445766277,0.1622138844576637,0.16221388445766435,0.16221388445766347,0.16221388445766277,0.16221388445766347,0.16221388445766435,0.16221388445766505,0.16221388445766435,0.1622138844576637,0.16221388445766435,0.16221388445766505,0.16070106755615074,0.16070106755614832,0.16070106755614652,0.16070106755614832,0.16070106755615074,0.16070106755614832,0.16070106755614544,0.16070106755614366,0.16070106755614544,0.16070106755614832,0.16070106755614652,0.16070106755614366,0.16070106755614166,0.16070106755614366,0.16070106755614652,0.16070106755614832,0.16070106755614544,0.16070106755614366,0.16070106755614544,0.16070106755614832,0.16070106755615074,0.16070106755614832,0.16070106755614652,0.16070106755614832,0.16070106755615074,0.15921845191862435,0.15921845191861675,0.15921845191861173,0.15921845191861675,0.15921845191862435,0.15921845191861675,0.1592184519186078,0.15921845191860193,0.1592184519186078,0.15921845191861675,0.15921845191861173,0.15921845191860193,0.15921845191859538,0.15921845191860193,0.15921845191861173,0.15921845191861675,0.1592184519186078,0.15921845191860193,0.1592184519186078,0.15921845191861675,0.15921845191862435,0.15921845191861675,0.15921845191861173,0.15921845191861675,0.15921845191862435,0.15776544668986303,0.15776544668984044,0.15776544668982548,0.15776544668984044,0.15776544668986303,0.15776544668984044,0.15776544668981332,0.15776544668979434,0.15776544668981332,0.15776544668984044,0.15776544668982548,0.15776544668979434,0.15776544668977235,0.15776544668979434,0.15776544668982548,0.15776544668984044,0.15776544668981332,0.15776544668979434,0.15776544668981332,0.15776544668984044,0.15776544668986303,0.15776544668984044,0.15776544668982548,0.15776544668984044,0.15776544668986303,0.156341462998776,0.1563414629987122,0.1563414629986677,0.1563414629987122,0.156341462998776,0.1563414629987122,0.1563414629986296,0.15634146299856772,0.1563414629986296,0.1563414629987122,0.1563414629986677,0.15634146299856772,0.1563414629984889,0.15634146299856772,0.1563414629986677,0.1563414629987122,0.1563414629986296,0.15634146299856772,0.1563414629986296,0.1563414629987122,0.156341462998776,0.1563414629987122,0.1563414629986677,0.1563414629987122,0.156341462998776,0.15494591504549976,0.15494591504532762,0.1549459150451985,0.15494591504532762,0.15494591504549976,0.15494591504532762,0.15494591504508212,0.15494591504487554,0.15494591504508212,0.15494591504532762,0.1549459150451985,0.15494591504487554,0.1549459150445718,0.15494591504487554,0.1549459150451985,0.15494591504532762,0.15494591504508212,0.15494591504487554,0.15494591504508212,0.15494591504532762,0.15494591504549976,0.15494591504532762,0.1549459150451985,0.15494591504532762,0.15494591504549976,0.15357822107098862,0.15357822107055924,0.15357822107020175,0.15357822107055924,0.15357822107098862,0.15357822107055924,0.1535782210698619,0.15357822106916014,0.1535782210698619,0.15357822107055924,0.15357822107020175,0.15357822106916014,0.1535782210678617,0.15357822106916014,0.15357822107020175,0.15357822107055924,0.1535782210698619,0.15357822106916014,0.1535782210698619,0.15357822107055924,0.15357822107098862,0.15357822107055924,0.15357822107020175,0.15357822107055924,0.15357822107098862,0.15223780421828742,0.15223780421735422,0.15223780421645544,0.15223780421735422,0.15223780421828742,0.15223780421735422,0.15223780421555827,0.15223780421322078,0.15223780421555827,0.15223780421735422,0.15223780421645544,0.15223780421322078,0.15223780420694397,0.15223780421322078,0.15223780421645544,0.15223780421735422,0.15223780421555827,0.15223780421322078,0.15223780421555827,0.15223780421735422,0.15223780421828742,0.15223780421735422,0.15223780421645544,0.15223780421735422,0.15223780421828742,0.15092409329404505,0.1509240932924911,0.150924093290706,0.1509240932924911,0.15092409329404505,0.1509240932924911,0.15092409328886863,0.15092409328215367,0.15092409328886863,0.1509240932924911,0.150924093290706,0.15092409328215367,0.15092409324781392,0.15092409328215367,0.150924093290706,0.1509240932924911,0.15092409328886863,0.15092409328215367,0.15092409328886863,0.1509240932924911,0.15092409329404505,0.1509240932924911,0.150924093290706,0.1509240932924911,0.15092409329404505,0.1496365234378429,0.14963652343642891,0.14963652343491285,0.14963652343642891,0.1496365234378429,0.14963652343642891,0.1496365234333654,0.14963652342839642,0.1496365234333654,0.14963652343642891,0.14963652343491285,0.14963652342839642,0.14963652340758474,0.14963652342839642,0.14963652343491285,0.14963652343642891,0.1496365234333654,0.14963652342839642,0.1496365234333654,0.14963652343642891,0.1496365234378429,0.14963652343642891,0.14963652343491285,0.14963652343642891,0.1496365234378429,0.1483745367058094,0.14837453670488684,0.14837453670397205,0.14837453670488684,0.1483745367058094,0.14837453670488684,0.14837453670305467,0.14837453670041093,0.14837453670305467,0.14837453670488684,0.14837453670397205,0.14837453670041093,0.14837453669062906,0.14837453670041093,0.14837453670397205,0.14837453670488684,0.14837453670305467,0.14837453670041093,0.14837453670305467,0.14837453670488684,0.1483745367058094,0.14837453670488684,0.14837453670397205,0.14837453670488684,0.1483745367058094,0.14713758257978257,0.14713758257933643,0.14713758257893422,0.14713758257933643,0.14713758257978257,0.14713758257933643,0.14713758257854312,0.1471375825775571,0.14713758257854312,0.14713758257933643,0.14713758257893422,0.1471375825775571,0.14713758257447854,0.1471375825775571,0.14713758257893422,0.14713758257933643,0.14713758257854312,0.1471375825775571,0.14713758257854312,0.14713758257933643,0.14713758257978257,0.14713758257933643,0.14713758257893422,0.14713758257933643,0.14713758257978257,0.14592511840588393,0.14592511840577246,0.1459251184057073,0.14592511840577246,0.14592511840588393,0.14592511840577246,0.1459251184056555,0.14592511840567898,0.1459251184056555,0.14592511840577246,0.1459251184057073,0.14592511840567898,0.14592511840660563,0.14592511840567898,0.1459251184057073,0.14592511840577246,0.1459251184056555,0.14592511840567898,0.1459251184056555,0.14592511840577246,0.14592511840588393,0.14592511840577246,0.1459251184057073,0.14592511840577246,0.14592511840588393,0.14473660976823105,0.1447366097683007,0.14473660976839897,0.1447366097683007,0.14473660976823105,0.1447366097683007,0.14473660976850633,0.14473660976892683,0.14473660976850633,0.1447366097683007,0.14473660976839897,0.14473660976892683,0.14473660977101252,0.14473660976892683,0.14473660976839897,0.1447366097683007,0.14473660976850633,0.14473660976892683,0.14473660976850633,0.1447366097683007,0.14473660976823105,0.1447366097683007,0.14473660976839897,0.1447366097683007,0.14473660976823105,0.14357153080373453,0.14357153080388987,0.14357153080405383,0.14357153080388987,0.14357153080373453,0.14357153080388987,0.1435715308042208,0.14357153080474272,0.1435715308042208,0.14357153080388987,0.14357153080405383,0.14357153080474272,0.14357153080684826,0.14357153080474272,0.14357153080405383,0.14357153080388987,0.1435715308042208,0.14357153080474272,0.1435715308042208,0.14357153080388987,0.14357153080373453,0.14357153080388987,0.14357153080405383,0.14357153080388987,0.14357153080373453,0.14242936446335888,0.1424293644635716,0.1424293644637798,0.1424293644635716,0.14242936446335888,0.1424293644635716,0.14242936446398577,0.14242936446459456,0.14242936446398577,0.1424293644635716,0.1424293644637798,0.14242936446459456,0.1424293644670048,0.14242936446459456,0.1424293644637798,0.1424293644635716,0.14242936446398577,0.14242936446459456,0.14242936446398577,0.1424293644635716,0.14242936446335888,0.1424293644635716,0.1424293644637798,0.1424293644635716,0.14242936446335888,0.14130960272486373,0.14130960272515072,0.1413096027254152,0.14130960272515072,0.14130960272486373,0.14130960272515072,0.1413096027256706,0.14130960272638424,0.1413096027256706,0.14130960272515072,0.1413096027254152,0.14130960272638424,0.14130960272910104,0.14130960272638424,0.1413096027254152,0.14130960272515072,0.1413096027256706,0.14130960272638424,0.1413096027256706,0.14130960272515072,0.14130960272486373,0.14130960272515072,0.1413096027254152,0.14130960272515072,0.14130960272486373,0.14021174676162032,0.14021174676206283,0.1402117467624427,0.14021174676206283,0.14021174676162032,0.14021174676206283,0.14021174676280312,0.1402117467636929,0.14021174676280312,0.14021174676206283,0.1402117467624427,0.1402117467636929,0.14021174676670461,0.1402117467636929,0.1402117467624427,0.14021174676206283,0.14021174676280312,0.1402117467636929,0.14021174676280312,0.14021174676206283,0.14021174676162032,0.14021174676206283,0.1402117467624427,0.14021174676206283,0.14021174676162032,0.13913530707160945,0.13913530707242322,0.1391353070731145,0.13913530707242322,0.13913530707160945,0.13913530707242322,0.13913530707377905,0.13913530707518262,0.13913530707377905,0.13913530707242322,0.1391353070731145,0.13913530707518262,0.1391353070779303,0.13913530707518262,0.1391353070731145,0.13913530707242322,0.13913530707377905,0.13913530707518262,0.13913530707377905,0.13913530707242322,0.13913530707160945,0.13913530707242322,0.1391353070731145,0.13913530707242322,0.13913530707160945,0.13807980357034588,0.1380798035719433,0.13807980357351557,0.1380798035719433,0.13807980357034588,0.1380798035719433,0.1380798035750976,0.13807980357931798,0.1380798035750976,0.1380798035719433,0.13807980357351557,0.13807980357931798,0.13807980359095848,0.13807980357931798,0.13807980357351557,0.1380798035719433,0.1380798035750976,0.13807980357931798,0.1380798035750976,0.1380798035719433,0.13807980357034588,0.1380798035719433,0.13807980357351557,0.1380798035719433,0.13807980357034588,0.13704476565131338,0.13704476565377186,0.1370447656567242,0.13704476565377186,0.13704476565131338,0.13704476565377186,0.13704476565977836,0.13704476567173965,0.13704476565977836,0.13704476565377186,0.1370447656567242,0.13704476567173965,0.13704476573775756,0.13704476567173965,0.1370447656567242,0.13704476565377186,0.13704476565977836,0.13704476567173965,0.13704476565977836,0.13704476565377186,0.13704476565131338,0.13704476565377186,0.1370447656567242,0.13704476565377186,0.13704476565131338,0.1360297322183985,0.13602973222009712,0.13602973222175307,0.13602973222009712,0.1360297322183985,0.13602973222009712,0.13602973222341144,0.13602973222782558,0.13602973222341144,0.13602973222009712,0.13602973222175307,0.13602973222782558,0.13602973224004022,0.13602973222782558,0.13602973222175307,0.13602973222009712,0.13602973222341144,0.13602973222782558,0.13602973222341144,0.13602973222009712,0.1360297322183985,0.13602973222009712,0.13602973222175307,0.13602973222009712,0.1360297322183985,0.13503425169507174,0.1350342516961318,0.13503425169700514,0.1350342516961318,0.13503425169507174,0.1350342516961318,0.13503425169783273,0.13503425169951508,0.13503425169783273,0.1350342516961318,0.13503425169700514,0.13503425169951508,0.1350342517025678,0.13503425169951508,0.13503425169700514,0.1350342516961318,0.13503425169783273,0.13503425169951508,0.13503425169783273,0.1350342516961318,0.13503425169507174,0.1350342516961318,0.13503425169700514,0.1350342516961318,0.13503425169507174
0.16533248797092923,0.16533248797092923,0.16533248797092898,0.16533248797092923,0.16533248797092923,0.16533248797092923,0.16533248797092898,0.16533248797092898,0.16533248797092898,0.16533248797092923,0.16533248797092898,0.16533248797092898,0.16533248797092875,0.16533248797092898,0.16533248797092898,0.16533248797092923,0.16533248797092898,0.16533248797092898,0.16533248797092898,0.16533248797092923,0.16533248797092923,0.16533248797092923,0.16533248797092898,0.16533248797092923,0.16533248797092923,0.16375749424843838,0.16375749424843813,0.1637574942484379,0.16375749424843813,0.16375749424843838,0.16375749424843813,0.1637574942484379,0.1637574942484377,0.1637574942484379,0.16375749424843813,0.1637574942484379,0.1637574942484377,0.16375749424843744,0.1637574942484377,0.1637574942484379,0.16375749424843813,0.1637574942484379,0.1637574942484377,0.1637574942484379,0.16375749424843813,0.16375749424843838,0.16375749424843813,0.1637574942484379,0.16375749424843813,0.16375749424843838,0.16221388445791257,0.16221388445791188,0.16221388445791118,0.16221388445791188,0.16221388445791257,0.16221388445791188,0.16221388445791096,0.16221388445791027,0.16221388445791096,0.16221388445791188,0.16221388445791118,0.16221388445791027,0.16221388445790963,0.16221388445791027,0.16221388445791118,0.16221388445791188,0.16221388445791096,0.16221388445791027,0.16221388445791096,0.16221388445791188,0.16221388445791257,0.16221388445791188,0.16221388445791118,0.16221388445791188,0.16221388445791257,0.1607010675563931,0.1607010675563907,0.16070106755638913,0.1607010675563907,0.1607010675563931,0.1607010675563907,0.1607010675563878,0.16070106755638602,0.1607010675563878,0.1607010675563907,0.16070106755638913,0.16070106755638602,0.16070106755638405,0.16070106755638602,0.16070106755638913,0.1607010675563907,0.1607010675563878,0.16070106755638602,0.1607010675563878,0.1607010675563907,0.1607010675563931,0.1607010675563907,0.16070106755638913,0.1607010675563907,0.16070106755639335,0.15921845191886166,0.15921845191885403,0.15921845191884926,0.15921845191885403,0.15921845191886166,0.15921845191885403,0.15921845191884534,0.1592184519188395,0.15921845191884534,0.15921845191885403,0.15921845191884926,0.1592184519188395,0.15921845191883294,0.1592184519188395,0.15921845191884926,0.15921845191885403,0.15921845191884534,0.1592184519188395,0.15921845191884534,0.15921845191885403,0.15921845191886166,0.15921845191885403,0.15921845191884926,0.15921845191885403,0.15921845191886166,0.15776544669009537,0.15776544669007297,0.15776544669005807,0.15776544669007297,0.15776544669009537,0.15776544669007297,0.1577654466900459,0.15776544669002712,0.1577654466900459,0.15776544669007297,0.15776544669005807,0.15776544669002712,0.15776544669000514,0.15776544669002712,0.15776544669005807,0.15776544669007297,0.1577654466900459,0.15776544669002712,0.1577654466900459,0.15776544669007297,0.15776544669009537,0.15776544669007297,0.15776544669005807,0.15776544669007297,0.15776544669009537,0.15634146299900306,0.15634146299893972,0.1563414629988954,0.15634146299893972,0.15634146299900306,0.15634146299893972,0.15634146299885754,0.15634146299879606,0.15634146299885754,0.15634146299893972,0.1563414629988954,0.15634146299879606,0.15634146299871765,0.15634146299879606,0.1563414629988954,0.15634146299893972,0.15634146299885754,0.15634146299879606,0.15634146299885754,0.15634146299893972,0.15634146299900306,0.15634146299893972,0.1563414629988954,0.15634146299893972,0.15634146299900306,0.1549459150457209,0.15494591504554975,0.1549459150454215,0.15494591504554975,0.1549459150457209,0.15494591504554975,0.1549459150453057,0.15494591504510016,0.1549459150453057,0.15494591504554975,0.1549459150454215,0.15494591504510016,0.15494591504479852,0.15494591504510016,0.1549459150454215,0.15494591504554975,0.1549459150453057,0.15494591504510016,0.1549459150453057,0.15494591504554975,0.1549459150457209,0.15494591504554975,0.1549459150454215,0.15494591504554975,0.1549459150457209,0.15357822107120173,0.15357822107077473,0.15357822107041946,0.15357822107077473,0.15357822107120173,0.15357822107077473,0.15357822107008162,0.1535782210693839,0.15357822107008143,0.15357822107077473,0.15357822107041946,0.1535782210693839,0.15357822106809307,0.1535782210693839,0.15357822107041946,0.15357822107077473,0.15357822107008143,0.1535782210693839,0.15357822107008162,0.15357822107077473,0.15357822107120173,0.15357822107077473,0.15357822107041946,0.15357822107077473,0.15357822107120173,0.15223780421848723,0.15223780421755953,0.15223780421666586,0.15223780421755953,0.15223780421848723,0.15223780421755953,0.152237804215774,0.15223780421345032,0.152237804215774,0.15223780421755953,0.15223780421666586,0.15223780421345032,0.15223780420721067,0.15223780421345032,0.15223780421666586,0.15223780421755953,0.152237804215774,0.15223780421345032,0.152237804215774,0.15223780421755953,0.15223780421848723,0.15223780421755953,0.15223780421666586,0.15223780421755953,0.15223780421848723,0.15092409329422063,0.15092409329267534,0.15092409329090067,0.15092409329267534,0.15092409329422063,0.15092409329267534,0.15092409328907389,0.15092409328239847,0.15092409328907389,0.15092409329267534,0.15092409329090067,0.15092409328239847,0.1509240932482781,0.15092409328239847,0.15092409329090067,0.15092409329267534,0.15092409328907389,0.15092409328239847,0.15092409328907389,0.15092409329267534,0.15092409329422063,0.15092409329267534,0.15092409329090067,0.15092409329267534,0.15092409329422063,0.14963652343797543,0.14963652343656883,0.1496365234350607,0.14963652343656883,0.14963652343797543,0.14963652343656883,0.14963652343352155,0.149636523428581,0.14963652343352155,0.14963652343656883,0.1496365234350607,0.149636523428581,0.149636523407899,0.149636523428581,0.1496365234350607,0.14963652343656883,0.14963652343352155,0.149636523428581,0.14963652343352155,0.14963652343656883,0.14963652343797543,0.14963652343656883,0.1496365234350607,0.14963652343656883,0.14963652343797543,0.14837453670588338,0.14837453670496376,0.14837453670405137,0.14837453670496376,0.14837453670588338,0.14837453670496376,0.14837453670313658,0.14837453670049916,0.14837453670313658,0.14837453670496376,0.14837453670405137,0.14837453670049916,0.14837453669070688,0.14837453670049916,0.14837453670405137,0.14837453670496376,0.14837453670313658,0.14837453670049916,0.14837453670313658,0.14837453670496376,0.14837453670588338,0.14837453670496376,0.14837453670405137,0.14837453670496376,0.14837453670588338,0.14713758257979148,0.1471375825793444,0.14713758257894077,0.1471375825793444,0.14713758257979148,0.1471375825793444,0.14713758257854803,0.14713758257755563,0.14713758257854803,0.1471375825793444,0.14713758257894077,0.14713758257755563,0.14713758257440698,0.14713758257755563,0.14713758257894077,0.1471375825793444,0.14713758257854803,0.14713758257755563,0.14713758257854803,0.1471375825793444,0.14713758257979148,0.1471375825793444,0.14713758257894077,0.1471375825793444,0.14713758257979148,0.14592511840582892,0.14592511840571407,0.14592511840564534,0.14592511840571407,0.14592511840582892,0.14592511840571407,0.1459251184055896,0.14592511840559994,0.1459251184055896,0.14592511840571407,0.14592511840564534,0.14592511840559994,0.14592511840644237,0.14592511840559994,0.14592511840564534,0.14592511840571407,0.1459251184055896,0.14592511840559994,0.1459251184055896,0.14592511840571407,0.14592511840582892,0.14592511840571407,0.14592511840564534,0.14592511840571407,0.14592511840582892,0.14473660976811778,0.1447366097681834,0.14473660976827749,0.1447366097681834,0.14473660976811778,0.1447366097681834,0.14473660976838032,0.1447366097687863,0.14473660976838032,0.1447366097681834,0.14473660976827749,0.1447366097687863,0.1447366097708254,0.1447366097687863,0.14473660976827749,0.1447366097681834,0.14473660976838032,0.1447366097687863,0.14473660976838032,0.1447366097681834,0.14473660976811778,0.1447366097681834,0.14473660976827749,0.1447366097681834,0.14473660976811778,0.14357153080357077,0.14357153080372237,0.14357153080388235,0.14357153080372237,0.14357153080357077,0.14357153080372237,0.1435715308040456,0.14357153080455604,0.1435715308040456,0.14357153080372237,0.14357153080388235,0.14357153080455604,0.14357153080662838,0.14357153080455604,0.14357153080388235,0.14357153080372237,0.1435715308040456,0.14357153080455604,0.14357153080404544,0.14357153080372237,0.14357153080357077,0.14357153080372237,0.14357153080388235,0.14357153080372237,0.14357153080357077,0.14242936446315174,0.1424293644633609,0.1424293644635654,0.1424293644633609,0.14242936446315174,0.1424293644633609,0.14242936446376803,0.14242936446436658,0.14242936446376803,0.1424293644633609,0.1424293644635654,0.14242936446436658,0.14242936446673055,0.14242936446436658,0.1424293644635654,0.1424293644633609,0.14242936446376803,0.14242936446436658,0.14242936446376803,0.1424293644633609,0.14242936446315174,0.1424293644633609,0.1424293644635654,0.1424293644633609,0.14242936446315174,0.14130960272461934,0.1413096027249032,0.14130960272516438,0.1413096027249032,0.14130960272461934,0.1413096027249032,0.14130960272541668,0.1413096027261206,0.14130960272541668,0.1413096027249032,0.14130960272516438,0.1413096027261206,0.1413096027287956,0.1413096027261206,0.14130960272516438,0.1413096027249032,0.14130960272541668,0.1413096027261206,0.14130960272541668,0.1413096027249032,0.14130960272461934,0.1413096027249032,0.14130960272516438,0.1413096027249032,0.14130960272461934,0.14021174676134507,0.14021174676178463,0.1402117467621618,0.14021174676178463,0.14021174676134507,0.14021174676178463,0.1402117467625195,0.14021174676340056,0.1402117467625195,0.14021174676178463,0.1402117467621618,0.14021174676340056,0.14021174676637665,0.14021174676340056,0.1402117467621618,0.14021174676178463,0.1402117467625195,0.14021174676340056,0.1402117467625195,0.14021174676178463,0.14021174676134507,0.14021174676178463,0.1402117467621618,0.14021174676178463,0.14021174676134507,0.13913530707130842,0.13913530707211968,0.13913530707280858,0.13913530707211968,0.13913530707130842,0.13913530707211968,0.1391353070734709,0.1391353070748697,0.1391353070734709,0.13913530707211968,0.13913530707280858,0.1391353070748697,0.13913530707760646,0.1391353070748697,0.13913530707280858,0.13913530707211968,0.1391353070734709,0.1391353070748697,0.1391353070734709,0.13913530707211968,0.13913530707130842,0.13913530707211968,0.13913530707280858,0.13913530707211968,0.13913530707130842,0.1380798035700242,0.138079803571618,0.13807980357318703,0.138079803571618,0.1380798035700242,0.138079803571618,0.13807980357476565,0.1380798035789775,0.13807980357476565,0.138079803571618,0.13807980357318703,0.1380798035789775,0.1380798035905946,0.1380798035789775,0.13807980357318703,0.138079803571618,0.13807980357476565,0.1380798035789775,0.13807980357476565,0.138079803571618,0.1380798035700242,0.138079803571618,0.13807980357318703,0.138079803571618,0.1380798035700242,0.13704476565097767,0.13704476565343143,0.137044765656378,0.13704476565343143,0.13704476565097767,0.13704476565343143,0.13704476565942625,0.13704476567136473,0.13704476565942625,0.13704476565343143,0.137044765656378,0.13704476567136473,0.13704476573726462,0.13704476567136473,0.137044765656378,0.13704476565343143,0.13704476565942625,0.13704476567136473,0.13704476565942625,0.13704476565343143,0.13704476565097767,0.13704476565343143,0.137044765656378,0.13704476565343143,0.13704476565097767,0.13602973221805867,0.136029732219754,0.13602973222140669,0.136029732219754,0.13602973221805867,0.136029732219754,0.13602973222306194,0.13602973222746773,0.13602973222306194,0.136029732219754,0.13602973222140669,0.13602973222746773,0.13602973223965895,0.13602973222746773,0.13602973222140669,0.136029732219754,0.13602973222306194,0.13602973222746773,0.13602973222306194,0.136029732219754,0.13602973221805867,0.136029732219754,0.13602973222140669,0.136029732219754,0.13602973221805867,0.13503425169473438,0.13503425169579228,0.13503425169666397,0.13503425169579228,0.13503425169473438,0.13503425169579228,0.13503425169748995,0.13503425169916905,0.13503425169748995,0.13503425169579228,0.13503425169666397,0.13503425169916905,0.13503425170221608,0.13503425169916905,0.13503425169666397,0.13503425169579228,0.13503425169748995,0.13503425169916905,0.13503425169748995,0.1350342516957924,0.13503425169473438,0.13503425169579228,0.13503425169666397,0.1350342516957924,0.13503425169473438
0.1653324879711822,0.16533248797118197,0.16533248797118197,0.16533248797118197,0.1653324879711822,0.16533248797118197,0.16533248797118197,0.16533248797118175,0.16533248797118197,0.16533248797118197,0.16533248797118197,0.16533248797118175,0.16533248797118175,0.16533248797118175,0.16533248797118197,0.16533248797118197,0.16533248797118197,0.16533248797118175,0.16533248797118197,0.16533248797118197,0.1653324879711822,0.16533248797118197,0.16533248797118197,0.16533248797118197,0.1653324879711822,0.1637574942486863,0.16375749424868608,0.16375749424868585,0.16375749424868608,0.1637574942486863,0.16375749424868608,0.1637574942486856,0.1637574942486856,0.1637574942486856,0.16375749424868608,0.16375749424868585,0.1637574942486856,0.16375749424868538,0.1637574942486856,0.16375749424868585,0.16375749424868608,0.1637574942486856,0.1637574942486856,0.1637574942486856,0.16375749424868608,0.1637574942486863,0.16375749424868608,0.16375749424868585,0.16375749424868608,0.1637574942486863,0.16221388445815535,0.16221388445815466,0.16221388445815396,0.16221388445815466,0.16221388445815535,0.16221388445815466,0.16221388445815374,0.16221388445815307,0.16221388445815374,0.16221388445815466,0.16221388445815396,0.16221388445815307,0.1622138844581526,0.16221388445815307,0.16221388445815396,0.16221388445815466,0.16221388445815374,0.16221388445815307,0.16221388445815374,0.16221388445815466,0.16221388445815535,0.16221388445815466,0.16221388445815396,0.16221388445815466,0.16221388445815535,0.16070106755663105,0.1607010675566286,0.16070106755662683,0.1607010675566286,0.16070106755663105,0.1607010675566286,0.16070106755662572,0.16070106755662397,0.16070106755662572,0.1607010675566286,0.16070106755662683,0.16070106755662397,0.16070106755662195,0.16070106755662397,0.16070106755662683,0.1607010675566286,0.16070106755662572,0.16070106755662397,0.16070106755662572,0.1607010675566286,0.16070106755663105,0.1607010675566286,0.16070106755662683,0.1607010675566286,0.16070106755663105,0.15921845191909462,0.159218451919087,0.159218451919082,0.159218451919087,0.15921845191909462,0.159218451919087,0.1592184519190783,0.1592184519190724,0.1592184519190783,0.159218451919087,0.159218451919082,0.1592184519190724,0.1592184519190661,0.1592184519190724,0.159218451919082,0.159218451919087,0.1592184519190783,0.1592184519190724,0.1592184519190783,0.159218451919087,0.15921845191909462,0.159218451919087,0.159218451919082,0.159218451919087,0.15921845191909462,0.15776544669032327,0.1577654466903011,0.15776544669028614,0.1577654466903011,0.15776544669032327,0.1577654466903011,0.15776544669027417,0.1577654466902554,0.15776544669027417,0.1577654466903011,0.15776544669028614,0.1577654466902554,0.15776544669023365,0.1577654466902554,0.15776544669028614,0.1577654466903011,0.15776544669027417,0.1577654466902554,0.15776544669027417,0.1577654466903011,0.15776544669032327,0.1577654466903011,0.15776544669028614,0.1577654466903011,0.15776544669032327,0.15634146299922577,0.15634146299916263,0.15634146299911872,0.15634146299916263,0.15634146299922577,0.15634146299916263,0.15634146299908108,0.15634146299902,0.15634146299908108,0.15634146299916263,0.15634146299911872,0.15634146299902,0.156341462998942,0.15634146299902,0.15634146299911872,0.15634146299916263,0.15634146299908108,0.15634146299902,0.15634146299908108,0.15634146299916263,0.15634146299922577,0.15634146299916263,0.15634146299911872,0.15634146299916263,0.15634146299922577,0.15494591504593772,0.15494591504576763,0.15494591504563995,0.15494591504576763,0.15494591504593772,0.15494591504576763,0.15494591504552496,0.15494591504532068,0.15494591504552496,0.15494591504576763,0.15494591504563995,0.15494591504532068,0.15494591504502064,0.15494591504532068,0.15494591504563995,0.15494591504576763,0.15494591504552496,0.15494591504532068,0.15494591504552496,0.15494591504576763,0.15494591504593772,0.15494591504576763,0.15494591504563995,0.15494591504576763,0.15494591504593772,0.15357822107141078,0.1535782210709862,0.15357822107063293,0.1535782210709862,0.15357822107141078,0.1535782210709862,0.15357822107029692,0.15357822106960342,0.15357822107029692,0.1535782210709862,0.15357822107063293,0.15357822106960342,0.15357822106832,0.15357822106960342,0.15357822107063293,0.1535782210709862,0.15357822107029692,0.15357822106960342,0.15357822107029692,0.1535782210709862,0.15357822107141078,0.1535782210709862,0.15357822107063293,0.1535782210709862,0.15357822107141078,0.15223780421868327,0.15223780421776087,0.15223780421687236,0.15223780421776087,0.15223780421868327,0.15223780421776087,0.1522378042159856,0.1522378042136755,0.1522378042159856,0.15223780421776087,0.15223780421687236,0.1522378042136755,0.1522378042074721,0.1522378042136755,0.15223780421687236,0.15223780421776087,0.1522378042159856,0.1522378042136755,0.1522378042159856,0.15223780421776087,0.15223780421868327,0.15223780421776087,0.15223780421687236,0.15223780421776087,0.15223780421868327,0.15092409329439269,0.15092409329285608,0.15092409329109147,0.15092409329285608,0.15092409329439269,0.15092409329285608,0.1509240932892751,0.15092409328263845,0.1509240932892751,0.15092409329285608,0.15092409329109147,0.15092409328263845,0.1509240932487199,0.15092409328263845,0.15092409329109147,0.15092409329285608,0.1509240932892751,0.15092409328263845,0.1509240932892751,0.15092409329285608,0.15092409329439269,0.15092409329285608,0.15092409329109147,0.15092409329285608,0.15092409329439269,0.14963652343810552,0.14963652343670591,0.14963652343520592,0.14963652343670591,0.14963652343810552,0.14963652343670591,0.1496365234336749,0.14963652342876196,0.1496365234336749,0.14963652343670591,0.14963652343520592,0.14963652342876196,0.1496365234082027,0.14963652342876196,0.14963652343520592,0.14963652343670591,0.1496365234336749,0.14963652342876196,0.1496365234336749,0.14963652343670591,0.14963652343810552,0.14963652343670591,0.14963652343520592,0.14963652343670591,0.14963652343810552,0.1483745367059562,0.14837453670503936,0.1483745367041296,0.14837453670503936,0.1483745367059562,0.14837453670503936,0.14837453670321737,0.1483745367005859,0.14837453670321737,0.14837453670503936,0.1483745367041296,0.1483745367005859,0.1483745366908101,0.1483745367005859,0.1483745367041296,0.14837453670503936,0.14837453670321737,0.1483745367005859,0.14837453670321737,0.14837453670503936,0.1483745367059562,0.14837453670503936,0.1483745367041296,0.14837453670503936,0.1483745367059562,0.14713758257980053,0.14713758257935242,0.1471375825789475,0.14713758257935242,0.14713758257980053,0.14713758257935242,0.1471375825785533,0.14713758257755455,0.1471375825785533,0.14713758257935242,0.1471375825789475,0.14713758257755455,0.1471375825744059,0.14713758257755455,0.1471375825789475,0.14713758257935242,0.1471375825785533,0.14713758257755455,0.1471375825785533,0.14713758257935242,0.14713758257980053,0.14713758257935242,0.1471375825789475,0.14713758257935242,0.14713758257980053,0.14592511840577516,0.14592511840565728,0.1459251184055848,0.14592511840565728,0.14592511840577516,0.14592511840565728,0.1459251184055255,0.145925118405523,0.1459251184055255,0.14592511840565728,0.1459251184055848,0.145925118405523,0.1459251184063129,0.145925118405523,0.1459251184055848,0.14592511840565728,0.1459251184055255,0.145925118405523,0.1459251184055255,0.14592511840565728,0.14592511840577516,0.14592511840565728,0.1459251184055848,0.14592511840565728,0.14592511840577516,0.14473660976800695,0.1447366097680687,0.14473660976815844,0.1447366097680687,0.14473660976800695,0.1447366097680687,0.14473660976825706,0.14473660976864874,0.14473660976825706,0.1447366097680687,0.14473660976815844,0.14473660976864874,0.1447366097706201,0.14473660976864874,0.14473660976815844,0.1447366097680687,0.14473660976825706,0.14473660976864874,0.14473660976825706,0.1447366097680687,0.14473660976800695,0.1447366097680687,0.14473660976815844,0.1447366097680687,0.14473660976800695,0.1435715308034101,0.14357153080355795,0.14357153080371435,0.14357153080355795,0.1435715308034101,0.14357153080355795,0.14357153080387364,0.14357153080437293,0.14357153080387364,0.14357153080355795,0.14357153080371435,0.14357153080437293,0.14357153080641757,0.14357153080437293,0.14357153080371435,0.14357153080355795,0.14357153080387364,0.14357153080437293,0.14357153080387364,0.14357153080355795,0.1435715308034101,0.14357153080355795,0.14357153080371435,0.14357153080355795,0.1435715308034101,0.14242936446294824,0.14242936446315407,0.14242936446335522,0.14242936446315407,0.14242936446294824,0.14242936446315407,0.14242936446355434,0.1424293644641428,0.14242936446355434,0.14242936446315407,0.14242936446335522,0.1424293644641428,0.1424293644664722,0.1424293644641428,0.14242936446335522,0.14242936446315407,0.14242936446355434,0.1424293644641428,0.14242936446355434,0.14242936446315407,0.14242936446294824,0.14242936446315407,0.14242936446335522,0.14242936446315407,0.14242936446294824,0.14130960272437953,0.1413096027246603,0.14130960272491835,0.1413096027246603,0.14130960272437953,0.1413096027246603,0.14130960272516752,0.1413096027258617,0.14130960272516752,0.1413096027246603,0.14130960272491835,0.1413096027258617,0.14130960272852228,0.1413096027258617,0.14130960272491835,0.1413096027246603,0.14130960272516752,0.1413096027258617,0.14130960272516752,0.1413096027246603,0.14130960272437953,0.1413096027246603,0.14130960272491835,0.1413096027246603,0.14130960272437953,0.14021174676107465,0.1402117467615115,0.1402117467618859,0.1402117467615115,0.14021174676107465,0.1402117467615115,0.14021174676224082,0.14021174676311352,0.14021174676224082,0.1402117467615115,0.1402117467618859,0.14021174676311352,0.14021174676604947,0.14021174676311352,0.1402117467618859,0.1402117467615115,0.14021174676224082,0.14021174676311352,0.14021174676224082,0.1402117467615115,0.14021174676107465,0.1402117467615115,0.1402117467618859,0.1402117467615115,0.14021174676107465,0.1391353070710129,0.1391353070718215,0.13913530707250815,0.1391353070718215,0.1391353070710129,0.1391353070718215,0.13913530707316843,0.13913530707456218,0.13913530707316843,0.1391353070718215,0.13913530707250815,0.13913530707456218,0.13913530707728836,0.13913530707456218,0.13913530707250815,0.1391353070718215,0.13913530707316843,0.13913530707456218,0.13913530707316843,0.1391353070718215,0.1391353070710129,0.1391353070718215,0.13913530707250815,0.1391353070718215,0.1391353070710129,0.1380798035697082,0.13807980357129865,0.13807980357286423,0.13807980357129865,0.1380798035697082,0.13807980357129865,0.13807980357443964,0.1380798035786428,0.13807980357443964,0.13807980357129865,0.13807980357286423,0.1380798035786428,0.1380798035902371,0.1380798035786428,0.13807980357286423,0.13807980357129865,0.13807980357443964,0.1380798035786428,0.13807980357443964,0.13807980357129865,0.1380798035697082,0.13807980357129865,0.13807980357286423,0.13807980357129865,0.1380798035697082,0.13704476565064805,0.13704476565309695,0.1370447656560377,0.13704476565309695,0.13704476565064805,0.13704476565309695,0.13704476565908036,0.1370447656709962,0.13704476565908036,0.13704476565309695,0.1370447656560377,0.1370447656709962,0.13704476573677477,0.1370447656709962,0.1370447656560377,0.13704476565309695,0.13704476565908036,0.1370447656709962,0.13704476565908036,0.13704476565309695,0.13704476565064805,0.13704476565309695,0.1370447656560377,0.13704476565309695,0.13704476565064805,0.1360297322177248,0.1360297322194169,0.13602973222106657,0.1360297322194169,0.1360297322177248,0.1360297322194169,0.13602973222271855,0.13602973222711598,0.13602973222271855,0.1360297322194169,0.13602973222106657,0.13602973222711598,0.1360297322392844,0.13602973222711598,0.13602973222106657,0.1360297322194169,0.13602973222271855,0.13602973222711598,0.13602973222271855,0.1360297322194169,0.1360297322177248,0.1360297322194169,0.13602973222106657,0.1360297322194169,0.1360297322177248,0.13503425169440283,0.13503425169545882,0.13503425169632882,0.13503425169545882,0.13503425169440283,0.13503425169545882,0.13503425169715313,0.13503425169882904,0.13503425169715313,0.13503425169545882,0.13503425169632882,0.13503425169882904,0.1350342517018704,0.13503425169882904,0.13503425169632882,0.13503425169545882,0.13503425169715313,0.13503425169882904,0.1350342516971533,0.13503425169545882,0.13503425169440283,0.13503425169545882,0.13503425169632882,0.13503425169545882,0.13503425169440283
0.16533248797143046,0.16533248797143021,0.16533248797143021,0.16533248797143021,0.16533248797143046,0.16533248797143021,0.16533248797143021,0.16533248797143021,0.16533248797143021,0.16533248797143021,0.16533248797143021,0.16533248797143021,0.16533248797143,0.16533248797143021,0.16533248797143021,0.16533248797143021,0.16533248797143021,0.16533248797143021,0.16533248797143021,0.16533248797143021,0.16533248797143046,0.16533248797143021,0.16533248797143021,0.16533248797143021,0.16533248797143046,0.16375749424892963,0.1637574942489294,0.16375749424892916,0.1637574942489294,0.16375749424892963,0.1637574942489294,0.16375749424892894,0.16375749424892894,0.16375749424892894,0.1637574942489294,0.16375749424892916,0.16375749424892894,0.1637574942489287,0.16375749424892894,0.16375749424892916,0.1637574942489294,0.16375749424892894,0.16375749424892894,0.16375749424892894,0.1637574942489294,0.16375749424892963,0.1637574942489294,0.16375749424892916,0.1637574942489294,0.16375749424892963,0.1622138844583938,0.1622138844583929,0.16221388445839247,0.1622138844583929,0.1622138844583938,0.1622138844583929,0.162213884458392,0.16221388445839155,0.162213884458392,0.1622138844583929,0.16221388445839247,0.16221388445839155,0.16221388445839086,0.16221388445839155,0.16221388445839247,0.1622138844583929,0.162213884458392,0.16221388445839155,0.162213884458392,0.1622138844583929,0.1622138844583938,0.1622138844583929,0.16221388445839247,0.1622138844583929,0.1622138844583938,0.16070106755686453,0.1607010675568621,0.16070106755686053,0.1607010675568621,0.16070106755686453,0.1607010675568621,0.1607010675568592,0.16070106755685745,0.1607010675568592,0.1607010675568621,0.16070106755686053,0.16070106755685745,0.16070106755685543,0.16070106755685745,0.16070106755686053,0.1607010675568621,0.1607010675568592,0.16070106755685745,0.1607010675568592,0.1607010675568621,0.16070106755686453,0.1607010675568621,0.16070106755686053,0.1607010675568621,0.16070106755686453,0.15921845191932324,0.15921845191931583,0.1592184519193108,0.15921845191931583,0.15921845191932324,0.15921845191931583,0.1592184519193071,0.15921845191930126,0.1592184519193071,0.15921845191931583,0.1592184519193108,0.15921845191930126,0.15921845191929493,0.15921845191930126,0.1592184519193108,0.15921845191931583,0.1592184519193071,0.15921845191930126,0.1592184519193071,0.15921845191931583,0.15921845191932324,0.15921845191931583,0.1592184519193108,0.15921845191931583,0.15921845191932324,0.1577654466905471,0.15776544669052492,0.1577654466905102,0.15776544669052492,0.1577654466905471,0.15776544669052492,0.15776544669049825,0.15776544669047968,0.15776544669049825,0.15776544669052492,0.1577654466905102,0.15776544669047968,0.15776544669045792,0.15776544669047968,0.1577654466905102,0.15776544669052492,0.15776544669049825,0.15776544669047968,0.15776544669049825,0.15776544669052492,0.1577654466905471,0.15776544669052492,0.1577654466905102,0.15776544669052492,0.1577654466905471,0.1563414629994445,0.15634146299938176,0.15634146299933807,0.15634146299938176,0.1563414629994445,0.15634146299938176,0.15634146299930063,0.1563414629992398,0.15634146299930063,0.15634146299938176,0.15634146299933807,0.1563414629992398,0.1563414629991624,0.1563414629992398,0.15634146299933807,0.15634146299938176,0.15634146299930063,0.1563414629992398,0.15634146299930063,0.15634146299938176,0.1563414629994445,0.15634146299938176,0.15634146299933807,0.15634146299938176,0.1563414629994445,0.15494591504615063,0.15494591504598157,0.1549459150458547,0.15494591504598157,0.15494591504615063,0.15494591504598157,0.15494591504574015,0.15494591504553706,0.15494591504574015,0.15494591504598157,0.1549459150458547,0.15494591504553706,0.15494591504523866,0.15494591504553706,0.1549459150458547,0.15494591504598157,0.15494591504574015,0.15494591504553706,0.15494591504574015,0.15494591504598157,0.15494591504615063,0.15494591504598157,0.1549459150458547,0.15494591504598157,0.15494591504615063,0.15357822107161603,0.15357822107119387,0.15357822107084262,0.15357822107119387,0.15357822107161603,0.15357822107119387,0.1535782210705086,0.15357822106981892,0.1535782210705086,0.15357822107119387,0.15357822107084262,0.15357822106981892,0.15357822106854296,0.15357822106981892,0.15357822107084262,0.15357822107119387,0.1535782210705086,0.15357822106981892,0.1535782210705086,0.15357822107119387,0.15357822107161603,0.15357822107119387,0.15357822107084262,0.15357822107119387,0.15357822107161603,0.15223780421887598,0.15223780421795852,0.15223780421707528,0.15223780421795852,0.15223780421887598,0.15223780421795852,0.15223780421619346,0.15223780421389635,0.15223780421619346,0.15223780421795852,0.15223780421707528,0.15223780421389635,0.15223780420772856,0.15223780421389635,0.15223780421707528,0.15223780421795852,0.15223780421619346,0.15223780421389635,0.15223780421619346,0.15223780421795852,0.15223780421887598,0.15223780421795852,0.15223780421707528,0.15223780421795852,0.15223780421887598,0.1509240932945619,0.15092409329303377,0.15092409329127898,0.15092409329303377,0.1509240932945619,0.15092409329303377,0.15092409328947287,0.150924093282874,0.15092409328947287,0.15092409329303377,0.15092409329127898,0.150924093282874,0.15092409324912384,0.150924093282874,0.15092409329127898,0.15092409329303377,0.15092409328947287,0.150924093282874,0.15092409328947287,0.15092409329303377,0.1509240932945619,0.15092409329303377,0.15092409329127898,0.15092409329303377,0.1509240932945619,0.14963652343823353,0.1496365234368411,0.14963652343534886,0.1496365234368411,0.14963652343823353,0.1496365234368411,0.1496365234338256,0.14963652342894004,0.1496365234338256,0.1496365234368411,0.14963652343534886,0.14963652342894004,0.14963652340851163,0.14963652342894004,0.14963652343534886,0.1496365234368411,0.1496365234338256,0.14963652342894004,0.1496365234338256,0.1496365234368411,0.14963652343823353,0.1496365234368411,0.14963652343534886,0.1496365234368411,0.14963652343823353,0.14837453670602826,0.14837453670511405,0.14837453670420706,0.14837453670511405,0.14837453670602826,0.14837453670511405,0.14837453670329726,0.14837453670067188,0.14837453670329726,0.14837453670511405,0.14837453670420706,0.14837453670067188,0.14837453669091447,0.14837453670067188,0.14837453670420706,0.14837453670511405,0.14837453670329726,0.14837453670067188,0.14837453670329726,0.14837453670511405,0.14837453670602826,0.14837453670511405,0.14837453670420706,0.14837453670511405,0.14837453670602826,0.14713758257981,0.14713758257936113,0.14713758257895476,0.14713758257936113,0.14713758257981,0.14713758257936113,0.14713758257855913,0.14713758257755435,0.14713758257855913,0.14713758257936113,0.14713758257895476,0.14713758257755435,0.14713758257434736,0.14713758257755435,0.14713758257895476,0.14713758257936113,0.14713758257855913,0.14713758257755435,0.14713758257855913,0.14713758257936113,0.14713758257981,0.14713758257936113,0.14713758257895476,0.14713758257936113,0.14713758257981,0.14592511840572295,0.14592511840560204,0.14592511840552605,0.14592511840560204,0.14592511840572295,0.14592511840560204,0.14592511840546318,0.14592511840544822,0.14592511840546318,0.14592511840560204,0.14592511840552605,0.14592511840544822,0.14592511840618433,0.14592511840544822,0.14592511840552605,0.14592511840560204,0.14592511840546318,0.14592511840544822,0.14592511840546318,0.14592511840560204,0.14592511840572295,0.14592511840560204,0.14592511840552605,0.14592511840560204,0.14592511840572295,0.1447366097678987,0.1447366097679565,0.1447366097680422,0.1447366097679565,0.1447366097678987,0.1447366097679565,0.14473660976813646,0.14473660976851435,0.14473660976813646,0.1447366097679565,0.1447366097680422,0.14473660976851435,0.14473660977041466,0.14473660976851435,0.1447366097680422,0.1447366097679565,0.14473660976813646,0.14473660976851435,0.14473660976813646,0.1447366097679565,0.1447366097678987,0.1447366097679565,0.1447366097680422,0.1447366097679565,0.1447366097678987,0.14357153080325286,0.14357153080339707,0.1435715308035497,0.14357153080339707,0.14357153080325286,0.14357153080339707,0.14357153080370544,0.14357153080419377,0.14357153080370544,0.14357153080339707,0.1435715308035497,0.14357153080419377,0.1435715308061984,0.14357153080419377,0.1435715308035497,0.14357153080339707,0.14357153080370544,0.14357153080419377,0.14357153080370544,0.14357153080339707,0.14357153080325286,0.14357153080339707,0.1435715308035497,0.14357153080339707,0.14357153080325286,0.1424293644627488,0.1424293644629513,0.14242936446314902,0.1424293644629513,0.1424293644627488,0.1424293644629513,0.14242936446334498,0.14242936446392337,0.14242936446334498,0.1424293644629513,0.14242936446314902,0.14242936446392337,0.1424293644662085,0.14242936446392337,0.14242936446314902,0.1424293644629513,0.14242936446334498,0.14242936446392337,0.14242936446334498,0.1424293644629513,0.1424293644627488,0.1424293644629513,0.14242936446314902,0.1424293644629513,0.1424293644627488,0.1413096027241442,0.14130960272442197,0.1413096027246769,0.14130960272442197,0.1413096027241442,0.14130960272442197,0.14130960272492296,0.1413096027256076,0.14130960272492296,0.14130960272442197,0.1413096027246769,0.1413096027256076,0.1413096027282062,0.1413096027256076,0.1413096027246769,0.14130960272442197,0.14130960272492296,0.1413096027256076,0.14130960272492296,0.14130960272442197,0.1413096027241442,0.14130960272442197,0.1413096027246769,0.14130960272442197,0.1413096027241442,0.14021174676080939,0.14021174676124348,0.14021174676161519,0.14021174676124348,0.14021174676080939,0.14021174676124348,0.14021174676196732,0.14021174676283182,0.14021174676196732,0.14021174676124348,0.14021174676161519,0.14021174676283182,0.14021174676573597,0.14021174676283182,0.14021174676161519,0.14021174676124348,0.14021174676196732,0.14021174676283182,0.14021174676196732,0.14021174676124348,0.14021174676080939,0.14021174676124348,0.14021174676161519,0.14021174676124348,0.14021174676080939,0.13913530707072258,0.13913530707152866,0.13913530707221328,0.13913530707152866,0.13913530707072258,0.13913530707152866,0.13913530707287133,0.13913530707426036,0.13913530707287117,0.13913530707152866,0.13913530707221328,0.13913530707426036,0.1391353070769759,0.13913530707426036,0.13913530707221328,0.13913530707152866,0.13913530707287117,0.13913530707426036,0.13913530707287117,0.13913530707152866,0.13913530707072258,0.13913530707152866,0.13913530707221328,0.13913530707152866,0.13913530707072258,0.13807980356939784,0.13807980357098482,0.13807980357254732,0.13807980357098482,0.13807980356939784,0.13807980357098482,0.13807980357411945,0.13807980357831426,0.13807980357411945,0.13807980357098482,0.13807980357254732,0.13807980357831426,0.13807980358988592,0.13807980357831426,0.13807980357254732,0.13807980357098482,0.13807980357411945,0.13807980357831426,0.13807980357411945,0.13807980357098482,0.13807980356939784,0.13807980357098482,0.13807980357254732,0.13807980357098482,0.13807980356939784,0.13704476565032422,0.1370447656527684,0.1370447656557037,0.1370447656527684,0.13704476565032422,0.1370447656527684,0.13704476565874055,0.13704476567063417,0.13704476565874055,0.1370447656527684,0.1370447656557037,0.13704476567063417,0.13704476573628446,0.13704476567063417,0.1370447656557037,0.1370447656527684,0.13704476565874055,0.13704476567063417,0.13704476565874055,0.1370447656527684,0.13704476565032422,0.1370447656527684,0.1370447656557037,0.1370447656527684,0.13704476565032422,0.13602973221739695,0.13602973221908574,0.13602973222073228,0.13602973221908574,0.13602973221739678,0.13602973221908574,0.13602973222238124,0.1360297322267705,0.13602973222238124,0.13602973221908574,0.13602973222073228,0.1360297322267705,0.1360297322389164,0.1360297322267705,0.13602973222073228,0.13602973221908574,0.13602973222238124,0.1360297322267705,0.13602973222238124,0.13602973221908574,0.13602973221739678,0.13602973221908574,0.13602973222073228,0.13602973221908574,0.13602973221739678,0.13503425169407718,0.1350342516951311,0.13503425169599947,0.1350342516951311,0.13503425169407718,0.1350342516951311,0.13503425169682237,0.13503425169849517,0.13503425169682237,0.1350342516951311,0.13503425169599947,0.13503425169849517,0.1350342517015308,0.13503425169849517,0.13503425169599947,0.1350342516951311,0.13503425169682237,0.13503425169849517,0.13503425169682237,0.1350342516951311,0.13503425169407718,0.1350342516951311,0.13503425169599947,0.1350342516951311,0.13503425169407718
0.165332487971674,0.165332487971674,0.16533248797167377,0.165332487971674,0.165332487971674,0.165332487971674,0.16533248797167377,0.16533248797167377,0.16533248797167377,0.165332487971674,0.16533248797167377,0.16533248797167377,0.16533248797167377,0.16533248797167377,0.16533248797167377,0.165332487971674,0.16533248797167377,0.16533248797167377,0.16533248797167377,0.165332487971674,0.165332487971674,0.165332487971674,0.16533248797167377,0.165332487971674,0.165332487971674,0.16375749424916833,0.16375749424916808,0.16375749424916786,0.16375749424916808,0.16375749424916833,0.16375749424916808,0.16375749424916786,0.16375749424916763,0.16375749424916786,0.16375749424916808,0.16375749424916786,0.16375749424916763,0.16375749424916738,0.16375749424916763,0.16375749424916786,0.16375749424916808,0.16375749424916786,0.16375749424916763,0.16375749424916786,0.16375749424916808,0.16375749424916833,0.16375749424916808,0.16375749424916786,0.16375749424916808,0.16375749424916833,0.16221388445862772,0.16221388445862683,0.16221388445862636,0.16221388445862683,0.16221388445862772,0.16221388445862683,0.16221388445862592,0.16221388445862547,0.16221388445862592,0.16221388445862683,0.16221388445862636,0.16221388445862547,0.16221388445862478,0.16221388445862547,0.16221388445862636,0.16221388445862683,0.16221388445862592,0.16221388445862547,0.16221388445862592,0.16221388445862683,0.16221388445862772,0.16221388445862683,0.16221388445862636,0.16221388445862683,0.16221388445862772,0.1607010675570938,0.16070106755709113,0.16070106755708957,0.16070106755709113,0.1607010675570938,0.16070106755709113,0.1607010675570885,0.16070106755708669,0.1607010675570885,0.16070106755709113,0.16070106755708957,0.16070106755708669,0.16070106755708471,0.16070106755708669,0.16070106755708957,0.16070106755709113,0.1607010675570885,0.16070106755708669,0.1607010675570885,0.16070106755709113,0.1607010675570938,0.16070106755709113,0.16070106755708957,0.16070106755709113,0.1607010675570938,0.1592184519195477,0.15921845191954007,0.1592184519195353,0.15921845191954007,0.1592184519195477,0.15921845191954007,0.1592184519195316,0.15921845191952594,0.1592184519195316,0.15921845191954007,0.1592184519195353,0.15921845191952594,0.1592184519195194,0.15921845191952594,0.1592184519195353,0.15921845191954007,0.1592184519195316,0.15921845191952594,0.1592184519195316,0.15921845191954007,0.1592184519195477,0.15921845191954007,0.1592184519195353,0.15921845191954007,0.1592184519195477,0.15776544669076664,0.15776544669074466,0.15776544669072998,0.15776544669074466,0.15776544669076664,0.15776544669074466,0.1577654466907182,0.15776544669069964,0.1577654466907182,0.15776544669074466,0.15776544669072998,0.15776544669069964,0.1577654466906781,0.15776544669069964,0.15776544669072998,0.15776544669074466,0.1577654466907182,0.15776544669069964,0.1577654466907182,0.15776544669074466,0.15776544669076664,0.15776544669074466,0.15776544669072998,0.15776544669074466,0.15776544669076664,0.15634146299965906,0.15634146299959673,0.15634146299955323,0.15634146299959673,0.15634146299965906,0.15634146299959673,0.156341462999516,0.1563414629994556,0.156341462999516,0.15634146299959673,0.15634146299955323,0.1563414629994556,0.15634146299937865,0.1563414629994556,0.15634146299955323,0.15634146299959673,0.156341462999516,0.1563414629994556,0.156341462999516,0.15634146299959673,0.15634146299965906,0.15634146299959673,0.15634146299955323,0.15634146299959673,0.15634146299965906,0.15494591504635968,0.15494591504619143,0.1549459150460654,0.15494591504619143,0.15494591504635968,0.15494591504619143,0.15494591504595145,0.1549459150457496,0.15494591504595145,0.15494591504619143,0.1549459150460654,0.1549459150457496,0.15494591504545285,0.1549459150457496,0.1549459150460654,0.15494591504619143,0.15494591504595145,0.1549459150457496,0.15494591504595145,0.15494591504619143,0.15494591504635968,0.15494591504619143,0.1549459150460654,0.15494591504619143,0.15494591504635968,0.1535782210718175,0.15357822107139776,0.1535782210710483,0.15357822107139776,0.1535782210718175,0.15357822107139776,0.1535782210707161,0.1535782210700304,0.1535782210707161,0.15357822107139776,0.1535782210710483,0.1535782210700304,0.1535782210687617,0.1535782210700304,0.1535782210710483,0.15357822107139776,0.1535782210707161,0.1535782210700304,0.1535782210707161,0.15357822107139776,0.1535782210718175,0.15357822107139776,0.1535782210710483,0.15357822107139776,0.1535782210718175,0.15223780421906516,0.1522378042181528,0.15223780421727431,0.1522378042181528,0.15223780421906516,0.1522378042181528,0.1522378042163974,0.15223780421411326,0.1522378042163974,0.1522378042181528,0.15223780421727431,0.15223780421411326,0.15223780420798033,0.15223780421411326,0.15223780421727431,0.1522378042181528,0.1522378042163974,0.15223780421411326,0.1522378042163974,0.1522378042181528,0.15223780421906516,0.1522378042181528,0.15223780421727431,0.1522378042181528,0.15223780421906516,0.150924093294728,0.15092409329320816,0.150924093291463,0.15092409329320816,0.150924093294728,0.15092409329320816,0.15092409328966694,0.15092409328310516,0.15092409328966694,0.15092409329320816,0.150924093291463,0.15092409328310516,0.15092409324958125,0.15092409328310516,0.150924093291463,0.15092409329320816,0.15092409328966694,0.15092409328310516,0.15092409328966694,0.15092409329320816,0.150924093294728,0.15092409329320816,0.150924093291463,0.15092409329320816,0.150924093294728,0.14963652343835945,0.14963652343697384,0.14963652343548917,0.14963652343697384,0.14963652343835945,0.14963652343697384,0.14963652343397385,0.14963652342911496,0.14963652343397385,0.14963652343697384,0.14963652343548917,0.14963652342911496,0.14963652340879185,0.14963652342911496,0.14963652343548917,0.14963652343697384,0.14963652343397385,0.14963652342911496,0.14963652343397385,0.14963652343697384,0.14963652343835945,0.14963652343697384,0.14963652343548917,0.14963652343697384,0.14963652343835945,0.1483745367060991,0.14837453670518766,0.14837453670428305,0.14837453670518766,0.1483745367060991,0.14837453670518766,0.14837453670337586,0.14837453670075657,0.14837453670337586,0.14837453670518766,0.14837453670428305,0.14837453670075657,0.14837453669100878,0.14837453670075657,0.14837453670428305,0.14837453670518766,0.14837453670337586,0.14837453670075657,0.14837453670337586,0.14837453670518766,0.1483745367060991,0.14837453670518766,0.14837453670428305,0.14837453670518766,0.1483745367060991,0.14713758257981963,0.14713758257936985,0.1471375825789622,0.14713758257936985,0.14713758257981963,0.14713758257936985,0.1471375825785653,0.14713758257755472,0.1471375825785653,0.14713758257936985,0.1471375825789622,0.14713758257755472,0.14713758257433995,0.14713758257755472,0.1471375825789622,0.14713758257936985,0.1471375825785653,0.14713758257755472,0.1471375825785653,0.14713758257936985,0.14713758257981963,0.14713758257936985,0.1471375825789622,0.14713758257936985,0.14713758257981963,0.14592511840567204,0.14592511840554812,0.1459251184054687,0.14592511840554812,0.14592511840567204,0.14592511840554812,0.1459251184054023,0.1459251184053752,0.1459251184054023,0.14592511840554812,0.1459251184054687,0.1459251184053752,0.14592511840603048,0.1459251184053752,0.1459251184054687,0.14592511840554812,0.1459251184054023,0.1459251184053752,0.1459251184054023,0.14592511840554812,0.14592511840567204,0.14592511840554812,0.1459251184054687,0.14592511840554812,0.14592511840567204,0.14473660976779257,0.1447366097678467,0.1447366097679282,0.1447366097678467,0.14473660976779257,0.1447366097678467,0.14473660976801844,0.1447366097683829,0.14473660976801844,0.1447366097678467,0.1447366097679282,0.1447366097683829,0.14473660977025166,0.1447366097683829,0.1447366097679282,0.1447366097678467,0.14473660976801844,0.1447366097683829,0.14473660976801844,0.1447366097678467,0.14473660976779257,0.1447366097678467,0.1447366097679282,0.1447366097678467,0.14473660976779257,0.14357153080309848,0.14357153080323914,0.1435715308033882,0.14357153080323914,0.14357153080309848,0.14357153080323914,0.14357153080354013,0.14357153080401788,0.14357153080354013,0.14357153080323914,0.1435715308033882,0.14357153080401788,0.14357153080598226,0.14357153080401788,0.1435715308033882,0.14357153080323914,0.14357153080354013,0.14357153080401788,0.14357153080354013,0.14357153080323914,0.14357153080309848,0.14357153080323914,0.1435715308033882,0.14357153080323914,0.14357153080309848,0.142429364462553,0.14242936446275212,0.1424293644629467,0.14242936446275212,0.142429364462553,0.14242936446275212,0.14242936446313914,0.14242936446370785,0.14242936446313914,0.14242936446275212,0.1424293644629467,0.14242936446370785,0.14242936446595,0.14242936446370785,0.1424293644629467,0.14242936446275212,0.14242936446313914,0.14242936446370785,0.14242936446313914,0.14242936446275212,0.142429364462553,0.14242936446275212,0.1424293644629467,0.14242936446275212,0.142429364462553,0.14130960272391313,0.14130960272418777,0.14130960272443957,0.14130960272418777,0.14130960272391313,0.14130960272418777,0.1413096027246825,0.14130960272535797,0.1413096027246825,0.14130960272418777,0.14130960272443957,0.14130960272535797,0.14130960272793266,0.14130960272535797,0.14130960272443957,0.14130960272418777,0.1413096027246825,0.14130960272535797,0.1413096027246825,0.14130960272418777,0.14130960272391313,0.14130960272418777,0.14130960272443957,0.14130960272418777,0.14130960272391313,0.14021174676054862,0.14021174676098,0.14021174676134895,0.14021174676098,0.14021174676054862,0.14021174676098,0.14021174676169837,0.1402117467625548,0.14021174676169837,0.14021174676098,0.14021174676134895,0.1402117467625548,0.14021174676540718,0.1402117467625548,0.14021174676134895,0.14021174676098,0.14021174676169837,0.1402117467625548,0.14021174676169837,0.14021174676098,0.14021174676054862,0.14021174676098,0.14021174676134895,0.14021174676098,0.14021174676054862,0.1391353070704374,0.1391353070712409,0.13913530707192331,0.1391353070712409,0.1391353070704374,0.1391353070712409,0.13913530707257915,0.13913530707396343,0.13913530707257915,0.1391353070712409,0.13913530707192331,0.13913530707396343,0.1391353070766687,0.13913530707396343,0.13913530707192331,0.1391353070712409,0.13913530707257915,0.13913530707396343,0.13913530707257915,0.1391353070712409,0.1391353070704374,0.1391353070712409,0.13913530707192331,0.1391353070712409,0.1391353070704374,0.1380798035690927,0.13807980357067628,0.13807980357223554,0.13807980357067628,0.1380798035690927,0.13807980357067628,0.13807980357380456,0.13807980357799096,0.13807980357380456,0.13807980357067628,0.13807980357223554,0.13807980357799096,0.13807980358954047,0.13807980357799096,0.13807980357223554,0.13807980357067628,0.13807980357380456,0.13807980357799096,0.13807980357380456,0.13807980357067628,0.1380798035690927,0.13807980357067628,0.13807980357223554,0.13807980357067628,0.1380798035690927,0.13704476565000567,0.13704476565244533,0.13704476565537513,0.13704476565244533,0.13704476565000567,0.13704476565244533,0.1370447656584062,0.13704476567027796,0.1370447656584062,0.13704476565244533,0.13704476565537513,0.13704476567027796,0.13704476573582697,0.13704476567027796,0.13704476565537513,0.13704476565244533,0.1370447656584062,0.13704476567027796,0.1370447656584062,0.13704476565244533,0.13704476565000567,0.13704476565244533,0.13704476565537513,0.13704476565244533,0.13704476565000567,0.13602973221707426,0.1360297322187599,0.13602973222040352,0.1360297322187599,0.13602973221707426,0.1360297322187599,0.1360297322220495,0.1360297322264307,0.13602973222204937,0.1360297322187599,0.13602973222040352,0.1360297322264307,0.13602973223855425,0.1360297322264307,0.13602973222040352,0.1360297322187599,0.13602973222204937,0.1360297322264307,0.13602973222204937,0.1360297322187599,0.13602973221707426,0.1360297322187599,0.13602973222040352,0.1360297322187599,0.13602973221707426,0.13503425169375674,0.13503425169480882,0.13503425169567557,0.13503425169480882,0.13503425169375674,0.13503425169480882,0.13503425169649697,0.1350342516981666,0.13503425169649697,0.13503425169480882,0.13503425169567557,0.1350342516981666,0.13503425170119665,0.1350342516981666,0.13503425169567557,0.13503425169480882,0.13503425169649697,0.1350342516981666,0.13503425169649697,0.13503425169480882,0.13503425169375674,0.13503425169480882,0.13503425169567557,0.13503425169480882,0.13503425169375674
0.16533248797191352,0.16533248797191327,0.16533248797191327,0.16533248797191327,0.16533248797191352,0.16533248797191327,0.16533248797191327,0.16533248797191305,0.16533248797191327,0.16533248797191327,0.16533248797191327,0.16533248797191305,0.16533248797191305,0.16533248797191305,0.16533248797191327,0.16533248797191327,0.16533248797191327,0.16533248797191305,0.16533248797191327,0.16533248797191327,0.16533248797191352,0.16533248797191327,0.16533248797191327,0.16533248797191327,0.16533248797191352,0.16375749424940286,0.1637574942494026,0.1637574942494024,0.1637574942494026,0.16375749424940286,0.1637574942494026,0.1637574942494024,0.16375749424940214,0.1637574942494024,0.1637574942494026,0.1637574942494024,0.16375749424940214,0.16375749424940192,0.16375749424940214,0.1637574942494024,0.1637574942494026,0.1637574942494024,0.16375749424940214,0.1637574942494024,0.1637574942494026,0.16375749424940286,0.1637574942494026,0.1637574942494024,0.1637574942494026,0.16375749424940286,0.16221388445885757,0.16221388445885668,0.1622138844588562,0.16221388445885668,0.16221388445885757,0.16221388445885668,0.1622138844588558,0.1622138844588553,0.1622138844588558,0.16221388445885668,0.1622138844588562,0.1622138844588553,0.16221388445885462,0.1622138844588553,0.1622138844588562,0.16221388445885668,0.1622138844588558,0.1622138844588553,0.1622138844588558,0.16221388445885668,0.16221388445885757,0.16221388445885668,0.1622138844588562,0.16221388445885668,0.16221388445885757,0.16070106755731883,0.1607010675573164,0.16070106755731464,0.1607010675573164,0.16070106755731883,0.1607010675573164,0.1607010675573135,0.16070106755731173,0.1607010675573135,0.1607010675573164,0.16070106755731464,0.16070106755731173,0.16070106755730995,0.16070106755731173,0.16070106755731464,0.1607010675573164,0.1607010675573135,0.16070106755731173,0.1607010675573135,0.1607010675573164,0.16070106755731883,0.1607010675573164,0.16070106755731464,0.1607010675573164,0.16070106755731883,0.15921845191976802,0.15921845191976064,0.1592184519197558,0.15921845191976064,0.15921845191976802,0.15921845191976064,0.15921845191975215,0.15921845191974646,0.15921845191975215,0.15921845191976064,0.1592184519197558,0.15921845191974646,0.15921845191973993,0.15921845191974646,0.1592184519197558,0.15921845191976064,0.15921845191975215,0.15921845191974646,0.15921845191975215,0.15921845191976064,0.15921845191976802,0.15921845191976064,0.1592184519197558,0.15921845191976064,0.15921845191976802,0.15776544669098236,0.1577654466909606,0.15776544669094586,0.1577654466909606,0.15776544669098236,0.1577654466909606,0.15776544669093415,0.1577654466909158,0.15776544669093415,0.1577654466909606,0.15776544669094586,0.1577654466909158,0.15776544669089426,0.1577654466909158,0.15776544669094586,0.1577654466909606,0.15776544669093415,0.1577654466909158,0.15776544669093415,0.1577654466909606,0.15776544669098236,0.1577654466909606,0.15776544669094586,0.1577654466909606,0.15776544669098236,0.15634146299987003,0.15634146299980795,0.15634146299976465,0.15634146299980795,0.15634146299987003,0.15634146299980795,0.15634146299972765,0.15634146299966764,0.15634146299972765,0.15634146299980795,0.15634146299976465,0.15634146299966764,0.1563414629995911,0.15634146299966764,0.15634146299976465,0.15634146299980795,0.15634146299972765,0.15634146299966764,0.15634146299972765,0.15634146299980795,0.15634146299987003,0.15634146299980795,0.15634146299976465,0.15634146299980795,0.15634146299987003,0.154945915046565,0.1549459150463978,0.15494591504627236,0.1549459150463978,0.154945915046565,0.1549459150463978,0.154945915046159,0.1549459150459582,0.154945915046159,0.1549459150463978,0.15494591504627236,0.1549459150459582,0.1549459150456633,0.1549459150459582,0.15494591504627236,0.1549459150463978,0.154945915046159,0.1549459150459582,0.154945915046159,0.1549459150463978,0.154945915046565,0.1549459150463978,0.15494591504627236,0.1549459150463978,0.154945915046565,0.15357822107201535,0.15357822107159796,0.15357822107125055,0.15357822107159796,0.15357822107201535,0.15357822107159796,0.15357822107092015,0.1535782210702383,0.15357822107092015,0.15357822107159796,0.15357822107125055,0.1535782210702383,0.15357822106897637,0.1535782210702383,0.15357822107125055,0.15357822107159796,0.15357822107092015,0.1535782210702383,0.15357822107092015,0.15357822107159796,0.15357822107201535,0.15357822107159796,0.15357822107125055,0.15357822107159796,0.15357822107201535,0.15223780421925076,0.15223780421834354,0.15223780421746974,0.15223780421834354,0.15223780421925076,0.15223780421834354,0.15223780421659774,0.15223780421432623,0.15223780421659774,0.15223780421834354,0.15223780421746974,0.15223780421432623,0.15223780420822736,0.15223780421432623,0.15223780421746974,0.15223780421834354,0.15223780421659774,0.15223780421432623,0.15223780421659774,0.15223780421834354,0.15223780421925076,0.15223780421834354,0.15223780421746974,0.15223780421834354,0.15223780421925076,0.1509240932948914,0.1509240932933795,0.150924093291644,0.1509240932933795,0.1509240932948914,0.1509240932933795,0.15092409328985773,0.15092409328333203,0.15092409328985773,0.1509240932933795,0.150924093291644,0.15092409328333203,0.15092409324997577,0.15092409328333203,0.150924093291644,0.1509240932933795,0.15092409328985773,0.15092409328333203,0.15092409328985773,0.1509240932933795,0.1509240932948914,0.1509240932933795,0.150924093291644,0.1509240932933795,0.1509240932948914,0.1496365234384833,0.14963652343710432,0.1496365234356272,0.14963652343710432,0.1496365234384833,0.14963652343710432,0.14963652343411962,0.14963652342928685,0.14963652343411962,0.14963652343710432,0.1496365234356272,0.14963652342928685,0.14963652340911124,0.14963652342928685,0.1496365234356272,0.14963652343710432,0.14963652343411962,0.14963652342928685,0.14963652343411962,0.14963652343710432,0.1496365234384833,0.14963652343710432,0.1496365234356272,0.14963652343710432,0.1496365234384833,0.14837453670616915,0.1483745367052603,0.14837453670435827,0.1483745367052603,0.14837453670616915,0.1483745367052603,0.1483745367034535,0.14837453670084016,0.1483745367034535,0.1483745367052603,0.14837453670435827,0.14837453670084016,0.14837453669109052,0.14837453670084016,0.14837453670435827,0.1483745367052603,0.1483745367034535,0.14837453670084016,0.1483745367034535,0.1483745367052603,0.14837453670616915,0.1483745367052603,0.14837453670435827,0.1483745367052603,0.14837453670616915,0.14713758257982923,0.14713758257937876,0.14713758257897003,0.14713758257937876,0.14713758257982923,0.14713758257937876,0.14713758257857182,0.14713758257755563,0.14713758257857182,0.14713758257937876,0.14713758257897003,0.14713758257755563,0.14713758257430123,0.14713758257755563,0.14713758257897003,0.14713758257937876,0.14713758257857182,0.14713758257755563,0.14713758257857182,0.14713758257937876,0.14713758257982923,0.14713758257937876,0.14713758257897003,0.14713758257937876,0.14713758257982923,0.1459251184056224,0.1459251184054956,0.14592511840541295,0.1459251184054956,0.1459251184056224,0.1459251184054956,0.145925118405343,0.14592511840530417,0.145925118405343,0.1459251184054956,0.14592511840541295,0.14592511840530417,0.145925118405924,0.14592511840530417,0.14592511840541295,0.1459251184054956,0.145925118405343,0.14592511840530417,0.145925118405343,0.1459251184054956,0.1459251184056224,0.1459251184054956,0.14592511840541295,0.1459251184054956,0.1459251184056224,0.14473660976768873,0.14473660976773917,0.1447366097678167,0.14473660976773917,0.14473660976768873,0.14473660976773917,0.14473660976790292,0.1447366097682541,0.14473660976790292,0.14473660976773917,0.1447366097678167,0.1447366097682541,0.1447366097700298,0.1447366097682541,0.1447366097678167,0.14473660976773917,0.14473660976790292,0.1447366097682541,0.14473660976790292,0.14473660976773917,0.14473660976768873,0.14473660976773917,0.1447366097678167,0.14473660976773917,0.14473660976768873,0.1435715308029472,0.1435715308030843,0.14357153080322974,0.1435715308030843,0.1435715308029472,0.1435715308030843,0.14357153080337826,0.1435715308038454,0.14357153080337826,0.1435715308030843,0.14357153080322974,0.1435715308038454,0.14357153080576274,0.1435715308038454,0.14357153080322974,0.1435715308030843,0.14357153080337826,0.1435715308038454,0.14357153080337826,0.1435715308030843,0.1435715308029472,0.1435715308030843,0.14357153080322974,0.1435715308030843,0.1435715308029472,0.14242936446236076,0.14242936446255672,0.14242936446274793,0.14242936446255672,0.14242936446236076,0.14242936446255672,0.14242936446293733,0.14242936446349627,0.14242936446293733,0.14242936446255672,0.14242936446274793,0.14242936446349627,0.14242936446569435,0.14242936446349627,0.14242936446274793,0.14242936446255672,0.14242936446293733,0.14242936446349627,0.14242936446293733,0.14242936446255672,0.14242936446236076,0.14242936446255672,0.14242936446274793,0.14242936446255672,0.14242936446236076,0.14130960272368617,0.1413096027239577,0.14130960272420653,0.1413096027239577,0.14130960272368617,0.1413096027239577,0.1413096027244465,0.14130960272511273,0.1413096027244465,0.1413096027239577,0.14130960272420653,0.14130960272511273,0.1413096027276452,0.14130960272511273,0.14130960272420653,0.1413096027239577,0.1413096027244465,0.14130960272511273,0.1413096027244465,0.1413096027239577,0.14130960272368617,0.1413096027239577,0.14130960272420653,0.1413096027239577,0.14130960272368617,0.1402117467602924,0.140211746760721,0.14021174676108739,0.140211746760721,0.1402117467602924,0.140211746760721,0.14021174676143422,0.14021174676228276,0.14021174676143422,0.140211746760721,0.14021174676108739,0.14021174676228276,0.1402117467651158,0.14021174676228276,0.14021174676108739,0.140211746760721,0.14021174676143422,0.14021174676228276,0.14021174676143422,0.140211746760721,0.1402117467602924,0.140211746760721,0.14021174676108739,0.140211746760721,0.1402117467602924,0.13913530707015687,0.13913530707095803,0.1391353070716382,0.13913530707095803,0.13913530707015687,0.13913530707095803,0.13913530707229219,0.1391353070736717,0.13913530707229219,0.13913530707095803,0.1391353070716382,0.1391353070736717,0.13913530707636687,0.1391353070736717,0.1391353070716382,0.13913530707095803,0.13913530707229219,0.1391353070736717,0.13913530707229219,0.13913530707095803,0.13913530707015687,0.13913530707095803,0.1391353070716382,0.13913530707095803,0.13913530707015687,0.13807980356879285,0.1380798035703732,0.13807980357192917,0.1380798035703732,0.13807980356879285,0.1380798035703732,0.13807980357349509,0.1380798035776733,0.13807980357349509,0.1380798035703732,0.13807980357192917,0.1380798035776733,0.1380798035892008,0.1380798035776733,0.13807980357192917,0.1380798035703732,0.13807980357349509,0.1380798035776733,0.13807980357349509,0.1380798035703732,0.13807980356879285,0.1380798035703732,0.13807980357192917,0.1380798035703732,0.13807980356879285,0.13704476564969262,0.13704476565212773,0.1370447656550522,0.13704476565212773,0.13704476564969262,0.13704476565212773,0.13704476565807766,0.13704476566992793,0.13704476565807766,0.13704476565212773,0.1370447656550522,0.13704476566992793,0.13704476573535487,0.13704476566992793,0.1370447656550522,0.13704476565212773,0.13704476565807766,0.13704476566992793,0.13704476565807766,0.13704476565212773,0.13704476564969262,0.13704476565212773,0.1370447656550522,0.13704476565212773,0.13704476564969262,0.1360297322167573,0.13602973221843995,0.1360297322200804,0.13602973221843995,0.1360297322167573,0.13602973221843995,0.1360297322217234,0.13602973222609654,0.1360297322217234,0.13602973221843995,0.1360297322200804,0.13602973222609654,0.1360297322381983,0.13602973222609654,0.1360297322200804,0.13602973221843995,0.1360297322217234,0.13602973222609654,0.1360297322217234,0.13602973221843995,0.1360297322167573,0.13602973221843995,0.1360297322200804,0.13602973221843995,0.1360297322167573,0.13503425169344194,0.13503425169449204,0.13503425169535718,0.13503425169449204,0.13503425169344194,0.13503425169449204,0.13503425169617714,0.13503425169784383,0.13503425169617714,0.13503425169449204,0.13503425169535718,0.13503425169784383,0.13503425170086836,0.13503425169784383,0.13503425169535718,0.13503425169449204,0.13503425169617714,0.13503425169784383,0.13503425169617714,0.13503425169449204,0.13503425169344194,0.13503425169449204,0.13503425169535718,0.13503425169449204,0.13503425169344205
0.16533248797214858,0.16533248797214858,0.16533248797214833,0.16533248797214858,0.16533248797214858,0.16533248797214858,0.16533248797214833,0.16533248797214833,0.16533248797214833,0.16533248797214858,0.16533248797214833,0.16533248797214833,0.1653324879721481,0.16533248797214833,0.16533248797214833,0.16533248797214858,0.16533248797214833,0.16533248797214833,0.16533248797214833,0.16533248797214858,0.16533248797214858,0.16533248797214858,0.16533248797214833,0.16533248797214858,0.16533248797214858,0.1637574942496332,0.16375749424963296,0.16375749424963276,0.16375749424963296,0.1637574942496332,0.16375749424963296,0.16375749424963276,0.1637574942496325,0.16375749424963276,0.16375749424963296,0.16375749424963276,0.1637574942496325,0.1637574942496323,0.1637574942496325,0.16375749424963276,0.16375749424963296,0.16375749424963276,0.1637574942496325,0.16375749424963276,0.16375749424963296,0.1637574942496332,0.16375749424963296,0.16375749424963276,0.16375749424963296,0.1637574942496332,0.16221388445908314,0.16221388445908244,0.162213884459082,0.16221388445908244,0.16221388445908314,0.16221388445908244,0.16221388445908155,0.16221388445908108,0.16221388445908155,0.16221388445908244,0.162213884459082,0.16221388445908108,0.16221388445908042,0.16221388445908108,0.162213884459082,0.16221388445908244,0.16221388445908155,0.16221388445908108,0.16221388445908155,0.16221388445908244,0.16221388445908314,0.16221388445908244,0.162213884459082,0.16221388445908244,0.16221388445908314,0.16070106755753988,0.16070106755753744,0.16070106755753588,0.16070106755753744,0.16070106755753988,0.16070106755753744,0.16070106755753477,0.160701067557533,0.16070106755753477,0.16070106755753744,0.16070106755753588,0.160701067557533,0.16070106755753097,0.160701067557533,0.16070106755753588,0.16070106755753744,0.16070106755753477,0.160701067557533,0.16070106755753477,0.16070106755753744,0.16070106755753988,0.16070106755753744,0.16070106755753588,0.16070106755753744,0.16070106755753988,0.15921845191998465,0.15921845191997724,0.15921845191997244,0.15921845191997724,0.15921845191998465,0.15921845191997724,0.15921845191996875,0.15921845191996287,0.15921845191996875,0.15921845191997724,0.15921845191997244,0.15921845191996287,0.15921845191995654,0.15921845191996287,0.15921845191997244,0.15921845191997724,0.15921845191996875,0.15921845191996287,0.15921845191996875,0.15921845191997724,0.15921845191998465,0.15921845191997724,0.15921845191997244,0.15921845191997724,0.15921845191998465,0.15776544669119424,0.15776544669117248,0.15776544669115797,0.15776544669117248,0.15776544669119424,0.15776544669117248,0.15776544669114625,0.15776544669112788,0.15776544669114625,0.15776544669117248,0.15776544669115797,0.15776544669112788,0.15776544669110654,0.15776544669112788,0.15776544669115797,0.15776544669117248,0.15776544669114625,0.15776544669112788,0.15776544669114625,0.15776544669117248,0.15776544669119424,0.15776544669117248,0.15776544669115797,0.15776544669117248,0.15776544669119424,0.15634146300007706,0.1563414630000154,0.15634146299997229,0.1563414630000154,0.15634146300007706,0.1563414630000154,0.15634146299993548,0.1563414629998759,0.15634146299993548,0.1563414630000154,0.15634146299997229,0.1563414629998759,0.15634146299979956,0.1563414629998759,0.15634146299997229,0.1563414630000154,0.15634146299993548,0.1563414629998759,0.15634146299993548,0.1563414630000154,0.15634146300007706,0.1563414630000154,0.15634146299997229,0.1563414630000154,0.15634146300007706,0.15494591504676666,0.15494591504660024,0.15494591504647545,0.15494591504660024,0.15494591504676666,0.15494591504660024,0.15494591504636293,0.15494591504616315,0.15494591504636293,0.15494591504660024,0.15494591504647545,0.15494591504616315,0.15494591504586988,0.15494591504616315,0.15494591504647545,0.15494591504660024,0.15494591504636293,0.15494591504616315,0.15494591504636293,0.15494591504660024,0.15494591504676666,0.15494591504660024,0.15494591504647545,0.15494591504660024,0.15494591504676666,0.15357822107220975,0.1535782210717946,0.15357822107144894,0.1535782210717946,0.15357822107220975,0.1535782210717946,0.15357822107112037,0.15357822107044214,0.15357822107112037,0.1535782210717946,0.15357822107144894,0.15357822107044214,0.15357822106918725,0.15357822107044214,0.15357822107144894,0.1535782210717946,0.15357822107112037,0.15357822107044214,0.15357822107112037,0.1535782210717946,0.15357822107220975,0.1535782210717946,0.15357822107144894,0.1535782210717946,0.15357822107220975,0.15223780421943323,0.15223780421853073,0.15223780421766187,0.15223780421853073,0.15223780421943323,0.15223780421853073,0.15223780421679461,0.15223780421453548,0.15223780421679461,0.15223780421853073,0.15223780421766187,0.15223780421453548,0.15223780420846966,0.15223780421453548,0.15223780421766187,0.15223780421853073,0.15223780421679461,0.15223780421453548,0.15223780421679461,0.15223780421853073,0.15223780421943323,0.15223780421853073,0.15223780421766187,0.15223780421853073,0.15223780421943323,0.15092409329505171,0.15092409329354792,0.15092409329182166,0.15092409329354792,0.15092409329505171,0.15092409329354792,0.15092409329004486,0.15092409328355483,0.15092409329004486,0.15092409329354792,0.15092409329182166,0.15092409328355483,0.1509240932503888,0.15092409328355483,0.15092409329182166,0.15092409329354792,0.15092409329004486,0.15092409328355483,0.15092409329004486,0.15092409329354792,0.15092409329505171,0.15092409329354792,0.15092409329182166,0.15092409329354792,0.15092409329505171,0.1496365234386051,0.14963652343723272,0.14963652343576297,0.14963652343723272,0.1496365234386051,0.14963652343723272,0.14963652343426295,0.1496365234294557,0.14963652343426295,0.14963652343723272,0.14963652343576297,0.1496365234294557,0.14963652340934683,0.1496365234294557,0.14963652343576297,0.14963652343723272,0.14963652343426295,0.1496365234294557,0.14963652343426295,0.14963652343723272,0.1496365234386051,0.14963652343723272,0.14963652343576297,0.14963652343723272,0.1496365234386051,0.14837453670623807,0.14837453670533202,0.14837453670443243,0.14837453670533202,0.14837453670623807,0.14837453670533202,0.14837453670353004,0.14837453670092282,0.14837453670353004,0.14837453670533202,0.14837453670443243,0.14837453670092282,0.1483745366912008,0.14837453670092282,0.14837453670443243,0.14837453670533202,0.14837453670353004,0.14837453670092282,0.14837453670353004,0.14837453670533202,0.14837453670623807,0.14837453670533202,0.14837453670443243,0.14837453670533202,0.14837453670623807,0.14713758257983925,0.14713758257938783,0.147137582578978,0.14713758257938783,0.14713758257983925,0.14713758257938783,0.14713758257857854,0.1471375825775569,0.14713758257857854,0.14713758257938783,0.147137582578978,0.1471375825775569,0.14713758257427617,0.1471375825775569,0.147137582578978,0.14713758257938783,0.14713758257857854,0.1471375825775569,0.14713758257857854,0.14713758257938783,0.14713758257983925,0.14713758257938783,0.147137582578978,0.14713758257938783,0.14713758257983925,0.14592511840557393,0.1459251184054443,0.1459251184053585,0.1459251184054443,0.14592511840557393,0.1459251184054443,0.1459251184052851,0.1459251184052349,0.1459251184052851,0.1459251184054443,0.1459251184053585,0.1459251184052349,0.1459251184058056,0.1459251184052349,0.1459251184053585,0.1459251184054443,0.1459251184052851,0.1459251184052349,0.1459251184052851,0.1459251184054443,0.14592511840557393,0.1459251184054443,0.1459251184053585,0.1459251184054443,0.14592511840557393,0.1447366097675868,0.14473660976763375,0.1447366097677074,0.14473660976763375,0.1447366097675868,0.14473660976763375,0.14473660976778963,0.14473660976812788,0.14473660976778963,0.14473660976763375,0.1447366097677074,0.14473660976812788,0.14473660976986624,0.14473660976812788,0.1447366097677074,0.14473660976763375,0.14473660976778963,0.14473660976812788,0.14473660976778963,0.14473660976763375,0.1447366097675868,0.14473660976763375,0.1447366097677074,0.14473660976763375,0.1447366097675868,0.14357153080279872,0.14357153080293233,0.1435715308030744,0.14357153080293233,0.14357153080279872,0.14357153080293233,0.1435715308032193,0.14357153080367618,0.1435715308032193,0.14357153080293233,0.1435715308030744,0.14357153080367618,0.1435715308055644,0.14357153080367618,0.1435715308030744,0.14357153080293233,0.1435715308032193,0.14357153080367618,0.1435715308032193,0.14357153080293233,0.14357153080279872,0.14357153080293233,0.1435715308030744,0.14357153080293233,0.14357153080279872,0.14242936446217205,0.14242936446236465,0.14242936446255283,0.14242936446236465,0.14242936446217205,0.14242936446236465,0.14242936446273888,0.14242936446328844,0.14242936446273888,0.14242936446236465,0.14242936446255283,0.14242936446328844,0.1424293644654593,0.14242936446328844,0.14242936446255283,0.14242936446236465,0.14242936446273888,0.14242936446328844,0.14242936446273888,0.14242936446236465,0.14242936446217205,0.14242936446236465,0.14242936446255283,0.14242936446236465,0.14242936446217205,0.141309602723463,0.14130960272373172,0.1413096027239776,0.14130960272373172,0.141309602723463,0.14130960272373172,0.14130960272421458,0.14130960272487164,0.14130960272421458,0.14130960272373172,0.1413096027239776,0.14130960272487164,0.1413096027273544,0.14130960272487164,0.1413096027239776,0.14130960272373172,0.14130960272421458,0.14130960272487164,0.14130960272421458,0.14130960272373172,0.141309602723463,0.14130960272373172,0.1413096027239776,0.14130960272373172,0.141309602723463,0.14021174676004053,0.14021174676046655,0.14021174676083034,0.14021174676046655,0.14021174676004053,0.14021174676046655,0.14021174676117462,0.14021174676201506,0.14021174676117462,0.14021174676046655,0.14021174676083034,0.14021174676201506,0.1402117467648091,0.14021174676201506,0.14021174676083034,0.14021174676046655,0.14021174676117462,0.14021174676201506,0.14021174676117462,0.14021174676046655,0.14021174676004053,0.14021174676046655,0.14021174676083034,0.14021174676046655,0.14021174676004053,0.13913530706988128,0.13913530707067992,0.13913530707135807,0.13913530707067992,0.13913530706988128,0.13913530707067992,0.13913530707200977,0.1391353070733849,0.13913530707200977,0.13913530707067992,0.13913530707135807,0.1391353070733849,0.13913530707606994,0.1391353070733849,0.13913530707135807,0.13913530707067992,0.13913530707200977,0.1391353070733849,0.13913530707200977,0.13913530707067992,0.13913530706988128,0.13913530707067992,0.13913530707135807,0.13913530707067992,0.13913530706988128,0.1380798035684978,0.13807980357007488,0.13807980357162794,0.13807980357007488,0.1380798035684978,0.13807980357007488,0.1380798035731906,0.13807980357736077,0.1380798035731906,0.13807980357007488,0.13807980357162794,0.13807980357736077,0.13807980358886668,0.13807980357736077,0.13807980357162794,0.13807980357007488,0.1380798035731906,0.13807980357736077,0.1380798035731906,0.13807980357007488,0.1380798035684978,0.13807980357007488,0.13807980357162794,0.13807980357007488,0.1380798035684978,0.13704476564938475,0.13704476565181528,0.13704476565473442,0.13704476565181528,0.13704476564938475,0.13704476565181528,0.13704476565775442,0.1370447656695834,0.13704476565775442,0.13704476565181528,0.13704476565473442,0.1370447656695834,0.13704476573489602,0.1370447656695834,0.13704476565473442,0.13704476565181528,0.13704476565775442,0.1370447656695834,0.13704476565775442,0.13704476565181528,0.13704476564938475,0.13704476565181528,0.13704476565473442,0.13704476565181528,0.13704476564938475,0.1360297322164455,0.136029732218125,0.13602973221976253,0.136029732218125,0.1360297322164455,0.136029732218125,0.13602973222140252,0.13602973222576792,0.13602973222140252,0.136029732218125,0.13602973221976253,0.13602973222576792,0.13602973223784806,0.13602973222576792,0.13602973221976253,0.136029732218125,0.13602973222140252,0.13602973222576792,0.13602973222140252,0.136029732218125,0.1360297322164455,0.136029732218125,0.13602973221976253,0.136029732218125,0.1360297322164455,0.13503425169313232,0.1350342516941804,0.1350342516950441,0.1350342516941804,0.13503425169313232,0.1350342516941804,0.1350342516958626,0.1350342516975262,0.1350342516958626,0.1350342516941804,0.1350342516950441,0.1350342516975262,0.13503425170054534,0.1350342516975262,0.1350342516950441,0.1350342516941804,0.1350342516958626,0.1350342516975262,0.1350342516958626,0.13503425169418057,0.13503425169313232,0.1350342516941804,0.1350342516950441,0.13503425169418057,0.13503425169313232
0.16533248797237962,0.16533248797237937,0.16533248797237937,0.16533248797237937,0.16533248797237962,0.16533248797237937,0.16533248797237937,0.16533248797237912,0.16533248797237937,0.16533248797237937,0.16533248797237937,0.16533248797237912,0.16533248797237912,0.16533248797237912,0.16533248797237937,0.16533248797237937,0.16533248797237937,0.16533248797237912,0.16533248797237937,0.16533248797237937,0.16533248797237962,0.16533248797237937,0.16533248797237937,0.16533248797237937,0.16533248797237962,0.16375749424985964,0.1637574942498594,0.16375749424985916,0.1637574942498594,0.16375749424985964,0.1637574942498594,0.16375749424985916,0.16375749424985894,0.16375749424985916,0.1637574942498594,0.16375749424985916,0.16375749424985894,0.16375749424985872,0.16375749424985894,0.16375749424985916,0.1637574942498594,0.16375749424985916,0.16375749424985894,0.16375749424985916,0.1637574942498594,0.16375749424985964,0.1637574942498594,0.16375749424985916,0.1637574942498594,0.16375749424985964,0.16221388445930504,0.16221388445930413,0.16221388445930368,0.16221388445930413,0.16221388445930504,0.16221388445930413,0.1622138844593032,0.16221388445930277,0.1622138844593032,0.16221388445930413,0.16221388445930368,0.16221388445930277,0.16221388445930213,0.16221388445930277,0.16221388445930368,0.16221388445930413,0.1622138844593032,0.16221388445930277,0.1622138844593032,0.16221388445930413,0.16221388445930504,0.16221388445930413,0.16221388445930368,0.16221388445930413,0.16221388445930504,0.16070106755775715,0.1607010675577547,0.16070106755775315,0.1607010675577547,0.16070106755775715,0.1607010675577547,0.16070106755775201,0.16070106755775027,0.16070106755775201,0.1607010675577547,0.16070106755775315,0.16070106755775027,0.16070106755774827,0.16070106755775027,0.16070106755775315,0.1607010675577547,0.16070106755775201,0.16070106755775027,0.16070106755775201,0.1607010675577547,0.16070106755775715,0.1607010675577547,0.16070106755775315,0.1607010675577547,0.16070106755775715,0.15921845192019737,0.15921845192018994,0.15921845192018516,0.15921845192018994,0.15921845192019737,0.15921845192018994,0.15921845192018147,0.1592184519201758,0.15921845192018147,0.15921845192018994,0.15921845192018516,0.1592184519201758,0.15921845192016948,0.1592184519201758,0.15921845192018516,0.15921845192018994,0.15921845192018147,0.1592184519201758,0.15921845192018147,0.15921845192018994,0.15921845192019737,0.15921845192018994,0.15921845192018516,0.15921845192018994,0.15921845192019737,0.1577654466914025,0.15776544669138096,0.15776544669136644,0.15776544669138096,0.1577654466914025,0.15776544669138096,0.1577654466913547,0.15776544669133657,0.1577654466913547,0.15776544669138096,0.15776544669136644,0.15776544669133657,0.15776544669131523,0.15776544669133657,0.15776544669136644,0.15776544669138096,0.1577654466913547,0.15776544669133657,0.1577654466913547,0.15776544669138096,0.1577654466914025,0.15776544669138096,0.15776544669136644,0.15776544669138096,0.1577654466914025,0.1563414630002805,0.15634146300021923,0.15634146300017637,0.15634146300021923,0.1563414630002805,0.15634146300021923,0.1563414630001398,0.1563414630000804,0.1563414630001398,0.15634146300021923,0.15634146300017637,0.1563414630000804,0.1563414630000047,0.1563414630000804,0.15634146300017637,0.15634146300021923,0.1563414630001398,0.1563414630000804,0.1563414630001398,0.15634146300021923,0.1563414630002805,0.15634146300021923,0.15634146300017637,0.15634146300021923,0.1563414630002805,0.15494591504696484,0.15494591504679947,0.15494591504667526,0.15494591504679947,0.15494591504696484,0.15494591504679947,0.15494591504656338,0.1549459150463646,0.15494591504656338,0.15494591504679947,0.15494591504667526,0.1549459150463646,0.15494591504607275,0.1549459150463646,0.15494591504667526,0.15494591504679947,0.15494591504656338,0.1549459150463646,0.15494591504656338,0.15494591504679947,0.15494591504696484,0.15494591504679947,0.15494591504667526,0.15494591504679947,0.15494591504696484,0.15357822107240096,0.15357822107198785,0.15357822107164418,0.15357822107198785,0.15357822107240096,0.15357822107198785,0.1535782210713174,0.15357822107064276,0.1535782210713174,0.15357822107198785,0.15357822107164418,0.15357822107064276,0.15357822106939453,0.15357822107064276,0.15357822107164418,0.15357822107198785,0.1535782210713174,0.15357822107064276,0.1535782210713174,0.15357822107198785,0.15357822107240096,0.15357822107198785,0.15357822107164418,0.15357822107198785,0.15357822107240096,0.15223780421961275,0.15223780421871497,0.15223780421785066,0.15223780421871497,0.15223780421961275,0.15223780421871497,0.15223780421698807,0.15223780421474098,0.15223780421698807,0.15223780421871497,0.15223780421785066,0.15223780421474098,0.15223780420870803,0.15223780421474098,0.15223780421785066,0.15223780421871497,0.15223780421698807,0.15223780421474098,0.15223780421698807,0.15223780421871497,0.15223780421961275,0.15223780421871497,0.15223780421785066,0.15223780421871497,0.15223780421961275,0.15092409329520973,0.15092409329371345,0.15092409329199644,0.15092409329371345,0.15092409329520973,0.15092409329371345,0.1509240932902291,0.15092409328377362,0.1509240932902291,0.15092409329371345,0.15092409329199644,0.15092409328377362,0.15092409325078798,0.15092409328377362,0.15092409329199644,0.15092409329371345,0.1509240932902291,0.15092409328377362,0.1509240932902291,0.15092409329371345,0.15092409329520973,0.15092409329371345,0.15092409329199644,0.15092409329371345,0.15092409329520973,0.14963652343872497,0.14963652343735903,0.14963652343589645,0.14963652343735903,0.14963652343872497,0.14963652343735903,0.149636523434404,0.1496365234296221,0.149636523434404,0.14963652343735903,0.14963652343589645,0.1496365234296221,0.1496365234096762,0.1496365234296221,0.14963652343589645,0.14963652343735903,0.149636523434404,0.1496365234296221,0.149636523434404,0.14963652343735903,0.14963652343872497,0.14963652343735903,0.14963652343589645,0.14963652343735903,0.14963652343872497,0.1483745367063061,0.14837453670540263,0.14837453670450562,0.14837453670540263,0.1483745367063061,0.14837453670540263,0.14837453670360584,0.14837453670100456,0.14837453670360584,0.14837453670540263,0.14837453670450562,0.14837453670100456,0.14837453669129455,0.14837453670100456,0.14837453670450562,0.14837453670540263,0.14837453670360584,0.14837453670100456,0.14837453670360584,0.14837453670540263,0.1483745367063061,0.14837453670540263,0.14837453670450562,0.14837453670540263,0.1483745367063061,0.14713758257984924,0.14713758257939727,0.14713758257898638,0.14713758257939727,0.14713758257984924,0.14713758257939727,0.14713758257858564,0.14713758257755893,0.14713758257858564,0.14713758257939727,0.14713758257898638,0.14713758257755893,0.14713758257426637,0.14713758257755893,0.14713758257898638,0.14713758257939727,0.14713758257858564,0.14713758257755893,0.14713758257858564,0.14713758257939727,0.14713758257984924,0.14713758257939727,0.14713758257898638,0.14713758257939727,0.14713758257984924,0.14592511840552674,0.14592511840539427,0.14592511840530525,0.14592511840539427,0.14592511840552674,0.14592511840539427,0.14592511840522884,0.14592511840516742,0.14592511840522884,0.14592511840539427,0.14592511840530525,0.14592511840516742,0.1459251184056772,0.14592511840516742,0.14592511840530525,0.14592511840539427,0.14592511840522884,0.14592511840516742,0.14592511840522884,0.14592511840539427,0.14592511840552674,0.14592511840539427,0.14592511840530525,0.14592511840539427,0.14592511840552674,0.14473660976748712,0.14473660976753042,0.1447366097676004,0.14473660976753042,0.14473660976748712,0.14473660976753042,0.1447366097676788,0.14473660976800448,0.1447366097676788,0.14473660976753042,0.1447366097676004,0.14473660976800448,0.1447366097696573,0.14473660976800448,0.1447366097676004,0.14473660976753042,0.1447366097676788,0.14473660976800448,0.1447366097676788,0.14473660976753042,0.14473660976748712,0.14473660976753042,0.1447366097676004,0.14473660976753042,0.14473660976748712,0.1435715308026529,0.14357153080278331,0.1435715308029219,0.14357153080278331,0.1435715308026529,0.14357153080278331,0.14357153080306342,0.14357153080351,0.14357153080306342,0.14357153080278331,0.1435715308029219,0.14357153080351,0.1435715308053517,0.14357153080351,0.1435715308029219,0.14357153080278331,0.14357153080306342,0.14357153080351,0.14357153080306342,0.14357153080278331,0.1435715308026529,0.14357153080278331,0.1435715308029219,0.14357153080278331,0.1435715308026529,0.1424293644619865,0.14242936446217608,0.1424293644623611,0.14242936446217608,0.1424293644619865,0.14242936446217608,0.14242936446254412,0.14242936446308413,0.14242936446254412,0.14242936446217608,0.1424293644623611,0.14242936446308413,0.1424293644652181,0.14242936446308413,0.1424293644623611,0.14242936446217608,0.14242936446254412,0.14242936446308413,0.14242936446254412,0.14242936446217608,0.1424293644619865,0.14242936446217608,0.1424293644623611,0.14242936446217608,0.1424293644619865,0.14130960272324375,0.14130960272350954,0.14130960272375243,0.14130960272350954,0.14130960272324375,0.14130960272350954,0.1413096027239865,0.14130960272463478,0.1413096027239865,0.14130960272350954,0.14130960272375243,0.14130960272463478,0.14130960272708057,0.14130960272463478,0.14130960272375243,0.14130960272350954,0.1413096027239865,0.14130960272463478,0.1413096027239865,0.14130960272350954,0.14130960272324375,0.14130960272350954,0.14130960272375243,0.14130960272350954,0.14130960272324375,0.14021174675979287,0.1402117467602163,0.1402117467605775,0.1402117467602163,0.14021174675979287,0.1402117467602163,0.1402117467609192,0.1402117467617519,0.1402117467609192,0.1402117467602163,0.1402117467605775,0.1402117467617519,0.1402117467645153,0.1402117467617519,0.1402117467605775,0.1402117467602163,0.1402117467609192,0.1402117467617519,0.1402117467609192,0.1402117467602163,0.14021174675979287,0.1402117467602163,0.1402117467605775,0.1402117467602163,0.14021174675979287,0.13913530706960997,0.1391353070704064,0.1391353070710823,0.1391353070704064,0.13913530706960997,0.1391353070704064,0.13913530707173213,0.13913530707310265,0.13913530707173213,0.1391353070704064,0.1391353070710823,0.13913530707310265,0.13913530707577793,0.13913530707310265,0.1391353070710823,0.1391353070704064,0.13913530707173213,0.13913530707310265,0.13913530707173213,0.1391353070704064,0.13913530706960997,0.1391353070704064,0.1391353070710823,0.1391353070704064,0.13913530706960997,0.13807980356820773,0.13807980356978153,0.13807980357133148,0.13807980356978153,0.13807980356820773,0.13807980356978153,0.13807980357289104,0.1380798035770533,0.13807980357289104,0.13807980356978153,0.13807980357133148,0.1380798035770533,0.138079803588538,0.1380798035770533,0.13807980357133148,0.13807980356978153,0.13807980357289104,0.1380798035770533,0.13807980357289104,0.13807980356978153,0.13807980356820773,0.13807980356978153,0.13807980357133148,0.13807980356978153,0.13807980356820773,0.13704476564908175,0.137044765651508,0.13704476565442167,0.137044765651508,0.13704476564908175,0.137044765651508,0.13704476565743634,0.1370447656692444,0.13704476565743634,0.137044765651508,0.13704476565442167,0.1370447656692444,0.1370447657344186,0.1370447656692444,0.13704476565442167,0.137044765651508,0.13704476565743634,0.1370447656692444,0.13704476565743634,0.137044765651508,0.13704476564908175,0.137044765651508,0.13704476565442167,0.137044765651508,0.13704476564908175,0.13602973221613848,0.136029732217815,0.13602973221944967,0.136029732217815,0.13602973221613848,0.136029732217815,0.13602973222108672,0.13602973222544437,0.13602973222108672,0.136029732217815,0.13602973221944967,0.13602973222544437,0.13602973223750334,0.13602973222544437,0.13602973221944967,0.136029732217815,0.13602973222108672,0.13602973222544437,0.13602973222108672,0.136029732217815,0.13602973221613848,0.136029732217815,0.13602973221944967,0.136029732217815,0.13602973221613848,0.1350342516928274,0.13503425169387376,0.13503425169473582,0.13503425169387376,0.1350342516928274,0.13503425169387376,0.13503425169555286,0.13503425169721356,0.13503425169555286,0.13503425169387376,0.13503425169473582,0.13503425169721356,0.1350342517002274,0.13503425169721356,0.13503425169473582,0.13503425169387376,0.13503425169555286,0.13503425169721356,0.13503425169555286,0.13503425169387376,0.1350342516928274,0.13503425169387376,0.13503425169473582,0.13503425169387376,0.1350342516928274
0.16533248797260663,0.16533248797260638,0.16533248797260638,0.16533248797260638,0.16533248797260663,0.16533248797260638,0.16533248797260638,0.16533248797260638,0.16533248797260638,0.16533248797260638,0.16533248797260638,0.16533248797260638,0.16533248797260613,0.16533248797260638,0.16533248797260638,0.16533248797260638,0.16533248797260638,0.16533248797260638,0.16533248797260638,0.16533248797260638,0.16533248797260663,0.16533248797260638,0.16533248797260638,0.16533248797260638,0.16533248797260663,0.16375749425008213,0.16375749425008193,0.16375749425008168,0.16375749425008193,0.16375749425008213,0.16375749425008193,0.16375749425008168,0.16375749425008143,0.16375749425008168,0.16375749425008193,0.16375749425008168,0.16375749425008143,0.16375749425008124,0.16375749425008143,0.16375749425008168,0.16375749425008193,0.16375749425008168,0.16375749425008143,0.16375749425008168,0.16375749425008193,0.16375749425008213,0.16375749425008193,0.16375749425008168,0.16375749425008193,0.16375749425008213,0.16221388445952287,0.1622138844595222,0.16221388445952176,0.1622138844595222,0.16221388445952287,0.1622138844595222,0.16221388445952128,0.16221388445952084,0.16221388445952128,0.1622138844595222,0.16221388445952176,0.16221388445952084,0.16221388445952017,0.16221388445952084,0.16221388445952176,0.1622138844595222,0.16221388445952128,0.16221388445952084,0.16221388445952128,0.1622138844595222,0.16221388445952287,0.1622138844595222,0.16221388445952176,0.1622138844595222,0.16221388445952287,0.16070106755797064,0.1607010675579682,0.16070106755796665,0.1607010675579682,0.16070106755797064,0.1607010675579682,0.16070106755796554,0.16070106755796373,0.16070106755796554,0.1607010675579682,0.16070106755796665,0.16070106755796373,0.16070106755796176,0.16070106755796373,0.16070106755796665,0.1607010675579682,0.16070106755796554,0.16070106755796373,0.16070106755796554,0.1607010675579682,0.16070106755797064,0.1607010675579682,0.16070106755796665,0.1607010675579682,0.16070106755797064,0.15921845192040637,0.15921845192039918,0.15921845192039438,0.15921845192039918,0.15921845192040637,0.15921845192039918,0.15921845192039072,0.15921845192038503,0.15921845192039072,0.15921845192039918,0.15921845192039438,0.15921845192038503,0.1592184519203787,0.15921845192038503,0.15921845192039438,0.15921845192039918,0.15921845192039072,0.15921845192038503,0.15921845192039072,0.15921845192039918,0.15921845192040637,0.15921845192039918,0.15921845192039438,0.15921845192039918,0.15921845192040637,0.1577654466916071,0.1577654466915858,0.15776544669157128,0.1577654466915858,0.1577654466916071,0.1577654466915858,0.15776544669155976,0.15776544669154163,0.15776544669155976,0.1577654466915858,0.15776544669157128,0.15776544669154163,0.15776544669152048,0.15776544669154163,0.15776544669157128,0.1577654466915858,0.15776544669155976,0.15776544669154163,0.15776544669155976,0.1577654466915858,0.1577654466916071,0.1577654466915858,0.15776544669157128,0.1577654466915858,0.1577654466916071,0.15634146300048063,0.15634146300041976,0.15634146300037713,0.15634146300041976,0.15634146300048063,0.15634146300041976,0.15634146300034074,0.15634146300028157,0.15634146300034074,0.15634146300041976,0.15634146300037713,0.15634146300028157,0.15634146300020607,0.15634146300028157,0.15634146300037713,0.15634146300041976,0.15634146300034074,0.15634146300028157,0.15634146300034074,0.15634146300041976,0.15634146300048063,0.15634146300041976,0.15634146300037713,0.15634146300041976,0.15634146300048063,0.15494591504715974,0.15494591504699515,0.15494591504687158,0.15494591504699515,0.15494591504715974,0.15494591504699515,0.1549459150467603,0.15494591504656274,0.1549459150467603,0.15494591504699515,0.15494591504687158,0.15494591504656274,0.15494591504627236,0.15494591504656274,0.15494591504687158,0.15494591504699515,0.1549459150467603,0.15494591504656274,0.1549459150467603,0.15494591504699515,0.15494591504715974,0.15494591504699515,0.15494591504687158,0.15494591504699515,0.15494591504715974,0.15357822107258876,0.1535782210721778,0.153578221071836,0.1535782210721778,0.15357822107258876,0.1535782210721778,0.1535782210715108,0.15357822107083982,0.1535782210715108,0.1535782210721778,0.153578221071836,0.15357822107083982,0.1535782210695984,0.15357822107083982,0.153578221071836,0.1535782210721778,0.1535782210715108,0.15357822107083982,0.1535782210715108,0.1535782210721778,0.15357822107258876,0.1535782210721778,0.153578221071836,0.1535782210721778,0.15357822107258876,0.15223780421978914,0.15223780421889604,0.15223780421803626,0.15223780421889604,0.15223780421978914,0.15223780421889604,0.15223780421717825,0.15223780421494296,0.15223780421717825,0.15223780421889604,0.15223780421803626,0.15223780421494296,0.15223780420894187,0.15223780421494296,0.15223780421803626,0.15223780421889604,0.15223780421717825,0.15223780421494296,0.15223780421717825,0.15223780421889604,0.15223780421978914,0.15223780421889604,0.15223780421803626,0.15223780421889604,0.15223780421978914,0.15092409329536483,0.15092409329387643,0.15092409329216813,0.15092409329387643,0.15092409329536483,0.15092409329387643,0.15092409329041007,0.1509240932839887,0.15092409329041007,0.15092409329387643,0.15092409329216813,0.1509240932839887,0.15092409325112424,0.1509240932839887,0.15092409329216813,0.15092409329387643,0.15092409329041007,0.1509240932839887,0.15092409329041007,0.15092409329387643,0.15092409329536483,0.15092409329387643,0.15092409329216813,0.15092409329387643,0.15092409329536483,0.14963652343884293,0.14963652343748343,0.14963652343602807,0.14963652343748343,0.14963652343884293,0.14963652343748343,0.14963652343454278,0.14963652342978545,0.14963652343454278,0.14963652343748343,0.14963652343602807,0.14963652342978545,0.1496365234099167,0.14963652342978545,0.14963652343602807,0.14963652343748343,0.14963652343454278,0.14963652342978545,0.14963652343454278,0.14963652343748343,0.14963652343884293,0.14963652343748343,0.14963652343602807,0.14963652343748343,0.14963652343884293,0.14837453670637338,0.1483745367054725,0.1483745367045777,0.1483745367054725,0.14837453670637338,0.1483745367054725,0.14837453670368053,0.14837453670108516,0.14837453670368053,0.1483745367054725,0.1483745367045777,0.14837453670108516,0.1483745366914143,0.14837453670108516,0.1483745367045777,0.1483745367054725,0.14837453670368053,0.14837453670108516,0.14837453670368053,0.1483745367054725,0.14837453670637338,0.1483745367054725,0.1483745367045777,0.1483745367054725,0.14837453670637338,0.1471375825798596,0.1471375825794069,0.14713758257899492,0.1471375825794069,0.1471375825798596,0.1471375825794069,0.14713758257859305,0.14713758257756146,0.14713758257859305,0.1471375825794069,0.14713758257899492,0.14713758257756146,0.1471375825742462,0.14713758257756146,0.14713758257899492,0.1471375825794069,0.14713758257859305,0.14713758257756146,0.14713758257859305,0.1471375825794069,0.1471375825798596,0.1471375825794069,0.14713758257899492,0.1471375825794069,0.1471375825798596,0.1459251184054806,0.14592511840534547,0.14592511840525343,0.14592511840534547,0.1459251184054806,0.14592511840534547,0.14592511840517383,0.14592511840510153,0.14592511840517383,0.14592511840534547,0.14592511840525343,0.14592511840510153,0.1459251184055784,0.14592511840510153,0.14592511840525343,0.14592511840534547,0.14592511840517383,0.14592511840510153,0.14592511840517383,0.14592511840534547,0.1459251184054806,0.14592511840534547,0.14592511840525343,0.14592511840534547,0.1459251184054806,0.1447366097673894,0.1447366097674292,0.1447366097674955,0.1447366097674292,0.1447366097673894,0.1447366097674292,0.14473660976757005,0.14473660976788352,0.14473660976757005,0.1447366097674292,0.1447366097674955,0.14473660976788352,0.14473660976949412,0.14473660976788352,0.1447366097674955,0.1447366097674292,0.14473660976757005,0.14473660976788352,0.14473660976757005,0.1447366097674292,0.1447366097673894,0.1447366097674292,0.1447366097674955,0.1447366097674292,0.1447366097673894,0.14357153080250987,0.14357153080263682,0.14357153080277202,0.14357153080263682,0.14357153080250987,0.14357153080263682,0.14357153080291027,0.14357153080334695,0.14357153080291027,0.14357153080263682,0.14357153080277202,0.14357153080334695,0.1435715308051609,0.14357153080334695,0.14357153080277202,0.14357153080263682,0.14357153080291027,0.14357153080334695,0.14357153080291027,0.14357153080263682,0.14357153080250987,0.14357153080263682,0.14357153080277202,0.14357153080263682,0.14357153080250987,0.14242936446180432,0.14242936446199073,0.14242936446217272,0.14242936446199073,0.14242936446180432,0.14242936446199073,0.14242936446235255,0.14242936446288348,0.14242936446235255,0.14242936446199073,0.14242936446217272,0.14242936446288348,0.1424293644649762,0.14242936446288348,0.14242936446217272,0.14242936446199073,0.14242936446235255,0.14242936446288348,0.14242936446235255,0.14242936446199073,0.14242936446180432,0.14242936446199073,0.14242936446217272,0.14242936446199073,0.14242936446180432,0.14130960272302814,0.14130960272329113,0.14130960272353105,0.14130960272329113,0.14130960272302814,0.14130960272329113,0.1413096027237623,0.14130960272440177,0.1413096027237623,0.14130960272329113,0.14130960272353105,0.14130960272440177,0.14130960272681678,0.14130960272440177,0.14130960272353105,0.14130960272329113,0.1413096027237623,0.14130960272440177,0.1413096027237623,0.14130960272329113,0.14130960272302814,0.14130960272329113,0.14130960272353105,0.14130960272329113,0.14130960272302814,0.1402117467595492,0.14021174675997006,0.14021174676032885,0.14021174675997006,0.1402117467595492,0.14021174675997006,0.14021174676066797,0.14021174676149312,0.14021174676066797,0.14021174675997006,0.14021174676032885,0.14021174676149312,0.14021174676424342,0.14021174676149312,0.14021174676032885,0.14021174675997006,0.14021174676066797,0.14021174676149312,0.14021174676066797,0.14021174675997006,0.1402117467595492,0.14021174675997006,0.14021174676032885,0.14021174675997006,0.1402117467595492,0.13913530706934324,0.1391353070701371,0.13913530707081115,0.1391353070701371,0.13913530706934324,0.1391353070701371,0.13913530707145894,0.139135307072825,0.13913530707145894,0.1391353070701371,0.13913530707081115,0.139135307072825,0.13913530707549046,0.139135307072825,0.13913530707081115,0.1391353070701371,0.13913530707145894,0.139135307072825,0.13913530707145894,0.1391353070701371,0.13913530706934324,0.1391353070701371,0.13913530707081115,0.1391353070701371,0.13913530706934324,0.13807980356792215,0.13807980356949284,0.13807980357103972,0.13807980356949284,0.13807980356792215,0.13807980356949284,0.13807980357259633,0.13807980357675065,0.13807980357259633,0.13807980356949284,0.13807980357103972,0.13807980357675065,0.13807980358821442,0.13807980357675065,0.13807980357103972,0.13807980356949284,0.13807980357259633,0.13807980357675065,0.13807980357259633,0.13807980356949284,0.13807980356792215,0.13807980356949284,0.13807980357103972,0.13807980356949284,0.13807980356792215,0.1370447656487836,0.13704476565120544,0.13704476565411397,0.13704476565120527,0.1370447656487836,0.13704476565120544,0.13704476565712329,0.13704476566891066,0.13704476565712329,0.13704476565120527,0.13704476565411397,0.13704476566891066,0.13704476573398303,0.13704476566891066,0.13704476565411397,0.13704476565120527,0.13704476565712329,0.13704476566891066,0.13704476565712329,0.13704476565120527,0.1370447656487836,0.13704476565120527,0.13704476565411397,0.13704476565120527,0.1370447656487836,0.1360297322158364,0.13602973221750997,0.13602973221914177,0.13602973221750997,0.1360297322158364,0.13602973221750997,0.136029732220776,0.13602973222512602,0.136029732220776,0.13602973221750997,0.13602973221914177,0.13602973222512602,0.1360297322371638,0.13602973222512602,0.13602973221914177,0.13602973221750997,0.136029732220776,0.13602973222512602,0.136029732220776,0.13602973221750997,0.1360297322158364,0.13602973221750997,0.13602973221914177,0.13602973221750997,0.1360297322158364,0.13503425169252747,0.13503425169357192,0.13503425169443253,0.13503425169357192,0.13503425169252747,0.13503425169357192,0.1350342516952481,0.13503425169690586,0.1350342516952481,0.13503425169357192,0.13503425169443253,0.13503425169690586,0.13503425169991445,0.13503425169690586,0.13503425169443253,0.13503425169357192,0.1350342516952481,0.13503425169690586,0.1350342516952481,0.13503425169357192,0.13503425169252747,0.13503425169357192,0.13503425169443253,0.13503425169357192,0.13503425169252747
0.16533248797282987,0.16533248797282987,0.16533248797282962,0.16533248797282987,0.16533248797282987,0.16533248797282987,0.16533248797282962,0.16533248797282962,0.16533248797282962,0.16533248797282987,0.16533248797282962,0.16533248797282962,0.1653324879728294,0.16533248797282962,0.16533248797282962,0.16533248797282987,0.16533248797282962,0.16533248797282962,0.16533248797282962,0.16533248797282962,0.16533248797282987,0.16533248797282987,0.16533248797282962,0.16533248797282962,0.16533248797282987,0.16375749425030092,0.1637574942503007,0.1637574942503005,0.1637574942503007,0.16375749425030092,0.1637574942503007,0.1637574942503005,0.16375749425030026,0.1637574942503005,0.1637574942503007,0.1637574942503005,0.16375749425030026,0.1637574942503,0.16375749425030026,0.1637574942503005,0.1637574942503007,0.1637574942503005,0.16375749425030026,0.1637574942503005,0.1637574942503007,0.16375749425030092,0.1637574942503007,0.1637574942503005,0.1637574942503007,0.16375749425030092,0.1622138844597373,0.16221388445973664,0.16221388445973597,0.16221388445973664,0.1622138844597373,0.16221388445973664,0.16221388445973572,0.16221388445973506,0.16221388445973572,0.16221388445973664,0.16221388445973597,0.16221388445973506,0.16221388445973461,0.16221388445973506,0.16221388445973597,0.16221388445973664,0.16221388445973572,0.16221388445973506,0.16221388445973572,0.16221388445973664,0.1622138844597373,0.16221388445973664,0.16221388445973597,0.16221388445973664,0.1622138844597373,0.16070106755818056,0.16070106755817812,0.16070106755817656,0.16070106755817812,0.16070106755818056,0.16070106755817812,0.16070106755817545,0.16070106755817368,0.16070106755817545,0.16070106755817812,0.16070106755817656,0.16070106755817368,0.1607010675581719,0.16070106755817368,0.16070106755817656,0.16070106755817812,0.16070106755817545,0.16070106755817368,0.16070106755817545,0.16070106755817812,0.16070106755818056,0.16070106755817812,0.16070106755817656,0.16070106755817812,0.16070106755818056,0.1592184519206121,0.15921845192060471,0.15921845192060013,0.15921845192060471,0.1592184519206121,0.15921845192060471,0.15921845192059642,0.15921845192059078,0.15921845192059642,0.15921845192060471,0.15921845192060013,0.15921845192059078,0.15921845192058467,0.15921845192059078,0.15921845192060013,0.15921845192060471,0.15921845192059642,0.15921845192059078,0.15921845192059642,0.15921845192060471,0.1592184519206121,0.15921845192060471,0.15921845192060013,0.15921845192060471,0.1592184519206121,0.1577654466918085,0.15776544669178696,0.1577654466917727,0.15776544669178696,0.1577654466918085,0.15776544669178696,0.15776544669176115,0.15776544669174325,0.15776544669176115,0.15776544669178696,0.1577654466917727,0.15776544669174325,0.1577654466917221,0.15776544669174325,0.1577654466917727,0.15776544669178696,0.15776544669176115,0.15776544669174325,0.15776544669176115,0.15776544669178696,0.1577654466918085,0.15776544669178696,0.1577654466917727,0.15776544669178696,0.1577654466918085,0.15634146300067742,0.15634146300061677,0.1563414630005743,0.15634146300061677,0.15634146300067742,0.15634146300061677,0.15634146300053814,0.15634146300047938,0.15634146300053814,0.15634146300061677,0.1563414630005743,0.15634146300047938,0.1563414630004043,0.15634146300047938,0.1563414630005743,0.15634146300061677,0.15634146300053814,0.15634146300047938,0.15634146300053814,0.15634146300061677,0.15634146300067742,0.15634146300061677,0.1563414630005743,0.15634146300061677,0.15634146300067742,0.15494591504735133,0.15494591504718758,0.15494591504706465,0.15494591504718758,0.15494591504735133,0.15494591504718758,0.15494591504695396,0.15494591504675742,0.15494591504695396,0.15494591504718758,0.15494591504706465,0.15494591504675742,0.15494591504646849,0.15494591504675723,0.15494591504706465,0.15494591504718758,0.15494591504695396,0.15494591504675723,0.15494591504695396,0.15494591504718758,0.15494591504735133,0.15494591504718758,0.15494591504706465,0.15494591504718758,0.15494591504735133,0.15357822107277352,0.1535782210723646,0.15357822107202457,0.1535782210723646,0.15357822107277352,0.1535782210723646,0.15357822107170122,0.15357822107103364,0.15357822107170122,0.1535782210723646,0.15357822107202457,0.15357822107103364,0.15357822106979863,0.15357822107103364,0.15357822107202457,0.1535782210723646,0.15357822107170122,0.15357822107103364,0.15357822107170122,0.1535782210723646,0.15357822107277352,0.1535782210723646,0.15357822107202457,0.1535782210723646,0.15357822107277352,0.15223780421996275,0.1522378042190742,0.15223780421821873,0.1522378042190742,0.15223780421996275,0.1522378042190742,0.15223780421736502,0.15223780421514155,0.15223780421736502,0.1522378042190742,0.15223780421821873,0.15223780421514155,0.152237804209172,0.15223780421514155,0.15223780421821873,0.1522378042190742,0.15223780421736502,0.15223780421514155,0.15223780421736502,0.1522378042190742,0.15223780421996275,0.1522378042190742,0.15223780421821873,0.1522378042190742,0.15223780421996275,0.15092409329551762,0.15092409329403658,0.15092409329233714,0.15092409329403658,0.15092409329551762,0.15092409329403658,0.15092409329058812,0.15092409328420017,0.15092409329058812,0.15092409329403658,0.15092409329233714,0.15092409328420017,0.150924093251545,0.15092409328420017,0.15092409329233714,0.15092409329403658,0.15092409329058812,0.15092409328420017,0.15092409329058812,0.15092409329403658,0.15092409329551762,0.15092409329403658,0.15092409329233714,0.15092409329403658,0.15092409329551762,0.14963652343895922,0.14963652343760597,0.14963652343615758,0.14963652343760597,0.14963652343895922,0.14963652343760597,0.1496365234346795,0.14963652342994654,0.1496365234346795,0.14963652343760597,0.14963652343615758,0.14963652342994654,0.1496365234101697,0.14963652342994654,0.14963652343615758,0.14963652343760597,0.1496365234346795,0.14963652342994654,0.1496365234346795,0.14963652343760597,0.14963652343895922,0.14963652343760597,0.14963652343615758,0.14963652343760597,0.14963652343895922,0.14837453670643955,0.14837453670554143,0.14837453670464906,0.14837453670554143,0.14837453670643955,0.14837453670554143,0.1483745367037543,0.14837453670116488,0.1483745367037543,0.14837453670554143,0.14837453670464906,0.14837453670116488,0.14837453669149694,0.14837453670116488,0.14837453670464906,0.14837453670554143,0.1483745367037543,0.14837453670116488,0.1483745367037543,0.14837453670554143,0.14837453670643955,0.14837453670554143,0.14837453670464906,0.14837453670554143,0.14837453670643955,0.14713758257986995,0.1471375825794167,0.14713758257900364,0.1471375825794167,0.14713758257986995,0.1471375825794167,0.1471375825786007,0.14713758257756415,0.1471375825786007,0.1471375825794167,0.14713758257900364,0.14713758257756415,0.1471375825742137,0.14713758257756415,0.14713758257900364,0.1471375825794167,0.1471375825786007,0.14713758257756415,0.1471375825786007,0.1471375825794167,0.14713758257986995,0.1471375825794167,0.14713758257900364,0.1471375825794167,0.14713758257986995,0.14592511840543557,0.14592511840529773,0.14592511840520286,0.14592511840529773,0.14592511840543557,0.14592511840529773,0.14592511840512004,0.14592511840503725,0.14592511840512004,0.14592511840529773,0.14592511840520286,0.14592511840503725,0.14592511840546246,0.14592511840503725,0.14592511840520286,0.14592511840529773,0.14592511840512004,0.14592511840503725,0.14592511840512004,0.14592511840529773,0.14592511840543557,0.14592511840529773,0.14592511840520286,0.14592511840529773,0.14592511840543557,0.14473660976729338,0.14473660976733005,0.1447366097673927,0.14473660976733005,0.14473660976729338,0.14473660976733005,0.14473660976746355,0.144736609767765,0.14473660976746355,0.14473660976733005,0.1447366097673927,0.144736609767765,0.14473660976932146,0.144736609767765,0.1447366097673927,0.14473660976733005,0.14473660976746355,0.144736609767765,0.14473660976746355,0.14473660976733005,0.14473660976729338,0.14473660976733005,0.1447366097673927,0.14473660976733005,0.14473660976729338,0.14357153080236937,0.14357153080249307,0.14357153080262502,0.14357153080249307,0.14357153080236937,0.14357153080249307,0.14357153080275986,0.1435715308031868,0.14357153080275986,0.14357153080249307,0.14357153080262502,0.1435715308031868,0.143571530804959,0.1435715308031868,0.14357153080262502,0.14357153080249307,0.14357153080275986,0.1435715308031868,0.14357153080275986,0.14357153080249307,0.14357153080236937,0.14357153080249307,0.14357153080262502,0.14357153080249307,0.14357153080236937,0.14242936446162519,0.1424293644618087,0.1424293644619875,0.1424293644618087,0.14242936446162519,0.1424293644618087,0.1424293644621643,0.14242936446268623,0.1424293644621643,0.1424293644618087,0.1424293644619875,0.14242936446268623,0.1424293644647583,0.14242936446268623,0.1424293644619875,0.1424293644618087,0.1424293644621643,0.14242936446268623,0.1424293644621643,0.1424293644618087,0.14242936446162519,0.1424293644618087,0.1424293644619875,0.1424293644618087,0.14242936446162519,0.14130960272281615,0.14130960272307633,0.1413096027233135,0.14130960272307633,0.14130960272281615,0.14130960272307633,0.14130960272354176,0.14130960272417248,0.14130960272354176,0.14130960272307633,0.1413096027233135,0.14130960272417248,0.1413096027265472,0.14130960272417248,0.1413096027233135,0.14130960272307633,0.14130960272354176,0.14130960272417248,0.14130960272354176,0.14130960272307633,0.14130960272281615,0.14130960272307633,0.1413096027233135,0.14130960272307633,0.14130960272281615,0.14021174675930959,0.14021174675972803,0.14021174676008422,0.14021174675972803,0.14021174675930959,0.14021174675972803,0.14021174676042092,0.1402117467612385,0.14021174676042092,0.14021174675972803,0.14021174676008422,0.1402117467612385,0.14021174676395834,0.1402117467612385,0.14021174676008422,0.14021174675972803,0.14021174676042092,0.1402117467612385,0.14021174676042092,0.14021174675972803,0.14021174675930959,0.14021174675972803,0.14021174676008422,0.14021174675972803,0.14021174675930959,0.13913530706908078,0.13913530706987226,0.13913530707054425,0.13913530706987226,0.13913530706908078,0.13913530706987226,0.13913530707119012,0.13913530707255178,0.13913530707119012,0.13913530706987226,0.13913530707054425,0.13913530707255178,0.13913530707520758,0.13913530707255178,0.13913530707054425,0.13913530706987226,0.13913530707119012,0.13913530707255178,0.13913530707119012,0.13913530706987226,0.13913530706908078,0.13913530706987226,0.13913530707054425,0.13913530706987226,0.13913530706908078,0.13807980356764102,0.13807980356920865,0.13807980357075259,0.13807980356920865,0.13807980356764102,0.13807980356920865,0.13807980357230623,0.13807980357645283,0.13807980357230623,0.13807980356920865,0.13807980357075259,0.13807980357645283,0.1380798035878958,0.13807980357645283,0.13807980357075259,0.13807980356920865,0.13807980357230623,0.13807980357645283,0.13807980357230623,0.13807980356920865,0.13807980356764102,0.13807980356920865,0.13807980357075259,0.13807980356920865,0.13807980356764102,0.13704476564849014,0.1370447656509076,0.1370447656538111,0.1370447656509076,0.13704476564849014,0.1370447656509076,0.1370447656568151,0.1370447656685821,0.1370447656568151,0.1370447656509076,0.1370447656538111,0.1370447656685821,0.1370447657335369,0.1370447656685821,0.1370447656538111,0.1370447656509076,0.1370447656568151,0.1370447656685821,0.1370447656568151,0.1370447656509076,0.13704476564849014,0.1370447656509076,0.1370447656538111,0.1370447656509076,0.13704476564849014,0.1360297322155392,0.1360297322172098,0.1360297322188388,0.1360297322172098,0.1360297322155392,0.1360297322172098,0.13602973222047002,0.13602973222481257,0.13602973222047002,0.1360297322172098,0.1360297322188388,0.13602973222481257,0.13602973223682982,0.13602973222481257,0.1360297322188388,0.1360297322172098,0.13602973222047002,0.13602973222481257,0.13602973222047002,0.1360297322172098,0.1360297322155392,0.1360297322172098,0.1360297322188388,0.1360297322172098,0.1360297322155392,0.1350342516922322,0.13503425169327488,0.1350342516941339,0.13503425169327488,0.1350342516922322,0.13503425169327488,0.13503425169494815,0.135034251696603,0.13503425169494815,0.13503425169327488,0.1350342516941339,0.135034251696603,0.13503425169960648,0.135034251696603,0.1350342516941339,0.13503425169327488,0.13503425169494815,0.135034251696603,0.13503425169494815,0.13503425169327488,0.1350342516922322,0.13503425169327488,0.1350342516941339,0.13503425169327488,0.1350342516922322
0.16533248797304934,0.16533248797304934,0.16533248797304934,0.16533248797304934,0.16533248797304934,0.16533248797304934,0.1653324879730491,0.1653324879730491,0.1653324879730491,0.16533248797304934,0.16533248797304934,0.1653324879730491,0.1653324879730491,0.1653324879730491,0.16533248797304934,0.16533248797304934,0.1653324879730491,0.1653324879730491,0.1653324879730491,0.16533248797304934,0.16533248797304934,0.16533248797304934,0.16533248797304934,0.16533248797304934,0.16533248797304934,0.16375749425051606,0.1637574942505158,0.16375749425051558,0.1637574942505158,0.16375749425051606,0.1637574942505158,0.16375749425051558,0.16375749425051533,0.16375749425051558,0.1637574942505158,0.16375749425051558,0.16375749425051533,0.1637574942505151,0.16375749425051533,0.16375749425051558,0.1637574942505158,0.16375749425051558,0.16375749425051533,0.16375749425051558,0.1637574942505158,0.16375749425051606,0.1637574942505158,0.16375749425051558,0.1637574942505158,0.16375749425051606,0.16221388445994814,0.16221388445994722,0.16221388445994678,0.16221388445994722,0.16221388445994814,0.16221388445994722,0.16221388445994656,0.16221388445994586,0.16221388445994656,0.16221388445994722,0.16221388445994678,0.16221388445994586,0.1622138844599454,0.16221388445994586,0.16221388445994678,0.16221388445994722,0.16221388445994656,0.16221388445994586,0.16221388445994656,0.16221388445994744,0.16221388445994814,0.16221388445994722,0.16221388445994678,0.16221388445994744,0.16221388445994814,0.1607010675583872,0.16070106755838473,0.1607010675583832,0.16070106755838473,0.1607010675583872,0.16070106755838473,0.16070106755838207,0.1607010675583803,0.16070106755838207,0.16070106755838473,0.1607010675583832,0.1607010675583803,0.1607010675583785,0.1607010675583803,0.1607010675583832,0.16070106755838473,0.16070106755838207,0.1607010675583803,0.16070106755838207,0.16070106755838473,0.1607010675583872,0.16070106755838473,0.1607010675583832,0.16070106755838473,0.1607010675583872,0.15921845192081438,0.15921845192080697,0.1592184519208024,0.15921845192080697,0.15921845192081438,0.15921845192080697,0.1592184519207987,0.15921845192079304,0.1592184519207987,0.15921845192080697,0.1592184519208024,0.15921845192079304,0.15921845192078693,0.15921845192079304,0.1592184519208024,0.15921845192080697,0.1592184519207987,0.15921845192079304,0.1592184519207987,0.15921845192080697,0.15921845192081438,0.15921845192080697,0.1592184519208024,0.15921845192080697,0.15921845192081438,0.15776544669200632,0.1577654466919852,0.1577654466919709,0.1577654466919852,0.15776544669200632,0.1577654466919852,0.15776544669195938,0.15776544669194145,0.15776544669195938,0.1577654466919852,0.1577654466919709,0.15776544669194145,0.15776544669192055,0.15776544669194145,0.1577654466919709,0.1577654466919852,0.15776544669195938,0.15776544669194145,0.15776544669195938,0.1577654466919852,0.15776544669200632,0.1577654466919852,0.1577654466919709,0.1577654466919852,0.15776544669200632,0.15634146300087085,0.15634146300081062,0.15634146300076837,0.15634146300081062,0.15634146300087085,0.15634146300081062,0.1563414630007324,0.15634146300067384,0.1563414630007324,0.15634146300081062,0.15634146300076837,0.15634146300067384,0.1563414630005992,0.15634146300067384,0.15634146300076837,0.15634146300081062,0.1563414630007324,0.15634146300067384,0.1563414630007324,0.15634146300081062,0.15634146300087085,0.15634146300081062,0.15634146300076837,0.15634146300081062,0.15634146300087085,0.15494591504753985,0.15494591504737676,0.15494591504725458,0.15494591504737676,0.15494591504753985,0.15494591504737676,0.15494591504714436,0.15494591504694882,0.15494591504714436,0.15494591504737676,0.15494591504725458,0.15494591504694882,0.15494591504666153,0.15494591504694882,0.15494591504725458,0.15494591504737676,0.15494591504714436,0.15494591504694882,0.15494591504714436,0.15494591504737676,0.15494591504753985,0.15494591504737676,0.15494591504725458,0.15494591504737676,0.15494591504753985,0.1535782210729551,0.1535782210725486,0.15357822107221014,0.1535782210725486,0.1535782210729551,0.1535782210725486,0.1535782210718884,0.15357822107122424,0.1535782210718884,0.1535782210725486,0.15357822107221014,0.15357822107122424,0.15357822106999566,0.15357822107122424,0.15357822107221014,0.1535782210725486,0.1535782210718884,0.15357822107122424,0.1535782210718884,0.1535782210725486,0.1535782210729551,0.1535782210725486,0.15357822107221014,0.1535782210725486,0.1535782210729551,0.1522378042201334,0.15223780421924937,0.15223780421839825,0.15223780421924937,0.1522378042201334,0.15223780421924937,0.15223780421754907,0.1522378042153368,0.15223780421754907,0.15223780421924937,0.15223780421839825,0.1522378042153368,0.15223780420939798,0.1522378042153368,0.15223780421839825,0.15223780421924937,0.15223780421754907,0.1522378042153368,0.15223780421754907,0.15223780421924937,0.1522378042201334,0.15223780421924937,0.15223780421839825,0.15223780421924937,0.1522378042201334,0.1509240932956679,0.1509240932941942,0.15092409329250345,0.1509240932941942,0.1509240932956679,0.1509240932941942,0.15092409329076312,0.15092409328440815,0.15092409329076312,0.1509240932941942,0.15092409329250345,0.15092409328440815,0.15092409325191947,0.15092409328440815,0.15092409329250345,0.1509240932941942,0.15092409329076312,0.15092409328440815,0.15092409329076312,0.1509240932941942,0.1509240932956679,0.1509240932941942,0.15092409329250345,0.1509240932941942,0.1509240932956679,0.14963652343907363,0.1496365234377266,0.14963652343628503,0.1496365234377266,0.14963652343907363,0.1496365234377266,0.14963652343481396,0.1496365234301048,0.14963652343481396,0.1496365234377266,0.14963652343628503,0.1496365234301048,0.14963652341046563,0.1496365234301048,0.14963652343628503,0.1496365234377266,0.14963652343481396,0.1496365234301048,0.14963652343481396,0.1496365234377266,0.14963652343907363,0.1496365234377266,0.14963652343628503,0.1496365234377266,0.14963652343907363,0.14837453670650513,0.14837453670560943,0.14837453670471967,0.14837453670560943,0.14837453670650513,0.14837453670560943,0.14837453670382714,0.14837453670124381,0.14837453670382714,0.14837453670560943,0.14837453670471967,0.14837453670124381,0.1483745366915861,0.14837453670124381,0.14837453670471967,0.14837453670560943,0.14837453670382714,0.14837453670124381,0.14837453670382714,0.14837453670560943,0.14837453670650513,0.14837453670560943,0.14837453670471967,0.14837453670560943,0.14837453670650513,0.14713758257988047,0.14713758257942672,0.14713758257901272,0.14713758257942672,0.14713758257988047,0.14713758257942672,0.1471375825786087,0.14713758257756762,0.1471375825786087,0.14713758257942672,0.14713758257901272,0.14713758257756762,0.14713758257418916,0.14713758257756762,0.14713758257901272,0.14713758257942672,0.1471375825786087,0.14713758257756762,0.1471375825786087,0.14713758257942672,0.14713758257988047,0.14713758257942672,0.14713758257901272,0.14713758257942672,0.14713758257988047,0.1459251184053916,0.1459251184052513,0.14592511840515351,0.1459251184052513,0.1459251184053916,0.1459251184052513,0.1459251184050677,0.14592511840497457,0.1459251184050677,0.1459251184052513,0.14592511840515351,0.14592511840497457,0.14592511840534175,0.14592511840497457,0.14592511840515351,0.1459251184052513,0.1459251184050677,0.14592511840497457,0.1459251184050677,0.1459251184052513,0.1459251184053916,0.1459251184052513,0.14592511840515351,0.1459251184052513,0.1459251184053916,0.14473660976719946,0.14473660976723263,0.14473660976729177,0.14473660976723263,0.14473660976719946,0.14473660976723263,0.14473660976735916,0.14473660976764877,0.14473660976735916,0.14473660976723263,0.14473660976729177,0.14473660976764877,0.14473660976916594,0.14473660976764877,0.14473660976729177,0.14473660976723263,0.14473660976735916,0.14473660976764877,0.14473660976735916,0.14473660976723263,0.14473660976719946,0.14473660976723263,0.14473660976729177,0.14473660976723263,0.14473660976719946,0.1435715308022313,0.1435715308023519,0.1435715308024806,0.1435715308023519,0.1435715308022313,0.1435715308023519,0.1435715308026122,0.14357153080302937,0.1435715308026122,0.1435715308023519,0.1435715308024806,0.14357153080302937,0.14357153080474702,0.14357153080302937,0.1435715308024806,0.1435715308023519,0.1435715308026122,0.14357153080302937,0.1435715308026122,0.1435715308023519,0.1435715308022313,0.1435715308023519,0.1435715308024806,0.1435715308023519,0.1435715308022313,0.14242936446144921,0.14242936446162954,0.1424293644618055,0.14242936446162954,0.14242936446144921,0.14242936446162954,0.14242936446197932,0.1424293644624923,0.14242936446197932,0.14242936446162954,0.1424293644618055,0.1424293644624923,0.1424293644645382,0.1424293644624923,0.1424293644618055,0.14242936446162954,0.14242936446197932,0.1424293644624923,0.14242936446197932,0.14242936446162954,0.14242936446144921,0.14242936446162954,0.1424293644618055,0.14242936446162954,0.14242936446144921,0.1413096027226076,0.141309602722865,0.14130960272309934,0.141309602722865,0.1413096027226076,0.141309602722865,0.14130960272332482,0.141309602723947,0.14130960272332482,0.141309602722865,0.14130960272309934,0.141309602723947,0.14130960272629983,0.141309602723947,0.14130960272309934,0.141309602722865,0.14130960272332482,0.141309602723947,0.14130960272332482,0.141309602722865,0.1413096027226076,0.141309602722865,0.14130960272309934,0.141309602722865,0.1413096027226076,0.14021174675907383,0.1402117467594897,0.1402117467598435,0.1402117467594897,0.14021174675907383,0.1402117467594897,0.14021174676017775,0.14021174676098772,0.14021174676017775,0.1402117467594897,0.1402117467598435,0.14021174676098772,0.14021174676364453,0.14021174676098772,0.1402117467598435,0.1402117467594897,0.14021174676017775,0.14021174676098772,0.14021174676017775,0.1402117467594897,0.14021174675907383,0.1402117467594897,0.1402117467598435,0.1402117467594897,0.14021174675907383,0.13913530706882243,0.1391353070696117,0.13913530707028163,0.1391353070696117,0.13913530706882243,0.1391353070696117,0.13913530707092545,0.13913530707228283,0.13913530707092545,0.1391353070696117,0.13913530707028163,0.13913530707228283,0.13913530707492916,0.13913530707228283,0.13913530707028163,0.1391353070696117,0.13913530707092545,0.13913530707228283,0.13913530707092545,0.1391353070696117,0.13913530706882243,0.1391353070696117,0.13913530707028163,0.1391353070696117,0.13913530706882243,0.13807980356736443,0.13807980356892896,0.13807980357046992,0.13807980356892896,0.13807980356736443,0.13807980356892896,0.1380798035720205,0.13807980357615962,0.1380798035720205,0.13807980356892896,0.13807980357046992,0.13807980357615962,0.13807980358758215,0.13807980357615962,0.13807980357046992,0.13807980356892896,0.1380798035720205,0.13807980357615962,0.1380798035720205,0.13807980356892896,0.13807980356736443,0.13807980356892896,0.13807980357046992,0.13807980356892896,0.13807980356736443,0.13704476564820128,0.13704476565061446,0.13704476565351278,0.13704476565061446,0.13704476564820128,0.13704476565061446,0.13704476565651177,0.13704476566825854,0.13704476565651177,0.13704476565061446,0.13704476565351278,0.13704476566825854,0.13704476573310498,0.13704476566825854,0.13704476565351278,0.13704476565061446,0.13704476565651177,0.13704476566825854,0.13704476565651177,0.13704476565061446,0.13704476564820128,0.13704476565061446,0.13704476565351278,0.13704476565061446,0.13704476564820128,0.1360297322152464,0.13602973221691414,0.13602973221854028,0.13602973221691414,0.1360297322152464,0.13602973221691414,0.13602973222016884,0.13602973222450396,0.13602973222016884,0.13602973221691414,0.13602973221854028,0.13602973222450396,0.13602973223650058,0.13602973222450396,0.13602973221854028,0.13602973221691414,0.13602973222016884,0.13602973222450396,0.13602973222016884,0.13602973221691414,0.1360297322152464,0.13602973221691414,0.13602973221854028,0.13602973221691414,0.1360297322152464,0.13503425169194133,0.13503425169298228,0.13503425169383984,0.13503425169298228,0.13503425169194133,0.13503425169298228,0.13503425169465264,0.13503425169630484,0.13503425169465264,0.13503425169298228,0.13503425169383984,0.13503425169630484,0.13503425169930303,0.13503425169630484,0.13503425169383984,0.13503425169298228,0.13503425169465264,0.13503425169630484,0.13503425169465264,0.13503425169298228,0.13503425169194133,0.13503425169298228,0.13503425169383984,0.13503425169298228,0.13503425169194133
0.16533248797326408,0.16533248797326408,0.16533248797326408,0.16533248797326408,0.16533248797326408,0.16533248797326408,0.16533248797326408,0.16533248797326386,0.16533248797326408,0.16533248797326408,0.16533248797326408,0.16533248797326386,0.16533248797326386,0.16533248797326386,0.16533248797326408,0.16533248797326408,0.16533248797326408,0.16533248797326386,0.16533248797326386,0.16533248797326408,0.16533248797326408,0.16533248797326408,0.16533248797326408,0.16533248797326408,0.16533248797326408,0.16375749425072675,0.16375749425072628,0.16375749425072628,0.16375749425072628,0.16375749425072675,0.16375749425072628,0.16375749425072605,0.1637574942507258,0.16375749425072605,0.16375749425072628,0.16375749425072628,0.1637574942507258,0.1637574942507258,0.1637574942507258,0.16375749425072628,0.16375749425072628,0.16375749425072605,0.1637574942507258,0.16375749425072605,0.16375749425072628,0.16375749425072675,0.16375749425072628,0.16375749425072628,0.16375749425072628,0.16375749425072675,0.1622138844601546,0.16221388446015372,0.16221388446015328,0.16221388446015372,0.1622138844601546,0.16221388446015372,0.16221388446015303,0.1622138844601524,0.16221388446015303,0.16221388446015372,0.16221388446015328,0.1622138844601524,0.1622138844601519,0.1622138844601524,0.16221388446015328,0.16221388446015372,0.16221388446015303,0.1622138844601524,0.16221388446015303,0.16221388446015372,0.1622138844601546,0.16221388446015372,0.16221388446015328,0.16221388446015372,0.1622138844601546,0.16070106755858957,0.1607010675585871,0.16070106755858557,0.1607010675585871,0.16070106755858957,0.1607010675585871,0.16070106755858443,0.16070106755858288,0.16070106755858443,0.1607010675585871,0.16070106755858557,0.16070106755858288,0.16070106755858088,0.16070106755858288,0.16070106755858557,0.1607010675585871,0.16070106755858443,0.16070106755858288,0.16070106755858443,0.1607010675585871,0.16070106755858957,0.1607010675585871,0.16070106755858557,0.1607010675585871,0.16070106755858957,0.15921845192101292,0.15921845192100553,0.15921845192100093,0.15921845192100553,0.15921845192101292,0.15921845192100553,0.15921845192099726,0.1592184519209918,0.15921845192099726,0.15921845192100553,0.15921845192100093,0.1592184519209918,0.1592184519209855,0.1592184519209918,0.15921845192100093,0.15921845192100553,0.15921845192099726,0.1592184519209918,0.15921845192099726,0.15921845192100553,0.15921845192101292,0.15921845192100553,0.15921845192100093,0.15921845192100553,0.15921845192101292,0.1577654466922009,0.1577654466921798,0.15776544669216572,0.1577654466921798,0.1577654466922009,0.1577654466921798,0.15776544669215417,0.15776544669213624,0.15776544669215417,0.1577654466921798,0.15776544669216572,0.15776544669213624,0.1577654466921156,0.15776544669213624,0.15776544669216572,0.1577654466921798,0.15776544669215417,0.15776544669213624,0.15776544669215417,0.1577654466921798,0.1577654466922009,0.1577654466921798,0.15776544669216572,0.1577654466921798,0.1577654466922009,0.15634146300106133,0.15634146300100107,0.15634146300095927,0.15634146300100107,0.15634146300106133,0.15634146300100107,0.1563414630009233,0.15634146300086518,0.1563414630009233,0.15634146300100107,0.15634146300095927,0.15634146300086518,0.15634146300079094,0.15634146300086518,0.15634146300095927,0.15634146300100107,0.1563414630009233,0.15634146300086518,0.1563414630009233,0.15634146300100107,0.15634146300106133,0.15634146300100107,0.15634146300095927,0.15634146300100107,0.15634146300106133,0.1549459150477253,0.15494591504756325,0.1549459150474417,0.15494591504756325,0.1549459150477253,0.15494591504756325,0.15494591504733207,0.15494591504713737,0.15494591504733207,0.15494591504756325,0.1549459150474417,0.15494591504713737,0.15494591504685148,0.15494591504713737,0.1549459150474417,0.15494591504756325,0.15494591504733207,0.15494591504713737,0.15494591504733207,0.15494591504756325,0.1549459150477253,0.15494591504756325,0.1549459150474417,0.15494591504756325,0.1549459150477253,0.15357822107313424,0.15357822107272975,0.1535782210723929,0.15357822107272975,0.15357822107313424,0.15357822107272975,0.15357822107207297,0.1535782210714122,0.15357822107207297,0.15357822107272975,0.1535782210723929,0.1535782210714122,0.15357822107018967,0.1535782210714122,0.1535782210723929,0.15357822107272975,0.15357822107207297,0.1535782210714122,0.15357822107207297,0.15357822107272975,0.15357822107313424,0.15357822107272975,0.1535782210723929,0.15357822107272975,0.15357822107313424,0.1522378042203019,0.1522378042194222,0.1522378042185754,0.1522378042194222,0.1522378042203019,0.1522378042194222,0.15223780421773037,0.15223780421552954,0.15223780421773037,0.1522378042194222,0.1522378042185754,0.15223780421552954,0.1522378042096208,0.15223780421552954,0.1522378042185754,0.1522378042194222,0.15223780421773037,0.15223780421552954,0.15223780421773037,0.1522378042194222,0.1522378042203019,0.1522378042194222,0.1522378042185754,0.1522378042194222,0.1522378042203019,0.15092409329581646,0.15092409329435005,0.15092409329266762,0.15092409329435005,0.15092409329581646,0.15092409329435005,0.15092409329093615,0.1509240932846132,0.15092409329093615,0.15092409329435005,0.15092409329266762,0.1509240932846132,0.15092409325229988,0.1509240932846132,0.15092409329266762,0.15092409329435005,0.15092409329093615,0.1509240932846132,0.15092409329093615,0.15092409329435005,0.15092409329581646,0.15092409329435005,0.15092409329266762,0.15092409329435005,0.15092409329581646,0.14963652343918707,0.1496365234378461,0.14963652343641135,0.1496365234378461,0.14963652343918707,0.1496365234378461,0.14963652343494724,0.14963652343026157,0.14963652343494724,0.1496365234378461,0.14963652343641135,0.14963652343026157,0.14963652341072262,0.14963652343026157,0.14963652343641135,0.1496365234378461,0.14963652343494724,0.14963652343026157,0.14963652343494724,0.1496365234378461,0.14963652343918707,0.1496365234378461,0.14963652343641135,0.1496365234378461,0.14963652343918707,0.14837453670657055,0.1483745367056773,0.14837453670478992,0.1483745367056773,0.14837453670657055,0.1483745367056773,0.14837453670389977,0.1483745367013224,0.14837453670389977,0.1483745367056773,0.14837453670478992,0.1483745367013224,0.14837453669168152,0.1483745367013224,0.14837453670478992,0.1483745367056773,0.14837453670389977,0.1483745367013224,0.14837453670389977,0.1483745367056773,0.14837453670657055,0.1483745367056773,0.14837453670478992,0.1483745367056773,0.14837453670657055,0.14713758257989173,0.1471375825794374,0.14713758257902268,0.1471375825794374,0.14713758257989173,0.1471375825794374,0.14713758257861762,0.14713758257757198,0.14713758257861762,0.1471375825794374,0.14713758257902268,0.14713758257757198,0.1471375825741681,0.14713758257757198,0.14713758257902268,0.1471375825794374,0.14713758257861762,0.14713758257757198,0.14713758257861762,0.1471375825794374,0.14713758257989173,0.1471375825794374,0.14713758257902268,0.1471375825794374,0.14713758257989173,0.14592511840534922,0.1459251184052066,0.1459251184051058,0.1459251184052066,0.14592511840534922,0.1459251184052066,0.14592511840501732,0.145925118404914,0.14592511840501732,0.1459251184052066,0.1459251184051058,0.145925118404914,0.14592511840524328,0.145925118404914,0.1459251184051058,0.1459251184052066,0.14592511840501732,0.145925118404914,0.14592511840501732,0.1459251184052066,0.14592511840534922,0.1459251184052066,0.1459251184051058,0.1459251184052066,0.14592511840534922,0.14473660976710784,0.14473660976713784,0.14473660976719355,0.14473660976713784,0.14473660976710784,0.14473660976713784,0.14473660976725725,0.14473660976753547,0.14473660976725725,0.14473660976713784,0.14473660976719355,0.14473660976753547,0.14473660976898825,0.14473660976753547,0.14473660976719355,0.14473660976713784,0.14473660976725725,0.14473660976753547,0.14473660976725725,0.14473660976713784,0.14473660976710784,0.14473660976713784,0.14473660976719355,0.14473660976713784,0.14473660976710784,0.14357153080209628,0.14357153080221352,0.1435715308023391,0.14357153080221352,0.14357153080209628,0.14357153080221352,0.1435715308024676,0.14357153080287535,0.1435715308024676,0.14357153080221352,0.1435715308023391,0.14357153080287535,0.14357153080456886,0.14357153080287535,0.1435715308023391,0.14357153080221352,0.1435715308024676,0.14357153080287535,0.1435715308024676,0.14357153080221352,0.14357153080209628,0.14357153080221352,0.1435715308023391,0.14357153080221352,0.14357153080209628,0.1424293644612764,0.1424293644614539,0.14242936446162685,0.1424293644614539,0.1424293644612764,0.1424293644614539,0.14242936446179763,0.14242936446230173,0.14242936446179763,0.1424293644614539,0.14242936446162685,0.14242936446230173,0.14242936446430318,0.14242936446230173,0.14242936446162685,0.1424293644614539,0.14242936446179763,0.14242936446230173,0.14242936446179763,0.1424293644614539,0.1424293644612764,0.1424293644614539,0.14242936446162685,0.1424293644614539,0.1424293644612764,0.14130960272240267,0.14130960272265727,0.14130960272288884,0.14130960272265727,0.14130960272240267,0.14130960272265727,0.1413096027231117,0.14130960272372547,0.1413096027231117,0.14130960272265727,0.14130960272288884,0.14130960272372547,0.1413096027260362,0.14130960272372547,0.14130960272288884,0.14130960272265727,0.1413096027231117,0.14130960272372547,0.1413096027231117,0.14130960272265727,0.14130960272240267,0.14130960272265727,0.14130960272288884,0.14130960272265727,0.14130960272240267,0.1402117467588418,0.14021174675925524,0.1402117467596066,0.14021174675925524,0.1402117467588418,0.14021174675925524,0.14021174675993844,0.1402117467607412,0.14021174675993844,0.14021174675925524,0.1402117467596066,0.1402117467607412,0.14021174676338136,0.1402117467607412,0.1402117467596066,0.14021174675925524,0.14021174675993844,0.1402117467607412,0.14021174675993844,0.14021174675925524,0.1402117467588418,0.14021174675925524,0.1402117467596066,0.14021174675925524,0.1402117467588418,0.13913530706856786,0.13913530706935492,0.13913530707002297,0.13913530706935492,0.13913530706856786,0.13913530706935492,0.1391353070706649,0.13913530707201802,0.1391353070706649,0.13913530706935492,0.13913530707002297,0.13913530707201802,0.13913530707465485,0.13913530707201802,0.13913530707002297,0.13913530706935492,0.1391353070706649,0.13913530707201802,0.1391353070706649,0.13913530706935492,0.13913530706856786,0.13913530706935492,0.13913530707002297,0.13913530706935492,0.13913530706856786,0.13807980356709187,0.1380798035686533,0.1380798035701913,0.1380798035686533,0.13807980356709187,0.1380798035686533,0.13807980357173907,0.13807980357587063,0.13807980357173907,0.1380798035686533,0.1380798035701913,0.13807980357587063,0.13807980358727298,0.13807980357587063,0.1380798035701913,0.1380798035686533,0.13807980357173907,0.13807980357587063,0.13807980357173907,0.1380798035686533,0.13807980356709187,0.1380798035686533,0.1380798035701913,0.1380798035686533,0.13807980356709187,0.13704476564791634,0.13704476565032528,0.13704476565321877,0.13704476565032528,0.13704476564791634,0.13704476565032528,0.13704476565621257,0.1370447656679394,0.13704476565621257,0.13704476565032528,0.13704476565321877,0.1370447656679394,0.1370447657326811,0.1370447656679394,0.13704476565321877,0.13704476565032528,0.13704476565621257,0.1370447656679394,0.13704476565621257,0.13704476565032528,0.13704476564791634,0.13704476565032528,0.13704476565321877,0.13704476565032528,0.13704476564791634,0.13602973221495757,0.13602973221662246,0.1360297322182458,0.13602973221662246,0.13602973221495757,0.13602973221662246,0.13602973221987166,0.13602973222419948,0.13602973221987166,0.13602973221662246,0.1360297322182458,0.13602973222419948,0.13602973223617598,0.13602973222419948,0.1360297322182458,0.13602973221662246,0.13602973221987166,0.13602973222419948,0.13602973221987166,0.13602973221662246,0.13602973221495757,0.13602973221662246,0.1360297322182458,0.13602973221662246,0.13602973221495757,0.13503425169165442,0.13503425169269345,0.13503425169354968,0.13503425169269345,0.13503425169165442,0.13503425169269345,0.135034251694361,0.1350342516960103,0.135034251694361,0.13503425169269345,0.13503425169354968,0.1350342516960103,0.13503425169900365,0.1350342516960103,0.13503425169354968,0.13503425169269345,0.135034251694361,0.1350342516960103,0.135034251694361,0.13503425169269345,0.13503425169165442,0.13503425169269345,0.13503425169354968,0.13503425169269345,0.13503425169165442
0.16533248797347672,0.16533248797347672,0.16533248797347647,0.16533248797347672,0.16533248797347672,0.16533248797347672,0.16533248797347647,0.16533248797347647,0.16533248797347647,0.16533248797347672,0.16533248797347647,0.16533248797347647,0.16533248797347647,0.16533248797347647,0.16533248797347647,0.16533248797347672,0.16533248797347647,0.16533248797347647,0.16533248797347647,0.16533248797347672,0.16533248797347672,0.16533248797347672,0.16533248797347647,0.16533248797347672,0.16533248797347672,0.16375749425093492,0.16375749425093467,0.16375749425093444,0.16375749425093467,0.16375749425093492,0.16375749425093467,0.16375749425093444,0.1637574942509342,0.16375749425093444,0.16375749425093467,0.16375749425093444,0.1637574942509342,0.16375749425093397,0.1637574942509342,0.16375749425093444,0.16375749425093467,0.16375749425093444,0.1637574942509342,0.16375749425093444,0.16375749425093467,0.16375749425093492,0.16375749425093467,0.16375749425093444,0.16375749425093467,0.16375749425093492,0.16221388446035864,0.16221388446035798,0.16221388446035728,0.16221388446035798,0.16221388446035864,0.16221388446035798,0.16221388446035706,0.16221388446035637,0.16221388446035706,0.16221388446035798,0.16221388446035728,0.16221388446035637,0.16221388446035592,0.16221388446035662,0.16221388446035728,0.16221388446035798,0.16221388446035706,0.16221388446035662,0.16221388446035706,0.16221388446035798,0.16221388446035864,0.16221388446035798,0.16221388446035728,0.16221388446035798,0.16221388446035864,0.1607010675587895,0.16070106755878705,0.1607010675587855,0.16070106755878705,0.1607010675587895,0.16070106755878705,0.16070106755878438,0.16070106755878283,0.16070106755878438,0.16070106755878705,0.1607010675587855,0.16070106755878283,0.16070106755878083,0.16070106755878283,0.1607010675587855,0.16070106755878705,0.16070106755878438,0.16070106755878283,0.16070106755878438,0.16070106755878705,0.1607010675587895,0.16070106755878705,0.1607010675587855,0.16070106755878705,0.1607010675587895,0.15921845192120865,0.1592184519212015,0.15921845192119669,0.1592184519212015,0.15921845192120865,0.1592184519212015,0.1592184519211932,0.15921845192118755,0.1592184519211932,0.1592184519212015,0.15921845192119669,0.15921845192118755,0.15921845192118142,0.15921845192118755,0.15921845192119669,0.1592184519212015,0.1592184519211932,0.15921845192118755,0.1592184519211932,0.1592184519212015,0.15921845192120865,0.1592184519212015,0.15921845192119669,0.1592184519212015,0.15921845192120865,0.1577654466923925,0.15776544669237139,0.15776544669235731,0.15776544669237139,0.1577654466923925,0.15776544669237139,0.15776544669234602,0.1577654466923283,0.15776544669234602,0.15776544669237139,0.15776544669235731,0.1577654466923283,0.15776544669230758,0.1577654466923283,0.15776544669235731,0.15776544669237139,0.15776544669234602,0.1577654466923283,0.15776544669234602,0.15776544669237139,0.1577654466923925,0.15776544669237139,0.15776544669235731,0.15776544669237139,0.1577654466923925,0.1563414630012485,0.1563414630011889,0.15634146300114704,0.1563414630011889,0.1563414630012485,0.1563414630011889,0.1563414630011113,0.15634146300105337,0.1563414630011113,0.1563414630011889,0.15634146300114704,0.15634146300105337,0.15634146300097956,0.15634146300105337,0.15634146300114704,0.1563414630011889,0.1563414630011113,0.15634146300105337,0.1563414630011113,0.1563414630011889,0.1563414630012485,0.1563414630011889,0.15634146300114704,0.1563414630011889,0.1563414630012485,0.15494591504790772,0.15494591504774646,0.1549459150476255,0.15494591504774646,0.15494591504790772,0.15494591504774646,0.1549459150475163,0.15494591504732286,0.1549459150475163,0.15494591504774646,0.1549459150476255,0.15494591504732286,0.15494591504703842,0.15494591504732286,0.1549459150476255,0.15494591504774646,0.1549459150475163,0.15494591504732286,0.1549459150475163,0.15494591504774646,0.15494591504790772,0.15494591504774646,0.1549459150476255,0.15494591504774646,0.15494591504790772,0.15357822107331018,0.15357822107290767,0.15357822107257268,0.15357822107290767,0.15357822107331018,0.15357822107290767,0.15357822107225413,0.1535782210715966,0.15357822107225413,0.15357822107290767,0.15357822107257268,0.1535782210715966,0.15357822107038027,0.1535782210715966,0.15357822107257268,0.15357822107290767,0.15357822107225413,0.1535782210715966,0.15357822107225413,0.15357822107290767,0.15357822107331018,0.15357822107290767,0.15357822107257268,0.15357822107290767,0.15357822107331018,0.15223780422046704,0.15223780421959188,0.15223780421874922,0.15223780421959188,0.15223780422046704,0.15223780421959188,0.1522378042179085,0.1522378042157185,0.1522378042179085,0.15223780421959188,0.15223780421874922,0.1522378042157185,0.15223780420983948,0.1522378042157185,0.15223780421874922,0.15223780421959188,0.1522378042179085,0.1522378042157185,0.1522378042179085,0.15223780421959188,0.15223780422046704,0.15223780421959188,0.15223780421874922,0.15223780421959188,0.15223780422046704,0.1509240932959621,0.15092409329450288,0.15092409329282852,0.15092409329450288,0.1509240932959621,0.15092409329450288,0.15092409329110573,0.1509240932848144,0.15092409329110573,0.15092409329450288,0.15092409329282852,0.1509240932848144,0.150924093252667,0.1509240932848144,0.15092409329282852,0.15092409329450288,0.15092409329110573,0.1509240932848144,0.15092409329110573,0.15092409329450288,0.1509240932959621,0.15092409329450288,0.15092409329282852,0.15092409329450288,0.1509240932959621,0.14963652343929826,0.14963652343796313,0.149636523436535,0.14963652343796313,0.14963652343929826,0.14963652343796313,0.14963652343507772,0.1496365234304151,0.14963652343507772,0.14963652343796313,0.149636523436535,0.1496365234304151,0.14963652341098183,0.1496365234304151,0.149636523436535,0.14963652343796313,0.14963652343507772,0.1496365234304151,0.14963652343507772,0.14963652343796313,0.14963652343929826,0.14963652343796313,0.149636523436535,0.14963652343796313,0.14963652343929826,0.1483745367066343,0.14837453670574383,0.14837453670485867,0.14837453670574383,0.1483745367066343,0.14837453670574383,0.14837453670397094,0.1483745367013995,0.14837453670397094,0.14837453670574383,0.14837453670485867,0.1483745367013995,0.14837453669177844,0.1483745367013995,0.14837453670485867,0.14837453670574383,0.14837453670397094,0.1483745367013995,0.14837453670397094,0.14837453670574383,0.1483745367066343,0.14837453670574383,0.14837453670485867,0.14837453670574383,0.1483745367066343,0.14713758257990267,0.14713758257944778,0.14713758257903217,0.14713758257944778,0.14713758257990267,0.14713758257944778,0.14713758257862616,0.14713758257757617,0.14713758257862616,0.14713758257944778,0.14713758257903217,0.14713758257757617,0.14713758257414175,0.14713758257757617,0.14713758257903217,0.14713758257944778,0.14713758257862616,0.14713758257757617,0.14713758257862616,0.14713758257944778,0.14713758257990267,0.14713758257944778,0.14713758257903217,0.14713758257944778,0.14713758257990267,0.14592511840530736,0.14592511840516226,0.1459251184050588,0.14592511840516226,0.14592511840530736,0.14592511840516226,0.14592511840496744,0.1459251184048544,0.14592511840496744,0.14592511840516226,0.1459251184050588,0.1459251184048544,0.14592511840514463,0.1459251184048544,0.1459251184050588,0.14592511840516226,0.14592511840496744,0.1459251184048544,0.14592511840496744,0.14592511840516226,0.14592511840530736,0.14592511840516226,0.1459251184050588,0.14592511840516226,0.14592511840530736,0.14473660976701722,0.1447366097670441,0.14473660976709646,0.1447366097670441,0.14473660976701722,0.1447366097670441,0.14473660976715688,0.14473660976742378,0.14473660976715688,0.1447366097670441,0.14473660976709646,0.14473660976742378,0.14473660976885105,0.14473660976742378,0.14473660976709646,0.1447366097670441,0.14473660976715688,0.14473660976742378,0.14473660976715688,0.1447366097670441,0.14473660976701722,0.1447366097670441,0.14473660976709646,0.1447366097670441,0.14473660976701722,0.143571530801963,0.14357153080207727,0.14357153080219964,0.14357153080207727,0.143571530801963,0.14357153080207727,0.14357153080232507,0.14357153080272342,0.14357153080232507,0.14357153080207727,0.14357153080219964,0.14357153080272342,0.14357153080439844,0.14357153080272342,0.14357153080219964,0.14357153080207727,0.14357153080232507,0.14357153080272342,0.14357153080232507,0.14357153080207727,0.143571530801963,0.14357153080207727,0.14357153080219964,0.14357153080207727,0.143571530801963,0.14242936446110616,0.1424293644612806,0.1424293644614507,0.1424293644612806,0.14242936446110616,0.1424293644612806,0.14242936446161863,0.142429364462114,0.14242936446161863,0.1424293644612806,0.1424293644614507,0.142429364462114,0.14242936446406346,0.142429364462114,0.1424293644614507,0.1424293644612806,0.14242936446161863,0.142429364462114,0.14242936446161863,0.1424293644612806,0.14242936446110616,0.1424293644612806,0.1424293644614507,0.1424293644612806,0.14242936446110616,0.14130960272220072,0.1413096027224527,0.14130960272268162,0.1413096027224527,0.14130960272220072,0.1413096027224527,0.14130960272290166,0.14130960272350707,0.14130960272290166,0.1413096027224527,0.14130960272268162,0.14130960272350707,0.14130960272581106,0.14130960272350707,0.14130960272268162,0.1413096027224527,0.14130960272290166,0.14130960272350707,0.14130960272290166,0.1413096027224527,0.14130960272220072,0.1413096027224527,0.14130960272268162,0.1413096027224527,0.14130960272220072,0.14021174675861345,0.1402117467590243,0.14021174675937326,0.1402117467590243,0.14021174675861345,0.1402117467590243,0.14021174675970285,0.14021174676049816,0.14021174675970285,0.1402117467590243,0.14021174675937326,0.14021174676049816,0.14021174676307918,0.14021174676049816,0.14021174675937326,0.1402117467590243,0.14021174675970285,0.14021174676049816,0.14021174675970285,0.1402117467590243,0.14021174675861345,0.1402117467590243,0.14021174675937326,0.1402117467590243,0.14021174675861345,0.13913530706831742,0.1391353070691023,0.13913530706976823,0.1391353070691023,0.13913530706831742,0.1391353070691023,0.13913530707040825,0.1391353070717571,0.13913530707040825,0.1391353070691023,0.13913530706976823,0.1391353070717571,0.1391353070743848,0.1391353070717571,0.13913530706976823,0.1391353070691023,0.13913530707040825,0.1391353070717571,0.13913530707040825,0.1391353070691023,0.13913530706831742,0.1391353070691023,0.13913530706976823,0.1391353070691023,0.13913530706831742,0.1380798035668235,0.13807980356838198,0.1380798035699172,0.13807980356838198,0.1380798035668235,0.13807980356838198,0.13807980357146202,0.13807980357558614,0.13807980357146202,0.13807980356838198,0.1380798035699172,0.13807980357558614,0.1380798035869685,0.13807980357558614,0.1380798035699172,0.13807980356838198,0.13807980357146202,0.13807980357558614,0.13807980357146202,0.13807980356838198,0.1380798035668235,0.13807980356838198,0.1380798035699172,0.13807980356838198,0.1380798035668235,0.13704476564763599,0.1370447656500408,0.13704476565292942,0.1370447656500408,0.13704476564763599,0.1370447656500408,0.13704476565591808,0.13704476566762544,0.13704476565591808,0.1370447656500408,0.13704476565292942,0.13704476566762544,0.1370447657322487,0.13704476566762544,0.13704476565292942,0.1370447656500408,0.13704476565591808,0.13704476566762544,0.13704476565591808,0.1370447656500408,0.13704476564763599,0.1370447656500408,0.13704476565292942,0.1370447656500408,0.13704476564763599,0.13602973221467365,0.13602973221633577,0.13602973221795636,0.13602973221633577,0.13602973221467365,0.13602973221633577,0.1360297322195794,0.1360297322238999,0.1360297322195794,0.13602973221633577,0.13602973221795636,0.1360297322238999,0.1360297322358566,0.1360297322238999,0.13602973221795636,0.13602973221633577,0.1360297322195794,0.1360297322238999,0.1360297322195794,0.13602973221633577,0.13602973221467365,0.13602973221633577,0.13602973221795636,0.13602973221633577,0.13602973221467365,0.13503425169137234,0.13503425169240976,0.13503425169326436,0.13503425169240976,0.13503425169137234,0.13503425169240976,0.13503425169407438,0.13503425169572103,0.13503425169407438,0.13503425169240976,0.13503425169326436,0.13503425169572103,0.13503425169870928,0.13503425169572103,0.13503425169326436,0.13503425169240976,0.13503425169407438,0.13503425169572103,0.13503425169407438,0.13503425169240976,0.13503425169137234,0.13503425169240976,0.13503425169326436,0.13503425169240976,0.13503425169137234
0.16533248797368605,0.16533248797368605,0.1653324879736858,0.1653324879736858,0.16533248797368605,0.16533248797368605,0.1653324879736858,0.1653324879736858,0.1653324879736858,0.1653324879736858,0.1653324879736858,0.1653324879736858,0.16533248797368555,0.1653324879736858,0.1653324879736858,0.1653324879736858,0.1653324879736858,0.1653324879736858,0.1653324879736858,0.1653324879736858,0.16533248797368605,0.1653324879736858,0.1653324879736858,0.1653324879736858,0.16533248797368605,0.16375749425114003,0.1637574942511398,0.16375749425113958,0.1637574942511398,0.16375749425114003,0.1637574942511398,0.16375749425113936,0.16375749425113936,0.16375749425113936,0.1637574942511398,0.16375749425113958,0.16375749425113936,0.1637574942511391,0.16375749425113936,0.16375749425113958,0.1637574942511398,0.16375749425113936,0.16375749425113936,0.16375749425113936,0.1637574942511398,0.16375749425114003,0.1637574942511398,0.16375749425113958,0.1637574942511398,0.16375749425114003,0.1622138844605597,0.1622138844605588,0.16221388446055834,0.1622138844605588,0.1622138844605597,0.1622138844605588,0.16221388446055787,0.16221388446055743,0.16221388446055787,0.1622138844605588,0.16221388446055834,0.16221388446055743,0.16221388446055698,0.16221388446055743,0.16221388446055834,0.1622138844605588,0.16221388446055787,0.16221388446055743,0.16221388446055787,0.1622138844605588,0.1622138844605597,0.1622138844605588,0.16221388446055834,0.1622138844605588,0.1622138844605597,0.1607010675589863,0.16070106755898386,0.1607010675589823,0.16070106755898386,0.1607010675589863,0.16070106755898386,0.1607010675589812,0.16070106755897964,0.1607010675589812,0.16070106755898386,0.1607010675589823,0.16070106755897964,0.16070106755897764,0.16070106755897964,0.1607010675589823,0.16070106755898386,0.1607010675589812,0.16070106755897964,0.1607010675589812,0.16070106755898386,0.1607010675589863,0.16070106755898386,0.1607010675589823,0.16070106755898386,0.1607010675589863,0.15921845192140135,0.15921845192139414,0.1592184519213896,0.15921845192139414,0.15921845192140135,0.15921845192139414,0.1592184519213861,0.1592184519213804,0.1592184519213861,0.15921845192139414,0.1592184519213896,0.1592184519213804,0.15921845192137432,0.1592184519213804,0.1592184519213896,0.15921845192139414,0.1592184519213861,0.1592184519213804,0.1592184519213861,0.15921845192139414,0.15921845192140135,0.15921845192139414,0.1592184519213896,0.15921845192139414,0.15921845192140135,0.15776544669258116,0.15776544669256024,0.15776544669254636,0.15776544669256024,0.15776544669258116,0.15776544669256024,0.15776544669253484,0.15776544669251732,0.15776544669253484,0.15776544669256024,0.15776544669254636,0.15776544669251732,0.15776544669249665,0.15776544669251732,0.15776544669254636,0.15776544669256024,0.15776544669253484,0.15776544669251732,0.15776544669253484,0.15776544669256024,0.15776544669258116,0.15776544669256024,0.15776544669254636,0.15776544669256024,0.15776544669258116,0.1563414630014329,0.15634146300137353,0.15634146300133211,0.15634146300137353,0.1563414630014329,0.15634146300137353,0.15634146300129656,0.15634146300123886,0.15634146300129656,0.15634146300137353,0.15634146300133211,0.15634146300123886,0.15634146300116544,0.15634146300123886,0.15634146300133211,0.15634146300137353,0.15634146300129656,0.15634146300123886,0.15634146300129656,0.15634146300137353,0.1563414630014329,0.15634146300137353,0.15634146300133211,0.15634146300137353,0.1563414630014329,0.15494591504808744,0.15494591504792696,0.15494591504780647,0.15494591504792696,0.15494591504808744,0.15494591504792696,0.15494591504769786,0.15494591504750524,0.15494591504769786,0.15494591504792696,0.15494591504780647,0.15494591504750524,0.15494591504722222,0.15494591504750524,0.15494591504780647,0.15494591504792696,0.15494591504769786,0.15494591504750524,0.15494591504769786,0.15494591504792696,0.15494591504808744,0.15494591504792696,0.15494591504780647,0.15494591504792696,0.15494591504808744,0.1535782210734835,0.1535782210730828,0.15357822107274963,0.1535782210730828,0.1535782210734835,0.1535782210730828,0.1535782210724325,0.15357822107177835,0.1535782210724325,0.1535782210730828,0.15357822107274963,0.15357822107177835,0.15357822107056807,0.15357822107177835,0.15357822107274963,0.1535782210730828,0.1535782210724325,0.15357822107177835,0.1535782210724325,0.1535782210730828,0.1535782210734835,0.1535782210730828,0.15357822107274963,0.1535782210730828,0.1535782210734835,0.15223780422063002,0.1522378042197588,0.15223780421892047,0.1522378042197588,0.15223780422063002,0.1522378042197588,0.1522378042180839,0.15223780421590472,0.1522378042180839,0.1522378042197588,0.15223780421892047,0.15223780421590472,0.15223780421005462,0.15223780421590472,0.15223780421892047,0.1522378042197588,0.1522378042180839,0.15223780421590472,0.1522378042180839,0.1522378042197588,0.15223780422063002,0.1522378042197588,0.15223780421892047,0.1522378042197588,0.15223780422063002,0.15092409329610565,0.15092409329465334,0.15092409329298728,0.15092409329465334,0.15092409329610565,0.15092409329465334,0.1509240932912726,0.15092409328501236,0.1509240932912726,0.15092409329465334,0.15092409329298728,0.15092409328501236,0.15092409325302103,0.15092409328501236,0.15092409329298728,0.15092409329465334,0.1509240932912726,0.15092409328501236,0.1509240932912726,0.15092409329465334,0.15092409329610565,0.15092409329465334,0.15092409329298728,0.15092409329465334,0.15092409329610565,0.14963652343940795,0.14963652343807865,0.14963652343665695,0.14963652343807865,0.14963652343940795,0.14963652343807865,0.1496365234352065,0.14963652343056655,0.1496365234352065,0.14963652343807865,0.14963652343665695,0.14963652343056655,0.1496365234112677,0.14963652343056655,0.14963652343665695,0.14963652343807865,0.1496365234352065,0.14963652343056655,0.1496365234352065,0.14963652343807865,0.14963652343940795,0.14963652343807865,0.14963652343665695,0.14963652343807865,0.14963652343940795,0.14837453670669773,0.1483745367058094,0.14837453670492687,0.1483745367058094,0.14837453670669773,0.1483745367058094,0.14837453670404135,0.14837453670147585,0.14837453670404135,0.1483745367058094,0.14837453670492687,0.14837453670147585,0.1483745366918498,0.14837453670147585,0.14837453670492687,0.1483745367058094,0.14837453670404135,0.14837453670147585,0.14837453670404135,0.1483745367058094,0.14837453670669773,0.1483745367058094,0.14837453670492687,0.1483745367058094,0.14837453670669773,0.14713758257991372,0.14713758257945833,0.14713758257904178,0.14713758257945833,0.14713758257991372,0.14713758257945833,0.14713758257863488,0.1471375825775809,0.14713758257863488,0.14713758257945833,0.14713758257904178,0.1471375825775809,0.14713758257413287,0.1471375825775809,0.14713758257904178,0.14713758257945833,0.14713758257863488,0.1471375825775809,0.14713758257863488,0.14713758257945833,0.14713758257991372,0.14713758257945833,0.14713758257904178,0.14713758257945833,0.14713758257991372,0.14592511840526642,0.145925118405119,0.14592511840501285,0.145925118405119,0.14592511840526642,0.145925118405119,0.14592511840491867,0.14592511840479616,0.14592511840491867,0.145925118405119,0.14592511840501285,0.14592511840479616,0.14592511840502406,0.14592511840479616,0.14592511840501285,0.145925118405119,0.14592511840491867,0.14592511840479616,0.14592511840491867,0.145925118405119,0.14592511840526642,0.145925118405119,0.14592511840501285,0.145925118405119,0.14592511840526642,0.14473660976692856,0.14473660976695232,0.14473660976700137,0.14473660976695232,0.14473660976692856,0.14473660976695232,0.14473660976705827,0.1447366097673143,0.14473660976705827,0.14473660976695232,0.14473660976700137,0.1447366097673143,0.1447366097686774,0.1447366097673143,0.14473660976700137,0.14473660976695232,0.14473660976705827,0.1447366097673143,0.14473660976705827,0.14473660976695232,0.14473660976692856,0.14473660976695232,0.14473660976700137,0.14473660976695232,0.14473660976692856,0.14357153080183208,0.14357153080194332,0.14357153080206275,0.14357153080194332,0.14357153080183208,0.14357153080194332,0.14357153080218493,0.1435715308025742,0.14357153080218493,0.14357153080194332,0.14357153080206275,0.1435715308025742,0.14357153080420199,0.1435715308025742,0.14357153080206275,0.14357153080194332,0.14357153080218493,0.1435715308025742,0.14357153080218493,0.14357153080194332,0.14357153080183208,0.14357153080194332,0.14357153080206275,0.14357153080194332,0.14357153080183208,0.14242936446093857,0.14242936446111035,0.14242936446127744,0.14242936446111035,0.14242936446093857,0.14242936446111035,0.14242936446144247,0.14242936446192933,0.14242936446144247,0.14242936446111035,0.14242936446127744,0.14242936446192933,0.14242936446384605,0.14242936446192933,0.14242936446127744,0.14242936446111035,0.14242936446144247,0.14242936446192933,0.14242936446144247,0.14242936446111035,0.14242936446093857,0.14242936446111035,0.14242936446127744,0.14242936446111035,0.14242936446093857,0.14130960272200205,0.1413096027222512,0.1413096027224775,0.1413096027222512,0.14130960272200205,0.1413096027222512,0.14130960272269477,0.14130960272329193,0.14130960272269477,0.1413096027222512,0.1413096027224775,0.14130960272329193,0.1413096027255471,0.14130960272329193,0.1413096027224775,0.1413096027222512,0.14130960272269477,0.14130960272329193,0.14130960272269477,0.1413096027222512,0.14130960272200205,0.1413096027222512,0.1413096027224775,0.1413096027222512,0.14130960272200205,0.14021174675838832,0.14021174675879694,0.14021174675914347,0.14021174675879694,0.14021174675838832,0.14021174675879694,0.14021174675947068,0.14021174676025885,0.14021174675947068,0.14021174675879694,0.14021174675914347,0.14021174676025885,0.14021174676283102,0.14021174676025885,0.14021174675914347,0.14021174675879694,0.14021174675947068,0.14021174676025885,0.14021174675947068,0.14021174675879694,0.14021174675838832,0.14021174675879694,0.14021174675914347,0.14021174675879694,0.14021174675838832,0.1391353070680706,0.13913530706885324,0.13913530706951732,0.13913530706885324,0.1391353070680706,0.13913530706885324,0.1391353070701556,0.1391353070715002,0.1391353070701556,0.13913530706885324,0.13913530706951732,0.1391353070715002,0.13913530707411867,0.1391353070715002,0.13913530706951732,0.13913530706885324,0.1391353070701556,0.1391353070715002,0.1391353070701556,0.13913530706885324,0.1391353070680706,0.13913530706885324,0.13913530706951732,0.13913530706885324,0.1391353070680706,0.13807980356655916,0.1380798035681147,0.13807980356964697,0.1380798035681147,0.13807980356655916,0.1380798035681147,0.138079803571189,0.13807980357530583,0.138079803571189,0.1380798035681147,0.13807980356964697,0.13807980357530583,0.1380798035866685,0.13807980357530583,0.13807980356964697,0.1380798035681147,0.138079803571189,0.13807980357530583,0.138079803571189,0.1380798035681147,0.13807980356655916,0.1380798035681147,0.13807980356964697,0.1380798035681147,0.13807980356655916,0.13704476564735973,0.13704476564976045,0.13704476565264417,0.13704476564976045,0.13704476564735973,0.13704476564976045,0.13704476565562781,0.1370447656673159,0.13704476565562781,0.13704476564976045,0.13704476565264417,0.1370447656673159,0.13704476573184413,0.1370447656673159,0.13704476565264417,0.13704476564976045,0.13704476565562781,0.1370447656673159,0.13704476565562781,0.13704476564976045,0.13704476564735973,0.13704476564976045,0.13704476565264417,0.13704476564976045,0.13704476564735973,0.13602973221439366,0.13602973221605288,0.13602973221767087,0.13602973221605288,0.13602973221439366,0.13602973221605288,0.13602973221929118,0.13602973222360468,0.13602973221929118,0.13602973221605288,0.13602973221767087,0.13602973222360468,0.13602973223554168,0.13602973222360468,0.13602973221767087,0.13602973221605288,0.13602973221929118,0.13602973222360468,0.13602973221929118,0.13602973221605288,0.13602973221439366,0.13602973221605288,0.13602973221767087,0.13602973221605288,0.13602973221439366,0.13503425169109418,0.13503425169212985,0.13503425169298314,0.13503425169212985,0.13503425169109418,0.13503425169212985,0.13503425169379185,0.1350342516954357,0.13503425169379185,0.13503425169212985,0.13503425169298314,0.1350342516954357,0.135034251698419,0.1350342516954357,0.13503425169298314,0.13503425169212985,0.13503425169379185,0.1350342516954357,0.13503425169379185,0.13503425169212985,0.13503425169109418,0.13503425169212985,0.13503425169298314,0.13503425169212985,0.13503425169109418
0.16533248797389205,0.16533248797389205,0.16533248797389205,0.16533248797389205,0.16533248797389205,0.16533248797389205,0.16533248797389183,0.16533248797389183,0.16533248797389183,0.16533248797389205,0.16533248797389205,0.16533248797389183,0.16533248797389183,0.16533248797389183,0.16533248797389183,0.16533248797389205,0.16533248797389183,0.16533248797389183,0.16533248797389183,0.16533248797389205,0.16533248797389205,0.16533248797389205,0.16533248797389183,0.16533248797389205,0.16533248797389205,0.16375749425134198,0.16375749425134176,0.1637574942513415,0.16375749425134176,0.16375749425134198,0.16375749425134176,0.1637574942513415,0.16375749425134126,0.1637574942513415,0.16375749425134176,0.1637574942513415,0.16375749425134126,0.16375749425134103,0.16375749425134126,0.1637574942513415,0.16375749425134176,0.1637574942513415,0.16375749425134126,0.1637574942513415,0.16375749425134176,0.16375749425134198,0.16375749425134176,0.1637574942513415,0.16375749425134176,0.16375749425134198,0.16221388446075735,0.16221388446075669,0.16221388446075624,0.16221388446075669,0.16221388446075735,0.16221388446075669,0.16221388446075577,0.16221388446075533,0.16221388446075577,0.16221388446075669,0.16221388446075624,0.16221388446075533,0.16221388446075463,0.16221388446075533,0.16221388446075624,0.16221388446075669,0.16221388446075577,0.16221388446075533,0.16221388446075577,0.16221388446075669,0.16221388446075735,0.16221388446075669,0.16221388446075624,0.16221388446075669,0.16221388446075735,0.16070106755918004,0.16070106755917782,0.16070106755917626,0.16070106755917782,0.16070106755918004,0.16070106755917782,0.16070106755917515,0.16070106755917338,0.16070106755917515,0.16070106755917782,0.16070106755917626,0.16070106755917338,0.1607010675591716,0.16070106755917338,0.16070106755917626,0.16070106755917782,0.16070106755917515,0.16070106755917338,0.16070106755917515,0.16070106755917782,0.16070106755918004,0.16070106755917782,0.16070106755917626,0.16070106755917782,0.16070106755918004,0.15921845192159118,0.15921845192158401,0.1592184519215794,0.15921845192158401,0.15921845192159118,0.15921845192158401,0.15921845192157594,0.1592184519215703,0.15921845192157594,0.15921845192158401,0.1592184519215794,0.1592184519215703,0.1592184519215644,0.1592184519215703,0.1592184519215794,0.15921845192158401,0.15921845192157594,0.1592184519215703,0.15921845192157594,0.15921845192158401,0.15921845192159118,0.15921845192158401,0.1592184519215794,0.15921845192158401,0.15921845192159118,0.157765446692767,0.15776544669274606,0.1577654466927322,0.15776544669274606,0.157765446692767,0.15776544669274606,0.15776544669272088,0.15776544669270337,0.15776544669272088,0.15776544669274606,0.1577654466927322,0.15776544669270337,0.15776544669268291,0.15776544669270337,0.1577654466927322,0.15776544669274606,0.15776544669272088,0.15776544669270337,0.15776544669272088,0.15776544669274606,0.157765446692767,0.15776544669274606,0.1577654466927322,0.15776544669274606,0.157765446692767,0.1563414630016146,0.15634146300155544,0.15634146300151402,0.15634146300155544,0.1563414630016146,0.15634146300155544,0.15634146300147866,0.1563414630014214,0.15634146300147866,0.15634146300155544,0.15634146300151402,0.1563414630014214,0.15634146300134824,0.1563414630014214,0.15634146300151402,0.15634146300155544,0.15634146300147866,0.1563414630014214,0.15634146300147866,0.15634146300155544,0.1563414630016146,0.15634146300155544,0.15634146300151402,0.15634146300155544,0.1563414630016146,0.1549459150482643,0.15494591504810445,0.15494591504798477,0.15494591504810445,0.1549459150482643,0.15494591504810445,0.15494591504787675,0.15494591504768496,0.15494591504787675,0.15494591504810445,0.15494591504798477,0.15494591504768496,0.15494591504740338,0.15494591504768496,0.15494591504798477,0.15494591504810445,0.15494591504787675,0.15494591504768496,0.15494591504787675,0.15494591504810445,0.1549459150482643,0.15494591504810445,0.15494591504798477,0.15494591504810445,0.1549459150482643,0.15357822107365401,0.15357822107325533,0.15357822107292354,0.15357822107325533,0.15357822107365401,0.15357822107325533,0.1535782210726082,0.1535782210719571,0.1535782210726082,0.15357822107325533,0.15357822107292354,0.1535782210719571,0.15357822107075264,0.1535782210719571,0.15357822107292354,0.15357822107325533,0.1535782210726082,0.1535782210719571,0.1535782210726082,0.15357822107325533,0.15357822107365401,0.15357822107325533,0.15357822107292354,0.15357822107325533,0.15357822107365401,0.15223780422079022,0.15223780421992336,0.15223780421908897,0.15223780421992336,0.15223780422079022,0.15223780421992336,0.1522378042182563,0.15223780421608776,0.1522378042182563,0.15223780421992336,0.15223780421908897,0.15223780421608776,0.15223780421026623,0.15223780421608776,0.15223780421908897,0.15223780421992336,0.1522378042182563,0.15223780421608776,0.1522378042182563,0.15223780421992336,0.15223780422079022,0.15223780421992336,0.15223780421908897,0.15223780421992336,0.15223780422079022,0.15092409329624706,0.1509240932948015,0.15092409329314335,0.1509240932948015,0.15092409329624706,0.1509240932948015,0.15092409329143697,0.1509240932852072,0.15092409329143697,0.1509240932948015,0.15092409329314335,0.1509240932852072,0.15092409325334705,0.1509240932852072,0.15092409329314335,0.1509240932948015,0.15092409329143697,0.1509240932852072,0.15092409329143697,0.1509240932948015,0.15092409329624706,0.1509240932948015,0.15092409329314335,0.1509240932948015,0.15092409329624706,0.1496365234395159,0.1496365234381925,0.1496365234367772,0.1496365234381925,0.1496365234395159,0.1496365234381925,0.14963652343533315,0.14963652343071557,0.14963652343533315,0.1496365234381925,0.1496365234367772,0.14963652343071557,0.14963652341148215,0.14963652343071557,0.1496365234367772,0.1496365234381925,0.14963652343533315,0.14963652343071557,0.14963652343533315,0.1496365234381925,0.1496365234395159,0.1496365234381925,0.1496365234367772,0.1496365234381925,0.1496365234395159,0.14837453670675999,0.14837453670587428,0.14837453670499398,0.14837453670587428,0.14837453670675999,0.14837453670587428,0.14837453670411088,0.1483745367015511,0.14837453670411088,0.14837453670587428,0.14837453670499398,0.1483745367015511,0.14837453669195583,0.1483745367015511,0.14837453670499398,0.14837453670587428,0.14837453670411088,0.1483745367015511,0.14837453670411088,0.14837453670587428,0.14837453670675999,0.14837453670587428,0.14837453670499398,0.14837453670587428,0.14837453670675999,0.14713758257992465,0.14713758257946885,0.14713758257905157,0.14713758257946885,0.14713758257992465,0.14713758257946885,0.14713758257864376,0.1471375825775858,0.14713758257864376,0.14713758257946885,0.14713758257905157,0.1471375825775858,0.14713758257412124,0.1471375825775858,0.14713758257905157,0.14713758257946885,0.14713758257864376,0.1471375825775858,0.14713758257864376,0.14713758257946885,0.14713758257992465,0.14713758257946885,0.14713758257905157,0.14713758257946885,0.14713758257992465,0.14592511840522635,0.1459251184050766,0.14592511840496797,0.1459251184050766,0.14592511840522635,0.1459251184050766,0.14592511840487113,0.14592511840473935,0.14592511840487113,0.1459251184050766,0.14592511840496797,0.14592511840473935,0.14592511840495642,0.14592511840473935,0.14592511840496797,0.1459251184050766,0.14592511840487113,0.14592511840473935,0.14592511840487113,0.1459251184050766,0.14592511840522635,0.1459251184050766,0.14592511840496797,0.1459251184050766,0.14592511840522635,0.1447366097668413,0.14473660976686206,0.14473660976690797,0.14473660976686206,0.1447366097668413,0.14473660976686206,0.14473660976696154,0.14473660976720681,0.14473660976696154,0.14473660976686206,0.14473660976690797,0.14473660976720681,0.14473660976852148,0.14473660976720681,0.14473660976690797,0.14473660976686206,0.14473660976696154,0.14473660976720681,0.14473660976696154,0.14473660976686206,0.1447366097668413,0.14473660976686206,0.14473660976690797,0.14473660976686206,0.1447366097668413,0.14357153080170323,0.14357153080181137,0.14357153080192792,0.14357153080181137,0.14357153080170323,0.14357153080181137,0.14357153080204701,0.1435715308024272,0.14357153080204701,0.14357153080181137,0.14357153080192792,0.1435715308024272,0.14357153080401136,0.1435715308024272,0.14357153080192792,0.14357153080181137,0.14357153080204701,0.1435715308024272,0.14357153080204701,0.14357153080181137,0.14357153080170323,0.14357153080181137,0.14357153080192792,0.14357153080181137,0.14357153080170323,0.14242936446077367,0.1424293644609426,0.14242936446110682,0.1424293644609426,0.14242936446077367,0.1424293644609426,0.14242936446126922,0.14242936446174748,0.14242936446126922,0.1424293644609426,0.14242936446110682,0.14242936446174748,0.14242936446364088,0.14242936446174748,0.14242936446110682,0.1424293644609426,0.14242936446126922,0.14242936446174748,0.14242936446126922,0.1424293644609426,0.14242936446077367,0.1424293644609426,0.14242936446110682,0.1424293644609426,0.14242936446077367,0.14130960272180615,0.14130960272205284,0.14130960272227636,0.14130960272205284,0.14130960272180615,0.14130960272205284,0.14130960272249116,0.14130960272308013,0.14130960272249116,0.14130960272205284,0.14130960272227636,0.14130960272308013,0.1413096027252767,0.14130960272308013,0.14130960272227636,0.14130960272205284,0.14130960272249116,0.14130960272308013,0.14130960272249116,0.14130960272205284,0.14130960272180615,0.14130960272205284,0.14130960272227636,0.14130960272205284,0.14130960272180615,0.1402117467581666,0.14021174675857295,0.14021174675891707,0.14021174675857295,0.1402117467581666,0.14021174675857295,0.140211746759242,0.14021174676002296,0.140211746759242,0.14021174675857295,0.14021174675891707,0.14021174676002296,0.1402117467625672,0.14021174676002296,0.14021174675891707,0.14021174675857295,0.140211746759242,0.14021174676002296,0.140211746759242,0.14021174675857295,0.1402117467581666,0.14021174675857295,0.14021174675891707,0.14021174675857295,0.1402117467581666,0.1391353070678274,0.13913530706860786,0.13913530706927002,0.13913530706860786,0.1391353070678274,0.13913530706860786,0.13913530706990643,0.13913530707124705,0.13913530706990643,0.13913530706860786,0.13913530706927002,0.13913530707124705,0.13913530707385638,0.13913530707124705,0.13913530706927002,0.13913530706860786,0.13913530706990643,0.13913530707124705,0.13913530706990643,0.13913530706860786,0.1391353070678274,0.13913530706860786,0.13913530706927002,0.13913530706860786,0.1391353070678274,0.13807980356629854,0.13807980356785113,0.1380798035693806,0.13807980356785113,0.13807980356629854,0.13807980356785113,0.13807980357091984,0.1380798035750294,0.13807980357091984,0.13807980356785113,0.1380798035693806,0.1380798035750294,0.13807980358637267,0.1380798035750294,0.1380798035693806,0.13807980356785113,0.13807980357091984,0.1380798035750294,0.13807980357091984,0.13807980356785113,0.13807980356629854,0.13807980356785113,0.1380798035693806,0.13807980356785113,0.13807980356629854,0.13704476564708745,0.1370447656494842,0.13704476565236307,0.1370447656494842,0.13704476564708745,0.1370447656494842,0.13704476565534182,0.13704476566701077,0.13704476565534182,0.1370447656494842,0.13704476565236307,0.13704476566701077,0.13704476573143026,0.13704476566701077,0.13704476565236307,0.1370447656494842,0.13704476565534182,0.13704476566701077,0.13704476565534182,0.1370447656494842,0.13704476564708745,0.1370447656494842,0.13704476565236307,0.1370447656494842,0.13704476564708745,0.13602973221411777,0.1360297322157742,0.13602973221738962,0.1360297322157742,0.13602973221411777,0.1360297322157742,0.1360297322190073,0.13602973222331363,0.1360297322190073,0.1360297322157742,0.13602973221738962,0.13602973222331363,0.13602973223523127,0.13602973222331363,0.13602973221738948,0.1360297322157742,0.1360297322190073,0.13602973222331363,0.1360297322190073,0.1360297322157742,0.13602973221411777,0.1360297322157742,0.13602973221738948,0.1360297322157742,0.13602973221411777,0.13503425169082012,0.1350342516918542,0.13503425169270605,0.1350342516918542,0.13503425169082012,0.1350342516918542,0.1350342516935134,0.1350342516951545,0.1350342516935134,0.1350342516918542,0.13503425169270605,0.1350342516951545,0.13503425169813296,0.1350342516951545,0.13503425169270605,0.1350342516918542,0.1350342516935134,0.1350342516951545,0.1350342516935134,0.1350342516918542,0.13503425169082012,0.1350342516918542,0.13503425169270605,0.1350342516918542,0.13503425169082012
0.16533248797409497,0.16533248797409475,0.16533248797409475,0.16533248797409475,0.16533248797409497,0.16533248797409475,0.16533248797409475,0.16533248797409475,0.16533248797409475,0.16533248797409475,0.16533248797409475,0.16533248797409475,0.16533248797409453,0.16533248797409475,0.16533248797409475,0.16533248797409475,0.16533248797409475,0.16533248797409475,0.16533248797409475,0.16533248797409475,0.16533248797409497,0.16533248797409475,0.16533248797409475,0.16533248797409475,0.16533248797409497,0.16375749425154065,0.1637574942515404,0.16375749425154018,0.1637574942515404,0.16375749425154065,0.1637574942515404,0.16375749425154018,0.16375749425153996,0.16375749425154018,0.1637574942515404,0.16375749425154018,0.16375749425153996,0.16375749425153974,0.16375749425153996,0.16375749425154018,0.1637574942515404,0.16375749425154018,0.16375749425153996,0.16375749425154018,0.1637574942515404,0.16375749425154065,0.1637574942515404,0.16375749425154018,0.1637574942515404,0.16375749425154065,0.16221388446095208,0.16221388446095142,0.16221388446095095,0.16221388446095142,0.1622138844609523,0.16221388446095142,0.16221388446095047,0.16221388446095003,0.16221388446095047,0.16221388446095142,0.16221388446095095,0.16221388446095003,0.16221388446094956,0.16221388446095003,0.16221388446095095,0.16221388446095142,0.16221388446095047,0.16221388446095003,0.16221388446095047,0.16221388446095142,0.1622138844609523,0.16221388446095142,0.16221388446095095,0.16221388446095142,0.1622138844609523,0.16070106755937089,0.16070106755936842,0.16070106755936708,0.16070106755936842,0.16070106755937089,0.16070106755936842,0.16070106755936597,0.16070106755936422,0.16070106755936597,0.16070106755936842,0.16070106755936708,0.16070106755936422,0.16070106755936242,0.16070106755936422,0.16070106755936708,0.16070106755936842,0.16070106755936597,0.16070106755936422,0.16070106755936597,0.16070106755936864,0.16070106755937089,0.16070106755936842,0.16070106755936708,0.16070106755936864,0.16070106755937089,0.159218451921778,0.1592184519217708,0.1592184519217662,0.1592184519217708,0.159218451921778,0.1592184519217708,0.15921845192176276,0.15921845192175732,0.15921845192176276,0.1592184519217708,0.1592184519217662,0.15921845192175732,0.1592184519217512,0.15921845192175732,0.1592184519217662,0.1592184519217708,0.15921845192176276,0.15921845192175732,0.15921845192176276,0.1592184519217708,0.159218451921778,0.1592184519217708,0.1592184519217662,0.1592184519217708,0.159218451921778,0.15776544669294984,0.15776544669292916,0.15776544669291528,0.15776544669292916,0.15776544669294984,0.15776544669292916,0.15776544669290396,0.15776544669288647,0.15776544669290396,0.15776544669292916,0.15776544669291528,0.15776544669288647,0.15776544669286618,0.15776544669288647,0.15776544669291528,0.15776544669292916,0.15776544669290396,0.15776544669288647,0.15776544669290396,0.15776544669292916,0.15776544669294984,0.15776544669292916,0.15776544669291528,0.15776544669292916,0.15776544669294984,0.15634146300179338,0.15634146300173443,0.15634146300169324,0.15634146300173443,0.15634146300179338,0.15634146300173443,0.1563414630016581,0.156341463001601,0.1563414630016581,0.15634146300173443,0.15634146300169324,0.156341463001601,0.15634146300152826,0.156341463001601,0.15634146300169324,0.15634146300173443,0.1563414630016581,0.156341463001601,0.1563414630016581,0.15634146300173443,0.15634146300179338,0.15634146300173443,0.15634146300169324,0.15634146300173443,0.15634146300179338,0.15494591504843847,0.15494591504827945,0.1549459150481602,0.15494591504827945,0.15494591504843847,0.15494591504827945,0.1549459150480526,0.15494591504786182,0.1549459150480526,0.15494591504827945,0.1549459150481602,0.15494591504786182,0.15494591504758146,0.15494591504786182,0.1549459150481602,0.15494591504827945,0.1549459150480526,0.15494591504786182,0.1549459150480526,0.15494591504827945,0.15494591504843847,0.15494591504827945,0.1549459150481602,0.15494591504827945,0.15494591504843847,0.15357822107382213,0.15357822107342525,0.15357822107309507,0.15357822107342525,0.15357822107382213,0.15357822107342525,0.15357822107278113,0.15357822107213326,0.15357822107278113,0.15357822107342525,0.15357822107309507,0.15357822107213326,0.1535782210709346,0.15357822107213326,0.15357822107309507,0.15357822107342525,0.15357822107278113,0.15357822107213326,0.15357822107278113,0.15357822107342525,0.15357822107382213,0.15357822107342525,0.15357822107309507,0.15357822107342525,0.15357822107382213,0.1522378042209481,0.15223780422008537,0.15223780421925492,0.15223780422008537,0.1522378042209481,0.15223780422008537,0.1522378042184262,0.15223780421626806,0.1522378042184262,0.15223780422008537,0.15223780421925492,0.15223780421626806,0.15223780421047448,0.15223780421626806,0.15223780421925492,0.15223780422008537,0.1522378042184262,0.15223780421626806,0.1522378042184262,0.15223780422008537,0.1522378042209481,0.15223780422008537,0.15223780421925492,0.15223780422008537,0.1522378042209481,0.15092409329638615,0.15092409329494755,0.15092409329329712,0.15092409329494755,0.15092409329638615,0.15092409329494755,0.15092409329159903,0.150924093285399,0.15092409329159903,0.15092409329494755,0.15092409329329712,0.150924093285399,0.15092409325367848,0.150924093285399,0.15092409329329712,0.15092409329494755,0.15092409329159903,0.150924093285399,0.15092409329159903,0.15092409329494755,0.15092409329638615,0.15092409329494755,0.15092409329329712,0.15092409329494755,0.15092409329638615,0.14963652343962253,0.1496365234383046,0.14963652343689576,0.1496365234383046,0.14963652343962253,0.1496365234383046,0.14963652343545816,0.14963652343086248,0.14963652343545816,0.1496365234383046,0.14963652343689576,0.14963652343086248,0.1496365234117181,0.14963652343086248,0.14963652343689576,0.1496365234383046,0.14963652343545816,0.14963652343086248,0.14963652343545816,0.1496365234383046,0.14963652343962253,0.1496365234383046,0.14963652343689576,0.1496365234383046,0.14963652343962253,0.14837453670682169,0.14837453670593842,0.14837453670506032,0.14837453670593842,0.14837453670682169,0.14837453670593842,0.14837453670417963,0.14837453670162576,0.14837453670417963,0.14837453670593842,0.14837453670506032,0.14837453670162576,0.14837453669205425,0.14837453670162576,0.14837453670506032,0.14837453670593842,0.14837453670417963,0.14837453670162576,0.14837453670417963,0.14837453670593842,0.14837453670682169,0.14837453670593842,0.14837453670506032,0.14837453670593842,0.14837453670682169,0.1471375825799359,0.14713758257947956,0.14713758257906157,0.14713758257947956,0.1471375825799359,0.14713758257947956,0.14713758257865303,0.14713758257759108,0.14713758257865303,0.14713758257947956,0.14713758257906157,0.14713758257759108,0.14713758257409415,0.14713758257759108,0.14713758257906157,0.14713758257947956,0.14713758257865303,0.14713758257759108,0.14713758257865303,0.14713758257947956,0.1471375825799359,0.14713758257947956,0.14713758257906157,0.14713758257947956,0.1471375825799359,0.14592511840518718,0.1459251184050353,0.145925118404924,0.1459251184050353,0.14592511840518718,0.1459251184050353,0.14592511840482447,0.1459251184046836,0.14592511840482447,0.1459251184050353,0.145925118404924,0.1459251184046836,0.1459251184048298,0.1459251184046836,0.145925118404924,0.1459251184050353,0.14592511840482447,0.1459251184046836,0.14592511840482447,0.1459251184050353,0.14592511840518718,0.1459251184050353,0.145925118404924,0.1459251184050353,0.14592511840518718,0.1447366097667556,0.14473660976677355,0.14473660976681615,0.14473660976677355,0.1447366097667556,0.14473660976677355,0.14473660976686661,0.1447366097671012,0.14473660976686661,0.14473660976677355,0.14473660976681615,0.1447366097671012,0.14473660976835986,0.1447366097671012,0.14473660976681615,0.14473660976677355,0.14473660976686661,0.1447366097671012,0.14473660976686661,0.14473660976677355,0.1447366097667556,0.14473660976677355,0.14473660976681615,0.14473660976677355,0.1447366097667556,0.14357153080157645,0.14357153080168183,0.1435715308017953,0.14357153080168183,0.14357153080157645,0.14357153080168183,0.14357153080191148,0.1435715308022828,0.14357153080191148,0.14357153080168183,0.1435715308017953,0.1435715308022828,0.14357153080385857,0.1435715308022828,0.1435715308017953,0.14357153080168183,0.14357153080191148,0.1435715308022828,0.14357153080191148,0.14357153080168183,0.14357153080157645,0.14357153080168183,0.1435715308017953,0.14357153080168183,0.14357153080157645,0.14242936446061127,0.14242936446077736,0.1424293644609389,0.14242936446077736,0.14242936446061127,0.14242936446077736,0.1424293644610984,0.14242936446156848,0.1424293644610984,0.14242936446077736,0.1424293644609389,0.14242936446156848,0.14242936446343823,0.14242936446156848,0.1424293644609389,0.14242936446077736,0.1424293644610984,0.14242936446156848,0.1424293644610984,0.14242936446077736,0.14242936446061127,0.14242936446077736,0.1424293644609389,0.14242936446077736,0.14242936446061127,0.14130960272161322,0.14130960272185733,0.14130960272207835,0.14130960272185733,0.14130960272161322,0.14130960272185733,0.14130960272229035,0.14130960272287138,0.14130960272229035,0.14130960272185733,0.14130960272207835,0.14130960272287138,0.14130960272504497,0.14130960272287138,0.14130960272207835,0.14130960272185733,0.14130960272229035,0.14130960272287138,0.14130960272229035,0.14130960272185733,0.14130960272161322,0.14130960272185733,0.14130960272207835,0.14130960272185733,0.14130960272161322,0.14021174675794812,0.14021174675835207,0.1402117467586939,0.14021174675835207,0.14021174675794812,0.14021174675835207,0.14021174675901657,0.1402117467597906,0.14021174675901657,0.14021174675835207,0.1402117467586939,0.1402117467597906,0.14021174676231257,0.1402117467597906,0.1402117467586939,0.14021174675835207,0.14021174675901657,0.1402117467597906,0.14021174675901657,0.14021174675835207,0.14021174675794812,0.14021174675835207,0.1402117467586939,0.14021174675835207,0.14021174675794812,0.13913530706758773,0.13913530706836594,0.13913530706902638,0.13913530706836594,0.13913530706758773,0.13913530706836594,0.13913530706966087,0.1391353070709974,0.13913530706966087,0.13913530706836594,0.13913530706902638,0.1391353070709974,0.13913530707359786,0.1391353070709974,0.13913530706902638,0.13913530706836594,0.13913530706966087,0.1391353070709974,0.13913530706966087,0.13913530706836594,0.13913530706758773,0.13913530706836594,0.13913530706902638,0.13913530706836594,0.13913530706758773,0.13807980356604163,0.13807980356759128,0.13807980356911814,0.13807980356759128,0.13807980356604163,0.13807980356759128,0.13807980357065458,0.138079803574757,0.13807980357065458,0.13807980356759128,0.13807980356911814,0.138079803574757,0.13807980358608105,0.138079803574757,0.13807980356911814,0.13807980356759128,0.13807980357065458,0.138079803574757,0.13807980357065458,0.13807980356759128,0.13807980356604163,0.13807980356759128,0.13807980356911814,0.13807980356759128,0.13807980356604163,0.13704476564681894,0.1370447656492116,0.1370447656520859,0.1370447656492116,0.13704476564681894,0.1370447656492116,0.13704476565505966,0.1370447656667097,0.13704476565505966,0.1370447656492116,0.1370447656520859,0.1370447656667097,0.13704476573101806,0.1370447656667097,0.1370447656520859,0.1370447656492116,0.13704476565505966,0.1370447656667097,0.13704476565505966,0.1370447656492116,0.13704476564681894,0.1370447656492116,0.1370447656520859,0.1370447656492116,0.13704476564681894,0.13602973221384568,0.1360297322154994,0.13602973221711218,0.1360297322154994,0.13602973221384568,0.1360297322154994,0.1360297322187271,0.13602973222302658,0.1360297322187271,0.1360297322154994,0.13602973221711218,0.13602973222302658,0.13602973223492498,0.13602973222302658,0.13602973221711218,0.1360297322154994,0.1360297322187271,0.13602973222302658,0.1360297322187271,0.1360297322154994,0.13602973221384568,0.1360297322154994,0.13602973221711218,0.1360297322154994,0.13602973221384568,0.1350342516905499,0.13503425169158217,0.13503425169243272,0.13503425169158217,0.1350342516905499,0.13503425169158217,0.13503425169323863,0.13503425169487723,0.13503425169323877,0.13503425169158217,0.13503425169243272,0.13503425169487723,0.13503425169785088,0.13503425169487723,0.13503425169243272,0.13503425169158217,0.13503425169323877,0.13503425169487723,0.13503425169323877,0.13503425169158217,0.1350342516905499,0.13503425169158217,0.13503425169243272,0.13503425169158217,0.1350342516905499
0.16533248797429465,0.1653324879742944,0.1653324879742944,0.1653324879742944,0.16533248797429465,0.1653324879742944,0.1653324879742944,0.1653324879742944,0.1653324879742944,0.1653324879742944,0.1653324879742944,0.1653324879742944,0.16533248797429417,0.1653324879742944,0.1653324879742944,0.1653324879742944,0.1653324879742944,0.1653324879742944,0.1653324879742944,0.1653324879742944,0.16533248797429465,0.1653324879742944,0.1653324879742944,0.1653324879742944,0.16533248797429465,0.1637574942517363,0.16375749425173608,0.16375749425173586,0.16375749425173608,0.1637574942517363,0.16375749425173608,0.16375749425173586,0.16375749425173564,0.16375749425173586,0.16375749425173608,0.16375749425173586,0.16375749425173564,0.1637574942517354,0.16375749425173564,0.16375749425173586,0.16375749425173608,0.16375749425173586,0.16375749425173564,0.16375749425173586,0.16375749425173608,0.1637574942517363,0.16375749425173608,0.16375749425173586,0.16375749425173608,0.1637574942517363,0.16221388446114385,0.16221388446114318,0.1622138844611427,0.16221388446114318,0.16221388446114385,0.16221388446114318,0.16221388446114227,0.1622138844611418,0.16221388446114227,0.16221388446114318,0.1622138844611427,0.1622138844611418,0.16221388446114135,0.1622138844611418,0.1622138844611427,0.16221388446114318,0.16221388446114227,0.1622138844611418,0.16221388446114227,0.16221388446114318,0.16221388446114385,0.16221388446114318,0.1622138844611427,0.16221388446114318,0.16221388446114385,0.16070106755955882,0.16070106755955635,0.1607010675595548,0.16070106755955635,0.16070106755955882,0.16070106755955635,0.1607010675595537,0.16070106755955216,0.1607010675595537,0.16070106755955635,0.1607010675595548,0.16070106755955216,0.16070106755955035,0.16070106755955216,0.1607010675595548,0.16070106755955635,0.1607010675595537,0.16070106755955216,0.1607010675595537,0.16070106755955635,0.16070106755955882,0.16070106755955635,0.1607010675595548,0.16070106755955635,0.16070106755955882,0.15921845192196193,0.159218451921955,0.15921845192195042,0.159218451921955,0.15921845192196193,0.159218451921955,0.15921845192194672,0.15921845192194128,0.15921845192194672,0.159218451921955,0.15921845192195042,0.15921845192194128,0.1592184519219354,0.15921845192194128,0.15921845192195042,0.159218451921955,0.15921845192194672,0.15921845192194128,0.15921845192194672,0.159218451921955,0.15921845192196193,0.159218451921955,0.15921845192195042,0.159218451921955,0.15921845192196193,0.15776544669312992,0.1577654466931092,0.15776544669309558,0.1577654466931092,0.15776544669312992,0.1577654466931092,0.15776544669308423,0.157765446693067,0.15776544669308423,0.1577654466931092,0.15776544669309558,0.157765446693067,0.15776544669304648,0.157765446693067,0.15776544669309558,0.1577654466931092,0.15776544669308423,0.157765446693067,0.15776544669308423,0.1577654466931092,0.15776544669312992,0.1577654466931092,0.15776544669309558,0.1577654466931092,0.15776544669312992,0.15634146300196947,0.1563414630019107,0.15634146300186993,0.1563414630019107,0.15634146300196947,0.1563414630019107,0.1563414630018348,0.15634146300177792,0.1563414630018348,0.1563414630019107,0.15634146300186993,0.15634146300177792,0.1563414630017056,0.15634146300177792,0.15634146300186993,0.1563414630019107,0.1563414630018348,0.15634146300177792,0.1563414630018348,0.1563414630019107,0.15634146300196947,0.1563414630019107,0.15634146300186993,0.1563414630019107,0.15634146300196947,0.15494591504861002,0.1549459150484516,0.15494591504833294,0.1549459150484516,0.15494591504861002,0.1549459150484516,0.154945915048226,0.154945915048036,0.154945915048226,0.1549459150484516,0.15494591504833294,0.154945915048036,0.1549459150477571,0.154945915048036,0.15494591504833294,0.1549459150484516,0.154945915048226,0.154945915048036,0.154945915048226,0.1549459150484516,0.15494591504861002,0.1549459150484516,0.15494591504833294,0.1549459150484516,0.15494591504861002,0.15357822107398741,0.15357822107359256,0.15357822107326377,0.15357822107359256,0.15357822107398741,0.15357822107359256,0.15357822107295147,0.15357822107230656,0.15357822107295147,0.15357822107359256,0.15357822107326377,0.15357822107230656,0.15357822107111355,0.15357822107230656,0.15357822107326377,0.15357822107359256,0.15357822107295147,0.15357822107230656,0.15357822107295147,0.15357822107359256,0.15357822107398741,0.15357822107359256,0.15357822107326377,0.15357822107359256,0.15357822107398741,0.1522378042211036,0.1522378042202448,0.15223780421941827,0.1522378042202448,0.1522378042211036,0.1522378042202448,0.15223780421859354,0.15223780421644562,0.15223780421859354,0.1522378042202448,0.15223780421941827,0.15223780421644562,0.1522378042106796,0.15223780421644562,0.15223780421941827,0.1522378042202448,0.15223780421859354,0.15223780421644562,0.15223780421859354,0.1522378042202448,0.1522378042211036,0.1522378042202448,0.15223780421941827,0.1522378042202448,0.1522378042211036,0.15092409329652348,0.15092409329509127,0.15092409329344875,0.15092409329509127,0.15092409329652348,0.15092409329509127,0.15092409329175838,0.15092409328558784,0.15092409329175838,0.15092409329509127,0.15092409329344875,0.15092409328558784,0.1509240932540404,0.15092409328558784,0.15092409329344875,0.15092409329509127,0.15092409329175838,0.15092409328558784,0.15092409329175838,0.15092409329509127,0.15092409329652348,0.15092409329509127,0.15092409329344875,0.15092409329509127,0.15092409329652348,0.14963652343972747,0.14963652343841544,0.14963652343701261,0.14963652343841524,0.14963652343972747,0.14963652343841544,0.14963652343558143,0.1496365234310073,0.14963652343558143,0.14963652343841524,0.14963652343701261,0.1496365234310073,0.14963652341196296,0.1496365234310073,0.14963652343701261,0.14963652343841524,0.14963652343558143,0.1496365234310073,0.14963652343558143,0.14963652343841524,0.14963652343972747,0.14963652343841524,0.14963652343701261,0.14963652343841524,0.14963652343972747,0.14837453670688266,0.1483745367060018,0.1483745367051259,0.1483745367060018,0.14837453670688266,0.1483745367060018,0.14837453670424744,0.14837453670169953,0.14837453670424744,0.1483745367060018,0.1483745367051259,0.14837453670169953,0.14837453669215708,0.14837453670169934,0.1483745367051259,0.1483745367060018,0.14837453670424744,0.14837453670169934,0.14837453670424744,0.1483745367060018,0.14837453670688266,0.1483745367060018,0.1483745367051259,0.1483745367060018,0.14837453670688266,0.14713758257994713,0.14713758257949047,0.14713758257907175,0.14713758257949047,0.14713758257994713,0.14713758257949047,0.1471375825786623,0.14713758257759668,0.1471375825786623,0.14713758257949047,0.14713758257907175,0.14713758257759668,0.14713758257407147,0.14713758257759668,0.14713758257907175,0.14713758257949047,0.1471375825786623,0.14713758257759668,0.1471375825786623,0.14713758257949047,0.14713758257994713,0.14713758257949047,0.14713758257907175,0.14713758257949047,0.14713758257994713,0.14592511840514888,0.1459251184049947,0.14592511840488107,0.1459251184049947,0.14592511840514888,0.1459251184049947,0.14592511840477887,0.14592511840462932,0.14592511840477887,0.1459251184049947,0.14592511840488107,0.14592511840462932,0.14592511840473935,0.14592511840462932,0.14592511840488107,0.1459251184049947,0.14592511840477887,0.14592511840462932,0.14592511840477887,0.1459251184049947,0.14592511840514888,0.1459251184049947,0.14592511840488107,0.1459251184049947,0.14592511840514888,0.14473660976667146,0.14473660976668648,0.14473660976672592,0.14473660976668648,0.14473660976667146,0.14473660976668648,0.14473660976677322,0.1447366097669977,0.14473660976677322,0.14473660976668648,0.14473660976672592,0.1447366097669977,0.14473660976824346,0.1447366097669977,0.14473660976672592,0.14473660976668648,0.14473660976677322,0.1447366097669977,0.14473660976677322,0.14473660976668648,0.14473660976667146,0.14473660976668648,0.14473660976672592,0.14473660976668648,0.14473660976667146,0.1435715308014517,0.1435715308015542,0.14357153080166474,0.1435715308015542,0.1435715308014517,0.1435715308015542,0.143571530801778,0.14357153080214058,0.143571530801778,0.1435715308015542,0.14357153080166474,0.14357153080214058,0.14357153080364007,0.14357153080214058,0.14357153080166474,0.1435715308015542,0.143571530801778,0.14357153080214058,0.143571530801778,0.1435715308015542,0.1435715308014517,0.1435715308015542,0.14357153080166474,0.1435715308015542,0.1435715308014517,0.14242936446045143,0.1424293644606148,0.1424293644607735,0.1424293644606148,0.14242936446045143,0.1424293644606148,0.14242936446093035,0.14242936446139215,0.14242936446093035,0.1424293644606148,0.1424293644607735,0.14242936446139215,0.1424293644632116,0.14242936446139215,0.1424293644607735,0.1424293644606148,0.14242936446093035,0.14242936446139215,0.14242936446093035,0.1424293644606148,0.14242936446045143,0.1424293644606148,0.1424293644607735,0.1424293644606148,0.14242936446045143,0.14130960272142326,0.14130960272166487,0.14130960272188314,0.14130960272166487,0.14130960272142326,0.14130960272166487,0.14130960272209267,0.14130960272266566,0.14130960272209267,0.14130960272166487,0.14130960272188314,0.14130960272266566,0.14130960272481508,0.14130960272266566,0.14130960272188314,0.14130960272166487,0.14130960272209267,0.14130960272266566,0.14130960272209267,0.14130960272166487,0.14130960272142326,0.14130960272166487,0.14130960272188314,0.14130960272166487,0.14130960272142326,0.14021174675773282,0.14021174675813453,0.14021174675847412,0.14021174675813453,0.14021174675773282,0.14021174675813453,0.1402117467587944,0.1402117467595616,0.1402117467587944,0.14021174675813453,0.14021174675847412,0.1402117467595616,0.14021174676205586,0.1402117467595616,0.14021174675847412,0.14021174675813453,0.1402117467587944,0.1402117467595616,0.1402117467587944,0.14021174675813453,0.14021174675773282,0.14021174675813453,0.14021174675847412,0.14021174675813453,0.14021174675773282,0.13913530706735133,0.13913530706812752,0.13913530706878605,0.13913530706812752,0.13913530706735133,0.13913530706812752,0.13913530706941882,0.1391353070707512,0.13913530706941882,0.13913530706812752,0.13913530706878605,0.1391353070707512,0.13913530707334298,0.1391353070707512,0.13913530706878605,0.13913530706812752,0.13913530706941882,0.1391353070707512,0.13913530706941882,0.13913530706812752,0.13913530706735133,0.13913530706812752,0.13913530706878605,0.13913530706812752,0.13913530706735133,0.1380798035657883,0.13807980356733515,0.1380798035688592,0.13807980356733515,0.1380798035657883,0.13807980356733515,0.13807980357039304,0.1380798035744883,0.13807980357039304,0.13807980356733515,0.1380798035688592,0.1380798035744883,0.13807980358579344,0.1380798035744883,0.1380798035688592,0.13807980356733515,0.13807980357039304,0.1380798035744883,0.13807980357039304,0.13807980356733515,0.1380798035657883,0.13807980356733515,0.1380798035688592,0.13807980356733515,0.1380798035657883,0.13704476564655424,0.1370447656489429,0.1370447656518124,0.1370447656489429,0.13704476564655424,0.1370447656489429,0.13704476565478158,0.13704476566641277,0.13704476565478158,0.1370447656489429,0.1370447656518124,0.13704476566641277,0.13704476573062915,0.13704476566641277,0.1370447656518124,0.1370447656489429,0.13704476565478158,0.13704476566641277,0.13704476565478158,0.1370447656489429,0.13704476564655424,0.1370447656489429,0.1370447656518124,0.1370447656489429,0.13704476564655424,0.13602973221357728,0.1360297322152285,0.13602973221683853,0.1360297322152285,0.13602973221357728,0.1360297322152285,0.13602973221845097,0.13602973222274345,0.13602973221845097,0.1360297322152285,0.13602973221683853,0.13602973222274345,0.1360297322346229,0.13602973222274345,0.13602973221683853,0.1360297322152285,0.13602973221845097,0.13602973222274345,0.13602973221845097,0.1360297322152285,0.13602973221357728,0.1360297322152285,0.13602973221683853,0.1360297322152285,0.13602973221357728,0.13503425169028327,0.13503425169131397,0.13503425169216304,0.13503425169131397,0.13503425169028327,0.13503425169131397,0.13503425169296782,0.13503425169460376,0.13503425169296782,0.13503425169131397,0.13503425169216304,0.13503425169460376,0.13503425169757258,0.13503425169460376,0.13503425169216304,0.13503425169131397,0.13503425169296782,0.13503425169460376,0.13503425169296782,0.13503425169131397,0.13503425169028327,0.13503425169131397,0.13503425169216304,0.13503425169131397,0.13503425169028327
0.16533248797449146,0.16533248797449146,0.16533248797449124,0.16533248797449146,0.16533248797449146,0.16533248797449146,0.16533248797449124,0.16533248797449124,0.16533248797449124,0.16533248797449146,0.16533248797449124,0.16533248797449124,0.16533248797449124,0.16533248797449124,0.16533248797449124,0.16533248797449146,0.16533248797449124,0.16533248797449124,0.16533248797449124,0.16533248797449146,0.16533248797449146,0.16533248797449146,0.16533248797449124,0.16533248797449146,0.16533248797449146,0.1637574942519292,0.16375749425192898,0.16375749425192898,0.16375749425192898,0.1637574942519292,0.16375749425192898,0.16375749425192873,0.1637574942519285,0.16375749425192873,0.16375749425192898,0.16375749425192898,0.1637574942519285,0.1637574942519285,0.1637574942519285,0.16375749425192898,0.16375749425192898,0.16375749425192873,0.1637574942519285,0.16375749425192873,0.16375749425192898,0.1637574942519292,0.16375749425192898,0.16375749425192898,0.16375749425192898,0.1637574942519292,0.1622138844613329,0.1622138844613322,0.16221388446133178,0.1622138844613322,0.1622138844613329,0.1622138844613322,0.16221388446133128,0.16221388446133087,0.16221388446133128,0.1622138844613322,0.16221388446133178,0.16221388446133087,0.1622138844613302,0.16221388446133087,0.16221388446133178,0.1622138844613322,0.16221388446133128,0.16221388446133087,0.16221388446133128,0.1622138844613322,0.1622138844613329,0.1622138844613322,0.16221388446133178,0.1622138844613322,0.1622138844613329,0.16070106755974387,0.16070106755974164,0.1607010675597401,0.16070106755974164,0.16070106755974387,0.16070106755974164,0.16070106755973895,0.1607010675597372,0.16070106755973895,0.16070106755974164,0.1607010675597401,0.1607010675597372,0.16070106755973543,0.1607010675597372,0.1607010675597401,0.16070106755974164,0.16070106755973895,0.1607010675597372,0.16070106755973895,0.16070106755974164,0.16070106755974387,0.16070106755974164,0.1607010675597401,0.16070106755974164,0.16070106755974387,0.15921845192214332,0.15921845192213635,0.1592184519221318,0.15921845192213635,0.15921845192214332,0.15921845192213635,0.1592184519221283,0.15921845192212286,0.1592184519221283,0.15921845192213635,0.1592184519221318,0.15921845192212286,0.15921845192211675,0.15921845192212286,0.1592184519221318,0.15921845192213635,0.1592184519221283,0.15921845192212286,0.1592184519221283,0.15921845192213635,0.15921845192214332,0.15921845192213635,0.1592184519221318,0.15921845192213635,0.15921845192214332,0.15776544669330744,0.15776544669328674,0.15776544669327308,0.15776544669328674,0.15776544669330744,0.15776544669328674,0.157765446693262,0.15776544669324472,0.157765446693262,0.15776544669328674,0.15776544669327308,0.15776544669324472,0.15776544669322445,0.15776544669324472,0.15776544669327308,0.15776544669328674,0.157765446693262,0.15776544669324472,0.157765446693262,0.15776544669328674,0.15776544669330744,0.15776544669328674,0.15776544669327308,0.15776544669328674,0.15776544669330744,0.1563414630021428,0.15634146300208449,0.1563414630020437,0.15634146300208449,0.1563414630021428,0.15634146300208449,0.156341463002009,0.1563414630019523,0.156341463002009,0.15634146300208449,0.1563414630020437,0.1563414630019523,0.1563414630018804,0.1563414630019523,0.1563414630020437,0.15634146300208449,0.156341463002009,0.1563414630019523,0.156341463002009,0.15634146300208449,0.1563414630021428,0.15634146300208449,0.1563414630020437,0.15634146300208449,0.1563414630021428,0.1549459150487789,0.1549459150486213,0.15494591504850325,0.1549459150486213,0.1549459150487789,0.1549459150486213,0.1549459150483967,0.15494591504820773,0.1549459150483967,0.1549459150486213,0.15494591504850325,0.15494591504820773,0.15494591504793007,0.15494591504820773,0.15494591504850325,0.1549459150486213,0.1549459150483967,0.15494591504820773,0.1549459150483967,0.1549459150486213,0.1549459150487789,0.1549459150486213,0.15494591504850325,0.1549459150486213,0.1549459150487789,0.15357822107415048,0.15357822107375724,0.15357822107343028,0.15357822107375724,0.15357822107415048,0.15357822107375724,0.15357822107311916,0.1535782210724775,0.15357822107311916,0.15357822107375724,0.15357822107343028,0.1535782210724775,0.1535782210712901,0.1535782210724775,0.15357822107343028,0.15357822107375724,0.15357822107311916,0.1535782210724775,0.15357822107311916,0.15357822107375724,0.15357822107415048,0.15357822107375724,0.15357822107343028,0.15357822107375724,0.15357822107415048,0.15223780422125674,0.1522378042204021,0.1522378042195793,0.1522378042204021,0.15223780422125674,0.1522378042204021,0.1522378042187585,0.1522378042166206,0.1522378042187585,0.1522378042204021,0.1522378042195793,0.1522378042166206,0.15223780421088154,0.1522378042166206,0.1522378042195793,0.1522378042204021,0.1522378042187585,0.1522378042166206,0.1522378042187585,0.1522378042204021,0.15223780422125674,0.1522378042204021,0.1522378042195793,0.1522378042204021,0.15223780422125674,0.15092409329665873,0.15092409329523307,0.15092409329359804,0.15092409329523307,0.15092409329665873,0.15092409329523307,0.1509240932919156,0.1509240932857738,0.1509240932919156,0.15092409329523307,0.15092409329359804,0.1509240932857738,0.15092409325435716,0.1509240932857738,0.15092409329359804,0.15092409329523307,0.1509240932919156,0.1509240932857738,0.1509240932919156,0.15092409329523307,0.15092409329665873,0.15092409329523307,0.15092409329359804,0.15092409329523307,0.15092409329665873,0.1496365234398311,0.14963652343852452,0.14963652343712777,0.14963652343852452,0.1496365234398311,0.14963652343852452,0.14963652343570283,0.1496365234311499,0.14963652343570283,0.14963652343852452,0.14963652343712777,0.1496365234311499,0.14963652341220748,0.1496365234311499,0.14963652343712777,0.14963652343852452,0.14963652343570283,0.1496365234311499,0.14963652343570283,0.14963652343852452,0.1496365234398311,0.14963652343852452,0.14963652343712777,0.14963652343852452,0.1496365234398311,0.14837453670694292,0.14837453670606443,0.148374536705191,0.14837453670606443,0.14837453670694292,0.14837453670606443,0.14837453670431475,0.14837453670177236,0.14837453670431475,0.14837453670606443,0.148374536705191,0.14837453670177236,0.14837453669221937,0.14837453670177236,0.148374536705191,0.14837453670606443,0.14837453670431475,0.14837453670177236,0.14837453670431475,0.14837453670606443,0.14837453670694292,0.14837453670606443,0.148374536705191,0.14837453670606443,0.14837453670694292,0.1471375825799584,0.14713758257950135,0.1471375825790819,0.14713758257950135,0.1471375825799584,0.14713758257950135,0.14713758257867174,0.14713758257760268,0.14713758257867174,0.14713758257950135,0.1471375825790819,0.14713758257760268,0.14713758257407164,0.14713758257760268,0.1471375825790819,0.14713758257950135,0.14713758257867174,0.14713758257760268,0.14713758257867174,0.14713758257950135,0.1471375825799584,0.14713758257950135,0.1471375825790819,0.14713758257950135,0.1471375825799584,0.14592511840511133,0.14592511840495515,0.14592511840483907,0.14592511840495515,0.14592511840511133,0.14592511840495515,0.14592511840473454,0.14592511840457623,0.14592511840473454,0.14592511840495515,0.14592511840483907,0.14592511840457623,0.14592511840464478,0.14592511840457623,0.14592511840483907,0.14592511840495515,0.14592511840473454,0.14592511840457623,0.14592511840473454,0.14592511840495515,0.14592511840511133,0.14592511840495515,0.14592511840483907,0.14592511840495515,0.14592511840511133,0.14473660976658873,0.14473660976660094,0.1447366097666374,0.14473660976660094,0.14473660976658873,0.14473660976660094,0.1447366097666816,0.14473660976689592,0.1447366097666816,0.14473660976660094,0.1447366097666374,0.14473660976689592,0.14473660976806593,0.14473660976689592,0.1447366097666374,0.14473660976660094,0.1447366097666816,0.14473660976689592,0.1447366097666816,0.14473660976660094,0.14473660976658873,0.14473660976660094,0.1447366097666374,0.14473660976660094,0.14473660976658873,0.143571530801329,0.1435715308014288,0.14357153080153642,0.1435715308014288,0.143571530801329,0.1435715308014288,0.14357153080164678,0.1435715308020008,0.14357153080164678,0.1435715308014288,0.14357153080153642,0.1435715308020008,0.14357153080349772,0.1435715308020008,0.14357153080153642,0.1435715308014288,0.14357153080164678,0.1435715308020008,0.14357153080164678,0.1435715308014288,0.143571530801329,0.1435715308014288,0.14357153080153642,0.1435715308014288,0.143571530801329,0.1424293644602939,0.14242936446045462,0.14242936446061077,0.14242936446045462,0.1424293644602939,0.14242936446045462,0.14242936446076476,0.1424293644612184,0.14242936446076476,0.14242936446045462,0.14242936446061077,0.1424293644612184,0.14242936446301113,0.1424293644612184,0.14242936446061077,0.14242936446045462,0.14242936446076476,0.1424293644612184,0.14242936446076476,0.14242936446045462,0.1424293644602939,0.14242936446045462,0.14242936446061077,0.14242936446045462,0.1424293644602939,0.14130960272123613,0.14130960272147508,0.14130960272169085,0.14130960272147508,0.14130960272123613,0.14130960272147508,0.14130960272189777,0.14130960272246304,0.14130960272189777,0.14130960272147508,0.14130960272169085,0.14130960272246304,0.1413096027245736,0.14130960272246304,0.14130960272169085,0.14130960272147508,0.14130960272189777,0.14130960272246304,0.14130960272189777,0.14130960272147508,0.14130960272123613,0.14130960272147508,0.14130960272169085,0.14130960272147508,0.14130960272123613,0.14021174675752063,0.14021174675792006,0.1402117467582574,0.14021174675792006,0.14021174675752063,0.14021174675792006,0.1402117467585754,0.14021174675933568,0.1402117467585754,0.14021174675792006,0.1402117467582574,0.14021174675933568,0.14021174676178205,0.14021174675933568,0.1402117467582574,0.14021174675792006,0.1402117467585754,0.14021174675933568,0.1402117467585754,0.14021174675792006,0.14021174675752063,0.14021174675792006,0.1402117467582574,0.14021174675792006,0.14021174675752063,0.13913530706711844,0.1391353070678924,0.13913530706854904,0.1391353070678924,0.13913530706711844,0.1391353070678924,0.13913530706918006,0.1391353070705085,0.13913530706918006,0.1391353070678924,0.13913530706854904,0.1391353070705085,0.13913530707309157,0.1391353070705085,0.13913530706854904,0.1391353070678924,0.13913530706918006,0.1391353070705085,0.13913530706918006,0.1391353070678924,0.13913530706711844,0.1391353070678924,0.13913530706854904,0.1391353070678924,0.13913530706711844,0.13807980356553853,0.13807980356708258,0.13807980356860386,0.13807980356708258,0.13807980356553853,0.13807980356708258,0.13807980357013488,0.13807980357422317,0.13807980357013488,0.13807980356708258,0.13807980356860386,0.13807980357422317,0.13807980358550972,0.13807980357422317,0.13807980356860386,0.13807980356708258,0.13807980357013488,0.13807980357422317,0.13807980357013488,0.13807980356708258,0.13807980356553853,0.13807980356708258,0.13807980356860386,0.13807980356708258,0.13807980356553853,0.137044765646293,0.1370447656486779,0.1370447656515428,0.1370447656486779,0.137044765646293,0.1370447656486779,0.13704476565450713,0.13704476566611995,0.13704476565450713,0.1370447656486779,0.1370447656515428,0.13704476566611995,0.13704476573022625,0.13704476566611995,0.1370447656515428,0.1370447656486779,0.13704476565450713,0.13704476566611995,0.13704476565450713,0.1370447656486779,0.137044765646293,0.1370447656486779,0.1370447656515428,0.1370447656486779,0.137044765646293,0.1360297322133126,0.13602973221496112,0.13602973221656867,0.13602973221496112,0.1360297322133126,0.13602973221496112,0.13602973221817857,0.13602973222246428,0.13602973221817857,0.13602973221496112,0.13602973221656867,0.13602973222246428,0.136029732234325,0.13602973222246428,0.13602973221656867,0.13602973221496112,0.13602973221817857,0.13602973222246428,0.13602973221817857,0.13602973221496112,0.1360297322133126,0.13602973221496112,0.13602973221656867,0.13602973221496112,0.1360297322133126,0.1350342516900205,0.13503425169104943,0.13503425169189717,0.13503425169104943,0.1350342516900205,0.13503425169104943,0.13503425169270064,0.13503425169433397,0.13503425169270064,0.13503425169104943,0.13503425169189717,0.13503425169433397,0.1350342516972982,0.13503425169433397,0.13503425169189717,0.13503425169104943,0.13503425169270064,0.13503425169433397,0.13503425169270064,0.13503425169104943,0.1350342516900205,0.13503425169104943,0.13503425169189717,0.13503425169104943,0.1350342516900205
0.16533248797468544,0.1653324879746852,0.1653324879746852,0.1653324879746852,0.16533248797468544,0.1653324879746852,0.1653324879746852,0.16533248797468497,0.1653324879746852,0.1653324879746852,0.1653324879746852,0.16533248797468497,0.16533248797468497,0.16533248797468497,0.1653324879746852,0.1653324879746852,0.1653324879746852,0.16533248797468497,0.1653324879746852,0.1653324879746852,0.16533248797468544,0.1653324879746852,0.1653324879746852,0.1653324879746852,0.16533248797468544,0.16375749425211933,0.1637574942521191,0.16375749425211886,0.1637574942521191,0.16375749425211933,0.1637574942521191,0.1637574942521186,0.1637574942521186,0.1637574942521186,0.1637574942521191,0.16375749425211886,0.1637574942521186,0.1637574942521184,0.1637574942521186,0.16375749425211886,0.1637574942521191,0.1637574942521186,0.1637574942521186,0.1637574942521186,0.1637574942521191,0.16375749425211933,0.1637574942521191,0.16375749425211886,0.1637574942521191,0.16375749425211933,0.162213884461519,0.16221388446151833,0.16221388446151785,0.16221388446151833,0.162213884461519,0.16221388446151833,0.1622138844615174,0.16221388446151694,0.1622138844615174,0.16221388446151833,0.16221388446151785,0.16221388446151694,0.1622138844615165,0.16221388446151694,0.16221388446151785,0.16221388446151833,0.1622138844615174,0.16221388446151694,0.1622138844615174,0.16221388446151833,0.162213884461519,0.16221388446151833,0.16221388446151785,0.16221388446151833,0.162213884461519,0.16070106755992625,0.1607010675599238,0.16070106755992247,0.1607010675599238,0.16070106755992625,0.1607010675599238,0.16070106755992136,0.16070106755991959,0.16070106755992136,0.1607010675599238,0.16070106755992247,0.16070106755991959,0.1607010675599178,0.16070106755991959,0.16070106755992247,0.1607010675599238,0.16070106755992136,0.16070106755991959,0.16070106755992136,0.1607010675599238,0.16070106755992625,0.1607010675599238,0.16070106755992247,0.1607010675599238,0.16070106755992625,0.15921845192232184,0.15921845192231487,0.15921845192231032,0.15921845192231487,0.15921845192232184,0.15921845192231487,0.15921845192230683,0.15921845192230138,0.15921845192230683,0.15921845192231487,0.15921845192231032,0.15921845192230138,0.15921845192229553,0.15921845192230138,0.15921845192231032,0.15921845192231487,0.15921845192230683,0.15921845192230138,0.15921845192230683,0.15921845192231487,0.15921845192232184,0.15921845192231487,0.15921845192231032,0.15921845192231487,0.15921845192232184,0.1577654466934822,0.1577654466934617,0.15776544669344805,0.1577654466934617,0.1577654466934822,0.1577654466934617,0.15776544669343698,0.1577654466934197,0.15776544669343698,0.1577654466934617,0.15776544669344805,0.1577654466934197,0.15776544669339962,0.1577654466934197,0.15776544669344805,0.1577654466934617,0.15776544669343698,0.1577654466934197,0.15776544669343698,0.1577654466934617,0.1577654466934822,0.1577654466934617,0.15776544669344805,0.1577654466934617,0.1577654466934822,0.15634146300231366,0.15634146300225574,0.15634146300221516,0.15634146300225574,0.15634146300231366,0.15634146300225574,0.15634146300218046,0.1563414630021242,0.15634146300218046,0.15634146300225574,0.15634146300221516,0.1563414630021242,0.15634146300205248,0.1563414630021242,0.15634146300221516,0.15634146300225574,0.15634146300218046,0.1563414630021242,0.15634146300218046,0.15634146300225574,0.15634146300231366,0.15634146300225574,0.15634146300221516,0.15634146300225574,0.15634146300231366,0.15494591504894548,0.15494591504878852,0.15494591504867108,0.15494591504878852,0.15494591504894548,0.15494591504878852,0.15494591504856495,0.1549459150483768,0.15494591504856495,0.15494591504878852,0.15494591504867108,0.1549459150483768,0.15494591504810035,0.1549459150483768,0.15494591504867108,0.15494591504878852,0.15494591504856495,0.1549459150483768,0.15494591504856495,0.15494591504878852,0.15494591504894548,0.15494591504878852,0.15494591504867108,0.15494591504878852,0.15494591504894548,0.153578221074311,0.15357822107391975,0.15357822107359417,0.15357822107391975,0.153578221074311,0.15357822107391975,0.15357822107328467,0.1535782210726458,0.15357822107328467,0.15357822107391975,0.15357822107359417,0.1535782210726458,0.15357822107146382,0.1535782210726458,0.15357822107359417,0.15357822107391975,0.15357822107328467,0.1535782210726458,0.15357822107328467,0.15357822107391975,0.153578221074311,0.15357822107391975,0.15357822107359417,0.15357822107391975,0.153578221074311,0.15223780422140792,0.152237804220557,0.15223780421973793,0.152237804220557,0.15223780422140792,0.152237804220557,0.15223780421892086,0.1522378042167928,0.15223780421892086,0.152237804220557,0.15223780421973793,0.1522378042167928,0.15223780421108035,0.1522378042167928,0.15223780421973793,0.152237804220557,0.15223780421892086,0.1522378042167928,0.15223780421892086,0.152237804220557,0.15223780422140792,0.152237804220557,0.15223780421973793,0.152237804220557,0.15223780422140792,0.15092409329679204,0.15092409329537274,0.1509240932937451,0.15092409329537274,0.15092409329679204,0.15092409329537274,0.15092409329207032,0.1509240932859569,0.15092409329207032,0.15092409329537274,0.1509240932937451,0.1509240932859569,0.15092409325472528,0.1509240932859569,0.1509240932937451,0.15092409329537274,0.15092409329207032,0.1509240932859569,0.15092409329207032,0.15092409329537274,0.15092409329679204,0.15092409329537274,0.1509240932937451,0.15092409329537274,0.15092409329679204,0.1496365234399334,0.1496365234386321,0.1496365234372414,0.1496365234386321,0.1496365234399334,0.1496365234386321,0.14963652343582273,0.14963652343129055,0.14963652343582273,0.1496365234386321,0.1496365234372414,0.14963652343129055,0.14963652341242417,0.14963652343129055,0.1496365234372414,0.1496365234386321,0.14963652343582273,0.14963652343129055,0.14963652343582273,0.1496365234386321,0.1496365234399334,0.1496365234386321,0.1496365234372414,0.1496365234386321,0.1496365234399334,0.14837453670700237,0.14837453670612635,0.14837453670525508,0.14837453670612635,0.14837453670700237,0.14837453670612635,0.14837453670438108,0.14837453670184467,0.14837453670438108,0.14837453670612635,0.14837453670525508,0.14837453670184467,0.1483745366923185,0.14837453670184467,0.14837453670525508,0.14837453670612635,0.14837453670438108,0.14837453670184467,0.14837453670438108,0.14837453670612635,0.14837453670700237,0.14837453670612635,0.14837453670525508,0.14837453670612635,0.14837453670700237,0.14713758257996967,0.14713758257951245,0.14713758257909226,0.14713758257951245,0.14713758257996967,0.14713758257951245,0.14713758257868154,0.14713758257760887,0.14713758257868154,0.14713758257951245,0.14713758257909226,0.14713758257760887,0.14713758257406037,0.14713758257760887,0.14713758257909226,0.14713758257951245,0.14713758257868154,0.14713758257760887,0.14713758257868154,0.14713758257951245,0.14713758257996967,0.14713758257951245,0.14713758257909226,0.14713758257951245,0.14713758257996967,0.14592511840507466,0.14592511840491634,0.1459251184047979,0.14592511840491634,0.14592511840507466,0.14592511840491634,0.1459251184046909,0.14592511840452424,0.1459251184046909,0.14592511840491634,0.1459251184047979,0.14592511840452424,0.14592511840456304,0.14592511840452424,0.1459251184047979,0.14592511840491634,0.1459251184046909,0.14592511840452424,0.1459251184046909,0.14592511840491634,0.14592511840507466,0.14592511840491634,0.1459251184047979,0.14592511840491634,0.14592511840507466,0.14473660976650754,0.14473660976651698,0.1447366097665505,0.14473660976651698,0.14473660976650754,0.14473660976651698,0.14473660976659153,0.14473660976679611,0.14473660976659153,0.14473660976651698,0.1447366097665505,0.14473660976679611,0.1447366097679551,0.14473660976679611,0.1447366097665505,0.14473660976651698,0.14473660976659153,0.14473660976679611,0.14473660976659153,0.14473660976651698,0.14473660976650754,0.14473660976651698,0.1447366097665505,0.14473660976651698,0.14473660976650754,0.14357153080120819,0.14357153080130505,0.14357153080140997,0.14357153080130505,0.14357153080120819,0.14357153080130505,0.14357153080151758,0.14357153080186305,0.14357153080151758,0.14357153080130505,0.14357153080140997,0.14357153080186305,0.14357153080331014,0.14357153080186305,0.14357153080140997,0.14357153080130505,0.14357153080151758,0.14357153080186305,0.14357153080151758,0.14357153080130505,0.14357153080120819,0.14357153080130505,0.14357153080140997,0.14357153080130505,0.14357153080120819,0.1424293644601387,0.14242936446029675,0.14242936446045024,0.14242936446029675,0.1424293644601387,0.14242936446029675,0.14242936446060156,0.1424293644610473,0.14242936446060156,0.14242936446029675,0.14242936446045024,0.1424293644610473,0.1424293644628028,0.1424293644610473,0.14242936446045024,0.14242936446029675,0.14242936446060156,0.1424293644610473,0.14242936446060156,0.14242936446029675,0.1424293644601387,0.14242936446029675,0.14242936446045024,0.14242936446029675,0.1424293644601387,0.14130960272105142,0.14130960272128792,0.14130960272150123,0.14130960272128792,0.14130960272105142,0.14130960272128792,0.14130960272170565,0.1413096027222632,0.14130960272170565,0.14130960272128792,0.14130960272150123,0.1413096027222632,0.1413096027243261,0.1413096027222632,0.14130960272150123,0.14130960272128792,0.14130960272170565,0.1413096027222632,0.14130960272170565,0.14130960272128792,0.14130960272105142,0.14130960272128792,0.14130960272150123,0.14130960272128792,0.14130960272105142,0.14021174675731132,0.14021174675770834,0.14021174675804357,0.14021174675770834,0.14021174675731132,0.14021174675770834,0.1402117467583593,0.14021174675911285,0.1402117467583593,0.14021174675770834,0.14021174675804357,0.14021174675911285,0.14021174676154502,0.14021174675911285,0.14021174675804357,0.14021174675770834,0.1402117467583593,0.14021174675911285,0.1402117467583593,0.14021174675770834,0.14021174675731132,0.14021174675770834,0.14021174675804357,0.14021174675770834,0.14021174675731132,0.13913530706688856,0.13913530706766059,0.13913530706831534,0.13913530706766059,0.13913530706688856,0.13913530706766059,0.13913530706894464,0.13913530707026914,0.13913530706894464,0.13913530706766059,0.13913530706831534,0.13913530707026914,0.13913530707284352,0.13913530707026914,0.13913530706831534,0.13913530706766059,0.13913530706894464,0.13913530707026914,0.13913530706894464,0.13913530706766059,0.13913530706688856,0.13913530706766059,0.13913530706831534,0.13913530706766059,0.13913530706688856,0.138079803565292,0.13807980356683328,0.1380798035683519,0.13807980356683328,0.138079803565292,0.13807980356683328,0.1380798035698803,0.13807980357396177,0.1380798035698803,0.13807980356683328,0.1380798035683519,0.13807980357396177,0.1380798035852297,0.13807980357396177,0.1380798035683519,0.13807980356683328,0.1380798035698803,0.13807980357396177,0.1380798035698803,0.13807980356683328,0.138079803565292,0.13807980356683328,0.1380798035683519,0.13807980356683328,0.138079803565292,0.13704476564603546,0.13704476564841642,0.1370447656512767,0.13704476564841642,0.13704476564603546,0.13704476564841642,0.13704476565423637,0.13704476566583093,0.13704476565423637,0.13704476564841642,0.1370447656512767,0.13704476566583093,0.13704476572983418,0.13704476566583093,0.1370447656512767,0.13704476564841642,0.13704476565423637,0.13704476566583093,0.13704476565423637,0.13704476564841642,0.13704476564603546,0.13704476564841642,0.1370447656512767,0.13704476564841642,0.13704476564603546,0.1360297322130515,0.13602973221469739,0.13602973221630235,0.13602973221469739,0.1360297322130515,0.13602973221469739,0.1360297322179096,0.13602973222218864,0.1360297322179096,0.13602973221469739,0.13602973221630235,0.13602973222218864,0.13602973223403078,0.13602973222218864,0.13602973221630235,0.13602973221469739,0.1360297322179096,0.13602973222218864,0.1360297322179096,0.13602973221469739,0.1360297322130515,0.13602973221469739,0.13602973221630235,0.13602973221469739,0.1360297322130515,0.13503425168976108,0.13503425169078825,0.13503425169163485,0.1350342516907884,0.13503425168976108,0.13503425169078825,0.13503425169243696,0.13503425169406766,0.13503425169243696,0.1350342516907884,0.13503425169163485,0.13503425169406766,0.13503425169702737,0.13503425169406783,0.13503425169163485,0.1350342516907884,0.13503425169243696,0.13503425169406783,0.13503425169243696,0.1350342516907884,0.13503425168976108,0.1350342516907884,0.13503425169163485,0.1350342516907884,0.13503425168976108
0.1653324879748766,0.16533248797487635,0.16533248797487635,0.16533248797487635,0.1653324879748766,0.16533248797487635,0.16533248797487635,0.16533248797487635,0.16533248797487635,0.16533248797487635,0.16533248797487635,0.16533248797487635,0.1653324879748761,0.16533248797487635,0.16533248797487635,0.16533248797487635,0.16533248797487635,0.16533248797487635,0.16533248797487635,0.16533248797487635,0.1653324879748766,0.16533248797487635,0.16533248797487635,0.16533248797487635,0.1653324879748766,0.16375749425230668,0.16375749425230643,0.1637574942523062,0.16375749425230643,0.16375749425230668,0.16375749425230643,0.16375749425230599,0.16375749425230599,0.16375749425230599,0.16375749425230643,0.1637574942523062,0.16375749425230599,0.16375749425230574,0.16375749425230599,0.1637574942523062,0.16375749425230643,0.16375749425230599,0.16375749425230599,0.16375749425230599,0.16375749425230643,0.16375749425230668,0.16375749425230643,0.1637574942523062,0.16375749425230643,0.16375749425230668,0.1622138844617026,0.16221388446170193,0.16221388446170146,0.16221388446170193,0.1622138844617026,0.16221388446170193,0.162213884461701,0.16221388446170057,0.162213884461701,0.16221388446170193,0.16221388446170146,0.16221388446170057,0.16221388446169988,0.16221388446170057,0.16221388446170146,0.16221388446170193,0.162213884461701,0.16221388446170057,0.162213884461701,0.16221388446170193,0.1622138844617026,0.16221388446170193,0.16221388446170146,0.16221388446170193,0.1622138844617026,0.16070106756010596,0.16070106756010374,0.1607010675601022,0.16070106756010374,0.16070106756010596,0.16070106756010374,0.16070106756010108,0.16070106756009955,0.16070106756010108,0.16070106756010374,0.1607010675601022,0.16070106756009955,0.16070106756009775,0.16070106756009955,0.1607010675601022,0.16070106756010374,0.16070106756010108,0.16070106756009955,0.16070106756010108,0.16070106756010374,0.16070106756010596,0.16070106756010374,0.1607010675601022,0.16070106756010374,0.16070106756010596,0.15921845192249798,0.159218451922491,0.15921845192248643,0.159218451922491,0.15921845192249798,0.159218451922491,0.15921845192248293,0.15921845192247772,0.15921845192248293,0.159218451922491,0.15921845192248643,0.15921845192247772,0.15921845192247164,0.15921845192247772,0.15921845192248643,0.159218451922491,0.15921845192248293,0.15921845192247772,0.15921845192248293,0.159218451922491,0.15921845192249798,0.159218451922491,0.15921845192248643,0.159218451922491,0.15921845192249798,0.15776544669365458,0.15776544669363432,0.15776544669362066,0.15776544669363432,0.15776544669365458,0.15776544669363432,0.1577654466936096,0.1577654466935925,0.1577654466936096,0.15776544669363432,0.15776544669362066,0.1577654466935925,0.15776544669357245,0.1577654466935925,0.15776544669362066,0.15776544669363432,0.1577654466936096,0.1577654466935925,0.1577654466936096,0.15776544669363432,0.15776544669365458,0.15776544669363432,0.15776544669362066,0.15776544669363432,0.15776544669365458,0.1563414630024822,0.1563414630024245,0.1563414630023841,0.1563414630024245,0.1563414630024822,0.1563414630024245,0.15634146300234963,0.15634146300229357,0.15634146300234963,0.1563414630024245,0.1563414630023841,0.15634146300229357,0.15634146300222207,0.15634146300229357,0.1563414630023841,0.1563414630024245,0.15634146300234963,0.15634146300229357,0.15634146300234963,0.1563414630024245,0.1563414630024822,0.1563414630024245,0.1563414630023841,0.1563414630024245,0.1563414630024822,0.15494591504910965,0.1549459150489535,0.15494591504883648,0.1549459150489535,0.15494591504910965,0.1549459150489535,0.1549459150487309,0.1549459150485436,0.1549459150487309,0.1549459150489535,0.15494591504883648,0.1549459150485436,0.15494591504826838,0.1549459150485436,0.15494591504883648,0.1549459150489535,0.1549459150487309,0.1549459150485436,0.1549459150487309,0.1549459150489535,0.15494591504910965,0.1549459150489535,0.15494591504883648,0.1549459150489535,0.15494591504910965,0.15357822107446942,0.1535782210740798,0.15357822107375585,0.1535782210740798,0.15357822107446942,0.1535782210740798,0.15357822107344754,0.1535782210728117,0.15357822107344754,0.1535782210740798,0.15357822107375585,0.1535782210728117,0.15357822107163516,0.1535782210728117,0.15357822107375585,0.1535782210740798,0.15357822107344754,0.1535782210728117,0.15357822107344754,0.1535782210740798,0.15357822107446942,0.1535782210740798,0.15357822107375585,0.1535782210740798,0.15357822107446942,0.15223780422155675,0.15223780422070973,0.15223780421989444,0.15223780422070973,0.15223780422155675,0.15223780422070973,0.1522378042190811,0.1522378042169627,0.1522378042190811,0.15223780422070973,0.15223780421989444,0.1522378042169627,0.1522378042112764,0.1522378042169627,0.15223780421989444,0.15223780422070973,0.1522378042190811,0.1522378042169627,0.1522378042190811,0.15223780422070973,0.15223780422155675,0.15223780422070973,0.15223780421989444,0.15223780422070973,0.15223780422155675,0.15092409329692363,0.1509240932955105,0.15092409329389034,0.1509240932955105,0.15092409329692363,0.1509240932955105,0.15092409329222312,0.15092409328613746,0.15092409329222312,0.1509240932955105,0.15092409329389034,0.15092409328613746,0.15092409325501696,0.15092409328613746,0.15092409329389034,0.1509240932955105,0.15092409329222312,0.15092409328613746,0.15092409329222312,0.1509240932955105,0.15092409329692363,0.1509240932955105,0.15092409329389034,0.1509240932955105,0.15092409329692363,0.14963652344003436,0.14963652343873837,0.14963652343735354,0.14963652343873837,0.14963652344003436,0.14963652343873837,0.14963652343594108,0.14963652343142955,0.14963652343594108,0.14963652343873837,0.14963652343735354,0.14963652343142955,0.14963652341268358,0.14963652343142955,0.14963652343735354,0.14963652343873837,0.14963652343594108,0.14963652343142955,0.14963652343594108,0.14963652343873837,0.14963652344003436,0.14963652343873837,0.14963652343735354,0.14963652343873837,0.14963652344003436,0.14837453670706133,0.14837453670618767,0.14837453670531867,0.14837453670618767,0.14837453670706133,0.14837453670618767,0.14837453670444686,0.1483745367019162,0.14837453670444686,0.14837453670618767,0.14837453670531867,0.1483745367019162,0.14837453669240153,0.1483745367019162,0.14837453670531867,0.14837453670618767,0.14837453670444686,0.1483745367019162,0.14837453670444686,0.14837453670618767,0.14837453670706133,0.14837453670618767,0.14837453670531867,0.14837453670618767,0.14837453670706133,0.1471375825799813,0.14713758257952372,0.147137582579103,0.14713758257952372,0.1471375825799813,0.14713758257952372,0.14713758257869136,0.1471375825776154,0.14713758257869136,0.14713758257952372,0.147137582579103,0.1471375825776154,0.1471375825740591,0.1471375825776154,0.147137582579103,0.14713758257952372,0.14713758257869136,0.1471375825776154,0.14713758257869136,0.14713758257952372,0.1471375825799813,0.14713758257952372,0.147137582579103,0.14713758257952372,0.1471375825799813,0.1459251184050387,0.14592511840487843,0.1459251184047577,0.14592511840487843,0.1459251184050387,0.14592511840487843,0.14592511840464836,0.1459251184044735,0.14592511840464836,0.14592511840487843,0.1459251184047577,0.1459251184044735,0.1459251184044906,0.1459251184044735,0.1459251184047577,0.14592511840487843,0.14592511840464836,0.1459251184044735,0.14592511840464836,0.14592511840487843,0.1459251184050387,0.14592511840487843,0.1459251184047577,0.14592511840487843,0.1459251184050387,0.1447366097664276,0.1447366097664344,0.14473660976646496,0.1447366097664344,0.1447366097664276,0.1447366097664344,0.14473660976650318,0.14473660976669797,0.14473660976650318,0.1447366097664344,0.14473660976646496,0.14473660976669797,0.14473660976779504,0.14473660976669797,0.14473660976646496,0.1447366097664344,0.14473660976650318,0.14473660976669797,0.14473660976650318,0.1447366097664344,0.1447366097664276,0.1447366097664344,0.14473660976646496,0.1447366097664344,0.1447366097664276,0.14357153080108945,0.14357153080118357,0.1435715308012857,0.14357153080118357,0.14357153080108945,0.14357153080118357,0.14357153080139046,0.1435715308017277,0.14357153080139046,0.14357153080118357,0.1435715308012857,0.1435715308017277,0.14357153080314247,0.1435715308017277,0.1435715308012857,0.14357153080118357,0.14357153080139046,0.1435715308017277,0.14357153080139046,0.14357153080118357,0.14357153080108945,0.14357153080118357,0.1435715308012857,0.14357153080118357,0.14357153080108945,0.14242936445998589,0.14242936446014123,0.14242936446029222,0.14242936446014123,0.14242936445998589,0.14242936446014123,0.14242936446044083,0.14242936446087867,0.14242936446044083,0.14242936446014123,0.14242936446029222,0.14242936446087867,0.14242936446261759,0.14242936446087867,0.14242936446029222,0.14242936446014123,0.14242936446044083,0.14242936446087867,0.14242936446044083,0.14242936446014123,0.14242936445998589,0.14242936446014123,0.14242936446029222,0.14242936446014123,0.14242936445998589,0.14130960272086968,0.14130960272110357,0.1413096027213144,0.14130960272110357,0.14130960272086968,0.14130960272110357,0.14130960272151638,0.1413096027220662,0.14130960272151638,0.14130960272110357,0.1413096027213144,0.1413096027220662,0.1413096027241243,0.1413096027220662,0.1413096027213144,0.14130960272110357,0.14130960272151638,0.1413096027220662,0.14130960272151638,0.14130960272110357,0.14130960272086968,0.14130960272110357,0.1413096027213144,0.14130960272110357,0.14130960272086968,0.14021174675710493,0.14021174675749984,0.14021174675783282,0.14021174675749984,0.14021174675710493,0.14021174675749984,0.14021174675814646,0.14021174675889322,0.14021174675814646,0.14021174675749984,0.14021174675783282,0.14021174675889322,0.14021174676128864,0.14021174675889322,0.14021174675783282,0.14021174675749984,0.14021174675814646,0.14021174675889322,0.14021174675814646,0.14021174675749984,0.14021174675710493,0.14021174675749984,0.14021174675783282,0.14021174675749984,0.14021174675710493,0.13913530706666197,0.13913530706743182,0.1391353070680848,0.13913530706743182,0.13913530706666197,0.13913530706743182,0.13913530706871235,0.13913530707003308,0.13913530706871235,0.13913530706743182,0.1391353070680848,0.13913530707003308,0.13913530707259888,0.13913530707003308,0.1391353070680848,0.13913530706743182,0.13913530706871235,0.13913530707003308,0.13913530706871235,0.13913530706743182,0.13913530706666197,0.13913530706743182,0.1391353070680848,0.13913530706743182,0.13913530706666197,0.13807980356504893,0.13807980356658753,0.13807980356810354,0.13807980356658753,0.13807980356504893,0.13807980356658753,0.1380798035696293,0.13807980357370378,0.1380798035696293,0.13807980356658753,0.13807980356810354,0.13807980357370378,0.13807980358495345,0.13807980357370378,0.13807980356810354,0.13807980356658753,0.1380798035696293,0.13807980357370378,0.1380798035696293,0.13807980356658753,0.13807980356504893,0.13807980356658753,0.13807980356810354,0.13807980356658753,0.13807980356504893,0.13704476564578127,0.1370447656481584,0.13704476565101417,0.1370447656481584,0.13704476564578127,0.1370447656481584,0.13704476565396906,0.13704476566554571,0.13704476565396906,0.1370447656481584,0.13704476565101417,0.13704476566554571,0.1370447657294633,0.13704476566554571,0.13704476565101417,0.1370447656481584,0.13704476565396906,0.13704476566554571,0.13704476565396906,0.1370447656481584,0.13704476564578127,0.1370447656481584,0.13704476565101417,0.1370447656481584,0.13704476564578127,0.13602973221279388,0.13602973221443704,0.13602973221603948,0.13602973221443704,0.13602973221279388,0.13602973221443704,0.1360297322176443,0.13602973222191678,0.1360297322176443,0.13602973221443704,0.13602973221603948,0.13602973222191678,0.13602973223374062,0.13602973222191678,0.13602973221603948,0.13602973221443704,0.1360297322176443,0.13602973222191678,0.1360297322176443,0.13602973221443704,0.13602973221279388,0.13602973221443704,0.13602973221603948,0.13602973221443704,0.13602973221279388,0.135034251689505,0.1350342516905307,0.1350342516913758,0.1350342516905307,0.135034251689505,0.1350342516905307,0.1350342516921768,0.135034251693805,0.1350342516921768,0.1350342516905307,0.1350342516913758,0.135034251693805,0.13503425169676006,0.135034251693805,0.1350342516913758,0.1350342516905307,0.1350342516921768,0.135034251693805,0.1350342516921768,0.1350342516905307,0.135034251689505,0.1350342516905307,0.1350342516913758,0.1350342516905307,0.135034251689505
0.16533248797506514,0.1653324879750649,0.1653324879750649,0.1653324879750649,0.16533248797506514,0.1653324879750649,0.1653324879750649,0.1653324879750649,0.1653324879750649,0.1653324879750649,0.1653324879750649,0.1653324879750649,0.16533248797506467,0.1653324879750649,0.1653324879750649,0.1653324879750649,0.1653324879750649,0.1653324879750649,0.1653324879750649,0.1653324879750649,0.16533248797506514,0.1653324879750649,0.1653324879750649,0.1653324879750649,0.16533248797506514,0.16375749425249148,0.163757494252491,0.163757494252491,0.163757494252491,0.16375749425249148,0.163757494252491,0.16375749425249078,0.16375749425249078,0.16375749425249078,0.163757494252491,0.163757494252491,0.16375749425249078,0.16375749425249053,0.16375749425249078,0.163757494252491,0.163757494252491,0.16375749425249078,0.16375749425249078,0.16375749425249078,0.163757494252491,0.16375749425249148,0.163757494252491,0.163757494252491,0.163757494252491,0.16375749425249148,0.16221388446188373,0.1622138844618828,0.16221388446188237,0.1622138844618828,0.16221388446188373,0.1622138844618828,0.16221388446188215,0.16221388446188142,0.16221388446188215,0.1622138844618828,0.16221388446188237,0.16221388446188142,0.162213884461881,0.16221388446188142,0.16221388446188237,0.1622138844618828,0.16221388446188215,0.16221388446188142,0.16221388446188215,0.1622138844618828,0.16221388446188373,0.1622138844618828,0.16221388446188237,0.1622138844618828,0.16221388446188373,0.16070106756028346,0.16070106756028102,0.1607010675602797,0.16070106756028102,0.16070106756028346,0.16070106756028102,0.1607010675602786,0.1607010675602768,0.1607010675602786,0.16070106756028102,0.1607010675602797,0.1607010675602768,0.16070106756027502,0.1607010675602768,0.1607010675602797,0.16070106756028102,0.1607010675602786,0.1607010675602768,0.1607010675602786,0.16070106756028102,0.16070106756028346,0.16070106756028102,0.1607010675602797,0.16070106756028102,0.16070106756028346,0.15921845192267173,0.15921845192266476,0.15921845192266018,0.15921845192266476,0.15921845192267173,0.15921845192266476,0.15921845192265668,0.15921845192265147,0.15921845192265668,0.15921845192266476,0.15921845192266018,0.15921845192265147,0.15921845192264558,0.15921845192265147,0.15921845192266018,0.15921845192266476,0.15921845192265668,0.15921845192265147,0.15921845192265668,0.15921845192266476,0.15921845192267173,0.15921845192266476,0.15921845192266018,0.15921845192266476,0.15921845192267173,0.15776544669382464,0.1577654466938044,0.1577654466937907,0.1577654466938044,0.15776544669382464,0.1577654466938044,0.15776544669377984,0.15776544669376277,0.15776544669377984,0.1577654466938044,0.1577654466937907,0.15776544669376277,0.1577654466937427,0.15776544669376277,0.1577654466937907,0.1577654466938044,0.15776544669377984,0.15776544669376277,0.15776544669377984,0.1577654466938044,0.15776544669382464,0.1577654466938044,0.1577654466937907,0.1577654466938044,0.15776544669382464,0.15634146300264845,0.15634146300259094,0.15634146300255078,0.15634146300259094,0.15634146300264845,0.15634146300259094,0.15634146300251647,0.15634146300246066,0.15634146300251647,0.15634146300259094,0.15634146300255078,0.15634146300246066,0.15634146300238957,0.15634146300246066,0.15634146300255078,0.15634146300259094,0.15634146300251647,0.15634146300246066,0.15634146300251647,0.15634146300259094,0.15634146300264845,0.15634146300259094,0.15634146300255078,0.15634146300259094,0.15634146300264845,0.15494591504927155,0.15494591504911598,0.15494591504899957,0.15494591504911598,0.15494591504927155,0.15494591504911598,0.15494591504889446,0.154945915048708,0.15494591504889446,0.15494591504911598,0.15494591504899957,0.154945915048708,0.15494591504843416,0.154945915048708,0.15494591504899957,0.15494591504911598,0.15494591504889446,0.154945915048708,0.15494591504889446,0.15494591504911598,0.15494591504927155,0.15494591504911598,0.15494591504899957,0.15494591504911598,0.15494591504927155,0.1535782210746257,0.15357822107423788,0.15357822107391514,0.15357822107423788,0.1535782210746257,0.15357822107423788,0.15357822107360844,0.15357822107297536,0.15357822107360844,0.15357822107423788,0.15357822107391514,0.15357822107297536,0.15357822107180408,0.15357822107297536,0.15357822107391514,0.15357822107423788,0.15357822107360844,0.15357822107297536,0.15357822107360844,0.15357822107423788,0.1535782210746257,0.15357822107423788,0.15357822107391514,0.15357822107423788,0.1535782210746257,0.15223780422170377,0.15223780422086033,0.15223780422004876,0.15223780422086033,0.15223780422170377,0.15223780422086033,0.15223780421923916,0.1522378042171302,0.15223780421923916,0.15223780422086033,0.15223780422004876,0.1522378042171302,0.1522378042114695,0.1522378042171302,0.15223780422004876,0.15223780422086033,0.15223780421923916,0.1522378042171302,0.15223780421923916,0.15223780422086033,0.15223780422170377,0.15223780422086033,0.15223780422004876,0.15223780422086033,0.15223780422170377,0.15092409329705325,0.1509240932956465,0.15092409329403347,0.1509240932956465,0.15092409329705325,0.1509240932956465,0.1509240932923736,0.1509240932863155,0.1509240932923736,0.1509240932956465,0.15092409329403347,0.1509240932863155,0.15092409325534842,0.1509240932863155,0.15092409329403347,0.1509240932956465,0.1509240932923736,0.1509240932863155,0.1509240932923736,0.1509240932956465,0.15092409329705325,0.1509240932956465,0.15092409329403347,0.1509240932956465,0.15092409329705325,0.149636523440134,0.14963652343884334,0.14963652343746434,0.14963652343884334,0.149636523440134,0.14963652343884334,0.14963652343605774,0.14963652343156641,0.14963652343605774,0.14963652343884334,0.14963652343746434,0.14963652343156641,0.14963652341287378,0.14963652343156641,0.14963652343746434,0.14963652343884334,0.14963652343605774,0.14963652343156641,0.14963652343605774,0.14963652343884334,0.149636523440134,0.14963652343884334,0.14963652343746434,0.14963652343884334,0.149636523440134,0.14837453670711973,0.14837453670624828,0.1483745367053815,0.14837453670624828,0.14837453670711973,0.14837453670624828,0.14837453670451192,0.148374536701987,0.14837453670451192,0.14837453670624828,0.1483745367053815,0.148374536701987,0.14837453669251663,0.148374536701987,0.1483745367053815,0.14837453670624828,0.14837453670451192,0.148374536701987,0.14837453670451192,0.14837453670624828,0.14837453670711973,0.14837453670624828,0.1483745367053815,0.14837453670624828,0.14837453670711973,0.14713758257999293,0.147137582579535,0.14713758257911372,0.147137582579535,0.14713758257999293,0.147137582579535,0.14713758257870152,0.1471375825776223,0.14713758257870152,0.147137582579535,0.14713758257911372,0.1471375825776223,0.14713758257401932,0.1471375825776223,0.14713758257911372,0.147137582579535,0.14713758257870152,0.1471375825776223,0.14713758257870152,0.147137582579535,0.14713758257999293,0.147137582579535,0.14713758257911372,0.147137582579535,0.14713758257999293,0.1459251184050036,0.14592511840484154,0.14592511840471853,0.14592511840484154,0.1459251184050036,0.14592511840484154,0.14592511840460687,0.145925118404424,0.14592511840460687,0.14592511840484154,0.14592511840471853,0.145925118404424,0.14592511840437503,0.145925118404424,0.14592511840471853,0.14592511840484154,0.14592511840460687,0.145925118404424,0.14592511840460687,0.14592511840484154,0.1459251184050036,0.14592511840484154,0.14592511840471853,0.14592511840484154,0.1459251184050036,0.14473660976634925,0.1447366097663534,0.1447366097663812,0.1447366097663534,0.14473660976634925,0.1447366097663534,0.14473660976641645,0.1447366097666018,0.14473660976641645,0.1447366097663534,0.1447366097663812,0.1447366097666018,0.14473660976767286,0.1447366097666018,0.1447366097663812,0.1447366097663534,0.14473660976641645,0.1447366097666018,0.14473660976641645,0.1447366097663534,0.14473660976634925,0.1447366097663534,0.1447366097663812,0.1447366097663534,0.14473660976634925,0.1435715308009724,0.14357153080106397,0.1435715308011634,0.14357153080106397,0.1435715308009724,0.14357153080106397,0.14357153080126536,0.1435715308015944,0.14357153080126536,0.14357153080106397,0.1435715308011634,0.1435715308015944,0.1435715308029693,0.1435715308015944,0.1435715308011634,0.14357153080106397,0.14357153080126536,0.1435715308015944,0.14357153080126536,0.14357153080106397,0.1435715308009724,0.14357153080106397,0.1435715308011634,0.14357153080106397,0.1435715308009724,0.14242936445983545,0.14242936445998824,0.14242936446013638,0.14242936445998824,0.14242936445983545,0.14242936445998824,0.14242936446028248,0.14242936446071244,0.14242936446028248,0.14242936445998824,0.14242936446013638,0.14242936446071244,0.14242936446241058,0.14242936446071244,0.14242936446013638,0.14242936445998824,0.14242936446028248,0.14242936446071244,0.14242936446028248,0.14242936445998824,0.14242936445983545,0.14242936445998824,0.14242936446013638,0.14242936445998824,0.14242936445983545,0.14130960272069043,0.141309602720922,0.14130960272113022,0.141309602720922,0.14130960272069043,0.141309602720922,0.1413096027213297,0.14130960272187196,0.1413096027213297,0.141309602720922,0.14130960272113022,0.14130960272187196,0.14130960272388762,0.14130960272187196,0.14130960272113022,0.141309602720922,0.1413096027213297,0.14130960272187196,0.1413096027213297,0.141309602720922,0.14130960272069043,0.141309602720922,0.14130960272113022,0.141309602720922,0.14130960272069043,0.14021174675690157,0.14021174675729423,0.14021174675762496,0.14021174675729423,0.14021174675690157,0.14021174675729423,0.1402117467579365,0.14021174675867665,0.1402117467579365,0.14021174675729423,0.14021174675762496,0.14021174675867665,0.14021174676104722,0.14021174675867665,0.14021174675762496,0.14021174675729423,0.1402117467579365,0.14021174675867665,0.1402117467579365,0.14021174675729423,0.14021174675690157,0.14021174675729423,0.14021174675762496,0.14021174675729423,0.14021174675690157,0.1391353070664384,0.13913530706720634,0.1391353070678576,0.13913530706720634,0.1391353070664384,0.13913530706720634,0.1391353070684834,0.13913530706980018,0.1391353070684834,0.13913530706720634,0.1391353070678576,0.13913530706980018,0.13913530707235763,0.13913530706980018,0.1391353070678576,0.13913530706720634,0.1391353070684834,0.13913530706980018,0.1391353070684834,0.13913530706720634,0.1391353070664384,0.13913530706720634,0.1391353070678576,0.13913530706720634,0.1391353070664384,0.1380798035648092,0.13807980356634506,0.1380798035678584,0.13807980356634506,0.1380798035648092,0.13807980356634506,0.13807980356938154,0.13807980357344934,0.13807980356938154,0.13807980356634506,0.1380798035678584,0.13807980357344934,0.13807980358468086,0.13807980357344934,0.1380798035678584,0.13807980356634506,0.13807980356938154,0.13807980357344934,0.13807980356938154,0.13807980356634506,0.1380798035648092,0.13807980356634506,0.1380798035678584,0.13807980356634506,0.1380798035648092,0.13704476564553056,0.13704476564790388,0.13704476565075524,0.13704476564790388,0.13704476564553056,0.13704476564790388,0.13704476565370557,0.1370447656652644,0.13704476565370557,0.13704476564790388,0.13704476565075524,0.1370447656652644,0.13704476572908533,0.1370447656652644,0.13704476565075524,0.13704476564790388,0.13704476565370557,0.1370447656652644,0.13704476565370557,0.13704476564790388,0.13704476564553056,0.13704476564790388,0.13704476565075524,0.13704476564790388,0.13704476564553056,0.13602973221253964,0.1360297322141804,0.13602973221578032,0.1360297322141804,0.13602973221253964,0.1360297322141804,0.13602973221738263,0.13602973222164857,0.13602973221738263,0.1360297322141804,0.13602973221578032,0.13602973222164857,0.13602973223345435,0.13602973222164857,0.13602973221578032,0.1360297322141804,0.13602973221738263,0.13602973222164857,0.13602973221738263,0.1360297322141804,0.13602973221253964,0.1360297322141804,0.13602973221578032,0.1360297322141804,0.13602973221253964,0.1350342516892526,0.13503425169027672,0.13503425169112052,0.13503425169027672,0.1350342516892526,0.13503425169027672,0.1350342516919203,0.13503425169354588,0.1350342516919203,0.13503425169027672,0.13503425169112052,0.13503425169354588,0.13503425169649638,0.13503425169354588,0.13503425169112052,0.13503425169027672,0.1350342516919203,0.13503425169354588,0.1350342516919203,0.13503425169027672,0.1350342516892526,0.13503425169027672,0.13503425169112052,0.13503425169027672,0.1350342516892526
0.16533248797525085,0.16533248797525063,0.16533248797525063,0.16533248797525063,0.16533248797525085,0.16533248797525063,0.16533248797525063,0.16533248797525063,0.16533248797525063,0.16533248797525063,0.16533248797525063,0.16533248797525063,0.16533248797525038,0.16533248797525063,0.16533248797525063,0.16533248797525063,0.16533248797525063,0.16533248797525063,0.16533248797525063,0.16533248797525063,0.16533248797525085,0.16533248797525063,0.16533248797525063,0.16533248797525063,0.16533248797525085,0.1637574942526735,0.16375749425267327,0.16375749425267302,0.16375749425267327,0.1637574942526735,0.16375749425267327,0.1637574942526728,0.1637574942526728,0.1637574942526728,0.16375749425267327,0.16375749425267302,0.1637574942526728,0.16375749425267255,0.1637574942526728,0.16375749425267302,0.16375749425267327,0.1637574942526728,0.1637574942526728,0.1637574942526728,0.16375749425267327,0.1637574942526735,0.16375749425267327,0.16375749425267302,0.16375749425267327,0.1637574942526735,0.1622138844620621,0.1622138844620612,0.16221388446206075,0.1622138844620612,0.1622138844620621,0.1622138844620612,0.16221388446206053,0.16221388446205984,0.16221388446206053,0.1622138844620612,0.16221388446206075,0.16221388446205984,0.1622138844620594,0.16221388446205984,0.16221388446206075,0.1622138844620612,0.16221388446206053,0.16221388446205984,0.16221388446206053,0.1622138844620612,0.1622138844620621,0.1622138844620612,0.16221388446206075,0.1622138844620612,0.1622138844620621,0.1607010675604581,0.16070106756045585,0.1607010675604543,0.16070106756045585,0.1607010675604581,0.16070106756045585,0.1607010675604532,0.16070106756045163,0.1607010675604532,0.16070106756045585,0.1607010675604543,0.16070106756045163,0.16070106756044988,0.16070106756045163,0.1607010675604543,0.16070106756045585,0.1607010675604532,0.16070106756045163,0.1607010675604532,0.16070106756045585,0.1607010675604581,0.16070106756045585,0.1607010675604543,0.16070106756045585,0.1607010675604581,0.15921845192284284,0.15921845192283585,0.15921845192283152,0.15921845192283585,0.15921845192284284,0.15921845192283585,0.15921845192282805,0.15921845192282258,0.15921845192282805,0.15921845192283585,0.15921845192283152,0.15921845192282258,0.1592184519228167,0.15921845192282258,0.15921845192283152,0.15921845192283585,0.15921845192282805,0.15921845192282258,0.15921845192282805,0.15921845192283585,0.15921845192284284,0.15921845192283585,0.15921845192283152,0.15921845192283585,0.15921845192284284,0.15776544669399215,0.15776544669397186,0.15776544669395842,0.15776544669397186,0.15776544669399215,0.15776544669397186,0.15776544669394754,0.15776544669393047,0.15776544669394754,0.15776544669397186,0.15776544669395842,0.15776544669393047,0.15776544669391063,0.15776544669393047,0.15776544669395842,0.15776544669397186,0.15776544669394754,0.15776544669393047,0.15776544669394754,0.15776544669397186,0.15776544669399215,0.15776544669397186,0.15776544669395842,0.15776544669397186,0.15776544669399215,0.15634146300281238,0.15634146300275506,0.15634146300271493,0.15634146300275506,0.15634146300281238,0.15634146300275506,0.15634146300268084,0.15634146300262522,0.15634146300268084,0.15634146300275506,0.15634146300271493,0.15634146300262522,0.15634146300255433,0.15634146300262522,0.15634146300271493,0.15634146300275506,0.15634146300268084,0.15634146300262522,0.15634146300268084,0.15634146300275506,0.15634146300281238,0.15634146300275506,0.15634146300271493,0.15634146300275506,0.15634146300281238,0.15494591504943098,0.15494591504927624,0.15494591504916028,0.15494591504927624,0.15494591504943098,0.15494591504927624,0.15494591504905575,0.15494591504887006,0.15494591504905575,0.15494591504927624,0.15494591504916028,0.15494591504887006,0.1549459150485973,0.15494591504887006,0.15494591504916028,0.15494591504927624,0.15494591504905575,0.15494591504887006,0.15494591504905575,0.15494591504927624,0.15494591504943098,0.15494591504927624,0.15494591504916028,0.15494591504927624,0.15494591504943098,0.15357822107477953,0.1535782210743935,0.15357822107407218,0.1535782210743935,0.15357822107477953,0.1535782210743935,0.15357822107376687,0.15357822107313665,0.15357822107376687,0.1535782210743935,0.15357822107407218,0.15357822107313665,0.15357822107197056,0.15357822107313665,0.15357822107407218,0.1535782210743935,0.15357822107376687,0.15357822107313665,0.15357822107376687,0.1535782210743935,0.15357822107477953,0.1535782210743935,0.15357822107407218,0.1535782210743935,0.15357822107477953,0.15223780422184846,0.15223780422100894,0.15223780422020092,0.15223780422100894,0.15223780422184846,0.15223780422100894,0.15223780421939465,0.15223780421729535,0.15223780421939465,0.15223780422100894,0.15223780422020092,0.15223780421729535,0.15223780421165983,0.15223780421729535,0.15223780422020092,0.15223780422100894,0.15223780421939465,0.15223780421729535,0.15223780421939465,0.15223780422100894,0.15223780422184846,0.15223780422100894,0.15223780422020092,0.15223780422100894,0.15223780422184846,0.15092409329718137,0.15092409329578058,0.15092409329417453,0.15092409329578058,0.15092409329718137,0.15092409329578058,0.15092409329252215,0.1509240932864909,0.15092409329252215,0.15092409329578058,0.15092409329417453,0.1509240932864909,0.15092409325562547,0.1509240932864909,0.15092409329417453,0.15092409329578058,0.15092409329252215,0.1509240932864909,0.15092409329252215,0.15092409329578058,0.15092409329718137,0.15092409329578058,0.15092409329417453,0.15092409329578058,0.15092409329718137,0.14963652344023234,0.14963652343894673,0.14963652343757364,0.14963652343894673,0.14963652344023234,0.14963652343894673,0.1496365234361729,0.14963652343170164,0.1496365234361729,0.14963652343894673,0.14963652343757364,0.14963652343170164,0.14963652341312017,0.14963652343170164,0.14963652343757364,0.14963652343894673,0.1496365234361729,0.14963652343170164,0.1496365234361729,0.14963652343894673,0.14963652344023234,0.14963652343894673,0.14963652343757364,0.14963652343894673,0.14963652344023234,0.14837453670717735,0.14837453670630832,0.14837453670544376,0.14837453670630832,0.14837453670717735,0.14837453670630832,0.14837453670457623,0.14837453670205705,0.14837453670457623,0.14837453670630832,0.14837453670544376,0.14837453670205705,0.14837453669256853,0.14837453670205705,0.14837453670544376,0.14837453670630832,0.14837453670457623,0.14837453670205705,0.14837453670457623,0.14837453670630832,0.14837453670717735,0.14837453670630832,0.14837453670544376,0.14837453670630832,0.14837453670717735,0.14713758258000476,0.14713758257954643,0.1471375825791246,0.14713758257954643,0.14713758258000476,0.14713758257954643,0.1471375825787117,0.14713758257762938,0.1471375825787117,0.14713758257954643,0.1471375825791246,0.14713758257762938,0.14713758257402276,0.14713758257762938,0.1471375825791246,0.14713758257954643,0.1471375825787117,0.14713758257762938,0.1471375825787117,0.14713758257954643,0.14713758258000476,0.14713758257954643,0.1471375825791246,0.14713758257954643,0.14713758258000476,0.14592511840496922,0.14592511840480524,0.14592511840468003,0.14592511840480524,0.14592511840496922,0.14592511840480524,0.1459251184045661,0.14592511840437555,0.1459251184045661,0.14592511840480524,0.14592511840468003,0.14592511840437555,0.1459251184043159,0.14592511840437555,0.14592511840468003,0.14592511840480524,0.1459251184045661,0.14592511840437555,0.1459251184045661,0.14592511840480524,0.14592511840496922,0.14592511840480524,0.14592511840468003,0.14592511840480524,0.14592511840496922,0.1447366097662721,0.14473660976627348,0.14473660976629846,0.14473660976627348,0.1447366097662721,0.14473660976627348,0.1447366097663309,0.144736609766507,0.1447366097663309,0.14473660976627348,0.14473660976629846,0.144736609766507,0.14473660976753458,0.144736609766507,0.14473660976629846,0.14473660976627348,0.1447366097663309,0.144736609766507,0.1447366097663309,0.14473660976627348,0.1447366097662721,0.14473660976627348,0.14473660976629846,0.14473660976627348,0.1447366097662721,0.14357153080085724,0.14357153080094606,0.14357153080104273,0.14357153080094606,0.14357153080085724,0.14357153080094606,0.143571530801142,0.143571530801463,0.143571530801142,0.14357153080094606,0.14357153080104273,0.143571530801463,0.14357153080282248,0.143571530801463,0.14357153080104273,0.14357153080094606,0.143571530801142,0.143571530801463,0.143571530801142,0.14357153080094606,0.14357153080085724,0.14357153080094606,0.14357153080104273,0.14357153080094606,0.14357153080085724,0.14242936445968699,0.14242936445983728,0.14242936445998292,0.14242936445983728,0.14242936445968699,0.14242936445983728,0.14242936446012647,0.1424293644605487,0.14242936446012647,0.14242936445983728,0.14242936445998292,0.1424293644605487,0.14242936446222607,0.1424293644605487,0.14242936445998292,0.14242936445983728,0.14242936446012647,0.1424293644605487,0.14242936446012647,0.14242936445983728,0.14242936445968699,0.14242936445983728,0.14242936445998292,0.14242936445983728,0.14242936445968699,0.14130960272051343,0.14130960272074272,0.14130960272094864,0.14130960272074272,0.14130960272051343,0.14130960272074272,0.14130960272114565,0.14130960272168036,0.14130960272114565,0.14130960272074272,0.14130960272094864,0.14130960272168036,0.14130960272366297,0.14130960272168036,0.14130960272094864,0.14130960272074272,0.14130960272114565,0.14130960272168036,0.14130960272114565,0.14130960272074272,0.14130960272051343,0.14130960272074272,0.14130960272094864,0.14130960272074272,0.14130960272051343,0.14021174675670067,0.14021174675709122,0.14021174675741985,0.14021174675709122,0.14021174675670067,0.14021174675709122,0.1402117467577293,0.14021174675846299,0.1402117467577293,0.14021174675709122,0.14021174675741985,0.14021174675846299,0.1402117467608178,0.14021174675846299,0.14021174675741985,0.14021174675709122,0.1402117467577293,0.14021174675846299,0.1402117467577293,0.14021174675709122,0.14021174675670067,0.14021174675709122,0.14021174675741985,0.14021174675709122,0.14021174675670067,0.13913530706621768,0.13913530706698357,0.13913530706763308,0.13913530706698357,0.13913530706621768,0.13913530706698357,0.1391353070682573,0.13913530706957028,0.1391353070682573,0.13913530706698357,0.13913530706763308,0.13913530706957028,0.13913530707211935,0.13913530706957028,0.13913530706763308,0.13913530706698357,0.1391353070682573,0.13913530706957028,0.1391353070682573,0.13913530706698357,0.13913530706621768,0.13913530706698357,0.13913530706763308,0.13913530706698357,0.13913530706621768,0.13807980356457247,0.13807980356610552,0.1380798035676164,0.13807980356610552,0.13807980356457247,0.13807980356610552,0.13807980356913688,0.13807980357319805,0.13807980356913688,0.13807980356610552,0.1380798035676164,0.13807980357319805,0.13807980358441171,0.13807980357319805,0.1380798035676164,0.13807980356610552,0.13807980356913688,0.13807980357319805,0.13807980356913688,0.13807980356610552,0.13807980356457247,0.13807980356610552,0.1380798035676164,0.13807980356610552,0.13807980356457247,0.13704476564528287,0.13704476564765256,0.1370447656504995,0.13704476564765256,0.13704476564528287,0.13704476564765256,0.13704476565344528,0.1370447656649865,0.13704476565344528,0.13704476564765256,0.1370447656504995,0.1370447656649865,0.1370447657287063,0.1370447656649865,0.1370447656504995,0.13704476564765256,0.13704476565344528,0.1370447656649865,0.13704476565344528,0.13704476564765256,0.13704476564528287,0.13704476564765256,0.1370447656504995,0.13704476564765256,0.13704476564528287,0.13602973221228873,0.13602973221392678,0.1360297322155243,0.13602973221392678,0.13602973221228873,0.13602973221392678,0.13602973221712422,0.13602973222138362,0.13602973221712422,0.13602973221392678,0.1360297322155243,0.13602973222138362,0.1360297322331715,0.13602973222138362,0.1360297322155243,0.13602973221392678,0.13602973221712422,0.13602973222138362,0.13602973221712422,0.13602973221392678,0.13602973221228873,0.13602973221392678,0.1360297322155243,0.13602973221392678,0.13602973221228873,0.1350342516890031,0.13503425169002578,0.13503425169086825,0.13503425169002578,0.1350342516890031,0.13503425169002578,0.1350342516916667,0.13503425169328998,0.1350342516916667,0.13503425169002578,0.13503425169086825,0.13503425169328998,0.13503425169623592,0.13503425169328998,0.13503425169086825,0.13503425169002578,0.1350342516916667,0.13503425169328998,0.1350342516916667,0.13503425169002578,0.1350342516890031,0.13503425169002578,0.13503425169086825,0.13503425169002578,0.1350342516890031
0.16533248797543398,0.16533248797543398,0.16533248797543398,0.16533248797543398,0.16533248797543398,0.16533248797543398,0.16533248797543376,0.16533248797543376,0.16533248797543376,0.16533248797543398,0.16533248797543398,0.16533248797543376,0.16533248797543376,0.16533248797543376,0.16533248797543398,0.16533248797543398,0.16533248797543376,0.16533248797543376,0.16533248797543376,0.16533248797543398,0.16533248797543398,0.16533248797543398,0.16533248797543398,0.16533248797543398,0.16533248797543398,0.163757494252853,0.16375749425285274,0.1637574942528525,0.16375749425285274,0.163757494252853,0.16375749425285274,0.1637574942528525,0.16375749425285227,0.1637574942528525,0.16375749425285274,0.1637574942528525,0.16375749425285227,0.16375749425285205,0.16375749425285227,0.1637574942528525,0.16375749425285274,0.1637574942528525,0.16375749425285227,0.1637574942528525,0.16375749425285274,0.163757494252853,0.16375749425285274,0.1637574942528525,0.16375749425285274,0.163757494252853,0.16221388446223803,0.1622138844622371,0.16221388446223664,0.1622138844622371,0.16221388446223803,0.1622138844622371,0.16221388446223645,0.16221388446223597,0.16221388446223645,0.1622138844622371,0.16221388446223664,0.16221388446223597,0.1622138844622353,0.16221388446223597,0.16221388446223664,0.1622138844622371,0.16221388446223645,0.16221388446223597,0.16221388446223645,0.1622138844622371,0.16221388446223803,0.1622138844622371,0.16221388446223664,0.1622138844622371,0.16221388446223803,0.16070106756063046,0.16070106756062824,0.1607010675606267,0.16070106756062824,0.16070106756063046,0.16070106756062824,0.1607010675606256,0.16070106756062405,0.1607010675606256,0.16070106756062824,0.1607010675606267,0.16070106756062405,0.16070106756062227,0.16070106756062405,0.1607010675606267,0.16070106756062824,0.1607010675606256,0.16070106756062405,0.1607010675606256,0.16070106756062824,0.16070106756063046,0.16070106756062824,0.1607010675606267,0.16070106756062824,0.16070106756063046,0.15921845192301157,0.1592184519230046,0.15921845192300024,0.1592184519230046,0.15921845192301157,0.1592184519230046,0.15921845192299677,0.15921845192299153,0.15921845192299677,0.1592184519230046,0.15921845192300024,0.15921845192299153,0.15921845192298567,0.15921845192299153,0.15921845192300024,0.1592184519230046,0.15921845192299677,0.15921845192299153,0.15921845192299677,0.1592184519230046,0.15921845192301157,0.1592184519230046,0.15921845192300024,0.1592184519230046,0.15921845192301157,0.1577654466941573,0.15776544669413722,0.1577654466941238,0.15776544669413722,0.1577654466941573,0.15776544669413722,0.15776544669411288,0.15776544669409606,0.15776544669411288,0.15776544669413722,0.1577654466941238,0.15776544669409606,0.15776544669407622,0.15776544669409606,0.1577654466941238,0.15776544669413722,0.15776544669411288,0.15776544669409606,0.15776544669411288,0.15776544669413722,0.1577654466941573,0.15776544669413722,0.1577654466941238,0.15776544669413722,0.1577654466941573,0.1563414630029738,0.15634146300291674,0.156341463002877,0.15634146300291674,0.1563414630029738,0.15634146300291674,0.1563414630028429,0.1563414630027875,0.1563414630028429,0.15634146300291674,0.156341463002877,0.1563414630027875,0.15634146300271703,0.1563414630027875,0.156341463002877,0.15634146300291674,0.1563414630028429,0.1563414630027875,0.1563414630028429,0.15634146300291674,0.1563414630029738,0.15634146300291674,0.156341463002877,0.15634146300291674,0.1563414630029738,0.15494591504958835,0.15494591504943428,0.15494591504931887,0.15494591504943428,0.15494591504958835,0.15494591504943428,0.1549459150492148,0.15494591504902994,0.1549459150492148,0.15494591504943428,0.15494591504931887,0.15494591504902994,0.1549459150487584,0.15494591504902994,0.15494591504931887,0.15494591504943428,0.1549459150492148,0.15494591504902994,0.1549459150492148,0.15494591504943428,0.15494591504958835,0.15494591504943428,0.15494591504931887,0.15494591504943428,0.15494591504958835,0.15357822107493138,0.15357822107454697,0.15357822107422722,0.15357822107454697,0.15357822107493138,0.15357822107454697,0.15357822107392316,0.15357822107329552,0.15357822107392316,0.15357822107454697,0.15357822107422722,0.15357822107329552,0.15357822107213465,0.15357822107329552,0.15357822107422722,0.15357822107454697,0.15357822107392316,0.15357822107329552,0.15357822107392316,0.15357822107454697,0.15357822107493138,0.15357822107454697,0.15357822107422722,0.15357822107454697,0.15357822107493138,0.15223780422199135,0.15223780422115538,0.15223780422035088,0.15223780422115538,0.15223780422199135,0.15223780422115538,0.1522378042195482,0.15223780421745814,0.1522378042195482,0.15223780422115538,0.15223780422035088,0.15223780421745814,0.15223780421184743,0.15223780421745814,0.15223780422035088,0.15223780422115538,0.1522378042195482,0.15223780421745814,0.1522378042195482,0.15223780422115538,0.15223780422199135,0.15223780422115538,0.15223780422035088,0.15223780422115538,0.15223780422199135,0.15092409329730752,0.1509240932959127,0.1509240932943138,0.1509240932959127,0.15092409329730752,0.1509240932959127,0.1509240932926686,0.15092409328666395,0.1509240932926686,0.1509240932959127,0.1509240932943138,0.15092409328666395,0.15092409325596787,0.15092409328666395,0.1509240932943138,0.1509240932959127,0.1509240932926686,0.15092409328666395,0.1509240932926686,0.1509240932959127,0.15092409329730752,0.1509240932959127,0.1509240932943138,0.1509240932959127,0.15092409329730752,0.14963652344032954,0.14963652343904907,0.14963652343768138,0.14963652343904907,0.14963652344032954,0.14963652343904907,0.14963652343628672,0.14963652343183495,0.14963652343628672,0.14963652343904907,0.14963652343768138,0.14963652343183495,0.14963652341333894,0.14963652343183495,0.14963652343768138,0.14963652343904907,0.14963652343628672,0.14963652343183495,0.14963652343628672,0.14963652343904907,0.14963652344032954,0.14963652343904907,0.14963652343768138,0.14963652343904907,0.14963652344032954,0.1483745367072344,0.14837453670636763,0.1483745367055053,0.14837453670636763,0.1483745367072344,0.14837453670636763,0.14837453670464,0.14837453670212636,0.14837453670464,0.14837453670636763,0.1483745367055053,0.14837453670212636,0.14837453669266543,0.14837453670212636,0.1483745367055053,0.14837453670636763,0.14837453670464,0.14837453670212636,0.14837453670464,0.14837453670636763,0.1483745367072344,0.14837453670636763,0.1483745367055053,0.14837453670636763,0.1483745367072344,0.14713758258001636,0.14713758257955806,0.1471375825791357,0.14713758257955806,0.14713758258001636,0.14713758257955806,0.14713758257872206,0.14713758257763684,0.14713758257872206,0.14713758257955806,0.1471375825791357,0.14713758257763684,0.1471375825740117,0.14713758257763684,0.1471375825791357,0.14713758257955806,0.14713758257872206,0.14713758257763684,0.14713758257872206,0.14713758257955806,0.14713758258001636,0.14713758257955806,0.1471375825791357,0.14713758257955806,0.14713758258001636,0.14592511840493558,0.14592511840476963,0.14592511840464248,0.14592511840476963,0.14592511840493558,0.14592511840476963,0.14592511840452638,0.1459251184043282,0.14592511840452638,0.14592511840476963,0.14592511840464248,0.1459251184043282,0.14592511840422795,0.1459251184043282,0.14592511840464248,0.14592511840476963,0.14592511840452638,0.1459251184043282,0.14592511840452638,0.14592511840476963,0.14592511840493558,0.14592511840476963,0.14592511840464248,0.14592511840476963,0.14592511840493558,0.14473660976619615,0.14473660976619512,0.14473660976621727,0.14473660976619512,0.14473660976619615,0.14473660976619512,0.14473660976624694,0.14473660976641398,0.14473660976624694,0.14473660976619512,0.14473660976621727,0.14473660976641398,0.14473660976739477,0.14473660976641398,0.14473660976621727,0.14473660976619512,0.14473660976624694,0.14473660976641398,0.14473660976624694,0.14473660976619512,0.14473660976619615,0.14473660976619512,0.14473660976621727,0.14473660976619512,0.14473660976619615,0.14357153080074364,0.14357153080082988,0.143571530800924,0.14357153080082988,0.14357153080074364,0.14357153080082988,0.14357153080102067,0.14357153080133364,0.14357153080102067,0.14357153080082988,0.143571530800924,0.14357153080133364,0.14357153080266696,0.14357153080133364,0.143571530800924,0.14357153080082988,0.14357153080102067,0.14357153080133364,0.14357153080102067,0.14357153080082988,0.14357153080074364,0.14357153080082988,0.143571530800924,0.14357153080082988,0.14357153080074364,0.1424293644595407,0.14242936445968848,0.1424293644598316,0.14242936445968848,0.1424293644595407,0.14242936445968848,0.14242936445997248,0.14242936446038718,0.14242936445997248,0.14242936445968848,0.1424293644598316,0.14242936446038718,0.1424293644620286,0.14242936446038718,0.1424293644598316,0.14242936445968848,0.14242936445997248,0.14242936446038718,0.14242936445997248,0.14242936445968848,0.1424293644595407,0.14242936445968848,0.1424293644598316,0.14242936445968848,0.1424293644595407,0.1413096027203391,0.14130960272056592,0.14130960272076937,0.14130960272056592,0.1413096027203391,0.14130960272056592,0.14130960272096393,0.14130960272149137,0.14130960272096393,0.14130960272056592,0.14130960272076937,0.14130960272149137,0.14130960272342943,0.14130960272149137,0.14130960272076937,0.14130960272056592,0.14130960272096393,0.14130960272149137,0.14130960272096393,0.14130960272056592,0.1413096027203391,0.14130960272056592,0.14130960272076937,0.14130960272056592,0.1413096027203391,0.14021174675650264,0.1402117467568911,0.14021174675721745,0.1402117467568911,0.14021174675650264,0.1402117467568911,0.14021174675752482,0.1402117467582521,0.14021174675752482,0.1402117467568911,0.14021174675721745,0.1402117467582521,0.1402117467605609,0.1402117467582521,0.14021174675721745,0.1402117467568911,0.14021174675752482,0.1402117467582521,0.14021174675752482,0.1402117467568911,0.14021174675650264,0.1402117467568911,0.14021174675721745,0.1402117467568911,0.14021174675650264,0.13913530706599994,0.13913530706676394,0.13913530706741173,0.13913530706676394,0.13913530706599994,0.13913530706676394,0.13913530706803406,0.13913530706934338,0.13913530706803406,0.13913530706676394,0.13913530706741173,0.13913530706934338,0.13913530707188426,0.13913530706934338,0.13913530706741173,0.13913530706676394,0.13913530706803406,0.13913530706934338,0.13913530706803406,0.13913530706676394,0.13913530706599994,0.13913530706676394,0.13913530706741173,0.13913530706676394,0.13913530706599994,0.1380798035643388,0.13807980356586924,0.13807980356737745,0.13807980356586924,0.1380798035643388,0.13807980356586924,0.1380798035688955,0.13807980357294997,0.1380798035688955,0.13807980356586924,0.13807980356737745,0.13807980357294997,0.13807980358414598,0.13807980357294997,0.13807980356737745,0.13807980356586924,0.1380798035688955,0.13807980357294997,0.1380798035688955,0.13807980356586924,0.1380798035643388,0.13807980356586924,0.13807980356737745,0.13807980356586924,0.1380798035643388,0.13704476564503854,0.13704476564740442,0.13704476565024712,0.13704476564740442,0.13704476564503854,0.13704476564740442,0.13704476565318835,0.13704476566471208,0.13704476565318835,0.13704476564740442,0.13704476565024712,0.13704476566471208,0.13704476572833657,0.13704476566471208,0.13704476565024712,0.13704476564740442,0.13704476565318835,0.13704476566471208,0.13704476565318835,0.13704476564740442,0.13704476564503854,0.13704476564740442,0.13704476565024712,0.13704476564740442,0.13704476564503854,0.1360297322120409,0.1360297322136766,0.13602973221527156,0.1360297322136766,0.1360297322120409,0.1360297322136766,0.1360297322168691,0.13602973222112208,0.1360297322168691,0.1360297322136766,0.13602973221527156,0.13602973222112208,0.13602973223289222,0.13602973222112208,0.13602973221527156,0.1360297322136766,0.1360297322168691,0.13602973222112208,0.1360297322168691,0.1360297322136766,0.1360297322120409,0.1360297322136766,0.13602973221527156,0.1360297322136766,0.1360297322120409,0.135034251688757,0.13503425168977803,0.1350342516906192,0.13503425168977803,0.135034251688757,0.13503425168977803,0.13503425169141664,0.13503425169303737,0.13503425169141664,0.13503425168977803,0.1350342516906192,0.13503425169303737,0.135034251695979,0.13503425169303737,0.13503425169061933,0.13503425168977803,0.13503425169141664,0.13503425169303737,0.13503425169141664,0.13503425168977803,0.135034251688757,0.13503425168977803,0.13503425169061933,0.13503425168977803,0.135034251688757
0.16533248797561476,0.16533248797561476,0.16533248797561476,0.16533248797561476,0.16533248797561476,0.16533248797561476,0.16533248797561476,0.1653324879756145,0.16533248797561476,0.16533248797561476,0.16533248797561476,0.1653324879756145,0.1653324879756145,0.1653324879756145,0.16533248797561476,0.16533248797561476,0.16533248797561476,0.1653324879756145,0.1653324879756145,0.16533248797561476,0.16533248797561476,0.16533248797561476,0.16533248797561476,0.16533248797561476,0.16533248797561476,0.16375749425303013,0.1637574942530299,0.16375749425302968,0.1637574942530299,0.16375749425303013,0.1637574942530299,0.16375749425302968,0.16375749425302946,0.16375749425302968,0.1637574942530299,0.16375749425302968,0.16375749425302946,0.16375749425302924,0.16375749425302946,0.16375749425302968,0.1637574942530299,0.16375749425302968,0.16375749425302946,0.16375749425302968,0.1637574942530299,0.16375749425303013,0.1637574942530299,0.16375749425302968,0.1637574942530299,0.16375749425303013,0.16221388446241142,0.16221388446241075,0.16221388446241028,0.16221388446241075,0.16221388446241142,0.16221388446241075,0.16221388446241006,0.1622138844624094,0.16221388446241006,0.16221388446241075,0.16221388446241028,0.1622138844624094,0.16221388446240892,0.1622138844624094,0.16221388446241028,0.16221388446241075,0.16221388446241006,0.1622138844624094,0.16221388446241006,0.16221388446241075,0.16221388446241142,0.16221388446241075,0.16221388446241028,0.16221388446241075,0.16221388446241164,0.16070106756080044,0.16070106756079822,0.16070106756079663,0.16070106756079822,0.16070106756080044,0.16070106756079822,0.16070106756079577,0.16070106756079397,0.16070106756079577,0.16070106756079822,0.16070106756079663,0.16070106756079397,0.1607010675607922,0.16070106756079397,0.16070106756079688,0.16070106756079822,0.16070106756079577,0.16070106756079397,0.16070106756079577,0.16070106756079822,0.16070106756080044,0.16070106756079822,0.16070106756079688,0.16070106756079822,0.16070106756080044,0.15921845192317813,0.15921845192317138,0.15921845192316678,0.15921845192317138,0.15921845192317813,0.15921845192317138,0.15921845192316353,0.1592184519231581,0.15921845192316353,0.15921845192317138,0.15921845192316678,0.1592184519231581,0.15921845192315243,0.1592184519231581,0.15921845192316678,0.15921845192317138,0.15921845192316353,0.1592184519231581,0.15921845192316333,0.15921845192317138,0.15921845192317813,0.15921845192317138,0.15921845192316678,0.15921845192317138,0.15921845192317813,0.1577654466943203,0.15776544669430045,0.157765446694287,0.15776544669430045,0.1577654466943203,0.15776544669430045,0.1577654466942761,0.1577654466942593,0.1577654466942761,0.15776544669430045,0.157765446694287,0.1577654466942593,0.15776544669423967,0.1577654466942593,0.157765446694287,0.15776544669430045,0.1577654466942761,0.1577654466942593,0.1577654466942761,0.15776544669430045,0.1577654466943203,0.15776544669430045,0.157765446694287,0.15776544669430045,0.1577654466943203,0.15634146300313312,0.15634146300307647,0.15634146300303675,0.15634146300307647,0.15634146300313312,0.15634146300307647,0.15634146300300286,0.15634146300294766,0.15634146300300286,0.15634146300307647,0.15634146300303675,0.15634146300294766,0.15634146300287763,0.15634146300294766,0.15634146300303675,0.15634146300307647,0.15634146300300286,0.15634146300294766,0.15634146300300286,0.15634146300307647,0.15634146300313312,0.15634146300307647,0.15634146300303675,0.15634146300307647,0.15634146300313312,0.1549459150497437,0.15494591504959018,0.15494591504947525,0.15494591504959018,0.1549459150497437,0.15494591504959018,0.15494591504937155,0.1549459150491875,0.15494591504937155,0.15494591504959018,0.15494591504947525,0.1549459150491875,0.1549459150489172,0.1549459150491875,0.15494591504947525,0.15494591504959018,0.15494591504937155,0.1549459150491875,0.15494591504937155,0.15494591504959018,0.1549459150497437,0.15494591504959018,0.15494591504947525,0.15494591504959018,0.1549459150497437,0.1535782210750812,0.1535782210746984,0.15357822107438007,0.1535782210746984,0.1535782210750812,0.1535782210746984,0.1535782210740772,0.15357822107345237,0.1535782210740772,0.1535782210746984,0.15357822107438007,0.15357822107345237,0.1535782210722967,0.15357822107345237,0.15357822107438007,0.1535782210746984,0.1535782210740772,0.15357822107345237,0.1535782210740772,0.1535782210746984,0.1535782210750812,0.1535782210746984,0.15357822107438007,0.1535782210746984,0.1535782210750812,0.1522378042221323,0.15223780422129987,0.15223780422049893,0.15223780422129987,0.1522378042221323,0.15223780422129987,0.15223780421969976,0.15223780421761857,0.15223780421969976,0.15223780422129987,0.15223780422049893,0.15223780421761857,0.15223780421203245,0.15223780421761857,0.15223780422049893,0.15223780422129987,0.15223780421969976,0.15223780421761857,0.15223780421969976,0.15223780422129987,0.1522378042221323,0.15223780422129987,0.15223780422049893,0.15223780422129987,0.1522378042221323,0.15092409329743214,0.15092409329604334,0.15092409329445114,0.15092409329604334,0.15092409329743214,0.15092409329604334,0.1509240932928129,0.15092409328683448,0.1509240932928129,0.15092409329604334,0.15092409329445114,0.15092409328683448,0.1509240932562964,0.15092409328683448,0.15092409329445114,0.15092409329604334,0.1509240932928129,0.15092409328683448,0.1509240932928129,0.15092409329604334,0.15092409329743214,0.15092409329604334,0.15092409329445114,0.15092409329604334,0.15092409329743214,0.14963652344042538,0.14963652343915002,0.14963652343778805,0.14963652343915002,0.14963652344042538,0.14963652343915002,0.14963652343639886,0.14963652343196654,0.14963652343639886,0.14963652343915002,0.14963652343778805,0.14963652343196654,0.14963652341357606,0.14963652343196654,0.14963652343778805,0.14963652343915002,0.14963652343639886,0.14963652343196654,0.14963652343639886,0.14963652343915002,0.14963652344042538,0.14963652343915002,0.14963652343778805,0.14963652343915002,0.14963652344042538,0.14837453670729095,0.1483745367064264,0.1483745367055661,0.1483745367064264,0.14837453670729095,0.1483745367064264,0.148374536704703,0.1483745367021951,0.148374536704703,0.1483745367064264,0.1483745367055661,0.1483745367021951,0.1483745366927685,0.1483745367021951,0.1483745367055661,0.1483745367064264,0.148374536704703,0.1483745367021951,0.148374536704703,0.1483745367064264,0.14837453670729095,0.1483745367064264,0.1483745367055661,0.1483745367064264,0.14837453670729095,0.14713758258002818,0.14713758257956952,0.14713758257914678,0.14713758257956952,0.14713758258002818,0.14713758257956952,0.1471375825787326,0.14713758257764448,0.1471375825787326,0.14713758257956952,0.14713758257914678,0.14713758257764448,0.14713758257400822,0.14713758257764448,0.14713758257914678,0.14713758257956952,0.1471375825787326,0.14713758257764448,0.1471375825787326,0.14713758257956952,0.14713758258002818,0.14713758257956952,0.14713758257914678,0.14713758257956952,0.14713758258002818,0.14592511840490263,0.14592511840473488,0.14592511840460562,0.14592511840473488,0.14592511840490263,0.14592511840473488,0.14592511840448738,0.14592511840428174,0.14592511840448738,0.14592511840473488,0.14592511840460562,0.14592511840428174,0.1459251184041364,0.14592511840428174,0.14592511840460562,0.14592511840473488,0.14592511840448738,0.14592511840428174,0.14592511840448738,0.14592511840473488,0.14592511840490263,0.14592511840473488,0.14592511840460562,0.14592511840473488,0.14592511840490263,0.14473660976612143,0.14473660976611796,0.1447366097661375,0.14473660976611796,0.14473660976612143,0.14473660976611796,0.1447366097661644,0.14473660976632272,0.1447366097661644,0.14473660976611796,0.1447366097661375,0.14473660976632272,0.14473660976727243,0.14473660976632272,0.1447366097661375,0.14473660976611796,0.1447366097661644,0.14473660976632272,0.1447366097661644,0.14473660976611796,0.14473660976612143,0.14473660976611796,0.1447366097661375,0.14473660976611796,0.14473660976612143,0.1435715308006319,0.14357153080071558,0.14357153080080695,0.14357153080071558,0.1435715308006319,0.14357153080071558,0.14357153080090107,0.14357153080120616,0.14357153080090107,0.14357153080071558,0.14357153080080695,0.14357153080120616,0.14357153080249943,0.14357153080120616,0.14357153080080695,0.14357153080071558,0.14357153080090107,0.14357153080120616,0.14357153080090107,0.14357153080071558,0.1435715308006319,0.14357153080071558,0.14357153080080695,0.14357153080071558,0.1435715308006319,0.14242936445939644,0.1424293644595417,0.14242936445968227,0.1424293644595417,0.14242936445939644,0.1424293644595417,0.14242936445982085,0.1424293644602278,0.14242936445982085,0.1424293644595417,0.14242936445968227,0.1424293644602278,0.14242936446181842,0.1424293644602278,0.14242936445968227,0.1424293644595417,0.14242936445982085,0.1424293644602278,0.14242936445982085,0.1424293644595417,0.14242936445939644,0.1424293644595417,0.14242936445968227,0.1424293644595417,0.14242936445939644,0.14130960272016693,0.14130960272039142,0.14130960272059256,0.14130960272039142,0.14130960272016693,0.14130960272039142,0.14130960272078483,0.14130960272130488,0.14130960272078483,0.14130960272039142,0.14130960272059256,0.14130960272130488,0.141309602723238,0.14130960272130488,0.14130960272059256,0.14130960272039142,0.14130960272078483,0.14130960272130488,0.14130960272078483,0.14130960272039142,0.14130960272016693,0.14130960272039142,0.14130960272059256,0.14130960272039142,0.14130960272016693,0.14021174675630704,0.1402117467566934,0.1402117467570177,0.1402117467566934,0.14021174675630704,0.1402117467566934,0.14021174675732292,0.14021174675804374,0.14021174675732292,0.1402117467566934,0.1402117467570177,0.14021174675804374,0.1402117467603184,0.14021174675804374,0.1402117467570177,0.1402117467566934,0.14021174675732292,0.14021174675804374,0.14021174675732292,0.1402117467566934,0.14021174675630704,0.1402117467566934,0.1402117467570177,0.1402117467566934,0.14021174675630704,0.13913530706578509,0.13913530706654703,0.13913530706719307,0.13913530706654703,0.13913530706578509,0.13913530706654703,0.13913530706781382,0.13913530706911933,0.13913530706781382,0.13913530706654703,0.13913530706719307,0.13913530706911933,0.13913530707165198,0.13913530706911933,0.13913530706719307,0.13913530706654703,0.13913530706781382,0.13913530706911933,0.13913530706781382,0.13913530706654703,0.13913530706578509,0.13913530706654703,0.13913530706719307,0.13913530706654703,0.13913530706578509,0.13807980356410812,0.1380798035656359,0.13807980356714164,0.1380798035656359,0.13807980356410812,0.1380798035656359,0.13807980356865704,0.13807980357270502,0.13807980356865704,0.1380798035656359,0.13807980356714164,0.13807980357270502,0.1380798035838835,0.13807980357270502,0.13807980356714164,0.1380798035656359,0.13807980356865704,0.13807980357270502,0.13807980356865704,0.1380798035656359,0.13807980356410812,0.1380798035656359,0.13807980356714164,0.1380798035656359,0.13807980356410812,0.1370447656447971,0.13704476564715948,0.13704476564999762,0.13704476564715948,0.1370447656447971,0.13704476564715948,0.1370447656529346,0.137044765664441,0.1370447656529346,0.13704476564715948,0.13704476564999762,0.137044765664441,0.1370447657279683,0.137044765664441,0.13704476564999762,0.13704476564715948,0.1370447656529346,0.137044765664441,0.1370447656529346,0.13704476564715948,0.1370447656447971,0.13704476564715948,0.13704476564999762,0.13704476564715948,0.1370447656447971,0.1360297322117962,0.13602973221342937,0.13602973221502196,0.13602973221342937,0.1360297322117962,0.13602973221342937,0.1360297322166171,0.13602973222086367,0.1360297322166171,0.13602973221342937,0.13602973221502196,0.13602973222086367,0.13602973223261622,0.13602973222086367,0.13602973221502196,0.13602973221342937,0.1360297322166171,0.13602973222086367,0.1360297322166171,0.13602973221342937,0.1360297322117962,0.13602973221342937,0.13602973221502196,0.13602973221342937,0.1360297322117962,0.13503425168851396,0.13503425168953337,0.13503425169037336,0.13503425168953337,0.13503425168851396,0.13503425168953337,0.1350342516911695,0.1350342516927878,0.1350342516911695,0.13503425168953337,0.13503425169037336,0.1350342516927878,0.13503425169572497,0.1350342516927878,0.13503425169037336,0.13503425168953337,0.1350342516911695,0.1350342516927878,0.1350342516911695,0.13503425168953337,0.13503425168851396,0.13503425168953337,0.13503425169037336,0.13503425168953337,0.13503425168851396
0.16533248797579314,0.16533248797579314,0.16533248797579314,0.16533248797579314,0.16533248797579314,0.16533248797579314,0.16533248797579292,0.16533248797579292,0.16533248797579292,0.16533248797579314,0.16533248797579314,0.16533248797579292,0.16533248797579292,0.16533248797579292,0.16533248797579314,0.16533248797579314,0.16533248797579292,0.16533248797579292,0.16533248797579292,0.16533248797579314,0.16533248797579314,0.16533248797579314,0.16533248797579314,0.16533248797579314,0.16533248797579314,0.163757494253205,0.1637574942532048,0.16375749425320454,0.1637574942532048,0.163757494253205,0.1637574942532048,0.16375749425320454,0.16375749425320432,0.16375749425320454,0.1637574942532048,0.16375749425320454,0.16375749425320432,0.16375749425320407,0.16375749425320432,0.16375749425320454,0.1637574942532048,0.16375749425320454,0.16375749425320432,0.16375749425320454,0.1637574942532048,0.163757494253205,0.1637574942532048,0.16375749425320454,0.1637574942532048,0.163757494253205,0.1622138844625828,0.16221388446258211,0.16221388446258164,0.16221388446258211,0.1622138844625828,0.16221388446258211,0.16221388446258123,0.16221388446258075,0.16221388446258123,0.16221388446258211,0.16221388446258164,0.16221388446258075,0.1622138844625803,0.16221388446258075,0.16221388446258164,0.16221388446258211,0.16221388446258123,0.16221388446258075,0.16221388446258123,0.16221388446258211,0.1622138844625828,0.16221388446258211,0.16221388446258164,0.16221388446258211,0.1622138844625828,0.16070106756096836,0.16070106756096614,0.16070106756096458,0.16070106756096614,0.16070106756096836,0.16070106756096614,0.16070106756096347,0.16070106756096192,0.16070106756096347,0.16070106756096614,0.16070106756096458,0.16070106756096192,0.16070106756096014,0.16070106756096192,0.16070106756096458,0.16070106756096614,0.16070106756096347,0.16070106756096192,0.16070106756096347,0.16070106756096614,0.16070106756096836,0.16070106756096614,0.16070106756096458,0.16070106756096614,0.16070106756096836,0.1592184519233425,0.15921845192333572,0.15921845192333117,0.15921845192333572,0.1592184519233425,0.15921845192333572,0.15921845192332792,0.15921845192332268,0.15921845192332792,0.15921845192333572,0.15921845192333117,0.15921845192332268,0.1592184519233168,0.15921845192332268,0.15921845192333117,0.15921845192333572,0.15921845192332792,0.15921845192332268,0.15921845192332792,0.15921845192333572,0.1592184519233425,0.15921845192333572,0.15921845192333117,0.15921845192333572,0.1592184519233425,0.1577654466944814,0.15776544669446133,0.1577654466944481,0.15776544669446133,0.1577654466944814,0.15776544669446133,0.15776544669443723,0.15776544669442058,0.15776544669443723,0.15776544669446133,0.1577654466944481,0.15776544669442058,0.15776544669440096,0.15776544669442058,0.1577654466944481,0.15776544669446133,0.15776544669443723,0.15776544669442058,0.15776544669443723,0.15776544669446133,0.1577654466944814,0.15776544669446133,0.1577654466944481,0.15776544669446133,0.1577654466944814,0.1563414630032906,0.15634146300323395,0.1563414630031944,0.15634146300323395,0.1563414630032906,0.15634146300323395,0.15634146300316074,0.15634146300310597,0.15634146300316074,0.15634146300323395,0.1563414630031944,0.15634146300310597,0.15634146300303592,0.15634146300310597,0.1563414630031944,0.15634146300323395,0.15634146300316074,0.15634146300310597,0.15634146300316074,0.15634146300323395,0.1563414630032906,0.15634146300323395,0.1563414630031944,0.15634146300323395,0.1563414630032906,0.15494591504989702,0.15494591504974412,0.15494591504962976,0.15494591504974412,0.15494591504989702,0.15494591504974412,0.15494591504952648,0.15494591504934324,0.15494591504952648,0.15494591504974412,0.15494591504962976,0.15494591504934324,0.15494591504907418,0.15494591504934324,0.15494591504962976,0.15494591504974412,0.15494591504952648,0.15494591504934324,0.15494591504952648,0.15494591504974412,0.15494591504989702,0.15494591504974412,0.15494591504962976,0.15494591504974412,0.15494591504989702,0.15357822107522925,0.15357822107484803,0.1535782210745309,0.15357822107484803,0.15357822107522925,0.15357822107484803,0.15357822107422944,0.15357822107360744,0.15357822107422944,0.15357822107484803,0.1535782210745309,0.15357822107360744,0.1535782210724566,0.15357822107360744,0.1535782210745309,0.15357822107484803,0.15357822107422944,0.15357822107360744,0.15357822107422944,0.15357822107484803,0.15357822107522925,0.15357822107484803,0.1535782210745309,0.15357822107484803,0.15357822107522925,0.15223780422227146,0.15223780422144256,0.15223780422064495,0.15223780422144256,0.15223780422227146,0.15223780422144256,0.15223780421984937,0.15223780421777702,0.15223780421984937,0.15223780422144256,0.15223780422064495,0.15223780421777702,0.15223780421221494,0.15223780421777702,0.15223780422064495,0.15223780422144256,0.15223780421984937,0.15223780421777702,0.15223780421984937,0.15223780422144256,0.15223780422227146,0.15223780422144256,0.15223780422064495,0.15223780422144256,0.15223780422227146,0.15092409329755524,0.1509240932961722,0.15092409329458678,0.1509240932961722,0.15092409329755524,0.1509240932961722,0.15092409329295564,0.1509240932870027,0.15092409329295564,0.1509240932961722,0.15092409329458678,0.1509240932870027,0.1509240932565449,0.1509240932870027,0.15092409329458678,0.1509240932961722,0.15092409329295564,0.1509240932870027,0.15092409329295564,0.1509240932961722,0.15092409329755524,0.1509240932961722,0.15092409329458678,0.1509240932961722,0.15092409329755524,0.1496365234405203,0.14963652343924985,0.14963652343789338,0.14963652343924985,0.1496365234405203,0.14963652343924985,0.14963652343650985,0.14963652343209644,0.14963652343650985,0.14963652343924985,0.14963652343789338,0.14963652343209644,0.1496365234137812,0.14963652343209644,0.14963652343789338,0.14963652343924985,0.14963652343650985,0.14963652343209644,0.14963652343650985,0.14963652343924985,0.1496365234405203,0.14963652343924985,0.14963652343789338,0.14963652343924985,0.1496365234405203,0.1483745367073469,0.14837453670648457,0.1483745367056265,0.14837453670648457,0.1483745367073469,0.14837453670648457,0.14837453670476564,0.14837453670226314,0.14837453670476564,0.14837453670648457,0.1483745367056265,0.14837453670226314,0.14837453669281261,0.14837453670226314,0.1483745367056265,0.14837453670648457,0.14837453670476564,0.14837453670226314,0.14837453670476564,0.14837453670648457,0.1483745367073469,0.14837453670648457,0.1483745367056265,0.14837453670648457,0.1483745367073469,0.14713758258004034,0.14713758257958146,0.14713758257915804,0.14713758257958146,0.14713758258004034,0.14713758257958146,0.1471375825787435,0.14713758257765247,0.1471375825787435,0.14713758257958146,0.14713758257915804,0.14713758257765247,0.14713758257399423,0.14713758257765247,0.14713758257915804,0.14713758257958146,0.1471375825787435,0.14713758257765247,0.1471375825787435,0.14713758257958146,0.14713758258004034,0.14713758257958146,0.14713758257915804,0.14713758257958146,0.14713758258004034,0.14592511840487038,0.14592511840470104,0.14592511840456965,0.14592511840470104,0.14592511840487038,0.14592511840470104,0.14592511840444927,0.14592511840423647,0.14592511840444927,0.14592511840470104,0.14592511840456965,0.14592511840423647,0.1459251184040823,0.14592511840423647,0.14592511840456965,0.14592511840470104,0.14592511840444927,0.14592511840423647,0.14592511840444927,0.14592511840470104,0.14592511840487038,0.14592511840470104,0.14592511840456965,0.14592511840470104,0.14592511840487038,0.14473660976604816,0.1447366097660422,0.14473660976605912,0.1447366097660422,0.14473660976604816,0.1447366097660422,0.14473660976608338,0.14473660976623282,0.14473660976608338,0.1447366097660422,0.14473660976605912,0.14473660976623282,0.14473660976711744,0.14473660976623282,0.14473660976605912,0.1447366097660422,0.14473660976608338,0.14473660976623282,0.14473660976608338,0.1447366097660422,0.14473660976604816,0.1447366097660422,0.14473660976605912,0.1447366097660422,0.14473660976604816,0.1435715308005217,0.14357153080060298,0.1435715308006918,0.14357153080060298,0.1435715308005217,0.14357153080060298,0.14357153080078333,0.14357153080108073,0.14357153080078333,0.14357153080060298,0.1435715308006918,0.14357153080108073,0.14357153080235346,0.14357153080108073,0.1435715308006918,0.14357153080060298,0.14357153080078333,0.14357153080108073,0.14357153080078333,0.14357153080060298,0.1435715308005217,0.14357153080060298,0.1435715308006918,0.14357153080060298,0.1435715308005217,0.1424293644592542,0.14242936445939708,0.14242936445953516,0.14242936445939708,0.1424293644592542,0.14242936445939708,0.1424293644596712,0.1424293644600708,0.1424293644596712,0.14242936445939708,0.14242936445953516,0.1424293644600708,0.142429364461645,0.1424293644600708,0.14242936445953516,0.14242936445939708,0.1424293644596712,0.1424293644600708,0.1424293644596712,0.14242936445939708,0.1424293644592542,0.14242936445939708,0.14242936445953516,0.14242936445939708,0.1424293644592542,0.14130960271999718,0.1413096027202194,0.14130960272041823,0.1413096027202194,0.14130960271999718,0.1413096027202194,0.14130960272060802,0.141309602721121,0.14130960272060802,0.1413096027202194,0.14130960272041823,0.141309602721121,0.14130960272302714,0.141309602721121,0.14130960272041823,0.1413096027202194,0.14130960272060802,0.141309602721121,0.14130960272060802,0.1413096027202194,0.14130960271999718,0.1413096027202194,0.14130960272041823,0.1413096027202194,0.14130960271999718,0.1402117467561142,0.14021174675649828,0.14021174675682063,0.14021174675649828,0.1402117467561142,0.14021174675649828,0.14021174675712378,0.1402117467578383,0.14021174675712378,0.14021174675649828,0.14021174675682063,0.1402117467578383,0.14021174676009407,0.1402117467578383,0.14021174675682063,0.14021174675649828,0.14021174675712378,0.1402117467578383,0.14021174675712378,0.14021174675649828,0.1402117467561142,0.14021174675649828,0.14021174675682063,0.14021174675649828,0.1402117467561142,0.1391353070655729,0.1391353070663328,0.13913530706697724,0.1391353070663328,0.1391353070655729,0.1391353070663328,0.13913530706759641,0.13913530706889815,0.13913530706759641,0.1391353070663328,0.13913530706697724,0.13913530706889815,0.13913530707142288,0.13913530706889815,0.13913530706697724,0.1391353070663328,0.13913530706759641,0.13913530706889815,0.13913530706759641,0.1391353070663328,0.1391353070655729,0.1391353070663328,0.13913530706697724,0.1391353070663328,0.1391353070655729,0.1380798035638802,0.1380798035654055,0.13807980356690863,0.1380798035654055,0.1380798035638802,0.1380798035654055,0.13807980356842167,0.13807980357246313,0.13807980356842167,0.1380798035654055,0.13807980356690863,0.13807980357246313,0.13807980358362426,0.13807980357246313,0.13807980356690863,0.1380798035654055,0.13807980356842167,0.13807980357246313,0.13807980356842167,0.1380798035654055,0.1380798035638802,0.1380798035654055,0.13807980356690863,0.1380798035654055,0.1380798035638802,0.13704476564455884,0.13704476564691745,0.1370447656497515,0.13704476564691745,0.13704476564455884,0.13704476564691745,0.13704476565268386,0.13704476566417337,0.13704476565268386,0.13704476564691745,0.1370447656497515,0.13704476566417337,0.13704476572761057,0.13704476566417337,0.1370447656497515,0.13704476564691745,0.13704476565268386,0.13704476566417337,0.13704476565268386,0.13704476564691745,0.13704476564455884,0.13704476564691745,0.1370447656497515,0.13704476564691745,0.13704476564455884,0.13602973221155448,0.13602973221318512,0.1360297322147755,0.13602973221318512,0.13602973221155448,0.13602973221318512,0.1360297322163681,0.1360297322206084,0.1360297322163681,0.13602973221318512,0.1360297322147755,0.1360297322206084,0.1360297322323438,0.1360297322206084,0.1360297322147755,0.13602973221318512,0.1360297322163681,0.1360297322206084,0.1360297322163681,0.13602973221318512,0.13602973221155448,0.13602973221318512,0.1360297322147755,0.13602973221318512,0.13602973221155448,0.13503425168827368,0.13503425168929165,0.13503425169013034,0.13503425168929165,0.13503425168827368,0.13503425168929165,0.13503425169092526,0.1350342516925412,0.13503425169092526,0.13503425168929165,0.13503425169013034,0.1350342516925412,0.1350342516954742,0.1350342516925412,0.13503425169013034,0.13503425168929165,0.13503425169092526,0.1350342516925412,0.13503425169092526,0.13503425168929165,0.13503425168827368,0.13503425168929165,0.13503425169013034,0.13503425168929165,0.13503425168827368
0.16533248797596922,0.16533248797596897,0.16533248797596897,0.16533248797596897,0.16533248797596922,0.16533248797596897,0.16533248797596897,0.16533248797596872,0.16533248797596897,0.16533248797596897,0.16533248797596897,0.16533248797596872,0.16533248797596872,0.16533248797596872,0.16533248797596897,0.16533248797596897,0.16533248797596897,0.16533248797596872,0.16533248797596897,0.16533248797596897,0.16533248797596922,0.16533248797596897,0.16533248797596897,0.16533248797596897,0.16533248797596922,0.1637574942533773,0.16375749425337707,0.16375749425337682,0.16375749425337707,0.1637574942533773,0.16375749425337707,0.16375749425337682,0.16375749425337663,0.16375749425337682,0.16375749425337707,0.16375749425337682,0.16375749425337663,0.1637574942533764,0.16375749425337663,0.16375749425337682,0.16375749425337707,0.16375749425337682,0.16375749425337663,0.16375749425337682,0.16375749425337707,0.1637574942533773,0.16375749425337707,0.16375749425337682,0.16375749425337707,0.1637574942533773,0.16221388446275165,0.162213884462751,0.16221388446275053,0.162213884462751,0.16221388446275165,0.162213884462751,0.16221388446275006,0.16221388446274965,0.16221388446275006,0.162213884462751,0.16221388446275053,0.16221388446274965,0.16221388446274917,0.16221388446274965,0.16221388446275053,0.162213884462751,0.16221388446275006,0.16221388446274965,0.16221388446275006,0.162213884462751,0.16221388446275165,0.162213884462751,0.16221388446275053,0.162213884462751,0.16221388446275165,0.16070106756113367,0.16070106756113145,0.1607010675611301,0.16070106756113145,0.16070106756113367,0.16070106756113145,0.16070106756112898,0.16070106756112743,0.16070106756112898,0.16070106756113145,0.1607010675611301,0.16070106756112743,0.16070106756112565,0.16070106756112743,0.1607010675611301,0.16070106756113145,0.16070106756112898,0.16070106756112743,0.16070106756112898,0.16070106756113145,0.16070106756113367,0.16070106756113145,0.1607010675611301,0.16070106756113145,0.16070106756113367,0.15921845192350448,0.1592184519234977,0.15921845192349335,0.1592184519234977,0.15921845192350448,0.1592184519234977,0.15921845192348988,0.15921845192348466,0.15921845192348988,0.1592184519234977,0.15921845192349335,0.15921845192348466,0.159218451923479,0.15921845192348466,0.15921845192349335,0.1592184519234977,0.15921845192348988,0.15921845192348466,0.15921845192348988,0.1592184519234977,0.15921845192350448,0.1592184519234977,0.15921845192349335,0.1592184519234977,0.15921845192350448,0.15776544669463996,0.1577654466946201,0.15776544669460685,0.1577654466946201,0.15776544669463996,0.1577654466946201,0.15776544669459597,0.15776544669457934,0.15776544669459597,0.1577654466946201,0.15776544669460685,0.15776544669457934,0.15776544669455972,0.15776544669457934,0.15776544669460685,0.1577654466946201,0.15776544669459597,0.15776544669457934,0.15776544669459597,0.1577654466946201,0.15776544669463996,0.1577654466946201,0.15776544669460685,0.1577654466946201,0.15776544669463996,0.15634146300344554,0.15634146300338927,0.15634146300334997,0.15634146300338927,0.15634146300344554,0.15634146300338927,0.15634146300331633,0.15634146300326177,0.15634146300331633,0.15634146300338927,0.15634146300334997,0.15634146300326177,0.1563414630031921,0.15634146300326177,0.15634146300334997,0.15634146300338927,0.15634146300331633,0.15634146300326177,0.15634146300331633,0.15634146300338927,0.15634146300344554,0.15634146300338927,0.15634146300334997,0.15634146300338927,0.15634146300344554,0.154945915050048,0.15494591504989597,0.15494591504978203,0.15494591504989597,0.154945915050048,0.15494591504989597,0.15494591504967914,0.15494591504949656,0.15494591504967914,0.15494591504989597,0.15494591504978203,0.15494591504949656,0.15494591504922872,0.15494591504949656,0.15494591504978203,0.15494591504989597,0.15494591504967914,0.15494591504949656,0.15494591504967914,0.15494591504989597,0.154945915050048,0.15494591504989597,0.15494591504978203,0.15494591504989597,0.154945915050048,0.15357822107537503,0.15357822107499544,0.15357822107467972,0.15357822107499544,0.15357822107537503,0.15357822107499544,0.15357822107437946,0.15357822107376007,0.15357822107437946,0.15357822107499544,0.15357822107467972,0.15357822107376007,0.15357822107261407,0.15357822107376007,0.15357822107467972,0.15357822107499544,0.15357822107437946,0.15357822107376007,0.15357822107437946,0.15357822107499544,0.15357822107537503,0.15357822107499544,0.15357822107467972,0.15357822107499544,0.15357822107537503,0.15223780422240865,0.1522378042215833,0.15223780422078906,0.1522378042215833,0.15223780422240865,0.1522378042215833,0.15223780421999678,0.15223780421793331,0.15223780421999678,0.1522378042215833,0.15223780422078906,0.15223780421793331,0.15223780421239463,0.15223780421793331,0.15223780422078906,0.1522378042215833,0.15223780421999678,0.15223780421793331,0.15223780421999678,0.1522378042215833,0.15223780422240865,0.1522378042215833,0.15223780422078906,0.1522378042215833,0.15223780422240865,0.15092409329767656,0.15092409329629933,0.15092409329472048,0.15092409329629933,0.15092409329767656,0.15092409329629933,0.15092409329309628,0.1509240932871686,0.15092409329309628,0.15092409329629933,0.15092409329472048,0.1509240932871686,0.15092409325688327,0.1509240932871686,0.15092409329472048,0.15092409329629933,0.15092409329309628,0.1509240932871686,0.15092409329309628,0.15092409329629933,0.15092409329767656,0.15092409329629933,0.15092409329472048,0.15092409329629933,0.15092409329767656,0.1496365234406137,0.1496365234393482,0.14963652343799716,0.1496365234393482,0.1496365234406137,0.1496365234393482,0.14963652343661932,0.14963652343222464,0.14963652343661932,0.1496365234393482,0.14963652343799716,0.14963652343222464,0.14963652341395856,0.14963652343222464,0.14963652343799716,0.1496365234393482,0.14963652343661932,0.14963652343222464,0.14963652343661932,0.1496365234393482,0.1496365234406137,0.1496365234393482,0.14963652343799716,0.1496365234393482,0.1496365234406137,0.1483745367074021,0.14837453670654221,0.14837453670568615,0.14837453670654221,0.1483745367074021,0.14837453670654221,0.14837453670482734,0.14837453670233058,0.14837453670482734,0.14837453670654221,0.14837453670568615,0.14837453670233058,0.14837453669294662,0.14837453670233058,0.14837453670568615,0.14837453670654221,0.14837453670482734,0.14837453670233058,0.14837453670482734,0.14837453670654221,0.1483745367074021,0.14837453670654221,0.14837453670568615,0.14837453670654221,0.1483745367074021,0.14713758258005216,0.14713758257959308,0.14713758257916928,0.14713758257959308,0.14713758258005216,0.14713758257959308,0.1471375825787542,0.14713758257766044,0.1471375825787542,0.14713758257959308,0.14713758257916928,0.14713758257766044,0.14713758257396772,0.14713758257766044,0.14713758257916928,0.14713758257959308,0.1471375825787542,0.14713758257766044,0.1471375825787542,0.14713758257959308,0.14713758258005216,0.14713758257959308,0.14713758257916928,0.14713758257959308,0.14713758258005216,0.14592511840483888,0.1459251184046676,0.1459251184045344,0.1459251184046676,0.14592511840483888,0.1459251184046676,0.14592511840441189,0.14592511840419198,0.14592511840441189,0.1459251184046676,0.1459251184045344,0.14592511840419198,0.14592511840399272,0.14592511840419198,0.1459251184045344,0.1459251184046676,0.14592511840441189,0.14592511840419198,0.14592511840441189,0.1459251184046676,0.14592511840483888,0.1459251184046676,0.1459251184045344,0.1459251184046676,0.14592511840483888,0.14473660976597585,0.1447366097659675,0.14473660976598182,0.1447366097659675,0.14473660976597585,0.1447366097659675,0.14473660976600344,0.1447366097661445,0.14473660976600344,0.1447366097659675,0.14473660976598182,0.1447366097661445,0.1447366097670078,0.1447366097661445,0.14473660976598182,0.1447366097659675,0.14473660976600344,0.1447366097661445,0.14473660976600344,0.1447366097659675,0.14473660976597585,0.1447366097659675,0.14473660976598182,0.1447366097659675,0.14473660976597585,0.14357153080041304,0.14357153080049176,0.14357153080057816,0.14357153080049176,0.14357153080041304,0.14357153080049176,0.14357153080066715,0.14357153080095703,0.14357153080066715,0.14357153080049176,0.14357153080057816,0.14357153080095703,0.14357153080219262,0.14357153080095703,0.14357153080057816,0.14357153080049176,0.14357153080066715,0.14357153080095703,0.14357153080066715,0.14357153080049176,0.14357153080041304,0.14357153080049176,0.14357153080057816,0.14357153080049176,0.14357153080041304,0.14242936445911375,0.1424293644592542,0.14242936445939003,0.1424293644592542,0.14242936445911375,0.1424293644592542,0.1424293644595236,0.14242936445991577,0.1424293644595236,0.1424293644592542,0.14242936445939003,0.14242936445991577,0.1424293644614514,0.14242936445991577,0.14242936445939003,0.1424293644592542,0.1424293644595236,0.14242936445991577,0.1424293644595236,0.1424293644592542,0.14242936445911375,0.1424293644592542,0.14242936445939003,0.1424293644592542,0.14242936445911375,0.1413096027198296,0.1413096027200495,0.14130960272024604,0.1413096027200495,0.1413096027198296,0.1413096027200495,0.14130960272043352,0.14130960272093923,0.14130960272043352,0.1413096027200495,0.14130960272024604,0.14130960272093923,0.14130960272280396,0.14130960272093923,0.14130960272024604,0.1413096027200495,0.14130960272043352,0.14130960272093923,0.14130960272043352,0.1413096027200495,0.1413096027198296,0.1413096027200495,0.14130960272024604,0.1413096027200495,0.1413096027198296,0.14021174675592374,0.14021174675630574,0.140211746756626,0.14021174675630574,0.14021174675592374,0.14021174675630574,0.14021174675692705,0.14021174675763529,0.14021174675692705,0.14021174675630574,0.140211746756626,0.14021174675763529,0.1402117467598746,0.14021174675763529,0.140211746756626,0.14021174675630574,0.14021174675692705,0.14021174675763529,0.14021174675692705,0.14021174675630574,0.14021174675592374,0.14021174675630574,0.140211746756626,0.14021174675630574,0.14021174675592374,0.13913530706536326,0.1391353070661214,0.1391353070667641,0.1391353070661214,0.13913530706536326,0.1391353070661214,0.13913530706738156,0.13913530706867977,0.13913530706738156,0.1391353070661214,0.1391353070667641,0.13913530706867977,0.13913530707119645,0.13913530706867977,0.1391353070667641,0.1391353070661214,0.13913530706738156,0.13913530706867977,0.13913530706738156,0.1391353070661214,0.13913530706536326,0.1391353070661214,0.1391353070667641,0.1391353070661214,0.13913530706536326,0.13807980356365523,0.1380798035651779,0.1380798035666787,0.1380798035651779,0.13807980356365523,0.1380798035651779,0.13807980356818927,0.1380798035722242,0.13807980356818927,0.1380798035651779,0.1380798035666787,0.1380798035722242,0.13807980358336813,0.1380798035722242,0.1380798035666787,0.1380798035651779,0.13807980356818927,0.1380798035722242,0.13807980356818927,0.1380798035651779,0.13807980356365523,0.1380798035651779,0.1380798035666787,0.1380798035651779,0.13807980356365523,0.13704476564432336,0.13704476564667845,0.1370447656495082,0.13704476564667845,0.13704476564432336,0.13704476564667845,0.13704476565243634,0.13704476566390883,0.13704476565243634,0.13704476564667845,0.1370447656495082,0.13704476566390883,0.13704476572724855,0.13704476566390883,0.1370447656495082,0.13704476564667845,0.13704476565243634,0.13704476566390883,0.13704476565243634,0.13704476564667845,0.13704476564432336,0.13704476564667845,0.1370447656495082,0.13704476564667845,0.13704476564432336,0.13602973221131578,0.136029732212944,0.13602973221453202,0.136029732212944,0.13602973221131578,0.136029732212944,0.13602973221612236,0.13602973222035641,0.13602973221612236,0.136029732212944,0.13602973221453202,0.13602973222035641,0.1360297322320745,0.13602973222035641,0.13602973221453202,0.136029732212944,0.13602973221612236,0.13602973222035641,0.13602973221612236,0.136029732212944,0.13602973221131578,0.136029732212944,0.13602973221453202,0.136029732212944,0.13602973221131578,0.13503425168803662,0.13503425168905298,0.13503425168989047,0.13503425168905298,0.13503425168803662,0.13503425168905298,0.13503425169068428,0.13503425169229785,0.13503425169068428,0.13503425168905298,0.13503425168989047,0.13503425169229785,0.13503425169522645,0.13503425169229785,0.13503425168989047,0.13503425168905298,0.13503425169068428,0.13503425169229785,0.13503425169068428,0.13503425168905298,0.13503425168803662,0.13503425168905298,0.13503425168989047,0.13503425168905298,0.13503425168803662
0.1653324879761422,0.1653324879761422,0.16533248797614197,0.1653324879761422,0.1653324879761422,0.1653324879761422,0.16533248797614197,0.16533248797614197,0.16533248797614197,0.1653324879761422,0.16533248797614197,0.16533248797614197,0.16533248797614197,0.16533248797614197,0.16533248797614197,0.1653324879761422,0.16533248797614197,0.16533248797614197,0.16533248797614197,0.1653324879761422,0.1653324879761422,0.1653324879761422,0.16533248797614197,0.1653324879761422,0.1653324879761422,0.16375749425354685,0.16375749425354658,0.16375749425354658,0.16375749425354658,0.16375749425354685,0.16375749425354658,0.16375749425354638,0.16375749425354616,0.16375749425354638,0.16375749425354658,0.16375749425354658,0.16375749425354616,0.16375749425354616,0.16375749425354616,0.16375749425354658,0.16375749425354658,0.16375749425354638,0.16375749425354616,0.16375749425354638,0.16375749425354658,0.16375749425354685,0.16375749425354658,0.16375749425354658,0.16375749425354658,0.16375749425354685,0.16221388446291804,0.16221388446291712,0.16221388446291668,0.16221388446291712,0.16221388446291804,0.16221388446291712,0.16221388446291646,0.1622138844629158,0.16221388446291646,0.16221388446291712,0.16221388446291668,0.1622138844629158,0.16221388446291532,0.162213884462916,0.16221388446291668,0.16221388446291712,0.16221388446291646,0.162213884462916,0.16221388446291646,0.16221388446291712,0.16221388446291804,0.16221388446291712,0.16221388446291668,0.16221388446291712,0.16221388446291804,0.1607010675612967,0.16070106756129449,0.16070106756129293,0.16070106756129449,0.1607010675612967,0.16070106756129449,0.16070106756129204,0.16070106756129027,0.16070106756129204,0.16070106756129449,0.16070106756129293,0.16070106756129027,0.1607010675612885,0.16070106756129027,0.16070106756129293,0.16070106756129449,0.16070106756129204,0.16070106756129027,0.16070106756129204,0.16070106756129449,0.1607010675612967,0.16070106756129449,0.16070106756129293,0.16070106756129449,0.1607010675612967,0.15921845192366407,0.1592184519236573,0.15921845192365297,0.1592184519236573,0.15921845192366407,0.1592184519236573,0.15921845192364967,0.15921845192364445,0.15921845192364967,0.1592184519236573,0.15921845192365297,0.15921845192364445,0.15921845192363882,0.15921845192364445,0.15921845192365297,0.1592184519236573,0.15921845192364967,0.15921845192364445,0.15921845192364967,0.1592184519236573,0.15921845192366407,0.1592184519236573,0.15921845192365297,0.1592184519236573,0.15921845192366407,0.15776544669479634,0.1577654466947765,0.15776544669476325,0.1577654466947765,0.15776544669479634,0.1577654466947765,0.15776544669475256,0.15776544669473594,0.15776544669475256,0.1577654466947765,0.15776544669476325,0.15776544669473594,0.15776544669471654,0.15776544669473594,0.15776544669476325,0.1577654466947765,0.15776544669475256,0.15776544669473594,0.15776544669475256,0.1577654466947765,0.15776544669479634,0.1577654466947765,0.15776544669476325,0.1577654466947765,0.15776544669479634,0.1563414630035986,0.15634146300354257,0.15634146300350327,0.15634146300354257,0.1563414630035986,0.15634146300354257,0.1563414630034698,0.15634146300341545,0.1563414630034698,0.15634146300354257,0.15634146300350327,0.15634146300341545,0.15634146300334623,0.15634146300341545,0.15634146300350327,0.15634146300354257,0.1563414630034698,0.15634146300341545,0.1563414630034698,0.15634146300354257,0.1563414630035986,0.15634146300354257,0.15634146300350327,0.15634146300354257,0.1563414630035986,0.15494591505019722,0.1549459150500458,0.15494591504993224,0.1549459150500458,0.15494591505019722,0.1549459150500458,0.15494591504982977,0.1549459150496482,0.15494591504982977,0.1549459150500458,0.15494591504993224,0.1549459150496482,0.15494591504938118,0.1549459150496482,0.15494591504993224,0.1549459150500458,0.15494591504982977,0.1549459150496482,0.15494591504982977,0.1549459150500458,0.15494591505019722,0.1549459150500458,0.15494591504993224,0.1549459150500458,0.15494591505019722,0.15357822107551905,0.15357822107514105,0.15357822107482655,0.15357822107514105,0.15357822107551905,0.15357822107514105,0.15357822107452768,0.1535782210739109,0.15357822107452768,0.15357822107514105,0.15357822107482655,0.1535782210739109,0.1535782210727697,0.1535782210739109,0.15357822107482655,0.15357822107514105,0.15357822107452768,0.1535782210739109,0.15357822107452768,0.15357822107514105,0.15357822107551905,0.15357822107514105,0.15357822107482655,0.15357822107514105,0.15357822107551905,0.15223780422254427,0.15223780422172226,0.15223780422093158,0.15223780422172226,0.15223780422254427,0.15223780422172226,0.15223780422014244,0.15223780421808764,0.15223780422014244,0.15223780422172226,0.15223780422093158,0.15223780421808764,0.1522378042125724,0.15223780421808764,0.15223780422093158,0.15223780422172226,0.15223780422014244,0.15223780421808764,0.15223780422014244,0.15223780422172226,0.15223780422254427,0.15223780422172226,0.15223780422093158,0.15223780422172226,0.15223780422254427,0.1509240932977968,0.15092409329642512,0.15092409329485282,0.15092409329642512,0.1509240932977968,0.15092409329642512,0.1509240932932352,0.1509240932873326,0.1509240932932352,0.15092409329642512,0.15092409329485282,0.1509240932873326,0.15092409325714254,0.1509240932873326,0.15092409329485282,0.15092409329642512,0.1509240932932352,0.1509240932873326,0.1509240932932352,0.15092409329642512,0.1509240932977968,0.15092409329642512,0.15092409329485282,0.15092409329642512,0.1509240932977968,0.14963652344070655,0.14963652343944575,0.14963652343810002,0.14963652343944575,0.14963652344070655,0.14963652343944575,0.14963652343672768,0.1496365234323515,0.14963652343672768,0.14963652343944575,0.14963652343810002,0.1496365234323515,0.1496365234142233,0.1496365234323515,0.14963652343810002,0.14963652343944575,0.14963652343672768,0.1496365234323515,0.14963652343672768,0.14963652343944575,0.14963652344070655,0.14963652343944575,0.14963652343810002,0.14963652343944575,0.14963652344070655,0.14837453670745737,0.14837453670659947,0.14837453670574566,0.14837453670659947,0.14837453670745737,0.14837453670659947,0.14837453670488887,0.1483745367023977,0.14837453670488887,0.14837453670659947,0.14837453670574566,0.1483745367023977,0.1483745366929957,0.1483745367023977,0.14837453670574566,0.14837453670659947,0.14837453670488887,0.1483745367023977,0.14837453670488887,0.14837453670659947,0.14837453670745737,0.14837453670659947,0.14837453670574566,0.14837453670659947,0.14837453670745737,0.1471375825800645,0.14713758257960527,0.1471375825791811,0.14713758257960527,0.1471375825800645,0.14713758257960527,0.1471375825787655,0.14713758257766918,0.1471375825787655,0.14713758257960527,0.1471375825791811,0.14713758257766918,0.147137582573975,0.14713758257766918,0.1471375825791811,0.14713758257960527,0.1471375825787655,0.14713758257766918,0.1471375825787655,0.14713758257960527,0.1471375825800645,0.14713758257960527,0.1471375825791811,0.14713758257960527,0.1471375825800645,0.14592511840480807,0.14592511840463535,0.1459251184045002,0.14592511840463535,0.14592511840480807,0.14592511840463535,0.14592511840437575,0.1459251184041489,0.14592511840437575,0.14592511840463535,0.1459251184045002,0.1459251184041489,0.14592511840392702,0.1459251184041489,0.1459251184045002,0.14592511840463535,0.14592511840437575,0.1459251184041489,0.14592511840437575,0.14592511840463535,0.14592511840480807,0.14592511840463535,0.1459251184045002,0.14592511840463535,0.14592511840480826,0.14473660976590502,0.14473660976589436,0.14473660976590624,0.14473660976589436,0.14473660976590502,0.14473660976589436,0.14473660976592526,0.1447366097660579,0.14473660976592526,0.14473660976589436,0.14473660976590624,0.1447366097660579,0.14473660976688144,0.1447366097660579,0.14473660976590624,0.14473660976589436,0.14473660976592526,0.1447366097660579,0.14473660976592526,0.14473660976589436,0.14473660976590502,0.14473660976589436,0.14473660976590624,0.14473660976589436,0.14473660976590502,0.14357153080030646,0.14357153080038257,0.1435715308004666,0.14357153080038257,0.14357153080030646,0.14357153080038257,0.14357153080055302,0.1435715308008352,0.14357153080055302,0.14357153080038257,0.1435715308004666,0.1435715308008352,0.14357153080204632,0.1435715308008352,0.1435715308004666,0.14357153080038257,0.14357153080055302,0.1435715308008352,0.14357153080055302,0.14357153080038257,0.14357153080030646,0.14357153080038257,0.1435715308004666,0.14357153080038257,0.14357153080030646,0.14242936445897553,0.1424293644591136,0.14242936445924695,0.1424293644591136,0.14242936445897553,0.1424293644591136,0.14242936445937815,0.14242936445976312,0.14242936445937815,0.1424293644591136,0.14242936445924695,0.14242936445976312,0.14242936446128915,0.14242936445976312,0.14242936445924695,0.1424293644591136,0.14242936445937815,0.14242936445976312,0.14242936445937815,0.1424293644591136,0.14242936445897553,0.1424293644591136,0.14242936445924695,0.1424293644591136,0.14242936445897553,0.14130960271966447,0.14130960271988208,0.14130960272007612,0.14130960271988208,0.14130960271966447,0.14130960271988208,0.14130960272026133,0.14130960272076012,0.14130960272026133,0.14130960271988208,0.14130960272007612,0.14130960272076012,0.14130960272261056,0.14130960272076012,0.14130960272007612,0.14130960271988208,0.14130960272026133,0.14130960272076012,0.14130960272026133,0.14130960271988208,0.14130960271966447,0.14130960271988208,0.14130960272007612,0.14130960271988208,0.14130960271966447,0.14021174675573572,0.1402117467561158,0.14021174675643394,0.1402117467561158,0.14021174675573572,0.1402117467561158,0.1402117467567329,0.140211746757435,0.1402117467567329,0.1402117467561158,0.14021174675643394,0.140211746757435,0.14021174675964176,0.140211746757435,0.14021174675643394,0.1402117467561158,0.1402117467567329,0.140211746757435,0.1402117467567329,0.1402117467561158,0.14021174675573572,0.1402117467561158,0.14021174675643394,0.1402117467561158,0.14021174675573572,0.13913530706515645,0.13913530706591254,0.13913530706655353,0.13913530706591254,0.13913530706515645,0.13913530706591254,0.1391353070671695,0.13913530706846414,0.1391353070671695,0.13913530706591254,0.13913530706655353,0.13913530706846414,0.1391353070709729,0.13913530706846414,0.13913530706655353,0.13913530706591254,0.1391353070671695,0.13913530706846414,0.1391353070671695,0.13913530706591254,0.13913530706515645,0.13913530706591254,0.13913530706655353,0.13913530706591254,0.13913530706515645,0.13807980356343288,0.13807980356495309,0.1380798035664514,0.13807980356495309,0.13807980356343288,0.13807980356495309,0.1380798035679595,0.13807980357198824,0.1380798035679595,0.13807980356495309,0.1380798035664514,0.13807980357198824,0.1380798035831151,0.13807980357198824,0.13807980356645125,0.13807980356495309,0.1380798035679595,0.13807980357198824,0.1380798035679595,0.13807980356495309,0.13807980356343288,0.13807980356495309,0.13807980356645125,0.13807980356495309,0.13807980356343288,0.1370447656440907,0.13704476564644233,0.13704476564926785,0.13704476564644233,0.1370447656440907,0.13704476564644233,0.13704476565219156,0.13704476566364748,0.13704476565219156,0.13704476564644233,0.13704476564926785,0.13704476566364748,0.13704476572689217,0.13704476566364748,0.13704476564926785,0.13704476564644233,0.13704476565219156,0.13704476566364748,0.13704476565219156,0.13704476564644233,0.1370447656440907,0.13704476564644233,0.13704476564926785,0.13704476564644233,0.1370447656440907,0.13602973221107975,0.13602973221270562,0.1360297322142912,0.13602973221270562,0.13602973221107975,0.13602973221270562,0.1360297322158792,0.1360297322201071,0.1360297322158792,0.13602973221270562,0.1360297322142912,0.1360297322201071,0.13602973223180836,0.1360297322201071,0.1360297322142912,0.13602973221270562,0.1360297322158792,0.1360297322201071,0.1360297322158792,0.13602973221270562,0.13602973221107975,0.13602973221270562,0.1360297322142912,0.13602973221270562,0.13602973221107975,0.13503425168780203,0.13503425168881694,0.1350342516896533,0.13503425168881694,0.13503425168780203,0.13503425168881694,0.1350342516904459,0.13503425169205718,0.1350342516904459,0.13503425168881694,0.1350342516896533,0.13503425169205718,0.13503425169498134,0.13503425169205718,0.1350342516896533,0.13503425168881694,0.1350342516904459,0.13503425169205718,0.1350342516904459,0.13503425168881694,0.13503425168780203,0.13503425168881694,0.1350342516896533,0.13503425168881694,0.13503425168780203
0.1653324879763135,0.1653324879763135,0.16533248797631328,0.1653324879763135,0.1653324879763135,0.1653324879763135,0.16533248797631328,0.16533248797631328,0.16533248797631328,0.1653324879763135,0.16533248797631328,0.16533248797631328,0.16533248797631328,0.16533248797631328,0.16533248797631328,0.1653324879763135,0.16533248797631328,0.16533248797631328,0.16533248797631328,0.1653324879763135,0.1653324879763135,0.1653324879763135,0.16533248797631328,0.1653324879763135,0.1653324879763135,0.16375749425371475,0.16375749425371453,0.16375749425371453,0.16375749425371453,0.16375749425371475,0.16375749425371453,0.16375749425371428,0.16375749425371408,0.16375749425371428,0.16375749425371453,0.16375749425371453,0.16375749425371408,0.16375749425371408,0.16375749425371408,0.16375749425371453,0.16375749425371453,0.16375749425371428,0.16375749425371408,0.16375749425371428,0.16375749425371453,0.16375749425371475,0.16375749425371453,0.16375749425371453,0.16375749425371453,0.16375749425371475,0.16221388446308238,0.16221388446308171,0.16221388446308127,0.16221388446308171,0.16221388446308238,0.16221388446308171,0.162213884463081,0.16221388446308035,0.162213884463081,0.16221388446308171,0.16221388446308127,0.16221388446308035,0.16221388446307988,0.16221388446308035,0.16221388446308127,0.16221388446308171,0.162213884463081,0.16221388446308035,0.162213884463081,0.16221388446308171,0.16221388446308238,0.16221388446308171,0.16221388446308127,0.16221388446308171,0.16221388446308238,0.16070106756145777,0.16070106756145555,0.16070106756145422,0.16070106756145555,0.16070106756145777,0.16070106756145555,0.1607010675614531,0.16070106756145155,0.1607010675614531,0.16070106756145555,0.16070106756145422,0.16070106756145155,0.1607010675614498,0.16070106756145155,0.16070106756145422,0.16070106756145555,0.1607010675614531,0.16070106756145155,0.1607010675614531,0.16070106756145555,0.16070106756145777,0.16070106756145555,0.16070106756145422,0.16070106756145555,0.16070106756145777,0.15921845192382214,0.1592184519238154,0.15921845192381104,0.1592184519238154,0.15921845192382214,0.1592184519238154,0.15921845192380754,0.15921845192380232,0.15921845192380754,0.1592184519238154,0.15921845192381104,0.15921845192380232,0.15921845192379663,0.15921845192380232,0.15921845192381104,0.1592184519238154,0.15921845192380754,0.15921845192380232,0.15921845192380754,0.1592184519238154,0.15921845192382214,0.1592184519238154,0.15921845192381104,0.1592184519238154,0.15921845192382214,0.15776544669495082,0.1577654466949312,0.15776544669491793,0.1577654466949312,0.15776544669495082,0.1577654466949312,0.15776544669490727,0.15776544669489084,0.15776544669490727,0.1577654466949312,0.15776544669491793,0.15776544669489084,0.15776544669487147,0.15776544669489084,0.15776544669491793,0.1577654466949312,0.15776544669490727,0.15776544669489084,0.15776544669490727,0.1577654466949312,0.15776544669495082,0.1577654466949312,0.15776544669491793,0.1577654466949312,0.15776544669495082,0.1563414630037496,0.15634146300369375,0.15634146300365487,0.15634146300369375,0.1563414630037496,0.15634146300369375,0.1563414630036214,0.15634146300356747,0.1563414630036214,0.15634146300369375,0.15634146300365487,0.15634146300356747,0.15634146300349847,0.15634146300356747,0.15634146300365487,0.15634146300369375,0.1563414630036214,0.15634146300356747,0.1563414630036214,0.15634146300369375,0.1563414630037496,0.15634146300369375,0.15634146300365487,0.15634146300369375,0.1563414630037496,0.15494591505034436,0.15494591505019353,0.15494591505008062,0.15494591505019353,0.15494591505034436,0.15494591505019353,0.15494591504997857,0.15494591504979763,0.15494591504997857,0.15494591505019353,0.15494591505008062,0.15494591504979763,0.1549459150495318,0.15494591504979763,0.15494591505008062,0.15494591505019353,0.15494591504997857,0.15494591504979763,0.15494591504997857,0.15494591505019353,0.15494591505034436,0.15494591505019353,0.15494591505008062,0.15494591505019353,0.15494591505034436,0.15357822107566105,0.15357822107528465,0.15357822107497154,0.15357822107528465,0.15357822107566105,0.15357822107528465,0.1535782210746739,0.15357822107405952,0.1535782210746739,0.15357822107528465,0.15357822107497154,0.15357822107405952,0.15357822107292315,0.15357822107405952,0.15357822107497154,0.15357822107528465,0.1535782210746739,0.15357822107405952,0.1535782210746739,0.15357822107528465,0.15357822107566105,0.15357822107528465,0.15357822107497154,0.15357822107528465,0.15357822107566105,0.1522378042226781,0.15223780422185948,0.15223780422107194,0.15223780422185948,0.1522378042226781,0.15223780422185948,0.15223780422028613,0.1522378042182398,0.15223780422028613,0.15223780422185948,0.15223780422107194,0.1522378042182398,0.1522378042127476,0.1522378042182398,0.15223780422107194,0.15223780422185948,0.15223780422028613,0.1522378042182398,0.15223780422028613,0.15223780422185948,0.1522378042226781,0.15223780422185948,0.15223780422107194,0.15223780422185948,0.1522378042226781,0.15092409329791523,0.15092409329654896,0.15092409329498324,0.15092409329654896,0.15092409329791523,0.15092409329654896,0.15092409329337234,0.15092409328749407,0.15092409329337234,0.15092409329654896,0.15092409329498324,0.15092409328749407,0.15092409325743272,0.15092409328749407,0.15092409329498324,0.15092409329654896,0.15092409329337234,0.15092409328749407,0.15092409329337234,0.15092409329654896,0.15092409329791523,0.15092409329654896,0.15092409329498324,0.15092409329654896,0.15092409329791523,0.14963652344079809,0.149636523439542,0.14963652343820158,0.149636523439542,0.14963652344079809,0.149636523439542,0.1496365234368345,0.1496365234324767,0.1496365234368345,0.149636523439542,0.14963652343820158,0.1496365234324767,0.14963652341442354,0.1496365234324767,0.14963652343820158,0.149636523439542,0.1496365234368345,0.1496365234324767,0.1496365234368345,0.149636523439542,0.14963652344079809,0.149636523439542,0.14963652343820158,0.149636523439542,0.14963652344079809,0.14837453670751166,0.148374536706656,0.14837453670580422,0.148374536706656,0.14837453670751166,0.148374536706656,0.14837453670494968,0.14837453670246384,0.14837453670494968,0.148374536706656,0.14837453670580422,0.14837453670246384,0.14837453669309783,0.14837453670246384,0.14837453670580422,0.148374536706656,0.14837453670494968,0.14837453670246384,0.14837453670494968,0.148374536706656,0.14837453670751166,0.148374536706656,0.14837453670580422,0.148374536706656,0.14837453670751166,0.14713758258007667,0.14713758257961745,0.1471375825791927,0.14713758257961745,0.14713758258007667,0.14713758257961745,0.14713758257877657,0.1471375825776777,0.14713758257877657,0.14713758257961745,0.1471375825791927,0.1471375825776777,0.14713758257397952,0.1471375825776777,0.1471375825791927,0.14713758257961745,0.14713758257877657,0.1471375825776777,0.14713758257877657,0.14713758257961745,0.14713758258007667,0.14713758257961745,0.1471375825791927,0.14713758257961745,0.14713758258007667,0.145925118404778,0.14592511840460348,0.14592511840446637,0.14592511840460348,0.145925118404778,0.14592511840460348,0.14592511840433997,0.1459251184041065,0.14592511840433997,0.14592511840460348,0.14592511840446637,0.1459251184041065,0.14592511840387395,0.1459251184041065,0.14592511840446637,0.14592511840460348,0.14592511840433997,0.1459251184041065,0.14592511840433997,0.14592511840460348,0.145925118404778,0.14592511840460348,0.14592511840446637,0.14592511840460348,0.145925118404778,0.14473660976583502,0.14473660976582212,0.1447366097658315,0.14473660976582212,0.14473660976583502,0.14473660976582212,0.1447366097658481,0.14473660976597255,0.1447366097658481,0.14473660976582212,0.1447366097658315,0.14473660976597255,0.14473660976674632,0.14473660976597255,0.1447366097658315,0.14473660976582212,0.1447366097658481,0.14473660976597255,0.1447366097658481,0.14473660976582212,0.14473660976583502,0.14473660976582212,0.1447366097658315,0.14473660976582212,0.14473660976583502,0.14357153080020102,0.1435715308002748,0.14357153080035626,0.1435715308002748,0.14357153080020102,0.1435715308002748,0.14357153080044024,0.14357153080071505,0.14357153080044024,0.1435715308002748,0.14357153080035626,0.14357153080071505,0.14357153080187332,0.14357153080071505,0.14357153080035626,0.1435715308002748,0.14357153080044024,0.14357153080071505,0.14357153080044024,0.1435715308002748,0.14357153080020102,0.1435715308002748,0.14357153080035626,0.1435715308002748,0.14357153080020102,0.14242936445883916,0.14242936445897486,0.14242936445910573,0.14242936445897486,0.14242936445883916,0.14242936445897486,0.14242936445923454,0.14242936445961232,0.14242936445923454,0.14242936445897486,0.14242936445910573,0.14242936445961232,0.14242936446109475,0.14242936445961232,0.14242936445910573,0.14242936445897486,0.14242936445923454,0.14242936445961232,0.14242936445923454,0.14242936445897486,0.14242936445883916,0.14242936445897486,0.14242936445910573,0.14242936445897486,0.14242936445883916,0.14130960271950133,0.14130960271971663,0.14130960271990856,0.14130960271971663,0.14130960271950133,0.14130960271971663,0.14130960272009144,0.14130960272058318,0.14130960272009144,0.14130960271971663,0.14130960271990856,0.14130960272058318,0.14130960272238852,0.14130960272058318,0.14130960271990856,0.14130960271971663,0.14130960272009144,0.14130960272058318,0.14130960272009144,0.14130960271971663,0.14130960271950133,0.14130960271971663,0.14130960271990856,0.14130960271971663,0.14130960271950133,0.14021174675555012,0.1402117467559281,0.14021174675624432,0.1402117467559281,0.14021174675555012,0.1402117467559281,0.14021174675654133,0.14021174675723733,0.14021174675654133,0.1402117467559281,0.14021174675624432,0.14021174675723733,0.14021174675941925,0.14021174675723733,0.14021174675624432,0.1402117467559281,0.14021174675654133,0.14021174675723733,0.14021174675654133,0.1402117467559281,0.14021174675555012,0.1402117467559281,0.14021174675624432,0.1402117467559281,0.14021174675555012,0.139135307064952,0.13913530706570634,0.13913530706634575,0.13913530706570634,0.139135307064952,0.13913530706570634,0.13913530706696003,0.13913530706825114,0.13913530706696003,0.13913530706570634,0.13913530706634575,0.13913530706825114,0.13913530707075203,0.13913530706825114,0.13913530706634575,0.13913530706570634,0.13913530706696003,0.13913530706825114,0.13913530706696003,0.13913530706570634,0.139135307064952,0.13913530706570634,0.13913530706634575,0.13913530706570634,0.139135307064952,0.13807980356321353,0.13807980356473107,0.1380798035662269,0.13807980356473107,0.13807980356321353,0.13807980356473107,0.13807980356773267,0.1380798035717551,0.13807980356773267,0.13807980356473107,0.1380798035662269,0.1380798035717551,0.13807980358286517,0.1380798035717551,0.1380798035662269,0.13807980356473107,0.13807980356773267,0.1380798035717551,0.13807980356773267,0.13807980356473107,0.13807980356321353,0.13807980356473107,0.1380798035662269,0.13807980356473107,0.13807980356321353,0.137044765643861,0.13704476564620913,0.1370447656490305,0.13704476564620913,0.137044765643861,0.13704476564620913,0.13704476565194998,0.1370447656633893,0.13704476565194998,0.13704476564620913,0.1370447656490305,0.1370447656633893,0.13704476572654767,0.1370447656633893,0.1370447656490305,0.13704476564620913,0.13704476565194998,0.1370447656633893,0.13704476565194998,0.13704476564620913,0.137044765643861,0.13704476564620913,0.1370447656490305,0.13704476564620913,0.137044765643861,0.13602973221084685,0.1360297322124703,0.13602973221405368,0.1360297322124703,0.13602973221084685,0.1360297322124703,0.13602973221563927,0.13602973221986106,0.13602973221563927,0.1360297322124703,0.13602973221405368,0.13602973221986106,0.1360297322315455,0.13602973221986106,0.13602973221405368,0.1360297322124703,0.13602973221563927,0.13602973221986106,0.13602973221563927,0.1360297322124703,0.13602973221084685,0.1360297322124703,0.13602973221405368,0.1360297322124703,0.13602973221084685,0.13503425168757055,0.13503425168858413,0.13503425168941918,0.13503425168858413,0.13503425168757055,0.13503425168858413,0.13503425169021063,0.13503425169181954,0.13503425169021063,0.13503425168858413,0.13503425168941918,0.13503425169181954,0.13503425169473962,0.13503425169181954,0.13503425168941918,0.13503425168858413,0.13503425169021063,0.13503425169181954,0.13503425169021063,0.13503425168858413,0.13503425168757055,0.13503425168858413,0.13503425168941918,0.13503425168858413,0.13503425168757055
0.16533248797648273,0.16533248797648273,0.1653324879764825,0.16533248797648273,0.16533248797648273,0.16533248797648273,0.1653324879764825,0.1653324879764825,0.1653324879764825,0.16533248797648273,0.1653324879764825,0.1653324879764825,0.1653324879764825,0.1653324879764825,0.1653324879764825,0.16533248797648273,0.1653324879764825,0.1653324879764825,0.1653324879764825,0.16533248797648273,0.16533248797648273,0.16533248797648273,0.1653324879764825,0.16533248797648273,0.16533248797648273,0.1637574942538806,0.16375749425388036,0.16375749425388036,0.16375749425388036,0.1637574942538806,0.16375749425388036,0.16375749425388014,0.1637574942538799,0.16375749425388014,0.16375749425388036,0.16375749425388036,0.1637574942538799,0.1637574942538799,0.1637574942538799,0.16375749425388036,0.16375749425388036,0.16375749425388014,0.1637574942538799,0.16375749425388014,0.16375749425388036,0.1637574942538806,0.16375749425388036,0.16375749425388036,0.16375749425388036,0.1637574942538806,0.16221388446324492,0.16221388446324425,0.16221388446324378,0.16221388446324425,0.16221388446324492,0.16221388446324425,0.16221388446324334,0.1622138844632429,0.16221388446324334,0.16221388446324425,0.16221388446324378,0.1622138844632429,0.16221388446324242,0.1622138844632429,0.16221388446324378,0.16221388446324425,0.16221388446324334,0.1622138844632429,0.16221388446324334,0.16221388446324425,0.16221388446324492,0.16221388446324425,0.16221388446324378,0.16221388446324425,0.16221388446324492,0.16070106756161706,0.16070106756161484,0.1607010675616133,0.16070106756161484,0.16070106756161706,0.16070106756161484,0.1607010675616124,0.16070106756161084,0.1607010675616124,0.16070106756161484,0.1607010675616133,0.16070106756161084,0.16070106756160904,0.16070106756161084,0.1607010675616133,0.16070106756161484,0.1607010675616124,0.16070106756161084,0.1607010675616124,0.16070106756161484,0.16070106756161706,0.16070106756161484,0.1607010675616133,0.16070106756161484,0.16070106756161706,0.15921845192397802,0.15921845192397124,0.15921845192396689,0.15921845192397124,0.15921845192397802,0.15921845192397124,0.15921845192396364,0.15921845192395842,0.15921845192396364,0.15921845192397124,0.15921845192396689,0.15921845192395842,0.1592184519239528,0.15921845192395842,0.15921845192396689,0.15921845192397124,0.15921845192396364,0.15921845192395842,0.15921845192396364,0.15921845192397124,0.15921845192397802,0.15921845192397124,0.15921845192396689,0.15921845192397124,0.15921845192397802,0.1577654466951036,0.15776544669508394,0.15776544669507073,0.15776544669508394,0.1577654466951036,0.15776544669508394,0.15776544669506007,0.15776544669504364,0.15776544669506007,0.15776544669508394,0.15776544669507073,0.15776544669504364,0.1577654466950244,0.15776544669504364,0.15776544669507073,0.15776544669508394,0.15776544669506007,0.15776544669504364,0.15776544669506007,0.15776544669508394,0.1577654466951036,0.15776544669508394,0.15776544669507073,0.15776544669508394,0.1577654466951036,0.1563414630038989,0.15634146300384327,0.1563414630038044,0.15634146300384327,0.1563414630038989,0.15634146300384327,0.1563414630037711,0.1563414630037174,0.1563414630037711,0.15634146300384327,0.1563414630038044,0.1563414630037174,0.1563414630036486,0.1563414630037174,0.1563414630038044,0.15634146300384327,0.1563414630037711,0.1563414630037174,0.1563414630037711,0.15634146300384327,0.1563414630038989,0.15634146300384327,0.1563414630038044,0.15634146300384327,0.1563414630038989,0.15494591505048985,0.15494591505033964,0.15494591505022695,0.15494591505033964,0.15494591505048985,0.15494591505033964,0.15494591505012548,0.15494591504994534,0.15494591505012548,0.15494591505033964,0.15494591505022695,0.15494591504994534,0.15494591504968058,0.15494591504994534,0.15494591505022695,0.15494591505033964,0.15494591505012548,0.15494591504994534,0.15494591505012548,0.15494591505033964,0.15494591505048985,0.15494591505033964,0.15494591505022695,0.15494591505033964,0.15494591505048985,0.15357822107580144,0.15357822107542649,0.15357822107511476,0.15357822107542649,0.15357822107580144,0.15357822107542649,0.1535782210748183,0.15357822107420632,0.1535782210748183,0.15357822107542649,0.15357822107511476,0.15357822107420632,0.15357822107307478,0.15357822107420632,0.15357822107511476,0.15357822107542649,0.1535782210748183,0.15357822107420632,0.1535782210748183,0.15357822107542649,0.15357822107580144,0.15357822107542649,0.15357822107511476,0.15357822107542649,0.15357822107580144,0.15223780422281022,0.1522378042219949,0.15223780422121053,0.1522378042219949,0.15223780422281022,0.1522378042219949,0.15223780422042785,0.15223780421839,0.15223780422042785,0.1522378042219949,0.15223780422121053,0.15223780421839,0.1522378042129202,0.15223780421839,0.15223780422121053,0.1522378042219949,0.15223780422042785,0.15223780421839,0.15223780422042785,0.1522378042219949,0.15223780422281022,0.1522378042219949,0.15223780422121053,0.1522378042219949,0.15223780422281022,0.1509240932980321,0.15092409329667147,0.15092409329511208,0.15092409329667147,0.1509240932980321,0.15092409329667147,0.1509240932935076,0.1509240932876536,0.1509240932935076,0.15092409329667147,0.15092409329511208,0.1509240932876536,0.15092409325774506,0.1509240932876536,0.15092409329511208,0.15092409329667147,0.1509240932935076,0.1509240932876536,0.1509240932935076,0.15092409329667147,0.1509240932980321,0.15092409329667147,0.15092409329511208,0.15092409329667147,0.1509240932980321,0.14963652344088846,0.1496365234396371,0.1496365234383018,0.1496365234396371,0.14963652344088846,0.1496365234396371,0.1496365234369402,0.14963652343260014,0.1496365234369402,0.1496365234396371,0.1496365234383018,0.14963652343260014,0.14963652341459144,0.14963652343260014,0.1496365234383018,0.1496365234396371,0.1496365234369402,0.14963652343260014,0.1496365234369402,0.1496365234396371,0.14963652344088846,0.1496365234396371,0.1496365234383018,0.1496365234396371,0.14963652344088846,0.14837453670756542,0.14837453670671177,0.14837453670586206,0.14837453670671177,0.14837453670756523,0.14837453670671177,0.14837453670500972,0.14837453670252926,0.14837453670500972,0.14837453670671177,0.14837453670586206,0.14837453670252926,0.14837453669317324,0.14837453670252926,0.14837453670586206,0.14837453670671177,0.14837453670500972,0.14837453670252926,0.14837453670500952,0.14837453670671177,0.14837453670756523,0.14837453670671177,0.14837453670586206,0.14837453670671177,0.14837453670756542,0.14713758258008885,0.14713758257962942,0.14713758257920437,0.14713758257962942,0.14713758258008885,0.14713758257962942,0.1471375825787878,0.1471375825776866,0.1471375825787878,0.14713758257962942,0.14713758257920437,0.1471375825776866,0.14713758257395865,0.1471375825776866,0.14713758257920437,0.14713758257962942,0.1471375825787878,0.1471375825776866,0.1471375825787878,0.14713758257962942,0.14713758258008885,0.14713758257962942,0.14713758257920437,0.14713758257962942,0.14713758258008885,0.14592511840474826,0.14592511840457215,0.14592511840443326,0.14592511840457215,0.14592511840474826,0.14592511840457215,0.14592511840430486,0.14592511840406486,0.14592511840430486,0.14592511840457215,0.14592511840443326,0.14592511840406486,0.14592511840377584,0.14592511840406486,0.14592511840443326,0.14592511840457215,0.14592511840430486,0.14592511840406486,0.14592511840430486,0.14592511840457215,0.14592511840474826,0.14592511840457215,0.14592511840443326,0.14592511840457215,0.14592511840474826,0.14473660976576622,0.14473660976575087,0.14473660976575786,0.14473660976575087,0.14473660976576622,0.14473660976575087,0.144736609765772,0.1447366097658886,0.144736609765772,0.14473660976575087,0.14473660976575786,0.1447366097658886,0.1447366097666512,0.1447366097658886,0.14473660976575786,0.14473660976575087,0.144736609765772,0.1447366097658886,0.144736609765772,0.14473660976575087,0.14473660976576622,0.14473660976575087,0.14473660976575786,0.14473660976575087,0.14473660976576622,0.14357153080009702,0.14357153080016852,0.1435715308002476,0.14357153080016852,0.14357153080009702,0.14357153080016852,0.14357153080032903,0.14357153080059665,0.14357153080032903,0.14357153080016852,0.1435715308002476,0.14357153080059665,0.1435715308017414,0.14357153080059665,0.1435715308002476,0.14357153080016852,0.14357153080032903,0.14357153080059665,0.14357153080032903,0.14357153080016852,0.14357153080009702,0.14357153080016852,0.1435715308002476,0.14357153080016852,0.14357153080009702,0.14242936445870444,0.1424293644588378,0.1424293644589663,0.1424293644588378,0.14242936445870444,0.1424293644588378,0.1424293644590928,0.14242936445946336,0.1424293644590928,0.1424293644588378,0.1424293644589663,0.14242936445946336,0.1424293644609216,0.14242936445946336,0.1424293644589663,0.1424293644588378,0.1424293644590928,0.14242936445946336,0.1424293644590928,0.1424293644588378,0.14242936445870444,0.1424293644588378,0.1424293644589663,0.1424293644588378,0.14242936445870444,0.14130960271934018,0.14130960271955328,0.14130960271974294,0.14130960271955328,0.14130960271934018,0.14130960271955328,0.14130960271992352,0.14130960272040838,0.14130960271992352,0.14130960271955328,0.14130960271974294,0.14130960272040838,0.14130960272218837,0.14130960272040838,0.14130960271974294,0.14130960271955328,0.14130960271992352,0.14130960272040838,0.14130960271992352,0.14130960271955328,0.14130960271934018,0.14130960271955328,0.14130960271974294,0.14130960271955328,0.14130960271934018,0.1402117467553666,0.14021174675574266,0.14021174675605677,0.14021174675574266,0.1402117467553666,0.14021174675574266,0.14021174675635187,0.1402117467570417,0.14021174675635187,0.14021174675574266,0.14021174675605677,0.1402117467570417,0.14021174675919365,0.1402117467570417,0.14021174675605677,0.14021174675574266,0.14021174675635187,0.1402117467570417,0.14021174675635187,0.14021174675574266,0.1402117467553666,0.14021174675574266,0.14021174675605677,0.14021174675574266,0.1402117467553666,0.13913530706475008,0.13913530706550253,0.13913530706614036,0.13913530706550253,0.13913530706475008,0.13913530706550253,0.13913530706675303,0.13913530706804056,0.13913530706675303,0.13913530706550253,0.13913530706614036,0.13913530706804056,0.1391353070705338,0.13913530706804056,0.13913530706614036,0.13913530706550253,0.13913530706675303,0.13913530706804056,0.13913530706675303,0.13913530706550253,0.13913530706475008,0.13913530706550253,0.13913530706614036,0.13913530706550253,0.13913530706475008,0.13807980356299662,0.1380798035645117,0.13807980356600505,0.1380798035645117,0.13807980356299662,0.1380798035645117,0.13807980356750846,0.1380798035715247,0.13807980356750832,0.1380798035645117,0.13807980356600505,0.1380798035715247,0.13807980358261804,0.1380798035715247,0.13807980356600505,0.1380798035645117,0.13807980356750832,0.1380798035715247,0.13807980356750832,0.1380798035645117,0.13807980356299662,0.1380798035645117,0.13807980356600505,0.1380798035645117,0.13807980356299662,0.137044765643634,0.13704476564597862,0.13704476564879592,0.13704476564597862,0.137044765643634,0.13704476564597862,0.13704476565171111,0.13704476566313403,0.13704476565171111,0.13704476564597862,0.13704476564879592,0.13704476566313403,0.13704476572621013,0.13704476566313403,0.13704476564879592,0.13704476564597862,0.13704476565171111,0.13704476566313403,0.13704476565171111,0.13704476564597862,0.137044765643634,0.13704476564597862,0.13704476564879592,0.13704476564597862,0.137044765643634,0.13602973221061648,0.13602973221223771,0.13602973221381867,0.13602973221223771,0.13602973221061648,0.13602973221223771,0.13602973221540218,0.13602973221961787,0.13602973221540218,0.13602973221223771,0.13602973221381867,0.13602973221961787,0.1360297322312856,0.13602973221961787,0.13602973221381867,0.13602973221223771,0.13602973221540218,0.13602973221961787,0.13602973221540218,0.13602973221223771,0.13602973221061648,0.13602973221223771,0.13602973221381867,0.13602973221223771,0.13602973221061648,0.13503425168734184,0.1350342516883538,0.13503425168918767,0.1350342516883538,0.13503425168734184,0.1350342516883538,0.13503425168997796,0.13503425169158453,0.13503425168997796,0.1350342516883538,0.13503425168918767,0.13503425169158453,0.1350342516945005,0.13503425169158467,0.13503425168918767,0.1350342516883538,0.13503425168997796,0.13503425169158467,0.13503425168997796,0.1350342516883538,0.13503425168734184,0.1350342516883538,0.13503425168918767,0.1350342516883538,0.13503425168734184
0.1653324879766498,0.1653324879766498,0.1653324879766498,0.1653324879766498,0.1653324879766498,0.1653324879766498,0.16533248797664957,0.16533248797664957,0.16533248797664957,0.1653324879766498,0.1653324879766498,0.16533248797664957,0.16533248797664957,0.16533248797664957,0.1653324879766498,0.1653324879766498,0.16533248797664957,0.16533248797664957,0.16533248797664957,0.1653324879766498,0.1653324879766498,0.1653324879766498,0.1653324879766498,0.1653324879766498,0.1653324879766498,0.16375749425404437,0.16375749425404412,0.16375749425404412,0.16375749425404412,0.16375749425404437,0.16375749425404412,0.16375749425404384,0.16375749425404365,0.16375749425404384,0.16375749425404412,0.16375749425404412,0.16375749425404365,0.16375749425404365,0.16375749425404365,0.16375749425404412,0.16375749425404412,0.16375749425404384,0.16375749425404365,0.16375749425404384,0.16375749425404412,0.16375749425404437,0.16375749425404412,0.16375749425404412,0.16375749425404412,0.16375749425404437,0.1622138844634054,0.1622138844634047,0.1622138844634043,0.1622138844634047,0.1622138844634054,0.1622138844634047,0.16221388446340382,0.16221388446340337,0.16221388446340382,0.1622138844634047,0.1622138844634043,0.16221388446340337,0.1622138844634029,0.16221388446340337,0.1622138844634043,0.1622138844634047,0.16221388446340382,0.16221388446340337,0.16221388446340382,0.1622138844634047,0.1622138844634054,0.1622138844634047,0.1622138844634043,0.1622138844634047,0.1622138844634054,0.16070106756177435,0.16070106756177188,0.16070106756177058,0.16070106756177188,0.16070106756177435,0.16070106756177188,0.16070106756176944,0.1607010675617679,0.16070106756176944,0.16070106756177188,0.16070106756177058,0.1607010675617679,0.1607010675617661,0.1607010675617679,0.16070106756177058,0.16070106756177188,0.16070106756176944,0.1607010675617679,0.16070106756176944,0.16070106756177188,0.16070106756177435,0.16070106756177188,0.16070106756177058,0.16070106756177188,0.16070106756177435,0.15921845192413192,0.15921845192412518,0.15921845192412082,0.15921845192412518,0.15921845192413192,0.15921845192412518,0.15921845192411757,0.15921845192411235,0.15921845192411757,0.15921845192412518,0.15921845192412082,0.15921845192411235,0.1592184519241067,0.15921845192411235,0.15921845192412082,0.15921845192412518,0.15921845192411757,0.15921845192411235,0.15921845192411757,0.15921845192412518,0.15921845192413192,0.15921845192412518,0.15921845192412082,0.15921845192412518,0.15921845192413192,0.15776544669525422,0.1577654466952346,0.15776544669522155,0.1577654466952346,0.15776544669525422,0.1577654466952346,0.15776544669521111,0.15776544669519468,0.15776544669521111,0.1577654466952346,0.15776544669522155,0.15776544669519468,0.15776544669517548,0.15776544669519468,0.15776544669522155,0.1577654466952346,0.15776544669521111,0.15776544669519468,0.15776544669521111,0.1577654466952346,0.15776544669525422,0.1577654466952346,0.15776544669522155,0.1577654466952346,0.15776544669525422,0.1563414630040463,0.1563414630039909,0.1563414630039522,0.1563414630039909,0.1563414630040463,0.1563414630039909,0.15634146300391916,0.15634146300386542,0.15634146300391916,0.1563414630039909,0.1563414630039522,0.15634146300386542,0.15634146300379706,0.15634146300386542,0.1563414630039522,0.1563414630039909,0.15634146300391916,0.15634146300386542,0.15634146300391916,0.1563414630039909,0.1563414630040463,0.1563414630039909,0.1563414630039522,0.1563414630039909,0.1563414630040463,0.15494591505063351,0.15494591505048372,0.15494591505037164,0.15494591505048372,0.15494591505063351,0.15494591505048372,0.15494591505027058,0.15494591505009106,0.15494591505027058,0.15494591505048372,0.15494591505037164,0.15494591505009106,0.15494591504982752,0.15494591505009106,0.15494591505037164,0.15494591505048372,0.15494591505027058,0.15494591505009106,0.15494591505027058,0.15494591505048372,0.15494591505063351,0.15494591505048372,0.15494591505037164,0.15494591505048372,0.15494591505063351,0.15357822107594002,0.15357822107556662,0.15357822107525615,0.15357822107556662,0.15357822107594002,0.15357822107556662,0.15357822107496089,0.15357822107435154,0.15357822107496089,0.15357822107556662,0.15357822107525615,0.15357822107435154,0.1535782210732244,0.15357822107435154,0.15357822107525615,0.15357822107556662,0.15357822107496089,0.15357822107435154,0.15357822107496089,0.15357822107556662,0.15357822107594002,0.15357822107556662,0.15357822107525615,0.15357822107556662,0.15357822107594002,0.15223780422294073,0.15223780422212876,0.1522378042213475,0.15223780422212876,0.15223780422294073,0.15223780422212876,0.152237804220568,0.15223780421853841,0.152237804220568,0.15223780422212876,0.1522378042213475,0.15223780421853841,0.15223780421309088,0.15223780421853841,0.1522378042213475,0.15223780422212876,0.152237804220568,0.15223780421853841,0.152237804220568,0.15223780422212876,0.15223780422294073,0.15223780422212876,0.1522378042213475,0.15223780422212876,0.15223780422294073,0.15092409329814768,0.15092409329679243,0.15092409329523923,0.15092409329679243,0.15092409329814768,0.15092409329679243,0.1509240932936413,0.15092409328781106,0.1509240932936413,0.15092409329679243,0.15092409329523923,0.15092409328781106,0.15092409325799971,0.15092409328781106,0.15092409329523923,0.15092409329679243,0.1509240932936413,0.15092409328781106,0.1509240932936413,0.15092409329679243,0.15092409329814768,0.15092409329679243,0.15092409329523923,0.15092409329679243,0.15092409329814768,0.1496365234409777,0.14963652343973108,0.14963652343840086,0.14963652343973108,0.1496365234409777,0.14963652343973108,0.14963652343704437,0.14963652343272232,0.14963652343704437,0.14963652343973108,0.14963652343840086,0.14963652343272232,0.1496365234148206,0.14963652343272232,0.14963652343840086,0.14963652343973108,0.14963652343704437,0.14963652343272232,0.14963652343704437,0.14963652343973108,0.1496365234409777,0.14963652343973108,0.14963652343840086,0.14963652343973108,0.1496365234409777,0.1483745367076186,0.1483745367067672,0.1483745367059195,0.1483745367067672,0.1483745367076186,0.1483745367067672,0.1483745367050692,0.14837453670259412,0.1483745367050692,0.1483745367067672,0.1483745367059195,0.14837453670259412,0.14837453669323739,0.14837453670259412,0.1483745367059195,0.1483745367067672,0.1483745367050692,0.14837453670259412,0.1483745367050692,0.1483745367067672,0.1483745367076186,0.1483745367067672,0.1483745367059195,0.1483745367067672,0.1483745367076186,0.1471375825801012,0.14713758257964163,0.14713758257921616,0.14713758257964163,0.1471375825801012,0.14713758257964163,0.14713758257879908,0.14713758257769552,0.14713758257879908,0.14713758257964163,0.14713758257921616,0.14713758257769552,0.14713758257394374,0.14713758257769552,0.14713758257921616,0.14713758257964163,0.14713758257879908,0.14713758257769552,0.14713758257879908,0.14713758257964163,0.1471375825801012,0.14713758257964163,0.14713758257921616,0.14713758257964163,0.1471375825801012,0.14592511840471903,0.14592511840454153,0.14592511840440084,0.14592511840454153,0.14592511840471903,0.14592511840454153,0.14592511840427067,0.14592511840402425,0.14592511840427067,0.14592511840454153,0.14592511840440084,0.14592511840402425,0.1459251184036859,0.14592511840402425,0.14592511840440084,0.14592511840454153,0.14592511840427067,0.14592511840402425,0.14592511840427067,0.14592511840454153,0.14592511840471903,0.14592511840454153,0.14592511840440084,0.14592511840454153,0.14592511840471903,0.14473660976569833,0.1447366097656809,0.14473660976568561,0.1447366097656809,0.14473660976569833,0.1447366097656809,0.14473660976569727,0.14473660976580605,0.14473660976569727,0.1447366097656809,0.14473660976568561,0.14473660976580605,0.14473660976653094,0.14473660976580605,0.14473660976568561,0.1447366097656809,0.14473660976569727,0.14473660976580605,0.14473660976569727,0.1447366097656809,0.14473660976569833,0.1447366097656809,0.14473660976568561,0.1447366097656809,0.14473660976569833,0.14357153079999452,0.14357153080006363,0.1435715308001403,0.14357153080006363,0.14357153079999452,0.14357153080006363,0.14357153080021953,0.14357153080047977,0.14357153080021953,0.14357153080006363,0.1435715308001403,0.14357153080047977,0.14357153080159218,0.14357153080047977,0.1435715308001403,0.14357153080006363,0.14357153080021953,0.14357153080047977,0.14357153080021953,0.14357153080006363,0.14357153079999452,0.14357153080006363,0.1435715308001403,0.14357153080006363,0.14357153079999452,0.14242936445857143,0.1424293644587024,0.14242936445882876,0.1424293644587024,0.14242936445857143,0.1424293644587024,0.14242936445895288,0.14242936445931642,0.14242936445895288,0.1424293644587024,0.14242936445882876,0.14242936445931642,0.14242936446073357,0.14242936445931642,0.14242936445882876,0.1424293644587024,0.14242936445895288,0.14242936445931642,0.14242936445895288,0.1424293644587024,0.14242936445857143,0.1424293644587024,0.14242936445882876,0.1424293644587024,0.14242936445857143,0.14130960271918094,0.14130960271939197,0.1413096027195793,0.14130960271939197,0.14130960271918094,0.14130960271939197,0.14130960271975773,0.14130960272023566,0.14130960271975773,0.14130960271939197,0.1413096027195793,0.14130960272023566,0.14130960272199283,0.14130960272023566,0.1413096027195793,0.14130960271939197,0.14130960271975773,0.14130960272023566,0.14130960271975773,0.14130960271939197,0.14130960271918094,0.14130960271939197,0.1413096027195793,0.14130960271939197,0.14130960271918094,0.14021174675518538,0.14021174675555947,0.14021174675587167,0.14021174675555947,0.14021174675518538,0.14021174675555947,0.14021174675616482,0.14021174675684872,0.14021174675616482,0.14021174675555947,0.14021174675587167,0.14021174675684872,0.14021174675897674,0.14021174675684872,0.14021174675587167,0.14021174675555947,0.14021174675616482,0.14021174675684872,0.14021174675616482,0.14021174675555947,0.14021174675518538,0.14021174675555947,0.14021174675587167,0.14021174675555947,0.14021174675518538,0.13913530706455055,0.13913530706530128,0.13913530706593735,0.13913530706530128,0.13913530706455055,0.13913530706530128,0.1391353070665486,0.13913530706783261,0.1391353070665486,0.13913530706530128,0.13913530706593735,0.13913530706783261,0.13913530707031815,0.13913530706783261,0.13913530706593735,0.13913530706530128,0.1391353070665486,0.13913530706783261,0.1391353070665486,0.13913530706530128,0.13913530706455055,0.13913530706530128,0.13913530706593735,0.13913530706530128,0.13913530706455055,0.13807980356278218,0.13807980356429478,0.13807980356578584,0.13807980356429478,0.13807980356278218,0.13807980356429478,0.13807980356728677,0.13807980357129693,0.13807980356728677,0.13807980356429478,0.13807980356578584,0.13807980357129693,0.13807980358237384,0.13807980357129693,0.13807980356578584,0.13807980356429478,0.13807980356728677,0.13807980357129693,0.13807980356728677,0.13807980356429478,0.13807980356278218,0.13807980356429478,0.13807980356578584,0.13807980356429478,0.13807980356278218,0.1370447656434096,0.1370447656457507,0.1370447656485639,0.1370447656457507,0.1370447656434096,0.1370447656457507,0.13704476565147503,0.13704476566288165,0.13704476565147503,0.1370447656457507,0.1370447656485639,0.13704476566288165,0.13704476572588156,0.13704476566288165,0.1370447656485639,0.1370447656457507,0.13704476565147503,0.13704476566288165,0.13704476565147503,0.1370447656457507,0.1370447656434096,0.1370447656457507,0.1370447656485639,0.1370447656457507,0.1370447656434096,0.13602973221038894,0.13602973221200762,0.13602973221358655,0.13602973221200762,0.13602973221038894,0.13602973221200762,0.13602973221516765,0.13602973221937736,0.13602973221516765,0.13602973221200762,0.13602973221358655,0.13602973221937736,0.13602973223102868,0.13602973221937736,0.13602973221358655,0.13602973221200762,0.13602973221516765,0.13602973221937736,0.13602973221516765,0.13602973221200762,0.13602973221038894,0.13602973221200762,0.13602973221358655,0.13602973221200762,0.13602973221038894,0.1350342516871156,0.13503425168812613,0.13503425168895877,0.13503425168812613,0.1350342516871156,0.13503425168812613,0.13503425168974806,0.13503425169135244,0.13503425168974806,0.13503425168812613,0.13503425168895877,0.13503425169135244,0.1350342516942642,0.13503425169135244,0.13503425168895877,0.13503425168812613,0.13503425168974806,0.13503425169135244,0.13503425168974806,0.13503425168812613,0.1350342516871156,0.13503425168812613,0.13503425168895877,0.13503425168812613,0.1350342516871156
0.16533248797681474,0.16533248797681474,0.16533248797681452,0.16533248797681474,0.16533248797681474,0.16533248797681474,0.16533248797681452,0.16533248797681452,0.16533248797681452,0.16533248797681474,0.16533248797681452,0.16533248797681452,0.16533248797681452,0.16533248797681452,0.16533248797681452,0.16533248797681474,0.16533248797681452,0.16533248797681452,0.16533248797681452,0.16533248797681474,0.16533248797681474,0.16533248797681474,0.16533248797681452,0.16533248797681474,0.16533248797681474,0.163757494254206,0.16375749425420577,0.16375749425420555,0.16375749425420577,0.163757494254206,0.16375749425420577,0.16375749425420555,0.16375749425420533,0.16375749425420555,0.16375749425420577,0.16375749425420555,0.16375749425420533,0.1637574942542051,0.16375749425420533,0.16375749425420555,0.16375749425420577,0.16375749425420555,0.16375749425420533,0.16375749425420555,0.16375749425420577,0.163757494254206,0.16375749425420577,0.16375749425420555,0.16375749425420577,0.163757494254206,0.16221388446356383,0.16221388446356297,0.1622138844635625,0.16221388446356297,0.16221388446356383,0.16221388446356297,0.16221388446356227,0.1622138844635618,0.16221388446356227,0.16221388446356297,0.1622138844635625,0.1622138844635618,0.1622138844635611,0.1622138844635618,0.1622138844635625,0.16221388446356297,0.16221388446356227,0.1622138844635618,0.16221388446356227,0.16221388446356297,0.16221388446356383,0.16221388446356297,0.1622138844635625,0.16221388446356297,0.16221388446356383,0.16070106756192942,0.16070106756192717,0.16070106756192562,0.16070106756192717,0.16070106756192942,0.16070106756192717,0.16070106756192473,0.16070106756192318,0.16070106756192473,0.16070106756192717,0.16070106756192562,0.16070106756192318,0.1607010675619214,0.16070106756192318,0.16070106756192562,0.16070106756192717,0.16070106756192473,0.16070106756192318,0.16070106756192473,0.16070106756192717,0.16070106756192942,0.16070106756192717,0.16070106756192562,0.16070106756192717,0.16070106756192942,0.1592184519242839,0.15921845192427717,0.1592184519242728,0.15921845192427717,0.1592184519242839,0.15921845192427717,0.15921845192426953,0.15921845192426454,0.15921845192426953,0.15921845192427717,0.1592184519242728,0.15921845192426454,0.15921845192425887,0.15921845192426454,0.1592184519242728,0.15921845192427717,0.15921845192426953,0.15921845192426454,0.15921845192426953,0.15921845192427717,0.1592184519242839,0.15921845192427717,0.1592184519242728,0.15921845192427717,0.1592184519242839,0.15776544669540293,0.1577654466953835,0.15776544669537051,0.1577654466953835,0.15776544669540293,0.1577654466953835,0.15776544669536005,0.15776544669534362,0.15776544669536005,0.1577654466953835,0.15776544669537051,0.15776544669534362,0.1577654466953244,0.15776544669534362,0.15776544669537051,0.1577654466953835,0.15776544669536005,0.15776544669534362,0.15776544669536005,0.1577654466953835,0.15776544669540293,0.1577654466953835,0.15776544669537051,0.1577654466953835,0.15776544669540293,0.15634146300419163,0.15634146300413646,0.15634146300409799,0.15634146300413646,0.15634146300419163,0.15634146300413646,0.15634146300406515,0.1563414630040116,0.15634146300406515,0.15634146300413646,0.15634146300409799,0.1563414630040116,0.15634146300394344,0.1563414630040116,0.15634146300409799,0.15634146300413646,0.15634146300406515,0.1563414630040116,0.15634146300406515,0.15634146300413646,0.15634146300419163,0.15634146300413646,0.15634146300409799,0.15634146300413646,0.15634146300419163,0.15494591505077512,0.15494591505062613,0.15494591505051447,0.15494591505062613,0.15494591505077512,0.15494591505062613,0.15494591505041364,0.15494591505023492,0.15494591505041364,0.15494591505062613,0.15494591505051447,0.15494591505023492,0.1549459150499724,0.15494591505023492,0.15494591505051447,0.15494591505062613,0.15494591505041364,0.15494591505023492,0.15494591505041364,0.15494591505062613,0.15494591505077512,0.15494591505062613,0.15494591505051447,0.15494591505062613,0.15494591505077512,0.1535782210760768,0.15357822107570482,0.1535782210753955,0.15357822107570482,0.1535782210760768,0.15357822107570482,0.1535782210751015,0.15357822107449456,0.1535782210751015,0.15357822107570482,0.1535782210753955,0.15357822107449456,0.15357822107337205,0.15357822107449456,0.1535782210753955,0.15357822107570482,0.1535782210751015,0.15357822107449456,0.1535782210751015,0.15357822107570482,0.1535782210760768,0.15357822107570482,0.1535782210753955,0.15357822107570482,0.1535782210760768,0.15223780422306943,0.15223780422226066,0.1522378042214825,0.15223780422226066,0.15223780422306943,0.15223780422226066,0.15223780422070618,0.15223780421868485,0.15223780422070618,0.15223780422226066,0.1522378042214825,0.15223780421868485,0.1522378042132592,0.15223780421868485,0.1522378042214825,0.15223780422226066,0.15223780422070618,0.15223780421868485,0.15223780422070618,0.15223780422226066,0.15223780422306943,0.15223780422226066,0.1522378042214825,0.15223780422226066,0.15223780422306943,0.1509240932982617,0.15092409329691187,0.15092409329536483,0.15092409329691187,0.1509240932982617,0.15092409329691187,0.15092409329377324,0.15092409328796635,0.15092409329377324,0.15092409329691187,0.15092409329536483,0.15092409328796635,0.15092409325830972,0.15092409328796635,0.15092409329536483,0.15092409329691187,0.15092409329377324,0.15092409328796635,0.15092409329377324,0.15092409329691187,0.1509240932982617,0.15092409329691187,0.15092409329536483,0.15092409329691187,0.1509240932982617,0.149636523441066,0.14963652343982373,0.14963652343849881,0.14963652343982373,0.149636523441066,0.14963652343982373,0.14963652343714742,0.14963652343284276,0.14963652343714742,0.14963652343982373,0.14963652343849881,0.14963652343284276,0.14963652341500328,0.14963652343284276,0.14963652343849881,0.14963652343982373,0.14963652343714742,0.14963652343284276,0.14963652343714742,0.14963652343982373,0.149636523441066,0.14963652343982373,0.14963652343849881,0.14963652343982373,0.149636523441066,0.14837453670767123,0.14837453670682207,0.1483745367059764,0.14837453670682207,0.14837453670767123,0.14837453670682207,0.14837453670512799,0.14837453670265843,0.14837453670512799,0.14837453670682207,0.1483745367059764,0.14837453670265843,0.14837453669332967,0.14837453670265843,0.1483745367059764,0.14837453670682207,0.14837453670512799,0.14837453670265843,0.14837453670512799,0.14837453670682207,0.14837453670767123,0.14837453670682207,0.1483745367059764,0.14837453670682207,0.14837453670767123,0.14713758258011336,0.1471375825796536,0.147137582579228,0.1471375825796536,0.14713758258011336,0.1471375825796536,0.14713758257881054,0.1471375825777046,0.14713758257881054,0.1471375825796536,0.147137582579228,0.1471375825777046,0.14713758257394974,0.1471375825777046,0.147137582579228,0.1471375825796536,0.14713758257881054,0.1471375825777046,0.14713758257881054,0.1471375825796536,0.14713758258011336,0.1471375825796536,0.147137582579228,0.1471375825796536,0.14713758258011336,0.14592511840469055,0.14592511840451142,0.14592511840436898,0.14592511840451142,0.14592511840469055,0.14592511840451142,0.14592511840423703,0.14592511840398437,0.14592511840423703,0.14592511840451142,0.14592511840436898,0.14592511840398437,0.14592511840363268,0.14592511840398437,0.14592511840436898,0.14592511840451142,0.14592511840423703,0.14592511840398437,0.14592511840423703,0.14592511840451142,0.14592511840469055,0.14592511840451142,0.14592511840436898,0.14592511840451142,0.14592511840469055,0.1447366097656315,0.14473660976561195,0.1447366097656142,0.14473660976561195,0.1447366097656315,0.14473660976561195,0.14473660976562347,0.1447366097657245,0.14473660976562347,0.14473660976561195,0.1447366097656142,0.1447366097657245,0.14473660976642358,0.1447366097657245,0.1447366097656142,0.14473660976561195,0.14473660976562347,0.1447366097657245,0.14473660976562347,0.14473660976561195,0.1447366097656315,0.14473660976561195,0.1447366097656142,0.14473660976561195,0.1447366097656315,0.1435715307998932,0.14357153079996013,0.14357153080003437,0.14357153079996013,0.1435715307998932,0.14357153079996013,0.1435715308001112,0.14357153080036447,0.1435715308001112,0.14357153079996013,0.14357153080003437,0.14357153080036447,0.14357153080144366,0.14357153080036447,0.14357153080003437,0.14357153079996013,0.1435715308001112,0.14357153080036447,0.1435715308001112,0.14357153079996013,0.1435715307998932,0.14357153079996013,0.14357153080003437,0.14357153079996013,0.1435715307998932,0.14242936445844007,0.1424293644585689,0.14242936445869286,0.1424293644585689,0.14242936445844007,0.1424293644585689,0.14242936445881466,0.14242936445917131,0.14242936445881466,0.1424293644585689,0.14242936445869286,0.14242936445917131,0.1424293644605732,0.14242936445917131,0.14242936445869286,0.1424293644585689,0.14242936445881466,0.14242936445917131,0.14242936445881466,0.1424293644585689,0.14242936445844007,0.1424293644585689,0.14242936445869286,0.1424293644585689,0.14242936445844007,0.14130960271902374,0.1413096027192326,0.14130960271941778,0.1413096027192326,0.14130960271902374,0.1413096027192326,0.14130960271959392,0.14130960272006513,0.14130960271959392,0.1413096027192326,0.14130960271941778,0.14130960272006513,0.14130960272178347,0.14130960272006513,0.14130960271941778,0.1413096027192326,0.14130960271959392,0.14130960272006513,0.14130960271959392,0.1413096027192326,0.14130960271902374,0.1413096027192326,0.14130960271941778,0.1413096027192326,0.14130960271902374,0.1402117467550064,0.1402117467553784,0.14021174675568862,0.1402117467553784,0.1402117467550064,0.1402117467553784,0.14021174675597986,0.1402117467566578,0.14021174675597986,0.1402117467553784,0.14021174675568862,0.1402117467566578,0.14021174675874779,0.1402117467566578,0.14021174675568862,0.1402117467553784,0.14021174675597986,0.1402117467566578,0.14021174675597986,0.1402117467553784,0.1402117467550064,0.1402117467553784,0.14021174675568862,0.1402117467553784,0.1402117467550064,0.13913530706435337,0.13913530706510222,0.1391353070657367,0.13913530706510222,0.13913530706435337,0.13913530706510222,0.1391353070663464,0.13913530706762692,0.1391353070663464,0.13913530706510222,0.1391353070657367,0.13913530706762692,0.13913530707010485,0.13913530706762692,0.1391353070657367,0.13913530706510222,0.1391353070663464,0.13913530706762692,0.1391353070663464,0.13913530706510222,0.13913530706435337,0.13913530706510222,0.1391353070657367,0.13913530706510222,0.13913530706435337,0.13807980356257027,0.13807980356408034,0.13807980356556906,0.13807980356408034,0.13807980356257027,0.13807980356408034,0.1380798035670677,0.13807980357107164,0.1380798035670677,0.13807980356408034,0.13807980356556906,0.13807980357107164,0.1380798035821323,0.13807980357107164,0.13807980356556906,0.13807980356408034,0.1380798035670677,0.13807980357107164,0.1380798035670677,0.13807980356408034,0.13807980356257027,0.13807980356408034,0.13807980356556906,0.13807980356408034,0.13807980356257027,0.1370447656431876,0.13704476564552537,0.13704476564833462,0.13704476564552537,0.1370447656431876,0.13704476564552537,0.13704476565124146,0.13704476566263216,0.13704476565124146,0.13704476564552537,0.13704476564833462,0.13704476566263216,0.13704476572551744,0.13704476566263216,0.13704476564833462,0.13704476564552537,0.13704476565124146,0.13704476566263216,0.13704476565124146,0.13704476564552537,0.1370447656431876,0.13704476564552537,0.13704476564833462,0.13704476564552537,0.1370447656431876,0.1360297322101638,0.1360297322117804,0.1360297322133569,0.1360297322117804,0.1360297322101638,0.1360297322117804,0.13602973221493578,0.1360297322191397,0.13602973221493578,0.1360297322117804,0.1360297322133569,0.1360297322191397,0.1360297322307746,0.1360297322191397,0.1360297322133569,0.1360297322117804,0.13602973221493578,0.1360297322191397,0.13602973221493578,0.1360297322117804,0.1360297322101638,0.1360297322117804,0.1360297322133569,0.1360297322117804,0.1360297322101638,0.13503425168689204,0.1350342516879012,0.13503425168873257,0.1350342516879012,0.13503425168689204,0.1350342516879012,0.13503425168952066,0.13503425169112282,0.13503425168952066,0.1350342516879012,0.13503425168873257,0.13503425169112282,0.13503425169403052,0.13503425169112282,0.13503425168873257,0.1350342516879012,0.13503425168952066,0.13503425169112282,0.13503425168952066,0.1350342516879012,0.13503425168689204,0.1350342516879012,0.13503425168873257,0.1350342516879012,0.13503425168689204
0.16533248797697783,0.16533248797697758,0.16533248797697758,0.16533248797697758,0.16533248797697783,0.16533248797697758,0.16533248797697758,0.16533248797697736,0.16533248797697758,0.16533248797697758,0.16533248797697758,0.16533248797697736,0.16533248797697736,0.16533248797697736,0.16533248797697758,0.16533248797697758,0.16533248797697758,0.16533248797697736,0.16533248797697758,0.16533248797697758,0.16533248797697783,0.16533248797697758,0.16533248797697758,0.16533248797697758,0.16533248797697783,0.16375749425436562,0.1637574942543654,0.1637574942543654,0.1637574942543654,0.16375749425436562,0.1637574942543654,0.16375749425436512,0.16375749425436512,0.16375749425436512,0.1637574942543654,0.1637574942543654,0.16375749425436512,0.1637574942543649,0.16375749425436512,0.1637574942543654,0.1637574942543654,0.16375749425436512,0.16375749425436512,0.16375749425436512,0.1637574942543654,0.16375749425436562,0.1637574942543654,0.1637574942543654,0.1637574942543654,0.16375749425436562,0.16221388446372026,0.1622138844637196,0.16221388446371912,0.1622138844637196,0.16221388446372026,0.1622138844637196,0.16221388446371868,0.1622138844637182,0.16221388446371868,0.1622138844637196,0.16221388446371912,0.1622138844637182,0.16221388446371776,0.1622138844637182,0.16221388446371912,0.1622138844637196,0.16221388446371868,0.1622138844637182,0.16221388446371868,0.1622138844637196,0.16221388446372026,0.1622138844637196,0.16221388446371912,0.1622138844637196,0.16221388446372026,0.1607010675620827,0.16070106756208047,0.16070106756207914,0.16070106756208047,0.1607010675620827,0.16070106756208047,0.16070106756207803,0.16070106756207647,0.16070106756207803,0.16070106756208047,0.16070106756207914,0.16070106756207647,0.1607010675620747,0.16070106756207647,0.16070106756207914,0.16070106756208047,0.16070106756207803,0.16070106756207647,0.16070106756207803,0.16070106756208047,0.1607010675620827,0.16070106756208047,0.16070106756207914,0.16070106756208047,0.1607010675620827,0.1592184519244339,0.1592184519244274,0.15921845192442302,0.1592184519244274,0.1592184519244339,0.1592184519244274,0.15921845192441977,0.15921845192441475,0.15921845192441977,0.1592184519244274,0.15921845192442302,0.15921845192441475,0.1592184519244091,0.15921845192441475,0.15921845192442302,0.1592184519244274,0.15921845192441977,0.15921845192441475,0.15921845192441977,0.1592184519244274,0.1592184519244339,0.1592184519244274,0.15921845192442302,0.1592184519244274,0.1592184519244339,0.15776544669554995,0.15776544669553053,0.1577654466955175,0.15776544669553053,0.15776544669554995,0.15776544669553053,0.15776544669550704,0.15776544669549086,0.15776544669550704,0.15776544669553053,0.1577654466955175,0.15776544669549086,0.15776544669547188,0.15776544669549086,0.15776544669551773,0.15776544669553053,0.15776544669550704,0.15776544669549086,0.15776544669550704,0.15776544669553053,0.15776544669554995,0.15776544669553053,0.15776544669551773,0.15776544669553053,0.15776544669554995,0.15634146300433552,0.1563414630042805,0.15634146300424204,0.1563414630042805,0.15634146300433552,0.1563414630042805,0.1563414630042092,0.1563414630041561,0.1563414630042092,0.1563414630042805,0.15634146300424204,0.1563414630041561,0.15634146300408813,0.1563414630041561,0.15634146300424204,0.1563414630042805,0.1563414630042092,0.1563414630041561,0.1563414630042092,0.1563414630042805,0.15634146300433552,0.1563414630042805,0.15634146300424204,0.1563414630042805,0.15634146300433552,0.15494591505091507,0.15494591505076674,0.15494591505065544,0.15494591505076674,0.15494591505091507,0.15494591505076674,0.15494591505055505,0.15494591505037714,0.15494591505055505,0.15494591505076674,0.15494591505065544,0.15494591505037714,0.15494591505011565,0.15494591505037714,0.15494591505065544,0.15494591505076674,0.15494591505055505,0.15494591505037714,0.15494591505055505,0.15494591505076674,0.15494591505091507,0.15494591505076674,0.15494591505065544,0.15494591505076674,0.15494591505091507,0.15357822107621194,0.1535782210758416,0.15357822107553348,0.1535782210758416,0.15357822107621194,0.1535782210758416,0.1535782210752405,0.15357822107463612,0.1535782210752405,0.1535782210758416,0.15357822107553348,0.15357822107463612,0.15357822107351787,0.15357822107463612,0.15357822107553348,0.1535782210758416,0.1535782210752405,0.15357822107463612,0.1535782210752405,0.1535782210758416,0.15357822107621194,0.1535782210758416,0.15357822107553348,0.1535782210758416,0.15357822107621194,0.1522378042231968,0.15223780422239114,0.15223780422161598,0.15223780422239114,0.1522378042231968,0.15223780422239114,0.1522378042208428,0.15223780421882954,0.1522378042208428,0.15223780422239114,0.15223780422161598,0.15223780421882954,0.1522378042134253,0.15223780421882954,0.15223780422161598,0.15223780422239114,0.1522378042208428,0.15223780421882954,0.1522378042208428,0.15223780422239114,0.1522378042231968,0.15223780422239114,0.15223780422161598,0.15223780422239114,0.1522378042231968,0.15092409329837458,0.15092409329702974,0.15092409329548886,0.15092409329702974,0.15092409329837458,0.15092409329702974,0.15092409329390366,0.1509240932881199,0.15092409329390366,0.15092409329702974,0.15092409329548886,0.1509240932881199,0.15092409325856437,0.1509240932881199,0.15092409329548886,0.15092409329702974,0.15092409329390366,0.1509240932881199,0.15092409329390366,0.15092409329702974,0.15092409329837458,0.15092409329702974,0.15092409329548886,0.15092409329702974,0.15092409329837458,0.14963652344115316,0.14963652343991563,0.14963652343859543,0.14963652343991563,0.14963652344115316,0.14963652343991563,0.14963652343724934,0.14963652343296188,0.14963652343724934,0.14963652343991563,0.14963652343859543,0.14963652343296188,0.1496365234151676,0.14963652343296188,0.14963652343859543,0.14963652343991563,0.14963652343724934,0.14963652343296188,0.14963652343724934,0.14963652343991563,0.14963652344115316,0.14963652343991563,0.14963652343859543,0.14963652343991563,0.14963652344115316,0.1483745367077235,0.14837453670687636,0.14837453670603276,0.14837453670687636,0.1483745367077235,0.14837453670687636,0.14837453670518633,0.1483745367027222,0.14837453670518633,0.14837453670687636,0.14837453670603276,0.1483745367027222,0.1483745366934012,0.1483745367027222,0.14837453670603276,0.14837453670687636,0.14837453670518633,0.1483745367027222,0.14837453670518633,0.14837453670687636,0.1483745367077235,0.14837453670687636,0.14837453670603276,0.14837453670687636,0.1483745367077235,0.14713758258012555,0.14713758257966578,0.14713758257923978,0.14713758257966578,0.14713758258012555,0.14713758257966578,0.14713758257882198,0.14713758257771403,0.14713758257882198,0.14713758257966578,0.14713758257923978,0.14713758257771403,0.14713758257394374,0.14713758257771403,0.14713758257923978,0.14713758257966578,0.14713758257882198,0.14713758257771403,0.14713758257882198,0.14713758257966578,0.14713758258012555,0.14713758257966578,0.14713758257923978,0.14713758257966578,0.14713758258012555,0.14592511840466244,0.14592511840448188,0.14592511840433783,0.14592511840448188,0.14592511840466244,0.14592511840448188,0.1459251184042041,0.14592511840394518,0.1459251184042041,0.14592511840448188,0.14592511840433783,0.14592511840394518,0.14592511840357053,0.14592511840394518,0.14592511840433783,0.14592511840448188,0.1459251184042041,0.14592511840394518,0.1459251184042041,0.14592511840448188,0.14592511840466244,0.14592511840448188,0.14592511840433783,0.14592511840448188,0.14592511840466244,0.14473660976556568,0.14473660976554403,0.14473660976554403,0.14473660976554403,0.14473660976556568,0.14473660976554403,0.14473660976555103,0.14473660976564456,0.14473660976555103,0.14473660976554403,0.14473660976554403,0.14473660976564456,0.1447366097662883,0.14473660976564456,0.14473660976554403,0.14473660976554403,0.14473660976555103,0.14473660976564456,0.14473660976555103,0.14473660976554403,0.14473660976556568,0.14473660976554403,0.14473660976554403,0.14473660976554403,0.14473660976556568,0.14357153079979346,0.14357153079985793,0.14357153079993018,0.14357153079985793,0.14357153079979346,0.14357153079985793,0.14357153080000462,0.1435715308002508,0.14357153080000462,0.14357153079985793,0.14357153079993018,0.1435715308002508,0.14357153080132148,0.1435715308002508,0.14357153079993018,0.14357153079985793,0.14357153080000462,0.1435715308002508,0.14357153080000462,0.14357153079985793,0.14357153079979346,0.14357153079985793,0.14357153079993018,0.14357153079985793,0.14357153079979346,0.1424293644583104,0.14242936445843707,0.14242936445855867,0.14242936445843707,0.1424293644583104,0.14242936445843707,0.1424293644586783,0.14242936445902804,0.1424293644586783,0.14242936445843707,0.14242936445855867,0.14242936445902804,0.142429364460387,0.14242936445902804,0.14242936445855867,0.14242936445843707,0.1424293644586783,0.14242936445902804,0.1424293644586781,0.14242936445843707,0.1424293644583104,0.14242936445843707,0.14242936445855867,0.14242936445843707,0.1424293644583104,0.14130960271886847,0.14130960271907506,0.1413096027192581,0.14130960271907506,0.14130960271886847,0.14130960271907506,0.1413096027194321,0.14130960271989654,0.1413096027194321,0.14130960271907506,0.1413096027192581,0.14130960271989654,0.14130960272159482,0.14130960271989654,0.1413096027192581,0.14130960271907506,0.1413096027194321,0.14130960271989654,0.1413096027194321,0.14130960271907506,0.14130960271886847,0.14130960271907506,0.1413096027192581,0.14130960271907506,0.14130960271886847,0.14021174675482934,0.14021174675519957,0.14021174675550788,0.14021174675519957,0.14021174675482934,0.14021174675519957,0.140211746755797,0.1402117467564691,0.140211746755797,0.14021174675519957,0.14021174675550788,0.1402117467564691,0.1402117467585586,0.1402117467564691,0.14021174675550788,0.14021174675519957,0.140211746755797,0.1402117467564691,0.140211746755797,0.14021174675519957,0.14021174675482934,0.14021174675519957,0.14021174675550788,0.14021174675519957,0.14021174675482934,0.13913530706415844,0.13913530706490534,0.13913530706553842,0.13913530706490534,0.13913530706415844,0.13913530706490534,0.13913530706614655,0.13913530706742358,0.13913530706614655,0.13913530706490534,0.13913530706553842,0.13913530706742358,0.13913530706989408,0.13913530706742358,0.13913530706553842,0.13913530706490534,0.13913530706614655,0.13913530706742358,0.13913530706614655,0.13913530706490534,0.13913530706415844,0.13913530706490534,0.13913530706553842,0.13913530706490534,0.13913530706415844,0.13807980356236066,0.13807980356386843,0.1380798035653548,0.13807980356386843,0.13807980356236066,0.13807980356386843,0.1380798035668511,0.138079803570849,0.1380798035668511,0.13807980356386843,0.1380798035653548,0.138079803570849,0.13807980358189353,0.138079803570849,0.1380798035653548,0.13807980356386843,0.1380798035668511,0.138079803570849,0.1380798035668511,0.13807980356386843,0.13807980356236066,0.13807980356386843,0.1380798035653548,0.13807980356386843,0.13807980356236066,0.13704476564296822,0.13704476564530263,0.1370447656481078,0.13704476564530263,0.13704476564296822,0.13704476564530263,0.13704476565101067,0.13704476566238538,0.13704476565101067,0.13704476564530263,0.1370447656481078,0.13704476566238538,0.13704476572519478,0.13704476566238538,0.1370447656481078,0.13704476564530263,0.13704476565101067,0.13704476566238538,0.13704476565101067,0.13704476564530263,0.13704476564296822,0.13704476564530263,0.1370447656481078,0.13704476564530263,0.13704476564296822,0.1360297322099412,0.1360297322115554,0.13602973221312967,0.1360297322115554,0.1360297322099412,0.1360297322115554,0.13602973221470646,0.1360297322189044,0.13602973221470646,0.1360297322115554,0.13602973221312967,0.1360297322189044,0.1360297322305232,0.1360297322189044,0.13602973221312967,0.1360297322115554,0.13602973221470646,0.1360297322189044,0.13602973221470646,0.1360297322115554,0.1360297322099412,0.1360297322115554,0.13602973221312967,0.1360297322115554,0.1360297322099412,0.13503425168667077,0.1350342516876785,0.13503425168850883,0.1350342516876785,0.13503425168667077,0.1350342516876785,0.13503425168929575,0.13503425169089558,0.13503425168929575,0.1350342516876785,0.13503425168850883,0.13503425169089558,0.13503425169379932,0.13503425169089558,0.13503425168850883,0.1350342516876785,0.13503425168929575,0.13503425169089558,0.13503425168929575,0.1350342516876785,0.13503425168667077,0.1350342516876785,0.13503425168850883,0.1350342516876785,0.13503425168667077
0.1653324879771385,0.1653324879771385,0.1653324879771385,0.1653324879771385,0.1653324879771385,0.1653324879771385,0.1653324879771383,0.1653324879771383,0.1653324879771383,0.1653324879771385,0.1653324879771385,0.1653324879771383,0.1653324879771383,0.1653324879771383,0.1653324879771385,0.1653324879771385,0.1653324879771383,0.1653324879771383,0.1653324879771383,0.1653324879771385,0.1653324879771385,0.1653324879771385,0.1653324879771385,0.1653324879771385,0.1653324879771385,0.16375749425452335,0.1637574942545231,0.16375749425452288,0.1637574942545231,0.16375749425452335,0.1637574942545231,0.16375749425452288,0.16375749425452263,0.16375749425452288,0.1637574942545231,0.16375749425452288,0.16375749425452263,0.1637574942545224,0.16375749425452263,0.16375749425452288,0.1637574942545231,0.16375749425452288,0.16375749425452263,0.16375749425452288,0.1637574942545231,0.16375749425452335,0.1637574942545231,0.16375749425452288,0.1637574942545231,0.16375749425452335,0.16221388446387464,0.16221388446387394,0.1622138844638735,0.16221388446387394,0.16221388446387464,0.16221388446387394,0.16221388446387328,0.1622138844638726,0.16221388446387328,0.16221388446387394,0.1622138844638735,0.1622138844638726,0.16221388446387214,0.1622138844638726,0.1622138844638735,0.16221388446387394,0.16221388446387328,0.1622138844638726,0.16221388446387328,0.16221388446387394,0.16221388446387464,0.16221388446387394,0.1622138844638735,0.16221388446387394,0.16221388446387464,0.16070106756223396,0.16070106756223176,0.16070106756223043,0.16070106756223176,0.16070106756223396,0.16070106756223176,0.16070106756222932,0.16070106756222777,0.16070106756222932,0.16070106756223176,0.16070106756223043,0.16070106756222777,0.160701067562226,0.16070106756222777,0.16070106756223043,0.16070106756223176,0.16070106756222932,0.16070106756222777,0.16070106756222932,0.16070106756223176,0.16070106756223396,0.16070106756223176,0.16070106756223043,0.16070106756223176,0.16070106756223396,0.15921845192458217,0.15921845192457565,0.1592184519245713,0.15921845192457565,0.15921845192458217,0.15921845192457565,0.15921845192456802,0.159218451924563,0.15921845192456802,0.15921845192457565,0.1592184519245713,0.159218451924563,0.15921845192455736,0.159218451924563,0.1592184519245713,0.15921845192457565,0.15921845192456802,0.159218451924563,0.15921845192456802,0.15921845192457565,0.15921845192458217,0.15921845192457565,0.1592184519245713,0.15921845192457565,0.15921845192458217,0.15776544669569503,0.15776544669567583,0.1577654466956628,0.15776544669567583,0.15776544669569503,0.15776544669567583,0.15776544669565234,0.15776544669563616,0.15776544669565234,0.15776544669567583,0.1577654466956628,0.15776544669563616,0.15776544669561715,0.15776544669563616,0.1577654466956628,0.15776544669567583,0.15776544669565234,0.15776544669563616,0.15776544669565234,0.15776544669567583,0.15776544669569503,0.15776544669567583,0.1577654466956628,0.15776544669567583,0.15776544669569503,0.1563414630044773,0.1563414630044225,0.15634146300438423,0.1563414630044225,0.1563414630044773,0.1563414630044225,0.15634146300435162,0.15634146300429852,0.15634146300435162,0.1563414630044225,0.15634146300438423,0.15634146300429852,0.15634146300423094,0.15634146300429852,0.15634146300438423,0.1563414630044225,0.15634146300435162,0.15634146300429852,0.15634146300435162,0.1563414630044225,0.1563414630044773,0.1563414630044225,0.15634146300438423,0.1563414630044225,0.1563414630044773,0.15494591505105343,0.15494591505090546,0.1549459150507948,0.15494591505090546,0.15494591505105343,0.15494591505090546,0.1549459150506948,0.15494591505051752,0.1549459150506948,0.15494591505090546,0.1549459150507948,0.15494591505051752,0.15494591505025707,0.15494591505051752,0.1549459150507948,0.15494591505090546,0.1549459150506948,0.15494591505051752,0.1549459150506948,0.15494591505090546,0.15494591505105343,0.15494591505090546,0.1549459150507948,0.15494591505090546,0.15494591505105343,0.1535782210763453,0.15357822107597638,0.15357822107566949,0.15357822107597638,0.1535782210763453,0.15357822107597638,0.15357822107537786,0.15357822107477573,0.15357822107537786,0.15357822107597638,0.15357822107566949,0.15357822107477573,0.15357822107366184,0.15357822107477573,0.15357822107566949,0.15357822107597638,0.15357822107537786,0.15357822107477573,0.15357822107537786,0.15357822107597638,0.1535782210763453,0.15357822107597638,0.15357822107566949,0.15357822107597638,0.1535782210763453,0.1522378042233224,0.15223780422251987,0.15223780422174787,0.15223780422251987,0.1522378042233224,0.15223780422251987,0.15223780422097763,0.15223780421897223,0.15223780422097763,0.15223780422251987,0.15223780422174787,0.15223780421897223,0.15223780421358946,0.15223780421897223,0.15223780422174787,0.15223780422251987,0.15223780422097763,0.15223780421897223,0.15223780422097763,0.15223780422251987,0.1522378042233224,0.15223780422251987,0.15223780422174787,0.15223780422251987,0.1522378042233224,0.15092409329848588,0.15092409329714623,0.15092409329561138,0.15092409329714623,0.15092409329848588,0.15092409329714623,0.15092409329403234,0.15092409328827136,0.15092409329403234,0.15092409329714623,0.15092409329561138,0.15092409328827136,0.15092409325882847,0.15092409328827136,0.15092409329561138,0.15092409329714623,0.15092409329403234,0.15092409328827136,0.15092409329403234,0.15092409329714623,0.15092409329848588,0.15092409329714623,0.15092409329561138,0.15092409329714623,0.15092409329848588,0.1496365234412396,0.1496365234400062,0.1496365234386911,0.1496365234400062,0.1496365234412396,0.1496365234400062,0.14963652343735015,0.14963652343307948,0.14963652343735015,0.1496365234400062,0.1496365234386911,0.14963652343307948,0.14963652341540526,0.14963652343307948,0.1496365234386911,0.1496365234400062,0.14963652343735015,0.14963652343307948,0.14963652343735015,0.1496365234400062,0.1496365234412396,0.1496365234400062,0.1496365234386911,0.1496365234400062,0.1496365234412396,0.148374536707775,0.14837453670693013,0.14837453670608852,0.14837453670693013,0.148374536707775,0.14837453670693013,0.14837453670524414,0.1483745367027852,0.14837453670524414,0.14837453670693013,0.14837453670608852,0.1483745367027852,0.14837453669345996,0.1483745367027852,0.14837453670608852,0.14837453670693013,0.14837453670524414,0.1483745367027852,0.14837453670524414,0.14837453670693013,0.148374536707775,0.14837453670693013,0.14837453670608852,0.14837453670693013,0.148374536707775,0.1471375825801379,0.14713758257967813,0.14713758257925177,0.14713758257967813,0.1471375825801379,0.14713758257967813,0.1471375825788336,0.14713758257772347,0.1471375825788336,0.14713758257967813,0.14713758257925177,0.14713758257772347,0.14713758257394993,0.14713758257772347,0.14713758257925177,0.14713758257967813,0.1471375825788336,0.14713758257772347,0.1471375825788336,0.14713758257967813,0.1471375825801379,0.14713758257967813,0.14713758257925177,0.14713758257967813,0.1471375825801379,0.145925118404635,0.14592511840445302,0.14592511840430716,0.14592511840445302,0.145925118404635,0.14592511840445302,0.14592511840417186,0.1459251184039069,0.14592511840417186,0.14592511840445302,0.14592511840430716,0.1459251184039069,0.14592511840349198,0.1459251184039069,0.14592511840430716,0.14592511840445302,0.14592511840417186,0.1459251184039069,0.14592511840417186,0.14592511840445302,0.145925118404635,0.14592511840445302,0.14592511840430716,0.14592511840445302,0.145925118404635,0.14473660976550076,0.144736609765477,0.14473660976547473,0.144736609765477,0.14473660976550076,0.144736609765477,0.14473660976547947,0.14473660976556585,0.14473660976547947,0.144736609765477,0.14473660976547473,0.14473660976556585,0.14473660976621394,0.14473660976556585,0.14473660976547473,0.144736609765477,0.14473660976547947,0.14473660976556585,0.14473660976547947,0.144736609765477,0.14473660976550076,0.144736609765477,0.14473660976547473,0.144736609765477,0.14473660976550076,0.14357153079969487,0.14357153079975735,0.14357153079982715,0.14357153079975735,0.14357153079969487,0.14357153079975735,0.14357153079989937,0.14357153080013857,0.14357153079989937,0.14357153079975735,0.14357153079982715,0.14357153080013857,0.14357153080116425,0.14357153080013857,0.14357153079982715,0.14357153079975735,0.14357153079989937,0.14357153080013857,0.14357153079989937,0.14357153079975735,0.14357153079969487,0.14357153079975735,0.14357153079982715,0.14357153079975735,0.14357153079969487,0.1424293644581824,0.1424293644583067,0.14242936445842613,0.1424293644583067,0.1424293644581824,0.1424293644583067,0.1424293644585434,0.14242936445888646,0.1424293644585434,0.1424293644583067,0.14242936445842613,0.14242936445888646,0.14242936446024373,0.14242936445888646,0.14242936445842613,0.1424293644583067,0.1424293644585434,0.14242936445888646,0.1424293644585434,0.1424293644583067,0.1424293644581824,0.1424293644583067,0.14242936445842613,0.1424293644583067,0.1424293644581824,0.141309602718715,0.14130960271891946,0.14130960271910037,0.14130960271891946,0.141309602718715,0.14130960271891946,0.14130960271927223,0.14130960271972995,0.14130960271927223,0.14130960271891946,0.14130960271910037,0.14130960271972995,0.14130960272140058,0.14130960271972995,0.14130960271910037,0.14130960271891946,0.14130960271927223,0.14130960271972995,0.14130960271927223,0.14130960271891946,0.141309602718715,0.14130960271891946,0.14130960271910037,0.14130960271891946,0.141309602718715,0.1402117467546545,0.14021174675502268,0.14021174675532905,0.14021174675502268,0.1402117467546545,0.14021174675502268,0.1402117467556164,0.14021174675628267,0.1402117467556164,0.14021174675502268,0.14021174675532905,0.14021174675628267,0.14021174675832157,0.14021174675628267,0.14021174675532905,0.14021174675502268,0.1402117467556164,0.14021174675628267,0.1402117467556164,0.14021174675502268,0.1402117467546545,0.14021174675502268,0.14021174675532905,0.14021174675502268,0.1402117467546545,0.13913530706396568,0.1391353070647109,0.13913530706534236,0.1391353070647109,0.13913530706396568,0.1391353070647109,0.1391353070659489,0.13913530706722266,0.1391353070659489,0.1391353070647109,0.13913530706534236,0.13913530706722266,0.13913530706968572,0.13913530706722266,0.13913530706534236,0.1391353070647109,0.1391353070659489,0.13913530706722266,0.1391353070659489,0.1391353070647109,0.13913530706396568,0.1391353070647109,0.13913530706534236,0.1391353070647109,0.13913530706396568,0.13807980356215366,0.1380798035636588,0.13807980356514302,0.1380798035636588,0.13807980356215366,0.1380798035636588,0.138079803566637,0.13807980357062885,0.138079803566637,0.1380798035636588,0.13807980356514302,0.13807980357062885,0.13807980358165742,0.13807980357062885,0.13807980356514302,0.1380798035636588,0.138079803566637,0.13807980357062885,0.13807980356663685,0.1380798035636588,0.13807980356215366,0.1380798035636588,0.13807980356514302,0.1380798035636588,0.13807980356215366,0.13704476564275125,0.13704476564508233,0.13704476564788368,0.13704476564508233,0.13704476564275125,0.13704476564508233,0.1370447656507823,0.13704476566214138,0.1370447656507823,0.13704476564508233,0.13704476564788368,0.13704476566214138,0.13704476572485985,0.13704476566214138,0.13704476564788368,0.13704476564508233,0.1370447656507823,0.13704476566214138,0.1370447656507823,0.13704476564508233,0.13704476564275125,0.13704476564508233,0.13704476564788368,0.13704476564508233,0.13704476564275125,0.13602973220972125,0.13602973221133308,0.13602973221290526,0.13602973221133308,0.13602973220972125,0.13602973221133308,0.13602973221447984,0.13602973221867196,0.13602973221447984,0.13602973221133308,0.13602973221290526,0.13602973221867196,0.13602973223027479,0.13602973221867196,0.13602973221290526,0.13602973221133308,0.13602973221447984,0.13602973221867196,0.13602973221447984,0.13602973221133308,0.13602973220972125,0.13602973221133308,0.13602973221290526,0.13602973221133308,0.13602973220972125,0.1350342516864521,0.13503425168745842,0.13503425168828756,0.13503425168745842,0.1350342516864521,0.13503425168745842,0.13503425168907346,0.1350342516906711,0.13503425168907346,0.13503425168745842,0.13503425168828756,0.1350342516906711,0.13503425169357086,0.1350342516906711,0.13503425168828756,0.13503425168745842,0.13503425168907346,0.1350342516906711,0.13503425168907346,0.13503425168745842,0.1350342516864521,0.13503425168745842,0.13503425168828756,0.13503425168745842,0.1350342516864521
0.16533248797729758,0.16533248797729758,0.16533248797729758,0.16533248797729758,0.16533248797729758,0.16533248797729758,0.16533248797729735,0.16533248797729735,0.16533248797729735,0.16533248797729758,0.16533248797729758,0.16533248797729735,0.16533248797729735,0.16533248797729735,0.16533248797729758,0.16533248797729758,0.16533248797729735,0.16533248797729735,0.16533248797729735,0.16533248797729758,0.16533248797729758,0.16533248797729758,0.16533248797729758,0.16533248797729758,0.16533248797729758,0.16375749425467923,0.163757494254679,0.16375749425467875,0.163757494254679,0.16375749425467923,0.163757494254679,0.16375749425467875,0.16375749425467853,0.16375749425467875,0.163757494254679,0.16375749425467875,0.16375749425467853,0.1637574942546783,0.16375749425467853,0.16375749425467875,0.163757494254679,0.16375749425467875,0.16375749425467853,0.16375749425467875,0.163757494254679,0.16375749425467923,0.163757494254679,0.16375749425467875,0.163757494254679,0.16375749425467923,0.1622138844640274,0.16221388446402674,0.16221388446402626,0.16221388446402674,0.1622138844640274,0.16221388446402674,0.16221388446402582,0.16221388446402535,0.16221388446402582,0.16221388446402674,0.16221388446402626,0.16221388446402535,0.1622138844640249,0.16221388446402535,0.16221388446402626,0.16221388446402674,0.16221388446402582,0.16221388446402535,0.16221388446402582,0.16221388446402674,0.1622138844640274,0.16221388446402674,0.16221388446402626,0.16221388446402674,0.1622138844640274,0.16070106756238348,0.1607010675623815,0.16070106756237992,0.1607010675623815,0.16070106756238348,0.1607010675623815,0.16070106756237904,0.16070106756237748,0.16070106756237904,0.1607010675623815,0.16070106756237992,0.16070106756237748,0.1607010675623757,0.16070106756237748,0.16070106756237992,0.1607010675623815,0.16070106756237904,0.16070106756237748,0.16070106756237904,0.1607010675623815,0.16070106756238348,0.1607010675623815,0.16070106756237992,0.1607010675623815,0.16070106756238348,0.1592184519247287,0.15921845192472217,0.1592184519247178,0.15921845192472217,0.1592184519247287,0.15921845192472217,0.15921845192471454,0.15921845192470954,0.15921845192471454,0.15921845192472217,0.1592184519247178,0.15921845192470954,0.15921845192470388,0.15921845192470954,0.1592184519247178,0.15921845192472217,0.15921845192471454,0.15921845192470954,0.15921845192471454,0.15921845192472217,0.1592184519247287,0.15921845192472217,0.1592184519247178,0.15921845192472217,0.1592184519247287,0.15776544669583842,0.1577654466958192,0.15776544669580642,0.1577654466958192,0.15776544669583842,0.1577654466958192,0.15776544669579598,0.15776544669577974,0.15776544669579598,0.1577654466958192,0.15776544669580642,0.15776544669577974,0.15776544669576098,0.15776544669577974,0.15776544669580642,0.1577654466958192,0.15776544669579598,0.15776544669577974,0.15776544669579598,0.1577654466958192,0.15776544669583842,0.1577654466958192,0.15776544669580642,0.1577654466958192,0.15776544669583842,0.1563414630046174,0.15634146300456303,0.15634146300452495,0.15634146300456303,0.1563414630046174,0.15634146300456303,0.15634146300449234,0.15634146300443946,0.15634146300449234,0.15634146300456303,0.15634146300452495,0.15634146300443946,0.1563414630043721,0.15634146300443946,0.15634146300452495,0.15634146300456303,0.15634146300449234,0.15634146300443946,0.15634146300449234,0.15634146300456303,0.1563414630046174,0.15634146300456303,0.15634146300452495,0.15634146300456303,0.1563414630046174,0.1549459150511899,0.15494591505104277,0.15494591505093233,0.15494591505104277,0.1549459150511899,0.15494591505104277,0.15494591505083272,0.15494591505065605,0.15494591505083272,0.15494591505104277,0.15494591505093233,0.15494591505065605,0.15494591505039662,0.15494591505065605,0.15494591505093233,0.15494591505104277,0.15494591505083272,0.15494591505065605,0.15494591505083272,0.15494591505104277,0.1549459150511899,0.15494591505104277,0.15494591505093233,0.15494591505104277,0.1549459150511899,0.15357822107647728,0.15357822107610972,0.15357822107580404,0.15357822107610972,0.15357822107647728,0.15357822107610972,0.15357822107551342,0.1535782210749137,0.15357822107551342,0.15357822107610972,0.15357822107580404,0.1535782210749137,0.15357822107380426,0.1535782210749137,0.15357822107580404,0.15357822107610972,0.15357822107551342,0.1535782210749137,0.15357822107551342,0.15357822107610972,0.15357822107647728,0.15357822107610972,0.15357822107580404,0.15357822107610972,0.15357822107647728,0.1522378042234466,0.15223780422264724,0.1522378042218782,0.15223780422264724,0.1522378042234466,0.15223780422264724,0.15223780422111088,0.15223780421911318,0.15223780422111088,0.15223780422264724,0.1522378042218782,0.15223780421911318,0.15223780421375147,0.15223780421911318,0.1522378042218782,0.15223780422264724,0.15223780422111088,0.15223780421911318,0.15223780422111088,0.15223780422264724,0.1522378042234466,0.15223780422264724,0.1522378042218782,0.15223780422264724,0.1522378042234466,0.15092409329859605,0.15092409329726142,0.15092409329573253,0.15092409329726142,0.15092409329859605,0.15092409329726142,0.15092409329415946,0.15092409328842088,0.15092409329415946,0.15092409329726142,0.15092409329573253,0.15092409328842088,0.15092409325907505,0.15092409328842088,0.15092409329573253,0.15092409329726142,0.15092409329415946,0.15092409328842088,0.15092409329415946,0.15092409329726142,0.15092409329859605,0.15092409329726142,0.15092409329573253,0.15092409329726142,0.15092409329859605,0.14963652344132486,0.14963652344009598,0.14963652343878564,0.14963652344009598,0.14963652344132486,0.14963652344009598,0.1496365234374496,0.14963652343319578,0.1496365234374496,0.14963652344009598,0.14963652343878564,0.14963652343319578,0.14963652341558298,0.14963652343319578,0.14963652343878564,0.14963652344009598,0.1496365234374496,0.14963652343319578,0.1496365234374496,0.14963652344009598,0.14963652344132486,0.14963652344009598,0.14963652343878564,0.14963652344009598,0.14963652344132486,0.14837453670782635,0.1483745367069833,0.14837453670614376,0.1483745367069833,0.14837453670782635,0.1483745367069833,0.14837453670530143,0.14837453670284784,0.14837453670530143,0.1483745367069833,0.14837453670614376,0.14837453670284784,0.14837453669357673,0.14837453670284784,0.14837453670614376,0.1483745367069833,0.14837453670530143,0.14837453670284784,0.14837453670530143,0.1483745367069833,0.14837453670782635,0.1483745367069833,0.14837453670614376,0.1483745367069833,0.14837453670782635,0.14713758258015025,0.1471375825796903,0.14713758257926376,0.1471375825796903,0.14713758258015025,0.1471375825796903,0.1471375825788452,0.14713758257773313,0.1471375825788452,0.1471375825796903,0.14713758257926376,0.14713758257773313,0.14713758257393558,0.14713758257773313,0.14713758257926376,0.1471375825796903,0.1471375825788452,0.14713758257773313,0.1471375825788452,0.1471375825796903,0.14713758258015025,0.1471375825796903,0.14713758257926376,0.1471375825796903,0.14713758258015025,0.14592511840460792,0.14592511840442454,0.14592511840427727,0.14592511840442454,0.14592511840460792,0.14592511840442454,0.14592511840414019,0.1459251184038695,0.14592511840414019,0.14592511840442454,0.14592511840427727,0.1459251184038695,0.14592511840344766,0.1459251184038695,0.14592511840427727,0.14592511840442454,0.14592511840414019,0.1459251184038695,0.14592511840414019,0.14592511840442454,0.14592511840460792,0.14592511840442454,0.14592511840427727,0.14592511840442454,0.14592511840460792,0.14473660976543687,0.14473660976541103,0.14473660976540667,0.14473660976541103,0.14473660976543687,0.14473660976541103,0.1447366097654091,0.14473660976548816,0.1447366097654091,0.14473660976541103,0.14473660976540667,0.14473660976548816,0.1447366097660581,0.14473660976548816,0.14473660976540667,0.14473660976541103,0.1447366097654091,0.14473660976548816,0.1447366097654091,0.14473660976541103,0.14473660976543687,0.14473660976541103,0.14473660976540667,0.14473660976541103,0.14473660976543687,0.1435715307995977,0.14357153079965793,0.1435715307997255,0.14357153079965793,0.1435715307995977,0.14357153079965793,0.1435715307997955,0.14357153080002802,0.1435715307997955,0.14357153079965793,0.1435715307997255,0.14357153080002802,0.14357153080105436,0.14357153080002802,0.1435715307997255,0.14357153079965793,0.1435715307997955,0.14357153080002802,0.1435715307997955,0.14357153079965793,0.1435715307995977,0.14357153079965793,0.1435715307997255,0.14357153079965793,0.1435715307995977,0.1424293644580559,0.14242936445817805,0.1424293644582955,0.14242936445817805,0.1424293644580559,0.14242936445817805,0.14242936445841037,0.14242936445874674,0.14242936445841037,0.14242936445817805,0.1424293644582955,0.14242936445874674,0.14242936446007667,0.14242936445874674,0.1424293644582955,0.14242936445817805,0.14242936445841037,0.14242936445874674,0.14242936445841037,0.14242936445817805,0.1424293644580559,0.14242936445817805,0.1424293644582955,0.14242936445817805,0.1424293644580559,0.14130960271856338,0.14130960271876583,0.14130960271894444,0.14130960271876583,0.14130960271856338,0.14130960271876583,0.14130960271911433,0.14130960271956547,0.14130960271911433,0.14130960271876583,0.14130960271894444,0.14130960271956547,0.14130960272122364,0.14130960271956547,0.14130960271894444,0.14130960271876583,0.14130960271911433,0.14130960271956547,0.14130960271911433,0.14130960271876583,0.14130960271856338,0.14130960271876583,0.14130960271894444,0.14130960271876583,0.14130960271856338,0.14021174675448167,0.14021174675484785,0.14021174675515247,0.14021174675484785,0.14021174675448167,0.14021174675484785,0.14021174675543788,0.14021174675609838,0.14021174675543788,0.14021174675484785,0.14021174675515247,0.14021174675609838,0.14021174675813503,0.14021174675609838,0.14021174675515247,0.14021174675484785,0.14021174675543788,0.14021174675609838,0.14021174675543788,0.14021174675484785,0.14021174675448167,0.14021174675484785,0.14021174675515247,0.14021174675484785,0.14021174675448167,0.13913530706377517,0.13913530706451863,0.1391353070651485,0.13913530706451863,0.13913530706377517,0.13913530706451863,0.1391353070657536,0.13913530706702404,0.1391353070657536,0.13913530706451863,0.1391353070651485,0.13913530706702404,0.13913530706947952,0.13913530706702404,0.1391353070651485,0.13913530706451863,0.1391353070657536,0.13913530706702404,0.1391353070657536,0.13913530706451863,0.13913530706377517,0.13913530706451863,0.1391353070651485,0.13913530706451863,0.13913530706377517,0.13807980356194885,0.13807980356345165,0.1380798035649334,0.13807980356345165,0.13807980356194885,0.13807980356345165,0.1380798035664252,0.13807980357041116,0.1380798035664252,0.13807980356345165,0.1380798035649334,0.13807980357041116,0.1380798035814239,0.13807980357041116,0.1380798035649334,0.13807980356345165,0.1380798035664252,0.13807980357041116,0.1380798035664252,0.13807980356345165,0.13807980356194885,0.13807980356345165,0.1380798035649334,0.13807980356345165,0.13807980356194885,0.13704476564253687,0.13704476564486462,0.13704476564766196,0.13704476564486462,0.13704476564253687,0.13704476564486462,0.13704476565055668,0.13704476566189994,0.13704476565055668,0.13704476564486462,0.13704476564766196,0.13704476566189994,0.1370447657245331,0.13704476566189994,0.13704476564766196,0.13704476564486462,0.13704476565055668,0.13704476566189994,0.13704476565055668,0.13704476564486462,0.13704476564253687,0.13704476564486462,0.13704476564766196,0.13704476564486462,0.13704476564253687,0.1360297322095037,0.1360297322111133,0.13602973221268325,0.1360297322111133,0.1360297322095037,0.1360297322111133,0.13602973221425557,0.13602973221844203,0.13602973221425557,0.1360297322111133,0.13602973221268325,0.13602973221844203,0.13602973223002893,0.13602973221844203,0.13602973221268325,0.1360297322111133,0.13602973221425557,0.13602973221844203,0.13602973221425557,0.1360297322111133,0.1360297322095037,0.1360297322111133,0.13602973221268325,0.1360297322111133,0.13602973220950354,0.13503425168623598,0.13503425168724092,0.13503425168806896,0.13503425168724092,0.13503425168623598,0.13503425168724092,0.13503425168885366,0.1350342516904491,0.13503425168885366,0.13503425168724092,0.13503425168806896,0.1350342516904491,0.13503425169334482,0.1350342516904491,0.13503425168806896,0.13503425168724092,0.13503425168885366,0.1350342516904491,0.13503425168885366,0.13503425168724092,0.13503425168623598,0.13503425168724092,0.13503425168806896,0.13503425168724092,0.13503425168623598
0.16533248797745476,0.16533248797745476,0.1653324879774545,0.16533248797745476,0.16533248797745476,0.16533248797745476,0.1653324879774545,0.1653324879774545,0.1653324879774545,0.16533248797745476,0.1653324879774545,0.1653324879774545,0.1653324879774545,0.1653324879774545,0.1653324879774545,0.16533248797745476,0.1653324879774545,0.1653324879774545,0.1653324879774545,0.16533248797745476,0.16533248797745476,0.16533248797745476,0.1653324879774545,0.16533248797745476,0.16533248797745476,0.16375749425483327,0.16375749425483302,0.1637574942548328,0.16375749425483302,0.16375749425483327,0.16375749425483302,0.1637574942548328,0.16375749425483258,0.1637574942548328,0.16375749425483302,0.1637574942548328,0.16375749425483258,0.16375749425483235,0.16375749425483258,0.1637574942548328,0.16375749425483302,0.1637574942548328,0.16375749425483258,0.1637574942548328,0.16375749425483302,0.16375749425483327,0.16375749425483302,0.1637574942548328,0.16375749425483302,0.16375749425483327,0.16221388446417837,0.16221388446417745,0.16221388446417703,0.16221388446417745,0.16221388446417837,0.16221388446417745,0.16221388446417678,0.16221388446417634,0.16221388446417678,0.16221388446417745,0.16221388446417703,0.16221388446417634,0.16221388446417587,0.16221388446417634,0.16221388446417703,0.16221388446417745,0.16221388446417678,0.16221388446417634,0.16221388446417678,0.16221388446417745,0.16221388446417837,0.16221388446417745,0.16221388446417703,0.16221388446417745,0.16221388446417837,0.16070106756253144,0.16070106756252922,0.1607010675625279,0.16070106756252922,0.16070106756253144,0.16070106756252922,0.16070106756252675,0.16070106756252522,0.16070106756252675,0.16070106756252922,0.1607010675625279,0.16070106756252522,0.16070106756252345,0.16070106756252522,0.1607010675625279,0.16070106756252922,0.16070106756252675,0.16070106756252522,0.16070106756252675,0.16070106756252922,0.16070106756253144,0.16070106756252922,0.1607010675625279,0.16070106756252922,0.16070106756253144,0.1592184519248735,0.15921845192486694,0.15921845192486261,0.15921845192486694,0.1592184519248735,0.15921845192486694,0.15921845192485934,0.15921845192485432,0.15921845192485934,0.15921845192486694,0.15921845192486261,0.15921845192485432,0.15921845192484887,0.15921845192485432,0.15921845192486261,0.15921845192486694,0.15921845192485934,0.15921845192485432,0.15921845192485934,0.15921845192486694,0.1592184519248735,0.15921845192486694,0.15921845192486261,0.15921845192486694,0.1592184519248735,0.1577654466959801,0.1577654466959611,0.15776544669594833,0.1577654466959611,0.1577654466959801,0.1577654466959611,0.15776544669593784,0.15776544669592185,0.15776544669593784,0.1577654466959611,0.15776544669594833,0.15776544669592185,0.15776544669590284,0.15776544669592185,0.15776544669594833,0.1577654466959611,0.15776544669593784,0.15776544669592185,0.15776544669593784,0.1577654466959611,0.1577654466959801,0.1577654466959611,0.15776544669594833,0.1577654466959611,0.1577654466959801,0.15634146300475604,0.15634146300470186,0.1563414630046638,0.15634146300470186,0.15634146300475604,0.15634146300470186,0.15634146300463142,0.1563414630045787,0.15634146300463142,0.15634146300470186,0.1563414630046638,0.1563414630045787,0.15634146300451157,0.1563414630045787,0.1563414630046638,0.15634146300470186,0.15634146300463142,0.1563414630045787,0.15634146300463142,0.15634146300470186,0.15634146300475604,0.15634146300470186,0.1563414630046638,0.15634146300470186,0.15634146300475604,0.15494591505132518,0.15494591505117844,0.1549459150510684,0.15494591505117844,0.15494591505132518,0.15494591505117844,0.1549459150509692,0.15494591505079336,0.1549459150509692,0.15494591505117844,0.1549459150510684,0.15494591505079336,0.15494591505053473,0.15494591505079336,0.1549459150510684,0.15494591505117844,0.1549459150509692,0.15494591505079336,0.1549459150509692,0.15494591505117844,0.15494591505132518,0.15494591505117844,0.1549459150510684,0.15494591505117844,0.15494591505132518,0.15357822107660762,0.15357822107624147,0.15357822107593702,0.15357822107624147,0.15357822107660762,0.15357822107624147,0.1535782210756474,0.1535782210750501,0.1535782210756474,0.15357822107624147,0.15357822107593702,0.1535782210750501,0.15357822107394484,0.1535782210750501,0.15357822107593702,0.15357822107624147,0.1535782210756474,0.1535782210750501,0.1535782210756474,0.15357822107624147,0.15357822107660762,0.15357822107624147,0.15357822107593702,0.15357822107624147,0.15357822107660762,0.15223780422356942,0.15223780422277303,0.15223780422200692,0.15223780422277303,0.15223780422356942,0.15223780422277303,0.15223780422124278,0.15223780421925273,0.15223780422124278,0.15223780422277303,0.15223780422200692,0.15223780421925273,0.1522378042139115,0.15223780421925273,0.15223780422200692,0.15223780422277303,0.15223780422124278,0.15223780421925273,0.15223780422124278,0.15223780422277303,0.15223780422356942,0.15223780422277303,0.15223780422200692,0.15223780422277303,0.15223780422356942,0.15092409329870485,0.15092409329737544,0.15092409329585235,0.15092409329737544,0.15092409329870485,0.15092409329737544,0.15092409329428524,0.15092409328856882,0.15092409329428524,0.15092409329737544,0.15092409329585235,0.15092409328856882,0.15092409325934994,0.15092409328856882,0.15092409329585235,0.15092409329737544,0.15092409329428524,0.15092409328856882,0.15092409329428524,0.15092409329737544,0.15092409329870485,0.15092409329737544,0.15092409329585235,0.15092409329737544,0.15092409329870485,0.1496365234414094,0.14963652344018488,0.14963652343887926,0.14963652344018488,0.1496365234414094,0.14963652344018488,0.14963652343754813,0.14963652343331094,0.14963652343754813,0.14963652344018488,0.14963652343887926,0.14963652343331094,0.14963652341575998,0.14963652343331094,0.14963652343887926,0.14963652344018488,0.14963652343754813,0.14963652343331094,0.14963652343754813,0.14963652344018488,0.1496365234414094,0.14963652344018488,0.14963652343887926,0.14963652344018488,0.1496365234414094,0.14837453670787715,0.14837453670703613,0.14837453670619863,0.14837453670703613,0.14837453670787715,0.14837453670703613,0.14837453670535813,0.14837453670290993,0.14837453670535813,0.14837453670703613,0.14837453670619863,0.14837453670290993,0.1483745366936362,0.14837453670290993,0.14837453670619863,0.14837453670703613,0.14837453670535813,0.14837453670290993,0.14837453670535813,0.14837453670703613,0.14837453670787715,0.14837453670703613,0.14837453670619863,0.14837453670703613,0.14837453670787715,0.1471375825801628,0.14713758257970283,0.14713758257927592,0.14713758257970283,0.1471375825801628,0.14713758257970283,0.14713758257885703,0.14713758257774293,0.14713758257885703,0.14713758257970283,0.14713758257927592,0.14713758257774293,0.14713758257395354,0.14713758257774293,0.14713758257927592,0.14713758257970283,0.14713758257885703,0.14713758257774293,0.14713758257885703,0.14713758257970283,0.1471375825801628,0.14713758257970283,0.14713758257927592,0.14713758257970283,0.1471375825801628,0.14592511840458175,0.14592511840439693,0.14592511840424788,0.14592511840439693,0.14592511840458175,0.14592511840439693,0.14592511840410918,0.14592511840383282,0.14592511840410918,0.14592511840439693,0.14592511840424788,0.14592511840383282,0.14592511840336378,0.14592511840383282,0.14592511840424788,0.14592511840439693,0.14592511840410918,0.14592511840383282,0.14592511840410918,0.14592511840439693,0.14592511840458175,0.14592511840439693,0.14592511840424788,0.14592511840439693,0.14592511840458175,0.14473660976537403,0.1447366097653461,0.14473660976533964,0.1447366097653461,0.14473660976537403,0.1447366097653461,0.14473660976533997,0.14473660976541206,0.14473660976533997,0.1447366097653461,0.14473660976533964,0.14473660976541206,0.14473660976597397,0.14473660976541206,0.14473660976533964,0.1447366097653461,0.14473660976533997,0.14473660976541206,0.14473660976533997,0.1447366097653461,0.14473660976537403,0.1447366097653461,0.14473660976533964,0.1447366097653461,0.14473660976537403,0.14357153079950188,0.14357153079955987,0.14357153079962526,0.14357153079955987,0.14357153079950188,0.14357153079955987,0.143571530799693,0.14357153079991888,0.143571530799693,0.14357153079955987,0.14357153079962526,0.14357153079991888,0.14357153080090004,0.14357153079991888,0.14357153079962526,0.14357153079955987,0.143571530799693,0.14357153079991888,0.143571530799693,0.14357153079955987,0.14357153079950188,0.14357153079955987,0.14357153079962526,0.14357153079955987,0.14357153079950188,0.14242936445793128,0.14242936445805124,0.1424293644581663,0.14242936445805124,0.14242936445793128,0.14242936445805124,0.14242936445827903,0.14242936445860865,0.14242936445827903,0.14242936445805124,0.1424293644581663,0.14242936445860865,0.14242936445990018,0.14242936445860865,0.1424293644581663,0.14242936445805124,0.14242936445827903,0.14242936445860865,0.14242936445827903,0.14242936445805124,0.14242936445793128,0.14242936445805124,0.1424293644581663,0.14242936445805124,0.14242936445793128,0.14130960271841372,0.14130960271861404,0.14130960271879067,0.14130960271861404,0.14130960271841372,0.14130960271861404,0.14130960271895826,0.14130960271940282,0.14130960271895826,0.14130960271861404,0.14130960271879067,0.14130960271940282,0.14130960272101492,0.14130960271940282,0.14130960271879067,0.14130960271861404,0.14130960271895826,0.14130960271940282,0.14130960271895826,0.14130960271861404,0.14130960271841372,0.14130960271861404,0.14130960271879067,0.14130960271861404,0.14130960271841372,0.1402117467543109,0.14021174675467535,0.140211746754978,0.14021174675467535,0.1402117467543109,0.14021174675467535,0.14021174675526146,0.14021174675591616,0.14021174675526146,0.14021174675467535,0.140211746754978,0.14021174675591616,0.1402117467579173,0.14021174675591616,0.140211746754978,0.14021174675467535,0.14021174675526146,0.14021174675591616,0.14021174675526146,0.14021174675467535,0.1402117467543109,0.14021174675467535,0.140211746754978,0.14021174675467535,0.1402117467543109,0.139135307063587,0.13913530706432856,0.1391353070649569,0.13913530706432856,0.139135307063587,0.13913530706432856,0.13913530706556057,0.1391353070668277,0.13913530706556057,0.13913530706432856,0.1391353070649569,0.1391353070668277,0.13913530706927588,0.1391353070668277,0.1391353070649569,0.13913530706432856,0.13913530706556057,0.1391353070668277,0.13913530706556057,0.13913530706432856,0.139135307063587,0.13913530706432856,0.1391353070649569,0.13913530706432856,0.139135307063587,0.13807980356174637,0.13807980356324684,0.1380798035647264,0.13807980356324684,0.13807980356174637,0.13807980356324684,0.13807980356621574,0.13807980357019597,0.13807980356621574,0.13807980356324684,0.1380798035647264,0.13807980357019597,0.1380798035811929,0.13807980357019597,0.1380798035647264,0.13807980356324684,0.13807980356621574,0.13807980357019597,0.13807980356621574,0.13807980356324684,0.13807980356174637,0.13807980356324684,0.1380798035647264,0.13807980356324684,0.13807980356174637,0.1370447656423248,0.13704476564464915,0.13704476564744275,0.13704476564464915,0.1370447656423248,0.13704476564464915,0.13704476565033333,0.1370447656616612,0.13704476565033333,0.13704476564464915,0.13704476564744275,0.1370447656616612,0.13704476572419894,0.1370447656616612,0.13704476564744275,0.13704476564464915,0.13704476565033333,0.1370447656616612,0.13704476565033333,0.13704476564464915,0.1370447656423248,0.13704476564464915,0.13704476564744275,0.13704476564464915,0.1370447656423248,0.1360297322092884,0.1360297322108959,0.13602973221246376,0.1360297322108959,0.1360297322092884,0.1360297322108959,0.136029732214034,0.13602973221821463,0.136029732214034,0.1360297322108959,0.13602973221246376,0.13602973221821463,0.13602973222978587,0.13602973221821463,0.13602973221246376,0.1360297322108959,0.136029732214034,0.13602973221821463,0.136029732214034,0.1360297322108959,0.1360297322092884,0.1360297322108959,0.13602973221246376,0.1360297322108959,0.1360297322092884,0.13503425168602218,0.13503425168702568,0.1350342516878525,0.13503425168702568,0.13503425168602218,0.13503425168702568,0.13503425168863634,0.13503425169022962,0.13503425168863634,0.13503425168702568,0.1350342516878525,0.13503425169022962,0.13503425169312136,0.13503425169022962,0.1350342516878525,0.13503425168702568,0.13503425168863634,0.13503425169022962,0.13503425168863634,0.13503425168702568,0.13503425168602218,0.13503425168702568,0.1350342516878525,0.13503425168702568,0.13503425168602218
0.16533248797761002,0.1653324879776098,0.1653324879776098,0.1653324879776098,0.16533248797761002,0.1653324879776098,0.1653324879776098,0.16533248797760958,0.1653324879776098,0.1653324879776098,0.1653324879776098,0.16533248797760958,0.16533248797760958,0.16533248797760958,0.1653324879776098,0.1653324879776098,0.1653324879776098,0.16533248797760958,0.1653324879776098,0.1653324879776098,0.16533248797761002,0.1653324879776098,0.1653324879776098,0.1653324879776098,0.16533248797761002,0.16375749425498523,0.16375749425498498,0.16375749425498473,0.16375749425498498,0.16375749425498523,0.16375749425498498,0.16375749425498473,0.16375749425498454,0.16375749425498473,0.16375749425498498,0.16375749425498473,0.16375749425498454,0.16375749425498454,0.16375749425498454,0.16375749425498473,0.16375749425498498,0.16375749425498473,0.16375749425498454,0.16375749425498473,0.16375749425498498,0.16375749425498523,0.16375749425498498,0.16375749425498473,0.16375749425498498,0.16375749425498523,0.1622138844643273,0.16221388446432664,0.16221388446432616,0.16221388446432664,0.1622138844643273,0.16221388446432664,0.16221388446432572,0.16221388446432525,0.16221388446432572,0.16221388446432664,0.16221388446432616,0.16221388446432525,0.1622138844643248,0.16221388446432525,0.16221388446432616,0.16221388446432664,0.16221388446432572,0.16221388446432525,0.16221388446432572,0.16221388446432664,0.1622138844643273,0.16221388446432664,0.16221388446432616,0.16221388446432664,0.1622138844643273,0.1607010675626774,0.1607010675626752,0.16070106756267383,0.1607010675626752,0.1607010675626774,0.1607010675626752,0.16070106756267272,0.16070106756267116,0.16070106756267272,0.1607010675626752,0.16070106756267383,0.16070106756267116,0.1607010675626696,0.16070106756267116,0.16070106756267383,0.1607010675626752,0.16070106756267272,0.16070106756267116,0.16070106756267272,0.1607010675626752,0.1607010675626774,0.1607010675626752,0.16070106756267383,0.1607010675626752,0.1607010675626774,0.15921845192501652,0.15921845192500997,0.15921845192500567,0.15921845192500997,0.15921845192501652,0.15921845192500997,0.15921845192500259,0.1592184519249976,0.15921845192500259,0.15921845192500997,0.15921845192500567,0.1592184519249976,0.15921845192499193,0.1592184519249976,0.15921845192500567,0.15921845192500997,0.15921845192500259,0.1592184519249976,0.15921845192500259,0.15921845192500997,0.15921845192501652,0.15921845192500997,0.15921845192500567,0.15921845192500997,0.15921845192501652,0.15776544669612028,0.15776544669610107,0.15776544669608827,0.15776544669610107,0.15776544669612028,0.15776544669610107,0.157765446696078,0.15776544669606202,0.157765446696078,0.15776544669610107,0.15776544669608827,0.15776544669606202,0.15776544669604325,0.15776544669606202,0.15776544669608827,0.15776544669610107,0.157765446696078,0.15776544669606202,0.157765446696078,0.15776544669610107,0.15776544669612028,0.15776544669610107,0.15776544669608827,0.15776544669610107,0.15776544669612028,0.156341463004893,0.15634146300483884,0.15634146300480117,0.15634146300483884,0.156341463004893,0.15634146300483884,0.15634146300476878,0.1563414630047163,0.15634146300476878,0.15634146300483884,0.15634146300480117,0.1563414630047163,0.15634146300464938,0.1563414630047163,0.15634146300480117,0.15634146300483884,0.15634146300476878,0.1563414630047163,0.15634146300476878,0.15634146300483884,0.156341463004893,0.15634146300483884,0.15634146300480117,0.15634146300483884,0.156341463004893,0.15494591505145858,0.15494591505131228,0.15494591505120284,0.15494591505131228,0.15494591505145858,0.15494591505131228,0.15494591505110406,0.1549459150509286,0.15494591505110406,0.15494591505131228,0.15494591505120284,0.1549459150509286,0.15494591505067123,0.1549459150509286,0.15494591505120284,0.15494591505131228,0.15494591505110406,0.1549459150509286,0.15494591505110406,0.15494591505131228,0.15494591505145858,0.15494591505131228,0.15494591505120284,0.15494591505131228,0.15494591505145858,0.15357822107673655,0.15357822107637165,0.15357822107606836,0.15357822107637165,0.15357822107673655,0.15357822107637165,0.15357822107577995,0.15357822107518485,0.15357822107577995,0.15357822107637165,0.15357822107606836,0.15357822107518485,0.15357822107408384,0.15357822107518485,0.15357822107606836,0.15357822107637165,0.15357822107577995,0.15357822107518485,0.15357822107577995,0.15357822107637165,0.15357822107673655,0.15357822107637165,0.15357822107606836,0.15357822107637165,0.15357822107673655,0.15223780422369065,0.1522378042228974,0.1522378042221343,0.1522378042228974,0.15223780422369065,0.1522378042228974,0.1522378042213729,0.1522378042193905,0.1522378042213729,0.1522378042228974,0.1522378042221343,0.1522378042193905,0.15223780421406954,0.1522378042193905,0.1522378042221343,0.1522378042228974,0.1522378042213729,0.1522378042193905,0.1522378042213729,0.1522378042228974,0.15223780422369065,0.1522378042228974,0.1522378042221343,0.1522378042228974,0.15223780422369065,0.15092409329881248,0.15092409329748813,0.1509240932959706,0.15092409329748813,0.15092409329881248,0.15092409329748813,0.15092409329440948,0.15092409328871487,0.15092409329440948,0.15092409329748813,0.1509240932959706,0.15092409328871487,0.15092409325961792,0.15092409328871487,0.1509240932959706,0.15092409329748813,0.15092409329440948,0.15092409328871487,0.15092409329440948,0.15092409329748813,0.15092409329881248,0.15092409329748813,0.1509240932959706,0.15092409329748813,0.15092409329881248,0.14963652344149295,0.14963652344027262,0.1496365234389719,0.14963652344027262,0.14963652344149295,0.14963652344027262,0.14963652343764547,0.14963652343342454,0.14963652343764547,0.14963652344027262,0.1496365234389719,0.14963652343342454,0.14963652341594905,0.14963652343342454,0.1496365234389719,0.14963652344027262,0.14963652343764547,0.14963652343342454,0.14963652343764547,0.14963652344027262,0.14963652344149295,0.14963652344027262,0.1496365234389719,0.14963652344027262,0.14963652344149295,0.14837453670792736,0.14837453670708856,0.1483745367062529,0.14837453670708856,0.14837453670792736,0.14837453670708856,0.1483745367054145,0.14837453670297146,0.1483745367054145,0.14837453670708856,0.1483745367062529,0.14837453670297146,0.1483745366937307,0.14837453670297146,0.1483745367062529,0.14837453670708856,0.1483745367054145,0.14837453670297146,0.1483745367054145,0.14837453670708856,0.14837453670792736,0.14837453670708856,0.1483745367062529,0.14837453670708856,0.14837453670792736,0.14713758258017515,0.14713758257971518,0.1471375825792881,0.14713758257971518,0.14713758258017515,0.14713758257971518,0.14713758257886903,0.14713758257775292,0.14713758257886903,0.14713758257971518,0.1471375825792881,0.14713758257775292,0.14713758257391688,0.14713758257775292,0.1471375825792881,0.14713758257971518,0.14713758257886903,0.14713758257775292,0.14713758257886903,0.14713758257971518,0.14713758258017515,0.14713758257971518,0.1471375825792881,0.14713758257971518,0.14713758258017515,0.14592511840455577,0.1459251184043697,0.1459251184042192,0.1459251184043697,0.14592511840455577,0.1459251184043697,0.1459251184040789,0.14592511840379702,0.1459251184040789,0.1459251184043697,0.1459251184042192,0.14592511840379702,0.14592511840329703,0.14592511840379702,0.1459251184042192,0.1459251184043697,0.1459251184040789,0.14592511840379702,0.1459251184040789,0.1459251184043697,0.14592511840455577,0.1459251184043697,0.1459251184042192,0.1459251184043697,0.14592511840455577,0.14473660976531189,0.1447366097652822,0.14473660976527367,0.1447366097652822,0.14473660976531189,0.1447366097652822,0.14473660976527175,0.14473660976533684,0.14473660976527175,0.1447366097652822,0.14473660976527367,0.14473660976533684,0.14473660976585823,0.14473660976533684,0.14473660976527367,0.1447366097652822,0.14473660976527175,0.14473660976533684,0.14473660976527175,0.1447366097652822,0.14473660976531189,0.1447366097652822,0.14473660976527367,0.1447366097652822,0.14473660976531189,0.14357153079940724,0.1435715307994632,0.14357153079952634,0.1435715307994632,0.14357153079940724,0.1435715307994632,0.1435715307995919,0.14357153079981108,0.1435715307995919,0.1435715307994632,0.14357153079952634,0.14357153079981108,0.1435715308007373,0.14357153079981108,0.14357153079952634,0.1435715307994632,0.1435715307995919,0.14357153079981108,0.1435715307995919,0.1435715307994632,0.14357153079940724,0.1435715307994632,0.14357153079952634,0.1435715307994632,0.14357153079940724,0.14242936445780782,0.14242936445792576,0.14242936445803864,0.14242936445792576,0.14242936445780782,0.14242936445792576,0.1424293644581492,0.14242936445847226,0.1424293644581492,0.14242936445792576,0.14242936445803864,0.14242936445847226,0.14242936445975457,0.14242936445847226,0.14242936445803864,0.14242936445792576,0.1424293644581492,0.14242936445847226,0.1424293644581492,0.14242936445792576,0.14242936445780782,0.14242936445792576,0.14242936445803864,0.14242936445792576,0.14242936445780782,0.1413096027182657,0.14130960271846388,0.14130960271863835,0.14130960271846388,0.1413096027182657,0.14130960271846388,0.141309602718804,0.14130960271924212,0.141309602718804,0.14130960271846388,0.14130960271863835,0.14130960271924212,0.14130960272083548,0.14130960271924212,0.14130960271863835,0.14130960271846388,0.141309602718804,0.14130960271924212,0.141309602718804,0.14130960271846388,0.1413096027182657,0.14130960271846388,0.14130960271863835,0.14130960271846388,0.1413096027182657,0.14021174675414189,0.1402117467545044,0.14021174675480527,0.1402117467545044,0.14021174675414189,0.1402117467545044,0.140211746755087,0.1402117467557359,0.140211746755087,0.1402117467545044,0.14021174675480527,0.1402117467557359,0.14021174675771528,0.1402117467557359,0.14021174675480527,0.1402117467545044,0.140211746755087,0.1402117467557359,0.140211746755087,0.1402117467545044,0.14021174675414189,0.1402117467545044,0.14021174675480527,0.1402117467545044,0.14021174675414189,0.1391353070634006,0.13913530706414057,0.13913530706476732,0.13913530706414057,0.1391353070634006,0.13913530706414057,0.13913530706536956,0.13913530706663318,0.13913530706536956,0.13913530706414057,0.13913530706476732,0.13913530706663318,0.1391353070690743,0.13913530706663318,0.13913530706476732,0.13913530706414057,0.13913530706536956,0.13913530706663318,0.13913530706536956,0.13913530706414057,0.1391353070634006,0.13913530706414057,0.13913530706476732,0.13913530706414057,0.1391353070634006,0.1380798035615459,0.13807980356304406,0.13807980356452126,0.13807980356304406,0.1380798035615459,0.13807980356304406,0.13807980356600863,0.13807980356998292,0.13807980356600863,0.13807980356304406,0.13807980356452126,0.13807980356998292,0.13807980358096422,0.13807980356998292,0.13807980356452126,0.13807980356304406,0.13807980356600863,0.13807980356998292,0.13807980356600863,0.13807980356304406,0.1380798035615459,0.13807980356304406,0.13807980356452126,0.13807980356304406,0.1380798035615459,0.13704476564211482,0.137044765644436,0.13704476564722565,0.137044765644436,0.13704476564211482,0.137044765644436,0.1370447656501124,0.13704476566142482,0.1370447656501124,0.137044765644436,0.13704476564722565,0.13704476566142482,0.13704476572388408,0.13704476566142482,0.13704476564722565,0.137044765644436,0.1370447656501124,0.13704476566142482,0.1370447656501124,0.137044765644436,0.13704476564211482,0.137044765644436,0.13704476564722565,0.137044765644436,0.13704476564211482,0.13602973220907533,0.1360297322106806,0.1360297322122462,0.1360297322106806,0.13602973220907533,0.1360297322106806,0.13602973221381437,0.13602973221798947,0.13602973221381437,0.1360297322106806,0.1360297322122462,0.13602973221798947,0.13602973222954506,0.13602973221798947,0.1360297322122462,0.1360297322106806,0.13602973221381437,0.13602973221798947,0.13602973221381437,0.1360297322106806,0.13602973220907533,0.1360297322106806,0.1360297322122462,0.1360297322106806,0.13602973220907533,0.13503425168581043,0.13503425168681246,0.13503425168763825,0.13503425168681246,0.13503425168581043,0.13503425168681246,0.13503425168842093,0.135034251690012,0.13503425168842093,0.13503425168681246,0.13503425168763825,0.135034251690012,0.13503425169289995,0.135034251690012,0.13503425168763825,0.13503425168681246,0.13503425168842093,0.135034251690012,0.13503425168842093,0.13503425168681246,0.13503425168581043,0.13503425168681246,0.13503425168763825,0.13503425168681246,0.13503425168581043
0.16533248797776343,0.16533248797776318,0.16533248797776318,0.16533248797776318,0.16533248797776318,0.16533248797776318,0.16533248797776318,0.16533248797776295,0.16533248797776318,0.16533248797776318,0.16533248797776318,0.16533248797776295,0.16533248797776295,0.16533248797776295,0.16533248797776318,0.16533248797776318,0.16533248797776318,0.16533248797776295,0.16533248797776318,0.16533248797776318,0.16533248797776318,0.16533248797776318,0.16533248797776318,0.16533248797776318,0.16533248797776318,0.16375749425513558,0.16375749425513533,0.16375749425513508,0.16375749425513533,0.16375749425513558,0.16375749425513533,0.16375749425513508,0.16375749425513486,0.16375749425513508,0.16375749425513533,0.16375749425513508,0.16375749425513486,0.16375749425513464,0.16375749425513486,0.16375749425513508,0.16375749425513533,0.16375749425513508,0.16375749425513486,0.16375749425513508,0.16375749425513533,0.16375749425513558,0.16375749425513533,0.16375749425513508,0.16375749425513533,0.16375749425513558,0.16221388446447463,0.16221388446447374,0.16221388446447324,0.16221388446447374,0.16221388446447463,0.16221388446447374,0.16221388446447305,0.1622138844644726,0.16221388446447305,0.16221388446447374,0.16221388446447324,0.1622138844644726,0.16221388446447216,0.1622138844644726,0.16221388446447324,0.16221388446447374,0.16221388446447305,0.1622138844644726,0.16221388446447305,0.16221388446447374,0.16221388446447463,0.16221388446447374,0.16221388446447324,0.16221388446447374,0.16221388446447463,0.16070106756282157,0.16070106756281957,0.16070106756281802,0.16070106756281957,0.16070106756282157,0.16070106756281957,0.16070106756281713,0.16070106756281557,0.16070106756281713,0.16070106756281957,0.16070106756281802,0.16070106756281557,0.16070106756281377,0.16070106756281557,0.16070106756281802,0.16070106756281957,0.16070106756281713,0.16070106756281557,0.16070106756281713,0.16070106756281957,0.16070106756282157,0.16070106756281957,0.16070106756281802,0.16070106756281957,0.16070106756282157,0.15921845192515785,0.1592184519251513,0.15921845192514716,0.1592184519251513,0.15921845192515785,0.1592184519251513,0.1592184519251439,0.15921845192513887,0.1592184519251439,0.1592184519251513,0.15921845192514716,0.15921845192513887,0.15921845192513323,0.15921845192513887,0.15921845192514716,0.1592184519251513,0.1592184519251439,0.15921845192513887,0.1592184519251439,0.1592184519251513,0.15921845192515785,0.1592184519251513,0.15921845192514716,0.1592184519251513,0.15921845192515785,0.15776544669625855,0.15776544669623954,0.15776544669622675,0.15776544669623954,0.15776544669625855,0.15776544669623954,0.15776544669621648,0.1577654466962005,0.15776544669621648,0.15776544669623954,0.15776544669622675,0.1577654466962005,0.15776544669618195,0.1577654466962005,0.15776544669622675,0.15776544669623954,0.15776544669621648,0.1577654466962005,0.15776544669621648,0.15776544669623954,0.15776544669625855,0.15776544669623954,0.15776544669622675,0.15776544669623954,0.15776544669625855,0.1563414630050283,0.15634146300497434,0.1563414630049367,0.15634146300497434,0.1563414630050283,0.15634146300497434,0.15634146300490448,0.15634146300485222,0.15634146300490448,0.15634146300497434,0.1563414630049367,0.15634146300485222,0.15634146300478574,0.15634146300485222,0.1563414630049367,0.15634146300497434,0.15634146300490448,0.15634146300485222,0.15634146300490448,0.15634146300497434,0.1563414630050283,0.15634146300497434,0.1563414630049367,0.15634146300497434,0.1563414630050283,0.15494591505159036,0.15494591505144464,0.15494591505133562,0.15494591505144464,0.15494591505159036,0.15494591505144464,0.15494591505123703,0.15494591505106242,0.15494591505123703,0.15494591505144464,0.15494591505133562,0.15494591505106242,0.15494591505080607,0.15494591505106242,0.15494591505133562,0.15494591505144464,0.15494591505123703,0.15494591505106242,0.15494591505123703,0.15494591505144464,0.15494591505159036,0.15494591505144464,0.15494591505133562,0.15494591505144464,0.15494591505159036,0.1535782210768637,0.15357822107650038,0.1535782210761981,0.15357822107650038,0.1535782210768637,0.15357822107650038,0.15357822107591068,0.1535782210753178,0.15357822107591068,0.15357822107650038,0.1535782210761981,0.1535782210753178,0.153578221074221,0.1535782210753178,0.1535782210761981,0.15357822107650038,0.15357822107591068,0.1535782210753178,0.15357822107591068,0.15357822107650038,0.1535782210768637,0.15357822107650038,0.1535782210761981,0.15357822107650038,0.1535782210768637,0.15223780422381053,0.15223780422302025,0.15223780422225985,0.15223780422302025,0.15223780422381053,0.15223780422302025,0.15223780422150143,0.1522378042195265,0.15223780422150143,0.15223780422302025,0.15223780422225985,0.1522378042195265,0.15223780421422564,0.1522378042195265,0.15223780422225985,0.15223780422302025,0.15223780422150143,0.1522378042195265,0.15223780422150143,0.15223780422302025,0.15223780422381053,0.15223780422302025,0.15223780422225985,0.15223780422302025,0.15223780422381053,0.1509240932989188,0.15092409329759923,0.1509240932960875,0.15092409329759923,0.1509240932989188,0.15092409329759923,0.15092409329453238,0.1509240932888592,0.15092409329453238,0.15092409329759923,0.1509240932960875,0.1509240932888592,0.15092409325984305,0.1509240932888592,0.1509240932960875,0.15092409329759923,0.15092409329453238,0.1509240932888592,0.15092409329453238,0.15092409329759923,0.1509240932989188,0.15092409329759923,0.1509240932960875,0.15092409329759923,0.1509240932989188,0.1496365234415754,0.1496365234403594,0.14963652343906322,0.1496365234403594,0.1496365234415754,0.1496365234403594,0.14963652343774173,0.1496365234335369,0.14963652343774173,0.1496365234403594,0.14963652343906322,0.1496365234335369,0.14963652341614758,0.1496365234335369,0.14963652343906322,0.1496365234403594,0.14963652343774173,0.1496365234335369,0.14963652343774173,0.1496365234403594,0.1496365234415754,0.1496365234403594,0.14963652343906322,0.1496365234403594,0.1496365234415754,0.1483745367079772,0.14837453670714026,0.14837453670630665,0.14837453670714026,0.1483745367079772,0.14837453670714026,0.14837453670547007,0.14837453670303224,0.14837453670547007,0.14837453670714026,0.14837453670630665,0.14837453670303224,0.1483745366937852,0.14837453670303224,0.14837453670630665,0.14837453670714026,0.14837453670547007,0.14837453670303224,0.14837453670547007,0.14837453670714026,0.1483745367079772,0.14837453670714026,0.14837453670630665,0.14837453670714026,0.1483745367079772,0.14713758258018747,0.14713758257972753,0.1471375825793001,0.14713758257972753,0.14713758258018747,0.14713758257972753,0.14713758257888082,0.1471375825777629,0.14713758257888082,0.14713758257972753,0.1471375825793001,0.1471375825777629,0.14713758257390833,0.1471375825777629,0.14713758257930026,0.14713758257972753,0.14713758257888082,0.1471375825777629,0.14713758257888082,0.14713758257972753,0.14713758258018747,0.14713758257972753,0.14713758257930026,0.14713758257972753,0.14713758258018747,0.1459251184045303,0.1459251184043428,0.1459251184041909,0.1459251184043428,0.1459251184045303,0.1459251184043428,0.14592511840404898,0.1459251184037616,0.14592511840404898,0.1459251184043428,0.1459251184041909,0.1459251184037616,0.14592511840324843,0.1459251184037616,0.1459251184041909,0.1459251184043428,0.14592511840404898,0.1459251184037616,0.14592511840404898,0.1459251184043428,0.1459251184045303,0.1459251184043428,0.1459251184041909,0.1459251184043428,0.1459251184045303,0.1447366097652508,0.14473660976521902,0.14473660976520836,0.14473660976521902,0.1447366097652508,0.14473660976521902,0.14473660976520455,0.14473660976526284,0.14473660976520455,0.14473660976521902,0.14473660976520836,0.14473660976526284,0.14473660976576536,0.14473660976526284,0.14473660976520836,0.14473660976521902,0.14473660976520455,0.14473660976526284,0.14473660976520455,0.14473660976521902,0.1447366097652508,0.14473660976521902,0.14473660976520836,0.14473660976521902,0.1447366097652508,0.14357153079931384,0.14357153079936755,0.14357153079942864,0.14357153079936755,0.14357153079931384,0.14357153079936755,0.14357153079949211,0.14357153079970464,0.14357153079949211,0.14357153079936755,0.14357153079942864,0.14357153079970464,0.1435715308006478,0.14357153079970464,0.14357153079942864,0.14357153079936755,0.14357153079949211,0.14357153079970464,0.14357153079949211,0.14357153079936755,0.14357153079931384,0.14357153079936755,0.14357153079942864,0.14357153079936755,0.14357153079931384,0.14242936445768586,0.1424293644578016,0.1424293644579125,0.1424293644578016,0.14242936445768586,0.1424293644578016,0.14242936445802085,0.1424293644583374,0.14242936445802085,0.1424293644578016,0.1424293644579125,0.1424293644583374,0.14242936445958582,0.1424293644583374,0.1424293644579125,0.1424293644578016,0.14242936445802085,0.1424293644583374,0.14242936445802085,0.1424293644578016,0.14242936445768586,0.1424293644578016,0.1424293644579125,0.1424293644578016,0.14242936445768586,0.14130960271811915,0.14130960271831536,0.1413096027184879,0.14130960271831536,0.14130960271811915,0.14130960271831536,0.1413096027186514,0.1413096027190831,0.1413096027186514,0.14130960271831536,0.1413096027184879,0.1413096027190831,0.141309602720635,0.1413096027190831,0.1413096027184879,0.14130960271831536,0.1413096027186514,0.1413096027190831,0.1413096027186514,0.14130960271831536,0.14130960271811915,0.14130960271831536,0.1413096027184879,0.14130960271831536,0.14130960271811915,0.14021174675397485,0.14021174675433556,0.14021174675463438,0.14021174675433556,0.14021174675397485,0.14021174675433556,0.1402117467549143,0.1402117467555577,0.1402117467549143,0.14021174675433556,0.14021174675463438,0.1402117467555577,0.14021174675750772,0.1402117467555577,0.14021174675463438,0.14021174675433556,0.1402117467549143,0.1402117467555577,0.1402117467549143,0.14021174675433556,0.14021174675397485,0.14021174675433556,0.14021174675463438,0.14021174675433556,0.14021174675397485,0.1391353070632164,0.13913530706395447,0.13913530706457977,0.13913530706395447,0.1391353070632164,0.13913530706395447,0.13913530706518046,0.13913530706644092,0.13913530706518046,0.13913530706395447,0.13913530706457977,0.13913530706644092,0.13913530706887492,0.13913530706644092,0.13913530706457977,0.13913530706395447,0.13913530706518046,0.13913530706644092,0.13913530706518046,0.13913530706395447,0.1391353070632164,0.13913530706395447,0.13913530706457977,0.13913530706395447,0.1391353070632164,0.1380798035613476,0.1380798035628434,0.1380798035643185,0.1380798035628434,0.1380798035613476,0.1380798035628434,0.1380798035658035,0.1380798035697721,0.1380798035658035,0.1380798035628434,0.1380798035643185,0.1380798035697721,0.13807980358073801,0.1380798035697721,0.1380798035643185,0.1380798035628434,0.1380798035658035,0.1380798035697721,0.1380798035658035,0.1380798035628434,0.1380798035613476,0.1380798035628434,0.1380798035643185,0.1380798035628434,0.1380798035613476,0.13704476564190696,0.13704476564422496,0.13704476564701096,0.13704476564422496,0.13704476564190696,0.13704476564422496,0.1370447656498938,0.13704476566119098,0.1370447656498938,0.13704476564422496,0.13704476564701096,0.13704476566119098,0.13704476572358348,0.13704476566119098,0.13704476564701096,0.13704476564422496,0.1370447656498938,0.13704476566119098,0.1370447656498938,0.13704476564422496,0.13704476564190696,0.13704476564422496,0.13704476564701096,0.13704476564422496,0.13704476564190696,0.13602973220886463,0.13602973221046766,0.1360297322120312,0.13602973221046766,0.13602973220886463,0.13602973221046766,0.13602973221359727,0.13602973221776674,0.13602973221359727,0.13602973221046766,0.1360297322120312,0.13602973221776674,0.1360297322293068,0.13602973221776674,0.1360297322120312,0.13602973221046766,0.13602973221359727,0.13602973221776674,0.13602973221359727,0.13602973221046766,0.13602973220886463,0.13602973221046766,0.1360297322120312,0.13602973221046766,0.13602973220886463,0.13503425168560101,0.13503425168660171,0.13503425168742636,0.13503425168660171,0.13503425168560101,0.13503425168660171,0.13503425168820804,0.13503425168979705,0.13503425168820804,0.13503425168660171,0.13503425168742636,0.13503425168979705,0.13503425169268102,0.13503425168979705,0.13503425168742636,0.13503425168660171,0.13503425168820804,0.13503425168979705,0.13503425168820804,0.13503425168660171,0.13503425168560101,0.13503425168660171,0.13503425168742636,0.13503425168660171,0.13503425168560101
0.16533248797791492,0.1653324879779147,0.1653324879779147,0.1653324879779147,0.16533248797791492,0.1653324879779147,0.1653324879779147,0.1653324879779147,0.1653324879779147,0.1653324879779147,0.1653324879779147,0.1653324879779147,0.16533248797791447,0.1653324879779147,0.1653324879779147,0.1653324879779147,0.1653324879779147,0.1653324879779147,0.1653324879779147,0.1653324879779147,0.16533248797791492,0.1653324879779147,0.1653324879779147,0.1653324879779147,0.16533248797791492,0.16375749425528405,0.16375749425528383,0.16375749425528358,0.16375749425528383,0.16375749425528405,0.16375749425528383,0.16375749425528358,0.16375749425528335,0.16375749425528358,0.16375749425528383,0.16375749425528358,0.16375749425528335,0.16375749425528335,0.16375749425528335,0.16375749425528358,0.16375749425528383,0.16375749425528358,0.16375749425528335,0.16375749425528358,0.16375749425528383,0.16375749425528405,0.16375749425528383,0.16375749425528358,0.16375749425528383,0.16375749425528405,0.16221388446462015,0.16221388446461923,0.1622138844646188,0.16221388446461923,0.16221388446462015,0.16221388446461923,0.16221388446461857,0.16221388446461812,0.16221388446461857,0.16221388446461923,0.1622138844646188,0.16221388446461812,0.16221388446461765,0.16221388446461812,0.1622138844646188,0.16221388446461923,0.16221388446461857,0.16221388446461812,0.16221388446461857,0.16221388446461923,0.16221388446462015,0.16221388446461923,0.1622138844646188,0.16221388446461923,0.16221388446462015,0.16070106756296418,0.16070106756296199,0.16070106756296065,0.16070106756296199,0.16070106756296418,0.16070106756296199,0.16070106756295974,0.16070106756295818,0.16070106756295974,0.16070106756296199,0.16070106756296065,0.16070106756295818,0.1607010675629564,0.16070106756295818,0.16070106756296065,0.16070106756296199,0.16070106756295974,0.16070106756295818,0.16070106756295974,0.16070106756296199,0.16070106756296418,0.16070106756296199,0.16070106756296065,0.16070106756296199,0.16070106756296418,0.15921845192529738,0.15921845192529108,0.15921845192528672,0.15921845192529108,0.15921845192529738,0.15921845192529108,0.15921845192528344,0.15921845192527864,0.15921845192528344,0.15921845192529108,0.15921845192528672,0.15921845192527864,0.15921845192527298,0.15921845192527864,0.15921845192528672,0.15921845192529108,0.15921845192528344,0.15921845192527864,0.15921845192528344,0.15921845192529108,0.15921845192529738,0.15921845192529108,0.15921845192528672,0.15921845192529108,0.15921845192529738,0.1577654466963953,0.15776544669637632,0.15776544669636372,0.15776544669637632,0.1577654466963953,0.15776544669637632,0.15776544669635348,0.15776544669633746,0.15776544669635348,0.15776544669637632,0.15776544669636372,0.15776544669633746,0.15776544669631892,0.15776544669633746,0.15776544669636372,0.15776544669637632,0.15776544669635348,0.15776544669633746,0.15776544669635348,0.15776544669637632,0.1577654466963953,0.15776544669637632,0.15776544669636372,0.15776544669637632,0.1577654466963953,0.15634146300516188,0.15634146300510818,0.15634146300507074,0.15634146300510818,0.15634146300516188,0.15634146300510818,0.15634146300503873,0.1563414630049867,0.15634146300503873,0.15634146300510818,0.15634146300507074,0.1563414630049867,0.15634146300492016,0.1563414630049867,0.15634146300507074,0.15634146300510818,0.15634146300503873,0.1563414630049867,0.15634146300503873,0.15634146300510818,0.15634146300516188,0.15634146300510818,0.15634146300507074,0.15634146300510818,0.15634146300516188,0.15494591505172048,0.15494591505157557,0.15494591505146676,0.15494591505157557,0.15494591505172048,0.15494591505157557,0.15494591505136862,0.15494591505119482,0.15494591505136862,0.15494591505157557,0.15494591505146676,0.15494591505119482,0.15494591505093927,0.15494591505119482,0.15494591505146676,0.15494591505157557,0.15494591505136862,0.15494591505119482,0.15494591505136862,0.15494591505157557,0.15494591505172048,0.15494591505157557,0.15494591505146676,0.15494591505157557,0.15494591505172048,0.15357822107698943,0.15357822107662752,0.15357822107632624,0.15357822107662752,0.15357822107698943,0.15357822107662752,0.15357822107604002,0.15357822107544938,0.15357822107604002,0.15357822107662752,0.15357822107632624,0.15357822107544938,0.15357822107435676,0.15357822107544938,0.15357822107632624,0.15357822107662752,0.15357822107604002,0.15357822107544938,0.15357822107604002,0.15357822107662752,0.15357822107698943,0.15357822107662752,0.15357822107632624,0.15357822107662752,0.15357822107698943,0.15223780422392905,0.15223780422314168,0.15223780422238425,0.15223780422314168,0.15223780422392905,0.15223780422314168,0.1522378042216286,0.152237804219661,0.1522378042216286,0.15223780422314168,0.15223780422238425,0.152237804219661,0.15223780421437996,0.152237804219661,0.15223780422238425,0.15223780422314168,0.1522378042216286,0.152237804219661,0.1522378042216286,0.15223780422314168,0.15223780422392905,0.15223780422314168,0.15223780422238425,0.15223780422314168,0.15223780422392905,0.15092409329902412,0.15092409329770917,0.15092409329620307,0.15092409329770917,0.15092409329902412,0.15092409329770917,0.1509240932946535,0.15092409328900155,0.1509240932946535,0.15092409329770917,0.15092409329620307,0.15092409328900155,0.15092409326008344,0.15092409328900155,0.15092409329620307,0.15092409329770917,0.1509240932946535,0.15092409328900155,0.1509240932946535,0.15092409329770917,0.15092409329902412,0.15092409329770917,0.15092409329620307,0.15092409329770917,0.15092409329902412,0.14963652344165707,0.14963652344044523,0.1496365234391538,0.14963652344044523,0.14963652344165707,0.14963652344044523,0.14963652343783704,0.14963652343364806,0.14963652343783704,0.14963652344044523,0.1496365234391538,0.14963652343364806,0.14963652341632078,0.14963652343364806,0.1496365234391538,0.14963652344044523,0.14963652343783704,0.14963652343364806,0.14963652343783704,0.14963652344044523,0.14963652344165707,0.14963652344044523,0.1496365234391538,0.14963652344044523,0.14963652344165707,0.14837453670802653,0.14837453670719158,0.14837453670635983,0.14837453670719158,0.14837453670802653,0.14837453670719158,0.1483745367055253,0.14837453670309267,0.1483745367055253,0.14837453670719158,0.14837453670635983,0.14837453670309267,0.14837453669387418,0.14837453670309267,0.14837453670635983,0.14837453670719158,0.1483745367055253,0.14837453670309267,0.1483745367055253,0.14837453670719158,0.14837453670802653,0.14837453670719158,0.14837453670635983,0.14837453670719158,0.14837453670802653,0.14713758258020002,0.14713758257974008,0.14713758257931245,0.14713758257974008,0.14713758258020002,0.14713758257974008,0.1471375825788928,0.1471375825777731,0.1471375825788928,0.14713758257974008,0.14713758257931245,0.1471375825777731,0.14713758257391268,0.1471375825777731,0.14713758257931245,0.14713758257974008,0.1471375825788928,0.1471375825777731,0.1471375825788928,0.14713758257974008,0.14713758258020002,0.14713758257974008,0.14713758257931245,0.14713758257974008,0.14713758258020002,0.14592511840450537,0.14592511840431663,0.14592511840416314,0.14592511840431663,0.14592511840450537,0.14592511840431663,0.14592511840401978,0.14592511840372724,0.14592511840401978,0.14592511840431663,0.14592511840416314,0.14592511840372724,0.1459251184032167,0.14592511840372724,0.14592511840416314,0.14592511840431663,0.14592511840401978,0.14592511840372724,0.14592511840401978,0.14592511840431663,0.14592511840450537,0.14592511840431663,0.14592511840416314,0.14592511840431663,0.14592511840450537,0.1447366097651904,0.1447366097651569,0.14473660976514413,0.1447366097651569,0.1447366097651904,0.1447366097651569,0.14473660976513822,0.14473660976518987,0.14473660976513822,0.1447366097651569,0.14473660976514413,0.14473660976518987,0.14473660976566063,0.14473660976518987,0.14473660976514413,0.1447366097651569,0.14473660976513822,0.14473660976518987,0.14473660976513822,0.1447366097651569,0.1447366097651904,0.1447366097651569,0.14473660976514413,0.1447366097651569,0.1447366097651904,0.14357153079922141,0.14357153079927326,0.14357153079933213,0.14357153079927326,0.14357153079922141,0.14357153079927326,0.1435715307993934,0.14357153079959958,0.1435715307993934,0.14357153079927326,0.14357153079933213,0.14357153079959958,0.1435715308005058,0.14357153079959958,0.14357153079933213,0.14357153079927326,0.1435715307993934,0.14357153079959958,0.1435715307993934,0.14357153079927326,0.14357153079922141,0.14357153079927326,0.14357153079933213,0.14357153079927326,0.14357153079922141,0.14242936445756557,0.14242936445767915,0.14242936445778787,0.14242936445767915,0.14242936445756557,0.14242936445767915,0.14242936445789403,0.1424293644582042,0.14242936445789403,0.14242936445767915,0.14242936445778787,0.1424293644582042,0.14242936445941623,0.1424293644582042,0.14242936445778787,0.14242936445767915,0.14242936445789403,0.1424293644582042,0.14242936445789403,0.14242936445767915,0.14242936445756557,0.14242936445767915,0.14242936445778787,0.14242936445767915,0.14242936445756557,0.1413096027179744,0.14130960271816867,0.14130960271833906,0.14130960271816867,0.1413096027179744,0.14130960271816867,0.1413096027185004,0.14130960271892587,0.1413096027185004,0.14130960271816867,0.14130960271833906,0.14130960271892587,0.14130960272045015,0.14130960271892587,0.14130960271833906,0.14130960271816867,0.1413096027185004,0.14130960271892587,0.1413096027185004,0.14130960271816867,0.1413096027179744,0.14130960271816867,0.14130960271833906,0.14130960271816867,0.1413096027179744,0.1402117467538097,0.14021174675416853,0.14021174675446554,0.14021174675416853,0.1402117467538097,0.14021174675416853,0.1402117467547437,0.14021174675538145,0.1402117467547437,0.14021174675416853,0.14021174675446554,0.14021174675538145,0.1402117467573231,0.14021174675538145,0.14021174675446554,0.14021174675416853,0.1402117467547437,0.14021174675538145,0.1402117467547437,0.14021174675416853,0.1402117467538097,0.14021174675416853,0.14021174675446554,0.14021174675416853,0.1402117467538097,0.1391353070630341,0.13913530706377059,0.13913530706439434,0.13913530706377059,0.1391353070630341,0.13913530706377059,0.13913530706499358,0.13913530706625088,0.13913530706499358,0.13913530706377059,0.13913530706439434,0.13913530706625088,0.13913530706867758,0.13913530706625088,0.13913530706439434,0.13913530706377059,0.13913530706499358,0.13913530706625088,0.13913530706499358,0.13913530706377059,0.1391353070630341,0.13913530706377059,0.13913530706439434,0.13913530706377059,0.1391353070630341,0.13807980356115146,0.13807980356264515,0.13807980356411803,0.13807980356264515,0.13807980356115146,0.13807980356264515,0.1380798035656007,0.1380798035695637,0.1380798035656007,0.13807980356264515,0.13807980356411803,0.1380798035695637,0.13807980358051428,0.13807980356956354,0.13807980356411803,0.13807980356264515,0.1380798035656007,0.13807980356956354,0.1380798035656007,0.13807980356264515,0.13807980356115146,0.13807980356264515,0.13807980356411803,0.13807980356264515,0.13807980356115146,0.13704476564170157,0.13704476564401635,0.1370447656467984,0.13704476564401635,0.13704476564170157,0.13704476564401635,0.13704476564967744,0.13704476566095974,0.13704476564967744,0.13704476564401635,0.1370447656467984,0.13704476566095974,0.13704476572326815,0.13704476566095974,0.1370447656467984,0.13704476564401635,0.13704476564967744,0.13704476566095974,0.13704476564967744,0.13704476564401635,0.13704476564170157,0.13704476564401635,0.1370447656467984,0.13704476564401635,0.13704476564170157,0.13602973220865616,0.13602973221025713,0.1360297322118184,0.13602973221025713,0.13602973220865616,0.13602973221025713,0.13602973221338238,0.13602973221754633,0.13602973221338238,0.13602973221025713,0.1360297322118184,0.13602973221754633,0.13602973222907122,0.13602973221754633,0.1360297322118184,0.13602973221025713,0.13602973221338238,0.13602973221754633,0.13602973221338238,0.13602973221025713,0.13602973220865616,0.13602973221025713,0.1360297322118184,0.13602973221025713,0.13602973220865616,0.1350342516853938,0.1350342516863932,0.1350342516872168,0.1350342516863932,0.1350342516853938,0.1350342516863932,0.1350342516879973,0.13503425168958427,0.1350342516879973,0.1350342516863932,0.1350342516872168,0.13503425168958427,0.13503425169246444,0.13503425168958427,0.1350342516872168,0.1350342516863932,0.1350342516879973,0.13503425168958427,0.1350342516879973,0.1350342516863932,0.1350342516853938,0.1350342516863932,0.1350342516872168,0.1350342516863932,0.1350342516853938
0.16533248797806477,0.16533248797806457,0.16533248797806457,0.16533248797806457,0.16533248797806477,0.16533248797806457,0.16533248797806457,0.16533248797806457,0.16533248797806457,0.16533248797806457,0.16533248797806457,0.16533248797806457,0.1653324879780643,0.16533248797806457,0.16533248797806457,0.16533248797806457,0.16533248797806457,0.16533248797806457,0.16533248797806457,0.16533248797806457,0.16533248797806477,0.16533248797806457,0.16533248797806457,0.16533248797806457,0.16533248797806477,0.1637574942554309,0.1637574942554307,0.16375749425543046,0.1637574942554307,0.1637574942554309,0.1637574942554307,0.16375749425543046,0.1637574942554302,0.16375749425543046,0.1637574942554307,0.16375749425543046,0.1637574942554302,0.1637574942554302,0.1637574942554302,0.16375749425543046,0.1637574942554307,0.16375749425543046,0.1637574942554302,0.16375749425543046,0.1637574942554307,0.1637574942554309,0.1637574942554307,0.16375749425543046,0.1637574942554307,0.1637574942554309,0.1622138844647639,0.1622138844647632,0.16221388446476276,0.1622138844647632,0.1622138844647639,0.1622138844647632,0.1622138844647625,0.16221388446476206,0.1622138844647625,0.1622138844647632,0.16221388446476276,0.16221388446476206,0.16221388446476137,0.16221388446476206,0.16221388446476276,0.1622138844647632,0.1622138844647625,0.16221388446476206,0.1622138844647625,0.1622138844647632,0.1622138844647639,0.1622138844647632,0.16221388446476276,0.1622138844647632,0.1622138844647639,0.16070106756310526,0.16070106756310304,0.1607010675631017,0.16070106756310304,0.16070106756310526,0.16070106756310304,0.1607010675631006,0.16070106756309904,0.1607010675631006,0.16070106756310304,0.1607010675631017,0.16070106756309904,0.1607010675630975,0.16070106756309904,0.1607010675631017,0.16070106756310304,0.1607010675631006,0.16070106756309904,0.1607010675631006,0.16070106756310304,0.16070106756310526,0.16070106756310304,0.1607010675631017,0.16070106756310304,0.16070106756310526,0.15921845192543563,0.1592184519254291,0.15921845192542494,0.1592184519254291,0.15921845192543563,0.1592184519254291,0.1592184519254217,0.15921845192541667,0.1592184519254217,0.1592184519254291,0.15921845192542494,0.15921845192541667,0.15921845192541126,0.15921845192541667,0.15921845192542494,0.1592184519254291,0.1592184519254217,0.15921845192541667,0.1592184519254217,0.1592184519254291,0.15921845192543563,0.1592184519254291,0.15921845192542494,0.1592184519254291,0.15921845192543563,0.15776544669653036,0.1577654466965116,0.157765446696499,0.1577654466965116,0.15776544669653036,0.1577654466965116,0.1577654466964888,0.15776544669647297,0.1577654466964888,0.1577654466965116,0.157765446696499,0.15776544669647297,0.1577654466964544,0.15776544669647297,0.157765446696499,0.1577654466965116,0.1577654466964888,0.15776544669647297,0.1577654466964888,0.1577654466965116,0.15776544669653036,0.1577654466965116,0.157765446696499,0.1577654466965116,0.15776544669653036,0.15634146300529406,0.15634146300524074,0.1563414630052033,0.15634146300524074,0.15634146300529406,0.15634146300524074,0.15634146300517132,0.15634146300511945,0.15634146300517132,0.15634146300524074,0.1563414630052033,0.15634146300511945,0.15634146300505336,0.15634146300511945,0.1563414630052033,0.15634146300524074,0.15634146300517132,0.15634146300511945,0.15634146300517132,0.15634146300524074,0.15634146300529406,0.15634146300524074,0.1563414630052033,0.15634146300524074,0.15634146300529406,0.15494591505184938,0.1549459150517049,0.1549459150515965,0.1549459150517049,0.15494591505184938,0.1549459150517049,0.15494591505149896,0.15494591505132557,0.15494591505149896,0.1549459150517049,0.1549459150515965,0.15494591505132557,0.15494591505107086,0.15494591505132557,0.1549459150515965,0.1549459150517049,0.15494591505149896,0.15494591505132557,0.15494591505149896,0.1549459150517049,0.15494591505184938,0.1549459150517049,0.1549459150515965,0.1549459150517049,0.15494591505184938,0.15357822107711394,0.15357822107675323,0.15357822107645316,0.15357822107675323,0.15357822107711394,0.15357822107675323,0.15357822107616798,0.1535782210755795,0.15357822107616798,0.15357822107675323,0.15357822107645316,0.1535782210755795,0.15357822107449073,0.1535782210755795,0.15357822107645316,0.15357822107675323,0.15357822107616798,0.1535782210755795,0.15357822107616798,0.15357822107675323,0.15357822107711394,0.15357822107675323,0.15357822107645316,0.15357822107675323,0.15357822107711394,0.15223780422404637,0.15223780422326175,0.15223780422250707,0.15223780422326175,0.15223780422404637,0.15223780422326175,0.15223780422175417,0.15223780421979385,0.15223780422175417,0.15223780422326175,0.15223780422250707,0.15223780421979385,0.15223780421453253,0.15223780421979385,0.15223780422250707,0.15223780422326175,0.15223780422175417,0.15223780421979385,0.15223780422175417,0.15223780422326175,0.15223780422404637,0.15223780422326175,0.15223780422250707,0.15223780422326175,0.15223780422404637,0.1509240932991281,0.150924093297818,0.15092409329631748,0.150924093297818,0.1509240932991281,0.150924093297818,0.15092409329477371,0.15092409328914258,0.15092409329477371,0.150924093297818,0.15092409329631748,0.15092409328914258,0.15092409326036124,0.15092409328914258,0.15092409329631748,0.150924093297818,0.15092409329477371,0.15092409328914258,0.15092409329477371,0.150924093297818,0.1509240932991281,0.150924093297818,0.15092409329631748,0.150924093297818,0.1509240932991281,0.149636523441738,0.14963652344053033,0.14963652343924325,0.14963652344053033,0.149636523441738,0.14963652344053033,0.14963652343793118,0.1496365234337579,0.14963652343793118,0.14963652344053033,0.14963652343924325,0.1496365234337579,0.14963652341649078,0.1496365234337579,0.14963652343924325,0.14963652344053033,0.14963652343793118,0.1496365234337579,0.14963652343793118,0.14963652344053033,0.149636523441738,0.14963652344053033,0.14963652343924325,0.14963652344053033,0.149636523441738,0.14837453670807546,0.14837453670724257,0.14837453670641285,0.14837453670724257,0.14837453670807546,0.14837453670724257,0.14837453670558018,0.1483745367031525,0.14837453670558018,0.14837453670724257,0.14837453670641285,0.1483745367031525,0.1483745366939609,0.1483745367031525,0.14837453670641285,0.14837453670724257,0.14837453670558018,0.1483745367031525,0.14837453670558018,0.14837453670724257,0.14837453670807546,0.14837453670724257,0.14837453670641285,0.14837453670724257,0.14837453670807546,0.14713758258021256,0.14713758257975262,0.1471375825793248,0.14713758257975262,0.14713758258021256,0.14713758257975262,0.1471375825789048,0.14713758257778364,0.1471375825789048,0.14713758257975262,0.1471375825793248,0.14713758257778364,0.14713758257391396,0.14713758257778364,0.1471375825793248,0.14713758257975262,0.1471375825789048,0.14713758257778364,0.1471375825789048,0.14713758257975262,0.14713758258021256,0.14713758257975262,0.1471375825793248,0.14713758257975262,0.14713758258021256,0.1459251184044808,0.14592511840429098,0.14592511840413605,0.14592511840429098,0.1459251184044808,0.14592511840429098,0.14592511840399114,0.1459251184036934,0.14592511840399114,0.14592511840429098,0.14592511840413605,0.1459251184036934,0.14592511840315334,0.1459251184036934,0.14592511840413605,0.14592511840429098,0.14592511840399114,0.1459251184036934,0.14592511840399114,0.14592511840429098,0.1459251184044808,0.14592511840429098,0.14592511840413605,0.14592511840429098,0.1459251184044808,0.14473660976513103,0.14473660976509561,0.14473660976508096,0.14473660976509561,0.14473660976513103,0.14473660976509561,0.1447366097650729,0.1447366097651183,0.1447366097650729,0.14473660976509561,0.14473660976508096,0.1447366097651183,0.1447366097655835,0.1447366097651183,0.14473660976508096,0.14473660976509561,0.1447366097650729,0.1447366097651183,0.1447366097650729,0.14473660976509561,0.14473660976513103,0.14473660976509561,0.14473660976508096,0.14473660976509561,0.14473660976513103,0.14357153079913038,0.14357153079918017,0.14357153079923698,0.14357153079918017,0.14357153079913038,0.14357153079918017,0.1435715307992962,0.14357153079949606,0.1435715307992962,0.14357153079918017,0.14357153079923698,0.14357153079949606,0.1435715308003732,0.14357153079949606,0.14357153079923698,0.14357153079918017,0.1435715307992962,0.14357153079949606,0.1435715307992962,0.14357153079918017,0.14357153079913038,0.14357153079918017,0.14357153079923698,0.14357153079918017,0.14357153079913038,0.14242936445744664,0.1424293644575582,0.14242936445766471,0.1424293644575582,0.14242936445744664,0.1424293644575582,0.1424293644577689,0.14242936445807253,0.1424293644577689,0.1424293644575582,0.14242936445766471,0.14242936445807253,0.1424293644592666,0.14242936445807253,0.14242936445766471,0.1424293644575582,0.1424293644577689,0.14242936445807253,0.1424293644577689,0.1424293644575582,0.14242936445744664,0.1424293644575582,0.14242936445766471,0.1424293644575582,0.14242936445744664,0.14130960271783152,0.1413096027180236,0.141309602718192,0.1413096027180236,0.14130960271783152,0.1413096027180236,0.14130960271835138,0.14130960271877047,0.14130960271835138,0.1413096027180236,0.141309602718192,0.14130960271877047,0.14130960272026313,0.14130960271877047,0.141309602718192,0.1413096027180236,0.14130960271835138,0.14130960271877047,0.14130960271835138,0.1413096027180236,0.14130960271783152,0.1413096027180236,0.141309602718192,0.1413096027180236,0.14130960271783152,0.14021174675364637,0.14021174675400325,0.14021174675429862,0.14021174675400325,0.14021174675364637,0.14021174675400325,0.14021174675457487,0.14021174675520712,0.14021174675457487,0.14021174675400325,0.14021174675429862,0.14021174675520712,0.14021174675710493,0.14021174675520712,0.14021174675429862,0.14021174675400325,0.14021174675457487,0.14021174675520712,0.14021174675457487,0.14021174675400325,0.14021174675364637,0.14021174675400325,0.14021174675429862,0.14021174675400325,0.14021174675364637,0.13913530706285385,0.1391353070635886,0.13913530706421093,0.1391353070635886,0.13913530706285385,0.1391353070635886,0.13913530706480876,0.13913530706606272,0.13913530706480876,0.1391353070635886,0.13913530706421093,0.13913530706606272,0.13913530706848248,0.13913530706606272,0.13913530706421093,0.1391353070635886,0.13913530706480876,0.13913530706606272,0.13913530706480876,0.1391353070635886,0.13913530706285385,0.1391353070635886,0.13913530706421093,0.1391353070635886,0.13913530706285385,0.13807980356095753,0.13807980356244887,0.13807980356391944,0.13807980356244887,0.13807980356095753,0.13807980356244887,0.13807980356540006,0.13807980356935734,0.13807980356540006,0.13807980356244887,0.13807980356391944,0.13807980356935734,0.13807980358029273,0.13807980356935734,0.13807980356391944,0.13807980356244887,0.13807980356540006,0.13807980356935734,0.13807980356540006,0.13807980356244887,0.13807980356095753,0.13807980356244887,0.13807980356391944,0.13807980356244887,0.13807980356095753,0.13704476564149828,0.1370447656438099,0.13704476564658827,0.1370447656438099,0.13704476564149828,0.1370447656438099,0.13704476564946338,0.1370447656607306,0.13704476564946338,0.1370447656438099,0.13704476564658827,0.1370447656607306,0.13704476572293048,0.1370447656607306,0.13704476564658827,0.1370447656438099,0.13704476564946338,0.1370447656607306,0.13704476564946338,0.1370447656438099,0.13704476564149828,0.1370447656438099,0.13704476564658827,0.1370447656438099,0.13704476564149828,0.13602973220844983,0.13602973221004852,0.13602973221160788,0.13602973221004852,0.13602973220844983,0.13602973221004852,0.13602973221316977,0.13602973221732817,0.13602973221316977,0.13602973221004852,0.13602973221160788,0.13602973221732817,0.13602973222883785,0.13602973221732817,0.13602973221160788,0.13602973221004852,0.13602973221316977,0.13602973221732817,0.13602973221316977,0.13602973221004852,0.13602973220844983,0.13602973221004852,0.13602973221160788,0.13602973221004852,0.13602973220844983,0.13503425168518876,0.13503425168618682,0.13503425168700928,0.13503425168618682,0.13503425168518876,0.13503425168618682,0.13503425168778876,0.13503425168937355,0.1350342516877889,0.13503425168618682,0.13503425168700928,0.13503425168937355,0.1350342516922499,0.13503425168937355,0.13503425168700928,0.13503425168618682,0.1350342516877889,0.13503425168937355,0.1350342516877889,0.13503425168618682,0.13503425168518876,0.13503425168618682,0.13503425168700928,0.13503425168618682,0.13503425168518876
0.16533248797821296,0.16533248797821273,0.16533248797821273,0.16533248797821273,0.16533248797821296,0.16533248797821273,0.16533248797821273,0.1653324879782125,0.16533248797821273,0.16533248797821273,0.16533248797821273,0.1653324879782125,0.1653324879782125,0.1653324879782125,0.16533248797821273,0.16533248797821273,0.16533248797821273,0.1653324879782125,0.16533248797821273,0.16533248797821273,0.16533248797821296,0.16533248797821273,0.16533248797821273,0.16533248797821273,0.16533248797821296,0.16375749425557617,0.16375749425557592,0.1637574942555757,0.16375749425557592,0.16375749425557617,0.16375749425557592,0.1637574942555757,0.16375749425557545,0.1637574942555757,0.16375749425557592,0.1637574942555757,0.16375749425557545,0.16375749425557526,0.16375749425557545,0.1637574942555757,0.16375749425557592,0.1637574942555757,0.16375749425557545,0.1637574942555757,0.16375749425557592,0.16375749425557617,0.16375749425557592,0.1637574942555757,0.16375749425557592,0.16375749425557617,0.1622138844649062,0.16221388446490556,0.1622138844649051,0.16221388446490556,0.1622138844649062,0.16221388446490556,0.16221388446490487,0.1622138844649042,0.16221388446490487,0.16221388446490556,0.1622138844649051,0.1622138844649042,0.16221388446490373,0.1622138844649042,0.1622138844649051,0.16221388446490556,0.16221388446490487,0.1622138844649042,0.16221388446490487,0.16221388446490556,0.1622138844649062,0.16221388446490556,0.1622138844649051,0.16221388446490556,0.1622138844649062,0.16070106756324457,0.16070106756324254,0.16070106756324098,0.16070106756324254,0.16070106756324457,0.16070106756324254,0.1607010675632401,0.16070106756323854,0.1607010675632401,0.16070106756324254,0.16070106756324098,0.16070106756323854,0.1607010675632368,0.16070106756323854,0.16070106756324098,0.16070106756324254,0.1607010675632401,0.16070106756323854,0.1607010675632401,0.16070106756324254,0.16070106756324457,0.16070106756324254,0.16070106756324098,0.16070106756324254,0.16070106756324457,0.15921845192557216,0.1592184519255656,0.15921845192556147,0.1592184519255656,0.15921845192557216,0.1592184519255656,0.1592184519255582,0.15921845192555342,0.1592184519255582,0.1592184519255656,0.15921845192556147,0.15921845192555342,0.15921845192554798,0.15921845192555342,0.15921845192556147,0.1592184519255656,0.1592184519255582,0.15921845192555342,0.1592184519255582,0.1592184519255656,0.15921845192557216,0.1592184519255656,0.15921845192556147,0.1592184519255656,0.15921845192557216,0.15776544669666415,0.15776544669664538,0.15776544669663278,0.15776544669664538,0.15776544669666415,0.15776544669664538,0.15776544669662254,0.15776544669660675,0.15776544669662254,0.15776544669664538,0.15776544669663278,0.15776544669660675,0.15776544669658818,0.15776544669660675,0.15776544669663278,0.15776544669664538,0.15776544669662254,0.15776544669660675,0.15776544669662254,0.15776544669664538,0.15776544669666415,0.15776544669664538,0.15776544669663278,0.15776544669664538,0.15776544669666415,0.15634146300542495,0.15634146300537163,0.1563414630053344,0.15634146300537163,0.15634146300542495,0.15634146300537163,0.15634146300530244,0.15634146300525076,0.15634146300530244,0.15634146300537163,0.1563414630053344,0.15634146300525076,0.1563414630051849,0.15634146300525076,0.1563414630053344,0.15634146300537163,0.15634146300530244,0.15634146300525076,0.15634146300530244,0.15634146300537163,0.15634146300542495,0.15634146300537163,0.1563414630053344,0.15634146300537163,0.15634146300542495,0.15494591505197686,0.15494591505183278,0.15494591505172498,0.15494591505183278,0.15494591505197686,0.15494591505183278,0.15494591505162744,0.15494591505145489,0.15494591505162744,0.15494591505183278,0.15494591505172498,0.15494591505145489,0.15494591505120117,0.15494591505145489,0.15494591505172498,0.15494591505183278,0.15494591505162744,0.15494591505145489,0.15494591505162744,0.15494591505183278,0.15494591505197686,0.15494591505183278,0.15494591505172498,0.15494591505183278,0.15494591505197686,0.15357822107723687,0.15357822107687755,0.1535782210765787,0.15357822107687755,0.15357822107723687,0.15357822107687755,0.15357822107629449,0.15357822107570804,0.15357822107629449,0.15357822107687755,0.1535782210765787,0.15357822107570804,0.1535782210746235,0.15357822107570804,0.1535782210765787,0.15357822107687755,0.15357822107629449,0.15357822107570804,0.15357822107629449,0.15357822107687755,0.15357822107723687,0.15357822107687755,0.1535782210765787,0.15357822107687755,0.15357822107723687,0.1522378042241623,0.15223780422338065,0.15223780422262853,0.15223780422338065,0.1522378042241623,0.15223780422338065,0.15223780422187858,0.15223780421992533,0.15223780422187858,0.15223780422338065,0.15223780422262853,0.15223780421992533,0.1522378042146833,0.15223780421992533,0.15223780422262853,0.15223780422338065,0.15223780422187858,0.15223780421992533,0.15223780422187858,0.15223780422338065,0.1522378042241623,0.15223780422338065,0.15223780422262853,0.15223780422338065,0.1522378042241623,0.15092409329923112,0.15092409329792567,0.15092409329643053,0.15092409329792567,0.15092409329923112,0.15092409329792567,0.15092409329489237,0.15092409328928186,0.15092409329489237,0.15092409329792567,0.15092409329643053,0.15092409328928186,0.15092409326057518,0.15092409328928186,0.15092409329643053,0.15092409329792567,0.15092409329489237,0.15092409328928186,0.15092409329489237,0.15092409329792567,0.15092409329923112,0.15092409329792567,0.15092409329643053,0.15092409329792567,0.15092409329923112,0.1496365234418182,0.14963652344061448,0.1496365234393319,0.14963652344061448,0.1496365234418182,0.14963652344061448,0.14963652343802458,0.14963652343386663,0.14963652343802458,0.14963652344061448,0.1496365234393319,0.14963652343386663,0.14963652341668288,0.14963652343386663,0.1496365234393319,0.14963652344061448,0.14963652343802458,0.14963652343386663,0.14963652343802458,0.14963652344061448,0.1496365234418182,0.14963652344061448,0.1496365234393319,0.14963652344061448,0.1496365234418182,0.14837453670812417,0.14837453670729314,0.14837453670646514,0.14837453670729314,0.14837453670812417,0.14837453670729314,0.14837453670563447,0.148374536703212,0.14837453670563447,0.14837453670729314,0.14837453670646514,0.148374536703212,0.14837453669402392,0.148374536703212,0.14837453670646514,0.14837453670729314,0.14837453670563447,0.148374536703212,0.14837453670563447,0.14837453670729314,0.14837453670812417,0.14837453670729314,0.14837453670646514,0.14837453670729314,0.14837453670812417,0.1471375825802251,0.14713758257976514,0.14713758257933715,0.14713758257976514,0.1471375825802251,0.14713758257976514,0.147137582578917,0.14713758257779416,0.147137582578917,0.14713758257976514,0.14713758257933715,0.14713758257779416,0.14713758257394155,0.14713758257779416,0.14713758257933715,0.14713758257976514,0.147137582578917,0.14713758257779416,0.147137582578917,0.14713758257976514,0.1471375825802251,0.14713758257976514,0.14713758257933715,0.14713758257976514,0.1471375825802251,0.14592511840445693,0.1459251184042657,0.14592511840410954,0.1459251184042657,0.14592511840445693,0.1459251184042657,0.14592511840396316,0.14592511840366026,0.14592511840396316,0.1459251184042657,0.14592511840410954,0.14592511840366026,0.14592511840307854,0.14592511840366026,0.14592511840410954,0.1459251184042657,0.14592511840396316,0.14592511840366026,0.14592511840396316,0.1459251184042657,0.14592511840445693,0.1459251184042657,0.14592511840410954,0.1459251184042657,0.14592511840445693,0.14473660976507238,0.14473660976503522,0.14473660976501865,0.14473660976503522,0.14473660976507238,0.14473660976503522,0.1447366097650087,0.14473660976504762,0.1447366097650087,0.14473660976503522,0.14473660976501865,0.14473660976504762,0.1447366097654599,0.14473660976504762,0.14473660976501865,0.14473660976503522,0.1447366097650087,0.14473660976504762,0.1447366097650087,0.14473660976503522,0.14473660976507238,0.14473660976503522,0.14473660976501865,0.14473660976503522,0.14473660976507238,0.14357153079904056,0.1435715307990883,0.14357153079914306,0.1435715307990883,0.14357153079904056,0.1435715307990883,0.1435715307992002,0.14357153079939372,0.1435715307992002,0.1435715307990883,0.14357153079914306,0.14357153079939372,0.14357153080025975,0.14357153079939372,0.14357153079914306,0.1435715307990883,0.1435715307992002,0.14357153079939372,0.1435715307992002,0.1435715307990883,0.14357153079904056,0.1435715307990883,0.14357153079914306,0.1435715307990883,0.14357153079904056,0.14242936445732904,0.14242936445743845,0.14242936445754292,0.14242936445743845,0.14242936445732904,0.14242936445743845,0.1424293644576451,0.14242936445794235,0.1424293644576451,0.14242936445743845,0.14242936445754292,0.14242936445794235,0.14242936445910487,0.14242936445794235,0.14242936445754292,0.14242936445743845,0.1424293644576451,0.14242936445794235,0.1424293644576451,0.14242936445743845,0.14242936445732904,0.14242936445743845,0.14242936445754292,0.14242936445743845,0.14242936445732904,0.14130960271769008,0.1413096027178802,0.14130960271804663,0.1413096027178802,0.14130960271769008,0.1413096027178802,0.14130960271820384,0.14130960271861684,0.14130960271820384,0.1413096027178802,0.14130960271804663,0.14130960271861684,0.14130960272009455,0.14130960271861684,0.14130960271804663,0.1413096027178802,0.14130960271820384,0.14130960271861684,0.14130960271820384,0.1413096027178802,0.14130960271769008,0.1413096027178802,0.14130960271804663,0.1413096027178802,0.14130960271769008,0.14021174675348463,0.14021174675383988,0.14021174675413334,0.14021174675383988,0.14021174675348463,0.14021174675383988,0.1402117467544078,0.14021174675503462,0.1402117467544078,0.14021174675383988,0.14021174675413334,0.14021174675503462,0.1402117467569206,0.14021174675503462,0.14021174675413334,0.14021174675383988,0.1402117467544078,0.14021174675503462,0.1402117467544078,0.14021174675383988,0.14021174675348463,0.14021174675383988,0.14021174675413334,0.14021174675383988,0.14021174675348463,0.13913530706267532,0.13913530706340851,0.1391353070640294,0.13913530706340851,0.13913530706267532,0.13913530706340851,0.13913530706462582,0.13913530706587662,0.13913530706462582,0.13913530706340851,0.1391353070640294,0.13913530706587662,0.13913530706828925,0.13913530706587662,0.1391353070640294,0.13913530706340851,0.13913530706462582,0.13913530706587662,0.13913530706462582,0.13913530706340851,0.13913530706267532,0.13913530706340851,0.1391353070640294,0.13913530706340851,0.13913530706267532,0.13807980356076544,0.1380798035622546,0.13807980356372299,0.1380798035622546,0.13807980356076544,0.1380798035622546,0.13807980356520144,0.13807980356915317,0.13807980356520144,0.1380798035622546,0.13807980356372299,0.13807980356915317,0.1380798035800735,0.13807980356915298,0.13807980356372299,0.1380798035622546,0.13807980356520144,0.13807980356915298,0.13807980356520144,0.1380798035622546,0.13807980356076544,0.1380798035622546,0.13807980356372299,0.1380798035622546,0.13807980356076544,0.13704476564129697,0.13704476564360557,0.13704476564638016,0.13704476564360557,0.13704476564129697,0.13704476564360557,0.13704476564925142,0.1370447656605039,0.13704476564925142,0.13704476564360557,0.13704476564638016,0.1370447656605039,0.13704476572263596,0.1370447656605039,0.13704476564638016,0.13704476564360557,0.13704476564925142,0.1370447656605039,0.13704476564925142,0.13704476564360557,0.13704476564129697,0.13704476564360557,0.13704476564638016,0.13704476564360557,0.13704476564129697,0.13602973220824555,0.13602973220984216,0.13602973221139944,0.13602973220984216,0.13602973220824555,0.13602973220984216,0.13602973221295922,0.13602973221711218,0.13602973221295922,0.13602973220984216,0.13602973221139944,0.13602973221711218,0.13602973222860693,0.13602973221711218,0.13602973221139944,0.13602973220984216,0.13602973221295922,0.13602973221711218,0.13602973221295922,0.13602973220984216,0.13602973220824555,0.13602973220984216,0.13602973221139944,0.13602973220984216,0.13602973220824555,0.13503425168498578,0.13503425168598254,0.13503425168680383,0.13503425168598254,0.13503425168498578,0.13503425168598254,0.1350342516875824,0.135034251689165,0.1350342516875824,0.13503425168598254,0.13503425168680383,0.135034251689165,0.1350342516920377,0.135034251689165,0.13503425168680383,0.13503425168598254,0.1350342516875824,0.135034251689165,0.1350342516875824,0.13503425168598254,0.13503425168498578,0.13503425168598254,0.13503425168680383,0.13503425168598254,0.13503425168498578
